,ABAT,ACLS,ACMR,ADMA,ADUS,ADVM,AEIS,AGNCM,AHCO,ALGT,ALLO,AMSF,ANAB,ANDE,APLS,APPF,ASML,ATRC,AVGO,AVT,AXDX,AXSM,AZN,BANR,BBIO,BCYC,BHFAP,BKR,BLDP,BLFS,BLKB,BLMN,BNTX,BPMC,CALM,CAMT,CASH,CATY,CCEP,CDLX,CDNS,CENN,CENX,CGC,CHDN,CLBK,COKE,COLB,COO,CORT,CRMT,CRNX,CRTO,CRVL,CSCO,CSQ,CSWI,CVBF,CWST,CYCC,CZR,DLTR,DORM,ENTA,EQIX,ERIC,EVRG,EWBC,EXAS,EXLS,EXPI,EYE,FBNC,FBRX,FCNCA,FELE,FIBK,FLEX,FRGT,FRHC,FRME,FWONA,FWONK,GDEN,GIII,GILD,GLNG,GNTX,GOOGL,GRPN,HCSG,HIMX,HOPE,HST,HTLD,HUT,HWC,ICUI,IESC,INTC,INTU,IOVA,IPAR,IPGP,ISRG,JBSS,KALU,KPRX,KRNT,LAUR,LBRDA,LBTYK,LECO,LILAK,LITE,MANH,MDXG,MFIC,MGEE,MIDD,MLAB,MMSI,MNKD,MOMO,MRVL,NICE,NMFC,NUWE,NVCR,NWBI,OFIX,OFLX,OMCL,OPK,ORKA,ORLY,OTTR,PDD,PNTG,POOL,POWL,PPBI,PPC,PRAA,PRPL,PZZA,QTRX,QURE,RDFN,RDHL,REAL,REG,REYN,RGLD,RIOT,RUN,RYTM,SAIA,SBAC,SBRA,SCVL,SHOO,SLAB,SLDB,SMCI,SMTC,SRCE,SSP,SSRM,STBA,STRO,SVC,SYBT,TCBI,TCOM,TENX,TH,TMUS,TNDM,TTD,TTMI,UAL,ULH,ULTA,VCYT,VIRT,VKTX,VOD,VRDN,VREX,VRNT,VSAT,WB,WBD,WDC,WEN,WSFS,XXII,Z,ZBRA
ABAT,0.0,0.323,0.212,-0.113,0.187,-0.008,0.349,0.36,0.062,0.449,0.124,0.195,0.035,0.143,-0.287,0.167,0.058,0.322,0.267,0.242,0.095,0.525,0.25,0.376,0.103,-0.373,0.061,0.385,-0.151,0.072,0.427,0.52,-0.23,-0.639,0.335,0.286,0.248,0.517,-0.135,0.254,-0.022,0.264,0.406,0.199,0.457,-0.094,0.3,0.078,-0.048,0.04,0.477,-0.175,0.155,0.202,0.186,0.277,0.091,0.12,0.42,0.207,0.388,0.464,0.5,-0.333,-0.273,0.279,0.065,0.676,0.392,0.353,0.419,0.313,0.346,0.018,0.487,0.203,0.422,0.615,0.042,0.434,0.211,0.512,0.547,0.506,0.563,0.161,0.245,0.248,0.352,0.44,0.069,0.311,0.552,0.227,0.131,0.098,0.182,-0.188,0.35,0.114,0.238,-0.38,0.168,0.253,-0.05,-0.125,-0.124,-0.43,0.233,0.349,-0.056,0.259,0.287,0.035,0.016,0.561,-0.115,0.578,-0.155,0.328,0.446,0.157,0.153,-0.023,-0.04,0.069,0.407,-0.298,-0.299,0.053,0.349,0.353,-0.044,0.225,-0.566,0.141,0.029,0.067,0.305,0.274,0.303,0.381,0.668,0.412,0.165,0.219,-0.276,0.222,0.274,-0.121,0.526,0.599,0.422,0.209,0.186,0.311,-0.099,0.55,-0.446,0.285,0.469,0.354,0.384,0.177,0.308,0.333,0.257,0.531,0.198,0.031,-0.488,0.276,0.264,0.407,0.439,0.183,0.635,0.042,0.128,0.334,0.314,0.173,0.255,0.102,0.474,-0.215,0.107,0.383,0.337,-0.051,0.148,0.011,0.024,0.373,0.414,0.389,0.618,0.202,0.298,0.539
ACLS,0.323,0.0,0.482,-0.406,0.53,0.725,0.842,0.598,0.282,0.21,0.217,-0.034,0.599,-0.31,-0.406,0.659,0.633,0.422,0.662,-0.031,-0.14,0.324,0.679,0.025,0.643,0.015,0.269,0.52,-0.083,0.53,0.385,0.342,0.102,-0.326,0.577,0.681,-0.221,0.151,-0.273,0.533,0.516,0.177,0.475,-0.015,0.697,-0.251,0.581,-0.273,0.722,0.453,0.751,0.384,0.138,0.15,0.331,0.626,0.139,-0.173,0.78,0.335,0.412,0.245,0.4,0.13,-0.292,0.527,-0.211,0.506,0.672,0.26,0.514,0.022,-0.101,-0.077,0.163,-0.041,0.166,0.715,0.217,0.847,-0.125,0.408,0.372,0.18,0.214,-0.133,0.129,0.767,0.753,0.165,-0.068,-0.105,0.245,-0.191,0.272,0.601,-0.051,-0.388,0.67,0.51,0.724,0.071,0.184,0.806,0.568,0.608,-0.306,-0.562,0.329,0.08,0.155,0.477,0.139,-0.379,0.182,0.806,-0.487,0.523,-0.45,0.683,0.408,0.371,0.219,-0.18,0.199,0.721,0.681,-0.392,-0.3,0.043,0.669,0.548,-0.121,0.275,0.106,0.538,-0.19,0.335,0.073,0.615,0.712,0.168,0.582,0.606,0.621,0.729,0.308,0.096,0.664,-0.211,0.796,0.385,0.51,0.64,0.417,0.616,0.48,0.74,-0.326,0.079,0.387,0.095,0.703,0.487,0.697,0.509,-0.118,0.689,0.182,-0.263,-0.38,0.107,-0.076,0.197,0.378,0.316,0.32,0.473,0.651,0.752,0.504,-0.192,-0.148,0.451,0.53,0.023,0.608,0.484,0.443,0.008,0.661,-0.199,0.157,-0.053,0.409,0.865,0.259,-0.179,0.766,0.749
ACMR,0.212,0.482,0.0,-0.698,0.652,0.613,0.772,0.167,0.688,0.634,0.894,-0.551,0.794,-0.795,-0.647,0.845,0.681,0.92,0.424,-0.616,-0.803,-0.192,0.647,-0.517,0.672,0.397,0.436,0.633,-0.508,0.94,-0.108,0.041,0.546,0.083,0.313,0.904,-0.439,-0.313,-0.735,0.885,0.692,0.101,0.376,-0.036,0.715,-0.672,-0.013,-0.658,0.641,0.815,0.599,0.713,-0.072,0.232,0.827,0.444,-0.099,-0.731,0.834,0.514,0.817,0.042,0.761,0.637,-0.67,0.585,-0.071,0.152,0.88,-0.411,-0.007,-0.109,-0.548,0.51,-0.291,-0.45,-0.491,0.669,-0.666,0.527,-0.628,0.38,0.351,0.233,-0.327,-0.677,-0.159,0.496,0.689,-0.04,-0.652,-0.356,-0.224,-0.316,-0.112,0.811,-0.562,-0.877,0.732,0.39,0.865,0.477,-0.465,0.785,0.64,0.081,-0.621,-0.465,0.46,-0.358,0.11,0.542,-0.223,-0.705,-0.656,0.589,-0.15,0.322,-0.584,0.827,0.412,0.447,-0.424,-0.292,0.246,0.751,0.816,-0.863,-0.407,-0.611,0.08,0.691,-0.749,0.842,-0.033,0.799,-0.68,0.951,0.678,0.662,0.329,-0.368,0.359,0.868,0.822,0.784,-0.225,-0.412,0.912,-0.26,0.504,0.099,0.676,0.774,0.917,0.715,0.084,0.704,-0.521,0.336,0.282,-0.533,0.167,0.661,0.733,0.271,-0.595,0.37,0.801,-0.735,-0.407,-0.432,-0.566,0.063,0.217,0.861,0.226,0.864,0.562,0.485,0.085,-0.509,-0.634,-0.257,0.005,-0.657,0.82,0.879,0.609,-0.75,0.094,-0.606,-0.21,-0.377,-0.038,0.655,-0.236,-0.511,0.771,0.366
ADMA,-0.113,-0.406,-0.698,0.0,-0.241,-0.501,-0.585,-0.13,-0.54,-0.305,-0.513,0.614,-0.598,0.714,0.812,-0.68,-0.393,-0.701,-0.093,0.698,0.638,0.436,-0.438,0.617,-0.333,-0.354,-0.452,-0.392,0.656,-0.727,0.427,0.162,-0.325,-0.13,-0.166,-0.576,0.687,0.48,0.686,-0.527,-0.381,0.178,-0.024,0.522,-0.377,0.589,0.295,0.677,-0.582,-0.345,-0.29,-0.483,0.323,0.149,-0.442,-0.133,0.39,0.769,-0.62,-0.222,-0.345,0.308,-0.319,-0.389,0.598,-0.258,0.331,0.13,-0.674,0.598,0.324,0.364,0.672,-0.02,0.475,0.626,0.587,-0.404,0.421,-0.338,0.723,0.08,0.083,0.121,0.454,0.508,0.263,-0.22,-0.511,0.38,0.662,0.487,0.383,0.587,0.482,-0.79,0.712,0.832,-0.449,-0.046,-0.538,-0.382,0.561,-0.564,-0.451,-0.187,0.631,0.591,-0.086,0.632,0.198,-0.475,0.531,0.755,0.581,-0.423,0.254,0.02,0.643,-0.596,0.05,-0.091,0.586,0.362,0.198,-0.523,-0.44,0.656,0.5,0.508,-0.127,-0.418,0.742,-0.351,-0.109,-0.378,0.69,-0.699,-0.238,-0.202,-0.026,0.503,-0.251,-0.726,-0.606,-0.73,0.291,0.703,-0.642,0.415,-0.396,0.164,-0.359,-0.597,-0.737,-0.357,0.167,-0.355,0.468,0.12,0.053,0.565,0.077,-0.223,-0.554,0.064,0.701,-0.191,-0.407,0.732,0.374,0.51,0.697,0.365,0.145,-0.494,0.021,-0.733,-0.513,-0.344,0.175,0.579,0.667,0.248,0.121,0.534,-0.45,-0.47,-0.327,0.578,0.064,0.663,0.337,0.644,0.248,-0.498,0.425,0.755,-0.602,-0.069
ADUS,0.187,0.53,0.652,-0.241,0.0,0.691,0.751,0.458,0.442,0.501,0.678,-0.063,0.623,-0.529,-0.334,0.783,0.716,0.641,0.622,-0.18,-0.577,0.018,0.617,-0.088,0.741,0.014,0.059,0.584,-0.099,0.685,0.472,0.175,0.554,-0.203,0.344,0.757,-0.017,0.038,-0.428,0.759,0.715,0.099,0.71,0.304,0.778,-0.402,0.407,-0.355,0.495,0.767,0.736,0.501,0.199,0.547,0.543,0.733,0.304,-0.287,0.73,0.487,0.711,0.304,0.59,0.421,-0.434,0.689,0.057,0.46,0.577,0.104,0.473,-0.063,-0.137,0.539,0.144,-0.061,-0.029,0.673,-0.269,0.732,-0.201,0.702,0.668,0.389,0.024,-0.564,0.145,0.682,0.717,0.21,-0.136,-0.157,0.157,0.101,0.251,0.58,-0.068,-0.463,0.857,0.622,0.8,0.145,-0.052,0.779,0.681,0.275,-0.283,-0.273,0.71,0.164,0.455,0.481,0.192,-0.379,-0.18,0.631,-0.158,0.508,-0.32,0.728,0.554,0.592,0.061,-0.167,0.49,0.749,0.742,-0.544,-0.274,-0.26,0.384,0.704,-0.198,0.641,-0.004,0.761,-0.295,0.584,0.656,0.769,0.686,0.069,0.256,0.554,0.546,0.551,0.051,0.035,0.754,-0.303,0.515,0.449,0.645,0.7,0.599,0.758,0.344,0.785,-0.372,0.568,0.533,-0.118,0.552,0.778,0.625,0.556,-0.155,0.497,0.692,-0.35,-0.088,0.053,-0.106,0.418,0.533,0.747,0.444,0.603,0.558,0.605,0.471,-0.169,-0.241,0.164,0.358,-0.343,0.688,0.688,0.265,-0.384,0.458,-0.201,0.017,-0.053,0.21,0.542,0.179,-0.257,0.667,0.646
ADVM,-0.008,0.725,0.613,-0.501,0.691,0.0,0.827,0.464,0.28,0.037,0.52,-0.398,0.859,-0.735,-0.564,0.81,0.558,0.592,0.397,-0.443,-0.562,-0.081,0.802,-0.423,0.671,0.143,0.288,0.366,-0.316,0.777,0.16,-0.22,0.376,-0.126,0.505,0.681,-0.531,-0.337,-0.626,0.615,0.555,0.044,0.533,-0.211,0.554,-0.641,0.209,-0.707,0.758,0.667,0.745,0.649,-0.167,-0.023,0.311,0.455,-0.114,-0.575,0.7,0.464,0.382,-0.16,0.287,0.484,-0.399,0.427,-0.456,0.193,0.674,-0.098,0.148,-0.414,-0.532,0.056,-0.192,-0.468,-0.253,0.517,-0.119,0.754,-0.549,0.356,0.321,-0.166,-0.267,-0.575,-0.287,0.626,0.802,-0.258,-0.287,-0.612,-0.199,-0.474,-0.07,0.768,-0.379,-0.62,0.797,0.331,0.816,0.171,-0.214,0.905,0.654,0.627,-0.65,-0.604,0.308,-0.155,0.236,0.753,-0.27,-0.721,-0.219,0.718,-0.626,0.175,-0.717,0.635,0.149,0.301,-0.124,-0.567,0.063,0.772,0.608,-0.594,-0.559,-0.394,0.415,0.707,-0.349,0.491,0.309,0.697,-0.565,0.568,0.195,0.655,0.488,-0.257,0.09,0.576,0.603,0.855,0.366,-0.221,0.741,-0.538,0.67,0.06,0.678,0.744,0.604,0.522,0.283,0.651,-0.48,0.006,0.159,-0.366,0.319,0.72,0.59,0.172,-0.525,0.399,0.434,-0.662,-0.313,-0.273,-0.464,-0.024,0.066,0.519,0.001,0.664,0.895,0.823,0.208,-0.619,-0.612,0.151,0.399,-0.077,0.765,0.476,0.155,-0.314,0.487,-0.579,-0.209,-0.507,-0.137,0.674,-0.127,-0.563,0.754,0.526
AEIS,0.349,0.842,0.772,-0.585,0.751,0.827,0.0,0.627,0.44,0.455,0.629,-0.231,0.807,-0.604,-0.672,0.898,0.741,0.782,0.655,-0.283,-0.536,0.082,0.795,-0.167,0.756,0.04,0.292,0.68,-0.351,0.805,0.321,0.239,0.358,-0.294,0.486,0.891,-0.307,0.008,-0.576,0.802,0.694,0.14,0.66,-0.022,0.84,-0.552,0.382,-0.532,0.702,0.695,0.876,0.529,0.033,0.294,0.555,0.698,0.092,-0.447,0.908,0.518,0.674,0.172,0.59,0.323,-0.606,0.684,-0.248,0.517,0.829,0.054,0.391,-0.15,-0.276,0.257,0.078,-0.233,-0.058,0.855,-0.172,0.901,-0.36,0.599,0.57,0.265,0.013,-0.451,0.031,0.767,0.928,0.038,-0.276,-0.26,0.148,-0.208,0.089,0.81,-0.25,-0.699,0.91,0.574,0.907,0.154,-0.083,0.933,0.716,0.425,-0.519,-0.659,0.574,-0.034,0.217,0.701,-0.006,-0.591,-0.213,0.897,-0.423,0.546,-0.622,0.875,0.457,0.519,-0.059,-0.331,0.231,0.828,0.862,-0.695,-0.541,-0.302,0.55,0.827,-0.38,0.603,0.052,0.756,-0.459,0.646,0.482,0.73,0.669,-0.026,0.507,0.815,0.742,0.857,0.087,-0.146,0.909,-0.433,0.815,0.425,0.764,0.849,0.738,0.805,0.277,0.912,-0.622,0.312,0.505,-0.137,0.564,0.686,0.834,0.497,-0.316,0.695,0.583,-0.545,-0.384,-0.045,-0.262,0.269,0.426,0.7,0.446,0.73,0.783,0.837,0.448,-0.352,-0.404,0.221,0.474,-0.351,0.761,0.727,0.402,-0.357,0.52,-0.42,-0.099,-0.237,0.222,0.832,0.171,-0.419,0.91,0.747
AGNCM,0.36,0.598,0.167,-0.13,0.458,0.464,0.627,0.0,-0.116,0.14,0.071,0.37,0.335,-0.017,-0.326,0.477,0.341,0.255,0.563,0.326,-0.004,0.301,0.411,0.425,0.481,-0.462,-0.105,0.494,-0.058,0.195,0.66,0.457,0.053,-0.579,0.319,0.378,0.173,0.491,-0.018,0.336,0.265,0.062,0.734,0.14,0.554,-0.035,0.556,-0.029,0.321,0.115,0.711,-0.112,0.198,0.411,-0.019,0.715,0.387,0.171,0.461,0.235,0.24,0.356,0.152,-0.283,-0.289,0.654,-0.238,0.722,0.247,0.576,0.65,0.005,0.281,-0.013,0.585,0.21,0.498,0.683,0.336,0.766,0.235,0.639,0.624,0.312,0.468,0.021,0.376,0.685,0.685,0.156,0.421,0.109,0.603,0.214,0.337,0.312,0.337,-0.105,0.671,0.444,0.441,-0.264,0.429,0.5,0.447,0.497,-0.021,-0.396,0.447,0.391,0.372,0.492,0.365,-0.031,0.316,0.772,-0.388,0.561,-0.281,0.499,0.251,0.451,0.393,-0.019,0.078,0.488,0.474,-0.043,-0.418,0.252,0.773,0.557,0.308,0.048,0.034,0.295,0.106,-0.034,0.182,0.407,0.662,0.477,0.463,0.332,0.275,0.355,0.259,0.272,0.406,-0.408,0.669,0.732,0.535,0.498,0.095,0.521,0.321,0.634,-0.396,0.306,0.68,0.476,0.616,0.257,0.549,0.528,0.276,0.808,0.143,0.022,-0.012,0.537,0.311,0.485,0.583,0.245,0.604,0.232,0.556,0.704,0.669,0.172,0.146,0.703,0.788,0.087,0.159,0.19,-0.069,0.323,0.661,0.109,0.165,0.104,0.373,0.468,0.621,-0.065,0.57,0.743
AHCO,0.062,0.282,0.688,-0.54,0.442,0.28,0.44,-0.116,0.0,0.625,0.595,-0.361,0.438,-0.499,-0.341,0.574,0.574,0.633,0.337,-0.459,-0.527,-0.197,0.299,-0.377,0.484,0.474,0.372,0.521,-0.277,0.634,-0.195,0.122,0.473,0.226,0.208,0.648,-0.246,-0.217,-0.399,0.633,0.528,0.044,0.098,0.07,0.532,-0.26,0.019,-0.309,0.453,0.588,0.261,0.531,0.125,0.29,0.721,0.266,-0.006,-0.474,0.591,0.267,0.639,0.106,0.634,0.57,-0.388,0.391,0.216,0.014,0.557,-0.391,-0.034,0.107,-0.347,0.492,-0.299,-0.228,-0.409,0.431,-0.534,0.245,-0.393,0.126,0.087,0.292,-0.255,-0.53,0.025,0.356,0.291,0.15,-0.544,-0.13,-0.186,-0.126,0.028,0.583,-0.393,-0.583,0.403,0.262,0.525,0.545,-0.347,0.441,0.476,0.013,-0.251,-0.072,0.346,-0.34,0.11,0.161,-0.08,-0.406,-0.461,0.218,0.128,0.25,-0.192,0.615,0.42,0.39,-0.357,-0.001,0.341,0.548,0.527,-0.579,-0.015,-0.318,0.019,0.276,-0.59,0.499,-0.106,0.547,-0.371,0.743,0.533,0.472,0.242,-0.22,0.28,0.68,0.639,0.473,-0.307,-0.287,0.639,0.089,0.235,0.005,0.255,0.519,0.676,0.535,0.136,0.4,-0.135,0.314,0.189,-0.411,0.149,0.395,0.578,0.269,-0.364,0.157,0.574,-0.398,-0.177,-0.325,-0.389,0.06,0.174,0.605,0.165,0.662,0.153,0.074,0.053,-0.246,-0.31,-0.245,-0.224,-0.56,0.516,0.675,0.587,-0.611,0.019,-0.285,-0.026,-0.181,0.105,0.47,-0.292,-0.297,0.498,0.178
ALGT,0.449,0.21,0.634,-0.305,0.501,0.037,0.455,0.14,0.625,0.0,0.613,0.047,0.283,-0.197,-0.223,0.451,0.615,0.644,0.56,-0.088,-0.396,0.023,0.226,0.083,0.461,0.192,0.088,0.749,-0.104,0.481,0.187,0.568,0.45,-0.06,0.085,0.678,0.217,0.278,-0.235,0.703,0.574,0.077,0.375,0.393,0.724,-0.08,0.215,0.003,0.182,0.53,0.387,0.257,0.34,0.68,0.789,0.541,0.374,-0.138,0.581,0.412,0.835,0.503,0.786,0.263,-0.424,0.645,0.498,0.422,0.509,-0.053,0.355,0.377,0.115,0.718,0.187,0.198,-0.018,0.651,-0.471,0.355,-0.004,0.504,0.497,0.747,0.158,-0.273,0.473,0.399,0.377,0.519,-0.303,0.318,0.296,0.321,0.246,0.344,-0.04,-0.458,0.472,0.558,0.496,0.302,-0.055,0.367,0.417,-0.203,0.027,-0.022,0.664,0.056,0.169,0.009,0.331,-0.074,-0.315,0.337,0.304,0.546,0.053,0.665,0.632,0.567,-0.079,0.262,0.553,0.451,0.619,-0.518,0.026,-0.138,0.079,0.409,-0.381,0.613,-0.343,0.51,-0.067,0.591,0.817,0.441,0.371,0.16,0.584,0.646,0.491,0.238,-0.484,-0.034,0.6,0.121,0.236,0.513,0.343,0.417,0.577,0.728,0.186,0.58,-0.256,0.727,0.594,-0.034,0.386,0.387,0.619,0.609,0.039,0.438,0.654,-0.115,-0.067,0.105,0.025,0.45,0.619,0.721,0.674,0.484,-0.044,0.088,0.345,0.232,0.021,-0.069,0.001,-0.762,0.428,0.803,0.577,-0.508,0.036,0.045,0.097,0.236,0.449,0.343,0.216,-0.008,0.445,0.396
ALLO,0.124,0.217,0.894,-0.513,0.678,0.52,0.629,0.071,0.595,0.613,0.0,-0.495,0.693,-0.79,-0.555,0.755,0.617,0.867,0.314,-0.592,-0.871,-0.282,0.493,-0.499,0.601,0.337,0.303,0.556,-0.457,0.856,-0.041,-0.08,0.591,0.081,0.242,0.799,-0.293,-0.336,-0.71,0.844,0.66,0.032,0.43,0.111,0.644,-0.686,-0.096,-0.613,0.419,0.84,0.519,0.624,-0.027,0.316,0.799,0.374,-0.051,-0.687,0.666,0.521,0.823,0.052,0.719,0.668,-0.66,0.486,0.019,0.12,0.722,-0.416,-0.069,-0.184,-0.49,0.686,-0.232,-0.406,-0.506,0.542,-0.753,0.404,-0.587,0.476,0.463,0.273,-0.368,-0.794,-0.203,0.372,0.569,-0.028,-0.59,-0.416,-0.24,-0.158,-0.148,0.728,-0.483,-0.779,0.704,0.367,0.761,0.415,-0.491,0.65,0.58,-0.121,-0.57,-0.315,0.584,-0.233,0.231,0.517,-0.193,-0.612,-0.751,0.442,-0.039,0.274,-0.452,0.721,0.442,0.445,-0.453,-0.325,0.322,0.617,0.739,-0.853,-0.375,-0.67,-0.044,0.697,-0.676,0.883,-0.092,0.791,-0.654,0.891,0.838,0.635,0.261,-0.36,0.114,0.709,0.644,0.613,-0.275,-0.401,0.825,-0.288,0.316,0.087,0.647,0.717,0.909,0.68,-0.034,0.621,-0.536,0.487,0.285,-0.577,0.044,0.704,0.577,0.21,-0.536,0.199,0.934,-0.677,-0.247,-0.384,-0.498,0.18,0.215,0.933,0.22,0.795,0.464,0.355,0.061,-0.476,-0.604,-0.36,-0.087,-0.694,0.748,0.801,0.377,-0.827,0.022,-0.546,-0.354,-0.301,-0.144,0.445,-0.226,-0.47,0.635,0.277
AMSF,0.195,-0.034,-0.551,0.614,-0.063,-0.398,-0.231,0.37,-0.361,0.047,-0.495,0.0,-0.505,0.759,0.575,-0.394,-0.052,-0.517,0.341,0.882,0.63,0.469,-0.434,0.921,-0.048,-0.423,-0.519,0.139,0.62,-0.605,0.695,0.631,-0.213,-0.386,0.02,-0.294,0.839,0.854,0.762,-0.275,-0.177,-0.012,0.259,0.614,0.088,0.802,0.614,0.828,-0.305,-0.352,0.014,-0.618,0.661,0.544,-0.29,0.366,0.769,0.89,-0.246,-0.158,-0.119,0.675,-0.084,-0.554,0.4,0.198,0.492,0.55,-0.511,0.806,0.713,0.534,0.901,-0.003,0.841,0.885,0.863,0.076,0.611,0.069,0.919,0.342,0.35,0.498,0.815,0.526,0.737,0.198,-0.172,0.672,0.833,0.677,0.814,0.801,0.717,-0.525,0.902,0.703,-0.11,0.301,-0.333,-0.328,0.86,-0.33,-0.094,0.096,0.79,0.426,0.22,0.778,0.433,-0.394,0.838,0.808,0.758,-0.03,0.181,0.389,0.684,-0.156,0.271,0.215,0.78,0.61,0.321,-0.162,-0.154,0.623,0.412,0.834,0.383,-0.206,0.819,-0.431,-0.209,-0.268,0.877,-0.649,-0.058,-0.049,0.354,0.889,0.255,-0.376,-0.348,-0.543,0.151,0.751,-0.37,0.304,-0.075,0.667,-0.254,-0.278,-0.596,0.06,0.403,-0.036,0.407,0.427,0.543,0.851,0.5,-0.251,-0.077,0.508,0.922,0.34,-0.337,0.867,0.458,0.924,0.899,0.618,0.593,-0.311,0.506,-0.464,-0.411,-0.178,0.617,0.872,0.874,0.711,0.396,0.372,-0.44,-0.282,-0.219,0.721,0.421,0.873,0.541,0.789,0.646,-0.186,0.77,0.655,-0.22,0.346
ANAB,0.035,0.599,0.794,-0.598,0.623,0.859,0.807,0.335,0.438,0.283,0.693,-0.505,0.0,-0.787,-0.61,0.825,0.582,0.789,0.403,-0.561,-0.661,-0.152,0.799,-0.508,0.673,0.333,0.369,0.532,-0.464,0.901,-0.048,-0.152,0.496,0.024,0.46,0.803,-0.575,-0.365,-0.732,0.74,0.587,0.074,0.492,-0.213,0.604,-0.662,0.081,-0.752,0.76,0.77,0.736,0.767,-0.214,0.033,0.558,0.427,-0.147,-0.701,0.759,0.532,0.564,-0.145,0.494,0.642,-0.494,0.5,-0.345,0.17,0.795,-0.27,0.058,-0.29,-0.582,0.265,-0.276,-0.506,-0.378,0.583,-0.428,0.653,-0.625,0.313,0.28,-0.053,-0.351,-0.607,-0.277,0.583,0.788,-0.226,-0.464,-0.559,-0.256,-0.519,-0.071,0.762,-0.499,-0.801,0.774,0.305,0.877,0.354,-0.317,0.876,0.649,0.503,-0.696,-0.582,0.326,-0.315,0.184,0.744,-0.33,-0.765,-0.449,0.687,-0.51,0.173,-0.708,0.717,0.161,0.373,-0.294,-0.528,0.071,0.773,0.675,-0.725,-0.556,-0.528,0.22,0.794,-0.592,0.71,0.197,0.751,-0.639,0.776,0.38,0.679,0.322,-0.357,0.231,0.749,0.792,0.886,0.227,-0.335,0.839,-0.412,0.624,0.025,0.739,0.752,0.737,0.585,0.252,0.661,-0.502,0.106,0.232,-0.483,0.182,0.778,0.709,0.161,-0.594,0.43,0.551,-0.763,-0.388,-0.413,-0.559,-0.023,0.05,0.679,0.071,0.795,0.816,0.698,0.113,-0.629,-0.698,-0.027,0.259,-0.339,0.891,0.672,0.398,-0.504,0.31,-0.656,-0.254,-0.55,-0.169,0.65,-0.225,-0.581,0.804,0.44
ANDE,0.143,-0.31,-0.795,0.714,-0.529,-0.735,-0.604,-0.017,-0.499,-0.197,-0.79,0.759,-0.787,0.0,0.693,-0.777,-0.473,-0.769,-0.067,0.838,0.906,0.49,-0.61,0.825,-0.495,-0.412,-0.388,-0.245,0.592,-0.896,0.322,0.479,-0.552,-0.23,-0.195,-0.657,0.724,0.724,0.851,-0.674,-0.553,0.079,-0.18,0.342,-0.383,0.833,0.316,0.886,-0.592,-0.697,-0.374,-0.751,0.369,0.122,-0.508,-0.135,0.411,0.926,-0.583,-0.417,-0.479,0.387,-0.369,-0.738,0.59,-0.26,0.366,0.241,-0.69,0.65,0.354,0.557,0.861,-0.313,0.613,0.777,0.76,-0.293,0.609,-0.364,0.892,-0.104,-0.089,0.231,0.7,0.828,0.539,-0.229,-0.552,0.461,0.719,0.78,0.613,0.606,0.442,-0.82,0.789,0.841,-0.588,-0.131,-0.707,-0.409,0.688,-0.687,-0.547,-0.161,0.796,0.477,-0.25,0.577,-0.02,-0.633,0.593,0.898,0.753,-0.382,0.27,0.092,0.732,-0.55,-0.057,-0.16,0.608,0.573,-0.002,-0.604,-0.519,0.791,0.522,0.782,0.068,-0.584,0.753,-0.668,-0.219,-0.643,0.882,-0.845,-0.396,-0.452,-0.096,0.689,0.149,-0.59,-0.61,-0.754,0.077,0.63,-0.729,0.493,-0.296,0.311,-0.549,-0.657,-0.829,-0.398,0.099,-0.407,0.519,0.014,0.137,0.812,0.168,-0.612,-0.426,0.134,0.869,0.004,-0.677,0.902,0.312,0.679,0.825,0.302,0.205,-0.699,0.215,-0.775,-0.676,-0.441,0.218,0.809,0.883,0.411,0.152,0.472,-0.714,-0.57,-0.212,0.781,0.041,0.824,0.453,0.741,0.485,-0.429,0.571,0.781,-0.579,-0.07
APLS,-0.287,-0.406,-0.647,0.812,-0.334,-0.564,-0.672,-0.326,-0.341,-0.223,-0.555,0.575,-0.61,0.693,0.0,-0.683,-0.265,-0.774,-0.006,0.591,0.677,0.267,-0.62,0.503,-0.254,0.037,-0.333,-0.313,0.831,-0.696,0.186,0.199,-0.075,0.224,-0.118,-0.549,0.652,0.374,0.828,-0.559,-0.263,0.002,-0.307,0.501,-0.375,0.784,0.282,0.795,-0.326,-0.33,-0.455,-0.313,0.476,0.167,-0.264,-0.138,0.468,0.73,-0.586,-0.371,-0.364,0.317,-0.293,-0.161,0.817,-0.234,0.594,-0.082,-0.639,0.391,0.206,0.584,0.596,-0.057,0.31,0.68,0.449,-0.483,0.371,-0.481,0.696,-0.199,-0.211,0.102,0.373,0.501,0.362,-0.186,-0.661,0.421,0.578,0.52,0.261,0.546,0.501,-0.715,0.661,0.835,-0.587,0.028,-0.525,0.029,0.572,-0.598,-0.284,-0.098,0.805,0.823,-0.22,0.465,0.221,-0.763,0.548,0.808,0.577,-0.602,0.38,-0.074,0.842,-0.502,0.041,-0.056,0.594,0.622,0.352,-0.401,-0.5,0.704,0.826,0.672,-0.135,-0.625,0.654,-0.435,0.042,-0.339,0.789,-0.57,-0.298,-0.256,-0.061,0.475,-0.18,-0.661,-0.504,-0.73,0.206,0.6,-0.639,0.659,-0.534,0.004,-0.613,-0.614,-0.704,-0.321,0.39,-0.548,0.835,0.114,-0.035,0.478,0.079,-0.351,-0.497,0.123,0.644,-0.271,-0.497,0.809,0.486,0.44,0.623,0.18,0.102,-0.543,-0.117,-0.556,-0.666,-0.579,0.137,0.635,0.668,0.28,-0.096,0.524,-0.429,-0.481,-0.188,0.558,0.088,0.761,0.586,0.614,0.352,-0.444,0.198,0.739,-0.593,-0.239
APPF,0.167,0.659,0.845,-0.68,0.783,0.81,0.898,0.477,0.574,0.451,0.755,-0.394,0.825,-0.777,-0.683,0.0,0.736,0.823,0.549,-0.467,-0.725,-0.126,0.716,-0.369,0.812,0.175,0.31,0.628,-0.43,0.887,0.123,0.07,0.519,-0.055,0.396,0.887,-0.389,-0.209,-0.639,0.828,0.746,0.067,0.538,-0.049,0.767,-0.626,0.174,-0.627,0.746,0.743,0.744,0.62,-0.008,0.294,0.629,0.615,0.01,-0.61,0.868,0.466,0.695,0.044,0.578,0.524,-0.621,0.666,-0.227,0.296,0.801,-0.191,0.163,-0.224,-0.457,0.369,-0.131,-0.382,-0.313,0.744,-0.375,0.762,-0.521,0.477,0.442,0.204,-0.213,-0.66,-0.1,0.696,0.846,-0.104,-0.388,-0.407,-0.068,-0.262,-0.021,0.894,-0.413,-0.762,0.882,0.493,0.912,0.356,-0.267,0.876,0.809,0.32,-0.565,-0.53,0.551,-0.241,0.271,0.669,-0.133,-0.682,-0.413,0.747,-0.303,0.438,-0.632,0.864,0.421,0.549,-0.236,-0.319,0.254,0.858,0.834,-0.721,-0.496,-0.422,0.443,0.74,-0.492,0.623,0.095,0.797,-0.589,0.78,0.56,0.727,0.573,-0.202,0.33,0.804,0.775,0.857,0.022,-0.289,0.934,-0.414,0.659,0.231,0.702,0.893,0.827,0.768,0.225,0.789,-0.54,0.3,0.405,-0.347,0.376,0.668,0.787,0.376,-0.473,0.542,0.702,-0.651,-0.254,-0.219,-0.436,0.159,0.319,0.807,0.304,0.873,0.773,0.684,0.307,-0.469,-0.557,0.064,0.26,-0.443,0.751,0.718,0.354,-0.52,0.401,-0.508,-0.111,-0.409,0.025,0.756,-0.084,-0.542,0.884,0.541
ASML,0.058,0.633,0.681,-0.393,0.716,0.558,0.741,0.341,0.574,0.615,0.617,-0.052,0.582,-0.473,-0.265,0.736,0.0,0.566,0.815,-0.166,-0.474,-0.024,0.473,-0.106,0.826,0.373,0.159,0.749,0.022,0.675,0.257,0.349,0.572,0.095,0.371,0.835,-0.042,0.037,-0.24,0.806,0.92,0.081,0.449,0.322,0.845,-0.194,0.409,-0.187,0.677,0.763,0.582,0.482,0.367,0.59,0.76,0.765,0.438,-0.264,0.767,0.509,0.771,0.389,0.616,0.528,-0.348,0.703,0.29,0.323,0.648,-0.029,0.406,0.128,-0.143,0.537,0.064,0.062,-0.113,0.665,-0.263,0.66,-0.172,0.472,0.429,0.491,-0.02,-0.479,0.298,0.744,0.609,0.319,-0.273,-0.054,0.111,0.099,0.344,0.696,-0.077,-0.442,0.671,0.825,0.787,0.54,0.071,0.722,0.867,0.283,-0.096,-0.131,0.763,-0.011,0.432,0.213,0.274,-0.289,-0.098,0.504,0.015,0.565,-0.113,0.842,0.645,0.714,0.081,0.136,0.726,0.865,0.806,-0.515,0.013,-0.066,0.406,0.496,-0.283,0.518,0.163,0.739,-0.183,0.63,0.554,0.683,0.643,0.089,0.398,0.654,0.682,0.556,-0.003,-0.023,0.803,0.065,0.455,0.343,0.356,0.745,0.689,0.89,0.569,0.672,-0.155,0.537,0.514,-0.139,0.618,0.559,0.763,0.706,-0.152,0.469,0.597,-0.238,0.027,0.1,-0.115,0.396,0.564,0.722,0.374,0.737,0.358,0.393,0.571,-0.057,-0.201,0.223,0.095,-0.381,0.708,0.698,0.469,-0.37,0.547,-0.036,0.177,0.009,0.444,0.628,0.022,-0.193,0.751,0.569
ATRC,0.322,0.422,0.92,-0.701,0.641,0.592,0.782,0.255,0.633,0.644,0.867,-0.517,0.789,-0.769,-0.774,0.823,0.566,0.0,0.344,-0.579,-0.81,-0.215,0.707,-0.469,0.547,0.203,0.353,0.614,-0.663,0.91,-0.061,0.026,0.458,-0.093,0.213,0.856,-0.455,-0.267,-0.82,0.861,0.586,0.069,0.481,-0.13,0.69,-0.726,-0.066,-0.713,0.471,0.723,0.632,0.609,-0.205,0.215,0.714,0.417,-0.181,-0.731,0.804,0.562,0.784,-0.015,0.704,0.495,-0.743,0.566,-0.188,0.232,0.835,-0.376,0.006,-0.221,-0.512,0.504,-0.235,-0.501,-0.435,0.7,-0.648,0.569,-0.626,0.431,0.425,0.247,-0.313,-0.649,-0.159,0.422,0.739,-0.096,-0.618,-0.365,-0.159,-0.336,-0.21,0.758,-0.567,-0.926,0.762,0.305,0.803,0.265,-0.505,0.757,0.517,0.051,-0.683,-0.598,0.507,-0.35,0.015,0.66,-0.286,-0.745,-0.687,0.646,-0.179,0.306,-0.668,0.766,0.319,0.375,-0.49,-0.432,0.088,0.64,0.76,-0.865,-0.611,-0.682,0.074,0.794,-0.751,0.834,-0.141,0.694,-0.714,0.881,0.697,0.593,0.267,-0.362,0.361,0.872,0.762,0.767,-0.269,-0.455,0.887,-0.421,0.544,0.177,0.751,0.719,0.895,0.658,-0.084,0.744,-0.704,0.319,0.314,-0.494,0.111,0.672,0.734,0.211,-0.566,0.408,0.79,-0.777,-0.461,-0.405,-0.548,0.078,0.181,0.87,0.32,0.774,0.608,0.544,0.067,-0.508,-0.629,-0.288,0.09,-0.744,0.754,0.856,0.505,-0.756,0.019,-0.655,-0.389,-0.437,-0.124,0.575,-0.145,-0.577,0.752,0.4
AVGO,0.267,0.662,0.424,-0.093,0.622,0.397,0.655,0.563,0.337,0.56,0.314,0.341,0.403,-0.067,-0.006,0.549,0.815,0.344,0.0,0.308,-0.06,0.347,0.369,0.352,0.804,0.074,-0.03,0.76,0.269,0.379,0.563,0.659,0.38,-0.142,0.415,0.685,0.305,0.495,0.111,0.591,0.749,0.213,0.592,0.528,0.836,0.112,0.733,0.168,0.573,0.55,0.678,0.206,0.576,0.724,0.584,0.888,0.686,0.166,0.685,0.392,0.663,0.682,0.563,0.207,-0.085,0.786,0.384,0.656,0.473,0.418,0.75,0.454,0.294,0.404,0.478,0.429,0.378,0.776,0.068,0.735,0.276,0.616,0.573,0.669,0.436,-0.127,0.578,0.878,0.585,0.574,0.179,0.28,0.551,0.391,0.666,0.413,0.364,-0.132,0.626,0.863,0.669,0.322,0.501,0.607,0.75,0.368,0.202,-0.031,0.7,0.328,0.558,0.123,0.642,0.058,0.29,0.593,0.006,0.808,0.085,0.75,0.714,0.787,0.495,0.364,0.733,0.737,0.743,-0.191,0.085,0.326,0.649,0.414,0.097,0.308,0.054,0.615,0.201,0.314,0.437,0.7,0.801,0.535,0.64,0.532,0.555,0.382,0.191,0.413,0.639,0.203,0.58,0.686,0.339,0.56,0.353,0.847,0.737,0.688,-0.007,0.628,0.791,0.348,0.854,0.418,0.745,0.918,0.297,0.743,0.318,0.127,0.067,0.496,0.321,0.673,0.798,0.49,0.622,0.504,0.274,0.428,0.871,0.299,0.194,0.577,0.439,-0.102,0.51,0.544,0.443,0.061,0.771,0.302,0.498,0.325,0.737,0.64,0.446,0.205,0.691,0.781
AVT,0.242,-0.031,-0.616,0.698,-0.18,-0.443,-0.283,0.326,-0.459,-0.088,-0.592,0.882,-0.561,0.838,0.591,-0.467,-0.166,-0.579,0.308,0.0,0.768,0.615,-0.372,0.919,-0.107,-0.508,-0.495,0.007,0.595,-0.684,0.641,0.611,-0.402,-0.407,-0.005,-0.371,0.799,0.865,0.818,-0.376,-0.248,0.168,0.189,0.579,-0.023,0.74,0.597,0.82,-0.372,-0.425,-0.015,-0.695,0.553,0.403,-0.365,0.248,0.634,0.921,-0.299,-0.141,-0.179,0.649,-0.16,-0.634,0.483,0.096,0.358,0.521,-0.509,0.842,0.661,0.561,0.899,-0.121,0.821,0.834,0.887,0.04,0.658,0.028,0.933,0.265,0.274,0.45,0.824,0.625,0.642,0.152,-0.226,0.622,0.832,0.696,0.8,0.733,0.674,-0.593,0.929,0.761,-0.209,0.196,-0.378,-0.378,0.864,-0.374,-0.217,0.035,0.743,0.377,0.111,0.727,0.33,-0.383,0.813,0.814,0.829,-0.045,0.203,0.457,0.61,-0.262,0.219,0.13,0.796,0.58,0.237,-0.261,-0.149,0.682,0.36,0.827,0.356,-0.312,0.823,-0.501,-0.183,-0.349,0.843,-0.722,-0.204,-0.074,0.281,0.879,0.264,-0.419,-0.376,-0.553,0.24,0.808,-0.43,0.413,0.001,0.599,-0.288,-0.365,-0.665,-0.051,0.339,-0.075,0.393,0.25,0.471,0.914,0.467,-0.344,-0.138,0.441,0.935,0.309,-0.466,0.858,0.321,0.883,0.921,0.63,0.501,-0.432,0.427,-0.559,-0.401,-0.146,0.616,0.815,0.875,0.644,0.407,0.498,-0.486,-0.372,-0.163,0.801,0.415,0.841,0.557,0.769,0.635,-0.166,0.762,0.778,-0.253,0.332
AXDX,0.095,-0.14,-0.803,0.638,-0.577,-0.562,-0.536,-0.004,-0.527,-0.396,-0.871,0.63,-0.661,0.906,0.677,-0.725,-0.474,-0.81,-0.06,0.768,0.0,0.542,-0.489,0.706,-0.436,-0.335,-0.244,-0.317,0.615,-0.85,0.253,0.357,-0.564,-0.183,-0.025,-0.651,0.544,0.6,0.82,-0.735,-0.549,0.121,-0.273,0.188,-0.417,0.761,0.348,0.788,-0.385,-0.685,-0.316,-0.632,0.283,-0.095,-0.564,-0.201,0.273,0.836,-0.528,-0.457,-0.59,0.264,-0.47,-0.648,0.709,-0.329,0.203,0.171,-0.577,0.627,0.297,0.501,0.73,-0.53,0.5,0.657,0.721,-0.308,0.706,-0.286,0.786,-0.226,-0.215,0.017,0.635,0.839,0.386,-0.168,-0.502,0.321,0.69,0.623,0.507,0.403,0.38,-0.719,0.719,0.818,-0.586,-0.177,-0.622,-0.372,0.687,-0.574,-0.489,0.053,0.684,0.377,-0.424,0.49,-0.06,-0.543,0.472,0.79,0.808,-0.303,0.089,0.038,0.596,-0.534,-0.137,-0.232,0.625,0.473,-0.084,-0.525,-0.526,0.762,0.493,0.796,0.18,-0.578,0.73,-0.723,-0.034,-0.599,0.803,-0.833,-0.611,-0.428,-0.084,0.61,0.132,-0.566,-0.558,-0.595,0.247,0.603,-0.7,0.47,-0.167,0.165,-0.537,-0.616,-0.828,-0.446,0.185,-0.433,0.536,-0.201,0.004,0.765,0.197,-0.572,-0.436,0.059,0.745,-0.007,-0.809,0.816,0.184,0.573,0.725,0.141,0.067,-0.82,0.029,-0.718,-0.494,-0.304,0.195,0.638,0.774,0.459,0.25,0.683,-0.625,-0.639,-0.207,0.844,0.166,0.71,0.5,0.605,0.45,-0.27,0.48,0.726,-0.504,-0.053
AXSM,0.525,0.324,-0.192,0.436,0.018,-0.081,0.082,0.301,-0.197,0.023,-0.282,0.469,-0.152,0.49,0.267,-0.126,-0.024,-0.215,0.347,0.615,0.542,0.0,0.064,0.624,0.144,-0.376,-0.071,0.077,0.373,-0.284,0.608,0.531,-0.406,-0.484,0.4,0.007,0.497,0.673,0.367,-0.071,-0.112,0.691,0.302,0.466,0.231,0.279,0.638,0.431,-0.047,-0.087,0.355,-0.299,0.368,0.155,-0.074,0.237,0.326,0.548,0.106,0.136,0.085,0.566,0.217,-0.371,0.246,0.145,0.162,0.636,0.047,0.712,0.612,0.493,0.589,-0.133,0.626,0.512,0.713,0.332,0.432,0.332,0.582,0.382,0.386,0.384,0.719,0.442,0.293,0.321,0.099,0.563,0.491,0.424,0.643,0.392,0.565,-0.242,0.592,0.352,0.076,0.189,0.059,-0.345,0.607,0.057,-0.106,0.094,0.237,-0.001,0.072,0.582,0.186,-0.012,0.592,0.383,0.537,0.334,-0.16,0.585,0.177,0.013,0.439,0.15,0.613,0.193,0.188,-0.017,0.202,0.19,0.087,0.474,0.423,-0.003,0.423,-0.114,-0.376,0.017,0.433,-0.322,-0.096,0.282,0.409,0.648,0.469,-0.007,-0.016,-0.04,0.271,0.713,-0.041,0.26,0.434,0.503,0.132,-0.044,-0.27,0.094,0.314,0.291,0.03,0.153,0.424,0.659,0.557,0.04,0.068,0.42,0.584,0.455,-0.199,0.438,-0.158,0.502,0.589,0.542,0.428,-0.189,0.392,-0.263,-0.029,0.227,0.507,0.376,0.542,0.424,0.563,0.385,-0.009,0.02,0.231,0.449,0.453,0.39,0.436,0.613,0.585,0.313,0.671,0.666,0.078,0.54
AZN,0.25,0.679,0.647,-0.438,0.617,0.802,0.795,0.411,0.299,0.226,0.493,-0.434,0.799,-0.61,-0.62,0.716,0.473,0.707,0.369,-0.372,-0.489,0.064,0.0,-0.354,0.505,0.035,0.275,0.367,-0.48,0.744,0.127,-0.07,0.186,-0.267,0.327,0.691,-0.519,-0.215,-0.698,0.641,0.474,0.241,0.53,-0.233,0.545,-0.675,0.157,-0.698,0.523,0.605,0.726,0.571,-0.303,-0.037,0.356,0.388,-0.225,-0.553,0.702,0.588,0.482,-0.102,0.411,0.319,-0.448,0.446,-0.445,0.28,0.73,-0.08,0.185,-0.293,-0.448,0.124,-0.169,-0.476,-0.201,0.596,-0.23,0.728,-0.509,0.374,0.353,-0.028,-0.195,-0.391,-0.209,0.512,0.787,-0.173,-0.386,-0.4,-0.112,-0.478,-0.073,0.584,-0.415,-0.699,0.71,0.259,0.758,-0.002,-0.286,0.838,0.406,0.459,-0.688,-0.706,0.323,-0.206,-0.008,0.724,-0.275,-0.719,-0.243,0.737,-0.518,0.244,-0.765,0.555,0.158,0.226,-0.217,-0.569,-0.019,0.601,0.63,-0.634,-0.646,-0.512,0.242,0.73,-0.487,0.604,0.076,0.572,-0.595,0.572,0.228,0.594,0.373,-0.258,0.287,0.655,0.634,0.796,0.224,-0.194,0.72,-0.441,0.717,0.139,0.741,0.585,0.585,0.46,0.112,0.731,-0.625,-0.014,0.191,-0.303,0.297,0.703,0.601,0.169,-0.478,0.428,0.404,-0.69,-0.55,-0.316,-0.429,0.017,0.085,0.523,0.139,0.503,0.79,0.795,0.169,-0.559,-0.57,-0.045,0.415,-0.28,0.754,0.616,0.411,-0.392,0.259,-0.613,-0.249,-0.443,-0.079,0.627,-0.026,-0.445,0.683,0.539
BANR,0.376,0.025,-0.517,0.617,-0.088,-0.423,-0.167,0.425,-0.377,0.083,-0.499,0.921,-0.508,0.825,0.503,-0.369,-0.106,-0.469,0.352,0.919,0.706,0.624,-0.354,0.0,-0.068,-0.546,-0.425,0.163,0.561,-0.625,0.72,0.742,-0.332,-0.469,0.053,-0.264,0.856,0.963,0.741,-0.292,-0.227,0.134,0.285,0.58,0.096,0.73,0.649,0.825,-0.344,-0.391,0.094,-0.649,0.603,0.501,-0.278,0.355,0.712,0.92,-0.198,-0.195,-0.104,0.68,-0.055,-0.669,0.334,0.196,0.391,0.678,-0.418,0.896,0.742,0.604,0.969,-0.059,0.916,0.904,0.945,0.182,0.623,0.126,0.956,0.392,0.396,0.546,0.917,0.644,0.734,0.228,-0.103,0.656,0.838,0.789,0.924,0.798,0.687,-0.528,0.916,0.673,-0.09,0.27,-0.303,-0.42,0.86,-0.308,-0.146,-0.003,0.735,0.311,0.188,0.809,0.304,-0.343,0.848,0.824,0.754,0.074,0.145,0.514,0.602,-0.126,0.323,0.227,0.777,0.569,0.256,-0.21,-0.082,0.574,0.339,0.818,0.447,-0.172,0.804,-0.408,-0.285,-0.268,0.854,-0.654,-0.038,-0.037,0.38,0.918,0.405,-0.296,-0.341,-0.49,0.119,0.778,-0.335,0.291,0.059,0.742,-0.166,-0.254,-0.575,0.069,0.33,0.071,0.265,0.399,0.597,0.952,0.562,-0.277,-0.043,0.531,0.968,0.452,-0.348,0.846,0.318,0.92,0.944,0.676,0.635,-0.33,0.622,-0.482,-0.36,-0.073,0.626,0.868,0.902,0.706,0.504,0.358,-0.451,-0.248,-0.147,0.737,0.419,0.845,0.54,0.84,0.723,-0.083,0.89,0.733,-0.172,0.392
BBIO,0.103,0.643,0.672,-0.333,0.741,0.671,0.756,0.481,0.484,0.461,0.601,-0.048,0.673,-0.495,-0.254,0.812,0.826,0.547,0.804,-0.107,-0.436,0.144,0.505,-0.068,0.0,0.242,0.133,0.694,0.044,0.681,0.351,0.276,0.552,0.012,0.56,0.815,-0.007,0.075,-0.232,0.76,0.823,0.22,0.57,0.377,0.831,-0.263,0.484,-0.232,0.786,0.783,0.732,0.486,0.404,0.552,0.662,0.755,0.401,-0.241,0.768,0.468,0.734,0.388,0.617,0.565,-0.293,0.763,0.15,0.427,0.644,0.096,0.429,0.138,-0.127,0.462,0.128,0.034,-0.019,0.733,-0.213,0.748,-0.141,0.573,0.523,0.411,0.066,-0.532,0.181,0.87,0.683,0.284,-0.096,-0.163,0.17,0.101,0.425,0.726,0.0,-0.403,0.797,0.7,0.859,0.477,0.151,0.78,0.897,0.41,-0.164,-0.139,0.628,0.048,0.62,0.397,0.296,-0.307,-0.09,0.639,-0.157,0.652,-0.232,0.849,0.656,0.768,0.167,0.073,0.627,0.902,0.837,-0.483,-0.105,-0.017,0.563,0.533,-0.175,0.489,0.174,0.837,-0.182,0.617,0.532,0.84,0.74,0.168,0.38,0.649,0.728,0.636,0.227,0.144,0.828,-0.01,0.595,0.392,0.527,0.822,0.617,0.855,0.642,0.705,-0.164,0.507,0.605,-0.055,0.614,0.61,0.746,0.656,-0.112,0.6,0.598,-0.255,-0.007,0.113,-0.071,0.461,0.59,0.7,0.377,0.786,0.535,0.544,0.631,-0.126,-0.21,0.33,0.334,-0.169,0.704,0.653,0.401,-0.253,0.677,-0.088,0.312,-0.035,0.367,0.714,0.099,-0.12,0.806,0.667
BCYC,-0.373,0.015,0.397,-0.354,0.014,0.143,0.04,-0.462,0.474,0.192,0.337,-0.423,0.333,-0.412,0.037,0.175,0.373,0.203,0.074,-0.508,-0.335,-0.376,0.035,-0.546,0.242,0.0,0.316,0.164,-0.019,0.408,-0.533,-0.217,0.455,0.689,0.141,0.304,-0.374,-0.506,-0.195,0.274,0.372,-0.084,-0.334,-0.101,0.102,-0.104,-0.197,-0.225,0.466,0.44,-0.129,0.589,0.077,-0.061,0.534,-0.052,-0.105,-0.455,0.201,0.102,0.232,-0.153,0.311,0.708,0.048,0.01,0.252,-0.469,0.309,-0.595,-0.359,0.053,-0.488,0.204,-0.545,-0.234,-0.586,-0.1,-0.479,-0.173,-0.432,-0.383,-0.41,-0.114,-0.498,-0.385,-0.2,0.048,-0.059,-0.047,-0.546,-0.289,-0.528,-0.355,-0.084,0.32,-0.441,-0.323,-0.043,0.108,0.257,0.813,-0.311,0.185,0.336,0.088,-0.142,0.156,-0.047,-0.455,0.018,-0.166,-0.256,-0.293,-0.372,-0.223,0.1,-0.236,0.03,0.252,0.042,0.091,-0.314,0.012,0.263,0.346,0.126,-0.288,0.28,-0.211,-0.316,-0.074,-0.508,0.303,0.256,0.299,-0.265,0.533,0.099,0.159,-0.174,-0.428,-0.088,0.279,0.449,0.252,-0.053,-0.36,0.268,0.296,-0.149,-0.466,-0.152,0.171,0.401,0.166,0.238,-0.102,0.308,-0.033,-0.256,-0.574,-0.169,0.167,0.225,-0.046,-0.469,-0.251,0.189,-0.293,0.022,-0.487,-0.45,-0.336,-0.239,0.252,-0.35,0.456,-0.058,-0.239,-0.231,-0.3,-0.426,-0.284,-0.538,-0.244,0.444,0.256,0.45,-0.417,-0.096,-0.231,-0.028,-0.31,-0.127,0.131,-0.643,-0.262,0.183,-0.272
BHFAP,0.061,0.269,0.436,-0.452,0.059,0.288,0.292,-0.105,0.372,0.088,0.303,-0.519,0.369,-0.388,-0.333,0.31,0.159,0.353,-0.03,-0.495,-0.244,-0.071,0.275,-0.425,0.133,0.316,0.0,0.168,-0.281,0.41,-0.313,-0.099,0.156,0.19,0.279,0.325,-0.424,-0.323,-0.417,0.277,0.124,0.059,-0.174,-0.276,0.125,-0.383,-0.174,-0.407,0.389,0.271,0.176,0.486,-0.224,-0.281,0.346,-0.05,-0.365,-0.486,0.333,0.039,0.18,-0.295,0.245,0.317,-0.233,0.084,-0.226,-0.099,0.564,-0.365,-0.272,-0.132,-0.43,-0.102,-0.387,-0.375,-0.371,0.161,-0.311,0.078,-0.453,-0.134,-0.158,-0.146,-0.281,-0.157,-0.357,0.07,0.245,-0.269,-0.475,-0.284,-0.31,-0.479,-0.356,0.393,-0.473,-0.456,0.139,-0.082,0.364,0.315,-0.405,0.326,0.178,-0.058,-0.465,-0.328,-0.14,-0.363,-0.376,0.232,-0.384,-0.387,-0.458,0.217,-0.239,-0.034,-0.397,0.302,0.027,-0.003,-0.334,-0.336,-0.143,0.296,0.27,-0.392,-0.129,-0.356,-0.023,0.192,-0.483,0.335,0.084,0.366,-0.436,0.437,0.059,0.141,-0.073,-0.409,0.2,0.427,0.385,0.525,-0.052,-0.342,0.368,-0.129,0.262,-0.273,0.241,0.257,0.407,0.129,-0.115,0.187,-0.218,-0.215,-0.21,-0.36,-0.129,0.237,0.198,-0.175,-0.467,0.032,0.246,-0.458,-0.449,-0.501,-0.466,-0.327,-0.226,0.188,-0.183,0.404,0.393,0.272,-0.297,-0.466,-0.447,-0.229,-0.065,-0.237,0.385,0.329,0.368,-0.363,-0.068,-0.481,-0.172,-0.291,-0.147,0.509,-0.276,-0.316,0.305,-0.084
BKR,0.385,0.52,0.633,-0.392,0.584,0.366,0.68,0.494,0.521,0.749,0.556,0.139,0.532,-0.245,-0.313,0.628,0.749,0.614,0.76,0.007,-0.317,0.077,0.367,0.163,0.694,0.164,0.168,0.0,-0.111,0.559,0.327,0.565,0.441,-0.158,0.448,0.761,0.125,0.346,-0.205,0.745,0.611,0.009,0.602,0.339,0.866,-0.064,0.431,-0.067,0.526,0.586,0.683,0.276,0.395,0.671,0.703,0.77,0.514,-0.11,0.756,0.41,0.782,0.526,0.698,0.273,-0.41,0.8,0.279,0.622,0.612,0.16,0.521,0.341,0.122,0.511,0.346,0.228,0.138,0.831,-0.266,0.653,0.037,0.603,0.571,0.642,0.27,-0.293,0.499,0.754,0.635,0.447,-0.105,0.152,0.412,0.225,0.402,0.542,0.097,-0.455,0.704,0.618,0.686,0.347,0.183,0.621,0.704,0.24,-0.05,-0.229,0.681,0.149,0.402,0.281,0.382,-0.116,-0.125,0.632,-0.084,0.651,-0.097,0.853,0.604,0.753,0.1,0.152,0.487,0.74,0.755,-0.482,-0.123,0.055,0.471,0.595,-0.219,0.521,-0.088,0.641,-0.033,0.534,0.662,0.653,0.553,0.305,0.691,0.76,0.678,0.495,-0.129,0.067,0.746,-0.003,0.554,0.616,0.509,0.685,0.576,0.864,0.455,0.728,-0.27,0.642,0.763,0.098,0.586,0.507,0.841,0.709,0.083,0.714,0.552,-0.135,-0.069,0.254,0.093,0.539,0.681,0.681,0.652,0.673,0.322,0.393,0.595,0.128,-0.017,0.319,0.328,-0.459,0.567,0.729,0.498,-0.233,0.483,0.049,0.136,0.156,0.504,0.596,0.326,-0.094,0.751,0.644
BLDP,-0.151,-0.083,-0.508,0.656,-0.099,-0.316,-0.351,-0.058,-0.277,-0.104,-0.457,0.62,-0.464,0.592,0.831,-0.43,0.022,-0.663,0.269,0.595,0.615,0.373,-0.48,0.561,0.044,-0.019,-0.281,-0.111,0.0,-0.544,0.428,0.347,0.041,0.096,0.09,-0.312,0.689,0.475,0.77,-0.352,0.013,0.069,-0.118,0.568,-0.096,0.715,0.51,0.779,-0.085,-0.155,-0.196,-0.245,0.627,0.31,-0.158,0.124,0.608,0.727,-0.342,-0.285,-0.201,0.462,-0.201,-0.111,0.657,-0.023,0.606,0.133,-0.428,0.522,0.438,0.524,0.634,-0.036,0.436,0.751,0.554,-0.221,0.473,-0.142,0.704,0.041,0.013,0.22,0.5,0.403,0.479,0.082,-0.401,0.518,0.573,0.524,0.407,0.63,0.574,-0.432,0.708,0.758,-0.313,0.31,-0.276,0.025,0.686,-0.328,-0.001,0.066,0.793,0.691,0.005,0.569,0.324,-0.632,0.676,0.749,0.657,-0.325,0.293,0.173,0.765,-0.21,0.267,0.173,0.741,0.678,0.552,-0.129,-0.242,0.552,0.795,0.742,0.194,-0.465,0.7,-0.406,0.179,-0.116,0.792,-0.476,-0.194,-0.11,0.263,0.593,-0.029,-0.501,-0.392,-0.532,0.263,0.66,-0.401,0.559,-0.293,0.213,-0.472,-0.339,-0.534,-0.02,0.579,-0.288,0.673,0.259,0.153,0.554,0.392,-0.19,-0.309,0.383,0.655,-0.039,-0.354,0.79,0.511,0.596,0.66,0.31,0.366,-0.404,0.094,-0.366,-0.488,-0.278,0.378,0.674,0.685,0.474,0.109,0.515,-0.285,-0.317,-0.189,0.543,0.362,0.789,0.714,0.684,0.591,-0.19,0.354,0.692,-0.364,0.037
BLFS,0.072,0.53,0.94,-0.727,0.685,0.777,0.805,0.195,0.634,0.481,0.856,-0.605,0.901,-0.896,-0.696,0.887,0.675,0.91,0.379,-0.684,-0.85,-0.284,0.744,-0.625,0.681,0.408,0.41,0.559,-0.544,0.0,-0.13,-0.134,0.569,0.099,0.335,0.883,-0.581,-0.452,-0.814,0.871,0.705,0.039,0.408,-0.154,0.672,-0.742,-0.049,-0.785,0.703,0.837,0.623,0.776,-0.189,0.134,0.719,0.415,-0.184,-0.815,0.822,0.561,0.724,-0.103,0.637,0.7,-0.637,0.539,-0.208,0.064,0.86,-0.462,-0.05,-0.29,-0.672,0.433,-0.392,-0.57,-0.557,0.6,-0.615,0.581,-0.733,0.319,0.29,0.068,-0.458,-0.755,-0.258,0.496,0.739,-0.178,-0.671,-0.548,-0.346,-0.468,-0.18,0.86,-0.638,-0.908,0.767,0.343,0.888,0.45,-0.507,0.86,0.672,0.25,-0.716,-0.536,0.447,-0.43,0.115,0.647,-0.348,-0.831,-0.635,0.603,-0.292,0.197,-0.683,0.788,0.281,0.395,-0.446,-0.45,0.17,0.791,0.752,-0.853,-0.507,-0.661,0.102,0.742,-0.754,0.805,0.102,0.791,-0.756,0.929,0.56,0.665,0.309,-0.459,0.219,0.827,0.822,0.861,-0.066,-0.468,0.917,-0.369,0.528,-0.003,0.693,0.791,0.907,0.662,0.113,0.676,-0.536,0.202,0.182,-0.63,0.122,0.738,0.719,0.18,-0.699,0.317,0.754,-0.829,-0.388,-0.5,-0.661,-0.05,0.087,0.84,0.092,0.877,0.699,0.567,0.049,-0.643,-0.749,-0.238,0.036,-0.589,0.881,0.812,0.49,-0.74,0.142,-0.702,-0.314,-0.552,-0.181,0.634,-0.337,-0.642,0.792,0.36
BLKB,0.427,0.385,-0.108,0.427,0.472,0.16,0.321,0.66,-0.195,0.187,-0.041,0.695,-0.048,0.322,0.186,0.123,0.257,-0.061,0.563,0.641,0.253,0.608,0.127,0.72,0.351,-0.533,-0.313,0.327,0.428,-0.13,0.0,0.595,-0.063,-0.69,0.365,0.186,0.665,0.743,0.302,0.17,0.166,0.171,0.69,0.663,0.507,0.251,0.809,0.396,-0.021,0.116,0.559,-0.244,0.564,0.595,-0.039,0.64,0.653,0.57,0.229,0.17,0.269,0.72,0.239,-0.331,0.042,0.469,0.236,0.824,-0.005,0.852,0.861,0.312,0.669,0.147,0.843,0.617,0.79,0.505,0.458,0.582,0.619,0.8,0.795,0.569,0.77,0.163,0.517,0.553,0.333,0.625,0.64,0.382,0.809,0.659,0.645,-0.066,0.712,0.314,0.459,0.525,0.222,-0.432,0.669,0.233,0.191,0.202,0.325,-0.005,0.534,0.853,0.517,0.131,0.761,0.379,0.526,0.506,-0.139,0.671,0.204,0.262,0.586,0.395,0.709,0.216,0.421,0.239,0.351,0.127,0.009,0.477,0.624,0.321,0.602,0.031,-0.256,0.266,0.468,-0.272,0.269,0.436,0.763,0.782,0.344,-0.003,-0.045,-0.043,0.21,0.685,0.138,-0.085,0.408,0.843,0.321,0.197,-0.145,0.444,0.413,0.521,-0.1,0.587,0.716,0.685,0.742,0.302,0.227,0.661,0.656,0.618,0.128,0.45,0.12,0.775,0.694,0.755,0.759,0.121,0.657,-0.115,0.123,0.411,0.764,0.495,0.562,0.66,0.736,0.244,0.045,0.126,-0.097,0.394,0.655,0.485,0.361,0.656,0.637,0.278,0.863,0.453,0.225,0.762
