,ABAT,ACLS,ACMR,ADMA,ADUS,ADVM,AEIS,AGNCM,AHCO,ALGT,ALLO,AMSF,ANAB,ANDE,APLS,APPF,ASML,ATRC,AVGO,AVT,AXDX,AXSM,AZN,BANR,BBIO,BCYC,BHFAP,BKR,BLDP,BLFS,BLKB,BLMN,BNTX,BPMC,CALM,CAMT,CASH,CATY,CCEP,CDLX,CDNS,CENN,CENX,CGC,CHDN,CLBK,COKE,COLB,COO,CORT,CRMT,CRNX,CRTO,CRVL,CSCO,CSQ,CSWI,CVBF,CWST,CYCC,CZR,DLTR,DORM,ENTA,EQIX,ERIC,EVRG,EWBC,EXAS,EXLS,EXPI,EYE,FBNC,FBRX,FCNCA,FELE,FIBK,FLEX,FRGT,FRHC,FRME,FWONA,FWONK,GDEN,GIII,GILD,GLNG,GNTX,GOOGL,GRPN,HCSG,HIMX,HOPE,HST,HTLD,HUT,HWC,ICUI,IESC,INTC,INTU,IOVA,IPAR,IPGP,ISRG,JBSS,KALU,KPRX,KRNT,LAUR,LBRDA,LBTYK,LECO,LILAK,LITE,MANH,MDXG,MFIC,MGEE,MIDD,MLAB,MMSI,MNKD,MOMO,MRVL,NICE,NMFC,NUWE,NVCR,NWBI,OFIX,OFLX,OMCL,OPK,ORKA,ORLY,OTTR,PDD,PNTG,POOL,POWL,PPBI,PPC,PRAA,PRPL,PZZA,QTRX,QURE,RDFN,RDHL,REAL,REG,REYN,RGLD,RIOT,RUN,RYTM,SAIA,SBAC,SBRA,SCVL,SHOO,SLAB,SLDB,SMCI,SMTC,SRCE,SSP,SSRM,STBA,STRO,SVC,SYBT,TCBI,TCOM,TENX,TH,TMUS,TNDM,TTD,TTMI,UAL,ULH,ULTA,VCYT,VIRT,VKTX,VOD,VRDN,VREX,VRNT,VSAT,WB,WBD,WDC,WEN,WSFS,XXII,Z,ZBRA
ABAT,0.0,0.805,0.795,0.406,0.312,0.556,0.552,0.389,-0.686,-0.39,0.78,-0.436,0.493,-0.143,0.705,0.705,0.617,0.82,0.552,0.597,0.762,0.824,0.82,0.524,0.634,-0.117,0.616,0.606,0.641,0.607,0.459,0.765,0.196,-0.455,0.778,0.604,0.08,0.497,-0.655,0.562,0.744,0.502,0.598,0.672,0.245,-0.442,0.108,-0.054,-0.385,0.7,0.232,0.653,0.506,-0.529,0.414,0.789,0.146,0.507,0.185,-0.488,0.543,0.345,0.674,-0.406,0.368,0.668,-0.368,0.679,0.872,0.718,0.737,0.639,0.469,0.288,0.705,0.466,0.543,0.319,0.513,0.577,0.246,0.789,0.805,0.817,0.408,0.804,0.75,0.524,0.825,0.771,0.61,0.735,0.609,0.334,0.384,0.402,-0.164,0.737,0.172,0.169,0.828,0.188,-0.299,0.608,0.412,0.02,0.188,-0.028,0.837,-0.418,0.773,0.541,0.503,-0.357,0.264,0.77,-0.171,0.296,-0.411,0.044,0.743,0.823,0.778,0.362,0.713,0.807,0.497,-0.168,-0.007,-0.41,0.847,0.655,0.766,0.812,0.312,0.841,-0.289,0.602,0.565,0.63,0.481,0.591,0.683,0.251,0.846,0.8,0.741,0.828,0.663,0.35,0.904,0.028,0.717,0.795,0.598,0.777,0.805,0.653,0.027,0.088,0.523,-0.011,0.682,0.175,0.791,0.391,0.34,0.246,0.747,-0.137,-0.326,0.442,0.601,0.157,0.319,0.121,0.406,0.398,0.779,0.8,0.305,-0.258,0.595,0.77,0.77,0.11,0.666,0.083,0.724,0.728,0.705,0.044,0.459,0.431,-0.139,0.861,0.307,0.697,0.464,0.779
ACLS,0.805,0.0,0.898,0.517,0.286,0.49,0.628,0.258,-0.413,-0.167,0.683,-0.321,0.372,0.054,0.717,0.679,0.746,0.666,0.793,0.674,0.899,0.892,0.777,0.641,0.799,-0.12,0.669,0.791,0.759,0.554,0.623,0.898,0.215,-0.531,0.817,0.87,0.226,0.635,-0.475,0.721,0.789,0.554,0.654,0.849,0.459,-0.257,0.302,0.231,-0.32,0.757,0.394,0.688,0.656,-0.419,0.648,0.785,0.39,0.635,0.369,-0.571,0.753,0.443,0.852,-0.385,0.497,0.54,-0.135,0.748,0.803,0.853,0.864,0.864,0.638,0.438,0.752,0.682,0.654,0.468,0.554,0.762,0.426,0.834,0.821,0.893,0.627,0.646,0.818,0.622,0.835,0.857,0.714,0.861,0.725,0.566,0.607,0.194,0.054,0.702,0.342,0.373,0.88,0.234,-0.239,0.742,0.421,-0.082,0.277,0.058,0.905,-0.213,0.76,0.453,0.728,-0.145,0.652,0.84,0.032,0.495,-0.233,0.289,0.869,0.81,0.854,0.412,0.839,0.798,0.663,0.028,0.174,-0.145,0.882,0.526,0.729,0.794,0.246,0.844,-0.057,0.573,0.56,0.742,0.677,0.745,0.88,0.455,0.827,0.808,0.687,0.865,0.867,0.623,0.847,0.266,0.715,0.822,0.719,0.888,0.799,0.761,0.108,0.274,0.622,0.155,0.875,0.343,0.945,0.695,0.494,0.261,0.801,0.174,-0.341,0.58,0.698,0.349,0.527,0.191,0.458,0.396,0.649,0.845,0.537,-0.004,0.732,0.842,0.816,0.308,0.772,0.27,0.865,0.823,0.772,0.359,0.488,0.681,0.189,0.896,0.431,0.83,0.632,0.886
ACMR,0.795,0.898,0.0,0.514,0.409,0.455,0.645,0.352,-0.456,-0.141,0.625,-0.342,0.31,0.064,0.703,0.681,0.789,0.644,0.809,0.673,0.855,0.845,0.705,0.598,0.768,-0.058,0.606,0.71,0.77,0.594,0.521,0.866,0.369,-0.356,0.738,0.799,0.222,0.6,-0.396,0.664,0.807,0.625,0.553,0.795,0.417,-0.239,0.218,0.254,-0.274,0.728,0.338,0.654,0.636,-0.36,0.7,0.773,0.453,0.638,0.385,-0.548,0.721,0.435,0.69,-0.34,0.449,0.599,-0.146,0.705,0.821,0.779,0.832,0.796,0.6,0.272,0.707,0.689,0.628,0.468,0.446,0.68,0.421,0.767,0.757,0.849,0.516,0.727,0.779,0.671,0.773,0.834,0.662,0.842,0.661,0.557,0.579,0.377,0.059,0.735,0.206,0.469,0.856,0.234,-0.219,0.725,0.518,-0.072,0.335,0.026,0.869,-0.275,0.659,0.33,0.748,-0.122,0.592,0.753,-0.015,0.384,-0.203,0.348,0.849,0.818,0.757,0.589,0.878,0.82,0.538,-0.137,0.262,-0.14,0.851,0.476,0.729,0.741,0.187,0.823,-0.037,0.586,0.563,0.693,0.693,0.678,0.784,0.374,0.779,0.745,0.718,0.849,0.801,0.525,0.828,0.139,0.609,0.762,0.727,0.868,0.789,0.723,0.119,0.202,0.555,0.157,0.886,0.177,0.842,0.705,0.473,0.306,0.712,0.161,-0.218,0.554,0.684,0.303,0.561,0.184,0.483,0.453,0.621,0.784,0.553,-0.097,0.719,0.815,0.78,0.203,0.711,0.281,0.742,0.751,0.78,0.408,0.695,0.626,0.217,0.867,0.404,0.806,0.62,0.804
ADMA,0.406,0.517,0.514,0.0,0.409,0.367,0.477,0.106,-0.087,-0.127,0.403,-0.194,0.272,0.35,0.307,0.22,0.22,0.315,0.607,0.686,0.594,0.657,0.342,0.54,0.614,-0.2,0.087,0.573,0.209,0.54,0.403,0.436,0.364,-0.457,0.625,0.575,0.033,0.558,-0.218,0.295,0.31,0.77,0.581,0.7,0.264,-0.504,-0.031,0.128,-0.328,0.541,0.513,0.349,0.523,-0.145,0.423,0.201,0.137,0.521,0.328,-0.402,0.654,0.049,0.387,-0.373,0.17,-0.076,-0.409,0.662,0.395,0.657,0.625,0.355,0.498,-0.091,0.545,0.304,0.603,0.622,-0.147,0.529,0.479,0.664,0.634,0.525,0.394,0.202,0.4,0.705,0.481,0.661,0.63,0.281,0.463,0.352,0.603,0.241,0.359,0.445,0.334,0.121,0.489,-0.206,-0.17,0.686,0.214,-0.026,-0.35,-0.36,0.535,0.086,0.333,0.534,0.556,-0.182,0.491,0.593,-0.386,0.188,-0.436,0.437,0.595,0.559,0.332,-0.028,0.428,0.345,0.109,-0.324,-0.14,0.142,0.5,0.339,0.276,0.473,-0.266,0.525,-0.141,0.183,0.237,0.819,0.514,0.558,0.53,0.24,0.434,0.44,0.605,0.595,0.702,0.338,0.565,0.088,0.654,0.514,0.551,0.583,0.432,0.675,-0.301,-0.277,0.297,0.149,0.62,0.227,0.473,0.458,0.475,0.446,0.496,0.028,-0.433,0.321,0.627,0.569,0.553,0.588,0.463,0.088,0.558,0.61,0.667,-0.417,0.615,0.401,0.695,0.454,0.503,0.482,0.392,0.529,0.65,0.141,0.351,0.343,0.226,0.487,0.541,0.732,0.76,0.701
ADUS,0.312,0.286,0.409,0.409,0.0,0.278,0.519,0.51,-0.057,0.224,0.064,0.144,0.041,0.365,0.11,0.33,0.163,0.247,0.346,0.512,0.307,0.293,0.076,0.542,0.306,-0.207,-0.064,0.413,0.056,0.287,0.427,0.364,0.444,-0.299,0.316,0.243,0.315,0.537,-0.035,0.294,0.084,0.369,0.357,0.367,0.507,-0.08,0.073,0.316,-0.197,0.297,0.401,0.099,0.395,0.106,0.211,0.345,0.446,0.564,0.562,-0.162,0.492,0.196,0.152,-0.345,0.051,0.08,-0.126,0.5,0.309,0.454,0.521,0.165,0.513,-0.411,0.497,0.387,0.566,0.559,-0.127,0.36,0.47,0.401,0.411,0.379,0.366,0.179,0.346,0.636,0.263,0.435,0.384,0.263,0.464,0.43,0.424,0.375,0.422,0.237,0.323,0.029,0.233,-0.33,0.114,0.569,0.216,0.094,-0.01,-0.504,0.344,0.172,0.022,0.214,0.514,0.105,0.363,0.379,-0.356,0.125,-0.176,0.613,0.377,0.305,0.021,0.048,0.174,0.266,0.01,-0.45,-0.035,0.272,0.332,0.317,0.433,0.211,-0.374,0.205,0.152,0.044,0.472,0.448,0.529,0.476,0.259,0.357,0.152,0.183,0.289,0.296,0.406,-0.17,0.39,0.203,0.359,0.207,0.214,0.407,0.214,0.542,-0.159,-0.01,0.413,0.347,0.546,0.132,0.301,0.352,0.527,0.652,0.156,0.208,-0.257,0.459,0.501,0.4,0.611,0.316,0.574,-0.158,0.318,0.321,0.513,-0.112,0.517,0.365,0.455,-0.046,0.182,0.486,0.033,0.4,0.52,0.347,0.385,0.357,0.328,0.289,0.559,0.297,0.584,0.432
ADVM,0.556,0.49,0.455,0.367,0.278,0.0,0.282,0.294,-0.659,-0.607,0.802,-0.467,0.831,-0.421,0.654,0.429,0.452,0.596,0.28,0.205,0.521,0.552,0.721,0.153,0.543,0.132,0.535,0.416,0.584,0.698,0.278,0.326,0.26,-0.144,0.632,0.298,-0.096,0.129,-0.664,0.358,0.581,0.283,0.559,0.409,0.035,-0.439,0.052,-0.322,-0.144,0.751,0.223,0.671,0.282,-0.616,0.182,0.607,0.06,0.163,-0.024,-0.434,0.205,0.002,0.372,0.073,0.456,0.42,-0.298,0.421,0.679,0.465,0.506,0.415,0.166,0.301,0.421,0.266,0.297,-0.032,0.309,0.367,-0.063,0.562,0.588,0.394,0.076,0.466,0.516,0.304,0.629,0.452,0.434,0.29,0.266,-0.071,0.165,0.324,-0.203,0.456,0.19,-0.021,0.71,0.323,-0.244,0.651,0.364,0.358,0.036,0.082,0.535,-0.376,0.694,0.576,0.163,-0.406,0.148,0.515,-0.22,0.139,-0.362,-0.113,0.403,0.618,0.61,-0.049,0.539,0.694,0.375,-0.078,0.012,-0.479,0.597,0.598,0.534,0.735,0.365,0.686,-0.266,0.636,0.277,0.428,0.072,0.267,0.249,0.044,0.642,0.729,0.656,0.613,0.441,0.25,0.659,-0.135,0.518,0.639,0.307,0.554,0.692,0.352,0.099,0.066,0.306,-0.272,0.349,0.519,0.511,0.105,0.013,-0.102,0.593,-0.323,-0.033,0.157,0.312,0.011,-0.019,-0.119,-0.03,0.446,0.755,0.669,0.129,-0.36,0.214,0.55,0.574,0.427,0.787,-0.125,0.449,0.487,0.607,-0.119,0.095,0.087,-0.386,0.562,0.009,0.381,0.307,0.511
AEIS,0.552,0.628,0.645,0.477,0.519,0.282,0.0,0.508,-0.075,0.321,0.242,0.271,0.231,0.551,0.083,0.412,0.358,0.486,0.701,0.733,0.518,0.522,0.312,0.791,0.413,-0.529,0.213,0.597,0.245,0.225,0.795,0.661,0.055,-0.664,0.411,0.716,0.5,0.772,-0.069,0.753,0.258,0.436,0.72,0.509,0.718,-0.082,0.464,0.347,-0.137,0.348,0.751,0.077,0.392,0.158,0.384,0.524,0.567,0.681,0.614,-0.103,0.703,0.462,0.515,-0.542,0.025,0.415,-0.031,0.702,0.381,0.761,0.659,0.449,0.769,0.075,0.745,0.66,0.729,0.778,0.288,0.824,0.683,0.598,0.572,0.563,0.777,0.467,0.42,0.675,0.639,0.51,0.489,0.615,0.773,0.72,0.55,-0.037,0.468,0.186,0.699,0.434,0.52,-0.394,0.239,0.742,0.187,-0.042,0.076,-0.358,0.651,0.368,0.173,0.437,0.703,0.297,0.634,0.743,-0.14,0.473,-0.151,0.582,0.558,0.39,0.347,0.152,0.302,0.353,0.438,-0.309,-0.202,0.209,0.533,0.683,0.692,0.315,-0.118,0.374,0.296,-0.052,0.786,0.523,0.751,0.716,0.698,0.698,0.291,0.306,0.252,0.452,0.692,0.034,0.554,0.65,0.553,0.347,0.335,0.526,0.282,0.802,-0.312,0.433,0.78,0.66,0.787,0.427,0.696,0.727,0.738,0.751,0.358,0.331,-0.537,0.725,0.654,0.619,0.761,0.469,0.801,-0.068,0.438,0.588,0.668,0.203,0.582,0.615,0.725,-0.008,0.347,0.69,0.346,0.692,0.574,0.449,0.328,0.716,0.539,0.474,0.77,0.499,0.621,0.746
AGNCM,0.389,0.258,0.352,0.106,0.51,0.294,0.508,0.0,-0.299,0.093,0.204,0.131,0.156,0.186,0.09,0.325,0.08,0.501,0.216,0.495,0.361,0.329,0.244,0.61,0.34,-0.365,0.285,0.465,0.068,0.072,0.572,0.482,0.351,-0.353,0.27,0.179,0.513,0.596,-0.188,0.398,0.1,0.24,0.534,0.207,0.518,-0.011,0.255,0.28,-0.36,0.271,0.497,0.076,0.36,-0.097,-0.01,0.529,0.468,0.565,0.541,-0.251,0.46,0.163,0.269,-0.379,0.113,0.317,-0.073,0.586,0.424,0.533,0.507,0.264,0.599,-0.229,0.669,0.538,0.649,0.454,0.172,0.406,0.45,0.483,0.506,0.423,0.432,0.334,0.369,0.534,0.322,0.378,0.463,0.306,0.63,0.452,0.336,0.231,0.392,0.066,0.407,-0.166,0.28,-0.281,0.09,0.382,-0.009,-0.099,0.13,-0.405,0.456,-0.01,0.091,0.464,0.484,0.183,0.232,0.51,-0.122,0.412,-0.286,0.442,0.377,0.328,0.102,0.015,0.131,0.234,0.316,-0.304,-0.193,0.096,0.461,0.602,0.565,0.32,-0.242,0.217,0.184,0.097,0.737,0.291,0.497,0.533,0.259,0.518,0.254,0.288,0.328,0.379,0.369,-0.234,0.471,0.363,0.348,0.3,-0.095,0.442,0.222,0.535,-0.147,0.316,0.684,0.437,0.381,0.131,0.37,0.269,0.566,0.542,0.294,0.208,-0.175,0.671,0.572,0.435,0.463,0.021,0.538,-0.241,0.426,0.416,0.436,0.052,0.459,0.466,0.52,-0.106,0.222,0.251,0.072,0.589,0.409,0.373,0.184,0.374,0.106,0.405,0.546,0.238,0.5,0.42
AHCO,-0.686,-0.413,-0.456,-0.087,-0.057,-0.659,-0.075,-0.299,0.0,0.687,-0.769,0.666,-0.605,0.614,-0.736,-0.483,-0.46,-0.74,-0.045,-0.044,-0.442,-0.5,-0.761,-0.038,-0.359,-0.244,-0.505,-0.244,-0.583,-0.581,0.031,-0.382,-0.182,-0.024,-0.535,-0.087,0.185,0.003,0.776,-0.105,-0.638,-0.172,-0.253,-0.325,0.222,0.434,0.224,0.399,0.262,-0.525,0.233,-0.673,-0.198,0.753,-0.111,-0.616,0.214,-0.119,0.324,0.508,-0.032,-0.076,-0.265,0.021,-0.309,-0.587,0.463,-0.257,-0.801,-0.257,-0.373,-0.335,-0.002,-0.258,-0.303,-0.103,-0.109,0.253,-0.475,-0.027,0.231,-0.458,-0.514,-0.481,0.128,-0.731,-0.627,-0.06,-0.523,-0.409,-0.244,-0.42,-0.143,0.222,0.131,-0.601,0.577,-0.582,0.295,0.09,-0.587,-0.507,0.317,-0.223,-0.282,-0.292,-0.211,-0.153,-0.49,0.745,-0.729,-0.346,0.021,0.581,0.247,-0.348,0.188,0.074,0.415,0.405,-0.366,-0.661,-0.612,-0.27,-0.558,-0.664,-0.245,0.101,-0.116,0.75,-0.56,-0.381,-0.495,-0.753,-0.481,-0.662,0.46,-0.777,-0.161,-0.177,0.025,-0.093,-0.125,0.205,-0.706,-0.715,-0.653,-0.602,-0.209,-0.208,-0.66,0.435,-0.352,-0.604,-0.291,-0.508,-0.73,-0.126,-0.102,0.14,-0.141,0.481,-0.162,-0.013,-0.349,0.189,0.171,0.225,-0.532,0.459,-0.118,-0.02,-0.172,0.339,0.177,0.297,0.115,-0.478,-0.645,-0.513,0.166,0.41,-0.154,-0.45,-0.394,-0.04,-0.564,0.414,-0.46,-0.327,-0.436,0.306,-0.235,0.019,0.625,-0.596,0.208,-0.305,-0.037,-0.326
ALGT,-0.39,-0.167,-0.141,-0.127,0.224,-0.607,0.321,0.093,0.687,0.0,-0.739,0.826,-0.552,0.797,-0.637,-0.308,-0.265,-0.454,0.11,0.148,-0.284,-0.355,-0.653,0.332,-0.294,-0.326,-0.477,-0.025,-0.437,-0.561,0.275,-0.023,-0.127,-0.156,-0.445,0.094,0.552,0.335,0.73,0.151,-0.537,-0.125,-0.114,-0.143,0.584,0.579,0.361,0.66,0.242,-0.48,0.354,-0.65,-0.015,0.807,0.079,-0.271,0.497,0.276,0.513,0.424,0.225,0.274,-0.092,-0.201,-0.338,-0.257,0.502,-0.026,-0.514,-0.04,-0.093,-0.156,0.334,-0.292,0.021,0.227,0.171,0.483,-0.141,0.131,0.524,-0.281,-0.312,-0.156,0.456,-0.341,-0.277,0.15,-0.333,-0.208,-0.192,-0.039,0.184,0.507,0.198,-0.333,0.635,-0.474,0.381,0.254,-0.432,-0.548,0.622,-0.035,-0.226,-0.186,0.085,-0.289,-0.246,0.802,-0.694,-0.406,0.287,0.768,0.321,-0.134,0.152,0.181,0.45,0.648,-0.133,-0.482,-0.504,0.038,-0.405,-0.492,-0.119,-0.202,-0.009,0.783,-0.363,-0.177,-0.137,-0.615,-0.518,-0.57,0.699,-0.69,0.222,-0.178,0.379,0.184,0.051,0.491,-0.595,-0.614,-0.606,-0.439,-0.036,-0.335,-0.431,0.626,-0.308,-0.549,-0.228,-0.253,-0.551,0.095,-0.209,0.375,0.234,0.707,0.12,-0.011,-0.109,0.336,0.462,0.608,-0.508,0.671,-0.208,0.356,0.043,0.404,0.519,0.313,0.49,-0.541,-0.587,-0.39,0.32,0.682,0.068,-0.187,-0.199,-0.365,-0.513,0.649,-0.356,-0.105,-0.213,0.564,0.051,0.406,0.824,-0.383,0.483,-0.205,0.112,-0.122
ALLO,0.78,0.683,0.625,0.403,0.064,0.802,0.242,0.204,-0.769,-0.739,0.0,-0.724,0.742,-0.511,0.844,0.661,0.603,0.773,0.391,0.331,0.745,0.778,0.95,0.223,0.71,0.066,0.755,0.507,0.754,0.734,0.247,0.577,0.227,-0.209,0.778,0.455,-0.179,0.203,-0.822,0.368,0.844,0.438,0.555,0.536,-0.089,-0.596,-0.009,-0.333,-0.361,0.831,0.088,0.854,0.378,-0.815,0.283,0.728,-0.067,0.217,-0.112,-0.612,0.291,0.003,0.549,-0.114,0.555,0.56,-0.439,0.525,0.853,0.577,0.606,0.611,0.21,0.5,0.506,0.294,0.327,-0.026,0.41,0.417,-0.079,0.73,0.75,0.646,0.104,0.678,0.69,0.309,0.813,0.62,0.586,0.556,0.369,0.03,0.212,0.353,-0.376,0.71,0.046,0.03,0.868,0.482,-0.512,0.526,0.429,0.093,0.096,0.224,0.751,-0.645,0.93,0.622,0.228,-0.559,0.154,0.653,-0.025,0.247,-0.47,-0.232,0.615,0.847,0.856,0.177,0.749,0.814,0.521,0.091,0.026,-0.641,0.807,0.562,0.582,0.915,0.532,0.903,-0.463,0.799,0.307,0.55,0.133,0.34,0.489,-0.011,0.89,0.916,0.837,0.813,0.587,0.505,0.823,-0.203,0.683,0.885,0.558,0.734,0.878,0.438,0.145,-0.012,0.313,-0.353,0.441,0.26,0.674,0.175,0.02,-0.194,0.851,-0.389,-0.029,0.19,0.426,-0.004,-0.018,-0.099,0.014,0.591,0.886,0.84,0.112,-0.39,0.359,0.687,0.669,0.377,0.834,-0.238,0.72,0.627,0.634,-0.174,0.234,0.107,-0.475,0.811,-0.019,0.618,0.333,0.629
AMSF,-0.436,-0.321,-0.342,-0.194,0.144,-0.467,0.271,0.131,0.666,0.826,-0.724,0.0,-0.369,0.742,-0.715,-0.432,-0.396,-0.478,-0.012,0.102,-0.384,-0.446,-0.678,0.254,-0.372,-0.348,-0.469,-0.14,-0.531,-0.614,0.327,-0.192,-0.265,-0.169,-0.456,-0.034,0.603,0.244,0.711,0.146,-0.69,-0.248,-0.042,-0.235,0.588,0.64,0.47,0.554,0.384,-0.476,0.453,-0.756,-0.042,0.797,-0.078,-0.315,0.414,0.18,0.488,0.608,0.121,0.247,-0.124,-0.045,-0.325,-0.269,0.563,-0.076,-0.587,-0.103,-0.227,-0.256,0.274,-0.307,-0.011,0.172,0.128,0.401,-0.156,0.086,0.478,-0.346,-0.366,-0.308,0.393,-0.42,-0.455,0.083,-0.398,-0.327,-0.262,-0.266,0.128,0.391,0.116,-0.437,0.671,-0.619,0.468,0.096,-0.475,-0.629,0.728,-0.053,-0.314,-0.049,0.012,-0.305,-0.367,0.878,-0.711,-0.255,0.153,0.811,0.223,-0.177,0.063,0.194,0.467,0.5,-0.246,-0.599,-0.568,-0.204,-0.577,-0.549,-0.086,-0.143,-0.134,0.746,-0.445,-0.002,-0.132,-0.664,-0.513,-0.641,0.753,-0.777,0.23,-0.245,0.272,0.142,-0.088,0.522,-0.647,-0.673,-0.664,-0.522,-0.149,-0.436,-0.479,0.657,-0.342,-0.627,-0.456,-0.41,-0.638,0.005,-0.194,0.438,0.257,0.712,-0.035,0.196,-0.19,0.203,0.436,0.548,-0.58,0.644,-0.277,0.288,-0.014,0.415,0.349,0.183,0.38,-0.599,-0.542,-0.46,0.293,0.602,-0.063,-0.252,-0.251,-0.196,-0.479,0.636,-0.433,-0.123,-0.225,0.459,-0.184,0.349,0.675,-0.464,0.423,-0.333,0.013,-0.16
ANAB,0.493,0.372,0.31,0.272,0.041,0.831,0.231,0.156,-0.605,-0.552,0.742,-0.369,0.0,-0.396,0.562,0.35,0.433,0.437,0.223,0.086,0.382,0.402,0.608,0.025,0.363,0.176,0.459,0.209,0.544,0.537,0.177,0.214,0.003,-0.024,0.521,0.231,-0.059,-0.015,-0.519,0.373,0.495,0.153,0.416,0.303,0.011,-0.318,0.155,-0.332,0.141,0.634,0.143,0.5,0.107,-0.472,0.253,0.536,-0.02,0.035,-0.165,-0.142,0.089,0.102,0.274,0.246,0.435,0.48,-0.138,0.218,0.554,0.283,0.257,0.303,0.029,0.439,0.258,0.182,0.111,-0.144,0.313,0.247,-0.142,0.37,0.393,0.263,0.014,0.491,0.398,0.161,0.521,0.24,0.2,0.224,0.111,-0.112,0.035,0.245,-0.283,0.391,0.1,0.07,0.629,0.353,-0.039,0.438,0.453,0.432,0.147,0.266,0.362,-0.297,0.637,0.452,0.012,-0.267,0.006,0.35,-0.117,0.089,-0.126,-0.264,0.262,0.485,0.54,0.036,0.425,0.607,0.34,0.004,0.075,-0.508,0.418,0.59,0.463,0.559,0.504,0.574,-0.142,0.481,0.193,0.257,-0.017,0.117,0.159,-0.007,0.517,0.547,0.485,0.434,0.307,0.213,0.489,-0.146,0.385,0.459,0.306,0.373,0.584,0.154,0.177,0.164,0.272,-0.282,0.207,0.603,0.407,0.004,-0.089,-0.152,0.41,-0.312,-0.036,0.019,0.123,-0.089,-0.156,-0.154,-0.124,0.527,0.624,0.489,-0.02,-0.19,0.005,0.47,0.387,0.373,0.664,-0.094,0.385,0.327,0.549,-0.171,0.049,0.088,-0.347,0.432,-0.148,0.249,0.065,0.353
ANDE,-0.143,0.054,0.064,0.35,0.365,-0.421,0.551,0.186,0.614,0.797,-0.511,0.742,-0.396,0.0,-0.518,-0.202,-0.235,-0.254,0.377,0.533,0.041,-0.003,-0.445,0.615,0.025,-0.501,-0.364,0.242,-0.384,-0.35,0.526,0.191,-0.044,-0.473,-0.105,0.369,0.599,0.63,0.578,0.293,-0.423,0.256,0.265,0.193,0.697,0.288,0.39,0.69,0.041,-0.195,0.664,-0.527,0.273,0.7,0.212,-0.157,0.483,0.544,0.697,0.265,0.55,0.263,0.126,-0.428,-0.279,-0.316,0.267,0.353,-0.327,0.318,0.184,0.011,0.605,-0.345,0.335,0.375,0.506,0.806,-0.228,0.411,0.787,0.09,0.042,0.109,0.643,-0.246,-0.125,0.5,-0.106,0.126,0.14,0.085,0.459,0.676,0.478,-0.287,0.841,-0.285,0.588,0.183,-0.185,-0.732,0.495,0.283,-0.214,-0.293,-0.128,-0.508,0.047,0.823,-0.524,-0.035,0.542,0.675,0.535,0.192,-0.078,0.341,0.167,0.79,0.169,-0.194,-0.326,-0.066,-0.252,-0.345,-0.011,-0.316,-0.165,0.822,-0.083,0.088,0.005,-0.365,-0.684,-0.308,0.595,-0.648,0.379,0.267,0.644,0.496,0.34,0.663,-0.34,-0.4,-0.288,-0.124,0.305,-0.16,-0.12,0.701,0.037,-0.256,-0.03,0.004,-0.353,0.453,-0.375,0.211,0.41,0.824,0.399,0.139,0.123,0.544,0.74,0.815,-0.224,0.679,-0.499,0.507,0.407,0.741,0.738,0.529,0.735,-0.568,-0.262,-0.067,0.679,0.385,0.397,-0.021,0.164,-0.087,-0.247,0.876,-0.118,0.209,0.09,0.606,0.114,0.57,0.861,-0.121,0.758,0.179,0.473,0.263
APLS,0.705,0.717,0.703,0.307,0.11,0.654,0.083,0.09,-0.736,-0.637,0.844,-0.715,0.562,-0.518,0.0,0.583,0.774,0.587,0.438,0.253,0.751,0.735,0.85,0.147,0.731,0.389,0.716,0.486,0.891,0.704,0.12,0.604,0.367,0.027,0.785,0.461,-0.088,0.141,-0.658,0.305,0.907,0.379,0.269,0.675,-0.031,-0.306,-0.032,-0.076,-0.198,0.845,-0.119,0.928,0.523,-0.775,0.547,0.72,0.063,0.287,-0.08,-0.64,0.33,0.165,0.578,0.099,0.693,0.552,-0.201,0.403,0.894,0.456,0.584,0.729,0.177,0.432,0.397,0.374,0.256,-0.117,0.447,0.234,-0.049,0.614,0.639,0.685,0.04,0.676,0.757,0.314,0.607,0.69,0.493,0.597,0.278,0.057,0.267,0.556,-0.391,0.866,-0.22,0.138,0.827,0.721,-0.41,0.44,0.575,0.145,0.383,0.391,0.667,-0.71,0.917,0.261,0.319,-0.461,0.195,0.466,0.037,0.169,-0.177,-0.152,0.681,0.839,0.843,0.503,0.917,0.892,0.463,0.109,0.458,-0.504,0.76,0.285,0.521,0.868,0.504,0.887,-0.313,0.937,0.166,0.502,0.232,0.333,0.431,-0.052,0.911,0.874,0.803,0.805,0.533,0.674,0.744,-0.349,0.468,0.822,0.648,0.765,0.948,0.293,0.428,-0.028,0.202,-0.42,0.482,0.127,0.613,0.21,0.002,-0.274,0.749,-0.157,0.11,0.142,0.39,-0.13,0.006,-0.264,-0.092,0.724,0.634,0.658,0.107,-0.328,0.426,0.659,0.497,0.42,0.834,-0.244,0.779,0.509,0.684,0.042,0.494,0.221,-0.34,0.833,-0.144,0.646,0.292,0.527
APPF,0.705,0.679,0.681,0.22,0.33,0.429,0.412,0.325,-0.483,-0.308,0.661,-0.432,0.35,-0.202,0.583,0.0,0.628,0.621,0.484,0.424,0.616,0.656,0.696,0.348,0.541,-0.164,0.649,0.455,0.615,0.432,0.333,0.643,0.087,-0.248,0.53,0.431,0.024,0.332,-0.483,0.576,0.7,0.42,0.449,0.447,0.196,-0.344,0.173,-0.081,-0.27,0.561,0.147,0.522,0.3,-0.389,0.351,0.728,0.235,0.294,0.168,-0.368,0.413,0.263,0.511,-0.266,0.36,0.604,-0.205,0.471,0.688,0.578,0.573,0.576,0.316,0.397,0.487,0.414,0.333,0.165,0.442,0.523,0.055,0.586,0.591,0.626,0.311,0.618,0.61,0.379,0.742,0.508,0.445,0.688,0.45,0.338,0.278,0.206,-0.201,0.605,0.134,0.204,0.689,0.28,-0.333,0.41,0.489,-0.107,0.293,0.099,0.688,-0.423,0.672,0.407,0.398,-0.206,0.352,0.575,0.124,0.336,-0.288,-0.028,0.542,0.677,0.65,0.367,0.625,0.693,0.569,0.107,0.049,-0.43,0.728,0.442,0.765,0.619,0.407,0.687,-0.291,0.486,0.496,0.455,0.335,0.378,0.544,0.197,0.661,0.664,0.59,0.673,0.551,0.352,0.714,0.079,0.542,0.652,0.576,0.626,0.613,0.523,0.182,0.234,0.505,0.024,0.59,0.148,0.685,0.391,0.195,0.082,0.608,-0.136,-0.1,0.341,0.391,0.109,0.248,0.052,0.247,0.398,0.654,0.67,0.196,-0.052,0.37,0.684,0.577,0.006,0.489,-0.054,0.594,0.6,0.562,0.121,0.377,0.328,-0.089,0.706,0.14,0.496,0.299,0.558
ASML,0.617,0.746,0.789,0.22,0.163,0.452,0.358,0.08,-0.46,-0.265,0.603,-0.396,0.433,-0.235,0.774,0.628,0.0,0.414,0.652,0.324,0.631,0.578,0.66,0.197,0.571,0.281,0.641,0.443,0.911,0.557,0.22,0.625,0.195,0.052,0.641,0.593,0.062,0.172,-0.318,0.61,0.856,0.263,0.207,0.589,0.2,0.039,0.252,0.095,0.141,0.674,0.02,0.675,0.398,-0.362,0.746,0.71,0.424,0.318,0.094,-0.357,0.385,0.462,0.532,0.148,0.617,0.744,0.107,0.301,0.73,0.438,0.489,0.726,0.236,0.503,0.324,0.565,0.196,0.031,0.554,0.391,0.075,0.429,0.428,0.584,0.212,0.721,0.642,0.415,0.593,0.555,0.322,0.714,0.278,0.318,0.402,0.385,-0.248,0.775,-0.108,0.613,0.783,0.61,-0.152,0.45,0.746,0.258,0.598,0.447,0.574,-0.405,0.725,0.048,0.455,-0.072,0.418,0.409,0.211,0.222,0.183,0.033,0.625,0.665,0.718,0.724,0.877,0.872,0.515,0.148,0.584,-0.324,0.624,0.276,0.645,0.593,0.568,0.762,0.059,0.665,0.31,0.393,0.371,0.324,0.51,0.1,0.709,0.653,0.554,0.627,0.513,0.602,0.584,-0.114,0.3,0.617,0.7,0.628,0.764,0.322,0.499,0.323,0.299,-0.112,0.642,0.21,0.675,0.493,0.113,-0.096,0.552,0.086,0.106,0.233,0.318,-0.053,0.197,-0.113,0.067,0.798,0.443,0.517,0.187,-0.008,0.345,0.758,0.42,0.266,0.675,0.034,0.7,0.436,0.688,0.281,0.663,0.471,0.066,0.717,-0.064,0.506,0.206,0.493
ATRC,0.82,0.666,0.644,0.315,0.247,0.596,0.486,0.501,-0.74,-0.454,0.773,-0.478,0.437,-0.254,0.587,0.621,0.414,0.0,0.358,0.452,0.678,0.732,0.831,0.477,0.55,-0.252,0.569,0.589,0.503,0.598,0.416,0.678,0.247,-0.491,0.626,0.446,0.008,0.451,-0.789,0.355,0.624,0.38,0.645,0.483,0.065,-0.539,-0.075,-0.205,-0.578,0.548,0.214,0.634,0.401,-0.624,0.111,0.696,-0.004,0.397,0.027,-0.632,0.391,0.081,0.523,-0.523,0.183,0.563,-0.588,0.664,0.79,0.665,0.733,0.486,0.436,0.216,0.682,0.334,0.532,0.249,0.509,0.491,0.17,0.788,0.815,0.735,0.311,0.723,0.707,0.336,0.814,0.639,0.645,0.642,0.579,0.166,0.154,0.35,-0.205,0.47,0.202,-0.002,0.696,0.126,-0.379,0.509,0.133,-0.03,-0.016,-0.153,0.808,-0.474,0.695,0.666,0.316,-0.469,0.15,0.767,-0.156,0.23,-0.643,-0.049,0.594,0.749,0.708,0.14,0.548,0.614,0.427,-0.079,-0.227,-0.505,0.817,0.666,0.647,0.837,0.22,0.732,-0.392,0.605,0.535,0.46,0.332,0.482,0.544,0.178,0.737,0.808,0.698,0.767,0.576,0.233,0.822,0.023,0.708,0.767,0.312,0.727,0.687,0.578,-0.255,-0.008,0.459,-0.082,0.487,0.097,0.666,0.201,0.255,0.163,0.773,-0.266,-0.218,0.404,0.538,0.101,0.244,0.048,0.354,0.208,0.817,0.825,0.257,-0.324,0.532,0.647,0.779,0.027,0.603,-0.073,0.578,0.697,0.504,-0.114,0.221,0.217,-0.319,0.749,0.314,0.548,0.455,0.687
AVGO,0.552,0.793,0.809,0.607,0.346,0.28,0.701,0.216,-0.045,0.11,0.391,-0.012,0.223,0.377,0.438,0.484,0.652,0.358,0.0,0.791,0.745,0.696,0.452,0.641,0.719,-0.198,0.433,0.699,0.589,0.424,0.648,0.741,0.245,-0.419,0.62,0.877,0.401,0.66,-0.052,0.749,0.578,0.551,0.555,0.754,0.606,-0.073,0.439,0.454,-0.03,0.634,0.586,0.394,0.611,0.009,0.804,0.601,0.592,0.636,0.571,-0.295,0.83,0.462,0.683,-0.264,0.483,0.389,0.129,0.665,0.504,0.758,0.704,0.738,0.668,0.267,0.646,0.716,0.636,0.659,0.292,0.776,0.606,0.655,0.617,0.697,0.66,0.445,0.532,0.759,0.642,0.703,0.625,0.68,0.659,0.735,0.688,0.069,0.38,0.52,0.438,0.617,0.721,0.029,0.009,0.751,0.517,-0.185,0.257,0.021,0.711,0.13,0.428,0.279,0.827,0.216,0.778,0.688,0.124,0.529,0.027,0.542,0.76,0.586,0.597,0.473,0.69,0.587,0.543,-0.006,0.208,0.202,0.674,0.463,0.604,0.454,0.019,0.617,0.238,0.229,0.548,0.724,0.769,0.728,0.818,0.556,0.527,0.482,0.487,0.656,0.841,0.536,0.59,0.422,0.521,0.539,0.658,0.707,0.516,0.725,0.127,0.359,0.607,0.431,0.895,0.352,0.794,0.887,0.621,0.437,0.542,0.41,-0.38,0.587,0.682,0.56,0.665,0.323,0.571,0.335,0.44,0.648,0.746,0.121,0.675,0.73,0.691,0.361,0.59,0.575,0.636,0.707,0.75,0.577,0.572,0.72,0.541,0.677,0.535,0.764,0.682,0.771
AVT,0.597,0.674,0.673,0.686,0.512,0.205,0.733,0.495,-0.044,0.148,0.331,0.102,0.086,0.533,0.253,0.424,0.324,0.452,0.791,0.0,0.737,0.72,0.38,0.858,0.694,-0.472,0.34,0.727,0.282,0.293,0.779,0.756,0.264,-0.674,0.637,0.757,0.471,0.873,-0.097,0.64,0.35,0.667,0.726,0.716,0.685,-0.212,0.385,0.462,-0.364,0.546,0.75,0.241,0.657,-0.013,0.469,0.517,0.518,0.789,0.744,-0.348,0.919,0.376,0.663,-0.553,0.321,0.232,-0.097,0.861,0.482,0.875,0.773,0.617,0.831,-0.033,0.842,0.708,0.858,0.86,0.133,0.802,0.745,0.77,0.747,0.74,0.772,0.36,0.477,0.878,0.599,0.771,0.752,0.566,0.839,0.802,0.788,0.073,0.591,0.416,0.605,0.225,0.587,-0.321,-0.039,0.734,0.182,-0.288,-0.02,-0.379,0.727,0.211,0.304,0.551,0.888,0.184,0.704,0.81,-0.095,0.606,-0.281,0.672,0.779,0.551,0.409,0.169,0.45,0.412,0.483,-0.239,-0.16,0.303,0.676,0.577,0.579,0.451,-0.265,0.534,0.164,0.071,0.727,0.838,0.84,0.87,0.8,0.672,0.493,0.44,0.524,0.651,0.84,0.266,0.676,0.53,0.651,0.549,0.462,0.693,0.413,0.9,-0.138,0.218,0.74,0.596,0.838,0.253,0.747,0.772,0.835,0.701,0.55,0.382,-0.552,0.758,0.864,0.794,0.782,0.456,0.784,-0.048,0.556,0.677,0.848,-0.009,0.812,0.671,0.791,0.274,0.464,0.632,0.501,0.828,0.729,0.513,0.448,0.707,0.475,0.68,0.802,0.773,0.856,0.858
AXDX,0.762,0.899,0.855,0.594,0.307,0.521,0.518,0.361,-0.442,-0.284,0.745,-0.384,0.382,0.041,0.751,0.616,0.631,0.678,0.745,0.737,0.0,0.933,0.798,0.67,0.941,-0.121,0.721,0.823,0.733,0.582,0.61,0.894,0.395,-0.483,0.853,0.818,0.259,0.678,-0.511,0.577,0.775,0.662,0.683,0.842,0.397,-0.344,0.24,0.267,-0.455,0.857,0.439,0.742,0.782,-0.54,0.577,0.768,0.343,0.684,0.409,-0.672,0.772,0.229,0.807,-0.373,0.583,0.41,-0.206,0.846,0.825,0.879,0.89,0.869,0.693,0.32,0.818,0.691,0.745,0.475,0.372,0.703,0.472,0.911,0.903,0.903,0.542,0.586,0.783,0.7,0.774,0.915,0.837,0.77,0.762,0.545,0.631,0.276,0.155,0.71,0.327,0.153,0.885,0.23,-0.327,0.734,0.353,-0.228,0.195,0.004,0.936,-0.303,0.747,0.535,0.738,-0.165,0.619,0.852,0.046,0.562,-0.334,0.344,0.93,0.881,0.819,0.341,0.834,0.762,0.643,-0.018,0.148,-0.091,0.938,0.55,0.625,0.86,0.108,0.866,-0.091,0.626,0.571,0.829,0.675,0.784,0.833,0.451,0.874,0.837,0.81,0.915,0.899,0.644,0.863,0.195,0.73,0.907,0.636,0.948,0.845,0.78,0.099,0.14,0.603,0.121,0.819,0.267,0.884,0.637,0.541,0.239,0.886,0.172,-0.273,0.6,0.83,0.457,0.502,0.104,0.46,0.328,0.724,0.893,0.629,-0.162,0.812,0.791,0.845,0.419,0.832,0.234,0.848,0.887,0.783,0.393,0.476,0.573,0.086,0.942,0.456,0.906,0.748,0.883
AXSM,0.824,0.892,0.845,0.657,0.293,0.552,0.522,0.329,-0.5,-0.355,0.778,-0.446,0.402,-0.003,0.735,0.656,0.578,0.732,0.696,0.72,0.933,0.0,0.824,0.648,0.884,-0.156,0.662,0.76,0.669,0.608,0.586,0.847,0.305,-0.535,0.871,0.777,0.164,0.657,-0.595,0.562,0.75,0.786,0.723,0.854,0.338,-0.48,0.16,0.135,-0.499,0.821,0.421,0.725,0.694,-0.573,0.499,0.731,0.225,0.643,0.339,-0.676,0.749,0.254,0.826,-0.44,0.491,0.409,-0.337,0.835,0.84,0.88,0.886,0.806,0.628,0.298,0.808,0.585,0.72,0.474,0.393,0.712,0.42,0.922,0.92,0.9,0.533,0.611,0.755,0.662,0.826,0.905,0.821,0.733,0.731,0.473,0.607,0.278,0.08,0.73,0.308,0.138,0.874,0.181,-0.36,0.744,0.315,-0.176,0.054,-0.041,0.923,-0.319,0.779,0.619,0.696,-0.303,0.554,0.871,-0.11,0.487,-0.462,0.234,0.897,0.875,0.83,0.256,0.804,0.747,0.608,-0.066,0.011,-0.199,0.928,0.558,0.648,0.872,0.122,0.88,-0.233,0.616,0.522,0.844,0.628,0.755,0.813,0.394,0.886,0.871,0.838,0.944,0.876,0.599,0.926,0.143,0.802,0.899,0.672,0.901,0.83,0.793,-0.004,0.056,0.578,0.084,0.797,0.247,0.864,0.575,0.496,0.249,0.88,0.04,-0.314,0.54,0.775,0.429,0.471,0.199,0.441,0.311,0.779,0.906,0.568,-0.251,0.774,0.773,0.871,0.409,0.819,0.193,0.832,0.866,0.776,0.225,0.449,0.534,0.008,0.933,0.451,0.92,0.723,0.907
AZN,0.82,0.777,0.705,0.342,0.076,0.721,0.312,0.244,-0.761,-0.653,0.95,-0.678,0.608,-0.445,0.85,0.696,0.66,0.831,0.452,0.38,0.798,0.824,0.0,0.317,0.736,0.017,0.802,0.569,0.795,0.67,0.352,0.7,0.178,-0.299,0.793,0.56,-0.067,0.295,-0.821,0.437,0.87,0.422,0.577,0.597,0.005,-0.502,0.067,-0.22,-0.397,0.805,0.117,0.856,0.434,-0.807,0.327,0.794,-0.017,0.323,-0.029,-0.666,0.376,0.118,0.667,-0.21,0.549,0.633,-0.385,0.578,0.888,0.646,0.672,0.719,0.31,0.519,0.575,0.391,0.397,0.045,0.541,0.488,0.019,0.767,0.785,0.748,0.227,0.744,0.758,0.33,0.835,0.683,0.611,0.692,0.477,0.141,0.262,0.306,-0.347,0.713,0.087,0.095,0.893,0.477,-0.486,0.544,0.351,0.03,0.176,0.239,0.825,-0.613,0.933,0.57,0.324,-0.492,0.271,0.715,0.037,0.345,-0.432,-0.186,0.699,0.85,0.922,0.261,0.793,0.829,0.629,0.154,0.075,-0.598,0.865,0.552,0.625,0.929,0.528,0.91,-0.382,0.808,0.372,0.545,0.26,0.443,0.603,0.11,0.929,0.947,0.793,0.852,0.639,0.574,0.851,-0.097,0.663,0.91,0.544,0.777,0.888,0.499,0.138,0.082,0.381,-0.253,0.535,0.236,0.764,0.269,0.11,-0.154,0.891,-0.26,-0.084,0.282,0.489,0.03,0.072,-0.132,0.092,0.542,0.836,0.855,0.177,-0.285,0.453,0.733,0.693,0.359,0.852,-0.201,0.824,0.695,0.623,-0.074,0.266,0.244,-0.382,0.87,0.053,0.667,0.36,0.687
BANR,0.524,0.641,0.598,0.54,0.542,0.153,0.791,0.61,-0.038,0.332,0.223,0.254,0.025,0.615,0.147,0.348,0.197,0.477,0.641,0.858,0.67,0.648,0.317,0.0,0.624,-0.509,0.26,0.783,0.16,0.131,0.868,0.801,0.267,-0.722,0.53,0.734,0.656,0.987,-0.126,0.573,0.203,0.583,0.738,0.629,0.772,-0.068,0.416,0.607,-0.405,0.433,0.769,0.163,0.701,-0.005,0.342,0.521,0.531,0.916,0.763,-0.339,0.874,0.298,0.655,-0.684,0.139,0.149,-0.08,0.904,0.437,0.866,0.8,0.569,0.966,-0.086,0.917,0.764,0.947,0.886,0.192,0.765,0.88,0.752,0.74,0.749,0.856,0.33,0.541,0.795,0.549,0.713,0.724,0.615,0.954,0.838,0.693,0.054,0.642,0.236,0.676,0.092,0.469,-0.422,0.12,0.695,0.009,-0.316,0.007,-0.46,0.724,0.297,0.181,0.471,0.84,0.278,0.687,0.805,-0.112,0.657,-0.268,0.734,0.755,0.491,0.333,0.072,0.327,0.271,0.459,-0.293,-0.166,0.418,0.644,0.575,0.568,0.414,-0.393,0.375,0.303,0.031,0.806,0.682,0.891,0.912,0.765,0.811,0.39,0.374,0.372,0.567,0.793,0.15,0.603,0.662,0.609,0.487,0.306,0.685,0.35,0.897,-0.328,0.273,0.813,0.661,0.798,0.22,0.718,0.697,0.935,0.798,0.506,0.533,-0.496,0.883,0.891,0.816,0.874,0.38,0.899,-0.292,0.432,0.631,0.828,0.179,0.85,0.607,0.749,0.069,0.386,0.722,0.434,0.833,0.593,0.59,0.306,0.758,0.517,0.605,0.911,0.682,0.849,0.806
BBIO,0.634,0.799,0.768,0.614,0.306,0.543,0.413,0.34,-0.359,-0.294,0.71,-0.372,0.363,0.025,0.731,0.541,0.571,0.55,0.719,0.694,0.941,0.884,0.736,0.624,0.0,-0.057,0.708,0.793,0.682,0.561,0.573,0.81,0.469,-0.362,0.81,0.759,0.271,0.643,-0.447,0.508,0.733,0.676,0.649,0.791,0.389,-0.305,0.261,0.316,-0.402,0.898,0.456,0.73,0.802,-0.53,0.567,0.713,0.362,0.657,0.459,-0.655,0.746,0.085,0.773,-0.254,0.651,0.287,-0.122,0.818,0.75,0.83,0.841,0.849,0.66,0.288,0.763,0.692,0.725,0.431,0.254,0.653,0.465,0.859,0.852,0.826,0.483,0.47,0.706,0.722,0.693,0.871,0.84,0.655,0.717,0.527,0.66,0.256,0.223,0.682,0.316,0.091,0.836,0.261,-0.334,0.731,0.359,-0.267,0.183,0.057,0.862,-0.285,0.692,0.496,0.726,-0.118,0.636,0.77,0.089,0.608,-0.278,0.384,0.903,0.842,0.749,0.274,0.814,0.71,0.625,0.018,0.197,-0.001,0.89,0.472,0.534,0.799,0.051,0.809,-0.052,0.614,0.507,0.834,0.624,0.757,0.755,0.454,0.824,0.793,0.802,0.879,0.882,0.662,0.783,0.172,0.649,0.876,0.605,0.911,0.814,0.741,0.189,0.128,0.547,0.113,0.768,0.239,0.805,0.63,0.534,0.168,0.858,0.221,-0.172,0.574,0.82,0.52,0.474,0.035,0.381,0.329,0.678,0.842,0.639,-0.159,0.775,0.735,0.764,0.517,0.841,0.238,0.793,0.853,0.76,0.441,0.446,0.5,0.08,0.888,0.418,0.894,0.766,0.812
BCYC,-0.117,-0.12,-0.058,-0.2,-0.207,0.132,-0.529,-0.365,-0.244,-0.326,0.066,-0.348,0.176,-0.501,0.389,-0.164,0.281,-0.252,-0.198,-0.472,-0.121,-0.156,0.017,-0.509,-0.057,0.0,0.015,-0.23,0.302,0.217,-0.549,-0.235,0.145,0.677,0.063,-0.25,-0.306,-0.519,-0.046,-0.284,0.202,-0.225,-0.526,-0.025,-0.378,0.214,-0.244,-0.114,0.362,0.137,-0.597,0.304,0.021,-0.237,0.222,-0.069,-0.131,-0.29,-0.432,-0.05,-0.356,-0.055,-0.137,0.67,0.276,0.059,0.143,-0.412,0.114,-0.431,-0.248,-0.013,-0.463,0.037,-0.426,-0.126,-0.446,-0.604,-0.036,-0.514,-0.404,-0.298,-0.267,-0.177,-0.492,0.058,0.057,-0.259,-0.274,-0.066,-0.311,-0.156,-0.493,-0.454,-0.174,0.433,-0.485,0.297,-0.677,0.03,-0.003,0.654,-0.041,-0.239,0.365,0.429,0.32,0.472,-0.28,-0.438,0.199,-0.465,-0.298,-0.212,-0.331,-0.45,-0.02,-0.402,0.364,-0.353,-0.097,0.033,0.027,0.353,0.259,0.227,-0.235,0.043,0.671,-0.211,-0.15,-0.409,-0.188,0.041,0.306,0.087,-0.05,0.41,-0.492,-0.211,-0.332,-0.379,-0.384,-0.505,0.118,0.054,0.087,-0.044,-0.297,0.204,-0.151,-0.667,-0.402,-0.026,0.145,-0.077,0.254,-0.5,0.548,-0.222,-0.495,-0.633,-0.224,-0.141,-0.249,-0.324,-0.487,-0.563,-0.135,-0.124,0.496,-0.481,-0.326,-0.579,-0.438,-0.505,-0.603,0.528,-0.21,-0.279,-0.438,-0.204,-0.27,-0.102,-0.375,0.168,0.13,-0.411,0.033,-0.399,0.028,-0.139,0.236,-0.239,-0.314,-0.03,-0.63,-0.147,-0.375,-0.346
BHFAP,0.616,0.669,0.606,0.087,-0.064,0.535,0.213,0.285,-0.505,-0.477,0.755,-0.469,0.459,-0.364,0.716,0.649,0.641,0.569,0.433,0.34,0.721,0.662,0.802,0.26,0.708,0.015,0.0,0.504,0.771,0.372,0.373,0.636,0.106,-0.151,0.596,0.507,0.102,0.258,-0.552,0.544,0.782,0.286,0.471,0.444,0.164,-0.194,0.366,-0.009,-0.234,0.731,0.182,0.663,0.431,-0.614,0.357,0.775,0.255,0.269,0.164,-0.495,0.369,0.151,0.669,-0.006,0.645,0.61,0.004,0.471,0.71,0.553,0.522,0.787,0.3,0.607,0.481,0.556,0.332,-0.02,0.531,0.494,0.027,0.586,0.588,0.606,0.264,0.554,0.585,0.298,0.65,0.538,0.505,0.631,0.463,0.288,0.341,0.061,-0.182,0.583,0.164,0.1,0.788,0.506,-0.383,0.398,0.349,-0.184,0.419,0.406,0.698,-0.515,0.765,0.405,0.39,-0.158,0.377,0.567,0.377,0.583,-0.136,-0.096,0.62,0.684,0.783,0.311,0.725,0.738,0.809,0.346,0.209,-0.385,0.754,0.464,0.592,0.719,0.543,0.761,-0.132,0.646,0.443,0.437,0.267,0.425,0.576,0.274,0.793,0.756,0.617,0.706,0.569,0.587,0.658,0.094,0.413,0.77,0.428,0.65,0.734,0.415,0.449,0.405,0.456,-0.066,0.47,0.27,0.72,0.391,0.162,-0.222,0.739,0.007,0.036,0.375,0.438,0.12,0.056,-0.327,0.007,0.519,0.605,0.678,0.185,0.021,0.361,0.682,0.499,0.34,0.729,-0.215,0.765,0.658,0.502,0.223,0.233,0.324,-0.209,0.779,-0.003,0.543,0.251,0.531
BKR,0.606,0.791,0.71,0.573,0.413,0.416,0.597,0.465,-0.244,-0.025,0.507,-0.14,0.209,0.242,0.486,0.455,0.443,0.589,0.699,0.727,0.823,0.76,0.569,0.783,0.793,-0.23,0.504,0.0,0.458,0.475,0.673,0.816,0.492,-0.586,0.717,0.748,0.326,0.791,-0.396,0.514,0.512,0.512,0.706,0.698,0.508,-0.219,0.206,0.39,-0.48,0.666,0.561,0.54,0.768,-0.303,0.429,0.613,0.467,0.756,0.535,-0.58,0.784,0.135,0.685,-0.511,0.321,0.212,-0.233,0.885,0.641,0.853,0.879,0.711,0.79,0.051,0.842,0.679,0.823,0.634,0.225,0.699,0.612,0.856,0.842,0.798,0.644,0.39,0.712,0.754,0.658,0.843,0.84,0.655,0.816,0.626,0.646,0.2,0.361,0.466,0.455,0.101,0.66,-0.078,-0.21,0.731,0.181,-0.238,0.055,-0.255,0.826,-0.072,0.483,0.497,0.75,-0.019,0.638,0.822,-0.115,0.512,-0.364,0.557,0.803,0.728,0.574,0.185,0.617,0.548,0.457,-0.183,0.021,0.153,0.818,0.557,0.591,0.686,-0.147,0.648,0.037,0.397,0.592,0.763,0.715,0.815,0.771,0.552,0.635,0.656,0.644,0.765,0.834,0.41,0.716,0.354,0.695,0.744,0.464,0.876,0.635,0.811,-0.139,0.15,0.627,0.278,0.792,0.261,0.785,0.642,0.676,0.445,0.751,0.31,-0.263,0.733,0.847,0.58,0.691,0.21,0.641,0.058,0.584,0.797,0.69,-0.065,0.841,0.724,0.834,0.215,0.649,0.427,0.601,0.814,0.656,0.448,0.352,0.592,0.259,0.759,0.657,0.766,0.825,0.825
BLDP,0.641,0.759,0.77,0.209,0.056,0.584,0.245,0.068,-0.583,-0.437,0.754,-0.531,0.544,-0.384,0.891,0.615,0.911,0.503,0.589,0.282,0.733,0.669,0.795,0.16,0.682,0.302,0.771,0.458,0.0,0.614,0.227,0.631,0.206,0.026,0.692,0.585,0.026,0.146,-0.49,0.54,0.923,0.311,0.295,0.619,0.111,-0.116,0.204,0.005,-0.002,0.782,0.014,0.81,0.427,-0.572,0.663,0.757,0.297,0.275,0.021,-0.483,0.362,0.361,0.618,0.156,0.731,0.706,0.039,0.346,0.8,0.466,0.533,0.791,0.21,0.609,0.364,0.511,0.223,-0.057,0.574,0.388,0.003,0.522,0.526,0.633,0.177,0.695,0.678,0.326,0.648,0.592,0.4,0.676,0.297,0.218,0.326,0.346,-0.321,0.777,-0.075,0.425,0.863,0.713,-0.269,0.486,0.643,0.141,0.523,0.511,0.655,-0.517,0.85,0.168,0.398,-0.216,0.38,0.474,0.251,0.283,0.057,-0.077,0.656,0.739,0.859,0.612,0.913,0.895,0.614,0.244,0.499,-0.434,0.71,0.326,0.578,0.742,0.617,0.837,-0.077,0.795,0.267,0.426,0.301,0.343,0.52,0.076,0.818,0.784,0.65,0.721,0.563,0.693,0.65,-0.142,0.376,0.723,0.655,0.696,0.854,0.309,0.514,0.285,0.295,-0.235,0.566,0.277,0.699,0.417,0.045,-0.234,0.673,-0.017,0.107,0.213,0.341,-0.084,0.068,-0.246,-0.027,0.798,0.54,0.615,0.162,-0.06,0.347,0.728,0.471,0.411,0.811,-0.125,0.804,0.511,0.663,0.195,0.524,0.369,-0.121,0.781,-0.123,0.58,0.217,0.523
BLFS,0.607,0.554,0.594,0.54,0.287,0.698,0.225,0.072,-0.581,-0.561,0.734,-0.614,0.537,-0.35,0.704,0.432,0.557,0.598,0.424,0.293,0.582,0.608,0.67,0.131,0.561,0.217,0.372,0.475,0.614,0.0,0.071,0.389,0.515,-0.129,0.702,0.38,-0.348,0.131,-0.67,0.196,0.691,0.371,0.373,0.508,-0.138,-0.537,-0.304,-0.303,-0.279,0.674,0.027,0.787,0.375,-0.549,0.331,0.439,0.001,0.158,-0.107,-0.612,0.239,-0.038,0.309,-0.114,0.378,0.349,-0.495,0.424,0.671,0.441,0.588,0.358,0.125,0.13,0.355,0.148,0.273,0.079,0.183,0.269,-0.032,0.62,0.628,0.48,-0.029,0.52,0.566,0.397,0.642,0.617,0.535,0.316,0.178,-0.075,0.216,0.561,-0.293,0.644,-0.08,0.157,0.663,0.336,-0.484,0.564,0.482,0.312,-0.088,0.002,0.574,-0.474,0.697,0.444,0.227,-0.594,0.108,0.499,-0.312,-0.154,-0.42,-0.002,0.471,0.714,0.622,0.223,0.653,0.71,0.066,-0.158,0.073,-0.44,0.637,0.431,0.403,0.747,0.227,0.768,-0.42,0.659,0.151,0.558,0.149,0.234,0.332,-0.218,0.674,0.73,0.782,0.671,0.485,0.315,0.636,-0.376,0.596,0.695,0.543,0.649,0.744,0.37,0.039,-0.288,0.035,-0.432,0.439,0.15,0.471,0.161,-0.03,-0.049,0.663,-0.397,-0.034,0.04,0.361,-0.082,0.086,0.142,0.077,0.565,0.728,0.672,0.143,-0.619,0.404,0.559,0.616,0.3,0.672,-0.075,0.475,0.406,0.588,-0.202,0.388,-0.002,-0.316,0.601,0.046,0.522,0.402,0.527
BLKB,0.459,0.623,0.521,0.403,0.427,0.278,0.795,0.572,0.031,0.275,0.247,0.327,0.177,0.526,0.12,0.333,0.22,0.416,0.648,0.779,0.61,0.586,0.352,0.868,0.573,-0.549,0.373,0.673,0.227,0.071,0.0,0.717,0.062,-0.745,0.485,0.748,0.717,0.867,-0.089,0.719,0.199,0.442,0.799,0.566,0.832,0.007,0.674,0.531,-0.227,0.454,0.876,0.131,0.549,0.02,0.298,0.564,0.573,0.783,0.782,-0.2,0.815,0.42,0.73,-0.5,0.277,0.275,0.152,0.799,0.366,0.833,0.696,0.618,0.882,0.117,0.851,0.753,0.859,0.786,0.31,0.844,0.794,0.664,0.644,0.638,0.887,0.267,0.399,0.687,0.556,0.572,0.642,0.535,0.907,0.818,0.672,-0.219,0.642,0.126,0.832,0.162,0.526,-0.36,0.216,0.739,-0.018,-0.243,0.074,-0.269,0.667,0.4,0.211,0.514,0.787,0.362,0.764,0.8,0.064,0.797,-0.108,0.622,0.661,0.355,0.404,-0.025,0.277,0.284,0.667,-0.054,-0.204,0.364,0.586,0.673,0.591,0.357,-0.204,0.351,0.411,-0.017,0.797,0.592,0.807,0.884,0.756,0.882,0.356,0.363,0.24,0.49,0.77,0.188,0.544,0.805,0.571,0.425,0.189,0.563,0.284,0.821,-0.171,0.556,0.877,0.715,0.742,0.52,0.757,0.736,0.86,0.657,0.469,0.549,-0.559,0.877,0.786,0.792,0.719,0.265,0.732,-0.224,0.42,0.604,0.768,0.334,0.68,0.601,0.699,0.276,0.475,0.646,0.464,0.841,0.565,0.57,0.144,0.768,0.517,0.543,0.808,0.586,0.724,0.78
