,ABAT,ACLS,ACMR,ADMA,ADUS,ADVM,AEIS,AGNCM,AHCO,ALGT,ALLO,AMSF,ANAB,ANDE,APLS,APPF,ASML,ATRC,AVGO,AVT,AXDX,AXSM,AZN,BANR,BBIO,BCYC,BHFAP,BKR,BLDP,BLFS,BLKB,BLMN,BNTX,BPMC,CALM,CAMT,CASH,CATY,CCEP,CDLX,CDNS,CENN,CENX,CGC,CHDN,CLBK,COKE,COLB,COO,CORT,CRMT,CRNX,CRTO,CRVL,CSCO,CSQ,CSWI,CVBF,CWST,CYCC,CZR,DLTR,DORM,ENTA,EQIX,ERIC,EVRG,EWBC,EXAS,EXLS,EXPI,EYE,FBNC,FBRX,FCNCA,FELE,FIBK,FLEX,FRGT,FRHC,FRME,FWONA,FWONK,GDEN,GIII,GILD,GLNG,GNTX,GOOGL,GRPN,HCSG,HIMX,HOPE,HST,HTLD,HUT,HWC,ICUI,IESC,INTC,INTU,IOVA,IPAR,IPGP,ISRG,JBSS,KALU,KPRX,KRNT,LAUR,LBRDA,LBTYK,LECO,LILAK,LITE,MANH,MDXG,MFIC,MGEE,MIDD,MLAB,MMSI,MNKD,MOMO,MRVL,NICE,NMFC,NUWE,NVCR,NWBI,OFIX,OFLX,OMCL,OPK,ORKA,ORLY,OTTR,PDD,PNTG,POOL,POWL,PPBI,PPC,PRAA,PRPL,PZZA,QTRX,QURE,RDFN,RDHL,REAL,REG,REYN,RGLD,RIOT,RUN,RYTM,SAIA,SBAC,SBRA,SCVL,SHOO,SLAB,SLDB,SMCI,SMTC,SRCE,SSP,SSRM,STBA,STRO,SVC,SYBT,TCBI,TCOM,TENX,TH,TMUS,TNDM,TTD,TTMI,UAL,ULH,ULTA,VCYT,VIRT,VKTX,VOD,VRDN,VREX,VRNT,VSAT,WB,WBD,WDC,WEN,WSFS,XXII,Z,ZBRA
ABAT,0.0,-0.151,-0.029,0.137,-0.03,0.082,-0.093,0.095,0.065,-0.137,0.133,0.054,-0.006,-0.252,0.109,-0.114,-0.009,0.006,0.058,0.06,-0.277,0.205,0.045,-0.153,0.224,-0.041,0.051,-0.041,0.051,0.224,0.366,-0.067,-0.436,0.02,-0.123,0.033,0.234,-0.049,-0.045,-0.102,-0.026,-0.09,-0.07,0.087,-0.026,0.074,-0.134,-0.049,0.089,0.034,-0.035,0.211,0.064,0.09,-0.017,0.022,-0.063,-0.096,-0.06,-0.045,-0.011,0.143,0.109,0.185,-0.17,0.016,-0.248,0.024,0.149,-0.141,-0.088,-0.1,-0.007,-0.029,0.028,-0.218,-0.021,0.109,0.329,-0.026,0.03,0.135,0.129,-0.108,0.16,0.03,-0.063,-0.16,-0.013,-0.051,0.219,0.06,-0.113,0.085,-0.135,0.28,-0.135,-0.087,0.125,-0.12,-0.226,0.069,-0.143,-0.17,-0.091,-0.037,-0.221,0.014,-0.077,0.382,-0.06,0.172,-0.155,-0.08,-0.084,0.047,0.027,-0.08,0.045,-0.087,0.22,-0.03,0.117,0.135,0.009,0.028,-0.084,-0.16,0.035,-0.174,-0.03,0.006,-0.131,-0.069,0.144,-0.138,-0.074,0.059,0.071,-0.01,0.085,-0.009,0.236,-0.049,0.132,0.329,0.077,0.004,-0.042,0.082,-0.013,-0.149,0.172,-0.031,-0.025,-0.055,-0.002,-0.201,-0.213,0.093,-0.052,0.123,-0.077,0.126,-0.05,0.01,0.036,-0.082,0.079,-0.041,0.038,0.309,-0.018,0.085,0.271,-0.059,-0.28,0.146,-0.037,0.033,0.007,-0.01,-0.27,-0.002,0.028,0.153,0.104,0.047,0.086,-0.151,-0.059,-0.119,0.264,0.089,-0.064,0.079,-0.031,0.114,-0.057,-0.032
ACLS,-0.151,0.0,0.858,0.494,0.622,0.475,0.923,0.87,0.711,0.426,0.648,0.708,0.751,0.058,0.605,0.526,0.894,0.811,0.842,0.879,0.867,0.387,0.732,0.531,0.526,0.733,0.845,0.842,0.702,0.08,0.405,0.806,-0.469,0.768,0.295,0.85,-0.104,0.83,0.743,0.772,0.874,0.271,0.74,0.722,0.794,0.802,0.744,0.19,0.753,0.53,0.876,0.425,0.734,0.086,0.752,0.894,0.631,0.543,0.62,0.436,0.822,0.478,-0.23,0.684,0.785,0.745,0.706,-0.148,0.755,0.853,0.599,0.803,0.734,-0.414,0.758,0.241,0.32,0.769,0.318,0.898,0.162,0.523,0.362,0.797,0.714,-0.196,-0.393,0.671,0.818,0.713,0.225,0.859,0.45,0.562,0.83,0.205,0.901,0.649,0.839,0.867,0.883,0.689,0.528,0.368,0.838,0.65,0.778,0.652,0.348,0.49,0.88,0.473,0.722,0.758,0.884,0.848,0.545,0.181,0.041,0.606,0.433,0.806,0.445,0.623,0.847,0.822,0.42,0.535,0.756,0.455,0.862,0.812,0.714,-0.042,0.712,0.858,0.711,0.795,0.795,0.508,0.645,0.799,0.664,0.377,0.352,0.555,0.74,0.743,0.883,0.73,0.222,0.507,0.479,0.885,0.768,0.733,0.631,0.45,0.769,0.778,0.671,0.746,0.944,-0.129,0.865,0.774,0.843,-0.161,0.727,0.478,0.677,0.433,0.748,0.516,0.575,0.668,0.628,0.772,0.777,0.791,0.831,0.478,0.48,0.863,0.766,0.756,0.676,0.647,0.631,0.824,0.581,0.901,0.543,0.542,0.875,0.845,0.777,0.445,0.793,0.706
ACMR,-0.029,0.858,0.0,0.706,0.812,0.56,0.848,0.839,0.81,0.17,0.702,0.766,0.756,0.058,0.809,0.365,0.962,0.913,0.934,0.937,0.643,0.574,0.766,0.335,0.743,0.699,0.652,0.786,0.795,0.164,0.559,0.761,-0.725,0.829,0.189,0.947,-0.164,0.849,0.794,0.545,0.943,0.292,0.608,0.874,0.841,0.892,0.705,-0.045,0.756,0.646,0.692,0.472,0.833,-0.027,0.848,0.837,0.446,0.458,0.475,0.435,0.834,0.594,-0.199,0.867,0.739,0.876,0.57,-0.299,0.91,0.716,0.268,0.598,0.623,-0.629,0.686,0.096,0.237,0.881,0.294,0.918,0.067,0.544,0.389,0.699,0.646,-0.158,-0.513,0.551,0.845,0.668,0.453,0.897,0.272,0.669,0.862,0.485,0.759,0.723,0.832,0.95,0.731,0.818,0.402,0.283,0.843,0.768,0.55,0.691,0.075,0.284,0.872,0.537,0.618,0.726,0.886,0.847,0.269,-0.086,-0.008,0.254,0.502,0.832,0.299,0.769,0.948,0.953,0.134,0.282,0.736,0.159,0.935,0.831,0.676,-0.305,0.732,0.741,0.725,0.908,0.9,0.57,0.702,0.711,0.799,0.155,0.265,0.827,0.818,0.84,0.855,0.805,0.19,0.198,0.699,0.862,0.871,0.717,0.662,0.379,0.64,0.907,0.666,0.776,0.924,-0.427,0.82,0.944,0.76,-0.301,0.678,0.29,0.826,0.296,0.657,0.334,0.631,0.703,0.369,0.836,0.866,0.852,0.785,0.312,0.122,0.909,0.766,0.841,0.793,0.706,0.539,0.754,0.676,0.738,0.64,0.459,0.934,0.939,0.73,0.281,0.884,0.737
ADMA,0.137,0.494,0.706,0.0,0.522,0.638,0.598,0.547,0.58,0.168,0.372,0.349,0.471,0.02,0.799,0.345,0.74,0.533,0.696,0.644,0.187,0.772,0.419,-0.178,0.728,0.519,0.355,0.395,0.438,0.055,0.679,0.404,-0.67,0.443,0.328,0.633,0.085,0.428,0.302,0.168,0.601,0.305,0.107,0.83,0.685,0.719,0.267,-0.502,0.37,0.362,0.221,0.652,0.483,-0.334,0.54,0.477,0.018,0.154,0.044,0.35,0.591,0.626,-0.477,0.661,0.286,0.568,0.081,-0.457,0.735,0.246,0.036,0.157,0.119,-0.495,0.382,-0.389,-0.23,0.735,0.078,0.547,-0.339,0.614,0.531,0.553,0.222,-0.214,-0.101,0.001,0.387,0.655,0.405,0.628,-0.209,0.613,0.425,0.523,0.348,0.398,0.485,0.637,0.286,0.747,0.215,-0.023,0.599,0.549,-0.009,0.358,-0.136,0.178,0.576,0.196,0.101,0.564,0.478,0.589,-0.103,-0.376,-0.374,-0.021,0.38,0.568,0.085,0.562,0.708,0.793,-0.003,0.029,0.406,-0.175,0.575,0.628,0.158,-0.523,0.373,0.254,0.385,0.575,0.684,0.152,0.718,0.274,0.586,-0.058,0.202,0.71,0.462,0.364,0.617,0.37,-0.238,-0.151,0.452,0.578,0.531,0.533,0.144,-0.058,0.079,0.68,0.567,0.539,0.584,-0.481,0.615,0.656,0.33,-0.206,0.351,-0.069,0.862,0.188,0.187,-0.143,0.459,0.475,0.194,0.537,0.705,0.596,0.381,0.325,-0.091,0.633,0.595,0.614,0.506,0.631,0.473,0.257,0.674,0.295,0.52,0.0,0.755,0.682,0.287,0.294,0.76,0.385
ADUS,-0.03,0.622,0.812,0.522,0.0,0.325,0.66,0.75,0.749,-0.13,0.658,0.825,0.812,0.207,0.679,0.028,0.745,0.858,0.838,0.762,0.522,0.281,0.712,0.387,0.576,0.662,0.465,0.683,0.682,0.497,0.394,0.621,-0.55,0.877,-0.032,0.837,-0.388,0.84,0.819,0.293,0.846,0.354,0.477,0.71,0.6,0.737,0.678,0.105,0.818,0.735,0.502,0.251,0.814,0.069,0.931,0.711,0.306,0.619,0.465,0.422,0.598,0.3,-0.011,0.794,0.8,0.845,0.659,-0.287,0.803,0.621,-0.087,0.466,0.457,-0.715,0.512,0.2,0.472,0.792,0.152,0.803,0.244,0.362,0.231,0.48,0.521,0.273,-0.637,0.572,0.832,0.466,0.551,0.702,0.247,0.471,0.86,0.595,0.624,0.812,0.663,0.861,0.652,0.707,0.499,0.189,0.786,0.72,0.47,0.706,-0.117,0.089,0.794,0.524,0.672,0.477,0.718,0.652,0.119,-0.178,0.319,0.085,0.626,0.735,0.108,0.595,0.849,0.775,-0.131,0.205,0.752,0.172,0.809,0.689,0.702,-0.374,0.62,0.716,0.818,0.829,0.745,0.765,0.485,0.578,0.654,-0.133,-0.01,0.733,0.809,0.849,0.643,0.797,0.401,0.006,0.794,0.677,0.882,0.544,0.7,0.443,0.68,0.714,0.458,0.588,0.759,-0.563,0.624,0.861,0.7,-0.324,0.591,0.294,0.614,0.156,0.634,0.326,0.537,0.711,0.202,0.802,0.785,0.611,0.7,-0.062,0.001,0.737,0.588,0.787,0.761,0.744,0.25,0.74,0.541,0.579,0.424,0.437,0.739,0.732,0.75,-0.068,0.663,0.758
ADVM,0.082,0.475,0.56,0.638,0.325,0.0,0.587,0.459,0.192,0.455,0.614,0.115,0.475,-0.079,0.719,0.551,0.653,0.319,0.486,0.526,0.235,0.753,0.289,0.171,0.7,0.323,0.347,0.565,0.586,0.012,0.649,0.613,-0.579,0.335,0.173,0.546,0.539,0.381,0.14,0.512,0.431,-0.163,0.49,0.631,0.699,0.659,0.479,-0.272,0.212,0.095,0.384,0.635,0.243,-0.03,0.383,0.488,0.347,0.062,0.371,0.458,0.713,0.801,0.068,0.432,0.154,0.306,0.296,0.208,0.612,0.33,0.289,0.491,0.235,0.074,0.611,0.035,-0.026,0.582,0.214,0.452,-0.139,0.624,0.63,0.616,0.519,-0.321,0.116,0.258,0.453,0.577,0.376,0.447,0.336,0.873,0.387,0.184,0.46,0.041,0.614,0.424,0.451,0.654,0.384,0.393,0.463,0.129,0.25,0.091,0.405,0.314,0.431,0.587,0.32,0.793,0.541,0.76,0.325,0.278,-0.214,0.174,0.335,0.586,0.632,0.754,0.517,0.654,0.55,-0.114,0.399,0.141,0.575,0.422,0.002,0.076,0.415,0.33,0.302,0.518,0.669,0.067,0.638,0.398,0.716,0.56,0.784,0.516,0.155,0.314,0.717,0.295,0.157,0.413,0.088,0.438,0.287,0.707,0.146,0.419,0.084,0.764,0.845,0.723,0.553,0.079,0.44,0.569,0.388,0.335,0.453,0.327,0.595,0.621,0.308,0.177,0.673,0.269,0.306,0.298,0.507,0.832,0.523,0.682,0.042,0.68,0.617,0.553,0.612,0.521,0.686,0.206,0.787,0.476,0.666,0.399,0.642,0.609,0.271,0.606,0.783,0.609
AEIS,-0.093,0.923,0.848,0.598,0.66,0.587,0.0,0.88,0.698,0.422,0.613,0.69,0.737,0.025,0.693,0.576,0.909,0.8,0.879,0.849,0.775,0.435,0.707,0.498,0.643,0.807,0.845,0.819,0.615,0.163,0.555,0.748,-0.522,0.75,0.322,0.852,0.026,0.84,0.676,0.684,0.859,0.382,0.667,0.836,0.858,0.882,0.703,0.141,0.741,0.499,0.798,0.551,0.693,0.04,0.794,0.921,0.537,0.617,0.588,0.529,0.811,0.482,-0.257,0.699,0.748,0.751,0.73,-0.166,0.82,0.842,0.541,0.753,0.58,-0.429,0.79,0.133,0.287,0.874,0.247,0.906,0.051,0.695,0.566,0.838,0.675,-0.198,-0.296,0.615,0.786,0.85,0.333,0.805,0.402,0.681,0.799,0.29,0.873,0.645,0.828,0.847,0.859,0.772,0.657,0.249,0.919,0.622,0.691,0.622,0.297,0.507,0.917,0.451,0.684,0.801,0.838,0.887,0.453,0.135,0.03,0.625,0.508,0.82,0.4,0.638,0.873,0.864,0.484,0.444,0.815,0.479,0.858,0.865,0.567,-0.188,0.605,0.822,0.772,0.768,0.778,0.546,0.795,0.813,0.674,0.404,0.356,0.568,0.701,0.682,0.91,0.628,0.272,0.415,0.448,0.815,0.737,0.767,0.535,0.461,0.691,0.825,0.812,0.763,0.927,-0.22,0.905,0.757,0.851,-0.001,0.654,0.494,0.761,0.531,0.725,0.397,0.645,0.742,0.695,0.799,0.875,0.81,0.824,0.49,0.448,0.871,0.903,0.783,0.717,0.807,0.683,0.75,0.711,0.858,0.551,0.482,0.926,0.846,0.82,0.525,0.867,0.739
AGNCM,0.095,0.87,0.839,0.547,0.75,0.459,0.88,0.0,0.809,0.199,0.69,0.81,0.806,-0.067,0.643,0.334,0.857,0.859,0.913,0.89,0.746,0.302,0.77,0.507,0.617,0.803,0.817,0.843,0.666,0.251,0.516,0.728,-0.615,0.843,0.248,0.861,-0.105,0.898,0.823,0.612,0.873,0.376,0.663,0.762,0.776,0.832,0.713,0.204,0.877,0.575,0.823,0.387,0.827,0.092,0.825,0.938,0.501,0.642,0.654,0.448,0.749,0.42,-0.178,0.798,0.824,0.803,0.705,-0.195,0.857,0.847,0.399,0.729,0.655,-0.562,0.719,0.188,0.356,0.857,0.35,0.929,0.166,0.567,0.397,0.656,0.767,-0.094,-0.525,0.667,0.823,0.715,0.355,0.86,0.407,0.55,0.854,0.446,0.866,0.725,0.891,0.84,0.779,0.673,0.535,0.155,0.881,0.687,0.701,0.694,0.13,0.538,0.907,0.531,0.752,0.63,0.812,0.886,0.443,0.115,0.165,0.554,0.519,0.793,0.34,0.596,0.878,0.839,0.303,0.459,0.843,0.437,0.854,0.807,0.668,-0.187,0.72,0.851,0.774,0.826,0.843,0.622,0.705,0.802,0.685,0.255,0.267,0.682,0.861,0.791,0.82,0.772,0.358,0.345,0.633,0.817,0.841,0.621,0.628,0.431,0.773,0.822,0.672,0.777,0.901,-0.238,0.826,0.791,0.891,-0.175,0.66,0.452,0.676,0.532,0.734,0.548,0.637,0.749,0.548,0.856,0.846,0.746,0.799,0.29,0.28,0.858,0.811,0.879,0.736,0.742,0.535,0.782,0.578,0.84,0.56,0.515,0.855,0.87,0.861,0.328,0.758,0.731
AHCO,0.065,0.711,0.81,0.58,0.749,0.192,0.698,0.809,0.0,-0.174,0.517,0.863,0.685,-0.064,0.641,0.06,0.764,0.897,0.892,0.84,0.568,0.313,0.828,0.219,0.64,0.774,0.633,0.598,0.559,0.151,0.495,0.508,-0.637,0.779,0.251,0.808,-0.447,0.817,0.851,0.25,0.883,0.502,0.356,0.766,0.643,0.737,0.515,0.087,0.825,0.723,0.582,0.351,0.911,-0.219,0.805,0.761,0.172,0.613,0.358,0.309,0.539,0.204,-0.411,0.876,0.804,0.893,0.48,-0.582,0.82,0.689,0.073,0.404,0.496,-0.843,0.424,-0.036,0.205,0.758,0.369,0.856,0.011,0.45,0.252,0.448,0.456,0.006,-0.685,0.393,0.672,0.561,0.373,0.889,0.108,0.308,0.742,0.557,0.621,0.861,0.678,0.85,0.55,0.633,0.204,-0.129,0.795,0.841,0.438,0.83,-0.24,0.219,0.847,0.29,0.504,0.361,0.655,0.66,0.124,-0.274,0.099,0.206,0.447,0.646,0.018,0.376,0.87,0.803,-0.096,0.495,0.729,0.067,0.769,0.816,0.696,-0.504,0.707,0.644,0.695,0.802,0.734,0.565,0.609,0.656,0.545,-0.158,-0.137,0.759,0.935,0.794,0.591,0.776,0.151,-0.081,0.842,0.773,0.854,0.398,0.642,0.078,0.696,0.684,0.365,0.467,0.743,-0.601,0.817,0.764,0.689,-0.595,0.507,0.214,0.744,0.097,0.551,0.264,0.335,0.681,0.283,0.856,0.837,0.518,0.53,-0.03,-0.006,0.686,0.65,0.795,0.683,0.632,0.367,0.732,0.364,0.565,0.306,0.188,0.758,0.804,0.705,0.04,0.578,0.516
ALGT,-0.137,0.426,0.17,0.168,-0.13,0.455,0.422,0.199,-0.174,0.0,0.109,-0.184,0.079,0.082,0.101,0.718,0.309,-0.059,0.072,0.226,0.341,0.241,-0.16,0.319,0.012,0.05,0.444,0.403,0.198,-0.209,0.062,0.409,0.035,0.048,0.155,0.127,0.485,0.074,-0.133,0.731,0.058,-0.114,0.446,0.133,0.378,0.226,0.284,-0.005,-0.088,-0.255,0.445,0.214,-0.096,0.273,-0.021,0.287,0.591,-0.054,0.372,0.275,0.507,0.499,-0.062,-0.159,-0.04,-0.129,0.202,0.433,0.085,0.182,0.79,0.511,0.274,0.416,0.506,0.067,-0.001,0.199,-0.104,0.141,0.01,0.28,0.302,0.631,0.364,-0.47,0.4,0.281,0.123,0.406,-0.193,0.126,0.36,0.457,0.152,-0.2,0.467,-0.183,0.306,0.084,0.424,0.212,0.421,0.544,0.183,-0.147,0.35,-0.253,0.751,0.518,0.114,0.203,0.236,0.589,0.352,0.339,0.489,0.477,-0.324,0.636,0.023,0.311,0.422,0.364,0.097,0.196,0.7,0.077,0.045,0.541,0.163,0.108,0.027,0.362,-0.062,0.249,-0.0,0.056,0.212,-0.138,0.262,0.244,0.215,0.716,0.633,-0.164,-0.168,-0.083,0.522,-0.12,-0.049,0.71,-0.383,0.265,-0.014,0.585,-0.103,0.376,0.056,0.234,0.508,0.455,0.345,0.502,0.241,0.078,0.26,0.566,0.32,0.255,0.152,0.547,0.244,0.32,0.455,0.122,0.56,-0.039,0.052,0.392,0.387,0.836,0.641,0.367,0.292,0.049,-0.028,0.143,0.371,0.107,0.414,0.519,0.475,0.398,0.332,0.204,0.155,0.682,0.468,0.212
ALLO,0.133,0.648,0.702,0.372,0.658,0.614,0.613,0.69,0.517,0.109,0.0,0.607,0.841,-0.076,0.612,0.175,0.704,0.689,0.683,0.732,0.559,0.4,0.697,0.59,0.571,0.418,0.487,0.797,0.897,0.377,0.431,0.805,-0.619,0.766,-0.086,0.796,0.003,0.751,0.656,0.586,0.717,-0.157,0.763,0.54,0.562,0.677,0.839,0.221,0.722,0.49,0.676,0.387,0.663,0.255,0.701,0.719,0.551,0.433,0.684,0.41,0.686,0.524,0.345,0.67,0.624,0.603,0.661,0.221,0.728,0.633,0.165,0.716,0.646,-0.222,0.687,0.462,0.53,0.64,0.372,0.687,0.443,0.336,0.261,0.512,0.785,0.104,-0.509,0.676,0.853,0.341,0.403,0.674,0.61,0.64,0.746,0.343,0.661,0.452,0.82,0.686,0.719,0.608,0.47,0.525,0.584,0.409,0.602,0.503,0.307,0.33,0.643,0.804,0.725,0.652,0.799,0.822,0.543,0.364,0.359,0.178,0.53,0.776,0.698,0.744,0.689,0.672,0.287,0.155,0.683,0.307,0.785,0.531,0.567,0.22,0.859,0.738,0.653,0.852,0.783,0.487,0.397,0.652,0.878,0.321,0.539,0.697,0.584,0.779,0.727,0.832,0.468,0.467,0.539,0.684,0.675,0.652,0.747,0.605,0.598,0.799,0.555,0.751,0.726,0.006,0.509,0.808,0.724,-0.092,0.798,0.6,0.449,0.502,0.693,0.654,0.689,0.408,0.228,0.599,0.575,0.845,0.787,0.272,0.046,0.791,0.519,0.825,0.86,0.586,0.56,0.663,0.564,0.688,0.622,0.722,0.623,0.73,0.636,0.355,0.638,0.867
AMSF,0.054,0.708,0.766,0.349,0.825,0.115,0.69,0.81,0.863,-0.184,0.607,0.0,0.75,0.116,0.554,0.127,0.706,0.929,0.858,0.769,0.679,0.118,0.889,0.5,0.54,0.757,0.662,0.623,0.564,0.415,0.415,0.579,-0.509,0.86,0.177,0.816,-0.408,0.909,0.914,0.296,0.888,0.506,0.481,0.656,0.605,0.723,0.625,0.388,0.931,0.815,0.644,0.279,0.875,0.038,0.873,0.806,0.38,0.805,0.485,0.36,0.495,0.121,-0.087,0.854,0.919,0.92,0.706,-0.372,0.767,0.794,0.114,0.521,0.628,-0.755,0.56,0.277,0.543,0.746,0.367,0.853,0.308,0.412,0.259,0.44,0.555,0.226,-0.683,0.602,0.821,0.482,0.517,0.762,0.333,0.298,0.859,0.463,0.663,0.916,0.709,0.833,0.669,0.599,0.441,0.032,0.818,0.849,0.624,0.876,-0.157,0.294,0.862,0.423,0.672,0.368,0.724,0.652,0.259,-0.13,0.426,0.289,0.632,0.657,0.116,0.388,0.833,0.695,-0.053,0.489,0.859,0.298,0.805,0.799,0.781,-0.346,0.723,0.76,0.886,0.796,0.661,0.827,0.543,0.764,0.595,-0.068,-0.126,0.678,0.941,0.871,0.574,0.816,0.42,0.062,0.828,0.739,0.854,0.388,0.824,0.341,0.835,0.658,0.373,0.525,0.772,-0.497,0.747,0.762,0.832,-0.49,0.548,0.454,0.578,0.169,0.79,0.424,0.39,0.677,0.338,0.901,0.792,0.53,0.693,-0.103,0.157,0.671,0.649,0.755,0.732,0.699,0.306,0.88,0.372,0.633,0.27,0.413,0.693,0.754,0.871,0.048,0.511,0.647
ANAB,-0.006,0.751,0.756,0.471,0.812,0.475,0.737,0.806,0.685,0.079,0.841,0.75,0.0,0.086,0.652,0.164,0.769,0.786,0.816,0.8,0.675,0.298,0.768,0.572,0.544,0.652,0.604,0.807,0.768,0.433,0.401,0.762,-0.541,0.857,0.077,0.845,-0.197,0.842,0.764,0.542,0.828,0.168,0.661,0.66,0.62,0.748,0.818,0.229,0.849,0.608,0.695,0.394,0.754,0.143,0.869,0.813,0.456,0.657,0.653,0.45,0.672,0.351,0.076,0.735,0.815,0.743,0.758,-0.062,0.784,0.731,0.151,0.7,0.597,-0.427,0.619,0.349,0.484,0.757,0.295,0.818,0.311,0.423,0.309,0.6,0.677,0.214,-0.525,0.676,0.884,0.485,0.395,0.761,0.478,0.555,0.838,0.46,0.753,0.693,0.773,0.822,0.799,0.674,0.565,0.358,0.789,0.614,0.628,0.677,0.176,0.288,0.818,0.648,0.788,0.596,0.79,0.801,0.415,0.161,0.37,0.311,0.615,0.848,0.457,0.608,0.81,0.732,0.191,0.323,0.829,0.374,0.808,0.681,0.676,-0.025,0.792,0.836,0.799,0.859,0.767,0.61,0.494,0.679,0.726,0.133,0.264,0.656,0.728,0.809,0.761,0.831,0.449,0.322,0.678,0.75,0.842,0.638,0.755,0.538,0.736,0.747,0.543,0.629,0.818,-0.204,0.697,0.814,0.78,-0.187,0.757,0.554,0.541,0.374,0.708,0.557,0.618,0.645,0.426,0.746,0.746,0.738,0.801,0.181,0.171,0.815,0.636,0.86,0.839,0.76,0.523,0.775,0.603,0.735,0.463,0.595,0.735,0.744,0.75,0.25,0.671,0.879
ANDE,-0.252,0.058,0.058,0.02,0.207,-0.079,0.025,-0.067,-0.064,0.082,-0.076,0.116,0.086,0.0,-0.009,0.214,0.005,0.04,-0.002,-0.072,0.054,-0.078,0.01,0.185,-0.054,0.048,-0.115,-0.08,-0.046,0.189,-0.079,0.006,0.324,0.054,0.248,0.024,-0.044,0.062,0.061,-0.099,0.046,0.175,-0.056,0.009,0.023,0.004,0.019,0.164,0.026,0.154,-0.094,0.021,-0.07,0.097,0.134,-0.077,0.156,0.205,-0.007,0.115,-0.041,0.102,0.124,-0.005,0.114,0.105,0.176,-0.073,-0.076,0.085,-0.04,-0.094,0.077,-0.115,-0.015,0.264,0.234,0.003,-0.16,-0.005,0.226,-0.003,0.035,0.053,-0.144,0.375,0.082,0.102,0.129,0.039,0.311,-0.135,0.055,0.051,0.177,0.02,-0.031,0.168,-0.118,0.132,0.086,0.036,0.163,0.281,0.101,0.223,0.048,0.079,-0.045,-0.171,0.038,0.025,0.075,0.062,0.074,-0.112,0.004,-0.126,0.254,-0.064,0.226,0.064,-0.126,0.03,0.025,-0.047,-0.159,0.0,0.093,0.148,0.011,0.001,0.037,-0.089,-0.149,0.039,0.201,-0.047,-0.076,0.316,-0.031,-0.01,-0.011,-0.073,-0.204,-0.092,-0.027,0.024,-0.043,-0.018,0.096,-0.044,0.034,-0.02,0.082,-0.016,0.152,0.3,0.079,-0.061,-0.025,-0.055,0.083,-0.263,-0.027,0.07,0.02,0.036,-0.086,0.099,-0.007,-0.21,0.137,-0.118,-0.056,0.153,0.188,0.009,0.05,-0.03,0.108,-0.117,0.293,-0.039,-0.038,-0.15,-0.008,0.166,-0.136,0.187,0.148,-0.067,-0.125,-0.025,0.029,-0.08,0.099,-0.075,0.033,0.117
APLS,0.109,0.605,0.809,0.799,0.679,0.719,0.693,0.643,0.641,0.101,0.612,0.554,0.652,-0.009,0.0,0.404,0.849,0.719,0.825,0.747,0.356,0.783,0.664,0.058,0.884,0.607,0.518,0.56,0.63,0.129,0.809,0.674,-0.761,0.588,0.214,0.81,0.112,0.648,0.483,0.303,0.785,0.288,0.392,0.915,0.86,0.89,0.504,-0.253,0.53,0.614,0.405,0.68,0.659,-0.288,0.749,0.665,0.185,0.364,0.187,0.477,0.743,0.569,-0.228,0.826,0.525,0.776,0.35,-0.349,0.896,0.439,0.067,0.401,0.284,-0.469,0.612,-0.18,0.016,0.868,0.333,0.719,-0.217,0.779,0.694,0.692,0.432,-0.151,-0.167,0.207,0.648,0.684,0.668,0.741,0.121,0.773,0.618,0.429,0.501,0.587,0.702,0.736,0.518,0.915,0.394,0.09,0.758,0.626,0.26,0.559,0.023,0.244,0.739,0.434,0.331,0.663,0.698,0.772,0.053,-0.195,-0.196,0.048,0.677,0.721,0.341,0.68,0.855,0.886,0.165,0.158,0.648,-0.043,0.816,0.789,0.375,-0.442,0.628,0.428,0.607,0.77,0.756,0.418,0.818,0.551,0.79,0.123,0.332,0.83,0.587,0.624,0.77,0.567,0.062,0.019,0.581,0.699,0.618,0.699,0.425,0.194,0.323,0.875,0.738,0.694,0.713,-0.459,0.745,0.806,0.566,-0.219,0.557,0.176,0.902,0.307,0.47,0.027,0.559,0.485,0.229,0.708,0.82,0.798,0.595,0.396,-0.053,0.812,0.768,0.693,0.8,0.726,0.621,0.531,0.779,0.473,0.507,0.297,0.859,0.864,0.49,0.362,0.844,0.621
APPF,-0.114,0.526,0.365,0.345,0.028,0.551,0.576,0.334,0.06,0.718,0.175,0.127,0.164,0.214,0.404,0.0,0.479,0.208,0.327,0.31,0.431,0.43,0.197,0.285,0.387,0.318,0.562,0.312,0.17,-0.109,0.447,0.449,-0.111,0.142,0.49,0.304,0.575,0.267,0.013,0.533,0.288,0.207,0.358,0.425,0.657,0.48,0.252,0.053,0.1,0.082,0.432,0.524,0.048,0.056,0.189,0.451,0.565,0.229,0.254,0.399,0.517,0.533,-0.118,0.206,0.173,0.232,0.322,0.1,0.319,0.401,0.721,0.464,0.284,0.168,0.656,0.069,0.055,0.429,0.146,0.326,-0.114,0.672,0.705,0.679,0.331,-0.345,0.435,0.215,0.272,0.635,0.292,0.239,0.321,0.58,0.304,-0.181,0.443,0.1,0.427,0.261,0.442,0.448,0.51,0.315,0.448,0.189,0.421,0.097,0.486,0.53,0.376,0.203,0.21,0.641,0.471,0.496,0.393,0.219,-0.229,0.563,0.333,0.376,0.432,0.383,0.336,0.377,0.674,0.237,0.356,0.439,0.391,0.434,0.023,0.069,0.111,0.259,0.31,0.192,0.284,0.16,0.641,0.472,0.378,0.663,0.491,0.088,0.075,0.107,0.567,-0.029,0.069,0.505,-0.152,0.354,0.087,0.545,0.061,0.353,0.155,0.458,0.709,0.548,0.492,0.177,0.506,0.248,0.418,0.367,0.212,0.376,0.461,0.488,0.418,0.082,0.371,0.203,0.652,0.254,0.374,0.536,0.457,0.736,0.611,0.457,0.608,0.149,0.241,0.391,0.531,0.312,0.629,0.485,0.349,0.27,0.527,0.422,0.337,0.782,0.574,0.275
ASML,-0.009,0.894,0.962,0.74,0.745,0.653,0.909,0.857,0.764,0.309,0.704,0.706,0.769,0.005,0.849,0.479,0.0,0.865,0.934,0.94,0.669,0.626,0.751,0.325,0.762,0.744,0.749,0.806,0.772,0.15,0.626,0.804,-0.724,0.787,0.255,0.939,-0.03,0.826,0.715,0.619,0.925,0.298,0.635,0.899,0.906,0.934,0.709,-0.076,0.73,0.595,0.734,0.572,0.79,-0.044,0.83,0.879,0.478,0.463,0.473,0.468,0.883,0.623,-0.246,0.83,0.715,0.838,0.572,-0.256,0.916,0.708,0.379,0.664,0.588,-0.521,0.763,0.032,0.187,0.918,0.307,0.905,0.012,0.656,0.511,0.805,0.672,-0.224,-0.369,0.54,0.829,0.749,0.432,0.906,0.291,0.742,0.827,0.424,0.798,0.672,0.865,0.92,0.775,0.854,0.496,0.291,0.876,0.725,0.571,0.644,0.195,0.42,0.891,0.513,0.605,0.786,0.899,0.896,0.31,-0.021,-0.088,0.368,0.544,0.852,0.389,0.771,0.947,0.966,0.277,0.32,0.759,0.231,0.928,0.858,0.631,-0.261,0.717,0.744,0.717,0.887,0.895,0.517,0.786,0.725,0.822,0.265,0.368,0.78,0.754,0.765,0.924,0.738,0.139,0.289,0.616,0.875,0.811,0.794,0.583,0.368,0.599,0.924,0.755,0.813,0.947,-0.328,0.874,0.898,0.785,-0.194,0.712,0.324,0.86,0.409,0.663,0.335,0.684,0.696,0.465,0.833,0.877,0.89,0.803,0.47,0.208,0.944,0.835,0.836,0.784,0.751,0.645,0.727,0.754,0.781,0.67,0.491,0.975,0.956,0.718,0.422,0.935,0.751
ATRC,0.006,0.811,0.913,0.533,0.858,0.319,0.8,0.859,0.897,-0.059,0.689,0.929,0.786,0.04,0.719,0.208,0.865,0.0,0.948,0.876,0.694,0.348,0.907,0.407,0.67,0.781,0.699,0.735,0.705,0.306,0.498,0.697,-0.644,0.876,0.175,0.94,-0.354,0.923,0.909,0.413,0.97,0.425,0.577,0.804,0.741,0.84,0.693,0.173,0.892,0.794,0.698,0.356,0.925,-0.038,0.917,0.861,0.381,0.656,0.463,0.397,0.679,0.303,-0.16,0.905,0.889,0.963,0.666,-0.395,0.878,0.783,0.174,0.585,0.63,-0.748,0.625,0.156,0.393,0.847,0.384,0.936,0.181,0.508,0.334,0.591,0.614,0.046,-0.656,0.576,0.877,0.61,0.518,0.883,0.297,0.471,0.895,0.454,0.73,0.888,0.806,0.939,0.741,0.762,0.44,0.116,0.879,0.85,0.618,0.854,-0.064,0.277,0.923,0.459,0.663,0.539,0.835,0.776,0.251,-0.134,0.207,0.26,0.597,0.764,0.236,0.59,0.945,0.865,0.038,0.462,0.831,0.201,0.926,0.87,0.779,-0.36,0.795,0.792,0.843,0.91,0.788,0.734,0.643,0.78,0.72,0.015,0.044,0.793,0.932,0.921,0.74,0.881,0.301,0.106,0.807,0.848,0.892,0.567,0.786,0.34,0.785,0.812,0.521,0.659,0.866,-0.516,0.834,0.888,0.826,-0.462,0.658,0.356,0.738,0.203,0.737,0.37,0.491,0.716,0.349,0.924,0.877,0.708,0.755,0.071,0.119,0.818,0.744,0.834,0.825,0.716,0.454,0.862,0.508,0.705,0.433,0.438,0.846,0.891,0.836,0.145,0.71,0.715
AVGO,0.058,0.842,0.934,0.696,0.838,0.486,0.879,0.913,0.892,0.072,0.683,0.858,0.816,-0.002,0.825,0.327,0.934,0.948,0.0,0.926,0.654,0.49,0.855,0.342,0.758,0.822,0.751,0.773,0.703,0.268,0.637,0.721,-0.716,0.862,0.232,0.945,-0.198,0.903,0.824,0.461,0.97,0.446,0.547,0.911,0.84,0.927,0.679,0.044,0.865,0.73,0.687,0.511,0.885,-0.083,0.924,0.903,0.364,0.639,0.471,0.45,0.764,0.425,-0.275,0.916,0.835,0.935,0.628,-0.395,0.949,0.761,0.225,0.597,0.555,-0.699,0.676,0.038,0.267,0.941,0.362,0.947,0.049,0.652,0.488,0.7,0.612,-0.04,-0.52,0.525,0.847,0.728,0.52,0.916,0.242,0.599,0.858,0.529,0.763,0.837,0.842,0.942,0.745,0.842,0.493,0.098,0.938,0.818,0.554,0.797,-0.012,0.368,0.955,0.468,0.635,0.64,0.832,0.857,0.236,-0.122,0.071,0.328,0.63,0.832,0.263,0.643,0.987,0.938,0.141,0.409,0.848,0.217,0.927,0.917,0.684,-0.404,0.761,0.769,0.823,0.906,0.856,0.643,0.778,0.763,0.761,0.081,0.151,0.822,0.892,0.844,0.83,0.806,0.245,0.122,0.765,0.862,0.887,0.669,0.663,0.308,0.702,0.875,0.661,0.724,0.91,-0.482,0.901,0.895,0.829,-0.346,0.665,0.346,0.848,0.329,0.698,0.325,0.596,0.741,0.431,0.932,0.94,0.777,0.778,0.226,0.143,0.887,0.843,0.884,0.829,0.818,0.564,0.802,0.657,0.728,0.521,0.414,0.935,0.934,0.811,0.277,0.823,0.735
AVT,0.06,0.879,0.937,0.644,0.762,0.526,0.849,0.89,0.84,0.226,0.732,0.769,0.8,-0.072,0.747,0.31,0.94,0.876,0.926,0.0,0.658,0.5,0.743,0.4,0.689,0.703,0.738,0.849,0.82,0.156,0.536,0.796,-0.745,0.867,0.125,0.918,-0.17,0.867,0.81,0.633,0.925,0.242,0.653,0.818,0.807,0.877,0.751,0.038,0.8,0.593,0.782,0.459,0.857,0.038,0.823,0.886,0.493,0.492,0.586,0.441,0.847,0.562,-0.218,0.842,0.743,0.825,0.573,-0.215,0.909,0.729,0.347,0.668,0.686,-0.581,0.714,0.108,0.28,0.872,0.347,0.911,0.134,0.491,0.328,0.709,0.731,-0.197,-0.561,0.604,0.834,0.613,0.336,0.949,0.346,0.644,0.856,0.535,0.827,0.706,0.884,0.908,0.753,0.747,0.371,0.292,0.821,0.725,0.578,0.673,0.144,0.41,0.854,0.591,0.674,0.71,0.886,0.871,0.351,0.024,0.015,0.372,0.488,0.859,0.327,0.73,0.921,0.915,0.178,0.298,0.749,0.259,0.902,0.803,0.73,-0.225,0.773,0.776,0.688,0.916,0.932,0.507,0.651,0.735,0.797,0.2,0.306,0.803,0.84,0.833,0.872,0.811,0.217,0.285,0.71,0.883,0.889,0.739,0.68,0.363,0.679,0.88,0.616,0.781,0.937,-0.292,0.825,0.91,0.817,-0.306,0.75,0.366,0.771,0.401,0.694,0.498,0.707,0.685,0.386,0.823,0.809,0.823,0.804,0.36,0.143,0.928,0.738,0.892,0.766,0.693,0.542,0.762,0.626,0.807,0.696,0.544,0.902,0.935,0.757,0.32,0.839,0.747
AXDX,-0.277,0.867,0.643,0.187,0.522,0.235,0.775,0.746,0.568,0.341,0.559,0.679,0.675,0.054,0.356,0.431,0.669,0.694,0.654,0.658,0.0,0.069,0.704,0.672,0.27,0.662,0.792,0.736,0.508,0.131,0.168,0.712,-0.185,0.666,0.297,0.687,-0.184,0.77,0.717,0.712,0.722,0.316,0.738,0.453,0.607,0.58,0.711,0.474,0.72,0.502,0.863,0.17,0.627,0.142,0.634,0.816,0.636,0.657,0.643,0.392,0.603,0.195,-0.065,0.506,0.829,0.624,0.809,-0.042,0.531,0.866,0.588,0.842,0.712,-0.304,0.71,0.436,0.503,0.563,0.281,0.778,0.315,0.364,0.226,0.636,0.672,-0.038,-0.378,0.741,0.734,0.568,0.107,0.654,0.593,0.325,0.755,-0.011,0.86,0.599,0.716,0.7,0.86,0.464,0.626,0.324,0.728,0.531,0.908,0.633,0.38,0.472,0.779,0.369,0.775,0.534,0.764,0.692,0.627,0.336,0.276,0.701,0.405,0.61,0.423,0.354,0.647,0.576,0.471,0.661,0.722,0.642,0.713,0.674,0.732,0.119,0.619,0.866,0.715,0.623,0.554,0.586,0.47,0.78,0.447,0.394,0.235,0.286,0.648,0.667,0.696,0.64,0.375,0.597,0.36,0.737,0.622,0.539,0.621,0.513,0.865,0.565,0.522,0.588,0.781,0.004,0.721,0.559,0.808,-0.102,0.612,0.592,0.402,0.401,0.77,0.602,0.366,0.559,0.666,0.653,0.63,0.584,0.706,0.337,0.605,0.671,0.623,0.587,0.545,0.492,0.481,0.832,0.382,0.87,0.277,0.551,0.666,0.649,0.768,0.355,0.557,0.625
AXSM,0.205,0.387,0.574,0.772,0.281,0.753,0.435,0.302,0.313,0.241,0.4,0.118,0.298,-0.078,0.783,0.43,0.626,0.348,0.49,0.5,0.069,0.0,0.326,-0.241,0.751,0.224,0.259,0.288,0.468,-0.169,0.748,0.46,-0.636,0.201,0.198,0.515,0.328,0.247,0.062,0.225,0.448,-0.027,0.183,0.704,0.647,0.631,0.228,-0.524,0.101,0.315,0.145,0.682,0.297,-0.383,0.328,0.328,0.04,-0.09,-0.066,0.274,0.613,0.679,-0.283,0.516,0.062,0.395,-0.053,-0.235,0.594,0.113,0.082,0.169,0.109,-0.171,0.437,-0.342,-0.247,0.548,0.239,0.385,-0.364,0.607,0.584,0.558,0.196,-0.342,0.115,-0.134,0.282,0.51,0.433,0.51,-0.057,0.699,0.229,0.16,0.225,0.125,0.447,0.431,0.198,0.723,0.074,0.121,0.369,0.262,-0.043,0.191,0.146,0.134,0.377,0.246,-0.053,0.626,0.442,0.521,-0.011,-0.166,-0.503,-0.126,0.35,0.45,0.347,0.603,0.54,0.675,0.202,-0.037,0.231,-0.294,0.516,0.516,0.028,-0.269,0.425,0.064,0.188,0.475,0.59,-0.04,0.604,0.25,0.651,0.175,0.489,0.659,0.185,0.252,0.561,0.27,-0.272,0.02,0.22,0.505,0.238,0.589,0.073,-0.054,-0.104,0.663,0.565,0.555,0.44,-0.233,0.493,0.553,0.205,-0.13,0.391,0.011,0.744,0.238,0.145,-0.172,0.432,0.115,-0.01,0.347,0.496,0.662,0.317,0.567,-0.132,0.546,0.461,0.414,0.527,0.396,0.632,0.162,0.617,0.206,0.501,0.099,0.608,0.611,0.062,0.443,0.687,0.3
AZN,0.045,0.732,0.766,0.419,0.712,0.289,0.707,0.77,0.828,-0.16,0.697,0.889,0.768,0.01,0.664,0.197,0.751,0.907,0.855,0.743,0.704,0.326,0.0,0.398,0.654,0.749,0.675,0.602,0.579,0.274,0.552,0.622,-0.55,0.739,0.318,0.845,-0.261,0.857,0.821,0.3,0.889,0.4,0.509,0.705,0.668,0.765,0.605,0.296,0.862,0.836,0.632,0.433,0.838,-0.163,0.827,0.803,0.299,0.725,0.392,0.316,0.519,0.173,-0.101,0.865,0.879,0.912,0.656,-0.398,0.77,0.785,0.141,0.553,0.601,-0.655,0.579,0.218,0.402,0.72,0.484,0.848,0.196,0.543,0.398,0.487,0.526,0.17,-0.549,0.505,0.802,0.564,0.549,0.806,0.353,0.365,0.776,0.278,0.633,0.813,0.737,0.825,0.679,0.686,0.419,0.007,0.808,0.794,0.625,0.893,-0.061,0.29,0.886,0.379,0.576,0.428,0.724,0.734,0.294,-0.049,0.302,0.244,0.646,0.627,0.343,0.404,0.845,0.742,0.117,0.574,0.841,0.207,0.837,0.851,0.68,-0.269,0.863,0.718,0.841,0.811,0.666,0.696,0.63,0.778,0.68,0.045,0.046,0.705,0.851,0.819,0.611,0.824,0.289,0.114,0.733,0.794,0.737,0.405,0.743,0.259,0.76,0.726,0.469,0.551,0.757,-0.442,0.8,0.747,0.778,-0.503,0.59,0.466,0.655,0.189,0.726,0.337,0.316,0.536,0.339,0.858,0.833,0.639,0.634,0.045,0.117,0.681,0.697,0.761,0.84,0.65,0.52,0.835,0.426,0.605,0.217,0.346,0.72,0.804,0.748,0.208,0.55,0.646
BANR,-0.153,0.531,0.335,-0.178,0.387,0.171,0.498,0.507,0.219,0.319,0.59,0.5,0.572,0.185,0.058,0.285,0.325,0.407,0.342,0.4,0.672,-0.241,0.398,0.0,0.065,0.317,0.494,0.653,0.47,0.355,-0.0,0.6,0.001,0.603,-0.036,0.431,-0.008,0.647,0.544,0.64,0.412,-0.013,0.734,0.116,0.287,0.32,0.709,0.784,0.584,0.253,0.694,0.026,0.357,0.584,0.454,0.595,0.749,0.646,0.837,0.399,0.4,0.138,0.458,0.223,0.595,0.305,0.855,0.492,0.306,0.699,0.464,0.755,0.675,0.027,0.62,0.766,0.824,0.339,0.129,0.467,0.685,0.121,0.111,0.395,0.669,0.179,-0.322,0.849,0.655,0.239,0.14,0.289,0.86,0.306,0.633,0.067,0.699,0.357,0.55,0.38,0.741,0.179,0.628,0.575,0.453,0.178,0.805,0.3,0.451,0.412,0.441,0.651,0.834,0.455,0.58,0.524,0.724,0.639,0.632,0.615,0.344,0.513,0.469,0.344,0.325,0.228,0.467,0.283,0.599,0.851,0.455,0.291,0.508,0.43,0.395,0.748,0.608,0.424,0.355,0.593,0.139,0.69,0.386,0.516,0.308,0.072,0.373,0.522,0.478,0.468,0.736,0.694,0.189,0.387,0.445,0.435,0.65,0.82,0.744,0.364,0.381,0.496,0.531,0.278,0.32,0.385,0.726,0.277,0.514,0.834,0.01,0.53,0.794,0.791,0.477,0.382,0.549,0.352,0.3,0.458,0.717,0.186,0.568,0.481,0.357,0.441,0.429,0.415,0.24,0.658,0.297,0.715,0.301,0.727,0.324,0.335,0.754,0.33,0.306,0.669
BBIO,0.224,0.526,0.743,0.728,0.576,0.7,0.643,0.617,0.64,0.012,0.571,0.54,0.544,-0.054,0.884,0.387,0.762,0.67,0.758,0.689,0.27,0.751,0.654,0.065,0.0,0.564,0.483,0.457,0.533,0.028,0.903,0.547,-0.761,0.487,0.359,0.731,0.238,0.62,0.467,0.216,0.703,0.245,0.34,0.875,0.829,0.828,0.395,-0.155,0.486,0.551,0.377,0.688,0.586,-0.311,0.617,0.635,0.133,0.351,0.163,0.435,0.643,0.552,-0.179,0.822,0.44,0.727,0.281,-0.337,0.832,0.484,0.098,0.313,0.302,-0.478,0.601,-0.165,0.02,0.779,0.432,0.673,-0.229,0.784,0.71,0.547,0.438,-0.234,-0.182,0.173,0.551,0.675,0.685,0.712,0.159,0.729,0.534,0.419,0.434,0.477,0.678,0.628,0.377,0.791,0.236,-0.042,0.668,0.598,0.245,0.538,-0.053,0.269,0.671,0.421,0.25,0.579,0.587,0.756,0.064,-0.142,-0.154,0.066,0.563,0.579,0.297,0.616,0.762,0.815,0.201,0.124,0.615,-0.046,0.742,0.747,0.224,-0.409,0.598,0.328,0.531,0.688,0.718,0.404,0.833,0.601,0.741,0.22,0.323,0.826,0.568,0.565,0.646,0.497,0.078,-0.013,0.539,0.587,0.518,0.539,0.395,0.151,0.274,0.857,0.716,0.65,0.644,-0.424,0.703,0.713,0.556,-0.194,0.384,0.225,0.843,0.353,0.436,0.011,0.51,0.444,0.229,0.656,0.775,0.759,0.492,0.368,-0.138,0.703,0.769,0.661,0.774,0.627,0.645,0.457,0.692,0.391,0.478,0.188,0.758,0.814,0.482,0.361,0.745,0.526
BCYC,-0.041,0.733,0.699,0.519,0.662,0.323,0.807,0.803,0.774,0.05,0.418,0.757,0.652,0.048,0.607,0.318,0.744,0.781,0.822,0.703,0.662,0.224,0.749,0.317,0.564,0.0,0.742,0.588,0.371,0.263,0.487,0.531,-0.45,0.671,0.407,0.727,-0.171,0.765,0.732,0.337,0.792,0.612,0.399,0.748,0.718,0.738,0.485,0.154,0.764,0.58,0.612,0.444,0.698,-0.12,0.765,0.793,0.25,0.694,0.353,0.358,0.551,0.179,-0.336,0.726,0.784,0.791,0.612,-0.457,0.724,0.725,0.283,0.532,0.408,-0.619,0.524,0.021,0.206,0.784,0.328,0.798,-0.024,0.629,0.473,0.574,0.5,-0.001,-0.36,0.486,0.664,0.734,0.37,0.73,0.176,0.402,0.697,0.37,0.675,0.743,0.631,0.769,0.655,0.616,0.524,-0.096,0.884,0.756,0.553,0.759,-0.052,0.425,0.866,0.229,0.55,0.417,0.593,0.699,0.271,-0.122,0.146,0.483,0.498,0.59,0.16,0.352,0.791,0.729,0.205,0.55,0.818,0.328,0.723,0.804,0.53,-0.403,0.525,0.695,0.76,0.637,0.584,0.617,0.734,0.66,0.448,0.089,-0.032,0.509,0.761,0.62,0.651,0.566,0.233,0.091,0.589,0.629,0.712,0.439,0.457,0.232,0.658,0.633,0.587,0.471,0.752,-0.445,0.818,0.6,0.718,-0.205,0.374,0.324,0.679,0.318,0.574,0.199,0.361,0.764,0.565,0.811,0.855,0.531,0.573,0.155,0.24,0.662,0.811,0.698,0.598,0.737,0.449,0.666,0.524,0.619,0.259,0.235,0.783,0.73,0.74,0.217,0.629,0.577
BHFAP,0.051,0.845,0.652,0.355,0.465,0.347,0.845,0.817,0.633,0.444,0.487,0.662,0.604,-0.115,0.518,0.562,0.749,0.699,0.751,0.738,0.792,0.259,0.675,0.494,0.483,0.742,0.0,0.714,0.457,0.085,0.455,0.7,-0.429,0.639,0.324,0.707,0.022,0.744,0.627,0.704,0.734,0.423,0.657,0.625,0.771,0.715,0.606,0.294,0.682,0.5,0.868,0.386,0.655,0.058,0.642,0.889,0.576,0.605,0.525,0.379,0.709,0.249,-0.253,0.58,0.724,0.658,0.637,-0.142,0.666,0.76,0.695,0.785,0.626,-0.327,0.779,0.096,0.299,0.728,0.375,0.787,0.106,0.638,0.49,0.783,0.683,-0.23,-0.218,0.581,0.663,0.732,0.234,0.747,0.441,0.438,0.682,0.136,0.85,0.613,0.785,0.653,0.784,0.619,0.601,0.126,0.803,0.577,0.751,0.597,0.325,0.713,0.808,0.309,0.613,0.565,0.738,0.748,0.521,0.212,0.011,0.76,0.499,0.637,0.396,0.409,0.727,0.675,0.532,0.64,0.733,0.558,0.725,0.779,0.618,-0.067,0.589,0.742,0.661,0.632,0.593,0.511,0.695,0.795,0.549,0.454,0.294,0.409,0.659,0.59,0.787,0.532,0.206,0.501,0.399,0.755,0.602,0.63,0.478,0.339,0.697,0.656,0.636,0.665,0.802,-0.034,0.845,0.545,0.856,-0.085,0.587,0.49,0.591,0.543,0.739,0.499,0.532,0.583,0.679,0.75,0.698,0.627,0.715,0.525,0.535,0.748,0.799,0.641,0.548,0.592,0.577,0.744,0.475,0.849,0.414,0.502,0.765,0.766,0.761,0.529,0.665,0.544
BKR,-0.041,0.842,0.786,0.395,0.683,0.565,0.819,0.843,0.598,0.403,0.797,0.623,0.807,-0.08,0.56,0.312,0.806,0.735,0.773,0.849,0.736,0.288,0.602,0.653,0.457,0.588,0.714,0.0,0.844,0.246,0.305,0.861,-0.554,0.848,-0.057,0.831,-0.111,0.829,0.737,0.826,0.785,0.043,0.87,0.612,0.683,0.727,0.889,0.213,0.741,0.398,0.872,0.256,0.737,0.303,0.757,0.86,0.665,0.488,0.815,0.511,0.855,0.496,0.063,0.589,0.715,0.614,0.759,0.173,0.765,0.752,0.441,0.887,0.685,-0.283,0.742,0.358,0.445,0.742,0.262,0.835,0.324,0.374,0.232,0.726,0.854,-0.131,-0.509,0.793,0.857,0.556,0.185,0.772,0.603,0.638,0.83,0.355,0.918,0.556,0.883,0.778,0.895,0.637,0.582,0.536,0.749,0.433,0.745,0.488,0.436,0.453,0.762,0.735,0.882,0.752,0.861,0.872,0.593,0.396,0.185,0.533,0.421,0.863,0.533,0.758,0.775,0.766,0.433,0.3,0.688,0.532,0.826,0.628,0.707,0.112,0.7,0.901,0.646,0.838,0.821,0.475,0.483,0.748,0.721,0.429,0.499,0.56,0.659,0.792,0.89,0.777,0.483,0.599,0.492,0.775,0.782,0.812,0.654,0.658,0.75,0.793,0.668,0.8,0.86,0.018,0.675,0.799,0.829,0.039,0.823,0.549,0.518,0.606,0.734,0.733,0.788,0.65,0.504,0.675,0.654,0.82,0.888,0.43,0.315,0.899,0.673,0.827,0.717,0.637,0.535,0.743,0.574,0.929,0.699,0.761,0.789,0.784,0.786,0.385,0.784,0.863
BLDP,0.051,0.702,0.795,0.438,0.682,0.586,0.615,0.666,0.559,0.198,0.897,0.564,0.768,-0.046,0.63,0.17,0.772,0.705,0.703,0.82,0.508,0.468,0.579,0.47,0.533,0.371,0.457,0.844,0.0,0.265,0.333,0.828,-0.673,0.801,-0.209,0.811,-0.137,0.715,0.674,0.658,0.752,-0.173,0.762,0.578,0.587,0.679,0.848,0.039,0.646,0.429,0.678,0.282,0.71,0.276,0.699,0.689,0.573,0.262,0.654,0.403,0.804,0.613,0.204,0.655,0.568,0.604,0.555,0.161,0.756,0.555,0.191,0.677,0.636,-0.272,0.637,0.346,0.411,0.654,0.313,0.705,0.353,0.236,0.128,0.568,0.759,-0.056,-0.573,0.645,0.844,0.304,0.286,0.745,0.484,0.657,0.766,0.429,0.683,0.472,0.808,0.753,0.708,0.633,0.326,0.62,0.563,0.43,0.532,0.445,0.324,0.229,0.608,0.805,0.713,0.71,0.85,0.777,0.459,0.255,0.156,0.127,0.397,0.836,0.561,0.856,0.73,0.744,0.174,0.075,0.553,0.186,0.803,0.511,0.667,0.139,0.796,0.72,0.529,0.892,0.842,0.384,0.333,0.579,0.85,0.251,0.505,0.738,0.602,0.823,0.777,0.843,0.365,0.428,0.586,0.718,0.749,0.76,0.726,0.567,0.566,0.811,0.497,0.757,0.764,-0.046,0.515,0.886,0.655,-0.155,0.838,0.406,0.507,0.395,0.607,0.616,0.758,0.472,0.156,0.596,0.535,0.847,0.799,0.317,0.011,0.847,0.468,0.803,0.768,0.515,0.48,0.654,0.543,0.708,0.758,0.734,0.684,0.762,0.586,0.259,0.718,0.835
BLFS,0.224,0.08,0.164,0.055,0.497,0.012,0.163,0.251,0.151,-0.209,0.377,0.415,0.433,0.189,0.129,-0.109,0.15,0.306,0.268,0.156,0.131,-0.169,0.274,0.355,0.028,0.263,0.085,0.246,0.265,0.0,0.012,0.135,-0.13,0.498,-0.254,0.278,-0.174,0.317,0.333,-0.002,0.253,0.13,0.131,0.113,-0.02,0.174,0.271,0.277,0.52,0.257,0.098,0.1,0.233,0.521,0.484,0.235,0.253,0.419,0.308,0.205,0.019,0.015,0.426,0.258,0.343,0.273,0.442,0.097,0.235,0.204,-0.209,0.173,0.111,-0.155,0.125,0.354,0.535,0.299,-0.027,0.179,0.524,0.006,0.033,-0.0,0.258,0.673,-0.31,0.415,0.483,-0.027,0.351,0.031,0.114,0.092,0.35,0.449,0.113,0.326,0.157,0.287,0.283,0.184,0.511,0.167,0.299,0.234,0.17,0.253,-0.117,0.161,0.261,0.393,0.415,0.042,0.218,0.167,0.132,-0.078,0.683,-0.022,0.456,0.284,0.18,0.254,0.237,0.108,-0.195,-0.081,0.456,0.211,0.227,0.115,0.277,0.017,0.192,0.393,0.513,0.282,0.137,0.558,0.027,0.109,0.307,-0.206,-0.138,0.21,0.31,0.369,0.127,0.358,0.516,-0.055,0.383,0.029,0.389,0.103,0.362,0.359,0.29,0.131,0.036,0.159,0.228,-0.103,0.028,0.281,0.301,0.047,0.199,0.286,-0.027,0.129,0.319,0.249,0.33,0.369,0.015,0.349,0.224,0.143,0.4,-0.35,-0.018,0.184,0.174,0.354,0.306,0.467,-0.104,0.251,0.216,0.156,0.185,0.394,0.115,0.103,0.412,-0.114,0.065,0.476
BLKB,0.366,0.405,0.559,0.679,0.394,0.649,0.555,0.516,0.495,0.062,0.431,0.415,0.401,-0.079,0.809,0.447,0.626,0.498,0.637,0.536,0.168,0.748,0.552,-0.0,0.903,0.487,0.455,0.305,0.333,0.012,0.0,0.441,-0.654,0.318,0.381,0.576,0.415,0.493,0.25,0.118,0.556,0.253,0.2,0.788,0.739,0.761,0.228,-0.118,0.377,0.525,0.24,0.787,0.433,-0.341,0.494,0.521,0.064,0.358,0.046,0.395,0.51,0.475,-0.233,0.713,0.305,0.598,0.173,-0.298,0.716,0.375,0.11,0.216,0.199,-0.348,0.564,-0.245,-0.017,0.704,0.399,0.524,-0.25,0.856,0.823,0.52,0.292,-0.188,0.047,0.011,0.39,0.666,0.721,0.556,0.113,0.673,0.348,0.287,0.318,0.349,0.568,0.447,0.266,0.732,0.275,-0.174,0.58,0.444,0.127,0.433,-0.017,0.365,0.573,0.3,0.086,0.527,0.426,0.649,0.042,-0.127,-0.2,0.102,0.639,0.44,0.288,0.458,0.634,0.676,0.268,0.143,0.552,-0.017,0.587,0.703,0.067,-0.428,0.474,0.177,0.474,0.5,0.573,0.324,0.843,0.546,0.657,0.226,0.331,0.699,0.416,0.356,0.536,0.306,-0.001,-0.038,0.362,0.504,0.31,0.465,0.214,0.008,0.13,0.716,0.682,0.593,0.506,-0.332,0.638,0.524,0.491,-0.113,0.293,0.257,0.788,0.422,0.41,-0.075,0.428,0.253,0.179,0.573,0.691,0.629,0.398,0.406,-0.043,0.556,0.711,0.503,0.654,0.604,0.639,0.339,0.646,0.263,0.364,0.098,0.646,0.686,0.384,0.447,0.622,0.36
BLMN,-0.067,0.806,0.761,0.404,0.621,0.613,0.748,0.728,0.508,0.409,0.805,0.579,0.762,0.006,0.674,0.449,0.804,0.697,0.721,0.796,0.712,0.46,0.622,0.6,0.547,0.531,0.7,0.861,0.828,0.135,0.441,0.0,-0.546,0.738,-0.009,0.821,0.045,0.788,0.632,0.777,0.763,-0.012,0.874,0.623,0.773,0.755,0.873,0.19,0.628,0.519,0.82,0.378,0.68,0.157,0.69,0.803,0.661,0.438,0.633,0.508,0.903,0.506,0.104,0.618,0.658,0.629,0.669,0.159,0.757,0.664,0.434,0.871,0.699,-0.184,0.864,0.326,0.468,0.745,0.331,0.761,0.28,0.493,0.393,0.815,0.82,-0.181,-0.312,0.666,0.825,0.533,0.353,0.747,0.652,0.735,0.785,0.185,0.85,0.518,0.883,0.714,0.846,0.707,0.574,0.582,0.7,0.444,0.73,0.479,0.512,0.479,0.705,0.695,0.747,0.798,0.89,0.84,0.602,0.378,0.062,0.447,0.578,0.821,0.629,0.764,0.75,0.752,0.462,0.318,0.654,0.465,0.851,0.653,0.673,0.117,0.737,0.763,0.628,0.825,0.771,0.464,0.528,0.766,0.784,0.484,0.573,0.597,0.55,0.742,0.894,0.71,0.362,0.61,0.448,0.787,0.659,0.879,0.674,0.623,0.64,0.824,0.692,0.851,0.825,0.02,0.676,0.797,0.816,-0.015,0.829,0.572,0.584,0.577,0.791,0.62,0.744,0.474,0.435,0.644,0.623,0.869,0.867,0.58,0.337,0.905,0.637,0.719,0.748,0.594,0.604,0.773,0.638,0.841,0.662,0.776,0.788,0.828,0.699,0.468,0.81,0.799
