,ABAT,ACLS,ACMR,ADMA,ADUS,ADVM,AEIS,AGNCM,AHCO,ALGT,ALLO,AMSF,ANAB,ANDE,APLS,APPF,ASML,ATRC,AVGO,AVT,AXDX,AXSM,AZN,BANR,BBIO,BCYC,BHFAP,BKR,BLDP,BLFS,BLKB,BLMN,BNTX,BPMC,CALM,CAMT,CASH,CATY,CCEP,CDLX,CDNS,CENN,CENX,CGC,CHDN,CLBK,COKE,COLB,COO,CORT,CRMT,CRNX,CRTO,CRVL,CSCO,CSQ,CSWI,CVBF,CWST,CYCC,CZR,DLTR,DORM,ENTA,EQIX,ERIC,EVRG,EWBC,EXAS,EXLS,EXPI,EYE,FBNC,FBRX,FCNCA,FELE,FIBK,FLEX,FRGT,FRHC,FRME,FWONA,FWONK,GDEN,GIII,GILD,GLNG,GNTX,GOOGL,GRPN,HCSG,HIMX,HOPE,HST,HTLD,HUT,HWC,ICUI,IESC,INTC,INTU,IOVA,IPAR,IPGP,ISRG,JBSS,KALU,KPRX,KRNT,LAUR,LBRDA,LBTYK,LECO,LILAK,LITE,MANH,MDXG,MFIC,MGEE,MIDD,MLAB,MMSI,MNKD,MOMO,MRVL,NICE,NMFC,NUWE,NVCR,NWBI,OFIX,OFLX,OMCL,OPK,ORKA,ORLY,OTTR,PDD,PNTG,POOL,POWL,PPBI,PPC,PRAA,PRPL,PZZA,QTRX,QURE,RDFN,RDHL,REAL,REG,REYN,RGLD,RIOT,RUN,RYTM,SAIA,SBAC,SBRA,SCVL,SHOO,SLAB,SLDB,SMCI,SMTC,SRCE,SSP,SSRM,STBA,STRO,SVC,SYBT,TCBI,TCOM,TENX,TH,TMUS,TNDM,TTD,TTMI,UAL,ULH,ULTA,VCYT,VIRT,VKTX,VOD,VRDN,VREX,VRNT,VSAT,WB,WBD,WDC,WEN,WSFS,XXII,Z,ZBRA
ABAT,0.0,0.492,-0.225,0.193,0.015,0.842,0.408,0.234,-0.14,0.668,-0.858,0.428,0.031,0.775,-0.525,0.468,0.814,-0.445,0.806,0.353,0.849,-0.373,-0.462,0.622,-0.622,0.258,0.714,0.542,0.91,-0.134,0.336,0.502,-0.499,0.855,-0.314,-0.371,0.528,0.505,0.519,0.554,0.651,0.745,0.86,-0.371,0.651,0.241,-0.254,0.802,-0.136,-0.206,0.807,-0.496,0.831,0.56,0.392,0.713,0.521,0.284,0.054,-0.365,0.623,0.231,0.527,-0.581,0.276,0.414,0.331,0.626,0.803,0.294,0.849,0.689,0.529,-0.225,0.717,0.52,0.526,0.672,0.75,0.892,0.487,0.435,0.665,0.321,0.852,0.507,0.706,0.632,0.493,0.317,0.736,0.616,0.358,0.648,-0.235,-0.148,0.635,-0.41,-0.414,-0.157,0.106,-0.742,0.476,0.653,0.44,-0.106,0.628,0.268,0.37,0.701,0.133,0.764,0.497,0.781,0.681,0.378,-0.586,0.781,0.223,0.741,-0.804,-0.16,0.332,-0.376,0.718,0.664,0.637,0.861,0.274,0.56,0.592,-0.033,0.285,0.341,0.172,0.477,-0.045,0.833,0.205,0.378,0.524,0.407,-0.788,0.809,0.867,0.302,-0.122,-0.125,0.828,0.065,0.353,0.71,-0.69,-0.875,0.467,0.804,0.484,0.391,0.133,0.754,0.481,0.374,0.538,-0.038,0.94,0.469,0.41,0.501,-0.565,0.518,-0.254,0.879,0.682,0.84,0.684,-0.138,0.58,0.863,-0.594,0.961,0.342,0.84,0.71,0.165,-0.106,0.358,-0.066,0.577,0.419,-0.633,-0.089,0.073,0.336,0.611,0.42,0.627,0.585,0.69,0.49,0.564
ACLS,0.492,0.0,0.067,0.635,0.73,0.678,0.78,0.781,0.122,0.805,-0.388,0.697,0.421,0.822,0.073,0.741,0.665,-0.044,0.767,0.669,0.515,-0.292,-0.161,0.869,-0.399,0.75,0.804,0.842,0.563,0.369,0.801,0.71,-0.592,0.671,0.422,0.36,0.803,0.878,0.814,0.642,0.621,0.263,0.771,0.094,0.898,0.855,0.582,0.817,0.534,-0.015,0.782,-0.515,0.579,0.804,0.821,0.846,0.789,0.848,0.693,0.314,0.8,0.66,0.671,-0.399,0.533,0.664,0.746,0.825,0.5,0.833,0.682,0.785,0.861,-0.183,0.849,0.854,0.866,0.657,0.443,0.713,0.874,0.815,0.738,0.763,0.693,0.781,0.811,0.845,0.814,0.61,0.823,0.355,0.817,0.766,0.587,0.38,0.84,0.333,0.427,0.537,0.231,-0.45,0.87,0.632,0.843,0.556,0.849,-0.087,0.583,0.795,0.557,0.61,0.873,0.786,0.694,0.756,-0.56,0.774,0.816,0.747,-0.001,0.528,0.512,-0.329,0.709,0.661,0.871,0.611,0.609,0.851,0.703,0.63,0.795,-0.161,0.453,0.706,0.698,0.338,0.712,0.715,0.741,0.828,-0.24,0.759,0.705,0.134,0.481,0.229,0.748,-0.045,0.833,0.753,-0.217,-0.481,0.405,0.728,0.539,0.885,0.578,0.739,0.741,0.782,0.274,0.205,0.569,0.835,0.88,0.746,-0.624,0.777,0.319,0.675,0.875,0.587,0.658,0.372,0.71,0.53,-0.393,0.52,0.79,0.694,0.799,0.77,0.515,0.253,0.099,0.799,0.559,0.119,0.552,0.681,-0.092,0.725,0.819,0.816,0.849,0.494,0.816,0.859
ACMR,-0.225,0.067,0.0,0.018,0.4,-0.245,0.379,0.173,0.149,0.147,0.076,0.018,-0.034,-0.075,-0.054,0.294,0.055,0.133,0.1,0.192,-0.262,0.004,0.261,0.059,-0.131,0.154,0.048,0.144,-0.123,0.376,0.213,0.19,0.315,-0.041,0.157,0.501,0.15,0.1,0.187,0.175,0.152,-0.385,0.003,-0.256,-0.016,0.152,0.391,-0.091,0.571,-0.462,-0.078,-0.119,0.068,0.023,0.252,0.043,0.28,0.178,0.237,-0.218,0.114,0.255,0.255,0.041,0.129,0.378,0.192,0.063,-0.027,0.232,0.033,0.098,0.099,-0.32,-0.044,0.159,0.093,0.167,-0.2,-0.16,0.132,0.302,0.232,0.17,-0.03,0.064,0.117,0.165,-0.055,0.117,0.092,0.131,0.054,0.099,0.396,0.489,0.097,0.361,0.322,0.101,0.081,-0.085,0.105,0.13,0.061,0.195,0.145,-0.386,-0.278,0.085,0.538,0.149,0.098,-0.048,0.187,0.19,-0.124,-0.069,0.122,0.125,0.337,0.3,-0.273,0.437,0.122,-0.108,0.036,-0.138,-0.149,0.001,0.023,0.304,0.187,-0.291,0.131,0.39,0.197,-0.084,0.112,0.22,0.166,0.188,0.055,0.047,-0.064,0.307,0.562,-0.065,-0.036,-0.345,0.296,0.128,0.548,0.142,0.15,0.089,-0.281,0.268,0.356,0.124,0.173,0.203,-0.157,-0.375,-0.095,0.245,0.115,0.193,-0.029,0.062,0.563,-0.114,0.046,-0.089,0.251,0.3,-0.011,0.018,-0.217,-0.12,0.154,-0.024,0.08,0.246,0.252,0.065,-0.428,0.181,0.125,0.323,0.224,0.138,0.356,0.087,0.168,0.158,-0.004,-0.432,0.111,0.164
ADMA,0.193,0.635,0.018,0.0,0.698,0.382,0.506,0.53,-0.023,0.564,-0.204,0.354,0.089,0.497,0.328,0.609,0.443,-0.173,0.446,0.314,0.213,-0.393,0.12,0.558,-0.373,0.615,0.583,0.561,0.33,0.236,0.635,0.451,-0.333,0.366,0.391,0.32,0.498,0.544,0.453,0.394,0.473,-0.034,0.424,0.022,0.58,0.592,0.484,0.443,0.417,0.046,0.506,-0.525,0.277,0.659,0.585,0.505,0.476,0.558,0.448,0.38,0.6,0.63,0.328,-0.389,0.512,0.494,0.515,0.447,0.158,0.569,0.47,0.411,0.524,-0.355,0.502,0.501,0.529,0.243,0.274,0.41,0.579,0.558,0.459,0.634,0.353,0.533,0.5,0.54,0.56,0.311,0.448,-0.036,0.469,0.392,0.59,0.403,0.539,0.371,0.191,0.344,0.007,-0.347,0.606,0.294,0.66,0.449,0.504,-0.234,0.597,0.452,0.538,0.244,0.488,0.42,0.225,0.658,-0.415,0.581,0.681,0.448,0.241,0.528,0.577,-0.564,0.533,0.486,0.629,0.366,0.325,0.49,0.251,0.392,0.441,-0.352,0.442,0.464,0.475,0.191,0.34,0.669,0.328,0.536,-0.129,0.418,0.444,-0.045,0.475,0.524,0.48,-0.256,0.534,0.456,-0.118,-0.301,0.024,0.492,0.135,0.576,0.534,0.393,0.563,0.525,-0.118,0.161,0.343,0.603,0.612,0.422,-0.525,0.375,0.198,0.341,0.594,0.214,0.31,0.434,0.38,0.211,-0.095,0.263,0.389,0.417,0.494,0.643,0.074,0.331,0.009,0.552,0.491,0.058,0.477,0.521,-0.34,0.375,0.401,0.544,0.47,0.139,0.65,0.615
ADUS,0.015,0.73,0.4,0.698,0.0,0.269,0.746,0.783,0.209,0.665,-0.035,0.552,0.37,0.514,0.41,0.791,0.424,-0.005,0.506,0.557,0.019,-0.329,0.183,0.659,-0.322,0.791,0.604,0.738,0.174,0.466,0.844,0.585,-0.256,0.397,0.631,0.729,0.671,0.712,0.683,0.529,0.505,-0.243,0.438,0.092,0.663,0.841,0.842,0.454,0.836,-0.152,0.489,-0.534,0.289,0.693,0.759,0.601,0.702,0.775,0.815,0.427,0.655,0.82,0.49,-0.296,0.598,0.759,0.772,0.575,0.169,0.843,0.435,0.532,0.666,-0.319,0.536,0.687,0.677,0.388,0.114,0.332,0.748,0.795,0.627,0.808,0.341,0.532,0.616,0.687,0.646,0.478,0.533,0.041,0.648,0.511,0.911,0.747,0.649,0.704,0.605,0.523,0.114,-0.254,0.737,0.405,0.797,0.633,0.674,-0.395,0.538,0.568,0.83,0.331,0.685,0.445,0.376,0.824,-0.448,0.525,0.885,0.519,0.476,0.809,0.398,-0.285,0.583,0.498,0.707,0.204,0.43,0.605,0.389,0.772,0.75,-0.523,0.547,0.686,0.792,0.037,0.559,0.787,0.515,0.759,0.056,0.443,0.393,0.11,0.776,0.444,0.462,-0.329,0.806,0.564,0.197,-0.167,0.221,0.523,0.215,0.822,0.793,0.488,0.684,0.752,-0.161,0.184,0.221,0.79,0.785,0.609,-0.568,0.524,0.591,0.285,0.674,0.182,0.433,0.697,0.461,0.173,-0.165,0.136,0.641,0.368,0.582,0.875,0.494,0.22,-0.066,0.704,0.553,0.5,0.712,0.774,-0.257,0.493,0.627,0.684,0.609,-0.019,0.782,0.773
ADVM,0.842,0.678,-0.245,0.382,0.269,0.0,0.474,0.43,0.165,0.671,-0.579,0.54,0.329,0.815,-0.146,0.521,0.747,-0.321,0.775,0.433,0.856,-0.274,-0.292,0.693,-0.419,0.363,0.744,0.634,0.84,0.136,0.558,0.538,-0.483,0.842,-0.04,-0.138,0.592,0.624,0.602,0.603,0.642,0.588,0.816,-0.072,0.738,0.463,0.059,0.822,0.008,0.103,0.836,-0.414,0.684,0.654,0.531,0.778,0.551,0.445,0.312,0.003,0.686,0.329,0.525,-0.437,0.43,0.445,0.431,0.693,0.731,0.493,0.764,0.694,0.607,-0.142,0.762,0.612,0.638,0.641,0.637,0.868,0.594,0.51,0.679,0.455,0.769,0.536,0.757,0.705,0.714,0.436,0.756,0.472,0.514,0.66,0.035,-0.029,0.679,-0.213,-0.116,0.111,0.246,-0.541,0.618,0.697,0.655,0.139,0.685,0.207,0.563,0.703,0.176,0.684,0.622,0.804,0.706,0.51,-0.448,0.827,0.469,0.746,-0.553,0.163,0.562,-0.474,0.687,0.773,0.745,0.8,0.478,0.672,0.65,0.19,0.509,0.267,0.167,0.559,0.202,0.738,0.331,0.488,0.562,0.541,-0.548,0.806,0.88,0.218,0.036,0.151,0.825,0.101,0.485,0.702,-0.58,-0.743,0.462,0.824,0.725,0.582,0.238,0.742,0.601,0.479,0.526,0.234,0.868,0.575,0.562,0.547,-0.54,0.61,-0.05,0.802,0.751,0.757,0.595,0.023,0.536,0.715,-0.35,0.831,0.528,0.769,0.69,0.332,0.208,0.259,0.245,0.624,0.453,-0.386,0.133,0.332,0.128,0.627,0.542,0.699,0.684,0.67,0.63,0.676
AEIS,0.408,0.78,0.379,0.506,0.746,0.474,0.0,0.751,0.024,0.848,-0.394,0.829,0.338,0.731,-0.153,0.832,0.769,0.085,0.837,0.854,0.268,-0.225,0.011,0.87,-0.525,0.659,0.776,0.906,0.415,0.344,0.837,0.898,-0.339,0.647,0.441,0.616,0.905,0.881,0.894,0.844,0.683,0.041,0.755,-0.183,0.801,0.756,0.56,0.746,0.694,-0.464,0.718,-0.558,0.747,0.634,0.887,0.829,0.931,0.849,0.718,0.052,0.888,0.613,0.877,-0.33,0.28,0.859,0.812,0.85,0.5,0.856,0.687,0.846,0.85,-0.18,0.788,0.907,0.864,0.846,0.261,0.599,0.872,0.85,0.828,0.889,0.737,0.76,0.852,0.818,0.647,0.727,0.71,0.573,0.79,0.85,0.566,0.682,0.882,0.48,0.43,0.604,0.225,-0.45,0.847,0.812,0.772,0.454,0.899,-0.385,0.582,0.855,0.706,0.757,0.866,0.75,0.803,0.665,-0.608,0.76,0.796,0.821,0.062,0.627,0.105,-0.033,0.767,0.464,0.823,0.536,0.39,0.787,0.778,0.734,0.807,-0.173,0.375,0.728,0.716,0.244,0.702,0.626,0.888,0.902,-0.309,0.737,0.599,0.307,0.494,-0.135,0.744,-0.25,0.919,0.839,0.004,-0.479,0.591,0.751,0.308,0.884,0.512,0.84,0.88,0.882,0.272,0.001,0.526,0.868,0.846,0.909,-0.623,0.835,0.519,0.702,0.827,0.662,0.851,0.424,0.752,0.504,-0.535,0.508,0.799,0.745,0.836,0.798,0.4,0.055,-0.066,0.9,0.39,0.112,0.685,0.716,0.238,0.809,0.898,0.877,0.805,0.225,0.808,0.854
AGNCM,0.234,0.781,0.173,0.53,0.783,0.43,0.751,0.0,0.145,0.743,-0.175,0.709,0.473,0.67,0.188,0.751,0.527,-0.015,0.649,0.636,0.205,-0.263,-0.001,0.767,-0.426,0.733,0.716,0.8,0.334,0.248,0.746,0.619,-0.475,0.522,0.524,0.534,0.757,0.803,0.759,0.664,0.567,0.07,0.609,0.063,0.762,0.829,0.598,0.631,0.636,-0.09,0.61,-0.575,0.474,0.646,0.778,0.786,0.794,0.812,0.784,0.359,0.72,0.721,0.645,-0.33,0.499,0.739,0.874,0.717,0.441,0.818,0.542,0.661,0.754,-0.16,0.691,0.765,0.757,0.567,0.277,0.554,0.789,0.761,0.642,0.83,0.572,0.646,0.69,0.801,0.764,0.547,0.677,0.179,0.736,0.669,0.73,0.599,0.753,0.583,0.541,0.591,0.241,-0.31,0.775,0.578,0.817,0.568,0.746,-0.082,0.573,0.73,0.679,0.496,0.803,0.622,0.561,0.761,-0.501,0.626,0.867,0.598,0.179,0.617,0.326,-0.257,0.64,0.512,0.769,0.349,0.598,0.694,0.569,0.797,0.761,-0.255,0.474,0.664,0.789,0.158,0.592,0.724,0.677,0.803,-0.095,0.564,0.506,0.175,0.522,0.208,0.593,0.013,0.819,0.642,-0.067,-0.267,0.44,0.554,0.325,0.833,0.665,0.607,0.694,0.784,0.106,0.263,0.318,0.781,0.79,0.706,-0.535,0.644,0.369,0.513,0.736,0.407,0.572,0.592,0.653,0.384,-0.319,0.322,0.74,0.531,0.732,0.822,0.507,0.251,0.021,0.79,0.51,0.317,0.595,0.735,-0.204,0.64,0.752,0.751,0.765,0.292,0.764,0.793
AHCO,-0.14,0.122,0.149,-0.023,0.209,0.165,0.024,0.145,0.0,-0.044,0.414,-0.014,0.458,-0.042,0.366,0.008,-0.099,0.16,-0.045,0.16,0.02,0.285,0.281,-0.04,0.264,-0.011,0.032,0.038,-0.058,0.368,0.151,-0.025,0.276,0.071,0.13,0.276,-0.022,0.031,0.023,0.139,0.041,-0.077,-0.075,0.22,0.012,0.139,0.307,-0.07,0.113,0.381,-0.078,0.262,-0.162,-0.053,0.128,0.038,-0.068,-0.015,0.292,0.281,-0.007,-0.059,-0.086,0.35,0.202,0.068,0.061,0.05,0.082,0.111,-0.147,-0.046,-0.065,0.199,-0.073,-0.028,-0.006,0.018,-0.332,-0.139,-0.028,0.008,0.037,0.047,-0.129,-0.159,-0.045,0.026,0.28,0.197,-0.011,0.045,0.024,-0.043,0.153,0.154,-0.074,0.107,0.325,0.168,0.364,0.357,-0.029,0.112,0.113,0.083,-0.007,-0.034,0.051,-0.049,0.028,-0.01,0.112,-0.051,0.118,0.076,0.349,-0.03,0.128,-0.025,0.116,0.361,0.119,0.095,-0.052,0.149,0.03,-0.15,0.077,0.009,0.045,0.272,0.139,0.18,-0.275,0.143,0.146,-0.061,0.075,0.011,0.023,0.056,0.321,-0.083,0.06,0.113,0.222,0.308,-0.086,0.121,0.161,-0.006,0.248,0.18,0.179,0.083,0.415,0.145,0.113,-0.006,0.078,-0.029,0.146,0.385,-0.054,-0.064,0.004,-0.082,0.186,0.005,0.481,-0.139,-0.049,-0.102,-0.069,0.172,-0.169,-0.12,0.314,-0.081,0.181,-0.121,-0.111,0.024,0.494,-0.213,0.464,-0.007,-0.102,0.275,0.245,0.235,-0.011,-0.074,0.057,0.039,-0.017,0.027,0.135,0.054
ALGT,0.668,0.805,0.147,0.564,0.665,0.671,0.848,0.743,-0.044,0.0,-0.659,0.757,0.2,0.935,-0.179,0.912,0.873,-0.304,0.936,0.733,0.503,-0.548,-0.312,0.938,-0.707,0.758,0.919,0.922,0.711,0.06,0.817,0.817,-0.598,0.837,0.25,0.265,0.92,0.899,0.906,0.779,0.736,0.328,0.911,-0.226,0.937,0.773,0.388,0.905,0.503,-0.413,0.917,-0.794,0.862,0.868,0.769,0.926,0.909,0.8,0.632,0.015,0.923,0.727,0.792,-0.663,0.452,0.844,0.829,0.9,0.623,0.837,0.918,0.917,0.902,-0.328,0.909,0.905,0.896,0.799,0.563,0.855,0.913,0.91,0.936,0.844,0.902,0.722,0.92,0.952,0.69,0.546,0.902,0.503,0.769,0.881,0.461,0.447,0.958,0.261,0.182,0.284,0.0,-0.724,0.9,0.716,0.788,0.344,0.956,-0.125,0.625,0.966,0.677,0.791,0.878,0.874,0.737,0.833,-0.815,0.924,0.769,0.922,-0.225,0.405,0.356,-0.348,0.917,0.681,0.945,0.724,0.417,0.849,0.712,0.588,0.734,-0.21,0.479,0.732,0.551,0.499,0.616,0.781,0.79,0.874,-0.56,0.887,0.813,0.267,0.401,0.054,0.907,-0.248,0.852,0.953,-0.346,-0.755,0.496,0.886,0.333,0.859,0.605,0.899,0.844,0.883,0.201,0.039,0.76,0.891,0.873,0.86,-0.859,0.782,0.144,0.853,0.96,0.746,0.865,0.39,0.81,0.709,-0.676,0.727,0.699,0.892,0.971,0.813,0.234,0.346,-0.201,0.924,0.624,-0.096,0.474,0.629,0.073,0.855,0.79,0.927,0.898,0.443,0.904,0.938
ALLO,-0.858,-0.388,0.076,-0.204,-0.035,-0.579,-0.394,-0.175,0.414,-0.659,0.0,-0.299,0.244,-0.691,0.631,-0.493,-0.751,0.543,-0.721,-0.242,-0.66,0.535,0.506,-0.577,0.731,-0.342,-0.657,-0.489,-0.817,0.193,-0.276,-0.453,0.512,-0.69,0.306,0.377,-0.492,-0.453,-0.474,-0.388,-0.596,-0.578,-0.787,0.541,-0.575,-0.221,0.23,-0.702,-0.001,0.479,-0.706,0.643,-0.764,-0.594,-0.33,-0.62,-0.53,-0.286,0.027,0.513,-0.54,-0.371,-0.473,0.753,-0.263,-0.414,-0.311,-0.532,-0.629,-0.271,-0.831,-0.594,-0.506,0.419,-0.654,-0.483,-0.466,-0.545,-0.775,-0.788,-0.486,-0.489,-0.631,-0.276,-0.759,-0.487,-0.646,-0.576,-0.279,-0.153,-0.711,-0.455,-0.301,-0.563,0.144,0.07,-0.598,0.336,0.44,0.269,0.112,0.908,-0.449,-0.479,-0.332,0.107,-0.582,-0.141,-0.223,-0.64,-0.281,-0.668,-0.403,-0.668,-0.482,-0.416,0.671,-0.69,-0.165,-0.687,0.668,0.283,-0.23,0.328,-0.672,-0.521,-0.545,-0.756,-0.114,-0.473,-0.435,0.106,-0.18,-0.11,-0.383,-0.464,0.095,-0.678,-0.103,-0.424,-0.421,-0.373,0.798,-0.755,-0.756,-0.269,-0.021,0.177,-0.72,0.196,-0.307,-0.649,0.609,0.829,-0.352,-0.688,-0.13,-0.354,-0.226,-0.654,-0.405,-0.366,-0.272,0.31,-0.838,-0.486,-0.395,-0.468,0.619,-0.4,0.345,-0.768,-0.638,-0.726,-0.651,0.024,-0.567,-0.83,0.76,-0.806,-0.234,-0.754,-0.68,-0.206,0.302,-0.51,0.43,-0.543,-0.551,0.563,0.163,0.046,-0.32,-0.58,-0.308,-0.537,-0.505,-0.423,-0.399,-0.522
AMSF,0.428,0.697,0.018,0.354,0.552,0.54,0.829,0.709,-0.014,0.757,-0.299,0.0,0.473,0.748,-0.049,0.66,0.657,0.208,0.746,0.883,0.324,-0.11,-0.175,0.858,-0.303,0.542,0.656,0.863,0.331,0.195,0.771,0.871,-0.492,0.628,0.509,0.474,0.884,0.877,0.876,0.782,0.433,0.161,0.677,0.087,0.782,0.718,0.409,0.786,0.454,-0.241,0.744,-0.413,0.719,0.54,0.692,0.784,0.842,0.846,0.694,0.269,0.842,0.407,0.858,-0.207,0.045,0.64,0.735,0.88,0.455,0.829,0.578,0.865,0.846,0.126,0.81,0.895,0.88,0.825,0.198,0.624,0.835,0.676,0.682,0.841,0.761,0.674,0.779,0.746,0.606,0.758,0.638,0.559,0.865,0.866,0.42,0.444,0.863,0.424,0.43,0.646,0.13,-0.254,0.849,0.744,0.723,0.475,0.852,-0.174,0.701,0.836,0.384,0.676,0.875,0.779,0.754,0.513,-0.507,0.747,0.77,0.781,-0.022,0.572,0.139,-0.065,0.638,0.386,0.797,0.574,0.547,0.856,0.839,0.672,0.869,-0.079,0.196,0.496,0.738,0.191,0.771,0.407,0.9,0.87,-0.262,0.71,0.506,0.047,0.112,-0.244,0.742,-0.09,0.816,0.798,-0.114,-0.483,0.477,0.637,0.449,0.793,0.225,0.818,0.85,0.882,0.361,0.258,0.459,0.723,0.835,0.914,-0.588,0.908,0.265,0.748,0.796,0.706,0.76,0.251,0.782,0.364,-0.381,0.484,0.808,0.747,0.797,0.739,0.461,-0.163,0.203,0.803,0.163,0.072,0.677,0.779,0.121,0.843,0.928,0.809,0.876,0.426,0.767,0.759
ANAB,0.031,0.421,-0.034,0.089,0.37,0.329,0.338,0.473,0.458,0.2,0.244,0.473,0.0,0.255,0.286,0.161,0.092,0.359,0.23,0.512,0.161,0.417,0.168,0.364,0.151,0.241,0.295,0.448,-0.022,0.35,0.344,0.299,-0.034,0.248,0.563,0.429,0.394,0.449,0.396,0.42,0.196,0.082,0.225,0.307,0.351,0.466,0.437,0.3,0.283,0.227,0.197,0.136,0.103,0.112,0.438,0.364,0.333,0.413,0.495,0.415,0.265,0.122,0.33,0.325,0.187,0.253,0.411,0.419,0.302,0.41,0.036,0.294,0.36,0.465,0.33,0.387,0.401,0.419,-0.132,0.177,0.362,0.22,0.191,0.412,0.18,0.289,0.334,0.308,0.568,0.607,0.276,0.207,0.487,0.396,0.336,0.343,0.304,0.373,0.546,0.563,0.561,0.279,0.328,0.41,0.435,0.449,0.342,0.109,0.265,0.306,0.142,0.286,0.492,0.341,0.373,0.228,0.08,0.235,0.443,0.184,0.175,0.519,0.034,0.127,0.131,0.208,0.342,0.026,0.565,0.429,0.527,0.536,0.554,0.295,-0.061,0.328,0.562,-0.074,0.521,0.128,0.442,0.463,0.405,0.209,0.216,0.108,0.166,0.065,0.147,0.31,0.44,0.222,0.047,0.075,0.413,0.217,0.683,0.383,0.151,0.296,0.368,0.33,0.484,0.53,0.04,0.268,0.391,0.364,0.029,0.473,0.463,0.23,0.284,0.251,0.258,0.295,0.296,0.041,0.235,0.056,0.648,0.155,0.215,0.308,0.7,-0.144,0.573,0.367,0.003,0.435,0.512,0.552,-0.014,0.308,0.503,0.404,0.448,0.361,0.283,0.329
ANDE,0.775,0.822,-0.075,0.497,0.514,0.815,0.731,0.67,-0.042,0.935,-0.691,0.748,0.255,0.0,-0.173,0.788,0.847,-0.309,0.919,0.672,0.692,-0.479,-0.419,0.934,-0.601,0.658,0.899,0.866,0.793,0.048,0.763,0.775,-0.7,0.857,0.199,0.073,0.878,0.881,0.871,0.703,0.659,0.483,0.933,-0.102,0.944,0.723,0.278,0.969,0.309,-0.224,0.971,-0.69,0.838,0.865,0.692,0.923,0.83,0.758,0.534,0.067,0.882,0.61,0.746,-0.642,0.412,0.685,0.719,0.908,0.654,0.782,0.903,0.926,0.89,-0.236,0.955,0.882,0.897,0.781,0.642,0.927,0.882,0.814,0.868,0.733,0.937,0.724,0.909,0.913,0.703,0.526,0.927,0.518,0.787,0.88,0.316,0.228,0.94,0.09,0.136,0.255,0.025,-0.698,0.886,0.701,0.758,0.34,0.928,0.057,0.63,0.945,0.465,0.795,0.871,0.927,0.735,0.752,-0.738,0.951,0.694,0.918,-0.372,0.281,0.475,-0.41,0.848,0.73,0.93,0.822,0.501,0.886,0.762,0.471,0.714,-0.055,0.406,0.658,0.466,0.584,0.611,0.687,0.774,0.824,-0.575,0.93,0.874,0.194,0.209,0.054,0.938,-0.139,0.766,0.927,-0.489,-0.8,0.477,0.877,0.505,0.809,0.454,0.899,0.802,0.827,0.325,0.12,0.824,0.827,0.844,0.819,-0.813,0.807,-0.009,0.909,0.958,0.819,0.798,0.237,0.81,0.734,-0.634,0.785,0.697,0.918,0.94,0.7,0.26,0.32,-0.039,0.853,0.579,-0.2,0.358,0.56,0.067,0.856,0.776,0.895,0.923,0.611,0.828,0.881
APLS,-0.525,0.073,-0.054,0.328,0.41,-0.146,-0.153,0.188,0.366,-0.179,0.631,-0.049,0.286,-0.173,0.0,-0.023,-0.375,0.186,-0.355,-0.115,-0.258,0.062,0.361,-0.119,0.466,0.129,-0.208,-0.076,-0.382,0.266,0.222,-0.166,0.116,-0.249,0.491,0.373,-0.128,-0.035,-0.103,-0.22,-0.279,-0.396,-0.384,0.637,-0.061,0.278,0.521,-0.244,0.213,0.595,-0.175,0.195,-0.523,0.057,-0.056,-0.199,-0.201,0.103,0.369,0.796,-0.101,0.171,-0.345,0.273,0.246,-0.073,0.03,-0.165,-0.424,0.198,-0.362,-0.217,-0.069,0.059,-0.196,-0.103,-0.027,-0.416,-0.284,-0.333,-0.01,-0.066,-0.241,0.091,-0.4,-0.168,-0.221,-0.107,0.145,-0.067,-0.211,-0.479,0.066,-0.278,0.508,0.123,-0.153,0.409,0.445,0.211,-0.021,0.466,0.041,-0.359,0.166,0.398,-0.147,-0.081,0.199,-0.25,0.074,-0.485,-0.043,-0.282,-0.354,0.178,0.31,-0.168,0.274,-0.287,0.612,0.46,0.421,-0.294,-0.217,0.068,-0.014,-0.341,0.186,-0.009,-0.268,0.264,0.161,-0.425,0.104,-0.056,0.343,-0.326,0.1,0.152,-0.232,-0.005,0.551,-0.307,-0.253,-0.326,0.26,0.662,-0.254,-0.088,0.035,-0.228,0.394,0.421,-0.412,-0.223,0.1,0.059,0.22,-0.308,0.0,0.054,-0.412,0.484,-0.427,-0.013,0.101,-0.187,0.056,-0.124,0.184,-0.437,-0.086,-0.483,-0.494,0.276,-0.275,-0.559,0.642,-0.449,0.017,-0.372,-0.239,0.243,0.39,-0.142,0.353,-0.14,0.004,0.532,0.312,0.371,-0.623,-0.29,-0.083,-0.085,-0.081,-0.21,0.122,-0.028
APPF,0.468,0.741,0.294,0.609,0.791,0.521,0.832,0.751,0.008,0.912,-0.493,0.66,0.161,0.788,-0.023,0.0,0.799,-0.378,0.838,0.601,0.273,-0.649,-0.096,0.811,-0.737,0.82,0.827,0.839,0.598,0.068,0.818,0.681,-0.44,0.75,0.248,0.426,0.8,0.786,0.796,0.74,0.754,0.111,0.769,-0.257,0.813,0.748,0.473,0.717,0.597,-0.408,0.789,-0.833,0.718,0.809,0.745,0.836,0.854,0.74,0.7,0.092,0.83,0.825,0.664,-0.653,0.558,0.924,0.853,0.739,0.484,0.818,0.811,0.783,0.768,-0.464,0.736,0.804,0.767,0.636,0.456,0.706,0.822,0.882,0.871,0.84,0.729,0.618,0.823,0.894,0.694,0.398,0.77,0.29,0.638,0.705,0.622,0.605,0.845,0.369,0.242,0.298,-0.035,-0.654,0.824,0.638,0.809,0.308,0.847,-0.217,0.624,0.84,0.808,0.624,0.761,0.692,0.625,0.872,-0.775,0.793,0.809,0.792,-0.047,0.49,0.365,-0.431,0.918,0.704,0.865,0.524,0.32,0.68,0.5,0.684,0.671,-0.418,0.554,0.722,0.584,0.439,0.479,0.871,0.625,0.797,-0.478,0.716,0.685,0.307,0.563,0.222,0.804,-0.262,0.798,0.827,-0.23,-0.612,0.424,0.792,0.23,0.836,0.756,0.748,0.758,0.844,-0.023,0.068,0.609,0.901,0.794,0.755,-0.849,0.605,0.278,0.645,0.86,0.5,0.727,0.553,0.662,0.574,-0.584,0.584,0.561,0.704,0.888,0.841,0.25,0.366,-0.241,0.86,0.679,0.047,0.457,0.656,-0.098,0.668,0.682,0.858,0.759,0.207,0.893,0.915
ASML,0.814,0.665,0.055,0.443,0.424,0.747,0.769,0.527,-0.099,0.873,-0.751,0.657,0.092,0.847,-0.375,0.799,0.0,-0.39,0.958,0.604,0.612,-0.499,-0.185,0.798,-0.754,0.5,0.842,0.774,0.817,-0.017,0.659,0.747,-0.44,0.898,-0.074,0.112,0.755,0.711,0.728,0.819,0.827,0.447,0.9,-0.399,0.796,0.506,0.084,0.838,0.229,-0.402,0.867,-0.68,0.915,0.686,0.665,0.864,0.787,0.551,0.446,-0.23,0.864,0.513,0.704,-0.63,0.333,0.786,0.631,0.77,0.743,0.605,0.931,0.831,0.711,-0.329,0.796,0.748,0.722,0.794,0.643,0.856,0.712,0.697,0.856,0.669,0.9,0.635,0.845,0.819,0.639,0.435,0.775,0.609,0.534,0.77,0.158,0.293,0.828,-0.063,-0.141,0.16,0.073,-0.755,0.717,0.829,0.666,0.031,0.828,-0.101,0.64,0.865,0.497,0.8,0.692,0.794,0.818,0.607,-0.708,0.893,0.545,0.871,-0.49,0.204,0.315,-0.37,0.934,0.741,0.821,0.804,0.205,0.685,0.654,0.349,0.503,0.014,0.346,0.649,0.262,0.682,0.389,0.626,0.708,0.666,-0.755,0.861,0.87,0.436,0.214,-0.071,0.935,-0.116,0.658,0.879,-0.44,-0.84,0.609,0.922,0.36,0.683,0.402,0.869,0.759,0.684,0.361,-0.012,0.882,0.769,0.648,0.719,-0.757,0.67,0.072,0.869,0.84,0.81,0.822,0.172,0.672,0.803,-0.673,0.889,0.554,0.893,0.885,0.518,0.007,0.259,-0.102,0.801,0.513,-0.419,0.234,0.408,0.267,0.718,0.659,0.842,0.72,0.437,0.778,0.784
ATRC,-0.445,-0.044,0.133,-0.173,-0.005,-0.321,0.085,-0.015,0.16,-0.304,0.543,0.208,0.359,-0.309,0.186,-0.378,-0.39,0.0,-0.305,0.328,-0.289,0.799,0.259,-0.072,0.653,-0.211,-0.322,-0.046,-0.63,0.505,-0.014,0.168,0.233,-0.406,0.564,0.42,0.012,0.053,0.035,-0.053,-0.436,-0.332,-0.326,0.469,-0.176,0.029,0.292,-0.181,0.229,0.187,-0.32,0.614,-0.26,-0.404,0.066,-0.219,-0.056,0.165,0.118,0.341,-0.084,-0.381,0.165,0.766,-0.467,-0.263,-0.113,0.022,-0.281,0.059,-0.516,-0.069,0.015,0.589,-0.112,0.029,0.045,0.075,-0.601,-0.446,-0.026,-0.184,-0.305,0.045,-0.257,0.06,-0.202,-0.299,-0.152,0.489,-0.307,0.241,0.22,0.027,0.078,0.12,-0.111,0.426,0.528,0.585,0.358,0.678,-0.049,-0.027,-0.091,0.437,-0.092,-0.28,-0.112,-0.181,-0.241,-0.087,0.079,-0.111,0.032,-0.379,0.431,-0.296,0.026,-0.18,0.503,0.379,-0.376,0.637,-0.489,-0.562,-0.208,-0.259,0.239,0.076,0.254,0.166,0.265,0.198,-0.326,-0.191,0.391,-0.591,0.41,-0.494,0.259,0.094,0.615,-0.25,-0.46,-0.349,-0.114,-0.415,-0.344,0.02,0.116,-0.192,0.603,0.531,-0.05,-0.357,0.086,-0.004,-0.424,-0.085,0.06,0.01,0.241,0.054,-0.502,-0.209,0.037,0.124,0.492,0.256,0.449,-0.197,-0.227,-0.086,-0.077,-0.125,0.018,-0.495,0.428,-0.449,0.263,-0.215,-0.281,-0.017,0.459,-0.639,0.405,-0.111,-0.619,0.4,0.511,0.252,0.233,0.048,0.255,-0.156,-0.038,-0.072,-0.202,-0.22
AVGO,0.806,0.767,0.1,0.446,0.506,0.775,0.837,0.649,-0.045,0.936,-0.721,0.746,0.23,0.919,-0.355,0.838,0.958,-0.305,0.0,0.703,0.626,-0.447,-0.259,0.894,-0.733,0.601,0.911,0.872,0.803,0.059,0.721,0.802,-0.521,0.916,0.066,0.162,0.86,0.828,0.841,0.843,0.818,0.448,0.96,-0.335,0.88,0.626,0.201,0.914,0.347,-0.408,0.916,-0.693,0.937,0.747,0.767,0.94,0.876,0.681,0.517,-0.154,0.903,0.572,0.813,-0.598,0.386,0.817,0.73,0.875,0.768,0.714,0.941,0.917,0.821,-0.281,0.89,0.853,0.828,0.874,0.608,0.901,0.818,0.799,0.912,0.743,0.948,0.733,0.926,0.908,0.713,0.561,0.876,0.639,0.673,0.877,0.26,0.356,0.913,0.062,0.027,0.266,0.143,-0.73,0.809,0.853,0.746,0.197,0.918,-0.059,0.595,0.945,0.559,0.878,0.819,0.894,0.861,0.683,-0.756,0.926,0.647,0.925,-0.431,0.299,0.3,-0.3,0.935,0.722,0.891,0.805,0.37,0.792,0.766,0.476,0.647,0.019,0.355,0.727,0.413,0.65,0.532,0.673,0.811,0.79,-0.671,0.91,0.881,0.385,0.27,-0.08,0.95,-0.101,0.77,0.931,-0.43,-0.819,0.627,0.927,0.447,0.778,0.468,0.933,0.812,0.776,0.411,0.006,0.866,0.829,0.758,0.826,-0.774,0.774,0.155,0.918,0.912,0.843,0.905,0.237,0.782,0.819,-0.705,0.866,0.667,0.93,0.95,0.627,0.187,0.297,-0.098,0.887,0.538,-0.279,0.338,0.499,0.262,0.827,0.777,0.908,0.84,0.516,0.818,0.872
AVT,0.353,0.669,0.192,0.314,0.557,0.433,0.854,0.636,0.16,0.733,-0.242,0.883,0.512,0.672,-0.115,0.601,0.604,0.328,0.703,0.0,0.283,0.037,-0.134,0.811,-0.248,0.521,0.642,0.848,0.262,0.297,0.736,0.888,-0.337,0.563,0.553,0.551,0.887,0.861,0.866,0.79,0.411,0.116,0.632,0.056,0.738,0.688,0.477,0.728,0.535,-0.317,0.645,-0.306,0.694,0.465,0.721,0.718,0.797,0.79,0.678,0.205,0.815,0.325,0.862,-0.066,-0.009,0.636,0.688,0.887,0.411,0.796,0.516,0.837,0.822,0.22,0.757,0.858,0.851,0.877,0.073,0.499,0.8,0.68,0.697,0.816,0.708,0.615,0.717,0.678,0.541,0.868,0.612,0.7,0.846,0.88,0.379,0.506,0.816,0.457,0.503,0.63,0.219,-0.174,0.78,0.725,0.611,0.481,0.83,-0.325,0.551,0.809,0.401,0.728,0.885,0.745,0.767,0.469,-0.458,0.691,0.685,0.762,0.044,0.604,-0.015,0.164,0.563,0.28,0.747,0.495,0.422,0.825,0.866,0.695,0.833,0.023,0.083,0.491,0.701,0.087,0.842,0.314,0.931,0.874,-0.145,0.665,0.473,0.056,0.203,-0.302,0.639,-0.162,0.864,0.807,0.025,-0.418,0.521,0.634,0.413,0.775,0.194,0.825,0.853,0.836,0.452,0.14,0.418,0.639,0.795,0.886,-0.482,0.907,0.443,0.705,0.721,0.698,0.811,0.262,0.746,0.328,-0.373,0.412,0.857,0.721,0.719,0.705,0.525,-0.219,0.186,0.782,0.066,0.117,0.796,0.805,0.288,0.836,0.924,0.774,0.816,0.411,0.723,0.714
AXDX,0.849,0.515,-0.262,0.213,0.019,0.856,0.268,0.205,0.02,0.503,-0.66,0.324,0.161,0.692,-0.258,0.273,0.612,-0.289,0.626,0.283,0.0,-0.195,-0.469,0.547,-0.274,0.151,0.573,0.427,0.823,0.106,0.347,0.417,-0.424,0.685,-0.163,-0.404,0.43,0.46,0.435,0.359,0.42,0.674,0.689,-0.069,0.575,0.284,-0.121,0.729,-0.181,0.121,0.726,-0.235,0.574,0.535,0.307,0.571,0.347,0.265,0.045,-0.164,0.527,0.116,0.39,-0.355,0.292,0.175,0.14,0.576,0.624,0.303,0.662,0.576,0.485,-0.149,0.661,0.448,0.503,0.522,0.676,0.76,0.431,0.31,0.519,0.173,0.683,0.41,0.577,0.519,0.457,0.308,0.702,0.495,0.373,0.559,-0.201,-0.344,0.527,-0.453,-0.263,-0.154,0.133,-0.539,0.448,0.491,0.395,0.099,0.52,0.306,0.275,0.54,-0.037,0.62,0.451,0.709,0.564,0.304,-0.334,0.682,0.171,0.652,-0.641,-0.089,0.554,-0.357,0.491,0.635,0.554,0.844,0.348,0.582,0.538,-0.138,0.311,0.367,0.054,0.44,-0.06,0.785,0.233,0.253,0.442,0.338,-0.551,0.771,0.815,0.075,-0.131,0.046,0.705,0.013,0.266,0.593,-0.519,-0.741,0.274,0.702,0.567,0.401,0.02,0.65,0.422,0.288,0.57,0.023,0.838,0.349,0.397,0.377,-0.421,0.499,-0.252,0.726,0.599,0.743,0.476,-0.221,0.398,0.667,-0.366,0.778,0.417,0.717,0.514,0.084,0.078,0.303,0.129,0.399,0.319,-0.541,-0.075,0.089,0.304,0.532,0.373,0.511,0.516,0.685,0.388,0.451
AXSM,-0.373,-0.292,0.004,-0.393,-0.329,-0.274,-0.225,-0.263,0.285,-0.548,0.535,-0.11,0.417,-0.479,0.062,-0.649,-0.499,0.799,-0.447,0.037,-0.195,0.0,0.356,-0.342,0.657,-0.51,-0.423,-0.284,-0.58,0.405,-0.346,-0.134,0.442,-0.453,0.25,0.133,-0.278,-0.247,-0.26,-0.167,-0.394,-0.148,-0.414,0.272,-0.417,-0.3,-0.017,-0.35,-0.084,0.291,-0.511,0.792,-0.395,-0.634,-0.121,-0.375,-0.321,-0.22,-0.23,0.084,-0.378,-0.602,-0.102,0.832,-0.437,-0.465,-0.363,-0.231,-0.143,-0.319,-0.619,-0.346,-0.312,0.652,-0.326,-0.285,-0.278,-0.062,-0.576,-0.51,-0.337,-0.486,-0.509,-0.289,-0.408,-0.131,-0.357,-0.526,-0.216,0.315,-0.442,0.144,-0.105,-0.199,-0.252,-0.052,-0.395,0.099,0.238,0.314,0.565,0.711,-0.41,-0.068,-0.331,0.116,-0.362,0.009,-0.335,-0.412,-0.439,-0.142,-0.201,-0.28,-0.11,-0.586,0.663,-0.459,-0.323,-0.411,0.224,0.094,-0.48,0.681,-0.636,-0.569,-0.46,-0.375,0.112,-0.227,0.119,-0.113,-0.073,0.599,-0.483,-0.26,-0.002,-0.478,0.05,-0.653,-0.016,-0.221,0.624,-0.393,-0.428,-0.1,-0.263,-0.383,-0.528,0.271,-0.185,-0.439,0.449,0.597,0.086,-0.439,0.182,-0.326,-0.562,-0.284,-0.209,-0.368,0.428,0.132,-0.469,-0.476,-0.317,-0.189,0.781,-0.04,0.336,-0.299,-0.478,-0.122,-0.246,-0.217,-0.216,-0.421,0.56,-0.421,0.054,-0.383,-0.53,-0.431,0.277,-0.538,0.498,-0.319,-0.654,0.247,0.153,-0.106,0.367,-0.208,-0.06,-0.347,-0.29,-0.017,-0.519,-0.468
AZN,-0.462,-0.161,0.261,0.12,0.183,-0.292,0.011,-0.001,0.281,-0.312,0.506,-0.175,0.168,-0.419,0.361,-0.096,-0.185,0.259,-0.259,-0.134,-0.469,0.356,0.0,-0.3,0.165,-0.158,-0.225,-0.172,-0.434,0.318,-0.062,-0.152,0.532,-0.229,0.097,0.493,-0.271,-0.255,-0.256,0.034,0.101,-0.442,-0.334,-0.033,-0.313,-0.115,0.213,-0.434,0.211,0.109,-0.437,0.272,-0.356,-0.353,0.121,-0.208,-0.152,-0.173,0.132,0.129,-0.207,-0.011,-0.258,0.378,0.053,0.123,-0.026,-0.357,-0.11,-0.141,-0.361,-0.368,-0.348,0.012,-0.404,-0.261,-0.306,-0.23,-0.4,-0.467,-0.249,-0.224,-0.309,0.001,-0.436,-0.08,-0.236,-0.311,0.053,-0.009,-0.443,-0.182,-0.266,-0.379,0.229,0.429,-0.322,0.285,0.139,0.316,0.437,0.376,-0.275,0.035,-0.024,-0.092,-0.269,-0.314,0.052,-0.34,0.178,-0.287,-0.253,-0.447,-0.134,-0.117,0.391,-0.284,0.018,-0.387,0.397,0.297,-0.193,0.108,-0.162,-0.114,-0.276,-0.489,-0.212,-0.362,-0.216,0.186,-0.148,0.002,0.025,0.022,0.097,-0.364,-0.204,-0.011,-0.186,-0.173,0.368,-0.447,-0.29,0.27,0.323,0.124,-0.368,0.056,-0.045,-0.36,0.464,0.518,0.131,-0.223,-0.035,-0.145,0.108,-0.339,-0.032,-0.198,-0.128,0.141,-0.4,-0.078,-0.233,-0.24,0.376,-0.272,0.527,-0.441,-0.328,-0.38,-0.303,0.229,-0.309,-0.325,0.461,-0.327,-0.138,-0.443,-0.325,-0.1,0.046,-0.287,0.239,-0.094,-0.112,0.322,0.115,0.02,-0.039,-0.421,-0.169,-0.167,-0.366,-0.471,-0.151,-0.19
BANR,0.622,0.869,0.059,0.558,0.659,0.693,0.87,0.767,-0.04,0.938,-0.577,0.858,0.364,0.934,-0.119,0.811,0.798,-0.072,0.894,0.811,0.547,-0.342,-0.3,0.0,-0.523,0.727,0.885,0.951,0.618,0.232,0.849,0.883,-0.65,0.76,0.437,0.315,0.966,0.98,0.959,0.754,0.631,0.323,0.889,-0.05,0.961,0.843,0.478,0.95,0.524,-0.288,0.911,-0.644,0.794,0.839,0.812,0.922,0.93,0.909,0.645,0.152,0.93,0.652,0.842,-0.503,0.378,0.736,0.806,0.968,0.571,0.891,0.815,0.935,0.972,-0.154,0.975,0.97,0.978,0.844,0.497,0.826,0.976,0.875,0.859,0.863,0.881,0.814,0.935,0.912,0.713,0.696,0.901,0.528,0.912,0.939,0.492,0.417,0.988,0.33,0.34,0.465,0.098,-0.588,0.957,0.744,0.826,0.513,0.979,-0.138,0.657,0.955,0.571,0.8,0.953,0.925,0.755,0.769,-0.703,0.919,0.816,0.918,-0.129,0.494,0.368,-0.266,0.796,0.599,0.948,0.736,0.573,0.956,0.846,0.606,0.848,-0.124,0.44,0.714,0.672,0.386,0.754,0.673,0.885,0.945,-0.399,0.898,0.771,0.133,0.351,-0.027,0.871,-0.238,0.891,0.927,-0.282,-0.677,0.492,0.83,0.462,0.908,0.496,0.913,0.888,0.917,0.31,0.124,0.693,0.879,0.95,0.934,-0.763,0.913,0.189,0.866,0.975,0.802,0.843,0.353,0.867,0.617,-0.57,0.643,0.823,0.887,0.937,0.815,0.38,0.227,-0.018,0.925,0.524,-0.004,0.585,0.694,0.088,0.918,0.895,0.935,0.967,0.506,0.854,0.925
BBIO,-0.622,-0.399,-0.131,-0.373,-0.322,-0.419,-0.525,-0.426,0.264,-0.707,0.731,-0.303,0.151,-0.601,0.466,-0.737,-0.754,0.653,-0.733,-0.248,-0.274,0.657,0.165,-0.523,0.0,-0.519,-0.739,-0.547,-0.679,0.285,-0.36,-0.393,0.331,-0.665,0.228,0.003,-0.503,-0.428,-0.46,-0.612,-0.823,-0.32,-0.728,0.716,-0.547,-0.261,0.084,-0.538,-0.225,0.582,-0.6,0.861,-0.73,-0.563,-0.499,-0.668,-0.621,-0.304,-0.172,0.405,-0.555,-0.613,-0.49,0.794,-0.473,-0.732,-0.607,-0.431,-0.617,-0.32,-0.804,-0.515,-0.43,0.527,-0.512,-0.451,-0.387,-0.496,-0.583,-0.698,-0.463,-0.598,-0.68,-0.506,-0.656,-0.472,-0.645,-0.656,-0.458,-0.124,-0.591,-0.255,-0.208,-0.489,-0.149,-0.402,-0.57,-0.026,0.276,0.086,-0.004,0.811,-0.424,-0.562,-0.475,0.13,-0.552,-0.012,-0.362,-0.648,-0.632,-0.608,-0.402,-0.531,-0.455,-0.609,0.751,-0.623,-0.384,-0.574,0.414,0.012,-0.1,0.406,-0.836,-0.559,-0.583,-0.453,-0.092,-0.301,-0.29,-0.277,-0.181,0.081,-0.467,-0.551,-0.094,-0.576,-0.025,-0.691,-0.35,-0.427,0.698,-0.555,-0.654,-0.522,-0.28,-0.045,-0.652,0.017,-0.424,-0.593,0.557,0.626,-0.47,-0.66,-0.004,-0.404,-0.571,-0.56,-0.4,-0.43,-0.046,0.17,-0.662,-0.615,-0.37,-0.458,0.614,-0.254,0.034,-0.621,-0.59,-0.482,-0.644,-0.359,-0.536,-0.743,0.684,-0.687,-0.179,-0.602,-0.712,-0.405,0.292,-0.613,0.479,-0.658,-0.649,0.291,0.005,-0.136,-0.065,-0.458,-0.297,-0.608,-0.458,-0.228,-0.522,-0.633
BCYC,0.258,0.75,0.154,0.615,0.791,0.363,0.659,0.733,-0.011,0.758,-0.342,0.542,0.241,0.658,0.129,0.82,0.5,-0.211,0.601,0.521,0.151,-0.51,-0.158,0.727,-0.519,0.0,0.73,0.767,0.389,0.195,0.698,0.52,-0.578,0.523,0.484,0.374,0.707,0.759,0.724,0.453,0.56,0.042,0.625,0.028,0.762,0.82,0.604,0.607,0.695,-0.221,0.619,-0.726,0.447,0.792,0.706,0.708,0.746,0.767,0.653,0.341,0.636,0.866,0.525,-0.536,0.627,0.713,0.832,0.654,0.299,0.769,0.592,0.612,0.731,-0.309,0.683,0.72,0.697,0.441,0.411,0.567,0.791,0.843,0.689,0.767,0.522,0.623,0.683,0.769,0.667,0.415,0.707,0.066,0.678,0.602,0.744,0.558,0.731,0.545,0.426,0.367,0.031,-0.498,0.756,0.365,0.796,0.547,0.737,-0.106,0.479,0.692,0.755,0.446,0.746,0.624,0.364,0.86,-0.664,0.615,0.832,0.591,0.199,0.519,0.4,-0.396,0.662,0.554,0.772,0.335,0.536,0.654,0.442,0.649,0.697,-0.463,0.716,0.587,0.714,0.16,0.542,0.798,0.513,0.771,-0.146,0.543,0.496,-0.049,0.601,0.323,0.562,-0.186,0.744,0.632,-0.222,-0.367,0.211,0.538,0.229,0.764,0.771,0.556,0.592,0.74,-0.069,0.09,0.363,0.79,0.79,0.65,-0.698,0.52,0.28,0.485,0.757,0.302,0.553,0.639,0.707,0.428,-0.387,0.297,0.561,0.502,0.731,0.849,0.388,0.446,-0.215,0.752,0.719,0.312,0.536,0.67,-0.345,0.61,0.609,0.68,0.721,0.273,0.748,0.835
BHFAP,0.714,0.804,0.048,0.583,0.604,0.744,0.776,0.716,0.032,0.919,-0.657,0.656,0.295,0.899,-0.208,0.827,0.842,-0.322,0.911,0.642,0.573,-0.423,-0.225,0.885,-0.739,0.73,0.0,0.891,0.741,0.144,0.743,0.738,-0.559,0.841,0.217,0.19,0.849,0.843,0.832,0.777,0.841,0.389,0.935,-0.283,0.913,0.694,0.332,0.88,0.459,-0.308,0.868,-0.755,0.813,0.833,0.822,0.941,0.862,0.707,0.521,-0.021,0.848,0.714,0.748,-0.638,0.577,0.802,0.818,0.836,0.738,0.726,0.896,0.823,0.82,-0.304,0.887,0.821,0.805,0.769,0.601,0.875,0.84,0.842,0.882,0.792,0.855,0.766,0.925,0.908,0.787,0.594,0.884,0.484,0.691,0.831,0.404,0.455,0.886,0.237,0.112,0.27,0.228,-0.707,0.796,0.756,0.81,0.346,0.889,0.002,0.592,0.905,0.665,0.83,0.834,0.875,0.707,0.826,-0.73,0.896,0.734,0.847,-0.282,0.376,0.374,-0.389,0.878,0.722,0.904,0.684,0.533,0.776,0.723,0.53,0.665,0.018,0.486,0.769,0.499,0.546,0.512,0.78,0.728,0.822,-0.49,0.845,0.881,0.318,0.381,0.129,0.854,-0.084,0.801,0.862,-0.459,-0.686,0.583,0.89,0.451,0.785,0.604,0.857,0.772,0.745,0.334,0.075,0.788,0.838,0.79,0.784,-0.703,0.708,0.187,0.857,0.904,0.749,0.818,0.426,0.818,0.781,-0.573,0.754,0.681,0.838,0.902,0.695,0.191,0.472,-0.122,0.919,0.673,-0.087,0.418,0.532,0.079,0.808,0.711,0.905,0.845,0.546,0.802,0.912
BKR,0.542,0.842,0.144,0.561,0.738,0.634,0.906,0.8,0.038,0.922,-0.489,0.863,0.448,0.866,-0.076,0.839,0.774,-0.046,0.872,0.848,0.427,-0.284,-0.172,0.951,-0.547,0.767,0.891,0.0,0.529,0.28,0.867,0.878,-0.523,0.767,0.484,0.453,0.961,0.958,0.949,0.814,0.701,0.213,0.849,-0.106,0.93,0.838,0.541,0.875,0.635,-0.342,0.838,-0.638,0.774,0.783,0.873,0.92,0.947,0.88,0.715,0.152,0.91,0.691,0.854,-0.445,0.412,0.82,0.877,0.936,0.602,0.897,0.778,0.897,0.923,-0.132,0.905,0.947,0.929,0.851,0.398,0.751,0.947,0.889,0.877,0.918,0.816,0.781,0.934,0.904,0.765,0.763,0.839,0.52,0.875,0.917,0.565,0.582,0.95,0.452,0.379,0.504,0.211,-0.519,0.909,0.778,0.862,0.524,0.959,-0.175,0.661,0.927,0.675,0.796,0.941,0.877,0.746,0.796,-0.664,0.872,0.862,0.869,-0.038,0.599,0.283,-0.22,0.812,0.605,0.934,0.618,0.584,0.894,0.827,0.704,0.873,-0.109,0.441,0.763,0.728,0.335,0.723,0.699,0.873,0.959,-0.316,0.831,0.73,0.194,0.426,0.01,0.821,-0.194,0.926,0.895,-0.216,-0.586,0.55,0.829,0.463,0.901,0.549,0.894,0.91,0.904,0.336,0.162,0.637,0.881,0.927,0.923,-0.71,0.867,0.355,0.814,0.934,0.741,0.853,0.476,0.854,0.593,-0.489,0.595,0.855,0.821,0.901,0.838,0.413,0.198,-0.009,0.961,0.509,0.118,0.677,0.763,0.099,0.892,0.893,0.94,0.93,0.453,0.874,0.936
BLDP,0.91,0.563,-0.123,0.33,0.174,0.84,0.415,0.334,-0.058,0.711,-0.817,0.331,-0.022,0.793,-0.382,0.598,0.817,-0.63,0.803,0.262,0.823,-0.58,-0.434,0.618,-0.679,0.389,0.741,0.529,0.0,-0.132,0.413,0.43,-0.488,0.834,-0.328,-0.32,0.508,0.5,0.503,0.499,0.687,0.611,0.836,-0.357,0.667,0.334,-0.12,0.762,-0.066,-0.161,0.82,-0.599,0.744,0.684,0.405,0.718,0.511,0.307,0.159,-0.286,0.631,0.385,0.433,-0.69,0.464,0.489,0.37,0.593,0.699,0.368,0.87,0.646,0.523,-0.425,0.693,0.514,0.523,0.559,0.819,0.887,0.509,0.528,0.729,0.34,0.796,0.456,0.69,0.708,0.551,0.156,0.784,0.418,0.331,0.582,-0.056,-0.099,0.635,-0.397,-0.327,-0.184,0.008,-0.807,0.526,0.581,0.513,-0.079,0.626,0.227,0.391,0.685,0.261,0.681,0.483,0.735,0.621,0.523,-0.631,0.792,0.304,0.741,-0.694,-0.108,0.514,-0.523,0.778,0.784,0.682,0.834,0.2,0.529,0.45,0.033,0.262,0.133,0.27,0.52,-0.028,0.875,0.141,0.546,0.417,0.412,-0.785,0.801,0.886,0.317,0.068,0.124,0.837,0.013,0.359,0.709,-0.671,-0.866,0.422,0.821,0.44,0.487,0.334,0.701,0.463,0.406,0.347,-0.045,0.935,0.551,0.439,0.44,-0.663,0.429,-0.236,0.782,0.712,0.705,0.611,-0.001,0.477,0.854,-0.623,0.898,0.309,0.794,0.723,0.263,-0.068,0.499,-0.108,0.564,0.609,-0.573,-0.134,0.105,0.163,0.541,0.372,0.631,0.561,0.548,0.568,0.626
BLFS,-0.134,0.369,0.376,0.236,0.466,0.136,0.344,0.248,0.368,0.06,0.193,0.195,0.35,0.048,0.266,0.068,-0.017,0.505,0.059,0.297,0.106,0.405,0.318,0.232,0.285,0.195,0.144,0.28,-0.132,0.0,0.403,0.347,0.115,-0.008,0.515,0.452,0.226,0.31,0.301,0.127,0.103,-0.321,0.081,0.257,0.181,0.366,0.628,0.113,0.573,0.148,0.056,0.207,-0.105,0.157,0.469,0.172,0.264,0.372,0.279,0.243,0.215,0.195,0.248,0.304,0.26,0.136,0.147,0.239,0.021,0.367,-0.071,0.122,0.232,0.019,0.192,0.277,0.276,0.181,-0.149,-0.082,0.288,0.263,0.144,0.234,-0.053,0.336,0.236,0.113,0.263,0.54,0.139,0.128,0.348,0.203,0.447,0.348,0.18,0.412,0.493,0.425,0.462,0.157,0.24,0.232,0.38,0.615,0.241,-0.348,0.048,0.058,0.286,0.185,0.301,0.174,0.195,0.195,0.198,0.09,0.354,0.168,0.444,0.596,0.203,0.204,-0.064,0.062,0.185,0.056,0.39,0.294,0.354,0.238,0.481,0.039,0.164,0.42,0.441,-0.131,0.318,0.099,0.332,0.35,0.375,0.153,0.116,-0.117,0.43,0.088,0.02,-0.26,0.396,0.11,0.496,0.205,0.141,0.158,0.319,0.412,0.176,0.199,0.337,0.197,0.147,-0.032,-0.008,0.228,0.339,0.272,0.14,0.311,0.681,0.01,0.188,0.095,0.091,0.244,0.137,-0.052,0.216,-0.134,0.443,0.035,0.002,0.211,0.536,-0.109,0.207,0.245,0.07,0.39,0.487,0.299,0.218,0.236,0.329,0.207,0.164,-0.084,0.161,0.243
BLKB,0.336,0.801,0.213,0.635,0.844,0.558,0.837,0.746,0.151,0.817,-0.276,0.771,0.344,0.763,0.222,0.818,0.659,-0.014,0.721,0.736,0.347,-0.346,-0.062,0.849,-0.36,0.698,0.743,0.867,0.413,0.403,0.0,0.831,-0.387,0.617,0.549,0.577,0.862,0.864,0.87,0.69,0.541,-0.039,0.656,0.065,0.843,0.844,0.7,0.74,0.673,-0.194,0.773,-0.555,0.572,0.807,0.767,0.765,0.807,0.856,0.781,0.33,0.868,0.692,0.708,-0.395,0.433,0.758,0.762,0.81,0.338,0.943,0.643,0.792,0.847,-0.263,0.769,0.871,0.876,0.647,0.29,0.584,0.885,0.848,0.811,0.868,0.636,0.605,0.815,0.818,0.676,0.628,0.698,0.358,0.814,0.76,0.682,0.555,0.853,0.505,0.473,0.475,0.026,-0.381,0.906,0.622,0.848,0.593,0.867,-0.331,0.704,0.778,0.662,0.6,0.839,0.708,0.613,0.81,-0.543,0.783,0.876,0.807,0.176,0.741,0.458,-0.316,0.715,0.601,0.872,0.529,0.495,0.832,0.646,0.694,0.87,-0.343,0.416,0.727,0.714,0.272,0.671,0.703,0.726,0.886,-0.216,0.735,0.629,0.101,0.505,0.231,0.744,-0.391,0.868,0.818,0.006,-0.484,0.324,0.77,0.379,0.915,0.563,0.77,0.894,0.896,0.064,0.173,0.519,0.854,0.907,0.819,-0.709,0.786,0.384,0.608,0.864,0.548,0.62,0.483,0.633,0.356,-0.319,0.427,0.778,0.676,0.758,0.866,0.436,0.089,0.029,0.823,0.474,0.211,0.711,0.808,-0.027,0.76,0.795,0.868,0.81,0.203,0.886,0.885
