,ABAT,ACLS,ACMR,ADMA,ADUS,ADVM,AEIS,AGNCM,AHCO,ALGT,ALLO,AMSF,ANAB,ANDE,APLS,APPF,ASML,ATRC,AVGO,AVT,AXDX,AXSM,AZN,BANR,BBIO,BCYC,BHFAP,BKR,BLDP,BLFS,BLKB,BLMN,BNTX,BPMC,CALM,CAMT,CASH,CATY,CCEP,CDLX,CDNS,CENN,CENX,CGC,CHDN,CLBK,COKE,COLB,COO,CORT,CRMT,CRNX,CRTO,CRVL,CSCO,CSQ,CSWI,CVBF,CWST,CYCC,CZR,DLTR,DORM,ENTA,EQIX,ERIC,EVRG,EWBC,EXAS,EXLS,EXPI,EYE,FBNC,FBRX,FCNCA,FELE,FIBK,FLEX,FRGT,FRHC,FRME,FWONA,FWONK,GDEN,GIII,GILD,GLNG,GNTX,GOOGL,GRPN,HCSG,HIMX,HOPE,HST,HTLD,HUT,HWC,ICUI,IESC,INTC,INTU,IOVA,IPAR,IPGP,ISRG,JBSS,KALU,KPRX,KRNT,LAUR,LBRDA,LBTYK,LECO,LILAK,LITE,MANH,MDXG,MFIC,MGEE,MIDD,MLAB,MMSI,MNKD,MOMO,MRVL,NICE,NMFC,NUWE,NVCR,NWBI,OFIX,OFLX,OMCL,OPK,ORKA,ORLY,OTTR,PDD,PNTG,POOL,POWL,PPBI,PPC,PRAA,PRPL,PZZA,QTRX,QURE,RDFN,RDHL,REAL,REG,REYN,RGLD,RIOT,RUN,RYTM,SAIA,SBAC,SBRA,SCVL,SHOO,SLAB,SLDB,SMCI,SMTC,SRCE,SSP,SSRM,STBA,STRO,SVC,SYBT,TCBI,TCOM,TENX,TH,TMUS,TNDM,TTD,TTMI,UAL,ULH,ULTA,VCYT,VIRT,VKTX,VOD,VRDN,VREX,VRNT,VSAT,WB,WBD,WDC,WEN,WSFS,XXII,Z,ZBRA
ABAT,0.0,0.032,-0.205,0.479,0.491,0.518,0.234,0.294,-0.177,0.455,-0.124,0.4,-0.676,0.548,0.25,-0.311,-0.451,0.395,-0.188,0.304,-0.671,-0.465,0.036,0.466,-0.285,0.298,0.456,0.552,-0.435,0.139,0.46,0.595,-0.812,-0.49,-0.295,0.279,0.348,0.506,0.48,0.504,-0.432,0.547,0.238,0.606,0.495,0.348,0.609,0.332,0.564,-0.594,0.628,-0.105,0.517,-0.297,0.172,0.239,0.421,0.442,-0.039,0.385,0.129,-0.355,0.452,0.187,-0.286,-0.074,0.32,0.574,0.389,0.039,-0.786,-0.152,0.385,0.472,0.438,0.335,0.506,0.491,0.244,-0.191,0.39,0.7,0.687,0.605,0.547,-0.252,0.653,0.692,0.289,0.59,0.474,-0.5,0.455,0.651,0.2,0.702,0.628,0.178,0.048,0.531,-0.316,0.607,0.111,0.489,0.317,0.179,0.509,0.583,-0.308,0.428,0.689,0.371,0.277,0.589,-0.311,-0.537,-0.58,0.726,0.343,0.383,0.633,-0.203,-0.271,0.622,0.302,0.192,0.345,-0.271,0.644,0.511,0.654,0.074,-0.053,-0.575,0.486,-0.062,0.453,-0.485,0.55,-0.428,0.267,0.364,0.743,0.063,-0.29,-0.071,-0.379,0.698,-0.692,0.132,0.258,0.45,-0.543,-0.195,0.345,-0.155,-0.354,0.241,0.242,0.475,-0.277,0.128,0.227,-0.027,0.551,0.341,0.124,0.273,-0.802,0.339,0.799,0.676,-0.617,0.642,0.4,0.659,0.561,-0.326,-0.569,-0.557,0.202,0.58,-0.452,0.662,0.059,-0.428,0.294,0.38,-0.159,0.537,0.09,0.626,0.097,0.554,0.409,0.269,0.367,0.638,0.421,0.569
ACLS,0.032,0.0,0.545,0.192,0.461,0.309,0.652,0.154,0.446,0.201,0.368,0.091,0.311,0.251,0.361,0.659,0.639,0.359,0.852,0.243,0.398,0.525,0.589,0.265,0.407,-0.105,0.386,0.196,0.345,0.614,0.56,0.071,0.195,0.673,0.233,0.57,0.142,0.286,0.359,0.53,0.645,-0.289,0.547,0.503,0.334,0.278,0.523,0.546,0.424,0.403,0.334,0.477,0.213,0.408,0.5,0.663,0.133,0.272,0.209,0.23,0.675,0.378,0.057,0.53,0.59,0.678,0.211,0.304,0.274,0.669,0.236,0.718,0.023,-0.261,0.393,0.325,0.223,0.269,0.305,0.656,0.217,-0.058,-0.095,0.006,0.013,0.565,0.207,0.182,0.543,0.099,0.455,0.417,0.191,0.016,0.627,0.014,0.178,0.259,0.276,0.193,0.589,0.161,0.5,0.672,0.686,0.269,0.277,-0.389,0.656,0.162,0.21,0.57,0.454,0.111,0.423,0.571,0.406,0.071,0.148,0.368,0.206,0.518,0.464,0.171,0.673,0.478,0.23,0.214,0.046,0.27,0.06,0.569,0.68,0.285,-0.012,0.808,0.046,0.379,0.156,0.725,0.352,0.34,0.086,0.741,0.651,0.515,0.707,-0.022,0.449,-0.323,0.63,0.144,0.533,-0.102,0.276,0.753,0.316,0.653,0.384,0.255,0.522,0.161,0.604,0.129,0.256,0.574,0.613,0.154,0.203,0.268,0.165,-0.026,0.493,0.232,0.169,-0.043,-0.104,0.314,0.489,0.494,0.332,0.182,0.396,-0.004,0.627,0.06,0.217,0.307,0.472,-0.026,0.372,0.152,0.702,0.063,0.347,0.537,0.108,-0.094,0.631,0.455
ACMR,-0.205,0.545,0.0,-0.218,-0.125,-0.151,0.247,-0.371,0.541,-0.239,0.61,-0.326,0.473,-0.26,0.199,0.521,0.844,-0.015,0.622,-0.217,0.684,0.445,0.413,-0.317,0.221,-0.37,-0.283,-0.261,0.801,0.741,0.161,-0.352,0.536,0.652,0.299,0.06,-0.278,-0.337,-0.117,-0.12,0.773,-0.513,0.047,-0.102,-0.212,-0.108,-0.091,-0.121,-0.125,0.516,-0.084,0.189,-0.014,0.549,0.057,0.268,-0.235,-0.297,0.264,-0.301,0.301,0.287,-0.345,0.245,0.657,0.672,-0.031,-0.307,-0.119,0.236,0.585,0.369,-0.374,-0.483,-0.203,-0.141,-0.332,-0.291,0.099,0.536,-0.293,-0.43,-0.407,-0.435,-0.391,0.376,-0.383,-0.316,0.516,-0.406,-0.267,0.674,-0.343,-0.41,0.248,-0.414,-0.416,0.007,-0.166,-0.321,0.691,-0.265,0.16,0.109,0.239,0.038,-0.308,-0.622,0.564,-0.215,-0.293,0.138,0.009,-0.318,0.532,0.584,0.542,-0.38,-0.161,-0.106,-0.215,0.442,0.364,-0.103,0.474,0.188,-0.137,0.375,-0.366,-0.327,-0.383,0.04,0.129,0.648,-0.518,0.517,-0.324,0.686,-0.372,0.611,-0.047,-0.225,-0.449,0.453,0.602,0.567,0.71,-0.465,0.724,-0.308,0.234,-0.21,0.638,0.007,-0.103,0.716,0.387,0.441,0.126,-0.217,0.465,-0.114,0.206,-0.054,-0.141,0.223,0.074,-0.246,0.483,-0.244,-0.397,-0.503,0.353,-0.379,0.008,-0.515,-0.509,0.486,0.75,0.797,0.164,-0.302,0.351,-0.391,0.508,0.478,-0.39,-0.084,0.212,-0.419,0.061,-0.414,0.738,-0.36,-0.238,0.181,-0.296,-0.547,0.3,-0.108
ADMA,0.479,0.192,-0.218,0.0,0.653,0.298,0.391,0.376,-0.268,0.557,-0.027,0.48,-0.286,0.53,0.348,0.063,-0.217,0.524,0.105,0.502,-0.348,-0.032,0.173,0.569,0.176,0.431,0.563,0.563,-0.337,0.13,0.559,0.608,-0.353,-0.202,0.208,0.464,0.535,0.586,0.532,0.47,-0.249,0.197,0.44,0.458,0.621,0.424,0.576,0.604,0.468,-0.317,0.611,-0.144,0.306,0.261,0.499,0.268,0.453,0.533,0.195,0.628,0.384,0.188,0.474,0.427,-0.207,0.107,0.199,0.602,0.183,0.485,-0.327,0.147,0.551,0.322,0.586,0.538,0.596,0.536,-0.023,-0.091,0.595,0.471,0.493,0.514,0.499,-0.029,0.588,0.438,0.021,0.658,0.51,-0.305,0.547,0.552,0.41,0.441,0.593,0.261,0.432,0.387,-0.187,0.386,0.346,0.399,0.252,0.463,0.64,0.277,0.055,0.406,0.444,0.215,0.436,0.489,-0.066,0.039,-0.359,0.637,0.454,0.68,0.559,0.246,-0.101,0.155,0.244,0.103,0.536,0.255,0.431,0.613,0.469,0.21,0.274,-0.328,0.403,0.159,0.434,-0.338,0.494,-0.213,0.495,0.591,0.507,0.374,-0.095,-0.315,-0.121,0.301,-0.294,0.025,0.368,0.646,-0.165,-0.125,0.231,0.113,-0.144,0.352,0.138,0.628,0.282,0.446,0.267,0.042,0.352,0.413,0.464,0.494,-0.445,0.557,0.471,0.556,0.064,0.608,0.323,0.481,0.416,-0.292,-0.412,-0.351,0.328,0.643,-0.05,0.447,-0.011,-0.543,0.414,0.493,-0.201,0.442,0.482,0.616,0.115,0.527,0.434,0.386,0.445,0.453,0.293,0.511
ADUS,0.491,0.461,-0.125,0.653,0.0,0.548,0.788,0.602,0.016,0.796,0.049,0.696,-0.226,0.763,0.622,0.395,-0.143,0.789,0.359,0.785,-0.345,0.041,0.344,0.823,-0.06,0.407,0.698,0.801,-0.286,0.34,0.862,0.791,-0.451,-0.006,0.212,0.793,0.751,0.843,0.824,0.758,-0.044,0.237,0.741,0.789,0.891,0.741,0.842,0.844,0.856,-0.279,0.861,0.016,0.602,0.092,0.659,0.73,0.696,0.806,0.349,0.668,0.746,0.187,0.726,0.714,0.008,0.26,0.575,0.874,0.631,0.74,-0.455,0.545,0.702,0.447,0.878,0.759,0.838,0.822,-0.027,0.192,0.798,0.661,0.637,0.755,0.719,0.406,0.834,0.739,0.482,0.795,0.826,-0.04,0.803,0.713,0.671,0.704,0.829,0.597,0.576,0.752,0.154,0.744,0.695,0.777,0.728,0.679,0.861,0.179,0.362,0.722,0.753,0.649,0.727,0.759,0.165,0.077,-0.407,0.77,0.702,0.818,0.767,0.468,-0.088,0.527,0.605,0.206,0.777,0.163,0.695,0.865,0.76,0.52,0.652,-0.215,0.604,0.416,0.708,-0.382,0.725,0.039,0.732,0.825,0.746,0.611,-0.065,-0.07,0.014,0.467,-0.24,-0.15,0.684,0.766,-0.098,0.13,0.586,0.279,-0.157,0.665,0.441,0.799,0.42,0.665,0.656,0.029,0.422,0.732,0.818,0.705,-0.343,0.8,0.679,0.713,0.071,0.84,0.58,0.665,0.598,-0.269,-0.211,-0.277,0.64,0.804,0.211,0.684,0.489,-0.511,0.425,0.796,-0.021,0.657,0.687,0.8,0.182,0.768,0.842,0.735,0.695,0.558,0.72,0.865
ADVM,0.518,0.309,-0.151,0.298,0.548,0.0,0.2,0.403,0.381,0.201,-0.09,0.05,-0.127,0.194,0.226,-0.018,-0.077,0.214,0.061,0.202,-0.428,-0.323,0.231,0.199,0.253,0.128,0.416,0.191,-0.414,0.141,0.442,0.257,-0.579,0.102,-0.536,0.279,0.09,0.305,0.321,0.651,-0.201,0.189,0.178,0.713,0.419,0.043,0.567,0.288,0.547,0.046,0.36,0.516,0.245,-0.457,-0.084,0.316,0.042,0.206,-0.403,0.117,0.461,-0.393,0.171,0.351,-0.053,-0.161,-0.006,0.436,0.353,0.271,-0.407,0.278,0.035,0.013,0.344,0.056,0.266,0.342,0.428,0.294,0.126,0.242,0.187,0.324,0.198,-0.06,0.443,0.509,0.422,0.305,0.496,-0.4,0.218,0.217,0.057,0.421,0.444,-0.08,-0.152,0.332,-0.182,0.511,-0.022,0.422,0.507,-0.116,0.313,0.256,-0.141,0.188,0.51,0.473,0.028,0.28,-0.482,-0.133,-0.077,0.325,-0.005,0.307,0.355,-0.177,0.448,0.422,0.191,0.745,0.014,-0.142,0.339,0.325,0.339,0.247,0.434,-0.583,0.341,0.335,0.111,-0.135,0.214,0.048,0.005,0.233,0.498,0.304,0.246,0.412,-0.059,0.797,-0.27,-0.344,0.511,0.055,-0.014,-0.357,0.38,0.204,0.286,0.067,-0.023,0.131,-0.078,-0.021,0.202,0.477,0.881,0.1,0.251,0.021,-0.404,0.115,0.705,0.332,-0.239,0.548,0.009,0.32,0.181,0.157,-0.249,-0.196,-0.099,0.261,-0.376,0.246,0.267,-0.151,0.716,0.141,0.493,0.159,-0.01,0.398,0.093,0.336,0.347,0.13,0.026,0.247,0.677,0.459
AEIS,0.234,0.652,0.247,0.391,0.788,0.2,0.0,0.437,0.119,0.775,0.327,0.703,-0.034,0.716,0.502,0.688,0.157,0.855,0.665,0.802,-0.026,0.311,0.351,0.772,-0.149,0.294,0.599,0.747,0.09,0.535,0.799,0.665,-0.109,0.191,0.548,0.899,0.761,0.768,0.834,0.674,0.327,0.008,0.866,0.625,0.793,0.783,0.745,0.854,0.749,-0.139,0.791,-0.079,0.666,0.35,0.813,0.866,0.744,0.795,0.581,0.621,0.747,0.422,0.695,0.679,0.186,0.643,0.738,0.755,0.567,0.825,-0.149,0.738,0.658,0.347,0.834,0.843,0.762,0.766,-0.095,0.386,0.781,0.51,0.479,0.615,0.649,0.697,0.66,0.573,0.599,0.63,0.663,0.369,0.762,0.596,0.825,0.542,0.671,0.81,0.709,0.713,0.517,0.594,0.885,0.843,0.758,0.798,0.782,-0.113,0.673,0.735,0.556,0.733,0.879,0.671,0.552,0.348,-0.213,0.576,0.753,0.747,0.682,0.713,-0.136,0.527,0.804,-0.028,0.787,0.199,0.551,0.758,0.616,0.683,0.697,0.217,0.456,0.492,0.689,-0.201,0.67,0.27,0.848,0.833,0.539,0.684,0.034,0.009,0.239,0.072,0.083,-0.125,0.705,0.723,0.082,0.359,0.582,0.442,-0.127,0.874,0.499,0.759,0.649,0.757,0.811,-0.105,0.032,0.926,0.911,0.765,-0.022,0.82,0.409,0.541,0.303,0.629,0.736,0.483,0.508,-0.152,0.133,0.019,0.786,0.707,0.601,0.572,0.686,-0.326,0.08,0.861,-0.095,0.598,0.834,0.64,0.425,0.652,0.828,0.871,0.729,0.379,0.67,0.83
AGNCM,0.294,0.154,-0.371,0.376,0.602,0.403,0.437,0.0,-0.126,0.641,0.101,0.606,-0.085,0.499,0.116,0.16,-0.368,0.548,0.062,0.649,-0.498,-0.033,0.048,0.579,-0.059,0.592,0.618,0.553,-0.5,-0.102,0.371,0.541,-0.488,-0.176,0.072,0.552,0.603,0.645,0.625,0.681,-0.265,0.377,0.549,0.57,0.672,0.458,0.451,0.589,0.502,-0.25,0.448,-0.069,0.401,-0.25,0.459,0.568,0.572,0.632,0.13,0.619,0.31,0.1,0.634,0.496,-0.346,0.029,0.467,0.662,0.506,0.469,-0.357,0.341,0.599,0.466,0.665,0.549,0.618,0.714,-0.164,0.323,0.612,0.445,0.38,0.638,0.635,0.257,0.648,0.577,0.164,0.654,0.589,-0.35,0.647,0.553,0.365,0.562,0.65,0.414,0.536,0.675,-0.069,0.612,0.312,0.505,0.321,0.339,0.65,0.491,0.034,0.633,0.465,0.312,0.496,0.589,-0.077,-0.009,-0.401,0.491,0.533,0.466,0.444,0.06,-0.168,0.41,0.178,0.062,0.495,-0.046,0.565,0.602,0.547,0.553,0.441,-0.377,0.684,0.011,0.597,-0.535,0.508,-0.159,0.561,0.638,0.637,0.156,-0.258,-0.243,-0.305,0.399,-0.339,0.259,0.467,0.467,-0.284,0.315,0.683,-0.141,-0.019,0.249,0.088,0.472,0.151,0.593,0.393,0.359,0.191,0.439,0.536,0.596,-0.196,0.601,0.496,0.595,0.033,0.62,0.474,0.65,0.582,-0.156,-0.472,-0.446,0.335,0.478,0.247,0.518,0.143,-0.551,0.589,0.602,-0.117,0.64,0.422,0.687,-0.195,0.638,0.703,0.394,0.594,0.539,0.314,0.551
AHCO,-0.177,0.446,0.541,-0.268,0.016,0.381,0.119,-0.126,0.0,-0.246,0.489,-0.429,0.569,-0.328,0.119,0.5,0.664,-0.011,0.477,-0.144,0.424,0.308,0.464,-0.322,0.334,-0.309,-0.074,-0.318,0.43,0.48,0.136,-0.397,0.296,0.744,-0.118,0.064,-0.275,-0.274,-0.095,0.112,0.584,-0.334,0.01,0.219,-0.1,-0.172,-0.023,-0.125,0.026,0.76,-0.174,0.492,-0.073,0.05,-0.181,0.275,-0.338,-0.308,-0.186,-0.382,0.353,0.022,-0.329,0.338,0.584,0.327,-0.087,-0.194,0.076,0.204,0.435,0.494,-0.449,-0.454,-0.156,-0.337,-0.293,-0.224,0.15,0.671,-0.342,-0.428,-0.448,-0.322,-0.384,0.306,-0.316,-0.133,0.56,-0.356,-0.054,0.399,-0.321,-0.43,-0.038,-0.244,-0.295,-0.139,-0.379,-0.224,0.554,-0.004,-0.063,0.091,0.398,-0.191,-0.28,-0.472,0.289,-0.189,-0.095,0.312,-0.131,-0.278,0.139,0.507,0.499,-0.386,-0.25,-0.175,-0.244,0.18,0.705,-0.021,0.279,0.603,-0.236,0.29,-0.251,-0.283,-0.305,0.027,0.318,0.294,-0.217,0.608,-0.312,0.527,-0.322,0.628,-0.174,-0.217,-0.239,0.421,0.633,0.788,0.579,-0.016,0.554,-0.452,0.425,-0.337,0.598,-0.087,0.169,0.617,0.62,0.098,0.057,-0.315,0.305,-0.256,0.168,0.447,0.216,0.001,0.114,-0.333,0.47,-0.303,-0.142,-0.418,0.264,-0.178,-0.121,-0.386,-0.443,0.585,0.587,0.664,-0.099,-0.321,0.14,-0.402,0.589,0.527,0.109,-0.143,0.639,-0.403,-0.012,-0.336,0.372,-0.281,-0.097,0.078,-0.373,-0.456,0.454,-0.019
ALGT,0.455,0.201,-0.239,0.557,0.796,0.201,0.775,0.641,-0.246,0.0,0.054,0.933,-0.38,0.885,0.379,0.274,-0.381,0.896,0.211,0.941,-0.475,-0.005,0.054,0.931,-0.409,0.596,0.729,0.948,-0.333,0.145,0.703,0.923,-0.476,-0.322,0.406,0.778,0.951,0.936,0.933,0.701,-0.17,0.385,0.807,0.627,0.931,0.846,0.74,0.847,0.792,-0.556,0.874,-0.357,0.787,0.072,0.763,0.691,0.937,0.945,0.514,0.783,0.501,0.21,0.942,0.539,-0.273,0.279,0.824,0.924,0.662,0.595,-0.529,0.409,0.907,0.744,0.915,0.914,0.938,0.939,-0.216,0.069,0.942,0.82,0.797,0.922,0.933,0.369,0.873,0.808,0.332,0.892,0.744,-0.07,0.945,0.906,0.694,0.826,0.893,0.853,0.742,0.878,0.091,0.802,0.759,0.719,0.565,0.815,0.949,0.365,0.275,0.94,0.744,0.608,0.891,0.908,0.243,-0.057,-0.626,0.853,0.913,0.814,0.844,0.427,-0.476,0.661,0.545,-0.256,0.9,0.013,0.842,0.923,0.879,0.524,0.466,-0.144,0.749,0.106,0.923,-0.66,0.898,-0.253,0.897,0.926,0.815,0.357,-0.413,-0.406,-0.285,0.338,-0.417,0.183,0.549,0.911,-0.397,0.4,0.649,-0.034,-0.437,0.634,0.417,0.922,0.361,0.836,0.663,-0.154,0.038,0.785,0.773,0.914,-0.362,0.932,0.63,0.875,-0.026,0.83,0.866,0.83,0.848,-0.486,-0.353,-0.477,0.765,0.919,0.366,0.871,0.356,-0.605,0.198,0.933,-0.402,0.897,0.814,0.904,0.052,0.926,0.901,0.797,0.928,0.731,0.5,0.871
ALLO,-0.124,0.368,0.61,-0.027,0.049,-0.09,0.327,0.101,0.489,0.054,0.0,-0.032,0.514,-0.091,0.138,0.567,0.524,0.309,0.578,0.117,0.38,0.45,0.503,-0.084,0.076,0.125,-0.073,-0.022,0.523,0.607,0.054,-0.175,0.329,0.458,0.456,0.277,0.064,-0.078,0.111,0.062,0.632,-0.137,0.355,0.049,0.122,0.147,-0.124,0.062,-0.059,0.424,-0.03,-0.166,0.091,0.377,0.308,0.501,0.095,-0.041,0.438,0.08,0.194,0.521,-0.028,0.593,0.401,0.685,0.278,-0.073,0.059,0.362,0.466,0.401,-0.013,-0.076,0.078,0.071,-0.073,0.012,-0.282,0.609,0.015,-0.235,-0.245,-0.106,-0.028,0.455,-0.2,-0.142,0.581,-0.082,-0.123,0.433,-0.05,-0.162,0.297,-0.133,-0.181,0.2,0.186,0.039,0.712,0.05,0.164,0.168,0.163,0.206,-0.042,-0.294,0.394,0.135,-0.197,0.057,0.224,-0.073,0.554,0.589,0.181,-0.193,0.199,-0.083,-0.145,0.475,0.121,-0.073,0.408,0.053,0.119,0.317,-0.125,-0.136,-0.133,0.247,0.136,0.531,-0.011,0.348,0.071,0.279,-0.126,0.426,0.264,0.044,-0.142,0.274,0.261,0.348,0.442,-0.408,0.496,0.13,0.405,0.016,0.333,0.43,0.443,0.367,0.414,0.397,0.207,-0.075,0.544,0.227,0.329,0.242,-0.32,0.375,0.201,0.076,0.541,0.02,-0.292,-0.228,0.35,-0.221,0.291,-0.148,-0.15,0.361,0.377,0.51,0.304,-0.19,0.564,-0.191,0.554,0.234,-0.064,0.24,-0.067,-0.01,0.28,-0.164,0.232,-0.121,0.031,0.213,0.049,-0.233,0.15,0.02
AMSF,0.4,0.091,-0.326,0.48,0.696,0.05,0.703,0.606,-0.429,0.933,-0.032,0.0,-0.46,0.901,0.304,0.196,-0.505,0.84,0.093,0.879,-0.515,-0.045,-0.064,0.938,-0.505,0.556,0.669,0.948,-0.389,0.016,0.587,0.915,-0.481,-0.45,0.424,0.712,0.941,0.927,0.878,0.612,-0.272,0.43,0.699,0.479,0.83,0.832,0.644,0.803,0.698,-0.671,0.813,-0.458,0.77,0.004,0.717,0.596,0.971,0.958,0.521,0.795,0.328,0.253,0.961,0.389,-0.38,0.215,0.841,0.882,0.624,0.5,-0.578,0.28,0.937,0.794,0.868,0.922,0.94,0.905,-0.267,-0.091,0.955,0.843,0.816,0.909,0.943,0.332,0.867,0.767,0.173,0.878,0.692,-0.116,0.96,0.923,0.64,0.818,0.881,0.848,0.79,0.876,-0.007,0.725,0.733,0.658,0.426,0.801,0.914,0.432,0.199,0.904,0.696,0.489,0.854,0.89,0.243,-0.182,-0.684,0.842,0.921,0.735,0.817,0.362,-0.627,0.635,0.44,-0.424,0.872,-0.093,0.829,0.903,0.867,0.511,0.348,-0.169,0.766,-0.047,0.944,-0.72,0.901,-0.338,0.879,0.899,0.785,0.223,-0.563,-0.512,-0.376,0.258,-0.48,0.318,0.381,0.887,-0.495,0.467,0.57,-0.204,-0.582,0.567,0.387,0.909,0.239,0.826,0.56,-0.254,-0.096,0.755,0.7,0.94,-0.4,0.937,0.577,0.881,-0.082,0.785,0.848,0.856,0.892,-0.571,-0.433,-0.575,0.741,0.871,0.36,0.894,0.221,-0.638,0.094,0.905,-0.526,0.934,0.724,0.882,-0.052,0.903,0.877,0.708,0.966,0.754,0.328,0.792
ANAB,-0.676,0.311,0.473,-0.286,-0.226,-0.127,-0.034,-0.085,0.569,-0.38,0.514,-0.46,0.0,-0.57,-0.128,0.541,0.72,-0.225,0.491,-0.236,0.689,0.641,0.256,-0.465,0.599,-0.088,-0.236,-0.532,0.461,0.211,-0.21,-0.594,0.702,0.816,0.291,-0.032,-0.336,-0.453,-0.288,-0.181,0.594,-0.566,-0.055,-0.239,-0.275,-0.338,-0.4,-0.185,-0.429,0.833,-0.526,0.412,-0.467,0.381,-0.095,0.08,-0.453,-0.428,-0.068,-0.223,0.175,0.466,-0.486,0.251,0.482,0.367,-0.289,-0.429,-0.316,0.279,0.88,0.483,-0.445,-0.551,-0.26,-0.344,-0.468,-0.323,-0.143,0.655,-0.373,-0.785,-0.802,-0.592,-0.556,0.485,-0.563,-0.609,0.064,-0.477,-0.352,0.455,-0.439,-0.666,-0.106,-0.647,-0.554,-0.249,-0.115,-0.489,0.475,-0.454,-0.145,-0.267,-0.113,-0.229,-0.44,-0.658,0.415,-0.353,-0.632,-0.165,-0.207,-0.569,0.283,0.803,0.735,-0.708,-0.355,-0.325,-0.617,0.311,0.54,-0.538,-0.111,0.259,-0.295,0.468,-0.662,-0.458,-0.667,0.162,0.294,0.488,-0.4,0.317,-0.488,0.647,-0.597,0.614,-0.167,-0.272,-0.619,0.221,0.597,0.424,0.638,-0.586,0.855,-0.177,0.221,-0.449,0.786,0.064,-0.064,0.526,0.808,-0.11,-0.215,-0.498,0.482,-0.075,-0.107,0.52,-0.194,-0.176,0.089,-0.255,0.802,-0.311,-0.668,-0.676,0.781,-0.506,-0.275,-0.623,-0.609,0.736,0.596,0.758,-0.196,-0.555,0.545,-0.722,0.167,0.439,0.066,-0.257,0.366,-0.547,0.028,-0.533,0.106,-0.504,-0.289,-0.155,-0.416,-0.701,-0.02,-0.393
ANDE,0.548,0.251,-0.26,0.53,0.763,0.194,0.716,0.499,-0.328,0.885,-0.091,0.901,-0.57,0.0,0.477,0.14,-0.428,0.797,0.14,0.792,-0.474,-0.071,0.134,0.944,-0.481,0.387,0.745,0.945,-0.285,0.165,0.699,0.899,-0.524,-0.372,0.276,0.668,0.846,0.933,0.841,0.635,-0.184,0.473,0.718,0.646,0.817,0.861,0.812,0.817,0.791,-0.639,0.895,-0.303,0.765,0.018,0.739,0.623,0.909,0.927,0.491,0.766,0.372,0.141,0.866,0.388,-0.162,0.232,0.808,0.891,0.73,0.434,-0.675,0.23,0.844,0.714,0.848,0.874,0.929,0.843,-0.081,-0.098,0.888,0.897,0.883,0.873,0.892,0.282,0.888,0.861,0.306,0.849,0.825,-0.085,0.907,0.915,0.698,0.831,0.879,0.773,0.685,0.871,0.063,0.768,0.754,0.78,0.593,0.769,0.906,0.435,0.189,0.835,0.833,0.63,0.861,0.895,0.238,-0.243,-0.655,0.916,0.863,0.741,0.84,0.313,-0.513,0.706,0.57,-0.224,0.846,-0.135,0.879,0.915,0.906,0.475,0.328,-0.171,0.694,0.118,0.892,-0.617,0.939,-0.214,0.813,0.845,0.834,0.306,-0.406,-0.347,-0.242,0.396,-0.524,0.222,0.384,0.864,-0.475,0.312,0.541,-0.063,-0.637,0.662,0.591,0.934,0.158,0.638,0.674,-0.347,0.09,0.776,0.669,0.792,-0.492,0.872,0.715,0.871,-0.201,0.827,0.762,0.839,0.821,-0.556,-0.355,-0.514,0.763,0.889,0.18,0.913,0.327,-0.547,0.095,0.84,-0.349,0.87,0.627,0.879,0.126,0.843,0.85,0.764,0.888,0.788,0.458,0.873
APLS,0.25,0.361,0.199,0.348,0.622,0.226,0.502,0.116,0.119,0.379,0.138,0.304,-0.128,0.477,0.0,0.331,0.15,0.376,0.339,0.349,0.079,0.121,0.455,0.427,-0.104,-0.108,0.226,0.435,0.228,0.498,0.612,0.383,-0.069,0.18,0.19,0.417,0.316,0.381,0.345,0.253,0.304,0.151,0.384,0.459,0.448,0.584,0.467,0.438,0.481,-0.035,0.586,-0.022,0.299,0.282,0.404,0.465,0.33,0.362,0.516,0.251,0.482,0.191,0.257,0.478,0.408,0.247,0.335,0.381,0.532,0.423,-0.168,0.282,0.337,0.154,0.417,0.39,0.411,0.293,-0.029,0.11,0.373,0.334,0.382,0.297,0.307,0.259,0.349,0.405,0.536,0.281,0.526,0.378,0.343,0.296,0.512,0.232,0.316,0.335,0.29,0.316,0.426,0.356,0.576,0.469,0.593,0.529,0.374,-0.064,0.454,0.322,0.413,0.385,0.431,0.356,0.434,0.173,-0.202,0.414,0.433,0.415,0.355,0.522,-0.012,0.232,0.628,0.194,0.49,0.236,0.351,0.47,0.408,0.088,0.307,0.226,0.078,0.48,0.356,0.061,0.353,0.314,0.322,0.312,0.307,0.566,0.083,0.106,0.303,0.162,0.063,-0.3,0.252,0.457,0.117,0.148,0.249,0.419,-0.198,0.606,0.525,0.459,0.373,0.261,0.598,-0.328,0.167,0.473,0.446,0.223,-0.025,0.386,0.244,0.248,0.044,0.369,0.263,0.184,0.126,-0.158,0.223,0.125,0.612,0.397,0.137,0.335,0.563,-0.007,-0.032,0.38,0.008,0.259,0.364,0.299,0.286,0.287,0.385,0.561,0.361,0.204,0.515,0.48
APPF,-0.311,0.659,0.521,0.063,0.395,-0.018,0.688,0.16,0.5,0.274,0.567,0.196,0.541,0.14,0.331,0.0,0.611,0.454,0.82,0.368,0.521,0.675,0.517,0.243,0.184,-0.025,0.173,0.201,0.476,0.539,0.452,0.082,0.462,0.671,0.572,0.612,0.293,0.214,0.352,0.258,0.713,-0.397,0.552,0.228,0.331,0.388,0.244,0.428,0.265,0.464,0.241,0.119,0.178,0.544,0.533,0.654,0.251,0.278,0.491,0.185,0.621,0.602,0.17,0.642,0.559,0.708,0.355,0.201,0.262,0.712,0.46,0.816,0.152,-0.148,0.354,0.381,0.217,0.249,-0.188,0.589,0.284,-0.116,-0.129,0.033,0.059,0.766,0.077,0.007,0.495,0.051,0.236,0.664,0.235,-0.029,0.568,-0.048,0.062,0.436,0.441,0.183,0.776,0.12,0.604,0.408,0.536,0.473,0.24,-0.568,0.78,0.245,0.048,0.393,0.489,0.119,0.711,0.744,0.298,-0.057,0.351,0.335,0.088,0.808,0.255,-0.004,0.595,0.089,0.399,0.518,-0.025,0.209,0.015,0.406,0.625,0.589,-0.002,0.649,0.191,0.305,0.113,0.672,0.469,0.353,-0.072,0.683,0.397,0.333,0.646,-0.362,0.651,-0.249,0.575,0.245,0.575,0.348,0.366,0.645,0.299,0.616,0.319,0.255,0.782,0.431,0.536,0.093,-0.203,0.593,0.66,0.355,0.555,0.347,-0.166,-0.101,0.688,0.054,0.322,-0.116,-0.076,0.272,0.582,0.568,0.471,0.145,0.779,-0.055,0.691,0.101,-0.008,0.444,0.174,0.032,0.584,0.017,0.404,0.091,0.36,0.594,0.23,-0.216,0.44,0.318
ASML,-0.451,0.639,0.844,-0.217,-0.143,-0.077,0.157,-0.368,0.664,-0.381,0.524,-0.505,0.72,-0.428,0.15,0.611,0.0,-0.16,0.735,-0.297,0.867,0.589,0.476,-0.411,0.544,-0.462,-0.26,-0.449,0.79,0.617,0.085,-0.542,0.722,0.911,0.247,0.05,-0.403,-0.425,-0.261,-0.141,0.882,-0.674,0.009,-0.106,-0.28,-0.233,-0.147,-0.107,-0.217,0.823,-0.273,0.461,-0.281,0.603,0.006,0.177,-0.444,-0.409,0.104,-0.369,0.39,0.378,-0.526,0.237,0.79,0.597,-0.249,-0.405,-0.211,0.306,0.799,0.518,-0.518,-0.706,-0.263,-0.254,-0.447,-0.402,0.148,0.638,-0.406,-0.662,-0.65,-0.621,-0.592,0.386,-0.526,-0.474,0.38,-0.551,-0.239,0.697,-0.469,-0.627,0.165,-0.631,-0.535,-0.151,-0.19,-0.49,0.701,-0.427,0.101,0.005,0.226,-0.097,-0.403,-0.809,0.603,-0.395,-0.43,0.092,-0.096,-0.531,0.481,0.807,0.79,-0.581,-0.343,-0.149,-0.406,0.472,0.673,-0.373,0.332,0.388,-0.258,0.446,-0.589,-0.407,-0.583,0.074,0.322,0.657,-0.611,0.694,-0.521,0.87,-0.504,0.851,-0.172,-0.294,-0.61,0.54,0.852,0.662,0.892,-0.504,0.906,-0.476,0.242,-0.359,0.881,-0.139,-0.196,0.835,0.609,0.283,0.043,-0.352,0.546,-0.219,0.172,0.139,-0.059,0.052,0.119,-0.37,0.673,-0.33,-0.523,-0.684,0.636,-0.466,-0.258,-0.711,-0.709,0.637,0.878,0.959,-0.006,-0.438,0.388,-0.634,0.467,0.588,-0.196,-0.236,0.525,-0.634,0.028,-0.543,0.627,-0.532,-0.315,0.082,-0.465,-0.708,0.249,-0.212
ATRC,0.395,0.359,-0.015,0.524,0.789,0.214,0.855,0.548,-0.011,0.896,0.309,0.84,-0.225,0.797,0.376,0.454,-0.16,0.0,0.395,0.906,-0.334,0.141,0.239,0.85,-0.342,0.55,0.693,0.884,-0.172,0.363,0.742,0.812,-0.371,-0.121,0.5,0.822,0.905,0.864,0.924,0.692,0.032,0.255,0.833,0.623,0.885,0.791,0.689,0.818,0.799,-0.365,0.819,-0.336,0.824,0.16,0.769,0.811,0.887,0.865,0.548,0.721,0.584,0.361,0.884,0.685,-0.121,0.5,0.849,0.86,0.604,0.711,-0.378,0.536,0.807,0.623,0.88,0.865,0.86,0.861,-0.253,0.219,0.877,0.709,0.676,0.825,0.838,0.49,0.764,0.709,0.516,0.827,0.65,0.086,0.87,0.795,0.702,0.765,0.806,0.886,0.7,0.826,0.3,0.781,0.761,0.761,0.644,0.834,0.879,0.179,0.4,0.896,0.685,0.655,0.887,0.835,0.365,0.126,-0.512,0.754,0.88,0.755,0.809,0.549,-0.34,0.631,0.649,-0.174,0.854,0.108,0.758,0.823,0.789,0.555,0.51,-0.005,0.715,0.269,0.868,-0.509,0.812,-0.085,0.922,0.906,0.737,0.468,-0.264,-0.197,-0.103,0.223,-0.226,0.124,0.691,0.861,-0.251,0.425,0.69,0.129,-0.289,0.728,0.465,0.86,0.496,0.816,0.711,-0.07,0.015,0.868,0.808,0.876,-0.219,0.871,0.543,0.757,0.053,0.739,0.879,0.727,0.762,-0.352,-0.189,-0.276,0.773,0.815,0.45,0.758,0.537,-0.484,0.156,0.953,-0.333,0.805,0.862,0.797,0.215,0.837,0.871,0.787,0.847,0.609,0.576,0.867
AVGO,-0.188,0.852,0.622,0.105,0.359,0.061,0.665,0.062,0.477,0.211,0.578,0.093,0.491,0.14,0.339,0.82,0.735,0.395,0.0,0.278,0.601,0.672,0.523,0.208,0.36,-0.119,0.213,0.151,0.518,0.659,0.47,0.018,0.441,0.736,0.508,0.611,0.18,0.193,0.325,0.343,0.814,-0.42,0.56,0.303,0.308,0.317,0.337,0.493,0.289,0.485,0.229,0.256,0.119,0.616,0.552,0.646,0.152,0.212,0.448,0.222,0.671,0.626,0.055,0.606,0.647,0.749,0.289,0.183,0.154,0.721,0.466,0.807,0.043,-0.254,0.35,0.343,0.152,0.202,0.1,0.633,0.216,-0.158,-0.182,-0.062,-0.013,0.655,0.043,-0.022,0.545,0.007,0.306,0.655,0.143,-0.068,0.676,-0.116,0.04,0.355,0.356,0.121,0.763,0.043,0.574,0.515,0.571,0.411,0.205,-0.606,0.798,0.152,0.043,0.465,0.485,0.011,0.643,0.77,0.466,-0.068,0.249,0.327,0.091,0.758,0.367,-0.037,0.665,0.257,0.295,0.345,-0.109,0.184,-0.046,0.547,0.689,0.572,-0.09,0.79,0.069,0.437,0.073,0.772,0.394,0.324,-0.087,0.737,0.62,0.436,0.768,-0.327,0.648,-0.307,0.604,0.181,0.652,0.096,0.263,0.766,0.361,0.675,0.306,0.23,0.768,0.309,0.602,0.05,-0.057,0.583,0.623,0.221,0.45,0.278,-0.104,-0.143,0.674,0.039,0.219,-0.176,-0.162,0.356,0.644,0.642,0.427,0.12,0.65,-0.101,0.682,0.146,0.001,0.352,0.299,-0.046,0.506,0.02,0.567,0.011,0.266,0.543,0.138,-0.252,0.487,0.329
AVT,0.304,0.243,-0.217,0.502,0.785,0.202,0.802,0.649,-0.144,0.941,0.117,0.879,-0.236,0.792,0.349,0.368,-0.297,0.906,0.278,0.0,-0.416,0.088,0.07,0.893,-0.337,0.601,0.706,0.885,-0.311,0.15,0.659,0.846,-0.388,-0.211,0.469,0.805,0.956,0.906,0.911,0.709,-0.088,0.312,0.842,0.622,0.923,0.81,0.654,0.855,0.769,-0.421,0.794,-0.332,0.757,0.064,0.741,0.716,0.89,0.908,0.494,0.75,0.562,0.259,0.909,0.614,-0.258,0.304,0.793,0.89,0.619,0.662,-0.402,0.51,0.884,0.713,0.911,0.89,0.904,0.918,-0.279,0.171,0.925,0.714,0.673,0.869,0.885,0.465,0.806,0.716,0.351,0.862,0.696,0.021,0.927,0.824,0.655,0.768,0.851,0.863,0.758,0.849,0.176,0.791,0.754,0.699,0.568,0.806,0.919,0.238,0.346,0.931,0.65,0.6,0.879,0.854,0.276,0.084,-0.549,0.749,0.869,0.776,0.787,0.487,-0.38,0.611,0.528,-0.223,0.872,0.058,0.776,0.894,0.822,0.568,0.568,-0.07,0.759,0.142,0.879,-0.626,0.839,-0.167,0.892,0.933,0.767,0.387,-0.356,-0.388,-0.232,0.285,-0.302,0.102,0.588,0.865,-0.299,0.447,0.675,0.019,-0.305,0.607,0.377,0.856,0.459,0.875,0.701,-0.063,-0.006,0.767,0.828,0.911,-0.219,0.924,0.537,0.803,0.094,0.787,0.841,0.777,0.802,-0.447,-0.263,-0.407,0.743,0.842,0.455,0.781,0.425,-0.577,0.237,0.915,-0.345,0.849,0.872,0.854,0.02,0.876,0.911,0.782,0.906,0.683,0.487,0.839
AXDX,-0.671,0.398,0.684,-0.348,-0.345,-0.428,-0.026,-0.498,0.424,-0.475,0.38,-0.515,0.689,-0.474,0.079,0.521,0.867,-0.334,0.601,-0.416,0.0,0.65,0.301,-0.468,0.422,-0.578,-0.434,-0.521,0.825,0.394,-0.135,-0.613,0.908,0.794,0.357,-0.129,-0.468,-0.533,-0.44,-0.44,0.851,-0.667,-0.138,-0.399,-0.457,-0.237,-0.364,-0.24,-0.429,0.737,-0.449,0.289,-0.488,0.677,-0.006,-0.04,-0.48,-0.489,0.23,-0.394,0.141,0.481,-0.601,0.035,0.799,0.437,-0.277,-0.577,-0.313,0.118,0.856,0.322,-0.535,-0.687,-0.411,-0.309,-0.546,-0.556,0.051,0.35,-0.46,-0.707,-0.671,-0.727,-0.663,0.301,-0.669,-0.674,0.095,-0.677,-0.346,0.78,-0.554,-0.695,0.104,-0.776,-0.695,-0.188,-0.147,-0.606,0.658,-0.628,0.073,-0.237,-0.016,-0.077,-0.534,-0.835,0.574,-0.515,-0.564,-0.141,-0.157,-0.641,0.569,0.733,0.789,-0.681,-0.345,-0.284,-0.569,0.466,0.457,-0.611,0.136,0.101,-0.275,0.398,-0.71,-0.512,-0.687,-0.072,0.136,0.811,-0.737,0.504,-0.557,0.852,-0.567,0.79,-0.252,-0.412,-0.78,0.344,0.697,0.444,0.847,-0.745,0.909,-0.349,-0.056,-0.396,0.814,-0.037,-0.393,0.629,0.407,0.146,0.026,-0.389,0.469,-0.27,0.037,-0.122,-0.363,-0.099,-0.037,-0.404,0.766,-0.39,-0.749,-0.784,0.663,-0.664,-0.381,-0.804,-0.757,0.511,0.899,0.928,-0.017,-0.527,0.435,-0.699,0.262,0.625,-0.437,-0.352,0.33,-0.675,-0.057,-0.683,0.405,-0.651,-0.475,-0.03,-0.474,-0.761,-0.093,-0.435
AXSM,-0.465,0.525,0.445,-0.032,0.041,-0.323,0.311,-0.033,0.308,-0.005,0.45,-0.045,0.641,-0.071,0.121,0.675,0.589,0.141,0.672,0.088,0.65,0.0,0.376,-0.012,0.33,-0.006,0.071,-0.049,0.443,0.333,0.101,-0.208,0.606,0.645,0.604,0.26,0.037,-0.043,0.056,0.002,0.669,-0.383,0.311,-0.057,0.021,0.133,-0.093,0.192,-0.083,0.486,-0.131,0.131,-0.133,0.591,0.422,0.344,-0.012,0.001,0.349,0.171,0.262,0.729,-0.123,0.375,0.526,0.592,0.115,-0.081,-0.065,0.436,0.624,0.514,-0.062,-0.23,0.08,0.104,-0.074,-0.013,-0.194,0.458,0.03,-0.377,-0.389,-0.262,-0.204,0.628,-0.219,-0.307,0.086,-0.122,0.0,0.614,-0.046,-0.246,0.337,-0.338,-0.232,0.183,0.276,-0.131,0.62,-0.182,0.287,0.099,0.163,0.242,-0.063,-0.535,0.656,-0.016,-0.265,0.062,0.28,-0.18,0.604,0.722,0.462,-0.294,0.066,-0.017,-0.249,0.576,0.192,-0.317,0.234,0.027,0.159,0.428,-0.259,-0.06,-0.285,0.296,0.349,0.616,-0.17,0.434,-0.098,0.385,-0.13,0.598,0.262,0.106,-0.286,0.335,0.408,0.202,0.661,-0.591,0.674,0.034,0.337,0.004,0.556,0.2,0.061,0.482,0.354,0.279,0.248,0.021,0.545,0.154,0.256,0.076,-0.362,0.256,0.343,0.117,0.616,0.087,-0.465,-0.328,0.761,-0.217,0.076,-0.273,-0.248,0.322,0.582,0.607,0.218,-0.119,0.662,-0.314,0.28,0.159,-0.059,0.123,0.108,-0.174,0.384,-0.198,0.302,-0.208,0.033,0.278,0.003,-0.346,0.053,-0.028
AZN,0.036,0.589,0.413,0.173,0.344,0.231,0.351,0.048,0.464,0.054,0.503,-0.064,0.256,0.134,0.455,0.517,0.476,0.239,0.523,0.07,0.301,0.376,0.0,0.095,0.162,-0.081,0.145,0.073,0.452,0.555,0.327,-0.055,0.183,0.507,0.135,0.246,0.023,0.087,0.118,0.157,0.559,-0.068,0.414,0.381,0.184,0.255,0.228,0.205,0.208,0.403,0.197,0.14,0.101,0.311,0.382,0.479,0.049,0.076,0.304,0.069,0.354,0.245,-0.066,0.56,0.611,0.541,0.118,0.085,0.311,0.344,0.188,0.331,-0.006,-0.143,0.148,0.111,0.084,0.041,-0.093,0.435,0.05,-0.057,-0.043,-0.062,-0.048,0.374,0.019,0.109,0.567,0.007,0.238,0.315,0.032,-0.073,0.361,-0.039,-0.013,0.078,0.154,0.111,0.611,0.2,0.283,0.378,0.486,0.148,0.103,-0.207,0.332,0.063,0.134,0.243,0.236,0.045,0.459,0.398,0.1,0.046,0.122,0.115,0.001,0.379,0.344,0.026,0.522,0.395,0.175,0.387,0.057,0.067,0.047,0.131,0.214,0.315,-0.021,0.646,0.055,0.3,0.056,0.567,0.22,0.07,0.018,0.472,0.393,0.455,0.577,-0.025,0.315,-0.129,0.354,0.083,0.293,0.119,0.362,0.507,0.2,0.491,0.563,0.105,0.358,0.004,0.455,0.107,0.092,0.41,0.267,-0.041,0.293,0.063,0.043,-0.119,0.236,0.03,0.082,-0.065,-0.185,0.195,0.346,0.432,0.286,-0.023,0.221,-0.07,0.606,0.139,0.151,0.2,0.332,-0.07,0.138,-0.04,0.374,-0.123,0.153,0.345,0.003,-0.044,0.382,0.242
BANR,0.466,0.265,-0.317,0.569,0.823,0.199,0.772,0.579,-0.322,0.931,-0.084,0.938,-0.465,0.944,0.427,0.243,-0.411,0.85,0.208,0.893,-0.468,-0.012,0.095,0.0,-0.388,0.473,0.755,0.962,-0.358,0.108,0.71,0.925,-0.482,-0.328,0.363,0.774,0.931,0.984,0.889,0.69,-0.189,0.427,0.774,0.652,0.888,0.891,0.787,0.907,0.807,-0.579,0.884,-0.307,0.746,0.046,0.767,0.641,0.927,0.982,0.482,0.805,0.473,0.215,0.917,0.484,-0.221,0.237,0.785,0.944,0.675,0.568,-0.603,0.353,0.917,0.725,0.929,0.935,0.982,0.92,-0.147,-0.054,0.967,0.855,0.828,0.897,0.914,0.355,0.913,0.814,0.264,0.897,0.831,-0.078,0.975,0.918,0.696,0.826,0.929,0.816,0.773,0.883,0.053,0.764,0.791,0.766,0.578,0.809,0.967,0.359,0.254,0.876,0.793,0.613,0.888,0.902,0.242,-0.125,-0.628,0.889,0.883,0.805,0.859,0.405,-0.476,0.634,0.548,-0.23,0.905,-0.066,0.838,0.973,0.899,0.53,0.474,-0.174,0.751,0.138,0.91,-0.654,0.95,-0.187,0.872,0.934,0.829,0.384,-0.391,-0.402,-0.228,0.359,-0.459,0.162,0.457,0.908,-0.413,0.329,0.576,-0.042,-0.544,0.643,0.513,0.959,0.28,0.766,0.676,-0.242,0.073,0.792,0.793,0.885,-0.427,0.963,0.676,0.886,-0.042,0.872,0.774,0.837,0.84,-0.556,-0.358,-0.515,0.751,0.927,0.29,0.888,0.329,-0.617,0.189,0.904,-0.331,0.884,0.748,0.912,0.043,0.88,0.921,0.79,0.939,0.773,0.446,0.889
BBIO,-0.285,0.407,0.221,0.176,-0.06,0.253,-0.149,-0.059,0.334,-0.409,0.076,-0.505,0.599,-0.481,-0.104,0.184,0.544,-0.342,0.36,-0.337,0.422,0.33,0.162,-0.388,0.0,-0.136,-0.068,-0.496,0.08,0.102,-0.036,-0.444,0.397,0.638,-0.091,-0.05,-0.432,-0.34,-0.288,0.036,0.25,-0.52,-0.172,-0.057,-0.225,-0.468,-0.084,-0.045,-0.269,0.654,-0.351,0.655,-0.572,0.293,-0.174,-0.139,-0.567,-0.386,-0.409,-0.144,0.25,0.204,-0.515,0.086,0.28,0.054,-0.624,-0.281,-0.47,0.285,0.573,0.319,-0.464,-0.707,-0.201,-0.341,-0.383,-0.294,0.307,0.365,-0.354,-0.645,-0.653,-0.541,-0.561,0.031,-0.33,-0.463,-0.193,-0.35,-0.138,0.005,-0.411,-0.558,-0.096,-0.553,-0.336,-0.534,-0.23,-0.502,-0.026,-0.498,-0.27,-0.138,-0.102,-0.367,-0.302,-0.438,0.205,-0.528,-0.434,-0.147,-0.353,-0.549,-0.202,0.566,0.724,-0.47,-0.521,-0.035,-0.416,0.047,0.751,-0.573,-0.2,0.639,-0.42,0.344,-0.62,-0.297,-0.604,0.116,0.393,-0.021,-0.394,0.379,-0.619,0.587,-0.547,0.469,-0.338,-0.222,-0.439,0.322,0.741,0.341,0.521,-0.154,0.544,-0.371,0.175,-0.418,0.724,-0.54,-0.302,0.52,0.78,-0.194,-0.434,-0.395,0.282,-0.257,-0.246,0.54,0.395,-0.292,0.033,-0.359,0.269,-0.317,-0.267,-0.503,0.616,-0.247,-0.56,-0.526,-0.59,0.609,0.26,0.469,-0.46,-0.35,-0.009,-0.637,-0.162,0.149,0.445,-0.405,0.58,-0.587,-0.164,-0.326,0.227,-0.426,-0.323,-0.306,-0.531,-0.568,0.056,-0.298
BCYC,0.298,-0.105,-0.37,0.431,0.407,0.128,0.294,0.592,-0.309,0.596,0.125,0.556,-0.088,0.387,-0.108,-0.025,-0.462,0.55,-0.119,0.601,-0.578,-0.006,-0.081,0.473,-0.136,0.0,0.517,0.513,-0.566,-0.111,0.201,0.54,-0.458,-0.358,0.239,0.392,0.608,0.532,0.593,0.457,-0.444,0.301,0.501,0.305,0.595,0.296,0.257,0.424,0.346,-0.444,0.352,-0.299,0.403,-0.112,0.392,0.354,0.541,0.527,0.089,0.665,0.12,0.167,0.6,0.368,-0.565,0.096,0.406,0.57,0.125,0.362,-0.308,0.137,0.585,0.586,0.577,0.464,0.515,0.665,-0.332,0.079,0.578,0.416,0.371,0.608,0.61,0.228,0.543,0.381,-0.04,0.711,0.219,-0.416,0.588,0.556,0.165,0.56,0.567,0.389,0.467,0.532,-0.253,0.496,0.118,0.23,-0.009,0.323,0.584,0.438,-0.061,0.633,0.278,0.121,0.422,0.556,-0.155,-0.084,-0.478,0.478,0.477,0.362,0.399,0.036,-0.426,0.332,-0.086,-0.211,0.455,-0.015,0.473,0.485,0.48,0.414,0.154,-0.392,0.686,-0.35,0.55,-0.63,0.444,-0.531,0.586,0.612,0.58,-0.14,-0.467,-0.472,-0.449,0.205,-0.391,0.487,0.443,0.475,-0.42,0.244,0.51,-0.306,0.009,0.049,-0.055,0.411,0.104,0.628,0.075,0.294,0.049,0.306,0.36,0.67,-0.307,0.544,0.354,0.602,0.008,0.489,0.561,0.664,0.685,-0.155,-0.616,-0.527,0.214,0.489,0.229,0.457,-0.151,-0.653,0.48,0.562,-0.442,0.626,0.495,0.615,-0.261,0.599,0.52,0.18,0.544,0.519,0.108,0.385
BHFAP,0.456,0.386,-0.283,0.563,0.698,0.416,0.599,0.618,-0.074,0.729,-0.073,0.669,-0.236,0.745,0.226,0.173,-0.26,0.693,0.213,0.706,-0.434,0.071,0.145,0.755,-0.068,0.517,0.0,0.701,-0.423,0.086,0.63,0.68,-0.496,-0.11,0.123,0.643,0.678,0.8,0.759,0.784,-0.183,0.289,0.657,0.721,0.753,0.543,0.774,0.777,0.716,-0.313,0.666,0.094,0.578,-0.052,0.592,0.604,0.647,0.755,0.106,0.742,0.461,0.121,0.68,0.402,-0.17,0.204,0.562,0.818,0.575,0.513,-0.462,0.397,0.597,0.474,0.784,0.667,0.749,0.784,0.101,0.225,0.702,0.602,0.548,0.694,0.672,0.32,0.763,0.729,0.2,0.774,0.749,-0.225,0.742,0.693,0.532,0.685,0.773,0.552,0.508,0.693,-0.039,0.671,0.498,0.699,0.559,0.491,0.787,0.334,0.163,0.68,0.681,0.63,0.711,0.684,-0.035,-0.014,-0.344,0.685,0.594,0.667,0.633,0.176,-0.124,0.572,0.352,0.085,0.611,-0.048,0.672,0.761,0.666,0.583,0.507,-0.334,0.662,0.182,0.634,-0.45,0.723,-0.097,0.671,0.781,0.749,0.33,-0.096,-0.187,-0.148,0.455,-0.375,0.121,0.573,0.619,-0.247,0.075,0.542,0.082,-0.198,0.413,0.322,0.71,0.161,0.494,0.546,0.134,0.331,0.581,0.674,0.646,-0.39,0.711,0.675,0.712,0.016,0.773,0.57,0.71,0.671,-0.198,-0.333,-0.381,0.447,0.708,0.153,0.642,0.212,-0.489,0.456,0.674,-0.006,0.649,0.585,0.803,0.142,0.72,0.776,0.593,0.633,0.63,0.533,0.777
BKR,0.552,0.196,-0.261,0.563,0.801,0.191,0.747,0.553,-0.318,0.948,-0.022,0.948,-0.532,0.945,0.435,0.201,-0.449,0.884,0.151,0.885,-0.521,-0.049,0.073,0.962,-0.496,0.513,0.701,0.0,-0.358,0.15,0.713,0.95,-0.556,-0.408,0.355,0.742,0.932,0.957,0.916,0.672,-0.219,0.46,0.742,0.633,0.887,0.876,0.757,0.835,0.825,-0.663,0.911,-0.404,0.82,0.017,0.736,0.657,0.952,0.955,0.525,0.781,0.423,0.181,0.94,0.492,-0.26,0.254,0.844,0.934,0.676,0.519,-0.658,0.286,0.912,0.788,0.906,0.908,0.962,0.914,-0.181,-0.074,0.946,0.903,0.883,0.941,0.947,0.299,0.916,0.846,0.325,0.915,0.78,-0.092,0.957,0.961,0.679,0.88,0.923,0.835,0.715,0.9,0.053,0.823,0.748,0.742,0.575,0.816,0.944,0.418,0.215,0.916,0.828,0.597,0.872,0.945,0.232,-0.207,-0.702,0.928,0.908,0.768,0.904,0.377,-0.555,0.709,0.565,-0.263,0.908,-0.068,0.9,0.939,0.937,0.468,0.366,-0.187,0.769,0.086,0.94,-0.705,0.951,-0.291,0.875,0.902,0.866,0.322,-0.48,-0.387,-0.297,0.385,-0.509,0.216,0.483,0.933,-0.496,0.363,0.608,-0.094,-0.582,0.653,0.516,0.962,0.232,0.76,0.648,-0.288,0.059,0.803,0.711,0.889,-0.483,0.922,0.696,0.919,-0.167,0.864,0.844,0.879,0.884,-0.579,-0.394,-0.543,0.769,0.941,0.24,0.942,0.342,-0.621,0.14,0.922,-0.432,0.924,0.741,0.915,0.067,0.912,0.888,0.784,0.939,0.792,0.47,0.891
BLDP,-0.435,0.345,0.801,-0.337,-0.286,-0.414,0.09,-0.5,0.43,-0.333,0.523,-0.389,0.461,-0.285,0.228,0.476,0.79,-0.172,0.518,-0.311,0.825,0.443,0.452,-0.358,0.08,-0.566,-0.423,-0.358,0.0,0.568,-0.038,-0.466,0.743,0.617,0.364,-0.107,-0.328,-0.435,-0.322,-0.447,0.849,-0.489,-0.018,-0.284,-0.362,-0.041,-0.269,-0.243,-0.334,0.559,-0.217,0.032,-0.184,0.635,0.069,0.067,-0.281,-0.378,0.415,-0.398,0.076,0.33,-0.448,0.085,0.77,0.581,-0.079,-0.487,-0.072,0.026,0.665,0.189,-0.374,-0.468,-0.357,-0.187,-0.402,-0.477,-0.096,0.326,-0.356,-0.462,-0.401,-0.549,-0.469,0.277,-0.554,-0.431,0.373,-0.561,-0.32,0.786,-0.434,-0.512,0.164,-0.579,-0.587,-0.037,-0.084,-0.417,0.781,-0.416,0.188,-0.086,0.11,0.048,-0.419,-0.667,0.473,-0.313,-0.415,-0.028,-0.045,-0.42,0.72,0.566,0.47,-0.465,-0.15,-0.239,-0.399,0.473,0.274,-0.31,0.381,-0.026,-0.125,0.427,-0.456,-0.416,-0.453,-0.176,-0.071,0.855,-0.603,0.457,-0.333,0.717,-0.385,0.658,-0.126,-0.372,-0.621,0.298,0.492,0.408,0.713,-0.639,0.74,-0.231,-0.115,-0.23,0.579,0.193,-0.167,0.593,0.181,0.357,0.28,-0.261,0.427,-0.203,0.201,-0.265,-0.426,0.103,-0.056,-0.345,0.679,-0.303,-0.602,-0.628,0.382,-0.576,-0.112,-0.648,-0.618,0.339,0.828,0.835,0.197,-0.416,0.395,-0.476,0.472,0.623,-0.581,-0.188,0.163,-0.487,-0.041,-0.589,0.518,-0.532,-0.361,0.134,-0.314,-0.57,-0.002,-0.261
BLFS,0.139,0.614,0.741,0.13,0.34,0.141,0.535,-0.102,0.48,0.145,0.607,0.016,0.211,0.165,0.498,0.539,0.617,0.363,0.659,0.15,0.394,0.333,0.555,0.108,0.102,-0.111,0.086,0.15,0.568,0.0,0.553,0.076,0.19,0.52,0.305,0.383,0.09,0.099,0.267,0.2,0.631,-0.297,0.381,0.299,0.203,0.267,0.324,0.262,0.317,0.279,0.341,0.129,0.269,0.499,0.342,0.551,0.121,0.098,0.372,0.046,0.545,0.293,0.029,0.511,0.589,0.672,0.226,0.14,0.174,0.474,0.233,0.491,-0.013,-0.185,0.227,0.211,0.1,0.099,0.059,0.476,0.1,-0.013,0.001,-0.017,0.002,0.47,0.049,0.092,0.714,0.045,0.138,0.543,0.065,-0.003,0.49,0.001,0.029,0.276,0.046,0.085,0.662,0.148,0.431,0.452,0.548,0.353,0.139,-0.424,0.587,0.138,0.141,0.476,0.334,0.089,0.505,0.474,0.193,0.087,0.194,0.267,0.176,0.552,0.25,0.172,0.669,0.273,0.24,0.336,0.038,0.108,0.056,0.23,0.333,0.435,-0.145,0.614,0.063,0.419,0.047,0.497,0.292,0.175,0.004,0.628,0.469,0.427,0.575,-0.137,0.442,-0.345,0.473,0.184,0.462,0.024,0.177,0.73,0.209,0.668,0.341,0.192,0.548,0.149,0.474,-0.09,0.114,0.5,0.398,0.077,0.191,0.141,0.015,-0.078,0.247,0.066,0.274,-0.099,-0.134,0.256,0.51,0.533,0.435,0.106,0.293,-0.001,0.683,0.183,-0.159,0.289,0.144,-0.055,0.342,0.021,0.71,0.037,0.153,0.448,0.048,-0.188,0.565,0.321
BLKB,0.46,0.56,0.161,0.559,0.862,0.442,0.799,0.371,0.136,0.703,0.054,0.587,-0.21,0.699,0.612,0.452,0.085,0.742,0.47,0.659,-0.135,0.101,0.327,0.71,-0.036,0.201,0.63,0.713,-0.038,0.553,0.0,0.716,-0.322,0.132,0.232,0.737,0.637,0.722,0.798,0.684,0.123,0.017,0.629,0.728,0.739,0.639,0.858,0.771,0.842,-0.204,0.851,0.106,0.65,0.274,0.585,0.689,0.593,0.69,0.336,0.491,0.791,0.174,0.62,0.582,0.161,0.401,0.548,0.762,0.545,0.731,-0.333,0.614,0.53,0.245,0.759,0.687,0.719,0.68,0.113,0.257,0.665,0.569,0.565,0.608,0.567,0.393,0.726,0.667,0.537,0.645,0.729,0.136,0.669,0.609,0.694,0.574,0.699,0.603,0.39,0.57,0.259,0.622,0.742,0.772,0.808,0.66,0.744,-0.017,0.478,0.614,0.72,0.798,0.686,0.67,0.244,0.178,-0.235,0.682,0.604,0.828,0.759,0.507,0.013,0.561,0.696,0.219,0.69,0.251,0.597,0.755,0.632,0.448,0.638,-0.078,0.37,0.563,0.558,-0.155,0.633,0.138,0.665,0.722,0.584,0.743,0.115,0.04,0.168,0.367,-0.072,-0.312,0.684,0.714,0.082,-0.029,0.374,0.518,-0.173,0.767,0.404,0.777,0.477,0.544,0.643,-0.12,0.41,0.732,0.792,0.601,-0.334,0.688,0.592,0.58,0.104,0.741,0.565,0.488,0.452,-0.161,0.013,-0.053,0.645,0.76,0.195,0.596,0.555,-0.354,0.187,0.714,0.034,0.487,0.665,0.681,0.544,0.683,0.708,0.794,0.548,0.374,0.829,0.849
