,ABAT,ACLS,ACMR,ADMA,ADUS,ADVM,AEIS,AGNCM,AHCO,ALGT,ALLO,AMSF,ANAB,ANDE,APLS,APPF,ASML,ATRC,AVGO,AVT,AXDX,AXSM,AZN,BANR,BBIO,BCYC,BHFAP,BKR,BLDP,BLFS,BLKB,BLMN,BNTX,BPMC,CALM,CAMT,CASH,CATY,CCEP,CDLX,CDNS,CENN,CENX,CGC,CHDN,CLBK,COKE,COLB,COO,CORT,CRMT,CRNX,CRTO,CRVL,CSCO,CSQ,CSWI,CVBF,CWST,CYCC,CZR,DLTR,DORM,ENTA,EQIX,ERIC,EVRG,EWBC,EXAS,EXLS,EXPI,EYE,FBNC,FBRX,FCNCA,FELE,FIBK,FLEX,FRGT,FRHC,FRME,FWONA,FWONK,GDEN,GIII,GILD,GLNG,GNTX,GOOGL,GRPN,HCSG,HIMX,HOPE,HST,HTLD,HUT,HWC,ICUI,IESC,INTC,INTU,IOVA,IPAR,IPGP,ISRG,JBSS,KALU,KPRX,KRNT,LAUR,LBRDA,LBTYK,LECO,LILAK,LITE,MANH,MDXG,MFIC,MGEE,MIDD,MLAB,MMSI,MNKD,MOMO,MRVL,NICE,NMFC,NUWE,NVCR,NWBI,OFIX,OFLX,OMCL,OPK,ORKA,ORLY,OTTR,PDD,PNTG,POOL,POWL,PPBI,PPC,PRAA,PRPL,PZZA,QTRX,QURE,RDFN,RDHL,REAL,REG,REYN,RGLD,RIOT,RUN,RYTM,SAIA,SBAC,SBRA,SCVL,SHOO,SLAB,SLDB,SMCI,SMTC,SRCE,SSP,SSRM,STBA,STRO,SVC,SYBT,TCBI,TCOM,TENX,TH,TMUS,TNDM,TTD,TTMI,UAL,ULH,ULTA,VCYT,VIRT,VKTX,VOD,VRDN,VREX,VRNT,VSAT,WB,WBD,WDC,WEN,WSFS,XXII,Z,ZBRA
ABAT,0.0,-0.703,-0.104,0.599,0.345,-0.322,-0.654,-0.642,-0.446,-0.583,0.239,-0.325,0.513,0.14,-0.735,0.193,-0.672,-0.738,-0.581,-0.569,0.663,-0.619,-0.339,-0.532,-0.699,-0.556,-0.69,-0.674,-0.745,-0.567,0.161,-0.577,-0.312,0.66,-0.161,-0.223,-0.675,-0.649,-0.636,-0.682,-0.091,-0.751,-0.737,-0.555,-0.511,-0.633,-0.7,-0.604,0.228,-0.769,-0.677,-0.425,-0.617,-0.224,-0.644,-0.614,-0.646,-0.467,-0.508,-0.331,-0.591,-0.273,-0.508,-0.094,0.317,-0.324,0.283,-0.515,0.35,-0.537,-0.002,0.046,-0.647,-0.55,-0.499,-0.561,-0.558,-0.716,-0.605,-0.734,-0.667,-0.573,-0.605,-0.56,-0.77,-0.432,-0.589,-0.64,-0.545,-0.772,-0.109,-0.791,-0.574,-0.648,-0.422,-0.429,-0.609,-0.017,-0.6,-0.126,-0.533,0.061,-0.581,-0.302,-0.293,-0.254,-0.643,0.518,-0.803,-0.441,-0.773,-0.698,-0.686,-0.671,0.208,-0.279,-0.548,-0.726,-0.386,-0.605,-0.404,-0.186,-0.693,-0.141,-0.473,-0.249,-0.677,-0.117,-0.37,-0.541,-0.431,0.726,-0.773,0.123,0.294,-0.153,-0.237,-0.749,-0.51,0.446,-0.605,-0.503,-0.711,-0.632,0.049,-0.186,-0.509,-0.602,0.059,0.245,0.221,-0.609,-0.37,0.671,-0.735,-0.479,0.375,-0.582,0.048,-0.65,-0.514,-0.708,-0.429,0.387,-0.653,-0.661,-0.488,-0.613,0.108,-0.549,-0.71,-0.71,-0.442,-0.645,-0.445,0.131,-0.648,-0.693,0.701,-0.631,-0.521,-0.552,-0.601,-0.643,-0.718,-0.334,-0.619,-0.647,-0.378,-0.444,-0.706,-0.248,-0.568,-0.779,-0.474,0.189,-0.628,-0.793,-0.533,-0.589
ACLS,-0.703,0.0,0.501,-0.642,-0.092,0.589,0.943,0.77,0.742,0.834,-0.494,0.621,-0.359,-0.298,0.881,0.001,0.96,0.838,0.889,0.876,-0.675,0.871,0.769,0.773,0.93,0.806,0.9,0.898,0.813,0.762,-0.123,0.778,0.548,-0.609,0.571,0.68,0.837,0.83,0.715,0.885,0.471,0.373,0.849,0.856,0.839,0.857,0.86,0.814,0.16,0.572,0.908,0.609,0.73,0.21,0.899,0.914,0.909,0.715,0.867,0.5,0.882,0.677,0.852,0.419,0.005,0.672,0.135,0.785,-0.226,0.859,0.041,0.364,0.849,0.354,0.85,0.867,0.679,0.909,0.547,0.934,0.822,0.87,0.895,0.838,0.766,0.717,0.771,0.931,0.877,0.888,0.395,0.816,0.798,0.811,0.698,0.534,0.82,0.453,0.902,0.506,0.893,0.305,0.865,0.622,0.749,0.702,0.873,-0.617,0.92,0.803,0.94,0.785,0.914,0.843,0.089,0.609,0.629,0.879,0.762,0.893,0.741,0.421,0.882,0.372,0.772,0.514,0.92,-0.188,0.536,0.79,0.834,-0.802,0.909,-0.098,0.056,0.572,0.578,0.939,0.836,-0.441,0.857,0.796,0.863,0.818,-0.235,0.506,0.875,0.737,0.072,-0.4,0.076,0.798,0.529,-0.37,0.602,0.545,-0.061,0.887,0.249,0.888,0.734,0.84,0.809,-0.537,0.947,0.935,0.7,0.884,0.297,0.755,0.92,0.845,0.677,0.828,0.784,-0.189,0.849,0.952,-0.687,0.849,0.861,0.783,0.868,0.842,0.944,0.723,0.901,0.875,0.222,0.746,0.955,0.417,0.864,0.878,0.718,0.078,0.844,0.613,0.84,0.878
ACMR,-0.104,0.501,0.0,-0.378,0.546,0.676,0.572,0.045,0.759,0.325,-0.872,0.645,0.482,-0.772,0.272,0.404,0.537,0.173,0.527,0.329,-0.17,0.331,0.717,0.247,0.255,0.17,0.393,0.431,0.219,0.733,-0.493,0.192,0.677,-0.147,0.244,0.562,0.48,0.221,-0.025,0.298,0.88,-0.228,0.071,0.556,0.437,0.257,0.16,0.327,0.283,0.019,0.279,0.244,0.427,-0.298,0.198,0.436,0.519,0.227,0.418,-0.135,0.461,0.707,0.665,0.766,0.364,0.382,0.436,0.396,0.348,0.722,0.271,0.82,0.338,-0.191,0.5,0.416,-0.021,0.352,0.418,0.306,0.181,0.53,0.524,0.711,0.049,0.197,0.295,0.419,0.742,0.342,0.49,0.017,0.243,0.248,0.223,0.437,0.234,0.572,0.39,0.39,0.653,0.787,0.51,0.57,0.606,0.336,0.295,-0.698,0.206,0.502,0.503,-0.061,0.34,0.169,0.734,0.594,0.291,0.225,0.357,0.471,0.034,0.727,0.305,-0.069,0.338,0.849,0.406,-0.479,0.391,0.29,0.693,-0.235,0.351,-0.558,0.103,0.506,0.47,0.366,0.588,0.099,0.388,0.332,0.254,0.112,-0.353,0.525,0.625,0.155,0.141,-0.472,0.677,0.221,0.077,0.337,-0.217,0.193,0.589,0.697,0.374,0.319,0.458,0.329,0.739,-0.603,0.583,0.499,0.116,0.39,0.537,0.205,0.437,0.252,0.267,0.303,0.57,-0.594,0.402,0.463,0.034,0.47,0.361,0.28,0.357,0.25,0.424,0.663,0.611,0.215,0.248,0.476,0.411,-0.071,0.586,0.194,0.081,-0.099,0.344,-0.099,0.671,0.715
ADMA,0.599,-0.642,-0.378,0.0,0.337,-0.444,-0.792,-0.593,-0.554,-0.799,0.525,-0.73,0.207,0.225,-0.613,0.291,-0.786,-0.694,-0.589,-0.69,0.808,-0.391,-0.512,-0.738,-0.592,-0.471,-0.666,-0.818,-0.527,-0.736,0.1,-0.709,-0.707,0.532,-0.482,-0.163,-0.838,-0.775,-0.693,-0.77,-0.17,-0.417,-0.693,-0.831,-0.696,-0.736,-0.69,-0.776,-0.131,-0.531,-0.607,-0.157,-0.688,-0.441,-0.655,-0.702,-0.832,-0.775,-0.637,-0.225,-0.752,-0.405,-0.709,-0.345,0.434,-0.322,-0.204,-0.818,0.139,-0.697,0.086,-0.464,-0.87,-0.356,-0.784,-0.735,-0.718,-0.792,-0.666,-0.715,-0.785,-0.817,-0.821,-0.69,-0.745,-0.299,-0.799,-0.757,-0.635,-0.812,-0.597,-0.675,-0.766,-0.787,-0.527,-0.309,-0.788,-0.247,-0.67,-0.155,-0.679,-0.059,-0.836,-0.536,-0.606,-0.397,-0.797,0.727,-0.652,-0.682,-0.701,-0.509,-0.754,-0.727,-0.087,-0.345,-0.099,-0.781,-0.592,-0.832,-0.417,-0.636,-0.787,-0.269,-0.586,-0.207,-0.801,0.223,-0.46,-0.793,-0.677,0.746,-0.839,0.412,0.532,-0.272,-0.46,-0.631,-0.546,0.707,-0.802,-0.758,-0.771,-0.57,0.411,-0.43,-0.676,-0.544,0.519,0.539,-0.129,-0.763,-0.084,0.561,-0.41,-0.35,0.122,-0.748,0.171,-0.76,-0.749,-0.874,-0.759,0.656,-0.649,-0.808,-0.69,-0.799,0.127,-0.756,-0.846,-0.811,-0.761,-0.85,-0.804,0.057,-0.757,-0.765,0.767,-0.81,-0.707,-0.777,-0.502,-0.769,-0.776,-0.638,-0.693,-0.714,-0.362,-0.742,-0.636,-0.444,-0.812,-0.732,-0.641,0.077,-0.805,-0.554,-0.643,-0.739
ADUS,0.345,-0.092,0.546,0.337,0.0,0.201,-0.114,-0.468,0.269,-0.291,-0.423,0.082,0.584,-0.496,-0.273,0.681,-0.143,-0.364,0.012,-0.226,0.553,-0.09,0.143,-0.331,-0.293,-0.303,-0.153,-0.185,-0.188,0.166,-0.379,-0.34,0.036,0.107,-0.201,0.308,-0.208,-0.366,-0.542,-0.369,0.668,-0.498,-0.447,-0.076,-0.139,-0.331,-0.411,-0.257,0.117,-0.404,-0.164,0.115,-0.137,-0.678,-0.314,-0.173,-0.133,-0.347,-0.16,-0.41,-0.137,0.381,0.054,0.398,0.659,0.101,0.351,-0.25,0.474,0.161,0.25,0.345,-0.335,-0.365,-0.113,-0.098,-0.516,-0.282,-0.113,-0.277,-0.411,-0.123,-0.127,0.164,-0.49,-0.08,-0.336,-0.19,0.165,-0.313,0.021,-0.507,-0.335,-0.332,-0.127,0.235,-0.372,0.281,-0.206,0.182,0.058,0.578,-0.225,0.139,0.041,0.025,-0.321,-0.126,-0.336,-0.055,-0.09,-0.434,-0.234,-0.399,0.594,0.245,0.23,-0.419,-0.103,-0.21,-0.303,0.146,-0.366,-0.419,-0.162,0.561,-0.266,-0.195,-0.167,-0.315,0.056,0.386,-0.319,-0.379,0.498,0.234,0.211,-0.23,0.204,0.642,-0.218,-0.253,-0.321,-0.342,0.063,-0.034,0.037,-0.329,0.43,-0.058,0.599,-0.403,0.142,0.755,-0.492,-0.083,0.604,0.101,0.429,-0.298,-0.076,-0.322,0.069,-0.062,-0.028,-0.174,-0.393,-0.236,0.533,-0.386,-0.228,-0.382,-0.274,-0.375,-0.128,-0.596,-0.187,-0.176,0.625,-0.179,-0.228,-0.3,-0.022,-0.356,-0.23,0.156,0.014,-0.385,-0.01,-0.091,-0.125,-0.233,-0.15,-0.351,-0.403,-0.003,-0.266,-0.485,0.105,0.096
ADVM,-0.322,0.589,0.676,-0.444,0.201,0.0,0.678,0.464,0.61,0.503,-0.69,0.469,0.118,-0.395,0.582,0.245,0.653,0.527,0.612,0.621,-0.484,0.585,0.861,0.57,0.493,0.43,0.477,0.562,0.391,0.717,-0.049,0.538,0.789,-0.256,0.359,0.369,0.503,0.528,0.409,0.619,0.509,0.08,0.412,0.604,0.71,0.574,0.527,0.539,0.552,0.372,0.487,0.49,0.21,-0.014,0.478,0.706,0.608,0.526,0.687,0.277,0.66,0.719,0.723,0.735,0.172,0.523,0.409,0.635,-0.022,0.715,0.046,0.752,0.558,-0.174,0.629,0.623,0.338,0.49,0.196,0.514,0.504,0.664,0.664,0.649,0.377,0.554,0.566,0.616,0.674,0.558,0.613,0.342,0.544,0.556,0.549,0.243,0.513,0.771,0.665,0.591,0.714,0.549,0.657,0.847,0.769,0.592,0.5,-0.545,0.402,0.618,0.578,0.351,0.531,0.541,0.29,0.781,0.284,0.548,0.608,0.641,0.342,0.561,0.572,0.119,0.536,0.593,0.613,-0.196,0.468,0.518,0.741,-0.244,0.532,-0.2,-0.038,0.759,0.695,0.505,0.532,-0.256,0.603,0.57,0.411,0.46,-0.431,0.504,0.702,0.519,-0.165,-0.239,0.468,0.562,0.3,-0.118,0.127,0.215,0.514,0.69,0.263,0.611,0.671,0.549,0.711,-0.421,0.727,0.647,0.467,0.641,0.249,0.546,0.552,0.556,0.521,0.508,0.717,-0.241,0.604,0.612,-0.241,0.605,0.507,0.534,0.596,0.583,0.643,0.765,0.646,0.537,-0.118,0.591,0.623,0.096,0.623,0.464,0.411,0.274,0.589,0.215,0.654,0.773
AEIS,-0.654,0.943,0.572,-0.792,-0.114,0.678,0.0,0.794,0.765,0.895,-0.628,0.714,-0.31,-0.358,0.873,0.012,0.988,0.861,0.914,0.914,-0.732,0.766,0.821,0.832,0.857,0.708,0.923,0.93,0.768,0.851,-0.068,0.841,0.706,-0.617,0.59,0.577,0.875,0.867,0.751,0.921,0.489,0.373,0.838,0.934,0.918,0.886,0.866,0.857,0.312,0.592,0.881,0.58,0.708,0.292,0.872,0.957,0.973,0.808,0.915,0.461,0.954,0.74,0.922,0.487,-0.064,0.706,0.248,0.885,-0.238,0.907,-0.005,0.547,0.925,0.288,0.931,0.921,0.728,0.932,0.552,0.927,0.867,0.945,0.963,0.907,0.806,0.684,0.869,0.963,0.898,0.924,0.603,0.797,0.856,0.875,0.75,0.51,0.864,0.523,0.918,0.562,0.945,0.393,0.928,0.741,0.859,0.712,0.9,-0.703,0.844,0.888,0.936,0.733,0.911,0.859,0.207,0.7,0.497,0.912,0.798,0.972,0.693,0.566,0.898,0.322,0.818,0.498,0.966,-0.195,0.604,0.847,0.927,-0.755,0.923,-0.207,-0.122,0.61,0.671,0.852,0.811,-0.535,0.919,0.863,0.863,0.824,-0.311,0.55,0.903,0.767,-0.139,-0.419,0.254,0.85,0.447,-0.381,0.548,0.561,0.087,0.946,0.208,0.916,0.878,0.913,0.906,-0.6,0.958,0.989,0.761,0.953,0.247,0.824,0.955,0.901,0.764,0.878,0.912,-0.196,0.93,0.966,-0.701,0.934,0.892,0.874,0.851,0.895,0.962,0.802,0.934,0.885,0.18,0.858,0.945,0.474,0.914,0.882,0.787,0.096,0.899,0.625,0.883,0.95
AGNCM,-0.642,0.77,0.045,-0.593,-0.468,0.464,0.794,0.0,0.367,0.834,-0.165,0.372,-0.673,0.095,0.883,-0.136,0.806,0.893,0.772,0.887,-0.719,0.741,0.594,0.826,0.828,0.713,0.815,0.76,0.729,0.493,0.358,0.895,0.433,-0.528,0.576,0.373,0.646,0.858,0.915,0.904,0.03,0.538,0.916,0.692,0.843,0.876,0.945,0.763,0.351,0.684,0.854,0.619,0.428,0.575,0.902,0.892,0.766,0.79,0.874,0.721,0.835,0.475,0.685,0.145,-0.201,0.672,0.029,0.77,-0.549,0.595,-0.175,0.159,0.828,0.36,0.752,0.812,0.838,0.833,0.232,0.879,0.886,0.75,0.773,0.585,0.884,0.787,0.84,0.856,0.564,0.836,0.453,0.905,0.836,0.856,0.814,0.255,0.837,0.356,0.865,0.578,0.712,0.031,0.747,0.6,0.688,0.732,0.836,-0.271,0.828,0.726,0.75,0.929,0.811,0.899,-0.209,0.575,0.359,0.925,0.732,0.829,0.838,0.187,0.852,0.494,0.782,0.057,0.865,0.131,0.515,0.771,0.677,-0.612,0.804,0.259,-0.183,0.537,0.54,0.731,0.527,-0.651,0.807,0.803,0.792,0.932,-0.166,0.356,0.668,0.876,-0.227,-0.049,-0.079,0.858,0.555,-0.645,0.774,0.532,-0.146,0.636,0.111,0.867,0.753,0.814,0.594,-0.202,0.775,0.836,0.82,0.874,-0.073,0.836,0.786,0.882,0.698,0.787,0.744,0.22,0.828,0.82,-0.762,0.776,0.825,0.849,0.796,0.898,0.855,0.543,0.701,0.916,-0.126,0.706,0.867,0.53,0.679,0.876,0.912,0.306,0.807,0.77,0.606,0.656
AHCO,-0.446,0.742,0.759,-0.554,0.269,0.61,0.765,0.367,0.0,0.589,-0.788,0.753,0.076,-0.555,0.537,0.213,0.75,0.51,0.692,0.602,-0.405,0.546,0.713,0.508,0.544,0.454,0.672,0.693,0.534,0.774,-0.436,0.463,0.615,-0.483,0.342,0.57,0.727,0.529,0.291,0.557,0.714,0.093,0.462,0.735,0.632,0.555,0.488,0.607,0.122,0.299,0.615,0.468,0.678,-0.107,0.524,0.654,0.757,0.473,0.58,0.15,0.669,0.713,0.778,0.557,0.139,0.497,0.296,0.595,0.038,0.832,0.095,0.574,0.623,0.128,0.69,0.652,0.336,0.626,0.62,0.632,0.509,0.73,0.724,0.826,0.428,0.41,0.52,0.668,0.822,0.615,0.467,0.414,0.534,0.531,0.441,0.515,0.53,0.475,0.624,0.411,0.741,0.594,0.695,0.551,0.62,0.446,0.594,-0.767,0.571,0.63,0.74,0.332,0.656,0.489,0.425,0.582,0.517,0.54,0.55,0.685,0.312,0.668,0.581,-0.029,0.486,0.685,0.659,-0.407,0.402,0.553,0.754,-0.535,0.657,-0.409,0.102,0.468,0.562,0.624,0.759,-0.137,0.647,0.561,0.62,0.428,-0.295,0.466,0.757,0.394,0.103,-0.496,0.397,0.497,0.318,-0.022,0.194,0.391,0.264,0.838,0.189,0.592,0.61,0.595,0.788,-0.598,0.766,0.719,0.388,0.639,0.39,0.484,0.695,0.557,0.493,0.589,0.666,-0.532,0.625,0.712,-0.357,0.682,0.563,0.528,0.629,0.537,0.678,0.656,0.773,0.527,0.366,0.648,0.677,0.185,0.735,0.559,0.376,-0.083,0.62,0.281,0.789,0.834
ALGT,-0.583,0.834,0.325,-0.799,-0.291,0.503,0.895,0.834,0.589,0.0,-0.397,0.732,-0.398,-0.059,0.778,-0.19,0.896,0.83,0.798,0.921,-0.724,0.709,0.634,0.899,0.808,0.685,0.86,0.922,0.695,0.686,0.075,0.944,0.654,-0.559,0.662,0.425,0.869,0.92,0.866,0.897,0.228,0.378,0.886,0.892,0.898,0.894,0.881,0.912,0.357,0.537,0.866,0.469,0.683,0.532,0.909,0.898,0.895,0.914,0.874,0.59,0.937,0.636,0.833,0.334,-0.253,0.641,0.339,0.925,-0.395,0.809,-0.165,0.427,0.937,0.436,0.94,0.933,0.874,0.927,0.521,0.875,0.929,0.919,0.929,0.778,0.853,0.662,0.919,0.932,0.755,0.909,0.635,0.812,0.926,0.953,0.793,0.345,0.936,0.402,0.879,0.544,0.832,0.152,0.894,0.647,0.795,0.76,0.941,-0.516,0.805,0.859,0.809,0.784,0.912,0.9,0.04,0.568,0.323,0.912,0.831,0.943,0.763,0.517,0.874,0.411,0.75,0.17,0.911,-0.15,0.532,0.915,0.793,-0.712,0.884,-0.14,-0.155,0.567,0.662,0.749,0.732,-0.703,0.951,0.919,0.905,0.851,-0.34,0.353,0.773,0.767,-0.309,-0.37,0.128,0.914,0.399,-0.495,0.567,0.45,-0.081,0.828,0.066,0.936,0.855,0.896,0.828,-0.462,0.825,0.929,0.895,0.935,0.007,0.911,0.904,0.938,0.873,0.93,0.898,0.019,0.864,0.871,-0.773,0.843,0.906,0.974,0.798,0.949,0.887,0.682,0.827,0.927,0.115,0.891,0.866,0.693,0.849,0.899,0.884,0.157,0.935,0.631,0.686,0.799
ALLO,0.239,-0.494,-0.872,0.525,-0.423,-0.69,-0.628,-0.165,-0.788,-0.397,0.0,-0.631,-0.368,0.757,-0.328,-0.383,-0.57,-0.3,-0.565,-0.397,0.27,-0.249,-0.705,-0.336,-0.27,-0.155,-0.48,-0.506,-0.314,-0.765,0.46,-0.287,-0.746,0.367,-0.135,-0.382,-0.556,-0.325,-0.082,-0.367,-0.797,0.031,-0.178,-0.607,-0.496,-0.336,-0.235,-0.423,-0.254,-0.187,-0.345,-0.277,-0.481,0.212,-0.245,-0.494,-0.613,-0.331,-0.426,0.126,-0.537,-0.694,-0.684,-0.651,-0.163,-0.389,-0.385,-0.491,-0.212,-0.754,-0.141,-0.792,-0.465,0.049,-0.576,-0.498,-0.094,-0.425,-0.476,-0.368,-0.299,-0.604,-0.584,-0.743,-0.22,-0.216,-0.406,-0.479,-0.758,-0.432,-0.586,-0.135,-0.35,-0.36,-0.292,-0.481,-0.326,-0.529,-0.424,-0.367,-0.653,-0.723,-0.535,-0.627,-0.605,-0.315,-0.362,0.794,-0.252,-0.559,-0.57,-0.038,-0.397,-0.267,-0.643,-0.616,-0.29,-0.327,-0.38,-0.543,-0.017,-0.738,-0.376,0.195,-0.386,-0.774,-0.48,0.368,-0.407,-0.379,-0.701,0.292,-0.443,0.627,0.057,-0.461,-0.527,-0.354,-0.59,0.034,-0.478,-0.428,-0.332,-0.185,0.336,-0.441,-0.614,-0.29,0.083,0.425,-0.665,-0.314,-0.105,-0.19,0.079,-0.222,-0.569,-0.765,-0.205,-0.391,-0.592,-0.447,-0.762,0.697,-0.627,-0.574,-0.232,-0.481,-0.463,-0.315,-0.503,-0.369,-0.357,-0.392,-0.611,0.614,-0.507,-0.527,0.115,-0.576,-0.362,-0.377,-0.402,-0.351,-0.482,-0.633,-0.64,-0.285,-0.242,-0.574,-0.459,-0.002,-0.595,-0.326,-0.182,0.158,-0.449,-0.106,-0.711,-0.772
AMSF,-0.325,0.621,0.645,-0.73,0.082,0.469,0.714,0.372,0.753,0.732,-0.631,0.0,0.132,-0.371,0.413,-0.077,0.71,0.436,0.563,0.617,-0.501,0.425,0.592,0.629,0.461,0.407,0.588,0.734,0.371,0.728,-0.361,0.559,0.715,-0.325,0.49,0.374,0.806,0.609,0.417,0.568,0.472,-0.019,0.452,0.778,0.628,0.603,0.491,0.711,0.195,0.161,0.56,0.208,0.711,0.207,0.527,0.601,0.749,0.648,0.58,0.189,0.668,0.584,0.794,0.592,-0.116,0.348,0.486,0.714,-0.023,0.8,-0.025,0.622,0.701,0.254,0.756,0.693,0.494,0.643,0.696,0.557,0.597,0.759,0.754,0.739,0.451,0.32,0.627,0.67,0.719,0.615,0.668,0.388,0.642,0.611,0.495,0.359,0.641,0.379,0.607,0.313,0.675,0.362,0.774,0.531,0.632,0.468,0.692,-0.721,0.48,0.646,0.603,0.264,0.663,0.531,0.384,0.414,0.191,0.552,0.622,0.721,0.352,0.824,0.606,0.152,0.4,0.388,0.655,-0.512,0.355,0.689,0.717,-0.534,0.658,-0.445,-0.113,0.424,0.573,0.503,0.679,-0.394,0.703,0.673,0.692,0.408,-0.48,0.406,0.68,0.337,-0.213,-0.649,0.353,0.599,0.093,-0.129,0.099,0.247,0.139,0.774,-0.006,0.633,0.648,0.648,0.824,-0.587,0.615,0.698,0.547,0.665,0.118,0.609,0.698,0.622,0.67,0.711,0.768,-0.317,0.603,0.642,-0.455,0.646,0.647,0.653,0.529,0.613,0.631,0.638,0.731,0.562,0.361,0.73,0.562,0.361,0.774,0.537,0.443,-0.066,0.696,0.189,0.622,0.729
ANAB,0.513,-0.359,0.482,0.207,0.584,0.118,-0.31,-0.673,0.076,-0.398,-0.368,0.132,0.0,-0.331,-0.594,0.187,-0.334,-0.638,-0.374,-0.432,0.344,-0.396,0.031,-0.348,-0.511,-0.439,-0.48,-0.306,-0.548,-0.036,-0.524,-0.53,0.201,0.366,-0.254,-0.08,-0.168,-0.436,-0.652,-0.487,0.348,-0.667,-0.674,-0.198,-0.385,-0.447,-0.6,-0.287,-0.003,-0.601,-0.504,-0.422,-0.12,-0.458,-0.553,-0.416,-0.284,-0.329,-0.403,-0.531,-0.387,-0.025,-0.115,0.443,0.213,-0.394,0.389,-0.241,0.619,0.003,0.034,0.415,-0.376,-0.353,-0.222,-0.32,-0.564,-0.453,0.034,-0.566,-0.498,-0.23,-0.27,-0.133,-0.673,-0.433,-0.426,-0.401,-0.034,-0.484,0.134,-0.727,-0.373,-0.473,-0.428,-0.053,-0.402,0.186,-0.36,-0.2,-0.238,0.383,-0.222,-0.013,-0.146,-0.223,-0.402,-0.172,-0.551,-0.227,-0.372,-0.76,-0.392,-0.509,0.466,-0.144,-0.331,-0.549,-0.22,-0.342,-0.584,0.313,-0.425,-0.284,-0.479,0.305,-0.41,-0.502,-0.259,-0.301,-0.111,0.365,-0.421,-0.498,0.213,0.012,0.01,-0.39,-0.087,0.404,-0.353,-0.279,-0.42,-0.663,-0.339,0.033,-0.157,-0.537,-0.015,-0.305,0.383,-0.426,-0.453,0.671,-0.822,-0.534,0.494,-0.106,-0.006,-0.416,-0.286,-0.43,0.011,-0.242,-0.296,-0.364,-0.419,-0.41,0.304,-0.382,-0.387,-0.482,-0.222,-0.351,-0.172,-0.415,-0.408,-0.386,0.536,-0.393,-0.406,-0.43,-0.411,-0.473,-0.431,-0.005,-0.228,-0.51,0.08,-0.191,-0.471,-0.385,-0.147,-0.557,-0.631,-0.13,-0.328,-0.751,-0.181,-0.126
ANDE,0.14,-0.298,-0.772,0.225,-0.496,-0.395,-0.358,0.095,-0.555,-0.059,0.757,-0.371,-0.331,0.0,-0.194,-0.541,-0.308,-0.052,-0.414,-0.016,-0.069,-0.092,-0.412,0.128,-0.06,0.063,-0.304,-0.156,-0.175,-0.604,0.474,0.044,-0.381,0.122,0.111,-0.4,-0.23,0.078,0.222,-0.045,-0.822,0.037,0.099,-0.281,-0.169,0.028,0.062,0.006,0.014,-0.074,-0.076,-0.156,-0.343,0.42,0.051,-0.19,-0.299,0.137,-0.141,0.353,-0.243,-0.469,-0.414,-0.408,-0.412,-0.28,-0.002,-0.038,-0.303,-0.42,-0.498,-0.533,-0.087,0.164,-0.178,-0.106,0.304,-0.172,-0.358,-0.153,0.087,-0.248,-0.258,-0.573,0.029,0.047,-0.051,-0.17,-0.536,-0.189,-0.149,0.05,0.1,0.015,0.043,-0.512,0.091,-0.25,-0.085,-0.126,-0.443,-0.692,-0.183,-0.214,-0.3,0.018,0.001,0.576,-0.046,-0.262,-0.413,0.174,-0.037,0.102,-0.731,-0.436,-0.364,-0.014,0.081,-0.214,0.205,-0.526,-0.056,0.347,-0.233,-0.824,-0.168,0.195,-0.453,0.071,-0.445,0.133,-0.167,0.5,0.036,-0.102,-0.041,-0.179,-0.339,-0.32,-0.075,0.017,0.005,0.047,-0.095,-0.373,-0.375,-0.023,-0.347,0.223,-0.613,0.104,0.041,-0.322,0.105,-0.315,-0.5,-0.477,-0.364,-0.01,-0.256,-0.146,-0.466,0.416,-0.398,-0.285,0.231,-0.146,-0.501,0.143,-0.254,-0.012,0.14,-0.01,-0.253,0.579,-0.265,-0.268,-0.194,-0.369,-0.121,-0.013,-0.111,0.024,-0.217,-0.348,-0.46,0.074,-0.353,-0.213,-0.23,0.366,-0.275,-0.008,0.12,0.4,-0.02,-0.025,-0.559,-0.477
APLS,-0.735,0.881,0.272,-0.613,-0.273,0.582,0.873,0.883,0.537,0.778,-0.328,0.413,-0.594,-0.194,0.0,0.03,0.881,0.921,0.866,0.834,-0.677,0.818,0.675,0.723,0.876,0.744,0.878,0.792,0.836,0.692,0.163,0.823,0.474,-0.56,0.49,0.498,0.685,0.803,0.822,0.898,0.277,0.574,0.889,0.733,0.844,0.828,0.909,0.717,0.225,0.757,0.865,0.68,0.532,0.34,0.866,0.91,0.815,0.673,0.875,0.55,0.863,0.592,0.755,0.252,-0.041,0.711,-0.049,0.711,-0.398,0.695,0.092,0.239,0.804,0.315,0.742,0.8,0.701,0.869,0.363,0.927,0.819,0.771,0.811,0.745,0.864,0.738,0.797,0.877,0.712,0.891,0.334,0.906,0.747,0.816,0.735,0.45,0.766,0.386,0.848,0.511,0.823,0.188,0.765,0.588,0.695,0.646,0.797,-0.441,0.878,0.725,0.899,0.877,0.813,0.842,-0.043,0.653,0.57,0.901,0.658,0.841,0.764,0.284,0.851,0.341,0.823,0.353,0.88,0.114,0.647,0.699,0.745,-0.678,0.871,0.102,-0.145,0.478,0.494,0.842,0.635,-0.494,0.793,0.72,0.768,0.895,-0.051,0.43,0.769,0.852,-0.002,-0.118,0.02,0.776,0.572,-0.576,0.789,0.664,-0.109,0.756,0.241,0.845,0.753,0.847,0.655,-0.324,0.891,0.888,0.677,0.874,0.081,0.729,0.862,0.854,0.599,0.755,0.723,-0.0,0.865,0.891,-0.696,0.865,0.805,0.773,0.821,0.842,0.927,0.63,0.837,0.855,0.086,0.674,0.939,0.373,0.718,0.87,0.785,0.124,0.772,0.789,0.768,0.781
APPF,0.193,0.001,0.404,0.291,0.681,0.245,0.012,-0.136,0.213,-0.19,-0.383,-0.077,0.187,-0.541,0.03,0.0,-0.036,-0.067,0.291,-0.143,0.53,-0.057,0.22,-0.33,-0.162,-0.253,0.036,-0.232,0.02,0.241,0.046,-0.147,0.047,0.165,-0.086,0.384,-0.289,-0.331,-0.337,-0.201,0.685,-0.134,-0.256,-0.068,0.063,-0.24,-0.194,-0.33,0.322,-0.014,-0.09,0.382,-0.246,-0.439,-0.202,0.023,-0.069,-0.346,0.046,-0.263,0.031,0.491,0.158,0.178,0.79,0.423,0.035,-0.272,0.238,0.103,0.584,0.308,-0.265,-0.388,-0.119,-0.054,-0.436,-0.135,-0.284,-0.071,-0.328,-0.097,-0.099,0.274,-0.236,0.089,-0.149,-0.117,0.163,-0.145,-0.016,-0.253,-0.322,-0.236,0.009,0.221,-0.363,0.35,-0.107,0.393,0.208,0.649,-0.23,0.224,0.176,0.117,-0.308,0.044,-0.185,0.068,0.088,-0.162,-0.261,-0.314,0.652,0.529,0.26,-0.239,-0.192,-0.066,-0.162,0.082,-0.271,-0.299,0.215,0.603,-0.112,0.241,0.261,-0.362,0.18,0.436,-0.226,-0.03,0.259,0.225,0.078,-0.159,0.014,0.718,-0.164,-0.236,-0.35,-0.067,0.452,0.195,0.138,0.009,0.582,0.462,0.671,-0.351,0.357,0.516,-0.13,0.37,0.627,0.109,0.675,-0.239,0.039,-0.214,0.095,0.144,0.127,-0.025,-0.359,-0.086,0.48,-0.354,-0.145,-0.261,-0.354,-0.378,-0.046,-0.318,0.006,-0.026,0.602,0.076,-0.043,-0.185,0.026,-0.255,-0.078,0.173,0.089,-0.284,-0.221,-0.02,0.047,-0.332,-0.139,-0.227,-0.113,0.088,-0.285,-0.095,0.327,0.153
ASML,-0.672,0.96,0.537,-0.786,-0.143,0.653,0.988,0.806,0.75,0.896,-0.57,0.71,-0.334,-0.308,0.881,-0.036,0.0,0.862,0.905,0.922,-0.763,0.801,0.811,0.842,0.887,0.759,0.908,0.935,0.77,0.83,-0.067,0.838,0.677,-0.598,0.631,0.591,0.875,0.878,0.773,0.939,0.451,0.367,0.857,0.937,0.903,0.903,0.889,0.863,0.273,0.583,0.89,0.563,0.715,0.306,0.9,0.959,0.962,0.812,0.914,0.502,0.94,0.696,0.91,0.469,-0.058,0.693,0.208,0.877,-0.241,0.892,0.005,0.491,0.93,0.308,0.913,0.913,0.743,0.938,0.554,0.947,0.879,0.935,0.958,0.871,0.804,0.686,0.858,0.967,0.877,0.929,0.551,0.824,0.86,0.871,0.739,0.484,0.875,0.508,0.931,0.532,0.934,0.326,0.94,0.718,0.836,0.718,0.914,-0.679,0.887,0.867,0.931,0.758,0.93,0.877,0.144,0.659,0.481,0.927,0.8,0.965,0.723,0.527,0.932,0.393,0.821,0.481,0.97,-0.209,0.591,0.851,0.895,-0.796,0.938,-0.16,-0.102,0.605,0.64,0.895,0.808,-0.55,0.912,0.86,0.883,0.828,-0.315,0.572,0.922,0.758,-0.109,-0.437,0.177,0.862,0.478,-0.416,0.569,0.553,0.005,0.92,0.211,0.925,0.828,0.91,0.892,-0.569,0.949,0.985,0.76,0.953,0.221,0.826,0.968,0.901,0.759,0.889,0.899,-0.138,0.91,0.981,-0.726,0.933,0.91,0.862,0.846,0.9,0.978,0.812,0.916,0.906,0.183,0.829,0.95,0.46,0.922,0.885,0.785,0.129,0.9,0.618,0.882,0.929
ATRC,-0.738,0.838,0.173,-0.694,-0.364,0.527,0.861,0.893,0.51,0.83,-0.3,0.436,-0.638,-0.052,0.921,-0.067,0.862,0.0,0.809,0.867,-0.725,0.728,0.608,0.801,0.876,0.721,0.844,0.812,0.81,0.653,0.256,0.877,0.478,-0.607,0.531,0.402,0.703,0.862,0.881,0.925,0.15,0.659,0.937,0.763,0.891,0.884,0.926,0.77,0.289,0.795,0.851,0.621,0.497,0.425,0.885,0.898,0.829,0.769,0.865,0.557,0.885,0.555,0.715,0.18,-0.171,0.668,0.021,0.783,-0.413,0.656,-0.02,0.246,0.871,0.342,0.779,0.836,0.821,0.863,0.372,0.925,0.882,0.796,0.819,0.703,0.924,0.696,0.862,0.879,0.635,0.912,0.395,0.916,0.826,0.888,0.766,0.297,0.838,0.388,0.847,0.471,0.793,0.084,0.782,0.613,0.703,0.646,0.836,-0.423,0.866,0.742,0.837,0.903,0.841,0.895,-0.126,0.596,0.501,0.938,0.699,0.872,0.742,0.284,0.865,0.374,0.819,0.211,0.9,0.159,0.544,0.783,0.723,-0.679,0.881,0.084,-0.238,0.491,0.535,0.808,0.584,-0.586,0.857,0.79,0.805,0.922,-0.09,0.394,0.735,0.85,-0.163,-0.115,-0.002,0.854,0.524,-0.665,0.771,0.625,-0.139,0.729,0.127,0.891,0.803,0.888,0.637,-0.351,0.831,0.882,0.787,0.9,-0.024,0.82,0.866,0.903,0.709,0.818,0.747,0.073,0.875,0.889,-0.775,0.868,0.818,0.837,0.809,0.89,0.914,0.627,0.751,0.889,0.033,0.7,0.902,0.52,0.727,0.903,0.86,0.199,0.831,0.821,0.722,0.764
AVGO,-0.581,0.889,0.527,-0.589,0.012,0.612,0.914,0.772,0.692,0.798,-0.565,0.563,-0.374,-0.414,0.866,0.291,0.905,0.809,0.0,0.825,-0.497,0.726,0.75,0.647,0.779,0.598,0.912,0.766,0.786,0.787,0.061,0.782,0.574,-0.533,0.54,0.663,0.673,0.701,0.657,0.809,0.612,0.38,0.755,0.83,0.868,0.747,0.785,0.66,0.382,0.594,0.823,0.695,0.566,0.194,0.804,0.91,0.846,0.622,0.874,0.483,0.907,0.811,0.866,0.333,0.219,0.889,0.115,0.7,-0.288,0.806,0.187,0.481,0.759,0.247,0.799,0.829,0.556,0.854,0.358,0.881,0.714,0.814,0.837,0.892,0.723,0.693,0.771,0.862,0.843,0.832,0.471,0.738,0.681,0.75,0.685,0.532,0.685,0.53,0.822,0.698,0.937,0.495,0.738,0.694,0.82,0.729,0.734,-0.522,0.778,0.865,0.906,0.723,0.765,0.719,0.332,0.818,0.552,0.799,0.635,0.871,0.656,0.406,0.762,0.271,0.895,0.579,0.858,0.02,0.695,0.64,0.864,-0.58,0.77,-0.096,0.017,0.622,0.563,0.765,0.718,-0.286,0.789,0.705,0.697,0.819,-0.011,0.53,0.86,0.773,0.133,-0.13,0.385,0.672,0.609,-0.244,0.578,0.724,0.164,0.857,0.479,0.767,0.79,0.756,0.835,-0.367,0.924,0.911,0.6,0.856,0.372,0.639,0.842,0.752,0.542,0.673,0.796,-0.157,0.888,0.895,-0.486,0.898,0.864,0.779,0.811,0.76,0.877,0.742,0.863,0.765,0.008,0.773,0.926,0.392,0.742,0.78,0.763,0.168,0.725,0.645,0.915,0.88
AVT,-0.569,0.876,0.329,-0.69,-0.226,0.621,0.914,0.887,0.602,0.921,-0.397,0.617,-0.432,-0.016,0.834,-0.143,0.922,0.867,0.825,0.0,-0.753,0.8,0.753,0.939,0.869,0.769,0.859,0.916,0.715,0.651,0.148,0.921,0.607,-0.605,0.681,0.478,0.8,0.941,0.87,0.948,0.24,0.328,0.903,0.887,0.932,0.955,0.931,0.908,0.422,0.535,0.924,0.599,0.554,0.417,0.95,0.959,0.906,0.917,0.942,0.671,0.933,0.655,0.831,0.399,-0.14,0.704,0.339,0.93,-0.385,0.812,-0.252,0.423,0.933,0.301,0.931,0.957,0.87,0.889,0.359,0.909,0.94,0.912,0.927,0.74,0.824,0.798,0.88,0.968,0.747,0.873,0.632,0.829,0.944,0.928,0.871,0.349,0.942,0.535,0.961,0.637,0.844,0.203,0.902,0.763,0.848,0.827,0.94,-0.496,0.831,0.869,0.806,0.838,0.945,0.945,-0.042,0.638,0.407,0.945,0.915,0.942,0.842,0.379,0.915,0.455,0.786,0.222,0.947,-0.146,0.426,0.915,0.836,-0.689,0.874,-0.008,-0.014,0.709,0.763,0.798,0.763,-0.668,0.935,0.929,0.895,0.903,-0.376,0.428,0.826,0.792,-0.269,-0.344,0.103,0.934,0.55,-0.447,0.588,0.45,0.002,0.819,0.133,0.965,0.857,0.882,0.795,-0.422,0.872,0.93,0.899,0.96,0.13,0.927,0.891,0.931,0.859,0.901,0.891,0.006,0.887,0.912,-0.763,0.835,0.902,0.93,0.904,0.961,0.92,0.749,0.817,0.965,-0.043,0.849,0.921,0.653,0.84,0.909,0.893,0.339,0.941,0.599,0.72,0.827
AXDX,0.663,-0.675,-0.17,0.808,0.553,-0.484,-0.732,-0.719,-0.405,-0.724,0.27,-0.501,0.344,-0.069,-0.677,0.53,-0.763,-0.725,-0.497,-0.753,0.0,-0.571,-0.565,-0.827,-0.714,-0.665,-0.595,-0.785,-0.554,-0.533,0.014,-0.691,-0.594,0.507,-0.511,-0.113,-0.787,-0.834,-0.784,-0.858,0.091,-0.439,-0.776,-0.712,-0.651,-0.821,-0.799,-0.802,-0.085,-0.583,-0.654,-0.233,-0.568,-0.501,-0.735,-0.735,-0.751,-0.796,-0.662,-0.512,-0.665,-0.222,-0.601,-0.301,0.535,-0.243,-0.062,-0.81,0.294,-0.592,0.272,-0.244,-0.847,-0.387,-0.704,-0.686,-0.782,-0.758,-0.539,-0.732,-0.846,-0.734,-0.741,-0.457,-0.752,-0.444,-0.772,-0.757,-0.526,-0.786,-0.465,-0.771,-0.818,-0.769,-0.535,-0.182,-0.841,-0.256,-0.773,-0.178,-0.561,0.12,-0.841,-0.534,-0.53,-0.442,-0.825,0.566,-0.766,-0.578,-0.636,-0.652,-0.803,-0.843,0.284,-0.253,-0.097,-0.86,-0.683,-0.764,-0.57,-0.375,-0.884,-0.488,-0.519,-0.053,-0.811,0.226,-0.351,-0.815,-0.576,0.782,-0.841,0.058,0.408,-0.352,-0.45,-0.751,-0.465,0.821,-0.765,-0.762,-0.809,-0.631,0.554,-0.445,-0.63,-0.635,0.532,0.475,0.238,-0.858,-0.169,0.71,-0.502,-0.203,0.285,-0.609,0.281,-0.826,-0.615,-0.814,-0.61,0.528,-0.634,-0.752,-0.754,-0.773,0.186,-0.831,-0.788,-0.836,-0.75,-0.86,-0.711,-0.124,-0.699,-0.746,0.879,-0.684,-0.668,-0.71,-0.566,-0.817,-0.803,-0.547,-0.59,-0.831,-0.182,-0.599,-0.661,-0.368,-0.772,-0.779,-0.634,-0.125,-0.82,-0.562,-0.509,-0.642
AXSM,-0.619,0.871,0.331,-0.391,-0.09,0.585,0.766,0.741,0.546,0.709,-0.249,0.425,-0.396,-0.092,0.818,-0.057,0.801,0.728,0.726,0.8,-0.571,0.0,0.69,0.715,0.858,0.808,0.751,0.767,0.695,0.568,-0.02,0.72,0.37,-0.444,0.514,0.645,0.664,0.747,0.689,0.785,0.289,0.302,0.779,0.643,0.731,0.773,0.817,0.727,0.19,0.464,0.846,0.645,0.529,0.224,0.837,0.819,0.707,0.631,0.803,0.621,0.744,0.579,0.687,0.425,0.041,0.582,0.167,0.667,-0.319,0.702,-0.071,0.184,0.694,0.255,0.697,0.74,0.627,0.756,0.331,0.821,0.734,0.726,0.762,0.631,0.658,0.814,0.642,0.821,0.722,0.75,0.277,0.743,0.714,0.73,0.708,0.417,0.73,0.407,0.822,0.529,0.757,0.182,0.747,0.528,0.654,0.695,0.776,-0.37,0.822,0.607,0.771,0.787,0.805,0.792,-0.113,0.57,0.642,0.775,0.75,0.72,0.79,0.245,0.778,0.402,0.616,0.338,0.762,-0.133,0.422,0.684,0.653,-0.644,0.755,0.13,0.162,0.607,0.556,0.834,0.766,-0.429,0.718,0.683,0.751,0.772,-0.254,0.317,0.714,0.69,0.119,-0.296,-0.09,0.749,0.554,-0.365,0.609,0.355,-0.085,0.688,0.234,0.816,0.598,0.689,0.601,-0.273,0.845,0.77,0.645,0.753,0.139,0.691,0.753,0.753,0.602,0.709,0.651,-0.069,0.677,0.791,-0.594,0.647,0.715,0.674,0.836,0.782,0.811,0.595,0.789,0.807,0.119,0.602,0.874,0.369,0.719,0.77,0.638,0.176,0.735,0.51,0.611,0.69
AZN,-0.339,0.769,0.717,-0.512,0.143,0.861,0.821,0.594,0.713,0.634,-0.705,0.592,0.031,-0.412,0.675,0.22,0.811,0.608,0.75,0.753,-0.565,0.69,0.0,0.684,0.646,0.594,0.634,0.685,0.453,0.75,-0.074,0.592,0.761,-0.302,0.578,0.608,0.638,0.633,0.464,0.736,0.597,0.008,0.537,0.736,0.788,0.707,0.66,0.65,0.511,0.327,0.645,0.55,0.397,0.106,0.646,0.834,0.77,0.633,0.822,0.391,0.749,0.746,0.865,0.73,0.206,0.605,0.397,0.721,-0.031,0.833,0.037,0.705,0.693,-0.108,0.75,0.737,0.445,0.654,0.281,0.669,0.61,0.779,0.78,0.734,0.446,0.674,0.646,0.762,0.808,0.628,0.635,0.46,0.659,0.604,0.638,0.33,0.637,0.794,0.824,0.661,0.826,0.606,0.792,0.84,0.86,0.723,0.671,-0.585,0.591,0.742,0.716,0.467,0.68,0.648,0.32,0.773,0.325,0.68,0.75,0.781,0.555,0.56,0.707,0.324,0.676,0.627,0.776,-0.36,0.512,0.641,0.882,-0.443,0.656,-0.077,0.059,0.79,0.724,0.669,0.655,-0.267,0.694,0.702,0.581,0.585,-0.474,0.693,0.87,0.619,-0.063,-0.32,0.375,0.658,0.39,-0.07,0.194,0.306,0.423,0.799,0.35,0.726,0.702,0.627,0.83,-0.527,0.853,0.785,0.565,0.772,0.391,0.643,0.688,0.645,0.599,0.629,0.806,-0.213,0.714,0.781,-0.375,0.723,0.708,0.617,0.709,0.678,0.766,0.84,0.78,0.684,-0.068,0.686,0.751,0.147,0.795,0.576,0.555,0.275,0.684,0.241,0.803,0.852
BANR,-0.532,0.773,0.247,-0.738,-0.331,0.57,0.832,0.826,0.508,0.899,-0.336,0.629,-0.348,0.128,0.723,-0.33,0.842,0.801,0.647,0.939,-0.827,0.715,0.684,0.0,0.8,0.747,0.737,0.913,0.598,0.574,0.098,0.879,0.635,-0.567,0.656,0.299,0.831,0.971,0.88,0.914,0.055,0.288,0.857,0.836,0.85,0.943,0.894,0.965,0.358,0.473,0.853,0.434,0.553,0.526,0.888,0.872,0.866,0.979,0.86,0.611,0.846,0.497,0.77,0.447,-0.356,0.477,0.418,0.966,-0.368,0.771,-0.394,0.386,0.943,0.346,0.908,0.923,0.932,0.833,0.414,0.811,0.959,0.882,0.887,0.619,0.8,0.728,0.873,0.911,0.657,0.825,0.695,0.77,0.989,0.92,0.844,0.261,0.981,0.458,0.914,0.484,0.714,0.049,0.921,0.726,0.755,0.76,0.954,-0.515,0.777,0.781,0.701,0.766,0.927,0.952,-0.184,0.452,0.246,0.916,0.942,0.893,0.787,0.416,0.902,0.476,0.632,0.066,0.904,-0.254,0.286,0.977,0.75,-0.69,0.863,-0.041,-0.118,0.632,0.778,0.72,0.686,-0.784,0.93,0.959,0.902,0.816,-0.555,0.363,0.732,0.733,-0.473,-0.46,-0.029,0.974,0.388,-0.525,0.502,0.254,-0.079,0.754,-0.092,0.961,0.817,0.872,0.732,-0.488,0.756,0.856,0.956,0.915,-0.047,0.987,0.838,0.939,0.954,0.949,0.858,0.046,0.799,0.827,-0.821,0.732,0.825,0.905,0.821,0.957,0.853,0.68,0.733,0.944,0.02,0.803,0.809,0.671,0.836,0.876,0.822,0.309,0.968,0.515,0.562,0.738
BBIO,-0.699,0.93,0.255,-0.592,-0.293,0.493,0.857,0.828,0.544,0.808,-0.27,0.461,-0.511,-0.06,0.876,-0.162,0.887,0.876,0.779,0.869,-0.714,0.858,0.646,0.8,0.0,0.892,0.832,0.853,0.793,0.603,0.065,0.796,0.399,-0.573,0.573,0.574,0.754,0.861,0.813,0.906,0.204,0.461,0.911,0.76,0.81,0.883,0.9,0.798,0.142,0.606,0.881,0.544,0.624,0.324,0.928,0.873,0.827,0.74,0.845,0.565,0.828,0.506,0.711,0.268,-0.126,0.591,0.047,0.766,-0.287,0.705,-0.043,0.19,0.838,0.371,0.787,0.82,0.777,0.86,0.435,0.928,0.866,0.798,0.827,0.665,0.813,0.719,0.757,0.897,0.708,0.867,0.288,0.884,0.813,0.826,0.711,0.389,0.843,0.363,0.87,0.4,0.79,0.059,0.818,0.547,0.677,0.678,0.869,-0.427,0.923,0.715,0.843,0.875,0.895,0.897,-0.153,0.482,0.574,0.902,0.753,0.838,0.818,0.246,0.902,0.475,0.733,0.3,0.886,-0.046,0.468,0.803,0.705,-0.799,0.898,0.081,0.005,0.499,0.509,0.934,0.728,-0.568,0.831,0.78,0.852,0.851,-0.191,0.409,0.761,0.748,-0.015,-0.312,-0.137,0.84,0.51,-0.53,0.701,0.477,-0.228,0.74,0.144,0.897,0.67,0.846,0.651,-0.427,0.852,0.87,0.757,0.854,0.167,0.784,0.878,0.853,0.693,0.834,0.71,0.046,0.79,0.906,-0.773,0.786,0.823,0.775,0.822,0.861,0.913,0.632,0.778,0.905,0.14,0.664,0.909,0.499,0.786,0.883,0.764,0.154,0.831,0.665,0.695,0.738
BCYC,-0.556,0.806,0.17,-0.471,-0.303,0.43,0.708,0.713,0.454,0.685,-0.155,0.407,-0.439,0.063,0.744,-0.253,0.759,0.721,0.598,0.769,-0.665,0.808,0.594,0.747,0.892,0.0,0.647,0.743,0.614,0.428,0.06,0.659,0.35,-0.388,0.613,0.52,0.642,0.767,0.713,0.809,0.087,0.274,0.789,0.647,0.668,0.798,0.807,0.717,0.114,0.441,0.763,0.441,0.525,0.354,0.85,0.755,0.694,0.681,0.742,0.551,0.667,0.36,0.616,0.283,-0.13,0.433,0.069,0.672,-0.235,0.595,-0.101,0.128,0.732,0.271,0.671,0.7,0.697,0.711,0.337,0.798,0.749,0.693,0.719,0.465,0.646,0.691,0.601,0.781,0.576,0.689,0.222,0.755,0.733,0.683,0.616,0.262,0.758,0.365,0.797,0.307,0.631,-0.055,0.751,0.462,0.575,0.604,0.788,-0.325,0.823,0.583,0.689,0.764,0.804,0.814,-0.249,0.342,0.429,0.79,0.719,0.708,0.798,0.19,0.818,0.53,0.591,0.197,0.768,-0.158,0.359,0.725,0.572,-0.726,0.786,0.204,0.113,0.455,0.431,0.857,0.628,-0.539,0.698,0.687,0.76,0.713,-0.294,0.4,0.688,0.627,-0.035,-0.327,-0.25,0.751,0.436,-0.464,0.58,0.287,-0.288,0.59,0.053,0.796,0.483,0.696,0.546,-0.373,0.714,0.731,0.692,0.739,0.159,0.707,0.743,0.727,0.624,0.744,0.606,0.181,0.612,0.791,-0.719,0.636,0.724,0.634,0.702,0.752,0.783,0.561,0.651,0.814,0.096,0.54,0.761,0.368,0.719,0.74,0.635,0.232,0.727,0.464,0.561,0.584
BHFAP,-0.69,0.9,0.393,-0.666,-0.153,0.477,0.923,0.815,0.672,0.86,-0.48,0.588,-0.48,-0.304,0.878,0.036,0.908,0.844,0.912,0.859,-0.595,0.751,0.634,0.737,0.832,0.647,0.0,0.874,0.855,0.734,-0.039,0.831,0.497,-0.694,0.456,0.568,0.798,0.813,0.755,0.842,0.432,0.486,0.848,0.834,0.834,0.814,0.832,0.793,0.182,0.639,0.917,0.653,0.733,0.279,0.857,0.887,0.893,0.715,0.845,0.481,0.907,0.679,0.804,0.267,-0.068,0.741,0.102,0.771,-0.387,0.808,-0.015,0.325,0.844,0.472,0.848,0.867,0.703,0.916,0.513,0.922,0.827,0.841,0.871,0.867,0.845,0.687,0.807,0.916,0.834,0.899,0.44,0.844,0.782,0.84,0.727,0.595,0.795,0.31,0.822,0.547,0.867,0.319,0.793,0.568,0.729,0.651,0.838,-0.565,0.837,0.814,0.928,0.799,0.857,0.802,0.134,0.637,0.628,0.866,0.702,0.879,0.719,0.397,0.809,0.207,0.784,0.39,0.884,-0.019,0.573,0.761,0.803,-0.734,0.868,-0.148,-0.036,0.464,0.56,0.784,0.79,-0.481,0.848,0.775,0.84,0.862,-0.087,0.327,0.76,0.79,-0.005,-0.275,0.162,0.771,0.516,-0.388,0.695,0.643,-0.045,0.865,0.212,0.845,0.821,0.858,0.77,-0.459,0.907,0.928,0.698,0.875,0.212,0.745,0.897,0.854,0.65,0.8,0.773,-0.211,0.889,0.896,-0.683,0.875,0.831,0.842,0.86,0.847,0.89,0.614,0.904,0.839,0.2,0.794,0.941,0.537,0.777,0.899,0.79,0.002,0.827,0.745,0.796,0.837
BKR,-0.674,0.898,0.431,-0.818,-0.185,0.562,0.93,0.76,0.693,0.922,-0.506,0.734,-0.306,-0.156,0.792,-0.232,0.935,0.812,0.766,0.916,-0.785,0.767,0.685,0.913,0.853,0.743,0.874,0.0,0.746,0.754,-0.151,0.856,0.645,-0.701,0.546,0.447,0.944,0.95,0.812,0.902,0.293,0.364,0.868,0.921,0.84,0.913,0.863,0.966,0.166,0.527,0.915,0.465,0.786,0.354,0.893,0.884,0.952,0.89,0.838,0.463,0.9,0.601,0.838,0.468,-0.29,0.523,0.334,0.935,-0.257,0.888,-0.223,0.406,0.957,0.465,0.947,0.946,0.842,0.924,0.633,0.889,0.934,0.935,0.955,0.811,0.833,0.664,0.862,0.961,0.836,0.916,0.594,0.808,0.935,0.926,0.772,0.515,0.948,0.372,0.891,0.414,0.831,0.163,0.943,0.658,0.745,0.682,0.967,-0.705,0.852,0.81,0.869,0.749,0.973,0.91,-0.007,0.486,0.474,0.912,0.868,0.928,0.721,0.528,0.906,0.315,0.666,0.298,0.932,-0.266,0.391,0.945,0.805,-0.836,0.953,-0.279,-0.095,0.535,0.706,0.831,0.859,-0.694,0.949,0.919,0.956,0.796,-0.442,0.341,0.798,0.715,-0.297,-0.582,0.058,0.913,0.398,-0.457,0.56,0.381,-0.102,0.905,-0.024,0.955,0.844,0.938,0.827,-0.649,0.868,0.94,0.851,0.926,0.093,0.904,0.95,0.944,0.879,0.961,0.862,-0.197,0.85,0.912,-0.822,0.829,0.835,0.897,0.857,0.935,0.918,0.706,0.886,0.916,0.294,0.849,0.892,0.618,0.904,0.93,0.753,0.046,0.973,0.597,0.707,0.863
BLDP,-0.745,0.813,0.219,-0.527,-0.188,0.391,0.768,0.729,0.534,0.695,-0.314,0.371,-0.548,-0.175,0.836,0.02,0.77,0.81,0.786,0.715,-0.554,0.695,0.453,0.598,0.793,0.614,0.855,0.746,0.0,0.621,-0.047,0.723,0.371,-0.723,0.224,0.421,0.681,0.718,0.709,0.743,0.29,0.678,0.819,0.654,0.691,0.699,0.737,0.662,-0.005,0.788,0.83,0.633,0.664,0.143,0.751,0.745,0.724,0.548,0.678,0.404,0.758,0.536,0.6,0.07,-0.156,0.628,-0.106,0.611,-0.402,0.636,0.076,0.099,0.699,0.59,0.684,0.723,0.617,0.818,0.486,0.845,0.731,0.633,0.671,0.709,0.851,0.539,0.74,0.759,0.679,0.848,0.213,0.848,0.655,0.754,0.577,0.594,0.674,0.118,0.671,0.401,0.697,0.136,0.614,0.428,0.488,0.491,0.697,-0.485,0.831,0.602,0.836,0.79,0.756,0.712,-0.025,0.52,0.7,0.769,0.536,0.701,0.581,0.249,0.715,0.12,0.652,0.344,0.738,0.2,0.526,0.626,0.575,-0.643,0.798,-0.11,-0.085,0.293,0.405,0.76,0.68,-0.407,0.742,0.63,0.738,0.757,0.076,0.149,0.566,0.786,0.08,-0.105,-0.004,0.661,0.615,-0.476,0.803,0.695,-0.211,0.734,0.065,0.738,0.661,0.75,0.573,-0.341,0.76,0.787,0.601,0.709,0.149,0.621,0.771,0.756,0.5,0.678,0.549,-0.217,0.729,0.76,-0.648,0.741,0.641,0.672,0.763,0.725,0.808,0.388,0.739,0.737,0.218,0.641,0.862,0.425,0.569,0.868,0.642,-0.029,0.716,0.848,0.663,0.737
BLFS,-0.567,0.762,0.733,-0.736,0.166,0.717,0.851,0.493,0.774,0.686,-0.765,0.728,-0.036,-0.604,0.692,0.241,0.83,0.653,0.787,0.651,-0.533,0.568,0.75,0.574,0.603,0.428,0.734,0.754,0.621,0.0,-0.247,0.621,0.738,-0.479,0.376,0.485,0.749,0.617,0.477,0.684,0.654,0.316,0.574,0.804,0.737,0.64,0.607,0.645,0.228,0.5,0.643,0.482,0.627,0.005,0.582,0.758,0.826,0.563,0.703,0.171,0.794,0.753,0.85,0.596,0.064,0.567,0.239,0.677,-0.007,0.847,0.25,0.632,0.723,0.164,0.744,0.731,0.437,0.754,0.601,0.721,0.612,0.795,0.808,0.908,0.602,0.443,0.706,0.754,0.857,0.784,0.524,0.547,0.601,0.666,0.531,0.538,0.603,0.506,0.684,0.415,0.863,0.525,0.76,0.677,0.731,0.511,0.663,-0.77,0.617,0.712,0.826,0.442,0.676,0.589,0.433,0.684,0.468,0.665,0.564,0.792,0.362,0.695,0.673,0.052,0.68,0.668,0.758,-0.18,0.599,0.605,0.814,-0.551,0.756,-0.419,-0.235,0.481,0.577,0.658,0.699,-0.268,0.729,0.628,0.632,0.543,-0.213,0.5,0.821,0.55,-0.044,-0.391,0.477,0.593,0.307,-0.206,0.346,0.503,0.243,0.886,0.242,0.68,0.769,0.752,0.849,-0.603,0.828,0.824,0.471,0.761,0.246,0.565,0.81,0.69,0.557,0.656,0.767,-0.407,0.767,0.788,-0.408,0.851,0.67,0.652,0.651,0.655,0.793,0.78,0.856,0.596,0.322,0.72,0.752,0.219,0.774,0.643,0.5,-0.049,0.686,0.472,0.853,0.907
BLKB,0.161,-0.123,-0.493,0.1,-0.379,-0.049,-0.068,0.358,-0.436,0.075,0.46,-0.361,-0.524,0.474,0.163,0.046,-0.067,0.256,0.061,0.148,0.014,-0.02,-0.074,0.098,0.065,0.06,-0.039,-0.151,-0.047,-0.247,0.0,0.274,-0.179,0.246,0.344,-0.101,-0.353,0.073,0.349,0.156,-0.414,0.166,0.212,-0.09,0.235,0.136,0.239,-0.111,0.55,0.157,0.011,0.171,-0.552,0.438,0.175,0.138,-0.107,0.138,0.242,0.362,0.105,-0.041,-0.126,-0.334,0.113,0.303,-0.07,0.015,-0.27,-0.317,-0.027,-0.12,0.018,-0.285,-0.047,0.046,0.259,-0.023,-0.676,0.092,0.113,-0.053,-0.053,-0.206,0.177,0.25,0.154,0.022,-0.358,0.011,0.018,0.194,0.074,0.134,0.304,-0.429,0.066,0.182,0.085,0.286,-0.015,-0.258,-0.098,0.115,0.17,0.28,0.003,0.583,-0.021,0.106,-0.152,0.333,-0.067,0.161,-0.254,0.182,-0.246,0.151,0.056,0.066,0.35,-0.405,0.043,0.404,0.36,-0.456,0.061,0.534,0.118,0.003,-0.014,0.254,-0.084,0.636,-0.162,0.179,-0.001,-0.106,-0.357,-0.157,0.022,0.062,-0.113,0.342,0.31,0.092,-0.032,0.237,-0.14,0.612,-0.042,0.12,0.258,-0.298,0.277,0.235,-0.015,-0.272,0.232,0.065,0.076,0.036,-0.206,0.504,-0.081,-0.015,0.207,0.129,-0.263,0.12,-0.062,0.083,0.045,-0.044,0.06,0.7,0.098,-0.004,-0.029,0.062,0.183,0.184,0.017,0.133,0.023,0.039,-0.213,0.145,-0.617,-0.004,0.03,0.253,-0.167,0.023,0.458,0.55,-0.037,0.211,-0.101,-0.197
