,ABAT,ACLS,ACMR,ADMA,ADUS,ADVM,AEIS,AGNCM,AHCO,ALGT,ALLO,AMSF,ANAB,ANDE,APLS,APPF,ASML,ATRC,AVGO,AVT,AXDX,AXSM,AZN,BANR,BBIO,BCYC,BHFAP,BKR,BLDP,BLFS,BLKB,BLMN,BNTX,BPMC,CALM,CAMT,CASH,CATY,CCEP,CDLX,CDNS,CENN,CENX,CGC,CHDN,CLBK,COKE,COLB,COO,CORT,CRMT,CRNX,CRTO,CRVL,CSCO,CSQ,CSWI,CVBF,CWST,CYCC,CZR,DLTR,DORM,ENTA,EQIX,ERIC,EVRG,EWBC,EXAS,EXLS,EXPI,EYE,FBNC,FBRX,FCNCA,FELE,FIBK,FLEX,FRGT,FRHC,FRME,FWONA,FWONK,GDEN,GIII,GILD,GLNG,GNTX,GOOGL,GRPN,HCSG,HIMX,HOPE,HST,HTLD,HUT,HWC,ICUI,IESC,INTC,INTU,IOVA,IPAR,IPGP,ISRG,JBSS,KALU,KPRX,KRNT,LAUR,LBRDA,LBTYK,LECO,LILAK,LITE,MANH,MDXG,MFIC,MGEE,MIDD,MLAB,MMSI,MNKD,MOMO,MRVL,NICE,NMFC,NUWE,NVCR,NWBI,OFIX,OFLX,OMCL,OPK,ORKA,ORLY,OTTR,PDD,PNTG,POOL,POWL,PPBI,PPC,PRAA,PRPL,PZZA,QTRX,QURE,RDFN,RDHL,REAL,REG,REYN,RGLD,RIOT,RUN,RYTM,SAIA,SBAC,SBRA,SCVL,SHOO,SLAB,SLDB,SMCI,SMTC,SRCE,SSP,SSRM,STBA,STRO,SVC,SYBT,TCBI,TCOM,TENX,TH,TMUS,TNDM,TTD,TTMI,UAL,ULH,ULTA,VCYT,VIRT,VKTX,VOD,VRDN,VREX,VRNT,VSAT,WB,WBD,WDC,WEN,WSFS,XXII,Z,ZBRA
ABAT,0.0,0.135,-0.7,-0.421,-0.643,-0.067,-0.638,-0.669,-0.558,-0.096,0.648,-0.384,0.714,-0.589,0.651,-0.343,0.599,0.745,-0.594,-0.625,0.441,0.447,0.354,-0.092,0.61,0.68,-0.766,-0.316,0.651,-0.286,-0.762,-0.57,0.363,0.638,-0.042,-0.704,-0.313,-0.052,-0.374,0.499,-0.709,0.679,-0.607,-0.259,-0.534,0.678,-0.468,-0.25,-0.274,0.657,-0.161,-0.075,-0.626,-0.129,-0.446,-0.602,-0.256,-0.256,-0.609,-0.626,0.253,0.251,-0.789,0.674,-0.735,-0.518,0.488,-0.417,0.469,-0.569,-0.627,-0.608,0.514,-0.462,-0.548,-0.501,-0.114,-0.764,0.61,-0.05,0.004,-0.467,-0.383,-0.371,0.564,0.769,-0.548,-0.578,0.457,-0.265,-0.027,-0.465,0.006,-0.076,0.433,-0.173,-0.265,0.479,-0.427,0.614,-0.685,-0.039,0.351,0.299,-0.566,-0.278,0.425,0.684,-0.504,-0.734,-0.674,0.367,-0.502,-0.449,-0.729,-0.193,-0.643,-0.243,-0.084,-0.526,-0.712,0.147,0.168,-0.336,-0.135,-0.615,-0.322,-0.441,-0.792,-0.3,-0.328,-0.565,-0.446,-0.409,0.036,-0.735,-0.336,-0.561,-0.703,-0.733,-0.159,-0.492,0.606,-0.46,-0.713,-0.57,-0.695,0.31,-0.648,-0.618,-0.519,0.088,0.222,-0.585,-0.629,-0.493,0.789,0.541,-0.488,-0.569,0.634,0.517,0.602,0.471,-0.701,-0.652,0.045,-0.657,-0.146,0.693,0.354,-0.365,-0.371,-0.666,-0.262,-0.604,0.421,-0.502,-0.441,-0.57,-0.616,-0.018,-0.458,-0.059,-0.578,0.55,-0.581,0.607,-0.331,0.104,-0.403,-0.264,0.019,-0.258,0.421,-0.072,-0.452,0.405,-0.657,-0.621
ACLS,0.135,0.0,-0.113,0.504,-0.253,-0.311,-0.403,-0.26,-0.627,-0.729,0.16,-0.577,0.236,-0.652,0.129,-0.535,0.164,0.016,-0.328,-0.498,-0.117,-0.19,0.307,-0.536,0.072,0.123,-0.181,-0.588,0.113,-0.132,-0.235,-0.444,0.569,-0.005,-0.334,-0.069,-0.644,-0.61,-0.234,0.198,0.093,0.249,-0.43,0.227,-0.54,0.097,-0.697,-0.414,-0.515,0.548,-0.032,-0.593,-0.102,-0.211,-0.173,-0.438,-0.39,-0.505,-0.08,-0.042,-0.414,-0.435,-0.232,0.076,-0.145,0.121,0.641,-0.606,0.627,-0.503,-0.544,-0.405,-0.282,-0.065,-0.157,-0.563,-0.644,-0.241,0.326,-0.531,-0.599,-0.387,-0.368,-0.682,-0.281,0.349,-0.58,-0.192,0.211,-0.615,-0.048,0.003,-0.622,-0.537,-0.056,-0.045,-0.599,0.243,-0.499,0.15,0.013,0.15,-0.386,0.697,0.073,-0.507,-0.361,0.121,-0.24,-0.208,-0.388,0.583,-0.551,0.322,0.1,0.36,-0.443,-0.48,-0.082,-0.71,-0.333,0.117,0.072,-0.553,0.279,-0.569,-0.636,0.514,-0.169,-0.654,-0.699,-0.285,0.192,0.074,0.302,0.125,-0.731,-0.014,-0.377,-0.159,-0.428,-0.573,-0.204,-0.725,-0.066,-0.108,-0.145,0.08,-0.193,-0.389,-0.304,-0.389,0.729,0.014,-0.449,-0.522,0.33,-0.225,0.186,-0.485,0.044,-0.325,0.265,0.086,-0.1,-0.36,-0.592,-0.192,0.393,-0.016,-0.318,-0.639,-0.502,-0.353,-0.268,0.145,-0.006,-0.512,0.189,-0.221,-0.037,-0.659,-0.275,-0.661,0.259,0.419,-0.319,0.21,0.021,-0.426,0.354,-0.578,-0.091,-0.227,0.672,0.622,-0.55,0.514,-0.422,-0.16
ACMR,-0.7,-0.113,0.0,0.261,0.734,0.251,0.83,0.697,0.708,0.252,-0.704,0.449,-0.796,0.721,-0.692,0.623,-0.528,-0.783,0.849,0.852,-0.445,-0.411,-0.484,0.116,-0.845,-0.747,0.802,0.446,-0.643,0.513,0.891,0.462,-0.346,-0.536,0.157,0.846,0.292,0.026,0.285,-0.516,0.897,-0.869,0.829,0.344,0.686,-0.907,0.578,0.204,0.565,-0.81,0.125,0.122,0.881,0.021,0.702,0.782,0.555,0.234,0.818,0.768,-0.195,-0.188,0.856,-0.739,0.871,0.544,-0.678,0.482,-0.561,0.716,0.744,0.767,-0.677,0.402,0.419,0.639,0.067,0.81,-0.573,0.064,-0.04,0.657,0.56,0.434,-0.768,-0.82,0.592,0.67,-0.536,0.329,-0.026,0.731,0.023,0.064,-0.536,0.312,0.262,-0.634,0.41,-0.618,0.922,0.311,-0.393,-0.453,0.614,0.512,-0.44,-0.833,0.696,0.765,0.862,-0.439,0.596,0.493,0.905,0.202,0.801,0.304,-0.061,0.636,0.839,-0.329,-0.173,0.508,0.379,0.745,0.411,0.538,0.903,0.351,0.445,0.738,0.397,0.406,-0.127,0.77,0.403,0.842,0.839,0.892,0.372,0.531,-0.683,0.538,0.887,0.801,0.774,-0.162,0.686,0.643,0.664,-0.094,-0.325,0.693,0.871,0.671,-0.859,-0.568,0.557,0.623,-0.802,-0.72,-0.575,-0.574,0.852,0.828,-0.142,0.59,0.222,-0.834,-0.216,0.37,0.346,0.7,0.411,0.632,-0.531,0.627,0.577,0.874,0.759,0.055,0.627,-0.009,0.597,-0.555,0.625,-0.635,0.231,-0.039,0.606,0.344,0.131,0.294,-0.471,0.025,0.455,-0.655,0.697,0.858
ADMA,-0.421,0.504,0.261,0.0,0.058,-0.075,0.101,0.157,-0.151,-0.553,-0.115,-0.282,-0.159,-0.148,-0.148,-0.137,-0.276,-0.436,0.144,-0.032,-0.168,-0.38,0.253,-0.452,-0.364,-0.234,0.348,-0.438,-0.171,0.008,0.349,-0.136,0.134,-0.286,-0.346,0.253,-0.427,-0.537,-0.13,-0.143,0.4,-0.276,0.037,0.488,-0.073,-0.271,-0.242,-0.265,-0.207,-0.025,-0.232,-0.343,0.191,-0.105,-0.025,-0.05,-0.154,-0.377,0.231,0.443,-0.285,-0.483,0.288,-0.28,0.309,0.237,0.106,-0.266,0.242,-0.117,-0.108,-0.086,-0.519,-0.037,0.136,-0.185,-0.465,0.398,-0.111,-0.471,-0.509,0.043,0.017,-0.252,-0.452,-0.19,-0.202,0.087,-0.162,-0.319,0.023,0.318,-0.444,-0.226,-0.094,-0.03,-0.301,-0.174,-0.173,-0.149,0.391,0.255,-0.383,0.27,0.236,-0.153,-0.565,-0.248,0.061,0.23,0.114,0.308,-0.277,0.699,0.46,0.304,-0.094,-0.199,-0.235,-0.24,0.186,0.269,0.188,-0.07,0.466,-0.062,-0.283,0.473,0.344,-0.316,-0.343,0.044,0.446,0.112,0.26,0.546,-0.355,0.386,0.102,0.212,-0.238,-0.169,-0.448,-0.329,0.368,0.235,0.501,0.061,0.102,0.081,0.03,-0.16,0.417,0.209,-0.027,-0.272,-0.209,-0.473,0.348,-0.062,-0.348,-0.514,-0.204,-0.082,0.427,0.116,-0.541,0.137,0.223,-0.504,-0.296,-0.274,-0.329,0.055,-0.18,0.454,-0.045,-0.108,0.533,0.214,0.4,-0.48,0.065,-0.465,0.606,-0.005,0.324,-0.126,0.038,-0.319,0.425,-0.332,0.174,-0.009,0.291,0.198,-0.223,0.102,0.024,0.206
ADUS,-0.643,-0.253,0.734,0.058,0.0,0.079,0.731,0.75,0.743,0.457,-0.914,0.704,-0.906,0.772,-0.836,0.286,-0.767,-0.814,0.574,0.77,-0.623,-0.503,-0.685,0.45,-0.663,-0.825,0.794,0.585,-0.837,0.261,0.821,0.829,-0.593,-0.693,0.491,0.837,0.646,0.436,0.755,-0.585,0.696,-0.765,0.746,0.161,0.665,-0.762,0.661,0.488,0.446,-0.812,0.447,0.316,0.742,0.401,0.541,0.712,0.412,0.591,0.767,0.46,-0.295,-0.165,0.876,-0.777,0.814,0.463,-0.55,0.724,-0.787,0.747,0.819,0.873,-0.393,0.701,0.811,0.814,0.401,0.741,-0.815,0.163,0.32,0.508,0.46,0.541,-0.407,-0.904,0.854,0.846,-0.653,0.526,-0.25,0.318,0.258,0.277,-0.611,0.404,0.647,-0.38,0.639,-0.812,0.666,-0.271,-0.45,-0.477,0.604,0.527,-0.32,-0.725,0.356,0.894,0.772,-0.496,0.814,0.362,0.713,0.013,0.902,0.483,0.282,0.716,0.798,-0.12,-0.515,0.359,-0.184,0.584,0.549,0.436,0.865,0.532,0.546,0.883,0.554,0.382,-0.307,0.74,0.567,0.522,0.883,0.819,0.367,0.818,-0.472,0.683,0.823,0.458,0.559,-0.515,0.687,0.766,0.614,0.148,-0.218,0.536,0.757,0.62,-0.888,-0.513,0.544,0.844,-0.67,-0.302,-0.7,-0.663,0.744,0.804,0.29,0.694,-0.053,-0.494,-0.363,0.656,0.676,0.962,0.551,0.543,-0.611,0.705,0.105,0.469,0.756,0.295,0.663,0.299,0.431,-0.851,0.571,-0.755,0.356,-0.078,0.3,0.582,-0.224,0.328,-0.602,0.048,0.822,-0.52,0.75,0.615
ADVM,-0.067,-0.311,0.251,-0.075,0.079,0.0,0.425,-0.03,0.395,0.326,0.134,0.27,0.009,0.351,0.148,0.542,0.058,0.062,0.471,0.383,0.338,0.285,0.028,0.072,-0.245,-0.01,0.001,0.152,0.218,0.417,0.275,-0.069,-0.257,0.324,0.303,-0.049,0.135,0.126,-0.23,0.11,0.025,-0.277,0.373,0.079,0.411,-0.168,0.332,-0.028,0.583,-0.282,-0.389,0.415,0.154,-0.011,0.219,0.211,0.489,0.026,0.282,0.198,0.45,0.228,0.079,0.177,0.146,-0.274,-0.477,0.205,-0.32,0.288,0.22,0.114,0.077,-0.17,-0.142,0.182,0.164,0.224,-0.083,0.139,0.129,0.372,0.334,0.368,-0.102,-0.121,0.074,-0.101,-0.187,0.352,0.371,0.284,0.325,0.379,0.182,-0.013,0.208,-0.472,0.059,0.068,0.115,0.397,0.359,-0.551,-0.258,0.472,0.061,0.019,0.235,-0.048,0.389,-0.318,0.203,0.073,0.019,-0.387,0.255,0.117,-0.241,0.294,0.318,-0.0,0.111,0.491,0.437,0.294,0.318,-0.165,0.168,0.299,0.394,0.142,-0.387,-0.29,-0.275,-0.069,0.368,0.322,0.272,0.111,0.523,0.141,0.011,0.223,0.188,0.336,0.176,0.423,-0.004,0.256,0.109,0.233,-0.133,-0.063,0.329,0.285,-0.148,0.037,-0.111,0.172,-0.226,-0.104,-0.091,0.174,0.202,0.302,0.051,-0.106,-0.261,-0.323,0.487,0.144,-0.116,0.09,0.004,-0.081,0.029,0.354,0.233,0.457,0.045,0.347,0.223,0.15,0.077,-0.231,0.491,-0.125,-0.31,0.355,0.015,0.218,0.365,0.198,-0.28,-0.452,0.12,-0.478,0.199,0.189
AEIS,-0.638,-0.403,0.83,0.101,0.731,0.425,0.0,0.762,0.907,0.592,-0.562,0.71,-0.67,0.898,-0.488,0.774,-0.438,-0.644,0.937,0.917,-0.194,-0.102,-0.442,0.429,-0.689,-0.606,0.741,0.637,-0.479,0.61,0.875,0.508,-0.567,-0.324,0.441,0.683,0.595,0.406,0.315,-0.277,0.644,-0.903,0.95,0.182,0.918,-0.734,0.836,0.481,0.813,-0.914,0.017,0.497,0.768,0.291,0.745,0.883,0.773,0.499,0.819,0.754,0.146,0.174,0.784,-0.485,0.714,0.374,-0.879,0.767,-0.767,0.907,0.876,0.835,-0.292,0.258,0.421,0.765,0.484,0.818,-0.596,0.412,0.366,0.78,0.719,0.76,-0.432,-0.792,0.743,0.582,-0.522,0.69,0.03,0.606,0.454,0.48,-0.201,0.118,0.604,-0.547,0.68,-0.454,0.718,0.216,-0.05,-0.747,0.385,0.762,-0.071,-0.601,0.675,0.726,0.945,-0.697,0.737,0.46,0.681,-0.113,0.831,0.541,0.048,0.854,0.875,-0.243,-0.135,0.778,0.277,0.825,0.773,0.167,0.804,0.712,0.783,0.747,0.217,0.175,-0.187,0.528,0.716,0.71,0.867,0.758,0.654,0.779,-0.324,0.763,0.771,0.682,0.74,0.02,0.576,0.852,0.824,0.255,-0.442,0.406,0.885,0.754,-0.818,-0.226,0.263,0.744,-0.623,-0.417,-0.541,-0.328,0.823,0.943,0.272,0.488,-0.203,-0.654,0.095,0.666,0.512,0.728,0.458,0.536,-0.297,0.858,0.321,0.829,0.578,0.47,0.802,0.389,0.518,-0.747,0.856,-0.531,0.156,0.329,0.383,0.645,0.259,0.531,-0.664,-0.341,0.692,-0.865,0.81,0.779
AGNCM,-0.669,-0.26,0.697,0.157,0.75,-0.03,0.762,0.0,0.748,0.392,-0.686,0.628,-0.742,0.776,-0.656,0.459,-0.535,-0.704,0.667,0.698,-0.497,-0.276,-0.372,0.363,-0.505,-0.734,0.875,0.555,-0.707,0.451,0.784,0.671,-0.413,-0.611,0.302,0.787,0.606,0.372,0.531,-0.375,0.719,-0.753,0.754,0.194,0.693,-0.688,0.718,0.515,0.474,-0.76,0.259,0.37,0.73,0.419,0.657,0.864,0.451,0.512,0.743,0.647,-0.203,-0.0,0.839,-0.664,0.746,0.688,-0.6,0.67,-0.618,0.827,0.833,0.801,-0.387,0.504,0.587,0.805,0.412,0.761,-0.589,0.304,0.269,0.555,0.477,0.619,-0.424,-0.791,0.794,0.765,-0.36,0.522,-0.009,0.439,0.2,0.279,-0.33,0.246,0.51,-0.294,0.758,-0.587,0.728,-0.018,-0.35,-0.397,0.681,0.515,-0.153,-0.648,0.525,0.874,0.793,-0.552,0.69,0.381,0.738,0.212,0.759,0.475,0.346,0.763,0.752,-0.146,-0.301,0.518,-0.082,0.762,0.642,0.318,0.794,0.551,0.615,0.726,0.574,0.534,0.082,0.668,0.565,0.523,0.814,0.811,0.484,0.763,-0.414,0.721,0.733,0.474,0.741,-0.362,0.693,0.828,0.832,0.112,-0.39,0.528,0.751,0.68,-0.766,-0.233,0.464,0.766,-0.542,-0.395,-0.465,-0.517,0.778,0.816,0.292,0.594,-0.034,-0.486,-0.255,0.683,0.689,0.775,0.562,0.664,-0.347,0.724,0.269,0.569,0.623,0.286,0.714,0.369,0.498,-0.742,0.627,-0.498,0.36,0.128,0.455,0.615,0.019,0.222,-0.653,-0.104,0.704,-0.611,0.836,0.724
AHCO,-0.558,-0.627,0.708,-0.151,0.743,0.395,0.907,0.748,0.0,0.76,-0.593,0.823,-0.696,0.98,-0.507,0.768,-0.496,-0.577,0.826,0.917,-0.219,-0.091,-0.479,0.529,-0.589,-0.621,0.678,0.691,-0.495,0.46,0.811,0.662,-0.71,-0.338,0.559,0.611,0.733,0.57,0.425,-0.281,0.513,-0.821,0.929,0.091,0.946,-0.673,0.94,0.501,0.818,-0.911,0.041,0.63,0.672,0.419,0.597,0.886,0.747,0.587,0.735,0.542,0.198,0.23,0.756,-0.457,0.67,0.273,-0.895,0.844,-0.903,0.923,0.931,0.846,-0.179,0.309,0.472,0.892,0.623,0.748,-0.683,0.466,0.502,0.746,0.702,0.883,-0.259,-0.802,0.857,0.628,-0.516,0.814,-0.04,0.448,0.552,0.581,-0.182,0.187,0.724,-0.545,0.76,-0.513,0.589,0.077,0.004,-0.834,0.322,0.794,0.038,-0.581,0.537,0.72,0.898,-0.755,0.817,0.197,0.521,-0.243,0.87,0.54,0.133,0.953,0.809,-0.154,-0.273,0.812,0.027,0.871,0.848,0.006,0.736,0.794,0.878,0.765,0.194,0.155,-0.261,0.421,0.84,0.569,0.877,0.705,0.719,0.867,-0.226,0.924,0.697,0.541,0.631,-0.102,0.554,0.869,0.769,0.369,-0.547,0.325,0.884,0.78,-0.796,-0.157,0.233,0.834,-0.565,-0.223,-0.535,-0.395,0.727,0.914,0.469,0.521,-0.339,-0.522,0.131,0.808,0.642,0.778,0.542,0.386,-0.288,0.908,0.127,0.702,0.53,0.628,0.756,0.545,0.336,-0.835,0.783,-0.565,0.086,0.311,0.166,0.788,0.18,0.465,-0.864,-0.46,0.816,-0.865,0.845,0.665
ALGT,-0.096,-0.729,0.252,-0.553,0.457,0.326,0.592,0.392,0.76,0.0,-0.259,0.759,-0.305,0.739,-0.126,0.589,-0.152,-0.116,0.511,0.614,0.077,0.267,-0.418,0.726,-0.183,-0.17,0.218,0.724,-0.108,0.294,0.351,0.501,-0.641,0.075,0.706,0.178,0.771,0.798,0.367,0.029,-0.014,-0.429,0.625,-0.137,0.75,-0.191,0.779,0.591,0.749,-0.609,0.05,0.75,0.272,0.442,0.399,0.596,0.698,0.664,0.32,0.148,0.474,0.504,0.286,-0.033,0.168,-0.099,-0.715,0.838,-0.773,0.676,0.652,0.611,0.354,0.057,0.257,0.682,0.833,0.275,-0.376,0.66,0.786,0.567,0.612,0.838,0.281,-0.407,0.694,0.321,-0.258,0.812,-0.038,0.113,0.822,0.753,0.087,0.04,0.813,-0.117,0.646,-0.151,0.088,-0.114,0.314,-0.817,-0.097,0.766,0.485,-0.081,0.224,0.316,0.547,-0.658,0.687,-0.089,0.019,-0.526,0.592,0.646,0.164,0.776,0.423,-0.135,-0.2,0.706,-0.191,0.538,0.852,-0.387,0.24,0.834,0.848,0.471,-0.123,-0.153,-0.354,-0.106,0.814,0.159,0.522,0.226,0.654,0.763,0.345,0.789,0.232,0.121,0.142,0.057,0.136,0.578,0.548,0.62,-0.491,-0.102,0.535,0.569,-0.381,0.284,-0.167,0.603,-0.095,0.315,-0.215,-0.087,0.253,0.591,0.769,0.251,-0.551,0.024,0.357,0.801,0.608,0.498,0.476,-0.083,0.009,0.695,-0.337,0.284,0.085,0.903,0.566,0.783,-0.106,-0.612,0.483,-0.193,-0.073,0.486,-0.257,0.805,0.212,0.55,-0.686,-0.547,0.752,-0.711,0.493,0.246
ALLO,0.648,0.16,-0.704,-0.115,-0.914,0.134,-0.562,-0.686,-0.593,-0.259,0.0,-0.517,0.966,-0.64,0.955,-0.113,0.835,0.871,-0.427,-0.663,0.774,0.735,0.708,-0.25,0.659,0.882,-0.788,-0.442,0.936,-0.069,-0.753,-0.825,0.503,0.861,-0.294,-0.85,-0.473,-0.226,-0.743,0.737,-0.743,0.66,-0.614,-0.235,-0.48,0.801,-0.499,-0.305,-0.194,0.728,-0.48,-0.066,-0.74,-0.253,-0.418,-0.591,-0.184,-0.422,-0.66,-0.412,0.524,0.371,-0.875,0.894,-0.848,-0.514,0.389,-0.526,0.67,-0.575,-0.701,-0.775,0.556,-0.754,-0.8,-0.728,-0.171,-0.687,0.827,0.045,-0.09,-0.346,-0.306,-0.327,0.52,0.905,-0.749,-0.871,0.683,-0.305,0.303,-0.26,-0.021,-0.038,0.742,-0.492,-0.428,0.413,-0.464,0.911,-0.682,0.328,0.614,0.287,-0.691,-0.318,0.509,0.826,-0.266,-0.867,-0.647,0.33,-0.702,-0.298,-0.737,-0.156,-0.812,-0.328,-0.245,-0.566,-0.696,0.133,0.585,-0.151,0.228,-0.511,-0.307,-0.564,-0.851,-0.313,-0.311,-0.83,-0.628,-0.468,0.288,-0.822,-0.368,-0.503,-0.805,-0.82,-0.135,-0.655,0.606,-0.558,-0.814,-0.445,-0.502,0.655,-0.707,-0.614,-0.447,0.048,0.166,-0.666,-0.692,-0.523,0.891,0.676,-0.677,-0.75,0.726,0.402,0.762,0.811,-0.695,-0.661,-0.083,-0.764,-0.176,0.518,0.567,-0.487,-0.568,-0.913,-0.475,-0.572,0.747,-0.54,-0.152,-0.386,-0.797,-0.042,-0.464,-0.076,-0.409,0.727,-0.368,0.823,-0.407,0.327,-0.28,-0.407,0.351,-0.165,0.508,-0.245,-0.685,0.318,-0.662,-0.594
AMSF,-0.384,-0.577,0.449,-0.282,0.704,0.27,0.71,0.628,0.823,0.759,-0.517,0.0,-0.545,0.819,-0.42,0.486,-0.437,-0.425,0.552,0.682,-0.167,-0.002,-0.494,0.69,-0.361,-0.476,0.511,0.702,-0.43,0.364,0.619,0.666,-0.638,-0.261,0.652,0.459,0.849,0.763,0.587,-0.231,0.304,-0.609,0.736,-0.136,0.799,-0.371,0.805,0.696,0.666,-0.72,0.211,0.732,0.45,0.609,0.497,0.736,0.609,0.764,0.563,0.358,0.224,0.247,0.583,-0.361,0.463,0.2,-0.665,0.848,-0.804,0.804,0.818,0.714,0.106,0.359,0.598,0.811,0.759,0.543,-0.591,0.552,0.718,0.513,0.468,0.847,0.021,-0.639,0.83,0.563,-0.319,0.847,-0.083,0.158,0.666,0.663,-0.146,0.105,0.843,-0.269,0.815,-0.414,0.354,-0.241,0.082,-0.703,0.231,0.712,0.205,-0.333,0.363,0.636,0.696,-0.704,0.792,0.041,0.296,-0.298,0.746,0.536,0.37,0.841,0.633,-0.061,-0.419,0.635,-0.261,0.624,0.829,-0.125,0.544,0.852,0.847,0.691,0.186,0.187,-0.268,0.282,0.846,0.259,0.74,0.503,0.68,0.896,-0.038,0.838,0.466,0.282,0.404,-0.246,0.475,0.8,0.649,0.422,-0.383,0.119,0.635,0.614,-0.617,-0.009,0.112,0.795,-0.278,0.077,-0.346,-0.247,0.493,0.724,0.72,0.339,-0.446,-0.155,0.037,0.855,0.761,0.742,0.463,0.206,-0.214,0.846,-0.122,0.391,0.383,0.653,0.715,0.661,0.2,-0.81,0.608,-0.401,0.107,0.292,0.1,0.862,0.02,0.381,-0.773,-0.37,0.88,-0.688,0.741,0.385
ANAB,0.714,0.236,-0.796,-0.159,-0.906,0.009,-0.67,-0.742,-0.696,-0.305,0.966,-0.545,0.0,-0.738,0.946,-0.276,0.839,0.902,-0.566,-0.765,0.754,0.712,0.663,-0.207,0.732,0.92,-0.851,-0.456,0.916,-0.136,-0.837,-0.823,0.564,0.834,-0.293,-0.895,-0.461,-0.185,-0.66,0.748,-0.809,0.76,-0.717,-0.324,-0.57,0.89,-0.609,-0.26,-0.311,0.81,-0.366,-0.106,-0.818,-0.194,-0.468,-0.674,-0.293,-0.374,-0.727,-0.514,0.468,0.335,-0.937,0.886,-0.921,-0.52,0.521,-0.559,0.719,-0.648,-0.758,-0.811,0.625,-0.7,-0.757,-0.792,-0.162,-0.782,0.849,0.05,-0.054,-0.462,-0.405,-0.402,0.581,0.96,-0.783,-0.894,0.711,-0.337,0.226,-0.39,-0.032,-0.08,0.691,-0.538,-0.42,0.51,-0.469,0.923,-0.773,0.169,0.604,0.375,-0.696,-0.419,0.537,0.892,-0.356,-0.888,-0.743,0.372,-0.735,-0.362,-0.796,-0.148,-0.868,-0.348,-0.142,-0.656,-0.782,0.115,0.484,-0.299,0.091,-0.628,-0.368,-0.567,-0.911,-0.346,-0.392,-0.865,-0.606,-0.463,0.265,-0.839,-0.435,-0.638,-0.876,-0.89,-0.218,-0.67,0.643,-0.623,-0.888,-0.551,-0.618,0.578,-0.722,-0.667,-0.511,0.022,0.243,-0.728,-0.809,-0.596,0.945,0.668,-0.708,-0.776,0.816,0.481,0.764,0.832,-0.796,-0.758,-0.04,-0.785,-0.184,0.644,0.474,-0.515,-0.538,-0.931,-0.5,-0.603,0.732,-0.604,-0.256,-0.531,-0.847,-0.096,-0.499,-0.086,-0.436,0.764,-0.49,0.849,-0.358,0.253,-0.314,-0.426,0.209,-0.182,0.574,-0.149,-0.681,0.434,-0.717,-0.695
ANDE,-0.589,-0.652,0.721,-0.148,0.772,0.351,0.898,0.776,0.98,0.739,-0.64,0.819,-0.738,0.0,-0.57,0.748,-0.534,-0.605,0.811,0.93,-0.283,-0.139,-0.51,0.528,-0.594,-0.664,0.731,0.723,-0.567,0.449,0.813,0.713,-0.717,-0.423,0.531,0.66,0.752,0.559,0.464,-0.377,0.544,-0.815,0.915,0.108,0.907,-0.696,0.944,0.519,0.781,-0.926,0.113,0.603,0.696,0.359,0.624,0.891,0.717,0.6,0.73,0.538,0.132,0.227,0.792,-0.514,0.715,0.329,-0.898,0.853,-0.898,0.923,0.945,0.878,-0.213,0.378,0.506,0.923,0.611,0.759,-0.71,0.438,0.486,0.733,0.681,0.859,-0.263,-0.83,0.903,0.672,-0.539,0.771,-0.024,0.46,0.517,0.552,-0.241,0.259,0.71,-0.526,0.762,-0.568,0.61,0.033,-0.051,-0.806,0.393,0.773,-0.014,-0.618,0.552,0.751,0.894,-0.728,0.848,0.188,0.554,-0.165,0.888,0.593,0.152,0.97,0.835,-0.183,-0.248,0.767,-0.029,0.88,0.829,0.047,0.767,0.778,0.87,0.788,0.246,0.231,-0.273,0.468,0.854,0.556,0.89,0.743,0.691,0.878,-0.248,0.932,0.711,0.542,0.649,-0.202,0.598,0.843,0.776,0.326,-0.571,0.403,0.909,0.82,-0.83,-0.177,0.292,0.85,-0.571,-0.222,-0.565,-0.458,0.727,0.908,0.455,0.57,-0.26,-0.525,0.073,0.822,0.674,0.818,0.558,0.393,-0.325,0.881,0.145,0.684,0.576,0.61,0.722,0.558,0.279,-0.836,0.75,-0.587,0.155,0.326,0.172,0.772,0.124,0.468,-0.843,-0.393,0.822,-0.824,0.847,0.682
APLS,0.651,0.129,-0.692,-0.148,-0.836,0.148,-0.488,-0.656,-0.507,-0.126,0.955,-0.42,0.946,-0.57,0.0,-0.063,0.811,0.828,-0.358,-0.597,0.85,0.787,0.65,-0.11,0.607,0.894,-0.783,-0.386,0.962,-0.033,-0.695,-0.8,0.388,0.901,-0.149,-0.874,-0.386,-0.102,-0.703,0.838,-0.785,0.591,-0.527,-0.215,-0.359,0.801,-0.448,-0.221,-0.072,0.659,-0.522,0.061,-0.748,-0.098,-0.424,-0.54,-0.056,-0.327,-0.595,-0.397,0.654,0.472,-0.867,0.918,-0.862,-0.603,0.312,-0.402,0.557,-0.508,-0.631,-0.691,0.638,-0.792,-0.733,-0.671,-0.039,-0.659,0.769,0.124,0.052,-0.261,-0.172,-0.2,0.594,0.869,-0.693,-0.847,0.634,-0.158,0.231,-0.257,0.135,0.144,0.781,-0.574,-0.269,0.395,-0.374,0.935,-0.699,0.303,0.697,0.151,-0.781,-0.185,0.609,0.87,-0.308,-0.824,-0.578,0.28,-0.653,-0.258,-0.756,-0.321,-0.757,-0.225,-0.249,-0.508,-0.674,0.159,0.501,-0.044,0.223,-0.485,-0.176,-0.637,-0.826,-0.184,-0.223,-0.772,-0.619,-0.591,0.196,-0.835,-0.293,-0.481,-0.74,-0.837,-0.037,-0.532,0.708,-0.477,-0.77,-0.464,-0.497,0.728,-0.758,-0.514,-0.37,0.232,0.211,-0.796,-0.663,-0.525,0.854,0.694,-0.753,-0.67,0.729,0.476,0.711,0.845,-0.647,-0.57,0.05,-0.74,-0.359,0.524,0.655,-0.367,-0.494,-0.852,-0.429,-0.566,0.778,-0.437,-0.261,-0.373,-0.789,0.101,-0.34,0.045,-0.372,0.628,-0.273,0.825,-0.496,0.36,-0.322,-0.28,0.416,0.017,0.437,-0.352,-0.569,0.219,-0.621,-0.613
APPF,-0.343,-0.535,0.623,-0.137,0.286,0.542,0.774,0.459,0.768,0.589,-0.113,0.486,-0.276,0.748,-0.063,0.0,-0.038,-0.234,0.868,0.781,0.204,0.269,-0.157,0.284,-0.477,-0.227,0.403,0.517,-0.037,0.617,0.572,0.154,-0.403,0.078,0.264,0.304,0.378,0.279,-0.121,0.033,0.35,-0.651,0.755,0.076,0.797,-0.467,0.73,0.252,0.868,-0.659,-0.285,0.524,0.474,0.088,0.588,0.731,0.807,0.255,0.537,0.558,0.501,0.427,0.418,-0.116,0.392,0.12,-0.877,0.558,-0.546,0.716,0.661,0.551,-0.128,-0.14,-0.071,0.538,0.403,0.528,-0.233,0.481,0.298,0.748,0.709,0.728,-0.252,-0.421,0.472,0.195,-0.199,0.596,0.192,0.64,0.436,0.489,0.099,-0.039,0.367,-0.512,0.477,-0.054,0.484,0.555,0.295,-0.766,0.07,0.693,0.187,-0.335,0.669,0.334,0.73,-0.6,0.461,0.147,0.372,-0.191,0.537,0.406,-0.189,0.732,0.592,-0.296,0.177,0.856,0.417,0.822,0.691,-0.167,0.452,0.598,0.74,0.391,-0.134,-0.012,-0.085,0.123,0.64,0.562,0.564,0.453,0.697,0.489,-0.092,0.662,0.434,0.564,0.586,0.339,0.306,0.552,0.684,0.271,-0.592,0.168,0.717,0.669,-0.463,0.078,-0.035,0.435,-0.353,-0.285,-0.187,-0.051,0.523,0.71,0.208,0.205,-0.253,-0.529,0.468,0.504,0.269,0.3,0.309,0.177,0.062,0.662,0.335,0.807,0.242,0.525,0.602,0.412,0.24,-0.381,0.673,-0.167,-0.127,0.523,0.248,0.508,0.512,0.469,-0.606,-0.574,0.354,-0.864,0.562,0.601
ASML,0.599,0.164,-0.528,-0.276,-0.767,0.058,-0.438,-0.535,-0.496,-0.152,0.835,-0.437,0.839,-0.534,0.811,-0.038,0.0,0.829,-0.306,-0.527,0.69,0.759,0.456,-0.085,0.651,0.776,-0.661,-0.144,0.787,0.141,-0.698,-0.728,0.637,0.78,-0.268,-0.652,-0.323,-0.079,-0.552,0.661,-0.585,0.634,-0.477,-0.359,-0.39,0.694,-0.414,-0.091,-0.096,0.626,-0.179,-0.081,-0.539,-0.306,-0.157,-0.37,-0.101,-0.229,-0.557,-0.28,0.405,0.485,-0.774,0.745,-0.755,-0.251,0.297,-0.371,0.61,-0.39,-0.518,-0.519,0.528,-0.531,-0.781,-0.614,-0.063,-0.66,0.882,0.263,-0.02,-0.243,-0.244,-0.285,0.423,0.824,-0.608,-0.71,0.74,-0.224,0.317,-0.147,0.007,-0.133,0.537,-0.451,-0.389,0.491,-0.302,0.876,-0.56,0.248,0.533,0.251,-0.465,-0.295,0.632,0.715,-0.058,-0.758,-0.509,0.14,-0.465,-0.353,-0.58,-0.018,-0.624,-0.205,-0.087,-0.429,-0.625,-0.251,0.544,-0.2,0.152,-0.41,-0.197,-0.437,-0.743,-0.239,-0.209,-0.741,-0.687,-0.247,0.283,-0.735,-0.299,-0.498,-0.71,-0.643,-0.063,-0.542,0.507,-0.44,-0.763,-0.291,-0.556,0.551,-0.466,-0.535,-0.22,-0.125,-0.051,-0.495,-0.536,-0.225,0.777,0.73,-0.651,-0.678,0.728,0.322,0.734,0.691,-0.68,-0.567,-0.017,-0.63,-0.031,0.514,0.448,-0.405,-0.353,-0.827,-0.332,-0.424,0.583,-0.436,-0.141,-0.278,-0.801,-0.051,-0.341,0.02,-0.433,0.696,-0.393,0.792,-0.211,0.397,-0.144,-0.302,0.155,-0.126,0.486,-0.068,-0.567,0.212,-0.492,-0.393
ATRC,0.745,0.016,-0.783,-0.436,-0.814,0.062,-0.644,-0.704,-0.577,-0.116,0.871,-0.425,0.902,-0.605,0.828,-0.234,0.829,0.0,-0.573,-0.673,0.643,0.718,0.494,-0.082,0.825,0.871,-0.842,-0.236,0.818,-0.127,-0.849,-0.637,0.513,0.812,-0.182,-0.822,-0.282,-0.022,-0.493,0.601,-0.812,0.811,-0.663,-0.434,-0.529,0.859,-0.445,-0.169,-0.246,0.736,-0.18,-0.018,-0.744,-0.211,-0.4,-0.588,-0.278,-0.234,-0.75,-0.577,0.41,0.408,-0.896,0.837,-0.873,-0.487,0.437,-0.438,0.587,-0.544,-0.639,-0.687,0.683,-0.528,-0.721,-0.633,-0.05,-0.796,0.82,0.181,0.049,-0.471,-0.44,-0.324,0.624,0.889,-0.615,-0.79,0.686,-0.26,0.225,-0.438,0.046,-0.079,0.558,-0.365,-0.328,0.52,-0.383,0.814,-0.795,0.039,0.59,0.288,-0.62,-0.363,0.618,0.817,-0.323,-0.861,-0.702,0.239,-0.533,-0.557,-0.841,-0.169,-0.719,-0.28,-0.051,-0.495,-0.753,-0.009,0.43,-0.307,-0.088,-0.553,-0.283,-0.605,-0.888,-0.265,-0.251,-0.76,-0.68,-0.349,0.178,-0.874,-0.28,-0.704,-0.798,-0.812,-0.17,-0.568,0.642,-0.468,-0.907,-0.539,-0.724,0.444,-0.613,-0.638,-0.512,-0.026,0.021,-0.606,-0.682,-0.374,0.896,0.757,-0.699,-0.684,0.81,0.59,0.728,0.701,-0.866,-0.739,0.085,-0.721,-0.113,0.717,0.452,-0.405,-0.378,-0.827,-0.353,-0.688,0.603,-0.535,-0.351,-0.55,-0.853,0.035,-0.508,0.041,-0.62,0.684,-0.544,0.748,-0.263,0.314,-0.415,-0.313,0.042,-0.271,0.441,-0.134,-0.548,0.385,-0.64,-0.65
AVGO,-0.594,-0.328,0.849,0.144,0.574,0.471,0.937,0.667,0.826,0.511,-0.427,0.552,-0.566,0.811,-0.358,0.868,-0.306,-0.573,0.0,0.895,-0.087,-0.044,-0.305,0.257,-0.703,-0.508,0.662,0.515,-0.322,0.646,0.821,0.335,-0.474,-0.207,0.354,0.606,0.389,0.225,0.09,-0.172,0.652,-0.87,0.912,0.295,0.861,-0.735,0.733,0.285,0.841,-0.826,-0.165,0.414,0.755,0.157,0.72,0.831,0.821,0.289,0.774,0.791,0.203,0.177,0.696,-0.394,0.667,0.317,-0.874,0.638,-0.65,0.796,0.762,0.733,-0.362,0.079,0.237,0.647,0.332,0.767,-0.459,0.338,0.201,0.817,0.772,0.675,-0.501,-0.692,0.59,0.475,-0.442,0.574,0.141,0.727,0.359,0.429,-0.116,0.112,0.422,-0.592,0.525,-0.341,0.752,0.48,-0.021,-0.703,0.302,0.756,-0.096,-0.571,0.693,0.597,0.909,-0.575,0.604,0.478,0.686,-0.094,0.724,0.448,-0.154,0.745,0.82,-0.253,0.009,0.812,0.497,0.81,0.672,0.199,0.734,0.585,0.694,0.649,0.145,0.112,-0.115,0.467,0.582,0.81,0.788,0.703,0.619,0.608,-0.323,0.649,0.749,0.732,0.745,0.21,0.473,0.738,0.782,0.216,-0.405,0.395,0.861,0.69,-0.725,-0.202,0.24,0.576,-0.635,-0.527,-0.412,-0.289,0.811,0.904,0.104,0.443,-0.125,-0.739,0.202,0.525,0.324,0.573,0.436,0.493,-0.193,0.765,0.418,0.918,0.535,0.402,0.742,0.262,0.518,-0.578,0.823,-0.432,0.035,0.32,0.436,0.521,0.446,0.522,-0.569,-0.354,0.505,-0.885,0.696,0.8
AVT,-0.625,-0.498,0.852,-0.032,0.77,0.383,0.917,0.698,0.917,0.614,-0.663,0.682,-0.765,0.93,-0.597,0.781,-0.527,-0.673,0.895,0.0,-0.284,-0.239,-0.55,0.381,-0.728,-0.675,0.728,0.637,-0.561,0.472,0.857,0.604,-0.659,-0.439,0.437,0.715,0.572,0.37,0.346,-0.417,0.665,-0.869,0.924,0.197,0.872,-0.815,0.824,0.368,0.776,-0.92,0.069,0.42,0.803,0.187,0.661,0.842,0.734,0.449,0.782,0.616,0.058,0.121,0.815,-0.566,0.777,0.323,-0.893,0.754,-0.829,0.862,0.882,0.869,-0.388,0.33,0.452,0.815,0.421,0.799,-0.687,0.316,0.296,0.789,0.746,0.715,-0.457,-0.842,0.803,0.641,-0.62,0.641,-0.043,0.616,0.389,0.411,-0.329,0.291,0.56,-0.624,0.606,-0.597,0.725,0.205,-0.14,-0.764,0.404,0.735,-0.187,-0.714,0.639,0.718,0.916,-0.635,0.786,0.325,0.69,-0.092,0.877,0.505,-0.04,0.861,0.892,-0.258,-0.178,0.706,0.204,0.847,0.692,0.226,0.825,0.637,0.744,0.785,0.227,0.201,-0.318,0.546,0.697,0.719,0.881,0.795,0.582,0.759,-0.388,0.806,0.801,0.692,0.674,-0.102,0.614,0.756,0.732,0.192,-0.497,0.498,0.933,0.793,-0.873,-0.332,0.365,0.741,-0.707,-0.424,-0.6,-0.504,0.793,0.92,0.216,0.605,-0.118,-0.702,0.075,0.645,0.504,0.781,0.512,0.44,-0.4,0.816,0.292,0.817,0.649,0.444,0.676,0.337,0.38,-0.72,0.754,-0.65,0.161,0.242,0.29,0.62,0.166,0.499,-0.698,-0.271,0.685,-0.821,0.783,0.778
AXDX,0.441,-0.117,-0.445,-0.168,-0.623,0.338,-0.194,-0.497,-0.219,0.077,0.774,-0.167,0.754,-0.283,0.85,0.204,0.69,0.643,-0.087,-0.284,0.0,0.794,0.403,0.1,0.337,0.768,-0.576,-0.128,0.846,0.2,-0.438,-0.682,0.19,0.822,-0.121,-0.732,-0.138,0.104,-0.622,0.751,-0.644,0.322,-0.23,-0.326,-0.037,0.632,-0.185,0.034,0.204,0.347,-0.506,0.255,-0.573,0.007,-0.216,-0.279,0.165,-0.081,-0.376,-0.177,0.823,0.567,-0.662,0.719,-0.689,-0.558,0.006,-0.126,0.281,-0.223,-0.327,-0.438,0.634,-0.758,-0.57,-0.479,0.183,-0.439,0.588,0.346,0.271,-0.042,0.029,0.088,0.501,0.623,-0.481,-0.758,0.484,0.149,0.273,-0.111,0.376,0.316,0.697,-0.703,-0.017,0.163,-0.134,0.841,-0.533,0.293,0.802,-0.172,-0.714,0.023,0.637,0.737,-0.013,-0.615,-0.279,-0.029,-0.419,-0.22,-0.598,-0.4,-0.493,-0.063,-0.226,-0.217,-0.393,-0.051,0.409,0.197,0.263,-0.202,0.09,-0.71,-0.599,0.123,0.052,-0.569,-0.647,-0.578,0.055,-0.714,-0.043,-0.351,-0.47,-0.649,0.204,-0.259,0.603,-0.192,-0.591,-0.226,-0.305,0.731,-0.562,-0.258,-0.152,0.245,-0.013,-0.747,-0.434,-0.257,0.581,0.594,-0.783,-0.442,0.605,0.404,0.461,0.858,-0.473,-0.332,0.192,-0.636,-0.507,0.372,0.67,-0.158,-0.323,-0.644,-0.446,-0.472,0.68,-0.116,-0.134,-0.1,-0.662,0.235,-0.101,0.218,-0.191,0.441,-0.049,0.666,-0.439,0.493,-0.24,-0.055,0.441,0.199,0.202,-0.525,-0.345,-0.081,-0.323,-0.449
AXSM,0.447,-0.19,-0.411,-0.38,-0.503,0.285,-0.102,-0.276,-0.091,0.267,0.735,-0.002,0.712,-0.139,0.787,0.269,0.759,0.718,-0.044,-0.239,0.794,0.0,0.376,0.29,0.524,0.681,-0.478,0.152,0.726,0.39,-0.428,-0.476,0.257,0.789,0.066,-0.585,0.118,0.333,-0.388,0.741,-0.579,0.311,-0.133,-0.446,0.057,0.626,-0.002,0.265,0.311,0.282,-0.283,0.442,-0.442,0.099,0.059,-0.042,0.255,0.152,-0.282,-0.167,0.741,0.76,-0.584,0.729,-0.638,-0.26,-0.053,0.05,0.212,-0.011,-0.142,-0.244,0.736,-0.513,-0.57,-0.269,0.387,-0.464,0.624,0.599,0.443,0.053,0.029,0.244,0.537,0.599,-0.263,-0.606,0.609,0.281,0.313,-0.137,0.427,0.349,0.68,-0.57,0.097,0.349,0.142,0.807,-0.493,0.216,0.751,-0.167,-0.493,0.084,0.84,0.727,0.103,-0.497,-0.17,-0.235,-0.192,-0.318,-0.562,-0.296,-0.333,0.095,0.122,-0.016,-0.328,-0.188,0.407,0.22,0.031,-0.102,0.312,-0.693,-0.558,0.252,0.256,-0.46,-0.627,-0.312,0.242,-0.742,0.186,-0.45,-0.392,-0.507,0.338,-0.098,0.671,-0.03,-0.612,-0.249,-0.31,0.578,-0.39,-0.102,0.097,0.27,-0.22,-0.609,-0.298,0.003,0.585,0.846,-0.727,-0.281,0.683,0.457,0.587,0.785,-0.492,-0.225,0.413,-0.578,-0.456,0.485,0.625,0.072,-0.018,-0.545,-0.18,-0.39,0.718,0.015,-0.235,-0.112,-0.717,0.422,0.058,0.48,-0.32,0.287,-0.031,0.715,-0.218,0.67,-0.197,0.165,0.319,0.16,0.061,-0.484,-0.172,-0.168,-0.152,-0.321
AZN,0.354,0.307,-0.484,0.253,-0.685,0.028,-0.442,-0.372,-0.479,-0.418,0.708,-0.494,0.663,-0.51,0.65,-0.157,0.456,0.494,-0.305,-0.55,0.403,0.376,0.0,-0.506,0.46,0.452,-0.454,-0.656,0.611,-0.177,-0.445,-0.588,0.402,0.451,-0.272,-0.549,-0.541,-0.444,-0.608,0.546,-0.384,0.399,-0.449,0.125,-0.407,0.434,-0.45,-0.488,-0.256,0.555,-0.569,-0.198,-0.466,-0.14,-0.354,-0.419,-0.224,-0.602,-0.346,-0.247,0.177,0.054,-0.508,0.63,-0.479,-0.215,0.364,-0.548,0.594,-0.486,-0.576,-0.671,0.143,-0.567,-0.599,-0.527,-0.368,-0.344,0.496,-0.265,-0.359,-0.209,-0.194,-0.323,0.178,0.617,-0.593,-0.533,0.48,-0.354,0.22,-0.157,-0.309,-0.104,0.692,-0.282,-0.509,0.209,-0.376,0.545,-0.328,0.447,0.227,0.397,-0.361,-0.335,0.097,0.496,-0.303,-0.531,-0.453,0.406,-0.635,-0.051,-0.374,0.069,-0.718,-0.406,-0.193,-0.515,-0.463,0.446,0.469,-0.136,0.288,-0.362,-0.366,-0.221,-0.513,-0.447,-0.358,-0.542,-0.124,-0.261,0.477,-0.414,-0.409,-0.235,-0.582,-0.495,-0.168,-0.588,0.308,-0.484,-0.425,-0.324,-0.145,0.461,-0.477,-0.378,-0.298,0.023,0.325,-0.392,-0.504,-0.561,0.632,0.349,-0.244,-0.545,0.336,0.041,0.584,0.476,-0.287,-0.408,-0.285,-0.375,-0.078,0.155,0.359,-0.438,-0.553,-0.656,-0.235,-0.182,0.685,-0.42,0.057,-0.244,-0.414,-0.167,-0.34,-0.259,-0.114,0.493,-0.17,0.561,-0.326,0.138,-0.032,-0.39,0.338,-0.2,0.356,-0.142,-0.594,0.324,-0.445,-0.347
BANR,-0.092,-0.536,0.116,-0.452,0.45,0.072,0.429,0.363,0.529,0.726,-0.25,0.69,-0.207,0.528,-0.11,0.284,-0.085,-0.082,0.257,0.381,0.1,0.29,-0.506,0.0,-0.071,-0.095,0.221,0.766,-0.185,0.298,0.209,0.413,-0.397,0.001,0.502,0.186,0.852,0.868,0.51,0.024,-0.085,-0.281,0.417,-0.402,0.542,0.033,0.58,0.862,0.504,-0.449,0.404,0.618,0.105,0.465,0.347,0.469,0.445,0.931,0.227,0.103,0.385,0.502,0.19,-0.123,0.035,0.055,-0.442,0.758,-0.546,0.59,0.564,0.571,0.478,0.262,0.406,0.497,0.87,0.155,-0.209,0.717,0.9,0.271,0.292,0.671,0.402,-0.277,0.6,0.249,-0.111,0.713,-0.17,-0.033,0.795,0.61,-0.03,-0.211,0.862,0.122,0.69,-0.024,-0.061,-0.455,0.291,-0.576,0.035,0.501,0.573,0.044,0.264,0.32,0.375,-0.64,0.588,-0.08,-0.023,-0.319,0.491,0.679,0.445,0.619,0.314,-0.313,-0.213,0.409,-0.395,0.32,0.762,-0.356,0.165,0.813,0.69,0.3,-0.095,-0.0,-0.325,-0.064,0.696,-0.124,0.35,0.165,0.517,0.747,0.313,0.624,0.045,0.025,0.052,-0.145,0.179,0.475,0.495,0.42,-0.434,-0.167,0.294,0.483,-0.286,0.276,-0.289,0.532,0.191,0.459,-0.228,0.104,0.067,0.359,0.835,0.119,-0.502,0.262,0.099,0.711,0.771,0.432,0.248,0.069,-0.004,0.533,-0.324,0.066,-0.045,0.669,0.502,0.805,-0.085,-0.49,0.293,-0.063,0.205,0.477,-0.179,0.679,-0.085,0.475,-0.424,-0.325,0.718,-0.443,0.436,0.067
BBIO,0.61,0.072,-0.845,-0.364,-0.663,-0.245,-0.689,-0.505,-0.589,-0.183,0.659,-0.361,0.732,-0.594,0.607,-0.477,0.651,0.825,-0.703,-0.728,0.337,0.524,0.46,-0.071,0.0,0.653,-0.678,-0.244,0.52,-0.301,-0.812,-0.346,0.471,0.495,-0.144,-0.668,-0.153,0.044,-0.159,0.446,-0.703,0.832,-0.694,-0.443,-0.593,0.808,-0.436,-0.098,-0.477,0.734,0.051,-0.071,-0.683,-0.052,-0.391,-0.535,-0.494,-0.141,-0.702,-0.626,0.076,0.303,-0.73,0.69,-0.742,-0.215,0.579,-0.42,0.559,-0.508,-0.56,-0.596,0.594,-0.206,-0.476,-0.496,-0.034,-0.709,0.616,0.134,0.027,-0.552,-0.553,-0.361,0.628,0.76,-0.457,-0.52,0.691,-0.259,0.106,-0.663,-0.105,-0.165,0.44,-0.163,-0.287,0.674,-0.217,0.581,-0.754,-0.233,0.323,0.491,-0.342,-0.517,0.513,0.707,-0.441,-0.65,-0.721,0.27,-0.412,-0.587,-0.747,0.022,-0.662,-0.31,0.268,-0.464,-0.754,0.128,0.235,-0.502,-0.407,-0.569,-0.307,-0.467,-0.787,-0.33,-0.316,-0.641,-0.408,-0.087,0.342,-0.698,-0.278,-0.815,-0.737,-0.677,-0.307,-0.454,0.565,-0.396,-0.844,-0.637,-0.725,0.09,-0.38,-0.525,-0.444,-0.07,0.06,-0.463,-0.686,-0.369,0.806,0.695,-0.448,-0.526,0.762,0.604,0.694,0.469,-0.792,-0.71,0.163,-0.506,-0.062,0.768,0.162,-0.276,-0.163,-0.648,-0.202,-0.499,0.457,-0.489,-0.465,-0.721,-0.718,-0.047,-0.538,0.086,-0.592,0.525,-0.569,0.635,-0.048,0.163,-0.375,-0.215,-0.266,-0.39,0.38,0.065,-0.383,0.539,-0.48,-0.598
BCYC,0.68,0.123,-0.747,-0.234,-0.825,-0.01,-0.606,-0.734,-0.621,-0.17,0.882,-0.476,0.92,-0.664,0.894,-0.227,0.776,0.871,-0.508,-0.675,0.768,0.681,0.452,-0.095,0.653,0.0,-0.823,-0.324,0.886,-0.14,-0.799,-0.757,0.452,0.859,-0.234,-0.868,-0.396,-0.091,-0.608,0.696,-0.827,0.703,-0.657,-0.351,-0.498,0.868,-0.517,-0.18,-0.24,0.716,-0.317,-0.043,-0.803,-0.16,-0.45,-0.647,-0.193,-0.288,-0.756,-0.478,0.548,0.366,-0.918,0.821,-0.916,-0.619,0.434,-0.44,0.598,-0.605,-0.696,-0.72,0.665,-0.719,-0.679,-0.745,-0.079,-0.761,0.793,0.139,0.057,-0.438,-0.336,-0.334,0.639,0.875,-0.708,-0.859,0.618,-0.289,0.153,-0.382,0.109,0.007,0.591,-0.538,-0.292,0.494,-0.448,0.885,-0.777,0.088,0.655,0.251,-0.757,-0.308,0.583,0.852,-0.352,-0.849,-0.704,0.334,-0.667,-0.335,-0.8,-0.284,-0.768,-0.229,-0.208,-0.574,-0.746,0.029,0.427,-0.214,0.069,-0.584,-0.291,-0.629,-0.887,-0.239,-0.321,-0.779,-0.642,-0.528,0.143,-0.843,-0.363,-0.591,-0.792,-0.891,-0.218,-0.571,0.685,-0.553,-0.86,-0.543,-0.619,0.585,-0.763,-0.647,-0.509,0.096,0.185,-0.745,-0.748,-0.534,0.868,0.648,-0.768,-0.722,0.791,0.564,0.655,0.786,-0.78,-0.705,0.036,-0.771,-0.229,0.659,0.481,-0.434,-0.485,-0.853,-0.496,-0.679,0.652,-0.561,-0.336,-0.52,-0.822,0.013,-0.443,-0.004,-0.449,0.715,-0.484,0.789,-0.381,0.235,-0.398,-0.376,0.254,-0.083,0.534,-0.206,-0.59,0.347,-0.729,-0.691
BHFAP,-0.766,-0.181,0.802,0.348,0.794,0.001,0.741,0.875,0.678,0.218,-0.788,0.511,-0.851,0.731,-0.783,0.403,-0.661,-0.842,0.662,0.728,-0.576,-0.478,-0.454,0.221,-0.678,-0.823,0.0,0.465,-0.811,0.43,0.841,0.666,-0.382,-0.752,0.153,0.897,0.461,0.166,0.525,-0.582,0.833,-0.781,0.752,0.345,0.597,-0.81,0.625,0.395,0.393,-0.778,0.31,0.194,0.793,0.186,0.611,0.791,0.355,0.39,0.768,0.729,-0.333,-0.122,0.921,-0.826,0.881,0.701,-0.587,0.568,-0.573,0.728,0.785,0.813,-0.576,0.599,0.626,0.746,0.2,0.828,-0.685,0.069,0.074,0.507,0.406,0.481,-0.57,-0.867,0.73,0.785,-0.509,0.359,0.018,0.553,0.029,0.127,-0.517,0.354,0.369,-0.426,0.595,-0.71,0.836,0.001,-0.479,-0.343,0.767,0.43,-0.407,-0.788,0.546,0.907,0.804,-0.416,0.644,0.484,0.851,0.332,0.784,0.437,0.211,0.688,0.799,-0.192,-0.207,0.403,0.021,0.7,0.465,0.501,0.905,0.408,0.467,0.751,0.632,0.576,-0.005,0.833,0.461,0.622,0.838,0.892,0.368,0.677,-0.62,0.609,0.831,0.628,0.803,-0.447,0.737,0.733,0.722,-0.039,-0.311,0.71,0.783,0.659,-0.872,-0.483,0.633,0.732,-0.66,-0.526,-0.621,-0.625,0.828,0.777,0.052,0.661,0.18,-0.652,-0.398,0.547,0.567,0.811,0.444,0.718,-0.511,0.631,0.465,0.64,0.76,0.088,0.621,0.188,0.514,-0.689,0.581,-0.61,0.423,0.013,0.512,0.435,-0.057,0.201,-0.507,0.066,0.594,-0.483,0.791,0.767
BKR,-0.316,-0.588,0.446,-0.438,0.585,0.152,0.637,0.555,0.691,0.724,-0.442,0.702,-0.456,0.723,-0.386,0.517,-0.144,-0.236,0.515,0.637,-0.128,0.152,-0.656,0.766,-0.244,-0.324,0.465,0.0,-0.408,0.528,0.412,0.559,-0.336,-0.18,0.418,0.476,0.809,0.755,0.564,-0.262,0.254,-0.454,0.627,-0.344,0.65,-0.291,0.75,0.811,0.609,-0.649,0.51,0.525,0.472,0.217,0.692,0.723,0.539,0.833,0.394,0.379,0.168,0.427,0.437,-0.357,0.337,0.374,-0.642,0.821,-0.646,0.763,0.763,0.786,0.192,0.438,0.323,0.659,0.759,0.326,-0.272,0.747,0.7,0.442,0.377,0.676,0.022,-0.494,0.747,0.42,-0.217,0.656,0.009,0.253,0.634,0.402,-0.261,0.041,0.703,-0.037,0.717,-0.259,0.249,-0.289,0.073,-0.627,0.334,0.552,0.389,-0.287,0.563,0.485,0.612,-0.776,0.787,-0.011,0.275,-0.076,0.727,0.681,0.419,0.803,0.542,-0.619,-0.173,0.46,-0.292,0.566,0.778,-0.093,0.414,0.776,0.776,0.492,-0.081,0.303,-0.234,0.161,0.77,0.116,0.559,0.469,0.548,0.75,0.007,0.708,0.264,0.288,0.232,-0.249,0.48,0.56,0.669,0.146,-0.693,0.265,0.605,0.833,-0.529,0.175,-0.058,0.617,-0.069,0.097,-0.346,-0.17,0.246,0.555,0.623,0.31,-0.148,-0.027,-0.048,0.71,0.791,0.557,0.407,0.206,-0.224,0.645,-0.097,0.362,0.137,0.574,0.585,0.727,-0.02,-0.564,0.371,-0.278,0.441,0.464,0.062,0.663,-0.118,0.384,-0.53,-0.162,0.703,-0.613,0.622,0.449
BLDP,0.651,0.113,-0.643,-0.171,-0.837,0.218,-0.479,-0.707,-0.495,-0.108,0.936,-0.43,0.916,-0.567,0.962,-0.037,0.787,0.818,-0.322,-0.561,0.846,0.726,0.611,-0.185,0.52,0.886,-0.811,-0.408,0.0,-0.04,-0.677,-0.81,0.368,0.924,-0.154,-0.874,-0.442,-0.149,-0.756,0.795,-0.759,0.575,-0.506,-0.171,-0.347,0.751,-0.452,-0.285,-0.036,0.632,-0.571,0.027,-0.702,-0.143,-0.44,-0.561,-0.025,-0.394,-0.6,-0.38,0.652,0.384,-0.863,0.896,-0.844,-0.675,0.29,-0.407,0.52,-0.534,-0.653,-0.711,0.603,-0.847,-0.732,-0.684,-0.087,-0.655,0.757,0.077,0.005,-0.242,-0.146,-0.218,0.527,0.835,-0.713,-0.852,0.56,-0.182,0.292,-0.201,0.147,0.128,0.76,-0.544,-0.303,0.302,-0.453,0.903,-0.666,0.362,0.699,0.122,-0.829,-0.141,0.544,0.836,-0.298,-0.852,-0.557,0.294,-0.645,-0.25,-0.748,-0.37,-0.736,-0.261,-0.363,-0.522,-0.64,0.157,0.479,-0.014,0.315,-0.48,-0.217,-0.597,-0.817,-0.195,-0.227,-0.749,-0.651,-0.647,0.115,-0.838,-0.326,-0.397,-0.716,-0.838,-0.055,-0.57,0.667,-0.494,-0.729,-0.404,-0.507,0.785,-0.798,-0.531,-0.431,0.196,0.224,-0.762,-0.626,-0.536,0.827,0.635,-0.745,-0.705,0.659,0.413,0.682,0.817,-0.63,-0.561,-0.012,-0.728,-0.312,0.478,0.672,-0.424,-0.575,-0.846,-0.422,-0.608,0.739,-0.441,-0.227,-0.312,-0.766,0.091,-0.351,-0.043,-0.35,0.65,-0.285,0.764,-0.555,0.313,-0.339,-0.316,0.485,0.002,0.432,-0.349,-0.59,0.175,-0.655,-0.592
BLFS,-0.286,-0.132,0.513,0.008,0.261,0.417,0.61,0.451,0.46,0.294,-0.069,0.364,-0.136,0.449,-0.033,0.617,0.141,-0.127,0.646,0.472,0.2,0.39,-0.177,0.298,-0.301,-0.14,0.43,0.528,-0.04,0.0,0.419,0.028,0.04,0.073,0.114,0.333,0.363,0.289,-0.012,0.088,0.388,-0.438,0.583,-0.004,0.548,-0.273,0.419,0.474,0.687,-0.419,0.042,0.445,0.469,0.104,0.71,0.649,0.593,0.364,0.515,0.641,0.279,0.44,0.308,-0.156,0.299,0.412,-0.554,0.438,-0.25,0.607,0.533,0.483,0.005,0.074,-0.022,0.33,0.332,0.303,0.037,0.506,0.275,0.45,0.304,0.494,-0.313,-0.23,0.287,0.127,0.065,0.463,0.511,0.577,0.31,0.248,0.01,-0.158,0.253,-0.234,0.506,0.082,0.458,0.363,0.233,-0.405,0.27,0.475,0.238,-0.121,0.722,0.325,0.611,-0.556,0.37,0.222,0.368,0.13,0.428,0.323,0.165,0.484,0.489,-0.496,0.105,0.502,0.297,0.487,0.555,0.054,0.375,0.495,0.568,0.302,-0.069,0.288,0.171,0.177,0.424,0.314,0.442,0.42,0.62,0.371,-0.165,0.354,0.283,0.585,0.427,0.222,0.359,0.524,0.665,-0.033,-0.41,0.243,0.492,0.633,-0.284,0.207,-0.037,0.296,-0.085,-0.312,-0.024,0.135,0.333,0.486,0.189,-0.041,-0.007,-0.285,0.141,0.344,0.324,0.196,0.21,0.309,0.036,0.545,0.372,0.661,0.113,0.248,0.622,0.308,0.281,-0.256,0.462,0.025,0.206,0.53,0.516,0.4,0.278,0.212,-0.268,-0.194,0.245,-0.608,0.52,0.501
