,ABAT,ACLS,ACMR,ADMA,ADUS,ADVM,AEIS,AGNCM,AHCO,ALGT,ALLO,AMSF,ANAB,ANDE,APLS,APPF,ASML,ATRC,AVGO,AVT,AXDX,AXSM,AZN,BANR,BBIO,BCYC,BHFAP,BKR,BLDP,BLFS,BLKB,BLMN,BNTX,BPMC,CALM,CAMT,CASH,CATY,CCEP,CDLX,CDNS,CENN,CENX,CGC,CHDN,CLBK,COKE,COLB,COO,CORT,CRMT,CRNX,CRTO,CRVL,CSCO,CSQ,CSWI,CVBF,CWST,CYCC,CZR,DLTR,DORM,ENTA,EQIX,ERIC,EVRG,EWBC,EXAS,EXLS,EXPI,EYE,FBNC,FBRX,FCNCA,FELE,FIBK,FLEX,FRGT,FRHC,FRME,FWONA,FWONK,GDEN,GIII,GILD,GLNG,GNTX,GOOGL,GRPN,HCSG,HIMX,HOPE,HST,HTLD,HUT,HWC,ICUI,IESC,INTC,INTU,IOVA,IPAR,IPGP,ISRG,JBSS,KALU,KPRX,KRNT,LAUR,LBRDA,LBTYK,LECO,LILAK,LITE,MANH,MDXG,MFIC,MGEE,MIDD,MLAB,MMSI,MNKD,MOMO,MRVL,NICE,NMFC,NUWE,NVCR,NWBI,OFIX,OFLX,OMCL,OPK,ORKA,ORLY,OTTR,PDD,PNTG,POOL,POWL,PPBI,PPC,PRAA,PRPL,PZZA,QTRX,QURE,RDFN,RDHL,REAL,REG,REYN,RGLD,RIOT,RUN,RYTM,SAIA,SBAC,SBRA,SCVL,SHOO,SLAB,SLDB,SMCI,SMTC,SRCE,SSP,SSRM,STBA,STRO,SVC,SYBT,TCBI,TCOM,TENX,TH,TMUS,TNDM,TTD,TTMI,UAL,ULH,ULTA,VCYT,VIRT,VKTX,VOD,VRDN,VREX,VRNT,VSAT,WB,WBD,WDC,WEN,WSFS,XXII,Z,ZBRA
ABAT,0.0,0.381,-0.628,-0.199,-0.304,0.49,-0.701,-0.678,-0.536,-0.269,0.449,-0.429,0.696,-0.666,-0.04,-0.633,0.067,0.681,-0.697,-0.461,0.176,-0.213,-0.215,-0.133,0.443,-0.084,-0.768,-0.32,0.215,0.162,-0.678,-0.561,0.678,0.227,0.041,-0.661,-0.292,-0.265,-0.124,-0.486,-0.536,0.758,-0.571,0.123,-0.71,0.648,-0.599,-0.191,-0.594,0.676,-0.155,-0.389,-0.186,-0.493,0.506,-0.656,-0.586,-0.228,-0.486,0.046,-0.617,-0.457,-0.708,0.051,-0.494,-0.339,0.661,-0.527,0.639,-0.591,-0.688,-0.63,0.136,0.005,0.083,-0.537,-0.477,-0.377,0.641,-0.581,-0.269,-0.669,-0.645,-0.656,0.041,0.762,-0.631,-0.497,-0.052,-0.577,0.54,-0.368,-0.321,-0.33,-0.342,0.327,-0.478,0.403,-0.601,0.364,-0.559,-0.075,-0.46,0.66,-0.298,-0.593,-0.021,-0.195,-0.652,-0.646,-0.557,0.503,-0.555,-0.255,-0.358,0.5,-0.679,-0.013,0.153,-0.519,-0.638,-0.483,-0.305,-0.691,0.247,-0.684,-0.522,0.41,-0.666,-0.491,-0.325,-0.557,-0.204,0.557,0.571,-0.521,-0.394,-0.51,-0.704,-0.653,-0.197,-0.502,-0.124,-0.57,-0.302,-0.576,-0.741,-0.176,-0.591,-0.572,-0.664,-0.455,-0.028,0.108,-0.561,-0.468,0.798,-0.254,0.047,-0.466,0.313,0.235,0.569,-0.131,0.262,-0.71,-0.284,-0.46,0.564,0.544,-0.563,-0.483,-0.406,-0.489,-0.264,-0.541,-0.26,-0.643,-0.033,-0.55,-0.151,-0.358,-0.63,-0.477,-0.666,0.433,-0.739,0.256,0.241,0.547,-0.476,-0.453,-0.18,-0.599,0.627,0.622,-0.448,0.679,-0.667,-0.531
ACLS,0.381,0.0,-0.276,0.532,-0.209,0.346,-0.56,-0.574,-0.664,-0.73,0.235,-0.651,0.437,-0.751,-0.142,-0.686,-0.136,0.165,-0.511,-0.5,-0.121,-0.566,0.234,-0.493,-0.001,-0.158,-0.505,-0.697,0.061,0.03,-0.356,-0.65,0.679,-0.18,-0.025,-0.33,-0.671,-0.609,-0.317,-0.324,-0.019,0.496,-0.535,0.436,-0.648,0.285,-0.765,-0.469,-0.636,0.687,-0.251,-0.69,-0.033,-0.439,0.329,-0.686,-0.542,-0.548,-0.193,0.189,-0.703,-0.601,-0.434,-0.157,-0.206,-0.188,0.719,-0.643,0.708,-0.657,-0.689,-0.613,-0.358,-0.126,0.186,-0.71,-0.63,-0.131,0.46,-0.604,-0.594,-0.543,-0.5,-0.715,-0.357,0.566,-0.669,-0.412,-0.235,-0.7,0.362,-0.06,-0.599,-0.517,-0.446,0.17,-0.616,0.161,-0.649,0.11,-0.166,0.171,-0.619,0.742,-0.092,-0.613,-0.55,-0.221,-0.559,-0.443,-0.488,0.676,-0.667,0.327,0.134,0.512,-0.585,-0.256,-0.196,-0.775,-0.472,-0.215,-0.238,-0.676,0.477,-0.729,-0.695,0.75,-0.29,-0.672,-0.63,-0.474,0.106,0.293,0.457,0.164,-0.747,-0.092,-0.54,-0.408,-0.392,-0.639,-0.443,-0.783,0.064,-0.362,-0.424,0.122,-0.575,-0.517,-0.593,-0.469,0.682,0.179,-0.576,-0.736,0.532,-0.591,0.353,-0.583,-0.123,-0.24,0.276,-0.136,0.328,-0.537,-0.596,-0.206,0.562,0.001,-0.627,-0.69,-0.675,-0.433,-0.367,-0.05,-0.273,-0.648,0.207,-0.359,0.152,-0.684,-0.511,-0.675,-0.056,0.456,-0.478,-0.01,0.052,0.335,-0.075,-0.683,-0.018,-0.372,0.741,0.74,-0.602,0.581,-0.678,-0.362
ACMR,-0.628,-0.276,0.0,0.182,0.414,-0.262,0.832,0.614,0.69,0.376,-0.494,0.427,-0.779,0.708,-0.096,0.83,-0.041,-0.731,0.905,0.811,-0.017,0.2,-0.055,0.154,-0.777,-0.211,0.747,0.378,-0.205,0.167,0.838,0.317,-0.581,-0.094,0.128,0.824,0.254,0.165,-0.099,0.351,0.87,-0.785,0.84,0.134,0.723,-0.875,0.612,0.154,0.776,-0.788,-0.131,0.334,0.67,0.315,-0.267,0.727,0.787,0.157,0.768,0.27,0.526,0.38,0.821,-0.251,0.713,0.581,-0.777,0.532,-0.593,0.699,0.604,0.68,-0.351,-0.305,-0.109,0.569,0.351,0.635,-0.531,0.383,0.188,0.757,0.766,0.587,-0.298,-0.754,0.515,0.526,-0.255,0.485,-0.317,0.772,0.357,0.366,0.261,-0.161,0.396,-0.62,0.473,-0.314,0.892,0.548,0.373,-0.679,0.472,0.702,-0.049,-0.04,0.645,0.664,0.837,-0.515,0.514,0.397,0.76,-0.341,0.622,0.206,-0.417,0.613,0.832,0.195,0.231,0.751,0.162,0.75,0.547,-0.168,0.865,0.507,0.483,0.675,0.182,-0.471,-0.512,0.574,0.419,0.822,0.588,0.891,0.495,0.502,-0.059,0.57,0.657,0.774,0.797,0.624,0.533,0.599,0.646,0.388,-0.136,0.1,0.839,0.608,-0.843,0.104,0.105,0.489,-0.63,-0.439,-0.511,-0.067,0.038,0.777,0.143,0.471,-0.386,-0.777,0.604,0.416,0.292,0.549,0.355,0.614,0.188,0.647,0.228,0.937,0.458,0.366,0.651,0.338,0.662,-0.405,0.744,-0.344,-0.327,-0.347,0.525,0.421,0.482,0.609,-0.537,-0.54,0.396,-0.666,0.613,0.819
ADMA,-0.199,0.532,0.182,0.0,0.061,0.213,-0.074,-0.152,-0.273,-0.561,-0.053,-0.358,-0.127,-0.295,-0.326,-0.253,-0.46,-0.35,-0.047,-0.092,-0.079,-0.557,0.286,-0.455,-0.456,-0.247,0.073,-0.531,-0.256,0.053,0.277,-0.315,0.245,-0.369,-0.082,0.116,-0.529,-0.522,-0.28,-0.281,0.409,0.011,-0.103,0.538,-0.225,-0.139,-0.349,-0.367,-0.283,0.137,-0.346,-0.374,0.157,-0.228,0.099,-0.304,-0.233,-0.466,0.089,0.427,-0.316,-0.447,0.197,-0.528,0.332,-0.09,0.229,-0.348,0.325,-0.284,-0.3,-0.288,-0.567,-0.207,0.254,-0.356,-0.431,0.381,0.029,-0.365,-0.493,-0.178,-0.141,-0.328,-0.422,-0.045,-0.33,-0.093,-0.373,-0.392,0.198,0.291,-0.413,-0.216,-0.419,0.072,-0.327,-0.236,-0.344,-0.214,0.308,0.293,-0.408,0.301,0.211,-0.229,-0.66,-0.32,-0.214,0.082,-0.009,0.392,-0.411,0.611,0.484,0.273,-0.211,-0.142,-0.454,-0.359,0.034,0.106,-0.019,-0.2,0.465,-0.243,-0.37,0.483,0.348,-0.355,-0.37,-0.092,0.283,0.095,0.251,0.73,-0.422,0.325,-0.181,0.076,-0.189,-0.294,-0.515,-0.44,0.378,0.017,0.217,0.235,-0.202,-0.128,-0.258,-0.141,0.492,0.238,-0.137,-0.469,-0.093,-0.606,0.438,-0.177,-0.462,-0.374,-0.28,-0.1,0.4,-0.113,-0.508,0.025,0.298,-0.486,-0.407,-0.363,-0.483,-0.007,-0.294,0.296,-0.156,-0.26,0.425,0.113,0.534,-0.485,-0.171,-0.405,0.354,0.081,0.111,-0.309,-0.135,0.101,0.193,-0.415,0.227,-0.097,0.379,0.255,-0.32,0.197,-0.238,0.032
ADUS,-0.304,-0.209,0.414,0.061,0.0,0.184,0.479,0.365,0.582,0.543,-0.606,0.612,-0.487,0.462,-0.387,0.362,-0.476,-0.448,0.472,0.615,0.145,0.096,-0.264,0.376,-0.508,-0.466,0.393,0.337,-0.439,0.445,0.68,0.278,-0.434,-0.113,0.255,0.361,0.421,0.416,0.298,0.021,0.31,-0.381,0.643,0.133,0.437,-0.33,0.406,0.43,0.496,-0.526,-0.253,0.557,0.539,0.357,0.293,0.431,0.521,0.398,0.701,0.462,0.244,0.023,0.632,-0.32,0.498,0.378,-0.429,0.5,-0.51,0.501,0.292,0.382,0.107,-0.196,0.525,0.453,0.335,0.602,-0.306,0.058,0.438,0.428,0.481,0.358,-0.063,-0.542,0.247,0.415,-0.414,0.447,0.044,0.305,0.522,0.669,0.432,-0.195,0.47,-0.225,0.297,-0.352,0.37,0.178,0.072,-0.44,-0.003,0.534,0.254,-0.152,0.076,0.675,0.69,-0.296,0.354,0.415,0.375,-0.415,0.181,0.414,0.12,0.492,0.605,0.009,-0.176,0.505,0.177,0.338,0.525,0.009,0.6,0.505,0.598,0.64,0.296,-0.179,0.06,0.287,0.523,0.418,0.138,0.481,0.544,0.565,0.057,0.405,0.645,0.155,0.39,0.275,0.193,0.729,0.347,0.422,-0.157,-0.144,0.492,0.226,-0.503,0.003,-0.047,0.611,-0.402,-0.097,-0.151,-0.114,0.448,0.468,0.359,0.365,-0.367,-0.284,0.219,0.465,0.295,0.755,0.323,0.337,0.073,0.447,-0.033,0.394,0.464,0.512,0.491,0.194,0.324,-0.795,0.591,-0.326,-0.096,0.233,0.05,0.498,0.59,0.431,-0.331,-0.315,0.546,-0.214,0.449,0.312
ADVM,0.49,0.346,-0.262,0.213,0.184,0.0,-0.497,-0.704,-0.353,-0.28,0.282,-0.336,0.453,-0.543,-0.5,-0.446,-0.369,0.495,-0.43,-0.052,0.46,-0.401,-0.322,-0.293,-0.075,-0.452,-0.604,-0.406,0.034,0.733,-0.157,-0.685,0.682,0.06,-0.033,-0.54,-0.389,-0.44,-0.396,-0.841,-0.145,0.675,-0.263,0.468,-0.643,0.4,-0.566,-0.254,-0.468,0.472,-0.55,-0.271,0.289,-0.698,0.883,-0.605,-0.487,-0.364,-0.098,0.714,-0.633,-0.692,-0.271,-0.468,0.081,-0.281,0.49,-0.577,0.565,-0.49,-0.738,-0.687,-0.17,-0.214,0.38,-0.576,-0.662,0.184,0.581,-0.807,-0.414,-0.602,-0.562,-0.692,-0.464,0.452,-0.791,-0.577,-0.478,-0.593,0.939,0.071,-0.346,-0.179,-0.495,0.301,-0.573,-0.138,-0.775,0.092,-0.193,0.423,-0.638,0.542,-0.263,-0.511,-0.27,-0.714,-0.676,-0.397,-0.102,0.512,-0.635,0.094,0.024,0.483,-0.715,0.073,-0.128,-0.41,-0.272,-0.713,-0.341,-0.518,0.753,-0.526,-0.511,0.706,-0.105,-0.476,-0.163,-0.414,-0.318,0.774,0.855,-0.053,-0.283,-0.078,-0.842,-0.231,0.051,-0.503,-0.635,-0.593,0.198,-0.362,-0.514,0.175,-0.512,-0.282,-0.737,-0.565,-0.192,0.511,-0.22,-0.4,0.473,-0.696,0.222,-0.292,-0.248,-0.197,0.324,-0.157,0.86,-0.646,-0.522,-0.243,0.749,-0.064,-0.611,-0.551,-0.636,-0.208,-0.428,-0.308,-0.507,-0.604,0.457,-0.122,0.266,-0.402,-0.641,-0.716,-0.47,0.122,-0.392,-0.283,0.149,0.906,-0.39,-0.497,0.324,-0.534,0.65,0.586,-0.479,0.729,-0.491,-0.305
AEIS,-0.701,-0.56,0.832,-0.074,0.479,-0.497,0.0,0.863,0.857,0.674,-0.498,0.745,-0.798,0.934,0.154,0.909,0.106,-0.694,0.958,0.794,-0.022,0.535,-0.107,0.514,-0.491,0.025,0.876,0.703,-0.198,0.038,0.805,0.656,-0.838,0.082,0.239,0.854,0.649,0.589,0.26,0.613,0.602,-0.91,0.91,-0.209,0.945,-0.751,0.894,0.527,0.942,-0.935,0.187,0.681,0.447,0.644,-0.453,0.934,0.929,0.557,0.732,0.037,0.803,0.701,0.829,0.072,0.513,0.6,-0.931,0.845,-0.86,0.937,0.868,0.912,0.087,-0.06,-0.087,0.838,0.743,0.508,-0.717,0.711,0.59,0.89,0.878,0.882,0.127,-0.852,0.827,0.687,-0.027,0.809,-0.557,0.512,0.702,0.631,0.624,-0.309,0.773,-0.372,0.816,-0.227,0.687,0.115,0.674,-0.902,0.336,0.913,0.354,0.288,0.793,0.792,0.854,-0.804,0.828,0.255,0.483,-0.651,0.842,0.336,-0.021,0.866,0.886,0.39,0.274,0.919,-0.246,0.885,0.866,-0.563,0.764,0.835,0.721,0.826,0.156,-0.653,-0.704,0.359,0.729,0.59,0.805,0.823,0.62,0.825,0.36,0.851,0.411,0.709,0.814,0.424,0.704,0.801,0.89,0.677,-0.22,-0.222,0.855,0.814,-0.916,0.514,-0.186,0.723,-0.266,-0.086,-0.532,0.13,-0.253,0.946,0.573,0.422,-0.731,-0.446,0.794,0.765,0.683,0.718,0.526,0.571,0.411,0.908,-0.11,0.79,0.184,0.706,0.877,0.727,0.647,-0.634,0.894,-0.174,-0.231,-0.513,0.485,0.767,0.276,0.785,-0.795,-0.8,0.748,-0.879,0.852,0.784
AGNCM,-0.678,-0.574,0.614,-0.152,0.365,-0.704,0.863,0.0,0.738,0.623,-0.512,0.692,-0.78,0.891,0.251,0.786,0.122,-0.673,0.807,0.531,-0.259,0.489,0.133,0.448,-0.287,0.214,0.894,0.588,-0.171,-0.235,0.665,0.776,-0.901,-0.009,0.092,0.787,0.613,0.596,0.331,0.779,0.46,-0.906,0.719,-0.282,0.91,-0.688,0.866,0.434,0.829,-0.826,0.365,0.679,0.171,0.79,-0.669,0.9,0.813,0.515,0.578,-0.249,0.829,0.739,0.724,0.173,0.387,0.463,-0.827,0.812,-0.878,0.842,0.923,0.896,0.11,0.152,-0.139,0.868,0.773,0.277,-0.795,0.829,0.574,0.821,0.821,0.911,0.253,-0.831,0.909,0.769,0.213,0.845,-0.745,0.288,0.601,0.56,0.576,-0.268,0.787,-0.203,0.882,-0.279,0.566,-0.1,0.619,-0.857,0.37,0.869,0.354,0.413,0.768,0.787,0.634,-0.731,0.816,0.113,0.252,-0.685,0.892,0.182,0.054,0.758,0.689,0.667,0.339,0.887,-0.54,0.851,0.819,-0.683,0.611,0.758,0.548,0.781,0.281,-0.689,-0.787,0.328,0.614,0.475,0.901,0.687,0.46,0.795,0.487,0.866,0.21,0.572,0.801,0.097,0.672,0.723,0.923,0.729,-0.044,-0.354,0.692,0.7,-0.816,0.635,-0.187,0.664,-0.111,-0.012,-0.478,0.139,-0.446,0.905,0.618,0.396,-0.831,-0.266,0.8,0.79,0.756,0.637,0.564,0.576,0.414,0.878,-0.225,0.532,0.05,0.696,0.859,0.794,0.637,-0.594,0.811,-0.054,-0.301,-0.707,0.53,0.784,0.076,0.713,-0.877,-0.871,0.742,-0.897,0.843,0.615
AHCO,-0.536,-0.664,0.69,-0.273,0.582,-0.353,0.857,0.738,0.0,0.837,-0.653,0.835,-0.737,0.893,-0.07,0.84,-0.065,-0.597,0.839,0.86,0.009,0.448,-0.268,0.634,-0.425,-0.263,0.716,0.781,-0.431,0.037,0.749,0.688,-0.806,-0.001,0.446,0.685,0.768,0.714,0.488,0.435,0.401,-0.72,0.91,-0.182,0.857,-0.578,0.887,0.613,0.875,-0.891,-0.075,0.729,0.414,0.642,-0.199,0.887,0.855,0.653,0.638,0.065,0.66,0.517,0.786,-0.019,0.448,0.592,-0.876,0.876,-0.832,0.908,0.745,0.823,0.237,-0.194,0.135,0.874,0.747,0.602,-0.578,0.512,0.696,0.815,0.808,0.823,0.248,-0.792,0.726,0.68,-0.146,0.768,-0.399,0.377,0.808,0.799,0.714,-0.297,0.798,-0.287,0.764,-0.291,0.519,0.044,0.676,-0.85,0.116,0.872,0.509,0.264,0.546,0.794,0.858,-0.743,0.796,0.185,0.43,-0.718,0.612,0.468,0.161,0.943,0.814,0.206,-0.022,0.855,-0.163,0.833,0.896,-0.519,0.649,0.867,0.894,0.797,0.267,-0.556,-0.481,0.147,0.867,0.448,0.634,0.702,0.637,0.884,0.398,0.869,0.523,0.499,0.688,0.355,0.617,0.871,0.754,0.708,-0.435,-0.346,0.773,0.746,-0.815,0.475,-0.236,0.833,-0.267,0.115,-0.388,-0.128,-0.119,0.869,0.696,0.473,-0.728,-0.3,0.666,0.842,0.744,0.836,0.638,0.291,0.428,0.837,-0.27,0.669,0.236,0.831,0.855,0.672,0.447,-0.786,0.771,-0.136,-0.247,-0.277,0.103,0.812,0.439,0.617,-0.796,-0.687,0.838,-0.674,0.766,0.669
ALGT,-0.269,-0.73,0.376,-0.561,0.543,-0.28,0.674,0.623,0.837,0.0,-0.481,0.835,-0.496,0.792,0.08,0.685,0.111,-0.273,0.63,0.677,0.082,0.61,-0.375,0.762,-0.096,-0.083,0.494,0.853,-0.217,0.077,0.457,0.675,-0.706,0.217,0.369,0.443,0.858,0.831,0.576,0.409,0.032,-0.531,0.738,-0.333,0.737,-0.294,0.81,0.732,0.767,-0.733,0.137,0.796,0.265,0.571,-0.105,0.783,0.752,0.77,0.451,-0.028,0.64,0.58,0.508,0.216,0.159,0.497,-0.747,0.854,-0.776,0.809,0.662,0.738,0.537,-0.037,0.065,0.814,0.792,0.284,-0.449,0.534,0.826,0.69,0.697,0.758,0.45,-0.571,0.688,0.564,0.019,0.766,-0.348,0.12,0.863,0.791,0.777,-0.265,0.808,0.039,0.713,-0.085,0.192,-0.168,0.612,-0.782,-0.064,0.774,0.77,0.324,0.432,0.602,0.672,-0.718,0.781,-0.03,0.067,-0.709,0.527,0.559,0.393,0.868,0.579,0.097,0.015,0.73,-0.332,0.668,0.88,-0.598,0.329,0.849,0.859,0.654,0.072,-0.457,-0.357,-0.223,0.877,0.153,0.494,0.441,0.604,0.846,0.631,0.83,0.207,0.254,0.378,0.164,0.468,0.737,0.684,0.695,-0.524,-0.391,0.613,0.711,-0.566,0.649,-0.382,0.763,0.064,0.339,-0.145,0.024,-0.172,0.686,0.801,0.397,-0.678,0.079,0.613,0.848,0.797,0.702,0.592,0.09,0.444,0.733,-0.433,0.367,-0.06,0.929,0.717,0.722,0.131,-0.713,0.575,0.083,-0.054,-0.154,-0.063,0.848,0.272,0.612,-0.706,-0.63,0.836,-0.569,0.678,0.43
ALLO,0.449,0.235,-0.494,-0.053,-0.606,0.282,-0.498,-0.512,-0.653,-0.481,0.0,-0.52,0.713,-0.522,0.476,-0.4,0.495,0.755,-0.544,-0.542,0.266,0.14,0.015,-0.223,0.549,0.421,-0.562,-0.299,0.685,0.157,-0.663,-0.489,0.644,0.565,-0.277,-0.476,-0.357,-0.358,-0.414,-0.235,-0.401,0.551,-0.623,-0.128,-0.549,0.549,-0.472,-0.254,-0.478,0.64,0.325,-0.365,-0.401,-0.535,0.052,-0.552,-0.528,-0.276,-0.56,-0.116,-0.257,-0.099,-0.709,0.345,-0.496,-0.418,0.491,-0.555,0.592,-0.476,-0.447,-0.501,0.032,0.396,-0.367,-0.579,-0.417,-0.523,0.542,-0.21,-0.361,-0.569,-0.6,-0.48,0.027,0.714,-0.432,-0.596,0.348,-0.483,0.318,-0.2,-0.463,-0.582,-0.527,0.238,-0.483,0.261,-0.469,0.59,-0.476,-0.024,-0.27,0.502,-0.02,-0.593,-0.082,-0.101,-0.204,-0.741,-0.599,0.269,-0.443,-0.429,-0.44,0.563,-0.292,-0.221,-0.061,-0.485,-0.572,-0.28,0.244,-0.553,0.021,-0.465,-0.506,0.13,-0.579,-0.484,-0.456,-0.7,-0.594,0.564,0.215,-0.369,-0.44,-0.493,-0.429,-0.484,-0.211,-0.575,-0.204,-0.492,-0.684,-0.242,-0.554,-0.165,-0.294,-0.707,-0.472,-0.526,-0.051,0.289,-0.425,-0.167,0.67,-0.086,-0.061,-0.592,0.5,0.141,0.365,0.316,-0.089,-0.637,-0.373,-0.57,0.542,0.34,-0.273,-0.532,-0.373,-0.741,-0.494,-0.358,-0.219,-0.536,0.245,-0.373,-0.458,-0.479,-0.65,-0.255,-0.506,0.685,-0.527,0.28,0.258,0.165,-0.022,-0.517,-0.519,-0.454,0.515,0.361,-0.574,0.351,-0.474,-0.423
AMSF,-0.429,-0.651,0.427,-0.358,0.612,-0.336,0.745,0.692,0.835,0.835,-0.52,0.0,-0.57,0.82,0.07,0.655,-0.032,-0.443,0.648,0.648,0.08,0.548,-0.217,0.742,-0.182,-0.091,0.607,0.747,-0.34,0.028,0.6,0.723,-0.779,0.06,0.401,0.524,0.876,0.836,0.608,0.465,0.159,-0.632,0.766,-0.378,0.796,-0.323,0.822,0.753,0.774,-0.755,0.146,0.852,0.212,0.736,-0.219,0.802,0.755,0.798,0.557,-0.023,0.687,0.57,0.633,0.129,0.25,0.443,-0.734,0.865,-0.803,0.85,0.724,0.74,0.481,0.065,0.262,0.836,0.819,0.41,-0.612,0.569,0.839,0.704,0.678,0.818,0.439,-0.656,0.74,0.632,0.039,0.833,-0.43,0.087,0.857,0.836,0.775,-0.351,0.877,-0.096,0.8,-0.184,0.283,-0.247,0.666,-0.785,0.015,0.782,0.631,0.367,0.486,0.75,0.7,-0.748,0.806,0.02,0.144,-0.752,0.594,0.448,0.43,0.869,0.679,0.3,-0.055,0.748,-0.389,0.694,0.89,-0.619,0.478,0.897,0.853,0.75,0.199,-0.45,-0.427,0.011,0.873,0.175,0.578,0.504,0.672,0.913,0.521,0.854,0.25,0.318,0.52,0.088,0.613,0.833,0.723,0.722,-0.316,-0.483,0.6,0.635,-0.662,0.569,-0.327,0.826,0.017,0.305,-0.23,0.112,-0.182,0.756,0.838,0.334,-0.78,-0.002,0.582,0.879,0.825,0.809,0.517,0.231,0.478,0.832,-0.41,0.411,0.065,0.838,0.787,0.74,0.347,-0.799,0.691,-0.02,-0.172,-0.25,0.129,0.889,0.174,0.609,-0.775,-0.693,0.897,-0.642,0.775,0.42
ANAB,0.696,0.437,-0.779,-0.127,-0.487,0.453,-0.798,-0.78,-0.737,-0.496,0.713,-0.57,0.0,-0.796,0.246,-0.729,0.31,0.865,-0.806,-0.697,0.342,-0.089,-0.053,-0.173,0.637,0.191,-0.844,-0.381,0.487,0.136,-0.826,-0.686,0.829,0.377,-0.212,-0.817,-0.377,-0.336,-0.187,-0.449,-0.705,0.834,-0.795,-0.094,-0.791,0.849,-0.735,-0.194,-0.734,0.838,0.067,-0.49,-0.489,-0.579,0.429,-0.766,-0.746,-0.239,-0.682,-0.068,-0.557,-0.427,-0.898,0.221,-0.674,-0.343,0.77,-0.67,0.799,-0.709,-0.715,-0.729,0.213,0.154,-0.077,-0.763,-0.513,-0.541,0.783,-0.486,-0.322,-0.762,-0.78,-0.722,0.042,0.911,-0.694,-0.769,0.224,-0.624,0.493,-0.476,-0.44,-0.526,-0.415,0.078,-0.571,0.502,-0.628,0.651,-0.768,-0.206,-0.377,0.735,-0.386,-0.771,0.007,-0.087,-0.563,-0.843,-0.746,0.534,-0.634,-0.296,-0.551,0.593,-0.708,-0.169,0.213,-0.697,-0.76,-0.537,-0.103,-0.793,0.183,-0.776,-0.639,0.342,-0.804,-0.606,-0.513,-0.852,-0.439,0.571,0.523,-0.555,-0.511,-0.685,-0.706,-0.797,-0.453,-0.658,-0.173,-0.711,-0.585,-0.579,-0.819,-0.239,-0.518,-0.698,-0.701,-0.627,0.019,0.073,-0.789,-0.517,0.907,-0.224,-0.161,-0.65,0.554,0.228,0.597,0.194,0.076,-0.855,-0.372,-0.585,0.59,0.58,-0.537,-0.638,-0.47,-0.758,-0.51,-0.545,-0.296,-0.761,0.093,-0.697,-0.444,-0.539,-0.719,-0.513,-0.642,0.652,-0.759,0.422,0.404,0.473,-0.416,-0.611,-0.349,-0.609,0.746,0.682,-0.605,0.735,-0.711,-0.712
ANDE,-0.666,-0.751,0.708,-0.295,0.462,-0.543,0.934,0.891,0.893,0.792,-0.522,0.82,-0.796,0.0,0.159,0.93,0.107,-0.606,0.894,0.764,-0.078,0.586,-0.091,0.555,-0.355,0.071,0.862,0.759,-0.215,-0.053,0.732,0.787,-0.927,0.04,0.199,0.781,0.74,0.686,0.344,0.63,0.447,-0.878,0.874,-0.308,0.96,-0.689,0.965,0.543,0.945,-0.93,0.261,0.798,0.324,0.698,-0.491,0.971,0.913,0.611,0.645,-0.12,0.865,0.77,0.796,0.136,0.471,0.499,-0.955,0.89,-0.946,0.945,0.929,0.931,0.188,0.038,-0.117,0.943,0.817,0.394,-0.77,0.774,0.672,0.89,0.869,0.954,0.255,-0.855,0.908,0.736,0.092,0.894,-0.609,0.384,0.736,0.684,0.66,-0.242,0.824,-0.324,0.878,-0.284,0.571,0.003,0.717,-0.956,0.288,0.933,0.471,0.321,0.777,0.793,0.792,-0.826,0.886,0.039,0.276,-0.718,0.87,0.314,0.09,0.935,0.808,0.451,0.279,0.954,-0.43,0.936,0.914,-0.698,0.672,0.873,0.767,0.834,0.152,-0.605,-0.707,0.223,0.827,0.47,0.834,0.77,0.63,0.873,0.463,0.962,0.293,0.626,0.762,0.191,0.737,0.803,0.91,0.729,-0.333,-0.267,0.851,0.861,-0.879,0.627,-0.216,0.779,-0.154,0.032,-0.451,0.089,-0.34,0.932,0.686,0.441,-0.798,-0.316,0.837,0.864,0.793,0.73,0.588,0.419,0.427,0.938,-0.216,0.676,0.105,0.809,0.864,0.812,0.493,-0.682,0.846,-0.12,-0.256,-0.533,0.394,0.869,0.205,0.75,-0.914,-0.882,0.809,-0.892,0.908,0.692
APLS,-0.04,-0.142,-0.096,-0.326,-0.387,-0.5,0.154,0.251,-0.07,0.08,0.476,0.07,0.246,0.159,0.0,0.177,0.838,0.235,0.078,-0.243,0.108,0.731,0.197,0.338,0.491,0.707,0.118,0.302,0.636,-0.201,-0.261,0.143,-0.093,0.631,-0.163,0.069,0.256,0.279,0.088,0.609,-0.225,-0.192,-0.095,-0.551,0.23,0.123,0.18,0.25,0.22,0.015,0.736,0.193,-0.464,0.255,-0.551,0.231,0.174,0.323,-0.114,-0.56,0.493,0.65,-0.287,0.728,-0.417,0.17,-0.138,0.184,-0.094,0.197,0.366,0.315,0.357,0.547,-0.576,0.128,0.36,-0.519,-0.055,0.584,0.274,0.165,0.107,0.319,0.429,0.166,0.361,0.011,0.757,0.307,-0.492,-0.153,0.129,-0.084,0.192,-0.238,0.262,0.346,0.391,0.626,-0.199,-0.358,0.432,-0.212,0.157,0.138,0.445,0.581,0.474,-0.16,-0.183,-0.344,0.282,-0.35,-0.384,-0.11,0.422,-0.111,0.259,0.078,-0.122,0.241,0.491,0.126,-0.581,0.134,0.226,-0.545,-0.265,0.183,-0.05,-0.104,-0.297,-0.208,-0.514,-0.277,0.09,-0.309,0.4,-0.077,0.001,0.132,0.477,0.206,-0.645,0.153,0.003,-0.137,0.275,-0.098,0.379,0.162,0.052,-0.353,-0.066,0.357,0.101,0.653,-0.405,-0.06,0.686,0.294,0.108,0.561,-0.725,0.127,0.292,-0.306,-0.34,0.335,0.441,0.189,0.389,-0.303,0.043,0.086,0.289,0.223,-0.169,-0.118,-0.631,0.159,0.207,0.502,0.013,0.247,0.078,0.61,0.141,-0.518,0.333,0.204,-0.566,0.252,-0.185,-0.299,0.1,-0.377,0.207,-0.042
APPF,-0.633,-0.686,0.83,-0.253,0.362,-0.446,0.909,0.786,0.84,0.685,-0.4,0.655,-0.729,0.93,0.177,0.0,0.2,-0.554,0.934,0.826,0.048,0.557,-0.137,0.44,-0.463,0.045,0.804,0.699,-0.077,0.069,0.725,0.586,-0.785,0.132,0.108,0.774,0.581,0.5,0.115,0.556,0.573,-0.841,0.864,-0.236,0.892,-0.755,0.876,0.398,0.932,-0.883,0.174,0.638,0.426,0.5,-0.425,0.919,0.892,0.462,0.661,-0.007,0.819,0.697,0.754,0.057,0.53,0.559,-0.951,0.759,-0.818,0.887,0.85,0.875,0.004,-0.067,-0.282,0.812,0.657,0.433,-0.622,0.686,0.498,0.862,0.847,0.844,0.059,-0.787,0.783,0.59,0.064,0.763,-0.503,0.585,0.599,0.537,0.492,-0.226,0.648,-0.431,0.738,-0.177,0.671,0.258,0.65,-0.907,0.383,0.853,0.358,0.188,0.809,0.671,0.811,-0.767,0.77,0.056,0.405,-0.538,0.807,0.277,-0.135,0.859,0.811,0.27,0.366,0.912,-0.228,0.942,0.8,-0.578,0.706,0.745,0.687,0.717,0.015,-0.525,-0.683,0.249,0.711,0.581,0.756,0.834,0.599,0.718,0.285,0.861,0.341,0.744,0.769,0.377,0.729,0.679,0.847,0.547,-0.419,-0.091,0.887,0.894,-0.849,0.504,-0.187,0.638,-0.26,-0.132,-0.443,0.082,-0.261,0.864,0.478,0.426,-0.63,-0.487,0.848,0.698,0.631,0.568,0.486,0.445,0.341,0.831,0.005,0.82,0.131,0.669,0.771,0.679,0.493,-0.492,0.79,-0.128,-0.239,-0.48,0.456,0.701,0.275,0.708,-0.801,-0.789,0.617,-0.836,0.821,0.773
ASML,0.067,-0.136,-0.041,-0.46,-0.476,-0.369,0.106,0.122,-0.065,0.111,0.495,-0.032,0.31,0.107,0.838,0.2,0.0,0.381,0.103,-0.137,0.136,0.65,0.1,0.241,0.514,0.606,-0.038,0.326,0.707,-0.135,-0.353,0.037,0.017,0.69,-0.146,0.03,0.177,0.209,-0.015,0.466,-0.186,-0.064,-0.077,-0.514,0.146,0.087,0.14,0.158,0.199,0.048,0.651,0.039,-0.245,0.041,-0.383,0.19,0.169,0.209,-0.193,-0.466,0.311,0.557,-0.344,0.755,-0.421,0.283,-0.142,0.122,-0.024,0.152,0.25,0.253,0.303,0.337,-0.681,0.055,0.272,-0.488,0.101,0.481,0.171,0.158,0.111,0.195,0.291,0.243,0.267,-0.037,0.639,0.186,-0.354,-0.076,0.102,-0.208,0.17,-0.08,0.109,0.317,0.26,0.613,-0.194,-0.161,0.368,-0.155,0.095,0.078,0.429,0.456,0.428,-0.345,-0.175,-0.305,0.294,-0.369,-0.325,-0.008,0.315,-0.09,0.102,0.053,-0.117,0.015,0.476,0.066,-0.377,0.093,0.139,-0.37,-0.344,0.088,-0.025,-0.176,-0.486,-0.15,-0.427,-0.42,0.031,-0.231,0.281,-0.063,-0.034,0.005,0.365,0.154,-0.583,0.184,-0.17,0.052,0.259,-0.179,0.281,-0.032,-0.145,-0.137,0.004,0.417,0.154,0.62,-0.391,-0.214,0.551,0.175,0.247,0.41,-0.632,0.069,0.176,-0.168,-0.157,0.284,0.444,0.051,0.262,-0.397,0.119,-0.027,0.214,0.128,-0.15,-0.033,-0.624,0.111,0.088,0.343,-0.128,0.388,-0.022,0.499,0.193,-0.373,0.217,0.1,-0.448,0.156,-0.084,-0.158,0.013,-0.302,0.11,0.055
ATRC,0.681,0.165,-0.731,-0.35,-0.448,0.495,-0.694,-0.673,-0.597,-0.273,0.755,-0.443,0.865,-0.606,0.235,-0.554,0.381,0.0,-0.703,-0.545,0.338,0.061,-0.122,-0.125,0.735,0.24,-0.795,-0.222,0.558,0.237,-0.782,-0.533,0.703,0.521,-0.213,-0.76,-0.242,-0.222,-0.222,-0.438,-0.697,0.794,-0.654,-0.148,-0.676,0.764,-0.541,-0.158,-0.579,0.714,0.157,-0.295,-0.345,-0.569,0.413,-0.629,-0.621,-0.179,-0.629,-0.045,-0.45,-0.271,-0.816,0.314,-0.594,-0.392,0.603,-0.556,0.614,-0.566,-0.598,-0.626,0.279,0.23,-0.171,-0.586,-0.414,-0.545,0.684,-0.377,-0.237,-0.681,-0.698,-0.589,0.059,0.818,-0.565,-0.664,0.243,-0.496,0.503,-0.44,-0.336,-0.455,-0.365,0.239,-0.495,0.394,-0.558,0.553,-0.733,-0.135,-0.33,0.572,-0.366,-0.644,0.152,-0.172,-0.474,-0.813,-0.63,0.362,-0.474,-0.496,-0.67,0.473,-0.553,-0.141,0.193,-0.499,-0.703,-0.524,-0.015,-0.647,0.091,-0.612,-0.509,0.222,-0.763,-0.49,-0.351,-0.735,-0.6,0.651,0.508,-0.655,-0.342,-0.648,-0.643,-0.664,-0.266,-0.564,-0.141,-0.516,-0.635,-0.52,-0.843,-0.225,-0.42,-0.611,-0.635,-0.583,-0.242,0.221,-0.538,-0.262,0.835,-0.063,-0.18,-0.557,0.524,0.256,0.645,0.171,0.077,-0.776,-0.271,-0.511,0.578,0.574,-0.388,-0.521,-0.36,-0.68,-0.39,-0.606,-0.321,-0.629,0.063,-0.597,-0.487,-0.358,-0.716,-0.392,-0.764,0.546,-0.674,0.275,0.41,0.484,-0.417,-0.457,-0.355,-0.597,0.568,0.494,-0.501,0.598,-0.545,-0.602
AVGO,-0.697,-0.511,0.905,-0.047,0.472,-0.43,0.958,0.807,0.839,0.63,-0.544,0.648,-0.806,0.894,0.078,0.934,0.103,-0.703,0.0,0.843,-0.034,0.432,-0.05,0.4,-0.572,-0.061,0.86,0.633,-0.178,0.076,0.828,0.561,-0.782,0.035,0.177,0.865,0.527,0.464,0.155,0.547,0.703,-0.888,0.92,-0.09,0.897,-0.833,0.83,0.39,0.932,-0.916,0.088,0.584,0.558,0.535,-0.376,0.915,0.922,0.423,0.767,0.121,0.724,0.629,0.852,-0.022,0.617,0.687,-0.925,0.769,-0.805,0.871,0.813,0.877,-0.059,-0.162,-0.142,0.789,0.636,0.556,-0.66,0.635,0.462,0.894,0.893,0.807,-0.028,-0.855,0.751,0.668,-0.077,0.733,-0.492,0.622,0.604,0.57,0.552,-0.238,0.65,-0.441,0.725,-0.27,0.779,0.3,0.586,-0.865,0.39,0.894,0.26,0.187,0.77,0.75,0.881,-0.705,0.765,0.314,0.571,-0.571,0.787,0.302,-0.175,0.804,0.89,0.318,0.316,0.908,-0.101,0.872,0.786,-0.433,0.808,0.734,0.661,0.809,0.154,-0.623,-0.648,0.416,0.651,0.721,0.768,0.892,0.558,0.73,0.246,0.789,0.52,0.761,0.815,0.515,0.679,0.767,0.85,0.591,-0.226,-0.095,0.883,0.789,-0.918,0.431,-0.1,0.642,-0.406,-0.233,-0.477,0.022,-0.167,0.925,0.436,0.501,-0.632,-0.58,0.791,0.676,0.575,0.669,0.534,0.607,0.331,0.844,0.006,0.862,0.272,0.629,0.844,0.606,0.642,-0.569,0.875,-0.208,-0.246,-0.46,0.493,0.68,0.402,0.748,-0.733,-0.732,0.643,-0.828,0.804,0.835
AVT,-0.461,-0.5,0.811,-0.092,0.615,-0.052,0.794,0.531,0.86,0.677,-0.542,0.648,-0.697,0.764,-0.243,0.826,-0.137,-0.545,0.843,0.0,0.171,0.283,-0.374,0.441,-0.628,-0.378,0.602,0.632,-0.391,0.308,0.784,0.411,-0.603,-0.046,0.412,0.66,0.534,0.462,0.165,0.168,0.562,-0.608,0.897,0.039,0.697,-0.64,0.699,0.442,0.797,-0.809,-0.235,0.549,0.69,0.318,0.041,0.723,0.8,0.433,0.707,0.371,0.488,0.351,0.79,-0.242,0.592,0.534,-0.81,0.688,-0.668,0.78,0.54,0.666,-0.013,-0.378,0.132,0.673,0.5,0.722,-0.439,0.283,0.461,0.724,0.746,0.601,-0.043,-0.702,0.503,0.495,-0.402,0.545,-0.135,0.636,0.639,0.669,0.484,-0.144,0.549,-0.467,0.488,-0.309,0.644,0.395,0.434,-0.722,0.143,0.744,0.269,-0.073,0.453,0.668,0.905,-0.585,0.6,0.312,0.636,-0.476,0.461,0.497,-0.116,0.808,0.852,-0.039,0.009,0.722,0.175,0.733,0.708,-0.221,0.744,0.687,0.806,0.703,0.129,-0.347,-0.29,0.268,0.712,0.606,0.399,0.763,0.68,0.682,0.113,0.671,0.663,0.53,0.613,0.566,0.512,0.709,0.575,0.489,-0.473,-0.02,0.838,0.685,-0.789,0.179,-0.07,0.675,-0.489,-0.128,-0.372,-0.192,0.186,0.737,0.407,0.494,-0.421,-0.536,0.541,0.608,0.443,0.747,0.485,0.29,0.304,0.666,-0.001,0.825,0.411,0.63,0.637,0.42,0.363,-0.637,0.705,-0.327,-0.208,-0.025,0.142,0.601,0.586,0.583,-0.552,-0.516,0.605,-0.538,0.621,0.756
AXDX,0.176,-0.121,-0.017,-0.079,0.145,0.46,-0.022,-0.259,0.009,0.082,0.266,0.08,0.342,-0.078,0.108,0.048,0.136,0.338,-0.034,0.171,0.0,0.311,-0.523,0.277,-0.041,-0.04,-0.219,0.192,0.293,0.616,-0.022,-0.374,0.255,0.443,-0.062,-0.295,0.173,0.096,-0.127,-0.226,-0.186,0.185,0.061,-0.211,-0.088,0.294,-0.082,0.333,0.047,0.042,-0.086,0.144,0.046,-0.227,0.395,-0.078,-0.027,0.257,0.084,0.35,0.092,-0.047,-0.181,-0.118,-0.09,0.055,0.001,-0.058,0.143,0.048,-0.137,-0.117,0.257,-0.09,0.083,-0.206,-0.056,0.071,0.346,-0.151,0.165,-0.165,-0.175,-0.103,-0.072,0.211,-0.247,-0.447,-0.032,0.027,0.391,0.061,0.166,0.104,-0.074,-0.356,-0.001,-0.048,-0.139,0.53,-0.17,0.067,0.047,-0.037,-0.154,-0.106,0.246,-0.156,-0.023,-0.13,0.148,-0.127,-0.128,-0.067,-0.075,0.072,-0.195,0.173,0.171,0.045,0.05,-0.583,-0.047,-0.063,0.265,-0.066,0.047,-0.004,-0.014,0.086,0.186,-0.198,-0.444,0.264,0.248,-0.232,0.155,-0.194,-0.301,-0.058,0.291,-0.013,-0.125,-0.075,-0.072,-0.017,-0.185,0.23,0.017,0.02,-0.139,-0.232,-0.405,-0.016,-0.058,0.147,0.139,-0.1,-0.333,0.033,0.186,0.08,0.036,0.465,0.264,-0.212,-0.012,-0.316,0.114,0.069,-0.078,-0.079,-0.035,-0.1,-0.342,-0.112,-0.09,-0.035,0.258,0.114,-0.131,0.008,-0.117,-0.062,-0.149,0.026,-0.043,0.146,0.281,0.392,-0.098,-0.018,0.059,-0.052,0.198,0.056,-0.06,0.187,0.036,-0.111
AXSM,-0.213,-0.566,0.2,-0.557,0.096,-0.401,0.535,0.489,0.448,0.61,0.14,0.548,-0.089,0.586,0.731,0.557,0.65,0.061,0.432,0.283,0.311,0.0,-0.235,0.704,0.245,0.451,0.341,0.758,0.375,0.093,0.108,0.458,-0.448,0.656,0.113,0.268,0.714,0.696,0.327,0.624,-0.121,-0.427,0.415,-0.646,0.599,-0.063,0.611,0.658,0.643,-0.439,0.571,0.659,-0.096,0.481,-0.399,0.607,0.574,0.718,0.233,-0.35,0.746,0.798,0.089,0.621,-0.184,0.346,-0.544,0.62,-0.535,0.643,0.628,0.642,0.616,0.412,-0.329,0.523,0.705,-0.182,-0.264,0.704,0.696,0.516,0.456,0.668,0.499,-0.2,0.615,0.245,0.476,0.675,-0.446,-0.015,0.626,0.399,0.549,-0.365,0.655,0.129,0.673,0.428,-0.039,-0.297,0.687,-0.626,0.008,0.525,0.766,0.54,0.604,0.221,0.341,-0.746,0.67,-0.318,-0.226,-0.501,0.622,0.275,0.435,0.596,0.328,0.112,0.333,0.509,-0.558,0.496,0.698,-0.717,0.044,0.653,0.527,0.297,-0.319,-0.363,-0.555,-0.352,0.613,-0.164,0.516,0.231,0.475,0.583,0.621,0.629,-0.342,0.293,0.184,0.076,0.48,0.394,0.634,0.453,-0.364,-0.423,0.374,0.747,-0.254,0.785,-0.553,0.413,0.498,0.37,-0.073,0.517,-0.564,0.464,0.657,-0.022,-0.598,0.248,0.655,0.597,0.713,0.198,0.298,0.084,0.443,0.615,-0.317,0.22,-0.51,0.648,0.516,0.78,0.085,-0.26,0.404,0.361,0.134,-0.391,0.199,0.637,-0.258,0.522,-0.541,-0.605,0.548,-0.61,0.579,0.219
AZN,-0.215,0.234,-0.055,0.286,-0.264,-0.322,-0.107,0.133,-0.268,-0.375,0.015,-0.217,-0.053,-0.091,0.197,-0.137,0.1,-0.122,-0.05,-0.374,-0.523,-0.235,0.0,-0.393,0.167,0.184,0.156,-0.439,0.09,-0.494,-0.007,0.047,-0.02,-0.176,-0.343,0.143,-0.357,-0.299,-0.085,0.161,0.215,-0.083,-0.24,0.153,-0.053,-0.162,-0.141,-0.439,-0.159,0.15,0.303,-0.182,-0.245,0.086,-0.376,-0.039,-0.157,-0.393,-0.106,-0.323,-0.066,0.03,0.061,0.054,0.136,0.102,0.131,-0.206,0.117,-0.209,0.045,-0.076,-0.377,0.261,-0.198,-0.015,-0.134,-0.101,-0.228,0.132,-0.347,-0.007,-0.006,-0.026,-0.104,-0.026,0.092,0.273,0.433,-0.093,-0.325,-0.049,-0.421,-0.334,-0.169,0.297,-0.182,0.028,0.013,-0.236,0.175,0.023,-0.133,0.181,0.455,-0.061,-0.305,0.097,0.059,-0.001,-0.298,0.301,-0.06,0.009,-0.077,0.193,0.136,-0.466,-0.216,-0.283,-0.198,0.613,0.344,-0.012,-0.186,-0.038,-0.252,0.017,0.022,-0.324,-0.452,0.005,0.301,0.011,-0.119,0.441,-0.334,0.154,0.255,0.089,-0.422,-0.203,-0.141,-0.101,-0.084,0.071,0.115,-0.285,0.146,-0.141,0.033,0.007,0.502,0.095,-0.118,-0.278,0.013,0.007,0.359,-0.198,-0.07,-0.191,0.226,-0.16,-0.261,0.021,-0.224,0.112,0.001,-0.123,0.077,-0.151,-0.077,-0.166,0.092,0.253,-0.106,-0.067,0.135,-0.153,0.184,-0.314,-0.025,-0.101,0.184,0.236,0.078,0.081,-0.236,-0.388,0.388,-0.135,-0.136,-0.131,-0.023,-0.03,-0.167,-0.089,-0.004,-0.064
BANR,-0.133,-0.493,0.154,-0.455,0.376,-0.293,0.514,0.448,0.634,0.762,-0.223,0.742,-0.173,0.555,0.338,0.44,0.241,-0.125,0.4,0.441,0.277,0.704,-0.393,0.0,0.061,0.048,0.297,0.853,-0.172,0.012,0.209,0.498,-0.468,0.364,0.519,0.268,0.907,0.904,0.689,0.418,-0.243,-0.344,0.501,-0.506,0.563,0.085,0.623,0.951,0.574,-0.508,0.249,0.678,-0.056,0.579,-0.061,0.578,0.572,0.97,0.246,-0.101,0.58,0.553,0.207,0.282,-0.24,0.446,-0.5,0.779,-0.519,0.679,0.482,0.586,0.771,0.011,0.228,0.584,0.826,0.157,-0.222,0.463,0.943,0.499,0.473,0.621,0.706,-0.256,0.549,0.365,0.092,0.615,-0.378,-0.093,0.907,0.758,0.771,-0.551,0.851,0.302,0.665,0.324,-0.12,-0.461,0.699,-0.57,-0.239,0.55,0.892,0.534,0.319,0.443,0.427,-0.661,0.645,0.03,-0.016,-0.636,0.35,0.67,0.652,0.713,0.393,-0.022,-0.107,0.477,-0.356,0.422,0.808,-0.603,0.05,0.837,0.79,0.38,0.085,-0.471,-0.295,-0.358,0.782,-0.188,0.335,0.138,0.529,0.806,0.726,0.635,-0.025,0.014,0.213,0.116,0.313,0.573,0.543,0.677,-0.41,-0.689,0.272,0.504,-0.326,0.636,-0.629,0.662,0.435,0.632,-0.083,0.248,-0.295,0.509,0.884,0.128,-0.675,0.39,0.406,0.771,0.826,0.554,0.421,-0.009,0.656,0.574,-0.561,0.131,-0.261,0.796,0.644,0.733,0.09,-0.537,0.384,0.371,0.071,-0.072,-0.163,0.712,0.098,0.529,-0.472,-0.479,0.798,-0.424,0.461,0.187
BBIO,0.443,-0.001,-0.777,-0.456,-0.508,-0.075,-0.491,-0.287,-0.425,-0.096,0.549,-0.182,0.637,-0.355,0.491,-0.463,0.514,0.735,-0.572,-0.628,-0.041,0.245,0.167,0.061,0.0,0.457,-0.51,-0.04,0.406,-0.304,-0.749,-0.016,0.313,0.434,-0.056,-0.553,0.033,0.119,0.244,0.026,-0.748,0.509,-0.589,-0.413,-0.363,0.685,-0.253,0.018,-0.412,0.531,0.459,-0.076,-0.644,-0.046,-0.069,-0.344,-0.439,0.06,-0.671,-0.521,-0.184,0.07,-0.695,0.669,-0.722,-0.276,0.437,-0.225,0.303,-0.336,-0.224,-0.299,0.489,0.479,-0.211,-0.238,-0.008,-0.657,0.312,0.043,0.047,-0.412,-0.448,-0.213,0.493,0.593,-0.119,-0.239,0.57,-0.156,-0.022,-0.714,-0.125,-0.264,0.024,0.167,-0.123,0.613,-0.086,0.422,-0.755,-0.578,0.015,0.36,-0.292,-0.388,0.358,0.338,-0.246,-0.556,-0.665,0.149,-0.107,-0.589,-0.772,0.123,-0.213,-0.203,0.48,-0.29,-0.658,0.018,0.027,-0.442,-0.442,-0.404,-0.226,-0.213,-0.795,-0.229,-0.254,-0.451,-0.291,0.274,0.132,-0.647,-0.16,-0.763,-0.194,-0.659,-0.337,-0.23,0.332,-0.199,-0.79,-0.499,-0.643,-0.47,-0.136,-0.408,-0.266,-0.154,-0.014,-0.22,-0.537,-0.169,0.642,0.366,-0.243,-0.326,0.749,0.537,0.553,0.151,-0.41,-0.44,0.136,-0.371,0.089,0.775,-0.156,-0.126,0.053,-0.476,-0.035,-0.528,0.029,-0.285,-0.383,-0.726,-0.619,-0.092,-0.354,0.048,-0.537,0.366,-0.48,0.476,0.267,-0.005,-0.302,-0.099,-0.624,-0.368,0.192,0.202,-0.126,0.248,-0.284,-0.53
BCYC,-0.084,-0.158,-0.211,-0.247,-0.466,-0.452,0.025,0.214,-0.263,-0.083,0.421,-0.091,0.191,0.071,0.707,0.045,0.606,0.24,-0.061,-0.378,-0.04,0.451,0.184,0.048,0.457,0.0,0.095,0.087,0.596,-0.237,-0.326,0.114,-0.099,0.374,-0.454,-0.027,0.044,0.067,-0.157,0.507,-0.248,-0.157,-0.238,-0.556,0.118,0.076,0.092,0.018,0.029,0.081,0.764,0.036,-0.442,0.131,-0.569,0.076,0.009,0.097,-0.25,-0.501,0.411,0.543,-0.308,0.537,-0.387,-0.177,-0.021,0.01,-0.102,0.009,0.304,0.175,0.19,0.471,-0.597,-0.008,0.211,-0.626,-0.194,0.601,0.086,0.044,-0.002,0.207,0.237,0.099,0.283,-0.116,0.631,0.202,-0.47,-0.273,-0.061,-0.305,-0.03,-0.143,0.095,0.214,0.236,0.401,-0.221,-0.358,0.23,-0.129,0.079,-0.026,0.187,0.325,0.446,-0.214,-0.32,-0.254,0.145,-0.409,-0.525,-0.037,0.4,-0.298,0.102,-0.089,-0.218,0.29,0.593,0.033,-0.631,0.062,0.023,-0.486,-0.297,0.028,-0.28,-0.188,-0.424,-0.169,-0.481,-0.233,-0.117,-0.254,0.32,-0.176,-0.159,-0.053,0.32,0.117,-0.756,0.111,-0.043,-0.346,0.169,-0.267,0.244,-0.052,0.09,-0.112,-0.107,0.232,0.121,0.471,-0.343,-0.249,0.592,0.067,-0.044,0.614,-0.638,-0.017,0.092,-0.28,-0.195,0.297,0.296,0.006,0.173,-0.439,-0.2,0.114,0.094,0.097,-0.049,-0.222,-0.669,-0.032,-0.014,0.336,0.011,0.37,-0.051,0.309,0.21,-0.499,0.384,0.053,-0.689,0.199,-0.136,-0.313,-0.089,-0.339,0.157,-0.114
BHFAP,-0.768,-0.505,0.747,0.073,0.393,-0.604,0.876,0.894,0.716,0.494,-0.562,0.607,-0.844,0.862,0.118,0.804,-0.038,-0.795,0.86,0.602,-0.219,0.341,0.156,0.297,-0.51,0.095,0.0,0.482,-0.237,-0.14,0.774,0.68,-0.867,-0.148,0.042,0.864,0.459,0.418,0.213,0.627,0.617,-0.932,0.764,-0.066,0.865,-0.801,0.81,0.313,0.822,-0.847,0.222,0.603,0.293,0.645,-0.596,0.857,0.811,0.36,0.648,-0.079,0.775,0.651,0.83,-0.029,0.596,0.468,-0.848,0.725,-0.82,0.78,0.863,0.856,-0.089,0.033,-0.129,0.804,0.628,0.419,-0.801,0.702,0.419,0.803,0.798,0.843,0.082,-0.894,0.816,0.721,0.056,0.753,-0.63,0.48,0.493,0.522,0.469,-0.19,0.669,-0.368,0.775,-0.381,0.714,0.091,0.543,-0.833,0.485,0.871,0.135,0.287,0.752,0.815,0.709,-0.597,0.713,0.298,0.415,-0.574,0.842,0.169,-0.124,0.71,0.772,0.625,0.38,0.89,-0.345,0.829,0.726,-0.54,0.766,0.671,0.492,0.795,0.348,-0.653,-0.739,0.517,0.564,0.647,0.868,0.785,0.435,0.716,0.314,0.767,0.385,0.678,0.899,0.181,0.62,0.699,0.863,0.669,0.019,-0.177,0.742,0.641,-0.898,0.446,-0.0,0.638,-0.292,-0.176,-0.564,0.077,-0.307,0.894,0.441,0.415,-0.717,-0.496,0.744,0.695,0.59,0.652,0.465,0.628,0.316,0.826,-0.022,0.667,0.248,0.578,0.828,0.666,0.668,-0.568,0.842,-0.143,-0.308,-0.649,0.579,0.67,0.245,0.709,-0.778,-0.794,0.622,-0.849,0.803,0.686
BKR,-0.32,-0.697,0.378,-0.531,0.337,-0.406,0.703,0.588,0.781,0.853,-0.299,0.747,-0.381,0.759,0.302,0.699,0.326,-0.222,0.633,0.632,0.192,0.758,-0.439,0.853,-0.04,0.087,0.482,0.0,-0.136,0.015,0.325,0.63,-0.658,0.332,0.438,0.444,0.883,0.87,0.566,0.507,-0.046,-0.527,0.676,-0.518,0.726,-0.208,0.811,0.835,0.767,-0.702,0.256,0.679,0.154,0.54,-0.207,0.756,0.758,0.863,0.326,-0.121,0.69,0.686,0.364,0.373,-0.042,0.491,-0.751,0.884,-0.706,0.811,0.666,0.783,0.656,-0.033,-0.062,0.718,0.865,0.198,-0.341,0.611,0.876,0.689,0.664,0.752,0.574,-0.455,0.708,0.434,0.043,0.713,-0.437,0.116,0.925,0.715,0.812,-0.439,0.835,0.114,0.755,0.129,0.065,-0.293,0.777,-0.783,-0.17,0.717,0.809,0.514,0.547,0.46,0.592,-0.806,0.818,0.002,0.077,-0.677,0.556,0.626,0.384,0.857,0.591,0.0,0.075,0.665,-0.378,0.631,0.889,-0.658,0.212,0.887,0.852,0.518,-0.046,-0.592,-0.525,-0.312,0.845,0.025,0.528,0.34,0.549,0.827,0.71,0.778,0.046,0.268,0.363,0.235,0.456,0.626,0.705,0.641,-0.545,-0.494,0.538,0.792,-0.54,0.75,-0.607,0.637,0.248,0.44,-0.248,0.194,-0.393,0.684,0.832,0.296,-0.702,0.143,0.648,0.802,0.812,0.573,0.538,0.045,0.609,0.709,-0.516,0.365,-0.252,0.886,0.716,0.819,0.146,-0.549,0.531,0.166,0.14,-0.241,-0.056,0.745,0.129,0.662,-0.632,-0.597,0.79,-0.618,0.589,0.439
BLDP,0.215,0.061,-0.205,-0.256,-0.439,0.034,-0.198,-0.171,-0.431,-0.217,0.685,-0.34,0.487,-0.215,0.636,-0.077,0.707,0.558,-0.178,-0.391,0.293,0.375,0.09,-0.172,0.406,0.596,-0.237,-0.136,0.0,0.203,-0.409,-0.341,0.322,0.678,-0.594,-0.227,-0.219,-0.242,-0.469,0.139,-0.151,0.146,-0.322,-0.281,-0.179,0.158,-0.226,-0.202,-0.096,0.314,0.521,-0.151,-0.183,-0.297,-0.179,-0.155,-0.177,-0.171,-0.16,-0.207,0.092,0.224,-0.479,0.473,-0.26,-0.05,0.179,-0.325,0.23,-0.225,-0.039,-0.138,0.023,0.458,-0.619,-0.316,-0.211,-0.609,0.267,0.193,-0.233,-0.224,-0.267,-0.152,-0.179,0.375,-0.129,-0.406,0.566,-0.063,0.037,-0.047,-0.316,-0.496,-0.297,0.033,-0.304,0.114,-0.169,0.576,-0.19,0.092,-0.106,0.133,0.195,-0.237,0.037,0.002,0.22,-0.531,-0.31,-0.009,-0.146,-0.405,-0.479,0.307,0.089,-0.395,-0.108,-0.343,-0.306,-0.107,0.55,-0.171,-0.128,-0.178,-0.256,-0.03,-0.323,-0.3,-0.414,-0.404,-0.682,0.216,-0.125,-0.298,-0.315,-0.158,-0.026,-0.132,-0.197,-0.411,-0.086,-0.207,-0.595,0.184,-0.326,-0.051,-0.005,-0.383,-0.069,-0.471,-0.003,0.284,-0.151,0.142,0.391,0.192,-0.159,-0.503,0.392,-0.198,0.31,0.55,-0.279,-0.326,-0.297,-0.414,0.244,0.146,0.167,-0.376,-0.194,-0.671,-0.346,0.081,-0.344,-0.181,0.358,-0.105,-0.566,-0.285,-0.304,-0.094,-0.195,0.554,-0.21,0.291,0.268,-0.152,0.309,-0.234,-0.459,-0.14,0.206,0.056,-0.421,0.018,-0.055,-0.198
BLFS,0.162,0.03,0.167,0.053,0.445,0.733,0.038,-0.235,0.037,0.077,0.157,0.028,0.136,-0.053,-0.201,0.069,-0.135,0.237,0.076,0.308,0.616,0.093,-0.494,0.012,-0.304,-0.237,-0.14,0.015,0.203,0.0,0.198,-0.417,0.276,0.31,-0.058,-0.132,-0.037,-0.115,-0.381,-0.398,0.132,0.169,0.219,0.281,-0.129,0.004,-0.115,0.047,0.106,0.005,-0.309,0.144,0.528,-0.382,0.572,-0.099,0.061,-0.021,0.347,0.693,-0.096,-0.208,0.052,-0.281,0.318,0.03,-0.029,-0.142,0.085,0.016,-0.217,-0.141,-0.063,-0.05,0.146,-0.169,-0.27,0.247,0.277,-0.327,-0.083,-0.15,-0.138,-0.208,-0.45,0.06,-0.355,-0.326,-0.38,-0.088,0.649,0.376,0.023,0.091,-0.202,0.053,-0.169,-0.355,-0.324,0.157,0.136,0.518,-0.251,-0.003,-0.076,-0.004,-0.012,-0.529,-0.151,-0.062,0.356,-0.004,-0.183,0.136,0.135,0.166,-0.192,0.211,-0.126,-0.001,0.186,-0.573,-0.041,-0.017,0.559,-0.087,-0.033,0.373,0.257,-0.034,0.184,0.004,-0.447,0.436,0.387,0.029,0.066,0.211,-0.386,0.206,0.445,-0.11,-0.407,-0.156,0.275,0.123,-0.124,0.391,-0.146,0.117,-0.214,-0.292,-0.318,0.445,0.252,0.145,0.056,-0.322,-0.009,0.006,-0.266,-0.322,0.036,0.134,0.664,-0.179,-0.24,-0.169,0.368,-0.275,-0.092,-0.185,-0.281,0.046,-0.241,0.081,-0.359,-0.102,0.475,0.322,0.168,-0.031,-0.183,-0.29,-0.171,-0.157,0.068,-0.299,0.176,0.572,-0.011,-0.09,0.368,-0.072,0.248,0.125,-0.148,0.222,-0.005,0.08
