,ABAT,ACLS,ACMR,ADMA,ADUS,ADVM,AEIS,AGNCM,AHCO,ALGT,ALLO,AMSF,ANAB,ANDE,APLS,APPF,ASML,ATRC,AVGO,AVT,AXDX,AXSM,AZN,BANR,BBIO,BCYC,BHFAP,BKR,BLDP,BLFS,BLKB,BLMN,BNTX,BPMC,CALM,CAMT,CASH,CATY,CCEP,CDLX,CDNS,CENN,CENX,CGC,CHDN,CLBK,COKE,COLB,COO,CORT,CRMT,CRNX,CRTO,CRVL,CSCO,CSQ,CSWI,CVBF,CWST,CYCC,CZR,DLTR,DORM,ENTA,EQIX,ERIC,EVRG,EWBC,EXAS,EXLS,EXPI,EYE,FBNC,FBRX,FCNCA,FELE,FIBK,FLEX,FRGT,FRHC,FRME,FWONA,FWONK,GDEN,GIII,GILD,GLNG,GNTX,GOOGL,GRPN,HCSG,HIMX,HOPE,HST,HTLD,HUT,HWC,ICUI,IESC,INTC,INTU,IOVA,IPAR,IPGP,ISRG,JBSS,KALU,KPRX,KRNT,LAUR,LBRDA,LBTYK,LECO,LILAK,LITE,MANH,MDXG,MFIC,MGEE,MIDD,MLAB,MMSI,MNKD,MOMO,MRVL,NICE,NMFC,NUWE,NVCR,NWBI,OFIX,OFLX,OMCL,OPK,ORKA,ORLY,OTTR,PDD,PNTG,POOL,POWL,PPBI,PPC,PRAA,PRPL,PZZA,QTRX,QURE,RDFN,RDHL,REAL,REG,REYN,RGLD,RIOT,RUN,RYTM,SAIA,SBAC,SBRA,SCVL,SHOO,SLAB,SLDB,SMCI,SMTC,SRCE,SSP,SSRM,STBA,STRO,SVC,SYBT,TCBI,TCOM,TENX,TH,TMUS,TNDM,TTD,TTMI,UAL,ULH,ULTA,VCYT,VIRT,VKTX,VOD,VRDN,VREX,VRNT,VSAT,WB,WBD,WDC,WEN,WSFS,XXII,Z,ZBRA
ABAT,0.0,0.509,0.516,0.514,0.445,0.407,0.631,0.352,0.503,0.654,-0.204,-0.535,-0.362,0.533,0.426,0.611,0.619,0.397,0.559,0.573,-0.553,0.306,-0.325,-0.158,0.481,0.123,-0.077,0.319,0.306,0.547,0.474,0.446,0.648,0.507,-0.218,0.257,-0.212,0.108,0.567,0.189,0.588,0.15,0.476,0.716,0.006,0.058,-0.559,-0.388,0.441,0.303,0.39,0.134,0.59,0.043,0.596,0.58,-0.533,-0.712,-0.413,0.549,0.479,0.618,0.033,-0.671,-0.491,0.296,0.218,0.228,0.521,0.598,0.49,0.027,-0.445,-0.636,0.213,0.306,-0.223,0.075,0.142,0.494,0.314,0.464,0.431,0.409,0.185,0.382,-0.275,0.447,0.525,0.455,0.244,0.716,0.223,0.257,-0.681,0.739,0.261,0.422,0.206,0.656,0.361,0.438,0.344,0.521,0.307,-0.276,0.451,0.473,0.651,0.301,0.335,0.314,0.263,-0.605,0.574,0.781,-0.198,0.515,-0.111,0.227,-0.306,0.516,0.243,-0.572,0.427,0.625,0.621,0.392,0.25,0.14,0.097,0.23,0.239,0.703,0.592,-0.319,0.011,0.19,0.464,0.365,0.071,-0.21,0.426,0.379,0.001,0.304,-0.207,0.595,0.424,0.184,0.432,-0.314,-0.011,-0.046,0.606,0.037,0.815,0.49,-0.383,0.298,0.295,0.281,0.593,0.271,-0.073,0.338,0.221,0.265,0.371,-0.272,0.225,0.368,-0.423,0.539,0.082,0.353,0.081,0.705,0.056,0.641,0.562,0.622,-0.472,0.042,0.575,0.522,0.179,0.429,-0.145,0.528,0.306,-0.496,-0.603,0.593,0.499,-0.391,0.227,0.367,0.139,0.551
ACLS,0.509,0.0,0.197,0.679,0.81,0.435,0.897,0.847,0.814,0.856,-0.536,-0.172,-0.714,0.826,0.867,0.826,0.925,0.776,0.93,0.942,-0.837,0.79,-0.286,0.502,0.777,-0.453,0.112,0.826,0.424,0.82,0.813,0.69,0.784,0.626,-0.667,0.683,0.302,0.665,0.859,0.577,0.796,0.025,0.906,0.672,0.61,0.615,-0.789,0.143,0.744,0.63,0.767,0.223,0.545,0.597,0.891,0.931,-0.423,-0.521,-0.456,0.85,0.934,0.727,0.534,-0.58,-0.67,0.271,0.043,0.774,0.934,0.741,0.806,0.403,0.215,-0.562,0.846,0.8,0.421,0.498,0.543,0.894,0.817,0.831,0.76,0.84,0.768,0.379,-0.112,0.775,0.619,0.861,0.555,0.826,0.774,0.724,-0.643,0.632,0.738,0.845,0.667,0.897,0.726,0.805,0.712,0.944,0.781,0.215,0.896,0.866,0.883,0.652,0.687,0.867,0.691,-0.469,0.911,0.784,-0.697,0.887,0.111,0.307,-0.406,0.876,0.216,-0.813,-0.016,0.656,0.756,0.844,0.724,0.73,0.467,0.666,0.668,0.846,0.599,-0.321,0.478,0.727,0.844,0.061,0.59,0.298,0.897,0.715,-0.451,0.716,0.105,0.631,0.753,0.154,0.748,0.24,0.168,-0.175,0.93,-0.18,0.671,0.92,-0.727,0.882,0.496,0.79,0.923,0.514,0.578,0.85,0.77,0.781,0.561,0.388,0.717,0.661,-0.079,0.809,0.246,0.4,0.496,0.551,-0.218,0.86,0.876,0.877,-0.661,-0.179,0.927,0.861,-0.038,0.895,-0.033,0.654,0.42,-0.389,-0.766,0.852,0.937,-0.262,0.838,0.601,0.499,0.719
ACMR,0.516,0.197,0.0,-0.068,0.004,0.349,0.278,-0.101,0.04,0.32,0.351,-0.628,0.224,0.324,-0.006,0.087,0.277,-0.225,0.225,0.209,-0.016,-0.035,0.059,-0.319,-0.171,0.478,0.099,-0.219,0.19,-0.065,0.013,-0.067,0.25,-0.131,0.317,0.017,-0.265,-0.306,0.056,-0.445,0.2,0.234,0.12,0.568,-0.487,-0.375,-0.389,-0.239,0.06,-0.207,-0.173,-0.027,0.372,-0.347,0.138,0.152,-0.585,-0.428,-0.128,0.036,0.143,0.334,-0.397,-0.381,0.045,0.714,0.323,-0.322,0.118,0.361,-0.142,-0.511,-0.628,-0.258,-0.226,-0.232,-0.484,0.034,-0.241,-0.013,-0.228,0.27,0.321,-0.115,-0.021,0.327,-0.482,0.242,0.643,-0.098,-0.347,0.251,-0.304,0.192,-0.348,0.422,-0.275,0.013,-0.366,0.227,0.191,-0.15,0.037,0.252,0.001,-0.591,-0.007,0.198,0.352,-0.213,0.184,-0.036,-0.268,-0.463,0.267,0.492,0.158,0.13,-0.18,0.37,-0.448,0.254,-0.186,-0.075,0.545,0.111,0.446,0.045,-0.35,-0.147,-0.379,-0.438,-0.313,0.279,0.079,-0.24,-0.542,0.016,-0.015,0.249,-0.443,-0.286,-0.06,0.0,0.39,-0.248,-0.15,0.405,-0.201,0.334,-0.162,-0.204,-0.015,0.33,0.2,0.211,0.463,0.039,0.217,0.03,0.355,-0.044,0.15,-0.318,-0.097,-0.028,-0.261,-0.244,0.458,-0.456,-0.197,0.294,-0.597,0.074,0.311,0.086,-0.402,0.696,0.307,0.124,0.286,0.214,0.067,0.364,0.321,0.196,0.007,-0.008,-0.425,0.234,-0.287,-0.219,-0.086,0.119,0.012,-0.439,-0.204,-0.336,-0.472,0.094
ADMA,0.514,0.679,-0.068,0.0,0.844,0.002,0.677,0.793,0.868,0.648,-0.73,0.055,-0.693,0.611,0.633,0.894,0.786,0.844,0.803,0.716,-0.843,0.748,-0.283,0.352,0.885,-0.464,0.133,0.832,0.258,0.831,0.638,0.563,0.732,0.806,-0.654,0.685,-0.013,0.527,0.819,0.763,0.755,-0.196,0.702,0.451,0.703,0.622,-0.608,-0.046,0.812,0.566,0.829,0.315,0.379,0.715,0.847,0.811,-0.229,-0.518,-0.424,0.875,0.678,0.519,0.739,-0.437,-0.665,0.003,0.057,0.72,0.792,0.56,0.793,0.573,0.182,-0.657,0.756,0.82,0.355,0.057,0.509,0.838,0.771,0.619,0.507,0.872,0.414,0.372,-0.123,0.669,0.295,0.794,0.718,0.731,0.751,0.283,-0.405,0.494,0.703,0.799,0.793,0.783,0.608,0.874,0.583,0.707,0.656,0.347,0.816,0.698,0.672,0.615,0.245,0.645,0.832,-0.601,0.728,0.6,-0.658,0.586,-0.015,-0.035,-0.084,0.575,0.237,-0.76,-0.147,0.66,0.459,0.584,0.815,0.567,0.565,0.764,0.834,0.797,0.58,-0.312,0.639,0.555,0.897,0.29,0.614,0.014,0.757,0.635,-0.652,0.811,0.044,0.41,0.861,-0.139,0.787,-0.153,0.001,-0.009,0.717,-0.348,0.684,0.815,-0.773,0.574,0.219,0.508,0.825,0.63,0.325,0.6,0.631,0.795,0.45,0.227,0.693,0.25,0.091,0.685,0.043,0.207,0.589,0.518,-0.134,0.759,0.657,0.708,-0.538,-0.471,0.664,0.787,-0.071,0.833,0.381,0.521,0.597,-0.653,-0.805,0.704,0.84,0.004,0.69,0.719,0.666,0.579
ADUS,0.445,0.81,0.004,0.844,0.0,0.001,0.701,0.755,0.909,0.653,-0.597,0.1,-0.687,0.671,0.619,0.851,0.886,0.738,0.829,0.822,-0.808,0.83,-0.205,0.536,0.816,-0.471,-0.007,0.845,0.066,0.839,0.606,0.553,0.673,0.674,-0.671,0.791,0.055,0.555,0.825,0.62,0.786,-0.311,0.761,0.445,0.65,0.627,-0.68,0.158,0.796,0.456,0.851,0.136,0.305,0.78,0.882,0.857,-0.274,-0.426,-0.422,0.876,0.737,0.491,0.778,-0.369,-0.505,0.007,0.063,0.802,0.895,0.561,0.765,0.348,0.267,-0.61,0.859,0.848,0.387,0.242,0.562,0.913,0.765,0.779,0.702,0.862,0.46,0.591,-0.29,0.814,0.475,0.745,0.626,0.688,0.757,0.421,-0.359,0.507,0.711,0.903,0.824,0.835,0.761,0.871,0.727,0.81,0.868,0.422,0.94,0.868,0.672,0.601,0.374,0.83,0.861,-0.565,0.832,0.62,-0.66,0.63,0.135,0.011,-0.029,0.609,0.09,-0.834,-0.225,0.627,0.46,0.645,0.806,0.635,0.434,0.691,0.682,0.836,0.532,-0.098,0.643,0.515,0.956,0.087,0.561,0.11,0.866,0.576,-0.618,0.697,0.296,0.446,0.823,-0.196,0.776,0.132,-0.116,0.142,0.818,-0.532,0.619,0.851,-0.64,0.704,0.252,0.493,0.893,0.677,0.495,0.66,0.636,0.796,0.665,0.305,0.788,0.373,0.047,0.686,0.247,0.239,0.53,0.523,0.011,0.709,0.736,0.751,-0.483,-0.435,0.745,0.921,-0.124,0.864,0.334,0.423,0.4,-0.498,-0.73,0.694,0.894,-0.006,0.748,0.64,0.586,0.458
ADVM,0.407,0.435,0.349,0.002,0.001,0.0,0.627,0.221,0.121,0.595,0.022,-0.674,-0.291,0.524,0.55,0.151,0.264,0.195,0.338,0.453,-0.265,-0.072,-0.448,-0.066,0.177,0.219,0.114,0.117,0.627,0.141,0.588,0.597,0.388,0.235,-0.059,-0.231,0.447,0.3,0.36,0.089,0.158,0.47,0.424,0.649,-0.095,0.125,-0.292,-0.205,-0.045,0.399,0.167,-0.02,0.704,-0.23,0.339,0.388,-0.318,-0.373,-0.159,0.189,0.462,0.729,-0.361,-0.648,-0.554,0.402,0.257,0.184,0.236,0.62,0.303,0.2,-0.221,-0.072,0.039,0.134,0.085,0.606,-0.063,0.168,0.253,0.372,0.426,0.147,0.508,-0.045,0.178,0.222,0.415,0.389,0.069,0.564,0.153,0.541,-0.725,0.656,0.28,0.042,-0.181,0.418,-0.1,0.082,0.182,0.395,-0.035,-0.448,0.142,0.188,0.554,0.347,0.581,0.201,-0.15,0.034,0.31,0.57,-0.011,0.62,0.033,0.65,-0.596,0.595,0.423,-0.292,0.648,0.255,0.795,0.45,-0.07,0.267,0.129,0.123,0.124,0.334,0.5,-0.395,-0.124,0.256,0.05,0.133,0.048,0.36,0.272,0.461,0.15,0.222,-0.533,0.642,0.126,0.412,0.21,0.148,0.493,-0.542,0.42,0.592,0.488,0.234,-0.378,0.371,0.458,0.608,0.335,-0.042,-0.169,0.29,0.388,0.184,-0.088,0.129,-0.153,0.656,-0.197,0.489,-0.091,0.478,0.049,0.247,-0.215,0.49,0.467,0.468,-0.418,0.533,0.424,0.159,0.28,0.222,-0.633,0.693,0.114,0.046,-0.311,0.583,0.274,-0.604,0.264,0.152,-0.027,0.653
AEIS,0.631,0.897,0.278,0.677,0.701,0.627,0.0,0.76,0.769,0.887,-0.503,-0.375,-0.716,0.887,0.857,0.79,0.865,0.745,0.905,0.91,-0.822,0.586,-0.503,0.292,0.774,-0.246,0.102,0.705,0.538,0.76,0.9,0.788,0.794,0.733,-0.577,0.473,0.315,0.622,0.852,0.582,0.763,0.155,0.855,0.76,0.472,0.554,-0.703,-0.082,0.61,0.674,0.724,0.217,0.717,0.43,0.888,0.916,-0.395,-0.632,-0.381,0.797,0.889,0.88,0.355,-0.748,-0.781,0.309,0.136,0.703,0.81,0.859,0.813,0.434,-0.006,-0.571,0.649,0.732,0.312,0.579,0.438,0.794,0.761,0.763,0.729,0.772,0.685,0.344,-0.053,0.733,0.609,0.852,0.562,0.936,0.677,0.626,-0.781,0.808,0.718,0.681,0.513,0.903,0.53,0.739,0.618,0.901,0.577,0.017,0.777,0.768,0.892,0.706,0.675,0.738,0.566,-0.459,0.866,0.856,-0.518,0.914,0.069,0.372,-0.471,0.855,0.417,-0.842,0.314,0.689,0.894,0.837,0.577,0.623,0.474,0.625,0.659,0.827,0.701,-0.39,0.411,0.575,0.743,0.292,0.495,0.271,0.788,0.746,-0.38,0.737,-0.237,0.717,0.74,0.214,0.756,0.024,0.22,-0.296,0.892,0.07,0.841,0.836,-0.779,0.751,0.505,0.792,0.906,0.514,0.248,0.74,0.747,0.738,0.402,0.295,0.495,0.653,-0.093,0.838,0.05,0.437,0.439,0.6,-0.27,0.912,0.875,0.866,-0.685,-0.091,0.862,0.774,0.122,0.796,-0.161,0.819,0.454,-0.439,-0.816,0.922,0.876,-0.388,0.733,0.62,0.472,0.851
AGNCM,0.352,0.847,-0.101,0.793,0.755,0.221,0.76,0.0,0.807,0.767,-0.775,0.034,-0.815,0.723,0.855,0.858,0.803,0.914,0.885,0.819,-0.882,0.836,-0.312,0.515,0.891,-0.661,0.191,0.936,0.469,0.868,0.797,0.661,0.781,0.771,-0.811,0.72,0.293,0.774,0.837,0.791,0.717,0.01,0.861,0.524,0.813,0.74,-0.653,0.155,0.786,0.732,0.842,0.375,0.467,0.705,0.852,0.877,-0.255,-0.42,-0.446,0.872,0.885,0.639,0.691,-0.464,-0.786,0.103,-0.013,0.81,0.852,0.643,0.865,0.666,0.375,-0.611,0.894,0.873,0.579,0.284,0.601,0.883,0.926,0.686,0.571,0.913,0.748,0.142,0.144,0.677,0.329,0.944,0.75,0.766,0.912,0.564,-0.493,0.456,0.832,0.831,0.829,0.777,0.659,0.902,0.649,0.821,0.679,0.381,0.841,0.721,0.786,0.716,0.516,0.743,0.823,-0.408,0.769,0.603,-0.832,0.816,0.073,0.149,-0.309,0.792,0.229,-0.752,-0.217,0.592,0.606,0.836,0.864,0.752,0.717,0.841,0.863,0.722,0.583,-0.397,0.684,0.758,0.853,0.092,0.762,0.285,0.863,0.803,-0.638,0.855,0.041,0.413,0.842,0.017,0.846,0.064,0.188,-0.259,0.807,-0.156,0.572,0.918,-0.864,0.803,0.438,0.804,0.837,0.562,0.601,0.769,0.845,0.905,0.365,0.484,0.747,0.476,0.187,0.798,-0.01,0.343,0.708,0.395,-0.458,0.855,0.776,0.817,-0.671,-0.405,0.823,0.741,-0.102,0.915,0.175,0.651,0.66,-0.39,-0.834,0.816,0.917,-0.113,0.903,0.74,0.672,0.733
AHCO,0.503,0.814,0.04,0.868,0.909,0.121,0.769,0.807,0.0,0.705,-0.67,-0.105,-0.789,0.665,0.673,0.908,0.907,0.811,0.864,0.827,-0.903,0.797,-0.273,0.36,0.876,-0.438,-0.073,0.839,0.191,0.868,0.651,0.633,0.821,0.741,-0.721,0.693,0.079,0.503,0.901,0.72,0.79,-0.104,0.844,0.491,0.635,0.538,-0.745,-0.055,0.819,0.627,0.838,0.154,0.399,0.721,0.9,0.907,-0.454,-0.619,-0.575,0.909,0.742,0.573,0.695,-0.532,-0.653,0.03,-0.011,0.762,0.907,0.599,0.825,0.39,0.117,-0.559,0.813,0.797,0.284,0.221,0.582,0.946,0.762,0.788,0.687,0.878,0.524,0.511,-0.245,0.729,0.526,0.808,0.559,0.788,0.732,0.454,-0.495,0.557,0.665,0.881,0.791,0.89,0.738,0.924,0.589,0.813,0.792,0.238,0.921,0.899,0.767,0.598,0.519,0.809,0.801,-0.68,0.821,0.739,-0.703,0.716,-0.086,0.048,-0.151,0.666,0.114,-0.914,-0.099,0.704,0.543,0.739,0.836,0.547,0.376,0.751,0.749,0.87,0.648,-0.226,0.568,0.612,0.927,0.213,0.521,-0.013,0.867,0.666,-0.567,0.717,0.128,0.593,0.844,-0.054,0.801,-0.053,-0.141,0.007,0.855,-0.445,0.744,0.883,-0.729,0.685,0.247,0.515,0.902,0.659,0.448,0.645,0.622,0.798,0.657,0.186,0.712,0.432,-0.054,0.694,0.072,0.258,0.515,0.622,-0.027,0.811,0.706,0.814,-0.578,-0.428,0.818,0.884,-0.176,0.872,0.237,0.49,0.461,-0.617,-0.858,0.818,0.91,-0.177,0.728,0.739,0.603,0.585
ALGT,0.654,0.856,0.32,0.648,0.653,0.595,0.887,0.767,0.705,0.0,-0.399,-0.425,-0.71,0.868,0.774,0.737,0.817,0.69,0.851,0.92,-0.786,0.635,-0.358,0.363,0.703,-0.284,0.159,0.753,0.516,0.715,0.834,0.758,0.799,0.63,-0.484,0.447,0.267,0.646,0.863,0.466,0.668,0.158,0.884,0.896,0.392,0.534,-0.723,0.058,0.621,0.548,0.728,0.144,0.738,0.342,0.889,0.89,-0.505,-0.578,-0.584,0.818,0.889,0.903,0.276,-0.699,-0.804,0.466,0.277,0.634,0.817,0.868,0.71,0.372,0.064,-0.672,0.663,0.683,0.372,0.378,0.299,0.769,0.757,0.83,0.791,0.76,0.726,0.33,-0.063,0.786,0.696,0.838,0.492,0.886,0.71,0.741,-0.751,0.788,0.706,0.723,0.48,0.892,0.583,0.681,0.698,0.81,0.599,-0.064,0.777,0.715,0.899,0.641,0.59,0.684,0.53,-0.466,0.758,0.845,-0.61,0.891,0.048,0.484,-0.587,0.898,0.19,-0.714,0.153,0.577,0.893,0.736,0.511,0.686,0.455,0.558,0.595,0.836,0.705,-0.474,0.338,0.627,0.708,0.041,0.438,0.266,0.836,0.844,-0.318,0.638,-0.196,0.73,0.636,0.079,0.709,0.109,0.239,-0.207,0.841,0.042,0.798,0.798,-0.709,0.811,0.707,0.802,0.843,0.328,0.344,0.631,0.726,0.698,0.417,0.298,0.528,0.768,-0.069,0.815,0.178,0.608,0.459,0.615,-0.237,0.846,0.917,0.953,-0.553,0.083,0.833,0.75,-0.009,0.837,-0.211,0.808,0.437,-0.307,-0.807,0.887,0.839,-0.464,0.765,0.509,0.281,0.78
ALLO,-0.204,-0.536,0.351,-0.73,-0.597,0.022,-0.503,-0.775,-0.67,-0.399,0.0,-0.21,0.724,-0.402,-0.639,-0.728,-0.541,-0.811,-0.615,-0.482,0.741,-0.62,0.324,-0.324,-0.829,0.617,-0.061,-0.753,-0.37,-0.74,-0.572,-0.469,-0.602,-0.785,0.816,-0.597,-0.194,-0.557,-0.588,-0.831,-0.559,0.081,-0.542,-0.153,-0.838,-0.582,0.397,0.049,-0.635,-0.715,-0.717,-0.479,-0.233,-0.691,-0.589,-0.619,-0.01,0.291,0.191,-0.679,-0.573,-0.332,-0.696,0.298,0.666,0.281,0.121,-0.698,-0.6,-0.327,-0.796,-0.773,-0.335,0.402,-0.693,-0.715,-0.449,-0.103,-0.593,-0.697,-0.741,-0.345,-0.219,-0.717,-0.454,0.135,-0.302,-0.303,0.096,-0.73,-0.754,-0.581,-0.73,-0.128,0.314,-0.218,-0.686,-0.568,-0.785,-0.479,-0.372,-0.802,-0.351,-0.556,-0.4,-0.454,-0.575,-0.465,-0.482,-0.607,-0.248,-0.469,-0.775,0.299,-0.545,-0.311,0.666,-0.495,-0.048,0.155,-0.051,-0.452,-0.321,0.623,0.199,-0.503,-0.259,-0.647,-0.842,-0.476,-0.688,-0.848,-0.822,-0.462,-0.481,0.27,-0.725,-0.562,-0.687,-0.328,-0.728,-0.178,-0.593,-0.549,0.754,-0.829,-0.031,-0.127,-0.812,0.02,-0.758,0.134,-0.076,0.283,-0.538,0.133,-0.38,-0.679,0.822,-0.413,0.032,-0.514,-0.597,-0.668,-0.317,-0.576,-0.654,-0.764,-0.115,-0.366,-0.524,-0.029,-0.291,-0.586,0.29,-0.064,-0.661,-0.156,0.557,-0.671,-0.408,-0.48,0.635,0.64,-0.523,-0.49,0.081,-0.648,-0.41,-0.417,-0.736,0.467,0.673,-0.599,-0.682,-0.095,-0.66,-0.797,-0.833,-0.557
AMSF,-0.535,-0.172,-0.628,0.055,0.1,-0.674,-0.375,0.034,-0.105,-0.425,-0.21,0.0,0.138,-0.274,-0.129,-0.093,-0.198,0.065,-0.193,-0.241,0.186,0.21,0.138,0.51,0.054,-0.47,-0.033,0.144,-0.402,0.012,-0.175,-0.276,-0.453,0.018,-0.162,0.369,0.067,0.228,-0.249,0.236,-0.005,-0.584,-0.286,-0.631,0.466,0.38,0.39,0.561,0.101,-0.177,0.1,0.271,-0.518,0.487,-0.179,-0.23,0.703,0.651,0.45,-0.089,-0.165,-0.547,0.546,0.682,0.365,-0.545,-0.165,0.23,-0.115,-0.371,-0.009,0.263,0.637,0.084,0.244,0.223,0.451,-0.119,0.174,-0.051,0.134,-0.291,-0.335,0.047,-0.222,-0.166,0.222,-0.066,-0.55,-0.096,0.373,-0.432,0.237,-0.379,0.633,-0.588,0.198,0.044,0.392,-0.318,0.064,0.083,0.155,-0.177,0.173,0.841,0.018,-0.139,-0.459,0.073,-0.486,0.005,0.371,0.378,-0.137,-0.625,-0.086,-0.346,0.508,-0.514,0.621,-0.382,0.073,0.243,-0.663,-0.182,-0.592,-0.228,0.266,0.193,0.387,0.205,0.166,-0.333,-0.346,0.43,0.539,-0.112,0.104,-0.128,0.418,0.271,-0.042,-0.294,-0.434,0.176,0.462,-0.696,0.146,-0.428,0.058,0.241,-0.079,0.18,-0.283,-0.354,-0.558,-0.04,0.041,-0.027,-0.39,-0.155,-0.158,0.265,0.273,0.124,0.137,0.139,-0.2,0.469,0.323,-0.556,0.613,-0.152,0.115,-0.319,0.173,-0.508,-0.153,-0.29,-0.196,-0.352,0.129,-0.54,-0.333,-0.079,0.091,-0.026,0.65,-0.403,0.218,0.177,0.321,-0.395,-0.044,0.83,0.14,0.073,0.387,-0.356
ANAB,-0.362,-0.714,0.224,-0.693,-0.687,-0.291,-0.716,-0.815,-0.789,-0.71,0.724,0.138,0.0,-0.626,-0.707,-0.749,-0.694,-0.816,-0.733,-0.757,0.859,-0.61,0.403,-0.399,-0.828,0.539,0.046,-0.839,-0.343,-0.786,-0.74,-0.768,-0.745,-0.745,0.735,-0.457,-0.31,-0.678,-0.839,-0.745,-0.548,-0.065,-0.819,-0.46,-0.668,-0.619,0.562,0.008,-0.604,-0.751,-0.827,-0.114,-0.487,-0.553,-0.804,-0.832,0.299,0.473,0.549,-0.801,-0.731,-0.683,-0.527,0.561,0.855,0.062,0.024,-0.785,-0.767,-0.582,-0.832,-0.632,-0.255,0.48,-0.759,-0.743,-0.463,-0.286,-0.515,-0.818,-0.822,-0.648,-0.563,-0.8,-0.676,-0.131,-0.134,-0.565,-0.303,-0.867,-0.628,-0.773,-0.802,-0.51,0.575,-0.545,-0.755,-0.702,-0.716,-0.766,-0.456,-0.833,-0.542,-0.652,-0.558,-0.207,-0.777,-0.669,-0.699,-0.69,-0.538,-0.696,-0.68,0.374,-0.627,-0.602,0.722,-0.78,0.004,-0.119,0.276,-0.697,-0.252,0.808,0.102,-0.575,-0.566,-0.806,-0.764,-0.601,-0.543,-0.85,-0.764,-0.67,-0.685,0.293,-0.626,-0.557,-0.732,-0.045,-0.634,-0.252,-0.841,-0.82,0.593,-0.747,0.103,-0.536,-0.788,0.086,-0.83,-0.026,-0.057,0.348,-0.756,0.17,-0.596,-0.753,0.867,-0.66,-0.313,-0.699,-0.777,-0.591,-0.333,-0.555,-0.779,-0.855,-0.267,-0.354,-0.548,-0.501,-0.163,-0.7,0.145,-0.431,-0.651,-0.269,0.4,-0.798,-0.635,-0.789,0.643,0.282,-0.691,-0.654,0.171,-0.802,-0.057,-0.611,-0.583,0.317,0.844,-0.865,-0.829,0.258,-0.789,-0.763,-0.607,-0.704
ANDE,0.533,0.826,0.324,0.611,0.671,0.524,0.887,0.723,0.665,0.868,-0.402,-0.274,-0.626,0.0,0.746,0.673,0.789,0.62,0.849,0.878,-0.713,0.572,-0.34,0.366,0.656,-0.223,0.245,0.691,0.531,0.637,0.814,0.686,0.713,0.622,-0.42,0.492,0.313,0.632,0.745,0.456,0.659,0.067,0.819,0.805,0.422,0.571,-0.663,0.103,0.565,0.477,0.682,0.18,0.715,0.383,0.844,0.845,-0.34,-0.448,-0.29,0.728,0.859,0.867,0.343,-0.638,-0.699,0.454,0.31,0.626,0.742,0.849,0.668,0.379,0.032,-0.618,0.638,0.698,0.396,0.482,0.277,0.69,0.723,0.739,0.726,0.721,0.683,0.344,0.005,0.797,0.631,0.773,0.547,0.83,0.678,0.646,-0.623,0.744,0.706,0.677,0.45,0.806,0.503,0.621,0.684,0.839,0.561,0.035,0.73,0.67,0.842,0.632,0.498,0.64,0.553,-0.381,0.785,0.771,-0.56,0.82,0.199,0.422,-0.476,0.867,0.25,-0.698,0.206,0.521,0.857,0.726,0.452,0.703,0.507,0.529,0.6,0.74,0.595,-0.403,0.387,0.525,0.705,0.172,0.449,0.347,0.731,0.779,-0.393,0.664,-0.167,0.632,0.616,0.091,0.683,0.142,0.256,-0.118,0.788,0.125,0.729,0.77,-0.696,0.768,0.625,0.784,0.833,0.346,0.294,0.643,0.729,0.708,0.416,0.381,0.46,0.663,0.03,0.784,0.154,0.427,0.431,0.596,-0.306,0.792,0.893,0.823,-0.479,-0.04,0.784,0.738,-0.016,0.769,-0.226,0.817,0.382,-0.317,-0.738,0.808,0.813,-0.301,0.733,0.423,0.299,0.743
APLS,0.426,0.867,-0.006,0.633,0.619,0.55,0.857,0.855,0.673,0.774,-0.639,-0.129,-0.707,0.746,0.0,0.766,0.752,0.839,0.847,0.809,-0.806,0.646,-0.452,0.372,0.799,-0.471,0.178,0.778,0.635,0.783,0.889,0.75,0.737,0.716,-0.707,0.511,0.408,0.742,0.775,0.707,0.678,0.182,0.819,0.583,0.693,0.636,-0.591,0.027,0.612,0.787,0.723,0.39,0.612,0.502,0.774,0.841,-0.221,-0.462,-0.26,0.745,0.899,0.727,0.467,-0.592,-0.775,0.172,-0.007,0.748,0.778,0.715,0.841,0.648,0.234,-0.501,0.739,0.782,0.464,0.547,0.565,0.758,0.842,0.609,0.537,0.79,0.794,0.065,0.222,0.602,0.303,0.898,0.687,0.817,0.772,0.621,-0.665,0.606,0.778,0.683,0.613,0.767,0.483,0.751,0.557,0.84,0.528,0.22,0.735,0.636,0.822,0.72,0.669,0.7,0.624,-0.246,0.79,0.681,-0.619,0.887,0.104,0.298,-0.379,0.85,0.477,-0.738,0.088,0.642,0.763,0.857,0.701,0.689,0.655,0.748,0.752,0.687,0.617,-0.402,0.525,0.68,0.715,0.168,0.68,0.404,0.766,0.751,-0.447,0.783,-0.106,0.525,0.757,0.246,0.754,0.125,0.353,-0.483,0.832,0.103,0.596,0.847,-0.822,0.762,0.431,0.875,0.813,0.492,0.416,0.84,0.841,0.792,0.222,0.474,0.606,0.583,0.056,0.841,-0.024,0.368,0.602,0.345,-0.466,0.894,0.783,0.774,-0.779,-0.209,0.829,0.651,0.144,0.794,-0.025,0.753,0.605,-0.332,-0.739,0.844,0.843,-0.245,0.807,0.689,0.611,0.853
APPF,0.611,0.826,0.087,0.894,0.851,0.151,0.79,0.858,0.908,0.737,-0.728,-0.093,-0.749,0.673,0.766,0.0,0.924,0.884,0.906,0.827,-0.928,0.83,-0.357,0.321,0.907,-0.482,0.013,0.834,0.314,0.946,0.708,0.66,0.844,0.811,-0.761,0.732,0.027,0.552,0.887,0.726,0.892,-0.01,0.799,0.553,0.693,0.558,-0.733,-0.115,0.873,0.709,0.813,0.367,0.443,0.675,0.886,0.906,-0.396,-0.673,-0.5,0.935,0.82,0.6,0.67,-0.558,-0.699,0.077,-0.079,0.753,0.89,0.637,0.887,0.467,0.105,-0.671,0.798,0.802,0.265,0.232,0.644,0.923,0.798,0.679,0.562,0.906,0.534,0.329,-0.135,0.668,0.43,0.865,0.678,0.841,0.745,0.424,-0.606,0.59,0.698,0.86,0.813,0.881,0.74,0.924,0.597,0.837,0.741,0.252,0.87,0.819,0.802,0.635,0.485,0.777,0.791,-0.664,0.888,0.753,-0.646,0.76,-0.091,-0.012,-0.212,0.694,0.264,-0.878,-0.043,0.832,0.573,0.767,0.846,0.528,0.499,0.772,0.764,0.867,0.631,-0.343,0.55,0.631,0.913,0.288,0.617,-0.013,0.826,0.647,-0.514,0.765,0.055,0.548,0.895,0.112,0.856,-0.136,-0.039,-0.122,0.87,-0.303,0.761,0.903,-0.768,0.672,0.269,0.562,0.921,0.678,0.443,0.751,0.643,0.801,0.542,0.174,0.745,0.371,-0.115,0.771,0.076,0.278,0.533,0.599,-0.192,0.899,0.752,0.818,-0.705,-0.47,0.836,0.837,0.002,0.872,0.267,0.565,0.612,-0.69,-0.85,0.812,0.916,-0.118,0.726,0.783,0.676,0.706
ASML,0.619,0.925,0.277,0.786,0.886,0.264,0.865,0.803,0.907,0.817,-0.541,-0.198,-0.694,0.789,0.752,0.924,0.0,0.768,0.947,0.926,-0.89,0.825,-0.288,0.389,0.803,-0.396,0.025,0.794,0.281,0.878,0.721,0.66,0.826,0.677,-0.661,0.718,0.096,0.534,0.895,0.564,0.883,-0.02,0.865,0.661,0.564,0.521,-0.81,-0.005,0.833,0.592,0.771,0.233,0.483,0.612,0.92,0.945,-0.507,-0.663,-0.528,0.918,0.873,0.674,0.585,-0.587,-0.622,0.263,-0.002,0.734,0.942,0.712,0.808,0.292,0.067,-0.65,0.801,0.771,0.251,0.373,0.571,0.92,0.756,0.824,0.738,0.868,0.605,0.507,-0.288,0.791,0.663,0.82,0.532,0.853,0.699,0.594,-0.631,0.665,0.662,0.89,0.71,0.942,0.805,0.849,0.679,0.921,0.822,0.165,0.921,0.921,0.863,0.589,0.606,0.869,0.719,-0.672,0.955,0.834,-0.632,0.818,-0.036,0.144,-0.324,0.773,0.151,-0.895,0.019,0.77,0.684,0.784,0.736,0.579,0.366,0.637,0.637,0.922,0.601,-0.295,0.443,0.645,0.902,0.171,0.514,0.049,0.87,0.653,-0.415,0.668,0.111,0.654,0.797,0.122,0.787,0.042,-0.05,-0.005,0.934,-0.321,0.784,0.91,-0.665,0.781,0.411,0.605,0.962,0.585,0.51,0.772,0.63,0.76,0.703,0.187,0.732,0.553,-0.198,0.758,0.247,0.327,0.444,0.69,-0.069,0.861,0.849,0.877,-0.605,-0.291,0.908,0.927,-0.061,0.887,0.095,0.572,0.417,-0.599,-0.819,0.831,0.938,-0.226,0.736,0.63,0.497,0.654
ATRC,0.397,0.776,-0.225,0.844,0.738,0.195,0.745,0.914,0.811,0.69,-0.811,0.065,-0.816,0.62,0.839,0.884,0.768,0.0,0.827,0.747,-0.887,0.766,-0.446,0.415,0.944,-0.679,0.054,0.891,0.422,0.916,0.8,0.713,0.732,0.844,-0.86,0.664,0.231,0.722,0.822,0.891,0.762,0.067,0.777,0.411,0.854,0.721,-0.583,-0.021,0.799,0.845,0.827,0.411,0.383,0.714,0.807,0.835,-0.176,-0.494,-0.424,0.877,0.823,0.563,0.698,-0.465,-0.779,-0.074,-0.186,0.824,0.798,0.57,0.923,0.723,0.337,-0.55,0.829,0.854,0.492,0.279,0.73,0.865,0.897,0.559,0.432,0.923,0.644,0.091,0.188,0.56,0.193,0.94,0.805,0.771,0.862,0.441,-0.557,0.43,0.826,0.768,0.851,0.771,0.596,0.925,0.53,0.755,0.645,0.404,0.809,0.681,0.718,0.751,0.471,0.74,0.813,-0.403,0.743,0.575,-0.703,0.793,0.002,-0.018,-0.21,0.671,0.402,-0.785,-0.143,0.72,0.517,0.806,0.905,0.611,0.699,0.901,0.905,0.708,0.603,-0.352,0.699,0.685,0.832,0.223,0.794,0.178,0.813,0.707,-0.613,0.892,-0.026,0.424,0.917,0.089,0.887,-0.052,0.099,-0.414,0.767,-0.178,0.591,0.874,-0.883,0.684,0.289,0.707,0.83,0.706,0.47,0.791,0.808,0.873,0.23,0.433,0.744,0.35,0.147,0.777,-0.116,0.265,0.731,0.306,-0.427,0.866,0.684,0.75,-0.751,-0.481,0.726,0.698,0.058,0.859,0.278,0.582,0.755,-0.531,-0.813,0.798,0.899,-0.062,0.829,0.881,0.807,0.763
AVGO,0.559,0.93,0.225,0.803,0.829,0.338,0.905,0.885,0.864,0.851,-0.615,-0.193,-0.733,0.849,0.847,0.906,0.947,0.827,0.0,0.92,-0.915,0.794,-0.33,0.373,0.833,-0.447,0.198,0.827,0.448,0.855,0.823,0.67,0.846,0.724,-0.689,0.699,0.155,0.614,0.888,0.627,0.822,0.063,0.896,0.683,0.628,0.6,-0.786,0.01,0.786,0.667,0.767,0.291,0.561,0.589,0.929,0.966,-0.427,-0.635,-0.455,0.896,0.925,0.761,0.576,-0.624,-0.726,0.339,0.027,0.73,0.911,0.756,0.82,0.435,0.099,-0.683,0.806,0.814,0.346,0.397,0.572,0.899,0.823,0.779,0.692,0.888,0.71,0.401,-0.13,0.786,0.581,0.895,0.607,0.873,0.761,0.615,-0.635,0.681,0.722,0.856,0.692,0.914,0.741,0.844,0.653,0.95,0.73,0.178,0.882,0.845,0.899,0.651,0.615,0.818,0.736,-0.596,0.92,0.813,-0.691,0.868,-0.01,0.204,-0.446,0.849,0.2,-0.867,0.048,0.696,0.764,0.843,0.734,0.656,0.501,0.67,0.731,0.877,0.561,-0.397,0.49,0.691,0.876,0.211,0.582,0.144,0.85,0.757,-0.499,0.759,-0.021,0.619,0.796,0.15,0.788,0.004,0.11,-0.121,0.928,-0.169,0.774,0.938,-0.761,0.801,0.513,0.747,0.953,0.521,0.491,0.787,0.727,0.816,0.59,0.302,0.708,0.578,-0.088,0.789,0.131,0.324,0.537,0.651,-0.248,0.899,0.876,0.874,-0.638,-0.303,0.922,0.877,-0.087,0.913,0.032,0.696,0.475,-0.549,-0.867,0.867,0.945,-0.248,0.798,0.63,0.518,0.762
AVT,0.573,0.942,0.209,0.716,0.822,0.453,0.91,0.819,0.827,0.92,-0.482,-0.241,-0.757,0.878,0.809,0.827,0.926,0.747,0.92,0.0,-0.859,0.764,-0.362,0.504,0.779,-0.389,0.09,0.829,0.356,0.811,0.832,0.78,0.787,0.669,-0.606,0.602,0.296,0.692,0.925,0.55,0.783,-0.003,0.908,0.768,0.535,0.651,-0.751,0.151,0.699,0.58,0.821,0.151,0.627,0.541,0.953,0.956,-0.435,-0.553,-0.539,0.891,0.924,0.828,0.481,-0.607,-0.739,0.314,0.164,0.797,0.924,0.825,0.801,0.38,0.164,-0.638,0.814,0.811,0.442,0.493,0.451,0.88,0.838,0.876,0.819,0.854,0.719,0.44,-0.155,0.849,0.696,0.868,0.559,0.875,0.79,0.71,-0.691,0.749,0.778,0.858,0.649,0.954,0.7,0.796,0.804,0.904,0.782,0.141,0.908,0.871,0.875,0.702,0.633,0.86,0.66,-0.497,0.89,0.818,-0.666,0.899,0.122,0.316,-0.448,0.869,0.203,-0.835,0.03,0.665,0.809,0.805,0.655,0.756,0.479,0.667,0.646,0.892,0.671,-0.331,0.482,0.639,0.851,0.035,0.531,0.299,0.929,0.788,-0.453,0.706,-0.034,0.693,0.758,0.039,0.796,0.205,0.121,-0.126,0.928,-0.169,0.756,0.893,-0.743,0.892,0.568,0.773,0.948,0.511,0.452,0.755,0.775,0.818,0.555,0.381,0.684,0.703,-0.038,0.823,0.244,0.549,0.48,0.59,-0.195,0.865,0.93,0.949,-0.605,-0.108,0.881,0.885,-0.045,0.913,-0.078,0.704,0.415,-0.386,-0.811,0.895,0.938,-0.297,0.839,0.587,0.428,0.734
AXDX,-0.553,-0.837,-0.016,-0.843,-0.808,-0.265,-0.822,-0.882,-0.903,-0.786,0.741,0.186,0.859,-0.713,-0.806,-0.928,-0.89,-0.887,-0.915,-0.859,0.0,-0.748,0.389,-0.296,-0.898,0.536,-0.075,-0.849,-0.376,-0.903,-0.772,-0.723,-0.872,-0.779,0.785,-0.609,-0.111,-0.573,-0.918,-0.726,-0.762,-0.075,-0.863,-0.572,-0.673,-0.585,0.741,0.13,-0.777,-0.777,-0.819,-0.23,-0.482,-0.597,-0.906,-0.942,0.437,0.702,0.581,-0.925,-0.835,-0.698,-0.625,0.636,0.822,-0.124,0.075,-0.758,-0.895,-0.64,-0.88,-0.537,-0.097,0.629,-0.8,-0.81,-0.303,-0.277,-0.626,-0.918,-0.823,-0.715,-0.599,-0.911,-0.659,-0.297,0.083,-0.651,-0.435,-0.914,-0.628,-0.872,-0.768,-0.519,0.652,-0.628,-0.72,-0.849,-0.767,-0.897,-0.656,-0.904,-0.556,-0.834,-0.676,-0.196,-0.871,-0.809,-0.845,-0.646,-0.598,-0.796,-0.751,0.632,-0.828,-0.767,0.712,-0.834,0.15,-0.073,0.359,-0.769,-0.217,0.92,0.015,-0.749,-0.653,-0.824,-0.823,-0.565,-0.485,-0.79,-0.774,-0.851,-0.638,0.379,-0.552,-0.657,-0.862,-0.22,-0.607,-0.043,-0.861,-0.772,0.554,-0.781,0.063,-0.612,-0.859,-0.092,-0.844,0.082,-0.004,0.228,-0.892,0.258,-0.754,-0.899,0.835,-0.706,-0.363,-0.678,-0.911,-0.611,-0.406,-0.698,-0.706,-0.84,-0.504,-0.221,-0.693,-0.497,0.084,-0.751,0.038,-0.335,-0.597,-0.538,0.277,-0.895,-0.745,-0.853,0.706,0.369,-0.84,-0.839,0.147,-0.898,-0.087,-0.608,-0.531,0.604,0.919,-0.894,-0.924,0.246,-0.767,-0.769,-0.622,-0.751
AXSM,0.306,0.79,-0.035,0.748,0.83,-0.072,0.586,0.836,0.797,0.635,-0.62,0.21,-0.61,0.572,0.646,0.83,0.825,0.766,0.794,0.764,-0.748,0.0,-0.088,0.639,0.767,-0.63,0.023,0.878,0.122,0.836,0.574,0.45,0.636,0.603,-0.723,0.87,0.116,0.641,0.749,0.624,0.792,-0.212,0.748,0.416,0.75,0.626,-0.634,0.338,0.864,0.472,0.756,0.352,0.215,0.771,0.771,0.777,-0.262,-0.309,-0.454,0.858,0.789,0.381,0.764,-0.203,-0.456,0.074,-0.064,0.753,0.864,0.472,0.718,0.355,0.428,-0.63,0.91,0.797,0.497,0.155,0.629,0.87,0.804,0.692,0.58,0.845,0.567,0.351,-0.114,0.717,0.423,0.749,0.607,0.574,0.823,0.477,-0.305,0.316,0.696,0.903,0.864,0.721,0.878,0.847,0.727,0.776,0.872,0.483,0.875,0.792,0.624,0.54,0.388,0.793,0.837,-0.472,0.775,0.497,-0.774,0.632,0.099,-0.039,-0.112,0.612,-0.012,-0.663,-0.434,0.549,0.372,0.653,0.836,0.667,0.537,0.686,0.682,0.726,0.408,-0.2,0.618,0.699,0.885,-0.093,0.657,0.139,0.843,0.565,-0.575,0.661,0.368,0.282,0.757,-0.115,0.745,0.149,-0.081,0.079,0.752,-0.469,0.434,0.869,-0.597,0.771,0.344,0.527,0.782,0.549,0.754,0.737,0.645,0.773,0.587,0.412,0.88,0.343,0.107,0.619,0.303,0.288,0.577,0.426,-0.178,0.687,0.733,0.746,-0.481,-0.508,0.76,0.771,-0.141,0.855,0.392,0.357,0.534,-0.397,-0.662,0.591,0.854,0.055,0.81,0.604,0.558,0.434
AZN,-0.325,-0.286,0.059,-0.283,-0.205,-0.448,-0.503,-0.312,-0.273,-0.358,0.324,0.138,0.403,-0.34,-0.452,-0.357,-0.288,-0.446,-0.33,-0.362,0.389,-0.088,0.0,-0.075,-0.522,0.129,0.204,-0.239,-0.188,-0.454,-0.586,-0.652,-0.184,-0.672,0.481,-0.037,-0.197,-0.439,-0.394,-0.483,-0.453,-0.098,-0.181,-0.208,-0.243,-0.414,0.004,0.25,-0.173,-0.495,-0.417,-0.201,-0.393,-0.17,-0.412,-0.39,-0.149,0.31,0.027,-0.365,-0.376,-0.474,-0.068,0.397,0.508,0.212,-0.042,-0.479,-0.2,-0.552,-0.612,-0.453,0.073,0.228,-0.15,-0.389,-0.155,-0.542,-0.253,-0.276,-0.436,-0.114,-0.125,-0.342,-0.063,0.118,-0.206,-0.224,-0.028,-0.466,-0.575,-0.51,-0.327,0.055,0.579,-0.459,-0.529,-0.079,-0.308,-0.406,-0.067,-0.405,-0.268,-0.293,-0.152,-0.084,-0.231,-0.248,-0.277,-0.663,-0.191,-0.29,-0.217,0.051,-0.376,-0.274,-0.067,-0.485,-0.207,0.057,0.133,-0.18,-0.727,0.452,-0.488,-0.52,-0.432,-0.391,-0.238,-0.18,-0.456,-0.458,-0.333,-0.248,-0.536,0.003,-0.422,0.088,-0.263,-0.509,-0.409,-0.21,-0.293,-0.224,0.243,-0.483,0.604,-0.256,-0.571,-0.137,-0.582,0.235,-0.011,0.537,-0.324,-0.274,-0.504,-0.281,0.481,-0.208,-0.015,-0.334,-0.405,-0.6,0.309,-0.371,-0.448,-0.402,0.265,-0.198,-0.078,-0.023,-0.097,-0.518,0.3,-0.335,-0.112,-0.03,0.314,-0.517,-0.395,-0.354,0.571,0.12,-0.181,-0.272,-0.633,-0.255,0.018,-0.445,-0.497,0.194,0.324,-0.496,-0.376,0.004,-0.279,-0.587,-0.544,-0.598
BANR,-0.158,0.502,-0.319,0.352,0.536,-0.066,0.292,0.515,0.36,0.363,-0.324,0.51,-0.399,0.366,0.372,0.321,0.389,0.415,0.373,0.504,-0.296,0.639,-0.075,0.0,0.411,-0.589,0.083,0.654,-0.106,0.402,0.419,0.352,0.071,0.305,-0.425,0.56,0.493,0.742,0.41,0.39,0.374,-0.435,0.412,0.106,0.613,0.755,-0.154,0.814,0.428,0.134,0.605,0.167,0.031,0.672,0.458,0.401,0.224,0.328,-0.136,0.461,0.5,0.188,0.581,0.199,-0.215,-0.097,0.139,0.727,0.491,0.316,0.412,0.391,0.799,-0.221,0.732,0.647,0.846,0.34,0.298,0.479,0.663,0.492,0.463,0.517,0.414,0.159,0.06,0.566,0.175,0.448,0.519,0.178,0.745,0.383,0.035,0.065,0.707,0.536,0.626,0.357,0.482,0.475,0.768,0.416,0.654,0.668,0.577,0.47,0.19,0.531,0.096,0.59,0.591,0.158,0.399,-0.007,-0.53,0.349,0.612,0.025,0.082,0.313,0.047,-0.235,-0.55,0.1,0.134,0.326,0.506,0.796,0.58,0.516,0.453,0.278,0.17,0.089,0.697,0.389,0.543,-0.389,0.616,0.647,0.634,0.371,-0.578,0.502,0.327,-0.045,0.478,-0.422,0.501,0.612,0.11,0.052,0.361,-0.324,-0.033,0.475,-0.404,0.708,0.249,0.486,0.422,0.382,0.587,0.517,0.675,0.633,0.187,0.782,0.616,0.224,0.58,0.415,0.374,0.337,0.438,-0.125,-0.224,0.258,0.503,0.426,-0.11,-0.191,0.298,0.456,-0.038,0.576,0.302,0.176,0.336,0.183,-0.186,0.267,0.533,0.306,0.739,0.294,0.406,0.138
BBIO,0.481,0.777,-0.171,0.885,0.816,0.177,0.774,0.891,0.876,0.703,-0.829,0.054,-0.828,0.656,0.799,0.907,0.803,0.944,0.833,0.779,-0.898,0.767,-0.522,0.411,0.0,-0.57,-0.059,0.895,0.335,0.942,0.797,0.721,0.742,0.933,-0.854,0.679,0.171,0.706,0.852,0.897,0.816,-0.104,0.762,0.441,0.795,0.724,-0.581,-0.035,0.789,0.75,0.902,0.351,0.464,0.739,0.876,0.869,-0.161,-0.497,-0.398,0.902,0.796,0.596,0.721,-0.52,-0.771,-0.149,-0.015,0.859,0.82,0.652,0.966,0.677,0.246,-0.64,0.818,0.896,0.455,0.281,0.619,0.901,0.894,0.608,0.501,0.913,0.523,0.208,0.084,0.648,0.248,0.911,0.842,0.813,0.861,0.328,-0.544,0.521,0.847,0.78,0.877,0.812,0.616,0.966,0.609,0.771,0.68,0.422,0.846,0.723,0.708,0.799,0.394,0.722,0.872,-0.469,0.777,0.608,-0.693,0.757,0.097,-0.015,-0.096,0.647,0.439,-0.851,-0.081,0.747,0.541,0.774,0.894,0.626,0.693,0.91,0.88,0.747,0.72,-0.237,0.773,0.554,0.897,0.317,0.751,0.172,0.836,0.686,-0.684,0.903,-0.051,0.418,0.969,-0.063,0.93,-0.115,0.017,-0.28,0.783,-0.213,0.691,0.888,-0.885,0.654,0.202,0.643,0.867,0.804,0.349,0.742,0.795,0.879,0.292,0.373,0.714,0.283,0.17,0.82,-0.108,0.314,0.634,0.403,-0.361,0.884,0.725,0.779,-0.756,-0.533,0.719,0.764,0.118,0.852,0.308,0.607,0.741,-0.526,-0.846,0.825,0.916,-0.033,0.816,0.91,0.823,0.736
BCYC,0.123,-0.453,0.478,-0.464,-0.471,0.219,-0.246,-0.661,-0.438,-0.284,0.617,-0.47,0.539,-0.223,-0.471,-0.482,-0.396,-0.679,-0.447,-0.389,0.536,-0.63,0.129,-0.589,-0.57,0.0,-0.082,-0.685,-0.032,-0.585,-0.414,-0.323,-0.239,-0.382,0.713,-0.545,-0.25,-0.614,-0.436,-0.609,-0.379,0.111,-0.425,0.069,-0.795,-0.648,0.205,-0.383,-0.535,-0.491,-0.544,-0.3,0.159,-0.68,-0.404,-0.441,-0.101,0.021,0.262,-0.548,-0.509,-0.098,-0.712,-0.059,0.38,0.229,0.381,-0.641,-0.492,-0.118,-0.54,-0.563,-0.677,0.256,-0.708,-0.612,-0.606,-0.122,-0.628,-0.549,-0.662,-0.306,-0.196,-0.649,-0.476,0.117,-0.198,-0.296,0.114,-0.594,-0.599,-0.243,-0.707,-0.278,0.074,0.114,-0.619,-0.549,-0.762,-0.328,-0.504,-0.628,-0.379,-0.373,-0.511,-0.631,-0.547,-0.406,-0.264,-0.456,-0.202,-0.576,-0.649,0.062,-0.36,-0.012,0.6,-0.402,-0.112,0.282,0.062,-0.275,-0.065,0.384,0.576,-0.266,-0.029,-0.492,-0.732,-0.495,-0.569,-0.671,-0.62,-0.243,-0.116,0.048,-0.671,-0.503,-0.522,0.18,-0.725,-0.237,-0.572,-0.411,0.585,-0.6,-0.25,0.084,-0.601,0.173,-0.586,-0.188,0.038,0.239,-0.374,0.382,-0.002,-0.534,0.505,-0.5,-0.185,-0.465,-0.409,-0.48,-0.653,-0.538,-0.592,-0.661,-0.094,-0.546,-0.693,-0.103,-0.371,-0.364,0.035,-0.044,-0.672,0.163,0.422,-0.36,-0.321,-0.369,0.387,0.491,-0.34,-0.445,0.135,-0.584,-0.397,-0.092,-0.506,0.15,0.413,-0.321,-0.565,-0.202,-0.668,-0.556,-0.616,-0.256
BHFAP,-0.077,0.112,0.099,0.133,-0.007,0.114,0.102,0.191,-0.073,0.159,-0.061,-0.033,0.046,0.245,0.178,0.013,0.025,0.054,0.198,0.09,-0.075,0.023,0.204,0.083,-0.059,-0.082,0.0,0.099,0.371,-0.122,0.15,-0.054,0.081,-0.095,0.108,0.049,0.131,0.09,0.043,-0.1,-0.116,0.12,0.106,0.195,0.102,0.191,-0.071,0.157,-0.019,0.026,-0.022,0.114,0.106,-0.001,0.082,0.097,0.054,0.058,0.099,0.018,0.18,0.208,0.057,-0.019,-0.16,0.515,0.161,-0.039,0.049,0.112,-0.098,0.253,0.149,-0.077,0.104,0.138,0.237,-0.01,-0.062,-0.046,0.105,0.098,0.107,0.097,0.316,-0.063,0.067,0.151,0.03,0.15,0.043,0.051,0.107,0.269,0.063,0.039,0.074,0.06,-0.081,0.003,-0.076,-0.095,0.101,0.158,-0.117,-0.036,-0.014,-0.055,0.209,0.056,0.043,-0.029,0.016,0.064,0.062,0.038,-0.176,0.084,0.042,0.266,-0.363,0.255,-0.163,0.092,-0.038,-0.236,0.211,0.035,-0.049,0.274,0.193,-0.073,0.16,0.044,-0.241,-0.388,-0.037,0.296,0.039,-0.041,0.11,0.216,0.001,0.269,-0.153,0.143,-0.089,-0.009,-0.082,0.112,-0.1,0.161,0.51,0.014,0.055,0.197,-0.038,0.091,-0.124,0.181,0.445,0.381,0.047,-0.33,0.148,0.083,0.152,0.12,0.061,0.222,0.015,0.243,0.061,0.059,0.103,-0.045,0.212,0.044,-0.186,0.025,0.126,0.035,0.127,0.182,0.121,0.07,-0.289,0.164,-0.164,0.241,-0.086,-0.026,-0.048,0.037,0.043,-0.01,0.125,-0.242,-0.118,0.112
BKR,0.319,0.826,-0.219,0.832,0.845,0.117,0.705,0.936,0.839,0.753,-0.753,0.144,-0.839,0.691,0.778,0.834,0.794,0.891,0.827,0.829,-0.849,0.878,-0.239,0.654,0.895,-0.685,0.099,0.0,0.304,0.87,0.756,0.661,0.715,0.753,-0.778,0.743,0.305,0.812,0.856,0.789,0.698,-0.162,0.859,0.484,0.835,0.792,-0.618,0.288,0.799,0.628,0.919,0.291,0.397,0.774,0.872,0.866,-0.19,-0.309,-0.476,0.9,0.844,0.58,0.768,-0.374,-0.728,-0.003,0.051,0.883,0.883,0.601,0.843,0.642,0.497,-0.625,0.956,0.919,0.66,0.233,0.575,0.914,0.945,0.741,0.639,0.929,0.703,0.259,0.089,0.752,0.328,0.907,0.767,0.72,0.964,0.564,-0.399,0.432,0.879,0.888,0.887,0.788,0.686,0.918,0.746,0.773,0.777,0.482,0.911,0.752,0.709,0.726,0.421,0.785,0.896,-0.356,0.733,0.546,-0.864,0.752,0.171,0.119,-0.161,0.741,0.182,-0.748,-0.363,0.55,0.518,0.754,0.895,0.811,0.707,0.876,0.864,0.744,0.601,-0.277,0.768,0.712,0.907,-0.053,0.771,0.341,0.936,0.804,-0.705,0.845,0.174,0.381,0.859,-0.204,0.863,0.191,0.099,-0.155,0.788,-0.318,0.517,0.899,-0.84,0.818,0.394,0.746,0.84,0.611,0.612,0.73,0.862,0.931,0.39,0.554,0.814,0.474,0.302,0.771,0.095,0.381,0.749,0.333,-0.362,0.789,0.768,0.826,-0.579,-0.407,0.76,0.779,-0.133,0.941,0.289,0.567,0.648,-0.321,-0.8,0.777,0.93,-0.051,0.945,0.742,0.667,0.615
BLDP,0.306,0.424,0.19,0.258,0.066,0.627,0.538,0.469,0.191,0.516,-0.37,-0.402,-0.343,0.531,0.635,0.314,0.281,0.422,0.448,0.356,-0.376,0.122,-0.188,-0.106,0.335,-0.032,0.371,0.304,0.0,0.257,0.573,0.429,0.567,0.376,-0.2,0.069,0.344,0.354,0.306,0.339,0.181,0.485,0.486,0.557,0.268,0.208,-0.396,-0.228,0.2,0.543,0.226,0.375,0.675,-0.011,0.312,0.393,-0.225,-0.326,-0.013,0.263,0.516,0.588,-0.064,-0.525,-0.596,0.424,0.158,0.161,0.281,0.505,0.373,0.499,-0.084,-0.203,0.184,0.254,0.185,0.247,0.093,0.233,0.369,0.21,0.169,0.3,0.628,-0.279,0.5,0.163,0.1,0.5,0.309,0.563,0.3,0.471,-0.514,0.42,0.336,0.14,0.012,0.308,-0.07,0.215,0.085,0.436,-0.118,-0.259,0.156,0.066,0.642,0.3,0.45,0.063,0.118,-0.082,0.325,0.507,-0.318,0.547,-0.092,0.586,-0.446,0.668,0.348,-0.244,0.364,0.246,0.65,0.51,0.191,0.329,0.422,0.306,0.434,0.3,0.429,-0.645,0.019,0.524,0.177,0.292,0.269,0.287,0.22,0.581,-0.046,0.427,-0.296,0.426,0.229,0.49,0.279,-0.017,0.654,-0.484,0.377,0.649,0.402,0.374,-0.526,0.318,0.415,0.673,0.336,-0.034,0.065,0.388,0.459,0.319,-0.119,0.207,-0.002,0.481,-0.019,0.545,-0.24,0.181,0.343,0.263,-0.495,0.57,0.409,0.384,-0.451,0.159,0.486,0.113,0.046,0.312,-0.309,0.766,0.407,-0.187,-0.458,0.532,0.339,-0.425,0.351,0.254,0.183,0.707
BLFS,0.547,0.82,-0.065,0.831,0.839,0.141,0.76,0.868,0.868,0.715,-0.74,0.012,-0.786,0.637,0.783,0.946,0.878,0.916,0.855,0.811,-0.903,0.836,-0.454,0.402,0.942,-0.585,-0.122,0.87,0.257,0.0,0.733,0.695,0.753,0.843,-0.853,0.737,0.104,0.658,0.856,0.79,0.88,-0.043,0.781,0.469,0.754,0.619,-0.644,-0.043,0.86,0.728,0.846,0.36,0.395,0.692,0.859,0.878,-0.279,-0.57,-0.478,0.919,0.826,0.556,0.698,-0.502,-0.686,-0.079,-0.151,0.823,0.873,0.607,0.938,0.521,0.224,-0.666,0.833,0.839,0.345,0.285,0.701,0.929,0.85,0.625,0.515,0.913,0.541,0.265,-0.017,0.647,0.334,0.89,0.76,0.812,0.809,0.41,-0.588,0.514,0.771,0.839,0.881,0.842,0.734,0.953,0.612,0.794,0.766,0.38,0.88,0.78,0.734,0.716,0.484,0.805,0.836,-0.525,0.844,0.668,-0.658,0.784,0.005,-0.058,-0.132,0.656,0.349,-0.871,-0.118,0.826,0.521,0.783,0.895,0.551,0.581,0.84,0.781,0.79,0.659,-0.211,0.66,0.569,0.893,0.206,0.709,0.076,0.857,0.63,-0.522,0.79,0.096,0.459,0.933,0.041,0.91,-0.078,-0.082,-0.247,0.842,-0.32,0.682,0.895,-0.779,0.68,0.237,0.592,0.896,0.772,0.478,0.789,0.719,0.825,0.402,0.287,0.797,0.34,0.0,0.788,0.03,0.31,0.592,0.447,-0.282,0.883,0.75,0.807,-0.763,-0.513,0.784,0.795,0.113,0.865,0.304,0.525,0.682,-0.543,-0.817,0.8,0.927,-0.063,0.775,0.864,0.756,0.699
BLKB,0.474,0.813,0.013,0.638,0.606,0.588,0.9,0.797,0.651,0.834,-0.572,-0.175,-0.74,0.814,0.889,0.708,0.721,0.8,0.823,0.832,-0.772,0.574,-0.586,0.419,0.797,-0.414,0.15,0.756,0.573,0.733,0.0,0.83,0.663,0.781,-0.627,0.432,0.439,0.792,0.795,0.694,0.664,0.132,0.786,0.642,0.601,0.716,-0.508,0.068,0.54,0.716,0.751,0.306,0.677,0.456,0.823,0.84,-0.138,-0.428,-0.267,0.744,0.886,0.838,0.391,-0.618,-0.816,0.197,0.126,0.772,0.712,0.813,0.823,0.616,0.199,-0.558,0.674,0.786,0.525,0.603,0.454,0.72,0.853,0.623,0.579,0.771,0.717,0.135,0.208,0.678,0.379,0.888,0.72,0.839,0.79,0.583,-0.683,0.712,0.849,0.61,0.57,0.791,0.434,0.722,0.661,0.797,0.506,0.186,0.718,0.625,0.771,0.803,0.584,0.676,0.601,-0.215,0.745,0.664,-0.539,0.897,0.213,0.339,-0.442,0.794,0.513,-0.728,0.206,0.594,0.82,0.812,0.592,0.711,0.694,0.722,0.727,0.674,0.631,-0.33,0.574,0.55,0.685,0.22,0.646,0.438,0.771,0.779,-0.492,0.815,-0.319,0.541,0.761,0.111,0.803,0.099,0.343,-0.466,0.794,0.174,0.678,0.794,-0.838,0.756,0.515,0.872,0.818,0.526,0.245,0.746,0.868,0.799,0.146,0.511,0.517,0.59,0.177,0.843,-0.009,0.494,0.571,0.34,-0.463,0.872,0.841,0.809,-0.671,-0.129,0.727,0.658,0.198,0.774,-0.084,0.834,0.611,-0.271,-0.741,0.862,0.838,-0.254,0.814,0.677,0.561,0.866
