,ABAT,ACLS,ACMR,ADMA,ADUS,ADVM,AEIS,AGNCM,AHCO,ALGT,ALLO,AMSF,ANAB,ANDE,APLS,APPF,ASML,ATRC,AVGO,AVT,AXDX,AXSM,AZN,BANR,BBIO,BCYC,BHFAP,BKR,BLDP,BLFS,BLKB,BLMN,BNTX,BPMC,CALM,CAMT,CASH,CATY,CCEP,CDLX,CDNS,CENN,CENX,CGC,CHDN,CLBK,COKE,COLB,COO,CORT,CRMT,CRNX,CRTO,CRVL,CSCO,CSQ,CSWI,CVBF,CWST,CYCC,CZR,DLTR,DORM,ENTA,EQIX,ERIC,EVRG,EWBC,EXAS,EXLS,EXPI,EYE,FBNC,FBRX,FCNCA,FELE,FIBK,FLEX,FRGT,FRHC,FRME,FWONA,FWONK,GDEN,GIII,GILD,GLNG,GNTX,GOOGL,GRPN,HCSG,HIMX,HOPE,HST,HTLD,HUT,HWC,ICUI,IESC,INTC,INTU,IOVA,IPAR,IPGP,ISRG,JBSS,KALU,KPRX,KRNT,LAUR,LBRDA,LBTYK,LECO,LILAK,LITE,MANH,MDXG,MFIC,MGEE,MIDD,MLAB,MMSI,MNKD,MOMO,MRVL,NICE,NMFC,NUWE,NVCR,NWBI,OFIX,OFLX,OMCL,OPK,ORKA,ORLY,OTTR,PDD,PNTG,POOL,POWL,PPBI,PPC,PRAA,PRPL,PZZA,QTRX,QURE,RDFN,RDHL,REAL,REG,REYN,RGLD,RIOT,RUN,RYTM,SAIA,SBAC,SBRA,SCVL,SHOO,SLAB,SLDB,SMCI,SMTC,SRCE,SSP,SSRM,STBA,STRO,SVC,SYBT,TCBI,TCOM,TENX,TH,TMUS,TNDM,TTD,TTMI,UAL,ULH,ULTA,VCYT,VIRT,VKTX,VOD,VRDN,VREX,VRNT,VSAT,WB,WBD,WDC,WEN,WSFS,XXII,Z,ZBRA
ABAT,0.0,0.143,-0.063,-0.172,0.171,0.232,0.103,-0.393,0.345,0.287,-0.015,0.626,0.04,0.171,0.054,-0.347,-0.103,0.524,0.259,0.593,-0.003,-0.208,-0.538,0.535,-0.079,-0.504,-0.39,0.03,-0.363,0.186,-0.137,0.389,-0.453,0.301,0.11,0.167,0.452,0.326,0.42,-0.489,-0.234,0.086,0.831,0.376,0.048,0.283,0.243,0.203,0.371,0.201,-0.372,0.378,-0.081,0.44,0.369,-0.038,0.368,0.273,-0.064,-0.012,-0.185,-0.571,0.531,0.04,-0.175,-0.043,0.821,0.275,0.045,0.038,-0.22,-0.039,0.322,0.046,0.435,0.111,0.333,0.565,0.11,-0.124,0.465,-0.361,-0.305,0.12,0.635,0.349,0.21,0.191,-0.139,-0.245,0.267,-0.128,0.459,0.587,0.111,0.01,0.39,0.553,-0.29,0.277,-0.13,0.41,0.177,0.727,0.262,0.12,0.28,-0.006,-0.174,0.396,0.34,0.226,0.138,0.59,0.187,-0.026,-0.495,0.292,0.191,0.655,0.707,-0.225,-0.447,-0.225,0.441,-0.102,0.485,0.23,0.047,0.452,0.279,-0.098,0.428,-0.219,0.144,0.094,0.171,0.15,-0.492,-0.35,0.472,0.485,0.291,0.124,0.158,-0.315,-0.359,0.578,-0.155,0.482,-0.523,0.236,-0.238,-0.434,-0.039,0.109,0.412,-0.09,0.167,0.456,0.377,0.645,0.311,-0.12,0.457,-0.151,0.408,-0.032,0.52,0.289,0.21,0.334,0.565,0.321,0.547,-0.596,0.277,0.145,-0.158,0.056,0.162,0.571,0.295,0.412,-0.167,-0.196,-0.488,-0.116,-0.094,0.241,0.066,0.038,0.367,-0.352,0.8,0.237,0.448,0.146,-0.141,0.154
ACLS,0.143,0.0,0.908,0.723,0.734,0.671,0.932,-0.597,0.672,-0.733,0.801,0.28,0.76,-0.065,-0.215,0.095,0.269,-0.405,-0.626,0.317,0.902,0.797,0.4,0.573,-0.152,-0.173,-0.303,0.866,-0.034,-0.71,0.417,-0.654,0.619,0.33,0.828,0.818,0.793,0.734,-0.247,0.378,0.094,0.659,0.407,0.802,-0.222,0.808,-0.052,0.828,-0.623,-0.386,-0.086,0.464,0.649,-0.48,0.6,0.011,0.307,0.738,-0.044,0.868,-0.878,0.547,-0.102,-0.273,0.04,0.535,0.263,0.554,0.901,0.942,-0.624,-0.808,0.668,-0.756,0.736,0.592,-0.185,0.808,0.747,-0.773,0.513,-0.301,-0.457,-0.671,0.117,0.868,0.102,0.586,-0.54,-0.816,0.772,0.842,0.542,-0.228,0.296,0.813,0.6,-0.201,-0.139,-0.43,-0.673,-0.491,0.145,0.005,-0.551,0.868,0.739,0.852,-0.409,0.799,0.462,-0.483,0.521,0.139,0.88,-0.253,-0.063,0.869,0.846,0.634,0.223,-0.716,-0.068,0.571,-0.535,-0.236,0.41,0.857,-0.659,0.384,0.888,-0.555,0.401,0.808,0.887,-0.212,0.831,0.413,-0.072,0.291,0.528,0.357,0.172,-0.176,0.789,0.289,0.385,0.653,-0.466,0.529,0.483,0.658,0.437,0.154,0.736,-0.53,-0.726,-0.41,-0.046,-0.139,-0.692,0.629,0.384,0.729,0.208,0.866,0.721,0.511,-0.247,0.757,-0.671,-0.249,-0.068,0.653,-0.523,-0.626,0.748,0.356,-0.679,0.209,0.891,-0.264,-0.712,-0.523,0.556,-0.849,0.594,0.872,0.818,0.71,-0.693,0.837,-0.437,-0.251,-0.184,0.3,0.584,0.679,-0.602,0.641
ACMR,-0.063,0.908,0.0,0.765,0.691,0.517,0.964,-0.328,0.51,-0.772,0.818,0.18,0.806,-0.049,-0.24,0.411,0.47,-0.46,-0.66,0.091,0.857,0.871,0.6,0.405,-0.175,0.046,0.016,0.758,0.242,-0.714,0.602,-0.78,0.678,0.401,0.727,0.772,0.611,0.576,-0.482,0.612,0.353,0.63,0.147,0.725,-0.121,0.592,-0.043,0.706,-0.697,-0.587,0.013,0.437,0.739,-0.599,0.449,0.242,0.022,0.593,0.061,0.847,-0.751,0.736,-0.223,-0.018,0.312,0.698,0.057,0.457,0.772,0.864,-0.396,-0.74,0.448,-0.626,0.588,0.548,-0.291,0.614,0.709,-0.621,0.324,-0.041,-0.211,-0.601,-0.172,0.707,-0.02,0.549,-0.315,-0.646,0.628,0.922,0.332,-0.423,0.368,0.811,0.368,-0.193,-0.164,-0.371,-0.46,-0.495,0.1,-0.21,-0.489,0.73,0.605,0.779,-0.201,0.645,0.445,-0.357,0.598,-0.015,0.871,-0.035,0.167,0.708,0.743,0.406,0.061,-0.531,0.157,0.786,-0.571,0.039,0.132,0.715,-0.534,0.123,0.748,-0.449,0.136,0.767,0.812,-0.262,0.706,0.509,0.184,0.575,0.383,0.196,0.092,-0.028,0.666,0.557,0.657,0.45,-0.27,0.297,0.694,0.422,0.606,0.413,0.784,-0.408,-0.772,-0.264,-0.01,-0.348,-0.797,0.347,0.457,0.759,0.128,0.896,0.52,0.49,-0.225,0.567,-0.789,-0.374,-0.242,0.516,-0.605,-0.36,0.667,0.459,-0.464,0.399,0.862,-0.457,-0.709,-0.578,0.681,-0.763,0.753,0.879,0.759,0.53,-0.632,0.834,-0.365,-0.172,-0.382,0.115,0.377,0.607,-0.411,0.751
ADMA,-0.172,0.723,0.765,0.0,0.642,0.512,0.729,-0.25,0.462,-0.695,0.778,0.035,0.608,-0.204,-0.43,0.291,0.142,-0.628,-0.796,-0.068,0.761,0.826,0.652,0.318,0.082,-0.023,0.027,0.754,0.253,-0.76,0.391,-0.827,0.816,0.089,0.75,0.483,0.532,0.563,-0.414,0.469,0.066,0.492,-0.065,0.622,-0.297,0.6,-0.185,0.681,-0.651,-0.627,0.052,0.309,0.626,-0.675,0.393,-0.039,-0.164,0.578,-0.185,0.798,-0.678,0.706,-0.531,-0.105,0.098,0.541,-0.065,0.449,0.704,0.792,-0.505,-0.787,0.454,-0.609,0.502,0.298,-0.264,0.392,0.765,-0.678,0.307,-0.01,-0.15,-0.733,-0.155,0.601,-0.235,0.295,-0.489,-0.636,0.634,0.786,0.32,-0.38,0.351,0.681,0.394,-0.368,-0.093,-0.616,-0.544,-0.616,-0.026,-0.391,-0.693,0.689,0.546,0.737,-0.418,0.498,0.208,-0.516,0.406,-0.136,0.745,-0.249,0.217,0.674,0.669,0.333,-0.244,-0.519,0.108,0.66,-0.676,-0.131,0.271,0.666,-0.633,0.184,0.692,-0.523,0.026,0.765,0.735,-0.479,0.726,0.196,0.005,0.439,0.298,0.176,0.103,-0.142,0.65,0.393,0.491,0.345,-0.437,0.291,0.529,0.424,0.533,0.4,0.686,-0.485,-0.801,-0.409,-0.217,-0.376,-0.816,0.264,0.102,0.724,0.102,0.749,0.5,0.538,-0.324,0.585,-0.809,-0.306,-0.4,0.525,-0.659,-0.227,0.69,0.108,-0.539,0.083,0.631,-0.391,-0.788,-0.541,0.511,-0.707,0.771,0.85,0.745,0.551,-0.744,0.786,-0.506,0.12,-0.505,0.086,0.338,0.524,-0.525,0.44
ADUS,0.171,0.734,0.691,0.642,0.0,0.861,0.728,-0.365,0.661,-0.561,0.689,0.429,0.802,-0.255,-0.384,0.192,0.061,-0.375,-0.69,0.117,0.833,0.776,0.36,0.533,-0.063,-0.228,-0.154,0.733,0.067,-0.546,0.59,-0.706,0.605,0.257,0.703,0.5,0.681,0.705,-0.311,0.309,0.012,0.741,0.305,0.704,-0.282,0.693,-0.144,0.749,-0.609,-0.555,-0.213,0.615,0.746,-0.58,0.816,0.041,0.01,0.682,0.023,0.914,-0.745,0.45,-0.211,-0.179,0.206,0.574,0.206,0.495,0.663,0.775,-0.512,-0.783,0.614,-0.634,0.679,0.434,-0.268,0.616,0.746,-0.724,0.518,-0.128,-0.229,-0.67,-0.084,0.583,-0.262,0.352,-0.471,-0.607,0.8,0.753,0.506,-0.098,0.453,0.658,0.457,-0.042,-0.399,-0.455,-0.575,-0.433,-0.2,-0.226,-0.589,0.696,0.797,0.604,-0.455,0.764,0.528,-0.374,0.432,0.171,0.76,-0.211,-0.165,0.779,0.761,0.495,0.093,-0.703,0.064,0.651,-0.488,-0.146,0.461,0.859,-0.527,0.223,0.827,-0.538,0.124,0.723,0.904,-0.525,0.808,0.433,-0.289,0.35,0.33,0.286,0.152,-0.082,0.794,0.315,0.363,0.451,-0.402,0.661,0.464,0.451,0.313,0.186,0.689,-0.476,-0.662,-0.363,-0.237,-0.24,-0.72,0.39,0.33,0.677,0.592,0.652,0.616,0.626,-0.261,0.683,-0.743,-0.206,-0.205,0.64,-0.525,-0.381,0.647,0.119,-0.494,0.088,0.701,-0.171,-0.651,-0.587,0.453,-0.885,0.653,0.755,0.807,0.822,-0.725,0.868,-0.261,0.001,-0.202,0.223,0.49,0.823,-0.461,0.504
ADVM,0.232,0.671,0.517,0.512,0.861,0.0,0.588,-0.538,0.644,-0.485,0.553,0.38,0.594,-0.147,-0.283,-0.143,-0.144,-0.331,-0.595,0.282,0.777,0.619,0.145,0.561,-0.056,-0.311,-0.404,0.74,-0.185,-0.46,0.338,-0.543,0.51,0.13,0.667,0.392,0.725,0.726,-0.095,0.049,-0.219,0.708,0.41,0.641,-0.498,0.773,-0.185,0.775,-0.517,-0.288,-0.212,0.488,0.615,-0.485,0.84,-0.202,0.231,0.721,-0.062,0.816,-0.742,0.35,-0.129,-0.422,-0.095,0.325,0.225,0.499,0.673,0.712,-0.685,-0.729,0.724,-0.684,0.711,0.386,-0.153,0.627,0.603,-0.748,0.605,-0.319,-0.376,-0.69,0.076,0.627,-0.128,0.28,-0.61,-0.624,0.822,0.558,0.622,0.073,0.272,0.59,0.601,-0.143,-0.463,-0.463,-0.666,-0.473,-0.233,-0.136,-0.603,0.701,0.803,0.492,-0.625,0.73,0.444,-0.493,0.216,0.224,0.592,-0.446,-0.293,0.784,0.736,0.525,0.061,-0.798,-0.097,0.364,-0.473,-0.42,0.581,0.844,-0.579,0.419,0.792,-0.52,0.217,0.71,0.858,-0.408,0.803,0.22,-0.505,0.064,0.464,0.396,0.139,-0.264,0.74,-0.016,0.025,0.465,-0.567,0.688,0.246,0.615,0.062,-0.018,0.56,-0.578,-0.596,-0.513,-0.305,-0.032,-0.56,0.49,0.14,0.594,0.641,0.533,0.672,0.501,-0.324,0.742,-0.538,-0.054,-0.019,0.68,-0.465,-0.47,0.549,-0.029,-0.629,-0.175,0.602,-0.011,-0.629,-0.522,0.19,-0.808,0.506,0.618,0.744,0.909,-0.691,0.733,-0.355,0.006,-0.096,0.243,0.621,0.735,-0.544,0.266
AEIS,0.103,0.932,0.964,0.729,0.728,0.588,0.0,-0.418,0.538,-0.696,0.822,0.313,0.803,0.052,-0.254,0.304,0.426,-0.356,-0.611,0.242,0.859,0.839,0.478,0.509,-0.159,-0.011,-0.051,0.773,0.161,-0.651,0.566,-0.701,0.588,0.45,0.734,0.805,0.705,0.646,-0.381,0.493,0.279,0.62,0.325,0.802,-0.098,0.656,0.046,0.753,-0.602,-0.515,0.001,0.52,0.738,-0.504,0.52,0.204,0.124,0.663,0.089,0.838,-0.76,0.627,-0.106,-0.028,0.26,0.653,0.229,0.522,0.775,0.875,-0.462,-0.748,0.535,-0.613,0.678,0.57,-0.209,0.727,0.718,-0.628,0.419,-0.113,-0.271,-0.573,-0.053,0.762,0.0,0.604,-0.345,-0.676,0.705,0.863,0.426,-0.295,0.361,0.831,0.458,-0.105,-0.25,-0.318,-0.498,-0.428,0.097,-0.07,-0.434,0.768,0.662,0.758,-0.249,0.725,0.534,-0.312,0.605,0.097,0.875,-0.051,0.083,0.766,0.804,0.52,0.206,-0.566,0.085,0.718,-0.501,-0.017,0.233,0.757,-0.513,0.238,0.793,-0.453,0.213,0.737,0.827,-0.218,0.747,0.53,0.073,0.489,0.52,0.301,0.174,-0.001,0.672,0.452,0.543,0.52,-0.31,0.391,0.583,0.483,0.547,0.372,0.791,-0.389,-0.693,-0.303,0.015,-0.225,-0.713,0.461,0.492,0.742,0.228,0.84,0.6,0.493,-0.104,0.636,-0.719,-0.286,-0.129,0.581,-0.529,-0.474,0.712,0.485,-0.499,0.376,0.886,-0.316,-0.669,-0.479,0.618,-0.812,0.658,0.856,0.75,0.591,-0.593,0.842,-0.324,-0.196,-0.231,0.167,0.466,0.606,-0.422,0.743
AGNCM,-0.393,-0.597,-0.328,-0.25,-0.365,-0.538,-0.418,0.0,-0.681,0.324,-0.338,-0.243,-0.214,-0.073,0.196,0.618,0.375,0.254,0.356,-0.527,-0.54,-0.272,0.25,-0.611,-0.042,0.593,0.746,-0.722,0.692,0.498,0.32,0.162,-0.181,0.155,-0.636,-0.427,-0.745,-0.713,-0.459,0.326,0.603,-0.325,-0.607,-0.629,0.452,-0.859,0.092,-0.714,0.136,-0.173,0.316,-0.064,-0.132,0.013,-0.501,0.576,-0.615,-0.699,0.481,-0.425,0.737,0.034,-0.104,0.529,0.597,-0.031,-0.4,-0.586,-0.723,-0.604,0.857,0.564,-0.824,0.7,-0.682,-0.335,-0.117,-0.708,-0.492,0.74,-0.667,0.542,0.644,0.599,-0.558,-0.743,-0.22,-0.346,0.798,0.764,-0.647,-0.261,-0.722,-0.319,-0.025,-0.318,-0.804,0.191,0.101,0.499,0.792,0.471,-0.344,-0.312,0.484,-0.766,-0.663,-0.594,0.727,-0.521,-0.136,0.498,-0.002,-0.447,-0.408,0.666,0.503,-0.715,-0.62,-0.694,-0.279,0.759,0.458,0.155,0.345,0.644,-0.609,-0.667,0.729,-0.678,-0.706,0.591,-0.743,-0.481,-0.54,0.157,-0.642,0.007,0.424,0.47,-0.509,-0.562,-0.406,0.537,-0.649,0.446,0.334,-0.634,0.823,-0.594,0.198,-0.856,0.313,0.422,-0.175,0.704,0.347,0.707,0.255,-0.275,0.197,-0.831,0.08,-0.329,-0.076,-0.395,-0.779,-0.266,0.253,-0.789,0.099,-0.175,-0.287,-0.646,0.184,0.839,-0.573,0.186,0.876,0.432,-0.523,-0.225,0.411,0.161,0.107,0.543,-0.074,-0.488,-0.535,-0.669,0.557,-0.383,0.436,0.109,-0.174,-0.537,-0.771,-0.475,0.819,0.027
AHCO,0.345,0.672,0.51,0.462,0.661,0.644,0.538,-0.681,0.0,-0.379,0.383,0.405,0.506,-0.233,-0.469,-0.18,-0.191,-0.44,-0.546,0.426,0.668,0.5,0.063,0.738,0.026,-0.658,-0.488,0.787,-0.436,-0.602,0.122,-0.464,0.425,-0.051,0.825,0.416,0.822,0.846,0.229,-0.064,-0.328,0.65,0.517,0.775,-0.484,0.826,-0.051,0.827,-0.401,-0.276,-0.6,0.277,0.45,-0.216,0.773,-0.255,0.256,0.813,-0.331,0.671,-0.838,0.189,-0.133,-0.361,-0.302,0.439,0.287,0.734,0.714,0.72,-0.776,-0.655,0.824,-0.686,0.819,0.489,0.044,0.74,0.749,-0.816,0.745,-0.223,-0.33,-0.689,0.393,0.647,-0.166,0.393,-0.674,-0.743,0.765,0.489,0.791,0.286,0.459,0.355,0.735,-0.004,-0.066,-0.509,-0.66,-0.519,0.252,0.081,-0.619,0.724,0.818,0.714,-0.702,0.706,0.45,-0.393,0.251,0.51,0.682,-0.453,-0.562,0.849,0.776,0.737,0.201,-0.849,-0.365,0.245,-0.348,-0.379,0.742,0.808,-0.685,0.588,0.868,-0.574,0.646,0.549,0.739,-0.521,0.822,0.157,-0.429,-0.071,0.347,0.591,0.48,-0.374,0.9,-0.104,0.063,0.636,-0.631,0.705,0.064,0.715,-0.073,-0.38,0.24,-0.597,-0.527,-0.527,-0.338,0.09,-0.503,0.711,0.133,0.323,0.325,0.593,0.832,0.601,-0.417,0.832,-0.487,0.163,0.158,0.824,-0.258,-0.677,0.722,-0.141,-0.772,-0.179,0.669,0.165,-0.465,-0.369,0.11,-0.757,0.377,0.696,0.636,0.798,-0.783,0.661,-0.248,-0.038,0.016,0.577,0.769,0.853,-0.779,0.244
ALGT,0.287,-0.733,-0.772,-0.695,-0.561,-0.485,-0.696,0.324,-0.379,0.0,-0.844,0.32,-0.708,0.393,-0.023,-0.148,-0.071,0.659,0.796,0.299,-0.835,-0.813,-0.514,0.011,0.171,-0.144,0.101,-0.726,-0.152,0.846,-0.329,0.79,-0.741,-0.075,-0.616,-0.509,-0.333,-0.318,0.586,-0.673,-0.038,-0.621,0.16,-0.394,0.373,-0.511,0.555,-0.515,0.817,0.48,-0.01,-0.083,-0.395,0.835,-0.24,0.167,0.062,-0.361,0.277,-0.775,0.71,-0.718,0.521,0.352,-0.046,-0.296,0.322,-0.088,-0.805,-0.695,0.382,0.794,-0.293,0.775,-0.255,-0.145,0.652,-0.31,-0.532,0.692,0.007,0.337,0.499,0.738,0.426,-0.545,-0.094,-0.053,0.562,0.703,-0.552,-0.793,-0.052,0.684,-0.013,-0.82,-0.183,0.649,0.086,0.648,0.68,0.612,0.157,0.5,0.718,-0.728,-0.347,-0.731,0.284,-0.364,0.044,0.743,-0.116,0.431,-0.652,0.441,-0.249,-0.516,-0.48,-0.054,0.289,0.531,-0.342,-0.559,0.845,0.261,0.054,-0.717,0.699,0.146,-0.606,0.678,0.061,-0.901,-0.704,0.361,-0.553,-0.378,-0.253,-0.289,-0.031,0.187,0.3,0.381,-0.64,-0.485,-0.578,-0.254,0.424,-0.307,-0.665,-0.349,-0.55,-0.42,-0.779,0.643,0.866,0.499,0.277,0.644,0.819,-0.116,0.074,-0.807,0.132,-0.759,-0.279,-0.201,0.483,-0.384,0.726,0.673,0.545,-0.21,0.822,0.194,-0.461,-0.041,0.52,-0.008,-0.503,0.755,0.903,0.845,-0.724,0.625,-0.751,-0.758,-0.834,-0.443,0.707,-0.626,0.742,0.25,0.675,-0.007,-0.126,-0.53,0.515,-0.362
ALLO,-0.015,0.801,0.818,0.778,0.689,0.553,0.822,-0.338,0.383,-0.844,0.0,-0.048,0.758,-0.247,-0.096,0.242,0.155,-0.462,-0.765,-0.171,0.846,0.889,0.5,0.192,0.047,0.091,-0.025,0.716,0.244,-0.755,0.393,-0.762,0.655,0.254,0.667,0.615,0.488,0.445,-0.561,0.577,0.078,0.562,0.037,0.603,-0.16,0.564,-0.353,0.597,-0.654,-0.58,0.123,0.42,0.525,-0.7,0.31,-0.057,-0.087,0.451,-0.188,0.818,-0.686,0.622,-0.415,-0.091,0.184,0.422,0.044,0.227,0.77,0.774,-0.393,-0.853,0.354,-0.639,0.412,0.156,-0.513,0.438,0.646,-0.672,0.157,-0.284,-0.431,-0.648,-0.252,0.658,0.059,0.204,-0.513,-0.736,0.639,0.843,0.155,-0.54,0.109,0.92,0.294,-0.392,-0.208,-0.535,-0.632,-0.442,-0.128,-0.297,-0.606,0.752,0.448,0.734,-0.267,0.488,0.17,-0.577,0.294,-0.268,0.781,-0.268,0.325,0.627,0.578,0.292,-0.065,-0.463,0.313,0.644,-0.698,-0.11,0.113,0.752,-0.588,-0.014,0.698,-0.688,-0.049,0.832,0.764,-0.307,0.619,0.48,0.165,0.37,0.268,-0.027,-0.126,-0.199,0.634,0.489,0.556,0.463,-0.415,0.402,0.562,0.368,0.624,0.504,0.899,-0.46,-0.742,-0.429,-0.071,-0.533,-0.763,0.282,0.144,0.881,0.057,0.718,0.403,0.315,-0.113,0.488,-0.767,-0.575,-0.442,0.339,-0.701,-0.327,0.637,0.245,-0.475,0.179,0.618,-0.569,-0.821,-0.612,0.703,-0.722,0.683,0.782,0.802,0.481,-0.65,0.763,-0.575,-0.182,-0.453,-0.032,0.214,0.481,-0.457,0.502
AMSF,0.626,0.28,0.18,0.035,0.429,0.38,0.313,-0.243,0.405,0.32,-0.048,0.0,0.173,0.334,-0.386,0.047,0.219,0.34,0.127,0.682,0.125,0.009,-0.188,0.79,-0.123,-0.418,-0.151,0.157,-0.169,0.19,0.304,0.087,-0.154,0.389,0.27,0.311,0.602,0.582,0.291,-0.319,0.112,0.229,0.696,0.517,0.187,0.357,0.577,0.423,0.179,-0.064,-0.277,0.564,0.45,0.305,0.631,0.329,0.254,0.544,0.334,0.225,-0.232,-0.215,0.513,0.175,0.123,0.397,0.769,0.612,0.038,0.277,-0.253,-0.05,0.465,0.025,0.662,0.532,0.521,0.633,0.303,-0.124,0.695,0.113,0.135,0.043,0.529,0.326,-0.203,0.587,0.066,-0.115,0.344,0.079,0.65,0.578,0.533,-0.001,0.459,0.711,-0.319,0.259,0.034,0.164,0.184,0.494,0.199,0.133,0.571,0.057,-0.177,0.622,0.732,0.404,0.553,0.722,0.345,0.281,-0.491,0.46,0.489,0.692,0.618,-0.291,-0.48,0.162,0.375,0.152,0.555,0.244,0.094,0.589,0.407,0.153,0.423,-0.123,0.326,-0.051,0.383,0.131,-0.534,0.116,0.595,0.698,0.593,0.365,0.226,-0.116,-0.17,0.403,-0.016,0.339,-0.163,0.273,-0.142,-0.269,0.008,0.13,0.155,0.12,0.154,0.52,0.074,0.563,0.622,-0.062,0.704,0.113,0.571,0.443,0.294,0.484,-0.081,0.507,0.567,0.606,0.349,-0.456,0.43,0.327,-0.126,0.27,0.464,0.59,0.217,0.318,-0.179,-0.372,-0.117,0.136,0.015,0.439,-0.046,0.345,0.468,0.014,0.603,0.324,0.608,0.324,-0.051,0.419
ANAB,0.04,0.76,0.806,0.608,0.802,0.594,0.803,-0.214,0.506,-0.708,0.758,0.173,0.0,-0.251,-0.073,0.37,0.333,-0.281,-0.604,-0.051,0.81,0.802,0.543,0.274,-0.159,0.05,0.067,0.623,0.312,-0.579,0.67,-0.701,0.566,0.461,0.545,0.574,0.496,0.442,-0.562,0.548,0.284,0.678,0.182,0.579,-0.103,0.475,-0.203,0.559,-0.669,-0.612,-0.031,0.57,0.624,-0.628,0.54,0.248,-0.05,0.439,0.126,0.808,-0.668,0.566,-0.178,-0.049,0.422,0.582,0.052,0.228,0.678,0.706,-0.254,-0.711,0.347,-0.545,0.438,0.402,-0.412,0.53,0.654,-0.556,0.198,-0.139,-0.271,-0.511,-0.31,0.542,0.039,0.281,-0.28,-0.542,0.628,0.834,0.211,-0.423,0.313,0.78,0.21,-0.128,-0.184,-0.304,-0.45,-0.265,-0.105,-0.255,-0.44,0.622,0.546,0.644,-0.156,0.634,0.452,-0.322,0.475,-0.061,0.757,-0.056,0.075,0.612,0.63,0.284,0.131,-0.508,0.282,0.762,-0.462,-0.026,0.166,0.746,-0.392,-0.045,0.685,-0.448,0.007,0.707,0.803,-0.31,0.656,0.615,0.123,0.517,0.15,0.02,-0.147,0.037,0.682,0.597,0.619,0.45,-0.162,0.558,0.675,0.231,0.625,0.422,0.782,-0.305,-0.644,-0.177,-0.045,-0.411,-0.713,0.219,0.421,0.711,0.302,0.737,0.369,0.431,-0.168,0.431,-0.731,-0.504,-0.295,0.353,-0.524,-0.267,0.497,0.352,-0.295,0.345,0.657,-0.475,-0.636,-0.66,0.743,-0.753,0.651,0.743,0.754,0.525,-0.57,0.796,-0.245,-0.3,-0.31,0.073,0.214,0.659,-0.273,0.645
ANDE,0.171,-0.065,-0.049,-0.204,-0.255,-0.147,0.052,-0.073,-0.233,0.393,-0.247,0.334,-0.251,0.0,-0.079,-0.053,0.303,0.424,0.408,0.471,-0.235,-0.246,-0.112,0.294,0.06,0.154,0.012,-0.152,-0.013,0.342,-0.072,0.328,-0.408,0.269,-0.248,0.083,0.119,0.093,0.32,-0.293,0.14,-0.338,0.291,0.127,0.256,-0.043,0.596,0.03,0.437,0.253,0.312,0.145,0.072,0.471,-0.106,0.239,0.267,0.121,0.359,-0.266,0.205,-0.116,0.524,0.336,0.027,0.071,0.322,0.287,-0.248,-0.092,0.074,0.297,0.101,0.325,0.183,0.364,0.592,0.118,-0.152,0.356,0.271,0.244,0.257,0.331,0.322,0.001,0.201,0.415,0.298,0.301,-0.156,-0.198,0.21,0.325,-0.021,-0.198,0.224,0.367,-0.114,0.375,0.33,0.207,0.335,0.396,0.448,-0.103,0.06,-0.213,0.196,0.028,0.249,0.437,0.228,0.34,-0.18,0.328,0.009,-0.06,0.051,0.134,0.323,0.237,-0.047,-0.129,0.359,0.143,0.023,-0.29,0.3,0.334,-0.183,0.425,0.133,-0.326,-0.216,0.469,-0.132,0.033,-0.012,-0.009,0.452,0.444,0.301,0.339,-0.366,-0.192,-0.287,0.011,0.158,-0.279,-0.183,-0.006,-0.216,-0.044,-0.2,0.309,0.306,0.207,0.194,0.433,0.352,0.101,0.374,-0.166,0.003,-0.122,0.092,0.06,0.331,0.04,0.332,0.379,0.487,0.119,0.323,-0.069,-0.106,0.358,0.144,0.162,0.165,0.387,0.351,0.479,-0.388,0.225,-0.284,-0.166,-0.344,-0.133,0.394,-0.101,0.333,0.164,0.386,-0.144,0.209,-0.321,0.271,0.074
APLS,0.054,-0.215,-0.24,-0.43,-0.384,-0.283,-0.254,0.196,-0.469,-0.023,-0.096,-0.386,-0.073,-0.079,0.0,-0.201,0.093,0.463,0.441,-0.178,-0.247,-0.343,-0.262,-0.543,-0.334,0.352,-0.039,-0.413,0.082,0.321,-0.157,0.467,-0.341,0.304,-0.508,-0.027,-0.446,-0.592,-0.155,0.096,0.176,-0.242,-0.037,-0.504,0.135,-0.408,-0.205,-0.535,0.159,0.435,0.146,-0.219,-0.565,0.155,-0.46,0.035,0.241,-0.558,0.164,-0.382,0.318,-0.262,0.271,-0.095,0.066,-0.544,-0.113,-0.691,-0.144,-0.413,0.461,0.318,-0.479,0.179,-0.554,-0.326,-0.286,-0.199,-0.533,0.355,-0.571,-0.439,-0.362,0.409,-0.201,-0.142,0.658,-0.351,0.258,0.193,-0.322,-0.274,-0.51,-0.285,-0.6,-0.018,-0.432,-0.119,0.067,0.393,0.168,0.511,-0.204,0.162,0.448,-0.296,-0.572,-0.287,0.443,-0.302,-0.329,0.005,-0.316,-0.416,-0.353,0.056,0.132,-0.449,-0.496,-0.386,0.185,0.339,0.185,-0.346,0.229,-0.074,-0.477,-0.271,0.353,-0.384,-0.422,0.203,-0.179,-0.197,-0.326,0.58,-0.466,0.029,0.313,-0.227,-0.213,-0.487,-0.663,-0.003,-0.397,0.029,-0.034,-0.074,0.335,-0.127,-0.08,-0.31,0.118,0.083,-0.035,0.254,0.367,0.255,0.333,-0.066,0.428,-0.204,-0.115,-0.139,-0.243,-0.278,-0.498,-0.703,0.243,-0.541,0.454,-0.314,0.005,-0.629,0.206,0.167,-0.561,0.183,0.367,0.115,-0.421,-0.241,0.239,0.025,0.285,0.4,-0.426,-0.484,-0.239,-0.472,0.51,-0.509,-0.004,-0.596,0.141,-0.175,-0.449,-0.443,0.346,-0.071
APPF,-0.347,0.095,0.411,0.291,0.192,-0.143,0.304,0.618,-0.18,-0.148,0.242,0.047,0.37,-0.053,-0.201,0.0,0.732,-0.046,-0.142,-0.382,0.083,0.398,0.702,-0.141,-0.014,0.428,0.759,-0.137,0.816,-0.047,0.744,-0.424,0.257,0.448,-0.013,0.145,-0.187,-0.152,-0.707,0.651,0.819,0.154,-0.399,0.061,0.413,-0.348,0.152,-0.092,-0.315,-0.709,0.284,0.413,0.513,-0.32,-0.055,0.786,-0.634,-0.168,0.475,0.223,0.116,0.548,-0.18,0.658,0.825,0.672,-0.187,-0.083,-0.174,0.088,0.48,0.008,-0.387,0.284,-0.112,0.141,-0.177,-0.188,0.13,0.25,-0.259,0.667,0.612,0.151,-0.528,-0.195,-0.291,0.199,0.542,0.242,-0.158,0.457,-0.342,-0.489,0.456,0.23,-0.444,0.251,-0.01,0.192,0.467,0.093,-0.078,-0.355,0.094,-0.2,-0.076,0.029,0.526,0.015,0.311,0.358,0.561,-0.245,0.322,0.704,0.56,-0.102,0.002,-0.21,-0.127,0.326,0.444,0.788,0.01,0.795,-0.356,-0.122,0.317,-0.48,-0.054,0.231,-0.54,0.022,0.106,-0.106,-0.073,0.401,0.479,0.937,-0.154,-0.262,-0.107,0.526,-0.103,0.828,0.769,-0.176,0.566,-0.322,0.65,-0.501,0.634,0.627,0.365,0.433,-0.19,0.503,0.25,-0.468,-0.395,-0.451,0.547,0.195,0.056,0.286,-0.264,0.27,0.154,-0.248,-0.536,-0.342,-0.409,-0.11,-0.178,0.429,0.053,0.536,0.474,0.769,0.236,-0.448,-0.047,-0.164,0.448,-0.043,0.491,0.214,-0.018,-0.2,0.033,0.333,0.308,0.07,-0.351,-0.447,-0.388,0.019,0.45,0.631
ASML,-0.103,0.269,0.47,0.142,0.061,-0.144,0.426,0.375,-0.191,-0.071,0.155,0.219,0.333,0.303,0.093,0.732,0.0,0.284,0.207,0.053,0.077,0.199,0.521,0.038,-0.244,0.407,0.446,-0.146,0.64,0.152,0.618,-0.097,0.011,0.749,-0.092,0.453,-0.043,-0.116,-0.464,0.481,0.917,0.017,0.018,0.138,0.492,-0.232,0.408,-0.065,-0.117,-0.317,0.37,0.439,0.402,-0.011,-0.05,0.853,-0.09,-0.11,0.712,0.11,0.059,0.382,0.302,0.511,0.736,0.583,0.101,-0.044,-0.076,0.135,0.42,0.138,-0.277,0.273,0.011,0.407,0.053,0.155,0.061,0.323,-0.144,0.386,0.346,0.314,-0.217,0.055,0.122,0.521,0.621,0.204,-0.122,0.385,-0.198,-0.345,0.287,0.225,-0.285,0.406,0.041,0.474,0.465,0.309,0.158,0.115,0.406,-0.134,-0.041,0.041,0.597,0.198,0.49,0.47,0.684,-0.066,0.328,0.765,0.399,-0.04,0.07,0.01,0.321,0.288,0.195,0.587,0.271,0.666,-0.294,-0.131,0.413,-0.21,-0.047,0.423,-0.196,-0.065,0.085,0.403,-0.079,0.447,0.417,0.769,0.215,-0.063,-0.09,0.547,-0.182,0.629,0.541,0.063,0.606,-0.275,0.517,-0.336,0.548,0.449,0.298,0.516,-0.0,0.604,0.545,-0.103,-0.123,-0.13,0.813,0.124,0.054,0.312,-0.151,0.087,0.327,-0.183,-0.231,-0.252,-0.015,-0.064,0.081,0.173,-0.045,0.887,0.408,0.912,0.416,-0.26,0.133,0.041,0.432,0.009,0.204,0.125,-0.102,-0.217,0.274,0.217,0.407,-0.271,0.018,-0.312,-0.198,-0.094,0.491,0.793
ATRC,0.524,-0.405,-0.46,-0.628,-0.375,-0.331,-0.356,0.254,-0.44,0.659,-0.462,0.34,-0.281,0.424,0.463,-0.046,0.284,0.0,0.829,0.268,-0.58,-0.634,-0.402,-0.05,-0.131,0.086,0.084,-0.674,0.104,0.783,-0.078,0.779,-0.822,0.511,-0.66,-0.167,-0.27,-0.383,0.205,-0.403,0.248,-0.424,0.375,-0.305,0.509,-0.46,0.403,-0.503,0.677,0.376,0.208,0.25,-0.37,0.665,-0.197,0.4,0.194,-0.415,0.481,-0.579,0.527,-0.641,0.758,0.373,0.231,-0.248,0.518,-0.328,-0.586,-0.557,0.515,0.61,-0.387,0.684,-0.25,-0.087,0.402,-0.049,-0.509,0.66,-0.146,-0.01,0.127,0.791,0.265,-0.26,0.41,-0.007,0.595,0.507,-0.448,-0.496,-0.193,0.332,-0.175,-0.363,-0.266,0.695,-0.089,0.814,0.567,0.909,0.056,0.641,0.861,-0.557,-0.348,-0.593,0.536,-0.13,0.147,0.698,0.086,0.217,-0.383,0.528,-0.049,-0.428,-0.435,0.003,0.638,0.528,-0.128,-0.32,0.856,0.305,-0.096,-0.504,0.752,-0.028,-0.474,0.598,-0.051,-0.718,-0.457,0.65,-0.511,0.083,-0.059,-0.121,0.112,0.012,-0.132,0.539,-0.6,-0.14,-0.357,0.066,0.549,-0.11,-0.443,-0.45,-0.159,-0.151,-0.306,0.735,0.845,0.575,0.513,0.416,0.767,-0.014,0.414,-0.49,0.205,-0.573,-0.318,-0.399,0.762,-0.43,0.603,0.198,0.505,-0.354,0.803,0.05,-0.467,0.416,0.6,0.349,-0.299,0.418,0.776,0.651,-0.264,0.482,-0.756,-0.683,-0.669,-0.438,0.784,-0.461,0.742,-0.352,0.775,-0.265,-0.224,-0.521,0.642,0.066
AVGO,0.259,-0.626,-0.66,-0.796,-0.69,-0.595,-0.611,0.356,-0.546,0.796,-0.765,0.127,-0.604,0.408,0.441,-0.142,0.207,0.829,0.0,0.247,-0.815,-0.863,-0.507,-0.205,-0.126,0.078,0.047,-0.823,-0.051,0.898,-0.303,0.928,-0.839,0.199,-0.76,-0.303,-0.482,-0.554,0.396,-0.454,0.212,-0.636,0.185,-0.54,0.495,-0.614,0.481,-0.689,0.8,0.619,0.13,-0.148,-0.56,0.823,-0.423,0.304,0.249,-0.573,0.446,-0.837,0.727,-0.697,0.714,0.266,0.051,-0.394,0.254,-0.395,-0.745,-0.736,0.569,0.883,-0.494,0.756,-0.432,-0.109,0.468,-0.256,-0.706,0.797,-0.271,0.095,0.244,0.899,0.307,-0.475,0.309,-0.029,0.697,0.688,-0.639,-0.73,-0.289,0.397,-0.24,-0.673,-0.37,0.565,0.198,0.849,0.709,0.804,0.201,0.624,0.921,-0.741,-0.558,-0.715,0.576,-0.375,-0.008,0.713,-0.087,0.194,-0.619,0.522,-0.12,-0.647,-0.628,-0.168,0.478,0.645,-0.251,-0.573,0.898,0.295,-0.224,-0.757,0.801,-0.051,-0.709,0.754,0.03,-0.879,-0.76,0.736,-0.716,-0.202,0.011,-0.268,-0.021,-0.057,-0.053,0.401,-0.75,-0.324,-0.454,-0.222,0.618,-0.38,-0.516,-0.462,-0.352,-0.341,-0.65,0.731,0.913,0.655,0.504,0.531,0.889,-0.148,0.203,-0.755,-0.061,-0.691,-0.478,-0.512,0.548,-0.598,0.82,0.353,0.54,-0.468,0.858,0.215,-0.662,0.256,0.628,0.218,-0.488,0.47,0.927,0.755,-0.431,0.743,-0.852,-0.851,-0.859,-0.637,0.906,-0.753,0.703,-0.191,0.683,-0.13,-0.31,-0.66,0.667,-0.173
AVT,0.593,0.317,0.091,-0.068,0.117,0.282,0.242,-0.527,0.426,0.299,-0.171,0.682,-0.051,0.471,-0.178,-0.382,0.053,0.268,0.247,0.0,0.065,-0.154,-0.39,0.765,-0.137,-0.509,-0.485,0.248,-0.538,0.15,-0.084,0.283,-0.185,0.215,0.293,0.369,0.633,0.565,0.653,-0.53,-0.118,0.106,0.837,0.474,-0.09,0.466,0.568,0.441,0.24,0.383,-0.314,0.212,0.156,0.512,0.471,-0.005,0.695,0.558,0.166,0.041,-0.285,-0.295,0.599,-0.14,-0.321,0.074,0.67,0.632,0.19,0.259,-0.477,0.011,0.592,-0.112,0.649,0.564,0.63,0.725,0.221,-0.169,0.728,-0.146,-0.122,-0.004,0.795,0.476,0.095,0.65,-0.111,-0.209,0.339,-0.101,0.747,0.703,0.244,-0.1,0.656,0.427,-0.145,0.24,-0.108,0.051,0.403,0.725,0.178,0.217,0.505,0.112,-0.336,0.536,0.541,0.212,0.309,0.78,0.161,0.012,-0.649,0.471,0.483,0.75,0.606,-0.39,-0.662,-0.24,0.351,-0.254,0.62,0.203,-0.079,0.812,0.365,0.139,0.752,-0.103,0.199,0.179,0.38,-0.111,-0.563,-0.275,0.682,0.806,0.63,0.086,0.215,-0.519,-0.437,0.479,-0.192,0.308,-0.388,0.569,-0.379,-0.524,-0.19,-0.053,0.186,-0.098,0.121,0.794,0.274,0.744,0.39,-0.227,0.404,0.098,0.64,0.263,0.149,0.526,0.26,0.674,0.751,0.61,0.4,-0.655,0.307,0.221,-0.377,0.022,0.425,0.7,0.225,0.376,-0.322,-0.271,-0.297,0.076,-0.015,0.414,-0.005,0.116,0.271,-0.076,0.681,0.538,0.733,0.215,-0.28,0.191
AXDX,-0.003,0.902,0.857,0.761,0.833,0.777,0.859,-0.54,0.668,-0.835,0.846,0.125,0.81,-0.235,-0.247,0.083,0.077,-0.58,-0.815,0.065,0.0,0.892,0.458,0.418,-0.104,-0.143,-0.257,0.907,-0.001,-0.798,0.436,-0.809,0.738,0.171,0.809,0.66,0.696,0.68,-0.351,0.457,-0.03,0.723,0.221,0.741,-0.396,0.789,-0.282,0.816,-0.751,-0.483,-0.125,0.409,0.659,-0.69,0.606,-0.131,0.138,0.693,-0.149,0.945,-0.882,0.64,-0.324,-0.35,0.056,0.503,0.029,0.462,0.915,0.917,-0.632,-0.9,0.652,-0.846,0.64,0.434,-0.412,0.635,0.775,-0.853,0.415,-0.315,-0.465,-0.819,-0.132,0.748,-0.028,0.363,-0.644,-0.792,0.835,0.875,0.452,-0.326,0.227,0.832,0.515,-0.373,-0.245,-0.635,-0.763,-0.649,-0.1,-0.298,-0.741,0.893,0.73,0.812,-0.501,0.708,0.353,-0.637,0.319,-0.02,0.812,-0.415,-0.019,0.825,0.803,0.438,-0.02,-0.765,0.119,0.613,-0.742,-0.318,0.342,0.923,-0.743,0.212,0.876,-0.696,0.21,0.935,0.936,-0.409,0.843,0.418,-0.058,0.278,0.366,0.206,0.053,-0.342,0.85,0.323,0.437,0.506,-0.573,0.568,0.576,0.607,0.405,0.262,0.776,-0.682,-0.867,-0.55,-0.224,-0.34,-0.835,0.445,0.164,0.853,0.236,0.84,0.625,0.498,-0.41,0.721,-0.768,-0.37,-0.275,0.595,-0.742,-0.461,0.681,0.136,-0.688,0.017,0.78,-0.383,-0.874,-0.739,0.575,-0.889,0.756,0.912,0.942,0.749,-0.818,0.864,-0.603,-0.139,-0.42,0.238,0.494,0.771,-0.642,0.477
AXSM,-0.208,0.797,0.871,0.826,0.776,0.619,0.839,-0.272,0.5,-0.813,0.889,0.009,0.802,-0.246,-0.343,0.398,0.199,-0.634,-0.863,-0.154,0.892,0.0,0.659,0.264,0.061,0.068,0.073,0.788,0.264,-0.79,0.575,-0.922,0.803,0.174,0.744,0.562,0.52,0.544,-0.554,0.63,0.15,0.67,-0.057,0.672,-0.241,0.575,-0.24,0.689,-0.788,-0.694,0.039,0.448,0.749,-0.751,0.445,0.035,-0.159,0.545,-0.09,0.906,-0.713,0.785,-0.502,-0.059,0.263,0.617,-0.104,0.379,0.758,0.847,-0.429,-0.85,0.448,-0.66,0.492,0.326,-0.464,0.396,0.723,-0.693,0.248,-0.007,-0.176,-0.725,-0.325,0.566,-0.166,0.312,-0.461,-0.645,0.677,0.914,0.241,-0.479,0.303,0.837,0.315,-0.359,-0.183,-0.588,-0.559,-0.629,-0.112,-0.477,-0.718,0.741,0.585,0.75,-0.317,0.531,0.312,-0.528,0.392,-0.153,0.79,-0.195,0.269,0.685,0.697,0.264,-0.194,-0.535,0.334,0.79,-0.757,-0.056,0.167,0.764,-0.611,0.005,0.741,-0.612,-0.038,0.872,0.826,-0.47,0.715,0.466,0.141,0.535,0.201,0.046,0.014,-0.194,0.711,0.539,0.641,0.346,-0.383,0.347,0.72,0.395,0.575,0.487,0.828,-0.508,-0.884,-0.414,-0.183,-0.513,-0.916,0.183,0.194,0.845,0.132,0.828,0.447,0.573,-0.339,0.553,-0.886,-0.443,-0.482,0.472,-0.801,-0.226,0.66,0.184,-0.475,0.179,0.708,-0.534,-0.854,-0.707,0.621,-0.798,0.882,0.9,0.852,0.584,-0.762,0.883,-0.531,0.046,-0.593,0.052,0.265,0.642,-0.466,0.518
AZN,-0.538,0.4,0.6,0.652,0.36,0.145,0.478,0.25,0.063,-0.514,0.5,-0.188,0.543,-0.112,-0.262,0.702,0.521,-0.402,-0.507,-0.39,0.458,0.659,0.0,-0.062,0.152,0.382,0.43,0.305,0.685,-0.466,0.573,-0.731,0.61,0.24,0.266,0.257,0.049,0.106,-0.673,0.656,0.492,0.285,-0.426,0.228,-0.013,0.056,-0.148,0.249,-0.575,-0.71,0.368,0.356,0.562,-0.612,0.105,0.393,-0.435,0.119,0.221,0.522,-0.28,0.835,-0.436,0.232,0.535,0.663,-0.363,0.071,0.294,0.45,0.072,-0.41,-0.049,-0.166,0.057,0.259,-0.272,-0.039,0.423,-0.161,-0.104,0.407,0.284,-0.343,-0.536,0.114,-0.162,0.195,0.048,-0.101,0.121,0.693,-0.147,-0.635,0.314,0.455,-0.125,-0.212,0.11,-0.272,-0.023,-0.326,-0.06,-0.54,-0.378,0.244,0.205,0.42,0.124,0.143,0.164,-0.143,0.451,-0.352,0.471,0.206,0.582,0.206,0.312,-0.138,-0.351,-0.043,0.503,0.805,-0.42,0.282,-0.128,0.229,-0.174,-0.277,0.233,-0.123,-0.362,0.484,0.425,-0.212,0.304,0.359,0.422,0.781,-0.101,-0.175,-0.2,0.168,0.24,0.689,0.691,0.03,0.109,-0.062,0.738,-0.142,0.649,0.645,0.535,-0.03,-0.61,0.088,-0.044,-0.573,-0.693,-0.28,0.306,0.519,-0.071,0.587,0.001,0.443,-0.242,0.096,-0.712,-0.501,-0.549,0.091,-0.55,0.276,0.202,0.341,0.018,0.384,0.432,-0.607,-0.497,-0.531,0.495,-0.298,0.77,0.596,0.396,0.128,-0.382,0.585,-0.18,0.139,-0.614,-0.357,-0.177,0.223,0.02,0.504
BANR,0.535,0.573,0.405,0.318,0.533,0.561,0.509,-0.611,0.738,0.011,0.192,0.79,0.274,0.294,-0.543,-0.141,0.038,-0.05,-0.205,0.765,0.418,0.264,-0.062,0.0,0.036,-0.594,-0.433,0.567,-0.401,-0.233,0.126,-0.18,0.14,0.166,0.65,0.454,0.891,0.9,0.414,-0.319,-0.167,0.428,0.726,0.792,-0.195,0.735,0.389,0.796,-0.047,-0.136,-0.364,0.469,0.525,0.131,0.759,-0.012,0.357,0.869,-0.008,0.476,-0.614,0.019,0.26,-0.081,-0.206,0.471,0.662,0.9,0.426,0.597,-0.67,-0.387,0.824,-0.357,0.934,0.668,0.53,0.808,0.614,-0.515,0.951,-0.013,-0.073,-0.361,0.665,0.646,-0.138,0.669,-0.375,-0.492,0.597,0.306,0.932,0.569,0.54,0.183,0.84,0.383,-0.241,-0.139,-0.348,-0.259,0.399,0.425,-0.239,0.513,0.84,0.442,-0.545,0.734,0.668,0.006,0.503,0.768,0.56,-0.11,-0.53,0.793,0.769,0.896,0.453,-0.636,-0.539,0.166,0.023,-0.161,0.804,0.554,-0.378,0.834,0.732,-0.211,0.658,0.223,0.581,-0.233,0.692,0.085,-0.589,-0.022,0.708,0.903,0.722,0.01,0.584,-0.248,-0.186,0.635,-0.434,0.494,-0.146,0.676,-0.2,-0.39,0.122,-0.277,-0.205,-0.272,-0.092,0.467,-0.191,0.804,0.451,0.135,0.514,0.416,0.898,0.642,-0.017,0.84,-0.267,0.513,0.518,0.908,0.078,-0.691,0.702,0.156,-0.589,0.022,0.718,0.511,-0.134,0.087,-0.173,-0.582,0.122,0.479,0.327,0.721,-0.455,0.576,0.115,0.128,0.4,0.445,0.905,0.556,-0.52,0.351
BBIO,-0.079,-0.152,-0.175,0.082,-0.063,-0.056,-0.159,-0.042,0.026,0.171,0.047,-0.123,-0.159,0.06,-0.334,-0.014,-0.244,-0.131,-0.126,-0.137,-0.104,0.061,0.152,0.036,0.0,-0.14,0.013,0.0,-0.001,-0.084,-0.334,-0.083,-0.019,-0.33,0.002,-0.196,-0.023,0.064,0.193,-0.238,-0.296,-0.187,-0.139,0.073,-0.032,0.014,-0.026,0.031,0.209,-0.113,0.157,0.142,-0.064,0.123,-0.084,-0.238,-0.2,-0.0,-0.262,-0.076,0.078,-0.002,-0.23,0.22,-0.119,0.105,0.085,0.112,-0.072,0.02,-0.078,-0.095,0.05,0.157,-0.015,-0.172,0.127,-0.212,0.121,-0.01,0.079,0.194,0.163,-0.091,0.108,-0.065,-0.075,-0.035,-0.146,0.009,-0.064,-0.059,0.014,0.11,0.055,-0.113,0.077,-0.005,0.348,-0.193,-0.026,-0.104,0.16,0.009,-0.192,0.024,0.04,0.047,-0.166,-0.252,-0.112,0.026,-0.165,0.112,-0.071,-0.077,0.179,-0.013,-0.009,0.038,-0.204,0.113,0.086,-0.074,-0.032,0.001,0.207,-0.074,-0.025,0.069,-0.035,-0.223,-0.062,-0.063,-0.079,-0.064,-0.008,-0.07,-0.045,-0.107,-0.078,0.081,0.233,-0.155,-0.002,-0.205,-0.152,0.143,-0.2,0.091,-0.217,0.01,-0.18,0.04,-0.109,0.047,0.009,-0.1,-0.008,-0.058,0.006,-0.039,-0.146,0.042,-0.14,-0.163,0.029,0.269,0.134,0.069,-0.016,0.084,-0.151,0.068,-0.023,0.02,0.119,-0.192,-0.091,-0.213,-0.064,0.098,-0.007,0.121,-0.344,0.089,0.028,0.048,-0.058,-0.01,-0.107,0.091,-0.044,0.53,-0.049,-0.125,-0.036,-0.148,-0.112,-0.254
BCYC,-0.504,-0.173,0.046,-0.023,-0.228,-0.311,-0.011,0.593,-0.658,-0.144,0.091,-0.418,0.05,0.154,0.352,0.428,0.407,0.086,0.078,-0.509,-0.143,0.068,0.382,-0.594,-0.14,0.0,0.526,-0.34,0.613,0.163,0.312,-0.071,0.009,0.213,-0.454,-0.009,-0.554,-0.565,-0.612,0.581,0.513,-0.203,-0.574,-0.435,0.359,-0.544,-0.025,-0.462,-0.13,-0.107,0.569,-0.052,-0.004,-0.241,-0.548,0.357,-0.306,-0.506,0.382,-0.131,0.432,0.331,-0.114,0.281,0.497,-0.095,-0.404,-0.544,-0.269,-0.233,0.636,0.189,-0.613,0.305,-0.549,-0.218,-0.329,-0.506,-0.396,0.5,-0.635,0.223,0.217,0.309,-0.643,-0.387,0.186,-0.223,0.468,0.422,-0.446,0.059,-0.69,-0.652,-0.367,0.136,-0.564,-0.222,0.005,0.233,0.375,0.194,-0.299,-0.395,0.254,-0.301,-0.521,-0.277,0.652,-0.371,-0.226,0.084,-0.023,-0.641,-0.24,0.367,0.735,-0.484,-0.355,-0.664,-0.28,0.569,0.733,0.232,-0.085,0.335,-0.728,-0.366,0.364,-0.618,-0.47,0.276,-0.673,-0.02,-0.266,0.31,-0.444,0.267,0.635,0.408,-0.297,-0.608,-0.542,0.308,-0.512,0.507,0.424,-0.485,0.505,-0.545,0.442,-0.572,0.478,0.64,0.236,0.342,-0.005,0.354,0.159,-0.48,-0.035,-0.682,0.043,0.166,-0.29,-0.052,-0.607,-0.268,0.108,-0.556,-0.019,-0.51,-0.42,-0.615,-0.245,0.618,-0.413,0.298,0.562,0.344,-0.24,-0.549,-0.023,-0.127,0.362,0.29,0.141,-0.172,-0.131,-0.497,0.371,-0.15,-0.072,0.0,-0.408,-0.603,-0.667,-0.441,0.586,0.146
BHFAP,-0.39,-0.303,0.016,0.027,-0.154,-0.404,-0.051,0.746,-0.488,0.101,-0.025,-0.151,0.067,0.012,-0.039,0.759,0.446,0.084,0.047,-0.485,-0.257,0.073,0.43,-0.433,0.013,0.526,0.0,-0.407,0.734,0.175,0.488,-0.159,0.028,0.231,-0.339,-0.194,-0.477,-0.457,-0.565,0.444,0.609,-0.181,-0.553,-0.259,0.461,-0.63,0.131,-0.429,-0.027,-0.44,0.326,0.069,0.154,-0.174,-0.358,0.639,-0.688,-0.449,0.402,-0.157,0.479,0.267,-0.184,0.663,0.719,0.251,-0.301,-0.33,-0.443,-0.31,0.651,0.253,-0.616,0.483,-0.452,-0.185,-0.186,-0.501,-0.196,0.504,-0.504,0.601,0.616,0.36,-0.593,-0.483,-0.334,-0.147,0.636,0.493,-0.377,0.032,-0.559,-0.413,0.202,-0.005,-0.617,0.14,-0.045,0.315,0.587,0.249,-0.222,-0.399,0.28,-0.47,-0.428,-0.243,0.617,-0.375,0.0,0.449,0.237,-0.345,-0.109,0.638,0.577,-0.455,-0.282,-0.517,-0.248,0.581,0.498,0.441,0.112,0.668,-0.582,-0.427,0.485,-0.623,-0.421,0.362,-0.651,-0.248,-0.279,-0.031,-0.348,0.155,0.562,0.679,-0.388,-0.445,-0.193,0.574,-0.404,0.612,0.53,-0.479,0.621,-0.487,0.38,-0.689,0.501,0.623,0.1,0.539,0.102,0.541,0.218,-0.394,-0.082,-0.686,0.202,-0.051,-0.118,-0.11,-0.542,-0.082,0.245,-0.527,-0.183,-0.261,-0.386,-0.426,-0.042,0.605,-0.223,0.29,0.674,0.518,-0.238,-0.33,0.153,0.048,0.264,0.247,0.199,-0.124,-0.277,-0.478,0.298,-0.074,0.317,0.151,-0.297,-0.459,-0.616,-0.301,0.622,0.226
BKR,0.03,0.866,0.758,0.754,0.733,0.74,0.773,-0.722,0.787,-0.726,0.716,0.157,0.623,-0.152,-0.413,-0.137,-0.146,-0.674,-0.823,0.248,0.907,0.788,0.305,0.567,0.0,-0.34,-0.407,0.0,-0.257,-0.853,0.209,-0.747,0.725,-0.05,0.904,0.562,0.819,0.836,-0.056,0.209,-0.28,0.668,0.287,0.791,-0.534,0.921,-0.213,0.926,-0.648,-0.357,-0.251,0.234,0.584,-0.56,0.646,-0.333,0.239,0.851,-0.355,0.871,-0.932,0.534,-0.353,-0.446,-0.247,0.409,0.069,0.676,0.941,0.922,-0.844,-0.897,0.831,-0.893,0.766,0.477,-0.192,0.685,0.807,-0.941,0.61,-0.304,-0.457,-0.903,0.118,0.801,-0.095,0.386,-0.808,-0.86,0.856,0.731,0.662,-0.083,0.268,0.682,0.745,-0.423,-0.164,-0.734,-0.853,-0.782,0.071,-0.212,-0.825,0.942,0.817,0.864,-0.734,0.693,0.272,-0.691,0.254,0.163,0.747,-0.584,-0.21,0.912,0.875,0.567,-0.07,-0.874,-0.102,0.418,-0.749,-0.502,0.532,0.912,-0.887,0.474,0.919,-0.718,0.443,0.888,0.878,-0.514,0.92,0.19,-0.233,0.062,0.403,0.432,0.278,-0.426,0.906,0.06,0.219,0.536,-0.762,0.578,0.359,0.803,0.19,0.022,0.577,-0.811,-0.848,-0.711,-0.395,-0.143,-0.76,0.591,0.009,0.695,0.174,0.801,0.807,0.59,-0.522,0.878,-0.665,-0.103,-0.136,0.76,-0.664,-0.607,0.781,-0.082,-0.879,-0.222,0.761,-0.167,-0.844,-0.613,0.325,-0.875,0.666,0.918,0.902,0.838,-0.9,0.814,-0.642,0.035,-0.335,0.437,0.694,0.781,-0.846,0.284
BLDP,-0.363,-0.034,0.242,0.253,0.067,-0.185,0.161,0.692,-0.436,-0.152,0.244,-0.169,0.312,-0.013,0.082,0.816,0.64,0.104,-0.051,-0.538,-0.001,0.264,0.685,-0.401,-0.001,0.613,0.734,-0.257,0.0,0.053,0.606,-0.296,0.183,0.5,-0.274,-0.038,-0.371,-0.381,-0.796,0.587,0.731,-0.04,-0.475,-0.147,0.357,-0.453,-0.019,-0.268,-0.226,-0.588,0.534,0.374,0.273,-0.384,-0.23,0.686,-0.619,-0.367,0.471,0.098,0.23,0.469,-0.221,0.563,0.797,0.382,-0.293,-0.366,-0.228,-0.069,0.594,0.036,-0.55,0.361,-0.34,-0.083,-0.272,-0.338,-0.012,0.352,-0.485,0.45,0.447,0.213,-0.651,-0.275,-0.09,-0.103,0.529,0.349,-0.245,0.353,-0.553,-0.616,0.133,0.257,-0.567,0.073,-0.01,0.206,0.438,0.27,-0.304,-0.412,0.172,-0.238,-0.28,-0.088,0.572,-0.11,0.09,0.242,0.358,-0.537,0.148,0.578,0.729,-0.265,-0.191,-0.42,-0.201,0.428,0.59,0.668,0.023,0.591,-0.45,-0.216,0.396,-0.592,-0.242,0.298,-0.724,0.013,-0.003,0.053,-0.205,0.303,0.497,0.809,-0.222,-0.452,-0.482,0.54,-0.27,0.812,0.661,-0.207,0.577,-0.328,0.599,-0.662,0.736,0.717,0.38,0.519,-0.096,0.524,0.262,-0.535,-0.258,-0.592,0.379,0.218,0.025,0.12,-0.463,0.022,0.198,-0.439,-0.4,-0.539,-0.519,-0.356,-0.16,0.552,-0.215,0.48,0.584,0.634,0.022,-0.519,-0.066,-0.161,0.471,0.104,0.353,0.057,-0.084,-0.339,0.175,0.171,0.222,-0.045,-0.351,-0.633,-0.593,-0.198,0.572,0.457
BLFS,0.186,-0.71,-0.714,-0.76,-0.546,-0.46,-0.651,0.498,-0.602,0.846,-0.755,0.19,-0.579,0.342,0.321,-0.047,0.152,0.783,0.898,0.15,-0.798,-0.79,-0.466,-0.233,-0.084,0.163,0.175,-0.853,0.053,0.0,-0.143,0.831,-0.741,0.165,-0.78,-0.411,-0.538,-0.563,0.291,-0.425,0.228,-0.598,0.076,-0.568,0.462,-0.662,0.467,-0.703,0.699,0.519,0.172,-0.042,-0.412,0.709,-0.355,0.313,0.113,-0.582,0.541,-0.764,0.8,-0.631,0.598,0.316,0.152,-0.389,0.198,-0.415,-0.83,-0.759,0.604,0.871,-0.521,0.797,-0.459,-0.183,0.398,-0.372,-0.692,0.825,-0.281,0.21,0.388,0.864,0.174,-0.599,0.086,-0.11,0.738,0.784,-0.595,-0.727,-0.329,0.403,-0.188,-0.68,-0.44,0.587,0.042,0.81,0.767,0.775,-0.043,0.433,0.865,-0.813,-0.538,-0.825,0.544,-0.365,0.061,0.72,-0.107,0.119,-0.678,0.561,-0.065,-0.668,-0.63,-0.262,0.346,0.654,-0.157,-0.487,0.852,0.325,-0.22,-0.757,0.872,-0.119,-0.73,0.795,-0.155,-0.845,-0.713,0.608,-0.707,-0.235,-0.101,-0.163,-0.042,-0.109,-0.067,0.427,-0.78,-0.287,-0.434,-0.355,0.666,-0.393,-0.442,-0.541,-0.347,-0.233,-0.601,0.76,0.868,0.685,0.442,0.494,0.815,-0.292,0.165,-0.716,0.154,-0.736,-0.531,-0.421,0.522,-0.624,0.741,0.364,0.413,-0.463,0.744,0.353,-0.691,0.174,0.721,0.192,-0.551,0.481,0.881,0.715,-0.462,0.684,-0.733,-0.864,-0.831,-0.57,0.882,-0.699,0.71,-0.013,0.581,-0.192,-0.364,-0.62,0.751,-0.222
