,ABAT,ACLS,ACMR,ADMA,ADUS,ADVM,AEIS,AGNCM,AHCO,ALGT,ALLO,AMSF,ANAB,ANDE,APLS,APPF,ASML,ATRC,AVGO,AVT,AXDX,AXSM,AZN,BANR,BBIO,BCYC,BHFAP,BKR,BLDP,BLFS,BLKB,BLMN,BNTX,BPMC,CALM,CAMT,CASH,CATY,CCEP,CDLX,CDNS,CENN,CENX,CGC,CHDN,CLBK,COKE,COLB,COO,CORT,CRMT,CRNX,CRTO,CRVL,CSCO,CSQ,CSWI,CVBF,CWST,CYCC,CZR,DLTR,DORM,ENTA,EQIX,ERIC,EVRG,EWBC,EXAS,EXLS,EXPI,EYE,FBNC,FBRX,FCNCA,FELE,FIBK,FLEX,FRGT,FRHC,FRME,FWONA,FWONK,GDEN,GIII,GILD,GLNG,GNTX,GOOGL,GRPN,HCSG,HIMX,HOPE,HST,HTLD,HUT,HWC,ICUI,IESC,INTC,INTU,IOVA,IPAR,IPGP,ISRG,JBSS,KALU,KPRX,KRNT,LAUR,LBRDA,LBTYK,LECO,LILAK,LITE,MANH,MDXG,MFIC,MGEE,MIDD,MLAB,MMSI,MNKD,MOMO,MRVL,NICE,NMFC,NUWE,NVCR,NWBI,OFIX,OFLX,OMCL,OPK,ORKA,ORLY,OTTR,PDD,PNTG,POOL,POWL,PPBI,PPC,PRAA,PRPL,PZZA,QTRX,QURE,RDFN,RDHL,REAL,REG,REYN,RGLD,RIOT,RUN,RYTM,SAIA,SBAC,SBRA,SCVL,SHOO,SLAB,SLDB,SMCI,SMTC,SRCE,SSP,SSRM,STBA,STRO,SVC,SYBT,TCBI,TCOM,TENX,TH,TMUS,TNDM,TTD,TTMI,UAL,ULH,ULTA,VCYT,VIRT,VKTX,VOD,VRDN,VREX,VRNT,VSAT,WB,WBD,WDC,WEN,WSFS,XXII,Z,ZBRA
ABAT,0.0,0.041,0.022,0.433,0.352,0.45,0.182,0.161,-0.071,0.436,-0.07,0.31,-0.616,0.462,0.198,-0.36,-0.229,0.289,-0.157,0.189,-0.522,-0.389,0.133,0.355,-0.26,0.17,0.352,0.595,-0.152,0.194,0.414,0.623,-0.641,-0.42,-0.329,0.24,0.284,0.402,0.585,0.415,-0.227,0.492,0.15,0.533,0.336,0.188,0.568,0.184,0.529,-0.56,0.65,-0.073,0.557,-0.212,0.079,0.224,0.378,0.319,-0.082,0.262,0.013,-0.46,0.45,0.121,-0.127,-0.03,0.279,0.5,0.365,-0.162,-0.67,-0.304,0.243,0.435,0.305,0.21,0.373,0.421,0.303,-0.098,0.229,0.709,0.684,0.556,0.47,-0.318,0.605,0.6,0.327,0.597,0.194,-0.414,0.4,0.654,0.193,0.717,0.532,0.104,-0.17,0.475,-0.148,0.63,-0.017,0.473,0.298,0.07,0.451,0.446,-0.335,0.355,0.684,0.363,0.228,0.599,-0.199,-0.556,-0.492,0.672,0.244,0.304,0.719,-0.291,-0.193,0.627,0.309,0.237,0.254,-0.038,0.622,0.346,0.565,-0.017,-0.198,-0.327,0.386,-0.059,0.399,-0.357,0.476,-0.326,0.161,0.257,0.621,-0.042,-0.178,0.102,-0.335,0.568,-0.581,0.12,0.235,0.352,-0.421,-0.134,0.329,0.118,-0.332,0.263,0.276,0.46,-0.405,-0.13,0.202,-0.091,0.456,0.345,-0.083,0.244,-0.507,0.18,0.767,0.597,-0.682,0.479,0.414,0.612,0.508,-0.264,-0.347,-0.332,0.119,0.535,-0.517,0.66,0.134,-0.154,0.174,0.355,-0.106,0.502,-0.173,0.575,0.197,0.523,0.326,0.213,0.248,0.594,0.431,0.559
ACLS,0.041,0.0,0.517,0.101,0.351,0.203,0.791,0.041,0.513,0.175,0.415,-0.049,0.351,0.183,0.276,0.702,0.665,0.415,0.84,0.256,0.49,0.535,0.627,0.18,0.359,-0.236,0.349,0.164,0.432,0.615,0.612,-0.04,0.284,0.729,0.295,0.669,0.084,0.206,0.516,0.498,0.661,-0.442,0.631,0.477,0.219,0.205,0.501,0.547,0.413,0.502,0.347,0.467,0.272,0.445,0.577,0.727,0.078,0.191,0.233,0.147,0.628,0.321,-0.072,0.554,0.679,0.691,0.235,0.229,0.292,0.634,0.323,0.706,-0.131,-0.413,0.35,0.33,0.112,0.22,0.298,0.668,0.106,-0.159,-0.189,-0.148,-0.139,0.598,0.116,0.093,0.557,-0.018,0.211,0.467,0.115,-0.118,0.649,-0.099,0.042,0.389,0.168,0.135,0.596,0.154,0.536,0.728,0.704,0.321,0.217,-0.441,0.686,0.118,0.168,0.635,0.587,0.078,0.462,0.594,0.507,-0.039,0.085,0.369,0.191,0.541,0.54,0.221,0.622,0.451,0.222,0.266,-0.014,0.138,-0.058,0.544,0.617,0.357,-0.171,0.794,-0.066,0.524,0.073,0.789,0.478,0.369,-0.048,0.659,0.743,0.576,0.771,-0.116,0.517,-0.322,0.701,0.046,0.578,-0.044,0.264,0.464,0.316,0.619,0.413,0.245,0.532,0.089,0.668,0.063,0.139,0.653,0.661,0.196,0.28,0.202,0.108,-0.191,0.432,0.083,0.209,-0.196,-0.298,0.384,0.551,0.569,0.373,0.092,0.438,-0.111,0.609,0.202,0.058,0.382,0.499,-0.162,0.589,0.026,0.609,-0.072,0.333,0.616,0.009,-0.193,0.642,0.508
ACMR,0.022,0.517,0.0,-0.203,-0.345,-0.319,0.508,-0.395,0.601,-0.265,0.663,-0.485,0.423,-0.343,-0.02,0.556,0.883,-0.141,0.652,-0.249,0.708,0.584,0.484,-0.468,-0.043,-0.431,-0.377,-0.208,0.905,0.808,0.139,-0.428,0.608,0.544,0.623,0.277,-0.314,-0.513,0.142,-0.179,0.845,-0.597,0.248,-0.121,-0.449,-0.25,-0.12,-0.254,-0.18,0.41,0.019,-0.065,0.313,0.663,0.229,0.607,-0.229,-0.489,0.345,-0.394,0.122,0.134,-0.483,0.291,0.732,0.766,0.225,-0.475,0.13,-0.044,0.591,0.193,-0.54,-0.374,-0.388,-0.228,-0.541,-0.454,-0.033,0.684,-0.543,-0.363,-0.332,-0.569,-0.532,0.485,-0.493,-0.392,0.739,-0.518,-0.59,0.672,-0.475,-0.473,0.487,-0.391,-0.607,0.442,-0.41,-0.359,0.83,0.006,0.153,0.292,0.327,0.204,-0.453,-0.6,0.616,-0.281,-0.201,0.396,0.362,-0.262,0.712,0.467,0.501,-0.46,-0.205,-0.192,-0.112,0.424,0.247,0.384,0.73,-0.111,-0.108,0.721,-0.315,-0.556,-0.49,0.09,-0.087,0.809,-0.635,0.348,-0.365,0.692,-0.426,0.599,0.069,-0.417,-0.584,0.118,0.584,0.666,0.528,-0.558,0.672,-0.144,0.5,-0.376,0.6,0.368,0.043,0.874,0.163,0.784,0.394,-0.218,0.356,-0.26,0.462,-0.222,-0.39,0.594,-0.054,-0.094,0.684,-0.452,-0.327,-0.648,0.104,-0.588,0.351,-0.569,-0.649,0.377,0.822,0.852,0.279,-0.454,0.517,-0.383,0.745,0.742,-0.575,-0.004,-0.049,-0.463,0.264,-0.552,0.896,-0.564,-0.295,0.407,-0.39,-0.474,0.54,-0.043
ADMA,0.433,0.101,-0.203,0.0,0.535,0.343,0.117,0.226,-0.245,0.392,-0.107,0.288,-0.251,0.372,0.361,-0.111,-0.15,0.293,-0.011,0.291,-0.263,-0.136,0.237,0.411,0.35,0.245,0.414,0.411,-0.226,0.006,0.4,0.497,-0.273,-0.156,-0.08,0.265,0.368,0.43,0.339,0.305,-0.223,0.181,0.214,0.348,0.458,0.22,0.465,0.453,0.306,-0.176,0.479,0.014,0.011,0.153,0.29,-0.013,0.232,0.363,0.027,0.491,0.253,0.063,0.272,0.269,-0.119,-0.048,-0.148,0.45,0.033,0.313,-0.266,-0.058,0.382,0.091,0.417,0.358,0.434,0.365,0.128,-0.177,0.442,0.326,0.364,0.335,0.303,-0.271,0.464,0.303,-0.1,0.554,0.341,-0.362,0.393,0.395,0.237,0.266,0.445,-0.177,0.247,0.178,-0.245,0.184,0.129,0.215,0.097,0.225,0.537,0.259,-0.138,0.13,0.309,-0.032,0.141,0.275,-0.18,-0.041,-0.247,0.524,0.25,0.604,0.422,0.06,0.095,-0.082,0.058,0.309,0.365,0.128,0.237,0.451,0.296,0.023,0.113,-0.317,0.241,0.151,0.23,-0.144,0.314,-0.135,0.264,0.459,0.355,0.278,0.019,-0.146,-0.043,0.307,-0.255,-0.023,0.125,0.51,-0.086,-0.266,0.1,-0.014,-0.038,0.097,0.057,0.51,0.104,0.21,0.054,0.102,0.422,0.16,0.258,0.298,-0.338,0.393,0.38,0.393,0.01,0.448,-0.027,0.328,0.206,-0.197,-0.345,-0.249,0.089,0.518,-0.288,0.264,-0.138,-0.346,0.434,0.273,0.012,0.224,0.195,0.478,-0.034,0.345,0.222,0.125,0.207,0.345,0.118,0.319
ADUS,0.352,0.351,-0.345,0.535,0.0,0.692,0.445,0.488,-0.005,0.692,-0.118,0.55,-0.2,0.676,0.719,0.152,-0.212,0.696,0.141,0.697,-0.319,-0.182,0.365,0.759,0.192,0.203,0.642,0.651,-0.347,0.075,0.75,0.697,-0.457,0.08,-0.284,0.516,0.62,0.798,0.611,0.66,-0.159,0.323,0.478,0.783,0.866,0.654,0.767,0.782,0.791,-0.063,0.709,0.322,0.203,-0.149,0.386,0.301,0.49,0.738,0.115,0.548,0.663,0.053,0.613,0.565,0.062,-0.054,0.206,0.843,0.435,0.664,-0.444,0.418,0.582,0.191,0.85,0.637,0.787,0.775,0.192,-0.029,0.739,0.496,0.478,0.66,0.607,0.092,0.769,0.678,0.157,0.727,0.794,-0.166,0.734,0.574,0.314,0.549,0.774,0.099,0.467,0.642,-0.102,0.5,0.514,0.545,0.553,0.41,0.82,0.23,0.085,0.581,0.634,0.341,0.359,0.601,-0.141,0.014,-0.286,0.692,0.54,0.737,0.579,0.25,0.18,0.075,0.154,0.59,0.626,-0.213,0.548,0.824,0.682,0.29,0.589,-0.383,0.503,0.469,0.558,-0.22,0.608,0.113,0.514,0.819,0.702,0.613,0.055,-0.007,0.161,0.578,-0.251,-0.266,0.325,0.685,-0.081,-0.214,0.414,-0.231,0.028,0.103,0.255,0.674,0.243,0.496,0.392,0.167,0.628,0.276,0.729,0.446,-0.411,0.742,0.607,0.62,0.06,0.79,0.12,0.542,0.445,-0.117,-0.268,-0.282,0.396,0.734,-0.161,0.527,0.11,-0.444,0.564,0.649,0.373,0.494,0.448,0.731,-0.206,0.708,0.758,0.424,0.542,0.465,0.388,0.743
ADVM,0.45,0.203,-0.319,0.343,0.692,0.0,0.145,0.512,0.229,0.384,-0.194,0.182,-0.176,0.304,0.286,-0.092,-0.232,0.389,-0.04,0.397,-0.514,-0.399,0.129,0.367,0.312,0.244,0.549,0.306,-0.51,-0.036,0.518,0.443,-0.642,0.042,-0.676,0.291,0.213,0.514,0.469,0.782,-0.333,0.303,0.166,0.764,0.644,0.133,0.653,0.448,0.717,0.018,0.427,0.567,0.203,-0.523,-0.145,0.169,0.093,0.388,-0.453,0.247,0.545,-0.352,0.368,0.332,-0.189,-0.272,-0.063,0.682,0.287,0.407,-0.482,0.336,0.161,0.023,0.565,0.145,0.456,0.598,0.465,0.089,0.309,0.325,0.251,0.529,0.37,-0.147,0.626,0.607,0.156,0.525,0.571,-0.459,0.416,0.364,-0.043,0.574,0.671,-0.241,-0.036,0.475,-0.321,0.539,-0.019,0.377,0.458,-0.19,0.53,0.329,-0.212,0.326,0.575,0.396,-0.061,0.403,-0.554,-0.157,-0.144,0.466,0.061,0.475,0.493,-0.212,0.465,0.249,-0.013,0.817,0.052,-0.307,0.436,0.528,0.484,0.284,0.517,-0.616,0.5,0.297,0.217,-0.238,0.34,-0.051,0.005,0.498,0.658,0.357,0.163,0.249,-0.103,0.82,-0.345,-0.35,0.453,0.185,-0.106,-0.437,0.37,-0.179,0.307,-0.137,-0.142,0.235,-0.081,0.061,0.1,0.534,0.894,-0.045,0.392,0.009,-0.475,0.296,0.759,0.524,-0.183,0.727,-0.082,0.478,0.363,0.13,-0.371,-0.33,-0.142,0.459,-0.473,0.355,0.024,-0.306,0.744,0.236,0.578,0.284,-0.03,0.637,-0.173,0.613,0.539,0.058,0.119,0.344,0.482,0.581
AEIS,0.182,0.791,0.508,0.117,0.445,0.145,0.0,0.111,0.434,0.474,0.481,0.227,0.181,0.394,0.522,0.688,0.552,0.542,0.775,0.532,0.393,0.412,0.691,0.383,-0.01,-0.264,0.279,0.46,0.531,0.655,0.623,0.227,0.228,0.52,0.424,0.817,0.426,0.357,0.695,0.41,0.673,-0.179,0.803,0.531,0.385,0.509,0.552,0.578,0.482,0.279,0.611,0.115,0.487,0.444,0.723,0.837,0.413,0.375,0.528,0.26,0.56,0.249,0.223,0.625,0.69,0.69,0.587,0.345,0.594,0.5,0.155,0.569,0.169,-0.056,0.473,0.539,0.31,0.36,0.106,0.559,0.305,0.161,0.154,0.117,0.176,0.623,0.235,0.263,0.744,0.153,0.233,0.562,0.367,0.14,0.79,0.148,0.175,0.697,0.286,0.393,0.72,0.408,0.74,0.811,0.76,0.63,0.399,-0.283,0.672,0.376,0.331,0.683,0.839,0.338,0.648,0.442,0.156,0.173,0.443,0.411,0.38,0.644,0.219,0.423,0.839,0.206,0.55,0.31,0.23,0.296,0.213,0.512,0.46,0.494,-0.027,0.66,0.32,0.328,0.313,0.704,0.664,0.476,0.105,0.569,0.462,0.521,0.599,-0.102,0.371,-0.237,0.607,0.294,0.367,0.332,0.512,0.499,0.034,0.807,0.659,0.458,0.527,0.323,0.901,-0.152,-0.029,0.868,0.674,0.503,0.341,0.419,0.183,0.009,0.213,0.147,0.545,-0.002,-0.075,0.128,0.526,0.475,0.692,0.263,0.522,0.189,0.783,0.291,-0.11,0.678,0.229,0.17,0.727,0.168,0.514,0.115,0.551,0.831,0.35,0.073,0.662,0.656
AGNCM,0.161,0.041,-0.395,0.226,0.488,0.512,0.111,0.0,-0.117,0.51,-0.022,0.46,-0.033,0.316,0.152,-0.044,-0.349,0.324,-0.094,0.527,-0.439,-0.186,0.089,0.421,0.16,0.484,0.507,0.337,-0.451,-0.261,0.148,0.359,-0.452,-0.108,-0.341,0.315,0.438,0.518,0.4,0.59,-0.309,0.445,0.326,0.495,0.585,0.275,0.303,0.444,0.347,-0.056,0.213,0.152,0.061,-0.417,0.188,0.229,0.361,0.502,-0.093,0.516,0.179,-0.028,0.518,0.323,-0.308,-0.197,0.17,0.553,0.357,0.327,-0.313,0.203,0.438,0.239,0.557,0.347,0.474,0.643,0.033,0.153,0.465,0.252,0.191,0.517,0.505,0.002,0.53,0.468,-0.058,0.55,0.496,-0.436,0.532,0.369,0.084,0.418,0.541,-0.063,0.387,0.561,-0.23,0.403,0.036,0.277,0.136,-0.052,0.536,0.548,-0.191,0.46,0.299,0.024,0.146,0.389,-0.29,-0.074,-0.286,0.332,0.337,0.289,0.171,-0.183,0.055,0.076,-0.084,0.342,0.236,-0.259,0.404,0.467,0.402,0.429,0.341,-0.429,0.603,0.007,0.436,-0.396,0.318,-0.098,0.309,0.534,0.539,0.099,-0.156,-0.108,-0.228,0.461,-0.319,0.196,0.169,0.234,-0.258,0.077,0.599,-0.277,0.161,-0.128,-0.084,0.218,-0.047,0.45,0.148,0.503,0.345,0.061,0.357,0.39,-0.197,0.458,0.402,0.465,0.009,0.506,0.102,0.542,0.452,-0.008,-0.458,-0.395,0.04,0.275,-0.03,0.333,-0.104,-0.405,0.667,0.404,0.185,0.498,0.016,0.6,-0.369,0.528,0.615,0.074,0.414,0.45,0.044,0.353
AHCO,-0.071,0.513,0.601,-0.245,-0.005,0.229,0.434,-0.117,0.0,-0.179,0.577,-0.492,0.568,-0.324,0.042,0.673,0.697,0.114,0.592,-0.023,0.468,0.431,0.494,-0.339,0.181,-0.313,-0.073,-0.244,0.515,0.602,0.284,-0.406,0.366,0.73,0.176,0.345,-0.219,-0.296,0.213,0.179,0.638,-0.483,0.223,0.235,-0.131,-0.164,0.05,-0.084,0.121,0.739,-0.032,0.336,0.215,0.226,-0.018,0.561,-0.287,-0.331,-0.049,-0.429,0.404,0.051,-0.336,0.477,0.619,0.501,0.147,-0.191,0.197,0.254,0.472,0.576,-0.515,-0.433,-0.144,-0.321,-0.328,-0.207,0.044,0.742,-0.403,-0.395,-0.412,-0.343,-0.431,0.507,-0.315,-0.134,0.668,-0.391,-0.22,0.481,-0.329,-0.457,0.2,-0.191,-0.334,0.206,-0.416,-0.18,0.642,0.196,0.07,0.296,0.538,-0.018,-0.287,-0.537,0.464,-0.126,-0.01,0.547,0.143,-0.203,0.346,0.528,0.503,-0.405,-0.187,-0.102,-0.108,0.323,0.662,0.269,0.486,0.407,-0.135,0.467,-0.195,-0.333,-0.323,0.15,0.325,0.433,-0.263,0.586,-0.284,0.559,-0.313,0.654,0.01,-0.196,-0.3,0.36,0.638,0.792,0.551,-0.143,0.593,-0.391,0.711,-0.376,0.622,0.144,0.288,0.564,0.515,0.405,0.21,-0.26,0.41,-0.225,0.358,0.319,0.021,0.331,0.249,-0.232,0.529,-0.332,-0.107,-0.48,0.224,-0.225,0.173,-0.418,-0.525,0.549,0.636,0.699,0.061,-0.336,0.362,-0.38,0.706,0.558,-0.079,0.04,0.496,-0.421,0.315,-0.379,0.532,-0.307,0.003,0.326,-0.395,-0.476,0.634,0.136
ALGT,0.436,0.175,-0.265,0.392,0.692,0.384,0.474,0.51,-0.179,0.0,-0.034,0.828,-0.404,0.826,0.55,0.052,-0.315,0.696,0.067,0.845,-0.38,-0.232,0.274,0.843,-0.25,0.252,0.612,0.868,-0.198,-0.003,0.531,0.828,-0.453,-0.231,-0.137,0.53,0.86,0.839,0.748,0.566,-0.131,0.561,0.628,0.661,0.848,0.785,0.688,0.705,0.667,-0.359,0.798,-0.1,0.493,-0.14,0.554,0.349,0.847,0.863,0.371,0.637,0.302,-0.06,0.854,0.351,-0.067,0.038,0.586,0.817,0.666,0.318,-0.532,0.164,0.776,0.565,0.805,0.812,0.836,0.843,0.059,-0.046,0.812,0.725,0.72,0.824,0.842,0.028,0.786,0.803,0.204,0.746,0.692,-0.155,0.874,0.793,0.456,0.696,0.764,0.44,0.577,0.815,-0.02,0.642,0.591,0.588,0.466,0.527,0.875,0.47,-0.033,0.839,0.665,0.343,0.64,0.796,0.053,-0.19,-0.542,0.771,0.821,0.656,0.658,0.178,-0.224,0.345,0.318,0.115,0.769,-0.247,0.768,0.807,0.815,0.253,0.263,-0.206,0.57,0.207,0.842,-0.462,0.828,-0.076,0.698,0.791,0.729,0.322,-0.25,-0.153,-0.111,0.476,-0.427,0.119,0.125,0.783,-0.391,0.155,0.627,-0.207,-0.339,0.233,0.403,0.818,0.08,0.585,0.55,-0.088,0.234,0.465,0.537,0.742,-0.334,0.808,0.605,0.744,-0.166,0.687,0.553,0.699,0.679,-0.359,-0.296,-0.368,0.602,0.81,-0.008,0.782,0.166,-0.341,0.303,0.82,-0.018,0.795,0.44,0.78,-0.18,0.794,0.801,0.613,0.827,0.718,0.251,0.776
ALLO,-0.07,0.415,0.663,-0.107,-0.118,-0.194,0.481,-0.022,0.577,-0.034,0.0,-0.213,0.551,-0.234,0.044,0.652,0.641,0.277,0.634,0.055,0.507,0.523,0.566,-0.283,0.001,0.009,-0.233,-0.104,0.649,0.684,0.034,-0.36,0.461,0.509,0.6,0.396,-0.011,-0.295,0.212,-0.04,0.708,-0.351,0.436,-0.031,-0.089,0.008,-0.188,-0.08,-0.157,0.495,-0.046,-0.222,0.209,0.484,0.368,0.645,0.046,-0.239,0.485,-0.081,0.124,0.454,-0.184,0.614,0.531,0.758,0.384,-0.283,0.104,0.254,0.565,0.354,-0.204,-0.175,-0.092,-0.028,-0.294,-0.167,-0.296,0.673,-0.201,-0.337,-0.331,-0.306,-0.217,0.541,-0.379,-0.272,0.655,-0.278,-0.356,0.514,-0.233,-0.347,0.422,-0.255,-0.414,0.403,0.004,-0.065,0.754,0.086,0.164,0.243,0.214,0.282,-0.227,-0.401,0.481,0.049,-0.247,0.166,0.359,-0.172,0.641,0.581,0.283,-0.358,0.162,-0.203,-0.215,0.511,0.162,0.111,0.52,-0.038,0.081,0.483,-0.224,-0.376,-0.31,0.251,0.028,0.621,-0.203,0.338,-0.023,0.454,-0.293,0.523,0.371,-0.12,-0.351,0.162,0.359,0.487,0.478,-0.504,0.59,0.131,0.527,-0.164,0.439,0.533,0.466,0.477,0.374,0.552,0.31,-0.194,0.546,0.203,0.421,0.129,-0.422,0.564,0.129,0.158,0.632,-0.17,-0.354,-0.461,0.266,-0.441,0.465,-0.334,-0.382,0.411,0.521,0.647,0.352,-0.413,0.67,-0.321,0.638,0.421,-0.234,0.314,-0.118,-0.155,0.44,-0.397,0.435,-0.358,-0.076,0.304,-0.092,-0.365,0.296,-0.024
AMSF,0.31,-0.049,-0.485,0.288,0.55,0.182,0.227,0.46,-0.492,0.828,-0.213,0.0,-0.538,0.884,0.454,-0.169,-0.573,0.601,-0.185,0.702,-0.495,-0.333,0.023,0.893,-0.366,0.237,0.576,0.851,-0.378,-0.261,0.284,0.814,-0.51,-0.457,-0.157,0.292,0.841,0.866,0.535,0.412,-0.35,0.74,0.367,0.437,0.713,0.794,0.495,0.649,0.492,-0.561,0.622,-0.233,0.386,-0.297,0.431,0.106,0.906,0.911,0.342,0.701,0.001,0.046,0.917,0.089,-0.279,-0.137,0.577,0.774,0.561,0.173,-0.641,-0.06,0.878,0.702,0.744,0.816,0.88,0.787,-0.027,-0.334,0.884,0.759,0.744,0.829,0.905,-0.103,0.775,0.752,-0.091,0.76,0.709,-0.268,0.908,0.856,0.267,0.677,0.78,0.381,0.696,0.803,-0.228,0.468,0.513,0.408,0.186,0.491,0.813,0.597,-0.203,0.793,0.572,0.095,0.505,0.755,-0.046,-0.377,-0.655,0.782,0.836,0.474,0.554,0.036,-0.492,0.207,0.057,-0.112,0.692,-0.462,0.748,0.831,0.824,0.2,0.093,-0.317,0.648,-0.048,0.896,-0.625,0.856,-0.26,0.62,0.764,0.746,0.121,-0.517,-0.414,-0.28,0.406,-0.578,0.333,-0.229,0.779,-0.593,0.176,0.444,-0.448,-0.556,0.016,0.305,0.791,-0.132,0.551,0.332,-0.21,0.092,0.275,0.395,0.75,-0.455,0.851,0.513,0.808,-0.23,0.667,0.448,0.785,0.824,-0.509,-0.476,-0.581,0.526,0.735,-0.081,0.83,-0.114,-0.459,0.222,0.711,-0.208,0.899,0.191,0.785,-0.401,0.801,0.735,0.373,0.943,0.793,-0.091,0.595
ANAB,-0.616,0.351,0.423,-0.251,-0.2,-0.176,0.181,-0.033,0.568,-0.404,0.551,-0.538,0.0,-0.6,-0.147,0.68,0.67,-0.172,0.563,-0.176,0.679,0.692,0.266,-0.506,0.518,-0.007,-0.21,-0.603,0.427,0.294,-0.129,-0.706,0.692,0.813,0.494,0.178,-0.347,-0.498,-0.183,-0.127,0.567,-0.732,0.109,-0.219,-0.266,-0.33,-0.364,-0.127,-0.417,0.857,-0.509,0.325,-0.366,0.452,0.046,0.279,-0.496,-0.465,0.029,-0.199,0.261,0.537,-0.604,0.378,0.473,0.467,-0.174,-0.463,-0.235,0.403,0.875,0.609,-0.49,-0.595,-0.232,-0.336,-0.511,-0.332,-0.219,0.662,-0.402,-0.846,-0.845,-0.676,-0.633,0.657,-0.608,-0.62,0.173,-0.551,-0.355,0.49,-0.499,-0.781,0.063,-0.702,-0.607,-0.066,-0.088,-0.503,0.49,-0.381,-0.041,-0.158,-0.016,-0.112,-0.485,-0.646,0.551,-0.365,-0.621,-0.017,-0.04,-0.628,0.365,0.836,0.743,-0.764,-0.334,-0.294,-0.683,0.444,0.517,-0.342,0.063,0.143,-0.242,0.469,-0.699,-0.484,-0.718,0.306,0.36,0.481,-0.42,0.314,-0.526,0.678,-0.657,0.614,-0.018,-0.254,-0.655,0.22,0.595,0.407,0.623,-0.599,0.856,-0.149,0.442,-0.505,0.789,0.198,0.023,0.377,0.769,0.11,-0.119,-0.55,0.615,0.088,0.022,0.465,-0.265,0.031,0.252,-0.153,0.729,-0.312,-0.66,-0.756,0.775,-0.52,-0.133,-0.687,-0.723,0.733,0.57,0.716,-0.096,-0.639,0.721,-0.799,0.271,0.409,-0.013,-0.176,0.273,-0.618,0.369,-0.605,0.223,-0.601,-0.249,-0.008,-0.456,-0.758,0.129,-0.357
ANDE,0.462,0.183,-0.343,0.372,0.676,0.304,0.394,0.316,-0.324,0.826,-0.234,0.884,-0.6,0.0,0.566,-0.098,-0.425,0.659,-0.052,0.658,-0.42,-0.286,0.199,0.926,-0.326,0.087,0.675,0.906,-0.261,-0.03,0.555,0.867,-0.508,-0.321,-0.194,0.362,0.78,0.905,0.653,0.491,-0.23,0.635,0.465,0.617,0.708,0.812,0.752,0.723,0.699,-0.519,0.8,-0.056,0.474,-0.192,0.516,0.228,0.869,0.914,0.306,0.649,0.18,-0.038,0.849,0.154,-0.058,-0.033,0.568,0.835,0.597,0.228,-0.68,0.009,0.766,0.557,0.767,0.825,0.896,0.774,0.136,-0.262,0.84,0.825,0.813,0.806,0.835,-0.02,0.848,0.837,0.068,0.771,0.757,-0.177,0.89,0.869,0.393,0.721,0.811,0.415,0.573,0.802,-0.122,0.549,0.62,0.614,0.437,0.55,0.867,0.461,-0.088,0.75,0.75,0.363,0.597,0.811,0.001,-0.367,-0.571,0.874,0.779,0.609,0.71,0.073,-0.338,0.337,0.214,0.073,0.733,-0.377,0.806,0.861,0.861,0.214,0.169,-0.285,0.545,0.167,0.832,-0.478,0.909,-0.115,0.661,0.801,0.774,0.272,-0.307,-0.231,-0.099,0.485,-0.538,0.159,-0.052,0.801,-0.471,0.011,0.383,-0.3,-0.565,0.185,0.48,0.904,-0.1,0.392,0.451,-0.296,0.26,0.408,0.488,0.654,-0.517,0.826,0.66,0.798,-0.272,0.74,0.431,0.752,0.737,-0.468,-0.35,-0.466,0.588,0.843,-0.175,0.858,0.042,-0.425,0.18,0.729,-0.034,0.796,0.248,0.803,-0.151,0.781,0.76,0.521,0.839,0.755,0.153,0.771
APLS,0.198,0.276,-0.02,0.361,0.719,0.286,0.522,0.152,0.042,0.55,0.044,0.454,-0.147,0.566,0.0,0.279,0.022,0.53,0.243,0.531,0.02,0.022,0.377,0.566,-0.028,-0.116,0.27,0.588,0.046,0.329,0.698,0.555,-0.117,0.157,0.043,0.466,0.499,0.514,0.454,0.287,0.131,0.141,0.387,0.467,0.58,0.664,0.519,0.549,0.59,-0.033,0.68,0.037,0.258,0.157,0.406,0.332,0.437,0.506,0.475,0.327,0.547,0.212,0.412,0.447,0.3,0.119,0.334,0.518,0.468,0.531,-0.207,0.323,0.446,0.125,0.562,0.541,0.546,0.414,0.029,-0.03,0.533,0.389,0.438,0.411,0.417,0.18,0.442,0.445,0.296,0.401,0.526,0.277,0.501,0.385,0.436,0.284,0.43,0.328,0.348,0.396,0.199,0.343,0.654,0.426,0.555,0.665,0.521,0.006,0.397,0.418,0.436,0.313,0.448,0.447,0.227,0.145,-0.225,0.507,0.57,0.58,0.456,0.514,0.021,0.095,0.373,0.277,0.643,-0.002,0.399,0.599,0.49,0.093,0.344,0.049,0.122,0.459,0.467,0.057,0.433,0.249,0.446,0.511,0.368,0.587,0.052,0.05,0.286,0.221,0.019,-0.316,0.169,0.632,0.067,0.044,0.241,-0.011,-0.16,0.342,0.385,0.627,0.378,0.432,0.508,-0.243,0.25,0.381,0.575,0.367,-0.114,0.57,0.261,0.334,0.064,0.456,0.219,0.239,0.189,-0.149,0.092,0.021,0.643,0.551,0.045,0.405,0.301,-0.096,0.082,0.541,0.087,0.323,0.569,0.416,0.017,0.443,0.523,0.531,0.478,0.227,0.378,0.575
APPF,-0.36,0.702,0.556,-0.111,0.152,-0.092,0.688,-0.044,0.673,0.052,0.652,-0.169,0.68,-0.098,0.279,0.0,0.754,0.313,0.849,0.228,0.739,0.73,0.644,-0.038,0.228,-0.31,-0.01,-0.046,0.638,0.586,0.339,-0.282,0.637,0.846,0.588,0.562,0.071,-0.086,0.243,0.076,0.826,-0.572,0.547,0.153,0.064,0.224,0.073,0.256,0.066,0.74,0.059,0.182,0.076,0.588,0.516,0.659,0.002,-0.036,0.479,-0.051,0.506,0.542,-0.203,0.665,0.814,0.724,0.287,-0.1,0.267,0.552,0.649,0.737,-0.176,-0.397,0.11,0.16,-0.105,-0.047,-0.151,0.665,-0.036,-0.396,-0.385,-0.335,-0.294,0.74,-0.26,-0.216,0.567,-0.313,-0.028,0.75,-0.089,-0.392,0.528,-0.356,-0.308,0.456,0.19,-0.058,0.817,0.007,0.529,0.356,0.52,0.446,-0.062,-0.652,0.795,0.017,-0.119,0.384,0.502,-0.127,0.716,0.819,0.526,-0.35,0.168,0.107,-0.191,0.808,0.449,-0.029,0.572,0.156,0.289,0.493,-0.259,-0.109,-0.276,0.3,0.489,0.675,-0.312,0.7,-0.071,0.605,-0.15,0.875,0.419,0.12,-0.369,0.561,0.633,0.555,0.828,-0.47,0.795,-0.276,0.578,-0.032,0.702,0.348,0.324,0.487,0.388,0.562,0.409,0.036,0.77,0.221,0.592,0.047,-0.27,0.543,0.57,0.209,0.685,0.079,-0.337,-0.489,0.628,-0.263,0.24,-0.476,-0.51,0.449,0.744,0.771,0.444,-0.189,0.782,-0.364,0.697,0.431,-0.145,0.351,0.303,-0.297,0.75,-0.352,0.432,-0.299,0.149,0.588,-0.033,-0.458,0.433,0.177
ASML,-0.229,0.665,0.883,-0.15,-0.212,-0.232,0.552,-0.349,0.697,-0.315,0.641,-0.573,0.67,-0.425,0.022,0.754,0.0,-0.106,0.83,-0.21,0.87,0.728,0.528,-0.454,0.283,-0.465,-0.278,-0.35,0.853,0.76,0.212,-0.559,0.749,0.828,0.629,0.391,-0.357,-0.487,0.067,-0.106,0.921,-0.832,0.292,-0.091,-0.364,-0.256,-0.082,-0.089,-0.161,0.726,-0.092,0.205,0.082,0.749,0.265,0.578,-0.375,-0.472,0.278,-0.374,0.383,0.347,-0.596,0.384,0.829,0.779,0.054,-0.457,0.025,0.255,0.786,0.515,-0.592,-0.639,-0.296,-0.203,-0.533,-0.444,0.011,0.763,-0.507,-0.583,-0.558,-0.69,-0.663,0.604,-0.557,-0.48,0.63,-0.606,-0.463,0.75,-0.508,-0.654,0.495,-0.582,-0.624,0.337,-0.294,-0.461,0.833,-0.163,0.25,0.252,0.39,0.187,-0.431,-0.782,0.772,-0.374,-0.308,0.393,0.319,-0.458,0.691,0.762,0.736,-0.598,-0.279,-0.082,-0.256,0.595,0.544,0.103,0.64,0.097,-0.121,0.701,-0.517,-0.507,-0.617,0.221,0.246,0.786,-0.672,0.593,-0.503,0.881,-0.503,0.833,0.072,-0.311,-0.677,0.36,0.822,0.725,0.775,-0.597,0.882,-0.348,0.6,-0.402,0.855,0.219,-0.026,0.814,0.418,0.687,0.288,-0.267,0.601,-0.18,0.458,-0.032,-0.291,0.503,0.201,-0.159,0.765,-0.382,-0.449,-0.767,0.468,-0.565,0.123,-0.739,-0.817,0.541,0.909,0.971,0.212,-0.483,0.637,-0.597,0.711,0.719,-0.399,-0.044,0.257,-0.65,0.456,-0.606,0.799,-0.641,-0.262,0.394,-0.482,-0.672,0.541,-0.064
ATRC,0.289,0.415,-0.141,0.293,0.696,0.389,0.542,0.324,0.114,0.696,0.277,0.601,-0.172,0.659,0.53,0.313,-0.106,0.0,0.261,0.722,-0.215,-0.1,0.466,0.673,-0.133,0.162,0.539,0.666,-0.098,0.196,0.59,0.552,-0.342,0.064,-0.053,0.519,0.694,0.702,0.627,0.545,0.051,0.369,0.589,0.629,0.752,0.721,0.559,0.639,0.636,-0.032,0.622,-0.027,0.478,-0.089,0.502,0.439,0.709,0.7,0.381,0.471,0.418,0.174,0.678,0.576,0.104,0.28,0.537,0.687,0.505,0.544,-0.321,0.378,0.603,0.352,0.721,0.702,0.716,0.692,-0.022,0.109,0.718,0.473,0.45,0.624,0.648,0.178,0.58,0.641,0.343,0.588,0.662,0.019,0.68,0.565,0.355,0.53,0.608,0.421,0.582,0.698,0.153,0.518,0.564,0.597,0.532,0.506,0.705,0.209,0.095,0.762,0.506,0.33,0.52,0.645,0.144,0.088,-0.354,0.6,0.719,0.502,0.534,0.349,-0.011,0.193,0.317,0.277,0.667,-0.247,0.601,0.641,0.665,0.228,0.353,-0.143,0.539,0.457,0.692,-0.237,0.663,0.148,0.734,0.731,0.6,0.544,-0.057,0.049,0.19,0.333,-0.163,0.014,0.289,0.686,-0.194,0.087,0.621,-0.246,-0.096,0.22,0.414,0.633,0.29,0.55,0.523,0.064,0.222,0.488,0.614,0.519,-0.25,0.68,0.429,0.529,-0.012,0.575,0.495,0.492,0.484,-0.141,-0.14,-0.156,0.591,0.585,0.087,0.54,0.294,-0.297,0.266,0.818,0.127,0.587,0.558,0.55,-0.12,0.602,0.709,0.546,0.66,0.447,0.285,0.728
AVGO,-0.157,0.84,0.652,-0.011,0.141,-0.04,0.775,-0.094,0.592,0.067,0.634,-0.185,0.563,-0.052,0.243,0.849,0.83,0.261,0.0,0.169,0.757,0.715,0.624,-0.021,0.334,-0.358,0.04,0.004,0.654,0.696,0.412,-0.243,0.58,0.819,0.572,0.698,0.005,-0.053,0.359,0.216,0.868,-0.627,0.606,0.212,0.069,0.136,0.233,0.36,0.155,0.648,0.156,0.246,0.116,0.663,0.584,0.716,-0.019,-0.033,0.449,0.05,0.569,0.534,-0.243,0.593,0.813,0.772,0.292,-0.059,0.191,0.566,0.597,0.732,-0.244,-0.466,0.157,0.209,-0.124,-0.031,0.127,0.684,-0.06,-0.343,-0.347,-0.361,-0.302,0.675,-0.2,-0.207,0.609,-0.28,-0.022,0.706,-0.098,-0.343,0.721,-0.328,-0.252,0.454,0.108,-0.059,0.786,0.001,0.536,0.526,0.571,0.428,-0.016,-0.642,0.824,-0.053,-0.061,0.506,0.592,-0.184,0.677,0.771,0.629,-0.299,0.111,0.197,-0.05,0.747,0.487,0.06,0.686,0.233,0.205,0.445,-0.285,-0.096,-0.29,0.512,0.537,0.655,-0.357,0.766,-0.142,0.69,-0.137,0.896,0.406,0.158,-0.341,0.576,0.779,0.636,0.847,-0.429,0.748,-0.301,0.676,-0.058,0.746,0.188,0.248,0.588,0.376,0.697,0.386,0.093,0.725,0.153,0.67,-0.008,-0.167,0.668,0.552,0.177,0.587,0.056,-0.212,-0.453,0.564,-0.242,0.223,-0.45,-0.512,0.46,0.759,0.789,0.416,-0.133,0.684,-0.32,0.705,0.447,-0.163,0.322,0.338,-0.302,0.69,-0.259,0.589,-0.319,0.118,0.589,-0.087,-0.423,0.53,0.256
AVT,0.189,0.256,-0.249,0.291,0.697,0.397,0.532,0.527,-0.023,0.845,0.055,0.702,-0.176,0.658,0.531,0.228,-0.21,0.722,0.169,0.0,-0.296,-0.119,0.301,0.771,-0.133,0.221,0.545,0.714,-0.17,-0.003,0.461,0.65,-0.321,-0.051,-0.061,0.592,0.871,0.778,0.681,0.584,-0.026,0.415,0.696,0.658,0.827,0.748,0.543,0.725,0.629,-0.113,0.649,-0.044,0.424,-0.168,0.497,0.379,0.744,0.803,0.339,0.517,0.413,0.004,0.769,0.491,-0.039,0.068,0.497,0.743,0.599,0.453,-0.336,0.355,0.743,0.493,0.791,0.775,0.785,0.808,-0.05,0.1,0.789,0.512,0.48,0.716,0.738,0.199,0.667,0.672,0.226,0.649,0.655,-0.019,0.828,0.613,0.39,0.564,0.683,0.444,0.635,0.765,0.081,0.612,0.607,0.583,0.484,0.499,0.81,0.267,0.082,0.821,0.492,0.323,0.589,0.676,0.11,0.025,-0.409,0.583,0.733,0.585,0.531,0.288,-0.039,0.259,0.296,0.189,0.717,-0.203,0.641,0.766,0.718,0.309,0.448,-0.129,0.568,0.296,0.75,-0.392,0.711,0.086,0.678,0.797,0.634,0.389,-0.162,-0.133,-0.001,0.414,-0.245,-0.023,0.167,0.673,-0.228,0.219,0.682,-0.198,-0.124,0.19,0.365,0.658,0.251,0.692,0.6,0.059,0.175,0.444,0.674,0.706,-0.159,0.797,0.444,0.591,0.036,0.627,0.482,0.577,0.542,-0.305,-0.17,-0.27,0.573,0.641,0.155,0.605,0.258,-0.338,0.369,0.767,0.107,0.675,0.577,0.658,-0.216,0.679,0.833,0.6,0.782,0.602,0.229,0.713
AXDX,-0.522,0.49,0.708,-0.263,-0.319,-0.514,0.393,-0.439,0.468,-0.38,0.507,-0.495,0.679,-0.42,0.02,0.739,0.87,-0.215,0.757,-0.296,0.0,0.79,0.348,-0.43,0.24,-0.551,-0.401,-0.408,0.805,0.567,0.053,-0.606,0.907,0.774,0.74,0.23,-0.378,-0.526,-0.182,-0.359,0.867,-0.846,0.164,-0.356,-0.447,-0.173,-0.262,-0.125,-0.342,0.676,-0.274,0.087,-0.183,0.818,0.304,0.351,-0.367,-0.469,0.429,-0.325,0.258,0.559,-0.637,0.227,0.813,0.651,0.03,-0.578,-0.11,0.226,0.854,0.455,-0.529,-0.634,-0.361,-0.164,-0.549,-0.56,-0.079,0.506,-0.448,-0.645,-0.596,-0.767,-0.689,0.57,-0.669,-0.654,0.344,-0.718,-0.421,0.846,-0.541,-0.707,0.439,-0.749,-0.73,0.3,-0.124,-0.558,0.76,-0.428,0.314,0.007,0.18,0.283,-0.512,-0.819,0.809,-0.464,-0.458,0.156,0.265,-0.575,0.734,0.78,0.757,-0.67,-0.204,-0.144,-0.445,0.682,0.343,-0.212,0.442,-0.142,-0.066,0.576,-0.651,-0.516,-0.685,0.131,0.196,0.848,-0.76,0.488,-0.502,0.862,-0.526,0.796,0.05,-0.353,-0.81,0.315,0.688,0.478,0.8,-0.799,0.92,-0.282,0.309,-0.342,0.819,0.242,-0.23,0.611,0.28,0.524,0.216,-0.245,0.645,-0.102,0.316,-0.238,-0.507,0.325,0.164,-0.145,0.782,-0.331,-0.692,-0.83,0.62,-0.68,-0.041,-0.832,-0.836,0.439,0.899,0.919,0.244,-0.508,0.726,-0.664,0.504,0.651,-0.54,-0.131,0.1,-0.674,0.466,-0.715,0.577,-0.719,-0.386,0.306,-0.414,-0.761,0.207,-0.282
AXSM,-0.389,0.535,0.584,-0.136,-0.182,-0.399,0.412,-0.186,0.431,-0.232,0.523,-0.333,0.692,-0.286,0.022,0.73,0.728,-0.1,0.715,-0.119,0.79,0.0,0.476,-0.278,0.277,-0.227,-0.156,-0.228,0.628,0.456,0.02,-0.502,0.745,0.702,0.699,0.332,-0.179,-0.342,0.022,-0.158,0.758,-0.64,0.323,-0.182,-0.289,-0.076,-0.201,-0.005,-0.258,0.604,-0.222,0.089,-0.113,0.665,0.436,0.454,-0.205,-0.278,0.357,-0.058,0.153,0.62,-0.46,0.351,0.679,0.657,0.113,-0.381,-0.027,0.263,0.739,0.426,-0.363,-0.424,-0.186,-0.086,-0.384,-0.304,-0.173,0.55,-0.289,-0.553,-0.537,-0.587,-0.533,0.683,-0.48,-0.488,0.277,-0.44,-0.316,0.667,-0.33,-0.537,0.445,-0.563,-0.554,0.278,0.014,-0.341,0.689,-0.22,0.237,0.137,0.185,0.24,-0.351,-0.6,0.712,-0.269,-0.362,0.127,0.357,-0.412,0.677,0.69,0.605,-0.538,-0.1,-0.194,-0.427,0.575,0.278,-0.134,0.404,-0.04,0.058,0.571,-0.447,-0.372,-0.55,0.265,0.188,0.703,-0.446,0.415,-0.323,0.632,-0.373,0.719,0.246,-0.159,-0.573,0.181,0.54,0.441,0.712,-0.673,0.773,0.034,0.423,-0.289,0.674,0.329,0.063,0.552,0.34,0.457,0.35,-0.156,0.499,-0.034,0.315,-0.01,-0.456,0.407,0.22,0.076,0.733,-0.185,-0.559,-0.66,0.628,-0.505,0.102,-0.547,-0.615,0.398,0.714,0.769,0.193,-0.42,0.737,-0.537,0.437,0.448,-0.237,0.017,0.1,-0.454,0.461,-0.525,0.482,-0.592,-0.156,0.322,-0.256,-0.545,0.203,-0.157
AZN,0.133,0.627,0.484,0.237,0.365,0.129,0.691,0.089,0.494,0.274,0.566,0.023,0.266,0.199,0.377,0.644,0.528,0.466,0.624,0.301,0.348,0.476,0.0,0.18,0.053,-0.049,0.173,0.29,0.502,0.63,0.489,0.058,0.241,0.503,0.371,0.54,0.252,0.161,0.513,0.225,0.592,-0.188,0.689,0.406,0.225,0.296,0.314,0.324,0.34,0.37,0.395,0.011,0.374,0.435,0.626,0.733,0.247,0.167,0.422,0.127,0.425,0.275,0.071,0.698,0.641,0.666,0.372,0.166,0.433,0.406,0.225,0.399,0.043,-0.113,0.244,0.276,0.131,0.157,-0.161,0.522,0.115,0.032,0.044,-0.018,-0.007,0.544,0.078,0.124,0.644,0.103,0.05,0.386,0.162,-0.011,0.592,0.055,0.008,0.464,0.132,0.213,0.655,0.406,0.456,0.575,0.617,0.429,0.239,-0.256,0.492,0.211,0.235,0.45,0.592,0.198,0.568,0.423,0.087,0.091,0.29,0.27,0.193,0.511,0.296,0.268,0.656,0.246,0.4,0.496,0.148,0.076,0.073,0.266,0.224,0.415,-0.033,0.624,0.189,0.325,0.129,0.586,0.599,0.253,-0.009,0.411,0.407,0.498,0.558,-0.126,0.361,-0.09,0.615,0.171,0.333,0.301,0.483,0.48,0.122,0.678,0.658,0.305,0.461,0.159,0.632,0.023,-0.044,0.722,0.44,0.313,0.38,0.179,0.08,-0.126,0.201,0.002,0.397,-0.041,-0.187,0.149,0.413,0.483,0.481,0.05,0.412,0.005,0.686,0.211,0.002,0.548,0.205,-0.014,0.548,0.004,0.484,-0.086,0.329,0.585,0.096,-0.008,0.55,0.441
BANR,0.355,0.18,-0.468,0.411,0.759,0.367,0.383,0.421,-0.339,0.843,-0.283,0.893,-0.506,0.926,0.566,-0.038,-0.454,0.673,-0.021,0.771,-0.43,-0.278,0.18,0.0,-0.172,0.151,0.694,0.876,-0.37,-0.142,0.528,0.861,-0.495,-0.267,-0.213,0.447,0.856,0.972,0.613,0.548,-0.273,0.599,0.488,0.652,0.816,0.86,0.716,0.84,0.698,-0.412,0.745,-0.005,0.352,-0.225,0.502,0.165,0.821,0.974,0.262,0.698,0.281,0.022,0.86,0.23,-0.117,-0.095,0.456,0.901,0.546,0.368,-0.635,0.129,0.85,0.531,0.873,0.87,0.965,0.85,0.12,-0.282,0.936,0.753,0.731,0.818,0.846,-0.015,0.867,0.794,-0.025,0.808,0.837,-0.208,0.962,0.842,0.336,0.688,0.877,0.339,0.684,0.803,-0.186,0.497,0.63,0.554,0.398,0.526,0.937,0.446,-0.082,0.75,0.693,0.281,0.55,0.773,-0.06,-0.261,-0.54,0.843,0.766,0.667,0.673,0.133,-0.246,0.183,0.14,0.152,0.772,-0.421,0.732,0.947,0.854,0.249,0.334,-0.343,0.629,0.206,0.821,-0.513,0.916,-0.078,0.654,0.901,0.789,0.374,-0.276,-0.297,-0.071,0.508,-0.504,0.078,-0.061,0.841,-0.436,-0.03,0.418,-0.377,-0.446,0.085,0.382,0.898,-0.007,0.527,0.439,-0.16,0.31,0.338,0.625,0.693,-0.498,0.938,0.63,0.814,-0.111,0.812,0.321,0.734,0.73,-0.457,-0.39,-0.504,0.52,0.873,-0.139,0.801,-0.02,-0.5,0.341,0.746,0.078,0.783,0.355,0.844,-0.304,0.793,0.839,0.494,0.878,0.754,0.072,0.763
BBIO,-0.26,0.359,-0.043,0.35,0.192,0.312,-0.01,0.16,0.181,-0.25,0.001,-0.366,0.518,-0.326,-0.028,0.228,0.283,-0.133,0.334,-0.133,0.24,0.277,0.053,-0.172,0.0,0.127,0.161,-0.411,-0.162,0.006,0.15,-0.295,0.222,0.544,-0.037,0.158,-0.311,-0.093,-0.131,0.27,0.046,-0.521,-0.021,0.065,0.074,-0.317,0.09,0.259,-0.079,0.578,-0.234,0.622,-0.554,0.22,-0.033,-0.08,-0.529,-0.169,-0.369,0.13,0.47,0.345,-0.43,0.206,0.074,0.029,-0.619,-0.013,-0.43,0.603,0.422,0.523,-0.274,-0.691,0.097,-0.147,-0.147,-0.033,0.269,0.221,-0.091,-0.563,-0.571,-0.378,-0.407,0.1,-0.122,-0.315,-0.252,-0.127,0.101,-0.075,-0.224,-0.44,-0.012,-0.432,-0.074,-0.561,0.004,-0.36,-0.144,-0.43,-0.135,-0.062,-0.039,-0.263,-0.054,-0.289,0.259,-0.439,-0.328,-0.077,-0.269,-0.471,-0.252,0.573,0.609,-0.29,-0.405,0.272,-0.302,0.152,0.697,-0.526,-0.2,0.615,-0.287,0.117,-0.533,-0.016,-0.447,0.326,0.607,-0.161,-0.172,0.353,-0.541,0.432,-0.411,0.323,-0.187,0.113,-0.225,0.432,0.617,0.136,0.425,-0.039,0.407,-0.354,0.334,-0.224,0.589,-0.507,-0.221,0.044,0.757,-0.175,-0.465,-0.243,0.433,0.024,-0.212,0.593,0.435,-0.237,0.357,-0.257,0.067,-0.047,-0.143,-0.295,0.683,0.023,-0.566,-0.364,-0.454,0.531,0.044,0.219,-0.395,-0.123,0.046,-0.554,-0.214,-0.118,0.523,-0.293,0.538,-0.49,0.148,-0.069,0.006,-0.22,-0.11,-0.235,-0.418,-0.467,0.068,-0.141
BCYC,0.17,-0.236,-0.431,0.245,0.203,0.244,-0.264,0.484,-0.313,0.252,0.009,0.237,-0.007,0.087,-0.116,-0.31,-0.465,0.162,-0.358,0.221,-0.551,-0.227,-0.049,0.151,0.127,0.0,0.299,0.104,-0.531,-0.332,-0.196,0.203,-0.435,-0.312,-0.267,-0.072,0.237,0.242,0.132,0.248,-0.507,0.37,0.134,0.156,0.377,0.008,-0.014,0.106,-0.007,-0.25,-0.039,-0.041,-0.108,-0.354,-0.022,-0.129,0.169,0.239,-0.229,0.484,-0.165,-0.017,0.265,0.134,-0.545,-0.193,-0.099,0.304,-0.159,0.102,-0.242,-0.124,0.337,0.348,0.315,0.082,0.242,0.463,-0.164,-0.079,0.307,0.101,0.064,0.362,0.358,-0.094,0.319,0.2,-0.299,0.509,0.154,-0.584,0.289,0.265,-0.278,0.297,0.334,-0.359,0.28,0.272,-0.45,0.137,-0.354,-0.128,-0.346,-0.284,0.297,0.491,-0.428,0.337,-0.034,-0.345,-0.165,0.204,-0.416,-0.201,-0.338,0.234,0.111,-0.037,-0.07,-0.314,-0.214,-0.114,-0.433,0.11,0.044,-0.286,0.18,0.223,0.235,0.152,-0.074,-0.518,0.537,-0.402,0.237,-0.478,0.123,-0.497,0.178,0.295,0.407,-0.264,-0.394,-0.373,-0.356,0.28,-0.383,0.499,0.019,0.104,-0.398,-0.068,0.357,-0.431,0.261,-0.438,-0.266,-0.062,-0.193,0.365,-0.343,0.518,0.228,-0.22,-0.018,0.291,-0.34,0.229,0.191,0.376,-0.021,0.29,0.075,0.474,0.466,0.059,-0.641,-0.485,-0.227,0.146,-0.117,0.141,-0.443,-0.558,0.617,0.148,-0.139,0.371,-0.116,0.369,-0.476,0.302,0.199,-0.32,0.214,0.338,-0.259,-0.018
BHFAP,0.352,0.349,-0.377,0.414,0.642,0.549,0.279,0.507,-0.073,0.612,-0.233,0.576,-0.21,0.675,0.27,-0.01,-0.278,0.539,0.04,0.545,-0.401,-0.156,0.173,0.694,0.161,0.299,0.0,0.544,-0.417,-0.129,0.508,0.563,-0.499,-0.033,-0.364,0.392,0.521,0.759,0.591,0.735,-0.263,0.347,0.404,0.694,0.654,0.432,0.734,0.725,0.624,-0.122,0.514,0.421,0.231,-0.272,0.32,0.209,0.491,0.729,-0.167,0.628,0.342,-0.044,0.575,0.183,-0.129,-0.054,0.213,0.78,0.388,0.41,-0.446,0.277,0.455,0.215,0.724,0.564,0.704,0.783,0.329,0.065,0.63,0.43,0.368,0.583,0.539,0.071,0.738,0.704,-0.065,0.685,0.715,-0.353,0.681,0.571,0.218,0.535,0.721,0.062,0.419,0.583,-0.25,0.413,0.315,0.554,0.402,0.114,0.743,0.353,-0.105,0.545,0.554,0.357,0.374,0.51,-0.263,-0.113,-0.199,0.589,0.408,0.565,0.447,-0.071,0.14,0.19,0.017,0.429,0.426,-0.302,0.527,0.701,0.566,0.395,0.444,-0.479,0.54,0.251,0.469,-0.284,0.624,0.006,0.481,0.766,0.675,0.348,0.018,-0.069,0.013,0.55,-0.363,0.038,0.219,0.454,-0.201,-0.253,0.404,-0.258,-0.04,-0.051,0.149,0.576,-0.058,0.251,0.249,0.28,0.516,0.203,0.589,0.416,-0.458,0.646,0.617,0.605,0.021,0.73,0.177,0.597,0.526,-0.049,-0.36,-0.359,0.175,0.616,-0.158,0.498,-0.076,-0.44,0.558,0.494,0.394,0.479,0.196,0.728,-0.153,0.636,0.714,0.321,0.474,0.511,0.248,0.659
BKR,0.595,0.164,-0.208,0.411,0.651,0.306,0.46,0.337,-0.244,0.868,-0.104,0.851,-0.603,0.906,0.588,-0.046,-0.35,0.666,0.004,0.714,-0.408,-0.228,0.29,0.876,-0.411,0.104,0.544,0.0,-0.165,0.055,0.544,0.885,-0.511,-0.354,-0.118,0.483,0.838,0.847,0.759,0.486,-0.143,0.655,0.515,0.637,0.713,0.803,0.683,0.653,0.716,-0.544,0.862,-0.216,0.608,-0.153,0.52,0.351,0.887,0.849,0.406,0.609,0.154,-0.089,0.856,0.289,-0.017,0.048,0.67,0.806,0.688,0.16,-0.679,-0.047,0.761,0.668,0.746,0.778,0.84,0.757,0.071,-0.185,0.782,0.869,0.862,0.836,0.843,-0.048,0.827,0.821,0.242,0.788,0.646,-0.14,0.88,0.898,0.462,0.787,0.777,0.501,0.482,0.819,-0.005,0.708,0.571,0.635,0.486,0.587,0.832,0.482,-0.073,0.788,0.802,0.372,0.657,0.874,0.094,-0.391,-0.641,0.874,0.801,0.547,0.804,0.117,-0.374,0.471,0.386,0.044,0.793,-0.227,0.86,0.791,0.877,0.154,0.075,-0.181,0.57,0.158,0.869,-0.521,0.906,-0.121,0.676,0.723,0.772,0.224,-0.337,-0.109,-0.14,0.477,-0.528,0.188,0.07,0.814,-0.505,0.159,0.544,-0.141,-0.582,0.328,0.575,0.916,-0.119,0.39,0.552,-0.317,0.2,0.545,0.401,0.736,-0.412,0.761,0.681,0.791,-0.382,0.693,0.569,0.773,0.738,-0.509,-0.288,-0.401,0.626,0.835,-0.149,0.905,0.2,-0.308,0.161,0.807,-0.127,0.836,0.305,0.777,-0.076,0.755,0.754,0.61,0.839,0.808,0.249,0.808
BLDP,-0.152,0.432,0.905,-0.226,-0.347,-0.51,0.531,-0.451,0.515,-0.198,0.649,-0.378,0.427,-0.261,0.046,0.638,0.853,-0.098,0.654,-0.17,0.805,0.628,0.502,-0.37,-0.162,-0.531,-0.417,-0.165,0.0,0.748,0.104,-0.407,0.75,0.538,0.776,0.273,-0.176,-0.47,0.085,-0.367,0.904,-0.602,0.305,-0.227,-0.445,-0.077,-0.174,-0.222,-0.253,0.42,0.017,-0.21,0.263,0.779,0.364,0.547,-0.105,-0.407,0.552,-0.373,0.073,0.272,-0.417,0.262,0.796,0.78,0.304,-0.516,0.174,-0.044,0.649,0.188,-0.402,-0.315,-0.381,-0.09,-0.465,-0.493,-0.221,0.572,-0.432,-0.326,-0.268,-0.565,-0.485,0.532,-0.541,-0.418,0.671,-0.558,-0.564,0.802,-0.406,-0.467,0.528,-0.468,-0.647,0.574,-0.221,-0.347,0.907,-0.072,0.341,0.219,0.306,0.402,-0.412,-0.67,0.661,-0.224,-0.246,0.336,0.455,-0.262,0.882,0.524,0.417,-0.456,-0.033,-0.164,-0.178,0.58,0.133,0.252,0.712,-0.312,0.064,0.753,-0.33,-0.509,-0.462,0.004,-0.121,0.933,-0.639,0.361,-0.243,0.688,-0.338,0.645,0.195,-0.382,-0.657,0.113,0.483,0.521,0.566,-0.698,0.715,-0.11,0.322,-0.234,0.588,0.523,0.026,0.815,0.008,0.798,0.51,-0.109,0.465,-0.127,0.519,-0.385,-0.596,0.619,0.009,0.032,0.78,-0.33,-0.472,-0.668,0.211,-0.653,0.381,-0.614,-0.65,0.238,0.871,0.869,0.431,-0.422,0.664,-0.374,0.758,0.75,-0.7,0.086,-0.135,-0.42,0.404,-0.615,0.804,-0.597,-0.276,0.491,-0.255,-0.477,0.396,-0.071
BLFS,0.194,0.615,0.808,0.006,0.075,-0.036,0.655,-0.261,0.602,-0.003,0.684,-0.261,0.294,-0.03,0.329,0.586,0.76,0.196,0.696,-0.003,0.567,0.456,0.63,-0.142,0.006,-0.332,-0.129,0.055,0.748,0.0,0.484,-0.13,0.388,0.571,0.471,0.456,-0.084,-0.179,0.355,0.049,0.759,-0.458,0.427,0.188,-0.1,0.066,0.205,0.067,0.175,0.378,0.317,0.046,0.374,0.599,0.37,0.681,-0.012,-0.179,0.393,-0.177,0.382,0.183,-0.237,0.509,0.76,0.731,0.288,-0.122,0.227,0.244,0.39,0.363,-0.301,-0.308,-0.018,0.044,-0.199,-0.158,0.03,0.599,-0.223,-0.146,-0.118,-0.295,-0.277,0.524,-0.186,-0.104,0.789,-0.21,-0.248,0.622,-0.181,-0.229,0.569,-0.164,-0.28,0.459,-0.243,-0.095,0.76,0.18,0.376,0.5,0.549,0.396,-0.112,-0.535,0.629,-0.049,0.064,0.561,0.474,-0.039,0.629,0.462,0.34,-0.136,0.051,0.111,0.118,0.537,0.308,0.353,0.739,0.145,0.159,0.535,-0.096,-0.205,-0.183,0.172,0.124,0.62,-0.439,0.557,-0.125,0.638,-0.153,0.623,0.299,-0.073,-0.275,0.4,0.588,0.618,0.609,-0.31,0.553,-0.285,0.575,-0.058,0.562,0.21,0.168,0.688,0.167,0.767,0.479,0.072,0.479,-0.072,0.575,-0.176,-0.104,0.664,0.256,0.019,0.434,-0.135,-0.088,-0.38,0.126,-0.243,0.393,-0.341,-0.457,0.323,0.685,0.723,0.459,-0.147,0.394,-0.168,0.764,0.499,-0.365,0.273,0.09,-0.275,0.452,-0.26,0.766,-0.277,-0.021,0.536,-0.179,-0.322,0.642,0.26
BLKB,0.414,0.612,0.139,0.4,0.75,0.518,0.623,0.148,0.284,0.531,0.034,0.284,-0.129,0.555,0.698,0.339,0.212,0.59,0.412,0.461,0.053,0.02,0.489,0.528,0.15,-0.196,0.508,0.544,0.104,0.484,0.0,0.529,-0.213,0.329,-0.092,0.546,0.384,0.547,0.676,0.574,0.212,0.0,0.444,0.744,0.566,0.503,0.806,0.65,0.752,0.078,0.77,0.381,0.417,0.188,0.394,0.463,0.324,0.475,0.178,0.258,0.707,0.004,0.333,0.499,0.421,0.265,0.272,0.612,0.482,0.576,-0.219,0.502,0.239,-0.073,0.606,0.498,0.527,0.49,0.33,0.238,0.425,0.354,0.366,0.355,0.298,0.181,0.561,0.549,0.451,0.425,0.574,0.146,0.451,0.373,0.484,0.341,0.488,0.274,0.134,0.353,0.222,0.441,0.611,0.673,0.768,0.439,0.571,-0.073,0.331,0.388,0.611,0.676,0.47,0.494,0.134,0.191,-0.009,0.522,0.361,0.726,0.61,0.371,0.334,0.31,0.488,0.555,0.532,0.07,0.429,0.573,0.449,0.216,0.523,-0.053,0.071,0.713,0.28,0.168,0.454,0.367,0.453,0.549,0.399,0.756,0.392,0.293,0.426,0.376,0.036,-0.455,0.493,0.537,0.212,-0.261,0.23,0.174,-0.023,0.452,0.395,0.653,0.334,0.192,0.558,-0.069,0.519,0.473,0.675,0.252,-0.241,0.473,0.502,0.328,0.053,0.563,0.238,0.222,0.1,0.045,0.147,0.133,0.51,0.604,-0.071,0.38,0.417,-0.065,0.177,0.543,0.395,0.194,0.51,0.481,0.326,0.458,0.532,0.687,0.272,0.195,0.684,0.785
