,ABAT,ACLS,ACMR,ADMA,ADUS,ADVM,AEIS,AGNCM,AHCO,ALGT,ALLO,AMSF,ANAB,ANDE,APLS,APPF,ASML,ATRC,AVGO,AVT,AXDX,AXSM,AZN,BANR,BBIO,BCYC,BHFAP,BKR,BLDP,BLFS,BLKB,BLMN,BNTX,BPMC,CALM,CAMT,CASH,CATY,CCEP,CDLX,CDNS,CENN,CENX,CGC,CHDN,CLBK,COKE,COLB,COO,CORT,CRMT,CRNX,CRTO,CRVL,CSCO,CSQ,CSWI,CVBF,CWST,CYCC,CZR,DLTR,DORM,ENTA,EQIX,ERIC,EVRG,EWBC,EXAS,EXLS,EXPI,EYE,FBNC,FBRX,FCNCA,FELE,FIBK,FLEX,FRGT,FRHC,FRME,FWONA,FWONK,GDEN,GIII,GILD,GLNG,GNTX,GOOGL,GRPN,HCSG,HIMX,HOPE,HST,HTLD,HUT,HWC,ICUI,IESC,INTC,INTU,IOVA,IPAR,IPGP,ISRG,JBSS,KALU,KPRX,KRNT,LAUR,LBRDA,LBTYK,LECO,LILAK,LITE,MANH,MDXG,MFIC,MGEE,MIDD,MLAB,MMSI,MNKD,MOMO,MRVL,NICE,NMFC,NUWE,NVCR,NWBI,OFIX,OFLX,OMCL,OPK,ORKA,ORLY,OTTR,PDD,PNTG,POOL,POWL,PPBI,PPC,PRAA,PRPL,PZZA,QTRX,QURE,RDFN,RDHL,REAL,REG,REYN,RGLD,RIOT,RUN,RYTM,SAIA,SBAC,SBRA,SCVL,SHOO,SLAB,SLDB,SMCI,SMTC,SRCE,SSP,SSRM,STBA,STRO,SVC,SYBT,TCBI,TCOM,TENX,TH,TMUS,TNDM,TTD,TTMI,UAL,ULH,ULTA,VCYT,VIRT,VKTX,VOD,VRDN,VREX,VRNT,VSAT,WB,WBD,WDC,WEN,WSFS,XXII,Z,ZBRA
ABAT,0.0,-0.496,-0.488,-0.598,-0.506,0.365,-0.477,-0.507,0.08,0.013,0.446,-0.294,0.484,-0.4,0.463,0.402,0.475,0.282,0.081,-0.15,0.317,0.493,-0.226,-0.126,0.157,0.153,-0.551,-0.095,0.515,-0.257,-0.438,-0.505,-0.231,0.495,0.462,-0.541,-0.336,-0.012,-0.393,0.254,-0.631,0.423,-0.432,-0.258,-0.327,0.322,0.088,-0.343,0.195,0.281,-0.388,0.394,-0.31,-0.369,-0.301,-0.413,0.296,-0.28,-0.492,-0.433,0.432,-0.181,-0.636,0.484,-0.589,-0.51,-0.5,-0.172,-0.314,-0.405,-0.576,-0.407,0.255,-0.51,-0.558,-0.363,-0.119,-0.571,0.392,0.004,0.103,-0.314,-0.267,-0.187,0.37,0.564,-0.412,-0.454,-0.011,0.451,-0.352,-0.19,0.381,0.222,0.352,-0.114,-0.027,-0.127,-0.437,0.461,-0.043,0.247,0.442,-0.497,-0.515,-0.048,0.468,0.505,-0.41,-0.608,-0.531,-0.155,-0.361,-0.321,-0.639,-0.507,-0.361,-0.167,-0.421,-0.361,-0.57,-0.149,0.314,0.408,0.18,-0.434,0.125,-0.564,-0.688,-0.198,-0.062,-0.355,-0.516,-0.491,-0.277,-0.641,-0.109,0.155,-0.599,-0.554,0.082,-0.401,0.555,-0.337,-0.568,-0.369,-0.586,0.439,-0.413,-0.574,-0.038,0.334,0.158,-0.507,-0.27,-0.286,0.482,0.085,-0.338,-0.386,0.127,0.234,-0.103,0.329,-0.521,-0.251,-0.033,-0.443,-0.354,0.132,0.438,-0.352,-0.401,-0.52,-0.112,-0.519,-0.094,-0.066,-0.36,0.108,-0.485,0.18,-0.339,0.057,-0.588,0.082,-0.274,0.17,-0.427,-0.205,-0.376,-0.184,0.416,-0.143,-0.149,-0.472,-0.393,-0.334,-0.595,-0.481
ACLS,-0.496,0.0,0.501,0.562,0.23,-0.177,0.592,0.505,-0.035,-0.071,-0.081,0.067,-0.131,0.16,-0.149,-0.005,-0.088,-0.019,0.303,0.134,-0.153,-0.057,0.301,0.003,0.057,-0.113,0.411,0.043,-0.219,0.424,0.461,0.212,0.372,-0.134,-0.357,0.391,0.14,-0.084,0.233,0.047,0.675,-0.32,0.443,0.195,0.336,-0.133,-0.027,0.205,0.033,0.045,0.24,-0.094,0.397,0.246,0.565,0.501,-0.095,0.117,0.441,0.672,-0.241,0.119,0.43,-0.257,0.456,0.511,0.346,-0.022,0.457,0.39,0.515,0.286,-0.286,0.258,0.206,0.241,0.016,0.414,-0.045,0.157,-0.172,0.203,0.129,0.189,-0.351,-0.174,0.224,0.341,0.514,-0.264,0.264,0.518,-0.429,-0.152,-0.183,0.019,-0.157,0.3,0.43,-0.032,0.375,0.232,-0.233,0.495,0.451,-0.034,-0.099,-0.349,0.558,0.509,0.462,0.245,0.118,0.539,0.707,0.579,0.157,0.075,0.355,0.245,0.371,0.112,-0.026,-0.149,0.08,0.427,0.103,0.371,0.524,0.049,0.137,0.162,0.484,0.478,0.615,0.487,0.067,0.03,0.441,0.441,0.204,0.224,-0.356,0.181,0.423,0.283,0.612,-0.156,0.479,0.592,0.457,-0.183,-0.129,0.388,0.245,0.19,-0.101,0.047,0.348,0.304,0.077,-0.259,0.356,-0.101,0.566,0.522,-0.062,0.21,0.354,-0.13,-0.294,0.266,0.256,0.173,0.216,0.396,0.209,0.453,0.655,0.357,0.396,-0.159,0.48,0.079,0.602,0.08,0.311,0.257,0.262,0.173,0.75,0.277,-0.147,0.003,0.274,0.411,0.134,0.053,0.642,0.482
ACMR,-0.488,0.501,0.0,0.443,0.426,-0.496,0.571,0.547,-0.306,0.043,-0.632,0.417,-0.627,0.286,-0.532,-0.517,-0.34,-0.484,-0.166,-0.277,-0.333,-0.532,0.143,-0.007,-0.245,0.083,0.516,0.201,-0.553,0.394,0.267,0.394,0.54,-0.455,-0.369,0.697,0.282,-0.17,0.487,-0.306,0.707,-0.678,0.508,0.298,0.158,-0.638,-0.274,0.377,-0.181,-0.541,0.443,-0.561,0.011,0.464,0.488,0.571,-0.28,0.176,0.426,0.415,-0.454,0.185,0.576,-0.597,0.612,0.548,0.613,-0.137,0.469,0.274,0.603,0.275,-0.544,0.527,0.421,0.403,-0.19,0.476,-0.19,0.144,-0.407,0.392,0.296,-0.001,-0.755,-0.564,0.305,0.398,0.292,-0.691,0.357,-0.11,-0.598,-0.454,-0.555,0.311,-0.236,0.094,0.363,-0.411,-0.043,-0.244,-0.696,0.516,0.56,0.276,-0.529,-0.459,0.309,0.554,0.561,0.217,0.425,0.159,0.595,0.305,0.457,-0.084,0.454,0.418,0.357,-0.079,-0.572,-0.392,-0.068,0.645,-0.315,0.608,0.606,0.034,-0.208,0.634,0.332,0.619,0.463,0.638,0.078,-0.176,0.478,0.656,-0.309,0.181,-0.721,0.139,0.565,0.582,0.522,-0.506,0.179,0.274,-0.112,-0.588,-0.338,0.589,0.356,0.505,-0.535,0.121,0.316,0.304,-0.345,-0.558,0.251,-0.493,0.46,0.18,-0.189,0.423,0.63,-0.039,-0.425,0.256,0.378,0.385,-0.035,0.48,-0.15,-0.055,0.229,-0.148,0.387,-0.482,0.464,-0.39,0.591,0.139,0.128,-0.184,0.164,0.186,0.139,0.256,-0.468,-0.127,0.073,0.427,0.299,0.288,0.503,0.558
ADMA,-0.598,0.562,0.443,0.0,0.307,-0.359,0.599,0.602,-0.094,-0.035,-0.331,0.183,-0.324,0.385,-0.26,-0.336,-0.502,-0.346,-0.019,-0.068,-0.122,-0.332,0.517,-0.014,-0.303,-0.067,0.604,-0.128,-0.38,0.267,0.535,0.329,0.319,-0.431,-0.532,0.455,0.23,-0.195,0.268,-0.132,0.606,-0.611,0.573,0.44,0.55,-0.319,-0.145,0.281,-0.145,-0.29,0.202,-0.309,0.153,0.52,0.145,0.485,-0.146,0.108,0.596,0.599,-0.291,0.216,0.646,-0.356,0.583,0.498,0.367,-0.003,0.448,0.421,0.475,0.262,-0.347,0.252,0.461,0.316,0.033,0.683,-0.25,-0.036,-0.276,0.439,0.397,0.325,-0.41,-0.479,0.282,0.383,0.08,-0.348,0.375,0.168,-0.411,-0.024,-0.024,-0.009,-0.112,0.103,0.477,-0.272,0.047,0.136,-0.362,0.507,0.494,0.155,-0.443,-0.414,0.336,0.614,0.684,0.318,0.253,0.523,0.681,0.434,0.126,0.099,0.34,0.364,0.583,0.378,-0.235,-0.28,-0.067,0.556,-0.002,0.424,0.71,0.188,0.044,0.345,0.592,0.437,0.466,0.687,0.064,-0.059,0.483,0.526,0.079,0.341,-0.518,0.284,0.669,0.43,0.853,-0.293,0.316,0.771,0.181,-0.31,0.067,0.39,0.079,0.294,-0.328,0.017,0.272,0.319,-0.15,-0.396,0.165,-0.147,0.78,0.451,-0.064,0.438,0.21,-0.256,-0.264,0.29,0.304,0.335,-0.03,0.592,0.27,0.123,0.545,0.031,0.523,-0.184,0.506,-0.055,0.859,0.096,0.716,0.041,0.238,0.293,0.371,0.253,-0.292,0.244,0.133,0.269,0.24,0.285,0.643,0.475
ADUS,-0.506,0.23,0.426,0.307,0.0,-0.379,0.239,0.531,0.116,0.206,-0.694,0.368,-0.723,0.64,-0.842,-0.57,-0.771,-0.358,-0.434,0.43,-0.711,-0.693,0.009,0.355,-0.266,-0.394,0.615,0.39,-0.812,0.032,0.398,0.834,0.162,-0.725,-0.164,0.704,0.535,0.284,0.835,-0.736,0.677,-0.269,0.317,0.245,0.074,-0.438,0.396,0.396,-0.428,-0.429,0.703,-0.311,0.445,0.396,0.183,0.398,-0.402,0.498,0.517,0.115,-0.708,0.132,0.781,-0.783,0.807,0.514,0.665,0.398,0.103,0.49,0.783,0.704,-0.299,0.826,0.778,0.639,0.227,0.568,-0.576,-0.13,0.036,0.227,0.176,0.079,-0.2,-0.801,0.799,0.756,-0.255,-0.558,0.18,0.004,-0.308,-0.261,-0.756,0.544,0.348,0.334,0.482,-0.814,0.069,-0.629,-0.598,0.528,0.636,0.079,-0.531,-0.824,0.175,0.802,0.472,0.351,0.556,0.021,0.713,0.543,0.732,0.405,0.52,0.539,0.625,0.185,-0.429,-0.567,-0.588,0.323,-0.164,0.668,0.82,0.225,0.152,0.496,0.698,0.575,-0.021,0.774,0.366,-0.194,0.798,0.658,-0.035,0.664,-0.55,0.54,0.722,0.325,0.39,-0.718,0.589,0.379,-0.013,-0.315,-0.089,0.687,0.609,0.369,-0.674,-0.232,0.593,0.75,-0.161,0.062,-0.069,-0.675,0.498,0.237,0.23,0.553,0.547,0.115,-0.673,0.557,0.578,0.921,0.348,0.461,-0.147,-0.086,0.211,-0.359,0.733,-0.06,0.311,0.158,0.34,-0.173,-0.025,-0.385,0.544,0.187,0.334,0.403,-0.588,0.153,0.116,0.745,0.713,0.581,0.599,0.447
ADVM,0.365,-0.177,-0.496,-0.359,-0.379,0.0,-0.469,-0.712,0.627,-0.642,0.834,-0.808,0.731,-0.807,0.429,0.917,0.536,0.047,0.756,0.465,0.211,0.646,-0.595,-0.517,0.219,-0.461,-0.876,-0.473,0.69,-0.714,0.269,-0.649,-0.823,0.559,0.398,-0.83,-0.832,-0.404,-0.678,0.265,-0.563,0.638,-0.762,-0.65,-0.453,0.358,-0.063,-0.865,-0.094,0.575,-0.77,0.856,0.093,-0.899,-0.35,-0.831,-0.192,-0.66,-0.813,-0.283,0.574,-0.792,-0.738,0.339,-0.488,-0.801,-0.797,-0.45,-0.724,-0.78,-0.599,-0.691,-0.061,-0.625,-0.754,-0.821,-0.492,-0.815,0.45,-0.489,-0.083,-0.815,-0.764,-0.535,0.428,0.334,-0.657,-0.663,-0.256,0.574,-0.879,0.242,0.199,0.139,0.251,-0.307,-0.057,-0.58,-0.825,0.419,0.649,0.321,0.668,-0.82,-0.823,-0.758,0.264,0.373,-0.433,-0.667,-0.787,-0.311,-0.861,0.201,-0.501,-0.497,-0.31,-0.464,-0.837,-0.9,-0.624,-0.059,0.876,0.884,0.546,-0.885,-0.127,-0.573,-0.601,-0.671,-0.427,-0.829,-0.486,-0.77,-0.453,-0.72,-0.55,0.724,-0.266,-0.849,-0.151,-0.681,0.378,-0.761,-0.453,-0.839,-0.564,0.812,-0.004,-0.057,0.396,0.735,0.688,-0.705,-0.201,-0.888,0.259,-0.576,0.046,-0.259,-0.121,0.231,-0.539,0.56,-0.32,0.307,-0.481,-0.88,-0.521,-0.599,0.194,-0.692,-0.868,-0.479,-0.086,-0.823,-0.473,0.593,0.193,0.717,-0.454,-0.11,-0.739,-0.006,-0.515,-0.547,-0.036,-0.138,-0.422,-0.832,0.012,-0.624,0.855,-0.545,-0.416,-0.619,-0.714,-0.545,-0.443,-0.804
AEIS,-0.477,0.592,0.571,0.599,0.239,-0.469,0.0,0.569,-0.352,0.318,-0.353,0.479,-0.276,0.365,-0.073,-0.409,-0.201,-0.001,0.023,-0.141,0.159,-0.217,0.497,0.236,-0.026,0.376,0.537,0.207,-0.264,0.597,0.116,0.253,0.578,-0.123,-0.458,0.515,0.46,0.07,0.308,0.15,0.536,-0.637,0.716,0.318,0.698,-0.208,-0.248,0.515,0.247,-0.244,0.396,-0.552,-0.01,0.638,0.591,0.613,0.101,0.312,0.633,0.616,-0.15,0.5,0.482,-0.113,0.344,0.524,0.493,0.115,0.704,0.537,0.445,0.363,-0.078,0.27,0.409,0.349,0.196,0.676,-0.055,0.38,-0.062,0.659,0.626,0.374,-0.42,-0.227,0.207,0.278,0.361,-0.281,0.578,0.089,-0.183,-0.028,-0.041,-0.01,0.001,0.294,0.514,-0.062,-0.257,0.06,-0.345,0.55,0.502,0.389,-0.184,-0.124,0.595,0.435,0.69,0.175,0.463,0.337,0.528,0.406,0.088,0.217,0.489,0.487,0.523,0.098,-0.381,-0.428,0.114,0.685,0.154,0.317,0.524,0.389,0.198,0.516,0.274,0.47,0.455,0.53,0.257,-0.263,0.281,0.567,0.08,0.37,-0.372,0.358,0.416,0.692,0.622,-0.255,0.12,0.337,0.001,-0.486,-0.343,0.405,0.023,0.538,-0.109,0.393,-0.075,0.167,0.057,-0.275,0.512,-0.069,0.494,0.151,0.107,0.499,0.312,0.142,-0.048,0.334,0.422,0.178,-0.045,0.594,0.319,-0.037,0.344,-0.072,0.308,-0.028,0.629,-0.048,0.825,0.457,0.551,0.158,0.229,0.537,0.318,0.411,-0.515,0.335,0.562,0.331,0.321,0.221,0.465,0.68
AGNCM,-0.507,0.505,0.547,0.602,0.531,-0.712,0.569,0.0,-0.342,0.383,-0.642,0.513,-0.56,0.683,-0.515,-0.694,-0.538,-0.173,-0.402,-0.192,-0.327,-0.437,0.642,0.331,0.064,0.05,0.887,0.411,-0.663,0.55,0.036,0.719,0.656,-0.669,-0.588,0.866,0.699,0.182,0.693,-0.275,0.848,-0.492,0.77,0.531,0.409,-0.447,0.121,0.669,-0.122,-0.319,0.738,-0.634,0.296,0.759,0.519,0.895,-0.109,0.474,0.816,0.543,-0.675,0.575,0.836,-0.467,0.734,0.884,0.789,0.304,0.752,0.731,0.811,0.695,-0.259,0.691,0.713,0.75,0.292,0.817,-0.198,0.279,-0.152,0.707,0.635,0.377,-0.462,-0.507,0.726,0.723,0.333,-0.625,0.691,-0.019,-0.431,-0.284,-0.237,0.361,-0.057,0.588,0.81,-0.487,-0.18,-0.091,-0.704,0.909,0.897,0.36,-0.369,-0.531,0.591,0.81,0.836,0.412,0.725,0.016,0.837,0.807,0.435,0.387,0.76,0.796,0.805,0.163,-0.487,-0.65,-0.394,0.783,0.083,0.725,0.807,0.422,0.266,0.695,0.729,0.89,0.57,0.822,0.359,-0.48,0.499,0.88,0.133,0.622,-0.597,0.698,0.672,0.789,0.717,-0.691,0.431,0.499,0.208,-0.705,-0.449,0.856,0.48,0.77,-0.246,0.444,0.338,0.411,0.086,-0.323,0.547,-0.475,0.653,0.136,0.281,0.795,0.742,0.281,-0.339,0.595,0.751,0.544,0.291,0.849,0.273,-0.172,0.374,-0.282,0.527,-0.025,0.639,0.158,0.701,0.48,0.259,0.091,0.608,0.647,0.419,0.715,-0.712,0.311,0.439,0.767,0.581,0.687,0.833,0.844
AHCO,0.08,-0.035,-0.306,-0.094,0.116,0.627,-0.352,-0.342,0.0,-0.324,0.343,-0.525,0.221,-0.213,-0.062,0.482,-0.064,-0.122,0.371,0.684,-0.24,0.084,-0.364,-0.228,-0.146,-0.675,-0.389,-0.289,0.162,-0.718,0.493,-0.054,-0.686,0.11,0.425,-0.41,-0.452,-0.155,-0.127,-0.24,-0.196,0.436,-0.376,-0.176,-0.246,0.125,0.38,-0.596,-0.317,0.253,-0.354,0.642,0.347,-0.51,-0.475,-0.534,-0.185,-0.348,-0.378,-0.223,0.087,-0.613,-0.165,-0.052,0.029,-0.455,-0.379,-0.104,-0.646,-0.343,-0.204,-0.153,-0.154,-0.163,-0.2,-0.253,-0.192,-0.292,-0.074,-0.616,-0.02,-0.598,-0.533,-0.263,0.425,-0.142,-0.085,-0.035,-0.502,0.294,-0.615,0.245,0.101,0.209,-0.076,0.146,0.21,-0.366,-0.42,-0.106,0.563,0.018,0.313,-0.424,-0.405,-0.491,0.003,-0.176,-0.503,-0.131,-0.411,0.148,-0.416,0.349,-0.075,-0.231,0.172,-0.077,-0.469,-0.432,-0.19,0.287,0.444,0.49,0.067,-0.617,-0.088,-0.19,-0.069,-0.393,-0.15,-0.518,0.018,-0.446,-0.488,-0.167,-0.217,0.623,0.237,-0.419,0.103,-0.148,0.158,-0.25,0.082,-0.625,-0.261,0.301,0.3,0.179,0.238,0.66,0.707,-0.329,0.267,-0.645,-0.124,-0.723,0.354,0.262,-0.209,0.349,-0.561,0.035,0.145,0.507,-0.186,-0.398,-0.332,-0.479,-0.152,-0.194,-0.431,0.139,0.245,-0.425,-0.355,0.451,0.189,0.356,0.146,0.086,-0.47,0.177,-0.295,-0.624,0.029,-0.261,-0.195,-0.593,0.15,-0.224,0.527,-0.194,-0.404,-0.142,-0.115,-0.152,-0.154,-0.441
ALGT,0.013,-0.071,0.043,-0.035,0.206,-0.642,0.318,0.383,-0.324,0.0,-0.433,0.7,-0.339,0.706,-0.056,-0.577,-0.27,0.408,-0.512,-0.14,0.093,-0.253,0.487,0.721,-0.108,0.517,0.51,0.562,-0.261,0.551,-0.442,0.481,0.552,-0.062,0.053,0.411,0.775,0.729,0.507,-0.056,0.131,-0.216,0.58,0.54,0.59,0.131,0.334,0.719,0.391,-0.186,0.603,-0.475,-0.045,0.689,0.187,0.549,0.598,0.673,0.612,0.041,-0.184,0.736,0.36,0.084,0.064,0.42,0.509,0.708,0.476,0.704,0.229,0.631,0.541,0.292,0.561,0.661,0.76,0.564,-0.248,0.499,0.513,0.664,0.703,0.681,0.143,0.041,0.518,0.494,0.177,0.008,0.687,-0.081,0.391,0.359,0.006,0.215,0.458,0.605,0.589,-0.113,-0.659,-0.18,-0.17,0.496,0.457,0.794,0.216,-0.023,0.249,0.305,0.485,0.341,0.711,-0.226,0.125,0.244,0.17,0.695,0.61,0.74,0.453,0.18,-0.573,-0.615,-0.368,0.494,0.51,0.096,0.225,0.813,0.703,0.543,0.234,0.358,0.059,0.333,0.743,-0.53,0.068,0.456,0.463,0.669,0.235,0.749,0.164,0.574,0.164,-0.469,-0.136,-0.265,-0.394,-0.277,-0.426,0.347,0.105,0.611,0.129,0.553,-0.32,0.206,0.399,0.358,0.535,-0.234,0.068,-0.357,0.783,0.673,0.177,0.812,0.08,0.66,0.692,0.322,0.259,0.464,0.605,-0.453,-0.318,-0.574,0.28,0.713,0.556,0.385,0.182,0.556,-0.013,0.33,0.221,0.777,-0.034,0.755,-0.587,0.788,0.573,0.457,0.7,0.264,0.02,0.552
ALLO,0.446,-0.081,-0.632,-0.331,-0.694,0.834,-0.353,-0.642,0.343,-0.433,0.0,-0.696,0.959,-0.767,0.786,0.938,0.738,0.429,0.764,0.21,0.56,0.894,-0.264,-0.355,0.35,-0.092,-0.792,-0.405,0.895,-0.363,-0.033,-0.795,-0.577,0.79,0.252,-0.882,-0.695,-0.258,-0.836,0.603,-0.65,0.624,-0.598,-0.561,-0.186,0.66,-0.131,-0.658,0.287,0.796,-0.76,0.796,-0.013,-0.724,-0.213,-0.649,0.203,-0.543,-0.652,-0.132,0.768,-0.451,-0.832,0.681,-0.721,-0.679,-0.832,-0.334,-0.424,-0.569,-0.687,-0.66,0.264,-0.805,-0.823,-0.796,-0.237,-0.729,0.598,-0.15,0.116,-0.591,-0.534,-0.203,0.535,0.715,-0.722,-0.723,0.067,0.767,-0.577,0.384,0.374,0.349,0.613,-0.539,-0.08,-0.33,-0.619,0.765,0.425,0.625,0.853,-0.686,-0.771,-0.545,0.585,0.647,-0.196,-0.746,-0.676,-0.327,-0.801,0.165,-0.569,-0.398,-0.565,-0.296,-0.709,-0.765,-0.593,-0.069,0.878,0.818,0.587,-0.723,0.247,-0.744,-0.743,-0.398,-0.112,-0.849,-0.534,-0.724,-0.222,-0.81,-0.396,0.531,-0.527,-0.845,0.151,-0.623,0.612,-0.618,-0.679,-0.695,-0.462,0.889,-0.146,-0.138,0.444,0.681,0.484,-0.768,-0.465,-0.742,0.68,-0.202,-0.266,-0.48,0.255,0.29,-0.194,0.813,-0.407,0.113,-0.236,-0.814,-0.624,-0.333,0.463,-0.578,-0.741,-0.756,-0.112,-0.704,-0.04,0.516,0.172,0.721,-0.589,0.15,-0.525,0.174,-0.448,-0.163,0.038,0.317,-0.415,-0.504,0.106,-0.466,0.834,-0.278,-0.121,-0.66,-0.753,-0.619,-0.486,-0.661
AMSF,-0.294,0.067,0.417,0.183,0.368,-0.808,0.479,0.513,-0.525,0.7,-0.696,0.0,-0.638,0.759,-0.284,-0.776,-0.423,0.027,-0.621,-0.307,-0.113,-0.566,0.451,0.545,-0.194,0.493,0.671,0.451,-0.525,0.672,-0.248,0.541,0.681,-0.35,-0.134,0.673,0.773,0.496,0.62,-0.176,0.396,-0.557,0.658,0.557,0.49,-0.208,0.034,0.785,0.253,-0.422,0.673,-0.751,-0.18,0.792,0.312,0.654,0.307,0.636,0.671,0.16,-0.36,0.7,0.563,-0.204,0.331,0.571,0.68,0.498,0.607,0.675,0.429,0.586,0.19,0.509,0.688,0.722,0.511,0.7,-0.432,0.421,0.239,0.726,0.716,0.573,-0.277,-0.226,0.547,0.529,0.285,-0.384,0.751,-0.15,0.029,0.074,-0.226,0.282,0.253,0.472,0.626,-0.334,-0.632,-0.378,-0.525,0.602,0.608,0.816,-0.179,-0.218,0.356,0.488,0.618,0.275,0.77,-0.221,0.299,0.306,0.199,0.422,0.707,0.769,0.503,0.15,-0.779,-0.745,-0.383,0.736,0.109,0.388,0.445,0.694,0.465,0.781,0.304,0.6,0.228,0.567,0.653,-0.599,0.241,0.669,0.138,0.641,-0.204,0.659,0.349,0.715,0.407,-0.672,-0.121,-0.134,-0.524,-0.553,-0.558,0.516,0.098,0.724,-0.242,0.53,-0.151,0.273,0.13,-0.03,0.554,-0.457,0.203,-0.273,0.526,0.75,0.361,0.63,-0.067,0.641,0.752,0.46,0.065,0.592,0.455,-0.51,-0.233,-0.676,0.386,0.226,0.645,0.014,0.377,0.412,0.077,0.094,0.249,0.735,-0.033,0.595,-0.752,0.525,0.39,0.49,0.686,0.343,0.204,0.637
ANAB,0.484,-0.131,-0.627,-0.324,-0.723,0.731,-0.276,-0.56,0.221,-0.339,0.959,-0.638,0.0,-0.724,0.836,0.842,0.76,0.521,0.675,0.08,0.68,0.947,-0.138,-0.259,0.403,0.063,-0.714,-0.283,0.898,-0.25,-0.193,-0.79,-0.446,0.796,0.129,-0.825,-0.583,-0.195,-0.812,0.652,-0.652,0.607,-0.523,-0.569,-0.11,0.701,-0.176,-0.524,0.377,0.798,-0.66,0.706,-0.104,-0.598,-0.129,-0.537,0.286,-0.464,-0.576,-0.074,0.782,-0.293,-0.818,0.731,-0.76,-0.595,-0.795,-0.289,-0.272,-0.474,-0.637,-0.595,0.34,-0.784,-0.802,-0.761,-0.154,-0.657,0.685,0.019,0.156,-0.459,-0.404,-0.125,0.539,0.77,-0.693,-0.728,0.137,0.774,-0.449,0.312,0.425,0.351,0.668,-0.584,-0.096,-0.21,-0.505,0.828,0.263,0.651,0.853,-0.594,-0.69,-0.468,0.658,0.726,-0.096,-0.74,-0.585,-0.345,-0.69,0.064,-0.563,-0.334,-0.567,-0.221,-0.626,-0.653,-0.518,-0.163,0.825,0.73,0.539,-0.636,0.36,-0.755,-0.738,-0.283,-0.035,-0.779,-0.556,-0.646,-0.181,-0.79,-0.344,0.372,-0.608,-0.784,0.195,-0.571,0.589,-0.542,-0.741,-0.556,-0.435,0.853,-0.164,-0.179,0.46,0.544,0.345,-0.726,-0.529,-0.589,0.793,-0.035,-0.398,-0.56,0.39,0.285,-0.096,0.876,-0.456,-0.036,-0.157,-0.738,-0.579,-0.211,0.533,-0.545,-0.648,-0.818,-0.137,-0.606,0.036,0.366,0.152,0.64,-0.655,0.195,-0.424,0.245,-0.386,0.063,0.056,0.417,-0.353,-0.348,0.087,-0.378,0.727,-0.178,0.047,-0.622,-0.729,-0.516,-0.466,-0.563
ANDE,-0.4,0.16,0.286,0.385,0.64,-0.807,0.365,0.683,-0.213,0.706,-0.767,0.759,-0.724,0.0,-0.551,-0.831,-0.747,0.006,-0.725,-0.016,-0.395,-0.695,0.566,0.625,-0.316,0.119,0.866,0.478,-0.76,0.457,-0.034,0.836,0.554,-0.611,-0.185,0.762,0.865,0.58,0.809,-0.492,0.555,-0.452,0.682,0.671,0.484,-0.224,0.458,0.768,-0.046,-0.415,0.799,-0.61,0.186,0.823,0.182,0.691,0.218,0.732,0.856,0.135,-0.633,0.66,0.834,-0.396,0.624,0.732,0.798,0.648,0.496,0.871,0.652,0.85,0.125,0.699,0.883,0.935,0.663,0.871,-0.649,0.214,0.273,0.668,0.65,0.615,-0.094,-0.453,0.86,0.863,-0.017,-0.442,0.715,-0.064,-0.072,0.074,-0.311,0.469,0.366,0.614,0.825,-0.595,-0.486,-0.423,-0.562,0.776,0.799,0.656,-0.28,-0.569,0.28,0.781,0.717,0.477,0.856,-0.093,0.591,0.572,0.429,0.685,0.819,0.905,0.76,0.369,-0.75,-0.857,-0.712,0.677,0.22,0.544,0.724,0.725,0.609,0.7,0.686,0.687,0.194,0.807,0.744,-0.554,0.504,0.797,0.4,0.879,-0.237,0.909,0.609,0.625,0.565,-0.86,0.278,0.158,-0.314,-0.444,-0.379,0.68,0.379,0.692,-0.331,0.283,0.172,0.588,0.151,0.123,0.357,-0.618,0.494,-0.08,0.646,0.878,0.385,0.562,-0.354,0.851,0.878,0.76,0.362,0.756,0.498,-0.427,-0.076,-0.711,0.733,0.374,0.635,0.301,0.418,0.271,0.108,0.066,0.494,0.748,0.184,0.734,-0.796,0.684,0.38,0.732,0.907,0.591,0.465,0.732
APLS,0.463,-0.149,-0.532,-0.26,-0.842,0.429,-0.073,-0.515,-0.062,-0.056,0.786,-0.284,0.836,-0.551,0.0,0.625,0.76,0.571,0.527,-0.194,0.868,0.797,0.067,-0.13,0.315,0.466,-0.586,-0.329,0.897,0.064,-0.356,-0.803,-0.173,0.869,0.183,-0.724,-0.411,-0.102,-0.791,0.86,-0.685,0.305,-0.286,-0.246,0.164,0.657,-0.383,-0.309,0.669,0.621,-0.62,0.389,-0.427,-0.294,-0.159,-0.375,0.542,-0.363,-0.402,-0.077,0.877,0.022,-0.773,0.879,-0.839,-0.541,-0.689,-0.213,-0.037,-0.328,-0.73,-0.57,0.47,-0.828,-0.677,-0.607,-0.031,-0.463,0.564,0.178,0.193,-0.125,-0.039,0.15,0.412,0.872,-0.735,-0.711,0.325,0.759,-0.144,0.24,0.502,0.553,0.777,-0.618,-0.054,-0.203,-0.397,0.908,-0.08,0.679,0.759,-0.51,-0.633,-0.029,0.666,0.872,-0.057,-0.743,-0.429,-0.23,-0.532,0.052,-0.662,-0.454,-0.752,-0.174,-0.48,-0.482,-0.526,-0.032,0.529,0.556,0.636,-0.308,0.383,-0.797,-0.755,-0.048,0.068,-0.51,-0.61,-0.611,-0.057,-0.729,-0.164,0.226,-0.708,-0.653,0.215,-0.477,0.675,-0.407,-0.705,-0.279,-0.319,0.779,-0.543,-0.372,0.083,0.428,0.165,-0.739,-0.704,-0.379,0.8,0.253,-0.652,-0.634,0.371,0.226,0.176,0.8,-0.434,-0.169,-0.036,-0.519,-0.648,-0.021,0.771,-0.387,-0.486,-0.861,-0.279,-0.451,0.299,0.111,-0.077,0.43,-0.643,0.293,-0.188,0.09,-0.261,0.25,0.187,0.523,-0.549,-0.073,-0.112,-0.24,0.549,0.048,0.121,-0.7,-0.603,-0.594,-0.593,-0.408
APPF,0.402,-0.005,-0.517,-0.336,-0.57,0.917,-0.409,-0.694,0.482,-0.577,0.938,-0.776,0.842,-0.831,0.625,0.0,0.674,0.208,0.834,0.35,0.382,0.777,-0.478,-0.458,0.232,-0.285,-0.842,-0.473,0.813,-0.497,0.192,-0.767,-0.683,0.717,0.343,-0.872,-0.81,-0.354,-0.78,0.464,-0.577,0.613,-0.67,-0.586,-0.332,0.521,-0.134,-0.781,0.12,0.666,-0.796,0.871,0.04,-0.841,-0.256,-0.736,0.014,-0.617,-0.754,-0.141,0.701,-0.672,-0.799,0.473,-0.606,-0.743,-0.833,-0.408,-0.582,-0.695,-0.641,-0.693,0.076,-0.754,-0.814,-0.831,-0.39,-0.803,0.519,-0.317,0.015,-0.759,-0.712,-0.36,0.449,0.552,-0.73,-0.699,-0.016,0.689,-0.748,0.416,0.263,0.263,0.392,-0.464,-0.076,-0.472,-0.731,0.646,0.636,0.501,0.785,-0.77,-0.813,-0.654,0.46,0.506,-0.293,-0.684,-0.75,-0.287,-0.904,0.28,-0.509,-0.45,-0.455,-0.411,-0.781,-0.865,-0.659,-0.076,0.884,0.898,0.613,-0.787,0.068,-0.682,-0.676,-0.554,-0.283,-0.871,-0.481,-0.752,-0.275,-0.763,-0.492,0.681,-0.371,-0.86,0.023,-0.665,0.51,-0.727,-0.557,-0.8,-0.474,0.87,-0.084,-0.074,0.453,0.766,0.6,-0.765,-0.346,-0.868,0.444,-0.438,-0.087,-0.34,0.075,0.24,-0.364,0.684,-0.338,0.275,-0.382,-0.899,-0.584,-0.487,0.3,-0.629,-0.821,-0.639,-0.099,-0.789,-0.249,0.651,0.221,0.811,-0.501,-0.015,-0.583,0.067,-0.475,-0.395,-0.058,0.147,-0.464,-0.713,0.135,-0.556,0.904,-0.45,-0.3,-0.653,-0.758,-0.679,-0.463,-0.75
ASML,0.475,-0.088,-0.34,-0.502,-0.771,0.536,-0.201,-0.538,-0.064,-0.27,0.738,-0.423,0.76,-0.747,0.76,0.674,0.0,0.434,0.571,-0.206,0.628,0.803,-0.273,-0.263,0.488,0.265,-0.695,-0.159,0.795,-0.016,-0.353,-0.808,-0.153,0.769,0.183,-0.655,-0.519,-0.172,-0.703,0.702,-0.571,0.509,-0.457,-0.537,-0.23,0.484,-0.392,-0.392,0.403,0.607,-0.538,0.398,-0.266,-0.561,0.036,-0.393,0.212,-0.408,-0.609,-0.081,0.66,-0.21,-0.818,0.657,-0.784,-0.495,-0.605,-0.347,-0.139,-0.508,-0.597,-0.593,0.262,-0.644,-0.808,-0.705,-0.248,-0.683,0.718,0.219,0.013,-0.343,-0.322,-0.283,0.222,0.798,-0.751,-0.735,0.411,0.551,-0.328,0.156,0.278,0.052,0.48,-0.501,-0.28,-0.212,-0.518,0.83,0.127,0.456,0.615,-0.541,-0.611,-0.288,0.647,0.764,-0.037,-0.793,-0.559,-0.489,-0.559,-0.155,-0.615,-0.418,-0.548,-0.383,-0.498,-0.59,-0.683,-0.437,0.601,0.576,0.621,-0.436,0.138,-0.609,-0.795,-0.335,-0.175,-0.568,-0.755,-0.501,-0.058,-0.779,-0.371,0.202,-0.718,-0.652,-0.041,-0.669,0.458,-0.598,-0.796,-0.362,-0.57,0.736,-0.363,-0.402,0.224,0.283,-0.013,-0.602,-0.46,-0.374,0.634,0.175,-0.491,-0.676,0.261,0.049,0.075,0.673,-0.626,-0.211,-0.247,-0.646,-0.346,-0.083,0.536,-0.604,-0.567,-0.872,-0.267,-0.544,-0.081,0.192,-0.062,0.507,-0.785,-0.061,-0.375,-0.059,-0.437,0.128,-0.124,0.334,-0.425,-0.305,-0.113,-0.426,0.535,-0.337,0.037,-0.575,-0.709,-0.608,-0.47,-0.462
ATRC,0.282,-0.019,-0.484,-0.346,-0.358,0.047,-0.001,-0.173,-0.122,0.408,0.429,0.027,0.521,0.006,0.571,0.208,0.434,0.0,0.09,0.015,0.514,0.533,0.29,0.363,0.344,0.436,-0.13,0.295,0.427,0.308,-0.501,-0.226,0.152,0.595,0.077,-0.282,0.167,0.471,-0.229,0.437,-0.354,0.387,-0.038,-0.159,0.3,0.738,0.222,0.181,0.628,0.615,0.02,0.179,0.051,0.02,0.165,0.015,0.686,0.232,0.074,-0.012,0.376,0.387,-0.337,0.652,-0.514,-0.023,-0.164,0.33,0.206,0.282,-0.241,0.102,0.746,-0.274,-0.229,-0.044,0.527,-0.074,0.315,0.507,0.571,0.115,0.148,0.394,0.531,0.701,-0.076,-0.137,0.294,0.535,0.237,0.323,0.535,0.405,0.447,-0.295,0.199,0.429,0.181,0.55,-0.301,0.321,0.517,0.008,-0.094,0.144,0.731,0.473,0.242,-0.301,-0.1,-0.156,0.044,-0.165,-0.282,0.067,-0.326,0.408,0.091,0.086,-0.046,-0.09,0.192,-0.058,0.006,-0.135,0.685,-0.437,-0.371,0.385,0.672,-0.238,-0.228,-0.137,0.006,-0.336,0.349,-0.227,-0.412,-0.209,0.593,0.094,0.6,0.194,-0.558,-0.044,-0.228,0.244,-0.084,-0.338,0.053,0.163,-0.248,-0.24,-0.333,0.044,0.797,0.423,-0.523,-0.298,0.714,0.521,0.376,0.466,-0.405,-0.366,0.493,-0.068,-0.279,0.498,0.39,0.133,0.094,-0.389,0.168,-0.08,0.598,-0.056,-0.128,0.01,-0.261,0.666,0.13,0.523,-0.228,0.437,-0.07,0.632,0.035,0.368,0.207,0.204,0.024,0.418,0.521,-0.026,-0.02,-0.224,-0.285,0.056
AVGO,0.081,0.303,-0.166,-0.019,-0.434,0.756,0.023,-0.402,0.371,-0.512,0.764,-0.621,0.675,-0.725,0.527,0.834,0.571,0.09,0.0,0.316,0.371,0.635,-0.294,-0.501,0.258,-0.197,-0.62,-0.476,0.698,-0.287,0.35,-0.627,-0.488,0.619,0.141,-0.609,-0.712,-0.474,-0.662,0.532,-0.229,0.308,-0.304,-0.39,-0.061,0.265,-0.299,-0.665,0.205,0.538,-0.684,0.621,0.134,-0.589,0.03,-0.459,-0.046,-0.623,-0.506,0.195,0.581,-0.529,-0.544,0.358,-0.348,-0.524,-0.618,-0.46,-0.305,-0.544,-0.431,-0.584,-0.14,-0.633,-0.621,-0.687,-0.463,-0.513,0.487,-0.282,-0.194,-0.478,-0.434,-0.305,0.149,0.32,-0.671,-0.552,0.143,0.466,-0.522,0.5,0.069,0.178,0.343,-0.372,-0.174,-0.474,-0.579,0.53,0.65,0.596,0.544,-0.514,-0.594,-0.518,0.247,0.385,-0.048,-0.471,-0.426,-0.133,-0.733,0.443,-0.208,-0.259,-0.391,-0.427,-0.632,-0.715,-0.412,0.027,0.744,0.776,0.788,-0.477,-0.019,-0.432,-0.4,-0.511,-0.335,-0.591,-0.315,-0.533,-0.036,-0.493,-0.528,0.712,-0.113,-0.581,-0.086,-0.587,0.238,-0.638,-0.241,-0.468,-0.18,0.809,-0.012,0.199,0.495,0.533,0.531,-0.512,-0.177,-0.666,0.315,-0.317,0.033,-0.279,-0.058,-0.004,-0.123,0.568,0.004,0.52,-0.476,-0.687,-0.328,-0.571,0.227,-0.545,-0.704,-0.522,-0.054,-0.53,-0.224,0.774,0.449,0.907,-0.324,-0.143,-0.349,-0.11,-0.061,-0.254,0.217,0.092,-0.403,-0.59,0.296,-0.379,0.708,-0.437,-0.154,-0.505,-0.647,-0.619,-0.205,-0.43
AVT,-0.15,0.134,-0.277,-0.068,0.43,0.465,-0.141,-0.192,0.684,-0.14,0.21,-0.307,0.08,-0.016,-0.194,0.35,-0.206,0.015,0.316,0.0,-0.302,-0.008,-0.417,0.062,-0.05,-0.635,-0.189,-0.019,-0.03,-0.464,0.546,0.163,-0.588,0.021,0.27,-0.204,-0.128,0.167,0.086,-0.289,0.016,0.391,-0.286,-0.243,-0.093,0.207,0.461,-0.311,-0.244,0.253,-0.064,0.519,0.581,-0.363,-0.15,-0.383,-0.211,0.017,-0.154,-0.113,-0.023,-0.434,0.02,-0.207,0.161,-0.244,-0.146,0.25,-0.519,-0.058,0.065,0.153,0.008,0.056,0.106,-0.074,0.083,-0.118,-0.18,-0.427,0.278,-0.461,-0.429,-0.132,0.467,-0.246,0.168,0.149,-0.451,0.237,-0.455,0.401,0.185,0.178,-0.275,0.173,0.511,-0.086,-0.184,-0.231,0.555,-0.186,0.255,-0.216,-0.182,-0.444,-0.008,-0.3,-0.135,0.118,-0.276,0.129,-0.223,0.35,0.139,0.098,0.257,0.204,-0.21,-0.229,0.073,0.248,0.358,0.226,-0.083,-0.489,0.041,-0.049,0.139,-0.121,0.105,-0.355,0.233,-0.235,-0.431,0.011,0.01,0.464,0.462,-0.209,0.156,0.194,0.137,0.022,0.18,-0.485,-0.132,0.112,0.493,0.254,0.275,0.547,0.505,-0.114,0.291,-0.496,-0.19,-0.653,0.402,0.44,-0.03,0.498,-0.433,-0.037,0.173,0.451,0.088,-0.246,-0.183,-0.219,-0.343,0.052,-0.159,0.4,0.4,-0.299,-0.24,0.463,0.261,0.278,0.357,0.199,-0.288,0.349,-0.157,-0.566,-0.033,-0.239,0.129,-0.408,0.441,-0.018,0.252,-0.056,-0.056,0.136,0.163,-0.1,0.033,-0.253
AXDX,0.317,-0.153,-0.333,-0.122,-0.711,0.211,0.159,-0.327,-0.24,0.093,0.56,-0.113,0.68,-0.395,0.868,0.382,0.628,0.514,0.371,-0.302,0.0,0.668,0.164,0.038,0.144,0.638,-0.37,-0.111,0.749,0.219,-0.409,-0.681,0.016,0.743,-0.07,-0.529,-0.19,0.028,-0.642,0.789,-0.582,0.091,-0.083,-0.242,0.37,0.601,-0.475,-0.035,0.673,0.426,-0.402,0.154,-0.516,-0.056,-0.014,-0.176,0.582,-0.152,-0.206,0.075,0.831,0.208,-0.61,0.735,-0.759,-0.368,-0.517,-0.063,0.163,-0.151,-0.544,-0.401,0.516,-0.693,-0.454,-0.483,0.121,-0.252,0.566,0.383,0.278,0.099,0.176,0.285,0.328,0.726,-0.603,-0.628,0.32,0.69,0.069,0.133,0.554,0.506,0.707,-0.661,0.034,-0.083,-0.198,0.831,-0.313,0.506,0.636,-0.354,-0.447,0.11,0.606,0.867,0.1,-0.58,-0.204,-0.233,-0.288,0.069,-0.539,-0.35,-0.626,-0.0,-0.299,-0.256,-0.298,-0.153,0.293,0.36,0.551,-0.106,0.483,-0.705,-0.59,0.168,0.15,-0.3,-0.551,-0.44,-0.029,-0.545,-0.057,-0.019,-0.629,-0.471,0.247,-0.3,0.514,-0.235,-0.625,-0.006,-0.153,0.591,-0.533,-0.349,0.013,0.176,-0.025,-0.595,-0.755,-0.133,0.683,0.386,-0.782,-0.608,0.456,0.196,0.249,0.795,-0.375,-0.337,0.092,-0.325,-0.535,0.139,0.703,-0.274,-0.298,-0.754,-0.406,-0.254,0.366,-0.056,-0.071,0.238,-0.568,0.275,0.0,0.129,-0.024,0.466,0.234,0.529,-0.408,0.134,-0.122,-0.112,0.297,0.229,0.344,-0.551,-0.437,-0.443,-0.489,-0.211
AXSM,0.493,-0.057,-0.532,-0.332,-0.693,0.646,-0.217,-0.437,0.084,-0.253,0.894,-0.566,0.947,-0.695,0.797,0.777,0.803,0.533,0.635,-0.008,0.668,0.0,-0.107,-0.167,0.496,0.125,-0.637,-0.126,0.847,-0.112,-0.264,-0.732,-0.281,0.76,0.074,-0.707,-0.466,-0.13,-0.697,0.655,-0.547,0.568,-0.444,-0.568,-0.077,0.671,-0.181,-0.392,0.368,0.76,-0.524,0.626,-0.096,-0.538,0.023,-0.378,0.268,-0.351,-0.502,0.02,0.709,-0.21,-0.766,0.689,-0.736,-0.46,-0.665,-0.243,-0.127,-0.401,-0.527,-0.512,0.353,-0.681,-0.75,-0.706,-0.112,-0.615,0.762,0.179,0.164,-0.362,-0.337,-0.113,0.436,0.784,-0.627,-0.682,0.312,0.71,-0.378,0.274,0.393,0.247,0.618,-0.588,-0.105,-0.056,-0.413,0.842,0.246,0.629,0.76,-0.483,-0.568,-0.423,0.707,0.722,0.057,-0.68,-0.478,-0.379,-0.592,0.015,-0.478,-0.245,-0.493,-0.182,-0.5,-0.548,-0.447,-0.284,0.795,0.653,0.528,-0.533,0.409,-0.668,-0.691,-0.231,-0.027,-0.694,-0.545,-0.501,-0.074,-0.744,-0.287,0.254,-0.631,-0.674,0.175,-0.527,0.54,-0.493,-0.742,-0.427,-0.417,0.782,-0.138,-0.182,0.52,0.403,0.212,-0.59,-0.49,-0.441,0.792,0.103,-0.411,-0.543,0.453,0.236,0.03,0.873,-0.486,-0.079,-0.115,-0.645,-0.405,-0.102,0.511,-0.518,-0.537,-0.812,-0.151,-0.498,0.053,0.357,0.206,0.645,-0.699,0.167,-0.332,0.294,-0.321,0.194,0.03,0.48,-0.241,-0.254,0.123,-0.286,0.626,-0.162,0.162,-0.498,-0.692,-0.459,-0.345,-0.47
AZN,-0.226,0.301,0.143,0.517,0.009,-0.595,0.497,0.642,-0.364,0.487,-0.264,0.451,-0.138,0.566,0.067,-0.478,-0.273,0.29,-0.294,-0.417,0.164,-0.107,0.0,0.254,0.111,0.417,0.644,0.124,-0.195,0.58,-0.267,0.35,0.622,-0.172,-0.398,0.465,0.537,0.145,0.249,0.181,0.382,-0.442,0.682,0.564,0.617,-0.082,0.106,0.535,0.361,-0.02,0.379,-0.516,-0.038,0.741,0.317,0.711,0.405,0.277,0.757,0.351,-0.219,0.733,0.476,0.192,0.272,0.623,0.423,0.212,0.779,0.673,0.307,0.378,0.12,0.216,0.365,0.543,0.386,0.702,-0.092,0.357,-0.023,0.778,0.764,0.622,-0.187,0.028,0.379,0.394,0.386,-0.225,0.766,0.028,-0.144,0.174,0.377,0.059,-0.127,0.488,0.69,-0.042,-0.474,0.361,-0.296,0.698,0.597,0.517,-0.062,-0.056,0.448,0.4,0.689,0.332,0.559,-0.003,0.4,0.508,-0.098,0.357,0.57,0.644,0.611,0.369,-0.347,-0.505,-0.176,0.689,0.336,0.276,0.393,0.495,0.496,0.505,0.42,0.518,0.571,0.446,0.429,-0.482,0.011,0.573,0.411,0.393,-0.128,0.588,0.304,0.676,0.625,-0.348,0.036,0.243,0.02,-0.474,-0.359,0.443,0.027,0.628,0.283,0.648,-0.089,0.039,0.276,-0.176,0.689,-0.071,0.452,-0.0,0.326,0.659,0.237,0.311,0.192,0.477,0.541,0.076,0.189,0.7,0.728,-0.259,0.178,-0.262,0.241,0.345,0.628,0.207,0.554,0.649,0.453,0.433,0.271,0.799,0.219,0.58,-0.497,0.555,0.433,0.346,0.318,0.422,0.411,0.696
BANR,-0.126,0.003,-0.007,-0.014,0.355,-0.517,0.236,0.331,-0.228,0.721,-0.355,0.545,-0.259,0.625,-0.13,-0.458,-0.263,0.363,-0.501,0.062,0.038,-0.167,0.254,0.0,-0.179,0.275,0.497,0.744,-0.359,0.491,-0.274,0.427,0.442,-0.152,-0.168,0.37,0.81,0.846,0.549,-0.207,0.129,-0.083,0.371,0.171,0.489,0.361,0.306,0.783,0.211,-0.121,0.7,-0.303,0.087,0.504,0.201,0.448,0.417,0.927,0.541,0.14,-0.158,0.611,0.347,-0.161,0.065,0.456,0.489,0.795,0.364,0.727,0.431,0.761,0.607,0.422,0.584,0.514,0.87,0.477,-0.2,0.559,0.776,0.398,0.401,0.63,0.327,0.026,0.548,0.48,0.107,0.131,0.485,0.123,0.464,0.27,-0.191,-0.032,0.701,0.718,0.641,-0.041,-0.464,-0.432,-0.022,0.428,0.475,0.466,0.362,-0.116,0.426,0.409,0.41,0.061,0.59,-0.16,0.247,0.383,0.294,0.83,0.648,0.663,0.436,-0.123,-0.41,-0.595,-0.561,0.338,0.67,0.06,0.291,0.838,0.712,0.268,0.26,0.376,-0.045,0.367,0.753,-0.547,0.108,0.399,0.542,0.784,0.177,0.712,0.008,0.375,0.177,-0.5,0.181,-0.176,-0.128,-0.199,-0.454,0.272,-0.04,0.479,0.031,0.282,-0.286,0.359,0.648,0.529,0.24,-0.067,-0.064,-0.453,0.858,0.505,0.103,0.799,-0.204,0.669,0.75,0.375,0.161,0.474,0.509,-0.422,-0.093,-0.496,0.288,0.558,0.492,0.666,0.145,0.418,-0.152,0.382,0.467,0.651,0.197,0.58,-0.534,0.768,0.699,0.541,0.695,0.321,0.169,0.389
BBIO,0.157,0.057,-0.245,-0.303,-0.266,0.219,-0.026,0.064,-0.146,-0.108,0.35,-0.194,0.403,-0.316,0.315,0.232,0.488,0.344,0.258,-0.05,0.144,0.496,0.111,-0.179,0.0,0.057,-0.213,-0.016,0.305,0.078,-0.39,-0.167,-0.015,0.204,-0.062,-0.09,-0.079,-0.127,-0.208,0.48,-0.018,0.397,-0.169,-0.266,-0.258,0.035,-0.066,-0.157,0.17,0.5,-0.079,0.017,0.106,-0.22,0.35,0.041,-0.16,-0.231,-0.172,-0.011,0.036,0.058,-0.281,0.417,-0.204,-0.005,-0.131,-0.212,0.198,-0.144,-0.107,-0.158,-0.002,-0.055,-0.363,-0.203,-0.198,-0.236,0.491,0.167,-0.192,0.024,0.012,-0.271,-0.034,0.334,-0.151,-0.258,0.379,0.0,-0.037,-0.038,-0.115,-0.252,0.294,0.019,-0.342,0.122,-0.116,0.244,0.121,0.373,0.023,0.042,-0.056,-0.299,0.193,0.301,0.294,-0.319,-0.177,-0.221,-0.082,-0.304,-0.107,0.192,-0.229,-0.22,-0.11,-0.175,-0.097,-0.204,0.478,0.171,0.317,-0.12,-0.066,0.025,-0.26,-0.284,-0.124,-0.108,-0.24,0.047,0.152,-0.344,-0.278,-0.046,-0.354,-0.101,-0.204,-0.295,0.024,-0.127,-0.309,0.043,-0.318,0.312,0.035,-0.078,0.406,-0.157,-0.243,0.067,0.103,0.071,0.492,0.426,-0.023,-0.392,0.127,-0.103,0.355,0.222,-0.241,-0.041,-0.173,-0.112,0.231,-0.033,0.358,-0.302,-0.16,-0.37,0.187,-0.091,-0.105,0.056,0.122,0.285,-0.463,-0.027,-0.265,0.028,-0.186,0.281,0.006,0.056,0.122,0.008,0.089,-0.029,0.047,-0.318,0.204,-0.009,-0.345,0.057,0.101,0.015
BCYC,0.153,-0.113,0.083,-0.067,-0.394,-0.461,0.376,0.05,-0.675,0.517,-0.092,0.493,0.063,0.119,0.466,-0.285,0.265,0.436,-0.197,-0.635,0.638,0.125,0.417,0.275,0.057,0.0,0.136,0.188,0.229,0.65,-0.629,-0.207,0.558,0.36,-0.093,0.071,0.314,0.242,-0.13,0.53,-0.188,-0.332,0.333,0.227,0.473,0.186,-0.388,0.464,0.713,-0.061,0.117,-0.452,-0.61,0.493,0.23,0.324,0.622,0.211,0.236,0.081,0.333,0.662,-0.138,0.486,-0.389,0.102,0.062,0.126,0.552,0.257,-0.184,-0.015,0.448,-0.215,0.01,0.089,0.294,0.215,0.137,0.656,0.197,0.597,0.631,0.438,-0.109,0.455,-0.155,-0.186,0.461,0.124,0.582,-0.178,0.312,0.261,0.355,-0.264,-0.024,0.211,0.236,0.42,-0.749,0.202,0.051,0.163,0.067,0.675,0.299,0.526,0.27,-0.203,0.251,-0.014,0.3,-0.218,-0.272,-0.143,-0.316,0.12,0.224,0.3,0.021,-0.131,-0.368,-0.265,0.18,0.452,0.317,-0.219,-0.237,0.475,0.302,0.357,-0.303,0.073,0.214,-0.102,0.275,-0.488,-0.423,0.112,0.12,0.064,0.214,0.153,-0.297,0.517,0.068,0.019,-0.632,-0.458,-0.458,-0.354,-0.489,-0.068,-0.51,0.482,0.414,0.763,-0.714,-0.442,0.316,-0.042,0.625,0.22,-0.261,-0.507,0.297,0.251,-0.087,0.511,0.584,0.116,0.231,-0.382,-0.33,0.193,0.508,-0.472,-0.362,-0.312,-0.296,0.261,0.424,-0.096,0.185,0.705,0.138,0.429,-0.186,0.597,-0.307,0.226,-0.285,0.424,0.462,-0.158,0.04,-0.112,-0.3,0.299
BHFAP,-0.551,0.411,0.516,0.604,0.615,-0.876,0.537,0.887,-0.389,0.51,-0.792,0.671,-0.714,0.866,-0.586,-0.842,-0.695,-0.13,-0.62,-0.189,-0.37,-0.637,0.644,0.497,-0.213,0.136,0.0,0.466,-0.795,0.594,0.03,0.801,0.717,-0.709,-0.521,0.904,0.826,0.355,0.795,-0.412,0.786,-0.591,0.801,0.619,0.494,-0.374,0.217,0.813,-0.089,-0.469,0.833,-0.703,0.208,0.866,0.41,0.889,0.018,0.665,0.922,0.462,-0.698,0.681,0.923,-0.524,0.736,0.913,0.857,0.471,0.711,0.868,0.827,0.82,-0.093,0.759,0.855,0.871,0.49,0.93,-0.485,0.333,0.042,0.748,0.68,0.538,-0.376,-0.533,0.818,0.825,0.194,-0.609,0.787,-0.037,-0.334,-0.167,-0.33,0.352,0.092,0.653,0.919,-0.553,-0.365,-0.287,-0.692,0.932,0.946,0.532,-0.362,-0.611,0.522,0.896,0.898,0.426,0.836,-0.008,0.81,0.757,0.466,0.557,0.869,0.92,0.827,0.188,-0.707,-0.848,-0.609,0.842,0.162,0.698,0.855,0.612,0.447,0.749,0.77,0.874,0.478,0.908,0.544,-0.606,0.528,0.931,0.247,0.806,-0.519,0.831,0.676,0.787,0.764,-0.85,0.381,0.412,-0.053,-0.674,-0.499,0.831,0.379,0.812,-0.345,0.379,0.252,0.506,0.141,-0.189,0.47,-0.564,0.605,-0.008,0.445,0.896,0.611,0.422,-0.412,0.769,0.893,0.665,0.247,0.91,0.426,-0.328,0.192,-0.534,0.66,0.085,0.756,0.207,0.681,0.423,0.183,0.122,0.612,0.758,0.332,0.701,-0.831,0.524,0.437,0.794,0.759,0.683,0.742,0.866
BKR,-0.095,0.043,0.201,-0.128,0.39,-0.473,0.207,0.411,-0.289,0.562,-0.405,0.451,-0.283,0.478,-0.329,-0.473,-0.159,0.295,-0.476,-0.019,-0.111,-0.126,0.124,0.744,-0.016,0.188,0.466,0.0,-0.435,0.492,-0.345,0.462,0.543,-0.227,-0.291,0.482,0.724,0.726,0.637,-0.348,0.291,0.013,0.331,-0.088,0.257,0.18,0.334,0.746,0.002,-0.103,0.797,-0.339,0.26,0.377,0.468,0.535,0.191,0.817,0.45,0.229,-0.365,0.506,0.352,-0.292,0.151,0.582,0.592,0.664,0.397,0.631,0.56,0.736,0.419,0.567,0.457,0.457,0.673,0.353,0.006,0.672,0.534,0.329,0.268,0.302,0.064,-0.065,0.568,0.447,0.195,-0.118,0.437,-0.024,0.25,-0.215,-0.35,0.102,0.398,0.764,0.605,-0.159,-0.38,-0.485,-0.203,0.496,0.559,0.286,0.301,-0.196,0.52,0.395,0.412,-0.136,0.647,-0.322,0.326,0.481,0.509,0.65,0.678,0.657,0.465,-0.473,-0.402,-0.606,-0.581,0.284,0.494,0.283,0.295,0.642,0.537,0.3,0.162,0.558,0.062,0.364,0.581,-0.591,0.103,0.453,0.332,0.599,-0.104,0.55,-0.042,0.404,0.038,-0.547,0.355,-0.136,0.026,-0.452,-0.608,0.489,0.156,0.598,-0.01,0.347,-0.186,0.256,0.58,0.26,0.261,-0.131,-0.166,-0.488,0.663,0.46,0.477,0.76,-0.377,0.464,0.703,0.33,0.176,0.459,0.227,-0.328,-0.068,-0.413,0.147,0.255,0.412,0.538,0.125,0.472,-0.287,0.231,0.677,0.539,0.23,0.519,-0.594,0.436,0.662,0.695,0.57,0.404,0.321,0.465
BLDP,0.515,-0.219,-0.553,-0.38,-0.812,0.69,-0.264,-0.663,0.162,-0.261,0.895,-0.525,0.898,-0.76,0.897,0.813,0.795,0.427,0.698,-0.03,0.749,0.847,-0.195,-0.359,0.305,0.229,-0.795,-0.435,0.0,-0.233,-0.217,-0.856,-0.438,0.889,0.301,-0.866,-0.659,-0.262,-0.882,0.787,-0.746,0.468,-0.483,-0.416,-0.061,0.585,-0.354,-0.572,0.52,0.636,-0.779,0.599,-0.32,-0.558,-0.236,-0.591,0.346,-0.578,-0.656,-0.168,0.89,-0.312,-0.895,0.805,-0.843,-0.745,-0.856,-0.347,-0.314,-0.605,-0.817,-0.748,0.324,-0.906,-0.805,-0.786,-0.248,-0.689,0.614,-0.026,0.074,-0.385,-0.294,-0.116,0.422,0.765,-0.816,-0.817,0.146,0.78,-0.41,0.248,0.473,0.464,0.696,-0.585,-0.113,-0.411,-0.651,0.847,0.161,0.658,0.81,-0.708,-0.82,-0.279,0.58,0.838,-0.232,-0.858,-0.617,-0.274,-0.717,0.094,-0.728,-0.581,-0.655,-0.359,-0.735,-0.72,-0.635,-0.055,0.711,0.793,0.746,-0.573,0.194,-0.801,-0.836,-0.312,-0.147,-0.668,-0.679,-0.771,-0.249,-0.863,-0.407,0.421,-0.649,-0.834,0.048,-0.673,0.647,-0.636,-0.704,-0.499,-0.495,0.925,-0.498,-0.321,0.177,0.562,0.388,-0.815,-0.588,-0.606,0.694,0.018,-0.5,-0.655,0.199,0.214,-0.034,0.814,-0.48,-0.02,-0.233,-0.722,-0.645,-0.227,0.708,-0.609,-0.735,-0.859,-0.259,-0.692,0.018,0.311,-0.02,0.609,-0.707,0.179,-0.42,-0.002,-0.393,0.015,0.086,0.315,-0.621,-0.383,-0.15,-0.429,0.766,-0.197,-0.098,-0.773,-0.745,-0.684,-0.663,-0.607
BLFS,-0.257,0.424,0.394,0.267,0.032,-0.714,0.597,0.55,-0.718,0.551,-0.363,0.672,-0.25,0.457,0.064,-0.497,-0.016,0.308,-0.287,-0.464,0.219,-0.112,0.58,0.491,0.078,0.65,0.594,0.492,-0.233,0.0,-0.347,0.232,0.861,-0.074,-0.414,0.54,0.653,0.429,0.351,0.217,0.408,-0.457,0.645,0.365,0.582,0.038,-0.181,0.789,0.486,-0.107,0.571,-0.623,-0.104,0.695,0.585,0.768,0.404,0.566,0.636,0.494,-0.144,0.79,0.369,0.014,0.104,0.664,0.544,0.376,0.82,0.691,0.409,0.478,0.302,0.283,0.372,0.468,0.508,0.569,-0.01,0.762,0.223,0.715,0.667,0.587,-0.334,0.155,0.292,0.291,0.684,-0.196,0.825,0.14,0.013,-0.01,0.035,-0.102,0.009,0.621,0.698,0.127,-0.482,0.042,-0.289,0.642,0.593,0.65,0.176,0.036,0.721,0.371,0.635,0.051,0.574,-0.072,0.349,0.47,-0.036,0.376,0.704,0.657,0.435,-0.141,-0.482,-0.582,-0.134,0.761,0.389,0.241,0.292,0.667,0.527,0.549,0.202,0.604,0.593,0.407,0.499,-0.588,-0.015,0.577,0.28,0.442,-0.114,0.487,0.081,0.729,0.466,-0.377,-0.071,-0.021,-0.097,-0.59,-0.715,0.434,-0.14,0.731,0.146,0.746,-0.329,-0.007,0.454,-0.177,0.741,-0.055,0.096,-0.282,0.446,0.566,0.373,0.613,0.053,0.491,0.663,0.021,0.016,0.617,0.64,-0.296,0.037,-0.257,0.119,0.165,0.765,0.119,0.513,0.706,0.14,0.483,0.314,0.79,0.243,0.543,-0.583,0.463,0.657,0.415,0.359,0.156,0.324,0.687
