,ABAT,ACLS,ACMR,ADMA,ADUS,ADVM,AEIS,AGNCM,AHCO,ALGT,ALLO,AMSF,ANAB,ANDE,APLS,APPF,ASML,ATRC,AVGO,AVT,AXDX,AXSM,AZN,BANR,BBIO,BCYC,BHFAP,BKR,BLDP,BLFS,BLKB,BLMN,BNTX,BPMC,CALM,CAMT,CASH,CATY,CCEP,CDLX,CDNS,CENN,CENX,CGC,CHDN,CLBK,COKE,COLB,COO,CORT,CRMT,CRNX,CRTO,CRVL,CSCO,CSQ,CSWI,CVBF,CWST,CYCC,CZR,DLTR,DORM,ENTA,EQIX,ERIC,EVRG,EWBC,EXAS,EXLS,EXPI,EYE,FBNC,FBRX,FCNCA,FELE,FIBK,FLEX,FRGT,FRHC,FRME,FWONA,FWONK,GDEN,GIII,GILD,GLNG,GNTX,GOOGL,GRPN,HCSG,HIMX,HOPE,HST,HTLD,HUT,HWC,ICUI,IESC,INTC,INTU,IOVA,IPAR,IPGP,ISRG,JBSS,KALU,KPRX,KRNT,LAUR,LBRDA,LBTYK,LECO,LILAK,LITE,MANH,MDXG,MFIC,MGEE,MIDD,MLAB,MMSI,MNKD,MOMO,MRVL,NICE,NMFC,NUWE,NVCR,NWBI,OFIX,OFLX,OMCL,OPK,ORKA,ORLY,OTTR,PDD,PNTG,POOL,POWL,PPBI,PPC,PRAA,PRPL,PZZA,QTRX,QURE,RDFN,RDHL,REAL,REG,REYN,RGLD,RIOT,RUN,RYTM,SAIA,SBAC,SBRA,SCVL,SHOO,SLAB,SLDB,SMCI,SMTC,SRCE,SSP,SSRM,STBA,STRO,SVC,SYBT,TCBI,TCOM,TENX,TH,TMUS,TNDM,TTD,TTMI,UAL,ULH,ULTA,VCYT,VIRT,VKTX,VOD,VRDN,VREX,VRNT,VSAT,WB,WBD,WDC,WEN,WSFS,XXII,Z,ZBRA
ABAT,0.0,-0.174,-0.202,-0.466,-0.242,-0.409,-0.092,-0.103,-0.094,0.445,-0.195,0.204,-0.081,0.178,0.327,-0.147,0.04,0.826,0.519,0.425,-0.363,-0.374,-0.392,0.109,0.029,-0.088,-0.097,-0.552,-0.125,0.327,-0.12,0.545,-0.751,0.214,-0.593,0.01,0.018,-0.137,0.239,-0.317,-0.033,-0.214,0.571,0.037,0.213,-0.37,0.131,-0.267,0.342,0.254,-0.076,0.25,-0.289,0.416,-0.132,0.152,0.224,-0.159,0.034,-0.401,0.265,-0.51,0.505,0.221,0.023,-0.169,0.715,-0.098,-0.511,-0.274,0.462,0.417,-0.245,0.283,-0.035,-0.048,0.326,0.312,-0.352,0.602,0.062,-0.183,-0.126,0.626,0.198,0.063,0.187,0.012,0.243,0.164,-0.344,-0.271,0.006,0.426,-0.069,-0.182,-0.003,0.601,0.005,0.626,0.29,0.568,0.108,0.607,0.734,-0.323,-0.122,-0.497,0.378,-0.029,0.134,0.464,0.022,0.338,-0.131,0.275,-0.188,-0.273,-0.226,0.569,0.607,0.18,-0.179,-0.197,0.61,0.111,0.054,-0.319,0.198,0.181,-0.29,0.184,0.134,-0.605,-0.331,0.356,-0.27,0.123,-0.158,-0.223,0.148,0.166,0.076,0.109,-0.265,-0.165,-0.267,0.339,0.239,0.106,-0.431,-0.181,-0.2,-0.237,-0.164,0.419,0.666,0.275,0.272,0.302,0.525,0.582,0.249,-0.313,0.316,-0.393,-0.059,-0.307,0.578,-0.196,0.426,0.212,0.265,-0.251,0.724,-0.334,-0.077,0.208,0.559,0.15,-0.145,0.478,0.639,0.595,-0.117,0.215,-0.564,-0.488,-0.502,-0.582,0.436,-0.241,0.534,-0.197,0.702,0.006,0.006,-0.307,0.359,0.028
ACLS,-0.174,0.0,0.952,0.689,0.364,0.444,0.958,0.239,-0.446,-0.758,0.551,0.523,0.948,-0.009,-0.205,0.834,0.69,-0.038,-0.657,-0.187,0.91,0.18,0.777,0.717,-0.768,0.343,0.35,0.692,0.75,-0.73,0.933,-0.769,0.274,0.766,0.676,0.792,0.831,0.818,-0.865,0.879,0.849,0.807,-0.222,0.315,0.582,-0.015,0.409,0.874,-0.805,-0.671,0.433,-0.102,0.85,-0.799,0.917,0.687,-0.264,0.82,0.753,0.884,-0.765,0.836,-0.406,0.589,0.822,0.816,-0.358,0.708,0.511,0.587,-0.201,-0.33,0.352,-0.752,0.806,0.571,0.033,0.478,0.709,-0.339,0.514,0.644,0.574,-0.328,-0.851,0.306,-0.701,0.644,0.613,-0.133,0.809,0.795,0.642,-0.655,0.626,0.851,0.08,-0.252,-0.731,0.124,0.317,-0.552,0.569,-0.568,-0.077,0.806,0.884,0.786,0.401,-0.172,0.191,0.411,0.824,0.069,0.914,0.346,0.815,0.184,0.838,-0.077,-0.403,0.386,0.359,0.921,-0.618,0.606,-0.825,0.706,-0.601,-0.231,0.873,0.374,-0.742,0.711,0.798,-0.516,0.87,0.659,0.906,0.831,0.615,0.357,-0.605,0.785,-0.438,0.831,0.834,-0.393,-0.367,-0.715,0.789,0.244,0.67,0.792,0.863,-0.517,-0.752,0.271,-0.385,-0.664,-0.8,0.101,0.716,0.504,0.453,0.887,0.745,0.06,-0.558,0.759,-0.585,-0.552,0.358,0.484,-0.291,-0.093,0.777,0.737,0.225,0.796,0.737,-0.52,-0.574,-0.562,0.832,-0.888,0.799,0.843,0.672,0.641,-0.722,0.888,0.285,-0.641,-0.531,-0.478,0.634,0.854,-0.111,0.908
ACMR,-0.202,0.952,0.0,0.736,0.436,0.453,0.965,0.265,-0.424,-0.749,0.571,0.496,0.886,0.063,-0.295,0.861,0.737,-0.118,-0.683,-0.198,0.914,0.28,0.817,0.716,-0.726,0.36,0.426,0.7,0.777,-0.699,0.934,-0.82,0.362,0.717,0.748,0.782,0.82,0.822,-0.876,0.889,0.865,0.795,-0.21,0.388,0.477,0.026,0.368,0.871,-0.767,-0.765,0.34,-0.126,0.923,-0.839,0.948,0.684,-0.397,0.803,0.693,0.909,-0.731,0.865,-0.375,0.621,0.85,0.858,-0.397,0.721,0.472,0.592,-0.202,-0.384,0.334,-0.681,0.778,0.601,0.044,0.463,0.767,-0.345,0.539,0.713,0.64,-0.358,-0.818,0.402,-0.702,0.665,0.615,-0.173,0.781,0.833,0.631,-0.66,0.638,0.837,0.092,-0.204,-0.729,0.092,0.353,-0.56,0.53,-0.632,-0.104,0.759,0.856,0.766,0.383,-0.071,0.21,0.43,0.85,0.048,0.924,0.399,0.797,0.262,0.866,-0.057,-0.441,0.276,0.385,0.952,-0.627,0.652,-0.793,0.682,-0.553,-0.276,0.889,0.343,-0.738,0.687,0.831,-0.578,0.828,0.652,0.899,0.9,0.606,0.438,-0.497,0.755,-0.342,0.869,0.892,-0.451,-0.328,-0.703,0.81,0.131,0.638,0.822,0.867,-0.489,-0.768,0.236,-0.418,-0.664,-0.84,-0.024,0.713,0.531,0.478,0.901,0.724,0.074,-0.508,0.729,-0.707,-0.526,0.3,0.607,-0.342,-0.001,0.767,0.719,0.228,0.795,0.824,-0.54,-0.607,-0.575,0.834,-0.875,0.846,0.842,0.646,0.679,-0.742,0.873,0.316,-0.557,-0.529,-0.562,0.636,0.868,-0.064,0.902
ADMA,-0.466,0.689,0.736,0.0,0.542,0.489,0.673,0.456,-0.147,-0.664,0.624,0.227,0.674,-0.056,-0.461,0.709,0.439,-0.453,-0.787,-0.443,0.759,0.447,0.856,0.409,-0.423,0.327,0.555,0.743,0.768,-0.63,0.683,-0.877,0.657,0.401,0.832,0.439,0.547,0.616,-0.742,0.751,0.558,0.585,-0.505,0.374,0.239,0.149,0.144,0.703,-0.643,-0.791,0.293,-0.04,0.743,-0.782,0.719,0.446,-0.62,0.595,0.372,0.843,-0.567,0.813,-0.601,0.416,0.612,0.691,-0.531,0.519,0.497,0.55,-0.281,-0.588,0.267,-0.52,0.517,0.344,-0.109,0.135,0.892,-0.533,0.311,0.609,0.55,-0.564,-0.632,0.194,-0.588,0.327,0.252,-0.221,0.75,0.732,0.369,-0.627,0.543,0.677,0.043,-0.376,-0.448,-0.299,0.083,-0.568,0.226,-0.719,-0.481,0.637,0.617,0.828,0.032,-0.074,0.062,0.091,0.594,-0.183,0.723,0.165,0.725,0.373,0.704,-0.249,-0.618,0.15,0.44,0.782,-0.694,0.4,-0.477,0.649,-0.427,-0.266,0.79,0.066,-0.582,0.73,0.763,-0.685,0.734,0.387,0.654,0.768,0.261,0.189,-0.348,0.493,-0.047,0.7,0.778,-0.401,-0.288,-0.438,0.727,0.05,0.681,0.799,0.73,-0.423,-0.817,0.053,-0.396,-0.636,-0.833,-0.351,0.36,0.589,0.316,0.764,0.512,0.352,-0.491,0.57,-0.799,-0.472,-0.027,0.538,-0.541,0.298,0.659,0.363,-0.0,0.47,0.562,-0.579,-0.733,-0.608,0.647,-0.748,0.861,0.864,0.672,0.751,-0.721,0.744,0.004,-0.179,-0.691,-0.428,0.331,0.718,-0.182,0.59
ADUS,-0.242,0.364,0.436,0.542,0.0,0.805,0.257,0.286,0.409,-0.381,0.835,-0.276,0.32,0.222,0.019,0.315,0.375,-0.372,-0.374,-0.373,0.534,0.826,0.577,-0.154,0.163,0.601,0.561,0.539,0.573,-0.042,0.289,-0.525,0.629,0.24,0.538,0.462,0.093,0.012,-0.431,0.578,0.3,0.223,-0.217,0.55,-0.146,0.39,-0.377,0.12,-0.118,-0.504,-0.296,0.476,0.411,-0.394,0.407,0.285,-0.375,-0.057,0.034,0.616,-0.025,0.351,-0.046,0.026,0.563,0.279,-0.143,-0.15,0.564,0.616,0.246,-0.714,0.03,0.047,-0.117,0.307,-0.573,0.354,0.501,-0.359,-0.288,0.049,-0.021,-0.189,-0.076,0.426,0.099,0.077,-0.062,-0.606,0.585,0.714,-0.319,-0.414,-0.014,0.583,-0.188,-0.132,0.14,-0.149,-0.256,0.034,-0.37,-0.282,-0.375,0.307,0.045,0.572,0.149,0.316,0.426,-0.156,0.218,-0.534,0.335,0.261,0.301,0.731,0.404,-0.147,-0.05,-0.405,0.767,0.399,-0.375,0.145,-0.059,0.666,0.233,-0.503,0.637,-0.339,0.008,0.546,0.732,-0.206,0.136,0.444,0.441,0.494,-0.29,-0.168,0.117,-0.095,0.579,0.383,0.671,0.034,0.278,0.242,0.699,-0.136,0.54,0.537,0.595,0.097,-0.455,-0.023,0.203,-0.291,-0.443,-0.426,0.263,0.848,0.34,0.467,-0.132,0.432,0.108,-0.071,-0.703,-0.384,-0.586,0.136,-0.618,0.484,0.092,0.292,0.17,0.283,0.536,-0.515,-0.561,-0.477,0.629,-0.542,0.522,0.487,0.471,0.641,-0.277,0.271,-0.18,0.166,-0.297,-0.274,-0.3,0.459,0.364,0.294
ADVM,-0.409,0.444,0.453,0.489,0.805,0.0,0.291,0.016,0.329,-0.545,0.868,-0.389,0.392,0.297,0.239,0.189,0.231,-0.468,-0.45,-0.387,0.658,0.82,0.581,-0.177,0.103,0.725,0.254,0.75,0.439,-0.13,0.246,-0.537,0.705,0.281,0.538,0.49,0.17,0.062,-0.416,0.621,0.211,0.307,-0.257,0.323,-0.255,0.569,-0.479,0.226,-0.215,-0.362,-0.323,0.228,0.345,-0.492,0.354,0.109,-0.179,0.034,-0.026,0.625,-0.109,0.415,-0.115,-0.135,0.411,0.161,-0.372,-0.117,0.843,0.707,-0.084,-0.757,0.254,-0.129,-0.084,0.32,-0.599,0.363,0.401,-0.55,-0.291,-0.034,-0.13,-0.328,-0.193,0.55,0.105,0.043,-0.222,-0.759,0.685,0.716,-0.238,-0.431,-0.176,0.614,-0.014,-0.506,0.113,-0.27,-0.451,-0.099,-0.315,-0.36,-0.514,0.48,0.139,0.685,-0.065,0.164,0.234,-0.382,0.097,-0.678,0.297,-0.076,0.364,0.7,0.465,-0.36,-0.257,-0.466,0.838,0.345,-0.578,-0.114,-0.131,0.738,0.134,-0.339,0.643,-0.354,-0.021,0.756,0.782,-0.168,0.237,0.339,0.469,0.354,-0.271,-0.115,-0.034,-0.125,0.506,0.279,0.607,-0.038,0.025,0.125,0.748,0.193,0.425,0.471,0.598,-0.161,-0.606,-0.265,0.1,-0.3,-0.48,-0.339,0.083,0.886,0.123,0.543,-0.036,0.369,-0.104,0.022,-0.552,-0.41,-0.499,0.083,-0.713,0.477,0.036,0.196,-0.147,0.129,0.463,-0.609,-0.745,-0.653,0.658,-0.562,0.571,0.522,0.566,0.791,-0.442,0.281,-0.377,0.075,-0.423,-0.207,-0.159,0.516,0.152,0.215
AEIS,-0.092,0.958,0.965,0.673,0.257,0.291,0.0,0.237,-0.554,-0.72,0.453,0.647,0.926,-0.021,-0.326,0.869,0.68,0.005,-0.666,-0.138,0.864,0.087,0.726,0.823,-0.841,0.223,0.352,0.619,0.716,-0.772,0.955,-0.761,0.193,0.74,0.668,0.748,0.882,0.899,-0.857,0.83,0.857,0.824,-0.165,0.314,0.624,-0.107,0.518,0.914,-0.814,-0.713,0.477,-0.2,0.884,-0.805,0.935,0.697,-0.352,0.893,0.756,0.842,-0.797,0.833,-0.417,0.701,0.806,0.864,-0.332,0.821,0.373,0.477,-0.235,-0.264,0.34,-0.771,0.89,0.539,0.16,0.427,0.725,-0.285,0.65,0.74,0.678,-0.327,-0.89,0.276,-0.803,0.69,0.685,-0.041,0.742,0.717,0.763,-0.624,0.719,0.798,0.119,-0.166,-0.839,0.144,0.428,-0.599,0.661,-0.595,-0.002,0.776,0.927,0.709,0.426,-0.195,0.118,0.529,0.871,0.219,0.938,0.371,0.805,0.077,0.845,-0.01,-0.43,0.454,0.249,0.943,-0.582,0.694,-0.86,0.622,-0.678,-0.203,0.829,0.419,-0.824,0.611,0.719,-0.585,0.892,0.658,0.9,0.85,0.724,0.472,-0.598,0.864,-0.535,0.864,0.809,-0.465,-0.434,-0.808,0.695,0.173,0.606,0.802,0.831,-0.552,-0.704,0.28,-0.487,-0.676,-0.801,0.101,0.726,0.392,0.458,0.842,0.826,-0.021,-0.553,0.827,-0.584,-0.504,0.481,0.566,-0.205,-0.159,0.856,0.72,0.246,0.811,0.73,-0.459,-0.512,-0.491,0.778,-0.851,0.775,0.809,0.617,0.559,-0.725,0.908,0.387,-0.677,-0.496,-0.508,0.749,0.826,-0.165,0.922
AGNCM,-0.103,0.239,0.265,0.456,0.286,0.016,0.237,0.0,-0.051,-0.194,0.218,0.25,0.334,-0.254,-0.198,0.579,0.397,-0.022,-0.216,-0.256,0.16,0.129,0.402,0.162,-0.193,0.046,0.495,-0.034,0.563,-0.196,0.398,-0.343,0.26,0.267,0.336,0.116,0.105,0.16,-0.442,0.392,0.502,0.358,-0.313,0.088,0.314,-0.511,0.198,0.167,-0.321,-0.47,0.234,0.278,0.328,-0.253,0.415,0.487,-0.507,0.165,0.364,0.34,-0.173,0.341,-0.342,0.391,0.449,0.446,-0.099,0.157,-0.11,0.098,0.414,-0.038,-0.381,-0.103,0.202,0.08,0.008,-0.042,0.409,0.031,0.027,0.415,0.444,-0.02,-0.283,-0.105,-0.313,0.139,0.434,0.21,0.119,0.284,0.05,-0.291,0.489,0.277,-0.382,0.198,-0.166,0.152,0.451,-0.061,0.091,-0.202,0.002,-0.073,0.188,0.202,0.365,-0.082,0.199,0.259,0.435,0.001,0.425,0.457,0.368,-0.01,0.149,0.037,-0.139,0.32,0.049,0.428,-0.015,0.548,-0.173,0.131,-0.131,-0.231,0.258,0.208,-0.343,0.109,0.278,-0.286,0.281,0.195,0.194,0.531,0.095,-0.094,-0.245,0.328,-0.116,0.445,0.476,-0.047,0.239,-0.189,0.342,-0.231,0.557,0.394,0.353,0.109,-0.218,0.517,0.02,-0.277,-0.335,-0.26,0.362,0.085,0.494,0.291,0.091,0.236,-0.074,0.083,-0.424,-0.203,0.051,0.107,-0.005,0.241,0.344,0.279,0.535,0.48,0.138,-0.301,-0.071,-0.168,0.351,-0.223,0.346,0.286,0.132,0.061,-0.175,0.364,0.31,-0.134,-0.258,-0.124,-0.013,0.242,0.099,0.412
AHCO,-0.094,-0.446,-0.424,-0.147,0.409,0.329,-0.554,-0.051,0.0,0.354,0.219,-0.723,-0.446,0.283,0.198,-0.422,-0.25,-0.27,0.254,-0.04,-0.279,0.509,-0.102,-0.646,0.776,0.345,0.155,-0.003,-0.175,0.597,-0.506,0.218,0.198,-0.332,-0.123,-0.188,-0.546,-0.587,0.433,-0.202,-0.43,-0.449,-0.121,0.314,-0.535,0.337,-0.616,-0.523,0.536,0.213,-0.582,0.5,-0.397,0.397,-0.444,-0.272,0.038,-0.652,-0.572,-0.221,0.659,-0.353,0.287,-0.484,-0.242,-0.422,0.126,-0.633,0.056,0.242,0.247,-0.197,-0.012,0.631,-0.701,-0.097,-0.371,0.018,-0.185,0.055,-0.578,-0.432,-0.419,0.211,0.633,0.023,0.682,-0.372,-0.543,-0.347,-0.195,0.01,-0.713,0.35,-0.544,-0.241,-0.053,0.058,0.752,-0.174,-0.428,0.432,-0.668,0.298,-0.269,-0.348,-0.601,-0.12,-0.285,0.159,0.33,-0.445,-0.523,-0.508,-0.507,-0.067,-0.408,0.492,-0.262,-0.104,0.254,-0.55,0.429,-0.443,0.16,-0.418,0.61,-0.034,0.724,-0.033,-0.15,-0.49,0.698,-0.086,-0.01,0.306,-0.574,-0.203,-0.339,-0.31,-0.753,-0.357,0.659,-0.74,0.758,-0.472,-0.162,0.262,0.557,0.77,0.016,-0.013,-0.256,-0.282,-0.288,0.496,0.181,-0.237,0.551,0.389,0.317,-0.283,-0.318,0.277,-0.197,-0.283,-0.625,0.491,0.476,-0.607,-0.003,0.287,-0.716,-0.213,-0.298,0.543,-0.542,-0.266,-0.092,-0.394,-0.127,0.108,0.019,0.114,-0.239,0.245,-0.177,-0.254,-0.222,0.083,0.355,-0.504,-0.406,0.745,0.115,0.227,-0.669,-0.196,0.391,-0.494
ALGT,0.445,-0.758,-0.749,-0.664,-0.381,-0.545,-0.72,-0.194,0.354,0.0,-0.527,-0.293,-0.748,0.376,0.182,-0.608,-0.307,0.418,0.855,0.611,-0.881,-0.224,-0.604,-0.318,0.663,-0.117,-0.187,-0.707,-0.524,0.831,-0.717,0.844,-0.468,-0.315,-0.665,-0.393,-0.449,-0.554,0.863,-0.813,-0.511,-0.811,0.456,-0.032,-0.277,-0.066,-0.177,-0.689,0.862,0.645,-0.483,0.314,-0.607,0.906,-0.643,-0.29,0.41,-0.617,-0.376,-0.869,0.837,-0.835,0.671,-0.259,-0.465,-0.571,0.711,-0.432,-0.704,-0.308,0.264,0.603,-0.107,0.814,-0.569,-0.125,0.416,0.014,-0.601,0.759,-0.173,-0.342,-0.239,0.74,0.819,-0.081,0.594,-0.18,-0.162,0.215,-0.749,-0.603,-0.355,0.919,-0.454,-0.836,0.177,0.596,0.658,0.379,0.106,0.732,-0.231,0.845,0.488,-0.819,-0.613,-0.837,-0.172,0.091,0.298,0.113,-0.441,0.171,-0.732,0.164,-0.663,-0.035,-0.541,0.581,0.636,-0.276,-0.369,-0.737,0.845,-0.3,0.728,-0.854,0.697,0.574,-0.724,0.092,0.754,-0.893,-0.73,0.643,-0.738,-0.565,-0.774,-0.611,-0.29,0.118,0.734,-0.505,0.164,-0.792,-0.729,0.475,0.508,0.538,-0.689,-0.0,-0.687,-0.768,-0.815,0.761,0.88,0.093,0.629,0.885,0.88,0.415,-0.22,-0.581,-0.05,-0.767,-0.455,0.141,0.751,-0.597,0.677,0.842,-0.123,-0.147,0.635,0.034,-0.604,-0.252,0.179,-0.382,-0.402,0.891,0.834,0.895,-0.711,0.74,-0.803,-0.807,-0.891,-0.63,0.749,-0.755,0.231,0.595,0.829,0.413,-0.334,-0.784,0.482,-0.589
ALLO,-0.195,0.551,0.571,0.624,0.835,0.868,0.453,0.218,0.219,-0.527,0.0,-0.179,0.583,0.325,0.118,0.43,0.346,-0.29,-0.528,-0.453,0.69,0.793,0.682,0.036,-0.028,0.745,0.494,0.713,0.678,-0.237,0.415,-0.616,0.58,0.511,0.597,0.554,0.377,0.239,-0.573,0.72,0.374,0.407,-0.239,0.47,0.005,0.322,-0.356,0.362,-0.291,-0.596,-0.208,0.346,0.481,-0.58,0.555,0.347,-0.454,0.187,0.086,0.718,-0.173,0.473,-0.198,0.191,0.63,0.381,-0.236,0.069,0.652,0.744,0.017,-0.715,0.201,-0.168,0.105,0.359,-0.444,0.457,0.562,-0.457,-0.113,0.198,0.111,-0.225,-0.345,0.528,-0.097,0.136,-0.004,-0.712,0.735,0.821,-0.081,-0.41,0.096,0.732,-0.01,-0.329,-0.055,-0.156,-0.229,-0.072,-0.142,-0.362,-0.398,0.504,0.316,0.717,0.078,-0.013,0.31,-0.097,0.332,-0.546,0.514,0.125,0.552,0.62,0.564,-0.189,-0.268,-0.269,0.835,0.542,-0.547,0.194,-0.268,0.759,0.051,-0.349,0.773,-0.26,-0.215,0.684,0.849,-0.364,0.374,0.467,0.592,0.538,-0.135,0.015,-0.105,0.12,0.321,0.448,0.742,-0.033,0.001,-0.016,0.785,0.136,0.542,0.638,0.745,-0.109,-0.588,-0.095,0.081,-0.409,-0.55,-0.228,0.301,0.899,0.364,0.578,0.147,0.427,-0.01,0.158,-0.66,-0.434,-0.367,0.184,-0.545,0.438,0.309,0.371,0.118,0.366,0.513,-0.571,-0.687,-0.541,0.774,-0.665,0.644,0.593,0.53,0.765,-0.522,0.454,-0.081,-0.011,-0.387,-0.35,-0.022,0.592,0.223,0.415
AMSF,0.204,0.523,0.496,0.227,-0.276,-0.389,0.647,0.25,-0.723,-0.293,-0.179,0.0,0.538,-0.343,-0.442,0.643,0.467,0.38,-0.278,0.129,0.301,-0.431,0.179,0.806,-0.795,-0.364,0.06,-0.014,0.285,-0.605,0.659,-0.287,-0.305,0.394,0.189,0.295,0.625,0.713,-0.48,0.322,0.609,0.526,0.134,0.068,0.819,-0.479,0.914,0.596,-0.585,-0.345,0.751,-0.196,0.527,-0.309,0.551,0.572,-0.137,0.732,0.759,0.312,-0.663,0.429,-0.272,0.733,0.412,0.643,0.101,0.779,-0.158,-0.147,0.021,0.235,0.053,-0.599,0.831,0.195,0.467,0.04,0.332,0.065,0.757,0.602,0.595,-0.109,-0.644,-0.169,-0.739,0.599,0.745,0.575,0.175,0.069,0.793,-0.32,0.737,0.302,0.08,0.281,-0.803,0.282,0.646,-0.434,0.721,-0.266,0.412,0.368,0.674,0.186,0.589,-0.194,-0.103,0.658,0.698,0.768,0.619,0.384,0.452,-0.45,0.411,0.303,-0.083,0.778,-0.392,0.572,-0.062,0.678,-0.582,0.078,-0.726,0.064,0.254,0.548,-0.703,0.04,0.089,-0.278,0.653,0.464,0.461,0.516,0.84,0.341,-0.557,0.841,-0.795,0.619,0.3,-0.228,-0.385,-0.771,0.116,-0.074,0.392,0.431,0.345,-0.364,-0.19,0.498,-0.482,-0.399,-0.389,0.304,0.59,-0.223,0.361,0.362,0.743,-0.221,-0.417,0.739,-0.129,-0.254,0.84,0.342,0.298,-0.592,0.717,0.457,0.348,0.611,0.283,-0.066,0.076,-0.009,0.227,-0.354,0.248,0.382,0.252,-0.132,-0.255,0.661,0.534,-0.707,-0.149,-0.123,0.718,0.305,-0.323,0.662
ANAB,-0.081,0.948,0.886,0.674,0.32,0.392,0.926,0.334,-0.446,-0.748,0.583,0.538,0.0,-0.094,-0.16,0.859,0.584,0.018,-0.687,-0.316,0.86,0.115,0.744,0.701,-0.781,0.289,0.385,0.617,0.762,-0.762,0.916,-0.755,0.206,0.787,0.644,0.706,0.809,0.805,-0.877,0.865,0.808,0.846,-0.295,0.237,0.633,-0.173,0.385,0.852,-0.826,-0.713,0.464,-0.088,0.776,-0.799,0.899,0.687,-0.398,0.81,0.689,0.853,-0.758,0.795,-0.51,0.661,0.813,0.802,-0.328,0.694,0.426,0.535,-0.139,-0.313,0.261,-0.767,0.806,0.44,0.029,0.391,0.691,-0.34,0.482,0.646,0.59,-0.298,-0.9,0.202,-0.737,0.535,0.597,-0.14,0.765,0.753,0.631,-0.63,0.676,0.845,0.02,-0.247,-0.752,0.119,0.337,-0.529,0.587,-0.561,-0.093,0.746,0.883,0.755,0.386,-0.327,0.113,0.419,0.795,0.074,0.921,0.29,0.85,0.061,0.774,-0.11,-0.456,0.481,0.351,0.913,-0.609,0.65,-0.846,0.7,-0.632,-0.267,0.849,0.319,-0.813,0.668,0.77,-0.596,0.881,0.65,0.887,0.795,0.56,0.295,-0.685,0.812,-0.503,0.824,0.812,-0.361,-0.401,-0.726,0.728,0.249,0.672,0.801,0.876,-0.525,-0.713,0.275,-0.371,-0.715,-0.783,0.098,0.668,0.479,0.46,0.822,0.736,0.049,-0.528,0.752,-0.56,-0.562,0.393,0.374,-0.223,-0.066,0.84,0.695,0.29,0.786,0.588,-0.539,-0.543,-0.539,0.832,-0.858,0.771,0.798,0.638,0.572,-0.745,0.898,0.318,-0.678,-0.546,-0.473,0.617,0.826,-0.157,0.884
ANDE,0.178,-0.009,0.063,-0.056,0.222,0.297,-0.021,-0.254,0.283,0.376,0.325,-0.343,-0.094,0.0,0.249,-0.145,0.221,0.156,0.333,0.457,-0.037,0.472,0.155,0.03,0.401,0.716,0.067,0.17,0.106,0.502,-0.164,0.201,0.074,0.358,-0.025,0.383,0.224,-0.03,0.263,-0.034,0.021,-0.306,0.384,0.398,-0.305,0.445,-0.38,-0.054,0.463,0.085,-0.695,0.354,0.075,0.207,0.054,0.084,0.159,-0.134,-0.095,-0.102,0.497,-0.198,0.587,-0.011,0.183,-0.076,0.317,-0.056,0.002,0.511,-0.079,0.024,0.438,0.475,-0.202,0.576,0.286,0.691,-0.015,0.347,0.059,0.048,0.043,0.476,0.336,0.725,0.348,0.289,0.006,-0.464,0.057,0.287,-0.075,0.529,-0.33,-0.111,0.492,0.18,0.382,0.326,0.035,0.483,-0.053,0.405,0.219,-0.126,-0.038,-0.084,-0.097,0.108,0.616,0.173,0.074,-0.261,-0.109,0.288,-0.046,0.606,0.259,0.475,0.279,-0.595,0.366,-0.08,0.204,-0.097,0.275,-0.173,0.608,0.494,0.103,0.157,0.435,-0.158,0.137,0.309,-0.227,-0.099,-0.062,0.008,-0.041,0.599,0.586,-0.209,0.258,-0.299,0.022,0.193,0.285,0.201,0.176,0.343,-0.315,-0.197,-0.086,0.449,0.174,-0.047,0.5,0.52,0.249,0.38,0.216,0.211,0.272,-0.004,-0.004,0.429,0.525,-0.193,0.086,0.493,-0.221,0.396,0.144,0.361,-0.25,0.281,0.133,0.065,0.405,0.382,0.101,0.318,0.088,0.014,-0.08,-0.152,-0.384,0.238,0.056,-0.203,0.293,0.421,0.459,-0.107,0.07,-0.067,0.654,-0.028
APLS,0.327,-0.205,-0.295,-0.461,0.019,0.239,-0.326,-0.198,0.198,0.182,0.118,-0.442,-0.16,0.249,0.0,-0.462,-0.131,0.376,0.486,0.163,-0.209,0.046,-0.323,-0.456,0.33,0.327,-0.299,-0.224,-0.207,0.474,-0.348,0.502,-0.16,0.131,-0.495,0.042,-0.293,-0.52,0.264,-0.171,-0.195,-0.272,0.307,-0.262,-0.31,0.037,-0.462,-0.472,0.377,0.482,-0.427,0.19,-0.489,0.317,-0.325,-0.172,0.482,-0.482,-0.189,-0.313,0.403,-0.444,0.47,-0.429,-0.162,-0.53,0.241,-0.579,0.146,0.004,0.358,0.131,-0.208,0.319,-0.484,-0.04,-0.249,0.319,-0.521,0.208,-0.539,-0.615,-0.602,0.422,0.332,0.348,0.605,-0.309,-0.218,-0.349,-0.129,-0.121,-0.462,0.241,-0.568,-0.104,-0.116,-0.01,0.4,0.291,-0.279,0.588,-0.394,0.477,0.26,-0.29,-0.417,-0.284,0.002,0.039,0.117,-0.252,-0.356,-0.408,-0.361,-0.136,-0.345,0.059,-0.314,-0.026,0.435,-0.347,0.124,-0.42,0.305,-0.433,0.219,-0.046,0.465,0.047,-0.246,-0.105,0.427,-0.152,-0.067,0.534,-0.418,-0.165,-0.236,-0.414,-0.328,-0.224,0.075,-0.37,0.236,-0.377,-0.23,0.392,0.359,0.437,-0.127,0.119,-0.184,-0.315,-0.139,0.327,0.383,-0.036,0.484,0.368,0.487,0.273,-0.157,0.034,0.063,-0.273,-0.444,-0.22,0.422,-0.53,0.418,0.101,-0.225,-0.556,0.186,0.108,-0.543,-0.008,0.125,-0.166,-0.261,0.079,0.202,0.094,0.095,0.277,-0.427,-0.493,-0.247,-0.205,0.383,-0.481,-0.105,0.015,0.419,0.213,-0.361,-0.297,0.354,-0.241
APPF,-0.147,0.834,0.861,0.709,0.315,0.189,0.869,0.579,-0.422,-0.608,0.43,0.643,0.859,-0.145,-0.462,0.0,0.733,-0.011,-0.636,-0.277,0.721,0.14,0.774,0.748,-0.721,0.138,0.538,0.445,0.819,-0.695,0.921,-0.77,0.237,0.684,0.698,0.599,0.732,0.796,-0.852,0.806,0.897,0.786,-0.308,0.362,0.661,-0.327,0.52,0.806,-0.778,-0.838,0.495,0.023,0.88,-0.718,0.927,0.786,-0.59,0.769,0.733,0.81,-0.698,0.821,-0.492,0.806,0.851,0.953,-0.27,0.748,0.164,0.433,0.002,-0.197,0.106,-0.62,0.806,0.452,0.181,0.246,0.773,-0.186,0.572,0.857,0.821,-0.251,-0.817,0.097,-0.786,0.646,0.755,0.093,0.554,0.71,0.633,-0.581,0.853,0.71,-0.073,0.036,-0.723,0.155,0.601,-0.52,0.622,-0.559,-0.029,0.547,0.829,0.637,0.502,-0.223,0.227,0.578,0.906,0.237,0.941,0.548,0.829,0.057,0.718,0.068,-0.42,0.525,0.187,0.953,-0.441,0.869,-0.726,0.486,-0.587,-0.257,0.771,0.419,-0.811,0.488,0.685,-0.608,0.802,0.606,0.777,0.942,0.609,0.345,-0.525,0.823,-0.486,0.881,0.845,-0.358,-0.242,-0.745,0.7,0.011,0.68,0.78,0.782,-0.353,-0.649,0.467,-0.359,-0.671,-0.795,-0.043,0.764,0.331,0.556,0.79,0.705,0.191,-0.457,0.711,-0.683,-0.462,0.384,0.555,-0.149,-0.021,0.862,0.695,0.439,0.873,0.665,-0.471,-0.398,-0.417,0.677,-0.739,0.788,0.78,0.492,0.457,-0.658,0.91,0.494,-0.536,-0.515,-0.492,0.577,0.741,-0.089,0.911
ASML,0.04,0.69,0.737,0.439,0.375,0.231,0.68,0.397,-0.25,-0.307,0.346,0.467,0.584,0.221,-0.131,0.733,0.0,0.263,-0.137,0.19,0.521,0.231,0.639,0.571,-0.426,0.348,0.394,0.235,0.717,-0.211,0.696,-0.39,0.126,0.723,0.365,0.733,0.561,0.483,-0.57,0.614,0.904,0.438,0.14,0.491,0.431,-0.123,0.393,0.486,-0.388,-0.522,0.172,0.28,0.726,-0.37,0.767,0.812,-0.177,0.442,0.76,0.561,-0.353,0.539,0.102,0.586,0.811,0.746,0.05,0.454,0.131,0.475,0.272,-0.01,0.051,-0.207,0.503,0.687,0.254,0.619,0.538,0.198,0.392,0.582,0.561,0.127,-0.408,0.435,-0.336,0.778,0.801,0.051,0.375,0.653,0.377,-0.33,0.517,0.521,-0.027,0.349,-0.392,0.488,0.632,-0.06,0.415,-0.126,0.368,0.276,0.521,0.38,0.672,0.164,0.609,0.632,0.83,0.148,0.712,0.794,0.505,0.297,0.619,0.4,0.089,0.164,0.145,0.707,-0.018,0.699,-0.419,0.255,-0.143,-0.062,0.558,0.582,-0.381,0.227,0.597,-0.056,0.435,0.557,0.543,0.821,0.599,0.436,-0.176,0.567,-0.257,0.648,0.691,-0.065,0.211,-0.431,0.649,-0.111,0.534,0.529,0.586,0.093,-0.315,0.627,0.019,-0.237,-0.431,0.171,0.899,0.273,0.725,0.648,0.436,0.175,-0.054,0.355,-0.474,-0.252,0.241,0.527,0.054,0.024,0.414,0.861,0.594,0.886,0.829,-0.23,-0.122,-0.157,0.609,-0.508,0.479,0.478,0.18,0.279,-0.248,0.578,0.61,-0.39,-0.058,-0.401,0.383,0.477,0.377,0.836
ATRC,0.826,-0.038,-0.118,-0.453,-0.372,-0.468,0.005,-0.022,-0.27,0.418,-0.29,0.38,0.018,0.156,0.376,-0.011,0.263,0.0,0.59,0.541,-0.333,-0.462,-0.306,0.264,-0.114,-0.102,-0.13,-0.585,-0.03,0.279,0.01,0.556,-0.775,0.396,-0.618,0.109,0.122,-0.029,0.166,-0.264,0.19,-0.135,0.608,-0.013,0.387,-0.456,0.338,-0.16,0.234,0.246,0.077,0.269,-0.187,0.414,-0.007,0.308,0.332,-0.034,0.318,-0.371,0.155,-0.401,0.523,0.301,0.12,-0.032,0.729,0.024,-0.52,-0.235,0.49,0.601,-0.241,0.202,0.112,0.097,0.509,0.38,-0.332,0.717,0.191,-0.046,0.011,0.71,0.11,0.067,0.12,0.214,0.484,0.34,-0.381,-0.233,0.16,0.39,0.048,-0.17,0.042,0.694,-0.089,0.773,0.506,0.538,0.29,0.611,0.883,-0.316,-0.002,-0.464,0.538,-0.055,0.259,0.598,0.21,0.444,-0.007,0.449,-0.108,-0.306,-0.143,0.682,0.658,0.319,-0.371,-0.1,0.684,0.226,0.016,-0.415,0.113,0.336,-0.268,0.5,0.057,-0.598,-0.29,0.461,-0.159,0.122,-0.151,-0.094,0.364,0.267,-0.041,0.269,-0.466,-0.078,-0.23,0.39,0.262,-0.064,-0.334,-0.131,-0.105,-0.254,-0.148,0.445,0.63,0.53,0.272,0.322,0.479,0.739,0.436,-0.44,0.459,-0.282,0.086,-0.269,0.456,-0.078,0.467,0.224,0.457,-0.149,0.831,-0.415,-0.036,0.397,0.654,0.333,-0.052,0.486,0.705,0.581,-0.095,0.231,-0.532,-0.441,-0.531,-0.624,0.437,-0.124,0.684,-0.332,0.7,0.006,0.149,-0.311,0.364,0.202
AVGO,0.519,-0.657,-0.683,-0.787,-0.374,-0.45,-0.666,-0.216,0.254,0.855,-0.528,-0.278,-0.687,0.333,0.486,-0.636,-0.137,0.59,0.0,0.671,-0.812,-0.288,-0.656,-0.38,0.575,-0.091,-0.356,-0.778,-0.517,0.862,-0.663,0.941,-0.555,-0.21,-0.823,-0.268,-0.512,-0.652,0.782,-0.735,-0.378,-0.74,0.598,-0.161,-0.264,-0.078,-0.172,-0.756,0.83,0.753,-0.443,0.315,-0.654,0.888,-0.611,-0.21,0.631,-0.671,-0.228,-0.847,0.767,-0.841,0.827,-0.361,-0.425,-0.606,0.702,-0.556,-0.582,-0.35,0.444,0.666,-0.269,0.761,-0.586,-0.057,0.289,0.173,-0.739,0.788,-0.319,-0.522,-0.434,0.817,0.79,0.045,0.702,-0.137,-0.07,0.209,-0.718,-0.58,-0.43,0.776,-0.532,-0.724,0.032,0.603,0.624,0.548,0.096,0.824,-0.264,0.925,0.67,-0.783,-0.656,-0.849,0.075,0.224,0.322,0.089,-0.407,0.097,-0.677,0.188,-0.708,-0.109,-0.596,0.554,0.824,-0.287,-0.401,-0.734,0.916,-0.326,0.636,-0.77,0.692,0.458,-0.754,0.168,0.745,-0.848,-0.684,0.86,-0.785,-0.425,-0.725,-0.614,-0.201,-0.0,0.565,-0.484,0.148,-0.718,-0.697,0.511,0.623,0.551,-0.617,-0.098,-0.587,-0.777,-0.721,0.77,0.911,0.221,0.662,0.849,0.915,0.464,-0.108,-0.56,0.027,-0.708,-0.552,-0.109,0.737,-0.693,0.733,0.639,-0.076,-0.342,0.686,-0.048,-0.735,-0.113,0.259,-0.279,-0.339,0.729,0.85,0.783,-0.563,0.752,-0.875,-0.875,-0.853,-0.727,0.843,-0.781,0.237,0.346,0.893,0.381,-0.385,-0.762,0.563,-0.477
AVT,0.425,-0.187,-0.198,-0.443,-0.373,-0.387,-0.138,-0.256,-0.04,0.611,-0.453,0.129,-0.316,0.457,0.163,-0.277,0.19,0.541,0.671,0.0,-0.425,-0.257,-0.356,0.148,0.152,0.015,-0.202,-0.361,-0.314,0.491,-0.208,0.581,-0.426,0.088,-0.452,0.126,0.053,-0.09,0.515,-0.423,0.015,-0.397,0.685,0.159,0.001,-0.003,0.268,-0.22,0.442,0.53,-0.216,0.132,-0.166,0.59,-0.204,0.097,0.65,-0.121,0.205,-0.505,0.381,-0.41,0.699,0.012,-0.122,-0.219,0.58,0.027,-0.359,-0.124,0.112,0.584,0.18,0.39,-0.072,0.328,0.577,0.446,-0.341,0.718,0.244,-0.069,-0.003,0.6,0.41,0.248,0.269,0.383,0.292,0.334,-0.338,-0.335,0.125,0.622,-0.192,-0.454,0.386,0.526,0.178,0.637,0.366,0.438,0.127,0.657,0.734,-0.366,-0.154,-0.51,0.191,0.169,0.407,0.429,0.028,0.426,-0.325,0.4,-0.418,0.021,-0.022,0.677,0.606,-0.09,-0.36,-0.324,0.647,-0.095,0.275,-0.588,0.334,0.643,-0.382,0.508,0.428,-0.588,-0.407,0.618,-0.265,-0.194,-0.313,-0.22,0.3,0.464,0.438,-0.039,-0.17,-0.395,-0.369,0.236,0.346,0.092,-0.34,0.161,-0.412,-0.398,-0.445,0.452,0.572,0.262,0.357,0.71,0.57,0.603,0.238,-0.505,0.229,-0.292,0.027,-0.031,0.429,-0.154,0.572,0.659,0.293,0.174,0.583,-0.283,-0.305,0.212,0.228,0.056,0.095,0.72,0.635,0.659,-0.308,0.303,-0.506,-0.431,-0.548,-0.387,0.532,-0.343,0.424,0.113,0.703,0.328,0.171,-0.41,0.382,-0.072
AXDX,-0.363,0.91,0.914,0.759,0.534,0.658,0.864,0.16,-0.279,-0.881,0.69,0.301,0.86,-0.037,-0.209,0.721,0.521,-0.333,-0.812,-0.425,0.0,0.392,0.804,0.498,-0.63,0.392,0.341,0.834,0.685,-0.742,0.825,-0.885,0.495,0.561,0.78,0.693,0.689,0.7,-0.874,0.921,0.673,0.782,-0.345,0.305,0.346,0.183,0.171,0.809,-0.791,-0.725,0.313,-0.15,0.803,-0.897,0.821,0.48,-0.38,0.703,0.505,0.956,-0.742,0.867,-0.497,0.395,0.714,0.714,-0.555,0.557,0.713,0.614,-0.282,-0.595,0.352,-0.731,0.64,0.434,-0.245,0.313,0.735,-0.601,0.33,0.516,0.415,-0.551,-0.8,0.329,-0.604,0.44,0.321,-0.346,0.875,0.832,0.461,-0.779,0.463,0.899,0.022,-0.472,-0.63,-0.19,0.023,-0.632,0.34,-0.745,-0.38,0.861,0.762,0.891,0.225,-0.074,0.039,0.112,0.626,-0.157,0.833,0.108,0.769,0.303,0.788,-0.33,-0.548,0.175,0.55,0.861,-0.814,0.427,-0.741,0.869,-0.554,-0.417,0.916,0.05,-0.688,0.885,0.89,-0.606,0.804,0.643,0.91,0.764,0.386,0.185,-0.537,0.573,-0.158,0.807,0.872,-0.439,-0.415,-0.565,0.846,0.172,0.653,0.829,0.897,-0.624,-0.889,0.0,-0.452,-0.763,-0.893,-0.177,0.472,0.721,0.248,0.89,0.594,0.081,-0.602,0.67,-0.735,-0.674,0.124,0.418,-0.593,0.054,0.681,0.518,-0.015,0.584,0.687,-0.711,-0.814,-0.782,0.85,-0.898,0.887,0.896,0.826,0.794,-0.793,0.83,-0.021,-0.497,-0.703,-0.498,0.467,0.899,-0.213,0.742
AXSM,-0.374,0.18,0.28,0.447,0.826,0.82,0.087,0.129,0.509,-0.224,0.793,-0.431,0.115,0.472,0.046,0.14,0.231,-0.462,-0.288,-0.257,0.392,0.0,0.494,-0.254,0.376,0.736,0.407,0.574,0.393,0.123,0.073,-0.402,0.704,0.14,0.488,0.323,0.048,-0.071,-0.212,0.439,0.114,0.064,-0.13,0.527,-0.352,0.513,-0.496,0.036,0.045,-0.364,-0.47,0.469,0.306,-0.266,0.235,0.103,-0.305,-0.159,-0.158,0.445,0.182,0.246,0.053,-0.082,0.345,0.121,-0.182,-0.186,0.561,0.627,0.051,-0.657,0.177,0.222,-0.253,0.326,-0.455,0.307,0.38,-0.341,-0.274,0.056,-0.027,-0.149,0.078,0.563,0.23,0.058,-0.224,-0.65,0.429,0.613,-0.361,-0.156,-0.193,0.379,0.026,-0.207,0.324,-0.248,-0.332,0.105,-0.438,-0.212,-0.446,0.184,-0.057,0.476,-0.05,0.266,0.395,-0.295,0.055,-0.585,0.141,0.131,0.213,0.807,0.353,-0.094,-0.101,-0.6,0.752,0.217,-0.33,-0.064,0.175,0.458,0.388,-0.201,0.492,-0.371,0.19,0.473,0.621,-0.098,0.01,0.207,0.241,0.34,-0.379,-0.042,0.336,-0.277,0.67,0.149,0.513,0.069,0.26,0.299,0.64,0.027,0.279,0.333,0.389,0.156,-0.402,-0.193,0.253,-0.055,-0.317,-0.409,0.066,0.771,0.208,0.352,-0.147,0.625,0.185,-0.152,-0.571,-0.132,-0.619,0.229,-0.603,0.578,-0.067,0.094,-0.033,0.074,0.449,-0.395,-0.539,-0.385,0.43,-0.353,0.445,0.361,0.309,0.665,-0.234,0.121,-0.234,0.426,-0.232,-0.126,-0.29,0.303,0.335,0.062
AZN,-0.392,0.777,0.817,0.856,0.577,0.581,0.726,0.402,-0.102,-0.604,0.682,0.179,0.744,0.155,-0.323,0.774,0.639,-0.306,-0.656,-0.356,0.804,0.494,0.0,0.478,-0.394,0.511,0.505,0.721,0.853,-0.511,0.722,-0.824,0.571,0.611,0.772,0.638,0.614,0.626,-0.741,0.798,0.706,0.59,-0.425,0.452,0.231,0.144,0.084,0.722,-0.598,-0.795,0.142,0.123,0.804,-0.734,0.823,0.576,-0.545,0.586,0.465,0.86,-0.505,0.821,-0.413,0.495,0.784,0.785,-0.423,0.511,0.485,0.764,-0.177,-0.508,0.306,-0.43,0.516,0.573,-0.007,0.365,0.855,-0.358,0.321,0.678,0.619,-0.366,-0.613,0.371,-0.496,0.498,0.392,-0.291,0.693,0.897,0.367,-0.544,0.508,0.705,0.081,-0.24,-0.397,-0.058,0.229,-0.431,0.345,-0.57,-0.341,0.592,0.677,0.804,0.135,-0.088,0.327,0.247,0.705,-0.228,0.793,0.349,0.793,0.492,0.799,-0.079,-0.506,0.057,0.526,0.842,-0.584,0.509,-0.495,0.602,-0.295,-0.198,0.849,0.196,-0.539,0.696,0.88,-0.535,0.681,0.45,0.691,0.848,0.319,0.35,-0.295,0.499,-0.084,0.682,0.849,-0.289,-0.187,-0.464,0.845,0.144,0.603,0.731,0.76,-0.28,-0.77,0.178,-0.203,-0.558,-0.785,-0.171,0.572,0.641,0.46,0.836,0.523,0.423,-0.378,0.538,-0.78,-0.42,-0.032,0.605,-0.443,0.363,0.597,0.602,0.151,0.634,0.752,-0.517,-0.653,-0.553,0.712,-0.762,0.87,0.834,0.52,0.782,-0.739,0.763,0.19,-0.191,-0.555,-0.567,0.358,0.736,0.03,0.717
BANR,0.109,0.717,0.716,0.409,-0.154,-0.177,0.823,0.162,-0.646,-0.318,0.036,0.806,0.701,0.03,-0.456,0.748,0.571,0.264,-0.38,0.148,0.498,-0.254,0.478,0.0,-0.799,-0.008,0.198,0.279,0.476,-0.616,0.781,-0.445,-0.163,0.65,0.404,0.564,0.885,0.922,-0.544,0.483,0.718,0.604,0.012,0.233,0.721,-0.278,0.722,0.833,-0.6,-0.502,0.504,-0.238,0.736,-0.469,0.738,0.625,-0.218,0.896,0.759,0.479,-0.638,0.576,-0.271,0.797,0.618,0.782,-0.034,0.934,-0.092,0.237,-0.247,0.151,0.415,-0.619,0.93,0.505,0.609,0.308,0.539,0.08,0.908,0.819,0.803,-0.067,-0.721,0.09,-0.809,0.749,0.788,0.31,0.361,0.394,0.933,-0.233,0.739,0.393,0.334,0.137,-0.804,0.334,0.688,-0.484,0.882,-0.327,0.271,0.509,0.892,0.341,0.397,-0.296,0.137,0.762,0.826,0.578,0.741,0.457,0.648,-0.142,0.681,0.308,-0.28,0.618,-0.096,0.737,-0.248,0.731,-0.696,0.17,-0.641,0.176,0.517,0.645,-0.72,0.178,0.317,-0.428,0.748,0.458,0.635,0.653,0.855,0.706,-0.443,0.893,-0.785,0.616,0.466,-0.353,-0.458,-0.873,0.319,0.224,0.293,0.464,0.448,-0.39,-0.366,0.403,-0.441,-0.395,-0.501,0.41,0.721,-0.045,0.393,0.562,0.911,-0.016,-0.438,0.839,-0.242,-0.116,0.741,0.68,0.206,-0.315,0.807,0.648,0.325,0.729,0.565,0.002,-0.077,-0.051,0.387,-0.548,0.465,0.534,0.237,0.204,-0.526,0.754,0.643,-0.576,-0.198,-0.413,0.903,0.538,-0.156,0.787
BBIO,0.029,-0.768,-0.726,-0.423,0.163,0.103,-0.841,-0.193,0.776,0.663,-0.028,-0.795,-0.781,0.401,0.33,-0.721,-0.426,-0.114,0.575,0.152,-0.63,0.376,-0.394,-0.799,0.0,0.202,-0.088,-0.316,-0.421,0.848,-0.847,0.562,0.074,-0.511,-0.429,-0.42,-0.72,-0.824,0.741,-0.598,-0.683,-0.787,0.176,0.066,-0.716,0.372,-0.713,-0.804,0.866,0.498,-0.751,0.5,-0.649,0.69,-0.71,-0.521,0.219,-0.877,-0.727,-0.6,0.888,-0.69,0.539,-0.607,-0.495,-0.692,0.369,-0.809,-0.143,-0.05,0.265,-0.025,-0.157,0.895,-0.923,-0.227,-0.233,-0.068,-0.452,0.243,-0.667,-0.621,-0.588,0.36,0.906,0.107,0.885,-0.496,-0.656,-0.294,-0.481,-0.329,-0.834,0.606,-0.746,-0.578,-0.012,0.176,0.97,-0.096,-0.465,0.703,-0.749,0.59,-0.08,-0.642,-0.846,-0.467,-0.395,0.318,0.242,-0.475,-0.706,-0.443,-0.782,-0.15,-0.644,0.387,-0.535,0.125,0.448,-0.732,0.156,-0.753,0.48,-0.616,0.89,-0.412,0.901,0.201,-0.514,-0.482,0.898,-0.423,-0.361,0.577,-0.834,-0.492,-0.711,-0.599,-0.781,-0.292,0.809,-0.901,0.785,-0.767,-0.504,0.52,0.585,0.906,-0.356,-0.107,-0.466,-0.579,-0.596,0.703,0.541,-0.274,0.688,0.683,0.659,-0.145,-0.509,0.004,-0.214,-0.62,-0.794,0.36,0.729,-0.837,0.318,0.499,-0.729,-0.323,0.01,0.425,-0.818,-0.484,-0.159,-0.632,-0.358,0.37,0.301,0.39,-0.512,0.603,-0.542,-0.591,-0.533,-0.204,0.581,-0.785,-0.332,0.859,0.485,0.358,-0.783,-0.642,0.456,-0.758
BCYC,-0.088,0.343,0.36,0.327,0.601,0.725,0.223,0.046,0.345,-0.117,0.745,-0.364,0.289,0.716,0.327,0.138,0.348,-0.102,-0.091,0.015,0.392,0.736,0.511,-0.008,0.202,0.0,0.269,0.527,0.435,0.172,0.165,-0.228,0.423,0.526,0.308,0.576,0.314,0.069,-0.19,0.461,0.258,0.111,0.052,0.434,-0.182,0.406,-0.429,0.145,0.057,-0.22,-0.508,0.371,0.282,-0.22,0.327,0.266,-0.07,-0.0,0.074,0.37,0.19,0.179,0.213,-0.003,0.444,0.121,-0.041,-0.05,0.426,0.786,-0.013,-0.347,0.349,0.164,-0.095,0.592,-0.151,0.686,0.255,-0.052,-0.111,0.095,0.043,0.149,-0.006,0.746,0.178,0.223,0.013,-0.65,0.457,0.653,-0.148,0.047,-0.21,0.35,0.249,-0.157,0.215,0.16,-0.123,0.231,-0.157,0.02,-0.128,0.186,0.135,0.377,-0.034,0.048,0.552,-0.02,0.191,-0.559,0.202,0.233,0.289,0.716,0.465,0.071,-0.006,-0.461,0.721,0.239,-0.217,-0.006,-0.013,0.357,0.395,0.069,0.499,-0.014,0.178,0.361,0.595,-0.012,0.079,0.183,0.316,0.3,-0.146,0.273,0.247,-0.065,0.343,0.067,0.456,0.075,0.241,0.126,0.604,0.347,0.131,0.219,0.349,0.191,-0.275,-0.063,0.347,0.09,-0.17,0.08,0.29,0.622,0.346,0.356,0.045,0.495,0.239,-0.055,-0.308,0.021,-0.341,0.274,-0.282,0.519,-0.034,0.387,0.14,0.256,0.511,-0.148,-0.341,-0.192,0.538,-0.377,0.344,0.24,0.109,0.593,-0.225,0.099,0.069,0.233,-0.008,-0.227,-0.012,0.356,0.505,0.223
BHFAP,-0.097,0.35,0.426,0.555,0.561,0.254,0.352,0.495,0.155,-0.187,0.494,0.06,0.385,0.067,-0.299,0.538,0.394,-0.13,-0.356,-0.202,0.341,0.407,0.505,0.198,-0.088,0.269,0.0,0.307,0.62,-0.173,0.45,-0.502,0.335,0.38,0.531,0.313,0.272,0.253,-0.437,0.419,0.441,0.304,-0.346,0.532,0.209,-0.141,-0.014,0.287,-0.218,-0.609,0.014,0.309,0.467,-0.355,0.502,0.509,-0.575,0.202,0.234,0.476,-0.11,0.392,-0.22,0.414,0.597,0.478,-0.074,0.187,0.048,0.403,0.135,-0.301,-0.047,-0.034,0.17,0.248,-0.088,0.266,0.559,-0.016,0.075,0.438,0.434,-0.06,-0.213,0.146,-0.267,0.2,0.312,-0.187,0.384,0.532,0.049,-0.228,0.448,0.443,-0.206,0.129,-0.131,0.106,0.25,-0.078,0.026,-0.248,-0.165,0.109,0.246,0.387,0.13,0.024,0.457,0.312,0.434,-0.121,0.421,0.524,0.339,0.394,0.406,0.016,-0.164,0.085,0.352,0.506,-0.217,0.489,-0.249,0.296,0.026,-0.307,0.556,0.104,-0.193,0.224,0.503,-0.462,0.298,0.229,0.363,0.596,-0.004,0.098,0.072,0.264,0.1,0.418,0.575,-0.141,0.243,-0.043,0.47,-0.091,0.44,0.54,0.464,0.128,-0.316,0.259,0.084,-0.256,-0.4,-0.207,0.421,0.37,0.491,0.392,0.15,0.383,0.069,0.123,-0.582,-0.138,-0.224,0.356,-0.262,0.268,0.436,0.412,0.404,0.486,0.382,-0.224,-0.258,-0.162,0.418,-0.461,0.503,0.45,0.189,0.436,-0.28,0.336,0.243,0.096,-0.254,-0.32,-0.006,0.428,0.276,0.416
BKR,-0.552,0.692,0.7,0.743,0.539,0.75,0.619,-0.034,-0.003,-0.707,0.713,-0.014,0.617,0.17,-0.224,0.445,0.235,-0.585,-0.778,-0.361,0.834,0.574,0.721,0.279,-0.316,0.527,0.307,0.0,0.502,-0.567,0.54,-0.813,0.669,0.356,0.795,0.511,0.566,0.569,-0.586,0.724,0.357,0.538,-0.442,0.364,0.037,0.511,-0.061,0.699,-0.562,-0.55,0.086,-0.136,0.629,-0.745,0.578,0.224,-0.311,0.55,0.197,0.805,-0.492,0.741,-0.472,0.156,0.454,0.466,-0.616,0.437,0.804,0.701,-0.544,-0.701,0.609,-0.536,0.409,0.431,-0.265,0.265,0.67,-0.704,0.242,0.383,0.285,-0.608,-0.556,0.371,-0.398,0.278,-0.033,-0.486,0.855,0.744,0.313,-0.523,0.225,0.698,0.305,-0.668,-0.329,-0.407,-0.257,-0.596,0.11,-0.681,-0.611,0.802,0.585,0.877,-0.18,-0.113,0.027,-0.172,0.368,-0.335,0.539,-0.123,0.608,0.534,0.753,-0.415,-0.621,-0.095,0.65,0.615,-0.87,0.087,-0.46,0.774,-0.338,-0.173,0.81,-0.117,-0.39,0.895,0.793,-0.564,0.661,0.351,0.694,0.537,0.118,0.201,-0.263,0.278,0.094,0.491,0.673,-0.421,-0.436,-0.347,0.772,0.418,0.444,0.67,0.664,-0.578,-0.879,-0.303,-0.346,-0.521,-0.764,-0.271,0.174,0.743,0.043,0.753,0.491,0.366,-0.527,0.556,-0.628,-0.384,-0.119,0.478,-0.741,0.252,0.482,0.251,-0.334,0.236,0.57,-0.55,-0.88,-0.696,0.619,-0.772,0.828,0.835,0.752,0.949,-0.751,0.619,-0.291,-0.09,-0.698,-0.294,0.352,0.741,-0.247,0.412
BLDP,-0.125,0.75,0.777,0.768,0.573,0.439,0.716,0.563,-0.175,-0.524,0.678,0.285,0.762,0.106,-0.207,0.819,0.717,-0.03,-0.517,-0.314,0.685,0.393,0.853,0.476,-0.421,0.435,0.62,0.502,0.0,-0.445,0.754,-0.694,0.409,0.727,0.602,0.586,0.595,0.554,-0.791,0.751,0.783,0.575,-0.272,0.453,0.357,-0.08,0.138,0.626,-0.546,-0.826,0.201,0.275,0.751,-0.677,0.841,0.717,-0.6,0.512,0.531,0.793,-0.471,0.699,-0.34,0.593,0.854,0.771,-0.218,0.446,0.302,0.61,0.116,-0.395,0.054,-0.339,0.508,0.478,0.038,0.434,0.798,-0.166,0.276,0.633,0.6,-0.157,-0.579,0.326,-0.465,0.428,0.532,-0.208,0.596,0.852,0.32,-0.525,0.573,0.746,-0.089,-0.013,-0.411,0.134,0.359,-0.213,0.311,-0.433,-0.119,0.479,0.607,0.704,0.346,-0.045,0.403,0.384,0.773,-0.187,0.835,0.518,0.76,0.401,0.667,0.072,-0.302,0.155,0.434,0.853,-0.374,0.634,-0.479,0.533,-0.246,-0.26,0.797,0.306,-0.564,0.523,0.822,-0.492,0.613,0.477,0.627,0.877,0.359,0.291,-0.363,0.589,-0.163,0.766,0.862,-0.107,-0.006,-0.419,0.777,-0.074,0.746,0.719,0.797,-0.065,-0.585,0.414,-0.106,-0.535,-0.669,-0.09,0.697,0.549,0.69,0.744,0.465,0.331,-0.209,0.415,-0.757,-0.455,0.017,0.467,-0.225,0.239,0.599,0.679,0.446,0.775,0.7,-0.469,-0.484,-0.409,0.755,-0.686,0.724,0.699,0.393,0.578,-0.571,0.726,0.392,-0.322,-0.383,-0.596,0.287,0.642,0.198,0.793
BLFS,0.327,-0.73,-0.699,-0.63,-0.042,-0.13,-0.772,-0.196,0.597,0.831,-0.237,-0.605,-0.762,0.502,0.474,-0.695,-0.211,0.279,0.862,0.491,-0.742,0.123,-0.511,-0.616,0.848,0.172,-0.173,-0.567,-0.445,0.0,-0.766,0.802,-0.208,-0.307,-0.629,-0.272,-0.623,-0.793,0.788,-0.655,-0.493,-0.815,0.453,-0.012,-0.539,0.166,-0.514,-0.841,0.916,0.638,-0.738,0.453,-0.648,0.821,-0.649,-0.338,0.459,-0.846,-0.493,-0.746,0.954,-0.819,0.813,-0.52,-0.412,-0.689,0.587,-0.746,-0.385,-0.118,0.39,0.353,-0.222,0.926,-0.831,-0.057,0.039,0.174,-0.632,0.606,-0.537,-0.591,-0.519,0.718,0.919,0.2,0.857,-0.266,-0.325,-0.139,-0.607,-0.403,-0.692,0.769,-0.686,-0.672,-0.006,0.448,0.865,0.315,-0.144,0.875,-0.562,0.818,0.373,-0.795,-0.804,-0.697,-0.128,0.309,0.408,-0.165,-0.541,-0.248,-0.764,0.112,-0.727,0.236,-0.543,0.403,0.7,-0.623,-0.101,-0.765,0.76,-0.478,0.813,-0.631,0.932,0.369,-0.635,-0.095,0.917,-0.684,-0.492,0.789,-0.886,-0.499,-0.745,-0.582,-0.536,-0.097,0.801,-0.745,0.539,-0.784,-0.583,0.5,0.74,0.785,-0.434,-0.089,-0.552,-0.721,-0.676,0.845,0.775,0.033,0.798,0.888,0.837,0.201,-0.271,-0.265,-0.027,-0.665,-0.735,0.158,0.844,-0.852,0.525,0.651,-0.466,-0.312,0.363,0.275,-0.85,-0.224,0.149,-0.418,-0.293,0.599,0.62,0.653,-0.489,0.667,-0.734,-0.799,-0.78,-0.459,0.757,-0.857,0.008,0.648,0.767,0.395,-0.615,-0.699,0.667,-0.617
