,ABAT,ACLS,ACMR,ADMA,ADUS,ADVM,AEIS,AGNCM,AHCO,ALGT,ALLO,AMSF,ANAB,ANDE,APLS,APPF,ASML,ATRC,AVGO,AVT,AXDX,AXSM,AZN,BANR,BBIO,BCYC,BHFAP,BKR,BLDP,BLFS,BLKB,BLMN,BNTX,BPMC,CALM,CAMT,CASH,CATY,CCEP,CDLX,CDNS,CENN,CENX,CGC,CHDN,CLBK,COKE,COLB,COO,CORT,CRMT,CRNX,CRTO,CRVL,CSCO,CSQ,CSWI,CVBF,CWST,CYCC,CZR,DLTR,DORM,ENTA,EQIX,ERIC,EVRG,EWBC,EXAS,EXLS,EXPI,EYE,FBNC,FBRX,FCNCA,FELE,FIBK,FLEX,FRGT,FRHC,FRME,FWONA,FWONK,GDEN,GIII,GILD,GLNG,GNTX,GOOGL,GRPN,HCSG,HIMX,HOPE,HST,HTLD,HUT,HWC,ICUI,IESC,INTC,INTU,IOVA,IPAR,IPGP,ISRG,JBSS,KALU,KPRX,KRNT,LAUR,LBRDA,LBTYK,LECO,LILAK,LITE,MANH,MDXG,MFIC,MGEE,MIDD,MLAB,MMSI,MNKD,MOMO,MRVL,NICE,NMFC,NUWE,NVCR,NWBI,OFIX,OFLX,OMCL,OPK,ORKA,ORLY,OTTR,PDD,PNTG,POOL,POWL,PPBI,PPC,PRAA,PRPL,PZZA,QTRX,QURE,RDFN,RDHL,REAL,REG,REYN,RGLD,RIOT,RUN,RYTM,SAIA,SBAC,SBRA,SCVL,SHOO,SLAB,SLDB,SMCI,SMTC,SRCE,SSP,SSRM,STBA,STRO,SVC,SYBT,TCBI,TCOM,TENX,TH,TMUS,TNDM,TTD,TTMI,UAL,ULH,ULTA,VCYT,VIRT,VKTX,VOD,VRDN,VREX,VRNT,VSAT,WB,WBD,WDC,WEN,WSFS,XXII,Z,ZBRA
ABAT,0.0,0.26,0.159,0.354,0.002,0.32,0.342,0.22,0.529,0.358,-0.024,-0.496,-0.2,0.272,0.289,0.502,0.358,0.301,0.443,0.34,-0.313,0.079,-0.3,-0.082,0.543,0.309,0.153,0.18,0.368,0.679,0.302,0.196,0.541,0.678,0.003,0.045,0.007,0.084,0.256,0.119,0.169,0.249,0.262,0.477,-0.04,0.06,-0.003,-0.097,0.107,0.221,0.222,0.248,0.403,-0.047,0.273,0.305,-0.055,-0.15,0.008,0.542,0.244,0.525,-0.203,-0.497,-0.327,0.332,0.093,0.018,0.223,0.361,0.524,-0.098,-0.027,-0.28,-0.033,0.148,-0.002,0.074,0.008,0.384,0.151,0.145,0.137,0.207,0.136,0.158,0.043,0.186,0.219,0.318,0.178,0.508,0.088,0.128,-0.459,0.625,0.121,-0.016,-0.07,0.671,0.077,0.495,0.085,0.265,-0.094,-0.44,0.242,0.194,0.329,0.138,0.144,0.077,0.134,-0.067,0.307,0.661,0.094,0.19,-0.041,0.111,-0.126,0.44,0.21,-0.47,0.333,0.158,0.284,0.268,0.04,0.064,0.068,-0.051,0.195,0.559,0.528,-0.35,-0.192,0.063,0.436,0.097,0.012,-0.0,0.172,0.245,0.193,0.12,-0.214,0.391,0.479,0.225,0.172,-0.006,0.145,-0.149,0.425,0.332,0.85,0.37,-0.312,0.088,0.232,0.182,0.369,0.351,-0.077,0.137,0.107,0.109,-0.018,-0.028,0.008,0.177,-0.103,0.234,0.014,0.169,0.079,0.259,-0.122,0.343,0.279,0.385,-0.249,0.125,0.356,0.123,0.332,0.169,-0.076,0.441,0.296,-0.156,-0.438,0.34,0.374,-0.318,0.086,0.333,0.009,0.389
ACLS,0.26,0.0,-0.458,-0.296,-0.711,0.544,0.901,0.895,0.312,0.836,0.341,-0.369,-0.854,0.565,0.906,-0.079,0.888,0.888,0.861,0.869,-0.731,0.629,-0.25,0.558,0.875,0.757,0.854,0.841,0.818,0.529,0.845,0.818,0.399,0.397,0.378,0.151,0.75,0.774,0.833,0.858,-0.337,0.689,0.904,0.768,0.723,0.803,0.815,0.548,-0.178,0.746,0.886,0.586,0.872,0.621,0.917,0.905,0.696,0.444,0.776,0.787,0.833,0.658,0.182,-0.671,-0.602,0.72,-0.285,0.585,-0.43,0.702,0.665,-0.196,0.683,0.499,0.61,0.757,0.702,0.891,0.491,0.925,0.803,0.704,0.757,0.577,0.829,0.477,0.749,0.855,0.568,0.87,0.155,0.857,0.717,0.77,-0.028,0.594,0.772,-0.256,0.616,0.642,0.426,-0.06,0.667,0.301,0.135,0.094,0.815,0.174,0.939,0.702,0.899,0.877,0.807,0.762,-0.228,0.586,0.299,0.882,0.462,0.774,0.51,0.505,0.874,0.068,0.851,-0.212,0.896,0.659,0.467,0.674,0.58,-0.528,0.902,0.753,0.515,-0.358,-0.105,0.89,0.549,-0.439,0.741,0.659,0.848,0.902,0.266,0.525,0.226,0.835,0.509,0.38,-0.324,0.686,0.721,-0.786,0.821,0.761,0.33,0.756,-0.501,0.808,0.56,0.839,0.561,-0.045,0.74,0.859,0.721,0.818,-0.485,0.63,0.656,0.824,0.409,0.804,0.386,0.752,0.756,0.865,-0.783,0.819,0.862,0.783,0.371,0.788,0.921,0.223,0.779,0.86,-0.076,0.753,0.918,0.379,0.149,0.878,0.871,-0.256,0.731,0.794,0.595,0.776
ACMR,0.159,-0.458,0.0,0.29,0.646,-0.105,-0.35,-0.589,0.174,-0.424,-0.634,0.319,0.726,-0.684,-0.544,0.521,-0.285,-0.587,-0.22,-0.506,0.476,-0.273,0.512,-0.511,-0.444,-0.427,-0.514,-0.584,-0.555,0.068,-0.516,-0.526,0.131,0.207,0.106,0.418,-0.561,-0.657,-0.612,-0.526,0.846,-0.622,-0.666,-0.235,-0.338,-0.612,-0.598,-0.574,0.646,-0.581,-0.65,-0.296,-0.522,-0.336,-0.55,-0.387,-0.423,-0.43,-0.301,-0.387,-0.378,-0.254,0.238,0.511,0.653,-0.043,0.353,-0.417,0.743,-0.076,-0.112,0.575,-0.525,-0.811,-0.366,-0.498,-0.692,-0.553,-0.604,-0.493,-0.65,-0.273,-0.319,0.02,-0.71,-0.239,-0.542,-0.475,0.276,-0.536,0.087,-0.511,-0.604,-0.583,-0.16,-0.282,-0.602,0.65,-0.31,-0.01,0.258,0.668,-0.283,0.175,0.395,0.001,-0.529,-0.186,-0.587,-0.181,-0.448,-0.731,-0.588,-0.684,0.766,0.125,-0.356,-0.59,-0.376,-0.322,-0.382,-0.061,-0.531,0.034,-0.222,0.733,-0.467,-0.546,0.022,-0.561,0.043,0.347,-0.635,-0.399,-0.16,0.495,-0.092,-0.49,-0.176,0.559,-0.535,-0.517,-0.677,-0.591,-0.152,0.17,0.228,-0.459,-0.007,-0.19,0.671,-0.554,-0.525,0.715,-0.614,-0.401,0.19,-0.174,0.622,-0.572,-0.332,-0.602,0.186,0.109,-0.188,-0.389,-0.605,-0.481,0.611,-0.576,-0.348,-0.618,-0.441,-0.545,0.084,-0.453,-0.453,-0.334,0.728,-0.332,-0.308,-0.41,-0.462,-0.566,-0.471,0.394,-0.232,-0.567,-0.229,-0.354,-0.493,-0.537,0.087,-0.633,-0.478,0.204,-0.604,-0.613,0.015,-0.22
ADMA,0.354,-0.296,0.29,0.0,0.611,-0.206,-0.481,-0.483,0.217,-0.499,0.075,-0.466,0.316,-0.188,-0.314,0.518,-0.465,-0.445,-0.251,-0.459,0.492,-0.045,-0.192,-0.71,-0.1,-0.115,-0.441,-0.569,-0.166,-0.117,-0.494,-0.585,-0.275,0.287,-0.445,0.265,-0.703,-0.622,-0.516,-0.63,0.425,-0.272,-0.416,-0.436,-0.759,-0.634,-0.629,-0.687,-0.309,-0.33,-0.353,-0.004,-0.212,-0.729,-0.424,-0.501,-0.774,-0.786,-0.654,-0.15,-0.586,-0.027,-0.529,-0.002,0.317,-0.276,-0.023,-0.753,0.605,-0.385,0.097,-0.341,-0.803,-0.378,-0.765,-0.625,-0.66,-0.619,-0.477,-0.345,-0.6,-0.677,-0.676,-0.39,-0.503,-0.065,-0.668,-0.583,-0.235,-0.413,-0.516,-0.195,-0.642,-0.642,-0.484,0.147,-0.624,-0.084,-0.637,0.037,-0.443,0.358,-0.676,-0.475,-0.55,-0.475,-0.506,0.486,-0.279,-0.605,-0.407,-0.441,-0.551,-0.671,0.255,-0.025,0.431,-0.583,-0.534,-0.732,-0.381,-0.219,-0.541,-0.437,-0.436,0.45,-0.528,-0.139,-0.338,-0.647,-0.576,0.369,-0.51,0.141,0.371,-0.124,-0.385,-0.34,0.066,0.728,-0.693,-0.716,-0.512,-0.411,0.216,-0.321,-0.465,-0.3,0.506,0.089,0.012,-0.681,-0.153,0.486,-0.156,-0.208,0.288,-0.482,0.18,-0.621,-0.614,-0.566,-0.488,0.472,-0.519,-0.672,-0.603,-0.701,0.467,-0.706,-0.691,-0.589,-0.691,-0.573,-0.745,-0.494,-0.668,-0.503,0.568,-0.503,-0.503,-0.481,-0.367,-0.651,-0.43,-0.396,-0.341,-0.565,0.338,-0.318,-0.377,-0.542,-0.615,-0.349,-0.448,-0.242,-0.668,-0.301,-0.454,-0.424
ADUS,0.002,-0.711,0.646,0.611,0.0,-0.427,-0.743,-0.853,0.042,-0.725,-0.357,0.201,0.758,-0.615,-0.74,0.497,-0.714,-0.821,-0.536,-0.776,0.824,-0.47,0.172,-0.764,-0.642,-0.61,-0.713,-0.808,-0.637,-0.304,-0.749,-0.783,-0.344,-0.063,-0.244,0.282,-0.864,-0.87,-0.837,-0.886,0.691,-0.697,-0.813,-0.607,-0.728,-0.864,-0.859,-0.761,0.153,-0.723,-0.74,-0.393,-0.669,-0.689,-0.764,-0.764,-0.752,-0.68,-0.711,-0.644,-0.729,-0.386,-0.141,0.469,0.749,-0.373,0.286,-0.749,0.791,-0.481,-0.274,0.158,-0.843,-0.608,-0.686,-0.713,-0.841,-0.814,-0.688,-0.728,-0.873,-0.667,-0.696,-0.333,-0.832,-0.337,-0.819,-0.794,-0.26,-0.772,-0.292,-0.68,-0.829,-0.813,-0.178,-0.314,-0.842,0.312,-0.696,-0.281,-0.266,0.375,-0.739,-0.296,-0.153,-0.096,-0.757,0.096,-0.749,-0.58,-0.708,-0.821,-0.791,-0.863,0.55,-0.236,-0.066,-0.889,-0.56,-0.753,-0.456,-0.353,-0.842,-0.211,-0.609,0.551,-0.815,-0.519,-0.305,-0.796,-0.502,0.56,-0.862,-0.51,-0.112,0.352,-0.076,-0.73,-0.185,0.778,-0.786,-0.775,-0.822,-0.779,-0.001,-0.306,-0.103,-0.707,0.029,-0.21,0.46,-0.827,-0.421,0.855,-0.654,-0.555,-0.05,-0.589,0.6,-0.857,-0.652,-0.826,-0.366,0.298,-0.637,-0.804,-0.799,-0.812,0.654,-0.822,-0.699,-0.859,-0.625,-0.834,-0.465,-0.73,-0.741,-0.729,0.918,-0.69,-0.673,-0.708,-0.469,-0.85,-0.778,-0.032,-0.624,-0.86,0.138,-0.583,-0.771,-0.472,-0.288,-0.783,-0.735,0.137,-0.844,-0.733,-0.341,-0.625
ADVM,0.32,0.544,-0.105,-0.206,-0.427,0.0,0.649,0.594,0.231,0.61,-0.196,-0.383,-0.46,0.405,0.692,0.055,0.496,0.593,0.574,0.617,-0.604,0.211,-0.202,0.335,0.652,0.338,0.401,0.563,0.654,0.576,0.642,0.572,0.705,0.669,0.005,-0.299,0.471,0.509,0.544,0.525,-0.21,0.503,0.568,0.607,0.458,0.469,0.37,0.295,0.031,0.618,0.452,0.35,0.559,0.308,0.47,0.626,0.302,0.241,0.398,0.562,0.592,0.763,-0.01,-0.436,-0.645,0.398,0.06,0.463,-0.085,0.673,0.708,0.347,0.362,0.071,0.369,0.454,0.392,0.467,0.196,0.512,0.527,0.465,0.488,0.396,0.585,0.065,0.634,0.438,0.331,0.696,0.495,0.666,0.512,0.521,-0.356,0.588,0.511,-0.024,0.186,0.64,0.08,0.245,0.464,0.6,0.036,-0.192,0.446,-0.202,0.54,0.495,0.48,0.367,0.318,0.439,0.024,0.659,-0.125,0.547,0.28,0.444,-0.141,0.84,0.591,-0.233,0.504,-0.026,0.599,0.589,0.321,0.443,0.492,0.136,0.603,0.426,0.467,-0.296,0.142,0.387,0.187,-0.301,0.54,0.444,0.459,0.606,-0.072,0.518,-0.097,0.631,0.34,0.275,0.15,0.418,0.466,-0.618,0.554,0.634,0.518,0.573,-0.67,0.492,0.552,0.664,0.546,-0.211,0.334,0.49,0.54,0.529,-0.579,0.432,0.13,0.573,0.317,0.553,0.286,0.541,0.485,0.386,-0.458,0.594,0.515,0.609,-0.22,0.493,0.619,0.212,0.533,0.474,-0.331,0.746,0.559,0.12,-0.137,0.63,0.604,-0.321,0.522,0.535,0.339,0.763
AEIS,0.342,0.901,-0.35,-0.481,-0.743,0.649,0.0,0.927,0.39,0.929,0.107,-0.26,-0.824,0.537,0.9,-0.04,0.942,0.915,0.92,0.937,-0.822,0.458,-0.229,0.632,0.866,0.654,0.883,0.892,0.797,0.685,0.939,0.898,0.615,0.477,0.393,-0.028,0.823,0.822,0.889,0.901,-0.305,0.701,0.908,0.899,0.824,0.839,0.812,0.613,0.044,0.766,0.855,0.535,0.886,0.717,0.897,0.976,0.804,0.557,0.828,0.808,0.942,0.739,0.289,-0.662,-0.698,0.792,-0.134,0.734,-0.458,0.832,0.672,0.036,0.785,0.386,0.739,0.85,0.753,0.919,0.542,0.931,0.865,0.831,0.87,0.72,0.867,0.425,0.846,0.908,0.637,0.923,0.448,0.882,0.8,0.847,-0.005,0.653,0.832,-0.163,0.624,0.752,0.526,0.097,0.778,0.549,0.311,0.06,0.864,-0.032,0.874,0.831,0.878,0.809,0.794,0.763,-0.063,0.725,0.069,0.925,0.5,0.89,0.395,0.693,0.892,-0.038,0.917,-0.25,0.968,0.673,0.491,0.756,0.743,-0.447,0.92,0.67,0.401,-0.344,0.056,0.737,0.509,-0.546,0.811,0.752,0.856,0.926,0.17,0.584,0.206,0.884,0.356,0.339,-0.071,0.743,0.618,-0.795,0.816,0.792,0.469,0.92,-0.569,0.842,0.792,0.92,0.77,-0.094,0.713,0.932,0.796,0.916,-0.538,0.718,0.709,0.895,0.527,0.873,0.591,0.782,0.863,0.889,-0.808,0.938,0.923,0.911,0.299,0.852,0.952,0.338,0.833,0.877,-0.217,0.873,0.899,0.44,0.165,0.901,0.956,-0.267,0.816,0.818,0.629,0.921
AGNCM,0.22,0.895,-0.589,-0.483,-0.853,0.594,0.927,0.0,0.244,0.907,0.308,-0.331,-0.908,0.672,0.929,-0.189,0.875,0.95,0.818,0.939,-0.849,0.552,-0.335,0.71,0.865,0.684,0.882,0.929,0.844,0.555,0.924,0.922,0.496,0.361,0.277,-0.143,0.876,0.909,0.948,0.93,-0.53,0.791,0.959,0.808,0.783,0.906,0.889,0.713,-0.162,0.836,0.929,0.6,0.892,0.735,0.921,0.941,0.779,0.599,0.783,0.829,0.892,0.686,0.145,-0.667,-0.803,0.643,-0.232,0.734,-0.655,0.742,0.592,-0.177,0.812,0.577,0.705,0.852,0.851,0.928,0.625,0.924,0.94,0.765,0.813,0.571,0.942,0.455,0.891,0.904,0.461,0.945,0.37,0.898,0.864,0.891,0.075,0.606,0.889,-0.362,0.645,0.629,0.359,-0.154,0.756,0.404,0.125,0.031,0.88,0.021,0.926,0.712,0.865,0.913,0.849,0.855,-0.339,0.563,0.186,0.967,0.553,0.829,0.441,0.602,0.926,0.019,0.801,-0.428,0.953,0.716,0.37,0.811,0.602,-0.472,0.973,0.705,0.394,-0.432,0.081,0.783,0.464,-0.638,0.853,0.785,0.931,0.955,0.156,0.414,0.073,0.9,0.293,0.362,-0.303,0.81,0.692,-0.918,0.859,0.786,0.342,0.812,-0.675,0.9,0.774,0.954,0.551,-0.105,0.681,0.899,0.851,0.907,-0.707,0.792,0.69,0.95,0.583,0.913,0.474,0.788,0.824,0.843,-0.909,0.867,0.853,0.89,0.422,0.905,0.946,0.131,0.814,0.925,-0.08,0.832,0.934,0.477,0.136,0.954,0.933,-0.282,0.875,0.884,0.477,0.841
AHCO,0.529,0.312,0.174,0.217,0.042,0.231,0.39,0.244,0.0,0.297,-0.124,-0.274,-0.198,0.153,0.294,0.515,0.457,0.273,0.522,0.317,-0.282,0.155,-0.093,-0.032,0.459,0.346,0.245,0.17,0.288,0.538,0.285,0.235,0.466,0.496,0.165,0.221,0.096,0.072,0.253,0.207,0.248,0.207,0.293,0.367,0.147,0.12,0.115,-0.058,0.17,0.236,0.263,0.257,0.384,0.157,0.305,0.394,0.117,-0.08,0.19,0.404,0.276,0.393,0.185,-0.388,-0.123,0.454,0.042,0.07,0.263,0.42,0.454,-0.052,0.06,-0.104,0.082,0.239,0.018,0.228,0.087,0.44,0.146,0.259,0.244,0.378,0.165,0.352,0.043,0.271,0.459,0.258,0.109,0.399,0.072,0.153,-0.194,0.482,0.1,0.162,0.065,0.693,0.3,0.516,0.154,0.372,0.11,-0.201,0.347,0.327,0.351,0.227,0.32,0.189,0.19,-0.039,0.403,0.682,0.1,0.225,-0.069,0.238,0.065,0.348,0.21,-0.496,0.457,0.244,0.323,0.236,0.234,0.074,0.142,-0.093,0.229,0.47,0.36,-0.08,-0.1,0.151,0.469,0.173,0.029,0.045,0.179,0.258,0.188,0.233,0.081,0.458,0.442,0.312,0.153,0.056,0.156,-0.085,0.392,0.248,0.669,0.463,-0.087,0.132,0.161,0.161,0.489,0.537,0.159,0.246,0.09,0.209,0.187,0.012,0.131,0.202,-0.063,0.213,0.155,0.12,0.124,0.385,-0.064,0.406,0.33,0.321,-0.079,0.137,0.385,0.318,0.245,0.207,-0.033,0.37,0.207,-0.172,-0.163,0.306,0.383,-0.118,0.08,0.282,0.301,0.396
ALGT,0.358,0.836,-0.424,-0.499,-0.725,0.61,0.929,0.907,0.297,0.0,0.225,-0.195,-0.806,0.685,0.833,-0.122,0.874,0.898,0.828,0.959,-0.784,0.476,-0.346,0.726,0.853,0.63,0.823,0.951,0.77,0.651,0.951,0.96,0.597,0.472,0.409,-0.105,0.86,0.895,0.927,0.873,-0.416,0.68,0.915,0.92,0.832,0.87,0.807,0.732,0.085,0.714,0.879,0.494,0.869,0.738,0.92,0.931,0.767,0.668,0.782,0.838,0.962,0.748,0.208,-0.646,-0.767,0.725,0.06,0.807,-0.501,0.864,0.599,0.015,0.813,0.415,0.805,0.922,0.851,0.892,0.527,0.887,0.918,0.859,0.892,0.674,0.867,0.412,0.869,0.915,0.536,0.924,0.526,0.868,0.883,0.926,0.078,0.613,0.908,-0.212,0.616,0.735,0.468,-0.034,0.791,0.533,0.292,0.125,0.896,0.046,0.838,0.823,0.77,0.813,0.844,0.799,-0.168,0.649,0.042,0.915,0.624,0.878,0.392,0.696,0.869,-0.011,0.829,-0.429,0.934,0.65,0.305,0.85,0.664,-0.411,0.906,0.6,0.434,-0.314,0.225,0.662,0.575,-0.631,0.892,0.834,0.906,0.927,0.1,0.404,0.101,0.843,0.273,0.247,-0.075,0.802,0.616,-0.807,0.774,0.75,0.463,0.877,-0.627,0.891,0.852,0.93,0.706,-0.115,0.604,0.887,0.889,0.914,-0.656,0.804,0.687,0.926,0.68,0.931,0.597,0.795,0.804,0.819,-0.835,0.865,0.917,0.984,0.37,0.908,0.898,0.308,0.809,0.902,-0.188,0.899,0.884,0.614,0.143,0.914,0.97,-0.227,0.898,0.793,0.432,0.858
ALLO,-0.024,0.341,-0.634,0.075,-0.357,-0.196,0.107,0.308,-0.124,0.225,0.0,-0.254,-0.438,0.591,0.254,-0.458,0.194,0.28,0.051,0.303,-0.269,0.551,-0.383,0.332,0.321,0.45,0.245,0.356,0.256,-0.159,0.21,0.268,-0.315,-0.129,0.081,0.014,0.291,0.408,0.389,0.309,-0.579,0.294,0.399,0.093,0.062,0.388,0.409,0.394,-0.497,0.218,0.481,0.187,0.307,0.158,0.438,0.181,0.123,0.23,0.167,0.377,0.119,0.051,-0.21,-0.272,-0.289,-0.025,-0.211,0.166,-0.448,-0.025,-0.059,-0.724,0.225,0.507,0.116,0.275,0.427,0.295,0.296,0.321,0.375,0.058,0.135,-0.168,0.311,0.37,0.148,0.335,-0.197,0.243,-0.314,0.286,0.342,0.3,0.189,0.124,0.373,-0.469,0.318,-0.009,-0.139,-0.55,0.175,-0.326,-0.315,0.102,0.391,0.489,0.421,-0.018,0.211,0.523,0.508,0.405,-0.685,-0.249,0.429,0.34,0.321,0.096,0.46,-0.274,0.296,0.131,0.037,-0.526,0.231,0.186,-0.268,0.332,-0.221,-0.474,0.336,0.372,0.219,-0.194,-0.003,0.434,0.339,-0.331,0.225,0.246,0.474,0.341,0.073,-0.27,-0.156,0.207,0.13,-0.105,-0.721,0.328,0.283,-0.364,0.343,0.125,-0.139,-0.079,-0.221,0.37,0.014,0.239,-0.299,0.241,0.051,0.133,0.317,0.185,-0.257,0.322,0.258,0.317,0.248,0.326,-0.178,0.293,0.121,0.21,-0.449,0.006,0.208,0.211,0.572,0.332,0.246,-0.267,0.129,0.411,0.294,0.068,0.323,0.367,-0.043,0.353,0.225,0.051,0.335,0.289,-0.299,-0.089
AMSF,-0.496,-0.369,0.319,-0.466,0.201,-0.383,-0.26,-0.331,-0.274,-0.195,-0.254,0.0,0.495,-0.352,-0.503,-0.287,-0.185,-0.407,-0.387,-0.258,0.307,-0.184,0.628,0.233,-0.607,-0.297,-0.241,-0.147,-0.631,-0.393,-0.285,-0.144,-0.154,-0.462,0.527,0.156,0.032,-0.11,-0.257,-0.128,0.131,-0.606,-0.407,-0.199,0.188,-0.046,-0.037,0.211,0.593,-0.557,-0.322,-0.348,-0.51,0.285,-0.25,-0.221,0.209,0.388,0.192,-0.497,-0.132,-0.562,0.656,0.729,0.487,-0.2,0.478,0.199,0.042,-0.071,-0.632,0.491,0.146,-0.174,0.286,0.052,0.002,-0.129,-0.224,-0.391,-0.158,0.15,0.106,0.003,-0.364,0.026,-0.126,-0.066,0.084,-0.441,0.31,-0.599,-0.022,-0.099,0.704,-0.667,-0.067,0.536,0.25,-0.434,0.287,-0.189,0.189,0.206,0.648,0.75,-0.105,-0.358,-0.497,0.096,-0.309,-0.294,-0.041,-0.022,0.118,-0.401,-0.55,-0.23,0.313,0.127,0.276,-0.287,-0.224,0.574,-0.22,-0.088,-0.229,-0.655,-0.041,0.069,0.228,-0.011,-0.325,-0.61,-0.611,0.705,0.51,-0.304,-0.201,-0.123,0.018,0.14,-0.191,-0.361,-0.466,0.026,0.56,-0.465,-0.665,-0.547,0.218,0.074,-0.394,0.404,-0.624,-0.519,-0.556,-0.104,0.499,-0.051,-0.067,-0.264,0.13,-0.288,0.053,-0.025,-0.06,-0.008,0.215,0.105,0.161,-0.202,0.311,-0.142,0.502,-0.152,-0.084,-0.127,0.247,-0.273,-0.096,-0.216,0.28,-0.048,-0.363,0.427,-0.222,-0.137,-0.223,-0.377,-0.358,0.187,0.705,-0.477,-0.294,0.634,-0.029,-0.572,0.026,-0.327
ANAB,-0.2,-0.854,0.726,0.316,0.758,-0.46,-0.824,-0.908,-0.198,-0.806,-0.438,0.495,0.0,-0.657,-0.915,0.145,-0.74,-0.914,-0.785,-0.837,0.701,-0.455,0.564,-0.525,-0.846,-0.614,-0.883,-0.836,-0.891,-0.462,-0.868,-0.827,-0.261,-0.265,-0.054,0.15,-0.723,-0.801,-0.865,-0.794,0.53,-0.861,-0.942,-0.681,-0.617,-0.774,-0.77,-0.565,0.437,-0.864,-0.921,-0.584,-0.912,-0.521,-0.847,-0.811,-0.628,-0.41,-0.605,-0.745,-0.791,-0.695,0.068,0.801,0.781,-0.629,0.379,-0.54,0.67,-0.562,-0.631,0.386,-0.657,-0.689,-0.537,-0.727,-0.761,-0.864,-0.637,-0.886,-0.839,-0.566,-0.64,-0.519,-0.942,-0.359,-0.794,-0.787,-0.298,-0.911,-0.12,-0.888,-0.73,-0.798,0.053,-0.68,-0.764,0.613,-0.425,-0.569,-0.194,0.196,-0.523,-0.133,0.141,0.114,-0.767,-0.202,-0.908,-0.569,-0.853,-0.909,-0.736,-0.749,0.372,-0.475,-0.416,-0.866,-0.375,-0.65,-0.353,-0.492,-0.8,0.165,-0.732,0.431,-0.836,-0.843,-0.298,-0.66,-0.383,0.405,-0.911,-0.683,-0.448,0.616,0.068,-0.721,-0.446,0.503,-0.733,-0.625,-0.864,-0.933,-0.371,-0.236,0.118,-0.854,-0.44,-0.471,0.35,-0.646,-0.757,0.882,-0.921,-0.836,-0.284,-0.675,0.686,-0.761,-0.663,-0.889,-0.332,0.016,-0.54,-0.762,-0.743,-0.769,0.661,-0.632,-0.561,-0.853,-0.408,-0.777,-0.187,-0.668,-0.744,-0.716,0.841,-0.793,-0.73,-0.788,-0.397,-0.769,-0.858,0.104,-0.702,-0.801,-0.121,-0.764,-0.884,-0.491,0.098,-0.938,-0.868,0.44,-0.748,-0.924,-0.402,-0.73
ANDE,0.272,0.565,-0.684,-0.188,-0.615,0.405,0.537,0.672,0.153,0.685,0.591,-0.352,-0.657,0.0,0.59,-0.397,0.498,0.649,0.385,0.76,-0.699,0.4,-0.488,0.673,0.7,0.599,0.447,0.748,0.623,0.227,0.673,0.67,0.289,0.318,0.198,-0.326,0.668,0.783,0.74,0.639,-0.735,0.537,0.756,0.571,0.429,0.725,0.618,0.689,-0.248,0.544,0.723,0.326,0.661,0.445,0.725,0.591,0.412,0.557,0.408,0.742,0.533,0.567,-0.17,-0.562,-0.805,0.198,0.087,0.627,-0.4,0.509,0.307,-0.338,0.57,0.508,0.516,0.678,0.769,0.581,0.443,0.618,0.77,0.488,0.505,0.063,0.678,0.365,0.617,0.615,-0.032,0.66,0.282,0.695,0.783,0.693,0.011,0.483,0.779,-0.364,0.424,0.467,-0.107,-0.343,0.538,0.282,-0.173,0.025,0.74,0.279,0.699,0.375,0.386,0.677,0.743,0.694,-0.551,0.221,0.042,0.687,0.636,0.468,0.322,0.398,0.675,-0.051,0.361,-0.689,0.643,0.501,-0.137,0.76,0.143,-0.299,0.703,0.583,0.461,-0.314,0.358,0.517,0.438,-0.596,0.658,0.683,0.802,0.688,-0.15,0.056,-0.221,0.607,0.13,0.039,-0.474,0.679,0.526,-0.706,0.637,0.466,0.28,0.388,-0.743,0.717,0.474,0.68,0.197,-0.034,0.139,0.47,0.788,0.585,-0.632,0.719,0.326,0.723,0.649,0.754,0.16,0.633,0.419,0.456,-0.77,0.428,0.546,0.684,0.337,0.687,0.62,-0.041,0.354,0.731,-0.126,0.627,0.587,0.601,-0.08,0.761,0.689,-0.067,0.767,0.577,-0.075,0.469
APLS,0.289,0.906,-0.544,-0.314,-0.74,0.692,0.9,0.929,0.294,0.833,0.254,-0.503,-0.915,0.59,0.0,-0.029,0.814,0.936,0.867,0.861,-0.768,0.485,-0.434,0.495,0.897,0.649,0.866,0.837,0.933,0.614,0.892,0.842,0.5,0.453,0.102,-0.137,0.726,0.782,0.87,0.831,-0.412,0.843,0.931,0.762,0.671,0.761,0.755,0.501,-0.286,0.899,0.879,0.637,0.914,0.55,0.841,0.883,0.624,0.376,0.674,0.779,0.837,0.773,0.026,-0.771,-0.768,0.678,-0.33,0.561,-0.522,0.693,0.771,-0.17,0.643,0.551,0.547,0.73,0.693,0.863,0.574,0.907,0.822,0.625,0.691,0.591,0.928,0.342,0.822,0.791,0.414,0.948,0.23,0.938,0.713,0.793,-0.158,0.732,0.752,-0.415,0.443,0.671,0.256,-0.024,0.583,0.315,-0.045,-0.143,0.754,0.052,0.928,0.635,0.903,0.846,0.699,0.729,-0.217,0.656,0.303,0.881,0.345,0.701,0.309,0.669,0.854,-0.181,0.804,-0.261,0.885,0.841,0.471,0.644,0.518,-0.327,0.937,0.734,0.538,-0.581,-0.092,0.76,0.448,-0.459,0.741,0.623,0.823,0.939,0.328,0.421,-0.011,0.91,0.5,0.508,-0.241,0.639,0.76,-0.895,0.924,0.88,0.414,0.77,-0.688,0.764,0.675,0.916,0.496,-0.047,0.623,0.817,0.727,0.804,-0.662,0.614,0.545,0.861,0.377,0.8,0.284,0.708,0.783,0.763,-0.808,0.868,0.78,0.809,0.231,0.772,0.933,0.055,0.803,0.799,-0.016,0.842,0.914,0.348,-0.073,0.946,0.881,-0.45,0.737,0.917,0.536,0.857
APPF,0.502,-0.079,0.521,0.518,0.497,0.055,-0.04,-0.189,0.515,-0.122,-0.458,-0.287,0.145,-0.397,-0.029,0.0,-0.043,-0.102,0.278,-0.217,0.329,-0.188,-0.127,-0.63,0.055,-0.185,-0.069,-0.353,0.065,0.496,-0.131,-0.224,0.232,0.456,-0.233,0.302,-0.475,-0.472,-0.269,-0.362,0.773,0.008,-0.21,0.029,-0.288,-0.47,-0.417,-0.633,0.107,-0.0,-0.202,0.252,0.011,-0.391,-0.238,-0.106,-0.353,-0.633,-0.31,-0.022,-0.092,0.224,-0.059,-0.169,0.281,0.34,-0.058,-0.524,0.487,0.081,0.483,0.06,-0.491,-0.402,-0.442,-0.287,-0.535,-0.247,-0.233,-0.024,-0.399,-0.267,-0.282,0.341,-0.232,-0.104,-0.308,-0.299,0.261,-0.083,-0.1,0.05,-0.484,-0.348,-0.464,0.326,-0.468,0.074,-0.466,0.39,0.11,0.736,-0.427,-0.014,-0.138,-0.466,-0.333,0.056,-0.081,-0.103,0.024,-0.31,-0.438,-0.578,0.736,0.542,0.245,-0.305,-0.613,-0.235,-0.445,0.22,-0.307,-0.517,0.129,0.729,-0.166,0.117,0.165,-0.524,-0.053,0.377,-0.248,0.13,0.305,-0.203,-0.425,-0.278,0.083,0.745,-0.387,-0.5,-0.378,-0.146,0.54,0.086,-0.107,0.031,0.595,0.521,0.551,-0.551,0.069,0.298,0.041,0.191,0.57,0.13,0.224,-0.445,-0.125,-0.262,0.143,0.444,-0.131,-0.194,-0.456,-0.297,0.341,-0.574,-0.312,-0.319,-0.596,-0.345,-0.258,-0.335,-0.196,-0.093,0.482,0.075,-0.088,-0.113,-0.457,-0.403,-0.082,0.023,0.087,-0.396,0.147,0.049,-0.07,-0.54,-0.456,-0.123,-0.096,-0.334,-0.483,0.026,0.214,0.123
ASML,0.358,0.888,-0.285,-0.465,-0.714,0.496,0.942,0.875,0.457,0.874,0.194,-0.185,-0.74,0.498,0.814,-0.043,0.0,0.858,0.879,0.889,-0.833,0.576,-0.089,0.647,0.816,0.74,0.82,0.844,0.686,0.682,0.84,0.844,0.593,0.4,0.536,0.105,0.792,0.78,0.869,0.911,-0.266,0.616,0.852,0.873,0.8,0.83,0.841,0.615,0.125,0.668,0.813,0.502,0.8,0.752,0.908,0.963,0.794,0.576,0.853,0.816,0.886,0.571,0.4,-0.576,-0.557,0.772,-0.169,0.707,-0.444,0.786,0.558,-0.06,0.796,0.353,0.705,0.82,0.716,0.9,0.519,0.936,0.826,0.835,0.869,0.654,0.762,0.53,0.736,0.923,0.679,0.83,0.352,0.813,0.747,0.802,0.092,0.537,0.796,-0.055,0.732,0.698,0.644,0.035,0.816,0.55,0.401,0.151,0.877,0.016,0.869,0.772,0.851,0.806,0.847,0.738,-0.101,0.682,0.047,0.911,0.496,0.897,0.538,0.515,0.901,0.081,0.923,-0.191,0.937,0.512,0.512,0.725,0.66,-0.64,0.871,0.692,0.328,-0.211,-0.01,0.796,0.563,-0.541,0.735,0.711,0.828,0.837,0.154,0.569,0.386,0.835,0.304,0.268,-0.186,0.754,0.547,-0.723,0.742,0.651,0.433,0.87,-0.393,0.835,0.665,0.816,0.779,0.054,0.754,0.935,0.723,0.887,-0.409,0.691,0.818,0.845,0.496,0.855,0.646,0.774,0.794,0.961,-0.774,0.906,0.917,0.845,0.381,0.845,0.946,0.474,0.799,0.891,-0.198,0.741,0.864,0.344,0.291,0.818,0.887,-0.101,0.77,0.74,0.646,0.825
ATRC,0.301,0.888,-0.587,-0.445,-0.821,0.593,0.915,0.95,0.273,0.898,0.28,-0.407,-0.914,0.649,0.936,-0.102,0.858,0.0,0.841,0.898,-0.822,0.477,-0.408,0.62,0.882,0.659,0.868,0.883,0.883,0.633,0.921,0.902,0.52,0.363,0.201,-0.165,0.811,0.856,0.923,0.89,-0.482,0.872,0.955,0.812,0.768,0.841,0.828,0.625,-0.17,0.896,0.883,0.612,0.887,0.656,0.89,0.91,0.712,0.521,0.713,0.82,0.898,0.703,0.084,-0.754,-0.798,0.682,-0.289,0.675,-0.622,0.7,0.66,-0.185,0.773,0.581,0.648,0.806,0.795,0.903,0.707,0.927,0.893,0.712,0.758,0.598,0.943,0.363,0.869,0.855,0.419,0.955,0.295,0.919,0.806,0.878,-0.046,0.629,0.839,-0.36,0.557,0.636,0.348,-0.103,0.67,0.364,0.061,-0.062,0.822,0.03,0.93,0.69,0.881,0.892,0.796,0.803,-0.296,0.619,0.244,0.942,0.436,0.796,0.357,0.603,0.888,-0.088,0.829,-0.373,0.922,0.783,0.43,0.745,0.539,-0.449,0.957,0.697,0.422,-0.51,-0.023,0.768,0.428,-0.568,0.822,0.724,0.877,0.943,0.283,0.376,0.05,0.912,0.358,0.475,-0.27,0.751,0.673,-0.924,0.883,0.82,0.394,0.804,-0.673,0.852,0.763,0.931,0.537,-0.085,0.643,0.877,0.811,0.866,-0.68,0.731,0.662,0.92,0.508,0.881,0.395,0.757,0.83,0.836,-0.886,0.894,0.823,0.875,0.333,0.862,0.945,0.117,0.787,0.875,-0.064,0.823,0.935,0.451,0.029,0.955,0.919,-0.338,0.827,0.926,0.518,0.857
AVGO,0.443,0.861,-0.22,-0.251,-0.536,0.574,0.92,0.818,0.522,0.828,0.051,-0.387,-0.785,0.385,0.867,0.278,0.879,0.841,0.0,0.809,-0.645,0.416,-0.352,0.343,0.859,0.575,0.849,0.726,0.81,0.776,0.852,0.774,0.57,0.573,0.265,0.103,0.589,0.613,0.764,0.734,-0.036,0.709,0.813,0.848,0.653,0.626,0.641,0.336,-0.038,0.75,0.775,0.595,0.872,0.494,0.795,0.882,0.624,0.264,0.656,0.761,0.855,0.777,0.189,-0.742,-0.548,0.91,-0.245,0.466,-0.311,0.775,0.818,-0.049,0.552,0.312,0.509,0.692,0.526,0.818,0.436,0.901,0.682,0.663,0.703,0.799,0.765,0.355,0.684,0.764,0.682,0.863,0.272,0.865,0.566,0.678,-0.194,0.755,0.615,-0.221,0.405,0.827,0.54,0.267,0.545,0.417,0.175,-0.115,0.694,0.06,0.837,0.745,0.881,0.711,0.616,0.532,0.149,0.831,0.246,0.778,0.211,0.737,0.226,0.653,0.746,-0.208,0.933,0.018,0.852,0.734,0.495,0.505,0.621,-0.346,0.8,0.675,0.505,-0.435,-0.173,0.66,0.527,-0.248,0.623,0.499,0.695,0.852,0.439,0.543,0.137,0.848,0.608,0.521,0.071,0.489,0.664,-0.67,0.824,0.852,0.59,0.88,-0.433,0.634,0.663,0.783,0.724,0.115,0.636,0.813,0.573,0.753,-0.383,0.447,0.589,0.726,0.243,0.686,0.399,0.644,0.756,0.823,-0.612,0.917,0.854,0.813,0.165,0.65,0.883,0.283,0.799,0.696,-0.09,0.821,0.856,0.255,-0.043,0.827,0.868,-0.384,0.589,0.821,0.677,0.894
AVT,0.34,0.869,-0.506,-0.459,-0.776,0.617,0.937,0.939,0.317,0.959,0.303,-0.258,-0.837,0.76,0.861,-0.217,0.889,0.898,0.809,0.0,-0.866,0.517,-0.329,0.766,0.889,0.714,0.818,0.962,0.786,0.568,0.948,0.926,0.553,0.471,0.417,-0.127,0.88,0.925,0.945,0.912,-0.511,0.672,0.945,0.896,0.786,0.918,0.847,0.759,-0.031,0.72,0.914,0.491,0.896,0.726,0.949,0.948,0.782,0.674,0.789,0.87,0.908,0.75,0.171,-0.654,-0.808,0.655,-0.005,0.819,-0.508,0.83,0.572,-0.073,0.826,0.447,0.779,0.911,0.874,0.903,0.515,0.912,0.949,0.837,0.869,0.549,0.879,0.466,0.859,0.933,0.484,0.921,0.48,0.894,0.913,0.896,0.064,0.644,0.936,-0.231,0.658,0.72,0.375,-0.093,0.825,0.526,0.222,0.108,0.936,0.067,0.885,0.789,0.766,0.848,0.888,0.847,-0.271,0.59,0.032,0.946,0.671,0.857,0.449,0.653,0.927,0.01,0.806,-0.47,0.961,0.637,0.267,0.881,0.634,-0.464,0.94,0.685,0.456,-0.329,0.227,0.73,0.577,-0.668,0.864,0.845,0.949,0.939,0.018,0.459,0.096,0.853,0.275,0.183,-0.22,0.834,0.643,-0.834,0.811,0.733,0.439,0.83,-0.693,0.918,0.787,0.94,0.668,-0.098,0.585,0.876,0.907,0.922,-0.642,0.833,0.682,0.938,0.686,0.945,0.549,0.857,0.792,0.839,-0.892,0.852,0.911,0.948,0.385,0.91,0.928,0.276,0.758,0.938,-0.218,0.885,0.882,0.579,0.142,0.937,0.968,-0.176,0.916,0.787,0.418,0.841
AXDX,-0.313,-0.731,0.476,0.492,0.824,-0.604,-0.822,-0.849,-0.282,-0.784,-0.269,0.307,0.701,-0.699,-0.768,0.329,-0.833,-0.822,-0.645,-0.866,0.0,-0.453,0.143,-0.737,-0.774,-0.685,-0.629,-0.82,-0.669,-0.533,-0.791,-0.786,-0.63,-0.35,-0.346,0.294,-0.816,-0.837,-0.877,-0.906,0.606,-0.656,-0.838,-0.756,-0.674,-0.856,-0.806,-0.694,0.009,-0.715,-0.736,-0.351,-0.709,-0.683,-0.818,-0.866,-0.686,-0.631,-0.697,-0.816,-0.742,-0.548,-0.167,0.547,0.786,-0.424,0.151,-0.77,0.521,-0.646,-0.415,0.094,-0.789,-0.407,-0.637,-0.75,-0.768,-0.785,-0.607,-0.809,-0.865,-0.719,-0.739,-0.317,-0.777,-0.408,-0.764,-0.816,-0.325,-0.808,-0.41,-0.793,-0.82,-0.794,-0.013,-0.512,-0.843,0.119,-0.685,-0.567,-0.28,0.175,-0.801,-0.607,-0.177,-0.024,-0.846,0.091,-0.818,-0.599,-0.659,-0.758,-0.818,-0.801,0.381,-0.497,0.125,-0.904,-0.561,-0.764,-0.397,-0.516,-0.907,-0.032,-0.694,0.436,-0.878,-0.503,-0.31,-0.79,-0.484,0.539,-0.867,-0.659,-0.249,0.257,-0.144,-0.718,-0.334,0.724,-0.722,-0.744,-0.829,-0.777,0.137,-0.458,-0.148,-0.804,-0.059,-0.145,0.373,-0.816,-0.447,0.835,-0.722,-0.545,-0.372,-0.68,0.657,-0.846,-0.648,-0.818,-0.59,0.08,-0.516,-0.787,-0.794,-0.82,0.595,-0.791,-0.655,-0.864,-0.596,-0.873,-0.52,-0.782,-0.711,-0.782,0.87,-0.76,-0.744,-0.785,-0.281,-0.845,-0.882,-0.292,-0.585,-0.884,0.313,-0.699,-0.736,-0.337,-0.18,-0.823,-0.804,0.067,-0.832,-0.72,-0.362,-0.758
AXSM,0.079,0.629,-0.273,-0.045,-0.47,0.211,0.458,0.552,0.155,0.476,0.551,-0.184,-0.455,0.4,0.485,-0.188,0.576,0.477,0.416,0.517,-0.453,0.0,0.009,0.454,0.524,0.697,0.466,0.535,0.353,0.219,0.377,0.492,0.087,0.245,0.364,0.375,0.48,0.519,0.548,0.561,-0.266,0.315,0.527,0.367,0.414,0.559,0.638,0.466,-0.073,0.31,0.592,0.445,0.462,0.495,0.638,0.557,0.363,0.331,0.544,0.604,0.443,0.235,0.156,-0.182,-0.246,0.334,-0.113,0.344,-0.373,0.414,0.201,-0.4,0.414,0.254,0.328,0.442,0.461,0.518,0.22,0.568,0.515,0.437,0.494,0.211,0.401,0.65,0.356,0.602,0.502,0.447,-0.077,0.453,0.456,0.473,0.225,0.232,0.502,-0.12,0.584,0.326,0.431,-0.224,0.532,0.065,0.195,0.237,0.569,0.319,0.594,0.255,0.51,0.635,0.619,0.535,-0.415,0.253,0.391,0.554,0.45,0.43,0.594,0.056,0.558,0.286,0.398,-0.192,0.496,0.197,0.146,0.441,0.231,-0.6,0.515,0.581,0.275,-0.009,-0.038,0.682,0.566,-0.364,0.4,0.394,0.559,0.506,0.026,0.152,0.203,0.464,0.281,0.042,-0.517,0.523,0.354,-0.44,0.433,0.248,0.119,0.339,-0.142,0.598,0.227,0.421,0.186,0.166,0.635,0.503,0.416,0.462,-0.309,0.436,0.535,0.497,0.306,0.52,0.274,0.513,0.317,0.585,-0.516,0.353,0.506,0.437,0.56,0.558,0.534,0.166,0.593,0.615,0.222,0.3,0.625,0.158,0.312,0.472,0.44,-0.007,0.466,0.383,0.139,0.292
AZN,-0.3,-0.25,0.512,-0.192,0.172,-0.202,-0.229,-0.335,-0.093,-0.346,-0.383,0.628,0.564,-0.488,-0.434,-0.127,-0.089,-0.408,-0.352,-0.329,0.143,0.009,0.0,0.067,-0.513,-0.108,-0.345,-0.3,-0.624,-0.271,-0.43,-0.332,-0.012,-0.309,0.477,0.349,-0.08,-0.265,-0.361,-0.114,0.271,-0.595,-0.445,-0.299,0.033,-0.124,-0.059,-0.019,0.558,-0.505,-0.431,-0.301,-0.55,0.184,-0.291,-0.168,0.07,0.138,0.162,-0.386,-0.27,-0.597,0.665,0.723,0.571,-0.304,0.191,0.006,0.253,-0.141,-0.516,0.393,0.004,-0.422,0.014,-0.201,-0.24,-0.227,-0.253,-0.343,-0.293,0.037,-0.011,-0.168,-0.474,0.149,-0.282,-0.151,0.223,-0.486,0.079,-0.55,-0.201,-0.285,0.417,-0.611,-0.218,0.721,0.311,-0.371,0.303,0.053,0.168,0.255,0.599,0.545,-0.172,-0.369,-0.39,-0.113,-0.235,-0.33,-0.128,-0.114,0.129,-0.236,-0.473,-0.231,0.13,0.024,0.265,-0.318,-0.164,0.553,-0.18,0.287,-0.219,-0.728,0.184,-0.134,0.166,-0.165,-0.352,-0.277,-0.553,0.728,0.161,-0.096,-0.281,0.05,-0.218,-0.059,-0.309,-0.451,-0.502,0.307,0.698,-0.369,-0.494,-0.387,0.002,-0.01,-0.452,0.428,-0.574,-0.602,-0.389,-0.162,0.577,-0.134,-0.317,-0.39,0.135,-0.203,0.232,-0.067,-0.26,-0.124,0.404,-0.062,0.085,-0.287,0.01,-0.227,0.379,-0.183,-0.17,-0.045,0.301,-0.277,-0.19,-0.389,0.082,-0.149,-0.278,0.475,-0.2,-0.157,-0.29,-0.468,-0.36,-0.341,0.715,-0.522,-0.392,0.529,-0.209,-0.572,0.163,-0.291
BANR,-0.082,0.558,-0.511,-0.71,-0.764,0.335,0.632,0.71,-0.032,0.726,0.332,0.233,-0.525,0.673,0.495,-0.63,0.647,0.62,0.343,0.766,-0.737,0.454,0.067,0.0,0.455,0.562,0.536,0.841,0.35,0.135,0.666,0.77,0.334,0.016,0.6,-0.22,0.916,0.902,0.779,0.825,-0.712,0.333,0.678,0.592,0.801,0.918,0.851,0.984,0.169,0.388,0.676,0.21,0.481,0.875,0.742,0.712,0.813,0.965,0.799,0.556,0.688,0.258,0.419,-0.154,-0.594,0.235,0.197,0.947,-0.607,0.602,0.003,0.044,0.92,0.445,0.874,0.853,0.928,0.733,0.479,0.582,0.866,0.812,0.817,0.238,0.651,0.494,0.75,0.818,0.26,0.59,0.561,0.467,0.935,0.824,0.54,0.119,0.92,-0.008,0.84,0.243,0.331,-0.458,0.915,0.539,0.448,0.525,0.846,-0.123,0.566,0.631,0.461,0.696,0.873,0.908,-0.536,0.105,-0.28,0.796,0.914,0.809,0.639,0.32,0.783,0.419,0.464,-0.701,0.743,0.19,0.115,0.957,0.557,-0.526,0.73,0.338,-0.013,0.1,0.575,0.56,0.315,-0.871,0.85,0.943,0.831,0.647,-0.396,0.303,0.316,0.519,-0.311,-0.228,-0.387,0.953,0.318,-0.662,0.397,0.265,-0.054,0.555,-0.47,0.91,0.646,0.731,0.478,-0.314,0.53,0.74,0.893,0.834,-0.604,0.973,0.71,0.826,0.937,0.867,0.711,0.729,0.642,0.647,-0.81,0.518,0.676,0.709,0.632,0.891,0.638,0.339,0.486,0.861,-0.276,0.514,0.59,0.678,0.571,0.617,0.671,0.245,0.926,0.41,0.197,0.475
BBIO,0.543,0.875,-0.444,-0.1,-0.642,0.652,0.866,0.865,0.459,0.853,0.321,-0.607,-0.846,0.7,0.897,0.055,0.816,0.882,0.859,0.889,-0.774,0.524,-0.513,0.455,0.0,0.741,0.749,0.803,0.888,0.677,0.868,0.79,0.544,0.652,0.156,-0.068,0.637,0.733,0.841,0.764,-0.352,0.756,0.902,0.823,0.548,0.709,0.658,0.454,-0.223,0.781,0.848,0.558,0.933,0.446,0.87,0.858,0.506,0.316,0.558,0.922,0.788,0.85,-0.1,-0.833,-0.786,0.673,-0.188,0.522,-0.343,0.734,0.785,-0.238,0.553,0.369,0.48,0.692,0.636,0.76,0.452,0.905,0.78,0.602,0.649,0.491,0.811,0.385,0.692,0.769,0.434,0.904,0.236,0.965,0.685,0.722,-0.276,0.822,0.731,-0.344,0.406,0.819,0.248,0.085,0.561,0.339,-0.055,-0.221,0.775,0.26,0.917,0.612,0.76,0.774,0.705,0.629,-0.17,0.713,0.294,0.825,0.359,0.63,0.241,0.656,0.814,-0.262,0.774,-0.233,0.858,0.76,0.261,0.626,0.433,-0.357,0.868,0.834,0.691,-0.544,-0.085,0.718,0.608,-0.397,0.651,0.563,0.798,0.893,0.268,0.38,-0.115,0.879,0.598,0.398,-0.214,0.581,0.659,-0.787,0.9,0.814,0.651,0.734,-0.697,0.722,0.62,0.824,0.531,0.105,0.468,0.712,0.706,0.719,-0.513,0.557,0.466,0.792,0.352,0.791,0.234,0.736,0.64,0.75,-0.759,0.81,0.798,0.847,0.167,0.714,0.896,0.105,0.735,0.785,-0.077,0.866,0.866,0.324,-0.199,0.928,0.891,-0.411,0.693,0.846,0.367,0.817
BCYC,0.309,0.757,-0.427,-0.115,-0.61,0.338,0.654,0.684,0.346,0.63,0.45,-0.297,-0.614,0.599,0.649,-0.185,0.74,0.659,0.575,0.714,-0.685,0.697,-0.108,0.562,0.741,0.0,0.563,0.679,0.548,0.333,0.606,0.609,0.366,0.354,0.434,0.151,0.597,0.66,0.711,0.736,-0.414,0.455,0.715,0.603,0.508,0.701,0.709,0.535,-0.131,0.495,0.703,0.388,0.66,0.542,0.812,0.722,0.531,0.448,0.635,0.726,0.583,0.41,0.164,-0.485,-0.5,0.408,-0.177,0.517,-0.336,0.508,0.367,-0.317,0.589,0.326,0.494,0.629,0.597,0.648,0.39,0.758,0.668,0.572,0.611,0.202,0.572,0.628,0.47,0.73,0.394,0.6,0.053,0.66,0.618,0.589,0.064,0.457,0.661,-0.086,0.635,0.478,0.305,-0.218,0.642,0.273,0.141,0.137,0.746,0.265,0.759,0.445,0.619,0.729,0.768,0.656,-0.378,0.384,0.212,0.725,0.476,0.591,0.583,0.27,0.752,0.09,0.605,-0.257,0.709,0.358,0.233,0.616,0.309,-0.64,0.716,0.786,0.408,-0.209,-0.066,0.794,0.595,-0.467,0.519,0.55,0.709,0.651,0.026,0.335,0.208,0.657,0.295,0.13,-0.526,0.627,0.446,-0.595,0.645,0.402,0.275,0.542,-0.414,0.701,0.301,0.591,0.425,0.081,0.524,0.644,0.608,0.634,-0.255,0.568,0.596,0.65,0.395,0.699,0.326,0.732,0.473,0.753,-0.703,0.586,0.663,0.591,0.39,0.666,0.746,0.233,0.557,0.763,-0.053,0.516,0.666,0.221,0.204,0.667,0.641,-0.014,0.617,0.541,0.304,0.501
BHFAP,0.153,0.854,-0.514,-0.441,-0.713,0.401,0.883,0.882,0.245,0.823,0.245,-0.241,-0.883,0.447,0.866,-0.069,0.82,0.868,0.849,0.818,-0.629,0.466,-0.345,0.536,0.749,0.563,0.0,0.831,0.788,0.516,0.844,0.846,0.316,0.228,0.253,0.052,0.752,0.761,0.835,0.805,-0.328,0.733,0.867,0.727,0.764,0.773,0.789,0.566,-0.161,0.757,0.88,0.606,0.87,0.643,0.831,0.847,0.765,0.482,0.773,0.647,0.87,0.599,0.196,-0.657,-0.599,0.761,-0.295,0.597,-0.619,0.618,0.575,-0.177,0.72,0.622,0.666,0.782,0.732,0.904,0.598,0.889,0.807,0.702,0.759,0.724,0.877,0.418,0.788,0.846,0.532,0.86,0.21,0.801,0.703,0.807,0.098,0.567,0.74,-0.42,0.511,0.561,0.469,-0.078,0.619,0.218,0.181,0.061,0.762,0.066,0.82,0.706,0.902,0.859,0.739,0.727,-0.147,0.551,0.358,0.852,0.399,0.787,0.489,0.494,0.778,-0.04,0.827,-0.317,0.846,0.713,0.501,0.665,0.595,-0.479,0.862,0.589,0.319,-0.461,-0.071,0.696,0.489,-0.49,0.753,0.653,0.822,0.896,0.385,0.34,0.132,0.805,0.37,0.432,-0.188,0.672,0.659,-0.767,0.815,0.769,0.241,0.799,-0.477,0.765,0.704,0.871,0.518,-0.06,0.726,0.878,0.699,0.825,-0.549,0.633,0.71,0.833,0.426,0.771,0.431,0.646,0.829,0.798,-0.766,0.852,0.799,0.798,0.447,0.789,0.851,0.097,0.811,0.795,0.087,0.733,0.878,0.513,0.15,0.849,0.864,-0.366,0.73,0.84,0.592,0.752
BKR,0.18,0.841,-0.584,-0.569,-0.808,0.563,0.892,0.929,0.17,0.951,0.356,-0.147,-0.836,0.748,0.837,-0.353,0.844,0.883,0.726,0.962,-0.82,0.535,-0.3,0.841,0.803,0.679,0.831,0.0,0.744,0.465,0.928,0.959,0.456,0.314,0.421,-0.158,0.931,0.972,0.955,0.922,-0.605,0.654,0.937,0.84,0.844,0.952,0.893,0.85,-0.033,0.694,0.922,0.459,0.844,0.797,0.94,0.915,0.822,0.772,0.832,0.79,0.92,0.651,0.212,-0.582,-0.787,0.596,0.009,0.872,-0.608,0.777,0.462,-0.067,0.889,0.547,0.853,0.944,0.943,0.925,0.552,0.872,0.973,0.857,0.901,0.535,0.904,0.467,0.897,0.949,0.423,0.902,0.473,0.826,0.953,0.954,0.208,0.533,0.974,-0.26,0.7,0.584,0.386,-0.245,0.847,0.466,0.264,0.231,0.94,0.044,0.845,0.771,0.757,0.881,0.915,0.919,-0.373,0.465,0.038,0.95,0.74,0.873,0.532,0.59,0.914,0.103,0.756,-0.582,0.93,0.614,0.279,0.928,0.623,-0.493,0.943,0.588,0.353,-0.28,0.291,0.726,0.549,-0.767,0.931,0.905,0.969,0.931,-0.002,0.366,0.133,0.809,0.148,0.12,-0.27,0.896,0.631,-0.856,0.769,0.68,0.262,0.789,-0.66,0.956,0.802,0.956,0.594,-0.185,0.626,0.892,0.945,0.945,-0.713,0.898,0.736,0.968,0.77,0.966,0.587,0.837,0.813,0.807,-0.914,0.811,0.88,0.933,0.495,0.956,0.891,0.251,0.759,0.954,-0.141,0.834,0.873,0.692,0.247,0.911,0.937,-0.141,0.965,0.759,0.387,0.771
BLDP,0.368,0.818,-0.555,-0.166,-0.637,0.654,0.797,0.844,0.288,0.77,0.256,-0.631,-0.891,0.623,0.933,0.065,0.686,0.883,0.81,0.786,-0.669,0.353,-0.624,0.35,0.888,0.548,0.788,0.744,0.0,0.61,0.836,0.762,0.472,0.483,-0.072,-0.196,0.594,0.683,0.788,0.691,-0.378,0.863,0.876,0.709,0.531,0.628,0.584,0.366,-0.356,0.899,0.813,0.635,0.912,0.364,0.744,0.754,0.448,0.234,0.479,0.74,0.748,0.801,-0.206,-0.848,-0.797,0.635,-0.32,0.434,-0.423,0.593,0.824,-0.219,0.494,0.581,0.427,0.621,0.606,0.739,0.512,0.836,0.728,0.463,0.521,0.512,0.886,0.161,0.772,0.642,0.244,0.913,0.175,0.934,0.612,0.714,-0.319,0.763,0.652,-0.555,0.221,0.68,0.083,0.001,0.395,0.208,-0.235,-0.325,0.633,0.127,0.881,0.526,0.774,0.75,0.58,0.592,-0.16,0.648,0.375,0.766,0.221,0.547,0.145,0.679,0.739,-0.306,0.706,-0.252,0.771,0.893,0.407,0.541,0.367,-0.171,0.851,0.688,0.649,-0.715,-0.161,0.643,0.43,-0.343,0.668,0.507,0.737,0.868,0.432,0.275,-0.215,0.864,0.581,0.619,-0.183,0.51,0.796,-0.836,0.914,0.915,0.485,0.669,-0.754,0.639,0.605,0.845,0.377,-0.007,0.409,0.68,0.658,0.653,-0.639,0.492,0.363,0.762,0.262,0.713,0.1,0.594,0.644,0.61,-0.721,0.783,0.667,0.751,0.066,0.653,0.837,-0.116,0.688,0.676,0.047,0.842,0.849,0.34,-0.287,0.923,0.827,-0.516,0.636,0.92,0.427,0.815
BLFS,0.679,0.529,0.068,-0.117,-0.304,0.576,0.685,0.555,0.538,0.651,-0.159,-0.393,-0.462,0.227,0.614,0.496,0.682,0.633,0.776,0.568,-0.533,0.219,-0.271,0.135,0.677,0.333,0.516,0.465,0.61,0.0,0.609,0.554,0.743,0.646,0.092,-0.045,0.333,0.361,0.543,0.465,0.129,0.574,0.537,0.754,0.405,0.349,0.338,0.111,0.194,0.573,0.458,0.479,0.597,0.285,0.506,0.646,0.332,0.093,0.365,0.67,0.653,0.653,0.133,-0.593,-0.447,0.699,-0.079,0.283,-0.116,0.664,0.734,0.069,0.335,-0.008,0.264,0.448,0.258,0.492,0.34,0.66,0.43,0.473,0.494,0.69,0.492,0.184,0.454,0.496,0.523,0.66,0.369,0.718,0.333,0.468,-0.341,0.639,0.371,-0.019,0.196,0.786,0.427,0.477,0.352,0.493,0.135,-0.312,0.452,-0.093,0.578,0.515,0.579,0.374,0.336,0.227,0.303,0.88,0.082,0.53,0.009,0.516,-0.045,0.647,0.508,-0.375,0.737,0.15,0.609,0.526,0.438,0.271,0.434,-0.149,0.531,0.546,0.437,-0.39,-0.169,0.319,0.379,-0.088,0.364,0.265,0.403,0.561,0.383,0.386,0.082,0.672,0.488,0.504,0.273,0.265,0.385,-0.477,0.608,0.641,0.786,0.707,-0.346,0.372,0.582,0.531,0.667,0.222,0.368,0.557,0.341,0.501,-0.318,0.232,0.374,0.503,0.084,0.501,0.33,0.399,0.518,0.585,-0.349,0.758,0.607,0.656,-0.123,0.444,0.671,0.358,0.686,0.433,-0.124,0.68,0.608,-0.006,-0.199,0.596,0.643,-0.352,0.357,0.642,0.471,0.762
BLKB,0.302,0.845,-0.516,-0.494,-0.749,0.642,0.939,0.924,0.285,0.951,0.21,-0.285,-0.868,0.673,0.892,-0.131,0.84,0.921,0.852,0.948,-0.791,0.377,-0.43,0.666,0.868,0.606,0.844,0.928,0.836,0.609,0.0,0.933,0.567,0.45,0.286,-0.227,0.838,0.879,0.921,0.867,-0.46,0.754,0.939,0.883,0.791,0.851,0.793,0.667,-0.084,0.802,0.883,0.48,0.894,0.67,0.893,0.92,0.771,0.595,0.738,0.791,0.935,0.79,0.144,-0.72,-0.813,0.715,-0.079,0.764,-0.529,0.803,0.652,-0.012,0.783,0.481,0.758,0.892,0.829,0.905,0.574,0.889,0.907,0.804,0.838,0.655,0.927,0.34,0.892,0.879,0.443,0.954,0.491,0.894,0.861,0.895,-0.003,0.69,0.882,-0.297,0.548,0.71,0.354,-0.03,0.716,0.485,0.155,0.025,0.867,0.018,0.859,0.834,0.817,0.822,0.797,0.806,-0.167,0.626,0.075,0.914,0.534,0.843,0.301,0.705,0.868,-0.09,0.833,-0.423,0.943,0.762,0.331,0.808,0.66,-0.339,0.934,0.6,0.42,-0.419,0.165,0.666,0.506,-0.606,0.869,0.798,0.894,0.953,0.183,0.437,0.028,0.856,0.31,0.314,-0.078,0.751,0.679,-0.856,0.846,0.83,0.431,0.865,-0.692,0.851,0.844,0.959,0.661,-0.131,0.559,0.866,0.876,0.905,-0.649,0.764,0.636,0.926,0.616,0.893,0.499,0.796,0.86,0.787,-0.845,0.885,0.889,0.948,0.311,0.862,0.911,0.197,0.752,0.865,-0.191,0.914,0.881,0.596,0.031,0.945,0.967,-0.304,0.872,0.854,0.467,0.882
