,ABAT,ACLS,ACMR,ADMA,ADUS,ADVM,AEIS,AGNCM,AHCO,ALGT,ALLO,AMSF,ANAB,ANDE,APLS,APPF,ASML,ATRC,AVGO,AVT,AXDX,AXSM,AZN,BANR,BBIO,BCYC,BHFAP,BKR,BLDP,BLFS,BLKB,BLMN,BNTX,BPMC,CALM,CAMT,CASH,CATY,CCEP,CDLX,CDNS,CENN,CENX,CGC,CHDN,CLBK,COKE,COLB,COO,CORT,CRMT,CRNX,CRTO,CRVL,CSCO,CSQ,CSWI,CVBF,CWST,CYCC,CZR,DLTR,DORM,ENTA,EQIX,ERIC,EVRG,EWBC,EXAS,EXLS,EXPI,EYE,FBNC,FBRX,FCNCA,FELE,FIBK,FLEX,FRGT,FRHC,FRME,FWONA,FWONK,GDEN,GIII,GILD,GLNG,GNTX,GOOGL,GRPN,HCSG,HIMX,HOPE,HST,HTLD,HUT,HWC,ICUI,IESC,INTC,INTU,IOVA,IPAR,IPGP,ISRG,JBSS,KALU,KPRX,KRNT,LAUR,LBRDA,LBTYK,LECO,LILAK,LITE,MANH,MDXG,MFIC,MGEE,MIDD,MLAB,MMSI,MNKD,MOMO,MRVL,NICE,NMFC,NUWE,NVCR,NWBI,OFIX,OFLX,OMCL,OPK,ORKA,ORLY,OTTR,PDD,PNTG,POOL,POWL,PPBI,PPC,PRAA,PRPL,PZZA,QTRX,QURE,RDFN,RDHL,REAL,REG,REYN,RGLD,RIOT,RUN,RYTM,SAIA,SBAC,SBRA,SCVL,SHOO,SLAB,SLDB,SMCI,SMTC,SRCE,SSP,SSRM,STBA,STRO,SVC,SYBT,TCBI,TCOM,TENX,TH,TMUS,TNDM,TTD,TTMI,UAL,ULH,ULTA,VCYT,VIRT,VKTX,VOD,VRDN,VREX,VRNT,VSAT,WB,WBD,WDC,WEN,WSFS,XXII,Z,ZBRA
ABAT,0.0,0.204,-0.707,-0.297,-0.654,0.05,-0.667,-0.651,-0.605,-0.262,0.645,-0.47,0.708,-0.619,0.613,-0.427,0.58,0.742,-0.644,-0.653,0.408,0.393,0.362,-0.212,0.643,0.646,-0.746,-0.392,0.624,-0.145,-0.768,-0.58,0.474,0.586,-0.284,-0.679,-0.357,-0.215,-0.417,0.366,-0.644,0.712,-0.625,-0.178,-0.596,0.653,-0.52,-0.29,-0.395,0.678,-0.127,-0.221,-0.573,-0.254,-0.452,-0.6,-0.412,-0.329,-0.581,-0.544,0.069,0.177,-0.772,0.627,-0.688,-0.432,0.549,-0.479,0.552,-0.579,-0.634,-0.606,0.368,-0.347,-0.533,-0.533,-0.283,-0.746,0.637,-0.216,-0.177,-0.531,-0.477,-0.458,0.385,0.77,-0.564,-0.579,0.475,-0.364,0.238,-0.407,-0.203,-0.254,0.34,-0.099,-0.402,0.436,-0.446,0.59,-0.63,0.024,0.118,0.454,-0.466,-0.452,0.256,0.409,-0.486,-0.721,-0.666,0.375,-0.528,-0.494,-0.686,0.106,-0.658,-0.291,-0.064,-0.554,-0.714,0.026,0.245,-0.473,-0.119,-0.623,-0.411,-0.278,-0.756,-0.405,-0.411,-0.603,-0.433,-0.189,0.188,-0.678,-0.434,-0.603,-0.69,-0.698,-0.161,-0.529,0.41,-0.487,-0.709,-0.513,-0.68,0.228,-0.618,-0.622,-0.514,-0.187,0.2,-0.405,-0.624,-0.451,0.794,0.387,-0.364,-0.603,0.617,0.36,0.565,0.463,-0.494,-0.679,-0.139,-0.638,0.11,0.619,0.208,-0.442,-0.387,-0.682,-0.336,-0.514,0.317,-0.55,-0.209,-0.55,-0.596,-0.206,-0.525,-0.178,-0.574,0.591,-0.631,0.576,-0.191,0.158,-0.278,-0.359,-0.19,-0.364,0.486,0.095,-0.516,0.527,-0.636,-0.593
ACLS,0.204,0.0,-0.153,0.527,-0.302,-0.094,-0.446,-0.359,-0.642,-0.733,0.229,-0.593,0.293,-0.674,0.172,-0.557,0.178,0.082,-0.372,-0.531,-0.067,-0.188,0.315,-0.555,0.089,0.183,-0.275,-0.608,0.183,-0.072,-0.28,-0.497,0.587,0.048,-0.382,-0.137,-0.665,-0.607,-0.304,0.159,0.074,0.305,-0.474,0.258,-0.559,0.138,-0.705,-0.463,-0.537,0.585,-0.085,-0.615,-0.139,-0.273,-0.227,-0.499,-0.425,-0.537,-0.129,-0.044,-0.455,-0.463,-0.305,0.113,-0.176,0.086,0.658,-0.603,0.642,-0.551,-0.585,-0.467,-0.313,-0.08,-0.202,-0.595,-0.593,-0.297,0.382,-0.532,-0.597,-0.424,-0.41,-0.672,-0.318,0.403,-0.601,-0.27,0.229,-0.626,0.103,0.006,-0.628,-0.565,-0.085,-0.016,-0.599,0.205,-0.529,0.187,-0.01,0.196,-0.425,0.709,0.053,-0.532,-0.396,0.067,-0.312,-0.284,-0.436,0.618,-0.571,0.257,0.062,0.441,-0.485,-0.516,-0.148,-0.731,-0.386,0.095,0.095,-0.574,0.326,-0.612,-0.639,0.548,-0.211,-0.651,-0.703,-0.332,0.112,0.107,0.335,0.107,-0.729,-0.033,-0.408,-0.215,-0.424,-0.594,-0.247,-0.739,-0.112,-0.135,-0.195,0.111,-0.279,-0.447,-0.384,-0.439,0.764,0.041,-0.488,-0.582,0.39,-0.266,0.201,-0.526,0.054,-0.358,0.28,0.132,-0.029,-0.408,-0.584,-0.269,0.429,-0.024,-0.346,-0.641,-0.553,-0.405,-0.304,0.136,-0.031,-0.543,0.241,-0.236,-0.067,-0.679,-0.327,-0.663,0.208,0.46,-0.36,0.217,-0.015,-0.429,0.373,-0.594,-0.117,-0.277,0.686,0.65,-0.567,0.532,-0.504,-0.214
ACMR,-0.707,-0.153,0.0,0.192,0.735,0.101,0.823,0.718,0.703,0.336,-0.711,0.475,-0.802,0.716,-0.689,0.651,-0.522,-0.794,0.845,0.854,-0.444,-0.377,-0.478,0.189,-0.85,-0.769,0.849,0.469,-0.659,0.404,0.891,0.477,-0.405,-0.567,0.274,0.867,0.326,0.126,0.316,-0.43,0.909,-0.858,0.824,0.295,0.678,-0.912,0.585,0.239,0.61,-0.802,0.129,0.197,0.886,0.115,0.706,0.77,0.607,0.276,0.824,0.736,-0.111,-0.119,0.877,-0.74,0.873,0.594,-0.691,0.487,-0.582,0.711,0.724,0.752,-0.594,0.361,0.424,0.632,0.173,0.825,-0.596,0.164,0.076,0.631,0.573,0.462,-0.659,-0.823,0.58,0.67,-0.541,0.372,-0.16,0.708,0.142,0.168,-0.477,0.269,0.327,-0.592,0.415,-0.615,0.926,0.261,-0.252,-0.516,0.656,0.576,-0.334,-0.636,0.699,0.781,0.865,-0.447,0.573,0.515,0.929,0.079,0.801,0.334,-0.064,0.636,0.844,-0.261,-0.199,0.56,0.357,0.746,0.44,0.459,0.917,0.395,0.475,0.744,0.417,0.315,-0.223,0.772,0.442,0.854,0.747,0.922,0.363,0.531,-0.58,0.542,0.892,0.804,0.782,-0.121,0.709,0.647,0.652,0.056,-0.326,0.625,0.873,0.679,-0.858,-0.45,0.502,0.627,-0.788,-0.637,-0.558,-0.575,0.689,0.787,-0.009,0.605,0.058,-0.796,-0.123,0.399,0.367,0.702,0.438,0.669,-0.466,0.631,0.433,0.867,0.761,0.164,0.612,0.078,0.603,-0.566,0.64,-0.618,0.191,-0.057,0.556,0.386,0.233,0.348,-0.493,-0.056,0.471,-0.668,0.713,0.868
ADMA,-0.297,0.527,0.192,0.0,-0.039,0.141,-0.003,-0.017,-0.245,-0.561,0.014,-0.343,-0.053,-0.252,-0.058,-0.178,-0.237,-0.324,0.051,-0.115,-0.067,-0.355,0.269,-0.499,-0.349,-0.122,0.197,-0.499,-0.039,0.03,0.262,-0.26,0.192,-0.168,-0.352,0.124,-0.518,-0.553,-0.249,-0.146,0.336,-0.159,-0.066,0.511,-0.172,-0.19,-0.325,-0.373,-0.248,0.089,-0.348,-0.348,0.107,-0.186,-0.121,-0.2,-0.191,-0.456,0.133,0.407,-0.243,-0.54,0.161,-0.199,0.242,0.094,0.183,-0.356,0.302,-0.245,-0.246,-0.235,-0.516,-0.128,0.043,-0.297,-0.474,0.292,-0.003,-0.495,-0.522,-0.094,-0.092,-0.327,-0.45,-0.081,-0.329,-0.062,-0.128,-0.375,0.142,0.299,-0.451,-0.242,-0.104,-0.011,-0.351,-0.21,-0.322,-0.069,0.329,0.316,-0.382,0.293,0.123,-0.186,-0.571,-0.238,-0.079,0.09,0.016,0.394,-0.385,0.618,0.376,0.27,-0.191,-0.281,-0.356,-0.341,0.072,0.286,0.199,-0.113,0.551,-0.174,-0.354,0.459,0.262,-0.375,-0.401,-0.046,0.306,0.051,0.258,0.491,-0.404,0.373,-0.072,0.103,-0.245,-0.286,-0.438,-0.437,0.285,0.163,0.409,0.158,-0.058,-0.053,-0.147,-0.165,0.506,0.168,-0.112,-0.397,-0.089,-0.496,0.317,-0.162,-0.324,-0.508,-0.156,0.004,0.429,-0.029,-0.554,-0.016,0.252,-0.489,-0.285,-0.357,-0.465,-0.057,-0.26,0.393,-0.048,-0.206,0.53,0.175,0.338,-0.492,-0.071,-0.509,0.524,0.075,0.232,-0.093,-0.095,-0.362,0.403,-0.391,0.236,-0.081,0.365,0.195,-0.315,0.171,-0.125,0.107
ADUS,-0.654,-0.302,0.735,-0.039,0.0,-0.064,0.743,0.776,0.755,0.558,-0.919,0.741,-0.914,0.781,-0.835,0.352,-0.752,-0.828,0.605,0.783,-0.622,-0.462,-0.688,0.514,-0.677,-0.835,0.824,0.624,-0.864,0.144,0.826,0.831,-0.65,-0.727,0.621,0.85,0.662,0.514,0.761,-0.475,0.669,-0.781,0.758,0.084,0.692,-0.753,0.683,0.52,0.519,-0.816,0.45,0.415,0.731,0.473,0.55,0.716,0.512,0.625,0.764,0.405,-0.18,-0.094,0.89,-0.768,0.794,0.467,-0.591,0.72,-0.817,0.753,0.813,0.863,-0.277,0.658,0.812,0.812,0.475,0.743,-0.831,0.294,0.428,0.554,0.524,0.583,-0.264,-0.908,0.828,0.851,-0.658,0.582,-0.396,0.273,0.397,0.399,-0.523,0.334,0.69,-0.327,0.627,-0.804,0.636,-0.318,-0.27,-0.574,0.606,0.626,-0.174,-0.508,0.365,0.91,0.774,-0.518,0.791,0.4,0.701,-0.197,0.9,0.52,0.296,0.729,0.803,-0.041,-0.56,0.456,-0.216,0.597,0.594,0.319,0.856,0.585,0.595,0.892,0.563,0.245,-0.409,0.713,0.617,0.54,0.802,0.824,0.371,0.806,-0.318,0.693,0.82,0.424,0.56,-0.488,0.71,0.771,0.625,0.336,-0.224,0.416,0.76,0.614,-0.895,-0.369,0.449,0.853,-0.648,-0.182,-0.673,-0.665,0.555,0.794,0.394,0.71,-0.229,-0.428,-0.253,0.677,0.681,0.962,0.567,0.531,-0.517,0.721,-0.061,0.452,0.743,0.418,0.665,0.379,0.437,-0.87,0.606,-0.723,0.315,-0.104,0.213,0.627,-0.099,0.41,-0.636,-0.071,0.819,-0.59,0.764,0.613
ADVM,0.05,-0.094,0.101,0.141,-0.064,0.0,0.09,-0.167,-0.003,-0.09,0.247,-0.093,0.092,0.003,0.107,0.193,0.034,0.147,0.103,0.116,0.32,0.151,0.041,-0.263,-0.133,0.001,-0.075,-0.184,0.215,0.56,0.107,-0.246,0.105,0.207,-0.216,-0.112,-0.165,-0.292,-0.423,-0.125,0.102,0.026,0.094,0.218,-0.046,-0.102,-0.041,-0.259,0.139,0.017,-0.387,0.085,0.152,-0.329,0.009,-0.085,0.02,-0.274,0.169,0.27,0.135,-0.026,-0.013,0.104,0.163,-0.167,-0.102,-0.239,0.041,-0.019,-0.115,-0.161,-0.17,0.001,-0.154,-0.149,-0.379,0.1,0.106,-0.335,-0.291,-0.139,-0.126,-0.096,-0.344,0.029,-0.264,-0.278,-0.089,-0.041,0.721,0.278,-0.165,-0.02,-0.02,0.118,-0.236,-0.462,-0.318,0.075,0.139,0.459,-0.111,-0.094,-0.074,-0.024,-0.228,-0.337,0.014,-0.143,0.204,-0.093,-0.201,-0.1,0.034,0.05,0.019,-0.106,-0.293,-0.028,0.107,-0.167,0.195,0.056,0.446,0.042,-0.106,0.11,0.143,-0.137,0.0,-0.082,-0.451,0.086,0.045,0.011,-0.046,0.169,-0.237,0.095,0.403,-0.215,-0.298,-0.115,0.06,0.286,0.068,0.282,-0.089,-0.003,-0.179,-0.252,-0.047,0.235,0.164,0.183,0.045,-0.227,0.089,-0.089,-0.187,-0.321,-0.111,0.214,0.479,-0.127,-0.356,-0.2,0.254,-0.357,0.148,-0.23,-0.351,-0.104,-0.288,0.082,-0.132,-0.019,0.507,0.343,0.006,-0.08,-0.242,-0.201,-0.03,-0.015,0.151,-0.135,-0.149,0.326,0.172,-0.14,0.041,-0.132,0.064,-0.104,-0.241,0.04,0.054,0.087
AEIS,-0.667,-0.446,0.823,-0.003,0.743,0.09,0.0,0.822,0.918,0.684,-0.604,0.749,-0.686,0.911,-0.477,0.807,-0.42,-0.675,0.945,0.922,-0.217,-0.054,-0.419,0.526,-0.673,-0.623,0.808,0.691,-0.507,0.411,0.873,0.567,-0.649,-0.328,0.591,0.717,0.653,0.52,0.414,-0.141,0.616,-0.917,0.953,0.092,0.924,-0.728,0.858,0.549,0.864,-0.925,0.063,0.581,0.748,0.421,0.764,0.905,0.839,0.572,0.821,0.673,0.268,0.265,0.814,-0.465,0.686,0.401,-0.897,0.789,-0.801,0.923,0.893,0.863,-0.156,0.194,0.439,0.796,0.579,0.834,-0.652,0.53,0.492,0.804,0.767,0.797,-0.259,-0.807,0.776,0.635,-0.518,0.739,-0.248,0.548,0.584,0.599,-0.104,0.045,0.681,-0.448,0.722,-0.453,0.691,0.111,0.139,-0.814,0.371,0.842,0.076,-0.337,0.71,0.762,0.944,-0.715,0.766,0.51,0.686,-0.316,0.847,0.591,0.103,0.871,0.892,-0.136,-0.176,0.838,0.195,0.845,0.806,0.038,0.797,0.76,0.816,0.773,0.295,0.01,-0.319,0.501,0.767,0.703,0.841,0.772,0.61,0.804,-0.153,0.795,0.775,0.665,0.75,0.052,0.625,0.875,0.857,0.449,-0.453,0.263,0.881,0.765,-0.838,-0.063,0.166,0.773,-0.582,-0.272,-0.505,-0.353,0.557,0.938,0.417,0.541,-0.39,-0.568,0.219,0.713,0.586,0.754,0.536,0.539,-0.195,0.876,0.112,0.792,0.572,0.595,0.817,0.492,0.538,-0.764,0.873,-0.489,0.11,0.299,0.29,0.702,0.384,0.608,-0.71,-0.439,0.734,-0.896,0.849,0.785
AGNCM,-0.651,-0.359,0.718,-0.017,0.776,-0.167,0.822,0.0,0.826,0.62,-0.694,0.746,-0.736,0.834,-0.596,0.584,-0.519,-0.7,0.754,0.757,-0.457,-0.182,-0.376,0.514,-0.547,-0.683,0.861,0.653,-0.661,0.256,0.804,0.708,-0.585,-0.497,0.602,0.765,0.672,0.554,0.593,-0.192,0.627,-0.821,0.8,0.095,0.794,-0.659,0.796,0.573,0.648,-0.81,0.234,0.572,0.667,0.578,0.684,0.878,0.66,0.602,0.723,0.533,0.053,0.086,0.825,-0.586,0.678,0.59,-0.7,0.755,-0.738,0.856,0.861,0.821,-0.182,0.347,0.576,0.852,0.582,0.758,-0.65,0.49,0.485,0.672,0.624,0.738,-0.187,-0.805,0.828,0.782,-0.387,0.654,-0.345,0.38,0.472,0.532,-0.209,0.156,0.682,-0.243,0.773,-0.555,0.663,-0.093,-0.041,-0.606,0.543,0.748,0.058,-0.323,0.518,0.868,0.8,-0.58,0.742,0.457,0.68,-0.174,0.802,0.548,0.323,0.815,0.775,0.023,-0.382,0.709,-0.094,0.791,0.752,0.091,0.753,0.687,0.731,0.79,0.577,0.241,-0.145,0.58,0.697,0.584,0.832,0.768,0.49,0.818,-0.143,0.77,0.74,0.409,0.734,-0.242,0.654,0.855,0.837,0.472,-0.372,0.274,0.762,0.647,-0.786,-0.052,0.292,0.821,-0.518,-0.18,-0.412,-0.51,0.503,0.876,0.489,0.578,-0.347,-0.387,-0.043,0.773,0.714,0.81,0.678,0.531,-0.206,0.799,-0.015,0.554,0.608,0.547,0.799,0.515,0.506,-0.798,0.715,-0.457,0.18,0.08,0.298,0.734,0.29,0.394,-0.742,-0.32,0.787,-0.778,0.826,0.703
AHCO,-0.605,-0.642,0.703,-0.245,0.755,-0.003,0.918,0.826,0.0,0.831,-0.646,0.849,-0.711,0.983,-0.497,0.792,-0.461,-0.619,0.849,0.914,-0.259,-0.047,-0.44,0.63,-0.563,-0.642,0.759,0.75,-0.537,0.242,0.806,0.719,-0.774,-0.363,0.704,0.655,0.788,0.673,0.535,-0.122,0.477,-0.848,0.93,-0.014,0.955,-0.663,0.949,0.589,0.863,-0.925,0.115,0.691,0.644,0.55,0.636,0.923,0.819,0.666,0.736,0.451,0.312,0.335,0.791,-0.439,0.631,0.308,-0.909,0.873,-0.918,0.944,0.951,0.888,-0.031,0.243,0.492,0.914,0.71,0.766,-0.733,0.603,0.625,0.799,0.77,0.908,-0.073,-0.815,0.889,0.695,-0.502,0.848,-0.355,0.379,0.679,0.688,-0.07,0.088,0.793,-0.412,0.818,-0.509,0.553,-0.046,0.214,-0.887,0.307,0.869,0.196,-0.273,0.601,0.766,0.89,-0.769,0.85,0.282,0.528,-0.455,0.88,0.598,0.21,0.961,0.829,-0.041,-0.306,0.863,-0.064,0.887,0.878,-0.126,0.72,0.839,0.898,0.789,0.306,-0.019,-0.381,0.393,0.876,0.557,0.88,0.716,0.643,0.894,-0.036,0.943,0.702,0.518,0.645,-0.083,0.62,0.896,0.833,0.564,-0.549,0.162,0.866,0.785,-0.821,0.03,0.129,0.855,-0.511,-0.067,-0.486,-0.423,0.424,0.93,0.6,0.591,-0.527,-0.42,0.252,0.846,0.728,0.803,0.622,0.376,-0.164,0.924,-0.094,0.652,0.521,0.737,0.808,0.639,0.378,-0.839,0.806,-0.504,0.057,0.274,0.069,0.83,0.302,0.565,-0.887,-0.548,0.85,-0.905,0.886,0.675
ALGT,-0.262,-0.733,0.336,-0.561,0.558,-0.09,0.684,0.62,0.831,0.0,-0.424,0.817,-0.437,0.827,-0.236,0.634,-0.187,-0.282,0.598,0.687,-0.065,0.221,-0.424,0.794,-0.214,-0.319,0.438,0.803,-0.288,0.165,0.449,0.638,-0.696,-0.091,0.76,0.349,0.862,0.844,0.532,0.081,0.07,-0.549,0.717,-0.217,0.819,-0.289,0.846,0.713,0.777,-0.716,0.181,0.757,0.368,0.552,0.506,0.753,0.746,0.766,0.431,0.177,0.469,0.582,0.451,-0.138,0.246,0.084,-0.775,0.892,-0.827,0.798,0.787,0.763,0.38,0.117,0.36,0.794,0.847,0.404,-0.504,0.738,0.827,0.677,0.701,0.88,0.339,-0.531,0.813,0.505,-0.293,0.857,-0.331,0.1,0.848,0.776,0.135,-0.024,0.85,-0.043,0.784,-0.246,0.159,-0.232,0.393,-0.844,0.028,0.8,0.546,0.037,0.397,0.494,0.64,-0.745,0.794,0.028,0.137,-0.59,0.682,0.723,0.316,0.864,0.542,-0.101,-0.242,0.746,-0.318,0.655,0.896,-0.405,0.338,0.876,0.889,0.57,0.078,-0.163,-0.378,-0.023,0.859,0.186,0.645,0.363,0.622,0.855,0.395,0.887,0.334,0.184,0.268,-0.036,0.34,0.709,0.732,0.684,-0.568,-0.121,0.614,0.678,-0.524,0.375,-0.167,0.706,-0.119,0.347,-0.249,-0.203,0.115,0.707,0.818,0.438,-0.629,0.032,0.37,0.866,0.769,0.615,0.557,0.045,0.06,0.778,-0.426,0.308,0.161,0.914,0.671,0.833,0.016,-0.695,0.564,-0.21,0.053,0.476,-0.258,0.856,0.231,0.621,-0.766,-0.576,0.829,-0.767,0.667,0.369
ALLO,0.645,0.229,-0.711,0.014,-0.919,0.247,-0.604,-0.694,-0.646,-0.424,0.0,-0.594,0.962,-0.676,0.93,-0.21,0.81,0.874,-0.493,-0.693,0.761,0.671,0.702,-0.369,0.675,0.871,-0.797,-0.516,0.938,0.079,-0.756,-0.836,0.605,0.872,-0.505,-0.846,-0.526,-0.374,-0.763,0.586,-0.688,0.697,-0.641,-0.146,-0.559,0.782,-0.559,-0.364,-0.326,0.752,-0.478,-0.207,-0.7,-0.382,-0.442,-0.611,-0.346,-0.493,-0.643,-0.319,0.373,0.265,-0.875,0.86,-0.807,-0.465,0.464,-0.59,0.734,-0.603,-0.717,-0.781,0.398,-0.672,-0.792,-0.749,-0.348,-0.682,0.851,-0.164,-0.273,-0.449,-0.425,-0.435,0.334,0.907,-0.756,-0.874,0.689,-0.41,0.476,-0.207,-0.237,-0.223,0.634,-0.408,-0.548,0.354,-0.508,0.891,-0.633,0.381,0.362,0.436,-0.646,-0.485,0.322,0.533,-0.282,-0.869,-0.646,0.359,-0.716,-0.353,-0.707,0.116,-0.828,-0.385,-0.247,-0.604,-0.706,0.013,0.636,-0.301,0.248,-0.534,-0.413,-0.405,-0.825,-0.429,-0.408,-0.855,-0.638,-0.264,0.442,-0.774,-0.471,-0.534,-0.782,-0.801,-0.13,-0.687,0.404,-0.596,-0.813,-0.399,-0.493,0.599,-0.702,-0.634,-0.477,-0.218,0.156,-0.494,-0.691,-0.501,0.896,0.492,-0.558,-0.776,0.697,0.238,0.721,0.806,-0.459,-0.698,-0.262,-0.768,0.09,0.436,0.412,-0.559,-0.596,-0.921,-0.547,-0.502,0.63,-0.594,0.063,-0.366,-0.78,-0.238,-0.545,-0.213,-0.416,0.754,-0.434,0.784,-0.317,0.367,-0.158,-0.498,0.184,-0.292,0.571,-0.088,-0.725,0.455,-0.66,-0.581
AMSF,-0.47,-0.593,0.475,-0.343,0.741,-0.093,0.749,0.746,0.849,0.817,-0.594,0.0,-0.594,0.854,-0.446,0.539,-0.427,-0.497,0.607,0.715,-0.231,0.014,-0.464,0.759,-0.359,-0.527,0.624,0.754,-0.51,0.199,0.648,0.735,-0.698,-0.336,0.743,0.539,0.891,0.812,0.671,-0.107,0.304,-0.668,0.773,-0.216,0.834,-0.398,0.837,0.764,0.715,-0.766,0.291,0.765,0.467,0.687,0.544,0.806,0.681,0.819,0.599,0.32,0.298,0.338,0.655,-0.379,0.458,0.286,-0.713,0.875,-0.832,0.854,0.869,0.794,0.205,0.336,0.632,0.853,0.791,0.599,-0.658,0.654,0.783,0.625,0.587,0.87,0.153,-0.684,0.875,0.655,-0.332,0.873,-0.364,0.125,0.749,0.735,-0.056,0.018,0.872,-0.169,0.862,-0.437,0.352,-0.325,0.244,-0.754,0.268,0.77,0.326,-0.11,0.452,0.718,0.721,-0.737,0.836,0.135,0.331,-0.449,0.773,0.606,0.443,0.876,0.685,0.014,-0.431,0.694,-0.339,0.677,0.859,-0.215,0.564,0.879,0.874,0.73,0.31,0.083,-0.344,0.284,0.867,0.27,0.756,0.549,0.627,0.924,0.101,0.886,0.501,0.291,0.456,-0.258,0.581,0.847,0.749,0.568,-0.425,0.016,0.658,0.65,-0.675,0.139,0.031,0.828,-0.257,0.185,-0.332,-0.299,0.278,0.778,0.78,0.459,-0.574,-0.097,0.127,0.881,0.838,0.784,0.542,0.243,-0.1,0.869,-0.282,0.375,0.399,0.736,0.757,0.724,0.26,-0.826,0.655,-0.368,0.136,0.292,0.034,0.883,0.107,0.496,-0.808,-0.442,0.902,-0.746,0.815,0.433
ANAB,0.708,0.293,-0.802,-0.053,-0.914,0.092,-0.686,-0.736,-0.711,-0.437,0.962,-0.594,0.0,-0.745,0.936,-0.345,0.836,0.899,-0.601,-0.784,0.743,0.669,0.668,-0.298,0.754,0.918,-0.859,-0.496,0.921,-0.02,-0.841,-0.824,0.639,0.855,-0.461,-0.894,-0.488,-0.295,-0.662,0.635,-0.776,0.769,-0.726,-0.262,-0.605,0.879,-0.63,-0.292,-0.411,0.812,-0.357,-0.225,-0.795,-0.296,-0.473,-0.661,-0.413,-0.417,-0.714,-0.443,0.342,0.267,-0.941,0.869,-0.9,-0.474,0.565,-0.578,0.759,-0.648,-0.741,-0.793,0.502,-0.637,-0.757,-0.78,-0.281,-0.783,0.863,-0.104,-0.198,-0.502,-0.473,-0.462,0.434,0.961,-0.755,-0.88,0.728,-0.407,0.359,-0.354,-0.203,-0.235,0.621,-0.48,-0.502,0.473,-0.468,0.917,-0.742,0.209,0.402,0.492,-0.669,-0.545,0.394,0.648,-0.344,-0.888,-0.74,0.379,-0.709,-0.4,-0.777,0.09,-0.872,-0.386,-0.119,-0.665,-0.785,0.01,0.53,-0.408,0.093,-0.629,-0.428,-0.442,-0.904,-0.421,-0.453,-0.881,-0.603,-0.296,0.404,-0.811,-0.499,-0.672,-0.796,-0.884,-0.216,-0.67,0.486,-0.628,-0.892,-0.521,-0.607,0.528,-0.711,-0.666,-0.5,-0.199,0.226,-0.604,-0.809,-0.575,0.942,0.531,-0.618,-0.784,0.804,0.348,0.742,0.829,-0.61,-0.75,-0.179,-0.787,0.029,0.585,0.352,-0.549,-0.537,-0.932,-0.543,-0.555,0.643,-0.625,-0.077,-0.517,-0.844,-0.256,-0.531,-0.182,-0.435,0.78,-0.53,0.831,-0.273,0.287,-0.214,-0.485,0.064,-0.284,0.606,-0.021,-0.691,0.519,-0.705,-0.682
ANDE,-0.619,-0.674,0.716,-0.252,0.781,0.003,0.911,0.834,0.983,0.827,-0.676,0.854,-0.745,0.0,-0.55,0.785,-0.499,-0.634,0.837,0.93,-0.304,-0.084,-0.478,0.626,-0.58,-0.667,0.787,0.774,-0.59,0.242,0.808,0.754,-0.784,-0.426,0.694,0.687,0.794,0.664,0.554,-0.213,0.495,-0.842,0.921,0.003,0.925,-0.679,0.953,0.592,0.839,-0.935,0.162,0.684,0.663,0.496,0.65,0.914,0.804,0.672,0.725,0.445,0.271,0.314,0.814,-0.483,0.668,0.333,-0.915,0.874,-0.922,0.938,0.956,0.905,-0.057,0.298,0.515,0.935,0.696,0.769,-0.751,0.576,0.613,0.787,0.753,0.889,-0.075,-0.837,0.915,0.72,-0.529,0.817,-0.331,0.391,0.659,0.676,-0.125,0.157,0.785,-0.411,0.801,-0.554,0.566,-0.073,0.169,-0.877,0.355,0.865,0.153,-0.32,0.592,0.782,0.886,-0.744,0.868,0.269,0.543,-0.403,0.895,0.643,0.21,0.975,0.847,-0.066,-0.289,0.837,-0.101,0.889,0.864,-0.098,0.744,0.827,0.898,0.81,0.326,0.04,-0.402,0.424,0.891,0.555,0.871,0.739,0.636,0.896,-0.05,0.944,0.71,0.511,0.655,-0.164,0.642,0.866,0.823,0.542,-0.567,0.23,0.892,0.814,-0.846,0.001,0.175,0.869,-0.522,-0.061,-0.515,-0.474,0.439,0.92,0.586,0.621,-0.467,-0.425,0.204,0.854,0.735,0.835,0.627,0.355,-0.199,0.901,-0.079,0.639,0.558,0.734,0.771,0.647,0.315,-0.846,0.782,-0.529,0.103,0.287,0.065,0.819,0.269,0.571,-0.87,-0.502,0.853,-0.879,0.876,0.684
APLS,0.613,0.172,-0.689,-0.058,-0.835,0.107,-0.477,-0.596,-0.497,-0.236,0.93,-0.446,0.936,-0.55,0.0,-0.108,0.827,0.801,-0.367,-0.6,0.835,0.77,0.674,-0.158,0.64,0.878,-0.745,-0.388,0.957,0.048,-0.686,-0.771,0.444,0.92,-0.289,-0.85,-0.369,-0.165,-0.662,0.775,-0.752,0.577,-0.513,-0.184,-0.369,0.784,-0.441,-0.203,-0.148,0.635,-0.494,-0.039,-0.721,-0.157,-0.396,-0.48,-0.152,-0.326,-0.56,-0.327,0.568,0.465,-0.846,0.908,-0.844,-0.544,0.332,-0.386,0.582,-0.469,-0.576,-0.633,0.551,-0.752,-0.725,-0.628,-0.113,-0.636,0.761,0.03,-0.049,-0.274,-0.216,-0.23,0.487,0.854,-0.623,-0.799,0.659,-0.199,0.287,-0.227,-0.002,0.017,0.756,-0.555,-0.321,0.39,-0.312,0.934,-0.665,0.315,0.553,0.246,-0.767,-0.292,0.515,0.695,-0.241,-0.795,-0.553,0.254,-0.586,-0.273,-0.723,-0.13,-0.741,-0.232,-0.19,-0.486,-0.653,0.069,0.553,-0.13,0.194,-0.452,-0.206,-0.549,-0.812,-0.226,-0.257,-0.775,-0.577,-0.466,0.325,-0.81,-0.328,-0.52,-0.622,-0.815,-0.035,-0.497,0.594,-0.444,-0.763,-0.42,-0.458,0.692,-0.718,-0.477,-0.302,0.049,0.171,-0.714,-0.651,-0.478,0.829,0.62,-0.689,-0.655,0.733,0.371,0.699,0.837,-0.525,-0.533,-0.039,-0.708,-0.19,0.481,0.574,-0.366,-0.434,-0.835,-0.44,-0.49,0.731,-0.428,-0.124,-0.355,-0.787,-0.029,-0.336,-0.008,-0.347,0.629,-0.29,0.827,-0.416,0.417,-0.235,-0.309,0.306,-0.057,0.439,-0.258,-0.548,0.28,-0.567,-0.575
APPF,-0.427,-0.557,0.651,-0.178,0.352,0.193,0.807,0.584,0.792,0.634,-0.21,0.539,-0.345,0.785,-0.108,0.0,-0.06,-0.316,0.881,0.81,0.137,0.269,-0.157,0.377,-0.479,-0.301,0.531,0.573,-0.118,0.482,0.616,0.261,-0.469,0.026,0.364,0.397,0.467,0.376,0.033,0.097,0.388,-0.696,0.795,0.018,0.808,-0.513,0.76,0.353,0.882,-0.709,-0.202,0.563,0.518,0.214,0.634,0.795,0.826,0.355,0.596,0.549,0.553,0.48,0.509,-0.156,0.425,0.22,-0.89,0.609,-0.592,0.772,0.721,0.635,-0.065,-0.141,-0.004,0.604,0.474,0.6,-0.322,0.538,0.389,0.756,0.732,0.747,-0.166,-0.488,0.554,0.305,-0.222,0.636,-0.063,0.617,0.505,0.549,0.141,-0.081,0.448,-0.437,0.563,-0.101,0.516,0.438,0.375,-0.79,0.123,0.728,0.258,-0.196,0.736,0.431,0.777,-0.646,0.535,0.212,0.437,-0.273,0.591,0.47,-0.1,0.773,0.655,-0.244,0.141,0.869,0.324,0.865,0.718,-0.216,0.506,0.64,0.765,0.454,-0.011,-0.068,-0.153,0.155,0.677,0.564,0.597,0.529,0.668,0.561,-0.017,0.716,0.485,0.601,0.642,0.322,0.417,0.625,0.761,0.369,-0.629,0.123,0.754,0.734,-0.535,0.166,-0.062,0.501,-0.351,-0.22,-0.201,-0.112,0.371,0.739,0.321,0.313,-0.355,-0.496,0.513,0.564,0.39,0.379,0.383,0.245,0.104,0.703,0.204,0.803,0.28,0.586,0.636,0.482,0.297,-0.435,0.705,-0.17,-0.105,0.522,0.221,0.564,0.564,0.528,-0.651,-0.611,0.44,-0.859,0.66,0.661
ASML,0.58,0.178,-0.522,-0.237,-0.752,0.034,-0.42,-0.519,-0.461,-0.187,0.81,-0.427,0.836,-0.499,0.827,-0.06,0.0,0.827,-0.296,-0.512,0.689,0.756,0.467,-0.099,0.666,0.789,-0.663,-0.149,0.809,0.173,-0.688,-0.687,0.614,0.858,-0.312,-0.646,-0.295,-0.105,-0.505,0.63,-0.581,0.603,-0.46,-0.331,-0.365,0.69,-0.39,-0.083,-0.118,0.59,-0.161,-0.124,-0.536,-0.296,-0.138,-0.33,-0.141,-0.22,-0.549,-0.252,0.369,0.466,-0.777,0.759,-0.76,-0.219,0.29,-0.33,0.592,-0.359,-0.469,-0.473,0.489,-0.523,-0.771,-0.562,-0.09,-0.649,0.846,0.173,-0.06,-0.229,-0.236,-0.268,0.374,0.807,-0.53,-0.673,0.743,-0.229,0.286,-0.124,-0.048,-0.177,0.511,-0.429,-0.369,0.485,-0.248,0.878,-0.548,0.251,0.458,0.286,-0.479,-0.325,0.564,0.613,-0.017,-0.749,-0.494,0.135,-0.412,-0.351,-0.572,0.091,-0.598,-0.197,-0.071,-0.402,-0.599,-0.29,0.572,-0.227,0.14,-0.384,-0.197,-0.398,-0.745,-0.235,-0.213,-0.714,-0.66,-0.187,0.319,-0.738,-0.3,-0.512,-0.555,-0.642,-0.067,-0.483,0.454,-0.399,-0.752,-0.261,-0.542,0.55,-0.455,-0.5,-0.187,-0.198,-0.077,-0.462,-0.525,-0.196,0.754,0.668,-0.63,-0.65,0.732,0.281,0.728,0.687,-0.601,-0.505,-0.053,-0.61,0.033,0.493,0.42,-0.37,-0.311,-0.795,-0.294,-0.423,0.557,-0.408,-0.074,-0.266,-0.794,-0.098,-0.295,-0.004,-0.417,0.688,-0.387,0.788,-0.178,0.43,-0.1,-0.296,0.097,-0.146,0.462,-0.017,-0.512,0.227,-0.474,-0.382
ATRC,0.742,0.082,-0.794,-0.324,-0.828,0.147,-0.675,-0.7,-0.619,-0.282,0.874,-0.497,0.899,-0.634,0.801,-0.316,0.827,0.0,-0.623,-0.704,0.628,0.666,0.49,-0.204,0.851,0.862,-0.851,-0.309,0.809,0.005,-0.856,-0.656,0.612,0.814,-0.391,-0.817,-0.339,-0.175,-0.522,0.467,-0.771,0.829,-0.683,-0.368,-0.587,0.847,-0.497,-0.218,-0.372,0.754,-0.165,-0.153,-0.709,-0.339,-0.417,-0.591,-0.422,-0.303,-0.739,-0.498,0.259,0.325,-0.898,0.807,-0.844,-0.413,0.5,-0.496,0.65,-0.561,-0.645,-0.689,0.544,-0.433,-0.723,-0.649,-0.224,-0.805,0.841,-0.023,-0.129,-0.531,-0.523,-0.416,0.461,0.895,-0.627,-0.786,0.706,-0.353,0.384,-0.405,-0.157,-0.262,0.482,-0.302,-0.445,0.48,-0.417,0.804,-0.763,0.088,0.361,0.427,-0.553,-0.519,0.461,0.551,-0.316,-0.862,-0.703,0.254,-0.551,-0.603,-0.825,0.097,-0.737,-0.33,-0.024,-0.526,-0.765,-0.136,0.475,-0.435,-0.089,-0.565,-0.372,-0.465,-0.881,-0.369,-0.341,-0.793,-0.69,-0.135,0.344,-0.844,-0.377,-0.746,-0.757,-0.797,-0.162,-0.596,0.462,-0.501,-0.92,-0.51,-0.718,0.369,-0.591,-0.651,-0.514,-0.274,-0.006,-0.447,-0.685,-0.343,0.898,0.605,-0.598,-0.705,0.796,0.439,0.701,0.696,-0.654,-0.751,-0.095,-0.726,0.118,0.656,0.307,-0.469,-0.402,-0.839,-0.436,-0.639,0.505,-0.578,-0.147,-0.538,-0.855,-0.158,-0.563,-0.088,-0.629,0.706,-0.596,0.729,-0.135,0.355,-0.307,-0.403,-0.135,-0.386,0.496,0.008,-0.59,0.495,-0.626,-0.635
AVGO,-0.644,-0.372,0.845,0.051,0.605,0.103,0.945,0.754,0.849,0.598,-0.493,0.607,-0.601,0.837,-0.367,0.881,-0.296,-0.623,0.0,0.902,-0.132,-0.014,-0.29,0.38,-0.679,-0.551,0.757,0.586,-0.374,0.45,0.827,0.423,-0.558,-0.24,0.497,0.659,0.484,0.37,0.232,-0.055,0.646,-0.886,0.92,0.197,0.873,-0.741,0.767,0.386,0.875,-0.853,-0.092,0.485,0.751,0.305,0.749,0.873,0.864,0.399,0.79,0.723,0.294,0.279,0.747,-0.396,0.656,0.383,-0.891,0.689,-0.693,0.833,0.802,0.784,-0.239,0.035,0.277,0.699,0.466,0.798,-0.532,0.466,0.35,0.822,0.801,0.723,-0.341,-0.724,0.658,0.553,-0.441,0.634,-0.165,0.662,0.486,0.531,-0.033,0.042,0.527,-0.486,0.613,-0.358,0.739,0.341,0.149,-0.76,0.319,0.817,0.041,-0.316,0.75,0.657,0.918,-0.606,0.658,0.522,0.712,-0.255,0.755,0.507,-0.073,0.78,0.847,-0.158,-0.04,0.85,0.385,0.84,0.717,0.088,0.743,0.651,0.732,0.687,0.249,-0.018,-0.227,0.462,0.647,0.789,0.796,0.739,0.569,0.668,-0.174,0.704,0.763,0.724,0.765,0.217,0.547,0.782,0.832,0.388,-0.426,0.277,0.862,0.718,-0.763,-0.041,0.168,0.627,-0.596,-0.394,-0.388,-0.327,0.556,0.907,0.28,0.516,-0.312,-0.656,0.299,0.599,0.443,0.621,0.516,0.531,-0.106,0.798,0.212,0.877,0.54,0.516,0.774,0.381,0.545,-0.613,0.839,-0.4,0.019,0.295,0.357,0.593,0.541,0.587,-0.63,-0.436,0.582,-0.901,0.758,0.82
AVT,-0.653,-0.531,0.854,-0.115,0.783,0.116,0.922,0.757,0.914,0.687,-0.693,0.715,-0.784,0.93,-0.6,0.81,-0.512,-0.704,0.902,0.0,-0.304,-0.2,-0.538,0.462,-0.724,-0.701,0.793,0.675,-0.597,0.325,0.863,0.641,-0.708,-0.469,0.561,0.751,0.614,0.462,0.417,-0.305,0.654,-0.879,0.93,0.119,0.87,-0.818,0.834,0.431,0.816,-0.924,0.103,0.499,0.803,0.304,0.68,0.857,0.792,0.511,0.795,0.562,0.164,0.191,0.851,-0.562,0.767,0.348,-0.903,0.757,-0.849,0.874,0.885,0.881,-0.275,0.285,0.467,0.824,0.497,0.821,-0.719,0.422,0.407,0.784,0.765,0.738,-0.318,-0.857,0.803,0.677,-0.618,0.682,-0.252,0.572,0.501,0.516,-0.247,0.222,0.619,-0.547,0.633,-0.599,0.711,0.12,0.023,-0.821,0.407,0.802,-0.054,-0.489,0.664,0.756,0.924,-0.658,0.783,0.373,0.703,-0.271,0.885,0.547,0.007,0.869,0.905,-0.176,-0.215,0.761,0.144,0.86,0.72,0.121,0.831,0.678,0.771,0.802,0.283,0.07,-0.414,0.531,0.735,0.722,0.821,0.82,0.56,0.769,-0.248,0.816,0.809,0.683,0.689,-0.077,0.664,0.78,0.76,0.36,-0.505,0.39,0.934,0.809,-0.889,-0.19,0.287,0.763,-0.68,-0.31,-0.576,-0.521,0.581,0.902,0.342,0.648,-0.283,-0.636,0.174,0.676,0.557,0.799,0.553,0.448,-0.314,0.828,0.119,0.795,0.645,0.548,0.691,0.422,0.404,-0.742,0.776,-0.619,0.132,0.221,0.217,0.664,0.278,0.563,-0.727,-0.363,0.709,-0.843,0.823,0.794
AXDX,0.408,-0.067,-0.444,-0.067,-0.622,0.32,-0.217,-0.457,-0.259,-0.065,0.761,-0.231,0.743,-0.304,0.835,0.137,0.689,0.628,-0.132,-0.304,0.0,0.762,0.407,0.004,0.357,0.749,-0.541,-0.18,0.839,0.302,-0.432,-0.674,0.28,0.833,-0.288,-0.713,-0.167,-0.023,-0.612,0.658,-0.598,0.345,-0.241,-0.279,-0.112,0.612,-0.226,0.008,0.094,0.357,-0.492,0.146,-0.532,-0.094,-0.213,-0.266,0.033,-0.13,-0.34,-0.084,0.745,0.509,-0.64,0.687,-0.655,-0.511,0.062,-0.189,0.338,-0.224,-0.326,-0.421,0.532,-0.706,-0.557,-0.479,0.006,-0.413,0.602,0.164,0.11,-0.129,-0.075,-0.013,0.371,0.613,-0.469,-0.737,0.498,0.057,0.363,-0.07,0.188,0.169,0.639,-0.666,-0.134,0.139,-0.156,0.833,-0.489,0.318,0.62,-0.046,-0.692,-0.12,0.512,0.527,0.02,-0.589,-0.259,-0.031,-0.417,-0.254,-0.56,-0.213,-0.499,-0.093,-0.188,-0.236,-0.384,-0.159,0.458,0.075,0.254,-0.197,-0.001,-0.606,-0.568,0.016,-0.026,-0.587,-0.632,-0.435,0.197,-0.678,-0.124,-0.384,-0.447,-0.619,0.217,-0.285,0.462,-0.211,-0.584,-0.17,-0.275,0.694,-0.526,-0.252,-0.139,0.033,-0.047,-0.636,-0.424,-0.208,0.571,0.485,-0.713,-0.454,0.596,0.287,0.429,0.858,-0.312,-0.357,0.045,-0.615,-0.281,0.315,0.561,-0.215,-0.313,-0.642,-0.493,-0.384,0.613,-0.158,0.022,-0.076,-0.654,0.077,-0.178,0.113,-0.178,0.454,-0.095,0.65,-0.355,0.556,-0.142,-0.129,0.319,0.095,0.245,-0.419,-0.377,0.043,-0.277,-0.416
AXSM,0.393,-0.188,-0.377,-0.355,-0.462,0.151,-0.054,-0.182,-0.047,0.221,0.671,0.014,0.669,-0.084,0.77,0.269,0.756,0.666,-0.014,-0.2,0.762,0.0,0.373,0.275,0.524,0.651,-0.411,0.175,0.696,0.389,-0.386,-0.406,0.238,0.831,0.035,-0.53,0.153,0.295,-0.305,0.716,-0.553,0.251,-0.083,-0.447,0.079,0.59,0.038,0.297,0.29,0.221,-0.233,0.413,-0.404,0.102,0.111,0.035,0.229,0.172,-0.226,-0.126,0.735,0.75,-0.533,0.713,-0.615,-0.171,-0.071,0.077,0.18,0.052,-0.065,-0.157,0.707,-0.483,-0.542,-0.19,0.31,-0.418,0.567,0.506,0.379,0.077,0.043,0.238,0.495,0.547,-0.17,-0.518,0.604,0.273,0.211,-0.117,0.362,0.305,0.673,-0.565,0.092,0.352,0.189,0.786,-0.46,0.188,0.686,-0.144,-0.474,0.066,0.795,0.626,0.175,-0.434,-0.117,-0.281,-0.104,-0.29,-0.524,-0.232,-0.28,0.118,0.2,0.033,-0.272,-0.233,0.416,0.201,-0.014,-0.041,0.304,-0.669,-0.527,0.237,0.254,-0.414,-0.559,-0.255,0.281,-0.728,0.19,-0.453,-0.263,-0.464,0.345,-0.04,0.634,0.025,-0.575,-0.205,-0.257,0.551,-0.315,-0.036,0.177,0.207,-0.272,-0.587,-0.254,0.077,0.521,0.804,-0.708,-0.224,0.673,0.417,0.57,0.748,-0.445,-0.152,0.354,-0.52,-0.381,0.463,0.6,0.094,0.053,-0.485,-0.139,-0.345,0.689,0.055,-0.189,-0.084,-0.698,0.373,0.078,0.453,-0.279,0.247,-0.005,0.706,-0.145,0.705,-0.155,0.171,0.279,0.147,0.024,-0.454,-0.117,-0.157,-0.065,-0.264
AZN,0.362,0.315,-0.478,0.269,-0.688,0.041,-0.419,-0.376,-0.44,-0.424,0.702,-0.464,0.668,-0.478,0.674,-0.157,0.467,0.49,-0.29,-0.538,0.407,0.373,0.0,-0.475,0.456,0.469,-0.48,-0.597,0.646,-0.162,-0.442,-0.575,0.39,0.523,-0.265,-0.566,-0.513,-0.399,-0.559,0.522,-0.395,0.372,-0.435,0.127,-0.371,0.434,-0.414,-0.464,-0.259,0.526,-0.59,-0.215,-0.48,-0.15,-0.337,-0.392,-0.224,-0.553,-0.35,-0.245,0.166,0.047,-0.525,0.66,-0.491,-0.24,0.353,-0.478,0.562,-0.461,-0.53,-0.632,0.116,-0.598,-0.621,-0.482,-0.298,-0.359,0.485,-0.232,-0.338,-0.197,-0.191,-0.296,0.149,0.615,-0.53,-0.515,0.486,-0.338,0.189,-0.158,-0.307,-0.135,0.685,-0.268,-0.459,0.195,-0.325,0.554,-0.331,0.439,0.188,0.391,-0.414,-0.326,0.075,0.427,-0.292,-0.546,-0.452,0.396,-0.555,-0.051,-0.385,0.113,-0.695,-0.4,-0.184,-0.487,-0.461,0.429,0.467,-0.141,0.282,-0.346,-0.336,-0.205,-0.537,-0.413,-0.345,-0.528,-0.13,-0.26,0.494,-0.428,-0.379,-0.234,-0.461,-0.518,-0.166,-0.532,0.286,-0.454,-0.428,-0.338,-0.14,0.476,-0.499,-0.366,-0.277,-0.01,0.328,-0.398,-0.503,-0.575,0.618,0.314,-0.23,-0.517,0.33,0.006,0.594,0.471,-0.255,-0.363,-0.265,-0.392,-0.043,0.143,0.347,-0.396,-0.515,-0.64,-0.228,-0.193,0.657,-0.388,0.083,-0.241,-0.422,-0.197,-0.292,-0.251,-0.111,0.477,-0.168,0.565,-0.362,0.117,-0.017,-0.367,0.344,-0.217,0.334,-0.128,-0.533,0.299,-0.449,-0.347
BANR,-0.212,-0.555,0.189,-0.499,0.514,-0.263,0.526,0.514,0.63,0.794,-0.369,0.759,-0.298,0.626,-0.158,0.377,-0.099,-0.204,0.38,0.462,0.004,0.275,-0.475,0.0,-0.109,-0.172,0.353,0.823,-0.282,0.108,0.289,0.524,-0.514,-0.053,0.65,0.292,0.893,0.907,0.626,0.129,-0.067,-0.415,0.508,-0.453,0.652,-0.039,0.67,0.903,0.588,-0.553,0.459,0.667,0.142,0.585,0.431,0.599,0.565,0.953,0.291,0.067,0.458,0.562,0.296,-0.154,0.059,0.125,-0.537,0.826,-0.635,0.684,0.679,0.684,0.539,0.228,0.448,0.619,0.889,0.24,-0.338,0.792,0.93,0.472,0.469,0.749,0.499,-0.372,0.712,0.401,-0.149,0.774,-0.463,-0.056,0.866,0.692,0.065,-0.261,0.901,0.18,0.787,-0.085,-0.035,-0.517,0.438,-0.663,0.046,0.619,0.647,0.212,0.38,0.432,0.438,-0.686,0.7,0.051,0.036,-0.492,0.563,0.728,0.521,0.701,0.409,-0.202,-0.259,0.523,-0.464,0.429,0.82,-0.435,0.203,0.86,0.753,0.406,0.068,-0.131,-0.414,-0.044,0.762,-0.059,0.526,0.228,0.47,0.819,0.434,0.719,0.132,0.047,0.143,-0.161,0.305,0.579,0.639,0.588,-0.464,-0.28,0.356,0.527,-0.4,0.389,-0.335,0.619,0.157,0.528,-0.218,0.0,-0.122,0.521,0.878,0.257,-0.645,0.28,0.197,0.785,0.852,0.525,0.383,0.084,0.08,0.631,-0.468,0.085,0.011,0.754,0.63,0.848,0.019,-0.56,0.4,-0.059,0.222,0.419,-0.232,0.749,0.028,0.571,-0.539,-0.414,0.794,-0.578,0.541,0.152
BBIO,0.643,0.089,-0.85,-0.349,-0.677,-0.133,-0.673,-0.547,-0.563,-0.214,0.675,-0.359,0.754,-0.58,0.64,-0.479,0.666,0.851,-0.679,-0.724,0.357,0.524,0.456,-0.109,0.0,0.706,-0.753,-0.252,0.569,-0.261,-0.821,-0.366,0.471,0.6,-0.173,-0.713,-0.181,-0.011,-0.18,0.413,-0.752,0.803,-0.691,-0.422,-0.558,0.833,-0.43,-0.128,-0.48,0.716,0.028,-0.096,-0.723,-0.097,-0.393,-0.531,-0.49,-0.167,-0.733,-0.641,0.061,0.258,-0.779,0.735,-0.778,-0.27,0.57,-0.398,0.546,-0.508,-0.544,-0.591,0.567,-0.214,-0.506,-0.483,-0.086,-0.748,0.624,0.051,-0.026,-0.508,-0.522,-0.356,0.588,0.773,-0.441,-0.527,0.697,-0.271,0.127,-0.668,-0.142,-0.204,0.421,-0.145,-0.292,0.645,-0.232,0.602,-0.788,-0.206,0.271,0.491,-0.413,-0.51,0.46,0.612,-0.448,-0.691,-0.737,0.283,-0.393,-0.585,-0.801,0.052,-0.658,-0.325,0.258,-0.463,-0.765,0.106,0.237,-0.5,-0.388,-0.57,-0.311,-0.457,-0.836,-0.331,-0.328,-0.638,-0.44,-0.066,0.365,-0.743,-0.286,-0.816,-0.61,-0.731,-0.305,-0.441,0.541,-0.4,-0.86,-0.67,-0.751,0.09,-0.423,-0.532,-0.447,-0.113,0.074,-0.473,-0.7,-0.394,0.809,0.623,-0.445,-0.521,0.762,0.579,0.708,0.479,-0.707,-0.652,0.085,-0.549,-0.007,0.764,0.141,-0.28,-0.19,-0.651,-0.207,-0.601,0.426,-0.477,-0.402,-0.727,-0.739,-0.094,-0.483,0.033,-0.605,0.525,-0.566,0.64,-0.058,0.149,-0.374,-0.234,-0.298,-0.406,0.378,0.084,-0.374,0.509,-0.512,-0.625
BCYC,0.646,0.183,-0.769,-0.122,-0.835,0.001,-0.623,-0.683,-0.642,-0.319,0.871,-0.527,0.918,-0.667,0.878,-0.301,0.789,0.862,-0.551,-0.701,0.749,0.651,0.469,-0.172,0.706,0.0,-0.793,-0.358,0.866,-0.024,-0.807,-0.748,0.545,0.842,-0.427,-0.846,-0.4,-0.191,-0.595,0.606,-0.791,0.717,-0.661,-0.315,-0.531,0.865,-0.534,-0.174,-0.352,0.719,-0.273,-0.173,-0.771,-0.249,-0.445,-0.609,-0.329,-0.306,-0.736,-0.39,0.411,0.334,-0.907,0.789,-0.903,-0.527,0.48,-0.453,0.653,-0.584,-0.661,-0.68,0.561,-0.643,-0.667,-0.725,-0.179,-0.75,0.811,0.011,-0.077,-0.454,-0.397,-0.387,0.51,0.876,-0.666,-0.83,0.653,-0.351,0.288,-0.351,-0.067,-0.161,0.548,-0.512,-0.384,0.5,-0.404,0.886,-0.749,0.111,0.459,0.389,-0.697,-0.46,0.468,0.63,-0.305,-0.825,-0.695,0.318,-0.628,-0.372,-0.772,-0.009,-0.783,-0.244,-0.145,-0.572,-0.742,-0.103,0.498,-0.335,0.033,-0.574,-0.339,-0.508,-0.878,-0.308,-0.374,-0.808,-0.61,-0.335,0.315,-0.815,-0.431,-0.658,-0.723,-0.876,-0.216,-0.558,0.537,-0.537,-0.874,-0.502,-0.594,0.514,-0.716,-0.628,-0.452,-0.149,0.133,-0.614,-0.749,-0.487,0.862,0.552,-0.698,-0.732,0.809,0.44,0.636,0.788,-0.619,-0.695,-0.084,-0.739,-0.019,0.622,0.356,-0.458,-0.447,-0.856,-0.548,-0.594,0.594,-0.579,-0.158,-0.517,-0.831,-0.157,-0.47,-0.082,-0.437,0.739,-0.525,0.796,-0.235,0.308,-0.291,-0.431,0.08,-0.173,0.566,-0.07,-0.596,0.444,-0.69,-0.667
BHFAP,-0.746,-0.275,0.849,0.197,0.824,-0.075,0.808,0.861,0.759,0.438,-0.797,0.624,-0.859,0.787,-0.745,0.531,-0.663,-0.851,0.757,0.793,-0.541,-0.411,-0.48,0.353,-0.753,-0.793,0.0,0.559,-0.776,0.253,0.875,0.688,-0.544,-0.663,0.459,0.889,0.511,0.341,0.57,-0.441,0.774,-0.851,0.798,0.279,0.694,-0.807,0.701,0.431,0.569,-0.828,0.27,0.392,0.748,0.341,0.646,0.799,0.57,0.462,0.753,0.638,-0.096,-0.069,0.917,-0.778,0.851,0.595,-0.684,0.639,-0.691,0.753,0.803,0.817,-0.416,0.465,0.611,0.786,0.375,0.831,-0.738,0.255,0.276,0.596,0.532,0.596,-0.376,-0.891,0.75,0.791,-0.549,0.483,-0.268,0.522,0.288,0.369,-0.433,0.298,0.537,-0.413,0.599,-0.695,0.802,-0.05,-0.206,-0.555,0.654,0.673,-0.228,-0.495,0.527,0.901,0.821,-0.434,0.673,0.566,0.821,-0.036,0.835,0.493,0.163,0.734,0.825,-0.036,-0.299,0.599,0.045,0.731,0.573,0.308,0.891,0.537,0.577,0.822,0.626,0.302,-0.236,0.782,0.597,0.718,0.843,0.869,0.38,0.719,-0.393,0.643,0.86,0.577,0.807,-0.332,0.691,0.754,0.711,0.311,-0.276,0.497,0.806,0.627,-0.899,-0.337,0.505,0.791,-0.668,-0.348,-0.586,-0.63,0.599,0.831,0.243,0.624,-0.125,-0.593,-0.204,0.632,0.571,0.848,0.554,0.592,-0.422,0.707,0.216,0.65,0.77,0.336,0.71,0.322,0.523,-0.751,0.672,-0.594,0.233,-0.069,0.378,0.554,0.217,0.345,-0.597,-0.139,0.67,-0.655,0.774,0.759
BKR,-0.392,-0.608,0.469,-0.499,0.624,-0.184,0.691,0.653,0.75,0.803,-0.516,0.754,-0.496,0.774,-0.388,0.573,-0.149,-0.309,0.586,0.675,-0.18,0.175,-0.597,0.823,-0.252,-0.358,0.559,0.0,-0.458,0.307,0.452,0.64,-0.465,-0.205,0.585,0.536,0.857,0.813,0.652,-0.106,0.231,-0.54,0.674,-0.395,0.724,-0.311,0.797,0.853,0.687,-0.706,0.553,0.597,0.46,0.395,0.718,0.789,0.642,0.867,0.427,0.303,0.275,0.498,0.501,-0.35,0.319,0.436,-0.699,0.862,-0.707,0.815,0.82,0.846,0.305,0.379,0.366,0.728,0.801,0.388,-0.379,0.805,0.776,0.579,0.524,0.751,0.176,-0.546,0.812,0.522,-0.238,0.723,-0.324,0.207,0.744,0.534,-0.144,-0.042,0.78,0.042,0.793,-0.28,0.237,-0.364,0.27,-0.707,0.334,0.666,0.495,-0.043,0.624,0.559,0.636,-0.791,0.834,0.101,0.296,-0.266,0.759,0.725,0.473,0.841,0.598,-0.465,-0.208,0.566,-0.35,0.624,0.826,-0.211,0.425,0.828,0.82,0.559,0.066,0.141,-0.355,0.149,0.818,0.148,0.655,0.494,0.492,0.81,0.172,0.776,0.315,0.291,0.286,-0.23,0.559,0.637,0.758,0.369,-0.688,0.113,0.619,0.839,-0.589,0.306,-0.141,0.674,-0.06,0.225,-0.318,-0.222,0.02,0.654,0.716,0.414,-0.373,0.029,0.083,0.772,0.855,0.617,0.525,0.192,-0.104,0.711,-0.28,0.346,0.166,0.695,0.681,0.788,0.062,-0.602,0.457,-0.246,0.439,0.428,-0.021,0.732,0.008,0.505,-0.611,-0.273,0.767,-0.705,0.685,0.48
BLDP,0.624,0.183,-0.659,-0.039,-0.864,0.215,-0.507,-0.661,-0.537,-0.288,0.938,-0.51,0.921,-0.59,0.957,-0.118,0.809,0.809,-0.374,-0.597,0.839,0.696,0.646,-0.282,0.569,0.866,-0.776,-0.458,0.0,0.091,-0.688,-0.817,0.485,0.918,-0.384,-0.858,-0.465,-0.274,-0.759,0.699,-0.704,0.605,-0.522,-0.114,-0.415,0.736,-0.493,-0.298,-0.166,0.649,-0.555,-0.123,-0.659,-0.257,-0.438,-0.534,-0.185,-0.434,-0.568,-0.278,0.514,0.354,-0.85,0.873,-0.816,-0.591,0.354,-0.454,0.6,-0.529,-0.639,-0.689,0.475,-0.784,-0.734,-0.688,-0.227,-0.64,0.788,-0.074,-0.158,-0.319,-0.253,-0.305,0.368,0.843,-0.695,-0.838,0.6,-0.273,0.429,-0.153,-0.065,-0.062,0.718,-0.511,-0.423,0.287,-0.431,0.909,-0.618,0.406,0.487,0.281,-0.777,-0.323,0.408,0.599,-0.247,-0.837,-0.545,0.287,-0.634,-0.294,-0.706,-0.09,-0.757,-0.297,-0.314,-0.539,-0.642,0.025,0.562,-0.159,0.303,-0.475,-0.296,-0.458,-0.799,-0.295,-0.309,-0.793,-0.63,-0.455,0.303,-0.8,-0.415,-0.455,-0.675,-0.811,-0.05,-0.584,0.493,-0.503,-0.738,-0.343,-0.475,0.739,-0.763,-0.522,-0.391,-0.078,0.183,-0.616,-0.627,-0.489,0.83,0.527,-0.652,-0.729,0.666,0.256,0.667,0.826,-0.454,-0.584,-0.159,-0.706,-0.068,0.415,0.55,-0.475,-0.551,-0.865,-0.493,-0.49,0.671,-0.479,-0.022,-0.292,-0.774,-0.108,-0.412,-0.14,-0.336,0.685,-0.341,0.767,-0.441,0.391,-0.215,-0.397,0.327,-0.118,0.482,-0.207,-0.626,0.307,-0.612,-0.557
BLFS,-0.145,-0.072,0.404,0.03,0.144,0.56,0.411,0.256,0.242,0.165,0.079,0.199,-0.02,0.242,0.048,0.482,0.173,0.005,0.45,0.325,0.302,0.389,-0.162,0.108,-0.261,-0.024,0.253,0.307,0.091,0.0,0.299,-0.127,0.157,0.222,-0.022,0.185,0.152,0.078,-0.175,0.038,0.324,-0.253,0.406,0.045,0.299,-0.177,0.21,0.26,0.504,-0.231,-0.072,0.366,0.393,-0.061,0.528,0.388,0.413,0.152,0.396,0.614,0.305,0.257,0.166,-0.084,0.23,0.328,-0.37,0.156,-0.105,0.375,0.277,0.24,-0.024,0.028,-0.115,0.113,0.03,0.174,0.169,0.198,0.086,0.167,0.089,0.236,-0.346,-0.098,0.038,-0.055,0.099,0.272,0.537,0.538,0.143,0.149,-0.037,-0.117,0.053,-0.266,0.165,0.159,0.385,0.42,0.124,-0.274,0.196,0.303,0.147,-0.187,0.51,0.168,0.475,-0.405,0.102,0.111,0.268,0.143,0.267,0.178,0.041,0.277,0.33,-0.505,0.118,0.343,0.374,0.306,0.305,0.071,0.282,0.261,0.362,0.16,-0.239,0.312,0.232,0.1,0.23,0.268,0.107,0.314,0.594,0.129,-0.195,0.131,0.173,0.504,0.299,0.285,0.198,0.319,0.373,-0.12,-0.317,0.259,0.372,0.51,-0.131,0.093,-0.048,0.136,-0.057,-0.331,0.009,0.223,0.407,0.22,-0.006,-0.197,0.13,-0.266,0.088,0.12,0.078,0.052,0.006,0.236,0.013,0.32,0.41,0.59,0.032,0.13,0.288,0.119,0.167,-0.141,0.299,0.046,0.129,0.511,0.5,0.204,0.279,0.077,-0.099,-0.146,0.039,-0.365,0.353,0.379
