,ABAT,ACLS,ACMR,ADMA,ADUS,ADVM,AEIS,AGNCM,AHCO,ALGT,ALLO,AMSF,ANAB,ANDE,APLS,APPF,ASML,ATRC,AVGO,AVT,AXDX,AXSM,AZN,BANR,BBIO,BCYC,BHFAP,BKR,BLDP,BLFS,BLKB,BLMN,BNTX,BPMC,CALM,CAMT,CASH,CATY,CCEP,CDLX,CDNS,CENN,CENX,CGC,CHDN,CLBK,COKE,COLB,COO,CORT,CRMT,CRNX,CRTO,CRVL,CSCO,CSQ,CSWI,CVBF,CWST,CYCC,CZR,DLTR,DORM,ENTA,EQIX,ERIC,EVRG,EWBC,EXAS,EXLS,EXPI,EYE,FBNC,FBRX,FCNCA,FELE,FIBK,FLEX,FRGT,FRHC,FRME,FWONA,FWONK,GDEN,GIII,GILD,GLNG,GNTX,GOOGL,GRPN,HCSG,HIMX,HOPE,HST,HTLD,HUT,HWC,ICUI,IESC,INTC,INTU,IOVA,IPAR,IPGP,ISRG,JBSS,KALU,KPRX,KRNT,LAUR,LBRDA,LBTYK,LECO,LILAK,LITE,MANH,MDXG,MFIC,MGEE,MIDD,MLAB,MMSI,MNKD,MOMO,MRVL,NICE,NMFC,NUWE,NVCR,NWBI,OFIX,OFLX,OMCL,OPK,ORKA,ORLY,OTTR,PDD,PNTG,POOL,POWL,PPBI,PPC,PRAA,PRPL,PZZA,QTRX,QURE,RDFN,RDHL,REAL,REG,REYN,RGLD,RIOT,RUN,RYTM,SAIA,SBAC,SBRA,SCVL,SHOO,SLAB,SLDB,SMCI,SMTC,SRCE,SSP,SSRM,STBA,STRO,SVC,SYBT,TCBI,TCOM,TENX,TH,TMUS,TNDM,TTD,TTMI,UAL,ULH,ULTA,VCYT,VIRT,VKTX,VOD,VRDN,VREX,VRNT,VSAT,WB,WBD,WDC,WEN,WSFS,XXII,Z,ZBRA
ABAT,0.0,-0.557,-0.568,-0.68,-0.604,0.412,-0.568,-0.612,-0.186,0.075,0.587,-0.334,0.598,-0.479,0.573,0.427,0.571,0.472,-0.125,-0.374,0.452,0.575,-0.201,-0.07,0.359,0.312,-0.637,-0.075,0.601,-0.302,-0.573,-0.539,-0.237,0.612,0.408,-0.665,-0.319,0.117,-0.419,0.327,-0.698,0.578,-0.511,-0.368,-0.434,0.521,0.027,-0.334,0.086,0.469,-0.399,0.555,-0.482,-0.417,-0.387,-0.537,0.06,-0.26,-0.574,-0.553,0.545,-0.133,-0.71,0.579,-0.675,-0.569,-0.323,-0.215,-0.274,-0.46,-0.644,-0.489,0.438,-0.549,-0.601,-0.415,-0.038,-0.645,0.497,0.114,0.257,-0.454,-0.401,-0.135,0.584,0.667,-0.469,-0.525,0.183,0.557,-0.362,-0.313,0.456,0.273,0.425,-0.12,0.02,-0.002,-0.454,0.559,-0.246,0.092,0.62,-0.499,-0.585,-0.106,0.612,0.635,-0.467,-0.675,-0.639,-0.148,-0.436,-0.501,-0.693,-0.526,-0.497,-0.17,-0.381,-0.392,-0.644,-0.101,0.375,0.421,0.1,-0.567,0.124,-0.647,-0.736,-0.188,-0.053,-0.525,-0.58,-0.542,-0.214,-0.715,0.039,-0.081,-0.663,-0.668,0.024,-0.446,0.691,-0.339,-0.625,-0.566,-0.66,0.44,-0.491,-0.665,-0.177,0.554,-0.042,-0.621,-0.42,-0.415,0.599,0.269,-0.459,-0.454,0.333,0.472,0.003,0.415,-0.6,-0.438,0.143,-0.546,-0.473,0.343,0.482,-0.292,-0.392,-0.597,-0.163,-0.626,-0.011,-0.318,-0.446,-0.133,-0.561,0.268,-0.442,0.209,-0.686,0.213,-0.413,0.32,-0.468,-0.208,-0.488,-0.142,0.446,-0.222,-0.165,-0.536,-0.417,-0.28,-0.694,-0.581
ACLS,-0.557,0.0,0.86,0.658,0.573,-0.238,0.86,0.655,0.452,-0.057,-0.421,0.215,-0.467,0.445,-0.405,-0.049,-0.329,-0.463,0.587,0.644,-0.35,-0.337,0.235,-0.019,-0.485,-0.362,0.578,0.047,-0.42,0.574,0.724,0.25,0.342,-0.388,-0.221,0.684,0.146,-0.253,0.233,-0.052,0.864,-0.737,0.832,0.48,0.677,-0.699,0.0,0.219,0.331,-0.473,0.263,-0.408,0.75,0.313,0.656,0.688,0.317,0.115,0.717,0.776,-0.441,0.13,0.654,-0.477,0.697,0.574,0.063,0.195,0.314,0.506,0.653,0.537,-0.582,0.352,0.378,0.385,-0.096,0.593,-0.273,-0.109,-0.39,0.529,0.489,0.132,-0.805,-0.504,0.334,0.494,-0.042,-0.344,0.306,0.722,-0.466,-0.293,-0.325,0.143,-0.167,-0.043,0.386,-0.356,0.589,0.426,-0.579,0.419,0.554,0.203,-0.499,-0.625,0.642,0.629,0.8,0.142,0.332,0.771,0.858,0.541,0.503,0.139,0.243,0.306,0.679,0.003,-0.203,-0.192,0.269,0.587,0.085,0.76,0.744,0.119,0.131,0.533,0.556,0.494,0.352,0.667,-0.173,0.48,0.709,0.696,0.311,0.354,-0.672,0.237,0.774,0.666,0.718,-0.166,0.479,0.766,0.525,-0.468,0.202,0.599,0.701,0.402,-0.479,-0.205,0.486,0.364,-0.435,-0.744,0.162,-0.325,0.799,0.816,-0.32,0.427,0.51,-0.51,-0.289,0.109,0.257,0.457,0.323,0.63,0.026,0.702,0.659,0.642,0.597,-0.26,0.635,-0.326,0.787,-0.093,0.572,-0.161,0.341,0.208,0.79,0.199,-0.214,0.241,0.318,0.499,0.24,-0.121,0.702,0.666
ACMR,-0.568,0.86,0.0,0.555,0.706,-0.273,0.804,0.538,0.539,-0.062,-0.634,0.282,-0.678,0.498,-0.633,-0.19,-0.478,-0.663,0.464,0.696,-0.518,-0.573,-0.025,-0.004,-0.733,-0.442,0.556,0.125,-0.583,0.408,0.786,0.326,0.246,-0.517,-0.11,0.732,0.132,-0.247,0.33,-0.354,0.833,-0.82,0.831,0.462,0.584,-0.831,0.024,0.207,0.18,-0.702,0.307,-0.465,0.732,0.257,0.544,0.567,0.295,0.159,0.653,0.66,-0.526,-0.012,0.696,-0.69,0.765,0.5,0.076,0.209,0.049,0.421,0.686,0.56,-0.667,0.452,0.459,0.424,-0.158,0.542,-0.429,-0.233,-0.388,0.41,0.369,0.01,-0.861,-0.698,0.376,0.547,-0.325,-0.449,0.187,0.571,-0.464,-0.375,-0.586,0.264,-0.063,-0.192,0.287,-0.551,0.533,0.143,-0.691,0.29,0.517,0.26,-0.66,-0.749,0.424,0.655,0.77,0.097,0.387,0.731,0.823,0.362,0.688,0.123,0.216,0.307,0.639,-0.094,-0.435,-0.252,0.134,0.513,-0.059,0.808,0.777,0.093,0.015,0.615,0.507,0.439,0.131,0.713,-0.161,0.516,0.807,0.701,0.168,0.359,-0.757,0.187,0.824,0.592,0.633,-0.312,0.439,0.669,0.283,-0.457,0.254,0.601,0.779,0.367,-0.719,-0.46,0.539,0.475,-0.613,-0.766,-0.129,-0.514,0.767,0.778,-0.36,0.413,0.517,-0.537,-0.489,0.123,0.255,0.616,0.267,0.566,-0.186,0.632,0.462,0.49,0.676,-0.36,0.555,-0.474,0.692,-0.301,0.401,-0.389,0.288,0.071,0.571,0.109,-0.252,0.205,0.151,0.509,0.345,-0.118,0.582,0.6
ADMA,-0.68,0.658,0.555,0.0,0.46,-0.335,0.663,0.651,0.285,-0.075,-0.421,0.199,-0.433,0.473,-0.386,-0.276,-0.573,-0.479,0.253,0.347,-0.263,-0.432,0.45,-0.012,-0.504,-0.31,0.651,-0.135,-0.455,0.305,0.729,0.34,0.249,-0.495,-0.462,0.54,0.196,-0.239,0.258,-0.209,0.67,-0.682,0.604,0.513,0.65,-0.467,-0.011,0.253,-0.012,-0.451,0.197,-0.369,0.465,0.487,0.248,0.548,0.112,0.125,0.653,0.696,-0.386,0.134,0.708,-0.47,0.656,0.528,0.152,0.147,0.357,0.493,0.539,0.401,-0.454,0.276,0.516,0.369,0.023,0.733,-0.389,-0.19,-0.315,0.503,0.468,0.311,-0.544,-0.579,0.344,0.484,-0.176,-0.342,0.358,0.411,-0.411,-0.07,-0.143,0.005,-0.032,-0.037,0.472,-0.382,0.326,0.232,-0.454,0.46,0.531,0.173,-0.542,-0.566,0.402,0.681,0.716,0.276,0.29,0.73,0.731,0.476,0.32,0.191,0.283,0.359,0.658,0.345,-0.269,-0.252,0.033,0.603,0.049,0.525,0.756,0.223,0.116,0.439,0.662,0.431,0.351,0.739,-0.055,0.246,0.632,0.601,0.263,0.438,-0.602,0.319,0.694,0.535,0.872,-0.268,0.463,0.826,0.315,-0.351,0.294,0.455,0.352,0.294,-0.478,-0.266,0.392,0.447,-0.329,-0.525,0.001,-0.227,0.789,0.591,-0.162,0.485,0.226,-0.436,-0.357,0.248,0.289,0.479,0.12,0.653,0.208,0.441,0.617,0.288,0.662,-0.192,0.575,-0.168,0.869,-0.109,0.756,-0.108,0.294,0.248,0.592,0.207,-0.249,0.346,0.164,0.36,0.317,0.136,0.688,0.555
ADUS,-0.604,0.573,0.706,0.46,0.0,-0.413,0.558,0.663,0.489,0.148,-0.83,0.425,-0.832,0.714,-0.881,-0.546,-0.798,-0.594,0.003,0.68,-0.76,-0.756,0.008,0.274,-0.557,-0.574,0.712,0.315,-0.836,0.199,0.641,0.763,0.159,-0.789,-0.118,0.854,0.481,0.094,0.747,-0.674,0.811,-0.582,0.63,0.441,0.396,-0.725,0.416,0.383,-0.128,-0.68,0.657,-0.529,0.705,0.435,0.358,0.572,-0.005,0.437,0.687,0.39,-0.778,0.088,0.854,-0.83,0.874,0.588,0.367,0.484,0.044,0.565,0.82,0.773,-0.519,0.806,0.796,0.679,0.121,0.682,-0.64,-0.262,-0.139,0.429,0.391,0.058,-0.564,-0.864,0.787,0.788,-0.468,-0.612,0.227,0.279,-0.385,-0.344,-0.769,0.521,0.3,0.086,0.476,-0.855,0.348,-0.29,-0.813,0.512,0.701,0.192,-0.707,-0.885,0.333,0.843,0.692,0.291,0.64,0.454,0.819,0.56,0.867,0.427,0.427,0.549,0.77,0.103,-0.511,-0.523,-0.314,0.456,-0.133,0.82,0.888,0.241,0.159,0.738,0.738,0.603,-0.1,0.842,0.112,0.185,0.874,0.8,0.111,0.692,-0.747,0.538,0.829,0.591,0.543,-0.654,0.64,0.603,0.166,-0.531,0.139,0.788,0.748,0.51,-0.771,-0.456,0.657,0.751,-0.46,-0.37,-0.177,-0.72,0.688,0.567,-0.017,0.663,0.639,-0.251,-0.644,0.412,0.536,0.937,0.435,0.626,-0.209,0.31,0.346,0.071,0.816,-0.145,0.482,-0.131,0.574,-0.318,0.231,-0.527,0.553,0.197,0.522,0.328,-0.586,0.295,0.176,0.767,0.697,0.398,0.681,0.609
ADVM,0.412,-0.238,-0.273,-0.335,-0.413,0.0,-0.317,-0.633,0.292,-0.627,0.751,-0.786,0.647,-0.797,0.447,0.872,0.572,-0.023,0.525,0.043,0.321,0.613,-0.513,-0.628,0.337,-0.231,-0.837,-0.486,0.683,-0.632,0.008,-0.664,-0.76,0.515,0.287,-0.715,-0.834,-0.541,-0.68,0.406,-0.46,0.449,-0.44,-0.581,-0.428,0.165,-0.374,-0.855,-0.076,0.45,-0.763,0.818,-0.186,-0.846,-0.279,-0.748,-0.295,-0.761,-0.708,-0.287,0.569,-0.759,-0.685,0.371,-0.444,-0.776,-0.598,-0.641,-0.603,-0.838,-0.563,-0.731,-0.151,-0.599,-0.761,-0.826,-0.671,-0.766,0.585,-0.374,-0.335,-0.72,-0.653,-0.608,0.217,0.3,-0.7,-0.727,-0.045,0.455,-0.856,-0.029,0.07,0.011,0.305,-0.252,-0.302,-0.581,-0.852,0.403,0.41,0.314,0.526,-0.775,-0.791,-0.699,0.158,0.452,-0.389,-0.683,-0.595,-0.315,-0.815,-0.024,-0.461,-0.541,-0.332,-0.678,-0.854,-0.895,-0.538,-0.12,0.848,0.906,0.649,-0.841,-0.328,-0.409,-0.536,-0.764,-0.677,-0.748,-0.582,-0.718,-0.35,-0.677,-0.606,0.485,-0.354,-0.749,-0.476,-0.801,0.226,-0.835,-0.354,-0.757,-0.535,0.814,-0.223,-0.17,0.269,0.659,0.51,-0.622,-0.206,-0.848,0.249,-0.316,-0.056,-0.44,-0.155,0.056,-0.366,0.528,-0.303,0.06,-0.579,-0.831,-0.386,-0.446,0.378,-0.801,-0.892,-0.538,-0.263,-0.744,-0.554,0.251,0.117,0.492,-0.575,-0.281,-0.695,-0.176,-0.405,-0.351,0.028,-0.177,-0.483,-0.801,-0.241,-0.616,0.841,-0.636,-0.406,-0.646,-0.794,-0.42,-0.426,-0.726
AEIS,-0.568,0.86,0.804,0.663,0.558,-0.317,0.0,0.59,0.444,0.128,-0.478,0.369,-0.473,0.519,-0.352,-0.183,-0.394,-0.387,0.505,0.642,-0.185,-0.401,0.275,0.14,-0.563,-0.16,0.582,0.12,-0.403,0.552,0.637,0.242,0.335,-0.32,-0.221,0.628,0.281,-0.111,0.229,-0.037,0.73,-0.807,0.872,0.471,0.831,-0.606,-0.008,0.339,0.392,-0.568,0.293,-0.532,0.612,0.446,0.623,0.631,0.451,0.237,0.744,0.759,-0.343,0.253,0.635,-0.389,0.6,0.501,0.054,0.315,0.328,0.569,0.574,0.562,-0.391,0.289,0.457,0.384,0.077,0.691,-0.332,-0.004,-0.179,0.653,0.641,0.25,-0.692,-0.513,0.317,0.45,-0.208,-0.212,0.399,0.545,-0.208,-0.113,-0.244,0.039,0.063,-0.048,0.409,-0.328,0.321,0.296,-0.481,0.36,0.495,0.355,-0.469,-0.536,0.594,0.575,0.825,0.097,0.44,0.8,0.769,0.413,0.475,0.285,0.26,0.378,0.719,0.022,-0.349,-0.28,0.254,0.599,0.206,0.638,0.721,0.323,0.249,0.572,0.443,0.369,0.155,0.651,-0.052,0.381,0.662,0.657,0.355,0.456,-0.564,0.323,0.729,0.742,0.691,-0.165,0.349,0.682,0.299,-0.462,0.186,0.488,0.583,0.459,-0.486,-0.152,0.251,0.346,-0.394,-0.618,0.101,-0.241,0.764,0.702,-0.178,0.499,0.312,-0.397,-0.18,0.166,0.294,0.468,0.188,0.656,0.113,0.583,0.502,0.459,0.586,-0.089,0.661,-0.279,0.854,0.013,0.657,-0.177,0.307,0.346,0.63,0.227,-0.31,0.458,0.47,0.445,0.356,-0.084,0.556,0.704
AGNCM,-0.612,0.655,0.538,0.651,0.663,-0.633,0.59,0.0,0.168,0.292,-0.631,0.445,-0.581,0.741,-0.601,-0.558,-0.626,-0.251,-0.013,0.353,-0.485,-0.486,0.537,0.361,-0.277,-0.318,0.895,0.384,-0.704,0.52,0.419,0.717,0.53,-0.694,-0.478,0.858,0.64,0.181,0.661,-0.397,0.841,-0.514,0.659,0.554,0.538,-0.459,0.387,0.602,-0.016,-0.376,0.698,-0.593,0.687,0.676,0.548,0.89,0.14,0.509,0.831,0.642,-0.717,0.467,0.863,-0.576,0.777,0.886,0.496,0.501,0.591,0.814,0.84,0.806,-0.319,0.687,0.745,0.774,0.355,0.83,-0.378,0.063,-0.066,0.684,0.604,0.4,-0.459,-0.582,0.779,0.821,-0.003,-0.541,0.626,0.39,-0.384,-0.22,-0.344,0.337,0.112,0.447,0.808,-0.556,0.213,0.029,-0.695,0.84,0.897,0.295,-0.411,-0.7,0.619,0.878,0.792,0.387,0.694,0.402,0.865,0.87,0.574,0.581,0.7,0.763,0.818,0.187,-0.435,-0.604,-0.341,0.758,0.26,0.699,0.838,0.467,0.455,0.687,0.851,0.853,0.425,0.856,0.276,-0.046,0.685,0.875,0.462,0.748,-0.59,0.748,0.688,0.808,0.765,-0.641,0.702,0.67,0.428,-0.685,-0.127,0.851,0.582,0.73,-0.38,0.061,0.509,0.61,-0.067,-0.351,0.316,-0.5,0.714,0.434,0.219,0.78,0.707,-0.022,-0.522,0.62,0.723,0.681,0.504,0.85,0.264,0.294,0.53,0.086,0.731,0.046,0.665,0.168,0.704,0.198,0.327,-0.003,0.676,0.565,0.769,0.669,-0.644,0.445,0.454,0.829,0.65,0.479,0.878,0.848
AHCO,-0.186,0.452,0.539,0.285,0.489,0.292,0.444,0.168,0.0,-0.187,-0.233,-0.159,-0.316,0.225,-0.374,0.197,-0.324,-0.61,0.565,0.798,-0.38,-0.301,-0.156,-0.26,-0.482,-0.646,0.095,-0.184,-0.202,-0.222,0.654,0.139,-0.394,-0.298,0.286,0.243,-0.243,-0.402,0.056,-0.214,0.414,-0.376,0.531,0.302,0.326,-0.676,0.172,-0.341,0.071,-0.391,-0.111,0.038,0.569,-0.135,0.005,0.047,0.159,-0.279,0.251,0.254,-0.254,-0.365,0.328,-0.353,0.499,-0.055,-0.299,0.019,-0.431,-0.018,0.252,0.234,-0.616,0.125,0.132,0.098,-0.361,0.187,-0.221,-0.622,-0.476,0.04,0.123,-0.222,-0.425,-0.552,0.141,0.243,-0.601,-0.07,-0.279,0.402,-0.204,-0.076,-0.242,0.341,-0.033,-0.508,-0.19,-0.455,0.592,0.274,-0.348,-0.167,0.019,-0.054,-0.54,-0.484,-0.076,0.233,0.372,0.149,0.04,0.587,0.444,-0.02,0.507,-0.054,-0.313,-0.112,0.386,0.151,0.058,0.238,0.322,-0.085,-0.193,0.516,0.439,-0.251,-0.216,0.18,0.22,-0.09,-0.363,0.3,-0.367,0.748,0.561,0.21,0.06,0.049,-0.446,-0.068,0.635,0.114,0.197,0.097,0.27,0.495,0.307,0.12,0.695,0.21,0.694,-0.128,-0.532,-0.636,0.511,0.302,-0.668,-0.468,-0.406,-0.313,0.615,0.783,-0.485,0.098,0.157,-0.707,-0.135,-0.203,-0.209,0.43,0.288,0.136,-0.431,0.584,0.339,0.557,0.401,-0.184,0.025,-0.34,0.301,-0.497,0.471,-0.558,-0.018,-0.301,0.238,-0.066,0.193,0.056,-0.148,0.162,0.064,-0.112,0.229,0.127
ALGT,0.075,-0.057,-0.062,-0.075,0.148,-0.627,0.128,0.292,-0.187,0.0,-0.342,0.653,-0.238,0.605,-0.03,-0.535,-0.231,0.42,-0.417,-0.025,0.063,-0.174,0.441,0.739,-0.107,0.445,0.431,0.548,-0.203,0.473,-0.336,0.45,0.537,-0.018,0.157,0.293,0.747,0.768,0.477,-0.092,0.032,-0.088,0.244,0.452,0.417,0.19,0.471,0.692,0.324,-0.075,0.573,-0.402,-0.011,0.615,0.1,0.472,0.518,0.667,0.444,-0.016,-0.141,0.746,0.261,0.106,0.01,0.348,0.297,0.731,0.422,0.648,0.172,0.539,0.55,0.242,0.468,0.598,0.825,0.459,-0.256,0.479,0.646,0.63,0.656,0.689,0.245,0.08,0.504,0.43,0.11,0.124,0.663,-0.025,0.478,0.403,0.013,0.165,0.553,0.599,0.55,-0.062,-0.577,-0.157,-0.059,0.409,0.385,0.762,0.266,-0.032,0.167,0.237,0.315,0.337,0.664,-0.135,0.06,0.206,0.152,0.755,0.562,0.71,0.313,0.164,-0.5,-0.579,-0.412,0.44,0.601,0.017,0.137,0.796,0.789,0.461,0.212,0.297,-0.014,0.237,0.737,-0.438,0.031,0.341,0.601,0.632,0.324,0.72,0.062,0.518,0.093,-0.426,-0.097,-0.221,-0.321,-0.207,-0.323,0.261,0.036,0.641,0.125,0.539,-0.283,0.213,0.383,0.41,0.492,-0.178,-0.003,-0.209,0.794,0.625,0.093,0.643,0.084,0.658,0.656,0.263,0.284,0.348,0.623,-0.332,-0.285,-0.453,0.227,0.827,0.464,0.487,0.062,0.52,-0.047,0.349,0.215,0.768,-0.018,0.723,-0.544,0.757,0.536,0.417,0.652,0.223,-0.013,0.444
ALLO,0.587,-0.421,-0.634,-0.421,-0.83,0.751,-0.478,-0.631,-0.233,-0.342,0.0,-0.652,0.97,-0.84,0.872,0.81,0.828,0.516,0.28,-0.425,0.733,0.929,-0.109,-0.393,0.636,0.314,-0.809,-0.377,0.936,-0.327,-0.468,-0.794,-0.407,0.817,0.1,-0.88,-0.626,-0.258,-0.8,0.738,-0.709,0.645,-0.619,-0.598,-0.398,0.652,-0.428,-0.577,0.144,0.801,-0.715,0.79,-0.521,-0.613,-0.267,-0.625,-0.106,-0.585,-0.709,-0.341,0.817,-0.299,-0.879,0.793,-0.794,-0.678,-0.498,-0.566,-0.141,-0.669,-0.746,-0.801,0.339,-0.797,-0.861,-0.822,-0.301,-0.757,0.782,0.1,0.015,-0.529,-0.481,-0.22,0.542,0.786,-0.785,-0.842,0.433,0.682,-0.474,-0.1,0.313,0.28,0.724,-0.516,-0.295,-0.175,-0.606,0.831,-0.024,0.452,0.85,-0.585,-0.766,-0.49,0.627,0.831,-0.242,-0.837,-0.693,-0.294,-0.775,-0.319,-0.698,-0.469,-0.72,-0.498,-0.631,-0.719,-0.678,-0.092,0.849,0.767,0.519,-0.666,0.076,-0.742,-0.814,-0.452,-0.304,-0.869,-0.685,-0.656,-0.032,-0.862,-0.303,0.045,-0.749,-0.848,-0.191,-0.767,0.613,-0.665,-0.731,-0.67,-0.55,0.837,-0.433,-0.429,0.188,0.608,0.114,-0.767,-0.619,-0.662,0.771,0.286,-0.469,-0.71,0.384,0.346,0.12,0.839,-0.585,-0.34,-0.165,-0.794,-0.558,0.018,0.668,-0.597,-0.704,-0.9,-0.354,-0.719,-0.016,-0.068,-0.03,0.245,-0.822,0.077,-0.572,0.172,-0.506,0.214,-0.075,0.403,-0.499,-0.392,-0.284,-0.403,0.756,-0.433,-0.139,-0.743,-0.832,-0.378,-0.557,-0.678
AMSF,-0.334,0.215,0.282,0.199,0.425,-0.786,0.369,0.445,-0.159,0.653,-0.652,0.0,-0.597,0.744,-0.35,-0.718,-0.488,0.02,-0.402,0.069,-0.251,-0.563,0.346,0.609,-0.355,0.248,0.647,0.432,-0.534,0.582,0.042,0.548,0.602,-0.342,0.012,0.591,0.749,0.575,0.624,-0.314,0.358,-0.44,0.431,0.517,0.458,-0.127,0.306,0.759,0.212,-0.415,0.654,-0.701,0.109,0.729,0.257,0.587,0.392,0.703,0.589,0.218,-0.392,0.6,0.548,-0.274,0.336,0.534,0.481,0.64,0.457,0.706,0.412,0.613,0.207,0.491,0.701,0.719,0.632,0.674,-0.591,0.31,0.432,0.637,0.618,0.603,-0.163,-0.251,0.604,0.593,0.055,-0.28,0.698,0.063,0.14,0.153,-0.302,0.216,0.464,0.434,0.632,-0.348,-0.37,-0.345,-0.426,0.547,0.572,0.77,-0.144,-0.35,0.309,0.527,0.5,0.285,0.727,0.092,0.338,0.327,0.295,0.568,0.666,0.747,0.465,0.186,-0.761,-0.725,-0.448,0.669,0.242,0.315,0.442,0.743,0.652,0.722,0.407,0.538,0.066,0.554,0.62,-0.348,0.358,0.597,0.402,0.74,-0.122,0.701,0.327,0.632,0.403,-0.661,0.058,0.058,-0.397,-0.466,-0.336,0.442,0.175,0.674,-0.295,0.26,-0.046,0.425,0.085,0.039,0.366,-0.443,0.248,0.007,0.55,0.716,0.225,0.416,-0.197,0.673,0.745,0.534,0.197,0.54,0.484,-0.166,-0.143,-0.433,0.514,0.352,0.624,0.119,0.338,0.175,0.064,0.079,0.297,0.68,0.191,0.529,-0.694,0.602,0.354,0.526,0.751,0.214,0.215,0.574
ANAB,0.598,-0.467,-0.678,-0.433,-0.832,0.647,-0.473,-0.581,-0.316,-0.238,0.97,-0.597,0.0,-0.783,0.889,0.709,0.816,0.635,0.173,-0.486,0.802,0.951,-0.015,-0.253,0.661,0.416,-0.737,-0.24,0.912,-0.257,-0.568,-0.754,-0.298,0.821,-0.0,-0.849,-0.496,-0.128,-0.744,0.72,-0.729,0.683,-0.622,-0.621,-0.365,0.747,-0.39,-0.438,0.171,0.831,-0.596,0.739,-0.558,-0.505,-0.224,-0.555,-0.062,-0.461,-0.664,-0.322,0.817,-0.154,-0.859,0.811,-0.823,-0.598,-0.443,-0.471,-0.018,-0.559,-0.698,-0.72,0.455,-0.755,-0.814,-0.765,-0.156,-0.692,0.808,0.246,0.145,-0.455,-0.414,-0.119,0.628,0.827,-0.723,-0.807,0.463,0.712,-0.357,-0.145,0.393,0.311,0.735,-0.545,-0.229,-0.028,-0.477,0.868,-0.16,0.404,0.891,-0.493,-0.687,-0.441,0.719,0.865,-0.184,-0.806,-0.664,-0.292,-0.671,-0.392,-0.699,-0.39,-0.713,-0.357,-0.52,-0.598,-0.635,-0.149,0.788,0.656,0.397,-0.615,0.219,-0.781,-0.806,-0.312,-0.167,-0.841,-0.669,-0.585,-0.016,-0.835,-0.199,-0.102,-0.786,-0.812,-0.088,-0.669,0.637,-0.553,-0.787,-0.591,-0.536,0.766,-0.39,-0.467,0.183,0.522,-0.018,-0.745,-0.669,-0.541,0.852,0.399,-0.566,-0.717,0.534,0.436,0.175,0.877,-0.632,-0.451,-0.025,-0.731,-0.553,0.152,0.662,-0.499,-0.586,-0.91,-0.331,-0.651,0.083,-0.185,-0.06,0.138,-0.827,0.169,-0.497,0.306,-0.495,0.388,-0.115,0.513,-0.419,-0.252,-0.261,-0.303,0.641,-0.329,0.006,-0.681,-0.755,-0.278,-0.546,-0.606
ANDE,-0.479,0.445,0.498,0.473,0.714,-0.797,0.519,0.741,0.225,0.605,-0.84,0.744,-0.783,0.0,-0.636,-0.751,-0.773,-0.231,-0.263,0.423,-0.514,-0.722,0.484,0.541,-0.546,-0.137,0.892,0.43,-0.783,0.506,0.299,0.799,0.506,-0.683,-0.071,0.835,0.778,0.417,0.747,-0.512,0.646,-0.602,0.687,0.736,0.601,-0.472,0.552,0.705,0.122,-0.556,0.747,-0.737,0.492,0.773,0.298,0.776,0.412,0.664,0.865,0.333,-0.689,0.6,0.857,-0.5,0.709,0.745,0.429,0.717,0.38,0.877,0.723,0.885,-0.112,0.694,0.849,0.924,0.57,0.881,-0.712,0.052,0.164,0.788,0.761,0.562,-0.339,-0.567,0.871,0.866,-0.282,-0.437,0.701,0.246,-0.125,0.03,-0.397,0.452,0.354,0.391,0.778,-0.659,-0.143,-0.185,-0.69,0.684,0.812,0.683,-0.438,-0.693,0.361,0.802,0.785,0.428,0.88,0.31,0.686,0.577,0.599,0.729,0.702,0.878,0.804,0.273,-0.745,-0.794,-0.521,0.763,0.285,0.661,0.779,0.676,0.647,0.841,0.72,0.681,0.073,0.832,0.532,-0.149,0.632,0.858,0.583,0.872,-0.381,0.859,0.681,0.8,0.639,-0.79,0.402,0.381,-0.075,-0.579,-0.094,0.746,0.552,0.813,-0.502,0.04,0.33,0.644,-0.137,-0.184,0.192,-0.663,0.604,0.341,0.406,0.925,0.446,0.113,-0.386,0.751,0.805,0.802,0.459,0.789,0.392,0.03,0.103,-0.242,0.796,0.326,0.681,0.14,0.519,0.073,0.277,-0.108,0.525,0.707,0.368,0.654,-0.765,0.744,0.399,0.77,0.858,0.42,0.551,0.79
APLS,0.573,-0.405,-0.633,-0.386,-0.881,0.447,-0.352,-0.601,-0.374,-0.03,0.872,-0.35,0.889,-0.636,0.0,0.623,0.8,0.671,0.151,-0.496,0.903,0.845,0.093,-0.134,0.51,0.651,-0.658,-0.3,0.921,-0.041,-0.576,-0.784,-0.137,0.9,0.149,-0.819,-0.403,-0.034,-0.759,0.858,-0.753,0.495,-0.49,-0.367,-0.155,0.737,-0.481,-0.311,0.413,0.704,-0.609,0.552,-0.678,-0.323,-0.284,-0.477,0.191,-0.374,-0.548,-0.309,0.897,0.044,-0.827,0.906,-0.866,-0.596,-0.449,-0.351,0.067,-0.44,-0.766,-0.671,0.569,-0.825,-0.73,-0.658,-0.017,-0.564,0.649,0.315,0.242,-0.236,-0.165,0.121,0.581,0.897,-0.749,-0.775,0.51,0.802,-0.161,-0.072,0.511,0.529,0.799,-0.61,-0.124,-0.049,-0.416,0.93,-0.327,0.455,0.893,-0.495,-0.688,-0.095,0.746,0.908,-0.178,-0.799,-0.566,-0.194,-0.599,-0.295,-0.729,-0.506,-0.807,-0.283,-0.456,-0.5,-0.634,-0.032,0.582,0.553,0.461,-0.398,0.309,-0.803,-0.8,-0.117,-0.016,-0.698,-0.682,-0.632,0.01,-0.794,-0.067,-0.12,-0.795,-0.75,0.056,-0.571,0.757,-0.45,-0.736,-0.44,-0.448,0.745,-0.656,-0.542,-0.065,0.565,-0.047,-0.811,-0.711,-0.447,0.827,0.514,-0.727,-0.729,0.509,0.426,0.312,0.825,-0.589,-0.437,0.073,-0.596,-0.717,0.215,0.835,-0.372,-0.486,-0.91,-0.398,-0.568,0.314,-0.25,-0.208,0.069,-0.765,0.317,-0.324,0.228,-0.43,0.421,-0.021,0.596,-0.573,-0.067,-0.351,-0.232,0.581,-0.104,0.043,-0.74,-0.654,-0.443,-0.659,-0.525
APPF,0.427,-0.049,-0.19,-0.276,-0.546,0.872,-0.183,-0.558,0.197,-0.535,0.81,-0.718,0.709,-0.751,0.623,0.0,0.7,0.07,0.688,0.061,0.488,0.721,-0.365,-0.582,0.287,-0.031,-0.752,-0.457,0.783,-0.309,-0.023,-0.777,-0.55,0.633,0.256,-0.687,-0.806,-0.542,-0.795,0.651,-0.409,0.331,-0.282,-0.448,-0.237,0.191,-0.508,-0.744,0.235,0.495,-0.783,0.767,-0.185,-0.759,-0.108,-0.561,-0.032,-0.728,-0.578,-0.107,0.684,-0.549,-0.695,0.482,-0.486,-0.674,-0.691,-0.577,-0.405,-0.711,-0.523,-0.673,-0.09,-0.725,-0.822,-0.804,-0.592,-0.718,0.654,-0.19,-0.297,-0.544,-0.486,-0.386,0.134,0.46,-0.752,-0.751,0.168,0.59,-0.658,0.258,0.102,0.166,0.449,-0.404,-0.398,-0.498,-0.736,0.599,0.418,0.573,0.596,-0.735,-0.743,-0.506,0.287,0.528,-0.179,-0.674,-0.464,-0.288,-0.819,0.086,-0.404,-0.478,-0.441,-0.614,-0.792,-0.822,-0.502,-0.18,0.848,0.904,0.771,-0.622,-0.066,-0.405,-0.543,-0.631,-0.499,-0.718,-0.572,-0.665,-0.13,-0.675,-0.542,0.502,-0.402,-0.69,-0.239,-0.787,0.316,-0.803,-0.355,-0.586,-0.386,0.882,-0.324,-0.157,0.388,0.622,0.451,-0.616,-0.226,-0.727,0.352,-0.114,-0.152,-0.536,-0.038,-0.046,-0.133,0.618,-0.256,0.136,-0.539,-0.798,-0.383,-0.428,0.522,-0.716,-0.832,-0.672,-0.274,-0.668,-0.313,0.357,0.192,0.66,-0.609,-0.194,-0.487,-0.136,-0.325,-0.147,0.082,0.083,-0.509,-0.618,-0.109,-0.5,0.878,-0.481,-0.227,-0.644,-0.859,-0.611,-0.402,-0.603
ASML,0.571,-0.329,-0.478,-0.573,-0.798,0.572,-0.394,-0.626,-0.324,-0.231,0.828,-0.488,0.816,-0.773,0.8,0.7,0.0,0.553,0.24,-0.43,0.688,0.837,-0.252,-0.249,0.591,0.433,-0.747,-0.138,0.824,-0.092,-0.534,-0.795,-0.128,0.808,0.156,-0.746,-0.511,-0.098,-0.687,0.714,-0.647,0.617,-0.526,-0.601,-0.395,0.595,-0.483,-0.394,0.233,0.704,-0.538,0.567,-0.488,-0.608,-0.096,-0.493,-0.019,-0.411,-0.673,-0.284,0.715,-0.177,-0.847,0.712,-0.803,-0.549,-0.432,-0.441,-0.079,-0.571,-0.638,-0.654,0.384,-0.658,-0.846,-0.741,-0.215,-0.747,0.766,0.325,0.072,-0.46,-0.44,-0.264,0.407,0.825,-0.76,-0.779,0.551,0.608,-0.359,-0.04,0.308,0.093,0.534,-0.495,-0.331,-0.073,-0.528,0.854,-0.106,0.291,0.749,-0.551,-0.666,-0.339,0.72,0.798,-0.146,-0.828,-0.627,-0.454,-0.621,-0.399,-0.669,-0.462,-0.637,-0.454,-0.472,-0.608,-0.729,-0.406,0.662,0.576,0.468,-0.536,0.105,-0.65,-0.807,-0.37,-0.225,-0.759,-0.795,-0.531,0.008,-0.818,-0.249,-0.065,-0.767,-0.737,-0.163,-0.723,0.567,-0.622,-0.763,-0.536,-0.638,0.721,-0.466,-0.543,0.089,0.403,-0.172,-0.677,-0.534,-0.454,0.679,0.396,-0.563,-0.745,0.409,0.268,0.19,0.708,-0.678,-0.409,-0.121,-0.721,-0.408,0.135,0.602,-0.56,-0.565,-0.897,-0.372,-0.637,-0.033,-0.138,-0.169,0.184,-0.85,-0.018,-0.468,0.087,-0.559,0.27,-0.246,0.429,-0.456,-0.3,-0.31,-0.404,0.571,-0.414,-0.013,-0.62,-0.74,-0.498,-0.541,-0.561
ATRC,0.472,-0.463,-0.663,-0.479,-0.594,-0.023,-0.387,-0.251,-0.61,0.42,0.516,0.02,0.635,-0.231,0.671,0.07,0.553,0.0,-0.334,-0.586,0.629,0.641,0.363,0.302,0.654,0.754,-0.263,0.267,0.526,0.193,-0.832,-0.253,0.301,0.644,0.003,-0.423,0.183,0.468,-0.208,0.497,-0.564,0.589,-0.466,-0.311,-0.152,0.803,0.032,0.204,0.317,0.711,0.02,0.199,-0.507,0.062,-0.038,-0.079,0.186,0.151,-0.249,-0.339,0.457,0.489,-0.516,0.762,-0.669,-0.113,0.016,0.049,0.445,0.044,-0.409,-0.217,0.797,-0.307,-0.357,-0.171,0.457,-0.242,0.5,0.695,0.535,0.077,0.072,0.309,0.651,0.802,-0.189,-0.342,0.595,0.461,0.267,-0.229,0.492,0.345,0.55,-0.305,0.031,0.544,0.113,0.656,-0.663,0.113,0.602,0.039,-0.178,0.098,0.8,0.69,0.058,-0.485,-0.371,-0.106,-0.01,-0.619,-0.553,-0.077,-0.511,0.167,0.121,0.066,-0.342,-0.103,0.229,-0.066,-0.124,-0.143,0.487,-0.604,-0.585,0.256,0.462,-0.327,-0.414,-0.112,0.133,-0.508,0.4,-0.629,-0.704,-0.359,0.254,-0.132,0.672,0.061,-0.723,-0.095,-0.412,0.208,-0.325,-0.601,-0.166,0.058,-0.533,-0.338,-0.604,0.143,0.876,0.867,-0.676,-0.508,0.793,0.637,0.609,0.535,-0.655,-0.676,0.537,-0.127,-0.274,0.688,0.552,0.077,0.073,-0.605,-0.085,-0.249,0.552,-0.543,-0.313,-0.376,-0.577,0.6,-0.075,0.578,-0.424,0.746,-0.252,0.695,-0.077,0.405,-0.221,0.198,-0.033,0.127,0.372,-0.206,-0.173,0.026,-0.412,-0.13
AVGO,-0.125,0.587,0.464,0.253,0.003,0.525,0.505,-0.013,0.565,-0.417,0.28,-0.402,0.173,-0.263,0.151,0.688,0.24,-0.334,0.0,0.554,0.128,0.223,-0.169,-0.485,-0.182,-0.27,-0.207,-0.365,0.317,0.042,0.52,-0.408,-0.31,0.202,0.101,-0.083,-0.552,-0.626,-0.477,0.429,0.262,-0.303,0.411,0.026,0.333,-0.395,-0.383,-0.477,0.402,-0.047,-0.476,0.279,0.395,-0.363,0.322,-0.026,0.213,-0.53,0.026,0.471,0.221,-0.384,-0.07,0.026,0.123,-0.212,-0.555,-0.304,-0.221,-0.25,-0.001,-0.172,-0.491,-0.361,-0.319,-0.369,-0.549,-0.114,0.233,-0.305,-0.52,-0.043,0.011,-0.26,-0.459,-0.115,-0.365,-0.234,-0.079,0.223,-0.315,0.627,-0.152,-0.02,0.13,-0.197,-0.342,-0.545,-0.382,0.14,0.708,0.69,0.049,-0.345,-0.257,-0.208,-0.214,-0.049,0.201,-0.111,0.217,-0.092,-0.382,0.652,0.268,-0.095,0.055,-0.38,-0.535,-0.462,0.115,-0.084,0.452,0.598,0.849,-0.122,-0.054,0.218,0.108,-0.401,-0.351,-0.15,-0.089,-0.278,-0.014,-0.056,-0.622,0.807,0.255,-0.077,-0.06,-0.362,-0.217,-0.469,0.319,0.012,0.163,0.616,0.021,0.441,0.56,0.194,0.606,-0.086,0.348,-0.333,-0.151,-0.319,0.214,-0.177,-0.446,-0.557,-0.086,0.216,0.407,0.712,-0.665,-0.298,0.015,-0.74,0.213,-0.513,-0.524,-0.142,0.007,-0.084,-0.293,0.82,0.535,0.942,-0.023,-0.31,0.012,-0.426,0.339,-0.239,0.511,-0.185,-0.211,-0.389,0.363,-0.274,0.561,-0.168,0.008,-0.18,-0.447,-0.578,0.111,0.002
AVT,-0.374,0.644,0.696,0.347,0.68,0.043,0.642,0.353,0.798,-0.025,-0.425,0.069,-0.486,0.423,-0.496,0.061,-0.43,-0.586,0.554,0.0,-0.434,-0.41,-0.156,-0.054,-0.524,-0.547,0.329,0.049,-0.379,0.116,0.682,0.297,-0.196,-0.426,0.149,0.481,0.038,-0.209,0.209,-0.214,0.606,-0.545,0.698,0.341,0.49,-0.751,0.167,-0.035,0.207,-0.495,0.15,-0.192,0.721,0.02,0.336,0.298,0.253,0.007,0.474,0.403,-0.384,-0.128,0.505,-0.474,0.629,0.184,-0.217,0.299,-0.251,0.245,0.512,0.48,-0.563,0.31,0.348,0.265,-0.161,0.365,-0.338,-0.377,-0.314,0.286,0.322,-0.083,-0.566,-0.641,0.376,0.371,-0.553,-0.163,-0.053,0.535,-0.197,-0.145,-0.394,0.312,0.1,-0.299,0.048,-0.546,0.561,0.202,-0.492,0.014,0.256,0.085,-0.607,-0.612,0.276,0.434,0.58,0.113,0.264,0.682,0.637,0.236,0.634,0.15,-0.09,0.113,0.625,0.002,-0.083,-0.01,0.233,0.157,-0.057,0.699,0.626,-0.02,-0.008,0.404,0.367,0.146,-0.262,0.466,-0.23,0.606,0.699,0.452,0.123,0.298,-0.525,0.135,0.745,0.373,0.358,-0.078,0.363,0.563,0.364,-0.177,0.508,0.441,0.751,0.171,-0.642,-0.485,0.525,0.371,-0.612,-0.529,-0.259,-0.397,0.664,0.813,-0.348,0.306,0.341,-0.611,-0.197,-0.025,0.037,0.596,0.333,0.302,-0.313,0.609,0.395,0.541,0.517,-0.123,0.253,-0.279,0.459,-0.397,0.476,-0.542,0.249,-0.055,0.418,0.085,-0.058,0.232,0.166,0.411,0.246,-0.087,0.411,0.365
AXDX,0.452,-0.35,-0.518,-0.263,-0.76,0.321,-0.185,-0.485,-0.38,0.063,0.733,-0.251,0.802,-0.514,0.903,0.488,0.688,0.629,0.128,-0.434,0.0,0.763,0.124,0.031,0.322,0.716,-0.509,-0.125,0.822,0.059,-0.524,-0.718,-0.039,0.826,-0.034,-0.706,-0.25,0.098,-0.675,0.774,-0.683,0.353,-0.362,-0.387,0.037,0.73,-0.496,-0.107,0.445,0.58,-0.462,0.425,-0.633,-0.174,-0.183,-0.358,0.29,-0.186,-0.406,-0.153,0.885,0.164,-0.711,0.787,-0.807,-0.487,-0.409,-0.17,0.149,-0.282,-0.627,-0.52,0.627,-0.76,-0.564,-0.592,0.15,-0.412,0.621,0.444,0.397,-0.094,-0.022,0.25,0.556,0.789,-0.649,-0.699,0.421,0.839,-0.038,-0.047,0.629,0.537,0.744,-0.705,0.039,0.027,-0.27,0.886,-0.419,0.35,0.869,-0.429,-0.573,-0.019,0.727,0.866,-0.056,-0.668,-0.408,-0.221,-0.434,-0.196,-0.617,-0.423,-0.69,-0.083,-0.345,-0.351,-0.463,-0.136,0.431,0.432,0.399,-0.288,0.478,-0.755,-0.677,0.089,0.115,-0.591,-0.614,-0.55,-0.028,-0.657,0.008,-0.2,-0.693,-0.644,0.187,-0.402,0.668,-0.321,-0.669,-0.257,-0.313,0.641,-0.588,-0.467,-0.052,0.406,-0.085,-0.741,-0.706,-0.299,0.729,0.511,-0.809,-0.671,0.571,0.427,0.283,0.865,-0.514,-0.448,0.183,-0.485,-0.697,0.272,0.75,-0.288,-0.363,-0.811,-0.48,-0.432,0.378,-0.245,-0.156,0.025,-0.671,0.339,-0.177,0.297,-0.251,0.535,0.04,0.61,-0.447,0.071,-0.267,-0.16,0.436,0.08,0.239,-0.625,-0.52,-0.399,-0.58,-0.398
AXSM,0.575,-0.337,-0.573,-0.432,-0.756,0.613,-0.401,-0.486,-0.301,-0.174,0.929,-0.563,0.951,-0.722,0.845,0.721,0.837,0.641,0.223,-0.41,0.763,0.0,-0.025,-0.152,0.641,0.389,-0.666,-0.09,0.861,-0.109,-0.538,-0.705,-0.182,0.796,-0.01,-0.744,-0.411,-0.056,-0.659,0.718,-0.626,0.639,-0.528,-0.603,-0.281,0.71,-0.351,-0.338,0.228,0.811,-0.486,0.71,-0.432,-0.504,-0.085,-0.421,0.005,-0.35,-0.569,-0.23,0.757,-0.092,-0.798,0.752,-0.775,-0.478,-0.41,-0.361,0.056,-0.463,-0.584,-0.589,0.46,-0.656,-0.77,-0.708,-0.091,-0.657,0.842,0.339,0.197,-0.377,-0.362,-0.075,0.551,0.824,-0.649,-0.741,0.532,0.715,-0.321,-0.026,0.381,0.235,0.663,-0.541,-0.196,0.076,-0.397,0.863,-0.094,0.429,0.826,-0.432,-0.585,-0.415,0.758,0.809,-0.029,-0.735,-0.557,-0.341,-0.595,-0.338,-0.595,-0.297,-0.6,-0.263,-0.423,-0.517,-0.548,-0.268,0.795,0.604,0.398,-0.555,0.332,-0.686,-0.734,-0.255,-0.1,-0.794,-0.636,-0.474,0.042,-0.78,-0.145,-0.099,-0.741,-0.714,-0.009,-0.602,0.597,-0.499,-0.741,-0.489,-0.504,0.722,-0.312,-0.429,0.296,0.43,-0.066,-0.629,-0.567,-0.428,0.824,0.442,-0.54,-0.658,0.566,0.402,0.238,0.869,-0.609,-0.4,0.01,-0.667,-0.414,0.172,0.621,-0.464,-0.494,-0.865,-0.293,-0.563,0.109,-0.116,0.036,0.226,-0.808,0.185,-0.411,0.368,-0.45,0.442,-0.123,0.556,-0.301,-0.188,-0.154,-0.23,0.58,-0.27,0.128,-0.555,-0.714,-0.293,-0.437,-0.526
AZN,-0.201,0.235,-0.025,0.45,0.008,-0.513,0.275,0.537,-0.156,0.441,-0.109,0.346,-0.015,0.484,0.093,-0.365,-0.252,0.363,-0.169,-0.156,0.124,-0.025,0.0,0.297,0.032,0.265,0.547,0.087,-0.129,0.473,-0.108,0.304,0.549,-0.084,-0.325,0.308,0.483,0.223,0.187,0.128,0.244,-0.232,0.306,0.456,0.485,0.087,0.318,0.471,0.299,0.085,0.312,-0.37,0.099,0.656,0.22,0.598,0.386,0.293,0.582,0.285,-0.165,0.699,0.372,0.197,0.186,0.55,0.246,0.283,0.745,0.649,0.223,0.34,0.211,0.141,0.305,0.483,0.496,0.604,-0.141,0.278,0.142,0.692,0.66,0.661,0.017,0.082,0.358,0.382,0.258,-0.071,0.726,0.149,-0.036,0.264,0.382,-0.016,-0.0,0.485,0.665,0.012,-0.311,0.355,-0.109,0.631,0.515,0.413,0.056,-0.08,0.374,0.351,0.454,0.326,0.457,0.087,0.295,0.509,-0.086,0.46,0.529,0.583,0.453,0.433,-0.227,-0.45,-0.23,0.597,0.479,0.119,0.285,0.513,0.656,0.342,0.44,0.43,0.508,0.353,0.437,-0.325,0.043,0.43,0.652,0.416,0.022,0.591,0.169,0.561,0.537,-0.28,0.175,0.243,0.114,-0.34,-0.209,0.314,0.017,0.534,0.283,0.528,-0.056,0.114,0.312,0.002,0.614,0.011,0.313,0.04,0.396,0.564,0.07,0.232,0.124,0.497,0.501,0.075,0.303,0.579,0.799,-0.07,0.222,-0.14,0.272,0.492,0.533,0.36,0.397,0.558,0.365,0.477,0.282,0.757,0.373,0.538,-0.401,0.559,0.394,0.306,0.312,0.327,0.35,0.573
BANR,-0.07,-0.019,-0.004,-0.012,0.274,-0.628,0.14,0.361,-0.26,0.739,-0.393,0.609,-0.253,0.541,-0.134,-0.582,-0.249,0.302,-0.485,-0.054,0.031,-0.152,0.297,0.0,-0.111,0.32,0.497,0.737,-0.348,0.504,-0.27,0.431,0.566,-0.174,-0.178,0.378,0.858,0.823,0.58,-0.207,0.098,-0.083,0.179,0.163,0.344,0.252,0.312,0.852,0.153,-0.15,0.743,-0.44,-0.022,0.573,0.188,0.503,0.305,0.925,0.433,0.093,-0.18,0.69,0.302,-0.142,0.047,0.472,0.392,0.741,0.493,0.675,0.378,0.634,0.531,0.441,0.554,0.507,0.869,0.461,-0.177,0.613,0.803,0.498,0.474,0.605,0.25,0.019,0.54,0.427,0.138,0.091,0.573,-0.003,0.452,0.203,-0.181,-0.048,0.706,0.705,0.655,-0.036,-0.498,-0.401,-0.073,0.466,0.498,0.504,0.308,-0.082,0.407,0.362,0.33,0.07,0.65,-0.153,0.174,0.364,0.275,0.826,0.669,0.715,0.346,-0.164,-0.456,-0.637,-0.554,0.433,0.648,0.059,0.228,0.824,0.696,0.343,0.231,0.437,-0.042,0.324,0.694,-0.562,0.042,0.4,0.522,0.732,0.129,0.706,-0.003,0.513,0.152,-0.536,0.148,-0.148,-0.138,-0.394,-0.503,0.288,-0.045,0.677,0.023,0.4,-0.295,0.307,0.526,0.415,0.3,-0.07,-0.07,-0.307,0.81,0.569,0.153,0.668,-0.16,0.631,0.78,0.304,0.112,0.468,0.491,-0.408,-0.103,-0.458,0.206,0.543,0.467,0.629,0.14,0.525,-0.132,0.344,0.46,0.723,0.124,0.572,-0.635,0.697,0.685,0.51,0.668,0.396,0.177,0.385
BBIO,0.359,-0.485,-0.733,-0.504,-0.557,0.337,-0.563,-0.277,-0.482,-0.107,0.636,-0.355,0.661,-0.546,0.51,0.287,0.591,0.654,-0.182,-0.524,0.322,0.641,0.032,-0.111,0.0,0.25,-0.468,-0.04,0.485,-0.235,-0.633,-0.245,-0.12,0.444,-0.044,-0.496,-0.139,0.093,-0.249,0.412,-0.489,0.788,-0.694,-0.536,-0.605,0.62,-0.033,-0.227,-0.168,0.786,-0.179,0.399,-0.378,-0.357,-0.058,-0.327,-0.422,-0.21,-0.555,-0.393,0.3,-0.024,-0.565,0.577,-0.545,-0.249,-0.008,-0.336,0.154,-0.346,-0.415,-0.441,0.386,-0.223,-0.499,-0.383,-0.046,-0.492,0.553,0.28,0.109,-0.365,-0.389,-0.217,0.554,0.594,-0.3,-0.436,0.546,0.178,-0.188,-0.355,0.093,-0.012,0.403,-0.113,-0.204,0.287,-0.202,0.479,-0.182,0.015,0.447,-0.081,-0.303,-0.481,0.552,0.568,-0.066,-0.52,-0.631,-0.166,-0.331,-0.625,-0.527,-0.019,-0.525,-0.254,-0.114,-0.3,-0.514,-0.078,0.595,0.233,0.021,-0.41,-0.048,-0.532,-0.591,-0.305,-0.117,-0.534,-0.395,-0.144,0.148,-0.588,-0.027,-0.392,-0.629,-0.483,-0.292,-0.402,0.447,-0.217,-0.694,-0.426,-0.551,0.325,-0.083,-0.449,0.111,0.179,-0.388,-0.298,-0.484,-0.225,0.693,0.52,-0.261,-0.426,0.519,0.508,0.336,0.417,-0.617,-0.555,0.13,-0.384,-0.084,0.359,0.342,-0.192,-0.223,-0.564,-0.005,-0.436,0.018,-0.344,-0.124,-0.183,-0.626,0.127,-0.516,0.381,-0.552,0.323,-0.345,0.328,-0.059,-0.111,-0.174,-0.072,0.172,-0.447,0.007,-0.252,-0.401,0.134,-0.218,-0.357
BCYC,0.312,-0.362,-0.442,-0.31,-0.574,-0.231,-0.16,-0.318,-0.646,0.445,0.314,0.248,0.416,-0.137,0.651,-0.031,0.433,0.754,-0.27,-0.547,0.716,0.389,0.265,0.32,0.25,0.0,-0.173,0.146,0.462,0.351,-0.652,-0.345,0.368,0.636,0.044,-0.37,0.17,0.433,-0.278,0.521,-0.53,0.206,-0.272,-0.1,0.083,0.674,-0.232,0.297,0.471,0.357,-0.06,-0.011,-0.641,0.234,-0.061,-0.07,0.412,0.192,-0.153,-0.22,0.563,0.545,-0.436,0.65,-0.64,-0.167,-0.011,0.098,0.383,0.071,-0.429,-0.213,0.753,-0.428,-0.214,-0.144,0.451,-0.113,0.207,0.662,0.574,0.2,0.228,0.451,0.463,0.691,-0.305,-0.346,0.479,0.479,0.375,-0.188,0.576,0.497,0.466,-0.434,0.172,0.313,0.1,0.643,-0.738,0.056,0.566,-0.051,-0.228,0.423,0.651,0.642,0.014,-0.412,-0.235,-0.043,-0.016,-0.363,-0.515,-0.277,-0.521,0.157,0.115,0.087,-0.325,-0.061,-0.1,-0.109,-0.003,0.097,0.484,-0.596,-0.515,0.418,0.439,-0.141,-0.423,-0.209,0.115,-0.392,0.409,-0.527,-0.562,-0.302,0.265,-0.049,0.641,0.041,-0.583,0.036,-0.211,0.18,-0.608,-0.58,-0.465,0.095,-0.447,-0.437,-0.645,0.138,0.621,0.719,-0.782,-0.457,0.613,0.481,0.523,0.46,-0.513,-0.586,0.501,-0.093,-0.48,0.613,0.569,0.15,0.082,-0.54,-0.346,-0.181,0.607,-0.465,-0.44,-0.388,-0.428,0.501,0.106,0.281,-0.226,0.639,-0.166,0.641,-0.281,0.432,-0.327,0.125,-0.041,0.299,0.334,-0.339,-0.08,-0.217,-0.535,-0.074
BHFAP,-0.637,0.578,0.556,0.651,0.712,-0.837,0.582,0.895,0.095,0.431,-0.809,0.647,-0.737,0.892,-0.658,-0.752,-0.747,-0.263,-0.207,0.329,-0.509,-0.666,0.547,0.497,-0.468,-0.173,0.0,0.431,-0.817,0.595,0.375,0.785,0.631,-0.736,-0.407,0.912,0.765,0.31,0.753,-0.495,0.789,-0.624,0.693,0.652,0.605,-0.459,0.423,0.756,0.038,-0.533,0.791,-0.751,0.564,0.798,0.454,0.906,0.252,0.667,0.905,0.57,-0.737,0.608,0.928,-0.611,0.775,0.909,0.516,0.628,0.576,0.914,0.843,0.887,-0.207,0.747,0.858,0.876,0.505,0.931,-0.614,0.132,0.071,0.782,0.709,0.54,-0.447,-0.603,0.847,0.881,-0.116,-0.556,0.749,0.317,-0.312,-0.148,-0.421,0.334,0.212,0.477,0.893,-0.614,-0.005,-0.126,-0.724,0.846,0.942,0.508,-0.436,-0.74,0.557,0.925,0.857,0.387,0.831,0.361,0.827,0.785,0.604,0.694,0.795,0.889,0.834,0.177,-0.683,-0.803,-0.509,0.865,0.283,0.701,0.862,0.632,0.577,0.807,0.843,0.843,0.339,0.917,0.426,-0.182,0.674,0.935,0.517,0.878,-0.554,0.841,0.69,0.868,0.797,-0.795,0.583,0.575,0.155,-0.731,-0.196,0.843,0.525,0.839,-0.472,0.053,0.409,0.654,-0.062,-0.302,0.269,-0.591,0.668,0.348,0.33,0.902,0.598,0.074,-0.532,0.742,0.851,0.758,0.418,0.908,0.381,0.124,0.341,-0.13,0.796,0.12,0.778,0.15,0.692,0.177,0.287,-0.003,0.658,0.695,0.603,0.638,-0.79,0.619,0.446,0.832,0.788,0.5,0.781,0.877
BKR,-0.075,0.047,0.125,-0.135,0.315,-0.486,0.12,0.384,-0.184,0.548,-0.377,0.432,-0.24,0.43,-0.3,-0.457,-0.138,0.267,-0.365,0.049,-0.125,-0.09,0.087,0.737,-0.04,0.146,0.431,0.0,-0.398,0.476,-0.258,0.451,0.578,-0.216,-0.227,0.432,0.712,0.718,0.622,-0.348,0.208,0.03,0.169,-0.092,0.191,0.145,0.398,0.746,0.015,-0.059,0.791,-0.357,0.231,0.333,0.438,0.53,0.188,0.801,0.353,0.168,-0.335,0.53,0.29,-0.254,0.123,0.557,0.398,0.665,0.401,0.589,0.504,0.651,0.377,0.552,0.39,0.429,0.689,0.3,0.001,0.664,0.595,0.337,0.253,0.304,0.084,-0.048,0.556,0.397,0.137,-0.079,0.443,0.029,0.268,-0.177,-0.337,0.084,0.413,0.722,0.59,-0.134,-0.328,-0.418,-0.182,0.448,0.531,0.271,0.283,-0.176,0.482,0.338,0.313,-0.137,0.649,-0.209,0.241,0.453,0.459,0.693,0.659,0.659,0.362,-0.51,-0.371,-0.602,-0.574,0.287,0.561,0.207,0.232,0.616,0.588,0.284,0.137,0.565,0.023,0.303,0.565,-0.5,0.076,0.405,0.414,0.554,-0.065,0.521,-0.035,0.441,0.021,-0.536,0.388,-0.107,0.08,-0.586,-0.566,0.464,0.112,0.717,-0.025,0.354,-0.154,0.25,0.485,0.241,0.234,-0.12,-0.128,-0.264,0.622,0.456,0.503,0.576,-0.368,0.463,0.686,0.279,0.184,0.391,0.223,-0.234,-0.041,-0.308,0.117,0.289,0.358,0.57,0.064,0.475,-0.264,0.219,0.666,0.548,0.224,0.509,-0.623,0.428,0.655,0.659,0.524,0.388,0.298,0.422
BLDP,0.601,-0.42,-0.583,-0.455,-0.836,0.683,-0.403,-0.704,-0.202,-0.203,0.936,-0.534,0.912,-0.783,0.921,0.783,0.824,0.526,0.317,-0.379,0.822,0.861,-0.129,-0.348,0.485,0.462,-0.817,-0.398,0.0,-0.256,-0.465,-0.837,-0.377,0.907,0.22,-0.895,-0.619,-0.204,-0.848,0.823,-0.753,0.544,-0.519,-0.475,-0.253,0.629,-0.509,-0.537,0.347,0.687,-0.751,0.708,-0.574,-0.531,-0.312,-0.638,0.075,-0.574,-0.683,-0.334,0.911,-0.235,-0.898,0.839,-0.845,-0.76,-0.563,-0.465,-0.19,-0.653,-0.82,-0.792,0.416,-0.893,-0.819,-0.802,-0.24,-0.724,0.697,0.123,0.089,-0.425,-0.334,-0.11,0.517,0.79,-0.83,-0.856,0.365,0.796,-0.387,-0.041,0.473,0.443,0.739,-0.565,-0.194,-0.259,-0.64,0.864,-0.122,0.47,0.888,-0.662,-0.835,-0.283,0.637,0.877,-0.294,-0.879,-0.644,-0.249,-0.739,-0.251,-0.745,-0.609,-0.734,-0.456,-0.68,-0.708,-0.677,-0.047,0.727,0.763,0.615,-0.616,0.12,-0.764,-0.833,-0.337,-0.232,-0.784,-0.738,-0.768,-0.144,-0.874,-0.289,0.086,-0.728,-0.863,-0.135,-0.734,0.689,-0.651,-0.693,-0.596,-0.56,0.888,-0.645,-0.484,0.011,0.667,0.154,-0.844,-0.613,-0.652,0.731,0.305,-0.595,-0.759,0.34,0.348,0.138,0.826,-0.573,-0.318,-0.126,-0.755,-0.672,0.043,0.792,-0.575,-0.706,-0.897,-0.396,-0.727,0.057,-0.081,-0.151,0.242,-0.806,0.179,-0.48,0.081,-0.477,0.225,-0.051,0.397,-0.647,-0.338,-0.376,-0.388,0.765,-0.3,-0.125,-0.8,-0.772,-0.541,-0.702,-0.656
BLFS,-0.302,0.574,0.408,0.305,0.199,-0.632,0.552,0.52,-0.222,0.473,-0.327,0.582,-0.257,0.506,-0.041,-0.309,-0.092,0.193,0.042,0.116,0.059,-0.109,0.473,0.504,-0.235,0.351,0.595,0.476,-0.256,0.0,0.036,0.211,0.803,-0.092,-0.255,0.521,0.569,0.419,0.3,0.138,0.443,-0.446,0.552,0.395,0.631,-0.072,0.012,0.722,0.557,-0.176,0.524,-0.547,0.27,0.561,0.593,0.762,0.564,0.578,0.631,0.535,-0.193,0.7,0.407,-0.093,0.212,0.647,0.207,0.528,0.694,0.728,0.458,0.576,0.206,0.268,0.355,0.464,0.562,0.555,-0.149,0.6,0.311,0.702,0.642,0.603,-0.335,0.046,0.344,0.369,0.364,-0.034,0.77,0.51,0.065,0.002,-0.058,-0.144,0.102,0.505,0.68,0.051,-0.137,0.193,-0.229,0.53,0.568,0.608,0.115,-0.181,0.745,0.426,0.621,0.017,0.531,0.266,0.453,0.504,0.156,0.494,0.603,0.611,0.482,-0.18,-0.398,-0.521,-0.103,0.72,0.565,0.326,0.376,0.667,0.696,0.471,0.304,0.546,0.446,0.433,0.378,-0.231,0.207,0.56,0.609,0.509,-0.127,0.49,0.239,0.733,0.498,-0.304,0.134,0.202,0.139,-0.571,-0.426,0.412,0.172,0.729,-0.02,0.498,-0.168,0.119,0.269,-0.222,0.586,-0.069,0.242,0.14,0.361,0.532,0.299,0.259,-0.035,0.441,0.613,0.15,0.193,0.589,0.633,0.095,0.203,0.078,0.285,0.258,0.763,0.151,0.487,0.497,0.209,0.393,0.393,0.736,0.495,0.453,-0.472,0.569,0.671,0.465,0.368,-0.057,0.369,0.664
