,ABAT,ACLS,ACMR,ADMA,ADUS,ADVM,AEIS,AGNCM,AHCO,ALGT,ALLO,AMSF,ANAB,ANDE,APLS,APPF,ASML,ATRC,AVGO,AVT,AXDX,AXSM,AZN,BANR,BBIO,BCYC,BHFAP,BKR,BLDP,BLFS,BLKB,BLMN,BNTX,BPMC,CALM,CAMT,CASH,CATY,CCEP,CDLX,CDNS,CENN,CENX,CGC,CHDN,CLBK,COKE,COLB,COO,CORT,CRMT,CRNX,CRTO,CRVL,CSCO,CSQ,CSWI,CVBF,CWST,CYCC,CZR,DLTR,DORM,ENTA,EQIX,ERIC,EVRG,EWBC,EXAS,EXLS,EXPI,EYE,FBNC,FBRX,FCNCA,FELE,FIBK,FLEX,FRGT,FRHC,FRME,FWONA,FWONK,GDEN,GIII,GILD,GLNG,GNTX,GOOGL,GRPN,HCSG,HIMX,HOPE,HST,HTLD,HUT,HWC,ICUI,IESC,INTC,INTU,IOVA,IPAR,IPGP,ISRG,JBSS,KALU,KPRX,KRNT,LAUR,LBRDA,LBTYK,LECO,LILAK,LITE,MANH,MDXG,MFIC,MGEE,MIDD,MLAB,MMSI,MNKD,MOMO,MRVL,NICE,NMFC,NUWE,NVCR,NWBI,OFIX,OFLX,OMCL,OPK,ORKA,ORLY,OTTR,PDD,PNTG,POOL,POWL,PPBI,PPC,PRAA,PRPL,PZZA,QTRX,QURE,RDFN,RDHL,REAL,REG,REYN,RGLD,RIOT,RUN,RYTM,SAIA,SBAC,SBRA,SCVL,SHOO,SLAB,SLDB,SMCI,SMTC,SRCE,SSP,SSRM,STBA,STRO,SVC,SYBT,TCBI,TCOM,TENX,TH,TMUS,TNDM,TTD,TTMI,UAL,ULH,ULTA,VCYT,VIRT,VKTX,VOD,VRDN,VREX,VRNT,VSAT,WB,WBD,WDC,WEN,WSFS,XXII,Z,ZBRA
ABAT,0.0,0.162,0.571,0.781,0.002,0.644,0.19,-0.397,0.469,0.286,0.492,-0.391,0.149,-0.095,-0.416,-0.31,0.139,-0.391,0.121,-0.32,0.335,0.675,-0.269,0.272,0.457,0.085,-0.169,0.546,0.579,0.533,0.349,-0.205,-0.244,0.39,-0.11,0.07,0.326,0.475,-0.333,-0.034,-0.302,0.674,0.188,0.511,0.534,-0.051,-0.266,0.461,-0.164,0.698,0.087,-0.047,-0.195,-0.238,-0.459,-0.511,-0.155,0.482,-0.448,0.557,0.022,-0.336,-0.3,-0.185,-0.484,-0.276,-0.454,0.439,0.321,-0.373,0.508,-0.105,0.526,-0.288,0.261,-0.004,-0.077,-0.075,0.531,0.452,0.487,-0.11,-0.079,-0.294,-0.01,-0.27,0.373,-0.146,-0.396,-0.017,0.287,0.427,0.355,0.001,-0.229,0.358,0.159,-0.3,0.224,-0.188,-0.293,0.308,0.277,-0.124,-0.195,-0.257,0.178,0.486,-0.055,0.16,-0.165,-0.77,0.109,-0.218,-0.128,-0.102,-0.274,-0.281,-0.271,0.269,-0.123,-0.035,0.0,0.015,0.189,-0.372,-0.361,0.477,-0.37,0.436,-0.0,0.87,-0.122,0.427,0.702,-0.529,-0.363,0.577,0.576,-0.107,-0.384,0.699,0.201,0.275,-0.271,-0.348,0.072,0.056,0.31,0.511,-0.134,-0.123,0.025,-0.421,0.284,0.714,0.469,-0.271,-0.171,0.168,0.277,0.097,0.195,0.561,-0.015,0.321,0.529,-0.258,-0.375,0.411,0.61,-0.106,0.417,0.511,0.583,0.188,-0.209,-0.297,-0.257,-0.251,-0.175,0.343,0.027,-0.292,0.361,-0.259,0.688,-0.169,0.697,-0.338,-0.404,0.231,0.625,0.627,0.05,-0.521,0.252,0.23,-0.024,-0.491
ACLS,0.162,0.0,0.801,0.456,-0.193,0.494,0.867,0.496,0.391,0.446,0.144,-0.576,0.417,0.054,-0.285,0.235,0.45,0.076,0.594,0.421,0.713,0.118,-0.361,-0.002,0.074,0.662,0.758,0.003,0.547,0.235,0.45,-0.545,-0.018,0.565,-0.332,0.807,0.664,0.396,-0.166,0.075,0.665,-0.068,-0.426,0.093,0.225,-0.106,-0.24,-0.041,-0.067,0.191,-0.213,0.417,0.431,-0.119,0.072,0.272,0.364,-0.047,0.08,0.545,0.554,0.495,-0.185,0.095,-0.091,0.133,-0.034,0.357,0.716,-0.166,0.164,0.148,0.135,0.135,-0.122,0.547,-0.018,0.747,0.157,0.66,0.108,0.264,0.256,0.296,-0.088,0.073,0.256,0.45,0.419,0.352,0.009,0.694,0.148,0.379,0.173,0.325,0.02,-0.388,0.778,0.321,0.44,0.665,0.013,0.606,0.093,-0.302,0.263,0.221,0.693,0.204,-0.392,0.056,-0.122,0.257,0.26,0.21,0.566,0.435,-0.104,-0.096,-0.209,0.255,0.408,0.623,0.732,0.396,0.246,0.028,-0.11,0.075,-0.258,0.088,-0.247,0.432,0.456,-0.151,-0.199,0.708,0.241,0.037,0.198,0.126,-0.131,-0.326,0.354,0.259,0.82,0.751,0.547,-0.009,0.431,-0.008,-0.358,0.175,0.279,0.213,0.615,0.221,0.091,0.83,0.054,0.159,0.557,0.092,0.716,0.823,-0.203,-0.022,0.268,0.198,0.424,0.581,0.329,-0.092,0.305,-0.236,0.468,0.499,0.156,0.248,0.577,0.439,0.261,0.281,0.675,0.679,0.343,0.602,-0.134,0.199,0.065,0.608,0.313,0.191,0.84,0.034,0.353,0.276,0.652,0.347
ACMR,0.571,0.801,0.0,0.681,-0.319,0.717,0.71,0.069,0.72,0.623,0.331,-0.62,0.182,-0.12,-0.584,-0.158,0.198,-0.316,0.625,-0.016,0.867,0.426,-0.61,-0.097,0.427,0.456,0.569,0.413,0.837,0.654,0.552,-0.519,-0.378,0.524,-0.239,0.58,0.745,0.559,-0.495,-0.181,0.316,0.393,-0.16,0.476,0.563,-0.358,-0.541,0.204,-0.411,0.431,-0.121,0.249,0.111,-0.451,-0.194,-0.181,-0.017,0.269,-0.39,0.834,0.336,0.234,-0.482,-0.183,-0.533,-0.18,-0.468,0.389,0.568,-0.535,0.604,-0.165,0.44,0.038,-0.152,0.186,-0.282,0.506,0.545,0.869,0.303,-0.056,-0.032,-0.111,-0.271,-0.162,0.219,0.209,-0.033,0.441,-0.114,0.823,0.185,0.238,0.214,0.612,-0.179,-0.644,0.822,0.407,0.088,0.598,-0.111,0.348,-0.279,-0.591,0.154,0.555,0.456,0.405,-0.622,-0.355,-0.301,-0.046,-0.076,-0.093,0.335,0.072,-0.483,-0.192,-0.471,-0.034,0.11,0.425,0.798,-0.079,-0.167,0.425,-0.5,0.434,-0.41,0.423,-0.429,0.501,0.806,-0.586,-0.577,0.882,0.645,-0.277,-0.239,0.467,-0.241,-0.23,-0.05,-0.096,0.701,0.648,0.603,0.333,0.197,-0.311,-0.358,-0.301,0.515,0.554,0.803,-0.121,-0.293,0.698,0.093,-0.093,0.333,0.517,0.641,0.722,0.157,-0.381,-0.182,0.434,0.689,0.454,0.459,0.288,0.534,0.04,0.244,0.031,-0.222,-0.077,0.181,0.69,0.428,-0.083,0.768,0.367,0.633,0.319,0.164,-0.24,-0.353,0.648,0.458,0.634,0.726,-0.428,0.46,0.07,0.501,-0.019
ADMA,0.781,0.456,0.681,0.0,0.141,0.611,0.502,-0.049,0.359,0.26,0.507,-0.482,0.459,-0.044,-0.294,0.076,0.485,-0.016,0.221,0.056,0.416,0.47,-0.127,0.355,0.294,0.423,0.076,0.233,0.51,0.319,0.519,-0.067,0.025,0.495,-0.15,0.386,0.442,0.361,-0.055,0.171,0.066,0.392,-0.088,0.221,0.311,0.101,-0.059,0.31,0.023,0.569,-0.133,0.388,0.126,0.013,-0.338,-0.117,0.175,0.18,-0.145,0.689,0.416,-0.236,-0.125,0.039,-0.233,0.106,-0.17,0.457,0.54,-0.127,0.297,0.236,0.243,-0.026,0.242,0.32,0.088,0.262,0.292,0.444,0.305,0.266,0.283,0.13,0.267,-0.324,0.587,-0.06,-0.0,-0.102,0.449,0.608,0.293,0.247,-0.345,0.191,0.293,-0.192,0.367,-0.149,0.08,0.467,0.404,0.268,0.124,-0.23,0.34,0.257,0.339,-0.087,-0.083,-0.574,0.099,0.102,0.089,0.14,0.028,0.121,-0.049,0.398,-0.081,0.232,0.374,0.363,0.274,0.01,0.006,0.168,-0.143,0.149,0.063,0.649,-0.033,0.497,0.664,-0.31,-0.244,0.604,0.395,0.183,-0.089,0.48,0.25,0.109,0.117,0.023,0.35,0.274,0.465,0.296,0.232,0.161,-0.127,-0.098,0.119,0.558,0.609,0.035,0.079,0.519,0.301,0.384,0.509,0.362,0.178,0.55,0.132,0.051,0.018,0.203,0.523,0.075,0.39,0.18,0.495,0.121,0.103,0.088,0.069,0.132,0.17,0.225,-0.128,0.009,0.439,-0.1,0.652,0.055,0.584,0.0,-0.081,0.277,0.631,0.407,0.327,-0.181,0.215,0.445,0.344,-0.154
ADUS,0.002,-0.193,-0.319,0.141,0.0,-0.2,-0.013,0.149,-0.632,-0.423,0.219,0.287,0.506,0.451,0.689,0.588,0.598,0.569,-0.342,0.421,-0.56,-0.131,0.705,0.619,-0.344,0.119,-0.378,-0.457,-0.485,-0.547,0.048,0.561,0.713,0.213,-0.074,-0.046,-0.28,-0.092,0.687,0.719,0.111,-0.324,0.084,-0.448,-0.38,0.761,0.657,0.154,0.771,0.048,0.143,0.243,0.323,0.737,0.241,0.359,0.508,-0.088,0.631,-0.315,0.267,-0.244,0.687,0.642,0.621,0.459,0.577,0.206,0.15,0.746,-0.558,0.593,-0.246,0.232,0.612,0.535,0.711,0.059,-0.539,-0.599,0.14,0.509,0.467,0.551,0.76,0.162,0.502,-0.039,0.339,-0.467,0.671,-0.359,0.371,0.138,-0.573,-0.626,0.705,0.681,-0.392,-0.598,0.336,0.076,0.68,0.24,0.652,0.634,0.631,-0.523,0.134,-0.517,0.731,0.119,0.612,0.379,0.687,0.648,-0.148,0.256,0.706,0.69,0.698,0.538,0.495,0.097,-0.59,0.438,0.503,-0.481,0.621,-0.433,0.781,-0.019,0.652,0.128,-0.327,0.61,0.74,-0.289,-0.423,0.708,0.614,-0.056,0.573,0.447,0.485,0.298,-0.215,-0.209,0.059,0.105,0.317,0.693,0.054,0.608,-0.606,-0.168,-0.225,0.648,0.602,-0.13,0.426,0.637,0.535,-0.429,-0.305,0.058,-0.156,0.711,0.572,-0.2,-0.262,-0.188,-0.065,-0.279,-0.144,-0.071,-0.221,0.399,0.595,0.487,0.464,-0.597,-0.564,0.414,-0.316,-0.276,-0.032,-0.023,0.022,0.623,0.591,-0.211,0.077,-0.597,-0.345,0.551,-0.094,0.507,-0.054,0.301
ADVM,0.644,0.494,0.717,0.611,-0.2,0.0,0.26,-0.264,0.591,0.316,0.625,-0.66,0.298,-0.059,-0.32,-0.251,0.052,-0.451,0.242,-0.361,0.626,0.778,-0.374,-0.142,0.762,0.3,0.056,0.676,0.736,0.57,0.398,-0.476,-0.4,0.654,-0.44,0.097,0.4,0.392,-0.612,-0.08,-0.168,0.684,0.314,0.718,0.744,-0.333,-0.51,0.014,-0.313,0.834,0.244,-0.119,-0.281,-0.441,-0.225,-0.553,-0.256,0.377,-0.477,0.592,-0.146,-0.052,-0.409,0.01,-0.514,-0.52,-0.484,0.218,0.558,-0.464,0.655,-0.387,0.543,-0.415,-0.076,0.015,-0.384,0.136,0.712,0.676,0.318,-0.19,-0.204,-0.377,-0.333,0.053,0.332,0.203,-0.419,0.302,-0.058,0.457,0.08,-0.036,0.046,0.603,-0.14,-0.377,0.539,0.052,-0.393,0.618,0.056,-0.172,-0.362,-0.371,0.205,0.718,-0.059,0.518,-0.379,-0.433,0.072,-0.439,-0.063,-0.24,-0.272,-0.412,-0.457,-0.018,-0.312,-0.278,-0.112,-0.133,0.466,-0.332,-0.508,0.669,-0.521,0.446,-0.126,0.69,-0.256,0.789,0.799,-0.605,-0.394,0.724,0.771,-0.349,-0.395,0.545,-0.075,0.133,-0.376,-0.548,0.176,0.38,0.363,0.456,-0.256,-0.35,-0.14,-0.391,0.366,0.768,0.806,-0.326,-0.181,0.317,-0.121,-0.119,0.131,0.716,0.192,0.431,0.388,-0.483,-0.375,0.451,0.919,0.056,0.459,0.582,0.797,-0.174,-0.285,-0.268,-0.311,-0.395,-0.099,0.516,0.252,-0.453,0.527,0.248,0.901,0.063,0.403,-0.395,-0.452,0.687,0.396,0.614,0.24,-0.586,0.283,0.042,-0.071,-0.448
AEIS,0.19,0.867,0.71,0.502,-0.013,0.26,0.0,0.487,0.316,0.471,-0.045,-0.351,0.354,0.199,-0.294,0.273,0.576,0.146,0.686,0.576,0.57,0.014,-0.295,0.261,-0.177,0.539,0.747,-0.16,0.432,0.168,0.596,-0.31,0.106,0.48,-0.169,0.896,0.738,0.485,0.064,0.172,0.773,-0.161,-0.523,-0.098,0.032,0.081,-0.057,0.236,0.035,0.006,-0.261,0.585,0.619,0.022,0.159,0.423,0.501,0.047,0.167,0.543,0.752,0.449,-0.118,-0.002,-0.011,0.379,0.037,0.535,0.602,-0.009,0.048,0.363,0.139,0.344,0.138,0.639,0.262,0.759,-0.013,0.535,0.232,0.327,0.346,0.46,0.153,-0.117,0.251,0.369,0.561,0.233,0.155,0.654,0.39,0.496,0.087,0.205,0.204,-0.352,0.668,0.277,0.649,0.505,0.094,0.771,0.223,-0.274,0.403,0.049,0.797,0.022,-0.299,0.077,-0.137,0.498,0.402,0.41,0.687,0.661,0.03,0.022,-0.124,0.394,0.497,0.77,0.652,0.507,0.433,-0.146,0.03,0.075,-0.215,0.061,-0.104,0.215,0.338,-0.037,-0.128,0.616,0.086,0.207,0.276,0.205,-0.05,-0.281,0.554,0.475,0.851,0.655,0.626,0.014,0.65,0.139,-0.407,0.235,0.233,0.062,0.423,0.368,0.132,0.818,0.276,0.305,0.674,-0.077,0.765,0.883,-0.184,0.174,0.362,0.241,0.188,0.668,0.317,-0.226,0.063,-0.041,0.59,0.608,0.237,0.467,0.702,0.342,0.203,0.504,0.581,0.516,0.19,0.593,-0.116,0.362,0.199,0.407,0.312,0.079,0.864,0.163,0.462,0.38,0.806,0.545
AGNCM,-0.397,0.496,0.069,-0.049,0.149,-0.264,0.487,0.0,-0.351,-0.083,-0.175,-0.103,0.42,0.157,0.311,0.685,0.533,0.645,0.114,0.787,-0.037,-0.513,0.184,0.207,-0.516,0.575,0.539,-0.665,-0.221,-0.457,-0.102,-0.087,0.544,0.17,-0.211,0.616,0.071,-0.114,0.475,0.385,0.76,-0.728,-0.552,-0.597,-0.494,0.39,0.319,-0.23,0.456,-0.387,-0.314,0.502,0.74,0.451,0.142,0.767,0.624,-0.492,0.599,-0.135,0.641,0.358,0.311,0.371,0.536,0.602,0.548,0.207,0.375,0.368,-0.554,0.561,-0.443,0.462,0.046,0.58,0.387,0.649,-0.606,-0.11,-0.266,0.572,0.552,0.686,0.346,0.085,0.135,0.247,0.808,0.004,0.246,0.138,0.039,0.402,-0.122,-0.385,0.339,0.162,0.113,-0.023,0.747,0.329,0.235,0.686,0.574,0.199,0.268,-0.528,0.695,-0.4,0.187,0.43,0.089,0.602,0.486,0.513,0.626,0.734,0.466,0.136,0.314,0.705,0.655,0.671,0.161,0.76,0.702,-0.619,0.532,-0.53,0.095,-0.479,0.018,-0.104,-0.339,0.507,0.362,-0.041,-0.495,0.489,0.738,-0.393,-0.016,-0.219,0.733,0.68,0.579,0.431,0.278,-0.483,0.609,0.466,-0.233,0.69,-0.269,-0.377,-0.068,0.631,0.442,0.419,0.245,0.429,0.564,-0.544,0.399,0.441,-0.574,0.538,0.69,-0.28,-0.32,0.316,-0.122,-0.621,-0.275,-0.296,0.573,0.79,0.644,0.662,0.66,-0.2,-0.181,0.685,0.199,0.457,-0.247,0.454,-0.441,0.685,0.614,-0.092,0.056,-0.495,0.393,0.649,-0.021,0.386,0.573,0.683
AHCO,0.469,0.391,0.72,0.359,-0.632,0.591,0.316,-0.351,0.0,0.603,0.131,-0.324,-0.329,-0.311,-0.859,-0.701,-0.38,-0.674,0.511,-0.534,0.833,0.445,-0.794,-0.411,0.577,-0.073,0.348,0.692,0.842,0.866,0.456,-0.467,-0.794,0.091,0.022,0.114,0.716,0.49,-0.8,-0.641,-0.138,0.653,0.009,0.731,0.718,-0.723,-0.75,0.223,-0.809,0.332,-0.041,-0.118,-0.387,-0.823,-0.172,-0.578,-0.431,0.464,-0.778,0.707,-0.166,0.252,-0.652,-0.6,-0.855,-0.541,-0.762,0.135,0.055,-0.819,0.855,-0.605,0.636,-0.251,-0.281,-0.275,-0.572,0.079,0.777,0.846,0.261,-0.482,-0.438,-0.602,-0.638,-0.261,-0.19,0.12,-0.489,0.44,-0.501,0.662,-0.014,-0.118,0.54,0.846,-0.594,-0.797,0.767,0.623,-0.377,0.128,-0.461,-0.117,-0.706,-0.722,-0.301,0.813,-0.027,0.686,-0.821,-0.414,-0.468,-0.402,-0.54,-0.608,0.073,-0.273,-0.829,-0.521,-0.841,-0.536,-0.476,-0.077,0.749,-0.586,-0.577,0.718,-0.879,0.782,-0.671,0.418,-0.65,0.232,0.77,-0.808,-0.809,0.641,0.752,-0.693,-0.716,0.521,-0.413,-0.222,-0.508,-0.451,0.309,0.253,0.159,0.337,-0.265,-0.726,-0.077,-0.748,0.689,0.549,0.583,-0.617,-0.679,0.323,-0.249,-0.543,-0.25,0.682,0.444,0.273,0.443,-0.762,-0.638,0.557,0.644,0.287,0.353,0.573,0.486,0.158,-0.002,-0.473,-0.637,-0.578,-0.311,0.762,0.628,-0.543,0.478,0.245,0.45,0.019,0.226,-0.696,-0.76,0.546,0.141,0.879,0.498,-0.793,0.348,-0.375,0.119,-0.354
ALGT,0.286,0.446,0.623,0.26,-0.423,0.316,0.471,-0.083,0.603,0.0,-0.205,-0.165,-0.369,0.199,-0.669,-0.434,-0.237,-0.523,0.813,-0.04,0.688,0.225,-0.801,-0.073,0.287,-0.019,0.607,0.472,0.705,0.653,0.53,-0.352,-0.635,0.227,0.208,0.379,0.689,0.769,-0.552,-0.448,0.261,0.286,0.005,0.474,0.514,-0.429,-0.626,0.59,-0.636,0.039,0.169,-0.011,-0.033,-0.656,0.027,-0.17,-0.248,0.599,-0.436,0.627,0.179,0.392,-0.495,-0.458,-0.636,-0.286,-0.687,0.238,0.108,-0.522,0.627,-0.349,0.651,0.187,-0.177,-0.056,-0.269,0.292,0.561,0.748,0.519,-0.478,-0.432,-0.172,-0.282,-0.333,-0.254,0.255,-0.143,0.723,-0.479,0.495,0.427,0.432,0.591,0.678,-0.328,-0.819,0.541,0.662,0.05,0.104,-0.503,0.199,-0.554,-0.587,0.131,0.491,0.273,0.593,-0.81,-0.059,-0.589,-0.022,-0.238,-0.21,0.483,0.028,-0.611,-0.521,-0.529,-0.307,-0.261,0.242,0.776,-0.23,-0.279,0.485,-0.544,0.674,-0.566,0.085,-0.371,0.142,0.495,-0.673,-0.664,0.571,0.629,-0.555,-0.259,0.544,-0.417,-0.457,-0.206,-0.086,0.543,0.555,0.483,0.456,0.185,-0.594,-0.393,-0.542,0.771,0.177,0.361,-0.209,-0.614,0.403,0.206,-0.35,-0.036,0.484,0.7,0.412,0.4,-0.54,-0.448,0.646,0.399,0.746,0.56,0.374,0.025,0.327,0.422,-0.148,-0.58,-0.073,-0.024,0.887,0.8,0.014,0.685,0.274,0.235,0.251,-0.191,-0.31,-0.431,0.432,0.228,0.594,0.561,-0.484,0.675,-0.352,0.458,0.116
ALLO,0.492,0.144,0.331,0.507,0.219,0.625,-0.045,-0.175,0.131,-0.205,0.0,-0.563,0.589,-0.094,0.18,0.092,0.298,0.026,-0.367,-0.252,0.159,0.633,0.247,0.081,0.544,0.393,-0.344,0.31,0.269,0.129,0.089,-0.0,0.094,0.487,-0.502,-0.197,-0.03,-0.005,-0.126,0.304,-0.341,0.432,0.392,0.358,0.437,0.08,-0.005,-0.189,0.164,0.745,0.151,0.059,-0.246,0.079,-0.174,-0.317,-0.039,0.009,-0.14,0.284,-0.093,-0.397,-0.052,0.355,-0.083,-0.189,0.029,0.154,0.447,-0.019,0.224,-0.042,0.142,-0.183,0.224,0.117,-0.038,0.043,0.254,0.149,0.05,0.274,0.262,-0.12,0.023,0.273,0.708,-0.031,-0.257,-0.14,0.393,0.277,-0.043,-0.045,-0.439,-0.006,0.273,0.221,0.198,-0.315,-0.352,0.58,0.463,-0.124,0.118,0.048,0.241,0.312,-0.046,0.032,0.202,-0.359,0.474,-0.254,0.026,-0.081,-0.547,-0.298,-0.011,0.477,0.06,0.101,0.146,-0.138,-0.074,-0.196,-0.226,0.282,-0.163,0.034,0.374,0.563,0.016,0.698,0.442,-0.099,0.042,0.314,0.359,0.094,-0.068,0.295,0.231,0.45,-0.165,-0.366,-0.107,0.022,0.167,0.195,-0.247,0.159,0.057,0.001,-0.245,0.663,0.511,-0.111,0.172,0.116,-0.016,0.205,0.202,0.453,-0.308,0.15,0.182,-0.032,0.007,0.006,0.593,-0.367,0.254,0.322,0.813,-0.234,-0.491,-0.142,0.162,-0.253,-0.04,-0.014,-0.307,-0.38,0.032,-0.063,0.695,0.018,0.545,-0.134,-0.101,0.415,0.366,0.242,-0.095,-0.194,-0.043,0.325,-0.267,-0.45
AMSF,-0.391,-0.576,-0.62,-0.482,0.287,-0.66,-0.351,-0.103,-0.324,-0.165,-0.563,0.0,-0.494,0.077,0.173,-0.08,-0.244,0.115,-0.142,-0.011,-0.535,-0.529,0.201,0.026,-0.467,-0.563,-0.235,-0.348,-0.519,-0.265,-0.223,0.411,0.074,-0.529,0.572,-0.283,-0.287,-0.168,0.314,-0.167,-0.063,-0.305,-0.084,-0.35,-0.417,0.116,0.257,0.22,0.052,-0.603,-0.043,-0.181,0.018,0.168,0.136,0.104,-0.01,0.022,0.237,-0.383,-0.137,0.059,0.481,-0.014,0.191,0.141,0.099,-0.3,-0.711,0.24,-0.32,0.026,-0.189,0.189,0.021,-0.159,0.215,-0.399,-0.4,-0.574,-0.075,-0.173,-0.195,0.049,0.194,-0.187,-0.498,-0.076,-0.005,-0.263,-0.06,-0.569,-0.01,-0.223,0.164,-0.213,-0.041,0.213,-0.473,0.063,0.093,-0.729,-0.118,-0.101,0.045,0.392,-0.204,-0.427,-0.236,-0.178,0.175,0.218,-0.094,0.093,0.066,0.087,0.048,0.041,0.196,-0.099,0.189,-0.056,-0.165,-0.219,-0.392,-0.03,0.148,-0.297,0.215,-0.089,0.116,-0.492,0.226,-0.579,-0.493,0.255,0.232,-0.684,-0.392,0.058,0.127,-0.31,0.098,0.112,0.004,0.156,-0.403,-0.525,-0.372,0.004,-0.024,0.033,0.294,0.026,-0.074,-0.606,-0.593,0.159,-0.139,-0.549,0.054,-0.176,-0.314,-0.462,-0.137,-0.489,-0.06,0.175,0.033,-0.159,-0.64,-0.043,-0.422,-0.209,-0.702,0.323,-0.088,-0.103,-0.097,0.086,-0.129,-0.371,-0.027,0.177,-0.401,-0.315,-0.576,-0.415,-0.408,0.121,0.043,-0.582,-0.471,-0.364,-0.398,0.17,-0.254,-0.288,-0.164,0.193
ANAB,0.149,0.417,0.182,0.459,0.506,0.298,0.354,0.42,-0.329,-0.369,0.589,-0.494,0.0,0.154,0.488,0.722,0.824,0.606,-0.24,0.517,-0.072,0.149,0.564,0.424,-0.082,0.763,-0.027,-0.357,-0.093,-0.437,0.111,0.051,0.696,0.604,-0.582,0.329,-0.05,-0.157,0.486,0.758,0.308,-0.183,-0.146,-0.32,-0.199,0.6,0.496,-0.295,0.708,0.356,-0.114,0.532,0.411,0.63,0.024,0.425,0.62,-0.386,0.516,0.021,0.475,-0.187,0.307,0.617,0.538,0.452,0.604,0.345,0.714,0.527,-0.415,0.626,-0.299,0.148,0.437,0.686,0.471,0.435,-0.345,-0.121,-0.091,0.779,0.757,0.585,0.502,0.261,0.831,0.027,0.519,-0.355,0.709,0.22,0.107,0.267,-0.698,-0.443,0.662,0.457,0.095,-0.557,0.377,0.665,0.719,0.456,0.718,0.326,0.544,-0.267,0.436,-0.475,0.54,-0.011,0.629,0.371,0.611,0.544,-0.046,0.368,0.593,0.686,0.475,0.681,0.762,0.412,-0.17,0.596,0.472,-0.395,0.489,-0.508,0.543,0.25,0.346,0.476,0.033,0.475,0.512,0.202,-0.239,0.71,0.548,-0.068,0.39,0.255,0.594,0.344,0.245,0.273,0.301,-0.229,0.358,0.714,-0.16,0.672,-0.561,0.167,0.304,0.532,0.756,0.401,0.214,0.759,0.75,-0.185,-0.102,0.487,-0.344,0.615,0.671,-0.279,0.147,-0.141,0.067,-0.311,0.368,-0.41,0.011,0.614,0.748,0.456,0.616,-0.373,-0.591,0.344,0.03,0.169,0.367,0.339,0.265,0.599,0.568,0.205,0.369,-0.39,0.15,0.513,-0.061,0.819,0.206,0.222
ANDE,-0.095,0.054,-0.12,-0.044,0.451,-0.059,0.199,0.157,-0.311,0.199,-0.094,0.077,0.154,0.0,0.328,0.198,0.238,0.118,0.15,0.41,-0.175,0.121,0.143,0.524,-0.139,-0.009,0.041,-0.051,-0.083,-0.16,0.359,0.238,0.238,0.353,-0.049,0.127,0.131,0.413,0.202,0.466,0.218,-0.18,0.28,-0.073,0.01,0.435,0.248,0.446,0.317,0.061,0.524,0.036,0.228,0.219,0.523,0.223,0.312,0.32,0.299,-0.166,0.162,0.15,0.191,0.213,0.196,0.144,0.159,0.376,0.191,0.458,-0.183,0.216,0.305,0.227,0.532,0.452,0.532,0.244,-0.111,-0.113,0.491,0.061,0.047,0.364,0.447,0.219,0.214,0.391,0.224,0.199,0.152,-0.194,0.652,0.457,-0.046,-0.175,0.457,0.172,-0.075,-0.161,0.215,0.112,0.206,0.171,0.173,0.257,0.723,-0.13,0.18,0.076,0.184,0.402,0.355,0.274,0.472,0.435,0.07,0.264,0.257,0.235,0.307,0.188,0.126,0.102,-0.087,0.309,0.229,-0.057,0.279,0.083,0.322,-0.085,0.394,0.232,-0.215,0.247,0.376,0.037,-0.062,0.195,0.454,0.321,0.288,0.072,0.318,0.122,0.041,0.175,0.253,0.218,0.322,0.155,-0.21,0.267,-0.126,-0.099,-0.243,0.348,0.213,0.086,0.41,0.332,0.335,-0.11,0.087,0.229,0.245,0.272,0.193,0.309,-0.012,0.393,0.377,0.046,-0.12,-0.082,0.029,0.338,0.139,0.304,0.399,0.059,0.075,0.373,-0.051,0.172,-0.037,0.388,-0.246,0.42,0.397,0.221,0.128,-0.28,-0.02,0.254,0.493,0.13,0.031,0.373
APLS,-0.416,-0.285,-0.584,-0.294,0.689,-0.32,-0.294,0.311,-0.859,-0.669,0.18,0.173,0.488,0.328,0.0,0.692,0.415,0.635,-0.579,0.402,-0.733,-0.235,0.828,0.312,-0.327,0.146,-0.412,-0.541,-0.731,-0.786,-0.387,0.447,0.751,0.112,-0.212,-0.205,-0.63,-0.47,0.656,0.732,0.061,-0.533,0.179,-0.541,-0.49,0.641,0.663,-0.329,0.798,-0.074,0.206,0.089,0.253,0.774,0.279,0.416,0.393,-0.394,0.686,-0.636,0.028,-0.238,0.656,0.799,0.791,0.374,0.745,-0.14,0.072,0.8,-0.728,0.45,-0.53,0.127,0.307,0.342,0.501,-0.016,-0.65,-0.762,-0.241,0.48,0.42,0.492,0.544,0.517,0.351,0.083,0.358,-0.369,0.497,-0.64,-0.023,0.053,-0.543,-0.744,0.572,0.841,-0.581,-0.589,0.214,0.118,0.529,0.03,0.658,0.736,0.412,-0.639,-0.011,-0.511,0.811,0.41,0.638,0.231,0.57,0.518,-0.267,0.13,0.755,0.559,0.779,0.445,0.438,-0.079,-0.692,0.48,0.431,-0.55,0.745,-0.688,0.754,-0.324,0.624,0.099,-0.639,0.756,0.856,-0.524,-0.581,0.627,0.672,-0.445,0.408,0.393,0.388,0.218,-0.365,-0.232,-0.124,-0.246,0.123,0.665,0.109,0.74,-0.743,-0.348,-0.345,0.571,0.681,-0.32,0.14,0.494,0.271,-0.515,-0.466,-0.204,-0.385,0.669,0.626,-0.506,-0.349,-0.331,-0.242,-0.423,-0.187,-0.329,-0.247,0.403,0.633,0.405,0.323,-0.722,-0.601,0.352,-0.454,-0.084,-0.18,0.05,-0.204,0.625,0.67,-0.279,-0.188,-0.806,-0.487,0.676,-0.34,0.341,-0.271,0.229
APPF,-0.31,0.235,-0.158,0.076,0.588,-0.251,0.273,0.685,-0.701,-0.434,0.092,-0.08,0.722,0.198,0.692,0.0,0.775,0.842,-0.205,0.794,-0.398,-0.378,0.646,0.388,-0.48,0.567,0.092,-0.769,-0.482,-0.717,-0.111,0.18,0.871,0.33,-0.309,0.422,-0.292,-0.371,0.79,0.765,0.569,-0.699,-0.33,-0.718,-0.612,0.677,0.633,-0.344,0.825,-0.169,-0.158,0.529,0.721,0.83,0.08,0.767,0.711,-0.615,0.839,-0.265,0.606,-0.075,0.566,0.721,0.832,0.716,0.797,0.103,0.474,0.736,-0.748,0.784,-0.662,0.367,0.221,0.672,0.575,0.471,-0.745,-0.458,-0.263,0.764,0.715,0.814,0.7,0.225,0.452,0.057,0.774,-0.357,0.627,-0.142,0.008,0.267,-0.582,-0.67,0.652,0.612,-0.256,-0.48,0.703,0.348,0.578,0.568,0.868,0.482,0.473,-0.717,0.548,-0.692,0.652,0.365,0.44,0.596,0.741,0.79,0.27,0.586,0.796,0.578,0.726,0.811,0.849,0.533,-0.294,0.846,0.759,-0.767,0.844,-0.834,0.568,-0.313,0.445,0.057,-0.399,0.753,0.681,-0.19,-0.621,0.824,0.846,-0.49,0.299,0.066,0.812,0.676,0.243,0.21,0.236,-0.338,0.644,0.826,-0.187,0.907,-0.58,-0.309,-0.084,0.803,0.789,0.204,0.338,0.729,0.675,-0.63,0.0,0.323,-0.68,0.835,0.883,-0.538,-0.354,-0.066,-0.232,-0.672,-0.229,-0.289,0.267,0.793,0.881,0.815,0.666,-0.603,-0.59,0.704,-0.029,0.079,-0.147,0.243,-0.187,0.839,0.832,-0.215,0.123,-0.751,0.048,0.841,-0.248,0.657,0.377,0.59
ASML,0.139,0.45,0.198,0.485,0.598,0.052,0.576,0.533,-0.38,-0.237,0.298,-0.244,0.824,0.238,0.415,0.775,0.0,0.634,-0.016,0.722,-0.129,-0.066,0.511,0.597,-0.385,0.675,0.131,-0.567,-0.176,-0.463,0.202,0.143,0.767,0.47,-0.32,0.585,0.052,-0.024,0.669,0.756,0.552,-0.381,-0.373,-0.529,-0.377,0.688,0.564,-0.039,0.737,0.077,-0.253,0.682,0.704,0.728,0.043,0.608,0.75,-0.323,0.658,0.108,0.744,-0.076,0.393,0.578,0.611,0.719,0.631,0.419,0.611,0.595,-0.519,0.801,-0.356,0.337,0.465,0.774,0.671,0.512,-0.501,-0.154,0.004,0.816,0.787,0.76,0.655,0.116,0.687,0.062,0.707,-0.4,0.795,0.206,0.288,0.415,-0.641,-0.481,0.768,0.438,0.041,-0.469,0.679,0.521,0.759,0.667,0.825,0.343,0.598,-0.453,0.613,-0.596,0.519,0.056,0.463,0.644,0.727,0.768,0.225,0.627,0.693,0.671,0.551,0.82,0.88,0.641,-0.108,0.752,0.724,-0.589,0.63,-0.526,0.51,0.115,0.413,0.241,-0.063,0.533,0.504,0.119,-0.368,0.811,0.681,-0.094,0.487,0.248,0.786,0.606,0.374,0.242,0.401,-0.184,0.622,0.807,-0.165,0.74,-0.461,-0.044,0.15,0.709,0.732,0.48,0.375,0.815,0.884,-0.392,0.102,0.595,-0.394,0.752,0.794,-0.288,-0.105,0.062,0.054,-0.478,0.033,-0.193,0.235,0.766,0.781,0.716,0.768,-0.396,-0.543,0.64,0.095,0.066,0.154,0.361,0.135,0.747,0.675,-0.021,0.322,-0.477,0.278,0.63,-0.013,0.83,0.471,0.45
ATRC,-0.391,0.076,-0.316,-0.016,0.569,-0.451,0.146,0.645,-0.674,-0.523,0.026,0.115,0.606,0.118,0.635,0.842,0.634,0.0,-0.395,0.731,-0.457,-0.574,0.702,0.368,-0.584,0.47,0.018,-0.835,-0.585,-0.764,-0.227,0.357,0.886,0.019,-0.139,0.25,-0.256,-0.423,0.839,0.623,0.442,-0.747,-0.427,-0.792,-0.701,0.694,0.764,-0.316,0.801,-0.323,-0.352,0.52,0.588,0.834,0.17,0.792,0.753,-0.675,0.807,-0.409,0.541,-0.014,0.706,0.566,0.819,0.76,0.87,0.096,0.228,0.735,-0.833,0.794,-0.71,0.4,0.284,0.61,0.616,0.372,-0.855,-0.59,-0.42,0.835,0.802,0.814,0.717,0.138,0.408,0.005,0.77,-0.471,0.604,-0.128,-0.065,0.188,-0.547,-0.796,0.601,0.65,-0.249,-0.425,0.63,0.145,0.538,0.53,0.876,0.596,0.238,-0.78,0.502,-0.776,0.693,0.291,0.451,0.571,0.552,0.617,0.26,0.667,0.806,0.579,0.594,0.805,0.75,0.481,-0.409,0.748,0.788,-0.834,0.768,-0.807,0.518,-0.42,0.356,-0.124,-0.533,0.851,0.708,-0.316,-0.785,0.848,0.799,-0.55,0.313,-0.009,0.803,0.704,0.146,-0.01,-0.021,-0.556,0.535,0.823,0.007,0.886,-0.707,-0.406,-0.29,0.738,0.73,0.109,0.318,0.697,0.55,-0.757,-0.13,0.103,-0.709,0.873,0.871,-0.597,-0.532,-0.148,-0.3,-0.714,-0.245,-0.319,0.271,0.769,0.887,0.682,0.575,-0.687,-0.678,0.653,-0.269,0.071,-0.364,0.232,-0.169,0.796,0.796,-0.288,0.082,-0.748,-0.035,0.871,-0.319,0.593,0.279,0.56
AVGO,0.121,0.594,0.625,0.221,-0.342,0.242,0.686,0.114,0.511,0.813,-0.367,-0.142,-0.24,0.15,-0.579,-0.205,-0.016,-0.395,0.0,0.189,0.664,0.06,-0.717,-0.102,0.049,0.116,0.754,0.226,0.577,0.485,0.606,-0.403,-0.462,0.261,0.177,0.65,0.663,0.585,-0.367,-0.322,0.575,0.075,-0.241,0.226,0.244,-0.357,-0.504,0.408,-0.505,-0.115,-0.013,0.172,0.24,-0.472,0.153,0.06,-0.056,0.371,-0.208,0.597,0.342,0.499,-0.403,-0.336,-0.396,-0.038,-0.479,0.174,0.226,-0.363,0.44,-0.177,0.408,0.248,-0.247,0.093,-0.203,0.408,0.401,0.715,0.343,-0.33,-0.289,0.006,-0.246,-0.275,-0.27,0.228,0.126,0.619,-0.433,0.476,0.309,0.387,0.566,0.602,-0.35,-0.748,0.555,0.639,0.344,0.13,-0.475,0.399,-0.373,-0.571,0.168,0.359,0.417,0.445,-0.731,0.106,-0.644,0.179,0.01,0.001,0.658,0.222,-0.411,-0.55,-0.457,-0.204,-0.067,0.403,0.786,0.088,-0.041,0.239,-0.33,0.414,-0.572,-0.021,-0.199,0.08,0.398,-0.499,-0.51,0.537,0.447,-0.375,-0.139,0.298,-0.403,-0.531,0.055,0.145,0.665,0.613,0.51,0.321,0.384,-0.427,-0.461,-0.294,0.688,-0.017,0.387,-0.043,-0.367,0.525,0.074,-0.23,0.179,0.268,0.84,0.582,0.093,-0.358,-0.175,0.524,0.273,0.777,0.35,0.075,-0.169,0.245,0.548,0.106,-0.385,0.171,0.232,0.704,0.715,0.213,0.684,0.383,0.138,0.329,-0.279,-0.092,-0.231,0.375,0.049,0.354,0.738,-0.256,0.541,-0.211,0.642,0.354
AVT,-0.32,0.421,-0.016,0.056,0.421,-0.361,0.576,0.787,-0.534,-0.04,-0.252,-0.011,0.517,0.41,0.402,0.794,0.722,0.731,0.189,0.0,-0.171,-0.494,0.348,0.518,-0.681,0.542,0.466,-0.762,-0.327,-0.587,0.111,0.123,0.73,0.259,-0.113,0.694,0.073,-0.01,0.72,0.607,0.83,-0.758,-0.557,-0.75,-0.629,0.642,0.554,0.016,0.65,-0.398,-0.259,0.62,0.862,0.662,0.279,0.917,0.819,-0.407,0.792,-0.151,0.825,0.26,0.429,0.414,0.691,0.8,0.666,0.343,0.417,0.646,-0.699,0.824,-0.444,0.582,0.297,0.763,0.667,0.626,-0.698,-0.237,-0.093,0.68,0.673,0.926,0.655,0.033,0.306,0.188,0.942,-0.11,0.452,0.075,0.299,0.568,-0.302,-0.538,0.59,0.277,-0.023,-0.193,0.921,0.266,0.37,0.814,0.748,0.313,0.517,-0.67,0.778,-0.571,0.361,0.453,0.185,0.817,0.699,0.799,0.655,0.871,0.692,0.34,0.51,0.802,0.811,0.795,-0.02,0.938,0.877,-0.773,0.737,-0.593,0.28,-0.404,0.363,-0.113,-0.403,0.653,0.518,-0.03,-0.598,0.728,0.86,-0.316,0.195,-0.23,0.931,0.867,0.553,0.408,0.354,-0.374,0.829,0.684,-0.327,0.807,-0.35,-0.482,-0.177,0.811,0.626,0.446,0.454,0.689,0.738,-0.666,0.342,0.495,-0.574,0.777,0.83,-0.27,-0.446,0.391,-0.031,-0.714,-0.423,-0.158,0.636,0.942,0.728,0.899,0.839,-0.296,-0.289,0.924,0.118,0.274,-0.317,0.521,-0.369,0.893,0.822,-0.119,0.143,-0.66,0.372,0.833,0.104,0.585,0.663,0.832
AXDX,0.335,0.713,0.867,0.416,-0.56,0.626,0.57,-0.037,0.833,0.688,0.159,-0.535,-0.072,-0.175,-0.733,-0.398,-0.129,-0.457,0.664,-0.171,0.0,0.357,-0.741,-0.334,0.456,0.281,0.62,0.508,0.846,0.72,0.534,-0.556,-0.599,0.3,-0.144,0.409,0.784,0.511,-0.664,-0.476,0.216,0.451,-0.166,0.564,0.61,-0.586,-0.645,0.115,-0.643,0.291,-0.148,0.11,-0.111,-0.672,-0.021,-0.244,-0.171,0.281,-0.523,0.739,0.151,0.425,-0.607,-0.403,-0.646,-0.324,-0.561,0.203,0.357,-0.666,0.693,-0.365,0.488,-0.021,-0.326,0.005,-0.468,0.37,0.652,0.929,0.168,-0.232,-0.197,-0.254,-0.54,-0.142,0.001,0.218,-0.141,0.546,-0.438,0.81,0.026,0.173,0.511,0.73,-0.476,-0.775,0.893,0.643,-0.059,0.408,-0.418,0.221,-0.503,-0.695,-0.089,0.673,0.304,0.589,-0.805,-0.21,-0.469,-0.152,-0.324,-0.353,0.344,-0.008,-0.663,-0.487,-0.729,-0.312,-0.19,0.252,0.863,-0.214,-0.299,0.537,-0.706,0.572,-0.606,0.282,-0.544,0.356,0.75,-0.666,-0.702,0.806,0.666,-0.517,-0.418,0.403,-0.432,-0.439,-0.223,-0.185,0.634,0.6,0.394,0.212,-0.001,-0.541,-0.28,-0.468,0.621,0.441,0.686,-0.363,-0.47,0.66,-0.191,-0.342,0.047,0.55,0.635,0.525,0.197,-0.586,-0.341,0.493,0.625,0.546,0.414,0.348,0.477,0.033,0.258,-0.112,-0.423,-0.297,0.037,0.803,0.6,-0.248,0.65,0.466,0.437,0.33,0.065,-0.408,-0.483,0.725,0.223,0.708,0.745,-0.533,0.45,-0.182,0.412,-0.074
AXSM,0.675,0.118,0.426,0.47,-0.131,0.778,0.014,-0.513,0.445,0.225,0.633,-0.529,0.149,0.121,-0.235,-0.378,-0.066,-0.574,0.06,-0.494,0.357,0.0,-0.228,0.052,0.728,-0.01,-0.257,0.755,0.58,0.531,0.39,-0.248,-0.399,0.538,-0.291,-0.176,0.208,0.414,-0.539,0.006,-0.457,0.804,0.593,0.741,0.745,-0.216,-0.389,0.177,-0.264,0.84,0.449,-0.277,-0.429,-0.382,-0.183,-0.664,-0.39,0.531,-0.522,0.446,-0.331,-0.318,-0.483,-0.108,-0.523,-0.557,-0.483,0.242,0.351,-0.338,0.638,-0.385,0.661,-0.434,0.186,-0.13,-0.225,-0.122,0.716,0.492,0.487,-0.29,-0.27,-0.476,-0.258,0.123,0.346,0.082,-0.586,0.193,0.032,0.242,0.245,-0.05,-0.094,0.484,0.032,-0.213,0.242,-0.109,-0.576,0.391,0.097,-0.392,-0.375,-0.274,0.248,0.71,-0.307,0.491,-0.21,-0.365,0.222,-0.444,-0.139,-0.239,-0.554,-0.53,-0.417,0.137,-0.202,-0.354,-0.267,-0.334,0.196,-0.483,-0.585,0.703,-0.477,0.557,0.006,0.78,-0.082,0.645,0.663,-0.549,-0.328,0.502,0.72,-0.355,-0.479,0.708,0.102,0.352,-0.474,-0.637,-0.128,0.097,0.274,0.529,-0.379,-0.309,-0.035,-0.471,0.272,0.77,0.517,-0.464,-0.213,0.084,-0.076,-0.115,-0.055,0.759,-0.114,0.208,0.653,-0.453,-0.484,0.484,0.785,-0.092,0.478,0.703,0.722,-0.017,-0.466,-0.459,-0.375,-0.469,-0.262,0.414,0.157,-0.549,0.203,-0.023,0.762,-0.01,0.566,-0.464,-0.431,0.524,0.363,0.595,0.01,-0.612,0.363,0.042,-0.318,-0.59
AZN,-0.269,-0.361,-0.61,-0.127,0.705,-0.374,-0.295,0.184,-0.794,-0.801,0.247,0.201,0.564,0.143,0.828,0.646,0.511,0.702,-0.717,0.348,-0.741,-0.228,0.0,0.398,-0.461,0.151,-0.561,-0.625,-0.788,-0.836,-0.354,0.572,0.839,-0.047,-0.11,-0.246,-0.638,-0.613,0.8,0.713,-0.072,-0.411,-0.028,-0.65,-0.605,0.736,0.874,-0.362,0.866,-0.064,-0.105,0.287,0.186,0.889,0.146,0.444,0.522,-0.545,0.704,-0.567,0.113,-0.361,0.67,0.668,0.828,0.559,0.857,-0.115,-0.022,0.844,-0.797,0.63,-0.635,0.124,0.455,0.364,0.582,-0.191,-0.705,-0.823,-0.357,0.694,0.656,0.545,0.621,0.345,0.521,-0.21,0.395,-0.747,0.717,-0.475,-0.117,-0.027,-0.74,-0.862,0.646,0.924,-0.57,-0.72,0.205,-0.042,0.702,0.088,0.803,0.745,0.238,-0.689,-0.039,-0.746,0.933,0.184,0.716,0.369,0.464,0.485,-0.347,0.231,0.855,0.726,0.734,0.549,0.53,-0.022,-0.825,0.486,0.532,-0.666,0.727,-0.735,0.796,-0.118,0.661,-0.04,-0.59,0.83,0.851,-0.582,-0.699,0.789,0.565,-0.455,0.615,0.451,0.445,0.342,-0.43,-0.451,-0.3,-0.414,0.066,0.834,0.336,0.741,-0.891,-0.347,-0.409,0.46,0.775,-0.251,0.055,0.662,0.293,-0.555,-0.657,-0.279,-0.411,0.8,0.689,-0.632,-0.463,-0.515,-0.351,-0.489,-0.14,-0.261,-0.229,0.396,0.722,0.375,0.318,-0.895,-0.864,0.286,-0.643,-0.282,-0.244,-0.074,0.134,0.63,0.684,-0.42,-0.156,-0.781,-0.484,0.721,-0.493,0.564,-0.266,0.092
BANR,0.272,-0.002,-0.097,0.355,0.619,-0.142,0.261,0.207,-0.411,-0.073,0.081,0.026,0.424,0.524,0.312,0.388,0.597,0.368,-0.102,0.518,-0.334,0.052,0.398,0.0,-0.4,0.128,-0.145,-0.293,-0.235,-0.368,0.231,0.441,0.576,0.259,0.041,0.219,0.059,0.286,0.567,0.675,0.145,-0.188,-0.081,-0.39,-0.297,0.771,0.577,0.485,0.625,0.12,0.045,0.344,0.418,0.588,0.082,0.379,0.559,0.119,0.452,-0.071,0.477,-0.204,0.341,0.209,0.386,0.463,0.398,0.593,0.277,0.579,-0.43,0.699,0.047,0.189,0.791,0.582,0.816,0.146,-0.383,-0.279,0.355,0.495,0.523,0.576,0.729,-0.097,0.552,-0.035,0.401,-0.338,0.686,-0.038,0.688,0.441,-0.562,-0.492,0.807,0.399,-0.23,-0.582,0.377,0.126,0.636,0.348,0.563,0.376,0.647,-0.364,0.313,-0.49,0.514,0.009,0.523,0.556,0.502,0.619,0.045,0.439,0.575,0.68,0.547,0.594,0.538,0.375,-0.344,0.444,0.514,-0.391,0.515,-0.162,0.495,0.228,0.515,-0.009,-0.174,0.425,0.475,-0.001,-0.312,0.652,0.482,0.299,0.614,0.323,0.531,0.413,0.079,-0.062,0.231,-0.008,0.426,0.621,-0.014,0.43,-0.418,-0.056,-0.253,0.47,0.508,0.202,0.591,0.74,0.596,-0.3,-0.147,0.279,0.09,0.647,0.421,0.031,-0.222,0.062,0.289,-0.2,-0.1,0.049,0.184,0.453,0.47,0.512,0.486,-0.298,-0.454,0.503,-0.166,-0.213,-0.025,0.221,0.277,0.572,0.59,-0.178,0.396,-0.319,-0.042,0.47,0.247,0.643,0.183,0.245
BBIO,0.457,0.074,0.427,0.294,-0.344,0.762,-0.177,-0.516,0.577,0.287,0.544,-0.467,-0.082,-0.139,-0.327,-0.48,-0.385,-0.584,0.049,-0.681,0.456,0.728,-0.461,-0.4,0.0,-0.016,-0.116,0.835,0.698,0.697,0.223,-0.393,-0.633,0.36,-0.333,-0.302,0.179,0.309,-0.768,-0.319,-0.483,0.75,0.651,0.888,0.843,-0.567,-0.713,0.005,-0.561,0.681,0.475,-0.448,-0.577,-0.662,-0.253,-0.789,-0.67,0.45,-0.715,0.429,-0.508,-0.218,-0.514,-0.189,-0.699,-0.783,-0.684,-0.006,0.225,-0.641,0.815,-0.709,0.574,-0.458,-0.256,-0.421,-0.597,-0.038,0.794,0.558,0.313,-0.533,-0.544,-0.71,-0.502,0.032,0.0,0.11,-0.764,0.443,-0.369,0.227,-0.062,-0.258,0.201,0.651,-0.377,-0.405,0.296,0.168,-0.705,0.343,-0.251,-0.539,-0.651,-0.434,-0.05,0.794,-0.364,0.67,-0.456,-0.376,-0.111,-0.783,-0.366,-0.533,-0.459,-0.731,-0.707,-0.222,-0.436,-0.576,-0.512,-0.445,0.352,-0.719,-0.818,0.862,-0.667,0.561,-0.221,0.486,-0.438,0.591,0.682,-0.716,-0.565,0.496,0.837,-0.655,-0.591,0.529,-0.287,0.084,-0.678,-0.8,-0.118,0.2,0.175,0.542,-0.447,-0.626,-0.163,-0.656,0.464,0.819,0.622,-0.538,-0.504,-0.079,-0.179,-0.493,-0.309,0.833,0.017,0.054,0.536,-0.737,-0.69,0.454,0.822,-0.115,0.359,0.791,0.726,-0.017,-0.499,-0.644,-0.535,-0.641,-0.562,0.566,0.403,-0.704,0.341,0.028,0.73,-0.144,0.299,-0.732,-0.659,0.553,0.331,0.722,-0.057,-0.793,0.227,-0.36,-0.338,-0.576
BCYC,0.085,0.662,0.456,0.423,0.119,0.3,0.539,0.575,-0.073,-0.019,0.393,-0.563,0.763,-0.009,0.146,0.567,0.675,0.47,0.116,0.542,0.281,-0.01,0.151,0.128,-0.016,0.0,0.417,-0.293,0.179,-0.173,0.118,-0.242,0.422,0.496,-0.524,0.596,0.161,-0.043,0.25,0.396,0.566,-0.22,-0.352,-0.237,-0.126,0.271,0.161,-0.284,0.346,0.119,-0.311,0.628,0.515,0.315,-0.1,0.46,0.493,-0.402,0.337,0.269,0.626,0.068,0.046,0.403,0.302,0.416,0.358,0.275,0.702,0.158,-0.208,0.445,-0.276,0.329,0.06,0.498,0.166,0.637,-0.189,0.229,-0.217,0.607,0.601,0.512,0.208,0.105,0.546,0.047,0.557,-0.003,0.374,0.497,0.005,0.426,-0.353,-0.171,0.329,0.03,0.351,-0.127,0.518,0.727,0.359,0.61,0.476,0.026,0.323,-0.15,0.644,-0.3,0.106,-0.048,0.136,0.376,0.386,0.37,0.319,0.434,0.302,0.269,0.142,0.6,0.679,0.639,0.25,0.552,0.409,-0.293,0.274,-0.394,0.118,0.057,-0.028,0.38,0.166,0.193,0.118,0.387,-0.087,0.419,0.469,-0.118,0.041,-0.134,0.531,0.41,0.609,0.615,0.459,-0.266,0.471,0.429,-0.359,0.483,-0.208,0.134,0.441,0.452,0.443,0.645,0.165,0.466,0.665,-0.084,0.294,0.614,-0.421,0.337,0.539,-0.229,0.195,0.187,0.097,-0.337,0.299,-0.282,0.3,0.613,0.532,0.432,0.54,0.001,-0.235,0.41,0.392,0.319,0.343,0.452,0.019,0.44,0.36,0.272,0.418,-0.166,0.462,0.353,0.009,0.571,0.515,0.357
BHFAP,-0.169,0.758,0.569,0.076,-0.378,0.056,0.747,0.539,0.348,0.607,-0.344,-0.235,-0.027,0.041,-0.412,0.092,0.131,0.018,0.754,0.466,0.62,-0.257,-0.561,-0.145,-0.116,0.417,0.0,-0.134,0.448,0.268,0.351,-0.493,-0.175,0.215,-0.083,0.776,0.616,0.384,-0.154,-0.213,0.794,-0.264,-0.512,-0.045,0.044,-0.234,-0.366,0.101,-0.294,-0.334,-0.226,0.36,0.503,-0.279,0.112,0.39,0.222,-0.006,0.012,0.429,0.544,0.626,-0.268,-0.203,-0.155,0.177,-0.159,0.241,0.363,-0.27,0.154,0.049,0.099,0.407,-0.302,0.309,-0.091,0.744,0.036,0.571,0.061,-0.007,0.017,0.249,-0.161,-0.181,-0.229,0.358,0.446,0.556,-0.343,0.569,0.136,0.425,0.487,0.358,-0.217,-0.597,0.633,0.619,0.575,0.299,-0.367,0.648,-0.089,-0.448,0.072,0.081,0.731,0.244,-0.595,0.299,-0.531,0.322,0.097,0.12,0.875,0.51,-0.236,-0.479,-0.364,0.148,0.192,0.664,0.804,0.339,0.238,-0.06,-0.13,0.131,-0.544,-0.326,-0.407,-0.042,0.202,-0.182,-0.36,0.477,0.121,-0.156,0.199,-0.006,-0.479,-0.634,0.345,0.393,0.883,0.779,0.526,-0.052,0.565,-0.214,-0.522,0.035,0.466,-0.106,0.312,0.22,-0.198,0.643,0.122,-0.122,0.289,-0.047,0.896,0.642,-0.21,-0.122,0.134,0.231,0.088,0.755,0.194,-0.188,-0.154,0.068,0.71,0.426,0.015,0.333,0.41,0.529,0.546,0.4,0.682,0.568,-0.028,0.509,-0.491,0.152,0.023,0.341,0.125,0.147,0.849,0.042,0.399,-0.048,0.802,0.597
BKR,0.546,0.003,0.413,0.233,-0.457,0.676,-0.16,-0.665,0.692,0.472,0.31,-0.348,-0.357,-0.051,-0.541,-0.769,-0.567,-0.835,0.226,-0.762,0.508,0.755,-0.625,-0.293,0.835,-0.293,-0.134,0.0,0.693,0.784,0.272,-0.325,-0.814,0.159,-0.013,-0.329,0.315,0.484,-0.891,-0.477,-0.57,0.826,0.624,0.948,0.876,-0.628,-0.72,0.27,-0.706,0.652,0.459,-0.545,-0.715,-0.795,-0.125,-0.866,-0.718,0.682,-0.829,0.409,-0.591,-0.082,-0.609,-0.439,-0.848,-0.852,-0.818,0.023,-0.005,-0.698,0.881,-0.789,0.782,-0.532,-0.169,-0.505,-0.607,-0.267,0.95,0.646,0.429,-0.696,-0.666,-0.789,-0.609,-0.013,-0.101,0.071,-0.838,0.511,-0.48,0.206,0.094,-0.174,0.389,0.718,-0.483,-0.552,0.327,0.279,-0.784,0.078,-0.397,-0.615,-0.828,-0.491,-0.12,0.902,-0.479,0.787,-0.593,-0.423,-0.225,-0.716,-0.532,-0.674,-0.429,-0.721,-0.798,-0.344,-0.575,-0.766,-0.701,-0.517,0.366,-0.81,-0.869,0.948,-0.818,0.796,-0.377,0.565,-0.359,0.454,0.651,-0.826,-0.627,0.502,0.877,-0.782,-0.783,0.686,-0.221,0.017,-0.81,-0.836,-0.181,0.041,0.016,0.58,-0.581,-0.771,-0.004,-0.829,0.555,0.681,0.42,-0.744,-0.615,-0.06,-0.207,-0.549,-0.432,0.888,0.009,-0.062,0.716,-0.845,-0.851,0.645,0.771,0.019,0.485,0.836,0.6,0.065,-0.392,-0.74,-0.793,-0.774,-0.595,0.712,0.552,-0.753,0.243,0.052,0.56,-0.097,0.347,-0.831,-0.767,0.522,0.196,0.836,-0.039,-0.884,0.369,-0.501,-0.406,-0.676
BLDP,0.579,0.547,0.837,0.51,-0.485,0.736,0.432,-0.221,0.842,0.705,0.269,-0.519,-0.093,-0.083,-0.731,-0.482,-0.176,-0.585,0.577,-0.327,0.846,0.58,-0.788,-0.235,0.698,0.179,0.448,0.693,0.0,0.863,0.562,-0.602,-0.666,0.446,-0.248,0.295,0.704,0.67,-0.743,-0.428,0.028,0.634,0.135,0.768,0.78,-0.567,-0.779,0.305,-0.667,0.461,0.138,-0.107,-0.178,-0.753,-0.212,-0.497,-0.369,0.523,-0.679,0.778,0.008,0.17,-0.641,-0.459,-0.808,-0.523,-0.759,0.321,0.394,-0.756,0.852,-0.485,0.702,-0.124,-0.192,-0.105,-0.445,0.348,0.761,0.91,0.471,-0.424,-0.399,-0.463,-0.472,-0.262,-0.036,0.203,-0.389,0.574,-0.386,0.723,0.202,0.053,0.385,0.829,-0.371,-0.796,0.725,0.478,-0.235,0.419,-0.34,0.014,-0.603,-0.684,0.026,0.793,0.152,0.671,-0.774,-0.388,-0.386,-0.39,-0.258,-0.343,0.14,-0.244,-0.755,-0.375,-0.625,-0.344,-0.284,0.122,0.809,-0.441,-0.525,0.734,-0.728,0.702,-0.533,0.479,-0.6,0.437,0.863,-0.799,-0.772,0.828,0.836,-0.583,-0.499,0.665,-0.398,-0.213,-0.344,-0.393,0.489,0.567,0.504,0.49,-0.02,-0.631,-0.394,-0.634,0.737,0.73,0.731,-0.369,-0.596,0.416,0.039,-0.397,-0.011,0.72,0.566,0.537,0.474,-0.686,-0.563,0.646,0.755,0.393,0.471,0.599,0.578,0.154,0.026,-0.309,-0.506,-0.361,-0.172,0.854,0.63,-0.342,0.702,0.279,0.656,0.132,0.176,-0.548,-0.624,0.681,0.492,0.833,0.537,-0.734,0.538,-0.195,0.261,-0.186
BLFS,0.533,0.235,0.654,0.319,-0.547,0.57,0.168,-0.457,0.866,0.653,0.129,-0.265,-0.437,-0.16,-0.786,-0.717,-0.463,-0.764,0.485,-0.587,0.72,0.531,-0.836,-0.368,0.697,-0.173,0.268,0.784,0.863,0.0,0.417,-0.517,-0.836,0.151,-0.009,0.016,0.563,0.582,-0.844,-0.641,-0.207,0.709,0.268,0.845,0.821,-0.742,-0.846,0.36,-0.827,0.37,0.204,-0.318,-0.374,-0.869,-0.243,-0.692,-0.593,0.605,-0.843,0.673,-0.261,0.127,-0.685,-0.578,-0.925,-0.657,-0.896,0.13,0.07,-0.872,0.94,-0.691,0.735,-0.237,-0.315,-0.391,-0.598,0.058,0.832,0.791,0.435,-0.676,-0.65,-0.698,-0.597,-0.279,-0.31,0.137,-0.637,0.576,-0.527,0.497,0.087,-0.15,0.525,0.871,-0.543,-0.784,0.545,0.56,-0.449,0.117,-0.487,-0.251,-0.792,-0.701,-0.202,0.818,-0.09,0.769,-0.809,-0.402,-0.505,-0.553,-0.506,-0.524,-0.001,-0.444,-0.896,-0.499,-0.724,-0.581,-0.567,-0.135,0.692,-0.692,-0.7,0.833,-0.831,0.813,-0.584,0.401,-0.637,0.269,0.787,-0.902,-0.851,0.655,0.843,-0.775,-0.686,0.608,-0.432,-0.167,-0.604,-0.577,0.235,0.288,0.324,0.607,-0.227,-0.797,-0.193,-0.836,0.802,0.652,0.532,-0.582,-0.797,0.155,-0.064,-0.65,-0.319,0.736,0.41,0.225,0.596,-0.84,-0.762,0.622,0.681,0.256,0.341,0.692,0.459,0.303,-0.122,-0.586,-0.718,-0.567,-0.453,0.826,0.717,-0.54,0.561,0.061,0.508,-0.099,0.163,-0.756,-0.804,0.499,0.314,0.922,0.314,-0.895,0.423,-0.487,0.05,-0.369
