,ABAT,ACLS,ACMR,ADMA,ADUS,ADVM,AEIS,AGNCM,AHCO,ALGT,ALLO,AMSF,ANAB,ANDE,APLS,APPF,ASML,ATRC,AVGO,AVT,AXDX,AXSM,AZN,BANR,BBIO,BCYC,BHFAP,BKR,BLDP,BLFS,BLKB,BLMN,BNTX,BPMC,CALM,CAMT,CASH,CATY,CCEP,CDLX,CDNS,CENN,CENX,CGC,CHDN,CLBK,COKE,COLB,COO,CORT,CRMT,CRNX,CRTO,CRVL,CSCO,CSQ,CSWI,CVBF,CWST,CYCC,CZR,DLTR,DORM,ENTA,EQIX,ERIC,EVRG,EWBC,EXAS,EXLS,EXPI,EYE,FBNC,FBRX,FCNCA,FELE,FIBK,FLEX,FRGT,FRHC,FRME,FWONA,FWONK,GDEN,GIII,GILD,GLNG,GNTX,GOOGL,GRPN,HCSG,HIMX,HOPE,HST,HTLD,HUT,HWC,ICUI,IESC,INTC,INTU,IOVA,IPAR,IPGP,ISRG,JBSS,KALU,KPRX,KRNT,LAUR,LBRDA,LBTYK,LECO,LILAK,LITE,MANH,MDXG,MFIC,MGEE,MIDD,MLAB,MMSI,MNKD,MOMO,MRVL,NICE,NMFC,NUWE,NVCR,NWBI,OFIX,OFLX,OMCL,OPK,ORKA,ORLY,OTTR,PDD,PNTG,POOL,POWL,PPBI,PPC,PRAA,PRPL,PZZA,QTRX,QURE,RDFN,RDHL,REAL,REG,REYN,RGLD,RIOT,RUN,RYTM,SAIA,SBAC,SBRA,SCVL,SHOO,SLAB,SLDB,SMCI,SMTC,SRCE,SSP,SSRM,STBA,STRO,SVC,SYBT,TCBI,TCOM,TENX,TH,TMUS,TNDM,TTD,TTMI,UAL,ULH,ULTA,VCYT,VIRT,VKTX,VOD,VRDN,VREX,VRNT,VSAT,WB,WBD,WDC,WEN,WSFS,XXII,Z,ZBRA
ABAT,0.0,0.577,0.106,0.65,0.526,0.666,0.361,0.563,0.313,0.291,0.493,-0.629,0.161,0.15,-0.775,-0.318,0.645,0.218,0.628,0.367,-0.0,-0.337,0.591,0.162,0.216,0.542,0.204,0.036,0.408,-0.013,0.512,0.5,0.295,-0.167,-0.384,0.307,0.079,0.224,-0.297,-0.474,0.68,0.209,-0.3,0.266,0.282,-0.004,-0.514,0.217,0.48,0.436,0.316,0.356,-0.193,-0.474,0.127,0.723,0.304,0.083,-0.028,-0.429,0.358,-0.36,0.404,0.214,0.69,-0.333,0.056,0.298,0.457,0.141,0.768,-0.128,0.108,0.52,0.184,0.084,-0.133,0.322,-0.004,0.48,0.071,0.067,0.072,-0.251,0.108,0.462,0.103,0.209,0.855,-0.446,0.124,0.424,0.194,0.101,0.538,-0.051,0.12,0.017,0.283,0.403,0.545,-0.025,-0.031,0.446,-0.487,-0.363,-0.221,0.313,0.731,0.01,0.261,-0.068,0.305,-0.606,-0.376,0.467,-0.376,0.423,-0.444,0.166,0.022,0.184,0.224,0.383,0.544,-0.192,0.217,0.372,0.215,0.103,-0.005,-0.061,0.241,0.008,0.506,-0.084,-0.528,-0.012,-0.354,-0.169,-0.275,0.368,0.553,-0.459,0.312,0.367,0.579,-0.028,0.176,-0.171,0.396,0.553,-0.428,-0.412,-0.027,-0.014,0.48,0.443,0.263,0.039,0.227,-0.23,0.509,-0.455,0.48,0.663,0.083,-0.338,-0.453,0.194,0.362,-0.413,-0.032,0.149,0.073,0.541,-0.449,-0.059,0.295,0.114,0.046,-0.252,0.464,0.312,0.394,-0.255,0.344,0.134,0.163,0.362,0.452,0.616,0.148,0.281,-0.066,-0.051,0.138,0.109,0.31,0.208
ACLS,0.577,0.0,0.64,0.685,0.79,0.523,0.877,0.234,0.11,0.628,0.851,-0.245,0.739,0.642,-0.866,-0.86,0.95,0.411,0.909,0.859,0.624,-0.637,0.852,0.717,0.047,0.895,-0.27,0.737,0.909,-0.154,0.9,0.905,0.72,-0.636,-0.518,0.863,0.502,0.785,-0.17,-0.854,0.591,0.777,0.381,0.85,0.547,0.356,-0.801,0.798,0.933,0.787,0.819,0.735,-0.639,-0.084,0.604,0.459,0.815,0.622,-0.71,-0.194,0.78,-0.026,0.83,0.744,0.349,-0.526,-0.038,0.858,0.741,0.15,0.747,0.506,0.697,0.616,0.738,0.593,0.478,0.582,0.094,0.324,0.661,-0.577,-0.546,0.167,0.716,0.842,0.765,0.672,0.66,-0.814,0.734,0.865,0.77,0.5,0.792,0.563,0.754,0.466,0.469,0.926,0.204,0.429,0.342,0.868,-0.64,-0.068,0.364,0.712,0.8,-0.325,-0.479,0.338,0.511,-0.352,0.087,0.885,-0.457,0.909,-0.832,0.721,0.695,0.543,-0.128,0.905,0.92,-0.618,0.761,0.787,0.334,0.664,0.649,-0.15,0.648,0.627,0.895,0.379,-0.535,0.168,-0.15,-0.087,0.42,0.837,0.153,-0.765,0.689,0.823,0.969,0.148,0.477,-0.683,0.923,0.765,-0.81,-0.585,0.63,0.529,0.779,0.809,-0.304,-0.232,0.713,0.308,0.871,-0.684,0.86,0.92,0.61,-0.081,-0.795,0.757,0.838,-0.479,0.452,0.803,0.338,0.631,-0.455,-0.628,-0.158,-0.241,0.586,0.237,0.891,0.753,0.285,-0.398,0.752,0.645,0.743,0.803,0.905,0.905,0.133,0.831,0.002,-0.552,0.669,0.708,0.714,0.75
ACMR,0.106,0.64,0.0,0.425,0.792,0.161,0.858,-0.005,-0.097,0.65,0.507,0.307,0.854,0.682,-0.405,-0.768,0.705,0.235,0.669,0.869,0.882,-0.87,0.715,0.911,-0.358,0.54,-0.686,0.85,0.759,-0.602,0.721,0.795,0.607,-0.897,-0.029,0.81,0.724,0.883,0.386,-0.516,0.316,0.84,0.845,0.858,0.473,0.715,-0.359,0.897,0.62,0.459,0.843,0.826,-0.814,0.375,0.619,-0.178,0.866,0.891,-0.67,0.084,0.719,0.411,0.792,0.799,-0.259,-0.067,-0.189,0.862,0.314,0.168,0.235,0.7,0.861,0.025,0.82,0.789,0.792,0.68,0.566,-0.137,0.857,-0.692,-0.621,0.463,0.879,0.862,0.783,0.85,0.334,-0.779,0.898,0.787,0.885,0.544,0.73,0.729,0.837,0.775,0.383,0.767,-0.273,0.277,0.491,0.771,-0.5,0.532,0.848,0.488,0.282,-0.697,-0.739,0.767,0.618,0.064,0.458,0.709,-0.201,0.77,-0.682,0.831,0.68,0.851,-0.183,0.73,0.718,-0.717,0.88,0.757,-0.087,0.893,0.667,-0.33,0.764,0.703,0.516,0.58,-0.25,0.637,0.304,0.357,0.671,0.873,0.102,-0.695,0.705,0.814,0.591,0.472,0.137,-0.828,0.817,0.186,-0.465,-0.376,0.825,0.869,0.845,0.721,-0.685,-0.693,0.599,0.666,0.837,-0.327,0.841,0.695,0.851,0.499,-0.456,0.903,0.781,-0.351,0.83,0.854,0.703,0.538,-0.048,-0.403,-0.064,-0.709,0.885,0.013,0.766,0.865,-0.221,-0.129,0.658,0.855,0.629,0.913,0.742,0.527,0.006,0.902,0.398,-0.844,0.841,0.77,0.626,0.835
ADMA,0.65,0.685,0.425,0.0,0.629,0.849,0.635,0.144,0.182,0.244,0.649,-0.385,0.572,0.414,-0.758,-0.44,0.737,0.279,0.644,0.642,0.443,-0.548,0.613,0.413,-0.085,0.732,-0.05,0.36,0.559,0.093,0.727,0.695,0.585,-0.377,-0.258,0.477,0.432,0.443,-0.398,-0.561,0.661,0.477,0.078,0.587,0.531,0.122,-0.52,0.447,0.618,0.735,0.517,0.633,-0.434,-0.165,0.252,0.363,0.544,0.363,-0.18,-0.408,0.676,-0.199,0.591,0.463,0.472,-0.311,-0.283,0.52,0.506,0.223,0.8,0.235,0.349,0.563,0.555,0.339,0.195,0.55,0.165,0.322,0.313,-0.292,-0.322,0.115,0.346,0.751,0.3,0.451,0.795,-0.664,0.328,0.453,0.435,0.031,0.797,0.103,0.369,0.135,0.526,0.524,0.439,0.102,0.216,0.583,-0.636,-0.189,0.057,0.559,0.64,-0.039,-0.058,0.279,0.544,-0.364,-0.192,0.636,-0.214,0.624,-0.675,0.494,0.241,0.462,0.135,0.51,0.707,-0.506,0.571,0.656,-0.06,0.357,0.216,0.342,0.58,0.464,0.79,0.1,-0.606,0.032,-0.057,-0.133,0.074,0.609,0.525,-0.555,0.456,0.671,0.65,0.364,0.365,-0.247,0.633,0.503,-0.476,-0.199,0.129,0.29,0.633,0.698,-0.089,-0.182,0.259,0.064,0.722,-0.538,0.618,0.794,0.318,-0.153,-0.477,0.452,0.547,-0.532,0.234,0.437,0.339,0.434,-0.264,-0.173,-0.063,0.093,0.363,-0.183,0.751,0.343,0.523,-0.027,0.628,0.473,0.318,0.631,0.602,0.654,0.505,0.455,0.194,-0.22,0.346,0.312,0.687,0.373
ADUS,0.526,0.79,0.792,0.629,0.0,0.473,0.896,0.127,0.266,0.758,0.685,0.11,0.763,0.593,-0.656,-0.752,0.832,0.478,0.884,0.886,0.696,-0.8,0.768,0.88,-0.12,0.667,-0.567,0.762,0.857,-0.456,0.892,0.918,0.728,-0.67,-0.145,0.811,0.727,0.886,0.239,-0.563,0.535,0.766,0.58,0.831,0.724,0.631,-0.467,0.873,0.708,0.662,0.893,0.861,-0.672,0.165,0.694,0.272,0.902,0.841,-0.549,0.02,0.832,0.378,0.913,0.82,0.08,-0.339,-0.217,0.88,0.538,0.453,0.606,0.627,0.829,0.295,0.858,0.821,0.698,0.824,0.3,0.09,0.819,-0.453,-0.421,0.394,0.837,0.889,0.734,0.887,0.696,-0.744,0.814,0.788,0.875,0.598,0.894,0.636,0.822,0.684,0.652,0.8,0.064,0.373,0.393,0.876,-0.55,0.281,0.627,0.616,0.618,-0.459,-0.47,0.644,0.812,-0.04,0.311,0.867,-0.242,0.854,-0.689,0.828,0.684,0.769,0.156,0.749,0.844,-0.627,0.822,0.742,0.145,0.861,0.552,-0.179,0.767,0.619,0.653,0.598,-0.279,0.37,0.151,0.392,0.555,0.927,0.399,-0.81,0.767,0.896,0.75,0.529,0.367,-0.652,0.859,0.427,-0.596,-0.553,0.685,0.773,0.915,0.892,-0.522,-0.421,0.702,0.574,0.933,-0.564,0.923,0.86,0.816,0.231,-0.662,0.863,0.864,-0.291,0.742,0.83,0.391,0.598,-0.176,-0.302,0.1,-0.42,0.797,0.007,0.869,0.816,0.145,-0.212,0.792,0.773,0.63,0.893,0.85,0.748,0.126,0.868,0.217,-0.661,0.795,0.758,0.773,0.87
ADVM,0.666,0.523,0.161,0.849,0.473,0.0,0.436,0.165,0.273,0.144,0.554,-0.497,0.295,0.149,-0.649,-0.277,0.561,0.32,0.567,0.454,0.114,-0.252,0.375,0.175,0.149,0.599,0.067,0.176,0.406,0.229,0.579,0.509,0.518,-0.043,-0.341,0.315,0.179,0.223,-0.447,-0.356,0.673,0.27,-0.185,0.349,0.457,-0.137,-0.474,0.216,0.403,0.635,0.358,0.414,-0.144,-0.38,0.208,0.59,0.346,0.129,-0.046,-0.341,0.491,-0.235,0.419,0.33,0.57,-0.426,-0.417,0.317,0.565,0.345,0.84,0.115,0.141,0.605,0.338,0.141,-0.044,0.343,-0.035,0.378,0.103,0.019,-0.058,-0.04,0.141,0.505,0.132,0.28,0.782,-0.456,0.119,0.298,0.193,-0.077,0.586,-0.004,0.186,0.011,0.461,0.331,0.641,0.192,-0.063,0.455,-0.357,-0.409,-0.182,0.49,0.659,0.247,0.182,0.011,0.436,-0.457,-0.245,0.533,-0.098,0.443,-0.547,0.31,0.074,0.183,0.239,0.336,0.591,-0.213,0.302,0.409,0.199,0.139,0.05,0.41,0.384,0.254,0.635,0.065,-0.617,-0.187,-0.146,-0.086,-0.11,0.408,0.467,-0.482,0.22,0.439,0.521,0.292,0.489,-0.043,0.444,0.462,-0.446,-0.177,-0.066,0.078,0.386,0.577,0.054,-0.023,0.17,-0.063,0.529,-0.557,0.387,0.629,0.068,-0.399,-0.445,0.182,0.389,-0.442,-0.025,0.231,0.105,0.266,-0.391,-0.02,0.037,0.343,0.09,-0.099,0.519,0.084,0.655,-0.17,0.56,0.159,0.24,0.358,0.458,0.551,0.493,0.218,-0.095,-0.001,0.101,0.135,0.618,0.214
AEIS,0.361,0.877,0.858,0.635,0.896,0.436,0.0,0.007,0.113,0.691,0.823,0.072,0.888,0.661,-0.656,-0.893,0.883,0.477,0.893,0.979,0.837,-0.804,0.816,0.918,-0.07,0.818,-0.612,0.893,0.938,-0.382,0.945,0.966,0.832,-0.747,-0.296,0.921,0.719,0.947,0.102,-0.723,0.466,0.9,0.689,0.954,0.724,0.591,-0.622,0.949,0.822,0.796,0.953,0.874,-0.768,0.134,0.792,0.21,0.976,0.866,-0.762,0.024,0.922,0.293,0.953,0.925,0.057,-0.43,-0.28,0.974,0.668,0.305,0.608,0.704,0.896,0.405,0.922,0.82,0.749,0.719,0.245,0.14,0.872,-0.664,-0.635,0.383,0.902,0.943,0.847,0.892,0.558,-0.821,0.887,0.848,0.931,0.544,0.879,0.754,0.922,0.679,0.602,0.892,0.041,0.526,0.437,0.962,-0.619,0.248,0.673,0.757,0.652,-0.476,-0.647,0.632,0.736,-0.112,0.35,0.93,-0.326,0.96,-0.819,0.919,0.793,0.714,-0.047,0.842,0.938,-0.724,0.92,0.841,0.174,0.898,0.702,-0.136,0.774,0.774,0.807,0.617,-0.412,0.318,0.084,0.227,0.684,0.961,0.18,-0.867,0.786,0.956,0.866,0.456,0.491,-0.751,0.975,0.495,-0.747,-0.597,0.812,0.817,0.885,0.929,-0.619,-0.459,0.799,0.629,0.967,-0.681,0.902,0.902,0.845,0.23,-0.792,0.924,0.959,-0.431,0.722,0.943,0.434,0.589,-0.278,-0.534,-0.124,-0.426,0.825,0.175,0.92,0.843,0.171,-0.336,0.875,0.804,0.806,0.937,0.935,0.843,0.145,0.94,0.14,-0.678,0.853,0.849,0.832,0.919
AGNCM,0.563,0.234,-0.005,0.144,0.127,0.165,0.007,0.0,-0.095,0.179,0.089,-0.536,-0.114,0.231,-0.326,-0.044,0.339,-0.25,0.215,0.07,-0.187,-0.205,0.438,-0.071,0.143,0.225,0.437,-0.201,0.031,-0.27,0.022,0.122,-0.269,-0.201,-0.224,0.112,-0.13,-0.038,-0.028,-0.306,0.487,-0.049,-0.358,-0.065,-0.281,-0.003,-0.324,-0.045,0.272,-0.071,-0.062,-0.011,-0.068,-0.275,-0.202,0.473,-0.048,-0.148,0.081,-0.369,-0.115,-0.507,-0.011,-0.204,0.484,0.164,0.483,-0.024,-0.047,-0.171,0.154,-0.454,-0.108,-0.011,-0.191,-0.193,-0.307,-0.068,0.26,0.272,-0.136,0.324,0.405,-0.444,-0.145,0.142,-0.098,-0.168,0.482,-0.124,-0.048,0.265,-0.038,0.225,0.087,-0.223,-0.151,-0.027,-0.288,0.194,0.345,-0.392,0.042,0.086,-0.221,-0.076,-0.222,-0.226,0.311,0.033,0.368,-0.209,-0.203,-0.409,-0.529,-0.011,-0.384,0.024,-0.153,-0.172,-0.238,0.098,-0.056,0.154,0.185,0.165,-0.01,-0.014,0.054,-0.154,-0.04,-0.487,0.007,-0.415,-0.018,-0.432,-0.377,0.391,-0.285,-0.367,-0.473,0.05,0.303,-0.003,0.1,-0.037,0.222,-0.454,-0.404,-0.136,0.042,0.357,-0.143,-0.146,-0.109,-0.306,0.217,-0.032,0.453,0.083,0.02,-0.435,0.143,-0.005,0.218,0.28,-0.138,-0.017,0.029,-0.026,-0.023,-0.11,-0.16,-0.112,0.232,0.563,-0.252,0.068,0.431,-0.23,-0.111,-0.118,0.083,0.192,-0.146,-0.154,-0.225,-0.05,-0.19,0.063,0.157,0.262,-0.396,0.068,0.109,0.057,0.029,-0.218,-0.255,-0.119
AHCO,0.313,0.11,-0.097,0.182,0.266,0.273,0.113,-0.095,0.0,0.349,0.252,0.06,0.056,-0.004,-0.041,0.066,0.031,0.298,0.229,0.054,-0.1,0.021,-0.06,0.098,0.366,0.146,0.024,0.003,0.097,0.07,0.244,0.223,0.239,0.307,0.027,0.01,0.171,0.093,-0.021,0.09,0.06,-0.2,-0.081,0.089,0.503,0.03,-0.01,0.06,0.103,0.352,0.148,0.247,0.188,0.074,0.183,0.39,0.149,0.094,0.129,-0.125,0.318,0.206,0.192,0.111,0.255,-0.374,-0.091,0.08,0.209,0.611,0.365,0.049,0.108,0.391,0.212,0.211,0.113,0.374,-0.217,0.426,0.104,0.25,0.175,0.154,0.052,0.056,-0.073,0.152,0.262,0.132,-0.068,0.032,0.079,0.222,0.315,-0.03,0.102,-0.03,0.698,-0.026,0.313,0.38,0.134,0.141,0.093,-0.184,-0.012,0.188,0.373,0.28,0.215,0.048,0.475,0.174,-0.088,0.205,0.315,0.117,0.191,0.179,0.142,0.019,0.448,-0.052,0.15,-0.03,0.0,-0.103,0.231,0.113,-0.103,0.33,0.195,0.159,0.136,0.095,0.286,-0.291,-0.128,0.325,0.083,0.135,0.422,-0.087,-0.003,0.145,0.115,0.41,0.338,0.291,0.052,0.276,-0.083,-0.248,-0.004,0.09,0.093,0.333,0.013,0.372,0.121,0.237,0.193,-0.2,0.07,0.203,0.138,-0.117,-0.288,0.077,0.201,0.203,0.092,0.087,-0.231,-0.117,-0.022,0.243,0.116,0.354,0.068,0.178,0.197,-0.017,0.601,0.161,0.24,0.032,0.061,0.028,0.112,0.221,0.444,-0.015,-0.053,0.249,0.101,0.148,0.278,0.176
ALGT,0.291,0.628,0.65,0.244,0.758,0.144,0.691,0.179,0.349,0.0,0.539,0.263,0.595,0.59,-0.374,-0.635,0.622,0.382,0.713,0.667,0.549,-0.591,0.573,0.772,0.148,0.5,-0.428,0.685,0.676,-0.485,0.661,0.737,0.487,-0.528,-0.068,0.719,0.56,0.771,0.343,-0.448,0.297,0.585,0.581,0.689,0.561,0.582,-0.379,0.758,0.608,0.438,0.756,0.638,-0.502,0.234,0.625,0.278,0.729,0.728,-0.551,0.1,0.651,0.393,0.709,0.646,-0.049,-0.286,0.065,0.725,0.397,0.418,0.325,0.563,0.77,0.205,0.704,0.73,0.648,0.675,0.267,0.212,0.772,-0.334,-0.279,0.479,0.744,0.603,0.629,0.703,0.387,-0.441,0.727,0.765,0.77,0.791,0.622,0.557,0.757,0.718,0.534,0.679,-0.082,0.417,0.5,0.68,-0.256,0.28,0.672,0.427,0.528,-0.395,-0.45,0.541,0.604,0.104,0.352,0.677,-0.186,0.662,-0.395,0.693,0.722,0.643,0.068,0.609,0.653,-0.398,0.651,0.496,0.355,0.739,0.581,-0.355,0.615,0.465,0.399,0.491,0.035,0.39,0.143,0.393,0.581,0.76,0.268,-0.518,0.616,0.658,0.602,0.316,0.231,-0.595,0.664,0.458,-0.539,-0.509,0.717,0.639,0.688,0.649,-0.448,-0.178,0.721,0.616,0.699,-0.368,0.752,0.65,0.742,0.271,-0.52,0.759,0.692,0.072,0.667,0.742,0.313,0.422,-0.091,-0.33,0.066,-0.449,0.732,0.405,0.639,0.763,0.024,-0.227,0.535,0.636,0.578,0.665,0.684,0.589,-0.098,0.757,0.179,-0.563,0.775,0.71,0.505,0.77
ALLO,0.493,0.851,0.507,0.649,0.685,0.554,0.823,0.089,0.252,0.539,0.0,-0.253,0.753,0.505,-0.728,-0.773,0.829,0.346,0.788,0.797,0.586,-0.544,0.717,0.633,0.249,0.939,-0.261,0.661,0.78,-0.125,0.885,0.849,0.738,-0.468,-0.554,0.789,0.433,0.723,-0.315,-0.833,0.496,0.676,0.322,0.793,0.609,0.276,-0.832,0.713,0.815,0.911,0.759,0.672,-0.514,-0.148,0.648,0.494,0.779,0.538,-0.699,-0.213,0.813,-0.073,0.802,0.746,0.418,-0.614,-0.2,0.786,0.776,0.22,0.747,0.419,0.64,0.719,0.698,0.494,0.44,0.457,-0.082,0.501,0.605,-0.507,-0.505,0.032,0.623,0.771,0.623,0.59,0.558,-0.678,0.57,0.69,0.686,0.383,0.757,0.486,0.723,0.327,0.555,0.782,0.321,0.603,0.313,0.832,-0.631,-0.126,0.273,0.738,0.849,-0.175,-0.359,0.241,0.513,-0.325,0.02,0.833,-0.368,0.869,-0.771,0.669,0.678,0.36,-0.034,0.687,0.871,-0.52,0.713,0.654,0.308,0.588,0.492,0.005,0.592,0.661,0.83,0.3,-0.53,-0.048,-0.283,-0.133,0.451,0.752,0.153,-0.748,0.587,0.772,0.912,0.205,0.574,-0.511,0.855,0.73,-0.837,-0.655,0.577,0.45,0.698,0.847,-0.293,-0.1,0.715,0.335,0.8,-0.746,0.69,0.873,0.571,-0.109,-0.864,0.676,0.845,-0.455,0.353,0.747,0.161,0.528,-0.478,-0.593,-0.277,-0.094,0.47,0.315,0.838,0.639,0.447,-0.44,0.768,0.483,0.761,0.681,0.863,0.946,0.208,0.714,-0.086,-0.299,0.588,0.654,0.683,0.692
AMSF,-0.629,-0.245,0.307,-0.385,0.11,-0.497,0.072,-0.536,0.06,0.263,-0.253,0.0,0.219,0.097,0.474,0.0,-0.293,0.201,-0.195,0.048,0.377,-0.146,-0.239,0.393,-0.391,-0.367,-0.642,0.352,0.007,-0.316,-0.061,-0.027,0.076,-0.142,0.628,-0.005,0.427,0.291,0.616,0.327,-0.595,0.161,0.689,0.172,0.279,0.564,0.521,0.283,-0.217,-0.219,0.191,0.081,-0.179,0.683,0.238,-0.627,0.185,0.511,-0.135,0.584,0.08,0.844,0.141,0.214,-0.863,0.216,-0.156,0.168,-0.304,0.303,-0.492,0.573,0.399,-0.509,0.35,0.543,0.635,0.331,0.143,-0.469,0.468,-0.228,-0.221,0.696,0.393,-0.053,0.221,0.368,-0.486,0.177,0.351,-0.039,0.342,0.327,-0.008,0.381,0.35,0.475,0.276,-0.069,-0.738,0.164,0.379,-0.042,0.194,0.698,0.697,-0.031,-0.488,-0.34,-0.525,0.638,0.327,0.795,0.741,-0.035,0.354,-0.026,0.288,0.298,0.366,0.367,0.179,-0.094,-0.219,-0.209,0.2,0.019,-0.212,0.458,0.27,-0.044,0.132,0.313,-0.276,0.521,0.726,0.23,0.72,0.618,0.679,0.165,-0.081,0.073,0.143,0.164,-0.295,0.505,-0.045,-0.107,-0.004,-0.417,0.245,0.118,0.394,0.542,0.094,0.008,-0.691,-0.154,0.206,0.641,-0.023,0.208,0.046,-0.268,0.498,0.579,0.174,0.326,0.072,0.555,0.612,0.289,-0.021,-0.313,0.632,-0.003,-0.115,-0.388,0.497,0.199,-0.028,0.158,-0.343,0.288,0.05,0.4,0.079,0.139,-0.106,-0.316,-0.099,0.202,0.161,-0.355,0.384,0.364,0.099,0.308
ANAB,0.161,0.739,0.854,0.572,0.763,0.295,0.888,-0.114,0.056,0.595,0.753,0.219,0.0,0.709,-0.531,-0.765,0.75,0.248,0.662,0.864,0.935,-0.79,0.696,0.864,-0.267,0.726,-0.591,0.851,0.769,-0.352,0.83,0.839,0.717,-0.779,-0.15,0.808,0.669,0.871,0.074,-0.669,0.303,0.821,0.747,0.926,0.597,0.622,-0.5,0.877,0.733,0.711,0.843,0.817,-0.765,0.323,0.613,-0.046,0.888,0.833,-0.738,-0.042,0.824,0.293,0.84,0.811,-0.088,-0.247,-0.265,0.872,0.445,0.235,0.418,0.71,0.822,0.299,0.865,0.763,0.75,0.7,0.301,0.115,0.818,-0.744,-0.72,0.377,0.831,0.868,0.753,0.788,0.347,-0.778,0.81,0.704,0.876,0.465,0.807,0.685,0.854,0.639,0.541,0.784,-0.166,0.446,0.552,0.776,-0.615,0.386,0.695,0.617,0.446,-0.579,-0.701,0.688,0.623,0.066,0.378,0.759,-0.136,0.857,-0.74,0.806,0.748,0.758,-0.059,0.696,0.754,-0.762,0.921,0.794,-0.055,0.839,0.616,-0.097,0.793,0.872,0.697,0.477,-0.287,0.342,0.19,0.161,0.726,0.858,0.097,-0.707,0.734,0.882,0.709,0.529,0.331,-0.689,0.873,0.412,-0.565,-0.464,0.8,0.786,0.863,0.815,-0.626,-0.469,0.631,0.572,0.845,-0.453,0.801,0.77,0.814,0.284,-0.606,0.883,0.853,-0.371,0.728,0.88,0.507,0.442,-0.056,-0.553,-0.247,-0.468,0.805,0.161,0.895,0.794,0.097,-0.082,0.741,0.827,0.711,0.89,0.787,0.687,0.195,0.873,0.266,-0.671,0.77,0.793,0.725,0.822
ANDE,0.15,0.642,0.682,0.414,0.593,0.149,0.661,0.231,-0.004,0.59,0.505,0.097,0.709,0.0,-0.392,-0.495,0.638,-0.01,0.521,0.694,0.663,-0.65,0.664,0.676,-0.193,0.6,-0.22,0.642,0.571,-0.419,0.557,0.664,0.271,-0.685,-0.084,0.679,0.6,0.662,0.164,-0.575,0.417,0.574,0.559,0.657,0.302,0.565,-0.396,0.667,0.694,0.45,0.568,0.628,-0.53,0.529,0.317,-0.033,0.641,0.612,-0.458,-0.246,0.56,0.106,0.548,0.462,0.009,0.068,0.192,0.634,0.16,0.176,0.173,0.394,0.625,0.194,0.609,0.591,0.539,0.492,0.463,0.084,0.612,-0.411,-0.316,0.296,0.604,0.676,0.584,0.524,0.328,-0.493,0.626,0.614,0.69,0.616,0.615,0.468,0.607,0.458,0.336,0.657,-0.065,0.098,0.624,0.551,-0.493,0.381,0.572,0.202,0.363,-0.372,-0.481,0.53,0.364,0.197,0.042,0.485,-0.143,0.57,-0.488,0.603,0.558,0.684,-0.198,0.626,0.607,-0.441,0.72,0.543,-0.116,0.602,0.635,-0.181,0.753,0.518,0.441,0.135,-0.177,0.58,0.169,-0.013,0.428,0.683,0.172,-0.321,0.507,0.618,0.562,0.211,-0.027,-0.599,0.659,0.503,-0.39,-0.151,0.644,0.471,0.673,0.56,-0.279,-0.248,0.471,0.351,0.66,-0.179,0.689,0.633,0.613,0.449,-0.275,0.725,0.552,-0.116,0.602,0.673,0.601,0.517,0.031,-0.392,-0.085,-0.552,0.686,0.316,0.729,0.66,-0.061,0.096,0.344,0.692,0.37,0.717,0.648,0.542,-0.06,0.667,0.449,-0.492,0.659,0.495,0.402,0.558
APLS,-0.775,-0.866,-0.405,-0.758,-0.656,-0.649,-0.656,-0.326,-0.041,-0.374,-0.728,0.474,-0.531,-0.392,0.0,0.69,-0.871,-0.322,-0.768,-0.655,-0.4,0.528,-0.769,-0.458,0.017,-0.782,0.071,-0.453,-0.717,-0.016,-0.759,-0.73,-0.592,0.496,0.463,-0.604,-0.264,-0.533,0.385,0.779,-0.601,-0.595,-0.06,-0.649,-0.366,-0.151,0.753,-0.55,-0.751,-0.644,-0.612,-0.544,0.522,0.335,-0.344,-0.522,-0.589,-0.374,0.452,0.323,-0.583,0.252,-0.658,-0.526,-0.493,0.452,0.037,-0.634,-0.652,0.016,-0.827,-0.272,-0.417,-0.631,-0.502,-0.331,-0.186,-0.446,-0.007,-0.337,-0.367,0.435,0.426,0.032,-0.446,-0.706,-0.492,-0.456,-0.746,0.784,-0.477,-0.68,-0.518,-0.194,-0.683,-0.263,-0.465,-0.219,-0.334,-0.752,-0.281,-0.154,-0.131,-0.662,0.696,0.268,-0.04,-0.61,-0.75,0.259,0.204,-0.152,-0.356,0.573,0.094,-0.726,0.505,-0.74,0.781,-0.445,-0.404,-0.37,0.041,-0.735,-0.752,0.538,-0.546,-0.719,-0.215,-0.397,-0.343,0.076,-0.418,-0.413,-0.827,-0.169,0.658,-0.015,0.231,0.275,-0.095,-0.641,-0.283,0.674,-0.545,-0.651,-0.85,-0.026,-0.369,0.507,-0.735,-0.671,0.679,0.46,-0.293,-0.276,-0.676,-0.62,0.064,0.178,-0.483,0.034,-0.708,0.608,-0.724,-0.827,-0.358,0.335,0.654,-0.5,-0.611,0.58,-0.202,-0.525,-0.215,-0.591,0.491,0.517,0.079,0.054,-0.304,0.069,-0.744,-0.56,-0.304,0.392,-0.599,-0.453,-0.518,-0.645,-0.702,-0.787,-0.213,-0.619,0.055,0.409,-0.383,-0.46,-0.559,-0.483
APPF,-0.318,-0.86,-0.768,-0.44,-0.752,-0.277,-0.893,-0.044,0.066,-0.635,-0.773,0.0,-0.765,-0.495,0.69,0.0,-0.84,-0.468,-0.841,-0.872,-0.733,0.665,-0.768,-0.82,-0.03,-0.751,0.575,-0.858,-0.939,0.336,-0.856,-0.861,-0.794,0.738,0.438,-0.902,-0.515,-0.879,-0.023,0.772,-0.324,-0.912,-0.628,-0.895,-0.519,-0.481,0.724,-0.9,-0.774,-0.666,-0.914,-0.719,0.751,0.069,-0.776,-0.236,-0.878,-0.755,0.891,-0.084,-0.772,-0.182,-0.876,-0.893,-0.03,0.541,0.165,-0.939,-0.751,-0.021,-0.561,-0.674,-0.836,-0.424,-0.787,-0.676,-0.655,-0.51,-0.132,-0.08,-0.802,0.772,0.746,-0.272,-0.867,-0.805,-0.889,-0.784,-0.389,0.841,-0.873,-0.889,-0.851,-0.484,-0.671,-0.741,-0.88,-0.615,-0.362,-0.926,0.084,-0.537,-0.273,-0.902,0.593,-0.104,-0.584,-0.798,-0.625,0.55,0.711,-0.444,-0.527,0.317,-0.393,-0.904,0.514,-0.937,0.841,-0.811,-0.819,-0.526,0.273,-0.907,-0.861,0.682,-0.796,-0.831,-0.365,-0.801,-0.745,0.327,-0.565,-0.69,-0.781,-0.629,0.459,-0.224,0.069,-0.085,-0.629,-0.862,0.084,0.863,-0.724,-0.818,-0.89,-0.163,-0.505,0.851,-0.927,-0.482,0.84,0.659,-0.788,-0.721,-0.76,-0.76,0.591,0.447,-0.819,-0.533,-0.829,0.659,-0.837,-0.795,-0.741,-0.056,0.827,-0.824,-0.891,0.5,-0.587,-0.895,-0.334,-0.561,0.479,0.733,0.234,0.409,-0.663,-0.206,-0.774,-0.839,-0.016,0.607,-0.813,-0.653,-0.902,-0.822,-0.893,-0.799,-0.01,-0.92,0.075,0.744,-0.764,-0.867,-0.693,-0.861
ASML,0.645,0.95,0.705,0.737,0.832,0.561,0.883,0.339,0.031,0.622,0.829,-0.293,0.75,0.638,-0.871,-0.84,0.0,0.31,0.911,0.883,0.641,-0.747,0.921,0.721,-0.013,0.888,-0.276,0.692,0.863,-0.282,0.889,0.911,0.676,-0.728,-0.468,0.857,0.497,0.78,-0.11,-0.849,0.685,0.79,0.369,0.832,0.491,0.404,-0.784,0.792,0.874,0.741,0.813,0.774,-0.694,-0.121,0.561,0.428,0.818,0.629,-0.65,-0.223,0.765,-0.078,0.833,0.727,0.364,-0.39,-0.071,0.843,0.66,0.113,0.73,0.433,0.679,0.516,0.708,0.562,0.438,0.59,0.232,0.313,0.64,-0.535,-0.485,0.101,0.695,0.906,0.698,0.675,0.75,-0.87,0.727,0.863,0.762,0.467,0.834,0.511,0.717,0.489,0.397,0.911,0.231,0.297,0.343,0.877,-0.69,0.022,0.371,0.65,0.773,-0.394,-0.395,0.371,0.505,-0.418,0.037,0.861,-0.511,0.896,-0.877,0.692,0.594,0.608,-0.109,0.854,0.933,-0.612,0.788,0.793,0.212,0.66,0.573,-0.246,0.664,0.559,0.829,0.329,-0.636,0.305,-0.141,-0.079,0.338,0.852,0.258,-0.793,0.731,0.822,0.931,0.153,0.341,-0.719,0.912,0.67,-0.759,-0.567,0.601,0.531,0.849,0.813,-0.272,-0.359,0.667,0.271,0.912,-0.645,0.901,0.963,0.604,-0.009,-0.723,0.762,0.825,-0.555,0.469,0.764,0.459,0.735,-0.45,-0.529,-0.056,-0.342,0.601,0.059,0.889,0.801,0.178,-0.395,0.721,0.661,0.672,0.848,0.903,0.892,0.083,0.843,0.133,-0.573,0.67,0.637,0.672,0.724
ATRC,0.218,0.411,0.235,0.279,0.478,0.32,0.477,-0.25,0.298,0.382,0.346,0.201,0.248,-0.01,-0.322,-0.468,0.31,0.0,0.534,0.409,0.27,-0.17,0.174,0.453,0.25,0.236,-0.528,0.48,0.586,0.082,0.549,0.453,0.723,-0.006,-0.029,0.335,0.415,0.464,0.065,-0.12,-0.015,0.473,0.306,0.456,0.744,0.174,-0.082,0.479,0.238,0.439,0.574,0.366,-0.283,-0.179,0.627,0.323,0.495,0.47,-0.335,0.469,0.57,0.448,0.579,0.614,-0.095,-0.559,-0.444,0.512,0.653,0.439,0.532,0.601,0.504,0.261,0.571,0.575,0.461,0.488,-0.245,-0.014,0.507,-0.257,-0.342,0.524,0.515,0.306,0.455,0.586,0.265,-0.258,0.469,0.385,0.448,0.164,0.388,0.474,0.516,0.408,0.544,0.33,0.004,0.524,-0.064,0.527,-0.152,-0.107,0.302,0.724,0.394,-0.09,-0.317,0.348,0.681,-0.063,0.523,0.637,-0.162,0.5,-0.282,0.589,0.512,0.206,0.296,0.409,0.443,-0.323,0.319,0.469,0.491,0.507,0.371,0.185,0.229,0.358,0.478,0.721,-0.037,-0.247,0.203,0.406,0.486,0.471,0.137,-0.584,0.428,0.515,0.408,0.403,0.725,-0.189,0.46,0.125,-0.453,-0.405,0.318,0.535,0.313,0.502,-0.537,-0.054,0.578,0.522,0.425,-0.626,0.375,0.363,0.444,-0.171,-0.609,0.38,0.516,-0.056,0.364,0.482,-0.273,-0.015,-0.197,-0.23,0.056,0.18,0.364,0.154,0.319,0.216,0.388,-0.371,0.695,0.32,0.564,0.373,0.427,0.376,0.276,0.403,-0.358,-0.31,0.439,0.579,0.686,0.537
AVGO,0.628,0.909,0.669,0.644,0.884,0.567,0.893,0.215,0.229,0.713,0.788,-0.195,0.662,0.521,-0.768,-0.841,0.911,0.534,0.0,0.868,0.555,-0.641,0.795,0.749,0.153,0.79,-0.403,0.726,0.925,-0.274,0.911,0.924,0.771,-0.562,-0.453,0.868,0.531,0.804,0.043,-0.676,0.655,0.765,0.396,0.793,0.66,0.393,-0.691,0.807,0.796,0.758,0.87,0.785,-0.585,-0.125,0.735,0.545,0.856,0.667,-0.636,-0.073,0.826,0.151,0.876,0.811,0.325,-0.558,-0.189,0.863,0.775,0.342,0.773,0.532,0.736,0.533,0.753,0.659,0.514,0.65,0.148,0.274,0.705,-0.443,-0.427,0.22,0.758,0.842,0.754,0.781,0.745,-0.772,0.755,0.865,0.769,0.526,0.819,0.627,0.772,0.548,0.537,0.862,0.287,0.491,0.221,0.94,-0.513,-0.024,0.425,0.72,0.825,-0.31,-0.404,0.373,0.676,-0.343,0.175,0.935,-0.389,0.902,-0.781,0.786,0.669,0.543,0.007,0.849,0.953,-0.514,0.735,0.733,0.438,0.726,0.583,-0.186,0.653,0.551,0.8,0.546,-0.5,0.204,-0.147,0.213,0.425,0.857,0.239,-0.859,0.682,0.818,0.898,0.294,0.547,-0.667,0.89,0.601,-0.795,-0.673,0.641,0.625,0.777,0.878,-0.363,-0.313,0.742,0.448,0.914,-0.704,0.865,0.914,0.648,-0.031,-0.831,0.748,0.879,-0.454,0.5,0.79,0.316,0.63,-0.495,-0.423,0.055,-0.226,0.617,0.132,0.823,0.759,0.281,-0.476,0.834,0.59,0.747,0.801,0.918,0.863,0.136,0.816,-0.004,-0.558,0.687,0.728,0.782,0.825
AVT,0.367,0.859,0.869,0.642,0.886,0.454,0.979,0.07,0.054,0.667,0.797,0.048,0.864,0.694,-0.655,-0.872,0.883,0.409,0.868,0.0,0.822,-0.841,0.843,0.906,-0.098,0.819,-0.574,0.87,0.908,-0.442,0.911,0.958,0.763,-0.778,-0.29,0.911,0.716,0.933,0.102,-0.74,0.499,0.894,0.676,0.933,0.668,0.58,-0.636,0.937,0.824,0.762,0.925,0.848,-0.774,0.151,0.763,0.196,0.954,0.854,-0.727,-0.02,0.888,0.239,0.925,0.887,0.075,-0.344,-0.223,0.957,0.622,0.278,0.574,0.648,0.884,0.376,0.901,0.783,0.726,0.659,0.298,0.1,0.853,-0.626,-0.579,0.347,0.88,0.954,0.819,0.866,0.583,-0.815,0.869,0.837,0.918,0.548,0.871,0.713,0.897,0.665,0.547,0.888,0.064,0.437,0.475,0.941,-0.629,0.264,0.667,0.702,0.644,-0.444,-0.624,0.633,0.694,-0.123,0.294,0.895,-0.37,0.929,-0.825,0.897,0.754,0.722,-0.109,0.843,0.935,-0.692,0.915,0.826,0.108,0.875,0.707,-0.151,0.77,0.733,0.772,0.553,-0.44,0.385,0.087,0.17,0.631,0.965,0.22,-0.835,0.754,0.942,0.853,0.403,0.416,-0.767,0.965,0.507,-0.746,-0.532,0.779,0.777,0.886,0.9,-0.579,-0.464,0.784,0.604,0.96,-0.658,0.911,0.9,0.826,0.288,-0.737,0.921,0.928,-0.418,0.719,0.928,0.499,0.652,-0.259,-0.503,-0.131,-0.485,0.818,0.165,0.916,0.843,0.11,-0.33,0.824,0.8,0.75,0.933,0.934,0.831,0.09,0.931,0.192,-0.665,0.859,0.79,0.788,0.88
AXDX,-0.0,0.624,0.882,0.443,0.696,0.114,0.837,-0.187,-0.1,0.549,0.586,0.377,0.935,0.663,-0.4,-0.733,0.641,0.27,0.555,0.822,0.0,-0.807,0.641,0.882,-0.373,0.574,-0.691,0.853,0.71,-0.412,0.728,0.761,0.649,-0.827,0.011,0.749,0.73,0.866,0.208,-0.573,0.153,0.842,0.859,0.892,0.573,0.719,-0.339,0.874,0.641,0.561,0.81,0.742,-0.818,0.401,0.602,-0.249,0.857,0.879,-0.708,0.098,0.775,0.395,0.783,0.783,-0.294,-0.104,-0.232,0.841,0.318,0.161,0.245,0.745,0.841,0.1,0.865,0.807,0.826,0.687,0.368,-0.095,0.848,-0.799,-0.755,0.507,0.849,0.802,0.742,0.801,0.2,-0.72,0.839,0.655,0.881,0.431,0.709,0.715,0.845,0.72,0.455,0.71,-0.347,0.357,0.581,0.698,-0.574,0.528,0.804,0.565,0.254,-0.677,-0.778,0.807,0.61,0.179,0.526,0.677,-0.154,0.78,-0.646,0.801,0.741,0.806,-0.098,0.635,0.649,-0.77,0.915,0.803,-0.167,0.87,0.641,-0.126,0.721,0.832,0.588,0.536,-0.171,0.446,0.337,0.22,0.801,0.832,0.059,-0.643,0.755,0.856,0.586,0.535,0.237,-0.708,0.805,0.231,-0.456,-0.369,0.819,0.851,0.823,0.704,-0.731,-0.545,0.615,0.649,0.775,-0.365,0.768,0.643,0.853,0.437,-0.486,0.892,0.794,-0.293,0.813,0.861,0.521,0.377,0.08,-0.521,-0.214,-0.575,0.879,0.112,0.795,0.773,-0.073,-0.065,0.663,0.872,0.647,0.875,0.695,0.541,0.112,0.864,0.349,-0.731,0.812,0.79,0.651,0.805
AXSM,-0.337,-0.637,-0.87,-0.548,-0.8,-0.252,-0.804,-0.205,0.021,-0.591,-0.544,-0.146,-0.79,-0.65,0.528,0.665,-0.747,-0.17,-0.641,-0.841,-0.807,0.0,-0.819,-0.823,0.37,-0.596,0.516,-0.666,-0.663,0.637,-0.7,-0.805,-0.506,0.88,-0.014,-0.684,-0.704,-0.802,-0.263,0.589,-0.386,-0.731,-0.647,-0.803,-0.473,-0.704,0.397,-0.812,-0.658,-0.476,-0.752,-0.761,0.849,-0.278,-0.494,0.035,-0.802,-0.807,0.479,0.095,-0.712,-0.22,-0.771,-0.662,0.064,-0.045,0.027,-0.782,-0.229,-0.145,-0.327,-0.463,-0.761,-0.043,-0.756,-0.685,-0.653,-0.666,-0.511,-0.022,-0.745,0.524,0.439,-0.303,-0.735,-0.892,-0.581,-0.745,-0.539,0.746,-0.75,-0.695,-0.813,-0.487,-0.811,-0.498,-0.702,-0.652,-0.403,-0.722,0.118,-0.046,-0.602,-0.715,0.624,-0.488,-0.684,-0.415,-0.376,0.606,0.496,-0.747,-0.607,0.032,-0.228,-0.644,0.301,-0.723,0.629,-0.719,-0.506,-0.858,0.074,-0.629,-0.699,0.725,-0.852,-0.713,0.288,-0.784,-0.497,0.286,-0.686,-0.549,-0.504,-0.349,0.31,-0.633,-0.245,-0.177,-0.478,-0.848,-0.418,0.642,-0.724,-0.825,-0.601,-0.408,0.012,0.705,-0.761,-0.286,0.434,0.363,-0.644,-0.717,-0.911,-0.698,0.51,0.543,-0.576,-0.465,-0.845,0.377,-0.853,-0.766,-0.78,-0.495,0.42,-0.85,-0.721,0.334,-0.741,-0.743,-0.654,-0.675,-0.007,0.261,-0.071,0.685,-0.803,0.146,-0.797,-0.83,0.179,0.042,-0.543,-0.851,-0.434,-0.897,-0.694,-0.595,0.004,-0.844,-0.465,0.665,-0.809,-0.594,-0.522,-0.711
AZN,0.591,0.852,0.715,0.613,0.768,0.375,0.816,0.438,-0.06,0.573,0.717,-0.239,0.696,0.664,-0.769,-0.768,0.921,0.174,0.795,0.843,0.641,-0.819,0.0,0.707,-0.093,0.809,-0.261,0.617,0.768,-0.429,0.77,0.84,0.498,-0.801,-0.359,0.792,0.513,0.754,0.004,-0.833,0.596,0.724,0.396,0.763,0.379,0.503,-0.692,0.759,0.857,0.597,0.718,0.696,-0.734,-0.033,0.52,0.316,0.768,0.627,-0.586,-0.242,0.665,-0.09,0.757,0.628,0.304,-0.154,0.126,0.787,0.469,0.036,0.54,0.312,0.659,0.325,0.635,0.532,0.444,0.502,0.292,0.25,0.625,-0.488,-0.395,0.044,0.654,0.877,0.638,0.606,0.676,-0.785,0.704,0.802,0.745,0.521,0.759,0.489,0.663,0.504,0.278,0.855,0.155,0.138,0.441,0.803,-0.696,0.186,0.433,0.487,0.66,-0.438,-0.392,0.42,0.418,-0.336,-0.017,0.721,-0.562,0.801,-0.756,0.627,0.519,0.638,-0.154,0.786,0.834,-0.587,0.769,0.72,0.01,0.639,0.562,-0.38,0.609,0.453,0.68,0.229,-0.542,0.458,-0.067,-0.125,0.308,0.804,0.296,-0.693,0.714,0.777,0.837,0.07,0.112,-0.727,0.836,0.619,-0.632,-0.477,0.609,0.497,0.847,0.702,-0.234,-0.344,0.648,0.238,0.857,-0.565,0.86,0.884,0.62,0.224,-0.595,0.761,0.756,-0.456,0.505,0.709,0.527,0.848,-0.318,-0.465,0.029,-0.537,0.63,0.014,0.818,0.832,-0.023,-0.32,0.553,0.691,0.541,0.814,0.829,0.824,-0.103,0.823,0.213,-0.543,0.71,0.552,0.481,0.665
BANR,0.162,0.717,0.911,0.413,0.88,0.175,0.918,-0.071,0.098,0.772,0.633,0.393,0.864,0.676,-0.458,-0.82,0.721,0.453,0.749,0.906,0.882,-0.823,0.707,0.0,-0.202,0.604,-0.751,0.926,0.856,-0.544,0.815,0.874,0.711,-0.782,-0.031,0.848,0.811,0.986,0.345,-0.573,0.236,0.879,0.867,0.921,0.696,0.771,-0.39,0.98,0.691,0.588,0.931,0.819,-0.783,0.374,0.775,-0.027,0.951,0.977,-0.72,0.181,0.833,0.534,0.911,0.891,-0.253,-0.258,-0.193,0.95,0.455,0.34,0.341,0.79,0.978,0.152,0.947,0.937,0.918,0.771,0.338,-0.05,0.976,-0.675,-0.619,0.586,0.968,0.845,0.852,0.94,0.353,-0.688,0.937,0.804,0.99,0.663,0.789,0.794,0.957,0.802,0.603,0.813,-0.255,0.446,0.541,0.849,-0.539,0.493,0.874,0.623,0.418,-0.606,-0.761,0.812,0.76,0.172,0.544,0.816,-0.229,0.851,-0.632,0.92,0.841,0.817,-0.008,0.759,0.771,-0.713,0.904,0.782,0.056,0.986,0.743,-0.251,0.762,0.765,0.591,0.699,-0.111,0.465,0.315,0.395,0.82,0.95,0.184,-0.736,0.788,0.917,0.689,0.523,0.325,-0.773,0.879,0.315,-0.586,-0.486,0.878,0.919,0.883,0.818,-0.772,-0.494,0.804,0.775,0.874,-0.485,0.883,0.744,0.97,0.457,-0.616,0.983,0.879,-0.188,0.918,0.958,0.428,0.5,-0.014,-0.481,-0.111,-0.609,0.94,0.2,0.831,0.876,-0.054,-0.203,0.758,0.886,0.727,0.925,0.823,0.659,0.009,0.952,0.248,-0.783,0.945,0.893,0.719,0.937
BBIO,0.216,0.047,-0.358,-0.085,-0.12,0.149,-0.07,0.143,0.366,0.148,0.249,-0.391,-0.267,-0.193,0.017,-0.03,-0.013,0.25,0.153,-0.098,-0.373,0.37,-0.093,-0.202,0.0,0.185,0.296,-0.153,0.035,0.171,0.038,0.004,0.057,0.452,-0.478,0.05,-0.272,-0.118,-0.319,-0.073,0.116,-0.17,-0.348,-0.158,0.098,-0.386,-0.285,-0.136,0.042,0.239,-0.04,-0.111,0.373,-0.467,0.173,0.629,-0.091,-0.286,-0.031,-0.089,0.049,-0.296,-0.06,0.023,0.479,-0.497,0.061,-0.072,0.459,0.135,0.273,-0.266,-0.086,0.474,-0.151,-0.227,-0.23,-0.28,-0.426,0.432,-0.134,0.242,0.203,-0.224,-0.155,-0.185,-0.081,-0.178,0.04,0.246,-0.238,0.02,-0.193,-0.001,-0.153,-0.123,-0.062,-0.255,0.068,-0.06,0.523,0.388,-0.323,0.101,0.119,-0.576,-0.326,0.217,0.462,0.451,0.32,-0.491,-0.036,-0.331,-0.28,0.121,-0.195,0.002,0.064,-0.038,0.057,-0.495,-0.017,-0.032,0.149,0.38,-0.268,-0.199,0.624,-0.223,-0.038,0.09,-0.082,-0.201,0.066,-0.086,-0.114,-0.433,-0.556,-0.132,-0.165,-0.108,-0.055,-0.032,-0.128,-0.17,0.18,-0.332,0.364,0.161,-0.057,0.296,-0.334,-0.264,-0.124,-0.3,-0.252,0.04,0.291,0.435,0.158,-0.006,-0.077,-0.301,-0.158,0.073,-0.213,-0.361,-0.333,-0.202,0.056,0.001,-0.338,-0.082,-0.385,-0.059,-0.497,-0.028,0.0,0.456,-0.317,0.368,-0.145,-0.183,0.433,-0.462,0.088,-0.468,0.201,-0.265,0.125,0.266,0.007,-0.187,-0.39,0.414,-0.126,-0.05,-0.022,-0.075
BCYC,0.542,0.895,0.54,0.732,0.667,0.599,0.818,0.225,0.146,0.5,0.939,-0.367,0.726,0.6,-0.782,-0.751,0.888,0.236,0.79,0.819,0.574,-0.596,0.809,0.604,0.185,0.0,-0.115,0.619,0.757,-0.117,0.847,0.85,0.648,-0.545,-0.602,0.797,0.441,0.69,-0.382,-0.911,0.608,0.66,0.273,0.777,0.505,0.244,-0.88,0.685,0.895,0.89,0.698,0.666,-0.534,-0.149,0.531,0.477,0.73,0.494,-0.645,-0.345,0.767,-0.226,0.729,0.66,0.498,-0.503,-0.078,0.759,0.719,0.111,0.735,0.31,0.591,0.711,0.66,0.427,0.373,0.417,0.029,0.492,0.545,-0.496,-0.465,0.008,0.563,0.819,0.581,0.515,0.627,-0.72,0.55,0.712,0.66,0.375,0.761,0.404,0.658,0.274,0.471,0.805,0.401,0.445,0.352,0.804,-0.694,-0.151,0.232,0.682,0.833,-0.144,-0.312,0.211,0.418,-0.39,-0.126,0.781,-0.458,0.832,-0.799,0.621,0.583,0.398,-0.147,0.733,0.895,-0.529,0.702,0.671,0.201,0.528,0.526,-0.004,0.613,0.598,0.863,0.161,-0.619,0.065,-0.28,-0.278,0.328,0.755,0.198,-0.675,0.587,0.759,0.932,0.091,0.437,-0.548,0.854,0.793,-0.793,-0.521,0.515,0.368,0.702,0.792,-0.169,-0.14,0.63,0.236,0.818,-0.708,0.723,0.91,0.513,-0.068,-0.77,0.671,0.788,-0.513,0.335,0.713,0.326,0.618,-0.484,-0.573,-0.271,-0.155,0.471,0.271,0.862,0.632,0.4,-0.373,0.68,0.504,0.675,0.7,0.862,0.953,0.174,0.702,0.035,-0.293,0.587,0.563,0.622,0.611
BHFAP,0.204,-0.27,-0.686,-0.05,-0.567,0.067,-0.612,0.437,0.024,-0.428,-0.261,-0.642,-0.591,-0.22,0.071,0.575,-0.276,-0.528,-0.403,-0.574,-0.691,0.516,-0.261,-0.751,0.296,-0.115,0.0,-0.738,-0.58,0.438,-0.489,-0.486,-0.639,0.493,-0.25,-0.498,-0.576,-0.709,-0.539,0.084,0.181,-0.68,-0.832,-0.624,-0.586,-0.646,-0.044,-0.718,-0.179,-0.251,-0.706,-0.531,0.598,-0.371,-0.719,0.274,-0.699,-0.813,0.568,-0.589,-0.562,-0.788,-0.673,-0.758,0.602,0.169,0.515,-0.674,-0.28,-0.318,-0.064,-0.834,-0.76,0.202,-0.706,-0.801,-0.812,-0.57,-0.2,0.394,-0.779,0.557,0.568,-0.573,-0.798,-0.477,-0.673,-0.81,0.014,0.416,-0.767,-0.446,-0.711,-0.364,-0.42,-0.778,-0.742,-0.737,-0.411,-0.44,0.497,-0.467,-0.242,-0.573,0.172,-0.57,-0.805,-0.488,-0.018,0.595,0.751,-0.756,-0.659,-0.319,-0.828,-0.553,-0.03,-0.556,0.384,-0.728,-0.637,-0.543,-0.127,-0.419,-0.384,0.553,-0.632,-0.533,-0.049,-0.826,-0.483,0.168,-0.416,-0.601,-0.251,-0.866,-0.103,-0.274,-0.483,-0.651,-0.829,-0.609,0.091,0.638,-0.52,-0.625,-0.265,-0.64,-0.376,0.517,-0.542,0.196,0.296,0.386,-0.725,-0.899,-0.537,-0.527,0.913,0.57,-0.606,-0.785,-0.51,0.315,-0.489,-0.286,-0.769,-0.417,0.427,-0.661,-0.617,0.071,-0.757,-0.695,-0.141,-0.131,-0.139,0.295,0.016,0.475,-0.699,-0.047,-0.405,-0.561,0.19,0.207,-0.636,-0.645,-0.591,-0.614,-0.445,-0.22,-0.008,-0.661,-0.012,0.714,-0.656,-0.747,-0.595,-0.762
BKR,0.036,0.737,0.85,0.36,0.762,0.176,0.893,-0.201,0.003,0.685,0.661,0.352,0.851,0.642,-0.453,-0.858,0.692,0.48,0.726,0.87,0.853,-0.666,0.617,0.926,-0.153,0.619,-0.738,0.0,0.87,-0.354,0.803,0.818,0.762,-0.704,-0.154,0.863,0.703,0.932,0.233,-0.587,0.194,0.907,0.854,0.915,0.642,0.633,-0.465,0.944,0.665,0.625,0.917,0.747,-0.703,0.317,0.777,-0.025,0.907,0.892,-0.834,0.209,0.801,0.491,0.868,0.902,-0.256,-0.372,-0.287,0.931,0.568,0.264,0.358,0.863,0.926,0.255,0.905,0.86,0.859,0.671,0.228,-0.045,0.921,-0.757,-0.723,0.542,0.95,0.762,0.9,0.884,0.227,-0.692,0.922,0.802,0.929,0.599,0.689,0.852,0.957,0.73,0.521,0.832,-0.267,0.586,0.449,0.828,-0.451,0.355,0.803,0.685,0.434,-0.541,-0.843,0.689,0.648,0.104,0.582,0.83,-0.212,0.861,-0.687,0.897,0.898,0.676,-0.133,0.789,0.762,-0.661,0.87,0.779,0.207,0.924,0.784,-0.173,0.701,0.823,0.659,0.727,-0.171,0.324,0.23,0.317,0.854,0.883,-0.057,-0.736,0.694,0.849,0.717,0.452,0.477,-0.784,0.891,0.357,-0.662,-0.485,0.894,0.881,0.749,0.785,-0.775,-0.464,0.8,0.753,0.799,-0.512,0.793,0.682,0.874,0.296,-0.67,0.911,0.859,-0.238,0.789,0.964,0.38,0.402,-0.136,-0.639,-0.284,-0.481,0.848,0.352,0.782,0.812,0.005,-0.311,0.793,0.794,0.837,0.851,0.817,0.638,0.068,0.909,0.106,-0.773,0.847,0.919,0.757,0.921
BLDP,0.408,0.909,0.759,0.559,0.857,0.406,0.938,0.031,0.097,0.676,0.78,0.007,0.769,0.571,-0.717,-0.939,0.863,0.586,0.925,0.908,0.71,-0.663,0.768,0.856,0.035,0.757,-0.58,0.87,0.0,-0.297,0.922,0.922,0.843,-0.658,-0.392,0.906,0.612,0.901,0.064,-0.699,0.423,0.893,0.608,0.898,0.671,0.486,-0.65,0.915,0.803,0.738,0.946,0.804,-0.702,0.018,0.804,0.321,0.925,0.792,-0.788,0.065,0.857,0.282,0.929,0.915,0.084,-0.57,-0.224,0.957,0.776,0.241,0.663,0.717,0.856,0.477,0.851,0.775,0.691,0.647,0.141,0.091,0.828,-0.672,-0.659,0.366,0.893,0.847,0.912,0.867,0.527,-0.805,0.88,0.883,0.879,0.53,0.776,0.758,0.891,0.621,0.537,0.92,0.022,0.55,0.268,0.948,-0.586,0.085,0.588,0.805,0.694,-0.459,-0.661,0.506,0.684,-0.216,0.371,0.961,-0.393,0.956,-0.815,0.89,0.826,0.584,-0.1,0.934,0.916,-0.661,0.814,0.85,0.39,0.843,0.744,-0.188,0.683,0.71,0.828,0.682,-0.416,0.214,-0.007,0.214,0.63,0.908,0.059,-0.878,0.734,0.883,0.9,0.321,0.592,-0.777,0.95,0.515,-0.822,-0.639,0.77,0.761,0.799,0.862,-0.586,-0.393,0.819,0.569,0.893,-0.693,0.877,0.852,0.772,0.067,-0.848,0.846,0.921,-0.445,0.634,0.91,0.3,0.564,-0.414,-0.613,-0.124,-0.316,0.719,0.216,0.847,0.809,0.175,-0.484,0.888,0.698,0.859,0.865,0.932,0.829,0.132,0.906,-0.054,-0.717,0.782,0.876,0.825,0.899
BLFS,-0.013,-0.154,-0.602,0.093,-0.456,0.229,-0.382,-0.27,0.07,-0.485,-0.125,-0.316,-0.352,-0.419,-0.016,0.336,-0.282,0.082,-0.274,-0.442,-0.412,0.637,-0.429,-0.544,0.171,-0.117,0.438,-0.354,-0.297,0.0,-0.219,-0.385,-0.05,0.602,-0.129,-0.385,-0.431,-0.498,-0.604,0.159,-0.102,-0.372,-0.539,-0.331,-0.09,-0.613,0.094,-0.498,-0.213,0.028,-0.403,-0.395,0.477,-0.413,-0.332,0.165,-0.445,-0.546,0.266,-0.082,-0.265,-0.342,-0.383,-0.365,0.27,-0.271,-0.198,-0.421,0.103,-0.064,0.199,-0.189,-0.516,0.304,-0.336,-0.431,-0.491,-0.229,-0.539,0.233,-0.517,0.167,0.046,-0.146,-0.504,-0.433,-0.364,-0.477,-0.129,0.271,-0.49,-0.416,-0.496,-0.547,-0.317,-0.372,-0.422,-0.512,-0.064,-0.34,0.247,0.057,-0.378,-0.39,0.224,-0.577,-0.637,0.04,-0.015,0.516,0.314,-0.518,-0.291,-0.186,-0.189,-0.23,0.129,-0.278,0.183,-0.432,-0.308,-0.533,0.182,-0.309,-0.291,0.226,-0.427,-0.202,0.205,-0.528,-0.296,0.609,-0.385,-0.12,0.124,-0.253,-0.039,-0.761,-0.176,-0.348,-0.304,-0.466,-0.162,0.293,-0.349,-0.334,-0.161,-0.127,0.305,0.564,-0.317,0.068,0.145,0.235,-0.525,-0.465,-0.5,-0.296,0.377,0.442,-0.403,-0.44,-0.4,-0.013,-0.471,-0.282,-0.555,-0.69,0.087,-0.536,-0.353,-0.008,-0.581,-0.411,-0.459,-0.545,-0.095,-0.024,-0.24,0.778,-0.54,0.073,-0.292,-0.62,0.578,0.082,-0.112,-0.44,-0.158,-0.464,-0.347,-0.19,0.396,-0.505,-0.38,0.477,-0.564,-0.32,-0.038,-0.453
BLKB,0.512,0.9,0.721,0.727,0.892,0.579,0.945,0.022,0.244,0.661,0.885,-0.061,0.83,0.557,-0.759,-0.856,0.889,0.549,0.911,0.911,0.728,-0.7,0.77,0.815,0.038,0.847,-0.489,0.803,0.922,-0.219,0.0,0.956,0.88,-0.607,-0.378,0.86,0.657,0.865,-0.063,-0.72,0.523,0.825,0.517,0.906,0.758,0.459,-0.673,0.865,0.808,0.867,0.919,0.855,-0.662,-0.026,0.746,0.369,0.922,0.75,-0.701,-0.054,0.929,0.193,0.937,0.884,0.235,-0.559,-0.307,0.915,0.765,0.35,0.78,0.649,0.795,0.568,0.87,0.729,0.627,0.716,0.095,0.262,0.772,-0.597,-0.602,0.31,0.811,0.901,0.768,0.827,0.651,-0.816,0.781,0.797,0.84,0.456,0.896,0.646,0.847,0.569,0.654,0.853,0.175,0.562,0.332,0.932,-0.621,0.034,0.496,0.816,0.772,-0.362,-0.506,0.501,0.757,-0.231,0.251,0.96,-0.321,0.964,-0.815,0.85,0.76,0.617,0.025,0.812,0.93,-0.677,0.839,0.831,0.292,0.794,0.592,-0.012,0.723,0.746,0.865,0.566,-0.462,0.122,-0.036,0.174,0.575,0.91,0.24,-0.882,0.732,0.923,0.898,0.446,0.612,-0.642,0.948,0.581,-0.779,-0.636,0.681,0.71,0.848,0.952,-0.494,-0.315,0.743,0.522,0.942,-0.748,0.863,0.921,0.737,0.007,-0.852,0.822,0.941,-0.46,0.576,0.864,0.313,0.537,-0.399,-0.513,-0.111,-0.198,0.698,0.151,0.921,0.753,0.361,-0.368,0.914,0.69,0.801,0.861,0.925,0.88,0.297,0.856,0.016,-0.561,0.732,0.802,0.875,0.855
