,ABAT,ACLS,ACMR,ADMA,ADUS,ADVM,AEIS,AGNCM,AHCO,ALGT,ALLO,AMSF,ANAB,ANDE,APLS,APPF,ASML,ATRC,AVGO,AVT,AXDX,AXSM,AZN,BANR,BBIO,BCYC,BHFAP,BKR,BLDP,BLFS,BLKB,BLMN,BNTX,BPMC,CALM,CAMT,CASH,CATY,CCEP,CDLX,CDNS,CENN,CENX,CGC,CHDN,CLBK,COKE,COLB,COO,CORT,CRMT,CRNX,CRTO,CRVL,CSCO,CSQ,CSWI,CVBF,CWST,CYCC,CZR,DLTR,DORM,ENTA,EQIX,ERIC,EVRG,EWBC,EXAS,EXLS,EXPI,EYE,FBNC,FBRX,FCNCA,FELE,FIBK,FLEX,FRGT,FRHC,FRME,FWONA,FWONK,GDEN,GIII,GILD,GLNG,GNTX,GOOGL,GRPN,HCSG,HIMX,HOPE,HST,HTLD,HUT,HWC,ICUI,IESC,INTC,INTU,IOVA,IPAR,IPGP,ISRG,JBSS,KALU,KPRX,KRNT,LAUR,LBRDA,LBTYK,LECO,LILAK,LITE,MANH,MDXG,MFIC,MGEE,MIDD,MLAB,MMSI,MNKD,MOMO,MRVL,NICE,NMFC,NUWE,NVCR,NWBI,OFIX,OFLX,OMCL,OPK,ORKA,ORLY,OTTR,PDD,PNTG,POOL,POWL,PPBI,PPC,PRAA,PRPL,PZZA,QTRX,QURE,RDFN,RDHL,REAL,REG,REYN,RGLD,RIOT,RUN,RYTM,SAIA,SBAC,SBRA,SCVL,SHOO,SLAB,SLDB,SMCI,SMTC,SRCE,SSP,SSRM,STBA,STRO,SVC,SYBT,TCBI,TCOM,TENX,TH,TMUS,TNDM,TTD,TTMI,UAL,ULH,ULTA,VCYT,VIRT,VKTX,VOD,VRDN,VREX,VRNT,VSAT,WB,WBD,WDC,WEN,WSFS,XXII,Z,ZBRA
ABAT,0.0,0.119,0.013,-0.304,0.281,-0.22,0.091,0.662,0.003,0.403,0.154,-0.375,-0.13,0.465,0.387,0.075,0.303,0.335,0.31,0.282,0.055,0.392,0.077,0.175,0.631,0.204,-0.198,0.055,0.233,-0.226,0.283,0.207,-0.437,-0.078,-0.014,0.391,0.163,0.201,0.302,-0.115,0.704,0.063,-0.056,0.03,-0.075,0.246,-0.371,0.129,0.393,0.225,-0.185,0.161,0.662,0.367,0.047,0.443,0.089,0.036,-0.176,0.622,0.013,-0.392,-0.022,-0.039,0.215,-0.045,0.238,0.213,0.13,0.008,-0.095,0.031,0.121,-0.187,-0.057,0.037,0.079,0.239,0.316,0.817,0.117,0.165,0.224,-0.2,0.149,-0.032,0.138,0.14,0.439,-0.011,0.167,0.294,0.192,0.385,-0.193,0.285,0.208,0.192,-0.005,0.143,0.274,0.307,0.299,0.3,0.535,0.125,0.124,0.231,0.412,-0.107,-0.061,-0.204,-0.075,-0.281,0.202,0.187,-0.299,-0.05,-0.287,-0.111,0.075,0.104,-0.641,0.032,0.173,0.685,-0.268,-0.421,0.513,0.174,0.236,-0.541,0.402,-0.447,0.159,0.132,-0.14,0.156,-0.393,0.134,0.111,0.198,-0.107,-0.245,0.444,-0.104,0.264,-0.637,-0.055,0.031,0.233,0.067,-0.203,-0.653,0.38,0.121,0.147,0.158,-0.014,0.124,0.412,0.207,0.173,-0.232,0.198,0.19,0.108,0.272,-0.226,0.127,0.024,0.051,-0.007,0.096,-0.601,0.47,-0.658,0.191,0.567,-0.327,0.242,-0.071,-0.257,0.301,0.4,-0.06,-0.217,-0.043,-0.114,-0.051,0.467,0.467,-0.562,0.196,-0.406,-0.168,0.439,0.073,-0.086,0.253
ACLS,0.119,0.0,0.617,0.125,0.633,-0.224,0.832,0.067,-0.092,0.569,0.764,0.223,0.723,0.512,-0.6,-0.851,0.86,0.391,0.821,0.75,0.672,-0.393,0.707,0.703,0.099,0.838,-0.486,0.824,0.868,-0.231,0.789,0.818,0.482,-0.585,-0.305,0.805,0.461,0.772,0.176,-0.785,0.228,0.766,0.646,0.826,0.433,0.472,-0.688,0.793,0.837,0.675,0.758,0.602,-0.395,0.282,0.646,0.112,0.771,0.647,-0.885,0.25,0.671,0.223,0.744,0.744,-0.155,-0.392,0.057,0.824,0.605,0.043,0.329,0.649,0.735,0.197,0.718,0.63,0.637,0.466,0.071,0.211,0.719,-0.704,-0.649,0.324,0.753,0.713,0.841,0.628,0.133,-0.689,0.757,0.795,0.75,0.574,0.583,0.754,0.807,0.527,0.32,0.895,-0.314,0.655,0.418,0.794,-0.311,0.244,0.564,0.512,0.598,-0.522,-0.762,0.361,0.349,0.039,0.449,0.81,-0.345,0.858,-0.666,0.7,0.837,0.432,-0.282,0.878,0.868,-0.35,0.685,0.642,0.39,0.688,0.693,-0.332,0.493,0.532,0.72,0.54,-0.101,0.193,-0.003,0.099,0.732,0.745,-0.422,-0.664,0.549,0.74,0.946,-0.055,0.363,-0.7,0.869,0.574,-0.745,-0.562,0.762,0.613,0.65,0.693,-0.531,-0.211,0.705,0.524,0.75,-0.542,0.731,0.837,0.655,0.206,-0.749,0.744,0.809,-0.172,0.523,0.85,0.052,0.43,-0.277,-0.728,-0.134,-0.386,0.584,0.542,0.768,0.702,0.041,-0.365,0.602,0.564,0.807,0.707,0.773,0.806,-0.199,0.784,-0.159,-0.591,0.574,0.816,0.564,0.765
ACMR,0.013,0.617,0.0,0.064,0.836,-0.424,0.871,0.197,-0.279,0.671,0.399,0.574,0.813,0.657,-0.071,-0.702,0.79,0.318,0.686,0.888,0.899,-0.739,0.715,0.908,-0.225,0.467,-0.803,0.857,0.771,-0.679,0.735,0.833,0.291,-0.907,0.247,0.806,0.737,0.886,0.635,-0.45,0.3,0.849,0.944,0.864,0.384,0.812,-0.247,0.901,0.624,0.358,0.774,0.834,-0.503,0.614,0.582,-0.423,0.856,0.902,-0.712,0.455,0.682,0.447,0.768,0.757,-0.652,0.129,-0.027,0.867,0.132,0.083,-0.2,0.761,0.872,-0.385,0.805,0.803,0.855,0.72,0.599,0.169,0.873,-0.668,-0.562,0.549,0.889,0.912,0.802,0.859,0.196,-0.801,0.906,0.807,0.884,0.625,0.688,0.797,0.85,0.803,0.273,0.781,-0.662,0.335,0.598,0.784,-0.183,0.722,0.921,0.358,0.058,-0.901,-0.828,0.768,0.558,0.28,0.693,0.716,-0.265,0.728,-0.656,0.789,0.683,0.844,-0.381,0.705,0.732,-0.345,0.785,0.633,0.007,0.902,0.693,-0.542,0.735,0.42,0.364,0.681,0.004,0.701,0.393,0.513,0.805,0.895,-0.099,-0.697,0.706,0.789,0.566,0.045,-0.062,-0.815,0.828,-0.062,-0.366,-0.474,0.859,0.903,0.908,0.704,-0.787,-0.68,0.638,0.768,0.89,-0.217,0.892,0.774,0.864,0.678,-0.371,0.906,0.742,-0.15,0.848,0.861,0.371,0.563,-0.1,-0.314,0.198,-0.773,0.873,-0.012,0.672,0.869,-0.315,-0.039,0.488,0.816,0.533,0.941,0.743,0.529,-0.33,0.906,0.276,-0.878,0.78,0.794,0.521,0.842
ADMA,-0.304,0.125,0.064,0.0,-0.064,0.613,0.181,-0.612,0.199,-0.306,0.281,0.002,0.402,-0.146,-0.265,-0.097,-0.035,0.022,-0.035,0.007,0.23,-0.027,-0.125,-0.006,-0.271,0.276,0.016,0.133,0.03,0.468,0.181,0.091,0.515,0.089,-0.083,-0.089,0.101,-0.008,-0.47,-0.022,-0.17,0.065,0.114,0.186,0.297,-0.172,-0.011,0.007,-0.044,0.465,0.137,0.121,-0.292,-0.09,-0.005,-0.319,0.129,0.031,-0.01,-0.326,0.243,0.152,0.121,0.229,0.003,-0.295,-0.556,0.034,0.231,0.092,0.473,0.138,-0.021,0.433,0.243,0.062,0.036,0.138,-0.126,-0.18,-0.007,-0.407,-0.511,0.079,-0.019,0.244,-0.048,0.047,-0.156,-0.205,-0.077,-0.176,-0.027,-0.42,0.43,0.015,0.008,-0.247,0.397,-0.098,0.027,0.206,-0.094,0.012,-0.421,-0.247,-0.09,0.285,0.08,0.12,-0.135,0.041,0.304,0.037,-0.127,0.09,0.415,0.18,-0.178,0.239,0.131,-0.025,0.234,-0.006,0.135,-0.489,0.317,0.407,-0.245,-0.004,-0.204,0.608,0.048,0.608,0.558,-0.017,-0.26,-0.353,0.053,-0.062,0.147,0.023,-0.048,-0.095,-0.15,0.27,0.062,0.308,0.438,0.151,0.125,-0.041,-0.026,0.203,-0.096,0.095,0.022,0.277,-0.169,-0.143,-0.195,-0.013,0.089,-0.121,-0.117,0.142,-0.035,-0.254,-0.162,0.027,0.17,-0.328,-0.05,0.083,0.135,-0.344,0.107,-0.186,-0.463,0.365,-0.021,-0.039,0.348,-0.204,0.401,0.235,0.445,-0.025,0.206,0.135,-0.111,-0.032,0.612,-0.085,0.129,0.119,-0.191,0.147,0.468,0.011
ADUS,0.281,0.633,0.836,-0.064,0.0,-0.379,0.875,0.278,-0.033,0.819,0.491,0.602,0.696,0.691,0.012,-0.61,0.781,0.549,0.826,0.909,0.8,-0.548,0.621,0.946,0.028,0.476,-0.871,0.848,0.839,-0.66,0.845,0.893,0.261,-0.71,0.275,0.855,0.818,0.936,0.727,-0.385,0.427,0.782,0.861,0.812,0.604,0.866,-0.242,0.91,0.685,0.51,0.759,0.845,-0.218,0.702,0.719,-0.095,0.886,0.917,-0.683,0.633,0.764,0.529,0.834,0.77,-0.531,-0.021,-0.022,0.902,0.254,0.381,-0.057,0.805,0.913,-0.345,0.848,0.898,0.906,0.852,0.46,0.351,0.92,-0.46,-0.374,0.603,0.926,0.808,0.825,0.93,0.481,-0.603,0.901,0.774,0.931,0.783,0.694,0.853,0.925,0.847,0.5,0.764,-0.449,0.553,0.613,0.87,0.016,0.723,0.904,0.428,0.267,-0.747,-0.73,0.725,0.701,0.409,0.776,0.814,-0.257,0.727,-0.562,0.782,0.761,0.79,-0.35,0.635,0.761,-0.11,0.666,0.423,0.243,0.955,0.722,-0.56,0.787,0.297,0.358,0.815,0.202,0.546,0.331,0.684,0.888,0.928,0.02,-0.748,0.795,0.801,0.625,0.014,0.096,-0.639,0.834,0.046,-0.425,-0.658,0.903,0.92,0.897,0.832,-0.775,-0.436,0.797,0.874,0.914,-0.389,0.907,0.787,0.927,0.679,-0.523,0.907,0.783,0.088,0.87,0.884,-0.034,0.564,-0.171,-0.184,0.356,-0.712,0.902,0.112,0.632,0.863,-0.053,-0.062,0.517,0.782,0.515,0.851,0.856,0.691,-0.415,0.896,0.058,-0.79,0.859,0.83,0.599,0.937
ADVM,-0.22,-0.224,-0.424,0.613,-0.379,0.0,-0.236,-0.647,0.404,-0.499,0.061,-0.229,-0.099,-0.559,-0.154,0.196,-0.414,0.016,-0.206,-0.415,-0.343,0.447,-0.56,-0.431,0.003,-0.088,0.266,-0.231,-0.281,0.722,-0.137,-0.326,0.452,0.638,-0.215,-0.445,-0.368,-0.421,-0.591,0.376,-0.254,-0.319,-0.382,-0.274,0.159,-0.569,0.137,-0.422,-0.476,0.199,-0.143,-0.299,0.062,-0.482,-0.103,0.167,-0.246,-0.388,0.285,-0.399,-0.112,0.102,-0.182,-0.032,0.26,-0.47,-0.728,-0.361,0.323,0.26,0.668,-0.112,-0.414,0.577,-0.194,-0.274,-0.401,-0.21,-0.442,-0.236,-0.399,0.099,-0.09,-0.187,-0.397,-0.305,-0.374,-0.275,-0.14,0.221,-0.454,-0.473,-0.457,-0.664,-0.016,-0.234,-0.359,-0.456,0.264,-0.465,0.407,0.243,-0.594,-0.272,-0.037,-0.593,-0.514,0.073,0.102,0.553,0.306,-0.362,0.101,-0.181,-0.276,-0.139,0.601,-0.147,0.155,-0.127,-0.188,-0.462,0.469,-0.349,-0.172,-0.17,-0.179,-0.002,0.076,-0.395,-0.508,0.735,-0.337,0.326,0.241,-0.138,-0.21,-0.719,-0.094,-0.029,-0.234,-0.403,-0.064,0.074,-0.501,-0.189,-0.235,0.395,0.623,0.489,-0.273,-0.099,0.093,0.298,-0.449,-0.281,-0.446,-0.004,0.135,0.129,-0.409,-0.306,-0.326,-0.119,-0.552,-0.265,-0.456,-0.672,-0.099,-0.464,-0.127,-0.207,-0.466,-0.332,-0.142,-0.65,0.045,0.044,-0.357,0.756,-0.477,0.027,-0.123,-0.609,0.548,-0.023,0.323,-0.475,0.067,-0.362,-0.443,-0.278,0.698,-0.499,-0.285,0.472,-0.582,-0.177,0.307,-0.288
AEIS,0.091,0.832,0.871,0.181,0.875,-0.236,0.0,0.072,-0.089,0.693,0.723,0.508,0.874,0.599,-0.3,-0.842,0.885,0.506,0.871,0.944,0.885,-0.637,0.745,0.928,0.005,0.729,-0.812,0.946,0.925,-0.495,0.925,0.964,0.533,-0.747,0.039,0.88,0.722,0.952,0.469,-0.615,0.264,0.909,0.897,0.952,0.657,0.743,-0.454,0.958,0.756,0.702,0.904,0.844,-0.474,0.481,0.808,-0.109,0.976,0.909,-0.85,0.439,0.884,0.476,0.937,0.919,-0.448,-0.208,-0.138,0.965,0.486,0.25,0.191,0.827,0.935,-0.084,0.925,0.875,0.883,0.713,0.302,0.229,0.924,-0.706,-0.645,0.542,0.938,0.933,0.891,0.903,0.302,-0.767,0.911,0.82,0.93,0.631,0.807,0.882,0.959,0.752,0.494,0.877,-0.448,0.652,0.545,0.944,-0.27,0.562,0.843,0.527,0.427,-0.717,-0.831,0.693,0.683,0.239,0.692,0.918,-0.302,0.929,-0.699,0.905,0.866,0.705,-0.275,0.786,0.935,-0.383,0.834,0.714,0.227,0.932,0.739,-0.394,0.697,0.556,0.616,0.773,-0.004,0.406,0.256,0.458,0.925,0.945,-0.151,-0.839,0.724,0.931,0.818,0.116,0.297,-0.751,0.954,0.215,-0.634,-0.616,0.895,0.904,0.888,0.906,-0.806,-0.452,0.803,0.82,0.97,-0.566,0.881,0.937,0.897,0.511,-0.719,0.928,0.944,-0.137,0.803,0.973,0.129,0.506,-0.186,-0.492,0.076,-0.578,0.837,0.274,0.817,0.841,-0.026,-0.259,0.731,0.776,0.773,0.932,0.862,0.793,-0.23,0.928,0.017,-0.749,0.773,0.922,0.736,0.94
AGNCM,0.662,0.067,0.197,-0.612,0.278,-0.647,0.072,0.0,-0.392,0.506,-0.071,-0.138,-0.089,0.658,0.47,0.068,0.377,0.095,0.167,0.326,0.163,0.031,0.34,0.263,0.366,0.068,-0.2,0.064,0.17,-0.554,0.135,0.185,-0.678,-0.399,0.239,0.426,0.227,0.254,0.581,-0.208,0.624,0.152,0.073,0.062,-0.27,0.488,-0.221,0.2,0.447,-0.111,-0.183,0.177,0.454,0.504,-0.083,0.22,0.08,0.15,-0.189,0.645,-0.029,-0.414,-0.029,-0.173,-0.02,0.424,0.583,0.22,-0.261,-0.187,-0.575,0.0,0.203,-0.629,-0.055,0.107,0.167,0.202,0.531,0.664,0.203,0.233,0.365,-0.049,0.207,0.051,0.199,0.121,0.371,-0.039,0.284,0.398,0.295,0.605,-0.281,0.204,0.221,0.404,-0.333,0.272,-0.032,-0.089,0.478,0.229,0.447,0.501,0.313,-0.083,0.015,-0.332,-0.049,0.068,-0.233,-0.046,0.227,0.058,-0.522,-0.064,-0.21,-0.134,-0.012,0.37,-0.64,0.089,0.07,0.66,-0.161,-0.361,0.266,0.231,0.412,-0.822,0.418,-0.652,-0.218,0.047,0.025,0.612,-0.073,0.014,0.089,0.254,0.015,-0.063,0.551,-0.096,0.149,-0.587,-0.55,-0.176,0.168,0.04,-0.041,-0.477,0.409,0.121,0.314,-0.034,0.007,0.03,0.407,0.188,0.203,0.058,0.36,0.15,0.239,0.577,0.113,0.227,-0.046,0.244,0.208,0.123,-0.24,0.666,-0.39,0.195,0.717,-0.663,0.368,-0.07,-0.229,0.453,-0.144,-0.009,-0.48,0.236,-0.256,0.093,0.452,0.354,-0.833,0.324,-0.086,-0.34,0.563,0.002,-0.34,0.194
AHCO,0.003,-0.092,-0.279,0.199,-0.033,0.404,-0.089,-0.392,0.0,0.023,0.144,0.106,-0.048,-0.276,0.063,0.176,-0.311,0.056,0.001,-0.242,-0.269,0.157,-0.329,-0.136,0.22,-0.021,0.179,-0.134,-0.144,0.268,0.003,-0.019,0.289,0.495,-0.012,-0.261,-0.053,-0.147,-0.195,0.291,-0.29,-0.39,-0.171,-0.116,0.406,-0.195,0.149,-0.167,-0.187,0.258,0.027,0.008,0.109,-0.109,0.086,0.3,-0.031,-0.109,0.243,-0.31,0.139,0.309,0.037,-0.001,0.254,-0.395,-0.192,-0.16,0.159,0.58,0.459,-0.083,-0.108,0.484,0.048,0.027,-0.074,0.081,-0.348,-0.052,-0.1,0.251,0.15,0.038,-0.159,-0.18,-0.252,-0.07,0.102,0.366,-0.281,-0.23,-0.171,-0.077,0.251,-0.161,-0.12,-0.262,0.64,-0.261,0.328,0.328,-0.1,-0.11,0.063,-0.313,-0.183,-0.004,0.316,0.46,0.286,-0.099,0.376,0.257,-0.214,-0.015,0.513,-0.03,0.453,0.066,0.057,-0.205,0.436,-0.243,-0.048,-0.16,-0.105,-0.201,0.112,-0.119,-0.296,0.478,-0.115,0.253,0.035,-0.054,0.383,-0.441,-0.131,0.229,-0.033,-0.138,0.337,0.126,-0.315,-0.026,-0.103,0.373,0.382,0.422,-0.188,0.243,0.056,0.056,-0.207,-0.095,-0.2,0.177,0.117,0.405,-0.138,0.061,-0.066,-0.081,-0.249,-0.017,-0.086,-0.276,-0.193,-0.151,0.069,0.25,-0.098,-0.104,-0.127,-0.414,0.137,0.197,-0.17,0.474,-0.185,0.284,0.102,-0.268,0.494,0.159,0.213,-0.201,0.033,-0.195,-0.222,-0.05,0.513,-0.266,-0.031,0.419,-0.227,0.011,0.206,-0.041
ALGT,0.403,0.569,0.671,-0.306,0.819,-0.499,0.693,0.506,0.023,0.0,0.415,0.468,0.513,0.746,0.133,-0.498,0.736,0.479,0.735,0.766,0.632,-0.382,0.57,0.817,0.326,0.437,-0.656,0.711,0.704,-0.626,0.707,0.79,0.022,-0.613,0.289,0.799,0.643,0.81,0.702,-0.389,0.423,0.623,0.692,0.684,0.45,0.787,-0.308,0.778,0.709,0.377,0.59,0.687,-0.023,0.645,0.571,0.147,0.72,0.756,-0.609,0.641,0.64,0.303,0.655,0.543,-0.389,0.033,0.27,0.767,0.191,0.307,-0.149,0.657,0.797,-0.328,0.67,0.759,0.752,0.736,0.466,0.532,0.808,-0.268,-0.154,0.572,0.791,0.571,0.684,0.744,0.419,-0.386,0.778,0.807,0.818,0.877,0.443,0.674,0.805,0.797,0.385,0.711,-0.363,0.478,0.686,0.725,0.216,0.619,0.816,0.257,0.367,-0.616,-0.551,0.58,0.492,0.322,0.678,0.692,-0.365,0.578,-0.394,0.603,0.699,0.723,-0.416,0.544,0.644,0.1,0.453,0.232,0.439,0.795,0.722,-0.66,0.729,0.058,0.222,0.632,0.315,0.567,0.224,0.529,0.749,0.811,0.102,-0.517,0.755,0.578,0.589,-0.119,-0.04,-0.553,0.69,0.251,-0.427,-0.648,0.832,0.719,0.752,0.627,-0.559,-0.159,0.805,0.793,0.758,-0.296,0.822,0.712,0.801,0.633,-0.416,0.783,0.62,0.33,0.727,0.751,-0.066,0.55,-0.239,-0.165,0.442,-0.688,0.822,0.369,0.435,0.829,-0.03,-0.115,0.265,0.686,0.393,0.66,0.776,0.678,-0.538,0.803,0.021,-0.688,0.849,0.704,0.374,0.801
ALLO,0.154,0.764,0.399,0.281,0.491,0.061,0.723,-0.071,0.144,0.415,0.0,0.083,0.71,0.308,-0.522,-0.712,0.69,0.294,0.65,0.614,0.555,-0.297,0.531,0.536,0.302,0.922,-0.385,0.647,0.661,-0.12,0.769,0.727,0.551,-0.344,-0.363,0.634,0.318,0.625,-0.069,-0.737,0.127,0.585,0.454,0.708,0.52,0.316,-0.736,0.622,0.637,0.854,0.664,0.506,-0.306,0.089,0.639,0.254,0.689,0.48,-0.757,0.116,0.699,0.112,0.706,0.713,0.079,-0.519,-0.159,0.674,0.677,0.137,0.539,0.467,0.585,0.414,0.614,0.456,0.488,0.325,-0.128,0.292,0.568,-0.577,-0.573,0.096,0.565,0.619,0.579,0.488,0.123,-0.523,0.493,0.536,0.577,0.343,0.608,0.56,0.673,0.303,0.46,0.66,-0.039,0.766,0.293,0.71,-0.404,0.078,0.352,0.506,0.766,-0.297,-0.504,0.209,0.388,-0.051,0.268,0.729,-0.216,0.794,-0.577,0.59,0.727,0.203,-0.119,0.539,0.792,-0.321,0.597,0.506,0.319,0.524,0.419,-0.115,0.386,0.568,0.675,0.372,-0.185,-0.093,-0.204,0.004,0.633,0.593,-0.243,-0.647,0.397,0.661,0.855,0.05,0.495,-0.436,0.741,0.543,-0.76,-0.579,0.589,0.454,0.55,0.757,-0.423,-0.043,0.621,0.433,0.645,-0.641,0.488,0.822,0.53,0.06,-0.842,0.578,0.793,-0.227,0.333,0.694,-0.109,0.293,-0.294,-0.64,-0.24,-0.151,0.382,0.502,0.712,0.522,0.284,-0.406,0.656,0.342,0.783,0.536,0.654,0.852,-0.018,0.587,-0.232,-0.266,0.407,0.688,0.539,0.63
AMSF,-0.375,0.223,0.574,0.002,0.602,-0.229,0.508,-0.138,0.106,0.468,0.083,0.0,0.507,0.251,-0.002,-0.3,0.249,0.277,0.288,0.469,0.529,-0.67,0.31,0.629,-0.424,0.018,-0.585,0.546,0.379,-0.417,0.374,0.488,0.334,-0.419,0.543,0.27,0.59,0.565,0.501,-0.051,-0.278,0.459,0.707,0.544,0.623,0.614,0.336,0.582,0.183,0.081,0.626,0.486,-0.481,0.423,0.463,-0.386,0.547,0.748,-0.224,0.213,0.545,0.798,0.618,0.494,-0.73,0.165,-0.074,0.489,-0.097,0.477,-0.156,0.643,0.628,-0.319,0.71,0.757,0.712,0.592,0.175,-0.202,0.659,-0.255,-0.218,0.799,0.599,0.511,0.431,0.644,0.102,-0.212,0.551,0.324,0.603,0.462,0.63,0.372,0.546,0.581,0.535,0.363,-0.628,0.108,0.47,0.354,-0.192,0.629,0.7,0.091,-0.216,-0.426,-0.452,0.864,0.681,0.759,0.584,0.406,0.02,0.433,0.011,0.633,0.475,0.627,0.238,0.289,0.283,-0.446,0.578,0.466,-0.233,0.644,0.422,-0.072,0.338,0.39,-0.001,0.576,0.618,0.369,0.781,0.562,0.637,0.577,0.425,-0.252,0.338,0.673,0.117,0.489,-0.014,-0.367,0.374,-0.068,-0.026,0.001,0.394,0.64,0.591,0.45,-0.643,-0.218,0.375,0.613,0.529,-0.106,0.543,0.34,0.704,0.514,-0.082,0.614,0.459,0.413,0.787,0.563,0.235,0.059,0.523,-0.086,0.021,-0.375,0.611,0.161,0.547,0.437,-0.275,0.169,0.387,0.729,0.245,0.627,0.25,0.117,-0.014,0.519,0.323,-0.456,0.459,0.533,0.458,0.513
ANAB,-0.13,0.723,0.813,0.402,0.696,-0.099,0.874,-0.089,-0.048,0.513,0.71,0.507,0.0,0.538,-0.356,-0.72,0.756,0.211,0.609,0.793,0.894,-0.675,0.655,0.794,-0.236,0.721,-0.638,0.846,0.709,-0.348,0.794,0.831,0.522,-0.723,0.073,0.7,0.598,0.8,0.27,-0.599,0.12,0.774,0.833,0.898,0.538,0.629,-0.382,0.818,0.653,0.668,0.798,0.762,-0.589,0.457,0.589,-0.306,0.861,0.794,-0.741,0.189,0.79,0.412,0.822,0.779,-0.425,-0.092,-0.17,0.807,0.307,0.181,0.161,0.732,0.774,0.012,0.837,0.747,0.756,0.635,0.277,0.123,0.779,-0.754,-0.706,0.447,0.778,0.895,0.715,0.735,0.104,-0.758,0.745,0.634,0.793,0.445,0.826,0.703,0.796,0.586,0.465,0.751,-0.508,0.505,0.545,0.716,-0.427,0.507,0.719,0.382,0.28,-0.672,-0.749,0.673,0.57,0.324,0.529,0.718,-0.084,0.842,-0.624,0.779,0.763,0.682,-0.14,0.641,0.76,-0.549,0.873,0.74,-0.023,0.776,0.561,-0.194,0.642,0.72,0.594,0.527,0.003,0.344,0.304,0.272,0.824,0.798,-0.12,-0.649,0.561,0.865,0.676,0.263,0.208,-0.653,0.829,0.258,-0.463,-0.394,0.743,0.769,0.842,0.801,-0.686,-0.442,0.56,0.637,0.837,-0.341,0.742,0.847,0.765,0.402,-0.536,0.822,0.834,-0.171,0.705,0.846,0.326,0.332,0.017,-0.524,-0.126,-0.469,0.713,0.254,0.896,0.716,-0.028,-0.019,0.65,0.737,0.667,0.881,0.65,0.626,-0.026,0.792,0.206,-0.625,0.581,0.797,0.666,0.769
ANDE,0.465,0.512,0.657,-0.146,0.691,-0.559,0.599,0.658,-0.276,0.746,0.308,0.251,0.538,0.0,0.187,-0.312,0.748,0.282,0.513,0.762,0.702,-0.311,0.6,0.736,0.117,0.441,-0.574,0.631,0.605,-0.576,0.633,0.681,-0.257,-0.735,0.385,0.758,0.666,0.704,0.653,-0.444,0.607,0.595,0.623,0.614,0.177,0.815,-0.312,0.674,0.771,0.343,0.326,0.68,0.089,0.859,0.242,-0.132,0.612,0.635,-0.511,0.661,0.508,-0.012,0.47,0.327,-0.355,0.329,0.386,0.681,-0.057,0.027,-0.374,0.544,0.653,-0.44,0.52,0.629,0.648,0.667,0.656,0.642,0.657,-0.311,-0.17,0.404,0.673,0.569,0.618,0.607,0.332,-0.46,0.7,0.689,0.747,0.761,0.318,0.615,0.674,0.661,0.164,0.663,-0.4,0.205,0.782,0.592,0.146,0.707,0.734,0.15,0.145,-0.671,-0.552,0.53,0.255,0.295,0.558,0.509,-0.39,0.429,-0.496,0.427,0.522,0.783,-0.648,0.495,0.493,0.192,0.387,0.19,0.184,0.694,0.747,-0.674,0.847,-0.043,0.265,0.411,0.121,0.693,0.211,0.255,0.622,0.729,0.006,-0.378,0.781,0.46,0.503,-0.289,-0.278,-0.508,0.663,0.175,-0.237,-0.532,0.803,0.619,0.745,0.496,-0.438,-0.215,0.665,0.611,0.684,-0.104,0.773,0.632,0.689,0.746,-0.175,0.716,0.418,0.162,0.65,0.64,-0.021,0.663,-0.294,-0.136,0.495,-0.789,0.803,0.12,0.384,0.78,-0.029,0.148,0.011,0.699,0.145,0.662,0.762,0.617,-0.606,0.733,0.131,-0.703,0.834,0.515,0.231,0.645
APLS,0.387,-0.6,-0.071,-0.265,0.012,-0.154,-0.3,0.47,0.063,0.133,-0.522,-0.002,-0.356,0.187,0.0,0.587,-0.283,0.063,-0.259,-0.112,-0.149,0.222,-0.311,-0.077,0.2,-0.533,-0.054,-0.309,-0.315,-0.24,-0.207,-0.211,-0.589,0.098,0.557,-0.157,0.122,-0.171,0.445,0.584,0.326,-0.302,-0.132,-0.335,-0.112,0.155,0.493,-0.225,-0.228,-0.329,-0.434,0.019,0.518,0.35,-0.303,-0.039,-0.235,-0.104,0.47,0.38,-0.189,-0.124,-0.318,-0.388,-0.122,0.488,0.127,-0.238,-0.499,0.191,-0.495,-0.165,-0.162,-0.573,-0.254,-0.066,-0.081,0.198,0.462,0.376,-0.131,0.534,0.567,0.05,-0.163,-0.264,-0.324,-0.04,0.3,0.369,-0.159,-0.185,-0.139,0.068,-0.281,-0.165,-0.214,0.084,-0.064,-0.403,0.124,-0.281,0.16,-0.206,0.648,0.288,0.074,-0.294,-0.362,0.05,0.322,0.043,0.051,0.133,0.084,-0.282,0.096,-0.503,0.291,-0.26,-0.4,0.206,-0.222,-0.494,-0.391,0.568,-0.411,-0.557,-0.026,-0.069,-0.087,-0.209,0.238,-0.589,-0.479,-0.051,0.206,0.334,0.125,0.379,-0.183,-0.127,0.469,0.231,0.128,-0.346,-0.538,-0.16,-0.411,0.359,-0.317,-0.516,0.502,-0.045,-0.068,-0.014,-0.068,-0.168,0.082,0.044,-0.113,0.117,-0.14,0.327,-0.103,-0.3,-0.089,0.388,0.465,-0.159,-0.38,0.324,-0.002,-0.319,-0.161,0.067,-0.068,0.788,0.668,-0.188,0.102,-0.466,-0.534,-0.084,0.121,0.463,-0.441,-0.056,-0.625,-0.2,-0.112,-0.282,-0.26,-0.19,0.146,0.03,0.155,-0.332,-0.235,-0.145
APPF,0.075,-0.851,-0.702,-0.097,-0.61,0.196,-0.842,0.068,0.176,-0.498,-0.712,-0.3,-0.72,-0.312,0.587,0.0,-0.784,-0.398,-0.788,-0.74,-0.676,0.525,-0.676,-0.716,-0.038,-0.708,0.597,-0.833,-0.857,0.339,-0.744,-0.791,-0.633,0.636,0.284,-0.755,-0.43,-0.781,-0.193,0.687,-0.026,-0.847,-0.731,-0.834,-0.419,-0.453,0.63,-0.819,-0.621,-0.559,-0.877,-0.587,0.6,-0.114,-0.774,0.023,-0.811,-0.699,0.903,-0.199,-0.67,-0.352,-0.818,-0.873,0.331,0.425,0.111,-0.839,-0.666,0.06,-0.327,-0.674,-0.777,-0.146,-0.738,-0.63,-0.663,-0.375,-0.069,0.0,-0.753,0.792,0.752,-0.333,-0.792,-0.76,-0.841,-0.691,0.01,0.778,-0.78,-0.78,-0.736,-0.43,-0.578,-0.747,-0.806,-0.532,-0.242,-0.861,0.453,-0.611,-0.241,-0.815,0.431,-0.238,-0.609,-0.542,-0.492,0.62,0.782,-0.407,-0.429,0.086,-0.51,-0.837,0.383,-0.904,0.703,-0.787,-0.838,-0.393,0.224,-0.881,-0.871,0.491,-0.74,-0.77,-0.346,-0.713,-0.639,0.336,-0.37,-0.581,-0.628,-0.655,0.2,-0.209,-0.035,-0.187,-0.733,-0.755,0.448,0.782,-0.487,-0.755,-0.867,-0.027,-0.397,0.815,-0.842,-0.301,0.795,0.513,-0.706,-0.679,-0.65,-0.672,0.67,0.423,-0.694,-0.588,-0.745,0.553,-0.716,-0.792,-0.67,-0.179,0.767,-0.74,-0.852,0.306,-0.55,-0.851,-0.171,-0.381,0.281,0.741,0.218,0.393,-0.55,-0.365,-0.699,-0.7,0.184,0.579,-0.736,-0.518,-0.904,-0.744,-0.707,-0.687,0.147,-0.798,0.144,0.651,-0.529,-0.861,-0.588,-0.772
ASML,0.303,0.86,0.79,-0.035,0.781,-0.414,0.885,0.377,-0.311,0.736,0.69,0.249,0.756,0.748,-0.283,-0.784,0.0,0.372,0.832,0.913,0.81,-0.473,0.835,0.842,0.149,0.79,-0.667,0.863,0.875,-0.518,0.852,0.886,0.234,-0.809,-0.076,0.948,0.583,0.882,0.471,-0.761,0.489,0.855,0.752,0.856,0.353,0.717,-0.652,0.881,0.887,0.614,0.706,0.756,-0.275,0.504,0.636,0.016,0.845,0.758,-0.894,0.53,0.699,0.118,0.76,0.725,-0.267,-0.07,0.141,0.907,0.418,0.002,0.032,0.683,0.827,-0.147,0.715,0.701,0.732,0.586,0.385,0.442,0.812,-0.646,-0.531,0.347,0.85,0.819,0.865,0.737,0.304,-0.768,0.875,0.886,0.873,0.723,0.529,0.835,0.887,0.726,0.193,0.929,-0.36,0.562,0.582,0.885,-0.146,0.548,0.75,0.422,0.458,-0.739,-0.76,0.49,0.334,0.046,0.606,0.821,-0.519,0.822,-0.768,0.674,0.782,0.657,-0.507,0.802,0.876,-0.121,0.662,0.53,0.348,0.816,0.801,-0.637,0.711,0.312,0.567,0.604,-0.111,0.497,0.069,0.218,0.79,0.867,-0.316,-0.741,0.796,0.729,0.876,-0.155,0.098,-0.784,0.925,0.354,-0.627,-0.686,0.923,0.741,0.828,0.729,-0.592,-0.365,0.816,0.679,0.872,-0.475,0.882,0.905,0.781,0.517,-0.622,0.852,0.799,-0.141,0.669,0.882,0.079,0.689,-0.372,-0.524,0.183,-0.693,0.785,0.315,0.661,0.903,-0.077,-0.322,0.453,0.711,0.667,0.81,0.917,0.871,-0.478,0.917,-0.047,-0.76,0.796,0.792,0.476,0.856
ATRC,0.335,0.391,0.318,0.022,0.549,0.016,0.506,0.095,0.056,0.479,0.294,0.277,0.211,0.282,0.063,-0.398,0.372,0.0,0.604,0.532,0.386,0.039,0.073,0.528,0.384,0.213,-0.659,0.545,0.637,-0.118,0.616,0.518,0.365,-0.13,0.146,0.479,0.525,0.529,0.344,-0.055,0.187,0.515,0.442,0.483,0.6,0.343,-0.1,0.528,0.346,0.451,0.459,0.408,0.075,0.269,0.588,0.211,0.498,0.503,-0.435,0.664,0.525,0.345,0.515,0.572,-0.368,-0.362,-0.294,0.578,0.556,0.333,0.34,0.66,0.551,-0.109,0.564,0.571,0.546,0.588,0.093,0.365,0.558,-0.26,-0.297,0.523,0.575,0.283,0.512,0.629,0.249,-0.255,0.552,0.461,0.517,0.34,0.264,0.608,0.592,0.503,0.448,0.359,-0.172,0.62,0.202,0.592,0.261,0.174,0.465,0.611,0.358,-0.265,-0.474,0.313,0.597,0.016,0.697,0.681,-0.227,0.415,-0.401,0.547,0.529,0.295,-0.303,0.395,0.482,0.082,0.221,0.253,0.562,0.577,0.477,-0.197,0.406,0.11,0.469,0.779,-0.01,-0.0,0.175,0.52,0.62,0.549,-0.087,-0.637,0.533,0.461,0.439,-0.151,0.521,-0.191,0.544,-0.088,-0.454,-0.566,0.513,0.619,0.351,0.533,-0.656,-0.123,0.649,0.643,0.473,-0.613,0.448,0.383,0.488,0.172,-0.566,0.451,0.454,0.061,0.386,0.533,-0.515,0.115,-0.387,-0.114,0.273,-0.181,0.493,0.13,0.134,0.331,0.387,-0.242,0.536,0.323,0.433,0.363,0.568,0.448,-0.162,0.477,-0.441,-0.453,0.569,0.592,0.639,0.602
AVGO,0.31,0.821,0.686,-0.035,0.826,-0.206,0.871,0.167,0.001,0.735,0.65,0.288,0.609,0.513,-0.259,-0.788,0.832,0.604,0.0,0.823,0.635,-0.354,0.618,0.79,0.303,0.638,-0.696,0.83,0.923,-0.424,0.852,0.876,0.45,-0.532,-0.156,0.872,0.568,0.835,0.482,-0.495,0.436,0.773,0.688,0.764,0.577,0.583,-0.515,0.834,0.709,0.64,0.8,0.714,-0.227,0.365,0.832,0.251,0.846,0.734,-0.799,0.461,0.747,0.402,0.807,0.832,-0.223,-0.361,-0.077,0.867,0.63,0.321,0.298,0.718,0.818,0.009,0.74,0.74,0.721,0.626,0.223,0.308,0.806,-0.515,-0.468,0.418,0.842,0.717,0.855,0.807,0.44,-0.626,0.829,0.833,0.795,0.656,0.598,0.87,0.868,0.687,0.409,0.811,-0.187,0.751,0.343,0.932,-0.014,0.362,0.689,0.52,0.626,-0.561,-0.704,0.423,0.59,0.055,0.623,0.909,-0.299,0.825,-0.632,0.784,0.809,0.498,-0.324,0.789,0.932,-0.105,0.603,0.492,0.55,0.808,0.696,-0.463,0.604,0.365,0.563,0.779,-0.039,0.293,0.009,0.531,0.778,0.816,-0.281,-0.824,0.64,0.721,0.825,-0.021,0.41,-0.679,0.857,0.275,-0.702,-0.73,0.842,0.77,0.688,0.823,-0.638,-0.315,0.799,0.747,0.849,-0.578,0.788,0.84,0.738,0.347,-0.791,0.766,0.857,-0.111,0.612,0.851,-0.05,0.493,-0.391,-0.392,0.207,-0.454,0.69,0.343,0.598,0.76,0.073,-0.42,0.674,0.548,0.769,0.721,0.866,0.788,-0.292,0.81,-0.197,-0.656,0.686,0.853,0.659,0.898
AVT,0.282,0.75,0.888,0.007,0.909,-0.415,0.944,0.326,-0.242,0.766,0.614,0.469,0.793,0.762,-0.112,-0.74,0.913,0.532,0.823,0.0,0.908,-0.584,0.758,0.959,0.059,0.655,-0.866,0.913,0.906,-0.628,0.902,0.947,0.274,-0.832,0.179,0.925,0.774,0.968,0.617,-0.601,0.423,0.913,0.891,0.917,0.532,0.85,-0.441,0.962,0.813,0.601,0.776,0.842,-0.309,0.646,0.721,-0.13,0.932,0.915,-0.819,0.642,0.812,0.331,0.857,0.813,-0.498,-0.019,0.02,0.972,0.347,0.151,-0.028,0.807,0.94,-0.291,0.857,0.857,0.899,0.754,0.476,0.42,0.927,-0.631,-0.531,0.531,0.951,0.888,0.881,0.91,0.349,-0.748,0.944,0.855,0.964,0.724,0.666,0.89,0.962,0.836,0.372,0.871,-0.492,0.547,0.677,0.931,-0.108,0.694,0.902,0.485,0.338,-0.811,-0.833,0.708,0.586,0.217,0.768,0.869,-0.434,0.821,-0.732,0.806,0.795,0.786,-0.495,0.744,0.854,-0.167,0.722,0.572,0.234,0.957,0.815,-0.596,0.794,0.34,0.525,0.764,0.008,0.56,0.257,0.456,0.909,0.968,-0.112,-0.812,0.847,0.847,0.77,-0.074,0.107,-0.75,0.948,0.124,-0.569,-0.7,0.957,0.916,0.928,0.828,-0.8,-0.459,0.87,0.847,0.955,-0.491,0.939,0.888,0.92,0.681,-0.607,0.945,0.84,-0.073,0.831,0.943,0.025,0.662,-0.275,-0.373,0.277,-0.756,0.914,0.148,0.672,0.92,-0.071,-0.189,0.535,0.819,0.612,0.914,0.929,0.806,-0.454,0.968,0.004,-0.835,0.906,0.86,0.599,0.938
AXDX,0.055,0.672,0.899,0.23,0.8,-0.343,0.885,0.163,-0.269,0.632,0.555,0.529,0.894,0.702,-0.149,-0.676,0.81,0.386,0.635,0.908,0.0,-0.662,0.679,0.902,-0.185,0.61,-0.796,0.871,0.77,-0.517,0.819,0.868,0.312,-0.856,0.252,0.806,0.771,0.891,0.486,-0.564,0.299,0.871,0.915,0.922,0.489,0.8,-0.326,0.896,0.729,0.558,0.74,0.8,-0.454,0.639,0.571,-0.392,0.874,0.885,-0.742,0.486,0.777,0.337,0.786,0.743,-0.589,0.077,-0.051,0.883,0.193,0.093,-0.067,0.792,0.862,-0.277,0.865,0.813,0.868,0.766,0.487,0.286,0.865,-0.739,-0.654,0.56,0.873,0.893,0.774,0.837,0.153,-0.788,0.865,0.732,0.899,0.562,0.721,0.78,0.874,0.762,0.369,0.776,-0.622,0.415,0.707,0.764,-0.234,0.689,0.867,0.46,0.15,-0.838,-0.833,0.771,0.566,0.307,0.72,0.744,-0.269,0.765,-0.701,0.761,0.74,0.832,-0.409,0.644,0.73,-0.334,0.819,0.681,-0.003,0.89,0.697,-0.427,0.765,0.495,0.533,0.639,-0.014,0.553,0.364,0.363,0.889,0.903,-0.087,-0.692,0.782,0.86,0.645,0.017,0.049,-0.695,0.874,0.058,-0.426,-0.513,0.86,0.885,0.926,0.754,-0.799,-0.524,0.69,0.752,0.887,-0.33,0.875,0.814,0.862,0.621,-0.443,0.911,0.768,-0.13,0.812,0.884,0.184,0.49,-0.105,-0.39,0.128,-0.687,0.886,0.069,0.744,0.818,-0.089,0.013,0.51,0.835,0.531,0.925,0.783,0.632,-0.273,0.898,0.205,-0.796,0.804,0.801,0.596,0.833
AXSM,0.392,-0.393,-0.739,-0.027,-0.548,0.447,-0.637,0.031,0.157,-0.382,-0.297,-0.67,-0.675,-0.311,0.222,0.525,-0.473,0.039,-0.354,-0.584,-0.662,0.0,-0.697,-0.642,0.459,-0.328,0.493,-0.55,-0.42,0.648,-0.383,-0.579,-0.31,0.716,-0.223,-0.429,-0.534,-0.63,-0.431,0.424,0.121,-0.578,-0.734,-0.638,-0.366,-0.629,0.028,-0.66,-0.357,-0.162,-0.665,-0.532,0.743,-0.326,-0.452,0.437,-0.633,-0.72,0.43,-0.03,-0.563,-0.496,-0.642,-0.54,0.506,-0.254,-0.081,-0.568,0.106,-0.1,0.264,-0.404,-0.66,0.307,-0.659,-0.6,-0.651,-0.37,-0.254,0.224,-0.656,0.432,0.335,-0.424,-0.602,-0.783,-0.487,-0.557,-0.122,0.479,-0.588,-0.443,-0.635,-0.452,-0.709,-0.405,-0.571,-0.546,-0.212,-0.549,0.546,-0.004,-0.513,-0.488,0.493,-0.641,-0.683,-0.085,0.091,0.618,0.499,-0.772,-0.443,-0.46,-0.324,-0.387,0.192,-0.589,0.239,-0.633,-0.429,-0.625,-0.071,-0.428,-0.492,0.568,-0.785,-0.577,0.433,-0.634,-0.39,0.266,-0.313,-0.41,-0.016,-0.333,-0.214,-0.57,-0.474,-0.252,-0.549,-0.623,-0.216,0.361,-0.374,-0.718,-0.316,-0.317,0.242,0.63,-0.491,-0.056,0.182,0.098,-0.489,-0.592,-0.72,-0.46,0.528,0.456,-0.379,-0.482,-0.652,0.102,-0.619,-0.567,-0.701,-0.589,0.169,-0.702,-0.597,-0.002,-0.734,-0.63,-0.571,-0.402,-0.377,0.244,0.036,0.575,-0.589,-0.056,-0.706,-0.612,0.593,-0.008,-0.329,-0.718,-0.369,-0.761,-0.378,-0.294,0.153,-0.639,-0.499,0.476,-0.471,-0.492,-0.25,-0.516
AZN,0.077,0.707,0.715,-0.125,0.621,-0.56,0.745,0.34,-0.329,0.57,0.531,0.31,0.655,0.6,-0.311,-0.676,0.835,0.073,0.618,0.758,0.679,-0.697,0.0,0.709,-0.062,0.656,-0.486,0.677,0.66,-0.591,0.604,0.733,0.125,-0.801,-0.01,0.737,0.497,0.745,0.46,-0.753,0.253,0.701,0.664,0.702,0.253,0.693,-0.477,0.749,0.76,0.373,0.607,0.594,-0.464,0.373,0.573,-0.069,0.725,0.677,-0.694,0.268,0.572,0.145,0.678,0.553,-0.206,0.187,0.352,0.73,0.152,-0.045,-0.177,0.433,0.714,-0.236,0.594,0.593,0.627,0.358,0.271,0.172,0.7,-0.479,-0.331,0.256,0.698,0.788,0.702,0.563,0.306,-0.585,0.726,0.712,0.748,0.7,0.52,0.616,0.712,0.617,0.048,0.825,-0.342,0.234,0.586,0.715,-0.319,0.606,0.678,0.141,0.295,-0.612,-0.581,0.543,0.225,0.179,0.355,0.574,-0.553,0.716,-0.477,0.579,0.6,0.603,-0.274,0.677,0.715,-0.241,0.676,0.495,0.003,0.676,0.674,-0.585,0.48,0.234,0.28,0.383,0.048,0.574,0.176,0.059,0.606,0.718,-0.074,-0.508,0.604,0.675,0.693,-0.009,-0.167,-0.745,0.724,0.413,-0.432,-0.396,0.725,0.568,0.756,0.542,-0.404,-0.26,0.666,0.519,0.763,-0.359,0.761,0.784,0.709,0.619,-0.402,0.76,0.69,-0.002,0.647,0.733,0.334,0.752,-0.051,-0.444,0.115,-0.706,0.677,0.287,0.654,0.823,-0.403,-0.269,0.267,0.722,0.493,0.733,0.701,0.698,-0.487,0.789,0.172,-0.563,0.656,0.578,0.206,0.658
BANR,0.175,0.703,0.908,-0.006,0.946,-0.431,0.928,0.263,-0.136,0.817,0.536,0.629,0.794,0.736,-0.077,-0.716,0.842,0.528,0.79,0.959,0.902,-0.642,0.709,0.0,-0.022,0.555,-0.878,0.925,0.876,-0.659,0.86,0.937,0.295,-0.819,0.294,0.877,0.836,0.986,0.668,-0.513,0.309,0.887,0.95,0.916,0.591,0.899,-0.303,0.977,0.748,0.522,0.816,0.846,-0.362,0.686,0.717,-0.206,0.939,0.973,-0.756,0.595,0.809,0.494,0.882,0.809,-0.628,0.001,0.03,0.961,0.265,0.247,-0.085,0.845,0.979,-0.331,0.916,0.937,0.965,0.824,0.478,0.327,0.979,-0.605,-0.501,0.664,0.975,0.872,0.87,0.949,0.313,-0.678,0.95,0.845,0.99,0.771,0.716,0.859,0.968,0.854,0.472,0.846,-0.602,0.498,0.698,0.879,-0.13,0.739,0.96,0.45,0.248,-0.81,-0.824,0.801,0.677,0.385,0.797,0.84,-0.347,0.796,-0.616,0.846,0.824,0.848,-0.384,0.721,0.798,-0.233,0.756,0.584,0.186,0.99,0.802,-0.556,0.789,0.377,0.441,0.798,0.163,0.597,0.389,0.546,0.943,0.988,0.009,-0.737,0.82,0.872,0.694,0.008,0.069,-0.74,0.901,0.099,-0.494,-0.606,0.928,0.949,0.95,0.815,-0.846,-0.455,0.845,0.893,0.945,-0.404,0.956,0.852,0.975,0.707,-0.522,0.98,0.82,0.064,0.926,0.955,0.061,0.581,-0.135,-0.336,0.24,-0.758,0.95,0.183,0.706,0.908,-0.126,-0.102,0.536,0.862,0.575,0.939,0.865,0.714,-0.414,0.965,0.103,-0.849,0.908,0.887,0.602,0.941
BBIO,0.631,0.099,-0.225,-0.271,0.028,0.003,0.005,0.366,0.22,0.326,0.302,-0.424,-0.236,0.117,0.2,-0.038,0.149,0.384,0.303,0.059,-0.185,0.459,-0.062,-0.022,0.0,0.246,0.025,-0.036,0.17,0.019,0.198,0.13,-0.118,0.252,-0.273,0.223,-0.093,0.035,-0.007,-0.104,0.348,-0.038,-0.221,-0.057,0.086,-0.082,-0.404,-0.002,0.204,0.31,-0.067,0.035,0.541,-0.104,0.185,0.739,0.004,-0.148,-0.122,0.301,0.116,-0.368,-0.001,0.045,0.439,-0.372,0.143,0.077,0.47,0.066,0.29,-0.085,0.035,0.226,-0.097,-0.088,-0.068,-0.039,-0.092,0.564,0.008,0.192,0.184,-0.126,0.015,-0.189,0.043,-0.006,0.201,0.178,-0.043,0.191,-0.009,0.177,-0.245,0.05,0.087,-0.025,0.07,0.061,0.5,0.431,-0.058,0.237,0.351,-0.255,-0.099,0.217,0.63,0.206,0.164,-0.353,-0.014,-0.401,0.007,0.256,-0.313,0.023,-0.077,-0.035,0.121,-0.241,-0.309,0.003,0.23,0.524,-0.324,-0.295,0.684,-0.029,0.129,-0.221,0.149,-0.33,0.136,0.093,-0.121,-0.201,-0.546,0.001,-0.01,0.03,-0.065,-0.16,0.172,-0.175,0.297,-0.377,0.257,0.107,0.078,0.244,-0.392,-0.475,0.119,-0.086,-0.133,0.132,0.134,0.363,0.327,0.153,0.036,-0.358,0.004,0.194,-0.041,-0.087,-0.39,-0.061,0.07,0.027,-0.191,0.009,-0.537,0.13,-0.589,0.041,0.25,0.101,-0.045,0.243,-0.26,0.046,0.469,-0.397,0.029,-0.256,0.15,-0.201,0.308,0.424,-0.232,-0.002,-0.439,0.118,0.171,0.051,-0.002,0.093
BCYC,0.204,0.838,0.467,0.276,0.476,-0.088,0.729,0.068,-0.021,0.437,0.922,0.018,0.721,0.441,-0.533,-0.708,0.79,0.213,0.638,0.655,0.61,-0.328,0.656,0.555,0.246,0.0,-0.318,0.648,0.665,-0.152,0.745,0.729,0.409,-0.481,-0.373,0.692,0.354,0.641,-0.064,-0.876,0.236,0.616,0.471,0.731,0.376,0.37,-0.809,0.64,0.771,0.82,0.588,0.513,-0.292,0.166,0.517,0.167,0.657,0.477,-0.787,0.15,0.645,-0.053,0.627,0.63,0.094,-0.386,0.019,0.69,0.585,-0.053,0.382,0.417,0.585,0.33,0.588,0.425,0.492,0.312,-0.004,0.362,0.563,-0.635,-0.591,0.105,0.563,0.67,0.592,0.436,0.098,-0.59,0.535,0.607,0.609,0.409,0.561,0.546,0.672,0.321,0.329,0.724,-0.069,0.643,0.408,0.699,-0.428,0.138,0.384,0.488,0.683,-0.375,-0.546,0.206,0.24,-0.096,0.221,0.675,-0.355,0.763,-0.624,0.531,0.686,0.279,-0.27,0.61,0.794,-0.284,0.583,0.51,0.244,0.521,0.51,-0.227,0.431,0.499,0.708,0.28,-0.223,0.041,-0.193,-0.138,0.596,0.619,-0.29,-0.569,0.477,0.642,0.896,-0.086,0.317,-0.517,0.773,0.594,-0.704,-0.543,0.626,0.429,0.577,0.672,-0.36,-0.086,0.608,0.397,0.668,-0.569,0.555,0.849,0.531,0.161,-0.739,0.62,0.734,-0.259,0.366,0.702,-0.008,0.422,-0.323,-0.672,-0.221,-0.275,0.442,0.468,0.718,0.587,0.2,-0.338,0.509,0.403,0.723,0.572,0.695,0.878,-0.136,0.632,-0.138,-0.33,0.477,0.65,0.424,0.602
BHFAP,-0.198,-0.486,-0.803,0.016,-0.871,0.266,-0.812,-0.2,0.179,-0.656,-0.385,-0.585,-0.638,-0.574,-0.054,0.597,-0.667,-0.659,-0.696,-0.866,-0.796,0.493,-0.486,-0.878,0.025,-0.318,0.0,-0.812,-0.797,0.584,-0.781,-0.784,-0.329,0.669,-0.38,-0.744,-0.736,-0.858,-0.673,0.246,-0.274,-0.818,-0.841,-0.785,-0.58,-0.785,0.127,-0.852,-0.518,-0.425,-0.723,-0.764,0.259,-0.612,-0.711,0.192,-0.839,-0.882,0.647,-0.711,-0.712,-0.525,-0.8,-0.776,0.682,0.007,0.232,-0.856,-0.287,-0.294,0.023,-0.863,-0.86,0.426,-0.803,-0.848,-0.863,-0.778,-0.446,-0.283,-0.854,0.503,0.453,-0.584,-0.888,-0.732,-0.776,-0.927,-0.33,0.637,-0.87,-0.693,-0.853,-0.576,-0.573,-0.832,-0.859,-0.819,-0.413,-0.665,0.557,-0.503,-0.507,-0.811,-0.059,-0.68,-0.861,-0.499,-0.134,0.759,0.768,-0.742,-0.699,-0.279,-0.887,-0.793,0.253,-0.672,0.636,-0.761,-0.671,-0.732,0.377,-0.577,-0.662,0.14,-0.601,-0.49,-0.23,-0.912,-0.671,0.49,-0.707,-0.275,-0.369,-0.887,-0.077,-0.481,-0.415,-0.676,-0.867,-0.858,0.047,0.822,-0.759,-0.757,-0.511,-0.018,-0.188,0.584,-0.786,0.183,0.414,0.6,-0.823,-0.935,-0.815,-0.744,0.89,0.541,-0.77,-0.855,-0.822,0.453,-0.796,-0.653,-0.845,-0.601,0.501,-0.803,-0.712,0.032,-0.8,-0.818,0.096,-0.469,0.207,0.176,-0.371,0.653,-0.823,0.053,-0.481,-0.746,0.05,0.143,-0.571,-0.735,-0.497,-0.807,-0.764,-0.553,0.355,-0.837,0.09,0.83,-0.811,-0.789,-0.67,-0.869
BKR,0.055,0.824,0.857,0.133,0.848,-0.231,0.946,0.064,-0.134,0.711,0.647,0.546,0.846,0.631,-0.309,-0.833,0.863,0.545,0.83,0.913,0.871,-0.55,0.677,0.925,-0.036,0.648,-0.812,0.0,0.919,-0.434,0.899,0.922,0.493,-0.737,0.112,0.853,0.71,0.932,0.466,-0.566,0.216,0.922,0.914,0.949,0.609,0.73,-0.413,0.949,0.723,0.621,0.889,0.798,-0.449,0.519,0.758,-0.161,0.943,0.898,-0.839,0.454,0.824,0.495,0.905,0.889,-0.552,-0.175,-0.109,0.951,0.484,0.209,0.161,0.901,0.922,-0.081,0.906,0.886,0.879,0.742,0.33,0.225,0.919,-0.744,-0.672,0.614,0.947,0.845,0.901,0.908,0.164,-0.76,0.922,0.855,0.923,0.629,0.711,0.889,0.944,0.757,0.467,0.879,-0.584,0.629,0.523,0.875,-0.215,0.528,0.847,0.489,0.371,-0.746,-0.88,0.696,0.651,0.251,0.759,0.908,-0.275,0.889,-0.682,0.883,0.908,0.726,-0.305,0.822,0.863,-0.358,0.796,0.731,0.293,0.92,0.781,-0.388,0.705,0.563,0.626,0.794,0.051,0.413,0.317,0.451,0.938,0.934,-0.191,-0.785,0.697,0.873,0.795,0.118,0.307,-0.778,0.947,0.219,-0.615,-0.557,0.891,0.904,0.854,0.839,-0.825,-0.435,0.798,0.823,0.905,-0.477,0.882,0.87,0.876,0.466,-0.651,0.912,0.873,-0.066,0.8,0.964,0.124,0.449,-0.178,-0.547,0.036,-0.569,0.838,0.334,0.769,0.836,-0.031,-0.236,0.699,0.787,0.761,0.918,0.817,0.718,-0.222,0.923,-0.004,-0.813,0.761,0.95,0.735,0.936
BLDP,0.233,0.868,0.771,0.03,0.839,-0.281,0.925,0.17,-0.144,0.704,0.661,0.379,0.709,0.605,-0.315,-0.857,0.875,0.637,0.923,0.906,0.77,-0.42,0.66,0.876,0.17,0.665,-0.797,0.919,0.0,-0.449,0.907,0.918,0.465,-0.668,-0.061,0.906,0.655,0.912,0.465,-0.583,0.322,0.901,0.81,0.882,0.56,0.665,-0.531,0.923,0.777,0.644,0.845,0.772,-0.311,0.458,0.807,0.048,0.904,0.827,-0.88,0.542,0.792,0.393,0.87,0.878,-0.403,-0.325,-0.064,0.957,0.603,0.158,0.24,0.839,0.895,-0.049,0.831,0.811,0.828,0.654,0.282,0.299,0.879,-0.685,-0.631,0.511,0.933,0.79,0.958,0.879,0.258,-0.739,0.915,0.872,0.89,0.651,0.608,0.899,0.94,0.721,0.399,0.907,-0.423,0.693,0.441,0.945,-0.133,0.439,0.779,0.598,0.504,-0.685,-0.854,0.541,0.583,0.092,0.73,0.954,-0.389,0.884,-0.741,0.85,0.883,0.589,-0.42,0.894,0.912,-0.216,0.676,0.644,0.473,0.886,0.812,-0.48,0.674,0.43,0.656,0.84,-0.053,0.347,0.123,0.441,0.873,0.901,-0.336,-0.852,0.722,0.81,0.875,-0.07,0.38,-0.761,0.945,0.231,-0.741,-0.695,0.891,0.852,0.773,0.821,-0.776,-0.386,0.85,0.782,0.879,-0.589,0.861,0.855,0.824,0.424,-0.769,0.855,0.867,-0.155,0.705,0.938,-0.064,0.522,-0.376,-0.528,0.126,-0.538,0.773,0.312,0.667,0.814,0.027,-0.386,0.696,0.668,0.782,0.824,0.911,0.805,-0.307,0.902,-0.21,-0.796,0.776,0.927,0.71,0.925
BLFS,-0.226,-0.231,-0.679,0.468,-0.66,0.722,-0.495,-0.554,0.268,-0.626,-0.12,-0.417,-0.348,-0.576,-0.24,0.339,-0.518,-0.118,-0.424,-0.628,-0.517,0.648,-0.591,-0.659,0.019,-0.152,0.584,-0.434,-0.449,0.0,-0.358,-0.545,0.179,0.721,-0.307,-0.565,-0.56,-0.634,-0.77,0.264,-0.328,-0.507,-0.61,-0.444,-0.088,-0.753,0.122,-0.623,-0.409,0.033,-0.412,-0.538,0.192,-0.577,-0.332,0.175,-0.521,-0.645,0.389,-0.472,-0.367,-0.233,-0.46,-0.362,0.465,-0.373,-0.324,-0.565,0.204,-0.004,0.558,-0.317,-0.631,0.623,-0.422,-0.515,-0.61,-0.417,-0.584,-0.219,-0.623,0.131,-0.016,-0.27,-0.617,-0.576,-0.498,-0.581,-0.34,0.357,-0.619,-0.576,-0.64,-0.707,-0.338,-0.464,-0.564,-0.656,-0.005,-0.519,0.425,0.014,-0.565,-0.548,0.001,-0.743,-0.731,-0.079,0.058,0.704,0.397,-0.585,-0.272,-0.273,-0.426,-0.358,0.397,-0.339,0.32,-0.439,-0.32,-0.634,0.391,-0.372,-0.403,-0.075,-0.408,-0.124,0.068,-0.648,-0.479,0.767,-0.517,0.153,0.215,-0.4,-0.133,-0.828,-0.224,-0.413,-0.439,-0.63,-0.151,0.401,-0.58,-0.41,-0.268,0.212,0.471,0.61,-0.445,0.152,0.179,0.441,-0.631,-0.57,-0.703,-0.363,0.467,0.448,-0.559,-0.541,-0.588,0.009,-0.688,-0.464,-0.672,-0.8,0.081,-0.656,-0.391,-0.101,-0.676,-0.528,-0.151,-0.736,0.072,-0.063,-0.492,0.845,-0.653,0.143,-0.277,-0.746,0.555,0.055,0.013,-0.569,-0.097,-0.595,-0.579,-0.383,0.636,-0.657,-0.264,0.62,-0.695,-0.387,0.014,-0.545
BLKB,0.283,0.789,0.735,0.181,0.845,-0.137,0.925,0.135,0.003,0.707,0.769,0.374,0.794,0.633,-0.207,-0.744,0.852,0.616,0.852,0.902,0.819,-0.383,0.604,0.86,0.198,0.745,-0.781,0.899,0.907,-0.358,0.0,0.934,0.479,-0.616,0.026,0.866,0.711,0.888,0.413,-0.561,0.363,0.829,0.778,0.89,0.663,0.685,-0.52,0.877,0.776,0.808,0.789,0.832,-0.228,0.502,0.773,0.034,0.917,0.8,-0.829,0.553,0.88,0.346,0.87,0.854,-0.305,-0.289,-0.149,0.923,0.575,0.27,0.319,0.835,0.849,0.009,0.849,0.803,0.807,0.74,0.266,0.443,0.849,-0.653,-0.611,0.491,0.878,0.805,0.836,0.857,0.333,-0.714,0.838,0.765,0.867,0.591,0.696,0.865,0.921,0.701,0.536,0.812,-0.307,0.785,0.505,0.916,-0.081,0.443,0.748,0.57,0.542,-0.621,-0.756,0.554,0.662,0.149,0.717,0.939,-0.285,0.878,-0.696,0.81,0.872,0.636,-0.394,0.71,0.876,-0.215,0.671,0.576,0.419,0.867,0.722,-0.365,0.741,0.484,0.694,0.778,-0.002,0.253,0.118,0.455,0.906,0.887,-0.198,-0.846,0.738,0.828,0.827,0.033,0.424,-0.612,0.937,0.256,-0.644,-0.717,0.88,0.852,0.801,0.926,-0.734,-0.305,0.81,0.817,0.909,-0.632,0.804,0.889,0.815,0.423,-0.782,0.834,0.895,-0.117,0.675,0.903,-0.093,0.45,-0.38,-0.437,0.155,-0.473,0.79,0.294,0.702,0.779,0.238,-0.252,0.709,0.67,0.734,0.8,0.887,0.849,-0.203,0.857,-0.171,-0.68,0.764,0.895,0.774,0.922
