,ABAT,ACLS,ACMR,ADMA,ADUS,ADVM,AEIS,AGNCM,AHCO,ALGT,ALLO,AMSF,ANAB,ANDE,APLS,APPF,ASML,ATRC,AVGO,AVT,AXDX,AXSM,AZN,BANR,BBIO,BCYC,BHFAP,BKR,BLDP,BLFS,BLKB,BLMN,BNTX,BPMC,CALM,CAMT,CASH,CATY,CCEP,CDLX,CDNS,CENN,CENX,CGC,CHDN,CLBK,COKE,COLB,COO,CORT,CRMT,CRNX,CRTO,CRVL,CSCO,CSQ,CSWI,CVBF,CWST,CYCC,CZR,DLTR,DORM,ENTA,EQIX,ERIC,EVRG,EWBC,EXAS,EXLS,EXPI,EYE,FBNC,FBRX,FCNCA,FELE,FIBK,FLEX,FRGT,FRHC,FRME,FWONA,FWONK,GDEN,GIII,GILD,GLNG,GNTX,GOOGL,GRPN,HCSG,HIMX,HOPE,HST,HTLD,HUT,HWC,ICUI,IESC,INTC,INTU,IOVA,IPAR,IPGP,ISRG,JBSS,KALU,KPRX,KRNT,LAUR,LBRDA,LBTYK,LECO,LILAK,LITE,MANH,MDXG,MFIC,MGEE,MIDD,MLAB,MMSI,MNKD,MOMO,MRVL,NICE,NMFC,NUWE,NVCR,NWBI,OFIX,OFLX,OMCL,OPK,ORKA,ORLY,OTTR,PDD,PNTG,POOL,POWL,PPBI,PPC,PRAA,PRPL,PZZA,QTRX,QURE,RDFN,RDHL,REAL,REG,REYN,RGLD,RIOT,RUN,RYTM,SAIA,SBAC,SBRA,SCVL,SHOO,SLAB,SLDB,SMCI,SMTC,SRCE,SSP,SSRM,STBA,STRO,SVC,SYBT,TCBI,TCOM,TENX,TH,TMUS,TNDM,TTD,TTMI,UAL,ULH,ULTA,VCYT,VIRT,VKTX,VOD,VRDN,VREX,VRNT,VSAT,WB,WBD,WDC,WEN,WSFS,XXII,Z,ZBRA
ABAT,0.0,-0.799,0.516,-0.657,-0.72,0.422,-0.31,-0.613,-0.805,0.887,0.528,-0.643,-0.697,-0.738,0.648,-0.811,-0.832,-0.833,-0.905,-0.518,-0.211,-0.654,-0.759,-0.674,-0.554,-0.47,-0.759,0.063,-0.809,-0.745,0.301,0.914,-0.862,-0.71,-0.699,-0.342,-0.422,-0.429,0.865,-0.036,-0.9,0.543,0.031,0.076,-0.039,0.124,0.348,0.642,-0.261,0.73,-0.037,-0.744,0.517,-0.218,-0.723,-0.922,-0.643,0.462,-0.884,0.731,0.711,-0.865,-0.758,-0.821,-0.833,0.448,-0.664,-0.501,-0.113,0.563,-0.916,-0.667,-0.529,0.351,0.541,-0.79,-0.15,0.062,0.758,-0.853,0.052,-0.873,-0.825,-0.218,-0.278,0.516,0.022,-0.225,-0.558,0.31,0.892,-0.308,-0.212,-0.814,-0.558,-0.851,-0.575,0.591,-0.816,0.666,-0.888,0.541,-0.452,-0.479,-0.699,-0.621,0.723,-0.315,-0.841,0.765,0.17,0.186,-0.854,0.823,0.273,-0.857,-0.801,-0.598,-0.468,-0.679,0.29,0.731,0.524,-0.88,-0.842,-0.781,-0.9,0.308,-0.084,-0.755,0.839,-0.398,-0.808,0.036,0.644,-0.735,-0.777,-0.328,0.363,-0.892,-0.248,-0.213,0.51,0.437,0.731,0.761,-0.509,0.619,-0.683,-0.756,-0.711,-0.675,0.152,-0.797,-0.537,-0.896,0.541,-0.78,-0.685,-0.202,-0.242,-0.904,-0.722,0.844,0.722,-0.58,-0.352,-0.504,-0.793,-0.662,-0.417,0.573,-0.608,0.345,0.698,0.926,-0.15,0.807,-0.497,-0.568,-0.457,0.847,-0.79,0.325,-0.668,-0.419,0.587,0.223,-0.224,0.485,-0.574,-0.233,-0.221,0.724,0.257,-0.385,0.166,0.729,-0.481,-0.803
ACLS,-0.799,0.0,-0.359,0.645,0.902,0.045,0.739,0.642,0.894,-0.864,-0.297,0.774,0.847,0.735,-0.563,0.731,0.786,0.865,0.832,0.587,0.156,0.561,0.711,0.361,0.712,0.327,0.758,0.063,0.897,0.89,-0.429,-0.772,0.652,0.943,0.697,0.124,0.014,0.348,-0.617,-0.176,0.832,-0.402,-0.28,-0.207,-0.345,-0.137,-0.04,-0.583,0.31,-0.657,0.087,0.815,-0.515,0.449,0.778,0.842,0.74,-0.147,0.88,-0.607,-0.707,0.899,0.787,0.899,0.768,-0.505,0.534,0.218,0.278,-0.57,0.769,0.615,0.511,-0.059,-0.666,0.623,0.087,-0.418,-0.533,0.76,-0.319,0.892,0.861,0.414,0.364,-0.706,-0.131,0.21,0.785,-0.485,-0.791,0.5,0.153,0.718,0.349,0.842,0.352,-0.147,0.831,-0.588,0.844,-0.676,0.77,0.384,0.815,0.643,-0.607,0.29,0.897,-0.733,-0.421,-0.376,0.62,-0.617,-0.187,0.886,0.673,0.443,0.491,0.825,-0.115,-0.858,-0.336,0.651,0.773,0.711,0.807,-0.099,-0.334,0.47,-0.633,0.519,0.851,0.291,-0.441,0.336,0.762,-0.009,-0.0,0.785,0.35,-0.016,-0.755,-0.036,-0.782,-0.449,0.549,-0.215,0.651,0.545,0.671,0.597,-0.299,0.697,0.346,0.88,-0.153,0.94,0.588,0.016,0.278,0.821,0.893,-0.73,-0.491,0.817,0.152,0.508,0.569,0.42,0.768,-0.435,0.231,-0.054,-0.663,-0.771,0.34,-0.68,0.691,0.47,0.213,-0.734,0.495,-0.305,0.833,0.032,-0.283,-0.486,0.486,-0.286,0.565,0.49,-0.179,-0.778,-0.571,0.343,-0.349,-0.726,0.632,0.74
ACMR,0.516,-0.359,0.0,-0.293,-0.283,0.158,0.039,-0.481,-0.402,0.483,0.58,-0.169,-0.448,-0.248,0.149,-0.138,-0.418,-0.381,-0.343,-0.003,-0.383,-0.627,-0.359,-0.207,-0.527,-0.643,-0.573,-0.213,-0.516,-0.273,0.286,0.533,-0.373,-0.363,-0.101,0.124,-0.353,0.105,0.529,-0.009,-0.384,0.037,-0.293,0.175,-0.198,0.331,0.483,0.731,0.308,0.124,0.383,-0.308,0.164,0.073,-0.4,-0.403,-0.224,0.543,-0.273,0.143,0.345,-0.332,-0.489,-0.555,-0.376,-0.062,-0.181,-0.178,-0.378,0.255,-0.492,-0.275,-0.497,0.045,0.402,-0.114,0.162,-0.014,0.21,-0.196,0.257,-0.392,-0.44,-0.122,0.039,0.1,0.192,-0.507,-0.291,0.271,0.522,0.24,0.179,-0.348,-0.26,-0.405,-0.114,0.425,-0.431,0.42,-0.367,0.07,-0.194,-0.275,-0.086,-0.421,0.307,-0.481,-0.501,0.581,0.447,0.472,-0.282,0.527,-0.009,-0.346,-0.398,-0.485,0.05,-0.024,0.061,0.341,0.102,-0.605,-0.348,-0.396,-0.52,0.028,0.049,-0.526,0.627,-0.388,-0.23,0.05,0.212,-0.313,-0.215,-0.139,0.412,-0.345,-0.244,0.088,0.281,0.186,0.67,0.472,-0.253,0.357,-0.419,-0.255,-0.107,-0.465,-0.167,-0.469,-0.065,-0.58,0.349,-0.31,-0.177,-0.293,0.318,-0.43,-0.377,0.365,0.533,-0.093,0.077,0.089,-0.536,-0.143,-0.264,0.17,-0.211,0.596,0.214,0.419,0.051,0.732,-0.462,-0.404,-0.346,0.506,-0.333,-0.254,-0.19,-0.056,0.07,0.269,0.077,0.491,-0.464,-0.055,-0.203,0.654,0.288,0.134,0.096,0.603,-0.345,-0.179
ADMA,-0.657,0.645,-0.293,0.0,0.78,-0.185,0.254,0.647,0.609,-0.774,-0.027,0.636,0.819,0.843,-0.724,0.558,0.681,0.8,0.783,0.303,-0.27,0.266,0.854,0.535,0.609,-0.05,0.55,-0.319,0.547,0.845,-0.683,-0.682,0.724,0.686,0.792,0.298,-0.113,0.429,-0.567,-0.38,0.807,-0.663,-0.553,-0.475,-0.365,0.028,-0.065,-0.369,0.618,-0.792,0.403,0.9,-0.892,0.472,0.563,0.725,0.451,-0.277,0.761,-0.803,-0.603,0.82,0.565,0.709,0.868,-0.809,0.569,-0.071,-0.142,-0.507,0.653,0.355,0.259,-0.187,-0.556,0.564,0.554,-0.516,-0.594,0.676,-0.217,0.729,0.682,0.485,0.447,-0.383,-0.394,-0.321,0.427,-0.637,-0.732,0.251,0.312,0.575,0.314,0.585,0.4,-0.273,0.808,-0.892,0.839,-0.578,0.749,-0.111,0.792,0.74,-0.829,-0.066,0.741,-0.588,-0.014,-0.487,0.602,-0.637,-0.693,0.75,0.34,0.145,0.605,0.712,-0.234,-0.683,-0.219,0.425,0.522,0.627,0.642,0.146,-0.288,0.474,-0.535,0.264,0.801,-0.273,-0.581,0.403,0.846,-0.228,-0.097,0.85,0.177,0.328,-0.459,-0.29,-0.673,-0.534,0.31,-0.118,0.523,0.47,0.719,0.431,-0.628,0.65,-0.037,0.669,0.098,0.749,0.882,-0.301,0.505,0.815,0.809,-0.796,-0.309,0.806,0.313,0.634,0.536,0.419,0.6,-0.792,0.317,-0.132,-0.874,-0.774,0.669,-0.476,0.489,0.01,-0.037,-0.503,0.579,-0.426,0.586,0.087,-0.362,-0.036,0.679,-0.169,0.191,0.385,-0.349,-0.614,-0.178,0.291,-0.597,-0.372,0.649,0.556
ADUS,-0.72,0.902,-0.283,0.78,0.0,0.15,0.683,0.711,0.867,-0.832,-0.072,0.785,0.881,0.833,-0.656,0.685,0.747,0.838,0.801,0.609,-0.011,0.438,0.782,0.456,0.705,0.095,0.739,-0.143,0.811,0.958,-0.57,-0.714,0.666,0.931,0.78,0.136,-0.139,0.5,-0.567,-0.31,0.858,-0.543,-0.518,-0.363,-0.492,0.013,0.064,-0.482,0.531,-0.746,0.355,0.911,-0.715,0.601,0.645,0.809,0.688,-0.07,0.907,-0.707,-0.716,0.937,0.769,0.865,0.846,-0.711,0.581,0.077,0.08,-0.565,0.724,0.539,0.369,-0.013,-0.647,0.627,0.305,-0.609,-0.539,0.739,-0.325,0.887,0.841,0.444,0.55,-0.728,-0.3,-0.071,0.655,-0.574,-0.791,0.47,0.298,0.699,0.305,0.775,0.426,0.006,0.853,-0.731,0.87,-0.742,0.852,0.153,0.883,0.679,-0.75,0.064,0.878,-0.611,-0.307,-0.442,0.603,-0.537,-0.384,0.871,0.561,0.306,0.579,0.906,-0.296,-0.837,-0.261,0.503,0.627,0.75,0.765,0.006,-0.401,0.414,-0.536,0.462,0.919,0.144,-0.396,0.296,0.869,-0.198,0.1,0.841,0.338,0.175,-0.697,-0.029,-0.756,-0.384,0.523,-0.068,0.626,0.519,0.704,0.499,-0.479,0.68,0.147,0.819,0.059,0.949,0.702,-0.212,0.472,0.834,0.927,-0.716,-0.386,0.913,0.294,0.666,0.502,0.43,0.826,-0.541,0.214,-0.039,-0.787,-0.756,0.508,-0.578,0.655,0.22,0.027,-0.615,0.493,-0.379,0.834,-0.097,-0.303,-0.385,0.646,-0.123,0.416,0.592,-0.346,-0.725,-0.517,0.423,-0.477,-0.55,0.718,0.716
ADVM,0.422,0.045,0.158,-0.185,0.15,0.0,0.47,-0.047,-0.06,0.28,0.334,-0.018,0.037,-0.126,0.275,-0.343,-0.321,-0.251,-0.385,0.091,-0.059,-0.214,-0.205,-0.452,0.152,-0.228,-0.122,0.218,-0.036,-0.004,-0.093,0.425,-0.433,0.161,-0.264,-0.297,-0.531,-0.063,0.39,-0.264,-0.266,0.325,-0.293,-0.241,-0.523,0.071,0.48,0.134,-0.027,0.339,0.14,-0.07,0.122,0.376,-0.259,-0.361,-0.027,0.524,-0.198,0.331,0.269,-0.115,-0.096,-0.062,-0.276,0.016,-0.396,-0.415,0.178,0.202,-0.38,-0.257,-0.083,0.635,0.028,-0.431,-0.143,-0.452,0.409,-0.377,-0.271,-0.195,-0.168,0.111,0.216,-0.202,-0.207,-0.042,-0.026,-0.105,0.344,0.116,-0.024,-0.19,-0.502,-0.218,-0.332,0.724,-0.165,0.19,-0.294,-0.048,0.258,-0.268,-0.112,-0.059,0.213,-0.089,-0.097,0.341,-0.432,-0.224,-0.542,0.471,0.215,-0.238,-0.343,-0.319,-0.201,0.01,0.02,-0.0,0.377,-0.494,-0.428,-0.152,-0.305,0.404,-0.517,-0.457,0.44,0.176,-0.116,0.379,0.53,-0.704,-0.219,-0.517,0.602,-0.324,0.038,-0.171,-0.223,0.692,0.031,0.636,-0.052,0.686,-0.218,-0.457,-0.288,-0.282,-0.121,-0.366,-0.459,-0.179,0.615,0.011,-0.338,-0.356,0.03,-0.275,0.001,0.459,0.443,0.13,-0.172,-0.095,-0.55,-0.4,0.442,0.376,-0.62,0.407,0.18,0.443,0.175,0.203,0.154,-0.299,-0.333,0.441,-0.617,0.179,0.029,-0.738,0.596,-0.308,0.161,0.423,-0.082,0.484,-0.498,0.06,-0.427,-0.156,-0.158,0.221,0.121,-0.273
AEIS,-0.31,0.739,0.039,0.254,0.683,0.47,0.0,0.307,0.603,-0.435,-0.036,0.599,0.55,0.406,-0.164,0.454,0.415,0.511,0.405,0.488,0.102,0.221,0.315,0.041,0.439,0.143,0.426,0.204,0.6,0.602,-0.119,-0.27,0.148,0.756,0.368,-0.105,-0.262,0.277,-0.082,-0.143,0.403,-0.077,-0.331,-0.164,-0.502,0.014,0.377,-0.168,0.196,-0.306,0.141,0.449,-0.198,0.508,0.471,0.441,0.689,0.322,0.527,-0.196,-0.426,0.559,0.471,0.598,0.332,-0.257,0.162,0.027,0.361,-0.257,0.341,0.439,0.3,0.187,-0.321,0.294,-0.025,-0.42,-0.098,0.374,-0.243,0.54,0.542,0.447,0.331,-0.62,0.071,0.191,0.676,-0.262,-0.305,0.439,0.211,0.435,0.061,0.483,0.065,0.331,0.42,-0.158,0.414,-0.494,0.681,0.306,0.565,0.313,-0.157,0.073,0.542,-0.347,-0.505,-0.287,0.182,-0.1,0.145,0.516,0.339,0.243,0.263,0.655,0.072,-0.574,-0.021,0.186,0.465,0.357,0.363,0.083,-0.502,0.08,-0.125,0.37,0.508,0.596,-0.046,-0.13,0.454,-0.16,0.406,0.355,0.393,-0.092,-0.643,0.47,-0.383,0.089,0.403,0.233,0.365,0.124,0.295,0.351,-0.244,0.31,0.088,0.469,0.189,0.702,0.169,-0.088,0.259,0.41,0.609,-0.252,-0.055,0.662,0.092,0.319,0.121,0.158,0.777,0.032,-0.133,0.386,-0.254,-0.288,0.31,-0.276,0.516,0.248,0.015,-0.307,-0.009,-0.061,0.626,-0.313,0.113,-0.582,0.444,-0.012,0.429,0.604,-0.341,-0.371,-0.556,0.319,-0.192,-0.43,0.507,0.418
AGNCM,-0.613,0.642,-0.481,0.647,0.711,-0.047,0.307,0.0,0.721,-0.652,-0.114,0.569,0.667,0.623,-0.431,0.583,0.737,0.685,0.704,0.478,0.258,0.605,0.631,0.517,0.717,0.272,0.811,-0.036,0.732,0.716,-0.41,-0.665,0.668,0.672,0.612,0.171,0.166,0.34,-0.464,0.01,0.767,-0.277,-0.186,-0.077,-0.048,0.051,-0.191,-0.611,0.315,-0.568,0.165,0.719,-0.505,0.412,0.639,0.712,0.542,-0.218,0.669,-0.52,-0.556,0.719,0.747,0.673,0.769,-0.428,0.658,0.233,0.273,-0.438,0.744,0.546,0.249,0.105,-0.49,0.586,0.187,-0.285,-0.525,0.651,-0.177,0.782,0.802,0.28,0.594,-0.354,-0.183,0.098,0.472,-0.272,-0.772,0.175,0.269,0.605,0.524,0.665,0.476,-0.101,0.813,-0.623,0.739,-0.357,0.532,0.277,0.639,0.686,-0.627,0.316,0.747,-0.536,-0.101,-0.319,0.627,-0.456,-0.258,0.722,0.613,0.371,0.56,0.621,-0.201,-0.673,-0.266,0.601,0.557,0.789,0.736,-0.027,-0.065,0.575,-0.577,0.475,0.685,-0.064,-0.277,0.478,0.72,-0.03,-0.061,0.707,0.464,0.241,-0.327,-0.244,-0.661,-0.517,0.593,-0.224,0.774,0.57,0.698,0.59,-0.19,0.742,0.178,0.755,-0.056,0.671,0.567,0.108,0.364,0.764,0.706,-0.617,-0.5,0.631,0.301,0.596,0.65,0.425,0.559,-0.427,0.418,-0.279,-0.593,-0.648,0.244,-0.535,0.546,0.358,0.161,-0.606,0.616,-0.165,0.712,0.031,-0.25,-0.073,0.489,-0.085,0.51,0.26,-0.077,-0.599,-0.246,0.424,-0.269,-0.386,0.598,0.645
AHCO,-0.805,0.894,-0.402,0.609,0.867,-0.06,0.603,0.721,0.0,-0.844,-0.205,0.701,0.767,0.651,-0.602,0.786,0.88,0.783,0.845,0.684,0.334,0.689,0.651,0.459,0.656,0.351,0.842,-0.017,0.915,0.866,-0.325,-0.83,0.752,0.872,0.76,0.081,0.149,0.382,-0.629,-0.066,0.877,-0.428,-0.206,-0.038,-0.158,-0.054,-0.265,-0.664,0.292,-0.732,0.079,0.804,-0.465,0.501,0.778,0.878,0.719,-0.216,0.894,-0.636,-0.807,0.873,0.918,0.811,0.853,-0.464,0.738,0.409,0.264,-0.545,0.845,0.744,0.309,-0.134,-0.617,0.755,0.006,-0.358,-0.654,0.794,-0.268,0.929,0.867,0.185,0.462,-0.743,-0.164,0.201,0.728,-0.367,-0.888,0.42,0.107,0.751,0.59,0.856,0.489,-0.123,0.856,-0.541,0.881,-0.676,0.63,0.487,0.798,0.577,-0.609,0.299,0.886,-0.636,-0.21,-0.306,0.764,-0.576,-0.182,0.94,0.837,0.502,0.61,0.851,-0.288,-0.829,-0.542,0.734,0.742,0.857,0.901,-0.314,-0.154,0.448,-0.703,0.537,0.868,0.165,-0.352,0.547,0.783,0.019,-0.02,0.827,0.343,0.04,-0.611,-0.275,-0.756,-0.603,0.7,-0.419,0.739,0.72,0.741,0.62,-0.192,0.811,0.488,0.886,-0.25,0.883,0.58,0.178,0.318,0.822,0.858,-0.773,-0.681,0.733,0.176,0.543,0.686,0.454,0.619,-0.459,0.408,-0.191,-0.658,-0.798,0.151,-0.628,0.523,0.562,0.202,-0.833,0.686,-0.32,0.91,0.079,-0.5,-0.351,0.44,-0.179,0.558,0.257,-0.067,-0.774,-0.46,0.434,-0.257,-0.652,0.513,0.875
ALGT,0.887,-0.864,0.483,-0.774,-0.832,0.28,-0.435,-0.652,-0.844,0.0,0.424,-0.718,-0.849,-0.776,0.715,-0.711,-0.824,-0.893,-0.894,-0.393,-0.073,-0.579,-0.824,-0.503,-0.613,-0.349,-0.734,0.148,-0.833,-0.867,0.55,0.939,-0.798,-0.839,-0.76,-0.137,-0.1,-0.344,0.816,0.257,-0.884,0.608,0.281,0.276,0.259,0.174,0.229,0.621,-0.33,0.782,-0.08,-0.847,0.653,-0.303,-0.753,-0.905,-0.599,0.423,-0.896,0.761,0.829,-0.9,-0.774,-0.91,-0.873,0.574,-0.582,-0.215,-0.116,0.699,-0.837,-0.562,-0.52,0.305,0.732,-0.669,-0.205,0.391,0.64,-0.802,0.317,-0.885,-0.828,-0.36,-0.245,0.601,0.213,-0.103,-0.7,0.57,0.906,-0.348,-0.093,-0.654,-0.43,-0.836,-0.435,0.422,-0.845,0.77,-0.921,0.688,-0.691,-0.27,-0.801,-0.649,0.764,-0.204,-0.905,0.815,0.293,0.464,-0.732,0.841,0.399,-0.909,-0.679,-0.499,-0.444,-0.74,0.208,0.8,0.406,-0.753,-0.797,-0.696,-0.867,0.173,0.234,-0.579,0.827,-0.43,-0.879,-0.029,0.623,-0.522,-0.815,-0.092,0.279,-0.888,-0.266,-0.052,0.713,0.336,0.843,0.701,-0.421,0.409,-0.629,-0.649,-0.7,-0.577,0.33,-0.786,-0.338,-0.9,0.304,-0.891,-0.727,0.013,-0.222,-0.88,-0.884,0.896,0.632,-0.72,-0.199,-0.461,-0.738,-0.47,-0.574,0.684,-0.372,0.315,0.777,0.924,-0.364,0.777,-0.625,-0.421,-0.192,0.867,-0.674,0.363,-0.704,-0.214,0.483,0.391,-0.42,0.489,-0.488,-0.327,0.057,0.822,0.411,-0.289,0.384,0.795,-0.632,-0.709
ALLO,0.528,-0.297,0.58,-0.027,-0.072,0.334,-0.036,-0.114,-0.205,0.424,0.0,-0.193,-0.18,-0.133,0.056,-0.239,-0.247,-0.328,-0.286,0.083,-0.348,-0.476,-0.305,-0.279,-0.107,-0.759,-0.296,-0.195,-0.389,-0.03,-0.041,0.496,-0.28,-0.223,0.095,0.022,-0.496,-0.009,0.572,-0.203,-0.245,-0.008,-0.419,-0.1,-0.28,0.338,0.185,0.453,0.346,-0.045,0.38,-0.07,-0.101,0.4,-0.366,-0.358,-0.219,0.443,-0.216,0.071,0.201,-0.209,-0.271,-0.476,-0.126,-0.267,0.05,-0.379,-0.355,0.256,-0.408,-0.192,-0.724,0.197,0.227,-0.163,0.163,-0.334,0.092,-0.259,-0.044,-0.259,-0.306,-0.082,0.358,-0.021,-0.211,-0.634,-0.265,-0.023,0.334,0.056,0.042,-0.249,-0.151,-0.304,-0.2,0.639,-0.217,0.162,-0.2,-0.045,0.064,-0.466,0.038,-0.174,0.165,-0.479,-0.28,0.545,0.482,0.061,-0.264,0.576,-0.276,-0.195,-0.381,-0.655,0.314,0.083,-0.117,0.103,0.038,-0.641,-0.464,-0.125,-0.395,0.192,-0.202,-0.607,0.614,-0.133,-0.101,-0.164,0.347,-0.319,-0.081,-0.614,0.635,-0.234,-0.215,0.034,0.322,0.157,0.363,0.426,0.032,0.468,-0.261,-0.278,0.033,-0.355,-0.342,-0.292,-0.263,-0.464,0.669,-0.193,-0.024,-0.382,0.423,-0.334,-0.138,0.247,0.413,0.112,-0.114,0.18,-0.476,-0.342,-0.029,-0.009,-0.233,0.342,-0.02,0.384,0.229,0.694,-0.429,-0.505,-0.546,0.504,-0.206,-0.169,0.021,-0.398,0.089,0.304,0.474,0.716,-0.557,-0.132,-0.584,0.338,0.147,0.027,-0.282,0.686,-0.237,-0.088
AMSF,-0.643,0.774,-0.169,0.636,0.785,-0.018,0.599,0.569,0.701,-0.718,-0.193,0.0,0.733,0.758,-0.58,0.638,0.613,0.779,0.726,0.434,-0.076,0.299,0.746,0.5,0.489,0.118,0.566,-0.193,0.648,0.774,-0.433,-0.624,0.561,0.786,0.664,0.209,-0.103,0.522,-0.497,-0.224,0.7,-0.491,-0.412,-0.245,-0.379,0.139,0.155,-0.291,0.506,-0.641,0.338,0.754,-0.599,0.424,0.638,0.723,0.63,0.02,0.75,-0.657,-0.589,0.816,0.669,0.777,0.69,-0.562,0.455,0.125,0.058,-0.517,0.612,0.428,0.436,-0.072,-0.483,0.576,0.417,-0.466,-0.428,0.685,-0.144,0.757,0.738,0.408,0.373,-0.471,-0.146,-0.007,0.595,-0.432,-0.67,0.494,0.401,0.633,0.258,0.67,0.483,-0.131,0.724,-0.601,0.716,-0.603,0.676,0.211,0.738,0.585,-0.633,0.025,0.698,-0.615,-0.233,-0.281,0.559,-0.466,-0.273,0.748,0.456,0.319,0.489,0.758,-0.185,-0.686,-0.17,0.49,0.621,0.565,0.635,-0.061,-0.303,0.5,-0.45,0.303,0.724,0.107,-0.529,0.292,0.751,-0.037,-0.07,0.726,0.332,0.262,-0.542,-0.021,-0.562,-0.368,0.307,-0.075,0.524,0.467,0.587,0.451,-0.41,0.55,0.202,0.665,0.028,0.866,0.63,-0.109,0.37,0.713,0.795,-0.645,-0.24,0.8,0.374,0.623,0.455,0.546,0.665,-0.426,0.201,0.038,-0.634,-0.676,0.419,-0.478,0.559,0.177,-0.061,-0.535,0.454,-0.38,0.652,0.075,-0.274,-0.303,0.48,-0.16,0.345,0.49,-0.19,-0.541,-0.244,0.443,-0.323,-0.51,0.601,0.589
ANAB,-0.697,0.847,-0.448,0.819,0.881,0.037,0.55,0.667,0.767,-0.849,-0.18,0.733,0.0,0.842,-0.632,0.511,0.678,0.851,0.782,0.331,-0.138,0.356,0.797,0.352,0.728,0.12,0.649,-0.12,0.717,0.915,-0.7,-0.704,0.613,0.901,0.721,0.058,-0.21,0.318,-0.594,-0.454,0.777,-0.497,-0.481,-0.542,-0.519,-0.025,-0.024,-0.51,0.428,-0.7,0.235,0.879,-0.775,0.496,0.677,0.773,0.604,-0.197,0.792,-0.714,-0.702,0.878,0.684,0.893,0.809,-0.68,0.425,-0.119,0.082,-0.569,0.646,0.399,0.461,-0.117,-0.664,0.453,0.366,-0.631,-0.491,0.617,-0.415,0.794,0.764,0.584,0.333,-0.574,-0.448,-0.027,0.685,-0.759,-0.753,0.331,0.172,0.638,0.176,0.706,0.256,-0.15,0.809,-0.803,0.825,-0.648,0.913,0.005,0.818,0.783,-0.726,0.05,0.88,-0.712,-0.403,-0.638,0.506,-0.633,-0.514,0.811,0.401,0.261,0.444,0.747,-0.176,-0.831,-0.159,0.465,0.59,0.6,0.67,0.158,-0.554,0.434,-0.586,0.481,0.828,0.048,-0.519,0.214,0.798,-0.313,-0.035,0.774,0.247,0.044,-0.735,-0.016,-0.839,-0.425,0.346,-0.013,0.531,0.377,0.604,0.521,-0.6,0.609,-0.002,0.775,0.102,0.909,0.722,-0.285,0.302,0.781,0.929,-0.768,-0.347,0.861,0.143,0.512,0.469,0.305,0.793,-0.624,0.118,-0.19,-0.793,-0.753,0.641,-0.627,0.668,0.135,-0.016,-0.576,0.454,-0.283,0.673,-0.126,-0.201,-0.408,0.663,-0.287,0.3,0.482,-0.441,-0.811,-0.525,0.191,-0.597,-0.611,0.741,0.535
ANDE,-0.738,0.735,-0.248,0.843,0.833,-0.126,0.406,0.623,0.651,-0.776,-0.133,0.758,0.842,0.0,-0.735,0.61,0.601,0.825,0.828,0.464,-0.287,0.212,0.893,0.641,0.541,-0.039,0.551,-0.339,0.588,0.857,-0.591,-0.683,0.722,0.779,0.792,0.342,-0.073,0.657,-0.63,-0.301,0.83,-0.67,-0.538,-0.413,-0.436,0.227,0.098,-0.289,0.686,-0.771,0.528,0.873,-0.833,0.435,0.589,0.778,0.536,-0.091,0.827,-0.853,-0.609,0.906,0.563,0.793,0.842,-0.824,0.549,0.033,-0.211,-0.579,0.671,0.364,0.395,-0.165,-0.497,0.633,0.631,-0.466,-0.577,0.766,-0.076,0.786,0.75,0.491,0.471,-0.401,-0.316,-0.253,0.432,-0.549,-0.753,0.44,0.52,0.689,0.234,0.702,0.582,-0.27,0.813,-0.831,0.836,-0.595,0.74,-0.029,0.825,0.773,-0.858,-0.047,0.75,-0.6,-0.098,-0.31,0.649,-0.621,-0.614,0.758,0.391,0.218,0.587,0.793,-0.285,-0.735,-0.188,0.464,0.588,0.632,0.655,0.12,-0.25,0.605,-0.521,0.295,0.829,-0.149,-0.612,0.384,0.89,-0.116,-0.151,0.863,0.258,0.443,-0.522,-0.163,-0.647,-0.468,0.273,-0.06,0.538,0.532,0.735,0.44,-0.623,0.572,0.112,0.704,0.043,0.831,0.877,-0.345,0.574,0.833,0.791,-0.765,-0.255,0.857,0.52,0.779,0.475,0.596,0.632,-0.706,0.364,-0.082,-0.872,-0.801,0.654,-0.509,0.555,0.029,0.07,-0.498,0.601,-0.506,0.601,0.15,-0.369,-0.102,0.629,-0.164,0.245,0.539,-0.27,-0.557,-0.235,0.436,-0.484,-0.411,0.699,0.596
APLS,0.648,-0.563,0.149,-0.724,-0.656,0.275,-0.164,-0.431,-0.602,0.715,0.056,-0.58,-0.632,-0.735,0.0,-0.494,-0.494,-0.6,-0.702,-0.34,0.336,-0.105,-0.779,-0.472,-0.169,0.221,-0.36,0.646,-0.416,-0.726,0.624,0.684,-0.712,-0.576,-0.804,-0.206,0.135,-0.548,0.7,0.474,-0.697,0.838,0.59,0.312,0.411,-0.011,0.174,0.174,-0.707,0.843,-0.506,-0.796,0.736,-0.412,-0.462,-0.664,-0.202,0.198,-0.754,0.903,0.599,-0.744,-0.531,-0.562,-0.774,0.787,-0.555,-0.079,0.458,0.675,-0.505,-0.207,-0.133,0.373,0.606,-0.615,-0.507,0.503,0.648,-0.712,0.209,-0.606,-0.459,-0.021,-0.199,0.538,0.418,0.408,-0.351,0.577,0.732,-0.533,-0.141,-0.473,-0.215,-0.538,-0.576,0.334,-0.647,0.676,-0.752,0.802,-0.52,0.107,-0.737,-0.4,0.837,0.184,-0.538,0.487,-0.174,0.233,-0.669,0.655,0.653,-0.703,-0.38,-0.11,-0.531,-0.696,0.509,0.584,0.472,-0.404,-0.446,-0.491,-0.619,0.175,0.111,-0.274,0.489,-0.101,-0.765,0.345,0.639,-0.462,-0.694,0.08,0.337,-0.791,0.188,-0.25,0.469,0.501,0.455,0.574,-0.107,0.325,-0.247,-0.653,-0.694,-0.209,0.549,-0.424,-0.268,-0.531,0.126,-0.671,-0.827,0.273,-0.42,-0.601,-0.671,0.795,0.318,-0.682,-0.277,-0.569,-0.365,-0.43,-0.285,0.838,-0.34,0.175,0.841,0.745,-0.411,0.317,-0.199,0.036,0.114,0.553,-0.644,0.782,-0.492,-0.305,0.717,-0.014,-0.434,0.141,0.025,-0.228,0.169,0.517,0.108,-0.325,0.446,0.404,-0.33,-0.589
APPF,-0.811,0.731,-0.138,0.558,0.685,-0.343,0.454,0.583,0.786,-0.711,-0.239,0.638,0.511,0.61,-0.494,0.0,0.846,0.747,0.861,0.734,0.283,0.576,0.623,0.71,0.453,0.346,0.708,-0.062,0.737,0.695,-0.018,-0.745,0.79,0.642,0.71,0.354,0.384,0.552,-0.54,0.225,0.851,-0.455,-0.062,0.166,0.095,0.064,-0.155,-0.413,0.38,-0.71,0.165,0.672,-0.384,0.327,0.723,0.864,0.774,-0.171,0.845,-0.612,-0.639,0.794,0.723,0.644,0.769,-0.403,0.785,0.62,0.164,-0.402,0.861,0.789,0.292,-0.225,-0.31,0.916,0.136,0.014,-0.684,0.883,0.125,0.863,0.824,0.181,0.492,-0.491,0.181,0.128,0.542,-0.042,-0.759,0.397,0.406,0.803,0.728,0.758,0.632,-0.319,0.749,-0.452,0.813,-0.487,0.376,0.608,0.735,0.499,-0.554,0.232,0.729,-0.53,0.066,0.06,0.864,-0.538,-0.097,0.825,0.829,0.576,0.656,0.799,-0.253,-0.623,-0.508,0.754,0.827,0.808,0.809,-0.386,0.192,0.618,-0.633,0.287,0.773,0.106,-0.44,0.735,0.803,0.344,-0.092,0.837,0.432,0.351,-0.32,-0.351,-0.459,-0.602,0.645,-0.53,0.758,0.758,0.764,0.641,-0.074,0.796,0.607,0.752,-0.393,0.72,0.599,0.286,0.502,0.837,0.633,-0.705,-0.577,0.6,0.474,0.661,0.732,0.691,0.381,-0.356,0.634,-0.021,-0.556,-0.78,0.056,-0.514,0.373,0.577,0.396,-0.751,0.747,-0.33,0.791,0.383,-0.577,-0.098,0.296,-0.157,0.582,0.214,0.211,-0.432,-0.082,0.672,-0.024,-0.478,0.419,0.906
ASML,-0.832,0.786,-0.418,0.681,0.747,-0.321,0.415,0.737,0.88,-0.824,-0.247,0.613,0.678,0.601,-0.494,0.846,0.0,0.813,0.891,0.568,0.345,0.739,0.637,0.559,0.7,0.44,0.853,0.082,0.854,0.794,-0.237,-0.839,0.806,0.727,0.745,0.231,0.329,0.293,-0.598,0.078,0.891,-0.41,-0.037,-0.007,0.077,-0.143,-0.378,-0.682,0.218,-0.731,-0.036,0.738,-0.493,0.398,0.787,0.901,0.75,-0.442,0.854,-0.6,-0.777,0.807,0.822,0.756,0.864,-0.41,0.789,0.456,0.319,-0.426,0.925,0.831,0.29,-0.289,-0.525,0.791,0.029,-0.141,-0.702,0.803,-0.149,0.912,0.881,0.306,0.474,-0.54,0.023,0.2,0.686,-0.273,-0.851,0.189,0.153,0.768,0.762,0.811,0.427,-0.323,0.85,-0.613,0.903,-0.504,0.527,0.545,0.761,0.62,-0.57,0.3,0.864,-0.652,-0.08,-0.28,0.818,-0.654,-0.207,0.915,0.845,0.568,0.626,0.743,-0.162,-0.73,-0.518,0.796,0.836,0.886,0.9,-0.305,-0.011,0.582,-0.76,0.461,0.81,0.05,-0.43,0.702,0.801,0.158,-0.061,0.852,0.439,0.102,-0.426,-0.388,-0.711,-0.696,0.739,-0.536,0.812,0.703,0.749,0.72,-0.126,0.93,0.453,0.869,-0.35,0.778,0.616,0.274,0.331,0.896,0.79,-0.813,-0.745,0.64,0.222,0.494,0.868,0.475,0.509,-0.485,0.559,-0.259,-0.636,-0.841,0.142,-0.672,0.484,0.624,0.302,-0.854,0.767,-0.167,0.828,0.218,-0.52,-0.22,0.43,-0.277,0.615,0.127,0.054,-0.708,-0.253,0.433,-0.246,-0.631,0.519,0.87
ATRC,-0.833,0.865,-0.381,0.8,0.838,-0.251,0.511,0.685,0.783,-0.893,-0.328,0.779,0.851,0.825,-0.6,0.747,0.813,0.0,0.909,0.385,0.062,0.535,0.827,0.561,0.657,0.284,0.772,-0.118,0.813,0.874,-0.495,-0.835,0.745,0.838,0.764,0.288,0.101,0.417,-0.632,-0.093,0.884,-0.48,-0.323,-0.215,-0.221,-0.076,-0.016,-0.555,0.438,-0.718,0.187,0.855,-0.668,0.334,0.809,0.906,0.696,-0.269,0.875,-0.711,-0.699,0.901,0.738,0.916,0.852,-0.575,0.613,0.194,0.189,-0.586,0.833,0.564,0.58,-0.152,-0.605,0.687,0.36,-0.325,-0.564,0.83,-0.185,0.91,0.907,0.574,0.336,-0.48,-0.097,0.103,0.715,-0.504,-0.851,0.378,0.299,0.717,0.427,0.788,0.453,-0.288,0.887,-0.741,0.901,-0.546,0.735,0.303,0.852,0.73,-0.732,0.266,0.875,-0.833,-0.236,-0.354,0.718,-0.719,-0.336,0.884,0.613,0.461,0.56,0.774,-0.028,-0.76,-0.236,0.707,0.851,0.676,0.812,0.028,-0.214,0.67,-0.65,0.415,0.86,0.107,-0.603,0.489,0.88,0.073,-0.21,0.861,0.382,0.157,-0.599,-0.189,-0.736,-0.562,0.484,-0.259,0.743,0.598,0.726,0.687,-0.353,0.8,0.236,0.886,-0.182,0.888,0.78,-0.013,0.328,0.906,0.88,-0.806,-0.481,0.782,0.303,0.609,0.722,0.589,0.68,-0.579,0.394,-0.209,-0.738,-0.852,0.465,-0.685,0.718,0.389,0.243,-0.744,0.62,-0.338,0.738,0.239,-0.33,-0.284,0.532,-0.422,0.543,0.442,-0.093,-0.704,-0.338,0.394,-0.324,-0.656,0.725,0.686
AVGO,-0.905,0.832,-0.343,0.783,0.801,-0.385,0.405,0.704,0.845,-0.894,-0.286,0.726,0.782,0.828,-0.702,0.861,0.891,0.909,0.0,0.573,0.093,0.553,0.83,0.675,0.589,0.272,0.777,-0.155,0.789,0.869,-0.366,-0.887,0.885,0.785,0.841,0.357,0.243,0.504,-0.701,-0.041,0.959,-0.57,-0.241,-0.098,-0.094,0.024,-0.232,-0.514,0.467,-0.84,0.213,0.846,-0.654,0.386,0.843,0.959,0.711,-0.322,0.936,-0.808,-0.773,0.921,0.777,0.825,0.933,-0.607,0.785,0.389,0.071,-0.56,0.905,0.689,0.388,-0.323,-0.54,0.86,0.299,-0.209,-0.753,0.925,-0.044,0.934,0.887,0.364,0.427,-0.493,-0.067,0.038,0.665,-0.383,-0.909,0.363,0.319,0.796,0.624,0.864,0.602,-0.419,0.907,-0.706,0.964,-0.594,0.608,0.386,0.868,0.733,-0.752,0.228,0.86,-0.714,-0.02,-0.216,0.894,-0.759,-0.4,0.939,0.748,0.516,0.672,0.836,-0.203,-0.784,-0.487,0.769,0.858,0.814,0.881,-0.167,-0.023,0.683,-0.756,0.373,0.895,-0.051,-0.618,0.705,0.914,0.137,-0.228,0.944,0.348,0.261,-0.479,-0.413,-0.698,-0.735,0.547,-0.48,0.76,0.763,0.86,0.686,-0.339,0.838,0.463,0.868,-0.314,0.847,0.815,0.073,0.452,0.941,0.827,-0.894,-0.61,0.759,0.383,0.682,0.786,0.65,0.49,-0.664,0.598,-0.234,-0.797,-0.931,0.34,-0.638,0.519,0.467,0.308,-0.825,0.824,-0.432,0.774,0.347,-0.595,-0.12,0.496,-0.312,0.498,0.25,-0.002,-0.668,-0.205,0.506,-0.301,-0.618,0.596,0.849
AVT,-0.518,0.587,-0.003,0.303,0.609,0.091,0.488,0.478,0.684,-0.393,0.083,0.434,0.331,0.464,-0.34,0.734,0.568,0.385,0.573,0.0,0.266,0.412,0.354,0.451,0.412,0.14,0.558,0.059,0.583,0.558,0.065,-0.429,0.546,0.547,0.547,0.228,0.234,0.537,-0.305,0.176,0.633,-0.273,-0.087,0.191,-0.013,0.262,-0.104,-0.266,0.313,-0.521,0.207,0.485,-0.204,0.429,0.464,0.561,0.597,0.127,0.652,-0.398,-0.464,0.609,0.576,0.368,0.552,-0.361,0.688,0.527,0.062,-0.21,0.579,0.647,-0.027,0.024,-0.159,0.705,-0.028,-0.082,-0.559,0.623,0.145,0.647,0.595,-0.065,0.643,-0.548,0.037,0.02,0.324,0.071,-0.527,0.398,0.369,0.667,0.547,0.652,0.537,0.035,0.553,-0.209,0.567,-0.467,0.282,0.451,0.521,0.38,-0.344,0.165,0.524,-0.139,0.059,0.161,0.612,-0.165,-0.047,0.603,0.668,0.314,0.633,0.724,-0.362,-0.58,-0.514,0.432,0.442,0.749,0.598,-0.346,0.128,0.304,-0.378,0.316,0.595,0.158,0.009,0.47,0.562,0.086,0.223,0.568,0.328,0.31,-0.214,-0.144,-0.345,-0.333,0.615,-0.296,0.545,0.564,0.642,0.383,-0.063,0.508,0.57,0.507,-0.153,0.541,0.338,0.184,0.536,0.559,0.445,-0.406,-0.399,0.518,0.398,0.618,0.373,0.449,0.334,-0.149,0.443,0.186,-0.42,-0.457,-0.027,-0.237,0.169,0.424,0.276,-0.445,0.517,-0.312,0.734,0.095,-0.428,-0.028,0.293,0.244,0.379,0.195,0.006,-0.288,-0.247,0.586,-0.06,-0.166,0.199,0.791
AXDX,-0.211,0.156,-0.383,-0.27,-0.011,-0.059,0.102,0.258,0.334,-0.073,-0.348,-0.076,-0.138,-0.287,0.336,0.283,0.345,0.062,0.093,0.266,0.0,0.789,-0.202,0.099,0.236,0.731,0.506,0.499,0.488,-0.086,0.475,-0.268,0.152,0.055,-0.151,-0.069,0.662,-0.191,-0.054,0.715,0.162,0.413,0.641,0.641,0.626,-0.212,-0.362,-0.598,-0.542,0.201,-0.565,-0.138,0.539,-0.18,0.281,0.197,0.268,-0.216,0.056,0.342,-0.109,-0.027,0.403,0.108,0.042,0.575,0.292,0.684,0.748,0.087,0.405,0.533,0.195,0.226,-0.02,0.244,-0.665,0.474,-0.053,0.142,0.089,0.243,0.304,-0.26,0.111,-0.077,0.406,0.794,0.188,0.481,-0.242,-0.162,-0.16,0.17,0.557,0.259,0.135,0.012,0.161,0.282,0.062,0.255,-0.295,0.793,-0.132,-0.031,0.228,0.768,0.2,-0.176,-0.148,0.209,0.25,-0.056,0.638,0.15,0.633,0.6,0.016,-0.043,0.22,-0.046,-0.256,0.556,0.325,0.364,0.381,-0.373,0.426,0.275,-0.312,0.346,-0.003,0.341,0.307,0.387,-0.061,0.499,-0.097,0.005,0.396,-0.166,0.069,-0.157,-0.16,-0.262,0.613,-0.501,0.539,0.305,0.061,0.417,0.744,0.434,0.466,0.371,-0.549,-0.015,-0.31,0.773,-0.269,0.158,-0.042,0.056,-0.588,-0.277,-0.107,-0.13,0.47,0.156,-0.041,0.396,0.306,-0.262,0.331,-0.069,-0.674,-0.338,0.19,0.826,0.549,-0.42,0.227,0.378,0.305,0.144,-0.024,-0.131,-0.364,-0.192,0.723,-0.211,0.593,-0.159,-0.12,0.094,0.544,-0.252,-0.037,0.326
AXSM,-0.654,0.561,-0.627,0.266,0.438,-0.214,0.221,0.605,0.689,-0.579,-0.476,0.299,0.356,0.212,-0.105,0.576,0.739,0.535,0.553,0.412,0.789,0.0,0.295,0.363,0.625,0.757,0.824,0.377,0.837,0.406,-0.003,-0.719,0.59,0.476,0.308,0.093,0.622,0.015,-0.512,0.42,0.627,0.008,0.392,0.299,0.427,-0.244,-0.48,-0.866,-0.249,-0.272,-0.407,0.352,0.005,0.044,0.604,0.63,0.506,-0.499,0.52,-0.152,-0.484,0.468,0.706,0.555,0.536,0.098,0.59,0.632,0.639,-0.252,0.801,0.69,0.414,-0.002,-0.4,0.523,-0.372,0.17,-0.446,0.517,-0.098,0.675,0.701,0.052,0.307,-0.334,0.188,0.608,0.457,0.073,-0.689,-0.004,-0.055,0.523,0.71,0.651,0.323,-0.264,0.614,-0.272,0.574,-0.122,0.13,0.705,0.314,0.384,-0.257,0.732,0.645,-0.576,-0.235,-0.117,0.584,-0.52,0.206,0.606,0.861,0.707,0.296,0.33,0.01,-0.473,-0.428,0.856,0.646,0.712,0.79,-0.369,0.211,0.585,-0.709,0.581,0.482,0.174,-0.072,0.622,0.402,0.427,-0.211,0.49,0.447,-0.097,-0.268,-0.343,-0.634,-0.617,0.734,-0.636,0.801,0.593,0.457,0.683,0.422,0.813,0.518,0.794,-0.593,0.44,0.19,0.615,-0.078,0.643,0.439,-0.475,-0.852,0.159,0.029,0.156,0.82,0.376,0.287,-0.114,0.5,-0.434,-0.225,-0.567,-0.302,-0.704,0.485,0.864,0.54,-0.782,0.588,0.124,0.621,0.251,-0.25,-0.213,-0.021,-0.388,0.816,-0.027,0.417,-0.581,-0.315,0.179,0.126,-0.592,0.308,0.63
AZN,-0.759,0.711,-0.359,0.854,0.782,-0.205,0.315,0.631,0.651,-0.824,-0.305,0.746,0.797,0.893,-0.779,0.623,0.637,0.827,0.83,0.354,-0.202,0.295,0.0,0.68,0.47,0.101,0.555,-0.423,0.601,0.798,-0.568,-0.769,0.775,0.755,0.732,0.273,-0.012,0.636,-0.69,-0.308,0.833,-0.682,-0.491,-0.324,-0.348,0.09,0.012,-0.336,0.65,-0.722,0.454,0.893,-0.806,0.374,0.658,0.792,0.482,-0.223,0.808,-0.825,-0.591,0.871,0.633,0.824,0.86,-0.726,0.537,0.101,-0.092,-0.632,0.69,0.31,0.492,-0.165,-0.558,0.635,0.589,-0.412,-0.54,0.78,-0.097,0.768,0.73,0.385,0.321,-0.331,-0.284,-0.178,0.43,-0.53,-0.797,0.392,0.416,0.634,0.295,0.615,0.634,-0.393,0.831,-0.856,0.824,-0.576,0.652,0.04,0.774,0.719,-0.902,0.025,0.706,-0.637,-0.092,-0.322,0.681,-0.734,-0.497,0.748,0.425,0.366,0.513,0.731,-0.28,-0.616,-0.153,0.574,0.606,0.609,0.724,0.076,-0.143,0.637,-0.632,0.211,0.806,-0.16,-0.63,0.456,0.856,0.024,-0.349,0.888,0.27,0.455,-0.524,-0.311,-0.646,-0.585,0.201,-0.202,0.556,0.619,0.685,0.438,-0.491,0.608,0.084,0.746,-0.081,0.792,0.88,-0.223,0.45,0.837,0.78,-0.78,-0.289,0.765,0.512,0.687,0.562,0.605,0.56,-0.695,0.392,-0.184,-0.81,-0.834,0.523,-0.592,0.602,0.071,0.107,-0.599,0.619,-0.516,0.566,0.248,-0.421,-0.091,0.452,-0.28,0.316,0.519,-0.103,-0.567,-0.159,0.436,-0.379,-0.513,0.729,0.562
BANR,-0.674,0.361,-0.207,0.535,0.456,-0.452,0.041,0.517,0.459,-0.503,-0.279,0.5,0.352,0.641,-0.472,0.71,0.559,0.561,0.675,0.451,0.099,0.363,0.68,0.0,0.225,0.209,0.494,-0.314,0.415,0.43,0.003,-0.589,0.702,0.359,0.52,0.446,0.481,0.754,-0.499,0.278,0.713,-0.523,-0.06,0.085,0.199,0.319,-0.052,-0.23,0.49,-0.535,0.394,0.552,-0.45,0.127,0.432,0.687,0.503,-0.147,0.62,-0.579,-0.399,0.609,0.477,0.48,0.675,-0.38,0.656,0.559,-0.079,-0.313,0.715,0.501,0.321,-0.178,-0.073,0.777,0.477,0.149,-0.548,0.727,0.44,0.619,0.61,0.117,0.442,-0.055,0.097,-0.053,0.063,0.073,-0.631,0.125,0.716,0.674,0.582,0.474,0.842,-0.457,0.606,-0.552,0.607,-0.179,0.142,0.35,0.492,0.524,-0.657,0.085,0.457,-0.372,0.236,0.189,0.773,-0.496,-0.207,0.51,0.554,0.498,0.48,0.531,-0.36,-0.292,-0.216,0.626,0.552,0.642,0.616,-0.169,0.42,0.803,-0.501,0.028,0.546,-0.202,-0.445,0.748,0.736,0.415,-0.387,0.738,0.429,0.796,-0.007,-0.423,-0.284,-0.57,0.35,-0.443,0.635,0.674,0.58,0.504,-0.071,0.598,0.307,0.542,-0.364,0.449,0.652,0.137,0.51,0.72,0.343,-0.547,-0.369,0.369,0.827,0.735,0.625,0.886,0.162,-0.37,0.747,-0.186,-0.475,-0.678,0.077,-0.432,0.286,0.243,0.416,-0.474,0.727,-0.289,0.425,0.501,-0.495,0.208,0.103,-0.185,0.434,0.252,0.371,-0.155,0.239,0.693,0.139,-0.207,0.443,0.595
BBIO,-0.554,0.712,-0.527,0.609,0.705,0.152,0.439,0.717,0.656,-0.613,-0.107,0.489,0.728,0.541,-0.169,0.453,0.7,0.657,0.589,0.412,0.236,0.625,0.47,0.225,0.0,0.369,0.742,0.386,0.754,0.694,-0.429,-0.546,0.486,0.716,0.479,0.103,0.074,0.051,-0.394,-0.083,0.649,-0.1,-0.047,-0.298,-0.129,-0.099,-0.192,-0.717,0.042,-0.406,-0.141,0.61,-0.469,0.393,0.54,0.581,0.609,-0.321,0.579,-0.323,-0.499,0.647,0.602,0.682,0.624,-0.357,0.443,0.021,0.43,-0.257,0.657,0.526,0.345,0.125,-0.488,0.318,-0.018,-0.339,-0.419,0.408,-0.353,0.704,0.75,0.538,0.528,-0.401,-0.201,0.21,0.52,-0.402,-0.59,0.024,0.102,0.57,0.354,0.65,0.072,-0.042,0.698,-0.61,0.653,-0.298,0.653,0.215,0.533,0.75,-0.416,0.345,0.799,-0.524,-0.425,-0.519,0.351,-0.412,-0.218,0.641,0.481,0.3,0.414,0.507,-0.033,-0.711,-0.143,0.486,0.478,0.705,0.629,0.102,-0.378,0.444,-0.55,0.643,0.597,0.144,-0.165,0.214,0.579,-0.207,0.212,0.549,0.45,-0.056,-0.454,0.061,-0.834,-0.338,0.622,-0.058,0.661,0.25,0.48,0.573,-0.209,0.683,0.046,0.729,0.056,0.667,0.4,0.037,0.189,0.713,0.708,-0.522,-0.474,0.594,0.034,0.332,0.561,0.147,0.744,-0.307,0.169,-0.195,-0.528,-0.542,0.332,-0.643,0.643,0.39,0.172,-0.483,0.361,0.122,0.683,-0.224,0.056,-0.334,0.522,-0.152,0.514,0.301,-0.287,-0.722,-0.517,0.092,-0.456,-0.458,0.584,0.497
BCYC,-0.47,0.327,-0.643,-0.05,0.095,-0.228,0.143,0.272,0.351,-0.349,-0.759,0.118,0.12,-0.039,0.221,0.346,0.44,0.284,0.272,0.14,0.731,0.757,0.101,0.209,0.369,0.0,0.513,0.569,0.549,0.047,0.288,-0.451,0.27,0.234,-0.111,-0.047,0.658,-0.146,-0.354,0.466,0.277,0.269,0.634,0.312,0.518,-0.289,-0.361,-0.641,-0.574,0.092,-0.639,0.003,0.272,-0.254,0.452,0.359,0.423,-0.44,0.191,0.147,-0.265,0.167,0.417,0.415,0.139,0.447,0.134,0.559,0.722,-0.037,0.517,0.516,0.525,-0.066,-0.118,0.227,-0.489,0.451,-0.112,0.214,0.05,0.347,0.431,0.067,-0.065,-0.019,0.401,0.831,0.329,0.24,-0.335,-0.249,-0.1,0.326,0.454,0.405,0.104,-0.418,0.263,-0.02,0.209,0.176,-0.1,0.729,-0.076,0.188,0.057,0.675,0.374,-0.449,-0.455,-0.072,0.291,-0.371,0.497,0.258,0.586,0.73,-0.144,-0.04,0.199,-0.191,-0.174,0.701,0.483,0.364,0.468,-0.254,0.243,0.564,-0.61,0.346,0.075,0.282,-0.067,0.387,0.066,0.564,-0.293,0.18,0.472,-0.122,-0.158,-0.125,-0.428,-0.427,0.381,-0.529,0.505,0.277,0.018,0.502,0.544,0.483,0.369,0.523,-0.634,0.165,-0.166,0.644,-0.368,0.362,0.145,-0.155,-0.591,-0.151,-0.015,-0.193,0.597,0.239,0.102,0.212,0.316,-0.315,0.155,-0.331,-0.396,-0.67,0.397,0.778,0.634,-0.558,0.246,0.449,0.192,0.186,-0.007,-0.308,-0.381,-0.494,0.75,-0.054,0.578,-0.371,-0.199,0.019,0.344,-0.605,0.174,0.256
BHFAP,-0.759,0.758,-0.573,0.55,0.739,-0.122,0.426,0.811,0.842,-0.734,-0.296,0.566,0.649,0.551,-0.36,0.708,0.853,0.772,0.777,0.558,0.506,0.824,0.555,0.494,0.742,0.513,0.0,0.167,0.898,0.724,-0.247,-0.777,0.7,0.712,0.571,0.189,0.378,0.253,-0.522,0.186,0.825,-0.21,0.022,0.052,0.107,-0.143,-0.27,-0.771,0.097,-0.541,-0.069,0.661,-0.355,0.32,0.744,0.812,0.704,-0.292,0.763,-0.432,-0.677,0.739,0.843,0.761,0.762,-0.26,0.701,0.457,0.445,-0.41,0.877,0.767,0.39,0.019,-0.488,0.674,-0.061,-0.126,-0.564,0.71,-0.134,0.872,0.884,0.275,0.493,-0.501,-0.009,0.373,0.628,-0.212,-0.838,0.155,0.141,0.707,0.65,0.833,0.443,-0.16,0.83,-0.512,0.794,-0.39,0.487,0.563,0.639,0.619,-0.507,0.527,0.837,-0.66,-0.234,-0.279,0.718,-0.533,-0.051,0.81,0.812,0.585,0.532,0.65,-0.096,-0.724,-0.397,0.789,0.749,0.848,0.851,-0.14,-0.001,0.631,-0.672,0.521,0.73,0.142,-0.263,0.593,0.703,0.148,-0.078,0.721,0.509,0.076,-0.392,-0.222,-0.744,-0.593,0.754,-0.436,0.866,0.625,0.652,0.768,0.023,0.876,0.399,0.885,-0.327,0.715,0.471,0.334,0.198,0.815,0.723,-0.616,-0.706,0.55,0.195,0.476,0.8,0.495,0.531,-0.318,0.468,-0.326,-0.509,-0.713,0.071,-0.692,0.612,0.657,0.402,-0.772,0.651,-0.052,0.785,0.112,-0.337,-0.241,0.34,-0.298,0.715,0.229,0.092,-0.707,-0.351,0.387,-0.14,-0.584,0.557,0.759
BKR,0.063,0.063,-0.213,-0.319,-0.143,0.218,0.204,-0.036,-0.017,0.148,-0.195,-0.193,-0.12,-0.339,0.646,-0.062,0.082,-0.118,-0.155,0.059,0.499,0.377,-0.423,-0.314,0.386,0.569,0.167,0.0,0.18,-0.182,0.363,0.153,-0.259,-0.03,-0.376,-0.083,0.308,-0.502,0.219,0.371,-0.165,0.636,0.615,0.126,0.354,-0.179,-0.163,-0.298,-0.724,0.377,-0.706,-0.358,0.455,-0.074,0.045,-0.115,0.287,-0.068,-0.2,0.534,0.073,-0.197,-0.029,-0.045,-0.285,0.521,-0.189,0.165,0.646,0.429,0.039,0.307,0.069,0.155,0.233,-0.225,-0.646,0.368,0.156,-0.294,0.047,-0.068,0.033,0.208,0.042,0.046,0.424,0.606,0.167,0.294,0.229,-0.411,-0.178,0.057,0.087,0.12,-0.448,0.064,-0.139,0.318,-0.183,0.343,-0.104,0.413,-0.306,0.049,0.577,0.454,0.052,0.008,-0.453,-0.079,-0.23,0.211,0.477,-0.109,0.136,0.175,-0.224,-0.255,0.41,-0.075,-0.013,0.073,0.04,0.061,-0.054,0.005,-0.091,0.057,-0.039,0.317,-0.267,0.346,0.303,-0.146,-0.286,0.092,0.398,-0.32,0.308,-0.411,0.062,0.386,-0.177,0.127,0.306,-0.033,0.124,-0.294,-0.249,0.288,0.408,0.069,0.105,0.031,-0.132,-0.132,-0.539,0.44,-0.347,-0.058,-0.13,0.251,-0.21,-0.25,-0.337,-0.394,0.086,-0.23,0.098,0.486,-0.07,0.1,0.396,0.208,-0.268,-0.171,0.065,0.489,0.331,0.014,-0.23,0.691,-0.015,-0.268,0.437,-0.249,-0.174,-0.091,0.377,-0.18,0.09,-0.085,-0.274,-0.246,0.149,-0.154,-0.139,-0.064
BLDP,-0.809,0.897,-0.516,0.547,0.811,-0.036,0.6,0.732,0.915,-0.833,-0.389,0.648,0.717,0.588,-0.416,0.737,0.854,0.813,0.789,0.583,0.488,0.837,0.601,0.415,0.754,0.549,0.898,0.18,0.0,0.78,-0.29,-0.845,0.706,0.842,0.609,0.119,0.292,0.266,-0.637,0.096,0.843,-0.265,-0.038,0.029,-0.046,-0.175,-0.215,-0.794,0.104,-0.563,-0.092,0.708,-0.331,0.319,0.768,0.842,0.708,-0.299,0.818,-0.472,-0.702,0.809,0.86,0.848,0.762,-0.295,0.63,0.435,0.486,-0.523,0.883,0.726,0.516,0.014,-0.633,0.658,-0.112,-0.222,-0.547,0.747,-0.261,0.909,0.901,0.284,0.426,-0.634,-0.003,0.413,0.714,-0.274,-0.851,0.339,0.096,0.691,0.561,0.861,0.402,-0.163,0.835,-0.514,0.822,-0.506,0.572,0.565,0.684,0.595,-0.541,0.539,0.898,-0.735,-0.379,-0.308,0.677,-0.634,-0.027,0.862,0.847,0.621,0.464,0.708,-0.07,-0.782,-0.414,0.815,0.798,0.811,0.899,-0.224,-0.117,0.573,-0.732,0.645,0.796,0.283,-0.288,0.504,0.697,0.185,-0.085,0.745,0.445,-0.038,-0.623,-0.175,-0.802,-0.568,0.725,-0.405,0.822,0.642,0.667,0.697,0.003,0.848,0.447,0.958,-0.349,0.825,0.471,0.276,0.178,0.839,0.795,-0.684,-0.725,0.615,0.13,0.429,0.752,0.455,0.648,-0.336,0.387,-0.252,-0.542,-0.767,0.096,-0.767,0.693,0.705,0.377,-0.842,0.593,-0.144,0.855,0.108,-0.291,-0.42,0.333,-0.352,0.767,0.34,0.075,-0.765,-0.535,0.316,-0.163,-0.72,0.579,0.783
BLFS,-0.745,0.89,-0.273,0.845,0.958,-0.004,0.602,0.716,0.866,-0.867,-0.03,0.774,0.915,0.857,-0.726,0.695,0.794,0.874,0.869,0.558,-0.086,0.406,0.798,0.43,0.694,0.047,0.724,-0.182,0.78,0.0,-0.622,-0.751,0.743,0.906,0.874,0.204,-0.145,0.453,-0.595,-0.353,0.881,-0.586,-0.543,-0.368,-0.459,0.002,-0.061,-0.465,0.558,-0.855,0.347,0.937,-0.775,0.632,0.718,0.845,0.667,-0.152,0.917,-0.801,-0.752,0.952,0.765,0.843,0.902,-0.777,0.638,0.056,0.03,-0.586,0.737,0.552,0.282,-0.136,-0.658,0.668,0.338,-0.601,-0.641,0.781,-0.333,0.892,0.829,0.463,0.529,-0.704,-0.309,-0.134,0.702,-0.632,-0.826,0.475,0.225,0.71,0.365,0.808,0.395,-0.089,0.886,-0.76,0.93,-0.768,0.867,0.112,0.938,0.715,-0.767,0.037,0.888,-0.648,-0.184,-0.489,0.673,-0.6,-0.513,0.927,0.559,0.239,0.655,0.916,-0.261,-0.891,-0.378,0.511,0.669,0.747,0.764,0.011,-0.407,0.402,-0.568,0.473,0.942,0.017,-0.485,0.367,0.892,-0.242,0.078,0.876,0.242,0.119,-0.664,-0.161,-0.759,-0.49,0.517,-0.14,0.614,0.556,0.798,0.539,-0.57,0.722,0.201,0.807,0.051,0.948,0.79,-0.199,0.515,0.855,0.958,-0.818,-0.428,0.941,0.222,0.664,0.546,0.402,0.758,-0.684,0.265,-0.103,-0.872,-0.815,0.588,-0.537,0.562,0.227,-0.015,-0.66,0.591,-0.459,0.837,-0.028,-0.403,-0.29,0.744,-0.13,0.317,0.442,-0.391,-0.753,-0.453,0.372,-0.574,-0.54,0.659,0.756
