,ABAT,ACLS,ACMR,ADMA,ADUS,ADVM,AEIS,AGNCM,AHCO,ALGT,ALLO,AMSF,ANAB,ANDE,APLS,APPF,ASML,ATRC,AVGO,AVT,AXDX,AXSM,AZN,BANR,BBIO,BCYC,BHFAP,BKR,BLDP,BLFS,BLKB,BLMN,BNTX,BPMC,CALM,CAMT,CASH,CATY,CCEP,CDLX,CDNS,CENN,CENX,CGC,CHDN,CLBK,COKE,COLB,COO,CORT,CRMT,CRNX,CRTO,CRVL,CSCO,CSQ,CSWI,CVBF,CWST,CYCC,CZR,DLTR,DORM,ENTA,EQIX,ERIC,EVRG,EWBC,EXAS,EXLS,EXPI,EYE,FBNC,FBRX,FCNCA,FELE,FIBK,FLEX,FRGT,FRHC,FRME,FWONA,FWONK,GDEN,GIII,GILD,GLNG,GNTX,GOOGL,GRPN,HCSG,HIMX,HOPE,HST,HTLD,HUT,HWC,ICUI,IESC,INTC,INTU,IOVA,IPAR,IPGP,ISRG,JBSS,KALU,KPRX,KRNT,LAUR,LBRDA,LBTYK,LECO,LILAK,LITE,MANH,MDXG,MFIC,MGEE,MIDD,MLAB,MMSI,MNKD,MOMO,MRVL,NICE,NMFC,NUWE,NVCR,NWBI,OFIX,OFLX,OMCL,OPK,ORKA,ORLY,OTTR,PDD,PNTG,POOL,POWL,PPBI,PPC,PRAA,PRPL,PZZA,QTRX,QURE,RDFN,RDHL,REAL,REG,REYN,RGLD,RIOT,RUN,RYTM,SAIA,SBAC,SBRA,SCVL,SHOO,SLAB,SLDB,SMCI,SMTC,SRCE,SSP,SSRM,STBA,STRO,SVC,SYBT,TCBI,TCOM,TENX,TH,TMUS,TNDM,TTD,TTMI,UAL,ULH,ULTA,VCYT,VIRT,VKTX,VOD,VRDN,VREX,VRNT,VSAT,WB,WBD,WDC,WEN,WSFS,XXII,Z,ZBRA
ABAT,0.0,0.462,-0.151,0.168,0.367,0.428,0.592,0.546,0.1,0.201,0.103,0.445,0.136,0.157,0.294,-0.436,0.132,-0.091,0.328,0.4,0.052,-0.043,0.202,0.333,0.2,0.039,0.075,0.042,0.309,0.456,0.431,0.505,-0.437,-0.176,0.068,0.186,-0.201,0.243,0.097,0.308,0.287,0.304,0.262,0.155,0.139,-0.029,0.414,0.244,0.342,0.524,0.396,0.34,0.164,0.165,0.146,0.26,0.367,0.311,0.067,0.237,0.23,-0.359,-0.057,0.278,0.225,0.306,0.142,0.022,0.371,0.366,0.213,0.377,0.326,0.174,0.498,0.551,0.146,0.396,0.13,0.368,0.27,0.314,0.315,0.062,0.371,0.051,0.147,-0.293,0.464,0.241,0.314,0.033,0.143,0.266,0.539,0.151,0.344,-0.165,0.119,0.072,0.269,0.303,0.211,0.188,0.208,-0.002,0.488,0.145,-0.253,-0.216,0.436,0.231,0.392,0.27,0.269,0.39,0.293,0.372,0.226,0.354,-0.207,0.446,0.455,0.326,-0.329,0.195,0.04,0.073,0.22,0.099,0.478,0.228,0.143,0.213,0.205,-0.358,0.24,0.071,0.123,0.412,0.191,0.344,0.331,0.623,0.009,0.148,0.378,-0.11,0.093,0.457,-0.126,0.308,-0.018,0.388,0.27,0.205,0.418,-0.046,0.318,0.17,0.127,0.168,0.228,0.328,0.205,0.113,0.456,0.343,0.5,0.237,0.581,0.42,-0.053,0.186,0.208,0.25,0.346,0.028,-0.124,0.256,0.21,0.183,0.209,0.167,0.41,-0.027,0.408,0.279,0.038,0.437,0.329,0.126,-0.454,0.155,0.173,0.017,0.406,0.169,0.126,0.45
ACLS,0.462,0.0,0.432,0.161,0.27,0.442,0.839,0.319,0.45,0.755,0.576,-0.075,0.547,-0.173,-0.116,-0.606,0.652,0.08,0.779,0.117,-0.235,0.506,-0.257,-0.011,0.413,0.595,0.418,0.677,0.367,0.637,0.586,0.607,-0.38,0.205,-0.066,0.881,0.178,0.732,0.541,0.793,0.754,0.544,0.728,-0.144,0.726,-0.417,-0.152,-0.252,0.311,0.441,-0.097,0.742,-0.14,0.49,0.279,0.436,-0.023,-0.212,0.371,0.769,0.867,-0.741,-0.44,0.776,0.285,0.685,-0.247,0.495,0.788,0.517,0.595,0.748,-0.121,-0.288,0.409,0.465,-0.369,0.81,0.452,0.298,-0.189,0.76,0.71,0.152,0.163,-0.406,0.772,-0.173,0.858,0.052,0.6,-0.247,-0.204,0.851,0.283,0.537,0.11,0.224,-0.313,0.617,0.657,0.697,-0.083,0.656,0.107,-0.545,0.159,0.475,0.377,0.283,0.113,0.717,0.067,0.208,0.565,0.705,0.019,0.537,-0.299,0.079,0.127,0.619,0.89,0.468,0.32,0.821,0.64,-0.3,0.1,-0.353,0.262,-0.312,0.686,0.145,0.765,-0.528,0.502,0.74,0.611,0.202,-0.148,0.171,0.796,0.604,-0.317,0.558,0.245,0.435,0.387,0.255,0.123,0.811,-0.652,0.06,-0.062,0.497,0.484,-0.429,0.024,0.538,-0.24,-0.179,-0.165,0.712,0.402,0.658,0.118,0.042,0.375,-0.216,0.657,0.536,0.348,-0.192,0.557,0.242,0.611,-0.494,0.278,-0.095,-0.207,0.302,-0.005,0.581,0.819,-0.331,0.725,-0.055,-0.299,0.677,0.764,-0.113,0.069,-0.137,0.078,-0.627,0.058,-0.177,0.051,0.687
ACMR,-0.151,0.432,0.0,-0.599,-0.476,-0.302,0.009,-0.273,0.538,0.686,0.634,-0.392,0.64,-0.607,-0.731,-0.03,0.793,0.57,0.63,-0.692,-0.538,0.686,-0.818,-0.776,0.359,0.819,0.674,0.74,-0.273,-0.111,-0.141,-0.328,-0.26,0.521,-0.113,0.607,0.663,0.76,0.531,0.579,0.741,-0.268,0.657,-0.721,0.841,-0.662,-0.595,-0.807,-0.015,-0.164,-0.796,0.632,-0.75,0.768,-0.319,-0.054,-0.559,-0.801,0.524,0.695,0.729,-0.587,-0.777,0.593,0.485,0.146,-0.58,-0.031,0.384,0.532,0.446,0.54,-0.718,-0.893,-0.162,-0.263,-0.806,0.356,0.309,-0.502,-0.82,0.447,0.303,-0.603,-0.496,-0.617,0.74,0.181,0.315,-0.692,0.546,-0.675,-0.739,0.496,-0.484,0.835,-0.62,0.877,-0.886,0.533,0.572,0.262,-0.478,0.672,0.049,-0.722,-0.411,0.24,0.767,0.668,-0.464,0.633,-0.757,-0.492,0.345,0.062,-0.332,-0.088,-0.397,-0.769,0.41,0.478,0.366,0.06,0.133,0.624,0.367,-0.485,-0.161,-0.889,-0.285,-0.764,0.835,-0.542,0.271,-0.403,0.809,0.702,0.817,0.047,-0.479,-0.563,0.697,0.03,-0.763,0.737,-0.371,0.925,-0.092,-0.153,0.041,0.534,-0.744,-0.343,-0.825,0.2,0.266,-0.232,0.114,0.592,-0.806,-0.764,-0.88,0.396,0.409,0.781,-0.554,-0.767,-0.254,-0.826,-0.142,-0.316,0.793,-0.85,0.528,-0.426,0.315,-0.832,0.918,-0.817,-0.803,-0.317,-0.707,-0.089,0.553,-0.823,0.503,-0.627,-0.828,0.432,0.148,-0.729,0.469,-0.747,-0.684,-0.782,-0.736,-0.73,-0.563,-0.014
ADMA,0.168,0.161,-0.599,0.0,0.768,0.71,0.539,0.302,-0.086,-0.162,-0.139,0.342,-0.201,0.689,0.757,-0.244,-0.515,-0.402,-0.3,0.745,0.519,-0.347,0.694,0.858,0.222,-0.461,-0.558,-0.403,0.777,0.56,0.508,0.752,0.184,-0.523,0.327,-0.036,-0.642,-0.269,-0.112,-0.07,-0.359,0.701,-0.292,0.828,-0.37,0.619,0.493,0.744,0.299,0.554,0.685,-0.059,0.679,-0.593,0.671,0.578,0.623,0.761,-0.489,-0.201,-0.165,0.311,0.614,-0.198,-0.252,0.411,0.578,0.504,0.226,-0.47,0.133,-0.177,0.753,0.697,0.537,0.562,0.587,0.077,-0.165,0.831,0.727,0.197,0.312,0.848,0.7,0.197,-0.154,-0.449,0.198,0.889,-0.18,0.631,0.7,-0.035,0.668,-0.513,0.813,-0.715,0.772,-0.262,-0.278,0.293,0.662,-0.199,0.17,0.531,0.562,-0.034,-0.567,-0.598,0.606,-0.063,0.766,0.781,0.117,0.396,0.569,0.515,0.288,0.791,-0.515,-0.234,0.169,0.464,0.152,-0.024,-0.017,0.464,0.502,0.655,0.502,0.594,-0.344,0.632,0.446,-0.025,-0.588,-0.048,-0.29,0.11,0.5,0.813,-0.29,0.163,0.699,-0.4,0.659,-0.67,0.653,0.452,-0.16,-0.085,0.369,0.43,0.846,0.345,0.087,-0.077,-0.101,-0.056,0.738,0.736,0.8,0.305,-0.152,-0.375,0.709,0.838,0.495,0.767,0.589,0.75,-0.615,0.757,0.07,0.759,0.299,0.646,-0.662,0.847,0.711,0.806,0.808,0.577,-0.001,0.663,-0.097,0.761,0.665,-0.091,0.362,0.812,-0.045,0.822,0.842,0.445,0.751,0.758,0.859,0.412
ADUS,0.367,0.27,-0.476,0.768,0.0,0.843,0.627,0.472,0.265,-0.024,0.123,0.663,0.009,0.752,0.822,-0.242,-0.347,-0.169,-0.247,0.755,0.452,-0.234,0.743,0.877,0.343,-0.323,-0.424,-0.353,0.807,0.715,0.651,0.793,-0.161,-0.568,0.443,-0.003,-0.61,-0.137,0.144,0.183,-0.146,0.693,-0.159,0.838,-0.231,0.605,0.735,0.764,0.647,0.835,0.722,0.191,0.57,-0.419,0.849,0.793,0.691,0.771,-0.306,0.031,-0.056,0.196,0.461,-0.032,0.027,0.681,0.743,0.467,0.404,-0.214,0.398,0.055,0.813,0.585,0.856,0.809,0.611,0.223,0.091,0.891,0.746,0.466,0.574,0.621,0.882,0.132,-0.01,-0.661,0.385,0.796,0.176,0.636,0.659,0.056,0.874,-0.2,0.833,-0.642,0.684,-0.275,-0.158,0.42,0.816,0.106,0.483,0.55,0.812,-0.097,-0.609,-0.682,0.851,0.195,0.773,0.904,0.5,0.639,0.744,0.674,0.589,0.803,-0.694,0.065,0.348,0.746,-0.084,0.174,0.077,0.576,0.768,0.524,0.792,0.53,-0.159,0.527,0.508,-0.334,-0.28,0.112,-0.016,0.509,0.668,0.897,-0.13,0.529,0.649,-0.202,0.751,-0.584,0.698,0.752,-0.459,0.083,0.337,0.684,0.825,0.543,0.389,-0.059,0.292,0.291,0.703,0.643,0.741,0.486,0.171,-0.178,0.858,0.797,0.765,0.764,0.789,0.847,-0.472,0.616,0.364,0.813,0.578,0.599,-0.52,0.773,0.721,0.822,0.835,0.506,0.262,0.422,0.191,0.842,0.539,0.174,0.506,0.717,0.061,0.805,0.755,0.455,0.778,0.644,0.818,0.608
ADVM,0.428,0.442,-0.302,0.71,0.843,0.0,0.726,0.625,0.293,0.274,0.262,0.532,0.26,0.556,0.618,-0.274,-0.126,-0.054,0.024,0.622,0.385,0.05,0.496,0.702,0.494,-0.07,-0.127,-0.128,0.842,0.774,0.753,0.835,-0.199,-0.366,0.268,0.222,-0.402,0.013,0.159,0.366,0.106,0.689,0.07,0.642,0.031,0.444,0.663,0.573,0.572,0.806,0.64,0.331,0.451,-0.152,0.67,0.773,0.539,0.604,-0.057,0.185,0.175,-0.038,0.309,0.199,0.137,0.712,0.519,0.432,0.599,-0.01,0.525,0.347,0.679,0.471,0.803,0.795,0.342,0.294,0.189,0.866,0.543,0.596,0.709,0.501,0.795,0.061,0.162,-0.565,0.565,0.688,0.228,0.411,0.473,0.303,0.805,-0.061,0.709,-0.459,0.482,-0.024,0.039,0.583,0.628,0.128,0.385,0.316,0.654,0.12,-0.388,-0.443,0.738,0.316,0.631,0.751,0.565,0.59,0.626,0.599,0.401,0.665,-0.515,0.27,0.536,0.734,0.069,0.328,0.177,0.347,0.703,0.356,0.766,0.331,0.065,0.642,0.653,-0.364,-0.066,0.326,0.183,0.439,0.446,0.75,0.114,0.53,0.492,0.008,0.73,-0.379,0.735,0.725,-0.249,0.283,0.058,0.487,0.674,0.73,0.618,-0.068,0.244,0.392,0.539,0.531,0.574,0.636,0.333,0.017,0.716,0.743,0.692,0.553,0.864,0.838,-0.348,0.463,0.491,0.768,0.612,0.372,-0.399,0.658,0.483,0.768,0.661,0.624,0.482,0.204,0.455,0.627,0.36,0.403,0.63,0.651,0.091,0.66,0.618,0.226,0.634,0.472,0.741,0.67
AEIS,0.592,0.839,0.009,0.539,0.627,0.726,0.0,0.512,0.296,0.499,0.372,0.234,0.306,0.203,0.296,-0.636,0.279,-0.169,0.483,0.493,0.061,0.233,0.2,0.445,0.439,0.236,0.101,0.319,0.683,0.81,0.764,0.87,-0.371,-0.107,0.094,0.626,-0.195,0.457,0.375,0.653,0.471,0.767,0.484,0.308,0.38,-0.037,0.257,0.2,0.493,0.692,0.368,0.585,0.237,0.136,0.554,0.645,0.308,0.254,0.124,0.531,0.578,-0.483,-0.08,0.535,0.161,0.774,0.134,0.562,0.764,0.261,0.571,0.541,0.329,0.15,0.676,0.715,0.035,0.72,0.37,0.667,0.227,0.729,0.745,0.425,0.569,-0.179,0.527,-0.416,0.81,0.479,0.459,0.16,0.171,0.66,0.64,0.197,0.497,-0.226,0.124,0.356,0.367,0.701,0.277,0.425,0.198,-0.146,0.523,0.385,-0.052,-0.11,0.489,0.529,0.467,0.553,0.534,0.766,0.328,0.658,-0.012,0.488,-0.233,0.473,0.8,0.666,0.183,0.63,0.49,0.028,0.364,0.053,0.548,0.132,0.348,0.416,0.806,-0.499,0.191,0.572,0.368,0.361,0.195,0.529,0.511,0.718,0.102,0.324,0.556,-0.019,0.597,0.548,-0.029,0.599,-0.284,0.316,0.391,0.614,0.516,-0.323,0.083,0.43,0.22,0.209,0.303,0.72,0.353,0.339,0.515,0.477,0.597,0.229,0.87,0.811,-0.018,0.226,0.528,0.602,0.679,-0.051,-0.126,0.365,0.219,0.582,0.396,0.66,0.696,-0.012,0.616,0.359,0.075,0.584,0.778,0.29,-0.0,0.32,0.432,-0.26,0.447,0.209,0.415,0.809
AGNCM,0.546,0.319,-0.273,0.302,0.472,0.625,0.512,0.0,0.069,0.21,0.077,0.318,0.115,0.212,0.337,-0.329,-0.014,-0.148,0.138,0.415,0.22,0.105,0.303,0.39,0.211,-0.006,0.114,-0.056,0.344,0.567,0.529,0.6,-0.249,-0.158,-0.057,0.129,-0.169,-0.03,-0.1,0.262,0.169,0.446,0.101,0.264,0.071,0.104,0.515,0.308,0.274,0.461,0.552,0.127,0.271,0.077,0.25,0.335,0.223,0.365,0.129,0.137,0.151,-0.219,0.122,0.195,0.104,0.354,0.239,0.128,0.416,0.209,0.244,0.427,0.412,0.405,0.485,0.543,0.114,0.218,0.147,0.492,0.277,0.321,0.374,0.203,0.475,0.181,0.014,-0.308,0.376,0.372,0.083,0.064,0.268,0.252,0.523,-0.051,0.385,-0.285,0.222,-0.008,0.18,0.419,0.191,-0.103,0.123,0.04,0.37,0.225,-0.241,-0.169,0.433,0.108,0.448,0.333,0.226,0.248,0.296,0.277,0.219,0.463,-0.232,0.305,0.354,0.355,-0.124,0.127,0.088,0.053,0.292,0.207,0.499,0.291,0.069,0.557,0.343,-0.096,0.09,0.102,0.008,0.337,0.025,0.391,0.238,0.572,0.191,0.126,0.423,-0.252,0.287,0.473,0.019,0.296,-0.078,0.055,0.428,0.349,0.476,-0.15,0.196,0.138,0.355,0.298,0.38,0.321,0.282,0.033,0.414,0.548,0.29,0.297,0.583,0.461,-0.246,0.283,0.22,0.319,0.274,0.129,-0.311,0.385,0.217,0.279,0.302,0.409,0.376,0.013,0.465,0.268,0.184,0.438,0.433,0.383,-0.24,0.332,0.34,0.109,0.372,0.15,0.293,0.425
AHCO,0.1,0.45,0.538,-0.086,0.265,0.293,0.296,0.069,0.0,0.608,0.78,0.099,0.696,-0.059,0.007,-0.202,0.492,0.543,0.362,-0.23,-0.199,0.488,-0.158,-0.104,0.527,0.596,0.308,0.329,0.313,0.284,0.259,0.115,-0.403,0.141,0.478,0.487,0.074,0.503,0.768,0.629,0.586,0.026,0.443,-0.04,0.607,-0.194,0.076,-0.198,0.531,0.416,-0.272,0.777,-0.47,0.462,0.264,0.533,-0.054,-0.17,0.221,0.702,0.573,-0.338,-0.496,0.571,0.737,0.525,-0.011,0.181,0.631,0.51,0.788,0.589,-0.098,-0.477,0.453,0.394,-0.324,0.54,0.28,0.125,-0.171,0.736,0.714,-0.231,0.216,-0.209,0.673,-0.33,0.562,-0.207,0.629,-0.251,-0.223,0.399,0.232,0.695,-0.016,0.393,-0.351,0.146,0.358,0.595,0.218,0.66,0.69,-0.257,0.215,0.248,0.236,0.055,0.156,0.775,-0.218,0.118,0.777,0.417,0.275,0.309,0.256,-0.242,-0.056,0.582,0.44,0.548,-0.124,0.492,0.286,-0.143,0.48,-0.535,0.456,-0.301,0.653,-0.114,0.451,-0.627,0.548,0.626,0.7,0.486,-0.027,0.08,0.501,0.408,-0.354,0.597,0.256,0.451,0.414,0.439,-0.452,0.635,-0.408,0.221,-0.205,0.517,0.619,-0.025,0.657,0.702,-0.27,-0.355,-0.324,0.666,0.602,0.657,0.089,-0.112,0.386,-0.247,0.426,0.227,0.491,-0.428,0.76,0.077,0.666,-0.327,0.586,-0.262,-0.242,0.189,-0.096,0.166,0.694,-0.492,0.628,0.03,-0.506,0.663,0.555,-0.162,0.498,-0.037,-0.186,-0.281,-0.138,-0.321,0.049,0.361
ALGT,0.201,0.755,0.686,-0.162,-0.024,0.274,0.499,0.21,0.608,0.0,0.725,-0.282,0.832,-0.414,-0.404,-0.284,0.804,0.497,0.799,-0.367,-0.34,0.823,-0.566,-0.369,0.516,0.861,0.731,0.777,0.19,0.277,0.413,0.261,-0.343,0.515,-0.099,0.861,0.509,0.757,0.607,0.836,0.856,0.096,0.814,-0.422,0.922,-0.526,-0.288,-0.52,0.141,0.131,-0.348,0.773,-0.509,0.764,-0.041,0.262,-0.353,-0.487,0.551,0.844,0.907,-0.723,-0.658,0.854,0.527,0.429,-0.491,0.302,0.761,0.659,0.702,0.836,-0.361,-0.566,0.151,0.178,-0.695,0.663,0.401,0.019,-0.47,0.716,0.669,-0.216,-0.056,-0.352,0.876,0.056,0.761,-0.305,0.567,-0.547,-0.418,0.828,-0.031,0.706,-0.183,0.561,-0.617,0.649,0.714,0.715,-0.271,0.565,0.185,-0.683,-0.142,0.63,0.651,0.557,-0.19,0.778,-0.349,-0.176,0.606,0.351,-0.182,0.216,-0.369,-0.375,0.383,0.743,0.696,0.308,0.277,0.694,0.61,-0.564,0.051,-0.632,0.159,-0.497,0.858,0.071,0.639,-0.46,0.674,0.846,0.781,0.042,-0.409,-0.153,0.855,0.43,-0.559,0.793,0.087,0.724,0.329,0.094,0.216,0.881,-0.844,-0.224,-0.413,0.528,0.59,-0.211,0.173,0.636,-0.448,-0.473,-0.513,0.687,0.596,0.837,-0.166,-0.202,0.129,-0.54,0.397,0.243,0.647,-0.534,0.66,-0.071,0.498,-0.701,0.597,-0.414,-0.606,0.095,-0.365,0.354,0.821,-0.593,0.809,-0.39,-0.642,0.815,0.703,-0.299,0.307,-0.327,-0.317,-0.691,-0.261,-0.486,-0.165,0.422
ALLO,0.103,0.576,0.634,-0.139,0.123,0.262,0.372,0.077,0.78,0.725,0.0,-0.067,0.829,-0.234,-0.255,-0.157,0.714,0.65,0.603,-0.361,-0.13,0.725,-0.338,-0.246,0.633,0.754,0.555,0.629,0.242,0.203,0.437,0.109,-0.351,0.445,0.135,0.656,0.34,0.676,0.76,0.822,0.751,-0.026,0.71,-0.249,0.758,-0.332,-0.093,-0.376,0.382,0.313,-0.4,0.778,-0.52,0.666,0.155,0.39,-0.222,-0.336,0.534,0.809,0.71,-0.516,-0.58,0.769,0.664,0.524,-0.245,0.226,0.735,0.575,0.812,0.612,-0.195,-0.586,0.317,0.294,-0.468,0.631,0.441,0.038,-0.316,0.75,0.693,-0.292,0.157,-0.315,0.816,-0.049,0.588,-0.35,0.707,-0.273,-0.325,0.576,0.149,0.778,-0.147,0.446,-0.479,0.426,0.47,0.645,0.015,0.702,0.379,-0.433,0.072,0.397,0.509,0.298,-0.019,0.734,-0.39,0.006,0.752,0.471,0.014,0.358,-0.027,-0.313,0.188,0.737,0.61,0.439,0.132,0.637,0.545,-0.328,0.309,-0.554,0.37,-0.529,0.788,-0.022,0.558,-0.677,0.651,0.72,0.814,0.266,-0.139,-0.035,0.682,0.412,-0.445,0.72,0.208,0.628,0.449,0.233,-0.177,0.704,-0.549,0.073,-0.329,0.593,0.704,0.033,0.418,0.644,-0.359,-0.418,-0.407,0.741,0.732,0.826,0.011,-0.223,0.307,-0.393,0.424,0.212,0.677,-0.581,0.681,0.009,0.535,-0.527,0.57,-0.364,-0.458,0.067,-0.272,0.152,0.795,-0.56,0.765,-0.224,-0.615,0.739,0.568,-0.257,0.468,-0.212,-0.316,-0.525,-0.21,-0.438,-0.006,0.456
AMSF,0.445,-0.075,-0.392,0.342,0.663,0.532,0.234,0.318,0.099,-0.282,-0.067,0.0,-0.138,0.689,0.664,0.043,-0.421,-0.087,-0.398,0.65,0.418,-0.444,0.584,0.641,0.187,-0.483,-0.404,-0.509,0.484,0.496,0.229,0.38,-0.248,-0.738,0.346,-0.39,-0.495,-0.224,-0.151,-0.066,-0.222,0.327,-0.313,0.644,-0.41,0.581,0.843,0.709,0.63,0.736,0.637,0.014,0.522,-0.41,0.555,0.553,0.724,0.712,-0.198,-0.213,-0.337,0.299,0.447,-0.303,-0.012,0.445,0.827,-0.083,0.035,-0.202,0.099,-0.097,0.666,0.505,0.76,0.601,0.694,-0.193,0.129,0.588,0.578,0.183,0.264,0.161,0.635,0.067,-0.315,-0.683,0.094,0.558,0.212,0.562,0.451,-0.246,0.712,-0.121,0.559,-0.422,0.569,-0.386,-0.214,-0.043,0.702,0.113,0.438,0.662,0.802,-0.501,-0.735,-0.71,0.846,-0.023,0.603,0.701,0.359,0.406,0.763,0.448,0.841,0.607,-0.836,-0.015,0.146,0.614,-0.442,0.066,-0.239,0.781,0.692,0.449,0.631,0.449,-0.305,0.096,0.052,-0.285,-0.052,-0.106,-0.011,0.706,0.782,0.62,-0.302,0.349,0.598,-0.327,0.41,-0.575,0.17,0.749,-0.627,-0.273,0.544,0.822,0.61,0.352,0.267,0.005,0.414,0.286,0.521,0.53,0.546,0.16,0.047,-0.387,0.738,0.443,0.668,0.65,0.459,0.442,-0.493,0.507,0.273,0.602,0.414,0.614,-0.403,0.566,0.683,0.478,0.623,0.041,0.03,0.209,0.011,0.733,0.497,-0.07,-0.029,0.399,-0.041,0.492,0.438,0.557,0.528,0.55,0.458,0.294
ANAB,0.136,0.547,0.64,-0.201,0.009,0.26,0.306,0.115,0.696,0.832,0.829,-0.138,0.0,-0.319,-0.304,-0.097,0.694,0.712,0.65,-0.431,-0.227,0.784,-0.47,-0.341,0.592,0.815,0.633,0.609,0.15,0.131,0.411,0.091,-0.29,0.492,0.055,0.675,0.433,0.633,0.683,0.75,0.776,-0.094,0.682,-0.347,0.822,-0.344,-0.133,-0.436,0.326,0.178,-0.391,0.729,-0.591,0.751,-0.025,0.298,-0.29,-0.404,0.523,0.821,0.758,-0.543,-0.62,0.77,0.702,0.374,-0.342,0.157,0.746,0.602,0.744,0.727,-0.247,-0.611,0.199,0.226,-0.629,0.527,0.309,-0.002,-0.39,0.696,0.645,-0.309,-0.01,-0.239,0.797,0.026,0.589,-0.381,0.62,-0.465,-0.368,0.572,0.042,0.759,-0.19,0.555,-0.537,0.434,0.577,0.704,-0.082,0.53,0.327,-0.493,-0.111,0.455,0.571,0.401,-0.111,0.694,-0.402,-0.132,0.667,0.302,-0.031,0.212,-0.114,-0.42,0.287,0.745,0.528,0.326,0.128,0.549,0.435,-0.453,0.226,-0.631,0.295,-0.553,0.81,0.065,0.526,-0.511,0.677,0.713,0.766,0.165,-0.289,-0.12,0.725,0.339,-0.514,0.737,0.152,0.668,0.391,0.18,-0.044,0.755,-0.676,-0.088,-0.411,0.514,0.688,0.042,0.384,0.673,-0.407,-0.455,-0.49,0.721,0.687,0.798,-0.124,-0.212,0.193,-0.47,0.355,0.114,0.625,-0.594,0.677,-0.072,0.499,-0.584,0.612,-0.393,-0.569,0.033,-0.363,0.204,0.774,-0.602,0.78,-0.315,-0.663,0.778,0.582,-0.247,0.392,-0.267,-0.37,-0.517,-0.276,-0.479,-0.091,0.38
ANDE,0.157,-0.173,-0.607,0.689,0.752,0.556,0.203,0.212,-0.059,-0.414,-0.234,0.689,-0.319,0.0,0.8,0.147,-0.717,-0.234,-0.62,0.779,0.685,-0.537,0.753,0.838,0.17,-0.691,-0.707,-0.662,0.576,0.35,0.179,0.494,0.265,-0.77,0.384,-0.425,-0.596,-0.337,-0.247,-0.332,-0.56,0.465,-0.537,0.88,-0.617,0.868,0.684,0.91,0.378,0.585,0.687,-0.255,0.791,-0.759,0.675,0.594,0.873,0.874,-0.508,-0.424,-0.476,0.647,0.795,-0.519,-0.332,0.302,0.833,0.393,-0.053,-0.624,-0.029,-0.376,0.862,0.712,0.591,0.496,0.814,-0.282,-0.311,0.729,0.826,-0.022,0.12,0.646,0.639,0.151,-0.422,-0.518,-0.06,0.828,-0.176,0.744,0.845,-0.401,0.642,-0.522,0.854,-0.698,0.83,-0.467,-0.447,-0.017,0.847,-0.125,0.269,0.863,0.734,-0.483,-0.759,-0.767,0.745,-0.235,0.774,0.794,0.168,0.279,0.743,0.474,0.665,0.75,-0.817,-0.405,-0.078,0.464,-0.067,-0.165,-0.248,0.808,0.692,0.743,0.494,0.592,-0.487,0.419,0.137,0.059,-0.544,-0.281,-0.326,0.336,0.776,0.87,-0.59,0.04,0.864,-0.627,0.55,-0.771,0.436,0.531,-0.411,-0.454,0.651,0.655,0.822,0.185,0.046,0.072,0.029,0.035,0.747,0.834,0.769,0.128,-0.247,-0.619,0.787,0.683,0.467,0.881,0.337,0.536,-0.635,0.779,0.028,0.671,0.298,0.85,-0.613,0.823,0.84,0.743,0.838,0.252,-0.258,0.648,-0.329,0.875,0.771,-0.325,-0.011,0.777,-0.001,0.782,0.783,0.73,0.777,0.867,0.779,0.238
APLS,0.294,-0.116,-0.731,0.757,0.822,0.618,0.296,0.337,0.007,-0.404,-0.255,0.664,-0.304,0.8,0.0,-0.075,-0.695,-0.367,-0.57,0.805,0.491,-0.615,0.905,0.928,0.071,-0.646,-0.727,-0.741,0.648,0.488,0.346,0.584,0.032,-0.774,0.561,-0.387,-0.867,-0.484,-0.153,-0.239,-0.507,0.522,-0.554,0.933,-0.582,0.751,0.776,0.919,0.503,0.643,0.825,-0.144,0.642,-0.694,0.666,0.575,0.771,0.922,-0.646,-0.334,-0.424,0.467,0.654,-0.406,-0.09,0.323,0.849,0.192,0.036,-0.439,0.054,-0.273,0.858,0.761,0.672,0.652,0.79,-0.118,-0.278,0.78,0.857,0.086,0.208,0.659,0.774,0.278,-0.404,-0.651,0.042,0.827,-0.093,0.687,0.746,-0.381,0.784,-0.48,0.838,-0.796,0.866,-0.64,-0.455,0.115,0.858,-0.225,0.48,0.751,0.717,-0.344,-0.865,-0.9,0.802,-0.143,0.827,0.817,0.174,0.308,0.802,0.431,0.712,0.838,-0.742,-0.288,-0.064,0.513,-0.295,-0.242,-0.342,0.696,0.686,0.67,0.652,0.766,-0.509,0.452,0.132,-0.055,-0.579,-0.286,-0.401,0.414,0.669,0.836,-0.503,0.213,0.763,-0.51,0.635,-0.83,0.466,0.655,-0.511,-0.255,0.636,0.651,0.899,0.184,0.058,0.045,0.281,-0.049,0.782,0.722,0.877,0.13,-0.169,-0.538,0.803,0.849,0.605,0.922,0.531,0.594,-0.721,0.799,0.071,0.696,0.298,0.847,-0.651,0.882,0.895,0.702,0.858,0.325,-0.129,0.664,-0.192,0.933,0.708,-0.166,0.177,0.756,-0.145,0.867,0.763,0.76,0.777,0.781,0.797,0.294
APPF,-0.436,-0.606,-0.03,-0.244,-0.242,-0.274,-0.636,-0.329,-0.202,-0.284,-0.157,0.043,-0.097,0.147,-0.075,0.0,-0.331,0.426,-0.506,-0.214,0.091,-0.182,-0.025,-0.148,0.034,-0.256,-0.107,-0.349,-0.316,-0.55,-0.41,-0.444,0.439,-0.082,-0.066,-0.507,0.19,-0.329,-0.225,-0.389,-0.407,-0.483,-0.451,-0.01,-0.311,0.385,-0.019,0.098,-0.179,-0.269,-0.143,-0.409,0.007,-0.205,-0.213,-0.2,0.051,-0.005,-0.127,-0.379,-0.438,0.556,0.293,-0.517,-0.164,-0.36,0.173,-0.254,-0.403,-0.426,-0.232,-0.429,0.05,-0.034,-0.29,-0.356,0.089,-0.636,-0.37,-0.299,0.018,-0.407,-0.388,-0.154,-0.167,-0.163,-0.365,0.289,-0.576,-0.183,-0.239,0.152,0.108,-0.573,-0.362,-0.128,-0.076,0.056,0.085,-0.356,-0.355,-0.402,0.126,-0.162,-0.009,0.367,-0.241,-0.525,-0.056,-0.089,-0.148,-0.425,-0.228,-0.2,-0.102,-0.44,0.035,-0.279,0.213,-0.211,-0.085,-0.327,-0.537,-0.267,-0.025,-0.332,-0.331,0.275,0.151,0.067,-0.258,-0.097,-0.154,-0.177,-0.41,0.3,-0.162,-0.325,-0.16,-0.177,0.11,-0.133,-0.443,-0.566,0.255,-0.299,-0.288,-0.092,-0.098,-0.228,-0.022,-0.528,0.294,-0.093,-0.13,-0.196,-0.219,0.304,-0.059,-0.063,0.012,0.09,-0.057,-0.302,-0.171,-0.282,-0.136,-0.21,-0.363,0.046,-0.533,-0.397,-0.018,-0.1,-0.208,-0.227,-0.27,0.232,-0.004,-0.053,-0.024,-0.031,-0.119,-0.353,-0.447,0.146,-0.421,-0.081,0.057,-0.422,-0.511,-0.013,0.199,-0.071,-0.172,0.39,-0.163,0.112,0.019,-0.421
ASML,0.132,0.652,0.793,-0.515,-0.347,-0.126,0.279,-0.014,0.492,0.804,0.714,-0.421,0.694,-0.717,-0.695,-0.331,0.0,0.467,0.906,-0.593,-0.522,0.823,-0.723,-0.652,0.244,0.927,0.84,0.923,-0.15,0.036,0.207,-0.108,-0.454,0.722,-0.239,0.815,0.633,0.765,0.641,0.782,0.924,-0.177,0.906,-0.722,0.918,-0.826,-0.499,-0.811,0.003,-0.095,-0.626,0.729,-0.71,0.906,-0.27,-0.063,-0.595,-0.772,0.735,0.825,0.838,-0.836,-0.883,0.895,0.529,0.259,-0.71,0.045,0.525,0.827,0.518,0.737,-0.674,-0.783,-0.103,-0.077,-0.78,0.71,0.581,-0.347,-0.711,0.534,0.428,-0.545,-0.303,-0.354,0.844,0.241,0.59,-0.663,0.626,-0.636,-0.736,0.786,-0.248,0.835,-0.561,0.714,-0.845,0.764,0.724,0.423,-0.57,0.639,-0.005,-0.866,-0.306,0.626,0.813,0.722,-0.408,0.683,-0.623,-0.439,0.426,0.269,-0.485,0.024,-0.494,-0.596,0.602,0.775,0.611,0.044,0.224,0.637,0.623,-0.707,-0.295,-0.792,-0.079,-0.715,0.824,-0.274,0.335,-0.483,0.812,0.706,0.77,-0.011,-0.521,-0.504,0.881,0.377,-0.815,0.86,-0.21,0.9,-0.042,-0.165,0.24,0.803,-0.824,-0.28,-0.694,0.292,0.419,-0.112,0.168,0.449,-0.702,-0.76,-0.73,0.411,0.593,0.921,-0.44,-0.561,-0.004,-0.802,0.15,-0.071,0.847,-0.787,0.437,-0.343,0.23,-0.908,0.731,-0.715,-0.775,-0.377,-0.628,0.006,0.714,-0.788,0.741,-0.657,-0.83,0.726,0.444,-0.651,0.209,-0.642,-0.612,-0.875,-0.539,-0.781,-0.527,0.293
ATRC,-0.091,0.08,0.57,-0.402,-0.169,-0.054,-0.169,-0.148,0.543,0.497,0.65,-0.087,0.712,-0.234,-0.367,0.426,0.467,0.0,0.288,-0.597,-0.109,0.568,-0.458,-0.424,0.49,0.549,0.503,0.332,-0.069,-0.295,0.052,-0.297,-0.125,0.436,0.053,0.291,0.508,0.382,0.514,0.424,0.429,-0.488,0.363,-0.355,0.531,-0.129,-0.123,-0.371,0.136,-0.035,-0.471,0.435,-0.536,0.576,-0.183,0.066,-0.273,-0.391,0.42,0.44,0.343,-0.104,-0.411,0.38,0.554,0.036,-0.251,-0.102,0.292,0.352,0.494,0.319,-0.23,-0.623,-0.037,-0.084,-0.492,0.149,0.1,-0.263,-0.349,0.33,0.286,-0.503,-0.143,-0.249,0.467,0.236,0.133,-0.536,0.405,-0.359,-0.314,0.167,-0.211,0.648,-0.292,0.572,-0.46,0.215,0.351,0.248,-0.024,0.408,0.32,-0.222,-0.201,0.137,0.487,0.318,-0.216,0.383,-0.548,-0.289,0.506,-0.016,-0.081,-0.048,0.058,-0.561,0.264,0.515,0.1,0.063,0.025,0.225,0.138,-0.255,0.218,-0.55,0.091,-0.534,0.596,-0.208,0.097,-0.343,0.505,0.402,0.599,0.061,-0.174,-0.244,0.346,-0.005,-0.353,0.471,0.01,0.566,0.197,-0.028,-0.095,0.328,-0.365,-0.079,-0.495,0.286,0.438,0.316,0.389,0.515,-0.368,-0.377,-0.522,0.376,0.533,0.566,-0.212,-0.393,-0.011,-0.436,-0.049,-0.163,0.626,-0.648,0.421,-0.292,0.248,-0.395,0.59,-0.447,-0.555,-0.126,-0.447,-0.243,0.391,-0.511,0.393,-0.353,-0.617,0.421,0.122,-0.294,0.426,-0.307,-0.527,-0.271,-0.375,-0.425,-0.153,-0.019
AVGO,0.328,0.779,0.63,-0.3,-0.247,0.024,0.483,0.138,0.362,0.799,0.603,-0.398,0.65,-0.62,-0.57,-0.506,0.906,0.288,0.0,-0.381,-0.407,0.756,-0.651,-0.483,0.231,0.851,0.751,0.902,-0.048,0.171,0.336,0.138,-0.378,0.663,-0.334,0.865,0.543,0.78,0.519,0.759,0.908,0.024,0.907,-0.618,0.872,-0.758,-0.446,-0.673,0.025,-0.031,-0.447,0.664,-0.508,0.824,-0.221,-0.024,-0.449,-0.618,0.677,0.8,0.871,-0.872,-0.754,0.902,0.407,0.26,-0.695,0.156,0.624,0.763,0.44,0.768,-0.527,-0.621,-0.056,0.074,-0.718,0.748,0.496,-0.153,-0.568,0.511,0.427,-0.311,-0.243,-0.236,0.805,0.233,0.688,-0.453,0.506,-0.599,-0.564,0.837,-0.113,0.681,-0.369,0.573,-0.693,0.806,0.767,0.542,-0.532,0.514,-0.093,-0.843,-0.232,0.692,0.747,0.688,-0.346,0.625,-0.378,-0.333,0.348,0.33,-0.431,0.119,-0.564,-0.384,0.568,0.762,0.683,0.031,0.304,0.632,0.645,-0.718,-0.309,-0.631,-0.01,-0.603,0.752,-0.017,0.459,-0.377,0.701,0.647,0.623,-0.064,-0.526,-0.344,0.891,0.424,-0.717,0.758,-0.074,0.76,0.025,-0.136,0.383,0.827,-0.832,-0.27,-0.505,0.254,0.419,-0.18,0.016,0.34,-0.575,-0.56,-0.557,0.458,0.48,0.819,-0.318,-0.34,0.047,-0.658,0.287,0.07,0.67,-0.573,0.358,-0.237,0.226,-0.837,0.541,-0.517,-0.662,-0.241,-0.522,0.181,0.718,-0.626,0.73,-0.564,-0.669,0.745,0.551,-0.464,-0.0,-0.529,-0.422,-0.868,-0.321,-0.6,-0.419,0.401
AVT,0.4,0.117,-0.692,0.745,0.755,0.622,0.493,0.415,-0.23,-0.367,-0.361,0.65,-0.431,0.779,0.805,-0.214,-0.593,-0.597,-0.381,0.0,0.508,-0.59,0.761,0.878,-0.04,-0.659,-0.654,-0.515,0.559,0.635,0.323,0.742,0.116,-0.775,0.196,-0.243,-0.672,-0.295,-0.321,-0.222,-0.391,0.752,-0.404,0.812,-0.544,0.619,0.629,0.846,0.398,0.652,0.819,-0.218,0.852,-0.698,0.677,0.526,0.841,0.844,-0.437,-0.339,-0.293,0.3,0.699,-0.363,-0.439,0.432,0.745,0.364,0.046,-0.457,-0.125,-0.189,0.772,0.815,0.631,0.651,0.789,-0.076,-0.103,0.8,0.792,0.035,0.151,0.763,0.651,0.157,-0.395,-0.574,0.159,0.905,-0.099,0.681,0.735,-0.149,0.75,-0.547,0.843,-0.776,0.815,-0.31,-0.278,0.047,0.658,-0.112,0.101,0.629,0.723,-0.339,-0.757,-0.7,0.758,-0.215,0.939,0.843,0.06,0.474,0.655,0.56,0.479,0.939,-0.735,-0.303,0.17,0.458,-0.01,0.005,-0.095,0.687,0.469,0.747,0.475,0.64,-0.49,0.485,0.219,0.067,-0.48,-0.24,-0.39,0.333,0.674,0.83,-0.38,0.25,0.782,-0.575,0.485,-0.801,0.306,0.538,-0.217,-0.264,0.501,0.594,0.897,0.154,-0.032,-0.186,-0.112,-0.08,0.737,0.815,0.85,0.083,-0.318,-0.583,0.795,0.774,0.526,0.857,0.528,0.663,-0.743,0.883,-0.045,0.745,0.269,0.724,-0.749,0.867,0.899,0.705,0.882,0.49,-0.133,0.659,-0.202,0.834,0.83,-0.214,0.16,0.709,-0.273,0.7,0.864,0.547,0.818,0.837,0.676,0.444
AXDX,0.052,-0.235,-0.538,0.519,0.452,0.385,0.061,0.22,-0.199,-0.34,-0.13,0.418,-0.227,0.685,0.491,0.091,-0.522,-0.109,-0.407,0.508,0.0,-0.258,0.475,0.589,0.073,-0.53,-0.463,-0.432,0.393,0.107,0.137,0.314,0.389,-0.37,0.106,-0.333,-0.304,-0.232,-0.351,-0.314,-0.425,0.209,-0.334,0.591,-0.493,0.684,0.477,0.656,0.118,0.277,0.523,-0.345,0.651,-0.54,0.432,0.361,0.595,0.67,-0.129,-0.438,-0.427,0.55,0.675,-0.345,-0.363,0.048,0.465,0.316,-0.131,-0.483,-0.114,-0.375,0.648,0.59,0.286,0.282,0.617,-0.309,-0.241,0.547,0.664,-0.149,-0.009,0.482,0.435,0.362,-0.386,-0.217,-0.073,0.575,-0.219,0.547,0.732,-0.251,0.496,-0.511,0.625,-0.543,0.632,-0.19,-0.312,-0.073,0.536,-0.275,-0.02,0.665,0.516,-0.175,-0.453,-0.398,0.394,-0.349,0.495,0.554,-0.016,0.116,0.367,0.38,0.391,0.523,-0.436,-0.296,-0.096,0.205,0.141,-0.247,-0.078,0.456,0.36,0.696,0.412,0.398,-0.452,0.518,0.0,0.218,-0.497,-0.282,-0.337,-0.015,0.518,0.653,-0.507,-0.062,0.667,-0.52,0.494,-0.58,0.315,0.221,-0.097,-0.381,0.471,0.366,0.627,0.103,0.035,0.355,-0.131,-0.176,0.672,0.7,0.587,0.006,-0.189,-0.521,0.587,0.549,0.268,0.635,0.222,0.398,-0.42,0.62,-0.151,0.442,-0.012,0.642,-0.524,0.644,0.544,0.427,0.58,0.145,-0.308,0.538,-0.282,0.536,0.633,-0.24,-0.061,0.717,-0.028,0.597,0.523,0.515,0.63,0.657,0.613,0.169
AXSM,-0.043,0.506,0.686,-0.347,-0.234,0.05,0.233,0.105,0.488,0.823,0.725,-0.444,0.784,-0.537,-0.615,-0.182,0.823,0.568,0.756,-0.59,-0.258,0.0,-0.655,-0.536,0.427,0.874,0.814,0.81,-0.02,-0.014,0.312,-0.047,-0.242,0.765,-0.276,0.746,0.684,0.677,0.558,0.728,0.794,-0.183,0.829,-0.565,0.848,-0.564,-0.369,-0.658,-0.015,-0.098,-0.502,0.596,-0.579,0.817,-0.203,0.066,-0.565,-0.626,0.726,0.752,0.74,-0.607,-0.688,0.808,0.498,0.223,-0.633,0.223,0.6,0.654,0.612,0.727,-0.464,-0.658,-0.087,-0.067,-0.755,0.559,0.447,-0.172,-0.563,0.54,0.501,-0.415,-0.186,-0.181,0.794,0.293,0.52,-0.513,0.453,-0.504,-0.489,0.716,-0.205,0.68,-0.39,0.596,-0.705,0.704,0.611,0.569,-0.429,0.415,-0.051,-0.685,-0.292,0.709,0.797,0.709,-0.368,0.59,-0.573,-0.37,0.419,0.125,-0.417,0.025,-0.456,-0.555,0.535,0.698,0.497,0.085,0.364,0.512,0.611,-0.673,-0.135,-0.636,0.037,-0.675,0.75,0.028,0.449,-0.318,0.659,0.713,0.715,-0.101,-0.523,-0.356,0.77,0.305,-0.613,0.794,-0.018,0.78,0.227,-0.118,0.275,0.729,-0.786,-0.371,-0.552,0.422,0.547,0.074,0.101,0.485,-0.489,-0.554,-0.602,0.514,0.7,0.821,-0.362,-0.373,-0.07,-0.676,0.157,-0.005,0.755,-0.668,0.471,-0.25,0.234,-0.741,0.607,-0.546,-0.753,-0.227,-0.527,0.153,0.665,-0.68,0.739,-0.591,-0.733,0.733,0.495,-0.37,0.41,-0.403,-0.455,-0.726,-0.409,-0.657,-0.299,0.29
AZN,0.202,-0.257,-0.818,0.694,0.743,0.496,0.2,0.303,-0.158,-0.566,-0.338,0.584,-0.47,0.753,0.905,-0.025,-0.723,-0.458,-0.651,0.761,0.475,-0.655,0.0,0.905,-0.034,-0.718,-0.731,-0.77,0.542,0.358,0.309,0.462,0.056,-0.698,0.481,-0.504,-0.857,-0.598,-0.186,-0.313,-0.596,0.437,-0.595,0.914,-0.699,0.736,0.741,0.888,0.404,0.537,0.805,-0.286,0.651,-0.735,0.611,0.446,0.674,0.9,-0.643,-0.44,-0.573,0.538,0.677,-0.498,-0.187,0.234,0.818,0.147,-0.099,-0.472,-0.035,-0.408,0.845,0.791,0.548,0.539,0.838,-0.142,-0.239,0.656,0.842,-0.051,0.075,0.606,0.782,0.341,-0.505,-0.514,-0.146,0.758,-0.197,0.808,0.733,-0.466,0.703,-0.573,0.75,-0.903,0.886,-0.673,-0.561,-0.025,0.785,-0.32,0.328,0.781,0.664,-0.332,-0.865,-0.892,0.737,-0.336,0.767,0.733,0.023,0.194,0.683,0.343,0.665,0.823,-0.687,-0.349,-0.195,0.382,-0.287,-0.375,-0.352,0.68,0.559,0.736,0.573,0.796,-0.629,0.417,0.007,0.01,-0.653,-0.426,-0.52,0.37,0.65,0.736,-0.58,0.161,0.78,-0.526,0.575,-0.881,0.379,0.546,-0.465,-0.38,0.749,0.571,0.882,0.114,-0.024,0.15,0.221,-0.233,0.832,0.707,0.92,-0.031,-0.147,-0.581,0.773,0.806,0.489,0.907,0.406,0.5,-0.698,0.771,-0.092,0.627,0.123,0.881,-0.745,0.872,0.906,0.55,0.832,0.216,-0.257,0.697,-0.277,0.864,0.724,-0.25,0.055,0.719,-0.15,0.877,0.763,0.796,0.735,0.744,0.75,0.249
BANR,0.333,-0.011,-0.776,0.858,0.877,0.702,0.445,0.39,-0.104,-0.369,-0.246,0.641,-0.341,0.838,0.928,-0.148,-0.652,-0.424,-0.483,0.878,0.589,-0.536,0.905,0.0,0.119,-0.655,-0.686,-0.627,0.731,0.541,0.482,0.703,0.056,-0.695,0.416,-0.293,-0.776,-0.399,-0.175,-0.177,-0.482,0.62,-0.437,0.952,-0.574,0.767,0.765,0.937,0.437,0.666,0.869,-0.164,0.784,-0.698,0.725,0.593,0.787,0.943,-0.531,-0.34,-0.394,0.439,0.721,-0.343,-0.239,0.392,0.798,0.363,0.081,-0.462,0.06,-0.264,0.927,0.819,0.674,0.663,0.826,-0.029,-0.163,0.856,0.912,0.102,0.238,0.756,0.831,0.3,-0.357,-0.563,0.094,0.917,-0.132,0.792,0.833,-0.229,0.825,-0.544,0.915,-0.883,0.908,-0.454,-0.419,0.142,0.816,-0.22,0.284,0.748,0.768,-0.218,-0.809,-0.813,0.817,-0.177,0.895,0.873,0.146,0.389,0.708,0.527,0.58,0.924,-0.707,-0.246,0.062,0.506,-0.106,-0.182,-0.175,0.679,0.621,0.798,0.65,0.746,-0.52,0.569,0.236,-0.055,-0.614,-0.25,-0.393,0.326,0.699,0.913,-0.451,0.292,0.838,-0.525,0.705,-0.852,0.54,0.6,-0.353,-0.239,0.622,0.653,0.965,0.278,0.11,0.06,0.099,-0.095,0.852,0.825,0.949,0.167,-0.12,-0.528,0.876,0.911,0.636,0.951,0.599,0.744,-0.71,0.864,0.014,0.789,0.274,0.84,-0.775,0.954,0.911,0.753,0.921,0.402,-0.106,0.715,-0.16,0.916,0.781,-0.143,0.238,0.849,-0.17,0.928,0.873,0.685,0.897,0.851,0.872,0.421
BBIO,0.2,0.413,0.359,0.222,0.343,0.494,0.439,0.211,0.527,0.516,0.633,0.187,0.592,0.17,0.071,0.034,0.244,0.49,0.231,-0.04,0.073,0.427,-0.034,0.119,0.0,0.321,0.198,0.181,0.468,0.337,0.452,0.292,-0.268,0.021,0.234,0.357,0.082,0.466,0.466,0.581,0.359,0.178,0.324,0.139,0.445,0.174,0.231,0.064,0.414,0.51,-0.038,0.574,-0.129,0.339,0.224,0.553,0.057,0.07,0.162,0.47,0.417,-0.205,-0.172,0.347,0.518,0.519,0.161,0.254,0.645,0.152,0.753,0.429,0.278,-0.266,0.533,0.327,-0.175,0.345,0.089,0.265,-0.011,0.711,0.66,-0.03,0.364,-0.382,0.529,-0.282,0.365,0.106,0.395,0.044,0.052,0.296,0.273,0.482,0.24,0.117,-0.13,0.083,0.104,0.576,0.359,0.467,0.355,-0.011,0.26,0.092,0.092,-0.084,0.344,0.58,-0.093,0.276,0.613,0.295,0.346,0.429,0.18,-0.021,-0.219,0.375,0.446,0.605,-0.021,0.461,0.147,0.139,0.606,-0.218,0.408,-0.211,0.542,0.06,0.62,-0.63,0.344,0.566,0.633,0.394,0.085,0.309,0.415,0.379,-0.032,0.428,0.406,0.223,0.652,0.506,-0.375,0.394,-0.199,0.193,-0.013,0.697,0.734,-0.036,0.359,0.7,-0.081,-0.021,-0.059,0.78,0.636,0.456,0.296,0.076,0.322,0.025,0.454,0.4,0.257,-0.201,0.702,0.298,0.711,-0.09,0.25,0.025,-0.108,0.426,0.035,0.309,0.662,-0.292,0.573,0.179,-0.238,0.473,0.405,0.067,0.421,0.157,0.051,-0.137,0.056,-0.004,0.398,0.394
BCYC,0.039,0.595,0.819,-0.461,-0.323,-0.07,0.236,-0.006,0.596,0.861,0.754,-0.483,0.815,-0.691,-0.646,-0.256,0.927,0.549,0.851,-0.659,-0.53,0.874,-0.718,-0.655,0.321,0.0,0.823,0.866,-0.124,-0.013,0.215,-0.097,-0.348,0.742,-0.181,0.794,0.619,0.723,0.69,0.782,0.91,-0.203,0.861,-0.677,0.954,-0.75,-0.5,-0.793,0.052,-0.115,-0.646,0.733,-0.783,0.911,-0.26,-0.002,-0.595,-0.75,0.65,0.889,0.87,-0.77,-0.872,0.877,0.634,0.217,-0.692,0.075,0.639,0.778,0.604,0.766,-0.637,-0.81,-0.116,-0.039,-0.869,0.65,0.435,-0.315,-0.71,0.57,0.484,-0.501,-0.29,-0.298,0.886,0.246,0.563,-0.66,0.565,-0.683,-0.682,0.701,-0.262,0.824,-0.529,0.749,-0.828,0.636,0.686,0.571,-0.49,0.542,0.108,-0.842,-0.374,0.629,0.836,0.712,-0.447,0.694,-0.634,-0.466,0.45,0.17,-0.39,-0.013,-0.469,-0.646,0.584,0.77,0.515,0.067,0.201,0.59,0.568,-0.75,-0.184,-0.845,-0.017,-0.715,0.874,-0.148,0.411,-0.431,0.796,0.74,0.759,-0.018,-0.589,-0.495,0.871,0.278,-0.819,0.907,-0.149,0.908,0.084,-0.111,0.208,0.823,-0.874,-0.372,-0.692,0.306,0.47,-0.069,0.22,0.49,-0.677,-0.749,-0.74,0.511,0.625,0.944,-0.449,-0.497,-0.087,-0.801,0.144,-0.129,0.831,-0.818,0.527,-0.368,0.272,-0.889,0.777,-0.695,-0.825,-0.291,-0.66,0.064,0.734,-0.769,0.761,-0.658,-0.885,0.779,0.509,-0.571,0.337,-0.584,-0.617,-0.821,-0.55,-0.768,-0.476,0.24
BHFAP,0.075,0.418,0.674,-0.558,-0.424,-0.127,0.101,0.114,0.308,0.731,0.555,-0.404,0.633,-0.707,-0.727,-0.107,0.84,0.503,0.751,-0.654,-0.463,0.814,-0.731,-0.686,0.198,0.823,0.0,0.792,-0.269,-0.092,0.168,-0.185,-0.371,0.749,-0.385,0.621,0.739,0.557,0.379,0.619,0.773,-0.304,0.754,-0.753,0.798,-0.734,-0.429,-0.774,-0.109,-0.229,-0.536,0.497,-0.654,0.858,-0.413,-0.191,-0.67,-0.735,0.745,0.631,0.662,-0.679,-0.742,0.727,0.427,0.063,-0.705,-0.122,0.381,0.737,0.383,0.644,-0.641,-0.646,-0.228,-0.18,-0.778,0.428,0.526,-0.408,-0.703,0.355,0.288,-0.597,-0.323,-0.254,0.636,0.4,0.383,-0.664,0.385,-0.627,-0.675,0.655,-0.362,0.671,-0.609,0.712,-0.798,0.659,0.662,0.303,-0.633,0.344,-0.131,-0.776,-0.397,0.587,0.771,0.755,-0.474,0.446,-0.632,-0.565,0.285,0.047,-0.539,-0.165,-0.492,-0.618,0.633,0.72,0.419,-0.117,0.152,0.463,0.504,-0.719,-0.336,-0.686,-0.16,-0.643,0.725,-0.182,0.189,-0.25,0.748,0.564,0.626,-0.1,-0.587,-0.582,0.768,0.267,-0.709,0.761,-0.248,0.798,-0.081,-0.247,0.372,0.63,-0.78,-0.459,-0.672,0.245,0.367,-0.065,0.108,0.362,-0.585,-0.653,-0.705,0.264,0.557,0.775,-0.524,-0.523,-0.185,-0.79,0.003,-0.183,0.716,-0.761,0.296,-0.428,0.043,-0.829,0.611,-0.689,-0.818,-0.441,-0.663,-0.086,0.567,-0.73,0.668,-0.735,-0.77,0.616,0.279,-0.58,0.148,-0.626,-0.661,-0.727,-0.577,-0.766,-0.544,0.1
BKR,0.042,0.677,0.74,-0.403,-0.353,-0.128,0.319,-0.056,0.329,0.777,0.629,-0.509,0.609,-0.662,-0.741,-0.349,0.923,0.332,0.902,-0.515,-0.432,0.81,-0.77,-0.627,0.181,0.866,0.792,0.0,-0.179,0.024,0.205,-0.024,-0.26,0.75,-0.433,0.838,0.732,0.795,0.505,0.712,0.854,-0.06,0.91,-0.715,0.857,-0.781,-0.621,-0.792,-0.111,-0.182,-0.622,0.591,-0.545,0.791,-0.219,-0.099,-0.55,-0.765,0.753,0.754,0.838,-0.783,-0.746,0.839,0.265,0.234,-0.756,0.232,0.503,0.655,0.368,0.641,-0.668,-0.705,-0.206,-0.132,-0.748,0.639,0.579,-0.301,-0.666,0.426,0.331,-0.364,-0.368,-0.319,0.812,0.365,0.558,-0.548,0.487,-0.58,-0.623,0.835,-0.303,0.663,-0.501,0.666,-0.773,0.878,0.721,0.401,-0.639,0.564,-0.249,-0.853,-0.343,0.63,0.865,0.814,-0.488,0.567,-0.538,-0.408,0.301,0.294,-0.584,0.078,-0.672,-0.526,0.623,0.663,0.632,-0.05,0.454,0.679,0.771,-0.72,-0.403,-0.649,-0.198,-0.724,0.76,-0.133,0.422,-0.324,0.703,0.672,0.669,-0.207,-0.501,-0.457,0.837,0.279,-0.723,0.722,-0.238,0.852,-0.041,-0.304,0.446,0.724,-0.848,-0.345,-0.626,0.205,0.298,-0.214,-0.151,0.353,-0.638,-0.619,-0.686,0.362,0.431,0.82,-0.456,-0.531,-0.09,-0.77,0.093,-0.035,0.773,-0.678,0.291,-0.283,0.14,-0.895,0.591,-0.661,-0.755,-0.289,-0.579,0.106,0.597,-0.639,0.616,-0.689,-0.693,0.604,0.42,-0.555,0.179,-0.633,-0.497,-0.92,-0.452,-0.659,-0.509,0.297
BLDP,0.309,0.367,-0.273,0.777,0.807,0.842,0.683,0.344,0.313,0.19,0.242,0.484,0.15,0.576,0.648,-0.316,-0.15,-0.069,-0.048,0.559,0.393,-0.02,0.542,0.731,0.468,-0.124,-0.269,-0.179,0.0,0.683,0.673,0.73,-0.225,-0.405,0.465,0.233,-0.54,0.023,0.251,0.339,0.012,0.623,0.068,0.728,-0.026,0.439,0.587,0.581,0.521,0.752,0.587,0.371,0.43,-0.256,0.721,0.781,0.52,0.622,-0.226,0.14,0.087,0.073,0.283,0.147,0.145,0.68,0.505,0.452,0.483,-0.083,0.565,0.175,0.649,0.414,0.772,0.682,0.397,0.354,0.126,0.851,0.55,0.576,0.687,0.502,0.803,0.003,0.181,-0.599,0.511,0.698,0.262,0.497,0.44,0.238,0.776,-0.055,0.709,-0.525,0.509,-0.059,-0.045,0.5,0.676,0.18,0.466,0.36,0.701,0.158,-0.414,-0.523,0.717,0.344,0.562,0.759,0.535,0.551,0.637,0.545,0.399,0.599,-0.516,0.158,0.452,0.771,0.089,0.253,0.111,0.395,0.705,0.343,0.729,0.431,-0.045,0.462,0.616,-0.466,-0.207,0.362,0.203,0.405,0.51,0.737,-0.019,0.441,0.504,-0.011,0.776,-0.374,0.744,0.706,-0.348,0.212,0.187,0.581,0.657,0.713,0.47,0.034,0.264,0.343,0.555,0.478,0.588,0.605,0.283,-0.006,0.721,0.692,0.756,0.567,0.808,0.851,-0.29,0.474,0.515,0.784,0.613,0.442,-0.329,0.676,0.527,0.767,0.672,0.505,0.39,0.246,0.314,0.685,0.327,0.292,0.566,0.608,0.23,0.738,0.622,0.219,0.6,0.493,0.77,0.594
BLFS,0.456,0.637,-0.111,0.56,0.715,0.774,0.81,0.567,0.284,0.277,0.203,0.496,0.131,0.35,0.488,-0.55,0.036,-0.295,0.171,0.635,0.107,-0.014,0.358,0.541,0.337,-0.013,-0.092,0.024,0.683,0.0,0.615,0.816,-0.406,-0.447,0.211,0.338,-0.416,0.154,0.142,0.441,0.244,0.852,0.153,0.455,0.138,0.114,0.478,0.374,0.555,0.797,0.531,0.431,0.353,-0.082,0.678,0.688,0.388,0.4,-0.027,0.3,0.333,-0.323,0.086,0.253,0.09,0.823,0.452,0.342,0.562,0.116,0.445,0.443,0.401,0.352,0.81,0.722,0.265,0.418,0.376,0.722,0.317,0.661,0.687,0.416,0.622,-0.174,0.227,-0.712,0.666,0.601,0.382,0.244,0.19,0.442,0.701,0.083,0.511,-0.3,0.274,0.075,0.203,0.512,0.398,0.317,0.324,0.056,0.586,0.054,-0.337,-0.363,0.698,0.442,0.575,0.729,0.496,0.732,0.545,0.624,0.273,0.629,-0.501,0.225,0.693,0.775,0.007,0.568,0.252,0.333,0.5,0.157,0.561,0.292,0.145,0.301,0.638,-0.434,0.108,0.445,0.272,0.544,0.349,0.588,0.277,0.652,0.286,0.108,0.449,-0.246,0.484,0.701,-0.289,0.384,-0.076,0.455,0.525,0.634,0.43,-0.504,0.189,0.463,0.32,0.281,0.413,0.551,0.212,0.085,0.578,0.51,0.65,0.386,0.826,0.765,-0.334,0.389,0.536,0.687,0.674,0.172,-0.243,0.456,0.43,0.614,0.56,0.679,0.561,0.033,0.486,0.551,0.287,0.348,0.596,0.328,0.041,0.376,0.536,-0.021,0.415,0.289,0.479,0.618
BLKB,0.431,0.586,-0.141,0.508,0.651,0.753,0.764,0.529,0.259,0.413,0.437,0.229,0.411,0.179,0.346,-0.41,0.207,0.052,0.336,0.323,0.137,0.312,0.309,0.482,0.452,0.215,0.168,0.205,0.673,0.615,0.0,0.719,-0.393,0.063,0.118,0.472,-0.171,0.194,0.388,0.641,0.347,0.536,0.389,0.346,0.279,0.106,0.401,0.247,0.476,0.597,0.421,0.481,0.188,0.16,0.507,0.57,0.162,0.296,0.151,0.443,0.378,-0.311,-0.033,0.517,0.274,0.659,0.17,0.423,0.693,0.257,0.603,0.448,0.431,0.176,0.59,0.658,0.063,0.598,0.443,0.629,0.303,0.659,0.716,0.333,0.663,0.064,0.419,-0.245,0.609,0.389,0.402,0.276,0.223,0.522,0.654,0.168,0.435,-0.333,0.233,0.206,0.228,0.708,0.322,0.198,0.215,-0.032,0.405,0.445,-0.047,-0.163,0.475,0.399,0.375,0.508,0.554,0.624,0.259,0.538,0.061,0.454,-0.109,0.56,0.622,0.557,0.165,0.386,0.443,-0.026,0.414,0.137,0.677,0.138,0.235,0.562,0.717,-0.487,0.06,0.439,0.287,0.253,0.17,0.491,0.389,0.701,0.185,0.297,0.657,-0.094,0.702,0.475,-0.054,0.533,-0.156,0.292,0.432,0.647,0.586,-0.04,0.223,0.329,0.348,0.227,0.408,0.628,0.594,0.335,0.49,0.555,0.65,0.286,0.844,0.764,-0.037,0.173,0.434,0.541,0.478,0.049,-0.273,0.417,0.178,0.476,0.368,0.522,0.619,0.047,0.635,0.307,0.048,0.587,0.763,0.382,0.061,0.465,0.372,-0.088,0.462,0.151,0.51,0.756
