,ABAT,ACLS,ACMR,ADMA,ADUS,ADVM,AEIS,AGNCM,AHCO,ALGT,ALLO,AMSF,ANAB,ANDE,APLS,APPF,ASML,ATRC,AVGO,AVT,AXDX,AXSM,AZN,BANR,BBIO,BCYC,BHFAP,BKR,BLDP,BLFS,BLKB,BLMN,BNTX,BPMC,CALM,CAMT,CASH,CATY,CCEP,CDLX,CDNS,CENN,CENX,CGC,CHDN,CLBK,COKE,COLB,COO,CORT,CRMT,CRNX,CRTO,CRVL,CSCO,CSQ,CSWI,CVBF,CWST,CYCC,CZR,DLTR,DORM,ENTA,EQIX,ERIC,EVRG,EWBC,EXAS,EXLS,EXPI,EYE,FBNC,FBRX,FCNCA,FELE,FIBK,FLEX,FRGT,FRHC,FRME,FWONA,FWONK,GDEN,GIII,GILD,GLNG,GNTX,GOOGL,GRPN,HCSG,HIMX,HOPE,HST,HTLD,HUT,HWC,ICUI,IESC,INTC,INTU,IOVA,IPAR,IPGP,ISRG,JBSS,KALU,KPRX,KRNT,LAUR,LBRDA,LBTYK,LECO,LILAK,LITE,MANH,MDXG,MFIC,MGEE,MIDD,MLAB,MMSI,MNKD,MOMO,MRVL,NICE,NMFC,NUWE,NVCR,NWBI,OFIX,OFLX,OMCL,OPK,ORKA,ORLY,OTTR,PDD,PNTG,POOL,POWL,PPBI,PPC,PRAA,PRPL,PZZA,QTRX,QURE,RDFN,RDHL,REAL,REG,REYN,RGLD,RIOT,RUN,RYTM,SAIA,SBAC,SBRA,SCVL,SHOO,SLAB,SLDB,SMCI,SMTC,SRCE,SSP,SSRM,STBA,STRO,SVC,SYBT,TCBI,TCOM,TENX,TH,TMUS,TNDM,TTD,TTMI,UAL,ULH,ULTA,VCYT,VIRT,VKTX,VOD,VRDN,VREX,VRNT,VSAT,WB,WBD,WDC,WEN,WSFS,XXII,Z,ZBRA
ABAT,0.0,0.033,-0.069,0.468,0.427,0.42,0.462,0.096,0.471,0.5,-0.283,0.68,-0.28,-0.474,-0.023,0.325,-0.01,0.05,0.301,0.611,0.27,0.133,-0.484,0.068,0.455,-0.074,0.244,-0.01,0.037,-0.015,0.342,0.285,0.158,0.019,-0.511,-0.005,0.296,0.243,0.537,0.057,-0.179,-0.21,0.407,0.422,0.019,-0.104,0.164,0.266,-0.438,0.166,0.51,-0.29,0.235,0.005,-0.435,-0.095,-0.012,-0.122,-0.338,0.205,0.092,-0.245,0.231,-0.286,-0.156,-0.017,-0.639,0.413,0.043,0.114,0.472,-0.105,0.516,0.055,0.195,0.038,0.044,0.26,0.578,0.401,0.476,-0.221,-0.093,0.031,-0.149,-0.456,0.169,0.455,-0.108,0.472,0.493,0.455,0.3,0.35,-0.059,0.057,0.127,-0.343,0.252,0.377,-0.236,0.164,0.334,0.387,-0.4,0.105,0.494,0.412,-0.291,-0.24,-0.249,0.208,0.615,-0.115,-0.389,-0.053,-0.222,0.262,-0.223,0.412,0.543,-0.199,-0.203,0.059,-0.347,-0.303,0.278,-0.439,0.44,0.326,-0.114,0.458,-0.024,-0.019,0.11,-0.253,0.168,-0.026,0.302,0.262,0.456,0.331,-0.421,0.088,0.139,-0.148,0.273,0.413,0.415,0.128,0.465,0.203,0.045,0.595,0.24,0.471,0.59,-0.029,-0.24,0.526,-0.423,0.412,0.05,0.339,0.51,-0.022,0.503,0.514,0.243,0.281,-0.112,0.481,-0.008,0.033,-0.314,0.261,0.064,0.134,-0.48,0.415,0.157,0.186,-0.138,-0.294,0.24,0.235,0.136,-0.147,-0.134,0.263,-0.181,0.33,0.05,0.313,0.35,-0.341,0.449,0.166,0.158,-0.153
ACLS,0.033,0.0,0.721,-0.141,0.246,0.504,0.611,0.562,-0.059,0.331,0.799,-0.376,0.656,0.395,0.822,-0.665,0.913,0.155,0.845,0.028,-0.053,0.522,0.163,0.791,0.113,0.86,0.491,0.9,0.733,0.936,0.576,0.736,-0.311,0.372,0.491,0.955,-0.018,0.734,-0.18,0.871,0.889,0.916,0.587,-0.288,0.939,-0.202,-0.124,-0.306,0.51,0.777,-0.573,0.552,0.211,0.741,0.799,0.773,0.591,0.35,0.773,0.833,0.954,-0.797,-0.53,0.841,0.523,0.902,0.321,-0.065,0.909,0.46,0.114,0.858,-0.108,-0.079,0.831,0.904,-0.51,0.836,-0.271,0.306,-0.337,0.899,0.874,0.538,0.774,0.192,0.807,-0.655,0.926,-0.055,0.306,-0.444,-0.199,0.729,0.828,0.757,0.483,0.608,-0.234,0.584,0.828,0.795,0.017,0.324,0.559,-0.808,0.196,0.265,0.737,0.499,0.794,0.356,-0.076,0.88,0.765,0.872,0.89,0.574,-0.008,0.285,-0.4,0.815,0.903,0.815,0.728,0.908,0.382,-0.463,-0.065,-0.55,0.74,-0.601,0.892,0.745,0.756,-0.519,0.685,0.824,0.529,0.415,-0.341,0.437,0.374,0.756,-0.394,0.272,0.448,0.473,0.064,0.749,-0.164,0.875,-0.751,-0.333,0.507,0.072,-0.006,-0.334,0.318,-0.065,0.53,-0.138,0.694,0.638,-0.077,0.814,0.323,0.354,0.645,-0.295,0.918,0.436,0.479,0.184,0.837,0.534,0.826,-0.752,0.469,-0.01,-0.283,0.494,0.561,0.796,0.829,-0.461,0.818,0.751,0.31,0.745,0.93,-0.16,0.059,-0.125,0.107,-0.33,0.059,0.011,0.406,0.889
ACMR,-0.069,0.721,0.0,0.12,0.385,0.663,0.757,0.363,0.152,0.374,0.692,-0.273,0.419,0.008,0.628,-0.311,0.691,0.49,0.576,0.142,0.25,0.747,-0.248,0.402,0.532,0.74,0.541,0.63,0.848,0.715,0.717,0.406,0.158,0.5,0.271,0.81,0.127,0.496,0.203,0.851,0.584,0.687,0.429,0.167,0.775,0.082,-0.44,-0.399,0.059,0.834,-0.348,0.082,0.307,0.571,0.542,0.658,0.298,-0.167,0.482,0.792,0.738,-0.527,-0.266,0.494,0.354,0.792,-0.035,0.114,0.849,0.066,0.432,0.539,-0.067,-0.203,0.637,0.547,-0.595,0.62,0.048,0.553,-0.244,0.666,0.714,0.576,0.56,-0.258,0.766,-0.289,0.604,0.328,0.348,-0.002,-0.153,0.65,0.525,0.598,0.153,0.519,0.119,0.637,0.495,0.898,0.456,0.687,0.41,-0.557,0.089,0.578,0.846,0.066,0.386,0.058,-0.079,0.771,0.564,0.779,0.623,0.445,-0.243,0.551,-0.072,0.561,0.529,0.843,0.664,0.671,0.356,-0.408,0.373,-0.534,0.665,-0.287,0.763,0.571,0.899,-0.432,0.341,0.867,0.793,0.323,-0.116,0.313,-0.108,0.599,-0.229,-0.098,0.738,0.62,0.402,0.599,0.153,0.687,-0.8,-0.203,0.592,0.448,0.165,-0.33,0.034,0.242,0.282,0.115,0.448,0.712,0.325,0.663,0.268,0.518,0.368,-0.401,0.605,0.571,0.313,-0.073,0.653,0.722,0.894,-0.411,0.225,0.212,-0.336,0.567,0.253,0.432,0.827,-0.231,0.64,0.383,0.472,0.734,0.673,-0.089,0.55,0.28,0.412,-0.679,-0.124,0.016,0.684,0.591
ADMA,0.468,-0.141,0.12,0.0,0.556,0.571,0.502,-0.139,0.794,0.659,-0.385,0.553,-0.534,-0.728,-0.35,0.696,-0.243,0.153,0.13,0.794,0.612,0.339,-0.797,-0.021,0.715,-0.222,0.211,-0.098,0.093,-0.127,0.507,0.323,0.579,-0.002,-0.826,-0.031,0.635,0.195,0.822,-0.071,-0.397,-0.227,0.311,0.848,-0.109,0.383,-0.015,0.459,-0.666,0.071,0.784,-0.556,0.577,-0.447,-0.458,0.089,-0.111,-0.402,-0.513,0.115,0.039,0.141,0.673,-0.537,-0.552,0.051,-0.795,0.875,-0.015,-0.433,0.764,-0.422,0.665,0.069,0.072,-0.181,0.043,0.085,0.857,0.725,0.724,-0.358,-0.111,0.446,-0.302,-0.778,0.234,0.713,-0.277,0.82,0.668,0.821,0.642,0.407,-0.319,-0.198,0.216,-0.661,0.62,0.546,-0.448,0.23,0.683,0.597,-0.738,0.402,0.455,0.526,-0.182,-0.137,-0.602,0.279,0.796,0.004,-0.625,-0.064,-0.417,0.435,-0.58,0.571,0.604,-0.552,-0.422,0.131,-0.049,-0.406,0.595,-0.269,0.806,0.604,-0.294,0.53,-0.11,0.088,0.279,0.003,-0.292,0.107,0.437,-0.032,0.792,0.48,-0.68,-0.375,0.601,-0.472,0.405,0.525,0.844,-0.152,0.716,0.079,0.096,0.77,0.531,0.791,0.72,-0.124,-0.707,0.87,-0.412,0.785,0.12,0.459,0.675,-0.177,0.553,0.586,0.047,0.372,-0.371,0.69,-0.103,0.124,-0.453,0.596,0.066,0.495,-0.783,0.717,0.131,0.577,-0.008,-0.23,0.142,0.643,-0.118,-0.274,-0.056,0.047,-0.301,0.77,0.632,0.616,0.718,-0.539,0.523,0.51,0.528,-0.241
ADUS,0.427,0.246,0.385,0.556,0.0,0.709,0.637,0.175,0.649,0.723,0.083,0.416,0.136,-0.311,-0.001,0.284,0.193,0.343,0.368,0.517,0.418,0.484,-0.374,0.255,0.638,0.255,0.48,0.382,0.357,0.232,0.535,0.493,0.268,0.373,-0.39,0.3,0.432,0.389,0.574,0.38,0.007,0.082,0.569,0.512,0.27,-0.033,0.098,0.117,-0.258,0.392,0.396,-0.125,0.206,0.092,-0.153,0.328,-0.108,-0.187,-0.155,0.505,0.371,-0.27,0.148,-0.077,-0.046,0.41,-0.446,0.602,0.429,0.045,0.667,0.081,0.448,-0.06,0.411,0.222,-0.254,0.452,0.67,0.653,0.376,0.119,0.273,0.317,0.144,-0.413,0.558,0.322,0.12,0.523,0.59,0.442,0.24,0.599,0.124,0.214,0.266,-0.139,0.211,0.541,-0.051,0.511,0.427,0.517,-0.177,0.013,0.431,0.569,0.174,0.084,-0.088,0.441,0.484,0.262,-0.171,0.267,0.08,0.521,-0.333,0.394,0.284,-0.042,0.061,0.417,0.029,0.035,0.742,-0.537,0.661,0.196,0.185,0.123,0.282,0.342,0.471,-0.442,0.218,0.402,0.665,0.203,0.398,0.517,-0.304,0.189,0.201,0.017,0.468,0.744,0.565,0.325,0.449,0.413,-0.226,0.466,0.386,0.664,0.687,-0.167,-0.219,0.749,-0.203,0.352,0.119,0.72,0.616,0.295,0.481,0.619,0.419,0.165,0.125,0.634,0.126,-0.08,-0.016,0.525,0.363,-0.035,-0.24,0.435,-0.037,0.564,0.256,0.011,0.501,0.158,0.379,0.05,-0.07,0.489,0.18,0.41,0.362,0.585,0.498,-0.428,0.402,0.045,0.477,0.07
ADVM,0.42,0.504,0.663,0.571,0.709,0.0,0.851,0.269,0.636,0.797,0.349,0.34,0.169,-0.293,0.329,0.103,0.479,0.388,0.617,0.621,0.606,0.778,-0.595,0.451,0.792,0.518,0.655,0.517,0.752,0.528,0.857,0.597,0.34,0.51,-0.233,0.622,0.541,0.604,0.591,0.657,0.291,0.374,0.704,0.582,0.595,0.221,-0.048,0.091,-0.277,0.695,0.206,-0.185,0.539,0.291,0.133,0.63,0.268,-0.121,0.162,0.737,0.639,-0.427,0.14,0.151,0.058,0.667,-0.484,0.587,0.699,0.035,0.814,0.332,0.479,0.064,0.704,0.464,-0.314,0.584,0.558,0.864,0.327,0.347,0.556,0.571,0.383,-0.501,0.773,0.137,0.406,0.625,0.749,0.439,0.293,0.86,0.387,0.416,0.403,0.05,0.378,0.86,0.15,0.844,0.634,0.753,-0.09,-0.2,0.571,0.763,0.453,0.051,0.089,0.313,0.463,0.598,0.094,0.528,0.323,0.647,-0.327,0.731,0.269,0.207,0.262,0.778,0.4,0.267,0.69,-0.65,0.737,0.026,0.421,0.031,0.565,0.683,0.831,-0.418,0.316,0.732,0.903,0.315,0.356,0.669,-0.418,0.366,0.193,-0.228,0.787,0.837,0.768,0.539,0.475,0.668,-0.507,0.348,0.771,0.849,0.723,-0.101,-0.221,0.682,0.038,0.534,0.481,0.891,0.697,0.446,0.683,0.879,0.472,-0.026,0.366,0.889,0.289,0.089,0.26,0.88,0.686,-0.049,-0.255,0.652,-0.187,0.75,0.281,0.23,0.788,0.074,0.603,0.242,0.25,0.733,0.405,0.473,0.669,0.658,0.635,-0.733,0.405,0.201,0.816,0.371
AEIS,0.462,0.611,0.757,0.502,0.637,0.851,0.0,0.416,0.417,0.609,0.389,0.15,0.123,-0.343,0.531,0.033,0.513,0.528,0.668,0.592,0.499,0.777,-0.572,0.361,0.742,0.5,0.625,0.492,0.707,0.61,0.834,0.563,0.341,0.321,-0.192,0.657,0.298,0.519,0.48,0.701,0.337,0.48,0.533,0.449,0.61,0.027,-0.313,-0.141,-0.265,0.82,0.086,-0.182,0.531,0.392,0.166,0.506,0.227,-0.253,0.167,0.719,0.669,-0.576,0.014,0.189,0.088,0.637,-0.466,0.413,0.735,-0.018,0.642,0.325,0.228,0.043,0.612,0.434,-0.475,0.617,0.438,0.814,0.095,0.376,0.497,0.631,0.307,-0.571,0.722,0.07,0.432,0.694,0.599,0.295,0.08,0.767,0.391,0.411,0.227,0.148,0.342,0.823,0.249,0.856,0.655,0.856,0.054,-0.38,0.311,0.804,0.512,0.015,0.111,0.192,0.404,0.623,0.182,0.672,0.338,0.556,-0.469,0.779,0.242,0.263,0.305,0.728,0.413,0.381,0.526,-0.616,0.655,-0.164,0.479,0.06,0.601,0.537,0.827,-0.401,0.281,0.713,0.86,0.312,0.253,0.489,-0.386,0.492,-0.046,-0.271,0.799,0.737,0.63,0.505,0.564,0.651,-0.704,0.223,0.73,0.695,0.5,-0.408,-0.24,0.588,-0.047,0.405,0.492,0.82,0.544,0.445,0.505,0.809,0.43,-0.126,0.399,0.804,0.098,0.102,0.301,0.843,0.758,-0.218,-0.136,0.482,-0.071,0.643,0.171,0.205,0.824,0.082,0.559,0.228,0.381,0.736,0.441,0.199,0.529,0.408,0.667,-0.834,0.18,0.169,0.73,0.368
AGNCM,0.096,0.562,0.363,-0.139,0.175,0.269,0.416,0.0,-0.047,0.037,0.555,-0.228,0.393,0.079,0.585,-0.353,0.606,0.364,0.575,-0.146,-0.052,0.488,0.218,0.327,0.056,0.535,0.594,0.446,0.305,0.619,0.368,0.388,-0.271,0.224,0.311,0.487,-0.17,0.203,-0.226,0.521,0.597,0.482,0.227,-0.332,0.543,-0.345,0.069,-0.364,0.403,0.61,-0.314,0.4,-0.08,0.646,0.463,0.381,0.058,0.224,0.501,0.435,0.501,-0.612,-0.507,0.542,0.531,0.483,0.242,-0.224,0.542,0.458,0.039,0.563,-0.211,0.102,0.47,0.544,-0.516,0.528,-0.097,0.208,-0.344,0.581,0.532,0.086,0.482,0.184,0.39,-0.489,0.588,-0.017,0.179,-0.432,-0.35,0.327,0.556,0.517,0.065,0.497,-0.32,0.249,0.566,0.454,0.021,0.182,0.503,-0.541,-0.024,0.369,0.34,0.495,0.56,0.328,-0.133,0.467,0.476,0.593,0.555,0.276,0.274,0.03,-0.272,0.573,0.567,0.454,0.344,0.549,0.13,-0.53,0.002,-0.429,0.638,-0.329,0.523,0.461,0.314,-0.417,0.581,0.43,0.307,0.503,-0.303,-0.011,0.372,0.593,-0.569,0.319,0.328,0.257,-0.061,0.628,-0.044,0.544,-0.561,-0.206,0.279,-0.002,0.045,-0.335,0.451,-0.009,0.235,-0.297,0.376,0.316,-0.063,0.544,0.052,0.196,0.52,-0.354,0.597,0.092,0.205,-0.05,0.559,0.207,0.423,-0.567,0.504,-0.227,-0.365,-0.038,0.185,0.381,0.569,-0.44,0.624,0.295,0.121,0.602,0.59,-0.238,-0.088,-0.242,-0.02,-0.183,-0.161,-0.154,0.095,0.513
AHCO,0.471,-0.059,0.152,0.794,0.649,0.636,0.417,-0.047,0.0,0.775,-0.202,0.617,-0.27,-0.58,-0.36,0.563,-0.01,0.146,0.268,0.59,0.502,0.419,-0.585,0.13,0.71,0.038,0.37,0.09,0.15,-0.046,0.593,0.368,0.29,0.393,-0.637,0.064,0.704,0.344,0.854,0.128,-0.189,-0.225,0.561,0.716,0.082,0.271,0.36,0.421,-0.427,0.125,0.691,-0.306,0.354,-0.159,-0.332,0.276,-0.127,-0.214,-0.303,0.318,0.158,0.016,0.412,-0.324,-0.168,0.218,-0.63,0.798,0.148,-0.019,0.861,-0.163,0.749,-0.226,0.324,0.068,-0.075,0.322,0.852,0.621,0.702,-0.135,0.122,0.173,-0.004,-0.521,0.42,0.57,-0.144,0.541,0.803,0.711,0.557,0.529,-0.077,0.171,0.274,-0.425,0.373,0.494,-0.321,0.329,0.552,0.491,-0.55,0.27,0.644,0.503,-0.125,-0.063,-0.355,0.509,0.66,0.053,-0.478,-0.039,-0.197,0.502,-0.177,0.403,0.502,-0.309,-0.266,0.265,-0.087,-0.314,0.687,-0.537,0.792,0.466,-0.073,0.316,0.075,0.199,0.301,-0.322,0.093,0.201,0.534,0.309,0.664,0.537,-0.506,-0.195,0.475,-0.135,0.436,0.727,0.807,0.168,0.461,0.304,0.145,0.762,0.43,0.808,0.902,0.165,-0.303,0.875,-0.294,0.636,0.078,0.569,0.826,0.143,0.649,0.54,0.301,0.259,-0.167,0.683,0.291,-0.147,-0.264,0.509,0.125,0.336,-0.608,0.59,-0.18,0.494,0.035,-0.119,0.32,0.312,0.197,-0.195,-0.282,0.314,-0.112,0.75,0.622,0.683,0.495,-0.388,0.605,0.202,0.49,-0.06
ALGT,0.5,0.331,0.374,0.659,0.723,0.797,0.609,0.037,0.775,0.0,0.026,0.561,0.022,-0.297,-0.018,0.191,0.309,-0.015,0.551,0.64,0.401,0.446,-0.489,0.481,0.64,0.329,0.464,0.472,0.498,0.333,0.702,0.721,0.136,0.36,-0.387,0.425,0.639,0.652,0.677,0.431,0.123,0.152,0.843,0.584,0.431,0.118,0.287,0.413,-0.249,0.323,0.445,-0.051,0.394,0.049,-0.047,0.531,0.188,-0.014,-0.044,0.616,0.522,-0.297,0.246,0.005,-0.064,0.539,-0.481,0.752,0.445,0.162,0.794,0.195,0.694,-0.046,0.636,0.403,-0.137,0.579,0.694,0.715,0.577,0.191,0.436,0.394,0.302,-0.392,0.684,0.293,0.254,0.487,0.825,0.504,0.493,0.83,0.2,0.342,0.565,-0.233,0.222,0.724,0.006,0.576,0.438,0.491,-0.373,-0.015,0.759,0.468,0.125,0.109,-0.025,0.603,0.655,0.343,-0.182,0.241,0.147,0.69,-0.303,0.513,0.289,-0.018,0.11,0.6,0.121,0.026,0.823,-0.55,0.613,0.297,0.104,0.15,0.341,0.443,0.562,-0.406,0.306,0.552,0.696,0.351,0.482,0.719,-0.315,0.154,0.416,0.001,0.483,0.796,0.731,0.436,0.301,0.62,-0.088,0.561,0.608,0.769,0.767,-0.02,-0.246,0.766,-0.002,0.582,0.373,0.743,0.703,0.371,0.788,0.72,0.508,0.245,0.2,0.853,0.37,0.106,0.076,0.677,0.453,0.028,-0.436,0.674,-0.188,0.776,0.372,0.218,0.557,0.112,0.468,0.167,-0.113,0.527,0.227,0.682,0.528,0.65,0.471,-0.454,0.648,0.246,0.573,0.265
ALLO,-0.283,0.799,0.692,-0.385,0.083,0.349,0.389,0.555,-0.202,0.026,0.0,-0.484,0.818,0.497,0.802,-0.665,0.871,0.407,0.614,-0.319,0.021,0.575,0.31,0.579,0.073,0.87,0.478,0.763,0.665,0.743,0.441,0.36,-0.248,0.61,0.699,0.786,-0.104,0.47,-0.323,0.832,0.873,0.769,0.335,-0.396,0.823,-0.048,-0.175,-0.471,0.572,0.775,-0.733,0.531,0.014,0.833,0.849,0.693,0.471,0.355,0.886,0.684,0.736,-0.594,-0.615,0.874,0.709,0.765,0.513,-0.334,0.836,0.392,-0.032,0.795,-0.283,-0.174,0.652,0.773,-0.482,0.617,-0.43,0.154,-0.52,0.889,0.805,0.302,0.805,0.359,0.643,-0.74,0.838,-0.237,0.077,-0.539,-0.366,0.442,0.848,0.742,0.235,0.85,-0.29,0.342,0.801,0.696,0.011,0.233,0.791,-0.665,-0.039,0.225,0.86,0.431,0.82,0.096,-0.469,0.824,0.906,0.848,0.888,0.409,0.316,0.103,-0.491,0.906,0.866,0.731,0.726,0.91,0.182,-0.305,-0.087,-0.688,0.894,-0.75,0.847,0.732,0.631,-0.473,0.632,0.725,0.482,0.32,-0.454,0.18,0.425,0.767,-0.531,0.257,0.439,0.337,-0.092,0.691,-0.297,0.655,-0.779,-0.478,0.326,-0.053,-0.119,-0.069,0.543,-0.25,0.602,-0.33,0.535,0.491,-0.12,0.793,0.12,0.158,0.556,-0.485,0.885,0.164,0.531,-0.085,0.883,0.348,0.726,-0.694,0.698,-0.216,-0.442,0.229,0.354,0.629,0.713,-0.56,0.759,0.635,0.355,0.718,0.879,-0.35,0.072,-0.15,-0.086,-0.219,-0.222,-0.162,0.372,0.832
AMSF,0.68,-0.376,-0.273,0.553,0.416,0.34,0.15,-0.228,0.617,0.561,-0.484,0.0,-0.389,-0.5,-0.452,0.565,-0.315,-0.07,-0.02,0.603,0.438,-0.002,-0.56,-0.102,0.461,-0.321,0.05,-0.222,-0.099,-0.37,0.203,0.075,0.308,0.034,-0.636,-0.327,0.505,0.081,0.688,-0.23,-0.491,-0.55,0.371,0.661,-0.286,0.162,0.369,0.613,-0.611,-0.178,0.784,-0.447,0.207,-0.347,-0.648,-0.172,-0.146,-0.129,-0.536,-0.045,-0.245,0.207,0.565,-0.558,-0.356,-0.238,-0.7,0.58,-0.255,-0.056,0.502,-0.376,0.705,0.096,0.002,-0.212,0.3,-0.046,0.751,0.426,0.737,-0.498,-0.304,-0.14,-0.302,-0.421,-0.034,0.719,-0.387,0.449,0.485,0.665,0.563,0.202,-0.3,-0.202,0.181,-0.528,0.338,0.26,-0.524,-0.067,0.403,0.257,-0.659,0.526,0.593,0.277,-0.399,-0.327,-0.511,0.195,0.681,-0.354,-0.658,-0.331,-0.501,0.169,-0.138,0.331,0.54,-0.494,-0.51,-0.095,-0.516,-0.619,0.339,-0.202,0.53,0.641,-0.358,0.569,-0.333,-0.093,-0.091,0.007,-0.096,-0.179,0.236,0.099,0.633,0.304,-0.56,-0.232,0.483,-0.23,0.152,0.338,0.482,-0.099,0.391,-0.072,0.421,0.767,0.183,0.542,0.664,0.292,-0.37,0.633,-0.412,0.609,-0.115,0.16,0.667,-0.275,0.53,0.451,0.067,0.435,-0.418,0.398,-0.031,-0.003,-0.556,0.125,-0.154,0.495,-0.684,0.619,0.116,0.194,-0.196,-0.497,-0.069,0.345,-0.127,-0.362,-0.225,0.032,-0.477,0.622,0.21,0.602,0.31,-0.219,0.554,0.131,0.129,-0.386
ANAB,-0.28,0.656,0.419,-0.534,0.136,0.169,0.123,0.393,-0.27,0.022,0.818,-0.389,0.0,0.652,0.603,-0.72,0.744,0.163,0.48,-0.461,-0.251,0.276,0.579,0.514,-0.171,0.774,0.314,0.748,0.466,0.601,0.138,0.326,-0.437,0.538,0.708,0.613,-0.245,0.369,-0.45,0.651,0.757,0.601,0.332,-0.55,0.659,-0.296,0.089,-0.428,0.713,0.506,-0.685,0.712,-0.298,0.747,0.705,0.558,0.307,0.423,0.746,0.562,0.582,-0.553,-0.715,0.829,0.729,0.638,0.633,-0.41,0.656,0.61,-0.189,0.788,-0.321,-0.213,0.525,0.687,-0.425,0.54,-0.458,-0.059,-0.518,0.804,0.69,0.018,0.725,0.623,0.489,-0.74,0.753,-0.483,-0.036,-0.643,-0.464,0.296,0.757,0.653,0.228,0.774,-0.556,0.107,0.728,0.457,-0.338,-0.129,0.784,-0.595,-0.059,-0.035,0.631,0.497,0.841,0.224,-0.524,0.563,0.806,0.615,0.835,0.266,0.415,-0.248,-0.581,0.821,0.833,0.538,0.465,0.784,0.197,-0.248,-0.291,-0.612,0.75,-0.763,0.637,0.575,0.373,-0.513,0.692,0.543,0.283,0.253,-0.568,0.071,0.628,0.691,-0.537,0.588,0.111,0.23,-0.352,0.657,-0.514,0.534,-0.517,-0.442,-0.022,-0.241,-0.141,0.032,0.687,-0.315,0.534,-0.559,0.247,0.341,-0.241,0.715,-0.047,-0.051,0.599,-0.442,0.832,-0.065,0.476,-0.12,0.789,0.034,0.473,-0.748,0.797,-0.355,-0.329,0.068,0.426,0.601,0.504,-0.686,0.702,0.615,0.096,0.568,0.797,-0.418,-0.228,-0.183,-0.324,0.154,-0.191,-0.331,0.045,0.701
ANDE,-0.474,0.395,0.008,-0.728,-0.311,-0.293,-0.343,0.079,-0.58,-0.297,0.497,-0.5,0.652,0.0,0.357,-0.705,0.379,-0.286,0.079,-0.542,-0.423,-0.194,0.723,0.496,-0.6,0.347,-0.134,0.438,0.112,0.298,-0.275,0.133,-0.569,0.115,0.775,0.313,-0.218,0.27,-0.723,0.203,0.529,0.472,0.063,-0.695,0.328,-0.144,0.104,-0.132,0.726,-0.012,-0.752,0.671,-0.198,0.355,0.651,0.295,0.5,0.697,0.647,0.088,0.273,-0.125,-0.491,0.662,0.356,0.263,0.79,-0.46,0.197,0.432,-0.586,0.534,-0.299,0.026,0.234,0.471,0.119,0.142,-0.78,-0.483,-0.446,0.517,0.359,-0.032,0.511,0.793,0.1,-0.717,0.501,-0.696,-0.394,-0.726,-0.215,-0.005,0.517,0.265,0.344,0.506,-0.448,-0.183,0.591,-0.033,-0.575,-0.502,0.566,-0.39,-0.064,-0.489,0.315,0.448,0.697,0.033,-0.522,0.324,0.681,0.255,0.568,-0.02,0.424,-0.429,-0.677,0.584,0.629,0.116,0.366,0.569,-0.141,0.258,-0.703,-0.343,0.307,-0.717,0.331,0.281,0.021,0.007,0.311,0.15,-0.283,-0.076,-0.573,0.061,0.694,0.364,-0.264,0.456,-0.308,-0.3,-0.595,0.2,-0.654,0.161,-0.131,-0.65,-0.2,-0.636,-0.556,0.126,0.5,-0.703,0.673,-0.475,0.217,-0.123,-0.644,0.303,-0.172,-0.337,0.162,-0.07,0.545,-0.33,0.38,0.218,0.55,-0.264,0.1,-0.464,0.628,-0.435,-0.078,-0.062,0.498,0.575,-0.018,-0.51,0.235,0.705,0.107,-0.0,0.494,-0.373,-0.449,-0.376,-0.513,0.519,-0.062,-0.163,-0.238,0.508
APLS,-0.023,0.822,0.628,-0.35,-0.001,0.329,0.531,0.585,-0.36,-0.018,0.802,-0.452,0.603,0.357,0.0,-0.677,0.78,0.346,0.616,-0.112,0.001,0.507,0.143,0.477,0.045,0.723,0.408,0.619,0.644,0.801,0.392,0.354,-0.155,0.26,0.558,0.757,-0.288,0.408,-0.375,0.759,0.785,0.794,0.249,-0.365,0.764,-0.229,-0.347,-0.503,0.389,0.778,-0.709,0.345,0.149,0.804,0.697,0.483,0.495,0.246,0.748,0.605,0.717,-0.749,-0.579,0.759,0.55,0.626,0.329,-0.381,0.777,0.302,-0.11,0.741,-0.387,0.088,0.577,0.667,-0.445,0.524,-0.443,0.185,-0.573,0.753,0.641,0.38,0.608,0.187,0.524,-0.701,0.78,-0.044,-0.019,-0.518,-0.413,0.433,0.778,0.579,0.138,0.724,-0.176,0.375,0.734,0.674,0.032,0.297,0.7,-0.78,-0.105,0.303,0.716,0.273,0.716,-0.044,-0.31,0.759,0.817,0.808,0.782,0.265,0.048,0.295,-0.33,0.8,0.782,0.656,0.625,0.841,-0.019,-0.299,-0.147,-0.681,0.79,-0.522,0.752,0.591,0.614,-0.321,0.522,0.628,0.405,0.234,-0.455,0.125,0.279,0.819,-0.593,0.077,0.436,0.181,-0.134,0.624,-0.094,0.621,-0.866,-0.516,0.353,-0.067,-0.205,-0.31,0.35,-0.297,0.419,-0.274,0.567,0.431,-0.204,0.595,0.073,0.293,0.418,-0.42,0.806,0.212,0.185,0.183,0.766,0.389,0.717,-0.685,0.572,-0.149,-0.203,0.18,0.244,0.558,0.689,-0.461,0.658,0.583,0.533,0.661,0.781,-0.448,-0.053,-0.252,0.033,-0.337,-0.257,-0.091,0.324,0.698
APPF,0.325,-0.665,-0.311,0.696,0.284,0.103,0.033,-0.353,0.563,0.191,-0.665,0.565,-0.72,-0.705,-0.677,0.0,-0.678,0.241,-0.386,0.523,0.489,0.047,-0.642,-0.456,0.492,-0.644,-0.02,-0.618,-0.417,-0.647,0.082,-0.258,0.609,-0.085,-0.816,-0.584,0.514,-0.28,0.677,-0.515,-0.76,-0.716,-0.162,0.716,-0.612,0.42,0.068,0.426,-0.717,-0.323,0.836,-0.738,0.269,-0.664,-0.76,-0.393,-0.42,-0.474,-0.768,-0.401,-0.528,0.565,0.739,-0.852,-0.599,-0.491,-0.747,0.609,-0.489,-0.567,0.475,-0.775,0.539,0.043,-0.42,-0.64,0.358,-0.441,0.734,0.322,0.675,-0.761,-0.592,-0.002,-0.617,-0.663,-0.264,0.891,-0.744,0.621,0.278,0.827,0.515,-0.176,-0.642,-0.519,-0.145,-0.755,0.641,0.031,-0.774,-0.284,0.557,0.294,-0.744,0.713,0.173,0.326,-0.524,-0.386,-0.852,-0.015,0.544,-0.479,-0.823,-0.492,-0.78,-0.033,-0.335,0.251,0.693,-0.794,-0.795,-0.406,-0.424,-0.782,0.172,0.041,0.676,0.725,-0.56,0.643,-0.525,-0.366,-0.251,0.302,-0.605,-0.429,0.02,-0.272,0.76,0.088,-0.703,-0.666,0.579,-0.517,0.08,0.124,0.568,-0.561,0.718,-0.473,0.449,0.733,0.071,0.51,0.515,0.161,-0.605,0.65,-0.63,0.595,-0.305,-0.02,0.546,-0.572,0.18,0.201,-0.332,0.453,-0.781,0.191,-0.31,-0.08,-0.799,0.109,-0.472,0.809,-0.763,0.439,0.23,0.086,-0.34,-0.666,-0.342,0.772,-0.534,-0.623,-0.188,-0.346,-0.728,0.555,0.426,0.478,0.439,-0.179,0.347,0.274,0.19,-0.681
ASML,-0.01,0.913,0.691,-0.243,0.193,0.479,0.513,0.606,-0.01,0.309,0.871,-0.315,0.744,0.379,0.78,-0.678,0.0,0.211,0.855,-0.165,-0.096,0.554,0.248,0.722,0.098,0.956,0.603,0.884,0.735,0.869,0.598,0.618,-0.417,0.577,0.586,0.898,-0.046,0.651,-0.162,0.914,0.952,0.802,0.619,-0.356,0.958,-0.212,0.031,-0.36,0.58,0.777,-0.591,0.631,0.037,0.873,0.819,0.792,0.507,0.359,0.856,0.857,0.895,-0.793,-0.654,0.906,0.765,0.893,0.397,-0.202,0.908,0.613,0.144,0.901,-0.128,-0.197,0.859,0.927,-0.583,0.859,-0.266,0.255,-0.384,0.949,0.93,0.273,0.894,0.303,0.803,-0.703,0.936,-0.208,0.352,-0.484,-0.304,0.666,0.875,0.904,0.375,0.762,-0.377,0.5,0.847,0.781,0.013,0.261,0.678,-0.784,0.216,0.252,0.732,0.459,0.867,0.381,-0.238,0.804,0.815,0.833,0.936,0.495,0.279,0.172,-0.431,0.914,0.9,0.839,0.652,0.884,0.306,-0.547,-0.049,-0.649,0.86,-0.643,0.891,0.733,0.68,-0.655,0.846,0.818,0.573,0.587,-0.38,0.293,0.429,0.792,-0.475,0.412,0.459,0.507,0.027,0.882,-0.31,0.891,-0.7,-0.304,0.414,0.081,0.058,-0.097,0.571,-0.08,0.577,-0.237,0.624,0.602,0.018,0.93,0.303,0.273,0.735,-0.443,0.957,0.349,0.635,-0.067,0.913,0.45,0.798,-0.774,0.571,-0.107,-0.526,0.333,0.406,0.717,0.864,-0.642,0.924,0.645,0.19,0.851,0.945,-0.201,0.072,-0.129,-0.084,-0.266,-0.033,-0.158,0.341,0.925
ATRC,0.05,0.155,0.49,0.153,0.343,0.388,0.528,0.364,0.146,-0.015,0.407,-0.07,0.163,-0.286,0.346,0.241,0.211,0.0,0.171,0.056,0.497,0.733,-0.314,-0.091,0.553,0.246,0.519,0.043,0.309,0.129,0.451,-0.122,0.454,0.452,-0.041,0.217,0.135,-0.028,0.201,0.384,0.14,0.073,-0.055,0.217,0.2,0.2,-0.328,-0.378,-0.155,0.637,-0.063,-0.288,0.211,0.344,0.085,0.14,-0.084,-0.288,0.125,0.225,0.142,-0.117,-0.062,0.048,0.222,0.18,-0.248,-0.007,0.404,-0.206,0.315,0.037,-0.064,-0.112,0.085,0.026,-0.327,0.092,0.192,0.444,-0.145,0.146,0.151,0.208,0.107,-0.342,0.256,0.062,0.091,0.438,0.145,0.164,-0.178,0.108,0.229,0.194,-0.251,0.313,0.323,0.301,0.112,0.455,0.567,0.618,0.307,-0.078,-0.175,0.716,0.433,-0.065,-0.004,-0.186,-0.117,0.311,0.22,0.458,0.158,0.137,-0.046,0.329,0.193,0.227,0.076,0.277,0.296,0.217,0.098,-0.299,0.574,-0.224,0.53,-0.057,0.338,0.264,0.383,-0.188,0.007,0.277,0.558,0.037,0.127,-0.024,-0.298,0.279,-0.247,-0.312,0.667,0.353,0.299,0.181,0.519,0.093,-0.575,0.083,0.257,0.368,0.239,-0.038,0.018,0.311,-0.12,0.065,0.06,0.41,0.34,0.181,0.017,0.317,0.176,-0.241,0.135,0.21,-0.006,-0.242,0.151,0.389,0.323,0.006,0.16,0.07,-0.163,0.081,-0.137,-0.177,0.42,0.103,0.226,-0.082,0.369,0.461,0.186,-0.154,0.394,0.217,0.35,-0.487,-0.225,-0.046,0.493,0.068
AVGO,0.301,0.845,0.576,0.13,0.368,0.617,0.668,0.575,0.268,0.551,0.614,-0.02,0.48,0.079,0.616,-0.386,0.855,0.171,0.0,0.213,0.073,0.562,-0.039,0.747,0.282,0.77,0.61,0.835,0.634,0.791,0.74,0.81,-0.262,0.422,0.174,0.826,0.165,0.761,0.123,0.782,0.775,0.675,0.747,-0.091,0.84,-0.151,0.14,-0.065,0.372,0.719,-0.193,0.462,0.25,0.629,0.582,0.768,0.483,0.291,0.598,0.823,0.877,-0.772,-0.367,0.663,0.506,0.832,0.058,0.155,0.822,0.504,0.357,0.718,0.157,-0.164,0.844,0.852,-0.517,0.907,0.07,0.522,-0.034,0.738,0.807,0.415,0.668,0.056,0.832,-0.406,0.826,0.083,0.632,-0.217,-0.039,0.792,0.715,0.79,0.541,0.415,-0.184,0.712,0.677,0.763,0.193,0.415,0.313,-0.621,0.408,0.393,0.528,0.484,0.623,0.584,0.209,0.724,0.478,0.757,0.722,0.682,0.036,0.34,-0.224,0.639,0.727,0.768,0.559,0.667,0.546,-0.681,0.184,-0.321,0.656,-0.422,0.75,0.731,0.663,-0.62,0.745,0.747,0.62,0.595,-0.078,0.483,0.233,0.581,-0.256,0.256,0.517,0.648,0.28,0.772,-0.038,0.89,-0.548,0.099,0.602,0.297,0.315,-0.189,0.285,0.239,0.346,0.06,0.685,0.679,0.207,0.781,0.53,0.427,0.81,-0.196,0.775,0.55,0.551,0.105,0.642,0.579,0.722,-0.597,0.232,0.179,-0.349,0.5,0.372,0.616,0.84,-0.347,0.815,0.517,0.056,0.807,0.777,0.125,0.145,-0.024,0.153,-0.43,0.275,0.07,0.402,0.814
AVT,0.611,0.028,0.142,0.794,0.517,0.621,0.592,-0.146,0.59,0.64,-0.319,0.603,-0.461,-0.542,-0.112,0.523,-0.165,0.056,0.213,0.0,0.638,0.289,-0.811,0.123,0.674,-0.203,0.119,-0.014,0.179,0.039,0.498,0.388,0.589,-0.097,-0.709,0.079,0.582,0.359,0.701,0.009,-0.311,-0.051,0.378,0.799,-0.017,0.289,-0.074,0.486,-0.661,0.155,0.653,-0.595,0.705,-0.353,-0.393,0.102,0.117,-0.255,-0.414,0.188,0.156,-0.023,0.653,-0.448,-0.584,0.096,-0.807,0.816,0.079,-0.373,0.652,-0.236,0.648,0.275,0.204,-0.06,0.176,0.117,0.707,0.734,0.674,-0.314,-0.111,0.572,-0.284,-0.739,0.264,0.626,-0.16,0.821,0.585,0.727,0.638,0.511,-0.163,-0.204,0.356,-0.585,0.677,0.626,-0.358,0.307,0.631,0.627,-0.683,0.223,0.529,0.512,-0.097,-0.204,-0.485,0.142,0.871,0.12,-0.51,0.031,-0.333,0.446,-0.663,0.783,0.574,-0.444,-0.292,0.187,-0.001,-0.3,0.515,-0.274,0.67,0.559,-0.285,0.483,-0.024,0.187,0.375,0.127,-0.257,0.147,0.422,-0.065,0.629,0.624,-0.701,-0.173,0.532,-0.578,0.411,0.45,0.762,-0.124,0.731,0.155,0.005,0.618,0.632,0.728,0.622,-0.206,-0.753,0.704,-0.374,0.82,0.285,0.463,0.603,-0.219,0.623,0.742,-0.024,0.443,-0.261,0.74,-0.189,0.399,-0.416,0.62,0.177,0.424,-0.766,0.818,0.35,0.625,0.059,-0.151,0.207,0.618,-0.073,-0.064,0.193,0.11,-0.223,0.669,0.499,0.604,0.788,-0.614,0.617,0.432,0.563,-0.178
AXDX,0.27,-0.053,0.25,0.612,0.418,0.606,0.499,-0.052,0.502,0.401,0.021,0.438,-0.251,-0.423,0.001,0.489,-0.096,0.497,0.073,0.638,0.0,0.59,-0.758,0.039,0.759,-0.086,0.239,-0.072,0.297,-0.046,0.511,0.074,0.686,0.225,-0.463,0.068,0.644,0.247,0.526,0.112,-0.197,-0.085,0.188,0.72,0.008,0.621,-0.18,0.342,-0.584,0.299,0.4,-0.623,0.7,-0.164,-0.204,0.196,0.145,-0.148,-0.132,0.118,0.06,0.18,0.579,-0.307,-0.367,0.057,-0.619,0.593,0.166,-0.467,0.602,-0.231,0.556,0.221,0.158,-0.078,0.241,-0.059,0.527,0.704,0.505,-0.205,-0.034,0.481,-0.13,-0.618,0.227,0.469,-0.115,0.726,0.429,0.654,0.565,0.355,0.007,-0.141,0.205,-0.258,0.723,0.552,-0.242,0.376,0.753,0.649,-0.392,0.368,0.363,0.636,0.163,-0.182,-0.378,-0.146,0.464,0.273,-0.251,0.172,-0.199,0.401,-0.306,0.691,0.435,-0.228,-0.227,0.26,0.187,-0.16,0.403,-0.177,0.752,0.421,0.086,0.247,0.097,0.373,0.412,0.165,-0.297,0.202,0.514,-0.168,0.576,0.529,-0.694,-0.082,0.426,-0.687,0.623,0.363,0.707,-0.079,0.694,0.032,-0.194,0.42,0.617,0.704,0.543,0.128,-0.546,0.557,-0.122,0.711,0.252,0.462,0.611,-0.181,0.528,0.69,-0.003,0.248,-0.182,0.613,-0.025,0.238,-0.24,0.618,0.223,0.495,-0.504,0.695,0.067,0.482,0.005,-0.236,0.223,0.535,-0.027,-0.042,0.333,0.222,-0.145,0.544,0.659,0.658,0.651,-0.597,0.402,0.38,0.726,-0.093
AXSM,0.133,0.522,0.747,0.339,0.484,0.778,0.777,0.488,0.419,0.446,0.575,-0.002,0.276,-0.194,0.507,0.047,0.554,0.733,0.562,0.289,0.59,0.0,-0.428,0.349,0.725,0.585,0.712,0.435,0.672,0.537,0.847,0.368,0.266,0.614,0.004,0.613,0.383,0.454,0.348,0.712,0.44,0.414,0.446,0.322,0.622,0.233,-0.157,-0.215,-0.072,0.813,-0.072,-0.103,0.448,0.516,0.341,0.592,0.191,-0.094,0.376,0.647,0.593,-0.404,-0.095,0.303,0.31,0.626,-0.251,0.268,0.738,0.047,0.613,0.392,0.204,-0.066,0.624,0.457,-0.42,0.489,0.301,0.707,-0.008,0.471,0.583,0.479,0.471,-0.347,0.705,-0.081,0.456,0.511,0.523,0.198,0.037,0.65,0.55,0.514,0.185,0.336,0.293,0.698,0.325,0.831,0.644,0.755,0.231,-0.317,0.248,0.846,0.591,0.127,0.237,0.174,0.11,0.691,0.347,0.692,0.46,0.515,-0.084,0.593,0.138,0.41,0.362,0.745,0.556,0.451,0.459,-0.604,0.654,-0.232,0.671,-0.178,0.683,0.663,0.769,-0.365,0.303,0.707,0.838,0.292,0.185,0.415,-0.283,0.493,-0.121,-0.2,0.816,0.689,0.594,0.559,0.446,0.594,-0.714,0.13,0.664,0.632,0.484,-0.09,0.015,0.493,0.154,0.27,0.444,0.789,0.542,0.501,0.447,0.678,0.49,-0.246,0.449,0.648,0.305,-0.021,0.442,0.78,0.668,-0.138,0.048,0.331,-0.397,0.504,0.198,0.245,0.784,-0.057,0.616,0.259,0.355,0.764,0.511,0.139,0.652,0.428,0.504,-0.655,0.114,0.038,0.764,0.447
AZN,-0.484,0.163,-0.248,-0.797,-0.374,-0.595,-0.572,0.218,-0.585,-0.489,0.31,-0.56,0.579,0.723,0.143,-0.642,0.248,-0.314,-0.039,-0.811,-0.758,-0.428,0.0,0.158,-0.794,0.224,-0.163,0.237,-0.251,0.134,-0.524,-0.041,-0.735,0.004,0.713,0.032,-0.545,-0.114,-0.79,0.003,0.404,0.226,-0.18,-0.908,0.108,-0.479,0.288,-0.315,0.845,-0.182,-0.631,0.804,-0.677,0.339,0.467,0.018,0.016,0.503,0.457,-0.095,0.037,-0.169,-0.671,0.555,0.52,0.052,0.899,-0.689,-0.021,0.562,-0.701,0.403,-0.527,-0.143,-0.027,0.272,-0.103,0.081,-0.729,-0.732,-0.584,0.406,0.189,-0.439,0.355,0.903,-0.152,-0.703,0.313,-0.907,-0.485,-0.851,-0.529,-0.341,0.303,0.231,-0.035,0.486,-0.799,-0.582,0.465,-0.311,-0.841,-0.765,0.615,-0.357,-0.351,-0.666,0.017,0.485,0.634,0.142,-0.655,-0.028,0.503,0.038,0.422,-0.23,0.624,-0.813,-0.665,0.471,0.483,-0.162,0.027,0.396,-0.292,0.195,-0.818,-0.432,0.208,-0.592,0.11,-0.05,-0.367,-0.158,0.412,-0.13,-0.508,0.103,-0.71,-0.383,0.908,0.234,-0.512,0.774,-0.571,-0.412,-0.815,0.17,-0.814,0.009,0.074,-0.592,-0.579,-0.811,-0.58,0.048,0.749,-0.72,0.425,-0.829,-0.116,-0.393,-0.735,0.295,-0.486,-0.697,0.14,-0.252,0.403,-0.686,0.231,-0.17,0.423,-0.632,-0.186,-0.574,0.79,-0.781,-0.161,-0.488,0.231,0.4,-0.175,-0.615,0.165,0.348,-0.247,-0.109,0.352,-0.565,-0.717,-0.679,-0.794,0.758,-0.337,-0.387,-0.622,0.304
BANR,0.068,0.791,0.402,-0.021,0.255,0.451,0.361,0.327,0.13,0.481,0.579,-0.102,0.514,0.496,0.477,-0.456,0.722,-0.091,0.747,0.123,0.039,0.349,0.158,0.0,0.067,0.635,0.398,0.837,0.545,0.682,0.527,0.832,-0.344,0.372,0.35,0.775,0.389,0.911,-0.114,0.619,0.736,0.705,0.735,-0.183,0.773,0.101,0.259,0.214,0.508,0.456,-0.34,0.548,0.328,0.436,0.7,0.818,0.737,0.685,0.684,0.642,0.829,-0.485,-0.219,0.696,0.302,0.773,0.301,0.212,0.679,0.434,0.172,0.675,0.327,0.004,0.83,0.873,-0.04,0.714,-0.176,0.283,0.095,0.718,0.772,0.51,0.744,0.293,0.756,-0.472,0.797,-0.12,0.474,-0.285,0.269,0.751,0.733,0.608,0.867,0.3,-0.112,0.588,0.696,0.564,-0.016,0.121,0.234,-0.475,0.566,0.076,0.462,0.645,0.674,0.546,0.144,0.764,0.533,0.644,0.709,0.7,0.12,0.167,-0.374,0.622,0.77,0.665,0.641,0.671,0.554,-0.316,-0.055,-0.071,0.501,-0.589,0.747,0.779,0.573,-0.373,0.574,0.65,0.364,0.299,-0.087,0.736,0.375,0.448,0.023,0.266,0.309,0.41,0.172,0.566,-0.206,0.76,-0.35,-0.094,0.545,0.093,0.132,-0.012,0.217,0.006,0.66,0.12,0.755,0.568,-0.039,0.645,0.612,0.335,0.647,0.146,0.755,0.495,0.692,0.38,0.623,0.475,0.566,-0.437,0.22,0.18,-0.234,0.636,0.741,0.79,0.588,-0.246,0.643,0.815,0.111,0.533,0.756,0.255,0.081,0.031,0.011,-0.077,0.527,0.253,0.401,0.843
BBIO,0.455,0.113,0.532,0.715,0.638,0.792,0.742,0.056,0.71,0.64,0.073,0.461,-0.171,-0.6,0.045,0.492,0.098,0.553,0.282,0.674,0.759,0.725,-0.794,0.067,0.0,0.146,0.467,0.104,0.423,0.114,0.753,0.228,0.617,0.43,-0.486,0.23,0.62,0.337,0.797,0.362,-0.111,-0.027,0.396,0.798,0.219,0.405,-0.187,0.132,-0.603,0.505,0.465,-0.537,0.522,0.031,-0.225,0.282,-0.052,-0.428,-0.202,0.443,0.257,-0.101,0.392,-0.26,-0.161,0.298,-0.708,0.66,0.38,-0.277,0.844,-0.095,0.561,-0.103,0.345,0.037,-0.132,0.264,0.726,0.808,0.466,-0.046,0.154,0.462,0.022,-0.76,0.495,0.513,-0.047,0.809,0.636,0.733,0.414,0.55,0.029,0.148,0.13,-0.184,0.584,0.652,-0.236,0.618,0.843,0.865,-0.336,0.133,0.415,0.816,0.262,-0.296,-0.332,0.08,0.477,0.298,-0.228,0.285,-0.095,0.516,-0.407,0.772,0.583,-0.146,-0.161,0.469,0.12,-0.097,0.563,-0.428,0.927,0.213,0.163,0.312,0.279,0.303,0.607,-0.211,-0.056,0.404,0.792,0.138,0.549,0.505,-0.712,0.112,0.27,-0.487,0.743,0.744,0.862,0.171,0.689,0.311,-0.319,0.548,0.625,0.89,0.744,-0.081,-0.437,0.813,-0.3,0.651,0.176,0.699,0.867,0.138,0.587,0.771,0.195,0.083,-0.062,0.781,0.095,-0.085,-0.116,0.744,0.442,0.283,-0.5,0.651,-0.1,0.597,-0.075,-0.18,0.516,0.404,0.231,-0.132,0.235,0.479,-0.006,0.458,0.769,0.766,0.759,-0.76,0.339,0.244,0.794,-0.016
BCYC,-0.074,0.86,0.74,-0.222,0.255,0.518,0.5,0.535,0.038,0.329,0.87,-0.321,0.774,0.347,0.723,-0.644,0.956,0.246,0.77,-0.203,-0.086,0.585,0.224,0.635,0.146,0.0,0.593,0.868,0.767,0.834,0.578,0.552,-0.385,0.66,0.569,0.868,-0.065,0.581,-0.099,0.932,0.895,0.754,0.609,-0.293,0.938,-0.217,-0.011,-0.442,0.53,0.761,-0.573,0.593,-0.05,0.868,0.765,0.768,0.406,0.243,0.807,0.884,0.863,-0.762,-0.672,0.862,0.78,0.892,0.378,-0.189,0.917,0.581,0.2,0.877,-0.156,-0.294,0.823,0.865,-0.661,0.827,-0.205,0.247,-0.42,0.936,0.928,0.227,0.867,0.273,0.818,-0.667,0.876,-0.191,0.327,-0.428,-0.361,0.651,0.838,0.898,0.277,0.763,-0.372,0.459,0.759,0.801,0.012,0.263,0.685,-0.751,0.167,0.291,0.765,0.391,0.818,0.367,-0.295,0.784,0.791,0.783,0.926,0.461,0.247,0.151,-0.403,0.876,0.857,0.86,0.61,0.854,0.334,-0.545,0.009,-0.688,0.851,-0.619,0.864,0.711,0.704,-0.722,0.828,0.846,0.633,0.548,-0.355,0.25,0.38,0.78,-0.48,0.435,0.458,0.578,0.054,0.9,-0.3,0.865,-0.71,-0.299,0.348,0.139,0.101,-0.073,0.561,-0.028,0.519,-0.28,0.498,0.64,0.09,0.941,0.268,0.268,0.719,-0.517,0.924,0.343,0.607,-0.188,0.905,0.462,0.797,-0.758,0.56,-0.119,-0.58,0.342,0.375,0.661,0.866,-0.67,0.931,0.566,0.155,0.855,0.919,-0.22,0.145,-0.038,-0.064,-0.284,-0.095,-0.238,0.359,0.849
BHFAP,0.244,0.491,0.541,0.211,0.48,0.655,0.625,0.594,0.37,0.464,0.478,0.05,0.314,-0.134,0.408,-0.02,0.603,0.519,0.61,0.119,0.239,0.712,-0.163,0.398,0.467,0.593,0.0,0.478,0.559,0.527,0.701,0.465,0.033,0.558,0.075,0.573,0.275,0.409,0.238,0.675,0.504,0.362,0.518,0.112,0.634,-0.018,0.14,-0.187,0.131,0.674,-0.059,0.128,0.165,0.52,0.325,0.62,0.145,0.042,0.369,0.635,0.589,-0.489,-0.251,0.376,0.448,0.609,-0.129,0.152,0.672,0.272,0.566,0.453,0.16,-0.033,0.635,0.527,-0.46,0.582,0.274,0.552,0.004,0.528,0.654,0.225,0.584,-0.168,0.669,-0.173,0.509,0.251,0.587,0.054,-0.091,0.598,0.473,0.605,0.201,0.322,-0.004,0.512,0.399,0.685,0.377,0.452,0.279,-0.389,0.335,0.592,0.363,0.289,0.354,0.366,0.065,0.51,0.321,0.535,0.493,0.443,0.104,0.292,0.083,0.459,0.413,0.665,0.365,0.4,0.428,-0.658,0.48,-0.251,0.61,-0.189,0.6,0.524,0.586,-0.532,0.521,0.625,0.686,0.527,0.077,0.29,0.002,0.461,-0.115,0.117,0.671,0.614,0.445,0.66,0.205,0.65,-0.505,0.097,0.507,0.513,0.472,-0.048,0.282,0.41,0.228,0.099,0.435,0.659,0.404,0.602,0.398,0.476,0.528,-0.22,0.512,0.519,0.425,-0.156,0.461,0.581,0.537,-0.238,0.195,0.198,-0.465,0.347,0.215,0.28,0.753,-0.224,0.701,0.209,0.082,0.755,0.543,0.144,0.398,0.217,0.179,-0.44,0.099,-0.011,0.521,0.482
BKR,-0.01,0.9,0.63,-0.098,0.382,0.517,0.492,0.446,0.09,0.472,0.763,-0.222,0.748,0.438,0.619,-0.618,0.884,0.043,0.835,-0.014,-0.072,0.435,0.237,0.837,0.104,0.868,0.478,0.0,0.693,0.819,0.543,0.801,-0.364,0.501,0.432,0.888,0.101,0.776,-0.09,0.825,0.837,0.802,0.735,-0.238,0.891,-0.163,0.096,-0.133,0.562,0.649,-0.439,0.662,0.088,0.651,0.739,0.842,0.542,0.419,0.726,0.846,0.918,-0.706,-0.482,0.818,0.534,0.918,0.35,0.055,0.86,0.535,0.177,0.816,0.029,-0.184,0.845,0.914,-0.466,0.88,-0.156,0.324,-0.183,0.881,0.895,0.422,0.806,0.299,0.859,-0.592,0.903,-0.157,0.43,-0.389,-0.104,0.752,0.799,0.773,0.6,0.542,-0.325,0.564,0.765,0.729,-0.061,0.195,0.467,-0.648,0.334,0.152,0.692,0.607,0.774,0.54,-0.036,0.81,0.662,0.789,0.862,0.665,0.08,0.135,-0.45,0.752,0.884,0.807,0.638,0.826,0.581,-0.459,-0.033,-0.421,0.694,-0.646,0.815,0.778,0.691,-0.643,0.746,0.817,0.544,0.403,-0.267,0.503,0.454,0.645,-0.262,0.434,0.365,0.571,0.084,0.766,-0.293,0.863,-0.567,-0.161,0.446,0.107,0.119,-0.168,0.369,0.033,0.551,-0.122,0.621,0.667,-0.001,0.862,0.407,0.3,0.779,-0.228,0.898,0.429,0.624,0.086,0.789,0.483,0.75,-0.72,0.437,0.034,-0.346,0.558,0.618,0.776,0.766,-0.468,0.824,0.712,0.1,0.731,0.895,0.007,0.046,-0.016,-0.007,-0.213,0.192,0.015,0.352,0.883
BLDP,0.037,0.733,0.848,0.093,0.357,0.752,0.707,0.305,0.15,0.498,0.665,-0.099,0.466,0.112,0.644,-0.417,0.735,0.309,0.634,0.179,0.297,0.672,-0.251,0.545,0.423,0.767,0.559,0.693,0.0,0.73,0.68,0.506,0.081,0.475,0.282,0.857,0.199,0.589,0.135,0.842,0.634,0.686,0.599,0.17,0.817,0.122,-0.255,-0.182,0.084,0.783,-0.354,0.143,0.373,0.549,0.555,0.744,0.518,0.071,0.56,0.79,0.765,-0.511,-0.213,0.56,0.324,0.804,-0.043,0.129,0.84,0.152,0.438,0.619,0.041,0.005,0.732,0.647,-0.435,0.612,0.029,0.582,-0.126,0.687,0.787,0.522,0.638,-0.155,0.764,-0.343,0.706,0.254,0.412,-0.019,-0.047,0.754,0.593,0.584,0.321,0.486,0.115,0.743,0.55,0.875,0.353,0.552,0.357,-0.489,0.315,0.483,0.767,0.156,0.466,0.085,0.001,0.772,0.574,0.715,0.682,0.45,-0.145,0.526,-0.139,0.609,0.585,0.894,0.665,0.648,0.368,-0.429,0.293,-0.429,0.684,-0.28,0.731,0.713,0.872,-0.425,0.433,0.897,0.797,0.32,-0.076,0.43,-0.059,0.602,-0.061,-0.068,0.729,0.56,0.38,0.686,0.066,0.73,-0.706,-0.164,0.658,0.47,0.217,-0.099,0.056,0.185,0.453,0.196,0.572,0.708,0.288,0.634,0.413,0.616,0.468,-0.321,0.68,0.65,0.39,0.095,0.682,0.749,0.884,-0.374,0.184,0.358,-0.31,0.613,0.379,0.487,0.811,-0.302,0.697,0.488,0.442,0.767,0.696,0.077,0.5,0.342,0.311,-0.598,0.029,0.106,0.671,0.657
BLFS,-0.015,0.936,0.715,-0.127,0.232,0.528,0.61,0.619,-0.046,0.333,0.743,-0.37,0.601,0.298,0.801,-0.647,0.869,0.129,0.791,0.039,-0.046,0.537,0.134,0.682,0.114,0.834,0.527,0.819,0.73,0.0,0.56,0.693,-0.286,0.288,0.472,0.911,-0.091,0.626,-0.19,0.849,0.849,0.912,0.528,-0.261,0.912,-0.286,-0.105,-0.36,0.464,0.764,-0.521,0.49,0.166,0.718,0.751,0.739,0.439,0.257,0.721,0.806,0.916,-0.831,-0.54,0.784,0.527,0.882,0.284,-0.09,0.889,0.445,0.156,0.86,-0.184,0.056,0.817,0.829,-0.576,0.774,-0.215,0.338,-0.384,0.874,0.855,0.492,0.736,0.146,0.75,-0.654,0.9,-0.014,0.302,-0.431,-0.283,0.717,0.761,0.696,0.383,0.592,-0.259,0.541,0.79,0.798,-0.005,0.293,0.546,-0.844,0.136,0.318,0.671,0.472,0.763,0.33,-0.089,0.834,0.715,0.809,0.858,0.478,-0.045,0.303,-0.399,0.761,0.853,0.832,0.675,0.861,0.322,-0.54,-0.043,-0.575,0.707,-0.497,0.838,0.722,0.741,-0.464,0.665,0.84,0.533,0.461,-0.4,0.358,0.33,0.74,-0.418,0.279,0.433,0.431,0.084,0.793,-0.138,0.868,-0.76,-0.395,0.51,0.135,0.015,-0.432,0.321,-0.032,0.495,-0.173,0.642,0.598,-0.033,0.758,0.263,0.384,0.545,-0.344,0.878,0.415,0.344,0.204,0.829,0.532,0.805,-0.715,0.474,0.014,-0.335,0.428,0.501,0.779,0.836,-0.489,0.833,0.68,0.299,0.749,0.901,-0.169,0.111,-0.114,0.112,-0.368,-0.023,-0.093,0.386,0.811
BLKB,0.342,0.576,0.717,0.507,0.535,0.857,0.834,0.368,0.593,0.702,0.441,0.203,0.138,-0.275,0.392,0.082,0.598,0.451,0.74,0.498,0.511,0.847,-0.524,0.527,0.753,0.578,0.701,0.543,0.68,0.56,0.0,0.612,0.183,0.553,-0.115,0.663,0.541,0.67,0.549,0.711,0.448,0.433,0.686,0.431,0.68,0.258,-0.028,0.047,-0.119,0.733,0.114,-0.065,0.55,0.408,0.313,0.683,0.32,-0.06,0.309,0.761,0.706,-0.471,0.037,0.274,0.231,0.716,-0.358,0.486,0.734,0.091,0.749,0.368,0.444,-0.111,0.758,0.558,-0.375,0.674,0.441,0.781,0.244,0.452,0.627,0.565,0.497,-0.435,0.841,0.028,0.484,0.538,0.787,0.317,0.253,0.837,0.497,0.576,0.419,0.167,0.312,0.839,0.313,0.851,0.688,0.794,0.006,-0.301,0.517,0.753,0.494,0.108,0.199,0.382,0.389,0.668,0.206,0.657,0.407,0.673,-0.201,0.714,0.197,0.341,0.342,0.793,0.506,0.377,0.618,-0.667,0.683,-0.073,0.51,-0.077,0.691,0.658,0.809,-0.456,0.386,0.748,0.865,0.44,0.33,0.608,-0.322,0.403,0.065,-0.186,0.785,0.836,0.75,0.573,0.41,0.733,-0.544,0.333,0.796,0.738,0.609,-0.124,-0.078,0.622,0.16,0.481,0.585,0.851,0.65,0.569,0.701,0.748,0.563,-0.088,0.44,0.843,0.447,0.024,0.381,0.87,0.715,-0.13,-0.179,0.512,-0.369,0.707,0.212,0.301,0.832,0.022,0.639,0.273,0.233,0.761,0.492,0.388,0.677,0.457,0.531,-0.722,0.368,0.187,0.784,0.528
