,ABAT,ACLS,ACMR,ADMA,ADUS,ADVM,AEIS,AGNCM,AHCO,ALGT,ALLO,AMSF,ANAB,ANDE,APLS,APPF,ASML,ATRC,AVGO,AVT,AXDX,AXSM,AZN,BANR,BBIO,BCYC,BHFAP,BKR,BLDP,BLFS,BLKB,BLMN,BNTX,BPMC,CALM,CAMT,CASH,CATY,CCEP,CDLX,CDNS,CENN,CENX,CGC,CHDN,CLBK,COKE,COLB,COO,CORT,CRMT,CRNX,CRTO,CRVL,CSCO,CSQ,CSWI,CVBF,CWST,CYCC,CZR,DLTR,DORM,ENTA,EQIX,ERIC,EVRG,EWBC,EXAS,EXLS,EXPI,EYE,FBNC,FBRX,FCNCA,FELE,FIBK,FLEX,FRGT,FRHC,FRME,FWONA,FWONK,GDEN,GIII,GILD,GLNG,GNTX,GOOGL,GRPN,HCSG,HIMX,HOPE,HST,HTLD,HUT,HWC,ICUI,IESC,INTC,INTU,IOVA,IPAR,IPGP,ISRG,JBSS,KALU,KPRX,KRNT,LAUR,LBRDA,LBTYK,LECO,LILAK,LITE,MANH,MDXG,MFIC,MGEE,MIDD,MLAB,MMSI,MNKD,MOMO,MRVL,NICE,NMFC,NUWE,NVCR,NWBI,OFIX,OFLX,OMCL,OPK,ORKA,ORLY,OTTR,PDD,PNTG,POOL,POWL,PPBI,PPC,PRAA,PRPL,PZZA,QTRX,QURE,RDFN,RDHL,REAL,REG,REYN,RGLD,RIOT,RUN,RYTM,SAIA,SBAC,SBRA,SCVL,SHOO,SLAB,SLDB,SMCI,SMTC,SRCE,SSP,SSRM,STBA,STRO,SVC,SYBT,TCBI,TCOM,TENX,TH,TMUS,TNDM,TTD,TTMI,UAL,ULH,ULTA,VCYT,VIRT,VKTX,VOD,VRDN,VREX,VRNT,VSAT,WB,WBD,WDC,WEN,WSFS,XXII,Z,ZBRA
ABAT,0.0,0.579,-0.188,0.809,0.09,0.632,-0.011,0.568,0.433,-0.013,0.788,-0.72,0.111,-0.119,-0.922,-0.485,0.696,0.49,0.639,0.068,0.775,-0.78,0.701,-0.437,-0.571,0.593,0.434,-0.689,0.603,-0.395,0.775,0.478,0.68,-0.675,0.222,0.294,0.04,0.147,-0.712,-0.517,-0.153,0.497,-0.824,0.668,-0.374,-0.169,0.235,0.206,0.258,0.697,0.142,0.493,-0.566,-0.816,0.257,0.604,0.079,-0.297,-0.09,-0.612,-0.382,-0.729,0.27,0.526,0.82,0.416,0.059,0.449,0.324,-0.545,0.94,-0.586,-0.241,0.017,-0.181,-0.176,-0.655,0.074,0.064,0.186,-0.236,0.325,0.294,-0.772,0.025,0.72,-0.184,-0.33,0.834,-0.742,0.578,0.8,-0.135,-0.723,0.56,-0.243,-0.392,-0.456,-0.229,0.267,0.092,-0.618,0.276,-0.098,-0.883,-0.051,-0.77,0.541,0.613,-0.767,0.035,0.099,-0.045,-0.785,-0.526,0.598,-0.285,0.665,-0.723,0.23,-0.279,0.239,0.795,0.739,0.651,-0.763,-0.034,0.637,-0.31,-0.302,-0.349,0.587,0.399,0.753,0.254,-0.667,-0.708,0.1,-0.549,-0.385,-0.697,0.413,0.651,-0.751,0.545,0.749,0.479,-0.291,0.234,0.345,0.11,0.713,0.2,-0.444,-0.385,-0.529,0.355,-0.267,0.537,-0.229,0.57,-0.667,0.435,-0.372,0.42,0.334,-0.351,-0.282,-0.546,-0.036,-0.018,-0.812,0.338,-0.327,-0.649,0.754,0.066,-0.349,0.473,0.102,-0.436,-0.762,0.239,-0.057,0.686,0.629,0.776,0.308,-0.01,0.816,0.791,0.856,0.789,0.784,0.28,-0.597,-0.451,0.057,-0.101,-0.16
ACLS,0.579,0.0,0.326,0.695,0.485,0.705,0.679,0.583,0.373,0.476,0.636,-0.554,0.482,0.352,-0.663,-0.789,0.932,0.51,0.88,0.662,0.313,-0.355,0.789,0.222,0.03,0.867,0.297,0.069,0.869,0.101,0.73,0.862,0.639,-0.401,-0.389,0.784,0.212,0.649,-0.478,-0.797,0.352,0.155,-0.292,0.56,0.218,0.034,-0.493,0.695,0.842,0.744,0.666,0.657,-0.447,-0.372,0.439,0.867,0.648,0.216,-0.489,-0.436,0.277,-0.316,0.712,0.613,0.603,-0.167,0.091,0.819,0.794,-0.027,0.7,0.004,0.362,0.658,0.438,0.271,-0.082,0.336,-0.314,0.552,0.296,-0.081,-0.118,-0.242,0.455,0.815,0.483,0.223,0.713,-0.679,0.52,0.598,0.502,-0.038,0.715,0.221,0.34,0.015,0.296,0.852,0.467,0.085,0.104,0.597,-0.532,-0.448,-0.255,0.756,0.901,-0.193,0.02,-0.015,0.308,-0.437,-0.298,0.85,-0.435,0.853,-0.596,0.493,0.316,0.267,0.297,0.806,0.893,-0.364,0.498,0.732,0.365,0.271,0.237,0.117,0.503,0.304,0.854,-0.116,-0.401,-0.167,-0.305,-0.281,-0.11,0.783,0.365,-0.653,0.661,0.574,0.954,-0.076,0.638,-0.288,0.799,0.816,-0.526,-0.573,0.201,-0.021,0.59,0.392,0.246,0.209,0.461,-0.174,0.808,-0.696,0.743,0.804,0.177,-0.503,-0.796,0.524,0.601,-0.469,0.066,0.443,-0.219,0.687,-0.366,-0.411,0.24,0.48,0.082,-0.052,0.778,0.581,0.644,0.013,0.573,0.448,0.574,0.679,0.785,0.694,0.305,0.584,-0.224,-0.33,0.186,0.531,0.472,0.459
ACMR,-0.188,0.326,0.0,0.172,0.709,0.351,0.833,0.053,0.288,0.607,-0.134,0.337,0.524,0.409,0.269,-0.248,0.234,0.295,0.391,0.772,-0.306,0.257,0.163,0.824,0.586,0.223,-0.375,0.695,0.319,0.396,0.069,0.59,0.19,0.39,-0.392,0.472,0.452,0.672,0.407,-0.011,0.51,-0.416,0.592,-0.085,0.863,0.534,-0.413,0.639,0.487,0.128,0.728,0.418,0.053,0.456,0.313,0.326,0.798,0.84,-0.19,0.284,0.799,0.585,0.668,0.335,-0.275,-0.44,-0.391,0.503,0.516,0.662,-0.098,0.669,0.778,0.539,0.859,0.788,0.697,0.55,-0.048,0.276,0.706,0.024,-0.099,0.567,0.519,0.357,0.499,0.812,0.106,0.081,0.005,-0.198,0.805,0.522,0.452,0.537,0.798,0.682,0.818,0.339,0.405,0.712,-0.157,0.8,0.218,-0.157,0.621,0.344,0.308,0.471,0.093,0.266,0.814,0.418,0.382,0.377,-0.019,0.253,0.177,0.44,0.494,0.3,-0.125,-0.0,0.366,0.322,0.672,0.248,0.572,0.843,0.569,-0.386,0.449,-0.34,0.545,0.632,0.385,0.121,0.497,0.536,0.663,0.594,0.117,-0.107,0.395,-0.038,0.361,0.727,0.575,-0.474,0.663,-0.047,-0.592,-0.218,0.542,0.785,0.582,0.859,-0.434,0.294,-0.118,0.677,0.667,-0.368,0.531,0.61,0.782,0.074,-0.316,0.722,0.819,0.243,-0.107,0.779,0.385,-0.079,-0.366,0.285,0.235,0.293,0.742,0.397,0.65,0.626,0.162,-0.498,-0.025,0.401,0.634,0.096,0.116,-0.106,-0.337,-0.125,-0.457,0.158,0.776,0.595,0.873,0.795
ADMA,0.809,0.695,0.172,0.0,0.421,0.863,0.34,0.721,0.422,0.143,0.616,-0.655,0.301,0.202,-0.734,-0.439,0.809,0.387,0.737,0.45,0.518,-0.551,0.796,-0.083,-0.227,0.703,0.499,-0.361,0.596,-0.085,0.663,0.675,0.528,-0.479,-0.073,0.41,0.153,0.286,-0.544,-0.562,0.29,0.159,-0.583,0.455,-0.023,-0.012,-0.064,0.326,0.53,0.666,0.321,0.579,-0.416,-0.511,0.203,0.763,0.343,-0.019,0.012,-0.653,0.015,-0.505,0.5,0.458,0.723,0.191,0.007,0.482,0.446,-0.181,0.797,-0.373,-0.024,0.337,0.124,0.053,-0.379,0.249,0.244,0.348,-0.066,0.458,0.402,-0.448,0.027,0.87,-0.074,-0.008,0.917,-0.62,0.347,0.581,0.145,-0.456,0.768,-0.262,-0.127,-0.15,0.089,0.393,0.485,-0.355,0.221,0.23,-0.691,-0.237,-0.493,0.529,0.721,-0.329,0.268,0.107,0.222,-0.536,-0.557,0.635,-0.343,0.644,-0.576,0.262,-0.119,0.401,0.563,0.648,0.768,-0.453,0.327,0.712,-0.123,-0.052,-0.063,0.313,0.628,0.44,0.577,-0.398,-0.524,0.244,-0.273,-0.308,-0.498,0.599,0.727,-0.591,0.612,0.574,0.608,0.007,0.373,0.134,0.364,0.664,-0.101,-0.354,-0.36,-0.305,0.572,0.151,0.539,0.022,0.305,-0.467,0.716,-0.424,0.651,0.652,-0.069,-0.202,-0.509,0.213,0.274,-0.657,0.073,-0.053,-0.272,0.776,-0.171,-0.077,0.513,0.316,-0.072,-0.548,0.587,0.15,0.641,0.322,0.586,0.457,0.108,0.754,0.721,0.686,0.533,0.54,0.119,-0.262,-0.09,0.089,0.271,0.033
ADUS,0.09,0.485,0.709,0.421,0.0,0.54,0.743,0.479,0.248,0.629,-0.084,0.159,0.264,0.609,0.053,-0.251,0.388,0.292,0.495,0.801,-0.1,0.272,0.551,0.768,0.608,0.264,0.028,0.51,0.377,0.473,0.121,0.606,0.081,0.32,-0.442,0.352,0.257,0.631,0.243,-0.105,0.605,-0.595,0.336,-0.213,0.739,0.632,-0.31,0.605,0.624,0.122,0.672,0.566,0.001,0.32,0.184,0.547,0.706,0.768,-0.013,0.064,0.752,0.464,0.789,0.245,-0.104,-0.431,-0.135,0.437,0.565,0.725,0.09,0.496,0.657,0.726,0.681,0.731,0.548,0.661,-0.041,0.211,0.485,0.23,0.097,0.464,0.311,0.445,0.384,0.795,0.336,-0.189,-0.023,-0.165,0.762,0.363,0.642,0.293,0.619,0.724,0.743,0.316,0.447,0.498,-0.307,0.701,0.06,-0.312,0.467,0.364,0.461,0.352,0.474,0.308,0.807,0.345,0.222,0.475,-0.391,0.31,0.2,0.202,0.543,0.641,0.017,0.221,0.443,0.22,0.718,0.499,0.533,0.724,0.678,-0.555,0.742,-0.368,0.611,0.536,0.383,0.182,0.509,0.432,0.386,0.65,0.407,-0.123,0.706,-0.052,0.44,0.705,0.615,-0.382,0.595,0.144,-0.44,-0.373,0.229,0.577,0.847,0.791,-0.029,0.374,-0.269,0.438,0.757,-0.199,0.881,0.791,0.745,-0.108,-0.359,0.721,0.774,0.044,-0.361,0.586,0.316,0.158,-0.666,0.368,0.578,0.39,0.752,0.165,0.761,0.718,0.048,-0.544,0.017,0.548,0.613,0.283,0.162,-0.032,-0.247,-0.082,-0.565,0.174,0.714,0.561,0.84,0.65
ADVM,0.632,0.705,0.351,0.863,0.54,0.0,0.498,0.677,0.282,0.28,0.499,-0.571,0.26,0.25,-0.588,-0.447,0.797,0.38,0.745,0.597,0.317,-0.395,0.736,0.096,-0.029,0.681,0.361,-0.128,0.594,0.039,0.614,0.718,0.506,-0.274,-0.199,0.487,0.144,0.396,-0.413,-0.48,0.483,0.078,-0.412,0.358,0.168,0.003,-0.236,0.409,0.551,0.606,0.457,0.675,-0.343,-0.4,0.241,0.775,0.447,0.133,-0.012,-0.476,0.214,-0.325,0.577,0.443,0.583,-0.046,-0.158,0.531,0.596,0.04,0.689,-0.15,0.156,0.472,0.281,0.154,-0.199,0.351,0.105,0.367,0.068,0.365,0.302,-0.254,0.155,0.843,0.079,0.182,0.859,-0.665,0.3,0.418,0.267,-0.219,0.758,-0.089,0.071,0.024,0.242,0.462,0.616,-0.128,-0.032,0.424,-0.49,-0.348,-0.31,0.558,0.75,-0.14,0.375,0.09,0.384,-0.426,-0.395,0.683,-0.362,0.614,-0.513,0.309,-0.007,0.401,0.438,0.578,0.796,-0.288,0.382,0.648,0.109,0.12,0.101,0.169,0.599,0.23,0.604,-0.185,-0.438,0.138,-0.152,-0.132,-0.34,0.675,0.655,-0.588,0.603,0.478,0.648,0.139,0.461,-0.022,0.525,0.584,-0.28,-0.378,-0.211,-0.105,0.637,0.352,0.362,-0.014,0.223,-0.233,0.782,-0.514,0.711,0.756,0.062,-0.377,-0.526,0.296,0.4,-0.542,-0.002,0.134,-0.057,0.661,-0.33,0.014,0.471,0.485,0.056,-0.33,0.653,0.286,0.592,0.067,0.527,0.344,0.262,0.647,0.641,0.558,0.365,0.416,-0.054,-0.193,0.062,0.167,0.469,0.196
AEIS,-0.011,0.679,0.833,0.34,0.743,0.498,0.0,0.233,0.321,0.682,0.158,0.012,0.604,0.501,-0.017,-0.567,0.577,0.392,0.674,0.927,-0.182,0.118,0.446,0.786,0.57,0.568,-0.186,0.66,0.621,0.342,0.336,0.819,0.37,0.146,-0.576,0.742,0.406,0.833,0.124,-0.404,0.594,-0.283,0.395,0.139,0.795,0.409,-0.652,0.823,0.746,0.419,0.882,0.597,-0.123,0.237,0.479,0.632,0.94,0.737,-0.42,0.045,0.807,0.345,0.857,0.521,0.029,-0.533,-0.248,0.748,0.781,0.542,0.161,0.541,0.804,0.783,0.87,0.708,0.562,0.536,-0.256,0.485,0.71,-0.142,-0.224,0.381,0.638,0.582,0.677,0.762,0.315,-0.203,0.187,0.06,0.87,0.474,0.626,0.551,0.833,0.522,0.776,0.69,0.579,0.676,-0.118,0.961,0.016,-0.38,0.424,0.6,0.654,0.372,0.086,0.14,0.74,0.167,0.168,0.669,-0.242,0.574,-0.101,0.582,0.613,0.282,-0.097,0.317,0.672,0.166,0.781,0.478,0.667,0.8,0.578,-0.321,0.496,-0.217,0.835,0.511,0.138,-0.12,0.19,0.264,0.521,0.795,0.144,-0.332,0.529,0.172,0.733,0.485,0.747,-0.582,0.92,0.286,-0.794,-0.443,0.587,0.629,0.639,0.88,-0.267,0.349,0.103,0.503,0.855,-0.608,0.7,0.836,0.709,-0.172,-0.623,0.826,0.941,0.034,-0.113,0.869,0.247,0.239,-0.525,0.01,0.163,0.501,0.632,0.407,0.847,0.812,0.325,-0.494,0.185,0.418,0.787,0.315,0.389,0.182,-0.208,0.102,-0.498,0.097,0.731,0.72,0.869,0.862
AGNCM,0.568,0.583,0.053,0.721,0.479,0.677,0.233,0.0,0.078,0.117,0.237,-0.557,0.09,0.373,-0.468,-0.22,0.623,0.11,0.465,0.332,0.207,-0.189,0.774,-0.025,0.08,0.504,0.695,-0.206,0.3,0.292,0.3,0.44,0.132,-0.218,-0.26,0.169,-0.054,0.072,-0.382,-0.469,0.444,-0.181,-0.438,0.053,0.024,0.076,-0.204,0.093,0.587,0.276,0.148,0.392,-0.257,-0.275,-0.189,0.598,0.142,-0.03,0.152,-0.568,0.141,-0.35,0.302,0.007,0.499,-0.005,0.272,0.178,0.339,0.048,0.481,-0.283,-0.085,0.486,-0.004,-0.025,-0.285,0.279,0.079,0.36,-0.226,0.338,0.26,-0.179,-0.255,0.555,-0.157,0.01,0.66,-0.526,-0.006,0.183,0.073,-0.247,0.522,-0.279,-0.153,0.123,0.056,0.247,0.438,-0.239,-0.142,0.17,-0.464,-0.417,-0.311,0.266,0.53,-0.122,0.568,-0.063,0.158,-0.321,-0.48,0.335,-0.548,0.331,-0.238,-0.181,-0.142,0.417,0.237,0.414,0.48,-0.183,0.226,0.561,0.016,-0.121,0.145,-0.089,0.518,0.003,0.504,-0.284,-0.253,0.307,-0.023,-0.329,-0.425,0.329,0.579,-0.252,0.624,0.163,0.474,-0.008,0.133,-0.021,0.279,0.514,-0.106,-0.24,-0.357,-0.281,0.635,0.173,0.645,0.159,-0.099,-0.409,0.526,-0.169,0.665,0.644,-0.043,-0.419,-0.248,0.107,0.243,-0.456,-0.314,-0.106,0.112,0.541,-0.428,0.064,0.613,0.35,0.021,-0.368,0.511,0.236,0.303,-0.041,0.158,0.291,0.148,0.416,0.336,0.332,0.145,0.16,-0.11,0.028,0.008,-0.03,0.246,-0.082
AHCO,0.433,0.373,0.288,0.422,0.248,0.282,0.321,0.078,0.0,0.464,0.45,-0.111,0.499,-0.014,-0.362,-0.321,0.422,0.444,0.565,0.245,0.247,-0.463,0.256,0.131,-0.156,0.392,-0.096,-0.119,0.463,-0.36,0.512,0.587,0.55,-0.185,0.082,0.415,0.468,0.412,-0.034,-0.218,0.006,0.228,-0.151,0.508,0.201,0.137,0.024,0.426,0.276,0.519,0.441,0.523,-0.14,-0.164,0.388,0.443,0.467,0.209,-0.117,-0.221,0.085,-0.085,0.43,0.522,0.394,0.133,0.008,0.519,0.204,-0.106,0.46,-0.054,0.239,0.121,0.38,0.342,-0.029,0.271,0.024,0.345,0.302,0.318,0.294,-0.205,0.391,0.525,0.11,0.167,0.511,-0.09,0.383,0.486,0.304,-0.045,0.527,0.123,0.164,-0.077,0.413,0.326,0.194,-0.003,0.462,0.232,-0.329,0.139,-0.124,0.373,0.424,-0.248,-0.085,0.239,0.336,-0.168,-0.153,0.467,0.199,0.481,-0.23,0.472,0.048,0.081,0.477,0.29,0.472,-0.286,0.168,0.183,-0.014,0.274,-0.2,0.352,0.321,0.424,0.243,-0.105,-0.123,0.029,-0.226,0.188,-0.023,0.514,0.428,-0.449,0.316,0.486,0.358,0.2,0.278,0.125,0.275,0.4,-0.091,-0.232,0.18,0.111,0.268,0.208,0.045,0.139,0.457,0.02,0.523,-0.349,0.316,0.315,0.184,0.126,-0.401,0.358,0.332,-0.124,0.456,0.195,-0.334,0.313,0.228,-0.004,0.195,0.046,0.046,-0.22,0.401,0.23,0.62,0.356,0.449,0.486,0.089,0.456,0.536,0.472,0.392,0.466,0.295,-0.253,0.081,0.318,0.21,0.374
ALGT,-0.013,0.476,0.607,0.143,0.629,0.28,0.682,0.117,0.464,0.0,0.092,0.253,0.432,0.458,0.032,-0.368,0.38,0.384,0.495,0.59,-0.147,0.109,0.311,0.687,0.448,0.308,-0.132,0.521,0.427,0.238,0.249,0.602,0.253,0.228,-0.244,0.502,0.413,0.741,0.232,-0.173,0.336,-0.205,0.393,0.134,0.668,0.442,-0.329,0.715,0.546,0.245,0.723,0.51,-0.036,0.25,0.359,0.464,0.708,0.694,-0.256,0.197,0.631,0.401,0.665,0.349,-0.089,-0.436,0.003,0.578,0.484,0.504,0.087,0.535,0.754,0.552,0.753,0.733,0.537,0.612,-0.277,0.483,0.708,-0.018,-0.068,0.404,0.598,0.307,0.494,0.603,0.194,-0.05,0.241,0.064,0.782,0.547,0.459,0.427,0.722,0.513,0.743,0.491,0.242,0.525,0.071,0.604,0.13,-0.084,0.459,0.396,0.475,0.209,0.125,0.329,0.652,0.272,0.311,0.489,-0.111,0.38,0.123,0.451,0.608,0.333,0.108,0.209,0.424,0.144,0.544,0.284,0.589,0.714,0.487,-0.253,0.433,-0.135,0.462,0.424,0.36,-0.057,0.291,0.42,0.524,0.67,0.222,-0.149,0.507,0.129,0.469,0.461,0.536,-0.388,0.633,0.282,-0.53,-0.301,0.56,0.557,0.55,0.632,-0.273,0.499,0.153,0.518,0.608,-0.313,0.607,0.591,0.688,-0.108,-0.382,0.745,0.663,0.317,0.091,0.707,0.134,0.016,-0.254,0.057,0.173,0.283,0.615,0.462,0.617,0.757,0.252,-0.337,0.116,0.538,0.565,0.205,0.245,0.1,-0.17,0.123,-0.339,-0.034,0.669,0.683,0.629,0.733
ALLO,0.788,0.636,-0.134,0.616,-0.084,0.499,0.158,0.237,0.45,0.092,0.0,-0.669,0.343,-0.1,-0.879,-0.659,0.716,0.459,0.651,0.186,0.758,-0.835,0.581,-0.338,-0.576,0.782,0.224,-0.49,0.715,-0.576,0.932,0.558,0.795,-0.809,0.165,0.55,0.123,0.391,-0.787,-0.714,-0.246,0.713,-0.671,0.905,-0.36,-0.283,0.008,0.437,0.308,0.925,0.285,0.54,-0.633,-0.807,0.573,0.582,0.251,-0.255,-0.479,-0.546,-0.349,-0.731,0.355,0.731,0.822,0.327,-0.044,0.655,0.411,-0.593,0.894,-0.473,-0.039,0.053,-0.013,-0.157,-0.523,-0.041,-0.186,0.389,0.034,-0.017,0.02,-0.793,0.349,0.746,0.082,-0.338,0.673,-0.731,0.78,0.901,0.025,-0.536,0.551,-0.028,-0.131,-0.592,-0.184,0.52,0.13,-0.401,0.48,0.07,-0.783,-0.007,-0.688,0.655,0.731,-0.683,-0.277,0.074,-0.104,-0.776,-0.476,0.718,-0.143,0.84,-0.858,0.551,0.008,0.095,0.668,0.774,0.749,-0.797,0.116,0.531,-0.225,-0.17,-0.344,0.683,0.245,0.863,0.317,-0.625,-0.786,-0.275,-0.761,-0.48,-0.484,0.529,0.399,-0.817,0.342,0.913,0.63,-0.406,0.356,0.258,0.333,0.821,-0.02,-0.563,-0.041,-0.446,0.148,-0.203,0.275,-0.209,0.849,-0.504,0.436,-0.626,0.246,0.306,-0.271,-0.228,-0.747,0.157,0.088,-0.693,0.525,-0.033,-0.704,0.794,0.135,-0.644,0.002,0.042,-0.437,-0.412,0.306,0.089,0.757,0.62,0.901,0.235,0.123,0.819,0.906,0.976,0.825,0.933,0.293,-0.531,-0.367,0.238,-0.143,0.029
AMSF,-0.72,-0.554,0.337,-0.655,0.159,-0.571,0.012,-0.557,-0.111,0.253,-0.669,0.0,-0.075,0.17,0.795,0.429,-0.709,-0.144,-0.53,-0.022,-0.436,0.6,-0.544,0.564,0.415,-0.67,-0.573,0.588,-0.445,0.226,-0.605,-0.355,-0.481,0.622,0.113,-0.355,0.194,0.104,0.75,0.657,-0.137,-0.493,0.844,-0.529,0.468,0.557,0.186,0.053,-0.291,-0.627,0.03,-0.298,0.375,0.762,-0.089,-0.574,0.05,0.604,0.129,0.733,0.345,0.864,-0.031,-0.281,-0.907,-0.282,-0.133,-0.261,-0.322,0.585,-0.753,0.704,0.45,-0.142,0.353,0.549,0.771,0.185,0.018,-0.352,0.456,-0.109,-0.14,0.738,0.193,-0.601,0.164,0.481,-0.722,0.674,-0.278,-0.643,0.362,0.586,-0.306,0.333,0.465,0.575,0.428,-0.383,-0.424,0.521,-0.084,0.016,0.699,0.344,0.841,-0.396,-0.586,0.478,-0.113,0.411,0.343,0.863,0.775,-0.426,0.312,-0.527,0.792,-0.049,0.421,0.149,-0.356,-0.574,-0.594,0.503,0.138,-0.407,0.209,0.55,0.438,-0.503,-0.074,-0.514,-0.349,0.682,0.865,0.124,0.745,0.679,0.784,-0.171,-0.3,0.605,-0.214,-0.522,-0.54,0.598,-0.048,-0.19,-0.173,-0.631,0.013,0.269,0.401,0.695,-0.073,0.237,-0.684,0.282,-0.416,0.756,-0.294,0.431,-0.159,-0.319,0.602,0.522,0.428,0.285,0.078,0.812,-0.099,0.359,0.353,-0.752,0.033,0.384,-0.14,-0.346,0.635,0.561,-0.168,0.141,-0.61,-0.439,-0.537,0.141,0.07,-0.493,-0.643,-0.723,-0.573,-0.528,-0.303,0.285,0.558,0.247,0.199,0.308
ANAB,0.111,0.482,0.524,0.301,0.264,0.26,0.604,0.09,0.499,0.432,0.343,-0.075,0.0,0.182,-0.148,-0.461,0.475,0.186,0.476,0.442,-0.08,-0.19,0.18,0.362,0.137,0.565,-0.16,0.304,0.439,0.049,0.359,0.664,0.449,-0.095,-0.342,0.659,0.417,0.519,-0.024,-0.482,0.27,0.079,0.16,0.418,0.422,0.17,-0.455,0.515,0.521,0.483,0.59,0.376,-0.121,0.082,0.24,0.375,0.637,0.355,-0.461,-0.223,0.419,0.04,0.499,0.453,0.196,-0.127,-0.048,0.603,0.41,0.047,0.211,0.256,0.433,0.394,0.59,0.374,0.218,0.268,-0.088,0.548,0.476,-0.176,-0.18,0.025,0.492,0.507,0.406,0.335,0.25,-0.02,0.181,0.231,0.521,0.2,0.417,0.385,0.495,0.138,0.464,0.569,0.259,0.379,0.276,0.505,-0.233,-0.038,0.08,0.384,0.425,0.006,-0.208,-0.023,0.297,-0.028,-0.054,0.399,0.214,0.501,-0.259,0.393,0.205,-0.089,0.106,0.149,0.479,0.02,0.421,0.234,0.254,0.433,0.056,0.144,0.25,0.143,0.538,0.056,-0.069,-0.083,-0.115,-0.01,0.327,0.484,0.009,-0.317,0.337,0.299,0.555,0.218,0.342,-0.332,0.623,0.359,-0.58,-0.171,0.545,0.287,0.378,0.502,-0.188,0.281,0.305,0.161,0.546,-0.387,0.278,0.465,0.35,-0.054,-0.416,0.48,0.608,-0.019,0.237,0.542,-0.024,0.159,0.078,-0.202,-0.063,0.174,0.185,0.16,0.634,0.465,0.569,0.003,0.209,0.295,0.429,0.252,0.432,0.313,-0.04,0.239,0.063,-0.063,0.295,0.457,0.445,0.548
ANDE,-0.119,0.352,0.409,0.202,0.609,0.25,0.501,0.373,-0.014,0.458,-0.1,0.17,0.182,0.0,0.156,0.052,0.193,-0.126,0.137,0.604,-0.086,0.309,0.44,0.579,0.48,0.254,0.305,0.456,0.109,0.403,-0.044,0.3,-0.285,0.186,-0.296,0.189,0.144,0.426,0.107,-0.177,0.442,-0.517,0.339,-0.247,0.451,0.501,-0.264,0.39,0.579,0.063,0.268,0.31,0.093,0.457,-0.016,0.247,0.409,0.525,0.029,-0.114,0.527,0.307,0.415,-0.098,-0.136,-0.318,0.159,0.163,0.191,0.638,-0.118,0.316,0.467,0.608,0.437,0.503,0.468,0.392,0.026,0.255,0.317,0.151,0.119,0.404,0.093,0.196,0.261,0.421,0.06,-0.018,-0.09,-0.248,0.569,0.43,0.408,0.152,0.452,0.473,0.51,0.203,0.336,0.325,-0.013,0.394,0.138,-0.149,0.443,-0.03,0.308,0.438,0.349,0.294,0.429,0.478,0.014,0.144,-0.293,0.08,0.27,0.088,0.551,0.578,-0.144,0.145,0.228,0.243,0.657,0.262,0.256,0.447,0.7,-0.46,0.603,-0.338,0.392,0.259,0.378,0.316,0.453,0.061,0.335,0.406,0.249,0.249,0.349,-0.118,0.266,0.413,0.264,-0.222,0.409,0.236,-0.253,-0.142,0.243,0.271,0.514,0.504,0.106,0.531,-0.289,0.304,0.429,0.005,0.564,0.545,0.539,0.149,-0.092,0.604,0.435,0.241,-0.346,0.479,0.416,0.139,-0.465,0.179,0.238,0.071,0.647,0.471,0.628,0.525,-0.11,-0.422,-0.181,0.481,0.309,0.147,0.011,-0.084,-0.25,-0.158,-0.366,0.431,0.593,0.267,0.466,0.308
APLS,-0.922,-0.663,0.269,-0.734,0.053,-0.588,-0.017,-0.468,-0.362,0.032,-0.879,0.795,-0.148,0.156,0.0,0.598,-0.754,-0.481,-0.658,-0.07,-0.76,0.83,-0.648,0.47,0.644,-0.687,-0.39,0.636,-0.682,0.454,-0.857,-0.483,-0.725,0.823,-0.198,-0.39,0.005,-0.193,0.836,0.672,0.197,-0.637,0.845,-0.804,0.457,0.337,-0.081,-0.26,-0.278,-0.777,-0.162,-0.441,0.644,0.88,-0.361,-0.625,-0.095,0.373,0.265,0.629,0.449,0.808,-0.262,-0.572,-0.871,-0.359,-0.052,-0.517,-0.361,0.637,-0.958,0.569,0.24,-0.022,0.175,0.259,0.685,0.031,0.06,-0.253,0.201,-0.097,-0.098,0.821,-0.131,-0.714,0.062,0.406,-0.8,0.811,-0.69,-0.904,0.134,0.672,-0.518,0.216,0.347,0.598,0.294,-0.45,-0.088,0.606,-0.342,0.061,0.873,0.148,0.826,-0.597,-0.682,0.755,0.14,-0.016,0.16,0.872,0.547,-0.66,0.261,-0.754,0.873,-0.329,0.198,-0.128,-0.704,-0.819,-0.684,0.824,0.019,-0.624,0.271,0.337,0.399,-0.641,-0.218,-0.803,-0.327,0.69,0.835,0.14,0.709,0.549,0.701,-0.443,-0.522,0.792,-0.399,-0.842,-0.588,0.468,-0.238,-0.292,-0.212,-0.799,-0.094,0.485,0.318,0.579,-0.198,0.321,-0.471,0.271,-0.707,0.72,-0.39,0.512,-0.325,-0.302,0.426,0.41,0.627,0.031,0.049,0.796,-0.391,0.244,0.694,-0.817,-0.097,0.575,-0.194,-0.137,0.537,0.627,-0.245,0.026,-0.697,-0.629,-0.834,-0.233,-0.006,-0.824,-0.834,-0.925,-0.83,-0.876,-0.274,0.645,0.503,-0.092,0.181,0.143
APPF,-0.485,-0.789,-0.248,-0.439,-0.251,-0.447,-0.567,-0.22,-0.321,-0.368,-0.659,0.429,-0.461,0.052,0.598,0.0,-0.737,-0.65,-0.792,-0.491,-0.329,0.359,-0.529,-0.154,0.029,-0.735,0.075,-0.069,-0.897,0.076,-0.697,-0.73,-0.805,0.403,0.358,-0.802,-0.168,-0.638,0.454,0.733,-0.019,-0.291,0.21,-0.661,-0.126,0.083,0.424,-0.712,-0.567,-0.687,-0.718,-0.481,0.474,0.5,-0.647,-0.705,-0.612,-0.175,0.77,0.158,-0.159,0.286,-0.658,-0.817,-0.481,0.19,0.117,-0.878,-0.83,0.227,-0.657,-0.094,-0.4,-0.467,-0.401,-0.214,0.072,-0.071,0.488,-0.357,-0.372,0.357,0.416,0.308,-0.629,-0.641,-0.605,-0.189,-0.466,0.572,-0.649,-0.661,-0.435,0.165,-0.456,-0.399,-0.4,0.075,-0.128,-0.816,-0.198,-0.169,-0.086,-0.544,0.49,0.371,0.253,-0.911,-0.749,0.318,0.313,0.089,-0.174,0.534,0.06,-0.854,0.408,-0.878,0.655,-0.578,-0.357,0.037,-0.234,-0.764,-0.799,0.409,-0.33,-0.651,-0.431,-0.288,-0.134,-0.211,-0.221,-0.417,-0.704,0.013,0.451,0.521,0.448,0.222,-0.005,-0.676,-0.064,0.776,-0.488,-0.592,-0.863,0.216,-0.745,0.365,-0.71,-0.635,0.599,0.613,-0.33,-0.061,-0.317,-0.24,0.076,-0.022,-0.64,0.073,-0.602,0.779,-0.475,-0.515,-0.136,0.458,0.886,-0.418,-0.551,0.488,-0.205,-0.456,0.471,-0.507,0.307,0.613,0.0,-0.372,0.078,0.07,-0.479,-0.457,-0.561,-0.014,-0.683,-0.231,-0.674,-0.577,-0.782,-0.679,-0.296,-0.649,0.279,0.503,-0.101,-0.674,-0.35,-0.502
ASML,0.696,0.932,0.234,0.809,0.388,0.797,0.577,0.623,0.422,0.38,0.716,-0.709,0.475,0.193,-0.754,-0.737,0.0,0.477,0.903,0.56,0.359,-0.491,0.784,0.047,-0.092,0.891,0.375,-0.115,0.807,0.002,0.787,0.845,0.699,-0.472,-0.305,0.732,0.18,0.521,-0.556,-0.793,0.37,0.287,-0.467,0.617,0.108,-0.076,-0.422,0.566,0.711,0.804,0.575,0.669,-0.451,-0.516,0.377,0.884,0.553,0.046,-0.364,-0.555,0.171,-0.48,0.624,0.599,0.744,-0.052,0.038,0.752,0.733,-0.173,0.802,-0.191,0.189,0.551,0.305,0.113,-0.268,0.315,-0.17,0.603,0.165,0.055,0.037,-0.387,0.331,0.878,0.268,0.078,0.847,-0.712,0.486,0.668,0.332,-0.194,0.727,0.047,0.152,-0.137,0.19,0.77,0.538,-0.079,0.156,0.5,-0.638,-0.375,-0.434,0.736,0.907,-0.297,0.11,-0.079,0.23,-0.597,-0.456,0.823,-0.378,0.847,-0.696,0.437,0.09,0.182,0.424,0.749,0.915,-0.408,0.379,0.716,0.219,0.1,0.027,0.276,0.463,0.407,0.779,-0.28,-0.561,-0.117,-0.434,-0.352,-0.302,0.719,0.463,-0.721,0.635,0.626,0.907,-0.145,0.531,-0.169,0.705,0.802,-0.441,-0.51,0.026,-0.175,0.55,0.308,0.366,0.1,0.511,-0.324,0.804,-0.689,0.672,0.786,0.015,-0.522,-0.742,0.364,0.49,-0.587,0.156,0.256,-0.257,0.75,-0.242,-0.363,0.268,0.54,-0.082,-0.247,0.701,0.45,0.764,0.17,0.632,0.347,0.42,0.708,0.836,0.774,0.419,0.618,-0.032,-0.347,0.016,0.352,0.376,0.309
ATRC,0.49,0.51,0.295,0.387,0.292,0.38,0.392,0.11,0.444,0.384,0.459,-0.144,0.186,-0.126,-0.481,-0.65,0.477,0.0,0.688,0.35,0.366,-0.402,0.35,0.156,-0.128,0.321,-0.313,-0.014,0.759,-0.229,0.635,0.572,0.783,-0.21,0.102,0.452,0.349,0.556,-0.152,-0.194,-0.134,0.32,-0.142,0.564,0.206,0.063,0.09,0.633,0.201,0.492,0.644,0.443,-0.461,-0.403,0.646,0.546,0.521,0.286,-0.357,0.159,0.077,-0.058,0.595,0.784,0.253,0.068,-0.288,0.709,0.602,-0.132,0.59,0.186,0.389,0.086,0.401,0.408,-0.008,0.28,-0.143,0.048,0.416,0.015,-0.079,-0.181,0.632,0.484,0.397,0.294,0.461,-0.389,0.699,0.606,0.375,-0.205,0.433,0.4,0.265,0.014,0.2,0.417,-0.023,0.021,0.048,0.377,-0.397,-0.078,-0.136,0.776,0.511,-0.399,-0.26,0.317,0.429,-0.381,0.213,0.751,-0.134,0.657,-0.433,0.69,0.238,0.187,0.462,0.611,0.591,-0.412,0.199,0.589,0.3,0.363,0.039,0.283,0.273,0.423,0.386,0.088,-0.278,-0.118,-0.152,0.212,0.013,0.612,0.299,-0.72,0.489,0.583,0.476,0.085,0.666,-0.11,0.443,0.332,-0.241,-0.457,0.213,0.235,0.298,0.137,-0.249,-0.13,0.604,0.062,0.502,-0.605,0.414,0.321,0.185,-0.195,-0.657,0.358,0.384,-0.313,0.396,0.295,-0.504,0.334,-0.047,-0.268,0.311,0.3,0.034,-0.222,0.243,0.234,0.49,0.172,0.682,0.38,0.456,0.601,0.603,0.514,0.418,0.617,-0.146,-0.641,0.099,0.611,0.377,0.474
AVGO,0.639,0.88,0.391,0.737,0.495,0.745,0.674,0.465,0.565,0.495,0.651,-0.53,0.476,0.137,-0.658,-0.792,0.903,0.688,0.0,0.63,0.328,-0.429,0.686,0.195,-0.015,0.77,0.094,0.002,0.912,-0.037,0.788,0.895,0.798,-0.312,-0.293,0.807,0.287,0.651,-0.339,-0.605,0.348,0.241,-0.315,0.598,0.267,0.017,-0.327,0.695,0.648,0.777,0.743,0.726,-0.365,-0.431,0.578,0.915,0.701,0.224,-0.414,-0.309,0.256,-0.261,0.747,0.766,0.627,-0.11,-0.147,0.85,0.8,-0.063,0.772,0.002,0.362,0.524,0.463,0.334,-0.109,0.393,-0.183,0.446,0.35,0.114,0.047,-0.277,0.532,0.848,0.45,0.289,0.812,-0.601,0.582,0.675,0.459,-0.134,0.737,0.291,0.312,-0.012,0.328,0.755,0.519,0.077,0.082,0.628,-0.52,-0.316,-0.279,0.822,0.879,-0.252,0.009,0.027,0.421,-0.487,-0.221,0.915,-0.28,0.874,-0.619,0.615,0.224,0.195,0.443,0.754,0.933,-0.352,0.414,0.696,0.382,0.319,0.08,0.237,0.504,0.391,0.772,-0.048,-0.443,-0.147,-0.349,-0.029,-0.129,0.806,0.408,-0.793,0.639,0.629,0.862,0.051,0.728,-0.222,0.726,0.677,-0.48,-0.552,0.19,0.072,0.533,0.404,0.166,0.055,0.546,-0.113,0.862,-0.722,0.694,0.746,0.174,-0.415,-0.812,0.467,0.622,-0.504,0.225,0.388,-0.318,0.645,-0.264,-0.255,0.347,0.578,0.046,-0.208,0.675,0.487,0.751,0.112,0.697,0.393,0.536,0.706,0.851,0.714,0.4,0.623,-0.118,-0.432,0.129,0.545,0.535,0.531
AVT,0.068,0.662,0.772,0.45,0.801,0.597,0.927,0.332,0.245,0.59,0.186,-0.022,0.442,0.604,-0.07,-0.491,0.56,0.35,0.63,0.0,-0.02,0.091,0.565,0.738,0.537,0.575,-0.042,0.57,0.577,0.31,0.345,0.773,0.276,0.087,-0.515,0.642,0.309,0.805,0.012,-0.41,0.567,-0.331,0.31,0.078,0.703,0.427,-0.563,0.799,0.75,0.435,0.795,0.592,-0.167,0.184,0.484,0.657,0.859,0.711,-0.329,-0.042,0.73,0.267,0.855,0.485,0.067,-0.451,-0.225,0.676,0.745,0.565,0.209,0.436,0.749,0.782,0.783,0.658,0.508,0.519,-0.194,0.378,0.632,-0.014,-0.093,0.324,0.516,0.62,0.555,0.698,0.368,-0.297,0.182,0.057,0.822,0.372,0.703,0.398,0.738,0.504,0.699,0.595,0.609,0.553,-0.101,0.878,-0.023,-0.398,0.383,0.569,0.688,0.389,0.184,0.225,0.726,0.159,0.104,0.666,-0.386,0.556,-0.095,0.531,0.656,0.493,-0.085,0.383,0.681,0.092,0.837,0.562,0.552,0.722,0.644,-0.35,0.63,-0.19,0.802,0.436,0.11,-0.029,0.227,0.172,0.406,0.817,0.295,-0.294,0.558,0.193,0.694,0.492,0.749,-0.486,0.844,0.347,-0.662,-0.469,0.394,0.517,0.69,0.812,-0.128,0.35,0.046,0.433,0.859,-0.572,0.787,0.859,0.677,-0.112,-0.604,0.841,0.872,-0.039,-0.198,0.782,0.26,0.338,-0.611,0.046,0.233,0.428,0.661,0.35,0.862,0.744,0.247,-0.463,0.213,0.47,0.725,0.414,0.404,0.207,-0.121,0.127,-0.534,0.172,0.714,0.629,0.824,0.731
AXDX,0.775,0.313,-0.306,0.518,-0.1,0.317,-0.182,0.207,0.247,-0.147,0.758,-0.436,-0.08,-0.086,-0.76,-0.329,0.359,0.366,0.328,-0.02,0.0,-0.735,0.515,-0.452,-0.683,0.395,0.268,-0.67,0.422,-0.602,0.665,0.176,0.507,-0.768,0.45,0.097,-0.071,0.142,-0.717,-0.366,-0.505,0.507,-0.685,0.612,-0.533,-0.143,0.46,0.195,0.012,0.609,-0.048,0.314,-0.64,-0.762,0.418,0.34,-0.06,-0.283,-0.208,-0.375,-0.573,-0.644,0.14,0.493,0.602,0.46,-0.091,0.305,0.081,-0.525,0.752,-0.53,-0.23,-0.251,-0.282,-0.196,-0.55,-0.11,0.046,-0.024,-0.182,0.2,0.191,-0.779,0.051,0.484,-0.196,-0.438,0.502,-0.656,0.699,0.728,-0.181,-0.72,0.416,-0.192,-0.375,-0.528,-0.378,0.065,-0.177,-0.62,0.418,-0.277,-0.687,0.162,-0.634,0.37,0.418,-0.743,-0.203,0.33,-0.173,-0.606,-0.307,0.457,-0.231,0.546,-0.617,0.271,-0.055,0.386,0.731,0.671,0.423,-0.852,0.032,0.493,-0.455,-0.295,-0.304,0.535,0.313,0.814,-0.027,-0.632,-0.61,-0.008,-0.515,-0.369,-0.569,0.285,0.508,-0.594,0.304,0.75,0.215,-0.277,0.2,0.53,-0.086,0.595,0.429,-0.532,-0.316,-0.497,0.08,-0.481,0.335,-0.325,0.578,-0.563,0.152,-0.278,0.185,0.02,-0.341,0.017,-0.488,-0.002,-0.201,-0.654,0.338,-0.329,-0.728,0.624,0.105,-0.472,0.222,-0.288,-0.378,-0.561,0.01,-0.179,0.363,0.672,0.771,0.334,-0.098,0.78,0.637,0.76,0.843,0.808,0.211,-0.518,-0.458,0.066,-0.326,-0.236
AXSM,-0.78,-0.355,0.257,-0.551,0.272,-0.395,0.118,-0.189,-0.463,0.109,-0.835,0.6,-0.19,0.309,0.83,0.359,-0.491,-0.402,-0.429,0.091,-0.735,0.0,-0.385,0.529,0.788,-0.529,-0.165,0.704,-0.46,0.747,-0.786,-0.355,-0.681,0.83,-0.485,-0.192,-0.201,-0.11,0.717,0.453,0.403,-0.776,0.749,-0.855,0.459,0.309,-0.285,-0.156,-0.012,-0.726,-0.029,-0.361,0.688,0.804,-0.352,-0.341,-0.001,0.378,0.113,0.569,0.521,0.738,-0.102,-0.505,-0.749,-0.501,0.035,-0.393,-0.061,0.698,-0.821,0.616,0.266,0.299,0.165,0.288,0.649,0.091,-0.129,-0.223,0.161,-0.143,-0.175,0.825,-0.14,-0.621,0.276,0.477,-0.656,0.602,-0.654,-0.815,0.235,0.653,-0.451,0.266,0.414,0.714,0.261,-0.205,0.041,0.668,-0.574,0.219,0.78,-0.175,0.756,-0.418,-0.468,0.764,0.238,-0.22,0.147,0.772,0.515,-0.463,-0.055,-0.593,0.763,-0.42,0.341,-0.058,-0.756,-0.546,-0.492,0.854,0.107,-0.355,0.561,0.349,0.613,-0.845,-0.029,-0.856,-0.028,0.756,0.786,0.028,0.705,0.419,0.642,-0.333,-0.548,0.7,-0.166,-0.897,-0.307,0.377,-0.002,-0.54,-0.029,-0.617,-0.276,0.332,0.285,0.519,-0.002,0.419,-0.234,0.374,-0.771,0.605,-0.233,0.452,-0.031,-0.058,0.449,0.052,0.462,0.072,0.197,0.606,-0.63,0.314,0.685,-0.683,-0.426,0.439,-0.058,0.139,0.567,0.614,-0.072,0.217,-0.679,-0.792,-0.793,-0.226,0.253,-0.748,-0.684,-0.841,-0.888,-0.844,-0.547,0.532,0.538,0.044,0.345,0.221
AZN,0.701,0.789,0.163,0.796,0.551,0.736,0.446,0.774,0.256,0.311,0.581,-0.544,0.18,0.44,-0.648,-0.529,0.784,0.35,0.686,0.565,0.515,-0.385,0.0,0.096,-0.024,0.731,0.55,-0.192,0.633,0.044,0.63,0.661,0.426,-0.438,-0.197,0.419,0.061,0.475,-0.544,-0.651,0.243,-0.003,-0.427,0.359,0.06,0.155,-0.161,0.504,0.709,0.64,0.391,0.686,-0.504,-0.437,0.285,0.78,0.426,0.138,-0.176,-0.527,0.164,-0.387,0.618,0.416,0.601,-0.069,0.128,0.56,0.584,0.024,0.706,-0.238,0.189,0.545,0.187,0.162,-0.187,0.338,-0.116,0.425,0.071,0.197,0.158,-0.331,0.134,0.791,0.091,0.079,0.742,-0.755,0.405,0.454,0.331,-0.268,0.765,-0.07,0.072,0.026,0.162,0.464,0.421,-0.168,0.063,0.344,-0.591,-0.3,-0.309,0.6,0.809,-0.279,0.363,0.205,0.298,-0.402,-0.407,0.688,-0.628,0.693,-0.434,0.256,0.199,0.578,0.448,0.738,0.761,-0.454,0.48,0.78,0.05,0.102,0.261,0.038,0.693,0.28,0.634,-0.266,-0.346,0.081,-0.192,-0.311,-0.323,0.662,0.645,-0.546,0.772,0.509,0.699,0.01,0.493,0.013,0.5,0.756,-0.173,-0.587,-0.138,-0.182,0.711,0.22,0.475,0.153,0.262,-0.309,0.734,-0.468,0.794,0.759,0.125,-0.285,-0.649,0.403,0.413,-0.565,-0.099,0.131,-0.18,0.767,-0.477,-0.17,0.544,0.275,0.096,-0.284,0.655,0.46,0.433,0.044,0.53,0.513,0.371,0.734,0.658,0.645,0.392,0.511,-0.232,-0.161,0.118,0.309,0.305,0.162
BANR,-0.437,0.222,0.824,-0.083,0.768,0.096,0.786,-0.025,0.131,0.687,-0.338,0.564,0.362,0.579,0.47,-0.154,0.047,0.156,0.195,0.738,-0.452,0.529,0.096,0.0,0.784,0.045,-0.367,0.887,0.185,0.509,-0.162,0.422,-0.099,0.534,-0.461,0.322,0.378,0.694,0.539,0.048,0.474,-0.635,0.807,-0.309,0.915,0.674,-0.451,0.649,0.477,-0.104,0.689,0.281,0.175,0.68,0.226,0.189,0.752,0.945,-0.172,0.406,0.89,0.793,0.668,0.149,-0.522,-0.63,-0.183,0.381,0.427,0.847,-0.349,0.823,0.896,0.632,0.879,0.873,0.921,0.546,-0.181,0.186,0.773,-0.144,-0.231,0.794,0.527,0.085,0.599,0.92,-0.168,0.233,-0.131,-0.407,0.913,0.73,0.321,0.543,0.918,0.82,0.881,0.308,0.257,0.832,-0.231,0.763,0.433,-0.193,0.85,0.208,0.172,0.642,0.138,0.328,0.793,0.682,0.545,0.243,-0.127,0.092,0.453,0.315,0.743,0.363,-0.345,-0.095,0.159,0.496,0.724,0.18,0.659,0.943,0.787,-0.665,0.408,-0.572,0.489,0.829,0.67,0.008,0.655,0.564,0.845,0.52,-0.013,0.171,0.335,-0.261,0.27,0.74,0.529,-0.603,0.615,-0.157,-0.631,-0.164,0.61,0.881,0.54,0.87,-0.513,0.489,-0.287,0.819,0.511,-0.157,0.54,0.539,0.947,0.122,-0.192,0.822,0.792,0.493,-0.264,0.88,0.467,-0.236,-0.498,0.308,0.109,0.234,0.913,0.645,0.616,0.754,-0.178,-0.74,-0.255,0.42,0.651,-0.071,-0.128,-0.339,-0.567,-0.312,-0.62,0.326,0.95,0.677,0.82,0.818
BBIO,-0.571,0.03,0.586,-0.227,0.608,-0.029,0.57,0.08,-0.156,0.448,-0.576,0.415,0.137,0.48,0.644,0.029,-0.092,-0.128,-0.015,0.537,-0.683,0.788,-0.024,0.784,0.0,-0.094,-0.145,0.826,-0.106,0.708,-0.467,0.156,-0.386,0.745,-0.688,0.168,0.016,0.282,0.573,0.121,0.638,-0.788,0.743,-0.634,0.766,0.437,-0.581,0.244,0.377,-0.367,0.407,0.013,0.45,0.716,-0.09,0.084,0.437,0.635,-0.023,0.363,0.838,0.695,0.334,-0.172,-0.522,-0.622,-0.008,0.023,0.344,0.822,-0.556,0.646,0.595,0.682,0.537,0.509,0.75,0.303,-0.235,0.149,0.42,-0.14,-0.213,0.833,0.112,-0.161,0.418,0.733,-0.326,0.387,-0.528,-0.649,0.567,0.714,-0.019,0.348,0.687,0.823,0.605,0.122,0.39,0.821,-0.536,0.647,0.571,-0.414,0.782,-0.015,0.007,0.794,0.362,-0.132,0.513,0.647,0.387,-0.046,-0.259,-0.21,0.582,-0.088,0.509,0.089,-0.674,-0.328,-0.037,0.76,0.436,-0.051,0.716,0.617,0.73,-0.833,0.241,-0.819,0.373,0.786,0.672,-0.001,0.63,0.413,0.696,0.137,-0.231,0.392,0.174,-0.637,0.127,0.509,0.29,-0.701,0.408,-0.333,-0.614,0.057,0.428,0.668,0.372,0.77,-0.237,0.492,-0.582,0.721,0.262,0.032,0.359,0.434,0.695,-0.034,0.062,0.456,0.635,0.46,-0.602,0.631,0.713,-0.364,-0.633,0.423,0.1,0.372,0.738,0.626,0.366,0.567,-0.373,-0.894,-0.564,-0.008,0.576,-0.426,-0.358,-0.564,-0.808,-0.64,-0.633,0.592,0.801,0.324,0.666,0.542
BCYC,0.593,0.867,0.223,0.703,0.264,0.681,0.568,0.504,0.392,0.308,0.782,-0.67,0.565,0.254,-0.687,-0.735,0.891,0.321,0.77,0.575,0.395,-0.529,0.731,0.045,-0.094,0.0,0.365,-0.092,0.744,-0.129,0.765,0.803,0.639,-0.557,-0.341,0.768,0.216,0.543,-0.656,-0.916,0.255,0.302,-0.406,0.667,0.042,-0.114,-0.504,0.572,0.735,0.866,0.508,0.598,-0.459,-0.485,0.419,0.769,0.526,0.022,-0.509,-0.619,0.133,-0.527,0.554,0.613,0.743,-0.033,0.059,0.752,0.668,-0.222,0.724,-0.243,0.215,0.555,0.31,0.034,-0.236,0.102,-0.237,0.654,0.172,-0.085,-0.071,-0.429,0.338,0.867,0.27,-0.01,0.688,-0.644,0.477,0.638,0.334,-0.18,0.678,0.061,0.2,-0.226,0.159,0.756,0.534,-0.026,0.273,0.472,-0.635,-0.379,-0.403,0.704,0.878,-0.241,-0.011,-0.108,0.109,-0.554,-0.531,0.753,-0.375,0.833,-0.701,0.468,0.167,0.114,0.302,0.705,0.892,-0.438,0.413,0.595,0.103,0.078,0.027,0.315,0.405,0.441,0.732,-0.354,-0.578,-0.221,-0.516,-0.498,-0.241,0.707,0.36,-0.657,0.498,0.659,0.9,-0.242,0.469,-0.137,0.7,0.847,-0.449,-0.504,0.126,-0.225,0.42,0.258,0.32,0.102,0.547,-0.277,0.722,-0.723,0.53,0.7,0.016,-0.345,-0.768,0.421,0.468,-0.55,0.164,0.316,-0.262,0.771,-0.234,-0.479,0.045,0.292,-0.101,-0.11,0.697,0.409,0.714,0.168,0.616,0.296,0.415,0.674,0.827,0.804,0.408,0.635,0.018,-0.177,0.031,0.342,0.243,0.27
BHFAP,0.434,0.297,-0.375,0.499,0.028,0.361,-0.186,0.695,-0.096,-0.132,0.224,-0.573,-0.16,0.305,-0.39,0.075,0.375,-0.313,0.094,-0.042,0.268,-0.165,0.55,-0.367,-0.145,0.365,0.0,-0.455,-0.048,0.122,0.111,0.04,-0.167,-0.303,-0.134,-0.062,-0.234,-0.264,-0.495,-0.43,0.235,-0.027,-0.564,-0.012,-0.381,-0.209,-0.059,-0.268,0.34,0.191,-0.355,0.095,-0.029,-0.304,-0.389,0.297,-0.293,-0.434,0.255,-0.696,-0.211,-0.576,-0.152,-0.298,0.533,0.183,0.559,-0.167,-0.05,-0.18,0.313,-0.622,-0.447,0.23,-0.406,-0.444,-0.497,-0.069,0.136,0.278,-0.526,0.366,0.418,-0.352,-0.567,0.257,-0.403,-0.442,0.425,-0.34,-0.154,0.15,-0.296,-0.305,0.188,-0.595,-0.469,-0.24,-0.311,0.025,0.336,-0.482,0.113,-0.26,-0.376,-0.187,-0.468,-0.097,0.265,-0.127,0.508,-0.237,-0.343,-0.325,-0.707,-0.027,-0.433,0.039,-0.161,-0.406,-0.291,0.187,0.134,0.273,0.197,-0.165,-0.06,0.201,-0.303,-0.53,-0.037,0.073,0.309,0.126,0.153,-0.566,-0.286,0.25,-0.201,-0.614,-0.612,-0.026,0.388,0.068,0.236,0.042,0.194,-0.39,-0.245,0.216,-0.094,0.482,0.204,0.041,-0.552,-0.686,0.196,-0.212,0.865,0.221,-0.117,-0.61,0.104,0.115,0.252,0.261,-0.369,-0.205,0.071,-0.206,-0.219,-0.367,-0.262,-0.413,0.044,0.438,-0.143,-0.013,0.241,0.087,-0.239,-0.3,0.159,-0.097,0.134,0.209,-0.0,0.075,-0.262,0.157,0.192,0.287,0.193,0.08,0.175,0.173,-0.265,-0.437,-0.249,-0.508
BKR,-0.689,0.069,0.695,-0.361,0.51,-0.128,0.66,-0.206,-0.119,0.521,-0.49,0.588,0.304,0.456,0.636,-0.069,-0.115,-0.014,0.002,0.57,-0.67,0.704,-0.192,0.887,0.826,-0.092,-0.455,0.0,0.019,0.609,-0.347,0.205,-0.245,0.638,-0.537,0.286,0.211,0.483,0.616,0.113,0.479,-0.591,0.89,-0.413,0.82,0.475,-0.577,0.447,0.328,-0.275,0.545,0.015,0.35,0.763,0.106,-0.01,0.57,0.766,-0.248,0.518,0.823,0.805,0.422,-0.02,-0.64,-0.637,-0.176,0.198,0.333,0.78,-0.568,0.869,0.761,0.546,0.737,0.673,0.891,0.359,-0.272,0.118,0.673,-0.343,-0.39,0.858,0.445,-0.176,0.636,0.801,-0.417,0.402,-0.273,-0.533,0.738,0.848,0.004,0.585,0.881,0.757,0.694,0.297,0.208,0.917,-0.327,0.7,0.631,-0.245,0.867,0.037,-0.011,0.773,0.011,0.044,0.553,0.709,0.588,0.041,-0.008,-0.092,0.49,0.186,0.684,0.07,-0.621,-0.28,-0.039,0.669,0.549,-0.069,0.748,0.802,0.72,-0.694,0.09,-0.696,0.384,0.87,0.666,-0.133,0.602,0.482,0.898,0.247,-0.373,0.33,0.046,-0.455,0.159,0.555,0.378,-0.717,0.54,-0.31,-0.678,0.013,0.68,0.844,0.244,0.785,-0.581,0.44,-0.353,0.842,0.249,-0.084,0.254,0.332,0.789,0.022,-0.026,0.617,0.655,0.619,-0.333,0.849,0.593,-0.422,-0.437,0.218,-0.172,0.277,0.783,0.819,0.403,0.634,-0.308,-0.815,-0.447,0.106,0.608,-0.356,-0.305,-0.52,-0.739,-0.487,-0.599,0.403,0.851,0.529,0.696,0.727
BLDP,0.603,0.869,0.319,0.596,0.377,0.594,0.621,0.3,0.463,0.427,0.715,-0.445,0.439,0.109,-0.682,-0.897,0.807,0.759,0.912,0.577,0.422,-0.46,0.633,0.185,-0.106,0.744,-0.048,0.019,0.0,-0.16,0.828,0.827,0.848,-0.421,-0.216,0.8,0.279,0.719,-0.431,-0.64,0.082,0.338,-0.265,0.704,0.173,-0.012,-0.275,0.781,0.598,0.781,0.757,0.666,-0.509,-0.483,0.706,0.794,0.686,0.241,-0.604,-0.221,0.157,-0.258,0.747,0.868,0.547,-0.092,-0.167,0.922,0.807,-0.155,0.765,0.079,0.428,0.45,0.452,0.345,-0.069,0.245,-0.318,0.318,0.411,-0.138,-0.205,-0.324,0.687,0.775,0.61,0.257,0.648,-0.637,0.755,0.731,0.492,-0.171,0.647,0.398,0.366,-0.087,0.248,0.802,0.273,0.073,0.117,0.577,-0.556,-0.307,-0.265,0.888,0.84,-0.353,-0.252,0.11,0.348,-0.499,-0.103,0.947,-0.295,0.934,-0.677,0.737,0.363,0.167,0.423,0.871,0.891,-0.486,0.403,0.739,0.368,0.348,0.129,0.289,0.412,0.49,0.716,-0.043,-0.468,-0.302,-0.4,-0.089,-0.062,0.8,0.28,-0.832,0.561,0.725,0.86,-0.06,0.788,-0.241,0.728,0.694,-0.476,-0.636,0.288,0.087,0.426,0.281,-0.018,-0.009,0.679,-0.092,0.73,-0.776,0.599,0.607,0.176,-0.371,-0.905,0.501,0.564,-0.501,0.302,0.447,-0.486,0.647,-0.24,-0.491,0.186,0.425,0.001,-0.133,0.592,0.47,0.671,0.131,0.79,0.397,0.593,0.754,0.869,0.756,0.459,0.737,-0.203,-0.568,0.103,0.679,0.44,0.538
BLFS,-0.395,0.101,0.396,-0.085,0.473,0.039,0.342,0.292,-0.36,0.238,-0.576,0.226,0.049,0.403,0.454,0.076,0.002,-0.229,-0.037,0.31,-0.602,0.747,0.044,0.509,0.708,-0.129,0.122,0.609,-0.16,0.0,-0.478,0.034,-0.407,0.581,-0.568,0.074,-0.119,0.036,0.463,0.078,0.634,-0.678,0.486,-0.599,0.516,0.333,-0.463,0.009,0.379,-0.417,0.174,-0.144,0.403,0.576,-0.365,0.056,0.19,0.379,0.053,0.212,0.617,0.484,0.129,-0.377,-0.416,-0.459,0.151,-0.114,0.236,0.609,-0.441,0.489,0.276,0.505,0.29,0.318,0.47,0.35,-0.118,0.101,0.147,-0.059,-0.107,0.665,-0.133,-0.208,0.26,0.476,-0.207,0.241,-0.53,-0.549,0.352,0.515,-0.105,0.182,0.397,0.717,0.323,0.133,0.247,0.54,-0.489,0.37,0.423,-0.293,0.513,-0.122,-0.092,0.594,0.383,-0.253,0.246,0.477,0.268,-0.17,-0.237,-0.262,0.462,-0.388,0.204,0.083,-0.508,-0.254,-0.116,0.659,0.274,0.048,0.59,0.329,0.63,-0.719,0.205,-0.713,0.392,0.547,0.537,0.176,0.613,0.18,0.45,-0.056,-0.263,0.43,0.247,-0.651,0.098,0.342,0.13,-0.599,0.27,-0.246,-0.457,0.188,0.184,0.399,0.376,0.549,0.022,0.469,-0.624,0.352,0.162,0.216,0.331,0.35,0.43,-0.256,0.217,0.169,0.399,0.307,-0.608,0.355,0.669,-0.356,-0.502,0.329,0.222,0.379,0.533,0.397,0.278,0.384,-0.292,-0.696,-0.6,0.006,0.4,-0.429,-0.354,-0.523,-0.749,-0.608,-0.525,0.337,0.542,0.128,0.544,0.277
BLKB,0.775,0.73,0.069,0.663,0.121,0.614,0.336,0.3,0.512,0.249,0.932,-0.605,0.359,-0.044,-0.857,-0.697,0.787,0.635,0.788,0.345,0.665,-0.786,0.63,-0.162,-0.467,0.765,0.111,-0.347,0.828,-0.478,0.0,0.699,0.867,-0.705,0.14,0.615,0.252,0.539,-0.655,-0.636,-0.102,0.656,-0.567,0.879,-0.146,-0.163,-0.041,0.579,0.378,0.928,0.476,0.661,-0.641,-0.727,0.663,0.694,0.436,-0.063,-0.447,-0.424,-0.175,-0.564,0.527,0.795,0.764,0.226,-0.145,0.763,0.543,-0.422,0.908,-0.289,0.119,0.142,0.179,0.051,-0.381,0.178,-0.184,0.375,0.19,0.019,0.014,-0.641,0.497,0.821,0.21,-0.12,0.764,-0.773,0.835,0.87,0.194,-0.397,0.674,0.105,0.018,-0.424,0.016,0.594,0.214,-0.281,0.362,0.264,-0.727,-0.062,-0.56,0.752,0.82,-0.605,-0.204,0.182,0.157,-0.707,-0.347,0.846,-0.137,0.906,-0.824,0.683,0.106,0.214,0.673,0.807,0.821,-0.741,0.23,0.642,-0.048,0.026,-0.239,0.593,0.315,0.759,0.436,-0.442,-0.699,-0.233,-0.62,-0.27,-0.379,0.684,0.479,-0.888,0.459,0.931,0.698,-0.212,0.499,0.158,0.491,0.786,-0.118,-0.621,0.039,-0.241,0.302,-0.013,0.172,-0.184,0.834,-0.362,0.605,-0.73,0.406,0.45,-0.116,-0.303,-0.815,0.294,0.266,-0.617,0.523,0.114,-0.602,0.803,0.048,-0.533,0.141,0.226,-0.267,-0.361,0.437,0.242,0.794,0.496,0.922,0.325,0.252,0.862,0.919,0.937,0.784,0.921,0.149,-0.571,-0.221,0.383,0.089,0.225
