,ABAT,ACLS,ACMR,ADMA,ADUS,ADVM,AEIS,AGNCM,AHCO,ALGT,ALLO,AMSF,ANAB,ANDE,APLS,APPF,ASML,ATRC,AVGO,AVT,AXDX,AXSM,AZN,BANR,BBIO,BCYC,BHFAP,BKR,BLDP,BLFS,BLKB,BLMN,BNTX,BPMC,CALM,CAMT,CASH,CATY,CCEP,CDLX,CDNS,CENN,CENX,CGC,CHDN,CLBK,COKE,COLB,COO,CORT,CRMT,CRNX,CRTO,CRVL,CSCO,CSQ,CSWI,CVBF,CWST,CYCC,CZR,DLTR,DORM,ENTA,EQIX,ERIC,EVRG,EWBC,EXAS,EXLS,EXPI,EYE,FBNC,FBRX,FCNCA,FELE,FIBK,FLEX,FRGT,FRHC,FRME,FWONA,FWONK,GDEN,GIII,GILD,GLNG,GNTX,GOOGL,GRPN,HCSG,HIMX,HOPE,HST,HTLD,HUT,HWC,ICUI,IESC,INTC,INTU,IOVA,IPAR,IPGP,ISRG,JBSS,KALU,KPRX,KRNT,LAUR,LBRDA,LBTYK,LECO,LILAK,LITE,MANH,MDXG,MFIC,MGEE,MIDD,MLAB,MMSI,MNKD,MOMO,MRVL,NICE,NMFC,NUWE,NVCR,NWBI,OFIX,OFLX,OMCL,OPK,ORKA,ORLY,OTTR,PDD,PNTG,POOL,POWL,PPBI,PPC,PRAA,PRPL,PZZA,QTRX,QURE,RDFN,RDHL,REAL,REG,REYN,RGLD,RIOT,RUN,RYTM,SAIA,SBAC,SBRA,SCVL,SHOO,SLAB,SLDB,SMCI,SMTC,SRCE,SSP,SSRM,STBA,STRO,SVC,SYBT,TCBI,TCOM,TENX,TH,TMUS,TNDM,TTD,TTMI,UAL,ULH,ULTA,VCYT,VIRT,VKTX,VOD,VRDN,VREX,VRNT,VSAT,WB,WBD,WDC,WEN,WSFS,XXII,Z,ZBRA
ABAT,0.0,0.276,0.473,0.788,0.028,-0.269,0.083,-0.394,0.112,-0.107,0.159,-0.583,0.558,0.322,0.162,0.006,0.704,0.291,-0.147,0.222,-0.183,0.677,0.257,0.73,0.146,0.555,-0.396,0.28,0.175,0.224,0.14,0.432,0.498,0.472,-0.503,0.615,0.505,0.44,0.535,0.49,-0.419,0.694,0.069,0.011,-0.005,0.551,-0.181,0.501,0.466,0.401,0.12,0.66,0.588,0.436,-0.636,-0.461,-0.099,0.013,-0.127,0.681,0.68,-0.671,-0.478,0.113,-0.089,0.182,0.016,0.666,0.274,-0.108,0.034,0.732,0.381,0.251,0.574,0.348,0.456,-0.178,0.505,0.251,0.454,0.487,0.568,0.477,0.614,-0.512,0.686,-0.357,0.49,0.1,0.678,0.583,0.377,0.544,-0.678,-0.128,0.595,-0.158,0.31,-0.581,0.22,0.435,0.623,0.043,0.55,-0.451,0.403,0.073,0.021,-0.311,0.371,0.022,0.454,0.348,-0.136,0.57,-0.385,0.528,0.194,0.672,0.118,0.697,0.645,0.426,-0.232,0.36,0.334,-0.16,0.219,0.063,0.317,0.828,0.495,0.013,0.43,0.185,-0.071,0.679,0.115,0.595,0.207,0.6,0.102,0.359,0.242,0.463,0.222,-0.051,0.454,0.128,0.618,0.603,-0.339,-0.184,-0.112,0.328,0.72,-0.128,0.451,0.499,0.461,0.569,0.119,0.386,-0.243,0.165,0.53,0.257,0.04,0.304,0.591,0.043,0.376,0.517,0.624,0.345,-0.02,0.198,0.334,0.317,0.425,-0.03,-0.408,0.256,0.13,-0.412,0.745,0.245,0.786,0.399,0.282,0.452,0.574,0.202,0.332,0.001,0.407,0.736,0.023,-0.347
ACLS,0.276,0.0,0.888,0.307,0.69,0.652,0.863,-0.144,0.54,0.679,0.674,-0.197,-0.237,-0.527,-0.625,0.649,0.338,-0.688,0.73,0.481,0.74,-0.077,-0.539,-0.148,0.628,-0.128,0.42,-0.572,0.851,0.647,0.817,-0.474,-0.334,0.639,0.348,0.569,-0.351,0.008,-0.24,0.266,0.571,0.353,-0.288,0.789,0.823,-0.052,0.441,0.157,-0.262,0.658,-0.371,0.301,-0.18,-0.391,0.116,0.24,0.63,0.468,-0.433,0.52,-0.027,0.089,0.183,-0.405,-0.053,0.604,-0.509,-0.171,0.733,-0.444,0.817,-0.206,-0.154,0.55,0.293,-0.627,0.097,0.608,-0.071,0.762,0.157,0.06,-0.052,-0.512,-0.363,-0.316,-0.139,0.334,-0.142,-0.194,0.204,0.574,0.108,0.009,-0.041,0.633,-0.381,-0.173,-0.137,0.399,0.803,0.523,-0.063,0.841,-0.126,-0.138,-0.561,0.617,0.869,-0.479,-0.558,-0.635,-0.477,-0.228,0.752,-0.262,0.517,-0.245,-0.284,-0.154,0.178,-0.265,0.48,0.857,0.691,0.021,0.341,0.691,-0.2,0.336,-0.203,0.35,-0.138,0.584,0.845,-0.783,-0.715,0.571,0.891,-0.447,-0.431,-0.245,0.469,-0.611,0.639,-0.355,0.865,0.649,0.624,0.8,0.031,-0.355,-0.388,-0.368,0.536,0.779,0.016,0.239,-0.311,0.635,0.171,-0.433,0.753,0.775,0.741,0.886,-0.188,0.125,-0.387,-0.18,0.629,0.579,-0.042,-0.352,-0.055,-0.063,0.546,-0.269,0.131,0.709,0.39,0.46,0.083,0.532,0.806,0.646,0.363,-0.644,-0.124,-0.563,0.031,-0.173,0.689,0.657,0.501,-0.65,-0.199,0.175,0.892,0.626
ACMR,0.473,0.888,0.0,0.449,0.541,0.522,0.745,-0.244,0.633,0.596,0.597,-0.272,-0.115,-0.41,-0.59,0.47,0.394,-0.574,0.662,0.395,0.712,0.049,-0.483,-0.003,0.52,-0.01,0.352,-0.387,0.8,0.688,0.75,-0.318,-0.279,0.593,0.212,0.624,-0.156,0.15,-0.187,0.218,0.406,0.504,-0.318,0.732,0.73,-0.034,0.257,0.334,-0.262,0.614,-0.411,0.427,-0.043,-0.345,-0.016,0.009,0.499,0.437,-0.581,0.688,0.208,-0.048,0.012,-0.418,-0.24,0.552,-0.564,0.022,0.623,-0.511,0.799,-0.056,-0.004,0.629,0.303,-0.468,0.108,0.52,0.143,0.81,0.237,0.104,0.034,-0.339,-0.193,-0.448,0.008,0.156,-0.075,-0.116,0.258,0.747,0.187,0.087,-0.138,0.599,-0.244,-0.3,0.069,0.285,0.741,0.491,0.014,0.759,-0.108,-0.316,-0.381,0.597,0.802,-0.45,-0.494,-0.573,-0.357,-0.127,0.582,-0.134,0.434,-0.064,-0.373,-0.049,0.038,-0.128,0.507,0.872,0.608,-0.019,0.314,0.582,-0.281,0.389,-0.232,0.464,-0.059,0.493,0.893,-0.688,-0.743,0.74,0.863,-0.289,-0.438,-0.06,0.361,-0.481,0.514,-0.199,0.85,0.581,0.598,0.762,0.148,-0.239,-0.461,-0.496,0.484,0.745,0.22,0.167,-0.284,0.619,0.285,-0.271,0.666,0.762,0.623,0.784,-0.062,0.069,-0.418,-0.035,0.659,0.494,0.031,-0.172,0.091,0.138,0.502,-0.21,0.06,0.611,0.393,0.485,0.054,0.475,0.762,0.426,0.477,-0.496,0.058,-0.437,-0.027,-0.065,0.695,0.764,0.609,-0.701,-0.042,0.249,0.797,0.483
ADMA,0.788,0.307,0.449,0.0,0.223,-0.172,0.204,-0.487,0.094,-0.126,0.276,-0.787,0.59,0.256,0.192,0.242,0.691,0.215,-0.155,0.31,-0.169,0.716,0.243,0.666,0.328,0.493,-0.428,0.067,0.31,0.308,0.335,0.453,0.518,0.57,-0.555,0.692,0.522,0.214,0.609,0.685,-0.427,0.66,0.124,0.135,0.139,0.471,-0.11,0.261,0.474,0.488,0.101,0.684,0.558,0.419,-0.544,-0.44,-0.086,-0.16,-0.163,0.631,0.659,-0.639,-0.537,0.107,0.035,0.249,0.082,0.595,0.447,-0.204,0.081,0.701,0.19,0.422,0.606,0.146,0.374,-0.002,0.37,0.193,0.254,0.571,0.586,0.481,0.564,-0.636,0.66,-0.118,0.7,0.226,0.596,0.487,0.15,0.712,-0.735,-0.113,0.544,-0.059,0.252,-0.553,0.281,0.568,0.534,0.196,0.57,-0.596,0.316,0.036,0.115,-0.502,0.351,0.086,0.5,0.043,0.056,0.679,-0.415,0.566,0.087,0.664,0.082,0.535,0.742,0.522,-0.221,0.416,0.528,-0.119,0.281,-0.024,0.297,0.668,0.629,0.086,0.468,0.139,-0.26,0.701,0.159,0.513,0.198,0.497,0.191,0.18,0.38,0.378,0.381,0.009,0.573,0.19,0.661,0.592,-0.501,-0.197,-0.127,0.363,0.69,-0.163,0.502,0.636,0.199,0.365,0.182,0.446,-0.166,0.266,0.401,0.254,-0.017,0.114,0.631,0.22,0.354,0.434,0.701,0.164,-0.056,0.158,0.497,0.507,0.497,-0.09,-0.49,0.329,0.131,-0.24,0.788,0.156,0.664,0.305,0.511,0.606,0.72,0.039,0.41,0.021,0.331,0.739,0.086,-0.185
ADUS,0.028,0.69,0.541,0.223,0.0,0.612,0.885,-0.258,0.228,0.474,0.744,-0.195,-0.296,-0.662,-0.34,0.95,0.315,-0.533,0.516,0.623,0.507,-0.162,-0.293,-0.261,0.704,-0.242,0.083,-0.849,0.813,0.53,0.832,-0.345,-0.061,0.616,0.362,0.395,-0.473,-0.416,0.015,0.501,0.596,0.143,-0.239,0.661,0.767,0.109,0.746,-0.196,0.027,0.759,-0.366,0.076,-0.24,-0.147,0.283,0.434,0.785,0.171,-0.011,0.12,-0.362,0.191,0.441,-0.178,0.416,0.67,-0.058,-0.344,0.884,-0.319,0.574,-0.2,-0.55,0.363,0.337,-0.764,0.061,0.463,-0.407,0.355,-0.313,0.307,0.15,-0.545,-0.428,-0.264,-0.107,0.407,-0.024,-0.277,0.198,0.183,-0.261,0.003,-0.065,0.324,-0.444,0.214,-0.334,0.34,0.786,0.565,-0.027,0.881,0.067,0.096,-0.722,0.344,0.805,-0.523,-0.282,-0.552,-0.434,-0.482,0.862,-0.224,0.333,-0.322,0.103,-0.075,0.331,-0.346,0.505,0.62,0.416,0.264,0.622,0.486,0.024,-0.074,0.158,0.249,0.059,0.633,0.641,-0.597,-0.472,0.302,0.634,-0.39,-0.338,-0.519,0.561,-0.72,0.842,-0.493,0.727,0.453,0.593,0.768,-0.015,-0.247,-0.33,-0.006,0.255,0.749,-0.277,0.342,-0.015,0.628,-0.067,-0.488,0.807,0.554,0.643,0.836,-0.494,0.42,-0.13,-0.466,0.476,0.543,-0.275,-0.57,-0.036,-0.608,0.216,-0.207,0.422,0.81,0.442,0.102,-0.146,0.572,0.537,0.798,0.281,-0.729,-0.229,-0.584,0.388,-0.056,0.627,0.28,0.221,-0.245,-0.45,0.163,0.746,0.678
ADVM,-0.269,0.652,0.522,-0.172,0.612,0.0,0.705,0.186,0.342,0.584,0.661,0.19,-0.492,-0.757,-0.721,0.595,0.013,-0.932,0.641,0.273,0.815,-0.568,-0.524,-0.582,0.391,-0.405,0.462,-0.748,0.584,0.254,0.629,-0.886,-0.571,0.216,0.689,-0.009,-0.822,-0.323,-0.452,-0.106,0.788,-0.159,-0.376,0.594,0.697,-0.295,0.726,-0.259,-0.405,0.509,-0.563,-0.169,-0.656,-0.482,0.531,0.526,0.799,0.399,-0.226,-0.09,-0.442,0.351,0.602,-0.434,0.111,0.593,-0.338,-0.609,0.516,-0.174,0.585,-0.569,-0.496,0.117,0.005,-0.742,-0.062,0.755,-0.572,0.414,-0.167,-0.083,-0.275,-0.844,-0.658,0.177,-0.471,0.413,-0.556,-0.61,0.02,0.152,-0.085,-0.564,0.273,0.475,-0.721,0.192,-0.489,0.63,0.503,0.25,-0.21,0.693,-0.319,0.339,-0.8,0.482,0.801,-0.407,-0.639,-0.827,-0.701,-0.49,0.827,-0.736,0.684,-0.698,-0.196,-0.413,0.361,-0.605,0.122,0.552,0.616,-0.207,0.079,0.596,-0.177,0.061,-0.233,-0.071,-0.484,0.708,0.524,-0.838,-0.519,0.134,0.647,-0.646,-0.582,-0.686,0.615,-0.74,0.505,-0.705,0.528,0.522,0.132,0.613,-0.561,-0.64,-0.017,0.022,0.388,0.661,-0.532,0.479,-0.451,0.114,-0.015,-0.602,0.809,0.313,0.73,0.709,-0.646,0.271,-0.196,-0.486,0.132,0.16,-0.328,-0.805,-0.401,-0.389,0.31,-0.28,0.062,0.382,0.1,0.193,0.085,0.28,0.549,0.857,-0.172,-0.82,-0.469,-0.782,-0.101,-0.68,0.338,0.412,0.041,-0.512,-0.606,-0.183,0.749,0.718
AEIS,0.083,0.863,0.745,0.204,0.885,0.705,0.0,-0.251,0.535,0.684,0.675,-0.137,-0.445,-0.686,-0.583,0.83,0.225,-0.718,0.749,0.554,0.721,-0.19,-0.557,-0.301,0.692,-0.352,0.349,-0.798,0.92,0.68,0.893,-0.477,-0.304,0.597,0.459,0.525,-0.487,-0.189,-0.223,0.347,0.687,0.251,-0.335,0.826,0.873,-0.061,0.63,-0.011,-0.233,0.684,-0.398,0.13,-0.224,-0.416,0.258,0.344,0.772,0.412,-0.333,0.323,-0.31,0.249,0.344,-0.437,0.124,0.632,-0.381,-0.318,0.84,-0.489,0.826,-0.302,-0.373,0.476,0.312,-0.808,0.065,0.562,-0.262,0.654,-0.1,0.081,-0.053,-0.664,-0.51,-0.312,-0.25,0.441,-0.2,-0.267,0.109,0.407,-0.093,-0.071,0.061,0.623,-0.538,-0.073,-0.224,0.486,0.883,0.51,-0.155,0.926,-0.154,-0.031,-0.761,0.612,0.921,-0.462,-0.544,-0.672,-0.585,-0.419,0.875,-0.339,0.543,-0.332,-0.178,-0.227,0.188,-0.446,0.42,0.767,0.662,0.085,0.454,0.709,-0.174,0.231,-0.138,0.257,-0.145,0.583,0.798,-0.788,-0.677,0.421,0.825,-0.544,-0.51,-0.473,0.5,-0.772,0.815,-0.515,0.86,0.579,0.654,0.864,-0.02,-0.428,-0.371,-0.3,0.524,0.797,-0.254,0.311,-0.267,0.655,0.01,-0.576,0.821,0.676,0.839,0.943,-0.403,0.223,-0.4,-0.317,0.478,0.653,-0.229,-0.523,-0.181,-0.36,0.482,-0.362,0.203,0.792,0.397,0.361,0.071,0.603,0.713,0.826,0.249,-0.791,-0.26,-0.701,0.165,-0.188,0.639,0.576,0.42,-0.564,-0.355,0.083,0.924,0.769
AGNCM,-0.394,-0.144,-0.244,-0.487,-0.258,0.186,-0.251,0.0,-0.197,0.002,-0.086,0.474,-0.097,-0.041,-0.168,-0.231,-0.24,-0.193,0.031,-0.202,0.06,-0.436,-0.114,-0.208,-0.354,-0.21,0.306,0.068,-0.389,-0.492,-0.276,-0.415,-0.342,-0.38,0.283,-0.493,-0.31,0.014,-0.342,-0.462,0.193,-0.596,0.164,-0.195,-0.125,-0.207,0.053,-0.043,-0.222,-0.188,0.043,-0.346,-0.391,-0.085,0.365,0.246,0.039,0.209,0.096,-0.408,-0.178,0.179,0.329,0.082,-0.065,-0.013,-0.035,-0.227,-0.355,0.49,-0.205,-0.334,0.001,-0.393,-0.35,0.166,-0.007,0.192,-0.327,-0.244,0.07,-0.306,-0.35,-0.211,-0.11,0.585,-0.301,0.128,-0.363,-0.183,-0.143,-0.364,0.219,-0.475,0.368,-0.089,-0.136,0.217,-0.374,0.21,-0.335,-0.345,-0.119,-0.228,-0.242,0.451,-0.012,-0.257,-0.106,0.059,-0.159,-0.13,-0.097,0.074,0.028,-0.383,0.235,-0.351,-0.067,-0.256,0.197,-0.126,-0.337,-0.266,0.118,-0.313,-0.48,0.064,-0.011,-0.029,-0.132,-0.431,-0.377,0.068,-0.335,-0.1,0.18,-0.332,-0.089,-0.191,0.056,-0.134,0.041,0.024,-0.284,-0.307,-0.331,-0.005,-0.486,-0.17,-0.437,-0.299,0.499,0.37,-0.08,-0.219,-0.372,0.326,-0.257,-0.588,0.182,-0.05,-0.021,-0.357,0.011,-0.189,-0.161,-0.026,0.152,0.047,-0.292,-0.404,-0.005,-0.202,-0.348,0.091,-0.002,0.109,-0.16,-0.353,-0.255,-0.087,0.121,-0.302,-0.087,0.042,-0.541,0.013,-0.342,-0.037,-0.317,-0.522,-0.357,-0.125,-0.407,0.046,-0.194,-0.373,-0.144,0.033
AHCO,0.112,0.54,0.633,0.094,0.228,0.342,0.535,-0.197,0.0,0.597,0.108,0.167,-0.472,-0.439,-0.661,0.088,-0.191,-0.476,0.604,-0.174,0.675,-0.231,-0.652,-0.306,0.252,-0.403,0.573,-0.273,0.572,0.657,0.448,-0.284,-0.534,-0.008,0.43,0.339,-0.076,0.139,-0.507,-0.198,0.405,0.295,-0.525,0.588,0.521,-0.465,0.014,0.279,-0.627,0.036,-0.454,0.198,-0.191,-0.667,0.058,-0.155,0.278,0.403,-0.74,0.545,-0.078,0.35,0.064,-0.661,-0.57,0.165,-0.664,-0.141,0.145,-0.656,0.789,-0.354,0.055,0.412,0.001,-0.413,-0.169,0.289,0.13,0.723,0.03,-0.27,-0.276,-0.443,-0.416,-0.358,-0.36,0.06,-0.352,-0.094,-0.245,0.648,-0.005,-0.133,0.337,0.752,-0.467,-0.55,0.391,0.543,0.445,-0.057,-0.392,0.48,-0.493,-0.254,-0.425,0.639,0.533,-0.002,-0.682,-0.46,-0.504,-0.135,0.28,-0.311,0.582,-0.111,-0.638,-0.439,-0.518,-0.428,-0.076,0.439,0.666,-0.487,-0.065,0.608,-0.731,0.679,-0.625,0.045,-0.459,-0.018,0.619,-0.604,-0.632,0.273,0.591,-0.507,-0.68,-0.174,0.037,-0.46,0.166,-0.242,0.541,0.221,0.261,0.447,-0.002,-0.509,-0.105,-0.735,0.625,0.282,-0.03,-0.141,-0.61,0.322,-0.037,-0.501,0.251,0.425,0.608,0.433,-0.061,-0.369,-0.634,0.058,0.144,0.452,-0.107,-0.126,-0.271,0.294,0.57,-0.545,-0.321,0.139,-0.043,0.544,0.397,0.063,0.487,0.342,-0.01,-0.448,-0.194,-0.544,-0.464,-0.178,0.165,0.811,0.573,-0.831,-0.085,-0.197,0.619,0.408
ALGT,-0.107,0.679,0.596,-0.126,0.474,0.584,0.684,0.002,0.597,0.0,0.233,0.247,-0.671,-0.548,-0.618,0.375,-0.208,-0.684,0.855,0.258,0.743,-0.425,-0.774,-0.49,0.518,-0.494,0.727,-0.473,0.672,0.568,0.515,-0.546,-0.612,0.162,0.642,0.307,-0.46,0.092,-0.689,-0.128,0.76,-0.008,-0.16,0.801,0.737,-0.406,0.246,0.219,-0.596,0.192,-0.231,-0.118,-0.284,-0.739,0.3,0.367,0.458,0.616,-0.417,0.298,-0.327,0.498,0.357,-0.531,-0.298,0.226,-0.714,-0.427,0.383,-0.507,0.863,-0.601,-0.12,0.458,-0.051,-0.625,-0.214,0.493,-0.016,0.731,0.04,-0.448,-0.5,-0.666,-0.597,-0.113,-0.554,0.302,-0.477,0.012,-0.327,0.257,0.082,-0.233,0.501,0.749,-0.658,-0.417,-0.128,0.721,0.681,0.146,-0.52,0.592,-0.582,0.046,-0.653,0.643,0.742,0.065,-0.807,-0.601,-0.773,-0.365,0.548,-0.513,0.806,-0.502,-0.475,-0.595,-0.086,-0.595,-0.065,0.487,0.811,-0.283,-0.157,0.864,-0.475,0.489,-0.503,-0.156,-0.468,0.369,0.557,-0.8,-0.583,0.17,0.803,-0.749,-0.563,-0.437,0.061,-0.747,0.379,-0.602,0.619,0.506,0.436,0.735,-0.062,-0.735,-0.244,-0.524,0.783,0.333,-0.334,0.367,-0.664,0.23,0.189,-0.657,0.504,0.531,0.823,0.617,-0.294,-0.26,-0.687,-0.028,0.234,0.572,-0.097,-0.43,-0.601,-0.009,0.788,-0.491,-0.347,0.426,-0.052,0.749,0.569,0.52,0.771,0.657,-0.075,-0.617,-0.567,-0.628,-0.33,-0.386,0.239,0.655,0.307,-0.726,-0.186,-0.374,0.821,0.763
ALLO,0.159,0.674,0.597,0.276,0.744,0.661,0.675,-0.086,0.108,0.233,0.0,-0.348,0.07,-0.519,-0.301,0.767,0.551,-0.516,0.251,0.476,0.509,-0.013,-0.005,-0.086,0.56,0.101,-0.099,-0.665,0.588,0.216,0.698,-0.378,0.021,0.627,0.168,0.189,-0.471,-0.354,0.146,0.447,0.367,0.226,-0.123,0.472,0.662,0.248,0.777,-0.268,0.174,0.871,-0.422,0.315,-0.313,0.101,0.224,0.42,0.753,0.061,-0.009,0.149,-0.089,-0.14,0.314,-0.008,0.438,0.769,0.134,-0.212,0.766,0.029,0.36,0.008,-0.452,0.336,0.414,-0.501,0.278,0.507,-0.463,0.245,-0.151,0.586,0.424,-0.41,-0.218,-0.027,0.208,0.283,-0.024,-0.506,0.544,0.375,-0.097,-0.057,-0.329,0.068,-0.221,0.452,-0.318,0.134,0.479,0.66,0.308,0.73,0.317,0.115,-0.501,0.261,0.715,-0.735,-0.109,-0.591,-0.192,-0.276,0.765,-0.231,0.104,-0.26,0.194,0.199,0.509,-0.056,0.656,0.65,0.225,0.258,0.533,0.3,0.134,-0.19,0.327,0.401,0.105,0.805,0.625,-0.484,-0.381,0.398,0.542,-0.114,-0.217,-0.353,0.715,-0.434,0.701,-0.398,0.573,0.384,0.413,0.534,-0.195,-0.024,-0.198,0.225,-0.077,0.836,-0.06,0.347,0.121,0.511,0.004,-0.157,0.799,0.556,0.369,0.726,-0.41,0.64,0.175,-0.516,0.556,0.158,-0.143,-0.496,0.283,-0.462,-0.073,-0.014,0.588,0.596,0.542,-0.129,-0.454,0.293,0.344,0.607,0.353,-0.553,0.077,-0.383,0.399,-0.12,0.642,0.231,0.14,-0.118,-0.438,0.39,0.563,0.395
AMSF,-0.583,-0.197,-0.272,-0.787,-0.195,0.19,-0.137,0.474,0.167,0.247,-0.348,0.0,-0.664,-0.303,-0.384,-0.307,-0.696,-0.216,0.245,-0.44,0.248,-0.82,-0.435,-0.634,-0.35,-0.565,0.548,-0.014,-0.229,-0.141,-0.294,-0.492,-0.627,-0.689,0.744,-0.569,-0.406,-0.099,-0.665,-0.822,0.5,-0.704,-0.277,-0.031,-0.041,-0.581,0.07,-0.019,-0.622,-0.531,-0.227,-0.646,-0.576,-0.508,0.487,0.264,0.118,0.325,0.056,-0.45,-0.572,0.711,0.665,-0.217,-0.313,-0.153,-0.283,-0.568,-0.535,0.066,0.05,-0.725,-0.115,-0.446,-0.639,-0.132,-0.399,0.099,-0.315,-0.092,-0.219,-0.632,-0.648,-0.485,-0.489,0.506,-0.731,0.132,-0.753,-0.254,-0.535,-0.354,-0.088,-0.73,0.847,0.245,-0.56,-0.06,-0.14,0.657,-0.241,-0.717,-0.524,-0.169,-0.638,0.668,-0.342,-0.034,0.002,0.495,-0.468,-0.23,-0.568,-0.022,-0.065,-0.68,0.577,-0.508,-0.211,-0.661,-0.216,-0.525,-0.765,-0.425,0.353,-0.684,-0.589,0.224,-0.485,0.237,-0.409,-0.674,-0.788,-0.14,-0.327,-0.255,0.153,-0.6,-0.066,-0.56,-0.299,-0.445,-0.113,-0.189,-0.414,-0.364,-0.35,-0.092,-0.617,-0.074,-0.563,-0.671,0.645,0.025,0.295,-0.341,-0.656,0.194,-0.684,-0.629,0.007,-0.446,-0.163,-0.486,0.268,-0.262,-0.373,-0.32,-0.086,-0.041,-0.603,-0.161,-0.232,-0.417,-0.732,-0.001,0.257,-0.237,-0.617,-0.538,-0.613,0.212,0.569,-0.3,0.007,0.214,-0.821,-0.223,-0.686,-0.379,-0.74,-0.671,-0.64,0.201,-0.393,-0.237,-0.342,-0.812,0.008,0.181
ANAB,0.558,-0.237,-0.115,0.59,-0.296,-0.492,-0.445,-0.097,-0.472,-0.671,0.07,-0.664,0.0,0.656,0.559,-0.204,0.671,0.573,-0.673,0.081,-0.598,0.768,0.75,0.843,-0.174,0.762,-0.713,0.495,-0.365,-0.354,-0.208,0.605,0.745,0.301,-0.851,0.119,0.616,0.224,0.797,0.48,-0.796,0.377,0.452,-0.461,-0.412,0.677,-0.266,0.109,0.75,0.214,0.356,0.558,0.534,0.817,-0.434,-0.338,-0.384,-0.394,0.243,0.151,0.771,-0.806,-0.612,0.491,0.217,-0.01,0.56,0.755,-0.022,0.472,-0.584,0.867,0.375,0.003,0.466,0.666,0.539,-0.23,0.283,-0.358,0.366,0.651,0.724,0.807,0.828,-0.107,0.87,-0.27,0.789,0.202,0.648,0.102,0.293,0.591,-0.847,-0.675,0.882,0.319,0.187,-0.878,-0.363,0.32,0.739,-0.351,0.781,-0.379,0.754,-0.383,-0.473,-0.332,0.792,0.491,0.904,0.401,-0.351,0.75,-0.833,0.676,0.377,0.852,0.236,0.85,0.499,-0.017,-0.671,0.521,0.316,-0.627,0.566,-0.296,0.565,0.529,0.75,-0.083,-0.147,0.656,0.31,0.372,-0.418,0.892,0.605,0.733,0.023,0.705,-0.053,0.598,-0.22,-0.291,0.038,-0.413,0.437,0.88,-0.195,0.368,-0.707,-0.023,0.7,-0.218,0.774,0.123,0.172,0.808,-0.214,-0.037,-0.742,-0.261,0.573,0.389,0.53,0.22,0.309,-0.37,0.449,0.633,0.88,0.161,-0.598,0.649,0.577,-0.024,0.433,-0.51,-0.661,-0.135,-0.462,-0.642,0.544,0.678,0.818,0.789,0.557,0.603,0.271,-0.486,0.014,0.586,0.467,0.765,-0.55,-0.596
ANDE,0.322,-0.527,-0.41,0.256,-0.662,-0.757,-0.686,-0.041,-0.439,-0.548,-0.519,-0.303,0.656,0.0,0.662,-0.625,0.166,0.716,-0.616,-0.13,-0.749,0.656,0.552,0.753,-0.455,0.543,-0.428,0.859,-0.628,-0.391,-0.559,0.691,0.578,-0.097,-0.764,0.003,0.752,0.598,0.489,0.175,-0.832,0.115,0.612,-0.589,-0.658,0.415,-0.67,0.367,0.498,-0.384,0.753,0.256,0.629,0.542,-0.387,-0.437,-0.739,-0.174,0.145,0.032,0.631,-0.481,-0.706,0.4,-0.104,-0.51,0.314,0.741,-0.469,0.418,-0.613,0.664,0.714,-0.024,0.264,0.87,0.373,-0.465,0.55,-0.367,0.52,0.077,0.256,0.853,0.828,0.067,0.583,-0.263,0.568,0.559,0.17,-0.106,0.475,0.535,-0.404,-0.564,0.842,-0.105,0.443,-0.728,-0.499,-0.067,0.383,-0.716,0.376,-0.327,0.925,-0.32,-0.712,0.296,0.63,0.755,0.789,0.536,-0.743,0.684,-0.666,0.703,0.19,0.532,-0.134,0.718,-0.065,-0.322,-0.655,0.216,-0.128,-0.568,0.322,0.013,0.272,0.117,0.485,-0.495,-0.538,0.807,0.555,0.104,-0.581,0.723,0.724,0.83,-0.44,0.832,-0.408,0.729,-0.506,-0.387,-0.127,-0.591,0.473,0.675,-0.058,0.176,-0.48,-0.512,0.575,-0.313,0.48,-0.142,0.341,0.777,-0.642,-0.267,-0.737,-0.623,0.795,-0.11,0.316,0.632,-0.074,-0.247,0.59,0.818,0.465,0.41,-0.382,0.441,0.03,-0.366,0.114,-0.158,-0.112,-0.185,-0.556,-0.806,0.208,0.924,0.519,0.844,0.221,0.613,-0.173,-0.521,-0.052,0.527,0.766,0.304,-0.726,-0.653
APLS,0.162,-0.625,-0.59,0.192,-0.34,-0.721,-0.583,-0.168,-0.661,-0.618,-0.301,-0.384,0.559,0.662,0.0,-0.246,0.206,0.831,-0.785,-0.002,-0.87,0.593,0.818,0.516,-0.118,0.524,-0.732,0.46,-0.568,-0.453,-0.53,0.804,0.806,-0.005,-0.692,-0.109,0.492,0.034,0.648,0.421,-0.717,0.081,0.614,-0.65,-0.585,0.523,-0.336,-0.104,0.752,-0.165,0.665,0.235,0.572,0.756,-0.418,-0.222,-0.536,-0.564,0.553,-0.135,0.256,-0.445,-0.432,0.743,0.425,-0.371,0.715,0.405,-0.221,0.455,-0.72,0.606,0.158,-0.14,0.235,0.619,0.132,-0.667,0.249,-0.64,-0.032,0.387,0.515,0.732,0.638,0.058,0.626,-0.28,0.554,0.398,0.237,-0.372,-0.049,0.532,-0.466,-0.755,0.674,0.255,0.213,-0.721,-0.445,0.163,0.446,-0.607,0.606,-0.118,0.651,-0.573,-0.667,0.243,0.837,0.71,0.701,0.29,-0.614,0.625,-0.805,0.441,0.625,0.587,0.069,0.633,0.131,-0.519,-0.831,0.541,0.067,-0.668,0.557,-0.491,0.647,0.097,0.638,-0.247,-0.564,0.868,0.715,-0.232,-0.668,0.719,0.721,0.421,-0.326,0.626,-0.223,0.441,-0.566,-0.488,0.02,-0.567,0.382,0.75,-0.02,0.412,-0.661,-0.484,0.391,-0.22,0.751,-0.058,-0.044,0.677,-0.513,-0.231,-0.783,-0.585,0.368,0.17,0.506,0.149,0.061,-0.272,0.272,0.511,0.458,-0.074,-0.579,0.324,0.322,-0.163,0.059,-0.474,-0.37,-0.166,-0.584,-0.631,0.332,0.654,0.454,0.799,0.514,0.589,-0.222,-0.74,-0.305,0.823,0.36,0.325,-0.732,-0.662
APPF,0.006,0.649,0.47,0.242,0.95,0.595,0.83,-0.231,0.088,0.375,0.767,-0.307,-0.204,-0.625,-0.246,0.0,0.372,-0.506,0.423,0.668,0.41,-0.08,-0.188,-0.235,0.726,-0.151,-0.027,-0.853,0.751,0.446,0.791,-0.329,0.029,0.683,0.261,0.404,-0.5,-0.499,0.107,0.572,0.516,0.148,-0.177,0.563,0.708,0.159,0.749,-0.344,0.123,0.794,-0.295,0.085,-0.172,-0.039,0.191,0.439,0.744,0.033,0.083,0.07,-0.332,0.071,0.374,-0.05,0.535,0.653,0.037,-0.36,0.916,-0.243,0.476,-0.125,-0.626,0.315,0.31,-0.747,0.049,0.422,-0.458,0.262,-0.333,0.366,0.192,-0.492,-0.372,-0.23,-0.046,0.415,0.03,-0.295,0.268,0.1,-0.338,0.044,-0.173,0.253,-0.38,0.309,-0.446,0.229,0.739,0.63,0.049,0.827,0.173,0.065,-0.68,0.237,0.743,-0.609,-0.184,-0.504,-0.352,-0.489,0.847,-0.168,0.221,-0.334,0.189,0.008,0.465,-0.283,0.6,0.607,0.315,0.397,0.64,0.399,0.203,-0.248,0.234,0.272,0.145,0.668,0.6,-0.539,-0.446,0.251,0.58,-0.31,-0.236,-0.535,0.587,-0.658,0.832,-0.47,0.681,0.443,0.611,0.704,-0.024,-0.15,-0.345,0.083,0.186,0.734,-0.228,0.343,0.1,0.605,-0.144,-0.418,0.778,0.553,0.564,0.81,-0.519,0.48,-0.052,-0.564,0.492,0.476,-0.316,-0.573,0.006,-0.645,0.137,-0.164,0.501,0.848,0.441,-0.017,-0.25,0.565,0.509,0.759,0.337,-0.714,-0.171,-0.504,0.498,-0.051,0.647,0.147,0.149,-0.141,-0.491,0.232,0.682,0.604
ASML,0.704,0.338,0.394,0.691,0.315,0.013,0.225,-0.24,-0.191,-0.208,0.551,-0.696,0.671,0.166,0.206,0.372,0.0,0.094,-0.185,0.54,-0.149,0.629,0.461,0.643,0.236,0.525,-0.542,-0.073,0.235,0.085,0.344,0.248,0.603,0.705,-0.484,0.459,0.201,0.086,0.722,0.683,-0.283,0.521,0.204,0.013,0.182,0.731,0.264,0.102,0.676,0.721,0.067,0.628,0.413,0.641,-0.283,-0.106,0.221,-0.087,0.154,0.353,0.569,-0.615,-0.267,0.298,0.389,0.605,0.366,0.503,0.56,0.227,-0.089,0.693,0.055,0.177,0.698,0.164,0.64,0.149,0.06,0.048,0.318,0.781,0.744,0.345,0.524,-0.229,0.726,0.046,0.578,-0.127,0.884,0.317,0.259,0.485,-0.832,-0.315,0.543,0.383,-0.044,-0.578,0.264,0.694,0.821,0.249,0.793,-0.238,0.221,-0.03,0.163,-0.616,0.513,-0.024,0.492,0.182,0.217,0.454,-0.492,0.424,0.454,0.78,0.498,0.631,0.831,0.463,-0.259,0.629,0.641,-0.246,0.56,-0.239,0.631,0.813,0.638,0.436,0.376,0.155,-0.058,0.595,0.104,0.591,0.298,0.367,0.443,0.249,0.525,0.215,0.278,0.066,0.455,0.185,0.378,0.638,-0.352,0.281,-0.374,0.59,0.452,0.181,0.656,0.504,0.288,0.532,0.435,0.357,-0.21,0.383,0.251,0.7,0.399,-0.068,0.657,-0.033,0.271,0.207,0.734,-0.149,-0.343,0.508,0.747,0.519,0.673,-0.335,-0.677,0.348,0.041,-0.108,0.747,0.112,0.712,0.36,0.667,0.357,0.688,-0.075,0.234,0.247,0.14,0.83,0.069,-0.134
ATRC,0.291,-0.688,-0.574,0.215,-0.533,-0.932,-0.718,-0.193,-0.476,-0.684,-0.516,-0.216,0.573,0.716,0.831,-0.506,0.094,0.0,-0.79,-0.247,-0.878,0.561,0.697,0.589,-0.335,0.507,-0.644,0.687,-0.634,-0.374,-0.627,0.889,0.697,-0.2,-0.683,-0.098,0.759,0.202,0.585,0.187,-0.804,0.118,0.412,-0.661,-0.711,0.415,-0.547,0.141,0.571,-0.378,0.516,0.201,0.585,0.659,-0.51,-0.438,-0.697,-0.518,0.398,-0.014,0.39,-0.43,-0.477,0.585,0.066,-0.498,0.545,0.554,-0.465,0.328,-0.714,0.632,0.369,-0.223,0.076,0.75,0.105,-0.754,0.417,-0.576,0.055,0.283,0.449,0.851,0.703,-0.1,0.584,-0.435,0.567,0.464,0.152,-0.223,0.016,0.523,-0.375,-0.665,0.747,0.047,0.401,-0.708,-0.577,-0.168,0.366,-0.706,0.49,-0.178,0.77,-0.582,-0.794,0.314,0.779,0.783,0.75,0.45,-0.797,0.723,-0.781,0.642,0.409,0.555,-0.208,0.688,-0.022,-0.584,-0.759,0.287,-0.01,-0.682,0.303,-0.254,0.445,0.113,0.542,-0.553,-0.553,0.903,0.666,-0.175,-0.735,0.748,0.64,0.613,-0.445,0.765,-0.439,0.648,-0.616,-0.614,-0.174,-0.665,0.508,0.739,0.095,0.197,-0.574,-0.597,0.513,-0.387,0.6,-0.125,0.002,0.684,-0.708,-0.357,-0.833,-0.724,0.531,-0.041,0.398,0.341,-0.082,-0.288,0.32,0.702,0.508,0.221,-0.476,0.333,0.1,-0.382,-0.058,-0.385,-0.283,-0.326,-0.64,-0.828,0.219,0.781,0.529,0.817,0.219,0.649,-0.304,-0.534,-0.216,0.675,0.496,0.269,-0.816,-0.787
AVGO,-0.147,0.73,0.662,-0.155,0.516,0.641,0.749,0.031,0.604,0.855,0.251,0.245,-0.673,-0.616,-0.785,0.423,-0.185,-0.79,0.0,0.371,0.827,-0.464,-0.895,-0.49,0.389,-0.554,0.81,-0.526,0.756,0.647,0.652,-0.637,-0.736,0.258,0.656,0.379,-0.474,0.06,-0.675,-0.184,0.824,-0.019,-0.38,0.823,0.736,-0.442,0.251,0.238,-0.692,0.225,-0.371,-0.197,-0.332,-0.808,0.408,0.311,0.508,0.68,-0.526,0.239,-0.301,0.547,0.362,-0.662,-0.312,0.326,-0.807,-0.39,0.433,-0.562,0.896,-0.641,-0.112,0.395,-0.118,-0.729,-0.196,0.652,-0.055,0.805,0.077,-0.508,-0.594,-0.719,-0.667,-0.2,-0.649,0.403,-0.448,-0.036,-0.364,0.27,0.102,-0.272,0.493,0.869,-0.698,-0.433,-0.212,0.755,0.776,0.082,-0.561,0.722,-0.664,0.001,-0.681,0.649,0.784,-0.063,-0.87,-0.566,-0.793,-0.294,0.668,-0.521,0.87,-0.439,-0.576,-0.65,-0.069,-0.674,-0.063,0.578,0.932,-0.26,0.022,0.826,-0.454,0.522,-0.586,-0.103,-0.461,0.341,0.592,-0.889,-0.715,0.29,0.854,-0.815,-0.62,-0.42,0.17,-0.786,0.384,-0.492,0.752,0.726,0.356,0.805,-0.112,-0.777,-0.31,-0.54,0.838,0.48,-0.39,0.351,-0.705,0.269,0.125,-0.736,0.581,0.494,0.939,0.74,-0.312,-0.264,-0.667,-0.031,0.192,0.642,-0.16,-0.456,-0.576,-0.029,0.783,-0.353,-0.35,0.482,0.06,0.738,0.583,0.54,0.833,0.705,-0.111,-0.673,-0.58,-0.751,-0.317,-0.427,0.307,0.737,0.431,-0.813,-0.205,-0.361,0.886,0.852
AVT,0.222,0.481,0.395,0.31,0.623,0.273,0.554,-0.202,-0.174,0.258,0.476,-0.44,0.081,-0.13,-0.002,0.668,0.54,-0.247,0.371,0.0,0.135,0.258,-0.055,0.205,0.489,0.053,-0.059,-0.368,0.559,0.359,0.581,-0.048,0.192,0.811,-0.044,0.512,-0.183,0.056,0.254,0.593,0.254,0.223,0.225,0.435,0.459,0.454,0.392,0.114,0.28,0.672,0.124,0.094,0.193,0.122,0.182,0.319,0.419,0.256,0.125,0.132,0.044,-0.115,0.032,0.022,0.364,0.456,-0.016,0.137,0.747,0.005,0.287,0.146,-0.062,0.353,0.504,-0.358,0.383,0.421,-0.049,0.306,0.196,0.265,0.199,-0.108,0.024,-0.241,0.191,0.383,0.287,0.114,0.321,0.04,0.228,0.325,-0.344,0.062,0.044,0.121,-0.301,-0.078,0.65,0.628,0.204,0.565,0.227,-0.103,-0.22,0.249,0.493,-0.376,0.03,-0.131,-0.053,-0.081,0.546,0.096,0.033,0.054,0.226,0.221,0.491,0.038,0.567,0.562,0.165,0.571,0.636,0.232,0.409,-0.069,0.29,0.427,0.436,0.566,0.377,-0.237,-0.238,0.48,0.467,-0.028,0.13,-0.01,0.348,-0.319,0.675,-0.082,0.567,0.59,0.597,0.584,0.276,0.09,-0.582,0.096,0.102,0.614,-0.047,0.439,0.241,0.501,0.28,-0.022,0.616,0.536,0.353,0.663,-0.02,0.447,0.004,-0.041,0.542,0.495,0.166,-0.119,0.147,-0.449,0.145,0.313,0.386,0.778,0.594,0.175,-0.117,0.788,0.406,0.4,0.481,-0.21,0.043,-0.114,0.591,0.18,0.667,0.037,0.269,0.027,0.103,0.345,0.428,0.471
AXDX,-0.183,0.74,0.712,-0.169,0.507,0.815,0.721,0.06,0.675,0.743,0.509,0.248,-0.598,-0.749,-0.87,0.41,-0.149,-0.878,0.827,0.135,0.0,-0.54,-0.751,-0.587,0.399,-0.453,0.707,-0.596,0.701,0.528,0.651,-0.767,-0.752,0.167,0.69,0.121,-0.605,-0.107,-0.665,-0.268,0.792,0.051,-0.503,0.773,0.744,-0.477,0.462,0.01,-0.693,0.326,-0.656,-0.095,-0.588,-0.758,0.466,0.381,0.643,0.532,-0.564,0.217,-0.336,0.463,0.431,-0.664,-0.263,0.449,-0.655,-0.5,0.405,-0.474,0.843,-0.633,-0.265,0.372,-0.114,-0.74,-0.186,0.685,-0.249,0.737,-0.07,-0.272,-0.395,-0.802,-0.736,-0.043,-0.538,0.277,-0.575,-0.37,-0.217,0.46,-0.025,-0.463,0.425,0.758,-0.758,-0.218,-0.149,0.78,0.58,0.132,-0.457,0.747,-0.573,0.093,-0.753,0.68,0.827,-0.228,-0.858,-0.76,-0.792,-0.358,0.701,-0.686,0.815,-0.549,-0.543,-0.596,-0.062,-0.67,-0.024,0.601,0.842,-0.4,-0.006,0.779,-0.576,0.434,-0.534,-0.057,-0.587,0.477,0.68,-0.925,-0.721,0.279,0.817,-0.772,-0.74,-0.533,0.335,-0.769,0.353,-0.575,0.688,0.617,0.21,0.669,-0.401,-0.754,-0.125,-0.414,0.638,0.586,-0.362,0.271,-0.71,0.246,-0.023,-0.712,0.644,0.468,0.848,0.708,-0.466,-0.112,-0.5,-0.244,0.151,0.409,-0.275,-0.603,-0.419,-0.043,0.584,-0.431,-0.236,0.304,0.047,0.547,0.36,0.251,0.678,0.754,-0.152,-0.749,-0.476,-0.836,-0.383,-0.536,0.275,0.76,0.372,-0.821,-0.394,-0.293,0.854,0.734
AXSM,0.677,-0.077,0.049,0.716,-0.162,-0.568,-0.19,-0.436,-0.231,-0.425,-0.013,-0.82,0.768,0.656,0.593,-0.08,0.629,0.561,-0.464,0.258,-0.54,0.0,0.588,0.859,0.051,0.653,-0.615,0.431,-0.078,0.035,-0.047,0.756,0.761,0.497,-0.875,0.494,0.702,0.399,0.749,0.674,-0.767,0.689,0.422,-0.24,-0.261,0.647,-0.378,0.237,0.675,0.213,0.481,0.643,0.814,0.629,-0.635,-0.459,-0.436,-0.302,0.028,0.484,0.733,-0.737,-0.823,0.341,0.106,-0.1,0.333,0.805,0.176,0.09,-0.272,0.896,0.467,0.329,0.608,0.522,0.485,-0.376,0.543,-0.038,0.419,0.54,0.663,0.782,0.776,-0.415,0.842,-0.231,0.813,0.441,0.526,0.296,0.278,0.827,-0.818,-0.379,0.845,-0.063,0.41,-0.823,-0.02,0.478,0.595,-0.185,0.681,-0.643,0.684,-0.117,-0.33,-0.177,0.66,0.539,0.788,0.374,-0.345,0.853,-0.754,0.784,0.269,0.781,0.035,0.778,0.566,0.154,-0.535,0.615,0.421,-0.435,0.457,-0.073,0.442,0.645,0.794,-0.187,0.064,0.582,0.126,0.474,-0.212,0.776,0.517,0.75,-0.145,0.578,0.114,0.66,0.035,-0.124,0.46,-0.203,0.702,0.846,-0.476,-0.022,-0.386,0.032,0.795,-0.331,0.712,0.462,0.178,0.709,-0.221,0.279,-0.532,-0.089,0.697,0.182,0.198,0.346,0.442,0.07,0.428,0.747,0.769,0.244,-0.306,0.361,0.438,0.236,0.493,-0.203,-0.466,0.145,-0.251,-0.579,0.766,0.6,0.816,0.693,0.598,0.817,0.388,-0.271,0.378,0.377,0.634,0.778,-0.331,-0.488
AZN,0.257,-0.539,-0.483,0.243,-0.293,-0.524,-0.557,-0.114,-0.652,-0.774,-0.005,-0.435,0.75,0.552,0.818,-0.188,0.461,0.697,-0.895,-0.055,-0.751,0.588,0.0,0.551,-0.222,0.632,-0.878,0.37,-0.563,-0.545,-0.444,0.63,0.838,0.061,-0.7,-0.226,0.377,-0.09,0.794,0.411,-0.748,0.185,0.437,-0.69,-0.573,0.641,-0.08,-0.257,0.844,0.068,0.371,0.331,0.394,0.904,-0.38,-0.178,-0.33,-0.658,0.572,-0.149,0.349,-0.612,-0.362,0.707,0.524,-0.085,0.869,0.429,-0.144,0.599,-0.801,0.714,0.055,-0.258,0.346,0.629,0.334,-0.519,0.039,-0.695,-0.021,0.687,0.748,0.683,0.652,0.152,0.767,-0.316,0.548,-0.001,0.551,-0.218,-0.036,0.347,-0.673,-0.868,0.714,0.542,0.143,-0.803,-0.538,0.201,0.713,-0.513,0.819,-0.045,0.616,-0.552,-0.612,-0.048,0.922,0.524,0.79,0.312,-0.481,0.538,-0.907,0.439,0.711,0.762,0.266,0.743,0.313,-0.399,-0.889,0.527,0.214,-0.798,0.605,-0.6,0.776,0.318,0.63,-0.068,-0.433,0.83,0.66,-0.128,-0.699,0.846,0.632,0.4,-0.018,0.699,-0.133,0.433,-0.56,-0.541,-0.125,-0.612,0.164,0.847,0.093,0.617,-0.874,-0.229,0.409,-0.203,0.847,-0.084,-0.076,0.789,-0.335,-0.279,-0.863,-0.491,0.284,0.487,0.742,-0.031,0.064,-0.551,0.18,0.406,0.673,-0.145,-0.819,0.485,0.547,-0.21,0.192,-0.74,-0.692,-0.316,-0.707,-0.577,0.348,0.596,0.664,0.753,0.55,0.464,-0.098,-0.708,-0.286,0.839,0.2,0.553,-0.734,-0.727
BANR,0.73,-0.148,-0.003,0.666,-0.261,-0.582,-0.301,-0.208,-0.306,-0.49,-0.086,-0.634,0.843,0.753,0.516,-0.235,0.643,0.589,-0.49,0.205,-0.587,0.859,0.551,0.0,-0.165,0.617,-0.588,0.571,-0.228,-0.162,-0.123,0.697,0.708,0.374,-0.831,0.376,0.756,0.557,0.749,0.542,-0.771,0.468,0.474,-0.323,-0.352,0.711,-0.393,0.466,0.684,0.165,0.518,0.538,0.716,0.688,-0.506,-0.463,-0.433,-0.099,0.092,0.339,0.802,-0.748,-0.697,0.311,0.036,-0.099,0.323,0.918,0.019,0.302,-0.409,0.903,0.619,0.127,0.616,0.692,0.684,-0.28,0.494,-0.139,0.594,0.483,0.608,0.821,0.894,-0.279,0.833,-0.211,0.788,0.383,0.595,0.202,0.54,0.712,-0.772,-0.492,0.935,0.022,0.312,-0.859,-0.163,0.314,0.669,-0.309,0.667,-0.474,0.79,-0.19,-0.404,-0.199,0.694,0.509,0.863,0.452,-0.363,0.832,-0.717,0.813,0.282,0.825,0.139,0.871,0.46,0.104,-0.558,0.489,0.33,-0.467,0.475,-0.003,0.435,0.602,0.745,-0.245,-0.068,0.619,0.244,0.53,-0.298,0.845,0.593,0.892,-0.086,0.687,0.04,0.679,-0.093,-0.232,0.234,-0.262,0.664,0.835,-0.322,0.129,-0.475,-0.002,0.716,-0.215,0.68,0.258,0.434,0.801,-0.22,0.052,-0.585,-0.161,0.775,0.254,0.282,0.519,0.315,-0.1,0.593,0.789,0.779,0.282,-0.344,0.538,0.42,0.096,0.51,-0.249,-0.464,0.113,-0.339,-0.659,0.59,0.711,0.824,0.759,0.518,0.702,0.363,-0.31,0.199,0.439,0.699,0.757,-0.428,-0.509
BBIO,0.146,0.628,0.52,0.328,0.704,0.391,0.692,-0.354,0.252,0.518,0.56,-0.35,-0.174,-0.455,-0.118,0.726,0.236,-0.335,0.389,0.489,0.399,0.051,-0.222,-0.165,0.0,0.103,0.076,-0.541,0.707,0.52,0.639,-0.129,0.029,0.553,0.152,0.467,-0.259,-0.239,-0.067,0.504,0.388,0.363,0.06,0.632,0.677,0.076,0.418,-0.104,0.021,0.597,-0.128,0.336,-0.014,-0.149,-0.03,0.32,0.452,0.043,-0.105,0.348,-0.197,-0.006,0.133,-0.027,0.235,0.35,-0.118,-0.236,0.738,-0.392,0.575,-0.077,-0.385,0.509,0.276,-0.6,-0.097,0.241,-0.036,0.48,-0.202,0.234,0.162,-0.317,-0.276,-0.294,0.051,0.15,0.009,0.011,0.116,0.283,-0.241,0.25,-0.147,0.311,-0.312,-0.023,-0.15,0.202,0.647,0.653,-0.073,0.623,0.049,-0.15,-0.492,0.367,0.644,-0.341,-0.252,-0.434,-0.362,-0.411,0.554,-0.077,0.205,-0.278,0.014,-0.032,0.15,-0.231,0.51,0.554,0.298,0.319,0.34,0.581,-0.004,-0.07,0.066,0.234,0.122,0.558,0.625,-0.481,-0.451,0.319,0.633,-0.278,-0.213,-0.34,0.28,-0.587,0.619,-0.421,0.629,0.412,0.728,0.603,0.19,-0.146,-0.444,-0.222,0.3,0.528,0.05,0.187,0.01,0.671,-0.096,-0.333,0.561,0.747,0.463,0.635,-0.307,0.162,-0.28,-0.339,0.65,0.583,-0.096,-0.312,0.039,-0.251,0.306,-0.328,0.272,0.699,0.252,0.289,-0.043,0.543,0.552,0.52,0.482,-0.528,-0.106,-0.332,0.353,0.084,0.571,0.271,0.213,-0.244,-0.221,0.165,0.622,0.463
BCYC,0.555,-0.128,-0.01,0.493,-0.242,-0.405,-0.352,-0.21,-0.403,-0.494,0.101,-0.565,0.762,0.543,0.524,-0.151,0.525,0.507,-0.554,0.053,-0.453,0.653,0.632,0.617,0.103,0.0,-0.549,0.477,-0.266,-0.212,-0.216,0.48,0.657,0.255,-0.696,0.126,0.465,0.178,0.587,0.389,-0.62,0.426,0.394,-0.359,-0.319,0.545,-0.228,0.052,0.615,0.144,0.355,0.619,0.443,0.659,-0.499,-0.234,-0.321,-0.385,0.212,0.22,0.552,-0.688,-0.502,0.566,0.181,-0.032,0.436,0.499,-0.001,0.273,-0.407,0.711,0.262,0.101,0.32,0.517,0.243,-0.35,0.436,-0.18,0.212,0.523,0.606,0.645,0.642,-0.041,0.785,-0.445,0.528,0.164,0.551,0.189,0.172,0.511,-0.691,-0.539,0.674,0.129,0.247,-0.707,-0.224,0.367,0.631,-0.307,0.635,-0.257,0.601,-0.245,-0.326,-0.153,0.621,0.321,0.613,0.403,-0.393,0.568,-0.675,0.403,0.412,0.659,0.14,0.737,0.43,0.026,-0.598,0.476,0.13,-0.438,0.41,-0.338,0.525,0.49,0.539,0.025,-0.075,0.491,0.307,0.317,-0.25,0.694,0.557,0.523,-0.014,0.57,-0.122,0.477,-0.195,-0.125,0.115,-0.334,0.373,0.735,-0.167,0.264,-0.531,-0.015,0.719,-0.199,0.629,0.251,0.159,0.699,-0.188,0.189,-0.627,-0.257,0.454,0.224,0.472,0.133,0.451,-0.231,0.42,0.493,0.734,0.254,-0.453,0.344,0.35,-0.049,0.266,-0.266,-0.463,-0.122,-0.244,-0.565,0.61,0.508,0.684,0.628,0.396,0.504,0.208,-0.338,-0.065,0.439,0.343,0.608,-0.421,-0.619
BHFAP,-0.396,0.42,0.352,-0.428,0.083,0.462,0.349,0.306,0.573,0.727,-0.099,0.548,-0.713,-0.428,-0.732,-0.027,-0.542,-0.644,0.81,-0.059,0.707,-0.615,-0.878,-0.588,0.076,-0.549,0.0,-0.2,0.363,0.399,0.244,-0.633,-0.886,-0.211,0.678,0.027,-0.37,0.149,-0.889,-0.584,0.696,-0.272,-0.313,0.56,0.465,-0.692,-0.047,0.243,-0.898,-0.25,-0.259,-0.325,-0.444,-0.909,0.441,0.226,0.2,0.667,-0.547,0.091,-0.341,0.684,0.318,-0.614,-0.574,0.002,-0.835,-0.441,-0.075,-0.437,0.691,-0.784,0.066,0.223,-0.43,-0.471,-0.382,0.506,0.032,0.629,0.073,-0.789,-0.828,-0.618,-0.656,0.072,-0.785,0.289,-0.611,0.071,-0.646,0.112,0.124,-0.412,0.772,0.791,-0.679,-0.538,-0.05,0.823,0.357,-0.307,-0.733,0.336,-0.879,0.116,-0.476,0.522,0.473,0.284,-0.916,-0.384,-0.756,-0.173,0.314,-0.605,0.885,-0.465,-0.735,-0.845,-0.354,-0.725,-0.493,0.213,0.856,-0.618,-0.432,0.719,-0.671,0.645,-0.801,-0.473,-0.713,0.051,0.216,-0.725,-0.522,-0.026,0.604,-0.849,-0.55,-0.344,-0.074,-0.578,-0.105,-0.452,0.374,0.531,-0.041,0.441,-0.28,-0.879,0.011,-0.536,0.783,0.034,-0.419,0.185,-0.894,-0.118,0.074,-0.721,0.174,0.213,0.744,0.3,-0.193,-0.601,-0.65,0.11,-0.115,0.428,-0.079,-0.334,-0.725,0.251,0.756,-0.418,-0.671,-0.02,-0.293,0.772,0.814,0.116,0.598,0.47,-0.439,-0.423,-0.724,-0.64,-0.673,-0.522,-0.138,0.617,0.266,-0.786,-0.137,-0.669,0.566,0.618
BKR,0.28,-0.572,-0.387,0.067,-0.849,-0.748,-0.798,0.068,-0.273,-0.473,-0.665,-0.014,0.495,0.859,0.46,-0.853,-0.073,0.687,-0.526,-0.368,-0.596,0.431,0.37,0.571,-0.541,0.477,-0.2,0.0,-0.689,-0.355,-0.702,0.558,0.303,-0.351,-0.552,-0.149,0.716,0.655,0.207,-0.215,-0.713,0.042,0.418,-0.576,-0.709,0.189,-0.775,0.473,0.184,-0.585,0.557,0.14,0.471,0.308,-0.366,-0.453,-0.802,-0.074,0.02,0.057,0.559,-0.356,-0.588,0.289,-0.417,-0.64,0.085,0.633,-0.716,0.326,-0.542,0.475,0.77,-0.145,-0.035,0.869,0.165,-0.466,0.608,-0.254,0.507,-0.146,0.058,0.755,0.684,0.115,0.4,-0.427,0.305,0.506,-0.023,-0.044,0.471,0.325,-0.151,-0.414,0.682,-0.277,0.49,-0.53,-0.619,-0.342,0.19,-0.788,0.105,-0.213,0.884,-0.293,-0.734,0.459,0.426,0.645,0.6,0.624,-0.863,0.484,-0.466,0.579,-0.006,0.315,-0.324,0.574,-0.299,-0.436,-0.502,-0.081,-0.394,-0.47,0.037,0.167,0.02,0.003,0.199,-0.583,-0.544,0.683,0.497,0.014,-0.541,0.572,0.546,0.787,-0.51,0.817,-0.686,0.681,-0.587,-0.346,-0.355,-0.634,0.334,0.465,0.13,0.004,-0.322,-0.625,0.519,-0.342,0.198,-0.337,0.352,0.663,-0.74,-0.348,-0.681,-0.738,0.74,-0.332,0.181,0.676,-0.201,-0.314,0.536,0.784,0.297,0.631,-0.199,0.347,-0.297,-0.624,-0.143,0.011,0.086,-0.355,-0.503,-0.871,0.021,0.889,0.41,0.728,-0.173,0.395,-0.381,-0.289,-0.081,0.322,0.72,0.062,-0.732,-0.686
BLDP,0.175,0.851,0.8,0.31,0.813,0.584,0.92,-0.389,0.572,0.672,0.588,-0.229,-0.365,-0.628,-0.568,0.751,0.235,-0.634,0.756,0.559,0.701,-0.078,-0.563,-0.228,0.707,-0.266,0.363,-0.689,0.0,0.797,0.901,-0.348,-0.303,0.627,0.359,0.633,-0.309,-0.115,-0.216,0.328,0.597,0.409,-0.378,0.874,0.85,-0.093,0.438,0.097,-0.292,0.622,-0.445,0.177,-0.145,-0.457,0.163,0.205,0.617,0.363,-0.404,0.485,-0.141,0.208,0.198,-0.512,-0.04,0.552,-0.485,-0.21,0.803,-0.642,0.862,-0.252,-0.269,0.587,0.27,-0.787,-0.01,0.547,-0.038,0.769,-0.052,0.06,-0.054,-0.523,-0.471,-0.524,-0.207,0.334,-0.061,-0.1,0.037,0.516,-0.106,0.091,0.007,0.677,-0.471,-0.235,-0.096,0.442,0.885,0.487,-0.211,0.922,-0.191,-0.223,-0.664,0.646,0.865,-0.407,-0.552,-0.539,-0.53,-0.413,0.775,-0.203,0.506,-0.201,-0.304,-0.217,0.049,-0.422,0.443,0.807,0.676,0.086,0.505,0.677,-0.255,0.299,-0.223,0.32,-0.026,0.487,0.863,-0.745,-0.779,0.527,0.858,-0.504,-0.528,-0.337,0.402,-0.751,0.719,-0.351,0.934,0.624,0.682,0.842,0.12,-0.385,-0.552,-0.493,0.599,0.777,-0.102,0.2,-0.293,0.698,-0.012,-0.571,0.726,0.749,0.782,0.907,-0.277,0.065,-0.512,-0.234,0.511,0.738,-0.171,-0.373,-0.089,-0.202,0.529,-0.299,0.099,0.79,0.374,0.484,0.129,0.657,0.754,0.705,0.353,-0.7,-0.195,-0.647,0.13,-0.04,0.695,0.644,0.598,-0.632,-0.203,0.119,0.9,0.736
BLFS,0.224,0.647,0.688,0.308,0.53,0.254,0.68,-0.492,0.657,0.568,0.216,-0.141,-0.354,-0.391,-0.453,0.446,0.085,-0.374,0.647,0.359,0.528,0.035,-0.545,-0.162,0.52,-0.212,0.399,-0.355,0.797,0.0,0.658,-0.137,-0.228,0.428,0.233,0.67,-0.01,0.064,-0.209,0.166,0.385,0.447,-0.367,0.692,0.609,-0.214,0.075,0.232,-0.385,0.252,-0.269,0.196,0.132,-0.505,-0.007,-0.049,0.276,0.284,-0.51,0.585,0.003,0.257,-0.041,-0.448,-0.303,0.292,-0.578,-0.07,0.519,-0.777,0.799,-0.165,-0.034,0.62,0.122,-0.573,-0.181,0.308,0.238,0.778,0.011,-0.127,-0.154,-0.265,-0.313,-0.577,-0.191,0.223,0.0,0.185,-0.142,0.534,-0.109,0.238,0.075,0.695,-0.336,-0.477,0.264,0.377,0.767,0.274,-0.299,0.697,-0.269,-0.391,-0.407,0.569,0.642,-0.116,-0.498,-0.278,-0.435,-0.19,0.391,-0.033,0.436,0.047,-0.452,-0.246,-0.303,-0.355,0.202,0.631,0.589,-0.035,0.363,0.533,-0.37,0.442,-0.351,0.252,-0.075,0.172,0.704,-0.549,-0.713,0.457,0.684,-0.414,-0.389,-0.134,0.103,-0.515,0.398,-0.102,0.773,0.51,0.612,0.694,0.296,-0.305,-0.484,-0.692,0.658,0.448,0.096,-0.044,-0.344,0.652,-0.013,-0.483,0.361,0.647,0.65,0.616,-0.042,-0.243,-0.548,-0.043,0.411,0.783,-0.132,-0.098,-0.099,0.08,0.57,-0.297,-0.159,0.561,0.203,0.616,0.307,0.497,0.652,0.413,0.364,-0.433,-0.133,-0.456,-0.069,0.163,0.465,0.663,0.697,-0.692,-0.005,-0.026,0.693,0.529
