,ABAT,ACLS,ACMR,ADMA,ADUS,ADVM,AEIS,AGNCM,AHCO,ALGT,ALLO,AMSF,ANAB,ANDE,APLS,APPF,ASML,ATRC,AVGO,AVT,AXDX,AXSM,AZN,BANR,BBIO,BCYC,BHFAP,BKR,BLDP,BLFS,BLKB,BLMN,BNTX,BPMC,CALM,CAMT,CASH,CATY,CCEP,CDLX,CDNS,CENN,CENX,CGC,CHDN,CLBK,COKE,COLB,COO,CORT,CRMT,CRNX,CRTO,CRVL,CSCO,CSQ,CSWI,CVBF,CWST,CYCC,CZR,DLTR,DORM,ENTA,EQIX,ERIC,EVRG,EWBC,EXAS,EXLS,EXPI,EYE,FBNC,FBRX,FCNCA,FELE,FIBK,FLEX,FRGT,FRHC,FRME,FWONA,FWONK,GDEN,GIII,GILD,GLNG,GNTX,GOOGL,GRPN,HCSG,HIMX,HOPE,HST,HTLD,HUT,HWC,ICUI,IESC,INTC,INTU,IOVA,IPAR,IPGP,ISRG,JBSS,KALU,KPRX,KRNT,LAUR,LBRDA,LBTYK,LECO,LILAK,LITE,MANH,MDXG,MFIC,MGEE,MIDD,MLAB,MMSI,MNKD,MOMO,MRVL,NICE,NMFC,NUWE,NVCR,NWBI,OFIX,OFLX,OMCL,OPK,ORKA,ORLY,OTTR,PDD,PNTG,POOL,POWL,PPBI,PPC,PRAA,PRPL,PZZA,QTRX,QURE,RDFN,RDHL,REAL,REG,REYN,RGLD,RIOT,RUN,RYTM,SAIA,SBAC,SBRA,SCVL,SHOO,SLAB,SLDB,SMCI,SMTC,SRCE,SSP,SSRM,STBA,STRO,SVC,SYBT,TCBI,TCOM,TENX,TH,TMUS,TNDM,TTD,TTMI,UAL,ULH,ULTA,VCYT,VIRT,VKTX,VOD,VRDN,VREX,VRNT,VSAT,WB,WBD,WDC,WEN,WSFS,XXII,Z,ZBRA
ABAT,0.0,0.186,0.513,0.64,-0.391,0.79,0.107,-0.801,0.022,0.583,0.304,-0.398,0.228,0.179,0.745,-0.028,-0.663,0.636,-0.392,-0.293,0.671,0.796,-0.469,0.471,0.328,-0.087,-0.415,0.869,0.558,-0.233,0.232,-0.393,0.104,0.111,0.229,0.049,0.2,0.252,0.534,0.647,0.167,0.873,0.402,0.388,0.564,-0.464,-0.391,0.627,0.022,0.265,-0.04,-0.108,0.357,0.304,-0.682,-0.357,0.048,0.398,-0.537,-0.098,0.772,-0.612,0.477,0.295,-0.586,-0.418,-0.686,0.403,-0.065,-0.228,0.472,0.776,0.099,-0.13,-0.045,-0.048,0.563,0.388,0.779,0.242,0.05,0.505,0.515,-0.16,0.201,-0.599,0.128,0.607,0.296,0.827,0.629,0.075,-0.138,-0.259,-0.059,0.641,0.143,-0.596,0.553,-0.354,0.643,0.85,0.535,0.507,0.229,0.104,0.77,0.4,0.671,0.114,-0.367,-0.531,-0.21,-0.145,0.121,0.444,-0.106,0.584,-0.477,0.273,0.876,0.195,0.534,0.802,-0.161,0.28,0.302,0.82,0.474,0.445,0.811,0.452,-0.504,-0.082,0.682,-0.71,-0.656,0.848,0.682,-0.139,0.452,0.04,0.175,0.583,0.388,-0.316,0.778,0.738,0.483,0.729,0.461,0.313,-0.555,0.264,0.221,0.273,0.71,0.072,-0.724,0.12,-0.525,0.233,0.724,0.833,-0.611,0.336,0.114,0.585,0.281,-0.084,-0.24,0.412,0.514,0.362,0.414,0.576,-0.381,0.161,0.525,0.482,-0.179,-0.137,-0.153,0.777,0.401,-0.601,0.864,-0.396,-0.205,0.841,0.759,0.64,0.524,0.278,0.584,-0.149,0.698,-0.476,0.712,0.629
ACLS,0.186,0.0,0.559,0.1,0.471,0.144,0.775,0.065,0.772,0.66,0.629,0.427,-0.093,0.372,0.197,0.298,0.048,0.603,0.529,0.564,0.2,0.366,0.329,0.445,0.629,0.777,0.425,0.196,0.66,0.134,0.596,0.486,0.772,0.724,0.351,0.83,0.381,0.513,0.354,0.39,0.163,0.361,0.476,0.767,0.702,0.311,0.589,0.466,-0.201,0.739,0.701,0.654,0.279,0.587,0.178,0.635,0.437,0.514,0.365,0.746,0.457,0.047,-0.016,0.663,0.418,0.656,0.324,0.653,0.454,-0.147,0.738,0.24,0.554,0.228,0.699,0.564,0.523,0.758,0.391,0.592,0.553,0.638,0.651,0.824,0.316,-0.171,0.739,0.729,0.355,0.175,0.524,0.694,0.641,0.721,0.13,0.645,0.738,0.356,-0.339,0.609,0.599,0.325,0.786,0.77,0.571,0.433,0.482,0.508,0.457,0.635,0.424,0.52,0.659,0.616,0.514,0.849,-0.464,0.81,0.439,0.573,0.193,0.749,0.681,0.346,0.711,0.711,0.81,0.159,0.571,0.382,0.456,0.275,0.579,0.537,0.432,0.146,0.333,0.327,0.264,0.589,0.619,0.717,0.527,0.018,0.384,0.561,0.147,0.471,0.728,0.554,0.742,0.484,0.455,0.646,0.785,0.468,0.366,0.684,0.3,0.428,0.305,0.58,0.641,-0.092,0.412,0.686,-0.0,0.416,0.615,0.399,0.577,0.795,0.059,0.467,0.789,0.726,0.234,0.365,0.089,0.657,0.69,0.757,0.409,-0.128,0.54,0.418,0.337,0.653,0.574,0.224,0.424,0.667,-0.181,0.395,0.537,0.443,-0.161,0.365,0.498,0.203
ACMR,0.513,0.559,0.0,0.744,0.149,0.658,0.264,-0.501,0.396,0.563,0.728,-0.071,0.2,0.242,0.487,0.237,-0.467,0.575,0.114,-0.054,0.755,0.776,-0.162,0.383,0.852,0.274,-0.142,0.502,0.844,0.434,0.375,-0.095,0.618,0.673,0.551,0.431,0.444,0.41,0.262,0.883,0.078,0.697,0.206,0.748,0.688,-0.01,0.037,0.538,-0.007,0.809,0.338,0.513,0.421,0.291,-0.413,0.23,-0.003,0.407,-0.218,0.562,0.637,-0.514,0.186,0.726,-0.134,0.19,-0.229,0.606,0.634,-0.642,0.752,0.352,0.328,-0.293,0.061,0.116,0.533,0.629,0.719,0.509,0.255,0.8,0.839,0.376,0.503,-0.536,0.668,0.503,0.364,0.539,0.488,0.621,0.167,0.257,-0.376,0.804,0.456,-0.092,-0.054,0.231,0.8,0.762,0.641,0.823,0.286,-0.038,0.573,0.782,0.773,0.495,0.303,0.183,0.096,0.46,-0.103,0.737,-0.08,0.582,-0.087,0.275,0.555,0.372,0.469,0.788,0.315,0.821,0.492,0.527,0.846,0.328,0.694,0.012,0.071,0.57,0.877,-0.468,-0.234,0.626,0.575,0.177,0.493,0.351,0.302,-0.014,0.588,0.259,0.626,0.736,0.824,0.695,0.813,0.191,-0.094,0.432,0.663,0.563,0.836,0.059,-0.263,0.421,-0.372,0.285,0.778,0.357,-0.019,0.744,-0.149,0.659,0.657,0.003,0.507,0.643,0.201,0.733,0.726,0.694,-0.451,0.341,0.706,0.863,0.016,0.296,0.187,0.417,0.769,-0.18,0.657,0.165,0.304,0.684,0.835,0.799,0.513,0.787,0.671,0.165,0.24,0.081,0.834,0.334
ADMA,0.64,0.1,0.744,0.0,-0.312,0.85,-0.12,-0.805,-0.108,0.316,0.316,-0.567,0.505,-0.099,0.491,-0.164,-0.685,0.508,-0.194,-0.537,0.85,0.862,-0.607,0.162,0.562,-0.24,-0.559,0.644,0.654,0.245,0.057,-0.479,0.153,0.233,0.252,0.015,0.132,0.06,0.158,0.811,0.104,0.675,0.015,0.413,0.4,-0.475,-0.532,0.401,0.024,0.395,-0.192,0.078,0.285,0.05,-0.805,-0.334,-0.373,0.108,-0.551,0.087,0.587,-0.844,0.171,0.387,-0.575,-0.344,-0.677,0.296,0.358,-0.615,0.576,0.485,-0.122,-0.519,-0.395,-0.352,0.342,0.367,0.738,0.252,-0.185,0.489,0.547,-0.116,0.323,-0.77,0.344,0.225,0.132,0.662,0.313,0.25,-0.313,-0.275,-0.576,0.579,-0.011,-0.477,0.164,-0.377,0.627,0.766,0.333,0.594,0.103,-0.414,0.497,0.584,0.8,0.065,-0.072,-0.299,-0.409,-0.036,-0.279,0.435,0.248,0.308,-0.578,-0.08,0.754,-0.149,0.188,0.757,-0.18,0.365,0.115,0.674,0.682,0.12,0.617,-0.109,-0.397,0.18,0.849,-0.84,-0.698,0.734,0.565,-0.303,0.157,-0.128,-0.082,0.054,0.425,-0.117,0.794,0.677,0.572,0.59,0.6,-0.064,-0.616,-0.065,0.186,0.347,0.846,-0.308,-0.695,0.134,-0.804,-0.09,0.678,0.634,-0.511,0.439,-0.285,0.483,0.27,-0.39,0.075,0.269,0.19,0.57,0.386,0.492,-0.81,-0.059,0.679,0.592,-0.516,-0.185,-0.287,0.6,0.591,-0.661,0.717,-0.367,-0.237,0.781,0.752,0.574,0.771,0.607,0.463,-0.194,0.448,-0.26,0.774,0.51
ADUS,-0.391,0.471,0.149,-0.312,0.0,-0.389,0.5,0.611,0.649,0.204,0.483,0.718,-0.529,0.352,-0.392,0.424,0.588,-0.101,0.646,0.684,-0.23,-0.312,0.726,0.041,0.351,0.697,0.671,-0.51,0.259,0.462,0.407,0.63,0.632,0.567,0.278,0.67,0.399,0.22,-0.063,-0.111,0.024,-0.164,0.062,0.534,0.224,0.723,0.782,-0.131,-0.168,0.487,0.618,0.731,0.256,0.127,0.721,0.922,0.475,0.194,0.583,0.807,-0.19,0.575,-0.224,0.254,0.842,0.875,0.778,0.187,0.684,-0.048,0.289,-0.243,0.5,0.318,0.552,0.524,0.01,0.321,-0.093,0.593,0.47,0.177,0.138,0.722,0.36,0.357,0.439,0.138,-0.231,-0.528,0.054,0.641,0.557,0.801,0.148,0.333,0.466,0.79,-0.549,0.849,0.074,-0.18,0.222,0.229,0.273,0.286,-0.135,0.12,-0.094,0.443,0.538,0.906,0.739,0.721,0.142,0.386,-0.291,0.176,0.79,0.204,-0.565,0.496,0.209,-0.225,0.86,0.516,0.533,-0.331,0.223,-0.051,-0.152,-0.058,0.828,0.705,-0.026,0.696,0.813,-0.409,-0.089,0.769,0.195,0.563,0.375,-0.419,0.365,0.771,-0.441,-0.082,0.296,-0.094,0.244,0.055,0.855,0.429,0.64,0.381,-0.231,0.535,0.81,0.134,0.715,0.489,-0.034,-0.584,0.89,0.361,0.082,-0.064,0.345,0.472,0.811,0.295,-0.271,0.071,0.256,0.142,0.582,0.365,0.086,0.374,0.646,0.712,0.64,-0.536,0.354,0.822,-0.341,0.786,0.857,-0.43,-0.174,0.167,-0.339,0.143,0.076,0.721,-0.531,0.812,-0.042,-0.413
ADVM,0.79,0.144,0.658,0.85,-0.389,0.0,0.005,-0.874,-0.061,0.423,0.347,-0.531,0.444,0.102,0.71,-0.081,-0.7,0.513,-0.297,-0.393,0.852,0.885,-0.494,0.381,0.501,-0.208,-0.556,0.789,0.603,-0.022,0.165,-0.395,0.14,0.199,0.322,-0.081,0.309,0.178,0.397,0.803,0.127,0.792,0.305,0.385,0.5,-0.471,-0.49,0.557,0.087,0.381,-0.113,-0.024,0.368,0.112,-0.783,-0.374,-0.187,0.29,-0.624,-0.034,0.681,-0.774,0.469,0.497,-0.666,-0.454,-0.74,0.424,0.14,-0.366,0.505,0.624,-0.002,-0.304,-0.232,-0.19,0.488,0.383,0.851,0.246,-0.018,0.501,0.539,-0.2,0.406,-0.684,0.226,0.38,0.229,0.815,0.506,0.17,-0.238,-0.33,-0.265,0.603,0.093,-0.614,0.471,-0.368,0.602,0.823,0.354,0.572,0.132,-0.177,0.694,0.541,0.782,0.117,-0.309,-0.458,-0.37,-0.095,-0.072,0.429,0.096,0.405,-0.608,0.128,0.83,-0.008,0.43,0.809,-0.243,0.345,0.125,0.745,0.529,0.334,0.71,0.206,-0.518,0.076,0.824,-0.811,-0.732,0.817,0.697,-0.317,0.326,-0.015,0.099,0.314,0.424,-0.267,0.874,0.78,0.522,0.672,0.539,0.127,-0.665,0.102,0.207,0.3,0.856,-0.169,-0.773,0.083,-0.677,0.097,0.742,0.77,-0.594,0.442,-0.021,0.589,0.326,-0.227,-0.049,0.323,0.432,0.516,0.359,0.553,-0.653,0.055,0.646,0.528,-0.386,-0.221,-0.135,0.789,0.501,-0.734,0.882,-0.423,-0.253,0.864,0.784,0.618,0.729,0.435,0.633,-0.333,0.662,-0.407,0.756,0.588
AEIS,0.107,0.775,0.264,-0.12,0.5,0.005,0.0,0.25,0.564,0.418,0.334,0.327,-0.076,0.261,0.069,0.259,0.429,0.473,0.605,0.531,-0.033,0.137,0.395,0.195,0.359,0.695,0.476,0.077,0.492,0.111,0.615,0.473,0.54,0.432,0.03,0.706,0.153,0.166,0.269,0.089,0.557,0.189,0.672,0.591,0.531,0.176,0.441,0.155,-0.149,0.45,0.455,0.536,0.4,0.359,0.354,0.616,0.557,0.269,0.377,0.533,0.248,0.266,-0.16,0.29,0.541,0.595,0.269,0.272,0.374,0.266,0.583,0.328,0.342,0.563,0.644,0.444,0.201,0.713,0.273,0.696,0.37,0.185,0.204,0.569,0.126,-0.065,0.344,0.576,0.206,-0.098,0.386,0.552,0.382,0.505,0.286,0.471,0.444,0.502,-0.196,0.564,0.463,0.197,0.505,0.585,0.797,0.382,0.378,0.148,0.234,0.379,0.152,0.431,0.532,0.341,0.691,0.675,-0.351,0.545,0.399,0.442,0.048,0.611,0.57,0.066,0.724,0.455,0.65,0.129,0.299,0.129,0.183,0.43,0.476,0.288,0.166,0.293,0.359,0.231,0.147,0.621,0.346,0.526,0.269,0.119,0.378,0.649,0.023,0.284,0.563,0.346,0.503,0.312,0.436,0.539,0.618,0.562,0.015,0.78,0.388,0.011,0.45,0.552,0.504,-0.104,0.367,0.422,0.101,0.007,0.202,0.307,0.355,0.46,-0.03,0.01,0.361,0.4,0.516,0.116,0.018,0.391,0.735,0.534,0.289,-0.207,0.498,0.435,0.214,0.483,0.493,0.015,0.109,0.401,-0.215,-0.106,0.26,0.37,-0.214,0.394,0.373,0.359
AGNCM,-0.801,0.065,-0.501,-0.805,0.611,-0.874,0.25,0.0,0.192,-0.32,-0.234,0.591,-0.418,-0.097,-0.763,0.129,0.881,-0.454,0.6,0.589,-0.77,-0.817,0.686,-0.416,-0.36,0.349,0.667,-0.869,-0.41,0.162,-0.065,0.544,0.117,-0.036,-0.302,0.226,-0.151,-0.216,-0.426,-0.748,0.073,-0.78,-0.198,-0.15,-0.415,0.537,0.622,-0.609,-0.069,-0.207,0.193,0.194,-0.167,-0.181,0.874,0.598,0.213,-0.303,0.651,0.265,-0.722,0.808,-0.473,-0.331,0.808,0.632,0.827,-0.318,0.122,0.323,-0.276,-0.632,0.05,0.436,0.336,0.271,-0.513,-0.162,-0.714,0.067,0.067,-0.449,-0.469,0.363,-0.253,0.749,-0.044,-0.328,-0.211,-0.874,-0.444,0.11,0.287,0.503,0.216,-0.411,0.0,0.789,-0.593,0.591,-0.503,-0.777,-0.291,-0.333,0.024,0.146,-0.661,-0.469,-0.631,-0.062,0.348,0.655,0.511,0.189,0.186,-0.212,-0.071,-0.322,0.679,-0.137,-0.884,0.1,-0.296,-0.798,0.494,-0.175,-0.011,-0.799,-0.351,-0.411,-0.704,-0.237,0.691,0.185,-0.708,0.899,0.832,-0.795,-0.712,0.426,-0.317,0.12,-0.069,-0.476,-0.225,0.544,-0.796,-0.647,-0.343,-0.623,-0.308,-0.193,0.779,-0.04,-0.016,-0.143,-0.824,0.374,0.904,-0.181,0.817,-0.004,-0.557,-0.894,0.777,-0.156,-0.076,-0.632,-0.232,0.22,0.3,-0.268,-0.564,-0.504,-0.28,-0.438,0.752,-0.049,-0.52,-0.358,0.53,0.415,0.274,-0.819,-0.237,0.842,-0.84,0.579,0.385,-0.879,-0.779,-0.54,-0.669,-0.415,-0.435,0.388,-0.769,0.609,-0.666,-0.515
AHCO,0.022,0.772,0.396,-0.108,0.649,-0.061,0.564,0.192,0.0,0.585,0.749,0.733,-0.452,0.653,0.168,0.511,0.071,0.347,0.31,0.618,-0.012,0.11,0.491,0.561,0.61,0.832,0.576,0.047,0.441,0.115,0.65,0.589,0.681,0.714,0.597,0.761,0.534,0.696,0.422,0.264,-0.141,0.307,0.433,0.683,0.696,0.617,0.769,0.464,-0.212,0.686,0.874,0.769,0.284,0.637,0.418,0.739,0.684,0.701,0.534,0.771,0.406,0.333,0.101,0.596,0.557,0.75,0.582,0.62,0.43,0.002,0.441,0.091,0.819,0.257,0.818,0.717,0.586,0.581,0.218,0.527,0.797,0.612,0.559,0.814,0.462,-0.019,0.586,0.675,0.177,0.033,0.514,0.524,0.81,0.77,0.363,0.549,0.819,0.413,-0.256,0.65,0.418,0.191,0.621,0.465,0.373,0.672,0.428,0.41,0.171,0.728,0.424,0.627,0.757,0.822,0.383,0.617,-0.679,0.67,0.716,0.644,-0.06,0.806,0.671,0.21,0.654,0.702,0.843,0.103,0.334,0.494,0.321,0.366,0.634,0.534,0.276,0.389,0.602,0.046,0.344,0.797,0.724,0.882,0.775,0.064,0.259,0.46,-0.195,0.242,0.602,0.395,0.433,0.619,0.661,0.801,0.815,0.395,0.202,0.64,0.466,0.429,0.512,0.812,0.286,-0.154,0.564,0.415,0.357,0.465,0.664,0.725,0.648,0.79,0.253,0.455,0.673,0.573,0.399,0.588,0.077,0.555,0.708,0.75,0.702,-0.171,0.326,0.561,0.177,0.783,0.744,0.073,0.285,0.632,-0.361,0.361,0.352,0.615,-0.107,0.407,0.317,-0.164
ALGT,0.583,0.66,0.563,0.316,0.204,0.423,0.418,-0.32,0.585,0.0,0.665,0.293,-0.196,0.52,0.455,0.321,-0.32,0.628,0.081,0.409,0.509,0.515,0.092,0.689,0.542,0.464,0.134,0.529,0.644,-0.171,0.563,0.361,0.543,0.577,0.519,0.532,0.582,0.629,0.634,0.58,-0.078,0.714,0.419,0.773,0.767,0.19,0.345,0.675,0.058,0.634,0.596,0.359,0.292,0.63,-0.126,0.249,0.365,0.687,0.097,0.521,0.723,-0.165,0.393,0.646,-0.03,0.236,0.012,0.748,0.22,-0.171,0.655,0.527,0.584,0.096,0.532,0.528,0.736,0.534,0.57,0.389,0.553,0.721,0.698,0.526,0.514,-0.281,0.567,0.78,0.249,0.555,0.772,0.492,0.519,0.461,0.161,0.779,0.671,-0.104,0.133,0.265,0.58,0.581,0.814,0.648,0.268,0.502,0.664,0.549,0.565,0.57,0.078,0.137,0.517,0.464,0.379,0.74,-0.438,0.873,0.191,0.602,0.451,0.587,0.79,0.614,0.365,0.622,0.772,0.438,0.533,0.646,0.687,0.352,0.181,0.48,0.619,-0.129,0.013,0.489,0.546,0.361,0.77,0.588,0.638,0.336,0.435,0.108,0.371,0.542,0.614,0.726,0.695,0.626,0.106,0.551,0.635,0.299,0.571,0.516,-0.108,0.552,0.081,0.626,0.651,0.346,0.075,0.603,0.235,0.659,0.684,0.422,0.347,0.812,0.402,0.606,0.724,0.799,0.033,0.494,0.292,0.7,0.406,0.57,0.339,0.349,0.46,0.051,0.596,0.278,0.407,0.512,0.64,0.801,0.087,0.467,0.729,0.481,0.339,0.033,0.551,0.218
ALLO,0.304,0.629,0.728,0.316,0.483,0.347,0.334,-0.234,0.749,0.665,0.0,0.48,-0.381,0.74,0.501,0.64,-0.299,0.374,0.032,0.306,0.424,0.408,0.277,0.702,0.872,0.622,0.293,0.32,0.638,0.267,0.652,0.311,0.672,0.842,0.884,0.574,0.692,0.773,0.568,0.695,-0.255,0.627,0.374,0.729,0.813,0.491,0.503,0.668,-0.024,0.869,0.805,0.734,0.444,0.594,0.072,0.524,0.511,0.787,0.203,0.702,0.63,0.005,0.397,0.825,0.208,0.474,0.241,0.733,0.56,-0.327,0.513,0.299,0.78,-0.053,0.489,0.581,0.717,0.531,0.549,0.463,0.739,0.839,0.821,0.603,0.707,-0.254,0.651,0.639,0.322,0.351,0.673,0.551,0.64,0.532,0.13,0.714,0.777,0.09,0.021,0.535,0.651,0.578,0.665,0.577,0.24,0.494,0.601,0.709,0.42,0.811,0.476,0.429,0.473,0.815,0.046,0.691,-0.544,0.661,0.425,0.683,0.238,0.747,0.702,0.611,0.47,0.917,0.729,0.393,0.517,0.654,0.587,0.327,0.318,0.616,0.654,0.006,0.261,0.312,0.679,0.598,0.831,0.766,0.768,0.173,0.53,0.254,0.221,0.502,0.688,0.614,0.54,0.588,0.357,0.743,0.813,0.511,0.615,0.27,0.1,0.551,0.126,0.746,0.478,0.197,0.306,0.555,0.349,0.789,0.82,0.585,0.641,0.829,0.463,0.75,0.735,0.737,-0.031,0.787,0.527,0.835,0.37,0.478,0.604,0.242,0.502,0.199,0.48,0.498,0.705,0.445,0.67,0.836,0.078,0.698,0.573,0.473,0.244,0.212,0.618,-0.078
AMSF,-0.398,0.427,-0.071,-0.567,0.718,-0.531,0.327,0.591,0.733,0.293,0.48,0.0,-0.752,0.614,-0.179,0.567,0.39,-0.187,0.29,0.761,-0.402,-0.466,0.729,0.374,0.184,0.733,0.734,-0.4,-0.07,-0.006,0.377,0.729,0.38,0.484,0.475,0.49,0.418,0.569,0.241,-0.198,-0.392,-0.146,0.131,0.28,0.256,0.859,0.916,0.139,-0.122,0.309,0.82,0.577,-0.047,0.455,0.781,0.744,0.678,0.508,0.77,0.604,-0.069,0.697,0.028,0.279,0.7,0.751,0.889,0.333,0.202,0.199,-0.056,-0.312,0.774,0.253,0.754,0.805,0.279,0.055,-0.256,0.173,0.754,0.23,0.15,0.704,0.301,0.451,0.349,0.282,0.031,-0.365,0.179,0.213,0.855,0.774,0.524,0.084,0.658,0.548,-0.328,0.732,-0.107,-0.311,0.259,-0.047,0.001,0.662,-0.052,0.091,-0.346,0.583,0.496,0.717,0.821,0.74,0.223,0.167,-0.664,0.243,0.94,0.503,-0.55,0.613,0.305,-0.249,0.548,0.404,0.487,-0.384,-0.144,0.362,-0.109,0.166,0.757,0.422,-0.231,0.768,0.902,-0.486,-0.056,0.755,0.473,0.742,0.666,-0.094,0.055,0.365,-0.619,-0.314,0.055,-0.098,-0.044,0.5,0.875,0.544,0.485,0.006,-0.283,0.495,0.757,0.376,0.799,0.634,-0.263,-0.518,0.789,0.062,0.425,0.144,0.458,0.826,0.571,0.452,0.09,0.179,0.27,0.19,0.676,0.584,-0.287,0.15,0.716,0.653,0.749,-0.45,-0.138,0.793,-0.361,0.829,0.79,-0.404,-0.196,0.149,-0.639,0.101,0.019,0.635,-0.314,0.486,-0.25,-0.628
ANAB,0.228,-0.093,0.2,0.505,-0.529,0.444,-0.076,-0.418,-0.452,-0.196,-0.381,-0.752,0.0,-0.625,0.049,-0.715,-0.269,0.236,0.065,-0.504,0.374,0.486,-0.642,-0.319,-0.043,-0.457,-0.672,0.302,0.248,0.054,-0.317,-0.457,-0.062,-0.239,-0.462,-0.208,-0.289,-0.429,-0.354,0.215,0.433,0.079,-0.059,-0.063,-0.094,-0.708,-0.653,-0.092,-0.014,-0.098,-0.598,-0.333,-0.114,-0.296,-0.673,-0.468,-0.613,-0.428,-0.566,-0.301,0.064,-0.704,-0.287,-0.09,-0.465,-0.42,-0.669,-0.127,-0.049,-0.244,0.271,0.164,-0.565,-0.196,-0.445,-0.634,-0.154,0.216,0.273,0.021,-0.563,-0.126,-0.016,-0.323,-0.224,-0.499,-0.101,-0.125,-0.027,0.317,-0.149,0.044,-0.582,-0.451,-0.436,0.029,-0.369,-0.293,-0.02,-0.529,0.129,0.172,-0.05,0.288,0.155,-0.6,0.052,0.035,0.503,-0.35,-0.411,-0.428,-0.552,-0.508,0.015,0.009,0.537,-0.087,-0.711,-0.473,0.46,-0.514,-0.206,0.237,-0.294,-0.244,-0.315,0.258,0.316,-0.371,0.146,-0.255,-0.394,-0.246,0.261,-0.634,-0.68,0.5,-0.036,-0.61,-0.382,-0.456,-0.496,-0.139,-0.013,-0.075,0.561,0.365,0.204,0.095,0.27,-0.444,-0.636,-0.383,-0.197,0.061,0.298,-0.238,-0.539,-0.233,-0.644,-0.557,0.375,0.258,-0.531,0.145,-0.509,-0.156,-0.273,-0.707,-0.259,-0.227,-0.253,-0.067,-0.01,-0.143,-0.547,-0.672,0.099,-0.108,-0.427,-0.283,-0.538,0.165,0.212,-0.565,0.301,-0.482,-0.65,0.267,0.175,-0.041,0.487,0.012,0.053,-0.591,0.048,-0.214,0.273,0.58
ANDE,0.179,0.372,0.242,-0.099,0.352,0.102,0.261,-0.097,0.653,0.52,0.74,0.614,-0.625,0.0,0.478,0.697,-0.142,0.163,-0.235,0.417,0.03,0.073,0.336,0.85,0.509,0.578,0.382,0.287,0.192,-0.09,0.684,0.467,0.234,0.579,0.796,0.338,0.651,0.838,0.763,0.328,-0.434,0.48,0.557,0.383,0.665,0.63,0.53,0.661,-0.02,0.489,0.801,0.55,0.284,0.583,0.303,0.41,0.796,0.888,0.358,0.365,0.539,0.307,0.528,0.56,0.192,0.343,0.315,0.617,0.116,0.205,0.073,0.274,0.885,0.16,0.652,0.801,0.726,0.201,0.318,0.164,0.906,0.522,0.426,0.423,0.6,-0.058,0.296,0.583,0.242,0.217,0.615,0.071,0.748,0.39,0.577,0.363,0.761,0.033,0.349,0.404,0.299,0.297,0.417,0.116,0.102,0.72,0.572,0.412,0.015,0.736,0.251,0.255,0.53,0.681,0.147,0.334,-0.694,0.466,0.524,0.837,0.031,0.713,0.678,0.271,0.243,0.587,0.567,0.29,-0.034,0.838,0.343,0.593,0.203,0.252,0.274,0.249,0.377,0.037,0.649,0.572,0.826,0.799,0.844,0.471,0.353,-0.009,-0.083,0.131,0.291,0.398,0.082,0.799,0.374,0.746,0.549,0.273,0.26,0.257,0.162,0.485,0.376,0.873,0.124,0.206,0.268,0.11,0.824,0.648,0.597,0.883,0.34,0.686,0.742,0.539,0.365,0.524,0.27,0.824,0.176,0.452,0.454,0.282,0.705,0.219,0.026,0.225,0.309,0.44,0.621,0.253,0.342,0.595,-0.171,0.261,0.348,0.403,0.407,0.079,0.27,-0.234
APLS,0.745,0.197,0.487,0.491,-0.392,0.71,0.069,-0.763,0.168,0.455,0.501,-0.179,0.049,0.478,0.0,0.29,-0.733,0.466,-0.585,-0.295,0.555,0.649,-0.323,0.693,0.474,0.055,-0.261,0.868,0.361,-0.257,0.362,-0.295,0.031,0.188,0.562,-0.051,0.312,0.515,0.72,0.703,-0.08,0.816,0.576,0.219,0.667,-0.256,-0.244,0.779,0.124,0.347,0.218,0.021,0.283,0.47,-0.527,-0.298,0.288,0.627,-0.373,-0.113,0.824,-0.43,0.643,0.458,-0.526,-0.364,-0.515,0.465,-0.15,-0.042,0.196,0.658,0.32,-0.195,0.049,0.16,0.696,0.276,0.688,0.021,0.333,0.555,0.555,-0.152,0.317,-0.557,0.063,0.632,0.529,0.83,0.68,-0.11,0.073,-0.282,0.144,0.453,0.315,-0.59,0.704,-0.239,0.601,0.778,0.42,0.332,0.184,0.35,0.858,0.457,0.436,0.34,-0.169,-0.492,-0.202,0.079,0.058,0.334,-0.398,0.501,-0.31,0.565,0.797,0.38,0.61,0.779,-0.297,0.403,0.272,0.775,0.191,0.715,0.745,0.639,-0.508,-0.199,0.583,-0.595,-0.468,0.725,0.808,0.027,0.668,0.255,0.419,0.736,0.257,-0.456,0.608,0.593,0.407,0.686,0.239,0.588,-0.44,0.453,0.261,0.235,0.714,-0.047,-0.657,0.296,-0.449,0.429,0.518,0.831,-0.554,0.122,0.423,0.771,0.395,0.203,-0.233,0.519,0.794,0.507,0.371,0.558,-0.375,0.424,0.426,0.416,-0.138,-0.239,0.082,0.821,0.162,-0.571,0.847,-0.279,-0.065,0.854,0.76,0.657,0.364,0.329,0.454,-0.24,0.791,-0.618,0.677,0.418
APPF,-0.028,0.298,0.237,-0.164,0.424,-0.081,0.259,0.129,0.511,0.321,0.64,0.567,-0.715,0.697,0.29,0.0,0.09,0.072,-0.066,0.316,-0.035,-0.118,0.575,0.412,0.415,0.499,0.621,-0.007,0.102,0.135,0.574,0.318,0.2,0.454,0.672,0.306,0.284,0.487,0.562,0.225,-0.212,0.212,0.291,0.27,0.374,0.548,0.517,0.266,0.175,0.413,0.653,0.492,0.361,0.376,0.467,0.446,0.592,0.528,0.455,0.379,0.243,0.495,0.429,0.391,0.361,0.394,0.433,0.229,0.238,0.145,-0.002,0.074,0.574,0.147,0.345,0.565,0.263,0.085,0.027,0.169,0.559,0.362,0.308,0.312,0.34,0.224,0.235,0.27,0.383,-0.078,0.418,0.153,0.491,0.328,0.319,0.215,0.398,0.172,0.161,0.561,0.313,0.215,0.17,0.04,0.119,0.582,0.244,0.268,-0.233,0.476,0.512,0.378,0.381,0.583,0.036,0.293,-0.519,0.256,0.541,0.656,-0.143,0.662,0.427,0.107,0.293,0.555,0.421,0.062,-0.067,0.48,0.083,0.372,0.241,0.348,0.083,0.346,0.454,-0.12,0.341,0.618,0.549,0.492,0.515,0.307,0.172,0.113,-0.229,-0.039,0.107,0.289,0.023,0.55,0.469,0.57,0.361,0.281,0.074,0.172,0.33,0.293,0.39,0.662,0.001,0.027,0.339,0.066,0.489,0.408,0.416,0.609,0.285,0.408,0.423,0.279,0.195,0.352,0.307,0.814,0.249,0.416,0.37,0.164,0.421,0.067,0.114,0.371,0.102,0.428,0.677,0.095,0.231,0.364,-0.239,0.165,0.136,0.519,0.133,0.093,0.17,-0.228
ASML,-0.663,0.048,-0.467,-0.685,0.588,-0.7,0.429,0.881,0.071,-0.32,-0.299,0.39,-0.269,-0.142,-0.733,0.09,0.0,-0.327,0.665,0.497,-0.687,-0.713,0.623,-0.499,-0.35,0.288,0.586,-0.761,-0.289,0.19,0.051,0.508,0.057,-0.094,-0.436,0.233,-0.239,-0.413,-0.371,-0.711,0.381,-0.687,-0.021,-0.089,-0.379,0.358,0.428,-0.68,-0.014,-0.242,0.04,0.18,0.056,-0.28,0.809,0.541,0.217,-0.399,0.581,0.197,-0.662,0.731,-0.501,-0.378,0.771,0.549,0.626,-0.445,0.192,0.456,-0.134,-0.384,-0.081,0.604,0.253,0.157,-0.605,-0.035,-0.562,0.252,-0.063,-0.586,-0.59,0.231,-0.23,0.62,-0.147,-0.32,-0.285,-0.88,-0.405,0.167,0.08,0.34,0.215,-0.316,-0.151,0.784,-0.466,0.516,-0.387,-0.632,-0.314,-0.24,0.244,0.034,-0.556,-0.503,-0.512,-0.173,0.187,0.565,0.396,0.049,0.32,-0.112,0.079,-0.336,0.536,-0.164,-0.774,0.024,-0.238,-0.778,0.53,-0.218,-0.022,-0.623,-0.316,-0.511,-0.702,-0.147,0.563,0.148,-0.613,0.805,0.675,-0.64,-0.614,0.373,-0.411,-0.005,-0.232,-0.385,-0.037,0.62,-0.638,-0.545,-0.268,-0.54,-0.237,-0.287,0.639,-0.086,-0.034,0.045,-0.803,0.405,0.808,-0.386,0.751,0.005,-0.383,-0.725,0.65,-0.135,-0.068,-0.748,-0.385,0.087,0.229,-0.362,-0.556,-0.625,-0.408,-0.427,0.739,-0.188,-0.371,-0.316,0.491,0.277,0.129,-0.724,-0.042,0.719,-0.693,0.417,0.33,-0.787,-0.748,-0.514,-0.491,-0.585,-0.408,0.364,-0.685,0.613,-0.509,-0.249
ATRC,0.636,0.603,0.575,0.508,-0.101,0.513,0.473,-0.454,0.347,0.628,0.374,-0.187,0.236,0.163,0.466,0.072,-0.327,0.0,0.066,-0.054,0.431,0.712,-0.3,0.382,0.54,0.298,-0.016,0.644,0.714,-0.032,0.54,0.046,0.402,0.408,0.136,0.52,0.089,0.275,0.44,0.579,0.341,0.622,0.502,0.613,0.692,-0.212,-0.072,0.524,-0.023,0.5,0.224,0.279,0.459,0.488,-0.365,0.042,0.165,0.367,-0.068,0.251,0.758,-0.357,0.043,0.419,-0.099,0.088,-0.322,0.471,0.209,-0.124,0.752,0.721,0.198,0.164,0.263,0.107,0.496,0.724,0.603,0.411,0.163,0.511,0.542,0.301,0.167,-0.595,0.36,0.707,0.427,0.52,0.57,0.41,0.129,0.106,-0.079,0.616,0.328,-0.101,0.122,-0.034,0.812,0.708,0.697,0.708,0.62,0.22,0.713,0.441,0.693,0.31,0.022,-0.092,0.133,0.12,0.445,0.765,-0.082,0.773,-0.123,0.429,0.674,0.437,0.626,0.606,0.278,0.423,0.637,0.657,0.617,0.368,0.589,0.382,-0.08,0.139,0.658,-0.385,-0.299,0.749,0.515,0.178,0.492,0.284,0.213,0.391,0.414,0.183,0.569,0.672,0.718,0.777,0.687,0.377,-0.164,0.409,0.425,0.556,0.594,0.344,-0.301,0.238,-0.23,0.336,0.832,0.506,-0.253,0.494,0.017,0.433,0.291,0.015,0.039,0.591,0.31,0.382,0.626,0.661,-0.218,0.124,0.409,0.607,0.157,0.216,-0.142,0.322,0.628,-0.164,0.728,0.024,0.018,0.646,0.669,0.686,0.25,0.281,0.48,0.176,0.3,-0.067,0.774,0.681
AVGO,-0.392,0.529,0.114,-0.194,0.646,-0.297,0.605,0.6,0.31,0.081,0.032,0.29,0.065,-0.235,-0.585,-0.066,0.665,0.066,0.0,0.561,-0.147,-0.147,0.477,-0.345,0.106,0.417,0.391,-0.491,0.29,0.393,0.155,0.491,0.566,0.349,-0.266,0.582,0.023,-0.203,-0.399,-0.179,0.443,-0.335,-0.035,0.43,-0.031,0.259,0.502,-0.373,-0.104,0.319,0.201,0.402,0.036,-0.072,0.463,0.668,-0.025,-0.257,0.416,0.626,-0.36,0.266,-0.524,0.139,0.671,0.693,0.502,0.013,0.56,-0.102,0.484,-0.282,-0.004,0.342,0.316,0.158,-0.287,0.391,-0.122,0.549,-0.01,-0.036,0.008,0.609,0.003,0.306,0.443,-0.02,-0.147,-0.492,-0.179,0.684,0.205,0.63,-0.127,0.195,0.159,0.763,-0.75,0.64,0.054,-0.297,0.178,0.407,0.396,-0.097,-0.315,0.044,0.11,0.117,0.362,0.72,0.508,0.269,0.344,0.419,0.131,0.123,0.413,-0.173,-0.425,0.136,-0.008,-0.29,0.771,0.241,0.298,-0.451,0.37,-0.436,-0.229,-0.322,0.76,0.588,-0.043,0.476,0.5,-0.234,-0.444,0.358,-0.189,0.186,-0.069,-0.635,0.204,0.848,-0.201,-0.021,0.278,-0.074,0.448,-0.295,0.571,0.06,0.368,0.247,-0.235,0.504,0.664,-0.044,0.467,-0.011,0.19,-0.671,0.68,0.524,-0.476,-0.378,0.108,-0.049,0.611,0.051,-0.695,-0.154,0.206,0.047,0.424,-0.181,-0.115,0.201,0.562,0.658,0.182,-0.635,0.417,0.648,-0.341,0.551,0.413,-0.454,-0.247,-0.059,-0.254,-0.009,0.114,0.411,-0.725,0.753,-0.069,-0.02
AVT,-0.293,0.564,-0.054,-0.537,0.684,-0.393,0.531,0.589,0.618,0.409,0.306,0.761,-0.504,0.417,-0.295,0.316,0.497,-0.054,0.561,0.0,-0.262,-0.321,0.729,0.265,0.054,0.667,0.578,-0.353,0.06,-0.02,0.318,0.785,0.505,0.427,0.176,0.512,0.457,0.388,0.113,-0.233,-0.128,-0.15,0.179,0.41,0.191,0.683,0.871,0.047,-0.056,0.317,0.671,0.428,-0.009,0.262,0.681,0.727,0.465,0.309,0.579,0.6,-0.125,0.549,-0.03,0.312,0.623,0.705,0.733,0.416,0.208,0.195,0.169,-0.245,0.541,0.438,0.787,0.758,0.199,0.212,-0.135,0.291,0.585,0.193,0.13,0.713,0.252,0.519,0.423,0.291,-0.067,-0.298,0.184,0.445,0.719,0.831,0.426,0.211,0.621,0.565,-0.36,0.75,-0.141,-0.322,0.335,0.159,0.087,0.512,-0.071,0.071,-0.133,0.464,0.286,0.682,0.907,0.536,0.402,0.294,-0.418,0.353,0.705,0.385,-0.502,0.52,0.361,-0.262,0.664,0.33,0.48,-0.439,0.037,0.196,-0.073,0.071,0.775,0.539,-0.151,0.722,0.738,-0.397,-0.211,0.571,0.317,0.627,0.528,-0.223,0.147,0.495,-0.412,-0.099,0.107,-0.034,0.226,0.312,0.755,0.423,0.505,-0.016,-0.271,0.695,0.719,0.328,0.817,0.482,-0.035,-0.572,0.791,0.355,0.172,0.017,0.426,0.595,0.596,0.392,-0.14,0.079,0.287,0.226,0.709,0.358,-0.316,0.149,0.835,0.822,0.703,-0.439,0.032,0.756,-0.295,0.745,0.647,-0.413,-0.224,0.125,-0.478,-0.003,0.287,0.571,-0.406,0.6,-0.259,-0.345
AXDX,0.671,0.2,0.755,0.85,-0.23,0.852,-0.033,-0.77,-0.012,0.509,0.424,-0.402,0.374,0.03,0.555,-0.035,-0.687,0.431,-0.147,-0.262,0.0,0.823,-0.408,0.32,0.531,-0.165,-0.535,0.651,0.64,0.11,0.043,-0.325,0.294,0.291,0.376,0.011,0.378,0.228,0.256,0.831,0.019,0.73,0.055,0.488,0.452,-0.354,-0.34,0.494,0.116,0.51,-0.033,0.044,0.227,0.135,-0.738,-0.255,-0.303,0.245,-0.546,0.187,0.588,-0.78,0.369,0.546,-0.58,-0.328,-0.58,0.462,0.287,-0.585,0.556,0.436,0.004,-0.478,-0.247,-0.168,0.459,0.313,0.722,0.222,-0.016,0.599,0.642,-0.045,0.453,-0.563,0.394,0.314,0.158,0.757,0.45,0.361,-0.16,-0.125,-0.395,0.67,0.154,-0.493,0.252,-0.223,0.558,0.745,0.416,0.64,0.01,-0.21,0.51,0.647,0.788,0.195,-0.129,-0.263,-0.227,0.044,-0.209,0.459,0.128,0.424,-0.515,0.033,0.72,-0.032,0.318,0.825,-0.129,0.456,0.167,0.57,0.655,0.255,0.714,-0.053,-0.315,0.313,0.831,-0.742,-0.609,0.707,0.555,-0.254,0.309,0.008,0.127,0.063,0.38,-0.183,0.796,0.721,0.533,0.64,0.655,0.059,-0.534,0.059,0.294,0.23,0.861,-0.157,-0.64,0.301,-0.659,0.03,0.689,0.585,-0.407,0.554,-0.194,0.607,0.477,-0.242,0.147,0.363,0.249,0.613,0.469,0.553,-0.656,0.078,0.618,0.587,-0.349,-0.014,-0.064,0.648,0.54,-0.585,0.74,-0.305,-0.085,0.738,0.79,0.616,0.707,0.64,0.659,-0.141,0.461,-0.265,0.685,0.427
AXSM,0.796,0.366,0.776,0.862,-0.312,0.885,0.137,-0.817,0.11,0.515,0.408,-0.466,0.486,0.073,0.649,-0.118,-0.713,0.712,-0.147,-0.321,0.823,0.0,-0.537,0.407,0.613,-0.053,-0.487,0.816,0.745,0.071,0.256,-0.337,0.281,0.353,0.292,0.178,0.289,0.283,0.337,0.855,0.136,0.826,0.307,0.541,0.612,-0.422,-0.353,0.634,-0.1,0.539,0.001,0.131,0.303,0.263,-0.775,-0.226,-0.159,0.339,-0.52,0.139,0.76,-0.795,0.306,0.546,-0.543,-0.261,-0.655,0.54,0.22,-0.489,0.677,0.588,0.079,-0.296,-0.083,-0.101,0.578,0.539,0.843,0.32,0.055,0.669,0.71,0.055,0.34,-0.764,0.426,0.523,0.269,0.816,0.488,0.31,-0.089,-0.12,-0.353,0.708,0.25,-0.463,0.252,-0.247,0.74,0.83,0.567,0.725,0.248,-0.135,0.731,0.647,0.87,0.234,-0.148,-0.302,-0.226,0.044,-0.009,0.58,0.051,0.605,-0.505,0.165,0.864,0.123,0.459,0.846,-0.064,0.472,0.331,0.732,0.748,0.353,0.809,0.188,-0.328,0.18,0.879,-0.793,-0.651,0.859,0.668,-0.192,0.395,0.121,0.15,0.245,0.414,-0.099,0.839,0.846,0.702,0.78,0.728,0.178,-0.541,0.24,0.377,0.386,0.914,-0.05,-0.676,0.251,-0.66,0.118,0.857,0.681,-0.491,0.576,-0.136,0.648,0.432,-0.191,0.055,0.516,0.357,0.619,0.597,0.646,-0.625,0.052,0.596,0.647,-0.223,-0.001,-0.113,0.634,0.603,-0.586,0.884,-0.242,-0.154,0.87,0.866,0.738,0.62,0.58,0.661,-0.193,0.532,-0.289,0.839,0.623
AZN,-0.469,0.329,-0.162,-0.607,0.726,-0.494,0.395,0.686,0.491,0.092,0.277,0.729,-0.642,0.336,-0.323,0.575,0.623,-0.3,0.477,0.729,-0.408,-0.537,0.0,0.011,-0.014,0.521,0.74,-0.57,-0.123,0.047,0.281,0.625,0.328,0.248,0.219,0.382,0.251,0.142,0.077,-0.344,-0.034,-0.316,0.097,0.141,-0.047,0.66,0.772,-0.217,0.081,0.182,0.525,0.348,0.119,0.105,0.83,0.682,0.448,0.12,0.653,0.459,-0.358,0.767,0.1,0.149,0.703,0.631,0.793,0.029,0.224,0.251,-0.066,-0.373,0.359,0.394,0.474,0.551,-0.132,0.004,-0.363,0.264,0.398,-0.0,-0.037,0.478,0.171,0.72,0.231,-0.004,-0.075,-0.525,0.021,0.319,0.479,0.594,0.378,0.005,0.286,0.572,-0.317,0.783,-0.198,-0.402,-0.022,-0.099,0.051,0.468,-0.247,-0.125,-0.451,0.248,0.422,0.661,0.631,0.477,0.251,0.112,-0.396,0.029,0.711,0.25,-0.642,0.466,0.156,-0.399,0.541,0.236,0.276,-0.523,-0.195,-0.002,-0.288,0.059,0.658,0.456,-0.352,0.785,0.795,-0.558,-0.267,0.606,0.15,0.402,0.337,-0.207,-0.033,0.407,-0.617,-0.315,-0.131,-0.177,-0.078,0.165,0.774,0.344,0.275,-0.037,-0.438,0.518,0.766,0.003,0.803,0.416,-0.267,-0.596,0.755,0.122,0.161,-0.119,0.245,0.487,0.465,0.1,-0.188,-0.16,0.027,0.011,0.741,0.45,-0.208,0.045,0.671,0.517,0.534,-0.444,-0.057,0.761,-0.436,0.648,0.683,-0.494,-0.336,-0.099,-0.563,-0.138,0.018,0.556,-0.421,0.452,-0.355,-0.484
BANR,0.471,0.445,0.383,0.162,0.041,0.381,0.195,-0.416,0.561,0.689,0.702,0.374,-0.319,0.85,0.693,0.412,-0.499,0.382,-0.345,0.265,0.32,0.407,0.011,0.0,0.537,0.434,0.057,0.606,0.346,-0.269,0.563,0.292,0.261,0.538,0.746,0.292,0.706,0.917,0.802,0.547,-0.442,0.706,0.563,0.426,0.774,0.356,0.318,0.907,-0.039,0.538,0.689,0.361,0.165,0.718,-0.104,0.136,0.604,0.951,0.091,0.258,0.761,-0.08,0.6,0.663,-0.148,0.09,0.005,0.819,-0.04,0.025,0.231,0.446,0.802,-0.034,0.579,0.684,0.944,0.29,0.532,0.076,0.834,0.701,0.639,0.37,0.57,-0.316,0.376,0.75,0.344,0.615,0.726,0.07,0.676,0.27,0.457,0.497,0.801,-0.241,0.447,0.159,0.424,0.49,0.628,0.313,0.073,0.66,0.765,0.567,0.329,0.733,0.058,-0.027,0.381,0.534,0.183,0.42,-0.645,0.669,0.22,0.793,0.413,0.628,0.738,0.58,0.059,0.563,0.569,0.482,0.167,0.963,0.662,0.595,0.002,0.146,0.492,-0.112,0.044,0.378,0.755,0.323,0.912,0.752,0.844,0.554,0.315,-0.211,0.243,0.397,0.42,0.614,0.294,0.842,0.056,0.681,0.533,0.194,0.558,0.225,-0.194,0.623,0.055,0.737,0.388,0.447,-0.029,0.256,0.687,0.847,0.691,0.725,0.185,0.807,0.827,0.705,0.582,0.674,-0.004,0.673,0.192,0.498,0.314,0.264,0.561,0.438,0.063,-0.074,0.586,0.233,0.37,0.534,0.601,0.729,0.011,0.434,0.564,0.166,0.605,-0.159,0.438,0.004
BBIO,0.328,0.629,0.852,0.562,0.351,0.501,0.359,-0.36,0.61,0.542,0.872,0.184,-0.043,0.509,0.474,0.415,-0.35,0.54,0.106,0.054,0.531,0.613,-0.014,0.537,0.0,0.519,0.12,0.408,0.795,0.454,0.628,0.163,0.655,0.839,0.707,0.573,0.541,0.582,0.389,0.813,-0.054,0.631,0.375,0.767,0.822,0.253,0.247,0.61,-0.134,0.885,0.591,0.756,0.491,0.458,-0.154,0.436,0.317,0.615,0.038,0.661,0.671,-0.236,0.157,0.792,0.12,0.405,0.017,0.669,0.683,-0.448,0.672,0.367,0.585,-0.121,0.314,0.321,0.624,0.686,0.657,0.541,0.526,0.776,0.8,0.544,0.616,-0.544,0.647,0.565,0.323,0.381,0.552,0.608,0.436,0.398,-0.137,0.722,0.643,0.079,-0.068,0.363,0.783,0.683,0.616,0.73,0.404,0.187,0.634,0.744,0.629,0.69,0.455,0.367,0.253,0.706,-0.002,0.76,-0.29,0.607,0.214,0.518,0.387,0.57,0.607,0.655,0.446,0.877,0.664,0.511,0.683,0.482,0.562,0.211,0.212,0.564,0.795,-0.215,0.046,0.485,0.699,0.428,0.659,0.63,0.532,0.077,0.587,0.358,0.409,0.632,0.846,0.642,0.683,0.394,0.158,0.612,0.786,0.7,0.735,0.13,-0.046,0.44,-0.121,0.553,0.642,0.264,0.162,0.611,0.148,0.686,0.658,0.32,0.606,0.762,0.353,0.773,0.731,0.699,-0.288,0.498,0.625,0.873,0.176,0.36,0.369,0.23,0.697,0.035,0.588,0.374,0.502,0.545,0.734,0.847,0.265,0.73,0.504,0.29,0.217,0.235,0.805,0.166
BCYC,-0.087,0.777,0.274,-0.24,0.697,-0.208,0.695,0.349,0.832,0.464,0.622,0.733,-0.457,0.578,0.055,0.499,0.288,0.298,0.417,0.667,-0.165,-0.053,0.521,0.434,0.519,0.0,0.712,-0.072,0.393,0.172,0.595,0.612,0.651,0.669,0.407,0.799,0.335,0.539,0.366,0.095,-0.002,0.126,0.44,0.621,0.617,0.599,0.779,0.303,-0.23,0.562,0.832,0.777,0.229,0.514,0.55,0.808,0.739,0.548,0.565,0.75,0.271,0.416,-0.138,0.436,0.691,0.818,0.625,0.504,0.413,0.077,0.411,0.09,0.727,0.358,0.838,0.74,0.423,0.558,0.136,0.536,0.706,0.418,0.379,0.823,0.234,0.026,0.486,0.622,0.217,-0.151,0.414,0.498,0.79,0.787,0.345,0.431,0.757,0.548,-0.35,0.718,0.352,0.104,0.572,0.424,0.507,0.581,0.31,0.301,0.083,0.626,0.521,0.686,0.803,0.76,0.446,0.614,-0.67,0.593,0.767,0.654,-0.174,0.843,0.626,0.034,0.764,0.639,0.749,-0.006,0.241,0.392,0.119,0.359,0.695,0.435,0.124,0.497,0.671,-0.031,0.198,0.808,0.58,0.812,0.58,0.041,0.399,0.613,-0.215,0.127,0.528,0.214,0.387,0.544,0.748,0.717,0.785,0.452,0.012,0.693,0.586,0.342,0.623,0.711,0.236,-0.266,0.639,0.326,0.304,0.244,0.469,0.664,0.59,0.695,0.126,0.312,0.557,0.469,0.516,0.523,-0.057,0.467,0.734,0.724,0.597,-0.32,0.328,0.682,0.025,0.841,0.773,-0.092,0.096,0.494,-0.379,0.187,0.17,0.582,-0.265,0.518,0.246,-0.147
BHFAP,-0.415,0.425,-0.142,-0.559,0.671,-0.556,0.476,0.667,0.576,0.134,0.293,0.734,-0.672,0.382,-0.261,0.621,0.586,-0.016,0.391,0.578,-0.535,-0.487,0.74,0.057,0.12,0.712,0.0,-0.447,-0.049,0.092,0.457,0.571,0.308,0.337,0.174,0.532,0.012,0.206,0.178,-0.303,0.008,-0.298,0.206,0.206,0.128,0.628,0.73,-0.11,-0.108,0.16,0.589,0.511,0.142,0.235,0.818,0.698,0.607,0.221,0.727,0.494,-0.15,0.788,-0.129,0.036,0.784,0.728,0.784,0.037,0.229,0.291,0.009,-0.175,0.455,0.423,0.572,0.559,-0.051,0.153,-0.338,0.265,0.439,0.019,-0.035,0.561,-0.011,0.441,0.2,0.174,0.099,-0.555,0.07,0.247,0.575,0.63,0.364,-0.01,0.344,0.623,-0.358,0.696,0.021,-0.271,0.121,-0.023,0.3,0.498,-0.104,-0.16,-0.442,0.288,0.536,0.645,0.648,0.526,0.341,0.24,-0.494,0.187,0.812,0.427,-0.526,0.645,0.242,-0.376,0.603,0.264,0.483,-0.353,-0.169,0.106,-0.296,0.193,0.633,0.309,-0.334,0.741,0.794,-0.445,-0.158,0.726,0.261,0.491,0.3,-0.006,0.005,0.485,-0.6,-0.311,0.015,-0.14,-0.058,0.329,0.805,0.44,0.325,0.216,-0.411,0.544,0.754,0.065,0.777,0.509,-0.205,-0.475,0.681,0.004,0.256,-0.119,0.12,0.579,0.348,0.253,-0.07,-0.101,0.123,0.087,0.687,0.452,-0.217,0.122,0.642,0.487,0.369,-0.508,0.012,0.796,-0.364,0.743,0.684,-0.41,-0.291,0.033,-0.631,-0.156,-0.212,0.658,-0.395,0.44,-0.177,-0.336
BKR,0.869,0.196,0.502,0.644,-0.51,0.789,0.077,-0.869,0.047,0.529,0.32,-0.4,0.302,0.287,0.868,-0.007,-0.761,0.644,-0.491,-0.353,0.651,0.816,-0.57,0.606,0.408,-0.072,-0.447,0.0,0.479,-0.271,0.313,-0.33,-0.009,0.142,0.316,-0.006,0.225,0.386,0.613,0.727,0.044,0.868,0.518,0.301,0.636,-0.443,-0.409,0.753,0.075,0.295,0.031,-0.079,0.206,0.408,-0.718,-0.419,0.098,0.498,-0.485,-0.161,0.878,-0.649,0.475,0.382,-0.643,-0.448,-0.702,0.468,-0.162,-0.112,0.389,0.771,0.158,-0.191,-0.007,0.015,0.678,0.367,0.77,0.063,0.162,0.511,0.514,-0.158,0.233,-0.723,0.107,0.625,0.384,0.905,0.643,-0.057,-0.05,-0.311,0.018,0.525,0.234,-0.627,0.63,-0.417,0.63,0.814,0.494,0.447,0.241,0.153,0.853,0.455,0.645,0.231,-0.321,-0.581,-0.252,-0.065,0.119,0.398,-0.179,0.568,-0.493,0.402,0.913,0.19,0.556,0.803,-0.306,0.289,0.285,0.855,0.356,0.604,0.793,0.507,-0.552,-0.198,0.689,-0.748,-0.666,0.844,0.774,-0.173,0.538,0.127,0.262,0.682,0.292,-0.42,0.743,0.667,0.483,0.758,0.405,0.464,-0.61,0.319,0.207,0.266,0.774,-0.047,-0.78,0.315,-0.596,0.257,0.681,0.899,-0.67,0.214,0.249,0.676,0.313,0.025,-0.285,0.5,0.671,0.491,0.402,0.578,-0.481,0.175,0.409,0.422,-0.2,-0.204,-0.109,0.792,0.267,-0.671,0.913,-0.39,-0.231,0.888,0.789,0.676,0.476,0.308,0.513,-0.25,0.789,-0.577,0.739,0.627
BLDP,0.558,0.66,0.844,0.654,0.259,0.603,0.492,-0.41,0.441,0.644,0.638,-0.07,0.248,0.192,0.361,0.102,-0.289,0.714,0.29,0.06,0.64,0.745,-0.123,0.346,0.795,0.393,-0.049,0.479,0.0,0.358,0.497,0.056,0.728,0.685,0.339,0.64,0.381,0.308,0.277,0.758,0.316,0.678,0.363,0.874,0.756,-0.057,0.075,0.473,-0.101,0.782,0.341,0.538,0.503,0.336,-0.318,0.331,0.13,0.374,-0.137,0.587,0.645,-0.416,0.023,0.631,0.04,0.301,-0.2,0.584,0.637,-0.475,0.923,0.542,0.304,-0.012,0.247,0.112,0.497,0.846,0.75,0.712,0.236,0.681,0.729,0.475,0.42,-0.586,0.602,0.609,0.249,0.449,0.57,0.748,0.194,0.33,-0.233,0.879,0.456,0.024,-0.114,0.227,0.847,0.747,0.724,0.91,0.576,0.031,0.61,0.656,0.837,0.48,0.176,0.217,0.193,0.401,0.214,0.877,-0.099,0.691,-0.021,0.312,0.538,0.431,0.598,0.706,0.509,0.743,0.652,0.578,0.874,0.25,0.644,0.157,0.156,0.524,0.839,-0.356,-0.174,0.694,0.568,0.272,0.471,0.412,0.303,0.036,0.641,0.432,0.612,0.804,0.925,0.717,0.885,0.195,-0.01,0.446,0.742,0.763,0.715,0.33,-0.167,0.267,-0.206,0.365,0.875,0.325,0.014,0.769,-0.132,0.502,0.525,0.018,0.481,0.65,0.11,0.553,0.748,0.677,-0.243,0.219,0.625,0.846,0.188,0.412,0.114,0.244,0.859,-0.051,0.668,0.208,0.296,0.566,0.731,0.807,0.389,0.562,0.617,0.23,0.136,0.254,0.858,0.506
BLFS,-0.233,0.134,0.434,0.245,0.462,-0.022,0.111,0.162,0.115,-0.171,0.267,-0.006,0.054,-0.09,-0.257,0.135,0.19,-0.032,0.393,-0.02,0.11,0.071,0.047,-0.269,0.454,0.172,0.092,-0.271,0.358,0.0,0.09,-0.073,0.4,0.388,0.099,0.262,0.044,-0.114,-0.384,0.222,0.162,-0.085,-0.241,0.314,0.054,0.206,0.117,-0.191,-0.115,0.393,0.087,0.531,0.273,-0.277,0.117,0.442,-0.124,-0.159,-0.028,0.457,-0.141,-0.001,-0.375,0.175,0.368,0.433,0.164,-0.009,0.755,-0.462,0.281,-0.215,-0.002,-0.068,-0.11,-0.118,-0.19,0.297,0.096,0.389,-0.068,0.152,0.189,0.243,0.119,-0.077,0.284,-0.198,0.001,-0.312,-0.141,0.501,-0.025,0.267,-0.448,0.212,0.046,0.431,-0.45,0.396,0.268,0.112,-0.002,0.311,0.181,-0.372,-0.187,0.262,0.189,0.118,0.489,0.542,0.06,0.371,-0.38,0.232,0.262,-0.127,0.153,-0.163,-0.197,0.043,-0.181,0.008,0.446,0.416,0.081,-0.049,0.449,-0.314,-0.131,-0.366,0.312,0.484,0.244,0.079,0.18,-0.073,-0.035,0.217,-0.172,0.063,-0.128,-0.518,0.378,0.592,0.042,0.149,0.357,-0.059,0.309,-0.365,0.267,0.043,0.357,0.51,0.101,-0.133,0.293,-0.001,-0.013,-0.072,0.122,-0.297,0.383,0.342,-0.309,-0.062,0.08,-0.145,0.549,0.008,-0.368,0.167,0.116,-0.024,-0.153,0.024,0.446,0.381,0.011,0.164,0.118,-0.253,0.538,0.249,-0.14,0.288,0.335,-0.123,0.077,0.121,0.272,0.351,-0.007,0.224,-0.36,0.545,0.255,-0.03
BLKB,0.232,0.596,0.375,0.057,0.407,0.165,0.615,-0.065,0.65,0.563,0.652,0.377,-0.317,0.684,0.362,0.574,0.051,0.54,0.155,0.318,0.043,0.256,0.281,0.563,0.628,0.595,0.457,0.313,0.497,0.09,0.0,0.495,0.394,0.64,0.501,0.617,0.393,0.515,0.615,0.4,0.117,0.472,0.72,0.589,0.736,0.39,0.409,0.477,-0.06,0.609,0.674,0.618,0.496,0.582,0.265,0.491,0.666,0.631,0.424,0.458,0.584,0.268,0.234,0.542,0.374,0.49,0.199,0.441,0.354,0.248,0.469,0.523,0.637,0.439,0.597,0.579,0.497,0.591,0.422,0.509,0.626,0.438,0.422,0.515,0.47,-0.237,0.362,0.638,0.254,0.133,0.615,0.385,0.526,0.381,0.368,0.489,0.585,0.28,0.14,0.439,0.615,0.427,0.526,0.423,0.611,0.582,0.635,0.323,0.229,0.62,0.272,0.34,0.464,0.572,0.485,0.658,-0.442,0.607,0.451,0.749,0.158,0.708,0.73,0.293,0.515,0.609,0.767,0.409,0.247,0.536,0.364,0.576,0.26,0.325,0.396,0.189,0.287,0.269,0.587,0.642,0.684,0.677,0.602,0.443,0.427,0.349,0.065,0.309,0.553,0.57,0.367,0.602,0.365,0.731,0.609,0.632,0.307,0.432,0.208,0.292,0.318,0.8,0.445,0.219,0.237,0.325,0.491,0.433,0.427,0.595,0.362,0.657,0.452,0.358,0.444,0.565,0.268,0.53,0.303,0.612,0.596,0.332,0.371,0.072,0.407,0.285,0.422,0.422,0.556,0.303,0.442,0.658,-0.162,0.157,0.325,0.515,0.224,0.23,0.537,0.213
