,ABAT,ACLS,ACMR,ADMA,ADUS,ADVM,AEIS,AGNCM,AHCO,ALGT,ALLO,AMSF,ANAB,ANDE,APLS,APPF,ASML,ATRC,AVGO,AVT,AXDX,AXSM,AZN,BANR,BBIO,BCYC,BHFAP,BKR,BLDP,BLFS,BLKB,BLMN,BNTX,BPMC,CALM,CAMT,CASH,CATY,CCEP,CDLX,CDNS,CENN,CENX,CGC,CHDN,CLBK,COKE,COLB,COO,CORT,CRMT,CRNX,CRTO,CRVL,CSCO,CSQ,CSWI,CVBF,CWST,CYCC,CZR,DLTR,DORM,ENTA,EQIX,ERIC,EVRG,EWBC,EXAS,EXLS,EXPI,EYE,FBNC,FBRX,FCNCA,FELE,FIBK,FLEX,FRGT,FRHC,FRME,FWONA,FWONK,GDEN,GIII,GILD,GLNG,GNTX,GOOGL,GRPN,HCSG,HIMX,HOPE,HST,HTLD,HUT,HWC,ICUI,IESC,INTC,INTU,IOVA,IPAR,IPGP,ISRG,JBSS,KALU,KPRX,KRNT,LAUR,LBRDA,LBTYK,LECO,LILAK,LITE,MANH,MDXG,MFIC,MGEE,MIDD,MLAB,MMSI,MNKD,MOMO,MRVL,NICE,NMFC,NUWE,NVCR,NWBI,OFIX,OFLX,OMCL,OPK,ORKA,ORLY,OTTR,PDD,PNTG,POOL,POWL,PPBI,PPC,PRAA,PRPL,PZZA,QTRX,QURE,RDFN,RDHL,REAL,REG,REYN,RGLD,RIOT,RUN,RYTM,SAIA,SBAC,SBRA,SCVL,SHOO,SLAB,SLDB,SMCI,SMTC,SRCE,SSP,SSRM,STBA,STRO,SVC,SYBT,TCBI,TCOM,TENX,TH,TMUS,TNDM,TTD,TTMI,UAL,ULH,ULTA,VCYT,VIRT,VKTX,VOD,VRDN,VREX,VRNT,VSAT,WB,WBD,WDC,WEN,WSFS,XXII,Z,ZBRA
ABAT,0.0,0.751,0.657,0.036,0.686,0.717,0.799,0.27,0.76,0.452,0.749,0.79,0.307,0.837,0.036,0.183,-0.393,0.412,0.098,0.315,0.75,0.873,0.723,0.707,0.445,-0.812,0.574,0.807,0.756,0.022,0.801,0.555,-0.476,0.657,0.7,0.712,0.774,0.774,-0.173,0.041,-0.547,0.76,0.32,0.857,0.688,-0.247,-0.489,0.812,-0.134,0.807,-0.421,0.195,0.783,-0.114,-0.587,-0.171,0.638,0.786,-0.506,0.853,0.801,0.182,0.071,0.762,-0.714,0.576,-0.78,0.403,0.708,-0.265,0.706,-0.069,0.661,0.406,0.797,-0.077,0.24,0.821,0.725,0.235,0.69,0.546,0.588,0.218,0.797,-0.198,0.735,0.718,-0.674,0.777,0.639,0.777,0.83,0.825,0.721,0.198,0.567,0.745,0.612,0.55,-0.673,0.822,-0.125,0.119,-0.655,-0.491,0.753,0.251,0.017,0.136,0.061,0.75,-0.477,0.244,0.503,0.251,0.485,0.09,-0.591,-0.722,-0.644,0.506,0.738,0.772,0.243,-0.668,-0.429,-0.001,0.713,0.56,0.822,-0.38,-0.084,0.832,0.752,-0.789,-0.537,0.772,0.71,0.371,0.832,0.829,0.723,0.587,0.554,-0.572,0.876,0.801,0.743,0.244,0.814,0.05,0.692,-0.464,0.709,0.681,0.567,0.626,-0.809,0.093,0.767,0.56,0.74,0.836,0.176,0.817,0.759,0.746,-0.089,0.769,0.737,0.819,0.801,0.652,0.734,0.884,0.581,-0.043,-0.297,0.326,0.823,0.757,0.629,0.44,0.642,0.709,0.811,0.757,0.565,0.484,0.765,0.315,-0.495,0.687,0.785,0.529,0.759,0.869,0.762,0.262
ACLS,0.751,0.0,0.918,0.293,0.853,0.513,0.936,0.194,0.584,0.749,0.791,0.558,0.212,0.791,0.429,0.583,-0.045,0.453,0.236,0.58,0.919,0.801,0.809,0.866,0.49,-0.714,0.569,0.779,0.914,0.118,0.875,0.638,-0.218,0.717,0.367,0.907,0.795,0.834,-0.091,0.369,-0.157,0.894,0.685,0.874,0.955,-0.248,-0.444,0.863,-0.055,0.789,-0.123,0.079,0.843,-0.073,-0.412,0.105,0.81,0.762,-0.226,0.906,0.902,0.559,-0.05,0.717,-0.855,0.467,-0.697,0.629,0.833,-0.386,0.919,0.331,0.677,0.513,0.867,0.089,0.029,0.893,0.708,0.678,0.764,0.659,0.736,0.33,0.885,0.027,0.856,0.847,-0.407,0.862,0.343,0.699,0.823,0.82,0.655,0.418,0.736,0.722,0.827,0.488,-0.381,0.818,0.263,0.566,-0.47,-0.566,0.801,0.38,0.539,0.305,0.238,0.899,-0.301,0.529,0.827,0.62,0.847,0.439,-0.77,-0.537,-0.688,0.82,0.834,0.752,0.689,-0.39,-0.247,0.239,0.659,0.493,0.806,-0.233,-0.12,0.874,0.732,-0.659,-0.621,0.659,0.713,0.279,0.833,0.847,0.848,0.69,0.84,-0.445,0.827,0.858,0.899,0.651,0.903,0.156,0.645,-0.282,0.878,0.925,0.78,0.909,-0.815,0.33,0.862,0.837,0.899,0.78,0.361,0.867,0.819,0.846,-0.205,0.734,0.758,0.815,0.719,0.604,0.667,0.854,0.797,-0.239,0.096,0.622,0.81,0.925,0.505,0.814,0.848,0.735,0.696,0.903,0.297,0.738,0.903,0.362,-0.592,0.877,0.727,0.812,0.747,0.873,0.942,0.536
ACMR,0.657,0.918,0.0,0.483,0.857,0.436,0.817,-0.001,0.482,0.619,0.795,0.517,0.1,0.71,0.41,0.718,-0.073,0.231,0.056,0.531,0.931,0.715,0.65,0.838,0.313,-0.64,0.46,0.653,0.911,-0.099,0.82,0.448,-0.09,0.738,0.325,0.877,0.712,0.784,-0.325,0.381,-0.146,0.862,0.633,0.802,0.92,-0.213,-0.347,0.869,-0.273,0.69,-0.002,-0.095,0.699,-0.331,-0.436,-0.08,0.647,0.759,-0.14,0.833,0.824,0.561,-0.191,0.72,-0.886,0.273,-0.573,0.521,0.883,-0.498,0.814,0.307,0.702,0.499,0.833,0.025,-0.074,0.772,0.583,0.616,0.787,0.519,0.603,0.1,0.731,0.162,0.778,0.723,-0.444,0.814,0.281,0.609,0.762,0.684,0.524,0.286,0.63,0.572,0.731,0.39,-0.427,0.709,0.272,0.572,-0.568,-0.468,0.675,0.373,0.615,0.215,0.144,0.884,-0.425,0.466,0.738,0.571,0.835,0.328,-0.726,-0.477,-0.753,0.736,0.821,0.719,0.632,-0.326,-0.346,0.246,0.644,0.438,0.698,-0.256,-0.207,0.817,0.589,-0.64,-0.534,0.65,0.65,0.052,0.767,0.79,0.76,0.692,0.718,-0.472,0.716,0.854,0.841,0.708,0.904,0.059,0.704,-0.394,0.829,0.872,0.753,0.797,-0.793,0.229,0.828,0.754,0.783,0.745,0.519,0.774,0.819,0.771,-0.361,0.674,0.662,0.703,0.703,0.445,0.618,0.783,0.829,-0.355,0.201,0.525,0.744,0.83,0.355,0.72,0.874,0.714,0.624,0.807,0.311,0.622,0.901,0.284,-0.699,0.866,0.565,0.722,0.727,0.822,0.898,0.346
ADMA,0.036,0.293,0.483,0.0,0.229,-0.336,0.022,-0.713,-0.362,0.254,0.13,-0.162,-0.314,-0.071,0.149,0.769,0.367,-0.248,-0.107,0.589,0.467,-0.101,-0.204,0.387,-0.442,0.051,-0.355,-0.198,0.237,-0.436,0.076,-0.232,0.674,0.412,0.016,0.361,-0.015,0.206,-0.547,0.67,0.407,0.306,0.478,0.005,0.38,0.391,0.366,0.303,-0.569,-0.114,0.705,-0.673,-0.12,-0.579,0.189,-0.266,-0.088,0.16,0.523,0.109,0.085,0.634,-0.56,0.121,-0.403,-0.619,0.319,0.273,0.474,-0.301,0.238,0.602,0.217,-0.087,0.274,0.295,-0.138,-0.008,-0.244,0.058,0.427,-0.246,-0.136,-0.226,-0.014,0.523,-0.056,0.085,0.052,0.067,-0.428,-0.204,0.119,-0.126,-0.271,-0.29,0.299,-0.21,0.315,-0.34,0.104,-0.063,0.663,0.504,-0.227,0.403,0.067,0.191,0.699,-0.248,0.148,0.466,-0.135,0.419,0.227,0.386,0.438,0.002,0.047,0.247,-0.214,0.393,0.143,-0.039,0.542,0.399,-0.31,0.419,0.377,-0.053,-0.074,0.236,-0.258,0.167,-0.198,0.089,0.238,-0.026,-0.169,-0.463,0.2,0.041,0.263,0.23,0.169,0.159,-0.027,0.228,0.264,0.592,0.281,0.05,0.211,-0.418,0.238,0.182,0.316,0.183,-0.089,0.056,0.185,0.371,-0.033,-0.002,0.796,-0.036,0.307,0.052,-0.765,0.086,-0.036,-0.127,0.031,-0.094,-0.198,0.168,0.611,-0.766,0.668,0.346,-0.061,0.131,-0.382,0.141,0.433,-0.056,-0.124,0.108,-0.067,-0.115,0.295,0.494,-0.662,0.253,-0.306,0.365,0.213,0.16,0.253,-0.084
ADUS,0.686,0.853,0.857,0.229,0.0,0.605,0.846,0.229,0.631,0.625,0.916,0.707,0.269,0.842,0.499,0.522,-0.324,0.416,-0.046,0.403,0.846,0.803,0.756,0.787,0.555,-0.702,0.668,0.789,0.908,0.059,0.877,0.502,-0.343,0.743,0.352,0.773,0.792,0.789,-0.267,0.184,-0.344,0.858,0.496,0.859,0.873,-0.276,-0.466,0.866,-0.038,0.815,-0.144,0.153,0.789,-0.09,-0.544,-0.066,0.783,0.787,-0.156,0.813,0.865,0.409,0.116,0.849,-0.81,0.424,-0.686,0.39,0.81,-0.365,0.776,0.097,0.709,0.63,0.818,0.009,0.034,0.807,0.695,0.61,0.755,0.669,0.722,0.132,0.806,0.235,0.873,0.778,-0.544,0.84,0.477,0.711,0.79,0.781,0.671,0.452,0.598,0.765,0.766,0.486,-0.532,0.845,0.111,0.333,-0.547,-0.547,0.749,0.336,0.432,0.532,0.236,0.827,-0.357,0.334,0.67,0.556,0.748,0.337,-0.706,-0.609,-0.714,0.64,0.897,0.768,0.42,-0.47,-0.206,0.196,0.47,0.531,0.815,-0.305,-0.283,0.862,0.686,-0.683,-0.536,0.672,0.809,0.243,0.875,0.856,0.718,0.683,0.768,-0.623,0.744,0.86,0.856,0.589,0.874,0.057,0.757,-0.244,0.804,0.878,0.825,0.81,-0.816,0.305,0.806,0.683,0.829,0.817,0.391,0.845,0.803,0.844,-0.14,0.751,0.762,0.779,0.813,0.498,0.72,0.719,0.739,-0.194,0.014,0.43,0.814,0.838,0.56,0.697,0.817,0.826,0.714,0.788,0.306,0.713,0.896,0.166,-0.571,0.887,0.684,0.635,0.721,0.788,0.883,0.346
ADVM,0.717,0.513,0.436,-0.336,0.605,0.0,0.719,0.446,0.91,0.215,0.783,0.85,0.622,0.839,0.003,0.005,-0.765,0.244,-0.161,-0.113,0.511,0.875,0.732,0.401,0.669,-0.764,0.729,0.758,0.686,0.067,0.735,0.436,-0.845,0.555,0.452,0.526,0.673,0.604,-0.205,-0.407,-0.855,0.669,-0.056,0.818,0.445,-0.479,-0.644,0.63,-0.059,0.848,-0.714,0.518,0.714,-0.07,-0.882,-0.247,0.589,0.682,-0.611,0.65,0.705,-0.266,0.326,0.731,-0.594,0.744,-0.895,-0.064,0.564,-0.055,0.441,-0.537,0.606,0.653,0.584,-0.385,0.151,0.682,0.75,0.227,0.445,0.688,0.635,-0.015,0.654,-0.355,0.799,0.505,-0.86,0.775,0.854,0.846,0.667,0.746,0.725,0.23,0.247,0.724,0.343,0.87,-0.85,0.827,-0.505,-0.106,-0.643,-0.698,0.511,0.151,-0.272,0.465,-0.148,0.456,-0.516,-0.092,0.301,0.009,0.247,0.049,-0.664,-0.829,-0.649,0.095,0.751,0.872,-0.173,-0.847,-0.315,-0.166,0.434,0.598,0.649,-0.575,-0.159,0.673,0.746,-0.879,-0.621,0.855,0.878,0.228,0.684,0.773,0.421,0.548,0.36,-0.816,0.755,0.675,0.582,0.108,0.656,-0.15,0.661,-0.3,0.494,0.613,0.497,0.405,-0.814,0.012,0.639,0.164,0.735,0.874,-0.089,0.79,0.584,0.637,0.276,0.659,0.8,0.792,0.774,0.391,0.909,0.69,0.252,0.274,-0.537,-0.152,0.826,0.57,0.7,0.321,0.487,0.814,0.834,0.484,0.456,0.417,0.633,-0.119,-0.091,0.531,0.805,0.145,0.611,0.726,0.617,-0.009
AEIS,0.799,0.936,0.817,0.022,0.846,0.719,0.0,0.366,0.791,0.637,0.85,0.724,0.368,0.904,0.35,0.4,-0.298,0.461,0.144,0.369,0.856,0.923,0.897,0.778,0.63,-0.846,0.747,0.885,0.921,0.168,0.945,0.663,-0.512,0.691,0.43,0.867,0.843,0.832,-0.055,0.093,-0.405,0.898,0.487,0.958,0.865,-0.431,-0.626,0.862,0.031,0.921,-0.412,0.28,0.934,0.021,-0.614,0.056,0.871,0.792,-0.415,0.913,0.924,0.341,0.085,0.802,-0.804,0.685,-0.871,0.448,0.787,-0.304,0.876,0.06,0.691,0.563,0.853,-0.096,0.072,0.939,0.866,0.642,0.712,0.803,0.836,0.286,0.913,-0.161,0.947,0.842,-0.572,0.924,0.574,0.832,0.855,0.889,0.784,0.466,0.639,0.848,0.741,0.644,-0.56,0.905,0.014,0.351,-0.534,-0.763,0.818,0.337,0.304,0.428,0.178,0.795,-0.392,0.337,0.742,0.494,0.76,0.345,-0.844,-0.731,-0.745,0.68,0.892,0.869,0.475,-0.606,-0.304,0.074,0.633,0.56,0.846,-0.406,-0.116,0.897,0.854,-0.816,-0.734,0.768,0.881,0.381,0.831,0.915,0.832,0.714,0.789,-0.64,0.915,0.88,0.893,0.48,0.889,0.042,0.724,-0.235,0.875,0.92,0.736,0.87,-0.878,0.247,0.836,0.707,0.96,0.892,0.189,0.945,0.801,0.872,-0.009,0.774,0.842,0.902,0.81,0.596,0.831,0.892,0.651,-0.017,-0.123,0.482,0.913,0.925,0.648,0.749,0.783,0.861,0.813,0.879,0.369,0.748,0.911,0.171,-0.476,0.849,0.866,0.675,0.748,0.923,0.947,0.479
AGNCM,0.27,0.194,-0.001,-0.713,0.229,0.446,0.366,0.0,0.528,0.26,0.278,0.387,0.217,0.401,0.323,-0.478,-0.302,0.589,0.161,-0.255,0.029,0.399,0.531,0.078,0.668,-0.36,0.725,0.56,0.221,0.6,0.345,0.528,-0.589,-0.037,0.03,-0.008,0.354,0.115,0.543,-0.444,-0.31,0.094,0.077,0.325,0.164,-0.529,-0.646,0.081,0.696,0.446,-0.536,0.632,0.471,0.66,-0.189,0.301,0.554,0.123,-0.384,0.267,0.335,-0.174,0.339,0.247,-0.001,0.684,-0.517,0.118,-0.1,-0.048,0.288,-0.344,0.007,0.361,0.1,-0.14,0.07,0.392,0.595,0.422,-0.103,0.527,0.469,0.38,0.444,-0.263,0.453,0.365,-0.1,0.224,0.41,0.432,0.249,0.541,0.52,0.75,0.055,0.6,0.152,0.364,-0.119,0.451,-0.337,-0.269,0.093,-0.559,0.341,0.097,-0.229,0.359,0.289,-0.035,0.094,-0.179,0.151,0.141,0.082,0.28,-0.342,-0.448,-0.068,0.177,0.277,0.248,-0.128,-0.418,0.384,-0.354,-0.233,0.108,0.491,-0.27,0.113,0.324,0.588,-0.269,-0.499,0.138,0.446,0.653,0.254,0.312,0.179,-0.013,0.345,-0.292,0.339,0.211,0.257,-0.238,0.102,0.064,0.115,0.417,0.275,0.263,0.1,0.282,-0.239,0.254,0.166,0.164,0.383,0.319,-0.492,0.36,0.083,0.398,0.613,0.176,0.414,0.48,0.285,0.459,0.374,0.126,-0.094,0.503,-0.404,0.106,0.349,0.39,0.553,0.33,-0.07,0.416,0.399,0.37,0.013,0.545,0.166,-0.28,0.25,0.258,0.538,0.224,0.029,0.15,0.214,0.521
AHCO,0.76,0.584,0.482,-0.362,0.631,0.91,0.791,0.528,0.0,0.208,0.784,0.903,0.481,0.894,0.048,-0.046,-0.705,0.234,-0.092,-0.089,0.551,0.903,0.772,0.472,0.623,-0.865,0.805,0.879,0.697,0.051,0.821,0.54,-0.878,0.474,0.569,0.551,0.729,0.676,-0.056,-0.401,-0.804,0.637,0.016,0.867,0.495,-0.633,-0.748,0.699,0.057,0.887,-0.79,0.464,0.824,0.0,-0.82,-0.166,0.643,0.743,-0.723,0.681,0.757,-0.166,0.221,0.78,-0.577,0.842,-0.937,0.047,0.534,-0.203,0.495,-0.47,0.628,0.47,0.664,-0.485,0.141,0.801,0.865,0.335,0.501,0.782,0.718,0.062,0.728,-0.367,0.835,0.618,-0.769,0.804,0.897,0.895,0.754,0.801,0.859,0.362,0.288,0.801,0.351,0.752,-0.823,0.82,-0.547,-0.131,-0.64,-0.823,0.646,0.166,-0.242,0.378,-0.09,0.451,-0.554,-0.119,0.343,0.049,0.366,0.019,-0.713,-0.902,-0.706,0.199,0.773,0.885,-0.115,-0.915,-0.364,-0.308,0.435,0.551,0.745,-0.713,-0.178,0.716,0.786,-0.923,-0.67,0.837,0.891,0.408,0.676,0.844,0.594,0.598,0.416,-0.856,0.815,0.761,0.592,-0.038,0.694,-0.213,0.745,-0.194,0.64,0.61,0.462,0.525,-0.833,-0.05,0.654,0.303,0.782,0.897,-0.095,0.862,0.667,0.732,0.353,0.708,0.747,0.857,0.855,0.466,0.943,0.746,0.222,0.389,-0.556,0.041,0.9,0.676,0.786,0.415,0.477,0.871,0.826,0.66,0.501,0.529,0.698,-0.244,-0.215,0.628,0.893,0.254,0.644,0.788,0.672,0.134
ALGT,0.452,0.749,0.619,0.254,0.625,0.215,0.637,0.26,0.208,0.0,0.487,0.23,0.113,0.516,0.535,0.448,0.254,0.592,0.38,0.775,0.623,0.433,0.553,0.772,0.423,-0.331,0.351,0.536,0.616,0.237,0.529,0.637,0.074,0.44,0.172,0.632,0.626,0.637,0.204,0.562,0.143,0.645,0.847,0.509,0.822,0.119,-0.16,0.563,0.162,0.438,0.211,0.013,0.522,0.213,0.026,0.403,0.688,0.483,0.12,0.626,0.711,0.634,0.089,0.378,-0.585,0.234,-0.33,0.74,0.475,-0.007,0.748,0.549,0.488,0.428,0.66,0.526,0.275,0.63,0.406,0.606,0.585,0.474,0.601,0.544,0.736,0.226,0.601,0.771,-0.033,0.563,-0.028,0.355,0.624,0.692,0.455,0.478,0.83,0.478,0.845,0.3,0.027,0.519,0.562,0.572,-0.029,-0.22,0.661,0.357,0.587,0.379,0.391,0.726,0.225,0.688,0.735,0.634,0.733,0.668,-0.37,-0.116,-0.283,0.77,0.554,0.387,0.726,-0.029,0.204,0.339,0.264,0.35,0.591,0.23,-0.04,0.632,0.492,-0.199,-0.25,0.247,0.383,0.269,0.631,0.579,0.632,0.492,0.799,-0.057,0.449,0.53,0.702,0.632,0.604,0.532,0.228,0.025,0.602,0.683,0.664,0.808,-0.467,0.644,0.668,0.82,0.614,0.417,0.336,0.54,0.577,0.696,-0.116,0.569,0.6,0.612,0.406,0.726,0.292,0.467,0.781,-0.258,0.217,0.59,0.479,0.775,0.417,0.83,0.554,0.386,0.411,0.679,0.091,0.703,0.58,0.556,-0.375,0.667,0.436,0.83,0.537,0.462,0.615,0.624
ALLO,0.749,0.791,0.795,0.13,0.916,0.783,0.85,0.278,0.784,0.487,0.0,0.833,0.41,0.915,0.364,0.433,-0.582,0.257,-0.24,0.208,0.841,0.889,0.756,0.7,0.602,-0.826,0.767,0.818,0.922,-0.038,0.912,0.413,-0.53,0.812,0.431,0.738,0.758,0.782,-0.387,-0.058,-0.581,0.882,0.322,0.906,0.803,-0.443,-0.594,0.876,-0.135,0.892,-0.341,0.235,0.809,-0.189,-0.743,-0.284,0.755,0.829,-0.311,0.771,0.881,0.232,0.089,0.94,-0.856,0.512,-0.805,0.183,0.839,-0.382,0.697,-0.164,0.733,0.63,0.804,-0.225,-0.024,0.8,0.784,0.524,0.716,0.731,0.736,-0.059,0.786,0.125,0.915,0.729,-0.77,0.884,0.651,0.815,0.804,0.796,0.728,0.381,0.459,0.803,0.627,0.591,-0.743,0.907,-0.121,0.156,-0.711,-0.635,0.686,0.286,0.237,0.479,0.136,0.75,-0.572,0.118,0.535,0.423,0.663,0.144,-0.762,-0.793,-0.845,0.48,0.976,0.893,0.202,-0.637,-0.356,0.026,0.506,0.569,0.773,-0.524,-0.412,0.9,0.753,-0.853,-0.597,0.811,0.91,0.14,0.883,0.899,0.67,0.678,0.652,-0.804,0.778,0.904,0.846,0.462,0.884,-0.172,0.871,-0.348,0.788,0.828,0.794,0.69,-0.927,0.11,0.791,0.529,0.838,0.937,0.363,0.889,0.82,0.818,-0.071,0.745,0.858,0.824,0.897,0.409,0.868,0.775,0.629,-0.114,-0.132,0.21,0.88,0.81,0.615,0.593,0.756,0.931,0.809,0.722,0.383,0.566,0.93,0.01,-0.528,0.844,0.742,0.512,0.741,0.843,0.879,0.161
AMSF,0.79,0.558,0.517,-0.162,0.707,0.85,0.724,0.387,0.903,0.23,0.833,0.0,0.362,0.904,0.034,0.022,-0.731,0.199,-0.248,0.034,0.62,0.85,0.675,0.54,0.466,-0.873,0.738,0.844,0.7,-0.092,0.814,0.462,-0.766,0.526,0.62,0.545,0.742,0.714,-0.223,-0.316,-0.81,0.674,0.076,0.834,0.526,-0.499,-0.627,0.772,-0.079,0.838,-0.611,0.265,0.714,-0.119,-0.794,-0.307,0.588,0.799,-0.552,0.664,0.751,-0.064,0.145,0.83,-0.636,0.677,-0.832,0.034,0.579,-0.195,0.462,-0.441,0.708,0.453,0.723,-0.376,0.187,0.766,0.782,0.242,0.628,0.705,0.664,-0.026,0.706,-0.164,0.787,0.636,-0.81,0.775,0.835,0.815,0.796,0.779,0.82,0.292,0.349,0.755,0.4,0.626,-0.871,0.777,-0.427,-0.166,-0.719,-0.649,0.705,0.259,-0.177,0.363,-0.049,0.544,-0.575,-0.075,0.273,0.054,0.408,-0.047,-0.596,-0.858,-0.735,0.202,0.798,0.842,-0.125,-0.877,-0.42,-0.259,0.435,0.54,0.743,-0.705,-0.334,0.729,0.725,-0.888,-0.508,0.79,0.856,0.346,0.767,0.853,0.622,0.651,0.397,-0.88,0.758,0.817,0.609,0.02,0.726,-0.176,0.841,-0.272,0.664,0.574,0.493,0.507,-0.82,-0.018,0.653,0.354,0.679,0.89,0.082,0.821,0.755,0.751,0.197,0.759,0.731,0.81,0.915,0.448,0.88,0.718,0.369,0.249,-0.478,0.049,0.864,0.675,0.729,0.362,0.484,0.863,0.775,0.629,0.523,0.461,0.734,-0.161,-0.39,0.683,0.797,0.281,0.698,0.775,0.657,0.025
ANAB,0.307,0.212,0.1,-0.314,0.269,0.622,0.368,0.217,0.481,0.113,0.41,0.362,0.0,0.394,-0.058,0.121,-0.481,0.094,-0.109,-0.174,0.151,0.456,0.387,0.175,0.662,-0.278,0.35,0.27,0.307,0.162,0.294,0.102,-0.514,0.441,0.198,0.219,0.324,0.316,-0.128,-0.194,-0.506,0.377,-0.264,0.392,0.138,-0.066,-0.229,0.233,0.038,0.433,-0.406,0.631,0.381,0.028,-0.528,-0.066,0.393,0.341,-0.268,0.33,0.299,-0.218,0.578,0.362,-0.301,0.392,-0.499,-0.086,0.325,0.241,0.161,-0.318,0.316,0.435,0.21,-0.028,0.237,0.232,0.307,0.072,0.188,0.398,0.359,-0.087,0.259,-0.108,0.413,0.125,-0.544,0.42,0.491,0.441,0.268,0.312,0.319,-0.076,0.061,0.362,0.219,0.602,-0.446,0.465,-0.323,0.064,-0.246,-0.31,0.053,-0.242,-0.292,0.435,-0.161,0.115,-0.133,-0.035,0.143,-0.007,0.035,0.001,-0.244,-0.383,-0.298,-0.088,0.383,0.526,-0.204,-0.354,-0.113,0.079,0.213,0.676,0.211,-0.121,0.024,0.309,0.389,-0.406,-0.221,0.559,0.521,-0.115,0.285,0.362,0.032,0.183,0.176,-0.371,0.37,0.161,0.264,0.185,0.254,-0.018,0.188,-0.232,0.023,0.291,0.405,0.108,-0.431,0.125,0.303,-0.171,0.437,0.438,-0.103,0.38,0.174,0.199,0.174,0.312,0.516,0.431,0.337,0.154,0.526,0.305,0.012,0.217,-0.284,-0.352,0.384,0.146,0.401,0.128,0.299,0.372,0.517,0.108,0.366,0.119,0.27,0.013,0.247,0.093,0.404,-0.15,0.357,0.313,0.293,-0.08
ANDE,0.837,0.791,0.71,-0.071,0.842,0.839,0.904,0.401,0.894,0.516,0.915,0.904,0.394,0.0,0.201,0.234,-0.542,0.341,-0.015,0.273,0.768,0.926,0.83,0.741,0.571,-0.879,0.763,0.942,0.855,-0.007,0.918,0.649,-0.679,0.625,0.601,0.771,0.89,0.872,-0.129,-0.066,-0.657,0.836,0.318,0.952,0.751,-0.442,-0.603,0.895,-0.052,0.911,-0.527,0.254,0.856,-0.057,-0.738,-0.096,0.751,0.885,-0.523,0.826,0.938,0.17,0.208,0.875,-0.776,0.729,-0.899,0.283,0.702,-0.201,0.684,-0.163,0.809,0.559,0.883,-0.206,0.222,0.922,0.833,0.471,0.765,0.791,0.793,0.204,0.902,-0.106,0.922,0.829,-0.733,0.935,0.783,0.908,0.922,0.922,0.908,0.397,0.586,0.814,0.644,0.713,-0.771,0.892,-0.222,0.114,-0.663,-0.71,0.835,0.312,0.062,0.478,0.013,0.74,-0.484,0.201,0.565,0.259,0.622,0.205,-0.734,-0.8,-0.767,0.43,0.912,0.923,0.182,-0.803,-0.309,-0.104,0.521,0.628,0.869,-0.561,-0.26,0.857,0.797,-0.893,-0.59,0.84,0.906,0.375,0.87,0.968,0.771,0.772,0.638,-0.799,0.848,0.912,0.782,0.267,0.872,-0.024,0.815,-0.25,0.791,0.783,0.657,0.768,-0.92,0.171,0.852,0.601,0.886,0.943,0.194,0.964,0.868,0.912,0.146,0.877,0.821,0.94,0.947,0.604,0.921,0.84,0.571,0.134,-0.388,0.248,0.965,0.864,0.816,0.647,0.651,0.907,0.836,0.8,0.504,0.665,0.864,0.022,-0.452,0.842,0.916,0.53,0.823,0.886,0.828,0.218
APLS,0.036,0.429,0.41,0.149,0.499,0.003,0.35,0.323,0.048,0.535,0.364,0.034,-0.058,0.201,0.0,0.358,0.132,0.492,-0.019,0.211,0.377,0.214,0.364,0.288,0.475,-0.16,0.492,0.27,0.449,0.454,0.4,0.151,0.124,0.344,-0.326,0.183,0.203,0.107,0.083,0.161,0.306,0.317,0.514,0.22,0.527,-0.224,-0.39,0.157,0.502,0.342,0.26,0.273,0.373,0.388,0.145,0.171,0.57,0.051,0.356,0.252,0.3,0.468,-0.039,0.352,-0.288,0.057,-0.095,0.296,0.314,-0.41,0.572,0.281,-0.008,0.404,0.157,0.157,-0.283,0.271,0.369,0.707,0.09,0.431,0.479,0.115,0.318,0.357,0.426,0.416,0.178,0.195,-0.16,0.028,0.126,0.296,0.138,0.738,0.223,0.472,0.427,-0.054,0.244,0.378,0.429,0.273,0.132,-0.261,0.253,0.217,0.672,0.491,0.729,0.298,0.159,0.13,0.561,0.846,0.536,0.497,-0.37,-0.152,-0.208,0.611,0.388,0.076,0.461,0.237,0.31,0.198,-0.198,-0.04,0.34,0.12,-0.249,0.462,0.39,0.011,-0.41,-0.106,0.325,0.235,0.308,0.208,0.266,0.023,0.689,-0.034,0.189,0.278,0.556,0.491,0.283,0.025,0.165,0.319,0.463,0.521,0.583,0.502,-0.169,0.371,0.214,0.443,0.37,0.199,0.312,0.226,0.145,0.357,-0.085,0.017,0.375,0.214,0.12,0.204,0.06,0.101,0.441,-0.304,0.461,0.526,0.189,0.459,0.066,0.561,0.334,0.357,0.247,0.371,-0.379,0.567,0.403,0.053,-0.202,0.469,0.101,0.513,-0.02,0.099,0.448,0.661
APPF,0.183,0.583,0.718,0.769,0.522,0.005,0.4,-0.478,-0.046,0.448,0.433,0.022,0.121,0.234,0.358,0.0,0.187,-0.124,-0.064,0.549,0.664,0.225,0.15,0.571,0.029,-0.164,-0.019,0.063,0.57,-0.277,0.39,-0.051,0.366,0.659,0.021,0.642,0.269,0.453,-0.488,0.632,0.237,0.618,0.482,0.342,0.62,0.182,0.111,0.521,-0.441,0.219,0.454,-0.264,0.25,-0.449,-0.11,-0.122,0.29,0.397,0.348,0.417,0.384,0.673,-0.241,0.381,-0.634,-0.266,-0.06,0.327,0.727,-0.257,0.499,0.529,0.428,0.263,0.475,0.268,-0.101,0.271,0.071,0.424,0.58,0.143,0.25,-0.157,0.266,0.436,0.349,0.311,-0.156,0.444,-0.167,0.126,0.332,0.156,0.013,-0.088,0.422,0.084,0.519,0.039,-0.081,0.281,0.557,0.724,-0.333,0.014,0.201,0.156,0.756,0.138,0.14,0.603,-0.185,0.469,0.558,0.574,0.672,0.19,-0.314,-0.002,-0.497,0.505,0.485,0.343,0.647,0.212,-0.306,0.504,0.486,0.315,0.138,0.145,-0.205,0.43,0.115,-0.185,-0.08,0.318,0.241,-0.434,0.38,0.338,0.399,0.416,0.461,-0.097,0.25,0.417,0.546,0.846,0.536,0.064,0.368,-0.414,0.423,0.546,0.636,0.463,-0.399,0.253,0.468,0.448,0.405,0.309,0.768,0.316,0.46,0.314,-0.617,0.297,0.311,0.22,0.26,0.029,0.177,0.423,0.704,-0.615,0.584,0.326,0.259,0.392,-0.097,0.484,0.694,0.29,0.199,0.318,0.051,0.196,0.574,0.398,-0.533,0.477,0.028,0.434,0.434,0.423,0.584,0.092
ASML,-0.393,-0.045,-0.073,0.367,-0.324,-0.765,-0.298,-0.302,-0.705,0.254,-0.582,-0.731,-0.481,-0.542,0.132,0.187,0.0,0.132,0.615,0.525,-0.189,-0.556,-0.299,0.032,-0.424,0.568,-0.604,-0.418,-0.337,0.159,-0.43,0.082,0.792,-0.386,-0.303,-0.081,-0.234,-0.215,0.435,0.719,0.896,-0.315,0.468,-0.462,-0.036,0.571,0.569,-0.329,0.129,-0.559,0.673,-0.428,-0.366,0.152,0.823,0.604,-0.243,-0.39,0.46,-0.181,-0.293,0.477,-0.219,-0.606,0.279,-0.443,0.602,0.556,-0.291,0.093,0.003,0.835,-0.287,-0.334,-0.205,0.639,0.08,-0.245,-0.526,0.065,-0.134,-0.424,-0.308,0.478,-0.192,0.185,-0.453,-0.091,0.838,-0.395,-0.777,-0.565,-0.287,-0.309,-0.433,-0.056,0.255,-0.49,0.112,-0.474,0.834,-0.493,0.708,0.539,0.637,0.509,-0.134,0.032,0.495,-0.306,0.172,-0.022,0.654,0.585,0.187,0.211,0.067,0.422,0.383,0.774,0.543,0.287,-0.518,-0.594,0.602,0.719,0.408,0.389,-0.13,-0.327,-0.275,0.7,0.404,-0.375,-0.425,0.702,0.368,-0.605,-0.664,0.009,-0.347,-0.43,-0.059,-0.216,0.055,0.831,-0.368,-0.39,-0.233,0.217,-0.294,0.571,-0.625,0.235,-0.191,-0.18,-0.207,0.052,0.53,0.38,-0.176,0.269,-0.301,-0.614,0.079,-0.42,-0.277,-0.242,-0.245,-0.292,-0.478,-0.381,-0.563,0.085,-0.681,-0.304,0.115,-0.281,0.507,0.479,-0.482,-0.16,-0.413,0.129,-0.133,-0.636,-0.53,-0.051,-0.303,0.048,-0.368,0.485,0.01,-0.205,-0.425,0.275,-0.26,-0.38,-0.271,0.386
ATRC,0.412,0.453,0.231,-0.248,0.416,0.244,0.461,0.589,0.234,0.592,0.257,0.199,0.094,0.341,0.492,-0.124,0.132,0.0,0.445,0.258,0.26,0.408,0.619,0.334,0.572,-0.261,0.484,0.493,0.351,0.789,0.371,0.597,-0.143,0.179,-0.005,0.239,0.455,0.217,0.423,0.098,0.062,0.312,0.446,0.36,0.436,-0.049,-0.342,0.174,0.629,0.452,-0.071,0.415,0.493,0.662,0.062,0.423,0.649,0.122,0.0,0.499,0.394,0.202,0.282,0.236,-0.152,0.412,-0.326,0.522,0.161,-0.091,0.635,0.21,0.027,0.462,0.241,0.386,0.162,0.44,0.448,0.412,0.113,0.382,0.428,0.653,0.551,-0.09,0.413,0.503,0.084,0.236,0.086,0.244,0.288,0.553,0.329,0.632,0.443,0.619,0.569,0.232,0.14,0.507,0.295,0.11,0.214,-0.269,0.492,0.303,0.219,0.409,0.556,0.386,0.316,0.357,0.486,0.513,0.254,0.588,-0.285,-0.19,0.099,0.603,0.24,0.105,0.407,-0.067,0.398,0.17,0.051,0.111,0.625,0.211,0.27,0.441,0.594,-0.08,-0.437,-0.002,0.327,0.678,0.455,0.294,0.352,0.067,0.64,0.063,0.466,0.247,0.513,0.255,0.256,0.421,-0.0,0.226,0.377,0.524,0.342,0.53,-0.155,0.528,0.299,0.498,0.416,0.238,-0.217,0.337,0.159,0.433,0.099,0.243,0.422,0.409,0.168,0.617,0.119,0.272,0.361,-0.058,-0.009,0.585,0.281,0.494,0.314,0.421,0.278,0.243,0.411,0.479,-0.085,0.647,0.264,0.404,-0.031,0.35,0.427,0.564,0.121,0.244,0.389,0.759
AVGO,0.098,0.236,0.056,-0.107,-0.046,-0.161,0.144,0.161,-0.092,0.38,-0.24,-0.248,-0.109,-0.015,-0.019,-0.064,0.615,0.445,0.0,0.442,-0.067,-0.037,0.243,0.237,0.016,0.162,-0.21,0.138,-0.054,0.368,-0.059,0.62,0.137,-0.272,0.074,0.226,0.284,0.166,0.636,0.514,0.364,-0.045,0.36,0.036,0.126,0.322,0.25,-0.003,0.25,-0.094,0.057,-0.025,0.099,0.325,0.345,0.772,0.09,0.018,-0.178,0.253,0.148,0.196,0.235,-0.298,0.109,0.229,-0.029,0.638,-0.153,0.192,0.227,0.524,0.049,0.014,0.147,0.491,0.381,0.229,-0.097,0.157,0.079,-0.062,0.018,0.852,0.31,-0.164,-0.021,0.232,0.442,0.066,-0.128,0.087,0.152,0.219,0.136,0.114,0.479,-0.056,0.328,0.116,0.383,0.001,0.265,0.478,0.364,0.101,0.258,0.039,0.12,-0.009,-0.04,0.188,0.507,0.67,0.386,0.052,0.048,0.584,0.011,0.337,0.379,0.267,-0.204,-0.116,0.494,0.09,0.465,0.201,0.099,0.109,0.24,0.388,0.598,-0.068,0.01,0.219,0.02,-0.1,-0.22,0.412,0.035,0.033,0.208,0.084,0.227,0.454,0.094,-0.083,-0.001,0.069,-0.014,0.663,-0.41,0.197,-0.017,0.11,-0.127,0.323,0.096,0.487,0.236,0.386,0.197,-0.18,-0.24,0.112,0.012,0.182,0.183,0.165,-0.132,0.158,-0.14,0.474,-0.142,0.11,0.124,0.13,-0.131,0.417,0.023,0.156,0.219,0.369,0.027,-0.246,-0.084,0.283,0.11,0.395,-0.141,0.456,0.157,0.024,0.25,0.339,0.115,0.035,0.006,0.476
AVT,0.315,0.58,0.531,0.589,0.403,-0.113,0.369,-0.255,-0.089,0.775,0.208,0.034,-0.174,0.273,0.211,0.549,0.525,0.258,0.442,0.0,0.516,0.13,0.193,0.742,-0.123,-0.114,-0.144,0.255,0.362,-0.128,0.281,0.475,0.39,0.241,0.294,0.605,0.472,0.584,0.076,0.833,0.339,0.462,0.81,0.272,0.633,0.469,0.289,0.505,-0.197,0.101,0.459,-0.446,0.198,-0.098,0.225,0.353,0.278,0.426,0.249,0.442,0.485,0.731,-0.122,0.151,-0.455,-0.098,-0.003,0.752,0.374,0.111,0.501,0.779,0.511,0.074,0.619,0.63,0.398,0.448,0.018,0.298,0.676,0.128,0.287,0.492,0.503,0.289,0.249,0.575,0.142,0.375,-0.231,0.091,0.522,0.401,0.233,0.064,0.861,0.059,0.697,0.05,0.129,0.168,0.695,0.691,-0.024,0.151,0.57,0.312,0.61,0.07,0.142,0.701,0.264,0.836,0.583,0.402,0.621,0.497,-0.053,0.205,-0.136,0.599,0.264,0.168,0.77,0.134,0.026,0.397,0.378,0.255,0.328,0.342,0.015,0.329,0.098,0.002,0.154,0.102,0.014,0.101,0.455,0.379,0.584,0.523,0.508,0.159,0.236,0.389,0.424,0.54,0.473,0.608,0.126,-0.107,0.435,0.403,0.416,0.647,-0.243,0.526,0.547,0.781,0.338,0.152,0.531,0.317,0.543,0.498,-0.317,0.515,0.22,0.335,0.251,0.565,0.019,0.377,0.755,-0.383,0.298,0.58,0.274,0.532,0.197,0.618,0.461,0.063,0.088,0.501,0.154,0.427,0.372,0.688,-0.506,0.502,0.183,0.697,0.513,0.34,0.387,0.349
AXDX,0.75,0.919,0.931,0.467,0.846,0.511,0.856,0.029,0.551,0.623,0.841,0.62,0.151,0.768,0.377,0.664,-0.189,0.26,-0.067,0.516,0.0,0.781,0.664,0.831,0.339,-0.76,0.538,0.69,0.921,-0.116,0.882,0.402,-0.158,0.82,0.405,0.878,0.697,0.797,-0.38,0.303,-0.231,0.923,0.609,0.844,0.919,-0.25,-0.447,0.899,-0.265,0.773,-0.057,-0.071,0.741,-0.289,-0.483,-0.213,0.705,0.767,-0.13,0.834,0.833,0.566,-0.242,0.804,-0.921,0.299,-0.626,0.459,0.918,-0.47,0.853,0.225,0.686,0.439,0.857,-0.023,-0.061,0.802,0.669,0.536,0.8,0.595,0.668,0.047,0.761,0.1,0.802,0.764,-0.544,0.825,0.333,0.623,0.796,0.716,0.559,0.284,0.625,0.667,0.741,0.382,-0.508,0.78,0.256,0.445,-0.646,-0.495,0.732,0.41,0.531,0.191,0.252,0.896,-0.502,0.375,0.691,0.597,0.849,0.191,-0.72,-0.603,-0.814,0.749,0.875,0.755,0.58,-0.383,-0.478,0.187,0.712,0.432,0.709,-0.312,-0.327,0.899,0.674,-0.712,-0.563,0.677,0.715,0.101,0.831,0.821,0.822,0.687,0.741,-0.555,0.798,0.904,0.904,0.654,0.925,-0.018,0.801,-0.461,0.895,0.858,0.801,0.788,-0.832,0.151,0.786,0.749,0.778,0.822,0.545,0.796,0.845,0.766,-0.4,0.695,0.754,0.727,0.764,0.453,0.654,0.862,0.849,-0.384,0.193,0.527,0.772,0.866,0.372,0.654,0.85,0.762,0.685,0.803,0.297,0.557,0.952,0.313,-0.767,0.867,0.593,0.727,0.741,0.884,0.935,0.336
AXSM,0.873,0.801,0.715,-0.101,0.803,0.875,0.923,0.399,0.903,0.433,0.889,0.85,0.456,0.926,0.214,0.225,-0.556,0.408,-0.037,0.13,0.781,0.0,0.878,0.648,0.665,-0.888,0.795,0.888,0.887,0.134,0.921,0.552,-0.676,0.715,0.505,0.745,0.804,0.768,-0.201,-0.163,-0.657,0.844,0.243,0.968,0.731,-0.495,-0.713,0.824,-0.028,0.974,-0.58,0.391,0.914,-0.067,-0.791,-0.184,0.775,0.794,-0.553,0.872,0.868,0.063,0.136,0.87,-0.772,0.729,-0.926,0.24,0.777,-0.34,0.753,-0.225,0.671,0.623,0.779,-0.286,0.062,0.868,0.887,0.436,0.63,0.764,0.76,0.113,0.832,-0.264,0.918,0.734,-0.772,0.892,0.754,0.879,0.818,0.863,0.774,0.367,0.468,0.886,0.587,0.722,-0.758,0.948,-0.239,0.094,-0.67,-0.773,0.724,0.297,0.048,0.391,0.068,0.718,-0.555,0.113,0.557,0.315,0.539,0.164,-0.817,-0.868,-0.759,0.493,0.883,0.91,0.196,-0.759,-0.397,-0.023,0.626,0.571,0.846,-0.523,-0.169,0.889,0.87,-0.923,-0.762,0.856,0.93,0.347,0.842,0.908,0.708,0.662,0.634,-0.767,0.946,0.865,0.825,0.322,0.864,-0.103,0.775,-0.361,0.774,0.842,0.686,0.684,-0.907,0.068,0.785,0.496,0.885,0.956,0.08,0.919,0.759,0.799,0.036,0.757,0.873,0.89,0.86,0.535,0.909,0.88,0.517,0.044,-0.3,0.274,0.932,0.811,0.66,0.527,0.73,0.901,0.916,0.775,0.44,0.605,0.864,0.07,-0.404,0.755,0.872,0.489,0.729,0.917,0.872,0.281
AZN,0.723,0.809,0.65,-0.204,0.756,0.732,0.897,0.531,0.772,0.553,0.756,0.675,0.387,0.83,0.364,0.15,-0.299,0.619,0.243,0.193,0.664,0.878,0.0,0.608,0.705,-0.746,0.754,0.88,0.801,0.386,0.83,0.742,-0.6,0.526,0.335,0.672,0.791,0.682,0.095,-0.047,-0.418,0.74,0.374,0.871,0.726,-0.464,-0.657,0.678,0.237,0.881,-0.504,0.429,0.874,0.178,-0.555,0.181,0.821,0.652,-0.506,0.838,0.837,0.122,0.264,0.685,-0.662,0.792,-0.865,0.415,0.605,-0.309,0.772,-0.057,0.546,0.63,0.684,-0.119,0.036,0.871,0.803,0.554,0.491,0.774,0.784,0.428,0.877,-0.212,0.874,0.783,-0.486,0.819,0.618,0.79,0.729,0.872,0.769,0.523,0.525,0.84,0.68,0.687,-0.481,0.896,-0.111,0.21,-0.382,-0.747,0.726,0.356,0.146,0.472,0.157,0.684,-0.293,0.292,0.678,0.402,0.535,0.462,-0.823,-0.687,-0.554,0.578,0.76,0.76,0.34,-0.622,-0.046,0.041,0.437,0.455,0.876,-0.373,-0.047,0.79,0.848,-0.721,-0.785,0.659,0.822,0.522,0.751,0.81,0.669,0.559,0.746,-0.535,0.847,0.754,0.758,0.375,0.763,0.112,0.541,-0.114,0.702,0.849,0.643,0.774,-0.767,0.272,0.76,0.602,0.886,0.8,-0.067,0.878,0.639,0.784,0.157,0.676,0.773,0.846,0.7,0.595,0.777,0.757,0.482,0.12,-0.282,0.426,0.832,0.813,0.672,0.654,0.609,0.768,0.789,0.817,0.294,0.764,0.738,0.111,-0.276,0.726,0.884,0.601,0.617,0.793,0.792,0.52
BANR,0.707,0.866,0.838,0.387,0.787,0.401,0.778,0.078,0.472,0.772,0.7,0.54,0.175,0.741,0.288,0.571,0.032,0.334,0.237,0.742,0.831,0.648,0.608,0.0,0.294,-0.589,0.371,0.699,0.781,-0.067,0.744,0.638,-0.092,0.594,0.56,0.851,0.855,0.917,-0.073,0.519,-0.146,0.801,0.716,0.75,0.883,0.04,-0.183,0.874,-0.166,0.615,0.016,-0.102,0.651,-0.173,-0.288,0.136,0.647,0.835,-0.129,0.838,0.852,0.615,0.003,0.655,-0.801,0.318,-0.514,0.716,0.733,-0.177,0.767,0.418,0.832,0.376,0.927,0.275,0.363,0.81,0.512,0.505,0.91,0.535,0.64,0.352,0.818,0.191,0.705,0.825,-0.35,0.787,0.286,0.587,0.897,0.777,0.646,0.26,0.886,0.524,0.834,0.414,-0.371,0.641,0.326,0.548,-0.434,-0.326,0.804,0.325,0.463,0.253,0.111,0.886,-0.157,0.664,0.698,0.461,0.817,0.427,-0.459,-0.342,-0.596,0.69,0.727,0.666,0.601,-0.342,-0.212,0.209,0.592,0.619,0.739,-0.1,-0.094,0.759,0.551,-0.532,-0.267,0.599,0.552,0.204,0.8,0.832,0.838,0.757,0.744,-0.358,0.685,0.792,0.765,0.558,0.838,0.384,0.583,-0.318,0.764,0.746,0.707,0.847,-0.728,0.455,0.873,0.837,0.73,0.676,0.474,0.752,0.867,0.845,-0.212,0.846,0.648,0.795,0.746,0.738,0.562,0.761,0.853,-0.206,0.052,0.526,0.739,0.852,0.56,0.764,0.763,0.589,0.608,0.852,0.484,0.682,0.797,0.44,-0.644,0.835,0.615,0.769,0.858,0.758,0.786,0.382
BBIO,0.445,0.49,0.313,-0.442,0.555,0.669,0.63,0.668,0.623,0.423,0.602,0.466,0.662,0.571,0.475,0.029,-0.424,0.572,0.016,-0.123,0.339,0.665,0.705,0.294,0.0,-0.488,0.784,0.593,0.565,0.575,0.578,0.373,-0.578,0.514,0.025,0.305,0.491,0.346,0.126,-0.262,-0.388,0.487,0.092,0.586,0.457,-0.42,-0.63,0.322,0.479,0.708,-0.44,0.83,0.72,0.421,-0.455,0.114,0.789,0.352,-0.245,0.531,0.533,-0.045,0.49,0.545,-0.369,0.616,-0.678,0.148,0.406,-0.099,0.555,-0.252,0.214,0.679,0.301,-0.053,-0.002,0.494,0.684,0.539,0.142,0.668,0.643,0.148,0.548,-0.106,0.713,0.446,-0.418,0.521,0.462,0.58,0.374,0.611,0.504,0.573,0.192,0.786,0.407,0.584,-0.308,0.748,-0.192,0.056,-0.131,-0.612,0.334,-0.026,-0.008,0.619,0.312,0.267,-0.067,-0.035,0.42,0.424,0.286,0.308,-0.577,-0.588,-0.375,0.345,0.593,0.56,0.049,-0.369,0.113,0.048,0.092,0.488,0.558,-0.166,-0.001,0.614,0.735,-0.468,-0.646,0.481,0.727,0.317,0.515,0.518,0.249,0.161,0.586,-0.418,0.576,0.372,0.592,0.263,0.411,-0.019,0.289,0.069,0.391,0.608,0.595,0.435,-0.532,0.299,0.418,0.167,0.688,0.585,-0.195,0.571,0.239,0.487,0.279,0.33,0.731,0.617,0.425,0.41,0.596,0.398,0.176,0.158,-0.159,0.076,0.546,0.513,0.532,0.461,0.419,0.635,0.689,0.45,0.104,0.563,0.49,-0.036,0.167,0.411,0.596,0.25,0.285,0.407,0.563,0.457
BCYC,-0.812,-0.714,-0.64,0.051,-0.702,-0.764,-0.846,-0.36,-0.865,-0.331,-0.826,-0.873,-0.278,-0.879,-0.16,-0.164,0.568,-0.261,0.162,-0.114,-0.76,-0.888,-0.746,-0.589,-0.488,0.0,-0.774,-0.846,-0.801,-0.006,-0.904,-0.46,0.637,-0.636,-0.55,-0.656,-0.702,-0.703,0.205,0.217,0.612,-0.778,-0.267,-0.869,-0.67,0.591,0.719,-0.802,0.032,-0.893,0.555,-0.234,-0.822,0.065,0.712,0.269,-0.727,-0.747,0.497,-0.735,-0.784,-0.137,0.064,-0.844,0.695,-0.641,0.856,-0.173,-0.691,0.342,-0.675,0.258,-0.608,-0.395,-0.742,0.362,-0.002,-0.826,-0.886,-0.387,-0.615,-0.748,-0.733,-0.017,-0.752,0.209,-0.837,-0.69,0.728,-0.797,-0.698,-0.788,-0.784,-0.785,-0.754,-0.364,-0.386,-0.827,-0.511,-0.522,0.732,-0.834,0.225,0.034,0.651,0.745,-0.743,-0.357,-0.035,-0.23,-0.153,-0.617,0.62,0.01,-0.401,-0.295,-0.582,0.019,0.741,0.902,0.805,-0.46,-0.84,-0.827,-0.139,0.745,0.521,0.215,-0.589,-0.41,-0.757,0.647,0.294,-0.845,-0.844,0.894,0.676,-0.746,-0.865,-0.374,-0.764,-0.845,-0.749,-0.605,-0.557,0.781,-0.862,-0.875,-0.769,-0.17,-0.79,0.24,-0.857,0.296,-0.821,-0.702,-0.578,-0.625,0.83,0.035,-0.652,-0.491,-0.764,-0.907,-0.145,-0.841,-0.75,-0.749,-0.016,-0.69,-0.773,-0.801,-0.853,-0.453,-0.833,-0.841,-0.478,-0.064,0.233,-0.299,-0.862,-0.798,-0.61,-0.452,-0.586,-0.881,-0.78,-0.739,-0.4,-0.509,-0.843,0.049,0.522,-0.725,-0.789,-0.475,-0.651,-0.867,-0.812,-0.251
BHFAP,0.574,0.569,0.46,-0.355,0.668,0.729,0.747,0.725,0.805,0.351,0.767,0.738,0.35,0.763,0.492,-0.019,-0.604,0.484,-0.21,-0.144,0.538,0.795,0.754,0.371,0.784,-0.774,0.0,0.789,0.705,0.379,0.806,0.411,-0.698,0.515,0.195,0.397,0.572,0.45,0.015,-0.438,-0.534,0.597,0.177,0.736,0.557,-0.733,-0.883,0.526,0.392,0.866,-0.569,0.591,0.809,0.33,-0.601,-0.114,0.83,0.5,-0.361,0.584,0.66,0.02,0.144,0.768,-0.479,0.704,-0.789,0.047,0.48,-0.349,0.633,-0.383,0.332,0.564,0.47,-0.355,-0.121,0.676,0.928,0.599,0.292,0.818,0.76,0.034,0.656,-0.173,0.835,0.608,-0.545,0.62,0.617,0.694,0.55,0.73,0.683,0.73,0.192,0.923,0.395,0.5,-0.519,0.815,-0.264,-0.165,-0.389,-0.823,0.572,0.225,0.046,0.518,0.389,0.358,-0.382,-0.206,0.38,0.439,0.468,0.145,-0.724,-0.849,-0.609,0.424,0.774,0.671,0.03,-0.602,-0.132,-0.234,0.173,0.311,0.698,-0.555,-0.241,0.76,0.873,-0.713,-0.779,0.529,0.884,0.482,0.618,0.688,0.518,0.34,0.604,-0.723,0.698,0.669,0.715,0.109,0.568,-0.274,0.664,0.069,0.703,0.676,0.556,0.557,-0.669,0.086,0.458,0.35,0.717,0.775,-0.053,0.71,0.487,0.657,0.263,0.448,0.777,0.713,0.671,0.39,0.736,0.543,0.28,0.176,-0.213,0.243,0.717,0.707,0.589,0.474,0.424,0.871,0.751,0.608,0.107,0.615,0.702,-0.26,-0.189,0.637,0.707,0.399,0.352,0.598,0.705,0.443
BKR,0.807,0.779,0.653,-0.198,0.789,0.758,0.885,0.56,0.879,0.536,0.818,0.844,0.27,0.942,0.27,0.063,-0.418,0.493,0.138,0.255,0.69,0.888,0.88,0.699,0.593,-0.846,0.789,0.0,0.791,0.154,0.889,0.783,-0.679,0.462,0.573,0.682,0.881,0.809,0.107,-0.09,-0.561,0.726,0.384,0.91,0.733,-0.502,-0.654,0.803,0.16,0.885,-0.563,0.297,0.873,0.11,-0.599,0.076,0.77,0.808,-0.577,0.816,0.906,0.148,0.19,0.783,-0.675,0.817,-0.885,0.405,0.567,-0.265,0.703,-0.121,0.708,0.492,0.823,-0.192,0.192,0.948,0.857,0.521,0.657,0.823,0.822,0.375,0.924,-0.174,0.895,0.861,-0.56,0.862,0.736,0.854,0.884,0.942,0.934,0.558,0.593,0.851,0.623,0.659,-0.627,0.854,-0.225,0.087,-0.494,-0.766,0.876,0.333,0.055,0.433,0.097,0.687,-0.355,0.221,0.588,0.276,0.597,0.325,-0.733,-0.766,-0.648,0.499,0.815,0.823,0.222,-0.787,-0.16,-0.174,0.405,0.52,0.926,-0.539,-0.173,0.813,0.814,-0.809,-0.653,0.713,0.838,0.581,0.815,0.918,0.778,0.684,0.677,-0.702,0.845,0.864,0.728,0.158,0.815,0.049,0.707,-0.089,0.804,0.758,0.584,0.796,-0.831,0.192,0.803,0.664,0.861,0.865,0.021,0.931,0.802,0.913,0.266,0.815,0.772,0.931,0.879,0.697,0.847,0.778,0.492,0.239,-0.417,0.38,0.931,0.885,0.831,0.682,0.573,0.846,0.79,0.871,0.438,0.774,0.783,-0.024,-0.389,0.835,0.944,0.589,0.723,0.817,0.768,0.407
BLDP,0.756,0.914,0.911,0.237,0.908,0.686,0.921,0.221,0.697,0.616,0.922,0.7,0.307,0.855,0.449,0.57,-0.337,0.351,-0.054,0.362,0.921,0.887,0.801,0.781,0.565,-0.801,0.705,0.791,0.0,0.056,0.939,0.489,-0.371,0.823,0.367,0.846,0.778,0.799,-0.292,0.119,-0.377,0.948,0.523,0.919,0.912,-0.39,-0.581,0.88,-0.107,0.886,-0.225,0.2,0.852,-0.164,-0.628,-0.147,0.807,0.795,-0.252,0.88,0.893,0.369,-0.056,0.871,-0.89,0.486,-0.76,0.372,0.909,-0.424,0.862,0.047,0.707,0.662,0.827,-0.106,-0.029,0.846,0.794,0.621,0.738,0.73,0.775,0.068,0.83,0.007,0.936,0.783,-0.62,0.898,0.487,0.748,0.808,0.817,0.653,0.423,0.587,0.791,0.731,0.57,-0.585,0.897,0.097,0.369,-0.617,-0.643,0.722,0.383,0.449,0.407,0.229,0.846,-0.465,0.301,0.72,0.584,0.778,0.331,-0.815,-0.702,-0.813,0.68,0.946,0.846,0.477,-0.504,-0.35,0.162,0.616,0.514,0.783,-0.367,-0.255,0.927,0.793,-0.792,-0.687,0.752,0.861,0.179,0.86,0.885,0.771,0.695,0.783,-0.656,0.845,0.91,0.934,0.625,0.936,-0.025,0.789,-0.365,0.871,0.954,0.85,0.797,-0.89,0.242,0.846,0.673,0.89,0.902,0.39,0.878,0.824,0.838,-0.191,0.725,0.871,0.832,0.81,0.491,0.786,0.851,0.764,-0.227,0.049,0.435,0.863,0.892,0.504,0.711,0.868,0.889,0.813,0.807,0.284,0.672,0.961,0.188,-0.564,0.877,0.714,0.674,0.731,0.891,0.961,0.374
BLFS,0.022,0.118,-0.099,-0.436,0.059,0.067,0.168,0.6,0.051,0.237,-0.038,-0.092,0.162,-0.007,0.454,-0.277,0.159,0.789,0.368,-0.128,-0.116,0.134,0.386,-0.067,0.575,-0.006,0.379,0.154,0.056,0.0,0.077,0.309,-0.111,-0.027,-0.34,-0.118,0.112,-0.172,0.522,-0.125,0.192,-0.027,0.133,0.039,0.073,-0.143,-0.303,-0.23,0.8,0.216,-0.082,0.629,0.278,0.753,0.181,0.438,0.459,-0.24,0.094,0.179,0.01,-0.04,0.278,-0.033,0.204,0.278,-0.108,0.24,-0.094,-0.047,0.353,0.029,-0.329,0.379,-0.196,0.238,-0.04,0.074,0.285,0.369,-0.31,0.209,0.191,0.433,0.174,-0.145,0.148,0.096,0.272,-0.103,-0.077,0.001,-0.122,0.194,0.007,0.574,0.039,0.415,0.193,0.074,0.359,0.255,0.16,-0.007,0.463,-0.189,0.076,0.081,0.082,0.335,0.526,-0.058,0.422,0.09,0.198,0.396,-0.04,0.459,-0.104,-0.027,0.327,0.33,-0.059,-0.16,0.171,0.139,0.51,0.108,-0.208,-0.077,0.251,0.252,0.395,0.112,0.412,0.157,-0.356,-0.242,0.128,0.54,0.076,-0.058,0.006,-0.289,0.387,0.246,0.187,-0.125,0.211,0.055,-0.149,0.242,-0.289,0.412,0.049,0.248,0.093,0.167,0.159,0.437,-0.068,0.083,0.168,-0.056,-0.471,0.014,-0.244,0.073,0.218,-0.16,0.181,0.096,-0.183,0.273,-0.094,-0.061,-0.044,0.068,0.073,0.357,-0.041,0.126,0.054,0.147,0.023,0.03,0.203,0.146,-0.297,0.396,-0.053,0.157,0.331,-0.036,0.149,0.232,-0.27,-0.098,0.114,0.688
BLKB,0.801,0.875,0.82,0.076,0.877,0.735,0.945,0.345,0.821,0.529,0.912,0.814,0.294,0.918,0.4,0.39,-0.43,0.371,-0.059,0.281,0.882,0.921,0.83,0.744,0.578,-0.904,0.806,0.889,0.939,0.077,0.0,0.545,-0.535,0.722,0.482,0.797,0.813,0.811,-0.179,-0.014,-0.464,0.892,0.433,0.948,0.844,-0.511,-0.688,0.88,0.011,0.945,-0.402,0.266,0.907,-0.039,-0.648,-0.13,0.836,0.821,-0.367,0.862,0.886,0.327,-0.027,0.908,-0.812,0.629,-0.842,0.342,0.821,-0.39,0.837,-0.068,0.697,0.541,0.835,-0.206,0.024,0.915,0.891,0.609,0.721,0.834,0.847,0.109,0.853,-0.094,0.948,0.818,-0.629,0.897,0.618,0.795,0.849,0.857,0.781,0.5,0.553,0.87,0.662,0.572,-0.644,0.909,-0.045,0.235,-0.632,-0.755,0.818,0.351,0.29,0.418,0.255,0.762,-0.493,0.187,0.657,0.521,0.757,0.229,-0.817,-0.82,-0.832,0.616,0.935,0.867,0.36,-0.646,-0.404,-0.037,0.582,0.522,0.829,-0.519,-0.271,0.924,0.859,-0.854,-0.723,0.757,0.916,0.38,0.845,0.923,0.838,0.685,0.755,-0.749,0.9,0.933,0.899,0.398,0.898,-0.104,0.86,-0.263,0.924,0.877,0.77,0.811,-0.884,0.152,0.796,0.658,0.898,0.94,0.295,0.922,0.833,0.864,-0.04,0.759,0.847,0.875,0.874,0.53,0.838,0.874,0.654,-0.043,-0.097,0.449,0.919,0.914,0.628,0.677,0.77,0.94,0.838,0.85,0.338,0.704,0.947,0.039,-0.556,0.878,0.816,0.618,0.724,0.905,0.941,0.41
