,ABAT,ACLS,ACMR,ADMA,ADUS,ADVM,AEIS,AGNCM,AHCO,ALGT,ALLO,AMSF,ANAB,ANDE,APLS,APPF,ASML,ATRC,AVGO,AVT,AXDX,AXSM,AZN,BANR,BBIO,BCYC,BHFAP,BKR,BLDP,BLFS,BLKB,BLMN,BNTX,BPMC,CALM,CAMT,CASH,CATY,CCEP,CDLX,CDNS,CENN,CENX,CGC,CHDN,CLBK,COKE,COLB,COO,CORT,CRMT,CRNX,CRTO,CRVL,CSCO,CSQ,CSWI,CVBF,CWST,CYCC,CZR,DLTR,DORM,ENTA,EQIX,ERIC,EVRG,EWBC,EXAS,EXLS,EXPI,EYE,FBNC,FBRX,FCNCA,FELE,FIBK,FLEX,FRGT,FRHC,FRME,FWONA,FWONK,GDEN,GIII,GILD,GLNG,GNTX,GOOGL,GRPN,HCSG,HIMX,HOPE,HST,HTLD,HUT,HWC,ICUI,IESC,INTC,INTU,IOVA,IPAR,IPGP,ISRG,JBSS,KALU,KPRX,KRNT,LAUR,LBRDA,LBTYK,LECO,LILAK,LITE,MANH,MDXG,MFIC,MGEE,MIDD,MLAB,MMSI,MNKD,MOMO,MRVL,NICE,NMFC,NUWE,NVCR,NWBI,OFIX,OFLX,OMCL,OPK,ORKA,ORLY,OTTR,PDD,PNTG,POOL,POWL,PPBI,PPC,PRAA,PRPL,PZZA,QTRX,QURE,RDFN,RDHL,REAL,REG,REYN,RGLD,RIOT,RUN,RYTM,SAIA,SBAC,SBRA,SCVL,SHOO,SLAB,SLDB,SMCI,SMTC,SRCE,SSP,SSRM,STBA,STRO,SVC,SYBT,TCBI,TCOM,TENX,TH,TMUS,TNDM,TTD,TTMI,UAL,ULH,ULTA,VCYT,VIRT,VKTX,VOD,VRDN,VREX,VRNT,VSAT,WB,WBD,WDC,WEN,WSFS,XXII,Z,ZBRA
ABAT,0.0,0.761,0.739,0.486,0.691,0.797,0.788,-0.12,0.824,0.456,0.674,0.801,0.161,0.847,-0.05,0.462,-0.254,0.355,-0.056,0.556,0.844,0.909,0.624,0.822,0.09,-0.791,0.4,0.806,0.781,-0.09,0.85,0.58,-0.306,0.698,0.796,0.78,0.809,0.847,-0.035,0.29,-0.602,0.824,0.53,0.883,0.778,0.06,-0.311,0.861,-0.374,0.839,-0.211,-0.017,0.686,-0.432,-0.645,-0.301,0.566,0.842,-0.448,0.898,0.807,0.242,-0.509,0.813,-0.802,0.446,-0.72,0.62,0.789,-0.419,0.76,0.154,0.769,0.468,0.868,-0.205,0.477,0.825,0.694,0.154,0.812,0.487,0.548,0.24,0.827,-0.325,0.754,0.757,-0.751,0.826,0.666,0.505,0.879,0.838,0.726,-0.037,0.741,0.72,0.67,0.494,-0.757,0.837,0.168,0.291,-0.746,-0.447,0.847,0.771,0.257,0.35,-0.032,0.855,-0.58,0.544,0.568,0.295,0.353,0.264,-0.407,-0.719,-0.658,0.635,0.595,0.828,0.33,-0.701,-0.594,0.068,0.807,0.595,0.854,-0.182,-0.235,0.703,0.744,-0.857,-0.464,0.86,0.738,0.247,0.876,0.858,0.865,0.733,0.724,-0.606,0.888,0.844,0.769,0.349,0.867,0.145,0.665,-0.63,0.706,0.661,0.683,0.694,-0.849,0.222,0.834,0.809,0.603,0.882,0.452,0.775,0.805,0.813,-0.218,0.833,0.805,0.854,0.827,0.745,0.79,0.887,0.789,-0.225,-0.123,0.56,0.841,0.82,0.427,0.532,0.744,0.687,0.866,0.823,0.513,0.571,0.817,0.592,-0.779,0.759,0.746,0.7,0.825,0.896,0.771,-0.01
ACLS,0.761,0.0,0.921,0.484,0.856,0.647,0.956,-0.011,0.667,0.746,0.819,0.621,0.189,0.831,0.356,0.635,0.033,0.436,0.141,0.717,0.865,0.857,0.827,0.809,0.351,-0.757,0.52,0.802,0.933,0.043,0.875,0.665,-0.165,0.722,0.461,0.906,0.812,0.806,-0.046,0.504,-0.216,0.874,0.829,0.903,0.932,-0.118,-0.396,0.86,-0.202,0.837,-0.039,-0.056,0.855,-0.249,-0.526,-0.001,0.789,0.758,-0.238,0.863,0.917,0.628,-0.337,0.641,-0.812,0.451,-0.761,0.718,0.827,-0.477,0.932,0.482,0.647,0.558,0.839,-0.016,0.184,0.904,0.728,0.615,0.733,0.664,0.742,0.327,0.88,-0.069,0.889,0.876,-0.527,0.883,0.41,0.644,0.817,0.834,0.687,0.256,0.761,0.738,0.824,0.582,-0.483,0.864,0.458,0.641,-0.536,-0.586,0.775,0.695,0.688,0.349,0.184,0.864,-0.403,0.623,0.853,0.638,0.781,0.501,-0.713,-0.591,-0.726,0.896,0.827,0.855,0.759,-0.466,-0.366,0.248,0.678,0.561,0.814,-0.176,-0.209,0.856,0.769,-0.728,-0.624,0.791,0.791,0.223,0.794,0.867,0.846,0.732,0.841,-0.515,0.852,0.891,0.907,0.676,0.875,0.2,0.673,-0.386,0.893,0.934,0.793,0.931,-0.851,0.371,0.822,0.916,0.904,0.836,0.48,0.901,0.847,0.843,-0.278,0.736,0.788,0.834,0.76,0.638,0.797,0.868,0.784,-0.336,0.184,0.825,0.854,0.928,0.435,0.818,0.832,0.778,0.715,0.905,0.309,0.735,0.906,0.473,-0.745,0.907,0.758,0.925,0.739,0.887,0.951,0.351
ACMR,0.739,0.921,0.0,0.678,0.862,0.617,0.854,-0.232,0.63,0.589,0.816,0.611,0.104,0.78,0.282,0.785,-0.038,0.204,-0.075,0.661,0.919,0.825,0.655,0.837,0.131,-0.692,0.391,0.701,0.943,-0.172,0.864,0.483,-0.033,0.788,0.489,0.904,0.769,0.822,-0.247,0.513,-0.275,0.893,0.732,0.874,0.919,-0.032,-0.271,0.897,-0.432,0.784,0.086,-0.222,0.698,-0.505,-0.609,-0.216,0.622,0.811,-0.183,0.865,0.854,0.568,-0.503,0.727,-0.887,0.256,-0.633,0.634,0.912,-0.577,0.839,0.423,0.736,0.591,0.855,-0.135,0.178,0.806,0.617,0.518,0.803,0.53,0.612,0.086,0.768,-0.01,0.838,0.76,-0.625,0.882,0.397,0.51,0.808,0.735,0.591,0.07,0.711,0.61,0.733,0.492,-0.592,0.798,0.439,0.665,-0.679,-0.498,0.715,0.752,0.732,0.357,0.032,0.893,-0.56,0.609,0.769,0.56,0.698,0.412,-0.633,-0.563,-0.804,0.791,0.79,0.867,0.653,-0.444,-0.505,0.264,0.726,0.551,0.751,-0.184,-0.312,0.771,0.65,-0.77,-0.535,0.841,0.76,-0.032,0.794,0.848,0.821,0.772,0.783,-0.582,0.79,0.898,0.86,0.734,0.914,0.106,0.723,-0.549,0.816,0.878,0.817,0.821,-0.872,0.292,0.849,0.857,0.764,0.848,0.644,0.812,0.852,0.809,-0.416,0.741,0.77,0.778,0.773,0.535,0.782,0.838,0.849,-0.438,0.27,0.669,0.821,0.856,0.27,0.735,0.898,0.767,0.739,0.837,0.35,0.646,0.925,0.466,-0.843,0.902,0.615,0.813,0.783,0.877,0.916,0.1
ADMA,0.486,0.484,0.678,0.0,0.456,0.228,0.343,-0.779,0.217,0.229,0.392,0.247,0.122,0.334,-0.069,0.904,0.086,-0.243,-0.348,0.583,0.744,0.423,0.037,0.673,-0.403,-0.253,-0.219,0.148,0.549,-0.47,0.472,-0.047,0.464,0.767,0.434,0.634,0.371,0.607,-0.474,0.622,-0.11,0.683,0.408,0.451,0.606,0.448,0.274,0.627,-0.772,0.352,0.536,-0.514,0.099,-0.817,-0.35,-0.521,0.099,0.604,0.195,0.567,0.397,0.379,-0.697,0.638,-0.755,-0.377,-0.02,0.386,0.808,-0.39,0.412,0.459,0.658,0.349,0.615,-0.099,0.273,0.294,0.049,0.008,0.71,0.018,0.114,-0.292,0.322,0.098,0.341,0.272,-0.506,0.528,0.047,-0.103,0.51,0.26,0.113,-0.537,0.53,0.107,0.434,0.054,-0.453,0.379,0.554,0.613,-0.656,0.104,0.382,0.653,0.602,0.268,-0.181,0.728,-0.529,0.584,0.372,0.29,0.224,0.143,-0.049,-0.156,-0.529,0.403,0.315,0.5,0.367,-0.059,-0.629,0.446,0.715,0.365,0.302,0.149,-0.409,0.283,0.157,-0.469,0.011,0.557,0.291,-0.604,0.597,0.459,0.552,0.59,0.47,-0.273,0.397,0.503,0.489,0.694,0.646,0.03,0.406,-0.777,0.28,0.403,0.662,0.337,-0.55,0.163,0.616,0.525,0.159,0.499,0.84,0.274,0.528,0.4,-0.663,0.533,0.503,0.361,0.414,0.219,0.325,0.531,0.768,-0.675,0.5,0.235,0.364,0.399,-0.263,0.315,0.742,0.278,0.516,0.379,0.238,0.151,0.604,0.654,-0.736,0.454,0.044,0.397,0.652,0.56,0.508,-0.45
ADUS,0.691,0.856,0.862,0.456,0.0,0.702,0.849,0.021,0.678,0.645,0.909,0.744,0.195,0.861,0.452,0.591,-0.268,0.415,-0.116,0.576,0.817,0.824,0.742,0.768,0.406,-0.718,0.607,0.806,0.904,-0.009,0.865,0.541,-0.263,0.733,0.431,0.776,0.8,0.763,-0.178,0.35,-0.38,0.827,0.683,0.865,0.882,-0.104,-0.393,0.855,-0.165,0.829,-0.001,-0.01,0.772,-0.246,-0.62,-0.142,0.764,0.769,-0.109,0.776,0.876,0.509,-0.24,0.728,-0.774,0.372,-0.711,0.533,0.78,-0.445,0.804,0.264,0.666,0.653,0.802,-0.044,0.19,0.819,0.697,0.575,0.733,0.656,0.709,0.181,0.812,0.147,0.89,0.821,-0.617,0.844,0.509,0.624,0.785,0.799,0.691,0.32,0.668,0.771,0.777,0.498,-0.584,0.861,0.332,0.435,-0.576,-0.539,0.764,0.652,0.622,0.55,0.218,0.807,-0.41,0.485,0.707,0.611,0.694,0.417,-0.625,-0.634,-0.713,0.745,0.854,0.82,0.509,-0.51,-0.309,0.22,0.514,0.605,0.829,-0.208,-0.361,0.828,0.702,-0.712,-0.508,0.76,0.854,0.215,0.827,0.855,0.762,0.71,0.786,-0.665,0.74,0.877,0.863,0.62,0.832,0.129,0.764,-0.331,0.83,0.867,0.815,0.848,-0.831,0.379,0.766,0.818,0.803,0.833,0.53,0.855,0.819,0.85,-0.225,0.743,0.761,0.788,0.832,0.564,0.805,0.72,0.753,-0.312,0.128,0.642,0.825,0.86,0.483,0.74,0.794,0.851,0.708,0.811,0.28,0.748,0.885,0.348,-0.736,0.927,0.697,0.776,0.709,0.785,0.877,0.206
ADVM,0.797,0.647,0.617,0.228,0.702,0.0,0.771,0.116,0.901,0.383,0.743,0.879,0.256,0.885,0.081,0.273,-0.538,0.372,-0.17,0.338,0.713,0.885,0.672,0.644,0.274,-0.817,0.62,0.848,0.755,-0.003,0.844,0.594,-0.639,0.562,0.6,0.668,0.768,0.714,-0.019,-0.04,-0.781,0.757,0.388,0.858,0.654,-0.195,-0.527,0.756,-0.196,0.877,-0.421,0.174,0.683,-0.25,-0.809,-0.269,0.602,0.736,-0.451,0.741,0.776,0.033,-0.377,0.745,-0.68,0.619,-0.826,0.329,0.639,-0.297,0.661,-0.177,0.671,0.589,0.747,-0.349,0.349,0.807,0.789,0.261,0.666,0.664,0.655,0.182,0.782,-0.359,0.828,0.715,-0.789,0.797,0.791,0.613,0.786,0.826,0.779,0.235,0.568,0.771,0.547,0.733,-0.801,0.84,-0.054,0.071,-0.676,-0.654,0.791,0.724,0.156,0.512,0.013,0.686,-0.521,0.313,0.483,0.24,0.376,0.264,-0.524,-0.815,-0.638,0.449,0.673,0.836,0.127,-0.835,-0.454,-0.157,0.563,0.486,0.794,-0.391,-0.301,0.672,0.777,-0.866,-0.558,0.791,0.868,0.374,0.779,0.821,0.752,0.693,0.633,-0.8,0.81,0.836,0.724,0.207,0.758,0.026,0.727,-0.368,0.74,0.667,0.587,0.654,-0.81,0.211,0.714,0.66,0.65,0.883,0.285,0.795,0.745,0.808,0.074,0.74,0.804,0.815,0.829,0.614,0.87,0.757,0.623,-0.012,-0.283,0.364,0.866,0.774,0.568,0.511,0.624,0.816,0.799,0.686,0.347,0.624,0.747,0.275,-0.602,0.768,0.805,0.543,0.653,0.791,0.708,0.01
AEIS,0.788,0.956,0.854,0.343,0.849,0.771,0.0,0.103,0.803,0.675,0.832,0.734,0.238,0.905,0.327,0.514,-0.142,0.477,0.087,0.603,0.845,0.924,0.875,0.776,0.414,-0.857,0.659,0.888,0.923,0.092,0.931,0.705,-0.398,0.676,0.503,0.879,0.844,0.802,0.032,0.314,-0.379,0.871,0.723,0.95,0.885,-0.243,-0.537,0.861,-0.117,0.921,-0.26,0.074,0.914,-0.168,-0.638,-0.009,0.839,0.764,-0.357,0.866,0.922,0.5,-0.319,0.689,-0.767,0.618,-0.874,0.627,0.777,-0.434,0.925,0.297,0.647,0.544,0.84,-0.138,0.214,0.95,0.857,0.609,0.717,0.777,0.819,0.343,0.906,-0.197,0.941,0.899,-0.595,0.905,0.566,0.708,0.84,0.882,0.784,0.341,0.725,0.839,0.773,0.644,-0.572,0.908,0.304,0.47,-0.555,-0.743,0.827,0.708,0.549,0.428,0.2,0.813,-0.439,0.523,0.802,0.582,0.751,0.444,-0.745,-0.729,-0.739,0.837,0.844,0.899,0.638,-0.615,-0.403,0.098,0.655,0.547,0.857,-0.3,-0.208,0.863,0.857,-0.814,-0.7,0.811,0.899,0.367,0.788,0.899,0.883,0.745,0.835,-0.649,0.906,0.918,0.911,0.53,0.857,0.131,0.735,-0.324,0.935,0.922,0.745,0.936,-0.862,0.334,0.79,0.888,0.925,0.891,0.384,0.942,0.835,0.878,-0.14,0.754,0.822,0.877,0.815,0.652,0.88,0.888,0.727,-0.181,0.043,0.798,0.914,0.951,0.533,0.79,0.788,0.861,0.768,0.907,0.321,0.778,0.909,0.373,-0.716,0.915,0.858,0.867,0.72,0.911,0.951,0.357
AGNCM,-0.12,-0.011,-0.232,-0.779,0.021,0.116,0.103,0.0,0.128,0.21,0.075,0.089,0.05,0.084,0.436,-0.621,-0.159,0.557,0.32,-0.313,-0.304,0.0,0.369,-0.26,0.766,-0.113,0.644,0.272,-0.067,0.627,-0.023,0.355,-0.53,-0.338,-0.284,-0.276,0.023,-0.252,0.497,-0.456,0.013,-0.263,0.064,-0.035,-0.112,-0.567,-0.591,-0.23,0.815,0.084,-0.48,0.649,0.332,0.786,0.153,0.484,0.405,-0.256,-0.196,-0.157,0.057,-0.044,0.518,-0.261,0.349,0.568,-0.34,-0.022,-0.415,0.083,0.079,-0.293,-0.38,0.048,-0.242,0.123,-0.214,0.123,0.371,0.424,-0.396,0.339,0.271,0.413,0.127,0.008,0.142,0.167,0.27,-0.143,0.121,0.407,-0.119,0.202,0.233,0.856,-0.205,0.358,-0.021,0.145,0.265,0.117,-0.318,-0.374,0.424,-0.371,-0.015,-0.312,-0.219,-0.029,0.476,-0.342,0.377,-0.352,0.001,0.167,0.16,0.126,-0.276,-0.176,0.183,0.098,0.137,-0.124,-0.064,-0.114,0.585,-0.372,-0.503,-0.125,0.145,-0.212,0.249,0.211,0.313,0.151,-0.342,-0.245,0.136,0.735,-0.156,-0.041,-0.159,-0.332,0.003,0.006,-0.017,-0.068,0.018,-0.356,-0.254,0.066,-0.067,0.66,0.175,0.055,-0.215,0.103,0.12,0.14,-0.238,-0.072,0.27,-0.074,-0.582,0.133,-0.153,0.051,0.578,-0.211,-0.036,0.081,-0.027,0.152,0.046,-0.183,-0.364,0.488,-0.329,0.139,0.021,0.093,0.497,0.138,-0.36,0.173,-0.113,0.078,-0.185,0.284,-0.14,-0.441,0.395,0.03,0.304,0.117,-0.346,-0.191,-0.03,0.707
AHCO,0.824,0.667,0.63,0.217,0.678,0.901,0.803,0.128,0.0,0.307,0.702,0.897,0.159,0.902,0.051,0.27,-0.491,0.278,-0.147,0.295,0.73,0.902,0.671,0.694,0.22,-0.863,0.638,0.911,0.733,-0.048,0.888,0.633,-0.686,0.513,0.703,0.669,0.788,0.772,0.129,-0.05,-0.758,0.72,0.37,0.885,0.669,-0.294,-0.575,0.792,-0.159,0.891,-0.542,0.172,0.751,-0.275,-0.772,-0.232,0.604,0.796,-0.603,0.767,0.788,0.057,-0.453,0.803,-0.682,0.702,-0.857,0.407,0.627,-0.411,0.648,-0.141,0.715,0.428,0.793,-0.498,0.376,0.861,0.848,0.317,0.703,0.721,0.69,0.199,0.806,-0.404,0.837,0.746,-0.718,0.824,0.859,0.623,0.838,0.841,0.875,0.234,0.575,0.796,0.507,0.605,-0.803,0.811,-0.169,0.07,-0.691,-0.759,0.847,0.699,0.118,0.481,-0.035,0.665,-0.586,0.294,0.484,0.209,0.383,0.221,-0.529,-0.872,-0.692,0.472,0.64,0.867,0.116,-0.899,-0.52,-0.251,0.586,0.488,0.837,-0.486,-0.32,0.643,0.779,-0.919,-0.585,0.822,0.868,0.426,0.765,0.865,0.841,0.723,0.652,-0.833,0.839,0.853,0.68,0.08,0.776,-0.059,0.75,-0.352,0.77,0.616,0.566,0.693,-0.833,0.133,0.734,0.715,0.661,0.897,0.269,0.829,0.765,0.847,0.158,0.78,0.763,0.871,0.878,0.646,0.928,0.784,0.582,0.136,-0.319,0.457,0.906,0.814,0.612,0.567,0.616,0.837,0.82,0.804,0.415,0.678,0.778,0.189,-0.645,0.793,0.863,0.562,0.711,0.828,0.72,0.029
ALGT,0.456,0.746,0.589,0.229,0.645,0.383,0.675,0.21,0.307,0.0,0.547,0.304,0.296,0.578,0.487,0.432,0.243,0.566,0.317,0.769,0.527,0.502,0.625,0.628,0.549,-0.382,0.398,0.572,0.638,0.218,0.527,0.641,0.026,0.452,0.209,0.607,0.632,0.587,0.201,0.599,0.067,0.604,0.898,0.555,0.759,0.124,-0.2,0.544,0.077,0.499,0.207,0.095,0.607,0.08,-0.092,0.326,0.739,0.48,0.092,0.566,0.747,0.668,0.023,0.332,-0.544,0.303,-0.472,0.722,0.463,-0.02,0.731,0.614,0.429,0.526,0.592,0.481,0.3,0.636,0.458,0.594,0.498,0.523,0.639,0.534,0.732,0.125,0.671,0.764,-0.157,0.607,0.059,0.441,0.598,0.713,0.502,0.385,0.731,0.531,0.826,0.456,-0.082,0.582,0.642,0.618,-0.11,-0.283,0.59,0.43,0.618,0.395,0.311,0.608,0.137,0.618,0.738,0.624,0.669,0.661,-0.435,-0.202,-0.351,0.761,0.6,0.505,0.697,-0.115,0.108,0.346,0.28,0.577,0.58,0.243,-0.079,0.666,0.548,-0.291,-0.31,0.405,0.491,0.237,0.581,0.621,0.535,0.485,0.714,-0.134,0.477,0.529,0.701,0.631,0.572,0.525,0.256,-0.055,0.586,0.697,0.66,0.784,-0.55,0.608,0.61,0.748,0.708,0.486,0.317,0.618,0.586,0.657,-0.096,0.54,0.61,0.654,0.462,0.69,0.455,0.47,0.626,-0.253,0.192,0.619,0.538,0.744,0.486,0.821,0.506,0.466,0.434,0.656,0.138,0.667,0.578,0.485,-0.371,0.653,0.513,0.84,0.511,0.481,0.636,0.49
ALLO,0.674,0.819,0.816,0.392,0.909,0.743,0.832,0.075,0.702,0.547,0.0,0.789,0.202,0.864,0.43,0.499,-0.432,0.309,-0.209,0.456,0.777,0.814,0.715,0.656,0.393,-0.807,0.689,0.787,0.894,-0.083,0.857,0.448,-0.362,0.723,0.426,0.736,0.715,0.684,-0.315,0.182,-0.469,0.795,0.572,0.848,0.797,-0.301,-0.507,0.821,-0.183,0.835,-0.115,-0.041,0.774,-0.224,-0.694,-0.262,0.716,0.714,-0.18,0.682,0.841,0.489,-0.24,0.673,-0.729,0.395,-0.751,0.363,0.761,-0.512,0.759,0.084,0.573,0.532,0.736,-0.182,0.04,0.797,0.751,0.544,0.644,0.688,0.707,0.016,0.745,0.171,0.862,0.781,-0.728,0.797,0.566,0.709,0.728,0.741,0.686,0.365,0.532,0.765,0.646,0.518,-0.656,0.86,0.192,0.277,-0.627,-0.577,0.67,0.557,0.523,0.377,0.263,0.717,-0.531,0.292,0.62,0.573,0.763,0.225,-0.672,-0.739,-0.805,0.667,0.96,0.847,0.446,-0.561,-0.375,0.03,0.474,0.499,0.746,-0.434,-0.463,0.89,0.715,-0.752,-0.543,0.764,0.873,0.184,0.752,0.819,0.704,0.628,0.682,-0.757,0.735,0.913,0.854,0.502,0.788,-0.089,0.879,-0.318,0.897,0.83,0.74,0.769,-0.835,0.183,0.675,0.711,0.812,0.859,0.532,0.866,0.821,0.787,-0.225,0.649,0.76,0.729,0.842,0.435,0.833,0.743,0.65,-0.309,0.083,0.563,0.83,0.817,0.5,0.635,0.719,0.904,0.658,0.732,0.287,0.588,0.887,0.181,-0.751,0.907,0.692,0.713,0.628,0.782,0.874,0.198
AMSF,0.801,0.621,0.611,0.247,0.744,0.879,0.734,0.089,0.897,0.304,0.789,0.0,0.167,0.904,0.053,0.257,-0.63,0.236,-0.275,0.324,0.7,0.839,0.606,0.654,0.193,-0.868,0.625,0.857,0.717,-0.157,0.839,0.52,-0.652,0.545,0.679,0.619,0.766,0.737,-0.096,-0.043,-0.815,0.7,0.335,0.837,0.632,-0.246,-0.495,0.803,-0.215,0.835,-0.417,0.044,0.677,-0.282,-0.8,-0.336,0.57,0.794,-0.454,0.695,0.762,0.126,-0.333,0.749,-0.666,0.577,-0.802,0.307,0.619,-0.349,0.578,-0.205,0.689,0.418,0.767,-0.364,0.335,0.801,0.772,0.243,0.705,0.663,0.647,0.072,0.746,-0.184,0.787,0.718,-0.819,0.776,0.83,0.644,0.813,0.787,0.826,0.206,0.531,0.756,0.505,0.522,-0.864,0.775,-0.146,0.006,-0.724,-0.6,0.806,0.612,0.102,0.424,0.004,0.648,-0.585,0.228,0.394,0.194,0.431,0.099,-0.473,-0.846,-0.73,0.409,0.716,0.84,0.053,-0.866,-0.509,-0.21,0.52,0.578,0.786,-0.532,-0.422,0.687,0.716,-0.866,-0.443,0.812,0.855,0.363,0.772,0.848,0.758,0.685,0.561,-0.871,0.762,0.856,0.668,0.113,0.744,-0.066,0.845,-0.362,0.764,0.576,0.559,0.629,-0.814,0.117,0.674,0.637,0.618,0.876,0.349,0.81,0.8,0.804,0.041,0.76,0.718,0.801,0.914,0.563,0.891,0.731,0.575,0.047,-0.297,0.357,0.862,0.754,0.616,0.476,0.571,0.851,0.737,0.716,0.471,0.562,0.771,0.155,-0.685,0.792,0.783,0.5,0.694,0.782,0.693,-0.028
ANAB,0.161,0.189,0.104,0.122,0.195,0.256,0.238,0.05,0.159,0.296,0.202,0.167,0.0,0.208,0.098,0.153,-0.012,0.315,-0.054,0.291,0.238,0.209,0.202,0.282,0.227,-0.161,0.152,0.157,0.179,0.179,0.196,0.18,-0.034,0.338,0.156,0.165,0.248,0.201,0.068,0.169,-0.058,0.322,0.186,0.178,0.208,0.18,-0.021,0.18,0.137,0.216,0.111,0.13,0.118,0.134,0.005,0.07,0.343,0.161,0.185,0.214,0.18,0.175,0.05,0.196,-0.168,0.058,-0.095,0.199,0.187,0.163,0.239,0.112,0.169,0.095,0.207,0.251,0.267,0.199,0.145,0.099,0.214,0.304,0.286,0.119,0.188,0.154,0.196,0.232,-0.099,0.175,0.068,-0.001,0.199,0.218,0.189,0.056,0.242,0.24,0.316,0.22,-0.013,0.251,0.302,0.136,-0.012,-0.06,0.184,0.199,0.11,0.215,0.288,0.22,0.123,0.248,0.182,0.258,0.233,0.127,0.151,-0.077,0.004,0.24,0.21,0.18,0.155,-0.029,-0.053,0.049,0.113,0.252,0.216,0.057,-0.006,0.212,0.272,-0.073,0.097,0.072,0.235,0.044,0.187,0.165,0.287,0.155,0.271,-0.097,0.205,0.189,0.273,0.198,0.135,0.251,0.117,-0.053,0.164,0.23,0.27,0.26,-0.105,0.399,0.15,0.234,0.142,0.187,0.15,0.147,0.168,0.208,-0.067,0.21,0.36,0.209,0.176,0.241,0.107,0.199,0.223,-0.054,0.156,0.184,0.156,0.208,0.103,0.179,0.265,0.137,0.288,0.132,0.165,0.242,0.191,0.31,-0.133,0.169,0.164,0.205,0.186,0.161,0.195,0.115
ANDE,0.847,0.831,0.78,0.334,0.861,0.885,0.905,0.084,0.902,0.578,0.864,0.904,0.208,0.0,0.185,0.438,-0.398,0.357,-0.071,0.555,0.817,0.923,0.766,0.806,0.297,-0.872,0.64,0.95,0.864,-0.084,0.93,0.701,-0.546,0.632,0.674,0.818,0.904,0.875,0.002,0.215,-0.651,0.841,0.589,0.951,0.828,-0.178,-0.469,0.913,-0.215,0.91,-0.328,0.025,0.815,-0.27,-0.756,-0.157,0.723,0.876,-0.432,0.831,0.945,0.349,-0.311,0.793,-0.789,0.63,-0.878,0.535,0.728,-0.35,0.773,0.109,0.781,0.548,0.903,-0.22,0.389,0.94,0.816,0.445,0.815,0.745,0.768,0.296,0.926,-0.165,0.923,0.9,-0.75,0.933,0.781,0.736,0.928,0.929,0.909,0.264,0.739,0.807,0.724,0.659,-0.782,0.888,0.09,0.283,-0.687,-0.664,0.905,0.715,0.347,0.533,0.028,0.808,-0.516,0.472,0.66,0.372,0.603,0.35,-0.607,-0.788,-0.759,0.619,0.819,0.937,0.348,-0.803,-0.429,-0.053,0.603,0.68,0.899,-0.379,-0.36,0.8,0.791,-0.889,-0.528,0.884,0.911,0.365,0.863,0.963,0.879,0.817,0.761,-0.794,0.847,0.946,0.824,0.351,0.874,0.091,0.808,-0.368,0.861,0.776,0.709,0.863,-0.92,0.295,0.843,0.855,0.82,0.938,0.443,0.95,0.91,0.945,-0.002,0.871,0.811,0.933,0.951,0.707,0.959,0.842,0.735,-0.063,-0.212,0.562,0.964,0.924,0.696,0.738,0.707,0.894,0.807,0.87,0.449,0.741,0.887,0.318,-0.741,0.931,0.902,0.75,0.813,0.888,0.847,0.103
APLS,-0.05,0.356,0.282,-0.069,0.452,0.081,0.327,0.436,0.051,0.487,0.43,0.053,0.098,0.185,0.0,0.151,0.021,0.48,-0.002,0.071,0.166,0.188,0.452,0.072,0.754,-0.167,0.615,0.241,0.389,0.48,0.278,0.115,-0.009,0.253,-0.368,0.075,0.131,-0.021,0.017,0.012,0.297,0.178,0.438,0.171,0.359,-0.36,-0.51,0.054,0.529,0.312,0.157,0.469,0.439,0.413,0.094,0.189,0.588,-0.046,0.322,0.092,0.262,0.428,0.203,0.088,-0.114,0.152,-0.195,0.133,0.171,-0.308,0.457,0.167,-0.129,0.409,0.017,0.15,-0.342,0.217,0.382,0.715,-0.082,0.481,0.485,0.073,0.224,0.375,0.411,0.358,0.145,0.132,-0.131,0.187,0.018,0.243,0.12,0.741,0.045,0.473,0.302,0.071,0.245,0.372,0.335,0.176,0.186,-0.322,0.06,0.034,0.595,0.313,0.731,0.102,0.178,-0.047,0.473,0.813,0.53,0.388,-0.453,-0.191,-0.186,0.513,0.478,0.096,0.407,0.217,0.349,0.155,-0.268,-0.042,0.243,0.011,-0.184,0.507,0.398,0.039,-0.469,-0.094,0.373,0.248,0.134,0.146,0.076,-0.067,0.437,-0.071,0.125,0.212,0.468,0.405,0.132,-0.028,0.168,0.359,0.412,0.503,0.427,0.399,-0.129,0.29,0.06,0.233,0.466,0.166,0.14,0.254,0.076,0.229,-0.01,-0.075,0.284,0.151,0.093,0.078,0.128,0.041,0.147,-0.215,0.401,0.472,0.165,0.334,0.154,0.456,0.178,0.408,0.144,0.246,-0.391,0.443,0.289,-0.114,-0.026,0.375,0.131,0.422,-0.109,0.031,0.385,0.65
APPF,0.462,0.635,0.785,0.904,0.591,0.273,0.514,-0.621,0.27,0.432,0.499,0.257,0.153,0.438,0.151,0.0,0.145,-0.126,-0.248,0.641,0.787,0.491,0.208,0.727,-0.192,-0.326,-0.035,0.262,0.689,-0.347,0.583,0.096,0.392,0.758,0.356,0.742,0.473,0.665,-0.352,0.677,-0.017,0.768,0.578,0.551,0.733,0.33,0.12,0.684,-0.624,0.448,0.496,-0.378,0.282,-0.676,-0.37,-0.336,0.311,0.629,0.225,0.632,0.537,0.558,-0.619,0.649,-0.788,-0.224,-0.161,0.461,0.842,-0.379,0.574,0.569,0.678,0.459,0.673,-0.022,0.26,0.42,0.203,0.285,0.742,0.219,0.325,-0.151,0.458,0.102,0.521,0.433,-0.441,0.651,0.05,0.023,0.573,0.386,0.214,-0.313,0.613,0.225,0.602,0.163,-0.398,0.466,0.669,0.739,-0.584,-0.09,0.47,0.681,0.796,0.403,-0.071,0.757,-0.442,0.636,0.577,0.476,0.456,0.32,-0.246,-0.199,-0.615,0.555,0.467,0.589,0.558,-0.054,-0.532,0.475,0.679,0.441,0.372,0.178,-0.363,0.412,0.287,-0.501,-0.147,0.589,0.442,-0.48,0.621,0.559,0.624,0.675,0.625,-0.318,0.468,0.586,0.634,0.828,0.718,0.105,0.453,-0.636,0.434,0.597,0.762,0.54,-0.618,0.311,0.684,0.65,0.376,0.563,0.834,0.42,0.609,0.52,-0.583,0.568,0.57,0.479,0.474,0.288,0.438,0.582,0.827,-0.619,0.549,0.407,0.463,0.558,-0.129,0.552,0.789,0.423,0.533,0.499,0.153,0.344,0.71,0.589,-0.732,0.589,0.165,0.555,0.673,0.621,0.663,-0.222
ASML,-0.254,0.033,-0.038,0.086,-0.268,-0.538,-0.142,-0.159,-0.491,0.243,-0.432,-0.63,-0.012,-0.398,0.021,0.145,0.0,0.108,0.634,0.359,-0.16,-0.327,-0.062,0.006,-0.104,0.484,-0.513,-0.327,-0.199,0.217,-0.329,0.127,0.641,-0.2,-0.233,0.009,-0.103,-0.1,0.361,0.609,0.779,-0.169,0.293,-0.276,-0.033,0.449,0.488,-0.242,0.083,-0.377,0.455,-0.135,-0.2,0.088,0.644,0.584,-0.137,-0.23,0.208,-0.04,-0.16,0.281,0.167,-0.38,0.148,-0.22,0.39,0.439,-0.133,0.212,-0.003,0.733,-0.139,-0.072,-0.145,0.55,0.087,-0.159,-0.444,0.074,-0.133,-0.289,-0.187,0.418,-0.11,0.044,-0.283,-0.09,0.659,-0.186,-0.612,-0.327,-0.186,-0.177,-0.313,-0.182,0.17,-0.404,0.099,-0.063,0.642,-0.288,0.512,0.625,0.481,0.366,-0.212,-0.098,0.273,-0.192,-0.062,-0.015,0.536,0.451,0.226,0.079,-0.023,0.426,0.216,0.672,0.413,0.158,-0.358,-0.32,0.512,0.566,0.346,0.49,-0.026,-0.046,-0.207,0.593,0.487,-0.28,-0.276,0.476,0.203,-0.306,-0.484,-0.143,-0.235,-0.264,-0.139,-0.122,0.014,0.729,-0.193,-0.338,-0.187,0.3,-0.171,0.576,-0.618,0.08,-0.297,-0.034,-0.076,0.02,0.322,0.359,-0.026,0.057,-0.071,-0.404,-0.113,-0.245,-0.24,-0.201,-0.122,-0.152,-0.239,-0.179,-0.441,0.073,-0.435,-0.15,-0.021,-0.1,0.316,0.242,-0.306,-0.151,-0.257,0.134,-0.035,-0.52,-0.246,-0.035,-0.103,0.035,-0.282,0.339,0.272,-0.239,-0.242,0.141,-0.079,-0.22,-0.17,0.27
ATRC,0.355,0.436,0.204,-0.243,0.415,0.372,0.477,0.557,0.278,0.566,0.309,0.236,0.315,0.357,0.48,-0.126,0.108,0.0,0.416,0.229,0.198,0.431,0.706,0.241,0.771,-0.28,0.553,0.491,0.348,0.788,0.334,0.58,-0.259,0.204,-0.009,0.21,0.43,0.172,0.395,0.052,0.019,0.271,0.433,0.362,0.367,-0.089,-0.394,0.153,0.557,0.469,-0.149,0.608,0.564,0.515,0.018,0.402,0.681,0.105,-0.06,0.402,0.391,0.163,0.287,0.149,-0.114,0.509,-0.436,0.468,0.144,-0.073,0.59,0.182,0.013,0.498,0.187,0.363,0.111,0.429,0.478,0.421,0.064,0.422,0.445,0.639,0.498,-0.074,0.434,0.493,0.043,0.235,0.151,0.34,0.239,0.523,0.344,0.585,0.34,0.648,0.492,0.381,0.114,0.549,0.286,0.1,0.176,-0.322,0.359,0.242,0.192,0.33,0.547,0.29,0.29,0.278,0.473,0.521,0.242,0.536,-0.321,-0.237,0.09,0.583,0.293,0.16,0.404,-0.111,0.324,0.169,0.038,0.19,0.568,0.146,0.273,0.477,0.625,-0.102,-0.48,0.053,0.394,0.667,0.35,0.284,0.272,0.051,0.513,0.027,0.444,0.241,0.485,0.242,0.205,0.411,0.016,0.174,0.365,0.535,0.31,0.493,-0.168,0.502,0.235,0.407,0.497,0.256,-0.224,0.383,0.145,0.374,0.113,0.199,0.405,0.388,0.179,0.521,0.193,0.265,0.226,-0.032,-0.043,0.621,0.299,0.435,0.364,0.385,0.244,0.293,0.383,0.419,-0.054,0.584,0.24,0.315,0.006,0.328,0.486,0.541,0.099,0.232,0.381,0.686
AVGO,-0.056,0.141,-0.075,-0.348,-0.116,-0.17,0.087,0.32,-0.147,0.317,-0.209,-0.275,-0.054,-0.071,-0.002,-0.248,0.634,0.416,0.0,0.256,-0.246,-0.107,0.306,-0.048,0.2,0.18,-0.132,0.07,-0.121,0.401,-0.179,0.534,0.008,-0.346,-0.093,0.069,0.144,-0.039,0.528,0.357,0.395,-0.177,0.244,-0.053,-0.051,0.109,0.141,-0.137,0.337,-0.154,-0.111,0.092,0.142,0.412,0.373,0.776,0.074,-0.141,-0.256,0.027,0.071,0.131,0.487,-0.411,0.256,0.326,-0.096,0.4,-0.26,0.265,0.1,0.432,-0.168,-0.038,-0.056,0.492,0.126,0.132,-0.114,0.142,-0.157,-0.057,0.003,0.781,0.165,-0.083,-0.078,0.138,0.485,-0.044,-0.122,0.266,-0.019,0.114,0.071,0.184,0.186,-0.093,0.194,0.275,0.423,-0.055,0.121,0.336,0.434,0.08,-0.001,-0.19,-0.036,-0.176,-0.025,-0.048,0.524,0.34,0.264,-0.03,0.073,0.434,-0.07,0.355,0.405,0.142,-0.139,-0.15,0.428,0.093,0.511,0.126,-0.089,0.095,0.086,0.26,0.625,-0.037,-0.023,0.282,-0.021,-0.136,-0.252,0.432,-0.148,-0.06,-0.047,-0.071,-0.001,0.483,0.005,-0.152,-0.09,-0.033,-0.155,0.58,-0.418,0.31,-0.075,0.079,-0.239,0.192,0.173,0.337,0.017,0.117,0.26,-0.241,-0.415,0.105,-0.073,0.013,0.267,-0.024,-0.227,0.043,-0.201,0.254,-0.141,0.004,-0.148,0.245,-0.257,0.333,-0.035,0.014,0.323,0.219,-0.137,-0.262,-0.218,0.119,0.088,0.207,-0.236,0.138,0.33,-0.084,0.244,0.214,-0.068,-0.071,-0.062,0.519
AVT,0.556,0.717,0.661,0.583,0.576,0.338,0.603,-0.313,0.295,0.769,0.456,0.324,0.291,0.555,0.071,0.641,0.359,0.229,0.256,0.0,0.643,0.49,0.418,0.779,0.014,-0.338,-0.025,0.463,0.593,-0.182,0.51,0.554,0.199,0.53,0.491,0.76,0.688,0.753,0.014,0.829,-0.018,0.681,0.784,0.57,0.733,0.457,0.206,0.691,-0.37,0.417,0.32,-0.334,0.408,-0.327,-0.177,0.146,0.43,0.666,0.009,0.655,0.701,0.608,-0.171,0.425,-0.653,0.101,-0.315,0.761,0.612,0.053,0.596,0.731,0.667,0.388,0.747,0.393,0.522,0.629,0.217,0.283,0.734,0.328,0.467,0.402,0.668,0.067,0.532,0.685,-0.287,0.678,0.109,0.288,0.701,0.618,0.471,-0.135,0.867,0.271,0.74,0.472,-0.274,0.49,0.642,0.801,-0.336,-0.058,0.615,0.556,0.554,0.313,-0.083,0.777,-0.033,0.831,0.673,0.352,0.521,0.529,-0.181,-0.076,-0.391,0.599,0.467,0.592,0.686,-0.187,-0.224,0.45,0.575,0.699,0.518,0.228,-0.086,0.474,0.341,-0.379,-0.011,0.584,0.36,-0.048,0.634,0.646,0.655,0.698,0.604,-0.151,0.5,0.573,0.578,0.647,0.665,0.581,0.296,-0.391,0.465,0.585,0.642,0.718,-0.576,0.554,0.736,0.773,0.567,0.503,0.561,0.581,0.688,0.647,-0.292,0.714,0.557,0.624,0.516,0.648,0.45,0.614,0.732,-0.343,0.174,0.51,0.57,0.653,0.335,0.694,0.649,0.331,0.482,0.62,0.399,0.519,0.576,0.7,-0.532,0.617,0.448,0.715,0.729,0.598,0.578,0.073
AXDX,0.844,0.865,0.919,0.744,0.817,0.713,0.845,-0.304,0.73,0.527,0.777,0.7,0.238,0.817,0.166,0.787,-0.16,0.198,-0.246,0.643,0.0,0.893,0.598,0.9,0.067,-0.754,0.381,0.718,0.915,-0.201,0.915,0.434,-0.088,0.886,0.625,0.891,0.778,0.878,-0.213,0.439,-0.421,0.96,0.658,0.901,0.92,0.053,-0.283,0.927,-0.489,0.851,0.054,-0.168,0.661,-0.573,-0.661,-0.375,0.621,0.866,-0.191,0.909,0.832,0.455,-0.653,0.882,-0.95,0.253,-0.631,0.61,0.957,-0.543,0.829,0.327,0.819,0.561,0.908,-0.241,0.314,0.805,0.652,0.365,0.878,0.559,0.629,0.033,0.791,-0.133,0.838,0.763,-0.736,0.901,0.477,0.388,0.864,0.765,0.632,-0.049,0.753,0.675,0.72,0.444,-0.7,0.847,0.41,0.537,-0.782,-0.492,0.799,0.864,0.611,0.459,0.041,0.94,-0.649,0.613,0.689,0.518,0.561,0.322,-0.508,-0.666,-0.812,0.753,0.726,0.894,0.512,-0.52,-0.662,0.234,0.825,0.551,0.781,-0.16,-0.43,0.738,0.704,-0.856,-0.5,0.865,0.805,-0.05,0.887,0.874,0.911,0.812,0.824,-0.657,0.849,0.908,0.873,0.667,0.947,0.064,0.746,-0.675,0.782,0.801,0.871,0.778,-0.905,0.281,0.872,0.875,0.655,0.916,0.697,0.773,0.841,0.824,-0.423,0.815,0.878,0.82,0.816,0.59,0.804,0.888,0.912,-0.443,0.249,0.609,0.833,0.87,0.223,0.667,0.912,0.766,0.867,0.827,0.371,0.626,0.951,0.584,-0.901,0.869,0.618,0.767,0.852,0.925,0.895,-0.05
AXSM,0.909,0.857,0.825,0.423,0.824,0.885,0.924,0.0,0.902,0.502,0.814,0.839,0.209,0.923,0.188,0.491,-0.327,0.431,-0.107,0.49,0.893,0.0,0.783,0.802,0.282,-0.876,0.618,0.896,0.907,0.025,0.96,0.618,-0.446,0.745,0.645,0.835,0.846,0.832,-0.045,0.182,-0.601,0.892,0.561,0.976,0.847,-0.167,-0.527,0.887,-0.248,0.975,-0.305,0.1,0.832,-0.337,-0.764,-0.263,0.72,0.83,-0.432,0.914,0.878,0.276,-0.491,0.844,-0.827,0.577,-0.845,0.558,0.834,-0.529,0.865,0.11,0.736,0.599,0.867,-0.314,0.308,0.906,0.853,0.396,0.777,0.697,0.723,0.21,0.875,-0.313,0.909,0.828,-0.754,0.901,0.708,0.606,0.874,0.878,0.779,0.198,0.7,0.865,0.689,0.615,-0.75,0.943,0.167,0.302,-0.723,-0.701,0.866,0.815,0.397,0.474,0.098,0.859,-0.602,0.474,0.68,0.453,0.521,0.344,-0.63,-0.833,-0.746,0.728,0.76,0.912,0.415,-0.735,-0.553,0.037,0.737,0.529,0.906,-0.316,-0.303,0.805,0.855,-0.923,-0.675,0.866,0.915,0.318,0.879,0.915,0.904,0.768,0.811,-0.746,0.956,0.934,0.881,0.429,0.905,0.038,0.771,-0.504,0.863,0.838,0.76,0.813,-0.899,0.231,0.83,0.843,0.769,0.958,0.416,0.882,0.833,0.88,-0.159,0.809,0.886,0.889,0.87,0.678,0.902,0.908,0.773,-0.206,-0.047,0.672,0.933,0.906,0.458,0.642,0.824,0.863,0.904,0.876,0.377,0.713,0.913,0.434,-0.781,0.884,0.83,0.757,0.774,0.939,0.898,0.127
AZN,0.624,0.827,0.655,0.037,0.742,0.672,0.875,0.369,0.671,0.625,0.715,0.606,0.202,0.766,0.452,0.208,-0.062,0.706,0.306,0.418,0.598,0.783,0.0,0.546,0.593,-0.711,0.701,0.846,0.755,0.384,0.756,0.785,-0.486,0.439,0.302,0.647,0.73,0.57,0.193,0.172,-0.247,0.64,0.617,0.794,0.702,-0.344,-0.593,0.615,0.203,0.809,-0.352,0.278,0.865,0.125,-0.43,0.243,0.806,0.529,-0.411,0.707,0.789,0.36,-0.023,0.456,-0.534,0.749,-0.846,0.584,0.518,-0.409,0.822,0.205,0.393,0.525,0.602,-0.036,0.056,0.857,0.774,0.6,0.433,0.74,0.758,0.554,0.824,-0.135,0.814,0.827,-0.344,0.713,0.52,0.712,0.635,0.805,0.722,0.55,0.551,0.81,0.686,0.653,-0.337,0.842,0.18,0.327,-0.289,-0.708,0.678,0.518,0.404,0.354,0.304,0.626,-0.214,0.414,0.765,0.56,0.633,0.542,-0.766,-0.614,-0.482,0.758,0.723,0.681,0.58,-0.532,-0.054,0.045,0.378,0.38,0.829,-0.288,-0.066,0.778,0.813,-0.592,-0.757,0.566,0.767,0.615,0.611,0.714,0.665,0.481,0.737,-0.441,0.775,0.74,0.754,0.401,0.65,0.214,0.519,-0.071,0.801,0.844,0.574,0.842,-0.656,0.348,0.613,0.746,0.887,0.699,0.078,0.854,0.625,0.736,0.038,0.554,0.653,0.733,0.627,0.586,0.714,0.702,0.491,-0.03,-0.107,0.794,0.768,0.802,0.596,0.69,0.557,0.72,0.609,0.806,0.191,0.771,0.682,0.233,-0.458,0.778,0.861,0.789,0.482,0.709,0.772,0.578
BANR,0.822,0.809,0.837,0.673,0.768,0.644,0.776,-0.26,0.694,0.628,0.656,0.654,0.282,0.806,0.072,0.727,0.006,0.241,-0.048,0.779,0.9,0.802,0.546,0.0,0.04,-0.623,0.252,0.733,0.806,-0.167,0.824,0.608,-0.054,0.73,0.728,0.862,0.887,0.957,0.045,0.586,-0.38,0.88,0.73,0.838,0.904,0.276,-0.083,0.906,-0.433,0.736,0.094,-0.167,0.576,-0.527,-0.511,-0.151,0.581,0.92,-0.198,0.909,0.854,0.456,-0.514,0.839,-0.893,0.281,-0.553,0.781,0.83,-0.303,0.748,0.462,0.921,0.547,0.955,-0.016,0.606,0.803,0.534,0.331,0.946,0.516,0.605,0.277,0.84,-0.111,0.776,0.795,-0.581,0.886,0.464,0.364,0.935,0.831,0.707,-0.086,0.919,0.569,0.793,0.484,-0.618,0.737,0.437,0.62,-0.654,-0.366,0.863,0.835,0.52,0.543,-0.103,0.925,-0.398,0.794,0.67,0.381,0.49,0.487,-0.303,-0.473,-0.644,0.677,0.588,0.828,0.479,-0.511,-0.494,0.258,0.752,0.772,0.809,0.022,-0.273,0.611,0.616,-0.747,-0.268,0.823,0.683,0.011,0.89,0.891,0.913,0.869,0.814,-0.516,0.762,0.818,0.766,0.581,0.896,0.361,0.574,-0.599,0.656,0.698,0.804,0.801,-0.848,0.495,0.935,0.927,0.604,0.818,0.628,0.738,0.851,0.882,-0.247,0.925,0.811,0.891,0.817,0.794,0.749,0.801,0.912,-0.276,0.089,0.561,0.804,0.862,0.388,0.757,0.838,0.635,0.836,0.86,0.515,0.725,0.841,0.669,-0.788,0.827,0.643,0.779,0.943,0.835,0.774,-0.056
BBIO,0.09,0.351,0.131,-0.403,0.406,0.274,0.414,0.766,0.22,0.549,0.393,0.193,0.227,0.297,0.754,-0.192,-0.104,0.771,0.2,0.014,0.067,0.282,0.593,0.04,0.0,-0.315,0.781,0.426,0.319,0.718,0.284,0.38,-0.335,0.119,-0.263,0.04,0.229,-0.012,0.293,-0.167,0.093,0.132,0.421,0.239,0.304,-0.452,-0.644,0.046,0.741,0.39,-0.174,0.675,0.594,0.668,0.038,0.359,0.745,-0.046,0.113,0.134,0.328,0.261,0.345,0.033,0.01,0.452,-0.432,0.205,0.016,-0.107,0.492,0.0,-0.182,0.369,0.026,0.24,-0.204,0.323,0.56,0.66,-0.125,0.546,0.522,0.367,0.354,0.151,0.457,0.423,0.088,0.133,0.045,0.417,0.083,0.403,0.278,0.889,0.084,0.657,0.346,0.222,0.202,0.443,0.161,-0.057,0.287,-0.449,0.187,-0.007,0.27,0.248,0.751,0.03,0.286,-0.081,0.342,0.642,0.458,0.337,-0.463,-0.314,-0.048,0.522,0.437,0.109,0.298,-0.019,0.403,-0.03,-0.251,0.026,0.372,-0.042,0.077,0.553,0.571,-0.017,-0.522,-0.059,0.424,0.612,0.166,0.193,0.113,-0.09,0.404,-0.086,0.252,0.205,0.458,0.138,0.068,0.102,0.133,0.463,0.456,0.471,0.261,0.426,-0.129,0.345,0.018,0.235,0.53,0.194,-0.241,0.341,0.071,0.288,0.227,-0.016,0.312,0.271,0.144,0.301,0.197,0.083,0.03,0.037,0.103,0.489,0.223,0.398,0.408,0.413,0.082,0.424,0.172,0.317,-0.271,0.516,0.23,-0.1,0.096,0.325,0.366,0.461,-0.122,0.066,0.36,0.801
BCYC,-0.791,-0.757,-0.692,-0.253,-0.718,-0.817,-0.857,-0.113,-0.863,-0.382,-0.807,-0.868,-0.161,-0.872,-0.167,-0.326,0.484,-0.28,0.18,-0.338,-0.754,-0.876,-0.711,-0.623,-0.315,0.0,-0.697,-0.84,-0.807,0.047,-0.891,-0.494,0.565,-0.626,-0.581,-0.697,-0.706,-0.689,0.123,0.001,0.61,-0.758,-0.463,-0.864,-0.708,0.394,0.63,-0.797,0.146,-0.889,0.438,-0.092,-0.82,0.203,0.75,0.283,-0.715,-0.718,0.436,-0.717,-0.781,-0.308,0.39,-0.694,0.671,-0.579,0.876,-0.372,-0.69,0.455,-0.75,0.058,-0.567,-0.371,-0.733,0.359,-0.138,-0.838,-0.881,-0.386,-0.634,-0.727,-0.728,-0.077,-0.756,0.227,-0.835,-0.742,0.768,-0.785,-0.702,-0.686,-0.764,-0.768,-0.749,-0.277,-0.504,-0.825,-0.565,-0.479,0.734,-0.839,-0.011,-0.111,0.645,0.725,-0.76,-0.605,-0.266,-0.272,-0.19,-0.651,0.625,-0.215,-0.501,-0.412,-0.606,-0.096,0.667,0.911,0.811,-0.616,-0.797,-0.85,-0.298,0.738,0.567,0.177,-0.61,-0.45,-0.76,0.521,0.353,-0.823,-0.84,0.868,0.647,-0.795,-0.884,-0.375,-0.721,-0.824,-0.792,-0.615,-0.644,0.78,-0.853,-0.885,-0.799,-0.243,-0.764,0.163,-0.86,0.357,-0.892,-0.706,-0.612,-0.706,0.817,-0.065,-0.635,-0.675,-0.752,-0.892,-0.345,-0.845,-0.776,-0.758,0.113,-0.662,-0.746,-0.775,-0.841,-0.516,-0.875,-0.839,-0.583,0.097,0.074,-0.571,-0.863,-0.824,-0.522,-0.521,-0.623,-0.884,-0.719,-0.775,-0.368,-0.557,-0.844,-0.175,0.722,-0.797,-0.787,-0.638,-0.623,-0.852,-0.833,-0.192
BHFAP,0.4,0.52,0.391,-0.219,0.607,0.62,0.659,0.644,0.638,0.398,0.689,0.625,0.152,0.64,0.615,-0.035,-0.513,0.553,-0.132,-0.025,0.381,0.618,0.701,0.252,0.781,-0.697,0.0,0.701,0.59,0.41,0.648,0.404,-0.652,0.34,0.087,0.294,0.443,0.277,0.094,-0.34,-0.369,0.412,0.353,0.579,0.472,-0.683,-0.877,0.388,0.429,0.722,-0.472,0.553,0.784,0.347,-0.46,-0.01,0.808,0.306,-0.214,0.386,0.555,0.218,0.002,0.403,-0.287,0.648,-0.742,0.133,0.304,-0.386,0.618,-0.246,0.13,0.41,0.324,-0.231,-0.157,0.597,0.881,0.659,0.174,0.765,0.703,0.131,0.549,-0.058,0.721,0.596,-0.374,0.442,0.483,0.633,0.39,0.605,0.582,0.811,0.171,0.866,0.364,0.352,-0.318,0.688,-0.078,-0.161,-0.207,-0.774,0.462,0.256,0.241,0.336,0.579,0.247,-0.237,-0.139,0.386,0.582,0.557,0.167,-0.68,-0.763,-0.492,0.539,0.713,0.506,0.185,-0.466,-0.037,-0.255,0.051,0.15,0.583,-0.478,-0.216,0.734,0.795,-0.503,-0.733,0.342,0.79,0.604,0.41,0.525,0.427,0.203,0.517,-0.607,0.543,0.577,0.651,0.078,0.386,-0.223,0.606,0.185,0.759,0.61,0.413,0.565,-0.493,0.118,0.26,0.409,0.68,0.594,0.007,0.629,0.408,0.539,0.195,0.266,0.557,0.533,0.538,0.335,0.617,0.404,0.224,0.074,-0.059,0.511,0.581,0.631,0.53,0.461,0.289,0.804,0.468,0.537,-0.05,0.575,0.57,-0.196,-0.275,0.613,0.623,0.516,0.157,0.436,0.622,0.56
BKR,0.806,0.802,0.701,0.148,0.806,0.848,0.888,0.272,0.911,0.572,0.787,0.857,0.157,0.95,0.241,0.262,-0.327,0.491,0.07,0.463,0.718,0.896,0.846,0.733,0.426,-0.84,0.701,0.0,0.798,0.087,0.887,0.809,-0.635,0.492,0.626,0.716,0.884,0.801,0.207,0.121,-0.597,0.731,0.587,0.913,0.78,-0.276,-0.553,0.812,-0.015,0.893,-0.452,0.18,0.857,-0.119,-0.65,0.002,0.752,0.799,-0.541,0.801,0.911,0.262,-0.227,0.711,-0.689,0.774,-0.916,0.592,0.601,-0.37,0.759,0.075,0.687,0.509,0.823,-0.218,0.34,0.951,0.85,0.492,0.695,0.794,0.801,0.439,0.928,-0.23,0.908,0.901,-0.599,0.868,0.777,0.742,0.873,0.94,0.937,0.409,0.693,0.852,0.676,0.666,-0.663,0.864,-0.01,0.227,-0.537,-0.748,0.887,0.646,0.263,0.496,0.081,0.723,-0.396,0.432,0.656,0.356,0.553,0.429,-0.641,-0.779,-0.652,0.634,0.743,0.862,0.334,-0.813,-0.287,-0.117,0.488,0.606,0.929,-0.384,-0.258,0.767,0.816,-0.821,-0.616,0.788,0.87,0.546,0.797,0.913,0.827,0.717,0.749,-0.718,0.838,0.876,0.756,0.236,0.803,0.136,0.698,-0.228,0.84,0.749,0.634,0.853,-0.847,0.289,0.783,0.833,0.83,0.872,0.234,0.933,0.824,0.918,0.154,0.802,0.768,0.927,0.886,0.754,0.92,0.775,0.617,0.092,-0.301,0.617,0.934,0.911,0.749,0.745,0.62,0.852,0.769,0.9,0.407,0.813,0.798,0.229,-0.607,0.887,0.953,0.746,0.721,0.816,0.78,0.266
BLDP,0.781,0.933,0.943,0.549,0.904,0.755,0.923,-0.067,0.733,0.638,0.894,0.717,0.179,0.864,0.389,0.689,-0.199,0.348,-0.121,0.593,0.915,0.907,0.755,0.806,0.319,-0.807,0.59,0.798,0.0,-0.03,0.941,0.53,-0.219,0.812,0.489,0.879,0.797,0.807,-0.189,0.354,-0.373,0.934,0.734,0.93,0.931,-0.162,-0.461,0.891,-0.276,0.902,-0.032,0.001,0.814,-0.356,-0.681,-0.224,0.763,0.798,-0.188,0.871,0.894,0.509,-0.469,0.775,-0.867,0.395,-0.745,0.568,0.904,-0.546,0.911,0.279,0.702,0.671,0.842,-0.166,0.183,0.861,0.78,0.564,0.77,0.694,0.751,0.113,0.841,-0.084,0.937,0.829,-0.676,0.903,0.49,0.586,0.822,0.82,0.665,0.252,0.706,0.781,0.763,0.562,-0.63,0.91,0.395,0.516,-0.663,-0.613,0.774,0.776,0.691,0.454,0.203,0.872,-0.53,0.52,0.789,0.651,0.723,0.442,-0.697,-0.708,-0.82,0.817,0.876,0.896,0.611,-0.522,-0.474,0.192,0.679,0.54,0.808,-0.236,-0.349,0.868,0.796,-0.819,-0.645,0.826,0.889,0.138,0.841,0.887,0.849,0.75,0.852,-0.677,0.86,0.94,0.948,0.675,0.919,0.063,0.788,-0.477,0.907,0.943,0.87,0.858,-0.897,0.327,0.833,0.864,0.835,0.92,0.583,0.871,0.859,0.859,-0.316,0.744,0.876,0.834,0.825,0.58,0.845,0.865,0.837,-0.392,0.219,0.712,0.878,0.922,0.37,0.757,0.879,0.885,0.804,0.85,0.259,0.707,0.963,0.417,-0.799,0.937,0.703,0.843,0.741,0.9,0.966,0.208
BLFS,-0.09,0.043,-0.172,-0.47,-0.009,-0.003,0.092,0.627,-0.048,0.218,-0.083,-0.157,0.179,-0.084,0.48,-0.347,0.217,0.788,0.401,-0.182,-0.201,0.025,0.384,-0.167,0.718,0.047,0.41,0.087,-0.03,0.0,-0.034,0.267,-0.139,-0.13,-0.386,-0.199,0.01,-0.258,0.505,-0.198,0.313,-0.134,0.129,-0.059,-0.028,-0.205,-0.334,-0.297,0.771,0.116,-0.11,0.783,0.254,0.681,0.314,0.472,0.426,-0.319,0.139,0.014,-0.06,-0.038,0.336,-0.167,0.279,0.295,-0.083,0.15,-0.199,0.008,0.258,-0.001,-0.358,0.307,-0.264,0.298,-0.131,0.002,0.241,0.377,-0.351,0.174,0.137,0.445,0.077,-0.064,0.066,0.038,0.416,-0.202,-0.162,0.022,-0.206,0.106,-0.06,0.606,-0.068,0.356,0.106,0.055,0.478,0.166,0.169,-0.077,0.511,-0.159,-0.04,-0.054,0.053,0.157,0.586,-0.158,0.485,-0.023,0.131,0.386,-0.026,0.385,-0.106,0.038,0.401,0.281,-0.082,-0.272,0.172,0.211,0.533,0.069,-0.286,-0.209,0.14,0.219,0.419,0.092,0.353,0.256,-0.34,-0.389,0.056,0.581,-0.054,-0.149,-0.104,-0.34,0.208,0.323,0.071,-0.184,0.124,-0.013,-0.235,0.23,-0.325,0.453,0.017,0.188,-0.036,0.094,0.255,0.364,-0.178,-0.01,0.151,-0.154,-0.515,-0.041,-0.294,-0.024,0.248,-0.241,0.046,-0.012,-0.252,0.155,-0.196,-0.147,-0.154,0.106,0.069,0.385,-0.128,0.037,0.058,0.078,-0.102,-0.025,0.033,0.049,-0.369,0.287,-0.142,0.023,0.383,-0.1,0.101,0.193,-0.334,-0.19,0.031,0.698
BLKB,0.85,0.875,0.864,0.472,0.865,0.844,0.931,-0.023,0.888,0.527,0.857,0.839,0.196,0.93,0.278,0.583,-0.329,0.334,-0.179,0.51,0.915,0.96,0.756,0.824,0.284,-0.891,0.648,0.887,0.941,-0.034,0.0,0.576,-0.417,0.752,0.627,0.841,0.843,0.858,-0.061,0.215,-0.536,0.915,0.623,0.965,0.887,-0.209,-0.53,0.91,-0.24,0.965,-0.235,0.09,0.838,-0.346,-0.74,-0.257,0.761,0.86,-0.329,0.892,0.887,0.387,-0.516,0.868,-0.851,0.528,-0.821,0.55,0.863,-0.516,0.869,0.135,0.764,0.584,0.882,-0.317,0.297,0.913,0.857,0.494,0.808,0.769,0.797,0.135,0.871,-0.221,0.952,0.851,-0.729,0.925,0.663,0.579,0.887,0.871,0.791,0.233,0.71,0.846,0.709,0.563,-0.739,0.925,0.219,0.366,-0.718,-0.712,0.873,0.808,0.501,0.53,0.153,0.845,-0.596,0.468,0.7,0.54,0.621,0.364,-0.646,-0.833,-0.833,0.73,0.817,0.935,0.438,-0.695,-0.562,0.029,0.7,0.558,0.861,-0.338,-0.392,0.82,0.856,-0.914,-0.657,0.861,0.949,0.273,0.87,0.938,0.925,0.79,0.848,-0.785,0.915,0.958,0.904,0.473,0.918,0.002,0.83,-0.464,0.905,0.848,0.829,0.852,-0.916,0.264,0.839,0.863,0.794,0.975,0.523,0.893,0.867,0.898,-0.167,0.816,0.888,0.9,0.895,0.641,0.923,0.887,0.804,-0.208,0.051,0.677,0.936,0.942,0.467,0.718,0.828,0.922,0.877,0.891,0.327,0.738,0.959,0.36,-0.808,0.926,0.796,0.774,0.789,0.927,0.932,0.141
