,ABAT,ACLS,ACMR,ADMA,ADUS,ADVM,AEIS,AGNCM,AHCO,ALGT,ALLO,AMSF,ANAB,ANDE,APLS,APPF,ASML,ATRC,AVGO,AVT,AXDX,AXSM,AZN,BANR,BBIO,BCYC,BHFAP,BKR,BLDP,BLFS,BLKB,BLMN,BNTX,BPMC,CALM,CAMT,CASH,CATY,CCEP,CDLX,CDNS,CENN,CENX,CGC,CHDN,CLBK,COKE,COLB,COO,CORT,CRMT,CRNX,CRTO,CRVL,CSCO,CSQ,CSWI,CVBF,CWST,CYCC,CZR,DLTR,DORM,ENTA,EQIX,ERIC,EVRG,EWBC,EXAS,EXLS,EXPI,EYE,FBNC,FBRX,FCNCA,FELE,FIBK,FLEX,FRGT,FRHC,FRME,FWONA,FWONK,GDEN,GIII,GILD,GLNG,GNTX,GOOGL,GRPN,HCSG,HIMX,HOPE,HST,HTLD,HUT,HWC,ICUI,IESC,INTC,INTU,IOVA,IPAR,IPGP,ISRG,JBSS,KALU,KPRX,KRNT,LAUR,LBRDA,LBTYK,LECO,LILAK,LITE,MANH,MDXG,MFIC,MGEE,MIDD,MLAB,MMSI,MNKD,MOMO,MRVL,NICE,NMFC,NUWE,NVCR,NWBI,OFIX,OFLX,OMCL,OPK,ORKA,ORLY,OTTR,PDD,PNTG,POOL,POWL,PPBI,PPC,PRAA,PRPL,PZZA,QTRX,QURE,RDFN,RDHL,REAL,REG,REYN,RGLD,RIOT,RUN,RYTM,SAIA,SBAC,SBRA,SCVL,SHOO,SLAB,SLDB,SMCI,SMTC,SRCE,SSP,SSRM,STBA,STRO,SVC,SYBT,TCBI,TCOM,TENX,TH,TMUS,TNDM,TTD,TTMI,UAL,ULH,ULTA,VCYT,VIRT,VKTX,VOD,VRDN,VREX,VRNT,VSAT,WB,WBD,WDC,WEN,WSFS,XXII,Z,ZBRA
ABAT,0.0,0.196,-0.166,0.144,0.316,0.233,0.361,0.412,0.1,0.241,-0.105,0.543,0.0,-0.159,0.169,-0.156,0.106,-0.166,0.313,0.368,-0.079,-0.087,0.107,0.226,0.047,0.019,0.096,0.091,0.052,0.161,0.167,0.381,-0.421,-0.064,-0.142,0.056,-0.113,0.116,0.166,0.095,0.055,-0.002,0.288,0.04,0.048,-0.307,0.399,0.177,-0.016,0.206,0.251,0.249,0.022,0.148,-0.19,-0.045,0.123,0.222,-0.09,0.117,0.098,-0.351,-0.081,0.058,0.097,0.045,-0.199,0.064,0.092,0.468,0.087,0.151,0.287,0.107,0.234,0.298,0.06,0.353,0.277,0.187,0.232,0.021,0.043,-0.072,0.135,0.057,0.051,0.092,0.148,0.156,0.173,0.015,0.08,0.209,0.234,0.073,0.199,-0.13,0.009,0.113,0.077,0.081,-0.031,0.02,-0.045,-0.055,0.453,0.213,-0.235,-0.091,0.245,0.233,0.372,-0.028,-0.123,0.08,0.082,0.197,0.073,0.168,0.134,0.108,0.126,0.02,-0.297,-0.065,0.14,-0.291,0.035,0.122,0.153,0.216,0.002,0.092,-0.049,-0.276,0.187,-0.068,0.015,0.267,0.172,0.206,0.301,0.344,-0.083,0.252,0.108,-0.026,-0.053,0.283,0.113,0.217,0.038,0.415,0.123,0.062,0.333,-0.016,0.163,0.114,-0.076,0.069,0.14,0.123,0.18,0.086,0.353,0.268,0.448,0.163,0.223,0.256,-0.004,0.098,-0.076,0.004,0.043,-0.102,-0.127,0.163,0.138,-0.008,0.089,-0.037,0.174,-0.001,0.229,0.113,-0.171,0.272,0.084,0.085,-0.461,0.057,0.076,0.023,0.349,0.053,-0.099,0.091
ACLS,0.196,0.0,0.628,-0.059,0.178,0.705,0.91,0.46,0.356,0.69,0.815,-0.314,0.657,0.206,0.0,-0.74,0.868,0.477,0.873,0.103,0.097,0.791,-0.394,0.138,0.684,0.813,0.649,0.855,0.728,0.899,0.748,0.648,-0.261,0.453,0.291,0.968,0.327,0.846,0.292,0.898,0.895,0.849,0.794,-0.253,0.894,-0.24,-0.316,-0.383,0.76,0.902,-0.574,0.736,0.113,0.723,0.789,0.826,0.515,-0.144,0.765,0.871,0.95,-0.806,-0.557,0.915,0.51,0.923,-0.201,0.265,0.938,0.486,0.676,0.875,-0.14,-0.348,0.878,0.797,-0.526,0.818,-0.046,0.492,-0.342,0.916,0.89,0.383,0.582,-0.383,0.877,-0.727,0.935,0.059,0.656,-0.477,-0.221,0.91,0.721,0.706,0.321,0.37,-0.311,0.777,0.851,0.906,0.331,0.831,0.472,-0.787,0.457,0.679,0.731,0.469,0.715,0.532,-0.13,0.747,0.788,0.9,0.451,0.656,-0.193,0.421,-0.074,0.828,0.956,0.878,0.703,0.926,0.527,-0.674,0.358,-0.547,0.707,-0.611,0.863,0.438,0.912,-0.599,0.601,0.87,0.759,0.491,-0.279,0.431,0.824,0.729,-0.439,0.326,0.66,0.56,0.6,0.738,-0.035,0.9,-0.875,-0.229,0.175,0.664,0.432,-0.327,0.245,0.423,0.14,-0.05,-0.141,0.854,0.367,0.802,0.387,0.138,0.485,-0.37,0.886,0.704,0.587,-0.171,0.836,0.665,0.91,-0.659,0.444,-0.065,-0.397,0.602,0.087,0.8,0.915,-0.464,0.835,0.228,0.159,0.827,0.901,-0.153,0.503,-0.18,0.116,-0.818,0.019,-0.104,0.508,0.881
ACMR,-0.166,0.628,0.0,-0.501,-0.361,0.138,0.364,-0.01,0.495,0.629,0.722,-0.401,0.687,-0.095,-0.594,-0.348,0.837,0.693,0.65,-0.592,-0.197,0.746,-0.81,-0.602,0.675,0.871,0.696,0.786,0.254,0.394,0.258,-0.022,-0.222,0.566,0.277,0.695,0.636,0.809,0.367,0.708,0.773,0.319,0.671,-0.73,0.866,-0.482,-0.586,-0.854,0.571,0.49,-0.566,0.706,-0.463,0.815,0.43,0.534,0.026,-0.748,0.634,0.797,0.793,-0.627,-0.772,0.679,0.634,0.595,-0.558,-0.032,0.667,0.477,0.596,0.688,-0.69,-0.852,0.466,0.275,-0.911,0.448,-0.048,-0.105,-0.792,0.715,0.638,-0.259,0.041,-0.626,0.8,-0.495,0.583,-0.565,0.655,-0.702,-0.648,0.569,0.142,0.878,-0.306,0.87,-0.83,0.569,0.674,0.575,0.005,0.846,0.461,-0.789,-0.044,0.267,0.888,0.741,0.102,0.537,-0.721,0.151,0.627,0.504,0.21,0.267,-0.108,-0.362,0.142,0.638,0.615,0.638,0.413,0.767,0.285,-0.663,0.274,-0.892,0.318,-0.785,0.864,-0.218,0.604,-0.582,0.843,0.797,0.891,0.527,-0.484,-0.226,0.716,0.346,-0.78,0.565,0.191,0.946,0.258,0.486,-0.358,0.635,-0.802,-0.38,-0.547,0.469,0.334,-0.245,0.364,0.635,-0.407,-0.548,-0.799,0.678,0.396,0.816,-0.205,-0.594,-0.013,-0.87,0.378,0.071,0.839,-0.754,0.803,0.118,0.755,-0.898,0.918,-0.722,-0.898,0.127,-0.568,0.337,0.72,-0.822,0.656,-0.393,-0.314,0.609,0.474,-0.602,0.677,-0.674,-0.523,-0.792,-0.605,-0.568,-0.042,0.472
ADMA,0.144,-0.059,-0.501,0.0,0.593,0.354,0.242,0.158,0.157,0.098,-0.308,0.23,-0.362,-0.138,0.463,0.201,-0.327,-0.446,-0.036,0.673,0.349,-0.217,0.398,0.65,-0.007,-0.358,-0.291,-0.189,0.222,0.076,0.269,0.596,0.181,-0.334,-0.184,-0.081,-0.332,-0.196,0.223,-0.209,-0.294,0.109,-0.067,0.765,-0.301,0.392,0.434,0.676,-0.199,-0.017,0.58,-0.052,0.513,-0.545,-0.036,0.139,0.164,0.547,-0.349,-0.218,-0.149,0.23,0.558,-0.236,-0.387,0.052,0.242,0.673,-0.107,-0.283,0.128,-0.305,0.695,0.508,0.068,0.169,0.463,0.184,0.401,0.619,0.738,-0.153,-0.013,0.581,0.25,0.111,-0.11,0.271,-0.03,0.803,-0.013,0.666,0.68,0.085,0.118,-0.415,0.606,-0.588,0.566,0.008,-0.237,-0.001,0.42,-0.238,-0.378,0.438,0.424,0.18,-0.437,-0.271,0.086,0.21,0.756,0.278,-0.407,0.044,0.089,0.379,-0.114,0.439,-0.283,-0.356,-0.111,-0.019,0.049,-0.262,0.372,0.192,0.304,0.635,-0.003,0.449,-0.338,0.436,-0.015,0.101,-0.474,-0.16,-0.293,-0.19,0.668,0.564,-0.177,-0.237,0.647,-0.232,0.198,-0.45,0.484,-0.056,0.337,-0.025,0.363,0.633,0.662,0.239,0.169,-0.021,-0.352,0.053,0.389,0.663,0.622,0.018,-0.013,-0.25,0.525,0.595,0.44,0.611,0.059,0.509,-0.354,0.569,-0.305,0.402,-0.155,0.482,-0.592,0.703,0.559,0.496,0.644,0.221,-0.155,0.621,-0.19,0.486,0.109,-0.142,0.041,0.842,-0.091,0.606,0.688,0.234,0.68,0.67,0.424,0.071
ADUS,0.316,0.178,-0.361,0.593,0.0,0.619,0.421,0.319,0.277,0.313,0.03,0.383,0.139,0.236,0.604,-0.12,-0.073,-0.135,0.064,0.582,0.288,-0.015,0.54,0.706,0.162,-0.058,-0.108,0.041,0.418,0.299,0.405,0.668,-0.088,-0.066,0.088,0.122,-0.334,-0.039,0.32,0.135,-0.088,0.242,0.175,0.699,-0.055,0.191,0.518,0.544,0.077,0.292,0.333,0.216,0.239,-0.18,0.097,0.271,0.146,0.563,-0.179,0.114,0.065,-0.031,0.241,0.054,-0.035,0.295,0.393,0.559,0.211,0.131,0.288,0.058,0.688,0.392,0.392,0.458,0.35,0.411,0.402,0.651,0.611,0.134,0.227,0.474,0.528,0.287,0.115,0.063,0.206,0.605,0.094,0.43,0.488,0.296,0.445,-0.16,0.642,-0.49,0.447,0.035,-0.048,0.302,0.397,-0.062,0.074,0.235,0.565,0.416,-0.23,-0.338,0.445,0.305,0.611,0.441,-0.063,0.267,0.322,0.451,0.099,0.496,-0.233,0.005,0.161,0.239,-0.015,-0.037,0.507,-0.063,0.477,0.398,0.338,0.279,-0.077,0.567,0.201,-0.198,-0.244,0.057,-0.029,0.009,0.415,0.715,0.118,0.312,0.402,0.089,0.367,-0.278,0.436,0.316,0.069,0.252,0.082,0.471,0.592,0.35,0.393,-0.01,0.036,0.166,0.403,0.392,0.558,0.304,0.294,0.044,0.62,0.75,0.685,0.567,0.387,0.625,-0.203,0.398,-0.038,0.392,0.122,0.268,-0.391,0.627,0.476,0.569,0.702,0.269,0.149,0.36,0.182,0.616,0.09,0.244,0.355,0.587,-0.145,0.718,0.605,0.172,0.679,0.319,0.485,0.206
ADVM,0.233,0.705,0.138,0.354,0.619,0.0,0.806,0.611,0.407,0.639,0.594,0.096,0.527,0.273,0.359,-0.512,0.524,0.292,0.614,0.409,0.4,0.615,0.031,0.541,0.55,0.512,0.475,0.558,0.804,0.786,0.804,0.822,-0.139,0.315,0.191,0.691,0.086,0.467,0.282,0.66,0.575,0.708,0.61,0.287,0.541,0.118,0.254,0.134,0.58,0.804,-0.174,0.54,0.344,0.355,0.64,0.785,0.502,0.318,0.513,0.578,0.625,-0.491,-0.136,0.667,0.308,0.795,0.153,0.46,0.747,0.384,0.653,0.649,0.372,0.124,0.838,0.836,-0.084,0.69,0.231,0.821,0.193,0.685,0.773,0.516,0.782,0.062,0.602,-0.504,0.78,0.42,0.478,-0.017,0.195,0.801,0.824,0.323,0.612,-0.065,0.127,0.587,0.549,0.791,0.494,0.425,0.335,-0.32,0.719,0.794,0.331,0.158,0.808,0.47,0.284,0.791,0.519,0.751,0.515,0.691,0.068,0.608,-0.291,0.597,0.756,0.754,0.56,0.587,0.665,-0.504,0.596,-0.055,0.782,-0.262,0.505,0.815,0.736,-0.427,0.258,0.626,0.484,0.315,0.098,0.702,0.553,0.61,0.06,0.174,0.732,0.136,0.724,0.719,0.099,0.717,-0.528,0.149,0.575,0.79,0.628,-0.061,0.225,0.34,0.467,0.313,0.294,0.72,0.457,0.511,0.662,0.606,0.767,0.075,0.859,0.864,0.249,0.187,0.553,0.779,0.621,-0.187,-0.009,0.42,0.018,0.738,0.494,0.729,0.688,-0.091,0.701,0.49,0.237,0.732,0.821,0.389,0.359,0.368,0.438,-0.41,0.449,0.191,0.714,0.757
AEIS,0.361,0.91,0.364,0.242,0.421,0.806,0.0,0.557,0.318,0.677,0.633,-0.131,0.49,0.169,0.172,-0.675,0.708,0.243,0.818,0.356,0.168,0.649,-0.149,0.394,0.617,0.626,0.534,0.739,0.783,0.883,0.811,0.84,-0.301,0.35,0.193,0.863,0.15,0.707,0.332,0.8,0.731,0.826,0.77,0.036,0.721,-0.168,-0.062,-0.11,0.637,0.858,-0.324,0.686,0.269,0.527,0.68,0.776,0.497,0.096,0.587,0.735,0.816,-0.734,-0.359,0.783,0.361,0.876,-0.133,0.428,0.841,0.452,0.666,0.725,0.152,-0.099,0.869,0.823,-0.305,0.876,0.157,0.679,-0.061,0.804,0.822,0.492,0.696,-0.252,0.768,-0.571,0.867,0.348,0.592,-0.196,-0.005,0.905,0.764,0.502,0.507,0.073,-0.09,0.737,0.691,0.839,0.393,0.651,0.312,-0.602,0.646,0.779,0.485,0.314,0.759,0.548,0.165,0.767,0.591,0.84,0.417,0.697,-0.233,0.573,-0.151,0.681,0.863,0.819,0.598,0.753,0.621,-0.609,0.395,-0.269,0.69,-0.345,0.661,0.563,0.838,-0.568,0.411,0.757,0.601,0.429,-0.039,0.581,0.735,0.714,-0.191,0.31,0.701,0.333,0.678,0.74,0.122,0.84,-0.676,-0.01,0.406,0.719,0.495,-0.283,0.15,0.378,0.296,0.158,0.137,0.797,0.4,0.668,0.571,0.404,0.643,-0.109,0.889,0.857,0.408,0.056,0.668,0.76,0.784,-0.446,0.172,0.221,-0.136,0.681,0.314,0.776,0.82,-0.252,0.767,0.397,0.18,0.776,0.858,0.127,0.363,0.094,0.322,-0.665,0.283,0.086,0.59,0.846
AGNCM,0.412,0.46,-0.01,0.158,0.319,0.611,0.557,0.0,0.148,0.339,0.297,0.215,0.129,0.044,0.233,-0.399,0.353,0.016,0.459,0.354,0.209,0.377,0.044,0.353,0.218,0.271,0.468,0.302,0.381,0.621,0.579,0.591,-0.345,0.093,-0.061,0.379,0.071,0.24,-0.015,0.408,0.413,0.477,0.376,0.052,0.331,-0.084,0.378,0.114,0.361,0.519,-0.043,0.274,0.288,0.307,0.378,0.416,0.274,0.269,0.405,0.322,0.379,-0.453,-0.102,0.43,0.186,0.471,0.117,0.146,0.446,0.434,0.337,0.488,0.274,0.244,0.598,0.597,-0.027,0.436,0.206,0.494,0.107,0.404,0.457,0.209,0.536,0.072,0.27,-0.357,0.498,0.291,0.303,-0.142,0.122,0.524,0.552,0.198,0.345,-0.085,0.065,0.364,0.433,0.469,0.226,0.198,0.119,-0.307,0.516,0.542,0.076,0.116,0.604,0.238,0.281,0.449,0.289,0.448,0.268,0.361,0.14,0.521,-0.244,0.427,0.482,0.433,0.238,0.334,0.304,-0.437,0.24,0.003,0.51,-0.042,0.284,0.551,0.382,-0.199,0.269,0.308,0.209,0.433,-0.081,0.384,0.431,0.542,-0.027,0.138,0.439,-0.013,0.342,0.563,0.156,0.5,-0.328,-0.029,0.462,0.415,0.4,-0.19,0.208,0.123,0.378,0.247,0.264,0.327,0.323,0.291,0.474,0.444,0.427,0.065,0.567,0.53,0.086,0.173,0.317,0.426,0.32,-0.165,-0.124,0.249,-0.008,0.249,0.244,0.463,0.472,-0.147,0.539,0.186,0.221,0.53,0.49,0.221,0.06,0.118,0.245,-0.28,0.283,0.037,0.296,0.503
AHCO,0.1,0.356,0.495,0.157,0.277,0.407,0.318,0.148,0.0,0.74,0.438,0.14,0.494,-0.328,-0.091,0.008,0.508,0.484,0.505,-0.223,0.015,0.502,-0.35,-0.128,0.66,0.573,0.44,0.444,0.273,0.25,0.392,0.276,-0.323,0.363,0.281,0.419,0.262,0.487,0.815,0.445,0.413,0.066,0.555,-0.05,0.531,-0.197,0.172,-0.217,0.388,0.401,0.107,0.723,-0.376,0.427,0.179,0.549,-0.064,-0.265,0.207,0.592,0.512,-0.349,-0.393,0.391,0.604,0.481,-0.263,0.391,0.468,0.537,0.792,0.422,-0.037,-0.54,0.52,0.42,-0.524,0.583,0.415,0.294,-0.056,0.501,0.56,-0.131,0.217,-0.282,0.612,-0.147,0.428,-0.172,0.68,-0.198,-0.107,0.483,0.221,0.627,0.096,0.412,-0.446,0.313,0.311,0.5,0.421,0.565,0.373,-0.273,0.366,0.371,0.356,0.301,0.159,0.859,-0.137,0.176,0.188,0.358,0.378,0.47,0.333,-0.23,0.066,0.305,0.324,0.522,0.092,0.301,0.493,-0.646,0.778,-0.396,0.388,-0.341,0.516,0.039,0.338,-0.634,0.518,0.508,0.64,0.582,0.1,0.169,0.537,0.168,-0.355,0.549,0.317,0.606,0.585,0.566,-0.465,0.616,-0.321,0.392,-0.136,0.642,0.733,0.007,0.522,0.809,-0.261,-0.169,-0.377,0.617,0.665,0.648,0.215,-0.111,0.534,-0.354,0.331,0.339,0.601,-0.483,0.468,0.174,0.534,-0.458,0.518,-0.254,-0.46,0.306,-0.153,0.249,0.563,-0.402,0.539,-0.038,-0.536,0.583,0.42,0.088,0.48,-0.081,-0.15,-0.372,-0.036,-0.276,0.171,0.353
ALGT,0.241,0.69,0.629,0.098,0.313,0.639,0.677,0.339,0.74,0.0,0.594,0.112,0.677,-0.165,-0.218,-0.251,0.747,0.481,0.784,-0.045,0.053,0.706,-0.513,-0.093,0.789,0.755,0.69,0.799,0.485,0.581,0.585,0.577,-0.33,0.452,0.098,0.705,0.491,0.751,0.613,0.72,0.668,0.401,0.844,-0.21,0.759,-0.343,-0.003,-0.334,0.508,0.616,-0.085,0.827,-0.189,0.616,0.38,0.701,0.116,-0.302,0.466,0.799,0.79,-0.667,-0.493,0.637,0.514,0.753,-0.406,0.464,0.734,0.616,0.815,0.695,-0.093,-0.48,0.713,0.586,-0.613,0.721,0.454,0.472,-0.209,0.709,0.752,0.044,0.365,-0.418,0.816,-0.314,0.725,-0.018,0.764,-0.307,-0.193,0.826,0.414,0.699,0.22,0.474,-0.513,0.689,0.598,0.724,0.262,0.716,0.324,-0.533,0.448,0.587,0.59,0.579,0.37,0.85,-0.108,0.381,0.412,0.617,0.337,0.657,-0.037,-0.008,-0.025,0.543,0.683,0.751,0.354,0.639,0.756,-0.767,0.647,-0.454,0.505,-0.491,0.707,0.249,0.635,-0.657,0.687,0.783,0.827,0.548,-0.006,0.277,0.801,0.469,-0.394,0.609,0.394,0.706,0.593,0.709,-0.103,0.808,-0.631,0.191,-0.064,0.812,0.749,-0.239,0.327,0.856,-0.152,-0.138,-0.369,0.812,0.659,0.769,0.341,-0.026,0.59,-0.431,0.594,0.574,0.651,-0.379,0.673,0.428,0.735,-0.669,0.515,-0.206,-0.539,0.55,-0.068,0.524,0.777,-0.499,0.77,-0.05,-0.342,0.779,0.659,-0.024,0.505,-0.181,-0.058,-0.631,0.01,-0.239,0.242,0.613
ALLO,-0.105,0.815,0.722,-0.308,0.03,0.594,0.633,0.297,0.438,0.594,0.0,-0.333,0.829,0.318,-0.091,-0.6,0.884,0.813,0.721,-0.265,0.234,0.901,-0.418,-0.035,0.775,0.886,0.702,0.801,0.668,0.675,0.661,0.313,-0.142,0.697,0.456,0.867,0.441,0.806,0.308,0.907,0.904,0.638,0.725,-0.337,0.894,-0.098,-0.299,-0.483,0.837,0.854,-0.703,0.687,-0.091,0.816,0.808,0.833,0.44,-0.219,0.871,0.862,0.862,-0.633,-0.632,0.932,0.7,0.843,-0.099,0.077,0.91,0.459,0.721,0.839,-0.222,-0.509,0.816,0.692,-0.567,0.66,-0.161,0.323,-0.443,0.917,0.875,0.144,0.594,-0.241,0.874,-0.758,0.843,-0.276,0.66,-0.518,-0.302,0.751,0.706,0.802,0.156,0.511,-0.401,0.63,0.798,0.869,0.392,0.829,0.657,-0.693,0.367,0.61,0.851,0.469,0.645,0.432,-0.466,0.668,0.903,0.821,0.471,0.563,0.134,0.184,-0.025,0.903,0.879,0.876,0.682,0.897,0.424,-0.637,0.499,-0.667,0.802,-0.766,0.911,0.381,0.857,-0.627,0.654,0.861,0.834,0.484,-0.33,0.29,0.718,0.674,-0.521,0.346,0.655,0.655,0.576,0.714,-0.312,0.804,-0.859,-0.313,0.003,0.669,0.487,-0.003,0.499,0.402,0.137,-0.211,-0.292,0.847,0.49,0.853,0.296,-0.036,0.378,-0.502,0.804,0.492,0.776,-0.403,0.897,0.52,0.878,-0.634,0.619,-0.235,-0.571,0.442,-0.109,0.618,0.876,-0.585,0.833,0.112,0.084,0.844,0.829,-0.256,0.694,-0.206,-0.155,-0.739,-0.165,-0.284,0.511,0.815
AMSF,0.543,-0.314,-0.401,0.23,0.383,0.096,-0.131,0.215,0.14,0.112,-0.333,0.0,-0.05,-0.185,0.118,0.383,-0.261,-0.145,-0.066,0.316,0.138,-0.278,0.206,0.163,-0.159,-0.279,-0.059,-0.199,-0.238,-0.243,-0.03,0.148,-0.122,-0.171,-0.309,-0.376,-0.021,-0.233,0.108,-0.274,-0.301,-0.407,0.0,0.246,-0.326,0.002,0.779,0.437,-0.195,-0.191,0.646,-0.065,0.003,-0.205,-0.451,-0.199,-0.12,0.317,-0.319,-0.22,-0.302,0.142,0.306,-0.326,-0.138,-0.254,0.049,0.118,-0.253,0.26,-0.09,-0.194,0.439,0.273,-0.075,0.063,0.277,-0.092,0.544,0.212,0.475,-0.338,-0.248,-0.214,-0.065,0.413,-0.28,0.485,-0.191,0.135,0.05,0.274,0.309,-0.125,0.0,-0.209,0.188,-0.186,0.177,-0.133,-0.221,-0.225,-0.01,-0.332,-0.22,0.407,0.287,-0.037,-0.413,-0.113,-0.058,0.106,0.496,-0.254,-0.446,-0.179,-0.016,0.061,0.392,-0.026,-0.084,-0.217,-0.254,-0.254,-0.485,-0.417,0.187,-0.036,0.185,0.42,-0.034,0.311,-0.34,0.146,-0.37,0.1,-0.023,-0.326,-0.202,0.088,0.386,0.103,-0.056,-0.081,0.252,0.092,-0.132,-0.218,-0.146,-0.004,0.147,-0.154,0.406,0.646,0.135,-0.008,0.313,0.203,0.088,0.164,-0.003,0.24,0.186,-0.176,0.224,-0.251,0.272,0.251,0.353,0.312,-0.144,-0.032,-0.23,0.163,-0.376,-0.237,-0.34,0.231,-0.306,0.274,0.235,-0.102,0.104,-0.338,-0.215,0.197,-0.087,-0.037,-0.252,-0.016,-0.234,0.362,-0.445,0.222,0.032,0.369,0.424,0.095,-0.232,-0.208
ANAB,0.0,0.657,0.687,-0.362,0.139,0.527,0.49,0.129,0.494,0.677,0.829,-0.05,0.0,0.274,-0.156,-0.476,0.776,0.769,0.609,-0.309,0.055,0.753,-0.397,-0.182,0.724,0.828,0.631,0.746,0.5,0.512,0.453,0.206,-0.159,0.656,0.4,0.706,0.417,0.688,0.378,0.786,0.725,0.392,0.696,-0.36,0.782,-0.289,-0.174,-0.519,0.695,0.694,-0.519,0.702,-0.338,0.784,0.496,0.645,0.178,-0.346,0.629,0.824,0.739,-0.608,-0.672,0.754,0.694,0.709,-0.191,0.038,0.78,0.605,0.657,0.775,-0.283,-0.56,0.677,0.544,-0.615,0.559,0.031,0.236,-0.454,0.765,0.721,-0.069,0.391,-0.138,0.777,-0.545,0.688,-0.358,0.627,-0.5,-0.417,0.644,0.559,0.764,0.023,0.575,-0.513,0.506,0.638,0.743,0.155,0.696,0.626,-0.613,0.266,0.506,0.756,0.43,0.494,0.479,-0.455,0.419,0.73,0.663,0.421,0.447,0.17,-0.065,0.131,0.751,0.732,0.744,0.39,0.729,0.458,-0.652,0.504,-0.658,0.656,-0.694,0.79,0.224,0.692,-0.637,0.694,0.755,0.824,0.447,-0.345,0.156,0.714,0.645,-0.577,0.54,0.418,0.696,0.364,0.664,-0.367,0.712,-0.742,-0.151,-0.22,0.601,0.591,-0.02,0.551,0.56,-0.101,-0.398,-0.436,0.8,0.555,0.778,0.121,-0.108,0.425,-0.535,0.66,0.326,0.672,-0.49,0.763,0.317,0.752,-0.665,0.662,-0.319,-0.562,0.33,-0.165,0.417,0.766,-0.631,0.785,0.01,-0.109,0.785,0.673,-0.352,0.506,-0.193,-0.248,-0.551,-0.218,-0.444,0.275,0.577
ANDE,-0.159,0.206,-0.095,-0.138,0.236,0.273,0.169,0.044,-0.328,-0.165,0.318,-0.185,0.274,0.0,0.399,-0.39,-0.009,0.189,-0.119,0.211,0.362,0.091,0.315,0.416,-0.004,-0.011,-0.105,0.028,0.418,0.218,0.093,0.128,0.394,-0.015,0.384,0.203,-0.136,0.06,-0.387,0.149,0.086,0.376,-0.084,0.253,0.034,0.355,-0.151,0.214,0.197,0.285,-0.471,-0.125,0.375,-0.033,0.397,0.219,0.545,0.429,0.206,0.002,0.06,0.127,0.134,0.225,-0.096,0.167,0.397,0.026,0.193,-0.163,-0.131,0.144,0.22,0.304,0.193,0.237,0.328,-0.009,-0.52,0.235,0.118,0.156,0.135,0.466,0.352,0.346,0.031,-0.322,0.22,0.246,-0.241,-0.035,0.245,0.08,0.438,-0.155,0.409,-0.203,0.392,0.03,0.178,0.226,0.222,0.016,0.327,0.032,0.175,0.188,0.124,-0.216,0.401,-0.37,0.043,0.46,0.449,0.287,0.289,0.08,0.042,0.423,-0.23,0.244,0.281,0.174,0.354,0.233,-0.031,0.238,0.004,0.097,0.326,-0.102,0.086,0.45,0.315,0.182,-0.267,0.089,-0.058,-0.297,-0.161,0.469,-0.139,0.302,0.192,-0.347,0.34,-0.24,0.034,0.027,0.113,0.003,-0.209,-0.346,0.362,-0.073,-0.218,0.066,-0.055,-0.41,0.48,0.244,0.312,0.126,-0.268,-0.082,0.22,0.412,0.044,0.295,0.327,0.22,-0.088,0.388,0.145,0.27,0.152,0.236,-0.093,0.362,0.316,0.357,0.451,0.256,0.029,0.214,0.002,0.542,0.646,0.06,0.291,0.061,-0.002,0.383,0.352,0.076,0.282,0.275,0.479,0.201
APLS,0.169,0.0,-0.594,0.463,0.604,0.359,0.172,0.233,-0.091,-0.218,-0.091,0.118,-0.156,0.399,0.0,-0.214,-0.315,-0.249,-0.216,0.568,0.253,-0.252,0.754,0.847,-0.218,-0.316,-0.399,-0.406,0.411,0.213,0.25,0.4,0.063,-0.395,0.381,-0.042,-0.732,-0.326,-0.113,-0.088,-0.197,0.243,-0.292,0.767,-0.262,0.464,0.403,0.708,0.066,0.187,0.079,-0.139,0.408,-0.365,0.203,0.1,0.4,0.811,-0.215,-0.187,-0.174,0.19,0.362,-0.03,-0.065,0.014,0.724,0.13,0.0,-0.166,-0.056,-0.115,0.671,0.631,0.227,0.359,0.646,0.114,-0.232,0.485,0.645,-0.029,0.032,0.596,0.508,0.475,-0.193,-0.173,0.075,0.614,-0.2,0.322,0.55,-0.08,0.464,-0.376,0.618,-0.673,0.749,-0.316,-0.13,0.141,0.498,-0.299,0.238,0.314,0.392,0.233,-0.488,-0.759,0.499,-0.14,0.581,0.462,0.035,0.123,0.446,0.124,0.305,0.665,-0.215,-0.044,-0.018,0.06,0.004,-0.19,-0.109,0.264,0.214,0.456,0.329,0.49,-0.274,0.522,0.041,0.122,-0.589,-0.203,-0.406,-0.167,0.279,0.638,-0.289,0.174,0.474,-0.382,0.4,-0.638,0.25,0.126,0.005,0.031,0.219,0.228,0.759,-0.061,-0.111,0.11,0.096,-0.416,0.625,0.446,0.791,-0.039,-0.188,-0.264,0.504,0.852,0.457,0.762,0.302,0.434,-0.461,0.685,-0.13,0.342,-0.065,0.606,-0.502,0.76,0.744,0.388,0.738,0.208,-0.092,0.595,-0.113,0.849,0.459,-0.015,0.238,0.529,-0.261,0.769,0.594,0.395,0.636,0.536,0.573,0.099
APPF,-0.156,-0.74,-0.348,0.201,-0.12,-0.512,-0.675,-0.399,0.008,-0.251,-0.6,0.383,-0.476,-0.39,-0.214,0.0,-0.577,-0.207,-0.504,-0.083,-0.057,-0.52,0.065,-0.216,-0.322,-0.539,-0.331,-0.499,-0.679,-0.779,-0.463,-0.363,0.258,-0.281,-0.449,-0.714,0.082,-0.489,0.091,-0.67,-0.65,-0.752,-0.458,0.147,-0.611,0.245,0.254,0.321,-0.582,-0.723,0.683,-0.414,-0.126,-0.572,-0.652,-0.506,-0.395,-0.046,-0.594,-0.562,-0.627,0.644,0.516,-0.731,-0.436,-0.615,-0.005,0.136,-0.677,-0.35,-0.314,-0.695,0.169,0.076,-0.666,-0.574,0.285,-0.541,0.309,-0.277,0.369,-0.697,-0.62,-0.284,-0.514,-0.025,-0.532,0.833,-0.679,-0.072,-0.218,0.49,0.297,-0.612,-0.702,-0.398,-0.139,-0.152,0.122,-0.429,-0.612,-0.661,-0.06,-0.442,-0.493,0.651,-0.331,-0.6,-0.443,-0.12,-0.741,-0.143,0.143,-0.631,-0.718,-0.619,-0.358,-0.254,0.126,-0.451,0.08,-0.693,-0.718,-0.647,-0.471,-0.68,-0.066,0.455,0.031,0.439,-0.622,0.302,-0.556,-0.359,-0.713,0.416,-0.32,-0.583,-0.434,-0.306,0.456,-0.272,-0.51,-0.778,0.411,-0.177,-0.588,-0.213,-0.227,-0.634,0.127,-0.624,0.691,0.458,-0.184,-0.332,-0.167,0.236,-0.283,0.029,-0.248,0.168,-0.037,-0.566,-0.089,-0.493,-0.204,-0.272,-0.28,0.216,-0.768,-0.49,-0.219,-0.042,-0.647,-0.511,-0.672,0.381,-0.262,-0.028,0.127,-0.284,-0.165,-0.56,-0.653,0.402,-0.618,-0.394,-0.414,-0.614,-0.7,0.246,-0.211,-0.017,-0.122,0.535,0.074,0.14,-0.398,-0.592
ASML,0.106,0.868,0.837,-0.327,-0.073,0.524,0.708,0.353,0.508,0.747,0.884,-0.261,0.776,-0.009,-0.315,-0.577,0.0,0.709,0.897,-0.309,-0.02,0.912,-0.613,-0.223,0.781,0.965,0.836,0.909,0.559,0.7,0.659,0.336,-0.4,0.705,0.289,0.898,0.541,0.885,0.437,0.933,0.965,0.576,0.879,-0.539,0.977,-0.39,-0.295,-0.652,0.795,0.808,-0.584,0.828,-0.224,0.931,0.675,0.766,0.265,-0.448,0.842,0.945,0.939,-0.831,-0.784,0.93,0.751,0.852,-0.406,0.061,0.906,0.664,0.779,0.901,-0.379,-0.649,0.803,0.645,-0.78,0.759,0.048,0.256,-0.583,0.924,0.881,-0.051,0.455,-0.444,0.935,-0.678,0.864,-0.347,0.793,-0.609,-0.489,0.834,0.568,0.927,-0.001,0.643,-0.636,0.762,0.841,0.836,0.231,0.911,0.547,-0.847,0.327,0.62,0.864,0.64,0.555,0.616,-0.475,0.485,0.796,0.777,0.337,0.507,-0.01,0.048,0.098,0.889,0.876,0.859,0.572,0.902,0.447,-0.832,0.406,-0.778,0.683,-0.769,0.946,0.185,0.804,-0.741,0.857,0.909,0.936,0.664,-0.38,0.093,0.888,0.677,-0.69,0.573,0.532,0.822,0.512,0.782,-0.279,0.89,-0.879,-0.238,-0.177,0.718,0.568,-0.134,0.499,0.598,-0.109,-0.344,-0.469,0.848,0.597,0.949,0.183,-0.206,0.384,-0.681,0.755,0.45,0.842,-0.557,0.916,0.451,0.9,-0.845,0.709,-0.41,-0.741,0.311,-0.295,0.567,0.953,-0.772,0.921,-0.114,-0.148,0.9,0.787,-0.385,0.639,-0.428,-0.294,-0.874,-0.283,-0.444,0.262,0.804
ATRC,-0.166,0.477,0.693,-0.446,-0.135,0.292,0.243,0.016,0.484,0.481,0.813,-0.145,0.769,0.189,-0.249,-0.207,0.709,0.0,0.48,-0.547,0.15,0.741,-0.496,-0.281,0.653,0.749,0.637,0.574,0.376,0.259,0.379,-0.038,-0.079,0.665,0.397,0.584,0.561,0.622,0.345,0.666,0.694,0.205,0.532,-0.426,0.711,-0.005,-0.234,-0.491,0.674,0.567,-0.576,0.549,-0.292,0.717,0.553,0.599,0.28,-0.341,0.683,0.671,0.604,-0.312,-0.565,0.676,0.671,0.533,-0.121,-0.082,0.63,0.41,0.6,0.602,-0.282,-0.64,0.516,0.431,-0.547,0.366,-0.153,0.057,-0.422,0.661,0.635,-0.17,0.336,-0.211,0.666,-0.461,0.559,-0.53,0.585,-0.475,-0.32,0.438,0.382,0.763,-0.061,0.648,-0.454,0.43,0.644,0.591,0.371,0.714,0.655,-0.45,0.201,0.326,0.742,0.421,0.31,0.313,-0.606,0.315,0.735,0.533,0.39,0.331,0.417,-0.184,0.127,0.739,0.551,0.607,0.449,0.638,0.241,-0.5,0.529,-0.666,0.611,-0.698,0.759,0.09,0.533,-0.491,0.63,0.65,0.743,0.431,-0.195,0.036,0.494,0.38,-0.48,0.327,0.445,0.671,0.383,0.492,-0.43,0.553,-0.633,-0.171,-0.253,0.479,0.396,0.234,0.582,0.456,-0.002,-0.282,-0.495,0.615,0.464,0.709,0.104,-0.288,0.241,-0.562,0.465,0.173,0.812,-0.593,0.726,0.198,0.655,-0.544,0.693,-0.42,-0.669,0.21,-0.317,0.248,0.627,-0.58,0.6,-0.123,-0.141,0.644,0.527,-0.338,0.665,-0.303,-0.418,-0.495,-0.296,-0.355,0.245,0.521
AVGO,0.313,0.873,0.65,-0.036,0.064,0.614,0.818,0.459,0.505,0.784,0.721,-0.066,0.609,-0.119,-0.216,-0.504,0.897,0.48,0.0,0.019,0.068,0.792,-0.559,-0.034,0.722,0.818,0.743,0.88,0.534,0.739,0.743,0.578,-0.403,0.537,0.088,0.85,0.475,0.869,0.468,0.824,0.883,0.61,0.891,-0.37,0.861,-0.341,-0.117,-0.412,0.733,0.773,-0.307,0.803,-0.011,0.754,0.602,0.759,0.35,-0.274,0.73,0.848,0.895,-0.828,-0.58,0.835,0.573,0.828,-0.433,0.275,0.845,0.627,0.728,0.818,-0.162,-0.481,0.804,0.713,-0.638,0.823,0.227,0.472,-0.334,0.82,0.82,0.113,0.435,-0.4,0.865,-0.537,0.867,-0.079,0.8,-0.45,-0.278,0.881,0.586,0.786,0.218,0.471,-0.482,0.843,0.803,0.788,0.287,0.83,0.321,-0.734,0.466,0.656,0.701,0.616,0.559,0.7,-0.127,0.521,0.594,0.79,0.314,0.643,-0.117,0.227,-0.052,0.757,0.855,0.782,0.553,0.807,0.586,-0.815,0.407,-0.539,0.619,-0.636,0.806,0.324,0.749,-0.66,0.756,0.811,0.809,0.637,-0.183,0.254,0.878,0.588,-0.515,0.471,0.53,0.673,0.57,0.736,-0.071,0.866,-0.745,0.033,0.036,0.725,0.607,-0.211,0.318,0.614,-0.05,-0.087,-0.28,0.793,0.565,0.827,0.356,-0.048,0.541,-0.487,0.75,0.574,0.687,-0.331,0.754,0.52,0.81,-0.737,0.478,-0.179,-0.551,0.421,-0.151,0.617,0.887,-0.573,0.846,-0.03,-0.15,0.844,0.752,-0.123,0.471,-0.338,-0.085,-0.862,-0.013,-0.229,0.279,0.836
AVT,0.368,0.103,-0.592,0.673,0.582,0.409,0.356,0.354,-0.223,-0.045,-0.265,0.316,-0.309,0.211,0.568,-0.083,-0.309,-0.547,0.019,0.0,0.385,-0.275,0.488,0.766,-0.227,-0.412,-0.336,-0.141,0.197,0.272,0.257,0.7,0.242,-0.441,-0.25,-0.024,-0.353,-0.142,-0.188,-0.182,-0.218,0.362,-0.083,0.647,-0.302,0.321,0.375,0.74,-0.135,0.103,0.388,-0.234,0.732,-0.487,0.056,0.075,0.42,0.724,-0.199,-0.25,-0.102,0.063,0.607,-0.138,-0.531,0.07,0.337,0.521,-0.045,-0.228,-0.179,-0.133,0.697,0.725,0.135,0.332,0.608,0.126,0.145,0.645,0.705,-0.166,-0.079,0.731,0.243,0.299,-0.217,0.138,0.084,0.837,-0.152,0.454,0.704,0.135,0.33,-0.509,0.743,-0.675,0.673,0.078,-0.09,0.03,0.224,-0.277,-0.362,0.306,0.427,0.151,-0.407,-0.271,0.293,-0.067,0.907,0.406,-0.259,0.183,0.098,0.364,-0.217,0.76,-0.375,-0.223,0.064,-0.063,0.139,-0.129,0.313,0.239,-0.001,0.691,0.051,0.378,-0.321,0.628,0.044,0.332,-0.472,-0.207,-0.409,-0.258,0.39,0.686,-0.129,0.011,0.627,-0.452,0.201,-0.59,0.199,-0.081,0.6,-0.044,0.232,0.345,0.786,0.003,-0.038,-0.177,-0.491,-0.259,0.492,0.753,0.755,-0.078,-0.242,-0.374,0.569,0.756,0.352,0.718,0.19,0.492,-0.54,0.823,-0.337,0.379,-0.162,0.461,-0.692,0.825,0.731,0.467,0.743,0.349,-0.147,0.669,-0.174,0.573,0.453,-0.125,0.122,0.689,-0.392,0.542,0.808,0.193,0.823,0.68,0.4,0.153
AXDX,-0.079,0.097,-0.197,0.349,0.288,0.4,0.168,0.209,0.015,0.053,0.234,0.138,0.055,0.362,0.253,-0.057,-0.02,0.15,0.068,0.385,0.0,0.231,0.111,0.456,0.195,-0.073,-0.01,0.06,0.314,0.127,0.3,0.344,0.463,0.092,-0.022,0.128,0.11,0.156,-0.148,0.045,0.077,0.244,0.099,0.387,-0.019,0.611,0.246,0.451,0.092,0.221,0.014,-0.122,0.596,-0.167,0.338,0.39,0.513,0.546,0.291,-0.066,0.041,0.211,0.399,0.152,-0.195,0.159,0.231,0.434,0.128,-0.235,0.118,0.021,0.547,0.341,0.229,0.288,0.4,0.038,-0.039,0.542,0.469,0.09,0.173,0.469,0.334,0.308,0.048,-0.103,0.234,0.399,0.064,0.295,0.617,0.213,0.43,-0.171,0.586,-0.262,0.391,0.249,0.138,0.188,0.453,-0.032,-0.122,0.324,0.516,0.271,0.04,0.079,0.274,-0.069,0.281,0.508,0.09,0.274,0.13,0.497,0.151,0.429,-0.355,0.092,0.21,0.199,0.426,0.107,0.357,0.133,0.264,0.401,0.375,-0.079,0.005,0.657,0.202,0.194,-0.223,0.078,-0.03,-0.218,0.371,0.627,-0.131,0.01,0.443,-0.409,0.462,-0.222,0.404,0.035,0.254,0.025,-0.014,0.171,0.546,0.249,0.195,0.347,-0.185,-0.102,0.574,0.597,0.39,0.158,0.023,-0.108,0.55,0.432,0.266,0.356,0.255,0.412,0.017,0.436,0.011,0.396,0.068,0.333,-0.244,0.516,0.23,0.389,0.464,0.279,0.017,0.319,0.017,0.426,0.409,0.089,0.2,0.6,0.178,0.392,0.392,0.018,0.53,0.502,0.572,0.326
AXSM,-0.087,0.791,0.746,-0.217,-0.015,0.615,0.649,0.377,0.502,0.706,0.901,-0.278,0.753,0.091,-0.252,-0.52,0.912,0.741,0.792,-0.275,0.231,0.0,-0.556,-0.116,0.815,0.898,0.825,0.849,0.636,0.676,0.703,0.349,-0.229,0.741,0.254,0.868,0.586,0.828,0.357,0.887,0.91,0.589,0.825,-0.379,0.907,-0.145,-0.221,-0.513,0.771,0.794,-0.568,0.712,-0.059,0.813,0.744,0.857,0.313,-0.302,0.877,0.852,0.863,-0.648,-0.623,0.901,0.651,0.858,-0.262,0.177,0.879,0.522,0.802,0.859,-0.238,-0.525,0.8,0.641,-0.635,0.667,0.052,0.382,-0.449,0.906,0.908,0.057,0.543,-0.321,0.875,-0.666,0.849,-0.225,0.732,-0.441,-0.306,0.829,0.609,0.816,0.112,0.536,-0.484,0.768,0.81,0.845,0.342,0.821,0.477,-0.693,0.407,0.695,0.841,0.628,0.57,0.53,-0.449,0.588,0.791,0.768,0.342,0.573,0.06,0.106,-0.06,0.848,0.857,0.884,0.699,0.874,0.526,-0.732,0.492,-0.635,0.753,-0.765,0.881,0.358,0.829,-0.605,0.725,0.908,0.889,0.543,-0.278,0.209,0.764,0.605,-0.48,0.427,0.635,0.704,0.632,0.749,-0.235,0.821,-0.839,-0.227,-0.017,0.792,0.582,0.0,0.422,0.565,0.102,-0.168,-0.347,0.826,0.618,0.857,0.26,-0.103,0.406,-0.583,0.754,0.516,0.806,-0.422,0.897,0.553,0.854,-0.672,0.593,-0.263,-0.666,0.399,-0.149,0.642,0.885,-0.66,0.871,-0.031,-0.026,0.852,0.795,-0.202,0.783,-0.247,-0.144,-0.789,-0.183,-0.31,0.426,0.831
AZN,0.107,-0.394,-0.81,0.398,0.54,0.031,-0.149,0.044,-0.35,-0.513,-0.418,0.206,-0.397,0.315,0.754,0.065,-0.613,-0.496,-0.559,0.488,0.111,-0.556,0.0,0.714,-0.43,-0.62,-0.608,-0.65,0.052,-0.17,-0.064,0.092,0.12,-0.394,0.142,-0.447,-0.791,-0.64,-0.185,-0.393,-0.566,-0.111,-0.519,0.788,-0.623,0.406,0.485,0.735,-0.284,-0.19,0.306,-0.438,0.294,-0.586,-0.182,-0.297,0.003,0.759,-0.524,-0.506,-0.574,0.447,0.521,-0.419,-0.31,-0.32,0.691,0.024,-0.364,-0.28,-0.318,-0.463,0.69,0.71,-0.168,-0.027,0.79,-0.151,-0.093,0.175,0.666,-0.4,-0.355,0.335,0.294,0.587,-0.527,0.237,-0.382,0.49,-0.487,0.617,0.533,-0.426,0.122,-0.645,0.375,-0.875,0.776,-0.595,-0.521,-0.257,0.187,-0.619,-0.071,0.573,0.152,-0.036,-0.703,-0.874,0.179,-0.428,0.547,0.067,-0.315,-0.267,0.098,-0.173,0.213,0.446,-0.08,-0.372,-0.395,-0.321,-0.319,-0.543,-0.244,0.518,-0.045,0.656,-0.023,0.693,-0.612,0.27,-0.315,0.284,-0.753,-0.55,-0.668,-0.301,0.291,0.349,-0.523,-0.039,0.593,-0.326,0.063,-0.807,-0.064,-0.185,0.047,-0.372,0.594,0.212,0.567,-0.287,-0.223,0.233,-0.064,-0.599,0.499,0.37,0.82,-0.378,-0.192,-0.518,0.312,0.707,0.14,0.825,-0.083,0.086,-0.642,0.62,-0.497,0.015,-0.458,0.787,-0.698,0.724,0.853,0.027,0.631,-0.159,-0.438,0.682,-0.392,0.611,0.335,-0.336,-0.168,0.456,-0.481,0.817,0.548,0.683,0.548,0.423,0.285,-0.271
BANR,0.226,0.138,-0.602,0.65,0.706,0.541,0.394,0.353,-0.128,-0.093,-0.035,0.163,-0.182,0.416,0.847,-0.216,-0.223,-0.281,-0.034,0.766,0.456,-0.116,0.714,0.0,-0.059,-0.294,-0.296,-0.199,0.527,0.32,0.467,0.638,0.101,-0.249,0.176,0.081,-0.521,-0.151,-0.063,-0.001,-0.111,0.391,-0.078,0.838,-0.208,0.569,0.456,0.792,0.095,0.284,0.159,-0.1,0.664,-0.376,0.312,0.264,0.509,0.899,-0.08,-0.148,-0.082,0.146,0.492,0.052,-0.222,0.182,0.616,0.418,0.098,-0.181,0.04,-0.068,0.859,0.698,0.328,0.463,0.699,0.268,-0.035,0.7,0.769,0.041,0.136,0.768,0.635,0.439,-0.082,-0.092,0.192,0.803,-0.109,0.513,0.739,0.147,0.564,-0.4,0.84,-0.772,0.815,-0.011,-0.036,0.213,0.566,-0.21,0.001,0.333,0.595,0.412,-0.39,-0.538,0.582,-0.089,0.729,0.614,0.018,0.282,0.316,0.363,0.09,0.835,-0.339,0.01,0.141,0.143,0.217,-0.082,0.185,0.238,0.222,0.615,0.384,0.403,-0.227,0.735,0.178,0.102,-0.565,-0.098,-0.328,-0.189,0.418,0.826,-0.171,0.205,0.628,-0.405,0.532,-0.636,0.434,0.143,0.255,0.088,0.193,0.324,0.927,0.154,0.02,0.128,-0.131,-0.356,0.763,0.693,0.913,0.055,-0.054,-0.213,0.736,0.943,0.563,0.807,0.41,0.661,-0.38,0.784,-0.121,0.554,-0.016,0.597,-0.649,0.921,0.761,0.564,0.875,0.361,-0.016,0.654,-0.039,0.854,0.529,0.056,0.336,0.73,-0.183,0.852,0.802,0.242,0.855,0.691,0.722,0.308
BBIO,0.047,0.684,0.675,-0.007,0.162,0.55,0.617,0.218,0.66,0.789,0.775,-0.159,0.724,-0.004,-0.218,-0.322,0.781,0.653,0.722,-0.227,0.195,0.815,-0.43,-0.059,0.0,0.782,0.66,0.782,0.535,0.507,0.605,0.382,-0.207,0.657,0.259,0.732,0.494,0.81,0.581,0.783,0.717,0.414,0.791,-0.212,0.789,-0.137,-0.151,-0.384,0.626,0.681,-0.312,0.779,-0.191,0.678,0.525,0.783,0.158,-0.27,0.591,0.806,0.771,-0.573,-0.546,0.716,0.615,0.762,-0.281,0.369,0.781,0.518,0.851,0.684,-0.072,-0.588,0.725,0.55,-0.559,0.735,0.17,0.361,-0.26,0.79,0.792,0.072,0.49,-0.363,0.861,-0.417,0.696,-0.162,0.719,-0.241,-0.16,0.744,0.481,0.757,0.219,0.457,-0.485,0.606,0.583,0.766,0.376,0.771,0.403,-0.54,0.461,0.606,0.706,0.489,0.419,0.674,-0.362,0.474,0.569,0.675,0.343,0.705,0.046,-0.018,0.028,0.645,0.719,0.792,0.477,0.698,0.658,-0.63,0.646,-0.509,0.62,-0.643,0.795,0.24,0.717,-0.705,0.628,0.787,0.835,0.504,-0.139,0.301,0.761,0.499,-0.454,0.542,0.525,0.706,0.665,0.665,-0.334,0.766,-0.641,0.044,-0.075,0.775,0.692,-0.029,0.42,0.677,-0.054,-0.185,-0.344,0.828,0.699,0.83,0.343,-0.098,0.49,-0.462,0.63,0.523,0.824,-0.45,0.736,0.431,0.779,-0.612,0.573,-0.23,-0.569,0.5,-0.127,0.537,0.793,-0.488,0.76,0.03,-0.215,0.775,0.682,-0.118,0.669,-0.112,-0.085,-0.63,-0.053,-0.226,0.433,0.696
BCYC,0.019,0.813,0.871,-0.358,-0.058,0.512,0.626,0.271,0.573,0.755,0.886,-0.279,0.828,-0.011,-0.316,-0.539,0.965,0.749,0.818,-0.412,-0.073,0.898,-0.62,-0.294,0.782,0.0,0.812,0.879,0.549,0.652,0.58,0.262,-0.388,0.693,0.329,0.859,0.507,0.826,0.476,0.921,0.924,0.515,0.837,-0.532,0.969,-0.416,-0.331,-0.702,0.771,0.769,-0.591,0.849,-0.347,0.928,0.624,0.742,0.191,-0.509,0.786,0.957,0.917,-0.791,-0.824,0.894,0.797,0.827,-0.362,0.021,0.898,0.656,0.795,0.89,-0.447,-0.71,0.765,0.6,-0.831,0.707,0.046,0.192,-0.637,0.917,0.877,-0.117,0.412,-0.443,0.932,-0.675,0.814,-0.416,0.761,-0.631,-0.564,0.78,0.518,0.941,-0.089,0.698,-0.671,0.663,0.785,0.831,0.201,0.875,0.615,-0.834,0.25,0.572,0.875,0.597,0.494,0.634,-0.55,0.438,0.786,0.716,0.408,0.459,0.043,-0.06,0.079,0.856,0.832,0.858,0.509,0.879,0.435,-0.82,0.468,-0.84,0.668,-0.777,0.943,0.133,0.784,-0.774,0.866,0.916,0.956,0.649,-0.398,0.031,0.859,0.631,-0.722,0.633,0.48,0.855,0.48,0.793,-0.374,0.865,-0.884,-0.247,-0.258,0.713,0.571,-0.133,0.552,0.639,-0.167,-0.443,-0.54,0.859,0.613,0.959,0.11,-0.257,0.365,-0.734,0.715,0.378,0.836,-0.635,0.931,0.388,0.895,-0.859,0.766,-0.473,-0.778,0.309,-0.341,0.519,0.935,-0.805,0.91,-0.158,-0.225,0.886,0.758,-0.434,0.683,-0.428,-0.352,-0.829,-0.372,-0.508,0.226,0.717
BHFAP,0.096,0.649,0.696,-0.291,-0.108,0.475,0.534,0.468,0.44,0.69,0.702,-0.059,0.631,-0.105,-0.399,-0.331,0.836,0.637,0.743,-0.336,-0.01,0.825,-0.608,-0.296,0.66,0.812,0.0,0.768,0.372,0.548,0.562,0.263,-0.381,0.636,0.084,0.688,0.643,0.693,0.308,0.762,0.807,0.394,0.743,-0.546,0.817,-0.356,-0.137,-0.585,0.645,0.623,-0.412,0.675,-0.2,0.807,0.485,0.632,0.126,-0.442,0.745,0.761,0.756,-0.667,-0.63,0.739,0.596,0.686,-0.382,0.003,0.719,0.615,0.68,0.758,-0.346,-0.507,0.649,0.516,-0.69,0.538,0.222,0.195,-0.509,0.743,0.744,-0.185,0.388,-0.393,0.739,-0.477,0.687,-0.324,0.666,-0.483,-0.442,0.712,0.4,0.781,-0.094,0.623,-0.602,0.659,0.724,0.647,0.135,0.693,0.356,-0.689,0.283,0.534,0.723,0.654,0.408,0.497,-0.424,0.303,0.615,0.609,0.197,0.39,0.065,-0.045,0.074,0.755,0.708,0.687,0.421,0.734,0.448,-0.748,0.371,-0.641,0.54,-0.663,0.792,0.15,0.619,-0.549,0.822,0.756,0.809,0.628,-0.28,-0.042,0.764,0.558,-0.534,0.522,0.388,0.702,0.437,0.661,-0.136,0.714,-0.75,-0.216,-0.175,0.683,0.55,-0.122,0.442,0.61,-0.057,-0.255,-0.464,0.673,0.601,0.792,0.099,-0.233,0.283,-0.656,0.576,0.347,0.71,-0.55,0.747,0.356,0.69,-0.732,0.57,-0.41,-0.737,0.188,-0.31,0.417,0.79,-0.718,0.821,-0.286,-0.186,0.77,0.584,-0.301,0.565,-0.434,-0.363,-0.72,-0.316,-0.415,0.131,0.646
BKR,0.091,0.855,0.786,-0.189,0.041,0.558,0.739,0.302,0.444,0.799,0.801,-0.199,0.746,0.028,-0.406,-0.499,0.909,0.574,0.88,-0.141,0.06,0.849,-0.65,-0.199,0.782,0.879,0.768,0.0,0.496,0.668,0.617,0.451,-0.256,0.685,0.053,0.862,0.659,0.905,0.412,0.864,0.86,0.602,0.914,-0.474,0.893,-0.37,-0.336,-0.583,0.664,0.721,-0.441,0.769,-0.095,0.793,0.583,0.735,0.251,-0.446,0.766,0.883,0.913,-0.785,-0.621,0.826,0.504,0.853,-0.476,0.286,0.858,0.53,0.688,0.812,-0.322,-0.582,0.715,0.573,-0.727,0.718,0.216,0.334,-0.501,0.829,0.795,0.064,0.35,-0.457,0.908,-0.507,0.808,-0.191,0.734,-0.466,-0.376,0.884,0.495,0.795,0.089,0.588,-0.585,0.858,0.766,0.768,0.109,0.853,0.291,-0.761,0.328,0.565,0.876,0.767,0.443,0.622,-0.33,0.488,0.652,0.776,0.175,0.611,-0.276,0.072,-0.019,0.751,0.873,0.784,0.603,0.888,0.674,-0.733,0.349,-0.617,0.54,-0.781,0.866,0.262,0.818,-0.663,0.797,0.878,0.9,0.467,-0.27,0.173,0.878,0.591,-0.545,0.513,0.435,0.79,0.486,0.638,-0.037,0.798,-0.835,-0.159,-0.141,0.703,0.571,-0.26,0.2,0.653,-0.132,-0.211,-0.436,0.84,0.547,0.856,0.191,-0.194,0.367,-0.618,0.686,0.487,0.751,-0.461,0.779,0.49,0.83,-0.826,0.571,-0.331,-0.669,0.438,-0.204,0.584,0.861,-0.648,0.83,-0.151,-0.122,0.795,0.711,-0.27,0.564,-0.399,-0.153,-0.882,-0.168,-0.336,0.236,0.758
BLDP,0.052,0.728,0.254,0.222,0.418,0.804,0.783,0.381,0.273,0.485,0.668,-0.238,0.5,0.418,0.411,-0.679,0.559,0.376,0.534,0.197,0.314,0.636,0.052,0.527,0.535,0.549,0.372,0.496,0.0,0.757,0.73,0.63,-0.148,0.305,0.492,0.779,-0.062,0.508,0.216,0.722,0.632,0.74,0.56,0.275,0.605,0.149,-0.036,0.021,0.637,0.816,-0.475,0.545,0.289,0.4,0.785,0.796,0.582,0.311,0.555,0.599,0.635,-0.42,-0.271,0.742,0.412,0.775,0.152,0.279,0.765,0.271,0.634,0.631,0.241,0.014,0.812,0.764,-0.107,0.689,-0.129,0.677,0.019,0.767,0.811,0.53,0.836,-0.03,0.651,-0.685,0.792,0.352,0.414,-0.124,0.079,0.712,0.821,0.379,0.545,-0.056,0.136,0.528,0.601,0.817,0.574,0.504,0.547,-0.401,0.645,0.814,0.406,0.043,0.817,0.338,0.046,0.827,0.705,0.733,0.605,0.514,0.06,0.553,-0.278,0.683,0.744,0.823,0.66,0.647,0.378,-0.414,0.503,-0.222,0.818,-0.242,0.539,0.65,0.799,-0.472,0.164,0.697,0.507,0.279,-0.003,0.614,0.428,0.614,-0.036,0.133,0.833,0.156,0.69,0.731,-0.046,0.703,-0.582,-0.082,0.501,0.685,0.361,0.051,0.282,0.153,0.542,0.18,0.272,0.722,0.308,0.541,0.586,0.539,0.637,0.02,0.873,0.814,0.347,0.158,0.704,0.793,0.716,-0.153,0.147,0.358,-0.009,0.716,0.452,0.699,0.685,-0.148,0.639,0.598,0.337,0.702,0.855,0.2,0.518,0.385,0.363,-0.452,0.272,0.182,0.78,0.768
BLFS,0.161,0.899,0.394,0.076,0.299,0.786,0.883,0.621,0.25,0.581,0.675,-0.243,0.512,0.218,0.213,-0.779,0.7,0.259,0.739,0.272,0.127,0.676,-0.17,0.32,0.507,0.652,0.548,0.668,0.757,0.0,0.761,0.732,-0.28,0.258,0.281,0.854,0.104,0.618,0.124,0.788,0.775,0.908,0.627,-0.067,0.741,-0.185,-0.113,-0.192,0.694,0.863,-0.467,0.598,0.231,0.563,0.776,0.767,0.454,0.054,0.669,0.719,0.817,-0.751,-0.414,0.813,0.414,0.873,0.038,0.213,0.851,0.428,0.578,0.822,-0.016,-0.047,0.87,0.808,-0.341,0.727,-0.008,0.607,-0.203,0.834,0.831,0.482,0.667,-0.189,0.703,-0.762,0.892,0.251,0.503,-0.404,-0.133,0.853,0.763,0.493,0.393,0.171,-0.112,0.643,0.769,0.863,0.312,0.594,0.445,-0.698,0.451,0.721,0.512,0.294,0.817,0.43,0.064,0.797,0.698,0.831,0.494,0.574,-0.14,0.604,-0.23,0.733,0.881,0.833,0.643,0.808,0.445,-0.611,0.307,-0.378,0.707,-0.375,0.695,0.58,0.842,-0.426,0.423,0.766,0.566,0.447,-0.294,0.486,0.704,0.731,-0.273,0.232,0.644,0.298,0.583,0.756,0.03,0.841,-0.779,-0.264,0.39,0.65,0.367,-0.418,0.225,0.284,0.334,0.046,0.094,0.721,0.292,0.626,0.446,0.376,0.49,-0.176,0.894,0.743,0.303,0.07,0.742,0.707,0.792,-0.454,0.223,0.147,-0.185,0.606,0.271,0.852,0.824,-0.322,0.78,0.379,0.286,0.757,0.892,0.006,0.409,0.007,0.273,-0.676,0.12,-0.032,0.562,0.806
BLKB,0.167,0.748,0.258,0.269,0.405,0.804,0.811,0.579,0.392,0.585,0.661,-0.03,0.453,0.093,0.25,-0.463,0.659,0.379,0.743,0.257,0.3,0.703,-0.064,0.467,0.605,0.58,0.562,0.617,0.73,0.761,0.0,0.741,-0.308,0.451,0.216,0.748,0.212,0.59,0.403,0.746,0.715,0.706,0.676,0.132,0.633,0.131,0.175,0.035,0.748,0.811,-0.225,0.613,0.317,0.461,0.774,0.841,0.486,0.197,0.64,0.662,0.692,-0.539,-0.247,0.761,0.44,0.843,0.097,0.425,0.781,0.388,0.717,0.644,0.315,-0.065,0.856,0.829,-0.191,0.79,0.217,0.733,0.092,0.762,0.824,0.454,0.795,-0.099,0.704,-0.521,0.806,0.275,0.686,-0.037,0.136,0.793,0.79,0.497,0.542,-0.003,0.041,0.65,0.671,0.815,0.624,0.597,0.31,-0.413,0.643,0.785,0.428,0.226,0.804,0.498,0.16,0.786,0.584,0.833,0.413,0.723,0.039,0.597,-0.211,0.71,0.773,0.785,0.646,0.656,0.612,-0.554,0.557,-0.167,0.798,-0.363,0.596,0.684,0.766,-0.518,0.337,0.681,0.548,0.462,0.083,0.588,0.615,0.607,-0.056,0.19,0.783,0.245,0.819,0.708,-0.023,0.773,-0.532,0.144,0.53,0.754,0.534,-0.04,0.298,0.366,0.467,0.271,0.257,0.696,0.58,0.635,0.643,0.421,0.734,-0.02,0.851,0.817,0.447,0.042,0.64,0.758,0.681,-0.273,0.062,0.305,-0.136,0.625,0.313,0.714,0.757,-0.166,0.734,0.384,0.154,0.757,0.838,0.276,0.499,0.195,0.283,-0.572,0.354,0.119,0.668,0.912
