,ABAT,ACLS,ACMR,ADMA,ADUS,ADVM,AEIS,AGNCM,AHCO,ALGT,ALLO,AMSF,ANAB,ANDE,APLS,APPF,ASML,ATRC,AVGO,AVT,AXDX,AXSM,AZN,BANR,BBIO,BCYC,BHFAP,BKR,BLDP,BLFS,BLKB,BLMN,BNTX,BPMC,CALM,CAMT,CASH,CATY,CCEP,CDLX,CDNS,CENN,CENX,CGC,CHDN,CLBK,COKE,COLB,COO,CORT,CRMT,CRNX,CRTO,CRVL,CSCO,CSQ,CSWI,CVBF,CWST,CYCC,CZR,DLTR,DORM,ENTA,EQIX,ERIC,EVRG,EWBC,EXAS,EXLS,EXPI,EYE,FBNC,FBRX,FCNCA,FELE,FIBK,FLEX,FRGT,FRHC,FRME,FWONA,FWONK,GDEN,GIII,GILD,GLNG,GNTX,GOOGL,GRPN,HCSG,HIMX,HOPE,HST,HTLD,HUT,HWC,ICUI,IESC,INTC,INTU,IOVA,IPAR,IPGP,ISRG,JBSS,KALU,KPRX,KRNT,LAUR,LBRDA,LBTYK,LECO,LILAK,LITE,MANH,MDXG,MFIC,MGEE,MIDD,MLAB,MMSI,MNKD,MOMO,MRVL,NICE,NMFC,NUWE,NVCR,NWBI,OFIX,OFLX,OMCL,OPK,ORKA,ORLY,OTTR,PDD,PNTG,POOL,POWL,PPBI,PPC,PRAA,PRPL,PZZA,QTRX,QURE,RDFN,RDHL,REAL,REG,REYN,RGLD,RIOT,RUN,RYTM,SAIA,SBAC,SBRA,SCVL,SHOO,SLAB,SLDB,SMCI,SMTC,SRCE,SSP,SSRM,STBA,STRO,SVC,SYBT,TCBI,TCOM,TENX,TH,TMUS,TNDM,TTD,TTMI,UAL,ULH,ULTA,VCYT,VIRT,VKTX,VOD,VRDN,VREX,VRNT,VSAT,WB,WBD,WDC,WEN,WSFS,XXII,Z,ZBRA
ABAT,0.0,0.238,-0.167,0.111,0.346,0.284,0.394,0.431,0.046,0.193,-0.054,0.54,0.089,0.035,0.237,-0.302,0.084,-0.149,0.264,0.38,-0.052,-0.081,0.175,0.272,0.072,0.036,0.06,0.063,0.118,0.226,0.168,0.384,-0.381,-0.11,-0.043,0.073,-0.167,0.127,0.105,0.136,0.088,0.072,0.255,0.081,0.065,-0.211,0.389,0.195,0.086,0.303,0.204,0.247,0.031,0.165,-0.127,0.012,0.21,0.266,-0.071,0.161,0.121,-0.345,-0.1,0.1,0.151,0.083,-0.037,0.008,0.178,0.44,0.08,0.232,0.3,0.14,0.311,0.363,0.091,0.326,0.162,0.218,0.224,0.078,0.084,-0.017,0.215,0.111,0.063,-0.015,0.197,0.171,0.14,-0.02,0.102,0.171,0.34,0.056,0.249,-0.142,0.054,0.045,0.102,0.157,0.033,0.017,0.08,-0.057,0.469,0.205,-0.237,-0.166,0.362,0.154,0.367,0.048,-0.033,0.119,0.198,0.189,0.142,0.229,-0.089,0.191,0.176,0.091,-0.296,-0.017,0.068,-0.204,0.075,0.095,0.25,0.211,0.037,0.161,0.018,-0.261,0.185,-0.047,0.011,0.307,0.123,0.255,0.306,0.477,-0.091,0.246,0.161,-0.067,-0.06,0.366,0.008,0.222,-0.004,0.409,0.159,0.037,0.312,-0.014,0.221,0.073,0.003,0.071,0.174,0.177,0.162,0.077,0.369,0.311,0.432,0.198,0.312,0.245,-0.039,0.134,-0.008,0.051,0.119,-0.055,-0.114,0.199,0.174,0.051,0.144,0.004,0.208,-0.006,0.267,0.207,-0.096,0.32,0.153,0.063,-0.46,0.113,0.103,0.039,0.362,0.08,-0.043,0.128
ACLS,0.238,0.0,0.607,0.095,0.152,0.66,0.904,0.455,0.493,0.765,0.803,-0.273,0.612,-0.067,-0.082,-0.722,0.835,0.436,0.893,0.104,0.096,0.777,-0.425,0.083,0.67,0.798,0.646,0.824,0.684,0.88,0.769,0.679,-0.295,0.426,0.166,0.961,0.362,0.845,0.434,0.89,0.886,0.815,0.81,-0.231,0.884,-0.245,-0.27,-0.338,0.687,0.84,-0.535,0.753,0.131,0.691,0.75,0.781,0.391,-0.185,0.737,0.859,0.949,-0.792,-0.516,0.909,0.464,0.914,-0.283,0.42,0.907,0.489,0.734,0.863,-0.111,-0.362,0.808,0.707,-0.524,0.846,0.159,0.487,-0.277,0.903,0.876,0.329,0.488,-0.459,0.871,-0.68,0.929,0.089,0.719,-0.422,-0.166,0.909,0.631,0.695,0.266,0.355,-0.319,0.775,0.838,0.863,0.282,0.831,0.356,-0.744,0.431,0.673,0.675,0.484,0.568,0.671,-0.068,0.682,0.79,0.892,0.231,0.706,-0.235,0.355,0.097,0.819,0.952,0.832,0.692,0.924,0.623,-0.674,0.332,-0.504,0.623,-0.573,0.852,0.357,0.895,-0.61,0.597,0.862,0.748,0.462,-0.161,0.371,0.823,0.691,-0.394,0.339,0.618,0.556,0.674,0.547,0.069,0.908,-0.868,-0.086,0.148,0.721,0.517,-0.324,0.177,0.523,0.06,0.005,-0.156,0.827,0.41,0.796,0.344,0.074,0.54,-0.356,0.854,0.75,0.591,-0.189,0.807,0.631,0.873,-0.629,0.413,-0.082,-0.396,0.541,0.041,0.777,0.91,-0.431,0.823,0.094,0.046,0.81,0.879,-0.055,0.516,-0.205,0.108,-0.792,0.041,-0.064,0.457,0.871
ACMR,-0.167,0.607,0.0,-0.516,-0.416,0.049,0.316,-0.05,0.599,0.692,0.712,-0.419,0.648,-0.451,-0.661,-0.259,0.84,0.687,0.685,-0.618,-0.228,0.747,-0.845,-0.654,0.628,0.869,0.724,0.794,0.168,0.331,0.25,-0.049,-0.284,0.6,0.13,0.69,0.688,0.804,0.488,0.697,0.763,0.228,0.698,-0.732,0.862,-0.526,-0.591,-0.84,0.443,0.364,-0.569,0.714,-0.472,0.822,0.344,0.432,-0.131,-0.762,0.634,0.763,0.778,-0.635,-0.778,0.671,0.583,0.552,-0.642,0.044,0.584,0.499,0.615,0.661,-0.683,-0.873,0.342,0.133,-0.923,0.476,0.165,-0.162,-0.8,0.675,0.589,-0.34,-0.094,-0.699,0.789,-0.395,0.549,-0.583,0.698,-0.712,-0.652,0.6,-0.008,0.884,-0.377,0.876,-0.845,0.618,0.665,0.478,-0.103,0.848,0.322,-0.794,-0.114,0.288,0.884,0.775,-0.07,0.66,-0.724,0.038,0.604,0.471,-0.063,0.271,-0.232,-0.448,0.332,0.618,0.601,0.54,0.415,0.758,0.388,-0.702,0.167,-0.895,0.177,-0.789,0.855,-0.323,0.541,-0.6,0.844,0.785,0.894,0.429,-0.509,-0.305,0.716,0.273,-0.784,0.577,0.105,0.951,0.268,0.227,-0.191,0.633,-0.806,-0.33,-0.589,0.504,0.385,-0.243,0.285,0.702,-0.503,-0.561,-0.818,0.604,0.431,0.822,-0.279,-0.652,0.011,-0.867,0.288,0.084,0.859,-0.782,0.75,0.041,0.677,-0.896,0.916,-0.746,-0.902,0.02,-0.622,0.271,0.698,-0.827,0.632,-0.508,-0.453,0.569,0.406,-0.611,0.668,-0.708,-0.557,-0.799,-0.619,-0.592,-0.125,0.423
ADMA,0.111,0.095,-0.516,0.0,0.729,0.542,0.386,0.216,-0.043,-0.025,-0.11,0.181,-0.143,0.552,0.687,-0.153,-0.335,-0.402,-0.099,0.755,0.416,-0.189,0.587,0.836,0.055,-0.302,-0.38,-0.192,0.491,0.307,0.326,0.669,0.247,-0.416,0.137,0.022,-0.504,-0.152,0.022,-0.089,-0.203,0.4,-0.113,0.826,-0.241,0.49,0.388,0.714,0.078,0.256,0.379,-0.036,0.549,-0.514,0.234,0.315,0.431,0.709,-0.271,-0.11,-0.063,0.207,0.533,-0.089,-0.278,0.202,0.523,0.599,0.132,-0.32,0.071,-0.129,0.717,0.627,0.3,0.396,0.561,0.182,0.009,0.732,0.721,0.029,0.13,0.784,0.515,0.298,-0.046,-0.059,0.139,0.856,-0.136,0.583,0.671,0.07,0.447,-0.456,0.769,-0.641,0.691,-0.091,-0.138,0.226,0.511,-0.239,-0.051,0.396,0.505,0.244,-0.409,-0.471,0.433,-0.005,0.757,0.56,-0.125,0.215,0.42,0.394,0.034,0.671,-0.521,-0.171,0.073,0.193,0.123,-0.095,0.215,0.309,0.337,0.599,0.263,0.408,-0.245,0.659,0.223,0.128,-0.527,-0.062,-0.293,-0.144,0.561,0.745,-0.147,0.03,0.635,-0.291,0.371,-0.549,0.464,0.242,0.115,0.016,0.224,0.459,0.791,0.181,0.023,-0.046,-0.242,-0.129,0.619,0.661,0.748,0.162,-0.093,-0.252,0.635,0.78,0.447,0.701,0.339,0.551,-0.435,0.708,-0.113,0.552,0.05,0.546,-0.592,0.823,0.682,0.688,0.822,0.398,-0.058,0.65,-0.098,0.757,0.403,-0.027,0.278,0.815,-0.103,0.76,0.804,0.234,0.74,0.682,0.638,0.207
ADUS,0.346,0.152,-0.416,0.729,0.0,0.664,0.433,0.352,0.253,0.222,0.023,0.46,0.177,0.513,0.673,-0.175,-0.181,-0.179,-0.037,0.635,0.33,-0.073,0.61,0.749,0.178,-0.108,-0.208,-0.08,0.463,0.322,0.386,0.688,-0.005,-0.218,0.18,0.063,-0.413,-0.076,0.269,0.103,-0.118,0.294,0.082,0.747,-0.103,0.318,0.589,0.621,0.181,0.387,0.394,0.154,0.282,-0.252,0.154,0.333,0.286,0.63,-0.237,0.12,0.037,0.048,0.31,0.015,-0.01,0.297,0.517,0.581,0.273,0.039,0.278,0.062,0.736,0.455,0.465,0.532,0.416,0.319,0.28,0.685,0.683,0.15,0.243,0.533,0.605,0.343,0.076,-0.03,0.199,0.667,0.036,0.504,0.572,0.169,0.546,-0.234,0.689,-0.54,0.52,-0.104,-0.091,0.368,0.488,-0.112,0.186,0.336,0.623,0.308,-0.339,-0.453,0.546,0.21,0.682,0.51,-0.025,0.252,0.479,0.449,0.249,0.555,-0.423,0.001,0.124,0.304,-0.065,-0.058,0.371,0.083,0.554,0.441,0.435,0.352,-0.104,0.633,0.254,-0.139,-0.278,0.023,-0.097,0.099,0.564,0.752,0.059,0.361,0.476,0.047,0.416,-0.369,0.459,0.457,-0.073,0.201,0.122,0.554,0.644,0.302,0.382,0.018,0.085,0.15,0.487,0.466,0.614,0.354,0.239,-0.031,0.675,0.788,0.64,0.631,0.442,0.597,-0.281,0.466,0.004,0.442,0.177,0.37,-0.43,0.678,0.552,0.623,0.742,0.301,0.13,0.415,0.167,0.688,0.184,0.249,0.387,0.686,-0.138,0.756,0.654,0.264,0.715,0.423,0.538,0.22
ADVM,0.284,0.66,0.049,0.542,0.664,0.0,0.799,0.622,0.45,0.602,0.566,0.216,0.525,0.342,0.408,-0.514,0.383,0.214,0.518,0.483,0.432,0.528,0.13,0.58,0.544,0.434,0.351,0.417,0.809,0.782,0.786,0.859,-0.098,0.148,0.199,0.609,0.004,0.417,0.314,0.605,0.515,0.716,0.525,0.379,0.466,0.216,0.362,0.265,0.611,0.825,-0.093,0.496,0.379,0.25,0.646,0.792,0.532,0.386,0.424,0.55,0.572,-0.395,-0.028,0.609,0.292,0.776,0.249,0.567,0.762,0.308,0.653,0.632,0.468,0.19,0.85,0.84,0.009,0.626,0.247,0.857,0.317,0.669,0.757,0.542,0.794,0.095,0.546,-0.531,0.755,0.509,0.443,0.086,0.32,0.675,0.849,0.227,0.653,-0.145,0.208,0.446,0.479,0.8,0.554,0.356,0.359,-0.183,0.75,0.693,0.179,0.02,0.818,0.465,0.408,0.805,0.543,0.719,0.518,0.711,0.168,0.634,-0.329,0.576,0.705,0.764,0.483,0.545,0.608,-0.355,0.642,0.038,0.798,-0.149,0.449,0.822,0.739,-0.361,0.199,0.57,0.397,0.373,0.288,0.726,0.489,0.613,0.165,0.147,0.733,0.029,0.769,0.709,0.033,0.659,-0.461,0.295,0.617,0.765,0.652,-0.028,0.219,0.372,0.499,0.415,0.363,0.718,0.449,0.423,0.704,0.63,0.77,0.186,0.872,0.86,0.156,0.255,0.549,0.785,0.628,-0.057,-0.082,0.477,0.123,0.761,0.538,0.724,0.645,0.0,0.661,0.516,0.239,0.71,0.822,0.546,0.343,0.431,0.496,-0.286,0.529,0.292,0.726,0.746
AEIS,0.394,0.904,0.316,0.386,0.433,0.799,0.0,0.563,0.375,0.676,0.639,-0.067,0.493,0.133,0.176,-0.735,0.626,0.199,0.767,0.382,0.19,0.609,-0.102,0.392,0.609,0.593,0.472,0.655,0.788,0.893,0.812,0.863,-0.284,0.257,0.17,0.834,0.117,0.685,0.386,0.79,0.714,0.842,0.729,0.091,0.691,-0.102,0.004,-0.032,0.646,0.865,-0.316,0.669,0.294,0.476,0.691,0.769,0.471,0.122,0.547,0.73,0.8,-0.684,-0.304,0.774,0.346,0.875,-0.078,0.527,0.859,0.414,0.689,0.736,0.203,-0.065,0.859,0.796,-0.255,0.848,0.222,0.693,0.013,0.812,0.821,0.485,0.678,-0.251,0.744,-0.608,0.87,0.391,0.592,-0.138,0.072,0.838,0.764,0.45,0.5,0.031,-0.046,0.649,0.665,0.845,0.398,0.618,0.303,-0.526,0.648,0.736,0.396,0.236,0.724,0.58,0.237,0.764,0.643,0.836,0.351,0.72,-0.17,0.566,-0.126,0.696,0.86,0.821,0.565,0.757,0.618,-0.524,0.411,-0.222,0.686,-0.286,0.643,0.548,0.862,-0.544,0.381,0.738,0.558,0.44,0.074,0.57,0.705,0.745,-0.13,0.299,0.696,0.272,0.725,0.664,0.115,0.818,-0.666,0.083,0.415,0.726,0.535,-0.266,0.132,0.418,0.291,0.219,0.164,0.799,0.406,0.624,0.564,0.395,0.662,-0.048,0.91,0.871,0.36,0.084,0.678,0.757,0.791,-0.363,0.129,0.243,-0.082,0.667,0.321,0.773,0.81,-0.201,0.756,0.36,0.162,0.772,0.871,0.224,0.36,0.122,0.344,-0.592,0.324,0.147,0.585,0.844
AGNCM,0.431,0.455,-0.05,0.216,0.352,0.622,0.563,0.0,0.151,0.306,0.302,0.257,0.143,0.12,0.271,-0.469,0.283,-0.013,0.399,0.386,0.235,0.336,0.109,0.38,0.22,0.241,0.383,0.23,0.402,0.648,0.571,0.607,-0.304,0.006,-0.029,0.354,0.011,0.222,-0.031,0.4,0.399,0.512,0.326,0.119,0.305,-0.008,0.413,0.176,0.412,0.556,-0.038,0.259,0.302,0.264,0.406,0.439,0.311,0.299,0.374,0.324,0.364,-0.407,-0.056,0.423,0.194,0.477,0.186,0.172,0.484,0.395,0.335,0.517,0.317,0.275,0.622,0.614,0.025,0.405,0.185,0.524,0.164,0.417,0.462,0.24,0.559,0.101,0.247,-0.417,0.509,0.333,0.284,-0.119,0.185,0.449,0.594,0.148,0.376,-0.126,0.117,0.272,0.418,0.497,0.267,0.163,0.167,-0.249,0.529,0.502,0.013,0.023,0.634,0.208,0.333,0.475,0.334,0.455,0.3,0.365,0.189,0.542,-0.24,0.454,0.487,0.459,0.205,0.337,0.263,-0.338,0.275,0.033,0.547,-0.002,0.271,0.566,0.405,-0.166,0.238,0.291,0.167,0.461,-0.04,0.409,0.401,0.598,0.016,0.124,0.457,-0.066,0.36,0.563,0.095,0.474,-0.32,-0.018,0.48,0.398,0.398,-0.178,0.224,0.12,0.403,0.293,0.296,0.339,0.312,0.248,0.488,0.457,0.425,0.128,0.606,0.522,0.032,0.21,0.34,0.443,0.347,-0.089,-0.151,0.287,0.054,0.284,0.281,0.474,0.465,-0.1,0.534,0.238,0.247,0.534,0.517,0.284,0.055,0.166,0.274,-0.219,0.323,0.092,0.317,0.512
AHCO,0.046,0.493,0.599,-0.043,0.253,0.45,0.375,0.151,0.0,0.742,0.684,0.047,0.755,-0.146,-0.066,-0.203,0.599,0.63,0.534,-0.279,0.004,0.606,-0.324,-0.126,0.717,0.719,0.481,0.524,0.393,0.377,0.422,0.239,-0.351,0.398,0.465,0.548,0.254,0.587,0.793,0.613,0.563,0.189,0.597,-0.124,0.668,-0.222,0.063,-0.299,0.569,0.537,-0.127,0.799,-0.44,0.584,0.331,0.621,-0.009,-0.243,0.354,0.734,0.632,-0.442,-0.547,0.575,0.756,0.597,-0.175,0.299,0.641,0.599,0.813,0.632,-0.12,-0.572,0.623,0.478,-0.567,0.619,0.293,0.27,-0.207,0.673,0.674,-0.124,0.288,-0.247,0.719,-0.368,0.572,-0.265,0.686,-0.395,-0.22,0.53,0.348,0.708,0.084,0.489,-0.468,0.324,0.445,0.638,0.346,0.651,0.631,-0.41,0.321,0.448,0.484,0.268,0.293,0.828,-0.27,0.27,0.484,0.49,0.361,0.459,0.302,-0.19,0.015,0.531,0.502,0.645,0.167,0.493,0.456,-0.646,0.694,-0.572,0.51,-0.481,0.681,0.074,0.5,-0.69,0.595,0.64,0.737,0.6,-0.125,0.169,0.632,0.381,-0.495,0.595,0.371,0.634,0.553,0.585,-0.537,0.701,-0.52,0.262,-0.165,0.647,0.711,-0.014,0.639,0.78,-0.226,-0.291,-0.402,0.712,0.684,0.738,0.17,-0.109,0.53,-0.39,0.488,0.331,0.643,-0.506,0.663,0.199,0.695,-0.51,0.646,-0.284,-0.478,0.317,-0.154,0.313,0.694,-0.515,0.669,0.002,-0.49,0.713,0.578,-0.082,0.518,-0.096,-0.196,-0.455,-0.103,-0.393,0.21,0.44
ALGT,0.193,0.765,0.692,-0.025,0.222,0.602,0.676,0.306,0.742,0.0,0.734,0.013,0.815,-0.183,-0.268,-0.373,0.8,0.562,0.799,-0.128,0.029,0.769,-0.532,-0.155,0.779,0.835,0.727,0.844,0.513,0.631,0.585,0.513,-0.364,0.504,0.115,0.781,0.514,0.798,0.619,0.818,0.753,0.447,0.865,-0.297,0.834,-0.386,-0.103,-0.415,0.544,0.632,-0.227,0.847,-0.217,0.717,0.436,0.671,0.059,-0.345,0.566,0.857,0.848,-0.725,-0.597,0.748,0.56,0.793,-0.41,0.436,0.792,0.647,0.813,0.813,-0.196,-0.514,0.693,0.517,-0.649,0.735,0.487,0.392,-0.323,0.788,0.783,-0.01,0.322,-0.427,0.864,-0.41,0.793,-0.111,0.765,-0.431,-0.289,0.853,0.415,0.745,0.125,0.529,-0.55,0.701,0.677,0.749,0.127,0.76,0.385,-0.628,0.353,0.638,0.678,0.578,0.352,0.859,-0.212,0.377,0.591,0.679,0.166,0.631,-0.124,-0.035,0.131,0.678,0.795,0.762,0.412,0.76,0.76,-0.768,0.5,-0.553,0.499,-0.58,0.796,0.193,0.716,-0.692,0.726,0.85,0.877,0.476,-0.146,0.197,0.845,0.598,-0.482,0.625,0.373,0.727,0.554,0.546,-0.06,0.843,-0.764,0.126,-0.133,0.811,0.739,-0.252,0.338,0.841,-0.194,-0.237,-0.413,0.822,0.659,0.814,0.224,-0.097,0.572,-0.48,0.65,0.565,0.684,-0.418,0.756,0.393,0.782,-0.704,0.582,-0.272,-0.57,0.461,-0.127,0.524,0.837,-0.574,0.83,-0.127,-0.343,0.826,0.718,-0.148,0.509,-0.24,-0.126,-0.685,-0.07,-0.327,0.214,0.633
ALLO,-0.054,0.803,0.712,-0.11,0.023,0.566,0.639,0.302,0.684,0.734,0.0,-0.257,0.781,-0.073,-0.179,-0.467,0.866,0.791,0.784,-0.24,0.256,0.911,-0.474,-0.082,0.807,0.885,0.729,0.783,0.617,0.635,0.72,0.382,-0.19,0.66,0.308,0.862,0.503,0.831,0.545,0.901,0.902,0.565,0.779,-0.294,0.897,-0.11,-0.212,-0.412,0.761,0.787,-0.618,0.743,-0.074,0.778,0.756,0.821,0.313,-0.256,0.844,0.863,0.873,-0.617,-0.576,0.922,0.673,0.849,-0.224,0.295,0.88,0.471,0.852,0.81,-0.16,-0.543,0.762,0.622,-0.582,0.726,0.122,0.36,-0.343,0.91,0.886,0.091,0.504,-0.365,0.894,-0.666,0.84,-0.22,0.789,-0.42,-0.21,0.777,0.598,0.818,0.128,0.5,-0.416,0.666,0.78,0.833,0.393,0.857,0.522,-0.633,0.388,0.61,0.786,0.514,0.474,0.656,-0.377,0.598,0.876,0.811,0.244,0.672,0.08,0.107,0.132,0.883,0.859,0.847,0.675,0.88,0.582,-0.675,0.528,-0.612,0.724,-0.728,0.913,0.306,0.829,-0.662,0.672,0.865,0.849,0.502,-0.122,0.247,0.733,0.57,-0.46,0.379,0.634,0.672,0.729,0.534,-0.194,0.84,-0.827,-0.082,-0.0,0.79,0.654,0.022,0.44,0.579,0.046,-0.121,-0.305,0.843,0.594,0.877,0.298,-0.094,0.478,-0.487,0.756,0.573,0.815,-0.434,0.87,0.503,0.847,-0.613,0.595,-0.241,-0.581,0.413,-0.154,0.599,0.887,-0.55,0.834,-0.022,-0.109,0.847,0.803,-0.091,0.758,-0.234,-0.15,-0.726,-0.114,-0.222,0.471,0.829
AMSF,0.54,-0.273,-0.419,0.181,0.46,0.216,-0.067,0.257,0.047,0.013,-0.257,0.0,0.093,0.225,0.31,0.258,-0.31,-0.128,-0.154,0.383,0.202,-0.281,0.349,0.296,-0.105,-0.268,-0.141,-0.257,-0.119,-0.15,-0.017,0.185,-0.026,-0.276,-0.13,-0.364,-0.152,-0.228,-0.018,-0.232,-0.267,-0.283,-0.063,0.343,-0.313,0.15,0.792,0.492,-0.002,-0.009,0.619,-0.097,0.044,-0.207,-0.329,-0.074,0.1,0.458,-0.307,-0.154,-0.274,0.17,0.298,-0.287,-0.055,-0.188,0.307,0.037,-0.113,0.187,-0.096,-0.105,0.493,0.351,0.083,0.219,0.342,-0.148,0.322,0.288,0.48,-0.255,-0.172,-0.074,0.115,0.51,-0.264,0.314,-0.129,0.2,-0.018,0.259,0.365,-0.191,0.201,-0.25,0.309,-0.234,0.28,-0.251,-0.2,-0.083,0.137,-0.342,-0.003,0.433,0.382,-0.071,-0.447,-0.287,0.178,-0.053,0.516,-0.099,-0.328,-0.127,0.28,0.065,0.507,0.112,-0.38,-0.128,-0.212,-0.116,-0.478,-0.363,0.039,0.099,0.292,0.398,0.154,0.322,-0.301,0.298,-0.248,0.125,-0.043,-0.3,-0.225,0.178,0.37,0.231,-0.069,0.063,0.276,0.062,-0.016,-0.308,-0.137,0.245,-0.051,-0.156,0.367,0.62,0.239,-0.05,0.277,0.212,0.189,0.096,0.16,0.265,0.287,-0.061,0.167,-0.277,0.369,0.385,0.316,0.401,-0.008,-0.034,-0.296,0.255,-0.263,-0.124,-0.212,0.314,-0.307,0.372,0.338,0.036,0.233,-0.246,-0.174,0.216,-0.04,0.21,-0.082,0.052,-0.128,0.366,-0.428,0.339,0.121,0.412,0.468,0.165,-0.099,-0.141
ANAB,0.089,0.612,0.648,-0.143,0.177,0.525,0.493,0.143,0.755,0.815,0.781,0.093,0.0,-0.064,-0.186,-0.3,0.714,0.725,0.639,-0.244,0.082,0.732,-0.412,-0.189,0.763,0.8,0.62,0.693,0.436,0.448,0.495,0.296,-0.184,0.574,0.251,0.66,0.449,0.688,0.626,0.747,0.682,0.287,0.729,-0.259,0.753,-0.246,-0.03,-0.396,0.62,0.634,-0.334,0.743,-0.327,0.717,0.396,0.64,0.092,-0.311,0.543,0.822,0.726,-0.564,-0.59,0.695,0.669,0.701,-0.241,0.274,0.742,0.609,0.786,0.726,-0.168,-0.567,0.635,0.499,-0.604,0.601,0.337,0.299,-0.315,0.734,0.718,-0.101,0.318,-0.226,0.779,-0.409,0.655,-0.259,0.741,-0.366,-0.283,0.64,0.465,0.75,0.037,0.54,-0.489,0.51,0.578,0.709,0.214,0.696,0.503,-0.498,0.325,0.472,0.64,0.429,0.338,0.698,-0.319,0.345,0.644,0.628,0.27,0.56,0.16,-0.135,0.118,0.682,0.667,0.719,0.334,0.665,0.6,-0.652,0.59,-0.579,0.59,-0.612,0.758,0.177,0.645,-0.665,0.703,0.735,0.819,0.487,-0.089,0.151,0.713,0.538,-0.481,0.585,0.393,0.678,0.51,0.541,-0.287,0.728,-0.67,0.17,-0.192,0.714,0.785,0.017,0.512,0.772,-0.165,-0.286,-0.413,0.814,0.658,0.773,0.172,-0.119,0.535,-0.472,0.601,0.401,0.678,-0.492,0.72,0.308,0.715,-0.604,0.62,-0.282,-0.525,0.332,-0.17,0.392,0.756,-0.573,0.777,-0.058,-0.3,0.783,0.626,-0.158,0.551,-0.175,-0.209,-0.487,-0.136,-0.348,0.244,0.566
ANDE,0.035,-0.067,-0.451,0.552,0.513,0.342,0.133,0.12,-0.146,-0.183,-0.073,0.225,-0.064,0.0,0.608,0.021,-0.407,-0.135,-0.316,0.576,0.546,-0.193,0.546,0.665,-0.041,-0.375,-0.395,-0.335,0.32,0.028,0.086,0.371,0.579,-0.401,0.209,-0.113,-0.301,-0.157,-0.232,-0.202,-0.259,0.213,-0.276,0.692,-0.304,0.689,0.31,0.717,0.001,0.179,0.046,-0.294,0.623,-0.498,0.204,0.224,0.658,0.717,-0.19,-0.246,-0.199,0.475,0.628,-0.158,-0.349,0.008,0.569,0.481,-0.012,-0.403,-0.095,-0.215,0.708,0.562,0.147,0.271,0.64,-0.128,-0.342,0.498,0.689,-0.112,-0.011,0.642,0.381,0.407,-0.198,-0.006,-0.011,0.697,-0.289,0.495,0.79,-0.159,0.376,-0.479,0.695,-0.535,0.701,-0.188,-0.148,0.097,0.591,-0.224,0.059,0.549,0.456,-0.054,-0.369,-0.455,0.315,-0.29,0.571,0.443,0.032,0.076,0.435,0.228,0.284,0.519,-0.506,-0.168,-0.079,0.07,0.146,-0.148,-0.003,0.513,0.346,0.577,0.252,0.322,-0.253,0.585,0.107,0.382,-0.532,-0.191,-0.353,-0.213,0.587,0.703,-0.406,-0.062,0.686,-0.498,0.364,-0.544,0.271,0.095,0.137,-0.195,0.232,0.208,0.656,-0.058,-0.067,0.186,-0.223,-0.262,0.632,0.742,0.609,0.057,-0.287,-0.375,0.541,0.65,0.148,0.674,0.144,0.328,-0.339,0.659,-0.139,0.336,-0.038,0.621,-0.446,0.688,0.642,0.544,0.703,0.225,-0.229,0.623,-0.258,0.716,0.617,-0.142,0.094,0.724,-0.049,0.675,0.669,0.448,0.683,0.751,0.579,0.096
APLS,0.237,-0.082,-0.661,0.687,0.673,0.408,0.176,0.271,-0.066,-0.268,-0.179,0.31,-0.186,0.608,0.0,-0.166,-0.471,-0.349,-0.325,0.668,0.303,-0.354,0.814,0.872,-0.17,-0.404,-0.515,-0.542,0.395,0.183,0.208,0.457,0.177,-0.573,0.429,-0.168,-0.769,-0.371,-0.126,-0.184,-0.278,0.24,-0.373,0.862,-0.35,0.588,0.547,0.825,0.15,0.255,0.211,-0.195,0.427,-0.501,0.198,0.184,0.519,0.87,-0.355,-0.202,-0.23,0.315,0.492,-0.153,-0.069,-0.007,0.809,0.193,0.034,-0.268,-0.043,-0.179,0.774,0.681,0.292,0.455,0.703,-0.002,-0.34,0.563,0.769,-0.062,0.026,0.643,0.569,0.495,-0.256,-0.201,0.016,0.72,-0.227,0.475,0.692,-0.234,0.519,-0.473,0.691,-0.724,0.807,-0.462,-0.23,0.181,0.639,-0.364,0.312,0.493,0.5,0.054,-0.659,-0.827,0.537,-0.207,0.715,0.483,-0.022,0.051,0.63,0.152,0.491,0.678,-0.541,-0.134,-0.139,0.118,-0.114,-0.279,-0.209,0.413,0.393,0.545,0.402,0.608,-0.342,0.588,0.037,0.206,-0.603,-0.268,-0.484,0.008,0.529,0.683,-0.352,0.103,0.594,-0.382,0.427,-0.712,0.297,0.357,-0.173,-0.055,0.336,0.363,0.804,-0.09,-0.083,0.138,0.125,-0.353,0.682,0.58,0.831,0.013,-0.204,-0.361,0.621,0.881,0.403,0.833,0.297,0.377,-0.542,0.729,-0.125,0.387,-0.032,0.711,-0.56,0.821,0.809,0.486,0.781,0.223,-0.147,0.672,-0.163,0.893,0.48,-0.041,0.215,0.704,-0.233,0.815,0.664,0.524,0.706,0.669,0.585,0.091
APPF,-0.302,-0.722,-0.259,-0.153,-0.175,-0.514,-0.735,-0.469,-0.203,-0.373,-0.467,0.258,-0.3,0.021,-0.166,0.0,-0.509,-0.04,-0.565,-0.204,-0.08,-0.462,0.082,-0.233,-0.313,-0.465,-0.288,-0.431,-0.649,-0.777,-0.536,-0.517,0.323,-0.19,-0.293,-0.68,0.084,-0.471,-0.112,-0.605,-0.595,-0.719,-0.493,0.029,-0.561,0.219,0.098,0.179,-0.474,-0.664,0.497,-0.449,-0.199,-0.461,-0.573,-0.501,-0.312,-0.055,-0.486,-0.518,-0.609,0.622,0.39,-0.667,-0.359,-0.607,0.097,-0.113,-0.616,-0.357,-0.418,-0.62,0.032,0.044,-0.633,-0.554,0.25,-0.625,0.015,-0.382,0.183,-0.653,-0.614,-0.293,-0.457,0.061,-0.507,0.745,-0.659,-0.245,-0.325,0.334,0.137,-0.63,-0.625,-0.351,-0.165,-0.059,0.076,-0.455,-0.559,-0.614,-0.138,-0.417,-0.297,0.54,-0.413,-0.602,-0.281,-0.144,-0.594,-0.369,-0.067,-0.587,-0.572,-0.587,-0.206,-0.369,0.137,-0.435,-0.015,-0.591,-0.651,-0.616,-0.421,-0.591,-0.198,0.483,-0.044,0.296,-0.546,0.143,-0.471,-0.323,-0.647,0.429,-0.282,-0.542,-0.382,-0.365,0.155,-0.283,-0.496,-0.68,0.287,-0.19,-0.601,-0.175,-0.385,-0.526,0.009,-0.652,0.594,0.188,-0.255,-0.442,-0.314,0.243,-0.194,-0.121,-0.207,-0.014,-0.092,-0.546,-0.155,-0.466,-0.284,-0.281,-0.417,0.141,-0.733,-0.619,-0.188,-0.085,-0.568,-0.542,-0.622,0.315,-0.147,-0.092,0.08,-0.298,-0.186,-0.574,-0.636,0.298,-0.587,-0.307,-0.277,-0.592,-0.664,-0.018,-0.227,-0.043,-0.209,0.479,-0.044,-0.005,-0.38,-0.604
ASML,0.084,0.835,0.84,-0.335,-0.181,0.383,0.626,0.283,0.599,0.8,0.866,-0.31,0.714,-0.407,-0.471,-0.509,0.0,0.7,0.921,-0.383,-0.069,0.902,-0.699,-0.348,0.702,0.952,0.863,0.916,0.449,0.619,0.625,0.269,-0.465,0.744,0.117,0.887,0.618,0.864,0.554,0.91,0.941,0.466,0.891,-0.601,0.961,-0.479,-0.341,-0.688,0.626,0.636,-0.574,0.824,-0.244,0.935,0.57,0.615,0.038,-0.56,0.841,0.884,0.906,-0.833,-0.788,0.919,0.675,0.785,-0.576,0.135,0.79,0.685,0.773,0.863,-0.446,-0.694,0.625,0.434,-0.807,0.774,0.303,0.148,-0.601,0.861,0.802,-0.172,0.258,-0.528,0.905,-0.56,0.814,-0.403,0.824,-0.62,-0.528,0.852,0.374,0.929,-0.145,0.667,-0.69,0.808,0.824,0.699,0.042,0.899,0.373,-0.862,0.184,0.638,0.877,0.723,0.314,0.742,-0.506,0.334,0.772,0.732,-0.038,0.482,-0.194,-0.083,0.398,0.87,0.863,0.717,0.572,0.883,0.557,-0.868,0.231,-0.77,0.493,-0.778,0.92,0.016,0.715,-0.748,0.848,0.881,0.93,0.516,-0.389,-0.051,0.875,0.615,-0.704,0.577,0.406,0.85,0.492,0.413,-0.072,0.869,-0.876,-0.157,-0.279,0.735,0.599,-0.14,0.394,0.647,-0.259,-0.38,-0.54,0.732,0.619,0.944,0.023,-0.344,0.393,-0.724,0.645,0.44,0.863,-0.615,0.833,0.331,0.784,-0.864,0.705,-0.494,-0.783,0.149,-0.401,0.47,0.911,-0.777,0.877,-0.332,-0.301,0.834,0.697,-0.406,0.611,-0.518,-0.367,-0.884,-0.338,-0.495,0.135,0.727
ATRC,-0.149,0.436,0.687,-0.402,-0.179,0.214,0.199,-0.013,0.63,0.562,0.791,-0.128,0.725,-0.135,-0.349,-0.04,0.7,0.0,0.518,-0.555,0.127,0.737,-0.553,-0.347,0.635,0.734,0.658,0.571,0.291,0.18,0.379,-0.042,-0.131,0.655,0.255,0.564,0.619,0.616,0.5,0.638,0.669,0.093,0.557,-0.431,0.695,-0.07,-0.209,-0.475,0.555,0.451,-0.529,0.57,-0.293,0.699,0.468,0.518,0.124,-0.402,0.664,0.636,0.581,-0.303,-0.53,0.647,0.626,0.491,-0.273,0.035,0.548,0.424,0.648,0.556,-0.281,-0.67,0.411,0.302,-0.568,0.402,0.069,0.023,-0.382,0.613,0.592,-0.248,0.204,-0.299,0.657,-0.331,0.517,-0.519,0.645,-0.438,-0.302,0.457,0.237,0.764,-0.126,0.651,-0.488,0.478,0.618,0.503,0.271,0.715,0.531,-0.424,0.148,0.327,0.716,0.484,0.142,0.467,-0.576,0.208,0.705,0.495,0.115,0.355,0.268,-0.275,0.28,0.71,0.515,0.521,0.433,0.6,0.353,-0.533,0.452,-0.639,0.483,-0.682,0.738,-0.018,0.458,-0.51,0.636,0.628,0.744,0.377,-0.082,-0.04,0.488,0.283,-0.456,0.345,0.37,0.687,0.433,0.267,-0.277,0.551,-0.597,-0.012,-0.296,0.536,0.485,0.245,0.514,0.567,-0.113,-0.26,-0.526,0.557,0.523,0.711,0.04,-0.362,0.279,-0.568,0.37,0.196,0.829,-0.625,0.668,0.136,0.584,-0.548,0.682,-0.452,-0.683,0.124,-0.375,0.182,0.603,-0.57,0.573,-0.261,-0.301,0.609,0.454,-0.28,0.671,-0.354,-0.441,-0.497,-0.296,-0.35,0.166,0.479
AVGO,0.264,0.893,0.685,-0.099,-0.037,0.518,0.767,0.399,0.534,0.799,0.784,-0.154,0.639,-0.316,-0.325,-0.565,0.921,0.518,0.0,-0.084,0.032,0.816,-0.608,-0.144,0.671,0.85,0.776,0.901,0.494,0.724,0.715,0.495,-0.44,0.588,0.02,0.885,0.522,0.874,0.51,0.862,0.914,0.584,0.897,-0.448,0.89,-0.41,-0.203,-0.488,0.67,0.695,-0.391,0.805,-0.043,0.808,0.583,0.662,0.191,-0.373,0.782,0.844,0.905,-0.853,-0.64,0.889,0.556,0.81,-0.511,0.276,0.816,0.65,0.718,0.859,-0.262,-0.525,0.698,0.564,-0.672,0.824,0.352,0.364,-0.408,0.826,0.793,0.017,0.313,-0.443,0.868,-0.546,0.875,-0.17,0.807,-0.52,-0.355,0.893,0.49,0.81,0.079,0.516,-0.535,0.849,0.834,0.73,0.114,0.84,0.264,-0.793,0.333,0.689,0.756,0.651,0.422,0.746,-0.214,0.44,0.679,0.797,0.046,0.603,-0.236,0.135,0.229,0.823,0.908,0.713,0.582,0.863,0.63,-0.825,0.249,-0.59,0.524,-0.69,0.837,0.202,0.748,-0.677,0.767,0.828,0.83,0.517,-0.282,0.129,0.887,0.627,-0.572,0.48,0.455,0.704,0.532,0.47,0.042,0.867,-0.815,0.029,-0.068,0.724,0.606,-0.223,0.275,0.613,-0.151,-0.17,-0.353,0.736,0.566,0.845,0.195,-0.162,0.525,-0.543,0.725,0.553,0.714,-0.391,0.753,0.438,0.771,-0.764,0.515,-0.269,-0.597,0.289,-0.238,0.564,0.893,-0.617,0.851,-0.186,-0.213,0.829,0.738,-0.206,0.459,-0.409,-0.168,-0.886,-0.096,-0.303,0.198,0.801
AVT,0.38,0.104,-0.618,0.755,0.635,0.483,0.382,0.386,-0.279,-0.128,-0.24,0.383,-0.244,0.576,0.668,-0.204,-0.383,-0.555,-0.084,0.0,0.417,-0.306,0.587,0.813,-0.175,-0.426,-0.41,-0.235,0.276,0.325,0.246,0.708,0.312,-0.531,-0.101,-0.056,-0.45,-0.161,-0.271,-0.181,-0.219,0.45,-0.156,0.7,-0.318,0.434,0.437,0.778,0.015,0.24,0.384,-0.262,0.731,-0.521,0.15,0.171,0.555,0.773,-0.233,-0.211,-0.104,0.124,0.632,-0.142,-0.465,0.102,0.512,0.495,0.057,-0.285,-0.179,-0.095,0.734,0.757,0.254,0.448,0.651,0.051,-0.06,0.682,0.743,-0.117,-0.029,0.779,0.376,0.376,-0.224,-0.006,0.106,0.859,-0.207,0.488,0.75,0.023,0.477,-0.546,0.787,-0.7,0.719,-0.08,-0.108,0.136,0.353,-0.305,-0.207,0.377,0.502,0.073,-0.48,-0.423,0.453,-0.185,0.931,0.504,-0.187,0.194,0.354,0.357,0.013,0.815,-0.524,-0.192,0.059,0.044,0.092,-0.115,0.162,0.354,0.139,0.699,0.198,0.423,-0.316,0.708,0.128,0.357,-0.484,-0.21,-0.44,-0.132,0.466,0.737,-0.16,0.091,0.662,-0.458,0.281,-0.644,0.214,0.17,0.363,-0.069,0.238,0.334,0.816,-0.037,-0.059,-0.145,-0.392,-0.287,0.588,0.781,0.791,0.007,-0.27,-0.409,0.633,0.809,0.317,0.759,0.283,0.459,-0.586,0.848,-0.259,0.442,-0.066,0.535,-0.696,0.852,0.774,0.545,0.789,0.395,-0.135,0.689,-0.158,0.685,0.572,-0.086,0.191,0.745,-0.37,0.617,0.832,0.275,0.839,0.735,0.473,0.187
AXDX,-0.052,0.096,-0.228,0.416,0.33,0.432,0.19,0.235,0.004,0.029,0.256,0.202,0.082,0.546,0.303,-0.08,-0.069,0.127,0.032,0.417,0.0,0.197,0.176,0.481,0.2,-0.094,-0.065,0.007,0.353,0.152,0.304,0.376,0.461,0.005,0.016,0.102,0.043,0.146,-0.166,0.035,0.068,0.284,0.063,0.413,-0.04,0.608,0.285,0.482,0.151,0.27,0.026,-0.131,0.594,-0.205,0.389,0.428,0.547,0.543,0.268,-0.064,0.033,0.241,0.441,0.145,-0.183,0.172,0.296,0.477,0.167,-0.258,0.101,0.023,0.55,0.369,0.271,0.342,0.428,0.015,-0.114,0.558,0.511,0.106,0.191,0.494,0.385,0.35,0.033,-0.156,0.244,0.431,0.034,0.335,0.637,0.161,0.498,-0.203,0.596,-0.292,0.418,0.174,0.126,0.224,0.47,-0.05,-0.073,0.37,0.532,0.223,-0.018,-0.021,0.312,-0.097,0.327,0.554,0.129,0.282,0.217,0.52,0.212,0.467,-0.331,0.105,0.208,0.238,0.398,0.111,0.312,0.176,0.297,0.443,0.431,-0.041,-0.004,0.679,0.231,0.222,-0.241,0.071,-0.057,-0.164,0.493,0.636,-0.144,0.022,0.478,-0.418,0.486,-0.26,0.409,0.119,0.165,0.012,0.004,0.223,0.564,0.228,0.169,0.362,-0.16,-0.116,0.603,0.626,0.421,0.174,0.006,-0.135,0.58,0.461,0.274,0.385,0.299,0.415,-0.024,0.462,0.034,0.411,0.093,0.363,-0.269,0.527,0.277,0.433,0.487,0.307,0.01,0.349,0.012,0.448,0.462,0.1,0.233,0.672,0.177,0.42,0.428,0.066,0.553,0.523,0.598,0.347
AXSM,-0.081,0.777,0.747,-0.189,-0.073,0.528,0.609,0.336,0.606,0.769,0.911,-0.281,0.732,-0.193,-0.354,-0.462,0.902,0.737,0.816,-0.306,0.197,0.0,-0.604,-0.195,0.789,0.895,0.833,0.846,0.571,0.631,0.698,0.326,-0.292,0.729,0.118,0.863,0.636,0.829,0.481,0.883,0.905,0.521,0.841,-0.408,0.903,-0.201,-0.217,-0.512,0.671,0.693,-0.565,0.727,-0.067,0.814,0.689,0.764,0.157,-0.379,0.884,0.829,0.851,-0.649,-0.613,0.904,0.612,0.829,-0.378,0.286,0.822,0.538,0.826,0.856,-0.253,-0.557,0.698,0.497,-0.653,0.692,0.26,0.321,-0.436,0.884,0.872,-0.031,0.409,-0.39,0.874,-0.604,0.83,-0.242,0.77,-0.435,-0.308,0.837,0.483,0.816,0.027,0.547,-0.524,0.797,0.801,0.771,0.219,0.821,0.353,-0.684,0.324,0.699,0.834,0.662,0.425,0.663,-0.439,0.494,0.815,0.749,0.073,0.58,-0.064,0.019,0.19,0.856,0.859,0.807,0.693,0.877,0.616,-0.74,0.387,-0.623,0.626,-0.762,0.874,0.237,0.789,-0.621,0.731,0.9,0.892,0.472,-0.23,0.121,0.765,0.577,-0.475,0.444,0.548,0.718,0.654,0.488,-0.093,0.818,-0.843,-0.137,-0.086,0.829,0.644,0.003,0.348,0.65,-0.012,-0.171,-0.391,0.768,0.665,0.857,0.166,-0.197,0.43,-0.592,0.69,0.53,0.818,-0.459,0.864,0.479,0.801,-0.676,0.588,-0.318,-0.68,0.296,-0.218,0.584,0.873,-0.663,0.858,-0.18,-0.156,0.827,0.748,-0.172,0.775,-0.304,-0.187,-0.789,-0.198,-0.332,0.343,0.795
AZN,0.175,-0.425,-0.845,0.587,0.61,0.13,-0.102,0.109,-0.324,-0.532,-0.474,0.349,-0.412,0.546,0.814,0.082,-0.699,-0.553,-0.608,0.587,0.176,-0.604,0.0,0.766,-0.363,-0.665,-0.676,-0.727,0.088,-0.154,-0.057,0.185,0.218,-0.542,0.219,-0.505,-0.822,-0.649,-0.205,-0.445,-0.601,-0.072,-0.56,0.864,-0.661,0.528,0.598,0.825,-0.175,-0.079,0.428,-0.459,0.335,-0.678,-0.146,-0.169,0.187,0.819,-0.612,-0.485,-0.58,0.52,0.613,-0.489,-0.288,-0.3,0.769,0.074,-0.3,-0.356,-0.278,-0.496,0.769,0.748,-0.052,0.124,0.819,-0.215,-0.214,0.288,0.774,-0.394,-0.315,0.428,0.393,0.601,-0.542,0.189,-0.389,0.602,-0.483,0.735,0.656,-0.505,0.227,-0.692,0.483,-0.897,0.825,-0.672,-0.568,-0.172,0.372,-0.638,0.018,0.691,0.292,-0.147,-0.816,-0.903,0.272,-0.472,0.666,0.146,-0.369,-0.286,0.368,-0.114,0.392,0.5,-0.438,-0.433,-0.466,-0.223,-0.376,-0.598,-0.323,0.598,0.162,0.717,0.097,0.773,-0.642,0.379,-0.281,0.327,-0.752,-0.571,-0.704,-0.14,0.505,0.445,-0.553,-0.074,0.688,-0.341,0.143,-0.844,0.012,0.094,-0.118,-0.395,0.671,0.316,0.644,-0.286,-0.19,0.244,-0.013,-0.541,0.579,0.495,0.855,-0.285,-0.216,-0.568,0.449,0.768,0.133,0.873,-0.042,0.087,-0.687,0.674,-0.465,0.108,-0.39,0.844,-0.733,0.787,0.89,0.173,0.691,-0.097,-0.447,0.741,-0.403,0.709,0.394,-0.321,-0.144,0.611,-0.434,0.849,0.622,0.751,0.62,0.56,0.348,-0.234
BANR,0.272,0.083,-0.654,0.836,0.749,0.58,0.392,0.38,-0.126,-0.155,-0.082,0.296,-0.189,0.665,0.872,-0.233,-0.348,-0.347,-0.144,0.813,0.481,-0.195,0.766,0.0,-0.028,-0.357,-0.397,-0.325,0.538,0.316,0.427,0.663,0.185,-0.406,0.253,-0.011,-0.585,-0.198,-0.092,-0.065,-0.169,0.413,-0.165,0.885,-0.273,0.649,0.561,0.859,0.179,0.36,0.241,-0.148,0.672,-0.471,0.336,0.32,0.601,0.905,-0.182,-0.152,-0.124,0.238,0.577,-0.026,-0.203,0.168,0.699,0.456,0.141,-0.261,0.044,-0.098,0.902,0.733,0.396,0.534,0.739,0.167,-0.159,0.738,0.86,0.032,0.139,0.792,0.69,0.475,-0.13,-0.161,0.157,0.862,-0.152,0.617,0.822,0.005,0.636,-0.471,0.864,-0.804,0.845,-0.17,-0.111,0.264,0.656,-0.268,0.088,0.461,0.659,0.269,-0.522,-0.631,0.652,-0.16,0.819,0.65,0.016,0.234,0.496,0.365,0.273,0.848,-0.513,-0.034,0.063,0.201,0.121,-0.138,0.063,0.363,0.36,0.677,0.459,0.498,-0.275,0.774,0.198,0.158,-0.583,-0.148,-0.392,-0.054,0.619,0.848,-0.228,0.201,0.71,-0.412,0.557,-0.694,0.465,0.331,0.08,0.026,0.271,0.425,0.94,0.113,0.034,0.148,-0.081,-0.324,0.799,0.769,0.928,0.107,-0.081,-0.289,0.785,0.953,0.518,0.85,0.434,0.611,-0.455,0.811,-0.1,0.583,0.028,0.675,-0.685,0.938,0.807,0.621,0.893,0.373,-0.051,0.706,-0.068,0.882,0.58,0.048,0.338,0.863,-0.174,0.877,0.833,0.355,0.886,0.78,0.738,0.298
BBIO,0.072,0.67,0.628,0.055,0.178,0.544,0.609,0.22,0.717,0.779,0.807,-0.105,0.763,-0.041,-0.17,-0.313,0.702,0.635,0.671,-0.175,0.2,0.789,-0.363,-0.028,0.0,0.755,0.597,0.706,0.533,0.499,0.601,0.395,-0.205,0.539,0.236,0.703,0.455,0.791,0.642,0.776,0.704,0.407,0.747,-0.147,0.763,-0.073,-0.081,-0.291,0.633,0.686,-0.318,0.754,-0.156,0.645,0.531,0.761,0.158,-0.2,0.572,0.805,0.751,-0.53,-0.5,0.709,0.617,0.758,-0.203,0.46,0.796,0.474,0.865,0.706,0.0,-0.535,0.723,0.516,-0.503,0.709,0.221,0.365,-0.201,0.8,0.787,0.074,0.47,-0.355,0.849,-0.444,0.69,-0.106,0.698,-0.21,-0.087,0.685,0.476,0.7,0.238,0.41,-0.422,0.546,0.554,0.772,0.362,0.736,0.408,-0.469,0.465,0.561,0.63,0.398,0.439,0.713,-0.288,0.474,0.645,0.668,0.275,0.714,0.062,-0.006,-0.022,0.669,0.715,0.791,0.449,0.704,0.646,-0.537,0.63,-0.48,0.602,-0.599,0.783,0.235,0.739,-0.688,0.605,0.768,0.795,0.506,-0.062,0.313,0.731,0.534,-0.398,0.527,0.506,0.624,0.702,0.58,-0.306,0.742,-0.634,0.129,-0.046,0.782,0.743,-0.009,0.405,0.734,-0.044,-0.133,-0.29,0.835,0.711,0.784,0.343,-0.068,0.492,-0.372,0.63,0.536,0.758,-0.399,0.755,0.428,0.798,-0.524,0.539,-0.186,-0.482,0.483,-0.094,0.523,0.784,-0.451,0.755,0.045,-0.241,0.777,0.682,-0.047,0.656,-0.067,-0.051,-0.565,-0.002,-0.172,0.43,0.687
BCYC,0.036,0.798,0.869,-0.302,-0.108,0.434,0.593,0.241,0.719,0.835,0.885,-0.268,0.8,-0.375,-0.404,-0.465,0.952,0.734,0.85,-0.426,-0.094,0.895,-0.665,-0.357,0.755,0.0,0.827,0.87,0.477,0.603,0.585,0.258,-0.441,0.684,0.19,0.853,0.56,0.827,0.631,0.916,0.918,0.435,0.862,-0.528,0.967,-0.445,-0.314,-0.675,0.67,0.667,-0.564,0.87,-0.354,0.922,0.552,0.665,0.042,-0.542,0.774,0.939,0.912,-0.789,-0.814,0.89,0.76,0.801,-0.463,0.133,0.842,0.673,0.845,0.877,-0.435,-0.737,0.662,0.474,-0.843,0.737,0.287,0.157,-0.616,0.893,0.847,-0.192,0.284,-0.531,0.927,-0.597,0.794,-0.413,0.826,-0.613,-0.54,0.795,0.384,0.945,-0.155,0.702,-0.688,0.693,0.773,0.758,0.117,0.881,0.498,-0.818,0.192,0.578,0.847,0.636,0.318,0.782,-0.528,0.335,0.781,0.692,0.134,0.484,-0.065,-0.15,0.252,0.85,0.822,0.785,0.5,0.873,0.543,-0.839,0.391,-0.832,0.549,-0.765,0.937,0.026,0.737,-0.793,0.873,0.91,0.958,0.588,-0.35,-0.047,0.862,0.572,-0.71,0.655,0.408,0.863,0.527,0.54,-0.232,0.87,-0.884,-0.124,-0.3,0.767,0.652,-0.131,0.485,0.739,-0.267,-0.425,-0.567,0.807,0.664,0.964,0.042,-0.331,0.407,-0.727,0.648,0.402,0.853,-0.665,0.897,0.325,0.837,-0.847,0.76,-0.5,-0.783,0.22,-0.398,0.466,0.926,-0.798,0.898,-0.287,-0.382,0.861,0.71,-0.394,0.692,-0.469,-0.379,-0.824,-0.374,-0.506,0.147,0.686
BHFAP,0.06,0.646,0.724,-0.38,-0.208,0.351,0.472,0.383,0.481,0.727,0.729,-0.141,0.62,-0.395,-0.515,-0.288,0.863,0.658,0.776,-0.41,-0.065,0.833,-0.676,-0.397,0.597,0.827,0.0,0.803,0.296,0.498,0.534,0.19,-0.454,0.693,-0.04,0.702,0.697,0.698,0.383,0.771,0.814,0.325,0.766,-0.614,0.826,-0.442,-0.217,-0.64,0.532,0.495,-0.447,0.678,-0.238,0.846,0.421,0.508,-0.051,-0.535,0.781,0.729,0.747,-0.692,-0.67,0.764,0.554,0.646,-0.514,0.032,0.643,0.647,0.651,0.762,-0.429,-0.561,0.51,0.341,-0.722,0.563,0.411,0.088,-0.566,0.714,0.689,-0.281,0.228,-0.448,0.736,-0.399,0.669,-0.397,0.683,-0.546,-0.508,0.743,0.257,0.801,-0.213,0.659,-0.658,0.716,0.737,0.546,-0.042,0.703,0.24,-0.736,0.14,0.566,0.774,0.715,0.233,0.586,-0.485,0.193,0.64,0.596,-0.103,0.36,-0.126,-0.144,0.341,0.781,0.729,0.582,0.441,0.753,0.528,-0.784,0.189,-0.664,0.391,-0.699,0.795,0.007,0.562,-0.566,0.823,0.755,0.822,0.489,-0.338,-0.154,0.77,0.55,-0.581,0.528,0.282,0.741,0.386,0.344,0.023,0.708,-0.784,-0.217,-0.275,0.682,0.544,-0.125,0.363,0.623,-0.187,-0.324,-0.529,0.58,0.614,0.805,-0.044,-0.352,0.282,-0.7,0.504,0.332,0.745,-0.601,0.703,0.245,0.615,-0.771,0.59,-0.494,-0.773,0.054,-0.4,0.347,0.773,-0.744,0.802,-0.435,-0.297,0.73,0.531,-0.37,0.538,-0.512,-0.43,-0.753,-0.375,-0.502,0.033,0.594
BKR,0.063,0.824,0.794,-0.192,-0.08,0.417,0.655,0.23,0.524,0.844,0.783,-0.257,0.693,-0.335,-0.542,-0.431,0.916,0.571,0.901,-0.235,0.007,0.846,-0.727,-0.325,0.706,0.87,0.803,0.0,0.391,0.591,0.582,0.372,-0.328,0.728,-0.117,0.853,0.722,0.884,0.52,0.845,0.84,0.498,0.921,-0.548,0.881,-0.457,-0.381,-0.631,0.502,0.557,-0.415,0.764,-0.122,0.805,0.481,0.585,0.03,-0.556,0.773,0.826,0.882,-0.79,-0.637,0.818,0.435,0.787,-0.621,0.358,0.746,0.557,0.681,0.779,-0.397,-0.631,0.546,0.367,-0.757,0.73,0.468,0.217,-0.527,0.77,0.72,-0.069,0.165,-0.534,0.882,-0.383,0.761,-0.265,0.759,-0.481,-0.428,0.897,0.31,0.806,-0.064,0.617,-0.648,0.891,0.752,0.636,-0.063,0.844,0.108,-0.784,0.185,0.586,0.893,0.824,0.224,0.739,-0.375,0.341,0.618,0.733,-0.154,0.577,-0.414,-0.057,0.335,0.731,0.863,0.647,0.604,0.875,0.763,-0.773,0.181,-0.613,0.358,-0.793,0.845,0.089,0.739,-0.674,0.791,0.852,0.897,0.332,-0.279,0.021,0.865,0.537,-0.568,0.52,0.312,0.819,0.464,0.294,0.144,0.781,-0.836,-0.079,-0.248,0.717,0.602,-0.26,0.105,0.695,-0.276,-0.261,-0.511,0.728,0.569,0.856,0.029,-0.331,0.372,-0.67,0.58,0.474,0.777,-0.526,0.698,0.369,0.721,-0.847,0.574,-0.426,-0.719,0.263,-0.317,0.488,0.823,-0.665,0.791,-0.357,-0.264,0.734,0.626,-0.297,0.537,-0.488,-0.24,-0.893,-0.233,-0.397,0.114,0.683
BLDP,0.118,0.684,0.168,0.491,0.463,0.809,0.788,0.402,0.393,0.513,0.617,-0.119,0.436,0.32,0.395,-0.649,0.449,0.291,0.494,0.276,0.353,0.571,0.088,0.538,0.533,0.477,0.296,0.391,0.0,0.736,0.748,0.702,-0.13,0.185,0.441,0.718,-0.088,0.465,0.325,0.667,0.572,0.717,0.522,0.357,0.539,0.205,0.091,0.144,0.606,0.8,-0.385,0.527,0.344,0.291,0.767,0.794,0.548,0.328,0.463,0.563,0.591,-0.341,-0.153,0.683,0.368,0.758,0.144,0.452,0.747,0.221,0.69,0.58,0.336,0.062,0.796,0.743,-0.041,0.676,-0.015,0.735,0.171,0.74,0.799,0.538,0.813,-0.05,0.609,-0.669,0.766,0.457,0.438,0.019,0.212,0.645,0.798,0.305,0.562,-0.133,0.192,0.454,0.534,0.804,0.607,0.454,0.5,-0.269,0.688,0.758,0.262,-0.007,0.752,0.42,0.19,0.813,0.693,0.7,0.499,0.571,0.103,0.547,-0.196,0.635,0.686,0.813,0.606,0.587,0.412,-0.341,0.559,-0.109,0.797,-0.124,0.474,0.639,0.785,-0.442,0.11,0.65,0.44,0.312,0.255,0.623,0.376,0.559,0.087,0.118,0.835,0.085,0.794,0.657,-0.018,0.673,-0.502,0.12,0.542,0.724,0.446,0.083,0.241,0.239,0.53,0.308,0.322,0.718,0.334,0.479,0.622,0.541,0.694,0.103,0.863,0.863,0.288,0.204,0.675,0.806,0.693,-0.056,0.059,0.407,0.061,0.724,0.473,0.693,0.647,-0.049,0.599,0.538,0.284,0.677,0.841,0.402,0.525,0.416,0.421,-0.354,0.361,0.294,0.782,0.759
BLFS,0.226,0.88,0.331,0.307,0.322,0.782,0.893,0.648,0.377,0.631,0.635,-0.15,0.448,0.028,0.183,-0.777,0.619,0.18,0.724,0.325,0.152,0.631,-0.154,0.316,0.499,0.603,0.498,0.591,0.736,0.0,0.788,0.801,-0.284,0.18,0.186,0.817,0.097,0.591,0.24,0.754,0.74,0.898,0.612,0.013,0.7,-0.13,-0.013,-0.09,0.651,0.837,-0.377,0.593,0.278,0.485,0.755,0.756,0.395,0.065,0.603,0.697,0.797,-0.704,-0.327,0.776,0.367,0.867,0.003,0.379,0.835,0.398,0.637,0.799,0.072,-0.02,0.84,0.769,-0.299,0.733,0.16,0.648,-0.082,0.817,0.824,0.473,0.624,-0.23,0.676,-0.753,0.881,0.337,0.547,-0.304,-0.019,0.814,0.72,0.443,0.392,0.113,-0.072,0.595,0.729,0.846,0.336,0.564,0.361,-0.6,0.481,0.686,0.396,0.257,0.72,0.539,0.187,0.77,0.682,0.814,0.363,0.636,-0.118,0.581,-0.108,0.699,0.851,0.815,0.607,0.778,0.506,-0.563,0.349,-0.292,0.667,-0.282,0.654,0.549,0.832,-0.413,0.391,0.738,0.52,0.458,-0.124,0.478,0.677,0.697,-0.175,0.228,0.632,0.25,0.681,0.643,0.084,0.833,-0.738,-0.111,0.412,0.701,0.453,-0.407,0.173,0.38,0.303,0.152,0.125,0.711,0.322,0.586,0.464,0.361,0.548,-0.111,0.884,0.798,0.27,0.094,0.715,0.709,0.766,-0.375,0.152,0.18,-0.136,0.596,0.274,0.852,0.806,-0.248,0.759,0.307,0.217,0.739,0.883,0.174,0.418,0.031,0.314,-0.604,0.188,0.065,0.548,0.802
BLKB,0.168,0.769,0.25,0.326,0.386,0.786,0.812,0.571,0.422,0.585,0.72,-0.017,0.495,0.086,0.208,-0.536,0.625,0.379,0.715,0.246,0.304,0.698,-0.057,0.427,0.601,0.585,0.534,0.582,0.748,0.788,0.0,0.733,-0.306,0.393,0.222,0.755,0.198,0.593,0.433,0.773,0.734,0.737,0.657,0.118,0.639,0.123,0.179,0.041,0.78,0.826,-0.269,0.613,0.32,0.46,0.817,0.828,0.446,0.16,0.653,0.677,0.7,-0.528,-0.242,0.797,0.451,0.859,0.075,0.476,0.817,0.377,0.73,0.691,0.295,-0.061,0.85,0.79,-0.178,0.775,0.259,0.714,0.107,0.797,0.837,0.429,0.768,-0.101,0.705,-0.591,0.834,0.269,0.685,-0.028,0.147,0.758,0.799,0.48,0.501,-0.006,0.035,0.599,0.682,0.833,0.557,0.589,0.332,-0.398,0.609,0.772,0.406,0.195,0.781,0.517,0.169,0.788,0.698,0.857,0.314,0.727,0.034,0.581,-0.093,0.779,0.811,0.794,0.644,0.699,0.607,-0.502,0.513,-0.164,0.798,-0.359,0.613,0.648,0.81,-0.509,0.333,0.691,0.538,0.454,0.127,0.551,0.613,0.673,-0.048,0.191,0.773,0.226,0.839,0.615,-0.016,0.771,-0.562,0.196,0.494,0.757,0.554,-0.038,0.296,0.383,0.436,0.275,0.239,0.701,0.587,0.622,0.589,0.378,0.74,-0.013,0.891,0.819,0.425,0.041,0.677,0.745,0.704,-0.247,0.057,0.279,-0.122,0.591,0.292,0.714,0.771,-0.16,0.748,0.317,0.146,0.773,0.874,0.31,0.497,0.181,0.271,-0.545,0.352,0.122,0.653,0.922
