,ABAT,ACLS,ACMR,ADMA,ADUS,ADVM,AEIS,AGNCM,AHCO,ALGT,ALLO,AMSF,ANAB,ANDE,APLS,APPF,ASML,ATRC,AVGO,AVT,AXDX,AXSM,AZN,BANR,BBIO,BCYC,BHFAP,BKR,BLDP,BLFS,BLKB,BLMN,BNTX,BPMC,CALM,CAMT,CASH,CATY,CCEP,CDLX,CDNS,CENN,CENX,CGC,CHDN,CLBK,COKE,COLB,COO,CORT,CRMT,CRNX,CRTO,CRVL,CSCO,CSQ,CSWI,CVBF,CWST,CYCC,CZR,DLTR,DORM,ENTA,EQIX,ERIC,EVRG,EWBC,EXAS,EXLS,EXPI,EYE,FBNC,FBRX,FCNCA,FELE,FIBK,FLEX,FRGT,FRHC,FRME,FWONA,FWONK,GDEN,GIII,GILD,GLNG,GNTX,GOOGL,GRPN,HCSG,HIMX,HOPE,HST,HTLD,HUT,HWC,ICUI,IESC,INTC,INTU,IOVA,IPAR,IPGP,ISRG,JBSS,KALU,KPRX,KRNT,LAUR,LBRDA,LBTYK,LECO,LILAK,LITE,MANH,MDXG,MFIC,MGEE,MIDD,MLAB,MMSI,MNKD,MOMO,MRVL,NICE,NMFC,NUWE,NVCR,NWBI,OFIX,OFLX,OMCL,OPK,ORKA,ORLY,OTTR,PDD,PNTG,POOL,POWL,PPBI,PPC,PRAA,PRPL,PZZA,QTRX,QURE,RDFN,RDHL,REAL,REG,REYN,RGLD,RIOT,RUN,RYTM,SAIA,SBAC,SBRA,SCVL,SHOO,SLAB,SLDB,SMCI,SMTC,SRCE,SSP,SSRM,STBA,STRO,SVC,SYBT,TCBI,TCOM,TENX,TH,TMUS,TNDM,TTD,TTMI,UAL,ULH,ULTA,VCYT,VIRT,VKTX,VOD,VRDN,VREX,VRNT,VSAT,WB,WBD,WDC,WEN,WSFS,XXII,Z,ZBRA
ABAT,0.0,0.017,0.042,0.525,0.444,0.476,0.544,0.256,0.554,0.546,-0.246,0.566,-0.351,-0.535,0.078,0.426,-0.013,0.277,0.369,0.657,0.397,0.343,-0.528,-0.102,0.545,-0.081,0.432,-0.076,0.004,-0.021,0.477,0.296,0.216,-0.121,-0.585,-0.01,0.207,0.173,0.619,0.196,-0.234,-0.25,0.346,0.5,0.006,-0.137,0.034,0.069,-0.516,0.325,0.556,-0.398,0.341,0.087,-0.501,-0.21,-0.197,-0.275,-0.412,0.309,0.085,-0.293,0.301,-0.358,-0.149,-0.02,-0.681,0.417,0.222,-0.055,0.54,-0.162,0.339,0.087,0.104,0.059,-0.156,0.222,0.58,0.414,0.385,-0.308,-0.178,0.048,-0.161,-0.53,0.286,0.52,-0.175,0.467,0.456,0.486,0.159,0.368,-0.052,-0.018,-0.078,-0.4,0.375,0.419,-0.292,0.291,0.441,0.495,-0.457,0.182,0.406,0.499,-0.2,-0.297,-0.31,0.164,0.558,-0.022,-0.432,0.07,-0.262,0.314,-0.3,0.497,0.589,-0.25,-0.235,0.112,-0.294,-0.282,0.316,-0.54,0.523,0.25,-0.208,0.414,0.047,0.014,0.214,-0.303,0.223,-0.006,0.466,0.39,0.494,0.219,-0.502,0.019,0.143,-0.255,0.411,0.623,0.501,0.164,0.54,0.247,-0.155,0.628,0.094,0.542,0.678,-0.13,-0.338,0.59,-0.507,0.46,0.06,0.483,0.608,-0.039,0.353,0.599,0.392,0.117,-0.175,0.499,-0.168,-0.099,-0.381,0.346,0.061,0.151,-0.485,0.475,0.126,0.247,-0.202,-0.388,0.408,0.224,0.252,-0.274,-0.007,0.454,-0.21,0.238,0.186,0.389,0.434,-0.445,0.192,0.054,0.327,-0.215
ACLS,0.017,0.0,0.573,-0.13,0.137,0.435,0.497,0.398,-0.21,0.244,0.74,-0.295,0.583,0.386,0.749,-0.574,0.91,-0.053,0.786,0.127,-0.066,-0.01,0.098,0.695,-0.066,0.894,0.256,0.87,0.694,0.94,0.391,0.727,-0.228,0.191,0.4,0.93,0.023,0.694,-0.305,0.812,0.863,0.924,0.478,-0.268,0.941,-0.11,-0.121,-0.063,0.44,0.586,-0.535,0.456,0.266,0.675,0.755,0.693,0.584,0.395,0.726,0.817,0.944,-0.747,-0.42,0.793,0.352,0.89,0.278,-0.003,0.71,0.343,-0.025,0.824,-0.023,0.692,0.772,0.881,-0.198,0.806,-0.307,0.305,-0.203,0.881,0.843,0.638,0.787,0.182,0.735,-0.601,0.903,-0.105,0.237,-0.429,-0.013,0.691,0.783,0.751,0.501,0.519,-0.158,0.553,0.8,0.672,-0.076,0.095,0.474,-0.755,0.182,0.04,0.63,0.541,0.752,0.281,0.085,0.801,0.721,0.764,0.875,0.511,-0.107,0.195,-0.367,0.78,0.884,0.756,0.691,0.875,0.316,-0.32,-0.19,-0.357,0.644,-0.49,0.834,0.745,0.665,-0.403,0.629,0.78,0.257,0.195,-0.325,0.491,0.328,0.656,-0.295,0.149,0.219,0.204,-0.063,0.719,-0.117,0.824,-0.525,-0.362,0.569,-0.073,-0.145,-0.35,0.148,-0.173,0.49,-0.052,0.741,0.475,-0.258,0.927,0.325,0.24,0.4,-0.045,0.896,0.382,0.335,0.814,0.804,0.452,0.79,-0.705,0.375,0.024,-0.021,0.471,0.62,0.75,0.706,-0.24,0.82,0.712,0.341,0.6,0.921,-0.045,-0.065,-0.182,0.122,-0.195,0.193,0.252,0.125,0.85
ACMR,0.042,0.573,0.0,0.296,0.324,0.632,0.756,0.35,0.141,0.313,0.563,-0.294,0.118,-0.221,0.641,0.021,0.523,0.471,0.484,0.41,0.461,0.454,-0.436,0.061,0.525,0.577,0.495,0.353,0.695,0.632,0.671,0.36,0.456,-0.098,-0.088,0.713,0.054,0.259,0.214,0.795,0.353,0.579,0.221,0.353,0.575,0.15,-0.623,-0.375,-0.243,0.801,-0.151,-0.271,0.629,0.355,0.313,0.341,0.049,-0.31,0.243,0.685,0.579,-0.41,0.074,0.195,0.017,0.667,-0.294,0.199,0.803,-0.37,0.381,0.289,-0.177,0.733,0.314,0.345,-0.516,0.314,0.244,0.625,-0.214,0.4,0.437,0.645,0.333,-0.462,0.657,-0.023,0.396,0.466,0.176,0.164,-0.134,0.538,0.343,0.148,-0.054,0.182,0.456,0.696,0.311,0.849,0.542,0.657,0.138,-0.315,-0.029,0.576,0.791,-0.037,0.129,-0.183,0.054,0.698,0.378,0.739,0.402,0.381,-0.601,0.685,0.172,0.3,0.342,0.797,0.683,0.571,0.274,-0.302,0.436,-0.425,0.274,-0.13,0.615,0.525,0.865,0.034,-0.039,0.795,0.73,0.101,0.077,0.221,-0.367,0.24,-0.021,-0.525,0.722,0.519,0.492,0.396,0.443,0.45,-0.785,-0.004,0.483,0.524,0.159,-0.528,-0.405,0.324,0.016,0.337,0.52,0.658,0.291,0.398,0.075,0.642,0.292,-0.337,0.344,0.507,-0.21,0.362,0.422,0.762,0.779,-0.162,0.052,0.455,-0.009,0.589,0.211,0.178,0.788,-0.015,0.491,0.124,0.7,0.627,0.493,-0.064,0.588,0.324,0.603,-0.729,-0.236,0.102,0.658,0.35
ADMA,0.525,-0.13,0.296,0.0,0.602,0.644,0.615,0.12,0.87,0.712,-0.302,0.418,-0.585,-0.749,-0.192,0.73,-0.228,0.412,0.232,0.813,0.669,0.477,-0.808,-0.195,0.771,-0.196,0.476,-0.147,0.073,-0.112,0.686,0.342,0.605,-0.125,-0.842,0.004,0.487,0.133,0.903,0.121,-0.43,-0.263,0.29,0.867,-0.095,0.303,-0.137,0.163,-0.715,0.303,0.802,-0.63,0.63,-0.375,-0.508,-0.037,-0.313,-0.51,-0.559,0.261,0.057,0.067,0.743,-0.591,-0.598,0.103,-0.819,0.826,0.243,-0.523,0.849,-0.461,0.428,-0.094,-0.003,-0.133,-0.24,0.06,0.794,0.716,0.567,-0.418,-0.166,0.402,-0.323,-0.807,0.421,0.746,-0.329,0.642,0.628,0.817,0.404,0.44,-0.281,-0.301,-0.061,-0.701,0.676,0.585,-0.481,0.415,0.746,0.685,-0.769,0.459,0.36,0.625,-0.031,-0.213,-0.646,0.242,0.687,0.123,-0.639,0.114,-0.435,0.498,-0.61,0.647,0.668,-0.597,-0.433,0.237,0.011,-0.347,0.633,-0.415,0.807,0.467,-0.359,0.445,0.024,0.136,0.413,-0.017,-0.298,0.171,0.66,0.117,0.799,0.326,-0.718,-0.367,0.575,-0.547,0.559,0.807,0.858,-0.115,0.74,0.154,-0.172,0.795,0.311,0.829,0.833,-0.225,-0.801,0.892,-0.524,0.794,0.124,0.651,0.802,-0.192,0.375,0.685,0.287,0.125,-0.418,0.697,-0.244,-0.089,-0.493,0.674,0.096,0.502,-0.749,0.745,0.035,0.609,-0.09,-0.346,0.377,0.574,0.0,-0.408,0.074,0.297,-0.297,0.601,0.722,0.67,0.752,-0.641,0.198,0.297,0.601,-0.289
ADUS,0.444,0.137,0.324,0.602,0.0,0.645,0.579,0.131,0.62,0.654,-0.097,0.398,-0.059,-0.36,-0.036,0.375,0.028,0.297,0.32,0.654,0.432,0.249,-0.475,0.054,0.505,0.065,0.405,0.218,0.207,0.128,0.478,0.436,0.418,0.069,-0.525,0.229,0.382,0.264,0.563,0.287,-0.176,-0.022,0.529,0.551,0.095,0.013,-0.023,0.101,-0.392,0.324,0.509,-0.306,0.364,-0.12,-0.307,0.135,-0.18,-0.23,-0.325,0.439,0.244,-0.183,0.363,-0.291,-0.349,0.303,-0.547,0.627,0.343,-0.17,0.62,-0.105,0.338,0.187,0.207,0.059,-0.205,0.318,0.576,0.657,0.378,-0.093,0.073,0.329,-0.087,-0.473,0.497,0.453,-0.028,0.34,0.484,0.543,0.24,0.504,-0.029,-0.057,0.117,-0.406,0.354,0.539,-0.174,0.439,0.415,0.432,-0.387,0.16,0.343,0.448,0.082,0.015,-0.285,0.337,0.58,0.169,-0.337,0.2,-0.109,0.473,-0.515,0.411,0.31,-0.273,-0.096,0.333,0.023,-0.08,0.696,-0.502,0.514,0.309,-0.04,0.234,0.149,0.251,0.414,-0.277,-0.024,0.31,0.58,0.057,0.482,0.443,-0.385,-0.015,0.316,-0.214,0.388,0.678,0.507,0.175,0.489,0.246,-0.203,0.517,0.285,0.59,0.627,-0.242,-0.481,0.674,-0.306,0.452,0.121,0.647,0.557,0.079,0.329,0.546,0.386,0.175,-0.075,0.538,-0.119,0.124,-0.227,0.489,0.243,0.151,-0.363,0.538,0.246,0.526,0.203,-0.118,0.434,0.302,0.251,-0.082,0.027,0.39,0.023,0.385,0.349,0.536,0.541,-0.426,0.266,0.094,0.356,-0.108
ADVM,0.476,0.435,0.632,0.644,0.645,0.0,0.832,0.236,0.574,0.788,0.254,0.369,-0.003,-0.324,0.303,0.222,0.361,0.327,0.584,0.771,0.607,0.325,-0.727,0.277,0.644,0.449,0.583,0.388,0.681,0.445,0.821,0.565,0.493,0.301,-0.376,0.552,0.548,0.556,0.597,0.667,0.143,0.284,0.574,0.648,0.521,0.313,-0.15,0.16,-0.423,0.641,0.327,-0.365,0.644,0.186,-0.011,0.461,0.166,-0.131,0.004,0.765,0.575,-0.349,0.373,-0.021,-0.231,0.607,-0.581,0.683,0.639,-0.153,0.802,0.189,0.451,0.522,0.564,0.378,-0.191,0.482,0.435,0.888,0.418,0.182,0.421,0.665,0.234,-0.56,0.798,0.263,0.274,0.414,0.702,0.517,0.367,0.833,0.293,0.27,0.287,-0.135,0.474,0.869,0.03,0.839,0.611,0.61,-0.278,-0.044,0.506,0.574,0.426,-0.016,-0.094,0.208,0.588,0.561,-0.052,0.499,0.194,0.65,-0.468,0.694,0.324,0.036,0.13,0.746,0.365,0.168,0.69,-0.607,0.58,0.193,0.259,0.167,0.537,0.65,0.827,-0.285,0.144,0.694,0.798,0.178,0.423,0.639,-0.476,0.25,0.328,-0.422,0.675,0.808,0.673,0.457,0.52,0.626,-0.439,0.387,0.681,0.731,0.685,-0.167,-0.522,0.619,-0.097,0.675,0.468,0.864,0.665,0.349,0.618,0.799,0.393,0.089,0.213,0.879,0.094,0.441,0.102,0.864,0.635,0.12,-0.422,0.727,-0.023,0.765,0.232,0.098,0.782,0.314,0.575,0.126,0.331,0.717,0.293,0.49,0.644,0.67,0.709,-0.69,0.362,0.311,0.58,0.23
AEIS,0.544,0.497,0.756,0.615,0.579,0.832,0.0,0.497,0.466,0.597,0.344,0.12,-0.087,-0.475,0.546,0.284,0.39,0.584,0.63,0.744,0.629,0.54,-0.706,0.066,0.73,0.425,0.687,0.285,0.563,0.508,0.857,0.512,0.497,-0.013,-0.427,0.55,0.225,0.385,0.548,0.766,0.154,0.331,0.348,0.579,0.491,0.056,-0.432,-0.177,-0.468,0.846,0.245,-0.428,0.688,0.367,-0.037,0.221,-0.03,-0.357,-0.039,0.725,0.556,-0.516,0.246,-0.031,-0.094,0.538,-0.616,0.479,0.768,-0.299,0.641,0.135,0.128,0.553,0.375,0.341,-0.478,0.424,0.483,0.802,0.122,0.159,0.271,0.662,0.156,-0.683,0.751,0.272,0.231,0.6,0.484,0.396,0.061,0.704,0.294,0.151,-0.002,-0.052,0.555,0.816,0.074,0.882,0.711,0.804,-0.121,-0.145,0.196,0.744,0.516,-0.086,-0.089,0.048,0.438,0.61,0.028,0.692,0.184,0.543,-0.617,0.814,0.442,0.079,0.152,0.686,0.379,0.306,0.505,-0.606,0.661,-0.099,0.215,0.132,0.59,0.504,0.835,-0.208,0.119,0.643,0.86,0.237,0.396,0.369,-0.55,0.301,0.058,-0.516,0.773,0.807,0.653,0.407,0.707,0.581,-0.728,0.362,0.512,0.688,0.566,-0.511,-0.531,0.643,-0.276,0.546,0.463,0.849,0.591,0.332,0.346,0.844,0.443,-0.128,0.199,0.786,-0.222,0.288,0.115,0.849,0.659,-0.07,-0.25,0.603,0.078,0.663,0.07,-0.035,0.887,0.26,0.562,-0.017,0.51,0.812,0.309,0.16,0.577,0.477,0.785,-0.842,0.038,0.159,0.654,0.159
AGNCM,0.256,0.398,0.35,0.12,0.131,0.236,0.497,0.0,0.131,0.059,0.469,-0.245,0.106,-0.252,0.584,0.099,0.402,0.567,0.517,0.118,0.319,0.556,-0.078,-0.041,0.346,0.359,0.627,0.149,0.09,0.421,0.457,0.307,-0.033,-0.172,-0.151,0.337,-0.159,0.093,0.005,0.522,0.345,0.265,0.023,-0.006,0.332,-0.241,-0.176,-0.395,0.049,0.644,-0.063,-0.006,0.295,0.595,0.17,0.009,-0.2,-0.102,0.201,0.302,0.32,-0.486,-0.249,0.229,0.423,0.282,-0.122,-0.07,0.577,-0.009,0.056,0.282,-0.263,0.366,0.13,0.379,-0.554,0.244,0.219,0.227,-0.244,0.271,0.19,0.204,0.242,-0.153,0.361,-0.112,0.289,0.433,0.04,-0.181,-0.322,0.238,0.392,0.181,-0.169,0.216,0.157,0.297,0.316,0.47,0.309,0.45,0.256,-0.222,-0.156,0.542,0.344,0.269,0.272,0.136,-0.091,0.468,0.262,0.615,0.338,0.29,-0.029,0.297,0.189,0.329,0.339,0.315,0.328,0.432,0.133,-0.476,0.32,-0.364,0.265,-0.223,0.468,0.378,0.357,-0.093,0.373,0.279,0.411,0.384,0.01,-0.091,-0.08,0.292,-0.426,-0.08,0.473,0.366,0.206,0.426,0.37,0.398,-0.622,0.144,0.06,0.178,0.197,-0.477,0.11,0.27,-0.16,-0.044,0.306,0.366,0.089,0.331,-0.06,0.381,0.575,-0.349,0.293,0.183,-0.207,0.123,0.291,0.277,0.261,-0.374,0.325,0.041,-0.164,0.08,0.017,0.033,0.558,-0.199,0.517,-0.057,0.317,0.636,0.385,-0.261,0.101,-0.074,0.289,-0.386,-0.243,-0.137,0.344,0.236
AHCO,0.554,-0.21,0.141,0.87,0.62,0.574,0.466,0.131,0.0,0.711,-0.343,0.483,-0.537,-0.71,-0.255,0.738,-0.232,0.389,0.212,0.753,0.68,0.521,-0.704,-0.21,0.751,-0.239,0.466,-0.195,-0.044,-0.167,0.627,0.302,0.48,-0.124,-0.848,-0.042,0.51,0.127,0.864,0.062,-0.43,-0.362,0.419,0.813,-0.155,0.239,0.09,0.19,-0.652,0.214,0.82,-0.595,0.61,-0.35,-0.543,-0.081,-0.373,-0.414,-0.528,0.178,-0.02,0.1,0.689,-0.588,-0.457,0.042,-0.786,0.777,0.212,-0.383,0.823,-0.422,0.447,-0.072,-0.006,-0.1,-0.192,0.028,0.86,0.603,0.58,-0.447,-0.197,0.202,-0.284,-0.677,0.353,0.755,-0.36,0.61,0.599,0.813,0.389,0.406,-0.224,-0.287,-0.071,-0.725,0.642,0.509,-0.488,0.339,0.645,0.601,-0.78,0.499,0.443,0.619,-0.158,-0.191,-0.585,0.299,0.647,0.064,-0.655,-0.001,-0.439,0.455,-0.424,0.559,0.653,-0.588,-0.45,0.184,-0.057,-0.397,0.605,-0.525,0.792,0.492,-0.407,0.372,-0.032,0.128,0.303,0.028,-0.181,0.083,0.616,0.248,0.778,0.338,-0.694,-0.427,0.588,-0.464,0.528,0.778,0.83,-0.048,0.684,0.123,-0.078,0.836,0.181,0.822,0.898,-0.058,-0.615,0.899,-0.506,0.75,0.089,0.585,0.824,-0.241,0.364,0.657,0.376,0.129,-0.437,0.61,-0.179,-0.079,-0.524,0.535,-0.05,0.564,-0.678,0.733,0.032,0.491,-0.054,-0.353,0.325,0.427,0.053,-0.414,-0.034,0.316,-0.318,0.603,0.677,0.689,0.634,-0.516,0.236,0.129,0.586,-0.304
ALGT,0.546,0.244,0.313,0.712,0.654,0.788,0.597,0.059,0.711,0.0,-0.1,0.569,-0.145,-0.329,-0.033,0.293,0.168,0.058,0.51,0.767,0.453,0.242,-0.596,0.291,0.547,0.216,0.427,0.349,0.423,0.249,0.671,0.703,0.259,0.125,-0.498,0.333,0.6,0.581,0.675,0.404,-0.032,0.068,0.704,0.647,0.34,0.176,0.183,0.422,-0.383,0.284,0.554,-0.219,0.498,-0.103,-0.186,0.358,0.082,-0.066,-0.204,0.617,0.453,-0.218,0.483,-0.153,-0.363,0.464,-0.557,0.831,0.399,-0.041,0.783,0.048,0.617,0.214,0.5,0.334,-0.051,0.471,0.539,0.726,0.636,0.016,0.293,0.468,0.17,-0.452,0.699,0.396,0.123,0.373,0.776,0.553,0.524,0.81,0.116,0.165,0.388,-0.428,0.342,0.722,-0.113,0.567,0.443,0.424,-0.572,0.139,0.695,0.394,0.064,0.052,-0.188,0.527,0.766,0.332,-0.343,0.206,0.005,0.691,-0.423,0.513,0.344,-0.205,-0.012,0.558,0.082,-0.075,0.821,-0.519,0.51,0.469,-0.055,0.247,0.282,0.423,0.554,-0.315,0.189,0.498,0.614,0.267,0.52,0.662,-0.387,0.033,0.563,-0.171,0.436,0.79,0.649,0.352,0.392,0.591,-0.091,0.549,0.515,0.676,0.752,-0.1,-0.519,0.685,-0.119,0.71,0.349,0.734,0.672,0.258,0.684,0.691,0.435,0.323,0.051,0.834,0.155,0.406,-0.087,0.671,0.379,0.183,-0.583,0.731,-0.035,0.795,0.323,0.086,0.538,0.323,0.436,0.063,-0.016,0.523,0.104,0.707,0.512,0.673,0.548,-0.449,0.521,0.328,0.445,0.127
ALLO,-0.246,0.74,0.563,-0.302,-0.097,0.254,0.344,0.469,-0.343,-0.1,0.0,-0.474,0.698,0.371,0.824,-0.458,0.775,0.272,0.511,-0.149,0.167,0.189,0.168,0.403,0.033,0.796,0.286,0.609,0.568,0.699,0.295,0.317,-0.048,0.197,0.459,0.706,-0.117,0.384,-0.441,0.745,0.779,0.753,0.08,-0.29,0.718,0.077,-0.302,-0.282,0.397,0.662,-0.666,0.302,0.261,0.746,0.755,0.506,0.406,0.308,0.79,0.518,0.645,-0.476,-0.414,0.754,0.529,0.641,0.362,-0.267,0.694,0.085,-0.206,0.674,-0.269,0.699,0.446,0.676,-0.204,0.374,-0.331,0.177,-0.422,0.764,0.636,0.476,0.702,0.236,0.487,-0.611,0.751,0.012,-0.089,-0.495,-0.213,0.345,0.792,0.494,0.205,0.722,-0.043,0.354,0.738,0.597,0.029,0.165,0.68,-0.51,-0.139,0.158,0.813,0.44,0.713,-0.124,-0.36,0.812,0.852,0.806,0.813,0.358,0.099,0.162,-0.307,0.82,0.809,0.63,0.754,0.893,0.084,-0.09,-0.082,-0.522,0.697,-0.675,0.756,0.755,0.568,-0.073,0.409,0.637,0.272,-0.028,-0.373,0.195,0.244,0.573,-0.406,-0.045,0.33,0.063,-0.099,0.52,-0.053,0.491,-0.674,-0.419,0.341,-0.113,-0.244,-0.197,0.271,-0.253,0.46,-0.182,0.612,0.343,-0.289,0.658,0.063,0.193,0.351,-0.27,0.78,0.132,0.184,0.573,0.789,0.323,0.636,-0.563,0.619,-0.087,-0.126,0.246,0.377,0.512,0.564,-0.286,0.645,0.545,0.538,0.567,0.811,-0.287,0.009,-0.171,0.067,-0.199,-0.144,0.078,0.262,0.722
AMSF,0.566,-0.295,-0.294,0.418,0.398,0.369,0.12,-0.245,0.483,0.569,-0.474,0.0,-0.282,-0.22,-0.463,0.274,-0.279,-0.163,0.015,0.484,0.179,-0.182,-0.469,0.113,0.207,-0.273,0.007,-0.074,0.013,-0.322,0.175,0.101,0.187,0.345,-0.354,-0.292,0.539,0.237,0.584,-0.208,-0.408,-0.464,0.421,0.485,-0.176,0.189,0.438,0.646,-0.422,-0.2,0.66,-0.253,0.003,-0.295,-0.521,0.014,0.064,0.078,-0.426,0.065,-0.154,0.176,0.507,-0.427,-0.382,-0.177,-0.472,0.561,-0.296,0.17,0.504,-0.267,0.737,-0.192,0.194,-0.124,0.376,0.123,0.315,0.397,0.754,-0.401,-0.165,-0.094,-0.241,-0.229,0.049,0.505,-0.274,-0.027,0.581,0.526,0.607,0.283,-0.233,0.02,0.307,-0.387,0.083,0.229,-0.427,-0.049,0.22,0.05,-0.576,0.411,0.64,0.029,-0.389,-0.233,-0.429,0.295,0.691,-0.316,-0.605,-0.322,-0.43,0.201,0.043,0.14,0.23,-0.415,-0.442,-0.059,-0.522,-0.608,0.377,-0.226,0.21,0.711,-0.126,0.56,-0.261,-0.053,-0.072,-0.268,0.044,-0.125,0.146,0.154,0.454,0.375,-0.282,-0.009,0.426,-0.029,0.011,0.329,0.24,0.014,0.113,0.074,0.441,0.493,0.261,0.31,0.562,0.394,-0.267,0.386,-0.186,0.522,-0.136,0.151,0.584,-0.189,0.603,0.24,0.002,0.497,-0.3,0.409,0.247,-0.059,-0.476,0.084,-0.065,0.438,-0.674,0.441,-0.057,0.182,-0.151,-0.3,-0.053,0.359,-0.048,-0.13,-0.32,0.08,-0.417,0.627,0.117,0.519,0.177,-0.087,0.59,0.176,-0.099,-0.281
ANAB,-0.351,0.583,0.118,-0.585,-0.059,-0.003,-0.087,0.106,-0.537,-0.145,0.698,-0.282,0.0,0.712,0.463,-0.717,0.626,-0.204,0.291,-0.43,-0.314,-0.272,0.579,0.527,-0.418,0.681,-0.096,0.696,0.388,0.539,-0.204,0.26,-0.375,0.35,0.676,0.487,-0.194,0.333,-0.693,0.389,0.697,0.606,0.15,-0.594,0.548,-0.197,0.145,-0.062,0.701,0.173,-0.69,0.676,-0.272,0.573,0.681,0.517,0.466,0.569,0.714,0.335,0.483,-0.399,-0.636,0.801,0.561,0.495,0.655,-0.375,0.299,0.529,-0.438,0.743,-0.181,0.442,0.435,0.576,0.052,0.401,-0.572,-0.108,-0.356,0.751,0.61,0.112,0.637,0.678,0.217,-0.756,0.734,-0.425,-0.154,-0.696,-0.2,0.167,0.678,0.547,0.388,0.712,-0.53,0.004,0.715,0.182,-0.503,-0.396,0.731,-0.54,-0.073,-0.313,0.419,0.591,0.816,0.122,-0.367,0.414,0.756,0.393,0.783,0.136,0.354,-0.381,-0.633,0.77,0.807,0.346,0.383,0.697,0.074,0.036,-0.494,-0.334,0.677,-0.647,0.422,0.53,0.164,-0.322,0.573,0.398,-0.144,-0.145,-0.626,0.16,0.645,0.578,-0.426,0.518,-0.191,-0.233,-0.532,0.52,-0.497,0.351,-0.183,-0.558,0.109,-0.462,-0.395,0.054,0.597,-0.518,0.592,-0.53,0.245,0.027,-0.547,0.633,-0.003,-0.225,0.224,-0.078,0.802,-0.18,0.364,0.547,0.735,-0.134,0.339,-0.668,0.735,-0.38,-0.009,-0.013,0.515,0.631,0.168,-0.444,0.538,0.699,0.091,0.236,0.733,-0.266,-0.45,-0.304,-0.357,0.36,0.059,-0.008,-0.242,0.646
ANDE,-0.535,0.386,-0.221,-0.749,-0.36,-0.324,-0.475,-0.252,-0.71,-0.329,0.371,-0.22,0.712,0.0,0.092,-0.825,0.374,-0.634,-0.034,-0.596,-0.646,-0.67,0.698,0.675,-0.779,0.381,-0.474,0.544,0.198,0.282,-0.5,0.084,-0.604,0.451,0.88,0.254,-0.034,0.363,-0.793,-0.002,0.57,0.487,0.08,-0.741,0.389,-0.019,0.324,0.264,0.801,-0.326,-0.744,0.788,-0.458,0.266,0.69,0.502,0.71,0.812,0.685,0.031,0.297,-0.048,-0.551,0.733,0.294,0.253,0.848,-0.376,-0.189,0.658,-0.609,0.594,0.039,0.114,0.424,0.424,0.51,0.294,-0.867,-0.437,-0.178,0.625,0.51,-0.002,0.574,0.846,-0.045,-0.789,0.567,-0.789,-0.22,-0.723,0.097,0.006,0.447,0.564,0.592,0.614,-0.676,-0.27,0.601,-0.232,-0.727,-0.737,0.601,-0.494,0.08,-0.739,0.096,0.514,0.715,0.13,-0.309,0.14,0.646,-0.01,0.594,-0.102,0.559,-0.629,-0.804,0.631,0.609,0.014,0.189,0.435,-0.166,0.382,-0.843,-0.082,0.514,-0.505,0.207,0.214,-0.147,-0.168,0.379,0.103,-0.611,-0.24,-0.66,0.227,0.813,0.474,-0.233,0.642,-0.594,-0.625,-0.756,0.228,-0.796,0.174,0.282,-0.774,0.127,-0.777,-0.671,0.323,0.607,-0.821,0.794,-0.495,0.141,-0.353,-0.757,0.476,0.091,-0.579,-0.235,0.267,0.628,-0.318,0.658,0.528,0.605,-0.391,0.129,-0.47,0.515,-0.557,-0.041,-0.153,0.51,0.692,-0.273,-0.309,0.17,0.809,-0.154,-0.243,0.493,-0.103,-0.603,-0.451,-0.623,0.684,0.312,0.148,-0.61,0.572
APLS,0.078,0.749,0.641,-0.192,-0.036,0.303,0.546,0.584,-0.255,-0.033,0.824,-0.463,0.463,0.092,0.0,-0.33,0.762,0.39,0.596,0.044,0.202,0.376,0.001,0.193,0.184,0.759,0.415,0.466,0.533,0.736,0.405,0.318,-0.005,-0.072,0.244,0.698,-0.316,0.272,-0.272,0.832,0.682,0.686,0.105,-0.179,0.689,-0.207,-0.455,-0.493,0.171,0.785,-0.56,0.105,0.347,0.86,0.532,0.247,0.217,0.03,0.594,0.601,0.637,-0.721,-0.458,0.597,0.574,0.562,0.11,-0.308,0.81,0.008,-0.12,0.618,-0.41,0.749,0.368,0.616,-0.455,0.369,-0.135,0.202,-0.531,0.627,0.477,0.404,0.564,-0.005,0.514,-0.462,0.625,0.24,-0.12,-0.382,-0.394,0.37,0.732,0.42,-0.043,0.581,0.101,0.398,0.601,0.684,0.171,0.373,0.588,-0.6,-0.186,0.373,0.734,0.172,0.59,-0.17,-0.275,0.729,0.733,0.812,0.707,0.252,-0.141,0.397,-0.033,0.718,0.69,0.634,0.612,0.818,-0.044,-0.265,0.072,-0.682,0.54,-0.488,0.732,0.563,0.617,-0.144,0.45,0.578,0.42,0.152,-0.265,0.046,0.019,0.59,-0.529,-0.173,0.47,0.206,0.031,0.581,0.166,0.538,-0.834,-0.275,0.214,0.054,-0.124,-0.423,0.158,-0.102,0.151,-0.138,0.556,0.438,-0.141,0.61,-0.036,0.388,0.426,-0.413,0.672,0.208,-0.117,0.44,0.661,0.417,0.653,-0.62,0.494,0.004,-0.054,0.212,0.167,0.326,0.732,-0.364,0.695,0.31,0.639,0.697,0.718,-0.453,0.031,-0.163,0.201,-0.409,-0.3,-0.08,0.378,0.553
APPF,0.426,-0.574,0.021,0.73,0.375,0.222,0.284,0.099,0.738,0.293,-0.458,0.274,-0.717,-0.825,-0.33,0.0,-0.592,0.635,-0.178,0.558,0.677,0.645,-0.636,-0.622,0.748,-0.593,0.42,-0.636,-0.393,-0.54,0.413,-0.161,0.604,-0.33,-0.88,-0.448,0.266,-0.326,0.804,-0.206,-0.721,-0.666,-0.127,0.758,-0.572,0.227,-0.169,-0.082,-0.768,0.12,0.8,-0.799,0.471,-0.474,-0.749,-0.519,-0.662,-0.686,-0.751,-0.249,-0.459,0.381,0.723,-0.845,-0.452,-0.397,-0.808,0.499,0.013,-0.701,0.581,-0.746,0.15,-0.29,-0.501,-0.513,-0.212,-0.486,0.841,0.333,0.352,-0.777,-0.64,-0.031,-0.591,-0.757,-0.016,0.899,-0.729,0.753,0.19,0.794,0.109,-0.097,-0.5,-0.704,-0.467,-0.758,0.769,0.168,-0.727,0.035,0.736,0.646,-0.704,0.719,0.034,0.673,-0.223,-0.466,-0.807,-0.067,0.306,-0.223,-0.733,-0.14,-0.723,0.094,-0.44,0.518,0.822,-0.76,-0.713,-0.211,-0.231,-0.583,0.233,-0.194,0.855,0.363,-0.635,0.411,-0.297,-0.249,0.009,0.374,-0.575,-0.291,0.479,-0.007,0.788,-0.109,-0.808,-0.636,0.466,-0.63,0.476,0.57,0.759,-0.496,0.82,-0.361,-0.088,0.833,-0.202,0.719,0.695,-0.088,-0.633,0.815,-0.761,0.577,-0.22,0.305,0.746,-0.664,-0.054,0.505,0.149,-0.015,-0.775,0.256,-0.528,-0.52,-0.769,0.305,-0.387,0.724,-0.608,0.548,0.088,0.191,-0.396,-0.743,0.031,0.492,-0.379,-0.756,0.063,0.03,-0.645,0.248,0.618,0.556,0.567,-0.477,-0.129,-0.099,0.594,-0.672
ASML,-0.013,0.91,0.523,-0.228,0.028,0.361,0.39,0.402,-0.232,0.168,0.775,-0.279,0.626,0.374,0.762,-0.592,0.0,-0.042,0.824,-0.004,-0.067,0.001,0.174,0.617,-0.106,0.931,0.294,0.817,0.666,0.889,0.374,0.628,-0.28,0.169,0.441,0.89,-0.054,0.575,-0.368,0.788,0.934,0.854,0.497,-0.348,0.905,-0.119,-0.032,-0.11,0.49,0.568,-0.565,0.496,0.245,0.727,0.791,0.69,0.547,0.41,0.823,0.755,0.863,-0.734,-0.503,0.842,0.583,0.843,0.325,-0.162,0.695,0.39,-0.072,0.853,-0.107,0.781,0.729,0.874,-0.24,0.765,-0.295,0.282,-0.296,0.896,0.855,0.403,0.841,0.281,0.643,-0.656,0.941,-0.134,0.226,-0.486,-0.121,0.589,0.824,0.795,0.411,0.594,-0.214,0.52,0.863,0.618,-0.084,0.05,0.542,-0.737,0.179,0.039,0.589,0.531,0.824,0.248,-0.037,0.723,0.773,0.722,0.897,0.422,0.062,0.139,-0.418,0.853,0.891,0.767,0.693,0.866,0.191,-0.358,-0.201,-0.454,0.684,-0.546,0.741,0.739,0.563,-0.396,0.719,0.76,0.253,0.314,-0.366,0.349,0.361,0.577,-0.338,0.162,0.246,0.131,-0.093,0.812,-0.196,0.747,-0.494,-0.326,0.505,-0.063,-0.162,-0.194,0.347,-0.223,0.546,-0.116,0.763,0.37,-0.259,0.925,0.252,0.186,0.504,-0.183,0.916,0.238,0.361,0.745,0.863,0.382,0.739,-0.681,0.474,-0.007,-0.157,0.304,0.486,0.699,0.695,-0.442,0.856,0.652,0.322,0.627,0.923,-0.095,-0.085,-0.253,-0.029,-0.157,0.08,0.143,0.12,0.898
ATRC,0.277,-0.053,0.471,0.412,0.297,0.327,0.584,0.567,0.389,0.058,0.272,-0.163,-0.204,-0.634,0.39,0.635,-0.042,0.0,0.127,0.349,0.758,0.848,-0.492,-0.497,0.756,-0.025,0.674,-0.312,0.001,-0.03,0.564,-0.101,0.584,-0.273,-0.528,0.042,-0.032,-0.23,0.406,0.369,-0.173,-0.149,-0.209,0.482,-0.097,0.101,-0.51,-0.527,-0.502,0.703,0.231,-0.64,0.588,0.225,-0.255,-0.331,-0.505,-0.58,-0.219,0.052,-0.082,-0.042,0.263,-0.32,0.066,-0.042,-0.571,0.089,0.533,-0.64,0.322,-0.267,-0.269,0.244,-0.317,-0.134,-0.532,-0.305,0.586,0.383,-0.17,-0.249,-0.281,0.198,-0.169,-0.62,0.212,0.432,-0.235,0.787,-0.063,0.359,-0.296,0.016,0.043,-0.408,-0.545,-0.105,0.73,0.336,-0.175,0.453,0.74,0.815,-0.028,0.274,-0.279,0.863,0.389,-0.246,-0.29,-0.341,-0.108,0.283,-0.045,0.481,-0.129,0.139,-0.385,0.621,0.629,-0.108,-0.162,0.165,0.26,0.093,0.086,-0.295,0.792,-0.23,-0.07,-0.01,0.243,0.172,0.386,0.309,-0.286,0.108,0.711,0.005,0.436,-0.198,-0.661,-0.111,-0.055,-0.672,0.762,0.547,0.581,-0.078,0.837,-0.095,-0.722,0.456,-0.12,0.58,0.439,-0.338,-0.352,0.604,-0.538,0.283,0.074,0.487,0.491,-0.24,-0.221,0.617,0.387,-0.374,-0.225,0.244,-0.583,-0.262,-0.179,0.45,0.07,0.222,0.002,0.384,0.051,0.187,-0.252,-0.503,0.462,0.159,0.088,-0.478,0.553,0.504,-0.065,-0.238,0.541,0.351,0.609,-0.664,-0.453,-0.215,0.727,-0.266
AVGO,0.369,0.786,0.484,0.232,0.32,0.584,0.63,0.517,0.212,0.51,0.511,0.015,0.291,-0.034,0.596,-0.178,0.824,0.127,0.0,0.412,0.191,0.231,-0.162,0.503,0.222,0.732,0.513,0.714,0.53,0.762,0.657,0.825,-0.1,0.026,-0.044,0.779,0.142,0.62,0.088,0.731,0.673,0.621,0.642,0.017,0.753,-0.111,0.052,0.036,0.185,0.633,-0.058,0.245,0.45,0.507,0.445,0.577,0.332,0.19,0.464,0.795,0.816,-0.732,-0.15,0.501,0.335,0.79,-0.093,0.239,0.737,0.229,0.289,0.593,0.122,0.643,0.673,0.804,-0.356,0.812,0.133,0.574,0.034,0.602,0.673,0.485,0.588,-0.062,0.789,-0.244,0.728,0.178,0.551,-0.126,0.053,0.741,0.636,0.63,0.385,0.179,0.051,0.749,0.581,0.689,0.215,0.335,0.111,-0.474,0.368,0.317,0.421,0.465,0.496,0.494,0.386,0.65,0.343,0.702,0.612,0.656,-0.183,0.385,-0.078,0.497,0.642,0.733,0.555,0.598,0.506,-0.622,0.172,-0.149,0.408,-0.319,0.652,0.725,0.598,-0.458,0.663,0.692,0.494,0.491,0.034,0.462,0.058,0.349,-0.105,-0.008,0.435,0.523,0.277,0.727,0.149,0.79,-0.467,0.164,0.56,0.283,0.263,-0.305,0.025,0.229,0.189,0.22,0.767,0.598,0.123,0.792,0.423,0.453,0.708,-0.057,0.651,0.499,0.226,0.628,0.503,0.576,0.639,-0.471,0.094,0.325,-0.113,0.506,0.387,0.464,0.805,-0.168,0.823,0.365,0.184,0.731,0.7,0.191,0.121,-0.022,0.265,-0.411,0.227,0.214,0.323,0.696
AVT,0.657,0.127,0.41,0.813,0.654,0.771,0.744,0.118,0.753,0.767,-0.149,0.484,-0.43,-0.596,0.044,0.558,-0.004,0.349,0.412,0.0,0.65,0.446,-0.82,-0.011,0.755,-0.002,0.455,0.059,0.253,0.126,0.757,0.461,0.569,-0.051,-0.697,0.215,0.493,0.361,0.856,0.347,-0.249,-0.05,0.485,0.814,0.131,0.205,-0.152,0.177,-0.666,0.447,0.656,-0.599,0.69,-0.145,-0.386,0.076,-0.112,-0.389,-0.396,0.525,0.279,-0.185,0.641,-0.427,-0.494,0.289,-0.811,0.792,0.419,-0.372,0.825,-0.17,0.466,0.21,0.255,0.104,-0.183,0.261,0.698,0.77,0.528,-0.254,-0.032,0.516,-0.141,-0.762,0.594,0.642,-0.142,0.592,0.645,0.743,0.414,0.633,-0.037,-0.095,0.087,-0.555,0.666,0.709,-0.345,0.583,0.72,0.722,-0.657,0.213,0.499,0.618,0.135,-0.267,-0.455,0.203,0.759,0.266,-0.458,0.259,-0.247,0.571,-0.636,0.817,0.619,-0.387,-0.236,0.414,0.084,-0.182,0.628,-0.515,0.724,0.362,-0.249,0.35,0.223,0.275,0.575,-0.064,-0.111,0.318,0.726,0.207,0.668,0.508,-0.705,-0.09,0.46,-0.57,0.588,0.844,0.813,0.068,0.7,0.361,-0.263,0.677,0.443,0.81,0.795,-0.255,-0.763,0.793,-0.456,0.817,0.308,0.738,0.809,-0.01,0.502,0.807,0.285,0.162,-0.213,0.797,-0.178,0.134,-0.363,0.743,0.32,0.345,-0.716,0.829,0.16,0.691,0.004,-0.224,0.57,0.474,0.213,-0.212,0.247,0.475,-0.117,0.514,0.645,0.686,0.8,-0.725,0.313,0.187,0.617,-0.141
AXDX,0.397,-0.066,0.461,0.669,0.432,0.607,0.629,0.319,0.68,0.453,0.167,0.179,-0.314,-0.646,0.202,0.677,-0.067,0.758,0.191,0.65,0.0,0.772,-0.737,-0.306,0.909,-0.028,0.585,-0.191,0.173,-0.053,0.719,0.101,0.667,-0.144,-0.655,0.084,0.348,0.08,0.68,0.381,-0.25,-0.172,0.109,0.776,-0.022,0.398,-0.371,-0.128,-0.677,0.582,0.463,-0.726,0.785,0.007,-0.32,-0.103,-0.318,-0.483,-0.255,0.243,0.035,0.068,0.594,-0.396,-0.248,0.072,-0.718,0.499,0.53,-0.651,0.652,-0.298,0.164,0.259,-0.059,-0.02,-0.266,-0.175,0.712,0.609,0.243,-0.304,-0.177,0.371,-0.129,-0.728,0.411,0.596,-0.237,0.803,0.288,0.65,0.163,0.328,0.046,-0.341,-0.248,-0.323,0.829,0.558,-0.31,0.582,0.849,0.842,-0.41,0.458,0.16,0.83,0.361,-0.309,-0.419,-0.195,0.244,0.391,-0.258,0.384,-0.214,0.439,-0.426,0.796,0.693,-0.267,-0.242,0.349,0.234,-0.055,0.414,-0.347,0.89,0.127,-0.155,0.089,0.243,0.355,0.547,0.272,-0.277,0.234,0.803,0.045,0.641,0.217,-0.805,-0.194,0.343,-0.768,0.813,0.741,0.831,-0.051,0.823,0.086,-0.527,0.611,0.179,0.813,0.713,-0.138,-0.622,0.748,-0.441,0.68,0.208,0.682,0.765,-0.231,0.196,0.83,0.373,-0.146,-0.275,0.581,-0.343,-0.066,-0.288,0.674,0.186,0.447,-0.396,0.718,-0.025,0.509,-0.133,-0.44,0.509,0.36,0.127,-0.372,0.456,0.541,-0.143,0.245,0.765,0.699,0.733,-0.751,-0.08,0.026,0.856,-0.195
AXSM,0.343,-0.01,0.454,0.477,0.249,0.325,0.54,0.556,0.521,0.242,0.189,-0.182,-0.272,-0.67,0.376,0.645,0.001,0.848,0.231,0.446,0.772,0.0,-0.464,-0.486,0.803,0.011,0.665,-0.244,-0.02,0.033,0.62,0.102,0.397,-0.496,-0.623,0.098,-0.062,-0.128,0.48,0.398,-0.158,-0.113,-0.044,0.515,-0.055,0.0,-0.439,-0.478,-0.507,0.63,0.3,-0.573,0.679,0.169,-0.263,-0.335,-0.559,-0.602,-0.24,0.153,-0.003,-0.112,0.299,-0.308,0.047,0.046,-0.585,0.187,0.619,-0.619,0.36,-0.2,-0.256,0.276,-0.259,0.023,-0.606,-0.238,0.711,0.317,-0.137,-0.237,-0.24,0.192,-0.078,-0.611,0.324,0.458,-0.207,0.922,-0.017,0.377,-0.253,0.142,0.074,-0.437,-0.513,-0.276,0.74,0.389,-0.192,0.484,0.706,0.834,-0.217,0.294,-0.137,0.882,0.351,-0.239,-0.244,-0.181,-0.036,0.324,-0.111,0.454,-0.105,0.242,-0.45,0.697,0.711,-0.168,-0.121,0.254,0.26,0.108,0.186,-0.338,0.82,-0.233,-0.301,-0.081,0.253,0.188,0.421,0.35,-0.17,0.162,0.747,0.159,0.489,-0.134,-0.691,-0.215,0.079,-0.619,0.746,0.664,0.7,-0.013,0.802,0.047,-0.691,0.561,-0.195,0.658,0.508,-0.404,-0.403,0.69,-0.549,0.36,0.16,0.54,0.536,-0.191,-0.184,0.723,0.545,-0.422,-0.226,0.32,-0.598,-0.156,-0.172,0.496,0.061,0.172,-0.094,0.506,-0.011,0.314,-0.146,-0.42,0.51,0.01,0.167,-0.492,0.49,0.496,-0.041,-0.17,0.583,0.394,0.617,-0.673,-0.431,-0.275,0.839,-0.212
AZN,-0.528,0.098,-0.436,-0.808,-0.475,-0.727,-0.706,-0.078,-0.704,-0.596,0.168,-0.469,0.579,0.698,0.001,-0.636,0.174,-0.492,-0.162,-0.82,-0.737,-0.464,0.0,0.205,-0.8,0.102,-0.473,0.213,-0.313,0.072,-0.734,-0.107,-0.714,-0.037,0.686,-0.046,-0.473,-0.143,-0.881,-0.263,0.385,0.227,-0.22,-0.901,0.009,-0.407,0.324,-0.099,0.839,-0.433,-0.637,0.8,-0.654,0.161,0.474,0.059,0.176,0.51,0.455,-0.315,-0.041,-0.057,-0.708,0.547,0.488,-0.058,0.869,-0.68,-0.292,0.536,-0.831,0.379,-0.397,-0.151,-0.068,0.158,0.151,0.035,-0.661,-0.75,-0.488,0.396,0.162,-0.435,0.283,0.883,-0.406,-0.699,0.315,-0.607,-0.52,-0.834,-0.37,-0.448,0.202,0.222,0.11,0.447,-0.764,-0.637,0.469,-0.538,-0.857,-0.769,0.586,-0.387,-0.323,-0.683,-0.172,0.494,0.627,0.111,-0.556,-0.17,0.473,-0.165,0.378,-0.325,0.568,-0.817,-0.666,0.443,0.454,-0.329,-0.027,0.313,-0.38,0.38,-0.783,-0.31,0.171,-0.496,-0.107,-0.149,-0.528,-0.067,0.352,-0.252,-0.742,-0.085,-0.731,-0.307,0.85,0.118,-0.461,0.755,-0.661,-0.724,-0.806,0.05,-0.766,-0.166,0.307,-0.605,-0.412,-0.82,-0.726,0.11,0.787,-0.771,0.474,-0.831,-0.133,-0.622,-0.881,0.235,-0.409,-0.766,-0.087,-0.07,0.382,-0.763,0.239,0.073,0.396,-0.728,-0.281,-0.542,0.75,-0.778,0.034,-0.555,0.252,0.438,-0.466,-0.537,-0.033,0.398,-0.304,-0.425,0.292,-0.441,-0.798,-0.749,-0.806,0.802,-0.144,-0.182,-0.605,0.308
BANR,-0.102,0.695,0.061,-0.195,0.054,0.277,0.066,-0.041,-0.21,0.291,0.403,0.113,0.527,0.675,0.193,-0.622,0.617,-0.497,0.503,-0.011,-0.306,-0.486,0.205,0.0,-0.379,0.596,-0.06,0.835,0.529,0.573,0.121,0.648,-0.388,0.61,0.539,0.6,0.46,0.876,-0.335,0.359,0.692,0.649,0.555,-0.336,0.749,0.223,0.413,0.576,0.587,0.029,-0.386,0.631,-0.033,0.299,0.685,0.846,0.862,0.832,0.665,0.525,0.739,-0.318,-0.215,0.709,0.104,0.662,0.459,0.2,0.177,0.606,-0.024,0.657,0.515,0.282,0.875,0.759,0.472,0.744,-0.545,0.164,0.3,0.733,0.805,0.49,0.748,0.465,0.54,-0.573,0.764,-0.527,0.451,-0.373,0.529,0.62,0.612,0.822,0.941,0.374,-0.395,0.339,0.648,0.251,-0.334,-0.368,0.255,-0.493,0.554,-0.419,0.207,0.666,0.642,0.513,0.28,0.489,0.471,0.314,0.671,0.483,0.295,-0.206,-0.586,0.608,0.688,0.454,0.388,0.488,0.395,-0.075,-0.473,0.253,0.633,-0.361,0.57,0.626,0.302,-0.473,0.564,0.499,-0.158,0.022,-0.277,0.766,0.564,0.548,0.055,0.433,-0.192,-0.068,-0.264,0.507,-0.464,0.693,0.118,-0.391,0.662,-0.311,-0.162,0.199,0.246,-0.35,0.751,0.033,0.571,0.197,-0.314,0.782,0.679,-0.101,0.1,0.521,0.752,0.343,0.847,0.88,0.608,0.182,0.485,-0.388,0.115,-0.064,-0.149,0.415,0.711,0.817,0.234,0.019,0.528,0.879,-0.107,0.201,0.677,0.397,-0.216,-0.126,-0.192,0.266,0.738,0.527,-0.27,0.795
BBIO,0.545,-0.066,0.525,0.771,0.505,0.644,0.73,0.346,0.751,0.547,0.033,0.207,-0.418,-0.779,0.184,0.748,-0.106,0.756,0.222,0.755,0.909,0.803,-0.8,-0.379,0.0,-0.074,0.642,-0.228,0.136,-0.025,0.772,0.162,0.705,-0.26,-0.766,0.075,0.288,0.033,0.798,0.38,-0.341,-0.2,0.127,0.859,-0.039,0.25,-0.415,-0.203,-0.783,0.613,0.584,-0.784,0.761,-0.041,-0.446,-0.192,-0.461,-0.648,-0.435,0.298,0.044,-0.038,0.606,-0.504,-0.311,0.087,-0.833,0.565,0.536,-0.668,0.734,-0.345,0.135,0.244,-0.094,-0.092,-0.395,-0.125,0.834,0.658,0.248,-0.366,-0.227,0.377,-0.212,-0.858,0.433,0.701,-0.302,0.881,0.331,0.734,0.101,0.364,-0.083,-0.394,-0.325,-0.445,0.843,0.586,-0.402,0.619,0.886,0.921,-0.506,0.402,0.141,0.905,0.278,-0.398,-0.514,-0.133,0.324,0.322,-0.368,0.354,-0.305,0.433,-0.607,0.86,0.804,-0.38,-0.312,0.36,0.138,-0.124,0.44,-0.414,0.96,0.104,-0.285,0.244,0.2,0.226,0.575,0.214,-0.287,0.246,0.868,0.131,0.661,0.161,-0.873,-0.216,0.329,-0.757,0.825,0.856,0.902,-0.044,0.903,0.125,-0.554,0.7,0.153,0.896,0.784,-0.343,-0.704,0.877,-0.595,0.697,0.147,0.725,0.847,-0.241,0.164,0.886,0.383,-0.159,-0.338,0.631,-0.475,-0.125,-0.353,0.71,0.201,0.428,-0.471,0.741,0.062,0.552,-0.199,-0.474,0.567,0.4,0.134,-0.463,0.453,0.559,-0.192,0.218,0.788,0.744,0.842,-0.821,-0.127,0.018,0.874,-0.283
BCYC,-0.081,0.894,0.577,-0.196,0.065,0.449,0.425,0.359,-0.239,0.216,0.796,-0.273,0.681,0.381,0.759,-0.593,0.931,-0.025,0.732,-0.002,-0.028,0.011,0.102,0.596,-0.074,0.0,0.287,0.827,0.768,0.902,0.361,0.599,-0.225,0.261,0.432,0.879,-0.056,0.57,-0.341,0.83,0.884,0.861,0.444,-0.275,0.919,-0.088,-0.098,-0.136,0.435,0.572,-0.565,0.448,0.195,0.729,0.756,0.697,0.532,0.368,0.786,0.796,0.87,-0.717,-0.492,0.82,0.526,0.855,0.307,-0.108,0.716,0.347,-0.026,0.853,-0.1,0.763,0.729,0.825,-0.259,0.711,-0.3,0.316,-0.298,0.896,0.873,0.471,0.8,0.247,0.68,-0.657,0.921,-0.111,0.205,-0.456,-0.128,0.627,0.819,0.746,0.395,0.617,-0.199,0.527,0.793,0.683,-0.086,0.046,0.559,-0.709,0.13,0.07,0.668,0.506,0.782,0.215,-0.067,0.769,0.765,0.709,0.921,0.406,-0.002,0.144,-0.409,0.818,0.877,0.819,0.679,0.864,0.243,-0.337,-0.176,-0.448,0.724,-0.506,0.742,0.79,0.642,-0.434,0.665,0.838,0.307,0.173,-0.357,0.368,0.318,0.632,-0.327,0.167,0.248,0.183,-0.088,0.836,-0.161,0.769,-0.542,-0.373,0.502,-0.034,-0.138,-0.2,0.266,-0.191,0.526,-0.133,0.663,0.437,-0.217,0.887,0.272,0.227,0.443,-0.194,0.911,0.302,0.317,0.764,0.885,0.442,0.775,-0.663,0.45,0.008,-0.203,0.376,0.51,0.689,0.7,-0.404,0.868,0.652,0.341,0.641,0.925,-0.088,-0.016,-0.147,0.038,-0.192,0.082,0.127,0.128,0.827
BHFAP,0.432,0.256,0.495,0.476,0.405,0.583,0.687,0.627,0.466,0.427,0.286,0.007,-0.096,-0.474,0.415,0.42,0.294,0.674,0.513,0.455,0.585,0.665,-0.473,-0.06,0.642,0.287,0.0,0.091,0.291,0.298,0.734,0.37,0.35,-0.087,-0.429,0.361,0.189,0.193,0.398,0.597,0.155,0.125,0.219,0.414,0.314,0.052,-0.164,-0.228,-0.282,0.687,0.236,-0.354,0.599,0.308,-0.039,0.147,-0.189,-0.27,-0.015,0.427,0.335,-0.312,0.157,-0.04,0.146,0.333,-0.505,0.305,0.668,-0.295,0.549,0.08,0.019,0.44,0.184,0.278,-0.474,0.187,0.507,0.585,0.061,0.098,0.21,0.335,0.206,-0.496,0.575,0.225,0.145,0.62,0.39,0.293,-0.075,0.456,0.254,0.069,-0.129,-0.107,0.508,0.562,0.099,0.65,0.615,0.65,-0.083,0.002,0.155,0.734,0.292,0.08,-0.027,0.122,0.183,0.447,0.019,0.514,0.161,0.422,-0.292,0.55,0.475,0.083,0.111,0.49,0.341,0.215,0.385,-0.575,0.669,-0.11,0.129,-0.058,0.434,0.41,0.571,-0.098,0.14,0.431,0.72,0.34,0.379,0.143,-0.42,0.061,0.096,-0.407,0.761,0.662,0.619,0.35,0.64,0.405,-0.591,0.415,0.241,0.625,0.563,-0.31,-0.208,0.607,-0.222,0.391,0.376,0.645,0.489,0.197,0.172,0.652,0.541,-0.202,0.109,0.522,-0.169,0.175,0.087,0.641,0.311,0.077,-0.049,0.489,-0.119,0.415,0.031,-0.113,0.711,0.057,0.483,-0.157,0.352,0.702,0.254,0.096,0.523,0.343,0.524,-0.633,-0.085,0.033,0.649,0.109
BKR,-0.076,0.87,0.353,-0.147,0.218,0.388,0.285,0.149,-0.195,0.349,0.609,-0.074,0.696,0.544,0.466,-0.636,0.817,-0.312,0.714,0.059,-0.191,-0.244,0.213,0.835,-0.228,0.827,0.091,0.0,0.654,0.794,0.23,0.789,-0.303,0.354,0.434,0.814,0.178,0.769,-0.324,0.615,0.796,0.825,0.61,-0.298,0.855,-0.03,0.17,0.248,0.553,0.315,-0.424,0.634,0.079,0.442,0.721,0.829,0.679,0.587,0.693,0.752,0.886,-0.584,-0.339,0.786,0.244,0.867,0.387,0.129,0.503,0.483,-0.027,0.781,0.187,0.556,0.818,0.856,0.033,0.854,-0.366,0.311,0.019,0.858,0.88,0.538,0.772,0.376,0.697,-0.608,0.908,-0.309,0.381,-0.426,0.193,0.69,0.72,0.763,0.724,0.43,-0.341,0.494,0.755,0.491,-0.264,-0.169,0.353,-0.607,0.366,-0.202,0.482,0.711,0.734,0.488,0.202,0.659,0.585,0.576,0.822,0.571,0.018,-0.046,-0.54,0.683,0.859,0.682,0.56,0.732,0.496,-0.219,-0.326,-0.082,0.634,-0.494,0.645,0.75,0.503,-0.558,0.653,0.732,0.107,0.066,-0.321,0.619,0.504,0.557,-0.102,0.368,0.005,0.135,-0.172,0.686,-0.337,0.767,-0.213,-0.315,0.593,-0.162,-0.138,-0.118,0.2,-0.218,0.62,-0.054,0.657,0.385,-0.298,0.917,0.461,0.077,0.394,0.173,0.882,0.331,0.547,0.858,0.739,0.332,0.679,-0.632,0.305,0.017,-0.048,0.495,0.732,0.815,0.493,-0.178,0.727,0.794,0.076,0.428,0.854,0.196,-0.181,-0.142,-0.061,0.03,0.422,0.372,-0.064,0.856
BLDP,0.004,0.694,0.695,0.073,0.207,0.681,0.563,0.09,-0.044,0.423,0.568,0.013,0.388,0.198,0.533,-0.393,0.666,0.001,0.53,0.253,0.173,-0.02,-0.313,0.529,0.136,0.768,0.291,0.654,0.0,0.685,0.473,0.465,0.163,0.381,0.25,0.794,0.263,0.601,0.007,0.768,0.57,0.668,0.461,0.14,0.803,0.252,-0.219,0.104,0.047,0.553,-0.317,0.089,0.351,0.428,0.506,0.695,0.57,0.224,0.495,0.767,0.73,-0.397,-0.062,0.502,0.061,0.757,-0.029,0.213,0.601,0.094,0.32,0.562,0.171,0.692,0.692,0.585,-0.071,0.555,-0.163,0.575,0.047,0.637,0.76,0.631,0.59,-0.095,0.678,-0.323,0.667,-0.013,0.377,-0.027,0.187,0.716,0.525,0.567,0.417,0.411,0.08,0.691,0.506,0.753,0.186,0.217,0.257,-0.417,0.316,0.139,0.673,0.189,0.382,0.004,0.168,0.672,0.503,0.568,0.637,0.381,-0.191,0.352,-0.194,0.54,0.521,0.831,0.589,0.561,0.31,-0.264,0.027,-0.188,0.632,-0.138,0.638,0.68,0.772,-0.318,0.299,0.858,0.473,0.07,-0.097,0.502,0.002,0.546,0.072,-0.146,0.423,0.285,0.159,0.63,0.009,0.691,-0.429,-0.245,0.716,0.228,0.056,-0.067,-0.146,0.007,0.448,0.283,0.561,0.528,0.103,0.641,0.454,0.412,0.17,-0.023,0.63,0.599,0.337,0.665,0.634,0.642,0.862,-0.263,0.046,0.342,-0.127,0.579,0.411,0.478,0.659,-0.04,0.633,0.522,0.417,0.604,0.641,0.202,0.336,0.275,0.284,-0.399,0.223,0.36,0.248,0.598
BLFS,-0.021,0.94,0.632,-0.112,0.128,0.445,0.508,0.421,-0.167,0.249,0.699,-0.322,0.539,0.282,0.736,-0.54,0.889,-0.03,0.762,0.126,-0.053,0.033,0.072,0.573,-0.025,0.902,0.298,0.794,0.685,0.0,0.404,0.672,-0.207,0.109,0.367,0.902,-0.073,0.585,-0.27,0.83,0.837,0.912,0.425,-0.237,0.92,-0.208,-0.135,-0.172,0.397,0.599,-0.486,0.399,0.226,0.674,0.71,0.656,0.434,0.268,0.67,0.833,0.912,-0.797,-0.469,0.736,0.425,0.889,0.232,-0.034,0.74,0.317,0.041,0.837,-0.118,0.734,0.739,0.807,-0.343,0.766,-0.236,0.332,-0.287,0.865,0.83,0.561,0.722,0.134,0.7,-0.588,0.869,-0.058,0.241,-0.411,-0.134,0.67,0.719,0.717,0.373,0.509,-0.17,0.521,0.766,0.711,-0.065,0.118,0.471,-0.804,0.105,0.11,0.603,0.477,0.717,0.262,0.043,0.758,0.678,0.719,0.855,0.435,-0.158,0.22,-0.337,0.73,0.832,0.793,0.656,0.842,0.269,-0.417,-0.137,-0.455,0.601,-0.42,0.772,0.692,0.673,-0.405,0.619,0.819,0.305,0.302,-0.37,0.383,0.276,0.617,-0.353,0.148,0.251,0.225,-0.02,0.797,-0.096,0.825,-0.55,-0.375,0.522,0.01,-0.109,-0.444,0.167,-0.117,0.428,-0.099,0.65,0.454,-0.176,0.886,0.243,0.252,0.36,-0.16,0.849,0.345,0.224,0.755,0.809,0.458,0.796,-0.69,0.389,0.044,-0.148,0.404,0.517,0.719,0.755,-0.324,0.858,0.62,0.328,0.631,0.905,-0.099,0.012,-0.168,0.137,-0.263,0.083,0.106,0.146,0.779
BLKB,0.477,0.391,0.671,0.686,0.478,0.821,0.857,0.457,0.627,0.671,0.295,0.175,-0.204,-0.5,0.405,0.413,0.374,0.564,0.657,0.757,0.719,0.62,-0.734,0.121,0.772,0.361,0.734,0.23,0.473,0.404,0.0,0.548,0.44,0.019,-0.477,0.5,0.449,0.456,0.621,0.672,0.167,0.244,0.448,0.631,0.449,0.305,-0.237,0.001,-0.438,0.741,0.347,-0.439,0.83,0.239,0.023,0.292,-0.007,-0.263,0.012,0.651,0.515,-0.342,0.41,-0.061,-0.08,0.534,-0.618,0.589,0.724,-0.339,0.73,0.071,0.29,0.521,0.411,0.382,-0.353,0.36,0.556,0.803,0.28,0.111,0.285,0.633,0.249,-0.649,0.799,0.323,0.202,0.637,0.62,0.485,0.244,0.728,0.328,0.14,0.101,-0.181,0.651,0.859,0.069,0.825,0.791,0.806,-0.295,0.019,0.37,0.766,0.435,-0.031,-0.1,0.172,0.491,0.609,-0.038,0.645,0.14,0.635,-0.489,0.834,0.471,0.039,0.105,0.696,0.471,0.232,0.57,-0.614,0.731,0.076,0.118,0.058,0.593,0.593,0.786,-0.064,0.078,0.617,0.859,0.291,0.535,0.467,-0.591,0.102,0.258,-0.582,0.794,0.855,0.801,0.351,0.699,0.556,-0.602,0.515,0.557,0.769,0.66,-0.324,-0.506,0.712,-0.178,0.704,0.577,0.843,0.681,0.285,0.474,0.855,0.542,-0.054,0.127,0.814,-0.062,0.358,0.084,0.895,0.539,0.143,-0.376,0.719,-0.137,0.733,0.106,-0.018,0.826,0.267,0.518,-0.037,0.451,0.74,0.265,0.351,0.731,0.538,0.745,-0.795,0.158,0.204,0.752,0.226
