,ABAT,ACLS,ACMR,ADMA,ADUS,ADVM,AEIS,AGNCM,AHCO,ALGT,ALLO,AMSF,ANAB,ANDE,APLS,APPF,ASML,ATRC,AVGO,AVT,AXDX,AXSM,AZN,BANR,BBIO,BCYC,BHFAP,BKR,BLDP,BLFS,BLKB,BLMN,BNTX,BPMC,CALM,CAMT,CASH,CATY,CCEP,CDLX,CDNS,CENN,CENX,CGC,CHDN,CLBK,COKE,COLB,COO,CORT,CRMT,CRNX,CRTO,CRVL,CSCO,CSQ,CSWI,CVBF,CWST,CYCC,CZR,DLTR,DORM,ENTA,EQIX,ERIC,EVRG,EWBC,EXAS,EXLS,EXPI,EYE,FBNC,FBRX,FCNCA,FELE,FIBK,FLEX,FRGT,FRHC,FRME,FWONA,FWONK,GDEN,GIII,GILD,GLNG,GNTX,GOOGL,GRPN,HCSG,HIMX,HOPE,HST,HTLD,HUT,HWC,ICUI,IESC,INTC,INTU,IOVA,IPAR,IPGP,ISRG,JBSS,KALU,KPRX,KRNT,LAUR,LBRDA,LBTYK,LECO,LILAK,LITE,MANH,MDXG,MFIC,MGEE,MIDD,MLAB,MMSI,MNKD,MOMO,MRVL,NICE,NMFC,NUWE,NVCR,NWBI,OFIX,OFLX,OMCL,OPK,ORKA,ORLY,OTTR,PDD,PNTG,POOL,POWL,PPBI,PPC,PRAA,PRPL,PZZA,QTRX,QURE,RDFN,RDHL,REAL,REG,REYN,RGLD,RIOT,RUN,RYTM,SAIA,SBAC,SBRA,SCVL,SHOO,SLAB,SLDB,SMCI,SMTC,SRCE,SSP,SSRM,STBA,STRO,SVC,SYBT,TCBI,TCOM,TENX,TH,TMUS,TNDM,TTD,TTMI,UAL,ULH,ULTA,VCYT,VIRT,VKTX,VOD,VRDN,VREX,VRNT,VSAT,WB,WBD,WDC,WEN,WSFS,XXII,Z,ZBRA
ABAT,0.0,0.71,0.652,0.621,0.79,0.584,0.769,0.208,0.669,0.662,0.678,-0.521,-0.496,-0.713,-0.288,0.74,0.632,-0.305,0.684,0.449,0.621,0.144,-0.491,-0.219,0.512,0.022,-0.067,-0.672,0.758,0.639,0.627,0.064,-0.125,0.644,0.492,0.684,-0.49,-0.435,-0.25,0.705,0.748,0.572,0.107,0.689,0.672,0.564,-0.053,0.231,0.567,0.719,0.044,0.616,0.379,0.065,-0.383,0.544,0.622,-0.086,0.023,0.247,-0.135,0.315,0.254,0.234,0.325,0.632,0.305,-0.209,0.741,-0.511,0.713,0.308,-0.552,0.578,0.59,-0.59,0.38,0.293,-0.218,0.662,0.101,0.686,0.668,-0.658,-0.066,-0.548,0.348,0.362,0.389,0.124,0.53,0.596,-0.197,0.441,-0.111,0.609,-0.673,0.556,-0.002,0.6,0.427,0.464,0.384,0.729,0.704,-0.176,-0.747,0.603,0.763,-0.633,-0.462,-0.715,-0.44,-0.082,0.654,0.071,0.666,-0.215,0.217,0.415,0.64,0.357,0.705,0.693,0.591,0.611,0.368,0.595,0.613,-0.148,0.53,0.621,0.513,0.615,0.715,-0.599,-0.491,0.602,0.619,-0.623,-0.474,-0.504,-0.132,-0.562,0.743,-0.356,0.667,0.406,0.68,0.678,0.5,-0.317,-0.595,-0.463,0.611,0.709,-0.244,0.104,0.629,0.663,0.01,-0.192,0.715,0.554,0.649,0.732,-0.561,0.711,-0.463,-0.379,0.574,0.543,-0.15,-0.447,0.269,-0.505,0.572,-0.512,0.675,0.651,0.601,-0.093,-0.633,0.476,0.647,0.716,0.538,-0.37,0.359,-0.388,0.625,0.33,0.694,0.442,0.024,-0.36,-0.536,0.683,0.748,0.679
ACLS,0.71,0.0,0.957,0.758,0.87,0.722,0.911,0.602,0.871,0.813,0.899,-0.626,-0.536,-0.816,-0.279,0.949,0.92,-0.196,0.958,0.687,0.874,0.325,-0.734,-0.226,0.543,0.274,0.259,-0.868,0.91,0.791,0.69,0.279,-0.403,0.779,0.453,0.93,-0.501,-0.455,-0.456,0.91,0.882,0.744,0.241,0.935,0.926,0.84,-0.313,0.46,0.826,0.909,0.234,0.871,0.694,0.225,-0.497,0.87,0.905,-0.196,-0.04,0.308,0.189,0.613,0.099,0.402,0.052,0.939,0.544,0.059,0.948,-0.671,0.94,0.622,-0.48,0.703,0.724,-0.492,0.645,0.623,-0.152,0.938,0.458,0.92,0.908,-0.814,0.34,-0.763,0.493,0.771,0.741,0.425,0.565,0.893,-0.103,0.7,0.111,0.812,-0.708,0.865,0.294,0.915,0.353,0.723,0.582,0.898,0.917,-0.37,-0.704,0.718,0.86,-0.879,-0.679,-0.781,-0.233,0.106,0.94,0.201,0.87,0.098,0.19,0.694,0.841,0.721,0.876,0.919,0.898,0.845,0.609,0.877,0.913,-0.065,0.845,0.555,0.849,0.933,0.842,-0.623,-0.564,0.904,0.897,-0.609,-0.496,-0.387,-0.3,-0.326,0.854,-0.033,0.938,0.591,0.895,0.81,0.833,-0.242,-0.849,-0.635,0.877,0.955,-0.074,0.281,0.83,0.852,0.089,0.174,0.932,0.742,0.934,0.97,-0.591,0.851,-0.544,-0.339,0.487,0.873,-0.011,-0.319,0.544,-0.45,0.796,-0.61,0.93,0.934,0.865,-0.043,-0.767,0.696,0.927,0.794,0.606,-0.386,0.588,-0.305,0.894,0.588,0.78,0.563,0.244,-0.551,-0.53,0.791,0.951,0.794
ACMR,0.652,0.957,0.0,0.726,0.851,0.706,0.866,0.635,0.911,0.781,0.879,-0.684,-0.528,-0.804,-0.332,0.929,0.873,-0.12,0.904,0.557,0.87,0.321,-0.839,-0.37,0.427,0.305,0.26,-0.929,0.891,0.763,0.594,0.337,-0.509,0.708,0.409,0.939,-0.531,-0.517,-0.625,0.91,0.891,0.712,0.339,0.963,0.95,0.836,-0.488,0.424,0.887,0.872,0.238,0.895,0.742,0.201,-0.536,0.884,0.942,-0.372,-0.17,0.143,0.18,0.718,0.087,0.49,-0.118,0.922,0.577,0.022,0.955,-0.675,0.916,0.635,-0.54,0.662,0.587,-0.431,0.627,0.581,-0.132,0.964,0.45,0.898,0.925,-0.844,0.296,-0.843,0.351,0.81,0.718,0.542,0.442,0.945,-0.206,0.693,0.176,0.884,-0.764,0.888,0.297,0.905,0.16,0.825,0.472,0.845,0.927,-0.428,-0.627,0.703,0.789,-0.91,-0.661,-0.783,-0.188,0.142,0.927,0.196,0.88,0.05,0.06,0.771,0.853,0.79,0.821,0.891,0.857,0.912,0.459,0.934,0.96,-0.242,0.898,0.497,0.878,0.941,0.78,-0.549,-0.573,0.934,0.957,-0.607,-0.508,-0.414,-0.455,-0.287,0.814,0.038,0.967,0.516,0.912,0.715,0.904,-0.231,-0.923,-0.761,0.934,0.943,-0.125,0.305,0.809,0.808,0.017,0.203,0.938,0.856,0.874,0.95,-0.681,0.817,-0.678,-0.426,0.467,0.91,-0.067,-0.313,0.414,-0.338,0.72,-0.62,0.954,0.969,0.782,-0.238,-0.793,0.58,0.974,0.719,0.556,-0.268,0.505,-0.348,0.941,0.642,0.72,0.671,0.081,-0.676,-0.603,0.703,0.946,0.677
ADMA,0.621,0.758,0.726,0.0,0.82,0.565,0.816,0.247,0.772,0.694,0.718,-0.673,-0.467,-0.706,-0.068,0.827,0.655,-0.205,0.696,0.456,0.64,0.475,-0.588,-0.198,0.645,0.096,-0.059,-0.736,0.851,0.791,0.727,0.261,-0.214,0.69,0.204,0.795,-0.241,-0.495,-0.234,0.844,0.596,0.705,0.203,0.79,0.786,0.558,-0.178,0.168,0.573,0.784,0.127,0.804,0.556,-0.032,-0.562,0.561,0.626,-0.248,-0.14,0.437,0.103,0.355,-0.144,0.357,0.032,0.662,0.253,-0.057,0.812,-0.783,0.836,0.479,-0.566,0.785,0.639,-0.62,0.367,0.349,-0.123,0.728,0.079,0.795,0.747,-0.651,0.239,-0.735,0.506,0.501,0.704,0.411,0.349,0.658,-0.33,0.762,-0.187,0.679,-0.577,0.651,0.219,0.578,0.428,0.577,0.384,0.805,0.694,-0.59,-0.638,0.596,0.767,-0.76,-0.664,-0.583,-0.244,-0.203,0.738,0.475,0.593,-0.018,-0.083,0.487,0.488,0.403,0.84,0.821,0.606,0.635,0.528,0.659,0.695,-0.073,0.563,0.428,0.718,0.716,0.812,-0.601,-0.716,0.729,0.69,-0.664,-0.499,-0.427,-0.125,-0.55,0.808,-0.124,0.804,0.457,0.8,0.771,0.624,-0.264,-0.726,-0.566,0.729,0.718,0.145,0.047,0.708,0.741,-0.1,-0.207,0.717,0.58,0.763,0.783,-0.528,0.658,-0.508,-0.463,0.614,0.714,-0.078,-0.244,0.526,-0.431,0.693,-0.623,0.782,0.787,0.623,0.004,-0.678,0.616,0.725,0.714,0.723,-0.441,0.381,-0.348,0.753,0.617,0.813,0.331,0.28,-0.435,-0.463,0.692,0.789,0.678
ADUS,0.79,0.87,0.851,0.82,0.0,0.725,0.929,0.316,0.837,0.783,0.884,-0.706,-0.596,-0.836,-0.298,0.938,0.766,-0.294,0.812,0.536,0.815,0.324,-0.729,-0.394,0.544,0.077,-0.012,-0.872,0.956,0.84,0.769,0.201,-0.233,0.815,0.465,0.845,-0.58,-0.598,-0.423,0.907,0.861,0.761,0.223,0.888,0.882,0.716,-0.234,0.226,0.722,0.889,0.074,0.808,0.537,0.042,-0.515,0.669,0.809,-0.296,-0.158,0.266,-0.075,0.511,0.174,0.372,0.176,0.786,0.387,-0.158,0.931,-0.751,0.9,0.498,-0.707,0.691,0.645,-0.669,0.498,0.409,-0.253,0.84,0.127,0.858,0.836,-0.8,0.044,-0.799,0.375,0.569,0.566,0.317,0.524,0.808,-0.348,0.648,-0.103,0.807,-0.792,0.717,0.115,0.753,0.385,0.715,0.371,0.939,0.835,-0.426,-0.818,0.681,0.854,-0.852,-0.658,-0.785,-0.394,-0.102,0.862,0.169,0.773,-0.118,0.109,0.621,0.73,0.497,0.921,0.882,0.702,0.771,0.538,0.775,0.807,-0.26,0.702,0.711,0.712,0.8,0.855,-0.708,-0.664,0.781,0.829,-0.786,-0.541,-0.62,-0.206,-0.639,0.905,-0.188,0.906,0.578,0.877,0.805,0.688,-0.285,-0.788,-0.642,0.808,0.897,-0.142,0.208,0.759,0.861,-0.099,-0.149,0.901,0.745,0.847,0.925,-0.715,0.818,-0.611,-0.593,0.721,0.784,-0.202,-0.477,0.351,-0.529,0.696,-0.622,0.842,0.862,0.719,-0.161,-0.764,0.622,0.868,0.893,0.722,-0.396,0.372,-0.59,0.851,0.571,0.844,0.609,0.122,-0.581,-0.663,0.781,0.948,0.769
ADVM,0.584,0.722,0.706,0.565,0.725,0.0,0.748,0.288,0.646,0.646,0.85,-0.494,-0.383,-0.708,-0.508,0.697,0.685,-0.713,0.684,0.401,0.896,0.072,-0.565,-0.342,0.394,0.039,0.11,-0.674,0.716,0.484,0.691,-0.324,-0.514,0.644,0.574,0.542,-0.807,-0.374,-0.328,0.597,0.772,0.532,0.087,0.657,0.681,0.519,-0.031,0.096,0.466,0.778,-0.14,0.573,0.16,-0.154,-0.269,0.499,0.675,-0.023,-0.237,0.132,-0.033,0.298,0.261,0.143,0.17,0.672,0.136,-0.242,0.71,-0.412,0.681,0.245,-0.541,0.455,0.591,-0.543,0.521,0.539,-0.53,0.662,0.265,0.653,0.581,-0.722,-0.055,-0.442,0.236,0.403,0.212,-0.102,0.748,0.648,-0.035,0.21,-0.201,0.578,-0.729,0.599,-0.204,0.631,0.306,0.543,0.438,0.762,0.565,-0.16,-0.733,0.641,0.757,-0.759,-0.715,-0.834,-0.452,-0.142,0.718,-0.317,0.816,-0.277,0.051,0.435,0.833,0.304,0.737,0.788,0.563,0.514,0.341,0.561,0.69,-0.176,0.474,0.659,0.388,0.682,0.729,-0.822,-0.582,0.628,0.627,-0.698,-0.525,-0.587,0.057,-0.569,0.728,-0.348,0.682,0.585,0.583,0.651,0.416,-0.489,-0.543,-0.343,0.531,0.817,-0.251,0.273,0.435,0.532,0.019,-0.078,0.855,0.528,0.689,0.783,-0.621,0.78,-0.402,-0.523,0.533,0.461,-0.138,-0.678,0.216,-0.459,0.422,-0.409,0.637,0.615,0.604,-0.216,-0.695,0.448,0.652,0.836,0.465,-0.384,0.387,-0.647,0.58,0.054,0.743,0.483,0.052,-0.548,-0.609,0.689,0.784,0.698
AEIS,0.769,0.911,0.866,0.816,0.929,0.748,0.0,0.289,0.877,0.848,0.886,-0.64,-0.676,-0.896,-0.216,0.962,0.812,-0.356,0.88,0.547,0.825,0.452,-0.662,-0.286,0.733,0.06,-0.085,-0.884,0.965,0.817,0.831,0.146,-0.334,0.833,0.442,0.849,-0.58,-0.516,-0.306,0.929,0.843,0.844,0.13,0.867,0.892,0.743,-0.091,0.258,0.685,0.972,0.096,0.856,0.575,0.0,-0.614,0.68,0.804,-0.139,-0.144,0.408,-0.141,0.383,0.064,0.48,0.182,0.781,0.327,-0.192,0.953,-0.744,0.95,0.418,-0.656,0.792,0.764,-0.692,0.546,0.35,-0.32,0.873,0.2,0.928,0.883,-0.893,0.125,-0.734,0.555,0.534,0.567,0.261,0.596,0.771,-0.245,0.657,-0.147,0.766,-0.798,0.768,0.102,0.758,0.524,0.673,0.552,0.96,0.799,-0.4,-0.871,0.726,0.913,-0.868,-0.777,-0.822,-0.489,-0.103,0.836,0.186,0.793,-0.212,0.162,0.5,0.733,0.466,0.935,0.898,0.722,0.772,0.541,0.761,0.836,-0.101,0.704,0.688,0.741,0.866,0.925,-0.778,-0.717,0.812,0.804,-0.821,-0.596,-0.618,-0.131,-0.608,0.952,-0.236,0.889,0.603,0.887,0.891,0.669,-0.468,-0.793,-0.582,0.79,0.915,-0.058,0.117,0.765,0.796,-0.086,-0.118,0.904,0.675,0.913,0.95,-0.696,0.89,-0.559,-0.502,0.648,0.778,-0.198,-0.51,0.475,-0.559,0.738,-0.672,0.881,0.893,0.782,-0.063,-0.794,0.665,0.834,0.92,0.771,-0.518,0.602,-0.481,0.812,0.519,0.858,0.492,0.211,-0.531,-0.582,0.772,0.948,0.77
AGNCM,0.208,0.602,0.635,0.247,0.316,0.288,0.289,0.0,0.446,0.309,0.466,-0.352,-0.207,-0.351,-0.231,0.437,0.548,0.241,0.556,0.494,0.504,-0.186,-0.552,-0.194,-0.053,0.446,0.692,-0.474,0.334,0.333,-0.035,0.388,-0.373,0.128,0.299,0.622,-0.211,-0.265,-0.628,0.445,0.522,0.137,0.358,0.592,0.521,0.592,-0.625,0.506,0.689,0.337,0.324,0.488,0.547,0.57,-0.187,0.798,0.64,-0.355,0.08,-0.026,0.528,0.76,0.071,0.141,-0.333,0.734,0.717,0.329,0.481,-0.26,0.464,0.651,-0.091,0.205,0.178,0.069,0.405,0.661,0.268,0.553,0.533,0.483,0.553,-0.366,0.531,-0.499,0.109,0.722,0.592,0.523,0.076,0.675,0.037,0.392,0.585,0.465,-0.296,0.663,0.495,0.732,-0.235,0.432,0.269,0.293,0.62,-0.145,-0.091,0.399,0.345,-0.498,-0.23,-0.421,0.254,0.331,0.682,0.035,0.583,0.51,0.086,0.675,0.578,0.865,0.287,0.454,0.73,0.545,0.318,0.706,0.616,-0.126,0.7,-0.059,0.619,0.623,0.251,-0.042,-0.063,0.64,0.662,-0.001,-0.198,0.071,-0.586,0.32,0.245,0.206,0.535,0.216,0.498,0.275,0.768,0.187,-0.55,-0.495,0.619,0.511,-0.234,0.353,0.603,0.474,0.278,0.621,0.524,0.546,0.481,0.486,-0.252,0.38,-0.314,0.004,-0.035,0.595,0.178,0.149,0.348,0.006,0.542,-0.386,0.604,0.561,0.44,-0.137,-0.458,0.316,0.646,0.115,-0.09,-0.032,0.177,0.141,0.635,0.38,0.186,0.421,0.022,-0.295,-0.349,0.355,0.451,0.314
AHCO,0.669,0.871,0.911,0.772,0.837,0.646,0.877,0.446,0.0,0.853,0.782,-0.686,-0.566,-0.773,-0.288,0.906,0.771,-0.136,0.798,0.414,0.747,0.478,-0.823,-0.355,0.501,0.16,0.064,-0.93,0.87,0.711,0.593,0.386,-0.448,0.665,0.359,0.892,-0.496,-0.455,-0.573,0.926,0.801,0.753,0.402,0.906,0.946,0.795,-0.429,0.398,0.839,0.856,0.33,0.878,0.742,0.05,-0.626,0.759,0.878,-0.363,-0.232,0.125,0.012,0.625,0.041,0.619,-0.091,0.767,0.531,-0.035,0.929,-0.694,0.886,0.553,-0.582,0.682,0.621,-0.418,0.629,0.389,-0.234,0.917,0.354,0.864,0.902,-0.862,0.205,-0.832,0.345,0.703,0.638,0.534,0.396,0.875,-0.263,0.745,0.126,0.861,-0.75,0.831,0.238,0.763,0.172,0.815,0.411,0.803,0.879,-0.444,-0.653,0.623,0.719,-0.883,-0.645,-0.763,-0.184,0.078,0.816,0.27,0.815,-0.119,0.059,0.715,0.752,0.653,0.809,0.799,0.696,0.906,0.316,0.892,0.89,-0.241,0.842,0.463,0.792,0.882,0.752,-0.525,-0.584,0.805,0.913,-0.605,-0.456,-0.466,-0.409,-0.399,0.837,-0.085,0.892,0.358,0.928,0.67,0.825,-0.297,-0.869,-0.797,0.9,0.842,-0.127,0.262,0.768,0.765,-0.106,0.064,0.861,0.833,0.832,0.894,-0.69,0.8,-0.783,-0.443,0.482,0.874,-0.066,-0.293,0.255,-0.314,0.681,-0.648,0.915,0.933,0.717,-0.274,-0.739,0.537,0.898,0.73,0.625,-0.209,0.519,-0.369,0.894,0.671,0.691,0.649,0.003,-0.706,-0.574,0.608,0.906,0.625
ALGT,0.662,0.813,0.781,0.694,0.783,0.646,0.848,0.309,0.853,0.0,0.738,-0.476,-0.546,-0.709,-0.106,0.837,0.775,-0.218,0.776,0.474,0.7,0.482,-0.646,-0.187,0.612,0.12,0.02,-0.778,0.81,0.629,0.635,0.277,-0.293,0.715,0.459,0.747,-0.497,-0.231,-0.328,0.828,0.769,0.788,0.418,0.806,0.872,0.797,-0.188,0.45,0.718,0.85,0.398,0.797,0.626,-0.006,-0.503,0.662,0.815,-0.078,0.0,0.275,0.006,0.466,0.15,0.55,0.075,0.688,0.409,0.02,0.838,-0.608,0.848,0.521,-0.44,0.575,0.792,-0.359,0.706,0.303,-0.31,0.828,0.411,0.812,0.816,-0.777,0.264,-0.64,0.507,0.578,0.535,0.32,0.582,0.721,-0.013,0.66,0.095,0.696,-0.637,0.764,0.184,0.726,0.359,0.748,0.561,0.767,0.784,-0.329,-0.687,0.573,0.684,-0.741,-0.599,-0.724,-0.271,0.101,0.717,0.183,0.747,-0.137,0.255,0.576,0.724,0.49,0.822,0.733,0.6,0.794,0.348,0.763,0.794,0.023,0.72,0.587,0.654,0.824,0.774,-0.55,-0.471,0.636,0.763,-0.546,-0.406,-0.427,-0.137,-0.453,0.887,-0.2,0.77,0.278,0.835,0.684,0.655,-0.336,-0.679,-0.55,0.758,0.758,0.046,0.409,0.699,0.716,0.104,0.137,0.802,0.605,0.821,0.841,-0.521,0.843,-0.608,-0.282,0.518,0.754,0.042,-0.287,0.247,-0.329,0.717,-0.525,0.777,0.813,0.693,-0.0,-0.58,0.715,0.763,0.783,0.712,-0.251,0.586,-0.317,0.753,0.509,0.678,0.537,0.23,-0.502,-0.384,0.593,0.859,0.695
ALLO,0.678,0.899,0.879,0.718,0.884,0.85,0.886,0.466,0.782,0.738,0.0,-0.649,-0.538,-0.841,-0.373,0.882,0.814,-0.428,0.854,0.593,0.932,0.203,-0.695,-0.315,0.503,0.133,0.176,-0.824,0.891,0.734,0.752,0.023,-0.445,0.765,0.503,0.799,-0.656,-0.519,-0.428,0.824,0.865,0.696,0.177,0.869,0.843,0.692,-0.203,0.223,0.678,0.892,-0.015,0.783,0.454,0.029,-0.437,0.718,0.82,-0.177,-0.174,0.288,0.075,0.484,0.153,0.236,0.123,0.859,0.344,-0.103,0.893,-0.623,0.881,0.483,-0.597,0.664,0.644,-0.629,0.552,0.586,-0.304,0.836,0.291,0.844,0.791,-0.802,0.162,-0.685,0.437,0.594,0.514,0.202,0.633,0.825,-0.166,0.521,-0.075,0.763,-0.768,0.766,0.051,0.806,0.365,0.665,0.47,0.903,0.766,-0.364,-0.775,0.739,0.873,-0.881,-0.764,-0.841,-0.4,-0.079,0.907,-0.002,0.84,-0.074,0.068,0.599,0.834,0.543,0.873,0.929,0.771,0.704,0.565,0.755,0.839,-0.169,0.678,0.673,0.671,0.833,0.862,-0.786,-0.674,0.826,0.808,-0.74,-0.601,-0.558,-0.153,-0.523,0.849,-0.199,0.889,0.643,0.805,0.818,0.679,-0.343,-0.762,-0.539,0.765,0.934,-0.168,0.24,0.702,0.769,0.035,0.023,0.932,0.69,0.863,0.933,-0.67,0.836,-0.501,-0.52,0.686,0.722,-0.151,-0.514,0.439,-0.544,0.684,-0.598,0.838,0.828,0.752,-0.113,-0.801,0.622,0.853,0.85,0.575,-0.468,0.461,-0.541,0.796,0.39,0.837,0.563,0.179,-0.593,-0.644,0.826,0.926,0.782
AMSF,-0.521,-0.626,-0.684,-0.673,-0.706,-0.494,-0.64,-0.352,-0.686,-0.476,-0.649,0.0,0.445,0.565,0.343,-0.663,-0.459,0.194,-0.559,-0.227,-0.622,-0.312,0.696,0.554,-0.236,-0.027,0.006,0.749,-0.722,-0.705,-0.436,-0.26,0.244,-0.509,-0.042,-0.76,0.422,0.685,0.645,-0.75,-0.547,-0.543,-0.309,-0.733,-0.664,-0.408,0.521,0.033,-0.595,-0.568,-0.002,-0.707,-0.531,0.159,0.566,-0.541,-0.548,0.643,0.554,-0.102,-0.059,-0.502,0.339,-0.21,0.08,-0.551,-0.266,0.167,-0.744,0.692,-0.7,-0.436,0.702,-0.658,-0.237,0.604,-0.151,-0.317,-0.092,-0.681,0.034,-0.576,-0.632,0.605,0.126,0.795,-0.058,-0.448,-0.467,-0.506,-0.03,-0.742,0.582,-0.525,0.202,-0.798,0.653,-0.516,-0.13,-0.468,-0.028,-0.559,0.1,-0.631,-0.653,0.703,0.465,-0.722,-0.626,0.699,0.546,0.565,0.197,0.263,-0.719,-0.231,-0.519,0.049,0.379,-0.598,-0.479,-0.495,-0.653,-0.703,-0.581,-0.642,-0.238,-0.67,-0.72,0.546,-0.505,-0.402,-0.613,-0.565,-0.562,0.442,0.713,-0.718,-0.739,0.602,0.573,0.488,0.51,0.437,-0.598,0.141,-0.762,-0.459,-0.765,-0.523,-0.643,0.119,0.805,0.808,-0.758,-0.664,0.285,0.061,-0.659,-0.679,0.38,0.207,-0.646,-0.797,-0.492,-0.683,0.689,-0.471,0.709,0.718,-0.58,-0.599,0.352,0.227,-0.155,0.252,-0.455,0.646,-0.703,-0.695,-0.445,0.405,0.734,-0.207,-0.744,-0.537,-0.472,0.219,-0.136,0.427,-0.779,-0.551,-0.601,-0.533,0.121,0.593,0.7,-0.652,-0.717,-0.504
ANAB,-0.496,-0.536,-0.528,-0.467,-0.596,-0.383,-0.676,-0.207,-0.566,-0.546,-0.538,0.445,0.0,0.735,-0.1,-0.642,-0.35,0.048,-0.468,-0.236,-0.447,-0.209,0.411,0.534,-0.631,0.038,0.331,0.671,-0.624,-0.615,-0.339,-0.198,0.147,-0.32,-0.459,-0.586,0.515,0.568,0.315,-0.692,-0.551,-0.594,-0.047,-0.543,-0.559,-0.51,0.088,0.012,-0.51,-0.644,-0.077,-0.602,-0.411,-0.117,0.724,-0.513,-0.507,0.302,0.109,-0.395,0.438,-0.274,0.03,-0.44,-0.116,-0.47,-0.379,0.477,-0.663,0.688,-0.664,-0.221,0.69,-0.619,-0.424,0.593,-0.146,0.079,0.075,-0.531,0.159,-0.697,-0.707,0.755,-0.063,0.576,-0.419,-0.142,-0.202,-0.17,-0.155,-0.486,0.446,-0.412,-0.021,-0.411,0.744,-0.581,-0.247,-0.469,-0.275,-0.402,-0.311,-0.551,-0.465,0.214,0.693,-0.648,-0.646,0.515,0.627,0.687,0.62,0.235,-0.547,0.031,-0.496,0.312,-0.306,-0.218,-0.357,-0.39,-0.547,-0.515,-0.34,-0.488,-0.259,-0.552,-0.581,0.252,-0.521,-0.384,-0.515,-0.636,-0.584,0.454,0.441,-0.535,-0.559,0.657,0.62,0.713,0.275,0.416,-0.63,0.315,-0.505,-0.298,-0.665,-0.646,-0.514,0.449,0.55,0.472,-0.561,-0.525,0.228,0.174,-0.703,-0.474,0.226,0.01,-0.574,-0.508,-0.568,-0.558,0.65,-0.665,0.419,0.455,-0.438,-0.51,0.446,0.426,-0.276,0.534,-0.547,0.853,-0.644,-0.619,-0.299,0.121,0.657,-0.373,-0.559,-0.546,-0.451,0.618,-0.392,0.285,-0.555,-0.299,-0.416,-0.208,0.069,0.245,0.603,-0.413,-0.573,-0.273
ANDE,-0.713,-0.816,-0.804,-0.706,-0.836,-0.708,-0.896,-0.351,-0.773,-0.709,-0.841,0.565,0.735,0.0,0.228,-0.873,-0.722,0.317,-0.808,-0.491,-0.792,-0.203,0.591,0.418,-0.693,0.021,0.07,0.847,-0.881,-0.768,-0.714,-0.065,0.419,-0.646,-0.533,-0.778,0.616,0.665,0.33,-0.818,-0.837,-0.71,0.01,-0.803,-0.791,-0.64,0.069,-0.15,-0.597,-0.912,0.12,-0.746,-0.465,-0.1,0.612,-0.662,-0.729,0.201,0.148,-0.423,0.177,-0.34,-0.141,-0.379,-0.12,-0.776,-0.327,0.331,-0.877,0.727,-0.87,-0.273,0.721,-0.75,-0.579,0.741,-0.377,-0.345,0.269,-0.779,-0.059,-0.9,-0.845,0.876,-0.072,0.706,-0.467,-0.41,-0.474,-0.184,-0.48,-0.685,0.345,-0.51,0.127,-0.644,0.864,-0.754,-0.026,-0.749,-0.446,-0.538,-0.499,-0.879,-0.681,0.311,0.875,-0.717,-0.893,0.814,0.799,0.854,0.593,0.21,-0.811,-0.051,-0.782,0.245,-0.145,-0.388,-0.668,-0.459,-0.828,-0.806,-0.708,-0.655,-0.504,-0.706,-0.779,0.208,-0.645,-0.589,-0.704,-0.829,-0.872,0.782,0.705,-0.793,-0.741,0.82,0.738,0.69,0.177,0.592,-0.828,0.367,-0.804,-0.588,-0.782,-0.885,-0.639,0.575,0.752,0.531,-0.709,-0.855,0.231,0.002,-0.741,-0.632,0.133,0.143,-0.873,-0.615,-0.826,-0.863,0.754,-0.851,0.478,0.554,-0.613,-0.658,0.335,0.59,-0.499,0.628,-0.682,0.695,-0.846,-0.824,-0.632,0.129,0.871,-0.553,-0.78,-0.795,-0.597,0.632,-0.538,0.423,-0.72,-0.348,-0.765,-0.411,-0.094,0.471,0.696,-0.707,-0.842,-0.687
APLS,-0.288,-0.279,-0.332,-0.068,-0.298,-0.508,-0.216,-0.231,-0.288,-0.106,-0.373,0.343,-0.1,0.228,0.0,-0.215,-0.276,0.49,-0.253,0.006,-0.455,0.229,0.466,0.223,0.28,0.124,-0.227,0.351,-0.247,-0.047,-0.189,0.276,0.443,-0.213,-0.297,-0.191,0.474,0.219,0.471,-0.148,-0.422,0.031,0.013,-0.253,-0.271,-0.142,0.238,-0.03,-0.207,-0.197,0.24,-0.02,0.08,0.101,-0.05,-0.177,-0.313,0.172,0.44,0.456,-0.011,-0.274,-0.274,0.064,-0.01,-0.285,-0.123,0.035,-0.261,-0.076,-0.131,-0.014,0.28,-0.014,0.043,0.115,-0.262,-0.459,0.384,-0.256,-0.174,-0.105,-0.126,0.26,0.404,0.229,0.406,-0.253,0.023,-0.004,-0.289,-0.375,0.044,0.135,0.094,-0.387,0.339,-0.154,0.392,-0.234,0.221,-0.206,0.121,-0.285,-0.294,-0.1,0.235,-0.24,-0.234,0.431,0.192,0.428,-0.043,0.008,-0.327,0.315,-0.443,0.112,0.155,-0.37,-0.525,-0.206,-0.22,-0.27,-0.321,-0.23,0.028,-0.255,-0.252,0.397,-0.225,-0.264,-0.065,-0.163,-0.118,0.375,0.197,-0.264,-0.334,0.259,0.123,0.168,0.178,0.2,-0.109,0.16,-0.31,-0.299,-0.139,-0.031,-0.169,0.105,0.249,0.355,-0.223,-0.41,0.555,-0.206,-0.001,-0.164,0.211,0.223,-0.4,-0.419,-0.143,-0.327,0.325,-0.23,0.424,0.353,-0.187,-0.132,0.091,0.382,0.246,0.129,0.108,0.004,-0.207,-0.193,-0.243,0.576,0.38,0.189,-0.328,-0.313,0.115,-0.127,0.092,0.484,-0.245,0.047,-0.257,-0.465,0.473,0.461,0.474,-0.291,-0.329,-0.31
APPF,0.74,0.949,0.929,0.827,0.938,0.697,0.962,0.437,0.906,0.837,0.882,-0.663,-0.642,-0.873,-0.215,0.0,0.851,-0.192,0.904,0.604,0.814,0.425,-0.735,-0.325,0.637,0.184,0.06,-0.916,0.966,0.855,0.748,0.299,-0.334,0.805,0.428,0.923,-0.514,-0.546,-0.414,0.956,0.871,0.811,0.216,0.93,0.936,0.807,-0.264,0.337,0.804,0.943,0.193,0.89,0.692,0.142,-0.593,0.81,0.876,-0.27,-0.101,0.335,-0.006,0.558,0.099,0.509,0.068,0.865,0.5,-0.096,0.976,-0.77,0.963,0.548,-0.632,0.76,0.708,-0.597,0.567,0.443,-0.219,0.93,0.276,0.949,0.932,-0.867,0.247,-0.819,0.507,0.67,0.691,0.423,0.507,0.852,-0.266,0.74,0.028,0.816,-0.786,0.832,0.251,0.842,0.403,0.745,0.544,0.941,0.884,-0.434,-0.786,0.707,0.877,-0.885,-0.711,-0.788,-0.349,0.009,0.888,0.259,0.826,-0.06,0.162,0.632,0.753,0.62,0.917,0.906,0.792,0.847,0.568,0.857,0.892,-0.165,0.812,0.603,0.839,0.914,0.879,-0.661,-0.651,0.869,0.881,-0.734,-0.537,-0.547,-0.273,-0.475,0.907,-0.091,0.94,0.569,0.925,0.846,0.801,-0.322,-0.86,-0.668,0.877,0.933,-0.058,0.198,0.833,0.851,-0.05,0.011,0.925,0.757,0.927,0.962,-0.689,0.866,-0.601,-0.471,0.584,0.877,-0.136,-0.411,0.482,-0.489,0.781,-0.666,0.932,0.947,0.809,-0.087,-0.788,0.687,0.915,0.849,0.721,-0.428,0.551,-0.417,0.89,0.641,0.813,0.556,0.192,-0.572,-0.587,0.745,0.961,0.751
ASML,0.632,0.92,0.873,0.655,0.766,0.685,0.812,0.548,0.771,0.775,0.814,-0.459,-0.35,-0.722,-0.276,0.851,0.0,-0.213,0.959,0.762,0.821,0.291,-0.604,-0.06,0.497,0.298,0.352,-0.729,0.816,0.691,0.679,0.216,-0.382,0.798,0.461,0.801,-0.433,-0.283,-0.31,0.757,0.847,0.683,0.136,0.825,0.837,0.8,-0.195,0.531,0.721,0.839,0.206,0.74,0.613,0.221,-0.284,0.776,0.858,-0.042,0.161,0.283,0.283,0.542,0.221,0.349,0.114,0.904,0.46,0.155,0.832,-0.506,0.829,0.563,-0.301,0.553,0.742,-0.379,0.671,0.698,-0.182,0.859,0.547,0.845,0.803,-0.671,0.369,-0.605,0.511,0.764,0.739,0.343,0.634,0.766,0.058,0.621,0.121,0.698,-0.581,0.774,0.238,0.913,0.432,0.651,0.678,0.848,0.858,-0.241,-0.64,0.567,0.769,-0.761,-0.51,-0.652,-0.157,0.212,0.836,0.173,0.804,0.159,0.278,0.627,0.819,0.614,0.81,0.818,0.882,0.783,0.645,0.752,0.814,0.074,0.778,0.547,0.772,0.863,0.769,-0.568,-0.459,0.786,0.771,-0.477,-0.358,-0.259,-0.163,-0.259,0.777,-0.001,0.843,0.57,0.749,0.748,0.705,-0.202,-0.724,-0.48,0.748,0.897,0.012,0.426,0.695,0.737,0.255,0.222,0.865,0.579,0.895,0.897,-0.452,0.784,-0.403,-0.179,0.383,0.785,0.131,-0.298,0.545,-0.421,0.747,-0.34,0.798,0.83,0.879,0.092,-0.601,0.732,0.819,0.738,0.582,-0.303,0.596,-0.222,0.776,0.496,0.734,0.513,0.396,-0.479,-0.348,0.68,0.861,0.836
ATRC,-0.305,-0.196,-0.12,-0.205,-0.294,-0.713,-0.356,0.241,-0.136,-0.218,-0.428,0.194,0.048,0.317,0.49,-0.192,-0.213,0.0,-0.225,-0.08,-0.496,0.023,0.034,0.052,-0.264,0.355,0.149,0.157,-0.294,-0.093,-0.555,0.752,0.229,-0.394,-0.274,0.014,0.612,0.114,-0.154,-0.092,-0.259,-0.22,0.266,-0.08,-0.121,0.068,-0.459,0.316,0.184,-0.363,0.472,-0.053,0.381,0.506,-0.019,0.131,-0.058,-0.332,0.31,-0.165,0.215,0.324,-0.085,0.249,-0.418,-0.108,0.427,0.338,-0.201,0.031,-0.204,0.267,0.309,-0.234,-0.319,0.503,-0.132,-0.204,0.587,-0.108,0.083,-0.142,-0.004,0.283,0.423,-0.098,-0.084,0.17,0.285,0.582,-0.619,-0.063,-0.08,0.256,0.651,-0.111,0.327,0.005,0.604,-0.031,-0.429,0.025,-0.158,-0.404,0.022,-0.003,0.522,-0.34,-0.442,0.298,0.479,0.47,0.491,0.439,-0.195,0.488,-0.286,0.458,0.091,0.144,-0.359,0.337,-0.375,-0.367,-0.095,0.082,-0.132,0.071,-0.109,0.008,0.184,-0.528,0.188,-0.095,-0.408,0.756,0.471,-0.104,-0.027,0.516,0.357,0.44,-0.464,0.635,-0.332,0.579,-0.16,-0.482,-0.058,-0.363,0.245,0.526,0.011,-0.133,0.07,-0.344,0.204,0.053,0.12,-0.066,0.101,0.465,-0.339,-0.003,-0.217,-0.3,0.252,-0.347,0.01,0.381,-0.43,0.158,0.243,0.675,-0.018,0.4,0.025,0.044,-0.073,-0.035,-0.211,0.061,0.324,-0.101,-0.057,-0.577,-0.251,0.365,-0.18,0.576,0.007,0.419,-0.497,-0.05,-0.059,0.176,0.301,-0.432,-0.3,-0.46
AVGO,0.684,0.958,0.904,0.696,0.812,0.684,0.88,0.556,0.798,0.776,0.854,-0.559,-0.468,-0.808,-0.253,0.904,0.959,-0.225,0.0,0.745,0.852,0.306,-0.628,-0.131,0.572,0.242,0.263,-0.796,0.877,0.745,0.713,0.22,-0.388,0.813,0.441,0.866,-0.48,-0.406,-0.333,0.83,0.871,0.731,0.1,0.87,0.859,0.801,-0.19,0.471,0.737,0.892,0.145,0.799,0.637,0.232,-0.421,0.814,0.853,-0.093,0.06,0.357,0.187,0.515,0.131,0.358,0.127,0.915,0.457,0.056,0.895,-0.6,0.903,0.528,-0.412,0.661,0.728,-0.501,0.612,0.638,-0.147,0.892,0.442,0.901,0.86,-0.759,0.311,-0.674,0.53,0.724,0.738,0.357,0.588,0.801,-0.045,0.625,0.055,0.73,-0.662,0.795,0.224,0.918,0.471,0.625,0.649,0.898,0.863,-0.309,-0.715,0.662,0.856,-0.81,-0.61,-0.713,-0.257,0.108,0.89,0.188,0.822,0.107,0.234,0.597,0.804,0.635,0.864,0.868,0.931,0.796,0.666,0.79,0.858,0.014,0.78,0.563,0.819,0.89,0.83,-0.632,-0.547,0.864,0.811,-0.583,-0.49,-0.36,-0.219,-0.323,0.826,-0.062,0.886,0.64,0.813,0.823,0.743,-0.275,-0.795,-0.533,0.791,0.943,-0.048,0.298,0.769,0.776,0.139,0.149,0.898,0.627,0.915,0.941,-0.545,0.823,-0.43,-0.275,0.451,0.794,0.002,-0.351,0.607,-0.464,0.787,-0.477,0.864,0.879,0.884,0.044,-0.717,0.714,0.862,0.778,0.613,-0.406,0.626,-0.246,0.822,0.512,0.774,0.521,0.354,-0.468,-0.445,0.759,0.907,0.843
AVT,0.449,0.687,0.557,0.456,0.536,0.401,0.547,0.494,0.414,0.474,0.593,-0.227,-0.236,-0.491,0.006,0.604,0.762,-0.08,0.745,0.0,0.547,0.123,-0.22,0.2,0.375,0.276,0.481,-0.35,0.569,0.585,0.512,0.238,0.004,0.638,0.33,0.59,-0.195,-0.101,0.015,0.496,0.551,0.522,-0.021,0.565,0.511,0.612,0.007,0.466,0.493,0.557,0.201,0.472,0.443,0.344,0.031,0.626,0.572,0.139,0.453,0.469,0.401,0.389,0.202,-0.052,0.374,0.759,0.455,0.344,0.544,-0.386,0.592,0.576,0.002,0.376,0.678,-0.301,0.481,0.68,0.077,0.557,0.441,0.597,0.525,-0.298,0.509,-0.33,0.591,0.638,0.647,0.139,0.54,0.486,0.225,0.52,0.176,0.38,-0.239,0.503,0.391,0.726,0.534,0.298,0.628,0.636,0.611,-0.142,-0.499,0.37,0.585,-0.41,-0.23,-0.348,-0.037,0.241,0.642,0.123,0.461,0.495,0.469,0.429,0.501,0.44,0.592,0.588,0.73,0.448,0.873,0.464,0.495,0.342,0.529,0.39,0.583,0.59,0.578,-0.352,-0.183,0.485,0.475,-0.2,-0.151,-0.032,-0.017,-0.096,0.481,0.02,0.574,0.542,0.5,0.632,0.478,0.16,-0.421,-0.141,0.46,0.619,0.082,0.367,0.581,0.696,0.469,0.305,0.563,0.243,0.737,0.634,-0.079,0.529,0.012,0.113,0.263,0.569,0.26,-0.054,0.642,-0.539,0.707,-0.204,0.492,0.515,0.747,0.516,-0.295,0.816,0.536,0.493,0.39,-0.33,0.47,-0.033,0.513,0.334,0.533,0.254,0.675,-0.137,-0.04,0.592,0.565,0.755
AXDX,0.621,0.874,0.87,0.64,0.815,0.896,0.825,0.504,0.747,0.7,0.932,-0.622,-0.447,-0.792,-0.455,0.814,0.821,-0.496,0.852,0.547,0.0,0.137,-0.688,-0.349,0.426,0.165,0.242,-0.788,0.829,0.655,0.695,-0.071,-0.521,0.751,0.503,0.747,-0.726,-0.477,-0.468,0.749,0.872,0.653,0.179,0.832,0.816,0.676,-0.222,0.237,0.64,0.857,-0.046,0.74,0.407,0.008,-0.379,0.702,0.809,-0.156,-0.21,0.215,0.136,0.483,0.146,0.213,0.09,0.847,0.313,-0.1,0.848,-0.539,0.837,0.452,-0.543,0.585,0.597,-0.562,0.573,0.637,-0.309,0.828,0.365,0.795,0.748,-0.773,0.093,-0.626,0.313,0.602,0.457,0.177,0.652,0.816,-0.098,0.41,-0.105,0.745,-0.749,0.75,-0.004,0.805,0.292,0.652,0.45,0.853,0.736,-0.316,-0.713,0.736,0.84,-0.854,-0.735,-0.837,-0.362,-0.046,0.887,-0.116,0.856,-0.063,0.038,0.596,0.884,0.551,0.842,0.899,0.787,0.688,0.486,0.743,0.849,-0.185,0.65,0.659,0.628,0.825,0.81,-0.776,-0.63,0.828,0.794,-0.691,-0.59,-0.509,-0.155,-0.472,0.8,-0.216,0.857,0.686,0.753,0.752,0.643,-0.38,-0.733,-0.517,0.723,0.933,-0.19,0.289,0.634,0.693,0.031,0.052,0.929,0.675,0.819,0.906,-0.654,0.823,-0.485,-0.502,0.587,0.661,-0.141,-0.527,0.397,-0.447,0.63,-0.513,0.805,0.792,0.714,-0.187,-0.785,0.546,0.833,0.821,0.534,-0.405,0.465,-0.503,0.775,0.289,0.789,0.592,0.142,-0.589,-0.635,0.794,0.901,0.778
AXSM,0.144,0.325,0.321,0.475,0.324,0.072,0.452,-0.186,0.478,0.482,0.203,-0.312,-0.209,-0.203,0.229,0.425,0.291,0.023,0.306,0.123,0.137,0.0,-0.258,0.094,0.456,0.029,-0.228,-0.359,0.445,0.43,0.429,0.394,-0.048,0.528,-0.293,0.386,0.1,0.06,0.019,0.489,0.103,0.684,0.252,0.365,0.432,0.318,-0.081,0.126,0.277,0.401,0.415,0.51,0.555,-0.33,-0.398,0.177,0.259,-0.019,-0.167,0.286,-0.037,0.085,-0.434,0.483,-0.085,0.121,-0.005,0.148,0.414,-0.428,0.446,0.278,-0.096,0.517,0.454,-0.15,0.332,-0.144,-0.027,0.455,0.199,0.357,0.381,-0.319,0.172,-0.385,0.408,0.297,0.417,0.42,0.071,0.296,-0.072,0.633,-0.168,0.454,-0.092,0.237,0.238,0.115,0.288,0.456,0.205,0.393,0.324,-0.534,-0.179,0.194,0.229,-0.296,-0.282,-0.033,0.008,0.078,0.167,0.61,0.094,-0.092,-0.087,0.193,0.081,0.094,0.436,0.324,0.147,0.447,0.151,0.286,0.377,0.176,0.274,0.299,0.412,0.308,0.401,-0.133,-0.379,0.258,0.303,-0.274,-0.077,-0.058,-0.054,-0.217,0.466,0.225,0.409,0.222,0.482,0.294,0.278,-0.069,-0.418,-0.356,0.422,0.266,0.44,0.013,0.296,0.396,-0.137,-0.089,0.195,0.3,0.378,0.37,-0.083,0.254,-0.39,-0.062,0.272,0.486,0.038,0.13,0.14,0.019,0.35,-0.23,0.336,0.44,0.376,0.173,-0.098,0.372,0.293,0.335,0.671,-0.02,0.44,-0.066,0.351,0.606,0.33,0.162,0.325,-0.296,0.154,0.237,0.379,0.224
AZN,-0.491,-0.734,-0.839,-0.588,-0.729,-0.565,-0.662,-0.552,-0.823,-0.646,-0.695,0.696,0.411,0.591,0.466,-0.735,-0.604,0.034,-0.628,-0.22,-0.688,-0.258,0.0,0.502,-0.109,-0.212,-0.216,0.873,-0.708,-0.541,-0.333,-0.389,0.581,-0.487,-0.337,-0.777,0.505,0.469,0.824,-0.781,-0.748,-0.49,-0.554,-0.839,-0.852,-0.738,0.709,-0.356,-0.844,-0.64,-0.332,-0.721,-0.608,-0.03,0.462,-0.73,-0.856,0.56,0.359,0.236,-0.109,-0.811,-0.107,-0.504,0.358,-0.673,-0.561,-0.052,-0.8,0.573,-0.698,-0.627,0.546,-0.4,-0.308,0.23,-0.621,-0.423,0.192,-0.808,-0.387,-0.671,-0.768,0.741,-0.136,0.852,0.003,-0.713,-0.54,-0.59,-0.221,-0.9,0.305,-0.603,-0.263,-0.849,0.666,-0.77,-0.191,-0.703,0.234,-0.876,-0.116,-0.628,-0.8,0.421,0.435,-0.546,-0.502,0.879,0.514,0.677,-0.02,-0.193,-0.787,-0.151,-0.743,0.02,0.127,-0.862,-0.755,-0.735,-0.617,-0.673,-0.611,-0.849,-0.127,-0.891,-0.831,0.436,-0.804,-0.399,-0.673,-0.752,-0.495,0.357,0.467,-0.73,-0.908,0.477,0.324,0.345,0.589,0.227,-0.656,-0.106,-0.826,-0.279,-0.805,-0.396,-0.832,0.097,0.8,0.866,-0.861,-0.743,0.288,-0.361,-0.638,-0.683,0.1,-0.163,-0.776,-0.897,-0.639,-0.773,0.648,-0.648,0.866,0.504,-0.387,-0.82,0.044,0.181,-0.031,0.092,-0.505,0.55,-0.803,-0.823,-0.528,0.53,0.677,-0.331,-0.873,-0.546,-0.338,-0.043,-0.226,0.494,-0.868,-0.643,-0.521,-0.786,0.25,0.798,0.632,-0.492,-0.797,-0.416
BANR,-0.219,-0.226,-0.37,-0.198,-0.394,-0.342,-0.286,-0.194,-0.355,-0.187,-0.315,0.554,0.534,0.418,0.223,-0.325,-0.06,0.052,-0.131,0.2,-0.349,0.094,0.502,0.0,-0.012,0.06,0.182,0.523,-0.341,-0.348,-0.022,-0.031,0.237,-0.03,-0.258,-0.334,0.567,0.719,0.661,-0.376,-0.408,-0.167,-0.231,-0.373,-0.33,-0.168,0.439,0.344,-0.372,-0.275,0.17,-0.34,-0.182,-0.01,0.429,-0.29,-0.327,0.714,0.531,0.18,0.307,-0.38,0.009,-0.232,0.24,-0.251,-0.206,0.58,-0.394,0.424,-0.316,-0.062,0.754,-0.241,0.164,0.385,0.114,0.006,0.068,-0.314,0.3,-0.294,-0.373,0.486,0.309,0.522,0.31,-0.047,0.057,-0.222,0.175,-0.438,0.691,-0.064,0.032,-0.38,0.711,-0.312,0.004,-0.23,0.308,-0.422,0.24,-0.244,-0.272,0.291,0.314,-0.457,-0.289,0.393,0.394,0.497,0.418,0.233,-0.365,0.262,-0.354,0.347,0.248,-0.291,-0.284,-0.323,-0.239,-0.283,-0.131,-0.329,0.211,-0.415,-0.437,0.815,-0.312,-0.268,-0.248,-0.329,-0.21,0.238,0.36,-0.39,-0.447,0.477,0.521,0.691,0.468,0.312,-0.286,0.173,-0.351,-0.136,-0.399,-0.199,-0.387,0.275,0.445,0.529,-0.407,-0.332,0.441,0.113,-0.363,-0.204,0.452,0.088,-0.42,-0.602,-0.126,-0.297,0.73,-0.294,0.502,0.775,-0.29,-0.259,0.544,0.432,0.209,0.151,-0.076,0.524,-0.405,-0.378,0.06,0.647,0.556,0.157,-0.444,-0.257,-0.115,0.185,0.112,0.432,-0.414,-0.142,-0.147,-0.38,0.553,0.45,0.784,-0.176,-0.365,0.007
BBIO,0.512,0.543,0.427,0.645,0.544,0.394,0.733,-0.053,0.501,0.612,0.503,-0.236,-0.631,-0.693,0.28,0.637,0.497,-0.264,0.572,0.375,0.426,0.456,-0.109,-0.012,0.0,-0.035,-0.392,-0.469,0.637,0.612,0.721,-0.011,-0.05,0.56,0.237,0.484,-0.216,-0.305,0.249,0.608,0.409,0.685,-0.162,0.451,0.502,0.381,0.389,0.077,0.215,0.745,-0.018,0.601,0.333,-0.033,-0.585,0.316,0.341,0.2,0.119,0.781,-0.259,-0.157,-0.134,0.43,0.283,0.408,-0.02,-0.323,0.587,-0.593,0.689,0.062,-0.438,0.753,0.689,-0.662,0.183,-0.046,-0.212,0.475,-0.076,0.719,0.601,-0.614,0.219,-0.316,0.802,0.061,0.347,-0.009,0.44,0.249,-0.149,0.488,-0.339,0.266,-0.475,0.487,0.072,0.378,0.789,0.21,0.649,0.657,0.341,-0.262,-0.704,0.486,0.734,-0.444,-0.666,-0.495,-0.648,-0.294,0.419,0.279,0.385,-0.323,0.227,-0.077,0.231,0.052,0.673,0.581,0.37,0.339,0.473,0.325,0.431,0.231,0.28,0.416,0.462,0.575,0.781,-0.653,-0.593,0.48,0.32,-0.662,-0.563,-0.506,0.253,-0.537,0.724,-0.368,0.453,0.416,0.539,0.839,0.261,-0.64,-0.393,-0.104,0.369,0.5,0.303,-0.228,0.532,0.393,-0.047,-0.218,0.483,0.129,0.66,0.55,-0.392,0.653,-0.078,-0.237,0.456,0.382,-0.228,-0.397,0.653,-0.528,0.623,-0.545,0.564,0.537,0.465,0.34,-0.504,0.596,0.364,0.657,0.744,-0.744,0.624,-0.08,0.363,0.235,0.62,-0.079,0.441,-0.016,-0.228,0.487,0.535,0.528
BCYC,0.022,0.274,0.305,0.096,0.077,0.039,0.06,0.446,0.16,0.12,0.133,-0.027,0.038,0.021,0.124,0.184,0.298,0.355,0.242,0.276,0.165,0.029,-0.212,0.06,-0.035,0.0,0.432,-0.119,0.076,0.125,-0.037,0.295,-0.003,0.121,-0.065,0.296,0.136,0.078,-0.218,0.18,0.166,0.057,0.269,0.261,0.259,0.335,-0.389,0.392,0.429,0.072,0.481,0.277,0.367,0.337,0.036,0.461,0.347,-0.112,0.287,-0.11,0.38,0.455,0.022,0.246,-0.149,0.324,0.43,0.243,0.179,-0.093,0.192,0.543,0.233,0.008,0.149,0.239,0.268,0.287,0.321,0.311,0.478,0.194,0.246,-0.052,0.471,-0.117,0.166,0.469,0.427,0.361,0.066,0.314,0.169,0.272,0.425,0.25,0.025,0.353,0.55,0.376,-0.121,0.325,0.27,0.039,0.364,-0.034,0.165,0.131,0.055,-0.089,0.101,0.016,0.235,0.502,0.246,0.231,0.194,0.358,0.146,0.372,0.212,0.504,0.046,0.218,0.299,0.357,0.169,0.375,0.29,0.033,0.4,-0.078,0.297,0.309,0.025,0.195,0.185,0.307,0.29,0.16,0.127,0.196,-0.275,0.453,0.081,0.409,0.238,0.03,0.222,0.018,0.417,0.294,-0.226,-0.123,0.337,0.188,0.255,0.269,0.303,0.278,0.358,0.546,0.161,0.168,0.232,0.165,0.073,0.107,0.001,0.212,-0.153,0.369,0.39,0.269,0.225,0.21,0.296,-0.07,0.27,0.269,0.287,0.119,0.061,0.226,0.289,-0.043,0.111,0.183,0.12,0.211,0.323,0.364,0.005,0.145,0.172,-0.131,0.1,0.097,0.163,0.018
BHFAP,-0.067,0.259,0.26,-0.059,-0.012,0.11,-0.085,0.692,0.064,0.02,0.176,0.006,0.331,0.07,-0.227,0.06,0.352,0.149,0.263,0.481,0.242,-0.228,-0.216,0.182,-0.392,0.432,0.0,-0.003,-0.026,-0.011,-0.145,0.169,-0.187,0.047,0.043,0.203,0.008,0.152,-0.284,0.001,0.177,-0.125,0.235,0.217,0.146,0.275,-0.397,0.41,0.339,-0.021,0.308,0.073,0.228,0.353,0.372,0.445,0.312,-0.08,0.248,-0.184,0.713,0.534,0.169,-0.248,-0.161,0.418,0.468,0.576,0.064,0.12,0.042,0.52,0.378,-0.202,0.062,0.364,0.367,0.703,0.23,0.2,0.63,0.036,0.07,0.123,0.477,-0.043,-0.028,0.588,0.38,0.238,0.139,0.317,0.368,0.117,0.5,0.162,0.153,0.217,0.304,0.413,-0.247,0.18,0.167,0.006,0.308,0.036,0.208,0.007,-0.047,-0.138,0.152,-0.01,0.532,0.472,0.322,-0.039,0.216,0.638,0.09,0.46,0.354,0.508,-0.006,0.136,0.428,0.186,0.251,0.289,0.216,0.1,0.337,-0.139,0.223,0.199,-0.083,0.164,0.222,0.177,0.244,0.36,0.219,0.421,-0.285,0.469,-0.11,0.291,0.197,0.089,0.069,-0.075,0.345,0.478,-0.121,-0.087,0.199,0.182,-0.053,0.488,0.116,0.232,0.491,0.609,0.159,0.162,0.198,0.16,0.229,-0.005,0.013,0.312,-0.232,0.26,0.424,0.291,0.126,0.146,0.242,0.153,0.126,0.127,0.303,0.122,0.028,0.236,0.252,-0.134,-0.294,0.274,0.044,0.166,0.22,0.114,-0.029,0.244,0.204,-0.199,0.096,0.137,0.113,0.202
BKR,-0.672,-0.868,-0.929,-0.736,-0.872,-0.674,-0.884,-0.474,-0.93,-0.778,-0.824,0.749,0.671,0.847,0.351,-0.916,-0.729,0.157,-0.796,-0.35,-0.788,-0.359,0.873,0.523,-0.469,-0.119,-0.003,0.0,-0.902,-0.749,-0.571,-0.328,0.504,-0.638,-0.413,-0.897,0.595,0.64,0.661,-0.936,-0.852,-0.724,-0.305,-0.914,-0.926,-0.77,0.47,-0.28,-0.842,-0.86,-0.173,-0.852,-0.667,-0.072,0.686,-0.779,-0.88,0.478,0.318,-0.1,0.079,-0.65,-0.042,-0.572,0.134,-0.783,-0.519,0.189,-0.957,0.75,-0.894,-0.487,0.732,-0.686,-0.508,0.527,-0.529,-0.359,0.205,-0.907,-0.225,-0.882,-0.92,0.927,-0.089,0.908,-0.249,-0.63,-0.587,-0.499,-0.328,-0.889,0.404,-0.656,-0.076,-0.862,0.868,-0.844,-0.201,-0.783,-0.117,-0.808,-0.328,-0.83,-0.856,0.462,0.706,-0.715,-0.773,0.92,0.711,0.823,0.31,0.018,-0.864,-0.176,-0.833,0.188,-0.012,-0.696,-0.767,-0.684,-0.796,-0.816,-0.718,-0.884,-0.312,-0.906,-0.916,0.397,-0.841,-0.501,-0.801,-0.894,-0.746,0.58,0.651,-0.864,-0.933,0.73,0.586,0.592,0.491,0.442,-0.833,0.093,-0.915,-0.451,-0.922,-0.692,-0.846,0.372,0.917,0.846,-0.914,-0.882,0.258,-0.151,-0.799,-0.743,0.211,-0.004,-0.9,-0.885,-0.803,-0.906,0.806,-0.82,0.804,0.595,-0.527,-0.855,0.227,0.418,-0.265,0.367,-0.643,0.729,-0.935,-0.946,-0.638,0.405,0.852,-0.467,-0.934,-0.747,-0.575,0.297,-0.437,0.479,-0.916,-0.629,-0.701,-0.67,0.107,0.714,0.73,-0.644,-0.92,-0.568
BLDP,0.758,0.91,0.891,0.851,0.956,0.716,0.965,0.334,0.87,0.81,0.891,-0.722,-0.624,-0.881,-0.247,0.966,0.816,-0.294,0.877,0.569,0.829,0.445,-0.708,-0.341,0.637,0.076,-0.026,-0.902,0.0,0.876,0.809,0.234,-0.325,0.847,0.397,0.89,-0.528,-0.585,-0.39,0.94,0.845,0.845,0.173,0.917,0.909,0.741,-0.219,0.246,0.721,0.936,0.076,0.864,0.607,0.02,-0.593,0.711,0.813,-0.261,-0.181,0.371,-0.022,0.482,0.037,0.412,0.119,0.821,0.368,-0.129,0.965,-0.795,0.956,0.482,-0.675,0.795,0.694,-0.696,0.511,0.426,-0.208,0.895,0.187,0.914,0.883,-0.841,0.114,-0.827,0.461,0.596,0.648,0.37,0.509,0.816,-0.322,0.71,-0.14,0.829,-0.788,0.764,0.156,0.777,0.44,0.707,0.457,0.964,0.839,-0.501,-0.819,0.758,0.893,-0.874,-0.739,-0.77,-0.407,-0.113,0.876,0.249,0.777,-0.102,0.079,0.592,0.725,0.527,0.945,0.914,0.763,0.796,0.588,0.79,0.86,-0.182,0.724,0.688,0.801,0.857,0.908,-0.722,-0.736,0.844,0.843,-0.791,-0.601,-0.581,-0.221,-0.595,0.92,-0.16,0.941,0.624,0.909,0.864,0.727,-0.352,-0.86,-0.665,0.849,0.927,-0.086,0.138,0.798,0.838,-0.124,-0.126,0.908,0.743,0.888,0.961,-0.697,0.843,-0.607,-0.548,0.691,0.818,-0.199,-0.439,0.47,-0.552,0.736,-0.654,0.89,0.912,0.771,-0.094,-0.794,0.67,0.89,0.876,0.769,-0.469,0.517,-0.488,0.868,0.594,0.862,0.559,0.203,-0.575,-0.601,0.818,0.961,0.786
BLFS,0.639,0.791,0.763,0.791,0.84,0.484,0.817,0.333,0.711,0.629,0.734,-0.705,-0.615,-0.768,-0.047,0.855,0.691,-0.093,0.745,0.585,0.655,0.43,-0.541,-0.348,0.612,0.125,-0.011,-0.749,0.876,0.0,0.668,0.321,-0.047,0.713,0.254,0.858,-0.314,-0.63,-0.323,0.854,0.659,0.766,0.153,0.802,0.762,0.609,-0.229,0.125,0.623,0.771,0.084,0.807,0.669,0.091,-0.576,0.661,0.654,-0.367,-0.102,0.49,0.075,0.433,-0.148,0.315,0.11,0.751,0.364,-0.114,0.854,-0.827,0.864,0.532,-0.615,0.821,0.556,-0.702,0.268,0.365,0.042,0.773,0.067,0.81,0.798,-0.659,0.208,-0.756,0.522,0.518,0.672,0.438,0.274,0.696,-0.424,0.748,-0.135,0.721,-0.657,0.668,0.373,0.651,0.429,0.558,0.343,0.839,0.748,-0.574,-0.67,0.718,0.82,-0.707,-0.624,-0.601,-0.377,-0.149,0.783,0.355,0.579,0.058,0.036,0.487,0.487,0.509,0.802,0.822,0.683,0.673,0.628,0.688,0.754,-0.186,0.616,0.548,0.78,0.748,0.796,-0.548,-0.683,0.775,0.731,-0.654,-0.555,-0.488,-0.27,-0.458,0.752,-0.11,0.835,0.605,0.845,0.825,0.69,-0.199,-0.786,-0.607,0.778,0.761,0.017,-0.021,0.82,0.814,-0.123,-0.091,0.727,0.665,0.769,0.801,-0.588,0.671,-0.459,-0.504,0.612,0.754,-0.244,-0.263,0.55,-0.529,0.718,-0.663,0.799,0.808,0.631,0.052,-0.697,0.608,0.776,0.702,0.725,-0.522,0.434,-0.268,0.784,0.641,0.722,0.342,0.278,-0.418,-0.537,0.724,0.798,0.679
BLKB,0.627,0.69,0.594,0.727,0.769,0.691,0.831,-0.035,0.593,0.635,0.752,-0.436,-0.339,-0.714,-0.189,0.748,0.679,-0.555,0.713,0.512,0.695,0.429,-0.333,-0.022,0.721,-0.037,-0.145,-0.571,0.809,0.668,0.0,-0.136,-0.184,0.86,0.257,0.555,-0.376,-0.35,0.087,0.65,0.604,0.731,-0.114,0.612,0.634,0.429,0.264,0.092,0.293,0.814,-0.171,0.595,0.241,-0.193,-0.332,0.334,0.491,0.152,-0.101,0.512,-0.078,0.002,0.044,0.19,0.404,0.557,-0.056,-0.169,0.696,-0.539,0.734,0.167,-0.471,0.688,0.721,-0.715,0.374,0.323,-0.392,0.611,0.069,0.692,0.555,-0.584,-0.021,-0.422,0.547,0.286,0.417,-0.026,0.71,0.456,-0.102,0.453,-0.495,0.529,-0.535,0.459,-0.166,0.489,0.732,0.385,0.503,0.87,0.511,-0.348,-0.779,0.533,0.805,-0.637,-0.668,-0.552,-0.499,-0.267,0.593,0.212,0.537,-0.217,0.055,0.202,0.519,0.077,0.846,0.78,0.54,0.44,0.626,0.385,0.524,0.102,0.323,0.707,0.474,0.565,0.866,-0.836,-0.704,0.56,0.453,-0.76,-0.489,-0.493,0.294,-0.716,0.799,-0.305,0.678,0.639,0.58,0.827,0.287,-0.469,-0.514,-0.208,0.459,0.735,0.148,0.041,0.449,0.608,-0.067,-0.374,0.685,0.321,0.734,0.757,-0.44,0.666,-0.225,-0.408,0.665,0.467,-0.169,-0.522,0.525,-0.566,0.516,-0.337,0.573,0.593,0.694,0.171,-0.568,0.615,0.538,0.876,0.802,-0.546,0.503,-0.483,0.492,0.28,0.862,0.258,0.41,-0.328,-0.323,0.761,0.744,0.799
