,ABAT,ACLS,ACMR,ADMA,ADUS,ADVM,AEIS,AGNCM,AHCO,ALGT,ALLO,AMSF,ANAB,ANDE,APLS,APPF,ASML,ATRC,AVGO,AVT,AXDX,AXSM,AZN,BANR,BBIO,BCYC,BHFAP,BKR,BLDP,BLFS,BLKB,BLMN,BNTX,BPMC,CALM,CAMT,CASH,CATY,CCEP,CDLX,CDNS,CENN,CENX,CGC,CHDN,CLBK,COKE,COLB,COO,CORT,CRMT,CRNX,CRTO,CRVL,CSCO,CSQ,CSWI,CVBF,CWST,CYCC,CZR,DLTR,DORM,ENTA,EQIX,ERIC,EVRG,EWBC,EXAS,EXLS,EXPI,EYE,FBNC,FBRX,FCNCA,FELE,FIBK,FLEX,FRGT,FRHC,FRME,FWONA,FWONK,GDEN,GIII,GILD,GLNG,GNTX,GOOGL,GRPN,HCSG,HIMX,HOPE,HST,HTLD,HUT,HWC,ICUI,IESC,INTC,INTU,IOVA,IPAR,IPGP,ISRG,JBSS,KALU,KPRX,KRNT,LAUR,LBRDA,LBTYK,LECO,LILAK,LITE,MANH,MDXG,MFIC,MGEE,MIDD,MLAB,MMSI,MNKD,MOMO,MRVL,NICE,NMFC,NUWE,NVCR,NWBI,OFIX,OFLX,OMCL,OPK,ORKA,ORLY,OTTR,PDD,PNTG,POOL,POWL,PPBI,PPC,PRAA,PRPL,PZZA,QTRX,QURE,RDFN,RDHL,REAL,REG,REYN,RGLD,RIOT,RUN,RYTM,SAIA,SBAC,SBRA,SCVL,SHOO,SLAB,SLDB,SMCI,SMTC,SRCE,SSP,SSRM,STBA,STRO,SVC,SYBT,TCBI,TCOM,TENX,TH,TMUS,TNDM,TTD,TTMI,UAL,ULH,ULTA,VCYT,VIRT,VKTX,VOD,VRDN,VREX,VRNT,VSAT,WB,WBD,WDC,WEN,WSFS,XXII,Z,ZBRA
ABAT,0.0,0.114,0.144,-0.26,0.566,-0.416,0.072,0.8,0.364,0.549,-0.088,-0.38,-0.349,0.428,0.665,0.193,0.397,0.716,0.488,0.448,0.219,0.427,-0.321,0.215,0.763,0.112,-0.295,0.022,0.362,-0.144,0.304,0.272,-0.599,-0.115,0.05,0.502,0.364,0.291,0.466,0.266,0.863,0.21,0.079,0.04,-0.099,0.224,-0.279,0.235,0.566,0.189,-0.192,0.072,0.776,0.704,0.038,0.464,0.036,0.17,-0.172,0.788,-0.091,-0.405,-0.435,-0.019,0.053,-0.151,-0.03,0.282,0.225,0.179,-0.169,0.192,0.166,-0.299,-0.143,-0.04,0.119,0.493,0.59,0.882,0.174,0.087,0.134,0.005,0.246,-0.096,0.178,0.268,0.171,-0.057,0.342,0.301,0.257,0.247,-0.271,0.473,0.325,0.503,0.085,-0.013,0.267,0.388,0.474,0.402,0.876,0.173,0.254,0.517,0.467,-0.378,-0.27,-0.148,-0.111,-0.44,0.415,0.348,0.336,-0.287,-0.575,-0.189,0.199,0.265,-0.689,0.138,0.327,0.88,-0.366,-0.531,0.675,0.288,0.467,-0.67,0.529,-0.563,0.204,0.257,-0.495,0.355,-0.025,0.459,0.198,0.286,-0.41,-0.409,0.625,-0.07,0.284,-0.826,0.043,-0.043,0.408,-0.486,-0.236,-0.679,0.512,0.317,0.279,0.041,-0.214,-0.266,0.534,0.276,0.238,0.256,0.356,0.167,0.085,0.274,-0.045,0.186,-0.095,-0.279,-0.082,0.116,-0.779,0.56,-0.77,0.46,0.796,-0.472,0.341,-0.519,-0.494,0.385,0.393,0.434,-0.392,-0.111,-0.216,-0.004,0.666,0.395,-0.575,0.265,-0.484,-0.366,0.561,0.116,-0.029,0.309
ACLS,0.114,0.0,0.578,-0.02,0.576,-0.25,0.756,0.107,0.013,0.573,0.55,0.366,0.517,0.422,-0.336,-0.768,0.773,0.451,0.756,0.652,0.592,-0.246,0.418,0.666,0.041,0.806,-0.535,0.8,0.833,-0.141,0.708,0.738,0.331,-0.49,-0.059,0.718,0.517,0.715,0.374,-0.539,0.205,0.72,0.648,0.762,0.403,0.438,-0.408,0.748,0.708,0.455,0.711,0.503,-0.224,0.326,0.582,0.053,0.687,0.626,-0.852,0.359,0.534,0.409,0.47,0.669,-0.438,-0.311,-0.052,0.768,0.493,0.221,0.202,0.763,0.691,-0.034,0.649,0.636,0.617,0.535,0.184,0.133,0.689,-0.618,-0.56,0.546,0.742,0.569,0.837,0.645,0.048,-0.59,0.758,0.758,0.706,0.529,0.437,0.735,0.759,0.561,0.306,0.827,-0.451,0.556,0.346,0.7,0.096,0.272,0.58,0.439,0.386,-0.512,-0.758,0.406,0.368,0.107,0.646,0.755,0.003,0.724,-0.502,0.636,0.824,0.475,-0.215,0.863,0.765,-0.023,0.555,0.514,0.465,0.669,0.651,-0.318,0.433,0.364,0.614,0.67,-0.022,0.268,0.356,0.39,0.72,0.691,-0.412,-0.578,0.491,0.665,0.929,-0.123,0.37,-0.651,0.785,0.176,-0.621,-0.4,0.699,0.633,0.556,0.548,-0.586,-0.276,0.636,0.527,0.657,-0.214,0.689,0.71,0.594,0.166,-0.57,0.679,0.694,-0.038,0.499,0.807,-0.088,0.272,-0.201,-0.549,0.113,-0.357,0.58,0.257,0.577,0.629,-0.006,-0.075,0.461,0.538,0.705,0.641,0.631,0.647,-0.18,0.739,-0.213,-0.668,0.525,0.791,0.579,0.735
ACMR,0.144,0.578,0.0,-0.008,0.782,-0.461,0.873,0.284,-0.105,0.677,0.224,0.567,0.725,0.628,0.187,-0.632,0.803,0.402,0.664,0.882,0.908,-0.647,0.524,0.902,-0.107,0.435,-0.821,0.826,0.76,-0.648,0.73,0.849,0.113,-0.901,0.424,0.808,0.813,0.89,0.748,-0.247,0.342,0.846,0.945,0.867,0.331,0.804,0.004,0.905,0.603,0.236,0.726,0.794,-0.303,0.573,0.53,-0.416,0.835,0.882,-0.718,0.529,0.615,0.458,0.484,0.723,-0.804,0.165,-0.12,0.872,0.058,0.187,-0.321,0.795,0.864,-0.556,0.739,0.752,0.845,0.736,0.66,0.214,0.866,-0.643,-0.513,0.642,0.889,0.93,0.787,0.863,0.13,-0.784,0.9,0.791,0.882,0.568,0.629,0.783,0.851,0.772,0.265,0.726,-0.677,0.282,0.596,0.787,0.142,0.744,0.927,0.375,-0.096,-0.9,-0.82,0.755,0.539,0.227,0.795,0.699,0.049,0.622,-0.604,0.726,0.676,0.853,-0.386,0.678,0.736,0.036,0.706,0.484,0.096,0.9,0.664,-0.56,0.725,0.261,0.292,0.721,-0.083,0.754,0.622,0.681,0.8,0.895,-0.156,-0.675,0.692,0.764,0.544,-0.14,-0.072,-0.803,0.827,-0.369,-0.272,-0.435,0.854,0.905,0.912,0.647,-0.802,-0.719,0.623,0.759,0.904,0.061,0.887,0.823,0.839,0.703,-0.211,0.909,0.696,-0.166,0.798,0.856,0.142,0.562,-0.154,-0.09,0.385,-0.776,0.875,-0.259,0.531,0.882,-0.297,0.206,0.331,0.761,0.425,0.935,0.715,0.463,-0.352,0.913,0.213,-0.901,0.77,0.774,0.494,0.838
ADMA,-0.26,-0.02,-0.008,0.0,-0.083,0.571,0.065,-0.498,0.217,-0.329,0.244,0.074,0.363,-0.269,-0.188,0.006,-0.202,0.059,-0.147,-0.106,0.174,0.04,-0.363,-0.081,-0.251,0.188,0.041,0.077,-0.084,0.578,0.088,-0.045,0.452,0.183,0.018,-0.217,0.031,-0.097,-0.44,0.248,-0.138,0.006,0.087,0.128,0.269,-0.243,0.279,-0.079,-0.205,0.444,0.095,0.022,-0.236,-0.039,-0.075,-0.361,0.038,-0.033,0.101,-0.256,0.155,0.21,0.01,0.167,-0.093,-0.243,-0.624,-0.073,0.178,0.138,0.463,0.157,-0.106,0.42,0.189,0.016,-0.023,0.134,-0.126,-0.196,-0.08,-0.419,-0.538,0.136,-0.088,0.108,-0.135,0.009,-0.326,-0.133,-0.133,-0.296,-0.112,-0.527,0.346,-0.023,-0.073,-0.18,0.379,-0.254,-0.051,0.143,-0.146,-0.145,-0.239,-0.262,-0.129,0.233,-0.073,0.104,-0.091,0.039,0.267,0.049,-0.041,0.023,0.394,0.086,-0.092,0.133,0.095,-0.04,0.274,-0.111,-0.012,-0.242,0.272,0.382,-0.195,-0.066,-0.214,0.592,-0.008,0.639,0.53,-0.011,-0.161,-0.363,0.166,0.007,0.11,-0.067,-0.047,-0.034,-0.177,0.201,-0.125,0.209,0.451,0.236,0.037,-0.153,0.094,0.306,-0.178,0.065,-0.054,0.184,-0.147,-0.143,-0.29,-0.043,-0.039,0.025,-0.187,-0.028,-0.117,-0.378,-0.024,-0.064,0.074,-0.272,-0.099,-0.01,0.079,-0.55,0.155,-0.173,-0.375,0.403,-0.086,-0.087,0.295,-0.327,0.382,0.277,0.392,-0.081,0.162,0.06,-0.221,-0.331,0.656,-0.177,0.114,0.12,-0.255,0.085,0.454,-0.071
ADUS,0.566,0.576,0.782,-0.083,0.0,-0.502,0.778,0.542,0.302,0.839,0.292,0.406,0.403,0.606,0.39,-0.411,0.802,0.771,0.856,0.921,0.79,-0.338,0.182,0.842,0.339,0.462,-0.81,0.686,0.832,-0.507,0.792,0.868,-0.079,-0.627,0.358,0.862,0.868,0.889,0.807,-0.017,0.675,0.767,0.792,0.716,0.458,0.739,-0.018,0.863,0.771,0.461,0.595,0.662,0.14,0.829,0.581,0.042,0.739,0.837,-0.629,0.779,0.587,0.354,0.24,0.658,-0.555,-0.076,-0.208,0.853,0.283,0.488,-0.158,0.78,0.817,-0.448,0.617,0.667,0.786,0.899,0.666,0.543,0.824,-0.405,-0.314,0.645,0.86,0.689,0.738,0.874,0.271,-0.516,0.881,0.689,0.859,0.592,0.507,0.869,0.895,0.901,0.484,0.558,-0.287,0.546,0.678,0.876,0.531,0.654,0.848,0.593,0.266,-0.803,-0.736,0.59,0.528,0.118,0.849,0.822,0.334,0.445,-0.686,0.563,0.755,0.777,-0.452,0.61,0.826,0.47,0.429,0.136,0.455,0.892,0.784,-0.662,0.802,0.015,0.336,0.785,-0.183,0.639,0.574,0.867,0.811,0.872,-0.246,-0.763,0.841,0.695,0.621,-0.427,0.147,-0.57,0.871,-0.47,-0.383,-0.633,0.898,0.896,0.862,0.662,-0.758,-0.616,0.806,0.805,0.871,0.142,0.882,0.767,0.768,0.62,-0.299,0.828,0.621,-0.185,0.644,0.79,-0.386,0.619,-0.401,0.16,0.663,-0.738,0.848,-0.37,0.315,0.84,0.033,0.403,0.19,0.565,0.327,0.743,0.912,0.624,-0.453,0.838,-0.115,-0.813,0.859,0.728,0.516,0.86
ADVM,-0.416,-0.25,-0.461,0.571,-0.502,0.0,-0.237,-0.713,0.096,-0.564,0.408,-0.159,0.085,-0.544,-0.372,0.106,-0.518,-0.327,-0.347,-0.51,-0.401,0.351,-0.335,-0.433,-0.218,0.0,0.295,-0.185,-0.364,0.635,-0.151,-0.378,0.585,0.635,-0.267,-0.52,-0.44,-0.461,-0.653,0.27,-0.462,-0.378,-0.407,-0.265,0.173,-0.536,0.031,-0.461,-0.615,0.282,-0.082,-0.25,-0.148,-0.582,-0.066,0.051,-0.201,-0.397,0.294,-0.529,-0.054,0.127,0.115,-0.026,0.307,-0.387,-0.482,-0.394,0.255,0.112,0.685,-0.169,-0.421,0.609,-0.11,-0.19,-0.385,-0.353,-0.58,-0.411,-0.398,0.106,-0.087,-0.294,-0.424,-0.29,-0.377,-0.323,-0.079,0.2,-0.523,-0.481,-0.475,-0.584,0.067,-0.346,-0.413,-0.582,0.155,-0.402,0.27,0.204,-0.648,-0.356,-0.358,-0.578,-0.53,-0.143,0.071,0.622,0.372,-0.326,0.143,0.006,-0.366,-0.235,0.066,0.006,0.345,-0.049,-0.231,-0.479,0.469,-0.414,-0.295,-0.444,-0.08,0.11,-0.122,-0.429,-0.6,0.774,-0.429,0.46,0.207,-0.209,0.076,-0.764,-0.271,-0.244,-0.243,-0.442,0.136,0.21,-0.581,-0.179,-0.27,0.528,0.484,0.484,-0.385,0.246,0.099,0.31,-0.521,-0.362,-0.485,0.06,0.221,0.33,-0.47,-0.347,-0.365,-0.338,-0.599,-0.264,-0.409,-0.672,-0.257,-0.477,-0.048,0.024,-0.38,-0.335,0.113,-0.737,0.226,-0.162,-0.513,0.771,-0.507,0.3,0.042,-0.654,0.452,-0.303,0.456,-0.383,0.167,-0.364,-0.557,-0.262,0.677,-0.528,-0.139,0.549,-0.632,-0.147,0.254,-0.305
AEIS,0.072,0.756,0.873,0.065,0.778,-0.237,0.0,0.091,-0.008,0.69,0.59,0.666,0.78,0.532,-0.021,-0.776,0.819,0.472,0.789,0.881,0.854,-0.558,0.522,0.936,-0.049,0.654,-0.887,0.953,0.884,-0.467,0.906,0.942,0.405,-0.703,0.35,0.814,0.794,0.94,0.653,-0.317,0.199,0.888,0.929,0.949,0.661,0.757,-0.055,0.949,0.603,0.548,0.901,0.821,-0.335,0.426,0.787,-0.2,0.972,0.91,-0.825,0.504,0.836,0.661,0.722,0.906,-0.751,-0.094,-0.261,0.951,0.348,0.421,0.048,0.938,0.937,-0.338,0.911,0.912,0.904,0.75,0.376,0.147,0.933,-0.632,-0.563,0.748,0.95,0.909,0.883,0.939,0.264,-0.704,0.911,0.786,0.924,0.595,0.75,0.848,0.945,0.733,0.492,0.819,-0.588,0.56,0.481,0.899,0.073,0.633,0.883,0.435,0.171,-0.705,-0.811,0.77,0.753,0.318,0.882,0.871,-0.003,0.856,-0.529,0.891,0.85,0.752,-0.2,0.727,0.866,-0.087,0.765,0.608,0.262,0.943,0.669,-0.368,0.65,0.422,0.481,0.894,0.064,0.474,0.615,0.715,0.948,0.932,-0.107,-0.773,0.658,0.916,0.749,0.038,0.276,-0.712,0.888,-0.144,-0.488,-0.482,0.849,0.931,0.855,0.865,-0.865,-0.503,0.741,0.849,0.952,-0.27,0.853,0.931,0.898,0.531,-0.566,0.915,0.916,-0.011,0.825,0.972,0.016,0.377,-0.101,-0.263,0.258,-0.559,0.854,0.033,0.678,0.807,-0.071,-0.016,0.633,0.785,0.682,0.928,0.726,0.697,-0.213,0.922,0.003,-0.809,0.732,0.919,0.766,0.944
AGNCM,0.8,0.107,0.284,-0.498,0.542,-0.713,0.091,0.0,0.073,0.611,-0.309,-0.212,-0.272,0.597,0.678,0.152,0.507,0.552,0.385,0.493,0.306,0.096,-0.001,0.295,0.6,0.022,-0.28,0.042,0.322,-0.424,0.196,0.285,-0.761,-0.401,0.228,0.551,0.386,0.351,0.647,0.024,0.788,0.288,0.177,0.087,-0.233,0.435,-0.195,0.302,0.654,-0.081,-0.181,0.114,0.61,0.732,-0.063,0.314,0.062,0.251,-0.22,0.764,-0.075,-0.428,-0.386,-0.121,-0.06,0.226,0.271,0.305,-0.075,0.017,-0.528,0.132,0.249,-0.59,-0.123,0.024,0.195,0.439,0.697,0.782,0.251,0.143,0.268,0.092,0.295,0.028,0.241,0.247,0.163,-0.078,0.415,0.402,0.355,0.454,-0.324,0.407,0.343,0.615,-0.153,0.159,0.089,0.063,0.605,0.37,0.753,0.462,0.386,0.284,0.141,-0.517,-0.236,0.069,-0.244,-0.268,0.388,0.257,0.173,-0.228,-0.503,-0.19,0.142,0.454,-0.662,0.203,0.277,0.829,-0.239,-0.452,0.476,0.329,0.595,-0.862,0.543,-0.72,-0.101,0.171,-0.344,0.671,0.154,0.317,0.173,0.343,-0.289,-0.267,0.69,-0.044,0.221,-0.76,-0.318,-0.221,0.372,-0.408,-0.115,-0.529,0.538,0.298,0.414,-0.081,-0.161,-0.286,0.535,0.279,0.293,0.419,0.475,0.179,0.209,0.534,0.23,0.281,-0.102,-0.137,0.105,0.161,-0.515,0.759,-0.596,0.423,0.849,-0.708,0.435,-0.463,-0.407,0.536,-0.022,0.41,-0.583,0.122,-0.318,0.13,0.659,0.355,-0.767,0.386,-0.236,-0.468,0.653,0.063,-0.228,0.267
AHCO,0.364,0.013,-0.105,0.217,0.302,0.096,-0.008,0.073,0.0,0.243,0.204,-0.005,-0.131,-0.157,0.275,0.191,-0.117,0.458,0.258,0.025,-0.059,0.166,-0.521,-0.023,0.478,0.076,0.035,-0.091,0.068,0.235,0.131,0.14,0.048,0.36,-0.025,-0.036,0.147,0.023,0.004,0.529,0.262,-0.173,-0.022,-0.032,0.358,-0.114,0.174,0.002,0.111,0.426,0.053,0.014,0.299,0.348,0.123,0.393,0.015,0.044,0.164,0.074,0.154,0.148,-0.232,0.075,0.218,-0.442,-0.292,-0.007,0.309,0.608,0.38,0.059,0.005,0.384,0.018,-0.005,0.011,0.33,0.034,0.273,0.017,0.142,0.052,0.125,-0.002,-0.141,-0.13,0.092,-0.02,0.267,-0.04,-0.119,-0.026,-0.074,0.229,0.11,0.067,0.13,0.643,-0.286,0.386,0.458,0.148,0.093,0.404,-0.205,-0.011,0.293,0.506,0.113,0.051,-0.064,0.297,0.002,-0.001,0.207,0.658,-0.1,0.01,0.035,0.235,-0.002,0.115,-0.068,0.201,0.341,-0.137,-0.275,0.344,0.047,0.061,0.119,0.128,0.113,0.158,0.072,-0.044,-0.163,0.036,0.413,0.088,0.024,-0.008,-0.116,0.031,0.055,0.017,-0.168,0.417,0.286,0.078,-0.131,-0.073,-0.113,0.035,0.113,-0.01,0.195,-0.051,0.045,0.098,0.187,0.085,0.218,-0.025,0.085,-0.039,-0.182,-0.168,-0.025,0.093,-0.098,-0.117,-0.007,-0.383,-0.174,-0.188,0.331,0.205,0.183,-0.01,-0.114,0.009,-0.077,0.482,0.435,0.054,-0.205,0.041,-0.1,0.124,-0.016,0.286,-0.112,-0.17,0.153,0.034,0.101,0.241,0.088
ALGT,0.549,0.573,0.677,-0.329,0.839,-0.564,0.69,0.611,0.243,0.0,0.301,0.367,0.328,0.731,0.421,-0.379,0.803,0.607,0.791,0.819,0.661,-0.263,0.321,0.806,0.455,0.507,-0.667,0.646,0.744,-0.569,0.73,0.845,-0.188,-0.587,0.394,0.849,0.779,0.832,0.808,-0.163,0.555,0.642,0.687,0.66,0.399,0.768,-0.173,0.793,0.802,0.369,0.503,0.63,0.21,0.692,0.52,0.208,0.681,0.74,-0.59,0.727,0.584,0.239,0.281,0.498,-0.449,0.005,0.128,0.787,0.197,0.415,-0.236,0.661,0.786,-0.456,0.569,0.661,0.728,0.783,0.616,0.605,0.795,-0.212,-0.093,0.641,0.793,0.552,0.669,0.761,0.344,-0.34,0.796,0.79,0.823,0.792,0.377,0.715,0.829,0.807,0.414,0.623,-0.265,0.479,0.734,0.789,0.532,0.614,0.819,0.388,0.376,-0.659,-0.578,0.536,0.453,0.172,0.749,0.728,0.078,0.418,-0.475,0.516,0.714,0.743,-0.471,0.55,0.731,0.412,0.325,0.053,0.533,0.805,0.75,-0.706,0.767,-0.146,0.219,0.661,0.027,0.655,0.42,0.711,0.735,0.829,-0.064,-0.563,0.788,0.556,0.646,-0.361,-0.006,-0.524,0.748,-0.162,-0.394,-0.641,0.861,0.749,0.776,0.578,-0.591,-0.323,0.839,0.784,0.8,0.044,0.843,0.791,0.754,0.666,-0.29,0.788,0.557,0.131,0.633,0.742,-0.291,0.635,-0.373,0.147,0.654,-0.72,0.838,-0.046,0.242,0.852,0.024,0.232,0.067,0.587,0.258,0.638,0.838,0.751,-0.561,0.808,-0.071,-0.72,0.877,0.663,0.353,0.801
ALLO,-0.088,0.55,0.224,0.244,0.292,0.408,0.59,-0.309,0.204,0.301,0.0,0.351,0.511,0.076,-0.312,-0.53,0.332,0.263,0.467,0.335,0.279,-0.056,0.142,0.415,0.06,0.697,-0.453,0.597,0.505,0.088,0.637,0.519,0.672,0.016,-0.021,0.313,0.288,0.43,0.041,-0.169,-0.141,0.383,0.358,0.538,0.681,0.185,-0.202,0.436,0.167,0.677,0.642,0.4,-0.234,-0.041,0.622,0.183,0.574,0.412,-0.501,0.114,0.6,0.537,0.606,0.659,-0.268,-0.518,-0.427,0.489,0.57,0.488,0.609,0.61,0.461,0.228,0.601,0.562,0.423,0.334,-0.189,-0.009,0.47,-0.278,-0.359,0.365,0.451,0.363,0.453,0.478,0.19,-0.249,0.363,0.336,0.411,0.221,0.565,0.417,0.5,0.185,0.573,0.409,-0.193,0.73,0.014,0.504,-0.09,-0.007,0.282,0.309,0.498,-0.021,-0.362,0.283,0.639,0.22,0.433,0.583,-0.006,0.643,-0.177,0.635,0.583,0.164,0.148,0.319,0.513,-0.26,0.426,0.397,0.338,0.426,0.181,0.178,0.184,0.505,0.529,0.557,0.116,-0.234,0.215,0.346,0.598,0.425,-0.0,-0.456,0.135,0.566,0.585,0.256,0.626,-0.163,0.461,0.234,-0.522,-0.312,0.34,0.418,0.295,0.697,-0.496,0.029,0.428,0.401,0.444,-0.555,0.245,0.591,0.429,-0.114,-0.788,0.368,0.651,0.155,0.304,0.552,-0.16,-0.164,-0.026,-0.381,-0.09,0.114,0.281,0.444,0.508,0.196,0.389,-0.268,0.754,0.297,0.698,0.364,0.272,0.598,0.192,0.361,-0.309,-0.2,0.199,0.654,0.719,0.534
AMSF,-0.38,0.366,0.567,0.074,0.406,-0.159,0.666,-0.212,-0.005,0.367,0.351,0.0,0.719,0.253,-0.157,-0.444,0.339,-0.005,0.271,0.464,0.541,-0.783,0.548,0.663,-0.426,0.326,-0.508,0.626,0.392,-0.44,0.482,0.608,0.411,-0.464,0.526,0.288,0.562,0.611,0.382,-0.316,-0.298,0.475,0.701,0.669,0.673,0.646,0.4,0.618,0.218,0.254,0.713,0.574,-0.549,0.109,0.529,-0.38,0.689,0.669,-0.334,0.031,0.741,0.819,0.736,0.592,-0.65,0.194,-0.005,0.551,-0.09,0.402,-0.093,0.555,0.686,-0.213,0.816,0.787,0.734,0.418,0.029,-0.248,0.688,-0.32,-0.268,0.744,0.605,0.722,0.472,0.603,0.181,-0.232,0.491,0.354,0.638,0.498,0.805,0.3,0.572,0.377,0.554,0.532,-0.554,0.091,0.384,0.418,-0.365,0.601,0.641,-0.01,-0.202,-0.316,-0.377,0.866,0.719,0.754,0.439,0.413,-0.094,0.67,0.096,0.741,0.512,0.519,0.322,0.339,0.38,-0.428,0.74,0.605,-0.316,0.619,0.323,0.02,0.288,0.49,0.047,0.502,0.597,0.284,0.68,0.38,0.639,0.605,0.467,-0.237,0.223,0.789,0.269,0.471,0.007,-0.395,0.405,0.143,-0.067,0.076,0.365,0.548,0.604,0.636,-0.542,-0.101,0.343,0.594,0.627,-0.225,0.508,0.572,0.77,0.536,-0.199,0.679,0.681,0.405,0.833,0.668,0.338,0.082,0.53,-0.203,-0.147,-0.282,0.571,0.28,0.809,0.464,-0.316,-0.02,0.476,0.779,0.384,0.71,0.198,0.327,0.064,0.564,0.372,-0.354,0.382,0.557,0.473,0.533
ANAB,-0.349,0.517,0.725,0.363,0.403,0.085,0.78,-0.272,-0.131,0.328,0.511,0.719,0.0,0.415,-0.195,-0.576,0.497,0.008,0.33,0.547,0.73,-0.63,0.534,0.705,-0.502,0.516,-0.611,0.792,0.495,-0.287,0.636,0.658,0.521,-0.6,0.429,0.431,0.575,0.636,0.342,-0.29,-0.16,0.598,0.769,0.802,0.535,0.59,0.185,0.662,0.286,0.414,0.735,0.73,-0.593,0.171,0.464,-0.527,0.79,0.695,-0.532,0.073,0.708,0.674,0.737,0.664,-0.707,0.123,-0.21,0.642,0.01,0.288,0.023,0.726,0.663,-0.218,0.819,0.798,0.7,0.512,0.195,-0.179,0.681,-0.588,-0.547,0.595,0.655,0.847,0.589,0.653,0.132,-0.612,0.589,0.47,0.663,0.362,0.823,0.487,0.609,0.372,0.413,0.622,-0.691,0.253,0.336,0.48,-0.293,0.529,0.656,0.088,-0.191,-0.469,-0.578,0.754,0.68,0.575,0.544,0.478,-0.024,0.756,-0.211,0.78,0.567,0.653,0.072,0.449,0.466,-0.473,0.836,0.695,-0.188,0.66,0.303,0.03,0.459,0.675,0.372,0.533,0.277,0.308,0.623,0.391,0.726,0.65,0.133,-0.384,0.296,0.789,0.375,0.414,0.104,-0.506,0.558,0.078,-0.095,-0.08,0.509,0.661,0.679,0.717,-0.631,-0.347,0.294,0.554,0.699,-0.199,0.553,0.718,0.704,0.387,-0.296,0.698,0.727,0.131,0.736,0.729,0.408,0.043,0.301,-0.32,-0.09,-0.306,0.624,0.197,0.848,0.505,-0.112,0.05,0.619,0.766,0.5,0.819,0.275,0.326,0.118,0.638,0.334,-0.537,0.377,0.686,0.668,0.635
ANDE,0.428,0.422,0.628,-0.269,0.606,-0.544,0.532,0.597,-0.157,0.731,0.076,0.253,0.415,0.0,0.421,-0.16,0.72,0.306,0.44,0.716,0.676,-0.181,0.415,0.713,0.123,0.342,-0.593,0.58,0.552,-0.554,0.586,0.643,-0.391,-0.707,0.587,0.732,0.696,0.671,0.751,-0.266,0.473,0.548,0.595,0.568,0.099,0.801,-0.123,0.64,0.714,0.165,0.225,0.625,0.229,0.662,0.153,-0.159,0.542,0.611,-0.444,0.672,0.386,-0.001,0.244,0.219,-0.521,0.373,0.324,0.649,-0.184,0.097,-0.515,0.574,0.614,-0.641,0.437,0.588,0.623,0.647,0.671,0.568,0.624,-0.213,-0.059,0.471,0.648,0.49,0.581,0.592,0.281,-0.413,0.672,0.665,0.723,0.727,0.194,0.574,0.639,0.596,0.115,0.591,-0.482,0.132,0.748,0.533,0.376,0.729,0.73,0.151,-0.031,-0.651,-0.536,0.513,0.22,0.278,0.665,0.439,-0.114,0.248,-0.416,0.334,0.462,0.783,-0.629,0.415,0.391,0.284,0.247,0.018,0.228,0.673,0.657,-0.655,0.808,-0.217,0.153,0.441,0.054,0.717,0.398,0.405,0.606,0.7,-0.024,-0.308,0.732,0.374,0.43,-0.312,-0.329,-0.459,0.603,-0.109,-0.094,-0.509,0.774,0.606,0.722,0.376,-0.454,-0.26,0.63,0.57,0.644,0.104,0.749,0.614,0.653,0.764,0.018,0.688,0.271,0.183,0.603,0.594,-0.147,0.629,-0.284,0.097,0.58,-0.775,0.793,-0.096,0.183,0.766,-0.003,0.309,-0.14,0.65,-0.057,0.613,0.692,0.605,-0.629,0.712,0.092,-0.721,0.801,0.478,0.176,0.619
APLS,0.665,-0.336,0.187,-0.188,0.39,-0.372,-0.021,0.678,0.275,0.421,-0.312,-0.157,-0.195,0.421,0.0,0.429,0.137,0.38,0.141,0.305,0.215,0.135,-0.25,0.176,0.526,-0.26,-0.222,-0.118,0.038,-0.343,0.137,0.165,-0.626,-0.162,0.396,0.264,0.364,0.163,0.519,0.497,0.619,0.024,0.091,-0.051,-0.043,0.317,0.203,0.102,0.272,0.029,-0.266,0.199,0.571,0.575,-0.112,0.149,0.001,0.151,0.168,0.575,0.016,-0.326,-0.336,-0.157,-0.045,0.252,0.055,0.103,-0.202,0.208,-0.422,0.017,0.097,-0.495,-0.121,-0.009,0.122,0.419,0.625,0.684,0.124,0.276,0.334,0.052,0.117,-0.004,-0.074,0.194,0.257,0.086,0.148,0.085,0.157,0.185,-0.13,0.189,0.14,0.364,0.067,-0.211,0.207,0.055,0.484,0.189,0.675,0.373,0.288,0.142,0.029,-0.281,-0.004,0.063,0.05,-0.126,0.26,0.093,0.235,-0.375,-0.231,-0.151,-0.065,0.378,-0.5,-0.219,0.053,0.632,-0.287,-0.527,0.234,0.209,0.264,-0.493,0.538,-0.547,-0.185,0.077,-0.223,0.478,0.081,0.443,0.086,0.193,0.083,-0.14,0.485,-0.102,-0.199,-0.479,-0.28,0.111,0.124,-0.541,0.174,-0.441,0.317,0.249,0.286,0.047,-0.125,-0.199,0.263,0.304,0.205,0.346,0.239,0.093,0.112,0.511,0.268,0.14,-0.156,-0.084,0.06,-0.039,-0.378,0.43,-0.427,0.783,0.726,-0.451,0.337,-0.56,-0.439,0.278,0.241,0.54,-0.415,0.008,-0.478,0.04,0.394,0.115,-0.442,0.13,-0.004,-0.196,0.474,-0.079,-0.12,0.147
APPF,0.193,-0.768,-0.632,0.006,-0.411,0.106,-0.776,0.152,0.191,-0.379,-0.53,-0.444,-0.576,-0.16,0.429,0.0,-0.621,-0.259,-0.631,-0.563,-0.518,0.444,-0.522,-0.641,0.132,-0.579,0.594,-0.792,-0.752,0.284,-0.615,-0.663,-0.591,0.527,0.073,-0.579,-0.408,-0.667,-0.292,0.48,0.103,-0.753,-0.687,-0.746,-0.394,-0.389,0.36,-0.717,-0.349,-0.299,-0.849,-0.507,0.548,-0.026,-0.723,0.149,-0.743,-0.62,0.842,-0.161,-0.563,-0.57,-0.673,-0.824,0.585,0.312,0.191,-0.738,-0.526,-0.027,-0.225,-0.69,-0.705,0.048,-0.689,-0.638,-0.609,-0.31,-0.069,0.19,-0.68,0.692,0.654,-0.486,-0.721,-0.679,-0.788,-0.645,0.029,0.676,-0.694,-0.7,-0.635,-0.353,-0.485,-0.615,-0.685,-0.416,-0.186,-0.798,0.577,-0.434,-0.059,-0.689,0.216,-0.224,-0.562,-0.345,-0.199,0.487,0.683,-0.444,-0.485,-0.033,-0.566,-0.7,0.19,-0.847,0.416,-0.784,-0.729,-0.357,0.067,-0.821,-0.723,0.308,-0.663,-0.726,-0.281,-0.63,-0.474,0.205,-0.211,-0.47,-0.477,-0.72,0.021,-0.208,-0.291,-0.349,-0.65,-0.649,0.309,0.633,-0.299,-0.673,-0.781,-0.109,-0.367,0.754,-0.666,-0.045,0.656,0.27,-0.539,-0.615,-0.492,-0.564,0.66,0.401,-0.529,-0.538,-0.625,0.371,-0.583,-0.669,-0.597,-0.14,0.649,-0.633,-0.782,0.107,-0.539,-0.779,-0.176,-0.183,0.098,0.619,0.1,0.282,-0.476,-0.222,-0.554,-0.553,0.285,0.426,-0.689,-0.49,-0.859,-0.672,-0.442,-0.491,0.06,-0.698,0.124,0.631,-0.386,-0.798,-0.587,-0.684
ASML,0.397,0.773,0.803,-0.202,0.802,-0.518,0.819,0.507,-0.117,0.803,0.332,0.339,0.497,0.72,0.137,-0.621,0.0,0.562,0.82,0.899,0.794,-0.321,0.506,0.835,0.203,0.671,-0.752,0.815,0.864,-0.479,0.801,0.844,-0.037,-0.78,0.232,0.934,0.709,0.871,0.742,-0.418,0.535,0.851,0.781,0.787,0.285,0.733,-0.324,0.869,0.834,0.374,0.603,0.674,0.001,0.617,0.55,-0.011,0.763,0.755,-0.846,0.714,0.549,0.23,0.365,0.632,-0.552,0.058,-0.005,0.882,0.285,0.199,-0.184,0.795,0.805,-0.466,0.596,0.672,0.722,0.722,0.587,0.466,0.799,-0.533,-0.396,0.581,0.865,0.709,0.853,0.787,0.223,-0.68,0.921,0.866,0.864,0.683,0.336,0.868,0.878,0.83,0.179,0.82,-0.429,0.459,0.591,0.854,0.376,0.64,0.813,0.427,0.223,-0.809,-0.775,0.542,0.319,0.033,0.843,0.803,-0.009,0.602,-0.698,0.558,0.757,0.751,-0.499,0.777,0.824,0.291,0.478,0.318,0.481,0.836,0.829,-0.713,0.738,0.021,0.417,0.745,-0.149,0.66,0.478,0.578,0.786,0.856,-0.366,-0.717,0.823,0.639,0.805,-0.328,0.08,-0.751,0.902,-0.182,-0.449,-0.579,0.932,0.808,0.805,0.583,-0.672,-0.522,0.806,0.725,0.835,-0.036,0.897,0.822,0.732,0.568,-0.333,0.82,0.646,-0.113,0.634,0.835,-0.154,0.666,-0.391,-0.165,0.516,-0.75,0.836,-0.093,0.359,0.908,-0.114,0.084,0.206,0.674,0.461,0.767,0.871,0.748,-0.53,0.914,-0.123,-0.888,0.824,0.738,0.462,0.848
ATRC,0.716,0.451,0.402,0.059,0.771,-0.327,0.472,0.552,0.458,0.607,0.263,-0.005,0.008,0.306,0.38,-0.259,0.562,0.0,0.74,0.692,0.528,0.079,-0.254,0.487,0.688,0.424,-0.565,0.398,0.696,-0.075,0.604,0.595,-0.093,-0.224,0.064,0.634,0.6,0.582,0.454,0.145,0.719,0.594,0.459,0.458,0.362,0.301,-0.152,0.576,0.665,0.546,0.33,0.275,0.369,0.737,0.438,0.333,0.401,0.518,-0.477,0.774,0.366,0.02,-0.11,0.482,-0.248,-0.388,-0.381,0.604,0.592,0.379,0.158,0.583,0.509,-0.136,0.317,0.296,0.458,0.703,0.497,0.662,0.511,-0.338,-0.325,0.455,0.57,0.272,0.48,0.602,-0.011,-0.301,0.618,0.444,0.531,0.2,0.148,0.714,0.649,0.719,0.421,0.221,0.044,0.633,0.481,0.694,0.67,0.207,0.49,0.79,0.518,-0.534,-0.578,0.204,0.295,-0.314,0.685,0.75,0.443,0.18,-0.734,0.298,0.615,0.42,-0.497,0.472,0.712,0.683,0.087,-0.011,0.683,0.583,0.685,-0.492,0.565,-0.111,0.52,0.631,-0.501,0.293,0.34,0.648,0.57,0.58,-0.462,-0.709,0.712,0.425,0.584,-0.662,0.445,-0.275,0.725,-0.548,-0.532,-0.613,0.645,0.649,0.487,0.384,-0.605,-0.465,0.726,0.577,0.541,0.111,0.574,0.475,0.378,0.214,-0.363,0.476,0.352,-0.406,0.188,0.504,-0.715,0.396,-0.66,0.144,0.632,-0.415,0.52,-0.445,-0.066,0.476,0.351,0.387,0.113,0.145,0.291,0.363,0.808,0.478,-0.301,0.518,-0.477,-0.552,0.666,0.52,0.463,0.575
AVGO,0.488,0.756,0.664,-0.147,0.856,-0.347,0.789,0.385,0.258,0.791,0.467,0.271,0.33,0.44,0.141,-0.631,0.82,0.74,0.0,0.821,0.628,-0.181,0.203,0.741,0.439,0.586,-0.722,0.727,0.911,-0.338,0.811,0.85,0.142,-0.461,0.032,0.869,0.652,0.813,0.663,-0.1,0.577,0.762,0.678,0.686,0.483,0.53,-0.282,0.812,0.707,0.53,0.689,0.579,0.078,0.564,0.752,0.292,0.74,0.701,-0.766,0.646,0.598,0.39,0.334,0.755,-0.39,-0.332,-0.247,0.834,0.588,0.48,0.151,0.773,0.769,-0.192,0.579,0.617,0.67,0.735,0.446,0.433,0.763,-0.441,-0.39,0.56,0.826,0.583,0.806,0.816,0.278,-0.54,0.844,0.777,0.757,0.54,0.415,0.895,0.86,0.792,0.413,0.649,-0.168,0.724,0.397,0.921,0.483,0.388,0.703,0.598,0.572,-0.653,-0.722,0.397,0.511,-0.066,0.796,0.913,0.219,0.597,-0.661,0.621,0.815,0.544,-0.367,0.756,0.949,0.378,0.401,0.251,0.691,0.797,0.738,-0.563,0.633,0.108,0.477,0.84,-0.216,0.426,0.316,0.807,0.754,0.785,-0.415,-0.828,0.695,0.628,0.824,-0.338,0.421,-0.624,0.864,-0.255,-0.65,-0.68,0.848,0.805,0.667,0.681,-0.686,-0.488,0.805,0.746,0.805,-0.081,0.79,0.787,0.644,0.337,-0.599,0.714,0.734,-0.215,0.492,0.787,-0.335,0.484,-0.479,-0.062,0.517,-0.51,0.691,-0.122,0.298,0.752,0.091,0.054,0.404,0.42,0.619,0.642,0.873,0.705,-0.337,0.781,-0.304,-0.738,0.708,0.791,0.61,0.87
AVT,0.448,0.652,0.882,-0.106,0.921,-0.51,0.881,0.493,0.025,0.819,0.335,0.464,0.547,0.716,0.305,-0.563,0.899,0.692,0.821,0.0,0.903,-0.411,0.379,0.931,0.208,0.543,-0.911,0.83,0.896,-0.561,0.865,0.925,-0.01,-0.781,0.435,0.916,0.885,0.954,0.82,-0.218,0.548,0.904,0.89,0.86,0.451,0.821,-0.099,0.949,0.795,0.44,0.667,0.739,-0.005,0.735,0.63,-0.104,0.843,0.903,-0.762,0.803,0.668,0.347,0.402,0.731,-0.715,0.025,-0.151,0.951,0.265,0.329,-0.203,0.88,0.905,-0.545,0.721,0.769,0.868,0.855,0.667,0.5,0.9,-0.541,-0.429,0.696,0.945,0.796,0.84,0.931,0.235,-0.667,0.966,0.809,0.944,0.629,0.507,0.911,0.957,0.903,0.372,0.717,-0.498,0.491,0.707,0.92,0.411,0.733,0.93,0.549,0.173,-0.869,-0.847,0.695,0.542,0.121,0.953,0.858,0.105,0.581,-0.723,0.671,0.777,0.84,-0.525,0.699,0.838,0.313,0.529,0.322,0.393,0.96,0.834,-0.673,0.815,0.068,0.42,0.848,-0.156,0.686,0.622,0.764,0.896,0.953,-0.231,-0.801,0.874,0.773,0.707,-0.345,0.106,-0.696,0.945,-0.404,-0.447,-0.649,0.962,0.956,0.917,0.692,-0.855,-0.618,0.869,0.852,0.931,-0.025,0.943,0.848,0.852,0.702,-0.363,0.913,0.697,-0.139,0.74,0.892,-0.26,0.657,-0.368,-0.008,0.595,-0.8,0.93,-0.276,0.37,0.913,-0.044,0.239,0.277,0.719,0.411,0.861,0.918,0.708,-0.502,0.952,-0.103,-0.918,0.925,0.806,0.569,0.918
AXDX,0.219,0.592,0.908,0.174,0.79,-0.401,0.854,0.306,-0.059,0.661,0.279,0.541,0.73,0.676,0.215,-0.518,0.794,0.528,0.628,0.903,0.0,-0.525,0.376,0.886,-0.055,0.543,-0.835,0.81,0.755,-0.462,0.782,0.851,0.077,-0.823,0.505,0.784,0.875,0.878,0.665,-0.235,0.409,0.861,0.919,0.893,0.428,0.78,0.059,0.883,0.7,0.414,0.644,0.735,-0.2,0.665,0.472,-0.394,0.808,0.872,-0.673,0.622,0.667,0.38,0.407,0.675,-0.813,0.134,-0.212,0.863,0.087,0.243,-0.233,0.848,0.837,-0.524,0.771,0.757,0.848,0.832,0.645,0.349,0.842,-0.676,-0.578,0.73,0.864,0.861,0.736,0.854,0.092,-0.726,0.883,0.691,0.883,0.48,0.626,0.785,0.862,0.802,0.379,0.642,-0.637,0.333,0.722,0.746,0.219,0.732,0.894,0.488,-0.071,-0.858,-0.838,0.777,0.551,0.245,0.859,0.715,0.141,0.561,-0.666,0.672,0.689,0.875,-0.414,0.607,0.705,0.122,0.683,0.491,0.117,0.893,0.697,-0.477,0.78,0.27,0.457,0.713,-0.137,0.666,0.713,0.637,0.873,0.893,-0.156,-0.67,0.783,0.815,0.551,-0.212,0.034,-0.639,0.862,-0.399,-0.262,-0.446,0.851,0.916,0.918,0.652,-0.85,-0.659,0.665,0.75,0.877,0.037,0.87,0.797,0.812,0.664,-0.196,0.891,0.645,-0.163,0.754,0.848,-0.054,0.474,-0.173,-0.066,0.419,-0.718,0.906,-0.276,0.523,0.791,-0.071,0.35,0.301,0.772,0.344,0.903,0.748,0.492,-0.306,0.882,0.128,-0.869,0.813,0.746,0.586,0.807
AXSM,0.427,-0.246,-0.647,0.04,-0.338,0.351,-0.558,0.096,0.166,-0.263,-0.056,-0.783,-0.63,-0.181,0.135,0.444,-0.321,0.079,-0.181,-0.411,-0.525,0.0,-0.642,-0.547,0.505,-0.101,0.415,-0.474,-0.264,0.591,-0.237,-0.455,-0.265,0.638,-0.429,-0.244,-0.437,-0.513,-0.425,0.315,0.213,-0.458,-0.665,-0.559,-0.339,-0.573,-0.406,-0.545,-0.146,0.079,-0.621,-0.451,0.692,-0.132,-0.363,0.505,-0.565,-0.597,0.309,0.041,-0.505,-0.626,-0.533,-0.456,0.612,-0.409,-0.058,-0.438,0.279,-0.163,0.35,-0.353,-0.575,0.386,-0.6,-0.568,-0.571,-0.283,-0.159,0.331,-0.567,0.313,0.208,-0.498,-0.494,-0.753,-0.378,-0.461,-0.104,0.329,-0.462,-0.318,-0.527,-0.387,-0.661,-0.252,-0.439,-0.407,-0.173,-0.476,0.57,0.192,-0.354,-0.329,0.347,-0.626,-0.598,0.089,0.387,0.479,0.342,-0.79,-0.44,-0.537,-0.294,-0.235,0.067,-0.544,-0.004,-0.579,-0.317,-0.547,-0.235,-0.317,-0.335,0.366,-0.761,-0.541,0.456,-0.516,-0.258,0.139,-0.175,-0.351,0.207,-0.295,-0.353,-0.51,-0.651,-0.279,-0.442,-0.498,-0.324,0.196,-0.195,-0.649,-0.103,-0.332,0.27,0.542,-0.317,0.021,-0.038,-0.156,-0.323,-0.473,-0.591,-0.366,0.425,0.362,-0.205,-0.423,-0.544,-0.026,-0.473,-0.468,-0.631,-0.542,-0.054,-0.601,-0.542,-0.151,-0.711,-0.536,-0.535,-0.242,-0.487,0.146,0.052,0.441,-0.48,-0.05,-0.685,-0.494,0.668,-0.038,-0.256,-0.694,-0.275,-0.698,-0.137,-0.059,0.054,-0.535,-0.534,0.389,-0.311,-0.378,-0.21,-0.392
AZN,-0.321,0.418,0.524,-0.363,0.182,-0.335,0.522,-0.001,-0.521,0.321,0.142,0.548,0.534,0.415,-0.25,-0.522,0.506,-0.254,0.203,0.379,0.376,-0.642,0.0,0.531,-0.453,0.255,-0.374,0.547,0.322,-0.557,0.293,0.419,0.14,-0.65,0.318,0.382,0.281,0.481,0.466,-0.654,-0.247,0.425,0.502,0.492,0.152,0.6,-0.019,0.496,0.271,-0.164,0.481,0.456,-0.53,-0.068,0.412,-0.3,0.551,0.486,-0.46,0.046,0.351,0.39,0.661,0.323,-0.459,0.483,0.419,0.461,-0.245,-0.033,-0.373,0.352,0.52,-0.476,0.489,0.585,0.48,0.117,0.05,-0.241,0.518,-0.197,-0.049,0.313,0.484,0.602,0.516,0.367,0.338,-0.36,0.48,0.523,0.531,0.656,0.346,0.286,0.421,0.281,-0.153,0.73,-0.584,-0.139,0.27,0.351,-0.308,0.601,0.531,-0.271,-0.231,-0.326,-0.309,0.561,0.217,0.449,0.333,0.202,-0.527,0.584,0.06,0.471,0.306,0.466,0.025,0.408,0.267,-0.41,0.555,0.422,-0.213,0.455,0.3,-0.312,0.158,0.138,-0.128,0.316,0.444,0.448,0.397,0.049,0.411,0.462,0.241,-0.137,0.235,0.465,0.34,0.332,-0.359,-0.582,0.307,0.367,-0.038,-0.024,0.397,0.339,0.484,0.292,-0.248,-0.044,0.326,0.344,0.482,-0.303,0.484,0.514,0.584,0.538,-0.1,0.542,0.484,0.426,0.646,0.521,0.504,0.41,0.343,-0.344,-0.04,-0.48,0.486,0.375,0.517,0.581,-0.574,-0.341,0.197,0.73,0.267,0.558,0.19,0.411,-0.36,0.578,0.317,-0.401,0.349,0.372,0.07,0.43
BANR,0.215,0.666,0.902,-0.081,0.842,-0.433,0.936,0.295,-0.023,0.806,0.415,0.663,0.705,0.713,0.176,-0.641,0.835,0.487,0.741,0.931,0.886,-0.547,0.531,0.0,0.008,0.555,-0.9,0.906,0.854,-0.637,0.862,0.95,0.14,-0.796,0.523,0.857,0.912,0.984,0.784,-0.318,0.299,0.865,0.946,0.919,0.555,0.901,-0.021,0.973,0.694,0.42,0.773,0.818,-0.194,0.578,0.67,-0.227,0.926,0.953,-0.745,0.628,0.76,0.547,0.634,0.776,-0.817,0.064,-0.059,0.964,0.163,0.355,-0.215,0.889,0.973,-0.53,0.874,0.917,0.964,0.817,0.54,0.299,0.976,-0.542,-0.422,0.778,0.971,0.878,0.853,0.949,0.293,-0.628,0.937,0.828,0.989,0.738,0.669,0.817,0.961,0.786,0.459,0.803,-0.648,0.426,0.667,0.873,0.163,0.769,0.968,0.41,0.082,-0.781,-0.797,0.803,0.691,0.373,0.898,0.799,-0.045,0.703,-0.519,0.808,0.805,0.854,-0.364,0.678,0.776,0.043,0.67,0.442,0.233,0.985,0.73,-0.544,0.757,0.22,0.357,0.845,0.1,0.648,0.65,0.713,0.942,0.985,-0.011,-0.688,0.766,0.853,0.684,-0.105,0.036,-0.705,0.87,-0.209,-0.392,-0.535,0.901,0.941,0.939,0.775,-0.861,-0.497,0.81,0.881,0.952,-0.145,0.936,0.908,0.965,0.745,-0.384,0.981,0.779,0.093,0.903,0.957,-0.072,0.552,-0.131,-0.104,0.394,-0.746,0.952,-0.055,0.567,0.903,-0.127,0.121,0.4,0.831,0.458,0.929,0.792,0.722,-0.424,0.967,0.069,-0.867,0.878,0.865,0.588,0.936
BBIO,0.763,0.041,-0.107,-0.251,0.339,-0.218,-0.049,0.6,0.478,0.455,0.06,-0.426,-0.502,0.123,0.526,0.132,0.203,0.688,0.439,0.208,-0.055,0.505,-0.453,0.008,0.0,0.099,-0.085,-0.097,0.262,0.059,0.184,0.154,-0.363,0.213,-0.158,0.304,0.107,0.098,0.216,0.313,0.63,0.067,-0.107,-0.103,0.037,-0.061,-0.296,0.066,0.351,0.268,-0.135,-0.057,0.71,0.414,0.122,0.713,-0.076,-0.012,-0.056,0.543,-0.006,-0.38,-0.406,0.008,0.29,-0.378,-0.076,0.111,0.491,0.24,0.15,0.053,0.049,0.063,-0.207,-0.153,-0.039,0.26,0.278,0.69,0.039,0.19,0.18,0.039,0.087,-0.296,0.052,0.113,0.028,0.182,0.12,0.171,0.042,0.086,-0.357,0.243,0.166,0.31,0.14,-0.122,0.506,0.449,0.158,0.307,0.732,-0.154,0.033,0.444,0.658,-0.07,-0.022,-0.284,-0.07,-0.512,0.221,0.359,0.265,-0.231,-0.348,-0.15,0.193,-0.022,-0.421,0.066,0.333,0.77,-0.455,-0.453,0.779,0.077,0.353,-0.41,0.301,-0.509,0.148,0.201,-0.404,0.055,-0.198,0.331,0.045,0.098,-0.314,-0.286,0.379,-0.181,0.265,-0.638,0.285,0.077,0.214,-0.305,-0.381,-0.486,0.245,0.107,-0.025,0.006,-0.042,-0.024,0.425,0.224,0.07,0.145,0.137,0.113,-0.076,-0.03,-0.19,-0.033,-0.079,-0.232,-0.244,-0.01,-0.715,0.243,-0.706,0.354,0.581,-0.107,0.078,-0.266,-0.53,0.123,0.447,0.17,-0.208,-0.304,-0.011,-0.187,0.481,0.321,-0.311,0.039,-0.508,-0.095,0.322,0.049,0.021,0.13
BCYC,0.112,0.806,0.435,0.188,0.462,0.0,0.654,0.022,0.076,0.507,0.697,0.326,0.516,0.342,-0.26,-0.579,0.671,0.424,0.586,0.543,0.543,-0.101,0.255,0.555,0.099,0.0,-0.447,0.696,0.642,0.066,0.698,0.623,0.36,-0.316,0.015,0.562,0.479,0.594,0.163,-0.524,0.146,0.586,0.526,0.703,0.475,0.352,-0.363,0.608,0.573,0.633,0.568,0.429,-0.137,0.249,0.459,0.072,0.571,0.515,-0.714,0.349,0.53,0.294,0.393,0.577,-0.361,-0.339,-0.206,0.639,0.495,0.247,0.327,0.705,0.563,0.063,0.601,0.545,0.531,0.503,0.101,0.255,0.575,-0.548,-0.527,0.54,0.587,0.458,0.585,0.512,-0.021,-0.455,0.597,0.574,0.596,0.376,0.426,0.584,0.655,0.436,0.431,0.606,-0.314,0.612,0.339,0.563,0.071,0.17,0.447,0.457,0.391,-0.354,-0.607,0.329,0.366,0.073,0.584,0.662,0.003,0.612,-0.426,0.507,0.707,0.386,-0.144,0.574,0.616,-0.026,0.436,0.426,0.399,0.547,0.53,-0.146,0.381,0.381,0.666,0.55,-0.012,0.071,0.382,0.27,0.673,0.591,-0.259,-0.483,0.441,0.604,0.798,-0.076,0.44,-0.408,0.697,0.187,-0.49,-0.331,0.571,0.526,0.46,0.542,-0.532,-0.137,0.557,0.474,0.555,-0.3,0.513,0.655,0.501,0.064,-0.546,0.554,0.581,0.028,0.408,0.677,-0.176,0.1,-0.187,-0.484,0.038,-0.193,0.498,0.29,0.513,0.454,0.245,-0.041,0.453,0.454,0.634,0.507,0.507,0.668,-0.046,0.585,-0.261,-0.48,0.456,0.688,0.582,0.601
BHFAP,-0.295,-0.535,-0.821,0.041,-0.81,0.295,-0.887,-0.28,0.035,-0.667,-0.453,-0.508,-0.611,-0.593,-0.222,0.594,-0.752,-0.565,-0.722,-0.911,-0.835,0.415,-0.374,-0.9,-0.085,-0.447,0.0,-0.818,-0.841,0.569,-0.858,-0.869,-0.193,0.684,-0.458,-0.807,-0.819,-0.903,-0.729,0.138,-0.336,-0.849,-0.841,-0.842,-0.542,-0.782,0.037,-0.895,-0.579,-0.48,-0.711,-0.768,0.107,-0.545,-0.703,0.155,-0.874,-0.88,0.732,-0.708,-0.712,-0.464,-0.575,-0.797,0.754,0.037,0.296,-0.92,-0.291,-0.342,0.086,-0.878,-0.886,0.532,-0.779,-0.804,-0.869,-0.756,-0.509,-0.336,-0.873,0.513,0.448,-0.615,-0.909,-0.808,-0.8,-0.931,-0.314,0.672,-0.882,-0.721,-0.888,-0.546,-0.576,-0.83,-0.905,-0.75,-0.408,-0.672,0.529,-0.529,-0.539,-0.895,-0.252,-0.679,-0.865,-0.523,-0.114,0.753,0.785,-0.7,-0.681,-0.187,-0.932,-0.815,0.009,-0.643,0.639,-0.742,-0.694,-0.735,0.418,-0.592,-0.756,-0.111,-0.553,-0.375,-0.288,-0.93,-0.65,0.515,-0.716,-0.161,-0.402,-0.891,0.085,-0.523,-0.553,-0.751,-0.891,-0.899,0.13,0.83,-0.75,-0.786,-0.623,0.159,-0.177,0.596,-0.845,0.384,0.441,0.635,-0.855,-0.931,-0.857,-0.773,0.892,0.58,-0.796,-0.83,-0.896,0.236,-0.819,-0.813,-0.852,-0.632,0.501,-0.845,-0.747,0.108,-0.754,-0.87,0.22,-0.526,0.285,0.023,-0.481,0.672,-0.836,0.236,-0.4,-0.789,-0.002,-0.066,-0.467,-0.69,-0.467,-0.831,-0.795,-0.696,0.393,-0.882,0.146,0.837,-0.82,-0.814,-0.658,-0.902
BKR,0.022,0.8,0.826,0.077,0.686,-0.185,0.953,0.042,-0.091,0.646,0.597,0.626,0.792,0.58,-0.118,-0.792,0.815,0.398,0.727,0.83,0.81,-0.474,0.547,0.906,-0.097,0.696,-0.818,0.0,0.863,-0.402,0.879,0.902,0.394,-0.685,0.337,0.777,0.744,0.893,0.563,-0.407,0.13,0.871,0.896,0.942,0.596,0.723,-0.159,0.913,0.591,0.532,0.862,0.778,-0.338,0.38,0.713,-0.233,0.936,0.852,-0.819,0.432,0.791,0.609,0.732,0.859,-0.749,-0.077,-0.173,0.924,0.364,0.31,0.053,0.929,0.899,-0.259,0.887,0.894,0.868,0.692,0.346,0.117,0.894,-0.68,-0.594,0.733,0.919,0.845,0.875,0.89,0.166,-0.704,0.867,0.819,0.893,0.589,0.682,0.799,0.896,0.639,0.449,0.853,-0.657,0.524,0.438,0.827,0.001,0.546,0.831,0.362,0.168,-0.656,-0.814,0.723,0.696,0.314,0.83,0.828,-0.073,0.849,-0.486,0.879,0.864,0.718,-0.232,0.764,0.804,-0.144,0.737,0.644,0.262,0.886,0.656,-0.316,0.629,0.454,0.55,0.834,0.106,0.434,0.554,0.585,0.917,0.9,-0.112,-0.682,0.582,0.849,0.787,0.083,0.268,-0.729,0.865,-0.025,-0.496,-0.415,0.81,0.865,0.793,0.815,-0.815,-0.421,0.71,0.8,0.881,-0.276,0.817,0.905,0.858,0.481,-0.55,0.884,0.852,0.046,0.8,0.956,0.066,0.348,-0.088,-0.381,0.155,-0.511,0.817,0.15,0.683,0.781,-0.06,-0.067,0.618,0.78,0.688,0.902,0.663,0.695,-0.187,0.89,0.007,-0.797,0.683,0.925,0.735,0.909
BLDP,0.362,0.833,0.76,-0.084,0.832,-0.364,0.884,0.322,0.068,0.744,0.505,0.392,0.495,0.552,0.038,-0.752,0.864,0.696,0.911,0.896,0.755,-0.264,0.322,0.854,0.262,0.642,-0.841,0.863,0.0,-0.387,0.89,0.907,0.219,-0.611,0.145,0.9,0.746,0.903,0.649,-0.268,0.428,0.897,0.811,0.843,0.498,0.635,-0.304,0.916,0.749,0.531,0.773,0.683,-0.052,0.559,0.748,0.059,0.839,0.814,-0.877,0.677,0.678,0.427,0.484,0.827,-0.606,-0.288,-0.211,0.949,0.549,0.316,0.101,0.914,0.87,-0.266,0.724,0.745,0.806,0.735,0.456,0.36,0.86,-0.624,-0.561,0.662,0.934,0.7,0.943,0.901,0.151,-0.677,0.93,0.841,0.874,0.571,0.465,0.909,0.94,0.773,0.397,0.807,-0.446,0.656,0.457,0.943,0.317,0.47,0.802,0.62,0.39,-0.73,-0.864,0.535,0.554,0.027,0.905,0.95,0.071,0.718,-0.705,0.747,0.889,0.637,-0.436,0.871,0.914,0.214,0.513,0.439,0.585,0.888,0.811,-0.541,0.682,0.205,0.587,0.922,-0.164,0.456,0.437,0.712,0.869,0.888,-0.408,-0.836,0.738,0.749,0.9,-0.287,0.381,-0.724,0.942,-0.235,-0.691,-0.639,0.888,0.884,0.752,0.717,-0.826,-0.514,0.846,0.788,0.855,-0.176,0.86,0.835,0.768,0.426,-0.616,0.825,0.774,-0.186,0.63,0.91,-0.289,0.491,-0.425,-0.255,0.416,-0.572,0.784,-0.077,0.419,0.803,0.041,0.009,0.489,0.583,0.662,0.775,0.886,0.759,-0.345,0.891,-0.299,-0.867,0.785,0.9,0.693,0.916
BLFS,-0.144,-0.141,-0.648,0.578,-0.507,0.635,-0.467,-0.424,0.235,-0.569,0.088,-0.44,-0.287,-0.554,-0.343,0.284,-0.479,-0.075,-0.338,-0.561,-0.462,0.591,-0.557,-0.637,0.059,0.066,0.569,-0.402,-0.387,0.0,-0.299,-0.512,0.22,0.706,-0.447,-0.517,-0.543,-0.601,-0.778,0.169,-0.178,-0.455,-0.572,-0.413,-0.04,-0.736,-0.053,-0.59,-0.314,0.261,-0.373,-0.521,0.14,-0.353,-0.282,0.212,-0.49,-0.597,0.359,-0.412,-0.296,-0.268,-0.364,-0.311,0.582,-0.423,-0.292,-0.534,0.32,-0.025,0.652,-0.31,-0.606,0.748,-0.384,-0.498,-0.584,-0.352,-0.51,-0.145,-0.597,0.04,-0.115,-0.308,-0.581,-0.573,-0.464,-0.539,-0.35,0.314,-0.572,-0.563,-0.612,-0.701,-0.282,-0.388,-0.523,-0.522,0.039,-0.505,0.484,0.103,-0.493,-0.502,-0.089,-0.742,-0.7,-0.023,0.234,0.624,0.346,-0.564,-0.265,-0.29,-0.442,-0.276,0.242,-0.259,0.211,-0.404,-0.245,-0.587,0.317,-0.31,-0.322,-0.067,-0.353,-0.047,0.066,-0.609,-0.375,0.675,-0.445,0.242,0.369,-0.395,-0.128,-0.786,-0.335,-0.446,-0.402,-0.595,-0.168,0.323,-0.48,-0.357,-0.18,0.136,0.513,0.584,-0.365,0.243,0.078,0.383,-0.574,-0.518,-0.671,-0.3,0.442,0.408,-0.49,-0.487,-0.558,-0.057,-0.638,-0.468,-0.659,-0.81,-0.041,-0.638,-0.333,-0.168,-0.661,-0.502,-0.112,-0.703,0.021,-0.198,-0.44,0.78,-0.612,0.164,-0.18,-0.721,0.545,-0.003,0.075,-0.547,0.012,-0.571,-0.471,-0.37,0.612,-0.64,-0.261,0.589,-0.622,-0.342,0.055,-0.51
BLKB,0.304,0.708,0.73,0.088,0.792,-0.151,0.906,0.196,0.131,0.73,0.637,0.482,0.636,0.586,0.137,-0.615,0.801,0.604,0.811,0.865,0.782,-0.237,0.293,0.862,0.184,0.698,-0.858,0.879,0.89,-0.299,0.0,0.916,0.306,-0.538,0.331,0.822,0.78,0.873,0.617,-0.162,0.351,0.808,0.796,0.862,0.664,0.682,-0.167,0.861,0.671,0.729,0.738,0.808,-0.029,0.509,0.735,-0.011,0.887,0.8,-0.776,0.657,0.816,0.492,0.59,0.823,-0.582,-0.212,-0.313,0.91,0.476,0.465,0.192,0.947,0.837,-0.241,0.803,0.817,0.813,0.804,0.399,0.398,0.842,-0.558,-0.518,0.71,0.887,0.734,0.82,0.903,0.305,-0.638,0.847,0.726,0.858,0.532,0.601,0.86,0.912,0.721,0.571,0.711,-0.394,0.734,0.472,0.894,0.319,0.503,0.787,0.523,0.344,-0.618,-0.751,0.6,0.711,0.18,0.923,0.917,0.063,0.748,-0.578,0.77,0.846,0.696,-0.359,0.655,0.824,0.096,0.528,0.413,0.492,0.881,0.689,-0.37,0.738,0.3,0.622,0.911,0.001,0.342,0.466,0.753,0.923,0.878,-0.189,-0.803,0.711,0.786,0.769,-0.087,0.428,-0.535,0.892,-0.168,-0.501,-0.615,0.854,0.897,0.761,0.877,-0.804,-0.406,0.774,0.855,0.888,-0.306,0.784,0.865,0.793,0.439,-0.643,0.803,0.824,-0.047,0.667,0.882,-0.233,0.341,-0.336,-0.126,0.387,-0.469,0.816,-0.011,0.491,0.735,0.244,0.058,0.58,0.648,0.607,0.772,0.794,0.799,-0.199,0.839,-0.226,-0.766,0.754,0.879,0.821,0.928
