,ABAT,ACLS,ACMR,ADMA,ADUS,ADVM,AEIS,AGNCM,AHCO,ALGT,ALLO,AMSF,ANAB,ANDE,APLS,APPF,ASML,ATRC,AVGO,AVT,AXDX,AXSM,AZN,BANR,BBIO,BCYC,BHFAP,BKR,BLDP,BLFS,BLKB,BLMN,BNTX,BPMC,CALM,CAMT,CASH,CATY,CCEP,CDLX,CDNS,CENN,CENX,CGC,CHDN,CLBK,COKE,COLB,COO,CORT,CRMT,CRNX,CRTO,CRVL,CSCO,CSQ,CSWI,CVBF,CWST,CYCC,CZR,DLTR,DORM,ENTA,EQIX,ERIC,EVRG,EWBC,EXAS,EXLS,EXPI,EYE,FBNC,FBRX,FCNCA,FELE,FIBK,FLEX,FRGT,FRHC,FRME,FWONA,FWONK,GDEN,GIII,GILD,GLNG,GNTX,GOOGL,GRPN,HCSG,HIMX,HOPE,HST,HTLD,HUT,HWC,ICUI,IESC,INTC,INTU,IOVA,IPAR,IPGP,ISRG,JBSS,KALU,KPRX,KRNT,LAUR,LBRDA,LBTYK,LECO,LILAK,LITE,MANH,MDXG,MFIC,MGEE,MIDD,MLAB,MMSI,MNKD,MOMO,MRVL,NICE,NMFC,NUWE,NVCR,NWBI,OFIX,OFLX,OMCL,OPK,ORKA,ORLY,OTTR,PDD,PNTG,POOL,POWL,PPBI,PPC,PRAA,PRPL,PZZA,QTRX,QURE,RDFN,RDHL,REAL,REG,REYN,RGLD,RIOT,RUN,RYTM,SAIA,SBAC,SBRA,SCVL,SHOO,SLAB,SLDB,SMCI,SMTC,SRCE,SSP,SSRM,STBA,STRO,SVC,SYBT,TCBI,TCOM,TENX,TH,TMUS,TNDM,TTD,TTMI,UAL,ULH,ULTA,VCYT,VIRT,VKTX,VOD,VRDN,VREX,VRNT,VSAT,WB,WBD,WDC,WEN,WSFS,XXII,Z,ZBRA
ABAT,0.0,-0.034,0.608,0.6,-0.154,0.737,-0.123,-0.706,0.456,0.718,0.8,0.304,-0.076,0.767,0.89,0.205,-0.708,0.466,-0.455,-0.284,0.554,0.798,-0.215,0.841,0.704,0.044,-0.366,0.896,0.7,0.006,0.508,0.052,0.025,0.619,0.669,0.036,0.367,0.839,0.77,0.757,-0.335,0.862,0.592,0.709,0.903,0.01,0.141,0.87,-0.273,0.699,0.794,0.433,-0.121,0.69,-0.714,-0.254,0.2,0.879,-0.375,0.45,0.828,-0.583,0.635,0.67,-0.586,-0.103,-0.659,0.73,-0.099,-0.324,0.665,0.572,0.793,-0.324,0.427,0.136,0.869,0.265,0.817,-0.074,0.756,0.766,0.746,0.335,0.467,-0.679,0.457,0.771,-0.124,0.921,0.825,-0.05,0.632,0.226,-0.042,0.781,0.767,-0.489,0.02,-0.131,0.416,0.814,0.782,0.23,-0.074,0.497,0.893,0.668,0.442,0.71,0.252,-0.313,0.148,0.586,-0.055,0.701,-0.645,0.636,-0.2,0.767,0.928,0.46,0.32,0.845,-0.192,0.573,0.567,0.827,0.548,0.865,0.886,0.539,-0.053,0.199,0.741,-0.707,-0.673,0.867,0.816,-0.047,0.861,0.79,0.795,0.559,0.485,-0.424,0.466,0.4,0.822,0.817,0.563,0.725,-0.366,0.192,0.803,0.423,0.779,-0.039,-0.769,0.288,-0.497,0.65,0.607,0.814,-0.592,0.284,0.444,0.868,0.493,0.541,0.133,0.844,0.753,0.647,0.733,0.728,-0.361,0.243,0.329,0.714,-0.169,0.113,0.239,0.682,0.199,-0.548,0.88,0.054,0.451,0.816,0.813,0.863,0.327,0.558,0.285,-0.154,0.685,-0.537,0.781,0.026
ACLS,-0.034,0.0,0.269,-0.354,-0.116,0.025,0.948,0.575,0.767,0.238,-0.187,-0.345,0.541,-0.083,-0.118,0.452,0.566,0.574,0.619,0.831,0.277,-0.305,-0.145,-0.093,-0.368,0.901,0.852,-0.263,0.364,-0.412,0.273,-0.251,0.858,0.039,-0.527,0.916,0.404,0.001,-0.07,-0.198,0.847,-0.39,-0.239,-0.197,-0.012,-0.217,0.2,-0.205,0.456,-0.123,-0.103,0.229,0.779,0.123,0.455,0.859,0.665,-0.21,0.579,-0.069,0.257,0.571,-0.052,0.007,0.501,0.426,0.548,0.147,0.546,0.393,-0.153,0.4,-0.134,0.584,0.344,0.811,-0.105,0.82,-0.293,0.923,-0.037,0.112,0.066,0.391,-0.295,0.449,-0.051,0.454,0.913,0.002,0.116,0.774,0.092,0.208,0.602,0.139,0.057,-0.177,0.716,0.643,0.754,0.239,0.107,0.901,0.875,0.327,0.08,-0.285,0.632,0.106,-0.673,0.018,0.397,-0.173,0.678,0.337,0.611,0.547,0.331,0.09,-0.155,0.684,0.835,0.123,0.857,0.466,0.568,-0.221,0.137,-0.196,-0.174,0.254,-0.147,-0.086,-0.216,0.489,0.399,0.276,-0.25,0.867,0.279,-0.04,-0.069,0.107,0.38,0.689,0.701,0.732,0.114,-0.131,0.302,0.283,0.116,0.891,0.111,0.161,-0.164,0.78,0.481,0.611,0.541,0.353,0.669,-0.216,0.641,0.571,-0.229,-0.165,0.559,0.231,0.106,0.08,-0.104,-0.478,0.179,-0.391,0.708,0.807,0.158,-0.083,0.925,0.547,0.428,0.113,0.687,0.685,0.033,0.47,-0.622,0.01,-0.079,0.068,-0.292,-0.42,0.774,0.54,-0.018,0.64,0.204,0.855
ACMR,0.608,0.269,0.0,0.725,0.115,0.766,0.075,-0.478,0.517,0.628,0.775,-0.046,0.429,0.455,0.557,0.385,-0.481,0.441,0.003,-0.085,0.851,0.705,-0.31,0.52,0.696,0.139,-0.127,0.538,0.824,0.357,0.433,-0.083,0.343,0.774,0.558,0.29,0.568,0.662,0.332,0.821,-0.105,0.581,0.079,0.638,0.661,0.154,0.128,0.583,-0.001,0.789,0.562,0.718,0.142,0.451,-0.618,0.107,-0.031,0.53,-0.168,0.708,0.679,-0.516,0.439,0.778,-0.409,0.224,-0.375,0.688,0.566,-0.547,0.652,0.319,0.53,-0.365,0.028,0.195,0.603,0.387,0.659,0.247,0.471,0.852,0.841,0.521,0.498,-0.437,0.683,0.492,0.168,0.715,0.549,0.398,0.406,0.377,-0.308,0.781,0.6,-0.328,0.034,0.278,0.635,0.791,0.618,0.577,0.047,0.039,0.58,0.726,0.714,0.702,0.258,0.261,0.099,0.692,-0.183,0.754,-0.104,0.542,-0.233,0.364,0.637,0.323,0.345,0.845,0.137,0.895,0.544,0.503,0.848,0.505,0.657,0.003,0.126,0.631,0.801,-0.588,-0.557,0.71,0.564,0.09,0.635,0.491,0.527,0.032,0.773,0.082,0.713,0.562,0.816,0.634,0.791,0.374,-0.31,0.326,0.742,0.383,0.817,-0.101,-0.454,0.629,-0.526,0.376,0.77,0.458,-0.107,0.684,-0.084,0.75,0.797,0.153,0.638,0.711,0.392,0.591,0.728,0.528,-0.261,0.481,0.65,0.852,0.021,0.302,0.327,0.633,0.656,-0.298,0.666,0.31,0.303,0.774,0.808,0.794,0.531,0.666,0.61,0.239,0.44,-0.051,0.822,0.135
ADMA,0.6,-0.354,0.725,0.0,0.118,0.766,-0.531,-0.869,0.035,0.479,0.856,0.182,-0.003,0.552,0.62,0.054,-0.864,0.08,-0.429,-0.628,0.672,0.883,-0.269,0.613,0.909,-0.414,-0.633,0.717,0.542,0.528,0.287,0.086,-0.273,0.725,0.903,-0.265,0.273,0.663,0.473,0.918,-0.664,0.817,0.189,0.71,0.659,0.27,-0.057,0.738,-0.339,0.806,0.608,0.61,-0.387,0.44,-0.904,-0.455,-0.396,0.691,-0.43,0.709,0.551,-0.875,0.475,0.742,-0.754,-0.098,-0.692,0.559,0.178,-0.739,0.715,0.142,0.611,-0.786,-0.178,-0.3,0.693,-0.172,0.848,-0.346,0.487,0.747,0.761,0.295,0.705,-0.799,0.732,0.207,-0.406,0.702,0.498,-0.154,0.377,0.201,-0.637,0.658,0.54,-0.334,-0.407,-0.264,0.15,0.606,0.518,-0.01,-0.496,-0.172,0.545,0.889,0.307,0.61,0.671,0.191,-0.192,0.816,-0.608,0.526,-0.517,0.225,-0.369,0.318,0.735,-0.161,-0.168,0.724,-0.477,0.565,0.221,0.673,0.665,0.658,0.743,-0.129,0.207,0.618,0.921,-0.915,-0.803,0.52,0.767,-0.429,0.481,0.517,0.584,-0.01,0.502,-0.409,0.21,0.042,0.691,0.697,0.536,0.258,-0.442,-0.282,0.597,0.195,0.912,-0.622,-0.79,0.232,-0.904,0.224,0.312,0.643,-0.579,0.22,0.101,0.854,0.424,0.079,0.527,0.675,0.51,0.91,0.576,0.801,-0.691,-0.022,0.459,0.883,-0.589,-0.096,-0.023,0.519,0.136,-0.759,0.638,0.021,0.658,0.78,0.828,0.771,0.649,0.913,0.066,-0.057,0.493,-0.492,0.688,-0.421
ADUS,-0.154,-0.116,0.115,0.118,0.0,0.042,-0.15,-0.009,-0.123,0.08,0.141,0.227,0.161,-0.18,-0.263,-0.261,0.033,-0.281,0.373,0.044,0.201,0.077,0.395,-0.115,0.102,-0.252,-0.234,-0.162,0.148,0.27,-0.1,0.345,0.097,0.257,0.077,-0.02,0.329,-0.028,-0.353,0.123,-0.159,0.04,-0.148,0.342,-0.106,0.472,0.326,-0.061,0.179,0.351,0.085,-0.045,-0.202,-0.079,-0.024,-0.07,-0.437,-0.086,0.003,0.425,-0.28,-0.123,0.035,0.271,0.08,0.178,0.134,0.05,0.289,-0.311,0.291,-0.317,-0.041,-0.171,-0.161,-0.162,-0.077,-0.151,0.035,-0.072,-0.04,0.041,0.054,0.182,0.358,0.177,0.265,-0.279,-0.314,-0.062,-0.103,0.251,0.018,0.374,-0.193,0.24,0.039,0.497,-0.298,0.282,-0.216,-0.169,0.025,-0.041,-0.267,-0.17,-0.255,0.24,0.041,0.23,0.139,0.516,0.273,0.177,-0.134,0.106,0.108,-0.187,-0.01,-0.323,-0.167,-0.348,-0.243,0.036,0.162,0.035,-0.023,-0.207,0.281,-0.183,0.14,-0.428,0.477,0.615,0.18,0.045,0.205,-0.225,-0.12,-0.202,-0.125,-0.014,0.149,-0.481,-0.006,0.063,-0.157,-0.053,0.032,0.124,0.195,-0.447,0.292,-0.194,0.159,-0.04,0.103,-0.063,0.145,0.104,-0.035,-0.286,0.008,-0.281,0.349,0.402,-0.275,0.004,0.19,-0.216,0.596,-0.068,-0.383,0.13,0.147,0.046,-0.232,-0.239,0.133,0.133,-0.041,0.326,0.238,-0.241,0.087,0.109,-0.106,-0.032,0.24,-0.193,0.017,-0.034,0.099,0.254,0.12,0.103,-0.295,0.29,-0.192,-0.267
ADVM,0.737,0.025,0.766,0.766,0.042,0.0,-0.109,-0.695,0.411,0.59,0.849,0.083,0.238,0.744,0.786,0.297,-0.633,0.274,-0.3,-0.261,0.759,0.812,-0.14,0.712,0.78,-0.017,-0.339,0.726,0.722,0.202,0.502,0.021,0.067,0.716,0.704,-0.005,0.581,0.735,0.603,0.836,-0.293,0.77,0.42,0.688,0.77,0.15,-0.012,0.741,-0.11,0.767,0.651,0.565,0.02,0.438,-0.708,-0.211,0.024,0.751,-0.352,0.54,0.705,-0.605,0.774,0.854,-0.664,-0.173,-0.654,0.71,0.244,-0.409,0.617,0.377,0.695,-0.39,0.154,0.117,0.748,0.228,0.823,0.041,0.678,0.75,0.728,0.286,0.672,-0.612,0.559,0.512,-0.1,0.824,0.695,0.07,0.452,0.142,-0.194,0.825,0.655,-0.54,0.069,-0.053,0.407,0.782,0.539,0.311,-0.121,0.186,0.783,0.744,0.521,0.683,0.22,-0.078,-0.01,0.642,-0.19,0.655,-0.416,0.438,-0.388,0.536,0.76,0.232,0.312,0.782,-0.197,0.692,0.402,0.694,0.585,0.721,0.735,0.291,-0.046,0.499,0.842,-0.714,-0.711,0.709,0.809,-0.115,0.713,0.657,0.692,0.287,0.674,-0.352,0.532,0.449,0.771,0.718,0.592,0.49,-0.563,0.148,0.756,0.353,0.861,-0.171,-0.724,0.262,-0.57,0.542,0.622,0.695,-0.404,0.45,0.305,0.828,0.609,0.387,0.497,0.723,0.66,0.686,0.602,0.645,-0.456,0.313,0.532,0.773,-0.179,0.052,0.383,0.774,0.407,-0.59,0.871,0.053,0.323,0.845,0.775,0.847,0.546,0.618,0.417,-0.183,0.713,-0.362,0.762,0.003
AEIS,-0.123,0.948,0.075,-0.531,-0.15,-0.109,0.0,0.675,0.659,0.106,-0.342,-0.366,0.444,-0.107,-0.166,0.481,0.711,0.499,0.614,0.852,0.099,-0.452,-0.047,-0.179,-0.51,0.874,0.892,-0.335,0.205,-0.492,0.286,-0.226,0.772,-0.143,-0.639,0.849,0.303,-0.143,-0.082,-0.358,0.928,-0.481,-0.134,-0.335,-0.109,-0.28,0.121,-0.318,0.495,-0.283,-0.228,0.091,0.806,0.039,0.624,0.846,0.76,-0.297,0.625,-0.27,0.154,0.73,-0.082,-0.161,0.604,0.35,0.565,-0.025,0.42,0.615,-0.308,0.417,-0.231,0.722,0.356,0.804,-0.234,0.773,-0.41,0.901,-0.103,-0.1,-0.142,0.21,-0.378,0.542,-0.266,0.386,0.903,-0.142,0.041,0.679,-0.039,0.041,0.741,-0.019,-0.08,-0.096,0.803,0.63,0.667,0.123,-0.045,0.786,0.932,0.379,0.028,-0.456,0.461,-0.014,-0.784,-0.115,0.345,-0.347,0.772,0.189,0.633,0.418,0.353,0.073,-0.259,0.654,0.802,-0.035,0.841,0.302,0.465,-0.271,-0.09,-0.275,-0.299,0.358,-0.249,-0.264,-0.386,0.626,0.5,0.177,-0.323,0.894,0.173,-0.127,-0.171,0.203,0.253,0.664,0.577,0.632,-0.038,-0.236,0.112,0.248,0.126,0.878,-0.032,0.177,-0.344,0.83,0.563,0.449,0.679,0.366,0.542,-0.239,0.634,0.41,-0.108,-0.328,0.374,0.254,-0.082,-0.081,-0.109,-0.634,-0.026,-0.525,0.794,0.725,0.067,-0.267,0.959,0.416,0.393,0.054,0.577,0.721,-0.051,0.319,-0.672,-0.117,-0.24,-0.082,-0.379,-0.615,0.654,0.476,-0.035,0.62,0.083,0.895
AGNCM,-0.706,0.575,-0.478,-0.869,-0.009,-0.695,0.675,0.0,0.082,-0.438,-0.826,-0.338,0.231,-0.69,-0.737,0.081,0.95,0.006,0.659,0.753,-0.445,-0.903,0.164,-0.732,-0.894,0.539,0.814,-0.861,-0.385,-0.391,-0.303,-0.196,0.51,-0.605,-0.946,0.475,-0.135,-0.706,-0.626,-0.854,0.814,-0.926,-0.466,-0.7,-0.731,-0.237,0.046,-0.832,0.494,-0.743,-0.7,-0.414,0.563,-0.494,0.912,0.682,0.335,-0.823,0.568,-0.538,-0.54,0.899,-0.546,-0.674,0.814,0.272,0.854,-0.521,0.199,0.599,-0.68,-0.18,-0.709,0.741,0.002,0.382,-0.777,0.305,-0.901,0.58,-0.624,-0.631,-0.646,-0.141,-0.661,0.873,-0.566,-0.263,0.629,-0.73,-0.566,0.437,-0.446,-0.094,0.523,-0.595,-0.58,0.316,0.453,0.472,0.069,-0.53,-0.534,0.274,0.616,-0.029,-0.642,-0.835,-0.076,-0.585,-0.693,0.054,0.199,-0.739,0.568,-0.421,0.794,-0.165,0.378,-0.487,-0.811,0.181,0.25,-0.628,0.688,-0.334,-0.126,-0.784,-0.46,-0.803,-0.786,-0.112,-0.155,-0.406,-0.852,0.94,0.847,-0.512,-0.855,0.593,-0.493,-0.622,-0.682,-0.227,-0.295,0.676,0.003,0.108,-0.626,-0.749,-0.352,-0.369,0.418,0.393,-0.591,-0.175,-0.846,0.64,0.895,-0.008,0.873,-0.28,-0.143,-0.77,0.811,0.047,-0.38,-0.858,-0.202,-0.225,-0.27,-0.679,-0.663,-0.911,-0.492,-0.867,0.784,0.228,-0.247,-0.75,0.707,0.239,0.058,-0.49,0.142,0.887,-0.689,0.13,-0.76,-0.733,-0.78,-0.738,-0.535,-0.824,0.154,0.303,-0.572,0.716,-0.584,0.532
AHCO,0.456,0.767,0.517,0.035,-0.123,0.411,0.659,0.082,0.0,0.653,0.305,0.034,0.535,0.362,0.331,0.337,0.053,0.76,0.32,0.568,0.502,0.19,-0.269,0.414,0.118,0.769,0.457,0.264,0.677,-0.383,0.545,0.006,0.742,0.456,-0.045,0.767,0.575,0.493,0.362,0.238,0.461,0.152,0.152,0.298,0.521,-0.096,0.387,0.332,0.221,0.316,0.456,0.471,0.516,0.57,-0.012,0.566,0.613,0.342,0.314,0.295,0.684,0.115,0.217,0.423,0.148,0.469,0.171,0.569,0.407,0.15,0.32,0.634,0.395,0.332,0.642,0.731,0.435,0.856,0.219,0.689,0.442,0.509,0.474,0.612,0.123,-0.059,0.244,0.816,0.621,0.535,0.56,0.648,0.515,0.411,0.497,0.539,0.548,-0.352,0.497,0.411,0.788,0.57,0.552,0.872,0.654,0.587,0.549,0.175,0.816,0.515,-0.419,-0.035,0.526,0.23,0.587,0.67,0.134,0.84,0.332,0.491,0.336,0.755,0.863,0.559,0.637,0.65,0.798,0.265,0.451,0.304,0.335,0.438,-0.032,0.092,0.27,0.059,0.036,0.685,0.242,0.668,0.742,0.486,0.452,0.309,0.63,0.399,0.798,0.783,0.608,0.346,0.609,0.644,0.01,0.791,0.592,0.306,0.316,0.623,0.043,0.654,0.218,0.697,0.852,0.216,0.262,0.647,0.057,0.34,0.754,0.552,0.288,0.56,0.303,-0.009,0.595,0.123,0.386,0.697,0.264,0.333,0.636,0.637,0.546,0.39,0.653,0.292,0.509,0.507,-0.222,0.423,0.361,0.55,-0.127,-0.006,0.801,0.386,0.296,0.304,0.58,0.665
ALGT,0.718,0.238,0.628,0.479,0.08,0.59,0.106,-0.438,0.653,0.0,0.641,0.425,0.181,0.56,0.529,0.131,-0.459,0.582,0.065,0.125,0.679,0.634,-0.099,0.728,0.531,0.223,-0.131,0.645,0.745,-0.16,0.541,0.393,0.283,0.664,0.5,0.322,0.562,0.758,0.618,0.63,-0.163,0.622,0.297,0.732,0.775,0.211,0.549,0.697,-0.055,0.686,0.798,0.516,-0.073,0.713,-0.474,0.061,0.179,0.702,-0.003,0.679,0.763,-0.413,0.439,0.706,-0.292,0.341,-0.201,0.791,0.07,-0.243,0.742,0.533,0.689,-0.176,0.574,0.38,0.749,0.395,0.615,0.131,0.666,0.761,0.753,0.734,0.487,-0.448,0.609,0.755,0.058,0.792,0.778,0.334,0.757,0.624,0.045,0.769,0.79,-0.287,-0.019,0.208,0.454,0.608,0.829,0.497,0.07,0.51,0.685,0.578,0.634,0.692,0.133,0.128,0.56,0.669,0.174,0.814,-0.361,0.837,0.169,0.616,0.675,0.444,0.457,0.738,0.144,0.659,0.774,0.497,0.646,0.69,0.722,0.244,0.282,0.478,0.643,-0.414,-0.305,0.738,0.533,0.119,0.811,0.749,0.761,0.247,0.481,0.001,0.505,0.423,0.762,0.671,0.803,0.694,-0.02,0.271,0.794,0.194,0.652,0.199,-0.387,0.605,-0.244,0.655,0.723,0.486,-0.185,0.544,0.155,0.713,0.693,0.507,0.375,0.866,0.483,0.545,0.787,0.63,-0.105,0.322,0.17,0.682,0.101,0.607,0.291,0.442,0.378,-0.188,0.673,0.456,0.417,0.648,0.708,0.804,0.163,0.494,0.537,0.366,0.424,-0.172,0.656,0.112
ALLO,0.8,-0.187,0.775,0.856,0.141,0.849,-0.342,-0.826,0.305,0.641,0.0,0.246,0.107,0.681,0.799,0.179,-0.803,0.332,-0.399,-0.458,0.685,0.917,-0.17,0.755,0.939,-0.171,-0.543,0.819,0.749,0.352,0.474,0.164,-0.025,0.819,0.831,-0.103,0.417,0.808,0.617,0.945,-0.507,0.894,0.467,0.841,0.857,0.229,0.084,0.833,-0.207,0.911,0.818,0.557,-0.175,0.593,-0.851,-0.388,-0.184,0.822,-0.435,0.706,0.723,-0.776,0.609,0.875,-0.665,-0.049,-0.721,0.737,0.188,-0.613,0.833,0.351,0.74,-0.508,0.132,-0.109,0.82,0.158,0.883,-0.195,0.692,0.829,0.843,0.352,0.726,-0.759,0.659,0.499,-0.325,0.873,0.72,0.026,0.535,0.255,-0.385,0.817,0.732,-0.323,-0.224,-0.115,0.312,0.791,0.717,0.165,-0.3,0.186,0.759,0.889,0.472,0.774,0.507,0.052,0.022,0.745,-0.295,0.731,-0.576,0.446,-0.335,0.596,0.869,0.192,0.118,0.873,-0.262,0.608,0.426,0.787,0.747,0.779,0.877,0.171,0.096,0.556,0.958,-0.824,-0.754,0.745,0.848,-0.276,0.743,0.728,0.761,0.257,0.589,-0.388,0.414,0.318,0.887,0.875,0.68,0.473,-0.394,-0.039,0.815,0.431,0.957,-0.31,-0.784,0.257,-0.696,0.422,0.544,0.727,-0.521,0.405,0.259,0.926,0.525,0.296,0.499,0.795,0.615,0.833,0.756,0.831,-0.624,0.107,0.553,0.909,-0.386,0.075,0.191,0.625,0.319,-0.662,0.866,0.023,0.592,0.818,0.897,0.88,0.569,0.815,0.259,-0.144,0.606,-0.453,0.806,-0.169
AMSF,0.304,-0.345,-0.046,0.182,0.227,0.083,-0.366,-0.338,0.034,0.425,0.246,0.0,-0.118,0.197,0.15,-0.532,-0.358,-0.09,-0.08,-0.175,-0.004,0.331,0.184,0.393,0.243,-0.253,-0.514,0.329,0.028,-0.222,-0.009,0.592,-0.305,0.233,0.351,-0.273,0.054,0.401,0.224,0.176,-0.504,0.413,0.305,0.482,0.327,0.32,0.502,0.413,-0.313,0.272,0.52,-0.05,-0.573,0.449,-0.286,-0.45,-0.21,0.459,-0.015,0.425,0.1,-0.414,0.073,0.286,-0.231,0.094,-0.102,0.33,-0.44,-0.175,0.435,-0.107,0.545,-0.322,0.444,-0.048,0.447,-0.248,0.327,-0.425,0.448,0.173,0.184,0.366,0.296,-0.302,0.352,0.25,-0.509,0.301,0.276,-0.318,0.586,0.449,-0.086,0.271,0.473,0.196,-0.509,-0.242,-0.374,-0.107,0.487,-0.251,-0.459,0.299,0.203,0.346,-0.111,0.344,0.308,0.147,0.489,0.285,-0.006,0.182,-0.611,0.162,0.352,0.199,0.29,-0.191,-0.237,0.107,-0.282,-0.115,0.088,0.152,0.127,0.413,0.428,-0.024,0.573,0.231,0.248,-0.241,0.06,0.089,0.167,-0.363,0.248,0.506,0.473,0.009,-0.155,-0.333,-0.342,-0.325,0.234,0.328,0.169,0.241,0.298,-0.36,0.293,-0.301,0.216,-0.058,-0.205,-0.055,-0.183,0.081,-0.06,0.081,-0.219,-0.028,0.179,0.261,0.028,0.338,0.17,0.393,0.119,0.413,0.312,0.483,-0.397,-0.485,-0.448,0.152,-0.271,0.293,0.08,-0.114,-0.389,-0.235,0.166,0.203,0.391,0.086,0.166,0.219,-0.124,0.331,-0.175,-0.142,-0.009,-0.319,-0.076,-0.443
ANAB,-0.076,0.541,0.429,-0.003,0.161,0.238,0.444,0.231,0.535,0.181,0.107,-0.118,0.0,0.076,-0.108,0.104,0.24,0.305,0.496,0.488,0.288,0.034,-0.184,0.018,0.049,0.464,0.313,-0.135,0.421,0.056,0.237,0.006,0.572,0.425,-0.178,0.482,0.481,0.177,-0.182,0.094,0.346,-0.13,-0.126,0.164,0.108,0.223,0.28,-0.02,0.165,0.209,0.135,0.418,0.394,-0.023,0.11,0.482,0.147,-0.012,0.203,0.292,0.175,0.101,-0.076,0.334,0.209,0.533,0.238,0.351,0.602,-0.018,0.136,-0.006,0.164,0.255,0.256,0.501,0.081,0.551,0.033,0.543,0.187,0.254,0.222,0.457,0.075,0.146,0.228,0.199,0.425,0.079,0.052,0.578,0.243,0.362,0.162,0.257,0.289,-0.009,0.236,0.474,0.406,0.17,0.13,0.599,0.351,-0.042,0.069,0.117,0.583,0.346,-0.268,0.432,0.392,0.094,0.296,0.288,0.411,0.259,0.162,0.014,-0.147,0.248,0.44,0.149,0.574,0.441,0.228,-0.126,0.387,-0.079,-0.03,-0.117,0.173,0.342,0.158,0.192,0.143,0.149,-0.041,0.292,0.174,0.19,0.094,-0.205,0.541,0.563,0.52,0.541,0.336,0.029,0.428,0.04,0.085,0.512,0.347,0.138,0.142,0.303,0.306,0.441,0.2,0.117,0.492,-0.256,0.577,0.625,-0.189,0.034,0.522,0.193,0.587,0.173,-0.104,-0.045,0.289,-0.128,0.196,0.423,0.241,0.169,0.476,0.491,0.534,0.054,0.595,0.362,0.122,0.517,-0.314,0.052,0.064,0.202,0.063,0.009,0.612,0.182,-0.031,0.627,0.205,0.38
ANDE,0.767,-0.083,0.455,0.552,-0.18,0.744,-0.107,-0.69,0.362,0.56,0.681,0.197,0.076,0.0,0.8,0.131,-0.604,0.347,-0.503,-0.27,0.467,0.711,-0.3,0.894,0.661,-0.032,-0.379,0.851,0.521,0.005,0.656,0.221,-0.13,0.56,0.654,-0.056,0.481,0.819,0.798,0.673,-0.333,0.782,0.657,0.543,0.859,0.248,-0.007,0.825,-0.279,0.597,0.698,0.54,-0.078,0.556,-0.6,-0.242,0.329,0.89,-0.255,0.261,0.8,-0.487,0.654,0.63,-0.577,-0.153,-0.697,0.657,-0.113,-0.072,0.485,0.601,0.839,-0.245,0.467,0.221,0.85,0.194,0.785,-0.075,0.867,0.574,0.541,0.242,0.612,-0.734,0.33,0.641,-0.15,0.766,0.748,-0.161,0.604,0.033,0.125,0.607,0.73,-0.467,0.162,-0.251,0.288,0.659,0.557,0.127,-0.062,0.44,0.892,0.572,0.366,0.708,0.129,-0.328,0.07,0.594,-0.043,0.504,-0.552,0.471,-0.175,0.757,0.758,0.285,0.298,0.645,-0.291,0.488,0.46,0.824,0.274,0.885,0.695,0.562,-0.157,0.114,0.67,-0.613,-0.639,0.707,0.895,-0.09,0.774,0.822,0.793,0.575,0.57,-0.413,0.351,0.27,0.692,0.66,0.346,0.722,-0.467,0.174,0.69,0.393,0.671,-0.145,-0.715,0.222,-0.435,0.766,0.462,0.827,-0.596,0.081,0.755,0.759,0.368,0.731,0.131,0.745,0.914,0.606,0.45,0.598,-0.334,0.192,0.274,0.571,-0.161,-0.072,0.358,0.649,0.097,-0.604,0.826,-0.018,0.371,0.768,0.678,0.79,0.366,0.409,0.19,-0.219,0.846,-0.444,0.703,0.007
APLS,0.89,-0.118,0.557,0.62,-0.263,0.786,-0.166,-0.737,0.331,0.529,0.799,0.15,-0.108,0.8,0.0,0.327,-0.691,0.361,-0.595,-0.421,0.482,0.76,-0.208,0.782,0.728,-0.029,-0.382,0.9,0.553,0.054,0.55,-0.043,-0.113,0.486,0.681,-0.124,0.282,0.735,0.789,0.745,-0.316,0.838,0.701,0.579,0.871,-0.118,-0.137,0.807,-0.191,0.615,0.687,0.371,-0.055,0.576,-0.704,-0.369,0.206,0.829,-0.436,0.299,0.792,-0.562,0.695,0.602,-0.662,-0.317,-0.805,0.576,-0.103,-0.227,0.53,0.565,0.708,-0.316,0.259,0.056,0.788,0.194,0.81,-0.127,0.709,0.635,0.623,0.084,0.476,-0.708,0.315,0.676,-0.163,0.858,0.772,-0.188,0.421,-0.076,-0.095,0.685,0.621,-0.513,0.108,-0.248,0.364,0.812,0.601,0.112,-0.083,0.437,0.924,0.6,0.308,0.593,0.255,-0.454,-0.094,0.493,-0.103,0.578,-0.662,0.463,-0.365,0.765,0.92,0.392,0.276,0.759,-0.348,0.486,0.414,0.869,0.38,0.841,0.786,0.592,-0.256,0.072,0.705,-0.745,-0.758,0.806,0.866,-0.08,0.778,0.678,0.678,0.66,0.505,-0.532,0.415,0.33,0.743,0.75,0.401,0.688,-0.579,0.128,0.69,0.434,0.752,-0.124,-0.847,0.12,-0.552,0.636,0.483,0.902,-0.69,0.111,0.548,0.807,0.332,0.485,0.032,0.722,0.826,0.603,0.519,0.671,-0.441,0.199,0.389,0.655,-0.26,-0.154,0.198,0.825,0.168,-0.689,0.903,-0.156,0.38,0.856,0.751,0.798,0.414,0.484,0.152,-0.293,0.811,-0.668,0.788,0.034
APPF,0.205,0.452,0.385,0.054,-0.261,0.297,0.481,0.081,0.337,0.131,0.179,-0.532,0.104,0.131,0.327,0.0,0.168,0.541,0.042,0.134,0.321,0.029,-0.025,-0.022,0.096,0.41,0.45,0.092,0.427,-0.001,0.508,-0.368,0.379,0.085,-0.093,0.385,0.047,-0.032,0.292,0.172,0.511,0.02,0.177,-0.002,0.203,-0.424,-0.358,-0.036,0.429,0.092,0.003,0.204,0.652,0.085,0.089,0.3,0.393,-0.031,0.168,-0.097,0.37,0.254,0.268,0.12,0.113,-0.057,-0.142,-0.017,0.424,0.245,0.022,0.505,-0.119,0.322,-0.102,0.243,-0.067,0.532,0.015,0.485,-0.058,0.133,0.139,-0.111,-0.049,0.037,-0.132,0.287,0.496,0.139,0.293,0.381,-0.239,-0.346,0.143,0.207,-0.116,-0.309,0.565,0.274,0.691,0.57,0.014,0.473,0.578,0.203,0.326,-0.036,0.296,0.045,-0.214,-0.219,-0.211,-0.094,0.297,0.383,0.25,0.277,-0.238,0.362,0.232,0.558,0.519,0.297,0.31,0.399,0.307,0.242,0.114,0.021,0.003,0.382,-0.526,-0.087,0.085,-0.004,-0.214,0.46,0.181,0.48,0.288,-0.079,-0.111,0.423,0.333,0.193,0.575,0.521,0.232,0.224,0.243,0.298,-0.376,0.504,0.094,0.599,0.133,0.272,-0.055,0.155,0.084,0.364,0.509,0.317,-0.012,0.255,0.054,0.09,0.192,0.01,-0.129,0.058,0.238,-0.171,0.059,-0.078,0.219,0.578,0.537,0.227,0.317,-0.167,-0.059,0.43,0.644,0.08,0.387,-0.165,-0.204,0.33,0.239,0.229,0.131,-0.186,0.341,0.209,0.302,0.049,0.51,0.657
ASML,-0.708,0.566,-0.481,-0.864,0.033,-0.633,0.711,0.95,0.053,-0.459,-0.803,-0.358,0.24,-0.604,-0.691,0.168,0.0,-0.022,0.655,0.718,-0.457,-0.883,0.23,-0.715,-0.861,0.517,0.794,-0.824,-0.38,-0.401,-0.171,-0.132,0.432,-0.59,-0.928,0.467,-0.139,-0.712,-0.558,-0.82,0.833,-0.888,-0.344,-0.683,-0.698,-0.219,-0.042,-0.824,0.509,-0.722,-0.686,-0.403,0.599,-0.47,0.951,0.632,0.381,-0.79,0.638,-0.575,-0.52,0.926,-0.477,-0.618,0.832,0.204,0.784,-0.571,0.202,0.71,-0.67,-0.122,-0.684,0.78,0.0,0.379,-0.78,0.304,-0.866,0.585,-0.575,-0.697,-0.713,-0.211,-0.617,0.858,-0.611,-0.271,0.587,-0.755,-0.535,0.388,-0.47,-0.2,0.585,-0.569,-0.604,0.354,0.517,0.456,0.071,-0.495,-0.578,0.239,0.637,0.005,-0.586,-0.819,-0.13,-0.53,-0.714,0.014,0.151,-0.745,0.62,-0.393,0.764,-0.23,0.372,-0.421,-0.793,0.139,0.275,-0.662,0.657,-0.345,-0.134,-0.725,-0.535,-0.77,-0.791,-0.028,-0.178,-0.402,-0.831,0.946,0.837,-0.499,-0.78,0.574,-0.488,-0.612,-0.661,-0.124,-0.299,0.618,-0.04,0.081,-0.627,-0.687,-0.4,-0.329,0.358,0.409,-0.596,-0.089,-0.832,0.634,0.884,-0.058,0.868,-0.227,-0.12,-0.697,0.773,0.006,-0.263,-0.873,-0.233,-0.161,-0.268,-0.691,-0.579,-0.911,-0.561,-0.864,0.729,0.204,-0.245,-0.758,0.726,0.141,0.071,-0.469,0.149,0.851,-0.62,0.052,-0.755,-0.718,-0.786,-0.715,-0.543,-0.874,0.133,0.27,-0.497,0.703,-0.564,0.569
ATRC,0.466,0.574,0.441,0.08,-0.281,0.274,0.499,0.006,0.76,0.582,0.332,-0.09,0.305,0.347,0.361,0.541,-0.022,0.0,0.127,0.311,0.313,0.232,-0.31,0.371,0.239,0.664,0.414,0.332,0.682,-0.256,0.656,0.041,0.577,0.467,-0.018,0.667,0.226,0.414,0.486,0.274,0.359,0.186,0.283,0.317,0.546,-0.115,0.233,0.332,0.136,0.315,0.477,0.445,0.46,0.554,-0.056,0.403,0.514,0.334,0.285,0.213,0.697,0.096,0.088,0.321,0.171,0.448,0.019,0.471,0.297,0.115,0.406,0.706,0.324,0.345,0.527,0.528,0.364,0.791,0.176,0.463,0.349,0.445,0.435,0.512,0.054,-0.219,0.177,0.726,0.5,0.447,0.514,0.515,0.445,0.256,0.32,0.396,0.443,-0.265,0.36,0.283,0.777,0.619,0.566,0.682,0.607,0.526,0.552,0.175,0.657,0.432,-0.171,-0.092,0.374,0.176,0.527,0.714,0.049,0.792,0.273,0.644,0.418,0.837,0.716,0.519,0.535,0.512,0.759,0.359,0.429,0.352,0.299,0.486,-0.157,0.001,0.273,-0.028,-0.109,0.698,0.3,0.522,0.707,0.441,0.311,0.461,0.466,0.353,0.689,0.668,0.603,0.448,0.589,0.64,0.011,0.639,0.489,0.585,0.308,0.468,-0.05,0.488,0.155,0.617,0.752,0.341,0.036,0.462,0.119,0.329,0.486,0.439,0.033,0.527,0.348,0.05,0.594,0.196,0.282,0.573,0.339,0.408,0.418,0.397,0.097,0.281,0.628,0.222,0.535,0.357,-0.059,0.443,0.422,0.524,-0.086,0.013,0.503,0.36,0.303,0.155,0.649,0.643
AVGO,-0.455,0.619,0.003,-0.429,0.373,-0.3,0.614,0.659,0.32,0.065,-0.399,-0.08,0.496,-0.503,-0.595,0.042,0.655,0.127,0.0,0.744,0.026,-0.403,0.32,-0.429,-0.473,0.43,0.576,-0.576,0.035,-0.213,0.001,0.128,0.561,-0.02,-0.54,0.604,0.201,-0.327,-0.488,-0.363,0.585,-0.55,-0.429,-0.185,-0.409,0.081,0.542,-0.471,0.393,-0.136,-0.248,-0.031,0.315,-0.125,0.611,0.666,0.078,-0.498,0.601,0.124,-0.308,0.524,-0.28,-0.067,0.668,0.651,0.791,-0.104,0.413,0.215,-0.089,-0.178,-0.382,0.416,0.107,0.446,-0.426,0.324,-0.457,0.561,-0.336,-0.124,-0.117,0.434,-0.267,0.696,0.09,-0.079,0.507,-0.375,-0.295,0.656,-0.043,0.46,0.268,-0.095,-0.162,0.402,0.145,0.782,0.228,-0.333,-0.109,0.512,0.455,-0.027,-0.432,-0.272,0.24,-0.095,-0.357,0.56,0.482,-0.21,0.462,0.104,0.643,0.156,0.469,-0.386,-0.54,0.125,0.271,-0.249,0.756,0.149,0.195,-0.657,0.106,-0.529,-0.354,-0.282,0.428,0.278,-0.336,0.636,0.697,-0.258,-0.621,0.452,-0.214,-0.273,-0.265,-0.455,-0.058,0.779,0.149,0.23,-0.209,-0.272,0.224,-0.26,0.581,0.381,-0.147,-0.231,-0.342,0.512,0.789,0.351,0.551,-0.152,0.279,-0.698,0.841,0.559,-0.625,-0.419,0.333,-0.166,0.32,-0.214,-0.623,-0.463,0.002,-0.398,0.553,0.278,-0.144,-0.194,0.685,0.639,0.205,-0.409,0.355,0.787,-0.405,0.514,-0.336,-0.393,-0.325,-0.282,-0.427,-0.322,0.522,0.578,-0.533,0.73,-0.281,0.374
AVT,-0.284,0.831,-0.085,-0.628,0.044,-0.261,0.852,0.753,0.568,0.125,-0.458,-0.175,0.488,-0.27,-0.421,0.134,0.718,0.311,0.744,0.0,0.045,-0.532,0.11,-0.246,-0.631,0.761,0.789,-0.493,0.077,-0.508,0.01,-0.04,0.768,-0.202,-0.684,0.725,0.359,-0.194,-0.282,-0.496,0.782,-0.583,-0.304,-0.307,-0.278,-0.08,0.409,-0.408,0.439,-0.341,-0.237,-0.075,0.599,-0.132,0.66,0.832,0.528,-0.398,0.534,-0.165,-0.077,0.675,-0.2,-0.201,0.6,0.455,0.746,0.038,0.318,0.506,-0.31,0.128,-0.277,0.685,0.436,0.769,-0.284,0.623,-0.502,0.777,-0.152,-0.136,-0.177,0.315,-0.345,0.677,-0.197,0.224,0.743,-0.223,-0.097,0.721,0.04,0.313,0.668,-0.084,-0.032,0.018,0.564,0.662,0.359,-0.174,-0.068,0.68,0.714,0.258,-0.21,-0.492,0.414,-0.119,-0.773,0.138,0.593,-0.347,0.694,0.037,0.649,0.364,0.386,-0.123,-0.469,0.478,0.636,-0.188,0.83,0.135,0.321,-0.53,-0.068,-0.391,-0.36,0.081,0.008,-0.11,-0.469,0.735,0.648,-0.078,-0.54,0.712,0.005,-0.134,-0.178,-0.125,0.098,0.715,0.413,0.516,-0.171,-0.39,0.157,0.059,0.344,0.682,-0.048,-0.11,-0.453,0.833,0.702,0.423,0.787,0.171,0.351,-0.522,0.806,0.46,-0.274,-0.412,0.348,0.163,0.056,-0.155,-0.355,-0.622,-0.033,-0.547,0.811,0.52,-0.144,-0.381,0.888,0.67,0.499,-0.172,0.416,0.805,-0.274,0.469,-0.595,-0.346,-0.375,-0.225,-0.381,-0.576,0.646,0.475,-0.282,0.737,-0.202,0.676
AXDX,0.554,0.277,0.851,0.672,0.201,0.759,0.099,-0.445,0.502,0.679,0.685,-0.004,0.288,0.467,0.482,0.321,-0.457,0.313,0.026,0.045,0.0,0.606,-0.204,0.529,0.556,0.129,-0.09,0.464,0.738,0.214,0.313,-0.07,0.36,0.629,0.544,0.261,0.701,0.628,0.348,0.719,-0.085,0.526,-0.043,0.56,0.579,0.157,0.154,0.528,0.086,0.704,0.476,0.639,0.117,0.398,-0.57,0.161,0.033,0.494,-0.174,0.671,0.621,-0.465,0.543,0.709,-0.47,0.081,-0.283,0.657,0.515,-0.46,0.521,0.337,0.469,-0.384,0.042,0.26,0.585,0.291,0.605,0.278,0.446,0.794,0.775,0.487,0.571,-0.355,0.619,0.461,0.172,0.703,0.568,0.443,0.366,0.38,-0.19,0.775,0.552,-0.484,0.123,0.233,0.539,0.685,0.52,0.583,0.037,0.071,0.515,0.634,0.72,0.607,0.095,0.204,0.153,0.674,-0.2,0.639,-0.057,0.557,-0.245,0.259,0.543,0.234,0.363,0.796,0.088,0.858,0.528,0.413,0.723,0.464,0.601,-0.018,0.095,0.629,0.713,-0.524,-0.496,0.627,0.516,0.131,0.607,0.446,0.559,-0.065,0.734,0.008,0.683,0.548,0.672,0.503,0.726,0.36,-0.359,0.295,0.683,0.179,0.724,-0.051,-0.445,0.638,-0.461,0.451,0.688,0.43,-0.082,0.628,-0.046,0.714,0.824,0.193,0.618,0.646,0.386,0.525,0.616,0.448,-0.14,0.506,0.571,0.731,0.038,0.35,0.437,0.639,0.584,-0.303,0.585,0.244,0.285,0.696,0.727,0.741,0.549,0.595,0.654,0.325,0.443,-0.043,0.703,0.083
AXSM,0.798,-0.305,0.705,0.883,0.077,0.812,-0.452,-0.903,0.19,0.634,0.917,0.331,0.034,0.711,0.76,0.029,-0.883,0.232,-0.403,-0.532,0.606,0.0,-0.164,0.795,0.938,-0.314,-0.662,0.88,0.63,0.366,0.441,0.227,-0.236,0.824,0.896,-0.215,0.34,0.841,0.63,0.945,-0.665,0.943,0.464,0.849,0.835,0.277,0.193,0.898,-0.445,0.9,0.821,0.57,-0.415,0.593,-0.898,-0.473,-0.261,0.87,-0.462,0.727,0.662,-0.872,0.607,0.856,-0.746,-0.041,-0.749,0.742,-0.007,-0.652,0.841,0.227,0.792,-0.648,0.166,-0.123,0.862,-0.05,0.941,-0.359,0.731,0.835,0.836,0.426,0.685,-0.811,0.759,0.448,-0.431,0.849,0.651,-0.175,0.636,0.352,-0.48,0.779,0.772,-0.3,-0.384,-0.179,0.174,0.654,0.726,0.033,-0.449,0.106,0.732,0.932,0.34,0.759,0.628,0.105,0.031,0.81,-0.415,0.674,-0.691,0.421,-0.308,0.568,0.868,0.051,-0.03,0.776,-0.41,0.58,0.357,0.736,0.713,0.847,0.893,0.145,0.271,0.589,0.943,-0.903,-0.787,0.655,0.845,-0.428,0.665,0.763,0.771,0.2,0.461,-0.449,0.252,0.143,0.82,0.873,0.647,0.458,-0.339,-0.162,0.788,0.258,0.955,-0.443,-0.811,0.234,-0.784,0.374,0.458,0.701,-0.614,0.31,0.245,0.945,0.481,0.309,0.461,0.847,0.626,0.929,0.735,0.911,-0.692,-0.023,0.342,0.904,-0.477,0.055,0.113,0.542,0.125,-0.729,0.799,0.127,0.703,0.829,0.887,0.88,0.497,0.872,0.153,-0.184,0.577,-0.548,0.718,-0.342
AZN,-0.215,-0.145,-0.31,-0.269,0.395,-0.14,-0.047,0.164,-0.269,-0.099,-0.17,0.184,-0.184,-0.3,-0.208,-0.025,0.23,-0.31,0.32,0.11,-0.204,-0.164,0.0,-0.288,-0.219,-0.231,-0.079,-0.267,-0.2,-0.181,-0.151,0.31,-0.097,-0.244,-0.152,-0.194,-0.125,-0.365,-0.144,-0.254,0.023,-0.135,0.134,-0.02,-0.309,-0.031,0.258,-0.271,0.288,-0.08,-0.107,-0.54,-0.117,-0.214,0.306,-0.178,-0.253,-0.267,0.051,-0.063,-0.473,0.18,0.221,-0.019,0.169,-0.089,0.159,-0.22,-0.223,0.122,0.028,-0.322,-0.328,0.123,-0.058,-0.145,-0.329,-0.207,-0.199,-0.15,-0.234,-0.287,-0.241,-0.137,-0.039,0.448,-0.04,-0.271,-0.257,-0.249,-0.134,-0.008,-0.221,0.016,-0.009,-0.105,-0.25,0.306,-0.199,0.226,-0.385,-0.378,-0.192,-0.231,-0.164,0.086,-0.272,-0.193,-0.374,-0.233,0.046,0.102,0.152,-0.307,0.17,-0.065,-0.065,-0.244,-0.109,-0.184,-0.226,-0.155,-0.195,-0.322,-0.017,-0.338,-0.28,-0.345,-0.221,-0.261,-0.12,-0.103,0.24,0.154,-0.226,0.248,0.273,-0.312,-0.321,-0.213,-0.286,-0.203,-0.15,-0.155,-0.543,-0.117,-0.389,-0.216,-0.333,-0.02,-0.086,-0.289,0.272,-0.27,-0.237,-0.277,-0.251,0.168,0.231,-0.439,0.255,-0.258,-0.183,-0.343,0.162,0.068,-0.208,-0.267,-0.226,-0.284,-0.017,-0.298,-0.391,-0.19,-0.179,-0.036,-0.062,-0.281,-0.286,-0.221,0.015,0.085,-0.091,-0.22,-0.186,0.125,-0.179,-0.172,0.036,-0.292,-0.273,-0.33,-0.225,-0.182,-0.083,-0.167,-0.313,-0.069,-0.437,-0.118
BANR,0.841,-0.093,0.52,0.613,-0.115,0.712,-0.179,-0.732,0.414,0.728,0.755,0.393,0.018,0.894,0.782,-0.022,-0.715,0.371,-0.429,-0.246,0.529,0.795,-0.288,0.0,0.707,-0.039,-0.438,0.892,0.574,-0.015,0.544,0.308,-0.088,0.633,0.723,-0.019,0.519,0.937,0.788,0.742,-0.449,0.841,0.574,0.659,0.9,0.303,0.223,0.924,-0.382,0.692,0.819,0.549,-0.214,0.701,-0.709,-0.254,0.203,0.958,-0.28,0.473,0.816,-0.619,0.604,0.693,-0.626,-0.043,-0.617,0.822,-0.155,-0.274,0.646,0.545,0.908,-0.379,0.536,0.22,0.957,0.172,0.831,-0.136,0.911,0.74,0.721,0.463,0.606,-0.752,0.53,0.71,-0.21,0.88,0.779,-0.103,0.785,0.299,0.003,0.69,0.878,-0.386,-0.03,-0.188,0.262,0.634,0.758,0.169,-0.17,0.456,0.874,0.696,0.454,0.752,0.257,-0.165,0.215,0.726,-0.092,0.613,-0.639,0.61,-0.095,0.734,0.832,0.305,0.258,0.752,-0.268,0.524,0.553,0.77,0.476,0.954,0.826,0.438,0.063,0.237,0.747,-0.67,-0.608,0.743,0.849,-0.145,0.836,0.917,0.885,0.456,0.538,-0.381,0.353,0.256,0.764,0.726,0.536,0.749,-0.326,0.098,0.773,0.264,0.754,-0.12,-0.731,0.343,-0.492,0.705,0.516,0.763,-0.561,0.203,0.582,0.865,0.488,0.702,0.201,0.875,0.839,0.718,0.65,0.746,-0.354,0.134,0.204,0.68,-0.202,0.157,0.337,0.592,0.066,-0.584,0.803,0.185,0.523,0.777,0.787,0.843,0.338,0.573,0.264,-0.099,0.769,-0.469,0.704,-0.109
BBIO,0.704,-0.368,0.696,0.909,0.102,0.78,-0.51,-0.894,0.118,0.531,0.939,0.243,0.049,0.661,0.728,0.096,-0.861,0.239,-0.473,-0.631,0.556,0.938,-0.219,0.707,0.0,-0.345,-0.655,0.817,0.627,0.482,0.465,0.216,-0.234,0.82,0.885,-0.259,0.277,0.745,0.571,0.944,-0.659,0.898,0.457,0.816,0.801,0.29,0.016,0.823,-0.349,0.881,0.771,0.571,-0.341,0.525,-0.889,-0.509,-0.315,0.803,-0.478,0.68,0.638,-0.844,0.503,0.812,-0.697,-0.053,-0.774,0.649,0.111,-0.67,0.819,0.24,0.73,-0.615,0.015,-0.256,0.768,-0.023,0.889,-0.377,0.64,0.746,0.772,0.303,0.722,-0.848,0.67,0.334,-0.465,0.773,0.601,-0.144,0.501,0.212,-0.535,0.693,0.665,-0.235,-0.387,-0.241,0.167,0.681,0.622,-0.019,-0.443,0.025,0.687,0.894,0.324,0.707,0.677,0.118,-0.097,0.791,-0.453,0.629,-0.61,0.293,-0.328,0.536,0.821,0.006,-0.08,0.759,-0.41,0.501,0.294,0.775,0.684,0.764,0.812,0.065,0.148,0.565,0.953,-0.882,-0.798,0.621,0.853,-0.451,0.613,0.68,0.688,0.187,0.504,-0.431,0.241,0.129,0.813,0.833,0.579,0.368,-0.385,-0.213,0.715,0.401,0.943,-0.522,-0.807,0.151,-0.792,0.315,0.382,0.709,-0.605,0.257,0.263,0.887,0.364,0.225,0.468,0.742,0.605,0.907,0.67,0.856,-0.73,-0.066,0.492,0.904,-0.561,-0.071,0.014,0.511,0.19,-0.745,0.778,-0.002,0.686,0.786,0.867,0.825,0.581,0.868,0.058,-0.191,0.571,-0.509,0.746,-0.337
BCYC,0.044,0.901,0.139,-0.414,-0.252,-0.017,0.874,0.539,0.769,0.223,-0.171,-0.253,0.464,-0.032,-0.029,0.41,0.517,0.664,0.43,0.761,0.129,-0.314,-0.231,-0.039,-0.345,0.0,0.816,-0.181,0.343,-0.51,0.273,-0.237,0.797,-0.008,-0.553,0.856,0.274,0.031,0.04,-0.245,0.794,-0.347,-0.066,-0.164,0.058,-0.279,0.127,-0.158,0.342,-0.2,-0.037,0.117,0.737,0.146,0.421,0.725,0.715,-0.137,0.488,-0.154,0.313,0.542,-0.123,-0.069,0.467,0.324,0.444,0.159,0.384,0.45,-0.161,0.454,-0.057,0.664,0.47,0.778,-0.041,0.841,-0.303,0.817,0.023,0.049,-0.005,0.306,-0.363,0.339,-0.193,0.537,0.818,0.057,0.159,0.658,0.149,0.125,0.651,0.119,0.111,-0.24,0.699,0.457,0.684,0.28,0.15,0.788,0.862,0.419,0.16,-0.311,0.576,0.067,-0.686,-0.16,0.429,-0.247,0.752,0.293,0.456,0.554,0.334,0.219,-0.091,0.78,0.844,0.095,0.792,0.296,0.53,-0.128,0.067,-0.115,-0.165,0.384,-0.277,-0.262,-0.246,0.468,0.353,0.307,-0.189,0.798,0.332,0.031,-0.074,0.29,0.337,0.562,0.663,0.709,0.143,-0.116,0.25,0.385,0.033,0.866,0.141,0.261,-0.183,0.82,0.39,0.478,0.586,0.378,0.589,-0.11,0.541,0.423,-0.063,-0.172,0.415,0.339,-0.052,0.094,-0.006,-0.472,0.198,-0.381,0.664,0.699,0.088,-0.147,0.828,0.482,0.383,0.114,0.618,0.641,0.107,0.412,-0.628,-0.022,-0.133,0.073,-0.309,-0.469,0.626,0.378,0.037,0.546,0.201,0.867
BHFAP,-0.366,0.852,-0.127,-0.633,-0.234,-0.339,0.892,0.814,0.457,-0.131,-0.543,-0.514,0.313,-0.379,-0.382,0.45,0.794,0.414,0.576,0.789,-0.09,-0.662,-0.079,-0.438,-0.655,0.816,0.0,-0.558,0.004,-0.453,0.073,-0.361,0.722,-0.34,-0.794,0.762,0.051,-0.42,-0.265,-0.552,0.94,-0.712,-0.338,-0.55,-0.37,-0.384,-0.043,-0.553,0.532,-0.514,-0.475,-0.067,0.79,-0.193,0.728,0.846,0.631,-0.555,0.608,-0.419,-0.066,0.826,-0.316,-0.427,0.686,0.293,0.688,-0.259,0.414,0.59,-0.497,0.269,-0.489,0.727,0.115,0.615,-0.496,0.648,-0.643,0.819,-0.409,-0.303,-0.328,0.04,-0.553,0.645,-0.428,0.132,0.886,-0.383,-0.221,0.637,-0.279,-0.084,0.622,-0.286,-0.352,-0.038,0.72,0.51,0.544,-0.06,-0.28,0.647,0.9,0.157,-0.233,-0.651,0.312,-0.319,-0.745,-0.099,0.178,-0.52,0.675,-0.031,0.777,0.228,0.34,-0.138,-0.469,0.547,0.638,-0.237,0.796,0.074,0.263,-0.45,-0.221,-0.518,-0.551,0.173,-0.347,-0.385,-0.58,0.736,0.567,-0.053,-0.527,0.843,-0.074,-0.406,-0.464,0.054,0.073,0.701,0.44,0.489,-0.275,-0.472,-0.07,0.016,0.154,0.733,-0.316,0.117,-0.539,0.737,0.669,0.297,0.732,0.114,0.289,-0.398,0.677,0.241,-0.262,-0.541,0.138,0.009,-0.229,-0.338,-0.314,-0.776,-0.208,-0.693,0.852,0.638,0.045,-0.436,0.841,0.283,0.142,-0.124,0.485,0.794,-0.294,0.245,-0.757,-0.32,-0.427,-0.334,-0.416,-0.715,0.449,0.492,-0.217,0.663,-0.099,0.829
BKR,0.896,-0.263,0.538,0.717,-0.162,0.726,-0.335,-0.861,0.264,0.645,0.819,0.329,-0.135,0.851,0.9,0.092,-0.824,0.332,-0.576,-0.493,0.464,0.88,-0.267,0.892,0.817,-0.181,-0.558,0.0,0.542,0.114,0.56,0.2,-0.271,0.62,0.811,-0.183,0.266,0.846,0.82,0.824,-0.549,0.936,0.666,0.715,0.917,0.101,0.06,0.925,-0.416,0.717,0.81,0.466,-0.334,0.671,-0.807,-0.452,0.062,0.941,-0.421,0.462,0.804,-0.724,0.593,0.674,-0.703,-0.151,-0.802,0.67,-0.22,-0.352,0.693,0.505,0.833,-0.476,0.345,-0.017,0.904,0.046,0.907,-0.306,0.798,0.707,0.695,0.284,0.561,-0.849,0.5,0.637,-0.345,0.88,0.777,-0.275,0.625,0.165,-0.198,0.699,0.756,-0.395,-0.149,-0.312,0.226,0.709,0.715,0.003,-0.268,0.362,0.893,0.743,0.276,0.69,0.447,-0.256,0.03,0.706,-0.218,0.615,-0.774,0.493,-0.238,0.764,0.933,0.231,0.119,0.749,-0.435,0.479,0.459,0.879,0.464,0.944,0.862,0.446,0.02,0.223,0.8,-0.829,-0.776,0.747,0.911,-0.268,0.773,0.8,0.794,0.55,0.434,-0.537,0.255,0.147,0.775,0.815,0.477,0.702,-0.426,-0.026,0.745,0.351,0.823,-0.281,-0.861,0.224,-0.663,0.6,0.432,0.894,-0.744,0.08,0.54,0.888,0.351,0.546,0.125,0.853,0.827,0.783,0.611,0.833,-0.54,0.03,0.228,0.746,-0.386,-0.049,0.123,0.639,0.017,-0.728,0.858,0.007,0.624,0.842,0.823,0.865,0.377,0.642,0.065,-0.19,0.745,-0.678,0.756,-0.178
BLDP,0.7,0.364,0.824,0.542,0.148,0.722,0.205,-0.385,0.677,0.745,0.749,0.028,0.421,0.521,0.553,0.427,-0.38,0.682,0.035,0.077,0.738,0.63,-0.2,0.574,0.627,0.343,0.004,0.542,0.0,0.12,0.583,0.036,0.51,0.818,0.389,0.466,0.573,0.671,0.472,0.713,0.017,0.57,0.264,0.731,0.737,0.115,0.242,0.588,0.085,0.756,0.684,0.615,0.247,0.535,-0.476,0.171,0.184,0.583,-0.074,0.618,0.761,-0.343,0.448,0.755,-0.242,0.303,-0.303,0.744,0.484,-0.361,0.719,0.53,0.569,-0.082,0.322,0.333,0.622,0.618,0.57,0.32,0.545,0.786,0.763,0.57,0.457,-0.42,0.535,0.656,0.205,0.74,0.674,0.517,0.536,0.407,-0.013,0.827,0.665,-0.367,0.159,0.289,0.708,0.837,0.706,0.646,0.233,0.325,0.665,0.615,0.783,0.758,0.088,0.112,0.306,0.544,0.133,0.869,-0.122,0.692,-0.075,0.576,0.649,0.569,0.538,0.844,0.337,0.781,0.687,0.561,0.794,0.537,0.669,0.243,0.033,0.505,0.728,-0.421,-0.439,0.812,0.582,0.219,0.789,0.622,0.611,0.24,0.704,0.086,0.755,0.721,0.871,0.73,0.832,0.512,-0.23,0.45,0.823,0.622,0.738,0.167,-0.389,0.552,-0.26,0.541,0.868,0.492,-0.057,0.735,0.068,0.703,0.758,0.379,0.524,0.729,0.424,0.464,0.843,0.493,-0.136,0.54,0.615,0.772,0.162,0.431,0.328,0.529,0.723,-0.129,0.774,0.281,0.208,0.69,0.742,0.813,0.354,0.487,0.64,0.208,0.454,0.058,0.814,0.342
BLFS,0.006,-0.412,0.357,0.528,0.27,0.202,-0.492,-0.391,-0.383,-0.16,0.352,-0.222,0.056,0.005,0.054,-0.001,-0.401,-0.256,-0.213,-0.508,0.214,0.366,-0.181,-0.015,0.482,-0.51,-0.453,0.114,0.12,0.0,-0.076,-0.185,-0.229,0.35,0.412,-0.373,-0.042,0.075,-0.208,0.453,-0.435,0.27,-0.175,0.259,0.056,0.287,-0.214,0.151,-0.145,0.408,0.067,0.305,-0.252,-0.168,-0.45,-0.319,-0.593,0.065,-0.452,0.336,-0.068,-0.465,0.003,0.272,-0.306,-0.024,-0.395,0.049,0.331,-0.624,0.23,-0.316,0.031,-0.49,-0.541,-0.493,0.053,-0.298,0.306,-0.349,-0.075,0.239,0.268,-0.11,0.272,-0.296,0.292,-0.382,-0.342,0.049,-0.083,-0.114,-0.149,-0.016,-0.697,0.133,0.008,0.123,-0.418,-0.075,-0.104,0.153,-0.024,-0.208,-0.455,-0.558,-0.096,0.423,-0.009,0.172,0.562,0.395,-0.355,0.368,-0.696,0.018,-0.026,-0.336,-0.427,-0.149,0.133,-0.401,-0.468,0.201,-0.293,0.186,-0.28,0.183,0.392,0.027,0.179,-0.439,0.114,0.456,0.425,-0.449,-0.439,-0.033,0.206,-0.442,-0.157,-0.042,0.008,-0.362,0.193,-0.113,-0.04,-0.115,0.2,0.202,0.148,-0.386,-0.159,-0.369,0.137,0.197,0.386,-0.675,-0.289,-0.024,-0.562,-0.351,-0.107,0.073,-0.181,0.085,-0.192,0.281,0.01,-0.393,0.417,0.022,-0.056,0.453,0.107,0.237,-0.521,-0.203,0.454,0.413,-0.484,-0.287,-0.159,0.04,0.1,-0.382,0.027,-0.183,0.378,0.17,0.316,0.165,0.599,0.56,-0.159,-0.134,-0.008,-0.074,0.187,-0.393
BLKB,0.508,0.273,0.433,0.287,-0.1,0.502,0.286,-0.303,0.545,0.541,0.474,-0.009,0.237,0.656,0.55,0.508,-0.171,0.656,0.001,0.01,0.313,0.441,-0.151,0.544,0.465,0.273,0.073,0.56,0.583,-0.076,0.0,0.251,0.158,0.558,0.292,0.358,0.319,0.487,0.643,0.483,0.119,0.455,0.595,0.416,0.679,0.083,0.089,0.492,0.078,0.505,0.588,0.52,0.234,0.59,-0.158,0.113,0.443,0.548,0.224,0.211,0.716,-0.055,0.388,0.533,0.005,0.263,-0.302,0.401,0.167,0.212,0.466,0.743,0.506,0.163,0.433,0.364,0.473,0.522,0.486,0.261,0.529,0.392,0.399,0.349,0.349,-0.4,0.218,0.616,0.181,0.484,0.652,0.202,0.412,0.049,0.288,0.459,0.469,-0.132,0.311,0.138,0.598,0.618,0.451,0.397,0.389,0.525,0.73,0.341,0.432,0.602,-0.004,-0.1,0.155,0.368,0.366,0.678,-0.169,0.561,0.159,0.745,0.525,0.5,0.531,0.499,0.191,0.503,0.649,0.591,0.277,0.54,0.447,0.583,-0.112,0.093,0.459,-0.214,-0.262,0.677,0.597,0.286,0.687,0.567,0.53,0.595,0.489,0.087,0.443,0.395,0.612,0.635,0.425,0.653,-0.138,0.435,0.503,0.593,0.457,0.151,-0.24,0.319,-0.096,0.743,0.655,0.58,-0.233,0.292,0.438,0.462,0.374,0.564,0.112,0.564,0.601,0.251,0.411,0.374,-0.009,0.364,0.324,0.507,0.227,0.06,0.136,0.383,0.4,-0.115,0.681,0.117,0.171,0.56,0.535,0.637,0.004,0.118,0.342,0.185,0.563,-0.072,0.704,0.423
