,ABAT,ACLS,ACMR,ADMA,ADUS,ADVM,AEIS,AGNCM,AHCO,ALGT,ALLO,AMSF,ANAB,ANDE,APLS,APPF,ASML,ATRC,AVGO,AVT,AXDX,AXSM,AZN,BANR,BBIO,BCYC,BHFAP,BKR,BLDP,BLFS,BLKB,BLMN,BNTX,BPMC,CALM,CAMT,CASH,CATY,CCEP,CDLX,CDNS,CENN,CENX,CGC,CHDN,CLBK,COKE,COLB,COO,CORT,CRMT,CRNX,CRTO,CRVL,CSCO,CSQ,CSWI,CVBF,CWST,CYCC,CZR,DLTR,DORM,ENTA,EQIX,ERIC,EVRG,EWBC,EXAS,EXLS,EXPI,EYE,FBNC,FBRX,FCNCA,FELE,FIBK,FLEX,FRGT,FRHC,FRME,FWONA,FWONK,GDEN,GIII,GILD,GLNG,GNTX,GOOGL,GRPN,HCSG,HIMX,HOPE,HST,HTLD,HUT,HWC,ICUI,IESC,INTC,INTU,IOVA,IPAR,IPGP,ISRG,JBSS,KALU,KPRX,KRNT,LAUR,LBRDA,LBTYK,LECO,LILAK,LITE,MANH,MDXG,MFIC,MGEE,MIDD,MLAB,MMSI,MNKD,MOMO,MRVL,NICE,NMFC,NUWE,NVCR,NWBI,OFIX,OFLX,OMCL,OPK,ORKA,ORLY,OTTR,PDD,PNTG,POOL,POWL,PPBI,PPC,PRAA,PRPL,PZZA,QTRX,QURE,RDFN,RDHL,REAL,REG,REYN,RGLD,RIOT,RUN,RYTM,SAIA,SBAC,SBRA,SCVL,SHOO,SLAB,SLDB,SMCI,SMTC,SRCE,SSP,SSRM,STBA,STRO,SVC,SYBT,TCBI,TCOM,TENX,TH,TMUS,TNDM,TTD,TTMI,UAL,ULH,ULTA,VCYT,VIRT,VKTX,VOD,VRDN,VREX,VRNT,VSAT,WB,WBD,WDC,WEN,WSFS,XXII,Z,ZBRA
ABAT,0.0,-0.332,0.297,0.773,0.115,0.55,0.512,0.146,0.215,0.618,-0.434,0.345,-0.67,-0.709,0.179,0.734,-0.454,0.419,0.4,0.799,0.531,0.486,-0.711,-0.408,0.732,-0.167,0.341,-0.369,0.031,-0.033,0.603,0.314,0.233,-0.332,-0.774,-0.122,0.15,-0.168,0.85,0.291,-0.732,-0.536,0.345,0.78,-0.258,-0.288,-0.137,-0.232,-0.82,0.309,0.844,-0.72,0.465,-0.285,-0.832,-0.41,-0.466,-0.534,-0.782,0.508,0.086,-0.768,0.585,-0.818,-0.454,0.061,-0.742,0.348,0.401,-0.392,0.241,-0.687,-0.062,0.2,-0.221,-0.332,-0.396,0.007,0.792,0.468,0.158,-0.796,-0.471,0.121,-0.479,-0.747,0.469,0.757,-0.711,0.591,0.434,0.797,-0.126,0.464,-0.144,-0.425,-0.309,-0.384,0.551,0.392,-0.81,0.462,0.623,0.402,-0.688,0.462,0.201,0.534,-0.044,-0.476,-0.716,-0.094,0.507,0.039,-0.66,0.111,-0.729,0.386,-0.553,0.66,0.709,-0.676,-0.679,0.293,-0.244,-0.412,0.392,-0.65,0.663,0.152,-0.51,0.498,-0.192,-0.126,0.385,-0.136,-0.256,0.15,0.57,0.107,0.524,-0.057,-0.75,-0.316,0.34,-0.459,0.503,0.733,0.706,-0.114,0.682,0.246,-0.276,0.61,-0.069,0.708,0.487,-0.401,-0.672,0.623,-0.748,0.561,-0.204,0.604,0.803,-0.47,-0.037,0.7,0.305,-0.109,-0.723,0.536,-0.473,-0.244,-0.639,0.548,0.067,0.516,-0.717,0.615,-0.051,0.407,0.034,-0.57,0.523,0.274,0.41,-0.53,0.237,0.27,-0.601,0.052,0.549,0.463,0.656,-0.569,-0.096,-0.21,0.527,-0.56
ACLS,-0.332,0.0,-0.193,-0.337,0.454,0.166,-0.642,0.17,0.737,-0.105,0.318,0.183,0.342,0.63,-0.466,-0.605,0.734,-0.574,-0.063,-0.13,-0.467,-0.61,0.14,0.826,-0.293,-0.032,0.201,0.447,0.081,0.313,-0.257,0.223,0.536,0.84,0.282,0.433,0.098,0.819,-0.391,-0.746,0.711,0.458,-0.751,-0.313,0.782,0.744,0.012,0.703,0.234,0.143,-0.367,0.434,-0.339,0.755,0.548,0.787,0.85,0.727,0.542,0.011,0.44,0.52,-0.439,0.695,0.081,0.189,0.638,0.592,-0.503,0.669,0.716,0.585,0.756,-0.567,0.863,0.776,0.78,0.453,-0.148,0.281,0.517,0.595,0.717,0.636,0.197,0.343,-0.271,-0.672,0.675,-0.624,0.107,-0.112,0.756,0.029,-0.182,0.831,0.627,-0.346,-0.41,0.247,0.669,0.193,-0.11,-0.662,0.643,-0.509,0.232,-0.668,-0.078,0.759,0.729,0.647,0.255,0.356,-0.006,0.081,0.395,-0.052,0.664,-0.255,-0.658,0.209,0.169,-0.091,0.248,-0.026,0.092,0.418,-0.53,0.271,0.529,-0.174,0.861,0.529,-0.34,0.061,0.69,0.045,-0.497,0.433,-0.721,0.756,0.384,0.662,-0.099,0.555,-0.28,0.036,-0.41,0.813,-0.519,0.448,0.223,-0.754,0.696,-0.492,-0.778,0.73,0.419,-0.696,0.565,-0.458,0.727,-0.282,-0.042,0.83,0.759,-0.31,-0.237,0.506,0.754,0.236,0.764,0.58,0.049,-0.244,0.313,-0.421,0.349,-0.197,0.22,-0.021,-0.499,0.804,0.124,0.314,-0.21,0.82,-0.464,0.61,0.511,0.598,-0.196,-0.104,0.017,-0.077,0.608,0.765,-0.444,0.82
ACMR,0.297,-0.193,0.0,0.552,0.051,0.492,0.724,0.309,-0.293,0.24,0.318,-0.212,-0.309,-0.599,0.639,0.593,0.095,0.742,0.579,0.543,0.759,0.687,-0.675,-0.55,0.675,0.556,0.525,-0.07,0.563,0.66,0.719,0.178,0.291,-0.472,-0.486,0.601,0.004,-0.365,0.577,0.559,-0.201,0.379,0.548,0.629,0.064,-0.055,-0.683,-0.595,-0.563,0.709,0.234,-0.73,0.753,-0.293,-0.119,-0.27,-0.498,-0.7,-0.14,0.659,0.288,-0.371,0.571,-0.465,-0.181,0.638,-0.69,-0.094,0.779,-0.59,-0.116,-0.311,-0.469,0.774,-0.455,-0.147,-0.647,-0.006,0.455,0.481,-0.397,-0.154,-0.171,0.283,0.161,-0.773,0.611,0.614,-0.167,0.712,0.042,0.54,-0.482,0.373,0.39,-0.516,-0.535,0.197,0.825,0.654,-0.186,0.708,0.762,0.57,-0.364,0.353,-0.119,0.662,0.749,-0.557,-0.461,-0.495,-0.018,0.343,0.248,0.721,0.091,0.384,-0.722,0.811,0.631,0.166,-0.031,0.829,0.612,0.504,0.125,-0.405,0.64,-0.455,-0.178,-0.008,-0.087,-0.065,0.643,0.362,-0.551,0.746,0.801,-0.167,0.574,-0.313,-0.734,-0.356,0.275,-0.827,0.853,0.499,0.725,-0.062,0.713,0.035,-0.792,0.55,-0.004,0.754,0.478,-0.524,-0.69,0.643,-0.392,0.64,-0.076,0.697,0.534,-0.19,-0.372,0.691,0.397,-0.566,-0.324,0.307,-0.591,-0.292,0.155,0.719,0.567,0.465,-0.302,0.604,-0.183,0.403,0.399,-0.548,0.779,-0.064,0.643,-0.477,0.708,0.184,0.145,-0.413,0.829,0.329,0.699,-0.678,-0.548,-0.367,0.774,-0.305
ADMA,0.773,-0.337,0.552,0.0,0.063,0.715,0.722,0.14,0.061,0.751,-0.198,0.212,-0.601,-0.781,0.319,0.813,-0.265,0.586,0.731,0.833,0.732,0.637,-0.808,-0.431,0.805,0.255,0.416,-0.032,0.337,0.307,0.848,0.558,0.152,-0.476,-0.781,0.248,0.351,-0.188,0.928,0.522,-0.562,-0.146,0.617,0.887,-0.075,-0.138,-0.174,-0.315,-0.722,0.429,0.834,-0.714,0.742,-0.503,-0.564,-0.235,-0.533,-0.61,-0.614,0.724,0.41,-0.557,0.819,-0.747,-0.572,0.517,-0.843,0.351,0.654,-0.594,0.13,-0.64,-0.169,0.449,-0.309,-0.211,-0.577,0.157,0.766,0.65,0.108,-0.495,-0.203,0.321,-0.139,-0.81,0.775,0.829,-0.388,0.711,0.598,0.815,-0.178,0.698,0.11,-0.49,-0.275,-0.22,0.717,0.688,-0.604,0.635,0.749,0.57,-0.815,0.603,0.307,0.709,0.257,-0.432,-0.759,-0.173,0.513,0.267,-0.429,0.393,-0.402,0.688,-0.72,0.739,0.722,-0.507,-0.338,0.656,0.184,-0.034,0.621,-0.744,0.81,0.15,-0.405,0.342,-0.236,0.042,0.645,-0.114,-0.454,0.562,0.792,-0.067,0.757,-0.06,-0.763,-0.491,0.585,-0.653,0.711,0.798,0.881,-0.021,0.791,0.343,-0.424,0.792,0.062,0.866,0.679,-0.554,-0.85,0.818,-0.592,0.813,-0.274,0.831,0.767,-0.258,-0.114,0.799,0.518,-0.221,-0.572,0.642,-0.489,-0.126,-0.279,0.819,0.316,0.637,-0.771,0.773,-0.176,0.67,0.36,-0.537,0.652,0.272,0.671,-0.558,0.406,0.201,-0.221,0.062,0.796,0.541,0.754,-0.621,-0.161,-0.163,0.707,-0.45
ADUS,0.115,0.454,0.051,0.063,0.0,0.272,-0.315,0.378,0.419,-0.062,-0.116,0.244,0.051,0.172,-0.419,-0.124,0.451,-0.215,0.21,0.32,-0.042,-0.227,-0.134,0.279,-0.05,-0.316,0.416,0.142,-0.165,0.194,-0.057,0.284,0.614,0.392,-0.409,0.271,-0.198,0.316,0.043,-0.548,0.246,0.026,-0.226,-0.044,0.117,0.288,-0.254,0.315,-0.109,0.36,0.148,0.027,-0.012,0.584,0.035,0.315,0.299,0.14,0.161,0.125,0.076,0.005,-0.194,0.047,0.055,0.233,0.164,0.476,-0.284,0.529,0.573,0.068,0.393,-0.33,0.373,0.416,0.321,0.338,0.247,0.409,0.231,-0.092,0.084,0.249,-0.226,-0.007,-0.196,-0.129,0.095,-0.199,0.07,0.301,0.337,-0.083,-0.208,0.352,0.035,-0.67,0.013,0.348,0.128,0.2,0.159,-0.606,0.179,-0.063,0.117,-0.304,-0.237,0.365,0.345,0.624,0.394,-0.143,-0.462,0.115,-0.046,0.037,0.244,0.086,-0.207,-0.145,-0.335,0.07,0.148,-0.296,0.116,0.203,-0.229,0.048,-0.042,-0.301,0.516,0.182,-0.376,0.364,0.645,0.009,-0.117,0.48,-0.293,0.4,-0.051,0.192,-0.016,0.211,-0.024,0.285,-0.071,0.573,-0.164,-0.005,-0.139,-0.186,0.284,0.01,-0.466,0.504,0.143,-0.254,-0.052,-0.234,0.697,0.028,0.339,0.361,0.363,-0.138,0.227,0.13,0.13,0.06,0.307,-0.071,-0.552,-0.141,0.032,-0.128,-0.092,0.125,0.189,-0.16,-0.432,0.336,0.378,0.003,-0.161,0.354,-0.432,0.328,-0.038,0.169,0.058,-0.298,0.243,-0.323,0.217,0.179,-0.176,0.251
ADVM,0.55,0.166,0.492,0.715,0.272,0.0,0.414,0.033,0.354,0.72,0.119,0.388,-0.223,-0.38,0.183,0.423,0.119,0.287,0.552,0.778,0.521,0.273,-0.799,0.032,0.669,0.417,0.41,0.279,0.619,0.472,0.719,0.51,0.543,0.042,-0.483,0.504,0.51,0.273,0.707,0.183,-0.197,0.168,0.242,0.797,0.414,0.37,-0.199,0.061,-0.671,0.549,0.543,-0.59,0.557,-0.101,-0.254,0.247,-0.02,-0.183,-0.282,0.864,0.697,-0.261,0.619,-0.346,-0.538,0.65,-0.533,0.64,0.438,-0.29,0.513,-0.221,0.249,0.309,0.194,0.112,-0.113,0.29,0.567,0.871,0.409,-0.118,0.242,0.727,0.007,-0.612,0.694,0.445,0.022,0.346,0.656,0.817,0.233,0.775,0.104,-0.036,0.12,-0.274,0.509,0.837,-0.291,0.84,0.695,0.221,-0.432,0.315,0.487,0.379,0.368,-0.145,-0.401,-0.004,0.584,0.529,-0.299,0.428,-0.113,0.623,-0.377,0.648,0.357,-0.328,-0.178,0.721,0.299,-0.021,0.665,-0.501,0.55,0.299,0.027,0.274,0.24,0.46,0.603,-0.175,-0.143,0.7,0.578,-0.056,0.364,0.409,-0.608,-0.001,0.555,-0.437,0.603,0.79,0.655,0.465,0.509,0.558,-0.314,0.341,0.509,0.639,0.31,-0.137,-0.657,0.419,-0.244,0.612,0.031,0.735,0.776,0.109,0.315,0.701,0.242,0.086,-0.085,0.834,-0.055,0.281,-0.155,0.746,0.61,0.548,-0.636,0.754,0.02,0.726,0.095,-0.151,0.715,0.481,0.617,-0.074,0.273,0.552,0.091,0.379,0.726,0.649,0.755,-0.688,0.213,0.216,0.5,-0.049
AEIS,0.512,-0.642,0.724,0.722,-0.315,0.414,0.0,0.017,-0.455,0.476,0.042,-0.064,-0.446,-0.832,0.691,0.827,-0.5,0.86,0.484,0.549,0.842,0.821,-0.661,-0.736,0.733,0.479,0.272,-0.165,0.452,0.299,0.77,0.166,-0.181,-0.739,-0.479,0.14,0.19,-0.554,0.75,0.93,-0.631,-0.007,0.816,0.76,-0.255,-0.392,-0.303,-0.7,-0.571,0.371,0.506,-0.774,0.714,-0.715,-0.474,-0.544,-0.787,-0.811,-0.519,0.575,0.151,-0.541,0.814,-0.739,-0.351,0.395,-0.896,-0.208,0.859,-0.841,-0.452,-0.555,-0.603,0.818,-0.709,-0.5,-0.847,-0.138,0.455,0.28,-0.348,-0.403,-0.403,0.067,0.058,-0.797,0.778,0.88,-0.481,0.855,0.204,0.521,-0.611,0.527,0.436,-0.794,-0.528,0.39,0.809,0.397,-0.586,0.476,0.644,0.881,-0.694,0.616,-0.045,0.895,0.573,-0.757,-0.848,-0.693,0.027,0.251,0.106,0.472,-0.184,0.464,-0.892,0.717,0.865,-0.08,-0.104,0.635,0.2,0.327,0.3,-0.692,0.834,-0.198,-0.274,0.29,-0.529,-0.236,0.793,0.024,-0.819,0.551,0.89,-0.461,0.885,-0.485,-0.732,-0.504,0.38,-0.864,0.743,0.454,0.797,-0.479,0.88,0.087,-0.603,0.845,-0.278,0.825,0.914,-0.856,-0.833,0.938,-0.564,0.856,-0.569,0.772,0.482,-0.552,-0.526,0.784,0.309,-0.49,-0.624,0.371,-0.795,-0.322,0.117,0.789,0.288,0.646,-0.487,0.558,-0.248,0.532,0.677,-0.819,0.485,0.155,0.747,-0.752,0.774,-0.103,-0.111,-0.412,0.726,0.52,0.596,-0.412,-0.516,-0.526,0.794,-0.69
AGNCM,0.146,0.17,0.309,0.14,0.378,0.033,0.017,0.0,0.082,-0.252,0.268,-0.242,-0.151,-0.165,0.164,0.24,0.303,0.344,0.382,0.16,0.251,0.303,-0.164,-0.168,0.236,-0.103,0.674,-0.258,-0.27,0.291,0.216,0.135,0.337,0.007,-0.448,0.169,-0.342,-0.093,0.058,-0.165,0.18,0.047,-0.106,0.005,-0.019,0.011,-0.453,-0.186,-0.095,0.587,0.07,-0.183,0.221,0.382,0.054,-0.123,-0.128,-0.204,0.13,-0.018,-0.05,-0.293,-0.133,-0.047,0.315,0.104,-0.065,0.017,0.149,0.09,0.159,-0.103,-0.115,-0.019,-0.087,0.231,-0.154,-0.003,0.291,0.164,-0.207,-0.127,-0.203,0.144,-0.095,-0.238,-0.027,0.039,-0.085,0.257,-0.191,0.061,-0.164,-0.192,0.102,-0.026,-0.353,-0.224,0.27,0.207,0.119,0.279,0.39,-0.08,0.146,0.106,-0.34,0.103,0.136,0.125,0.16,0.213,-0.091,0.116,-0.037,0.526,0.075,0.159,0.014,0.277,0.161,0.13,-0.068,0.112,0.382,0.19,-0.085,-0.02,0.108,-0.339,-0.075,-0.372,0.341,0.035,-0.132,0.445,0.194,0.001,0.144,0.327,-0.027,-0.139,-0.214,-0.013,-0.296,-0.138,0.331,0.278,0.17,0.125,0.233,-0.043,-0.524,0.089,-0.023,0.133,-0.169,0.021,0.037,0.063,-0.29,-0.104,0.429,0.126,0.206,0.097,-0.076,0.104,0.465,-0.314,-0.065,-0.07,-0.144,-0.329,-0.208,0.012,-0.061,-0.173,0.145,0.046,-0.078,-0.203,-0.235,-0.077,0.484,-0.181,0.117,-0.11,0.037,0.34,0.078,-0.271,0.227,-0.301,0.35,-0.4,-0.279,-0.12,0.211,0.058
AHCO,0.215,0.737,-0.293,0.061,0.419,0.354,-0.455,0.082,0.0,0.298,-0.06,0.478,-0.025,0.252,-0.528,-0.21,0.378,-0.468,0.133,0.22,-0.277,-0.425,-0.105,0.66,0.029,-0.26,0.251,0.275,-0.079,0.032,-0.018,0.436,0.529,0.67,-0.105,0.194,0.261,0.759,0.046,-0.615,0.256,-0.042,-0.58,0.05,0.527,0.547,0.244,0.694,-0.112,0.072,0.2,0.179,-0.212,0.49,0.014,0.582,0.61,0.545,0.053,0.142,0.407,0.115,-0.122,0.25,-0.154,0.083,0.302,0.814,-0.385,0.47,0.847,0.127,0.798,-0.583,0.774,0.557,0.629,0.498,0.334,0.45,0.735,0.121,0.458,0.538,-0.133,0.07,-0.067,-0.283,0.268,-0.396,0.458,0.28,0.77,0.266,-0.359,0.619,0.576,-0.608,-0.26,0.315,0.18,0.253,0.067,-0.445,0.192,-0.191,0.43,-0.448,-0.295,0.588,0.322,0.689,0.598,0.302,-0.502,-0.075,-0.144,0.176,0.447,-0.07,-0.342,-0.293,-0.209,-0.117,-0.066,-0.401,0.404,-0.008,-0.2,0.55,0.221,0.167,0.638,0.455,-0.22,-0.216,0.588,-0.051,-0.291,0.523,-0.451,0.77,0.099,0.371,0.126,0.437,-0.161,0.382,-0.084,0.709,-0.244,0.57,0.322,-0.402,0.604,-0.175,-0.486,0.545,0.168,-0.377,0.19,-0.192,0.524,-0.067,0.327,0.541,0.793,-0.024,-0.062,0.56,0.315,0.471,0.577,0.509,-0.389,-0.045,0.153,-0.14,-0.013,0.086,0.208,0.177,-0.493,0.533,0.217,0.512,-0.062,0.512,-0.48,0.684,0.107,0.784,-0.056,0.171,0.169,-0.208,0.67,0.704,-0.244,0.539
ALGT,0.618,-0.105,0.24,0.751,-0.062,0.72,0.476,-0.252,0.298,0.0,-0.198,0.478,-0.318,-0.435,0.074,0.511,-0.25,0.2,0.509,0.709,0.437,0.31,-0.608,-0.016,0.619,0.289,0.103,0.358,0.465,0.167,0.644,0.701,0.071,-0.193,-0.418,0.214,0.685,0.223,0.761,0.373,-0.459,-0.078,0.427,0.805,0.221,0.066,0.225,0.09,-0.546,0.106,0.715,-0.409,0.475,-0.494,-0.428,0.088,-0.18,-0.182,-0.537,0.728,0.637,-0.196,0.781,-0.46,-0.692,0.504,-0.582,0.607,0.427,-0.421,0.271,-0.344,0.193,0.26,0.063,0.004,-0.195,0.306,0.588,0.602,0.504,-0.215,0.147,0.477,0.087,-0.502,0.776,0.59,-0.122,0.396,0.76,0.695,0.204,0.894,0.03,-0.217,0.241,-0.199,0.383,0.618,-0.447,0.532,0.456,0.451,-0.711,0.492,0.651,0.433,0.165,-0.195,-0.583,-0.015,0.674,0.43,-0.409,0.119,-0.286,0.73,-0.477,0.474,0.429,-0.487,-0.141,0.524,0.002,-0.141,0.843,-0.612,0.607,0.556,-0.223,0.464,-0.121,0.279,0.592,-0.397,-0.339,0.545,0.536,-0.124,0.52,0.327,-0.475,-0.235,0.784,-0.325,0.414,0.727,0.663,0.135,0.497,0.639,0.029,0.505,0.279,0.604,0.54,-0.345,-0.711,0.574,-0.232,0.736,-0.291,0.686,0.63,-0.036,0.24,0.703,0.238,0.244,-0.272,0.817,-0.141,0.383,-0.123,0.694,0.359,0.574,-0.7,0.704,0.016,0.891,0.412,-0.213,0.366,0.488,0.605,-0.218,0.219,0.284,-0.071,0.478,0.562,0.777,0.536,-0.357,0.279,0.14,0.478,-0.193
ALLO,-0.434,0.318,0.318,-0.198,-0.116,0.119,0.042,0.268,-0.06,-0.198,0.0,-0.357,0.519,0.16,0.491,-0.123,0.52,0.268,0.091,-0.211,0.241,0.158,0.028,0.089,0.16,0.639,0.201,0.266,0.366,0.418,0.152,-0.124,0.224,0.118,0.276,0.44,0.02,0.104,-0.264,0.072,0.512,0.62,-0.166,-0.051,0.451,0.383,-0.318,-0.111,0.133,0.466,-0.504,-0.018,0.197,0.283,0.556,0.235,0.149,0.131,0.542,0.118,0.313,0.235,-0.09,0.471,0.317,0.3,0.162,-0.136,0.298,-0.13,-0.057,0.417,-0.084,0.292,0.069,0.316,0.029,-0.187,-0.166,0.132,-0.204,0.58,0.339,0.386,0.485,0.091,0.152,-0.273,0.541,0.059,-0.22,-0.256,-0.031,0.026,0.541,0.095,0.031,0.449,0.133,0.207,0.507,0.413,0.202,0.057,0.423,-0.031,-0.21,0.097,0.681,0.164,0.314,-0.241,-0.449,0.678,0.715,0.62,0.702,0.164,0.129,0.117,-0.104,0.577,0.688,0.342,0.642,0.768,-0.018,0.142,0.075,-0.288,0.511,-0.437,0.351,0.476,0.264,0.183,-0.03,0.377,0.145,-0.236,-0.113,0.056,0.008,0.276,-0.185,-0.171,0.32,-0.001,-0.0,0.268,0.066,0.085,-0.405,-0.19,0.179,-0.053,-0.076,0.037,0.11,-0.102,0.282,-0.038,0.118,0.155,-0.143,0.278,-0.003,0.142,0.123,-0.14,0.549,0.054,0.068,0.244,0.629,0.161,0.417,-0.15,0.46,-0.023,-0.077,0.129,0.029,0.098,0.256,-0.018,0.329,0.2,0.366,0.408,0.739,-0.101,0.164,0.103,0.129,-0.178,-0.149,0.106,0.236,0.379
AMSF,0.345,0.183,-0.212,0.212,0.244,0.388,-0.064,-0.242,0.478,0.478,-0.357,0.0,-0.126,0.096,-0.566,-0.074,-0.13,-0.374,0.094,0.384,-0.106,-0.38,-0.302,0.424,-0.039,-0.226,0.005,0.325,0.098,-0.176,0.026,0.406,0.224,0.444,-0.097,-0.142,0.343,0.499,0.32,-0.182,-0.198,-0.263,-0.038,0.247,0.217,0.329,0.379,0.598,-0.212,-0.223,0.478,0.027,-0.234,-0.001,-0.267,0.359,0.348,0.289,-0.181,0.307,0.193,0.058,0.297,-0.113,-0.403,0.1,-0.0,0.643,-0.332,0.329,0.412,-0.065,0.659,-0.295,0.44,0.191,0.394,0.596,0.131,0.424,0.73,-0.17,0.197,0.311,-0.137,-0.057,0.104,0.093,-0.038,-0.286,0.601,0.418,0.577,0.434,-0.193,0.333,0.51,-0.317,-0.177,0.239,-0.266,0.044,0.041,-0.143,-0.202,0.152,0.603,-0.283,-0.279,0.143,-0.093,0.418,0.751,-0.05,-0.579,-0.251,-0.401,0.28,0.15,0.002,-0.106,-0.308,-0.468,-0.014,-0.401,-0.672,0.462,-0.023,-0.144,0.722,0.164,0.424,0.105,0.106,-0.058,-0.283,0.246,-0.03,-0.131,0.142,-0.078,0.548,0.015,0.263,0.349,0.212,-0.243,0.253,-0.016,0.29,-0.167,0.496,0.419,-0.058,0.513,-0.011,-0.053,0.291,-0.1,-0.047,0.114,0.193,0.255,0.04,0.442,0.234,0.652,0.034,-0.26,0.566,-0.022,0.481,0.354,0.267,-0.464,0.023,0.14,0.234,-0.435,0.205,0.059,0.224,-0.117,0.234,0.016,0.587,0.008,0.268,-0.325,0.183,-0.286,0.61,-0.007,0.31,0.133,-0.006,0.645,0.414,-0.258,0.121
ANAB,-0.67,0.342,-0.309,-0.601,0.051,-0.223,-0.446,-0.151,-0.025,-0.318,0.519,-0.126,0.0,0.656,-0.116,-0.597,0.356,-0.323,-0.409,-0.567,-0.375,-0.401,0.614,0.405,-0.446,0.226,-0.3,0.494,0.031,-0.058,-0.518,-0.211,0.019,0.395,0.586,0.032,-0.037,0.247,-0.67,-0.294,0.5,0.305,-0.359,-0.509,0.222,0.208,0.19,0.258,0.6,-0.156,-0.62,0.567,-0.401,0.334,0.54,0.398,0.416,0.527,0.516,-0.274,0.025,0.531,-0.486,0.692,0.348,-0.012,0.608,-0.101,-0.294,0.375,-0.054,0.637,0.167,-0.187,0.274,0.294,0.417,-0.086,-0.523,-0.204,0.019,0.62,0.4,0.024,0.288,0.704,-0.31,-0.616,0.609,-0.475,-0.277,-0.584,0.197,-0.285,0.207,0.35,0.356,0.233,-0.504,-0.272,0.559,-0.213,-0.502,-0.391,0.622,-0.288,-0.09,-0.405,0.077,0.506,0.608,0.147,-0.357,0.135,0.463,-0.041,0.635,-0.169,0.493,-0.559,-0.582,0.419,0.673,-0.208,0.116,0.32,-0.034,0.494,-0.448,0.024,0.514,-0.488,0.256,0.412,-0.243,-0.078,0.315,-0.092,-0.418,-0.284,-0.485,0.212,0.588,0.415,-0.24,0.489,-0.378,-0.378,-0.574,0.263,-0.501,-0.136,0.213,-0.502,0.057,-0.543,-0.368,0.39,0.541,-0.516,0.52,-0.506,0.137,-0.298,-0.559,0.376,0.112,-0.43,-0.136,0.221,0.746,-0.313,0.403,0.342,0.427,-0.438,-0.078,-0.443,0.634,-0.424,0.241,-0.183,-0.064,0.474,-0.396,-0.098,-0.164,0.559,-0.206,0.034,0.557,0.084,-0.492,-0.164,-0.43,0.471,0.199,0.233,-0.385,0.44
ANDE,-0.709,0.63,-0.599,-0.781,0.172,-0.38,-0.832,-0.165,0.252,-0.435,0.16,0.096,0.656,0.0,-0.595,-0.899,0.468,-0.806,-0.545,-0.616,-0.77,-0.834,0.665,0.798,-0.795,-0.185,-0.338,0.442,-0.172,-0.178,-0.735,-0.154,0.019,0.749,0.715,-0.032,-0.01,0.611,-0.8,-0.704,0.691,0.291,-0.647,-0.751,0.425,0.473,0.361,0.682,0.706,-0.452,-0.675,0.821,-0.668,0.578,0.666,0.653,0.827,0.847,0.671,-0.471,0.03,0.795,-0.69,0.859,0.248,-0.201,0.904,0.145,-0.779,0.785,0.248,0.733,0.586,-0.616,0.685,0.546,0.831,0.206,-0.71,-0.31,0.328,0.654,0.571,0.064,0.283,0.849,-0.588,-0.883,0.654,-0.88,-0.177,-0.618,0.604,-0.329,-0.127,0.789,0.66,-0.05,-0.783,-0.349,0.686,-0.454,-0.691,-0.735,0.738,-0.606,0.152,-0.852,-0.355,0.706,0.839,0.531,-0.072,-0.072,0.21,-0.388,0.48,-0.377,0.831,-0.748,-0.874,0.35,0.358,-0.492,-0.083,-0.102,-0.239,0.743,-0.866,0.273,0.517,-0.318,0.462,0.261,-0.597,-0.019,0.644,-0.358,-0.843,0.129,-0.785,0.522,0.813,0.649,-0.24,0.811,-0.762,-0.571,-0.834,0.425,-0.87,0.048,0.593,-0.851,0.352,-0.86,-0.768,0.775,0.767,-0.884,0.8,-0.691,0.464,-0.662,-0.596,0.635,0.536,-0.746,-0.467,0.566,0.805,-0.28,0.831,0.489,0.21,-0.681,-0.123,-0.552,0.527,-0.61,0.173,-0.373,-0.367,0.856,-0.554,-0.013,-0.56,0.87,-0.612,0.009,0.354,0.397,-0.691,-0.383,-0.616,0.569,0.586,0.551,-0.8,0.717
APLS,0.179,-0.466,0.639,0.319,-0.419,0.183,0.691,0.164,-0.528,0.074,0.491,-0.566,-0.116,-0.595,0.0,0.579,-0.165,0.846,0.219,0.183,0.704,0.808,-0.371,-0.703,0.658,0.587,0.159,-0.321,0.378,0.275,0.578,-0.256,-0.071,-0.678,-0.205,0.177,-0.003,-0.586,0.332,0.704,-0.283,0.14,0.465,0.467,-0.173,-0.319,-0.519,-0.788,-0.42,0.535,-0.022,-0.663,0.668,-0.339,-0.165,-0.561,-0.651,-0.647,-0.194,0.29,0.041,-0.447,0.393,-0.373,0.055,0.153,-0.605,-0.491,0.837,-0.815,-0.463,-0.262,-0.739,0.786,-0.637,-0.411,-0.72,-0.595,0.236,0.045,-0.616,-0.151,-0.374,-0.017,0.164,-0.509,0.5,0.491,-0.268,0.759,-0.237,0.133,-0.664,0.156,0.502,-0.691,-0.599,0.532,0.686,0.196,-0.261,0.482,0.552,0.698,-0.267,0.342,-0.371,0.818,0.743,-0.636,-0.51,-0.81,-0.487,0.401,0.521,0.597,0.147,0.191,-0.628,0.609,0.663,0.166,0.256,0.517,0.416,0.679,-0.081,-0.398,0.728,-0.558,-0.157,-0.058,-0.293,-0.013,0.667,0.158,-0.695,0.431,0.741,-0.477,0.605,-0.573,-0.611,-0.3,-0.022,-0.793,0.745,0.244,0.57,-0.405,0.738,-0.164,-0.716,0.537,-0.404,0.577,0.622,-0.688,-0.52,0.609,-0.452,0.484,-0.538,0.562,0.156,-0.528,-0.64,0.652,0.352,-0.618,-0.318,0.093,-0.717,-0.255,0.412,0.596,0.272,0.315,-0.075,0.346,-0.186,0.321,0.392,-0.718,0.401,-0.224,0.566,-0.631,0.867,0.061,0.13,-0.588,0.556,0.335,0.418,-0.417,-0.7,-0.558,0.774,-0.489
APPF,0.734,-0.605,0.593,0.813,-0.124,0.423,0.827,0.24,-0.21,0.511,-0.123,-0.074,-0.597,-0.899,0.579,0.0,-0.433,0.838,0.648,0.697,0.83,0.879,-0.671,-0.729,0.835,0.215,0.431,-0.335,0.119,0.174,0.817,0.3,-0.045,-0.722,-0.761,0.066,0.139,-0.506,0.838,0.699,-0.649,-0.291,0.703,0.772,-0.383,-0.433,-0.246,-0.641,-0.655,0.442,0.718,-0.8,0.757,-0.572,-0.631,-0.595,-0.805,-0.81,-0.631,0.502,0.085,-0.742,0.724,-0.843,-0.271,0.285,-0.916,-0.047,0.828,-0.768,-0.196,-0.658,-0.517,0.636,-0.623,-0.413,-0.804,-0.169,0.744,0.347,-0.265,-0.64,-0.54,-0.021,-0.142,-0.815,0.719,0.912,-0.617,0.911,0.257,0.629,-0.545,0.444,0.277,-0.762,-0.574,0.006,0.842,0.435,-0.664,0.483,0.733,0.754,-0.768,0.64,-0.013,0.884,0.349,-0.637,-0.806,-0.417,0.153,0.159,-0.209,0.438,-0.392,0.505,-0.823,0.769,0.895,-0.347,-0.255,0.532,0.167,0.137,0.354,-0.799,0.907,-0.144,-0.534,0.208,-0.432,-0.193,0.626,0.055,-0.633,0.385,0.87,-0.17,0.842,-0.415,-0.823,-0.66,0.342,-0.794,0.775,0.662,0.893,-0.371,0.936,0.039,-0.575,0.909,-0.338,0.894,0.792,-0.733,-0.766,0.922,-0.779,0.745,-0.44,0.764,0.651,-0.592,-0.462,0.809,0.598,-0.477,-0.768,0.334,-0.782,-0.363,-0.226,0.739,0.038,0.617,-0.565,0.655,-0.248,0.474,0.447,-0.811,0.588,0.027,0.68,-0.814,0.593,0.052,-0.278,-0.329,0.738,0.454,0.64,-0.536,-0.478,-0.562,0.848,-0.665
ASML,-0.454,0.734,0.095,-0.265,0.451,0.119,-0.5,0.303,0.378,-0.25,0.52,-0.13,0.356,0.468,-0.165,-0.433,0.0,-0.292,0.225,-0.118,-0.193,-0.32,0.101,0.514,-0.177,0.211,0.268,0.367,0.14,0.401,-0.073,0.126,0.555,0.524,0.132,0.63,-0.034,0.48,-0.354,-0.578,0.845,0.573,-0.437,-0.281,0.612,0.723,-0.229,0.389,0.232,0.339,-0.429,0.283,0.025,0.642,0.722,0.665,0.612,0.436,0.736,0.03,0.368,0.474,-0.347,0.643,0.296,0.384,0.481,0.295,-0.225,0.447,0.509,0.522,0.399,-0.21,0.556,0.705,0.482,0.253,-0.117,0.309,0.162,0.581,0.591,0.422,0.361,0.278,-0.189,-0.551,0.732,-0.369,-0.021,-0.1,0.434,-0.12,0.068,0.618,0.292,-0.259,-0.121,0.373,0.752,0.268,0.086,-0.54,0.523,-0.318,0.102,-0.433,0.147,0.564,0.689,0.438,-0.009,0.321,0.239,0.33,0.552,0.033,0.493,-0.051,-0.512,0.375,0.353,0.2,0.673,0.288,-0.08,0.428,-0.348,-0.075,0.365,-0.542,0.691,0.524,-0.251,0.33,0.531,0.218,-0.247,0.383,-0.488,0.466,0.213,0.263,-0.05,0.207,0.023,0.007,-0.202,0.707,-0.376,0.096,-0.068,-0.474,0.543,-0.244,-0.632,0.63,0.369,-0.524,0.481,-0.315,0.709,-0.169,-0.066,0.74,0.422,-0.238,0.148,0.113,0.681,-0.005,0.556,0.333,0.214,-0.11,0.308,-0.248,0.307,-0.018,0.069,-0.081,-0.395,0.616,0.267,-0.111,-0.132,0.586,-0.222,0.461,0.6,0.285,0.049,-0.277,0.022,-0.2,0.224,0.482,-0.141,0.797
ATRC,0.419,-0.574,0.742,0.586,-0.215,0.287,0.86,0.344,-0.468,0.2,0.268,-0.374,-0.323,-0.806,0.846,0.838,-0.292,0.0,0.492,0.427,0.867,0.931,-0.542,-0.819,0.761,0.452,0.425,-0.347,0.253,0.316,0.734,-0.008,-0.052,-0.739,-0.542,0.176,-0.041,-0.658,0.582,0.779,-0.453,-0.012,0.666,0.611,-0.331,-0.42,-0.492,-0.828,-0.504,0.597,0.335,-0.78,0.749,-0.46,-0.366,-0.646,-0.821,-0.84,-0.369,0.389,0.011,-0.657,0.568,-0.635,-0.039,0.283,-0.807,-0.371,0.906,-0.813,-0.432,-0.502,-0.74,0.787,-0.758,-0.446,-0.881,-0.375,0.496,0.199,-0.576,-0.398,-0.526,-0.027,0.015,-0.73,0.626,0.753,-0.462,0.91,-0.072,0.375,-0.746,0.242,0.509,-0.809,-0.722,0.355,0.852,0.329,-0.435,0.502,0.685,0.772,-0.472,0.546,-0.331,0.902,0.636,-0.668,-0.661,-0.675,-0.237,0.271,0.238,0.668,-0.046,0.354,-0.794,0.724,0.842,0.027,0.014,0.574,0.388,0.527,0.101,-0.602,0.833,-0.471,-0.292,-0.008,-0.366,-0.181,0.655,0.21,-0.705,0.452,0.883,-0.375,0.775,-0.605,-0.751,-0.497,0.096,-0.868,0.835,0.447,0.749,-0.434,0.904,-0.144,-0.814,0.784,-0.437,0.776,0.747,-0.774,-0.659,0.838,-0.654,0.621,-0.456,0.702,0.404,-0.576,-0.658,0.731,0.542,-0.677,-0.556,0.144,-0.85,-0.463,0.11,0.669,0.154,0.449,-0.23,0.489,-0.271,0.33,0.493,-0.841,0.576,-0.117,0.7,-0.786,0.787,0.03,-0.003,-0.612,0.688,0.3,0.575,-0.507,-0.719,-0.654,0.853,-0.639
AVGO,0.4,-0.063,0.579,0.731,0.21,0.552,0.484,0.382,0.133,0.509,0.091,0.094,-0.409,-0.545,0.219,0.648,0.225,0.492,0.0,0.672,0.621,0.531,-0.616,-0.23,0.613,0.326,0.594,0.168,0.24,0.447,0.774,0.658,0.254,-0.278,-0.689,0.507,0.265,-0.032,0.665,0.291,-0.067,0.1,0.47,0.588,0.104,0.166,-0.181,-0.159,-0.403,0.525,0.606,-0.452,0.679,-0.257,-0.111,0.031,-0.294,-0.408,-0.138,0.562,0.444,-0.284,0.639,-0.384,-0.222,0.688,-0.548,0.353,0.559,-0.361,0.194,-0.318,-0.069,0.384,-0.152,0.205,-0.404,0.35,0.638,0.663,0.085,-0.185,0.021,0.374,0.144,-0.594,0.647,0.55,-0.002,0.549,0.494,0.602,-0.089,0.513,0.254,-0.235,-0.169,-0.224,0.652,0.783,-0.118,0.582,0.712,0.37,-0.525,0.539,0.254,0.473,0.349,-0.125,-0.343,0.049,0.425,0.337,-0.204,0.584,-0.054,0.717,-0.447,0.633,0.46,-0.129,-0.045,0.663,0.575,0.185,0.514,-0.53,0.578,0.079,-0.244,-0.079,-0.001,0.181,0.415,0.19,-0.225,0.557,0.636,0.168,0.511,0.036,-0.538,-0.5,0.486,-0.544,0.659,0.689,0.73,0.154,0.557,0.313,-0.428,0.619,0.222,0.688,0.376,-0.26,-0.538,0.582,-0.326,0.616,0.11,0.626,0.64,0.115,0.017,0.562,0.669,-0.235,-0.276,0.437,-0.26,-0.044,-0.125,0.649,0.268,0.466,-0.459,0.653,-0.213,0.501,0.285,-0.251,0.696,0.13,0.596,-0.347,0.255,0.301,0.142,0.076,0.738,0.272,0.636,-0.586,-0.109,-0.056,0.623,-0.033
AVT,0.799,-0.13,0.543,0.833,0.32,0.778,0.549,0.16,0.22,0.709,-0.211,0.384,-0.567,-0.616,0.183,0.697,-0.118,0.427,0.672,0.0,0.666,0.493,-0.867,-0.258,0.778,0.117,0.458,-0.009,0.314,0.349,0.783,0.541,0.391,-0.259,-0.776,0.302,0.348,0.03,0.91,0.293,-0.477,-0.133,0.467,0.857,0.043,0.038,-0.231,-0.134,-0.792,0.5,0.795,-0.742,0.68,-0.242,-0.539,-0.111,-0.333,-0.483,-0.521,0.783,0.426,-0.521,0.735,-0.692,-0.541,0.519,-0.746,0.518,0.509,-0.374,0.357,-0.421,0.047,0.375,-0.062,-0.022,-0.341,0.229,0.771,0.737,0.236,-0.53,-0.181,0.428,-0.152,-0.78,0.671,0.742,-0.38,0.577,0.572,0.911,0.02,0.683,0.056,-0.31,-0.167,-0.378,0.699,0.756,-0.574,0.71,0.779,0.373,-0.694,0.472,0.415,0.536,0.213,-0.391,-0.6,-0.025,0.632,0.244,-0.514,0.367,-0.43,0.634,-0.572,0.829,0.622,-0.496,-0.466,0.652,0.168,-0.19,0.569,-0.614,0.667,0.2,-0.403,0.306,-0.013,0.091,0.503,0.062,-0.25,0.526,0.704,0.092,0.558,0.164,-0.797,-0.268,0.54,-0.577,0.642,0.847,0.806,0.135,0.671,0.402,-0.363,0.614,0.214,0.808,0.454,-0.31,-0.754,0.639,-0.548,0.717,-0.026,0.758,0.926,-0.185,0.111,0.771,0.4,-0.095,-0.518,0.695,-0.329,-0.037,-0.463,0.736,0.384,0.622,-0.79,0.829,-0.088,0.621,0.151,-0.406,0.749,0.277,0.567,-0.37,0.321,0.354,-0.273,0.134,0.783,0.538,0.835,-0.727,0.01,-0.135,0.62,-0.337
AXDX,0.531,-0.467,0.759,0.732,-0.042,0.521,0.842,0.251,-0.277,0.437,0.241,-0.106,-0.375,-0.77,0.704,0.83,-0.193,0.867,0.621,0.666,0.0,0.873,-0.717,-0.659,0.853,0.488,0.455,-0.15,0.386,0.384,0.84,0.227,0.07,-0.637,-0.643,0.285,0.155,-0.415,0.743,0.726,-0.426,0.03,0.709,0.774,-0.158,-0.178,-0.432,-0.618,-0.631,0.608,0.486,-0.821,0.863,-0.428,-0.36,-0.433,-0.68,-0.757,-0.319,0.626,0.24,-0.534,0.75,-0.633,-0.22,0.474,-0.832,-0.072,0.891,-0.74,-0.216,-0.458,-0.495,0.77,-0.558,-0.225,-0.734,-0.198,0.6,0.414,-0.307,-0.401,-0.379,0.178,0.109,-0.783,0.758,0.801,-0.381,0.883,0.185,0.598,-0.488,0.497,0.547,-0.691,-0.546,0.18,0.902,0.55,-0.485,0.667,0.789,0.703,-0.627,0.696,-0.002,0.858,0.628,-0.626,-0.654,-0.528,0.033,0.412,0.054,0.659,-0.075,0.593,-0.753,0.852,0.838,-0.063,-0.058,0.754,0.423,0.396,0.336,-0.617,0.848,-0.236,-0.307,-0.011,-0.267,-0.021,0.722,0.252,-0.577,0.589,0.913,-0.289,0.79,-0.318,-0.836,-0.476,0.363,-0.881,0.869,0.614,0.867,-0.238,0.877,0.097,-0.731,0.802,-0.202,0.888,0.748,-0.631,-0.768,0.842,-0.569,0.789,-0.315,0.845,0.646,-0.456,-0.394,0.844,0.556,-0.522,-0.516,0.398,-0.686,-0.283,-0.004,0.805,0.312,0.612,-0.478,0.688,-0.286,0.517,0.493,-0.717,0.706,0.034,0.796,-0.651,0.714,0.158,-0.024,-0.353,0.837,0.456,0.69,-0.617,-0.488,-0.491,0.897,-0.516
AXSM,0.486,-0.61,0.687,0.637,-0.227,0.273,0.821,0.303,-0.425,0.31,0.158,-0.38,-0.401,-0.834,0.808,0.879,-0.32,0.931,0.531,0.493,0.873,0.0,-0.525,-0.832,0.801,0.401,0.371,-0.346,0.191,0.268,0.752,0.12,-0.132,-0.829,-0.616,0.148,-0.024,-0.627,0.644,0.765,-0.511,-0.082,0.699,0.65,-0.373,-0.467,-0.437,-0.807,-0.543,0.533,0.415,-0.763,0.812,-0.507,-0.425,-0.679,-0.857,-0.844,-0.442,0.423,0.025,-0.635,0.627,-0.685,-0.078,0.291,-0.831,-0.306,0.923,-0.832,-0.405,-0.526,-0.729,0.777,-0.755,-0.383,-0.882,-0.402,0.592,0.147,-0.53,-0.474,-0.556,-0.067,0.045,-0.718,0.662,0.798,-0.507,0.967,-0.042,0.412,-0.711,0.291,0.449,-0.867,-0.713,0.209,0.865,0.344,-0.499,0.484,0.676,0.763,-0.617,0.647,-0.221,0.927,0.571,-0.684,-0.674,-0.623,-0.201,0.247,0.135,0.592,-0.114,0.413,-0.811,0.761,0.879,-0.103,-0.002,0.587,0.348,0.465,0.163,-0.604,0.878,-0.439,-0.519,-0.037,-0.391,-0.149,0.653,0.232,-0.677,0.438,0.891,-0.309,0.813,-0.58,-0.791,-0.619,0.222,-0.858,0.826,0.518,0.82,-0.463,0.902,-0.108,-0.763,0.846,-0.505,0.819,0.772,-0.786,-0.696,0.872,-0.694,0.67,-0.468,0.73,0.437,-0.618,-0.658,0.782,0.64,-0.67,-0.628,0.176,-0.855,-0.41,0.052,0.679,0.088,0.485,-0.349,0.579,-0.228,0.407,0.509,-0.835,0.552,-0.212,0.687,-0.815,0.757,-0.013,-0.09,-0.573,0.713,0.342,0.571,-0.503,-0.706,-0.69,0.912,-0.648
AZN,-0.711,0.14,-0.675,-0.808,-0.134,-0.799,-0.661,-0.164,-0.105,-0.608,0.028,-0.302,0.614,0.665,-0.371,-0.671,0.101,-0.542,-0.616,-0.867,-0.717,-0.525,0.0,0.315,-0.784,-0.322,-0.495,0.088,-0.542,-0.415,-0.841,-0.356,-0.409,0.255,0.661,-0.38,-0.311,0.05,-0.878,-0.404,0.422,0.012,-0.449,-0.872,-0.142,-0.111,0.399,0.231,0.849,-0.588,-0.644,0.831,-0.687,0.251,0.464,0.144,0.321,0.54,0.425,-0.786,-0.428,0.526,-0.738,0.635,0.489,-0.481,0.777,-0.364,-0.592,0.491,-0.264,0.483,0.049,-0.488,0.135,0.126,0.405,-0.143,-0.635,-0.735,-0.138,0.436,0.148,-0.501,0.106,0.886,-0.703,-0.709,0.339,-0.603,-0.496,-0.868,0.071,-0.682,-0.126,0.319,0.238,0.122,-0.756,-0.77,0.527,-0.789,-0.862,-0.49,0.593,-0.466,-0.257,-0.589,-0.432,0.512,0.645,0.243,-0.464,-0.357,0.292,-0.477,0.327,-0.527,0.618,-0.872,-0.648,0.295,0.428,-0.719,-0.252,0.031,-0.402,0.606,-0.688,-0.067,0.177,-0.365,0.02,-0.049,-0.625,-0.036,0.389,-0.625,-0.759,0.042,-0.603,-0.056,0.848,0.185,-0.453,0.721,-0.73,-0.741,-0.796,-0.107,-0.731,-0.406,0.501,-0.568,-0.268,-0.797,-0.486,0.364,0.8,-0.65,0.497,-0.76,0.081,-0.747,-0.882,0.214,-0.053,-0.795,-0.274,0.188,0.48,-0.734,0.388,0.074,0.244,-0.824,-0.561,-0.625,0.742,-0.775,0.193,-0.604,-0.174,0.488,-0.806,-0.328,-0.609,0.439,-0.465,-0.403,0.181,-0.046,-0.851,-0.562,-0.845,0.805,0.106,0.107,-0.653,0.336
BANR,-0.408,0.826,-0.55,-0.431,0.279,0.032,-0.736,-0.168,0.66,-0.016,0.089,0.424,0.405,0.798,-0.703,-0.729,0.514,-0.819,-0.23,-0.258,-0.659,-0.832,0.315,0.0,-0.537,-0.146,-0.125,0.606,0.013,-0.011,-0.426,0.234,0.248,0.898,0.502,0.145,0.327,0.929,-0.472,-0.73,0.651,0.3,-0.68,-0.429,0.719,0.756,0.473,0.932,0.453,-0.302,-0.321,0.672,-0.548,0.566,0.548,0.889,0.947,0.935,0.527,-0.138,0.403,0.719,-0.4,0.752,-0.028,0.038,0.75,0.623,-0.714,0.752,0.613,0.627,0.914,-0.699,0.951,0.728,0.939,0.52,-0.408,0.129,0.76,0.633,0.798,0.476,0.261,0.607,-0.304,-0.744,0.713,-0.828,0.304,-0.25,0.929,0.08,-0.213,0.93,0.917,-0.282,-0.66,0.026,0.611,-0.13,-0.405,-0.692,0.538,-0.485,0.493,-0.803,-0.353,0.822,0.702,0.72,0.374,0.198,-0.1,-0.274,0.323,-0.059,0.801,-0.543,-0.798,0.133,0.202,-0.305,-0.043,-0.266,0.171,0.458,-0.677,0.645,0.593,-0.051,0.657,0.494,-0.44,-0.211,0.689,-0.141,-0.702,0.306,-0.719,0.877,0.639,0.666,0.043,0.761,-0.583,-0.19,-0.574,0.711,-0.726,0.495,0.645,-0.779,0.722,-0.658,-0.713,0.806,0.535,-0.76,0.761,-0.45,0.553,-0.436,-0.213,0.824,0.886,-0.495,-0.436,0.819,0.781,0.208,0.957,0.767,0.056,-0.378,0.12,-0.338,0.242,-0.311,0.183,-0.015,-0.398,0.928,-0.263,0.403,-0.348,0.912,-0.645,0.333,0.4,0.805,-0.43,-0.091,-0.303,0.296,0.895,0.848,-0.678,0.825
BBIO,0.732,-0.293,0.675,0.805,-0.05,0.669,0.733,0.236,0.029,0.619,0.16,-0.039,-0.446,-0.795,0.658,0.835,-0.177,0.761,0.613,0.778,0.853,0.801,-0.784,-0.537,0.0,0.389,0.429,-0.174,0.383,0.362,0.885,0.293,0.264,-0.534,-0.685,0.292,0.273,-0.249,0.835,0.556,-0.511,-0.059,0.492,0.904,-0.035,-0.161,-0.388,-0.492,-0.816,0.649,0.616,-0.857,0.827,-0.355,-0.517,-0.368,-0.589,-0.655,-0.544,0.703,0.369,-0.661,0.722,-0.671,-0.358,0.418,-0.844,0.178,0.831,-0.736,0.081,-0.513,-0.328,0.631,-0.351,-0.231,-0.614,-0.165,0.799,0.585,-0.097,-0.456,-0.311,0.33,-0.098,-0.83,0.763,0.783,-0.396,0.836,0.34,0.716,-0.31,0.6,0.246,-0.59,-0.402,-0.016,0.818,0.641,-0.545,0.816,0.857,0.66,-0.635,0.533,0.082,0.834,0.54,-0.544,-0.7,-0.415,0.203,0.514,-0.147,0.593,-0.273,0.599,-0.727,0.889,0.79,-0.347,-0.154,0.698,0.301,0.248,0.463,-0.733,0.929,-0.114,-0.369,0.231,-0.123,0.149,0.738,0.015,-0.521,0.598,0.896,-0.124,0.681,-0.152,-0.893,-0.386,0.361,-0.779,0.887,0.832,0.911,-0.059,0.907,0.262,-0.622,0.713,-0.057,0.884,0.653,-0.615,-0.819,0.786,-0.66,0.743,-0.338,0.86,0.761,-0.418,-0.232,0.947,0.535,-0.366,-0.51,0.59,-0.622,-0.108,-0.123,0.852,0.413,0.559,-0.536,0.774,-0.13,0.675,0.276,-0.674,0.761,0.162,0.752,-0.606,0.656,0.428,-0.094,-0.118,0.832,0.632,0.82,-0.773,-0.349,-0.315,0.89,-0.462
BCYC,-0.167,-0.032,0.556,0.255,-0.316,0.417,0.479,-0.103,-0.26,0.289,0.639,-0.226,0.226,-0.185,0.587,0.215,0.211,0.452,0.326,0.117,0.488,0.401,-0.322,-0.146,0.389,0.0,0.104,0.412,0.78,0.48,0.485,0.126,-0.007,-0.234,0.07,0.549,0.365,-0.077,0.198,0.523,0.126,0.556,0.375,0.386,0.387,0.252,-0.243,-0.304,-0.128,0.34,-0.14,-0.276,0.504,-0.319,0.279,0.11,-0.143,-0.201,0.181,0.522,0.547,0.146,0.431,0.069,-0.112,0.618,-0.313,-0.068,0.612,-0.531,-0.209,0.122,-0.249,0.623,-0.184,0.042,-0.324,-0.06,0.026,0.304,-0.16,0.408,0.333,0.404,0.554,-0.26,0.621,0.194,0.383,0.363,0.138,0.125,-0.191,0.458,0.567,-0.242,-0.02,0.487,0.441,0.486,0.137,0.538,0.363,0.489,-0.138,0.307,0.073,0.461,0.778,-0.202,-0.187,-0.469,-0.195,0.663,0.606,0.524,0.574,0.411,-0.376,0.352,0.224,0.375,0.6,0.68,0.644,0.719,0.298,-0.246,0.44,-0.119,0.266,-0.135,-0.047,0.381,0.657,-0.057,-0.497,0.755,0.538,-0.578,0.393,-0.033,-0.268,-0.14,0.335,-0.502,0.526,0.245,0.397,0.066,0.394,0.21,-0.393,0.279,0.145,0.375,0.422,-0.332,-0.425,0.371,0.112,0.486,-0.279,0.531,0.067,0.078,-0.159,0.464,0.226,-0.221,0.23,0.331,-0.203,0.269,0.705,0.628,0.541,0.334,-0.058,0.345,-0.083,0.576,0.517,-0.199,0.326,0.06,0.626,-0.131,0.61,0.123,0.617,-0.069,0.515,0.441,0.321,-0.231,-0.187,-0.017,0.522,0.043
BHFAP,0.341,0.201,0.525,0.416,0.416,0.41,0.272,0.674,0.251,0.103,0.201,0.005,-0.3,-0.338,0.159,0.431,0.268,0.425,0.594,0.458,0.455,0.371,-0.495,-0.125,0.429,0.104,0.0,-0.08,0.096,0.45,0.481,0.374,0.513,0.029,-0.589,0.444,-0.13,0.046,0.362,0.029,0.104,0.167,0.061,0.32,0.191,0.19,-0.407,-0.122,-0.316,0.665,0.286,-0.425,0.405,0.197,-0.051,0.042,-0.095,-0.288,0.043,0.36,0.248,-0.3,0.222,-0.202,0.048,0.41,-0.299,0.266,0.344,-0.062,0.317,-0.147,0.019,0.153,-0.034,0.28,-0.185,0.219,0.506,0.507,-0.012,-0.145,-0.028,0.39,0.018,-0.529,0.322,0.26,-0.079,0.372,0.168,0.444,-0.071,0.204,0.209,-0.052,-0.268,-0.274,0.537,0.521,0.008,0.553,0.623,0.074,-0.056,0.255,-0.035,0.212,0.253,0.018,-0.034,0.152,0.186,0.286,-0.123,0.574,0.049,0.342,-0.186,0.501,0.37,0.096,-0.188,0.422,0.476,0.132,0.167,-0.229,0.3,-0.154,-0.017,-0.203,0.332,0.035,0.147,0.376,0.068,0.316,0.383,0.291,0.159,0.041,-0.432,-0.126,0.128,-0.36,0.559,0.512,0.448,0.271,0.413,0.239,-0.571,0.225,0.167,0.427,0.03,-0.017,-0.249,0.262,-0.28,0.247,0.434,0.403,0.528,0.14,0.086,0.36,0.383,-0.23,-0.123,0.308,-0.161,-0.173,-0.266,0.389,0.199,0.215,-0.079,0.376,-0.146,0.125,-0.032,-0.123,0.783,0.185,0.416,-0.144,0.161,0.488,0.174,-0.061,0.552,-0.009,0.563,-0.603,-0.147,0.021,0.413,0.019
BKR,-0.369,0.447,-0.07,-0.032,0.142,0.279,-0.165,-0.258,0.275,0.358,0.266,0.325,0.494,0.442,-0.321,-0.335,0.367,-0.347,0.168,-0.009,-0.15,-0.346,0.088,0.606,-0.174,0.412,-0.08,0.0,0.431,0.24,-0.022,0.538,0.057,0.402,0.278,0.434,0.537,0.606,-0.111,-0.131,0.39,0.492,-0.031,-0.014,0.606,0.55,0.377,0.538,0.321,-0.137,-0.077,0.43,-0.092,-0.004,0.457,0.724,0.476,0.486,0.35,0.303,0.642,0.661,0.129,0.464,-0.297,0.575,0.282,0.514,-0.127,0.229,0.247,0.46,0.493,-0.087,0.497,0.565,0.388,0.56,-0.192,0.342,0.533,0.651,0.763,0.51,0.524,0.304,0.268,-0.269,0.738,-0.342,0.452,-0.044,0.54,0.454,0.176,0.411,0.698,0.015,-0.231,0.365,0.45,0.139,-0.176,-0.161,0.091,0.035,0.557,-0.285,0.157,0.526,0.294,0.346,0.356,0.412,0.106,0.08,0.498,0.409,0.227,-0.248,-0.419,0.191,0.509,0.242,0.287,0.171,0.586,0.119,-0.203,0.557,0.442,-0.127,0.241,0.49,0.068,-0.257,0.151,0.421,-0.122,-0.18,-0.163,0.626,0.374,0.23,0.453,0.306,-0.162,0.083,-0.13,0.521,-0.303,0.497,0.333,-0.207,0.549,-0.17,-0.14,0.295,0.038,-0.173,0.594,0.069,0.172,0.086,-0.082,0.677,0.507,-0.075,-0.01,0.497,0.618,0.344,0.528,0.684,0.356,0.107,0.361,-0.035,0.053,0.067,0.052,0.441,0.252,0.555,-0.065,0.345,0.179,0.528,-0.197,0.163,0.603,0.589,-0.032,0.238,-0.046,0.176,0.58,0.557,-0.19,0.534
BLDP,0.031,0.081,0.563,0.337,-0.165,0.619,0.452,-0.27,-0.079,0.465,0.366,0.098,0.031,-0.172,0.378,0.119,0.14,0.253,0.24,0.314,0.386,0.191,-0.542,0.013,0.383,0.78,0.096,0.431,0.0,0.492,0.481,0.178,0.211,-0.058,0.047,0.588,0.476,0.136,0.35,0.406,0.006,0.538,0.305,0.536,0.539,0.371,-0.233,-0.051,-0.337,0.299,0.009,-0.356,0.416,-0.274,0.127,0.251,0.032,-0.133,0.012,0.687,0.652,0.144,0.533,-0.027,-0.43,0.627,-0.357,0.202,0.448,-0.412,0.076,0.03,0.005,0.51,0.042,0.03,-0.146,0.118,0.043,0.517,0.146,0.317,0.434,0.595,0.401,-0.384,0.614,0.224,0.308,0.24,0.366,0.387,0.062,0.633,0.279,-0.079,0.14,0.315,0.379,0.598,0.008,0.634,0.413,0.377,-0.205,0.198,0.301,0.317,0.649,-0.25,-0.293,-0.378,0.143,0.585,0.324,0.373,0.348,0.363,-0.369,0.419,0.21,0.175,0.236,0.711,0.429,0.379,0.34,-0.211,0.355,0.075,0.313,0.22,0.052,0.321,0.642,-0.178,-0.411,0.813,0.483,-0.417,0.321,0.177,-0.335,0.072,0.521,-0.443,0.492,0.287,0.406,0.224,0.316,0.442,-0.232,0.161,0.424,0.4,0.334,-0.222,-0.55,0.3,0.165,0.577,-0.183,0.506,0.277,0.151,0.102,0.501,-0.076,0.0,0.169,0.609,-0.057,0.346,0.491,0.67,0.778,0.418,-0.3,0.499,-0.046,0.666,0.365,-0.108,0.394,0.336,0.503,-0.021,0.493,0.235,0.397,0.175,0.575,0.562,0.406,-0.367,0.043,0.205,0.404,0.038
BLFS,-0.033,0.313,0.66,0.307,0.194,0.472,0.299,0.291,0.032,0.167,0.418,-0.176,-0.058,-0.178,0.275,0.174,0.401,0.316,0.447,0.349,0.384,0.268,-0.415,-0.011,0.362,0.48,0.45,0.24,0.492,0.0,0.463,0.302,0.354,-0.041,-0.177,0.751,0.126,0.125,0.234,0.152,0.243,0.675,0.144,0.325,0.484,0.294,-0.464,-0.154,-0.198,0.592,-0.012,-0.328,0.457,0.035,0.288,0.232,-0.017,-0.194,0.161,0.569,0.568,0.051,0.26,-0.004,-0.166,0.713,-0.243,0.209,0.437,-0.198,0.192,0.156,-0.033,0.361,0.048,0.275,-0.174,0.222,0.199,0.473,-0.071,0.277,0.298,0.623,0.318,-0.419,0.403,0.152,0.282,0.268,0.132,0.307,-0.025,0.368,0.249,-0.02,-0.074,0.014,0.464,0.612,0.287,0.645,0.478,0.141,-0.038,-0.038,0.056,0.246,0.536,-0.033,-0.011,-0.11,0.077,0.493,0.253,0.614,0.392,0.332,-0.277,0.468,0.165,0.215,0.215,0.653,0.664,0.504,0.199,-0.186,0.275,-0.197,0.094,-0.152,0.311,0.237,0.43,0.309,-0.158,0.674,0.396,0.052,0.136,0.147,-0.325,-0.012,0.192,-0.386,0.535,0.358,0.39,0.31,0.312,0.311,-0.497,0.08,0.337,0.363,0.073,-0.16,-0.377,0.217,0.034,0.314,0.184,0.425,0.331,0.275,0.017,0.35,0.138,-0.179,0.16,0.351,-0.083,0.145,0.281,0.47,0.595,0.192,-0.103,0.395,-0.076,0.359,0.202,0.011,0.643,0.114,0.483,0.047,0.331,0.327,0.499,-0.037,0.571,0.182,0.56,-0.507,-0.106,0.065,0.391,0.132
