,ABAT,ACLS,ACMR,ADMA,ADUS,ADVM,AEIS,AGNCM,AHCO,ALGT,ALLO,AMSF,ANAB,ANDE,APLS,APPF,ASML,ATRC,AVGO,AVT,AXDX,AXSM,AZN,BANR,BBIO,BCYC,BHFAP,BKR,BLDP,BLFS,BLKB,BLMN,BNTX,BPMC,CALM,CAMT,CASH,CATY,CCEP,CDLX,CDNS,CENN,CENX,CGC,CHDN,CLBK,COKE,COLB,COO,CORT,CRMT,CRNX,CRTO,CRVL,CSCO,CSQ,CSWI,CVBF,CWST,CYCC,CZR,DLTR,DORM,ENTA,EQIX,ERIC,EVRG,EWBC,EXAS,EXLS,EXPI,EYE,FBNC,FBRX,FCNCA,FELE,FIBK,FLEX,FRGT,FRHC,FRME,FWONA,FWONK,GDEN,GIII,GILD,GLNG,GNTX,GOOGL,GRPN,HCSG,HIMX,HOPE,HST,HTLD,HUT,HWC,ICUI,IESC,INTC,INTU,IOVA,IPAR,IPGP,ISRG,JBSS,KALU,KPRX,KRNT,LAUR,LBRDA,LBTYK,LECO,LILAK,LITE,MANH,MDXG,MFIC,MGEE,MIDD,MLAB,MMSI,MNKD,MOMO,MRVL,NICE,NMFC,NUWE,NVCR,NWBI,OFIX,OFLX,OMCL,OPK,ORKA,ORLY,OTTR,PDD,PNTG,POOL,POWL,PPBI,PPC,PRAA,PRPL,PZZA,QTRX,QURE,RDFN,RDHL,REAL,REG,REYN,RGLD,RIOT,RUN,RYTM,SAIA,SBAC,SBRA,SCVL,SHOO,SLAB,SLDB,SMCI,SMTC,SRCE,SSP,SSRM,STBA,STRO,SVC,SYBT,TCBI,TCOM,TENX,TH,TMUS,TNDM,TTD,TTMI,UAL,ULH,ULTA,VCYT,VIRT,VKTX,VOD,VRDN,VREX,VRNT,VSAT,WB,WBD,WDC,WEN,WSFS,XXII,Z,ZBRA
ABAT,0.0,0.001,0.904,0.865,0.497,0.461,0.643,-0.385,0.063,0.102,0.776,0.707,-0.519,-0.137,-0.273,0.197,0.691,0.537,-0.8,-0.3,0.646,0.528,0.082,0.562,0.196,0.215,-0.299,-0.191,0.948,0.783,0.04,-0.158,0.679,-0.076,0.544,0.741,0.829,0.562,-0.434,0.621,0.305,0.881,0.228,0.949,0.634,-0.732,0.562,0.515,-0.179,0.567,-0.227,0.486,0.062,-0.466,-0.835,0.349,0.877,-0.593,0.852,0.78,0.637,0.298,0.812,0.744,-0.49,-0.591,-0.566,0.67,0.819,-0.141,0.791,0.61,0.713,0.916,0.681,0.44,0.667,0.741,-0.75,0.185,0.196,0.461,0.195,0.394,0.905,-0.616,0.768,0.843,0.243,0.248,0.673,-0.758,0.694,0.518,0.727,0.904,0.602,0.585,0.676,-0.214,0.702,0.045,-0.643,-0.449,-0.016,-0.707,0.599,0.748,0.906,-0.404,0.602,0.193,0.792,0.708,-0.787,0.885,0.882,0.327,-0.663,-0.486,-0.49,0.805,0.808,0.892,-0.578,-0.46,0.089,0.782,0.889,0.032,0.791,0.706,0.423,0.107,0.473,-0.748,-0.016,0.774,0.648,0.48,-0.469,0.76,0.509,-0.846,0.203,-0.068,0.428,0.565,0.637,0.481,0.917,0.083,-0.241,0.57,0.867,0.904,-0.375,0.735,-0.69,0.431,0.768,0.615,-0.099,0.191,-0.089,0.618,0.131,0.41,0.877,0.385,0.734,0.574,0.461,0.028,0.824,0.831,0.909,-0.554,-0.534,0.881,-0.13,0.526,0.854,0.578,0.222,0.539,0.925,0.078,-0.53,0.546,-0.763,0.531,0.903,0.744,0.734,-0.581,0.753,0.914,-0.523,0.393
ACLS,0.001,0.0,-0.126,0.075,0.204,-0.032,0.544,-0.006,0.396,0.674,0.271,-0.046,-0.157,-0.072,-0.217,0.576,0.346,0.397,0.242,0.471,-0.14,0.013,-0.341,-0.001,-0.074,-0.046,0.548,0.683,-0.008,-0.184,0.259,0.536,-0.329,-0.11,-0.063,0.405,-0.073,0.246,0.441,0.533,0.465,-0.199,-0.056,0.053,0.451,0.411,-0.328,0.319,0.69,-0.358,0.517,0.488,0.629,0.336,0.221,0.509,-0.098,0.212,-0.134,0.205,0.345,0.075,-0.014,-0.347,0.029,0.246,0.303,0.211,0.158,0.771,0.379,0.215,-0.019,-0.021,0.025,0.303,0.035,0.345,-0.042,0.309,0.163,0.166,0.518,0.2,0.034,-0.202,0.085,0.177,0.75,0.155,-0.322,0.4,-0.014,0.403,0.147,-0.121,0.301,-0.135,0.207,0.639,0.305,0.299,0.598,0.714,0.533,0.175,0.164,0.078,0.197,-0.044,-0.28,-0.038,-0.076,0.056,0.148,-0.039,0.217,0.509,0.175,0.232,0.602,0.241,-0.128,-0.131,0.622,0.606,0.637,-0.16,-0.013,0.138,-0.03,-0.111,0.411,-0.253,-0.005,0.442,-0.107,-0.036,0.353,0.407,0.33,0.009,-0.149,0.164,-0.11,0.409,0.226,0.341,0.368,0.568,0.009,0.54,-0.23,-0.142,-0.142,0.08,0.401,0.313,0.048,0.359,0.077,0.375,0.765,0.166,0.702,0.565,0.014,0.206,-0.126,0.158,-0.242,0.393,0.083,0.218,0.152,0.073,-0.129,0.108,0.277,-0.006,0.521,0.394,-0.211,0.523,0.085,-0.205,0.024,0.145,0.464,0.007,0.131,0.382,-0.229,0.017,0.25,0.419,-0.076,-0.032,0.625,0.497
ACMR,0.904,-0.126,0.0,0.869,0.442,0.459,0.547,-0.389,-0.094,-0.059,0.739,0.697,-0.455,-0.156,-0.207,0.055,0.758,0.431,-0.835,-0.438,0.652,0.511,0.089,0.573,0.272,0.27,-0.422,-0.312,0.959,0.816,0.0,-0.306,0.726,-0.002,0.57,0.755,0.835,0.486,-0.618,0.504,0.272,0.925,0.247,0.9,0.528,-0.832,0.614,0.472,-0.363,0.654,-0.39,0.467,-0.121,-0.52,-0.887,0.265,0.857,-0.63,0.848,0.75,0.546,0.224,0.801,0.808,-0.52,-0.633,-0.687,0.624,0.781,-0.301,0.752,0.579,0.713,0.903,0.666,0.347,0.662,0.637,-0.734,0.223,0.151,0.42,0.093,0.348,0.95,-0.617,0.775,0.775,0.115,0.231,0.729,-0.844,0.685,0.438,0.625,0.975,0.506,0.591,0.607,-0.371,0.657,-0.001,-0.744,-0.516,-0.128,-0.765,0.544,0.759,0.88,-0.43,0.531,0.19,0.76,0.686,-0.799,0.904,0.82,0.278,-0.737,-0.52,-0.612,0.687,0.837,0.912,-0.751,-0.467,0.002,0.872,0.903,-0.075,0.81,0.711,0.418,0.117,0.437,-0.865,0.01,0.804,0.602,0.453,-0.553,0.759,0.528,-0.882,0.2,-0.254,0.354,0.53,0.551,0.344,0.928,-0.109,-0.283,0.519,0.948,0.907,-0.474,0.691,-0.773,0.31,0.752,0.541,-0.171,0.085,-0.191,0.602,0.139,0.362,0.875,0.344,0.801,0.442,0.411,-0.038,0.854,0.837,0.919,-0.679,-0.646,0.91,-0.277,0.433,0.889,0.413,0.25,0.517,0.891,-0.006,-0.644,0.512,-0.8,0.476,0.953,0.633,0.72,-0.713,0.75,0.922,-0.712,0.278
ADMA,0.865,0.075,0.869,0.0,0.514,0.586,0.562,-0.29,0.182,0.154,0.702,0.553,-0.468,-0.089,-0.183,0.353,0.725,0.56,-0.655,-0.331,0.604,0.605,0.045,0.462,0.248,0.267,-0.349,-0.194,0.889,0.775,0.129,-0.077,0.584,0.064,0.479,0.756,0.749,0.448,-0.501,0.707,0.411,0.849,0.361,0.881,0.679,-0.728,0.552,0.418,-0.188,0.516,-0.282,0.564,0.036,-0.468,-0.766,0.417,0.779,-0.567,0.712,0.842,0.618,0.383,0.701,0.698,-0.404,-0.51,-0.535,0.552,0.875,-0.055,0.802,0.495,0.599,0.917,0.697,0.421,0.514,0.758,-0.638,0.405,0.118,0.426,0.142,0.435,0.832,-0.547,0.744,0.762,0.285,0.433,0.588,-0.64,0.568,0.576,0.617,0.859,0.507,0.603,0.588,-0.251,0.71,0.236,-0.602,-0.42,0.124,-0.648,0.558,0.748,0.852,-0.281,0.46,0.22,0.704,0.612,-0.651,0.852,0.837,0.31,-0.659,-0.338,-0.331,0.724,0.815,0.875,-0.529,-0.364,0.123,0.827,0.9,-0.131,0.769,0.737,0.45,0.18,0.608,-0.744,-0.033,0.797,0.624,0.515,-0.348,0.654,0.473,-0.732,0.284,0.018,0.506,0.617,0.681,0.543,0.894,0.027,-0.273,0.597,0.814,0.876,-0.202,0.712,-0.61,0.349,0.755,0.519,0.026,0.228,-0.173,0.601,0.007,0.401,0.778,0.308,0.677,0.544,0.358,-0.043,0.767,0.874,0.89,-0.539,-0.486,0.938,-0.125,0.53,0.796,0.528,0.339,0.494,0.903,0.074,-0.532,0.584,-0.695,0.656,0.86,0.611,0.675,-0.472,0.689,0.818,-0.49,0.379
ADUS,0.497,0.204,0.442,0.514,0.0,0.793,0.428,-0.348,0.722,0.525,0.24,0.749,-0.223,0.497,-0.034,0.579,0.339,0.907,-0.206,0.478,0.343,0.57,0.301,0.835,0.178,0.013,-0.297,-0.004,0.538,0.707,0.695,0.506,-0.104,0.474,0.725,0.225,0.734,0.8,0.178,0.551,0.233,0.5,0.534,0.609,0.549,-0.129,0.153,0.58,0.401,0.288,0.437,0.52,0.483,0.288,-0.288,0.728,0.693,0.3,0.512,0.64,0.596,0.647,0.715,0.097,-0.576,0.081,0.23,0.831,0.447,0.331,0.513,0.624,0.754,0.569,0.748,0.898,0.696,0.68,-0.211,0.44,0.749,0.365,0.193,0.808,0.484,-0.114,0.715,0.737,0.476,0.638,0.678,-0.199,0.758,0.839,0.712,0.388,0.835,0.802,0.765,0.033,0.332,0.32,-0.075,-0.05,0.482,0.087,0.91,0.291,0.439,0.181,0.412,0.721,0.797,0.751,-0.089,0.607,0.638,0.17,0.107,0.297,0.112,0.766,0.49,0.643,-0.158,-0.277,0.299,0.507,0.474,0.474,0.526,0.844,0.592,0.303,0.241,-0.212,0.57,0.809,0.487,0.467,0.323,0.768,0.728,-0.178,0.291,0.57,0.601,0.354,0.706,0.263,0.347,0.62,0.258,0.4,0.26,0.574,0.305,0.689,-0.159,0.847,0.819,0.532,0.234,0.533,-0.018,0.451,0.684,0.866,0.506,0.849,0.324,0.791,0.808,0.616,0.457,0.451,0.564,0.128,-0.065,0.459,0.528,0.822,0.649,0.64,0.517,0.251,0.615,0.636,0.067,0.461,-0.167,0.849,0.524,0.685,0.583,0.164,0.748,0.672,-0.126,0.33
ADVM,0.461,-0.032,0.459,0.586,0.793,0.0,0.231,-0.161,0.592,0.252,0.157,0.614,-0.025,0.547,0.241,0.373,0.284,0.767,-0.186,0.199,0.379,0.711,0.526,0.633,0.192,0.241,-0.487,-0.29,0.497,0.762,0.609,0.324,0.109,0.636,0.695,0.115,0.681,0.557,-0.083,0.402,0.279,0.537,0.665,0.568,0.399,-0.264,0.41,0.283,0.098,0.305,0.1,0.355,0.185,0.185,-0.268,0.546,0.648,0.144,0.503,0.664,0.447,0.699,0.586,0.315,-0.43,0.069,0.077,0.61,0.493,0.07,0.428,0.361,0.591,0.605,0.762,0.679,0.451,0.61,-0.144,0.433,0.523,0.265,-0.104,0.769,0.409,0.1,0.712,0.589,0.262,0.7,0.669,-0.236,0.565,0.629,0.546,0.424,0.582,0.841,0.647,-0.265,0.266,0.384,-0.298,-0.382,0.402,0.017,0.746,0.192,0.353,0.336,0.443,0.667,0.722,0.533,-0.066,0.601,0.525,-0.079,0.041,0.292,0.036,0.571,0.589,0.664,-0.332,-0.469,-0.002,0.583,0.52,0.188,0.517,0.839,0.307,0.522,0.486,-0.318,0.552,0.748,0.299,0.358,0.289,0.611,0.677,-0.159,0.476,0.521,0.671,0.186,0.587,0.193,0.342,0.31,0.424,0.546,0.296,0.487,0.305,0.512,-0.038,0.512,0.733,0.232,0.059,0.589,-0.327,0.219,0.498,0.664,0.478,0.566,0.405,0.527,0.64,0.462,0.288,0.429,0.639,0.123,-0.025,0.535,0.346,0.578,0.68,0.432,0.527,0.362,0.609,0.484,-0.162,0.564,-0.133,0.767,0.585,0.583,0.473,0.078,0.65,0.604,-0.297,0.175
AEIS,0.643,0.544,0.547,0.562,0.428,0.231,0.0,-0.248,0.189,0.474,0.677,0.571,-0.321,-0.053,-0.274,0.448,0.688,0.56,-0.484,0.077,0.48,0.396,-0.035,0.443,0.261,0.112,0.173,0.255,0.671,0.438,0.158,0.164,0.282,-0.137,0.424,0.738,0.536,0.531,0.035,0.731,0.395,0.437,0.15,0.708,0.661,-0.211,0.265,0.577,0.323,0.236,0.237,0.562,0.37,-0.075,-0.428,0.53,0.574,-0.242,0.59,0.607,0.709,0.194,0.581,0.338,-0.252,-0.217,-0.172,0.619,0.662,0.327,0.807,0.488,0.507,0.605,0.485,0.457,0.558,0.696,-0.61,0.186,0.296,0.414,0.52,0.426,0.68,-0.5,0.587,0.656,0.524,0.248,0.334,-0.317,0.537,0.586,0.592,0.556,0.615,0.358,0.631,0.386,0.548,0.138,-0.082,0.16,0.219,-0.393,0.525,0.46,0.73,-0.234,0.403,0.053,0.514,0.609,-0.508,0.58,0.755,0.446,-0.268,-0.277,-0.055,0.706,0.554,0.489,-0.065,-0.067,0.407,0.341,0.567,0.221,0.572,0.36,0.56,-0.021,0.236,-0.246,-0.031,0.481,0.714,0.488,-0.216,0.59,0.173,-0.477,0.158,0.214,0.387,0.454,0.689,0.575,0.628,0.418,-0.182,0.349,0.529,0.626,-0.045,0.614,-0.407,0.532,0.569,0.616,0.261,0.316,0.406,0.692,0.218,0.359,0.624,0.469,0.43,0.668,0.418,0.218,0.639,0.537,0.509,-0.235,-0.118,0.546,0.238,0.641,0.457,0.657,0.181,0.387,0.631,0.283,-0.043,0.483,-0.403,0.558,0.484,0.625,0.771,-0.143,0.475,0.632,0.046,0.442
AGNCM,-0.385,-0.006,-0.389,-0.29,-0.348,-0.161,-0.248,0.0,-0.03,0.01,-0.253,-0.481,0.37,0.103,0.304,-0.045,-0.268,-0.306,0.412,0.042,-0.132,0.019,0.007,-0.335,0.121,0.099,0.21,0.158,-0.422,-0.286,-0.125,0.181,-0.187,0.085,-0.397,-0.273,-0.446,-0.371,0.116,-0.299,-0.05,-0.449,0.23,-0.407,-0.142,0.281,0.029,-0.41,-0.067,-0.151,-0.075,-0.047,-0.202,0.088,0.454,-0.207,-0.388,0.114,-0.38,-0.269,-0.112,-0.102,-0.449,-0.083,0.31,0.294,0.07,-0.435,-0.232,0.1,-0.232,-0.334,-0.415,-0.291,-0.155,-0.324,-0.483,-0.104,0.183,-0.15,-0.249,0.056,0.058,-0.061,-0.407,0.294,-0.225,-0.409,-0.196,0.102,-0.412,0.402,-0.381,-0.192,-0.422,-0.388,-0.437,-0.225,-0.268,0.146,-0.321,0.114,0.305,0.078,0.106,0.207,-0.32,-0.356,-0.408,0.347,-0.094,-0.255,-0.352,-0.252,0.286,-0.374,-0.347,-0.236,0.211,0.122,0.221,-0.419,-0.238,-0.429,0.278,0.149,-0.069,-0.406,-0.365,0.0,-0.176,-0.31,-0.263,0.144,-0.021,0.293,-0.151,-0.391,-0.071,-0.401,0.083,-0.397,-0.437,0.411,0.221,0.012,-0.035,-0.426,-0.219,-0.266,-0.333,-0.023,0.005,0.06,-0.347,-0.419,0.337,-0.439,0.398,-0.324,-0.357,-0.413,-0.007,0.034,0.119,-0.379,-0.214,-0.268,-0.253,-0.271,-0.238,-0.252,-0.362,-0.191,-0.421,-0.276,-0.33,0.248,0.319,-0.296,0.024,-0.196,-0.391,-0.368,-0.158,-0.119,-0.319,-0.005,0.261,0.016,0.35,-0.265,-0.357,-0.234,-0.115,0.29,-0.256,-0.441,0.294,-0.211
AHCO,0.063,0.396,-0.094,0.182,0.722,0.592,0.189,-0.03,0.0,0.722,-0.112,0.21,-0.051,0.538,0.016,0.794,-0.055,0.712,0.328,0.695,-0.044,0.432,0.168,0.338,0.001,-0.094,-0.014,0.239,0.04,0.235,0.755,0.805,-0.466,0.421,0.26,-0.083,0.209,0.433,0.484,0.487,0.179,0.014,0.521,0.188,0.44,0.264,-0.235,0.22,0.716,-0.212,0.664,0.311,0.652,0.388,0.216,0.702,0.176,0.539,-0.077,0.397,0.41,0.561,0.162,-0.352,-0.226,0.375,0.616,0.364,0.172,0.607,0.262,0.194,0.218,0.181,0.397,0.693,0.159,0.453,0.19,0.452,0.482,0.151,0.146,0.674,-0.068,0.188,0.29,0.365,0.55,0.682,0.14,0.37,0.232,0.712,0.364,-0.146,0.499,0.447,0.378,0.303,0.066,0.53,0.343,0.258,0.76,0.474,0.587,-0.018,0.022,0.482,0.074,0.538,0.354,0.307,0.39,0.125,0.271,0.069,0.428,0.645,0.608,0.443,0.042,0.198,0.399,0.065,0.347,0.041,0.05,0.353,0.063,0.492,0.427,0.263,0.254,0.267,0.338,0.376,0.208,0.217,0.721,0.232,0.352,0.319,0.268,0.819,0.534,0.168,0.588,0.333,-0.082,0.687,0.319,0.281,-0.287,0.137,0.7,0.365,0.313,0.651,0.406,0.258,0.444,0.533,0.049,0.082,0.321,0.687,0.038,0.528,-0.171,0.635,0.42,0.516,-0.063,0.153,0.128,0.507,0.367,0.078,0.675,0.649,0.095,0.54,0.469,-0.012,0.193,0.656,0.433,0.247,0.299,0.751,-0.002,0.377,0.206,0.656,0.284,0.118,0.42,0.297
ALGT,0.102,0.674,-0.059,0.154,0.525,0.252,0.474,0.01,0.722,0.0,0.233,0.172,-0.306,0.189,-0.317,0.722,0.099,0.575,0.142,0.726,-0.003,0.212,-0.185,0.319,-0.028,-0.097,0.476,0.626,0.087,0.04,0.419,0.823,-0.448,-0.005,0.056,0.223,0.141,0.542,0.612,0.587,0.319,-0.044,0.328,0.233,0.717,0.407,-0.248,0.464,0.842,-0.193,0.715,0.477,0.709,0.289,0.13,0.627,0.144,0.36,0.001,0.334,0.649,0.306,0.215,-0.365,-0.325,0.224,0.447,0.433,0.179,0.867,0.43,0.326,0.277,0.119,0.343,0.608,0.281,0.538,-0.124,0.227,0.446,0.327,0.597,0.518,0.085,-0.155,0.286,0.43,0.715,0.506,-0.093,0.277,0.292,0.763,0.409,-0.115,0.588,0.153,0.386,0.585,0.22,0.254,0.543,0.585,0.642,0.223,0.543,0.139,0.223,0.167,0.073,0.269,0.288,0.408,0.117,0.104,0.395,0.471,0.273,0.296,0.508,0.484,-0.043,0.048,0.549,0.289,0.7,-0.11,-0.012,0.533,0.154,0.208,0.634,-0.08,-0.024,0.351,0.152,0.196,0.548,0.199,0.423,0.301,0.157,0.14,0.115,0.596,0.271,0.324,0.563,0.454,0.069,0.857,-0.054,0.132,-0.189,0.216,0.519,0.402,0.013,0.731,0.341,0.512,0.582,0.252,0.581,0.394,0.307,0.652,0.065,0.519,-0.179,0.775,0.353,0.441,0.175,0.177,0.067,0.25,0.214,0.046,0.684,0.8,0.023,0.642,0.12,-0.095,0.194,0.6,0.433,0.182,0.093,0.562,-0.075,0.422,0.361,0.558,0.312,0.108,0.578,0.433
ALLO,0.776,0.271,0.739,0.702,0.24,0.157,0.677,-0.253,-0.112,0.233,0.0,0.454,-0.572,-0.389,-0.374,0.13,0.658,0.365,-0.717,-0.269,0.537,0.354,-0.227,0.349,0.178,0.253,0.192,0.133,0.751,0.501,-0.236,-0.073,0.546,-0.348,0.245,0.841,0.534,0.458,-0.325,0.562,0.379,0.611,0.032,0.753,0.669,-0.497,0.44,0.47,-0.075,0.427,-0.217,0.612,0.091,-0.441,-0.697,0.207,0.649,-0.641,0.678,0.593,0.58,0.035,0.652,0.588,-0.46,-0.617,-0.625,0.492,0.686,0.08,0.78,0.491,0.514,0.683,0.507,0.253,0.499,0.631,-0.875,-0.001,0.016,0.373,0.366,0.177,0.793,-0.75,0.584,0.69,0.312,0.098,0.254,-0.598,0.514,0.406,0.538,0.706,0.451,0.243,0.551,-0.01,0.696,-0.064,-0.35,-0.18,-0.057,-0.762,0.432,0.716,0.856,-0.547,0.417,-0.14,0.529,0.58,-0.787,0.624,0.806,0.496,-0.696,-0.64,-0.441,0.64,0.548,0.577,-0.316,-0.158,0.278,0.477,0.667,0.064,0.71,0.365,0.447,-0.089,0.218,-0.521,-0.254,0.455,0.762,0.331,-0.588,0.595,0.164,-0.783,0.111,-0.187,0.201,0.548,0.496,0.485,0.819,0.114,-0.547,0.361,0.725,0.758,-0.355,0.543,-0.745,0.321,0.541,0.596,0.02,-0.023,0.314,0.713,0.004,0.269,0.684,0.252,0.558,0.507,0.26,-0.149,0.793,0.632,0.658,-0.67,-0.519,0.675,-0.173,0.459,0.581,0.499,-0.049,0.425,0.744,-0.076,-0.419,0.447,-0.742,0.337,0.643,0.546,0.694,-0.508,0.573,0.705,-0.251,0.411
AMSF,0.707,-0.046,0.697,0.553,0.749,0.614,0.571,-0.481,0.21,0.172,0.454,0.0,-0.283,0.227,-0.131,0.109,0.471,0.706,-0.639,0.109,0.532,0.468,0.333,0.886,0.21,0.061,-0.328,-0.158,0.774,0.767,0.339,0.071,0.349,0.222,0.838,0.375,0.903,0.8,-0.084,0.456,0.176,0.733,0.303,0.791,0.442,-0.383,0.45,0.674,0.049,0.533,0.141,0.361,0.219,0.028,-0.601,0.467,0.881,-0.056,0.852,0.575,0.562,0.49,0.898,0.473,-0.581,-0.214,-0.154,0.888,0.517,-0.063,0.573,0.697,0.891,0.695,0.693,0.694,0.881,0.622,-0.504,0.168,0.663,0.376,0.167,0.612,0.748,-0.312,0.787,0.802,0.233,0.279,0.845,-0.623,0.9,0.579,0.8,0.678,0.812,0.72,0.82,-0.119,0.451,-0.07,-0.431,-0.29,0.022,-0.3,0.806,0.426,0.638,-0.165,0.627,0.577,0.88,0.836,-0.516,0.773,0.739,0.202,-0.173,-0.171,-0.355,0.794,0.67,0.754,-0.509,-0.555,0.136,0.631,0.643,0.451,0.696,0.75,0.479,0.176,0.244,-0.487,0.505,0.769,0.502,0.498,-0.171,0.921,0.748,-0.544,0.172,0.182,0.439,0.351,0.605,0.191,0.599,0.349,0.22,0.35,0.61,0.707,-0.215,0.682,-0.458,0.694,0.808,0.585,-0.133,0.331,-0.072,0.522,0.687,0.644,0.702,0.767,0.634,0.639,0.853,0.504,0.673,0.515,0.735,-0.19,-0.354,0.576,0.249,0.627,0.84,0.567,0.271,0.448,0.721,0.41,-0.279,0.473,-0.484,0.58,0.745,0.784,0.663,-0.319,0.805,0.877,-0.433,0.269
ANAB,-0.519,-0.157,-0.455,-0.468,-0.223,-0.025,-0.321,0.37,-0.051,-0.306,-0.572,-0.283,0.0,0.644,0.855,-0.105,-0.312,-0.27,0.587,-0.003,-0.028,0.209,0.621,-0.281,0.414,0.315,-0.16,-0.374,-0.498,-0.14,0.28,-0.013,-0.25,0.637,-0.097,-0.565,-0.405,-0.529,0.022,-0.493,-0.217,-0.523,0.255,-0.518,-0.599,0.324,0.051,-0.666,-0.101,-0.217,-0.011,-0.258,-0.394,0.532,0.654,-0.207,-0.457,0.462,-0.378,-0.348,-0.315,-0.243,-0.542,-0.155,0.588,0.642,0.31,-0.406,-0.268,-0.178,-0.33,-0.61,-0.479,-0.407,-0.149,-0.384,-0.491,-0.306,0.469,-0.06,-0.17,-0.259,-0.412,0.115,-0.529,0.839,-0.229,-0.62,-0.419,0.163,-0.098,0.507,-0.456,-0.471,-0.647,-0.437,-0.499,0.103,-0.206,0.024,-0.774,0.466,0.252,-0.047,0.066,0.527,-0.413,-0.826,-0.702,0.743,-0.072,-0.173,-0.375,-0.435,0.619,-0.373,-0.595,-0.787,0.54,0.472,0.216,-0.617,-0.066,-0.419,0.08,-0.057,-0.564,-0.372,-0.4,-0.183,-0.343,-0.245,-0.512,0.619,-0.033,0.359,0.186,-0.351,-0.427,-0.471,0.318,-0.454,-0.348,0.632,0.471,0.277,0.243,-0.851,-0.207,-0.459,-0.623,-0.255,0.565,0.133,-0.446,-0.683,0.515,-0.617,0.769,-0.461,-0.338,-0.788,0.028,0.489,-0.324,-0.543,0.056,-0.428,-0.285,-0.141,-0.07,-0.538,-0.311,-0.017,-0.696,-0.571,-0.482,0.628,0.72,-0.406,0.037,-0.394,-0.395,-0.558,0.402,0.183,-0.388,-0.008,0.43,0.175,0.738,-0.16,-0.369,-0.367,-0.253,0.43,-0.463,-0.419,0.166,-0.559
ANDE,-0.137,-0.072,-0.156,-0.089,0.497,0.547,-0.053,0.103,0.538,0.189,-0.389,0.227,0.644,0.0,0.661,0.346,-0.134,0.347,0.425,0.412,0.169,0.575,0.749,0.32,0.431,0.186,-0.329,-0.32,-0.123,0.351,0.719,0.457,-0.353,0.871,0.379,-0.434,0.12,0.106,0.27,-0.07,-0.025,-0.115,0.728,-0.052,-0.09,0.258,0.155,-0.201,0.258,0.044,0.391,0.009,-0.001,0.603,0.429,0.306,0.087,0.65,-0.007,0.117,0.227,0.274,0.006,-0.125,0.05,0.669,0.528,0.201,0.022,0.138,0.033,-0.16,0.109,-0.004,0.441,0.332,0.036,0.23,0.251,0.206,0.4,0.036,-0.197,0.714,-0.196,0.728,0.3,-0.021,-0.035,0.672,0.353,0.335,0.119,0.234,-0.037,-0.181,0.177,0.644,0.331,0.083,-0.508,0.602,0.213,-0.082,0.454,0.563,0.309,-0.579,-0.348,0.875,0.326,0.444,0.274,0.167,0.509,0.06,-0.087,-0.592,0.626,0.642,0.297,0.007,0.22,0.053,0.033,-0.33,-0.232,-0.039,-0.137,0.248,0.079,0.408,-0.041,0.792,0.121,0.212,0.629,0.228,-0.048,-0.217,0.531,0.126,0.206,0.47,0.678,0.679,0.585,-0.526,0.289,-0.324,-0.343,0.282,0.771,0.47,-0.301,-0.234,0.71,-0.089,0.615,0.206,0.303,-0.308,0.134,0.774,-0.313,-0.269,0.528,0.299,0.077,0.503,0.104,0.157,0.256,0.451,-0.369,-0.207,-0.037,0.751,0.637,-0.082,0.51,0.29,0.094,-0.024,0.679,0.361,0.044,0.51,0.418,0.515,0.561,0.448,0.008,0.266,0.175,0.601,0.161,0.034,0.111,-0.274
APLS,-0.273,-0.217,-0.207,-0.183,-0.034,0.241,-0.274,0.304,0.016,-0.317,-0.374,-0.131,0.855,0.661,0.0,-0.051,-0.199,-0.054,0.415,-0.077,0.196,0.451,0.721,-0.105,0.481,0.598,-0.277,-0.512,-0.284,0.154,0.295,-0.015,-0.103,0.732,0.045,-0.447,-0.203,-0.411,-0.165,-0.405,-0.07,-0.3,0.399,-0.28,-0.404,0.119,0.226,-0.643,-0.235,-0.097,-0.178,-0.134,-0.428,0.43,0.448,-0.126,-0.21,0.321,-0.184,-0.055,-0.229,-0.108,-0.329,0.055,0.37,0.501,0.121,-0.27,-0.06,-0.23,-0.187,-0.527,-0.289,-0.14,0.102,-0.269,-0.407,-0.113,0.286,-0.009,-0.172,-0.293,-0.559,0.252,-0.322,0.753,-0.027,-0.433,-0.419,0.331,0.06,0.345,-0.287,-0.321,-0.523,-0.227,-0.39,0.343,-0.022,-0.239,-0.577,0.543,0.056,-0.317,0.147,0.358,-0.207,-0.645,-0.485,0.734,0.066,-0.097,-0.142,-0.288,0.467,-0.145,-0.394,-0.805,0.356,0.415,0.099,-0.443,0.131,-0.166,-0.138,-0.165,-0.614,-0.141,-0.124,-0.215,-0.103,0.027,-0.449,0.791,0.118,0.124,0.207,-0.111,-0.247,-0.398,0.266,-0.272,-0.175,0.456,0.651,0.287,0.45,-0.763,-0.091,-0.392,-0.416,-0.263,0.506,0.342,-0.257,-0.453,0.509,-0.488,0.62,-0.37,-0.131,-0.741,-0.01,0.595,-0.428,-0.405,0.109,-0.283,-0.072,-0.03,0.059,-0.437,-0.171,-0.057,-0.505,-0.338,-0.205,0.473,0.567,-0.164,-0.023,-0.302,-0.115,-0.485,0.507,0.349,-0.132,0.031,0.238,0.379,0.557,0.045,-0.114,-0.229,-0.097,0.296,-0.242,-0.18,-0.04,-0.513
APPF,0.197,0.576,0.055,0.353,0.579,0.373,0.448,-0.045,0.794,0.722,0.13,0.109,-0.105,0.346,-0.051,0.0,0.278,0.596,0.183,0.457,0.134,0.429,-0.036,0.241,0.244,0.01,0.057,0.28,0.193,0.246,0.549,0.621,-0.279,0.264,0.108,0.25,0.163,0.289,0.328,0.634,0.335,0.079,0.422,0.285,0.593,0.124,-0.129,0.232,0.61,-0.104,0.544,0.514,0.541,0.21,0.073,0.686,0.172,0.255,-0.007,0.473,0.568,0.278,0.137,-0.192,-0.056,0.196,0.366,0.308,0.404,0.668,0.493,0.219,0.168,0.291,0.38,0.539,0.159,0.585,-0.0,0.444,0.311,0.29,0.376,0.575,0.119,-0.06,0.315,0.354,0.574,0.635,0.086,0.301,0.181,0.693,0.276,0.035,0.423,0.384,0.339,0.465,0.192,0.622,0.316,0.338,0.698,0.193,0.437,0.126,0.235,0.324,0.1,0.234,0.25,0.314,0.165,0.241,0.389,0.195,0.155,0.394,0.503,0.453,0.223,0.214,0.366,0.215,0.438,0.08,0.214,0.183,0.184,0.388,0.495,0.207,0.233,0.127,0.048,0.365,0.448,0.27,0.446,0.206,0.102,0.131,0.28,0.647,0.557,0.311,0.664,0.475,0.127,0.572,-0.015,0.374,-0.06,0.256,0.607,0.405,0.148,0.512,0.422,0.305,0.57,0.518,0.216,0.333,0.105,0.468,0.172,0.43,0.003,0.615,0.192,0.256,0.153,0.316,0.146,0.284,0.327,0.256,0.491,0.642,0.084,0.547,0.543,0.117,0.324,0.419,0.377,0.36,0.11,0.714,0.069,0.341,0.362,0.492,0.257,0.17,0.396,0.341
ASML,0.691,0.346,0.758,0.725,0.339,0.284,0.688,-0.268,-0.055,0.099,0.658,0.471,-0.312,-0.134,-0.199,0.278,0.0,0.394,-0.517,-0.265,0.45,0.368,-0.054,0.388,0.212,0.155,-0.237,-0.013,0.775,0.556,0.117,-0.201,0.522,0.012,0.411,0.868,0.626,0.391,-0.372,0.574,0.565,0.672,0.179,0.683,0.503,-0.54,0.415,0.479,-0.092,0.413,-0.172,0.612,0.044,-0.257,-0.581,0.453,0.599,-0.45,0.647,0.644,0.586,0.09,0.564,0.546,-0.184,-0.367,-0.444,0.552,0.734,0.069,0.773,0.545,0.493,0.695,0.505,0.334,0.528,0.64,-0.563,0.43,0.182,0.481,0.335,0.31,0.781,-0.538,0.686,0.624,0.436,0.209,0.492,-0.504,0.447,0.425,0.485,0.799,0.461,0.401,0.513,0.037,0.656,0.172,-0.346,-0.073,0.13,-0.548,0.382,0.566,0.783,-0.355,0.269,0.101,0.492,0.481,-0.57,0.768,0.683,0.438,-0.532,-0.308,-0.235,0.548,0.686,0.665,-0.368,-0.058,0.247,0.678,0.727,-0.163,0.616,0.471,0.426,-0.008,0.303,-0.516,0.008,0.626,0.592,0.614,-0.347,0.542,0.268,-0.651,0.112,-0.108,0.388,0.545,0.533,0.45,0.755,0.017,-0.294,0.379,0.781,0.744,-0.236,0.716,-0.55,0.233,0.631,0.537,0.285,0.132,0.134,0.773,0.062,0.241,0.665,0.219,0.604,0.391,0.235,0.013,0.739,0.722,0.638,-0.485,-0.319,0.789,-0.04,0.423,0.6,0.502,0.316,0.321,0.674,-0.129,-0.314,0.416,-0.565,0.473,0.67,0.432,0.741,-0.444,0.497,0.699,-0.384,0.482
ATRC,0.537,0.397,0.431,0.56,0.907,0.767,0.56,-0.306,0.712,0.575,0.365,0.706,-0.27,0.347,-0.054,0.596,0.394,0.0,-0.249,0.448,0.358,0.592,0.244,0.729,0.147,0.107,-0.123,0.091,0.556,0.642,0.637,0.519,-0.017,0.371,0.648,0.331,0.69,0.776,0.173,0.666,0.348,0.471,0.437,0.664,0.651,-0.111,0.17,0.577,0.456,0.179,0.42,0.56,0.546,0.249,-0.305,0.751,0.673,0.206,0.505,0.703,0.606,0.624,0.685,0.124,-0.51,0.025,0.17,0.785,0.525,0.402,0.605,0.584,0.686,0.59,0.693,0.822,0.619,0.716,-0.263,0.416,0.635,0.319,0.221,0.771,0.504,-0.197,0.699,0.741,0.573,0.586,0.548,-0.179,0.688,0.825,0.72,0.392,0.804,0.704,0.794,0.098,0.453,0.3,-0.056,0.006,0.499,0.006,0.87,0.343,0.527,0.109,0.367,0.593,0.739,0.688,-0.151,0.593,0.699,0.264,0.034,0.232,0.167,0.803,0.477,0.61,-0.063,-0.188,0.361,0.457,0.545,0.408,0.539,0.747,0.583,0.229,0.336,-0.172,0.431,0.72,0.54,0.562,0.305,0.714,0.633,-0.217,0.251,0.625,0.647,0.429,0.769,0.47,0.411,0.644,0.191,0.372,0.277,0.59,0.297,0.69,-0.176,0.826,0.762,0.55,0.292,0.544,0.115,0.551,0.552,0.788,0.474,0.735,0.268,0.795,0.791,0.547,0.485,0.486,0.584,0.07,-0.04,0.483,0.536,0.79,0.608,0.721,0.432,0.251,0.63,0.563,0.016,0.47,-0.205,0.87,0.492,0.66,0.588,0.151,0.662,0.664,0.002,0.417
AVGO,-0.8,0.242,-0.835,-0.655,-0.206,-0.186,-0.484,0.412,0.328,0.142,-0.717,-0.639,0.587,0.425,0.415,0.183,-0.517,-0.249,0.0,0.464,-0.621,-0.193,0.058,-0.495,-0.173,-0.095,0.196,0.237,-0.826,-0.596,0.366,0.44,-0.773,0.322,-0.407,-0.614,-0.693,-0.444,0.494,-0.337,-0.035,-0.811,0.077,-0.802,-0.436,0.724,-0.595,-0.515,0.394,-0.668,0.367,-0.261,0.179,0.587,0.95,0.014,-0.783,0.71,-0.826,-0.454,-0.376,-0.096,-0.778,-0.773,0.535,0.797,0.74,-0.513,-0.548,0.372,-0.525,-0.558,-0.673,-0.706,-0.436,-0.166,-0.672,-0.392,0.757,0.169,-0.111,-0.335,-0.195,-0.066,-0.864,0.739,-0.553,-0.639,0.075,0.118,-0.568,0.935,-0.68,-0.25,-0.622,-0.834,-0.429,-0.308,-0.461,0.339,-0.598,0.431,0.752,0.479,0.485,0.878,-0.422,-0.746,-0.833,0.635,-0.573,-0.069,-0.606,-0.638,0.953,-0.717,-0.728,-0.338,0.761,0.791,0.771,-0.633,-0.646,-0.688,0.688,0.518,-0.043,-0.62,-0.737,-0.102,-0.724,-0.411,-0.287,0.138,-0.202,0.822,0.092,-0.524,-0.521,-0.32,0.758,-0.705,-0.407,0.93,0.063,0.414,-0.015,-0.549,-0.298,-0.242,-0.866,0.111,0.363,-0.265,-0.868,-0.784,0.719,-0.515,0.87,-0.263,-0.556,-0.541,0.446,0.155,0.022,-0.511,-0.128,-0.202,-0.723,-0.255,-0.693,-0.359,-0.405,0.116,-0.836,-0.632,-0.785,0.751,0.754,-0.667,0.359,-0.281,-0.782,-0.298,0.166,-0.422,-0.728,0.118,0.753,-0.308,0.916,-0.133,-0.796,-0.573,-0.524,0.828,-0.661,-0.783,0.633,-0.135
AVT,-0.3,0.471,-0.438,-0.331,0.478,0.199,0.077,0.042,0.695,0.726,-0.269,0.109,-0.003,0.412,-0.077,0.457,-0.265,0.448,0.464,0.0,-0.295,-0.062,-0.024,0.327,-0.217,-0.29,0.348,0.552,-0.313,-0.181,0.536,0.812,-0.73,0.203,0.11,-0.311,-0.037,0.483,0.879,0.117,0.111,-0.36,0.198,-0.171,0.227,0.724,-0.477,0.335,0.854,-0.352,0.878,0.124,0.714,0.704,0.487,0.499,-0.089,0.8,-0.213,-0.083,0.203,0.348,0.023,-0.688,-0.211,0.564,0.808,0.335,-0.323,0.748,-0.09,0.216,0.164,-0.304,0.055,0.58,0.178,0.147,0.348,0.157,0.637,0.065,0.329,0.405,-0.317,0.251,0.022,0.115,0.536,0.27,-0.114,0.535,0.179,0.484,0.222,-0.493,0.468,0.07,0.188,0.538,-0.127,0.08,0.715,0.606,0.602,0.693,0.429,-0.292,-0.242,0.367,-0.099,0.487,0.101,0.169,0.508,-0.206,-0.052,0.212,0.727,0.625,0.621,0.179,-0.398,-0.259,0.657,0.32,0.531,-0.383,-0.395,0.691,-0.196,0.059,0.305,-0.07,-0.315,0.669,0.506,-0.02,0.091,0.109,0.714,0.119,0.209,0.524,-0.059,0.661,0.121,-0.025,0.176,-0.002,-0.426,0.866,0.368,-0.201,-0.575,-0.19,0.585,0.15,0.382,0.652,0.096,0.232,0.484,0.246,0.468,0.074,0.568,0.602,-0.297,0.516,-0.458,0.461,0.445,0.714,-0.206,-0.275,-0.289,0.631,0.438,-0.41,0.842,0.484,-0.198,0.403,0.064,-0.34,-0.248,0.633,0.643,-0.137,0.479,0.296,-0.406,0.168,0.024,0.751,0.075,-0.172,0.634,0.261
AXDX,0.646,-0.14,0.652,0.604,0.343,0.379,0.48,-0.132,-0.044,-0.003,0.537,0.532,-0.028,0.169,0.196,0.134,0.45,0.358,-0.621,-0.295,0.0,0.647,0.398,0.508,0.639,0.421,-0.267,-0.427,0.642,0.74,-0.036,-0.159,0.551,0.206,0.402,0.409,0.582,0.285,-0.419,0.296,0.002,0.562,0.422,0.695,0.415,-0.548,0.711,0.164,-0.26,0.587,-0.256,0.4,-0.344,-0.195,-0.583,0.063,0.675,-0.371,0.676,0.522,0.519,0.067,0.585,0.723,-0.321,-0.332,-0.534,0.444,0.638,-0.227,0.606,0.228,0.527,0.652,0.693,0.133,0.461,0.546,-0.607,-0.122,0.089,0.344,0.072,0.476,0.663,-0.241,0.672,0.438,-0.175,0.358,0.566,-0.589,0.558,0.292,0.335,0.644,0.345,0.617,0.521,-0.266,0.184,0.135,-0.524,-0.451,-0.186,-0.586,0.409,0.294,0.544,0.024,0.732,0.034,0.596,0.59,-0.579,0.642,0.593,-0.127,-0.442,-0.429,-0.564,0.463,0.789,0.577,-0.577,-0.575,-0.182,0.465,0.633,0.105,0.768,0.512,0.169,0.466,0.317,-0.662,0.046,0.522,0.538,0.004,-0.484,0.604,0.294,-0.558,0.54,0.021,0.446,0.076,0.451,0.093,0.619,-0.018,-0.069,0.659,0.639,0.489,-0.137,0.272,-0.406,0.2,0.629,0.156,-0.29,0.411,-0.125,0.338,0.277,0.169,0.747,0.426,0.726,0.323,0.343,-0.062,0.501,0.465,0.677,-0.273,-0.195,0.591,-0.157,0.362,0.699,0.124,0.28,0.806,0.752,0.085,-0.412,0.757,-0.486,0.359,0.697,0.588,0.632,-0.384,0.604,0.676,-0.403,-0.189
AXSM,0.528,0.013,0.511,0.605,0.57,0.711,0.396,0.019,0.432,0.212,0.354,0.468,0.209,0.575,0.451,0.429,0.368,0.592,-0.193,-0.062,0.647,0.0,0.623,0.416,0.598,0.539,-0.315,-0.392,0.522,0.795,0.465,0.245,0.253,0.607,0.488,0.257,0.495,0.245,-0.284,0.411,0.213,0.444,0.777,0.59,0.43,-0.358,0.598,-0.041,-0.007,0.368,-0.044,0.444,-0.091,0.008,-0.22,0.396,0.56,-0.075,0.442,0.695,0.573,0.273,0.409,0.5,-0.223,0.031,-0.156,0.383,0.685,0.008,0.662,0.066,0.361,0.664,0.808,0.346,0.225,0.689,-0.431,0.252,0.149,0.214,-0.129,0.788,0.439,0.1,0.713,0.447,0.06,0.801,0.51,-0.212,0.378,0.47,0.277,0.458,0.32,0.823,0.631,-0.121,0.082,0.641,-0.282,-0.425,0.367,-0.177,0.519,0.094,0.355,0.441,0.59,0.186,0.613,0.502,-0.159,0.572,0.542,-0.324,-0.137,0.088,-0.086,0.46,0.74,0.593,-0.361,-0.502,-0.178,0.437,0.557,0.008,0.645,0.708,0.219,0.771,0.548,-0.4,0.189,0.595,0.471,0.018,0.018,0.464,0.255,-0.218,0.85,0.46,0.809,-0.09,0.709,0.195,0.405,0.135,0.23,0.86,0.358,0.402,0.399,0.283,-0.007,0.278,0.647,0.013,0.027,0.761,-0.288,0.137,0.239,0.349,0.669,0.472,0.552,0.429,0.298,0.052,0.226,0.416,0.59,0.088,0.151,0.58,0.124,0.504,0.563,0.226,0.662,0.724,0.696,0.322,-0.089,0.896,-0.093,0.736,0.606,0.603,0.635,0.065,0.537,0.578,-0.203,-0.05
AZN,0.082,-0.341,0.089,0.045,0.301,0.526,-0.035,0.007,0.168,-0.185,-0.227,0.333,0.621,0.749,0.721,-0.036,-0.054,0.244,0.058,-0.024,0.398,0.623,0.0,0.267,0.466,0.405,-0.478,-0.627,0.084,0.486,0.459,-0.004,0.069,0.751,0.463,-0.303,0.246,0.007,-0.155,-0.159,-0.158,0.088,0.554,0.122,-0.204,-0.096,0.44,-0.275,-0.12,0.191,-0.028,-0.067,-0.333,0.323,0.112,0.094,0.229,0.279,0.217,0.199,0.095,0.178,0.107,0.254,0.054,0.365,0.127,0.153,0.165,-0.267,0.044,-0.216,0.12,0.178,0.462,0.076,0.055,0.119,0.05,0.044,0.181,-0.034,-0.401,0.53,0.016,0.592,0.357,-0.013,-0.307,0.459,0.479,-0.038,0.149,-0.002,-0.021,0.08,0.05,0.638,0.308,-0.286,-0.404,0.4,-0.221,-0.433,0.076,0.195,0.203,-0.429,-0.171,0.662,0.453,0.245,0.313,0.128,0.199,0.217,-0.02,-0.682,0.292,0.288,-0.093,-0.006,0.436,0.237,-0.364,-0.565,-0.532,0.15,0.132,0.004,0.203,0.376,-0.143,0.8,0.25,-0.131,0.501,0.254,-0.097,-0.209,0.189,0.169,0.216,0.15,0.69,0.403,0.508,-0.538,0.195,-0.279,-0.099,-0.065,0.711,0.532,0.005,-0.109,0.342,-0.106,0.37,-0.003,0.287,-0.37,-0.216,0.655,-0.503,-0.3,0.398,0.06,0.291,0.289,0.339,-0.037,0.219,0.187,-0.249,-0.068,0.18,0.444,0.412,0.099,0.116,0.076,0.282,-0.173,0.533,0.535,0.189,0.271,0.068,0.571,0.291,0.291,0.271,0.258,0.196,0.165,0.176,0.204,-0.24,-0.434
BANR,0.562,-0.001,0.573,0.462,0.835,0.633,0.443,-0.335,0.338,0.319,0.349,0.886,-0.281,0.32,-0.105,0.241,0.388,0.729,-0.495,0.327,0.508,0.416,0.267,0.0,0.237,-0.006,-0.305,-0.044,0.629,0.725,0.383,0.252,0.126,0.312,0.769,0.253,0.838,0.865,0.079,0.365,0.131,0.616,0.421,0.67,0.499,-0.218,0.37,0.717,0.141,0.534,0.262,0.437,0.243,0.168,-0.485,0.479,0.815,0.14,0.735,0.5,0.578,0.523,0.86,0.325,-0.691,-0.106,-0.04,0.909,0.365,0.11,0.465,0.738,0.941,0.578,0.727,0.757,0.893,0.634,-0.37,0.165,0.81,0.465,0.283,0.691,0.647,-0.267,0.789,0.745,0.253,0.4,0.785,-0.486,0.947,0.704,0.764,0.53,0.844,0.735,0.782,-0.083,0.356,-0.064,-0.245,-0.186,0.115,-0.162,0.865,0.36,0.527,-0.036,0.587,0.69,0.852,0.873,-0.384,0.679,0.664,0.241,-0.04,-0.039,-0.27,0.728,0.551,0.641,-0.385,-0.428,0.294,0.526,0.49,0.641,0.681,0.754,0.535,0.176,0.098,-0.382,0.612,0.752,0.551,0.424,-0.038,0.927,0.752,-0.387,0.192,0.228,0.41,0.332,0.514,0.046,0.465,0.519,0.196,0.298,0.462,0.621,-0.05,0.648,-0.403,0.773,0.825,0.561,-0.035,0.329,0.062,0.508,0.828,0.776,0.603,0.892,0.5,0.7,0.885,0.618,0.629,0.438,0.638,-0.084,-0.289,0.449,0.374,0.721,0.788,0.521,0.247,0.326,0.632,0.527,-0.156,0.435,-0.394,0.572,0.63,0.74,0.658,-0.154,0.872,0.773,-0.351,0.207
BBIO,0.196,-0.074,0.272,0.248,0.178,0.192,0.261,0.121,0.001,-0.028,0.178,0.21,0.414,0.431,0.481,0.244,0.212,0.147,-0.173,-0.217,0.639,0.598,0.466,0.237,0.0,0.507,-0.165,-0.437,0.236,0.504,0.05,0.011,0.23,0.489,0.184,0.087,0.117,-0.116,-0.27,0.008,-0.15,0.14,0.499,0.244,0.14,-0.204,0.572,-0.213,-0.189,0.431,-0.06,0.269,-0.456,0.035,-0.126,-0.047,0.267,-0.065,0.253,0.182,0.291,-0.232,0.166,0.449,0.005,-0.01,-0.259,0.059,0.333,-0.126,0.358,-0.054,0.16,0.286,0.443,-0.122,0.088,0.301,-0.321,-0.241,-0.045,0.203,0.04,0.453,0.272,0.108,0.351,0.005,-0.376,0.42,0.3,-0.114,0.204,0.05,-0.083,0.236,-0.051,0.52,0.297,-0.082,-0.293,0.417,-0.161,-0.275,-0.111,-0.237,0.131,-0.158,0.117,0.391,0.54,-0.113,0.208,0.322,-0.166,0.288,0.204,-0.461,-0.101,-0.17,-0.263,0.083,0.562,0.156,-0.318,-0.386,-0.294,0.066,0.222,0.076,0.456,0.23,0.005,0.701,0.096,-0.324,0.009,0.17,0.427,-0.302,-0.267,0.226,-0.119,-0.091,0.668,0.108,0.467,-0.267,0.306,-0.188,0.155,-0.104,0.047,0.601,0.23,0.057,0.253,-0.135,0.015,-0.051,0.334,-0.234,-0.131,0.523,-0.091,0.079,0.171,-0.089,0.404,0.353,0.589,0.056,-0.008,-0.195,0.114,0.072,0.211,0.025,0.193,0.207,-0.084,0.164,0.266,-0.224,0.503,0.659,0.388,0.065,-0.042,0.74,-0.053,0.263,0.306,0.265,0.401,-0.031,0.267,0.274,-0.145,-0.462
BCYC,0.215,-0.046,0.27,0.267,0.013,0.241,0.112,0.099,-0.094,-0.097,0.253,0.061,0.315,0.186,0.598,0.01,0.155,0.107,-0.095,-0.29,0.421,0.539,0.405,-0.006,0.507,0.0,-0.001,-0.391,0.175,0.351,0.007,-0.097,0.249,0.357,-0.025,0.134,0.034,-0.203,-0.444,-0.066,0.143,0.09,0.294,0.175,0.138,-0.211,0.384,-0.368,-0.258,0.063,-0.368,0.195,-0.36,-0.019,-0.074,-0.057,0.102,-0.176,0.129,0.324,0.092,-0.273,0.007,0.342,0.006,-0.094,-0.355,-0.063,0.283,-0.156,0.266,-0.211,-0.011,0.268,0.289,-0.207,-0.165,0.221,-0.26,-0.093,-0.323,-0.194,-0.366,0.212,0.177,0.158,0.192,0.003,-0.224,0.341,0.089,-0.052,-0.054,-0.092,-0.262,0.201,-0.184,0.349,0.169,-0.327,-0.1,0.409,-0.158,-0.367,0.072,-0.232,-0.002,-0.06,0.12,0.264,0.176,-0.307,0.089,-0.034,-0.067,0.212,0.077,-0.398,-0.201,-0.054,-0.192,-0.096,0.345,0.142,-0.303,-0.086,-0.386,0.124,0.291,-0.212,0.217,0.118,-0.078,0.55,0.157,-0.24,-0.156,0.09,0.307,-0.246,-0.131,0.028,-0.129,-0.094,0.615,0.022,0.493,-0.315,0.16,0.053,0.118,-0.249,-0.061,0.489,0.184,0.057,0.187,-0.177,0.003,-0.192,0.103,-0.332,0.108,0.348,-0.166,0.105,-0.037,-0.111,0.276,-0.022,0.301,-0.153,-0.127,-0.279,0.042,0.13,0.181,-0.16,0.101,0.216,-0.247,-0.038,0.19,-0.167,0.366,0.385,0.3,-0.039,-0.106,0.497,-0.002,0.189,0.221,0.01,0.204,-0.115,0.06,0.198,-0.213,-0.225
BHFAP,-0.299,0.548,-0.422,-0.349,-0.297,-0.487,0.173,0.21,-0.014,0.476,0.192,-0.328,-0.16,-0.329,-0.277,0.057,-0.237,-0.123,0.196,0.348,-0.267,-0.315,-0.478,-0.305,-0.165,-0.001,0.0,0.684,-0.366,-0.55,-0.315,0.381,-0.369,-0.497,-0.501,0.041,-0.489,-0.049,0.513,0.03,0.089,-0.519,-0.31,-0.278,0.204,0.593,-0.374,0.014,0.518,-0.393,0.373,0.073,0.337,0.147,0.331,-0.051,-0.373,0.094,-0.35,-0.299,0.019,-0.302,-0.26,-0.455,0.037,0.09,0.194,-0.204,-0.288,0.568,-0.032,-0.145,-0.281,-0.406,-0.323,-0.138,-0.234,-0.097,-0.124,-0.324,-0.182,-0.191,0.352,-0.265,-0.279,-0.152,-0.359,-0.168,0.275,-0.223,-0.711,0.393,-0.239,-0.042,-0.169,-0.472,-0.083,-0.548,-0.136,0.588,-0.027,-0.186,0.651,0.617,0.122,0.086,-0.151,-0.099,-0.103,-0.148,-0.246,-0.425,-0.372,-0.155,0.082,-0.466,-0.102,0.306,0.173,-0.106,0.329,-0.098,-0.537,-0.568,0.676,0.514,0.441,-0.659,-0.43,0.296,-0.25,-0.584,0.083,-0.395,-0.417,0.556,-0.342,-0.56,0.203,-0.231,0.014,-0.258,-0.501,0.22,-0.193,0.074,-0.281,-0.027,-0.103,0.165,-0.25,0.362,-0.347,-0.327,-0.422,-0.271,0.165,-0.246,0.037,0.088,-0.385,0.076,0.32,-0.207,0.765,0.125,-0.13,-0.084,-0.353,-0.093,-0.456,0.092,-0.187,-0.119,-0.127,-0.366,-0.46,0.046,0.183,-0.465,0.231,0.043,-0.504,0.085,-0.464,-0.306,-0.327,0.004,0.379,-0.227,0.164,-0.228,-0.548,-0.141,-0.11,0.333,-0.302,-0.386,0.711,0.146
BKR,-0.191,0.683,-0.312,-0.194,-0.004,-0.29,0.255,0.158,0.239,0.626,0.133,-0.158,-0.374,-0.32,-0.512,0.28,-0.013,0.091,0.237,0.552,-0.427,-0.392,-0.627,-0.044,-0.437,-0.391,0.684,0.0,-0.19,-0.497,0.009,0.516,-0.468,-0.494,-0.213,0.195,-0.2,0.279,0.607,0.325,0.275,-0.31,-0.231,-0.155,0.321,0.538,-0.552,0.426,0.631,-0.446,0.507,0.24,0.704,0.176,0.27,0.316,-0.234,0.233,-0.255,-0.105,0.134,0.108,-0.095,-0.521,-0.038,0.186,0.374,0.101,-0.208,0.729,0.052,0.25,-0.035,-0.232,-0.259,0.264,0.033,0.121,0.071,0.122,0.205,0.132,0.564,-0.124,-0.143,-0.28,-0.189,0.122,0.658,-0.137,-0.475,0.394,-0.028,0.298,0.166,-0.32,0.243,-0.454,-0.009,0.639,0.31,-0.156,0.659,0.744,0.379,0.241,0.083,0.156,0.028,-0.273,-0.404,-0.004,-0.178,-0.0,0.133,-0.265,0.053,0.68,0.224,0.123,0.509,0.103,-0.49,-0.313,0.687,0.651,0.736,-0.346,-0.287,0.346,-0.226,-0.301,0.412,-0.612,-0.254,0.559,-0.151,-0.23,0.218,0.279,0.27,-0.06,-0.136,0.21,-0.437,0.127,-0.25,0.314,0.067,0.358,-0.116,0.597,-0.296,-0.439,-0.296,-0.01,0.146,0.19,-0.015,0.366,-0.176,0.447,0.517,-0.255,0.752,0.301,-0.009,0.261,-0.297,0.057,-0.471,0.329,0.065,0.272,0.065,-0.078,-0.295,0.046,0.018,-0.249,0.455,0.275,-0.363,0.428,-0.399,-0.545,-0.238,0.236,0.441,-0.394,0.127,0.019,-0.414,-0.059,0.035,0.35,-0.114,-0.231,0.625,0.56
BLDP,0.948,-0.008,0.959,0.889,0.538,0.497,0.671,-0.422,0.04,0.087,0.751,0.774,-0.498,-0.123,-0.284,0.193,0.775,0.556,-0.826,-0.313,0.642,0.522,0.084,0.629,0.236,0.175,-0.366,-0.19,0.0,0.811,0.1,-0.196,0.668,-0.028,0.628,0.784,0.89,0.593,-0.474,0.649,0.344,0.923,0.254,0.959,0.616,-0.757,0.561,0.588,-0.194,0.592,-0.232,0.529,0.057,-0.447,-0.866,0.417,0.903,-0.56,0.886,0.795,0.648,0.327,0.853,0.747,-0.485,-0.58,-0.557,0.719,0.839,-0.153,0.82,0.654,0.761,0.939,0.69,0.485,0.741,0.73,-0.733,0.281,0.264,0.487,0.218,0.419,0.956,-0.634,0.811,0.863,0.268,0.261,0.752,-0.799,0.745,0.556,0.747,0.958,0.636,0.618,0.704,-0.211,0.728,0.024,-0.668,-0.41,-0.023,-0.704,0.636,0.777,0.921,-0.421,0.567,0.255,0.816,0.754,-0.79,0.939,0.897,0.364,-0.662,-0.464,-0.496,0.813,0.852,0.934,-0.64,-0.455,0.11,0.853,0.925,0.02,0.81,0.745,0.493,0.083,0.466,-0.784,0.056,0.841,0.662,0.557,-0.461,0.82,0.568,-0.859,0.174,-0.097,0.416,0.602,0.674,0.468,0.946,0.065,-0.221,0.531,0.923,0.952,-0.405,0.782,-0.726,0.458,0.803,0.65,-0.092,0.17,-0.111,0.66,0.196,0.45,0.894,0.429,0.781,0.586,0.513,0.072,0.877,0.862,0.927,-0.588,-0.583,0.927,-0.13,0.557,0.894,0.573,0.267,0.508,0.925,0.101,-0.553,0.531,-0.779,0.573,0.941,0.732,0.771,-0.617,0.781,0.955,-0.586,0.403
BLFS,0.783,-0.184,0.816,0.775,0.707,0.762,0.438,-0.286,0.235,0.04,0.501,0.767,-0.14,0.351,0.154,0.246,0.556,0.642,-0.596,-0.181,0.74,0.795,0.486,0.725,0.504,0.351,-0.55,-0.497,0.811,0.0,0.298,-0.025,0.492,0.456,0.727,0.417,0.831,0.525,-0.421,0.401,0.168,0.797,0.59,0.823,0.468,-0.634,0.717,0.319,-0.214,0.686,-0.163,0.467,-0.134,-0.154,-0.646,0.359,0.888,-0.27,0.799,0.739,0.571,0.399,0.798,0.721,-0.526,-0.316,-0.392,0.672,0.725,-0.204,0.658,0.473,0.742,0.844,0.886,0.507,0.631,0.703,-0.586,0.187,0.363,0.391,-0.019,0.69,0.77,-0.23,0.871,0.698,0.02,0.571,0.839,-0.639,0.738,0.54,0.601,0.785,0.566,0.904,0.74,-0.38,0.35,0.269,-0.606,-0.599,0.057,-0.457,0.715,0.417,0.651,0.056,0.729,0.415,0.856,0.756,-0.521,0.854,0.742,-0.088,-0.382,-0.205,-0.435,0.694,0.898,0.859,-0.681,-0.676,-0.116,0.753,0.772,0.128,0.84,0.887,0.326,0.551,0.442,-0.727,0.333,0.856,0.555,0.274,-0.252,0.799,0.585,-0.59,0.548,0.16,0.632,0.249,0.624,0.126,0.684,0.079,0.112,0.731,0.704,0.723,-0.038,0.566,-0.42,0.418,0.877,0.315,-0.183,0.503,-0.314,0.392,0.427,0.498,0.85,0.609,0.781,0.517,0.56,0.151,0.612,0.641,0.86,-0.251,-0.292,0.774,0.002,0.56,0.913,0.331,0.513,0.684,0.887,0.243,-0.432,0.786,-0.519,0.67,0.9,0.743,0.729,-0.354,0.837,0.881,-0.594,0.052
BLKB,0.04,0.259,0.0,0.129,0.695,0.609,0.158,-0.125,0.755,0.419,-0.236,0.339,0.28,0.719,0.295,0.549,0.117,0.637,0.366,0.536,-0.036,0.465,0.459,0.383,0.05,0.007,-0.315,0.009,0.1,0.298,0.0,0.51,-0.38,0.651,0.48,-0.085,0.338,0.381,0.268,0.348,0.237,0.051,0.535,0.142,0.135,0.156,-0.167,0.182,0.494,-0.208,0.467,0.263,0.478,0.523,0.272,0.74,0.16,0.628,0.031,0.425,0.332,0.515,0.127,-0.26,-0.011,0.555,0.603,0.435,0.203,0.348,0.247,0.148,0.214,0.185,0.389,0.632,0.207,0.369,0.301,0.65,0.518,0.169,-0.032,0.69,-0.028,0.407,0.366,0.299,0.489,0.623,0.392,0.305,0.202,0.517,0.248,-0.019,0.447,0.571,0.451,0.187,-0.039,0.623,0.22,0.175,0.722,0.579,0.471,-0.176,-0.086,0.546,0.003,0.558,0.385,0.218,0.487,0.226,0.121,-0.081,0.499,0.775,0.515,0.267,0.187,0.3,0.139,0.008,0.066,0.235,0.123,0.136,0.001,0.545,0.328,0.402,0.303,0.232,0.572,0.476,0.039,0.338,0.737,0.23,0.473,0.334,0.325,0.727,0.613,-0.057,0.551,0.209,-0.119,0.465,0.579,0.284,-0.156,0.087,0.611,0.374,0.424,0.51,0.388,0.127,0.471,0.615,-0.206,0.077,0.432,0.568,0.109,0.478,-0.005,0.391,0.433,0.628,-0.121,0.155,0.113,0.559,0.424,0.165,0.583,0.486,0.151,0.43,0.698,0.061,0.153,0.601,0.438,0.239,0.437,0.7,0.098,0.261,0.251,0.544,0.189,0.201,0.154,0.266
