,ABAT,ACLS,ACMR,ADMA,ADUS,ADVM,AEIS,AGNCM,AHCO,ALGT,ALLO,AMSF,ANAB,ANDE,APLS,APPF,ASML,ATRC,AVGO,AVT,AXDX,AXSM,AZN,BANR,BBIO,BCYC,BHFAP,BKR,BLDP,BLFS,BLKB,BLMN,BNTX,BPMC,CALM,CAMT,CASH,CATY,CCEP,CDLX,CDNS,CENN,CENX,CGC,CHDN,CLBK,COKE,COLB,COO,CORT,CRMT,CRNX,CRTO,CRVL,CSCO,CSQ,CSWI,CVBF,CWST,CYCC,CZR,DLTR,DORM,ENTA,EQIX,ERIC,EVRG,EWBC,EXAS,EXLS,EXPI,EYE,FBNC,FBRX,FCNCA,FELE,FIBK,FLEX,FRGT,FRHC,FRME,FWONA,FWONK,GDEN,GIII,GILD,GLNG,GNTX,GOOGL,GRPN,HCSG,HIMX,HOPE,HST,HTLD,HUT,HWC,ICUI,IESC,INTC,INTU,IOVA,IPAR,IPGP,ISRG,JBSS,KALU,KPRX,KRNT,LAUR,LBRDA,LBTYK,LECO,LILAK,LITE,MANH,MDXG,MFIC,MGEE,MIDD,MLAB,MMSI,MNKD,MOMO,MRVL,NICE,NMFC,NUWE,NVCR,NWBI,OFIX,OFLX,OMCL,OPK,ORKA,ORLY,OTTR,PDD,PNTG,POOL,POWL,PPBI,PPC,PRAA,PRPL,PZZA,QTRX,QURE,RDFN,RDHL,REAL,REG,REYN,RGLD,RIOT,RUN,RYTM,SAIA,SBAC,SBRA,SCVL,SHOO,SLAB,SLDB,SMCI,SMTC,SRCE,SSP,SSRM,STBA,STRO,SVC,SYBT,TCBI,TCOM,TENX,TH,TMUS,TNDM,TTD,TTMI,UAL,ULH,ULTA,VCYT,VIRT,VKTX,VOD,VRDN,VREX,VRNT,VSAT,WB,WBD,WDC,WEN,WSFS,XXII,Z,ZBRA
ABAT,0.0,0.079,0.142,0.634,0.118,0.512,-0.514,0.367,-0.21,0.416,0.601,-0.088,0.348,0.141,-0.684,0.346,0.372,0.601,0.596,-0.424,0.669,-0.34,-0.29,-0.418,-0.162,0.046,0.533,-0.373,0.636,0.091,0.519,0.358,0.77,-0.139,0.709,0.389,0.485,-0.113,0.358,0.609,0.022,0.411,-0.222,0.572,-0.004,0.096,0.775,-0.031,0.012,0.467,0.275,0.412,0.404,-0.309,0.453,0.514,-0.17,-0.385,0.56,0.281,-0.102,-0.243,0.035,0.609,0.62,0.665,0.395,0.42,-0.137,-0.374,0.779,-0.044,-0.098,-0.418,0.253,0.277,-0.208,0.253,0.565,0.088,-0.027,0.667,0.653,-0.176,0.24,0.328,-0.531,-0.325,0.697,0.282,0.355,0.571,-0.321,-0.571,0.008,0.16,-0.602,-0.297,-0.092,-0.088,0.214,-0.336,0.527,-0.451,-0.444,0.536,-0.206,0.5,0.029,-0.309,-0.253,0.06,-0.427,-0.113,-0.552,0.462,0.482,0.556,-0.431,-0.29,-0.638,0.366,0.603,0.63,-0.244,-0.086,0.145,0.506,0.226,-0.332,-0.443,0.406,0.552,0.692,0.227,-0.539,0.028,0.666,-0.383,-0.21,-0.809,0.341,0.597,0.0,0.541,0.557,0.035,-0.114,0.433,0.616,-0.615,0.46,0.531,0.211,0.189,-0.574,-0.143,-0.168,0.221,0.333,0.588,-0.18,0.228,0.604,0.117,-0.422,-0.072,0.423,-0.222,-0.242,-0.28,0.191,0.582,-0.298,0.095,0.405,0.514,-0.175,0.648,0.459,-0.204,-0.565,0.054,0.1,0.589,0.742,0.663,0.582,-0.442,0.587,0.624,0.622,0.639,0.681,0.579,-0.618,-0.457,0.308,0.306,0.155
ACLS,0.079,0.0,0.637,0.432,0.804,0.622,0.57,0.714,-0.318,0.319,-0.539,0.282,0.302,0.591,0.284,0.342,0.764,0.361,0.573,0.715,-0.08,0.464,0.318,0.711,0.646,0.324,0.222,0.529,0.326,0.729,0.238,0.589,-0.053,0.571,-0.19,0.299,0.274,0.586,0.387,0.246,0.779,-0.427,0.495,-0.141,0.678,0.617,0.018,0.603,0.68,-0.127,0.559,0.405,0.311,0.537,0.111,0.501,0.743,0.729,0.641,0.27,0.635,0.662,0.654,0.08,-0.232,-0.026,0.193,0.413,0.803,0.712,0.192,0.53,0.571,0.552,0.501,0.641,0.594,0.666,0.317,0.456,0.412,0.333,0.287,0.681,0.203,0.661,0.214,0.777,0.317,-0.021,-0.408,0.179,0.692,0.447,0.499,0.322,0.472,0.701,0.611,0.447,0.555,0.385,0.041,0.763,0.383,0.159,0.598,0.338,0.669,0.561,0.569,0.267,0.469,0.538,-0.045,0.384,-0.078,0.261,0.513,-0.253,0.075,0.537,0.153,0.254,0.468,0.512,0.52,0.577,0.501,0.69,0.571,-0.616,0.454,-0.368,0.617,0.453,0.582,0.321,0.58,0.099,0.171,0.597,0.398,0.316,0.602,-0.051,0.699,0.741,0.436,0.021,0.633,0.304,-0.419,0.276,0.333,0.623,0.573,0.778,-0.121,0.404,-0.161,0.45,0.79,0.15,0.698,0.705,0.636,0.189,-0.206,0.618,0.568,0.287,-0.089,0.514,0.544,0.351,0.073,0.213,0.585,0.394,0.534,0.248,0.721,0.564,0.152,-0.31,0.021,0.262,0.336,0.268,0.092,0.152,0.107,-0.121,0.042,0.292,0.554,0.391,0.567,0.499
ACMR,0.142,0.637,0.0,0.674,0.533,0.529,0.115,0.321,-0.704,0.656,-0.173,0.626,0.837,0.772,0.339,0.802,0.832,0.771,0.695,0.442,0.242,0.382,-0.212,0.552,0.652,0.381,-0.007,0.63,0.306,0.717,0.68,0.698,0.323,0.379,0.165,0.758,0.586,0.66,0.732,0.673,0.889,0.057,0.825,0.254,0.635,0.373,0.359,0.702,0.621,0.02,0.835,0.685,0.798,0.554,0.478,0.769,0.738,0.473,0.446,0.644,0.55,0.689,0.388,0.504,-0.2,0.447,0.476,0.777,0.631,0.541,0.508,0.764,0.697,0.158,0.871,0.801,0.778,0.498,0.693,0.799,0.655,0.665,0.649,0.751,0.632,0.388,0.268,0.479,0.563,0.456,-0.407,0.645,0.568,0.495,-0.13,0.815,0.399,0.494,0.324,0.741,0.871,0.461,0.5,0.633,0.644,0.666,0.774,0.596,0.469,0.698,-0.052,0.072,-0.168,0.716,-0.27,0.763,0.383,0.673,0.298,-0.469,-0.103,0.64,0.573,0.668,0.064,0.697,0.825,0.614,0.8,0.573,0.277,-0.495,0.716,0.102,0.89,0.067,0.734,0.619,0.103,-0.58,-0.004,0.81,0.593,0.657,0.616,0.401,0.771,0.418,0.798,0.433,0.42,0.745,-0.45,0.677,0.867,0.454,-0.046,0.783,-0.552,0.76,0.323,0.618,0.902,0.521,0.346,0.218,0.667,0.714,-0.463,0.56,0.26,0.694,0.424,0.706,0.859,0.445,0.587,-0.358,0.663,0.645,0.428,0.481,0.816,0.794,0.553,0.093,0.384,0.572,0.028,0.529,0.492,0.628,0.621,0.381,0.587,0.202,0.211,0.84,0.936,0.937
ADMA,0.634,0.432,0.674,0.0,0.522,0.79,-0.157,0.425,-0.642,0.831,0.212,0.452,0.785,0.72,-0.051,0.771,0.726,0.838,0.837,0.063,0.54,0.19,-0.477,0.177,0.475,0.468,0.518,0.344,0.777,0.582,0.844,0.829,0.748,0.253,0.579,0.837,0.838,0.468,0.833,0.905,0.606,0.292,0.469,0.724,0.508,0.27,0.772,0.535,0.498,0.455,0.8,0.881,0.847,0.377,0.735,0.923,0.456,0.068,0.66,0.723,0.459,0.442,0.474,0.879,0.41,0.77,0.654,0.873,0.325,0.145,0.888,0.624,0.551,-0.001,0.838,0.805,0.481,0.471,0.934,0.607,0.588,0.949,0.931,0.493,0.735,0.536,-0.025,0.147,0.922,0.579,0.053,0.881,0.263,-0.025,-0.001,0.691,0.023,0.065,0.359,0.518,0.765,0.285,0.822,0.165,0.226,0.843,0.492,0.875,0.436,0.45,-0.234,0.04,-0.436,0.54,-0.716,0.906,0.709,0.88,-0.105,-0.401,-0.51,0.681,0.901,0.852,-0.296,0.593,0.682,0.81,0.805,0.291,-0.097,-0.101,0.861,0.484,0.807,-0.103,0.596,0.899,-0.242,-0.447,-0.505,0.856,0.922,0.659,0.683,0.561,0.584,0.258,0.907,0.727,-0.146,0.803,-0.02,0.616,0.71,-0.068,-0.15,0.494,-0.304,0.812,0.68,0.411,0.737,0.862,0.426,-0.238,0.521,0.77,-0.396,0.355,0.116,0.745,0.703,0.432,0.691,0.619,0.806,-0.363,0.825,0.846,0.189,0.129,0.64,0.687,0.888,0.541,0.808,0.879,-0.271,0.773,0.812,0.878,0.839,0.629,0.792,-0.081,0.003,0.784,0.804,0.664
ADUS,0.118,0.804,0.533,0.522,0.0,0.705,0.545,0.789,-0.446,0.509,-0.479,0.545,0.35,0.766,0.402,0.33,0.574,0.319,0.449,0.719,0.106,0.652,0.208,0.801,0.825,0.421,0.414,0.665,0.493,0.786,0.302,0.679,-0.009,0.655,-0.105,0.404,0.361,0.741,0.485,0.362,0.655,-0.467,0.58,0.001,0.762,0.695,0.168,0.772,0.805,0.011,0.663,0.571,0.385,0.673,0.359,0.583,0.7,0.756,0.526,0.468,0.784,0.783,0.918,0.284,-0.184,0.109,0.342,0.499,0.806,0.736,0.308,0.704,0.762,0.725,0.582,0.781,0.707,0.649,0.382,0.427,0.571,0.435,0.384,0.752,0.397,0.694,0.372,0.781,0.397,0.014,-0.216,0.296,0.795,0.344,0.494,0.416,0.614,0.685,0.742,0.399,0.518,0.603,0.214,0.67,0.394,0.269,0.74,0.565,0.768,0.612,0.485,0.34,0.365,0.748,-0.092,0.503,0.027,0.419,0.598,-0.328,0.176,0.723,0.317,0.32,0.132,0.605,0.613,0.71,0.633,0.804,0.651,-0.681,0.55,-0.307,0.639,0.598,0.773,0.399,0.518,0.155,0.196,0.679,0.573,0.561,0.742,-0.108,0.691,0.849,0.595,0.154,0.436,0.393,-0.296,0.203,0.375,0.597,0.626,0.757,-0.206,0.521,-0.011,0.657,0.732,0.392,0.807,0.496,0.846,0.239,-0.309,0.8,0.725,0.457,-0.037,0.634,0.613,0.352,0.121,0.049,0.692,0.443,0.639,0.382,0.797,0.693,0.292,-0.294,0.263,0.433,0.455,0.456,0.197,0.271,0.174,-0.052,0.069,0.451,0.671,0.488,0.568,0.449
ADVM,0.512,0.622,0.529,0.79,0.705,0.0,0.187,0.667,-0.499,0.699,-0.008,0.303,0.521,0.671,0.003,0.509,0.693,0.578,0.732,0.316,0.323,0.282,-0.22,0.335,0.547,0.549,0.614,0.389,0.768,0.624,0.572,0.817,0.503,0.478,0.348,0.633,0.671,0.476,0.641,0.694,0.618,0.03,0.354,0.446,0.644,0.338,0.506,0.529,0.637,0.386,0.706,0.73,0.577,0.408,0.624,0.783,0.424,0.238,0.79,0.541,0.605,0.444,0.647,0.612,0.315,0.483,0.478,0.678,0.509,0.294,0.705,0.559,0.541,0.303,0.668,0.724,0.417,0.594,0.696,0.386,0.498,0.766,0.741,0.55,0.568,0.77,0.097,0.349,0.788,0.27,0.06,0.598,0.357,0.112,0.321,0.411,0.156,0.203,0.597,0.457,0.675,0.344,0.567,0.301,0.199,0.555,0.464,0.707,0.626,0.478,0.14,0.144,-0.052,0.504,-0.542,0.684,0.467,0.66,0.048,-0.21,-0.359,0.665,0.624,0.598,-0.039,0.538,0.549,0.689,0.679,0.365,0.149,-0.126,0.686,0.147,0.653,0.148,0.529,0.722,0.038,-0.07,-0.373,0.778,0.804,0.537,0.681,0.269,0.635,0.481,0.713,0.497,0.054,0.614,-0.056,0.446,0.422,0.057,0.194,0.522,-0.138,0.63,0.45,0.486,0.691,0.637,0.545,0.047,0.54,0.448,-0.168,0.421,0.338,0.597,0.424,0.412,0.602,0.472,0.477,-0.077,0.766,0.731,0.293,0.16,0.665,0.562,0.666,0.245,0.64,0.688,-0.076,0.674,0.585,0.601,0.534,0.322,0.503,0.078,0.246,0.526,0.646,0.433
AEIS,-0.514,0.57,0.115,-0.157,0.545,0.187,0.0,0.358,0.136,-0.055,-0.708,0.084,-0.158,0.224,0.68,-0.309,0.098,-0.363,0.013,0.748,-0.598,0.73,0.343,0.749,0.626,0.451,0.145,0.582,0.075,0.483,-0.42,0.223,-0.525,0.685,-0.7,-0.06,-0.093,0.394,0.021,-0.303,0.394,-0.743,0.312,-0.48,0.613,0.436,-0.586,0.342,0.617,-0.17,0.15,-0.112,-0.245,0.615,-0.101,-0.032,0.531,0.659,0.025,-0.132,0.661,0.493,0.539,-0.287,-0.349,-0.487,-0.171,-0.038,0.646,0.551,-0.395,0.272,0.37,0.852,0.036,0.191,0.377,0.337,-0.265,-0.071,0.274,-0.224,-0.245,0.553,-0.096,0.336,0.703,0.732,-0.197,-0.141,-0.367,-0.372,0.627,0.598,0.478,-0.084,0.741,0.583,0.748,0.266,0.142,0.65,-0.312,0.742,0.283,-0.379,0.418,-0.109,0.424,0.546,0.574,-0.074,0.646,0.356,0.196,-0.198,-0.315,-0.246,0.619,0.181,0.432,-0.012,-0.338,-0.407,0.431,0.414,0.119,-0.047,0.158,0.648,0.682,-0.479,-0.081,-0.789,0.135,0.833,0.338,-0.194,0.622,0.527,0.691,0.075,-0.157,0.246,0.116,-0.721,0.502,0.598,-0.048,-0.551,0.71,-0.287,-0.5,-0.165,-0.152,0.716,0.609,0.53,0.09,-0.01,-0.471,0.47,0.227,-0.247,0.4,0.679,0.474,-0.282,0.079,0.55,0.868,-0.004,-0.51,0.495,0.09,-0.202,-0.442,0.48,-0.05,0.008,0.554,0.451,0.345,0.161,-0.228,-0.719,-0.371,-0.166,0.72,-0.205,-0.262,-0.41,-0.525,-0.725,-0.438,0.684,0.812,-0.15,-0.002,-0.027
AGNCM,0.367,0.714,0.321,0.425,0.789,0.667,0.358,0.0,-0.232,0.301,-0.308,0.155,0.193,0.47,0.001,0.142,0.503,0.315,0.475,0.412,0.11,0.308,0.251,0.44,0.513,0.262,0.451,0.261,0.511,0.599,0.191,0.51,0.108,0.481,-0.014,0.226,0.267,0.369,0.318,0.279,0.432,-0.387,0.213,-0.02,0.541,0.513,0.187,0.397,0.563,-0.02,0.453,0.372,0.191,0.298,0.222,0.436,0.387,0.444,0.614,0.296,0.519,0.424,0.658,0.182,0.008,0.085,0.158,0.296,0.582,0.435,0.34,0.416,0.373,0.505,0.325,0.535,0.299,0.572,0.267,0.218,0.232,0.361,0.299,0.427,0.169,0.683,0.065,0.519,0.395,-0.101,-0.075,0.214,0.412,0.045,0.501,0.177,0.192,0.465,0.544,0.139,0.293,0.247,0.069,0.377,-0.001,0.133,0.345,0.39,0.62,0.229,0.496,0.26,0.364,0.385,-0.111,0.337,-0.011,0.301,0.293,-0.314,-0.046,0.548,0.209,0.236,0.203,0.285,0.307,0.589,0.387,0.412,0.387,-0.384,0.421,-0.215,0.4,0.323,0.424,0.341,0.391,0.237,-0.083,0.43,0.462,0.172,0.725,-0.065,0.453,0.646,0.365,0.111,0.197,0.218,-0.043,0.126,0.146,0.314,0.616,0.451,0.036,0.237,-0.023,0.306,0.511,0.285,0.656,0.406,0.464,0.036,-0.138,0.397,0.501,0.194,-0.055,0.215,0.365,0.288,0.041,0.165,0.648,0.342,0.338,-0.046,0.522,0.414,0.206,-0.16,0.242,0.323,0.288,0.405,0.162,0.188,0.122,-0.01,0.029,0.097,0.358,0.257,0.377,0.226
AHCO,-0.21,-0.318,-0.704,-0.642,-0.446,-0.499,0.136,-0.232,0.0,-0.788,-0.058,-0.733,-0.761,-0.798,-0.215,-0.819,-0.569,-0.692,-0.452,-0.195,-0.511,-0.225,0.339,-0.364,-0.518,-0.354,-0.086,-0.579,-0.369,-0.462,-0.784,-0.625,-0.42,-0.148,-0.481,-0.722,-0.637,-0.645,-0.655,-0.766,-0.576,-0.32,-0.725,-0.471,-0.497,-0.279,-0.581,-0.696,-0.479,-0.189,-0.756,-0.808,-0.843,-0.415,-0.681,-0.725,-0.393,-0.276,-0.393,-0.804,-0.468,-0.593,-0.418,-0.597,0.1,-0.552,-0.626,-0.746,-0.365,-0.4,-0.62,-0.715,-0.716,-0.047,-0.823,-0.729,-0.705,-0.422,-0.731,-0.704,-0.687,-0.663,-0.655,-0.611,-0.827,-0.378,-0.162,-0.211,-0.601,-0.284,0.037,-0.721,-0.419,-0.297,0.216,-0.779,-0.284,-0.2,-0.237,-0.571,-0.726,-0.389,-0.65,-0.35,-0.567,-0.771,-0.726,-0.711,-0.426,-0.495,0.201,-0.289,0.37,-0.727,0.326,-0.839,-0.474,-0.798,-0.191,0.388,0.115,-0.76,-0.694,-0.73,0.412,-0.527,-0.795,-0.627,-0.714,-0.427,-0.152,0.369,-0.593,-0.243,-0.748,0.044,-0.676,-0.64,0.17,0.59,0.205,-0.782,-0.726,-0.712,-0.53,-0.578,-0.546,-0.24,-0.772,-0.708,-0.106,-0.852,0.136,-0.521,-0.82,-0.208,0.178,-0.527,0.67,-0.741,-0.583,-0.649,-0.682,-0.688,-0.19,0.141,-0.642,-0.725,0.543,-0.542,-0.081,-0.813,-0.59,-0.611,-0.851,-0.537,-0.643,0.65,-0.679,-0.619,-0.201,-0.522,-0.738,-0.821,-0.635,-0.241,-0.653,-0.655,0.127,-0.755,-0.52,-0.759,-0.732,-0.574,-0.632,-0.204,-0.049,-0.871,-0.801,-0.768
ALGT,0.416,0.319,0.656,0.831,0.509,0.699,-0.055,0.301,-0.788,0.0,0.132,0.631,0.849,0.774,0.152,0.728,0.622,0.723,0.684,0.069,0.452,0.379,-0.575,0.309,0.587,0.56,0.453,0.578,0.697,0.586,0.781,0.847,0.678,0.328,0.522,0.883,0.862,0.567,0.869,0.902,0.62,0.296,0.625,0.666,0.672,0.259,0.656,0.647,0.637,0.436,0.886,0.89,0.878,0.498,0.87,0.913,0.429,0.141,0.496,0.81,0.633,0.548,0.506,0.839,0.231,0.698,0.8,0.903,0.35,0.181,0.782,0.716,0.699,0.101,0.888,0.801,0.614,0.495,0.856,0.556,0.728,0.865,0.868,0.662,0.89,0.462,0.255,0.189,0.851,0.575,0.011,0.819,0.369,0.216,-0.179,0.726,0.245,0.13,0.476,0.665,0.811,0.499,0.855,0.242,0.37,0.867,0.64,0.928,0.356,0.52,-0.271,0.007,-0.493,0.653,-0.611,0.884,0.725,0.922,0.075,-0.377,-0.346,0.673,0.883,0.778,-0.525,0.691,0.781,0.666,0.856,0.394,-0.018,-0.147,0.767,0.339,0.797,0.025,0.731,0.865,-0.248,-0.459,-0.324,0.848,0.852,0.837,0.648,0.442,0.71,0.191,0.877,0.698,-0.042,0.859,-0.15,0.541,0.745,0.066,-0.2,0.502,-0.448,0.907,0.77,0.662,0.695,0.909,0.231,-0.319,0.644,0.765,-0.417,0.459,0.234,0.916,0.728,0.62,0.775,0.432,0.739,-0.491,0.788,0.869,0.322,0.393,0.729,0.765,0.894,0.402,0.84,0.87,-0.125,0.821,0.793,0.857,0.767,0.55,0.775,0.139,0.083,0.841,0.811,0.695
ALLO,0.601,-0.539,-0.173,0.212,-0.479,-0.008,-0.708,-0.308,-0.058,0.132,0.0,-0.147,0.153,-0.172,-0.583,0.182,-0.129,0.322,0.155,-0.686,0.604,-0.558,-0.468,-0.729,-0.516,-0.109,0.258,-0.561,0.254,-0.384,0.342,-0.108,0.592,-0.452,0.747,0.205,0.275,-0.318,0.086,0.376,-0.383,0.699,-0.356,0.546,-0.418,-0.318,0.619,-0.282,-0.41,0.588,-0.106,0.096,0.184,-0.511,0.367,0.107,-0.519,-0.744,0.032,0.109,-0.477,-0.591,-0.416,0.452,0.611,0.586,0.199,0.123,-0.596,-0.671,0.493,-0.343,-0.374,-0.725,-0.044,-0.138,-0.435,-0.192,0.263,-0.087,-0.149,0.352,0.393,-0.531,0.158,-0.157,-0.442,-0.783,0.329,0.268,0.576,0.394,-0.637,-0.546,-0.292,-0.006,-0.698,-0.748,-0.461,-0.23,-0.052,-0.441,0.471,-0.721,-0.367,0.41,-0.437,0.128,-0.296,-0.458,-0.597,-0.079,-0.657,-0.332,-0.45,0.174,0.509,0.319,-0.634,0.16,-0.436,0.017,0.357,0.365,-0.369,-0.35,-0.129,-0.025,-0.098,-0.673,-0.665,0.727,0.21,0.835,-0.152,-0.734,-0.303,0.281,-0.746,-0.338,-0.671,-0.053,0.205,-0.103,-0.01,0.585,-0.381,-0.558,0.143,0.54,-0.792,0.24,0.665,0.09,0.042,-0.842,-0.619,-0.523,0.17,0.082,0.635,-0.306,-0.238,0.358,-0.469,-0.735,-0.431,0.363,-0.115,-0.49,-0.601,0.065,0.604,-0.448,-0.182,0.204,0.436,-0.314,0.068,0.14,-0.469,-0.404,-0.371,-0.209,0.372,0.822,0.524,0.264,-0.647,0.313,0.48,0.451,0.521,0.695,0.513,-0.564,-0.67,0.047,-0.036,-0.075
AMSF,-0.088,0.282,0.626,0.452,0.545,0.303,0.084,0.155,-0.733,0.631,-0.147,0.0,0.626,0.809,0.555,0.63,0.392,0.471,0.215,0.417,0.35,0.47,-0.171,0.606,0.674,0.241,0.013,0.705,0.218,0.549,0.582,0.491,0.11,0.389,0.191,0.592,0.417,0.792,0.546,0.53,0.509,-0.002,0.838,0.248,0.491,0.434,0.389,0.843,0.505,0.049,0.691,0.681,0.647,0.628,0.534,0.533,0.586,0.556,0.134,0.791,0.511,0.749,0.558,0.443,-0.347,0.329,0.531,0.602,0.527,0.612,0.364,0.809,0.854,0.302,0.722,0.762,0.854,0.328,0.481,0.701,0.76,0.456,0.437,0.647,0.715,0.238,0.398,0.38,0.28,0.187,-0.057,0.547,0.676,0.368,-0.114,0.781,0.613,0.402,0.327,0.501,0.529,0.617,0.507,0.483,0.713,0.586,0.856,0.6,0.483,0.59,-0.074,0.324,-0.167,0.873,-0.038,0.667,0.306,0.569,0.491,-0.355,0.164,0.698,0.463,0.445,-0.278,0.609,0.688,0.578,0.691,0.666,0.45,-0.613,0.547,0.089,0.662,0.245,0.814,0.339,0.122,-0.368,0.257,0.644,0.538,0.766,0.497,0.258,0.475,0.497,0.709,0.44,0.247,0.66,-0.254,0.439,0.754,0.435,0.043,0.647,-0.684,0.707,0.325,0.777,0.608,0.543,0.313,0.056,0.788,0.575,-0.39,0.738,0.327,0.722,0.302,0.737,0.783,0.301,0.479,-0.609,0.517,0.374,0.382,0.679,0.702,0.835,0.402,-0.023,0.412,0.403,0.178,0.544,0.277,0.526,0.448,0.32,0.362,0.376,0.377,0.766,0.676,0.681
ANAB,0.348,0.302,0.837,0.785,0.35,0.521,-0.158,0.193,-0.761,0.849,0.153,0.626,0.0,0.704,0.191,0.815,0.714,0.861,0.732,0.033,0.412,0.274,-0.61,0.264,0.547,0.434,0.151,0.519,0.495,0.591,0.816,0.768,0.664,0.288,0.444,0.924,0.802,0.496,0.884,0.881,0.712,0.36,0.739,0.586,0.585,0.212,0.604,0.561,0.521,0.289,0.887,0.8,0.936,0.467,0.751,0.86,0.486,0.101,0.389,0.775,0.497,0.53,0.296,0.795,0.112,0.71,0.709,0.891,0.338,0.193,0.74,0.729,0.608,-0.04,0.917,0.776,0.627,0.385,0.852,0.738,0.672,0.835,0.839,0.622,0.837,0.301,0.219,0.18,0.767,0.705,-0.208,0.855,0.303,0.292,-0.37,0.864,0.19,0.146,0.262,0.744,0.852,0.443,0.794,0.313,0.474,0.891,0.639,0.768,0.266,0.541,-0.401,-0.122,-0.55,0.631,-0.542,0.884,0.718,0.893,0.051,-0.492,-0.383,0.581,0.804,0.778,-0.371,0.703,0.79,0.574,0.856,0.319,-0.089,-0.165,0.775,0.402,0.877,-0.125,0.703,0.795,-0.332,-0.701,-0.26,0.782,0.726,0.754,0.619,0.539,0.684,0.131,0.882,0.654,0.038,0.85,-0.273,0.744,0.914,0.124,-0.349,0.564,-0.569,0.887,0.699,0.59,0.74,0.814,0.104,-0.258,0.544,0.855,-0.418,0.349,0.116,0.867,0.738,0.606,0.827,0.397,0.818,-0.576,0.696,0.816,0.199,0.367,0.696,0.77,0.823,0.436,0.702,0.769,-0.184,0.714,0.77,0.856,0.815,0.606,0.861,0.045,-0.05,0.9,0.929,0.896
ANDE,0.141,0.591,0.772,0.72,0.766,0.671,0.224,0.47,-0.798,0.774,-0.172,0.809,0.704,0.0,0.429,0.746,0.656,0.634,0.537,0.545,0.402,0.496,-0.134,0.667,0.79,0.507,0.297,0.723,0.542,0.702,0.708,0.753,0.27,0.458,0.25,0.736,0.642,0.875,0.704,0.702,0.727,-0.037,0.817,0.346,0.696,0.503,0.496,0.91,0.729,0.217,0.836,0.856,0.758,0.685,0.667,0.789,0.701,0.565,0.499,0.818,0.699,0.798,0.734,0.596,-0.127,0.446,0.556,0.781,0.663,0.667,0.582,0.85,0.906,0.405,0.866,0.919,0.87,0.568,0.704,0.73,0.802,0.693,0.669,0.775,0.765,0.588,0.361,0.502,0.586,0.264,-0.06,0.676,0.716,0.369,0.101,0.808,0.542,0.439,0.541,0.576,0.779,0.61,0.594,0.596,0.627,0.682,0.887,0.772,0.709,0.719,0.071,0.367,-0.087,0.912,-0.319,0.822,0.387,0.737,0.389,-0.293,0.011,0.863,0.636,0.662,-0.13,0.703,0.846,0.786,0.818,0.719,0.457,-0.578,0.735,0.069,0.846,0.259,0.851,0.614,0.148,-0.346,0.01,0.89,0.776,0.806,0.708,0.344,0.692,0.614,0.869,0.564,0.287,0.767,-0.22,0.518,0.784,0.417,0.138,0.762,-0.578,0.78,0.395,0.803,0.84,0.649,0.521,0.139,0.851,0.69,-0.485,0.808,0.438,0.795,0.388,0.78,0.885,0.575,0.544,-0.422,0.767,0.619,0.504,0.619,0.873,0.9,0.589,0.033,0.574,0.647,0.122,0.706,0.465,0.669,0.593,0.365,0.485,0.422,0.424,0.824,0.836,0.752
APLS,-0.684,0.284,0.339,-0.051,0.402,0.003,0.68,0.001,-0.215,0.152,-0.583,0.555,0.191,0.429,0.0,0.055,0.044,-0.141,-0.081,0.629,-0.445,0.773,-0.009,0.773,0.748,0.46,-0.101,0.799,-0.074,0.531,-0.075,0.291,-0.374,0.667,-0.522,0.237,0.11,0.608,0.285,-0.054,0.443,-0.43,0.707,-0.164,0.574,0.368,-0.361,0.545,0.555,-0.09,0.346,0.164,0.115,0.831,0.071,0.066,0.655,0.634,-0.25,0.225,0.661,0.723,0.457,-0.023,-0.436,-0.24,0.124,0.243,0.604,0.604,-0.283,0.583,0.65,0.697,0.353,0.379,0.698,0.168,-0.038,0.315,0.575,-0.079,-0.073,0.668,0.293,0.042,0.832,0.634,-0.178,0.148,-0.41,-0.047,0.726,0.712,0.041,0.395,0.915,0.505,0.592,0.492,0.288,0.866,-0.003,0.732,0.651,-0.007,0.717,0.105,0.325,0.729,0.209,-0.132,0.25,0.659,0.112,0.085,-0.019,-0.009,0.668,0.003,0.4,0.073,-0.079,-0.209,0.069,0.671,0.317,0.017,0.421,0.759,0.592,-0.578,0.083,-0.523,0.339,0.721,0.593,-0.101,0.345,0.094,0.794,0.218,-0.027,0.596,0.066,-0.435,0.503,0.466,0.212,-0.292,0.677,-0.001,-0.667,0.19,0.311,0.734,0.243,0.673,-0.413,0.278,-0.195,0.711,0.295,0.009,0.233,0.385,0.647,0.071,-0.047,0.689,0.71,0.353,-0.195,0.79,0.399,-0.176,-0.041,-0.006,-0.068,0.098,0.468,0.826,0.452,0.454,-0.012,-0.537,-0.188,-0.05,0.613,-0.103,-0.087,-0.106,-0.235,-0.454,-0.134,0.764,0.744,0.218,0.24,0.294
APPF,0.346,0.342,0.802,0.771,0.33,0.509,-0.309,0.142,-0.819,0.728,0.182,0.63,0.815,0.746,0.055,0.0,0.721,0.88,0.622,0.135,0.576,0.008,-0.393,0.213,0.382,0.212,0.057,0.399,0.378,0.427,0.944,0.624,0.551,0.06,0.615,0.761,0.676,0.576,0.704,0.84,0.634,0.471,0.656,0.583,0.34,0.165,0.715,0.633,0.299,0.275,0.743,0.848,0.897,0.343,0.623,0.787,0.491,0.166,0.543,0.8,0.266,0.493,0.275,0.683,0.064,0.704,0.613,0.788,0.29,0.339,0.734,0.644,0.616,-0.181,0.858,0.75,0.643,0.388,0.837,0.834,0.628,0.779,0.779,0.486,0.766,0.327,-0.102,0.105,0.664,0.41,-0.032,0.857,0.323,0.168,-0.203,0.842,0.089,0.082,0.096,0.555,0.777,0.195,0.717,0.281,0.524,0.869,0.616,0.731,0.422,0.473,-0.286,0.248,-0.436,0.617,-0.432,0.9,0.598,0.811,-0.01,-0.341,-0.302,0.739,0.76,0.824,-0.259,0.499,0.745,0.717,0.724,0.313,-0.031,-0.269,0.732,0.486,0.811,-0.244,0.576,0.691,-0.227,-0.718,-0.351,0.819,0.777,0.61,0.499,0.792,0.473,0.196,0.828,0.777,0.044,0.878,-0.084,0.719,0.901,0.058,-0.313,0.538,-0.617,0.776,0.626,0.462,0.77,0.673,0.202,-0.141,0.502,0.829,-0.46,0.424,-0.115,0.77,0.709,0.507,0.849,0.669,0.843,-0.628,0.689,0.651,0.151,0.358,0.665,0.775,0.688,0.46,0.652,0.628,-0.375,0.716,0.596,0.861,0.88,0.742,0.773,-0.037,-0.09,0.884,0.868,0.847
ASML,0.372,0.764,0.832,0.726,0.574,0.693,0.098,0.503,-0.569,0.622,-0.129,0.392,0.714,0.656,0.044,0.721,0.0,0.775,0.822,0.356,0.269,0.189,-0.111,0.417,0.499,0.262,0.168,0.433,0.455,0.658,0.67,0.733,0.426,0.376,0.271,0.643,0.585,0.526,0.676,0.66,0.855,0.11,0.581,0.257,0.593,0.379,0.437,0.591,0.536,0.07,0.775,0.68,0.708,0.392,0.44,0.782,0.628,0.375,0.783,0.563,0.491,0.54,0.442,0.455,-0.025,0.403,0.49,0.701,0.57,0.454,0.61,0.602,0.556,0.114,0.765,0.768,0.585,0.659,0.694,0.722,0.552,0.698,0.676,0.612,0.539,0.588,-0.009,0.431,0.651,0.306,-0.277,0.621,0.448,0.313,0.106,0.606,0.176,0.388,0.357,0.657,0.8,0.23,0.477,0.525,0.444,0.628,0.569,0.594,0.539,0.513,0.116,0.191,-0.052,0.544,-0.328,0.732,0.364,0.648,0.197,-0.4,-0.293,0.647,0.547,0.626,0.15,0.563,0.697,0.696,0.685,0.431,0.17,-0.349,0.683,0.139,0.837,0.012,0.594,0.634,0.095,-0.393,-0.222,0.775,0.657,0.455,0.667,0.432,0.714,0.465,0.721,0.458,0.323,0.696,-0.287,0.658,0.685,0.307,0.089,0.705,-0.363,0.701,0.329,0.44,0.912,0.499,0.428,0.276,0.547,0.585,-0.249,0.424,0.194,0.59,0.444,0.475,0.766,0.503,0.562,-0.214,0.761,0.681,0.329,0.169,0.754,0.704,0.536,0.198,0.415,0.545,-0.161,0.576,0.452,0.605,0.591,0.385,0.569,-0.012,0.133,0.703,0.859,0.792
ATRC,0.601,0.361,0.771,0.838,0.319,0.578,-0.363,0.315,-0.692,0.723,0.322,0.471,0.861,0.634,-0.141,0.88,0.775,0.0,0.811,-0.047,0.592,-0.042,-0.462,0.072,0.317,0.223,0.229,0.219,0.515,0.472,0.909,0.669,0.719,0.102,0.642,0.797,0.752,0.402,0.764,0.892,0.604,0.441,0.503,0.633,0.365,0.187,0.79,0.474,0.303,0.338,0.762,0.783,0.886,0.216,0.652,0.84,0.394,0.004,0.61,0.748,0.244,0.337,0.221,0.759,0.261,0.77,0.648,0.801,0.239,0.146,0.858,0.546,0.446,-0.254,0.814,0.727,0.452,0.395,0.871,0.734,0.497,0.882,0.868,0.389,0.676,0.368,-0.157,0.024,0.79,0.53,-0.022,0.897,0.16,0.004,-0.194,0.766,-0.104,0.007,0.079,0.508,0.751,0.109,0.758,0.139,0.309,0.884,0.447,0.721,0.336,0.308,-0.322,0.086,-0.491,0.461,-0.555,0.892,0.664,0.865,-0.121,-0.445,-0.486,0.675,0.787,0.862,-0.22,0.45,0.665,0.719,0.721,0.143,-0.181,-0.08,0.829,0.589,0.777,-0.34,0.523,0.777,-0.315,-0.671,-0.507,0.765,0.79,0.498,0.641,0.767,0.48,0.127,0.837,0.772,-0.125,0.842,0.018,0.709,0.828,-0.097,-0.312,0.453,-0.394,0.776,0.677,0.329,0.741,0.756,0.159,-0.216,0.379,0.831,-0.412,0.23,-0.116,0.695,0.759,0.334,0.736,0.582,0.857,-0.545,0.786,0.731,0.043,0.075,0.597,0.664,0.767,0.609,0.721,0.707,-0.416,0.758,0.738,0.895,0.911,0.784,0.853,-0.231,-0.205,0.84,0.865,0.798
AVGO,0.596,0.573,0.695,0.837,0.449,0.732,0.013,0.475,-0.452,0.684,0.155,0.215,0.732,0.537,-0.081,0.622,0.822,0.811,0.0,0.081,0.293,0.192,-0.402,0.186,0.422,0.463,0.483,0.277,0.672,0.624,0.657,0.787,0.646,0.337,0.393,0.757,0.747,0.346,0.797,0.767,0.717,0.157,0.385,0.513,0.585,0.298,0.564,0.405,0.527,0.389,0.772,0.661,0.716,0.313,0.577,0.858,0.488,0.075,0.696,0.519,0.461,0.351,0.349,0.685,0.389,0.596,0.58,0.767,0.358,0.114,0.75,0.461,0.387,-0.009,0.737,0.687,0.362,0.555,0.78,0.492,0.48,0.855,0.841,0.501,0.519,0.521,0.025,0.209,0.845,0.592,-0.167,0.706,0.222,0.107,0.078,0.534,-0.007,0.124,0.405,0.598,0.795,0.238,0.659,0.269,0.183,0.693,0.376,0.655,0.345,0.418,-0.101,-0.14,-0.299,0.358,-0.649,0.739,0.596,0.746,-0.034,-0.358,-0.505,0.51,0.675,0.697,-0.025,0.553,0.594,0.634,0.719,0.231,-0.109,-0.017,0.809,0.331,0.749,-0.057,0.505,0.804,-0.166,-0.366,-0.417,0.742,0.702,0.49,0.652,0.426,0.675,0.198,0.758,0.495,0.017,0.649,-0.148,0.574,0.581,0.001,-0.125,0.519,-0.045,0.725,0.538,0.305,0.764,0.683,0.302,-0.03,0.405,0.673,-0.286,0.247,0.183,0.587,0.602,0.364,0.578,0.439,0.656,-0.102,0.739,0.839,0.184,0.005,0.608,0.535,0.754,0.455,0.592,0.72,-0.206,0.642,0.762,0.702,0.685,0.455,0.713,-0.11,0.003,0.645,0.768,0.651
AVT,-0.424,0.715,0.442,0.063,0.719,0.316,0.748,0.412,-0.195,0.069,-0.686,0.417,0.033,0.545,0.629,0.135,0.356,-0.047,0.081,0.0,-0.205,0.59,0.491,0.877,0.669,0.298,-0.033,0.67,-0.026,0.53,-0.042,0.294,-0.516,0.535,-0.485,0.051,-0.068,0.682,0.09,-0.103,0.575,-0.604,0.559,-0.444,0.543,0.541,-0.313,0.663,0.612,-0.275,0.316,0.162,0.049,0.638,-0.047,0.161,0.689,0.891,0.207,0.144,0.569,0.688,0.637,-0.197,-0.548,-0.31,-0.06,0.113,0.771,0.871,-0.213,0.478,0.619,0.736,0.283,0.461,0.666,0.415,-0.033,0.306,0.432,-0.029,-0.063,0.637,0.069,0.485,0.483,0.811,-0.118,-0.238,-0.401,-0.119,0.824,0.586,0.497,0.203,0.771,0.759,0.551,0.308,0.35,0.525,-0.202,0.861,0.589,-0.13,0.676,0.074,0.67,0.693,0.584,0.367,0.633,0.625,0.298,0.111,-0.359,-0.039,0.722,0.019,0.553,0.438,-0.169,-0.064,0.521,0.431,0.438,0.308,0.276,0.804,0.855,-0.788,0.17,-0.595,0.39,0.683,0.519,-0.071,0.741,0.194,0.599,0.391,0.083,0.34,0.256,-0.302,0.51,0.817,0.221,-0.231,0.781,0.089,-0.477,0.071,0.174,0.798,0.608,0.72,-0.206,0.186,-0.425,0.573,0.555,-0.166,0.605,0.798,0.674,0.012,-0.155,0.809,0.668,0.144,-0.396,0.625,0.441,0.181,-0.235,0.198,0.202,0.003,0.688,0.574,0.627,0.438,-0.194,-0.634,-0.249,-0.066,0.554,0.03,-0.272,-0.157,-0.207,-0.376,-0.307,0.678,0.779,0.185,0.308,0.307
AXDX,0.669,-0.08,0.242,0.54,0.106,0.323,-0.598,0.11,-0.511,0.452,0.604,0.35,0.412,0.402,-0.445,0.576,0.269,0.592,0.293,-0.205,0.0,-0.356,-0.196,-0.261,-0.102,-0.075,0.236,-0.181,0.389,-0.049,0.663,0.194,0.544,-0.312,0.785,0.398,0.388,0.176,0.264,0.623,-0.008,0.506,0.085,0.459,-0.129,0.041,0.825,0.274,-0.062,0.334,0.269,0.528,0.514,-0.233,0.576,0.479,-0.131,-0.213,0.377,0.546,-0.179,-0.089,0.074,0.57,0.233,0.662,0.37,0.389,-0.137,-0.092,0.717,0.128,0.144,-0.443,0.338,0.362,0.085,0.142,0.57,0.355,0.169,0.595,0.591,-0.123,0.423,0.267,-0.449,-0.355,0.503,0.076,0.494,0.644,-0.172,-0.435,-0.139,0.382,-0.392,-0.26,-0.283,-0.081,0.257,-0.258,0.577,-0.32,-0.035,0.652,0.082,0.492,0.177,-0.147,-0.331,0.471,-0.517,0.221,-0.297,0.582,0.389,0.613,-0.28,-0.243,-0.27,0.648,0.578,0.691,-0.326,-0.108,0.383,0.545,0.226,-0.191,-0.191,0.089,0.508,0.732,0.302,-0.562,0.153,0.495,-0.375,-0.504,-0.628,0.41,0.611,0.186,0.442,0.74,-0.086,-0.012,0.538,0.833,-0.532,0.659,0.59,0.243,0.431,-0.444,-0.273,-0.106,-0.215,0.391,0.605,0.079,0.271,0.56,0.024,-0.439,0.089,0.604,-0.45,0.045,-0.399,0.351,0.562,-0.114,0.343,0.579,0.551,-0.601,0.582,0.253,-0.115,-0.151,0.174,0.318,0.464,0.637,0.702,0.509,-0.478,0.71,0.439,0.701,0.739,0.852,0.557,-0.348,-0.426,0.493,0.405,0.335
AXSM,-0.34,0.464,0.382,0.19,0.652,0.282,0.73,0.308,-0.225,0.379,-0.558,0.47,0.274,0.496,0.773,0.008,0.189,-0.042,0.192,0.59,-0.356,0.0,-0.032,0.812,0.833,0.578,0.261,0.805,0.211,0.715,-0.058,0.497,-0.195,0.679,-0.459,0.333,0.235,0.595,0.445,0.103,0.522,-0.569,0.611,-0.083,0.778,0.541,-0.258,0.571,0.792,-0.014,0.516,0.259,0.201,0.804,0.219,0.33,0.646,0.649,-0.106,0.22,0.838,0.754,0.653,0.163,-0.255,-0.108,0.222,0.385,0.668,0.525,-0.097,0.629,0.642,0.796,0.431,0.495,0.645,0.382,0.103,0.149,0.578,0.142,0.126,0.794,0.303,0.186,0.836,0.745,0.143,0.3,-0.44,0.013,0.762,0.638,0.173,0.306,0.844,0.668,0.758,0.527,0.399,0.871,0.083,0.67,0.439,0.06,0.694,0.319,0.34,0.697,0.258,-0.196,0.274,0.598,-0.033,0.187,0.014,0.178,0.669,-0.221,0.349,0.206,0.141,0.019,-0.016,0.707,0.481,0.208,0.57,0.802,0.598,-0.572,0.288,-0.536,0.435,0.81,0.725,0.214,0.43,0.193,0.576,0.391,0.161,0.656,0.354,-0.525,0.715,0.522,0.363,-0.258,0.558,0.081,-0.643,-0.002,0.229,0.722,0.395,0.645,-0.147,0.407,-0.12,0.656,0.4,0.239,0.489,0.352,0.748,0.09,-0.249,0.695,0.849,0.389,-0.161,0.783,0.357,-0.15,-0.079,0.18,0.193,0.363,0.681,0.628,0.56,0.473,0.195,-0.482,-0.011,0.304,0.751,0.043,0.177,-0.011,-0.135,-0.424,-0.082,0.69,0.779,0.296,0.335,0.315
AZN,-0.29,0.318,-0.212,-0.477,0.208,-0.22,0.343,0.251,0.339,-0.575,-0.468,-0.171,-0.61,-0.134,-0.009,-0.393,-0.111,-0.462,-0.402,0.491,-0.196,-0.032,0.0,0.276,-0.119,-0.407,-0.256,-0.148,-0.401,-0.138,-0.499,-0.45,-0.723,-0.06,-0.503,-0.679,-0.671,0.05,-0.635,-0.643,-0.139,-0.573,-0.206,-0.782,-0.216,0.232,-0.459,0.014,-0.065,-0.583,-0.444,-0.434,-0.571,-0.186,-0.642,-0.478,0.036,0.498,-0.015,-0.445,-0.153,-0.001,0.122,-0.745,-0.576,-0.661,-0.53,-0.561,0.256,0.43,-0.543,-0.264,-0.104,0.3,-0.484,-0.239,-0.059,0.069,-0.572,-0.216,-0.305,-0.584,-0.62,-0.157,-0.586,0.103,-0.12,0.333,-0.605,-0.798,-0.053,-0.636,0.244,0.018,0.52,-0.404,0.135,0.488,-0.102,-0.465,-0.417,-0.264,-0.759,0.217,-0.051,-0.638,-0.097,-0.492,0.202,-0.2,0.755,0.608,0.778,-0.107,0.708,-0.503,-0.855,-0.607,0.434,0.126,0.6,0.008,-0.641,-0.416,0.712,-0.398,-0.236,-0.056,-0.503,0.202,0.627,-0.438,-0.4,-0.548,-0.346,0.24,-0.18,-0.575,0.76,0.474,0.391,-0.29,-0.436,-0.536,-0.062,-0.367,-0.257,0.442,-0.45,-0.445,0.401,-0.393,0.035,-0.44,-0.43,0.39,0.712,-0.015,0.207,-0.532,-0.792,-0.212,-0.079,-0.675,0.337,0.748,-0.013,-0.515,0.074,0.151,0.114,-0.607,-0.759,-0.223,-0.284,-0.013,-0.701,0.462,-0.16,-0.649,0.241,-0.129,-0.098,-0.219,-0.761,-0.672,-0.657,-0.557,0.368,-0.424,-0.783,-0.64,-0.585,-0.467,-0.756,0.143,0.319,-0.394,-0.358,-0.302
BANR,-0.418,0.711,0.552,0.177,0.801,0.335,0.749,0.44,-0.364,0.309,-0.729,0.606,0.264,0.667,0.773,0.213,0.417,0.072,0.186,0.877,-0.261,0.812,0.276,0.0,0.869,0.403,0.04,0.863,0.082,0.724,0.068,0.475,-0.37,0.667,-0.464,0.265,0.127,0.792,0.344,0.072,0.697,-0.601,0.753,-0.27,0.748,0.613,-0.23,0.775,0.777,-0.232,0.55,0.331,0.246,0.817,0.111,0.333,0.809,0.921,0.146,0.32,0.788,0.887,0.748,-0.02,-0.534,-0.192,0.179,0.338,0.837,0.884,-0.107,0.697,0.797,0.817,0.494,0.616,0.839,0.476,0.117,0.415,0.606,0.104,0.07,0.849,0.295,0.395,0.676,0.899,0.026,-0.008,-0.487,0.028,0.945,0.699,0.328,0.411,0.92,0.827,0.698,0.53,0.483,0.764,-0.021,0.909,0.68,0.052,0.85,0.278,0.619,0.788,0.491,0.211,0.479,0.771,0.178,0.272,-0.177,0.154,0.82,-0.195,0.476,0.462,0.022,0.042,0.256,0.666,0.583,0.389,0.524,0.954,0.819,-0.85,0.295,-0.598,0.55,0.788,0.766,0.078,0.654,0.119,0.637,0.513,0.203,0.574,0.406,-0.328,0.708,0.781,0.388,-0.16,0.78,0.206,-0.642,0.148,0.363,0.897,0.551,0.844,-0.346,0.407,-0.268,0.735,0.633,0.081,0.595,0.676,0.858,0.135,-0.247,0.883,0.797,0.38,-0.257,0.83,0.578,0.107,-0.082,0.08,0.321,0.232,0.717,0.697,0.755,0.64,0.017,-0.615,-0.11,0.131,0.637,0.122,-0.069,-0.011,-0.1,-0.351,-0.143,0.738,0.839,0.398,0.468,0.474
BBIO,-0.162,0.646,0.652,0.475,0.825,0.547,0.626,0.513,-0.518,0.587,-0.516,0.674,0.547,0.79,0.748,0.382,0.499,0.317,0.422,0.669,-0.102,0.833,-0.119,0.869,0.0,0.612,0.268,0.891,0.422,0.872,0.316,0.738,0.02,0.784,-0.2,0.612,0.489,0.805,0.662,0.418,0.747,-0.394,0.833,0.117,0.897,0.597,0.053,0.801,0.864,0.076,0.776,0.588,0.493,0.912,0.463,0.594,0.824,0.698,0.267,0.557,0.92,0.9,0.806,0.388,-0.213,0.137,0.42,0.633,0.821,0.695,0.237,0.854,0.871,0.753,0.725,0.806,0.861,0.546,0.416,0.53,0.767,0.425,0.402,0.921,0.581,0.472,0.708,0.76,0.371,0.31,-0.366,0.372,0.836,0.612,0.175,0.624,0.82,0.611,0.829,0.661,0.641,0.913,0.338,0.799,0.593,0.362,0.901,0.566,0.649,0.83,0.213,-0.011,0.164,0.876,-0.193,0.537,0.25,0.469,0.601,-0.292,0.139,0.537,0.357,0.25,-0.056,0.863,0.668,0.523,0.8,0.873,0.568,-0.651,0.539,-0.335,0.727,0.671,0.877,0.395,0.323,-0.021,0.408,0.668,0.509,0.81,0.608,-0.185,0.832,0.704,0.648,0.074,0.543,0.392,-0.552,0.368,0.569,0.696,0.369,0.872,-0.424,0.636,0.109,0.854,0.701,0.459,0.564,0.347,0.902,0.36,-0.289,0.834,0.831,0.656,0.091,0.888,0.719,0.175,0.264,-0.118,0.516,0.554,0.601,0.698,0.817,0.788,0.412,-0.294,0.261,0.439,0.529,0.39,0.32,0.323,0.185,-0.124,0.207,0.624,0.716,0.586,0.646,0.592
BCYC,0.046,0.324,0.381,0.468,0.421,0.549,0.451,0.262,-0.354,0.56,-0.109,0.241,0.434,0.507,0.46,0.212,0.262,0.223,0.463,0.298,-0.075,0.578,-0.407,0.403,0.612,0.0,0.503,0.558,0.551,0.507,0.236,0.694,0.291,0.531,-0.046,0.576,0.622,0.389,0.596,0.419,0.496,-0.115,0.422,0.362,0.712,0.255,0.113,0.375,0.737,0.459,0.549,0.443,0.414,0.622,0.495,0.512,0.402,0.197,0.167,0.341,0.709,0.449,0.414,0.502,0.292,0.294,0.441,0.592,0.383,0.137,0.294,0.446,0.498,0.441,0.542,0.469,0.406,0.22,0.458,0.111,0.496,0.486,0.493,0.582,0.484,0.483,0.588,0.335,0.516,0.542,-0.183,0.329,0.384,0.332,0.1,0.361,0.443,0.165,0.687,0.5,0.622,0.67,0.455,0.4,0.225,0.345,0.463,0.504,0.249,0.613,-0.049,-0.347,-0.149,0.445,-0.592,0.397,0.445,0.465,0.187,0.044,-0.165,0.212,0.43,0.312,-0.147,0.647,0.459,0.237,0.569,0.416,0.118,-0.037,0.472,-0.084,0.483,0.369,0.494,0.568,-0.055,-0.039,0.033,0.524,0.407,0.667,0.29,-0.079,0.676,0.158,0.497,0.143,0.215,0.323,-0.348,0.281,0.298,0.186,-0.049,0.445,-0.067,0.52,0.346,0.565,0.395,0.474,0.161,-0.091,0.489,0.427,-0.218,0.436,0.548,0.536,0.287,0.611,0.406,0.139,0.274,0.06,0.346,0.599,0.33,0.426,0.496,0.352,0.563,0.055,0.413,0.543,0.244,0.348,0.545,0.359,0.226,-0.043,0.346,0.518,0.369,0.341,0.41,0.286
BHFAP,0.533,0.222,-0.007,0.518,0.414,0.614,0.145,0.451,-0.086,0.453,0.258,0.013,0.151,0.297,-0.101,0.057,0.168,0.229,0.483,-0.033,0.236,0.261,-0.256,0.04,0.268,0.503,0.0,0.041,0.723,0.32,0.209,0.508,0.426,0.361,0.291,0.361,0.513,0.197,0.428,0.417,0.097,-0.075,-0.077,0.462,0.387,0.251,0.426,0.206,0.392,0.648,0.311,0.401,0.207,0.223,0.496,0.48,0.123,-0.063,0.396,0.245,0.399,0.087,0.467,0.536,0.65,0.358,0.382,0.422,0.129,-0.091,0.495,0.126,0.198,0.233,0.262,0.358,0.017,0.317,0.384,-0.1,0.226,0.538,0.531,0.155,0.264,0.445,0.083,0.026,0.583,0.278,0.268,0.339,0.079,-0.228,0.37,0.052,-0.015,-0.135,0.521,0.037,0.241,0.232,0.459,-0.116,-0.254,0.322,0.064,0.514,0.288,0.091,0.073,-0.071,-0.114,0.136,-0.594,0.334,0.406,0.414,-0.081,0.043,-0.315,0.296,0.445,0.322,-0.174,0.27,0.181,0.392,0.349,0.1,-0.044,0.215,0.519,0.208,0.193,0.162,0.274,0.53,-0.124,0.267,-0.316,0.366,0.523,0.328,0.477,0.002,0.267,0.152,0.401,0.274,-0.306,0.206,0.215,-0.027,-0.014,-0.265,0.154,0.1,0.358,0.354,0.4,0.176,0.2,0.547,0.359,-0.2,0.242,0.216,-0.133,0.157,0.325,0.281,0.292,0.107,0.068,0.131,0.254,0.188,0.454,0.509,0.138,-0.106,0.18,0.156,0.525,0.327,0.547,0.548,0.037,0.415,0.569,0.368,0.268,0.149,0.268,-0.018,0.196,0.118,0.156,-0.053
BKR,-0.373,0.529,0.63,0.344,0.665,0.389,0.582,0.261,-0.579,0.578,-0.561,0.705,0.519,0.723,0.799,0.399,0.433,0.219,0.277,0.67,-0.181,0.805,-0.148,0.863,0.891,0.558,0.041,0.0,0.216,0.732,0.287,0.639,-0.071,0.636,-0.222,0.53,0.402,0.765,0.576,0.333,0.733,-0.278,0.867,0.056,0.816,0.456,-0.069,0.771,0.777,-0.029,0.716,0.53,0.496,0.884,0.399,0.506,0.744,0.696,0.131,0.519,0.844,0.896,0.676,0.263,-0.369,0.075,0.394,0.552,0.714,0.69,0.089,0.823,0.863,0.667,0.696,0.687,0.886,0.449,0.349,0.515,0.766,0.306,0.295,0.928,0.602,0.352,0.745,0.735,0.254,0.282,-0.435,0.28,0.83,0.74,0.055,0.579,0.88,0.609,0.707,0.76,0.649,0.868,0.294,0.827,0.743,0.317,0.912,0.491,0.52,0.884,0.142,0.006,0.124,0.838,-0.085,0.482,0.186,0.403,0.626,-0.209,0.251,0.448,0.301,0.206,-0.11,0.833,0.694,0.37,0.716,0.86,0.558,-0.675,0.377,-0.387,0.691,0.665,0.807,0.309,0.31,-0.113,0.478,0.617,0.38,0.824,0.35,-0.154,0.794,0.565,0.542,0.055,0.643,0.414,-0.668,0.351,0.556,0.759,0.206,0.829,-0.55,0.61,0.102,0.869,0.646,0.35,0.404,0.325,0.861,0.342,-0.254,0.821,0.698,0.675,0.079,0.943,0.731,0.145,0.207,-0.194,0.356,0.485,0.612,0.836,0.807,0.747,0.329,-0.359,0.17,0.351,0.457,0.32,0.206,0.255,0.141,-0.143,0.176,0.715,0.675,0.577,0.604,0.595
BLDP,0.636,0.326,0.306,0.777,0.493,0.768,0.075,0.511,-0.369,0.697,0.254,0.218,0.495,0.542,-0.074,0.378,0.455,0.515,0.672,-0.026,0.389,0.211,-0.401,0.082,0.422,0.551,0.723,0.216,0.0,0.487,0.529,0.708,0.677,0.381,0.494,0.662,0.756,0.321,0.637,0.71,0.339,0.149,0.185,0.637,0.505,0.267,0.647,0.374,0.503,0.606,0.587,0.681,0.511,0.293,0.743,0.71,0.27,-0.067,0.643,0.531,0.496,0.218,0.522,0.774,0.551,0.606,0.495,0.67,0.272,-0.051,0.787,0.384,0.391,0.145,0.546,0.616,0.231,0.476,0.697,0.262,0.453,0.762,0.748,0.329,0.575,0.619,0.092,0.042,0.794,0.401,0.364,0.663,0.128,-0.167,0.166,0.396,-0.027,-0.118,0.537,0.3,0.492,0.327,0.708,0.027,-0.079,0.59,0.267,0.746,0.422,0.256,-0.14,-0.036,-0.314,0.375,-0.743,0.608,0.675,0.674,-0.168,-0.081,-0.501,0.485,0.701,0.546,-0.312,0.436,0.363,0.611,0.613,0.161,-0.117,0.143,0.633,0.365,0.52,-0.003,0.393,0.719,-0.261,-0.028,-0.466,0.594,0.784,0.518,0.63,0.26,0.453,0.249,0.672,0.559,-0.285,0.51,0.247,0.364,0.362,-0.198,0.011,0.275,-0.047,0.564,0.637,0.383,0.448,0.759,0.304,-0.299,0.389,0.495,-0.183,0.242,0.302,0.57,0.56,0.25,0.392,0.47,0.57,-0.173,0.714,0.702,0.111,0.014,0.401,0.452,0.777,0.448,0.775,0.718,-0.151,0.704,0.696,0.663,0.556,0.4,0.597,-0.057,0.096,0.449,0.47,0.256
BLFS,0.091,0.729,0.717,0.582,0.786,0.624,0.483,0.599,-0.462,0.586,-0.384,0.549,0.591,0.702,0.531,0.427,0.658,0.472,0.624,0.53,-0.049,0.715,-0.138,0.724,0.872,0.507,0.32,0.732,0.487,0.0,0.397,0.775,0.194,0.756,-0.048,0.65,0.541,0.704,0.736,0.509,0.782,-0.275,0.715,0.22,0.855,0.617,0.187,0.716,0.773,0.12,0.801,0.594,0.537,0.761,0.424,0.675,0.806,0.598,0.431,0.546,0.838,0.798,0.736,0.437,-0.082,0.238,0.432,0.695,0.83,0.579,0.383,0.799,0.748,0.576,0.736,0.814,0.749,0.684,0.496,0.568,0.687,0.541,0.513,0.838,0.541,0.455,0.52,0.699,0.497,0.354,-0.363,0.468,0.725,0.505,0.186,0.625,0.616,0.57,0.743,0.698,0.644,0.741,0.384,0.691,0.481,0.438,0.775,0.582,0.62,0.696,0.229,-0.058,0.125,0.733,-0.269,0.574,0.319,0.514,0.492,-0.386,-0.08,0.517,0.44,0.352,0.026,0.813,0.607,0.624,0.83,0.758,0.416,-0.534,0.647,-0.165,0.738,0.516,0.828,0.51,0.289,-0.003,0.225,0.676,0.566,0.691,0.721,-0.072,0.833,0.652,0.676,0.134,0.467,0.427,-0.482,0.444,0.578,0.589,0.362,0.849,-0.3,0.656,0.169,0.697,0.759,0.53,0.587,0.357,0.813,0.382,-0.234,0.679,0.707,0.6,0.204,0.745,0.676,0.182,0.379,-0.071,0.62,0.642,0.509,0.469,0.773,0.756,0.495,-0.106,0.301,0.498,0.398,0.412,0.426,0.404,0.294,0.008,0.322,0.332,0.586,0.616,0.697,0.615
BLKB,0.519,0.238,0.68,0.844,0.302,0.572,-0.42,0.191,-0.784,0.781,0.342,0.582,0.816,0.708,-0.075,0.944,0.67,0.909,0.657,-0.042,0.663,-0.058,-0.499,0.068,0.316,0.236,0.209,0.287,0.529,0.397,0.0,0.672,0.715,0.046,0.747,0.793,0.77,0.491,0.746,0.917,0.523,0.571,0.533,0.744,0.311,0.137,0.852,0.556,0.266,0.436,0.739,0.891,0.907,0.274,0.71,0.816,0.356,-0.002,0.582,0.839,0.247,0.393,0.282,0.802,0.263,0.804,0.707,0.813,0.196,0.177,0.861,0.589,0.555,-0.234,0.835,0.747,0.523,0.375,0.892,0.747,0.603,0.865,0.864,0.386,0.813,0.369,-0.165,-0.031,0.774,0.459,0.132,0.931,0.21,-0.008,-0.205,0.801,-0.038,-0.072,0.097,0.482,0.719,0.147,0.828,0.107,0.371,0.931,0.501,0.811,0.383,0.347,-0.356,0.215,-0.526,0.544,-0.574,0.932,0.722,0.882,-0.124,-0.303,-0.467,0.727,0.85,0.865,-0.407,0.458,0.669,0.767,0.715,0.194,-0.183,-0.099,0.772,0.631,0.759,-0.32,0.535,0.77,-0.363,-0.665,-0.515,0.798,0.86,0.597,0.539,0.832,0.404,0.121,0.851,0.865,-0.163,0.888,0.066,0.709,0.842,-0.129,-0.347,0.426,-0.539,0.792,0.772,0.407,0.685,0.796,0.171,-0.323,0.442,0.84,-0.384,0.323,-0.154,0.783,0.817,0.398,0.788,0.68,0.909,-0.661,0.745,0.717,0.028,0.215,0.591,0.726,0.798,0.624,0.799,0.719,-0.459,0.799,0.704,0.941,0.941,0.825,0.847,-0.139,-0.17,0.857,0.819,0.746
