,ABAT,ACLS,ACMR,ADMA,ADUS,ADVM,AEIS,AGNCM,AHCO,ALGT,ALLO,AMSF,ANAB,ANDE,APLS,APPF,ASML,ATRC,AVGO,AVT,AXDX,AXSM,AZN,BANR,BBIO,BCYC,BHFAP,BKR,BLDP,BLFS,BLKB,BLMN,BNTX,BPMC,CALM,CAMT,CASH,CATY,CCEP,CDLX,CDNS,CENN,CENX,CGC,CHDN,CLBK,COKE,COLB,COO,CORT,CRMT,CRNX,CRTO,CRVL,CSCO,CSQ,CSWI,CVBF,CWST,CYCC,CZR,DLTR,DORM,ENTA,EQIX,ERIC,EVRG,EWBC,EXAS,EXLS,EXPI,EYE,FBNC,FBRX,FCNCA,FELE,FIBK,FLEX,FRGT,FRHC,FRME,FWONA,FWONK,GDEN,GIII,GILD,GLNG,GNTX,GOOGL,GRPN,HCSG,HIMX,HOPE,HST,HTLD,HUT,HWC,ICUI,IESC,INTC,INTU,IOVA,IPAR,IPGP,ISRG,JBSS,KALU,KPRX,KRNT,LAUR,LBRDA,LBTYK,LECO,LILAK,LITE,MANH,MDXG,MFIC,MGEE,MIDD,MLAB,MMSI,MNKD,MOMO,MRVL,NICE,NMFC,NUWE,NVCR,NWBI,OFIX,OFLX,OMCL,OPK,ORKA,ORLY,OTTR,PDD,PNTG,POOL,POWL,PPBI,PPC,PRAA,PRPL,PZZA,QTRX,QURE,RDFN,RDHL,REAL,REG,REYN,RGLD,RIOT,RUN,RYTM,SAIA,SBAC,SBRA,SCVL,SHOO,SLAB,SLDB,SMCI,SMTC,SRCE,SSP,SSRM,STBA,STRO,SVC,SYBT,TCBI,TCOM,TENX,TH,TMUS,TNDM,TTD,TTMI,UAL,ULH,ULTA,VCYT,VIRT,VKTX,VOD,VRDN,VREX,VRNT,VSAT,WB,WBD,WDC,WEN,WSFS,XXII,Z,ZBRA
ABAT,0.0,0.199,0.873,0.813,-0.425,0.774,0.79,0.862,0.28,0.893,0.787,0.668,-0.321,0.718,0.288,-0.725,0.802,0.848,0.886,0.731,0.628,0.9,0.77,0.429,0.695,0.573,0.632,0.852,0.801,0.636,0.416,0.87,0.532,0.713,-0.167,0.738,0.068,0.888,0.896,0.816,0.284,0.721,0.765,0.728,0.774,0.262,0.661,0.673,0.794,0.015,0.717,0.653,0.758,0.861,0.755,0.879,0.707,0.106,0.806,0.619,0.912,0.557,0.576,0.591,0.869,0.786,0.86,0.831,0.851,0.931,0.596,0.641,-0.013,0.873,0.772,0.624,0.188,0.759,0.772,0.834,0.587,0.788,0.762,0.752,0.715,0.681,0.715,0.847,0.732,0.825,0.906,0.858,0.854,0.824,0.01,0.554,0.845,0.74,0.507,0.836,0.743,0.801,0.723,0.574,0.764,0.281,0.784,0.595,0.556,0.198,0.885,0.851,0.864,0.66,0.769,0.607,0.688,0.917,0.806,0.723,0.695,0.439,0.792,0.649,0.724,0.665,0.926,0.617,0.703,0.477,0.861,0.854,0.689,0.705,0.853,-0.117,0.863,0.752,0.909,0.582,0.924,0.547,0.812,0.882,-0.685,0.759,-0.109,0.552,0.82,0.83,0.813,0.811,0.855,0.198,0.161,0.896,0.231,-0.062,0.813,0.798,0.613,0.763,0.327,0.833,0.673,0.657,0.521,0.916,-0.194,0.437,0.308,0.906,-0.341,0.477,-0.607,0.637,0.633,0.665,0.625,0.498,0.842,0.878,0.541,0.691,0.71,0.573,0.827,0.882,0.782,0.619,0.694,0.558,0.819,0.828,0.733,0.789,0.727,0.774,0.819,0.839
ACLS,0.199,0.0,0.358,0.627,0.687,0.508,0.642,0.232,-0.011,0.293,0.355,0.53,0.366,0.7,0.35,0.296,0.632,0.373,0.43,0.661,0.135,0.195,0.591,0.292,0.642,0.29,-0.035,0.543,0.435,0.628,0.807,0.46,0.657,0.437,-0.552,0.592,0.907,0.264,0.448,0.377,0.879,0.347,0.514,0.584,0.638,-0.06,0.727,0.33,0.472,0.842,0.203,0.404,0.398,0.427,0.571,0.465,0.686,-0.138,0.435,0.532,0.351,0.43,0.593,0.516,0.305,0.568,0.116,0.611,0.438,0.213,0.767,0.736,-0.271,0.263,0.636,0.769,-0.248,0.688,0.366,0.503,0.014,0.6,0.633,0.677,0.47,0.549,0.674,0.392,0.546,0.178,0.133,0.547,-0.036,0.508,0.797,0.772,0.32,0.521,0.763,0.395,0.575,0.261,0.298,0.808,0.611,0.421,0.583,-0.018,0.771,0.232,0.328,0.394,0.446,0.65,0.597,0.747,0.51,0.192,-0.054,0.661,0.501,0.839,0.437,0.742,0.752,0.675,0.332,0.089,0.667,-0.149,0.055,0.423,0.532,0.577,0.18,0.805,0.337,0.672,0.081,0.725,0.382,0.271,0.304,0.157,-0.246,0.395,0.755,0.775,0.344,0.372,0.393,0.474,0.196,0.882,0.758,0.186,0.53,0.875,0.365,0.43,0.711,0.521,0.718,0.292,0.681,0.677,0.133,0.195,0.69,-0.131,0.868,0.356,0.234,0.267,0.227,0.174,0.388,0.742,0.498,0.813,0.545,0.427,0.794,0.52,0.62,-0.028,0.359,0.362,0.372,0.382,0.536,0.76,0.183,0.41,0.609,0.492,0.065,0.405,0.445,0.535
ACMR,0.873,0.358,0.0,0.871,-0.341,0.876,0.905,0.936,0.172,0.972,0.901,0.844,-0.323,0.854,0.583,-0.673,0.885,0.968,0.942,0.872,0.692,0.96,0.932,0.265,0.794,0.772,0.546,0.935,0.906,0.794,0.456,0.937,0.734,0.871,-0.193,0.87,0.174,0.793,0.947,0.949,0.468,0.865,0.918,0.883,0.882,0.165,0.8,0.615,0.937,0.171,0.839,0.839,0.856,0.945,0.898,0.97,0.81,-0.152,0.93,0.814,0.96,0.543,0.636,0.792,0.955,0.923,0.918,0.872,0.944,0.931,0.751,0.818,-0.247,0.941,0.772,0.766,-0.067,0.883,0.899,0.918,0.417,0.889,0.858,0.857,0.808,0.756,0.871,0.938,0.874,0.9,0.931,0.904,0.734,0.923,0.248,0.747,0.812,0.88,0.663,0.934,0.893,0.88,0.746,0.681,0.908,0.395,0.891,0.52,0.753,0.104,0.982,0.968,0.966,0.819,0.909,0.812,0.87,0.953,0.837,0.894,0.881,0.639,0.929,0.725,0.837,0.844,0.965,0.745,0.809,0.355,0.877,0.945,0.894,0.872,0.895,0.035,0.945,0.845,0.931,0.783,0.913,0.455,0.947,0.953,-0.752,0.857,0.07,0.667,0.958,0.936,0.94,0.938,0.884,0.36,0.427,0.934,0.361,0.156,0.947,0.929,0.817,0.894,0.351,0.934,0.816,0.845,0.351,0.93,-0.028,0.216,0.444,0.968,-0.434,0.321,-0.699,0.667,0.722,0.775,0.759,0.728,0.956,0.942,0.709,0.897,0.815,0.447,0.925,0.952,0.879,0.597,0.846,0.58,0.805,0.902,0.87,0.896,0.63,0.926,0.935,0.945
ADMA,0.813,0.627,0.871,0.0,-0.009,0.864,0.916,0.808,0.055,0.865,0.841,0.795,-0.058,0.932,0.527,-0.483,0.909,0.861,0.895,0.942,0.545,0.81,0.933,0.272,0.839,0.694,0.389,0.925,0.857,0.856,0.714,0.886,0.813,0.858,-0.417,0.874,0.448,0.726,0.89,0.835,0.655,0.802,0.861,0.889,0.893,0.007,0.897,0.552,0.891,0.468,0.729,0.796,0.79,0.891,0.917,0.917,0.87,-0.188,0.854,0.849,0.859,0.538,0.68,0.838,0.843,0.931,0.762,0.887,0.867,0.796,0.88,0.903,-0.333,0.857,0.819,0.864,-0.162,0.92,0.868,0.897,0.302,0.918,0.905,0.897,0.799,0.77,0.916,0.862,0.892,0.741,0.749,0.918,0.576,0.879,0.407,0.817,0.712,0.875,0.765,0.865,0.885,0.799,0.648,0.787,0.924,0.503,0.904,0.432,0.836,0.107,0.869,0.888,0.889,0.813,0.936,0.865,0.856,0.819,0.622,0.925,0.852,0.816,0.894,0.878,0.919,0.896,0.882,0.65,0.879,0.156,0.644,0.9,0.867,0.911,0.741,0.359,0.882,0.919,0.751,0.861,0.864,0.402,0.84,0.765,-0.728,0.834,0.318,0.866,0.843,0.892,0.843,0.906,0.768,0.584,0.565,0.793,0.46,0.422,0.863,0.865,0.886,0.838,0.481,0.847,0.904,0.894,0.29,0.771,0.177,0.083,0.682,0.87,-0.295,0.317,-0.431,0.564,0.615,0.904,0.701,0.801,0.938,0.881,0.867,0.87,0.873,0.404,0.855,0.851,0.832,0.522,0.876,0.738,0.689,0.793,0.921,0.819,0.457,0.867,0.893,0.91
ADUS,-0.425,0.687,-0.341,-0.009,0.0,-0.1,-0.037,-0.472,-0.047,-0.414,-0.32,-0.024,0.646,0.084,-0.002,0.785,-0.053,-0.303,-0.287,0.002,-0.424,-0.493,-0.07,0.152,0.104,-0.168,-0.388,-0.146,-0.262,0.029,0.412,-0.211,0.086,-0.176,-0.438,-0.053,0.757,-0.283,-0.241,-0.309,0.528,-0.317,-0.183,-0.101,-0.018,-0.087,0.129,-0.066,-0.24,0.754,-0.444,-0.179,-0.229,-0.249,-0.111,-0.219,0.135,0.022,-0.242,-0.057,-0.338,0.07,0.108,-0.077,-0.369,-0.12,-0.562,-0.002,-0.254,-0.432,0.182,0.13,-0.042,-0.395,0.076,0.214,-0.114,0.045,-0.289,-0.164,-0.21,-0.075,-0.02,0.054,-0.092,-0.017,0.049,-0.311,-0.125,-0.516,-0.532,-0.137,-0.562,-0.16,0.565,0.19,-0.226,-0.179,0.298,-0.289,-0.116,-0.388,-0.208,0.337,-0.081,0.134,-0.098,-0.408,0.173,0.267,-0.376,-0.314,-0.26,0.04,-0.103,0.133,-0.143,-0.478,-0.662,-0.013,-0.16,0.325,-0.269,0.181,0.088,0.021,-0.334,-0.478,0.053,-0.305,-0.534,-0.267,-0.12,-0.069,-0.445,0.76,-0.359,0.009,-0.574,0.144,-0.263,0.007,-0.374,-0.506,0.342,-0.278,0.718,0.248,-0.366,-0.335,-0.309,-0.203,-0.492,0.674,0.366,-0.489,0.25,0.699,-0.318,-0.215,0.094,-0.103,0.421,-0.38,0.049,0.023,-0.072,-0.468,0.785,-0.226,0.521,-0.319,0.585,0.092,0.629,-0.337,-0.127,0.189,-0.067,0.277,-0.165,-0.244,0.246,-0.115,-0.031,-0.416,-0.283,-0.291,-0.302,-0.021,-0.104,0.329,-0.347,-0.215,-0.054,-0.187,-0.322,-0.288,-0.246,-0.159
ADVM,0.774,0.508,0.876,0.864,-0.1,0.0,0.864,0.794,0.11,0.849,0.817,0.735,-0.078,0.813,0.554,-0.448,0.835,0.874,0.833,0.85,0.481,0.831,0.911,0.297,0.795,0.706,0.441,0.874,0.797,0.771,0.574,0.863,0.803,0.811,-0.435,0.857,0.347,0.687,0.848,0.804,0.53,0.765,0.802,0.816,0.841,0.164,0.801,0.563,0.861,0.366,0.667,0.81,0.78,0.884,0.844,0.886,0.768,-0.204,0.819,0.848,0.856,0.522,0.6,0.749,0.823,0.874,0.727,0.847,0.88,0.805,0.771,0.792,-0.292,0.823,0.759,0.773,-0.101,0.86,0.825,0.861,0.313,0.832,0.813,0.857,0.752,0.704,0.899,0.803,0.814,0.698,0.763,0.846,0.542,0.867,0.286,0.773,0.722,0.829,0.692,0.822,0.811,0.775,0.597,0.714,0.88,0.353,0.801,0.468,0.769,0.199,0.861,0.868,0.861,0.784,0.855,0.818,0.835,0.809,0.62,0.859,0.821,0.739,0.856,0.685,0.823,0.823,0.865,0.664,0.84,0.239,0.725,0.858,0.863,0.844,0.815,0.214,0.828,0.834,0.753,0.784,0.85,0.353,0.807,0.83,-0.75,0.748,0.286,0.766,0.831,0.845,0.829,0.886,0.705,0.558,0.471,0.792,0.374,0.233,0.839,0.816,0.843,0.812,0.453,0.858,0.864,0.826,0.282,0.754,0.145,0.149,0.617,0.856,-0.362,0.343,-0.556,0.655,0.682,0.852,0.744,0.735,0.869,0.88,0.726,0.833,0.784,0.295,0.864,0.861,0.8,0.532,0.814,0.708,0.705,0.824,0.846,0.777,0.513,0.864,0.884,0.875
AEIS,0.79,0.642,0.905,0.916,-0.037,0.864,0.0,0.856,0.185,0.887,0.867,0.867,-0.099,0.942,0.534,-0.435,0.973,0.883,0.943,0.939,0.623,0.839,0.944,0.351,0.84,0.688,0.377,0.925,0.91,0.836,0.695,0.921,0.797,0.865,-0.298,0.941,0.462,0.782,0.937,0.888,0.729,0.821,0.933,0.921,0.943,0.17,0.931,0.652,0.919,0.419,0.794,0.762,0.857,0.933,0.946,0.943,0.91,-0.103,0.905,0.801,0.907,0.672,0.748,0.819,0.894,0.949,0.806,0.922,0.896,0.82,0.886,0.916,-0.226,0.837,0.852,0.911,-0.1,0.962,0.855,0.953,0.387,0.932,0.918,0.925,0.864,0.816,0.902,0.918,0.932,0.782,0.802,0.947,0.64,0.909,0.444,0.869,0.78,0.882,0.81,0.93,0.949,0.795,0.738,0.866,0.95,0.52,0.912,0.389,0.845,0.111,0.911,0.922,0.929,0.859,0.948,0.906,0.851,0.845,0.7,0.934,0.889,0.79,0.894,0.86,0.952,0.933,0.898,0.648,0.866,0.281,0.726,0.917,0.899,0.901,0.778,0.347,0.904,0.918,0.776,0.92,0.871,0.507,0.875,0.83,-0.667,0.872,0.232,0.801,0.881,0.88,0.888,0.926,0.811,0.55,0.589,0.837,0.409,0.433,0.903,0.907,0.879,0.915,0.542,0.861,0.876,0.938,0.42,0.83,0.143,0.2,0.661,0.908,-0.236,0.366,-0.441,0.564,0.698,0.901,0.737,0.869,0.957,0.916,0.851,0.901,0.9,0.426,0.831,0.887,0.812,0.614,0.895,0.707,0.716,0.861,0.934,0.909,0.568,0.883,0.916,0.966
AGNCM,0.862,0.232,0.936,0.808,-0.472,0.794,0.856,0.0,0.119,0.968,0.91,0.764,-0.394,0.772,0.507,-0.747,0.853,0.918,0.937,0.82,0.711,0.949,0.86,0.164,0.677,0.728,0.485,0.85,0.928,0.726,0.412,0.882,0.687,0.847,-0.069,0.837,0.032,0.774,0.91,0.917,0.378,0.886,0.898,0.858,0.803,0.151,0.743,0.555,0.919,0.017,0.911,0.778,0.847,0.929,0.885,0.918,0.71,-0.163,0.89,0.76,0.93,0.502,0.593,0.785,0.949,0.885,0.967,0.777,0.892,0.886,0.706,0.752,-0.236,0.923,0.669,0.68,-0.093,0.803,0.9,0.896,0.384,0.842,0.806,0.764,0.776,0.707,0.756,0.941,0.876,0.917,0.935,0.867,0.786,0.851,0.121,0.674,0.748,0.853,0.558,0.938,0.873,0.887,0.716,0.577,0.87,0.419,0.837,0.538,0.671,-0.092,0.962,0.953,0.911,0.701,0.876,0.735,0.83,0.954,0.92,0.819,0.873,0.553,0.913,0.664,0.759,0.817,0.929,0.807,0.739,0.339,0.852,0.924,0.864,0.845,0.887,-0.038,0.958,0.793,0.938,0.737,0.849,0.377,0.945,0.944,-0.768,0.901,-0.116,0.582,0.944,0.922,0.923,0.903,0.94,0.162,0.381,0.958,0.21,0.059,0.948,0.883,0.73,0.834,0.232,0.932,0.753,0.806,0.336,0.917,-0.244,0.217,0.355,0.921,-0.52,0.214,-0.703,0.614,0.643,0.689,0.681,0.632,0.9,0.895,0.636,0.86,0.797,0.567,0.865,0.904,0.855,0.492,0.843,0.43,0.762,0.819,0.84,0.857,0.597,0.925,0.928,0.899
AHCO,0.28,-0.011,0.172,0.055,-0.047,0.11,0.185,0.119,0.0,0.12,0.069,0.247,-0.081,0.121,-0.16,0.028,0.186,0.152,0.188,-0.051,0.326,0.209,0.083,0.759,0.306,-0.03,0.369,0.159,0.059,-0.087,-0.113,0.286,-0.25,-0.017,0.022,0.126,0.163,0.556,0.245,0.164,0.076,-0.117,0.135,-0.021,0.289,0.835,0.05,0.587,-0.026,-0.082,0.027,-0.07,0.225,0.162,0.029,0.224,0.264,0.771,0.175,-0.241,0.304,0.482,0.262,-0.256,0.178,0.029,0.106,0.373,0.2,0.354,-0.063,-0.013,0.736,0.121,0.405,0.188,0.764,0.221,-0.085,0.218,0.847,0.091,0.099,0.254,0.266,0.292,0.069,0.176,-0.009,0.046,0.281,0.194,0.507,0.249,-0.146,-0.03,0.593,-0.109,0.257,0.17,0.078,0.053,0.438,0.301,-0.004,-0.196,0.055,0.132,-0.074,0.615,0.17,0.093,0.222,0.219,-0.046,0.009,-0.037,0.228,0.193,-0.028,-0.108,-0.202,-0.044,0.087,0.085,-0.05,0.252,-0.197,0.052,0.818,0.472,0.103,-0.094,-0.112,0.274,-0.143,0.073,0.051,0.238,0.07,0.285,0.738,0.051,0.232,0.324,-0.12,-0.076,-0.145,0.047,-0.055,0.113,0.09,0.08,0.101,-0.379,0.209,-0.03,-0.242,0.06,0.2,-0.009,0.304,0.251,0.077,-0.146,-0.064,0.809,0.364,0.037,0.818,0.038,0.32,0.469,0.782,-0.05,-0.072,0.319,0.118,0.199,0.107,0.096,0.308,-0.125,0.021,0.009,0.032,0.139,0.23,-0.118,0.575,-0.108,0.141,0.451,0.447,-0.044,0.301,0.743,-0.037,0.012,0.16
ALGT,0.893,0.293,0.972,0.865,-0.414,0.849,0.887,0.968,0.12,0.0,0.938,0.795,-0.346,0.825,0.567,-0.722,0.881,0.962,0.96,0.871,0.715,0.98,0.912,0.187,0.758,0.767,0.505,0.906,0.943,0.809,0.463,0.937,0.734,0.888,-0.15,0.857,0.098,0.792,0.938,0.955,0.408,0.919,0.923,0.903,0.868,0.135,0.786,0.578,0.953,0.089,0.894,0.849,0.865,0.96,0.914,0.961,0.766,-0.191,0.937,0.818,0.969,0.491,0.629,0.822,0.958,0.922,0.961,0.842,0.945,0.906,0.755,0.803,-0.263,0.964,0.725,0.726,-0.103,0.847,0.933,0.927,0.388,0.89,0.851,0.842,0.797,0.76,0.828,0.965,0.895,0.936,0.954,0.91,0.768,0.914,0.187,0.715,0.79,0.904,0.625,0.945,0.909,0.932,0.699,0.617,0.913,0.402,0.885,0.53,0.734,-0.004,0.989,0.981,0.961,0.759,0.915,0.792,0.889,0.976,0.89,0.883,0.901,0.63,0.953,0.732,0.811,0.856,0.968,0.819,0.812,0.32,0.875,0.963,0.897,0.886,0.918,-0.004,0.972,0.851,0.956,0.765,0.905,0.39,0.962,0.955,-0.809,0.908,-0.013,0.664,0.977,0.964,0.959,0.946,0.926,0.245,0.416,0.97,0.286,0.11,0.962,0.905,0.792,0.866,0.289,0.96,0.821,0.846,0.329,0.938,-0.183,0.197,0.419,0.963,-0.506,0.253,-0.693,0.667,0.688,0.759,0.729,0.688,0.946,0.951,0.701,0.896,0.855,0.5,0.923,0.922,0.896,0.56,0.868,0.51,0.777,0.877,0.877,0.882,0.598,0.954,0.964,0.945
ALLO,0.787,0.355,0.901,0.841,-0.32,0.817,0.867,0.91,0.069,0.938,0.0,0.772,-0.261,0.825,0.688,-0.616,0.854,0.909,0.905,0.859,0.687,0.93,0.89,0.066,0.738,0.756,0.383,0.828,0.94,0.838,0.444,0.891,0.807,0.941,-0.227,0.864,0.11,0.674,0.846,0.93,0.487,0.94,0.891,0.918,0.86,0.09,0.78,0.483,0.933,0.141,0.904,0.893,0.88,0.925,0.921,0.901,0.733,-0.329,0.915,0.857,0.914,0.428,0.587,0.868,0.9,0.912,0.912,0.777,0.896,0.773,0.795,0.824,-0.331,0.922,0.645,0.718,-0.237,0.807,0.934,0.915,0.252,0.867,0.823,0.85,0.79,0.694,0.825,0.946,0.898,0.872,0.867,0.854,0.654,0.902,0.174,0.719,0.703,0.884,0.679,0.914,0.932,0.939,0.589,0.589,0.91,0.376,0.826,0.401,0.748,-0.162,0.939,0.946,0.912,0.698,0.907,0.834,0.914,0.913,0.82,0.864,0.904,0.697,0.96,0.722,0.801,0.88,0.901,0.843,0.826,0.196,0.795,0.939,0.92,0.914,0.874,0.104,0.941,0.831,0.868,0.821,0.788,0.256,0.933,0.886,-0.81,0.903,0.045,0.736,0.95,0.931,0.925,0.942,0.813,0.262,0.495,0.93,0.253,0.178,0.95,0.854,0.783,0.809,0.298,0.942,0.84,0.87,0.219,0.843,-0.179,0.075,0.545,0.911,-0.546,0.115,-0.623,0.593,0.686,0.801,0.716,0.745,0.89,0.916,0.722,0.934,0.884,0.325,0.882,0.827,0.881,0.504,0.889,0.485,0.64,0.824,0.879,0.846,0.481,0.957,0.961,0.912
AMSF,0.668,0.53,0.844,0.795,-0.024,0.735,0.867,0.764,0.247,0.795,0.772,0.0,-0.071,0.898,0.6,-0.423,0.854,0.803,0.835,0.856,0.541,0.739,0.89,0.347,0.743,0.72,0.291,0.821,0.79,0.728,0.567,0.814,0.665,0.825,-0.229,0.876,0.425,0.719,0.864,0.845,0.724,0.718,0.846,0.803,0.856,0.233,0.885,0.648,0.827,0.378,0.755,0.681,0.832,0.869,0.875,0.876,0.89,-0.084,0.811,0.707,0.815,0.72,0.668,0.774,0.878,0.872,0.741,0.829,0.76,0.757,0.767,0.851,-0.165,0.776,0.726,0.897,-0.064,0.887,0.794,0.856,0.402,0.814,0.801,0.815,0.893,0.724,0.791,0.831,0.864,0.671,0.731,0.822,0.576,0.781,0.436,0.778,0.695,0.748,0.786,0.886,0.852,0.673,0.834,0.813,0.839,0.575,0.807,0.232,0.689,0.135,0.839,0.839,0.853,0.778,0.835,0.814,0.722,0.774,0.678,0.845,0.83,0.646,0.783,0.778,0.816,0.821,0.823,0.575,0.698,0.347,0.688,0.832,0.842,0.814,0.655,0.382,0.833,0.79,0.701,0.86,0.784,0.545,0.858,0.779,-0.49,0.748,0.195,0.614,0.789,0.772,0.796,0.871,0.719,0.513,0.516,0.732,0.302,0.397,0.864,0.924,0.775,0.873,0.347,0.788,0.723,0.852,0.446,0.762,0.229,0.214,0.52,0.846,-0.143,0.289,-0.499,0.32,0.568,0.812,0.578,0.811,0.867,0.811,0.75,0.87,0.767,0.338,0.753,0.84,0.669,0.486,0.832,0.559,0.729,0.8,0.861,0.833,0.564,0.779,0.802,0.872
ANAB,-0.321,0.366,-0.323,-0.058,0.646,-0.078,-0.099,-0.394,-0.081,-0.346,-0.261,-0.071,0.0,-0.015,-0.138,0.512,-0.091,-0.375,-0.243,-0.041,-0.498,-0.424,-0.098,0.033,-0.033,-0.026,-0.534,-0.269,-0.27,-0.054,0.341,-0.218,-0.015,-0.066,-0.224,-0.001,0.447,-0.179,-0.234,-0.38,0.369,-0.315,-0.254,-0.187,-0.127,-0.043,0.072,0.023,-0.251,0.581,-0.252,-0.246,-0.133,-0.2,-0.123,-0.26,0.004,0.047,-0.239,-0.097,-0.32,0.199,-0.095,0.003,-0.272,-0.168,-0.414,-0.12,-0.324,-0.35,0.061,0.045,0.047,-0.33,-0.149,0.132,-0.011,-0.03,-0.192,-0.13,-0.146,-0.25,-0.231,-0.096,0.107,-0.101,-0.104,-0.308,-0.061,-0.542,-0.481,-0.156,-0.349,-0.285,0.175,0.048,-0.299,-0.247,0.101,-0.178,-0.131,-0.311,-0.189,0.22,-0.137,0.237,-0.299,-0.493,-0.09,0.093,-0.316,-0.309,-0.318,-0.193,-0.15,-0.047,-0.263,-0.35,-0.423,-0.125,-0.195,0.089,-0.308,0.033,-0.056,-0.059,-0.264,-0.195,-0.127,-0.116,-0.43,-0.233,-0.128,-0.07,-0.382,0.682,-0.276,-0.148,-0.488,0.082,-0.249,0.038,-0.276,-0.395,0.335,-0.191,0.308,0.046,-0.38,-0.293,-0.345,-0.163,-0.412,0.36,0.078,-0.409,-0.194,0.402,-0.24,-0.17,0.009,-0.019,0.038,-0.293,-0.062,-0.004,0.046,-0.447,0.43,-0.102,0.219,-0.303,0.435,-0.041,0.391,-0.477,-0.392,0.131,-0.342,0.082,-0.244,-0.22,0.057,-0.118,-0.115,-0.191,-0.354,-0.298,-0.366,-0.306,-0.001,0.01,-0.161,-0.267,-0.023,-0.291,-0.232,-0.251,-0.216,-0.173
ANDE,0.718,0.7,0.854,0.932,0.084,0.813,0.942,0.772,0.121,0.825,0.825,0.898,-0.015,0.0,0.582,-0.388,0.926,0.833,0.88,0.952,0.546,0.753,0.941,0.289,0.811,0.704,0.272,0.903,0.865,0.837,0.725,0.866,0.801,0.867,-0.392,0.929,0.533,0.697,0.892,0.851,0.802,0.789,0.91,0.897,0.924,0.05,0.954,0.576,0.882,0.522,0.763,0.757,0.814,0.892,0.939,0.907,0.934,-0.183,0.855,0.823,0.834,0.634,0.744,0.857,0.86,0.947,0.735,0.884,0.816,0.739,0.918,0.934,-0.307,0.809,0.796,0.945,-0.196,0.948,0.861,0.912,0.294,0.916,0.905,0.908,0.879,0.768,0.914,0.874,0.924,0.699,0.713,0.903,0.532,0.854,0.533,0.867,0.69,0.842,0.874,0.891,0.923,0.727,0.718,0.882,0.922,0.607,0.901,0.282,0.846,0.074,0.856,0.88,0.886,0.838,0.936,0.91,0.821,0.777,0.612,0.937,0.877,0.819,0.858,0.91,0.933,0.927,0.847,0.614,0.833,0.169,0.623,0.892,0.898,0.909,0.67,0.474,0.872,0.9,0.693,0.945,0.817,0.448,0.86,0.74,-0.617,0.825,0.331,0.818,0.825,0.853,0.832,0.91,0.732,0.642,0.639,0.754,0.407,0.556,0.877,0.911,0.892,0.876,0.483,0.807,0.87,0.942,0.331,0.75,0.28,0.07,0.691,0.854,-0.217,0.277,-0.403,0.417,0.611,0.919,0.647,0.9,0.933,0.856,0.909,0.913,0.879,0.346,0.788,0.836,0.763,0.525,0.902,0.709,0.66,0.8,0.941,0.853,0.461,0.846,0.869,0.921
APLS,0.288,0.35,0.583,0.527,-0.002,0.554,0.534,0.507,-0.16,0.567,0.688,0.6,-0.138,0.582,0.0,-0.285,0.459,0.636,0.47,0.609,0.35,0.557,0.639,-0.246,0.496,0.7,0.073,0.485,0.589,0.709,0.189,0.526,0.647,0.746,-0.212,0.547,0.119,0.172,0.437,0.63,0.442,0.668,0.571,0.626,0.553,-0.187,0.534,0.137,0.624,0.278,0.573,0.802,0.616,0.56,0.602,0.561,0.504,-0.577,0.626,0.756,0.503,0.022,0.22,0.702,0.538,0.608,0.517,0.441,0.556,0.348,0.564,0.625,-0.532,0.607,0.32,0.499,-0.443,0.528,0.666,0.517,-0.143,0.537,0.499,0.564,0.472,0.318,0.668,0.561,0.577,0.534,0.448,0.42,0.117,0.584,0.301,0.554,0.306,0.596,0.512,0.53,0.623,0.614,0.236,0.354,0.613,0.322,0.521,0.013,0.601,-0.19,0.569,0.594,0.595,0.423,0.614,0.669,0.721,0.507,0.413,0.644,0.667,0.62,0.692,0.468,0.505,0.63,0.516,0.64,0.557,-0.096,0.417,0.588,0.71,0.678,0.486,0.203,0.574,0.557,0.47,0.622,0.408,-0.052,0.64,0.519,-0.545,0.542,0.298,0.582,0.654,0.608,0.592,0.621,0.355,0.343,0.563,0.53,0.37,0.307,0.633,0.569,0.603,0.479,0.128,0.597,0.605,0.628,-0.193,0.408,0.141,-0.307,0.469,0.535,-0.436,-0.194,-0.491,0.386,0.445,0.566,0.479,0.661,0.573,0.548,0.59,0.754,0.569,-0.141,0.586,0.46,0.586,0.209,0.614,0.278,0.295,0.458,0.58,0.489,0.085,0.671,0.648,0.565
APPF,-0.725,0.296,-0.673,-0.483,0.785,-0.448,-0.435,-0.747,0.028,-0.722,-0.616,-0.423,0.512,-0.388,-0.285,0.0,-0.428,-0.619,-0.615,-0.453,-0.504,-0.738,-0.476,0.073,-0.213,-0.546,-0.417,-0.509,-0.582,-0.373,0.023,-0.538,-0.249,-0.579,-0.249,-0.454,0.468,-0.545,-0.593,-0.596,0.085,-0.594,-0.507,-0.445,-0.364,0.058,-0.321,-0.286,-0.574,0.345,-0.722,-0.494,-0.559,-0.601,-0.494,-0.583,-0.327,0.127,-0.58,-0.46,-0.619,-0.192,-0.117,-0.493,-0.722,-0.523,-0.826,-0.365,-0.526,-0.722,-0.216,-0.305,0.185,-0.734,-0.27,-0.246,0.021,-0.382,-0.679,-0.518,-0.256,-0.431,-0.373,-0.297,-0.484,-0.244,-0.38,-0.613,-0.519,-0.741,-0.742,-0.487,-0.713,-0.456,0.318,-0.182,-0.444,-0.491,-0.06,-0.647,-0.468,-0.629,-0.484,-0.081,-0.453,-0.331,-0.467,-0.444,-0.169,0.232,-0.695,-0.641,-0.597,-0.253,-0.513,-0.228,-0.453,-0.768,-0.846,-0.418,-0.52,-0.059,-0.609,-0.279,-0.317,-0.365,-0.681,-0.738,-0.266,-0.314,-0.679,-0.632,-0.503,-0.485,-0.617,0.404,-0.724,-0.38,-0.806,-0.279,-0.625,-0.188,-0.724,-0.747,0.587,-0.633,0.516,-0.161,-0.656,-0.68,-0.575,-0.557,-0.762,0.284,0.069,-0.74,0.018,0.35,-0.67,-0.616,-0.283,-0.442,0.271,-0.673,-0.327,-0.396,-0.167,-0.704,0.506,-0.173,0.216,-0.64,0.627,0.015,0.791,-0.462,-0.236,-0.236,-0.214,-0.115,-0.564,-0.553,-0.222,-0.513,-0.357,-0.573,-0.574,-0.634,-0.609,-0.136,-0.513,-0.005,-0.65,-0.446,-0.472,-0.454,-0.438,-0.601,-0.593,-0.516
ASML,0.802,0.632,0.885,0.909,-0.053,0.835,0.973,0.853,0.186,0.881,0.854,0.854,-0.091,0.926,0.459,-0.428,0.0,0.865,0.963,0.933,0.659,0.822,0.928,0.394,0.834,0.627,0.364,0.922,0.921,0.813,0.738,0.927,0.792,0.826,-0.274,0.944,0.481,0.812,0.954,0.883,0.702,0.824,0.924,0.924,0.943,0.214,0.92,0.699,0.916,0.368,0.794,0.716,0.87,0.929,0.949,0.933,0.88,-0.057,0.871,0.774,0.91,0.698,0.776,0.807,0.89,0.943,0.801,0.928,0.895,0.818,0.897,0.916,-0.162,0.815,0.852,0.894,-0.056,0.961,0.834,0.957,0.423,0.938,0.929,0.919,0.861,0.852,0.858,0.924,0.936,0.784,0.809,0.971,0.676,0.893,0.438,0.892,0.789,0.892,0.788,0.934,0.952,0.803,0.771,0.868,0.952,0.5,0.915,0.397,0.845,0.11,0.897,0.914,0.915,0.862,0.944,0.9,0.821,0.843,0.7,0.923,0.882,0.772,0.877,0.867,0.962,0.928,0.896,0.626,0.873,0.286,0.723,0.914,0.88,0.893,0.762,0.333,0.891,0.927,0.768,0.898,0.868,0.533,0.859,0.816,-0.661,0.883,0.201,0.767,0.874,0.876,0.904,0.921,0.84,0.503,0.607,0.831,0.356,0.414,0.891,0.885,0.859,0.913,0.574,0.848,0.879,0.927,0.457,0.836,0.092,0.253,0.646,0.898,-0.209,0.388,-0.384,0.529,0.684,0.875,0.738,0.854,0.95,0.906,0.825,0.859,0.921,0.506,0.82,0.882,0.808,0.614,0.889,0.689,0.72,0.859,0.941,0.929,0.592,0.878,0.914,0.968
ATRC,0.848,0.373,0.968,0.861,-0.303,0.874,0.883,0.918,0.152,0.962,0.909,0.803,-0.375,0.833,0.636,-0.619,0.865,0.0,0.921,0.855,0.699,0.952,0.92,0.251,0.808,0.763,0.562,0.924,0.907,0.81,0.424,0.943,0.763,0.851,-0.233,0.844,0.176,0.758,0.92,0.956,0.435,0.885,0.912,0.889,0.881,0.158,0.775,0.59,0.931,0.149,0.801,0.885,0.85,0.938,0.885,0.961,0.787,-0.189,0.924,0.845,0.956,0.442,0.64,0.78,0.92,0.91,0.888,0.879,0.968,0.886,0.755,0.809,-0.271,0.949,0.772,0.73,-0.078,0.857,0.89,0.902,0.397,0.902,0.872,0.88,0.736,0.757,0.886,0.933,0.845,0.913,0.929,0.882,0.691,0.948,0.252,0.758,0.828,0.891,0.68,0.893,0.889,0.906,0.682,0.648,0.912,0.337,0.896,0.524,0.783,0.104,0.961,0.957,0.967,0.813,0.898,0.834,0.913,0.931,0.797,0.892,0.887,0.677,0.943,0.719,0.833,0.844,0.944,0.727,0.859,0.312,0.873,0.936,0.891,0.866,0.907,-0.002,0.919,0.86,0.923,0.763,0.891,0.401,0.916,0.924,-0.788,0.843,0.12,0.693,0.966,0.931,0.951,0.921,0.851,0.363,0.471,0.93,0.408,0.153,0.917,0.874,0.802,0.854,0.414,0.928,0.839,0.828,0.296,0.922,-0.035,0.187,0.502,0.956,-0.444,0.315,-0.673,0.709,0.779,0.771,0.819,0.744,0.946,0.94,0.72,0.889,0.842,0.383,0.949,0.929,0.895,0.645,0.81,0.601,0.744,0.902,0.841,0.89,0.611,0.929,0.946,0.941
AVGO,0.886,0.43,0.942,0.895,-0.287,0.833,0.943,0.937,0.188,0.96,0.905,0.835,-0.243,0.88,0.47,-0.615,0.963,0.921,0.0,0.904,0.749,0.922,0.919,0.326,0.793,0.675,0.456,0.929,0.953,0.789,0.601,0.952,0.739,0.852,-0.159,0.91,0.265,0.853,0.979,0.933,0.538,0.879,0.939,0.916,0.913,0.206,0.861,0.678,0.943,0.184,0.875,0.755,0.89,0.961,0.944,0.96,0.829,-0.069,0.913,0.77,0.964,0.632,0.717,0.809,0.951,0.938,0.917,0.9,0.931,0.899,0.823,0.856,-0.158,0.909,0.802,0.809,-0.03,0.914,0.887,0.967,0.463,0.926,0.903,0.877,0.85,0.835,0.823,0.971,0.932,0.89,0.918,0.972,0.79,0.906,0.287,0.801,0.82,0.905,0.69,0.97,0.947,0.88,0.788,0.747,0.936,0.454,0.911,0.49,0.771,0.045,0.964,0.961,0.952,0.817,0.938,0.833,0.84,0.941,0.845,0.898,0.891,0.667,0.919,0.798,0.898,0.889,0.958,0.731,0.833,0.351,0.832,0.954,0.878,0.884,0.854,0.132,0.954,0.89,0.894,0.828,0.908,0.509,0.927,0.91,-0.727,0.92,0.026,0.687,0.937,0.938,0.949,0.943,0.931,0.325,0.482,0.928,0.309,0.231,0.94,0.91,0.81,0.91,0.432,0.919,0.836,0.885,0.45,0.927,-0.102,0.286,0.494,0.954,-0.351,0.347,-0.548,0.593,0.681,0.807,0.725,0.75,0.964,0.941,0.747,0.868,0.894,0.578,0.875,0.92,0.852,0.603,0.884,0.581,0.781,0.878,0.919,0.937,0.641,0.922,0.944,0.974
AVT,0.731,0.661,0.872,0.942,0.002,0.85,0.939,0.82,-0.051,0.871,0.859,0.856,-0.041,0.952,0.609,-0.453,0.933,0.855,0.904,0.0,0.532,0.789,0.958,0.177,0.788,0.706,0.249,0.908,0.896,0.9,0.765,0.863,0.868,0.899,-0.377,0.934,0.473,0.66,0.897,0.864,0.736,0.862,0.91,0.943,0.907,-0.047,0.951,0.53,0.947,0.472,0.796,0.796,0.83,0.917,0.966,0.911,0.884,-0.307,0.861,0.889,0.842,0.569,0.688,0.917,0.871,0.97,0.776,0.858,0.85,0.746,0.927,0.951,-0.426,0.826,0.774,0.913,-0.3,0.942,0.909,0.909,0.185,0.934,0.92,0.886,0.844,0.745,0.906,0.883,0.957,0.755,0.728,0.918,0.508,0.849,0.517,0.898,0.636,0.932,0.785,0.905,0.937,0.793,0.659,0.814,0.97,0.594,0.929,0.333,0.877,-0.017,0.877,0.914,0.897,0.819,0.98,0.929,0.872,0.797,0.641,0.978,0.939,0.864,0.921,0.899,0.943,0.964,0.852,0.712,0.866,0.062,0.606,0.92,0.939,0.958,0.694,0.433,0.902,0.941,0.715,0.926,0.825,0.341,0.886,0.775,-0.74,0.898,0.299,0.853,0.877,0.916,0.873,0.935,0.787,0.56,0.707,0.778,0.399,0.524,0.907,0.896,0.91,0.849,0.449,0.849,0.937,0.973,0.227,0.742,0.177,-0.017,0.666,0.845,-0.345,0.175,-0.415,0.525,0.586,0.906,0.673,0.859,0.953,0.858,0.919,0.918,0.926,0.414,0.82,0.838,0.841,0.432,0.953,0.688,0.633,0.77,0.983,0.836,0.384,0.91,0.927,0.938
AXDX,0.628,0.135,0.692,0.545,-0.424,0.481,0.623,0.711,0.326,0.715,0.687,0.541,-0.498,0.546,0.35,-0.504,0.659,0.699,0.749,0.532,0.0,0.736,0.576,0.236,0.574,0.398,0.488,0.64,0.737,0.524,0.201,0.731,0.418,0.513,0.133,0.557,0.036,0.637,0.697,0.749,0.186,0.671,0.714,0.653,0.661,0.242,0.478,0.473,0.65,-0.132,0.68,0.548,0.653,0.633,0.627,0.673,0.507,0.072,0.713,0.43,0.743,0.316,0.557,0.478,0.666,0.608,0.731,0.625,0.738,0.673,0.503,0.532,0.087,0.678,0.558,0.428,0.063,0.588,0.559,0.686,0.464,0.664,0.635,0.622,0.5,0.677,0.488,0.766,0.594,0.797,0.785,0.7,0.71,0.696,0.138,0.485,0.684,0.644,0.437,0.68,0.706,0.714,0.584,0.408,0.622,0.084,0.657,0.412,0.546,-0.005,0.717,0.691,0.722,0.638,0.627,0.546,0.621,0.739,0.719,0.582,0.579,0.354,0.667,0.465,0.6,0.575,0.714,0.521,0.593,0.382,0.742,0.682,0.544,0.562,0.71,-0.203,0.657,0.59,0.754,0.503,0.61,0.423,0.652,0.684,-0.445,0.64,-0.11,0.355,0.731,0.668,0.769,0.635,0.744,0.014,0.274,0.752,0.347,0.026,0.657,0.616,0.511,0.643,0.336,0.684,0.488,0.529,0.369,0.783,-0.313,0.345,0.24,0.734,-0.264,0.324,-0.42,0.455,0.579,0.41,0.656,0.502,0.681,0.694,0.37,0.573,0.617,0.381,0.655,0.606,0.574,0.639,0.505,0.228,0.557,0.677,0.554,0.802,0.566,0.667,0.643,0.673
AXSM,0.9,0.195,0.96,0.81,-0.493,0.831,0.839,0.949,0.209,0.98,0.93,0.739,-0.424,0.753,0.557,-0.738,0.822,0.952,0.922,0.789,0.736,0.0,0.86,0.215,0.738,0.718,0.583,0.875,0.897,0.748,0.338,0.919,0.671,0.849,-0.142,0.796,0.003,0.792,0.897,0.936,0.306,0.878,0.872,0.845,0.835,0.211,0.697,0.566,0.906,-0.005,0.852,0.839,0.835,0.924,0.85,0.934,0.707,-0.144,0.913,0.764,0.967,0.448,0.568,0.733,0.926,0.865,0.951,0.814,0.938,0.916,0.665,0.719,-0.2,0.952,0.708,0.643,-0.027,0.788,0.882,0.89,0.439,0.844,0.802,0.812,0.742,0.716,0.791,0.935,0.819,0.928,0.967,0.862,0.791,0.913,0.069,0.624,0.818,0.85,0.57,0.902,0.853,0.926,0.668,0.535,0.855,0.268,0.828,0.576,0.664,0.035,0.972,0.952,0.942,0.721,0.849,0.73,0.861,0.974,0.89,0.815,0.831,0.548,0.923,0.639,0.747,0.78,0.955,0.791,0.773,0.382,0.921,0.926,0.836,0.816,0.95,-0.131,0.937,0.793,0.973,0.69,0.889,0.388,0.925,0.967,-0.787,0.84,-0.061,0.613,0.955,0.924,0.932,0.909,0.883,0.182,0.3,0.977,0.274,-0.026,0.925,0.861,0.725,0.822,0.27,0.943,0.757,0.763,0.347,0.947,-0.24,0.258,0.371,0.961,-0.523,0.296,-0.727,0.704,0.725,0.707,0.743,0.614,0.896,0.945,0.601,0.849,0.793,0.435,0.925,0.903,0.879,0.598,0.789,0.482,0.772,0.888,0.799,0.857,0.643,0.917,0.925,0.901
AZN,0.77,0.591,0.932,0.933,-0.07,0.911,0.944,0.86,0.083,0.912,0.89,0.89,-0.098,0.941,0.639,-0.476,0.928,0.92,0.919,0.958,0.576,0.86,0.0,0.231,0.84,0.774,0.348,0.935,0.891,0.865,0.666,0.908,0.866,0.907,-0.395,0.931,0.415,0.708,0.922,0.91,0.673,0.86,0.93,0.929,0.922,0.095,0.929,0.56,0.955,0.412,0.793,0.853,0.848,0.948,0.966,0.959,0.871,-0.272,0.893,0.895,0.903,0.585,0.712,0.888,0.911,0.978,0.811,0.89,0.91,0.82,0.89,0.921,-0.365,0.88,0.776,0.89,-0.216,0.943,0.916,0.935,0.284,0.936,0.917,0.917,0.857,0.806,0.933,0.909,0.94,0.779,0.807,0.926,0.564,0.91,0.432,0.864,0.718,0.916,0.808,0.925,0.932,0.832,0.701,0.802,0.968,0.507,0.918,0.396,0.854,0.088,0.93,0.949,0.931,0.868,0.962,0.925,0.908,0.856,0.695,0.965,0.934,0.822,0.935,0.834,0.912,0.944,0.905,0.722,0.884,0.185,0.722,0.935,0.955,0.95,0.802,0.338,0.919,0.918,0.791,0.913,0.871,0.378,0.919,0.853,-0.748,0.855,0.293,0.812,0.91,0.921,0.912,0.971,0.794,0.578,0.607,0.832,0.407,0.401,0.939,0.932,0.929,0.907,0.428,0.902,0.919,0.947,0.277,0.809,0.174,0.066,0.655,0.909,-0.367,0.246,-0.545,0.565,0.666,0.909,0.752,0.853,0.96,0.918,0.856,0.949,0.9,0.358,0.899,0.899,0.838,0.519,0.929,0.686,0.714,0.861,0.958,0.871,0.48,0.932,0.945,0.956
BANR,0.429,0.292,0.265,0.272,0.152,0.297,0.351,0.164,0.759,0.187,0.066,0.347,0.033,0.289,-0.246,0.073,0.394,0.251,0.326,0.177,0.236,0.215,0.231,0.0,0.46,-0.042,0.454,0.378,0.143,0.058,0.264,0.397,-0.031,-0.004,-0.173,0.285,0.479,0.685,0.43,0.228,0.264,-0.042,0.215,0.131,0.431,0.736,0.256,0.787,0.127,0.132,-0.022,-0.061,0.275,0.28,0.161,0.346,0.436,0.786,0.194,-0.071,0.387,0.659,0.433,-0.144,0.262,0.192,0.09,0.586,0.328,0.461,0.148,0.196,0.652,0.146,0.671,0.4,0.772,0.425,-0.016,0.328,0.858,0.29,0.332,0.403,0.336,0.426,0.251,0.23,0.125,0.092,0.305,0.394,0.502,0.349,0.114,0.265,0.688,0.102,0.368,0.248,0.18,0.092,0.593,0.548,0.2,-0.065,0.279,0.22,0.147,0.792,0.229,0.188,0.327,0.434,0.138,0.198,0.018,0.25,0.107,0.183,0.043,0.045,0.061,0.301,0.351,0.105,0.343,-0.272,0.276,0.705,0.425,0.21,0.03,0.029,0.248,0.051,0.141,0.284,0.228,0.177,0.457,0.861,0.081,0.267,0.145,0.018,0.16,0.087,0.119,0.077,0.214,0.192,0.203,0.358,-0.102,0.201,0.143,-0.009,0.11,0.28,0.16,0.397,0.581,0.13,0.123,0.106,0.852,0.415,0.279,0.821,0.22,0.38,0.572,0.928,0.085,0.106,0.424,0.294,0.336,0.237,0.281,0.366,0.101,0.044,0.19,0.259,0.242,0.402,0.086,0.639,0.03,0.513,0.516,0.521,0.155,0.425,0.775,0.039,0.136,0.332
BBIO,0.695,0.642,0.794,0.839,0.104,0.795,0.84,0.677,0.306,0.758,0.738,0.743,-0.033,0.811,0.496,-0.213,0.834,0.808,0.793,0.788,0.574,0.738,0.84,0.46,0.0,0.591,0.469,0.84,0.755,0.802,0.589,0.862,0.724,0.719,-0.38,0.737,0.553,0.723,0.801,0.804,0.584,0.695,0.798,0.825,0.898,0.279,0.775,0.663,0.77,0.401,0.559,0.745,0.731,0.77,0.789,0.84,0.807,0.002,0.8,0.687,0.828,0.506,0.731,0.648,0.695,0.783,0.608,0.914,0.879,0.7,0.81,0.858,-0.068,0.733,0.873,0.788,0.058,0.867,0.655,0.817,0.469,0.838,0.839,0.923,0.681,0.866,0.846,0.783,0.728,0.652,0.703,0.842,0.529,0.903,0.482,0.801,0.815,0.776,0.791,0.729,0.812,0.77,0.603,0.8,0.833,0.202,0.814,0.397,0.84,0.372,0.763,0.774,0.822,0.851,0.783,0.845,0.806,0.718,0.485,0.829,0.72,0.763,0.766,0.798,0.834,0.789,0.803,0.421,0.895,0.33,0.687,0.778,0.736,0.769,0.746,0.293,0.693,0.845,0.663,0.762,0.775,0.54,0.679,0.666,-0.547,0.64,0.462,0.777,0.767,0.716,0.812,0.795,0.61,0.615,0.532,0.706,0.541,0.383,0.714,0.73,0.837,0.85,0.687,0.714,0.816,0.759,0.421,0.737,0.233,0.248,0.725,0.815,-0.016,0.54,-0.292,0.568,0.791,0.843,0.863,0.826,0.825,0.866,0.736,0.764,0.811,0.204,0.822,0.761,0.723,0.757,0.68,0.74,0.627,0.867,0.753,0.846,0.572,0.743,0.783,0.855
BCYC,0.573,0.29,0.772,0.694,-0.168,0.706,0.688,0.728,-0.03,0.767,0.756,0.72,-0.026,0.704,0.7,-0.546,0.627,0.763,0.675,0.706,0.398,0.718,0.774,-0.042,0.591,0.0,0.237,0.629,0.716,0.725,0.307,0.701,0.643,0.826,-0.101,0.708,0.091,0.501,0.673,0.724,0.466,0.723,0.708,0.695,0.637,-0.016,0.666,0.384,0.73,0.301,0.752,0.808,0.709,0.758,0.728,0.744,0.652,-0.328,0.785,0.765,0.695,0.328,0.409,0.789,0.766,0.732,0.731,0.6,0.684,0.629,0.611,0.697,-0.367,0.795,0.429,0.649,-0.228,0.664,0.811,0.715,0.163,0.605,0.556,0.642,0.707,0.523,0.722,0.714,0.738,0.645,0.666,0.617,0.465,0.688,0.194,0.569,0.511,0.645,0.565,0.745,0.721,0.72,0.484,0.527,0.712,0.546,0.599,0.177,0.571,-0.045,0.774,0.753,0.723,0.537,0.713,0.657,0.739,0.743,0.684,0.715,0.76,0.551,0.745,0.579,0.58,0.698,0.745,0.763,0.608,0.237,0.626,0.747,0.809,0.776,0.682,0.207,0.77,0.598,0.701,0.689,0.65,0.24,0.808,0.718,-0.613,0.707,0.11,0.528,0.754,0.742,0.705,0.763,0.63,0.338,0.373,0.712,0.18,0.22,0.795,0.784,0.7,0.734,0.046,0.775,0.639,0.724,0.135,0.645,0.036,-0.025,0.369,0.735,-0.383,0.027,-0.717,0.361,0.412,0.657,0.469,0.662,0.721,0.721,0.619,0.849,0.612,0.195,0.715,0.71,0.655,0.309,0.752,0.305,0.664,0.629,0.704,0.618,0.366,0.771,0.767,0.722
BHFAP,0.632,-0.035,0.546,0.389,-0.388,0.441,0.377,0.485,0.369,0.505,0.383,0.291,-0.534,0.272,0.073,-0.417,0.364,0.562,0.456,0.249,0.488,0.583,0.348,0.454,0.469,0.237,0.0,0.524,0.383,0.238,-0.013,0.531,0.21,0.232,-0.087,0.257,-0.074,0.552,0.492,0.514,-0.104,0.356,0.363,0.337,0.414,0.31,0.167,0.408,0.383,-0.168,0.241,0.411,0.344,0.425,0.283,0.503,0.326,0.241,0.449,0.265,0.571,0.228,0.408,0.092,0.434,0.34,0.459,0.506,0.577,0.609,0.171,0.232,0.183,0.491,0.544,0.184,0.316,0.321,0.285,0.387,0.514,0.437,0.433,0.434,0.182,0.424,0.384,0.453,0.215,0.562,0.633,0.448,0.553,0.571,-0.079,0.184,0.647,0.373,0.216,0.347,0.308,0.477,0.422,0.214,0.355,-0.231,0.448,0.67,0.289,0.406,0.497,0.466,0.516,0.472,0.317,0.252,0.396,0.533,0.43,0.326,0.286,0.122,0.414,0.175,0.349,0.228,0.538,0.122,0.437,0.43,0.651,0.44,0.261,0.249,0.636,-0.435,0.395,0.359,0.614,0.141,0.537,0.397,0.365,0.57,-0.376,0.282,0.004,0.253,0.484,0.412,0.485,0.385,0.464,0.076,-0.077,0.557,0.304,-0.27,0.365,0.375,0.283,0.369,0.358,0.478,0.312,0.178,0.341,0.626,-0.115,0.453,0.122,0.565,-0.149,0.566,-0.408,0.585,0.659,0.243,0.587,0.173,0.458,0.504,0.136,0.276,0.29,0.197,0.57,0.572,0.507,0.669,0.15,0.423,0.472,0.602,0.222,0.487,0.578,0.361,0.393,0.433
BKR,0.852,0.543,0.935,0.925,-0.146,0.874,0.925,0.85,0.159,0.906,0.828,0.821,-0.269,0.903,0.485,-0.509,0.922,0.924,0.929,0.908,0.64,0.875,0.935,0.378,0.84,0.629,0.524,0.0,0.87,0.8,0.628,0.928,0.777,0.796,-0.357,0.862,0.392,0.786,0.949,0.902,0.561,0.815,0.913,0.892,0.925,0.136,0.867,0.611,0.918,0.303,0.717,0.781,0.791,0.915,0.905,0.962,0.865,-0.109,0.877,0.804,0.925,0.574,0.745,0.759,0.886,0.936,0.804,0.931,0.929,0.882,0.832,0.856,-0.254,0.869,0.873,0.832,-0.069,0.924,0.841,0.906,0.406,0.951,0.941,0.915,0.768,0.826,0.915,0.901,0.864,0.828,0.852,0.945,0.65,0.928,0.425,0.813,0.812,0.898,0.753,0.881,0.883,0.801,0.733,0.769,0.926,0.398,0.951,0.542,0.835,0.205,0.916,0.932,0.949,0.889,0.925,0.868,0.858,0.862,0.685,0.93,0.859,0.749,0.9,0.827,0.918,0.872,0.915,0.606,0.879,0.252,0.768,0.917,0.858,0.857,0.812,0.177,0.89,0.922,0.831,0.806,0.918,0.468,0.862,0.852,-0.734,0.809,0.247,0.778,0.895,0.911,0.907,0.916,0.829,0.53,0.517,0.848,0.488,0.32,0.876,0.878,0.863,0.867,0.533,0.857,0.88,0.864,0.361,0.869,0.144,0.192,0.58,0.923,-0.31,0.407,-0.493,0.668,0.752,0.847,0.789,0.77,0.969,0.918,0.812,0.843,0.865,0.448,0.905,0.926,0.861,0.645,0.826,0.764,0.731,0.887,0.889,0.893,0.571,0.879,0.895,0.945
BLDP,0.801,0.435,0.906,0.857,-0.262,0.797,0.91,0.928,0.059,0.943,0.94,0.79,-0.27,0.865,0.589,-0.582,0.921,0.907,0.953,0.896,0.737,0.897,0.891,0.143,0.755,0.716,0.383,0.87,0.0,0.831,0.554,0.912,0.792,0.885,-0.128,0.894,0.22,0.731,0.911,0.94,0.538,0.95,0.947,0.953,0.881,0.084,0.826,0.571,0.942,0.178,0.919,0.824,0.895,0.926,0.94,0.914,0.778,-0.228,0.918,0.827,0.917,0.489,0.695,0.864,0.914,0.928,0.914,0.825,0.907,0.785,0.862,0.874,-0.262,0.898,0.715,0.76,-0.192,0.861,0.906,0.936,0.302,0.906,0.874,0.862,0.795,0.776,0.822,0.973,0.93,0.903,0.877,0.915,0.704,0.893,0.323,0.817,0.732,0.911,0.687,0.937,0.962,0.909,0.67,0.688,0.935,0.465,0.89,0.414,0.82,-0.132,0.936,0.952,0.92,0.757,0.94,0.86,0.889,0.913,0.828,0.896,0.924,0.713,0.939,0.785,0.869,0.916,0.917,0.78,0.839,0.221,0.773,0.953,0.918,0.919,0.831,0.136,0.941,0.872,0.863,0.848,0.807,0.362,0.927,0.865,-0.763,0.955,0.05,0.713,0.96,0.931,0.955,0.93,0.898,0.285,0.594,0.933,0.279,0.285,0.945,0.869,0.807,0.854,0.414,0.915,0.855,0.898,0.293,0.87,-0.141,0.126,0.536,0.903,-0.438,0.191,-0.551,0.582,0.699,0.781,0.728,0.8,0.932,0.904,0.769,0.904,0.912,0.494,0.839,0.86,0.869,0.559,0.895,0.505,0.662,0.812,0.907,0.909,0.519,0.958,0.96,0.947
BLFS,0.636,0.628,0.794,0.856,0.029,0.771,0.836,0.726,-0.087,0.809,0.838,0.728,-0.054,0.837,0.709,-0.373,0.813,0.81,0.789,0.9,0.524,0.748,0.865,0.058,0.802,0.725,0.238,0.8,0.831,0.0,0.639,0.802,0.834,0.864,-0.32,0.776,0.412,0.527,0.755,0.809,0.635,0.827,0.825,0.905,0.86,-0.109,0.811,0.419,0.873,0.445,0.709,0.865,0.744,0.806,0.856,0.817,0.791,-0.379,0.868,0.846,0.769,0.309,0.579,0.858,0.732,0.857,0.699,0.783,0.835,0.617,0.852,0.889,-0.448,0.774,0.703,0.795,-0.346,0.835,0.822,0.795,0.091,0.838,0.81,0.855,0.683,0.683,0.872,0.805,0.832,0.74,0.656,0.799,0.394,0.83,0.503,0.805,0.591,0.894,0.702,0.762,0.881,0.816,0.429,0.665,0.896,0.429,0.846,0.248,0.883,-0.004,0.788,0.823,0.841,0.725,0.894,0.893,0.892,0.719,0.545,0.927,0.855,0.873,0.887,0.864,0.846,0.901,0.766,0.685,0.883,0.008,0.563,0.83,0.869,0.906,0.688,0.358,0.791,0.888,0.659,0.813,0.724,0.239,0.783,0.672,-0.75,0.803,0.388,0.858,0.842,0.837,0.82,0.834,0.667,0.505,0.705,0.72,0.465,0.493,0.806,0.756,0.868,0.753,0.431,0.784,0.9,0.885,0.102,0.655,0.134,-0.11,0.677,0.767,-0.324,0.133,-0.356,0.586,0.577,0.832,0.716,0.842,0.861,0.815,0.858,0.868,0.885,0.185,0.786,0.684,0.825,0.491,0.837,0.596,0.52,0.722,0.853,0.762,0.286,0.856,0.872,0.848
BLKB,0.416,0.807,0.456,0.714,0.412,0.574,0.695,0.412,-0.113,0.463,0.444,0.567,0.341,0.725,0.189,0.023,0.738,0.424,0.601,0.765,0.201,0.338,0.666,0.264,0.589,0.307,-0.013,0.628,0.554,0.639,0.0,0.532,0.691,0.516,-0.507,0.675,0.755,0.423,0.608,0.453,0.766,0.479,0.585,0.666,0.659,-0.053,0.801,0.373,0.618,0.683,0.385,0.365,0.449,0.588,0.697,0.571,0.685,-0.145,0.471,0.559,0.472,0.579,0.659,0.64,0.473,0.683,0.322,0.639,0.499,0.377,0.814,0.756,-0.308,0.362,0.619,0.781,-0.265,0.723,0.522,0.621,0.057,0.694,0.72,0.653,0.604,0.642,0.604,0.517,0.704,0.312,0.296,0.714,0.177,0.503,0.649,0.754,0.332,0.662,0.652,0.564,0.646,0.38,0.437,0.788,0.71,0.522,0.679,0.178,0.726,0.092,0.469,0.541,0.509,0.64,0.707,0.724,0.502,0.365,0.184,0.722,0.617,0.788,0.534,0.775,0.774,0.757,0.475,0.292,0.678,-0.148,0.147,0.548,0.605,0.678,0.301,0.712,0.515,0.743,0.242,0.729,0.522,0.267,0.465,0.342,-0.431,0.594,0.472,0.748,0.445,0.544,0.508,0.609,0.459,0.662,0.676,0.335,0.305,0.71,0.519,0.547,0.724,0.586,0.526,0.452,0.746,0.747,0.209,0.328,0.372,-0.059,0.698,0.45,-0.002,0.199,0.116,0.233,0.269,0.758,0.421,0.677,0.639,0.509,0.78,0.542,0.725,0.347,0.434,0.479,0.48,0.251,0.704,0.681,0.307,0.449,0.762,0.539,0.107,0.535,0.576,0.627
BLMN,0.87,0.46,0.937,0.886,-0.211,0.863,0.921,0.882,0.286,0.937,0.891,0.814,-0.218,0.866,0.526,-0.538,0.927,0.943,0.952,0.863,0.731,0.919,0.908,0.397,0.862,0.701,0.531,0.928,0.912,0.802,0.532,0.0,0.72,0.829,-0.221,0.876,0.305,0.864,0.948,0.93,0.507,0.845,0.915,0.885,0.939,0.266,0.813,0.716,0.894,0.216,0.792,0.805,0.88,0.931,0.893,0.96,0.839,-0.016,0.939,0.772,0.972,0.582,0.721,0.753,0.908,0.902,0.856,0.945,0.955,0.891,0.794,0.848,-0.1,0.915,0.843,0.791,0.053,0.907,0.849,0.94,0.533,0.902,0.877,0.935,0.813,0.841,0.862,0.943,0.855,0.863,0.911,0.939,0.772,0.952,0.28,0.774,0.893,0.856,0.745,0.912,0.916,0.882,0.721,0.751,0.905,0.35,0.884,0.459,0.775,0.199,0.944,0.928,0.966,0.828,0.895,0.831,0.861,0.931,0.776,0.881,0.836,0.672,0.891,0.79,0.879,0.848,0.967,0.673,0.871,0.423,0.876,0.945,0.846,0.847,0.892,0.109,0.9,0.871,0.893,0.797,0.914,0.564,0.877,0.886,-0.687,0.838,0.124,0.702,0.92,0.897,0.938,0.921,0.841,0.4,0.429,0.917,0.367,0.211,0.889,0.872,0.817,0.919,0.507,0.895,0.824,0.839,0.479,0.929,-0.023,0.344,0.543,0.972,-0.275,0.466,-0.558,0.623,0.772,0.817,0.787,0.779,0.943,0.975,0.725,0.862,0.863,0.419,0.911,0.907,0.828,0.725,0.814,0.634,0.794,0.929,0.857,0.924,0.701,0.892,0.923,0.962
