,ABAT,ACLS,ACMR,ADMA,ADUS,ADVM,AEIS,AGNCM,AHCO,ALGT,ALLO,AMSF,ANAB,ANDE,APLS,APPF,ASML,ATRC,AVGO,AVT,AXDX,AXSM,AZN,BANR,BBIO,BCYC,BHFAP,BKR,BLDP,BLFS,BLKB,BLMN,BNTX,BPMC,CALM,CAMT,CASH,CATY,CCEP,CDLX,CDNS,CENN,CENX,CGC,CHDN,CLBK,COKE,COLB,COO,CORT,CRMT,CRNX,CRTO,CRVL,CSCO,CSQ,CSWI,CVBF,CWST,CYCC,CZR,DLTR,DORM,ENTA,EQIX,ERIC,EVRG,EWBC,EXAS,EXLS,EXPI,EYE,FBNC,FBRX,FCNCA,FELE,FIBK,FLEX,FRGT,FRHC,FRME,FWONA,FWONK,GDEN,GIII,GILD,GLNG,GNTX,GOOGL,GRPN,HCSG,HIMX,HOPE,HST,HTLD,HUT,HWC,ICUI,IESC,INTC,INTU,IOVA,IPAR,IPGP,ISRG,JBSS,KALU,KPRX,KRNT,LAUR,LBRDA,LBTYK,LECO,LILAK,LITE,MANH,MDXG,MFIC,MGEE,MIDD,MLAB,MMSI,MNKD,MOMO,MRVL,NICE,NMFC,NUWE,NVCR,NWBI,OFIX,OFLX,OMCL,OPK,ORKA,ORLY,OTTR,PDD,PNTG,POOL,POWL,PPBI,PPC,PRAA,PRPL,PZZA,QTRX,QURE,RDFN,RDHL,REAL,REG,REYN,RGLD,RIOT,RUN,RYTM,SAIA,SBAC,SBRA,SCVL,SHOO,SLAB,SLDB,SMCI,SMTC,SRCE,SSP,SSRM,STBA,STRO,SVC,SYBT,TCBI,TCOM,TENX,TH,TMUS,TNDM,TTD,TTMI,UAL,ULH,ULTA,VCYT,VIRT,VKTX,VOD,VRDN,VREX,VRNT,VSAT,WB,WBD,WDC,WEN,WSFS,XXII,Z,ZBRA
ABAT,0.0,-0.331,-0.319,-0.045,0.049,-0.759,-0.224,-0.653,-0.276,0.159,-0.604,-0.579,-0.277,-0.231,-0.135,-0.385,-0.303,0.392,0.23,-0.245,-0.468,0.61,0.104,-0.532,-0.071,0.779,-0.619,-0.438,-0.21,-0.422,-0.296,0.09,0.081,-0.365,0.262,-0.269,-0.514,-0.595,-0.209,0.414,-0.576,-0.322,0.482,0.845,-0.439,-0.587,-0.706,-0.522,-0.245,-0.511,-0.599,0.333,0.031,0.746,0.334,-0.457,-0.531,-0.565,-0.339,0.679,0.07,-0.311,-0.434,0.326,-0.47,-0.363,-0.518,-0.212,0.753,-0.606,-0.177,-0.231,-0.345,-0.458,-0.325,-0.577,-0.577,-0.33,0.4,-0.282,-0.443,-0.279,-0.246,-0.414,-0.334,0.156,-0.306,-0.403,-0.088,-0.379,-0.311,0.153,-0.393,-0.231,-0.544,0.754,-0.478,0.512,-0.327,0.266,-0.526,0.517,0.044,-0.22,0.259,0.392,0.033,-0.11,0.588,-0.401,-0.345,-0.327,-0.442,0.139,0.482,-0.442,0.141,0.245,0.411,-0.145,0.454,0.117,-0.599,-0.469,-0.245,-0.483,-0.23,0.067,-0.313,-0.305,0.467,-0.677,-0.377,0.55,-0.229,-0.092,-0.605,-0.585,0.2,-0.195,-0.665,-0.363,-0.388,0.349,0.143,-0.535,0.389,-0.596,0.154,0.461,0.656,0.366,0.562,0.166,0.753,-0.535,-0.629,-0.309,-0.424,-0.415,0.272,-0.217,-0.382,-0.43,-0.16,-0.122,-0.679,0.457,-0.267,-0.442,0.354,-0.303,-0.659,-0.304,-0.307,0.056,-0.471,-0.596,0.763,0.138,-0.151,0.153,-0.598,-0.372,-0.087,0.682,0.099,-0.512,0.672,-0.068,0.199,0.443,-0.4,0.615,-0.011,-0.517,-0.57,0.041,0.409,0.234
ACLS,-0.331,0.0,0.944,0.555,0.004,0.587,0.952,0.758,0.662,0.701,0.652,0.874,0.066,0.647,0.455,0.559,0.852,-0.113,0.486,0.944,0.405,-0.242,0.224,0.807,0.474,-0.623,0.787,0.791,0.817,0.891,0.661,0.561,0.476,0.635,-0.134,0.912,0.849,0.904,0.622,-0.04,0.875,0.824,0.171,-0.567,0.959,0.867,0.718,0.882,0.719,0.778,0.669,-0.168,0.623,-0.326,-0.012,0.945,0.859,0.805,0.807,-0.601,0.589,0.618,0.874,-0.282,0.672,0.86,0.657,0.85,-0.187,0.907,0.84,0.83,0.759,0.746,0.896,0.903,0.878,0.948,-0.009,0.809,0.723,0.774,0.741,0.936,0.856,-0.019,0.812,0.913,0.697,0.748,0.794,0.668,0.828,0.87,0.708,-0.159,0.809,0.186,0.709,0.451,0.885,-0.809,0.764,0.929,0.42,-0.057,0.726,0.334,0.361,0.598,0.739,0.73,0.878,0.45,0.06,0.897,0.662,0.59,-0.144,0.889,-0.048,0.733,0.633,0.921,0.966,0.819,0.844,0.092,0.721,0.614,0.415,0.851,0.606,-0.019,0.564,0.587,0.831,0.874,0.573,0.605,0.809,0.842,0.731,-0.346,0.367,0.86,0.309,0.763,0.396,0.457,-0.068,0.334,-0.381,-0.113,-0.225,0.868,0.509,0.6,0.247,0.703,0.053,0.685,0.919,0.771,0.672,0.832,0.779,0.222,0.425,0.672,-0.404,0.798,0.667,0.894,0.843,0.213,0.869,0.84,-0.379,0.723,0.786,0.709,0.852,0.841,0.525,-0.358,0.292,0.498,-0.154,0.603,0.691,-0.075,0.764,0.103,0.778,0.86,0.809,0.73,0.363,0.723
ACMR,-0.319,0.944,0.0,0.655,0.113,0.558,0.869,0.729,0.748,0.63,0.668,0.833,0.069,0.554,0.582,0.639,0.836,-0.054,0.302,0.889,0.317,-0.224,0.289,0.789,0.572,-0.637,0.72,0.819,0.879,0.913,0.737,0.412,0.57,0.646,-0.288,0.857,0.784,0.847,0.694,-0.083,0.9,0.837,0.061,-0.58,0.896,0.86,0.707,0.866,0.769,0.863,0.648,-0.128,0.664,-0.373,-0.193,0.894,0.793,0.812,0.734,-0.583,0.513,0.484,0.775,-0.394,0.704,0.86,0.672,0.761,-0.175,0.867,0.83,0.836,0.682,0.705,0.869,0.864,0.848,0.912,0.017,0.682,0.689,0.843,0.813,0.859,0.764,0.046,0.83,0.925,0.589,0.639,0.785,0.7,0.744,0.745,0.617,-0.194,0.801,0.201,0.693,0.311,0.871,-0.755,0.673,0.922,0.407,-0.096,0.656,0.356,0.261,0.67,0.769,0.731,0.78,0.518,-0.069,0.84,0.599,0.486,-0.214,0.899,-0.15,0.71,0.711,0.918,0.879,0.776,0.717,-0.014,0.772,0.623,0.33,0.838,0.655,0.051,0.578,0.428,0.831,0.881,0.557,0.626,0.774,0.766,0.722,-0.48,0.466,0.78,0.268,0.745,0.344,0.408,-0.157,0.182,-0.523,-0.267,-0.274,0.918,0.507,0.495,0.295,0.719,-0.098,0.549,0.874,0.779,0.561,0.805,0.764,0.312,0.497,0.685,-0.467,0.693,0.66,0.828,0.846,0.259,0.837,0.838,-0.391,0.72,0.717,0.67,0.837,0.738,0.611,-0.344,0.223,0.568,-0.125,0.651,0.638,0.012,0.834,0.108,0.694,0.806,0.835,0.692,0.371,0.654
ADMA,-0.045,0.555,0.655,0.0,0.263,0.16,0.392,0.225,0.784,0.453,0.548,0.456,0.016,0.062,0.791,0.435,0.493,0.117,-0.092,0.498,-0.108,0.171,0.557,0.462,0.784,-0.225,0.253,0.646,0.734,0.635,0.747,-0.047,0.622,0.573,-0.684,0.441,0.254,0.349,0.659,-0.224,0.563,0.637,-0.143,-0.288,0.401,0.513,0.3,0.533,0.747,0.75,0.335,0.236,0.617,-0.19,-0.503,0.492,0.35,0.594,0.249,-0.244,-0.005,-0.139,0.294,-0.558,0.425,0.66,0.407,0.28,0.171,0.379,0.498,0.732,0.394,0.405,0.58,0.442,0.443,0.465,0.169,0.131,0.311,0.585,0.597,0.327,0.192,0.371,0.518,0.689,0.1,0.121,0.49,0.747,0.246,0.291,0.048,-0.208,0.556,0.408,0.436,-0.095,0.492,-0.286,0.229,0.634,0.331,-0.314,0.477,0.427,0.226,0.624,0.586,0.473,0.288,0.755,-0.151,0.37,0.155,0.286,-0.275,0.717,-0.287,0.608,0.646,0.507,0.432,0.24,0.349,-0.276,0.712,0.553,0.342,0.481,0.492,0.323,0.295,-0.109,0.542,0.593,0.407,0.245,0.394,0.369,0.483,-0.66,0.653,0.25,0.276,0.403,0.15,0.525,-0.218,-0.058,-0.637,-0.633,-0.299,0.662,0.296,-0.179,0.205,0.713,-0.473,-0.068,0.402,0.635,0.167,0.478,0.351,0.634,0.56,0.467,-0.414,0.357,0.296,0.398,0.59,0.517,0.443,0.483,-0.164,0.601,0.564,0.566,0.472,0.184,0.522,-0.246,0.036,0.488,0.318,0.606,0.377,0.454,0.588,0.148,0.454,0.349,0.613,0.629,0.52,0.4
ADUS,0.049,0.004,0.113,0.263,0.0,-0.285,-0.013,-0.054,0.567,-0.112,-0.124,0.059,-0.428,-0.275,0.369,0.581,0.321,0.425,-0.421,-0.033,-0.297,-0.109,0.742,0.319,0.184,-0.091,0.023,0.344,0.336,0.173,0.5,-0.341,0.263,-0.021,-0.41,0.093,0.072,-0.028,0.467,-0.409,0.16,-0.068,-0.148,0.05,-0.109,0.047,0.122,0.169,0.534,0.249,0.326,-0.133,0.275,0.334,-0.419,0.054,-0.063,0.327,0.072,-0.206,-0.231,-0.233,-0.202,-0.606,0.487,0.309,0.445,0.087,0.157,-0.055,0.073,0.326,0.198,0.125,0.207,0.024,0.133,-0.017,0.151,-0.413,0.341,0.447,0.506,-0.1,-0.281,0.679,0.197,0.193,-0.516,-0.155,0.081,0.243,0.157,-0.161,0.041,-0.046,0.343,0.607,0.081,0.039,0.227,0.153,-0.085,0.041,0.618,0.192,0.238,-0.123,-0.149,0.565,0.468,0.49,-0.289,0.613,-0.386,-0.066,-0.188,0.125,-0.156,0.25,-0.113,0.298,0.419,-0.047,-0.007,-0.041,-0.092,-0.426,0.483,0.537,-0.013,0.004,0.015,0.604,0.483,-0.04,-0.003,-0.078,0.382,0.024,-0.148,0.239,0.376,-0.397,0.657,-0.034,-0.024,0.047,-0.155,-0.07,-0.371,0.099,-0.212,-0.257,-0.027,0.156,-0.285,-0.304,0.602,0.369,-0.25,-0.322,0.171,-0.131,-0.361,0.27,0.094,0.321,0.349,0.423,-0.356,-0.348,0.187,0.156,-0.16,-0.097,-0.202,0.218,-0.065,-0.158,-0.134,0.252,0.079,-0.226,0.373,0.223,-0.043,0.535,0.215,0.681,0.086,0.391,-0.038,0.34,0.266,0.114,0.313,0.424,-0.007,0.2
ADVM,-0.759,0.587,0.558,0.16,-0.285,0.0,0.499,0.713,0.232,0.168,0.828,0.654,0.59,0.58,0.206,0.2,0.383,-0.318,0.133,0.585,0.711,-0.31,-0.317,0.51,0.336,-0.737,0.7,0.461,0.345,0.596,0.241,0.237,0.081,0.683,-0.136,0.396,0.614,0.76,0.227,-0.037,0.68,0.655,-0.149,-0.816,0.703,0.797,0.748,0.645,0.226,0.605,0.457,-0.076,0.196,-0.815,-0.093,0.628,0.743,0.573,0.461,-0.519,0.335,0.498,0.705,-0.029,0.356,0.446,0.394,0.472,-0.637,0.794,0.49,0.354,0.477,0.503,0.407,0.72,0.637,0.586,-0.184,0.634,0.387,0.33,0.267,0.664,0.68,-0.486,0.388,0.55,0.552,0.551,0.512,0.083,0.542,0.544,0.61,-0.586,0.479,-0.52,0.508,-0.173,0.56,-0.609,0.329,0.49,-0.271,-0.512,0.148,0.221,-0.212,0.26,0.285,0.258,0.796,-0.167,-0.127,0.702,0.301,-0.113,-0.115,0.33,-0.327,0.01,0.502,0.68,0.507,0.723,0.465,0.13,0.242,0.154,-0.181,0.774,0.653,-0.669,0.227,0.28,0.745,0.813,-0.127,0.461,0.889,0.447,0.302,-0.219,-0.171,0.656,-0.054,0.778,0.241,-0.165,-0.307,-0.274,-0.487,-0.068,-0.624,0.654,0.848,0.644,0.182,0.408,-0.041,0.562,0.497,0.739,0.543,0.221,0.729,-0.331,0.209,0.336,-0.068,0.695,0.544,0.412,0.684,0.01,0.765,0.634,-0.648,0.268,0.485,0.048,0.717,0.632,0.214,-0.833,0.262,0.298,-0.565,0.029,0.068,-0.514,0.719,-0.597,0.114,0.609,0.564,0.088,-0.109,-0.03
AEIS,-0.224,0.952,0.869,0.392,-0.013,0.499,0.0,0.7,0.542,0.74,0.507,0.808,-0.006,0.7,0.296,0.469,0.816,-0.131,0.648,0.929,0.421,-0.222,0.128,0.753,0.342,-0.538,0.76,0.687,0.734,0.792,0.521,0.678,0.388,0.487,0.034,0.892,0.844,0.857,0.523,0.037,0.759,0.728,0.293,-0.443,0.925,0.791,0.629,0.808,0.615,0.629,0.625,-0.238,0.549,-0.182,0.186,0.893,0.808,0.701,0.806,-0.537,0.661,0.704,0.881,-0.152,0.612,0.762,0.589,0.89,-0.146,0.839,0.799,0.773,0.741,0.716,0.859,0.841,0.819,0.938,0.06,0.824,0.709,0.713,0.678,0.92,0.882,-0.061,0.755,0.836,0.742,0.78,0.76,0.64,0.834,0.908,0.721,-0.003,0.721,0.231,0.696,0.611,0.815,-0.779,0.826,0.884,0.47,0.111,0.769,0.238,0.469,0.493,0.674,0.703,0.86,0.394,0.167,0.839,0.745,0.68,0.017,0.847,0.097,0.74,0.47,0.849,0.973,0.773,0.873,0.176,0.601,0.558,0.508,0.729,0.516,-0.026,0.57,0.738,0.739,0.751,0.652,0.583,0.724,0.847,0.67,-0.203,0.31,0.842,0.337,0.684,0.431,0.482,0.069,0.521,-0.163,0.001,-0.052,0.753,0.386,0.664,0.185,0.608,0.249,0.794,0.907,0.667,0.685,0.839,0.703,0.194,0.24,0.613,-0.317,0.783,0.59,0.898,0.752,0.122,0.796,0.759,-0.266,0.682,0.767,0.736,0.781,0.87,0.429,-0.24,0.356,0.379,-0.137,0.575,0.734,-0.088,0.668,0.186,0.827,0.845,0.702,0.706,0.345,0.769
AGNCM,-0.653,0.758,0.729,0.225,-0.054,0.713,0.7,0.0,0.499,0.244,0.596,0.856,0.005,0.452,0.148,0.668,0.73,-0.4,0.223,0.653,0.427,-0.718,0.104,0.831,0.079,-0.853,0.901,0.686,0.531,0.768,0.541,0.336,0.234,0.4,-0.007,0.792,0.889,0.913,0.402,-0.328,0.855,0.557,-0.187,-0.821,0.826,0.78,0.824,0.806,0.536,0.716,0.824,-0.551,0.241,-0.557,-0.15,0.864,0.793,0.776,0.805,-0.84,0.334,0.688,0.744,-0.343,0.747,0.683,0.763,0.67,-0.612,0.903,0.554,0.522,0.63,0.791,0.756,0.863,0.919,0.739,-0.323,0.709,0.8,0.635,0.571,0.818,0.722,-0.007,0.722,0.746,0.481,0.758,0.574,0.18,0.774,0.575,0.832,-0.414,0.773,-0.193,0.591,0.31,0.885,-0.926,0.518,0.676,0.129,0.055,0.356,0.263,-0.188,0.571,0.7,0.681,0.767,0.114,-0.316,0.77,0.397,0.293,-0.468,0.617,-0.207,0.351,0.664,0.851,0.703,0.795,0.63,-0.04,0.61,0.573,-0.108,0.897,0.41,-0.241,0.498,0.491,0.771,0.796,0.32,0.465,0.798,0.719,0.748,-0.307,0.112,0.927,-0.176,0.719,0.016,-0.041,-0.384,0.095,-0.476,-0.054,-0.457,0.771,0.609,0.586,0.419,0.583,-0.072,0.563,0.839,0.586,0.39,0.629,0.912,-0.223,0.358,0.745,-0.518,0.514,0.898,0.804,0.554,-0.023,0.77,0.84,-0.671,0.259,0.387,0.323,0.83,0.802,0.391,-0.386,-0.049,0.642,-0.639,0.399,0.292,-0.339,0.563,-0.154,0.444,0.863,0.806,0.344,-0.176,0.343
AHCO,-0.276,0.662,0.748,0.784,0.567,0.232,0.542,0.499,0.0,0.299,0.475,0.703,-0.237,0.162,0.748,0.798,0.761,0.072,-0.151,0.595,-0.023,-0.245,0.753,0.788,0.571,-0.539,0.525,0.892,0.795,0.772,0.951,-0.099,0.475,0.492,-0.665,0.661,0.566,0.585,0.846,-0.507,0.773,0.593,-0.194,-0.511,0.553,0.67,0.623,0.749,0.946,0.855,0.733,-0.119,0.526,-0.195,-0.526,0.691,0.541,0.86,0.558,-0.636,-0.028,0.061,0.432,-0.794,0.835,0.868,0.811,0.506,-0.146,0.581,0.527,0.814,0.616,0.577,0.796,0.676,0.723,0.617,0.015,0.207,0.714,0.835,0.858,0.505,0.312,0.533,0.774,0.806,0.021,0.279,0.677,0.685,0.565,0.38,0.447,-0.364,0.851,0.503,0.582,0.137,0.772,-0.483,0.288,0.675,0.536,-0.068,0.627,0.26,-0.013,0.901,0.838,0.832,0.366,0.798,-0.436,0.522,0.171,0.4,-0.435,0.826,-0.352,0.718,0.865,0.649,0.575,0.429,0.506,-0.309,0.931,0.856,0.239,0.665,0.441,0.353,0.595,0.146,0.701,0.641,0.619,0.302,0.518,0.671,0.832,-0.775,0.679,0.539,0.081,0.561,-0.025,0.294,-0.491,0.093,-0.656,-0.532,-0.437,0.822,0.248,0.0,0.562,0.866,-0.461,0.064,0.668,0.527,0.164,0.678,0.661,0.421,0.703,0.812,-0.694,0.294,0.67,0.665,0.499,0.251,0.531,0.792,-0.487,0.378,0.514,0.566,0.721,0.315,0.527,-0.201,-0.04,0.831,0.088,0.861,0.485,0.348,0.545,0.152,0.632,0.639,0.867,0.79,0.211,0.522
ALGT,0.159,0.701,0.63,0.453,-0.112,0.168,0.74,0.244,0.299,0.0,0.205,0.459,-0.05,0.43,0.336,0.114,0.479,0.017,0.624,0.721,0.193,0.229,0.038,0.377,0.378,-0.103,0.295,0.345,0.663,0.441,0.329,0.696,0.55,0.319,0.05,0.619,0.403,0.439,0.196,0.239,0.372,0.581,0.293,0.007,0.582,0.438,0.093,0.501,0.433,0.326,0.144,-0.014,0.67,0.057,0.169,0.53,0.366,0.326,0.425,-0.093,0.562,0.358,0.509,-0.033,0.146,0.44,0.154,0.569,0.352,0.42,0.592,0.656,0.493,0.406,0.606,0.441,0.408,0.676,0.299,0.52,0.299,0.393,0.395,0.566,0.596,-0.031,0.426,0.581,0.602,0.432,0.464,0.559,0.44,0.719,0.191,0.313,0.376,0.335,0.456,0.558,0.424,-0.444,0.624,0.745,0.413,0.003,0.725,0.132,0.688,0.266,0.417,0.355,0.555,0.501,0.446,0.456,0.632,0.655,0.337,0.662,0.225,0.711,0.137,0.533,0.726,0.34,0.673,0.091,0.404,0.337,0.691,0.359,0.335,0.088,0.398,0.411,0.392,0.435,0.596,0.267,0.347,0.54,0.302,-0.088,0.362,0.386,0.363,0.232,0.422,0.734,0.334,0.475,-0.051,-0.001,0.251,0.448,0.024,0.292,-0.284,0.353,0.194,0.535,0.586,0.432,0.559,0.652,0.261,0.585,0.08,0.293,-0.088,0.571,0.106,0.612,0.605,0.42,0.515,0.317,0.201,0.767,0.69,0.836,0.326,0.517,0.237,-0.036,0.362,-0.007,0.161,0.417,0.666,0.144,0.487,0.44,0.725,0.391,0.354,0.578,0.706,0.689
ALLO,-0.604,0.652,0.668,0.548,-0.124,0.828,0.507,0.596,0.475,0.205,0.0,0.616,0.609,0.463,0.428,0.294,0.458,-0.233,0.085,0.612,0.517,-0.13,-0.02,0.515,0.653,-0.624,0.665,0.604,0.484,0.751,0.423,0.147,0.238,0.818,-0.416,0.409,0.544,0.691,0.511,-0.07,0.724,0.791,-0.125,-0.733,0.684,0.8,0.712,0.629,0.427,0.767,0.47,0.154,0.333,-0.692,-0.225,0.675,0.717,0.654,0.393,-0.424,0.286,0.354,0.679,-0.189,0.415,0.603,0.413,0.445,-0.428,0.759,0.575,0.533,0.431,0.54,0.485,0.689,0.627,0.576,-0.066,0.544,0.336,0.463,0.403,0.639,0.558,-0.266,0.438,0.686,0.466,0.514,0.545,0.436,0.474,0.524,0.434,-0.561,0.521,-0.301,0.481,-0.305,0.608,-0.517,0.313,0.565,-0.074,-0.535,0.181,0.456,-0.037,0.342,0.428,0.362,0.713,0.108,-0.125,0.701,0.276,-0.011,-0.252,0.513,-0.359,0.158,0.649,0.687,0.536,0.717,0.444,0.045,0.398,0.264,-0.053,0.758,0.789,-0.363,0.201,0.212,0.76,0.889,-0.086,0.511,0.853,0.408,0.368,-0.37,0.158,0.586,0.256,0.873,0.311,0.049,-0.261,-0.232,-0.592,-0.375,-0.622,0.73,0.904,0.421,0.341,0.634,-0.153,0.38,0.488,0.93,0.436,0.29,0.627,-0.121,0.317,0.35,-0.18,0.739,0.486,0.398,0.808,0.107,0.718,0.653,-0.543,0.456,0.584,0.206,0.741,0.599,0.459,-0.803,0.299,0.421,-0.235,0.237,0.101,-0.266,0.824,-0.487,0.199,0.616,0.638,0.268,0.069,0.086
AMSF,-0.579,0.874,0.833,0.456,0.059,0.654,0.808,0.856,0.703,0.459,0.616,0.0,-0.066,0.487,0.413,0.641,0.811,-0.314,0.231,0.821,0.382,-0.507,0.25,0.892,0.292,-0.815,0.845,0.841,0.696,0.823,0.733,0.303,0.274,0.529,-0.273,0.868,0.865,0.929,0.59,-0.373,0.902,0.718,-0.151,-0.789,0.883,0.888,0.83,0.922,0.736,0.805,0.831,-0.351,0.439,-0.5,-0.172,0.912,0.851,0.902,0.803,-0.817,0.273,0.514,0.812,-0.472,0.784,0.849,0.816,0.748,-0.506,0.905,0.602,0.738,0.797,0.736,0.892,0.945,0.943,0.864,-0.139,0.693,0.85,0.729,0.715,0.852,0.749,0.071,0.823,0.865,0.48,0.664,0.793,0.45,0.835,0.715,0.829,-0.467,0.905,0.074,0.753,0.342,0.91,-0.87,0.522,0.826,0.216,-0.122,0.663,0.209,-0.039,0.737,0.762,0.769,0.819,0.401,-0.266,0.792,0.392,0.426,-0.324,0.795,-0.273,0.62,0.752,0.89,0.809,0.715,0.787,-0.017,0.765,0.736,0.189,0.93,0.488,-0.175,0.547,0.465,0.919,0.847,0.519,0.426,0.856,0.853,0.828,-0.492,0.239,0.889,-0.079,0.726,0.046,0.2,-0.427,0.152,-0.54,-0.202,-0.52,0.89,0.513,0.496,0.344,0.763,-0.188,0.545,0.872,0.656,0.544,0.724,0.93,0.06,0.521,0.827,-0.576,0.628,0.857,0.872,0.668,0.188,0.857,0.924,-0.685,0.41,0.676,0.511,0.923,0.726,0.319,-0.451,0.018,0.694,-0.375,0.565,0.526,-0.126,0.645,-0.111,0.666,0.884,0.912,0.613,0.042,0.498
ANAB,-0.277,0.066,0.069,0.016,-0.428,0.59,-0.006,0.005,-0.237,-0.05,0.609,-0.066,0.0,0.366,0.078,-0.395,-0.163,0.039,0.082,0.136,0.638,0.345,-0.518,-0.186,0.464,-0.027,0.075,-0.089,-0.097,0.14,-0.291,0.06,-0.065,0.617,-0.045,-0.244,-0.035,0.13,-0.062,0.481,0.082,0.346,0.205,-0.229,0.168,0.257,0.194,0.025,-0.298,0.109,-0.273,0.566,-0.052,-0.505,0.141,0.027,0.234,-0.057,-0.125,0.26,0.285,0.09,0.197,0.476,-0.293,-0.065,-0.281,0.015,-0.162,0.205,0.203,-0.108,-0.056,-0.062,-0.248,0.064,-0.065,0.038,0.047,0.262,-0.339,-0.179,-0.24,0.128,0.236,-0.706,-0.196,-0.024,0.402,0.049,0.051,-0.036,-0.042,0.16,-0.052,-0.208,-0.192,-0.548,-0.094,-0.539,-0.125,0.085,0.066,-0.01,-0.419,-0.626,-0.282,0.122,0.023,-0.356,-0.359,-0.363,0.321,-0.47,0.261,0.274,0.211,-0.429,0.21,-0.177,-0.103,-0.374,-0.042,0.113,0.023,0.308,-0.065,0.349,-0.35,-0.48,-0.181,0.124,0.55,-0.522,-0.326,-0.054,0.145,0.352,-0.585,0.321,0.386,-0.173,-0.385,0.156,-0.316,-0.017,0.312,0.46,0.458,-0.144,0.164,-0.384,-0.091,0.05,-0.254,0.081,0.683,0.381,-0.102,-0.109,0.148,0.241,-0.16,0.498,0.377,-0.323,0.012,-0.321,-0.114,-0.387,0.518,0.475,-0.202,-0.25,0.453,-0.109,0.248,-0.017,-0.071,0.201,0.196,-0.263,0.097,0.169,0.102,-0.671,0.593,-0.301,-0.077,-0.384,-0.201,-0.334,0.479,-0.575,-0.345,-0.034,-0.115,-0.269,0.061,-0.304
ANDE,-0.231,0.647,0.554,0.062,-0.275,0.58,0.7,0.452,0.162,0.43,0.463,0.487,0.366,0.0,0.162,0.043,0.417,0.005,0.522,0.719,0.655,-0.004,-0.27,0.367,0.289,-0.392,0.515,0.401,0.373,0.474,0.129,0.495,0.124,0.557,0.1,0.475,0.574,0.637,0.287,0.352,0.516,0.599,0.492,-0.361,0.729,0.611,0.578,0.531,0.15,0.374,0.272,0.111,0.233,-0.382,0.314,0.557,0.71,0.366,0.516,-0.246,0.619,0.565,0.776,0.26,0.261,0.462,0.247,0.642,-0.28,0.647,0.662,0.389,0.41,0.361,0.444,0.624,0.48,0.692,0.114,0.77,0.337,0.32,0.276,0.697,0.819,-0.541,0.504,0.438,0.788,0.498,0.672,0.361,0.566,0.768,0.576,-0.086,0.363,-0.075,0.451,0.285,0.409,-0.442,0.636,0.523,0.054,-0.148,0.454,0.104,0.377,0.102,0.128,0.251,0.764,-0.091,0.207,0.718,0.687,0.316,0.209,0.384,0.051,0.374,0.187,0.623,0.676,0.651,0.613,0.485,0.168,0.086,0.376,0.495,0.458,-0.383,0.134,0.577,0.559,0.598,0.244,0.575,0.664,0.506,0.264,-0.107,-0.161,0.57,0.31,0.596,0.599,0.226,0.177,0.238,-0.003,0.202,-0.11,0.51,0.455,0.756,-0.041,0.212,0.317,0.775,0.494,0.543,0.842,0.356,0.502,-0.104,0.148,0.165,0.037,0.815,0.306,0.48,0.645,-0.025,0.662,0.527,-0.276,0.514,0.636,0.242,0.621,0.631,0.124,-0.44,0.507,0.005,-0.122,0.125,0.541,-0.306,0.559,-0.213,0.396,0.522,0.338,0.394,0.3,0.42
APLS,-0.135,0.455,0.582,0.791,0.369,0.206,0.296,0.148,0.748,0.336,0.428,0.413,0.078,0.162,0.0,0.426,0.435,0.362,-0.317,0.424,0.044,0.218,0.505,0.432,0.807,-0.228,0.1,0.651,0.733,0.543,0.759,-0.265,0.612,0.616,-0.753,0.33,0.161,0.304,0.652,-0.138,0.576,0.537,-0.114,-0.328,0.339,0.489,0.352,0.541,0.703,0.729,0.25,0.368,0.545,-0.302,-0.6,0.357,0.369,0.561,0.229,-0.233,-0.08,-0.318,0.204,-0.549,0.433,0.622,0.428,0.191,0.081,0.336,0.485,0.634,0.387,0.229,0.444,0.446,0.356,0.405,0.187,0.039,0.28,0.571,0.617,0.228,0.159,0.255,0.515,0.581,0.013,-0.157,0.596,0.588,0.192,0.192,0.087,-0.273,0.539,0.406,0.335,-0.185,0.383,-0.156,0.154,0.504,0.256,-0.445,0.46,0.197,0.053,0.676,0.432,0.381,0.212,0.639,-0.283,0.383,0.099,0.063,-0.229,0.561,-0.353,0.56,0.635,0.439,0.346,0.195,0.201,-0.195,0.689,0.476,0.24,0.426,0.494,0.245,0.248,-0.261,0.537,0.518,0.397,0.265,0.369,0.352,0.419,-0.793,0.484,0.12,0.132,0.37,0.182,0.338,-0.373,-0.251,-0.676,-0.498,-0.381,0.68,0.195,-0.096,0.173,0.523,-0.619,-0.127,0.309,0.465,0.261,0.372,0.379,0.585,0.754,0.425,-0.395,0.242,0.276,0.285,0.492,0.457,0.415,0.493,-0.275,0.465,0.525,0.344,0.431,-0.023,0.427,-0.29,0.092,0.445,0.33,0.573,0.428,0.495,0.57,0.048,0.345,0.207,0.572,0.581,0.519,0.329
APPF,-0.385,0.559,0.639,0.435,0.581,0.2,0.469,0.668,0.798,0.114,0.294,0.641,-0.395,0.043,0.426,0.0,0.772,0.015,-0.178,0.407,-0.051,-0.624,0.708,0.82,0.185,-0.652,0.616,0.776,0.693,0.708,0.823,-0.009,0.421,0.219,-0.307,0.683,0.655,0.601,0.676,-0.537,0.745,0.317,-0.255,-0.526,0.514,0.524,0.63,0.667,0.803,0.708,0.818,-0.521,0.398,-0.118,-0.484,0.664,0.487,0.777,0.656,-0.767,0.071,0.29,0.34,-0.754,0.893,0.738,0.87,0.47,-0.234,0.595,0.465,0.594,0.502,0.634,0.715,0.623,0.75,0.518,-0.238,0.192,0.79,0.836,0.831,0.512,0.278,0.566,0.716,0.69,-0.068,0.412,0.459,0.343,0.596,0.262,0.559,-0.298,0.797,0.324,0.454,0.27,0.823,-0.597,0.293,0.515,0.55,0.217,0.391,0.186,-0.223,0.861,0.874,0.869,0.287,0.566,-0.499,0.503,0.092,0.367,-0.58,0.648,-0.189,0.531,0.817,0.583,0.51,0.537,0.374,-0.388,0.872,0.812,-0.089,0.653,0.266,0.404,0.702,0.237,0.532,0.502,0.508,0.354,0.396,0.649,0.861,-0.529,0.639,0.629,-0.108,0.483,-0.123,-0.024,-0.542,0.122,-0.543,-0.237,-0.323,0.68,0.164,0.123,0.706,0.674,-0.301,0.086,0.749,0.297,-0.038,0.699,0.673,0.141,0.591,0.843,-0.769,0.065,0.802,0.695,0.261,0.038,0.401,0.757,-0.478,0.146,0.145,0.428,0.619,0.398,0.617,0.017,-0.181,0.872,-0.269,0.766,0.312,0.102,0.351,0.239,0.537,0.674,0.81,0.568,-0.066,0.458
ASML,-0.303,0.852,0.836,0.493,0.321,0.383,0.816,0.73,0.761,0.479,0.458,0.811,-0.163,0.417,0.435,0.772,0.0,-0.015,0.286,0.773,0.265,-0.428,0.526,0.911,0.346,-0.59,0.734,0.84,0.763,0.872,0.749,0.297,0.449,0.447,-0.163,0.893,0.881,0.833,0.746,-0.302,0.842,0.605,0.146,-0.576,0.791,0.733,0.736,0.872,0.821,0.737,0.785,-0.324,0.446,-0.174,-0.099,0.895,0.725,0.869,0.845,-0.66,0.362,0.502,0.631,-0.466,0.847,0.9,0.843,0.842,-0.198,0.777,0.644,0.742,0.792,0.732,0.89,0.793,0.883,0.832,-0.092,0.567,0.882,0.818,0.802,0.779,0.612,0.286,0.818,0.846,0.39,0.6,0.706,0.568,0.874,0.634,0.723,-0.135,0.894,0.362,0.598,0.511,0.888,-0.76,0.66,0.805,0.614,0.177,0.723,0.173,0.16,0.752,0.84,0.868,0.646,0.56,-0.124,0.748,0.5,0.62,-0.32,0.851,-0.104,0.758,0.744,0.765,0.84,0.705,0.708,-0.032,0.82,0.809,0.305,0.784,0.467,0.256,0.669,0.543,0.706,0.702,0.655,0.511,0.635,0.897,0.86,-0.372,0.557,0.794,0.132,0.661,0.124,0.294,-0.267,0.369,-0.321,-0.114,-0.194,0.791,0.354,0.467,0.552,0.708,-0.05,0.451,0.89,0.543,0.369,0.856,0.794,0.188,0.475,0.857,-0.506,0.47,0.776,0.906,0.565,0.115,0.657,0.86,-0.41,0.409,0.569,0.705,0.773,0.698,0.587,-0.126,0.15,0.743,-0.185,0.773,0.6,0.089,0.591,0.276,0.764,0.812,0.864,0.735,0.135,0.771
ATRC,0.392,-0.113,-0.054,0.117,0.425,-0.318,-0.131,-0.4,0.072,0.017,-0.233,-0.314,0.039,0.005,0.362,0.015,-0.015,0.0,-0.213,-0.108,-0.071,0.474,0.287,-0.155,0.323,0.426,-0.445,-0.101,0.185,-0.075,0.045,-0.16,0.364,0.166,-0.04,-0.153,-0.28,-0.254,0.139,0.454,-0.1,-0.155,0.367,0.391,-0.189,-0.178,-0.181,-0.061,0.062,-0.053,-0.343,0.469,0.29,0.344,-0.059,-0.257,-0.099,-0.124,-0.172,0.365,0.129,-0.397,-0.314,0.099,-0.071,-0.001,-0.141,-0.049,0.574,-0.248,0.253,0.051,-0.046,-0.284,-0.228,-0.22,-0.28,-0.157,0.141,-0.243,-0.157,0.083,0.131,-0.236,-0.183,0.121,-0.095,-0.16,-0.11,-0.428,-0.046,0.14,-0.15,-0.194,-0.243,0.375,-0.096,0.475,-0.245,-0.065,-0.228,0.43,0.169,-0.068,0.357,-0.065,0.09,-0.175,0.288,0.045,-0.166,-0.133,-0.282,0.173,0.223,-0.007,0.098,-0.081,0.172,-0.096,0.278,0.144,-0.094,-0.219,-0.083,-0.13,-0.321,0.112,0.042,-0.102,0.176,-0.283,0.028,0.484,-0.055,-0.295,-0.262,-0.219,0.152,0.299,-0.305,-0.06,-0.158,-0.019,0.244,-0.37,0.318,-0.134,0.482,0.132,0.224,-0.063,0.108,0.197,0.366,-0.125,-0.275,-0.076,0.01,-0.256,-0.031,-0.197,-0.172,-0.186,0.074,-0.01,-0.274,0.435,0.293,-0.176,0.216,-0.176,-0.318,-0.191,-0.08,0.012,-0.245,-0.187,0.39,0.169,-0.109,-0.003,-0.27,-0.376,0.354,0.261,0.328,-0.188,0.522,0.125,0.228,0.436,-0.08,0.377,-0.006,-0.304,-0.185,0.246,0.501,0.243
AVGO,0.23,0.486,0.302,-0.092,-0.421,0.133,0.648,0.223,-0.151,0.624,0.085,0.231,0.082,0.522,-0.317,-0.178,0.286,-0.213,0.0,0.536,0.306,0.092,-0.307,0.127,-0.071,0.051,0.34,0.012,0.115,0.214,-0.187,0.864,0.011,0.071,0.583,0.455,0.406,0.358,-0.065,0.412,0.081,0.296,0.611,0.123,0.488,0.221,0.04,0.18,-0.046,-0.084,0.059,-0.104,0.163,0.234,0.767,0.411,0.326,0.017,0.416,0.044,0.703,0.69,0.553,0.487,-0.054,0.132,-0.059,0.581,0.157,0.322,0.382,0.202,0.299,0.315,0.328,0.254,0.248,0.492,0.156,0.695,0.16,0.093,0.031,0.542,0.614,-0.318,0.184,0.244,0.763,0.629,0.24,0.304,0.421,0.692,0.308,0.477,0.06,0.08,0.273,0.692,0.225,-0.386,0.699,0.429,0.253,0.345,0.424,0.076,0.736,-0.235,0.089,0.144,0.553,-0.048,0.658,0.386,0.75,0.624,0.431,0.342,0.467,0.345,-0.26,0.328,0.605,0.381,0.621,0.421,-0.098,-0.032,0.587,0.125,0.11,-0.078,0.124,0.77,0.133,0.208,0.309,0.257,0.237,0.354,0.083,0.483,-0.083,0.428,0.477,0.22,0.457,0.535,0.639,0.746,0.52,0.375,0.461,0.063,0.129,0.581,-0.266,0.025,0.74,0.767,0.416,0.274,0.542,0.407,0.089,-0.006,-0.399,-0.014,0.269,0.593,-0.001,0.455,0.398,-0.019,0.348,0.1,0.28,0.489,0.467,0.504,0.19,0.68,0.049,0.077,0.454,-0.285,0.003,0.032,0.471,-0.191,0.207,0.282,0.496,0.388,-0.004,0.255,0.264,0.557
AVT,-0.245,0.944,0.889,0.498,-0.033,0.585,0.929,0.653,0.595,0.721,0.612,0.821,0.136,0.719,0.424,0.407,0.773,-0.108,0.536,0.0,0.479,-0.091,0.145,0.726,0.506,-0.563,0.724,0.751,0.737,0.824,0.583,0.546,0.373,0.649,-0.148,0.822,0.799,0.855,0.591,0.017,0.792,0.864,0.277,-0.504,0.923,0.868,0.686,0.85,0.648,0.697,0.573,-0.058,0.577,-0.312,0.106,0.882,0.818,0.749,0.762,-0.513,0.6,0.59,0.866,-0.182,0.587,0.811,0.59,0.871,-0.185,0.848,0.768,0.778,0.76,0.644,0.848,0.853,0.801,0.946,0.13,0.801,0.665,0.713,0.688,0.9,0.873,-0.117,0.775,0.847,0.738,0.681,0.831,0.681,0.827,0.904,0.677,-0.159,0.75,0.215,0.691,0.441,0.78,-0.709,0.731,0.906,0.37,-0.105,0.787,0.262,0.403,0.519,0.616,0.666,0.883,0.43,0.14,0.839,0.712,0.597,0.064,0.858,-0.05,0.722,0.546,0.876,0.926,0.75,0.877,0.174,0.618,0.547,0.524,0.775,0.609,-0.092,0.513,0.61,0.823,0.83,0.568,0.541,0.806,0.812,0.639,-0.31,0.305,0.796,0.365,0.737,0.395,0.501,0.004,0.369,-0.298,-0.087,-0.227,0.815,0.469,0.627,0.155,0.666,0.125,0.736,0.833,0.746,0.748,0.741,0.731,0.253,0.352,0.595,-0.268,0.842,0.551,0.845,0.859,0.174,0.875,0.792,-0.343,0.721,0.861,0.712,0.832,0.796,0.39,-0.41,0.404,0.404,-0.064,0.55,0.738,-0.092,0.773,0.06,0.762,0.793,0.73,0.735,0.378,0.706
AXDX,-0.468,0.405,0.317,-0.108,-0.297,0.711,0.421,0.427,-0.023,0.193,0.517,0.382,0.638,0.655,0.044,-0.051,0.265,-0.071,0.306,0.479,0.0,-0.037,-0.355,0.279,0.301,-0.356,0.453,0.23,0.154,0.389,-0.013,0.278,0.009,0.573,0.11,0.201,0.436,0.535,0.061,0.253,0.406,0.483,0.259,-0.459,0.524,0.515,0.534,0.458,-0.006,0.276,0.172,0.125,0.015,-0.55,0.23,0.411,0.55,0.287,0.387,-0.194,0.46,0.441,0.477,0.288,0.167,0.255,0.202,0.431,-0.389,0.557,0.392,0.155,0.413,0.335,0.176,0.445,0.365,0.398,-0.032,0.57,0.213,0.143,0.104,0.509,0.602,-0.564,0.264,0.272,0.57,0.336,0.372,-0.02,0.433,0.476,0.467,-0.203,0.238,-0.379,0.144,-0.001,0.287,-0.355,0.41,0.317,-0.127,-0.347,0.154,-0.023,-0.005,-0.004,0.001,0.08,0.609,-0.315,0.218,0.572,0.489,-0.039,0.181,0.115,-0.116,-0.004,0.143,0.463,0.417,0.59,0.326,0.405,-0.022,-0.041,-0.066,0.452,0.6,-0.567,0.029,0.335,0.435,0.537,-0.105,0.395,0.628,0.354,0.034,0.028,-0.256,0.433,0.072,0.638,0.379,-0.128,0.007,-0.038,-0.089,0.221,-0.257,0.354,0.556,0.702,0.066,0.136,0.206,0.592,0.323,0.471,0.609,0.092,0.469,-0.333,-0.022,0.088,0.158,0.576,0.223,0.288,0.512,-0.227,0.519,0.401,-0.306,0.227,0.343,0.056,0.434,0.495,0.123,-0.641,0.642,0.003,-0.319,-0.034,0.213,-0.417,0.497,-0.377,0.137,0.357,0.257,0.07,0.025,0.058
AXSM,0.61,-0.242,-0.224,0.171,-0.109,-0.31,-0.222,-0.718,-0.245,0.229,-0.13,-0.507,0.345,-0.004,0.218,-0.624,-0.428,0.474,0.092,-0.091,-0.037,0.0,-0.155,-0.59,0.456,0.688,-0.613,-0.358,-0.085,-0.292,-0.276,-0.029,0.149,0.154,-0.12,-0.453,-0.614,-0.504,-0.156,0.592,-0.43,0.027,0.421,0.6,-0.332,-0.283,-0.544,-0.383,-0.248,-0.269,-0.727,0.823,0.171,0.284,0.152,-0.446,-0.347,-0.479,-0.509,0.758,0.068,-0.488,-0.291,0.389,-0.6,-0.308,-0.632,-0.295,0.665,-0.456,-0.012,-0.118,-0.277,-0.501,-0.417,-0.451,-0.596,-0.264,0.538,-0.24,-0.665,-0.284,-0.257,-0.374,-0.221,-0.239,-0.357,-0.271,0.057,-0.506,-0.123,0.242,-0.482,-0.099,-0.645,0.413,-0.488,0.257,-0.286,-0.249,-0.575,0.615,-0.065,-0.143,-0.032,-0.329,-0.019,-0.059,0.544,-0.404,-0.511,-0.519,-0.249,0.072,0.525,-0.272,0.1,-0.087,0.599,-0.169,0.226,-0.012,-0.467,-0.355,-0.222,-0.383,-0.24,0.157,-0.367,-0.489,0.406,-0.522,0.108,0.131,-0.384,-0.323,-0.344,-0.254,-0.099,-0.091,-0.343,-0.443,-0.6,0.11,-0.003,-0.606,0.522,-0.279,0.412,0.441,0.533,-0.054,0.231,-0.029,0.373,-0.31,-0.245,-0.248,-0.522,-0.308,0.092,-0.171,-0.488,-0.014,0.128,-0.325,-0.61,0.48,-0.141,-0.621,0.551,0.045,-0.796,-0.471,0.079,0.193,-0.239,-0.524,0.633,0.348,0.168,0.031,-0.45,-0.411,-0.068,0.028,0.444,-0.621,0.734,-0.221,0.112,0.413,0.005,0.115,-0.153,-0.566,-0.514,0.011,0.626,-0.02
AZN,0.104,0.224,0.289,0.557,0.742,-0.317,0.128,0.104,0.753,0.038,-0.02,0.25,-0.518,-0.27,0.505,0.708,0.526,0.287,-0.307,0.145,-0.355,-0.155,0.0,0.474,0.289,-0.117,0.139,0.567,0.468,0.4,0.755,-0.312,0.37,0.089,-0.472,0.343,0.202,0.124,0.662,-0.517,0.353,0.106,-0.087,-0.073,0.078,0.141,0.217,0.333,0.75,0.431,0.453,-0.124,0.308,0.272,-0.471,0.292,0.08,0.502,0.302,-0.342,-0.243,-0.19,-0.084,-0.725,0.618,0.569,0.603,0.192,0.182,0.099,0.154,0.45,0.322,0.261,0.45,0.188,0.319,0.15,0.009,-0.213,0.479,0.59,0.644,0.07,-0.165,0.824,0.445,0.391,-0.393,-0.07,0.263,0.443,0.268,-0.05,0.11,-0.085,0.548,0.711,0.134,0.177,0.411,-0.107,0.048,0.261,0.676,0.235,0.393,0.076,-0.046,0.699,0.625,0.641,-0.144,0.773,-0.352,0.103,-0.106,0.397,-0.433,0.504,-0.185,0.561,0.576,0.158,0.183,0.048,0.118,-0.418,0.733,0.726,0.151,0.208,0.056,0.753,0.473,-0.048,0.174,0.111,0.525,0.025,-0.037,0.366,0.614,-0.502,0.757,0.144,0.047,0.114,-0.25,0.211,-0.373,0.18,-0.34,-0.342,-0.122,0.326,-0.211,-0.335,0.575,0.564,-0.403,-0.335,0.329,0.021,-0.264,0.464,0.233,0.458,0.569,0.606,-0.575,-0.215,0.364,0.371,-0.017,0.078,0.009,0.392,-0.135,0.065,0.057,0.445,0.232,-0.067,0.445,0.273,-0.158,0.699,0.29,0.775,0.313,0.506,0.022,0.458,0.445,0.224,0.497,0.631,0.119,0.453
BANR,-0.532,0.807,0.789,0.462,0.319,0.51,0.753,0.831,0.788,0.377,0.515,0.892,-0.186,0.367,0.432,0.82,0.911,-0.155,0.127,0.726,0.279,-0.59,0.474,0.0,0.274,-0.763,0.818,0.873,0.729,0.831,0.787,0.215,0.354,0.44,-0.251,0.86,0.901,0.881,0.673,-0.489,0.88,0.58,-0.138,-0.728,0.785,0.801,0.815,0.925,0.825,0.79,0.91,-0.471,0.405,-0.327,-0.24,0.889,0.745,0.953,0.833,-0.851,0.209,0.506,0.66,-0.603,0.906,0.88,0.929,0.773,-0.405,0.825,0.558,0.761,0.821,0.799,0.911,0.87,0.958,0.806,-0.191,0.517,0.948,0.801,0.789,0.765,0.598,0.318,0.809,0.856,0.277,0.618,0.687,0.429,0.867,0.599,0.792,-0.376,0.961,0.225,0.666,0.399,0.941,-0.8,0.51,0.751,0.458,0.084,0.668,0.176,-0.081,0.844,0.878,0.901,0.654,0.524,-0.344,0.715,0.344,0.473,-0.412,0.799,-0.236,0.659,0.841,0.794,0.769,0.674,0.716,-0.132,0.86,0.88,0.135,0.861,0.409,0.08,0.708,0.478,0.802,0.74,0.598,0.413,0.722,0.917,0.927,-0.49,0.47,0.848,-0.085,0.694,-0.01,0.137,-0.486,0.254,-0.494,-0.194,-0.424,0.847,0.418,0.404,0.577,0.794,-0.175,0.432,0.894,0.538,0.327,0.783,0.905,0.09,0.522,0.943,-0.628,0.438,0.911,0.906,0.514,0.11,0.699,0.933,-0.627,0.266,0.52,0.579,0.85,0.66,0.446,-0.259,0.014,0.83,-0.346,0.741,0.469,-0.013,0.556,0.099,0.705,0.876,0.955,0.671,-0.013,0.58
BBIO,-0.071,0.474,0.572,0.784,0.184,0.336,0.342,0.079,0.571,0.378,0.653,0.292,0.464,0.289,0.807,0.185,0.346,0.323,-0.071,0.506,0.301,0.456,0.289,0.274,0.0,-0.13,0.145,0.523,0.63,0.594,0.517,-0.069,0.544,0.782,-0.649,0.196,0.135,0.293,0.599,0.118,0.492,0.702,0.107,-0.251,0.379,0.53,0.323,0.46,0.523,0.666,0.095,0.581,0.538,-0.318,-0.356,0.363,0.384,0.443,0.146,-0.018,0.183,-0.161,0.284,-0.258,0.257,0.537,0.223,0.241,0.162,0.366,0.562,0.583,0.318,0.228,0.326,0.365,0.269,0.391,0.279,0.161,0.077,0.482,0.486,0.294,0.259,-0.018,0.379,0.562,0.231,-0.018,0.51,0.674,0.176,0.317,-0.009,-0.184,0.356,0.234,0.242,-0.301,0.3,-0.081,0.26,0.501,0.202,-0.552,0.353,0.322,0.256,0.392,0.287,0.245,0.329,0.476,0.044,0.434,0.285,0.057,0.005,0.521,-0.226,0.404,0.486,0.427,0.382,0.337,0.22,-0.015,0.443,0.232,0.252,0.37,0.747,0.101,0.141,-0.122,0.488,0.602,0.181,0.397,0.45,0.238,0.176,-0.541,0.469,0.114,0.472,0.549,0.438,0.37,-0.071,-0.197,-0.524,-0.479,-0.283,0.585,0.41,0.058,0.149,0.51,-0.313,0.056,0.25,0.706,0.35,0.242,0.255,0.466,0.448,0.18,-0.089,0.475,0.054,0.193,0.688,0.308,0.437,0.389,-0.095,0.625,0.592,0.379,0.406,0.142,0.532,-0.488,0.472,0.237,0.401,0.418,0.358,0.332,0.719,-0.071,0.28,0.206,0.428,0.499,0.574,0.266
BCYC,0.779,-0.623,-0.637,-0.225,-0.091,-0.737,-0.538,-0.853,-0.539,-0.103,-0.624,-0.815,-0.027,-0.392,-0.228,-0.652,-0.59,0.426,0.051,-0.563,-0.356,0.688,-0.117,-0.763,-0.13,0.0,-0.843,-0.73,-0.489,-0.677,-0.57,-0.113,-0.106,-0.431,0.293,-0.592,-0.768,-0.813,-0.468,0.471,-0.804,-0.57,0.375,0.873,-0.71,-0.786,-0.86,-0.738,-0.533,-0.723,-0.82,0.486,-0.238,0.664,0.336,-0.735,-0.717,-0.779,-0.608,0.852,-0.16,-0.529,-0.68,0.5,-0.726,-0.658,-0.759,-0.497,0.729,-0.827,-0.42,-0.499,-0.504,-0.605,-0.666,-0.81,-0.828,-0.63,0.243,-0.491,-0.714,-0.605,-0.569,-0.704,-0.592,0.028,-0.648,-0.676,-0.246,-0.618,-0.593,-0.168,-0.677,-0.516,-0.745,0.71,-0.735,0.259,-0.6,-0.036,-0.8,0.754,-0.205,-0.515,0.02,0.195,-0.286,-0.247,0.407,-0.625,-0.646,-0.665,-0.654,-0.149,0.505,-0.64,-0.134,-0.122,0.394,-0.517,0.403,-0.251,-0.767,-0.737,-0.545,-0.703,-0.549,0.113,-0.601,-0.564,0.218,-0.861,-0.449,0.37,-0.526,-0.365,-0.805,-0.757,-0.166,-0.366,-0.798,-0.617,-0.677,0.482,-0.141,-0.799,0.257,-0.695,0.107,0.249,0.612,0.122,0.625,0.226,0.704,-0.763,-0.552,-0.438,-0.488,-0.647,0.21,-0.414,-0.71,-0.57,-0.294,-0.457,-0.864,0.268,-0.401,-0.704,0.578,-0.463,-0.835,-0.642,-0.511,0.029,-0.713,-0.844,0.825,-0.121,-0.359,-0.185,-0.852,-0.621,-0.244,0.588,0.118,-0.712,0.624,-0.379,-0.139,0.428,-0.587,0.404,-0.327,-0.794,-0.806,-0.305,0.262,-0.108
BHFAP,-0.619,0.787,0.72,0.253,0.023,0.7,0.76,0.901,0.525,0.295,0.665,0.845,0.075,0.515,0.1,0.616,0.734,-0.445,0.34,0.724,0.453,-0.613,0.139,0.818,0.145,-0.843,0.0,0.731,0.506,0.781,0.519,0.425,0.125,0.48,-0.054,0.757,0.904,0.913,0.475,-0.335,0.807,0.637,-0.073,-0.756,0.851,0.817,0.847,0.781,0.547,0.677,0.855,-0.475,0.272,-0.441,-0.023,0.891,0.799,0.793,0.778,-0.785,0.394,0.767,0.827,-0.309,0.731,0.722,0.751,0.737,-0.576,0.906,0.556,0.577,0.672,0.81,0.785,0.856,0.907,0.771,-0.179,0.71,0.774,0.649,0.583,0.87,0.744,-0.014,0.697,0.763,0.486,0.848,0.626,0.31,0.834,0.726,0.826,-0.448,0.763,-0.117,0.657,0.311,0.888,-0.842,0.504,0.66,0.213,0.018,0.423,0.261,-0.066,0.531,0.714,0.748,0.805,0.186,-0.223,0.767,0.421,0.408,-0.283,0.661,-0.207,0.397,0.66,0.827,0.748,0.831,0.743,-0.012,0.573,0.589,0.026,0.859,0.478,-0.241,0.581,0.674,0.779,0.801,0.284,0.431,0.833,0.747,0.738,-0.251,0.201,0.946,0.008,0.812,0.082,0.016,-0.325,0.268,-0.38,-0.088,-0.463,0.739,0.627,0.589,0.495,0.711,0.111,0.645,0.848,0.667,0.425,0.623,0.854,-0.247,0.243,0.703,-0.444,0.644,0.821,0.811,0.62,-0.098,0.771,0.855,-0.637,0.284,0.486,0.425,0.877,0.861,0.347,-0.469,0.134,0.636,-0.536,0.469,0.304,-0.38,0.605,-0.2,0.548,0.932,0.79,0.449,-0.162,0.361
BKR,-0.438,0.791,0.819,0.646,0.344,0.461,0.687,0.686,0.892,0.345,0.604,0.841,-0.089,0.401,0.651,0.776,0.84,-0.101,0.012,0.751,0.23,-0.358,0.567,0.873,0.523,-0.73,0.731,0.0,0.782,0.877,0.891,0.041,0.379,0.599,-0.544,0.753,0.752,0.788,0.853,-0.453,0.891,0.713,-0.073,-0.694,0.753,0.805,0.817,0.858,0.88,0.888,0.827,-0.169,0.425,-0.386,-0.361,0.84,0.729,0.929,0.736,-0.737,0.144,0.322,0.645,-0.653,0.871,0.943,0.889,0.649,-0.348,0.78,0.587,0.77,0.702,0.664,0.872,0.841,0.86,0.769,-0.023,0.453,0.793,0.846,0.843,0.718,0.539,0.291,0.884,0.87,0.236,0.461,0.833,0.623,0.736,0.596,0.655,-0.482,0.908,0.306,0.638,0.195,0.863,-0.659,0.392,0.724,0.398,-0.119,0.656,0.287,-0.037,0.858,0.814,0.873,0.604,0.617,-0.388,0.701,0.307,0.455,-0.385,0.841,-0.349,0.711,0.898,0.794,0.721,0.637,0.682,-0.132,0.894,0.818,0.226,0.824,0.52,0.125,0.582,0.359,0.85,0.797,0.534,0.38,0.725,0.77,0.868,-0.695,0.533,0.73,0.09,0.731,0.025,0.226,-0.506,0.139,-0.612,-0.381,-0.543,0.908,0.419,0.283,0.563,0.854,-0.322,0.296,0.79,0.641,0.365,0.693,0.824,0.191,0.662,0.837,-0.654,0.507,0.786,0.783,0.639,0.19,0.728,0.934,-0.628,0.397,0.643,0.548,0.882,0.541,0.477,-0.382,0.055,0.83,-0.096,0.775,0.536,0.101,0.689,-0.016,0.667,0.781,0.927,0.754,0.127,0.544
BLDP,-0.21,0.817,0.879,0.734,0.336,0.345,0.734,0.531,0.795,0.663,0.484,0.696,-0.097,0.373,0.733,0.693,0.763,0.185,0.115,0.737,0.154,-0.085,0.468,0.729,0.63,-0.489,0.506,0.782,0.0,0.81,0.809,0.273,0.739,0.542,-0.4,0.75,0.586,0.65,0.669,-0.114,0.797,0.701,-0.01,-0.405,0.701,0.695,0.517,0.782,0.844,0.815,0.555,-0.101,0.76,-0.209,-0.384,0.736,0.602,0.743,0.608,-0.504,0.353,0.229,0.543,-0.543,0.666,0.803,0.635,0.577,0.098,0.667,0.802,0.844,0.601,0.605,0.792,0.714,0.703,0.762,0.089,0.398,0.598,0.834,0.836,0.641,0.534,0.257,0.749,0.872,0.333,0.391,0.682,0.663,0.559,0.591,0.4,-0.103,0.744,0.396,0.603,0.275,0.766,-0.577,0.541,0.821,0.538,-0.126,0.677,0.284,0.275,0.781,0.782,0.719,0.543,0.71,-0.084,0.671,0.421,0.483,-0.168,0.839,-0.057,0.773,0.701,0.734,0.771,0.58,0.583,-0.196,0.861,0.677,0.34,0.678,0.587,0.268,0.607,0.237,0.684,0.715,0.635,0.499,0.546,0.687,0.68,-0.596,0.654,0.563,0.238,0.55,0.336,0.45,-0.204,0.143,-0.556,-0.292,-0.172,0.844,0.231,0.229,0.294,0.683,-0.259,0.299,0.789,0.611,0.389,0.788,0.602,0.535,0.586,0.662,-0.542,0.471,0.527,0.728,0.672,0.398,0.624,0.712,-0.224,0.689,0.632,0.715,0.653,0.483,0.665,-0.202,0.177,0.553,0.033,0.752,0.609,0.269,0.689,0.278,0.715,0.618,0.776,0.758,0.559,0.653
BLFS,-0.422,0.891,0.913,0.635,0.173,0.596,0.792,0.768,0.772,0.441,0.751,0.823,0.14,0.474,0.543,0.708,0.872,-0.075,0.214,0.824,0.389,-0.292,0.4,0.831,0.594,-0.677,0.781,0.877,0.81,0.0,0.766,0.271,0.441,0.681,-0.34,0.797,0.803,0.864,0.786,-0.196,0.936,0.794,0.073,-0.697,0.866,0.869,0.807,0.868,0.792,0.893,0.734,-0.115,0.508,-0.421,-0.222,0.922,0.825,0.872,0.786,-0.638,0.425,0.488,0.72,-0.434,0.787,0.914,0.762,0.75,-0.272,0.886,0.759,0.755,0.69,0.701,0.825,0.858,0.878,0.84,-0.073,0.627,0.709,0.852,0.809,0.834,0.686,0.076,0.812,0.914,0.475,0.622,0.751,0.639,0.775,0.669,0.655,-0.337,0.832,0.163,0.627,0.201,0.893,-0.756,0.605,0.824,0.416,-0.117,0.563,0.329,0.121,0.709,0.781,0.783,0.753,0.473,-0.145,0.859,0.478,0.455,-0.337,0.859,-0.189,0.635,0.809,0.857,0.835,0.832,0.684,-0.043,0.788,0.644,0.186,0.874,0.709,0.083,0.563,0.435,0.829,0.901,0.448,0.63,0.791,0.749,0.766,-0.474,0.523,0.808,0.277,0.845,0.251,0.272,-0.253,0.13,-0.541,-0.266,-0.414,0.908,0.605,0.491,0.525,0.767,-0.121,0.464,0.851,0.811,0.447,0.746,0.796,0.142,0.534,0.72,-0.472,0.647,0.722,0.8,0.781,0.141,0.788,0.885,-0.487,0.579,0.66,0.596,0.863,0.745,0.672,-0.424,0.26,0.701,-0.182,0.65,0.524,-0.0,0.796,0.006,0.621,0.821,0.871,0.677,0.193,0.594
BLKB,-0.296,0.661,0.737,0.747,0.5,0.241,0.521,0.541,0.951,0.329,0.423,0.733,-0.291,0.129,0.759,0.823,0.749,0.045,-0.187,0.583,-0.013,-0.276,0.755,0.787,0.517,-0.57,0.519,0.891,0.809,0.766,0.0,-0.103,0.51,0.466,-0.627,0.678,0.546,0.598,0.792,-0.511,0.806,0.559,-0.228,-0.542,0.567,0.66,0.612,0.763,0.947,0.855,0.718,-0.158,0.545,-0.241,-0.586,0.688,0.548,0.844,0.599,-0.673,-0.032,0.056,0.407,-0.807,0.824,0.861,0.824,0.466,-0.164,0.6,0.515,0.765,0.61,0.556,0.79,0.693,0.729,0.614,-0.011,0.221,0.709,0.846,0.875,0.512,0.328,0.517,0.795,0.8,0.016,0.243,0.689,0.591,0.556,0.356,0.464,-0.391,0.867,0.47,0.561,0.162,0.775,-0.546,0.262,0.679,0.476,-0.093,0.602,0.213,-0.079,0.934,0.827,0.808,0.381,0.775,-0.47,0.544,0.126,0.396,-0.469,0.809,-0.369,0.726,0.862,0.669,0.564,0.431,0.488,-0.369,0.963,0.846,0.197,0.701,0.403,0.334,0.604,0.079,0.7,0.639,0.617,0.284,0.505,0.657,0.844,-0.788,0.636,0.55,-0.028,0.503,-0.092,0.285,-0.542,0.027,-0.716,-0.462,-0.474,0.829,0.196,0.007,0.483,0.82,-0.524,0.04,0.685,0.473,0.176,0.702,0.689,0.444,0.788,0.829,-0.735,0.249,0.695,0.682,0.469,0.295,0.564,0.795,-0.503,0.378,0.482,0.55,0.699,0.304,0.492,-0.176,-0.098,0.83,0.011,0.814,0.523,0.315,0.509,0.159,0.62,0.597,0.87,0.765,0.219,0.511
