,ABAT,ACLS,ACMR,ADMA,ADUS,ADVM,AEIS,AGNCM,AHCO,ALGT,ALLO,AMSF,ANAB,ANDE,APLS,APPF,ASML,ATRC,AVGO,AVT,AXDX,AXSM,AZN,BANR,BBIO,BCYC,BHFAP,BKR,BLDP,BLFS,BLKB,BLMN,BNTX,BPMC,CALM,CAMT,CASH,CATY,CCEP,CDLX,CDNS,CENN,CENX,CGC,CHDN,CLBK,COKE,COLB,COO,CORT,CRMT,CRNX,CRTO,CRVL,CSCO,CSQ,CSWI,CVBF,CWST,CYCC,CZR,DLTR,DORM,ENTA,EQIX,ERIC,EVRG,EWBC,EXAS,EXLS,EXPI,EYE,FBNC,FBRX,FCNCA,FELE,FIBK,FLEX,FRGT,FRHC,FRME,FWONA,FWONK,GDEN,GIII,GILD,GLNG,GNTX,GOOGL,GRPN,HCSG,HIMX,HOPE,HST,HTLD,HUT,HWC,ICUI,IESC,INTC,INTU,IOVA,IPAR,IPGP,ISRG,JBSS,KALU,KPRX,KRNT,LAUR,LBRDA,LBTYK,LECO,LILAK,LITE,MANH,MDXG,MFIC,MGEE,MIDD,MLAB,MMSI,MNKD,MOMO,MRVL,NICE,NMFC,NUWE,NVCR,NWBI,OFIX,OFLX,OMCL,OPK,ORKA,ORLY,OTTR,PDD,PNTG,POOL,POWL,PPBI,PPC,PRAA,PRPL,PZZA,QTRX,QURE,RDFN,RDHL,REAL,REG,REYN,RGLD,RIOT,RUN,RYTM,SAIA,SBAC,SBRA,SCVL,SHOO,SLAB,SLDB,SMCI,SMTC,SRCE,SSP,SSRM,STBA,STRO,SVC,SYBT,TCBI,TCOM,TENX,TH,TMUS,TNDM,TTD,TTMI,UAL,ULH,ULTA,VCYT,VIRT,VKTX,VOD,VRDN,VREX,VRNT,VSAT,WB,WBD,WDC,WEN,WSFS,XXII,Z,ZBRA
ABAT,0.0,0.581,0.741,0.887,0.347,0.181,0.182,-0.077,0.464,0.529,0.249,0.449,0.122,-0.192,0.649,0.705,0.167,0.454,0.64,0.423,0.214,0.707,-0.095,0.722,0.317,0.559,-0.239,0.071,0.258,0.323,0.471,0.053,0.24,0.519,0.173,0.535,0.385,0.75,0.45,0.622,0.171,0.196,0.049,0.613,0.462,0.54,0.404,0.563,0.374,-0.102,0.402,0.136,0.182,-0.325,-0.084,0.562,0.287,0.49,0.488,0.678,0.679,0.491,0.023,0.049,-0.124,0.322,0.21,0.754,0.788,0.466,0.615,0.286,0.673,0.161,0.743,0.27,0.251,0.646,0.408,0.582,0.726,0.465,0.488,0.392,0.48,-0.242,-0.105,0.375,0.393,0.001,-0.222,0.306,0.636,0.327,-0.033,0.787,0.773,0.49,-0.29,0.514,0.381,0.645,0.436,0.311,0.557,0.687,0.171,0.278,0.372,0.336,0.723,0.678,0.461,0.365,-0.055,0.147,0.389,0.698,0.029,0.667,0.024,0.246,0.394,0.308,0.581,0.538,0.772,-0.017,0.598,0.533,0.145,0.232,0.378,0.568,0.141,0.283,-0.123,0.496,0.434,0.294,-0.086,0.817,0.439,0.338,0.051,0.225,0.76,0.447,0.469,0.319,0.655,0.152,-0.531,-0.185,0.753,0.382,-0.447,0.354,0.271,-0.047,0.22,0.569,0.187,0.251,-0.195,0.536,0.441,0.37,-0.173,0.722,0.048,0.312,0.098,0.805,0.591,0.29,-0.032,0.498,0.475,0.46,-0.015,0.616,-0.116,0.487,0.611,0.331,0.555,0.602,0.426,-0.022,0.693,-0.021,0.183,0.564,0.455,0.627,0.694,0.688,0.088,0.141
ACLS,0.581,0.0,0.78,0.698,0.138,-0.334,0.54,-0.463,0.165,0.325,-0.324,0.111,-0.025,0.349,0.82,0.499,0.133,0.527,0.46,0.667,-0.278,0.693,0.504,0.664,-0.274,0.052,-0.4,0.587,0.263,-0.179,0.202,0.61,-0.297,0.052,0.594,0.352,-0.122,0.713,-0.057,0.226,0.016,-0.267,0.612,0.366,0.794,0.466,0.012,0.797,0.657,0.457,0.56,0.645,-0.368,-0.05,0.03,0.103,0.661,0.762,-0.023,0.782,0.87,0.728,0.117,0.459,-0.251,-0.234,-0.378,0.703,0.578,-0.005,0.589,-0.167,0.725,-0.369,0.426,0.234,0.608,0.488,-0.053,0.249,0.701,0.829,0.85,0.826,0.746,-0.63,0.2,-0.05,-0.139,-0.083,-0.44,0.784,0.541,0.826,-0.407,0.539,0.695,0.798,-0.365,0.173,-0.077,0.384,0.083,-0.131,0.534,0.473,0.578,-0.062,-0.078,0.061,0.323,0.35,0.313,0.51,0.431,0.321,0.619,0.701,-0.503,0.431,-0.44,0.667,0.236,0.665,0.332,0.149,0.673,-0.438,0.913,0.55,0.685,0.438,-0.21,0.461,0.389,0.311,-0.077,0.386,0.312,0.015,-0.629,0.656,-0.049,0.276,-0.395,-0.315,0.434,-0.026,0.08,-0.141,0.392,-0.274,-0.208,0.332,0.775,0.172,-0.144,-0.108,-0.274,0.484,-0.138,0.893,-0.144,-0.239,-0.237,0.35,0.088,0.824,0.355,0.54,-0.374,0.725,-0.485,0.642,0.728,-0.216,-0.21,0.713,0.072,0.877,-0.476,0.85,0.215,0.732,0.245,0.787,0.327,0.606,0.242,-0.54,0.427,0.183,-0.243,0.577,0.676,0.427,0.307,0.903,0.572,-0.418
ACMR,0.741,0.78,0.0,0.752,0.417,0.216,0.544,-0.131,0.586,0.711,0.244,0.407,0.362,-0.053,0.723,0.796,0.485,0.64,0.771,0.53,0.274,0.762,0.079,0.683,0.306,0.547,-0.216,0.127,0.508,0.4,0.666,0.063,0.297,0.503,0.09,0.734,0.423,0.586,0.42,0.716,0.364,0.289,0.078,0.708,0.528,0.382,0.332,0.522,0.578,-0.059,0.635,0.363,0.071,0.01,-0.072,0.586,0.279,0.377,0.426,0.841,0.808,0.365,0.211,-0.004,0.047,0.284,0.113,0.708,0.839,0.447,0.858,0.356,0.609,0.211,0.732,0.582,0.236,0.582,0.341,0.637,0.621,0.521,0.574,0.513,0.67,-0.148,-0.164,0.448,0.364,0.311,-0.098,0.6,0.502,0.433,0.061,0.806,0.665,0.492,-0.038,0.668,0.459,0.757,0.554,0.309,0.752,0.53,0.285,0.397,0.491,0.445,0.709,0.708,0.548,0.488,0.298,0.518,0.766,0.587,-0.025,0.664,0.111,0.313,0.412,0.503,0.717,0.633,0.684,-0.014,0.72,0.409,0.324,0.106,0.3,0.586,0.155,0.355,0.07,0.686,0.659,0.482,-0.119,0.76,0.477,0.505,0.171,0.224,0.742,0.524,0.575,0.385,0.799,0.193,-0.454,-0.218,0.863,0.586,-0.417,0.387,0.286,0.217,0.407,0.776,0.375,0.331,-0.01,0.716,0.336,0.515,-0.147,0.528,0.176,0.482,0.052,0.668,0.703,0.13,0.11,0.403,0.611,0.573,-0.135,0.734,-0.09,0.745,0.729,0.335,0.684,0.52,0.53,-0.089,0.743,0.178,0.297,0.499,0.595,0.792,0.634,0.84,0.243,0.125
ADMA,0.887,0.698,0.752,0.0,0.063,-0.033,0.185,-0.309,0.327,0.422,0.057,0.373,0.038,-0.134,0.8,0.701,0.019,0.388,0.587,0.415,0.004,0.82,-0.009,0.717,0.148,0.359,-0.463,0.222,0.084,0.164,0.377,0.208,0.087,0.473,0.347,0.495,0.209,0.809,0.342,0.558,0.004,-0.02,0.172,0.606,0.459,0.591,0.278,0.616,0.319,0.048,0.467,0.2,-0.01,-0.369,-0.187,0.417,0.364,0.629,0.264,0.765,0.779,0.534,-0.099,0.144,-0.312,0.225,-0.007,0.779,0.737,0.311,0.69,0.118,0.683,-0.011,0.575,0.191,0.256,0.716,0.323,0.511,0.727,0.674,0.696,0.515,0.573,-0.437,-0.114,0.258,0.241,-0.101,-0.391,0.464,0.617,0.508,-0.276,0.803,0.785,0.484,-0.405,0.396,0.266,0.567,0.285,0.16,0.483,0.655,0.309,0.15,0.187,0.341,0.63,0.672,0.365,0.452,-0.061,0.083,0.346,0.802,-0.225,0.613,-0.179,0.266,0.451,0.444,0.503,0.479,0.83,-0.181,0.713,0.544,0.262,0.382,0.216,0.528,0.187,0.294,-0.262,0.486,0.292,0.112,-0.276,0.771,0.364,0.283,-0.15,0.07,0.698,0.227,0.411,0.177,0.548,-0.033,-0.58,-0.057,0.827,0.195,-0.44,0.14,0.092,-0.007,0.081,0.638,0.015,0.118,-0.322,0.45,0.353,0.558,-0.05,0.713,-0.164,0.467,-0.085,0.844,0.734,0.243,-0.285,0.683,0.344,0.584,-0.178,0.752,-0.051,0.517,0.506,0.502,0.526,0.73,0.457,-0.209,0.684,-0.107,0.045,0.688,0.583,0.539,0.631,0.782,0.256,-0.045
ADUS,0.347,0.138,0.417,0.063,0.0,0.43,0.372,0.365,0.416,0.47,0.342,-0.041,0.431,0.165,-0.086,0.251,0.601,0.582,0.396,0.297,0.525,-0.023,-0.029,0.078,0.359,0.565,0.495,-0.2,0.715,0.465,0.415,-0.223,0.34,0.152,-0.222,0.239,0.349,-0.102,0.161,0.375,0.682,0.569,-0.126,0.166,0.415,-0.166,0.057,0.019,0.542,-0.292,0.168,0.05,0.356,0.109,0.035,0.385,0.118,-0.278,0.598,0.09,0.224,0.039,0.231,-0.005,0.538,0.197,0.417,0.014,0.464,0.552,0.314,0.407,0.057,0.364,0.482,0.53,0.158,-0.06,0.122,0.219,0.158,-0.208,-0.182,0.01,0.012,0.276,0.198,0.267,0.417,0.323,0.174,0.084,-0.065,-0.232,0.449,0.172,0.155,0.317,0.283,0.586,0.317,0.34,0.404,0.246,0.605,0.173,-0.312,0.222,0.545,-0.033,0.311,0.122,0.287,-0.243,0.226,0.65,0.585,-0.102,0.415,0.094,0.43,0.334,-0.272,-0.163,0.386,0.28,-0.032,0.126,0.144,-0.068,0.104,-0.406,0.316,0.261,0.153,0.03,0.442,0.143,0.71,0.584,0.23,0.174,0.249,0.202,0.465,0.212,0.514,0.617,0.248,0.315,0.503,0.33,0.013,-0.258,0.118,0.834,-0.207,0.607,0.463,0.021,0.396,0.339,0.489,0.284,0.384,0.388,0.017,-0.136,-0.151,0.041,0.482,-0.251,0.228,0.028,-0.139,-0.102,0.493,-0.253,0.529,0.137,0.251,-0.093,0.113,0.316,0.491,-0.213,0.294,-0.29,0.027,0.264,0.123,0.331,0.247,-0.202,-0.185,0.415,0.089,0.137,-0.176,0.333
ADVM,0.181,-0.334,0.216,-0.033,0.43,0.0,-0.007,0.717,0.654,0.662,0.961,0.516,0.677,-0.686,-0.197,0.459,0.634,0.151,0.523,-0.347,0.838,-0.016,-0.709,0.075,0.954,0.833,0.386,-0.817,0.3,0.903,0.719,-0.852,0.855,0.654,-0.814,0.641,0.863,-0.227,0.778,0.691,0.605,0.952,-0.869,0.391,-0.478,-0.148,0.513,-0.492,0.001,-0.846,0.013,-0.506,0.815,0.137,0.124,0.815,-0.628,-0.62,0.775,0.003,-0.19,-0.445,0.146,-0.667,0.624,0.82,0.892,-0.026,0.332,0.716,0.215,0.893,-0.109,0.932,0.586,0.51,-0.579,0.098,0.721,0.62,-0.08,-0.555,-0.483,-0.63,-0.254,0.867,-0.595,0.759,0.728,0.611,0.6,-0.379,-0.059,-0.631,0.793,0.362,-0.05,-0.5,0.43,0.733,0.881,0.476,0.82,0.845,0.265,0.012,-0.512,0.73,0.898,0.635,0.524,0.485,0.537,-0.145,-0.126,0.191,0.077,-0.24,0.932,0.43,0.949,-0.553,0.27,-0.34,0.715,0.678,0.014,0.847,-0.437,-0.237,-0.66,-0.418,0.834,0.224,-0.212,-0.14,0.324,0.46,0.458,0.735,0.884,0.163,0.748,0.431,0.956,0.874,0.391,0.888,0.664,0.825,0.596,0.923,-0.372,-0.858,0.047,0.611,-0.275,0.828,0.919,-0.476,0.876,-0.215,0.821,0.916,0.364,0.648,0.507,-0.622,-0.839,-0.028,0.963,-0.304,0.927,0.053,-0.126,0.634,0.541,-0.558,0.785,-0.521,0.648,-0.247,-0.696,-0.048,0.713,-0.726,0.495,-0.135,0.35,0.792,0.469,-0.076,0.847,-0.2,-0.236,0.52,0.506,-0.112,-0.719,0.956
AEIS,0.182,0.54,0.544,0.185,0.372,-0.007,0.0,0.038,0.199,0.392,-0.066,-0.009,0.273,0.309,0.146,0.108,0.633,0.366,0.472,0.705,-0.023,0.161,0.552,0.144,-0.011,0.063,0.207,0.293,0.704,-0.014,0.166,0.276,0.057,-0.163,0.022,0.291,0.155,0.219,-0.033,0.098,0.232,0.058,0.298,0.121,0.44,0.045,-0.031,0.356,0.464,0.323,0.37,0.622,-0.111,0.299,0.379,0.118,0.293,0.143,0.181,0.449,0.341,0.208,0.562,0.062,0.32,-0.258,-0.139,0.211,0.174,-0.068,0.255,0.087,0.195,0.024,0.332,0.552,0.442,0.127,-0.218,0.202,0.187,0.243,0.323,0.386,0.592,-0.1,0.191,0.314,0.13,0.247,0.21,0.474,0.124,0.436,0.139,0.048,0.278,0.31,0.292,0.19,-0.048,0.278,0.175,-0.159,0.64,0.065,0.361,0.127,0.183,-0.032,0.115,0.138,0.368,0.282,0.603,0.447,0.714,0.174,-0.104,0.071,-0.052,0.364,-0.011,0.53,0.272,0.02,0.13,-0.099,0.47,0.113,0.46,-0.068,-0.241,0.273,0.068,0.46,0.44,0.218,0.306,0.428,-0.142,0.215,-0.074,0.557,0.024,-0.045,0.062,0.124,0.035,0.051,0.253,0.038,0.29,0.197,0.22,0.401,0.3,0.263,-0.1,0.641,0.16,0.558,0.348,-0.033,0.506,0.506,0.06,0.32,0.176,0.096,0.043,0.519,-0.145,0.029,0.201,-0.166,0.374,0.044,0.114,0.377,-0.048,0.382,0.308,0.803,0.137,0.113,0.076,0.07,-0.121,-0.151,0.081,0.495,0.098,0.05,0.5,0.353,0.104,0.342,0.418,-0.102
AGNCM,-0.077,-0.463,-0.131,-0.309,0.365,0.717,0.038,0.0,0.228,0.319,0.64,0.123,0.559,-0.322,-0.554,-0.057,0.597,0.045,0.209,-0.264,0.48,-0.44,-0.377,-0.267,0.616,0.468,0.71,-0.617,0.325,0.48,0.217,-0.562,0.504,0.093,-0.63,0.157,0.537,-0.395,0.34,0.172,0.488,0.685,-0.578,-0.128,-0.419,-0.278,0.172,-0.477,0.002,-0.47,-0.17,-0.339,0.751,0.194,0.424,0.406,-0.436,-0.653,0.517,-0.313,-0.408,-0.306,0.339,-0.381,0.723,0.348,0.674,-0.361,-0.12,0.356,-0.267,0.568,-0.302,0.631,0.277,0.29,-0.217,-0.28,0.265,0.236,-0.234,-0.691,-0.642,-0.651,-0.417,0.756,-0.147,0.47,0.453,0.379,0.623,-0.497,-0.229,-0.581,0.727,-0.154,-0.234,-0.463,0.43,0.291,0.408,-0.018,0.424,0.454,0.096,-0.173,-0.45,0.387,0.57,0.15,0.047,-0.014,0.4,-0.361,0.035,0.135,-0.069,-0.383,0.786,-0.02,0.735,-0.343,-0.133,-0.409,0.312,0.12,-0.292,0.681,-0.532,-0.328,-0.466,-0.293,0.396,-0.111,-0.096,-0.265,0.557,-0.022,0.119,0.482,0.751,-0.15,0.243,0.332,0.726,0.54,-0.022,0.541,0.135,0.429,0.158,0.701,0.11,-0.421,-0.378,0.453,0.274,0.671,0.565,-0.274,0.515,-0.327,0.629,0.52,0.534,0.398,0.307,-0.734,-0.459,-0.206,0.736,-0.311,0.691,-0.317,-0.522,0.333,0.664,-0.694,0.329,-0.501,0.72,-0.534,-0.383,-0.12,0.217,-0.725,-0.008,-0.407,-0.169,0.672,-0.046,0.048,0.503,-0.485,-0.416,0.102,0.112,-0.43,-0.632,0.695
AHCO,0.464,0.165,0.586,0.327,0.416,0.654,0.199,0.228,0.0,0.741,0.687,0.768,0.303,-0.566,0.302,0.755,0.457,0.204,0.547,0.065,0.743,0.531,-0.319,0.573,0.656,0.717,-0.041,-0.342,0.449,0.77,0.87,-0.548,0.655,0.779,-0.543,0.852,0.833,0.247,0.804,0.8,0.271,0.67,-0.49,0.805,-0.02,0.205,0.763,0.052,0.115,-0.624,0.448,-0.012,0.255,0.383,-0.08,0.788,-0.33,-0.081,0.687,0.483,0.171,-0.139,0.189,-0.601,0.18,0.691,0.471,0.524,0.614,0.5,0.613,0.738,0.364,0.65,0.703,0.64,-0.266,0.399,0.656,0.828,0.3,-0.023,0.022,0.04,0.396,0.484,-0.648,0.719,0.486,0.717,0.377,0.078,0.428,-0.129,0.634,0.681,0.279,-0.006,0.425,0.726,0.763,0.869,0.9,0.642,0.348,0.45,0.097,0.885,0.757,0.733,0.802,0.749,0.511,0.444,0.1,0.269,0.475,0.128,0.539,0.766,0.61,-0.303,0.657,0.225,0.684,0.845,0.466,0.441,0.132,0.312,-0.274,-0.343,0.696,0.402,-0.35,0.425,0.151,0.838,0.756,0.814,0.453,0.573,0.786,0.595,0.634,0.753,0.535,0.775,0.832,0.794,0.882,0.541,-0.326,-0.68,0.564,0.518,-0.433,0.607,0.614,0.02,0.82,0.25,0.579,0.753,0.17,0.598,0.591,0.061,-0.686,0.355,0.602,0.019,0.591,0.399,0.473,0.464,0.406,-0.146,0.759,-0.131,0.157,0.368,-0.5,0.265,0.846,-0.194,0.805,0.287,0.589,0.39,0.781,0.33,0.803,0.363,0.353,0.849,0.755,0.397,-0.125,0.564
ALGT,0.529,0.325,0.711,0.422,0.47,0.662,0.392,0.319,0.741,0.0,0.662,0.588,0.562,-0.398,0.339,0.765,0.653,0.49,0.797,0.226,0.626,0.464,-0.279,0.521,0.688,0.793,0.07,-0.379,0.474,0.74,0.801,-0.382,0.634,0.67,-0.413,0.817,0.757,0.295,0.727,0.791,0.554,0.697,-0.417,0.66,0.067,0.234,0.539,0.093,0.433,-0.505,0.391,-0.017,0.412,0.135,0.081,0.82,-0.089,-0.068,0.716,0.543,0.378,0.033,0.327,-0.378,0.357,0.642,0.569,0.439,0.701,0.588,0.638,0.742,0.358,0.674,0.803,0.77,-0.142,0.511,0.62,0.803,0.385,0.025,0.113,-0.03,0.37,0.406,-0.443,0.758,0.637,0.528,0.346,0.192,0.358,-0.07,0.538,0.661,0.431,0.046,0.267,0.816,0.765,0.764,0.828,0.644,0.662,0.399,-0.03,0.653,0.793,0.631,0.757,0.689,0.789,0.253,0.098,0.432,0.479,0.192,0.507,0.684,0.609,-0.101,0.449,0.153,0.842,0.759,0.466,0.451,0.242,0.21,-0.182,-0.214,0.632,0.393,0.001,0.249,0.254,0.716,0.699,0.751,0.384,0.611,0.682,0.648,0.622,0.64,0.658,0.786,0.718,0.744,0.84,0.656,-0.354,-0.599,0.525,0.64,-0.333,0.753,0.67,-0.065,0.767,0.424,0.709,0.718,0.314,0.83,0.545,0.002,-0.576,0.386,0.636,0.146,0.534,0.436,0.366,0.487,0.381,-0.013,0.819,0.033,0.282,0.391,-0.364,0.481,0.841,-0.156,0.685,0.275,0.484,0.332,0.697,0.179,0.666,0.252,0.297,0.852,0.71,0.471,-0.211,0.599
ALLO,0.249,-0.324,0.244,0.057,0.342,0.961,-0.066,0.64,0.687,0.662,0.0,0.609,0.622,-0.768,-0.137,0.514,0.566,0.095,0.541,-0.342,0.85,0.087,-0.718,0.143,0.967,0.837,0.272,-0.808,0.246,0.923,0.719,-0.862,0.888,0.751,-0.815,0.681,0.895,-0.137,0.849,0.747,0.537,0.911,-0.89,0.5,-0.507,-0.035,0.608,-0.434,-0.065,-0.869,0.015,-0.498,0.771,0.122,0.036,0.837,-0.653,-0.547,0.736,0.058,-0.167,-0.451,0.161,-0.72,0.49,0.875,0.847,0.065,0.373,0.685,0.27,0.901,-0.082,0.944,0.589,0.497,-0.608,0.191,0.773,0.708,-0.055,-0.505,-0.435,-0.597,-0.184,0.818,-0.646,0.801,0.759,0.599,0.59,-0.363,0.03,-0.618,0.767,0.441,-0.015,-0.522,0.424,0.72,0.912,0.563,0.818,0.846,0.275,0.07,-0.422,0.772,0.893,0.716,0.6,0.558,0.517,-0.034,-0.207,0.131,0.047,-0.172,0.878,0.51,0.914,-0.623,0.41,-0.255,0.717,0.759,0.08,0.857,-0.377,-0.151,-0.715,-0.407,0.858,0.231,-0.267,-0.05,0.197,0.543,0.45,0.702,0.854,0.239,0.812,0.437,0.922,0.918,0.424,0.882,0.762,0.889,0.628,0.888,-0.403,-0.896,0.12,0.536,-0.297,0.798,0.918,-0.493,0.881,-0.227,0.812,0.951,0.344,0.638,0.555,-0.559,-0.891,0.051,0.916,-0.285,0.936,0.109,-0.026,0.712,0.514,-0.501,0.819,-0.538,0.586,-0.164,-0.682,-0.038,0.748,-0.698,0.573,-0.032,0.436,0.752,0.536,-0.118,0.887,-0.087,-0.147,0.565,0.6,-0.07,-0.661,0.936
AMSF,0.449,0.111,0.407,0.373,-0.041,0.516,-0.009,0.123,0.768,0.588,0.609,0.0,0.107,-0.766,0.362,0.714,0.184,-0.143,0.5,0.004,0.453,0.59,-0.356,0.649,0.577,0.552,-0.297,-0.321,0.043,0.558,0.698,-0.438,0.527,0.774,-0.448,0.791,0.755,0.469,0.847,0.664,-0.097,0.424,-0.458,0.736,-0.249,0.526,0.956,0.157,-0.147,-0.514,0.385,-0.072,0.203,0.195,0.087,0.71,-0.392,0.152,0.511,0.481,0.023,-0.01,0.244,-0.646,-0.062,0.666,0.373,0.629,0.462,0.259,0.433,0.648,0.46,0.517,0.644,0.439,-0.336,0.572,0.667,0.841,0.363,0.083,0.15,-0.014,0.431,0.329,-0.805,0.71,0.407,0.482,0.36,-0.022,0.646,-0.002,0.443,0.653,0.361,-0.168,0.202,0.438,0.676,0.785,0.779,0.579,0.108,0.499,0.273,0.791,0.54,0.816,0.788,0.759,0.577,0.614,-0.095,-0.18,0.096,0.317,0.418,0.887,0.438,-0.514,0.875,0.333,0.608,0.753,0.614,0.463,0.118,0.505,-0.423,-0.049,0.61,0.392,-0.474,0.456,-0.042,0.811,0.328,0.566,0.414,0.652,0.697,0.626,0.414,0.769,0.322,0.536,0.752,0.729,0.669,0.471,-0.378,-0.562,0.53,0.082,-0.293,0.389,0.452,-0.052,0.638,0.09,0.415,0.675,0.0,0.517,0.773,0.083,-0.697,0.535,0.391,0.183,0.588,0.512,0.582,0.669,0.2,0.051,0.533,-0.226,0.137,0.48,-0.662,0.2,0.627,-0.089,0.64,0.581,0.561,0.292,0.788,0.107,0.736,0.526,0.494,0.715,0.864,0.314,-0.084,0.488
ANAB,0.122,-0.025,0.362,0.038,0.431,0.677,0.273,0.559,0.303,0.562,0.622,0.107,0.0,-0.182,-0.085,0.355,0.729,0.393,0.55,-0.119,0.521,-0.007,-0.321,0.006,0.623,0.632,0.424,-0.462,0.38,0.588,0.494,-0.413,0.534,0.309,-0.398,0.465,0.53,-0.244,0.358,0.525,0.726,0.74,-0.475,0.16,-0.123,-0.102,0.084,-0.24,0.324,-0.43,0.034,-0.138,0.66,0.122,0.11,0.496,-0.219,-0.435,0.412,0.067,0.114,-0.183,0.222,-0.179,0.591,0.444,0.568,-0.108,0.352,0.54,0.293,0.627,-0.055,0.578,0.426,0.539,-0.179,-0.064,0.325,0.348,-0.015,-0.272,-0.193,-0.386,-0.215,0.536,-0.133,0.498,0.482,0.478,0.346,0.052,-0.175,-0.325,0.435,0.259,0.028,-0.249,0.298,0.584,0.571,0.257,0.478,0.498,0.488,-0.103,-0.396,0.321,0.658,0.319,0.271,0.206,0.439,-0.186,0.177,0.533,0.318,-0.077,0.552,0.164,0.655,-0.132,-0.045,-0.231,0.61,0.398,-0.013,0.526,-0.114,-0.261,-0.218,-0.241,0.425,0.161,0.193,-0.299,0.42,0.196,0.393,0.501,0.53,0.129,0.403,0.361,0.68,0.416,0.405,0.708,0.373,0.475,0.46,0.603,-0.278,-0.494,0.107,0.671,-0.099,0.597,0.647,-0.249,0.6,0.122,0.673,0.562,0.356,0.6,0.218,-0.381,-0.396,-0.094,0.691,-0.081,0.539,0.013,-0.146,0.246,0.444,-0.367,0.598,-0.092,0.497,-0.152,-0.313,0.234,0.549,-0.462,0.336,-0.201,0.164,0.499,0.216,-0.101,0.443,-0.328,-0.242,0.384,0.235,0.066,-0.419,0.595
ANDE,-0.192,0.349,-0.053,-0.134,0.165,-0.686,0.309,-0.322,-0.566,-0.398,-0.768,-0.766,-0.182,0.0,-0.0,-0.455,-0.12,0.274,-0.299,0.445,-0.561,-0.204,0.734,-0.212,-0.765,-0.527,0.105,0.68,0.19,-0.674,-0.554,0.756,-0.724,-0.744,0.7,-0.585,-0.719,-0.063,-0.865,-0.581,0.011,-0.56,0.805,-0.533,0.676,-0.143,-0.735,0.353,0.475,0.742,-0.028,0.555,-0.486,0.023,-0.022,-0.698,0.722,0.277,-0.531,-0.105,0.268,0.44,0.063,0.789,-0.139,-0.818,-0.62,-0.213,-0.195,-0.379,-0.175,-0.652,0.025,-0.728,-0.381,-0.155,0.742,-0.411,-0.787,-0.666,0.038,0.284,0.223,0.504,0.059,-0.596,0.878,-0.669,-0.558,-0.377,-0.461,0.464,-0.2,0.421,-0.506,-0.437,0.015,0.622,-0.204,-0.428,-0.755,-0.478,-0.675,-0.733,0.071,-0.172,0.188,-0.731,-0.584,-0.818,-0.58,-0.626,-0.339,-0.19,0.421,0.326,0.272,0.006,-0.643,-0.565,-0.615,0.845,-0.679,0.081,-0.479,-0.676,-0.22,-0.722,0.38,-0.015,0.802,0.187,-0.75,-0.259,0.497,-0.128,0.124,-0.543,-0.081,-0.44,-0.682,-0.226,-0.741,-0.336,-0.604,-0.863,-0.186,-0.518,-0.677,-0.766,-0.4,-0.674,0.449,0.765,-0.154,-0.036,0.312,-0.455,-0.643,0.494,-0.659,0.372,-0.468,-0.804,-0.016,-0.393,-0.587,0.373,0.875,-0.138,-0.591,0.138,-0.801,-0.222,-0.194,-0.848,-0.15,0.238,-0.51,0.576,-0.349,-0.003,0.781,0.176,-0.501,0.496,-0.486,-0.287,-0.484,-0.602,-0.6,0.222,-0.783,-0.266,-0.11,-0.418,-0.654,0.083,0.503,-0.745
APLS,0.649,0.82,0.723,0.8,-0.086,-0.197,0.146,-0.554,0.302,0.339,-0.137,0.362,-0.085,-0.0,0.0,0.721,-0.132,0.355,0.42,0.368,-0.135,0.897,0.145,0.803,-0.1,0.186,-0.716,0.416,-0.071,0.018,0.386,0.363,-0.14,0.413,0.489,0.501,0.015,0.755,0.215,0.455,-0.102,-0.204,0.348,0.622,0.536,0.576,0.211,0.664,0.418,0.17,0.547,0.348,-0.327,-0.144,-0.267,0.25,0.42,0.757,-0.012,0.837,0.836,0.575,-0.15,0.234,-0.479,0.103,-0.25,0.816,0.685,0.156,0.729,-0.044,0.78,-0.219,0.412,0.141,0.277,0.642,0.258,0.377,0.707,0.838,0.84,0.705,0.662,-0.526,-0.155,0.025,-0.076,-0.021,-0.504,0.666,0.611,0.677,-0.4,0.784,0.678,0.602,-0.443,0.283,0.176,0.544,0.228,0.11,0.31,0.58,0.504,0.114,-0.011,0.362,0.507,0.609,0.276,0.619,0.137,0.12,0.398,0.739,-0.403,0.663,-0.314,0.365,0.545,0.571,0.409,0.43,0.848,-0.311,0.781,0.59,0.41,0.474,0.089,0.486,0.24,0.252,-0.317,0.579,0.328,-0.04,-0.496,0.757,0.274,0.223,-0.295,-0.099,0.559,0.069,0.365,0.039,0.506,-0.2,-0.516,0.054,0.904,0.005,-0.468,-0.164,-0.097,0.189,0.014,0.703,-0.187,0.002,-0.485,0.285,0.243,0.785,0.098,0.624,-0.307,0.597,-0.303,0.814,0.894,0.034,-0.424,0.773,0.231,0.662,-0.456,0.894,-0.075,0.44,0.43,0.746,0.547,0.78,0.589,-0.459,0.685,-0.064,-0.066,0.722,0.668,0.515,0.521,0.912,0.401,-0.264
APPF,0.705,0.499,0.796,0.701,0.251,0.459,0.108,-0.057,0.755,0.765,0.514,0.714,0.355,-0.455,0.721,0.0,0.293,0.415,0.737,0.157,0.49,0.819,-0.34,0.788,0.538,0.743,-0.394,-0.189,0.161,0.647,0.854,-0.261,0.467,0.848,-0.132,0.866,0.617,0.549,0.739,0.897,0.292,0.467,-0.285,0.863,0.178,0.489,0.618,0.305,0.365,-0.455,0.48,-0.022,0.222,-0.022,-0.209,0.766,-0.014,0.276,0.544,0.724,0.596,0.228,-0.0,-0.268,-0.059,0.68,0.375,0.729,0.886,0.595,0.848,0.596,0.624,0.437,0.771,0.553,-0.147,0.669,0.701,0.82,0.616,0.375,0.427,0.22,0.467,0.097,-0.543,0.561,0.461,0.387,-0.025,0.366,0.561,0.135,0.191,0.944,0.598,0.222,-0.061,0.75,0.756,0.855,0.764,0.617,0.491,0.628,0.131,0.585,0.603,0.74,0.878,0.849,0.602,0.465,-0.001,0.256,0.402,0.487,0.252,0.897,0.375,-0.062,0.676,0.277,0.832,0.882,0.778,0.236,0.46,0.459,-0.098,0.068,0.657,0.543,0.003,0.249,-0.11,0.84,0.659,0.519,0.146,0.806,0.754,0.482,0.372,0.535,0.814,0.665,0.808,0.623,0.888,0.398,-0.669,-0.552,0.849,0.425,-0.649,0.429,0.544,-0.14,0.619,0.541,0.403,0.616,-0.144,0.662,0.563,0.317,-0.509,0.59,0.346,0.232,0.356,0.763,0.727,0.464,-0.011,0.323,0.764,0.241,0.022,0.652,-0.469,0.389,0.892,0.189,0.862,0.607,0.722,0.109,0.926,-0.032,0.519,0.56,0.446,0.877,0.817,0.719,-0.063,0.396
ASML,0.167,0.133,0.485,0.019,0.601,0.634,0.633,0.597,0.457,0.653,0.566,0.184,0.729,-0.12,-0.132,0.293,0.0,0.473,0.653,0.212,0.534,-0.041,-0.051,0.009,0.585,0.587,0.532,-0.369,0.726,0.559,0.512,-0.323,0.582,0.201,-0.488,0.524,0.588,-0.134,0.38,0.438,0.696,0.695,-0.344,0.229,-0.002,-0.183,0.19,-0.151,0.418,-0.299,0.209,0.113,0.548,0.296,0.427,0.58,-0.15,-0.396,0.602,0.219,0.111,-0.112,0.532,-0.264,0.763,0.296,0.505,-0.035,0.291,0.418,0.243,0.625,-0.072,0.596,0.553,0.681,-0.008,0.009,0.247,0.478,0.002,-0.283,-0.187,-0.217,0.111,0.513,-0.118,0.621,0.573,0.516,0.551,0.04,-0.097,-0.177,0.61,0.174,0.037,-0.083,0.474,0.582,0.512,0.361,0.594,0.424,0.689,-0.016,-0.173,0.477,0.717,0.282,0.302,0.246,0.619,-0.065,0.417,0.596,0.52,-0.122,0.537,0.205,0.612,-0.018,0.008,0.049,0.632,0.362,-0.044,0.528,0.004,-0.2,-0.092,-0.313,0.329,0.2,0.047,0.071,0.58,0.35,0.493,0.748,0.45,0.133,0.315,0.555,0.666,0.475,0.286,0.662,0.334,0.53,0.502,0.652,0.02,-0.379,0.089,0.773,0.13,0.759,0.546,0.093,0.627,0.239,0.814,0.538,0.656,0.767,0.23,-0.269,-0.366,-0.076,0.694,0.106,0.473,-0.081,-0.082,0.191,0.709,-0.43,0.571,-0.018,0.417,-0.029,-0.17,0.494,0.506,-0.424,0.301,-0.174,0.033,0.389,0.24,0.26,0.549,-0.219,0.038,0.517,0.26,0.101,-0.254,0.555
ATRC,0.454,0.527,0.64,0.388,0.582,0.151,0.366,0.045,0.204,0.49,0.095,-0.143,0.393,0.274,0.355,0.415,0.473,0.0,0.493,0.331,0.245,0.224,0.041,0.253,0.142,0.432,0.137,0.05,0.422,0.271,0.348,0.118,0.137,0.139,0.184,0.269,0.071,0.168,0.065,0.384,0.635,0.266,0.11,0.239,0.534,-0.044,-0.178,0.217,0.785,0.036,0.192,0.161,0.213,-0.164,-0.016,0.323,0.385,0.073,0.345,0.369,0.676,0.333,0.008,0.339,0.311,0.119,0.207,0.208,0.605,0.491,0.518,0.13,0.263,0.114,0.441,0.319,0.297,0.159,0.181,0.204,0.37,0.224,0.239,0.25,0.163,-0.098,0.251,0.062,0.257,0.023,-0.204,0.342,0.051,0.158,0.034,0.401,0.333,0.516,-0.199,0.552,0.264,0.255,0.226,0.234,0.717,0.256,-0.156,0.005,0.347,-0.012,0.29,0.215,0.336,-0.135,0.287,0.629,0.513,0.196,0.042,0.187,0.144,0.536,-0.185,0.008,0.449,0.253,0.237,-0.057,0.432,0.018,0.329,0.053,0.197,0.244,0.566,-0.132,0.203,0.198,0.56,0.238,-0.163,0.336,0.164,0.115,0.155,-0.068,0.65,0.352,0.176,0.077,0.459,0.188,-0.283,-0.089,0.412,0.648,-0.302,0.34,0.278,-0.007,0.159,0.615,0.227,0.102,0.023,0.482,-0.092,0.169,0.065,0.142,0.184,0.147,-0.084,0.295,0.147,-0.134,0.115,0.194,0.437,0.583,-0.021,0.228,0.163,0.419,0.465,0.234,0.348,0.013,0.175,-0.059,0.288,0.014,-0.042,0.034,0.033,0.395,0.105,0.519,-0.073,0.088
AVGO,0.64,0.46,0.771,0.587,0.396,0.523,0.472,0.209,0.547,0.797,0.541,0.5,0.55,-0.299,0.42,0.737,0.653,0.493,0.0,0.395,0.393,0.51,-0.198,0.504,0.619,0.736,0.013,-0.285,0.43,0.567,0.656,-0.206,0.503,0.587,-0.181,0.762,0.632,0.468,0.61,0.746,0.521,0.529,-0.252,0.538,0.143,0.364,0.413,0.236,0.482,-0.315,0.325,-0.006,0.487,-0.151,0.158,0.747,0.092,0.108,0.644,0.588,0.473,0.229,0.313,-0.242,0.288,0.514,0.505,0.508,0.701,0.623,0.598,0.616,0.404,0.518,0.867,0.701,-0.031,0.602,0.489,0.727,0.528,0.154,0.249,0.041,0.386,0.143,-0.307,0.729,0.701,0.229,0.16,0.247,0.408,0.077,0.289,0.689,0.625,0.134,-0.012,0.733,0.655,0.662,0.65,0.492,0.739,0.386,-0.015,0.414,0.663,0.553,0.713,0.703,0.811,0.209,0.039,0.282,0.418,0.424,0.352,0.643,0.409,0.035,0.374,0.191,0.917,0.66,0.546,0.342,0.379,0.229,-0.054,0.078,0.49,0.585,0.047,0.183,0.203,0.589,0.458,0.59,0.275,0.645,0.578,0.558,0.417,0.522,0.69,0.679,0.601,0.573,0.691,0.552,-0.475,-0.426,0.574,0.609,-0.293,0.687,0.573,-0.106,0.548,0.469,0.677,0.548,0.244,0.903,0.547,0.084,-0.424,0.488,0.455,0.275,0.406,0.581,0.394,0.517,0.216,0.183,0.72,0.191,0.32,0.439,-0.333,0.591,0.735,-0.042,0.513,0.435,0.397,0.213,0.686,-0.033,0.484,0.274,0.356,0.741,0.676,0.501,-0.161,0.5
AVT,0.423,0.667,0.53,0.415,0.297,-0.347,0.705,-0.264,0.065,0.226,-0.342,0.004,-0.119,0.445,0.368,0.157,0.212,0.331,0.395,0.0,-0.289,0.365,0.616,0.349,-0.268,-0.06,-0.086,0.515,0.482,-0.261,-0.011,0.527,-0.227,-0.157,0.395,0.096,-0.044,0.588,-0.148,0.03,-0.007,-0.273,0.575,0.128,0.682,0.402,0.003,0.712,0.513,0.497,0.421,0.609,-0.324,-0.033,0.147,-0.045,0.671,0.556,0.076,0.549,0.489,0.523,0.472,0.227,-0.094,-0.358,-0.305,0.467,0.279,-0.098,0.341,-0.174,0.448,-0.264,0.33,0.405,0.631,0.371,-0.361,0.104,0.535,0.513,0.542,0.649,0.733,-0.497,0.313,0.136,0.052,-0.125,-0.167,0.535,0.463,0.611,-0.163,0.141,0.598,0.634,-0.09,0.076,-0.245,0.269,-0.026,-0.404,0.54,0.391,0.512,-0.125,-0.107,-0.174,0.214,0.194,0.316,0.396,0.32,0.245,0.572,0.456,-0.379,0.153,-0.372,0.605,-0.0,0.552,0.123,-0.04,0.395,-0.478,0.748,0.479,0.662,0.187,-0.344,0.297,0.03,0.553,0.209,0.139,0.211,0.165,-0.435,0.427,-0.137,0.34,-0.367,-0.235,0.195,-0.077,-0.034,-0.194,0.173,-0.306,0.229,0.407,0.358,0.178,0.107,0.073,-0.294,0.606,-0.157,0.677,0.039,-0.298,0.201,0.297,0.118,0.607,0.378,0.452,-0.355,0.438,-0.403,0.328,0.371,-0.219,0.071,0.495,-0.017,0.554,-0.191,0.577,0.501,0.719,0.037,0.484,-0.036,0.357,-0.062,-0.44,0.132,0.474,-0.182,0.304,0.594,0.296,0.164,0.438,0.611,-0.375
AXDX,0.214,-0.278,0.274,0.004,0.525,0.838,-0.023,0.48,0.743,0.626,0.85,0.453,0.521,-0.561,-0.135,0.49,0.534,0.245,0.393,-0.289,0.0,0.089,-0.582,0.101,0.818,0.797,0.259,-0.664,0.411,0.933,0.744,-0.784,0.861,0.689,-0.769,0.586,0.77,-0.246,0.719,0.705,0.555,0.878,-0.789,0.573,-0.298,-0.227,0.505,-0.435,0.013,-0.84,0.049,-0.355,0.565,0.235,-0.125,0.75,-0.575,-0.565,0.723,0.015,-0.083,-0.437,0.047,-0.574,0.442,0.783,0.725,-0.007,0.457,0.647,0.351,0.832,-0.134,0.864,0.483,0.498,-0.516,0.049,0.701,0.629,-0.143,-0.461,-0.422,-0.44,-0.124,0.745,-0.471,0.634,0.651,0.634,0.547,-0.239,-0.083,-0.622,0.754,0.388,-0.148,-0.331,0.534,0.732,0.817,0.6,0.761,0.758,0.349,0.142,-0.428,0.734,0.849,0.529,0.551,0.428,0.328,-0.093,-0.057,0.352,0.227,-0.292,0.766,0.4,0.854,-0.456,0.28,-0.249,0.566,0.732,0.007,0.665,-0.286,-0.176,-0.592,-0.66,0.818,0.091,-0.158,0.099,0.131,0.525,0.696,0.754,0.676,0.162,0.729,0.302,0.888,0.769,0.495,0.837,0.719,0.84,0.683,0.729,-0.256,-0.834,0.136,0.64,-0.39,0.73,0.836,-0.328,0.855,-0.089,0.724,0.849,0.385,0.473,0.285,-0.453,-0.764,-0.059,0.844,-0.396,0.745,0.001,-0.043,0.434,0.518,-0.555,0.806,-0.398,0.36,-0.16,-0.424,-0.023,0.772,-0.598,0.672,-0.216,0.35,0.638,0.45,0.064,0.788,-0.094,-0.161,0.626,0.426,-0.032,-0.52,0.789
AXSM,0.707,0.693,0.762,0.82,-0.023,-0.016,0.161,-0.44,0.531,0.464,0.087,0.59,-0.007,-0.204,0.897,0.819,-0.041,0.224,0.51,0.365,0.089,0.0,0.036,0.849,0.111,0.334,-0.653,0.268,0.06,0.218,0.544,0.146,0.087,0.619,0.241,0.664,0.298,0.766,0.441,0.631,-0.11,-0.02,0.137,0.793,0.405,0.658,0.483,0.63,0.245,-0.029,0.609,0.306,-0.23,-0.014,-0.294,0.407,0.223,0.647,0.147,0.839,0.704,0.431,-0.024,-0.054,-0.466,0.297,-0.128,0.878,0.738,0.202,0.802,0.207,0.756,-0.001,0.527,0.347,0.156,0.694,0.354,0.595,0.67,0.728,0.742,0.615,0.73,-0.334,-0.352,0.301,0.096,0.199,-0.311,0.612,0.709,0.54,-0.176,0.86,0.688,0.434,-0.191,0.386,0.338,0.762,0.417,0.188,0.332,0.668,0.525,0.354,0.194,0.525,0.701,0.751,0.341,0.735,0.091,0.105,0.451,0.74,-0.239,0.771,-0.123,0.135,0.714,0.61,0.499,0.623,0.884,-0.189,0.729,0.657,0.232,0.274,0.239,0.516,-0.027,0.457,-0.279,0.713,0.434,0.204,-0.265,0.824,0.466,0.396,-0.097,0.166,0.6,0.268,0.579,0.286,0.676,-0.092,-0.51,-0.146,0.936,0.092,-0.495,0.017,0.057,0.19,0.242,0.627,0.014,0.212,-0.323,0.371,0.435,0.701,-0.132,0.698,-0.139,0.497,-0.068,0.818,0.932,0.201,-0.253,0.626,0.39,0.483,-0.336,0.893,-0.174,0.481,0.591,0.545,0.68,0.785,0.643,-0.274,0.801,0.054,0.204,0.765,0.726,0.688,0.715,0.826,0.407,-0.087
AZN,-0.095,0.504,0.079,-0.009,-0.029,-0.709,0.552,-0.377,-0.319,-0.279,-0.718,-0.356,-0.321,0.734,0.145,-0.34,-0.051,0.041,-0.198,0.616,-0.582,0.036,0.0,0.048,-0.751,-0.559,-0.079,0.793,0.247,-0.686,-0.458,0.793,-0.656,-0.646,0.569,-0.323,-0.529,0.216,-0.622,-0.527,-0.305,-0.631,0.834,-0.275,0.637,0.131,-0.336,0.591,0.301,0.8,0.221,0.843,-0.689,0.3,0.236,-0.567,0.592,0.505,-0.5,0.196,0.227,0.477,0.319,0.559,-0.248,-0.808,-0.763,0.102,-0.221,-0.665,-0.142,-0.568,0.202,-0.693,-0.24,-0.029,0.797,-0.184,-0.704,-0.352,0.119,0.457,0.439,0.69,0.496,-0.607,0.62,-0.428,-0.569,-0.176,-0.209,0.544,0.134,0.678,-0.387,-0.33,0.106,0.58,-0.005,-0.506,-0.722,-0.207,-0.48,-0.738,0.112,0.013,0.654,-0.399,-0.553,-0.553,-0.389,-0.403,-0.18,0.282,0.616,0.162,0.384,0.205,-0.681,-0.267,-0.682,0.649,-0.209,0.549,-0.422,-0.55,0.011,-0.654,0.542,0.283,0.72,0.175,-0.807,-0.138,0.207,0.356,0.151,-0.218,-0.096,-0.261,-0.702,0.02,-0.66,0.064,-0.638,-0.672,-0.359,-0.543,-0.509,-0.566,-0.281,-0.65,0.607,0.776,0.029,-0.22,0.545,-0.471,-0.768,0.841,-0.534,0.431,-0.392,-0.701,0.132,-0.264,-0.32,0.598,0.718,0.052,-0.636,0.474,-0.744,-0.135,0.137,-0.645,-0.014,0.272,-0.549,0.546,-0.563,0.347,0.675,0.45,-0.48,0.567,-0.313,0.05,-0.409,-0.637,-0.394,0.475,-0.55,0.093,0.401,-0.191,-0.338,0.233,0.771,-0.784
BANR,0.722,0.664,0.683,0.717,0.078,0.075,0.144,-0.267,0.573,0.521,0.143,0.649,0.006,-0.212,0.803,0.788,0.009,0.253,0.504,0.349,0.101,0.849,0.048,0.0,0.116,0.395,-0.528,0.236,0.035,0.204,0.495,0.151,0.048,0.547,0.244,0.66,0.36,0.83,0.452,0.562,-0.048,0.057,0.143,0.684,0.432,0.756,0.556,0.717,0.384,-0.032,0.511,0.292,-0.129,0.035,-0.083,0.462,0.241,0.682,0.247,0.757,0.617,0.538,0.053,0.01,-0.367,0.292,-0.014,0.944,0.708,0.201,0.635,0.236,0.922,0.011,0.671,0.305,0.247,0.631,0.384,0.625,0.844,0.644,0.655,0.523,0.652,-0.241,-0.293,0.283,0.047,0.182,-0.226,0.535,0.871,0.519,-0.073,0.806,0.78,0.493,-0.231,0.358,0.337,0.703,0.478,0.284,0.282,0.71,0.536,0.369,0.184,0.516,0.693,0.666,0.462,0.712,0.115,0.038,0.391,0.736,-0.068,0.831,-0.05,0.179,0.688,0.545,0.538,0.556,0.907,-0.078,0.653,0.847,0.191,0.327,0.277,0.511,0.075,0.366,-0.2,0.695,0.439,0.216,-0.171,0.947,0.412,0.472,-0.063,0.196,0.563,0.315,0.504,0.277,0.664,0.035,-0.436,-0.127,0.868,0.08,-0.378,0.064,0.095,0.192,0.231,0.625,0.004,0.212,-0.326,0.398,0.654,0.595,-0.166,0.86,-0.078,0.488,0.046,0.866,0.821,0.234,-0.099,0.573,0.359,0.428,-0.214,0.832,-0.27,0.422,0.556,0.533,0.623,0.788,0.555,-0.178,0.76,0.057,0.213,0.711,0.637,0.669,0.779,0.804,0.283,-0.021
BBIO,0.317,-0.274,0.306,0.148,0.359,0.954,-0.011,0.616,0.656,0.688,0.967,0.577,0.623,-0.765,-0.1,0.538,0.585,0.142,0.619,-0.268,0.818,0.111,-0.751,0.116,0.0,0.854,0.278,-0.824,0.268,0.922,0.74,-0.849,0.916,0.751,-0.789,0.682,0.888,-0.087,0.854,0.776,0.55,0.909,-0.879,0.497,-0.487,-0.06,0.566,-0.431,-0.059,-0.85,0.044,-0.546,0.812,-0.024,0.048,0.874,-0.594,-0.533,0.806,0.112,-0.102,-0.431,0.114,-0.712,0.533,0.876,0.89,0.072,0.414,0.752,0.319,0.886,-0.095,0.955,0.632,0.512,-0.624,0.289,0.774,0.707,-0.016,-0.471,-0.392,-0.584,-0.157,0.767,-0.649,0.838,0.847,0.511,0.552,-0.367,0.015,-0.589,0.719,0.477,0.061,-0.508,0.342,0.78,0.921,0.558,0.817,0.837,0.347,0.092,-0.484,0.727,0.91,0.709,0.643,0.623,0.561,-0.085,-0.269,0.12,0.059,-0.116,0.861,0.494,0.889,-0.594,0.362,-0.276,0.763,0.768,0.111,0.814,-0.341,-0.196,-0.675,-0.359,0.871,0.314,-0.274,-0.037,0.197,0.514,0.424,0.723,0.844,0.238,0.828,0.42,0.9,0.914,0.49,0.878,0.75,0.872,0.621,0.905,-0.477,-0.89,0.146,0.585,-0.365,0.852,0.936,-0.533,0.863,-0.188,0.834,0.942,0.322,0.709,0.533,-0.548,-0.879,0.06,0.905,-0.262,0.917,0.171,-0.016,0.749,0.439,-0.419,0.837,-0.487,0.62,-0.141,-0.667,0.032,0.761,-0.687,0.545,0.011,0.418,0.762,0.576,-0.142,0.859,-0.051,-0.114,0.576,0.607,-0.048,-0.673,0.96
BCYC,0.559,0.052,0.547,0.359,0.565,0.833,0.063,0.468,0.717,0.793,0.837,0.552,0.632,-0.527,0.186,0.743,0.587,0.432,0.736,-0.06,0.797,0.334,-0.559,0.395,0.854,0.0,0.131,-0.624,0.351,0.895,0.812,-0.609,0.766,0.775,-0.513,0.718,0.788,0.13,0.793,0.854,0.67,0.85,-0.644,0.601,-0.096,0.112,0.538,-0.123,0.315,-0.745,0.157,-0.341,0.676,-0.046,-0.018,0.89,-0.292,-0.261,0.815,0.294,0.244,-0.071,0.084,-0.403,0.414,0.818,0.809,0.285,0.71,0.818,0.516,0.845,0.201,0.8,0.801,0.591,-0.337,0.372,0.775,0.772,0.296,-0.209,-0.146,-0.292,0.005,0.536,-0.436,0.701,0.772,0.437,0.33,-0.049,0.201,-0.401,0.575,0.661,0.314,-0.099,0.178,0.865,0.889,0.674,0.829,0.803,0.552,0.352,-0.367,0.624,0.866,0.619,0.76,0.643,0.633,-0.038,-0.132,0.335,0.255,0.066,0.719,0.638,0.768,-0.234,0.337,-0.196,0.856,0.819,0.345,0.603,0.001,0.048,-0.437,-0.262,0.85,0.39,0.013,-0.009,0.158,0.589,0.68,0.71,0.578,0.514,0.78,0.416,0.774,0.747,0.764,0.915,0.751,0.789,0.798,0.781,-0.534,-0.787,0.403,0.71,-0.501,0.809,0.887,-0.416,0.801,0.195,0.742,0.823,0.231,0.736,0.501,-0.287,-0.732,0.279,0.772,-0.199,0.712,0.402,0.156,0.585,0.352,-0.188,0.914,-0.151,0.412,0.095,-0.522,0.221,0.893,-0.361,0.715,0.147,0.456,0.533,0.665,-0.081,0.681,0.103,-0.027,0.747,0.659,0.266,-0.546,0.793
BHFAP,-0.239,-0.4,-0.216,-0.463,0.495,0.386,0.207,0.71,-0.041,0.07,0.272,-0.297,0.424,0.105,-0.716,-0.394,0.532,0.137,0.013,-0.086,0.259,-0.653,-0.079,-0.528,0.278,0.131,0.0,-0.385,0.514,0.155,-0.098,-0.305,0.228,-0.302,-0.404,-0.184,0.177,-0.545,-0.105,-0.159,0.477,0.449,-0.258,-0.45,-0.159,-0.474,-0.171,-0.422,0.045,-0.169,-0.253,-0.148,0.535,0.132,0.385,0.044,-0.131,-0.65,0.284,-0.482,-0.416,-0.29,0.321,-0.109,0.731,-0.044,0.4,-0.549,-0.283,0.164,-0.376,0.206,-0.463,0.313,0.029,0.171,-0.009,-0.471,-0.159,-0.156,-0.37,-0.678,-0.65,-0.467,-0.475,0.501,0.224,0.172,0.259,0.167,0.444,-0.422,-0.412,-0.48,0.482,-0.428,-0.309,-0.236,0.373,0.088,0.011,-0.264,0.034,0.039,0.126,-0.415,-0.495,0.016,0.314,-0.255,-0.228,-0.342,0.09,-0.559,0.099,0.249,0.081,-0.451,0.499,-0.418,0.424,-0.037,-0.549,-0.468,-0.011,-0.231,-0.548,0.348,-0.432,-0.477,-0.158,-0.404,0.027,-0.142,-0.009,-0.315,0.62,-0.385,0.006,0.31,0.491,-0.408,-0.131,0.025,0.435,0.148,-0.142,0.287,-0.212,0.102,-0.107,0.368,0.305,-0.102,-0.525,0.493,0.389,0.503,0.276,-0.107,0.138,-0.303,0.407,0.12,0.514,0.118,-0.11,-0.621,-0.098,-0.41,0.492,-0.366,0.331,-0.51,-0.707,-0.026,0.599,-0.638,0.056,-0.299,0.549,-0.664,0.016,-0.077,-0.067,-0.627,-0.343,-0.641,-0.408,0.491,-0.408,0.226,0.137,-0.637,-0.559,-0.187,-0.3,-0.488,-0.38,0.377
BKR,0.071,0.587,0.127,0.222,-0.2,-0.817,0.293,-0.617,-0.342,-0.379,-0.808,-0.321,-0.462,0.68,0.416,-0.189,-0.369,0.05,-0.285,0.515,-0.664,0.268,0.793,0.236,-0.824,-0.624,-0.385,0.0,0.017,-0.743,-0.422,0.864,-0.752,-0.524,0.783,-0.293,-0.61,0.386,-0.644,-0.429,-0.496,-0.777,0.917,-0.109,0.707,0.251,-0.361,0.697,0.225,0.859,0.25,0.775,-0.795,0.122,-0.06,-0.598,0.652,0.709,-0.61,0.301,0.421,0.582,0.035,0.635,-0.537,-0.782,-0.878,0.295,-0.066,-0.569,0.037,-0.703,0.419,-0.845,-0.297,-0.258,0.79,-0.081,-0.645,-0.412,0.265,0.719,0.664,0.833,0.531,-0.801,0.557,-0.564,-0.722,-0.273,-0.551,0.625,0.263,0.838,-0.622,-0.117,0.226,0.686,-0.275,-0.526,-0.723,-0.154,-0.536,-0.691,-0.068,0.192,0.713,-0.453,-0.672,-0.472,-0.338,-0.264,-0.309,0.438,0.498,0.068,0.328,0.434,-0.852,-0.162,-0.83,0.67,-0.088,0.609,-0.467,-0.484,0.258,-0.801,0.645,0.433,0.831,0.414,-0.748,-0.045,0.266,0.293,-0.164,-0.174,-0.141,-0.452,-0.849,0.139,-0.581,-0.079,-0.793,-0.767,-0.218,-0.609,-0.457,-0.671,-0.24,-0.837,0.331,0.846,0.248,-0.35,0.263,-0.688,-0.852,0.751,-0.639,0.501,-0.647,-0.767,-0.274,-0.373,-0.277,0.778,0.842,0.228,-0.825,0.577,-0.855,0.118,0.357,-0.687,-0.271,0.544,-0.604,0.694,-0.63,0.496,0.612,0.32,-0.427,0.809,-0.229,0.216,-0.2,-0.783,-0.213,0.24,-0.644,0.243,0.46,-0.186,-0.241,0.395,0.86,-0.907
BLDP,0.258,0.263,0.508,0.084,0.715,0.3,0.704,0.325,0.449,0.474,0.246,0.043,0.38,0.19,-0.071,0.161,0.726,0.422,0.43,0.482,0.411,0.06,0.247,0.035,0.268,0.351,0.514,0.017,0.0,0.318,0.366,-0.087,0.326,0.022,-0.27,0.316,0.394,-0.033,0.095,0.285,0.446,0.425,0.007,0.227,0.362,-0.197,0.12,0.103,0.387,-0.052,0.352,0.418,0.166,0.373,0.186,0.305,0.125,-0.195,0.44,0.23,0.19,0.017,0.515,-0.117,0.481,-0.026,0.145,0.06,0.307,0.254,0.3,0.331,0.041,0.302,0.431,0.604,0.3,-0.06,-0.076,0.289,0.027,-0.124,-0.079,0.211,0.338,0.207,0.155,0.424,0.326,0.475,0.356,0.211,0.011,0.027,0.453,0.102,0.108,0.265,0.519,0.406,0.172,0.408,0.374,0.048,0.602,0.059,0.045,0.346,0.503,-0.006,0.242,0.152,0.342,0.074,0.479,0.662,0.769,-0.057,0.216,0.084,0.281,0.258,-0.1,0.228,0.322,0.2,-0.017,0.112,0.262,-0.026,0.271,-0.414,0.075,0.194,-0.028,0.336,0.495,0.252,0.583,0.674,0.15,0.153,0.129,0.406,0.381,0.192,0.268,0.492,0.223,0.315,0.489,0.212,0.213,-0.087,0.168,0.78,0.117,0.568,0.216,0.411,0.392,0.372,0.56,0.214,0.567,0.481,0.041,0.042,-0.049,0.005,0.389,0.094,0.134,-0.075,0.006,-0.153,0.673,-0.282,0.371,0.185,0.126,0.08,0.189,0.562,0.39,-0.179,0.224,-0.23,-0.037,0.139,0.117,0.614,0.329,-0.128,0.157,0.465,0.134,0.182,0.171,0.18
BLFS,0.323,-0.179,0.4,0.164,0.465,0.903,-0.014,0.48,0.77,0.74,0.923,0.558,0.588,-0.674,0.018,0.647,0.559,0.271,0.567,-0.261,0.933,0.218,-0.686,0.204,0.922,0.895,0.155,-0.743,0.318,0.0,0.85,-0.823,0.901,0.824,-0.752,0.721,0.847,-0.114,0.852,0.852,0.602,0.909,-0.842,0.648,-0.337,-0.089,0.561,-0.396,0.06,-0.897,0.115,-0.445,0.65,0.108,-0.146,0.872,-0.56,-0.496,0.784,0.177,0.032,-0.415,0.029,-0.643,0.435,0.907,0.813,0.116,0.563,0.767,0.486,0.891,-0.042,0.928,0.601,0.57,-0.59,0.257,0.826,0.752,-0.001,-0.383,-0.321,-0.445,-0.075,0.731,-0.611,0.736,0.776,0.613,0.489,-0.195,-0.004,-0.577,0.706,0.556,0.019,-0.363,0.418,0.856,0.952,0.667,0.861,0.858,0.418,0.2,-0.427,0.769,0.923,0.695,0.692,0.621,0.471,-0.037,-0.169,0.312,0.199,-0.165,0.788,0.546,0.89,-0.491,0.392,-0.229,0.751,0.867,0.146,0.715,-0.225,-0.142,-0.612,-0.491,0.913,0.241,-0.18,0.051,0.112,0.63,0.675,0.758,0.715,0.282,0.868,0.384,0.908,0.86,0.611,0.899,0.837,0.899,0.759,0.825,-0.45,-0.926,0.263,0.651,-0.515,0.798,0.937,-0.457,0.923,-0.026,0.797,0.943,0.311,0.642,0.419,-0.414,-0.853,0.046,0.88,-0.318,0.819,0.176,0.092,0.61,0.403,-0.411,0.923,-0.376,0.427,-0.043,-0.559,0.047,0.876,-0.57,0.748,-0.022,0.512,0.65,0.623,-0.044,0.846,0.011,-0.086,0.698,0.58,0.097,-0.581,0.877
BLKB,0.471,0.202,0.666,0.377,0.415,0.719,0.166,0.217,0.87,0.801,0.719,0.698,0.494,-0.554,0.386,0.854,0.512,0.348,0.656,-0.011,0.744,0.544,-0.458,0.495,0.74,0.812,-0.098,-0.422,0.366,0.85,0.0,-0.578,0.708,0.83,-0.523,0.884,0.79,0.167,0.808,0.905,0.397,0.725,-0.556,0.811,-0.055,0.125,0.648,-0.069,0.198,-0.68,0.419,-0.123,0.369,0.224,-0.151,0.835,-0.331,-0.158,0.699,0.528,0.29,-0.149,0.078,-0.541,0.26,0.774,0.563,0.423,0.723,0.68,0.729,0.781,0.285,0.689,0.694,0.678,-0.364,0.423,0.728,0.801,0.254,-0.01,0.051,-0.031,0.293,0.479,-0.653,0.688,0.584,0.68,0.311,0.125,0.247,-0.175,0.537,0.754,0.255,-0.058,0.318,0.844,0.875,0.833,0.914,0.724,0.454,0.399,-0.091,0.794,0.825,0.752,0.809,0.772,0.558,0.302,0.077,0.395,0.445,0.11,0.532,0.762,0.678,-0.279,0.556,0.096,0.811,0.907,0.444,0.451,0.126,0.131,-0.292,-0.264,0.772,0.406,-0.211,0.244,0.111,0.816,0.771,0.781,0.456,0.527,0.842,0.534,0.705,0.74,0.666,0.833,0.868,0.795,0.902,0.613,-0.52,-0.743,0.596,0.616,-0.6,0.633,0.726,-0.161,0.866,0.303,0.661,0.814,0.13,0.693,0.473,-0.005,-0.676,0.243,0.673,-0.003,0.591,0.411,0.468,0.473,0.278,-0.101,0.86,-0.06,0.213,0.349,-0.548,0.286,0.929,-0.202,0.859,0.251,0.633,0.387,0.82,0.142,0.762,0.273,0.243,0.87,0.705,0.444,-0.243,0.639
