,ABAT,ACLS,ACMR,ADMA,ADUS,ADVM,AEIS,AGNCM,AHCO,ALGT,ALLO,AMSF,ANAB,ANDE,APLS,APPF,ASML,ATRC,AVGO,AVT,AXDX,AXSM,AZN,BANR,BBIO,BCYC,BHFAP,BKR,BLDP,BLFS,BLKB,BLMN,BNTX,BPMC,CALM,CAMT,CASH,CATY,CCEP,CDLX,CDNS,CENN,CENX,CGC,CHDN,CLBK,COKE,COLB,COO,CORT,CRMT,CRNX,CRTO,CRVL,CSCO,CSQ,CSWI,CVBF,CWST,CYCC,CZR,DLTR,DORM,ENTA,EQIX,ERIC,EVRG,EWBC,EXAS,EXLS,EXPI,EYE,FBNC,FBRX,FCNCA,FELE,FIBK,FLEX,FRGT,FRHC,FRME,FWONA,FWONK,GDEN,GIII,GILD,GLNG,GNTX,GOOGL,GRPN,HCSG,HIMX,HOPE,HST,HTLD,HUT,HWC,ICUI,IESC,INTC,INTU,IOVA,IPAR,IPGP,ISRG,JBSS,KALU,KPRX,KRNT,LAUR,LBRDA,LBTYK,LECO,LILAK,LITE,MANH,MDXG,MFIC,MGEE,MIDD,MLAB,MMSI,MNKD,MOMO,MRVL,NICE,NMFC,NUWE,NVCR,NWBI,OFIX,OFLX,OMCL,OPK,ORKA,ORLY,OTTR,PDD,PNTG,POOL,POWL,PPBI,PPC,PRAA,PRPL,PZZA,QTRX,QURE,RDFN,RDHL,REAL,REG,REYN,RGLD,RIOT,RUN,RYTM,SAIA,SBAC,SBRA,SCVL,SHOO,SLAB,SLDB,SMCI,SMTC,SRCE,SSP,SSRM,STBA,STRO,SVC,SYBT,TCBI,TCOM,TENX,TH,TMUS,TNDM,TTD,TTMI,UAL,ULH,ULTA,VCYT,VIRT,VKTX,VOD,VRDN,VREX,VRNT,VSAT,WB,WBD,WDC,WEN,WSFS,XXII,Z,ZBRA
ABAT,0.0,-0.052,-0.403,0.369,0.47,-0.245,-0.026,-0.488,0.388,-0.194,-0.506,0.673,0.457,0.579,-0.185,-0.567,0.712,0.038,0.245,0.7,-0.705,-0.603,-0.006,0.507,-0.089,0.485,-0.513,0.663,-0.284,-0.443,0.266,0.516,-0.234,-0.382,0.055,0.144,0.361,0.321,0.403,-0.104,0.005,-0.152,0.451,-0.108,0.541,0.338,0.504,0.591,-0.013,0.529,0.146,-0.394,0.013,0.602,0.752,0.695,0.119,0.129,0.177,-0.135,0.688,0.8,-0.511,-0.399,-0.041,-0.537,0.008,-0.282,-0.071,0.615,0.008,0.535,0.334,0.049,0.27,0.059,0.048,0.625,-0.216,0.755,0.556,-0.076,-0.065,0.331,0.642,0.609,0.471,0.337,0.617,-0.477,0.46,0.709,0.129,0.55,-0.141,0.487,0.695,-0.161,0.651,0.397,0.616,-0.061,-0.011,0.097,0.816,0.623,0.774,-0.019,-0.153,0.607,0.003,0.533,0.694,0.404,0.448,-0.072,-0.367,0.29,-0.103,0.034,-0.439,0.41,0.502,-0.397,-0.067,0.339,0.663,-0.408,-0.554,0.226,-0.313,-0.395,-0.297,-0.118,-0.076,0.665,0.443,-0.5,0.296,-0.551,0.709,0.432,-0.105,-0.544,-0.429,-0.171,-0.007,-0.05,-0.359,0.335,0.001,0.647,0.517,0.244,-0.169,-0.411,0.051,-0.292,-0.239,0.3,0.356,0.485,-0.067,-0.309,0.8,-0.185,0.76,0.597,-0.183,0.729,0.695,0.407,0.484,-0.491,-0.429,-0.384,-0.383,0.494,0.47,0.035,0.772,0.734,0.598,-0.579,-0.071,0.318,0.519,0.072,-0.494,0.035,-0.05,0.267,-0.53,0.628,0.289,0.522,0.162,0.418,0.296,0.145
ACLS,-0.052,0.0,0.877,-0.255,-0.697,0.843,0.981,0.724,-0.695,0.831,0.5,-0.597,-0.188,-0.583,0.371,0.525,0.526,0.809,0.87,-0.09,0.216,0.165,0.207,-0.664,0.412,-0.037,0.759,-0.471,0.861,0.829,-0.399,-0.646,0.41,0.846,-0.64,0.829,-0.696,-0.601,-0.298,0.87,0.861,0.212,0.217,0.827,-0.434,-0.716,-0.332,-0.398,0.854,-0.611,0.057,0.525,0.681,-0.649,-0.051,0.353,0.619,-0.681,0.276,0.741,-0.205,0.09,-0.517,0.783,0.844,0.092,0.605,0.246,0.622,-0.369,0.0,0.089,-0.81,0.697,-0.432,-0.287,-0.646,0.2,0.701,-0.076,-0.621,0.464,0.502,-0.697,-0.475,-0.557,0.295,0.365,0.055,0.79,-0.687,-0.252,-0.296,-0.598,0.093,0.332,-0.491,0.885,-0.538,0.516,0.121,0.686,-0.253,0.646,-0.18,-0.526,-0.194,0.318,0.86,0.042,0.583,-0.049,0.087,-0.67,0.565,0.912,0.294,-0.193,0.485,0.413,0.793,0.406,-0.246,0.499,0.966,0.708,-0.334,0.78,0.677,-0.514,0.842,0.745,0.864,0.805,0.563,-0.401,-0.156,0.736,0.622,0.636,-0.003,-0.622,0.674,0.685,0.671,0.434,0.911,0.387,0.887,-0.057,0.93,-0.005,-0.723,0.684,0.921,0.84,0.827,0.155,0.827,0.518,-0.463,-0.093,0.903,0.724,0.158,0.876,-0.466,-0.638,0.889,-0.547,0.139,-0.71,-0.601,0.059,0.851,0.412,0.616,0.611,-0.297,0.815,0.225,-0.516,-0.425,0.277,0.796,0.244,-0.688,0.505,0.36,0.87,0.723,0.022,0.81,-0.398,0.448,-0.544,-0.222,-0.66,0.693,0.765
ACMR,-0.403,0.877,0.0,-0.413,-0.84,0.838,0.877,0.907,-0.842,0.878,0.682,-0.786,-0.353,-0.8,0.527,0.603,0.151,0.737,0.676,-0.418,0.465,0.463,0.179,-0.81,0.355,-0.112,0.907,-0.716,0.888,0.941,-0.576,-0.805,0.452,0.968,-0.486,0.719,-0.785,-0.68,-0.485,0.846,0.794,0.376,-0.058,0.809,-0.665,-0.786,-0.609,-0.614,0.769,-0.761,0.122,0.766,0.626,-0.837,-0.344,-0.003,0.564,-0.669,0.31,0.773,-0.527,-0.327,-0.296,0.925,0.809,0.284,0.629,0.288,0.548,-0.645,-0.142,-0.17,-0.85,0.63,-0.542,-0.342,-0.61,-0.156,0.804,-0.384,-0.78,0.32,0.354,-0.823,-0.725,-0.791,0.026,0.204,-0.226,0.908,-0.776,-0.567,-0.278,-0.783,0.16,0.059,-0.697,0.86,-0.764,0.352,-0.121,0.725,-0.19,0.489,-0.48,-0.709,-0.591,0.222,0.807,-0.26,0.497,-0.254,-0.159,-0.87,0.196,0.815,0.475,-0.235,0.597,0.238,0.93,0.147,-0.434,0.584,0.884,0.477,-0.522,0.883,0.769,-0.479,0.913,0.822,0.931,0.816,0.638,-0.672,-0.298,0.844,0.448,0.778,-0.305,-0.722,0.741,0.865,0.815,0.53,0.794,0.334,0.969,-0.189,0.819,-0.35,-0.854,0.401,0.907,0.948,0.696,0.196,0.889,0.438,-0.639,-0.334,0.801,0.812,-0.244,0.897,-0.726,-0.821,0.828,-0.782,-0.143,-0.776,-0.739,0.253,0.927,0.477,0.767,0.252,-0.492,0.752,-0.163,-0.768,-0.644,0.542,0.743,0.006,-0.825,0.454,0.586,0.735,0.623,-0.214,0.958,-0.63,0.167,-0.725,-0.185,-0.703,0.453,0.645
ADMA,0.369,-0.255,-0.413,0.0,0.703,-0.148,-0.23,-0.347,0.674,-0.262,-0.356,0.518,0.79,0.743,-0.571,-0.308,0.225,-0.198,0.093,0.81,-0.158,0.149,0.482,0.761,0.31,0.086,-0.402,0.709,-0.339,-0.3,0.822,0.746,0.124,-0.488,0.18,-0.059,0.757,0.824,0.882,-0.331,-0.199,-0.05,0.491,-0.081,0.866,0.635,0.703,0.778,-0.092,0.748,0.005,-0.406,0.039,0.619,0.599,0.547,0.122,0.703,-0.01,-0.231,0.836,0.472,0.288,-0.419,-0.246,0.291,-0.337,0.465,0.186,0.818,0.655,0.629,0.695,-0.194,0.875,0.613,0.76,0.715,-0.338,0.657,0.758,0.421,0.396,0.772,0.766,0.722,0.447,0.43,0.701,-0.405,0.592,0.787,0.764,0.76,0.487,0.626,0.704,-0.112,0.714,0.28,0.517,-0.067,0.637,0.387,0.467,0.488,0.584,0.196,-0.109,0.584,0.331,0.639,0.405,0.657,0.297,-0.152,0.11,0.65,-0.331,0.345,-0.388,0.49,0.674,0.247,-0.159,0.205,0.701,-0.65,-0.108,0.639,-0.398,-0.18,-0.435,-0.28,-0.09,0.702,0.63,-0.232,-0.245,-0.177,0.55,0.796,-0.392,-0.341,-0.421,0.058,-0.141,0.63,-0.491,0.358,-0.149,0.656,0.632,0.143,-0.303,-0.482,0.026,0.341,-0.439,0.167,0.787,0.603,-0.06,-0.289,0.454,-0.374,0.584,0.671,-0.245,0.595,0.448,0.696,0.729,0.32,-0.232,-0.233,-0.155,0.27,0.801,-0.214,0.413,0.629,0.772,-0.274,0.168,0.637,0.641,0.182,0.06,-0.193,0.244,0.702,-0.415,0.729,0.558,0.801,0.58,0.628,0.151,0.235
ADUS,0.47,-0.697,-0.84,0.703,0.0,-0.632,-0.673,-0.764,0.935,-0.656,-0.681,0.879,0.715,0.953,-0.472,-0.637,0.044,-0.535,-0.398,0.696,-0.497,-0.263,0.209,0.953,-0.076,0.264,-0.839,0.834,-0.778,-0.747,0.733,0.916,-0.175,-0.864,0.53,-0.416,0.957,0.853,0.774,-0.682,-0.581,-0.223,0.37,-0.59,0.883,0.924,0.759,0.858,-0.501,0.939,-0.017,-0.581,-0.402,0.945,0.594,0.348,-0.203,0.795,-0.055,-0.561,0.746,0.468,0.255,-0.79,-0.601,-0.105,-0.527,-0.03,-0.335,0.804,0.341,0.441,0.933,-0.632,0.782,0.476,0.77,0.453,-0.617,0.618,0.949,-0.126,-0.147,0.925,0.875,0.908,0.237,0.059,0.542,-0.865,0.852,0.772,0.511,0.914,0.199,0.354,0.858,-0.62,0.93,0.025,0.414,-0.508,0.483,-0.103,0.616,0.85,0.695,-0.183,-0.58,0.539,-0.128,0.569,0.403,0.852,-0.061,-0.627,-0.221,0.46,-0.481,-0.039,-0.773,0.197,0.585,-0.279,-0.659,-0.2,0.75,-0.936,-0.64,0.724,-0.818,-0.711,-0.793,-0.601,-0.362,0.851,0.613,-0.726,-0.421,-0.634,0.576,0.916,-0.579,-0.704,-0.763,-0.257,-0.597,0.058,-0.883,0.219,-0.596,0.595,0.927,-0.172,-0.684,-0.876,-0.464,0.013,-0.767,-0.061,0.776,0.566,-0.55,-0.668,0.411,-0.701,0.843,0.896,-0.636,0.881,0.424,0.918,0.884,-0.068,-0.777,-0.459,-0.491,-0.055,0.778,-0.553,0.322,0.858,0.874,-0.393,-0.418,0.237,0.895,-0.116,-0.303,-0.599,-0.311,0.434,-0.867,0.838,0.094,0.892,0.481,0.867,-0.174,-0.242
ADVM,-0.245,0.843,0.838,-0.148,-0.632,0.0,0.835,0.752,-0.617,0.761,0.467,-0.624,-0.153,-0.587,0.33,0.591,0.255,0.69,0.71,-0.133,0.238,0.351,0.451,-0.597,0.496,-0.118,0.789,-0.527,0.772,0.855,-0.298,-0.628,0.6,0.803,-0.611,0.652,-0.576,-0.45,-0.158,0.751,0.757,0.15,0.062,0.758,-0.399,-0.609,-0.309,-0.395,0.786,-0.552,0.005,0.562,0.599,-0.633,-0.155,0.223,0.629,-0.55,0.201,0.795,-0.229,-0.041,-0.277,0.752,0.737,0.385,0.457,0.457,0.663,-0.356,0.035,0.05,-0.701,0.592,-0.286,-0.086,-0.465,0.151,0.684,-0.168,-0.595,0.501,0.529,-0.575,-0.479,-0.545,0.226,0.327,-0.004,0.734,-0.679,-0.329,-0.185,-0.546,0.369,0.299,-0.516,0.822,-0.518,0.379,-0.004,0.634,-0.02,0.642,-0.346,-0.597,-0.322,0.284,0.85,0.034,0.604,-0.057,-0.021,-0.599,0.399,0.837,0.42,-0.177,0.365,0.495,0.848,0.361,-0.202,0.619,0.835,0.567,-0.343,0.684,0.737,-0.342,0.787,0.773,0.819,0.729,0.535,-0.381,-0.179,0.729,0.385,0.744,-0.042,-0.529,0.608,0.807,0.692,0.365,0.875,0.551,0.817,-0.174,0.78,-0.013,-0.672,0.634,0.853,0.781,0.786,0.396,0.748,0.489,-0.384,-0.154,0.73,0.791,-0.042,0.785,-0.515,-0.659,0.883,-0.601,0.089,-0.639,-0.511,0.322,0.815,0.45,0.678,0.48,-0.189,0.681,0.042,-0.589,-0.393,0.439,0.803,0.218,-0.629,0.577,0.467,0.734,0.74,0.154,0.813,-0.417,0.414,-0.525,-0.137,-0.63,0.558,0.684
AEIS,-0.026,0.981,0.877,-0.23,-0.673,0.835,0.0,0.744,-0.693,0.877,0.481,-0.537,-0.13,-0.556,0.431,0.44,0.566,0.868,0.907,-0.047,0.205,0.214,0.232,-0.625,0.401,0.088,0.745,-0.432,0.885,0.831,-0.425,-0.599,0.392,0.867,-0.551,0.873,-0.675,-0.566,-0.273,0.904,0.921,0.326,0.26,0.849,-0.405,-0.671,-0.357,-0.332,0.901,-0.552,0.169,0.588,0.757,-0.608,0.036,0.393,0.697,-0.659,0.393,0.766,-0.17,0.089,-0.535,0.825,0.9,0.09,0.703,0.252,0.678,-0.343,-0.03,0.117,-0.772,0.722,-0.396,-0.245,-0.621,0.239,0.727,0.003,-0.569,0.419,0.461,-0.692,-0.429,-0.527,0.307,0.454,0.127,0.8,-0.61,-0.212,-0.223,-0.538,0.156,0.36,-0.419,0.916,-0.495,0.602,0.221,0.753,-0.212,0.693,-0.119,-0.468,-0.194,0.321,0.872,0.038,0.632,0.051,0.186,-0.694,0.561,0.922,0.359,-0.108,0.595,0.363,0.811,0.459,-0.169,0.467,0.975,0.766,-0.247,0.771,0.638,-0.425,0.872,0.743,0.895,0.847,0.637,-0.375,-0.07,0.727,0.689,0.617,0.046,-0.557,0.747,0.678,0.676,0.511,0.903,0.426,0.893,-0.049,0.948,0.008,-0.678,0.662,0.929,0.845,0.833,0.15,0.87,0.602,-0.456,-0.016,0.904,0.736,0.184,0.908,-0.414,-0.576,0.864,-0.494,0.179,-0.645,-0.539,0.054,0.84,0.418,0.663,0.62,-0.25,0.881,0.278,-0.465,-0.36,0.313,0.824,0.262,-0.626,0.565,0.396,0.903,0.749,-0.004,0.801,-0.334,0.405,-0.48,-0.099,-0.591,0.733,0.806
AGNCM,-0.488,0.724,0.907,-0.347,-0.764,0.752,0.744,0.0,-0.737,0.84,0.734,-0.76,-0.348,-0.754,0.414,0.592,-0.018,0.606,0.549,-0.48,0.517,0.532,0.212,-0.742,0.449,-0.158,0.915,-0.736,0.854,0.886,-0.507,-0.725,0.466,0.891,-0.306,0.586,-0.669,-0.523,-0.402,0.754,0.664,0.449,-0.083,0.712,-0.642,-0.671,-0.564,-0.606,0.668,-0.72,0.252,0.776,0.533,-0.76,-0.392,-0.108,0.585,-0.51,0.35,0.674,-0.531,-0.39,-0.116,0.889,0.718,0.443,0.621,0.387,0.5,-0.627,-0.094,-0.09,-0.711,0.554,-0.44,-0.214,-0.459,-0.235,0.771,-0.416,-0.709,0.291,0.314,-0.724,-0.683,-0.718,-0.054,0.263,-0.23,0.865,-0.662,-0.621,-0.078,-0.709,0.25,0.009,-0.667,0.766,-0.745,0.296,-0.149,0.668,-0.0,0.427,-0.531,-0.667,-0.686,0.292,0.776,-0.334,0.498,-0.23,-0.193,-0.825,0.071,0.696,0.578,-0.068,0.641,0.264,0.925,0.092,-0.458,0.618,0.745,0.361,-0.474,0.797,0.755,-0.276,0.812,0.835,0.855,0.74,0.59,-0.624,-0.169,0.782,0.346,0.837,-0.352,-0.617,0.706,0.894,0.844,0.628,0.643,0.329,0.898,-0.158,0.682,-0.373,-0.729,0.248,0.821,0.921,0.562,0.369,0.828,0.37,-0.594,-0.242,0.652,0.807,-0.415,0.816,-0.732,-0.78,0.683,-0.781,-0.179,-0.698,-0.661,0.431,0.839,0.459,0.758,0.12,-0.448,0.641,-0.31,-0.765,-0.587,0.706,0.675,0.057,-0.785,0.459,0.662,0.581,0.534,-0.243,0.906,-0.659,0.066,-0.652,-0.115,-0.624,0.354,0.573
AHCO,0.388,-0.695,-0.842,0.674,0.935,-0.617,-0.693,-0.737,0.0,-0.71,-0.508,0.791,0.653,0.913,-0.583,-0.475,-0.068,-0.659,-0.445,0.597,-0.477,-0.311,0.207,0.86,0.036,0.044,-0.791,0.711,-0.745,-0.721,0.756,0.823,-0.055,-0.89,0.442,-0.553,0.933,0.843,0.785,-0.711,-0.684,-0.321,0.343,-0.618,0.825,0.886,0.848,0.761,-0.583,0.859,-0.031,-0.652,-0.501,0.874,0.435,0.231,-0.29,0.769,-0.234,-0.633,0.695,0.493,0.338,-0.815,-0.689,-0.034,-0.599,0.05,-0.396,0.739,0.44,0.45,0.913,-0.607,0.723,0.488,0.761,0.376,-0.658,0.489,0.876,-0.059,-0.097,0.923,0.8,0.904,0.11,0.046,0.455,-0.809,0.757,0.679,0.509,0.832,0.15,0.281,0.721,-0.685,0.858,-0.124,0.283,-0.557,0.441,-0.176,0.462,0.765,0.647,-0.134,-0.537,0.484,-0.138,0.41,0.235,0.908,-0.056,-0.624,-0.244,0.415,-0.567,0.104,-0.77,0.073,0.482,-0.21,-0.698,-0.315,0.59,-0.892,-0.548,0.658,-0.868,-0.613,-0.833,-0.651,-0.472,0.839,0.59,-0.753,-0.44,-0.523,0.44,0.828,-0.685,-0.644,-0.673,-0.31,-0.64,0.022,-0.867,0.158,-0.615,0.612,0.905,-0.159,-0.684,-0.828,-0.466,0.14,-0.818,-0.227,0.737,0.519,-0.592,-0.632,0.29,-0.754,0.781,0.788,-0.629,0.79,0.37,0.794,0.813,0.018,-0.779,-0.481,-0.568,-0.082,0.737,-0.675,0.201,0.751,0.781,-0.362,-0.448,0.352,0.791,-0.215,-0.32,-0.617,-0.347,0.441,-0.858,0.708,0.161,0.824,0.302,0.721,-0.241,-0.327
ALGT,-0.194,0.831,0.878,-0.262,-0.656,0.761,0.877,0.84,-0.71,0.0,0.501,-0.543,-0.147,-0.594,0.559,0.315,0.369,0.836,0.767,-0.188,0.329,0.387,0.259,-0.614,0.44,0.223,0.736,-0.511,0.909,0.869,-0.519,-0.576,0.347,0.912,-0.239,0.83,-0.633,-0.527,-0.312,0.906,0.878,0.589,0.193,0.779,-0.483,-0.61,-0.544,-0.343,0.888,-0.562,0.407,0.81,0.734,-0.574,-0.016,0.233,0.764,-0.568,0.64,0.752,-0.306,-0.178,-0.429,0.935,0.918,0.163,0.837,0.221,0.657,-0.463,-0.135,0.06,-0.691,0.643,-0.389,-0.25,-0.551,0.06,0.833,-0.083,-0.553,0.184,0.228,-0.699,-0.492,-0.573,0.15,0.457,0.06,0.808,-0.488,-0.337,-0.082,-0.534,0.317,0.233,-0.421,0.899,-0.531,0.62,0.211,0.792,-0.058,0.61,-0.174,-0.417,-0.382,0.184,0.85,-0.097,0.613,0.057,0.187,-0.821,0.312,0.778,0.516,0.064,0.802,0.187,0.889,0.396,-0.233,0.47,0.873,0.629,-0.174,0.769,0.583,-0.225,0.862,0.71,0.921,0.942,0.722,-0.443,-0.002,0.725,0.659,0.629,0.015,-0.487,0.891,0.751,0.776,0.757,0.771,0.383,0.903,-0.116,0.871,-0.151,-0.61,0.392,0.901,0.881,0.705,0.18,0.933,0.687,-0.521,-0.022,0.767,0.798,-0.052,0.958,-0.474,-0.561,0.692,-0.527,0.092,-0.559,-0.509,0.137,0.805,0.445,0.775,0.382,-0.324,0.886,0.093,-0.49,-0.384,0.573,0.778,0.133,-0.596,0.615,0.507,0.78,0.657,-0.222,0.827,-0.393,0.12,-0.474,0.056,-0.446,0.641,0.757
ALLO,-0.506,0.5,0.682,-0.356,-0.681,0.467,0.481,0.734,-0.508,0.501,0.0,-0.726,-0.431,-0.642,0.239,0.662,-0.244,0.223,0.266,-0.593,0.492,0.353,0.017,-0.72,0.424,-0.475,0.751,-0.765,0.661,0.655,-0.421,-0.718,0.459,0.637,-0.365,0.231,-0.572,-0.482,-0.394,0.51,0.304,0.271,-0.239,0.488,-0.626,-0.587,-0.38,-0.633,0.281,-0.696,0.167,0.517,0.244,-0.717,-0.614,-0.346,0.237,-0.421,-0.044,0.372,-0.564,-0.371,0.073,0.624,0.366,0.376,0.322,0.305,0.179,-0.64,0.073,-0.153,-0.566,0.431,-0.472,-0.244,-0.365,-0.424,0.542,-0.58,-0.672,0.277,0.275,-0.573,-0.665,-0.629,-0.297,0.097,-0.385,0.731,-0.654,-0.66,-0.118,-0.705,-0.039,-0.193,-0.755,0.399,-0.704,-0.076,-0.378,0.441,-0.092,0.112,-0.685,-0.621,-0.632,0.207,0.507,-0.439,0.233,-0.479,-0.498,-0.559,-0.048,0.47,0.309,-0.154,0.333,0.256,0.644,-0.246,-0.516,0.512,0.482,0.017,-0.645,0.659,0.687,-0.386,0.507,0.749,0.556,0.477,0.232,-0.582,-0.205,0.565,0.174,0.76,-0.581,-0.632,0.351,0.698,0.736,0.386,0.344,0.142,0.687,-0.268,0.423,-0.331,-0.626,0.154,0.573,0.76,0.37,0.323,0.516,0.015,-0.575,-0.4,0.447,0.611,-0.54,0.494,-0.699,-0.76,0.496,-0.753,-0.3,-0.724,-0.647,0.38,0.627,0.302,0.473,-0.065,-0.499,0.26,-0.501,-0.782,-0.633,0.561,0.38,0.097,-0.779,0.106,0.49,0.337,0.254,-0.255,0.689,-0.742,0.112,-0.624,-0.358,-0.682,0.106,0.234
AMSF,0.673,-0.597,-0.786,0.518,0.879,-0.624,-0.537,-0.76,0.791,-0.543,-0.726,0.0,0.656,0.891,-0.237,-0.826,0.277,-0.352,-0.247,0.698,-0.696,-0.445,0.102,0.871,-0.249,0.549,-0.853,0.831,-0.683,-0.75,0.463,0.846,-0.275,-0.753,0.543,-0.256,0.808,0.683,0.613,-0.53,-0.389,-0.103,0.379,-0.529,0.786,0.835,0.607,0.866,-0.374,0.908,0.175,-0.462,-0.245,0.938,0.751,0.433,-0.095,0.558,0.16,-0.41,0.709,0.571,-0.082,-0.695,-0.412,-0.378,-0.251,-0.27,-0.333,0.73,0.032,0.406,0.812,-0.505,0.573,0.323,0.505,0.467,-0.494,0.725,0.907,-0.366,-0.37,0.74,0.857,0.874,0.235,0.144,0.588,-0.838,0.848,0.765,0.368,0.874,0.074,0.336,0.899,-0.548,0.929,0.194,0.573,-0.382,0.286,-0.142,0.791,0.916,0.734,-0.29,-0.531,0.521,-0.171,0.61,0.639,0.692,-0.007,-0.552,-0.289,0.411,-0.249,-0.215,-0.735,0.222,0.625,-0.525,-0.564,-0.072,0.804,-0.814,-0.827,0.649,-0.711,-0.737,-0.666,-0.456,-0.249,0.856,0.632,-0.803,-0.115,-0.768,0.672,0.83,-0.352,-0.743,-0.708,-0.269,-0.503,-0.106,-0.783,0.204,-0.466,0.616,0.907,-0.14,-0.586,-0.804,-0.385,-0.229,-0.599,0.113,0.608,0.611,-0.523,-0.632,0.554,-0.554,0.951,0.907,-0.598,0.966,0.568,0.864,0.848,-0.361,-0.817,-0.521,-0.457,0.051,0.682,-0.348,0.52,0.921,0.843,-0.439,-0.421,0.164,0.903,-0.066,-0.4,-0.422,-0.355,0.233,-0.872,0.863,-0.033,0.837,0.48,0.828,-0.095,-0.206
ANAB,0.457,-0.188,-0.353,0.79,0.715,-0.153,-0.13,-0.348,0.653,-0.147,-0.431,0.656,0.0,0.73,-0.244,-0.445,0.363,-0.045,0.182,0.806,-0.31,0.007,0.498,0.721,0.276,0.358,-0.471,0.669,-0.302,-0.215,0.623,0.722,0.159,-0.412,0.341,0.07,0.746,0.729,0.816,-0.198,-0.086,0.108,0.653,-0.029,0.831,0.678,0.656,0.848,0.038,0.789,0.186,-0.195,0.127,0.678,0.727,0.636,0.291,0.561,0.273,-0.13,0.79,0.534,0.015,-0.301,-0.106,0.078,-0.139,0.289,0.17,0.737,0.454,0.666,0.663,-0.207,0.704,0.459,0.608,0.712,-0.202,0.733,0.795,0.147,0.137,0.669,0.768,0.757,0.403,0.469,0.767,-0.39,0.618,0.795,0.638,0.711,0.505,0.694,0.744,-0.04,0.752,0.459,0.71,0.065,0.545,0.384,0.603,0.658,0.605,-0.0,-0.034,0.703,0.353,0.676,0.619,0.532,0.279,-0.099,0.151,0.607,-0.1,0.257,-0.335,0.57,0.67,0.125,-0.1,0.298,0.755,-0.546,-0.243,0.717,-0.344,-0.254,-0.331,-0.139,0.119,0.756,0.684,-0.315,-0.042,-0.276,0.673,0.787,-0.193,-0.323,-0.354,0.117,-0.103,0.475,-0.424,0.252,-0.025,0.702,0.677,0.158,-0.165,-0.445,0.123,0.214,-0.322,0.317,0.7,0.762,-0.039,-0.261,0.529,-0.222,0.723,0.671,-0.234,0.699,0.614,0.703,0.745,0.119,-0.285,-0.274,-0.124,0.265,0.844,-0.062,0.52,0.679,0.802,-0.191,0.192,0.556,0.674,0.129,0.013,-0.082,0.211,0.46,-0.43,0.785,0.427,0.787,0.619,0.697,0.266,0.318
ANDE,0.579,-0.583,-0.8,0.743,0.953,-0.587,-0.556,-0.754,0.913,-0.594,-0.642,0.891,0.73,0.0,-0.504,-0.656,0.205,-0.456,-0.257,0.789,-0.523,-0.31,0.221,0.938,-0.069,0.287,-0.813,0.877,-0.674,-0.726,0.736,0.909,-0.194,-0.819,0.442,-0.302,0.913,0.828,0.801,-0.593,-0.469,-0.179,0.452,-0.531,0.911,0.904,0.789,0.909,-0.399,0.93,0.013,-0.608,-0.284,0.943,0.691,0.461,-0.131,0.736,-0.025,-0.528,0.812,0.584,0.177,-0.755,-0.504,-0.158,-0.422,-0.02,-0.27,0.852,0.379,0.503,0.891,-0.551,0.8,0.512,0.72,0.56,-0.575,0.711,0.956,-0.045,-0.064,0.898,0.914,0.926,0.32,0.18,0.637,-0.818,0.86,0.844,0.533,0.936,0.159,0.437,0.885,-0.537,0.958,0.146,0.501,-0.471,0.45,0.002,0.684,0.863,0.796,-0.117,-0.499,0.543,-0.048,0.649,0.491,0.841,0.092,-0.545,-0.255,0.484,-0.428,-0.002,-0.76,0.276,0.642,-0.283,-0.544,-0.091,0.788,-0.905,-0.618,0.665,-0.767,-0.655,-0.741,-0.511,-0.328,0.893,0.702,-0.691,-0.266,-0.623,0.644,0.901,-0.516,-0.714,-0.757,-0.22,-0.517,0.127,-0.83,0.258,-0.491,0.695,0.911,-0.05,-0.616,-0.817,-0.387,-0.024,-0.694,0.025,0.772,0.64,-0.419,-0.626,0.553,-0.625,0.883,0.915,-0.557,0.913,0.489,0.888,0.894,-0.127,-0.725,-0.47,-0.435,0.119,0.769,-0.458,0.46,0.891,0.903,-0.451,-0.357,0.345,0.874,-0.03,-0.308,-0.456,-0.234,0.502,-0.84,0.876,0.22,0.919,0.508,0.82,-0.062,-0.165
APLS,-0.185,0.371,0.527,-0.571,-0.472,0.33,0.431,0.414,-0.583,0.559,0.239,-0.237,-0.244,-0.504,0.0,-0.044,0.112,0.608,0.265,-0.377,0.041,0.114,-0.04,-0.499,-0.125,0.478,0.372,-0.472,0.478,0.488,-0.79,-0.495,0.108,0.639,0.037,0.431,-0.531,-0.58,-0.551,0.636,0.542,0.515,-0.137,0.313,-0.533,-0.413,-0.66,-0.316,0.493,-0.388,0.413,0.797,0.516,-0.386,-0.084,-0.072,0.356,-0.601,0.522,0.644,-0.49,-0.307,-0.52,0.637,0.633,-0.22,0.676,-0.284,0.187,-0.568,-0.528,-0.255,-0.509,0.301,-0.6,-0.471,-0.593,-0.277,0.598,-0.191,-0.45,-0.422,-0.38,-0.66,-0.435,-0.543,-0.099,0.042,-0.171,0.401,-0.31,-0.439,-0.392,-0.46,0.013,-0.135,-0.323,0.437,-0.383,0.29,0.063,0.541,-0.238,0.063,-0.108,-0.182,-0.43,-0.267,0.368,-0.227,0.08,-0.094,0.152,-0.715,-0.151,0.373,0.312,-0.215,0.661,-0.311,0.552,0.026,-0.157,-0.077,0.382,0.19,-0.203,0.585,0.04,-0.194,0.575,0.214,0.639,0.609,0.44,-0.464,-0.192,0.301,0.493,0.197,-0.06,-0.435,0.761,0.458,0.542,0.31,0.424,-0.125,0.571,-0.353,0.437,-0.253,-0.435,0.015,0.548,0.523,0.316,-0.254,0.671,0.487,-0.599,-0.219,0.251,0.4,-0.14,0.614,-0.267,-0.4,0.375,-0.302,0.02,-0.354,-0.413,-0.252,0.328,0.212,0.521,-0.036,-0.398,0.603,-0.028,-0.359,-0.39,0.475,0.277,-0.403,-0.325,0.275,0.257,0.418,0.144,-0.592,0.455,-0.308,-0.444,-0.459,-0.029,-0.233,0.255,0.237
APPF,-0.567,0.525,0.603,-0.308,-0.637,0.591,0.44,0.592,-0.475,0.315,0.662,-0.826,-0.445,-0.656,-0.044,0.0,-0.266,0.182,0.196,-0.473,0.559,0.339,0.122,-0.648,0.421,-0.734,0.75,-0.671,0.509,0.625,-0.095,-0.66,0.422,0.505,-0.69,0.112,-0.554,-0.405,-0.294,0.359,0.207,-0.183,-0.286,0.479,-0.512,-0.611,-0.173,-0.691,0.26,-0.696,-0.388,0.175,0.049,-0.731,-0.688,-0.268,0.092,-0.312,-0.396,0.274,-0.449,-0.265,0.222,0.444,0.214,0.539,-0.038,0.516,0.328,-0.445,0.29,-0.155,-0.619,0.374,-0.31,-0.07,-0.271,-0.24,0.271,-0.61,-0.717,0.613,0.599,-0.449,-0.613,-0.606,-0.067,-0.074,-0.42,0.672,-0.758,-0.575,-0.29,-0.682,-0.012,-0.1,-0.767,0.422,-0.722,-0.32,-0.536,0.17,-0.069,0.235,-0.712,-0.81,-0.499,0.427,0.531,-0.231,0.24,-0.527,-0.626,-0.346,0.179,0.567,0.239,-0.382,-0.064,0.59,0.586,-0.104,-0.497,0.596,0.461,0.083,-0.757,0.577,0.858,-0.524,0.472,0.734,0.477,0.246,0.071,-0.555,-0.509,0.668,-0.058,0.791,-0.568,-0.63,0.061,0.664,0.548,0.073,0.444,0.213,0.584,-0.101,0.346,-0.304,-0.711,0.364,0.496,0.617,0.39,0.5,0.357,-0.258,-0.332,-0.417,0.466,0.537,-0.44,0.346,-0.792,-0.778,0.619,-0.828,-0.401,-0.752,-0.645,0.536,0.683,0.531,0.249,0.107,-0.387,0.148,-0.442,-0.773,-0.618,0.354,0.401,0.059,-0.773,0.016,0.282,0.352,0.38,0.101,0.69,-0.7,0.336,-0.628,-0.534,-0.775,0.15,0.176
ASML,0.712,0.526,0.151,0.225,0.044,0.255,0.566,-0.018,-0.068,0.369,-0.244,0.277,0.363,0.205,0.112,-0.266,0.0,0.618,0.755,0.642,-0.382,-0.331,0.13,0.119,0.137,0.542,-0.049,0.406,0.292,0.102,0.023,0.177,-0.064,0.178,-0.222,0.679,-0.073,-0.053,0.198,0.462,0.602,0.129,0.617,0.419,0.3,-0.07,0.183,0.392,0.579,0.188,0.222,0.007,0.552,0.195,0.751,0.866,0.505,-0.245,0.443,0.306,0.538,0.688,-0.695,0.171,0.545,-0.405,0.448,-0.095,0.464,0.39,0.074,0.524,-0.152,0.42,0.062,-0.019,-0.288,0.752,0.203,0.725,0.177,0.199,0.246,-0.071,0.363,0.237,0.641,0.594,0.68,0.081,0.12,0.561,-0.007,0.227,0.026,0.643,0.397,0.455,0.291,0.741,0.767,0.404,-0.119,0.579,0.704,0.303,0.597,0.194,0.386,0.55,0.402,0.59,0.776,-0.037,0.783,0.495,-0.086,0.22,0.292,0.202,0.081,0.735,0.447,-0.096,0.537,0.825,0.491,0.097,-0.078,-0.045,0.282,0.065,0.289,0.403,0.346,0.349,0.349,0.068,0.691,-0.161,0.674,0.1,0.37,-0.123,-0.005,0.198,0.519,0.28,0.205,0.322,0.589,0.562,0.063,0.61,0.378,0.118,0.538,-0.185,0.326,0.626,0.126,0.514,0.528,0.135,0.838,0.392,0.413,0.261,0.334,0.364,0.643,0.05,0.141,-0.426,0.158,0.035,0.088,0.815,0.3,0.628,0.91,0.417,0.362,-0.321,0.45,0.414,0.17,0.411,-0.172,0.592,0.454,0.25,0.019,0.441,0.454,0.258,0.194,0.086,0.749,0.624
ATRC,0.038,0.809,0.737,-0.198,-0.535,0.69,0.868,0.606,-0.659,0.836,0.223,-0.352,-0.045,-0.456,0.608,0.182,0.618,0.0,0.82,0.059,0.156,0.221,0.187,-0.447,0.219,0.436,0.582,-0.254,0.768,0.701,-0.476,-0.403,0.156,0.801,-0.338,0.848,-0.6,-0.479,-0.28,0.911,0.935,0.464,0.244,0.77,-0.295,-0.54,-0.425,-0.178,0.934,-0.379,0.311,0.65,0.824,-0.419,0.241,0.457,0.725,-0.562,0.597,0.759,-0.088,0.057,-0.598,0.788,0.955,-0.023,0.802,0.13,0.769,-0.201,-0.085,0.176,-0.652,0.69,-0.319,-0.178,-0.566,0.313,0.66,0.187,-0.43,0.212,0.271,-0.631,-0.239,-0.474,0.441,0.522,0.268,0.669,-0.35,-0.097,-0.19,-0.354,0.221,0.361,-0.19,0.895,-0.346,0.654,0.418,0.796,-0.085,0.696,0.119,-0.293,-0.141,0.27,0.776,0.094,0.579,0.281,0.43,-0.655,0.546,0.861,0.435,0.004,0.708,0.186,0.74,0.62,0.105,0.226,0.857,0.827,-0.014,0.666,0.404,-0.243,0.858,0.562,0.884,0.832,0.645,-0.32,-0.032,0.64,0.751,0.426,0.189,-0.372,0.84,0.541,0.579,0.554,0.828,0.389,0.78,0.024,0.834,0.036,-0.534,0.513,0.823,0.703,0.726,0.03,0.882,0.704,-0.358,0.103,0.781,0.62,0.279,0.858,-0.277,-0.344,0.7,-0.322,0.229,-0.414,-0.367,-0.057,0.696,0.464,0.619,0.6,-0.144,0.969,0.438,-0.267,-0.192,0.326,0.787,0.079,-0.362,0.615,0.281,0.865,0.703,-0.09,0.671,-0.141,0.162,-0.304,0.115,-0.316,0.79,0.756
AVGO,0.245,0.87,0.676,0.093,-0.398,0.71,0.907,0.549,-0.445,0.767,0.266,-0.247,0.182,-0.257,0.265,0.196,0.755,0.82,0.0,0.295,0.029,0.158,0.329,-0.314,0.434,0.244,0.508,-0.113,0.732,0.668,-0.177,-0.271,0.357,0.661,-0.409,0.865,-0.396,-0.271,0.04,0.773,0.87,0.341,0.488,0.808,-0.053,-0.436,-0.12,0.004,0.863,-0.233,0.272,0.415,0.806,-0.33,0.366,0.643,0.735,-0.445,0.47,0.642,0.198,0.327,-0.57,0.642,0.821,0.053,0.634,0.304,0.72,-0.013,0.1,0.375,-0.498,0.692,-0.131,-0.083,-0.397,0.541,0.579,0.346,-0.236,0.458,0.491,-0.417,-0.092,-0.195,0.45,0.665,0.456,0.612,-0.336,0.148,0.055,-0.219,0.286,0.594,-0.076,0.855,-0.181,0.781,0.528,0.781,-0.075,0.78,0.169,-0.214,0.082,0.336,0.787,0.279,0.713,0.311,0.451,-0.445,0.697,0.843,0.32,0.185,0.531,0.404,0.607,0.642,0.114,0.433,0.902,0.897,0.102,0.536,0.463,-0.175,0.708,0.598,0.703,0.738,0.63,-0.06,0.172,0.537,0.696,0.423,0.315,-0.239,0.63,0.453,0.497,0.499,0.817,0.539,0.682,0.109,0.909,0.276,-0.379,0.667,0.786,0.622,0.832,0.171,0.695,0.69,-0.168,0.267,0.84,0.567,0.437,0.76,-0.091,-0.255,0.693,-0.175,0.421,-0.348,-0.221,0.027,0.674,0.256,0.539,0.731,0.076,0.837,0.538,-0.14,-0.04,0.119,0.863,0.49,-0.322,0.565,0.274,0.846,0.799,0.154,0.57,-0.018,0.56,-0.144,0.124,-0.307,0.811,0.903
AVT,0.7,-0.09,-0.418,0.81,0.696,-0.133,-0.047,-0.48,0.597,-0.188,-0.593,0.698,0.806,0.789,-0.377,-0.473,0.642,0.059,0.295,0.0,-0.445,-0.177,0.377,0.772,0.145,0.413,-0.518,0.858,-0.31,-0.357,0.685,0.774,-0.059,-0.447,0.091,0.17,0.645,0.667,0.789,-0.171,0.043,-0.07,0.664,-0.013,0.89,0.593,0.699,0.875,0.103,0.789,0.019,-0.438,0.166,0.72,0.892,0.843,0.251,0.487,0.171,-0.15,0.951,0.754,-0.11,-0.405,-0.05,-0.088,-0.144,0.198,0.266,0.909,0.474,0.707,0.564,-0.094,0.75,0.526,0.496,0.93,-0.317,0.915,0.779,0.284,0.287,0.656,0.875,0.768,0.665,0.521,0.881,-0.449,0.64,0.956,0.493,0.812,0.33,0.761,0.849,-0.018,0.824,0.502,0.775,-0.042,0.415,0.485,0.8,0.648,0.85,0.176,-0.058,0.775,0.322,0.824,0.742,0.617,0.571,-0.003,-0.075,0.522,-0.216,0.288,-0.417,0.715,0.782,-0.059,-0.018,0.48,0.833,-0.585,-0.305,0.51,-0.318,-0.294,-0.328,-0.149,0.001,0.817,0.643,-0.31,0.08,-0.4,0.795,0.756,-0.223,-0.482,-0.515,-0.011,0.011,0.476,-0.449,0.411,0.014,0.807,0.636,0.379,-0.202,-0.502,0.136,0.082,-0.317,0.356,0.747,0.747,0.069,-0.317,0.831,-0.231,0.779,0.775,-0.128,0.777,0.673,0.683,0.752,-0.08,-0.292,-0.178,-0.216,0.574,0.825,0.041,0.817,0.821,0.869,-0.472,0.166,0.56,0.723,0.26,-0.228,0.045,0.266,0.676,-0.489,0.89,0.56,0.83,0.573,0.64,0.416,0.345
AXDX,-0.705,0.216,0.465,-0.158,-0.497,0.238,0.205,0.517,-0.477,0.329,0.492,-0.696,-0.31,-0.523,0.041,0.559,-0.382,0.156,0.029,-0.445,0.0,0.707,-0.106,-0.43,0.155,-0.389,0.563,-0.45,0.422,0.478,-0.111,-0.356,-0.029,0.438,-0.102,0.138,-0.403,-0.25,-0.356,0.235,0.152,0.388,-0.296,0.35,-0.402,-0.399,-0.468,-0.478,0.175,-0.514,-0.102,0.325,0.227,-0.583,-0.529,-0.404,0.029,-0.027,-0.039,0.074,-0.465,-0.697,0.452,0.469,0.18,0.478,0.121,0.348,0.367,-0.397,0.213,-0.304,-0.347,0.25,-0.117,-0.023,-0.004,-0.348,0.248,-0.496,-0.484,0.32,0.31,-0.317,-0.482,-0.57,-0.153,-0.059,-0.368,0.61,-0.339,-0.456,0.06,-0.449,0.072,-0.248,-0.521,0.376,-0.623,-0.177,-0.36,0.232,0.09,0.165,-0.578,-0.611,-0.595,0.272,0.246,-0.45,0.149,-0.325,-0.488,-0.399,-0.105,0.244,0.402,-0.032,0.232,0.046,0.436,-0.125,-0.284,0.496,0.307,-0.001,-0.435,0.443,0.685,-0.224,0.435,0.496,0.36,0.2,0.213,-0.639,-0.379,0.759,-0.077,0.523,-0.552,-0.335,0.15,0.435,0.399,0.376,0.16,0.253,0.426,0.038,0.21,-0.568,-0.536,-0.122,0.23,0.469,0.161,0.215,0.322,-0.18,-0.158,-0.289,0.392,0.325,-0.481,0.261,-0.741,-0.459,0.192,-0.668,-0.658,-0.36,-0.406,0.494,0.646,0.483,0.355,-0.239,-0.423,0.18,-0.48,-0.583,-0.492,0.387,0.279,-0.143,-0.491,-0.054,0.436,0.174,0.251,-0.145,0.637,-0.493,-0.049,-0.352,-0.025,-0.327,-0.008,0.082
AXSM,-0.603,0.165,0.463,0.149,-0.263,0.351,0.214,0.532,-0.311,0.387,0.353,-0.445,0.007,-0.31,0.114,0.339,-0.331,0.221,0.158,-0.177,0.707,0.0,0.297,-0.16,0.16,-0.122,0.488,-0.293,0.359,0.527,0.016,-0.177,0.253,0.423,0.056,0.222,-0.134,0.052,-0.024,0.199,0.256,0.476,-0.089,0.444,-0.14,-0.151,-0.339,-0.168,0.282,-0.188,0.087,0.443,0.365,-0.412,-0.232,-0.18,0.267,0.184,0.149,0.288,-0.216,-0.585,0.429,0.453,0.238,0.681,0.172,0.587,0.443,-0.223,0.216,-0.173,-0.103,0.17,0.179,0.182,0.265,-0.102,0.293,-0.231,-0.197,0.308,0.291,-0.145,-0.27,-0.364,-0.038,0.171,-0.059,0.513,-0.165,-0.238,0.399,-0.201,0.539,0.055,-0.227,0.43,-0.341,0.128,-0.115,0.383,0.397,0.402,-0.453,-0.435,-0.544,0.201,0.306,-0.283,0.481,0.012,-0.263,-0.341,-0.191,0.254,0.676,0.233,0.316,0.058,0.471,0.029,-0.05,0.655,0.31,0.133,-0.161,0.251,0.56,0.184,0.432,0.48,0.357,0.269,0.431,-0.393,-0.052,0.589,-0.145,0.543,-0.323,-0.008,0.228,0.501,0.348,0.466,0.194,0.55,0.348,-0.036,0.211,-0.389,-0.325,-0.111,0.269,0.381,0.175,0.413,0.31,0.14,0.025,-0.132,0.334,0.3,-0.386,0.281,-0.493,-0.266,0.215,-0.451,-0.309,-0.047,-0.108,0.687,0.562,0.299,0.58,-0.182,-0.059,0.236,-0.36,-0.401,-0.199,0.492,0.474,0.007,-0.262,0.294,0.675,0.197,0.486,0.024,0.546,-0.197,0.061,-0.126,0.381,-0.043,0.06,0.322
AZN,-0.006,0.207,0.179,0.482,0.209,0.451,0.232,0.212,0.207,0.259,0.017,0.102,0.498,0.221,-0.04,0.122,0.13,0.187,0.329,0.377,-0.106,0.297,0.0,0.212,0.549,0.058,0.14,0.082,0.168,0.319,0.362,0.116,0.626,0.11,-0.113,0.24,0.306,0.38,0.615,0.184,0.23,0.028,0.329,0.243,0.357,0.255,0.341,0.351,0.371,0.255,0.056,0.207,0.225,0.169,0.271,0.447,0.55,0.208,0.218,0.349,0.347,0.27,0.067,0.147,0.241,0.56,0.06,0.65,0.387,0.291,0.364,0.44,0.153,-0.047,0.463,0.432,0.3,0.468,0.219,0.276,0.227,0.419,0.41,0.256,0.233,0.237,0.351,0.45,0.44,0.023,0.039,0.212,0.413,0.218,0.667,0.596,0.169,0.333,0.241,0.37,0.305,0.229,0.583,0.593,0.062,0.103,0.134,0.096,0.46,0.399,0.601,0.43,0.273,0.094,0.228,0.295,0.402,0.337,0.014,0.558,0.293,0.492,0.284,0.53,0.241,0.313,0.245,-0.124,0.27,0.424,0.069,0.249,0.187,0.279,0.301,0.337,0.454,0.14,-0.03,0.38,0.421,0.311,0.169,0.354,0.15,0.231,0.302,0.693,0.094,-0.071,0.229,0.497,0.159,0.457,0.313,0.107,0.354,0.611,0.144,0.471,0.241,0.383,0.222,0.284,0.105,0.238,0.141,0.044,0.364,0.071,0.444,0.159,0.287,0.508,0.19,0.078,0.404,0.382,0.51,0.17,0.145,0.064,0.353,0.347,0.504,0.447,0.104,0.578,0.376,0.227,0.514,0.5,0.138,0.221,0.513,0.224,0.341,0.095,0.372,0.464
BANR,0.507,-0.664,-0.81,0.761,0.953,-0.597,-0.625,-0.742,0.86,-0.614,-0.72,0.871,0.721,0.938,-0.499,-0.648,0.119,-0.447,-0.314,0.772,-0.43,-0.16,0.212,0.0,-0.125,0.326,-0.806,0.9,-0.74,-0.733,0.76,0.968,-0.269,-0.824,0.501,-0.336,0.93,0.888,0.784,-0.654,-0.491,-0.142,0.352,-0.491,0.928,0.899,0.711,0.895,-0.426,0.951,-0.009,-0.586,-0.287,0.929,0.678,0.413,-0.133,0.844,0.006,-0.519,0.81,0.464,0.255,-0.753,-0.536,-0.079,-0.467,0.031,-0.191,0.882,0.354,0.474,0.924,-0.531,0.854,0.558,0.801,0.542,-0.617,0.707,0.965,-0.066,-0.087,0.922,0.93,0.894,0.335,0.171,0.632,-0.807,0.896,0.832,0.583,0.959,0.246,0.409,0.922,-0.526,0.928,0.098,0.491,-0.443,0.546,-0.0,0.68,0.806,0.711,-0.087,-0.548,0.551,-0.057,0.662,0.487,0.835,0.031,-0.555,-0.178,0.542,-0.418,-0.038,-0.745,0.286,0.698,-0.28,-0.582,-0.075,0.82,-0.919,-0.616,0.746,-0.744,-0.659,-0.744,-0.574,-0.294,0.855,0.612,-0.655,-0.374,-0.627,0.593,0.965,-0.541,-0.721,-0.768,-0.222,-0.54,0.145,-0.855,0.334,-0.561,0.593,0.914,-0.141,-0.675,-0.862,-0.407,0.018,-0.718,-0.005,0.846,0.618,-0.476,-0.64,0.491,-0.673,0.823,0.944,-0.621,0.888,0.431,0.956,0.927,-0.031,-0.711,-0.383,-0.462,0.038,0.796,-0.454,0.416,0.897,0.908,-0.425,-0.337,0.236,0.929,-0.066,-0.317,-0.506,-0.219,0.496,-0.821,0.885,0.142,0.944,0.592,0.9,-0.113,-0.18
BBIO,-0.089,0.412,0.355,0.31,-0.076,0.496,0.401,0.449,0.036,0.44,0.424,-0.249,0.276,-0.069,-0.125,0.421,0.137,0.219,0.434,0.145,0.155,0.16,0.549,-0.125,0.0,-0.248,0.381,-0.179,0.433,0.473,0.217,-0.116,0.618,0.28,-0.239,0.291,0.018,0.092,0.37,0.386,0.272,0.1,0.374,0.402,0.077,-0.106,0.225,0.01,0.411,-0.103,0.149,0.242,0.238,-0.1,-0.012,0.297,0.527,0.008,0.169,0.239,0.185,0.198,0.095,0.36,0.307,0.478,0.131,0.598,0.471,0.069,0.529,0.574,-0.121,0.278,0.154,0.274,0.063,0.308,0.321,0.056,-0.096,0.563,0.561,0.018,-0.03,0.014,0.189,0.474,0.286,0.346,-0.19,0.016,0.287,-0.078,0.436,0.43,-0.171,0.428,-0.08,0.271,0.223,0.375,0.349,0.506,-0.126,-0.113,-0.009,0.357,0.599,0.291,0.469,0.111,0.069,-0.061,0.424,0.471,0.315,0.296,0.098,0.726,0.441,0.439,0.006,0.607,0.416,0.349,0.006,0.212,0.576,0.112,0.211,0.536,0.322,0.407,0.223,0.084,0.264,0.363,0.133,0.58,0.123,-0.04,0.186,0.454,0.471,0.504,0.377,0.572,0.36,-0.003,0.429,0.372,-0.087,0.481,0.465,0.397,0.555,0.679,0.273,0.288,-0.011,0.294,0.411,0.541,-0.051,0.363,-0.144,-0.231,0.393,-0.227,0.217,-0.243,-0.103,0.491,0.404,0.339,0.28,0.346,0.25,0.254,0.028,-0.195,0.049,0.411,0.568,0.6,-0.228,0.324,0.307,0.266,0.446,0.32,0.345,-0.153,0.508,-0.003,0.014,-0.195,0.467,0.552
BCYC,0.485,-0.037,-0.112,0.086,0.264,-0.118,0.088,-0.158,0.044,0.223,-0.475,0.549,0.358,0.287,0.478,-0.734,0.542,0.436,0.244,0.413,-0.389,-0.122,0.058,0.326,-0.248,0.0,-0.323,0.41,-0.005,-0.122,-0.21,0.354,-0.292,0.023,0.48,0.357,0.144,0.102,0.081,0.216,0.348,0.474,0.366,0.026,0.266,0.263,-0.107,0.496,0.31,0.411,0.577,0.284,0.4,0.424,0.731,0.482,0.377,-0.001,0.747,0.22,0.314,0.224,-0.528,0.083,0.361,-0.468,0.529,-0.366,0.198,0.252,-0.313,0.242,0.182,0.06,0.091,-0.022,-0.08,0.371,0.128,0.63,0.375,-0.508,-0.467,0.032,0.404,0.261,0.331,0.392,0.538,-0.197,0.503,0.411,0.132,0.405,0.194,0.306,0.577,0.131,0.433,0.621,0.717,0.304,0.074,0.2,0.698,0.57,0.311,-0.238,0.01,0.277,0.151,0.645,0.812,-0.081,0.108,0.011,0.134,0.354,0.522,-0.401,-0.049,0.466,0.518,-0.416,0.049,0.402,0.653,-0.121,-0.54,0.409,0.074,-0.33,0.121,0.276,0.369,0.309,0.41,-0.225,0.489,-0.43,0.6,0.374,0.468,-0.238,-0.109,0.253,0.079,-0.003,-0.06,0.072,0.155,0.27,0.342,-0.043,0.053,-0.135,0.063,-0.359,0.208,0.637,0.115,0.462,-0.017,-0.09,0.502,0.197,0.523,0.49,-0.156,0.532,0.498,0.443,0.395,-0.461,-0.223,-0.131,0.131,0.218,0.287,0.452,0.614,0.534,0.446,-0.013,0.087,-0.093,0.489,0.35,-0.121,0.197,0.073,-0.205,-0.215,0.536,-0.296,0.389,0.543,0.534,0.359,0.239
BHFAP,-0.513,0.759,0.907,-0.402,-0.839,0.789,0.745,0.915,-0.791,0.736,0.751,-0.853,-0.471,-0.813,0.372,0.75,-0.049,0.582,0.508,-0.518,0.563,0.488,0.14,-0.806,0.381,-0.323,0.0,-0.776,0.828,0.875,-0.484,-0.814,0.45,0.888,-0.543,0.531,-0.766,-0.605,-0.468,0.747,0.63,0.272,-0.241,0.705,-0.696,-0.766,-0.542,-0.715,0.627,-0.813,0.007,0.659,0.508,-0.857,-0.515,-0.155,0.45,-0.552,0.109,0.662,-0.582,-0.381,-0.09,0.84,0.674,0.453,0.488,0.411,0.481,-0.641,-0.032,-0.193,-0.805,0.584,-0.477,-0.234,-0.501,-0.264,0.716,-0.525,-0.819,0.427,0.445,-0.772,-0.748,-0.824,-0.04,0.128,-0.34,0.877,-0.789,-0.665,-0.233,-0.795,0.106,-0.047,-0.768,0.752,-0.825,0.128,-0.307,0.571,-0.086,0.4,-0.622,-0.806,-0.68,0.33,0.75,-0.362,0.414,-0.347,-0.338,-0.782,0.143,0.75,0.462,-0.264,0.46,0.33,0.903,0.025,-0.493,0.606,0.754,0.323,-0.624,0.821,0.831,-0.476,0.839,0.878,0.844,0.677,0.458,-0.718,-0.36,0.846,0.29,0.867,-0.448,-0.724,0.602,0.89,0.808,0.449,0.697,0.309,0.904,-0.156,0.658,-0.383,-0.862,0.328,0.81,0.919,0.565,0.337,0.798,0.237,-0.625,-0.424,0.69,0.795,-0.399,0.764,-0.834,-0.864,0.772,-0.879,-0.288,-0.805,-0.758,0.436,0.889,0.5,0.688,0.178,-0.539,0.588,-0.328,-0.852,-0.693,0.581,0.649,-0.003,-0.875,0.399,0.566,0.608,0.543,-0.157,0.945,-0.737,0.152,-0.741,-0.275,-0.764,0.346,0.493
BKR,0.663,-0.471,-0.716,0.709,0.834,-0.527,-0.432,-0.736,0.711,-0.511,-0.765,0.831,0.669,0.877,-0.472,-0.671,0.406,-0.254,-0.113,0.858,-0.45,-0.293,0.082,0.9,-0.179,0.41,-0.776,0.0,-0.64,-0.719,0.674,0.914,-0.413,-0.724,0.325,-0.135,0.758,0.691,0.652,-0.513,-0.298,-0.162,0.442,-0.35,0.879,0.73,0.637,0.864,-0.28,0.882,-0.073,-0.616,-0.158,0.859,0.791,0.565,-0.116,0.619,0.055,-0.473,0.839,0.565,0.067,-0.678,-0.381,-0.264,-0.358,-0.098,-0.078,0.903,0.298,0.462,0.743,-0.369,0.738,0.455,0.589,0.656,-0.585,0.806,0.875,0.005,0.013,0.778,0.901,0.828,0.495,0.194,0.663,-0.723,0.819,0.91,0.401,0.907,0.073,0.427,0.926,-0.394,0.876,0.21,0.597,-0.347,0.319,0.083,0.841,0.778,0.82,0.025,-0.492,0.6,-0.096,0.7,0.619,0.749,0.252,-0.411,-0.312,0.417,-0.37,-0.06,-0.739,0.416,0.744,-0.391,-0.393,0.142,0.835,-0.799,-0.577,0.509,-0.6,-0.624,-0.634,-0.497,-0.215,0.793,0.528,-0.548,-0.17,-0.725,0.655,0.829,-0.455,-0.793,-0.801,-0.228,-0.379,0.141,-0.743,0.527,-0.375,0.583,0.784,0.023,-0.593,-0.791,-0.252,-0.197,-0.6,0.079,0.777,0.613,-0.268,-0.61,0.7,-0.55,0.827,0.932,-0.49,0.886,0.423,0.847,0.802,-0.257,-0.607,-0.29,-0.483,0.23,0.718,-0.261,0.64,0.941,0.864,-0.654,-0.272,0.244,0.891,-0.024,-0.381,-0.332,-0.167,0.518,-0.759,0.931,0.228,0.886,0.542,0.805,0.025,-0.061
BLDP,-0.284,0.861,0.888,-0.339,-0.778,0.772,0.885,0.854,-0.745,0.909,0.661,-0.683,-0.302,-0.674,0.478,0.509,0.292,0.768,0.732,-0.31,0.422,0.359,0.168,-0.74,0.433,-0.005,0.828,-0.64,0.0,0.886,-0.512,-0.696,0.357,0.918,-0.414,0.707,-0.754,-0.598,-0.373,0.904,0.819,0.491,0.094,0.758,-0.565,-0.716,-0.527,-0.474,0.818,-0.695,0.328,0.692,0.714,-0.71,-0.187,0.108,0.619,-0.626,0.389,0.669,-0.378,-0.182,-0.345,0.912,0.863,0.2,0.786,0.265,0.643,-0.537,-0.022,0.0,-0.779,0.724,-0.463,-0.255,-0.603,-0.024,0.764,-0.215,-0.684,0.326,0.353,-0.739,-0.578,-0.644,0.073,0.441,-0.047,0.897,-0.607,-0.445,-0.132,-0.639,0.161,0.117,-0.585,0.861,-0.662,0.444,0.058,0.744,-0.166,0.56,-0.35,-0.574,-0.412,0.293,0.872,-0.264,0.574,-0.085,-0.017,-0.791,0.373,0.818,0.426,-0.019,0.711,0.262,0.883,0.254,-0.278,0.502,0.861,0.566,-0.359,0.84,0.704,-0.395,0.881,0.803,0.914,0.882,0.612,-0.558,-0.103,0.788,0.692,0.733,-0.153,-0.622,0.796,0.773,0.838,0.623,0.76,0.353,0.939,-0.193,0.856,-0.178,-0.713,0.431,0.89,0.957,0.675,0.227,0.917,0.48,-0.578,-0.091,0.785,0.809,-0.112,0.899,-0.597,-0.676,0.738,-0.662,-0.046,-0.716,-0.613,0.172,0.855,0.469,0.726,0.402,-0.415,0.81,0.019,-0.64,-0.516,0.556,0.745,0.193,-0.731,0.484,0.473,0.835,0.655,-0.204,0.878,-0.547,0.187,-0.57,-0.151,-0.655,0.613,0.632
BLFS,-0.443,0.829,0.941,-0.3,-0.747,0.855,0.831,0.886,-0.721,0.869,0.655,-0.75,-0.215,-0.726,0.488,0.625,0.102,0.701,0.668,-0.357,0.478,0.527,0.319,-0.733,0.473,-0.122,0.875,-0.719,0.886,0.0,-0.449,-0.727,0.571,0.918,-0.41,0.64,-0.67,-0.524,-0.32,0.822,0.737,0.412,0.029,0.793,-0.553,-0.685,-0.5,-0.517,0.771,-0.686,0.191,0.759,0.638,-0.775,-0.313,0.019,0.595,-0.548,0.298,0.748,-0.429,-0.303,-0.234,0.907,0.772,0.393,0.594,0.434,0.616,-0.58,0.001,-0.06,-0.739,0.611,-0.431,-0.241,-0.479,-0.076,0.765,-0.345,-0.69,0.356,0.369,-0.707,-0.638,-0.681,-0.004,0.303,-0.129,0.904,-0.709,-0.499,-0.113,-0.705,0.343,0.162,-0.642,0.86,-0.694,0.359,-0.063,0.757,-0.056,0.555,-0.504,-0.673,-0.56,0.189,0.872,-0.186,0.617,-0.205,-0.155,-0.777,0.215,0.814,0.579,-0.075,0.579,0.35,0.936,0.201,-0.359,0.709,0.837,0.475,-0.462,0.831,0.791,-0.314,0.874,0.833,0.888,0.817,0.641,-0.589,-0.234,0.812,0.436,0.835,-0.246,-0.6,0.709,0.906,0.858,0.551,0.781,0.42,0.923,-0.251,0.821,-0.244,-0.757,0.379,0.91,0.92,0.703,0.369,0.839,0.417,-0.506,-0.202,0.739,0.798,-0.256,0.854,-0.668,-0.771,0.776,-0.739,-0.083,-0.696,-0.612,0.391,0.904,0.431,0.763,0.244,-0.353,0.705,-0.166,-0.735,-0.564,0.63,0.82,0.142,-0.762,0.446,0.585,0.73,0.719,-0.184,0.934,-0.582,0.22,-0.626,-0.133,-0.632,0.523,0.667
BLKB,0.266,-0.399,-0.576,0.822,0.733,-0.298,-0.425,-0.507,0.756,-0.519,-0.421,0.463,0.623,0.736,-0.79,-0.095,0.023,-0.476,-0.177,0.685,-0.111,0.016,0.362,0.76,0.217,-0.21,-0.484,0.674,-0.512,-0.449,0.0,0.739,-0.013,-0.683,0.072,-0.339,0.77,0.823,0.839,-0.583,-0.462,-0.356,0.318,-0.283,0.833,0.671,0.811,0.652,-0.355,0.681,-0.349,-0.706,-0.304,0.615,0.365,0.363,-0.156,0.793,-0.34,-0.533,0.75,0.427,0.51,-0.635,-0.543,0.306,-0.642,0.451,0.005,0.806,0.717,0.484,0.713,-0.397,0.882,0.664,0.818,0.566,-0.603,0.457,0.709,0.472,0.428,0.868,0.711,0.746,0.327,0.164,0.478,-0.5,0.553,0.699,0.59,0.708,0.284,0.433,0.596,-0.336,0.643,-0.08,0.224,-0.436,0.53,0.203,0.319,0.402,0.611,0.233,-0.287,0.501,0.117,0.427,0.126,0.824,0.243,-0.306,-0.146,0.447,-0.632,0.415,-0.56,0.278,0.486,0.163,-0.361,-0.01,0.509,-0.735,-0.077,0.491,-0.592,-0.282,-0.636,-0.538,-0.289,0.676,0.412,-0.304,-0.47,-0.232,0.369,0.742,-0.693,-0.459,-0.607,-0.233,-0.34,0.395,-0.65,0.359,-0.38,0.533,0.625,0.113,-0.509,-0.623,-0.211,0.362,-0.67,-0.216,0.839,0.494,-0.211,-0.438,0.344,-0.599,0.482,0.625,-0.333,0.523,0.216,0.628,0.69,0.341,-0.353,-0.156,-0.422,0.174,0.716,-0.494,0.239,0.58,0.677,-0.408,-0.107,0.501,0.578,-0.095,-0.156,-0.349,0.048,0.749,-0.519,0.621,0.558,0.736,0.344,0.513,-0.024,-0.066
