,ABAT,ACLS,ACMR,ADMA,ADUS,ADVM,AEIS,AGNCM,AHCO,ALGT,ALLO,AMSF,ANAB,ANDE,APLS,APPF,ASML,ATRC,AVGO,AVT,AXDX,AXSM,AZN,BANR,BBIO,BCYC,BHFAP,BKR,BLDP,BLFS,BLKB,BLMN,BNTX,BPMC,CALM,CAMT,CASH,CATY,CCEP,CDLX,CDNS,CENN,CENX,CGC,CHDN,CLBK,COKE,COLB,COO,CORT,CRMT,CRNX,CRTO,CRVL,CSCO,CSQ,CSWI,CVBF,CWST,CYCC,CZR,DLTR,DORM,ENTA,EQIX,ERIC,EVRG,EWBC,EXAS,EXLS,EXPI,EYE,FBNC,FBRX,FCNCA,FELE,FIBK,FLEX,FRGT,FRHC,FRME,FWONA,FWONK,GDEN,GIII,GILD,GLNG,GNTX,GOOGL,GRPN,HCSG,HIMX,HOPE,HST,HTLD,HUT,HWC,ICUI,IESC,INTC,INTU,IOVA,IPAR,IPGP,ISRG,JBSS,KALU,KPRX,KRNT,LAUR,LBRDA,LBTYK,LECO,LILAK,LITE,MANH,MDXG,MFIC,MGEE,MIDD,MLAB,MMSI,MNKD,MOMO,MRVL,NICE,NMFC,NUWE,NVCR,NWBI,OFIX,OFLX,OMCL,OPK,ORKA,ORLY,OTTR,PDD,PNTG,POOL,POWL,PPBI,PPC,PRAA,PRPL,PZZA,QTRX,QURE,RDFN,RDHL,REAL,REG,REYN,RGLD,RIOT,RUN,RYTM,SAIA,SBAC,SBRA,SCVL,SHOO,SLAB,SLDB,SMCI,SMTC,SRCE,SSP,SSRM,STBA,STRO,SVC,SYBT,TCBI,TCOM,TENX,TH,TMUS,TNDM,TTD,TTMI,UAL,ULH,ULTA,VCYT,VIRT,VKTX,VOD,VRDN,VREX,VRNT,VSAT,WB,WBD,WDC,WEN,WSFS,XXII,Z,ZBRA
ABAT,0.0,-0.659,-0.083,-0.739,0.156,0.772,-0.295,-0.459,-0.342,0.647,0.785,0.374,0.004,0.742,-0.377,0.823,-0.523,0.799,-0.585,0.519,0.769,-0.867,-0.881,0.747,0.164,-0.764,-0.566,0.576,0.762,0.724,0.045,0.812,-0.493,-0.73,-0.781,0.552,0.542,0.601,-0.745,-0.38,0.154,0.936,0.418,0.585,0.153,0.794,-0.752,0.857,-0.461,0.907,-0.648,0.498,-0.59,0.436,-0.604,0.1,0.523,0.421,-0.335,0.81,0.025,0.835,0.332,0.687,-0.751,-0.764,-0.615,0.607,-0.604,0.679,-0.206,0.572,0.267,0.199,0.557,0.739,0.845,-0.816,0.719,-0.609,0.532,-0.615,-0.667,0.713,0.731,-0.85,0.304,0.794,0.473,0.796,0.755,-0.228,0.546,0.437,-0.223,0.729,0.487,0.354,-0.108,0.713,-0.407,-0.245,-0.839,-0.155,-0.682,0.334,0.808,0.555,0.705,0.467,0.199,0.576,0.323,0.889,0.499,0.431,0.355,0.431,-0.32,-0.007,0.391,-0.639,-0.834,-0.604,0.345,-0.079,0.11,0.004,0.232,0.687,-0.863,-0.818,0.809,0.848,-0.838,0.166,-0.859,-0.861,-0.162,0.052,-0.827,0.739,0.316,-0.17,-0.237,-0.193,-0.759,-0.174,-0.135,0.899,0.344,-0.309,-0.099,-0.698,0.336,0.442,-0.586,0.418,0.112,-0.701,0.358,0.021,-0.089,0.613,0.015,0.141,0.887,-0.064,-0.747,0.909,0.063,-0.104,0.794,-0.007,-0.761,-0.268,-0.883,0.365,-0.685,0.211,-0.609,-0.079,0.678,-0.84,-0.227,0.061,0.765,0.703,-0.783,0.859,0.599,0.83,-0.735,-0.019,0.521,-0.903,0.468,0.84,-0.017,0.127
ACLS,-0.659,0.0,0.582,0.793,-0.08,-0.347,0.768,0.343,0.429,-0.378,-0.569,-0.338,0.295,-0.441,0.643,-0.507,0.884,-0.32,0.888,-0.057,-0.539,0.571,0.721,-0.442,0.007,0.526,0.345,-0.307,-0.344,-0.303,0.117,-0.366,0.556,0.434,0.475,-0.168,-0.034,-0.34,0.807,0.653,0.212,-0.695,-0.218,-0.542,0.346,-0.395,0.815,-0.577,0.597,-0.76,0.767,-0.554,0.57,-0.038,0.584,0.23,-0.172,-0.306,0.459,-0.542,0.387,-0.552,-0.177,-0.3,0.669,0.774,0.775,-0.18,0.586,-0.265,0.306,-0.211,-0.261,0.071,-0.29,-0.189,-0.61,0.828,-0.508,0.699,-0.207,0.677,0.702,-0.364,-0.495,0.675,-0.04,-0.38,-0.216,-0.52,-0.345,0.487,-0.165,-0.037,0.476,-0.456,-0.237,0.185,-0.117,-0.186,0.745,0.02,0.565,0.679,0.855,-0.178,-0.481,-0.49,-0.398,-0.206,0.258,-0.16,0.249,-0.625,0.062,0.078,-0.031,0.098,0.646,0.381,-0.134,0.889,0.772,0.725,0.157,0.402,0.453,-0.077,0.028,-0.387,0.62,0.73,-0.318,-0.583,0.837,-0.096,0.726,0.597,0.116,0.406,0.754,-0.462,-0.33,0.249,0.293,0.632,0.703,0.068,0.292,-0.658,-0.279,0.558,0.056,0.551,-0.204,-0.028,0.566,-0.001,0.288,0.515,-0.164,0.159,0.657,-0.365,0.253,0.445,-0.551,0.159,0.617,-0.609,0.225,0.625,-0.382,0.254,0.539,0.118,0.724,-0.387,0.533,0.147,0.858,0.002,-0.368,0.63,0.518,-0.001,-0.55,-0.531,0.591,-0.54,-0.213,-0.502,0.705,0.302,0.04,0.678,-0.191,-0.628,0.13,0.146
ACMR,-0.083,0.582,0.0,0.373,-0.004,0.003,0.684,0.171,0.343,0.049,-0.28,-0.278,0.614,-0.141,0.219,0.176,0.644,0.305,0.484,0.2,0.092,0.067,0.132,-0.176,0.586,0.307,-0.079,0.406,0.31,0.254,0.338,0.103,0.552,0.029,-0.148,0.47,0.211,0.002,0.206,0.73,0.418,-0.097,0.257,0.075,0.583,0.119,0.228,-0.129,0.496,-0.252,0.274,-0.164,0.361,0.255,0.006,0.294,0.145,-0.297,-0.06,0.148,0.824,0.191,-0.152,0.365,0.262,0.363,0.399,0.16,0.522,-0.127,0.504,0.302,-0.477,0.219,0.029,0.175,-0.257,0.282,0.003,0.291,-0.165,0.161,0.16,0.088,-0.163,0.088,0.197,0.059,0.254,0.114,0.135,0.45,0.031,0.18,0.185,0.251,-0.11,0.548,-0.07,0.412,0.669,0.331,0.086,0.758,0.554,-0.304,0.145,0.171,0.315,0.32,0.479,0.269,0.356,0.039,0.54,0.491,0.493,0.177,0.199,0.332,0.441,0.411,0.28,0.474,0.468,0.683,0.411,-0.156,0.524,-0.169,0.232,0.291,0.303,0.148,0.291,-0.337,0.102,0.22,0.503,0.599,0.286,-0.095,-0.464,0.167,0.488,0.638,0.437,-0.269,0.296,-0.034,0.4,0.264,-0.178,0.131,0.403,0.327,0.505,0.599,0.387,0.054,-0.177,0.209,0.723,-0.061,0.005,0.665,-0.044,0.338,0.223,-0.089,0.167,0.563,-0.049,0.131,0.34,-0.183,0.142,-0.347,0.27,0.596,0.405,0.096,0.139,0.076,0.774,0.028,0.053,-0.154,0.203,0.118,0.228,0.042,0.503,0.324,0.453,0.069,0.163,0.035,0.534,0.091
ADMA,-0.739,0.793,0.373,0.0,-0.262,-0.602,0.545,0.199,0.372,-0.581,-0.741,-0.497,0.302,-0.563,0.471,-0.666,0.633,-0.42,0.711,-0.354,-0.492,0.644,0.701,-0.6,0.063,0.546,0.222,-0.351,-0.489,-0.329,0.016,-0.399,0.679,0.372,0.418,-0.276,-0.327,-0.464,0.661,0.699,0.036,-0.744,-0.321,-0.613,0.126,-0.606,0.839,-0.68,0.43,-0.79,0.593,-0.66,0.567,-0.154,0.39,-0.061,-0.364,-0.511,0.206,-0.531,0.317,-0.545,-0.439,-0.389,0.546,0.709,0.851,-0.267,0.559,-0.468,0.313,-0.401,-0.474,-0.157,-0.433,-0.47,-0.724,0.793,-0.482,0.546,-0.411,0.497,0.55,-0.629,-0.521,0.63,-0.174,-0.575,-0.493,-0.614,-0.596,0.354,-0.405,-0.153,0.153,-0.507,-0.269,-0.069,-0.321,-0.432,0.622,0.105,0.536,0.567,0.751,-0.49,-0.583,-0.348,-0.424,-0.249,0.085,-0.376,0.017,-0.715,0.005,-0.077,-0.08,-0.242,0.313,0.136,-0.151,0.76,0.764,0.834,-0.077,0.423,0.123,-0.079,0.099,-0.514,0.692,0.784,-0.441,-0.594,0.871,-0.254,0.679,0.709,0.193,0.315,0.807,-0.587,-0.479,-0.054,0.449,0.574,0.705,-0.089,0.029,-0.672,-0.209,0.34,-0.093,0.465,-0.181,-0.285,0.543,-0.062,0.0,0.41,-0.45,-0.213,0.469,-0.465,0.09,0.185,-0.723,-0.064,0.562,-0.706,0.12,0.491,-0.526,0.112,0.69,0.081,0.673,-0.643,0.698,0.052,0.738,-0.209,-0.565,0.642,0.418,-0.331,-0.587,-0.684,0.648,-0.596,-0.442,-0.64,0.799,0.183,-0.056,0.656,-0.263,-0.722,0.021,-0.101
ADUS,0.156,-0.08,-0.004,-0.262,0.0,0.155,0.225,0.513,0.535,0.603,0.273,0.738,-0.256,0.361,0.268,0.35,0.234,0.169,0.155,0.599,-0.113,0.155,0.084,0.536,-0.065,-0.04,0.498,0.273,0.433,0.21,0.678,-0.076,0.038,0.369,0.245,0.177,0.299,0.713,0.251,-0.257,0.653,0.073,0.64,0.449,0.226,0.346,-0.095,0.439,0.414,0.282,0.195,0.369,0.257,0.599,0.36,0.775,0.572,0.711,0.54,0.013,0.196,-0.072,0.709,0.086,0.341,0.201,-0.446,0.32,0.067,0.442,0.431,0.362,0.631,-0.073,0.521,0.263,0.325,0.085,-0.06,0.444,0.47,0.39,0.34,0.567,-0.116,0.186,0.348,0.482,0.727,0.392,0.376,0.503,0.549,0.534,0.525,0.298,0.597,0.497,0.341,0.347,0.179,-0.128,0.189,-0.164,0.105,0.272,0.373,-0.121,0.124,0.047,0.464,0.506,0.113,0.294,-0.067,0.492,0.406,0.39,0.157,0.679,-0.192,0.049,0.191,-0.422,0.567,-0.155,0.06,0.63,0.085,0.538,-0.015,-0.295,0.106,0.01,-0.244,0.632,0.101,0.062,0.067,0.007,-0.453,0.498,0.541,0.479,-0.061,-0.134,0.16,0.694,0.751,-0.02,0.191,0.202,0.72,0.373,0.363,0.667,0.203,0.029,0.482,0.411,0.53,0.677,0.069,0.486,0.427,0.273,0.279,0.535,0.313,0.228,-0.476,0.081,0.329,0.626,-0.011,0.252,0.004,0.676,0.028,0.564,0.186,0.244,0.581,0.163,0.164,0.309,0.402,0.599,0.082,0.041,0.671,0.488,-0.167,0.56,0.0,0.122,0.672,0.356,0.559,0.759
ADVM,0.772,-0.347,0.003,-0.602,0.155,0.0,-0.111,-0.41,-0.347,0.573,0.765,0.344,0.009,0.714,-0.021,0.583,-0.294,0.673,-0.373,0.549,0.615,-0.72,-0.701,0.71,0.034,-0.719,-0.487,0.39,0.609,0.559,-0.009,0.7,-0.573,-0.609,-0.599,0.411,0.627,0.512,-0.524,-0.409,0.067,0.769,0.322,0.362,0.295,0.724,-0.609,0.764,-0.378,0.749,-0.29,0.409,-0.543,0.392,-0.359,0.181,0.465,0.519,-0.102,0.609,-0.005,0.597,0.328,0.523,-0.59,-0.645,-0.553,0.589,-0.585,0.695,-0.271,0.516,0.378,0.416,0.538,0.773,0.8,-0.634,0.446,-0.391,0.604,-0.408,-0.444,0.765,0.739,-0.689,0.399,0.733,0.316,0.648,0.771,-0.046,0.622,0.463,0.052,0.548,0.446,0.355,-0.036,0.662,-0.344,-0.403,-0.739,-0.049,-0.565,0.449,0.648,0.235,0.536,0.461,0.192,0.58,0.353,0.676,0.417,0.317,0.196,0.622,-0.027,0.072,0.203,-0.44,-0.627,-0.578,0.404,-0.263,0.268,-0.018,-0.021,0.648,-0.804,-0.74,0.622,0.613,-0.605,0.215,-0.623,-0.802,-0.22,0.056,-0.667,0.69,0.441,-0.049,-0.43,-0.132,-0.62,-0.013,-0.043,0.716,0.113,-0.019,-0.046,-0.559,0.125,0.458,-0.485,0.324,0.155,-0.467,0.521,0.186,-0.025,0.598,0.259,0.258,0.802,-0.063,-0.606,0.785,0.202,0.065,0.741,0.074,-0.779,-0.11,-0.644,0.446,-0.694,0.054,-0.444,0.016,0.6,-0.722,-0.23,0.258,0.581,0.617,-0.754,0.593,0.463,0.677,-0.705,0.048,0.567,-0.708,0.313,0.647,-0.143,0.248
AEIS,-0.295,0.768,0.684,0.545,0.225,-0.111,0.0,0.455,0.651,0.093,-0.322,-0.048,0.451,-0.08,0.476,-0.013,0.837,0.176,0.82,0.444,-0.154,0.277,0.429,-0.021,0.289,0.339,0.303,0.205,0.163,0.227,0.438,-0.084,0.447,0.284,0.25,0.326,0.364,0.153,0.62,0.663,0.619,-0.33,0.319,-0.15,0.501,0.086,0.558,-0.122,0.741,-0.369,0.641,-0.202,0.505,0.419,0.329,0.555,0.079,0.0,0.381,-0.147,0.728,-0.196,0.065,0.114,0.591,0.656,0.53,0.331,0.581,-0.015,0.596,0.194,-0.116,0.093,0.168,0.159,-0.254,0.626,-0.219,0.665,0.129,0.597,0.583,0.044,-0.35,0.408,0.384,0.067,0.233,-0.035,0.093,0.664,0.275,0.352,0.494,0.052,0.225,0.637,-0.144,0.27,0.907,0.085,0.354,0.788,0.754,-0.082,0.001,-0.158,0.087,0.175,0.613,0.313,0.552,-0.155,0.364,0.611,0.465,0.342,0.519,0.654,0.131,0.745,0.616,0.49,0.463,0.534,0.529,0.059,0.428,0.029,0.423,0.438,0.134,-0.158,0.513,0.014,0.458,0.325,0.319,0.769,0.374,0.027,-0.212,0.417,0.412,0.753,0.64,0.082,0.362,-0.323,0.141,0.532,0.079,0.542,0.227,0.298,0.597,0.412,0.604,0.409,-0.073,0.397,0.819,-0.021,0.282,0.714,-0.161,0.407,0.566,-0.193,0.14,0.742,-0.008,0.639,0.358,0.088,0.41,-0.196,0.443,0.559,0.765,0.038,0.115,0.374,0.727,0.159,-0.017,-0.131,0.388,-0.112,0.286,0.024,0.474,0.572,0.377,0.387,0.366,-0.213,0.424,0.402
AGNCM,-0.459,0.343,0.171,0.199,0.513,-0.41,0.455,0.0,0.673,-0.0,-0.335,0.2,-0.12,-0.348,0.269,-0.13,0.56,-0.286,0.473,0.199,-0.492,0.596,0.651,-0.195,0.102,0.638,0.865,-0.077,-0.09,-0.31,0.449,-0.624,0.317,0.774,0.677,-0.062,-0.162,0.077,0.622,0.146,0.418,-0.51,0.259,0.082,-0.054,-0.152,0.33,-0.283,0.74,-0.38,0.573,0.148,0.622,0.079,0.599,0.488,0.02,0.167,0.498,-0.506,0.211,-0.481,0.338,-0.212,0.803,0.692,0.068,-0.201,0.672,-0.278,0.538,0.044,0.156,-0.076,0.045,-0.311,-0.361,0.601,-0.309,0.733,-0.061,0.666,0.681,-0.044,-0.697,0.699,0.06,-0.199,0.402,-0.161,-0.155,0.333,-0.025,-0.039,0.459,-0.155,-0.006,0.21,0.52,-0.114,0.482,0.34,0.746,0.01,0.586,0.008,-0.265,-0.358,-0.28,-0.161,0.11,-0.063,0.018,-0.318,-0.272,0.158,0.15,-0.072,0.307,0.431,-0.197,0.414,0.676,0.056,0.128,0.104,0.012,0.265,0.102,-0.183,0.674,0.427,-0.344,-0.415,0.302,0.231,0.616,0.607,0.297,0.107,0.261,-0.135,0.027,0.689,0.262,0.008,0.674,0.445,0.565,-0.567,0.084,0.288,0.493,0.835,0.185,0.046,0.606,-0.193,0.257,0.747,0.058,0.585,0.213,-0.073,-0.008,0.107,-0.388,0.481,0.836,-0.41,-0.171,0.09,-0.433,0.414,0.577,0.405,0.619,0.283,0.533,0.323,0.535,0.371,0.018,0.698,0.374,0.361,-0.14,-0.046,0.639,-0.407,0.157,-0.152,0.396,0.376,-0.365,0.653,0.14,-0.242,0.528,0.285
AHCO,-0.342,0.429,0.343,0.372,0.535,-0.347,0.651,0.673,0.0,0.18,-0.36,0.164,0.224,-0.156,0.274,-0.026,0.637,-0.053,0.571,0.312,-0.268,0.478,0.515,-0.043,0.339,0.492,0.58,0.156,0.155,0.089,0.65,-0.327,0.489,0.606,0.437,0.254,0.024,0.307,0.577,0.456,0.7,-0.364,0.443,0.163,0.191,-0.027,0.47,-0.099,0.744,-0.318,0.578,-0.005,0.727,0.466,0.378,0.657,0.137,0.16,0.358,-0.207,0.582,-0.274,0.243,-0.017,0.652,0.722,0.216,0.171,0.72,-0.097,0.843,0.111,0.045,-0.17,0.299,-0.167,-0.255,0.553,-0.193,0.742,0.016,0.62,0.609,-0.013,-0.606,0.538,0.33,0.04,0.418,0.065,-0.024,0.665,0.234,0.256,0.347,0.115,0.297,0.404,0.137,0.163,0.71,0.287,0.586,0.384,0.643,-0.257,0.014,-0.11,0.026,0.105,0.485,0.239,0.15,-0.128,0.065,0.508,0.527,0.043,0.167,0.636,0.034,0.489,0.676,0.283,0.423,0.386,0.09,0.315,0.475,0.003,0.589,0.4,-0.1,-0.199,0.295,0.178,0.472,0.552,0.519,0.48,0.19,0.03,-0.074,0.57,0.613,0.364,0.707,0.316,0.595,-0.401,0.327,0.361,0.452,0.671,0.486,0.267,0.65,0.211,0.338,0.604,-0.046,0.492,0.493,-0.077,0.136,0.403,-0.282,0.577,0.693,-0.271,-0.263,0.417,-0.172,0.676,0.579,0.206,0.459,0.062,0.703,0.597,0.634,0.343,0.113,0.565,0.628,0.136,0.094,0.054,0.553,-0.189,0.363,0.046,0.494,0.734,0.06,0.5,0.464,-0.082,0.663,0.396
ALGT,0.647,-0.378,0.049,-0.581,0.603,0.573,0.093,-0.0,0.18,0.0,0.582,0.754,0.04,0.751,-0.046,0.702,-0.163,0.653,-0.157,0.795,0.488,-0.443,-0.531,0.838,0.125,-0.525,-0.133,0.639,0.794,0.663,0.576,0.497,-0.315,-0.176,-0.349,0.651,0.635,0.901,-0.296,-0.251,0.645,0.626,0.731,0.66,0.235,0.851,-0.479,0.853,0.07,0.709,-0.227,0.454,-0.151,0.747,-0.221,0.515,0.671,0.73,0.097,0.611,0.303,0.495,0.546,0.431,-0.206,-0.32,-0.605,0.735,-0.322,0.711,0.293,0.559,0.504,0.004,0.784,0.691,0.753,-0.439,0.335,-0.019,0.662,-0.065,-0.13,0.829,0.424,-0.45,0.608,0.895,0.761,0.837,0.831,0.338,0.79,0.771,0.227,0.704,0.754,0.652,0.056,0.747,-0.011,-0.191,-0.436,-0.067,-0.334,0.278,0.818,0.34,0.627,0.512,0.61,0.884,0.288,0.818,0.308,0.706,0.549,0.645,-0.054,0.551,0.138,-0.364,-0.383,-0.571,0.69,-0.124,0.147,0.438,0.29,0.817,-0.557,-0.739,0.615,0.594,-0.642,0.483,-0.442,-0.522,0.08,0.251,-0.823,0.863,0.511,0.291,-0.061,0.01,-0.26,0.344,0.391,0.6,0.475,-0.063,0.261,-0.19,0.538,0.781,-0.152,0.516,0.571,-0.13,0.532,0.413,0.034,0.573,0.341,0.457,0.784,0.501,-0.308,0.72,-0.288,0.161,0.77,0.587,-0.481,0.062,-0.553,0.567,-0.349,0.57,-0.268,0.239,0.84,-0.498,0.068,0.365,0.794,0.876,-0.458,0.583,0.871,0.884,-0.541,0.534,0.525,-0.472,0.789,0.704,0.403,0.655
ALLO,0.785,-0.569,-0.28,-0.741,0.273,0.765,-0.322,-0.335,-0.36,0.582,0.0,0.562,-0.178,0.783,-0.167,0.609,-0.485,0.592,-0.544,0.546,0.584,-0.687,-0.724,0.806,-0.158,-0.752,-0.319,0.3,0.541,0.492,-0.036,0.639,-0.736,-0.531,-0.439,0.3,0.647,0.616,-0.561,-0.65,-0.0,0.808,0.348,0.435,0.07,0.679,-0.735,0.82,-0.461,0.877,-0.452,0.636,-0.522,0.369,-0.34,0.158,0.384,0.657,-0.013,0.542,-0.219,0.515,0.517,0.344,-0.598,-0.723,-0.714,0.537,-0.663,0.755,-0.379,0.564,0.637,0.288,0.643,0.713,0.921,-0.721,0.491,-0.427,0.679,-0.456,-0.517,0.761,0.77,-0.633,0.406,0.742,0.375,0.643,0.741,-0.222,0.641,0.401,-0.04,0.529,0.546,0.172,0.076,0.556,-0.501,-0.389,-0.67,-0.379,-0.707,0.636,0.63,0.228,0.484,0.348,0.11,0.528,0.332,0.698,0.321,0.24,0.059,0.603,-0.161,0.049,0.078,-0.567,-0.665,-0.794,0.265,-0.48,0.2,0.165,-0.125,0.764,-0.831,-0.791,0.537,0.577,-0.734,0.437,-0.624,-0.818,-0.276,-0.14,-0.792,0.781,0.696,-0.012,-0.539,-0.315,-0.736,0.182,-0.089,0.717,0.08,-0.046,0.084,-0.469,0.091,0.438,-0.674,0.122,0.123,-0.372,0.644,0.23,-0.18,0.639,0.242,0.061,0.813,-0.116,-0.579,0.841,0.072,-0.26,0.74,0.112,-0.867,-0.02,-0.662,0.631,-0.733,-0.042,-0.556,-0.004,0.497,-0.641,-0.473,0.364,0.633,0.649,-0.811,0.582,0.451,0.692,-0.869,-0.029,0.383,-0.678,0.338,0.665,-0.25,0.329
AMSF,0.374,-0.338,-0.278,-0.497,0.738,0.344,-0.048,0.2,0.164,0.754,0.562,0.0,-0.343,0.679,0.125,0.346,-0.147,0.266,-0.093,0.635,0.078,-0.135,-0.21,0.748,-0.263,-0.41,0.24,0.231,0.403,0.239,0.446,0.173,-0.346,0.132,0.087,0.196,0.404,0.784,-0.045,-0.533,0.443,0.309,0.547,0.392,0.017,0.588,-0.353,0.666,0.07,0.557,-0.081,0.429,0.003,0.521,0.184,0.508,0.567,0.868,0.461,0.155,-0.093,0.032,0.704,0.001,0.045,-0.21,-0.609,0.459,-0.369,0.668,0.098,0.381,0.822,-0.063,0.634,0.443,0.64,-0.198,0.04,0.152,0.702,0.155,0.089,0.705,0.292,-0.087,0.417,0.661,0.615,0.499,0.545,0.248,0.662,0.655,0.384,0.309,0.717,0.329,0.239,0.394,-0.168,-0.372,-0.125,-0.434,-0.286,0.456,0.493,-0.076,0.199,0.112,0.368,0.596,0.115,0.477,-0.085,0.361,0.162,0.561,0.123,0.539,-0.351,-0.25,-0.153,-0.654,0.543,-0.475,0.136,0.651,-0.124,0.768,-0.383,-0.596,0.183,0.175,-0.476,0.801,-0.08,-0.288,-0.165,-0.13,-0.688,0.717,0.795,0.363,-0.321,-0.285,-0.171,0.668,0.43,0.251,0.049,0.17,0.561,0.131,0.171,0.648,-0.217,-0.014,0.494,0.208,0.752,0.497,-0.118,0.513,0.481,0.224,0.557,0.379,-0.048,0.499,-0.339,-0.045,0.546,0.571,-0.381,0.285,-0.276,0.77,-0.319,0.282,-0.127,0.163,0.592,-0.149,-0.245,0.436,0.476,0.734,-0.226,0.192,0.619,0.601,-0.505,0.364,0.092,-0.134,0.569,0.432,0.197,0.712
ANAB,0.004,0.295,0.614,0.302,-0.256,0.009,0.451,-0.12,0.224,0.04,-0.178,-0.343,0.0,-0.039,-0.158,0.197,0.292,0.315,0.167,0.061,0.432,-0.158,-0.154,-0.16,0.683,0.182,-0.319,0.463,0.289,0.435,0.131,0.281,0.227,-0.154,-0.352,0.64,0.227,-0.027,-0.106,0.677,0.245,0.109,0.239,0.13,0.432,0.145,0.034,-0.053,0.234,-0.084,0.004,0.026,0.145,0.229,-0.468,-0.038,-0.252,-0.399,-0.44,0.408,0.675,0.32,-0.386,0.329,-0.064,0.124,0.302,0.34,0.347,-0.224,0.474,0.204,-0.551,0.079,0.124,0.016,-0.132,-0.031,0.083,-0.012,-0.29,-0.154,-0.15,-0.081,0.049,-0.204,0.377,0.032,0.039,0.206,0.111,0.332,0.008,0.02,-0.325,0.453,-0.025,0.246,-0.279,0.383,0.523,0.427,-0.144,0.703,0.211,-0.528,0.287,0.536,0.526,0.573,0.468,0.348,0.147,0.198,0.559,0.415,0.522,0.011,-0.235,0.017,0.531,0.085,0.052,0.386,0.263,0.509,0.167,-0.243,0.569,-0.153,0.064,0.175,0.333,0.34,0.092,-0.589,-0.162,-0.006,0.637,0.695,0.174,-0.017,-0.561,-0.126,0.563,0.67,0.183,-0.356,-0.098,0.171,0.558,0.05,-0.533,-0.106,0.538,0.139,0.337,0.676,0.07,-0.135,-0.465,-0.108,0.581,-0.231,-0.074,0.542,-0.007,0.209,-0.06,0.073,0.048,0.322,-0.002,0.17,0.158,-0.159,-0.077,-0.518,0.279,0.337,0.067,0.066,-0.066,-0.192,0.603,-0.048,0.254,-0.156,-0.053,0.297,0.106,0.068,0.3,0.323,0.613,-0.153,0.193,0.195,0.346,-0.107
ANDE,0.742,-0.441,-0.141,-0.563,0.361,0.714,-0.08,-0.348,-0.156,0.751,0.783,0.679,-0.039,0.0,-0.118,0.546,-0.339,0.659,-0.309,0.651,0.617,-0.645,-0.689,0.888,-0.043,-0.826,-0.382,0.509,0.588,0.678,0.158,0.747,-0.522,-0.519,-0.492,0.478,0.706,0.791,-0.484,-0.424,0.285,0.727,0.524,0.326,0.227,0.815,-0.59,0.904,-0.303,0.836,-0.372,0.383,-0.419,0.617,-0.349,0.299,0.468,0.71,-0.017,0.616,0.055,0.499,0.36,0.386,-0.483,-0.639,-0.542,0.816,-0.614,0.85,-0.073,0.588,0.58,0.103,0.755,0.738,0.9,-0.577,0.328,-0.319,0.797,-0.342,-0.404,0.802,0.767,-0.629,0.558,0.876,0.413,0.727,0.784,0.107,0.808,0.749,0.062,0.598,0.813,0.415,-0.139,0.689,-0.243,-0.516,-0.699,-0.161,-0.56,0.436,0.768,0.305,0.628,0.478,0.381,0.745,0.363,0.752,0.356,0.476,0.288,0.664,-0.074,0.305,0.018,-0.45,-0.575,-0.609,0.543,-0.305,0.272,0.326,0.061,0.915,-0.809,-0.807,0.622,0.616,-0.659,0.475,-0.537,-0.752,-0.179,0.142,-0.8,0.897,0.646,-0.036,-0.369,-0.068,-0.53,0.161,-0.07,0.73,0.141,0.108,0.101,-0.389,0.19,0.624,-0.545,0.378,0.401,-0.35,0.639,0.204,0.053,0.651,0.433,0.36,0.864,0.025,-0.548,0.872,0.011,0.091,0.892,0.404,-0.743,-0.078,-0.71,0.482,-0.581,0.175,-0.371,-0.109,0.669,-0.651,-0.248,0.232,0.672,0.685,-0.732,0.624,0.595,0.779,-0.714,0.17,0.585,-0.671,0.602,0.661,-0.054,0.462
APLS,-0.377,0.643,0.219,0.471,0.268,-0.021,0.476,0.269,0.274,-0.046,-0.167,0.125,-0.158,-0.118,0.0,-0.41,0.572,-0.221,0.653,0.155,-0.541,0.523,0.558,0.008,-0.351,0.113,0.366,-0.422,-0.207,-0.273,0.255,-0.278,0.317,0.394,0.481,-0.319,0.038,0.031,0.678,0.124,0.216,-0.467,-0.137,-0.416,0.213,-0.165,0.579,-0.18,0.421,-0.359,0.676,-0.414,0.355,0.112,0.697,0.386,0.257,0.218,0.706,-0.513,0.118,-0.519,0.253,-0.342,0.526,0.514,0.341,-0.071,0.113,0.18,0.1,-0.204,0.244,-0.009,-0.044,0.052,-0.174,0.625,-0.418,0.679,0.207,0.684,0.688,0.028,-0.207,0.543,-0.062,-0.033,-0.104,-0.293,-0.091,0.446,0.102,0.277,0.702,-0.426,0.079,0.226,-0.083,-0.164,0.348,-0.42,0.37,0.248,0.518,0.098,-0.345,-0.741,-0.47,-0.287,0.213,0.018,0.201,-0.425,-0.078,0.062,-0.162,0.373,0.69,0.514,-0.403,0.627,0.578,0.25,0.266,-0.11,0.292,0.3,-0.251,0.041,0.287,0.273,-0.333,-0.553,0.506,0.405,0.614,0.388,-0.193,0.034,0.295,-0.074,0.225,0.325,-0.094,0.281,0.449,0.47,0.481,-0.502,-0.387,0.424,0.438,0.431,-0.313,0.172,0.32,-0.203,0.335,0.51,0.276,0.234,0.273,0.064,0.545,0.26,-0.254,0.096,0.447,-0.345,0.049,0.513,-0.069,0.344,0.2,0.47,0.491,0.077,0.233,0.12,0.63,-0.026,-0.107,0.49,0.082,0.096,-0.365,-0.055,0.384,-0.538,0.007,-0.241,0.27,0.335,-0.003,0.553,-0.019,-0.439,-0.031,0.484
APPF,0.823,-0.507,0.176,-0.666,0.35,0.583,-0.013,-0.13,-0.026,0.702,0.609,0.346,0.197,0.546,-0.41,0.0,-0.262,0.838,-0.412,0.648,0.71,-0.726,-0.732,0.654,0.409,-0.419,-0.348,0.787,0.91,0.776,0.323,0.632,-0.283,-0.49,-0.644,0.738,0.6,0.637,-0.57,-0.13,0.421,0.828,0.658,0.81,0.327,0.761,-0.667,0.759,-0.106,0.762,-0.501,0.629,-0.352,0.557,-0.541,0.333,0.537,0.347,-0.283,0.807,0.342,0.818,0.414,0.774,-0.487,-0.461,-0.572,0.586,-0.231,0.482,0.12,0.683,0.147,0.197,0.582,0.692,0.672,-0.658,0.656,-0.39,0.399,-0.441,-0.501,0.709,0.416,-0.673,0.425,0.739,0.735,0.847,0.762,-0.034,0.542,0.383,-0.136,0.866,0.449,0.592,0.076,0.797,-0.076,0.115,-0.578,0.038,-0.405,0.233,0.847,0.648,0.785,0.523,0.395,0.673,0.407,0.904,0.56,0.652,0.645,0.392,-0.319,0.17,0.596,-0.458,-0.61,-0.511,0.44,0.193,0.124,-0.005,0.499,0.577,-0.589,-0.641,0.859,0.846,-0.752,0.044,-0.759,-0.655,0.148,0.271,-0.727,0.679,0.13,0.057,0.025,-0.017,-0.487,-0.144,0.122,0.761,0.64,-0.264,-0.035,-0.444,0.626,0.566,-0.24,0.556,0.276,-0.497,0.191,0.279,0.079,0.554,-0.114,0.275,0.791,0.273,-0.45,0.769,-0.071,-0.038,0.663,0.155,-0.519,-0.279,-0.713,0.36,-0.477,0.542,-0.438,0.093,0.754,-0.672,0.168,0.171,0.855,0.692,-0.562,0.867,0.759,0.879,-0.518,0.187,0.497,-0.736,0.654,0.868,0.38,0.223
ASML,-0.523,0.884,0.644,0.633,0.234,-0.294,0.837,0.56,0.637,-0.163,-0.485,-0.147,0.292,-0.339,0.572,-0.262,0.0,-0.176,0.884,0.149,-0.466,0.531,0.689,-0.294,0.182,0.562,0.489,-0.098,-0.098,-0.156,0.387,-0.329,0.602,0.495,0.45,0.005,0.039,-0.104,0.793,0.614,0.498,-0.598,0.055,-0.28,0.445,-0.229,0.687,-0.414,0.761,-0.623,0.732,-0.328,0.629,0.162,0.6,0.509,0.025,-0.146,0.492,-0.44,0.533,-0.438,0.038,-0.095,0.747,0.815,0.592,-0.053,0.708,-0.17,0.527,0.006,-0.164,0.083,-0.112,-0.098,-0.508,0.788,-0.42,0.795,-0.122,0.724,0.723,-0.143,-0.564,0.668,0.053,-0.198,0.151,-0.297,-0.196,0.565,-0.033,0.098,0.538,-0.231,-0.077,0.39,0.046,0.036,0.848,0.093,0.585,0.658,0.892,-0.17,-0.28,-0.375,-0.237,-0.11,0.409,0.027,0.296,-0.43,0.078,0.307,0.22,0.159,0.598,0.576,-0.037,0.831,0.755,0.567,0.367,0.487,0.466,0.051,0.197,-0.26,0.624,0.632,-0.183,-0.446,0.666,0.004,0.67,0.587,0.216,0.486,0.584,-0.304,-0.279,0.397,0.384,0.582,0.759,0.187,0.518,-0.579,-0.084,0.581,0.243,0.663,0.041,0.173,0.665,0.097,0.43,0.56,-0.075,0.385,0.738,-0.162,0.265,0.568,-0.427,0.346,0.731,-0.471,0.104,0.623,-0.306,0.412,0.567,0.116,0.662,-0.175,0.537,0.394,0.878,0.129,-0.107,0.637,0.682,0.063,-0.342,-0.287,0.603,-0.393,0.08,-0.281,0.652,0.499,0.053,0.623,0.075,-0.382,0.437,0.285
ATRC,0.799,-0.32,0.305,-0.42,0.169,0.673,0.176,-0.286,-0.053,0.653,0.592,0.266,0.315,0.659,-0.221,0.838,-0.176,0.0,-0.249,0.676,0.791,-0.755,-0.728,0.694,0.439,-0.569,-0.52,0.754,0.862,0.893,0.224,0.807,-0.215,-0.656,-0.728,0.772,0.696,0.64,-0.553,0.037,0.415,0.811,0.569,0.549,0.414,0.838,-0.536,0.783,-0.104,0.744,-0.427,0.413,-0.365,0.636,-0.571,0.286,0.504,0.318,-0.298,0.81,0.473,0.839,0.23,0.779,-0.51,-0.476,-0.326,0.781,-0.276,0.591,0.118,0.657,0.076,0.267,0.635,0.807,0.701,-0.558,0.657,-0.371,0.517,-0.44,-0.486,0.711,0.566,-0.702,0.497,0.78,0.532,0.818,0.796,0.038,0.614,0.576,-0.093,0.816,0.554,0.686,-0.209,0.831,0.049,-0.087,-0.709,0.252,-0.332,0.216,0.823,0.582,0.84,0.629,0.448,0.723,0.607,0.832,0.752,0.732,0.621,0.529,-0.163,0.241,0.617,-0.32,-0.546,-0.332,0.525,0.261,0.321,-0.069,0.538,0.656,-0.639,-0.588,0.916,0.861,-0.607,0.046,-0.688,-0.703,0.137,0.475,-0.622,0.745,0.11,-0.027,0.047,0.24,-0.429,-0.274,-0.079,0.808,0.536,-0.089,-0.155,-0.473,0.508,0.529,-0.281,0.698,0.386,-0.559,0.204,0.114,0.294,0.601,0.037,0.458,0.812,0.077,-0.493,0.818,0.19,0.253,0.762,0.238,-0.556,-0.312,-0.734,0.163,-0.44,0.495,-0.299,-0.125,0.702,-0.71,0.191,0.081,0.79,0.595,-0.629,0.874,0.671,0.835,-0.473,0.198,0.745,-0.766,0.646,0.731,0.205,0.197
AVGO,-0.585,0.888,0.484,0.711,0.155,-0.373,0.82,0.473,0.571,-0.157,-0.544,-0.093,0.167,-0.309,0.653,-0.412,0.884,-0.249,0.0,0.132,-0.568,0.583,0.73,-0.256,-0.048,0.458,0.459,-0.202,-0.226,-0.202,0.321,-0.348,0.601,0.507,0.521,-0.088,0.015,-0.107,0.867,0.602,0.478,-0.673,-0.046,-0.45,0.274,-0.258,0.837,-0.423,0.687,-0.673,0.718,-0.546,0.606,0.125,0.667,0.4,0.042,-0.106,0.592,-0.518,0.422,-0.56,-0.03,-0.257,0.759,0.835,0.7,-0.037,0.545,-0.129,0.431,-0.214,-0.115,-0.056,-0.176,-0.113,-0.518,0.877,-0.462,0.815,-0.02,0.825,0.815,-0.228,-0.536,0.706,0.036,-0.209,0.0,-0.391,-0.233,0.59,-0.042,0.202,0.597,-0.4,-0.017,0.354,-0.158,-0.1,0.826,-0.08,0.583,0.621,0.873,-0.142,-0.359,-0.475,-0.362,-0.215,0.411,-0.011,0.282,-0.5,-0.001,0.27,0.101,0.192,0.694,0.607,-0.236,0.89,0.782,0.658,0.318,0.403,0.43,0.144,0.09,-0.179,0.594,0.626,-0.265,-0.557,0.742,0.149,0.745,0.59,0.036,0.464,0.581,-0.293,-0.215,0.352,0.324,0.643,0.769,0.227,0.435,-0.626,-0.242,0.52,0.2,0.679,-0.128,0.125,0.589,0.026,0.506,0.569,-0.053,0.201,0.635,-0.259,0.324,0.52,-0.449,0.309,0.69,-0.514,0.092,0.707,-0.252,0.476,0.542,0.178,0.66,-0.271,0.525,0.326,0.91,-0.064,-0.174,0.641,0.551,0.008,-0.429,-0.312,0.64,-0.476,0.013,-0.327,0.65,0.472,0.034,0.683,0.068,-0.555,0.271,0.34
AVT,0.519,-0.057,0.2,-0.354,0.599,0.549,0.444,0.199,0.312,0.795,0.546,0.635,0.061,0.651,0.155,0.648,0.149,0.676,0.132,0.0,0.37,-0.367,-0.316,0.79,0.113,-0.393,0.057,0.547,0.748,0.634,0.552,0.43,-0.232,-0.134,-0.185,0.606,0.761,0.828,-0.018,-0.096,0.698,0.48,0.697,0.494,0.353,0.783,-0.246,0.73,0.274,0.545,0.046,0.435,-0.022,0.801,-0.006,0.683,0.621,0.711,0.312,0.401,0.401,0.338,0.654,0.426,-0.017,-0.077,-0.363,0.742,-0.119,0.686,0.3,0.622,0.533,0.202,0.781,0.749,0.649,-0.161,0.291,0.184,0.746,0.158,0.091,0.781,0.263,-0.227,0.664,0.82,0.73,0.699,0.798,0.369,0.832,0.734,0.384,0.584,0.762,0.791,0.038,0.749,0.261,-0.228,-0.265,0.174,-0.057,0.437,0.655,0.154,0.526,0.425,0.639,0.813,0.638,0.617,0.475,0.805,0.535,0.772,0.186,0.674,0.15,0.0,-0.136,-0.412,0.672,0.038,0.452,0.348,0.375,0.774,-0.367,-0.458,0.623,0.441,-0.394,0.515,-0.231,-0.421,0.036,0.459,-0.578,0.801,0.48,0.436,-0.038,0.186,-0.102,0.304,0.377,0.404,0.33,0.244,0.305,0.066,0.409,0.699,-0.08,0.442,0.663,0.04,0.529,0.592,0.344,0.576,0.374,0.563,0.653,0.421,-0.026,0.605,-0.006,0.346,0.685,0.703,-0.408,0.041,-0.337,0.528,-0.248,0.567,0.066,0.104,0.733,-0.274,0.188,0.445,0.668,0.675,-0.322,0.497,0.81,0.782,-0.399,0.56,0.549,-0.303,0.767,0.534,0.336,0.681
AXDX,0.769,-0.539,0.092,-0.492,-0.113,0.615,-0.154,-0.492,-0.268,0.488,0.584,0.078,0.432,0.617,-0.541,0.71,-0.466,0.791,-0.568,0.37,0.0,-0.819,-0.884,0.524,0.503,-0.576,-0.687,0.702,0.69,0.823,-0.016,0.839,-0.424,-0.753,-0.843,0.737,0.525,0.457,-0.81,-0.066,0.094,0.872,0.463,0.522,0.24,0.691,-0.713,0.697,-0.39,0.758,-0.61,0.483,-0.522,0.428,-0.886,-0.113,0.115,0.14,-0.663,0.904,0.281,0.873,-0.04,0.669,-0.76,-0.695,-0.426,0.693,-0.355,0.381,0.013,0.567,-0.065,0.179,0.569,0.547,0.682,-0.8,0.628,-0.627,0.279,-0.735,-0.753,0.508,0.692,-0.881,0.472,0.618,0.257,0.774,0.658,-0.155,0.439,0.308,-0.497,0.85,0.415,0.277,-0.192,0.711,-0.198,0.056,-0.832,0.101,-0.616,0.024,0.779,0.807,0.905,0.78,0.234,0.579,0.252,0.817,0.645,0.448,0.465,0.264,-0.544,-0.156,0.578,-0.642,-0.737,-0.382,0.259,0.074,0.022,-0.17,0.458,0.471,-0.702,-0.633,0.779,0.912,-0.713,-0.245,-0.851,-0.762,0.219,0.362,-0.611,0.643,0.024,-0.285,0.036,0.1,-0.575,-0.405,-0.382,0.899,0.589,-0.285,-0.435,-0.668,0.53,0.268,-0.413,0.679,-0.009,-0.687,-0.003,-0.13,0.059,0.424,-0.112,0.234,0.729,-0.108,-0.693,0.803,0.125,-0.024,0.628,0.03,-0.592,-0.324,-0.823,0.032,-0.434,0.163,-0.61,-0.026,0.459,-0.851,0.009,0.056,0.768,0.451,-0.81,0.858,0.403,0.681,-0.558,0.029,0.732,-0.888,0.425,0.758,0.03,-0.092
AXSM,-0.867,0.571,0.067,0.644,0.155,-0.72,0.277,0.596,0.478,-0.443,-0.687,-0.135,-0.158,-0.645,0.523,-0.726,0.531,-0.755,0.583,-0.367,-0.819,0.0,0.905,-0.591,-0.226,0.702,0.73,-0.539,-0.635,-0.679,0.218,-0.847,0.555,0.854,0.84,-0.539,-0.556,-0.366,0.805,0.259,0.038,-0.907,-0.292,-0.43,-0.161,-0.691,0.711,-0.709,0.573,-0.8,0.683,-0.451,0.641,-0.265,0.71,0.095,-0.285,-0.188,0.505,-0.813,0.024,-0.84,-0.111,-0.698,0.829,0.789,0.438,-0.562,0.573,-0.518,0.341,-0.486,-0.081,-0.304,-0.4,-0.672,-0.733,0.821,-0.642,0.748,-0.406,0.714,0.758,-0.544,-0.756,0.907,-0.291,-0.619,-0.247,-0.655,-0.645,0.361,-0.438,-0.262,0.386,-0.669,-0.327,-0.224,0.205,-0.642,0.403,0.188,0.884,0.026,0.69,-0.305,-0.721,-0.613,-0.697,-0.459,-0.087,-0.458,-0.373,-0.799,-0.542,-0.288,-0.274,-0.371,0.332,0.201,-0.497,0.577,0.872,0.434,-0.169,-0.006,-0.195,0.244,-0.225,-0.537,0.84,0.675,-0.806,-0.857,0.715,0.079,0.867,0.926,0.183,-0.146,0.635,-0.578,-0.128,0.314,0.209,0.08,0.801,0.425,0.413,-0.898,-0.267,0.201,0.332,0.757,-0.23,-0.237,0.648,-0.433,0.013,0.795,-0.171,0.113,0.015,-0.427,0.129,-0.121,-0.805,0.232,0.791,-0.84,-0.299,0.089,-0.703,0.137,0.793,0.448,0.851,-0.132,0.71,-0.015,0.606,0.134,-0.491,0.909,0.222,0.035,-0.623,-0.481,0.821,-0.878,-0.363,-0.68,0.67,0.165,-0.547,0.933,-0.309,-0.735,0.191,0.105
AZN,-0.881,0.721,0.132,0.701,0.084,-0.701,0.429,0.651,0.515,-0.531,-0.724,-0.21,-0.154,-0.689,0.558,-0.732,0.689,-0.728,0.73,-0.316,-0.884,0.905,0.0,-0.62,-0.2,0.767,0.757,-0.596,-0.647,-0.704,0.128,-0.831,0.576,0.823,0.87,-0.554,-0.503,-0.441,0.901,0.343,0.062,-0.947,-0.33,-0.529,-0.117,-0.684,0.834,-0.768,0.616,-0.878,0.794,-0.476,0.694,-0.311,0.819,0.185,-0.256,-0.232,0.577,-0.895,0.018,-0.863,-0.062,-0.594,0.892,0.885,0.595,-0.566,0.664,-0.506,0.284,-0.483,-0.105,-0.142,-0.471,-0.606,-0.787,0.943,-0.631,0.789,-0.346,0.815,0.85,-0.569,-0.834,0.969,-0.325,-0.653,-0.239,-0.739,-0.656,0.295,-0.413,-0.283,0.467,-0.735,-0.366,-0.163,0.195,-0.603,0.491,0.13,0.926,0.158,0.822,-0.189,-0.788,-0.725,-0.766,-0.56,-0.113,-0.519,-0.156,-0.865,-0.485,-0.266,-0.266,-0.303,0.527,0.236,-0.437,0.771,0.916,0.56,-0.161,0.138,0.033,0.085,-0.199,-0.566,0.901,0.826,-0.75,-0.88,0.831,0.074,0.954,0.901,0.057,-0.038,0.77,-0.643,-0.202,0.402,0.249,0.156,0.83,0.305,0.371,-0.951,-0.393,0.408,0.369,0.834,-0.326,-0.317,0.635,-0.469,0.049,0.794,-0.18,0.184,0.204,-0.458,0.069,-0.044,-0.832,0.167,0.882,-0.861,-0.036,0.236,-0.732,0.144,0.787,0.34,0.938,-0.164,0.687,-0.038,0.791,0.137,-0.5,0.963,0.272,0.013,-0.733,-0.54,0.901,-0.851,-0.38,-0.708,0.741,0.15,-0.556,0.969,-0.33,-0.797,0.127,0.04
BANR,0.747,-0.442,-0.176,-0.6,0.536,0.71,-0.021,-0.195,-0.043,0.838,0.806,0.748,-0.16,0.888,0.008,0.654,-0.294,0.694,-0.256,0.79,0.524,-0.591,-0.62,0.0,-0.106,-0.762,-0.231,0.465,0.712,0.684,0.287,0.65,-0.506,-0.419,-0.395,0.445,0.752,0.885,-0.363,-0.46,0.423,0.728,0.606,0.476,0.223,0.829,-0.516,0.953,-0.19,0.842,-0.307,0.457,-0.378,0.698,-0.217,0.456,0.647,0.825,0.149,0.567,0.052,0.485,0.607,0.396,-0.396,-0.501,-0.599,0.793,-0.567,0.89,-0.055,0.552,0.695,0.111,0.793,0.819,0.921,-0.518,0.41,-0.181,0.865,-0.181,-0.253,0.861,0.63,-0.528,0.546,0.906,0.55,0.765,0.82,0.122,0.865,0.77,0.231,0.603,0.859,0.543,-0.093,0.672,-0.204,-0.485,-0.603,-0.176,-0.493,0.538,0.769,0.215,0.549,0.391,0.43,0.78,0.439,0.766,0.354,0.575,0.357,0.755,0.006,0.437,0.049,-0.351,-0.503,-0.658,0.542,-0.29,0.267,0.39,0.088,0.975,-0.743,-0.802,0.642,0.569,-0.665,0.597,-0.506,-0.715,-0.26,0.133,-0.852,0.948,0.694,0.118,-0.342,-0.098,-0.502,0.285,0.149,0.666,0.177,0.05,0.292,-0.31,0.251,0.661,-0.478,0.323,0.45,-0.26,0.658,0.32,-0.033,0.76,0.413,0.293,0.869,0.104,-0.422,0.849,-0.071,0.125,0.923,0.5,-0.741,0.01,-0.659,0.619,-0.578,0.298,-0.283,-0.036,0.775,-0.582,-0.208,0.272,0.728,0.835,-0.645,0.604,0.734,0.884,-0.75,0.315,0.514,-0.588,0.717,0.662,0.032,0.605
BBIO,0.164,0.007,0.586,0.063,-0.065,0.034,0.289,0.102,0.339,0.125,-0.158,-0.263,0.683,-0.043,-0.351,0.409,0.182,0.439,-0.048,0.113,0.503,-0.226,-0.2,-0.106,0.0,0.248,-0.235,0.607,0.491,0.485,0.26,0.268,0.326,-0.149,-0.421,0.688,0.039,0.117,-0.297,0.588,0.322,0.254,0.47,0.444,0.269,0.271,-0.17,0.086,0.225,0.077,-0.075,0.248,0.187,0.278,-0.506,0.073,-0.012,-0.275,-0.593,0.493,0.696,0.549,-0.22,0.635,-0.113,0.068,0.048,0.288,0.51,-0.228,0.611,0.339,-0.549,0.107,0.239,0.018,-0.053,-0.154,0.281,-0.088,-0.255,-0.282,-0.259,0.08,-0.098,-0.246,0.223,0.11,0.3,0.429,0.193,0.155,0.014,0.017,-0.403,0.637,0.005,0.33,0.025,0.504,0.363,0.58,-0.134,0.493,0.126,-0.483,0.373,0.614,0.648,0.589,0.21,0.252,0.091,0.328,0.509,0.437,0.706,-0.164,-0.416,-0.047,0.725,-0.111,-0.049,0.218,0.317,0.629,-0.085,-0.344,0.796,-0.136,0.122,0.12,0.42,0.564,-0.186,-0.577,-0.292,0.037,0.732,0.554,0.008,0.065,-0.534,0.049,0.715,0.353,0.197,-0.51,-0.051,0.289,0.772,-0.053,-0.287,-0.09,0.765,0.074,0.324,0.669,-0.075,-0.195,-0.441,0.033,0.463,-0.04,-0.419,0.364,0.09,0.201,0.004,0.175,0.109,0.264,-0.057,0.021,0.291,-0.317,-0.187,-0.291,0.319,0.473,-0.031,0.221,0.2,-0.195,0.66,-0.078,0.398,0.041,-0.012,0.454,0.266,0.246,0.306,0.239,0.436,-0.279,0.3,0.401,0.569,-0.297
BCYC,-0.764,0.526,0.307,0.546,-0.04,-0.719,0.339,0.638,0.492,-0.525,-0.752,-0.41,0.182,-0.826,0.113,-0.419,0.562,-0.569,0.458,-0.393,-0.576,0.702,0.767,-0.762,0.248,0.0,0.593,-0.253,-0.426,-0.544,0.15,-0.774,0.556,0.736,0.623,-0.232,-0.549,-0.51,0.586,0.491,0.014,-0.737,-0.131,-0.157,-0.054,-0.622,0.552,-0.775,0.561,-0.792,0.547,-0.142,0.662,-0.382,0.415,0.035,-0.404,-0.473,0.139,-0.585,0.18,-0.53,-0.187,-0.284,0.697,0.767,0.44,-0.591,0.837,-0.796,0.414,-0.318,-0.416,-0.031,-0.472,-0.68,-0.829,0.672,-0.414,0.531,-0.631,0.484,0.525,-0.589,-0.85,0.739,-0.245,-0.707,-0.096,-0.555,-0.575,0.169,-0.547,-0.534,0.087,-0.387,-0.555,-0.189,0.384,-0.446,0.481,0.639,0.85,0.214,0.696,-0.394,-0.578,-0.275,-0.435,-0.282,-0.136,-0.495,-0.27,-0.635,-0.333,-0.212,-0.014,-0.53,0.118,-0.053,-0.034,0.53,0.736,0.527,-0.249,0.346,-0.179,-0.193,0.113,-0.763,0.901,0.809,-0.543,-0.553,0.632,-0.354,0.64,0.833,0.432,0.06,0.718,-0.7,-0.527,0.341,0.485,0.144,0.763,-0.001,0.271,-0.757,0.048,0.16,0.07,0.678,0.062,-0.362,0.747,-0.221,-0.171,0.622,-0.473,0.19,0.17,-0.565,-0.359,-0.1,-0.777,0.302,0.773,-0.785,-0.074,0.02,-0.835,-0.057,0.859,0.12,0.786,-0.273,0.692,0.091,0.506,0.342,-0.466,0.748,0.49,0.051,-0.493,-0.558,0.826,-0.57,-0.319,-0.595,0.786,0.063,-0.506,0.748,-0.3,-0.519,0.369,-0.233
BHFAP,-0.566,0.345,-0.079,0.222,0.498,-0.487,0.303,0.865,0.58,-0.133,-0.319,0.24,-0.319,-0.382,0.366,-0.348,0.489,-0.52,0.459,0.057,-0.687,0.73,0.757,-0.231,-0.235,0.593,0.0,-0.378,-0.338,-0.506,0.35,-0.761,0.249,0.865,0.842,-0.355,-0.27,-0.031,0.736,-0.039,0.259,-0.647,0.029,-0.112,-0.124,-0.347,0.429,-0.38,0.641,-0.466,0.603,0.004,0.592,-0.029,0.748,0.413,-0.064,0.193,0.657,-0.704,-0.051,-0.71,0.375,-0.476,0.843,0.695,0.076,-0.353,0.521,-0.26,0.354,-0.173,0.319,-0.14,-0.085,-0.424,-0.407,0.66,-0.456,0.76,-0.078,0.746,0.746,-0.181,-0.706,0.812,-0.079,-0.308,0.22,-0.369,-0.342,0.28,-0.102,-0.136,0.488,-0.411,-0.044,-0.012,0.472,-0.361,0.342,0.134,0.831,-0.162,0.558,0.083,-0.452,-0.556,-0.541,-0.39,0.001,-0.208,-0.14,-0.498,-0.487,-0.053,-0.108,-0.129,0.365,0.391,-0.431,0.44,0.714,0.034,-0.027,-0.125,-0.036,0.379,-0.173,-0.216,0.689,0.448,-0.583,-0.653,0.391,0.353,0.735,0.667,0.087,-0.117,0.319,-0.237,0.172,0.577,0.051,-0.113,0.618,0.638,0.554,-0.719,-0.189,0.302,0.604,0.866,-0.084,-0.039,0.487,-0.475,0.206,0.831,0.114,0.499,0.039,-0.145,0.162,-0.071,-0.499,0.37,0.844,-0.521,-0.305,-0.051,-0.484,0.371,0.528,0.488,0.714,0.331,0.501,0.104,0.545,0.282,-0.169,0.809,0.132,0.331,-0.323,-0.107,0.673,-0.621,-0.027,-0.318,0.341,0.289,-0.553,0.788,-0.003,-0.396,0.325,0.337
BKR,0.576,-0.307,0.406,-0.351,0.273,0.39,0.205,-0.077,0.156,0.639,0.3,0.231,0.463,0.509,-0.422,0.787,-0.098,0.754,-0.202,0.547,0.702,-0.539,-0.596,0.465,0.607,-0.253,-0.378,0.0,0.799,0.789,0.408,0.549,-0.049,-0.366,-0.579,0.854,0.533,0.593,-0.477,0.191,0.497,0.618,0.783,0.679,0.371,0.667,-0.504,0.612,0.107,0.56,-0.358,0.449,-0.136,0.585,-0.581,0.312,0.344,0.215,-0.391,0.772,0.62,0.699,0.105,0.712,-0.316,-0.307,-0.349,0.659,-0.017,0.26,0.413,0.652,-0.087,0.138,0.564,0.493,0.461,-0.468,0.408,-0.269,0.269,-0.374,-0.405,0.586,0.304,-0.57,0.639,0.639,0.604,0.776,0.676,0.272,0.473,0.483,-0.191,0.863,0.472,0.633,-0.019,0.778,0.181,0.281,-0.458,0.261,-0.225,-0.081,0.821,0.734,0.879,0.679,0.536,0.697,0.313,0.785,0.57,0.707,0.77,0.277,-0.391,0.214,0.536,-0.347,-0.375,-0.245,0.515,0.36,0.097,0.058,0.685,0.46,-0.398,-0.481,0.753,0.776,-0.514,-0.138,-0.597,-0.434,0.465,0.481,-0.553,0.579,-0.034,0.021,0.267,0.228,-0.16,-0.236,0.056,0.642,0.767,-0.151,-0.221,-0.258,0.736,0.574,0.031,0.739,0.351,-0.338,0.053,0.22,0.263,0.369,-0.106,0.49,0.622,0.377,-0.281,0.613,-0.089,0.154,0.533,0.282,-0.219,-0.35,-0.572,0.087,-0.199,0.65,-0.31,0.052,0.69,-0.561,0.434,0.147,0.795,0.441,-0.395,0.738,0.672,0.743,-0.214,0.28,0.606,-0.602,0.704,0.726,0.527,0.183
BLDP,0.762,-0.344,0.31,-0.489,0.433,0.609,0.163,-0.09,0.155,0.794,0.541,0.403,0.289,0.588,-0.207,0.91,-0.098,0.862,-0.226,0.748,0.69,-0.635,-0.647,0.712,0.491,-0.426,-0.338,0.799,0.0,0.832,0.467,0.663,-0.14,-0.425,-0.626,0.82,0.634,0.748,-0.449,0.022,0.604,0.767,0.757,0.793,0.382,0.821,-0.516,0.794,0.012,0.71,-0.349,0.526,-0.159,0.747,-0.456,0.446,0.654,0.415,-0.202,0.804,0.511,0.786,0.446,0.764,-0.397,-0.327,-0.479,0.714,-0.146,0.565,0.31,0.674,0.158,0.166,0.688,0.731,0.664,-0.526,0.567,-0.197,0.462,-0.291,-0.343,0.762,0.404,-0.596,0.536,0.809,0.756,0.893,0.803,0.202,0.637,0.581,-0.018,0.899,0.584,0.709,-0.047,0.881,0.083,0.053,-0.553,0.205,-0.275,0.108,0.887,0.599,0.821,0.605,0.574,0.813,0.449,0.881,0.656,0.794,0.758,0.538,-0.243,0.364,0.546,-0.327,-0.468,-0.383,0.659,0.249,0.206,0.111,0.596,0.648,-0.541,-0.603,0.855,0.821,-0.652,0.115,-0.655,-0.558,0.214,0.415,-0.707,0.737,0.146,0.101,0.19,0.148,-0.329,-0.068,0.271,0.722,0.675,-0.131,0.04,-0.372,0.731,0.691,-0.115,0.682,0.36,-0.39,0.238,0.305,0.245,0.569,0.03,0.482,0.77,0.332,-0.367,0.746,-0.08,0.211,0.704,0.346,-0.415,-0.235,-0.644,0.321,-0.315,0.68,-0.265,0.123,0.802,-0.613,0.299,0.141,0.87,0.738,-0.482,0.818,0.825,0.898,-0.388,0.449,0.656,-0.659,0.756,0.847,0.489,0.364
BLFS,0.724,-0.303,0.254,-0.329,0.21,0.559,0.227,-0.31,0.089,0.663,0.492,0.239,0.435,0.678,-0.273,0.776,-0.156,0.893,-0.202,0.634,0.823,-0.679,-0.704,0.684,0.485,-0.544,-0.506,0.789,0.832,0.0,0.288,0.796,-0.166,-0.604,-0.715,0.823,0.688,0.685,-0.5,0.137,0.495,0.761,0.661,0.511,0.401,0.768,-0.432,0.773,-0.077,0.688,-0.385,0.331,-0.302,0.721,-0.643,0.291,0.375,0.304,-0.366,0.843,0.553,0.781,0.145,0.726,-0.491,-0.405,-0.268,0.887,-0.216,0.544,0.285,0.582,0.042,0.086,0.691,0.68,0.654,-0.525,0.566,-0.311,0.483,-0.408,-0.456,0.595,0.519,-0.688,0.597,0.763,0.456,0.811,0.714,0.215,0.648,0.618,-0.177,0.863,0.673,0.651,-0.347,0.811,0.157,-0.065,-0.684,0.35,-0.299,0.042,0.854,0.692,0.896,0.727,0.553,0.771,0.492,0.81,0.74,0.799,0.748,0.453,-0.304,0.27,0.59,-0.306,-0.475,-0.227,0.54,0.285,0.178,0.014,0.633,0.669,-0.576,-0.538,0.865,0.83,-0.572,-0.02,-0.671,-0.622,0.233,0.606,-0.601,0.752,0.062,-0.112,0.174,0.345,-0.348,-0.232,-0.097,0.766,0.602,-0.112,-0.196,-0.439,0.624,0.517,-0.212,0.785,0.34,-0.524,0.074,0.046,0.336,0.538,0.109,0.494,0.736,0.091,-0.463,0.783,0.006,0.306,0.772,0.398,-0.471,-0.282,-0.713,0.046,-0.27,0.533,-0.251,-0.146,0.652,-0.681,0.271,-0.002,0.84,0.542,-0.602,0.827,0.694,0.823,-0.4,0.348,0.823,-0.728,0.77,0.715,0.266,0.253
BLKB,0.045,0.117,0.338,0.016,0.678,-0.009,0.438,0.449,0.65,0.576,-0.036,0.446,0.131,0.158,0.255,0.323,0.387,0.224,0.321,0.552,-0.016,0.218,0.128,0.287,0.26,0.15,0.35,0.408,0.467,0.288,0.0,-0.052,0.317,0.374,0.119,0.412,0.209,0.581,0.278,0.195,0.779,-0.016,0.576,0.464,0.328,0.316,0.071,0.269,0.596,0.064,0.251,0.151,0.404,0.635,0.183,0.628,0.49,0.376,0.299,0.135,0.559,0.032,0.408,0.188,0.379,0.371,-0.168,0.318,0.313,0.211,0.722,0.303,0.18,-0.158,0.464,0.155,0.101,0.178,-0.058,0.54,0.18,0.399,0.376,0.361,-0.243,0.185,0.368,0.408,0.67,0.442,0.32,0.632,0.382,0.481,0.365,0.369,0.446,0.623,0.18,0.396,0.48,0.12,0.217,0.205,0.322,-0.162,0.341,0.082,0.26,0.229,0.637,0.544,0.089,0.281,0.137,0.641,0.581,0.264,0.058,0.678,0.098,0.153,0.29,-0.068,0.611,0.203,0.005,0.467,0.427,0.295,0.162,-0.114,0.173,0.097,-0.096,0.295,0.106,0.229,0.403,0.32,-0.266,0.34,0.13,0.456,0.321,0.239,0.404,0.455,0.712,-0.039,0.501,0.068,0.454,0.355,0.578,0.619,0.427,0.335,0.534,0.363,0.188,0.483,0.267,0.181,0.294,0.455,0.14,0.726,0.333,0.071,-0.474,0.31,0.18,0.625,0.246,0.207,0.052,0.297,0.279,0.754,0.258,0.295,0.465,0.159,0.487,0.219,0.397,0.459,0.213,0.059,0.655,0.408,0.139,0.733,0.22,0.158,0.657,0.283,0.753,0.594
