,ABAT,ACLS,ACMR,ADMA,ADUS,ADVM,AEIS,AGNCM,AHCO,ALGT,ALLO,AMSF,ANAB,ANDE,APLS,APPF,ASML,ATRC,AVGO,AVT,AXDX,AXSM,AZN,BANR,BBIO,BCYC,BHFAP,BKR,BLDP,BLFS,BLKB,BLMN,BNTX,BPMC,CALM,CAMT,CASH,CATY,CCEP,CDLX,CDNS,CENN,CENX,CGC,CHDN,CLBK,COKE,COLB,COO,CORT,CRMT,CRNX,CRTO,CRVL,CSCO,CSQ,CSWI,CVBF,CWST,CYCC,CZR,DLTR,DORM,ENTA,EQIX,ERIC,EVRG,EWBC,EXAS,EXLS,EXPI,EYE,FBNC,FBRX,FCNCA,FELE,FIBK,FLEX,FRGT,FRHC,FRME,FWONA,FWONK,GDEN,GIII,GILD,GLNG,GNTX,GOOGL,GRPN,HCSG,HIMX,HOPE,HST,HTLD,HUT,HWC,ICUI,IESC,INTC,INTU,IOVA,IPAR,IPGP,ISRG,JBSS,KALU,KPRX,KRNT,LAUR,LBRDA,LBTYK,LECO,LILAK,LITE,MANH,MDXG,MFIC,MGEE,MIDD,MLAB,MMSI,MNKD,MOMO,MRVL,NICE,NMFC,NUWE,NVCR,NWBI,OFIX,OFLX,OMCL,OPK,ORKA,ORLY,OTTR,PDD,PNTG,POOL,POWL,PPBI,PPC,PRAA,PRPL,PZZA,QTRX,QURE,RDFN,RDHL,REAL,REG,REYN,RGLD,RIOT,RUN,RYTM,SAIA,SBAC,SBRA,SCVL,SHOO,SLAB,SLDB,SMCI,SMTC,SRCE,SSP,SSRM,STBA,STRO,SVC,SYBT,TCBI,TCOM,TENX,TH,TMUS,TNDM,TTD,TTMI,UAL,ULH,ULTA,VCYT,VIRT,VKTX,VOD,VRDN,VREX,VRNT,VSAT,WB,WBD,WDC,WEN,WSFS,XXII,Z,ZBRA
ABAT,0.0,-0.345,-0.502,-0.181,0.136,-0.78,-0.225,-0.632,-0.499,0.302,-0.754,-0.634,-0.346,-0.201,-0.176,-0.369,-0.165,0.532,0.291,-0.204,-0.382,0.625,0.274,-0.425,-0.142,0.841,-0.645,-0.514,-0.21,-0.589,-0.376,0.172,0.27,-0.118,0.502,-0.182,-0.407,-0.55,-0.384,0.494,-0.617,-0.42,0.574,0.888,-0.443,-0.648,-0.737,-0.404,-0.229,-0.728,-0.625,0.271,0.119,0.798,0.426,-0.456,-0.547,-0.548,-0.194,0.688,0.165,-0.307,-0.539,0.413,-0.416,-0.246,-0.389,0.021,0.809,-0.672,-0.217,-0.325,-0.054,-0.429,-0.237,-0.6,-0.587,-0.323,0.419,-0.219,-0.19,-0.25,-0.2,-0.421,-0.344,0.318,-0.283,-0.457,-0.055,-0.438,-0.3,-0.108,-0.223,-0.115,-0.499,0.818,-0.313,0.643,-0.47,0.457,-0.535,0.544,0.12,-0.173,0.453,0.516,0.229,-0.235,0.654,-0.365,-0.355,-0.238,-0.439,0.283,0.605,-0.423,0.279,0.372,0.517,-0.215,0.618,0.242,-0.732,-0.498,-0.166,-0.5,-0.159,0.081,-0.303,-0.202,0.565,-0.715,-0.545,0.669,-0.222,-0.029,-0.725,-0.737,0.334,-0.165,-0.694,-0.104,-0.366,0.593,0.148,-0.522,0.42,-0.654,0.206,0.563,0.704,0.511,0.7,0.416,0.816,-0.667,-0.685,-0.216,-0.387,-0.617,0.317,-0.17,-0.311,-0.629,-0.05,-0.036,-0.639,0.58,-0.278,-0.309,0.568,-0.351,-0.633,-0.142,-0.441,-0.037,-0.542,-0.614,0.827,0.106,-0.123,0.277,-0.737,-0.42,0.016,0.765,0.161,-0.555,0.778,-0.017,0.32,0.55,-0.517,0.711,0.172,-0.584,-0.614,0.187,0.528,0.425
ACLS,-0.345,0.0,0.9,0.406,-0.204,0.641,0.945,0.801,0.548,0.649,0.502,0.848,0.113,0.637,0.269,0.464,0.786,-0.187,0.557,0.932,0.508,-0.332,0.008,0.772,0.302,-0.561,0.784,0.744,0.773,0.827,0.564,0.647,0.339,0.53,0.142,0.895,0.859,0.921,0.509,0.01,0.847,0.777,0.148,-0.517,0.96,0.832,0.677,0.851,0.639,0.679,0.622,-0.318,0.532,-0.324,0.125,0.944,0.845,0.763,0.821,-0.582,0.594,0.731,0.826,-0.111,0.589,0.792,0.585,0.784,-0.181,0.88,0.811,0.81,0.673,0.728,0.862,0.889,0.867,0.946,-0.099,0.861,0.654,0.707,0.662,0.939,0.879,-0.142,0.76,0.893,0.75,0.776,0.741,0.574,0.817,0.858,0.748,-0.116,0.743,-0.014,0.681,0.434,0.866,-0.836,0.734,0.91,0.251,-0.02,0.595,0.207,0.271,0.502,0.679,0.656,0.917,0.268,0.139,0.889,0.621,0.511,-0.058,0.869,0.053,0.623,0.525,0.907,0.948,0.815,0.861,0.115,0.643,0.523,0.309,0.832,0.483,-0.162,0.514,0.619,0.762,0.766,0.445,0.549,0.797,0.751,0.678,-0.108,0.185,0.884,0.16,0.715,0.332,0.35,-0.009,0.287,-0.248,0.128,-0.17,0.819,0.493,0.696,0.129,0.574,0.178,0.761,0.907,0.637,0.673,0.778,0.783,0.067,0.291,0.618,-0.214,0.775,0.658,0.853,0.782,0.157,0.85,0.808,-0.32,0.656,0.748,0.625,0.773,0.86,0.406,-0.301,0.285,0.402,-0.422,0.472,0.591,-0.261,0.683,0.063,0.669,0.839,0.766,0.606,0.225,0.558
ACMR,-0.502,0.9,0.0,0.484,-0.234,0.726,0.813,0.818,0.623,0.463,0.643,0.848,0.203,0.514,0.333,0.489,0.652,-0.342,0.328,0.816,0.434,-0.403,-0.12,0.681,0.345,-0.7,0.775,0.716,0.748,0.892,0.594,0.456,0.24,0.38,-0.082,0.765,0.751,0.859,0.531,-0.108,0.871,0.788,-0.08,-0.667,0.887,0.85,0.694,0.757,0.584,0.819,0.61,-0.312,0.453,-0.518,-0.103,0.869,0.773,0.718,0.675,-0.612,0.445,0.643,0.793,-0.226,0.535,0.647,0.507,0.566,-0.372,0.895,0.733,0.737,0.461,0.668,0.748,0.858,0.844,0.888,-0.153,0.716,0.492,0.688,0.629,0.858,0.805,-0.252,0.696,0.873,0.632,0.731,0.658,0.608,0.654,0.654,0.665,-0.305,0.623,-0.205,0.725,0.163,0.831,-0.848,0.533,0.833,0.033,-0.173,0.35,0.244,0.024,0.505,0.655,0.547,0.846,0.162,-0.099,0.804,0.416,0.28,-0.211,0.83,-0.19,0.435,0.641,0.907,0.774,0.779,0.676,-0.026,0.609,0.428,0.072,0.869,0.598,-0.298,0.513,0.418,0.822,0.874,0.26,0.502,0.805,0.54,0.618,-0.318,0.195,0.822,0.002,0.707,0.159,0.148,-0.184,-0.009,-0.489,-0.101,-0.367,0.897,0.592,0.578,0.12,0.638,0.008,0.618,0.801,0.73,0.489,0.653,0.774,-0.015,0.325,0.549,-0.361,0.68,0.668,0.691,0.825,0.231,0.871,0.785,-0.46,0.601,0.613,0.455,0.814,0.813,0.354,-0.43,0.154,0.475,-0.584,0.373,0.387,-0.332,0.801,-0.137,0.421,0.797,0.78,0.365,0.055,0.296
ADMA,-0.181,0.406,0.484,0.0,-0.092,0.3,0.203,0.258,0.58,0.353,0.464,0.386,0.137,-0.097,0.622,0.212,0.27,-0.147,-0.097,0.348,-0.046,0.063,0.225,0.326,0.629,-0.209,0.222,0.437,0.543,0.481,0.588,-0.02,0.381,0.385,-0.499,0.302,0.157,0.29,0.353,-0.241,0.444,0.518,-0.297,-0.33,0.287,0.414,0.171,0.409,0.558,0.608,0.206,0.09,0.442,-0.311,-0.459,0.384,0.222,0.456,0.165,-0.196,-0.12,-0.084,0.185,-0.406,0.164,0.419,0.208,0.126,0.03,0.295,0.245,0.548,0.257,0.331,0.431,0.344,0.357,0.349,0.011,0.102,0.148,0.326,0.317,0.213,0.126,0.152,0.263,0.565,0.087,0.122,0.248,0.477,0.138,0.16,-0.0,-0.27,0.388,0.033,0.389,-0.164,0.361,-0.322,0.011,0.52,-0.006,-0.38,0.202,0.282,-0.002,0.465,0.421,0.23,0.294,0.514,-0.114,0.233,-0.046,0.093,-0.24,0.557,-0.246,0.317,0.521,0.411,0.246,0.114,0.272,-0.377,0.538,0.374,0.117,0.454,0.332,0.028,0.172,-0.215,0.434,0.497,0.099,0.02,0.362,0.182,0.321,-0.443,0.433,0.207,-0.026,0.259,-0.094,0.344,-0.228,-0.213,-0.596,-0.461,-0.354,0.53,0.37,-0.191,-0.024,0.568,-0.444,-0.091,0.246,0.497,0.067,0.268,0.308,0.423,0.39,0.34,-0.187,0.263,0.245,0.247,0.47,0.559,0.401,0.325,-0.165,0.427,0.447,0.39,0.303,0.16,0.245,-0.275,-0.058,0.361,-0.059,0.268,0.08,0.214,0.47,-0.009,0.193,0.208,0.499,0.284,0.266,0.086
ADUS,0.136,-0.204,-0.234,-0.092,0.0,-0.356,-0.194,-0.121,0.326,-0.088,-0.428,-0.125,-0.47,-0.379,0.167,0.49,0.255,0.455,-0.372,-0.175,-0.239,-0.126,0.722,0.262,-0.13,0.09,-0.111,0.151,0.147,-0.135,0.34,-0.291,0.216,-0.035,-0.068,0.001,0.037,-0.124,0.23,-0.304,-0.031,-0.363,-0.042,0.208,-0.28,-0.165,-0.04,0.096,0.429,-0.098,0.188,-0.288,0.159,0.44,-0.257,-0.095,-0.241,0.206,0.097,-0.115,-0.226,-0.223,-0.431,-0.463,0.404,0.192,0.408,0.126,0.278,-0.256,-0.171,0.066,0.263,0.024,0.107,-0.148,-0.008,-0.168,0.116,-0.453,0.366,0.324,0.405,-0.26,-0.402,0.671,0.02,-0.03,-0.559,-0.272,-0.113,-0.334,0.178,-0.218,0.005,0.118,0.305,0.575,-0.132,0.203,0.073,0.256,-0.165,-0.114,0.603,0.328,0.217,-0.375,-0.18,0.482,0.337,0.418,-0.388,0.554,-0.165,-0.214,-0.183,0.138,0.029,0.002,0.149,0.18,0.194,-0.252,-0.129,-0.186,-0.139,-0.436,0.361,0.491,-0.031,-0.166,-0.296,0.58,0.418,-0.036,-0.266,-0.383,0.318,-0.13,-0.313,0.277,0.271,-0.056,0.542,-0.135,-0.186,-0.171,-0.26,-0.106,-0.277,0.204,0.052,0.112,0.135,-0.118,-0.437,-0.257,0.54,0.072,-0.135,-0.335,0.079,-0.494,-0.385,0.188,0.009,0.283,0.221,0.398,-0.053,-0.547,0.106,0.138,-0.467,-0.233,-0.394,0.058,0.108,-0.445,-0.31,0.212,-0.209,-0.349,0.276,0.39,-0.027,0.412,0.116,0.62,-0.009,0.329,-0.323,0.427,0.23,-0.086,0.142,0.325,-0.081,0.199
ADVM,-0.78,0.641,0.726,0.3,-0.356,0.0,0.531,0.712,0.413,0.05,0.894,0.711,0.618,0.57,0.28,0.207,0.318,-0.421,0.073,0.585,0.663,-0.341,-0.421,0.465,0.468,-0.774,0.735,0.577,0.397,0.747,0.327,0.171,-0.051,0.503,-0.307,0.358,0.561,0.752,0.42,-0.116,0.754,0.765,-0.249,-0.841,0.736,0.871,0.798,0.592,0.253,0.799,0.5,-0.047,0.155,-0.831,-0.17,0.653,0.786,0.603,0.365,-0.556,0.252,0.495,0.776,-0.09,0.354,0.415,0.338,0.3,-0.659,0.851,0.567,0.483,0.268,0.496,0.38,0.77,0.669,0.61,-0.224,0.587,0.239,0.37,0.292,0.692,0.686,-0.552,0.416,0.652,0.515,0.583,0.565,0.354,0.431,0.477,0.593,-0.638,0.4,-0.615,0.591,-0.298,0.603,-0.632,0.257,0.486,-0.378,-0.563,0.011,0.299,-0.29,0.265,0.316,0.226,0.796,-0.254,-0.258,0.721,0.158,-0.2,-0.225,0.436,-0.431,-0.058,0.628,0.736,0.483,0.747,0.419,0.1,0.267,0.106,-0.266,0.82,0.778,-0.717,0.234,0.235,0.847,0.91,-0.22,0.468,0.921,0.267,0.315,-0.383,-0.183,0.664,-0.08,0.853,0.186,-0.249,-0.383,-0.368,-0.595,-0.251,-0.674,0.795,0.866,0.581,0.188,0.569,-0.085,0.524,0.473,0.866,0.458,0.18,0.727,-0.412,0.22,0.274,-0.205,0.74,0.554,0.313,0.799,0.058,0.815,0.691,-0.69,0.325,0.504,-0.038,0.839,0.659,0.155,-0.846,0.201,0.352,-0.659,-0.0,0.002,-0.579,0.835,-0.622,0.004,0.673,0.636,0.013,-0.205,-0.172
AEIS,-0.225,0.945,0.813,0.203,-0.194,0.531,0.0,0.723,0.396,0.693,0.356,0.769,0.026,0.69,0.083,0.373,0.756,-0.178,0.718,0.917,0.511,-0.292,-0.066,0.715,0.149,-0.463,0.74,0.628,0.688,0.715,0.404,0.755,0.26,0.391,0.314,0.873,0.846,0.86,0.393,0.088,0.714,0.668,0.279,-0.383,0.915,0.74,0.575,0.77,0.528,0.504,0.573,-0.376,0.46,-0.172,0.329,0.884,0.783,0.648,0.82,-0.508,0.665,0.801,0.822,0.026,0.532,0.692,0.519,0.822,-0.129,0.797,0.771,0.751,0.658,0.691,0.827,0.813,0.796,0.934,-0.012,0.864,0.641,0.649,0.605,0.912,0.894,-0.162,0.707,0.807,0.786,0.793,0.716,0.569,0.82,0.897,0.749,0.037,0.655,0.065,0.663,0.58,0.785,-0.787,0.798,0.86,0.322,0.148,0.653,0.114,0.396,0.395,0.611,0.642,0.884,0.232,0.245,0.822,0.707,0.616,0.105,0.832,0.184,0.656,0.343,0.821,0.96,0.758,0.895,0.204,0.513,0.473,0.424,0.692,0.387,-0.142,0.522,0.772,0.66,0.631,0.548,0.524,0.694,0.762,0.617,0.041,0.139,0.853,0.215,0.625,0.377,0.39,0.141,0.469,-0.023,0.23,-0.001,0.688,0.356,0.747,0.072,0.47,0.379,0.861,0.893,0.523,0.681,0.796,0.692,0.063,0.088,0.556,-0.133,0.753,0.568,0.859,0.678,0.063,0.764,0.717,-0.2,0.622,0.736,0.666,0.693,0.875,0.313,-0.179,0.352,0.275,-0.362,0.463,0.651,-0.242,0.575,0.143,0.734,0.815,0.645,0.607,0.225,0.617
AGNCM,-0.632,0.801,0.818,0.258,-0.121,0.712,0.723,0.0,0.64,0.182,0.569,0.877,0.035,0.443,0.135,0.692,0.703,-0.408,0.206,0.661,0.433,-0.739,0.029,0.818,0.051,-0.813,0.902,0.793,0.582,0.845,0.629,0.316,0.146,0.311,-0.008,0.778,0.867,0.916,0.54,-0.337,0.907,0.6,-0.213,-0.78,0.844,0.81,0.844,0.787,0.59,0.811,0.846,-0.584,0.201,-0.544,-0.153,0.891,0.813,0.813,0.766,-0.852,0.294,0.702,0.749,-0.361,0.776,0.69,0.741,0.559,-0.545,0.917,0.599,0.617,0.499,0.791,0.757,0.888,0.942,0.759,-0.352,0.694,0.693,0.694,0.624,0.831,0.724,-0.071,0.776,0.822,0.471,0.757,0.608,0.262,0.716,0.54,0.828,-0.403,0.735,-0.273,0.617,0.209,0.924,-0.924,0.483,0.682,0.033,0.017,0.266,0.269,-0.236,0.587,0.742,0.683,0.77,0.05,-0.316,0.784,0.321,0.231,-0.468,0.708,-0.203,0.319,0.722,0.88,0.697,0.81,0.62,-0.043,0.662,0.553,-0.16,0.911,0.43,-0.292,0.493,0.471,0.804,0.797,0.257,0.451,0.804,0.599,0.775,-0.342,0.085,0.93,-0.238,0.745,-0.025,-0.099,-0.397,0.028,-0.482,-0.063,-0.444,0.853,0.59,0.576,0.411,0.645,-0.07,0.556,0.838,0.6,0.354,0.616,0.917,-0.286,0.352,0.712,-0.537,0.521,0.904,0.746,0.585,-0.019,0.786,0.886,-0.639,0.259,0.385,0.267,0.873,0.802,0.359,-0.379,-0.071,0.671,-0.753,0.417,0.239,-0.402,0.588,-0.186,0.367,0.895,0.861,0.309,-0.241,0.229
AHCO,-0.499,0.548,0.623,0.58,0.326,0.413,0.396,0.64,0.0,0.127,0.389,0.74,-0.183,0.028,0.513,0.726,0.609,-0.253,-0.192,0.471,0.077,-0.529,0.452,0.766,0.228,-0.644,0.606,0.824,0.603,0.684,0.909,-0.114,0.145,0.248,-0.467,0.578,0.576,0.615,0.679,-0.64,0.745,0.434,-0.383,-0.645,0.494,0.648,0.629,0.692,0.854,0.777,0.773,-0.434,0.253,-0.343,-0.502,0.663,0.482,0.842,0.56,-0.755,-0.187,0.204,0.386,-0.763,0.755,0.685,0.756,0.367,-0.359,0.581,0.259,0.653,0.496,0.573,0.715,0.68,0.756,0.553,-0.202,0.198,0.625,0.674,0.685,0.456,0.285,0.311,0.624,0.726,-0.031,0.342,0.496,0.327,0.541,0.248,0.543,-0.499,0.771,0.122,0.611,0.057,0.756,-0.608,0.066,0.551,0.181,-0.112,0.354,0.035,-0.356,0.852,0.781,0.715,0.399,0.523,-0.502,0.429,-0.069,0.21,-0.453,0.704,-0.356,0.429,0.854,0.599,0.414,0.375,0.472,-0.428,0.856,0.789,-0.055,0.716,0.264,0.004,0.597,0.117,0.672,0.586,0.346,0.066,0.545,0.527,0.815,-0.645,0.434,0.6,-0.358,0.472,-0.381,0.002,-0.63,-0.076,-0.635,-0.274,-0.563,0.774,0.321,0.048,0.46,0.826,-0.436,0.078,0.604,0.377,0.038,0.521,0.738,0.087,0.634,0.807,-0.589,0.171,0.771,0.582,0.342,0.2,0.531,0.774,-0.603,0.048,0.347,0.362,0.666,0.348,0.217,-0.267,-0.178,0.86,-0.45,0.669,0.186,0.002,0.413,-0.052,0.378,0.619,0.871,0.473,-0.188,0.177
ALGT,0.302,0.649,0.463,0.353,-0.088,0.05,0.693,0.182,0.127,0.0,-0.078,0.319,-0.119,0.395,0.283,0.072,0.509,0.214,0.66,0.695,0.228,0.261,0.106,0.38,0.297,0.094,0.172,0.269,0.685,0.253,0.248,0.734,0.628,0.395,0.338,0.614,0.402,0.388,0.03,0.344,0.276,0.469,0.39,0.189,0.503,0.307,-0.021,0.508,0.431,0.108,0.046,-0.076,0.705,0.212,0.3,0.467,0.28,0.28,0.466,0.008,0.592,0.331,0.318,0.107,0.122,0.475,0.174,0.622,0.487,0.267,0.562,0.646,0.569,0.363,0.607,0.339,0.321,0.617,0.315,0.509,0.38,0.38,0.401,0.482,0.514,0.095,0.407,0.511,0.583,0.311,0.429,0.439,0.481,0.718,0.165,0.465,0.409,0.407,0.287,0.652,0.353,-0.33,0.658,0.736,0.5,0.166,0.765,-0.013,0.724,0.237,0.371,0.365,0.476,0.558,0.584,0.401,0.696,0.688,0.47,0.618,0.428,0.771,-0.043,0.437,0.721,0.258,0.666,0.123,0.384,0.35,0.724,0.226,0.117,0.218,0.34,0.425,0.2,0.174,0.647,0.246,0.227,0.598,0.257,0.186,0.338,0.314,0.35,0.109,0.472,0.763,0.441,0.565,0.17,0.265,0.416,0.298,-0.119,0.331,-0.318,0.124,0.28,0.529,0.57,0.158,0.582,0.662,0.208,0.631,-0.001,0.311,0.17,0.453,0.046,0.636,0.433,0.314,0.368,0.237,0.361,0.724,0.655,0.857,0.12,0.394,0.283,0.171,0.391,-0.114,0.204,0.439,0.693,0.206,0.309,0.554,0.764,0.274,0.262,0.66,0.756,0.735
ALLO,-0.754,0.502,0.643,0.464,-0.428,0.894,0.356,0.569,0.389,-0.078,0.0,0.574,0.697,0.347,0.205,0.094,0.146,-0.557,0.003,0.413,0.486,-0.265,-0.428,0.282,0.529,-0.689,0.652,0.452,0.242,0.727,0.245,0.063,-0.185,0.382,-0.442,0.191,0.367,0.571,0.407,-0.169,0.618,0.709,-0.333,-0.8,0.575,0.732,0.65,0.371,0.162,0.765,0.397,0.077,0.042,-0.802,-0.23,0.539,0.622,0.469,0.177,-0.418,0.105,0.396,0.68,-0.094,0.174,0.267,0.148,0.097,-0.648,0.725,0.405,0.38,0.039,0.402,0.24,0.604,0.53,0.441,-0.226,0.432,0.009,0.218,0.123,0.545,0.497,-0.552,0.2,0.563,0.383,0.545,0.35,0.474,0.221,0.301,0.377,-0.694,0.209,-0.685,0.513,-0.507,0.478,-0.526,0.054,0.348,-0.472,-0.628,-0.216,0.413,-0.305,0.12,0.246,0.087,0.656,-0.285,-0.294,0.56,-0.041,-0.285,-0.345,0.372,-0.507,-0.216,0.607,0.593,0.305,0.63,0.272,0.004,0.153,-0.009,-0.344,0.717,0.783,-0.675,0.1,0.109,0.741,0.893,-0.437,0.34,0.801,0.027,0.193,-0.368,-0.095,0.525,0.027,0.801,0.069,-0.256,-0.34,-0.472,-0.631,-0.432,-0.733,0.677,0.934,0.35,0.186,0.628,-0.122,0.322,0.286,0.934,0.234,0.025,0.527,-0.449,0.143,0.11,-0.218,0.676,0.416,0.113,0.773,0.118,0.686,0.524,-0.639,0.305,0.412,-0.105,0.729,0.595,0.122,-0.866,0.149,0.328,-0.587,-0.114,-0.21,-0.558,0.794,-0.702,-0.166,0.556,0.52,-0.157,-0.288,-0.336
AMSF,-0.634,0.848,0.848,0.386,-0.125,0.711,0.769,0.877,0.74,0.319,0.574,0.0,0.008,0.446,0.291,0.569,0.687,-0.429,0.219,0.762,0.425,-0.601,0.021,0.816,0.151,-0.805,0.85,0.844,0.636,0.825,0.717,0.295,0.074,0.342,-0.193,0.79,0.815,0.91,0.59,-0.391,0.89,0.696,-0.233,-0.785,0.861,0.88,0.819,0.84,0.675,0.82,0.816,-0.448,0.306,-0.545,-0.133,0.888,0.834,0.866,0.726,-0.822,0.201,0.577,0.804,-0.413,0.711,0.738,0.716,0.572,-0.54,0.9,0.547,0.738,0.588,0.702,0.814,0.934,0.932,0.832,-0.232,0.677,0.678,0.656,0.634,0.831,0.744,-0.098,0.771,0.853,0.47,0.689,0.743,0.453,0.736,0.626,0.836,-0.489,0.782,-0.155,0.776,0.203,0.89,-0.889,0.426,0.764,-0.017,-0.169,0.449,0.149,-0.181,0.665,0.716,0.669,0.823,0.197,-0.284,0.754,0.262,0.276,-0.323,0.792,-0.282,0.466,0.739,0.871,0.727,0.697,0.739,-0.022,0.709,0.629,0.027,0.927,0.455,-0.358,0.5,0.438,0.914,0.82,0.343,0.342,0.853,0.653,0.782,-0.448,0.079,0.886,-0.256,0.701,-0.068,0.032,-0.449,0.019,-0.514,-0.137,-0.531,0.901,0.533,0.509,0.255,0.759,-0.142,0.555,0.81,0.625,0.474,0.619,0.919,-0.137,0.439,0.731,-0.538,0.602,0.849,0.75,0.645,0.172,0.854,0.909,-0.684,0.316,0.605,0.355,0.92,0.736,0.159,-0.47,-0.035,0.661,-0.638,0.447,0.363,-0.318,0.612,-0.226,0.474,0.883,0.902,0.44,-0.146,0.251
ANAB,-0.346,0.113,0.203,0.137,-0.47,0.618,0.026,0.035,-0.183,-0.119,0.697,0.008,0.0,0.374,0.16,-0.403,-0.198,-0.079,0.031,0.155,0.602,0.302,-0.586,-0.203,0.657,-0.135,0.136,-0.037,-0.083,0.276,-0.28,0.005,-0.149,0.482,-0.218,-0.256,-0.05,0.148,0.05,0.376,0.147,0.458,0.094,-0.317,0.212,0.338,0.26,0.005,-0.324,0.263,-0.223,0.608,-0.078,-0.549,0.06,0.061,0.286,-0.034,-0.167,0.198,0.224,0.096,0.289,0.438,-0.307,-0.089,-0.306,-0.072,-0.265,0.285,0.275,-0.058,-0.151,-0.048,-0.264,0.12,-0.022,0.071,0.022,0.243,-0.387,-0.179,-0.259,0.17,0.264,-0.725,-0.196,0.04,0.382,0.104,0.092,0.188,-0.091,0.13,-0.041,-0.306,-0.228,-0.605,-0.001,-0.574,-0.09,0.03,0.029,-0.005,-0.463,-0.662,-0.344,0.21,-0.037,-0.368,-0.357,-0.393,0.347,-0.543,0.108,0.308,0.112,-0.462,0.092,-0.133,-0.245,-0.433,0.064,0.172,0.019,0.352,-0.079,0.327,-0.373,-0.512,-0.234,0.194,0.685,-0.558,-0.305,-0.077,0.258,0.476,-0.644,0.335,0.441,-0.245,-0.382,0.008,-0.332,0.016,0.341,0.545,0.437,-0.197,0.081,-0.437,-0.22,-0.123,-0.346,0.192,0.707,0.337,-0.087,0.023,0.096,0.221,-0.165,0.637,0.323,-0.348,0.036,-0.371,-0.085,-0.409,0.363,0.535,-0.169,-0.289,0.577,-0.055,0.321,0.03,-0.177,0.278,0.232,-0.305,0.221,0.219,0.084,-0.699,0.536,-0.256,-0.117,-0.453,-0.234,-0.377,0.6,-0.574,-0.392,0.031,-0.065,-0.336,-0.006,-0.365
ANDE,-0.201,0.637,0.514,-0.097,-0.379,0.57,0.69,0.443,0.028,0.395,0.347,0.446,0.374,0.0,0.055,-0.036,0.373,-0.023,0.544,0.716,0.7,-0.025,-0.38,0.334,0.214,-0.324,0.479,0.368,0.336,0.42,0.023,0.517,0.052,0.492,0.254,0.449,0.558,0.624,0.218,0.376,0.486,0.579,0.469,-0.301,0.715,0.576,0.544,0.501,0.062,0.297,0.225,0.06,0.171,-0.34,0.394,0.542,0.691,0.326,0.523,-0.216,0.607,0.596,0.719,0.398,0.202,0.424,0.201,0.58,-0.211,0.607,0.674,0.357,0.36,0.327,0.412,0.597,0.448,0.686,0.086,0.776,0.295,0.266,0.211,0.678,0.809,-0.555,0.484,0.402,0.799,0.478,0.679,0.319,0.544,0.749,0.573,-0.046,0.318,-0.154,0.418,0.272,0.37,-0.421,0.616,0.497,0.002,-0.113,0.386,0.036,0.336,0.026,0.051,0.204,0.764,-0.214,0.25,0.707,0.648,0.288,0.254,0.343,0.104,0.32,0.101,0.599,0.663,0.638,0.627,0.514,0.087,0.021,0.33,0.46,0.382,-0.404,0.085,0.578,0.509,0.51,0.179,0.544,0.635,0.452,0.215,0.027,-0.325,0.558,0.264,0.565,0.587,0.181,0.231,0.216,0.077,0.34,-0.065,0.475,0.406,0.788,-0.109,0.104,0.383,0.792,0.469,0.45,0.827,0.315,0.484,-0.162,0.071,0.119,0.152,0.797,0.279,0.444,0.606,-0.058,0.635,0.501,-0.217,0.493,0.633,0.196,0.565,0.606,0.057,-0.36,0.499,-0.075,-0.226,0.017,0.497,-0.38,0.504,-0.156,0.341,0.488,0.287,0.345,0.241,0.339
APLS,-0.176,0.269,0.333,0.622,0.167,0.28,0.083,0.135,0.513,0.283,0.205,0.291,0.16,0.055,0.0,0.237,0.265,0.277,-0.347,0.271,0.165,0.162,0.267,0.328,0.668,-0.131,-0.019,0.455,0.588,0.298,0.613,-0.265,0.491,0.527,-0.516,0.189,0.072,0.232,0.336,-0.073,0.449,0.349,-0.161,-0.278,0.195,0.352,0.219,0.468,0.535,0.526,0.076,0.267,0.407,-0.337,-0.537,0.204,0.237,0.429,0.189,-0.142,-0.16,-0.329,0.014,-0.37,0.223,0.44,0.298,0.113,0.075,0.194,0.26,0.41,0.352,0.114,0.285,0.327,0.231,0.268,0.094,0.0,0.2,0.339,0.396,0.07,0.072,0.121,0.299,0.389,-0.013,-0.272,0.43,0.085,0.132,0.073,0.054,-0.222,0.431,0.161,0.208,-0.146,0.21,-0.113,-0.002,0.37,0.045,-0.447,0.295,-0.055,-0.131,0.572,0.222,0.163,0.171,0.431,-0.175,0.259,0.002,-0.099,-0.102,0.309,-0.198,0.332,0.46,0.296,0.17,0.048,0.102,-0.235,0.539,0.329,0.075,0.337,0.274,0.058,0.114,-0.37,0.368,0.315,0.189,0.086,0.291,0.267,0.247,-0.57,0.217,0.02,-0.182,0.188,0.033,0.185,-0.364,-0.312,-0.546,-0.171,-0.328,0.518,0.159,-0.056,-0.04,0.226,-0.606,-0.153,0.156,0.195,0.24,0.178,0.34,0.448,0.678,0.331,-0.088,0.08,0.207,0.17,0.287,0.445,0.314,0.34,-0.203,0.23,0.395,0.173,0.191,-0.141,0.236,-0.224,0.062,0.286,0.049,0.307,0.227,0.345,0.393,0.036,0.151,-0.001,0.43,0.322,0.366,0.132
APPF,-0.369,0.464,0.489,0.212,0.49,0.207,0.373,0.692,0.726,0.072,0.094,0.569,-0.403,-0.036,0.237,0.0,0.72,-0.03,-0.146,0.311,0.011,-0.731,0.606,0.802,-0.113,-0.555,0.576,0.725,0.613,0.578,0.789,0.039,0.313,0.132,-0.031,0.643,0.656,0.579,0.591,-0.499,0.684,0.143,-0.241,-0.443,0.441,0.418,0.565,0.625,0.763,0.558,0.784,-0.721,0.285,-0.084,-0.38,0.616,0.409,0.736,0.682,-0.757,0.054,0.364,0.215,-0.675,0.871,0.666,0.848,0.434,-0.172,0.512,0.333,0.48,0.467,0.608,0.666,0.556,0.714,0.446,-0.335,0.188,0.756,0.803,0.799,0.447,0.229,0.492,0.651,0.605,-0.088,0.389,0.333,-0.05,0.595,0.203,0.582,-0.21,0.757,0.18,0.361,0.313,0.788,-0.591,0.225,0.428,0.429,0.284,0.289,0.024,-0.325,0.833,0.846,0.839,0.257,0.443,-0.371,0.435,0.046,0.318,-0.486,0.544,-0.028,0.407,0.73,0.5,0.433,0.485,0.348,-0.408,0.848,0.776,-0.193,0.595,0.065,0.298,0.669,0.247,0.397,0.325,0.403,0.254,0.322,0.601,0.84,-0.305,0.544,0.618,-0.323,0.372,-0.249,-0.137,-0.509,0.131,-0.386,0.024,-0.229,0.567,0.099,0.181,0.661,0.513,-0.212,0.102,0.72,0.071,-0.081,0.643,0.662,0.018,0.49,0.826,-0.598,-0.066,0.805,0.665,0.074,-0.048,0.31,0.707,-0.382,-0.068,-0.005,0.341,0.476,0.361,0.536,0.103,-0.217,0.838,-0.522,0.708,0.178,-0.041,0.174,0.229,0.444,0.605,0.761,0.439,-0.214,0.348
ASML,-0.165,0.786,0.652,0.27,0.255,0.318,0.756,0.703,0.609,0.509,0.146,0.687,-0.198,0.373,0.265,0.72,0.0,0.09,0.374,0.729,0.346,-0.448,0.477,0.903,0.117,-0.381,0.63,0.778,0.718,0.69,0.661,0.394,0.453,0.449,0.216,0.882,0.889,0.801,0.663,-0.177,0.75,0.45,0.234,-0.373,0.718,0.599,0.621,0.862,0.793,0.509,0.691,-0.473,0.395,-0.038,0.086,0.845,0.638,0.822,0.894,-0.568,0.403,0.547,0.447,-0.289,0.814,0.893,0.829,0.859,0.002,0.636,0.553,0.665,0.812,0.689,0.872,0.697,0.812,0.778,-0.124,0.586,0.895,0.784,0.776,0.706,0.556,0.299,0.777,0.762,0.406,0.523,0.631,0.249,0.905,0.628,0.721,0.062,0.889,0.32,0.447,0.621,0.824,-0.691,0.667,0.768,0.592,0.316,0.707,-0.03,0.162,0.701,0.785,0.851,0.606,0.503,0.092,0.688,0.547,0.634,-0.134,0.776,0.164,0.731,0.568,0.668,0.816,0.631,0.717,0.004,0.781,0.788,0.299,0.667,0.215,0.264,0.604,0.577,0.508,0.433,0.633,0.451,0.525,0.901,0.815,-0.028,0.459,0.749,0.005,0.525,0.101,0.28,-0.136,0.451,-0.062,0.234,0.011,0.635,0.214,0.55,0.481,0.458,0.088,0.49,0.871,0.243,0.389,0.839,0.755,0.164,0.342,0.85,-0.203,0.348,0.726,0.913,0.364,0.007,0.525,0.788,-0.205,0.257,0.492,0.692,0.561,0.617,0.564,0.069,0.175,0.637,-0.319,0.751,0.558,0.037,0.388,0.389,0.748,0.705,0.781,0.713,0.108,0.744
ATRC,0.532,-0.187,-0.342,-0.147,0.455,-0.421,-0.178,-0.408,-0.253,0.214,-0.557,-0.429,-0.079,-0.023,0.277,-0.03,0.09,0.0,-0.054,-0.096,0.018,0.489,0.413,-0.083,0.157,0.602,-0.52,-0.226,0.135,-0.34,-0.092,-0.011,0.498,0.317,0.348,-0.09,-0.185,-0.251,-0.092,0.549,-0.215,-0.325,0.522,0.567,-0.256,-0.327,-0.301,0.012,0.033,-0.388,-0.427,0.329,0.314,0.508,0.147,-0.29,-0.199,-0.154,-0.007,0.427,0.218,-0.355,-0.496,0.264,-0.063,0.07,-0.045,0.18,0.736,-0.397,0.142,-0.116,0.242,-0.273,-0.164,-0.319,-0.339,-0.189,0.196,-0.171,0.075,0.054,0.127,-0.297,-0.227,0.298,-0.118,-0.285,-0.067,-0.496,-0.091,-0.375,0.026,-0.077,-0.229,0.582,0.037,0.591,-0.453,0.287,-0.293,0.482,0.23,-0.065,0.563,0.191,0.289,-0.366,0.387,0.026,-0.223,-0.067,-0.3,0.264,0.499,-0.054,0.267,0.134,0.387,-0.248,0.572,0.226,-0.332,-0.322,-0.035,-0.208,-0.206,0.15,-0.002,-0.024,0.316,-0.398,-0.267,0.602,-0.089,-0.182,-0.474,-0.508,0.263,0.209,-0.407,0.199,-0.183,0.356,0.162,-0.388,0.301,-0.289,0.488,0.275,0.362,0.248,0.394,0.562,0.568,-0.34,-0.461,0.016,-0.014,-0.561,0.094,-0.137,-0.129,-0.526,0.162,0.06,-0.284,0.527,0.185,-0.073,0.525,-0.285,-0.339,-0.018,-0.313,-0.123,-0.376,-0.266,0.585,0.052,-0.127,0.145,-0.517,-0.441,0.402,0.496,0.381,-0.297,0.578,0.127,0.292,0.507,-0.318,0.611,0.18,-0.437,-0.294,0.348,0.57,0.453
AVGO,0.291,0.557,0.328,-0.097,-0.372,0.073,0.718,0.206,-0.192,0.66,0.003,0.219,0.031,0.544,-0.347,-0.146,0.374,-0.054,0.0,0.609,0.308,0.135,-0.204,0.184,-0.054,0.114,0.306,0.058,0.206,0.219,-0.185,0.868,0.117,0.159,0.677,0.518,0.439,0.374,-0.045,0.435,0.101,0.332,0.628,0.182,0.514,0.22,0.032,0.24,0.021,-0.119,0.062,-0.097,0.241,0.285,0.793,0.453,0.341,0.06,0.468,0.062,0.723,0.662,0.505,0.528,-0.0,0.237,0.004,0.612,0.238,0.298,0.478,0.295,0.36,0.337,0.406,0.263,0.261,0.54,0.192,0.703,0.233,0.179,0.119,0.559,0.608,-0.197,0.27,0.306,0.764,0.576,0.32,0.478,0.465,0.737,0.307,0.495,0.138,0.187,0.244,0.67,0.259,-0.349,0.762,0.503,0.345,0.381,0.504,0.068,0.786,-0.201,0.138,0.228,0.545,0.052,0.664,0.423,0.791,0.674,0.457,0.447,0.48,0.481,-0.292,0.35,0.686,0.391,0.672,0.436,-0.049,0.035,0.651,0.109,0.074,0.043,0.139,0.78,0.11,0.148,0.403,0.297,0.218,0.416,0.128,0.575,-0.039,0.425,0.567,0.227,0.526,0.603,0.673,0.732,0.552,0.422,0.482,0.069,0.061,0.586,-0.242,-0.003,0.754,0.764,0.473,0.215,0.573,0.493,0.098,0.091,-0.402,0.043,0.321,0.594,0.0,0.513,0.401,-0.032,0.33,0.129,0.323,0.583,0.54,0.583,0.168,0.639,0.139,0.15,0.476,-0.292,0.095,0.126,0.565,-0.099,0.194,0.333,0.58,0.394,0.014,0.401,0.356,0.614
AVT,-0.204,0.932,0.816,0.348,-0.175,0.585,0.917,0.661,0.471,0.695,0.413,0.762,0.155,0.716,0.271,0.311,0.729,-0.096,0.609,0.0,0.573,-0.138,-0.005,0.696,0.373,-0.453,0.682,0.702,0.702,0.729,0.48,0.628,0.3,0.583,0.131,0.802,0.805,0.853,0.495,0.092,0.741,0.818,0.291,-0.4,0.903,0.814,0.625,0.833,0.581,0.567,0.505,-0.174,0.521,-0.256,0.256,0.863,0.786,0.707,0.775,-0.459,0.617,0.669,0.783,-0.002,0.513,0.771,0.537,0.832,-0.11,0.785,0.743,0.767,0.712,0.622,0.822,0.814,0.768,0.934,0.084,0.84,0.629,0.658,0.631,0.88,0.876,-0.17,0.739,0.808,0.781,0.668,0.801,0.615,0.83,0.9,0.698,-0.062,0.706,0.096,0.631,0.466,0.74,-0.693,0.728,0.897,0.275,-0.033,0.71,0.129,0.36,0.434,0.548,0.61,0.893,0.305,0.249,0.818,0.71,0.556,0.184,0.838,0.091,0.661,0.41,0.838,0.912,0.72,0.894,0.214,0.542,0.482,0.47,0.718,0.469,-0.161,0.459,0.644,0.723,0.677,0.496,0.489,0.767,0.759,0.58,-0.062,0.149,0.789,0.262,0.67,0.373,0.435,0.085,0.369,-0.129,0.174,-0.117,0.74,0.403,0.711,0.046,0.514,0.254,0.802,0.817,0.573,0.765,0.699,0.718,0.159,0.224,0.554,-0.05,0.8,0.518,0.822,0.778,0.105,0.825,0.749,-0.238,0.663,0.834,0.661,0.723,0.777,0.304,-0.296,0.418,0.296,-0.241,0.463,0.68,-0.216,0.668,0.096,0.692,0.749,0.671,0.678,0.3,0.601
AXDX,-0.382,0.508,0.434,-0.046,-0.239,0.663,0.511,0.433,0.077,0.228,0.486,0.425,0.602,0.7,0.165,0.011,0.346,0.018,0.308,0.573,0.0,-0.008,-0.285,0.342,0.474,-0.326,0.462,0.371,0.289,0.497,0.077,0.277,0.089,0.592,0.066,0.262,0.473,0.578,0.227,0.248,0.496,0.603,0.272,-0.408,0.589,0.584,0.585,0.53,0.094,0.389,0.216,0.165,0.092,-0.474,0.214,0.486,0.614,0.379,0.426,-0.208,0.479,0.43,0.499,0.269,0.255,0.373,0.267,0.439,-0.265,0.596,0.544,0.304,0.418,0.383,0.249,0.503,0.42,0.473,0.01,0.589,0.246,0.257,0.221,0.562,0.631,-0.472,0.387,0.382,0.585,0.334,0.5,0.124,0.464,0.518,0.481,-0.153,0.307,-0.292,0.176,0.026,0.359,-0.357,0.487,0.406,-0.037,-0.313,0.222,0.016,0.054,0.065,0.07,0.161,0.634,-0.258,0.215,0.647,0.522,0.026,0.174,0.226,-0.092,0.092,0.215,0.534,0.5,0.645,0.381,0.436,0.061,0.023,0.001,0.487,0.671,-0.455,0.062,0.352,0.498,0.561,-0.033,0.466,0.658,0.383,0.093,-0.034,-0.219,0.458,0.148,0.716,0.475,-0.064,0.019,0.007,-0.108,0.176,-0.206,0.465,0.506,0.703,0.116,0.211,0.19,0.6,0.39,0.517,0.635,0.167,0.507,-0.257,0.033,0.137,0.115,0.623,0.249,0.338,0.599,-0.213,0.56,0.493,-0.268,0.332,0.429,0.123,0.501,0.501,0.237,-0.552,0.658,0.049,-0.259,0.069,0.29,-0.357,0.569,-0.242,0.207,0.417,0.341,0.19,0.105,0.131
AXSM,0.625,-0.332,-0.403,0.063,-0.126,-0.341,-0.292,-0.739,-0.529,0.261,-0.265,-0.601,0.302,-0.025,0.162,-0.731,-0.448,0.489,0.135,-0.138,-0.008,0.0,-0.159,-0.617,0.45,0.732,-0.67,-0.545,-0.176,-0.466,-0.461,0.023,0.192,0.183,0.052,-0.477,-0.614,-0.541,-0.426,0.64,-0.546,-0.072,0.448,0.642,-0.4,-0.384,-0.633,-0.401,-0.376,-0.472,-0.82,0.799,0.17,0.339,0.243,-0.522,-0.419,-0.579,-0.474,0.823,0.102,-0.483,-0.388,0.534,-0.705,-0.367,-0.66,-0.208,0.634,-0.547,-0.092,-0.267,-0.173,-0.541,-0.465,-0.538,-0.676,-0.33,0.54,-0.233,-0.568,-0.403,-0.375,-0.438,-0.259,-0.171,-0.47,-0.405,0.064,-0.542,-0.205,0.076,-0.436,-0.091,-0.654,0.467,-0.494,0.272,-0.384,-0.098,-0.676,0.653,-0.055,-0.185,0.032,-0.21,0.02,-0.154,0.558,-0.495,-0.632,-0.584,-0.281,0.057,0.586,-0.327,0.156,-0.051,0.664,-0.317,0.321,-0.041,-0.641,-0.44,-0.255,-0.446,-0.248,0.18,-0.5,-0.529,0.418,-0.603,-0.025,0.174,-0.435,-0.301,-0.477,-0.39,-0.089,-0.122,-0.41,-0.349,-0.697,0.317,-0.09,-0.644,0.528,-0.374,0.44,0.455,0.604,0.039,0.357,0.15,0.439,-0.475,-0.295,-0.21,-0.583,-0.51,0.158,-0.156,-0.528,-0.17,0.15,-0.363,-0.65,0.494,-0.225,-0.629,0.72,-0.021,-0.843,-0.446,-0.034,0.142,-0.322,-0.637,0.671,0.309,0.131,0.042,-0.603,-0.457,-0.085,0.133,0.46,-0.742,0.771,-0.342,0.112,0.428,-0.112,0.206,-0.12,-0.666,-0.645,-0.012,0.642,0.04
AZN,0.274,0.008,-0.12,0.225,0.722,-0.421,-0.066,0.029,0.452,0.106,-0.428,0.021,-0.586,-0.38,0.267,0.606,0.477,0.413,-0.204,-0.005,-0.285,-0.159,0.0,0.423,-0.066,0.151,-0.038,0.343,0.277,0.03,0.578,-0.198,0.408,0.12,0.003,0.272,0.175,0.02,0.374,-0.343,0.129,-0.211,0.064,0.181,-0.109,-0.122,0.005,0.274,0.641,0.011,0.278,-0.299,0.224,0.445,-0.241,0.135,-0.117,0.36,0.354,-0.186,-0.192,-0.174,-0.376,-0.512,0.515,0.482,0.565,0.277,0.399,-0.151,-0.107,0.176,0.432,0.166,0.362,-0.02,0.154,-0.021,-0.012,-0.225,0.538,0.438,0.514,-0.105,-0.292,0.865,0.277,0.136,-0.408,-0.202,0.047,-0.211,0.312,-0.09,0.071,0.191,0.52,0.702,-0.126,0.413,0.239,0.019,0.026,0.128,0.693,0.438,0.41,-0.206,-0.026,0.596,0.483,0.571,-0.251,0.728,-0.033,-0.058,-0.013,0.436,-0.17,0.244,0.195,0.476,0.274,-0.063,0.069,-0.121,0.084,-0.384,0.615,0.686,0.16,-0.004,-0.337,0.773,0.364,-0.023,-0.164,-0.287,0.503,-0.118,-0.236,0.438,0.496,-0.037,0.638,0.032,-0.123,-0.147,-0.304,0.209,-0.19,0.349,0.024,0.141,0.165,-0.013,-0.396,-0.26,0.474,0.164,-0.241,-0.321,0.24,-0.429,-0.248,0.386,0.133,0.455,0.402,0.582,-0.163,-0.445,0.26,0.376,-0.383,-0.073,-0.226,0.2,0.13,-0.227,-0.132,0.426,-0.138,-0.217,0.393,0.52,-0.126,0.529,0.203,0.702,0.234,0.475,-0.341,0.624,0.435,-0.001,0.293,0.564,0.104,0.488
BANR,-0.425,0.772,0.681,0.326,0.262,0.465,0.715,0.818,0.766,0.38,0.282,0.816,-0.203,0.334,0.328,0.802,0.903,-0.083,0.184,0.696,0.342,-0.617,0.423,0.0,0.097,-0.602,0.75,0.88,0.718,0.723,0.778,0.278,0.333,0.418,0.006,0.849,0.906,0.863,0.664,-0.403,0.836,0.479,-0.073,-0.57,0.739,0.721,0.747,0.921,0.842,0.669,0.861,-0.597,0.355,-0.226,-0.117,0.862,0.693,0.946,0.855,-0.799,0.225,0.545,0.535,-0.508,0.907,0.884,0.924,0.755,-0.231,0.732,0.499,0.758,0.793,0.779,0.906,0.816,0.922,0.774,-0.226,0.528,0.926,0.802,0.799,0.718,0.561,0.305,0.799,0.825,0.284,0.566,0.649,0.207,0.874,0.585,0.796,-0.216,0.953,0.169,0.571,0.457,0.916,-0.754,0.503,0.727,0.416,0.176,0.629,0.034,-0.095,0.833,0.865,0.9,0.626,0.474,-0.182,0.677,0.358,0.468,-0.277,0.776,-0.032,0.633,0.75,0.736,0.749,0.624,0.721,-0.114,0.869,0.871,0.115,0.786,0.233,0.067,0.668,0.499,0.677,0.55,0.566,0.359,0.65,0.884,0.917,-0.28,0.395,0.82,-0.212,0.608,-0.045,0.106,-0.408,0.3,-0.31,0.049,-0.261,0.771,0.312,0.461,0.53,0.655,-0.081,0.46,0.885,0.327,0.333,0.766,0.886,0.049,0.434,0.936,-0.426,0.351,0.887,0.897,0.375,0.034,0.61,0.907,-0.465,0.138,0.462,0.55,0.719,0.603,0.414,-0.114,0.022,0.776,-0.481,0.75,0.42,-0.074,0.414,0.182,0.671,0.816,0.928,0.654,-0.056,0.534
BBIO,-0.142,0.302,0.345,0.629,-0.13,0.468,0.149,0.051,0.228,0.297,0.529,0.151,0.657,0.214,0.668,-0.113,0.117,0.157,-0.054,0.373,0.474,0.45,-0.066,0.097,0.0,-0.054,0.066,0.271,0.414,0.398,0.234,-0.03,0.343,0.689,-0.426,0.006,0.022,0.216,0.274,0.218,0.341,0.597,0.051,-0.229,0.262,0.426,0.193,0.33,0.247,0.46,-0.115,0.551,0.358,-0.392,-0.24,0.212,0.266,0.254,0.058,0.11,0.151,-0.123,0.147,0.023,-0.035,0.296,-0.0,0.137,0.097,0.253,0.357,0.332,0.214,0.088,0.115,0.235,0.117,0.254,0.184,0.145,-0.082,0.21,0.194,0.174,0.203,-0.249,0.09,0.384,0.258,-0.073,0.304,0.327,0.078,0.224,-0.075,-0.177,0.162,-0.112,0.113,-0.328,0.102,-0.031,0.089,0.353,-0.07,-0.598,0.113,0.118,0.093,0.158,0.01,-0.041,0.329,0.175,0.154,0.325,0.172,-0.142,0.134,0.261,-0.112,0.074,0.276,0.303,0.208,0.242,0.117,-0.021,0.161,-0.029,0.056,0.284,0.637,-0.149,-0.027,-0.207,0.334,0.463,-0.137,0.268,0.409,0.073,-0.09,-0.242,0.181,0.025,0.292,0.452,0.333,0.205,-0.0,-0.302,-0.403,-0.216,-0.271,0.404,0.469,0.126,-0.062,0.25,-0.22,0.073,0.067,0.553,0.325,-0.018,0.175,0.271,0.25,-0.004,0.275,0.414,-0.077,0.019,0.583,0.261,0.363,0.2,-0.037,0.475,0.501,0.192,0.193,0.085,0.319,-0.492,0.515,0.014,0.125,0.037,0.121,0.112,0.638,-0.147,0.043,0.012,0.235,0.163,0.398,0.006
BCYC,0.841,-0.561,-0.7,-0.209,0.09,-0.774,-0.463,-0.813,-0.644,0.094,-0.689,-0.805,-0.135,-0.324,-0.131,-0.555,-0.381,0.602,0.114,-0.453,-0.326,0.732,0.151,-0.602,-0.054,0.0,-0.831,-0.721,-0.39,-0.731,-0.552,-0.033,0.176,-0.149,0.385,-0.442,-0.627,-0.73,-0.531,0.52,-0.773,-0.566,0.487,0.896,-0.655,-0.777,-0.837,-0.565,-0.427,-0.813,-0.785,0.488,-0.06,0.731,0.366,-0.665,-0.675,-0.693,-0.426,0.834,-0.029,-0.533,-0.708,0.495,-0.601,-0.462,-0.574,-0.216,0.794,-0.825,-0.354,-0.485,-0.186,-0.524,-0.512,-0.775,-0.779,-0.558,0.321,-0.408,-0.415,-0.499,-0.445,-0.653,-0.556,0.252,-0.545,-0.648,-0.196,-0.633,-0.504,-0.284,-0.468,-0.354,-0.681,0.771,-0.512,0.5,-0.653,0.195,-0.741,0.746,-0.046,-0.392,0.306,0.322,-0.001,-0.263,0.55,-0.512,-0.571,-0.498,-0.616,0.093,0.591,-0.564,0.085,0.083,0.461,-0.495,0.518,-0.03,-0.802,-0.697,-0.4,-0.662,-0.426,0.138,-0.505,-0.39,0.394,-0.845,-0.512,0.575,-0.462,-0.274,-0.835,-0.807,0.068,-0.266,-0.78,-0.3,-0.586,0.584,-0.022,-0.747,0.39,-0.68,0.248,0.428,0.659,0.317,0.681,0.326,0.764,-0.798,-0.602,-0.366,-0.394,-0.73,0.212,-0.359,-0.578,-0.648,-0.157,-0.291,-0.789,0.475,-0.335,-0.523,0.651,-0.451,-0.776,-0.42,-0.543,-0.009,-0.715,-0.794,0.854,-0.051,-0.264,0.021,-0.892,-0.623,-0.036,0.666,0.192,-0.683,0.839,-0.227,0.065,0.608,-0.615,0.564,-0.061,-0.781,-0.774,-0.059,0.468,0.193
BHFAP,-0.645,0.784,0.775,0.222,-0.111,0.735,0.74,0.902,0.606,0.172,0.652,0.85,0.136,0.479,-0.019,0.576,0.63,-0.52,0.306,0.682,0.462,-0.67,-0.038,0.75,0.066,-0.831,0.0,0.773,0.47,0.828,0.521,0.392,-0.04,0.322,-0.04,0.691,0.846,0.891,0.542,-0.36,0.816,0.652,-0.157,-0.753,0.842,0.827,0.849,0.703,0.514,0.734,0.855,-0.528,0.166,-0.483,-0.019,0.884,0.793,0.776,0.701,-0.791,0.324,0.797,0.83,-0.284,0.688,0.642,0.665,0.56,-0.582,0.912,0.548,0.615,0.467,0.775,0.724,0.857,0.903,0.754,-0.247,0.679,0.603,0.623,0.541,0.862,0.735,-0.153,0.67,0.786,0.465,0.86,0.595,0.392,0.725,0.645,0.814,-0.477,0.653,-0.293,0.697,0.154,0.886,-0.847,0.419,0.611,0.009,-0.053,0.243,0.246,-0.175,0.476,0.698,0.681,0.803,0.027,-0.262,0.743,0.293,0.273,-0.307,0.693,-0.245,0.267,0.685,0.827,0.685,0.83,0.701,-0.019,0.538,0.498,-0.101,0.864,0.488,-0.377,0.552,0.63,0.8,0.806,0.135,0.386,0.835,0.552,0.711,-0.249,0.11,0.939,-0.097,0.822,0.0,-0.109,-0.343,0.114,-0.393,-0.093,-0.488,0.779,0.641,0.575,0.448,0.759,0.129,0.633,0.799,0.684,0.352,0.539,0.837,-0.386,0.187,0.616,-0.449,0.64,0.808,0.691,0.636,-0.094,0.781,0.859,-0.643,0.235,0.442,0.3,0.904,0.864,0.238,-0.493,0.083,0.631,-0.733,0.4,0.178,-0.525,0.616,-0.294,0.384,0.948,0.799,0.317,-0.3,0.152
BKR,-0.514,0.744,0.716,0.437,0.151,0.577,0.628,0.793,0.824,0.269,0.452,0.844,-0.037,0.368,0.455,0.725,0.778,-0.226,0.058,0.702,0.371,-0.545,0.343,0.88,0.271,-0.721,0.773,0.0,0.681,0.796,0.833,0.112,0.203,0.488,-0.28,0.728,0.801,0.839,0.773,-0.454,0.88,0.622,-0.128,-0.696,0.745,0.781,0.823,0.855,0.809,0.797,0.836,-0.402,0.262,-0.432,-0.244,0.845,0.721,0.927,0.784,-0.772,0.115,0.472,0.593,-0.534,0.828,0.878,0.873,0.611,-0.372,0.771,0.454,0.684,0.65,0.673,0.844,0.848,0.887,0.748,-0.164,0.509,0.766,0.765,0.75,0.715,0.559,0.15,0.831,0.821,0.265,0.51,0.767,0.305,0.766,0.568,0.756,-0.456,0.874,0.043,0.625,0.218,0.861,-0.73,0.317,0.67,0.183,-0.082,0.512,0.109,-0.22,0.815,0.767,0.823,0.657,0.403,-0.32,0.677,0.253,0.353,-0.314,0.765,-0.221,0.544,0.843,0.777,0.662,0.628,0.702,-0.139,0.842,0.767,0.054,0.841,0.356,-0.082,0.547,0.402,0.794,0.691,0.373,0.278,0.744,0.709,0.852,-0.478,0.325,0.788,-0.202,0.687,-0.131,0.044,-0.521,0.095,-0.488,-0.108,-0.509,0.859,0.443,0.401,0.487,0.734,-0.222,0.377,0.779,0.474,0.356,0.605,0.89,-0.033,0.549,0.831,-0.463,0.444,0.845,0.761,0.52,0.116,0.716,0.941,-0.613,0.173,0.551,0.422,0.817,0.572,0.307,-0.347,0.019,0.806,-0.493,0.651,0.37,-0.153,0.582,-0.059,0.53,0.779,0.924,0.58,-0.105,0.354
BLDP,-0.21,0.773,0.748,0.543,0.147,0.397,0.688,0.582,0.603,0.685,0.242,0.636,-0.083,0.336,0.588,0.613,0.718,0.135,0.206,0.702,0.289,-0.176,0.277,0.718,0.414,-0.39,0.47,0.681,0.0,0.664,0.712,0.403,0.657,0.466,-0.026,0.744,0.609,0.662,0.437,-0.024,0.74,0.58,0.006,-0.321,0.666,0.608,0.425,0.78,0.778,0.631,0.474,-0.311,0.711,-0.179,-0.234,0.705,0.54,0.684,0.664,-0.468,0.389,0.34,0.424,-0.365,0.572,0.727,0.581,0.578,0.136,0.595,0.731,0.764,0.611,0.591,0.764,0.664,0.671,0.743,-0.005,0.448,0.592,0.768,0.768,0.605,0.535,0.159,0.664,0.816,0.385,0.387,0.58,0.319,0.594,0.591,0.435,0.001,0.712,0.211,0.519,0.372,0.724,-0.604,0.514,0.802,0.418,-0.041,0.594,0.074,0.193,0.724,0.719,0.65,0.572,0.578,0.087,0.638,0.412,0.453,-0.011,0.752,0.147,0.681,0.547,0.679,0.75,0.541,0.604,-0.205,0.808,0.614,0.253,0.633,0.383,0.14,0.574,0.27,0.544,0.529,0.531,0.41,0.494,0.677,0.615,-0.288,0.506,0.57,0.026,0.428,0.268,0.364,-0.127,0.17,-0.364,0.068,-0.057,0.74,0.169,0.345,0.149,0.453,-0.127,0.378,0.789,0.363,0.407,0.757,0.605,0.429,0.444,0.641,-0.272,0.38,0.513,0.735,0.526,0.34,0.562,0.642,-0.104,0.574,0.56,0.672,0.475,0.472,0.566,-0.087,0.179,0.434,-0.261,0.622,0.501,0.107,0.538,0.299,0.648,0.533,0.707,0.638,0.455,0.553
BLFS,-0.589,0.827,0.892,0.481,-0.135,0.747,0.715,0.845,0.684,0.253,0.727,0.825,0.276,0.42,0.298,0.578,0.69,-0.34,0.219,0.729,0.497,-0.466,0.03,0.723,0.398,-0.731,0.828,0.796,0.664,0.0,0.643,0.287,0.115,0.414,-0.17,0.684,0.76,0.863,0.709,-0.232,0.908,0.737,-0.069,-0.772,0.84,0.853,0.803,0.752,0.621,0.867,0.704,-0.277,0.278,-0.554,-0.146,0.891,0.804,0.788,0.714,-0.66,0.34,0.629,0.725,-0.288,0.64,0.715,0.609,0.546,-0.446,0.905,0.652,0.644,0.455,0.661,0.688,0.839,0.868,0.789,-0.242,0.639,0.507,0.703,0.628,0.817,0.704,-0.203,0.673,0.853,0.492,0.7,0.615,0.535,0.672,0.556,0.695,-0.436,0.651,-0.229,0.65,0.05,0.85,-0.83,0.459,0.713,0.05,-0.193,0.253,0.229,-0.119,0.557,0.673,0.61,0.797,0.12,-0.183,0.818,0.291,0.239,-0.346,0.781,-0.229,0.349,0.764,0.825,0.714,0.833,0.622,-0.055,0.634,0.456,-0.081,0.897,0.669,-0.248,0.49,0.419,0.813,0.889,0.146,0.514,0.814,0.512,0.666,-0.328,0.289,0.836,0.03,0.823,0.068,0.002,-0.291,-0.06,-0.508,-0.126,-0.495,0.881,0.688,0.556,0.4,0.704,-0.026,0.509,0.764,0.773,0.358,0.579,0.799,-0.186,0.372,0.58,-0.381,0.619,0.727,0.647,0.744,0.104,0.801,0.837,-0.552,0.424,0.534,0.366,0.842,0.805,0.441,-0.501,0.196,0.635,-0.619,0.394,0.258,-0.328,0.753,-0.217,0.339,0.813,0.82,0.358,-0.128,0.236
BLKB,-0.376,0.564,0.594,0.588,0.34,0.327,0.404,0.629,0.909,0.248,0.245,0.717,-0.28,0.023,0.613,0.789,0.661,-0.092,-0.185,0.48,0.077,-0.461,0.578,0.778,0.234,-0.552,0.521,0.833,0.712,0.643,0.0,-0.067,0.347,0.327,-0.381,0.635,0.553,0.608,0.638,-0.536,0.769,0.406,-0.309,-0.539,0.505,0.594,0.569,0.74,0.906,0.746,0.703,-0.407,0.41,-0.281,-0.527,0.651,0.487,0.817,0.631,-0.708,-0.106,0.152,0.3,-0.745,0.764,0.761,0.796,0.403,-0.206,0.551,0.336,0.661,0.556,0.542,0.738,0.661,0.726,0.548,-0.157,0.228,0.675,0.755,0.786,0.452,0.299,0.405,0.706,0.716,-0.008,0.25,0.563,0.203,0.558,0.271,0.531,-0.373,0.827,0.229,0.529,0.188,0.747,-0.606,0.149,0.607,0.261,-0.058,0.444,0.001,-0.288,0.921,0.785,0.737,0.389,0.607,-0.413,0.474,0.033,0.282,-0.415,0.709,-0.247,0.557,0.796,0.615,0.456,0.365,0.466,-0.44,0.941,0.808,0.006,0.696,0.197,0.137,0.575,0.061,0.605,0.501,0.469,0.135,0.477,0.589,0.826,-0.603,0.466,0.573,-0.384,0.388,-0.302,0.103,-0.576,-0.027,-0.618,-0.187,-0.446,0.749,0.185,0.066,0.378,0.685,-0.48,0.063,0.647,0.26,0.124,0.616,0.731,0.254,0.717,0.829,-0.574,0.112,0.742,0.644,0.289,0.248,0.519,0.76,-0.487,0.128,0.331,0.42,0.58,0.288,0.314,-0.128,-0.174,0.814,-0.382,0.696,0.336,0.097,0.336,0.101,0.467,0.544,0.85,0.584,-0.014,0.311
