,ABAT,ACLS,ACMR,ADMA,ADUS,ADVM,AEIS,AGNCM,AHCO,ALGT,ALLO,AMSF,ANAB,ANDE,APLS,APPF,ASML,ATRC,AVGO,AVT,AXDX,AXSM,AZN,BANR,BBIO,BCYC,BHFAP,BKR,BLDP,BLFS,BLKB,BLMN,BNTX,BPMC,CALM,CAMT,CASH,CATY,CCEP,CDLX,CDNS,CENN,CENX,CGC,CHDN,CLBK,COKE,COLB,COO,CORT,CRMT,CRNX,CRTO,CRVL,CSCO,CSQ,CSWI,CVBF,CWST,CYCC,CZR,DLTR,DORM,ENTA,EQIX,ERIC,EVRG,EWBC,EXAS,EXLS,EXPI,EYE,FBNC,FBRX,FCNCA,FELE,FIBK,FLEX,FRGT,FRHC,FRME,FWONA,FWONK,GDEN,GIII,GILD,GLNG,GNTX,GOOGL,GRPN,HCSG,HIMX,HOPE,HST,HTLD,HUT,HWC,ICUI,IESC,INTC,INTU,IOVA,IPAR,IPGP,ISRG,JBSS,KALU,KPRX,KRNT,LAUR,LBRDA,LBTYK,LECO,LILAK,LITE,MANH,MDXG,MFIC,MGEE,MIDD,MLAB,MMSI,MNKD,MOMO,MRVL,NICE,NMFC,NUWE,NVCR,NWBI,OFIX,OFLX,OMCL,OPK,ORKA,ORLY,OTTR,PDD,PNTG,POOL,POWL,PPBI,PPC,PRAA,PRPL,PZZA,QTRX,QURE,RDFN,RDHL,REAL,REG,REYN,RGLD,RIOT,RUN,RYTM,SAIA,SBAC,SBRA,SCVL,SHOO,SLAB,SLDB,SMCI,SMTC,SRCE,SSP,SSRM,STBA,STRO,SVC,SYBT,TCBI,TCOM,TENX,TH,TMUS,TNDM,TTD,TTMI,UAL,ULH,ULTA,VCYT,VIRT,VKTX,VOD,VRDN,VREX,VRNT,VSAT,WB,WBD,WDC,WEN,WSFS,XXII,Z,ZBRA
ABAT,0.0,0.496,0.667,0.8,0.579,0.39,0.28,0.262,0.533,0.366,0.31,0.314,0.252,-0.008,0.622,0.726,0.296,0.539,0.569,0.376,0.665,0.677,-0.012,0.421,0.551,0.565,0.282,-0.155,0.502,0.624,0.529,-0.209,0.353,0.361,-0.165,0.406,0.551,0.394,0.248,0.512,0.446,0.498,-0.003,0.368,0.493,0.121,0.376,0.287,0.393,-0.271,0.444,0.11,0.396,0.061,0.032,0.703,0.18,0.166,0.493,0.491,0.547,0.229,0.129,-0.051,0.285,0.221,0.473,0.278,0.608,0.634,0.484,0.53,0.438,0.434,0.525,0.42,0.101,0.32,0.328,0.519,0.637,0.067,0.021,0.343,0.252,0.355,-0.011,0.291,0.687,0.09,0.048,0.169,0.323,-0.079,0.663,0.612,0.563,0.377,-0.071,0.747,0.448,0.444,0.349,0.179,0.499,0.409,-0.134,0.457,0.589,0.199,0.325,0.383,0.51,0.028,0.103,0.409,0.558,0.434,0.306,0.487,0.442,0.211,0.176,0.014,0.486,0.535,0.772,0.118,0.417,0.284,0.031,-0.265,0.603,0.539,0.017,0.324,-0.029,0.268,0.46,0.763,0.228,0.412,0.433,0.116,0.457,0.383,0.761,0.786,0.38,0.262,0.693,0.458,-0.366,-0.275,0.637,0.565,-0.155,0.784,0.604,-0.054,0.341,0.407,0.336,0.299,0.164,0.294,0.186,0.3,-0.227,0.386,0.499,-0.035,0.255,0.512,0.32,0.215,0.111,0.486,0.744,0.368,0.227,0.192,-0.176,0.457,0.711,0.223,0.44,0.142,0.182,0.368,0.52,0.282,0.296,0.436,0.141,0.533,0.405,0.535,-0.132,0.452
ACLS,0.496,0.0,0.809,0.379,0.214,0.256,0.809,0.326,0.434,0.639,0.254,0.249,0.313,-0.119,0.583,0.465,0.74,0.447,0.429,0.697,0.382,0.475,0.446,0.593,0.27,0.527,0.131,-0.346,0.468,0.277,0.484,0.406,0.393,0.273,-0.192,0.564,0.474,0.656,0.393,0.453,0.191,0.19,-0.12,0.443,0.581,0.037,0.332,0.683,0.226,-0.094,0.478,0.59,0.226,0.198,0.072,0.492,0.048,0.412,-0.085,0.526,0.841,0.052,0.037,0.03,0.075,0.169,-0.141,0.566,0.551,0.127,0.604,0.153,0.582,0.312,0.724,0.633,0.32,0.56,0.214,0.534,0.577,0.598,0.538,0.599,0.751,0.054,-0.161,0.494,0.469,0.405,0.06,0.623,0.532,0.575,0.142,0.499,0.702,0.096,0.314,0.378,0.357,0.55,0.535,0.326,0.263,-0.133,0.348,0.459,0.566,0.176,0.439,0.481,0.41,0.377,0.736,0.546,0.569,0.433,-0.338,0.472,0.012,0.103,0.216,0.556,0.536,0.387,0.366,0.184,0.794,0.364,-0.094,-0.093,0.113,0.433,-0.028,0.235,-0.113,0.538,0.363,0.456,-0.135,0.595,0.346,0.281,0.002,0.354,0.561,0.595,0.342,0.417,0.647,0.221,-0.167,-0.232,0.666,0.201,-0.223,0.564,-0.04,0.302,0.379,0.875,0.552,0.267,0.132,0.62,0.216,0.604,-0.224,0.368,0.414,0.548,0.155,0.519,0.63,0.206,-0.236,0.678,0.526,0.757,-0.128,0.618,-0.048,0.811,0.526,0.49,0.434,0.449,0.304,-0.209,0.509,0.14,0.427,0.624,0.567,0.727,0.429,0.753,0.372,0.221
ACMR,0.667,0.809,0.0,0.673,0.245,0.576,0.59,0.226,0.733,0.726,0.55,0.483,0.545,-0.339,0.737,0.767,0.729,0.383,0.652,0.418,0.675,0.703,0.061,0.657,0.632,0.748,-0.079,-0.446,0.373,0.662,0.798,-0.065,0.674,0.589,-0.462,0.757,0.671,0.644,0.564,0.767,0.22,0.561,-0.359,0.691,0.332,0.205,0.536,0.55,0.093,-0.429,0.493,0.302,0.379,-0.038,-0.145,0.76,-0.115,0.318,0.018,0.735,0.805,-0.122,-0.083,-0.285,0.039,0.486,0.209,0.627,0.835,0.365,0.866,0.462,0.605,0.654,0.744,0.762,-0.039,0.7,0.481,0.752,0.585,0.556,0.531,0.426,0.653,0.318,-0.383,0.659,0.783,0.581,0.134,0.562,0.551,0.442,0.251,0.806,0.672,-0.05,0.327,0.696,0.67,0.762,0.688,0.508,0.245,-0.02,0.252,0.65,0.822,0.489,0.673,0.716,0.394,0.454,0.348,0.434,0.538,0.59,-0.042,0.673,0.423,-0.095,0.406,0.509,0.769,0.735,0.536,0.356,0.786,0.372,-0.21,-0.074,0.486,0.65,-0.157,0.157,-0.06,0.678,0.615,0.524,0.229,0.689,0.657,0.45,0.243,0.601,0.754,0.742,0.674,0.612,0.888,0.465,-0.535,-0.552,0.903,0.33,-0.499,0.624,0.217,0.029,0.674,0.752,0.777,0.594,-0.113,0.733,0.37,0.423,-0.494,0.494,0.699,0.469,0.433,0.707,0.682,0.424,-0.177,0.772,0.819,0.542,0.007,0.649,-0.311,0.688,0.847,0.145,0.71,0.547,0.569,0.023,0.76,-0.01,0.621,0.646,0.556,0.823,0.616,0.892,0.188,0.543
ADMA,0.8,0.379,0.673,0.0,0.352,0.406,0.19,0.005,0.592,0.28,0.342,0.398,0.321,-0.108,0.738,0.828,0.199,0.35,0.63,0.149,0.619,0.788,-0.209,0.34,0.594,0.474,-0.016,-0.034,0.348,0.729,0.61,-0.47,0.379,0.467,-0.265,0.455,0.507,0.29,0.268,0.595,0.339,0.611,-0.083,0.47,0.184,0.275,0.37,0.107,0.249,-0.345,0.513,0.004,0.204,0.092,-0.074,0.686,0.112,0.178,0.519,0.637,0.44,0.108,0.084,-0.244,0.177,0.319,0.518,0.205,0.606,0.58,0.578,0.665,0.315,0.52,0.326,0.461,-0.149,0.36,0.417,0.565,0.49,0.08,0.068,0.249,0.182,0.377,-0.138,0.303,0.641,0.184,0.161,0.241,0.196,-0.071,0.545,0.659,0.404,0.22,0.089,0.806,0.516,0.435,0.322,0.175,0.486,0.508,-0.086,0.474,0.554,0.414,0.321,0.438,0.472,0.096,-0.047,0.304,0.452,0.396,0.402,0.502,0.539,0.038,0.364,-0.006,0.526,0.645,0.758,0.127,0.337,0.212,0.023,-0.22,0.643,0.526,-0.032,0.369,0.03,0.305,0.551,0.714,0.29,0.324,0.502,0.239,0.549,0.393,0.638,0.628,0.5,0.29,0.67,0.488,-0.454,-0.364,0.681,0.53,-0.194,0.612,0.636,-0.098,0.485,0.285,0.364,0.41,0.096,0.278,0.229,0.323,-0.319,0.306,0.47,-0.063,0.294,0.487,0.36,0.301,0.228,0.587,0.723,0.174,0.145,0.189,-0.251,0.368,0.74,0.056,0.563,0.151,0.273,0.37,0.577,0.274,0.337,0.43,0.199,0.46,0.44,0.599,-0.113,0.459
ADUS,0.579,0.214,0.245,0.352,0.0,-0.205,0.246,-0.007,-0.088,-0.206,-0.357,-0.444,0.039,0.63,0.126,0.162,-0.009,0.744,0.211,0.397,0.153,0.107,0.299,-0.278,-0.094,0.029,0.643,0.33,0.787,0.046,-0.092,0.026,-0.296,-0.343,0.531,-0.308,-0.195,-0.272,-0.471,-0.138,0.737,0.131,0.567,-0.314,0.745,-0.356,-0.36,-0.114,0.751,0.3,0.276,0.224,0.103,0.19,0.142,0.03,0.725,-0.266,0.629,0.045,0.258,0.473,0.41,0.562,0.63,-0.418,0.245,-0.367,0.151,0.619,0.006,0.025,-0.203,-0.249,-0.04,0.056,0.523,-0.381,-0.356,-0.216,0.211,-0.433,-0.486,0.394,-0.265,-0.261,0.653,-0.375,0.166,-0.466,-0.286,0.088,-0.327,-0.434,0.46,-0.068,0.064,0.806,-0.351,0.489,-0.231,-0.181,-0.314,-0.42,0.718,0.421,-0.54,-0.234,-0.004,-0.488,-0.278,-0.333,0.219,-0.584,0.165,0.698,0.733,-0.229,0.18,-0.271,-0.018,0.812,-0.574,-0.434,-0.092,-0.145,0.177,-0.458,0.206,-0.26,0.626,-0.475,0.037,0.183,0.465,0.195,0.193,-0.376,0.186,0.621,-0.288,-0.253,-0.264,-0.397,0.204,-0.359,0.439,0.35,-0.281,-0.394,0.099,-0.058,0.193,0.369,0.018,0.885,0.312,0.56,0.573,0.143,-0.311,0.117,-0.165,-0.383,0.547,-0.259,-0.46,0.278,0.474,-0.234,-0.024,-0.513,-0.424,-0.179,-0.37,-0.526,0.453,0.053,0.281,0.477,0.134,-0.408,0.475,0.292,0.148,0.37,-0.201,-0.518,-0.399,0.121,-0.226,0.619,-0.437,-0.244,-0.463,-0.046,-0.362,0.01,-0.112,-0.166
ADVM,0.39,0.256,0.576,0.406,-0.205,0.0,-0.019,0.48,0.76,0.757,0.952,0.732,0.664,-0.802,0.406,0.657,0.601,-0.121,0.542,-0.211,0.71,0.391,-0.546,0.724,0.936,0.876,-0.42,-0.77,-0.313,0.785,0.826,-0.434,0.87,0.85,-0.818,0.851,0.778,0.629,0.845,0.854,-0.096,0.795,-0.846,0.719,-0.336,0.424,0.715,0.324,-0.378,-0.867,-0.02,-0.385,0.716,-0.652,-0.197,0.825,-0.618,0.16,-0.214,0.393,0.365,-0.341,-0.513,-0.614,-0.2,0.894,0.58,0.718,0.764,0.3,0.641,0.604,0.66,0.95,0.747,0.514,-0.566,0.787,0.858,0.781,0.443,0.507,0.565,-0.357,0.373,0.803,-0.766,0.812,0.821,0.716,0.165,0.028,0.631,0.309,0.05,0.848,0.549,-0.606,0.068,0.487,0.92,0.749,0.848,0.886,-0.308,-0.242,0.151,0.697,0.872,0.781,0.837,0.85,0.25,0.531,-0.238,-0.272,-0.226,0.671,0.35,0.798,0.802,-0.633,0.592,0.452,0.898,0.8,0.382,0.83,0.264,0.379,-0.732,0.359,0.752,0.606,-0.262,-0.408,-0.066,0.747,0.417,0.024,0.826,0.763,0.85,0.608,0.339,0.878,0.571,0.609,0.802,0.838,0.736,0.78,-0.893,-0.898,0.701,-0.121,-0.769,0.373,0.152,-0.586,0.855,0.364,0.86,0.919,-0.666,0.823,0.715,-0.339,-0.887,0.652,0.944,0.533,0.916,0.863,0.569,0.863,-0.422,0.364,0.674,-0.069,0.348,0.621,-0.873,0.09,0.784,-0.515,0.745,0.754,0.766,0.318,0.831,-0.644,0.815,0.478,0.412,0.67,0.773,0.639,-0.336,0.961
AEIS,0.28,0.809,0.59,0.19,0.246,-0.019,0.0,0.239,0.133,0.358,-0.047,-0.012,0.255,0.128,0.265,0.113,0.618,0.361,0.309,0.771,-0.008,0.215,0.639,0.287,-0.014,0.182,0.296,-0.065,0.575,-0.081,0.153,0.514,0.12,-0.1,0.039,0.28,0.229,0.425,0.077,0.137,0.182,-0.049,0.141,0.101,0.596,-0.049,0.068,0.582,0.246,0.283,0.431,0.743,0.055,0.339,0.31,0.175,0.226,0.293,-0.03,0.375,0.573,0.08,0.292,0.16,0.245,-0.17,-0.312,0.302,0.21,-0.039,0.314,-0.05,0.341,0.011,0.436,0.492,0.509,0.283,-0.183,0.229,0.4,0.401,0.357,0.614,0.592,-0.165,0.08,0.298,0.213,0.202,0.118,0.613,0.301,0.559,0.106,0.127,0.524,0.183,0.395,0.159,-0.006,0.245,0.223,-0.009,0.336,-0.146,0.307,0.154,0.245,-0.077,0.152,0.196,0.286,0.224,0.835,0.522,0.633,0.327,-0.403,0.131,-0.254,0.259,-0.028,0.416,0.239,0.027,0.155,-0.062,0.632,0.179,0.173,-0.016,-0.255,0.395,-0.019,0.346,0.089,0.21,0.138,0.431,-0.23,0.303,0.013,0.216,-0.152,0.063,0.213,0.322,0.021,0.106,0.289,-0.003,0.152,0.102,0.345,0.232,0.099,0.387,-0.166,0.577,0.096,0.672,0.342,-0.057,0.392,0.41,0.068,0.584,0.074,0.171,0.112,0.44,-0.067,0.202,0.344,-0.052,-0.031,0.492,0.193,0.668,-0.026,0.369,0.202,0.865,0.166,0.388,0.057,0.204,-0.01,-0.207,0.169,0.336,0.165,0.339,0.444,0.417,0.17,0.458,0.519,-0.06
AGNCM,0.262,0.326,0.226,0.005,-0.007,0.48,0.239,0.0,0.134,0.474,0.402,0.162,0.469,-0.251,-0.056,0.093,0.567,0.175,0.242,0.248,0.201,-0.102,0.015,0.396,0.401,0.483,0.264,-0.523,0.038,0.13,0.166,0.212,0.335,0.152,-0.216,0.337,0.42,0.441,0.349,0.253,0.129,0.318,-0.313,0.063,0.148,0.1,0.228,0.381,0.006,-0.189,-0.035,-0.042,0.746,-0.393,0.296,0.387,-0.134,0.01,-0.146,-0.109,0.314,0.049,-0.104,0.026,0.189,0.234,0.264,0.379,0.225,0.139,0.093,0.124,0.469,0.363,0.6,0.214,0.139,0.33,0.219,0.308,0.466,0.251,0.249,-0.206,0.246,0.497,-0.165,0.431,0.436,0.18,-0.007,-0.089,0.469,0.224,0.162,0.244,0.545,-0.204,-0.179,0.106,0.307,0.197,0.406,0.408,-0.104,-0.275,-0.013,0.221,0.436,0.114,0.308,0.303,0.352,0.129,0.215,0.03,-0.053,0.467,0.079,0.262,0.275,-0.102,0.018,0.23,0.421,0.096,0.157,0.467,0.137,0.226,-0.352,0.405,0.165,0.231,0.077,-0.376,0.069,0.23,-0.144,0.039,0.435,0.439,0.24,0.193,0.077,0.383,0.32,0.465,0.098,0.328,0.254,0.433,-0.28,-0.237,0.173,-0.014,-0.113,0.468,0.004,-0.24,0.208,0.389,0.434,0.272,-0.109,0.518,0.39,-0.253,-0.276,0.412,0.522,0.375,0.465,0.418,0.148,0.392,-0.247,0.008,0.235,0.228,0.552,0.249,-0.39,0.224,0.221,-0.159,0.049,0.366,0.137,0.263,0.269,-0.275,0.329,0.197,0.118,0.353,0.323,0.156,-0.269,0.515
AHCO,0.533,0.434,0.733,0.592,-0.088,0.76,0.133,0.134,0.0,0.723,0.787,0.828,0.334,-0.711,0.619,0.758,0.537,-0.119,0.511,0.021,0.761,0.687,-0.281,0.799,0.725,0.764,-0.497,-0.53,-0.05,0.735,0.887,-0.335,0.795,0.853,-0.767,0.857,0.775,0.741,0.8,0.842,-0.247,0.646,-0.669,0.896,-0.12,0.492,0.835,0.524,-0.347,-0.756,0.262,0.005,0.3,-0.202,-0.309,0.78,-0.48,0.54,-0.153,0.664,0.417,-0.25,-0.361,-0.68,-0.374,0.787,0.291,0.794,0.832,0.137,0.791,0.548,0.73,0.801,0.706,0.652,-0.342,0.81,0.755,0.883,0.5,0.614,0.633,0.172,0.622,0.463,-0.731,0.8,0.679,0.796,0.274,0.269,0.731,0.486,0.16,0.896,0.568,-0.384,0.427,0.485,0.806,0.907,0.84,0.731,-0.213,-0.028,0.483,0.861,0.81,0.765,0.876,0.875,0.215,0.711,-0.045,-0.15,0.085,0.687,0.167,0.871,0.586,-0.521,0.739,0.617,0.784,0.871,0.552,0.57,0.595,0.623,-0.524,0.057,0.651,0.596,-0.477,0.076,-0.096,0.851,0.606,0.234,0.513,0.808,0.822,0.679,0.207,0.829,0.573,0.525,0.877,0.826,0.887,0.485,-0.653,-0.79,0.896,-0.057,-0.727,0.335,0.049,-0.148,0.859,0.511,0.783,0.831,-0.541,0.732,0.667,0.14,-0.8,0.713,0.702,0.535,0.7,0.86,0.742,0.711,-0.266,0.596,0.662,0.097,-0.016,0.751,-0.63,0.268,0.834,-0.147,0.875,0.758,0.778,0.055,0.89,-0.297,0.826,0.701,0.656,0.798,0.809,0.82,0.125,0.667
ALGT,0.366,0.639,0.726,0.28,-0.206,0.757,0.358,0.474,0.723,0.0,0.792,0.648,0.559,-0.716,0.455,0.548,0.837,-0.006,0.411,0.204,0.642,0.424,-0.045,0.875,0.668,0.853,-0.291,-0.847,-0.125,0.556,0.768,0.109,0.852,0.752,-0.71,0.886,0.778,0.833,0.872,0.794,-0.197,0.485,-0.755,0.781,0.036,0.308,0.73,0.681,-0.303,-0.673,0.109,0.121,0.552,-0.362,-0.246,0.715,-0.56,0.399,-0.485,0.455,0.675,-0.383,-0.463,-0.447,-0.317,0.752,0.08,0.912,0.777,0.001,0.786,0.322,0.808,0.771,0.908,0.675,-0.236,0.883,0.673,0.843,0.53,0.835,0.829,0.079,0.777,0.495,-0.721,0.869,0.712,0.831,0.118,0.391,0.811,0.667,-0.071,0.794,0.698,-0.523,0.38,0.294,0.781,0.867,0.931,0.842,-0.289,-0.421,0.475,0.717,0.846,0.61,0.898,0.852,0.204,0.721,0.211,0.014,-0.005,0.738,-0.194,0.787,0.424,-0.52,0.547,0.789,0.809,0.713,0.344,0.695,0.673,0.527,-0.684,0.198,0.438,0.444,-0.304,-0.197,-0.213,0.883,0.404,0.039,0.427,0.901,0.766,0.629,-0.011,0.839,0.594,0.596,0.748,0.878,0.825,0.464,-0.625,-0.769,0.784,-0.227,-0.743,0.394,-0.198,-0.214,0.784,0.768,0.901,0.78,-0.531,0.924,0.615,0.045,-0.772,0.712,0.775,0.804,0.715,0.841,0.8,0.715,-0.644,0.532,0.614,0.38,0.05,0.906,-0.582,0.439,0.723,-0.076,0.755,0.888,0.76,-0.084,0.798,-0.517,0.837,0.717,0.689,0.89,0.776,0.795,0.17,0.688
ALLO,0.31,0.254,0.55,0.342,-0.357,0.952,-0.047,0.402,0.787,0.792,0.0,0.816,0.585,-0.885,0.392,0.617,0.576,-0.242,0.479,-0.214,0.695,0.42,-0.526,0.804,0.891,0.841,-0.539,-0.799,-0.426,0.768,0.822,-0.393,0.911,0.918,-0.894,0.897,0.815,0.704,0.929,0.879,-0.241,0.695,-0.914,0.813,-0.394,0.524,0.801,0.425,-0.49,-0.903,-0.043,-0.342,0.599,-0.593,-0.282,0.791,-0.747,0.273,-0.345,0.4,0.347,-0.411,-0.545,-0.713,-0.379,0.95,0.437,0.81,0.745,0.142,0.672,0.577,0.709,0.952,0.747,0.533,-0.601,0.868,0.888,0.842,0.42,0.617,0.67,-0.319,0.479,0.76,-0.858,0.875,0.764,0.811,0.211,0.082,0.725,0.396,-0.021,0.86,0.55,-0.705,0.228,0.379,0.933,0.818,0.887,0.92,-0.401,-0.293,0.327,0.753,0.851,0.848,0.891,0.897,0.177,0.677,-0.248,-0.34,-0.302,0.729,0.244,0.857,0.741,-0.76,0.721,0.566,0.866,0.843,0.359,0.87,0.311,0.501,-0.824,0.348,0.707,0.558,-0.373,-0.341,-0.143,0.828,0.422,-0.08,0.781,0.832,0.899,0.661,0.278,0.921,0.509,0.537,0.881,0.916,0.743,0.701,-0.853,-0.949,0.722,-0.296,-0.818,0.237,0.021,-0.534,0.894,0.381,0.86,0.961,-0.714,0.836,0.782,-0.287,-0.955,0.731,0.877,0.612,0.948,0.878,0.681,0.921,-0.5,0.374,0.639,-0.116,0.229,0.722,-0.863,0.075,0.756,-0.505,0.813,0.848,0.855,0.228,0.859,-0.718,0.891,0.587,0.539,0.692,0.851,0.659,-0.203,0.91
AMSF,0.314,0.249,0.483,0.398,-0.444,0.732,-0.012,0.162,0.828,0.648,0.816,0.0,0.241,-0.818,0.501,0.648,0.38,-0.411,0.456,-0.084,0.518,0.607,-0.412,0.815,0.705,0.62,-0.632,-0.526,-0.384,0.632,0.786,-0.352,0.744,0.852,-0.86,0.847,0.816,0.773,0.857,0.761,-0.466,0.494,-0.719,0.838,-0.41,0.718,0.957,0.513,-0.506,-0.732,0.19,-0.127,0.227,-0.174,-0.12,0.719,-0.675,0.627,-0.21,0.578,0.169,-0.226,-0.259,-0.836,-0.475,0.806,0.266,0.779,0.604,-0.067,0.591,0.626,0.754,0.777,0.628,0.558,-0.504,0.844,0.784,0.865,0.465,0.607,0.662,-0.062,0.601,0.595,-0.858,0.833,0.541,0.773,0.482,0.135,0.789,0.5,0.165,0.773,0.523,-0.574,0.448,0.245,0.793,0.807,0.811,0.724,-0.356,-0.009,0.601,0.816,0.671,0.882,0.8,0.844,0.316,0.813,-0.13,-0.44,-0.251,0.744,0.23,0.93,0.585,-0.755,0.919,0.602,0.718,0.805,0.568,0.698,0.341,0.726,-0.678,0.297,0.603,0.503,-0.622,0.11,-0.1,0.814,0.399,0.092,0.625,0.797,0.79,0.759,0.243,0.882,0.275,0.366,0.839,0.817,0.7,0.549,-0.593,-0.768,0.718,-0.387,-0.625,0.106,-0.056,-0.164,0.844,0.318,0.681,0.85,-0.547,0.692,0.837,0.011,-0.868,0.79,0.598,0.586,0.82,0.815,0.78,0.846,-0.295,0.542,0.47,-0.224,0.038,0.74,-0.788,0.149,0.632,-0.243,0.771,0.816,0.752,0.123,0.853,-0.421,0.879,0.724,0.734,0.663,0.903,0.618,0.07,0.681
ANAB,0.252,0.313,0.545,0.321,0.039,0.664,0.255,0.469,0.334,0.559,0.585,0.241,0.0,-0.341,0.234,0.447,0.629,0.201,0.575,0.02,0.416,0.178,-0.236,0.36,0.641,0.642,-0.054,-0.51,-0.023,0.509,0.51,-0.178,0.568,0.426,-0.367,0.512,0.449,0.295,0.432,0.58,0.305,0.653,-0.479,0.31,-0.057,0.195,0.249,0.223,0.002,-0.462,-0.038,-0.159,0.666,-0.542,-0.064,0.525,-0.192,-0.106,-0.109,0.258,0.445,-0.184,-0.215,-0.144,0.158,0.504,0.473,0.354,0.585,0.337,0.522,0.42,0.347,0.635,0.519,0.524,-0.224,0.461,0.414,0.456,0.342,0.299,0.358,-0.295,0.152,0.525,-0.309,0.527,0.69,0.393,0.083,0.259,0.29,0.156,-0.051,0.521,0.431,-0.324,-0.052,0.494,0.589,0.395,0.485,0.509,0.079,-0.243,-0.097,0.275,0.634,0.376,0.485,0.462,0.273,0.176,-0.049,0.182,0.073,0.43,0.216,0.364,0.596,-0.217,0.124,0.197,0.687,0.462,0.159,0.507,0.298,0.067,-0.325,0.208,0.404,0.464,0.142,-0.448,0.134,0.357,0.264,0.095,0.535,0.453,0.476,0.345,0.286,0.456,0.554,0.54,0.437,0.477,0.482,0.58,-0.608,-0.539,0.444,0.175,-0.421,0.422,0.261,-0.413,0.538,0.412,0.698,0.543,-0.244,0.633,0.35,-0.247,-0.468,0.317,0.738,0.318,0.548,0.509,0.221,0.469,-0.247,0.325,0.581,0.183,0.426,0.33,-0.404,0.322,0.569,-0.42,0.407,0.393,0.407,0.263,0.421,-0.384,0.404,0.138,0.124,0.442,0.391,0.469,-0.279,0.664
ANDE,-0.008,-0.119,-0.339,-0.108,0.63,-0.802,0.128,-0.251,-0.711,-0.716,-0.885,-0.818,-0.341,0.0,-0.234,-0.383,-0.453,0.531,-0.166,0.352,-0.511,-0.27,0.447,-0.729,-0.68,-0.645,0.702,0.781,0.603,-0.517,-0.686,0.275,-0.837,-0.841,0.939,-0.815,-0.647,-0.662,-0.917,-0.703,0.615,-0.451,0.955,-0.801,0.578,-0.471,-0.809,-0.388,0.776,0.828,0.145,0.267,-0.371,0.528,0.325,-0.558,0.887,-0.34,0.595,-0.313,-0.138,0.564,0.666,0.779,0.603,-0.901,-0.137,-0.814,-0.555,0.216,-0.54,-0.32,-0.605,-0.799,-0.604,-0.35,0.669,-0.813,-0.818,-0.74,-0.141,-0.714,-0.766,0.318,-0.529,-0.579,0.957,-0.821,-0.466,-0.88,-0.299,0.005,-0.699,-0.558,0.267,-0.687,-0.325,0.883,-0.379,-0.016,-0.771,-0.777,-0.848,-0.902,0.696,0.431,-0.524,-0.731,-0.662,-0.833,-0.873,-0.838,0.094,-0.799,0.207,0.572,0.502,-0.621,-0.022,-0.763,-0.491,0.921,-0.777,-0.72,-0.65,-0.689,-0.146,-0.813,-0.262,-0.481,0.909,-0.362,-0.478,-0.345,0.549,0.313,0.233,-0.849,-0.248,0.331,-0.656,-0.742,-0.777,-0.714,0.019,-0.865,-0.191,-0.225,-0.792,-0.904,-0.558,-0.447,0.683,0.863,-0.581,0.596,0.806,0.093,0.332,0.422,-0.796,-0.271,-0.73,-0.892,0.87,-0.733,-0.719,0.294,0.929,-0.619,-0.656,-0.727,-0.846,-0.725,-0.699,-0.891,0.615,-0.243,-0.308,0.214,-0.008,-0.78,0.836,0.07,-0.515,0.495,-0.736,-0.897,-0.839,-0.026,-0.752,0.786,-0.871,-0.596,-0.641,-0.606,-0.756,-0.523,-0.016,-0.709
APLS,0.622,0.583,0.737,0.738,0.126,0.406,0.265,-0.056,0.619,0.455,0.392,0.501,0.234,-0.234,0.0,0.863,0.316,0.295,0.566,0.262,0.572,0.872,-0.108,0.531,0.538,0.549,-0.198,-0.184,0.188,0.689,0.718,-0.228,0.461,0.59,-0.347,0.601,0.558,0.473,0.428,0.681,0.205,0.414,-0.19,0.656,0.179,0.234,0.456,0.283,0.19,-0.392,0.525,0.106,0.097,0.212,-0.21,0.683,-0.059,0.371,0.216,0.794,0.653,-0.049,-0.014,-0.322,-0.065,0.406,0.242,0.413,0.641,0.439,0.722,0.532,0.471,0.547,0.466,0.537,-0.223,0.539,0.529,0.624,0.525,0.365,0.334,0.382,0.466,0.342,-0.331,0.407,0.563,0.377,0.085,0.456,0.35,0.197,0.376,0.737,0.473,0.07,0.167,0.701,0.627,0.593,0.505,0.353,0.304,0.269,0.182,0.602,0.571,0.544,0.427,0.603,0.46,0.353,0.152,0.324,0.396,0.369,0.096,0.665,0.41,-0.084,0.563,0.276,0.613,0.748,0.732,0.24,0.495,0.287,-0.123,-0.085,0.609,0.483,-0.143,0.321,-0.19,0.561,0.61,0.548,0.096,0.488,0.62,0.321,0.397,0.506,0.626,0.626,0.632,0.43,0.743,0.428,-0.484,-0.458,0.789,0.253,-0.347,0.485,0.391,-0.014,0.597,0.483,0.448,0.523,-0.014,0.426,0.281,0.528,-0.401,0.344,0.479,0.216,0.292,0.581,0.658,0.367,-0.067,0.814,0.757,0.248,-0.128,0.468,-0.311,0.44,0.77,0.328,0.688,0.375,0.513,0.015,0.723,0.099,0.501,0.6,0.463,0.654,0.55,0.757,0.039,0.411
APPF,0.726,0.465,0.767,0.828,0.162,0.657,0.113,0.093,0.758,0.548,0.617,0.648,0.447,-0.383,0.863,0.0,0.376,0.262,0.7,0.108,0.761,0.866,-0.364,0.613,0.781,0.736,-0.228,-0.349,0.102,0.886,0.852,-0.459,0.623,0.751,-0.51,0.712,0.718,0.524,0.565,0.826,0.225,0.689,-0.373,0.719,0.037,0.387,0.616,0.266,0.111,-0.622,0.402,-0.122,0.358,-0.058,-0.225,0.843,-0.163,0.298,0.27,0.71,0.567,-0.009,-0.09,-0.442,-0.044,0.619,0.539,0.479,0.809,0.568,0.777,0.764,0.557,0.754,0.576,0.631,-0.357,0.629,0.685,0.768,0.612,0.328,0.33,0.123,0.371,0.558,-0.442,0.558,0.787,0.45,0.146,0.325,0.451,0.081,0.43,0.877,0.561,-0.039,0.091,0.8,0.806,0.684,0.615,0.496,0.247,0.309,0.084,0.683,0.75,0.671,0.589,0.685,0.529,0.344,-0.092,0.197,0.263,0.501,0.345,0.78,0.711,-0.215,0.588,0.223,0.779,0.881,0.784,0.418,0.448,0.399,-0.275,-0.041,0.821,0.592,-0.148,0.171,-0.144,0.605,0.663,0.573,0.422,0.597,0.75,0.404,0.554,0.675,0.769,0.75,0.756,0.564,0.86,0.631,-0.685,-0.645,0.854,0.3,-0.498,0.589,0.542,-0.273,0.746,0.456,0.615,0.694,-0.172,0.539,0.455,0.268,-0.592,0.522,0.695,0.181,0.543,0.74,0.61,0.547,-0.048,0.758,0.885,0.134,0.13,0.463,-0.519,0.34,0.92,0.064,0.779,0.446,0.576,0.241,0.819,-0.047,0.61,0.588,0.373,0.709,0.673,0.755,-0.161,0.68
ASML,0.296,0.74,0.729,0.199,-0.009,0.601,0.618,0.567,0.537,0.837,0.576,0.38,0.629,-0.453,0.316,0.376,0.0,0.194,0.404,0.388,0.464,0.23,0.214,0.663,0.498,0.73,-0.038,-0.674,0.163,0.327,0.564,0.29,0.676,0.44,-0.462,0.719,0.571,0.704,0.622,0.579,0.014,0.451,-0.521,0.514,0.215,0.142,0.479,0.651,-0.132,-0.371,0.168,0.337,0.583,-0.282,0.042,0.568,-0.252,0.296,-0.382,0.359,0.678,-0.237,-0.235,-0.17,-0.027,0.467,0.022,0.725,0.648,0.027,0.628,0.175,0.641,0.569,0.819,0.631,0.063,0.702,0.393,0.642,0.491,0.698,0.688,0.17,0.687,0.293,-0.439,0.724,0.627,0.632,0.115,0.411,0.661,0.676,-0.074,0.586,0.66,-0.339,0.292,0.272,0.549,0.655,0.735,0.643,-0.088,-0.453,0.353,0.535,0.725,0.366,0.695,0.643,0.263,0.522,0.469,0.219,0.207,0.621,-0.244,0.53,0.256,-0.241,0.264,0.695,0.707,0.443,0.162,0.555,0.681,0.337,-0.445,0.221,0.191,0.464,-0.113,-0.221,-0.028,0.675,0.264,0.132,0.281,0.715,0.486,0.496,-0.095,0.609,0.525,0.553,0.469,0.673,0.645,0.393,-0.422,-0.507,0.646,-0.003,-0.463,0.487,-0.184,-0.026,0.566,0.787,0.836,0.533,-0.272,0.872,0.433,0.135,-0.516,0.516,0.69,0.758,0.512,0.652,0.568,0.463,-0.408,0.458,0.486,0.552,0.136,0.726,-0.364,0.614,0.558,-0.022,0.49,0.7,0.497,-0.128,0.579,-0.3,0.614,0.528,0.548,0.77,0.543,0.708,0.193,0.53
ATRC,0.539,0.447,0.383,0.35,0.744,-0.121,0.361,0.175,-0.119,-0.006,-0.242,-0.411,0.201,0.531,0.295,0.262,0.194,0.0,0.281,0.476,0.216,0.163,0.275,-0.136,0.012,0.151,0.643,0.13,0.672,0.151,0.009,0.153,-0.122,-0.232,0.424,-0.14,-0.057,-0.127,-0.299,-0.001,0.808,0.101,0.432,-0.195,0.709,-0.428,-0.355,-0.044,0.78,0.279,0.287,0.229,0.253,0.12,0.167,0.179,0.596,-0.296,0.504,0.113,0.556,0.408,0.298,0.567,0.644,-0.285,0.227,-0.233,0.199,0.622,0.149,0.034,-0.094,-0.09,0.108,0.106,0.441,-0.192,-0.181,-0.086,0.292,-0.243,-0.308,0.352,-0.09,-0.074,0.52,-0.241,0.303,-0.384,-0.352,0.179,-0.215,-0.288,0.421,0.063,0.195,0.674,-0.42,0.555,-0.038,-0.147,-0.163,-0.243,0.742,0.282,-0.492,-0.123,0.149,-0.378,-0.211,-0.185,0.366,-0.491,0.357,0.824,0.67,-0.151,0.038,-0.155,0.048,0.696,-0.468,-0.32,0.063,-0.034,0.223,-0.262,0.235,-0.257,0.459,-0.29,0.12,0.091,0.592,0.098,0.063,-0.224,0.188,0.583,-0.311,-0.122,-0.119,-0.378,0.296,-0.238,0.559,0.453,-0.19,-0.283,0.186,0.129,0.018,0.226,0.132,0.769,0.226,0.634,0.559,0.045,-0.193,0.33,-0.041,-0.254,0.518,-0.044,-0.394,0.311,0.352,-0.207,0.129,-0.297,-0.311,-0.066,-0.166,-0.364,0.236,0.224,0.42,0.676,0.115,-0.244,0.368,0.411,0.248,0.497,-0.08,-0.366,-0.273,0.108,-0.049,0.459,-0.278,-0.084,-0.302,0.106,-0.227,0.167,-0.194,-0.024
AVGO,0.569,0.429,0.652,0.63,0.211,0.542,0.309,0.242,0.511,0.411,0.479,0.456,0.575,-0.166,0.566,0.7,0.404,0.281,0.0,0.276,0.362,0.562,-0.303,0.43,0.638,0.497,-0.057,-0.149,0.154,0.664,0.632,-0.302,0.418,0.465,-0.311,0.549,0.65,0.382,0.375,0.617,0.385,0.619,-0.188,0.391,0.104,0.415,0.381,0.267,0.317,-0.374,0.357,-0.111,0.365,-0.082,0.177,0.728,-0.047,0.198,0.398,0.642,0.444,0.237,0.183,-0.329,0.295,0.414,0.617,0.301,0.542,0.495,0.518,0.766,0.453,0.576,0.487,0.709,-0.114,0.514,0.424,0.582,0.673,0.153,0.211,0.057,0.244,0.549,-0.276,0.495,0.733,0.274,0.254,0.322,0.318,0.099,0.522,0.617,0.574,0.056,0.056,0.735,0.61,0.397,0.448,0.285,0.427,0.295,0.065,0.411,0.596,0.474,0.354,0.484,0.741,0.201,-0.009,0.253,0.285,0.55,0.525,0.564,0.689,-0.07,0.36,0.043,0.762,0.606,0.641,0.38,0.275,0.315,-0.025,0.209,0.546,0.678,-0.027,0.132,0.319,0.33,0.489,0.561,0.443,0.454,0.505,0.39,0.691,0.464,0.552,0.569,0.501,0.366,0.617,0.724,-0.485,-0.433,0.574,0.364,-0.251,0.62,0.533,-0.091,0.615,0.378,0.582,0.489,0.081,0.544,0.479,0.09,-0.414,0.487,0.633,0.152,0.486,0.579,0.377,0.433,0.14,0.618,0.704,0.169,0.348,0.267,-0.406,0.48,0.646,-0.093,0.469,0.275,0.328,0.354,0.574,0.005,0.438,0.333,0.301,0.431,0.564,0.583,-0.232,0.604
AVT,0.376,0.697,0.418,0.149,0.397,-0.211,0.771,0.248,0.021,0.204,-0.214,-0.084,0.02,0.352,0.262,0.108,0.388,0.476,0.276,0.0,-0.053,0.277,0.623,0.245,-0.16,0.06,0.445,0.11,0.615,-0.132,0.029,0.593,-0.073,-0.185,0.245,0.093,0.234,0.373,-0.069,0.039,0.291,-0.149,0.35,-0.009,0.805,0.009,0.015,0.614,0.469,0.368,0.52,0.668,-0.04,0.502,0.269,0.092,0.394,0.347,0.158,0.288,0.535,0.336,0.48,0.235,0.247,-0.297,-0.288,0.186,0.088,0.071,0.224,-0.026,0.347,-0.159,0.34,0.471,0.674,0.134,-0.327,0.09,0.577,0.244,0.173,0.721,0.525,-0.182,0.253,0.14,0.127,0.0,-0.068,0.533,0.294,0.348,0.357,0.029,0.584,0.44,0.293,0.182,-0.118,0.107,0.083,-0.222,0.471,0.127,0.24,0.086,0.095,-0.25,-0.025,0.05,0.434,0.12,0.745,0.645,0.679,0.277,-0.323,0.062,-0.27,0.443,-0.115,0.199,0.068,-0.04,0.316,-0.261,0.52,0.301,0.339,-0.186,-0.247,0.183,-0.028,0.515,0.115,0.042,0.135,0.561,-0.332,0.227,-0.058,0.022,0.009,-0.042,0.272,0.36,-0.082,-0.078,0.233,-0.15,0.303,0.262,0.224,0.291,0.221,0.466,-0.014,0.627,-0.042,0.639,0.095,-0.221,0.582,0.182,0.035,0.697,0.248,0.224,-0.067,0.165,-0.18,0.133,0.265,-0.227,0.094,0.494,0.196,0.64,0.007,0.204,0.363,0.759,0.099,0.627,-0.068,0.024,-0.14,-0.159,0.071,0.528,0.04,0.278,0.312,0.332,0.123,0.26,0.484,-0.202
AXDX,0.665,0.382,0.675,0.619,0.153,0.71,-0.008,0.201,0.761,0.642,0.695,0.518,0.416,-0.511,0.572,0.761,0.464,0.216,0.362,-0.053,0.0,0.6,-0.295,0.628,0.755,0.846,-0.201,-0.601,0.071,0.821,0.773,-0.362,0.775,0.758,-0.586,0.68,0.627,0.523,0.635,0.79,0.091,0.693,-0.578,0.739,0.062,0.13,0.593,0.279,-0.144,-0.748,0.116,-0.139,0.527,-0.39,-0.426,0.769,-0.298,0.119,-0.029,0.358,0.569,-0.259,-0.472,-0.313,-0.214,0.692,0.413,0.581,0.879,0.465,0.732,0.489,0.508,0.767,0.66,0.392,-0.377,0.607,0.724,0.71,0.404,0.407,0.374,0.023,0.368,0.483,-0.449,0.552,0.766,0.508,-0.046,0.151,0.493,0.082,0.149,0.857,0.468,-0.203,0.061,0.618,0.767,0.751,0.67,0.667,-0.023,-0.029,-0.006,0.655,0.795,0.505,0.72,0.681,0.093,0.323,-0.159,0.119,0.142,0.457,0.127,0.67,0.58,-0.303,0.42,0.342,0.674,0.795,0.469,0.497,0.462,0.3,-0.511,-0.206,0.776,0.463,-0.084,-0.092,-0.402,0.648,0.565,0.288,0.424,0.643,0.748,0.249,0.276,0.687,0.839,0.733,0.729,0.695,0.828,0.482,-0.746,-0.743,0.812,0.185,-0.684,0.515,0.317,-0.454,0.667,0.463,0.629,0.699,-0.456,0.547,0.335,0.037,-0.658,0.476,0.75,0.26,0.573,0.727,0.53,0.533,-0.325,0.405,0.799,0.219,0.034,0.511,-0.49,0.193,0.887,-0.105,0.802,0.515,0.599,0.178,0.743,-0.292,0.609,0.571,0.28,0.75,0.573,0.682,-0.159,0.702
AXSM,0.677,0.475,0.703,0.788,0.107,0.391,0.215,-0.102,0.687,0.424,0.42,0.607,0.178,-0.27,0.872,0.866,0.23,0.163,0.562,0.277,0.6,0.0,-0.144,0.554,0.566,0.518,-0.184,-0.175,0.201,0.697,0.705,-0.301,0.489,0.644,-0.428,0.612,0.659,0.519,0.454,0.688,0.087,0.406,-0.199,0.688,0.128,0.364,0.594,0.357,0.077,-0.415,0.561,0.11,0.059,0.276,-0.237,0.675,-0.123,0.431,0.245,0.753,0.505,-0.017,0.05,-0.475,-0.158,0.435,0.221,0.448,0.626,0.364,0.72,0.632,0.495,0.553,0.458,0.599,-0.236,0.559,0.475,0.684,0.524,0.343,0.315,0.397,0.495,0.349,-0.375,0.486,0.584,0.422,0.157,0.436,0.442,0.167,0.438,0.747,0.517,0.042,0.331,0.633,0.6,0.65,0.495,0.28,0.273,0.352,0.274,0.69,0.568,0.571,0.471,0.618,0.429,0.427,0.024,0.222,0.398,0.494,0.128,0.682,0.413,-0.171,0.633,0.292,0.557,0.784,0.809,0.209,0.507,0.443,-0.141,-0.199,0.598,0.524,-0.346,0.488,-0.193,0.544,0.573,0.618,0.216,0.512,0.641,0.374,0.42,0.564,0.596,0.636,0.675,0.452,0.772,0.341,-0.451,-0.464,0.807,0.223,-0.335,0.453,0.396,0.039,0.608,0.415,0.437,0.524,-0.003,0.375,0.379,0.529,-0.442,0.471,0.428,0.173,0.358,0.608,0.679,0.407,-0.021,0.774,0.736,0.141,-0.079,0.467,-0.331,0.434,0.769,0.223,0.677,0.397,0.497,0.113,0.727,0.151,0.561,0.666,0.507,0.653,0.623,0.662,0.166,0.405
AZN,-0.012,0.446,0.061,-0.209,0.299,-0.546,0.639,0.015,-0.281,-0.045,-0.526,-0.412,-0.236,0.447,-0.108,-0.364,0.214,0.275,-0.303,0.623,-0.295,-0.144,0.0,-0.127,-0.573,-0.236,0.496,0.197,0.616,-0.617,-0.414,0.782,-0.364,-0.535,0.477,-0.27,-0.326,0.043,-0.362,-0.434,0.05,-0.496,0.488,-0.315,0.66,-0.354,-0.259,0.341,0.286,0.633,0.19,0.872,-0.244,0.573,0.238,-0.391,0.493,0.204,-0.151,-0.081,0.186,0.137,0.359,0.55,0.113,-0.601,-0.704,-0.056,-0.22,-0.324,-0.164,-0.584,-0.086,-0.553,0.025,-0.019,0.754,-0.253,-0.61,-0.243,-0.037,0.082,-0.016,0.664,0.278,-0.665,0.476,-0.236,-0.363,-0.194,-0.036,0.327,-0.005,0.293,-0.073,-0.375,0.042,0.408,0.194,-0.342,-0.563,-0.133,-0.239,-0.397,0.205,-0.187,0.204,-0.209,-0.296,-0.573,-0.236,-0.331,-0.115,-0.083,0.741,0.442,0.523,-0.176,-0.685,-0.334,-0.769,0.524,-0.393,0.222,-0.366,-0.481,-0.191,-0.455,0.447,-0.047,0.376,-0.319,-0.691,-0.195,0.116,0.306,-0.048,-0.153,-0.267,0.132,-0.66,-0.111,-0.488,-0.209,-0.619,-0.378,-0.133,-0.076,-0.441,-0.288,-0.174,-0.584,0.636,0.562,-0.116,0.141,0.467,0.078,-0.375,0.682,-0.487,0.31,-0.198,-0.553,0.478,-0.155,-0.409,0.57,0.51,-0.217,-0.422,0.12,-0.572,-0.323,-0.075,-0.498,0.054,-0.002,-0.296,0.582,-0.338,0.032,0.608,0.5,-0.326,0.611,-0.37,-0.147,-0.4,-0.491,-0.382,0.519,-0.333,0.012,0.064,0.037,-0.353,-0.035,0.637,-0.613
BANR,0.421,0.593,0.657,0.34,-0.278,0.724,0.287,0.396,0.799,0.875,0.804,0.815,0.36,-0.729,0.531,0.613,0.663,-0.136,0.43,0.245,0.628,0.554,-0.127,0.0,0.651,0.787,-0.438,-0.691,-0.212,0.6,0.771,-0.011,0.804,0.809,-0.737,0.903,0.879,0.962,0.908,0.813,-0.28,0.45,-0.717,0.849,-0.025,0.586,0.849,0.803,-0.339,-0.677,0.199,0.074,0.373,-0.188,-0.187,0.745,-0.586,0.658,-0.355,0.526,0.563,-0.235,-0.354,-0.576,-0.446,0.768,0.123,0.953,0.721,-0.025,0.714,0.469,0.951,0.769,0.88,0.687,-0.205,0.926,0.722,0.882,0.7,0.815,0.816,0.11,0.822,0.548,-0.751,0.896,0.622,0.818,0.237,0.391,0.938,0.655,0.08,0.807,0.812,-0.494,0.471,0.296,0.789,0.878,0.921,0.803,-0.292,-0.193,0.616,0.796,0.773,0.708,0.863,0.885,0.322,0.826,0.174,-0.128,-0.046,0.811,-0.037,0.899,0.449,-0.579,0.753,0.752,0.785,0.775,0.521,0.663,0.589,0.808,-0.687,0.21,0.517,0.49,-0.438,0.034,-0.205,0.89,0.487,0.101,0.466,0.979,0.812,0.689,0.122,0.861,0.52,0.572,0.806,0.869,0.813,0.489,-0.556,-0.765,0.798,-0.336,-0.689,0.301,-0.154,-0.096,0.828,0.702,0.79,0.798,-0.456,0.848,0.824,0.155,-0.812,0.888,0.667,0.74,0.783,0.934,0.874,0.776,-0.505,0.622,0.595,0.16,0.032,0.896,-0.611,0.38,0.71,-0.026,0.791,0.897,0.764,-0.011,0.864,-0.438,0.895,0.816,0.788,0.863,0.923,0.774,0.177,0.658
BBIO,0.551,0.27,0.632,0.594,-0.094,0.936,-0.014,0.401,0.725,0.668,0.891,0.705,0.641,-0.68,0.538,0.781,0.498,0.012,0.638,-0.16,0.755,0.566,-0.573,0.651,0.0,0.839,-0.278,-0.671,-0.188,0.884,0.837,-0.549,0.833,0.839,-0.777,0.822,0.817,0.556,0.76,0.878,0.053,0.797,-0.709,0.696,-0.27,0.372,0.675,0.221,-0.23,-0.817,0.116,-0.405,0.706,-0.516,-0.19,0.892,-0.507,0.062,0.007,0.465,0.409,-0.29,-0.382,-0.61,-0.079,0.82,0.656,0.604,0.746,0.483,0.664,0.71,0.568,0.944,0.693,0.506,-0.603,0.736,0.828,0.778,0.473,0.372,0.412,-0.297,0.309,0.845,-0.67,0.744,0.907,0.592,0.162,0.024,0.533,0.133,0.242,0.888,0.551,-0.443,0.009,0.651,0.924,0.701,0.755,0.757,-0.09,-0.067,0.022,0.707,0.874,0.78,0.735,0.813,0.364,0.414,-0.284,-0.137,-0.084,0.66,0.417,0.783,0.838,-0.538,0.593,0.307,0.881,0.856,0.552,0.747,0.22,0.303,-0.614,0.253,0.842,0.673,-0.256,-0.238,-0.121,0.661,0.441,0.251,0.811,0.674,0.865,0.51,0.513,0.857,0.663,0.739,0.798,0.751,0.763,0.818,-0.92,-0.849,0.748,0.055,-0.665,0.509,0.383,-0.589,0.817,0.305,0.787,0.877,-0.494,0.72,0.629,-0.225,-0.82,0.582,0.931,0.372,0.859,0.82,0.565,0.817,-0.306,0.436,0.794,-0.073,0.382,0.507,-0.838,0.154,0.852,-0.45,0.736,0.631,0.696,0.461,0.85,-0.487,0.769,0.51,0.35,0.653,0.757,0.627,-0.384,0.968
BCYC,0.565,0.527,0.748,0.474,0.029,0.876,0.182,0.483,0.764,0.853,0.841,0.62,0.642,-0.645,0.549,0.736,0.73,0.151,0.497,0.06,0.846,0.518,-0.236,0.787,0.839,0.0,-0.223,-0.793,-0.036,0.765,0.827,-0.19,0.845,0.801,-0.668,0.835,0.75,0.714,0.791,0.858,0.055,0.715,-0.713,0.741,0.023,0.279,0.688,0.494,-0.177,-0.777,0.091,-0.096,0.701,-0.467,-0.27,0.818,-0.42,0.226,-0.218,0.406,0.645,-0.264,-0.452,-0.373,-0.197,0.785,0.405,0.763,0.899,0.366,0.768,0.512,0.712,0.872,0.87,0.602,-0.325,0.775,0.766,0.816,0.549,0.594,0.594,-0.058,0.518,0.594,-0.598,0.765,0.843,0.681,0.043,0.261,0.688,0.336,0.088,0.882,0.671,-0.392,0.113,0.539,0.86,0.827,0.852,0.824,-0.147,-0.229,0.155,0.707,0.907,0.62,0.85,0.809,0.26,0.487,-0.008,0.058,0.037,0.621,0.094,0.785,0.636,-0.406,0.481,0.529,0.866,0.8,0.439,0.686,0.561,0.415,-0.646,0.102,0.694,0.56,-0.134,-0.283,-0.233,0.781,0.532,0.193,0.555,0.826,0.803,0.507,0.209,0.831,0.8,0.792,0.768,0.824,0.865,0.615,-0.785,-0.811,0.825,0.04,-0.727,0.541,0.157,-0.445,0.781,0.639,0.859,0.81,-0.503,0.812,0.551,-0.046,-0.77,0.641,0.905,0.523,0.746,0.863,0.636,0.706,-0.469,0.502,0.798,0.256,0.178,0.695,-0.648,0.334,0.885,-0.167,0.791,0.734,0.711,0.124,0.812,-0.461,0.755,0.606,0.424,0.863,0.72,0.763,-0.157,0.828
BHFAP,0.282,0.131,-0.079,-0.016,0.643,-0.42,0.296,0.264,-0.497,-0.291,-0.539,-0.632,-0.054,0.702,-0.198,-0.228,-0.038,0.643,-0.057,0.445,-0.201,-0.184,0.496,-0.438,-0.278,-0.223,0.0,0.249,0.707,-0.35,-0.476,0.356,-0.477,-0.624,0.625,-0.478,-0.297,-0.337,-0.598,-0.457,0.6,-0.244,0.663,-0.631,0.65,-0.566,-0.518,-0.186,0.66,0.585,0.136,0.304,0.213,0.289,0.374,-0.224,0.703,-0.421,0.413,-0.322,0.109,0.372,0.48,0.681,0.657,-0.66,-0.046,-0.473,-0.308,0.344,-0.344,-0.301,-0.343,-0.479,-0.115,-0.233,0.592,-0.537,-0.594,-0.434,0.033,-0.501,-0.58,0.238,-0.294,-0.256,0.737,-0.455,-0.05,-0.647,-0.295,-0.128,-0.36,-0.409,0.337,-0.376,-0.018,0.705,-0.468,0.057,-0.488,-0.47,-0.489,-0.568,0.56,0.146,-0.537,-0.392,-0.238,-0.676,-0.527,-0.529,0.174,-0.662,0.286,0.572,0.53,-0.287,-0.114,-0.512,-0.337,0.761,-0.699,-0.435,-0.343,-0.5,0.011,-0.437,-0.041,-0.417,0.564,-0.282,-0.299,-0.126,0.429,0.093,0.076,-0.565,-0.354,0.424,-0.323,-0.42,-0.505,-0.556,-0.047,-0.453,0.123,0.226,-0.608,-0.57,-0.256,-0.203,0.375,0.617,-0.3,0.612,0.642,0.494,0.326,0.165,-0.64,-0.034,-0.355,-0.624,0.669,-0.373,-0.559,0.172,0.649,-0.416,-0.212,-0.407,-0.514,-0.419,-0.473,-0.54,0.299,-0.244,-0.069,0.425,0.253,-0.509,0.478,0.235,-0.232,0.368,-0.599,-0.56,-0.629,0.139,-0.467,0.576,-0.548,-0.321,-0.514,-0.221,-0.524,-0.331,-0.074,-0.299
BKR,-0.155,-0.346,-0.446,-0.034,0.33,-0.77,-0.065,-0.523,-0.53,-0.847,-0.799,-0.526,-0.51,0.781,-0.184,-0.349,-0.674,0.13,-0.149,0.11,-0.601,-0.175,0.197,-0.691,-0.671,-0.793,0.249,0.0,0.323,-0.462,-0.592,-0.007,-0.798,-0.705,0.721,-0.748,-0.619,-0.641,-0.815,-0.647,0.263,-0.418,0.844,-0.616,0.202,-0.132,-0.615,-0.41,0.477,0.737,0.138,0.142,-0.711,0.589,0.327,-0.551,0.667,-0.083,0.615,-0.107,-0.437,0.507,0.638,0.404,0.382,-0.768,-0.097,-0.779,-0.604,0.005,-0.565,-0.19,-0.583,-0.73,-0.788,-0.373,0.457,-0.72,-0.676,-0.649,-0.235,-0.678,-0.67,0.272,-0.518,-0.537,0.715,-0.755,-0.619,-0.725,0.015,-0.07,-0.655,-0.432,0.26,-0.665,-0.474,0.677,-0.153,-0.091,-0.715,-0.716,-0.814,-0.851,0.531,0.621,-0.245,-0.592,-0.748,-0.539,-0.81,-0.725,0.044,-0.546,0.048,0.196,0.289,-0.535,0.202,-0.623,-0.382,0.613,-0.422,-0.667,-0.668,-0.574,-0.072,-0.77,-0.394,-0.297,0.842,-0.206,-0.416,-0.293,0.262,0.507,0.372,-0.766,-0.139,0.225,-0.535,-0.729,-0.688,-0.446,0.099,-0.787,-0.47,-0.507,-0.628,-0.819,-0.603,-0.409,0.7,0.773,-0.57,0.358,0.74,-0.248,0.229,0.554,-0.619,-0.485,-0.772,-0.74,0.704,-0.76,-0.491,0.266,0.77,-0.517,-0.763,-0.689,-0.726,-0.691,-0.613,-0.732,0.775,-0.194,-0.461,-0.161,-0.128,-0.729,0.688,-0.1,-0.566,0.314,-0.595,-0.807,-0.72,-0.003,-0.644,0.732,-0.744,-0.545,-0.424,-0.704,-0.593,-0.503,0.072,-0.719
BLDP,0.502,0.468,0.373,0.348,0.787,-0.313,0.575,0.038,-0.05,-0.125,-0.426,-0.384,-0.023,0.603,0.188,0.102,0.163,0.672,0.154,0.615,0.071,0.201,0.616,-0.212,-0.188,-0.036,0.707,0.323,0.0,-0.133,-0.111,0.274,-0.274,-0.404,0.469,-0.208,-0.146,-0.1,-0.447,-0.177,0.549,-0.006,0.598,-0.258,0.789,-0.406,-0.274,0.072,0.624,0.474,0.452,0.625,0.005,0.465,0.23,-0.02,0.757,-0.072,0.453,0.111,0.33,0.376,0.507,0.508,0.525,-0.533,-0.098,-0.242,0.086,0.371,0.052,-0.155,-0.132,-0.314,0.048,0.122,0.658,-0.29,-0.478,-0.142,0.17,-0.256,-0.34,0.694,0.036,-0.394,0.607,-0.25,0.09,-0.351,-0.148,0.248,-0.171,-0.127,0.383,-0.074,0.152,0.75,-0.092,0.324,-0.321,-0.095,-0.263,-0.455,0.666,0.245,-0.264,-0.118,-0.003,-0.49,-0.243,-0.252,0.214,-0.385,0.499,0.734,0.888,-0.148,-0.161,-0.24,-0.288,0.759,-0.464,-0.166,-0.114,-0.196,0.187,-0.483,0.416,-0.186,0.638,-0.452,-0.188,0.172,0.265,0.389,0.106,-0.256,0.038,0.683,-0.4,-0.181,-0.304,-0.348,-0.038,-0.32,0.333,0.34,-0.293,-0.343,0.118,-0.221,0.296,0.455,0.139,0.802,0.423,0.576,0.315,0.46,-0.341,0.261,-0.095,-0.439,0.628,-0.16,-0.449,0.577,0.504,-0.237,-0.102,-0.249,-0.487,-0.178,-0.184,-0.507,0.411,0.161,0.18,0.616,0.003,-0.221,0.495,0.553,0.1,0.521,-0.239,-0.382,-0.413,-0.065,-0.173,0.778,-0.342,-0.068,-0.195,0.085,-0.32,0.116,0.263,-0.294
BLFS,0.624,0.277,0.662,0.729,0.046,0.785,-0.081,0.13,0.735,0.556,0.768,0.632,0.509,-0.517,0.689,0.886,0.327,0.151,0.664,-0.132,0.821,0.697,-0.617,0.6,0.884,0.765,-0.35,-0.462,-0.133,0.0,0.86,-0.61,0.742,0.839,-0.636,0.724,0.731,0.449,0.658,0.89,0.194,0.77,-0.567,0.74,-0.138,0.377,0.582,0.162,-0.049,-0.797,0.205,-0.415,0.45,-0.387,-0.33,0.876,-0.391,0.111,0.19,0.56,0.5,-0.147,-0.339,-0.523,-0.091,0.773,0.676,0.488,0.808,0.584,0.738,0.792,0.51,0.877,0.545,0.519,-0.556,0.666,0.829,0.749,0.502,0.311,0.339,-0.143,0.251,0.71,-0.543,0.582,0.852,0.493,0.068,0.184,0.405,-0.001,0.3,0.893,0.482,-0.236,0.047,0.799,0.9,0.655,0.647,0.638,0.117,0.193,-0.018,0.643,0.797,0.732,0.637,0.727,0.374,0.323,-0.332,0.044,0.038,0.543,0.464,0.752,0.846,-0.388,0.579,0.16,0.804,0.918,0.631,0.56,0.247,0.319,-0.447,0.042,0.925,0.593,-0.101,-0.044,-0.153,0.589,0.695,0.35,0.584,0.595,0.841,0.396,0.653,0.709,0.759,0.69,0.813,0.647,0.802,0.752,-0.839,-0.808,0.77,0.188,-0.672,0.471,0.529,-0.519,0.813,0.331,0.645,0.805,-0.364,0.573,0.513,-0.058,-0.722,0.537,0.799,0.169,0.696,0.763,0.551,0.649,-0.173,0.541,0.885,-0.007,0.177,0.425,-0.626,0.145,0.907,-0.248,0.836,0.472,0.665,0.391,0.821,-0.338,0.657,0.508,0.308,0.603,0.7,0.696,-0.369,0.827
BLKB,0.529,0.484,0.798,0.61,-0.092,0.826,0.153,0.166,0.887,0.768,0.822,0.786,0.51,-0.686,0.718,0.852,0.564,0.009,0.632,0.029,0.773,0.705,-0.414,0.771,0.837,0.827,-0.476,-0.592,-0.111,0.86,0.0,-0.379,0.85,0.895,-0.778,0.899,0.808,0.679,0.817,0.939,-0.104,0.695,-0.697,0.895,-0.114,0.413,0.768,0.417,-0.244,-0.802,0.274,-0.131,0.397,-0.322,-0.335,0.856,-0.5,0.343,-0.096,0.703,0.559,-0.272,-0.4,-0.647,-0.247,0.835,0.406,0.739,0.887,0.327,0.886,0.654,0.687,0.883,0.723,0.716,-0.483,0.849,0.81,0.867,0.511,0.617,0.639,0.07,0.579,0.592,-0.74,0.795,0.808,0.772,0.191,0.332,0.624,0.404,0.154,0.945,0.58,-0.4,0.312,0.63,0.919,0.871,0.862,0.762,-0.105,-0.033,0.313,0.787,0.883,0.803,0.846,0.898,0.319,0.627,-0.056,0.001,0.071,0.655,0.194,0.884,0.709,-0.51,0.689,0.52,0.881,0.939,0.557,0.604,0.529,0.477,-0.539,0.124,0.754,0.626,-0.367,-0.01,-0.13,0.83,0.666,0.288,0.538,0.778,0.894,0.617,0.374,0.843,0.682,0.638,0.908,0.822,0.911,0.618,-0.796,-0.848,0.902,0.005,-0.8,0.407,0.181,-0.299,0.925,0.559,0.834,0.884,-0.516,0.787,0.62,0.089,-0.805,0.638,0.817,0.5,0.735,0.862,0.775,0.725,-0.351,0.712,0.796,0.149,0.073,0.73,-0.667,0.316,0.914,-0.158,0.909,0.722,0.803,0.121,0.935,-0.375,0.832,0.674,0.598,0.813,0.812,0.843,-0.022,0.783
