,ABAT,ACLS,ACMR,ADMA,ADUS,ADVM,AEIS,AGNCM,AHCO,ALGT,ALLO,AMSF,ANAB,ANDE,APLS,APPF,ASML,ATRC,AVGO,AVT,AXDX,AXSM,AZN,BANR,BBIO,BCYC,BHFAP,BKR,BLDP,BLFS,BLKB,BLMN,BNTX,BPMC,CALM,CAMT,CASH,CATY,CCEP,CDLX,CDNS,CENN,CENX,CGC,CHDN,CLBK,COKE,COLB,COO,CORT,CRMT,CRNX,CRTO,CRVL,CSCO,CSQ,CSWI,CVBF,CWST,CYCC,CZR,DLTR,DORM,ENTA,EQIX,ERIC,EVRG,EWBC,EXAS,EXLS,EXPI,EYE,FBNC,FBRX,FCNCA,FELE,FIBK,FLEX,FRGT,FRHC,FRME,FWONA,FWONK,GDEN,GIII,GILD,GLNG,GNTX,GOOGL,GRPN,HCSG,HIMX,HOPE,HST,HTLD,HUT,HWC,ICUI,IESC,INTC,INTU,IOVA,IPAR,IPGP,ISRG,JBSS,KALU,KPRX,KRNT,LAUR,LBRDA,LBTYK,LECO,LILAK,LITE,MANH,MDXG,MFIC,MGEE,MIDD,MLAB,MMSI,MNKD,MOMO,MRVL,NICE,NMFC,NUWE,NVCR,NWBI,OFIX,OFLX,OMCL,OPK,ORKA,ORLY,OTTR,PDD,PNTG,POOL,POWL,PPBI,PPC,PRAA,PRPL,PZZA,QTRX,QURE,RDFN,RDHL,REAL,REG,REYN,RGLD,RIOT,RUN,RYTM,SAIA,SBAC,SBRA,SCVL,SHOO,SLAB,SLDB,SMCI,SMTC,SRCE,SSP,SSRM,STBA,STRO,SVC,SYBT,TCBI,TCOM,TENX,TH,TMUS,TNDM,TTD,TTMI,UAL,ULH,ULTA,VCYT,VIRT,VKTX,VOD,VRDN,VREX,VRNT,VSAT,WB,WBD,WDC,WEN,WSFS,XXII,Z,ZBRA
ABAT,0.0,0.644,0.845,0.046,-0.252,0.087,0.662,0.593,0.564,-0.506,0.707,0.112,0.659,0.603,0.671,0.73,0.395,0.66,0.618,-0.263,0.468,0.723,-0.255,0.336,0.627,0.806,-0.224,-0.242,0.775,0.623,-0.625,0.607,0.24,0.883,-0.191,0.685,-0.391,0.436,-0.155,0.722,0.48,0.332,0.509,0.459,-0.436,0.09,-0.296,0.463,0.657,0.152,0.485,0.721,0.659,-0.157,0.233,0.597,0.5,0.169,0.638,0.338,0.656,0.303,-0.2,0.816,0.488,0.667,0.48,0.201,-0.097,0.599,0.699,0.41,-0.04,0.009,0.626,0.56,0.334,0.558,0.298,0.611,0.394,0.063,0.289,-0.094,0.523,0.387,0.249,-0.018,0.63,0.854,-0.072,-0.138,0.221,0.507,0.412,0.544,0.357,-0.052,0.141,-0.636,0.693,0.444,0.423,-0.16,0.609,-0.43,0.029,0.367,0.646,-0.7,0.188,0.347,0.558,0.472,0.593,0.568,0.774,0.814,0.519,0.518,-0.591,0.631,0.858,0.239,0.359,0.681,0.7,0.753,0.632,0.448,-0.747,0.444,-0.412,0.224,0.096,0.513,0.651,-0.429,0.742,0.672,0.676,0.482,-0.771,-0.834,0.778,0.35,-0.494,-0.644,0.691,0.68,0.833,0.335,-0.572,-0.076,0.734,0.69,0.752,0.645,0.708,0.499,0.614,0.048,0.276,0.547,0.6,-0.716,0.171,0.306,-0.226,0.327,0.308,0.692,0.296,0.436,-0.011,0.653,-0.306,0.55,-0.637,0.551,0.826,0.681,0.712,-0.359,0.165,0.648,0.525,-0.043,0.118,-0.499,0.537,0.604,-0.105,-0.405,-0.11,0.432,0.492,0.667,0.712,-0.22
ACLS,0.644,0.0,0.786,0.199,-0.026,-0.307,0.845,0.824,0.756,-0.31,0.512,-0.001,0.541,0.81,0.622,0.737,0.855,0.752,0.898,0.056,0.519,0.418,-0.034,0.527,0.187,0.659,0.244,0.081,0.859,0.673,-0.295,0.644,0.481,0.715,-0.246,0.726,-0.654,0.453,0.339,0.658,0.719,0.254,0.506,0.438,-0.395,-0.232,0.065,0.481,0.784,0.344,0.35,0.444,0.72,0.361,0.424,0.806,0.486,0.279,0.769,0.228,0.799,-0.028,-0.454,0.799,0.703,0.729,0.639,0.272,0.016,0.767,0.549,0.386,0.181,-0.044,0.708,0.752,0.461,0.664,0.222,0.792,0.64,0.323,0.438,0.359,0.431,0.366,0.255,0.298,0.79,0.732,0.186,0.091,0.428,0.579,0.636,0.577,0.449,0.346,0.367,-0.692,0.748,0.294,0.721,0.304,0.824,-0.019,0.21,0.301,0.57,-0.458,-0.228,0.521,0.746,0.568,0.847,0.747,0.534,0.762,0.722,0.678,-0.148,0.7,0.822,0.16,0.802,0.724,0.771,0.463,0.47,0.636,-0.428,0.687,-0.105,0.015,-0.158,0.584,0.708,-0.546,0.597,0.617,0.706,0.632,-0.778,-0.642,0.539,0.709,-0.244,-0.302,0.421,0.711,0.507,0.348,-0.121,-0.206,0.722,0.777,0.643,0.753,0.798,0.52,0.471,-0.381,0.706,0.533,0.617,-0.401,0.369,0.267,-0.36,0.488,0.033,0.572,0.592,0.497,-0.062,0.365,0.252,0.759,-0.398,0.443,0.792,0.728,0.709,-0.364,0.342,0.742,0.225,-0.476,0.262,-0.195,0.563,0.637,-0.422,-0.037,0.339,0.694,0.691,0.249,0.49,0.201
ACMR,0.845,0.786,0.0,0.28,-0.055,-0.151,0.845,0.733,0.549,-0.56,0.804,0.253,0.78,0.735,0.839,0.917,0.613,0.863,0.858,-0.354,0.655,0.814,-0.054,0.646,0.571,0.88,-0.129,0.053,0.907,0.864,-0.473,0.839,0.194,0.927,-0.152,0.801,-0.492,0.67,0.253,0.837,0.75,0.348,0.775,0.621,-0.361,0.085,-0.062,0.706,0.848,0.156,0.693,0.693,0.871,0.164,0.435,0.814,0.738,0.478,0.82,0.46,0.846,0.225,-0.238,0.877,0.703,0.827,0.734,0.494,-0.233,0.787,0.852,0.584,0.245,0.129,0.842,0.801,0.624,0.82,0.313,0.823,0.707,0.391,0.582,0.029,0.662,0.546,0.464,0.318,0.859,0.863,0.218,0.015,0.554,0.734,0.715,0.791,0.658,0.039,0.426,-0.711,0.896,0.472,0.431,0.131,0.736,-0.337,0.369,0.399,0.839,-0.658,0.077,0.613,0.81,0.754,0.801,0.79,0.82,0.9,0.762,0.738,-0.573,0.848,0.865,0.347,0.524,0.857,0.886,0.633,0.766,0.717,-0.773,0.516,-0.263,0.408,0.195,0.731,0.83,-0.587,0.847,0.818,0.845,0.739,-0.851,-0.743,0.74,0.566,-0.619,-0.654,0.78,0.8,0.78,0.597,-0.465,-0.184,0.919,0.892,0.848,0.839,0.876,0.734,0.75,-0.017,0.351,0.712,0.788,-0.687,0.47,0.53,-0.286,0.628,0.443,0.852,0.618,0.689,-0.105,0.722,-0.249,0.757,-0.688,0.766,0.911,0.869,0.862,-0.203,0.17,0.829,0.594,-0.151,0.332,-0.325,0.755,0.83,-0.238,-0.489,0.204,0.575,0.766,0.353,0.767,0.127
ADMA,0.046,0.199,0.28,0.0,0.345,-0.288,0.407,0.114,-0.284,-0.425,0.633,0.833,0.698,0.225,0.605,0.494,0.063,0.433,0.375,-0.711,0.721,0.522,0.486,0.693,0.37,0.218,-0.42,0.489,0.207,0.635,-0.349,0.55,-0.475,0.277,0.728,0.472,0.205,0.788,0.526,0.535,0.426,0.516,0.567,0.753,0.495,0.605,0.351,0.755,0.285,-0.303,0.524,0.404,0.516,0.48,0.733,0.396,0.705,0.791,0.374,0.844,0.425,0.204,0.489,0.299,0.287,0.248,0.538,0.859,-0.775,0.268,0.462,0.847,0.804,0.852,0.589,0.359,0.693,0.643,0.121,0.47,0.529,0.469,0.509,-0.283,0.76,0.798,0.866,0.71,0.433,0.16,0.763,0.459,0.698,0.692,0.466,0.721,0.758,-0.086,0.645,-0.024,0.505,0.664,0.075,-0.143,-0.055,-0.026,0.737,-0.116,0.604,-0.214,0.385,0.243,0.478,0.683,0.21,0.402,0.478,0.381,0.492,0.636,-0.465,0.421,0.103,0.482,-0.045,0.496,0.42,0.376,0.706,0.57,-0.52,-0.018,0.174,0.533,0.262,0.624,0.501,-0.071,0.529,0.621,0.546,0.665,-0.269,-0.17,0.333,0.166,-0.47,-0.471,0.606,0.536,0.392,0.757,-0.157,-0.69,0.489,0.333,0.558,0.124,0.315,0.594,0.691,0.355,-0.355,0.734,0.647,-0.329,0.697,0.844,-0.618,0.736,0.669,0.62,0.485,0.756,0.293,0.226,-0.125,0.251,-0.608,0.696,0.428,0.521,0.414,0.641,-0.517,0.596,0.709,0.056,0.821,0.547,0.736,0.553,-0.034,-0.562,0.429,0.344,0.509,-0.39,0.314,0.366
ADUS,-0.252,-0.026,-0.055,0.345,0.0,-0.513,0.164,0.135,-0.055,0.067,0.019,0.26,0.046,0.148,0.099,0.152,0.084,0.211,0.131,-0.075,0.272,-0.002,0.223,0.334,-0.151,-0.096,0.135,0.492,-0.041,0.218,0.308,0.214,-0.274,-0.063,0.284,0.051,0.047,0.3,0.494,0.223,0.206,0.26,0.181,0.35,0.287,0.067,0.591,0.297,0.094,-0.135,0.165,-0.026,0.168,0.535,0.351,0.197,0.247,0.406,0.164,0.243,0.275,0.156,0.313,0.061,0.107,0.006,0.267,0.383,-0.151,0.101,0.149,0.363,0.301,0.128,0.192,0.155,0.333,0.207,-0.15,0.1,0.284,0.322,0.29,0.227,0.211,0.343,0.351,0.497,0.186,0.064,0.603,0.052,0.353,0.199,0.178,0.29,0.322,0.271,0.48,0.094,0.131,0.195,0.099,0.213,0.051,0.396,0.414,-0.182,0.179,-0.006,0.003,0.312,0.187,0.31,0.142,0.188,0.065,0.063,0.24,0.282,0.166,0.265,-0.043,0.072,0.127,0.195,0.146,-0.029,0.177,0.252,0.093,0.126,0.546,0.414,0.034,0.284,0.236,-0.061,0.119,0.206,0.213,0.279,-0.015,0.237,0.019,0.271,-0.134,-0.077,0.084,0.209,-0.054,0.278,0.215,-0.116,0.144,0.033,0.148,-0.033,0.138,0.239,0.218,0.146,0.006,0.186,0.193,-0.069,0.335,0.314,-0.149,0.317,0.146,0.108,0.289,0.29,-0.063,-0.183,0.17,0.163,0.06,0.219,-0.056,0.256,0.182,0.473,-0.225,0.129,0.135,0.003,0.461,0.569,0.276,0.203,-0.19,-0.005,0.433,0.201,0.241,-0.344,0.139,0.275
ADVM,0.087,-0.307,-0.151,-0.288,-0.513,0.0,-0.491,-0.6,-0.178,0.207,-0.01,-0.105,-0.098,-0.547,-0.313,-0.326,-0.451,-0.365,-0.422,-0.101,-0.458,0.061,-0.196,-0.563,0.296,-0.086,-0.512,-0.475,-0.289,-0.387,-0.127,-0.497,0.042,-0.084,-0.085,-0.004,0.464,-0.455,-0.723,-0.412,-0.554,-0.25,-0.331,-0.532,0.269,0.256,-0.678,-0.427,-0.427,0.198,-0.185,0.07,-0.379,-0.864,-0.547,-0.592,-0.411,-0.474,-0.581,-0.326,-0.52,-0.114,0.122,-0.394,-0.529,-0.376,-0.596,-0.442,0.297,-0.579,-0.279,-0.428,-0.382,0.004,-0.513,-0.539,-0.509,-0.458,0.114,-0.454,-0.636,-0.719,-0.661,-0.475,-0.33,-0.425,-0.429,-0.477,-0.47,-0.273,-0.688,0.163,-0.585,-0.389,-0.519,-0.357,-0.473,-0.266,-0.418,0.513,-0.398,-0.042,-0.532,-0.256,-0.424,-0.498,-0.382,0.162,-0.349,0.176,0.462,-0.432,-0.554,-0.43,-0.433,-0.525,-0.188,-0.367,-0.63,-0.526,-0.195,-0.503,-0.243,0.151,-0.36,-0.461,-0.464,0.067,-0.16,-0.615,0.06,-0.47,-0.216,-0.24,0.277,-0.578,-0.547,0.522,-0.31,-0.366,-0.395,-0.543,0.409,-0.065,-0.229,-0.726,0.344,0.208,-0.108,-0.444,-0.073,-0.377,-0.137,0.279,-0.244,-0.391,-0.331,-0.338,-0.495,-0.492,-0.329,0.259,-0.188,-0.349,-0.467,0.283,-0.552,-0.314,0.467,-0.544,0.055,-0.26,-0.584,-0.484,0.359,0.092,-0.328,-0.523,0.108,-0.28,-0.222,-0.428,-0.494,-0.077,0.351,-0.463,0.005,0.317,-0.535,-0.45,-0.442,-0.472,0.744,-0.039,-0.402,-0.613,-0.568,0.44,-0.018,-0.281
AEIS,0.662,0.845,0.845,0.407,0.164,-0.491,0.0,0.873,0.527,-0.577,0.665,0.289,0.719,0.906,0.854,0.908,0.768,0.911,0.95,-0.197,0.781,0.604,0.066,0.811,0.303,0.794,0.102,0.28,0.9,0.875,-0.309,0.905,0.114,0.769,-0.096,0.719,-0.64,0.762,0.53,0.892,0.915,0.364,0.772,0.76,-0.375,-0.056,0.327,0.792,0.921,0.171,0.583,0.577,0.907,0.574,0.714,0.969,0.783,0.606,0.96,0.577,0.938,0.178,-0.264,0.915,0.864,0.887,0.892,0.604,-0.352,0.93,0.786,0.683,0.471,0.165,0.931,0.931,0.752,0.901,0.209,0.944,0.881,0.636,0.768,0.267,0.73,0.662,0.597,0.565,0.956,0.806,0.496,-0.022,0.744,0.853,0.85,0.789,0.756,0.219,0.586,-0.778,0.938,0.459,0.636,0.234,0.798,0.037,0.519,0.217,0.843,-0.584,-0.196,0.584,0.942,0.793,0.866,0.948,0.775,0.913,0.933,0.919,-0.344,0.908,0.822,0.18,0.655,0.903,0.952,0.499,0.693,0.89,-0.631,0.705,-0.135,0.409,-0.031,0.871,0.922,-0.723,0.81,0.845,0.897,0.895,-0.875,-0.571,0.677,0.778,-0.605,-0.624,0.68,0.892,0.726,0.669,-0.238,-0.241,0.854,0.928,0.85,0.847,0.931,0.804,0.747,-0.194,0.438,0.753,0.878,-0.632,0.673,0.603,-0.466,0.781,0.31,0.82,0.813,0.798,-0.192,0.487,0.022,0.907,-0.614,0.732,0.894,0.908,0.927,-0.132,0.002,0.928,0.45,-0.414,0.537,-0.02,0.845,0.893,-0.516,-0.319,0.402,0.812,0.914,0.04,0.602,0.284
AGNCM,0.593,0.824,0.733,0.114,0.135,-0.6,0.873,0.0,0.688,-0.322,0.376,-0.073,0.431,0.86,0.608,0.741,0.849,0.769,0.819,0.108,0.576,0.356,-0.13,0.605,0.055,0.605,0.433,0.166,0.837,0.685,-0.178,0.746,0.363,0.622,-0.34,0.544,-0.793,0.534,0.457,0.734,0.786,0.316,0.556,0.553,-0.609,-0.384,0.327,0.55,0.842,0.12,0.396,0.313,0.708,0.541,0.492,0.903,0.54,0.357,0.898,0.313,0.86,0.268,-0.38,0.851,0.807,0.822,0.73,0.359,-0.082,0.899,0.626,0.451,0.18,-0.149,0.773,0.82,0.532,0.691,-0.007,0.816,0.748,0.595,0.67,0.468,0.498,0.4,0.303,0.348,0.831,0.788,0.346,-0.182,0.538,0.586,0.698,0.566,0.518,0.343,0.371,-0.867,0.787,0.184,0.713,0.346,0.84,0.144,0.25,0.236,0.625,-0.553,-0.423,0.682,0.821,0.596,0.826,0.811,0.539,0.789,0.806,0.708,-0.062,0.819,0.799,-0.073,0.756,0.8,0.826,0.318,0.424,0.729,-0.435,0.708,-0.047,0.154,-0.179,0.726,0.79,-0.767,0.62,0.664,0.699,0.702,-0.882,-0.502,0.668,0.901,-0.409,-0.404,0.426,0.772,0.55,0.414,-0.159,-0.112,0.683,0.82,0.661,0.826,0.864,0.604,0.549,-0.338,0.577,0.52,0.671,-0.514,0.414,0.278,-0.332,0.557,-0.04,0.576,0.645,0.571,-0.334,0.331,0.149,0.819,-0.372,0.468,0.734,0.777,0.809,-0.306,0.117,0.753,0.156,-0.326,0.327,-0.041,0.609,0.7,-0.674,-0.054,0.327,0.789,0.755,0.168,0.46,0.226
AHCO,0.564,0.756,0.549,-0.284,-0.055,-0.178,0.527,0.688,0.0,0.03,0.168,-0.45,0.119,0.659,0.211,0.43,0.73,0.448,0.569,0.371,0.128,0.13,-0.486,0.055,-0.042,0.405,0.456,-0.087,0.662,0.308,-0.139,0.295,0.738,0.513,-0.567,0.41,-0.636,-0.006,0.01,0.38,0.327,0.079,0.19,0.053,-0.53,-0.525,-0.165,0.024,0.546,0.359,0.073,0.18,0.386,0.075,-0.034,0.507,0.039,-0.212,0.478,-0.201,0.555,-0.075,-0.601,0.567,0.403,0.484,0.231,-0.181,0.481,0.505,0.291,-0.051,-0.36,-0.445,0.321,0.424,0.021,0.249,0.091,0.492,0.237,0.001,0.103,0.541,0.023,-0.052,-0.216,-0.127,0.454,0.669,-0.213,-0.084,-0.04,0.108,0.243,0.178,-0.024,0.485,0.015,-0.579,0.398,-0.001,0.617,0.278,0.797,-0.051,-0.242,0.458,0.236,-0.367,-0.31,0.379,0.365,0.176,0.663,0.406,0.24,0.529,0.35,0.262,0.132,0.412,0.76,-0.06,0.786,0.423,0.473,0.329,0.108,0.219,-0.077,0.615,0.035,-0.208,-0.355,0.188,0.399,-0.364,0.296,0.234,0.371,0.184,-0.564,-0.585,0.417,0.553,0.119,-0.028,0.081,0.414,0.298,-0.117,0.046,0.102,0.45,0.474,0.289,0.594,0.553,0.138,0.112,-0.417,0.812,0.114,0.209,-0.293,-0.1,-0.199,-0.086,0.003,-0.338,0.188,0.188,0.055,-0.147,0.245,0.317,0.465,0.037,0.055,0.443,0.416,0.426,-0.665,0.618,0.324,-0.107,-0.418,-0.202,-0.369,0.145,0.25,-0.28,0.338,0.115,0.467,0.307,0.535,0.415,-0.178
ALGT,-0.506,-0.31,-0.56,-0.425,0.067,0.207,-0.577,-0.322,0.03,0.0,-0.684,-0.621,-0.74,-0.507,-0.799,-0.647,-0.069,-0.527,-0.531,0.581,-0.632,-0.636,-0.323,-0.683,-0.588,-0.7,0.407,-0.08,-0.491,-0.614,0.561,-0.69,0.417,-0.641,-0.299,-0.333,0.155,-0.701,-0.199,-0.656,-0.618,-0.065,-0.684,-0.656,0.202,-0.433,-0.13,-0.706,-0.489,0.096,-0.481,-0.618,-0.668,-0.216,-0.61,-0.54,-0.762,-0.613,-0.612,-0.644,-0.499,-0.027,0.129,-0.658,-0.454,-0.56,-0.691,-0.577,0.679,-0.574,-0.664,-0.615,-0.52,-0.422,-0.715,-0.657,-0.663,-0.701,-0.531,-0.575,-0.63,-0.366,-0.533,0.338,-0.608,-0.616,-0.707,-0.304,-0.576,-0.449,-0.393,0.166,-0.651,-0.73,-0.615,-0.588,-0.691,0.366,-0.353,0.483,-0.624,-0.447,-0.18,0.297,-0.372,0.264,-0.48,-0.073,-0.721,0.624,-0.152,-0.118,-0.653,-0.552,-0.419,-0.626,-0.788,-0.704,-0.672,-0.649,0.782,-0.611,-0.515,-0.193,0.076,-0.589,-0.651,-0.496,-0.705,-0.718,0.746,-0.404,0.594,-0.487,-0.12,-0.64,-0.727,0.457,-0.781,-0.638,-0.719,-0.669,0.536,0.462,-0.384,-0.178,0.827,0.797,-0.732,-0.574,-0.636,-0.605,0.49,0.296,-0.555,-0.622,-0.724,-0.458,-0.61,-0.747,-0.657,-0.073,0.202,-0.651,-0.771,0.769,-0.711,-0.671,0.462,-0.703,-0.633,-0.783,-0.624,-0.72,0.122,-0.604,0.327,-0.596,0.807,-0.734,-0.701,-0.536,-0.731,0.025,0.438,-0.7,-0.623,0.226,-0.466,0.156,-0.714,-0.739,0.29,0.701,0.012,-0.368,-0.687,0.103,-0.392,-0.002
ALLO,0.707,0.512,0.804,0.633,0.019,-0.01,0.665,0.376,0.168,-0.684,0.0,0.684,0.956,0.521,0.896,0.827,0.23,0.738,0.66,-0.758,0.762,0.925,0.22,0.695,0.791,0.764,-0.571,0.164,0.645,0.864,-0.66,0.779,-0.204,0.836,0.373,0.771,-0.027,0.813,0.231,0.821,0.589,0.483,0.792,0.765,0.092,0.586,-0.111,0.821,0.634,-0.059,0.797,0.824,0.82,0.097,0.525,0.602,0.838,0.675,0.625,0.733,0.694,0.197,0.097,0.719,0.449,0.585,0.67,0.719,-0.568,0.526,0.83,0.797,0.492,0.554,0.797,0.621,0.724,0.808,0.471,0.668,0.615,0.275,0.499,-0.333,0.82,0.774,0.75,0.436,0.697,0.686,0.405,0.229,0.628,0.809,0.614,0.875,0.774,-0.19,0.513,-0.381,0.787,0.782,0.226,-0.203,0.381,-0.453,0.533,0.278,0.871,-0.618,0.504,0.418,0.672,0.805,0.541,0.63,0.891,0.796,0.649,0.742,-0.829,0.714,0.652,0.612,0.118,0.761,0.752,0.797,0.955,0.669,-0.86,0.271,-0.224,0.579,0.365,0.705,0.752,-0.272,0.888,0.835,0.842,0.749,-0.623,-0.685,0.688,0.23,-0.71,-0.796,0.93,0.76,0.812,0.756,-0.539,-0.458,0.854,0.669,0.865,0.518,0.669,0.777,0.866,0.326,-0.093,0.853,0.817,-0.717,0.617,0.806,-0.466,0.719,0.795,0.92,0.543,0.799,0.197,0.766,-0.379,0.537,-0.858,0.893,0.825,0.788,0.757,0.137,-0.167,0.802,0.897,0.007,0.567,-0.126,0.841,0.801,0.054,-0.734,0.198,0.399,0.674,0.183,0.785,0.076
AMSF,0.112,-0.001,0.253,0.833,0.26,-0.105,0.289,-0.073,-0.45,-0.621,0.684,0.0,0.739,0.099,0.649,0.439,-0.222,0.34,0.249,-0.843,0.678,0.588,0.619,0.647,0.589,0.325,-0.697,0.239,0.097,0.542,-0.473,0.486,-0.691,0.311,0.798,0.339,0.364,0.759,0.334,0.463,0.356,0.4,0.525,0.698,0.515,0.838,0.239,0.731,0.194,-0.351,0.551,0.554,0.458,0.255,0.637,0.245,0.71,0.789,0.281,0.814,0.274,0.104,0.446,0.279,0.165,0.168,0.501,0.795,-0.849,0.165,0.445,0.784,0.793,0.818,0.526,0.306,0.678,0.565,0.343,0.311,0.454,0.298,0.39,-0.56,0.724,0.791,0.887,0.55,0.325,0.124,0.656,0.188,0.66,0.655,0.422,0.64,0.73,-0.34,0.504,0.075,0.41,0.678,-0.075,-0.355,-0.14,-0.104,0.69,-0.213,0.581,-0.281,0.563,0.078,0.402,0.575,0.055,0.338,0.595,0.351,0.424,0.537,-0.708,0.372,0.065,0.474,-0.367,0.388,0.356,0.463,0.731,0.528,-0.63,-0.033,-0.148,0.609,0.335,0.543,0.449,-0.014,0.565,0.583,0.544,0.602,-0.142,-0.17,0.25,-0.098,-0.629,-0.643,0.683,0.429,0.44,0.728,-0.245,-0.584,0.401,0.255,0.577,0.003,0.253,0.591,0.666,0.481,-0.556,0.716,0.624,-0.447,0.742,0.877,-0.528,0.709,0.831,0.656,0.453,0.729,0.258,0.354,-0.31,0.221,-0.726,0.723,0.423,0.415,0.407,0.611,-0.647,0.528,0.804,0.108,0.775,0.329,0.678,0.543,0.063,-0.769,0.132,0.137,0.461,-0.357,0.292,0.212
ANAB,0.659,0.541,0.78,0.698,0.046,-0.098,0.719,0.431,0.119,-0.74,0.956,0.739,0.0,0.547,0.939,0.829,0.257,0.761,0.687,-0.745,0.84,0.872,0.322,0.783,0.755,0.757,-0.528,0.162,0.646,0.861,-0.654,0.803,-0.261,0.795,0.411,0.744,-0.093,0.875,0.317,0.826,0.681,0.494,0.779,0.814,0.058,0.572,0.052,0.879,0.657,-0.109,0.762,0.823,0.819,0.221,0.638,0.659,0.88,0.753,0.686,0.803,0.707,0.193,0.096,0.761,0.522,0.608,0.751,0.765,-0.668,0.597,0.802,0.847,0.608,0.611,0.853,0.686,0.791,0.844,0.47,0.71,0.699,0.36,0.545,-0.353,0.865,0.818,0.827,0.498,0.728,0.651,0.504,0.149,0.72,0.862,0.697,0.878,0.832,-0.141,0.549,-0.434,0.813,0.767,0.282,-0.195,0.384,-0.315,0.594,0.146,0.87,-0.635,0.418,0.401,0.748,0.793,0.522,0.693,0.904,0.806,0.734,0.795,-0.805,0.74,0.624,0.507,0.103,0.775,0.772,0.743,0.943,0.763,-0.894,0.319,-0.268,0.532,0.292,0.78,0.8,-0.361,0.888,0.873,0.862,0.829,-0.656,-0.658,0.665,0.287,-0.728,-0.814,0.928,0.798,0.809,0.794,-0.456,-0.489,0.817,0.71,0.904,0.527,0.705,0.801,0.882,0.267,-0.106,0.905,0.875,-0.719,0.722,0.844,-0.525,0.806,0.774,0.944,0.64,0.865,0.155,0.7,-0.309,0.594,-0.887,0.897,0.872,0.798,0.787,0.186,-0.26,0.868,0.883,-0.052,0.674,-0.032,0.886,0.839,-0.101,-0.758,0.195,0.456,0.755,0.072,0.67,0.172
ANDE,0.603,0.81,0.735,0.225,0.148,-0.547,0.906,0.86,0.659,-0.507,0.521,0.099,0.547,0.0,0.715,0.792,0.786,0.79,0.884,-0.033,0.641,0.437,-0.042,0.664,0.106,0.683,0.245,0.305,0.843,0.73,-0.261,0.798,0.278,0.704,-0.183,0.516,-0.679,0.587,0.505,0.813,0.795,0.237,0.666,0.617,-0.452,-0.208,0.23,0.616,0.852,0.264,0.444,0.454,0.837,0.556,0.56,0.889,0.619,0.427,0.895,0.379,0.895,0.027,-0.459,0.851,0.773,0.793,0.783,0.423,-0.188,0.875,0.684,0.505,0.27,-0.015,0.817,0.866,0.613,0.759,0.239,0.871,0.781,0.527,0.655,0.455,0.526,0.532,0.435,0.415,0.87,0.783,0.372,-0.04,0.596,0.694,0.739,0.646,0.59,0.243,0.475,-0.795,0.825,0.358,0.682,0.198,0.88,0.041,0.324,0.34,0.72,-0.54,-0.297,0.504,0.834,0.668,0.866,0.869,0.667,0.879,0.846,0.819,-0.209,0.806,0.839,0.149,0.706,0.792,0.865,0.447,0.55,0.784,-0.437,0.796,-0.117,0.266,-0.161,0.719,0.855,-0.656,0.725,0.658,0.808,0.76,-0.8,-0.515,0.572,0.787,-0.483,-0.472,0.508,0.783,0.588,0.473,-0.17,-0.203,0.753,0.823,0.715,0.798,0.874,0.699,0.581,-0.337,0.544,0.59,0.735,-0.624,0.55,0.419,-0.494,0.632,0.141,0.667,0.725,0.64,-0.179,0.446,0.11,0.864,-0.421,0.572,0.75,0.797,0.857,-0.382,0.068,0.8,0.258,-0.553,0.363,-0.162,0.705,0.784,-0.505,-0.089,0.39,0.809,0.816,0.081,0.548,0.094
APLS,0.671,0.622,0.839,0.605,0.099,-0.313,0.854,0.608,0.211,-0.799,0.896,0.649,0.939,0.715,0.0,0.91,0.421,0.859,0.815,-0.608,0.879,0.829,0.318,0.884,0.639,0.849,-0.322,0.232,0.766,0.919,-0.537,0.924,-0.22,0.82,0.248,0.687,-0.317,0.91,0.468,0.901,0.846,0.421,0.857,0.866,-0.15,0.387,0.184,0.926,0.81,-0.034,0.79,0.771,0.919,0.397,0.706,0.819,0.94,0.794,0.853,0.772,0.826,0.17,-0.079,0.863,0.712,0.758,0.902,0.778,-0.642,0.786,0.867,0.837,0.624,0.449,0.954,0.86,0.872,0.933,0.437,0.825,0.859,0.551,0.728,-0.157,0.859,0.828,0.829,0.548,0.87,0.728,0.567,0.027,0.83,0.924,0.845,0.903,0.894,-0.089,0.602,-0.624,0.912,0.679,0.4,-0.05,0.578,-0.182,0.643,0.16,0.935,-0.663,0.176,0.487,0.896,0.857,0.679,0.864,0.938,0.895,0.89,0.896,-0.715,0.88,0.716,0.394,0.245,0.879,0.903,0.652,0.909,0.905,-0.856,0.5,-0.306,0.589,0.209,0.886,0.919,-0.568,0.939,0.914,0.938,0.928,-0.767,-0.605,0.679,0.491,-0.829,-0.841,0.904,0.86,0.808,0.833,-0.437,-0.404,0.868,0.849,0.944,0.687,0.856,0.91,0.887,0.093,0.035,0.904,0.948,-0.767,0.817,0.831,-0.523,0.893,0.696,0.971,0.805,0.919,-0.041,0.709,-0.247,0.794,-0.855,0.92,0.912,0.873,0.915,0.068,-0.245,0.95,0.775,-0.21,0.679,-0.066,0.936,0.955,-0.309,-0.689,0.267,0.615,0.902,-0.013,0.667,0.236
APPF,0.73,0.737,0.917,0.494,0.152,-0.326,0.908,0.741,0.43,-0.647,0.827,0.439,0.829,0.792,0.91,0.0,0.61,0.908,0.899,-0.429,0.79,0.826,0.087,0.801,0.529,0.844,-0.137,0.249,0.888,0.942,-0.442,0.943,-0.01,0.879,0.021,0.773,-0.471,0.826,0.434,0.925,0.835,0.409,0.873,0.8,-0.219,0.161,0.146,0.853,0.883,0.08,0.734,0.678,0.953,0.384,0.67,0.887,0.867,0.652,0.899,0.644,0.926,0.282,-0.108,0.882,0.783,0.851,0.852,0.69,-0.409,0.836,0.912,0.772,0.451,0.294,0.937,0.863,0.776,0.929,0.234,0.908,0.823,0.551,0.74,0.057,0.808,0.72,0.666,0.533,0.935,0.829,0.46,0.093,0.727,0.86,0.793,0.9,0.809,0.024,0.609,-0.676,0.968,0.581,0.417,0.122,0.717,-0.185,0.57,0.307,0.94,-0.657,0.051,0.605,0.899,0.863,0.821,0.882,0.875,0.935,0.86,0.877,-0.57,0.924,0.822,0.363,0.506,0.945,0.941,0.62,0.858,0.843,-0.772,0.565,-0.155,0.594,0.194,0.874,0.927,-0.619,0.918,0.917,0.942,0.869,-0.843,-0.639,0.74,0.625,-0.723,-0.732,0.844,0.887,0.795,0.755,-0.417,-0.291,0.958,0.917,0.913,0.82,0.918,0.856,0.859,0.029,0.241,0.827,0.911,-0.735,0.646,0.712,-0.437,0.788,0.542,0.919,0.742,0.84,-0.108,0.665,-0.223,0.817,-0.735,0.887,0.904,0.94,0.929,-0.011,-0.029,0.908,0.663,-0.199,0.531,-0.106,0.904,0.926,-0.298,-0.514,0.365,0.668,0.867,0.154,0.793,0.202
ASML,0.395,0.855,0.613,0.063,0.084,-0.451,0.768,0.849,0.73,-0.069,0.23,-0.222,0.257,0.786,0.421,0.61,0.0,0.688,0.815,0.293,0.381,0.204,-0.15,0.462,-0.151,0.465,0.546,0.266,0.783,0.554,0.072,0.587,0.524,0.46,-0.468,0.525,-0.778,0.327,0.509,0.544,0.687,0.172,0.461,0.33,-0.438,-0.516,0.241,0.366,0.77,0.378,0.283,0.129,0.619,0.52,0.368,0.791,0.351,0.212,0.735,0.085,0.752,0.036,-0.47,0.613,0.762,0.719,0.571,0.221,0.148,0.759,0.452,0.238,0.133,-0.225,0.585,0.709,0.389,0.568,-0.083,0.76,0.632,0.503,0.545,0.671,0.298,0.212,0.104,0.366,0.756,0.582,0.208,0.103,0.412,0.461,0.615,0.455,0.363,0.529,0.406,-0.688,0.675,0.089,0.614,0.59,0.82,0.19,0.246,0.324,0.462,-0.248,-0.52,0.61,0.689,0.514,0.825,0.716,0.301,0.593,0.647,0.605,0.187,0.639,0.642,-0.006,0.918,0.637,0.677,0.128,0.24,0.565,-0.132,0.659,0.136,0.023,-0.158,0.526,0.576,-0.607,0.388,0.458,0.528,0.548,-0.675,-0.332,0.417,0.855,-0.096,-0.087,0.202,0.596,0.296,0.299,0.127,-0.015,0.604,0.721,0.42,0.788,0.705,0.432,0.313,-0.481,0.778,0.33,0.461,-0.175,0.285,0.13,-0.182,0.409,-0.176,0.366,0.578,0.385,-0.219,0.198,0.293,0.736,-0.095,0.297,0.542,0.628,0.577,-0.341,0.412,0.584,-0.055,-0.49,0.144,-0.076,0.444,0.53,-0.467,0.227,0.547,0.74,0.627,0.094,0.392,0.367
ATRC,0.66,0.752,0.863,0.433,0.211,-0.365,0.911,0.769,0.448,-0.527,0.738,0.34,0.761,0.79,0.859,0.908,0.688,0.0,0.884,-0.314,0.755,0.711,0.093,0.825,0.421,0.819,-0.018,0.377,0.884,0.898,-0.22,0.902,-0.001,0.785,-0.069,0.754,-0.572,0.781,0.533,0.892,0.893,0.395,0.817,0.758,-0.274,0.032,0.249,0.835,0.942,0.199,0.743,0.616,0.895,0.464,0.609,0.907,0.824,0.68,0.893,0.562,0.927,0.25,-0.148,0.852,0.843,0.808,0.875,0.651,-0.368,0.865,0.857,0.709,0.472,0.225,0.897,0.898,0.803,0.899,0.172,0.851,0.865,0.567,0.726,0.16,0.752,0.636,0.623,0.601,0.947,0.814,0.509,0.087,0.752,0.829,0.855,0.862,0.786,0.223,0.676,-0.698,0.939,0.53,0.494,0.281,0.733,-0.057,0.604,0.246,0.858,-0.615,-0.079,0.671,0.916,0.817,0.836,0.915,0.796,0.853,0.877,0.882,-0.392,0.919,0.745,0.261,0.554,0.893,0.938,0.512,0.751,0.853,-0.655,0.619,-0.059,0.481,0.201,0.862,0.875,-0.686,0.814,0.873,0.867,0.873,-0.796,-0.559,0.714,0.731,-0.634,-0.675,0.779,0.881,0.751,0.751,-0.303,-0.12,0.906,0.917,0.847,0.835,0.886,0.821,0.774,-0.097,0.346,0.761,0.827,-0.58,0.659,0.655,-0.275,0.788,0.467,0.855,0.806,0.792,-0.218,0.577,-0.068,0.871,-0.586,0.776,0.839,0.894,0.867,0.019,0.085,0.891,0.571,-0.265,0.539,-0.033,0.853,0.9,-0.361,-0.432,0.451,0.741,0.892,0.108,0.725,0.374
AVGO,0.618,0.898,0.858,0.375,0.131,-0.422,0.95,0.819,0.569,-0.531,0.66,0.249,0.687,0.884,0.815,0.899,0.815,0.884,0.0,-0.161,0.685,0.602,0.099,0.775,0.293,0.794,0.115,0.29,0.906,0.857,-0.261,0.87,0.186,0.79,-0.132,0.744,-0.625,0.7,0.542,0.825,0.889,0.266,0.777,0.663,-0.323,-0.069,0.235,0.735,0.905,0.27,0.563,0.532,0.909,0.513,0.649,0.927,0.748,0.565,0.906,0.453,0.911,0.048,-0.354,0.851,0.838,0.864,0.849,0.558,-0.25,0.886,0.765,0.602,0.44,0.109,0.884,0.917,0.718,0.883,0.262,0.921,0.854,0.567,0.709,0.297,0.644,0.582,0.525,0.543,0.948,0.756,0.427,0.097,0.706,0.8,0.834,0.779,0.724,0.212,0.598,-0.731,0.917,0.419,0.579,0.34,0.839,-0.034,0.524,0.3,0.81,-0.524,-0.196,0.602,0.912,0.79,0.91,0.915,0.722,0.872,0.885,0.86,-0.33,0.87,0.81,0.26,0.717,0.866,0.921,0.456,0.667,0.845,-0.559,0.702,-0.136,0.382,0.014,0.788,0.871,-0.672,0.775,0.786,0.872,0.839,-0.812,-0.548,0.569,0.741,-0.544,-0.526,0.631,0.808,0.621,0.641,-0.202,-0.231,0.868,0.915,0.787,0.864,0.913,0.777,0.676,-0.242,0.525,0.693,0.825,-0.547,0.639,0.561,-0.399,0.744,0.311,0.781,0.807,0.742,-0.158,0.515,0.055,0.899,-0.553,0.712,0.849,0.876,0.875,-0.186,0.139,0.875,0.409,-0.459,0.442,-0.126,0.79,0.863,-0.435,-0.269,0.479,0.753,0.888,0.039,0.629,0.329
AVT,-0.263,0.056,-0.354,-0.711,-0.075,-0.101,-0.197,0.108,0.371,0.581,-0.758,-0.843,-0.745,-0.033,-0.608,-0.429,0.293,-0.314,-0.161,0.0,-0.583,-0.708,-0.325,-0.509,-0.706,-0.33,0.784,-0.193,-0.128,-0.552,0.553,-0.471,0.584,-0.411,-0.67,-0.36,-0.411,-0.688,-0.139,-0.477,-0.217,-0.384,-0.585,-0.6,-0.425,-0.826,0.042,-0.66,-0.154,0.404,-0.666,-0.527,-0.448,0.029,-0.397,-0.165,-0.67,-0.667,-0.2,-0.767,-0.247,-0.213,-0.465,-0.263,-0.024,-0.164,-0.368,-0.721,0.759,-0.077,-0.553,-0.693,-0.547,-0.752,-0.47,-0.221,-0.558,-0.513,-0.351,-0.264,-0.326,-0.162,-0.316,0.632,-0.669,-0.66,-0.756,-0.371,-0.261,-0.22,-0.463,-0.207,-0.518,-0.577,-0.321,-0.648,-0.656,0.497,-0.366,-0.047,-0.393,-0.619,0.236,0.39,0.16,0.498,-0.542,-0.12,-0.609,0.394,-0.682,-0.172,-0.298,-0.578,-0.053,-0.214,-0.576,-0.377,-0.298,-0.416,0.846,-0.347,-0.122,-0.579,0.406,-0.38,-0.335,-0.499,-0.777,-0.393,0.681,0.176,0.143,-0.574,-0.457,-0.443,-0.408,-0.066,-0.592,-0.542,-0.481,-0.48,0.208,0.327,-0.374,0.195,0.639,0.65,-0.749,-0.391,-0.527,-0.663,0.467,0.541,-0.484,-0.233,-0.534,-0.072,-0.211,-0.563,-0.705,-0.61,0.629,-0.657,-0.546,0.534,-0.54,-0.785,0.382,-0.575,-0.863,-0.667,-0.274,-0.651,-0.288,-0.58,0.534,-0.087,0.756,-0.733,-0.415,-0.403,-0.385,-0.5,0.506,-0.457,-0.854,-0.329,-0.554,-0.151,-0.617,-0.495,-0.265,0.807,-0.071,-0.043,-0.344,0.096,-0.451,-0.064
AXDX,0.468,0.519,0.655,0.721,0.272,-0.458,0.781,0.576,0.128,-0.632,0.762,0.678,0.84,0.641,0.879,0.79,0.381,0.755,0.685,-0.583,0.0,0.659,0.352,0.855,0.44,0.603,-0.223,0.251,0.609,0.857,-0.501,0.824,-0.206,0.594,0.381,0.578,-0.209,0.903,0.541,0.84,0.765,0.657,0.702,0.914,0.02,0.396,0.36,0.896,0.697,-0.217,0.739,0.696,0.8,0.575,0.722,0.768,0.837,0.805,0.782,0.851,0.783,0.235,0.104,0.759,0.631,0.629,0.815,0.813,-0.674,0.689,0.697,0.891,0.678,0.526,0.89,0.733,0.834,0.837,0.27,0.767,0.804,0.592,0.704,-0.08,0.878,0.916,0.867,0.619,0.778,0.64,0.678,-0.005,0.811,0.848,0.76,0.852,0.855,0.092,0.573,-0.496,0.813,0.734,0.488,-0.146,0.426,0.094,0.62,-0.036,0.83,-0.545,0.201,0.467,0.805,0.809,0.514,0.779,0.799,0.781,0.833,0.878,-0.531,0.781,0.574,0.383,0.233,0.807,0.773,0.58,0.821,0.845,-0.76,0.356,-0.06,0.517,0.033,0.881,0.849,-0.425,0.805,0.852,0.843,0.919,-0.687,-0.493,0.678,0.514,-0.669,-0.699,0.771,0.832,0.716,0.763,-0.26,-0.587,0.733,0.688,0.883,0.481,0.738,0.769,0.846,0.138,-0.029,0.914,0.877,-0.683,0.814,0.812,-0.689,0.867,0.562,0.841,0.731,0.915,0.116,0.475,-0.185,0.662,-0.753,0.828,0.788,0.832,0.805,0.249,-0.401,0.881,0.72,-0.15,0.862,0.237,0.901,0.837,-0.345,-0.559,0.244,0.605,0.825,-0.129,0.506,0.222
AXSM,0.723,0.418,0.814,0.522,-0.002,0.061,0.604,0.356,0.13,-0.636,0.925,0.588,0.872,0.437,0.829,0.826,0.204,0.711,0.602,-0.708,0.659,0.0,0.091,0.615,0.798,0.761,-0.558,0.118,0.635,0.823,-0.58,0.764,-0.216,0.836,0.231,0.753,-0.059,0.758,0.136,0.782,0.537,0.426,0.787,0.706,0.0,0.514,-0.131,0.774,0.61,-0.075,0.78,0.784,0.783,-0.01,0.469,0.564,0.802,0.598,0.592,0.667,0.649,0.395,0.187,0.665,0.457,0.615,0.604,0.674,-0.493,0.507,0.855,0.734,0.384,0.459,0.738,0.562,0.647,0.76,0.318,0.628,0.546,0.296,0.516,-0.359,0.784,0.687,0.647,0.374,0.671,0.667,0.309,0.154,0.552,0.735,0.537,0.833,0.718,-0.244,0.468,-0.399,0.784,0.71,0.058,-0.145,0.338,-0.514,0.504,0.283,0.862,-0.603,0.461,0.442,0.621,0.763,0.516,0.578,0.862,0.752,0.565,0.658,-0.816,0.695,0.61,0.532,0.115,0.761,0.715,0.725,0.903,0.589,-0.863,0.173,-0.233,0.686,0.509,0.682,0.695,-0.325,0.872,0.827,0.761,0.667,-0.639,-0.6,0.702,0.221,-0.736,-0.772,0.925,0.709,0.792,0.739,-0.606,-0.305,0.848,0.679,0.827,0.552,0.65,0.734,0.843,0.39,-0.138,0.778,0.767,-0.693,0.486,0.73,-0.304,0.639,0.804,0.886,0.455,0.723,0.085,0.779,-0.518,0.486,-0.814,0.889,0.766,0.763,0.717,0.161,-0.117,0.704,0.867,0.172,0.445,-0.196,0.79,0.769,0.075,-0.762,0.164,0.289,0.597,0.294,0.833,0.06
AZN,-0.255,-0.034,-0.054,0.486,0.223,-0.196,0.066,-0.13,-0.486,-0.323,0.22,0.619,0.322,-0.042,0.318,0.087,-0.15,0.093,0.099,-0.325,0.352,0.091,0.0,0.452,0.183,0.068,-0.272,0.156,-0.111,0.174,-0.051,0.167,-0.478,-0.075,0.589,-0.035,0.212,0.374,0.447,0.049,0.293,0.091,0.126,0.294,0.374,0.507,0.299,0.358,0.046,-0.07,0.253,0.196,0.159,0.347,0.339,0.054,0.374,0.567,0.101,0.322,0.028,-0.259,0.094,0.006,0.131,-0.088,0.357,0.419,-0.54,0.065,0.029,0.381,0.633,0.45,0.227,0.193,0.438,0.226,0.319,0.026,0.344,0.246,0.201,-0.296,0.25,0.429,0.53,0.374,0.125,-0.22,0.493,0.159,0.473,0.344,0.353,0.28,0.417,-0.178,0.333,0.116,0.106,0.331,0.029,-0.063,-0.121,0.3,0.465,-0.458,0.139,0.106,0.175,-0.06,0.238,0.263,-0.095,0.201,0.196,-0.002,0.286,0.296,-0.209,0.125,-0.201,0.215,-0.327,0.073,0.077,0.026,0.256,0.354,-0.192,0.026,-0.139,0.205,0.165,0.278,0.171,-0.003,0.154,0.218,0.216,0.364,0.12,0.237,-0.178,-0.037,-0.34,-0.198,0.196,0.109,-0.086,0.403,0.036,-0.325,0.0,0.036,0.205,-0.174,0.089,0.288,0.171,0.022,-0.294,0.363,0.259,0.024,0.597,0.464,-0.271,0.478,0.438,0.221,0.427,0.361,0.156,-0.011,0.012,0.19,-0.304,0.285,0.107,0.081,0.093,0.428,-0.46,0.269,0.311,-0.127,0.6,0.269,0.28,0.275,-0.115,-0.364,0.149,0.034,0.311,-0.607,-0.152,0.417
BANR,0.336,0.527,0.646,0.693,0.334,-0.563,0.811,0.605,0.055,-0.683,0.695,0.647,0.783,0.664,0.884,0.801,0.462,0.825,0.775,-0.509,0.855,0.615,0.452,0.0,0.36,0.659,-0.123,0.516,0.645,0.869,-0.215,0.903,-0.367,0.574,0.286,0.548,-0.365,0.936,0.757,0.804,0.905,0.351,0.841,0.871,-0.071,0.268,0.527,0.956,0.77,-0.045,0.714,0.511,0.837,0.687,0.822,0.827,0.943,0.935,0.835,0.772,0.789,0.156,-0.005,0.715,0.762,0.678,0.954,0.884,-0.723,0.787,0.768,0.851,0.82,0.488,0.918,0.879,0.957,0.933,0.24,0.78,0.959,0.755,0.85,-0.013,0.825,0.794,0.887,0.794,0.858,0.539,0.819,0.085,0.981,0.915,0.918,0.869,0.966,0.028,0.772,-0.564,0.847,0.528,0.367,0.191,0.5,0.076,0.838,0.012,0.852,-0.523,-0.049,0.563,0.92,0.859,0.658,0.874,0.749,0.731,0.921,0.905,-0.468,0.858,0.486,0.238,0.267,0.808,0.848,0.348,0.771,0.968,-0.65,0.505,-0.112,0.604,0.211,0.917,0.865,-0.656,0.785,0.84,0.849,0.965,-0.644,-0.296,0.508,0.616,-0.783,-0.719,0.761,0.791,0.602,0.9,-0.226,-0.363,0.749,0.796,0.806,0.639,0.781,0.917,0.811,-0.003,0.014,0.833,0.898,-0.558,0.939,0.858,-0.467,0.989,0.621,0.863,0.929,0.945,-0.22,0.469,-0.072,0.813,-0.685,0.846,0.728,0.808,0.833,0.28,-0.343,0.898,0.621,-0.255,0.795,0.254,0.921,0.926,-0.488,-0.598,0.476,0.681,0.946,-0.361,0.468,0.532
BBIO,0.627,0.187,0.571,0.37,-0.151,0.296,0.303,0.055,-0.042,-0.588,0.791,0.589,0.755,0.106,0.639,0.529,-0.151,0.421,0.293,-0.706,0.44,0.798,0.183,0.36,0.0,0.621,-0.73,-0.174,0.353,0.513,-0.655,0.439,-0.331,0.658,0.386,0.527,0.179,0.541,-0.164,0.495,0.274,0.339,0.493,0.466,0.08,0.653,-0.283,0.516,0.319,-0.214,0.565,0.733,0.473,-0.294,0.239,0.237,0.571,0.404,0.282,0.497,0.308,0.249,0.165,0.473,0.147,0.31,0.354,0.45,-0.445,0.205,0.581,0.522,0.245,0.439,0.468,0.278,0.454,0.466,0.502,0.276,0.254,-0.044,0.165,-0.641,0.589,0.475,0.511,0.053,0.322,0.434,0.103,0.003,0.315,0.497,0.291,0.536,0.469,-0.369,0.186,-0.162,0.456,0.576,-0.047,-0.38,0.107,-0.535,0.296,0.081,0.572,-0.542,0.629,0.161,0.339,0.425,0.169,0.282,0.718,0.491,0.303,0.354,-0.857,0.399,0.413,0.458,-0.257,0.452,0.416,0.704,0.708,0.337,-0.797,0.003,-0.414,0.457,0.377,0.389,0.429,-0.079,0.648,0.598,0.518,0.391,-0.374,-0.627,0.519,-0.156,-0.589,-0.733,0.785,0.442,0.672,0.517,-0.547,-0.247,0.534,0.395,0.627,0.243,0.362,0.501,0.621,0.492,-0.343,0.589,0.542,-0.595,0.34,0.566,-0.179,0.394,0.725,0.69,0.208,0.503,0.2,0.641,-0.431,0.219,-0.748,0.658,0.612,0.436,0.456,0.173,-0.151,0.478,0.816,0.304,0.317,-0.249,0.501,0.477,0.223,-0.794,-0.177,-0.038,0.336,0.301,0.606,-0.09
BCYC,0.806,0.659,0.88,0.218,-0.096,-0.086,0.794,0.605,0.405,-0.7,0.764,0.325,0.757,0.683,0.849,0.844,0.465,0.819,0.794,-0.33,0.603,0.761,0.068,0.659,0.621,0.0,-0.204,0.035,0.841,0.759,-0.404,0.785,-0.04,0.861,-0.134,0.674,-0.459,0.633,0.201,0.773,0.767,0.147,0.734,0.599,-0.39,0.14,0.019,0.689,0.819,0.247,0.599,0.761,0.819,0.144,0.459,0.745,0.731,0.489,0.775,0.435,0.738,0.085,-0.333,0.842,0.7,0.77,0.761,0.44,-0.311,0.778,0.786,0.519,0.323,0.122,0.786,0.821,0.638,0.78,0.42,0.724,0.703,0.366,0.558,-0.096,0.608,0.501,0.492,0.295,0.816,0.765,0.194,-0.097,0.572,0.711,0.747,0.679,0.633,0.004,0.416,-0.668,0.819,0.46,0.386,0.044,0.697,-0.27,0.42,0.223,0.787,-0.654,0.026,0.403,0.802,0.625,0.719,0.812,0.873,0.836,0.751,0.701,-0.616,0.793,0.797,0.233,0.357,0.752,0.846,0.572,0.71,0.735,-0.754,0.603,-0.477,0.464,0.188,0.68,0.789,-0.639,0.809,0.764,0.819,0.711,-0.726,-0.652,0.592,0.447,-0.693,-0.75,0.772,0.705,0.803,0.585,-0.442,-0.008,0.806,0.862,0.81,0.771,0.816,0.728,0.657,-0.098,0.282,0.649,0.767,-0.671,0.555,0.527,-0.19,0.635,0.516,0.83,0.691,0.657,-0.217,0.667,-0.245,0.812,-0.665,0.719,0.869,0.742,0.828,-0.239,0.097,0.793,0.57,-0.286,0.319,-0.401,0.707,0.818,-0.266,-0.563,0.086,0.514,0.783,0.225,0.661,0.134
BHFAP,-0.224,0.244,-0.129,-0.42,0.135,-0.512,0.102,0.433,0.456,0.407,-0.571,-0.697,-0.528,0.245,-0.322,-0.137,0.546,-0.018,0.115,0.784,-0.223,-0.558,-0.272,-0.123,-0.73,-0.204,0.0,0.133,0.129,-0.191,0.525,-0.095,0.536,-0.262,-0.598,-0.233,-0.602,-0.329,0.261,-0.152,0.126,-0.178,-0.232,-0.23,-0.497,-0.852,0.313,-0.308,0.144,0.238,-0.359,-0.494,-0.134,0.429,-0.1,0.191,-0.326,-0.316,0.152,-0.446,0.108,-0.113,-0.451,-0.007,0.273,0.114,-0.006,-0.351,0.515,0.257,-0.244,-0.37,-0.286,-0.636,-0.105,0.12,-0.212,-0.15,-0.353,0.088,0.074,0.264,0.126,0.808,-0.38,-0.368,-0.43,-0.067,0.066,0.009,-0.06,-0.188,-0.125,-0.263,0.044,-0.289,-0.283,0.565,-0.105,-0.329,-0.071,-0.501,0.418,0.547,0.398,0.537,-0.243,-0.014,-0.273,0.232,-0.803,0.18,0.061,-0.192,0.22,0.1,-0.394,-0.092,0.08,-0.079,0.777,0.003,0.063,-0.476,0.591,-0.043,-0.013,-0.504,-0.513,-0.011,0.516,0.316,0.333,-0.37,-0.476,-0.062,-0.03,-0.299,-0.32,-0.248,-0.193,-0.112,-0.088,0.24,-0.139,0.567,0.376,0.469,-0.53,-0.094,-0.354,-0.344,0.409,0.324,-0.175,0.064,-0.272,0.219,0.11,-0.209,-0.386,-0.667,0.644,-0.351,-0.213,0.283,-0.211,-0.499,0.16,-0.198,-0.746,-0.396,0.065,-0.276,-0.369,-0.432,0.515,0.186,0.563,-0.427,-0.197,-0.073,-0.063,-0.4,0.369,-0.112,-0.699,-0.396,-0.243,0.073,-0.257,-0.149,-0.52,0.709,0.22,0.305,0.025,-0.083,-0.296,0.149
BKR,-0.242,0.081,0.053,0.489,0.492,-0.475,0.28,0.166,-0.087,-0.08,0.164,0.239,0.162,0.305,0.232,0.249,0.266,0.377,0.29,-0.193,0.251,0.118,0.156,0.516,-0.174,0.035,0.133,0.0,0.167,0.365,0.398,0.401,-0.299,0.025,0.205,0.137,-0.148,0.413,0.713,0.311,0.374,0.033,0.484,0.407,0.201,-0.041,0.449,0.448,0.313,0.145,0.307,-0.116,0.354,0.608,0.466,0.331,0.425,0.544,0.287,0.333,0.364,0.06,0.165,0.044,0.352,0.17,0.423,0.559,-0.355,0.276,0.341,0.4,0.503,0.331,0.323,0.353,0.512,0.433,-0.128,0.311,0.477,0.52,0.513,0.281,0.322,0.301,0.455,0.722,0.361,0.054,0.674,0.439,0.558,0.411,0.417,0.439,0.496,0.126,0.681,-0.103,0.322,0.172,-0.027,0.41,0.131,0.077,0.629,0.121,0.345,0.001,-0.216,0.345,0.366,0.466,0.344,0.354,0.105,0.142,0.361,0.441,0.104,0.315,-0.051,0.146,0.225,0.292,0.318,-0.137,0.255,0.417,0.095,0.21,0.433,0.421,0.29,0.389,0.298,-0.262,0.189,0.249,0.257,0.407,-0.053,0.241,0.054,0.409,-0.249,-0.117,0.216,0.276,0.033,0.547,0.044,-0.038,0.317,0.275,0.126,0.272,0.209,0.467,0.3,-0.048,-0.009,0.243,0.285,0.013,0.456,0.452,-0.084,0.484,0.312,0.256,0.481,0.402,-0.23,0.039,0.198,0.293,0.023,0.332,0.002,0.287,0.221,0.375,-0.093,0.288,0.153,-0.182,0.344,0.457,0.421,0.373,-0.138,-0.07,0.728,0.385,0.4,-0.5,0.224,0.496
BLDP,0.775,0.859,0.907,0.207,-0.041,-0.289,0.9,0.837,0.662,-0.491,0.645,0.097,0.646,0.843,0.766,0.888,0.783,0.884,0.906,-0.128,0.609,0.635,-0.111,0.645,0.353,0.841,0.129,0.167,0.0,0.808,-0.294,0.825,0.269,0.831,-0.302,0.706,-0.727,0.591,0.356,0.803,0.827,0.259,0.731,0.587,-0.469,-0.192,0.064,0.641,0.933,0.312,0.567,0.545,0.849,0.325,0.48,0.891,0.666,0.408,0.886,0.364,0.885,0.162,-0.381,0.872,0.86,0.837,0.774,0.406,-0.145,0.888,0.779,0.499,0.249,0.016,0.825,0.867,0.595,0.806,0.179,0.886,0.757,0.446,0.613,0.266,0.58,0.447,0.384,0.36,0.905,0.849,0.23,0.028,0.55,0.695,0.76,0.711,0.583,0.205,0.471,-0.805,0.894,0.34,0.574,0.29,0.865,-0.144,0.367,0.369,0.766,-0.594,-0.236,0.559,0.854,0.683,0.879,0.871,0.724,0.879,0.814,0.76,-0.332,0.848,0.877,0.175,0.688,0.841,0.907,0.461,0.612,0.749,-0.606,0.692,-0.206,0.297,0.064,0.739,0.835,-0.701,0.747,0.757,0.817,0.728,-0.853,-0.672,0.696,0.725,-0.509,-0.548,0.639,0.796,0.715,0.536,-0.306,-0.058,0.873,0.95,0.774,0.918,0.913,0.695,0.632,-0.287,0.529,0.634,0.734,-0.579,0.455,0.418,-0.245,0.597,0.243,0.75,0.701,0.627,-0.242,0.554,-0.045,0.855,-0.51,0.635,0.86,0.82,0.837,-0.299,0.269,0.828,0.383,-0.381,0.283,-0.273,0.703,0.806,-0.39,-0.26,0.291,0.754,0.805,0.284,0.672,0.204
BLFS,0.623,0.673,0.864,0.635,0.218,-0.387,0.875,0.685,0.308,-0.614,0.864,0.542,0.861,0.73,0.919,0.942,0.554,0.898,0.857,-0.552,0.857,0.823,0.174,0.869,0.513,0.759,-0.191,0.365,0.808,0.0,-0.415,0.955,-0.1,0.803,0.161,0.784,-0.366,0.905,0.545,0.923,0.829,0.504,0.908,0.873,-0.11,0.261,0.225,0.919,0.836,-0.035,0.811,0.65,0.938,0.458,0.704,0.868,0.921,0.781,0.863,0.741,0.897,0.293,0.027,0.825,0.733,0.797,0.869,0.82,-0.54,0.786,0.903,0.853,0.578,0.409,0.949,0.843,0.844,0.962,0.24,0.879,0.859,0.618,0.793,0.006,0.866,0.805,0.771,0.648,0.909,0.763,0.609,0.157,0.815,0.903,0.825,0.958,0.896,0.01,0.684,-0.617,0.947,0.631,0.399,0.127,0.59,-0.186,0.679,0.261,0.956,-0.614,0.124,0.668,0.889,0.947,0.771,0.846,0.834,0.881,0.872,0.909,-0.572,0.91,0.717,0.444,0.435,0.926,0.926,0.589,0.889,0.87,-0.768,0.443,-0.059,0.628,0.251,0.9,0.911,-0.559,0.901,0.926,0.921,0.918,-0.808,-0.562,0.736,0.614,-0.745,-0.73,0.857,0.894,0.763,0.846,-0.413,-0.409,0.943,0.861,0.901,0.749,0.864,0.893,0.907,0.124,0.127,0.875,0.924,-0.688,0.733,0.808,-0.483,0.868,0.612,0.93,0.763,0.912,-0.065,0.651,-0.237,0.758,-0.768,0.922,0.863,0.943,0.903,0.138,-0.14,0.921,0.726,-0.126,0.664,0.074,0.941,0.938,-0.288,-0.576,0.436,0.664,0.877,0.018,0.753,0.305
BLKB,-0.625,-0.295,-0.473,-0.349,0.308,-0.127,-0.309,-0.178,-0.139,0.561,-0.66,-0.473,-0.654,-0.261,-0.537,-0.442,0.072,-0.22,-0.261,0.553,-0.501,-0.58,-0.051,-0.215,-0.655,-0.404,0.525,0.398,-0.294,-0.415,0.0,-0.337,0.0,-0.59,-0.406,-0.421,-0.177,-0.437,0.273,-0.472,-0.133,-0.457,-0.283,-0.439,0.007,-0.553,0.332,-0.376,-0.197,0.373,-0.319,-0.669,-0.385,0.199,-0.255,-0.242,-0.38,-0.189,-0.301,-0.51,-0.286,-0.18,-0.066,-0.535,-0.035,-0.314,-0.223,-0.289,0.373,-0.197,-0.385,-0.47,-0.11,-0.38,-0.441,-0.195,-0.256,-0.345,-0.455,-0.34,-0.143,0.1,-0.074,0.467,-0.507,-0.522,-0.41,0.121,-0.238,-0.476,-0.02,0.089,-0.15,-0.379,-0.13,-0.397,-0.308,0.322,0.098,0.229,-0.372,-0.566,-0.257,0.65,-0.127,0.402,0.034,-0.135,-0.462,0.551,-0.588,-0.019,-0.252,-0.324,-0.138,-0.198,-0.612,-0.561,-0.273,-0.325,0.744,-0.293,-0.528,-0.402,0.129,-0.411,-0.343,-0.79,-0.614,-0.265,0.746,-0.055,0.405,-0.135,0.028,-0.331,-0.426,-0.056,-0.61,-0.485,-0.488,-0.338,0.46,0.721,-0.558,0.088,0.398,0.569,-0.569,-0.458,-0.621,-0.236,0.482,0.605,-0.406,-0.259,-0.609,-0.122,-0.352,-0.321,-0.544,-0.371,0.226,-0.55,-0.505,0.692,-0.221,-0.393,0.619,-0.279,-0.391,-0.55,-0.043,-0.431,-0.438,-0.524,0.343,-0.126,0.745,-0.487,-0.613,-0.412,-0.455,0.123,0.357,-0.456,-0.61,-0.154,-0.31,0.224,-0.44,-0.355,-0.078,0.51,0.329,-0.093,-0.226,-0.398,-0.393,0.428
