,ABAT,ACLS,ACMR,ADMA,ADUS,ADVM,AEIS,AGNCM,AHCO,ALGT,ALLO,AMSF,ANAB,ANDE,APLS,APPF,ASML,ATRC,AVGO,AVT,AXDX,AXSM,AZN,BANR,BBIO,BCYC,BHFAP,BKR,BLDP,BLFS,BLKB,BLMN,BNTX,BPMC,CALM,CAMT,CASH,CATY,CCEP,CDLX,CDNS,CENN,CENX,CGC,CHDN,CLBK,COKE,COLB,COO,CORT,CRMT,CRNX,CRTO,CRVL,CSCO,CSQ,CSWI,CVBF,CWST,CYCC,CZR,DLTR,DORM,ENTA,EQIX,ERIC,EVRG,EWBC,EXAS,EXLS,EXPI,EYE,FBNC,FBRX,FCNCA,FELE,FIBK,FLEX,FRGT,FRHC,FRME,FWONA,FWONK,GDEN,GIII,GILD,GLNG,GNTX,GOOGL,GRPN,HCSG,HIMX,HOPE,HST,HTLD,HUT,HWC,ICUI,IESC,INTC,INTU,IOVA,IPAR,IPGP,ISRG,JBSS,KALU,KPRX,KRNT,LAUR,LBRDA,LBTYK,LECO,LILAK,LITE,MANH,MDXG,MFIC,MGEE,MIDD,MLAB,MMSI,MNKD,MOMO,MRVL,NICE,NMFC,NUWE,NVCR,NWBI,OFIX,OFLX,OMCL,OPK,ORKA,ORLY,OTTR,PDD,PNTG,POOL,POWL,PPBI,PPC,PRAA,PRPL,PZZA,QTRX,QURE,RDFN,RDHL,REAL,REG,REYN,RGLD,RIOT,RUN,RYTM,SAIA,SBAC,SBRA,SCVL,SHOO,SLAB,SLDB,SMCI,SMTC,SRCE,SSP,SSRM,STBA,STRO,SVC,SYBT,TCBI,TCOM,TENX,TH,TMUS,TNDM,TTD,TTMI,UAL,ULH,ULTA,VCYT,VIRT,VKTX,VOD,VRDN,VREX,VRNT,VSAT,WB,WBD,WDC,WEN,WSFS,XXII,Z,ZBRA
ABAT,0.0,0.442,0.518,-0.212,0.578,0.455,0.442,0.449,-0.06,0.637,0.526,0.185,-0.034,0.673,0.327,0.238,0.514,0.439,0.408,0.105,0.125,0.374,0.386,0.102,0.157,0.247,0.588,-0.167,0.414,-0.013,-0.186,0.414,0.179,0.492,0.118,0.555,0.404,0.295,0.383,0.779,0.645,0.405,0.629,0.746,0.56,-0.508,0.217,0.025,0.363,-0.205,-0.026,0.185,0.5,0.198,-0.176,0.629,-0.222,-0.184,-0.541,0.606,0.528,-0.031,-0.709,0.382,0.212,0.154,-0.173,0.603,0.542,-0.009,0.201,-0.117,-0.187,0.2,0.069,0.22,-0.22,0.367,0.462,0.68,-0.371,0.72,0.659,0.322,0.235,0.429,0.423,0.452,0.704,0.545,-0.353,0.61,-0.015,0.126,-0.101,0.837,0.024,-0.089,-0.562,0.751,0.591,0.687,0.683,0.433,0.476,0.031,0.696,0.163,0.508,-0.059,0.242,0.508,0.239,0.543,0.811,0.431,0.369,0.598,-0.309,0.263,-0.387,0.118,-0.044,0.52,0.526,0.648,0.284,0.536,0.667,-0.552,0.239,0.14,-0.512,0.015,-0.01,-0.005,-0.196,0.678,0.083,-0.112,-0.472,-0.037,0.553,0.213,-0.469,0.519,0.641,0.544,0.453,0.506,0.664,0.245,0.195,-0.114,0.586,0.12,0.133,0.366,-0.2,0.055,-0.369,0.421,0.533,-0.022,-0.001,0.479,-0.583,0.422,-0.144,-0.496,0.181,0.291,-0.009,0.226,0.633,0.645,-0.279,-0.151,0.519,0.639,0.277,0.574,-0.331,0.396,0.593,0.635,0.181,0.495,-0.108,-0.36,0.448,-0.32,0.636,0.73,0.738,0.572,-0.437,0.66,0.66,0.471
ACLS,0.442,0.0,-0.109,-0.51,0.302,0.809,0.914,0.87,0.596,0.473,0.935,0.774,-0.733,0.591,0.893,-0.38,0.956,0.102,0.826,0.739,-0.416,0.861,0.862,0.251,0.912,-0.5,0.304,0.355,0.746,-0.226,0.165,0.26,0.891,0.969,0.861,0.725,0.664,0.706,0.685,0.642,0.83,0.846,0.348,0.821,0.56,0.005,0.737,-0.374,0.634,0.296,-0.454,0.307,-0.095,0.735,0.088,0.903,-0.619,-0.029,0.004,0.164,0.412,0.672,-0.168,0.265,0.635,0.754,0.417,0.72,-0.107,0.823,0.234,0.676,0.163,0.761,0.184,0.784,-0.456,0.95,0.713,0.804,-0.07,0.824,0.847,0.903,0.879,0.273,0.798,0.599,0.906,0.637,0.418,0.897,0.228,0.725,0.578,0.682,0.252,0.385,0.241,0.605,0.616,0.885,0.494,0.486,0.155,0.353,0.741,0.758,0.333,0.637,0.335,0.888,0.903,0.634,0.424,0.945,0.066,0.766,0.372,0.162,0.233,0.024,0.661,0.099,0.933,0.234,0.727,0.757,0.858,-0.443,-0.386,-0.481,-0.029,0.854,0.812,0.598,-0.085,0.558,0.55,0.367,-0.636,0.172,0.533,0.582,0.158,0.318,0.196,0.782,0.28,0.932,0.73,0.617,0.178,0.618,0.933,0.648,0.798,0.597,0.097,0.599,0.458,0.38,0.901,0.81,0.716,0.937,0.018,-0.062,0.333,-0.034,0.556,0.802,0.736,0.029,0.324,0.775,0.502,0.552,0.709,0.173,0.907,0.814,0.608,0.923,0.748,0.729,0.368,0.63,0.538,-0.809,0.837,0.042,0.544,0.373,0.552,0.504,-0.417,0.634,0.645,0.955
ACMR,0.518,-0.109,0.0,0.081,0.722,-0.013,0.059,-0.232,-0.127,0.353,0.023,-0.522,0.605,0.195,0.0,0.648,-0.04,0.805,-0.187,-0.452,0.772,-0.242,-0.392,-0.262,-0.41,0.463,0.575,-0.617,0.02,0.633,-0.33,0.294,-0.44,-0.119,-0.403,0.329,0.038,-0.118,-0.014,0.597,0.321,-0.148,0.558,0.178,0.317,-0.85,-0.138,0.289,0.269,-0.069,0.69,-0.049,0.787,0.123,0.266,0.196,0.402,-0.603,-0.764,0.834,0.383,-0.567,-0.268,0.677,0.097,-0.507,-0.634,0.147,0.943,-0.559,0.484,-0.678,-0.278,-0.483,0.01,-0.085,-0.053,-0.263,0.16,0.359,-0.413,0.027,-0.036,-0.228,-0.08,0.554,-0.196,0.294,0.09,0.104,-0.782,0.192,-0.445,-0.54,-0.166,0.488,-0.186,0.186,-0.612,0.398,0.51,0.088,0.487,0.312,0.672,0.124,0.329,-0.257,0.712,-0.669,0.075,-0.17,-0.265,0.138,0.694,-0.066,0.8,0.117,-0.615,0.459,-0.097,0.497,-0.486,0.86,-0.034,0.811,-0.4,0.038,0.326,-0.405,0.801,0.848,-0.064,-0.441,-0.479,-0.58,-0.025,0.686,0.019,0.14,0.259,-0.234,0.013,0.046,-0.178,0.39,0.832,0.371,0.726,-0.081,0.435,-0.175,0.431,-0.672,-0.011,-0.246,-0.406,0.257,-0.021,-0.661,-0.559,0.513,0.197,-0.586,-0.326,0.094,-0.745,0.854,-0.463,-0.546,0.109,-0.369,-0.501,0.32,0.826,0.018,-0.815,-0.574,0.314,0.819,-0.358,-0.015,-0.73,-0.216,0.451,0.102,0.424,0.195,-0.728,0.352,0.011,-0.272,0.683,0.696,0.589,0.324,-0.232,0.222,0.495,0.042
ADMA,-0.212,-0.51,0.081,0.0,0.075,-0.112,-0.295,-0.461,-0.154,-0.388,-0.365,-0.431,0.531,-0.387,-0.352,0.624,-0.483,0.012,-0.431,-0.553,0.182,-0.252,-0.415,-0.041,-0.41,0.579,-0.262,-0.112,-0.103,0.38,-0.224,-0.288,-0.496,-0.53,-0.515,-0.339,-0.396,-0.276,-0.447,-0.313,-0.401,-0.54,-0.286,-0.33,-0.402,0.048,-0.385,0.376,-0.506,0.188,0.209,0.118,-0.002,-0.502,-0.04,-0.499,0.622,-0.112,0.243,-0.085,-0.184,-0.304,0.228,0.029,-0.195,-0.374,-0.167,-0.367,0.23,-0.518,-0.163,-0.292,-0.047,-0.344,-0.208,-0.412,0.305,-0.508,-0.371,-0.399,-0.025,-0.556,-0.555,-0.489,-0.434,-0.336,-0.337,-0.174,-0.418,-0.257,-0.19,-0.455,-0.068,-0.172,-0.41,-0.199,-0.136,-0.283,0.001,-0.254,-0.16,-0.418,-0.354,-0.178,-0.057,-0.34,-0.522,-0.484,-0.073,-0.322,-0.131,-0.532,-0.58,-0.24,-0.084,-0.466,0.091,-0.327,-0.177,-0.161,-0.135,0.166,-0.183,0.082,-0.434,-0.04,-0.269,-0.441,-0.428,0.263,0.232,0.256,0.276,-0.342,-0.396,-0.423,0.261,-0.342,-0.053,-0.253,0.588,-0.059,-0.182,-0.338,-0.045,-0.248,-0.053,-0.328,0.025,-0.507,-0.439,-0.094,-0.378,-0.313,-0.384,-0.092,-0.369,-0.271,0.24,-0.164,-0.263,-0.146,-0.441,-0.467,-0.395,-0.499,0.018,0.141,0.048,-0.045,-0.148,-0.231,-0.606,-0.026,-0.245,-0.267,-0.199,-0.345,-0.279,-0.096,-0.488,-0.537,-0.301,-0.391,-0.235,-0.442,0.17,-0.446,-0.259,0.532,-0.42,0.448,-0.274,-0.364,-0.35,-0.275,0.414,0.083,-0.369,-0.452
ADUS,0.578,0.302,0.722,0.075,0.0,0.492,0.465,0.112,0.282,0.433,0.451,-0.126,0.2,0.391,0.361,0.429,0.376,0.688,0.193,-0.154,0.431,0.254,0.107,-0.163,0.09,0.249,0.541,-0.302,0.429,0.385,-0.251,0.25,0.016,0.301,0.05,0.502,0.206,0.129,0.166,0.704,0.581,0.208,0.518,0.545,0.374,-0.69,0.176,0.004,0.433,0.039,0.266,0.138,0.581,0.331,0.136,0.513,0.125,-0.545,-0.566,0.736,0.401,-0.168,-0.348,0.681,0.395,0.006,-0.255,0.37,0.781,-0.13,0.43,-0.25,-0.29,-0.056,-0.037,0.197,-0.255,0.118,0.412,0.622,-0.472,0.322,0.285,0.17,0.276,0.387,0.237,0.439,0.456,0.429,-0.421,0.492,-0.323,-0.068,0.021,0.744,-0.199,0.266,-0.447,0.608,0.655,0.508,0.548,0.492,0.587,0.218,0.499,0.129,0.7,-0.247,0.349,0.169,0.093,0.291,0.72,0.273,0.701,0.383,-0.288,0.29,0.043,0.433,-0.161,0.756,0.389,0.725,0.009,0.4,0.66,-0.562,0.519,0.438,-0.097,0.054,-0.03,-0.325,0.037,0.728,0.272,0.124,0.067,-0.203,0.143,0.367,-0.21,0.401,0.746,0.585,0.737,0.329,0.64,0.105,0.347,-0.258,0.438,0.223,0.008,0.405,0.199,-0.247,-0.274,0.513,0.59,-0.117,-0.151,0.459,-0.677,0.621,-0.131,-0.572,0.397,0.087,-0.209,0.161,0.676,0.375,-0.398,-0.294,0.561,0.716,0.095,0.293,-0.337,0.215,0.748,0.37,0.608,0.384,-0.364,-0.095,0.306,-0.085,0.679,0.573,0.617,0.458,-0.423,0.615,0.662,0.428
ADVM,0.455,0.809,-0.013,-0.112,0.492,0.0,0.814,0.657,0.608,0.249,0.873,0.645,-0.523,0.571,0.779,-0.115,0.789,0.055,0.746,0.397,-0.393,0.821,0.754,0.041,0.775,-0.237,0.178,0.428,0.855,-0.17,-0.146,-0.027,0.67,0.771,0.687,0.533,0.348,0.449,0.36,0.58,0.712,0.737,0.313,0.861,0.261,-0.007,0.516,-0.402,0.349,0.364,-0.508,0.289,-0.116,0.457,-0.127,0.714,-0.337,-0.154,0.078,0.195,0.192,0.597,-0.214,0.329,0.478,0.674,0.461,0.483,0.078,0.59,0.025,0.562,-0.101,0.734,-0.149,0.494,-0.493,0.709,0.662,0.649,-0.344,0.68,0.702,0.64,0.632,0.058,0.832,0.395,0.81,0.569,0.363,0.742,0.017,0.666,0.276,0.678,-0.044,0.112,0.063,0.688,0.478,0.838,0.297,0.391,0.073,0.276,0.562,0.511,0.263,0.569,0.223,0.644,0.663,0.457,0.447,0.707,0.082,0.651,0.362,-0.111,0.084,-0.021,0.585,0.135,0.855,0.189,0.605,0.649,0.761,-0.545,-0.209,-0.403,-0.101,0.714,0.715,0.379,0.101,0.45,0.647,0.041,-0.308,-0.084,0.335,0.454,-0.012,0.116,0.162,0.644,0.271,0.821,0.555,0.642,-0.031,0.538,0.873,0.767,0.75,0.35,0.291,0.574,0.264,0.196,0.787,0.631,0.413,0.738,-0.159,0.003,0.503,-0.341,0.483,0.675,0.403,-0.177,0.181,0.786,0.448,0.211,0.532,0.11,0.778,0.561,0.421,0.777,0.704,0.554,0.44,0.37,0.459,-0.721,0.612,0.295,0.432,0.211,0.387,0.353,-0.483,0.848,0.482,0.79
AEIS,0.442,0.914,0.059,-0.295,0.465,0.814,0.0,0.748,0.583,0.531,0.862,0.576,-0.511,0.513,0.817,-0.153,0.898,0.319,0.725,0.656,-0.213,0.804,0.753,0.32,0.79,-0.286,0.404,0.151,0.707,-0.005,0.178,0.344,0.754,0.875,0.716,0.804,0.682,0.732,0.69,0.681,0.827,0.637,0.316,0.8,0.618,-0.111,0.737,-0.167,0.658,0.389,-0.224,0.41,0.092,0.753,0.24,0.876,-0.448,-0.111,-0.088,0.283,0.56,0.503,-0.064,0.472,0.698,0.596,0.239,0.735,0.07,0.664,0.401,0.516,0.219,0.618,0.235,0.774,-0.345,0.85,0.632,0.82,-0.017,0.684,0.689,0.843,0.863,0.313,0.664,0.699,0.845,0.626,0.247,0.877,0.22,0.662,0.562,0.747,0.327,0.47,0.217,0.602,0.763,0.81,0.555,0.572,0.316,0.365,0.698,0.677,0.49,0.466,0.369,0.807,0.755,0.65,0.576,0.86,0.292,0.757,0.213,0.3,0.282,0.248,0.576,0.296,0.882,0.394,0.64,0.692,0.837,-0.38,-0.238,-0.281,0.081,0.779,0.659,0.507,-0.093,0.6,0.542,0.441,-0.472,0.217,0.591,0.57,0.157,0.42,0.354,0.848,0.457,0.789,0.772,0.556,0.233,0.428,0.846,0.555,0.65,0.676,0.18,0.446,0.418,0.534,0.89,0.648,0.668,0.913,-0.022,0.183,0.244,-0.07,0.655,0.765,0.597,0.155,0.452,0.711,0.323,0.519,0.809,0.321,0.753,0.772,0.458,0.871,0.84,0.724,0.557,0.665,0.366,-0.614,0.878,0.09,0.631,0.455,0.64,0.601,-0.253,0.68,0.701,0.927
AGNCM,0.449,0.87,-0.232,-0.461,0.112,0.657,0.748,0.0,0.44,0.481,0.792,0.714,-0.666,0.447,0.726,-0.352,0.832,0.01,0.662,0.736,-0.433,0.754,0.86,0.393,0.792,-0.348,0.243,0.334,0.651,-0.306,0.279,0.331,0.814,0.866,0.692,0.668,0.618,0.709,0.689,0.514,0.632,0.715,0.207,0.678,0.574,0.049,0.714,-0.212,0.439,0.14,-0.468,0.44,-0.116,0.504,-0.061,0.761,-0.544,0.071,0.074,0.014,0.437,0.572,-0.255,0.086,0.436,0.707,0.316,0.736,-0.197,0.705,0.191,0.606,0.272,0.712,0.321,0.712,-0.305,0.874,0.594,0.655,0.052,0.759,0.776,0.872,0.76,0.166,0.652,0.577,0.802,0.652,0.373,0.728,0.417,0.741,0.391,0.589,0.364,0.203,0.276,0.413,0.5,0.796,0.482,0.492,0.001,0.042,0.63,0.681,0.261,0.563,0.439,0.885,0.739,0.716,0.336,0.841,-0.023,0.662,0.223,0.185,0.01,-0.041,0.567,0.014,0.775,0.117,0.694,0.719,0.703,-0.317,-0.53,-0.548,-0.108,0.701,0.679,0.543,-0.227,0.41,0.294,0.275,-0.701,0.328,0.631,0.352,0.043,0.326,0.15,0.638,0.181,0.822,0.612,0.482,-0.021,0.572,0.795,0.497,0.648,0.54,-0.147,0.598,0.376,0.348,0.728,0.712,0.612,0.773,0.112,-0.163,0.311,0.077,0.457,0.856,0.675,0.136,0.193,0.663,0.486,0.568,0.594,0.094,0.775,0.797,0.539,0.843,0.574,0.644,0.242,0.601,0.577,-0.73,0.759,0.001,0.391,0.305,0.427,0.495,-0.247,0.559,0.549,0.803
AHCO,-0.06,0.596,-0.127,-0.154,0.282,0.608,0.583,0.44,0.0,0.068,0.569,0.389,-0.46,-0.056,0.597,-0.173,0.574,0.01,0.428,0.34,-0.264,0.417,0.509,0.028,0.655,-0.323,-0.039,0.24,0.681,-0.037,0.174,-0.074,0.608,0.524,0.58,0.446,0.155,0.382,0.345,0.199,0.327,0.455,-0.134,0.325,0.112,0.085,0.61,-0.32,0.222,0.445,-0.265,0.396,-0.194,0.439,0.159,0.381,-0.155,-0.2,0.203,-0.068,0.08,0.569,0.325,0.322,0.372,0.611,0.331,0.267,-0.094,0.596,0.265,0.525,0.165,0.544,0.046,0.498,-0.277,0.521,0.341,0.375,-0.098,0.174,0.237,0.533,0.624,-0.104,0.38,0.329,0.388,0.528,0.535,0.428,0.066,0.582,0.454,0.286,0.065,0.367,0.472,0.116,0.333,0.395,0.124,0.499,-0.224,0.157,0.224,0.548,0.242,0.471,0.36,0.413,0.532,0.309,-0.032,0.539,0.125,0.331,0.396,0.006,0.419,0.09,0.509,0.017,0.574,-0.068,0.302,0.339,0.505,-0.205,-0.368,-0.332,0.384,0.696,0.707,0.202,0.2,0.282,0.612,0.387,0.006,0.054,0.038,0.362,0.345,0.005,-0.042,0.457,0.271,0.507,0.341,0.42,-0.087,0.422,0.519,0.685,0.51,0.386,0.249,0.361,0.645,0.193,0.624,0.587,0.411,0.592,0.152,-0.153,0.275,0.07,0.461,0.545,0.475,-0.176,0.063,0.252,0.492,0.287,0.291,-0.106,0.49,0.323,0.633,0.544,0.547,0.108,0.498,0.229,0.505,-0.531,0.42,0.39,0.295,-0.098,0.042,0.185,-0.225,0.321,0.272,0.572
ALGT,0.637,0.473,0.353,-0.388,0.433,0.249,0.531,0.481,0.068,0.0,0.371,0.064,-0.029,0.353,0.295,-0.02,0.614,0.65,0.259,0.538,0.348,0.242,0.408,0.542,0.188,0.118,0.741,-0.539,0.092,0.051,0.427,0.918,0.375,0.571,0.228,0.79,0.81,0.639,0.818,0.574,0.535,0.159,0.262,0.5,0.936,-0.501,0.658,0.259,0.71,-0.349,0.22,0.394,0.708,0.542,0.251,0.676,-0.38,-0.003,-0.679,0.462,0.887,-0.156,-0.322,0.543,0.451,0.169,-0.409,0.869,0.359,0.158,0.675,-0.144,0.39,0.043,0.695,0.585,0.055,0.479,0.29,0.786,0.22,0.529,0.446,0.599,0.559,0.571,0.122,0.791,0.555,0.65,-0.37,0.535,0.335,0.219,0.383,0.739,0.499,0.453,-0.191,0.325,0.783,0.544,0.927,0.717,0.612,0.084,0.65,0.434,0.702,-0.16,0.623,0.671,0.301,0.668,0.682,0.497,0.541,0.549,-0.43,0.699,0.079,0.475,-0.212,0.587,0.463,0.692,0.147,0.495,0.639,-0.153,0.029,0.14,-0.282,0.158,-0.008,0.095,-0.589,0.709,-0.168,0.43,-0.582,0.523,0.782,0.408,-0.285,0.939,0.687,0.689,0.564,0.355,0.853,-0.099,0.529,-0.224,0.42,-0.203,-0.041,0.789,-0.328,-0.128,0.034,0.803,0.631,0.126,0.142,0.635,-0.25,0.446,-0.482,0.032,0.567,0.477,0.333,0.624,0.684,0.352,-0.301,0.323,0.792,0.744,0.197,0.848,-0.107,0.422,0.672,0.789,0.339,0.913,-0.117,-0.303,0.741,-0.595,0.667,0.811,0.824,0.915,-0.023,0.321,0.828,0.587
ALLO,0.526,0.935,0.023,-0.365,0.451,0.873,0.862,0.792,0.569,0.371,0.0,0.704,-0.618,0.644,0.931,-0.18,0.888,0.14,0.771,0.516,-0.373,0.874,0.786,0.067,0.851,-0.368,0.295,0.391,0.833,-0.103,-0.027,0.13,0.772,0.906,0.752,0.651,0.524,0.539,0.514,0.739,0.854,0.871,0.496,0.864,0.455,-0.103,0.572,-0.407,0.539,0.334,-0.461,0.277,-0.078,0.622,-0.011,0.874,-0.446,-0.202,-0.01,0.313,0.336,0.604,-0.279,0.288,0.586,0.689,0.386,0.642,0.074,0.681,0.17,0.57,-0.041,0.706,0.013,0.674,-0.563,0.844,0.768,0.792,-0.304,0.823,0.846,0.789,0.762,0.241,0.818,0.513,0.917,0.58,0.313,0.877,0.056,0.61,0.374,0.75,0.028,0.288,0.116,0.7,0.599,0.924,0.45,0.423,0.178,0.285,0.775,0.673,0.368,0.544,0.292,0.754,0.789,0.606,0.489,0.912,0.125,0.734,0.311,0.069,0.134,0.066,0.607,0.2,0.879,0.311,0.715,0.766,0.895,-0.607,-0.212,-0.374,-0.049,0.751,0.741,0.42,0.032,0.598,0.589,0.241,-0.522,-0.016,0.438,0.521,0.097,0.221,0.289,0.763,0.371,0.959,0.707,0.649,0.108,0.568,0.953,0.715,0.775,0.506,0.115,0.544,0.238,0.32,0.866,0.686,0.576,0.858,-0.172,-0.017,0.435,-0.247,0.481,0.718,0.527,-0.057,0.336,0.804,0.407,0.313,0.655,0.237,0.851,0.68,0.47,0.841,0.768,0.621,0.47,0.516,0.452,-0.73,0.69,0.099,0.569,0.37,0.525,0.404,-0.541,0.769,0.654,0.91
AMSF,0.185,0.774,-0.522,-0.431,-0.126,0.645,0.576,0.714,0.389,0.064,0.704,0.0,-0.903,0.578,0.639,-0.635,0.711,-0.439,0.814,0.688,-0.816,0.782,0.817,0.215,0.847,-0.675,-0.152,0.732,0.552,-0.613,0.022,-0.141,0.808,0.741,0.854,0.231,0.404,0.501,0.382,0.224,0.522,0.824,0.142,0.623,0.123,0.51,0.443,-0.505,0.261,0.218,-0.8,0.012,-0.558,0.368,-0.124,0.583,-0.685,0.392,0.412,-0.251,-0.069,0.882,-0.161,-0.258,0.37,0.822,0.813,0.363,-0.532,0.856,-0.348,0.883,0.098,0.851,-0.123,0.534,-0.331,0.832,0.499,0.391,0.033,0.729,0.79,0.671,0.554,-0.032,0.861,0.169,0.681,0.313,0.73,0.595,0.331,0.783,0.39,0.289,0.175,-0.007,0.315,0.46,0.098,0.647,0.056,0.012,-0.207,0.337,0.426,0.574,-0.258,0.888,-0.011,0.709,0.866,0.332,0.009,0.682,-0.487,0.627,0.737,-0.327,0.082,-0.428,0.775,-0.449,0.749,-0.258,0.831,0.548,0.443,-0.175,-0.59,-0.796,-0.183,0.805,0.841,0.783,0.141,0.046,0.479,-0.061,-0.634,0.062,0.276,0.436,0.125,-0.116,-0.339,0.293,-0.32,0.789,0.229,0.738,-0.077,0.833,0.77,0.654,0.889,0.076,0.216,0.898,0.477,-0.148,0.526,0.859,0.659,0.61,0.344,-0.47,0.51,0.119,0.143,0.675,0.765,-0.249,-0.198,0.709,0.792,0.536,0.253,-0.336,0.935,0.545,0.741,0.769,0.246,0.515,-0.147,0.237,0.744,-0.827,0.512,0.2,0.042,-0.072,0.134,0.091,-0.319,0.45,0.111,0.651
ANAB,-0.034,-0.733,0.605,0.531,0.2,-0.523,-0.511,-0.666,-0.46,-0.029,-0.618,-0.903,0.0,-0.427,-0.594,0.748,-0.655,0.505,-0.786,-0.691,0.829,-0.725,-0.783,-0.138,-0.857,0.745,0.23,-0.705,-0.502,0.669,-0.141,0.151,-0.808,-0.71,-0.866,-0.167,-0.325,-0.421,-0.348,-0.103,-0.415,-0.774,-0.031,-0.492,-0.063,-0.505,-0.474,0.599,-0.255,-0.214,0.791,-0.001,0.609,-0.395,0.157,-0.504,0.743,-0.377,-0.456,0.364,0.114,-0.87,0.065,0.317,-0.327,-0.819,-0.799,-0.286,0.644,-0.924,0.289,-0.906,-0.084,-0.842,0.09,-0.468,0.332,-0.787,-0.373,-0.316,-0.064,-0.635,-0.703,-0.643,-0.552,0.138,-0.766,-0.069,-0.596,-0.315,-0.818,-0.542,-0.26,-0.755,-0.451,-0.141,-0.11,-0.048,-0.375,-0.314,-0.025,-0.556,0.024,-0.007,0.31,-0.29,-0.334,-0.611,0.331,-0.919,-0.014,-0.663,-0.848,-0.215,0.164,-0.645,0.555,-0.48,-0.754,0.331,-0.122,0.457,-0.774,0.507,-0.703,0.367,-0.76,-0.468,-0.393,0.157,0.678,0.844,0.08,-0.837,-0.868,-0.793,-0.127,-0.01,-0.474,0.002,0.605,-0.029,-0.183,-0.418,-0.176,0.141,0.443,-0.218,0.35,-0.725,-0.174,-0.644,0.097,-0.884,-0.683,-0.679,-0.872,-0.094,-0.154,-0.841,-0.636,0.19,-0.484,-0.892,-0.659,-0.574,-0.384,0.593,-0.489,-0.157,-0.146,-0.618,-0.794,0.333,0.235,-0.586,-0.845,-0.61,-0.181,0.429,-0.893,-0.51,-0.816,-0.755,-0.195,-0.431,0.192,-0.183,-0.778,0.84,-0.457,-0.222,0.033,0.174,-0.02,-0.013,0.337,-0.258,-0.058,-0.576
ANDE,0.673,0.591,0.195,-0.387,0.391,0.571,0.513,0.447,-0.056,0.353,0.644,0.578,-0.427,0.0,0.521,-0.216,0.604,0.117,0.722,0.316,-0.256,0.633,0.463,-0.058,0.437,-0.352,0.329,0.327,0.36,-0.259,-0.358,0.103,0.362,0.596,0.516,0.302,0.454,0.238,0.228,0.69,0.803,0.71,0.769,0.821,0.336,-0.149,0.119,-0.39,0.53,-0.043,-0.354,-0.294,0.045,0.419,-0.073,0.745,-0.504,0.052,-0.233,0.477,0.168,0.349,-0.617,0.073,0.451,0.323,0.38,0.402,0.156,0.344,-0.171,0.305,-0.309,0.403,-0.261,0.339,-0.452,0.547,0.602,0.633,-0.343,0.857,0.842,0.404,0.341,0.42,0.791,0.23,0.754,0.168,0.003,0.708,-0.123,0.225,0.155,0.636,-0.112,0.031,-0.43,0.904,0.392,0.726,0.391,-0.017,0.471,0.537,0.744,0.279,0.11,0.352,-0.169,0.506,0.611,0.309,0.576,0.52,-0.01,0.709,0.266,-0.122,-0.072,-0.116,0.304,0.123,0.673,0.389,0.556,0.556,0.604,-0.564,0.182,-0.142,-0.499,0.344,0.334,0.39,0.085,0.451,0.338,-0.171,-0.559,-0.243,0.281,0.524,-0.205,0.189,0.274,0.442,0.066,0.692,0.519,0.53,0.37,0.345,0.733,0.327,0.566,0.144,0.234,0.391,-0.17,0.104,0.564,0.333,0.3,0.587,-0.368,0.145,0.219,-0.456,0.076,0.253,0.274,-0.073,0.353,0.811,0.095,0.048,0.476,0.33,0.668,0.515,0.028,0.526,0.443,0.726,-0.037,0.357,0.044,-0.525,0.438,-0.214,0.426,0.496,0.649,0.279,-0.596,0.605,0.44,0.588
APLS,0.327,0.893,0.0,-0.352,0.361,0.779,0.817,0.726,0.597,0.295,0.931,0.639,-0.594,0.521,0.0,-0.172,0.836,0.158,0.698,0.523,-0.327,0.815,0.675,0.039,0.844,-0.442,0.235,0.384,0.76,0.035,0.011,0.118,0.758,0.85,0.751,0.625,0.523,0.53,0.474,0.672,0.821,0.819,0.47,0.718,0.436,-0.09,0.59,-0.395,0.581,0.458,-0.375,0.257,-0.118,0.71,0.157,0.819,-0.356,-0.257,0.061,0.296,0.322,0.576,-0.058,0.273,0.639,0.598,0.355,0.578,0.028,0.711,0.248,0.581,0.041,0.632,0.069,0.726,-0.599,0.813,0.755,0.753,-0.213,0.683,0.718,0.78,0.803,0.265,0.731,0.506,0.814,0.463,0.332,0.83,0.012,0.555,0.51,0.62,0.048,0.448,0.289,0.565,0.594,0.798,0.398,0.375,0.195,0.343,0.711,0.642,0.372,0.515,0.239,0.669,0.793,0.581,0.377,0.913,0.123,0.627,0.34,0.118,0.31,0.172,0.633,0.206,0.799,0.309,0.645,0.664,0.824,-0.566,-0.206,-0.32,0.19,0.777,0.766,0.415,0.067,0.569,0.645,0.437,-0.424,0.006,0.36,0.568,0.301,0.203,0.245,0.772,0.383,0.882,0.659,0.623,0.155,0.578,0.859,0.687,0.777,0.56,0.168,0.476,0.326,0.351,0.822,0.699,0.681,0.837,-0.095,-0.011,0.448,-0.142,0.48,0.656,0.552,-0.038,0.33,0.679,0.417,0.369,0.645,0.2,0.812,0.589,0.554,0.804,0.736,0.528,0.535,0.481,0.433,-0.617,0.658,0.156,0.567,0.311,0.467,0.351,-0.445,0.633,0.615,0.888
APPF,0.238,-0.38,0.648,0.624,0.429,-0.115,-0.153,-0.352,-0.173,-0.02,-0.18,-0.635,0.748,-0.216,-0.172,0.0,-0.323,0.507,-0.447,-0.643,0.576,-0.298,-0.455,-0.134,-0.505,0.816,0.257,-0.452,0.021,0.691,-0.239,0.043,-0.567,-0.383,-0.67,0.054,-0.266,-0.222,-0.246,0.219,-0.086,-0.423,0.18,-0.124,-0.015,-0.483,-0.322,0.516,-0.245,0.137,0.575,0.26,0.479,-0.288,0.107,-0.224,0.763,-0.478,-0.263,0.449,0.23,-0.591,-0.024,0.373,-0.188,-0.546,-0.602,-0.077,0.735,-0.675,0.286,-0.646,-0.166,-0.473,-0.042,-0.291,0.142,-0.465,-0.106,-0.057,-0.278,-0.331,-0.368,-0.399,-0.341,0.073,-0.422,0.075,-0.177,-0.011,-0.617,-0.166,-0.244,-0.436,-0.433,0.187,-0.158,-0.12,-0.286,0.01,0.217,-0.203,0.127,0.165,0.27,-0.345,-0.081,-0.423,0.428,-0.629,0.071,-0.396,-0.606,0.122,0.385,-0.249,0.581,-0.207,-0.619,0.271,-0.26,0.466,-0.387,0.617,-0.342,0.491,-0.387,-0.23,-0.056,-0.127,0.558,0.662,0.259,-0.551,-0.549,-0.642,0.107,0.201,-0.056,-0.011,0.518,-0.129,0.001,-0.29,-0.127,0.101,0.53,0.055,0.526,-0.351,-0.003,-0.176,-0.128,-0.618,-0.265,-0.189,-0.505,0.065,-0.08,-0.509,-0.564,0.252,-0.209,-0.693,-0.384,-0.294,-0.451,0.581,-0.186,-0.345,-0.095,-0.302,-0.719,0.252,0.353,-0.196,-0.628,-0.555,-0.011,0.435,-0.573,-0.351,-0.642,-0.359,0.134,-0.315,0.431,-0.16,-0.526,0.604,-0.252,0.151,0.239,0.203,0.101,0.045,0.168,0.184,0.118,-0.278
ASML,0.514,0.956,-0.04,-0.483,0.376,0.789,0.898,0.832,0.574,0.614,0.888,0.711,-0.655,0.604,0.836,-0.323,0.0,0.197,0.789,0.756,-0.308,0.804,0.863,0.361,0.829,-0.392,0.372,0.211,0.669,-0.237,0.236,0.393,0.865,0.958,0.808,0.78,0.737,0.752,0.76,0.65,0.836,0.772,0.333,0.833,0.651,-0.057,0.79,-0.281,0.679,0.16,-0.39,0.359,0.059,0.725,0.129,0.915,-0.602,0.042,-0.121,0.228,0.522,0.562,-0.205,0.32,0.645,0.728,0.316,0.81,-0.022,0.765,0.311,0.571,0.237,0.68,0.283,0.816,-0.367,0.936,0.662,0.873,0.002,0.827,0.831,0.915,0.863,0.304,0.75,0.672,0.913,0.713,0.313,0.883,0.296,0.717,0.567,0.768,0.33,0.405,0.177,0.61,0.684,0.882,0.624,0.583,0.263,0.342,0.773,0.72,0.403,0.547,0.424,0.917,0.847,0.696,0.498,0.916,0.138,0.784,0.28,0.22,0.24,0.134,0.513,0.196,0.929,0.344,0.67,0.736,0.87,-0.39,-0.343,-0.418,-0.095,0.785,0.709,0.531,-0.152,0.613,0.452,0.367,-0.646,0.263,0.612,0.644,0.015,0.483,0.277,0.799,0.316,0.873,0.799,0.528,0.237,0.498,0.921,0.544,0.699,0.67,0.048,0.535,0.422,0.471,0.926,0.742,0.631,0.954,-0.025,0.03,0.186,-0.019,0.562,0.807,0.723,0.151,0.387,0.776,0.394,0.54,0.772,0.283,0.841,0.887,0.525,0.902,0.794,0.808,0.364,0.744,0.465,-0.798,0.887,-0.061,0.592,0.452,0.63,0.642,-0.356,0.637,0.713,0.95
ATRC,0.439,0.102,0.805,0.012,0.688,0.055,0.319,0.01,0.01,0.65,0.14,-0.439,0.505,0.117,0.158,0.507,0.197,0.0,-0.139,-0.032,0.798,-0.102,-0.192,0.126,-0.2,0.373,0.763,-0.75,-0.022,0.681,0.099,0.679,-0.128,0.113,-0.189,0.625,0.451,0.256,0.389,0.609,0.425,-0.175,0.425,0.212,0.671,-0.812,0.241,0.409,0.593,-0.095,0.732,0.218,0.883,0.438,0.544,0.399,0.222,-0.507,-0.789,0.786,0.74,-0.502,-0.058,0.772,0.415,-0.336,-0.71,0.479,0.81,-0.332,0.807,-0.555,0.136,-0.445,0.448,0.33,0.004,-0.003,0.201,0.569,-0.04,0.057,-0.018,0.138,0.307,0.684,-0.234,0.657,0.191,0.287,-0.743,0.304,-0.131,-0.304,0.213,0.588,0.198,0.582,-0.302,0.242,0.785,0.189,0.724,0.556,0.814,0.174,0.46,0.093,0.914,-0.622,0.393,0.104,-0.096,0.403,0.733,0.178,0.937,0.252,-0.645,0.775,0.245,0.775,-0.426,0.907,0.089,0.902,-0.282,0.219,0.463,-0.223,0.587,0.741,0.111,-0.178,-0.343,-0.394,-0.305,0.724,-0.067,0.544,0.043,0.208,0.355,0.265,-0.015,0.704,0.921,0.634,0.877,0.001,0.68,-0.238,0.618,-0.616,0.076,-0.329,-0.379,0.643,-0.048,-0.604,-0.284,0.855,0.397,-0.347,-0.093,0.345,-0.509,0.839,-0.533,-0.205,0.457,-0.007,-0.178,0.608,0.846,0.014,-0.716,-0.128,0.677,0.931,-0.233,0.304,-0.466,-0.0,0.641,0.349,0.652,0.581,-0.61,0.283,0.376,-0.417,0.769,0.801,0.748,0.641,0.022,0.227,0.734,0.301
AVGO,0.408,0.826,-0.187,-0.431,0.193,0.746,0.725,0.662,0.428,0.259,0.771,0.814,-0.786,0.722,0.698,-0.447,0.789,-0.139,0.0,0.604,-0.629,0.813,0.74,0.086,0.796,-0.541,0.105,0.549,0.611,-0.428,-0.065,0.007,0.726,0.789,0.824,0.377,0.463,0.426,0.396,0.47,0.757,0.794,0.377,0.802,0.272,0.208,0.479,-0.52,0.47,0.296,-0.601,0.019,-0.294,0.52,-0.004,0.755,-0.685,0.148,0.197,0.071,0.143,0.773,-0.209,0.031,0.57,0.722,0.675,0.43,-0.239,0.776,-0.134,0.761,-0.05,0.804,-0.177,0.553,-0.423,0.822,0.5,0.605,-0.146,0.792,0.831,0.672,0.604,0.097,0.883,0.284,0.839,0.383,0.546,0.815,0.052,0.703,0.486,0.503,0.05,0.101,0.073,0.713,0.384,0.74,0.256,0.116,0.094,0.473,0.615,0.524,-0.026,0.765,-0.072,0.716,0.865,0.41,0.286,0.736,-0.187,0.731,0.627,-0.195,0.12,-0.239,0.72,-0.153,0.915,0.069,0.729,0.613,0.611,-0.403,-0.264,-0.55,-0.158,0.786,0.776,0.755,0.234,0.314,0.617,0.012,-0.547,-0.1,0.31,0.56,0.142,0.057,-0.072,0.467,-0.042,0.8,0.458,0.79,0.101,0.7,0.841,0.678,0.857,0.259,0.361,0.744,0.453,0.053,0.685,0.726,0.648,0.753,0.059,-0.232,0.422,-0.179,0.286,0.601,0.637,-0.235,0.157,0.823,0.567,0.438,0.446,-0.043,0.897,0.619,0.536,0.861,0.492,0.674,0.044,0.308,0.52,-0.792,0.623,0.143,0.339,0.169,0.436,0.224,-0.464,0.584,0.321,0.729
AVT,0.105,0.739,-0.452,-0.553,-0.154,0.397,0.656,0.736,0.34,0.538,0.516,0.688,-0.691,0.316,0.523,-0.643,0.756,-0.032,0.604,0.0,-0.414,0.582,0.745,0.657,0.713,-0.553,0.177,0.19,0.222,-0.402,0.579,0.489,0.853,0.763,0.762,0.562,0.807,0.805,0.812,0.183,0.464,0.476,-0.07,0.44,0.612,0.305,0.786,-0.105,0.599,0.024,-0.371,0.297,-0.128,0.644,0.264,0.641,-0.731,0.443,0.085,-0.181,0.46,0.562,0.088,-0.0,0.543,0.672,0.341,0.688,-0.481,0.803,0.225,0.641,0.615,0.573,0.524,0.816,-0.059,0.853,0.334,0.542,0.537,0.564,0.571,0.865,0.787,0.225,0.468,0.57,0.568,0.463,0.458,0.548,0.624,0.734,0.697,0.323,0.661,0.452,0.471,0.144,0.409,0.519,0.434,0.372,0.085,0.306,0.462,0.716,0.094,0.575,0.364,0.848,0.774,0.545,0.106,0.704,-0.147,0.592,0.351,0.263,0.375,0.011,0.478,-0.186,0.644,-0.001,0.616,0.533,0.451,0.129,-0.614,-0.584,-0.025,0.741,0.63,0.756,-0.342,0.183,0.14,0.448,-0.743,0.607,0.634,0.515,0.177,0.434,-0.072,0.508,-0.043,0.568,0.496,0.33,0.249,0.516,0.56,0.203,0.548,0.556,-0.03,0.563,0.662,0.368,0.592,0.792,0.712,0.722,0.474,-0.221,0.072,0.487,0.49,0.787,0.922,0.272,0.048,0.435,0.524,0.859,0.595,-0.02,0.711,0.816,0.7,0.744,0.38,0.704,0.056,0.687,0.569,-0.639,0.814,-0.176,0.201,0.224,0.379,0.541,0.095,0.183,0.393,0.719
AXDX,0.125,-0.416,0.772,0.182,0.431,-0.393,-0.213,-0.433,-0.264,0.348,-0.373,-0.816,0.829,-0.256,-0.327,0.576,-0.308,0.798,-0.629,-0.414,0.0,-0.59,-0.599,-0.038,-0.652,0.542,0.521,-0.887,-0.401,0.687,0.042,0.475,-0.557,-0.38,-0.604,0.22,0.03,-0.124,0.012,0.194,-0.093,-0.567,0.136,-0.272,0.316,-0.769,-0.124,0.525,0.199,-0.3,0.903,0.041,0.864,0.039,0.366,-0.133,0.519,-0.466,-0.786,0.579,0.408,-0.847,0.013,0.588,-0.036,-0.702,-0.894,0.063,0.772,-0.711,0.639,-0.879,0.031,-0.803,0.36,-0.138,0.225,-0.51,-0.134,0.092,-0.029,-0.382,-0.467,-0.337,-0.167,0.477,-0.642,0.269,-0.337,-0.026,-0.889,-0.231,-0.226,-0.696,-0.134,0.153,0.039,0.347,-0.394,-0.15,0.33,-0.283,0.4,0.335,0.596,-0.046,-0.014,-0.309,0.667,-0.916,0.253,-0.355,-0.554,-0.013,0.403,-0.343,0.792,-0.242,-0.817,0.644,0.097,0.674,-0.787,0.767,-0.428,0.647,-0.707,-0.241,-0.005,0.008,0.672,0.907,0.057,-0.626,-0.728,-0.746,-0.337,0.394,-0.406,0.34,0.373,0.124,-0.008,-0.111,-0.18,0.501,0.717,0.175,0.628,-0.474,0.255,-0.672,0.465,-0.881,-0.425,-0.654,-0.775,0.285,-0.211,-0.922,-0.503,0.557,-0.073,-0.707,-0.505,-0.171,-0.515,0.804,-0.68,-0.149,0.14,-0.456,-0.522,0.534,0.582,-0.434,-0.904,-0.417,0.215,0.737,-0.691,-0.13,-0.721,-0.528,0.188,-0.092,0.369,0.245,-0.825,0.623,-0.094,-0.454,0.394,0.535,0.342,0.35,0.167,-0.197,0.357,-0.214
AXSM,0.374,0.861,-0.242,-0.252,0.254,0.821,0.804,0.754,0.417,0.242,0.874,0.782,-0.725,0.633,0.815,-0.298,0.804,-0.102,0.813,0.582,-0.59,0.0,0.835,0.137,0.883,-0.398,0.096,0.562,0.751,-0.296,0.016,0.041,0.773,0.842,0.768,0.447,0.468,0.509,0.41,0.517,0.733,0.805,0.351,0.788,0.316,0.148,0.487,-0.422,0.419,0.356,-0.62,0.228,-0.291,0.52,-0.128,0.77,-0.561,0.04,0.248,0.058,0.222,0.677,-0.267,0.041,0.564,0.739,0.568,0.534,-0.194,0.757,-0.033,0.721,-0.04,0.801,-0.065,0.571,-0.467,0.832,0.62,0.62,-0.155,0.783,0.815,0.762,0.662,0.021,0.848,0.358,0.854,0.454,0.476,0.803,0.153,0.733,0.361,0.576,0.049,0.132,0.185,0.626,0.434,0.838,0.26,0.204,0.056,0.223,0.617,0.639,0.078,0.714,0.172,0.723,0.763,0.493,0.324,0.819,-0.142,0.64,0.458,-0.125,0.051,-0.103,0.715,-0.032,0.824,0.103,0.821,0.705,0.691,-0.459,-0.37,-0.595,-0.045,0.803,0.763,0.633,0.076,0.338,0.547,0.068,-0.556,-0.019,0.456,0.473,0.078,0.092,0.041,0.561,0.106,0.874,0.495,0.687,-0.033,0.747,0.887,0.744,0.86,0.361,0.203,0.723,0.337,0.124,0.695,0.766,0.618,0.733,0.034,-0.225,0.584,-0.148,0.416,0.736,0.545,-0.14,0.095,0.826,0.592,0.493,0.543,0.002,0.89,0.62,0.552,0.872,0.565,0.62,0.279,0.38,0.579,-0.726,0.628,0.244,0.296,0.139,0.361,0.259,-0.394,0.713,0.436,0.781
AZN,0.386,0.862,-0.392,-0.415,0.107,0.754,0.753,0.86,0.509,0.408,0.786,0.817,-0.783,0.463,0.675,-0.455,0.863,-0.192,0.74,0.745,-0.599,0.835,0.0,0.392,0.869,-0.36,0.112,0.435,0.691,-0.546,0.273,0.188,0.886,0.89,0.788,0.536,0.525,0.661,0.629,0.37,0.556,0.745,0.052,0.73,0.406,0.247,0.718,-0.349,0.341,0.116,-0.68,0.427,-0.228,0.451,-0.225,0.695,-0.666,0.251,0.181,-0.154,0.292,0.664,-0.263,0.028,0.368,0.852,0.492,0.661,-0.332,0.824,0.019,0.716,0.192,0.858,0.194,0.604,-0.28,0.883,0.527,0.598,0.04,0.779,0.798,0.851,0.695,-0.05,0.755,0.42,0.805,0.694,0.552,0.694,0.441,0.866,0.382,0.549,0.277,0.069,0.264,0.439,0.355,0.817,0.36,0.446,-0.145,0.066,0.526,0.706,0.068,0.74,0.417,0.897,0.753,0.569,0.225,0.783,-0.203,0.633,0.378,-0.045,-0.017,-0.167,0.614,-0.141,0.827,-0.041,0.772,0.672,0.662,-0.268,-0.655,-0.738,-0.215,0.791,0.762,0.638,-0.182,0.289,0.35,0.077,-0.689,0.261,0.585,0.403,-0.13,0.26,-0.05,0.527,-0.003,0.835,0.514,0.518,-0.105,0.691,0.844,0.63,0.753,0.404,-0.074,0.751,0.477,0.15,0.711,0.823,0.544,0.736,0.166,-0.318,0.387,0.058,0.431,0.88,0.712,-0.036,0.006,0.737,0.652,0.609,0.484,-0.08,0.849,0.793,0.637,0.873,0.524,0.652,0.129,0.541,0.731,-0.892,0.729,0.088,0.212,0.127,0.283,0.445,-0.295,0.589,0.431,0.77
BANR,0.102,0.251,-0.262,-0.041,-0.163,0.041,0.32,0.393,0.028,0.542,0.067,0.215,-0.138,-0.058,0.039,-0.134,0.361,0.126,0.086,0.657,-0.038,0.137,0.392,0.0,0.166,0.08,0.167,-0.246,-0.082,-0.17,0.656,0.617,0.382,0.315,0.141,0.46,0.674,0.797,0.74,-0.046,0.042,-0.124,-0.368,0.11,0.57,0.233,0.569,0.562,0.226,-0.172,0.045,0.536,0.162,0.189,0.293,0.217,-0.26,0.56,-0.032,-0.205,0.605,0.067,0.164,0.031,0.179,0.264,-0.121,0.65,-0.215,0.25,0.305,0.136,0.863,0.1,0.724,0.54,0.553,0.444,-0.062,0.27,0.786,0.168,0.134,0.49,0.386,0.124,-0.04,0.613,0.199,0.452,0.067,0.113,0.898,0.497,0.31,0.223,0.92,0.213,0.392,-0.16,0.319,0.124,0.467,0.475,0.103,-0.139,0.136,0.306,0.171,0.08,0.497,0.552,0.197,0.56,0.16,0.29,0.059,0.334,-0.135,0.484,0.092,0.205,0.013,0.039,0.189,0.103,0.256,0.164,0.096,0.582,-0.469,-0.257,-0.001,0.205,0.058,0.34,-0.416,0.03,-0.272,0.296,-0.468,0.908,0.731,0.146,-0.083,0.541,0.065,0.263,0.027,0.034,0.262,-0.004,0.03,-0.023,0.112,-0.242,-0.037,0.476,-0.273,0.233,0.352,0.489,0.195,0.25,0.29,0.295,0.526,0.082,-0.291,0.663,0.283,0.592,0.509,0.673,0.027,0.098,0.106,0.588,0.423,0.089,0.139,0.569,0.27,0.325,0.165,0.447,0.026,0.578,0.269,-0.137,0.578,-0.151,0.066,0.219,0.266,0.599,0.624,0.07,0.237,0.29
BBIO,0.157,0.912,-0.41,-0.41,0.09,0.775,0.79,0.792,0.655,0.188,0.851,0.847,-0.857,0.437,0.844,-0.505,0.829,-0.2,0.796,0.713,-0.652,0.883,0.869,0.166,0.0,-0.622,0.009,0.59,0.736,-0.365,0.191,0.006,0.929,0.882,0.923,0.464,0.482,0.572,0.5,0.366,0.627,0.83,0.135,0.66,0.28,0.284,0.647,-0.541,0.445,0.397,-0.658,0.262,-0.409,0.633,-0.023,0.71,-0.635,0.073,0.326,-0.116,0.139,0.828,-0.015,0.051,0.553,0.836,0.642,0.482,-0.385,0.926,0.013,0.857,0.11,0.869,0.038,0.667,-0.485,0.881,0.583,0.552,-0.039,0.673,0.73,0.828,0.803,0.013,0.792,0.345,0.749,0.477,0.686,0.732,0.213,0.807,0.568,0.409,0.128,0.297,0.422,0.415,0.358,0.754,0.187,0.271,-0.126,0.304,0.501,0.782,0.041,0.816,0.238,0.766,0.888,0.435,0.081,0.852,-0.209,0.62,0.592,-0.094,0.289,-0.151,0.812,-0.206,0.823,-0.095,0.789,0.638,0.663,-0.35,-0.57,-0.697,0.102,0.946,0.938,0.678,0.014,0.262,0.619,0.269,-0.544,0.094,0.353,0.529,0.248,0.049,-0.132,0.562,0.04,0.881,0.455,0.671,0.011,0.817,0.843,0.779,0.903,0.393,0.2,0.757,0.603,0.098,0.727,0.935,0.713,0.782,0.221,-0.367,0.541,0.066,0.493,0.794,0.759,-0.227,-0.022,0.67,0.769,0.635,0.484,-0.164,0.935,0.634,0.814,0.871,0.534,0.526,0.268,0.399,0.743,-0.829,0.664,0.247,0.225,0.007,0.219,0.239,-0.377,0.518,0.373,0.83
BCYC,0.247,-0.5,0.463,0.579,0.249,-0.237,-0.286,-0.348,-0.323,0.118,-0.368,-0.675,0.745,-0.352,-0.442,0.816,-0.392,0.373,-0.541,-0.553,0.542,-0.398,-0.36,0.08,-0.622,0.0,0.22,-0.577,-0.124,0.412,-0.029,0.194,-0.589,-0.451,-0.775,0.001,-0.283,-0.197,-0.163,0.005,-0.322,-0.604,-0.103,-0.202,0.02,-0.394,-0.233,0.633,-0.413,-0.178,0.493,0.415,0.545,-0.516,-0.143,-0.365,0.627,-0.221,-0.28,0.186,0.286,-0.708,-0.146,0.254,-0.418,-0.504,-0.694,-0.003,0.589,-0.712,0.262,-0.706,-0.025,-0.46,0.149,-0.405,0.433,-0.51,-0.325,-0.161,-0.074,-0.345,-0.409,-0.406,-0.48,-0.162,-0.538,0.047,-0.254,0.125,-0.621,-0.311,-0.007,-0.324,-0.544,0.111,-0.018,-0.353,-0.331,-0.157,0.068,-0.253,0.133,0.231,0.107,-0.643,-0.226,-0.473,0.32,-0.639,0.212,-0.319,-0.76,0.104,0.313,-0.41,0.442,-0.333,-0.76,0.262,-0.521,0.343,-0.56,0.514,-0.415,0.332,-0.475,-0.223,-0.205,0.087,0.342,0.505,-0.022,-0.649,-0.698,-0.595,-0.138,0.081,-0.389,-0.199,0.395,0.07,0.159,-0.491,-0.413,0.237,0.42,-0.123,0.367,-0.482,-0.077,-0.408,-0.279,-0.666,-0.392,-0.367,-0.658,0.007,-0.355,-0.505,-0.509,0.214,-0.332,-0.727,-0.571,-0.43,-0.321,0.43,-0.337,-0.22,-0.07,-0.222,-0.687,0.36,0.21,-0.284,-0.627,-0.449,-0.122,0.343,-0.689,-0.243,-0.715,-0.386,-0.017,-0.261,0.217,-0.106,-0.446,0.531,-0.255,0.012,0.068,0.161,-0.004,0.142,0.334,0.11,0.035,-0.441
BHFAP,0.588,0.304,0.575,-0.262,0.541,0.178,0.404,0.243,-0.039,0.741,0.295,-0.152,0.23,0.329,0.235,0.257,0.372,0.763,0.105,0.177,0.521,0.096,0.112,0.167,0.009,0.22,0.0,-0.543,0.071,0.345,0.117,0.683,0.119,0.354,0.041,0.637,0.524,0.326,0.47,0.654,0.508,0.089,0.46,0.425,0.723,-0.649,0.357,0.198,0.604,-0.216,0.398,0.2,0.733,0.463,0.257,0.53,-0.1,-0.325,-0.746,0.653,0.707,-0.315,-0.31,0.579,0.372,-0.097,-0.518,0.565,0.58,-0.092,0.641,-0.336,0.067,-0.146,0.414,0.363,-0.149,0.202,0.359,0.636,-0.089,0.358,0.278,0.321,0.371,0.625,0.016,0.551,0.412,0.416,-0.552,0.439,-0.014,-0.118,0.298,0.649,0.177,0.402,-0.348,0.365,0.687,0.413,0.749,0.531,0.653,0.148,0.569,0.25,0.747,-0.329,0.407,0.352,0.098,0.464,0.707,0.334,0.702,0.376,-0.513,0.636,0.069,0.493,-0.283,0.678,0.284,0.77,-0.028,0.423,0.564,-0.353,0.343,0.431,-0.187,-0.037,-0.148,-0.123,-0.445,0.685,-0.072,0.393,-0.312,0.2,0.484,0.286,-0.23,0.723,0.792,0.655,0.654,0.232,0.748,-0.154,0.516,-0.36,0.279,-0.214,-0.154,0.604,-0.233,-0.32,-0.264,0.699,0.506,-0.104,0.011,0.443,-0.513,0.596,-0.394,-0.213,0.423,0.19,0.02,0.456,0.721,0.217,-0.472,0.029,0.665,0.804,0.023,0.53,-0.32,0.201,0.619,0.546,0.418,0.659,-0.365,-0.057,0.49,-0.548,0.679,0.815,0.755,0.707,-0.186,0.331,0.763,0.429
BKR,-0.167,0.355,-0.617,-0.112,-0.302,0.428,0.151,0.334,0.24,-0.539,0.391,0.732,-0.705,0.327,0.384,-0.452,0.211,-0.75,0.549,0.19,-0.887,0.562,0.435,-0.246,0.59,-0.577,-0.543,0.0,0.457,-0.513,-0.298,-0.654,0.407,0.277,0.538,-0.293,-0.196,-0.064,-0.249,-0.096,0.146,0.623,0.067,0.258,-0.455,0.655,-0.09,-0.615,-0.206,0.4,-0.821,-0.212,-0.887,-0.038,-0.355,0.108,-0.309,0.234,0.769,-0.422,-0.569,0.777,-0.044,-0.572,0.027,0.545,0.907,-0.228,-0.612,0.581,-0.696,0.801,-0.274,0.694,-0.573,0.045,-0.407,0.372,0.287,-0.132,-0.203,0.32,0.415,0.197,0.095,-0.404,0.67,-0.369,0.275,-0.156,0.785,0.205,-0.031,0.484,0.026,-0.18,-0.282,-0.316,0.296,0.25,-0.385,0.264,-0.507,-0.447,-0.52,0.179,0.022,0.19,-0.631,0.813,-0.396,0.159,0.494,-0.1,-0.363,0.272,-0.718,0.147,0.824,-0.714,-0.041,-0.632,0.763,-0.687,0.354,-0.6,0.606,0.21,0.006,-0.2,-0.428,-0.726,0.002,0.54,0.685,0.568,0.503,-0.377,0.487,-0.354,-0.144,-0.354,-0.238,0.075,0.258,-0.667,-0.644,-0.174,-0.56,0.474,-0.299,0.657,-0.428,0.864,0.398,0.71,0.779,-0.377,0.367,0.803,0.31,-0.617,0.058,0.611,0.43,0.114,0.315,-0.678,0.844,-0.065,-0.22,0.26,0.331,-0.618,-0.564,0.41,0.821,0.189,-0.26,-0.689,0.655,-0.078,0.616,0.408,-0.192,-0.055,-0.27,-0.385,0.662,-0.488,-0.053,0.541,-0.378,-0.54,-0.362,-0.504,-0.329,0.249,-0.374,0.177
BLDP,0.414,0.746,0.02,-0.103,0.429,0.855,0.707,0.651,0.681,0.092,0.833,0.552,-0.502,0.36,0.76,0.021,0.669,-0.022,0.611,0.222,-0.401,0.751,0.691,-0.082,0.736,-0.124,0.071,0.457,0.0,-0.106,-0.138,-0.141,0.585,0.675,0.535,0.495,0.127,0.37,0.254,0.553,0.586,0.719,0.255,0.706,0.151,-0.02,0.442,-0.348,0.135,0.489,-0.449,0.416,-0.197,0.31,-0.222,0.578,-0.174,-0.278,0.195,0.1,0.122,0.567,-0.184,0.256,0.268,0.623,0.392,0.398,0.09,0.54,0.067,0.538,-0.163,0.74,-0.168,0.368,-0.439,0.622,0.614,0.519,-0.421,0.58,0.624,0.559,0.53,-0.094,0.694,0.315,0.732,0.613,0.416,0.695,-0.009,0.621,0.139,0.579,-0.121,-0.006,0.148,0.566,0.391,0.744,0.187,0.427,-0.152,0.01,0.465,0.462,0.26,0.541,0.26,0.554,0.551,0.467,0.333,0.685,0.067,0.494,0.28,-0.087,-0.097,-0.097,0.638,0.146,0.741,0.087,0.56,0.586,0.707,-0.573,-0.286,-0.385,0.088,0.635,0.691,0.269,0.217,0.453,0.673,0.042,-0.183,-0.165,0.237,0.203,0.074,-0.03,0.137,0.559,0.332,0.782,0.436,0.642,-0.275,0.538,0.79,0.878,0.7,0.308,0.129,0.532,0.263,0.138,0.682,0.548,0.404,0.621,-0.141,-0.067,0.531,-0.337,0.382,0.613,0.292,-0.204,0.183,0.653,0.468,0.133,0.355,0.011,0.664,0.404,0.404,0.726,0.645,0.284,0.475,0.183,0.516,-0.632,0.454,0.492,0.396,0.102,0.217,0.189,-0.478,0.775,0.405,0.658
BLFS,-0.013,-0.226,0.633,0.38,0.385,-0.17,-0.005,-0.306,-0.037,0.051,-0.103,-0.613,0.669,-0.259,0.035,0.691,-0.237,0.681,-0.428,-0.402,0.687,-0.296,-0.546,-0.17,-0.365,0.412,0.345,-0.513,-0.106,0.0,-0.128,0.196,-0.424,-0.271,-0.44,0.218,-0.017,-0.12,-0.101,0.277,0.06,-0.365,0.265,-0.224,0.189,-0.585,-0.145,0.441,0.145,0.283,0.731,0.14,0.489,0.14,0.502,-0.057,0.636,-0.637,-0.342,0.546,0.321,-0.505,0.272,0.504,0.19,-0.572,-0.627,-0.027,0.649,-0.512,0.551,-0.545,0.039,-0.569,0.153,0.04,-0.004,-0.337,0.041,0.086,-0.105,-0.405,-0.432,-0.221,-0.023,0.369,-0.455,0.259,-0.214,-0.172,-0.596,-0.078,-0.308,-0.495,-0.058,0.11,-0.044,0.4,-0.021,-0.097,0.374,-0.218,0.171,0.159,0.48,0.003,0.036,-0.231,0.6,-0.647,0.061,-0.388,-0.368,0.054,0.328,-0.098,0.702,-0.167,-0.5,0.506,0.248,0.662,-0.311,0.643,-0.296,0.569,-0.382,-0.13,0.034,-0.108,0.625,0.776,0.512,-0.324,-0.4,-0.532,0.033,0.298,0.045,0.484,0.473,-0.014,-0.041,-0.028,0.32,0.185,0.599,0.281,0.68,-0.29,0.17,-0.221,0.231,-0.574,-0.277,-0.29,-0.448,0.315,0.083,-0.652,-0.324,0.465,-0.027,-0.507,-0.092,-0.086,-0.329,0.621,-0.236,-0.124,0.199,-0.284,-0.463,0.32,0.485,-0.351,-0.63,-0.346,0.225,0.541,-0.471,-0.277,-0.43,-0.3,0.238,-0.245,0.647,0.026,-0.605,0.654,-0.109,-0.047,0.417,0.328,0.241,0.11,0.197,0.001,0.275,-0.056
BLKB,-0.186,0.165,-0.33,-0.224,-0.251,-0.146,0.178,0.279,0.174,0.427,-0.027,0.022,-0.141,-0.358,0.011,-0.239,0.236,0.099,-0.065,0.579,0.042,0.016,0.273,0.656,0.191,-0.029,0.117,-0.298,-0.138,-0.128,0.0,0.575,0.418,0.244,0.16,0.33,0.457,0.53,0.599,-0.184,-0.095,-0.176,-0.506,-0.149,0.462,0.173,0.574,0.277,0.264,-0.202,0.097,0.559,0.146,0.286,0.293,0.087,-0.246,0.38,-0.022,-0.326,0.485,-0.003,0.305,0.061,0.176,0.226,-0.197,0.453,-0.297,0.317,0.512,0.117,0.69,0.063,0.774,0.451,0.374,0.269,-0.223,0.127,0.67,-0.036,-0.054,0.457,0.374,-0.006,-0.268,0.421,0.009,0.371,0.14,0.025,0.596,0.344,0.417,-0.007,0.621,0.416,0.468,-0.445,0.22,0.004,0.319,0.454,-0.018,-0.192,-0.011,0.462,0.18,0.039,0.597,0.396,0.104,0.328,-0.131,0.247,0.082,0.003,-0.169,0.505,0.289,0.281,-0.028,-0.005,0.027,-0.04,0.038,0.056,0.06,0.464,-0.494,-0.235,0.219,0.238,0.081,0.221,-0.516,0.022,-0.336,0.518,-0.309,0.737,0.441,0.053,0.047,0.487,0.005,0.17,0.1,-0.032,0.219,-0.273,0.138,-0.01,-0.044,-0.206,-0.1,0.527,-0.341,0.031,0.52,0.403,0.125,0.28,0.193,0.209,0.49,-0.144,-0.329,0.68,0.462,0.457,0.509,0.489,-0.01,-0.194,0.145,0.703,0.33,0.013,0.021,0.447,0.352,0.211,0.137,0.209,0.13,0.488,0.256,-0.102,0.442,-0.213,-0.017,0.051,0.042,0.426,0.455,-0.233,0.243,0.177
