,ABAT,ACLS,ACMR,ADMA,ADUS,ADVM,AEIS,AGNCM,AHCO,ALGT,ALLO,AMSF,ANAB,ANDE,APLS,APPF,ASML,ATRC,AVGO,AVT,AXDX,AXSM,AZN,BANR,BBIO,BCYC,BHFAP,BKR,BLDP,BLFS,BLKB,BLMN,BNTX,BPMC,CALM,CAMT,CASH,CATY,CCEP,CDLX,CDNS,CENN,CENX,CGC,CHDN,CLBK,COKE,COLB,COO,CORT,CRMT,CRNX,CRTO,CRVL,CSCO,CSQ,CSWI,CVBF,CWST,CYCC,CZR,DLTR,DORM,ENTA,EQIX,ERIC,EVRG,EWBC,EXAS,EXLS,EXPI,EYE,FBNC,FBRX,FCNCA,FELE,FIBK,FLEX,FRGT,FRHC,FRME,FWONA,FWONK,GDEN,GIII,GILD,GLNG,GNTX,GOOGL,GRPN,HCSG,HIMX,HOPE,HST,HTLD,HUT,HWC,ICUI,IESC,INTC,INTU,IOVA,IPAR,IPGP,ISRG,JBSS,KALU,KPRX,KRNT,LAUR,LBRDA,LBTYK,LECO,LILAK,LITE,MANH,MDXG,MFIC,MGEE,MIDD,MLAB,MMSI,MNKD,MOMO,MRVL,NICE,NMFC,NUWE,NVCR,NWBI,OFIX,OFLX,OMCL,OPK,ORKA,ORLY,OTTR,PDD,PNTG,POOL,POWL,PPBI,PPC,PRAA,PRPL,PZZA,QTRX,QURE,RDFN,RDHL,REAL,REG,REYN,RGLD,RIOT,RUN,RYTM,SAIA,SBAC,SBRA,SCVL,SHOO,SLAB,SLDB,SMCI,SMTC,SRCE,SSP,SSRM,STBA,STRO,SVC,SYBT,TCBI,TCOM,TENX,TH,TMUS,TNDM,TTD,TTMI,UAL,ULH,ULTA,VCYT,VIRT,VKTX,VOD,VRDN,VREX,VRNT,VSAT,WB,WBD,WDC,WEN,WSFS,XXII,Z,ZBRA
ABAT,0.0,0.745,0.859,0.956,0.303,0.085,0.436,-0.322,0.316,0.556,0.157,0.522,0.202,-0.229,0.79,0.81,0.269,0.682,0.804,0.452,0.087,0.855,-0.161,0.684,0.307,0.529,-0.358,0.202,0.392,0.261,0.339,0.36,0.353,0.649,0.442,0.693,0.361,0.859,0.496,0.712,0.273,-0.126,0.23,0.787,0.7,0.495,0.311,0.645,0.628,0.287,0.399,0.311,0.225,-0.528,-0.044,0.623,0.549,0.593,0.482,0.794,0.829,0.69,0.179,0.356,-0.085,0.267,0.119,0.853,0.862,0.524,0.765,0.254,0.492,0.28,0.706,0.231,0.159,0.81,0.406,0.754,0.668,0.722,0.755,0.52,0.671,-0.491,0.053,0.275,0.518,-0.185,-0.358,0.512,0.632,0.567,-0.232,0.874,0.801,0.716,-0.47,0.37,0.419,0.8,0.344,0.338,0.777,0.156,0.354,0.201,0.366,0.706,0.816,0.862,0.583,0.561,-0.105,0.347,0.534,0.829,-0.187,0.767,-0.139,0.546,0.731,0.607,0.693,0.64,0.883,0.087,0.784,0.537,0.383,0.485,0.274,0.759,0.411,0.437,-0.229,0.722,0.224,0.213,-0.326,0.777,0.444,0.377,-0.131,0.192,0.839,0.371,0.552,0.421,0.657,0.018,-0.595,0.058,0.852,0.294,-0.317,0.359,0.239,0.022,0.033,0.724,0.27,0.149,-0.157,0.635,0.463,0.573,0.075,0.722,-0.213,0.616,-0.186,0.861,0.794,0.363,0.16,0.705,0.484,0.722,-0.115,0.769,0.159,0.681,0.668,0.55,0.552,0.786,0.715,-0.28,0.748,-0.339,0.235,0.766,0.45,0.731,0.795,0.763,0.305,0.045
ACLS,0.745,0.0,0.866,0.828,0.076,-0.276,0.649,-0.593,0.168,0.423,-0.244,0.345,0.066,0.275,0.923,0.705,0.23,0.652,0.701,0.625,-0.248,0.874,0.313,0.72,-0.125,0.181,-0.546,0.579,0.356,-0.092,0.187,0.703,-0.049,0.323,0.684,0.626,0.019,0.839,0.132,0.445,0.106,-0.393,0.651,0.664,0.934,0.488,0.09,0.822,0.766,0.596,0.562,0.678,-0.21,-0.273,0.057,0.311,0.769,0.802,0.109,0.887,0.914,0.809,0.255,0.591,-0.21,-0.151,-0.319,0.86,0.714,0.182,0.742,-0.074,0.601,-0.11,0.509,0.226,0.465,0.738,0.087,0.543,0.697,0.901,0.921,0.839,0.852,-0.706,0.234,0.023,0.126,-0.186,-0.469,0.821,0.634,0.881,-0.447,0.745,0.766,0.919,-0.491,0.15,0.09,0.675,0.139,0.027,0.705,0.091,0.697,0.019,0.045,0.545,0.586,0.682,0.509,0.747,0.272,0.403,0.689,0.816,-0.538,0.678,-0.449,0.861,0.738,0.843,0.548,0.385,0.843,-0.217,0.933,0.61,0.759,0.6,-0.147,0.737,0.497,0.48,-0.219,0.718,0.157,0.032,-0.679,0.724,0.091,0.375,-0.426,-0.21,0.6,0.06,0.294,0.102,0.499,-0.266,-0.364,0.404,0.891,0.097,-0.102,0.02,-0.158,0.428,-0.183,0.911,0.035,-0.187,-0.209,0.537,0.264,0.879,0.423,0.635,-0.471,0.876,-0.544,0.783,0.929,-0.022,0.029,0.805,0.214,0.924,-0.464,0.947,0.331,0.804,0.43,0.828,0.428,0.821,0.631,-0.612,0.619,-0.16,-0.064,0.778,0.685,0.625,0.576,0.923,0.634,-0.363
ACMR,0.859,0.866,0.0,0.857,0.497,0.14,0.685,-0.344,0.455,0.69,0.181,0.514,0.37,-0.063,0.823,0.87,0.515,0.802,0.879,0.553,0.165,0.878,-0.013,0.677,0.314,0.548,-0.297,0.24,0.634,0.337,0.496,0.35,0.401,0.639,0.363,0.854,0.422,0.765,0.488,0.779,0.434,-0.034,0.263,0.859,0.791,0.372,0.292,0.63,0.781,0.29,0.578,0.489,0.146,-0.273,-0.009,0.653,0.548,0.511,0.468,0.885,0.89,0.608,0.338,0.292,0.073,0.233,0.061,0.828,0.893,0.528,0.903,0.321,0.479,0.327,0.724,0.479,0.182,0.764,0.356,0.789,0.633,0.725,0.772,0.615,0.782,-0.403,-0.005,0.348,0.499,0.061,-0.245,0.696,0.557,0.621,-0.113,0.885,0.737,0.756,-0.277,0.498,0.487,0.9,0.469,0.349,0.868,0.076,0.439,0.342,0.474,0.798,0.812,0.883,0.654,0.652,0.18,0.629,0.828,0.746,-0.185,0.785,-0.051,0.636,0.76,0.721,0.794,0.72,0.822,0.104,0.843,0.476,0.522,0.367,0.23,0.814,0.386,0.494,-0.052,0.874,0.429,0.383,-0.331,0.756,0.48,0.517,-0.021,0.214,0.825,0.469,0.648,0.498,0.778,0.066,-0.506,0.029,0.916,0.49,-0.283,0.412,0.267,0.235,0.191,0.856,0.422,0.234,0.001,0.757,0.401,0.66,0.081,0.606,-0.099,0.707,-0.195,0.771,0.857,0.208,0.295,0.621,0.601,0.775,-0.195,0.829,0.182,0.836,0.764,0.538,0.651,0.724,0.788,-0.307,0.789,-0.162,0.359,0.713,0.548,0.852,0.763,0.856,0.404,0.047
ADMA,0.956,0.828,0.857,0.0,0.181,-0.098,0.463,-0.478,0.191,0.449,-0.03,0.392,0.103,-0.056,0.859,0.768,0.175,0.661,0.781,0.484,-0.078,0.895,-0.05,0.663,0.138,0.378,-0.46,0.342,0.319,0.104,0.213,0.509,0.197,0.549,0.598,0.618,0.187,0.896,0.335,0.618,0.181,-0.287,0.393,0.743,0.795,0.5,0.165,0.709,0.646,0.422,0.43,0.384,0.083,-0.561,-0.089,0.486,0.663,0.689,0.338,0.815,0.885,0.762,0.127,0.498,-0.187,0.119,-0.049,0.862,0.83,0.424,0.78,0.09,0.494,0.127,0.595,0.165,0.229,0.83,0.277,0.662,0.675,0.832,0.858,0.635,0.726,-0.645,0.18,0.138,0.403,-0.297,-0.491,0.609,0.61,0.683,-0.398,0.848,0.816,0.801,-0.561,0.259,0.273,0.749,0.191,0.18,0.776,0.114,0.446,0.043,0.209,0.638,0.752,0.818,0.511,0.586,-0.093,0.323,0.543,0.883,-0.365,0.691,-0.311,0.67,0.705,0.688,0.614,0.542,0.901,-0.066,0.869,0.55,0.521,0.574,0.112,0.784,0.466,0.449,-0.296,0.68,0.128,0.076,-0.489,0.734,0.318,0.297,-0.304,0.011,0.805,0.21,0.446,0.282,0.56,-0.151,-0.568,0.218,0.878,0.176,-0.274,0.214,0.087,0.083,-0.13,0.779,0.131,-0.022,-0.224,0.554,0.356,0.703,0.233,0.709,-0.382,0.698,-0.365,0.871,0.854,0.254,0.036,0.809,0.366,0.824,-0.238,0.83,0.286,0.704,0.568,0.677,0.478,0.841,0.709,-0.426,0.68,-0.376,0.069,0.831,0.498,0.655,0.698,0.805,0.435,-0.128
ADUS,0.303,0.076,0.497,0.181,0.0,0.814,0.355,0.391,0.764,0.762,0.807,0.462,0.718,-0.498,0.064,0.582,0.77,0.511,0.531,0.084,0.826,0.21,-0.456,0.175,0.83,0.824,0.354,-0.501,0.73,0.909,0.822,-0.526,0.839,0.712,-0.529,0.717,0.852,-0.025,0.765,0.803,0.762,0.719,-0.595,0.59,-0.005,-0.157,0.428,-0.191,0.374,-0.525,0.274,-0.076,0.559,0.181,-0.048,0.772,-0.244,-0.388,0.76,0.277,0.212,-0.198,0.278,-0.463,0.599,0.735,0.657,0.115,0.538,0.721,0.55,0.835,-0.003,0.853,0.59,0.748,-0.334,0.174,0.595,0.656,0.092,-0.145,-0.079,-0.192,0.113,0.512,-0.486,0.712,0.699,0.639,0.409,0.074,-0.028,-0.276,0.647,0.462,0.104,-0.053,0.44,0.824,0.874,0.621,0.837,0.684,0.485,0.077,-0.27,0.762,0.912,0.664,0.542,0.523,0.504,0.015,0.121,0.716,0.553,-0.062,0.61,0.442,0.77,-0.157,0.27,-0.005,0.707,0.804,0.13,0.597,0.052,-0.092,-0.217,-0.387,0.71,0.279,-0.033,0.148,0.357,0.608,0.783,0.852,0.508,0.267,0.796,0.514,0.799,0.805,0.566,0.891,0.81,0.837,0.786,0.67,-0.275,-0.688,0.282,0.922,-0.364,0.825,0.823,-0.156,0.864,0.261,0.859,0.865,0.472,0.643,0.334,-0.171,-0.612,0.049,0.719,-0.072,0.58,0.125,0.12,0.374,0.582,-0.248,0.884,-0.045,0.385,0.053,-0.242,0.318,0.84,-0.353,0.678,-0.059,0.416,0.419,0.539,0.151,0.885,-0.005,-0.021,0.713,0.507,0.193,-0.282,0.726
ADVM,0.085,-0.276,0.14,-0.098,0.814,0.0,0.041,0.731,0.625,0.619,0.952,0.417,0.74,-0.745,-0.26,0.324,0.669,0.254,0.314,-0.241,0.829,-0.147,-0.658,-0.01,0.938,0.804,0.61,-0.785,0.439,0.89,0.693,-0.764,0.804,0.561,-0.727,0.503,0.838,-0.269,0.759,0.589,0.722,0.892,-0.851,0.214,-0.412,-0.238,0.432,-0.46,0.108,-0.734,-0.011,-0.431,0.811,0.131,0.16,0.736,-0.525,-0.62,0.768,-0.075,-0.145,-0.37,0.129,-0.589,0.733,0.812,0.901,-0.155,0.249,0.678,0.131,0.878,-0.105,0.871,0.54,0.52,-0.493,-0.049,0.681,0.468,-0.064,-0.487,-0.426,-0.601,-0.309,0.782,-0.604,0.693,0.638,0.563,0.56,-0.329,-0.15,-0.575,0.769,0.219,-0.066,-0.412,0.41,0.74,0.856,0.282,0.792,0.812,0.174,0.033,-0.605,0.701,0.878,0.493,0.313,0.282,0.428,-0.339,-0.036,0.33,0.133,-0.263,0.915,0.281,0.937,-0.492,-0.004,-0.407,0.594,0.584,-0.101,0.812,-0.35,-0.288,-0.586,-0.444,0.815,0.076,-0.074,-0.239,0.465,0.272,0.537,0.742,0.828,0.091,0.708,0.371,0.937,0.888,0.328,0.875,0.587,0.763,0.537,0.916,-0.294,-0.823,-0.055,0.807,-0.244,0.831,0.909,-0.445,0.849,-0.142,0.782,0.924,0.412,0.502,0.399,-0.593,-0.81,-0.091,0.921,-0.332,0.858,-0.038,-0.27,0.561,0.5,-0.5,0.744,-0.389,0.666,-0.321,-0.627,-0.014,0.63,-0.655,0.421,-0.272,0.13,0.748,0.345,0.041,0.837,-0.29,-0.317,0.392,0.365,-0.13,-0.695,0.953
AEIS,0.436,0.649,0.685,0.463,0.355,0.041,0.0,-0.15,0.256,0.509,0.056,0.267,0.333,0.181,0.413,0.385,0.665,0.486,0.681,0.71,0.028,0.465,0.368,0.314,0.152,0.218,0.056,0.317,0.793,0.09,0.194,0.376,0.272,0.123,0.147,0.604,0.332,0.479,0.196,0.339,0.261,-0.068,0.33,0.445,0.523,0.135,0.118,0.466,0.557,0.422,0.443,0.686,-0.008,0.073,0.37,0.329,0.424,0.304,0.277,0.602,0.505,0.369,0.618,0.117,0.279,-0.152,-0.11,0.467,0.392,0.115,0.465,0.179,0.277,0.225,0.444,0.532,0.357,0.467,-0.054,0.499,0.359,0.459,0.528,0.461,0.713,-0.239,0.138,0.427,0.322,0.154,0.144,0.539,0.339,0.564,0.078,0.345,0.437,0.459,0.084,0.215,0.123,0.576,0.26,0.007,0.681,-0.102,0.521,0.295,0.305,0.429,0.38,0.494,0.582,0.546,0.456,0.472,0.753,0.407,-0.16,0.363,-0.074,0.465,0.461,0.72,0.507,0.271,0.428,0.101,0.591,0.303,0.523,0.173,-0.153,0.569,0.15,0.588,0.251,0.571,0.194,0.426,-0.224,0.394,0.086,0.655,-0.019,0.098,0.285,0.231,0.277,0.294,0.402,0.045,0.089,0.24,0.461,0.355,0.297,0.366,0.005,0.565,0.151,0.613,0.479,0.071,0.435,0.7,0.295,0.474,0.196,0.317,-0.07,0.725,-0.171,0.308,0.511,0.054,0.501,0.284,0.27,0.493,-0.083,0.575,0.377,0.829,0.349,0.273,0.221,0.387,0.323,-0.254,0.324,0.184,0.328,0.376,0.612,0.556,0.436,0.485,0.486,-0.053
AGNCM,-0.322,-0.593,-0.344,-0.478,0.391,0.731,-0.15,0.0,0.266,0.219,0.692,0.129,0.485,-0.524,-0.651,-0.218,0.464,-0.178,-0.134,-0.306,0.505,-0.589,-0.359,-0.319,0.602,0.358,0.787,-0.673,0.161,0.474,0.24,-0.697,0.411,0.002,-0.765,0.005,0.545,-0.547,0.367,0.031,0.349,0.745,-0.726,-0.309,-0.708,-0.3,0.236,-0.568,-0.243,-0.625,-0.201,-0.428,0.633,0.352,0.365,0.272,-0.623,-0.7,0.381,-0.432,-0.546,-0.501,0.19,-0.619,0.655,0.412,0.648,-0.517,-0.314,0.175,-0.409,0.569,-0.244,0.505,0.144,0.259,-0.213,-0.445,0.276,0.029,-0.291,-0.751,-0.711,-0.765,-0.548,0.845,-0.398,0.505,0.254,0.481,0.702,-0.591,-0.294,-0.668,0.78,-0.32,-0.36,-0.706,0.539,0.293,0.377,-0.254,0.434,0.42,-0.262,0.062,-0.535,0.47,0.493,-0.033,-0.222,-0.24,0.193,-0.492,0.077,-0.02,-0.245,-0.516,0.835,-0.158,0.779,-0.657,-0.329,-0.55,0.112,0.013,-0.461,0.637,-0.65,-0.368,-0.637,-0.44,0.42,-0.355,-0.256,-0.379,0.593,-0.221,0.163,0.461,0.845,-0.238,0.238,0.279,0.782,0.617,-0.241,0.479,0.065,0.342,0.044,0.74,0.197,-0.553,-0.525,0.435,0.242,0.555,0.521,-0.309,0.614,-0.479,0.51,0.623,0.491,0.171,0.279,-0.799,-0.627,-0.309,0.802,-0.464,0.819,-0.447,-0.659,0.359,0.441,-0.757,0.235,-0.666,0.723,-0.632,-0.562,-0.296,0.065,-0.804,-0.06,-0.571,-0.394,0.746,-0.136,0.238,0.542,-0.615,-0.389,-0.089,0.004,-0.527,-0.699,0.727
AHCO,0.316,0.168,0.455,0.191,0.764,0.625,0.256,0.266,0.0,0.737,0.642,0.762,0.404,-0.54,0.198,0.638,0.509,0.32,0.336,0.164,0.718,0.339,-0.199,0.512,0.607,0.691,0.047,-0.274,0.561,0.755,0.883,-0.449,0.6,0.725,-0.452,0.751,0.8,0.075,0.813,0.735,0.383,0.643,-0.435,0.657,0.159,0.17,0.735,0.085,0.235,-0.518,0.448,0.05,0.219,0.358,-0.061,0.716,-0.221,-0.102,0.674,0.435,0.186,-0.105,0.17,-0.504,0.272,0.677,0.457,0.344,0.518,0.448,0.525,0.734,0.342,0.569,0.654,0.687,-0.124,0.226,0.607,0.7,0.271,-0.047,-0.019,0.066,0.273,0.426,-0.709,0.657,0.396,0.703,0.337,0.173,0.309,-0.107,0.6,0.532,0.24,0.068,0.422,0.757,0.734,0.644,0.9,0.6,0.253,0.432,0.002,0.882,0.733,0.651,0.546,0.551,0.41,0.321,0.236,0.452,0.543,0.069,0.503,0.653,0.594,-0.147,0.601,0.091,0.581,0.789,0.295,0.318,0.119,0.241,-0.145,-0.36,0.656,0.215,-0.194,0.336,0.295,0.683,0.871,0.828,0.384,0.494,0.772,0.606,0.614,0.723,0.455,0.754,0.804,0.722,0.844,0.517,-0.244,-0.645,0.403,0.697,-0.431,0.584,0.59,0.086,0.823,0.334,0.538,0.749,0.22,0.487,0.499,0.014,-0.627,0.261,0.57,-0.065,0.517,0.28,0.29,0.337,0.34,-0.15,0.733,-0.029,0.164,0.263,-0.373,0.291,0.774,-0.175,0.793,0.086,0.371,0.361,0.716,0.404,0.798,0.142,0.281,0.721,0.652,0.362,-0.1,0.522
ALGT,0.556,0.423,0.69,0.449,0.762,0.619,0.509,0.219,0.737,0.0,0.655,0.685,0.596,-0.441,0.384,0.769,0.704,0.637,0.708,0.38,0.597,0.463,-0.259,0.551,0.699,0.812,0.119,-0.268,0.654,0.721,0.753,-0.191,0.647,0.741,-0.235,0.858,0.78,0.325,0.81,0.811,0.628,0.547,-0.289,0.677,0.286,0.242,0.554,0.221,0.586,-0.293,0.416,0.123,0.411,0.012,0.125,0.828,0.146,0.045,0.731,0.567,0.462,0.201,0.371,-0.225,0.387,0.632,0.518,0.458,0.701,0.614,0.634,0.73,0.402,0.659,0.838,0.764,-0.039,0.523,0.641,0.809,0.444,0.16,0.23,0.091,0.403,0.216,-0.438,0.748,0.632,0.421,0.262,0.3,0.416,0.077,0.45,0.666,0.497,0.251,0.138,0.794,0.779,0.745,0.821,0.655,0.597,0.284,0.026,0.668,0.796,0.758,0.649,0.7,0.789,0.279,0.137,0.551,0.581,0.285,0.407,0.724,0.51,0.123,0.586,0.245,0.843,0.794,0.483,0.44,0.354,0.283,-0.002,-0.084,0.602,0.475,0.182,0.276,0.265,0.748,0.686,0.731,0.234,0.632,0.699,0.673,0.521,0.646,0.668,0.797,0.768,0.773,0.853,0.587,-0.347,-0.469,0.525,0.755,-0.272,0.779,0.64,-0.007,0.695,0.527,0.715,0.709,0.318,0.819,0.581,0.111,-0.464,0.445,0.489,0.253,0.395,0.476,0.393,0.52,0.418,0.108,0.822,0.214,0.238,0.427,-0.201,0.555,0.848,-0.012,0.687,0.271,0.498,0.204,0.741,0.127,0.724,0.264,0.339,0.823,0.764,0.519,-0.095,0.543
ALLO,0.157,-0.244,0.181,-0.03,0.807,0.952,0.056,0.692,0.642,0.655,0.0,0.461,0.758,-0.753,-0.223,0.361,0.663,0.277,0.335,-0.12,0.873,-0.097,-0.627,0.072,0.951,0.841,0.569,-0.746,0.448,0.913,0.673,-0.742,0.823,0.63,-0.707,0.529,0.868,-0.226,0.808,0.64,0.713,0.908,-0.836,0.278,-0.37,-0.128,0.498,-0.358,0.105,-0.746,0.007,-0.375,0.776,0.106,0.104,0.746,-0.46,-0.543,0.748,-0.034,-0.096,-0.349,0.154,-0.588,0.641,0.842,0.861,-0.097,0.301,0.67,0.169,0.885,-0.014,0.857,0.576,0.541,-0.409,0.015,0.703,0.513,0.024,-0.467,-0.408,-0.563,-0.278,0.732,-0.567,0.758,0.663,0.544,0.563,-0.292,-0.042,-0.559,0.762,0.272,-0.002,-0.385,0.406,0.78,0.851,0.332,0.777,0.796,0.2,0.149,-0.551,0.716,0.888,0.497,0.325,0.314,0.448,-0.28,-0.075,0.322,0.141,-0.208,0.87,0.324,0.909,-0.474,0.076,-0.367,0.605,0.631,-0.065,0.767,-0.292,-0.175,-0.59,-0.454,0.821,0.071,-0.059,-0.185,0.38,0.305,0.579,0.721,0.785,0.191,0.742,0.39,0.913,0.873,0.377,0.91,0.656,0.795,0.574,0.884,-0.289,-0.84,-0.017,0.818,-0.243,0.847,0.915,-0.456,0.852,-0.125,0.791,0.945,0.415,0.554,0.451,-0.562,-0.824,0.019,0.893,-0.325,0.875,0.014,-0.226,0.608,0.501,-0.474,0.792,-0.376,0.63,-0.267,-0.518,0.018,0.666,-0.643,0.483,-0.255,0.161,0.723,0.387,0.054,0.851,-0.266,-0.207,0.412,0.454,-0.08,-0.646,0.92
AMSF,0.522,0.345,0.514,0.392,0.462,0.417,0.267,0.129,0.762,0.685,0.461,0.0,0.277,-0.526,0.362,0.689,0.366,0.262,0.467,0.348,0.405,0.495,-0.084,0.703,0.463,0.614,-0.111,-0.117,0.391,0.487,0.686,-0.145,0.414,0.65,-0.163,0.708,0.692,0.418,0.77,0.627,0.15,0.38,-0.181,0.611,0.286,0.561,0.931,0.419,0.281,-0.25,0.474,0.19,0.193,0.082,0.202,0.684,0.041,0.265,0.636,0.538,0.262,0.288,0.334,-0.269,0.1,0.519,0.361,0.575,0.581,0.3,0.475,0.614,0.565,0.386,0.775,0.56,0.071,0.47,0.521,0.773,0.549,0.171,0.211,0.216,0.432,0.119,-0.585,0.599,0.375,0.354,0.215,0.228,0.669,0.151,0.36,0.594,0.537,0.267,0.096,0.524,0.564,0.675,0.754,0.467,0.325,0.485,0.218,0.661,0.54,0.636,0.664,0.605,0.607,0.493,0.117,0.179,0.406,0.382,0.317,0.844,0.342,0.002,0.749,0.251,0.597,0.663,0.565,0.225,0.343,0.569,-0.042,-0.029,0.505,0.336,-0.117,0.438,0.202,0.674,0.544,0.645,0.2,0.738,0.572,0.67,0.303,0.614,0.469,0.579,0.647,0.617,0.739,0.38,-0.303,-0.371,0.513,0.418,-0.272,0.47,0.411,0.126,0.514,0.432,0.39,0.518,0.073,0.522,0.689,0.178,-0.47,0.585,0.282,0.151,0.362,0.53,0.455,0.445,0.258,0.156,0.544,0.149,0.114,0.476,-0.342,0.447,0.638,0.086,0.616,0.417,0.338,0.166,0.721,0.278,0.592,0.371,0.428,0.71,0.798,0.454,0.052,0.357
ANAB,0.202,0.066,0.37,0.103,0.718,0.74,0.333,0.485,0.404,0.596,0.758,0.277,0.0,-0.355,0.005,0.417,0.756,0.418,0.506,0.03,0.592,0.082,-0.385,0.123,0.739,0.724,0.525,-0.435,0.529,0.671,0.534,-0.366,0.613,0.45,-0.362,0.583,0.679,-0.076,0.524,0.588,0.752,0.667,-0.47,0.252,-0.088,-0.061,0.226,-0.135,0.359,-0.372,0.103,-0.025,0.668,0.103,0.173,0.583,-0.139,-0.331,0.483,0.088,0.159,-0.086,0.278,-0.205,0.619,0.528,0.586,0.01,0.367,0.602,0.303,0.687,0.084,0.66,0.493,0.569,-0.138,0.062,0.421,0.426,0.158,-0.158,-0.092,-0.299,-0.111,0.453,-0.205,0.601,0.514,0.462,0.365,0.057,-0.004,-0.218,0.479,0.335,0.128,-0.13,0.247,0.622,0.67,0.362,0.569,0.576,0.373,-0.072,-0.298,0.484,0.735,0.5,0.298,0.307,0.519,-0.119,0.165,0.549,0.372,-0.003,0.569,0.292,0.668,-0.114,0.072,-0.101,0.655,0.501,0.079,0.633,-0.009,-0.091,-0.196,-0.192,0.5,0.301,0.198,-0.222,0.416,0.306,0.426,0.552,0.502,0.246,0.501,0.422,0.683,0.566,0.412,0.808,0.496,0.614,0.525,0.638,-0.297,-0.485,0.172,0.784,-0.055,0.681,0.704,-0.236,0.634,0.151,0.738,0.683,0.371,0.638,0.37,-0.259,-0.445,0.064,0.651,0.048,0.564,0.11,-0.039,0.356,0.52,-0.252,0.666,-0.032,0.487,-0.071,-0.319,0.262,0.618,-0.358,0.387,-0.094,0.25,0.447,0.308,-0.052,0.608,-0.163,-0.125,0.436,0.392,0.127,-0.358,0.647
ANDE,-0.229,0.275,-0.063,-0.056,-0.498,-0.745,0.181,-0.524,-0.54,-0.441,-0.753,-0.526,-0.355,0.0,0.198,-0.286,-0.303,-0.104,-0.181,0.236,-0.657,0.078,0.661,-0.073,-0.787,-0.65,-0.373,0.71,-0.155,-0.715,-0.539,0.687,-0.71,-0.549,0.599,-0.335,-0.664,0.093,-0.787,-0.483,-0.335,-0.69,0.768,-0.235,0.374,0.032,-0.606,0.303,0.172,0.676,0.03,0.528,-0.654,0.169,-0.145,-0.704,0.477,0.381,-0.782,0.045,0.164,0.277,0.109,0.535,-0.474,-0.792,-0.825,0.009,-0.252,-0.525,-0.078,-0.662,0.039,-0.695,-0.494,-0.194,0.536,-0.174,-0.721,-0.495,-0.029,0.379,0.336,0.496,0.249,-0.553,0.658,-0.556,-0.602,-0.229,-0.416,0.479,-0.047,0.494,-0.546,-0.257,-0.033,0.354,-0.153,-0.597,-0.697,-0.233,-0.654,-0.714,-0.089,-0.239,0.553,-0.589,-0.673,-0.457,-0.409,-0.335,-0.266,0.287,0.358,0.023,0.096,0.074,-0.765,-0.32,-0.677,0.578,-0.114,0.402,-0.395,-0.519,-0.021,-0.617,0.285,0.122,0.679,0.347,-0.803,-0.097,0.187,0.062,-0.18,-0.178,-0.322,-0.566,-0.671,-0.166,-0.644,-0.192,-0.653,-0.814,-0.321,-0.633,-0.497,-0.683,-0.403,-0.752,0.378,0.739,0.011,-0.526,0.347,-0.659,-0.752,0.538,-0.591,0.202,-0.475,-0.746,-0.118,-0.312,-0.373,0.501,0.826,-0.065,-0.671,0.388,-0.752,-0.121,0.175,-0.728,-0.205,0.276,-0.544,0.34,-0.488,0.231,0.592,0.057,-0.477,0.513,-0.38,0.056,-0.092,-0.702,-0.401,0.011,-0.644,0.007,0.173,-0.298,-0.425,0.108,0.616,-0.821
APLS,0.79,0.923,0.823,0.859,0.064,-0.26,0.413,-0.651,0.198,0.384,-0.223,0.362,0.005,0.198,0.0,0.78,0.035,0.637,0.626,0.494,-0.189,0.93,0.151,0.78,-0.109,0.246,-0.691,0.538,0.182,-0.025,0.257,0.619,-0.053,0.469,0.717,0.596,-0.007,0.831,0.184,0.523,0.084,-0.377,0.574,0.726,0.921,0.525,0.102,0.783,0.713,0.471,0.531,0.514,-0.215,-0.368,-0.168,0.33,0.74,0.811,0.106,0.874,0.932,0.79,0.032,0.597,-0.353,-0.007,-0.26,0.878,0.787,0.3,0.793,-0.077,0.646,-0.118,0.482,0.136,0.361,0.748,0.206,0.509,0.728,0.893,0.889,0.826,0.756,-0.709,0.153,-0.061,0.107,-0.223,-0.603,0.776,0.637,0.793,-0.501,0.841,0.776,0.926,-0.589,0.219,0.164,0.69,0.149,0.105,0.612,0.171,0.578,-0.0,0.031,0.558,0.631,0.737,0.422,0.693,0.105,0.348,0.597,0.824,-0.517,0.735,-0.426,0.83,0.758,0.706,0.522,0.481,0.897,-0.28,0.896,0.613,0.685,0.603,0.003,0.697,0.512,0.376,-0.325,0.707,0.232,-0.048,-0.672,0.768,0.227,0.237,-0.422,-0.205,0.708,0.092,0.386,0.101,0.542,-0.295,-0.535,0.296,0.933,0.067,-0.343,-0.042,-0.087,0.25,-0.177,0.851,-0.077,-0.143,-0.397,0.422,0.249,0.859,0.364,0.672,-0.471,0.728,-0.527,0.865,0.939,-0.004,-0.143,0.851,0.275,0.88,-0.473,0.922,0.244,0.633,0.506,0.85,0.517,0.836,0.737,-0.599,0.698,-0.253,-0.105,0.788,0.586,0.617,0.599,0.939,0.536,-0.341
APPF,0.81,0.705,0.87,0.768,0.582,0.324,0.385,-0.218,0.638,0.769,0.361,0.689,0.417,-0.286,0.78,0.0,0.407,0.741,0.781,0.37,0.368,0.832,-0.249,0.785,0.452,0.74,-0.352,0.024,0.428,0.546,0.718,0.102,0.446,0.856,0.217,0.876,0.531,0.644,0.691,0.897,0.475,0.198,0.01,0.88,0.646,0.458,0.485,0.511,0.722,-0.052,0.495,0.219,0.236,-0.249,-0.135,0.763,0.404,0.424,0.592,0.787,0.782,0.533,0.125,0.156,0.027,0.547,0.291,0.772,0.948,0.667,0.888,0.504,0.571,0.408,0.806,0.531,0.03,0.713,0.617,0.838,0.687,0.56,0.594,0.44,0.576,-0.21,-0.273,0.398,0.512,0.144,-0.22,0.574,0.579,0.373,-0.0,0.951,0.724,0.639,-0.27,0.673,0.697,0.876,0.654,0.556,0.691,0.298,0.217,0.435,0.569,0.837,0.848,0.867,0.65,0.489,0.047,0.535,0.633,0.626,0.051,0.912,0.178,0.454,0.774,0.428,0.851,0.877,0.815,0.152,0.679,0.503,0.261,0.249,0.53,0.678,0.358,0.324,-0.084,0.867,0.618,0.462,-0.142,0.821,0.679,0.465,0.162,0.394,0.913,0.625,0.786,0.597,0.89,0.234,-0.66,-0.26,0.876,0.55,-0.548,0.466,0.477,-0.021,0.386,0.779,0.403,0.441,-0.106,0.68,0.501,0.489,-0.199,0.639,0.09,0.417,0.032,0.815,0.76,0.359,0.13,0.516,0.747,0.593,-0.064,0.719,-0.109,0.61,0.899,0.426,0.816,0.64,0.76,-0.129,0.907,-0.149,0.427,0.613,0.398,0.891,0.823,0.814,0.142,0.242
ASML,0.269,0.23,0.515,0.175,0.77,0.669,0.665,0.464,0.509,0.704,0.663,0.366,0.756,-0.303,0.035,0.407,0.0,0.52,0.636,0.28,0.548,0.121,-0.135,0.107,0.691,0.646,0.511,-0.332,0.817,0.619,0.535,-0.23,0.692,0.361,-0.396,0.684,0.715,0.056,0.568,0.548,0.707,0.561,-0.334,0.374,0.029,-0.13,0.299,-0.051,0.466,-0.188,0.262,0.189,0.565,0.185,0.434,0.672,-0.073,-0.263,0.633,0.309,0.215,-0.001,0.561,-0.265,0.748,0.381,0.494,0.106,0.367,0.468,0.335,0.691,0.02,0.689,0.6,0.687,-0.047,0.182,0.356,0.605,0.114,-0.063,0.028,-0.143,0.214,0.377,-0.228,0.705,0.62,0.474,0.517,0.121,0.029,-0.031,0.567,0.295,0.13,-0.004,0.358,0.587,0.628,0.479,0.668,0.527,0.575,-0.048,-0.059,0.623,0.775,0.554,0.36,0.396,0.682,0.071,0.389,0.622,0.548,0.043,0.485,0.346,0.582,0.003,0.223,0.209,0.71,0.494,0.12,0.651,0.133,-0.068,-0.055,-0.16,0.377,0.346,0.098,0.16,0.517,0.515,0.451,0.751,0.376,0.227,0.424,0.648,0.626,0.618,0.34,0.705,0.48,0.675,0.567,0.654,-0.046,-0.352,0.205,0.802,0.148,0.791,0.584,0.089,0.646,0.289,0.871,0.65,0.634,0.805,0.366,-0.125,-0.379,0.058,0.587,0.262,0.44,0.063,0.096,0.34,0.728,-0.223,0.634,0.083,0.386,0.111,-0.134,0.526,0.583,-0.276,0.375,0.002,0.223,0.298,0.366,0.129,0.748,-0.005,0.159,0.581,0.433,0.19,-0.164,0.586
ATRC,0.682,0.652,0.802,0.661,0.511,0.254,0.486,-0.178,0.32,0.637,0.277,0.262,0.418,-0.104,0.637,0.741,0.52,0.0,0.762,0.308,0.278,0.61,-0.243,0.449,0.373,0.575,-0.136,0.031,0.456,0.416,0.432,0.202,0.44,0.582,0.254,0.693,0.323,0.532,0.453,0.698,0.608,0.067,0.072,0.684,0.557,0.108,0.052,0.326,0.813,0.175,0.287,0.23,0.32,-0.33,-0.006,0.611,0.417,0.256,0.461,0.62,0.771,0.466,0.168,0.31,0.243,0.35,0.232,0.563,0.768,0.628,0.745,0.299,0.277,0.409,0.583,0.342,0.019,0.575,0.484,0.629,0.455,0.522,0.566,0.323,0.471,-0.231,0.028,0.242,0.506,-0.007,-0.223,0.435,0.294,0.378,-0.014,0.734,0.491,0.59,-0.334,0.528,0.564,0.67,0.401,0.498,0.784,-0.011,0.136,0.251,0.5,0.68,0.636,0.698,0.591,0.283,0.118,0.612,0.573,0.488,-0.012,0.594,0.12,0.536,0.467,0.438,0.732,0.629,0.594,0.258,0.594,0.219,0.31,0.321,0.346,0.618,0.571,0.157,-0.021,0.698,0.391,0.28,-0.221,0.524,0.458,0.324,0.117,0.209,0.777,0.45,0.551,0.44,0.643,0.225,-0.507,-0.09,0.689,0.509,-0.292,0.438,0.398,-0.04,0.21,0.671,0.417,0.299,-0.002,0.705,0.224,0.395,-0.0,0.374,0.047,0.531,-0.1,0.571,0.586,0.234,0.291,0.447,0.608,0.65,-0.071,0.542,0.12,0.564,0.705,0.391,0.564,0.475,0.694,-0.188,0.645,-0.333,0.308,0.486,0.257,0.684,0.534,0.657,0.077,0.187
AVGO,0.804,0.701,0.879,0.781,0.531,0.314,0.681,-0.134,0.336,0.708,0.335,0.467,0.506,-0.181,0.626,0.781,0.636,0.762,0.0,0.496,0.201,0.7,-0.185,0.502,0.491,0.645,-0.046,-0.01,0.615,0.401,0.409,0.241,0.509,0.61,0.252,0.802,0.507,0.71,0.542,0.739,0.582,0.067,0.085,0.672,0.547,0.315,0.247,0.457,0.781,0.206,0.335,0.28,0.434,-0.414,0.178,0.711,0.496,0.341,0.604,0.692,0.721,0.574,0.419,0.222,0.275,0.332,0.318,0.673,0.803,0.64,0.724,0.452,0.32,0.515,0.777,0.53,0.018,0.758,0.39,0.794,0.579,0.554,0.63,0.311,0.599,-0.27,0.015,0.475,0.709,-0.071,-0.109,0.481,0.461,0.428,0.001,0.76,0.712,0.568,-0.299,0.502,0.56,0.791,0.453,0.424,0.901,-0.058,0.218,0.248,0.551,0.796,0.787,0.82,0.801,0.387,0.002,0.502,0.616,0.656,0.034,0.688,0.113,0.497,0.564,0.53,0.888,0.657,0.723,0.337,0.686,0.336,0.309,0.373,0.305,0.791,0.392,0.353,0.071,0.732,0.255,0.42,-0.115,0.642,0.467,0.502,0.1,0.372,0.798,0.534,0.576,0.573,0.65,0.275,-0.481,-0.039,0.718,0.52,-0.15,0.607,0.437,0.019,0.208,0.688,0.607,0.317,0.197,0.844,0.486,0.412,-0.036,0.559,0.035,0.605,-0.027,0.698,0.631,0.452,0.386,0.52,0.635,0.601,0.117,0.624,0.096,0.766,0.721,0.338,0.452,0.653,0.654,-0.149,0.65,-0.309,0.422,0.589,0.344,0.778,0.717,0.628,0.159,0.273
AVT,0.452,0.625,0.553,0.484,0.084,-0.241,0.71,-0.306,0.164,0.38,-0.12,0.348,0.03,0.236,0.494,0.37,0.28,0.308,0.496,0.0,-0.154,0.509,0.415,0.512,-0.048,0.093,-0.251,0.469,0.461,-0.103,0.077,0.467,-0.004,0.149,0.309,0.424,0.198,0.561,0.147,0.263,-0.053,-0.189,0.475,0.396,0.553,0.499,0.232,0.698,0.409,0.417,0.512,0.625,-0.244,-0.078,0.166,0.141,0.637,0.596,0.11,0.629,0.486,0.453,0.486,0.078,-0.139,-0.181,-0.264,0.566,0.346,0.002,0.432,-0.033,0.578,-0.065,0.419,0.443,0.558,0.577,-0.156,0.345,0.61,0.496,0.523,0.583,0.723,-0.428,0.059,0.429,0.181,-0.05,-0.045,0.522,0.655,0.612,-0.1,0.352,0.627,0.515,-0.11,0.178,-0.063,0.459,0.129,-0.21,0.421,0.353,0.616,0.119,0.043,0.243,0.294,0.485,0.531,0.639,0.228,0.163,0.497,0.502,-0.34,0.41,-0.276,0.516,0.522,0.65,0.342,0.199,0.518,-0.296,0.626,0.632,0.598,0.288,-0.22,0.436,-0.005,0.607,0.038,0.449,0.128,0.195,-0.363,0.571,0.07,0.527,-0.279,-0.066,0.242,0.073,0.229,0.028,0.295,-0.195,0.075,0.314,0.45,0.123,0.128,0.182,-0.172,0.505,-0.009,0.574,0.217,-0.09,0.164,0.57,0.441,0.568,0.269,0.607,-0.303,0.582,-0.228,0.466,0.561,0.096,0.152,0.458,0.142,0.449,-0.151,0.66,0.455,0.644,0.217,0.42,0.123,0.464,0.265,-0.376,0.412,0.278,0.107,0.374,0.824,0.418,0.512,0.489,0.574,-0.262
AXDX,0.087,-0.248,0.165,-0.078,0.826,0.829,0.028,0.505,0.718,0.597,0.873,0.405,0.592,-0.657,-0.189,0.368,0.548,0.278,0.201,-0.154,0.0,-0.049,-0.546,0.058,0.814,0.762,0.38,-0.625,0.462,0.932,0.724,-0.719,0.819,0.654,-0.718,0.493,0.762,-0.296,0.756,0.627,0.602,0.846,-0.795,0.423,-0.277,-0.26,0.478,-0.393,0.048,-0.756,0.043,-0.296,0.524,0.238,-0.095,0.667,-0.515,-0.545,0.676,-0.041,-0.076,-0.407,0.013,-0.561,0.495,0.813,0.704,-0.124,0.331,0.574,0.24,0.833,-0.068,0.791,0.425,0.51,-0.442,-0.057,0.699,0.484,-0.096,-0.411,-0.371,-0.447,-0.2,0.689,-0.551,0.623,0.538,0.625,0.549,-0.196,-0.134,-0.555,0.744,0.248,-0.163,-0.323,0.526,0.747,0.797,0.391,0.746,0.745,0.172,0.213,-0.486,0.753,0.821,0.431,0.291,0.253,0.264,-0.22,0.037,0.417,0.223,-0.297,0.749,0.277,0.847,-0.463,0.132,-0.299,0.46,0.665,-0.102,0.6,-0.262,-0.183,-0.566,-0.639,0.805,-0.043,-0.062,0.005,0.223,0.369,0.755,0.734,0.638,0.114,0.724,0.302,0.88,0.777,0.367,0.82,0.69,0.787,0.613,0.725,-0.167,-0.826,0.007,0.772,-0.352,0.704,0.814,-0.312,0.875,-0.07,0.684,0.9,0.411,0.402,0.231,-0.459,-0.767,-0.078,0.813,-0.373,0.731,-0.074,-0.164,0.381,0.446,-0.511,0.763,-0.338,0.378,-0.218,-0.346,-0.018,0.676,-0.564,0.633,-0.339,0.165,0.617,0.369,0.154,0.826,-0.224,-0.137,0.473,0.347,-0.063,-0.505,0.779
AXSM,0.855,0.874,0.878,0.895,0.21,-0.147,0.465,-0.589,0.339,0.463,-0.097,0.495,0.082,0.078,0.93,0.832,0.121,0.61,0.7,0.509,-0.049,0.0,0.103,0.78,0.023,0.342,-0.594,0.452,0.345,0.099,0.344,0.518,0.114,0.591,0.597,0.679,0.183,0.864,0.324,0.634,0.128,-0.296,0.459,0.829,0.9,0.563,0.272,0.783,0.66,0.403,0.562,0.514,-0.132,-0.316,-0.18,0.43,0.649,0.735,0.24,0.879,0.887,0.741,0.148,0.448,-0.31,0.102,-0.174,0.92,0.846,0.342,0.859,0.099,0.583,0.044,0.557,0.292,0.289,0.773,0.223,0.655,0.702,0.867,0.874,0.79,0.816,-0.62,0.071,0.093,0.245,-0.102,-0.506,0.776,0.676,0.729,-0.368,0.876,0.796,0.872,-0.433,0.271,0.256,0.835,0.256,0.123,0.698,0.158,0.586,0.139,0.173,0.653,0.776,0.815,0.45,0.754,0.083,0.41,0.69,0.848,-0.426,0.773,-0.313,0.716,0.833,0.735,0.572,0.601,0.923,-0.211,0.914,0.636,0.605,0.477,0.079,0.724,0.359,0.535,-0.262,0.774,0.315,0.134,-0.546,0.796,0.341,0.351,-0.309,-0.018,0.769,0.222,0.52,0.277,0.657,-0.251,-0.509,0.195,0.96,0.161,-0.352,0.095,0.016,0.282,-0.056,0.851,0.067,-0.029,-0.248,0.457,0.341,0.83,0.243,0.708,-0.392,0.674,-0.422,0.862,0.953,0.072,0.007,0.796,0.38,0.832,-0.39,0.921,0.257,0.71,0.612,0.752,0.587,0.845,0.754,-0.505,0.732,-0.187,0.08,0.835,0.569,0.741,0.7,0.884,0.573,-0.234
AZN,-0.161,0.313,-0.013,-0.05,-0.456,-0.658,0.368,-0.359,-0.199,-0.259,-0.627,-0.084,-0.385,0.661,0.151,-0.249,-0.135,-0.243,-0.185,0.415,-0.546,0.103,0.0,0.123,-0.694,-0.573,-0.324,0.706,0.053,-0.634,-0.361,0.591,-0.586,-0.53,0.352,-0.167,-0.413,0.153,-0.493,-0.448,-0.522,-0.541,0.699,-0.113,0.381,0.242,-0.111,0.466,0.008,0.583,0.248,0.716,-0.736,0.409,0.2,-0.503,0.309,0.457,-0.565,0.233,0.054,0.248,0.306,0.272,-0.395,-0.738,-0.781,0.155,-0.277,-0.73,-0.13,-0.497,0.181,-0.616,-0.264,-0.017,0.682,-0.093,-0.619,-0.216,0.032,0.314,0.293,0.583,0.468,-0.425,0.403,-0.262,-0.547,-0.002,-0.069,0.436,0.215,0.547,-0.298,-0.24,0.021,0.286,0.107,-0.525,-0.648,-0.098,-0.368,-0.687,-0.09,0.035,0.763,-0.189,-0.532,-0.348,-0.284,-0.24,-0.148,0.524,0.574,-0.065,0.226,0.136,-0.621,-0.098,-0.604,0.378,0.223,0.537,-0.364,-0.432,0.046,-0.557,0.31,0.314,0.527,0.151,-0.767,-0.122,-0.077,0.434,0.031,-0.021,-0.178,-0.238,-0.551,0.047,-0.558,0.206,-0.55,-0.552,-0.44,-0.542,-0.368,-0.453,-0.252,-0.579,0.563,0.632,0.049,-0.463,0.534,-0.52,-0.762,0.83,-0.381,0.233,-0.349,-0.58,0.107,-0.213,-0.149,0.505,0.546,0.055,-0.534,0.412,-0.559,-0.119,0.24,-0.509,-0.058,0.158,-0.53,0.257,-0.578,0.366,0.457,0.281,-0.44,0.412,-0.205,0.148,-0.245,-0.536,-0.245,0.412,-0.398,0.12,0.517,-0.123,-0.171,0.177,0.708,-0.73
BANR,0.684,0.72,0.677,0.663,0.175,-0.01,0.314,-0.319,0.512,0.551,0.072,0.703,0.123,-0.073,0.78,0.785,0.107,0.449,0.502,0.512,0.058,0.78,0.123,0.0,0.074,0.413,-0.532,0.369,0.191,0.159,0.433,0.34,0.033,0.571,0.412,0.688,0.33,0.697,0.437,0.577,0.058,-0.022,0.319,0.686,0.717,0.747,0.512,0.802,0.56,0.16,0.54,0.443,-0.12,-0.088,-0.034,0.454,0.505,0.725,0.254,0.763,0.684,0.639,0.107,0.262,-0.316,0.211,-0.064,0.863,0.703,0.243,0.638,0.181,0.897,-0.015,0.682,0.315,0.452,0.615,0.337,0.623,0.859,0.618,0.609,0.628,0.627,-0.37,-0.163,0.256,0.074,0.067,-0.299,0.645,0.876,0.587,-0.165,0.794,0.814,0.697,-0.317,0.361,0.291,0.662,0.425,0.244,0.373,0.51,0.546,0.297,0.177,0.586,0.589,0.664,0.513,0.724,0.164,0.204,0.511,0.708,-0.182,0.847,-0.135,0.526,0.877,0.534,0.561,0.555,0.831,-0.161,0.674,0.856,0.433,0.396,0.199,0.515,0.313,0.363,-0.192,0.707,0.427,0.184,-0.316,0.945,0.369,0.486,-0.156,0.074,0.595,0.319,0.503,0.239,0.667,-0.042,-0.444,0.024,0.81,0.179,-0.312,0.103,0.062,0.25,0.127,0.726,0.032,0.119,-0.306,0.47,0.664,0.617,0.014,0.851,-0.183,0.515,-0.095,0.841,0.774,0.179,-0.03,0.576,0.367,0.576,-0.239,0.8,-0.054,0.51,0.571,0.586,0.612,0.683,0.543,-0.274,0.789,0.02,0.153,0.584,0.641,0.648,0.81,0.829,0.371,-0.115
BBIO,0.307,-0.125,0.314,0.138,0.83,0.938,0.152,0.602,0.607,0.699,0.951,0.463,0.739,-0.787,-0.109,0.452,0.691,0.373,0.491,-0.048,0.814,0.023,-0.694,0.074,0.0,0.878,0.525,-0.74,0.503,0.911,0.692,-0.671,0.889,0.685,-0.619,0.593,0.872,-0.078,0.844,0.721,0.739,0.831,-0.786,0.36,-0.286,-0.138,0.456,-0.312,0.174,-0.656,0.048,-0.396,0.835,-0.096,0.111,0.834,-0.351,-0.477,0.853,0.082,0.033,-0.252,0.138,-0.531,0.677,0.847,0.898,0.001,0.412,0.78,0.284,0.873,-0.039,0.909,0.656,0.549,-0.473,0.194,0.725,0.59,0.083,-0.34,-0.268,-0.495,-0.165,0.612,-0.555,0.783,0.806,0.409,0.476,-0.252,-0.022,-0.462,0.668,0.382,0.125,-0.29,0.265,0.82,0.892,0.424,0.78,0.808,0.352,0.092,-0.555,0.664,0.92,0.594,0.464,0.474,0.533,-0.263,-0.173,0.335,0.2,-0.073,0.813,0.373,0.844,-0.391,0.102,-0.285,0.706,0.696,0.055,0.754,-0.172,-0.193,-0.506,-0.336,0.838,0.255,-0.038,-0.105,0.342,0.364,0.519,0.74,0.723,0.227,0.786,0.385,0.849,0.89,0.509,0.906,0.687,0.825,0.603,0.878,-0.412,-0.79,0.094,0.847,-0.318,0.916,0.939,-0.486,0.796,-0.03,0.832,0.921,0.385,0.654,0.447,-0.472,-0.775,0.071,0.822,-0.217,0.793,0.144,-0.118,0.692,0.47,-0.312,0.834,-0.249,0.635,-0.165,-0.475,0.148,0.726,-0.554,0.478,-0.108,0.252,0.675,0.479,-0.052,0.841,-0.119,-0.161,0.495,0.518,-0.001,-0.606,0.937
BCYC,0.529,0.181,0.548,0.378,0.824,0.804,0.218,0.358,0.691,0.812,0.841,0.614,0.724,-0.65,0.246,0.74,0.646,0.575,0.645,0.093,0.762,0.342,-0.573,0.413,0.878,0.0,0.185,-0.534,0.476,0.892,0.782,-0.426,0.797,0.855,-0.345,0.753,0.819,0.187,0.898,0.87,0.757,0.691,-0.568,0.608,0.043,0.115,0.525,-0.009,0.458,-0.522,0.186,-0.189,0.672,-0.132,0.026,0.895,-0.094,-0.152,0.813,0.342,0.348,0.067,0.131,-0.261,0.46,0.854,0.772,0.297,0.68,0.815,0.529,0.849,0.235,0.81,0.8,0.599,-0.288,0.393,0.824,0.769,0.368,-0.028,0.033,-0.201,0.075,0.367,-0.466,0.694,0.759,0.345,0.253,0.079,0.239,-0.216,0.485,0.654,0.374,0.055,0.08,0.849,0.931,0.633,0.828,0.833,0.508,0.229,-0.305,0.634,0.866,0.743,0.649,0.644,0.65,-0.024,-0.095,0.474,0.352,0.157,0.616,0.655,0.694,-0.087,0.402,-0.071,0.849,0.858,0.363,0.616,0.138,0.107,-0.303,-0.146,0.836,0.396,0.198,0.01,0.172,0.606,0.667,0.689,0.439,0.531,0.82,0.448,0.688,0.783,0.741,0.912,0.801,0.824,0.793,0.738,-0.544,-0.697,0.407,0.808,-0.45,0.825,0.878,-0.372,0.749,0.314,0.756,0.848,0.246,0.725,0.524,-0.156,-0.658,0.323,0.632,-0.024,0.588,0.425,0.198,0.639,0.375,-0.04,0.917,0.04,0.376,0.161,-0.385,0.323,0.891,-0.211,0.721,0.169,0.455,0.399,0.693,-0.112,0.743,0.139,0.027,0.721,0.706,0.327,-0.425,0.762
BHFAP,-0.358,-0.546,-0.297,-0.46,0.354,0.61,0.056,0.787,0.047,0.119,0.569,-0.111,0.525,-0.373,-0.691,-0.352,0.511,-0.136,-0.046,-0.251,0.38,-0.594,-0.324,-0.532,0.525,0.185,0.0,-0.609,0.307,0.342,0.031,-0.569,0.426,-0.15,-0.686,-0.047,0.425,-0.526,0.172,-0.064,0.383,0.568,-0.609,-0.375,-0.667,-0.45,0.028,-0.601,-0.254,-0.399,-0.264,-0.314,0.602,0.262,0.374,0.144,-0.515,-0.755,0.27,-0.487,-0.528,-0.552,0.287,-0.526,0.747,0.222,0.522,-0.559,-0.367,0.13,-0.388,0.416,-0.46,0.522,-0.04,0.219,-0.31,-0.392,0.021,-0.065,-0.413,-0.664,-0.602,-0.723,-0.508,0.725,-0.227,0.428,0.292,0.381,0.667,-0.562,-0.435,-0.57,0.661,-0.409,-0.431,-0.661,0.531,0.15,0.224,-0.242,0.21,0.231,-0.102,-0.275,-0.508,0.289,0.431,-0.012,-0.222,-0.263,0.131,-0.494,0.025,0.079,-0.145,-0.488,0.683,-0.369,0.644,-0.581,-0.477,-0.429,0.034,-0.111,-0.534,0.63,-0.578,-0.508,-0.523,-0.438,0.196,-0.22,-0.269,-0.329,0.606,-0.294,-0.046,0.377,0.745,-0.424,0.072,0.187,0.653,0.49,-0.285,0.37,-0.048,0.309,-0.106,0.59,0.27,-0.374,-0.549,0.401,0.38,0.524,0.434,-0.26,0.41,-0.529,0.536,0.456,0.557,0.174,0.079,-0.718,-0.433,-0.424,0.67,-0.331,0.65,-0.535,-0.631,0.26,0.569,-0.683,0.138,-0.567,0.68,-0.653,-0.276,-0.22,-0.034,-0.784,-0.271,-0.558,-0.295,0.655,-0.335,0.167,0.485,-0.545,-0.438,-0.171,-0.146,-0.581,-0.514,0.622
BKR,0.202,0.579,0.24,0.342,-0.501,-0.785,0.317,-0.673,-0.274,-0.268,-0.746,-0.117,-0.435,0.71,0.538,0.024,-0.332,0.031,-0.01,0.469,-0.625,0.452,0.706,0.369,-0.74,-0.534,-0.609,0.0,-0.019,-0.68,-0.364,0.83,-0.619,-0.339,0.742,-0.038,-0.497,0.471,-0.54,-0.243,-0.555,-0.744,0.92,0.16,0.716,0.352,-0.242,0.709,0.189,0.804,0.32,0.765,-0.749,0.053,-0.07,-0.447,0.621,0.754,-0.561,0.436,0.436,0.558,0.098,0.6,-0.612,-0.743,-0.873,0.457,0.063,-0.474,0.184,-0.643,0.443,-0.711,-0.205,-0.234,0.75,0.166,-0.552,-0.171,0.307,0.698,0.652,0.838,0.616,-0.765,0.541,-0.429,-0.563,-0.239,-0.514,0.631,0.409,0.83,-0.609,0.101,0.296,0.662,-0.307,-0.493,-0.632,0.1,-0.458,-0.595,0.071,0.09,0.846,-0.334,-0.591,-0.167,-0.082,0.032,-0.116,0.709,0.419,0.007,0.334,0.503,-0.856,0.076,-0.809,0.694,0.363,0.717,-0.262,-0.305,0.422,-0.703,0.601,0.533,0.83,0.503,-0.706,0.174,0.209,0.425,-0.321,0.121,-0.222,-0.427,-0.824,0.262,-0.477,0.051,-0.772,-0.737,-0.094,-0.539,-0.288,-0.529,-0.121,-0.812,0.199,0.829,0.392,-0.485,0.252,-0.628,-0.8,0.726,-0.59,0.477,-0.533,-0.717,-0.307,-0.141,-0.089,0.791,0.837,0.335,-0.811,0.663,-0.798,0.272,0.566,-0.574,-0.172,0.557,-0.498,0.621,-0.646,0.617,0.587,0.341,-0.268,0.775,-0.097,0.418,0.114,-0.77,-0.003,0.067,-0.533,0.402,0.594,-0.001,0.01,0.462,0.867,-0.885
BLDP,0.392,0.356,0.634,0.319,0.73,0.439,0.793,0.161,0.561,0.654,0.448,0.391,0.529,-0.155,0.182,0.428,0.817,0.456,0.615,0.461,0.462,0.345,0.053,0.191,0.503,0.476,0.307,-0.019,0.0,0.487,0.498,-0.06,0.627,0.366,-0.267,0.686,0.673,0.225,0.466,0.568,0.464,0.325,-0.101,0.576,0.287,-0.074,0.327,0.159,0.407,0.018,0.45,0.444,0.243,0.254,0.195,0.542,0.057,-0.084,0.524,0.487,0.323,0.043,0.616,-0.252,0.482,0.201,0.192,0.303,0.442,0.343,0.52,0.55,0.069,0.577,0.523,0.702,0.07,0.266,0.148,0.606,0.109,0.161,0.24,0.184,0.521,0.162,-0.145,0.653,0.513,0.548,0.391,0.34,0.145,0.195,0.455,0.349,0.204,0.195,0.45,0.459,0.451,0.679,0.585,0.287,0.632,-0.048,0.24,0.643,0.661,0.563,0.467,0.511,0.55,0.421,0.431,0.715,0.799,0.175,0.202,0.369,0.333,0.126,0.416,0.509,0.563,0.515,0.244,0.373,0.35,0.093,0.211,-0.206,0.195,0.431,-0.059,0.528,0.385,0.64,0.509,0.753,0.147,0.296,0.407,0.692,0.427,0.488,0.358,0.596,0.558,0.637,0.638,0.308,0.059,-0.163,0.366,0.696,0.098,0.64,0.353,0.395,0.552,0.425,0.757,0.473,0.594,0.692,0.314,0.172,-0.163,0.153,0.339,0.387,0.193,0.13,0.341,0.131,0.765,-0.053,0.544,0.231,0.119,0.337,0.174,0.666,0.586,-0.084,0.435,0.117,0.369,0.075,0.394,0.303,0.741,0.201,0.371,0.69,0.503,0.301,0.248,0.307
BLFS,0.261,-0.092,0.337,0.104,0.909,0.89,0.09,0.474,0.755,0.721,0.913,0.487,0.671,-0.715,-0.025,0.546,0.619,0.416,0.401,-0.103,0.932,0.099,-0.634,0.159,0.911,0.892,0.342,-0.68,0.487,0.0,0.828,-0.694,0.87,0.791,-0.627,0.625,0.833,-0.128,0.871,0.786,0.742,0.835,-0.785,0.517,-0.181,-0.158,0.494,-0.315,0.216,-0.743,0.108,-0.333,0.645,0.07,-0.105,0.819,-0.395,-0.462,0.801,0.128,0.095,-0.295,0.032,-0.52,0.541,0.912,0.814,0.024,0.495,0.76,0.407,0.881,-0.01,0.881,0.586,0.591,-0.483,0.143,0.812,0.629,0.065,-0.302,-0.249,-0.385,-0.115,0.618,-0.596,0.677,0.709,0.546,0.43,-0.118,-0.055,-0.482,0.671,0.444,0.046,-0.207,0.368,0.876,0.942,0.508,0.842,0.84,0.331,0.177,-0.491,0.748,0.916,0.609,0.491,0.459,0.413,-0.193,-0.079,0.483,0.294,-0.151,0.752,0.439,0.859,-0.351,0.214,-0.264,0.664,0.817,0.06,0.657,-0.129,-0.154,-0.498,-0.477,0.9,0.153,-0.006,-0.022,0.23,0.488,0.77,0.767,0.624,0.251,0.857,0.346,0.871,0.861,0.565,0.907,0.806,0.865,0.726,0.802,-0.382,-0.869,0.174,0.862,-0.485,0.822,0.934,-0.418,0.886,0.075,0.774,0.952,0.36,0.546,0.323,-0.368,-0.798,0.027,0.815,-0.288,0.724,0.121,-0.029,0.537,0.401,-0.336,0.906,-0.214,0.431,-0.095,-0.415,0.11,0.822,-0.477,0.709,-0.137,0.33,0.582,0.538,0.049,0.847,-0.084,-0.14,0.597,0.489,0.104,-0.534,0.856
BLKB,0.339,0.187,0.496,0.213,0.822,0.693,0.194,0.24,0.883,0.753,0.673,0.686,0.534,-0.539,0.257,0.718,0.535,0.432,0.409,0.077,0.724,0.344,-0.361,0.433,0.692,0.782,0.031,-0.364,0.498,0.828,0.0,-0.489,0.635,0.785,-0.431,0.761,0.754,0.04,0.809,0.815,0.498,0.671,-0.49,0.658,0.13,0.068,0.612,-0.032,0.305,-0.576,0.393,-0.065,0.342,0.207,-0.126,0.761,-0.202,-0.168,0.698,0.433,0.26,-0.092,0.057,-0.443,0.342,0.759,0.554,0.271,0.596,0.646,0.59,0.759,0.261,0.605,0.66,0.693,-0.232,0.237,0.694,0.654,0.245,-0.053,-0.019,0.01,0.18,0.413,-0.696,0.608,0.494,0.636,0.255,0.164,0.161,-0.165,0.507,0.605,0.233,0.068,0.296,0.845,0.852,0.63,0.908,0.681,0.3,0.342,-0.177,0.778,0.795,0.657,0.571,0.577,0.44,0.152,0.181,0.537,0.508,0.041,0.508,0.661,0.646,-0.11,0.46,-0.029,0.685,0.851,0.277,0.345,0.108,0.076,-0.174,-0.298,0.748,0.262,-0.093,0.156,0.238,0.656,0.871,0.791,0.387,0.454,0.828,0.495,0.67,0.724,0.576,0.819,0.834,0.733,0.854,0.58,-0.445,-0.696,0.434,0.797,-0.593,0.623,0.699,-0.104,0.836,0.355,0.605,0.799,0.164,0.529,0.363,-0.03,-0.623,0.166,0.63,-0.097,0.504,0.297,0.275,0.357,0.241,-0.113,0.816,0.021,0.212,0.226,-0.457,0.278,0.848,-0.17,0.822,0.071,0.405,0.349,0.75,0.243,0.733,0.086,0.132,0.738,0.588,0.394,-0.225,0.6
