,ABAT,ACLS,ACMR,ADMA,ADUS,ADVM,AEIS,AGNCM,AHCO,ALGT,ALLO,AMSF,ANAB,ANDE,APLS,APPF,ASML,ATRC,AVGO,AVT,AXDX,AXSM,AZN,BANR,BBIO,BCYC,BHFAP,BKR,BLDP,BLFS,BLKB,BLMN,BNTX,BPMC,CALM,CAMT,CASH,CATY,CCEP,CDLX,CDNS,CENN,CENX,CGC,CHDN,CLBK,COKE,COLB,COO,CORT,CRMT,CRNX,CRTO,CRVL,CSCO,CSQ,CSWI,CVBF,CWST,CYCC,CZR,DLTR,DORM,ENTA,EQIX,ERIC,EVRG,EWBC,EXAS,EXLS,EXPI,EYE,FBNC,FBRX,FCNCA,FELE,FIBK,FLEX,FRGT,FRHC,FRME,FWONA,FWONK,GDEN,GIII,GILD,GLNG,GNTX,GOOGL,GRPN,HCSG,HIMX,HOPE,HST,HTLD,HUT,HWC,ICUI,IESC,INTC,INTU,IOVA,IPAR,IPGP,ISRG,JBSS,KALU,KPRX,KRNT,LAUR,LBRDA,LBTYK,LECO,LILAK,LITE,MANH,MDXG,MFIC,MGEE,MIDD,MLAB,MMSI,MNKD,MOMO,MRVL,NICE,NMFC,NUWE,NVCR,NWBI,OFIX,OFLX,OMCL,OPK,ORKA,ORLY,OTTR,PDD,PNTG,POOL,POWL,PPBI,PPC,PRAA,PRPL,PZZA,QTRX,QURE,RDFN,RDHL,REAL,REG,REYN,RGLD,RIOT,RUN,RYTM,SAIA,SBAC,SBRA,SCVL,SHOO,SLAB,SLDB,SMCI,SMTC,SRCE,SSP,SSRM,STBA,STRO,SVC,SYBT,TCBI,TCOM,TENX,TH,TMUS,TNDM,TTD,TTMI,UAL,ULH,ULTA,VCYT,VIRT,VKTX,VOD,VRDN,VREX,VRNT,VSAT,WB,WBD,WDC,WEN,WSFS,XXII,Z,ZBRA
ABAT,0.0,0.599,0.571,0.848,-0.197,-0.104,-0.087,-0.698,-0.388,0.113,-0.295,-0.11,-0.191,-0.063,0.813,0.799,-0.3,0.731,0.791,0.317,-0.608,0.708,-0.503,-0.001,-0.262,0.849,-0.651,0.385,-0.145,-0.003,-0.391,0.773,0.444,0.88,0.398,-0.057,0.047,0.821,0.398,0.89,0.084,-0.585,0.286,0.717,0.619,0.708,-0.487,0.323,0.37,0.905,-0.291,-0.313,0.277,-0.694,-0.382,0.428,-0.187,0.502,0.536,0.643,0.695,0.816,-0.387,0.793,-0.485,0.764,0.367,0.669,0.639,-0.088,0.647,0.37,-0.22,0.384,-0.339,-0.415,-0.442,0.489,0.202,0.59,-0.193,0.468,0.496,0.695,0.687,-0.755,0.753,-0.35,0.688,0.204,-0.631,-0.02,0.483,0.68,-0.709,0.783,0.368,0.563,-0.743,-0.448,0.586,0.868,0.61,0.21,0.376,-0.611,-0.198,-0.311,0.228,0.812,0.866,0.644,-0.225,0.393,-0.345,0.013,0.176,0.69,-0.588,0.334,-0.737,0.47,0.198,0.673,0.184,0.56,0.829,0.566,0.821,-0.289,-0.218,0.622,0.38,-0.357,0.211,0.027,-0.417,-0.137,-0.34,-0.439,-0.317,-0.259,0.803,-0.388,-0.579,0.47,0.879,-0.251,0.232,-0.114,0.006,-0.142,-0.753,0.416,0.455,-0.337,-0.522,0.131,0.109,-0.361,-0.464,0.46,-0.092,-0.522,-0.366,-0.18,-0.205,0.663,-0.002,-0.328,-0.638,0.178,-0.709,0.766,0.786,0.186,-0.327,0.867,-0.092,0.739,-0.439,0.654,-0.098,0.477,0.741,0.817,-0.04,0.835,0.699,-0.686,0.151,-0.84,-0.371,0.497,-0.389,0.524,0.078,0.508,-0.169,-0.057
ACLS,0.599,0.0,0.906,0.529,0.391,0.14,0.534,-0.2,0.322,0.692,0.279,0.568,0.359,0.397,0.736,0.748,0.364,0.87,0.755,0.621,-0.002,0.834,0.044,0.584,0.331,0.618,-0.317,0.424,0.382,0.472,0.339,0.848,0.519,0.787,0.683,0.637,0.475,0.789,0.798,0.711,0.604,0.12,0.738,0.824,0.888,0.27,0.106,0.776,0.858,0.66,0.263,0.399,0.315,-0.08,0.3,0.798,0.473,0.809,0.566,0.921,0.931,0.694,0.265,0.767,0.084,0.285,0.379,0.89,0.848,0.482,0.898,0.197,0.478,0.43,0.382,0.195,0.285,0.806,0.72,0.814,0.448,0.811,0.811,0.762,0.787,-0.299,0.413,0.298,0.477,-0.142,-0.264,0.671,0.382,0.931,-0.14,0.859,0.671,0.924,-0.366,0.307,0.71,0.582,0.413,0.805,0.732,0.042,0.56,0.33,0.591,0.561,0.632,0.858,0.465,0.757,0.288,0.502,0.667,0.73,-0.24,0.884,-0.155,0.844,0.763,0.72,0.777,0.855,0.753,0.396,0.724,0.433,0.486,0.405,0.802,0.301,0.768,0.401,-0.031,0.429,0.336,0.195,-0.543,0.476,0.717,0.317,0.036,0.047,0.83,0.413,0.76,0.157,0.658,0.46,-0.244,0.298,0.906,0.335,0.053,0.029,0.411,0.331,0.151,0.803,0.408,0.147,0.157,0.506,0.394,0.88,0.285,0.335,-0.275,0.794,-0.139,0.8,0.467,0.411,0.187,0.585,0.345,0.904,-0.087,0.951,0.27,0.786,0.808,0.607,0.615,0.413,0.731,-0.209,0.726,-0.389,0.03,0.807,0.346,0.788,0.688,0.94,0.417,0.187
ACMR,0.571,0.906,0.0,0.504,0.487,0.303,0.54,-0.122,0.335,0.732,0.399,0.432,0.389,0.299,0.599,0.607,0.482,0.872,0.839,0.718,0.025,0.838,0.12,0.451,0.469,0.655,-0.127,0.263,0.57,0.61,0.368,0.74,0.679,0.754,0.612,0.673,0.631,0.767,0.905,0.725,0.733,0.175,0.558,0.835,0.828,0.202,0.016,0.6,0.856,0.686,0.048,0.438,0.525,-0.059,0.377,0.939,0.429,0.624,0.705,0.888,0.866,0.618,0.341,0.682,0.206,0.305,0.591,0.884,0.871,0.528,0.936,0.246,0.363,0.66,0.431,0.193,0.291,0.827,0.64,0.932,0.297,0.847,0.869,0.584,0.799,-0.212,0.549,0.369,0.652,-0.049,-0.142,0.68,0.296,0.85,-0.108,0.828,0.601,0.833,-0.269,0.291,0.832,0.597,0.438,0.801,0.899,-0.008,0.527,0.45,0.749,0.586,0.69,0.913,0.463,0.682,0.307,0.647,0.686,0.778,-0.093,0.811,-0.09,0.69,0.713,0.775,0.822,0.9,0.736,0.573,0.674,0.385,0.436,0.312,0.829,0.398,0.732,0.503,0.071,0.45,0.278,0.338,-0.415,0.47,0.761,0.372,0.114,0.214,0.849,0.492,0.844,0.383,0.674,0.538,-0.167,0.314,0.912,0.419,0.148,0.095,0.484,0.421,0.168,0.698,0.53,0.214,0.29,0.529,0.383,0.766,0.304,0.255,-0.165,0.806,-0.1,0.649,0.36,0.493,0.362,0.509,0.377,0.891,0.033,0.882,0.36,0.881,0.801,0.512,0.656,0.338,0.821,-0.149,0.67,-0.404,0.245,0.834,0.351,0.885,0.724,0.823,0.462,0.458
ADMA,0.848,0.529,0.504,0.0,-0.347,-0.168,-0.219,-0.706,-0.506,0.071,-0.368,-0.162,-0.216,-0.305,0.826,0.769,-0.363,0.685,0.64,0.158,-0.605,0.732,-0.423,-0.07,-0.314,0.741,-0.598,0.488,-0.198,-0.061,-0.309,0.775,0.173,0.859,0.547,-0.141,-0.148,0.782,0.327,0.835,-0.049,-0.615,0.466,0.651,0.639,0.569,-0.598,0.264,0.282,0.868,-0.259,-0.433,0.249,-0.803,-0.493,0.331,-0.215,0.509,0.416,0.563,0.671,0.866,-0.501,0.792,-0.49,0.752,0.197,0.612,0.664,-0.082,0.578,0.243,-0.272,0.235,-0.315,-0.501,-0.489,0.386,0.253,0.431,-0.192,0.437,0.458,0.709,0.65,-0.885,0.676,-0.458,0.607,0.097,-0.727,-0.141,0.506,0.672,-0.695,0.803,0.488,0.51,-0.836,-0.463,0.588,0.8,0.478,0.124,0.263,-0.595,-0.207,-0.428,0.087,0.816,0.728,0.612,-0.293,0.265,-0.471,-0.095,0.071,0.728,-0.701,0.333,-0.677,0.451,0.35,0.751,0.123,0.515,0.799,0.424,0.859,-0.295,-0.217,0.776,0.174,-0.332,0.283,-0.126,-0.553,0.097,-0.476,-0.473,-0.456,-0.27,0.764,-0.461,-0.68,0.342,0.782,-0.338,0.202,0.109,-0.032,-0.322,-0.816,0.67,0.395,-0.417,-0.623,0.304,0.1,-0.479,-0.582,0.442,-0.299,-0.527,-0.506,-0.233,-0.263,0.558,0.28,-0.307,-0.68,0.159,-0.723,0.732,0.874,0.073,-0.383,0.856,0.071,0.696,-0.489,0.601,-0.128,0.448,0.708,0.84,-0.056,0.841,0.665,-0.736,0.224,-0.785,-0.278,0.438,-0.434,0.393,0.046,0.444,-0.14,-0.169
ADUS,-0.197,0.391,0.487,-0.347,0.0,0.679,0.901,0.66,0.858,0.727,0.865,0.72,0.736,0.52,-0.206,-0.035,0.899,0.286,0.175,0.434,0.769,0.092,0.375,0.534,0.875,-0.039,0.602,-0.184,0.899,0.867,0.704,0.034,0.508,-0.021,0.078,0.861,0.813,0.035,0.579,0.005,0.87,0.789,0.125,0.287,0.246,-0.471,0.676,0.395,0.661,-0.096,0.529,0.889,0.442,0.731,0.853,0.558,0.727,0.092,0.414,0.305,0.278,-0.154,0.916,-0.064,0.838,-0.485,0.367,0.22,0.284,0.761,0.403,0.237,0.624,0.549,0.785,0.837,0.77,0.402,0.465,0.449,0.586,0.412,0.42,-0.125,0.21,0.641,-0.192,0.835,0.094,-0.256,0.619,0.78,-0.244,0.205,0.716,0.04,0.147,0.404,0.62,0.784,0.322,-0.111,-0.134,0.75,0.63,0.649,0.8,0.82,0.754,-0.179,-0.008,0.343,0.859,0.511,0.752,0.834,0.814,0.028,0.649,0.503,0.712,0.402,0.409,0.18,0.746,0.489,-0.085,0.175,-0.033,0.702,0.762,-0.383,0.682,0.704,0.548,0.72,0.661,0.546,0.808,0.882,0.014,0.759,0.102,0.85,0.866,-0.053,0.108,0.908,0.776,0.379,0.827,0.813,0.678,-0.177,0.509,0.916,0.847,0.127,0.623,0.837,0.796,0.363,0.912,0.835,0.838,0.864,0.69,0.212,0.221,0.673,0.506,0.72,0.653,-0.053,-0.409,0.384,0.891,-0.359,0.581,0.22,0.594,0.28,0.629,0.459,0.271,-0.375,0.689,-0.492,0.083,0.598,0.471,0.394,0.742,0.401,0.771,0.475,0.678,0.356,0.733,0.637
ADVM,-0.104,0.14,0.303,-0.168,0.679,0.0,0.558,0.485,0.425,0.527,0.696,0.381,0.736,0.234,-0.165,0.0,0.556,0.207,0.206,0.145,0.408,0.013,0.056,0.168,0.593,0.156,0.641,-0.153,0.69,0.653,0.417,-0.067,0.383,0.001,-0.179,0.484,0.645,-0.042,0.324,0.123,0.615,0.406,-0.136,0.1,0.042,-0.193,0.32,0.07,0.416,-0.024,0.305,0.433,0.606,0.425,0.451,0.304,0.282,-0.236,0.299,0.083,0.085,-0.05,0.548,-0.106,0.658,-0.144,0.416,0.026,0.082,0.419,0.2,0.554,0.226,0.565,0.383,0.614,0.355,0.031,0.071,0.231,0.214,0.075,0.109,-0.244,0.107,0.488,-0.04,0.487,0.141,0.16,0.498,0.312,-0.05,0.044,0.415,-0.008,0.038,0.108,0.471,0.364,0.349,0.078,0.135,0.443,0.34,0.225,0.33,0.502,0.716,0.044,0.007,0.149,0.506,0.341,0.518,0.591,0.628,-0.018,0.647,0.187,0.544,0.151,0.093,0.157,0.451,0.23,-0.032,0.393,-0.073,0.286,0.335,-0.255,0.273,0.28,0.235,0.243,0.716,0.275,0.38,0.611,0.424,0.302,0.196,0.478,0.585,0.319,0.031,0.639,0.455,0.302,0.501,0.567,0.355,0.013,0.187,0.573,0.626,0.433,0.633,0.459,0.568,0.21,0.636,0.524,0.481,0.485,0.441,-0.039,0.215,0.281,0.651,0.378,0.436,-0.148,-0.252,0.152,0.697,-0.326,0.401,0.074,0.509,0.018,0.2,0.296,0.325,-0.336,0.238,-0.287,0.093,0.383,0.095,0.219,0.713,0.058,0.269,0.341,0.372,0.075,0.249,0.661
AEIS,-0.087,0.534,0.54,-0.219,0.901,0.558,0.0,0.56,0.779,0.78,0.847,0.759,0.758,0.526,-0.053,0.07,0.851,0.361,0.265,0.512,0.707,0.175,0.305,0.628,0.84,0.046,0.472,-0.063,0.829,0.824,0.604,0.184,0.505,0.091,0.161,0.87,0.768,0.157,0.67,0.072,0.817,0.74,0.247,0.324,0.308,-0.35,0.678,0.571,0.676,-0.032,0.573,0.861,0.394,0.616,0.806,0.571,0.765,0.272,0.414,0.399,0.389,-0.067,0.846,0.013,0.75,-0.414,0.34,0.313,0.334,0.746,0.424,0.181,0.709,0.499,0.76,0.816,0.764,0.517,0.553,0.484,0.709,0.43,0.437,-0.003,0.277,0.509,-0.168,0.85,0.145,-0.355,0.547,0.788,-0.095,0.327,0.625,0.14,0.326,0.478,0.476,0.824,0.273,-0.033,-0.108,0.762,0.615,0.631,0.79,0.76,0.732,-0.128,-0.002,0.424,0.885,0.529,0.675,0.687,0.783,0.097,0.525,0.569,0.62,0.484,0.495,0.211,0.788,0.492,0.022,0.129,0.057,0.759,0.761,-0.313,0.687,0.666,0.61,0.705,0.578,0.501,0.763,0.782,-0.063,0.777,0.179,0.829,0.761,-0.113,0.187,0.868,0.763,0.285,0.784,0.825,0.591,-0.121,0.537,0.853,0.809,0.177,0.65,0.761,0.744,0.441,0.884,0.787,0.783,0.913,0.735,0.306,0.217,0.747,0.423,0.794,0.626,0.131,-0.327,0.461,0.769,-0.24,0.569,0.272,0.541,0.391,0.687,0.512,0.331,-0.29,0.66,-0.396,0.134,0.536,0.528,0.342,0.604,0.431,0.793,0.474,0.74,0.476,0.663,0.557
AGNCM,-0.698,-0.2,-0.122,-0.706,0.66,0.485,0.56,0.0,0.709,0.33,0.756,0.524,0.537,0.192,-0.722,-0.595,0.754,-0.381,-0.45,0.032,0.857,-0.46,0.483,0.311,0.753,-0.612,0.849,-0.442,0.58,0.437,0.63,-0.554,-0.102,-0.648,-0.125,0.566,0.471,-0.519,0.066,-0.586,0.438,0.878,-0.162,-0.415,-0.334,-0.793,0.685,0.033,0.08,-0.676,0.468,0.711,0.263,0.843,0.766,0.025,0.593,-0.256,-0.093,-0.251,-0.341,-0.646,0.798,-0.627,0.813,-0.871,0.048,-0.33,-0.248,0.601,-0.254,-0.208,0.543,-0.007,0.738,0.748,0.77,-0.076,0.127,-0.18,0.499,-0.026,-0.034,-0.631,-0.451,0.863,-0.683,0.757,-0.393,-0.401,0.71,0.456,-0.577,-0.344,0.92,-0.506,-0.043,-0.189,0.795,0.789,-0.228,-0.735,-0.632,0.241,0.084,0.841,0.561,0.621,0.243,-0.729,-0.612,-0.177,0.678,-0.077,0.613,0.39,0.261,-0.397,0.81,0.099,0.928,-0.092,0.086,-0.421,0.379,-0.138,-0.61,-0.347,-0.572,0.598,0.65,-0.528,0.128,0.726,0.173,0.27,0.727,0.371,0.585,0.776,0.233,0.666,-0.417,0.796,0.895,-0.416,-0.522,0.747,0.274,0.27,0.476,0.542,0.869,-0.305,-0.018,0.761,0.842,-0.009,0.239,0.635,0.699,-0.186,0.616,0.847,0.732,0.675,0.539,-0.413,0.197,0.66,0.672,0.341,0.906,-0.47,-0.799,0.173,0.726,-0.785,0.428,-0.417,0.803,-0.308,0.332,-0.129,-0.388,-0.822,0.394,-0.878,-0.46,0.873,0.246,0.773,0.638,-0.145,0.738,-0.18,0.364,-0.175,0.46,0.486
AHCO,-0.388,0.322,0.335,-0.506,0.858,0.425,0.779,0.709,0.0,0.645,0.757,0.758,0.6,0.57,-0.265,-0.155,0.855,0.107,-0.05,0.344,0.821,0.012,0.575,0.618,0.8,-0.275,0.503,-0.14,0.743,0.674,0.788,-0.039,0.269,-0.187,0.15,0.86,0.639,-0.133,0.444,-0.209,0.72,0.879,0.229,0.131,0.238,-0.562,0.758,0.406,0.571,-0.312,0.563,0.938,0.168,0.876,0.889,0.44,0.773,0.159,0.158,0.254,0.182,-0.273,0.878,-0.123,0.742,-0.653,0.139,0.165,0.171,0.698,0.287,-0.059,0.758,0.209,0.834,0.779,0.866,0.313,0.546,0.299,0.633,0.41,0.386,-0.092,0.035,0.706,-0.388,0.829,-0.23,-0.32,0.56,0.835,-0.328,0.179,0.777,-0.035,0.118,0.352,0.641,0.862,0.13,-0.358,-0.291,0.674,0.49,0.8,0.855,0.863,0.525,-0.393,-0.225,0.199,0.82,0.447,0.828,0.708,0.641,-0.044,0.615,0.522,0.723,0.352,0.472,0.003,0.667,0.347,-0.179,-0.101,-0.187,0.778,0.831,-0.42,0.581,0.785,0.593,0.608,0.618,0.55,0.899,0.842,-0.114,0.838,-0.111,0.885,0.873,-0.417,-0.059,0.85,0.66,0.274,0.814,0.736,0.745,-0.24,0.491,0.893,0.777,-0.209,0.343,0.899,0.794,0.278,0.741,0.82,0.774,0.822,0.673,0.174,0.269,0.732,0.458,0.684,0.711,-0.106,-0.5,0.292,0.763,-0.448,0.489,0.116,0.547,0.253,0.512,0.28,0.067,-0.395,0.788,-0.639,-0.04,0.683,0.558,0.558,0.56,0.304,0.884,0.314,0.635,0.387,0.767,0.409
ALGT,0.113,0.692,0.732,0.071,0.727,0.527,0.78,0.33,0.645,0.0,0.698,0.66,0.611,0.47,0.222,0.255,0.731,0.57,0.491,0.62,0.421,0.486,0.382,0.545,0.724,0.301,0.257,0.131,0.786,0.741,0.595,0.436,0.493,0.357,0.345,0.82,0.739,0.361,0.817,0.313,0.772,0.555,0.479,0.52,0.56,-0.16,0.375,0.589,0.816,0.191,0.391,0.702,0.43,0.376,0.666,0.763,0.657,0.41,0.472,0.67,0.607,0.235,0.653,0.235,0.546,-0.098,0.445,0.556,0.561,0.647,0.662,0.227,0.612,0.543,0.69,0.607,0.61,0.639,0.664,0.648,0.534,0.618,0.626,0.249,0.515,0.255,0.097,0.692,0.298,-0.163,0.293,0.765,0.135,0.588,0.352,0.442,0.438,0.622,0.192,0.648,0.56,0.19,0.176,0.787,0.728,0.405,0.748,0.67,0.805,0.151,0.201,0.63,0.75,0.622,0.581,0.687,0.723,0.43,0.315,0.719,0.362,0.587,0.667,0.504,0.838,0.634,0.362,0.328,0.292,0.638,0.673,-0.03,0.701,0.603,0.77,0.547,0.461,0.583,0.588,0.657,-0.217,0.689,0.432,0.693,0.526,-0.025,0.415,0.763,0.835,0.443,0.805,0.755,0.313,0.117,0.706,0.723,0.569,0.194,0.516,0.682,0.559,0.536,0.724,0.611,0.602,0.774,0.61,0.457,0.375,0.56,0.282,0.843,0.353,0.311,-0.054,0.445,0.628,0.045,0.515,0.51,0.365,0.649,0.516,0.669,0.535,0.05,0.704,-0.152,0.415,0.252,0.649,0.134,0.558,0.545,0.65,0.662,0.805,0.668,0.577,0.53
ALLO,-0.295,0.279,0.399,-0.368,0.865,0.696,0.847,0.756,0.757,0.698,0.0,0.623,0.819,0.361,-0.322,-0.236,0.879,0.094,0.091,0.398,0.753,0.003,0.388,0.469,0.907,-0.118,0.718,-0.142,0.852,0.76,0.603,-0.098,0.413,-0.139,0.028,0.812,0.809,-0.078,0.516,-0.112,0.723,0.848,0.04,0.083,0.06,-0.474,0.666,0.385,0.46,-0.251,0.462,0.85,0.5,0.706,0.826,0.471,0.668,0.028,0.205,0.184,0.143,-0.298,0.859,-0.215,0.804,-0.52,0.319,0.132,0.15,0.689,0.236,0.102,0.661,0.433,0.785,0.757,0.805,0.312,0.335,0.323,0.599,0.274,0.281,-0.293,-0.003,0.69,-0.22,0.887,0.012,-0.261,0.653,0.706,-0.181,0.099,0.7,-0.04,0.201,0.196,0.634,0.815,0.14,-0.251,-0.215,0.593,0.501,0.678,0.722,0.792,0.702,-0.313,-0.211,0.24,0.808,0.365,0.711,0.648,0.636,0.014,0.69,0.373,0.742,0.188,0.337,0.042,0.691,0.26,-0.161,0.099,-0.222,0.738,0.699,-0.422,0.5,0.734,0.492,0.506,0.682,0.408,0.673,0.818,0.182,0.763,-0.018,0.853,0.854,-0.163,-0.03,0.943,0.624,0.349,0.698,0.792,0.681,-0.21,0.389,0.9,0.907,0.106,0.539,0.776,0.753,0.148,0.857,0.833,0.795,0.854,0.722,-0.012,0.221,0.719,0.637,0.673,0.798,-0.106,-0.549,0.372,0.865,-0.477,0.461,0.057,0.706,0.124,0.568,0.332,0.118,-0.529,0.614,-0.605,-0.002,0.713,0.402,0.477,0.735,0.243,0.783,0.295,0.723,0.248,0.596,0.668
AMSF,-0.11,0.568,0.432,-0.162,0.72,0.381,0.759,0.524,0.758,0.66,0.623,0.0,0.684,0.575,0.102,0.249,0.678,0.325,0.095,0.365,0.639,0.243,0.245,0.816,0.68,-0.065,0.277,0.117,0.524,0.502,0.735,0.293,0.155,0.107,0.463,0.809,0.571,0.215,0.459,0.05,0.652,0.689,0.585,0.246,0.436,-0.328,0.722,0.744,0.701,-0.027,0.783,0.772,0.259,0.575,0.727,0.416,0.866,0.557,0.227,0.435,0.452,0.132,0.768,0.159,0.582,-0.46,0.119,0.388,0.36,0.789,0.416,0.028,0.884,0.092,0.79,0.77,0.789,0.459,0.582,0.283,0.89,0.496,0.461,0.214,0.238,0.382,-0.361,0.713,-0.131,-0.477,0.228,0.777,-0.013,0.457,0.61,0.24,0.506,0.599,0.268,0.801,0.211,-0.142,-0.19,0.741,0.412,0.725,0.852,0.587,0.448,-0.167,-0.049,0.413,0.891,0.631,0.615,0.542,0.667,0.183,0.364,0.758,0.572,0.71,0.606,0.122,0.758,0.459,0.116,-0.176,0.131,0.85,0.904,0.003,0.654,0.634,0.667,0.435,0.483,0.57,0.744,0.613,-0.23,0.848,0.198,0.777,0.656,-0.366,0.164,0.768,0.66,0.061,0.832,0.632,0.41,0.054,0.609,0.737,0.587,-0.001,0.488,0.637,0.668,0.582,0.622,0.678,0.528,0.833,0.799,0.436,0.405,0.853,0.215,0.766,0.569,0.351,-0.188,0.346,0.554,-0.09,0.547,0.327,0.497,0.472,0.366,0.356,0.293,-0.095,0.616,-0.276,0.08,0.47,0.73,0.295,0.34,0.429,0.76,0.36,0.735,0.585,0.651,0.256
ANAB,-0.191,0.359,0.389,-0.216,0.736,0.736,0.758,0.537,0.6,0.611,0.819,0.684,0.0,0.419,-0.044,0.06,0.659,0.208,0.163,0.292,0.589,0.158,0.178,0.587,0.735,0.058,0.563,0.043,0.688,0.656,0.595,0.104,0.396,0.034,0.049,0.674,0.695,0.048,0.436,0.046,0.627,0.645,0.216,0.154,0.185,-0.227,0.65,0.496,0.496,-0.109,0.636,0.689,0.452,0.565,0.649,0.383,0.614,0.156,0.125,0.217,0.287,-0.027,0.725,0.023,0.68,-0.304,0.218,0.197,0.15,0.585,0.276,0.345,0.645,0.351,0.628,0.744,0.683,0.251,0.29,0.261,0.677,0.184,0.179,-0.062,0.145,0.527,-0.14,0.718,-0.001,-0.134,0.505,0.588,0.115,0.217,0.543,0.113,0.305,0.277,0.474,0.67,0.176,-0.05,0.006,0.622,0.399,0.526,0.631,0.668,0.695,-0.111,-0.124,0.218,0.759,0.538,0.626,0.601,0.692,0.095,0.529,0.405,0.625,0.324,0.325,0.085,0.588,0.279,0.014,0.129,-0.096,0.689,0.584,-0.25,0.443,0.472,0.471,0.394,0.634,0.337,0.63,0.661,0.235,0.647,0.102,0.687,0.712,-0.031,0.057,0.805,0.552,0.153,0.664,0.714,0.437,-0.093,0.407,0.755,0.757,0.248,0.716,0.628,0.774,0.422,0.697,0.69,0.559,0.733,0.782,0.172,0.238,0.671,0.615,0.608,0.66,0.063,-0.348,0.262,0.691,-0.304,0.418,0.184,0.537,0.19,0.44,0.416,0.293,-0.333,0.466,-0.341,0.072,0.547,0.348,0.323,0.57,0.248,0.593,0.383,0.685,0.356,0.491,0.505
ANDE,-0.063,0.397,0.299,-0.305,0.52,0.234,0.526,0.192,0.57,0.47,0.361,0.575,0.419,0.0,0.129,0.187,0.384,0.245,0.219,0.444,0.258,0.174,0.331,0.554,0.267,0.12,-0.028,0.271,0.351,0.371,0.401,0.192,0.352,0.087,-0.04,0.461,0.531,0.104,0.336,0.042,0.382,0.352,0.253,0.262,0.252,0.117,0.528,0.443,0.511,-0.07,0.441,0.516,-0.123,0.52,0.416,0.314,0.367,0.275,0.072,0.361,0.256,0.048,0.48,0.077,0.22,-0.106,0.043,0.274,0.097,0.195,0.285,0.218,0.549,0.142,0.311,0.554,0.477,0.224,0.207,0.337,0.429,0.158,0.143,0.242,0.32,0.385,0.019,0.459,-0.085,0.179,0.307,0.567,0.216,0.251,0.229,0.103,0.103,0.365,0.356,0.387,0.118,0.068,0.321,0.462,0.279,0.296,0.575,0.552,0.424,-0.09,-0.016,0.098,0.483,0.604,0.677,0.462,0.509,0.006,0.253,0.396,0.245,0.372,0.234,0.097,0.377,0.233,0.14,0.081,-0.066,0.502,0.422,-0.273,0.463,0.198,0.27,0.437,0.453,0.08,0.714,0.41,0.076,0.389,0.1,0.478,0.413,0.011,0.11,0.424,0.368,-0.231,0.478,0.55,0.346,-0.3,0.343,0.408,0.42,-0.217,0.18,0.652,0.637,0.467,0.474,0.354,0.442,0.406,0.514,0.391,-0.104,0.352,0.337,0.371,0.284,0.11,-0.181,0.012,0.318,-0.128,-0.009,0.208,0.146,0.347,0.273,0.289,0.231,0.014,0.427,-0.16,0.096,0.16,0.234,0.229,0.135,0.197,0.415,0.441,0.428,0.417,0.341,0.112
APLS,0.813,0.736,0.599,0.826,-0.206,-0.165,-0.053,-0.722,-0.265,0.222,-0.322,0.102,-0.044,0.129,0.0,0.917,-0.304,0.769,0.701,0.275,-0.55,0.823,-0.325,0.211,-0.287,0.797,-0.738,0.653,-0.172,-0.021,-0.154,0.929,0.293,0.926,0.54,0.013,-0.055,0.811,0.411,0.848,0.038,-0.5,0.668,0.758,0.799,0.689,-0.321,0.515,0.489,0.829,0.007,-0.224,0.046,-0.587,-0.344,0.408,-0.058,0.706,0.329,0.733,0.837,0.929,-0.36,0.915,-0.49,0.736,0.12,0.737,0.667,-0.078,0.71,0.331,0.001,0.177,-0.246,-0.332,-0.301,0.473,0.376,0.523,0.026,0.481,0.476,0.934,0.756,-0.761,0.634,-0.335,0.453,0.187,-0.66,0.088,0.659,0.836,-0.656,0.896,0.482,0.718,-0.757,-0.316,0.565,0.831,0.66,0.323,0.321,-0.483,0.004,-0.213,0.184,0.795,0.724,0.621,-0.123,0.583,-0.204,0.035,0.269,0.72,-0.684,0.519,-0.662,0.648,0.455,0.716,0.215,0.594,0.888,0.396,0.847,-0.092,-0.069,0.686,0.368,-0.325,0.408,-0.015,-0.428,0.061,-0.146,-0.41,-0.472,-0.121,0.75,-0.328,-0.547,0.253,0.832,-0.221,0.285,-0.113,0.138,-0.125,-0.744,0.503,0.571,-0.279,-0.512,0.106,0.129,-0.245,-0.329,0.66,-0.207,-0.449,-0.454,-0.124,-0.044,0.817,0.187,-0.169,-0.57,0.271,-0.65,0.831,0.848,0.08,-0.379,0.867,-0.013,0.827,-0.552,0.783,-0.125,0.537,0.801,0.918,0.102,0.831,0.705,-0.703,0.319,-0.686,-0.391,0.524,-0.284,0.567,0.196,0.725,-0.04,-0.277
APPF,0.799,0.748,0.607,0.769,-0.035,0.0,0.07,-0.595,-0.155,0.255,-0.236,0.249,0.06,0.187,0.917,0.0,-0.175,0.851,0.682,0.285,-0.384,0.752,-0.392,0.271,-0.185,0.77,-0.599,0.529,-0.065,0.118,-0.011,0.886,0.292,0.893,0.538,0.124,0.041,0.8,0.405,0.885,0.215,-0.431,0.622,0.77,0.811,0.574,-0.237,0.501,0.589,0.84,0.142,-0.157,0.16,-0.481,-0.25,0.405,0.076,0.67,0.495,0.707,0.815,0.938,-0.218,0.887,-0.312,0.617,0.171,0.701,0.708,0.102,0.712,0.439,0.044,0.23,-0.149,-0.113,-0.242,0.463,0.401,0.518,0.091,0.518,0.525,0.871,0.78,-0.666,0.516,-0.257,0.468,0.122,-0.579,0.145,0.506,0.812,-0.488,0.838,0.495,0.766,-0.654,-0.234,0.648,0.816,0.577,0.451,0.355,-0.383,0.068,-0.188,0.267,0.791,0.744,0.646,0.025,0.604,-0.106,0.178,0.424,0.644,-0.543,0.579,-0.498,0.786,0.45,0.709,0.329,0.691,0.807,0.375,0.877,-0.057,0.064,0.666,0.452,-0.269,0.402,0.074,-0.303,0.17,-0.042,-0.253,-0.47,-0.058,0.793,-0.224,-0.407,0.308,0.823,-0.104,0.39,-0.088,0.276,-0.052,-0.65,0.527,0.577,-0.177,-0.41,0.236,0.267,-0.186,-0.211,0.757,-0.059,-0.309,-0.334,0.001,0.022,0.815,0.227,-0.091,-0.505,0.342,-0.579,0.814,0.822,0.092,-0.24,0.805,0.199,0.823,-0.413,0.767,-0.096,0.572,0.865,0.846,0.115,0.772,0.656,-0.613,0.398,-0.678,-0.268,0.52,-0.223,0.605,0.184,0.688,0.072,-0.166
ASML,-0.3,0.364,0.482,-0.363,0.899,0.556,0.851,0.754,0.855,0.731,0.879,0.678,0.659,0.384,-0.304,-0.175,0.0,0.21,0.115,0.48,0.795,0.072,0.561,0.5,0.931,-0.154,0.664,-0.263,0.892,0.802,0.775,-0.055,0.355,-0.133,0.202,0.914,0.763,-0.035,0.622,-0.093,0.864,0.875,0.158,0.171,0.21,-0.6,0.616,0.348,0.594,-0.196,0.412,0.904,0.478,0.728,0.922,0.606,0.768,0.103,0.389,0.3,0.201,-0.242,0.9,-0.164,0.875,-0.596,0.4,0.219,0.308,0.833,0.342,-0.038,0.652,0.421,0.892,0.787,0.824,0.441,0.521,0.436,0.575,0.483,0.494,-0.213,0.09,0.645,-0.275,0.889,0.074,-0.381,0.581,0.824,-0.382,0.194,0.754,0.019,0.259,0.333,0.572,0.877,0.326,-0.279,-0.297,0.721,0.639,0.727,0.804,0.826,0.671,-0.268,-0.12,0.364,0.866,0.303,0.752,0.77,0.655,0.08,0.671,0.549,0.764,0.32,0.499,0.12,0.816,0.449,-0.133,0.061,-0.094,0.73,0.808,-0.342,0.617,0.886,0.586,0.611,0.647,0.628,0.712,0.931,-0.088,0.839,0.037,0.911,0.856,-0.225,0.042,0.929,0.766,0.536,0.808,0.821,0.706,-0.129,0.516,0.936,0.825,0.037,0.518,0.841,0.712,0.245,0.885,0.896,0.875,0.921,0.639,0.081,0.32,0.698,0.486,0.771,0.716,-0.083,-0.48,0.458,0.874,-0.411,0.637,0.162,0.676,0.261,0.58,0.437,0.135,-0.425,0.759,-0.604,0.079,0.666,0.61,0.459,0.743,0.364,0.874,0.378,0.708,0.327,0.725,0.71
ATRC,0.731,0.87,0.872,0.685,0.286,0.207,0.361,-0.381,0.107,0.57,0.094,0.325,0.208,0.245,0.769,0.851,0.21,0.0,0.839,0.574,-0.154,0.846,-0.134,0.334,0.176,0.767,-0.328,0.339,0.357,0.476,0.212,0.845,0.561,0.885,0.579,0.44,0.392,0.842,0.728,0.877,0.569,-0.146,0.582,0.898,0.882,0.371,-0.168,0.515,0.798,0.839,0.065,0.143,0.375,-0.282,0.071,0.751,0.27,0.628,0.75,0.847,0.878,0.82,0.084,0.817,0.013,0.498,0.441,0.841,0.882,0.361,0.892,0.389,0.154,0.567,0.16,0.078,0.0,0.697,0.573,0.812,0.149,0.75,0.777,0.735,0.899,-0.452,0.58,0.071,0.66,0.056,-0.33,0.437,0.377,0.873,-0.289,0.863,0.577,0.856,-0.445,0.025,0.858,0.79,0.551,0.715,0.718,-0.232,0.314,0.162,0.597,0.776,0.787,0.853,0.274,0.658,0.112,0.516,0.633,0.741,-0.313,0.737,-0.282,0.791,0.635,0.857,0.634,0.895,0.799,0.587,0.836,0.139,0.258,0.477,0.686,0.085,0.6,0.389,-0.129,0.402,0.134,0.127,-0.5,0.2,0.85,0.095,-0.135,0.343,0.898,0.212,0.717,0.27,0.541,0.292,-0.393,0.465,0.778,0.138,-0.126,0.271,0.455,0.146,-0.001,0.807,0.302,-0.007,0.035,0.306,0.175,0.823,0.292,0.053,-0.326,0.638,-0.381,0.73,0.631,0.299,0.14,0.684,0.389,0.916,-0.194,0.885,0.218,0.837,0.915,0.71,0.42,0.576,0.827,-0.435,0.558,-0.588,0.08,0.73,0.069,0.843,0.45,0.772,0.326,0.227
AVGO,0.791,0.755,0.839,0.64,0.175,0.206,0.265,-0.45,-0.05,0.491,0.091,0.095,0.163,0.219,0.701,0.682,0.115,0.839,0.0,0.673,-0.394,0.826,-0.197,0.156,0.126,0.866,-0.357,0.243,0.289,0.33,-0.068,0.751,0.738,0.834,0.371,0.298,0.481,0.841,0.742,0.838,0.472,-0.237,0.314,0.775,0.667,0.605,-0.262,0.414,0.652,0.835,-0.251,0.041,0.486,-0.393,0.021,0.783,0.058,0.483,0.7,0.798,0.76,0.716,0.003,0.685,-0.101,0.673,0.69,0.818,0.715,0.145,0.817,0.416,0.013,0.705,0.001,-0.069,-0.1,0.712,0.312,0.892,-0.009,0.594,0.643,0.564,0.835,-0.427,0.804,0.069,0.843,0.214,-0.309,0.324,0.519,0.741,-0.489,0.8,0.488,0.643,-0.48,-0.117,0.784,0.817,0.727,0.512,0.735,-0.425,0.095,0.132,0.646,0.784,0.841,0.792,0.125,0.545,0.007,0.35,0.413,0.778,-0.243,0.521,-0.436,0.493,0.339,0.724,0.522,0.711,0.861,0.779,0.679,0.018,0.004,0.42,0.632,-0.029,0.368,0.337,-0.049,0.022,-0.067,0.006,-0.153,0.053,0.868,0.003,-0.234,0.587,0.905,0.122,0.529,0.109,0.277,0.359,-0.457,0.287,0.663,0.043,-0.123,0.163,0.407,0.089,-0.091,0.598,0.326,-0.159,0.058,0.173,0.141,0.7,0.015,-0.121,-0.284,0.475,-0.398,0.668,0.497,0.417,0.05,0.696,0.027,0.82,-0.141,0.764,0.168,0.794,0.791,0.657,0.24,0.635,0.847,-0.442,0.292,-0.665,-0.021,0.669,-0.057,0.835,0.437,0.636,0.037,0.396
AVT,0.317,0.621,0.718,0.158,0.434,0.145,0.512,0.032,0.344,0.62,0.398,0.365,0.292,0.444,0.275,0.285,0.48,0.574,0.673,0.0,0.074,0.563,0.263,0.419,0.467,0.424,-0.005,0.077,0.506,0.436,0.292,0.444,0.627,0.425,0.329,0.568,0.718,0.56,0.784,0.379,0.588,0.273,0.323,0.49,0.444,0.198,0.138,0.485,0.635,0.375,-0.032,0.442,0.322,0.08,0.462,0.769,0.44,0.515,0.577,0.671,0.526,0.314,0.436,0.278,0.221,0.167,0.584,0.676,0.555,0.423,0.609,0.081,0.447,0.544,0.442,0.315,0.405,0.766,0.393,0.771,0.3,0.576,0.613,0.249,0.609,0.042,0.424,0.541,0.565,-0.059,0.119,0.634,0.287,0.529,0.006,0.458,0.54,0.531,-0.056,0.332,0.477,0.293,0.357,0.582,0.755,0.113,0.454,0.49,0.632,0.246,0.397,0.667,0.492,0.453,0.316,0.44,0.372,0.535,0.097,0.581,0.0,0.407,0.406,0.396,0.66,0.564,0.496,0.424,0.274,0.46,0.383,0.048,0.714,0.413,0.405,0.577,0.195,0.156,0.283,0.411,-0.126,0.473,0.513,0.467,0.205,0.211,0.549,0.451,0.619,0.135,0.484,0.649,0.092,0.024,0.613,0.397,0.302,0.02,0.343,0.508,0.313,0.495,0.59,0.305,0.488,0.529,0.49,0.482,-0.002,0.262,-0.008,0.619,0.104,0.404,-0.035,0.574,0.319,0.276,0.14,0.541,0.252,0.628,0.461,0.727,0.403,0.238,0.472,0.124,0.557,0.012,0.487,-0.192,0.171,0.602,0.459,0.711,0.662,0.528,0.34,0.517
AXDX,-0.608,-0.002,0.025,-0.605,0.769,0.408,0.707,0.857,0.821,0.421,0.753,0.639,0.589,0.258,-0.55,-0.384,0.795,-0.154,-0.394,0.074,0.0,-0.306,0.479,0.466,0.787,-0.546,0.741,-0.288,0.664,0.613,0.735,-0.313,0.015,-0.451,0.018,0.687,0.445,-0.385,0.165,-0.443,0.553,0.902,0.042,-0.136,-0.068,-0.828,0.749,0.212,0.255,-0.525,0.629,0.82,0.148,0.858,0.805,0.119,0.741,-0.058,0.011,-0.114,-0.108,-0.504,0.841,-0.386,0.819,-0.871,-0.081,-0.185,-0.048,0.712,-0.053,-0.166,0.646,0.042,0.81,0.799,0.823,0.058,0.38,-0.071,0.624,0.158,0.133,-0.39,-0.254,0.762,-0.653,0.774,-0.376,-0.52,0.685,0.598,-0.535,-0.145,0.957,-0.347,-0.007,0.064,0.765,0.872,-0.147,-0.586,-0.643,0.454,0.21,0.909,0.716,0.674,0.305,-0.618,-0.498,-0.042,0.771,0.139,0.657,0.527,0.489,-0.309,0.66,0.253,0.903,0.158,0.32,-0.206,0.47,0.105,-0.515,-0.374,-0.352,0.704,0.766,-0.534,0.295,0.76,0.407,0.5,0.542,0.574,0.759,0.818,-0.052,0.758,-0.359,0.828,0.917,-0.539,-0.371,0.791,0.475,0.346,0.654,0.532,0.864,-0.209,0.167,0.831,0.834,0.005,0.324,0.714,0.747,0.031,0.645,0.896,0.738,0.771,0.577,-0.166,0.324,0.777,0.534,0.501,0.837,-0.331,-0.641,0.185,0.786,-0.676,0.62,-0.209,0.634,-0.092,0.562,0.025,-0.193,-0.683,0.571,-0.814,-0.358,0.826,0.406,0.698,0.657,0.048,0.836,-0.026,0.438,0.037,0.743,0.337
AXSM,0.708,0.834,0.838,0.732,0.092,0.013,0.175,-0.46,0.012,0.486,0.003,0.243,0.158,0.174,0.823,0.752,0.072,0.846,0.826,0.563,-0.306,0.0,-0.05,0.372,0.102,0.718,-0.462,0.476,0.204,0.259,0.13,0.873,0.514,0.87,0.68,0.345,0.336,0.888,0.685,0.785,0.366,-0.168,0.674,0.841,0.869,0.466,-0.218,0.585,0.675,0.813,-0.07,0.093,0.299,-0.363,0.011,0.757,0.184,0.723,0.496,0.87,0.892,0.814,-0.014,0.851,-0.165,0.572,0.383,0.93,0.843,0.238,0.88,0.18,0.189,0.453,0.135,-0.136,0.026,0.721,0.523,0.799,0.168,0.748,0.755,0.791,0.856,-0.513,0.697,0.029,0.597,0.041,-0.483,0.446,0.57,0.889,-0.433,0.924,0.656,0.794,-0.563,-0.023,0.732,0.729,0.57,0.582,0.687,-0.283,0.293,0.143,0.487,0.713,0.75,0.833,0.149,0.65,0.03,0.325,0.42,0.91,-0.454,0.723,-0.404,0.632,0.649,0.786,0.527,0.767,0.93,0.542,0.755,0.193,0.175,0.547,0.617,0.096,0.619,0.28,-0.24,0.268,0.014,-0.026,-0.458,0.222,0.818,0.057,-0.253,0.243,0.896,0.121,0.601,0.187,0.424,0.223,-0.497,0.447,0.819,0.038,-0.217,0.024,0.32,0.121,-0.092,0.74,0.134,-0.112,-0.042,0.181,0.201,0.831,0.293,0.047,-0.447,0.594,-0.398,0.789,0.582,0.292,-0.011,0.746,0.112,0.922,-0.25,0.893,0.177,0.789,0.789,0.781,0.429,0.643,0.86,-0.455,0.518,-0.628,-0.101,0.785,0.046,0.793,0.538,0.802,0.254,0.121
AZN,-0.503,0.044,0.12,-0.423,0.375,0.056,0.305,0.483,0.575,0.382,0.388,0.245,0.178,0.331,-0.325,-0.392,0.561,-0.134,-0.197,0.263,0.479,-0.05,0.0,0.183,0.412,-0.31,0.307,-0.007,0.458,0.404,0.608,-0.213,-0.058,-0.32,0.036,0.442,0.278,-0.304,0.309,-0.356,0.291,0.575,0.126,-0.023,0.045,-0.504,0.282,-0.013,0.184,-0.442,0.119,0.542,-0.136,0.587,0.533,0.269,0.294,-0.04,-0.113,0.119,-0.067,-0.37,0.44,-0.281,0.405,-0.465,-0.03,-0.018,0.019,0.274,0.024,-0.312,0.339,-0.003,0.532,0.361,0.539,0.06,0.413,0.129,0.161,0.21,0.2,-0.115,-0.055,0.48,-0.187,0.462,-0.215,-0.069,0.41,0.504,-0.312,-0.047,0.468,-0.158,-0.077,0.009,0.493,0.503,0.063,-0.411,-0.236,0.244,0.248,0.493,0.548,0.576,0.223,-0.42,-0.362,-0.022,0.335,0.006,0.632,0.394,0.199,-0.089,0.354,0.238,0.479,-0.049,0.396,-0.026,0.304,0.097,-0.232,-0.177,-0.273,0.398,0.39,-0.443,0.14,0.604,0.341,0.322,0.369,0.426,0.511,0.584,-0.18,0.474,-0.253,0.549,0.495,-0.37,-0.258,0.439,0.352,0.442,0.402,0.394,0.588,-0.224,0.183,0.484,0.454,-0.275,-0.126,0.696,0.446,-0.018,0.338,0.549,0.566,0.38,0.185,-0.104,0.189,0.263,0.371,0.31,0.41,-0.37,-0.421,0.018,0.408,-0.48,0.216,-0.077,0.167,0.075,0.294,0.13,-0.185,-0.3,0.656,-0.558,-0.131,0.373,0.33,0.541,0.39,0.055,0.577,0.102,0.301,0.116,0.456,0.194
BANR,-0.001,0.584,0.451,-0.07,0.534,0.168,0.628,0.311,0.618,0.545,0.469,0.816,0.587,0.554,0.211,0.271,0.5,0.334,0.156,0.419,0.466,0.372,0.183,0.0,0.538,-0.028,0.084,0.255,0.391,0.374,0.602,0.364,0.206,0.182,0.463,0.691,0.506,0.295,0.417,0.09,0.477,0.562,0.61,0.281,0.464,-0.131,0.616,0.781,0.573,0.038,0.636,0.662,0.112,0.431,0.588,0.423,0.745,0.65,0.106,0.453,0.491,0.186,0.614,0.26,0.342,-0.302,-0.005,0.488,0.364,0.599,0.414,-0.003,0.859,0.015,0.681,0.571,0.72,0.492,0.514,0.322,0.828,0.473,0.426,0.311,0.3,0.246,-0.17,0.622,-0.114,-0.388,0.124,0.751,0.169,0.484,0.413,0.324,0.572,0.567,0.152,0.668,0.123,-0.064,-0.079,0.67,0.427,0.582,0.752,0.554,0.386,-0.112,-0.008,0.391,0.719,0.636,0.498,0.418,0.542,0.299,0.119,0.687,0.364,0.59,0.574,0.131,0.627,0.39,0.218,-0.161,0.111,0.813,0.734,0.018,0.598,0.513,0.653,0.4,0.252,0.406,0.635,0.429,-0.229,0.757,0.146,0.648,0.477,-0.371,0.233,0.609,0.553,-0.063,0.713,0.548,0.251,0.037,0.63,0.595,0.433,-0.128,0.394,0.562,0.593,0.622,0.468,0.515,0.398,0.683,0.805,0.538,0.295,0.769,0.1,0.705,0.456,0.439,-0.146,0.364,0.363,0.029,0.311,0.397,0.32,0.502,0.389,0.402,0.261,0.022,0.577,-0.134,0.18,0.355,0.663,0.138,0.148,0.481,0.676,0.395,0.732,0.629,0.589,0.109
BBIO,-0.262,0.331,0.469,-0.314,0.875,0.593,0.84,0.753,0.8,0.724,0.907,0.68,0.735,0.267,-0.287,-0.185,0.931,0.176,0.126,0.467,0.787,0.102,0.412,0.538,0.0,-0.155,0.696,-0.296,0.87,0.741,0.702,-0.016,0.417,-0.101,0.21,0.872,0.79,0.028,0.61,-0.097,0.825,0.887,0.159,0.132,0.178,-0.561,0.651,0.422,0.566,-0.162,0.42,0.893,0.576,0.673,0.929,0.594,0.817,0.147,0.369,0.277,0.238,-0.206,0.926,-0.136,0.862,-0.556,0.431,0.237,0.266,0.845,0.336,0.002,0.688,0.455,0.91,0.769,0.857,0.478,0.499,0.4,0.651,0.452,0.457,-0.26,0.082,0.629,-0.251,0.928,0.104,-0.473,0.572,0.778,-0.26,0.19,0.751,0.04,0.311,0.301,0.529,0.881,0.244,-0.287,-0.314,0.682,0.645,0.743,0.752,0.811,0.693,-0.293,-0.113,0.394,0.896,0.337,0.624,0.689,0.604,0.152,0.661,0.502,0.739,0.288,0.431,0.069,0.787,0.402,-0.092,0.058,-0.11,0.783,0.792,-0.297,0.624,0.863,0.586,0.623,0.622,0.542,0.643,0.88,0.014,0.866,0.07,0.909,0.866,-0.217,0.062,0.937,0.736,0.466,0.778,0.831,0.664,-0.084,0.516,0.944,0.86,0.102,0.606,0.775,0.719,0.24,0.873,0.881,0.836,0.926,0.757,0.077,0.334,0.776,0.464,0.766,0.767,-0.017,-0.527,0.575,0.87,-0.361,0.592,0.162,0.746,0.242,0.63,0.452,0.111,-0.459,0.684,-0.568,0.065,0.729,0.566,0.408,0.706,0.395,0.872,0.365,0.768,0.317,0.7,0.732
BCYC,0.849,0.618,0.655,0.741,-0.039,0.156,0.046,-0.612,-0.275,0.301,-0.118,-0.065,0.058,0.12,0.797,0.77,-0.154,0.767,0.866,0.424,-0.546,0.718,-0.31,-0.028,-0.155,0.0,-0.5,0.427,0.075,0.199,-0.229,0.753,0.534,0.859,0.246,0.032,0.206,0.72,0.544,0.904,0.206,-0.495,0.283,0.734,0.615,0.705,-0.419,0.28,0.466,0.823,-0.214,-0.201,0.327,-0.543,-0.277,0.511,-0.193,0.378,0.518,0.662,0.693,0.776,-0.286,0.719,-0.317,0.788,0.448,0.628,0.604,-0.087,0.672,0.557,-0.184,0.52,-0.292,-0.24,-0.354,0.419,0.188,0.655,-0.189,0.391,0.435,0.648,0.734,-0.599,0.804,-0.234,0.712,0.439,-0.412,0.032,0.561,0.672,-0.642,0.766,0.303,0.55,-0.565,-0.371,0.694,0.901,0.806,0.278,0.447,-0.595,-0.108,-0.113,0.465,0.846,0.78,0.612,-0.128,0.473,-0.107,0.192,0.341,0.642,-0.398,0.344,-0.585,0.455,0.238,0.741,0.257,0.573,0.819,0.692,0.745,-0.243,-0.192,0.492,0.369,-0.339,0.226,0.061,-0.149,-0.059,-0.201,-0.239,-0.167,-0.227,0.825,-0.286,-0.438,0.618,0.817,-0.101,0.317,0.014,0.096,0.036,-0.633,0.388,0.451,-0.192,-0.333,0.296,0.241,-0.16,-0.266,0.502,0.056,-0.366,-0.234,-0.087,-0.103,0.613,0.038,-0.339,-0.316,0.228,-0.597,0.603,0.707,0.143,-0.161,0.706,-0.009,0.721,-0.396,0.638,-0.037,0.599,0.834,0.738,0.038,0.737,0.741,-0.64,0.133,-0.687,-0.12,0.41,-0.335,0.664,0.176,0.522,-0.143,0.104
BHFAP,-0.651,-0.317,-0.127,-0.598,0.602,0.641,0.472,0.849,0.503,0.257,0.718,0.277,0.563,-0.028,-0.738,-0.599,0.664,-0.328,-0.357,-0.005,0.741,-0.462,0.307,0.084,0.696,-0.5,0.0,-0.525,0.617,0.486,0.492,-0.596,0.025,-0.587,-0.285,0.419,0.449,-0.505,0.045,-0.496,0.434,0.711,-0.344,-0.403,-0.413,-0.709,0.505,-0.174,-0.009,-0.557,0.29,0.529,0.383,0.669,0.624,0.012,0.409,-0.468,0.024,-0.374,-0.401,-0.613,0.669,-0.612,0.833,-0.666,0.166,-0.394,-0.27,0.495,-0.272,-0.014,0.279,0.212,0.565,0.645,0.547,-0.132,-0.05,-0.169,0.288,-0.144,-0.126,-0.737,-0.421,0.791,-0.52,0.621,-0.196,-0.24,0.753,0.243,-0.501,-0.43,0.807,-0.512,-0.122,-0.312,0.761,0.587,-0.141,-0.566,-0.512,0.166,0.096,0.601,0.337,0.517,0.321,-0.522,-0.498,-0.198,0.531,-0.174,0.43,0.396,0.243,-0.391,0.832,-0.092,0.866,-0.245,-0.065,-0.337,0.256,-0.151,-0.603,-0.109,-0.544,0.397,0.41,-0.526,0.009,0.572,0.035,0.236,0.671,0.316,0.373,0.73,0.407,0.445,-0.373,0.614,0.789,-0.137,-0.491,0.638,0.22,0.417,0.326,0.476,0.755,-0.222,-0.138,0.655,0.781,0.259,0.401,0.473,0.587,-0.257,0.568,0.75,0.65,0.546,0.41,-0.514,0.162,0.451,0.734,0.214,0.799,-0.563,-0.726,0.16,0.75,-0.747,0.441,-0.436,0.769,-0.431,0.354,-0.068,-0.318,-0.829,0.202,-0.775,-0.364,0.785,0.033,0.652,0.767,-0.189,0.52,-0.155,0.244,-0.337,0.356,0.624
BKR,0.385,0.424,0.263,0.488,-0.184,-0.153,-0.063,-0.442,-0.14,0.131,-0.142,0.117,0.043,0.271,0.653,0.529,-0.263,0.339,0.243,0.077,-0.288,0.476,-0.007,0.255,-0.296,0.427,-0.525,0.0,-0.167,-0.007,-0.066,0.581,0.012,0.54,0.298,-0.022,-0.095,0.357,0.125,0.458,-0.2,-0.279,0.558,0.484,0.49,0.443,-0.076,0.46,0.192,0.337,0.195,-0.11,-0.262,-0.271,-0.312,0.082,-0.126,0.505,-0.161,0.414,0.502,0.514,-0.313,0.555,-0.467,0.416,-0.319,0.379,0.333,-0.188,0.366,0.201,0.158,-0.147,-0.192,-0.244,-0.112,0.082,0.193,0.148,0.102,0.177,0.145,0.706,0.356,-0.449,0.369,-0.247,-0.05,0.267,-0.415,0.076,0.59,0.513,-0.401,0.525,0.212,0.423,-0.368,-0.189,0.144,0.462,0.406,0.094,-0.025,-0.207,0.146,-0.128,0.002,0.345,0.188,0.182,-0.16,0.538,0.046,-0.052,0.21,0.372,-0.497,0.28,-0.385,0.373,0.401,0.482,0.003,0.221,0.521,0.038,0.451,0.065,-0.015,0.318,0.084,-0.26,0.376,-0.156,-0.272,0.046,0.05,-0.342,-0.301,-0.072,0.292,-0.221,-0.356,-0.08,0.367,-0.126,0.111,-0.167,0.093,-0.243,-0.417,0.348,0.292,-0.183,-0.3,-0.074,-0.159,-0.076,-0.153,0.348,-0.293,-0.295,-0.382,-0.148,-0.013,0.495,0.267,-0.038,-0.27,0.13,-0.338,0.471,0.549,-0.269,-0.278,0.379,-0.123,0.42,-0.462,0.439,-0.052,0.142,0.499,0.546,0.142,0.408,0.303,-0.459,0.183,-0.238,-0.228,0.15,-0.158,0.227,0.161,0.481,0.08,-0.506
BLDP,-0.145,0.382,0.57,-0.198,0.899,0.69,0.829,0.58,0.743,0.786,0.852,0.524,0.688,0.351,-0.172,-0.065,0.892,0.357,0.289,0.506,0.664,0.204,0.458,0.391,0.87,0.075,0.617,-0.167,0.0,0.92,0.657,0.055,0.544,0.05,0.078,0.813,0.815,0.072,0.689,0.099,0.846,0.71,0.119,0.357,0.282,-0.442,0.467,0.284,0.629,-0.028,0.335,0.797,0.523,0.603,0.767,0.662,0.61,0.02,0.458,0.37,0.299,-0.118,0.801,-0.054,0.803,-0.349,0.433,0.275,0.366,0.689,0.455,0.232,0.481,0.648,0.746,0.702,0.681,0.415,0.468,0.541,0.419,0.445,0.472,-0.135,0.278,0.539,-0.007,0.79,0.249,-0.132,0.592,0.73,-0.189,0.243,0.593,0.119,0.183,0.352,0.556,0.699,0.451,-0.01,-0.044,0.72,0.711,0.502,0.717,0.821,0.842,-0.061,0.018,0.4,0.756,0.423,0.7,0.847,0.748,0.152,0.581,0.478,0.633,0.292,0.478,0.354,0.742,0.509,0.002,0.338,0.016,0.601,0.64,-0.368,0.589,0.709,0.582,0.674,0.59,0.597,0.664,0.883,-0.007,0.68,0.176,0.787,0.762,0.037,0.166,0.858,0.819,0.606,0.792,0.782,0.6,-0.056,0.51,0.865,0.775,0.24,0.612,0.798,0.704,0.317,0.875,0.804,0.825,0.813,0.582,0.141,0.3,0.537,0.528,0.739,0.567,-0.093,-0.345,0.359,0.91,-0.329,0.581,0.266,0.522,0.31,0.677,0.574,0.328,-0.319,0.708,-0.454,0.239,0.487,0.45,0.343,0.849,0.391,0.705,0.541,0.685,0.339,0.702,0.724
BLFS,-0.003,0.472,0.61,-0.061,0.867,0.653,0.824,0.437,0.674,0.741,0.76,0.502,0.656,0.371,-0.021,0.118,0.802,0.476,0.33,0.436,0.613,0.259,0.404,0.374,0.741,0.199,0.486,-0.007,0.92,0.0,0.621,0.182,0.539,0.188,0.097,0.776,0.719,0.136,0.69,0.257,0.826,0.563,0.153,0.507,0.4,-0.366,0.384,0.286,0.651,0.09,0.377,0.724,0.443,0.513,0.636,0.632,0.518,0.067,0.506,0.419,0.403,0.011,0.681,0.104,0.695,-0.251,0.335,0.289,0.443,0.629,0.506,0.353,0.401,0.649,0.611,0.651,0.555,0.38,0.557,0.56,0.357,0.469,0.497,0.051,0.378,0.391,0.067,0.631,0.275,-0.057,0.499,0.678,-0.177,0.326,0.5,0.219,0.143,0.443,0.478,0.588,0.523,0.157,0.023,0.736,0.688,0.394,0.688,0.727,0.824,0.066,0.129,0.425,0.663,0.483,0.687,0.845,0.862,0.159,0.427,0.495,0.533,0.411,0.532,0.478,0.708,0.614,0.072,0.354,0.187,0.482,0.571,-0.308,0.584,0.562,0.626,0.682,0.484,0.622,0.67,0.783,-0.135,0.57,0.254,0.663,0.655,0.066,0.261,0.764,0.84,0.585,0.785,0.666,0.489,0.006,0.531,0.762,0.669,0.293,0.586,0.716,0.621,0.407,0.805,0.697,0.712,0.731,0.446,0.265,0.314,0.437,0.426,0.729,0.393,-0.021,-0.136,0.242,0.817,-0.237,0.645,0.366,0.331,0.39,0.651,0.6,0.492,-0.181,0.719,-0.314,0.262,0.341,0.444,0.233,0.779,0.398,0.59,0.579,0.582,0.423,0.712,0.571
BLKB,-0.391,0.339,0.368,-0.309,0.704,0.417,0.604,0.63,0.788,0.595,0.603,0.735,0.595,0.401,-0.154,-0.011,0.775,0.212,-0.068,0.292,0.735,0.13,0.608,0.602,0.702,-0.229,0.492,-0.066,0.657,0.621,0.0,0.026,0.051,-0.124,0.335,0.763,0.505,-0.056,0.412,-0.109,0.687,0.743,0.421,0.159,0.335,-0.592,0.539,0.308,0.567,-0.21,0.573,0.753,0.212,0.701,0.754,0.417,0.746,0.236,0.203,0.281,0.231,-0.063,0.763,-0.01,0.696,-0.569,0.079,0.194,0.29,0.733,0.291,-0.056,0.662,0.081,0.835,0.739,0.782,0.264,0.57,0.239,0.583,0.458,0.437,0.023,0.155,0.516,-0.358,0.672,-0.174,-0.319,0.394,0.734,-0.322,0.239,0.715,0.069,0.279,0.377,0.479,0.772,0.297,-0.293,-0.256,0.678,0.454,0.716,0.795,0.699,0.475,-0.267,-0.186,0.261,0.766,0.359,0.726,0.699,0.606,0.053,0.455,0.624,0.729,0.449,0.623,0.104,0.676,0.422,-0.097,-0.171,-0.046,0.683,0.789,-0.188,0.472,0.746,0.596,0.448,0.511,0.749,0.727,0.821,-0.27,0.782,0.003,0.794,0.738,-0.366,-0.043,0.746,0.679,0.429,0.834,0.606,0.565,0.036,0.496,0.76,0.617,-0.0,0.363,0.773,0.712,0.435,0.581,0.789,0.616,0.736,0.596,0.201,0.484,0.644,0.408,0.683,0.576,-0.06,-0.322,0.219,0.66,-0.34,0.65,0.195,0.469,0.299,0.386,0.397,0.141,-0.242,0.745,-0.482,0.06,0.514,0.688,0.452,0.571,0.311,0.757,0.381,0.583,0.393,0.754,0.363
