,ABAT,ACLS,ACMR,ADMA,ADUS,ADVM,AEIS,AGNCM,AHCO,ALGT,ALLO,AMSF,ANAB,ANDE,APLS,APPF,ASML,ATRC,AVGO,AVT,AXDX,AXSM,AZN,BANR,BBIO,BCYC,BHFAP,BKR,BLDP,BLFS,BLKB,BLMN,BNTX,BPMC,CALM,CAMT,CASH,CATY,CCEP,CDLX,CDNS,CENN,CENX,CGC,CHDN,CLBK,COKE,COLB,COO,CORT,CRMT,CRNX,CRTO,CRVL,CSCO,CSQ,CSWI,CVBF,CWST,CYCC,CZR,DLTR,DORM,ENTA,EQIX,ERIC,EVRG,EWBC,EXAS,EXLS,EXPI,EYE,FBNC,FBRX,FCNCA,FELE,FIBK,FLEX,FRGT,FRHC,FRME,FWONA,FWONK,GDEN,GIII,GILD,GLNG,GNTX,GOOGL,GRPN,HCSG,HIMX,HOPE,HST,HTLD,HUT,HWC,ICUI,IESC,INTC,INTU,IOVA,IPAR,IPGP,ISRG,JBSS,KALU,KPRX,KRNT,LAUR,LBRDA,LBTYK,LECO,LILAK,LITE,MANH,MDXG,MFIC,MGEE,MIDD,MLAB,MMSI,MNKD,MOMO,MRVL,NICE,NMFC,NUWE,NVCR,NWBI,OFIX,OFLX,OMCL,OPK,ORKA,ORLY,OTTR,PDD,PNTG,POOL,POWL,PPBI,PPC,PRAA,PRPL,PZZA,QTRX,QURE,RDFN,RDHL,REAL,REG,REYN,RGLD,RIOT,RUN,RYTM,SAIA,SBAC,SBRA,SCVL,SHOO,SLAB,SLDB,SMCI,SMTC,SRCE,SSP,SSRM,STBA,STRO,SVC,SYBT,TCBI,TCOM,TENX,TH,TMUS,TNDM,TTD,TTMI,UAL,ULH,ULTA,VCYT,VIRT,VKTX,VOD,VRDN,VREX,VRNT,VSAT,WB,WBD,WDC,WEN,WSFS,XXII,Z,ZBRA
ABAT,0.0,0.698,-0.068,-0.437,0.099,-0.261,0.455,0.449,0.047,0.612,-0.18,-0.039,0.234,0.307,-0.295,0.073,0.65,-0.142,0.634,0.522,0.023,-0.195,-0.062,-0.254,-0.303,-0.175,-0.094,0.435,0.076,-0.128,0.455,0.72,-0.175,0.066,-0.174,0.54,-0.201,0.124,0.27,0.316,0.025,-0.01,0.282,0.517,0.043,-0.06,0.109,-0.097,0.564,-0.157,0.388,-0.268,0.362,-0.125,0.283,0.274,0.061,-0.136,-0.068,0.276,0.518,-0.218,-0.171,-0.327,0.165,0.426,0.161,0.288,0.028,0.112,-0.183,0.188,-0.048,-0.175,0.024,-0.024,-0.174,0.659,0.275,-0.29,0.339,0.22,0.235,0.47,0.649,0.005,0.567,0.461,0.108,0.377,-0.134,0.621,0.062,0.395,0.338,0.389,0.217,0.578,0.177,0.699,0.097,-0.217,-0.001,0.502,0.108,-0.117,0.452,-0.375,0.411,0.154,-0.015,0.527,0.647,0.336,0.742,-0.0,-0.018,0.135,0.132,0.623,-0.011,0.39,0.042,0.187,0.593,0.035,-0.153,-0.266,0.137,-0.062,0.198,0.051,0.423,-0.0,-0.136,-0.055,-0.015,0.023,0.372,0.163,0.665,-0.095,0.299,-0.281,0.476,-0.048,0.026,-0.147,0.249,0.026,0.433,0.197,-0.04,0.267,0.206,0.038,-0.281,0.058,0.116,0.213,0.351,0.598,0.583,0.151,0.441,0.634,0.366,0.616,0.235,-0.149,-0.244,0.226,-0.494,-0.089,-0.07,0.159,-0.025,-0.121,-0.003,0.408,0.483,0.475,0.726,0.483,-0.16,0.318,-0.207,0.316,-0.227,0.218,0.527,0.583,0.114,0.076,0.607,-0.164,0.192,0.223,0.227,0.54
ACLS,0.698,0.0,-0.222,-0.391,-0.114,-0.401,0.447,0.307,-0.042,0.541,-0.151,-0.255,0.415,0.442,-0.378,-0.105,0.902,-0.354,0.746,0.471,-0.06,-0.417,-0.148,-0.33,-0.447,-0.34,-0.42,0.476,-0.057,-0.336,0.294,0.634,-0.498,0.042,-0.273,0.769,-0.385,0.069,0.27,0.435,-0.122,0.249,0.414,0.752,-0.171,-0.246,-0.285,-0.271,0.367,-0.373,0.241,-0.434,0.566,-0.35,0.511,-0.042,-0.277,-0.05,-0.266,0.557,0.547,-0.453,-0.407,-0.576,0.084,0.647,-0.167,0.182,-0.166,-0.122,-0.491,0.065,-0.114,-0.37,-0.133,-0.289,-0.26,0.807,0.213,-0.526,0.475,0.245,0.263,0.591,0.745,-0.112,0.779,0.325,0.036,0.625,-0.328,0.774,0.101,0.391,0.077,0.522,0.16,0.435,0.11,0.787,-0.028,-0.38,-0.171,0.594,-0.099,-0.271,0.402,-0.634,0.634,0.056,-0.266,0.717,0.546,0.247,0.807,-0.262,-0.07,-0.185,-0.165,0.412,-0.242,0.077,-0.307,0.344,0.667,-0.007,-0.448,-0.565,-0.117,-0.199,0.245,0.273,0.284,-0.227,-0.197,-0.264,-0.399,0.105,0.462,-0.215,0.655,-0.339,0.292,-0.397,0.493,-0.323,-0.11,-0.336,-0.043,-0.175,0.447,0.144,-0.334,0.274,0.287,-0.152,-0.258,-0.168,-0.186,0.183,0.563,0.595,0.892,-0.131,0.641,0.918,0.383,0.499,0.432,0.07,-0.434,-0.041,-0.546,-0.082,-0.138,0.327,0.023,-0.232,-0.215,0.625,0.617,0.468,0.738,0.766,-0.368,0.503,-0.357,0.569,-0.311,-0.012,0.307,0.758,0.023,-0.014,0.691,-0.376,0.225,0.078,-0.112,0.52
ACMR,-0.068,-0.222,0.0,0.518,0.839,0.72,0.271,-0.522,0.831,-0.477,0.752,0.639,-0.207,-0.843,0.854,0.748,-0.454,0.904,-0.506,-0.213,0.729,0.852,0.881,0.868,0.89,0.88,0.718,-0.732,0.774,0.782,0.682,-0.093,0.731,0.757,0.858,0.003,0.836,0.729,0.518,-0.189,0.869,-0.435,-0.85,-0.489,0.824,0.897,0.515,0.756,0.112,0.903,0.43,0.769,-0.256,0.882,-0.048,0.702,0.445,0.676,0.916,-0.022,0.153,0.675,0.866,0.853,0.676,0.17,0.689,0.665,0.826,0.856,0.568,0.768,0.421,0.711,0.852,0.814,0.911,-0.472,-0.07,0.74,-0.611,0.628,0.592,-0.524,-0.545,0.867,-0.289,0.352,0.737,-0.67,0.894,-0.556,0.325,-0.656,0.491,-0.432,0.136,0.161,0.558,-0.096,0.817,0.928,0.812,0.376,0.854,0.879,-0.502,0.703,-0.627,0.097,0.761,-0.254,-0.378,0.014,0.159,0.834,0.545,0.627,0.601,-0.286,0.828,0.334,0.716,-0.226,-0.424,0.718,0.716,0.653,0.854,0.872,-0.422,-0.472,0.665,0.857,0.845,0.893,0.719,0.304,-0.779,0.551,-0.598,0.655,0.499,0.797,-0.576,0.715,0.72,0.895,0.678,0.733,0.457,0.764,0.873,-0.087,0.187,0.742,0.678,0.692,0.803,0.651,-0.828,-0.22,-0.295,0.315,-0.76,-0.47,0.275,-0.458,-0.779,0.455,0.856,0.148,0.763,0.844,0.765,-0.796,0.118,0.875,0.743,-0.304,-0.702,-0.06,-0.059,-0.452,0.86,-0.105,0.867,-0.077,0.579,0.202,0.103,-0.539,0.488,-0.069,-0.651,0.85,0.067,0.741,0.736,0.177
ADMA,-0.437,-0.391,0.518,0.0,0.367,0.673,0.118,-0.531,0.58,-0.55,0.532,-0.053,-0.154,-0.639,0.725,0.599,-0.487,0.56,-0.36,-0.214,0.52,0.496,0.484,0.577,0.589,0.68,0.537,-0.632,0.708,0.728,0.108,-0.433,0.467,0.54,0.652,0.034,0.59,0.357,0.044,-0.344,0.612,0.205,-0.464,-0.482,0.35,0.413,0.077,0.372,-0.474,0.578,-0.183,0.78,-0.399,0.412,0.347,0.395,0.157,0.262,0.451,0.008,-0.05,0.644,0.424,0.552,0.19,0.06,0.029,0.256,0.607,0.347,0.593,0.366,0.155,0.613,0.448,0.408,0.565,-0.409,-0.426,0.603,-0.253,-0.044,-0.055,-0.493,-0.473,0.446,-0.448,0.033,0.658,-0.431,0.519,-0.72,0.2,-0.416,0.133,0.021,0.027,-0.38,0.429,-0.128,0.492,0.616,0.186,-0.022,0.436,0.528,-0.642,0.292,-0.613,-0.183,0.205,-0.387,-0.478,-0.504,-0.279,0.546,0.363,0.303,-0.052,-0.459,0.224,-0.26,0.503,-0.292,-0.159,0.617,0.449,0.421,0.308,0.359,-0.059,0.027,0.163,0.601,0.52,0.5,0.179,-0.029,-0.636,0.312,-0.69,0.448,-0.183,0.673,-0.241,0.347,0.638,0.605,0.262,0.5,0.225,0.324,0.343,-0.137,0.524,0.692,0.702,0.471,0.254,0.308,-0.461,-0.173,-0.462,0.104,-0.434,-0.482,-0.121,-0.436,-0.39,0.472,0.549,0.124,0.852,0.606,0.175,-0.281,0.431,0.475,0.233,0.047,-0.607,-0.062,-0.411,-0.292,0.664,-0.393,0.676,0.017,0.645,-0.148,-0.158,-0.645,-0.085,0.193,-0.473,0.473,-0.121,0.231,0.312,-0.127
ADUS,0.099,-0.114,0.839,0.367,0.0,0.762,0.37,-0.404,0.902,-0.288,0.601,0.596,-0.329,-0.816,0.746,0.732,-0.409,0.899,-0.435,-0.072,0.708,0.878,0.876,0.797,0.781,0.892,0.793,-0.641,0.71,0.788,0.735,0.104,0.801,0.735,0.874,0.114,0.85,0.747,0.519,-0.345,0.88,-0.584,-0.79,-0.482,0.907,0.831,0.67,0.783,0.279,0.911,0.482,0.656,-0.404,0.87,-0.026,0.815,0.606,0.609,0.94,-0.011,0.221,0.702,0.887,0.824,0.591,0.122,0.805,0.76,0.895,0.918,0.625,0.854,0.291,0.761,0.915,0.865,0.845,-0.341,0.064,0.76,-0.543,0.567,0.526,-0.491,-0.435,0.845,-0.253,0.433,0.751,-0.695,0.921,-0.502,0.331,-0.559,0.702,-0.386,0.181,0.351,0.482,-0.011,0.825,0.873,0.765,0.382,0.876,0.914,-0.376,0.568,-0.611,0.162,0.786,-0.271,-0.19,0.009,0.297,0.881,0.416,0.74,0.688,-0.12,0.811,0.429,0.707,-0.236,-0.326,0.66,0.745,0.646,0.948,0.843,-0.501,-0.543,0.75,0.903,0.766,0.941,0.775,0.143,-0.703,0.689,-0.452,0.693,0.541,0.787,-0.447,0.82,0.672,0.909,0.729,0.842,0.469,0.799,0.9,-0.003,0.17,0.69,0.64,0.829,0.825,0.721,-0.798,-0.058,-0.302,0.51,-0.699,-0.412,0.32,-0.344,-0.812,0.374,0.859,0.332,0.613,0.82,0.735,-0.855,0.305,0.792,0.672,-0.284,-0.643,0.044,0.129,-0.453,0.876,-0.209,0.865,-0.192,0.548,0.264,0.24,-0.531,0.36,-0.158,-0.482,0.888,0.063,0.762,0.832,0.274
ADVM,-0.261,-0.401,0.72,0.673,0.762,0.0,0.26,-0.424,0.772,-0.546,0.468,0.241,-0.622,-0.829,0.71,0.577,-0.673,0.816,-0.546,-0.047,0.533,0.835,0.716,0.728,0.682,0.901,0.8,-0.677,0.685,0.807,0.31,-0.381,0.844,0.513,0.879,0.077,0.77,0.56,0.073,-0.732,0.798,-0.419,-0.716,-0.798,0.686,0.62,0.556,0.68,-0.25,0.845,-0.08,0.748,-0.718,0.685,0.048,0.654,0.611,0.421,0.78,-0.203,-0.205,0.816,0.83,0.811,0.167,-0.211,0.564,0.507,0.791,0.667,0.741,0.54,0.114,0.9,0.732,0.793,0.751,-0.522,-0.177,0.941,-0.511,0.13,0.075,-0.738,-0.624,0.644,-0.515,0.299,0.657,-0.854,0.833,-0.799,0.205,-0.511,0.488,-0.389,0.093,-0.192,0.31,-0.224,0.574,0.815,0.436,0.066,0.613,0.846,-0.506,0.533,-0.846,0.043,0.569,-0.647,-0.373,-0.406,-0.086,0.742,0.216,0.691,0.414,-0.382,0.511,0.015,0.693,-0.527,-0.352,0.507,0.783,0.601,0.658,0.62,-0.528,-0.356,0.292,0.802,0.634,0.819,0.65,-0.25,-0.887,0.661,-0.712,0.7,0.04,0.802,-0.455,0.733,0.55,0.867,0.396,0.768,0.075,0.459,0.712,-0.188,0.224,0.625,0.762,0.811,0.558,0.427,-0.812,-0.284,-0.589,0.505,-0.673,-0.633,-0.07,-0.485,-0.754,0.324,0.902,0.456,0.804,0.728,0.507,-0.727,0.653,0.599,0.328,-0.39,-0.727,-0.11,-0.223,-0.638,0.861,-0.612,0.917,-0.347,0.807,0.183,0.019,-0.805,-0.076,-0.203,-0.546,0.777,-0.22,0.366,0.573,-0.174
AEIS,0.455,0.447,0.271,0.118,0.37,0.26,0.0,0.343,0.431,0.426,-0.056,0.054,-0.003,-0.096,0.072,0.38,0.235,0.284,0.51,0.703,0.119,0.215,0.164,0.257,0.072,0.291,0.211,0.199,0.423,0.358,0.576,0.543,0.326,0.274,0.2,0.559,0.311,0.524,0.231,-0.075,0.46,-0.136,0.044,0.0,0.405,0.215,0.452,0.375,0.402,0.26,0.315,0.275,-0.054,0.213,0.49,0.647,0.537,-0.009,0.255,-0.025,0.515,0.483,0.244,0.14,0.114,0.261,0.263,0.666,0.47,0.427,0.478,0.474,0.308,0.331,0.422,0.463,0.249,0.503,0.171,0.282,0.364,0.031,-0.004,0.245,0.432,0.224,0.207,0.731,0.542,-0.037,0.244,0.067,0.516,0.308,0.537,0.401,0.63,0.372,0.313,0.705,0.391,0.146,0.18,0.541,0.343,0.208,0.312,-0.036,-0.193,0.255,0.331,0.103,0.532,0.1,0.608,0.46,0.069,0.609,0.123,0.6,0.136,0.26,0.501,-0.055,0.588,0.414,0.354,0.196,0.376,0.262,0.097,0.015,0.399,0.415,0.13,0.375,0.168,-0.138,-0.084,0.657,0.275,0.497,0.109,0.302,0.426,0.403,0.328,0.25,0.509,0.383,0.423,0.288,0.268,-0.121,0.571,0.394,0.091,0.595,0.312,0.132,0.03,0.734,0.097,0.549,0.237,0.355,0.26,0.422,-0.186,0.347,0.207,0.631,0.071,0.288,0.051,-0.131,0.365,0.117,0.185,0.388,0.165,0.619,0.504,0.177,0.301,-0.124,0.3,-0.08,0.295,0.461,0.718,0.142,-0.099,0.296,0.433,0.323,0.432,0.24,0.516,0.484
AGNCM,0.449,0.307,-0.522,-0.531,-0.404,-0.424,0.343,0.0,-0.457,0.772,-0.66,-0.174,0.129,0.617,-0.72,-0.386,0.41,-0.441,0.674,0.715,-0.585,-0.469,-0.629,-0.468,-0.612,-0.515,-0.315,0.803,-0.382,-0.463,-0.041,0.53,-0.244,-0.554,-0.62,0.259,-0.464,-0.246,-0.18,0.113,-0.436,0.017,0.629,0.266,-0.308,-0.482,0.078,-0.258,0.398,-0.502,-0.012,-0.422,0.201,-0.398,0.006,-0.033,0.216,-0.553,-0.464,-0.225,0.103,-0.235,-0.36,-0.486,-0.381,-0.146,-0.105,-0.108,-0.36,-0.317,-0.091,-0.393,-0.014,-0.346,-0.353,-0.237,-0.557,0.657,0.161,-0.335,0.64,-0.442,-0.462,0.567,0.719,-0.484,0.274,0.403,-0.4,0.401,-0.463,0.536,0.008,0.705,0.041,0.416,0.368,0.294,-0.09,0.368,-0.423,-0.615,-0.34,0.16,-0.355,-0.524,0.768,-0.338,0.392,0.296,-0.114,0.225,0.778,0.377,0.309,-0.354,-0.4,0.112,-0.136,0.759,-0.317,0.22,-0.028,0.067,0.645,-0.421,-0.119,-0.306,-0.32,-0.42,0.452,0.253,-0.277,-0.401,-0.557,-0.428,-0.209,-0.332,0.551,0.134,0.806,-0.091,-0.216,-0.427,0.718,-0.195,-0.464,-0.518,-0.045,-0.25,-0.205,-0.471,-0.347,0.016,-0.054,-0.278,-0.61,-0.17,-0.175,-0.496,0.566,0.572,0.203,0.173,0.691,0.514,-0.005,0.727,0.451,-0.319,-0.473,0.439,-0.642,-0.566,-0.483,0.476,0.006,-0.52,-0.321,0.265,0.697,0.5,0.419,0.299,-0.507,0.036,-0.497,-0.136,-0.261,0.42,0.602,0.564,-0.292,0.27,0.754,-0.373,0.254,-0.399,-0.092,0.089
AHCO,0.047,-0.042,0.831,0.58,0.902,0.772,0.431,-0.457,0.0,-0.345,0.73,0.44,-0.16,-0.843,0.806,0.841,-0.303,0.891,-0.33,-0.078,0.771,0.806,0.902,0.835,0.803,0.913,0.753,-0.667,0.853,0.845,0.719,0.033,0.673,0.856,0.904,0.277,0.834,0.789,0.548,-0.228,0.929,-0.322,-0.771,-0.362,0.823,0.829,0.469,0.732,0.113,0.896,0.407,0.762,-0.339,0.814,0.2,0.825,0.449,0.648,0.885,0.207,0.313,0.73,0.798,0.765,0.619,0.354,0.649,0.803,0.932,0.861,0.613,0.875,0.298,0.749,0.924,0.786,0.878,-0.272,-0.097,0.707,-0.444,0.495,0.468,-0.448,-0.35,0.903,-0.235,0.501,0.896,-0.556,0.874,-0.491,0.352,-0.595,0.58,-0.194,0.17,0.264,0.617,0.084,0.882,0.885,0.707,0.503,0.885,0.886,-0.491,0.444,-0.584,0.005,0.683,-0.159,-0.241,-0.085,0.317,0.862,0.536,0.681,0.504,-0.186,0.723,0.253,0.743,-0.238,-0.191,0.839,0.693,0.583,0.885,0.827,-0.396,-0.433,0.76,0.908,0.822,0.922,0.605,0.208,-0.749,0.616,-0.504,0.669,0.469,0.828,-0.36,0.734,0.801,0.907,0.745,0.847,0.616,0.825,0.82,0.047,0.422,0.789,0.767,0.76,0.781,0.774,-0.712,0.01,-0.216,0.371,-0.609,-0.329,0.373,-0.379,-0.695,0.574,0.813,0.243,0.726,0.925,0.671,-0.735,0.358,0.83,0.651,-0.067,-0.671,0.129,0.105,-0.303,0.887,-0.122,0.895,-0.017,0.597,0.084,0.243,-0.49,0.358,-0.067,-0.444,0.827,0.115,0.772,0.812,0.294
ALGT,0.612,0.541,-0.477,-0.55,-0.288,-0.546,0.426,0.772,-0.345,0.0,-0.523,-0.094,0.388,0.611,-0.58,-0.194,0.606,-0.435,0.773,0.64,-0.359,-0.504,-0.523,-0.432,-0.542,-0.507,-0.333,0.719,-0.284,-0.39,0.16,0.827,-0.344,-0.293,-0.597,0.334,-0.359,-0.11,0.073,0.368,-0.338,0.133,0.633,0.539,-0.168,-0.393,0.051,-0.211,0.6,-0.503,0.293,-0.412,0.41,-0.369,0.219,0.017,0.104,-0.461,-0.409,-0.016,0.503,-0.302,-0.419,-0.521,-0.113,0.178,-0.116,0.057,-0.237,-0.254,-0.145,-0.163,0.039,-0.474,-0.261,-0.264,-0.491,0.797,0.305,-0.473,0.72,-0.194,-0.193,0.796,0.848,-0.414,0.399,0.32,-0.228,0.595,-0.449,0.661,0.182,0.739,0.201,0.585,0.424,0.553,0.044,0.613,-0.214,-0.583,-0.222,0.248,-0.212,-0.494,0.729,-0.464,0.529,0.32,-0.112,0.466,0.804,0.442,0.447,-0.232,-0.205,0.032,-0.095,0.873,-0.278,0.285,-0.111,0.319,0.729,-0.222,-0.243,-0.326,-0.201,-0.331,0.479,0.24,0.036,-0.305,-0.488,-0.39,-0.245,-0.039,0.707,0.089,0.887,-0.111,0.011,-0.359,0.79,-0.232,-0.256,-0.499,0.11,-0.283,0.163,-0.165,-0.322,0.061,0.115,-0.148,-0.536,-0.108,-0.157,-0.216,0.671,0.795,0.389,0.109,0.699,0.683,0.251,0.809,0.466,-0.128,-0.549,0.328,-0.688,-0.433,-0.45,0.46,-0.102,-0.439,-0.182,0.563,0.724,0.746,0.591,0.556,-0.441,0.226,-0.522,0.097,-0.387,0.304,0.604,0.683,-0.129,0.485,0.829,-0.334,0.421,-0.143,0.02,0.448
ALLO,-0.18,-0.151,0.752,0.532,0.601,0.468,-0.056,-0.66,0.73,-0.523,0.0,0.467,0.217,-0.793,0.852,0.752,-0.241,0.73,-0.508,-0.592,0.808,0.555,0.854,0.713,0.855,0.694,0.53,-0.808,0.706,0.652,0.526,-0.171,0.302,0.884,0.715,0.026,0.63,0.5,0.577,0.165,0.709,-0.014,-0.84,-0.159,0.567,0.815,0.006,0.465,-0.087,0.696,0.423,0.696,0.02,0.726,0.007,0.412,-0.067,0.719,0.724,0.423,0.24,0.39,0.593,0.64,0.792,0.47,0.383,0.458,0.679,0.596,0.237,0.632,0.253,0.417,0.689,0.41,0.785,-0.496,-0.361,0.399,-0.652,0.644,0.654,-0.443,-0.469,0.881,-0.271,0.127,0.685,-0.308,0.661,-0.387,0.055,-0.833,0.135,-0.29,-0.156,0.124,0.616,-0.195,0.8,0.806,0.743,0.464,0.782,0.717,-0.748,0.439,-0.305,-0.279,0.532,0.076,-0.639,0.019,0.068,0.597,0.787,0.223,0.311,-0.54,0.71,0.118,0.47,-0.152,-0.435,0.813,0.398,0.469,0.676,0.739,-0.281,-0.399,0.618,0.648,0.878,0.681,0.348,0.61,-0.652,0.114,-0.601,0.277,0.52,0.688,-0.54,0.358,0.76,0.744,0.565,0.531,0.636,0.766,0.661,0.089,0.236,0.656,0.745,0.286,0.662,0.793,-0.628,-0.312,-0.055,-0.135,-0.699,-0.345,0.354,-0.596,-0.494,0.536,0.601,-0.327,0.714,0.831,0.646,-0.571,-0.076,0.91,0.689,-0.053,-0.744,-0.104,-0.201,-0.16,0.693,0.282,0.69,0.268,0.394,-0.302,-0.119,-0.369,0.666,-0.052,-0.695,0.621,-0.013,0.743,0.556,0.176
AMSF,-0.039,-0.255,0.639,-0.053,0.596,0.241,0.054,-0.174,0.44,-0.094,0.467,0.0,-0.002,-0.49,0.46,0.357,-0.372,0.624,-0.469,-0.219,0.378,0.64,0.56,0.677,0.682,0.471,0.454,-0.401,0.221,0.323,0.599,0.223,0.519,0.4,0.428,-0.289,0.64,0.572,0.599,0.085,0.436,-0.673,-0.623,-0.288,0.745,0.748,0.579,0.692,0.503,0.605,0.731,0.338,-0.069,0.749,-0.502,0.457,0.469,0.605,0.694,-0.176,0.279,0.368,0.713,0.643,0.643,0.045,0.744,0.542,0.485,0.659,0.334,0.574,0.58,0.294,0.678,0.642,0.665,-0.345,0.294,0.392,-0.466,0.623,0.597,-0.16,-0.376,0.617,-0.178,0.263,0.27,-0.471,0.65,-0.239,0.397,-0.444,0.454,-0.565,0.263,0.483,0.313,-0.269,0.519,0.608,0.889,0.261,0.638,0.578,-0.066,0.684,-0.345,0.295,0.833,-0.069,-0.145,0.489,0.131,0.546,0.379,0.505,0.766,0.058,0.803,0.578,0.441,0.094,-0.525,0.375,0.587,0.611,0.717,0.815,-0.418,-0.579,0.569,0.483,0.541,0.627,0.734,0.502,-0.395,0.356,-0.228,0.522,0.717,0.552,-0.527,0.59,0.296,0.544,0.657,0.45,0.261,0.595,0.75,-0.058,-0.291,0.339,0.238,0.374,0.728,0.409,-0.639,-0.163,-0.262,0.219,-0.633,-0.383,0.538,-0.268,-0.662,0.344,0.563,0.074,0.332,0.494,0.732,-0.68,-0.329,0.685,0.809,-0.436,-0.417,0.06,0.111,-0.443,0.478,0.148,0.449,-0.241,0.032,0.338,0.201,-0.286,0.682,0.011,-0.514,0.726,0.37,0.627,0.616,0.31
ANAB,0.234,0.415,-0.207,-0.154,-0.329,-0.622,-0.003,0.129,-0.16,0.388,0.217,-0.002,0.0,0.268,-0.097,0.128,0.618,-0.28,0.426,-0.144,0.129,-0.522,-0.144,-0.208,-0.113,-0.374,-0.361,0.159,-0.008,-0.206,0.15,0.439,-0.642,0.237,-0.392,0.202,-0.289,-0.156,0.311,0.879,-0.18,0.592,0.204,0.741,-0.268,-0.039,-0.535,-0.353,0.178,-0.362,0.386,-0.109,0.697,-0.189,0.271,-0.185,-0.553,-0.034,-0.273,0.523,0.546,-0.381,-0.449,-0.395,0.425,0.652,-0.371,-0.083,-0.149,-0.226,-0.411,-0.018,0.107,-0.553,-0.185,-0.491,-0.203,0.364,-0.223,-0.618,0.287,0.151,0.204,0.536,0.508,0.005,0.282,-0.009,0.041,0.766,-0.377,0.543,-0.061,0.062,-0.262,0.501,-0.043,0.299,0.37,0.348,0.122,-0.282,0.059,0.461,0.032,-0.338,-0.019,-0.363,0.623,-0.274,-0.192,0.742,0.083,0.323,0.265,-0.224,0.437,-0.42,-0.332,0.216,-0.098,0.002,-0.196,0.293,0.374,0.255,-0.467,-0.265,-0.158,-0.106,0.572,0.099,0.224,-0.242,0.003,-0.304,-0.507,0.576,0.435,-0.414,0.437,-0.412,0.196,-0.192,0.402,-0.5,0.154,-0.314,0.148,-0.289,0.552,0.111,-0.242,0.171,0.246,0.04,-0.166,-0.461,-0.022,0.125,0.502,0.37,0.548,-0.536,0.365,0.544,0.372,0.22,0.469,0.228,-0.527,-0.498,-0.278,-0.091,-0.262,0.455,-0.505,0.049,0.122,0.685,0.256,0.341,0.136,0.717,-0.288,0.767,-0.376,0.574,-0.416,-0.392,0.131,0.594,0.395,0.433,0.272,-0.319,0.306,0.197,-0.034,0.425
ANDE,0.307,0.442,-0.843,-0.639,-0.816,-0.829,-0.096,0.617,-0.843,0.611,-0.793,-0.49,0.268,0.0,-0.917,-0.775,0.647,-0.923,0.696,0.437,-0.77,-0.83,-0.897,-0.811,-0.917,-0.925,-0.787,0.891,-0.745,-0.868,-0.457,0.316,-0.724,-0.782,-0.89,0.114,-0.846,-0.548,-0.303,0.35,-0.845,0.338,0.949,0.63,-0.741,-0.852,-0.402,-0.66,0.15,-0.91,-0.237,-0.846,0.486,-0.87,0.111,-0.619,-0.382,-0.588,-0.892,-0.003,0.031,-0.743,-0.855,-0.911,-0.551,-0.014,-0.586,-0.514,-0.858,-0.752,-0.636,-0.691,-0.231,-0.767,-0.82,-0.72,-0.856,0.682,0.298,-0.806,0.744,-0.396,-0.38,0.751,0.688,-0.869,0.609,-0.171,-0.726,0.728,-0.875,0.761,-0.088,0.827,-0.355,0.47,0.099,0.019,-0.454,0.352,-0.797,-0.942,-0.725,-0.221,-0.816,-0.886,0.732,-0.65,0.74,0.171,-0.687,0.443,0.619,0.212,0.123,-0.813,-0.595,-0.546,-0.448,0.49,-0.742,-0.103,-0.701,0.456,0.543,-0.733,-0.707,-0.711,-0.815,-0.786,0.516,0.549,-0.513,-0.852,-0.877,-0.899,-0.618,-0.189,0.891,-0.527,0.779,-0.583,-0.293,-0.891,0.596,-0.678,-0.76,-0.952,-0.609,-0.76,-0.362,-0.662,-0.87,0.145,-0.173,-0.709,-0.829,-0.66,-0.755,-0.64,0.888,0.37,0.511,-0.333,0.878,0.679,-0.092,0.68,0.794,-0.395,-0.878,-0.063,-0.858,-0.83,-0.634,0.793,-0.257,-0.87,-0.642,0.351,0.927,0.212,0.355,0.577,-0.929,0.232,-0.935,0.217,-0.703,0.068,0.052,0.738,-0.34,0.148,0.77,-0.86,0.132,-0.663,-0.717,0.055
APLS,-0.295,-0.378,0.854,0.725,0.746,0.71,0.072,-0.72,0.806,-0.58,0.852,0.46,-0.097,-0.917,0.0,0.815,-0.542,0.864,-0.616,-0.496,0.818,0.757,0.874,0.81,0.93,0.875,0.706,-0.895,0.803,0.863,0.479,-0.246,0.628,0.851,0.865,-0.134,0.844,0.577,0.401,-0.169,0.844,-0.158,-0.868,-0.478,0.71,0.837,0.296,0.62,-0.124,0.854,0.315,0.873,-0.283,0.809,0.035,0.568,0.241,0.61,0.836,0.081,0.125,0.677,0.746,0.853,0.642,0.183,0.458,0.499,0.834,0.697,0.585,0.724,0.324,0.662,0.768,0.638,0.854,-0.619,-0.293,0.689,-0.658,0.49,0.49,-0.601,-0.643,0.824,-0.476,0.075,0.776,-0.591,0.819,-0.714,0.189,-0.759,0.33,-0.328,-0.048,0.017,0.515,-0.226,0.834,0.921,0.704,0.199,0.809,0.819,-0.753,0.592,-0.634,-0.155,0.59,-0.294,-0.629,-0.188,-0.129,0.808,0.684,0.416,0.379,-0.491,0.706,0.114,0.626,-0.241,-0.485,0.802,0.593,0.677,0.755,0.758,-0.353,-0.397,0.572,0.833,0.847,0.824,0.523,0.381,-0.78,0.422,-0.772,0.538,0.345,0.851,-0.561,0.596,0.85,0.895,0.601,0.641,0.491,0.736,0.782,-0.112,0.301,0.787,0.82,0.61,0.675,0.683,-0.782,-0.299,-0.412,0.21,-0.821,-0.591,0.136,-0.589,-0.714,0.495,0.783,-0.052,0.881,0.846,0.613,-0.703,0.124,0.867,0.683,-0.161,-0.859,-0.153,-0.34,-0.419,0.904,-0.126,0.87,-0.002,0.61,-0.122,-0.131,-0.663,0.415,0.045,-0.756,0.799,-0.043,0.701,0.661,0.106
APPF,0.073,-0.105,0.748,0.599,0.732,0.577,0.38,-0.386,0.841,-0.194,0.752,0.357,0.128,-0.775,0.815,0.0,-0.226,0.794,-0.206,-0.186,0.831,0.579,0.77,0.7,0.768,0.783,0.69,-0.641,0.904,0.894,0.686,0.108,0.52,0.897,0.723,0.169,0.753,0.605,0.528,0.011,0.886,0.005,-0.68,-0.231,0.674,0.789,0.318,0.585,0.117,0.747,0.447,0.853,-0.131,0.759,0.311,0.757,0.29,0.454,0.756,0.183,0.355,0.679,0.623,0.676,0.711,0.394,0.427,0.643,0.89,0.745,0.604,0.775,0.293,0.616,0.766,0.596,0.728,-0.256,-0.367,0.568,-0.333,0.408,0.399,-0.331,-0.212,0.813,-0.346,0.39,0.899,-0.31,0.705,-0.446,0.241,-0.541,0.487,0.057,0.136,0.254,0.756,0.141,0.945,0.76,0.636,0.492,0.883,0.718,-0.57,0.442,-0.428,-0.096,0.576,-0.06,-0.274,-0.089,0.19,0.86,0.734,0.528,0.293,-0.127,0.639,0.198,0.761,-0.243,-0.044,0.92,0.556,0.546,0.779,0.691,-0.076,-0.341,0.723,0.847,0.76,0.783,0.416,0.347,-0.576,0.569,-0.39,0.559,0.306,0.796,-0.13,0.579,0.938,0.805,0.795,0.684,0.751,0.725,0.732,0.004,0.569,0.889,0.661,0.652,0.763,0.692,-0.517,0.151,-0.213,0.217,-0.522,-0.268,0.331,-0.277,-0.499,0.533,0.6,0.111,0.682,0.794,0.399,-0.512,0.194,0.798,0.666,0.182,-0.649,0.18,-0.044,-0.087,0.846,0.003,0.783,0.089,0.594,-0.08,0.273,-0.384,0.401,0.258,-0.395,0.713,0.146,0.749,0.825,0.34
ASML,0.65,0.902,-0.454,-0.487,-0.409,-0.673,0.235,0.41,-0.303,0.606,-0.241,-0.372,0.618,0.647,-0.542,-0.226,0.0,-0.58,0.83,0.367,-0.225,-0.682,-0.375,-0.535,-0.602,-0.591,-0.624,0.623,-0.215,-0.519,0.109,0.595,-0.745,-0.122,-0.535,0.617,-0.613,-0.168,0.2,0.651,-0.363,0.47,0.596,0.913,-0.443,-0.43,-0.506,-0.499,0.326,-0.615,0.166,-0.553,0.738,-0.541,0.479,-0.26,-0.511,-0.214,-0.519,0.585,0.491,-0.645,-0.664,-0.769,0.011,0.648,-0.395,-0.055,-0.414,-0.361,-0.657,-0.178,-0.176,-0.604,-0.392,-0.565,-0.489,0.833,0.099,-0.766,0.587,0.099,0.137,0.727,0.846,-0.304,0.772,0.185,-0.161,0.855,-0.586,0.9,-0.053,0.484,-0.174,0.636,0.072,0.381,0.049,0.719,-0.202,-0.601,-0.336,0.479,-0.288,-0.535,0.444,-0.716,0.835,-0.017,-0.462,0.839,0.551,0.324,0.651,-0.477,-0.081,-0.419,-0.351,0.427,-0.394,0.035,-0.45,0.413,0.715,-0.133,-0.651,-0.693,-0.362,-0.413,0.495,0.396,0.09,-0.47,-0.373,-0.525,-0.61,0.17,0.68,-0.42,0.767,-0.545,0.151,-0.607,0.601,-0.556,-0.234,-0.586,-0.173,-0.427,0.368,-0.075,-0.548,0.337,0.236,-0.293,-0.461,-0.463,-0.348,0.006,0.78,0.582,0.928,-0.359,0.778,0.965,0.311,0.578,0.692,-0.04,-0.695,-0.226,-0.683,-0.305,-0.342,0.584,-0.208,-0.39,-0.292,0.707,0.733,0.413,0.624,0.907,-0.6,0.647,-0.61,0.645,-0.511,-0.15,0.26,0.906,0.05,0.112,0.749,-0.618,0.252,-0.089,-0.297,0.445
ATRC,-0.142,-0.354,0.904,0.56,0.899,0.816,0.284,-0.441,0.891,-0.435,0.73,0.624,-0.28,-0.923,0.864,0.794,-0.58,0.0,-0.556,-0.211,0.703,0.91,0.885,0.903,0.922,0.942,0.84,-0.741,0.791,0.863,0.655,-0.111,0.83,0.755,0.892,-0.041,0.922,0.722,0.491,-0.31,0.897,-0.49,-0.881,-0.616,0.88,0.901,0.598,0.822,0.131,0.963,0.4,0.857,-0.428,0.946,-0.079,0.802,0.575,0.632,0.961,-0.074,0.14,0.82,0.936,0.935,0.599,0.074,0.759,0.706,0.917,0.884,0.743,0.777,0.353,0.801,0.925,0.874,0.912,-0.522,-0.114,0.843,-0.607,0.458,0.424,-0.596,-0.555,0.894,-0.468,0.407,0.779,-0.752,0.957,-0.681,0.279,-0.668,0.533,-0.423,0.175,0.207,0.531,-0.176,0.835,0.958,0.814,0.338,0.898,0.916,-0.504,0.717,-0.733,0.084,0.839,-0.374,-0.354,0.001,0.083,0.911,0.512,0.756,0.643,-0.248,0.864,0.359,0.839,-0.357,-0.419,0.756,0.853,0.783,0.918,0.895,-0.441,-0.527,0.623,0.911,0.848,0.961,0.778,0.204,-0.824,0.699,-0.627,0.767,0.424,0.905,-0.521,0.818,0.735,0.956,0.778,0.839,0.426,0.735,0.943,-0.04,0.202,0.785,0.729,0.772,0.87,0.65,-0.883,-0.183,-0.479,0.437,-0.804,-0.588,0.25,-0.474,-0.834,0.446,0.916,0.266,0.819,0.873,0.722,-0.844,0.225,0.891,0.766,-0.335,-0.799,0.002,-0.107,-0.569,0.933,-0.241,0.94,-0.232,0.661,0.186,0.213,-0.634,0.417,-0.054,-0.647,0.943,0.06,0.692,0.853,0.107
AVGO,0.634,0.746,-0.506,-0.36,-0.435,-0.546,0.51,0.674,-0.33,0.773,-0.508,-0.469,0.426,0.696,-0.616,-0.206,0.83,-0.556,0.0,0.707,-0.374,-0.634,-0.55,-0.52,-0.666,-0.553,-0.511,0.783,-0.163,-0.394,0.059,0.639,-0.518,-0.278,-0.573,0.576,-0.527,-0.127,0.014,0.413,-0.311,0.438,0.766,0.682,-0.393,-0.509,-0.227,-0.376,0.346,-0.584,0.045,-0.417,0.524,-0.568,0.584,-0.063,-0.155,-0.482,-0.565,0.213,0.45,-0.35,-0.621,-0.704,-0.213,0.394,-0.409,0.007,-0.336,-0.339,-0.294,-0.209,-0.072,-0.445,-0.388,-0.4,-0.539,0.933,0.124,-0.569,0.848,-0.238,-0.232,0.8,0.938,-0.466,0.622,0.346,-0.106,0.74,-0.593,0.733,0.149,0.776,-0.019,0.814,0.383,0.299,0.003,0.846,-0.254,-0.653,-0.48,0.339,-0.333,-0.597,0.644,-0.65,0.601,0.126,-0.407,0.597,0.782,0.224,0.56,-0.344,-0.226,-0.148,-0.407,0.708,-0.506,0.012,-0.219,0.321,0.946,-0.159,-0.442,-0.562,-0.399,-0.486,0.626,0.5,-0.054,-0.382,-0.542,-0.493,-0.535,-0.117,0.691,-0.077,0.831,-0.268,-0.154,-0.527,0.857,-0.38,-0.225,-0.589,-0.093,-0.385,0.22,-0.265,-0.557,0.155,0.406,-0.184,-0.519,-0.225,-0.36,-0.271,0.82,0.829,0.629,-0.053,0.905,0.885,0.147,0.822,0.651,-0.066,-0.654,0.197,-0.629,-0.414,-0.545,0.653,0.004,-0.544,-0.361,0.753,0.817,0.615,0.605,0.786,-0.526,0.274,-0.548,0.342,-0.353,0.125,0.497,0.789,-0.234,0.397,0.925,-0.549,0.337,-0.273,-0.199,0.435
AVT,0.522,0.471,-0.213,-0.214,-0.072,-0.047,0.703,0.715,-0.078,0.64,-0.592,-0.219,-0.144,0.437,-0.496,-0.186,0.367,-0.211,0.707,0.0,-0.373,-0.146,-0.362,-0.177,-0.465,-0.185,-0.08,0.645,-0.065,-0.177,0.167,0.53,0.054,-0.334,-0.241,0.549,-0.163,0.171,-0.061,-0.176,-0.069,-0.111,0.543,0.115,0.009,-0.324,0.334,0.06,0.364,-0.203,-0.035,-0.227,-0.034,-0.278,0.384,0.288,0.469,-0.345,-0.209,-0.223,0.253,0.062,-0.131,-0.312,-0.351,-0.009,0.052,0.265,-0.053,-0.021,0.152,-0.064,0.095,-0.012,-0.062,0.12,-0.238,0.745,0.339,-0.019,0.703,-0.308,-0.361,0.495,0.622,-0.317,0.394,0.578,-0.012,0.145,-0.161,0.354,0.409,0.749,0.385,0.438,0.633,0.231,0.02,0.664,-0.205,-0.35,-0.295,0.222,-0.172,-0.206,0.721,-0.316,0.078,0.458,-0.019,0.099,0.859,0.121,0.533,-0.049,-0.469,0.398,0.014,0.754,-0.278,0.165,0.128,0.092,0.732,-0.2,0.098,-0.218,-0.115,-0.198,0.257,0.281,-0.041,-0.061,-0.403,-0.131,0.01,-0.499,0.304,0.377,0.619,0.241,-0.156,-0.193,0.633,0.068,-0.255,-0.26,0.029,0.035,-0.069,-0.172,-0.213,0.011,0.223,-0.037,-0.322,0.251,-0.118,-0.288,0.382,0.699,0.187,0.378,0.639,0.516,0.089,0.73,0.194,-0.019,-0.178,0.747,-0.362,-0.221,-0.287,0.245,0.401,-0.411,-0.298,0.31,0.643,0.653,0.643,0.265,-0.217,-0.265,-0.188,-0.107,-0.053,0.604,0.651,0.348,-0.452,0.245,0.762,-0.141,0.288,-0.268,0.04,0.27
AXDX,0.023,-0.06,0.729,0.52,0.708,0.533,0.119,-0.585,0.771,-0.359,0.808,0.378,0.129,-0.77,0.818,0.831,-0.225,0.703,-0.374,-0.373,0.0,0.533,0.804,0.625,0.746,0.703,0.622,-0.804,0.768,0.751,0.519,-0.021,0.393,0.907,0.733,0.133,0.651,0.498,0.434,0.016,0.796,0.008,-0.734,-0.203,0.62,0.806,0.168,0.506,-0.061,0.689,0.406,0.708,-0.115,0.686,0.205,0.539,0.109,0.522,0.747,0.22,0.237,0.484,0.567,0.608,0.764,0.392,0.354,0.484,0.784,0.633,0.334,0.746,0.235,0.502,0.678,0.481,0.719,-0.391,-0.346,0.475,-0.479,0.542,0.537,-0.429,-0.39,0.803,-0.31,0.149,0.787,-0.3,0.663,-0.408,0.164,-0.682,0.425,-0.123,-0.071,0.115,0.628,0.016,0.867,0.748,0.637,0.446,0.807,0.721,-0.709,0.342,-0.344,-0.288,0.447,-0.049,-0.448,-0.221,0.148,0.675,0.787,0.284,0.253,-0.352,0.577,0.017,0.481,-0.21,-0.234,0.783,0.353,0.404,0.71,0.679,-0.235,-0.47,0.731,0.766,0.784,0.717,0.366,0.409,-0.592,0.296,-0.471,0.35,0.38,0.691,-0.296,0.413,0.875,0.772,0.575,0.592,0.69,0.752,0.669,-0.088,0.362,0.72,0.741,0.527,0.679,0.727,-0.566,-0.102,-0.094,0.029,-0.592,-0.279,0.355,-0.443,-0.513,0.499,0.549,-0.129,0.631,0.774,0.449,-0.513,0.161,0.795,0.538,0.088,-0.679,0.01,-0.099,-0.077,0.797,0.064,0.733,0.179,0.49,-0.217,-0.067,-0.438,0.42,0.081,-0.538,0.624,-0.067,0.813,0.65,0.317
AXSM,-0.195,-0.417,0.852,0.496,0.878,0.835,0.215,-0.469,0.806,-0.504,0.555,0.64,-0.522,-0.83,0.757,0.579,-0.682,0.91,-0.634,-0.146,0.533,0.0,0.813,0.878,0.844,0.911,0.796,-0.67,0.607,0.746,0.551,-0.178,0.915,0.549,0.884,-0.141,0.905,0.746,0.4,-0.493,0.801,-0.69,-0.806,-0.708,0.888,0.802,0.723,0.855,0.119,0.956,0.326,0.69,-0.548,0.857,-0.215,0.723,0.669,0.634,0.905,-0.215,0.031,0.786,0.95,0.923,0.411,-0.092,0.786,0.681,0.8,0.859,0.719,0.731,0.393,0.817,0.876,0.93,0.893,-0.536,0.148,0.871,-0.614,0.448,0.405,-0.595,-0.672,0.76,-0.366,0.314,0.626,-0.891,0.946,-0.715,0.401,-0.573,0.559,-0.582,0.219,0.13,0.3,-0.274,0.662,0.921,0.737,0.102,0.74,0.9,-0.356,0.757,-0.82,0.229,0.814,-0.491,-0.328,-0.018,0.023,0.842,0.266,0.763,0.71,-0.25,0.792,0.357,0.704,-0.218,-0.551,0.557,0.867,0.768,0.84,0.857,-0.609,-0.481,0.511,0.839,0.697,0.918,0.858,0.083,-0.816,0.658,-0.673,0.791,0.432,0.812,-0.661,0.862,0.527,0.891,0.618,0.785,0.185,0.645,0.87,-0.09,0.024,0.606,0.628,0.771,0.723,0.529,-0.929,-0.287,-0.557,0.509,-0.818,-0.67,0.191,-0.468,-0.921,0.38,0.961,0.363,0.771,0.784,0.8,-0.907,0.243,0.747,0.688,-0.54,-0.715,-0.106,-0.055,-0.726,0.854,-0.391,0.878,-0.373,0.528,0.346,0.102,-0.733,0.323,-0.186,-0.663,0.928,0.067,0.568,0.706,0.062
AZN,-0.062,-0.148,0.881,0.484,0.876,0.716,0.164,-0.629,0.902,-0.523,0.854,0.56,-0.144,-0.897,0.874,0.77,-0.375,0.885,-0.55,-0.362,0.804,0.813,0.0,0.836,0.889,0.883,0.705,-0.818,0.745,0.781,0.65,-0.106,0.613,0.864,0.904,0.087,0.815,0.716,0.558,-0.16,0.876,-0.375,-0.913,-0.373,0.801,0.896,0.371,0.685,0.041,0.893,0.439,0.714,-0.283,0.844,-0.016,0.659,0.294,0.767,0.911,0.243,0.221,0.598,0.822,0.804,0.697,0.308,0.668,0.666,0.841,0.821,0.452,0.799,0.312,0.659,0.883,0.717,0.915,-0.487,-0.133,0.659,-0.685,0.672,0.66,-0.56,-0.551,0.947,-0.29,0.295,0.781,-0.604,0.877,-0.52,0.212,-0.776,0.44,-0.444,0.008,0.215,0.522,-0.139,0.863,0.933,0.81,0.427,0.873,0.917,-0.616,0.546,-0.561,-0.076,0.692,-0.15,-0.481,-0.032,0.175,0.798,0.621,0.513,0.571,-0.403,0.794,0.259,0.604,-0.236,-0.466,0.788,0.625,0.599,0.88,0.872,-0.509,-0.538,0.72,0.837,0.895,0.901,0.633,0.363,-0.813,0.429,-0.638,0.534,0.577,0.796,-0.612,0.649,0.753,0.914,0.652,0.749,0.544,0.859,0.857,0.068,0.189,0.673,0.78,0.611,0.779,0.835,-0.816,-0.261,-0.208,0.227,-0.788,-0.439,0.36,-0.554,-0.736,0.504,0.831,-0.005,0.749,0.917,0.793,-0.825,0.156,0.916,0.718,-0.256,-0.774,-0.099,-0.056,-0.373,0.859,-0.001,0.864,0.04,0.49,-0.034,0.018,-0.535,0.526,-0.197,-0.664,0.83,-0.027,0.798,0.722,0.214
BANR,-0.254,-0.33,0.868,0.577,0.797,0.728,0.257,-0.468,0.835,-0.432,0.713,0.677,-0.208,-0.811,0.81,0.7,-0.535,0.903,-0.52,-0.177,0.625,0.878,0.836,0.0,0.908,0.871,0.732,-0.679,0.701,0.766,0.619,-0.098,0.753,0.695,0.848,-0.039,0.922,0.819,0.588,-0.227,0.832,-0.459,-0.795,-0.533,0.867,0.873,0.559,0.887,0.119,0.913,0.414,0.778,-0.356,0.863,-0.043,0.725,0.527,0.733,0.888,-0.033,0.214,0.765,0.89,0.864,0.593,0.153,0.693,0.737,0.829,0.825,0.667,0.744,0.528,0.703,0.911,0.849,0.96,-0.451,-0.015,0.758,-0.467,0.491,0.451,-0.444,-0.542,0.838,-0.34,0.398,0.728,-0.691,0.903,-0.626,0.507,-0.597,0.502,-0.412,0.337,0.19,0.535,-0.17,0.767,0.913,0.806,0.312,0.816,0.874,-0.427,0.698,-0.695,0.191,0.821,-0.273,-0.332,0.049,0.079,0.833,0.478,0.705,0.634,-0.24,0.796,0.308,0.732,-0.14,-0.433,0.733,0.829,0.718,0.825,0.929,-0.388,-0.424,0.589,0.831,0.776,0.893,0.746,0.307,-0.787,0.555,-0.625,0.797,0.471,0.887,-0.562,0.786,0.654,0.865,0.708,0.746,0.386,0.746,0.841,-0.012,0.202,0.718,0.696,0.686,0.772,0.61,-0.819,-0.173,-0.426,0.291,-0.735,-0.531,0.392,-0.456,-0.772,0.674,0.87,0.23,0.835,0.892,0.777,-0.798,0.158,0.868,0.768,-0.308,-0.71,0.076,-0.047,-0.502,0.842,-0.175,0.858,-0.137,0.496,0.199,0.16,-0.611,0.46,0.052,-0.641,0.91,0.237,0.641,0.726,0.191
BBIO,-0.303,-0.447,0.89,0.589,0.781,0.682,0.072,-0.612,0.803,-0.542,0.855,0.682,-0.113,-0.917,0.93,0.768,-0.602,0.922,-0.666,-0.465,0.746,0.844,0.889,0.908,0.0,0.877,0.746,-0.848,0.715,0.811,0.565,-0.193,0.697,0.796,0.843,-0.221,0.897,0.658,0.517,-0.13,0.826,-0.364,-0.921,-0.529,0.811,0.93,0.44,0.757,0.022,0.915,0.459,0.837,-0.288,0.91,-0.176,0.62,0.361,0.691,0.898,-0.002,0.148,0.716,0.863,0.923,0.7,0.135,0.618,0.594,0.829,0.791,0.612,0.748,0.456,0.658,0.856,0.746,0.93,-0.642,-0.166,0.715,-0.693,0.555,0.535,-0.558,-0.661,0.886,-0.48,0.201,0.714,-0.664,0.875,-0.686,0.283,-0.781,0.375,-0.476,0.068,0.127,0.509,-0.317,0.829,0.959,0.856,0.255,0.855,0.86,-0.633,0.734,-0.671,-0.052,0.784,-0.278,-0.571,0.016,-0.086,0.831,0.672,0.544,0.538,-0.399,0.847,0.26,0.693,-0.217,-0.58,0.78,0.726,0.78,0.838,0.894,-0.436,-0.52,0.598,0.831,0.871,0.889,0.673,0.449,-0.804,0.466,-0.73,0.633,0.472,0.881,-0.643,0.7,0.764,0.906,0.711,0.686,0.442,0.744,0.882,-0.11,0.147,0.73,0.751,0.59,0.798,0.648,-0.869,-0.317,-0.459,0.215,-0.882,-0.645,0.281,-0.586,-0.791,0.526,0.851,-0.0,0.859,0.852,0.753,-0.802,-0.001,0.939,0.828,-0.327,-0.856,-0.111,-0.262,-0.531,0.887,-0.071,0.871,-0.144,0.517,0.025,-0.017,-0.655,0.579,0.023,-0.805,0.897,0.087,0.733,0.736,0.138
BCYC,-0.175,-0.34,0.88,0.68,0.892,0.901,0.291,-0.515,0.913,-0.507,0.694,0.471,-0.374,-0.925,0.875,0.783,-0.591,0.942,-0.553,-0.185,0.703,0.911,0.883,0.871,0.877,0.0,0.84,-0.768,0.809,0.902,0.576,-0.191,0.842,0.748,0.945,0.029,0.909,0.708,0.388,-0.451,0.92,-0.416,-0.849,-0.646,0.84,0.827,0.574,0.779,-0.015,0.962,0.26,0.843,-0.506,0.862,0.026,0.764,0.551,0.58,0.92,-0.063,0.057,0.831,0.901,0.916,0.486,0.039,0.661,0.674,0.923,0.846,0.746,0.766,0.297,0.877,0.889,0.855,0.899,-0.509,-0.148,0.876,-0.589,0.399,0.361,-0.646,-0.595,0.841,-0.438,0.356,0.802,-0.777,0.936,-0.739,0.299,-0.648,0.547,-0.363,0.115,0.069,0.508,-0.168,0.811,0.951,0.692,0.246,0.832,0.939,-0.561,0.639,-0.778,0.067,0.736,-0.44,-0.412,-0.179,0.05,0.897,0.457,0.718,0.524,-0.328,0.748,0.219,0.788,-0.354,-0.398,0.74,0.811,0.718,0.853,0.817,-0.488,-0.412,0.566,0.922,0.807,0.941,0.697,0.096,-0.868,0.663,-0.697,0.735,0.323,0.903,-0.511,0.81,0.74,0.968,0.66,0.842,0.369,0.697,0.865,-0.114,0.299,0.784,0.784,0.818,0.75,0.638,-0.86,-0.197,-0.495,0.459,-0.777,-0.594,0.164,-0.505,-0.811,0.461,0.938,0.317,0.853,0.872,0.674,-0.819,0.389,0.817,0.64,-0.296,-0.802,-0.062,-0.136,-0.561,0.953,-0.336,0.966,-0.222,0.723,0.158,0.106,-0.726,0.261,-0.098,-0.633,0.91,-0.015,0.639,0.761,0.063
BHFAP,-0.094,-0.42,0.718,0.537,0.793,0.8,0.211,-0.315,0.753,-0.333,0.53,0.454,-0.361,-0.787,0.706,0.69,-0.624,0.84,-0.511,-0.08,0.622,0.796,0.705,0.732,0.746,0.84,0.0,-0.669,0.69,0.803,0.491,-0.117,0.81,0.594,0.778,-0.027,0.807,0.546,0.27,-0.46,0.78,-0.412,-0.723,-0.666,0.767,0.715,0.632,0.677,0.023,0.838,0.197,0.768,-0.549,0.788,-0.052,0.75,0.633,0.392,0.816,-0.235,0.002,0.779,0.831,0.82,0.435,-0.117,0.678,0.519,0.83,0.739,0.749,0.614,0.26,0.764,0.762,0.78,0.725,-0.493,-0.177,0.823,-0.49,0.234,0.184,-0.558,-0.518,0.707,-0.529,0.325,0.647,-0.723,0.849,-0.683,0.248,-0.488,0.633,-0.36,0.148,0.071,0.495,-0.162,0.684,0.806,0.596,0.168,0.759,0.831,-0.472,0.586,-0.71,0.093,0.694,-0.497,-0.257,-0.172,-0.023,0.813,0.39,0.739,0.565,-0.173,0.656,0.287,0.783,-0.397,-0.33,0.582,0.809,0.695,0.767,0.697,-0.382,-0.52,0.5,0.831,0.687,0.819,0.751,-0.008,-0.736,0.695,-0.519,0.734,0.208,0.805,-0.361,0.738,0.643,0.844,0.615,0.812,0.243,0.581,0.801,-0.091,0.142,0.743,0.692,0.765,0.75,0.497,-0.774,-0.147,-0.567,0.424,-0.682,-0.603,0.14,-0.355,-0.728,0.337,0.815,0.403,0.702,0.67,0.495,-0.685,0.403,0.708,0.517,-0.304,-0.696,0.043,-0.123,-0.552,0.851,-0.41,0.846,-0.283,0.641,0.237,0.199,-0.679,0.156,0.023,-0.529,0.809,-0.093,0.539,0.75,0.039
BKR,0.435,0.476,-0.732,-0.632,-0.641,-0.677,0.199,0.803,-0.667,0.719,-0.808,-0.401,0.159,0.891,-0.895,-0.641,0.623,-0.741,0.783,0.645,-0.804,-0.67,-0.818,-0.679,-0.848,-0.768,-0.669,0.0,-0.605,-0.73,-0.235,0.447,-0.523,-0.741,-0.801,0.22,-0.697,-0.366,-0.208,0.255,-0.696,0.154,0.884,0.529,-0.567,-0.756,-0.182,-0.48,0.349,-0.755,-0.139,-0.729,0.394,-0.703,0.124,-0.341,-0.119,-0.556,-0.752,-0.044,0.122,-0.534,-0.674,-0.773,-0.548,-0.027,-0.358,-0.25,-0.682,-0.541,-0.403,-0.554,-0.185,-0.578,-0.614,-0.495,-0.752,0.778,0.35,-0.641,0.781,-0.428,-0.415,0.729,0.797,-0.735,0.585,0.132,-0.596,0.602,-0.728,0.726,-0.012,0.854,-0.223,0.485,0.279,0.2,-0.388,0.448,-0.685,-0.836,-0.606,-0.054,-0.661,-0.784,0.867,-0.534,0.602,0.306,-0.451,0.397,0.795,0.355,0.284,-0.62,-0.631,-0.221,-0.294,0.681,-0.574,0.097,-0.403,0.352,0.657,-0.62,-0.446,-0.564,-0.609,-0.651,0.494,0.495,-0.427,-0.693,-0.799,-0.707,-0.455,-0.298,0.799,-0.207,0.84,-0.349,-0.243,-0.748,0.657,-0.436,-0.701,-0.81,-0.354,-0.54,-0.291,-0.596,-0.68,0.183,-0.091,-0.575,-0.816,-0.456,-0.553,-0.583,0.797,0.53,0.442,-0.019,0.867,0.683,-0.051,0.75,0.673,-0.372,-0.713,0.2,-0.807,-0.715,-0.537,0.667,-0.159,-0.785,-0.495,0.305,0.899,0.347,0.488,0.47,-0.806,0.176,-0.787,0.063,-0.536,0.242,0.371,0.757,-0.319,0.135,0.862,-0.682,0.279,-0.597,-0.46,0.078
BLDP,0.076,-0.057,0.774,0.708,0.71,0.685,0.423,-0.382,0.853,-0.284,0.706,0.221,-0.008,-0.745,0.803,0.904,-0.215,0.791,-0.163,-0.065,0.768,0.607,0.745,0.701,0.715,0.809,0.69,-0.605,0.0,0.87,0.635,-0.007,0.559,0.828,0.784,0.288,0.718,0.636,0.461,-0.113,0.891,0.016,-0.63,-0.298,0.64,0.72,0.296,0.578,0.007,0.758,0.276,0.87,-0.15,0.7,0.4,0.775,0.318,0.444,0.737,0.173,0.268,0.696,0.626,0.645,0.59,0.383,0.413,0.646,0.87,0.7,0.613,0.724,0.23,0.696,0.748,0.625,0.735,-0.217,-0.359,0.632,-0.31,0.363,0.341,-0.378,-0.227,0.774,-0.261,0.469,0.915,-0.378,0.728,-0.47,0.25,-0.469,0.466,0.098,0.173,0.14,0.723,0.197,0.854,0.773,0.526,0.5,0.823,0.724,-0.538,0.362,-0.458,-0.062,0.519,-0.115,-0.222,-0.162,0.225,0.806,0.603,0.574,0.272,-0.187,0.593,0.154,0.773,-0.283,0.018,0.851,0.591,0.471,0.716,0.643,-0.06,-0.2,0.631,0.853,0.728,0.759,0.418,0.19,-0.625,0.596,-0.44,0.584,0.237,0.744,-0.138,0.571,0.879,0.802,0.695,0.682,0.681,0.681,0.67,0.024,0.65,0.926,0.707,0.685,0.691,0.655,-0.532,0.103,-0.171,0.245,-0.457,-0.249,0.207,-0.215,-0.491,0.502,0.646,0.211,0.728,0.82,0.419,-0.499,0.357,0.735,0.554,0.171,-0.595,0.192,-0.007,-0.123,0.835,-0.127,0.826,0.157,0.695,-0.005,0.246,-0.383,0.275,0.199,-0.36,0.659,0.074,0.64,0.747,0.258
BLFS,-0.128,-0.336,0.782,0.728,0.788,0.807,0.358,-0.463,0.845,-0.39,0.652,0.323,-0.206,-0.868,0.863,0.894,-0.519,0.863,-0.394,-0.177,0.751,0.746,0.781,0.766,0.811,0.902,0.803,-0.73,0.87,0.0,0.522,-0.131,0.749,0.789,0.831,0.032,0.85,0.609,0.301,-0.338,0.92,-0.16,-0.739,-0.558,0.725,0.775,0.479,0.675,-0.073,0.857,0.243,0.908,-0.455,0.784,0.205,0.768,0.476,0.401,0.802,-0.058,0.127,0.861,0.758,0.828,0.505,0.079,0.468,0.605,0.924,0.767,0.801,0.74,0.279,0.83,0.799,0.746,0.792,-0.452,-0.33,0.802,-0.429,0.26,0.232,-0.542,-0.458,0.759,-0.513,0.318,0.879,-0.604,0.805,-0.718,0.276,-0.548,0.489,-0.126,0.144,0.015,0.555,-0.035,0.861,0.845,0.568,0.242,0.823,0.809,-0.606,0.553,-0.716,-0.092,0.595,-0.387,-0.377,-0.299,-0.024,0.92,0.598,0.627,0.326,-0.231,0.59,0.109,0.793,-0.373,-0.212,0.828,0.7,0.71,0.771,0.697,-0.256,-0.38,0.559,0.911,0.748,0.866,0.552,0.093,-0.762,0.69,-0.609,0.672,0.134,0.87,-0.281,0.716,0.875,0.901,0.677,0.744,0.473,0.626,0.775,-0.136,0.497,0.839,0.747,0.79,0.704,0.556,-0.693,-0.016,-0.493,0.41,-0.653,-0.521,0.104,-0.376,-0.671,0.47,0.789,0.279,0.835,0.794,0.437,-0.633,0.381,0.748,0.583,-0.069,-0.759,0.022,-0.22,-0.389,0.952,-0.326,0.911,-0.167,0.742,0.042,0.143,-0.666,0.189,0.155,-0.523,0.815,-0.016,0.62,0.775,0.146
BLKB,0.455,0.294,0.682,0.108,0.735,0.31,0.576,-0.041,0.719,0.16,0.526,0.599,0.15,-0.457,0.479,0.686,0.109,0.655,0.059,0.167,0.519,0.551,0.65,0.619,0.565,0.576,0.491,-0.235,0.635,0.522,0.0,0.566,0.441,0.673,0.527,0.348,0.612,0.756,0.807,0.194,0.698,-0.368,-0.481,0.044,0.767,0.685,0.501,0.614,0.66,0.623,0.777,0.442,0.142,0.677,0.129,0.783,0.415,0.522,0.692,0.24,0.664,0.428,0.597,0.482,0.72,0.526,0.688,0.841,0.708,0.812,0.381,0.797,0.439,0.405,0.779,0.636,0.647,0.144,0.155,0.333,-0.187,0.68,0.657,0.066,0.105,0.732,0.172,0.681,0.676,-0.21,0.643,0.008,0.439,-0.252,0.608,-0.029,0.406,0.697,0.632,0.375,0.782,0.588,0.751,0.724,0.81,0.616,-0.024,0.355,-0.161,0.304,0.736,0.279,0.177,0.465,0.66,0.724,0.449,0.663,0.609,0.274,0.753,0.678,0.643,0.092,0.068,0.695,0.55,0.434,0.819,0.736,-0.114,-0.337,0.845,0.67,0.597,0.692,0.542,0.42,-0.305,0.547,0.03,0.533,0.739,0.527,-0.1,0.585,0.581,0.595,0.855,0.624,0.743,0.807,0.687,0.211,0.298,0.652,0.304,0.554,0.766,0.711,-0.384,0.37,0.147,0.336,-0.296,0.093,0.615,0.062,-0.448,0.451,0.511,0.266,0.281,0.657,0.628,-0.553,-0.037,0.686,0.745,0.119,-0.221,0.438,0.514,0.018,0.549,0.27,0.522,0.125,0.208,0.34,0.591,0.039,0.598,0.119,-0.091,0.647,0.452,0.756,0.805,0.618
