,ABAT,ACLS,ACMR,ADMA,ADUS,ADVM,AEIS,AGNCM,AHCO,ALGT,ALLO,AMSF,ANAB,ANDE,APLS,APPF,ASML,ATRC,AVGO,AVT,AXDX,AXSM,AZN,BANR,BBIO,BCYC,BHFAP,BKR,BLDP,BLFS,BLKB,BLMN,BNTX,BPMC,CALM,CAMT,CASH,CATY,CCEP,CDLX,CDNS,CENN,CENX,CGC,CHDN,CLBK,COKE,COLB,COO,CORT,CRMT,CRNX,CRTO,CRVL,CSCO,CSQ,CSWI,CVBF,CWST,CYCC,CZR,DLTR,DORM,ENTA,EQIX,ERIC,EVRG,EWBC,EXAS,EXLS,EXPI,EYE,FBNC,FBRX,FCNCA,FELE,FIBK,FLEX,FRGT,FRHC,FRME,FWONA,FWONK,GDEN,GIII,GILD,GLNG,GNTX,GOOGL,GRPN,HCSG,HIMX,HOPE,HST,HTLD,HUT,HWC,ICUI,IESC,INTC,INTU,IOVA,IPAR,IPGP,ISRG,JBSS,KALU,KPRX,KRNT,LAUR,LBRDA,LBTYK,LECO,LILAK,LITE,MANH,MDXG,MFIC,MGEE,MIDD,MLAB,MMSI,MNKD,MOMO,MRVL,NICE,NMFC,NUWE,NVCR,NWBI,OFIX,OFLX,OMCL,OPK,ORKA,ORLY,OTTR,PDD,PNTG,POOL,POWL,PPBI,PPC,PRAA,PRPL,PZZA,QTRX,QURE,RDFN,RDHL,REAL,REG,REYN,RGLD,RIOT,RUN,RYTM,SAIA,SBAC,SBRA,SCVL,SHOO,SLAB,SLDB,SMCI,SMTC,SRCE,SSP,SSRM,STBA,STRO,SVC,SYBT,TCBI,TCOM,TENX,TH,TMUS,TNDM,TTD,TTMI,UAL,ULH,ULTA,VCYT,VIRT,VKTX,VOD,VRDN,VREX,VRNT,VSAT,WB,WBD,WDC,WEN,WSFS,XXII,Z,ZBRA
ABAT,0.0,0.545,0.471,-0.044,0.443,0.108,0.484,0.48,0.404,0.444,0.407,-0.345,0.375,0.39,0.32,0.375,0.608,0.409,0.576,0.468,0.157,-0.012,-0.024,0.341,-0.07,0.098,0.099,-0.187,0.543,0.468,0.5,0.546,0.023,0.151,0.185,0.564,0.331,0.592,0.307,-0.124,0.395,0.254,0.373,0.505,0.38,0.143,-0.365,0.423,0.398,0.158,0.459,-0.158,0.454,0.262,0.594,0.504,0.26,0.418,0.258,0.664,0.618,0.258,0.278,-0.371,0.181,0.342,-0.398,0.598,0.123,-0.064,0.269,0.543,0.391,-0.061,0.372,0.328,0.324,0.691,-0.112,0.171,0.374,0.575,0.564,0.528,0.709,-0.246,0.465,0.411,0.047,0.561,-0.412,0.484,0.425,0.521,0.221,0.643,0.514,0.532,0.402,0.563,0.559,0.037,0.356,0.617,0.338,-0.012,-0.063,-0.348,0.321,0.497,0.384,0.613,0.5,0.106,0.593,0.203,-0.246,0.275,-0.419,0.526,0.312,0.448,-0.44,-0.045,0.545,0.588,0.233,-0.12,0.263,0.226,0.22,0.121,0.024,-0.324,-0.388,0.335,-0.26,-0.186,0.468,0.066,0.574,0.421,0.338,0.077,0.344,0.414,0.114,0.228,0.476,-0.132,0.495,0.576,0.109,-0.172,0.562,-0.013,0.417,0.39,-0.264,0.37,0.845,0.621,0.643,0.327,0.472,0.611,0.149,0.542,0.189,0.376,0.051,0.274,0.014,0.402,0.5,-0.246,0.191,-0.34,0.352,0.636,0.658,0.156,0.469,0.7,0.042,0.122,0.019,0.356,0.231,0.524,0.598,0.414,-0.05,0.181,0.506,0.261,0.4,0.073,0.487,0.541
ACLS,0.545,0.0,0.165,0.13,0.912,0.531,0.946,0.899,0.896,0.439,0.901,-0.77,0.605,0.581,0.747,0.369,0.967,0.805,0.926,0.906,0.665,-0.195,0.056,0.728,0.004,0.598,0.527,-0.778,0.502,0.575,0.233,0.895,0.114,-0.082,0.718,0.948,0.548,0.789,0.178,-0.724,0.83,-0.123,0.031,0.043,0.883,0.432,-0.869,0.435,0.123,0.547,0.181,0.102,0.262,0.667,0.839,0.838,0.823,0.739,0.69,0.513,0.598,0.298,-0.037,-0.278,-0.181,-0.136,-0.299,0.863,0.467,-0.451,0.4,0.588,0.662,-0.516,0.757,0.76,0.623,0.909,0.455,0.584,0.708,0.684,0.559,0.666,0.86,-0.783,0.501,0.185,-0.336,0.135,-0.745,0.376,0.771,0.925,0.839,0.868,0.765,0.836,0.793,0.903,0.745,0.334,0.799,0.968,0.8,0.345,-0.489,-0.909,-0.041,0.723,0.792,0.363,0.82,-0.44,0.971,0.144,-0.4,0.485,-0.466,0.844,0.209,0.43,-0.841,-0.651,0.919,0.608,0.509,-0.289,0.093,0.635,0.631,0.643,-0.588,-0.643,-0.688,0.766,-0.268,-0.681,0.454,-0.145,0.797,0.812,0.677,0.618,0.289,0.095,-0.087,0.708,0.27,-0.337,-0.06,0.873,0.727,-0.762,0.892,-0.316,0.906,0.682,-0.338,0.836,0.651,0.598,0.85,0.731,0.936,0.981,0.429,0.916,-0.374,0.824,0.585,0.76,0.427,0.851,0.369,-0.768,0.802,-0.132,0.264,0.69,0.897,0.283,0.504,0.812,0.432,-0.295,0.321,-0.179,0.746,0.842,0.729,0.288,-0.663,0.517,0.891,0.731,0.75,-0.661,0.563,0.876
ACMR,0.471,0.165,0.0,0.256,0.193,0.147,0.249,0.16,0.179,0.465,0.213,-0.085,0.294,0.015,0.209,0.521,0.135,0.359,0.294,0.192,0.249,0.457,0.091,0.348,0.082,0.152,0.141,0.025,0.61,0.516,0.464,0.218,0.461,0.473,-0.024,0.268,0.323,0.349,0.094,0.046,0.227,0.536,0.196,0.155,0.208,0.194,-0.02,0.616,0.215,0.34,0.328,0.298,0.276,0.275,0.344,0.314,0.138,0.02,0.238,0.22,0.387,0.416,0.486,0.286,0.247,0.188,-0.324,0.332,0.294,0.281,0.465,0.498,0.299,0.304,0.189,0.129,0.195,0.298,-0.243,0.308,0.138,0.152,0.145,0.261,0.228,0.117,0.033,0.624,0.451,0.348,0.068,-0.057,0.276,0.29,0.047,0.436,0.275,0.21,0.327,0.436,0.357,0.381,0.064,0.324,0.294,0.086,-0.051,0.048,0.031,0.465,0.241,0.167,0.213,0.169,0.258,0.326,0.153,0.453,-0.214,0.321,0.294,0.199,0.15,0.062,0.356,0.488,0.372,0.215,0.587,0.069,0.288,0.059,0.191,0.225,0.045,0.255,0.163,-0.022,0.085,0.504,0.242,0.257,-0.132,0.072,0.292,0.447,0.546,0.213,0.643,0.267,0.686,0.255,0.091,-0.105,0.361,0.512,0.184,0.424,0.199,-0.096,0.342,0.375,0.134,0.277,0.078,0.246,-0.089,0.2,0.121,0.097,0.042,0.227,0.137,0.152,0.062,0.05,-0.013,0.166,0.237,0.499,0.334,0.398,0.117,0.403,0.293,-0.04,0.254,0.378,0.264,0.355,0.4,0.104,0.074,0.264,0.262,0.271,0.186,0.278,0.539,0.211
ADMA,-0.044,0.13,0.256,0.0,0.375,0.707,0.328,0.144,0.45,0.219,0.301,-0.467,-0.104,-0.533,0.261,0.585,-0.006,0.509,0.213,0.331,0.623,0.794,0.132,0.227,0.279,0.731,0.615,-0.394,0.63,0.636,-0.137,0.116,0.826,0.674,0.533,0.312,0.318,0.171,-0.424,-0.501,0.354,0.597,-0.227,-0.556,0.332,-0.042,-0.114,0.279,-0.453,0.703,-0.379,0.865,-0.456,0.192,0.384,0.41,0.398,-0.15,0.488,-0.023,-0.021,0.76,0.412,0.674,-0.35,-0.293,-0.423,0.192,0.864,-0.051,0.747,0.519,-0.046,0.381,0.331,0.127,0.167,0.083,-0.138,0.73,0.006,-0.397,-0.513,-0.173,0.082,0.182,-0.42,0.272,0.528,-0.491,0.053,-0.661,0.095,0.21,0.259,0.358,0.063,-0.039,0.37,0.311,0.276,0.851,-0.017,0.124,0.28,0.595,-0.542,-0.202,-0.754,-0.022,0.183,-0.515,0.017,-0.622,0.107,0.101,0.076,0.725,-0.484,0.123,-0.24,-0.318,0.285,-0.501,0.411,0.414,0.537,0.125,0.563,-0.07,0.147,0.297,-0.109,0.522,0.177,0.599,-0.056,-0.541,-0.469,0.628,-0.225,0.227,-0.408,0.54,0.703,0.319,0.737,0.697,0.338,0.615,0.18,0.117,0.298,-0.365,0.374,0.627,0.336,0.612,0.141,0.057,-0.117,0.275,-0.261,0.544,0.146,0.067,-0.305,0.145,-0.411,0.082,0.747,0.583,0.297,0.321,-0.597,-0.161,0.469,0.089,-0.253,0.418,-0.043,0.42,-0.3,0.185,0.892,-0.701,0.876,-0.006,0.557,0.306,0.166,-0.625,-0.549,0.344,0.357,0.483,-0.059,-0.149,0.536,0.075
ADUS,0.443,0.912,0.193,0.375,0.0,0.663,0.953,0.893,0.97,0.445,0.902,-0.819,0.536,0.387,0.815,0.574,0.864,0.898,0.912,0.924,0.78,0.02,0.172,0.795,0.13,0.775,0.732,-0.845,0.619,0.735,0.179,0.866,0.387,0.05,0.851,0.935,0.658,0.801,0.131,-0.822,0.911,0.012,-0.083,-0.21,0.948,0.476,-0.826,0.542,0.024,0.745,0.091,0.307,0.079,0.769,0.895,0.929,0.922,0.7,0.822,0.409,0.525,0.517,0.064,-0.026,-0.203,-0.239,-0.292,0.863,0.662,-0.326,0.625,0.693,0.651,-0.327,0.864,0.791,0.706,0.824,0.41,0.791,0.711,0.508,0.35,0.585,0.801,-0.695,0.301,0.16,-0.186,-0.085,-0.669,0.075,0.797,0.928,0.904,0.904,0.752,0.759,0.906,0.902,0.805,0.517,0.773,0.896,0.847,0.584,-0.656,-0.919,-0.295,0.7,0.832,0.191,0.795,-0.611,0.909,0.231,-0.342,0.718,-0.473,0.838,0.138,0.341,-0.691,-0.747,0.95,0.683,0.717,-0.145,0.205,0.636,0.726,0.679,-0.583,-0.481,-0.577,0.9,-0.158,-0.761,0.316,0.053,0.693,0.879,0.525,0.786,0.402,0.187,0.075,0.867,0.363,-0.14,-0.066,0.863,0.836,-0.783,0.948,-0.097,0.918,0.83,-0.131,0.843,0.528,0.645,0.627,0.804,0.898,0.881,0.401,0.907,-0.498,0.844,0.744,0.871,0.584,0.919,0.103,-0.746,0.88,-0.022,0.214,0.693,0.774,0.347,0.391,0.774,0.643,-0.471,0.531,-0.188,0.84,0.855,0.754,0.017,-0.768,0.648,0.862,0.876,0.716,-0.685,0.706,0.842
ADVM,0.108,0.531,0.147,0.707,0.663,0.0,0.579,0.5,0.726,0.362,0.577,-0.867,-0.013,-0.263,0.426,0.304,0.355,0.621,0.445,0.6,0.876,0.493,0.115,0.328,-0.09,0.812,0.684,-0.644,0.625,0.564,-0.368,0.386,0.619,0.414,0.74,0.695,0.208,0.312,-0.545,-0.891,0.484,0.373,-0.246,-0.537,0.575,-0.09,-0.57,0.232,-0.637,0.749,-0.539,0.643,-0.48,0.219,0.506,0.537,0.596,0.058,0.553,0.298,-0.017,0.688,0.393,0.257,-0.697,-0.535,-0.426,0.385,0.873,-0.491,0.571,0.564,0.031,-0.003,0.435,0.248,0.174,0.335,0.021,0.893,0.118,-0.194,-0.356,-0.07,0.27,-0.31,-0.209,0.242,0.093,-0.515,-0.135,-0.392,0.241,0.508,0.576,0.609,0.163,0.215,0.533,0.608,0.28,0.767,0.177,0.458,0.417,0.769,-0.703,-0.593,-0.626,0.21,0.391,-0.387,0.211,-0.841,0.46,-0.174,-0.393,0.734,-0.582,0.282,-0.41,-0.369,-0.164,-0.85,0.711,0.319,0.53,-0.324,0.263,0.03,0.198,0.5,-0.634,0.111,-0.183,0.786,-0.246,-0.902,-0.41,0.425,0.064,0.388,-0.153,0.604,0.667,-0.006,0.344,0.883,0.109,0.419,-0.06,0.374,0.481,-0.697,0.656,0.264,0.716,0.701,-0.331,0.378,0.072,0.222,0.13,0.772,0.442,0.438,-0.246,0.402,-0.403,0.292,0.836,0.886,0.239,0.514,-0.368,-0.623,0.86,-0.061,-0.452,0.491,0.323,0.632,-0.222,0.478,0.854,-0.913,0.903,0.003,0.887,0.597,0.189,-0.532,-0.891,0.272,0.735,0.612,0.098,-0.606,0.47,0.261
AEIS,0.484,0.946,0.249,0.328,0.953,0.579,0.0,0.893,0.949,0.45,0.921,-0.745,0.633,0.461,0.84,0.587,0.905,0.928,0.94,0.947,0.725,-0.034,0.085,0.831,0.211,0.731,0.684,-0.843,0.623,0.75,0.288,0.903,0.333,0.064,0.788,0.932,0.717,0.846,0.196,-0.734,0.927,-0.029,-0.056,-0.102,0.952,0.55,-0.794,0.551,0.139,0.69,0.219,0.299,0.223,0.781,0.912,0.938,0.92,0.744,0.829,0.386,0.666,0.466,0.012,-0.041,-0.097,-0.129,-0.328,0.911,0.615,-0.337,0.624,0.681,0.732,-0.405,0.873,0.835,0.751,0.888,0.441,0.715,0.766,0.602,0.464,0.671,0.866,-0.713,0.348,0.192,-0.183,0.048,-0.751,0.179,0.834,0.952,0.876,0.907,0.823,0.835,0.868,0.914,0.863,0.479,0.842,0.949,0.863,0.43,-0.594,-0.894,-0.242,0.728,0.857,0.254,0.842,-0.51,0.926,0.312,-0.23,0.651,-0.508,0.903,0.245,0.442,-0.731,-0.675,0.948,0.755,0.694,-0.074,0.257,0.697,0.712,0.619,-0.516,-0.53,-0.602,0.86,-0.182,-0.678,0.415,-0.014,0.736,0.904,0.599,0.785,0.392,0.22,0.109,0.82,0.421,-0.231,-0.004,0.901,0.832,-0.784,0.933,-0.114,0.915,0.821,-0.141,0.805,0.599,0.708,0.696,0.787,0.942,0.924,0.452,0.939,-0.528,0.873,0.699,0.813,0.599,0.915,0.196,-0.712,0.809,-0.05,0.344,0.77,0.816,0.286,0.469,0.776,0.601,-0.356,0.449,-0.235,0.775,0.851,0.817,0.139,-0.685,0.705,0.857,0.862,0.784,-0.6,0.72,0.908
AGNCM,0.48,0.899,0.16,0.144,0.893,0.5,0.893,0.0,0.87,0.546,0.907,-0.706,0.636,0.523,0.768,0.404,0.883,0.817,0.822,0.848,0.683,-0.143,-0.035,0.752,0.173,0.559,0.625,-0.823,0.5,0.58,0.158,0.923,0.231,-0.111,0.708,0.893,0.607,0.803,0.19,-0.715,0.785,-0.099,-0.093,-0.067,0.934,0.453,-0.826,0.504,0.136,0.546,0.243,0.119,0.249,0.735,0.777,0.849,0.851,0.743,0.755,0.408,0.581,0.408,0.083,-0.147,-0.083,-0.182,-0.277,0.857,0.484,-0.482,0.492,0.634,0.699,-0.543,0.794,0.727,0.653,0.791,0.334,0.634,0.666,0.658,0.513,0.69,0.839,-0.793,0.366,0.093,-0.421,0.09,-0.734,0.279,0.787,0.915,0.839,0.882,0.762,0.824,0.85,0.823,0.766,0.346,0.847,0.892,0.785,0.393,-0.533,-0.895,-0.06,0.771,0.904,0.344,0.77,-0.425,0.876,0.12,-0.335,0.548,-0.466,0.841,0.304,0.465,-0.807,-0.638,0.873,0.623,0.644,-0.161,0.097,0.624,0.624,0.523,-0.604,-0.643,-0.67,0.789,-0.174,-0.594,0.475,-0.11,0.776,0.849,0.657,0.691,0.369,0.148,-0.092,0.736,0.382,-0.341,-0.093,0.885,0.791,-0.783,0.902,-0.212,0.918,0.681,-0.172,0.796,0.643,0.613,0.668,0.707,0.893,0.876,0.404,0.923,-0.439,0.835,0.56,0.776,0.412,0.841,0.335,-0.777,0.784,-0.103,0.279,0.689,0.84,0.302,0.396,0.804,0.442,-0.312,0.327,-0.067,0.717,0.893,0.71,0.114,-0.625,0.649,0.774,0.818,0.723,-0.624,0.651,0.865
AHCO,0.404,0.896,0.179,0.45,0.97,0.726,0.949,0.87,0.0,0.439,0.912,-0.856,0.504,0.309,0.8,0.574,0.837,0.91,0.886,0.916,0.834,0.081,0.161,0.761,0.135,0.813,0.742,-0.861,0.644,0.74,0.101,0.844,0.417,0.111,0.877,0.931,0.621,0.778,0.04,-0.847,0.89,0.052,-0.084,-0.231,0.944,0.443,-0.833,0.498,-0.062,0.77,0.021,0.384,0.008,0.708,0.864,0.917,0.903,0.643,0.802,0.396,0.509,0.56,0.08,0.02,-0.289,-0.26,-0.34,0.851,0.725,-0.378,0.646,0.724,0.6,-0.342,0.857,0.746,0.663,0.8,0.398,0.819,0.662,0.437,0.274,0.546,0.773,-0.677,0.246,0.156,-0.169,-0.129,-0.647,0.027,0.757,0.908,0.879,0.893,0.699,0.74,0.87,0.89,0.771,0.587,0.739,0.867,0.815,0.576,-0.678,-0.922,-0.378,0.633,0.811,0.127,0.743,-0.661,0.879,0.178,-0.32,0.74,-0.522,0.808,0.069,0.263,-0.645,-0.777,0.951,0.682,0.709,-0.156,0.236,0.586,0.657,0.671,-0.621,-0.424,-0.57,0.924,-0.193,-0.782,0.247,0.079,0.615,0.85,0.475,0.8,0.457,0.142,0.146,0.908,0.362,-0.109,-0.065,0.833,0.831,-0.819,0.943,-0.054,0.944,0.82,-0.194,0.817,0.489,0.615,0.575,0.836,0.886,0.849,0.336,0.884,-0.534,0.808,0.787,0.904,0.564,0.911,0.073,-0.752,0.908,-0.06,0.152,0.704,0.741,0.389,0.315,0.759,0.701,-0.545,0.597,-0.205,0.861,0.85,0.71,-0.062,-0.802,0.654,0.881,0.876,0.668,-0.689,0.707,0.806
ALGT,0.444,0.439,0.465,0.219,0.445,0.362,0.45,0.546,0.439,0.0,0.571,-0.434,0.543,0.07,0.309,0.336,0.388,0.487,0.41,0.306,0.502,0.325,-0.014,0.419,0.092,0.181,0.21,-0.306,0.449,0.479,0.118,0.638,0.245,0.404,0.163,0.542,0.323,0.515,-0.124,-0.291,0.255,0.467,-0.011,0.202,0.525,0.016,-0.493,0.633,-0.043,0.422,0.256,0.214,0.073,0.335,0.391,0.471,0.375,0.157,0.26,0.629,0.498,0.621,0.65,0.162,-0.085,-0.164,-0.451,0.528,0.489,-0.327,0.532,0.754,0.348,-0.243,0.393,0.13,0.208,0.413,-0.262,0.423,0.122,0.217,0.17,0.497,0.457,-0.164,-0.014,0.534,0.08,0.352,-0.078,0.008,0.398,0.541,0.288,0.684,0.359,0.456,0.501,0.614,0.391,0.465,0.283,0.51,0.443,0.197,-0.14,-0.378,0.004,0.454,0.579,0.359,0.251,-0.015,0.441,-0.061,-0.008,0.503,-0.41,0.518,0.136,0.191,-0.236,-0.276,0.591,0.551,0.43,0.049,0.526,0.08,0.251,0.177,-0.21,-0.032,-0.23,0.585,-0.084,-0.27,0.091,0.475,0.428,0.373,0.116,0.288,0.516,0.301,0.343,0.444,0.692,0.083,0.497,0.562,0.329,-0.494,0.638,0.116,0.56,0.434,-0.123,0.279,0.599,0.443,0.265,0.548,0.288,0.476,-0.157,0.444,-0.001,0.269,0.189,0.542,-0.042,0.382,0.199,-0.483,0.351,0.152,0.052,0.637,0.584,0.772,-0.054,0.742,0.418,-0.299,0.341,0.485,0.474,0.678,0.404,-0.026,-0.262,0.381,0.588,0.591,0.241,-0.056,0.738,0.413
ALLO,0.407,0.901,0.213,0.301,0.902,0.577,0.921,0.907,0.912,0.571,0.0,-0.753,0.701,0.433,0.746,0.489,0.857,0.883,0.854,0.821,0.789,0.013,-0.004,0.759,0.186,0.659,0.62,-0.833,0.539,0.66,0.179,0.922,0.277,0.059,0.714,0.897,0.598,0.766,0.093,-0.72,0.808,0.001,-0.13,-0.061,0.941,0.429,-0.847,0.539,0.047,0.69,0.178,0.309,0.162,0.745,0.774,0.853,0.861,0.643,0.754,0.424,0.581,0.478,0.116,0.017,-0.16,-0.259,-0.357,0.839,0.62,-0.428,0.566,0.711,0.666,-0.508,0.769,0.709,0.609,0.783,0.394,0.67,0.624,0.57,0.424,0.667,0.77,-0.709,0.29,0.208,-0.273,0.069,-0.66,0.178,0.759,0.9,0.835,0.896,0.725,0.833,0.839,0.886,0.755,0.542,0.799,0.883,0.847,0.376,-0.551,-0.874,-0.19,0.717,0.897,0.292,0.726,-0.435,0.892,0.127,-0.221,0.609,-0.479,0.849,0.287,0.429,-0.711,-0.688,0.919,0.672,0.629,-0.124,0.267,0.588,0.664,0.635,-0.574,-0.498,-0.614,0.856,-0.18,-0.637,0.379,-0.003,0.701,0.814,0.583,0.704,0.391,0.17,0.104,0.793,0.456,-0.27,-0.006,0.843,0.803,-0.829,0.92,-0.182,0.942,0.702,-0.146,0.764,0.547,0.577,0.645,0.788,0.865,0.882,0.321,0.893,-0.461,0.779,0.655,0.833,0.431,0.829,0.255,-0.781,0.8,0.008,0.268,0.707,0.825,0.421,0.318,0.802,0.596,-0.404,0.438,-0.18,0.787,0.915,0.716,0.096,-0.665,0.65,0.853,0.865,0.705,-0.626,0.708,0.846
AMSF,-0.345,-0.77,-0.085,-0.467,-0.819,-0.867,-0.745,-0.706,-0.856,-0.434,-0.753,0.0,-0.21,-0.03,-0.522,-0.291,-0.658,-0.682,-0.671,-0.706,-0.872,-0.221,-0.127,-0.407,0.145,-0.726,-0.567,0.713,-0.553,-0.535,0.245,-0.633,-0.362,-0.2,-0.793,-0.848,-0.221,-0.476,0.352,0.907,-0.601,-0.204,0.118,0.281,-0.721,0.007,0.848,-0.236,0.45,-0.703,0.355,-0.393,0.286,-0.346,-0.636,-0.659,-0.648,-0.289,-0.543,-0.523,-0.161,-0.606,-0.279,0.031,0.648,0.5,0.456,-0.573,-0.736,0.543,-0.458,-0.681,-0.181,0.263,-0.538,-0.375,-0.263,-0.561,-0.159,-0.8,-0.268,-0.147,0.01,-0.202,-0.521,0.521,-0.084,-0.167,0.146,0.301,0.336,0.101,-0.399,-0.686,-0.677,-0.757,-0.328,-0.473,-0.627,-0.782,-0.428,-0.632,-0.392,-0.678,-0.557,-0.627,0.655,0.82,0.409,-0.368,-0.563,0.04,-0.402,0.751,-0.719,0.203,0.545,-0.63,0.589,-0.482,0.267,0.097,0.484,0.874,-0.853,-0.417,-0.448,0.419,-0.153,-0.168,-0.342,-0.613,0.752,0.21,0.417,-0.866,0.385,0.889,0.114,-0.223,-0.33,-0.51,-0.165,-0.545,-0.543,0.087,-0.111,-0.858,-0.149,-0.101,0.078,-0.572,-0.589,0.792,-0.818,0.052,-0.865,-0.652,0.454,-0.622,-0.352,-0.341,-0.462,-0.851,-0.657,-0.7,0.075,-0.618,0.366,-0.462,-0.739,-0.904,-0.209,-0.67,0.036,0.808,-0.918,0.138,0.288,-0.542,-0.598,-0.579,0.043,-0.716,-0.696,0.764,-0.724,-0.021,-0.894,-0.762,-0.347,0.239,0.883,-0.292,-0.879,-0.675,-0.287,0.736,-0.517,-0.481
ANAB,0.375,0.605,0.294,-0.104,0.536,-0.013,0.633,0.636,0.504,0.543,0.701,-0.21,0.0,0.588,0.617,0.389,0.636,0.578,0.636,0.468,0.299,-0.202,-0.043,0.692,0.36,0.197,0.271,-0.464,0.273,0.451,0.493,0.789,-0.011,0.003,0.215,0.518,0.628,0.662,0.452,-0.15,0.569,-0.101,-0.086,0.315,0.666,0.583,-0.509,0.544,0.48,0.333,0.645,0.016,0.48,0.693,0.518,0.602,0.548,0.612,0.415,0.361,0.767,0.153,-0.043,0.048,0.337,0.058,-0.177,0.697,0.202,-0.129,0.389,0.484,0.775,-0.476,0.574,0.606,0.585,0.626,0.409,0.169,0.617,0.695,0.658,0.835,0.65,-0.513,0.405,0.185,-0.238,0.524,-0.557,0.33,0.73,0.693,0.527,0.633,0.703,0.745,0.602,0.62,0.664,0.173,0.762,0.667,0.678,-0.066,-0.176,-0.512,0.147,0.672,0.761,0.553,0.631,0.138,0.639,0.316,0.168,0.273,-0.129,0.806,0.556,0.638,-0.578,-0.138,0.559,0.632,0.436,0.237,0.306,0.669,0.649,0.255,-0.178,-0.557,-0.486,0.458,0.019,-0.053,0.656,-0.121,0.76,0.659,0.678,0.424,0.027,0.224,0.029,0.315,0.626,-0.439,0.226,0.731,0.602,-0.469,0.611,-0.211,0.548,0.372,0.114,0.533,0.591,0.572,0.535,0.42,0.596,0.642,0.499,0.706,-0.248,0.667,0.143,0.354,0.362,0.524,0.48,-0.419,0.262,0.148,0.658,0.523,0.681,0.215,0.472,0.552,0.163,0.158,-0.087,-0.187,0.299,0.607,0.706,0.42,-0.088,0.618,0.461,0.633,0.753,-0.182,0.612,0.766
ANDE,0.39,0.581,0.015,-0.533,0.387,-0.263,0.461,0.523,0.309,0.07,0.433,-0.03,0.588,0.0,0.459,0.053,0.686,0.278,0.588,0.472,-0.056,-0.695,0.09,0.561,0.001,-0.023,0.014,-0.232,-0.017,0.032,0.548,0.571,-0.406,-0.557,0.155,0.388,0.413,0.575,0.715,-0.033,0.48,-0.549,0.383,0.414,0.435,0.647,-0.382,0.316,0.667,-0.039,0.62,-0.475,0.721,0.55,0.42,0.417,0.387,0.777,0.278,0.202,0.579,-0.421,-0.507,-0.518,0.383,0.354,0.302,0.57,-0.295,-0.043,-0.139,-0.022,0.731,-0.549,0.445,0.665,0.559,0.659,0.589,-0.133,0.729,0.884,0.873,0.768,0.61,-0.606,0.82,-0.023,-0.48,0.523,-0.641,0.753,0.676,0.567,0.492,0.357,0.697,0.702,0.417,0.406,0.474,-0.351,0.679,0.614,0.499,-0.173,0.138,-0.443,0.562,0.688,0.459,0.681,0.768,0.236,0.632,0.352,-0.127,-0.077,0.209,0.637,0.55,0.765,-0.731,0.065,0.333,0.231,0.166,-0.096,-0.225,0.752,0.578,0.352,-0.152,-0.795,-0.666,0.082,0.18,0.045,0.851,-0.557,0.834,0.569,0.89,0.14,-0.423,0.06,-0.498,-0.014,0.081,-0.744,-0.104,0.598,0.386,-0.156,0.351,-0.549,0.316,0.104,-0.053,0.616,0.502,0.341,0.797,-0.001,0.582,0.623,0.783,0.63,0.034,0.671,-0.1,0.056,0.369,0.484,0.741,-0.251,0.146,0.054,0.632,0.219,0.68,-0.228,0.831,0.351,-0.301,0.481,-0.471,-0.281,0.071,0.32,0.561,0.791,0.056,0.335,0.281,0.227,0.787,-0.283,0.096,0.693
APLS,0.32,0.747,0.209,0.261,0.815,0.426,0.84,0.768,0.8,0.309,0.746,-0.522,0.617,0.459,0.0,0.541,0.718,0.802,0.813,0.834,0.549,-0.083,0.228,0.846,0.381,0.67,0.712,-0.74,0.593,0.651,0.303,0.757,0.389,0.045,0.69,0.72,0.814,0.783,0.385,-0.584,0.883,-0.101,-0.089,-0.2,0.849,0.709,-0.573,0.553,0.247,0.633,0.295,0.285,0.262,0.788,0.792,0.859,0.85,0.721,0.783,0.186,0.629,0.33,-0.15,0.118,0.073,-0.034,-0.122,0.823,0.514,-0.177,0.617,0.484,0.774,-0.303,0.868,0.851,0.812,0.738,0.531,0.615,0.814,0.542,0.422,0.658,0.737,-0.631,0.333,0.054,-0.155,0.009,-0.673,0.056,0.85,0.869,0.848,0.746,0.814,0.699,0.802,0.74,0.793,0.367,0.821,0.782,0.785,0.432,-0.55,-0.743,-0.258,0.695,0.787,0.176,0.822,-0.416,0.741,0.431,-0.042,0.642,-0.304,0.833,0.287,0.419,-0.564,-0.507,0.759,0.652,0.766,0.097,0.188,0.798,0.77,0.525,-0.438,-0.507,-0.526,0.715,0.02,-0.481,0.459,-0.012,0.691,0.893,0.599,0.795,0.232,0.228,0.05,0.706,0.411,-0.262,-0.04,0.838,0.847,-0.657,0.783,-0.012,0.723,0.744,0.105,0.742,0.426,0.666,0.489,0.645,0.795,0.706,0.588,0.864,-0.582,0.875,0.608,0.672,0.76,0.819,0.143,-0.491,0.653,0.098,0.447,0.613,0.621,0.189,0.516,0.503,0.5,-0.226,0.311,-0.313,0.629,0.647,0.765,0.099,-0.513,0.783,0.615,0.817,0.814,-0.523,0.663,0.826
APPF,0.375,0.369,0.521,0.585,0.574,0.304,0.587,0.404,0.574,0.336,0.489,-0.291,0.389,0.053,0.541,0.0,0.378,0.734,0.594,0.538,0.412,0.416,0.189,0.652,0.466,0.601,0.622,-0.416,0.715,0.879,0.556,0.487,0.623,0.418,0.475,0.459,0.757,0.655,0.305,-0.247,0.702,0.395,0.032,-0.078,0.58,0.515,-0.19,0.693,0.315,0.677,0.369,0.476,0.197,0.652,0.724,0.747,0.587,0.399,0.655,0.098,0.592,0.62,0.183,0.404,0.262,0.159,-0.306,0.638,0.591,0.342,0.83,0.665,0.561,0.271,0.688,0.568,0.656,0.525,0.06,0.57,0.54,0.238,0.175,0.473,0.546,-0.071,0.018,0.362,0.451,0.093,-0.368,-0.212,0.594,0.545,0.414,0.624,0.602,0.452,0.642,0.555,0.802,0.543,0.433,0.481,0.634,0.384,-0.405,-0.324,-0.346,0.478,0.515,0.141,0.525,-0.219,0.453,0.677,0.234,0.724,-0.357,0.631,0.291,0.393,-0.078,-0.194,0.576,0.856,0.74,0.427,0.645,0.458,0.58,0.299,0.13,0.06,-0.186,0.6,0.088,-0.255,0.233,0.378,0.354,0.655,0.117,0.597,0.427,0.635,0.609,0.571,0.717,0.186,0.4,0.536,0.491,-0.277,0.6,0.451,0.41,0.717,0.355,0.354,0.397,0.71,0.141,0.475,0.455,0.406,0.291,0.541,-0.321,0.513,0.488,0.459,0.61,0.612,-0.155,-0.107,0.308,0.149,0.485,0.671,0.33,0.155,0.326,0.462,0.603,-0.147,0.439,-0.061,0.392,0.463,0.738,-0.081,-0.223,0.671,0.392,0.642,0.493,0.002,0.797,0.575
ASML,0.608,0.967,0.135,-0.006,0.864,0.355,0.905,0.883,0.837,0.388,0.857,-0.658,0.636,0.686,0.718,0.378,0.0,0.748,0.924,0.866,0.529,-0.328,0.058,0.713,0.022,0.478,0.428,-0.702,0.422,0.514,0.345,0.897,-0.009,-0.2,0.644,0.883,0.545,0.818,0.343,-0.592,0.81,-0.214,0.139,0.172,0.846,0.5,-0.826,0.422,0.292,0.433,0.326,-0.057,0.395,0.685,0.824,0.816,0.767,0.814,0.647,0.495,0.658,0.196,-0.123,-0.393,-0.035,-0.003,-0.217,0.878,0.306,-0.343,0.313,0.551,0.713,-0.546,0.758,0.776,0.66,0.929,0.456,0.446,0.754,0.797,0.697,0.751,0.905,-0.78,0.6,0.116,-0.386,0.248,-0.797,0.514,0.792,0.897,0.781,0.819,0.8,0.88,0.755,0.848,0.775,0.186,0.839,0.95,0.777,0.217,-0.369,-0.878,0.086,0.734,0.782,0.52,0.859,-0.302,0.967,0.206,-0.376,0.379,-0.377,0.861,0.325,0.584,-0.886,-0.522,0.85,0.611,0.439,-0.236,0.028,0.683,0.649,0.594,-0.495,-0.732,-0.715,0.677,-0.24,-0.538,0.606,-0.266,0.85,0.813,0.781,0.542,0.18,0.116,-0.174,0.583,0.273,-0.473,-0.06,0.878,0.693,-0.66,0.84,-0.405,0.835,0.588,-0.293,0.858,0.72,0.623,0.897,0.618,0.939,0.976,0.536,0.924,-0.307,0.846,0.45,0.633,0.417,0.851,0.496,-0.69,0.691,-0.169,0.392,0.646,0.913,0.135,0.607,0.81,0.268,-0.112,0.15,-0.155,0.603,0.799,0.768,0.418,-0.522,0.508,0.805,0.656,0.793,-0.585,0.519,0.903
ATRC,0.409,0.805,0.359,0.509,0.898,0.621,0.928,0.817,0.91,0.487,0.883,-0.682,0.578,0.278,0.802,0.734,0.748,0.0,0.845,0.864,0.77,0.212,0.003,0.826,0.34,0.808,0.782,-0.838,0.74,0.867,0.308,0.833,0.542,0.231,0.758,0.85,0.774,0.796,0.135,-0.683,0.894,0.141,-0.143,-0.213,0.927,0.538,-0.665,0.648,0.108,0.821,0.205,0.507,0.183,0.8,0.861,0.936,0.912,0.621,0.881,0.251,0.633,0.621,0.152,0.22,-0.031,-0.152,-0.391,0.844,0.742,-0.247,0.794,0.742,0.696,-0.243,0.845,0.782,0.721,0.769,0.303,0.794,0.684,0.456,0.314,0.593,0.759,-0.592,0.137,0.288,0.008,-0.021,-0.669,-0.028,0.776,0.877,0.815,0.9,0.761,0.76,0.874,0.853,0.872,0.644,0.754,0.842,0.856,0.48,-0.629,-0.774,-0.363,0.676,0.851,0.136,0.744,-0.495,0.804,0.402,-0.067,0.773,-0.555,0.856,0.303,0.399,-0.533,-0.647,0.911,0.818,0.821,0.075,0.453,0.624,0.698,0.581,-0.403,-0.321,-0.488,0.875,-0.111,-0.636,0.313,0.168,0.601,0.879,0.427,0.833,0.507,0.381,0.351,0.868,0.57,-0.075,0.107,0.816,0.81,-0.754,0.908,0.149,0.861,0.871,0.033,0.652,0.486,0.705,0.494,0.775,0.829,0.787,0.34,0.862,-0.564,0.789,0.761,0.814,0.633,0.845,0.03,-0.612,0.749,0.059,0.354,0.807,0.679,0.337,0.343,0.704,0.745,-0.43,0.571,-0.224,0.774,0.836,0.799,-0.025,-0.639,0.791,0.769,0.904,0.707,-0.468,0.828,0.839
AVGO,0.576,0.926,0.294,0.213,0.912,0.445,0.94,0.822,0.886,0.41,0.854,-0.671,0.636,0.588,0.813,0.594,0.924,0.845,0.0,0.905,0.599,-0.102,0.25,0.831,0.146,0.643,0.553,-0.69,0.62,0.692,0.446,0.873,0.223,0.026,0.714,0.872,0.701,0.874,0.359,-0.596,0.924,-0.036,0.193,0.06,0.88,0.611,-0.74,0.596,0.285,0.647,0.322,0.188,0.35,0.773,0.927,0.918,0.829,0.764,0.734,0.45,0.711,0.347,-0.091,-0.134,-0.005,0.033,-0.231,0.917,0.488,-0.158,0.534,0.643,0.763,-0.335,0.854,0.847,0.768,0.946,0.477,0.583,0.817,0.691,0.58,0.758,0.883,-0.638,0.531,0.262,-0.101,0.189,-0.709,0.292,0.863,0.943,0.828,0.87,0.852,0.842,0.823,0.923,0.853,0.39,0.791,0.951,0.865,0.342,-0.411,-0.829,-0.096,0.751,0.771,0.417,0.905,-0.349,0.949,0.401,-0.192,0.595,-0.371,0.909,0.3,0.545,-0.702,-0.51,0.911,0.736,0.622,-0.106,0.263,0.738,0.784,0.684,-0.402,-0.523,-0.642,0.777,-0.12,-0.567,0.514,-0.009,0.804,0.883,0.656,0.639,0.239,0.283,0.075,0.691,0.437,-0.311,0.105,0.892,0.763,-0.645,0.892,-0.147,0.808,0.746,-0.118,0.839,0.641,0.707,0.79,0.704,0.891,0.932,0.548,0.926,-0.358,0.865,0.568,0.703,0.619,0.904,0.342,-0.604,0.698,0.032,0.44,0.722,0.849,0.246,0.615,0.772,0.474,-0.195,0.321,-0.202,0.684,0.765,0.852,0.349,-0.536,0.649,0.826,0.764,0.832,-0.539,0.68,0.913
AVT,0.468,0.906,0.192,0.331,0.924,0.6,0.947,0.848,0.916,0.306,0.821,-0.706,0.468,0.472,0.834,0.538,0.866,0.864,0.905,0.0,0.668,-0.065,0.161,0.811,0.175,0.755,0.72,-0.817,0.628,0.686,0.257,0.802,0.348,0.002,0.833,0.896,0.709,0.834,0.23,-0.755,0.927,-0.087,0.025,-0.191,0.895,0.566,-0.692,0.509,0.127,0.64,0.144,0.273,0.203,0.724,0.926,0.916,0.919,0.77,0.854,0.301,0.576,0.377,-0.082,-0.097,-0.109,-0.032,-0.198,0.872,0.568,-0.322,0.565,0.544,0.699,-0.344,0.867,0.865,0.786,0.876,0.461,0.713,0.807,0.566,0.418,0.586,0.841,-0.692,0.391,0.123,-0.181,-0.053,-0.76,0.2,0.825,0.911,0.894,0.828,0.818,0.745,0.855,0.833,0.817,0.406,0.798,0.899,0.793,0.513,-0.577,-0.864,-0.26,0.706,0.766,0.173,0.873,-0.574,0.882,0.335,-0.299,0.66,-0.444,0.835,0.191,0.37,-0.699,-0.658,0.888,0.656,0.702,-0.163,0.129,0.72,0.665,0.623,-0.494,-0.517,-0.597,0.795,-0.113,-0.712,0.389,-0.051,0.696,0.904,0.574,0.804,0.37,0.233,0.038,0.796,0.275,-0.189,-0.106,0.866,0.795,-0.7,0.859,-0.086,0.848,0.829,-0.13,0.823,0.522,0.674,0.676,0.695,0.924,0.866,0.513,0.903,-0.504,0.889,0.726,0.781,0.658,0.922,0.15,-0.624,0.819,-0.105,0.293,0.714,0.751,0.184,0.548,0.681,0.564,-0.35,0.44,-0.261,0.751,0.757,0.779,0.112,-0.704,0.671,0.799,0.78,0.768,-0.61,0.612,0.859
AXDX,0.157,0.665,0.249,0.623,0.78,0.876,0.725,0.683,0.834,0.502,0.789,-0.872,0.299,-0.056,0.549,0.412,0.529,0.77,0.599,0.668,0.0,0.414,0.066,0.509,0.025,0.817,0.675,-0.749,0.589,0.62,-0.202,0.63,0.542,0.314,0.738,0.775,0.333,0.447,-0.378,-0.865,0.605,0.246,-0.262,-0.437,0.766,0.1,-0.735,0.384,-0.467,0.838,-0.335,0.649,-0.307,0.452,0.582,0.668,0.712,0.235,0.659,0.297,0.168,0.685,0.362,0.275,-0.544,-0.562,-0.399,0.524,0.856,-0.468,0.609,0.695,0.252,-0.239,0.551,0.4,0.299,0.459,0.142,0.878,0.26,0.057,-0.117,0.204,0.393,-0.452,-0.116,0.217,-0.049,-0.373,-0.27,-0.26,0.418,0.658,0.712,0.744,0.328,0.478,0.704,0.749,0.445,0.819,0.413,0.605,0.616,0.66,-0.657,-0.726,-0.566,0.407,0.641,-0.2,0.373,-0.738,0.629,-0.09,-0.296,0.749,-0.512,0.51,-0.142,-0.073,-0.326,-0.85,0.825,0.448,0.609,-0.257,0.342,0.21,0.427,0.604,-0.684,-0.057,-0.314,0.901,-0.156,-0.822,-0.193,0.321,0.273,0.549,0.085,0.673,0.563,0.02,0.324,0.916,0.289,0.176,-0.05,0.522,0.677,-0.802,0.797,0.144,0.855,0.688,-0.194,0.486,0.174,0.282,0.272,0.838,0.58,0.602,-0.098,0.574,-0.463,0.461,0.821,0.933,0.322,0.631,-0.17,-0.729,0.878,0.115,-0.223,0.545,0.505,0.648,-0.147,0.639,0.852,-0.817,0.805,-0.073,0.91,0.769,0.359,-0.367,-0.852,0.492,0.8,0.792,0.304,-0.649,0.611,0.471
AXSM,-0.012,-0.195,0.457,0.794,0.02,0.493,-0.034,-0.143,0.081,0.325,0.013,-0.221,-0.202,-0.695,-0.083,0.416,-0.328,0.212,-0.102,-0.065,0.414,0.0,-0.017,-0.039,0.19,0.374,0.307,-0.012,0.564,0.463,-0.136,-0.12,0.746,0.812,0.107,0.021,0.055,-0.082,-0.504,-0.139,-0.043,0.825,-0.134,-0.301,-0.001,-0.33,0.152,0.279,-0.449,0.51,-0.33,0.792,-0.435,-0.106,0.054,0.095,0.002,-0.486,0.117,0.059,-0.127,0.729,0.676,0.717,-0.239,-0.23,-0.479,-0.09,0.66,0.063,0.594,0.454,-0.289,0.553,-0.049,-0.268,-0.164,-0.189,-0.488,0.454,-0.352,-0.548,-0.6,-0.312,-0.19,0.482,-0.569,0.485,0.694,-0.264,0.422,-0.668,-0.203,-0.083,-0.119,0.174,-0.223,-0.285,0.079,0.096,-0.011,0.765,-0.371,-0.156,-0.007,0.361,-0.235,0.2,-0.518,-0.146,-0.058,-0.44,-0.304,-0.24,-0.193,-0.026,0.222,0.55,-0.397,-0.14,-0.208,-0.432,0.59,-0.151,0.152,0.258,0.324,0.167,0.691,-0.414,-0.115,-0.011,0.144,0.778,0.354,0.329,0.015,-0.226,-0.59,0.83,-0.419,-0.114,-0.69,0.133,0.675,0.41,0.845,0.38,0.456,0.764,0.509,-0.158,-0.079,-0.074,0.129,0.814,0.047,0.324,0.186,-0.352,-0.152,0.086,-0.465,0.3,-0.251,-0.218,-0.621,-0.185,-0.026,-0.306,0.387,0.319,-0.064,-0.086,-0.493,0.103,0.096,0.165,-0.313,0.286,-0.229,0.556,-0.502,0.067,0.678,-0.566,0.716,0.316,0.297,0.105,-0.06,-0.61,-0.175,0.12,0.126,0.201,-0.362,0.238,0.436,-0.223
AZN,-0.024,0.056,0.091,0.132,0.172,0.115,0.085,-0.035,0.161,-0.014,-0.004,-0.127,-0.043,0.09,0.228,0.189,0.058,0.003,0.25,0.161,0.066,-0.017,0.0,0.23,-0.178,0.201,0.004,0.159,0.077,0.05,0.089,0.017,0.091,0.15,0.163,0.064,0.153,0.205,0.154,-0.114,0.211,0.066,0.428,-0.111,0.074,0.294,-0.029,0.255,-0.054,0.215,-0.038,0.019,-0.131,0.117,0.239,0.174,0.077,0.057,0.017,0.14,0.053,0.016,-0.162,0.075,-0.167,0.174,0.289,0.17,0.125,0.351,0.1,0.085,0.154,0.163,0.289,0.18,0.241,0.149,0.192,0.192,0.249,-0.1,-0.119,0.113,0.018,0.227,0.236,0.061,0.281,-0.096,0.228,-0.203,0.261,0.162,0.182,0.043,0.133,0.029,0.141,0.217,0.04,0.057,-0.063,0.088,0.151,0.34,0.034,-0.11,-0.216,0.103,-0.085,0.047,0.211,-0.158,0.139,0.23,0.006,0.302,0.308,0.11,-0.286,0.012,0.148,-0.044,0.123,0.028,0.182,0.029,0.041,0.204,0.327,0.358,-0.092,0.148,0.008,0.179,0.269,-0.119,-0.096,0.268,0.098,0.163,-0.026,0.097,-0.211,-0.004,0.011,0.131,-0.002,0.147,0.066,0.146,0.198,0.073,0.117,0.001,-0.006,0.15,0.077,0.348,-0.055,0.023,0.013,0.111,-0.022,0.059,0.239,0.071,0.108,0.183,0.028,0.14,0.41,0.292,-0.152,-0.003,0.134,0.39,-0.084,-0.034,0.109,0.208,0.173,0.062,0.13,-0.061,0.128,0.071,0.184,-0.059,0.101,0.049,-0.134,0.083,0.178,0.15,0.16,-0.191,0.104,0.017
BANR,0.341,0.728,0.348,0.227,0.795,0.328,0.831,0.752,0.761,0.419,0.759,-0.407,0.692,0.561,0.846,0.652,0.713,0.826,0.831,0.811,0.509,-0.039,0.23,0.0,0.367,0.591,0.653,-0.658,0.572,0.703,0.472,0.795,0.387,0.027,0.61,0.711,0.898,0.891,0.469,-0.471,0.875,-0.026,0.024,-0.054,0.859,0.799,-0.528,0.788,0.38,0.631,0.467,0.257,0.367,0.881,0.817,0.89,0.865,0.765,0.777,0.193,0.732,0.338,-0.097,0.14,0.209,0.086,-0.059,0.887,0.473,-0.069,0.659,0.52,0.927,-0.296,0.89,0.886,0.892,0.786,0.499,0.574,0.884,0.588,0.482,0.771,0.752,-0.57,0.362,0.262,-0.059,0.176,-0.647,0.097,0.96,0.887,0.818,0.771,0.917,0.769,0.854,0.773,0.842,0.378,0.815,0.814,0.878,0.381,-0.42,-0.671,-0.149,0.844,0.819,0.306,0.887,-0.251,0.768,0.551,0.056,0.676,-0.19,0.91,0.419,0.545,-0.54,-0.382,0.764,0.727,0.835,0.159,0.331,0.862,0.869,0.55,-0.292,-0.445,-0.597,0.679,0.22,-0.4,0.535,0.063,0.782,0.947,0.6,0.761,0.16,0.39,0.14,0.633,0.568,-0.254,0.116,0.884,0.821,-0.581,0.776,0.01,0.693,0.765,0.205,0.735,0.48,0.706,0.52,0.542,0.783,0.724,0.656,0.872,-0.436,0.902,0.493,0.625,0.785,0.859,0.178,-0.463,0.56,0.242,0.575,0.676,0.696,0.231,0.622,0.569,0.486,-0.127,0.253,-0.266,0.597,0.665,0.857,0.201,-0.414,0.845,0.616,0.834,0.9,-0.388,0.737,0.874
BBIO,-0.07,0.004,0.082,0.279,0.13,-0.09,0.211,0.173,0.135,0.092,0.186,0.145,0.36,0.001,0.381,0.466,0.022,0.34,0.146,0.175,0.025,0.19,-0.178,0.367,0.0,0.195,0.401,-0.307,0.279,0.371,0.237,0.202,0.387,0.16,0.206,-0.027,0.576,0.325,0.324,0.074,0.322,0.073,-0.223,-0.162,0.286,0.44,0.109,0.272,0.344,0.213,0.363,0.348,0.203,0.436,0.245,0.337,0.325,0.221,0.415,-0.307,0.378,0.285,-0.107,0.498,0.484,0.126,-0.11,0.286,0.208,0.104,0.504,0.19,0.384,0.004,0.376,0.334,0.507,0.083,0.187,0.128,0.315,0.174,0.149,0.309,0.26,-0.075,-0.076,-0.13,0.087,0.023,-0.33,-0.213,0.335,0.217,0.186,0.139,0.362,0.132,0.238,0.037,0.448,0.238,0.392,0.087,0.287,-0.053,-0.169,-0.049,-0.282,0.182,0.364,-0.008,0.239,0.017,-0.015,0.428,0.525,0.257,-0.164,0.322,0.433,0.262,0.017,0.067,0.085,0.472,0.447,0.545,0.334,0.4,0.314,-0.093,0.21,-0.036,-0.062,0.193,0.144,0.178,0.281,0.071,0.063,0.357,0.161,0.428,0.251,0.356,0.285,0.186,0.5,-0.102,0.115,0.273,0.368,-0.178,0.131,0.366,0.069,0.291,0.549,0.084,0.066,0.472,-0.189,0.105,0.191,-0.021,0.277,0.266,-0.522,0.303,0.219,0.058,0.408,0.236,-0.037,0.125,-0.021,0.089,0.516,0.286,-0.061,-0.139,0.154,-0.049,0.255,0.09,0.062,-0.22,-0.036,0.103,0.37,-0.106,0.099,0.64,-0.112,0.363,0.303,0.156,0.459,0.302
BCYC,0.098,0.598,0.152,0.731,0.775,0.812,0.731,0.559,0.813,0.181,0.659,-0.726,0.197,-0.023,0.67,0.601,0.478,0.808,0.643,0.755,0.817,0.374,0.201,0.591,0.195,0.0,0.82,-0.753,0.675,0.729,0.031,0.511,0.653,0.34,0.817,0.679,0.565,0.478,-0.135,-0.798,0.773,0.18,-0.188,-0.572,0.724,0.336,-0.496,0.364,-0.273,0.892,-0.256,0.708,-0.212,0.537,0.697,0.741,0.778,0.348,0.786,0.052,0.227,0.568,0.045,0.383,-0.358,-0.319,-0.264,0.536,0.859,-0.198,0.715,0.513,0.344,0.017,0.679,0.616,0.511,0.495,0.306,0.864,0.482,0.048,-0.12,0.193,0.43,-0.376,-0.033,0.126,0.165,-0.462,-0.411,-0.336,0.505,0.634,0.763,0.65,0.439,0.424,0.719,0.637,0.581,0.736,0.458,0.558,0.643,0.763,-0.687,-0.653,-0.656,0.35,0.534,-0.284,0.505,-0.795,0.576,0.289,-0.139,0.801,-0.46,0.532,-0.087,-0.007,-0.237,-0.745,0.742,0.522,0.737,-0.055,0.353,0.422,0.545,0.645,-0.484,-0.024,-0.246,0.806,-0.09,-0.781,-0.104,0.255,0.244,0.644,0.112,0.828,0.485,0.186,0.378,0.915,0.225,0.233,-0.115,0.498,0.701,-0.63,0.703,0.295,0.688,0.782,-0.017,0.527,0.066,0.399,0.217,0.71,0.609,0.52,0.17,0.586,-0.595,0.576,0.937,0.825,0.665,0.705,-0.324,-0.504,0.808,0.148,-0.013,0.539,0.326,0.324,0.114,0.389,0.875,-0.658,0.768,-0.36,0.811,0.557,0.485,-0.314,-0.787,0.599,0.65,0.751,0.438,-0.597,0.576,0.522
BHFAP,0.099,0.527,0.141,0.615,0.732,0.684,0.684,0.625,0.742,0.21,0.62,-0.567,0.271,0.014,0.712,0.622,0.428,0.782,0.553,0.72,0.675,0.307,0.004,0.653,0.401,0.82,0.0,-0.794,0.677,0.752,0.035,0.523,0.694,0.205,0.767,0.638,0.683,0.546,0.012,-0.715,0.759,0.142,-0.402,-0.518,0.733,0.404,-0.413,0.427,-0.084,0.739,-0.053,0.57,-0.13,0.633,0.676,0.752,0.82,0.417,0.838,-0.028,0.301,0.579,0.086,0.364,-0.111,-0.295,-0.244,0.577,0.745,-0.207,0.765,0.462,0.458,0.025,0.694,0.639,0.608,0.451,0.293,0.805,0.535,0.126,-0.028,0.248,0.486,-0.467,-0.108,0.049,0.011,-0.351,-0.509,-0.311,0.573,0.639,0.734,0.643,0.543,0.391,0.746,0.549,0.664,0.597,0.557,0.532,0.637,0.696,-0.793,-0.602,-0.562,0.47,0.624,-0.274,0.53,-0.676,0.494,0.328,-0.059,0.762,-0.469,0.567,0.029,0.051,-0.312,-0.637,0.666,0.583,0.824,0.104,0.31,0.493,0.5,0.374,-0.373,-0.17,-0.331,0.731,-0.0,-0.655,0.051,0.201,0.324,0.714,0.178,0.854,0.514,0.297,0.293,0.826,0.346,0.187,-0.114,0.573,0.708,-0.621,0.67,0.329,0.657,0.816,0.166,0.483,0.159,0.532,0.122,0.622,0.624,0.451,0.269,0.62,-0.628,0.631,0.817,0.749,0.631,0.663,-0.298,-0.448,0.723,0.015,0.148,0.563,0.302,0.221,0.18,0.353,0.745,-0.553,0.641,-0.324,0.701,0.562,0.554,-0.396,-0.663,0.672,0.503,0.773,0.488,-0.479,0.627,0.576
BKR,-0.187,-0.778,0.025,-0.394,-0.845,-0.644,-0.843,-0.823,-0.861,-0.306,-0.833,0.713,-0.464,-0.232,-0.74,-0.416,-0.702,-0.838,-0.69,-0.817,-0.749,-0.012,0.159,-0.658,-0.307,-0.753,-0.794,0.0,-0.472,-0.613,0.045,-0.747,-0.384,0.037,-0.818,-0.793,-0.584,-0.605,0.015,0.819,-0.793,0.122,0.421,0.389,-0.878,-0.401,0.733,-0.293,0.087,-0.642,0.04,-0.396,0.045,-0.659,-0.701,-0.783,-0.895,-0.593,-0.827,-0.131,-0.363,-0.457,0.01,-0.077,0.212,0.396,0.304,-0.673,-0.639,0.532,-0.568,-0.486,-0.527,0.437,-0.725,-0.705,-0.595,-0.603,-0.42,-0.734,-0.579,-0.385,-0.216,-0.407,-0.642,0.761,-0.042,0.093,0.352,0.271,0.729,0.025,-0.638,-0.761,-0.853,-0.738,-0.623,-0.62,-0.776,-0.667,-0.695,-0.498,-0.777,-0.721,-0.729,-0.513,0.733,0.85,0.428,-0.527,-0.818,0.058,-0.623,0.678,-0.713,-0.105,0.257,-0.573,0.535,-0.698,-0.13,-0.189,0.674,0.801,-0.785,-0.547,-0.652,0.139,-0.089,-0.57,-0.532,-0.502,0.638,0.493,0.504,-0.801,0.207,0.731,-0.228,0.084,-0.491,-0.765,-0.476,-0.853,-0.429,-0.086,-0.022,-0.831,-0.223,0.173,0.305,-0.707,-0.835,0.854,-0.783,0.092,-0.868,-0.721,0.1,-0.672,-0.307,-0.506,-0.422,-0.717,-0.839,-0.7,-0.331,-0.786,0.746,-0.754,-0.788,-0.794,-0.506,-0.764,0.028,0.734,-0.853,0.102,-0.164,-0.576,-0.55,-0.21,-0.207,-0.554,-0.638,0.531,-0.518,0.387,-0.747,-0.743,-0.583,0.178,0.782,-0.652,-0.676,-0.828,-0.594,0.688,-0.567,-0.731
BLDP,0.543,0.502,0.61,0.63,0.619,0.625,0.623,0.5,0.644,0.449,0.539,-0.553,0.273,-0.017,0.593,0.715,0.422,0.74,0.62,0.628,0.589,0.564,0.077,0.572,0.279,0.675,0.677,-0.472,0.0,0.85,0.322,0.485,0.734,0.571,0.561,0.631,0.617,0.612,0.03,-0.459,0.639,0.564,0.083,-0.115,0.587,0.258,-0.306,0.625,0.035,0.744,0.114,0.597,0.114,0.452,0.715,0.73,0.573,0.253,0.631,0.338,0.492,0.704,0.359,0.329,-0.048,0.044,-0.517,0.637,0.742,-0.055,0.813,0.717,0.389,0.263,0.592,0.455,0.492,0.58,-0.044,0.706,0.405,0.172,0.074,0.328,0.563,-0.174,0.062,0.554,0.431,0.043,-0.295,-0.183,0.507,0.633,0.468,0.76,0.519,0.38,0.609,0.674,0.65,0.682,0.322,0.586,0.56,0.471,-0.488,-0.394,-0.311,0.48,0.477,0.019,0.488,-0.354,0.511,0.385,0.009,0.812,-0.608,0.547,0.129,0.103,-0.092,-0.369,0.723,0.741,0.723,0.078,0.649,0.287,0.433,0.353,-0.113,0.102,-0.254,0.68,-0.115,-0.501,0.058,0.535,0.316,0.591,0.004,0.531,0.683,0.543,0.628,0.713,0.653,0.302,0.509,0.559,0.421,-0.45,0.716,0.59,0.559,0.813,0.014,0.307,0.434,0.666,0.256,0.635,0.471,0.483,0.024,0.563,-0.258,0.435,0.629,0.667,0.434,0.555,-0.048,-0.257,0.497,-0.014,0.188,0.792,0.429,0.453,0.229,0.538,0.716,-0.425,0.645,0.114,0.64,0.575,0.613,-0.141,-0.403,0.548,0.596,0.609,0.394,-0.12,0.783,0.518
BLFS,0.468,0.575,0.516,0.636,0.735,0.564,0.75,0.58,0.74,0.479,0.66,-0.535,0.451,0.032,0.651,0.879,0.514,0.867,0.692,0.686,0.62,0.463,0.05,0.703,0.371,0.729,0.752,-0.613,0.85,0.0,0.412,0.628,0.709,0.522,0.598,0.694,0.764,0.705,0.116,-0.492,0.773,0.456,-0.116,-0.143,0.721,0.402,-0.388,0.685,0.146,0.765,0.241,0.574,0.106,0.647,0.816,0.835,0.717,0.413,0.737,0.285,0.632,0.743,0.326,0.359,0.07,-0.001,-0.512,0.73,0.775,0.033,0.912,0.789,0.555,0.173,0.743,0.597,0.621,0.645,0.064,0.733,0.537,0.248,0.141,0.451,0.647,-0.258,-0.01,0.474,0.363,0.063,-0.46,-0.176,0.622,0.692,0.559,0.808,0.643,0.535,0.725,0.724,0.839,0.658,0.508,0.66,0.707,0.482,-0.605,-0.49,-0.39,0.54,0.639,0.071,0.571,-0.392,0.596,0.512,0.099,0.808,-0.596,0.7,0.214,0.267,-0.234,-0.428,0.774,0.907,0.799,0.276,0.689,0.432,0.542,0.333,-0.085,-0.021,-0.247,0.761,-0.093,-0.509,0.16,0.405,0.422,0.72,0.136,0.71,0.649,0.592,0.633,0.768,0.712,0.24,0.401,0.673,0.556,-0.489,0.775,0.427,0.647,0.873,0.139,0.415,0.498,0.776,0.269,0.7,0.607,0.58,0.172,0.661,-0.38,0.585,0.669,0.679,0.547,0.665,-0.142,-0.356,0.533,0.006,0.352,0.842,0.474,0.34,0.267,0.609,0.757,-0.368,0.613,-0.042,0.618,0.651,0.767,-0.154,-0.457,0.679,0.636,0.773,0.518,-0.152,0.871,0.667
BLKB,0.5,0.233,0.464,-0.137,0.179,-0.368,0.288,0.158,0.101,0.118,0.179,0.245,0.493,0.548,0.303,0.556,0.345,0.308,0.446,0.257,-0.202,-0.136,0.089,0.472,0.237,0.031,0.035,0.045,0.322,0.412,0.0,0.328,-0.036,0.058,-0.095,0.147,0.582,0.484,0.759,0.336,0.41,-0.001,0.408,0.494,0.207,0.581,0.111,0.535,0.837,0.116,0.8,-0.107,0.771,0.475,0.441,0.381,0.199,0.483,0.248,0.1,0.718,-0.104,-0.207,-0.05,0.692,0.663,0.019,0.451,-0.108,0.528,0.256,0.183,0.62,0.128,0.36,0.515,0.519,0.527,0.162,-0.138,0.58,0.605,0.647,0.645,0.486,-0.028,0.499,0.39,0.317,0.661,-0.393,0.43,0.506,0.328,0.136,0.298,0.598,0.478,0.3,0.274,0.597,-0.116,0.381,0.384,0.409,-0.231,0.23,0.006,0.381,0.46,0.242,0.588,0.568,0.459,0.343,0.796,0.371,0.108,0.047,0.532,0.67,0.76,-0.179,0.397,0.193,0.56,0.267,0.384,0.383,0.534,0.493,0.103,0.489,-0.208,-0.225,-0.009,0.16,0.283,0.664,-0.069,0.553,0.42,0.438,0.103,-0.136,0.586,0.227,-0.084,0.519,-0.24,0.479,0.378,0.104,0.207,0.212,0.077,-0.01,0.215,0.299,0.184,0.484,0.527,0.434,-0.07,0.267,0.343,0.561,0.37,0.144,0.407,-0.102,-0.14,0.425,0.273,0.389,0.214,-0.235,0.191,0.833,0.413,0.341,-0.255,0.744,0.222,-0.109,0.599,-0.322,-0.12,-0.138,0.109,0.682,0.671,0.382,0.373,0.066,0.139,0.596,0.332,0.354,0.531
