,ABAT,ACLS,ACMR,ADMA,ADUS,ADVM,AEIS,AGNCM,AHCO,ALGT,ALLO,AMSF,ANAB,ANDE,APLS,APPF,ASML,ATRC,AVGO,AVT,AXDX,AXSM,AZN,BANR,BBIO,BCYC,BHFAP,BKR,BLDP,BLFS,BLKB,BLMN,BNTX,BPMC,CALM,CAMT,CASH,CATY,CCEP,CDLX,CDNS,CENN,CENX,CGC,CHDN,CLBK,COKE,COLB,COO,CORT,CRMT,CRNX,CRTO,CRVL,CSCO,CSQ,CSWI,CVBF,CWST,CYCC,CZR,DLTR,DORM,ENTA,EQIX,ERIC,EVRG,EWBC,EXAS,EXLS,EXPI,EYE,FBNC,FBRX,FCNCA,FELE,FIBK,FLEX,FRGT,FRHC,FRME,FWONA,FWONK,GDEN,GIII,GILD,GLNG,GNTX,GOOGL,GRPN,HCSG,HIMX,HOPE,HST,HTLD,HUT,HWC,ICUI,IESC,INTC,INTU,IOVA,IPAR,IPGP,ISRG,JBSS,KALU,KPRX,KRNT,LAUR,LBRDA,LBTYK,LECO,LILAK,LITE,MANH,MDXG,MFIC,MGEE,MIDD,MLAB,MMSI,MNKD,MOMO,MRVL,NICE,NMFC,NUWE,NVCR,NWBI,OFIX,OFLX,OMCL,OPK,ORKA,ORLY,OTTR,PDD,PNTG,POOL,POWL,PPBI,PPC,PRAA,PRPL,PZZA,QTRX,QURE,RDFN,RDHL,REAL,REG,REYN,RGLD,RIOT,RUN,RYTM,SAIA,SBAC,SBRA,SCVL,SHOO,SLAB,SLDB,SMCI,SMTC,SRCE,SSP,SSRM,STBA,STRO,SVC,SYBT,TCBI,TCOM,TENX,TH,TMUS,TNDM,TTD,TTMI,UAL,ULH,ULTA,VCYT,VIRT,VKTX,VOD,VRDN,VREX,VRNT,VSAT,WB,WBD,WDC,WEN,WSFS,XXII,Z,ZBRA
ABAT,0.0,0.327,-0.011,0.383,0.779,-0.429,0.398,0.102,0.123,0.829,-0.611,-0.347,-0.387,0.218,0.675,0.447,0.671,0.89,0.496,0.499,-0.381,0.674,0.841,0.376,0.47,0.861,0.101,0.491,0.767,-0.229,0.591,0.608,0.892,0.708,0.572,0.649,0.3,0.09,0.533,0.793,0.101,0.026,0.78,0.888,0.235,-0.475,-0.283,0.353,0.772,-0.42,-0.214,0.363,0.728,0.866,0.309,0.453,0.205,0.225,0.607,0.692,0.719,-0.351,-0.256,0.258,0.521,0.621,0.721,0.679,0.951,-0.297,0.571,0.181,0.669,-0.15,0.523,0.075,-0.195,0.385,0.458,0.274,0.616,0.559,0.638,0.13,0.128,0.877,0.419,0.592,0.261,-0.351,0.556,0.175,0.21,0.611,-0.004,0.934,0.569,0.924,0.22,0.804,0.159,0.456,0.606,0.659,0.881,0.819,0.821,0.174,0.876,0.69,0.571,0.599,0.306,0.931,0.87,0.347,0.608,0.864,0.847,0.605,0.915,0.865,-0.002,0.034,0.584,0.128,0.668,0.593,0.711,0.509,0.903,-0.5,-0.214,0.92,0.496,0.188,-0.009,-0.674,0.818,0.733,0.056,0.71,0.279,0.86,0.707,-0.189,0.657,0.049,0.763,0.907,0.847,0.839,0.873,0.813,0.924,0.133,-0.222,0.2,0.589,-0.065,0.219,0.196,0.328,-0.585,0.435,0.614,-0.111,0.962,0.615,0.454,0.87,0.307,-0.181,0.482,-0.197,0.353,-0.33,0.253,0.91,0.462,0.644,0.845,-0.397,-0.319,0.484,0.856,0.301,0.023,0.83,0.68,0.86,0.93,-0.044,0.926,0.815,-0.257,0.002,0.428,0.902,0.804
ACLS,0.327,0.0,0.853,0.479,0.25,0.505,0.967,0.835,0.649,0.734,0.213,0.69,0.038,0.791,0.435,0.603,0.814,0.37,0.849,0.941,0.38,0.017,0.367,0.838,0.457,-0.032,0.796,0.812,0.79,0.719,0.738,0.865,0.581,0.669,0.664,0.885,0.896,0.923,0.653,0.529,0.884,0.763,0.645,0.02,0.974,0.597,0.603,0.9,0.721,0.545,0.541,-0.089,0.68,0.173,0.521,0.932,0.87,0.838,0.85,-0.173,0.833,0.651,0.714,0.255,0.704,0.833,0.655,0.834,0.361,0.759,0.87,0.775,0.751,0.635,0.896,0.9,0.78,0.956,0.075,0.946,0.749,0.753,0.725,0.949,0.909,0.287,0.833,0.895,0.898,0.638,0.791,0.658,0.833,0.889,0.747,0.42,0.815,0.398,0.711,0.677,0.896,-0.55,0.892,0.89,0.556,0.442,0.695,0.321,0.631,0.661,0.765,0.747,0.926,0.508,0.575,0.925,0.84,0.659,0.432,0.888,0.523,0.678,0.579,0.891,0.937,0.894,0.83,0.528,0.755,0.625,0.568,0.593,0.401,0.356,0.616,0.789,0.741,0.383,0.623,0.677,0.813,0.785,0.736,0.497,0.412,0.793,0.571,0.759,0.658,0.56,0.519,0.619,0.317,0.55,0.379,0.886,0.47,0.886,0.425,0.545,0.649,0.905,0.927,0.292,0.805,0.834,0.762,0.454,0.466,0.718,0.395,0.85,0.607,0.886,0.687,0.15,0.676,0.862,0.236,0.776,0.804,0.711,0.625,0.726,0.571,0.192,0.532,0.399,-0.006,0.612,0.672,0.254,0.668,0.47,0.724,0.723,0.813,0.668,0.53,0.719
ACMR,-0.011,0.853,0.0,0.421,-0.043,0.68,0.79,0.8,0.595,0.427,0.493,0.775,0.235,0.661,0.234,0.442,0.535,0.032,0.622,0.75,0.459,-0.205,0.007,0.618,0.323,-0.361,0.758,0.574,0.544,0.866,0.525,0.631,0.27,0.357,0.374,0.63,0.728,0.845,0.451,0.276,0.852,0.777,0.305,-0.314,0.871,0.755,0.648,0.694,0.418,0.777,0.532,-0.184,0.433,-0.181,0.301,0.754,0.747,0.668,0.585,-0.351,0.587,0.748,0.799,0.174,0.472,0.533,0.361,0.522,-0.001,0.864,0.677,0.642,0.408,0.622,0.653,0.83,0.807,0.829,-0.074,0.811,0.434,0.579,0.514,0.881,0.861,-0.078,0.642,0.689,0.815,0.75,0.565,0.721,0.664,0.614,0.675,0.077,0.526,0.033,0.694,0.326,0.804,-0.72,0.648,0.668,0.206,0.137,0.327,0.267,0.295,0.384,0.548,0.471,0.801,0.156,0.232,0.781,0.598,0.324,0.14,0.696,0.174,0.353,0.597,0.891,0.684,0.836,0.543,0.265,0.471,0.34,0.231,0.76,0.573,0.018,0.479,0.615,0.783,0.671,0.289,0.438,0.778,0.45,0.565,0.133,0.193,0.801,0.326,0.709,0.365,0.222,0.228,0.247,-0.067,0.23,0.03,0.893,0.59,0.784,0.178,0.592,0.536,0.797,0.771,0.549,0.577,0.597,0.744,0.14,0.25,0.47,0.082,0.714,0.619,0.643,0.808,0.113,0.807,0.73,-0.079,0.669,0.544,0.403,0.752,0.846,0.423,-0.124,0.373,0.371,-0.37,0.334,0.348,-0.076,0.791,0.119,0.373,0.765,0.75,0.386,0.201,0.372
ADMA,0.383,0.479,0.421,0.0,0.063,0.162,0.382,0.229,0.066,0.514,0.22,-0.004,0.276,0.233,0.445,0.146,0.371,0.327,0.46,0.422,0.051,0.418,0.251,0.215,0.639,0.353,0.206,0.225,0.506,0.324,0.279,0.54,0.533,0.518,0.357,0.418,0.251,0.275,0.262,0.581,0.328,0.466,0.388,0.275,0.397,0.085,-0.049,0.323,0.344,0.227,-0.155,0.342,0.56,0.186,0.138,0.403,0.281,0.215,0.323,0.355,0.544,0.07,0.13,0.451,0.156,0.379,0.199,0.39,0.468,0.174,0.534,0.387,0.332,0.235,0.346,0.234,0.132,0.387,0.088,0.429,0.208,0.376,0.352,0.345,0.305,0.233,0.266,0.482,0.541,0.183,0.233,0.474,0.19,0.415,-0.034,0.439,0.285,0.24,0.203,0.279,0.287,-0.051,0.48,0.532,0.354,0.218,0.292,0.485,0.553,0.2,0.322,0.23,0.4,0.368,0.549,0.431,0.507,0.36,0.283,0.467,0.388,0.358,0.121,0.397,0.437,0.382,0.337,0.232,0.328,0.103,0.384,0.104,0.311,0.374,0.138,0.089,0.167,0.135,0.239,0.434,0.286,0.306,0.103,0.481,0.397,0.129,0.68,0.351,0.519,0.469,0.641,0.314,0.136,0.249,0.398,0.328,0.407,0.262,0.144,0.148,0.245,0.277,0.327,0.212,0.36,0.395,0.042,0.471,0.222,0.155,0.481,0.48,-0.048,0.307,0.479,0.396,0.21,0.184,0.478,0.736,0.462,0.477,-0.02,0.235,0.597,0.214,0.391,-0.106,0.287,0.218,0.362,0.329,0.445,0.401,0.356,0.068,0.156,0.226,0.514,0.419
ADUS,0.779,0.25,-0.043,0.063,0.0,-0.361,0.324,0.179,0.413,0.604,-0.564,-0.261,-0.419,0.143,0.552,0.691,0.691,0.844,0.249,0.397,-0.278,0.364,0.892,0.514,0.326,0.608,0.221,0.566,0.679,-0.117,0.674,0.425,0.734,0.619,0.459,0.57,0.393,0.158,0.655,0.548,0.195,-0.104,0.664,0.7,0.19,-0.352,-0.026,0.394,0.798,-0.305,0.094,0.121,0.61,0.821,0.143,0.44,0.213,0.404,0.609,0.407,0.612,-0.214,-0.273,-0.104,0.705,0.634,0.782,0.655,0.775,-0.201,0.493,0.188,0.655,-0.031,0.498,0.114,-0.038,0.311,0.34,0.13,0.692,0.652,0.716,0.129,0.046,0.873,0.408,0.539,0.022,-0.257,0.466,-0.023,0.361,0.501,0.176,0.738,0.642,0.87,0.179,0.704,0.294,0.433,0.474,0.504,0.882,0.79,0.707,0.019,0.605,0.804,0.664,0.726,0.205,0.857,0.632,0.336,0.458,0.739,0.704,0.517,0.796,0.74,0.284,-0.003,0.498,0.236,0.55,0.425,0.74,0.658,0.688,-0.382,-0.182,0.867,0.659,0.287,-0.031,-0.626,0.724,0.678,0.053,0.712,0.434,0.724,0.773,-0.069,0.51,0.181,0.607,0.654,0.508,0.757,0.748,0.758,0.739,0.15,-0.22,0.228,0.811,0.105,0.276,0.146,0.394,-0.619,0.243,0.588,0.048,0.771,0.616,0.595,0.697,0.138,0.048,0.495,-0.3,-0.053,-0.385,0.384,0.692,0.152,0.427,0.723,-0.26,-0.281,0.55,0.754,0.337,0.41,0.588,0.807,0.715,0.756,-0.089,0.814,0.738,-0.082,0.19,0.459,0.649,0.698
ADVM,-0.429,0.505,0.68,0.162,-0.361,0.0,0.418,0.578,0.294,-0.038,0.873,0.698,0.727,0.604,0.03,-0.001,0.102,-0.272,0.22,0.425,0.738,-0.253,-0.402,0.266,0.319,-0.635,0.609,0.323,0.09,0.763,0.075,0.184,-0.162,0.202,-0.216,0.139,0.419,0.655,0.222,0.01,0.655,0.755,-0.052,-0.689,0.621,0.878,0.778,0.404,-0.025,0.849,0.423,0.045,-0.006,-0.644,0.106,0.422,0.651,0.455,0.179,-0.442,0.206,0.637,0.813,0.276,0.126,0.192,0.033,0.148,-0.416,0.844,0.35,0.34,0.069,0.426,0.198,0.677,0.626,0.465,-0.172,0.568,0.038,0.158,0.081,0.634,0.672,-0.51,0.259,0.336,0.584,0.64,0.353,0.463,0.368,0.301,0.541,-0.435,0.162,-0.423,0.477,-0.22,0.475,-0.588,0.213,0.235,-0.249,-0.395,-0.084,0.257,-0.146,-0.032,0.07,0.046,0.631,-0.302,-0.127,0.557,0.2,-0.137,-0.111,0.233,-0.211,-0.116,0.559,0.67,0.293,0.687,0.198,0.162,-0.014,-0.122,-0.163,0.81,0.779,-0.457,0.058,0.358,0.78,0.875,-0.239,0.164,0.809,0.057,0.157,-0.226,-0.281,0.648,0.088,0.775,0.125,-0.174,-0.198,-0.216,-0.405,-0.131,-0.497,0.715,0.839,0.649,0.014,0.534,0.271,0.587,0.333,0.851,0.418,0.046,0.655,-0.303,-0.008,0.051,-0.097,0.655,0.464,0.179,0.827,-0.139,0.82,0.525,-0.499,0.318,0.297,-0.1,0.851,0.735,0.08,-0.682,0.336,0.204,-0.567,-0.151,-0.057,-0.444,0.809,-0.416,-0.079,0.659,0.546,-0.021,-0.168,-0.137
AEIS,0.398,0.967,0.79,0.382,0.324,0.418,0.0,0.808,0.635,0.781,0.097,0.652,-0.076,0.784,0.405,0.608,0.83,0.404,0.895,0.947,0.317,0.047,0.4,0.848,0.401,0.029,0.782,0.826,0.811,0.632,0.733,0.887,0.595,0.639,0.697,0.902,0.897,0.883,0.646,0.527,0.814,0.688,0.669,0.098,0.936,0.524,0.533,0.885,0.756,0.435,0.545,-0.138,0.671,0.27,0.592,0.926,0.835,0.818,0.872,-0.141,0.836,0.622,0.682,0.241,0.726,0.824,0.702,0.862,0.407,0.685,0.854,0.772,0.783,0.613,0.923,0.871,0.738,0.964,0.147,0.906,0.785,0.75,0.734,0.906,0.89,0.359,0.831,0.909,0.857,0.595,0.823,0.662,0.819,0.911,0.745,0.489,0.819,0.482,0.749,0.75,0.865,-0.505,0.901,0.903,0.613,0.53,0.766,0.27,0.678,0.709,0.797,0.792,0.913,0.579,0.608,0.878,0.842,0.728,0.519,0.923,0.587,0.74,0.519,0.831,0.954,0.827,0.881,0.556,0.775,0.678,0.641,0.492,0.323,0.398,0.673,0.847,0.714,0.274,0.715,0.691,0.763,0.83,0.75,0.536,0.453,0.756,0.545,0.697,0.67,0.622,0.556,0.702,0.435,0.585,0.454,0.846,0.361,0.858,0.457,0.539,0.702,0.918,0.923,0.199,0.789,0.867,0.726,0.508,0.43,0.749,0.425,0.823,0.571,0.908,0.586,0.157,0.598,0.846,0.297,0.734,0.827,0.765,0.577,0.676,0.496,0.276,0.52,0.385,0.059,0.667,0.728,0.333,0.594,0.528,0.789,0.694,0.792,0.674,0.567,0.75
AGNCM,0.102,0.835,0.8,0.229,0.179,0.578,0.808,0.0,0.784,0.427,0.332,0.78,0.019,0.633,0.173,0.683,0.691,0.164,0.604,0.759,0.326,-0.351,0.271,0.812,0.175,-0.312,0.912,0.822,0.566,0.799,0.717,0.595,0.345,0.449,0.444,0.75,0.884,0.919,0.622,0.198,0.904,0.617,0.371,-0.277,0.877,0.653,0.785,0.781,0.618,0.715,0.775,-0.316,0.347,-0.021,0.298,0.885,0.857,0.853,0.771,-0.448,0.592,0.746,0.749,-0.034,0.739,0.706,0.661,0.655,0.063,0.851,0.678,0.571,0.557,0.706,0.793,0.894,0.873,0.813,-0.129,0.835,0.68,0.626,0.576,0.876,0.834,0.196,0.765,0.791,0.684,0.709,0.685,0.518,0.748,0.665,0.843,0.142,0.73,0.214,0.666,0.479,0.913,-0.704,0.7,0.709,0.368,0.373,0.466,0.345,0.3,0.616,0.74,0.689,0.841,0.307,0.238,0.824,0.586,0.496,0.175,0.777,0.348,0.495,0.785,0.856,0.752,0.862,0.691,0.409,0.676,0.584,0.322,0.727,0.373,0.179,0.576,0.73,0.819,0.494,0.444,0.567,0.827,0.628,0.799,0.239,0.269,0.89,0.223,0.774,0.396,0.337,0.157,0.419,0.139,0.404,0.085,0.902,0.547,0.798,0.513,0.685,0.46,0.773,0.822,0.395,0.565,0.668,0.893,0.183,0.437,0.7,0.12,0.689,0.835,0.777,0.551,-0.12,0.683,0.903,-0.076,0.447,0.535,0.471,0.79,0.777,0.407,0.037,0.235,0.683,-0.302,0.493,0.483,0.08,0.584,0.23,0.519,0.835,0.893,0.415,0.228,0.463
AHCO,0.123,0.649,0.595,0.066,0.413,0.294,0.635,0.784,0.0,0.321,0.093,0.575,-0.176,0.411,0.176,0.792,0.666,0.243,0.411,0.58,0.165,-0.375,0.429,0.788,0.075,-0.188,0.732,0.719,0.496,0.611,0.744,0.443,0.307,0.364,0.482,0.662,0.78,0.725,0.609,0.115,0.733,0.304,0.371,-0.128,0.66,0.45,0.646,0.676,0.633,0.485,0.744,-0.404,0.325,0.195,0.191,0.725,0.631,0.801,0.71,-0.429,0.477,0.579,0.461,-0.254,0.77,0.627,0.634,0.612,0.123,0.614,0.548,0.514,0.544,0.63,0.694,0.701,0.739,0.638,-0.17,0.575,0.689,0.646,0.611,0.671,0.563,0.348,0.661,0.635,0.396,0.541,0.482,0.319,0.717,0.499,0.741,0.21,0.708,0.336,0.496,0.489,0.827,-0.485,0.575,0.558,0.471,0.47,0.423,0.093,0.228,0.664,0.744,0.721,0.562,0.361,0.178,0.652,0.465,0.462,0.137,0.641,0.33,0.444,0.73,0.635,0.611,0.705,0.542,0.22,0.677,0.678,0.265,0.504,0.162,0.321,0.656,0.636,0.521,0.254,0.464,0.471,0.546,0.608,0.829,0.268,0.396,0.725,0.189,0.61,0.293,0.266,0.094,0.44,0.186,0.438,0.166,0.674,0.324,0.619,0.583,0.609,0.443,0.563,0.747,0.095,0.341,0.66,0.731,0.204,0.476,0.761,0.112,0.392,0.78,0.705,0.283,-0.273,0.408,0.784,-0.01,0.24,0.327,0.447,0.56,0.545,0.449,0.223,0.275,0.764,-0.219,0.631,0.435,0.134,0.341,0.327,0.501,0.702,0.81,0.468,0.155,0.474
ALGT,0.829,0.734,0.427,0.514,0.604,-0.038,0.781,0.427,0.321,0.0,-0.321,0.1,-0.211,0.566,0.684,0.512,0.819,0.778,0.813,0.83,-0.023,0.548,0.681,0.633,0.579,0.576,0.42,0.691,0.929,0.16,0.701,0.906,0.904,0.797,0.72,0.854,0.615,0.496,0.59,0.837,0.452,0.445,0.842,0.645,0.64,-0.01,0.033,0.685,0.847,-0.061,0.046,0.222,0.869,0.668,0.51,0.743,0.532,0.521,0.786,0.43,0.922,0.096,0.19,0.348,0.614,0.794,0.757,0.857,0.845,0.164,0.827,0.569,0.812,0.218,0.795,0.471,0.223,0.746,0.418,0.649,0.74,0.692,0.736,0.558,0.57,0.689,0.654,0.836,0.658,0.085,0.748,0.494,0.525,0.887,0.292,0.865,0.743,0.805,0.483,0.877,0.514,0.039,0.858,0.901,0.854,0.712,0.922,0.269,0.953,0.747,0.735,0.732,0.676,0.886,0.915,0.665,0.849,0.91,0.851,0.849,0.872,0.93,0.199,0.458,0.877,0.5,0.877,0.679,0.818,0.619,0.914,-0.062,0.087,0.749,0.651,0.526,0.345,-0.259,0.863,0.804,0.434,0.861,0.477,0.813,0.695,0.232,0.739,0.371,0.876,0.913,0.886,0.875,0.753,0.806,0.841,0.515,0.019,0.558,0.514,0.203,0.524,0.627,0.678,-0.217,0.738,0.826,0.253,0.89,0.571,0.604,0.782,0.663,0.078,0.764,0.263,0.371,0.127,0.545,0.781,0.77,0.857,0.955,0.005,0.154,0.553,0.639,0.533,0.075,0.6,0.744,0.913,0.738,0.34,0.857,0.925,0.163,0.366,0.635,0.926,0.891
ALLO,-0.611,0.213,0.493,0.22,-0.564,0.873,0.097,0.332,0.093,-0.321,0.0,0.5,0.8,0.253,-0.226,-0.229,-0.21,-0.527,-0.013,0.079,0.576,-0.33,-0.588,-0.055,0.197,-0.676,0.412,-0.015,-0.216,0.652,-0.223,-0.067,-0.412,-0.081,-0.435,-0.166,0.105,0.355,-0.021,-0.211,0.377,0.559,-0.357,-0.768,0.32,0.715,0.553,0.042,-0.319,0.767,0.266,0.039,-0.249,-0.765,-0.081,0.134,0.339,0.152,-0.151,-0.415,-0.093,0.523,0.646,0.208,-0.178,-0.139,-0.28,-0.191,-0.588,0.655,0.049,0.118,-0.273,0.312,-0.122,0.372,0.417,0.132,-0.299,0.279,-0.302,-0.118,-0.215,0.367,0.358,-0.667,-0.093,0.047,0.323,0.592,-0.042,0.404,0.057,-0.031,0.24,-0.629,-0.186,-0.666,0.252,-0.526,0.226,-0.514,-0.106,-0.077,-0.497,-0.583,-0.437,0.281,-0.369,-0.366,-0.161,-0.248,0.332,-0.545,-0.348,0.254,-0.129,-0.404,-0.381,-0.05,-0.449,-0.425,0.398,0.413,-0.037,0.444,-0.124,-0.105,-0.317,-0.391,-0.438,0.691,0.723,-0.613,-0.185,0.099,0.537,0.89,-0.562,-0.114,0.554,-0.291,-0.098,-0.376,-0.387,0.44,-0.009,0.574,-0.147,-0.408,-0.337,-0.473,-0.614,-0.418,-0.678,0.42,0.848,0.295,-0.171,0.484,0.11,0.265,0.043,0.914,0.05,-0.239,0.362,-0.52,-0.262,-0.247,-0.292,0.403,0.282,-0.154,0.716,-0.12,0.642,0.196,-0.608,0.13,0.004,-0.354,0.677,0.637,-0.051,-0.808,0.149,0.077,-0.664,-0.404,-0.378,-0.62,0.65,-0.632,-0.387,0.486,0.287,-0.319,-0.417,-0.431
AMSF,-0.347,0.69,0.775,-0.004,-0.261,0.698,0.652,0.78,0.575,0.1,0.5,0.0,0.119,0.554,-0.147,0.313,0.329,-0.277,0.474,0.549,0.549,-0.567,-0.194,0.572,-0.092,-0.648,0.726,0.474,0.181,0.791,0.349,0.372,-0.12,0.073,0.255,0.439,0.677,0.826,0.267,-0.132,0.749,0.611,0.039,-0.604,0.752,0.86,0.792,0.609,0.187,0.741,0.75,-0.441,0.066,-0.378,0.38,0.594,0.712,0.67,0.437,-0.724,0.252,0.848,0.873,-0.016,0.385,0.37,0.211,0.336,-0.363,0.918,0.366,0.528,0.276,0.68,0.532,0.829,0.903,0.645,-0.253,0.727,0.361,0.316,0.258,0.805,0.788,-0.275,0.555,0.432,0.632,0.832,0.432,0.48,0.669,0.41,0.832,-0.256,0.426,-0.192,0.583,0.161,0.755,-0.882,0.438,0.402,-0.075,-0.055,0.148,0.104,-0.045,0.216,0.365,0.342,0.677,-0.142,-0.1,0.612,0.346,0.076,-0.162,0.456,-0.114,0.103,0.541,0.802,0.483,0.706,0.374,0.138,0.259,0.328,-0.041,0.897,0.405,-0.289,0.264,0.662,0.771,0.743,0.114,0.137,0.728,0.292,0.602,-0.129,-0.158,0.92,-0.057,0.621,0.025,-0.072,-0.166,0.058,-0.216,0.013,-0.29,0.74,0.493,0.709,0.031,0.596,0.425,0.728,0.656,0.578,0.465,0.384,0.867,-0.241,0.07,0.444,-0.284,0.542,0.801,0.555,0.644,-0.148,0.851,0.692,-0.464,0.305,0.299,0.082,0.912,0.886,0.083,-0.342,0.138,0.463,-0.588,0.139,0.099,-0.364,0.525,-0.184,0.161,0.909,0.792,0.331,-0.169,0.131
ANAB,-0.387,0.038,0.235,0.276,-0.419,0.727,-0.076,0.019,-0.176,-0.211,0.8,0.119,0.0,0.236,0.141,-0.411,-0.245,-0.213,-0.141,0.026,0.611,0.153,-0.484,-0.225,0.513,-0.297,0.089,-0.088,-0.15,0.364,-0.311,-0.157,-0.216,0.128,-0.55,-0.282,-0.114,0.122,-0.045,0.082,0.172,0.488,-0.16,-0.474,0.126,0.463,0.311,-0.028,-0.318,0.494,-0.175,0.523,-0.158,-0.621,-0.131,-0.034,0.193,-0.024,-0.231,0.032,-0.049,0.082,0.304,0.473,-0.309,-0.155,-0.278,-0.195,-0.324,0.336,0.064,-0.049,-0.22,0.005,-0.286,0.124,0.041,-0.005,-0.043,0.116,-0.379,-0.204,-0.258,0.102,0.173,-0.568,-0.224,-0.042,0.245,0.118,-0.017,0.183,-0.142,-0.054,-0.06,-0.427,-0.251,-0.496,-0.0,-0.54,-0.092,-0.073,-0.132,-0.105,-0.391,-0.636,-0.336,0.175,-0.224,-0.372,-0.358,-0.379,0.205,-0.42,-0.136,0.163,-0.077,-0.38,-0.134,-0.188,-0.303,-0.347,0.178,0.178,-0.107,0.251,-0.172,0.059,-0.363,-0.541,-0.283,0.346,0.721,-0.46,-0.327,-0.188,0.323,0.608,-0.539,-0.023,0.416,-0.278,-0.392,-0.262,-0.348,0.033,0.131,0.467,0.073,-0.246,-0.164,-0.449,-0.447,-0.267,-0.495,0.255,0.711,0.198,-0.168,0.13,-0.091,0.093,-0.201,0.717,0.15,-0.365,0.088,-0.315,-0.127,-0.423,0.019,0.347,-0.119,-0.314,0.596,-0.007,0.396,0.007,-0.33,0.154,0.062,-0.311,0.318,0.229,-0.006,-0.701,0.365,-0.238,-0.256,-0.436,-0.27,-0.347,0.615,-0.487,-0.349,0.069,-0.012,-0.355,-0.16,-0.378
ANDE,0.218,0.791,0.661,0.233,0.143,0.604,0.784,0.633,0.411,0.566,0.253,0.554,0.236,0.0,0.478,0.316,0.601,0.325,0.628,0.819,0.542,0.124,0.164,0.63,0.476,-0.076,0.62,0.684,0.621,0.516,0.499,0.623,0.43,0.63,0.35,0.644,0.709,0.778,0.54,0.514,0.752,0.721,0.605,-0.066,0.824,0.581,0.634,0.767,0.49,0.482,0.375,0.135,0.476,-0.043,0.433,0.718,0.802,0.664,0.664,-0.109,0.659,0.457,0.696,0.45,0.525,0.669,0.513,0.673,0.216,0.645,0.749,0.571,0.592,0.414,0.673,0.808,0.586,0.83,0.189,0.815,0.569,0.546,0.525,0.763,0.838,0.066,0.708,0.688,0.827,0.391,0.815,0.465,0.653,0.78,0.665,0.236,0.64,0.257,0.663,0.47,0.614,-0.35,0.689,0.686,0.363,0.213,0.579,0.171,0.484,0.496,0.427,0.515,0.838,0.314,0.435,0.802,0.701,0.486,0.431,0.618,0.386,0.528,0.455,0.748,0.75,0.736,0.703,0.586,0.522,0.387,0.488,0.49,0.413,0.145,0.364,0.622,0.734,0.379,0.457,0.577,0.809,0.632,0.494,0.245,0.09,0.597,0.419,0.695,0.624,0.419,0.371,0.433,0.236,0.461,0.191,0.809,0.48,0.83,0.283,0.352,0.449,0.821,0.654,0.287,0.852,0.545,0.696,0.334,0.439,0.477,0.389,0.838,0.457,0.635,0.621,0.17,0.642,0.76,0.079,0.603,0.78,0.477,0.63,0.515,0.291,-0.018,0.534,0.18,-0.003,0.382,0.559,0.166,0.631,0.253,0.539,0.522,0.614,0.506,0.463,0.523
APLS,0.675,0.435,0.234,0.445,0.552,0.03,0.405,0.173,0.176,0.684,-0.226,-0.147,0.141,0.478,0.0,0.348,0.6,0.807,0.323,0.539,0.136,0.665,0.579,0.383,0.763,0.595,0.106,0.5,0.737,0.069,0.573,0.464,0.783,0.812,0.348,0.535,0.311,0.288,0.534,0.863,0.388,0.284,0.782,0.52,0.403,-0.07,0.042,0.51,0.613,0.02,-0.239,0.621,0.684,0.423,0.126,0.438,0.416,0.334,0.56,0.554,0.689,-0.259,-0.065,0.462,0.436,0.632,0.55,0.612,0.711,0.012,0.67,0.296,0.628,-0.103,0.407,0.287,-0.023,0.451,0.351,0.407,0.484,0.577,0.619,0.271,0.318,0.49,0.459,0.54,0.453,-0.316,0.622,0.104,0.312,0.571,0.124,0.665,0.549,0.639,0.175,0.536,0.207,0.305,0.595,0.598,0.646,0.414,0.639,0.091,0.668,0.594,0.347,0.429,0.422,0.634,0.692,0.557,0.675,0.559,0.654,0.471,0.673,0.672,0.159,0.274,0.556,0.36,0.497,0.566,0.591,0.285,0.667,-0.154,0.168,0.646,0.323,0.065,0.183,-0.25,0.575,0.692,0.303,0.611,0.199,0.56,0.439,-0.073,0.628,0.339,0.773,0.647,0.633,0.521,0.478,0.686,0.605,0.401,0.126,0.462,0.401,-0.159,0.073,0.304,0.345,-0.264,0.648,0.496,0.127,0.745,0.717,0.348,0.796,0.438,-0.07,0.403,0.187,0.253,0.043,0.378,0.621,0.565,0.651,0.602,-0.139,-0.168,0.592,0.461,0.602,-0.038,0.583,0.5,0.709,0.674,0.344,0.654,0.604,-0.154,0.153,0.432,0.779,0.665
APPF,0.447,0.603,0.442,0.146,0.691,-0.001,0.608,0.683,0.792,0.512,-0.229,0.313,-0.411,0.316,0.348,0.0,0.827,0.531,0.417,0.576,-0.072,-0.187,0.757,0.839,0.137,0.107,0.628,0.793,0.702,0.448,0.9,0.546,0.593,0.517,0.645,0.774,0.766,0.617,0.76,0.3,0.665,0.155,0.564,0.217,0.583,0.141,0.443,0.677,0.824,0.247,0.623,-0.339,0.546,0.512,0.161,0.742,0.555,0.759,0.822,-0.17,0.635,0.382,0.191,-0.31,0.889,0.788,0.811,0.729,0.458,0.374,0.622,0.454,0.665,0.457,0.77,0.556,0.563,0.612,-0.021,0.486,0.829,0.824,0.821,0.575,0.428,0.665,0.723,0.71,0.285,0.313,0.57,0.161,0.708,0.588,0.618,0.488,0.825,0.618,0.427,0.711,0.783,-0.245,0.649,0.632,0.727,0.73,0.615,0.119,0.431,0.884,0.873,0.893,0.486,0.652,0.412,0.632,0.549,0.683,0.344,0.714,0.608,0.674,0.694,0.481,0.682,0.64,0.633,0.305,0.885,0.835,0.476,0.243,-0.006,0.668,0.777,0.596,0.326,-0.106,0.667,0.643,0.373,0.756,0.86,0.535,0.714,0.536,0.352,0.475,0.45,0.458,0.276,0.664,0.441,0.632,0.475,0.546,0.079,0.54,0.764,0.416,0.446,0.449,0.78,-0.233,0.32,0.789,0.557,0.493,0.601,0.852,0.326,0.297,0.649,0.78,0.032,-0.143,0.13,0.751,0.322,0.267,0.397,0.654,0.274,0.312,0.67,0.566,0.227,0.8,0.055,0.808,0.615,0.423,0.174,0.64,0.699,0.487,0.699,0.594,0.405,0.702
ASML,0.671,0.814,0.535,0.371,0.691,0.102,0.83,0.691,0.666,0.819,-0.21,0.329,-0.245,0.601,0.6,0.827,0.0,0.718,0.725,0.847,0.102,0.161,0.795,0.906,0.467,0.349,0.643,0.897,0.9,0.442,0.89,0.78,0.817,0.801,0.752,0.949,0.875,0.735,0.872,0.623,0.724,0.436,0.854,0.378,0.761,0.177,0.422,0.868,0.945,0.188,0.455,-0.015,0.723,0.566,0.479,0.898,0.706,0.832,0.958,0.099,0.878,0.297,0.28,0.104,0.916,0.97,0.913,0.959,0.679,0.386,0.814,0.58,0.908,0.421,0.917,0.668,0.541,0.828,0.171,0.726,0.949,0.872,0.892,0.705,0.612,0.718,0.847,0.902,0.615,0.252,0.816,0.365,0.806,0.863,0.627,0.722,0.953,0.766,0.526,0.892,0.781,-0.18,0.895,0.889,0.879,0.797,0.89,0.228,0.753,0.916,0.893,0.939,0.725,0.823,0.749,0.807,0.853,0.881,0.632,0.894,0.794,0.893,0.58,0.598,0.921,0.721,0.869,0.639,0.951,0.854,0.775,0.207,0.132,0.762,0.737,0.695,0.472,-0.112,0.852,0.832,0.568,0.958,0.797,0.762,0.721,0.51,0.639,0.601,0.74,0.747,0.612,0.863,0.675,0.79,0.691,0.678,0.204,0.737,0.77,0.372,0.522,0.658,0.852,-0.185,0.665,0.907,0.588,0.73,0.66,0.892,0.654,0.613,0.511,0.913,0.243,0.096,0.226,0.827,0.54,0.553,0.786,0.889,0.273,0.335,0.719,0.606,0.485,0.582,0.332,0.875,0.86,0.636,0.372,0.809,0.908,0.435,0.7,0.711,0.705,0.927
ATRC,0.89,0.37,0.032,0.327,0.844,-0.272,0.404,0.164,0.243,0.778,-0.527,-0.277,-0.213,0.325,0.807,0.531,0.718,0.0,0.371,0.534,-0.183,0.657,0.854,0.471,0.581,0.771,0.13,0.584,0.808,-0.108,0.665,0.54,0.889,0.811,0.501,0.638,0.366,0.204,0.643,0.849,0.253,0.065,0.846,0.766,0.302,-0.315,-0.067,0.494,0.808,-0.276,-0.155,0.456,0.745,0.773,0.231,0.487,0.346,0.382,0.65,0.61,0.753,-0.331,-0.23,0.271,0.603,0.71,0.771,0.726,0.917,-0.171,0.674,0.227,0.727,-0.123,0.514,0.177,-0.104,0.418,0.367,0.304,0.666,0.617,0.688,0.181,0.196,0.815,0.46,0.603,0.278,-0.365,0.612,0.073,0.316,0.621,0.108,0.853,0.66,0.909,0.182,0.734,0.224,0.456,0.642,0.655,0.89,0.693,0.82,0.097,0.804,0.783,0.552,0.623,0.363,0.889,0.84,0.483,0.614,0.8,0.827,0.568,0.898,0.843,0.173,0.089,0.612,0.268,0.643,0.652,0.765,0.525,0.839,-0.365,-0.089,0.882,0.513,0.164,0.065,-0.573,0.768,0.815,0.17,0.768,0.324,0.795,0.699,-0.124,0.659,0.209,0.854,0.833,0.743,0.759,0.791,0.877,0.828,0.247,-0.131,0.337,0.684,-0.085,0.192,0.243,0.366,-0.522,0.541,0.606,0.03,0.907,0.771,0.489,0.874,0.35,-0.092,0.505,-0.122,0.2,-0.252,0.374,0.825,0.444,0.622,0.781,-0.294,-0.31,0.583,0.744,0.465,0.116,0.784,0.683,0.854,0.885,0.05,0.869,0.797,-0.195,0.119,0.512,0.891,0.798
AVGO,0.496,0.849,0.622,0.46,0.249,0.22,0.895,0.604,0.411,0.813,-0.013,0.474,-0.141,0.628,0.323,0.417,0.725,0.371,0.0,0.856,0.171,0.209,0.382,0.679,0.363,0.22,0.614,0.655,0.733,0.435,0.569,0.903,0.591,0.567,0.742,0.829,0.732,0.687,0.491,0.52,0.563,0.607,0.642,0.27,0.775,0.32,0.248,0.714,0.671,0.191,0.361,-0.075,0.631,0.395,0.74,0.808,0.631,0.613,0.758,0.032,0.764,0.483,0.545,0.346,0.554,0.696,0.592,0.768,0.499,0.463,0.727,0.657,0.716,0.543,0.84,0.659,0.544,0.842,0.233,0.81,0.669,0.616,0.606,0.749,0.73,0.405,0.692,0.816,0.8,0.491,0.705,0.67,0.638,0.859,0.507,0.588,0.678,0.512,0.656,0.764,0.687,-0.386,0.84,0.842,0.602,0.556,0.758,0.303,0.777,0.557,0.707,0.686,0.782,0.608,0.696,0.694,0.813,0.745,0.574,0.861,0.596,0.729,0.251,0.658,0.878,0.612,0.857,0.529,0.656,0.601,0.717,0.276,0.191,0.431,0.544,0.779,0.546,0.121,0.698,0.569,0.584,0.739,0.598,0.621,0.435,0.568,0.614,0.505,0.636,0.707,0.692,0.76,0.555,0.54,0.564,0.633,0.229,0.652,0.33,0.462,0.698,0.802,0.787,0.125,0.706,0.789,0.473,0.552,0.264,0.607,0.47,0.752,0.34,0.817,0.49,0.353,0.437,0.62,0.442,0.735,0.828,0.788,0.355,0.561,0.422,0.355,0.447,0.152,0.238,0.605,0.688,0.414,0.441,0.579,0.772,0.529,0.55,0.627,0.61,0.74
AVT,0.499,0.941,0.75,0.422,0.397,0.425,0.947,0.759,0.58,0.83,0.079,0.549,0.026,0.819,0.539,0.576,0.847,0.534,0.856,0.0,0.35,0.208,0.466,0.817,0.542,0.135,0.747,0.849,0.854,0.569,0.751,0.879,0.688,0.77,0.639,0.896,0.872,0.852,0.694,0.652,0.798,0.747,0.748,0.188,0.923,0.483,0.527,0.904,0.79,0.39,0.416,0.059,0.742,0.302,0.59,0.925,0.844,0.814,0.876,0.004,0.9,0.489,0.616,0.341,0.737,0.866,0.763,0.899,0.498,0.626,0.892,0.703,0.829,0.509,0.895,0.833,0.641,0.952,0.231,0.912,0.801,0.765,0.766,0.872,0.878,0.41,0.828,0.918,0.879,0.461,0.879,0.64,0.793,0.947,0.69,0.538,0.848,0.543,0.704,0.752,0.798,-0.351,0.919,0.943,0.664,0.521,0.823,0.307,0.735,0.728,0.762,0.777,0.926,0.637,0.71,0.899,0.891,0.767,0.648,0.91,0.655,0.785,0.519,0.798,0.953,0.816,0.913,0.663,0.787,0.644,0.721,0.42,0.375,0.46,0.657,0.748,0.74,0.207,0.72,0.765,0.805,0.866,0.669,0.597,0.464,0.651,0.641,0.725,0.775,0.694,0.616,0.725,0.486,0.684,0.493,0.845,0.383,0.878,0.511,0.503,0.64,0.9,0.862,0.161,0.869,0.826,0.688,0.607,0.54,0.713,0.569,0.872,0.475,0.878,0.599,0.167,0.567,0.85,0.376,0.767,0.89,0.805,0.52,0.559,0.544,0.286,0.593,0.329,0.19,0.674,0.798,0.408,0.629,0.579,0.818,0.585,0.718,0.677,0.667,0.783
AXDX,-0.381,0.38,0.459,0.051,-0.278,0.738,0.317,0.326,0.165,-0.023,0.576,0.549,0.611,0.542,0.136,-0.072,0.102,-0.183,0.171,0.35,0.0,-0.098,-0.29,0.258,0.379,-0.421,0.354,0.199,0.047,0.589,0.045,0.066,-0.111,0.194,-0.115,0.049,0.323,0.513,0.088,-0.008,0.505,0.639,0.08,-0.51,0.443,0.727,0.606,0.448,-0.056,0.607,0.281,0.107,-0.029,-0.535,0.174,0.261,0.434,0.386,0.148,-0.349,0.111,0.422,0.491,0.274,0.118,0.177,-0.029,0.135,-0.309,0.607,0.214,0.348,0.179,0.415,0.138,0.476,0.501,0.327,-0.039,0.416,0.065,0.134,0.095,0.459,0.483,-0.426,0.289,0.166,0.464,0.343,0.268,0.139,0.412,0.205,0.428,-0.298,0.174,-0.321,0.154,-0.129,0.33,-0.425,0.207,0.152,-0.179,-0.373,-0.015,-0.076,-0.138,-0.042,-0.051,0.032,0.402,-0.278,-0.051,0.416,0.301,-0.169,-0.102,0.077,-0.255,-0.113,0.276,0.526,0.209,0.495,0.074,0.115,-0.054,0.002,-0.169,0.626,0.69,-0.38,-0.036,0.267,0.501,0.672,-0.149,-0.008,0.578,0.083,0.08,-0.257,-0.266,0.458,0.049,0.605,0.05,-0.226,-0.17,-0.151,-0.346,-0.125,-0.35,0.492,0.506,0.536,-0.094,0.326,0.149,0.452,0.29,0.554,0.409,0.025,0.572,-0.259,-0.086,0.108,-0.094,0.407,0.317,0.197,0.631,-0.214,0.641,0.402,-0.372,0.215,0.224,-0.071,0.585,0.507,0.149,-0.568,0.538,0.098,-0.349,-0.015,-0.07,-0.352,0.577,-0.281,-0.049,0.44,0.442,0.231,-0.125,-0.035
AXSM,0.674,0.017,-0.205,0.418,0.364,-0.253,0.047,-0.351,-0.375,0.548,-0.33,-0.567,0.153,0.124,0.665,-0.187,0.161,0.657,0.209,0.208,-0.098,0.0,0.338,-0.147,0.692,0.801,-0.311,0.016,0.429,-0.389,0.056,0.294,0.605,0.54,0.115,0.129,-0.194,-0.237,0.077,0.775,-0.206,0.087,0.519,0.735,-0.062,-0.413,-0.496,0.026,0.267,-0.423,-0.706,0.788,0.533,0.477,0.115,-0.002,-0.066,-0.212,0.092,0.868,0.42,-0.609,-0.364,0.592,-0.062,0.17,0.174,0.247,0.721,-0.443,0.337,-0.007,0.302,-0.421,-0.002,-0.229,-0.549,0.038,0.55,0.003,0.049,0.146,0.204,-0.181,-0.069,0.375,-0.024,0.2,0.181,-0.578,0.23,0.073,-0.205,0.293,-0.433,0.633,0.066,0.511,-0.084,0.281,-0.315,0.661,0.252,0.302,0.436,0.203,0.42,0.08,0.639,0.154,-0.023,0.01,0.066,0.513,0.689,0.071,0.352,0.376,0.692,0.147,0.552,0.414,-0.395,-0.191,0.198,-0.132,0.242,0.393,0.155,-0.111,0.564,-0.594,0.055,0.486,0.016,-0.252,-0.196,-0.48,0.339,0.4,-0.091,0.242,-0.361,0.524,0.296,-0.533,0.604,-0.081,0.636,0.603,0.719,0.353,0.484,0.439,0.615,-0.112,-0.151,-0.03,0.097,-0.373,-0.021,-0.019,-0.124,-0.302,0.35,0.11,-0.445,0.683,0.297,-0.147,0.763,0.215,-0.687,-0.025,-0.004,0.427,-0.308,-0.198,0.763,0.464,0.45,0.436,-0.56,-0.5,0.256,0.383,0.468,-0.583,0.82,0.155,0.475,0.659,0.062,0.505,0.368,-0.58,-0.415,0.121,0.735,0.372
AZN,0.841,0.367,0.007,0.251,0.892,-0.402,0.4,0.271,0.429,0.681,-0.588,-0.194,-0.484,0.164,0.579,0.757,0.795,0.854,0.382,0.466,-0.29,0.338,0.0,0.611,0.343,0.676,0.252,0.625,0.727,-0.052,0.779,0.512,0.829,0.694,0.65,0.694,0.484,0.246,0.692,0.582,0.285,-0.04,0.755,0.72,0.288,-0.351,-0.011,0.501,0.863,-0.269,0.129,0.094,0.658,0.842,0.213,0.543,0.285,0.483,0.724,0.379,0.664,-0.172,-0.25,-0.067,0.759,0.755,0.829,0.736,0.844,-0.145,0.54,0.23,0.749,0.067,0.615,0.187,0.055,0.381,0.236,0.276,0.789,0.709,0.769,0.224,0.114,0.951,0.539,0.6,0.141,-0.21,0.522,-0.02,0.45,0.564,0.225,0.821,0.749,0.906,0.15,0.823,0.392,0.301,0.606,0.607,0.927,0.876,0.779,0.123,0.692,0.836,0.726,0.788,0.275,0.894,0.73,0.426,0.58,0.827,0.644,0.601,0.835,0.814,0.286,0.108,0.59,0.293,0.62,0.48,0.84,0.759,0.745,-0.302,-0.22,0.951,0.623,0.312,-0.008,-0.602,0.803,0.703,0.09,0.79,0.552,0.817,0.793,0.029,0.566,0.192,0.628,0.735,0.605,0.838,0.773,0.804,0.815,0.179,-0.185,0.271,0.782,0.084,0.244,0.187,0.493,-0.621,0.329,0.691,0.127,0.825,0.682,0.704,0.7,0.188,0.154,0.618,-0.268,0.033,-0.301,0.449,0.738,0.265,0.494,0.797,-0.248,-0.201,0.648,0.856,0.299,0.443,0.629,0.841,0.785,0.805,-0.119,0.911,0.81,-0.042,0.271,0.57,0.721,0.833
BANR,0.376,0.838,0.618,0.215,0.514,0.266,0.848,0.812,0.788,0.633,-0.055,0.572,-0.225,0.63,0.383,0.839,0.906,0.471,0.679,0.817,0.258,-0.147,0.611,0.0,0.278,0.031,0.759,0.888,0.738,0.584,0.843,0.702,0.58,0.638,0.722,0.878,0.957,0.865,0.779,0.363,0.817,0.463,0.666,0.092,0.822,0.435,0.637,0.928,0.821,0.381,0.712,-0.285,0.559,0.35,0.481,0.887,0.761,0.95,0.916,-0.265,0.733,0.568,0.47,-0.061,0.915,0.907,0.817,0.886,0.398,0.599,0.715,0.673,0.842,0.627,0.927,0.801,0.783,0.841,0.013,0.757,0.934,0.819,0.809,0.806,0.703,0.525,0.866,0.823,0.606,0.488,0.741,0.33,0.929,0.792,0.802,0.469,0.947,0.545,0.554,0.776,0.906,-0.422,0.826,0.783,0.691,0.662,0.75,0.168,0.522,0.845,0.864,0.922,0.736,0.604,0.496,0.808,0.776,0.704,0.4,0.829,0.569,0.715,0.692,0.713,0.863,0.784,0.791,0.484,0.865,0.891,0.546,0.453,0.144,0.522,0.728,0.818,0.573,0.118,0.728,0.654,0.649,0.886,0.916,0.537,0.56,0.741,0.436,0.681,0.54,0.505,0.35,0.731,0.445,0.611,0.439,0.747,0.279,0.793,0.665,0.511,0.594,0.754,0.924,-0.023,0.624,0.853,0.794,0.46,0.523,0.941,0.375,0.586,0.755,0.944,0.324,-0.103,0.419,0.915,0.235,0.424,0.646,0.712,0.519,0.543,0.595,0.401,0.439,0.708,0.049,0.809,0.673,0.359,0.396,0.592,0.769,0.692,0.881,0.744,0.441,0.785
BBIO,0.47,0.457,0.323,0.639,0.326,0.319,0.401,0.175,0.075,0.579,0.197,-0.092,0.513,0.476,0.763,0.137,0.467,0.581,0.363,0.542,0.379,0.692,0.343,0.278,0.0,0.432,0.218,0.399,0.614,0.257,0.334,0.463,0.641,0.794,0.151,0.384,0.279,0.32,0.456,0.783,0.396,0.559,0.619,0.326,0.435,0.148,0.121,0.464,0.445,0.212,-0.235,0.678,0.619,0.175,0.137,0.424,0.409,0.306,0.409,0.508,0.657,-0.113,0.086,0.582,0.292,0.51,0.374,0.518,0.561,0.156,0.629,0.342,0.512,0.011,0.301,0.29,0.022,0.421,0.303,0.416,0.303,0.491,0.487,0.343,0.357,0.257,0.32,0.55,0.535,-0.107,0.481,0.304,0.27,0.546,0.048,0.478,0.391,0.359,0.168,0.296,0.21,0.22,0.507,0.548,0.466,0.175,0.454,0.253,0.571,0.353,0.255,0.294,0.486,0.452,0.667,0.543,0.606,0.406,0.559,0.42,0.521,0.442,0.186,0.342,0.498,0.468,0.417,0.487,0.371,0.09,0.468,-0.009,0.538,0.42,0.228,0.082,0.274,0.057,0.317,0.613,0.454,0.454,-0.007,0.523,0.39,0.005,0.76,0.549,0.727,0.505,0.615,0.357,0.265,0.433,0.418,0.414,0.46,0.468,0.342,0.073,0.207,0.37,0.305,0.137,0.568,0.331,0.127,0.574,0.403,0.181,0.755,0.581,-0.16,0.278,0.49,0.214,0.184,0.326,0.507,0.64,0.655,0.517,0.004,0.039,0.599,0.133,0.799,-0.119,0.437,0.325,0.524,0.46,0.605,0.426,0.456,-0.053,0.174,0.268,0.645,0.475
BCYC,0.861,-0.032,-0.361,0.353,0.608,-0.635,0.029,-0.312,-0.188,0.576,-0.676,-0.648,-0.297,-0.076,0.595,0.107,0.349,0.771,0.22,0.135,-0.421,0.801,0.676,0.031,0.432,0.0,-0.321,0.11,0.457,-0.511,0.248,0.288,0.688,0.5,0.368,0.289,-0.088,-0.283,0.229,0.661,-0.266,-0.236,0.608,0.922,-0.15,-0.699,-0.584,0.042,0.454,-0.665,-0.53,0.537,0.49,0.803,0.185,0.056,-0.157,-0.113,0.262,0.834,0.394,-0.662,-0.588,0.313,0.171,0.302,0.377,0.371,0.868,-0.626,0.248,-0.043,0.431,-0.352,0.155,-0.303,-0.524,0.007,0.407,-0.075,0.293,0.234,0.317,-0.261,-0.248,0.737,0.078,0.218,-0.016,-0.642,0.201,-0.102,-0.106,0.26,-0.366,0.837,0.241,0.768,-0.157,0.537,-0.228,0.7,0.305,0.322,0.669,0.587,0.562,0.027,0.699,0.371,0.2,0.248,-0.069,0.72,0.721,-0.002,0.351,0.568,0.655,0.23,0.696,0.583,-0.349,-0.305,0.23,-0.24,0.304,0.39,0.375,0.238,0.686,-0.74,-0.351,0.789,0.136,-0.164,-0.387,-0.801,0.566,0.432,-0.292,0.405,-0.058,0.708,0.522,-0.533,0.539,-0.235,0.557,0.713,0.751,0.597,0.742,0.567,0.833,-0.25,-0.373,-0.154,0.329,-0.378,-0.045,-0.16,-0.048,-0.68,0.191,0.286,-0.452,0.799,0.399,0.138,0.764,-0.008,-0.5,0.134,-0.39,0.36,-0.586,-0.151,0.894,0.254,0.369,0.571,-0.719,-0.619,0.326,0.785,0.247,-0.276,0.941,0.409,0.587,0.867,-0.295,0.773,0.536,-0.595,-0.343,0.251,0.742,0.572
BHFAP,0.101,0.796,0.758,0.206,0.221,0.609,0.782,0.912,0.732,0.42,0.412,0.726,0.089,0.62,0.106,0.628,0.643,0.13,0.614,0.747,0.354,-0.311,0.252,0.759,0.218,-0.321,0.0,0.782,0.54,0.758,0.636,0.628,0.303,0.464,0.362,0.696,0.849,0.872,0.616,0.176,0.823,0.653,0.321,-0.247,0.851,0.629,0.769,0.707,0.577,0.639,0.783,-0.282,0.353,0.004,0.356,0.864,0.808,0.817,0.711,-0.399,0.601,0.753,0.78,-0.02,0.717,0.664,0.643,0.625,0.062,0.813,0.645,0.552,0.537,0.681,0.744,0.853,0.818,0.78,-0.077,0.782,0.625,0.615,0.571,0.876,0.791,0.192,0.677,0.779,0.631,0.751,0.655,0.588,0.718,0.709,0.808,0.091,0.674,0.188,0.743,0.434,0.883,-0.604,0.629,0.654,0.367,0.338,0.437,0.369,0.303,0.558,0.729,0.7,0.827,0.307,0.261,0.784,0.54,0.499,0.257,0.739,0.338,0.465,0.768,0.788,0.726,0.864,0.712,0.405,0.607,0.546,0.331,0.662,0.45,0.16,0.647,0.789,0.837,0.481,0.366,0.538,0.846,0.603,0.729,0.282,0.293,0.848,0.336,0.829,0.411,0.314,0.151,0.455,0.165,0.384,0.05,0.848,0.6,0.755,0.556,0.842,0.605,0.784,0.794,0.414,0.521,0.604,0.805,0.177,0.338,0.635,0.166,0.744,0.753,0.711,0.568,-0.128,0.636,0.882,-0.078,0.408,0.574,0.485,0.791,0.773,0.374,-0.034,0.312,0.658,-0.298,0.502,0.451,0.044,0.599,0.195,0.521,0.845,0.832,0.402,0.213,0.411
BKR,0.491,0.812,0.574,0.225,0.566,0.323,0.826,0.822,0.719,0.691,-0.015,0.474,-0.088,0.684,0.5,0.793,0.897,0.584,0.655,0.849,0.199,0.016,0.625,0.888,0.399,0.11,0.782,0.0,0.801,0.52,0.851,0.704,0.665,0.758,0.566,0.878,0.895,0.817,0.841,0.515,0.792,0.505,0.726,0.151,0.822,0.339,0.623,0.85,0.858,0.359,0.578,-0.04,0.587,0.369,0.426,0.919,0.828,0.876,0.93,-0.061,0.807,0.452,0.476,0.111,0.872,0.907,0.911,0.882,0.472,0.564,0.809,0.546,0.812,0.509,0.88,0.784,0.629,0.833,0.126,0.78,0.882,0.769,0.767,0.776,0.724,0.557,0.84,0.89,0.623,0.378,0.862,0.378,0.77,0.848,0.751,0.5,0.898,0.603,0.594,0.736,0.812,-0.288,0.819,0.826,0.706,0.62,0.782,0.294,0.593,0.871,0.841,0.876,0.822,0.665,0.584,0.846,0.745,0.781,0.556,0.847,0.693,0.785,0.73,0.684,0.879,0.797,0.873,0.646,0.881,0.751,0.651,0.367,0.215,0.556,0.681,0.733,0.653,0.08,0.698,0.803,0.741,0.885,0.794,0.601,0.548,0.636,0.472,0.733,0.702,0.643,0.405,0.724,0.539,0.727,0.45,0.784,0.36,0.814,0.765,0.486,0.51,0.731,0.813,0.021,0.696,0.789,0.729,0.543,0.657,0.814,0.53,0.705,0.622,0.851,0.354,-0.011,0.399,0.917,0.309,0.477,0.727,0.737,0.494,0.441,0.542,0.378,0.448,0.622,0.142,0.739,0.788,0.461,0.494,0.587,0.815,0.578,0.78,0.56,0.572,0.744
BLDP,0.767,0.79,0.544,0.506,0.679,0.09,0.811,0.566,0.496,0.929,-0.216,0.181,-0.15,0.621,0.737,0.702,0.9,0.808,0.733,0.854,0.047,0.429,0.727,0.738,0.614,0.457,0.54,0.801,0.0,0.357,0.831,0.866,0.907,0.836,0.693,0.899,0.71,0.612,0.738,0.829,0.636,0.472,0.867,0.523,0.723,0.099,0.222,0.762,0.915,0.14,0.196,0.179,0.878,0.608,0.38,0.828,0.654,0.649,0.872,0.313,0.955,0.181,0.251,0.262,0.753,0.877,0.831,0.891,0.799,0.3,0.921,0.586,0.827,0.28,0.828,0.583,0.351,0.806,0.313,0.683,0.796,0.837,0.859,0.638,0.621,0.675,0.739,0.907,0.659,0.152,0.803,0.463,0.617,0.89,0.426,0.799,0.824,0.79,0.55,0.849,0.648,-0.037,0.881,0.914,0.878,0.71,0.882,0.261,0.881,0.865,0.815,0.821,0.729,0.868,0.853,0.789,0.849,0.894,0.785,0.882,0.879,0.924,0.422,0.546,0.914,0.668,0.87,0.642,0.912,0.665,0.848,0.068,0.21,0.773,0.729,0.56,0.432,-0.149,0.838,0.885,0.519,0.889,0.597,0.772,0.751,0.348,0.749,0.523,0.893,0.839,0.785,0.832,0.671,0.841,0.769,0.658,0.143,0.667,0.655,0.282,0.528,0.648,0.773,-0.157,0.721,0.875,0.387,0.848,0.691,0.685,0.753,0.674,0.244,0.805,0.306,0.257,0.191,0.684,0.699,0.754,0.835,0.924,0.134,0.234,0.716,0.601,0.567,0.286,0.45,0.793,0.904,0.707,0.435,0.829,0.914,0.273,0.505,0.659,0.876,0.896
BLFS,-0.229,0.719,0.866,0.324,-0.117,0.763,0.632,0.799,0.611,0.16,0.652,0.791,0.364,0.516,0.069,0.448,0.442,-0.108,0.435,0.569,0.589,-0.389,-0.052,0.584,0.257,-0.511,0.758,0.52,0.357,0.0,0.439,0.402,0.064,0.24,0.231,0.462,0.68,0.822,0.46,0.053,0.853,0.683,0.175,-0.542,0.766,0.811,0.774,0.617,0.297,0.875,0.652,-0.235,0.187,-0.334,0.207,0.676,0.726,0.683,0.498,-0.514,0.394,0.788,0.745,0.061,0.453,0.455,0.279,0.386,-0.195,0.905,0.528,0.514,0.293,0.66,0.499,0.774,0.854,0.661,-0.248,0.689,0.334,0.478,0.396,0.797,0.726,-0.192,0.52,0.56,0.634,0.773,0.411,0.532,0.631,0.422,0.701,-0.149,0.438,-0.138,0.548,0.124,0.786,-0.778,0.504,0.464,0.068,-0.007,0.123,0.202,0.053,0.294,0.458,0.395,0.687,-0.036,0.041,0.72,0.401,0.14,-0.097,0.527,0.012,0.154,0.719,0.783,0.533,0.849,0.369,0.128,0.353,0.273,-0.006,0.862,0.666,-0.105,0.359,0.569,0.73,0.771,0.076,0.32,0.744,0.306,0.551,0.007,0.132,0.831,0.225,0.782,0.191,-0.0,-0.02,0.07,-0.208,0.083,-0.198,0.818,0.692,0.735,0.247,0.635,0.454,0.647,0.674,0.672,0.376,0.44,0.774,-0.111,0.148,0.421,-0.079,0.578,0.713,0.525,0.721,-0.082,0.761,0.702,-0.282,0.426,0.346,0.202,0.809,0.884,0.45,-0.303,0.345,0.539,-0.553,0.219,0.13,-0.232,0.71,-0.067,0.184,0.809,0.778,0.29,-0.043,0.2
BLKB,0.591,0.738,0.525,0.279,0.674,0.075,0.733,0.717,0.744,0.701,-0.223,0.349,-0.311,0.499,0.573,0.9,0.89,0.665,0.569,0.751,0.045,0.056,0.779,0.843,0.334,0.248,0.636,0.851,0.831,0.439,0.0,0.686,0.741,0.7,0.688,0.883,0.78,0.685,0.77,0.547,0.74,0.313,0.719,0.314,0.719,0.183,0.431,0.787,0.907,0.271,0.474,-0.081,0.702,0.521,0.253,0.837,0.696,0.769,0.914,-0.007,0.794,0.301,0.276,-0.039,0.889,0.877,0.877,0.835,0.574,0.421,0.792,0.516,0.783,0.411,0.829,0.656,0.533,0.735,0.115,0.673,0.871,0.864,0.879,0.67,0.601,0.68,0.816,0.817,0.514,0.246,0.75,0.297,0.721,0.739,0.647,0.616,0.899,0.711,0.504,0.811,0.776,-0.223,0.81,0.813,0.794,0.735,0.758,0.167,0.614,0.918,0.864,0.877,0.661,0.734,0.587,0.793,0.734,0.792,0.518,0.827,0.716,0.813,0.601,0.604,0.816,0.702,0.769,0.495,0.943,0.786,0.655,0.236,0.083,0.708,0.753,0.568,0.455,-0.088,0.79,0.779,0.511,0.858,0.813,0.613,0.639,0.526,0.462,0.541,0.65,0.646,0.476,0.742,0.51,0.776,0.569,0.666,0.138,0.673,0.706,0.374,0.412,0.589,0.814,-0.205,0.592,0.873,0.594,0.663,0.768,0.828,0.501,0.499,0.559,0.84,0.18,-0.009,0.256,0.806,0.43,0.502,0.606,0.767,0.282,0.301,0.658,0.584,0.38,0.611,0.214,0.819,0.812,0.544,0.277,0.722,0.818,0.43,0.668,0.667,0.61,0.811
BLMN,0.608,0.865,0.631,0.54,0.425,0.184,0.887,0.595,0.443,0.906,-0.067,0.372,-0.157,0.623,0.464,0.546,0.78,0.54,0.903,0.879,0.066,0.294,0.512,0.702,0.463,0.288,0.628,0.704,0.866,0.402,0.686,0.0,0.724,0.689,0.732,0.878,0.729,0.67,0.574,0.674,0.594,0.578,0.685,0.402,0.799,0.257,0.219,0.73,0.773,0.168,0.298,-0.003,0.834,0.502,0.585,0.832,0.656,0.627,0.789,0.141,0.913,0.431,0.476,0.29,0.616,0.77,0.677,0.837,0.631,0.431,0.842,0.717,0.747,0.433,0.858,0.658,0.483,0.859,0.25,0.779,0.714,0.727,0.734,0.772,0.745,0.515,0.692,0.879,0.763,0.454,0.723,0.682,0.645,0.921,0.476,0.661,0.739,0.611,0.677,0.802,0.714,-0.237,0.856,0.901,0.717,0.615,0.811,0.322,0.839,0.681,0.784,0.758,0.795,0.739,0.769,0.751,0.817,0.821,0.687,0.906,0.725,0.819,0.338,0.655,0.913,0.669,0.891,0.552,0.771,0.614,0.783,0.216,0.181,0.568,0.713,0.706,0.513,0.019,0.749,0.738,0.579,0.804,0.608,0.719,0.613,0.516,0.709,0.516,0.774,0.771,0.766,0.798,0.566,0.66,0.642,0.651,0.205,0.665,0.439,0.443,0.744,0.806,0.815,0.04,0.73,0.849,0.415,0.705,0.431,0.629,0.587,0.772,0.293,0.828,0.459,0.323,0.38,0.653,0.566,0.815,0.834,0.877,0.288,0.467,0.525,0.451,0.493,0.181,0.297,0.667,0.793,0.482,0.468,0.685,0.852,0.476,0.538,0.66,0.734,0.797
