,ABAT,ACLS,ACMR,ADMA,ADUS,ADVM,AEIS,AGNCM,AHCO,ALGT,ALLO,AMSF,ANAB,ANDE,APLS,APPF,ASML,ATRC,AVGO,AVT,AXDX,AXSM,AZN,BANR,BBIO,BCYC,BHFAP,BKR,BLDP,BLFS,BLKB,BLMN,BNTX,BPMC,CALM,CAMT,CASH,CATY,CCEP,CDLX,CDNS,CENN,CENX,CGC,CHDN,CLBK,COKE,COLB,COO,CORT,CRMT,CRNX,CRTO,CRVL,CSCO,CSQ,CSWI,CVBF,CWST,CYCC,CZR,DLTR,DORM,ENTA,EQIX,ERIC,EVRG,EWBC,EXAS,EXLS,EXPI,EYE,FBNC,FBRX,FCNCA,FELE,FIBK,FLEX,FRGT,FRHC,FRME,FWONA,FWONK,GDEN,GIII,GILD,GLNG,GNTX,GOOGL,GRPN,HCSG,HIMX,HOPE,HST,HTLD,HUT,HWC,ICUI,IESC,INTC,INTU,IOVA,IPAR,IPGP,ISRG,JBSS,KALU,KPRX,KRNT,LAUR,LBRDA,LBTYK,LECO,LILAK,LITE,MANH,MDXG,MFIC,MGEE,MIDD,MLAB,MMSI,MNKD,MOMO,MRVL,NICE,NMFC,NUWE,NVCR,NWBI,OFIX,OFLX,OMCL,OPK,ORKA,ORLY,OTTR,PDD,PNTG,POOL,POWL,PPBI,PPC,PRAA,PRPL,PZZA,QTRX,QURE,RDFN,RDHL,REAL,REG,REYN,RGLD,RIOT,RUN,RYTM,SAIA,SBAC,SBRA,SCVL,SHOO,SLAB,SLDB,SMCI,SMTC,SRCE,SSP,SSRM,STBA,STRO,SVC,SYBT,TCBI,TCOM,TENX,TH,TMUS,TNDM,TTD,TTMI,UAL,ULH,ULTA,VCYT,VIRT,VKTX,VOD,VRDN,VREX,VRNT,VSAT,WB,WBD,WDC,WEN,WSFS,XXII,Z,ZBRA
ABAT,0.0,0.306,0.837,-0.435,-0.31,0.747,0.295,0.422,0.577,0.233,0.571,-0.125,0.309,0.077,0.378,0.539,0.41,0.63,0.503,-0.027,0.419,-0.319,-0.434,-0.101,0.526,0.547,0.087,-0.614,0.812,0.207,-0.248,0.295,0.442,0.359,-0.207,0.642,0.123,-0.05,-0.123,0.511,0.2,0.474,0.21,-0.103,0.088,0.216,-0.65,0.06,0.644,0.328,0.597,0.48,0.378,-0.621,-0.37,0.377,0.051,-0.113,0.362,-0.065,0.592,0.142,-0.162,0.53,0.388,0.603,-0.155,-0.225,0.425,0.12,0.636,-0.044,-0.249,-0.334,0.14,0.308,0.014,0.061,0.862,0.103,0.014,-0.521,-0.304,0.135,0.161,-0.019,-0.272,-0.251,0.583,0.834,-0.457,0.314,-0.097,0.177,-0.056,0.45,-0.01,0.31,-0.14,0.194,0.522,0.521,0.353,0.138,0.69,-0.414,-0.341,0.136,0.419,-0.199,0.718,0.417,0.082,0.376,0.222,0.309,0.6,0.507,0.085,0.132,0.131,0.492,0.797,0.172,0.296,0.511,0.344,0.631,0.284,-0.015,-0.149,0.482,-0.145,0.033,0.252,0.061,0.233,-0.065,0.356,0.463,0.348,0.168,-0.207,-0.355,0.773,0.27,-0.015,-0.214,0.623,0.367,0.807,0.202,-0.285,0.371,0.707,0.616,0.228,0.661,0.674,0.131,0.244,0.524,0.465,0.333,-0.085,-0.178,-0.262,-0.001,0.327,-0.044,0.302,0.422,-0.049,0.027,-0.118,0.712,-0.577,0.291,0.049,0.211,0.374,0.613,0.24,-0.501,0.507,0.384,0.273,0.503,-0.407,-0.562,-0.068,0.23,0.45,-0.065,0.07,0.426,-0.007,0.812,0.74,-0.019
ACLS,0.306,0.0,0.399,0.189,-0.205,0.077,0.532,0.42,0.299,-0.033,0.359,0.06,0.365,0.431,0.136,0.338,0.215,0.208,0.591,-0.003,0.103,0.17,0.105,-0.024,0.268,0.254,-0.13,-0.073,0.407,0.322,-0.411,0.08,0.261,0.441,0.133,0.575,0.074,0.086,-0.231,0.175,0.032,0.197,0.078,0.137,0.236,0.124,-0.335,0.053,0.028,0.155,-0.046,0.308,0.346,-0.187,0.055,0.255,0.037,-0.073,0.19,0.024,0.298,-0.433,-0.275,0.39,-0.005,0.094,0.034,0.009,0.101,0.102,-0.006,0.126,-0.049,0.061,0.245,0.146,-0.037,0.214,0.395,0.479,-0.082,-0.3,-0.237,0.01,0.134,0.122,0.058,-0.037,0.239,0.19,-0.104,0.172,-0.127,0.203,0.029,0.163,0.009,0.044,-0.044,0.055,0.26,0.2,0.337,-0.102,0.218,0.154,-0.074,0.375,0.126,-0.184,0.242,0.024,0.193,0.12,0.427,0.167,0.177,0.407,0.034,0.234,-0.159,0.182,0.53,0.488,0.414,0.255,0.33,0.522,0.303,0.002,-0.198,0.005,0.062,-0.227,-0.186,-0.057,0.205,0.468,0.274,0.171,0.348,0.131,-0.37,-0.502,0.082,-0.062,0.189,0.07,0.076,0.377,0.09,-0.081,-0.074,-0.272,0.247,0.31,0.279,0.104,0.244,-0.012,0.191,-0.022,0.217,0.21,0.241,-0.094,-0.073,0.035,-0.256,-0.02,-0.016,0.191,-0.091,0.09,0.509,0.097,0.244,0.275,-0.198,0.121,0.528,0.302,0.216,-0.054,0.156,0.27,0.184,-0.212,0.075,-0.093,0.198,0.156,0.37,0.06,0.055,0.001,0.108,0.188,0.189,-0.097
ACMR,0.837,0.399,0.0,-0.285,-0.238,0.688,0.4,0.426,0.488,0.271,0.703,-0.003,0.437,0.046,0.465,0.712,0.502,0.794,0.703,-0.161,0.576,-0.292,-0.31,0.132,0.57,0.517,0.055,-0.437,0.892,0.471,-0.16,0.522,0.405,0.363,-0.111,0.808,0.323,0.147,0.136,0.572,0.428,0.586,0.492,0.021,0.393,0.333,-0.588,0.268,0.698,0.223,0.752,0.448,0.588,-0.523,-0.301,0.53,0.241,0.145,0.454,0.056,0.746,0.042,-0.053,0.424,0.505,0.68,-0.012,0.039,0.388,0.131,0.757,0.114,-0.042,-0.237,0.308,0.507,0.246,0.295,0.86,0.283,0.281,-0.262,-0.055,0.165,0.301,0.099,-0.127,0.028,0.778,0.788,-0.246,0.484,0.152,0.37,0.23,0.705,0.252,0.335,0.09,0.382,0.725,0.576,0.213,0.292,0.683,-0.344,-0.042,0.27,0.611,-0.123,0.797,0.62,0.294,0.635,0.33,0.463,0.605,0.506,0.187,0.293,0.107,0.711,0.683,0.387,0.395,0.684,0.483,0.586,0.443,0.168,-0.167,0.331,0.082,0.228,0.427,0.188,0.324,0.044,0.433,0.569,0.459,0.384,-0.172,-0.255,0.761,0.343,-0.074,-0.157,0.722,0.448,0.732,0.438,-0.25,0.303,0.884,0.815,0.264,0.785,0.732,0.311,0.401,0.692,0.456,0.47,0.025,-0.104,-0.102,0.186,0.33,0.184,0.477,0.564,0.232,0.247,-0.055,0.807,-0.621,0.377,0.023,0.435,0.395,0.808,0.297,-0.259,0.526,0.478,0.398,0.582,-0.287,-0.398,0.092,0.431,0.578,-0.164,0.308,0.438,0.209,0.695,0.849,0.243
ADMA,-0.435,0.189,-0.285,0.0,0.097,-0.716,0.534,-0.406,-0.748,-0.806,0.379,0.794,0.658,0.482,0.452,0.298,-0.687,-0.13,-0.014,-0.736,0.096,0.835,0.782,0.615,0.383,0.328,-0.772,0.719,-0.381,0.626,-0.604,0.441,-0.788,0.514,0.796,-0.04,0.537,0.751,-0.147,0.256,0.288,-0.219,0.44,0.824,0.226,0.624,0.414,0.647,-0.603,-0.584,-0.484,0.405,0.456,0.458,0.804,0.131,0.681,0.568,0.409,0.774,-0.131,-0.299,0.326,0.343,-0.318,-0.494,0.812,0.78,-0.886,0.646,-0.174,0.775,0.609,0.881,0.715,0.432,0.511,0.723,-0.126,0.656,0.378,0.501,0.559,-0.711,0.588,0.709,0.931,0.439,-0.077,-0.549,0.68,-0.306,0.421,0.586,0.63,0.131,0.599,-0.678,0.411,-0.474,0.217,0.126,-0.365,-0.693,-0.742,0.286,0.734,0.079,0.337,-0.455,-0.076,-0.595,0.658,0.022,0.143,0.483,0.309,0.435,0.453,0.573,-0.802,0.091,-0.145,0.452,-0.597,0.152,0.557,0.258,0.659,0.614,-0.706,-0.621,-0.162,0.411,-0.091,0.489,0.567,0.354,0.569,0.245,0.51,0.474,-0.553,-0.417,-0.526,-0.647,-0.592,-0.534,0.12,0.448,-0.205,0.237,-0.287,-0.833,-0.202,0.15,0.682,-0.583,-0.155,0.522,0.545,-0.154,-0.824,0.398,0.87,-0.58,0.745,0.665,-0.827,0.569,0.391,0.479,0.429,0.666,0.671,-0.234,0.398,0.465,-0.811,0.584,0.59,-0.073,0.604,0.815,-0.815,0.423,0.625,-0.682,0.899,0.43,0.849,0.591,-0.054,-0.624,-0.267,-0.528,0.726,-0.804,-0.384,-0.252
ADUS,-0.31,-0.205,-0.238,0.097,0.0,-0.351,0.114,0.079,-0.048,0.026,-0.107,0.326,-0.076,0.022,0.148,0.08,0.003,0.081,0.13,-0.071,0.114,-0.064,0.13,0.441,-0.222,-0.257,0.169,0.083,-0.347,0.104,0.227,0.177,-0.203,-0.18,0.407,-0.119,0.299,0.32,0.451,0.232,0.303,0.039,-0.013,0.182,0.148,0.14,0.605,0.301,0.094,-0.232,-0.013,-0.108,0.064,0.683,0.369,0.34,0.255,0.437,0.194,0.122,0.156,0.403,0.669,0.045,0.149,0.005,0.329,0.346,-0.162,0.152,0.14,0.311,0.334,0.181,0.199,0.206,0.437,0.183,-0.237,-0.085,0.464,0.262,0.254,0.133,0.237,0.343,0.169,0.464,0.155,0.002,0.573,0.007,0.5,0.123,0.133,0.182,0.366,0.082,0.433,0.313,-0.058,0.142,0.155,0.107,-0.054,0.035,0.243,-0.374,0.147,0.13,0.144,0.155,0.242,0.275,0.151,0.204,-0.026,-0.036,0.531,0.281,0.216,0.17,-0.173,-0.243,-0.038,0.154,0.032,-0.114,-0.022,0.407,0.107,0.247,0.15,0.264,-0.086,0.476,0.316,-0.364,0.06,0.31,0.233,0.296,0.13,0.29,-0.052,0.222,-0.143,-0.14,0.049,0.064,-0.071,0.287,0.332,-0.236,-0.003,-0.215,0.102,-0.151,0.26,0.316,0.245,0.198,-0.084,0.222,0.112,-0.014,0.472,0.353,-0.175,0.417,0.129,0.064,0.432,0.316,-0.275,-0.301,0.055,0.176,0.029,0.166,-0.16,0.059,0.168,0.272,-0.229,0.194,0.078,0.137,0.272,0.572,0.2,0.112,-0.403,-0.038,0.244,0.136,0.312,-0.256,-0.07,0.139
ADVM,0.747,0.077,0.688,-0.716,-0.351,0.0,-0.125,0.286,0.654,0.597,0.213,-0.439,-0.074,-0.37,0.042,0.196,0.682,0.53,0.381,0.286,0.228,-0.657,-0.63,-0.282,0.172,0.155,0.404,-0.694,0.726,-0.135,0.245,-0.007,0.648,-0.121,-0.552,0.51,-0.114,-0.364,0.131,0.134,0.107,0.384,0.024,-0.539,0.108,-0.127,-0.61,-0.225,0.764,0.593,0.688,0.029,0.014,-0.662,-0.618,0.169,-0.251,-0.261,-0.034,-0.39,0.383,0.24,-0.208,0.018,0.517,0.684,-0.499,-0.443,0.681,-0.311,0.519,-0.424,-0.294,-0.561,-0.275,0.028,-0.167,-0.246,0.608,-0.212,-0.08,-0.529,-0.44,0.398,-0.146,-0.416,-0.626,-0.251,0.455,0.685,-0.608,0.534,-0.152,-0.096,-0.204,0.293,-0.212,0.554,-0.171,0.456,0.294,0.261,0.229,0.579,0.751,-0.472,-0.402,0.035,0.126,0.192,0.496,0.622,-0.222,0.304,0.073,-0.04,0.152,-0.029,-0.189,-0.189,0.509,0.251,0.398,-0.135,0.496,0.221,-0.098,0.138,-0.148,-0.28,0.288,0.521,-0.001,-0.194,0.397,-0.202,-0.242,-0.267,-0.129,0.167,-0.1,-0.077,0.265,0.086,0.709,0.487,0.333,0.208,0.377,-0.041,0.588,0.152,0.04,0.681,0.6,0.419,-0.273,0.817,0.432,-0.158,-0.137,0.451,0.7,0.048,-0.523,0.369,-0.485,-0.275,0.716,-0.218,0.078,0.065,-0.124,-0.257,-0.448,0.634,-0.602,-0.13,0.461,-0.122,-0.088,0.398,-0.283,-0.635,0.801,0.06,-0.119,0.728,-0.733,-0.509,-0.47,-0.154,0.377,0.226,0.318,0.57,-0.323,0.852,0.655,0.368
AEIS,0.295,0.532,0.4,0.534,0.114,-0.125,0.0,0.231,-0.134,-0.409,0.732,0.661,0.789,0.624,0.714,0.75,-0.07,0.463,0.652,-0.554,0.55,0.362,0.317,0.612,0.584,0.555,-0.48,0.119,0.259,0.792,-0.619,0.713,-0.288,0.589,0.62,0.617,0.729,0.737,0.01,0.757,0.573,0.328,0.57,0.717,0.437,0.728,0.109,0.716,0.091,-0.323,0.08,0.685,0.794,0.205,0.6,0.719,0.667,0.547,0.812,0.702,0.53,-0.09,0.341,0.745,0.169,0.263,0.646,0.647,-0.407,0.731,0.387,0.755,0.508,0.519,0.828,0.744,0.592,0.787,0.515,0.804,0.536,0.229,0.428,-0.297,0.79,0.761,0.619,0.474,0.573,0.218,0.452,0.028,0.508,0.815,0.572,0.551,0.663,-0.197,0.373,0.028,0.668,0.62,0.152,-0.372,-0.031,0.019,0.474,0.134,0.729,-0.384,0.568,-0.039,0.758,0.521,0.419,0.81,0.712,0.805,0.656,0.847,-0.426,0.575,0.496,0.517,-0.052,0.656,0.812,0.715,0.764,0.68,-0.606,-0.026,-0.076,0.467,-0.053,0.638,0.782,0.215,0.77,0.705,0.834,0.756,-0.599,-0.453,0.179,-0.165,-0.454,-0.564,0.586,0.79,0.465,0.487,-0.217,-0.509,0.425,0.594,0.769,0.044,0.506,0.636,0.771,0.457,-0.226,0.709,0.76,-0.559,0.593,0.704,-0.561,0.632,0.544,0.761,0.483,0.764,0.468,0.249,-0.049,0.737,-0.614,0.737,0.809,0.598,0.8,0.372,-0.334,0.779,0.707,-0.142,0.544,0.237,0.762,0.728,0.229,-0.471,0.059,0.035,0.74,-0.131,0.279,-0.109
AGNCM,0.422,0.42,0.426,-0.406,0.079,0.286,0.231,0.0,0.627,0.505,0.044,-0.3,-0.078,0.137,-0.085,0.149,0.622,0.352,0.437,0.379,0.339,-0.494,-0.336,-0.142,-0.142,-0.138,0.521,-0.464,0.479,-0.024,0.09,-0.013,0.586,-0.158,-0.182,0.423,-0.072,-0.178,0.22,0.18,0.073,0.535,-0.139,-0.155,0.203,-0.201,-0.142,-0.131,0.483,0.109,0.387,-0.032,0.06,-0.075,-0.294,0.387,-0.249,-0.15,0.192,-0.206,0.552,0.052,-0.146,0.195,0.293,0.464,-0.294,-0.249,0.549,-0.149,0.206,-0.134,-0.23,-0.467,-0.062,0.056,-0.102,-0.189,0.314,0.032,0.009,-0.179,-0.219,0.535,-0.075,-0.089,-0.357,-0.022,0.398,0.583,-0.153,0.246,-0.076,-0.067,-0.181,0.209,-0.138,0.571,-0.185,0.544,0.215,0.26,0.633,0.348,0.641,0.017,-0.403,0.107,0.041,0.109,0.312,0.557,-0.059,0.27,0.112,0.072,0.051,0.117,0.01,0.039,0.448,0.384,0.487,0.045,0.65,0.292,0.009,0.223,-0.062,-0.094,0.297,0.504,0.378,-0.228,-0.174,-0.051,0.022,0.051,-0.084,0.158,0.091,0.108,0.026,0.015,0.53,0.585,0.402,0.296,0.088,0.246,0.31,-0.027,0.256,0.266,0.355,0.1,-0.122,0.371,0.408,-0.162,-0.032,0.307,0.634,0.08,-0.235,0.163,-0.281,-0.201,0.212,-0.109,-0.175,-0.058,-0.056,-0.084,-0.076,0.195,-0.113,0.123,0.357,-0.13,0.007,0.505,-0.03,-0.361,0.449,0.111,-0.184,0.365,-0.287,0.002,-0.213,-0.098,0.106,0.435,0.343,0.506,-0.141,0.537,0.444,0.194
AHCO,0.577,0.299,0.488,-0.748,-0.048,0.654,-0.134,0.627,0.0,0.729,-0.05,-0.646,-0.345,-0.051,-0.239,0.044,0.77,0.325,0.342,0.563,0.099,-0.681,-0.782,-0.525,-0.201,-0.168,0.619,-0.613,0.605,-0.284,0.284,-0.25,0.877,-0.19,-0.605,0.383,-0.359,-0.575,0.123,0.05,-0.235,0.385,-0.258,-0.603,0.034,-0.456,-0.526,-0.491,0.628,0.546,0.478,-0.149,-0.116,-0.433,-0.666,0.141,-0.544,-0.526,-0.163,-0.604,0.455,0.169,-0.378,0.002,0.243,0.495,-0.687,-0.632,0.848,-0.489,0.264,-0.537,-0.591,-0.694,-0.43,-0.257,-0.411,-0.467,0.344,-0.252,-0.321,-0.625,-0.601,0.679,-0.381,-0.475,-0.762,-0.371,0.279,0.721,-0.613,0.458,-0.414,-0.399,-0.54,0.106,-0.482,0.724,-0.283,0.486,0.044,0.137,0.554,0.55,0.871,-0.315,-0.679,0.027,-0.115,0.264,0.31,0.59,-0.452,0.139,0.252,-0.261,-0.103,-0.046,-0.287,-0.302,0.652,0.088,0.552,-0.191,0.794,0.135,-0.225,0.148,-0.345,-0.489,0.547,0.666,0.334,-0.396,-0.061,-0.377,-0.267,-0.123,-0.285,-0.05,-0.162,-0.298,0.25,0.021,0.616,0.614,0.681,0.47,0.021,-0.085,0.326,-0.212,0.347,0.553,0.456,0.038,-0.406,0.603,0.367,-0.403,-0.318,0.188,0.876,-0.146,-0.636,0.363,-0.661,-0.516,0.536,-0.469,-0.316,-0.254,-0.39,-0.464,-0.376,0.33,-0.194,-0.294,0.66,-0.373,-0.262,0.314,-0.342,-0.784,0.842,-0.153,-0.365,0.494,-0.736,-0.383,-0.594,-0.418,0.22,0.629,0.326,0.558,-0.525,0.855,0.567,0.093
ALGT,0.233,-0.033,0.271,-0.806,0.026,0.597,-0.409,0.505,0.729,0.0,-0.334,-0.715,-0.585,-0.478,-0.474,-0.267,0.88,0.286,0.196,0.733,0.096,-0.912,-0.638,-0.418,-0.506,-0.539,0.875,-0.509,0.432,-0.456,0.753,-0.347,0.814,-0.685,-0.612,0.201,-0.383,-0.609,0.518,-0.213,-0.102,0.49,-0.348,-0.667,0.217,-0.581,-0.258,-0.498,0.693,0.541,0.597,-0.509,-0.377,-0.183,-0.696,0.069,-0.602,-0.343,-0.339,-0.647,0.314,0.15,-0.17,-0.49,0.503,0.495,-0.695,-0.563,0.889,-0.705,0.152,-0.603,-0.346,-0.795,-0.623,-0.348,-0.321,-0.586,0.033,-0.512,-0.148,-0.271,-0.399,0.859,-0.446,-0.567,-0.804,-0.067,0.235,0.498,-0.382,0.601,-0.206,-0.45,-0.429,0.076,-0.421,0.88,-0.123,0.762,-0.095,0.008,0.483,0.872,0.748,-0.084,-0.48,0.011,-0.288,0.65,0.106,0.767,-0.513,0.2,-0.106,-0.366,-0.4,-0.539,-0.346,-0.379,0.929,0.026,-0.013,-0.272,0.787,-0.062,-0.518,-0.31,-0.587,-0.471,0.842,0.585,0.562,-0.368,0.113,-0.381,-0.556,-0.196,-0.631,-0.158,-0.482,-0.25,0.715,0.567,0.553,0.858,0.748,0.702,-0.129,-0.289,0.134,-0.028,0.548,0.732,0.293,-0.133,-0.712,0.566,0.153,-0.458,-0.475,0.227,0.913,-0.236,-0.828,0.801,-0.595,-0.516,0.76,-0.371,-0.348,-0.465,-0.175,-0.5,-0.555,0.16,-0.225,-0.461,0.922,-0.534,-0.658,0.251,-0.691,-0.555,0.856,-0.294,-0.593,0.686,-0.721,-0.074,-0.735,-0.517,0.114,0.738,0.612,0.714,-0.575,0.669,0.431,0.581
ALLO,0.571,0.359,0.703,0.379,-0.107,0.213,0.732,0.044,-0.05,-0.334,0.0,0.607,0.895,0.387,0.868,0.906,-0.046,0.704,0.602,-0.734,0.649,0.275,0.212,0.601,0.85,0.762,-0.524,0.055,0.554,0.887,-0.598,0.85,-0.211,0.705,0.487,0.712,0.732,0.698,0.047,0.827,0.652,0.404,0.775,0.609,0.487,0.834,-0.278,0.754,0.315,-0.157,0.429,0.78,0.89,-0.181,0.285,0.609,0.762,0.578,0.775,0.645,0.636,0.013,0.292,0.719,0.294,0.311,0.591,0.594,-0.296,0.633,0.698,0.69,0.412,0.423,0.816,0.832,0.659,0.796,0.8,0.653,0.584,0.03,0.337,-0.376,0.766,0.647,0.539,0.334,0.715,0.45,0.254,0.254,0.489,0.787,0.669,0.811,0.689,-0.179,0.422,0.0,0.847,0.75,-0.018,-0.246,0.122,-0.267,0.453,0.166,0.876,-0.461,0.796,0.156,0.753,0.659,0.426,0.835,0.882,0.832,0.589,0.726,-0.444,0.741,0.583,0.574,-0.149,0.802,0.887,0.796,0.896,0.644,-0.673,-0.02,-0.13,0.541,0.416,0.626,0.755,0.14,0.866,0.791,0.849,0.728,-0.546,-0.532,0.447,-0.12,-0.57,-0.656,0.874,0.769,0.671,0.658,-0.482,-0.278,0.736,0.85,0.775,0.335,0.655,0.745,0.815,0.606,-0.188,0.789,0.616,-0.552,0.48,0.705,-0.251,0.622,0.817,0.926,0.558,0.725,0.304,0.658,-0.393,0.707,-0.57,0.853,0.777,0.704,0.753,0.269,-0.099,0.827,0.879,0.13,0.352,-0.113,0.686,0.852,0.465,-0.641,0.083,0.106,0.727,0.14,0.58,0.002
AMSF,-0.125,0.06,-0.003,0.794,0.326,-0.439,0.661,-0.3,-0.646,-0.715,0.607,0.0,0.791,0.336,0.799,0.57,-0.524,0.188,0.254,-0.847,0.402,0.603,0.687,0.891,0.557,0.497,-0.697,0.366,-0.224,0.756,-0.604,0.716,-0.769,0.514,0.906,0.186,0.853,0.954,0.065,0.567,0.658,-0.002,0.555,0.848,0.329,0.909,0.451,0.909,-0.193,-0.567,-0.141,0.584,0.638,0.485,0.849,0.468,0.915,0.838,0.717,0.873,0.123,0.09,0.706,0.572,0.071,-0.101,0.95,0.907,-0.844,0.857,0.246,0.926,0.815,0.865,0.905,0.756,0.816,0.881,0.182,0.612,0.731,0.481,0.636,-0.667,0.87,0.894,0.907,0.606,0.311,-0.194,0.768,-0.179,0.762,0.793,0.771,0.453,0.87,-0.545,0.542,-0.218,0.453,0.45,-0.212,-0.562,-0.533,0.047,0.765,-0.161,0.657,-0.444,0.378,-0.31,0.897,0.378,0.181,0.795,0.621,0.588,0.824,0.775,-0.627,0.387,-0.003,0.29,-0.612,0.46,0.712,0.416,0.76,0.91,-0.79,-0.276,-0.355,0.603,0.112,0.862,0.8,-0.04,0.761,0.68,0.771,0.781,-0.509,-0.317,-0.159,-0.431,-0.796,-0.789,0.527,0.578,0.21,0.61,-0.32,-0.748,0.115,0.383,0.839,-0.311,0.299,0.796,0.817,0.282,-0.716,0.728,0.884,-0.631,0.949,0.925,-0.707,0.871,0.718,0.778,0.743,0.904,0.333,0.01,-0.02,0.709,-0.832,0.817,0.683,0.215,0.779,0.732,-0.748,0.766,0.821,-0.249,0.839,0.447,0.917,0.804,-0.126,-0.818,-0.162,-0.233,0.934,-0.576,-0.127,-0.094
ANAB,0.309,0.365,0.437,0.658,-0.076,-0.074,0.789,-0.078,-0.345,-0.585,0.895,0.791,0.0,0.439,0.857,0.787,-0.312,0.478,0.463,-0.836,0.539,0.525,0.5,0.707,0.841,0.748,-0.707,0.219,0.265,0.868,-0.738,0.783,-0.484,0.742,0.689,0.531,0.779,0.834,-0.062,0.71,0.647,0.25,0.7,0.787,0.426,0.912,-0.026,0.84,0.019,-0.368,0.115,0.799,0.82,0.019,0.551,0.534,0.844,0.661,0.766,0.796,0.4,-0.097,0.363,0.751,0.143,0.08,0.781,0.734,-0.585,0.79,0.446,0.824,0.57,0.663,0.91,0.824,0.695,0.862,0.595,0.742,0.59,0.168,0.406,-0.616,0.834,0.769,0.768,0.408,0.507,0.137,0.444,-0.005,0.548,0.83,0.762,0.629,0.75,-0.385,0.394,-0.192,0.731,0.618,-0.134,-0.482,-0.197,-0.051,0.602,0.144,0.774,-0.579,0.608,-0.13,0.859,0.468,0.278,0.844,0.838,0.815,0.651,0.759,-0.66,0.595,0.398,0.563,-0.393,0.641,0.871,0.72,0.932,0.752,-0.84,-0.221,-0.26,0.515,0.231,0.696,0.807,0.201,0.882,0.731,0.841,0.756,-0.637,-0.587,0.142,-0.365,-0.67,-0.741,0.735,0.78,0.481,0.584,-0.47,-0.528,0.437,0.722,0.895,0.016,0.469,0.741,0.842,0.411,-0.467,0.788,0.822,-0.666,0.672,0.794,-0.51,0.707,0.789,0.915,0.598,0.823,0.481,0.417,-0.15,0.757,-0.778,0.86,0.886,0.497,0.815,0.514,-0.412,0.831,0.922,-0.132,0.621,0.084,0.853,0.871,0.272,-0.76,-0.11,-0.111,0.852,-0.182,0.251,-0.094
ANDE,0.077,0.431,0.046,0.482,0.022,-0.37,0.624,0.137,-0.051,-0.478,0.387,0.336,0.439,0.0,0.32,0.403,-0.256,0.003,0.221,-0.356,0.147,0.499,0.182,0.151,0.208,0.28,-0.462,0.379,0.025,0.449,-0.618,0.345,-0.167,0.581,0.371,0.12,0.265,0.354,-0.251,0.47,-0.055,-0.014,0.309,0.495,0.113,0.314,-0.063,0.283,-0.277,-0.187,-0.257,0.453,0.558,0.103,0.386,0.212,0.283,0.083,0.453,0.4,0.28,-0.237,-0.102,0.508,-0.33,-0.173,0.329,0.307,-0.353,0.436,0.025,0.434,0.028,0.379,0.494,0.263,0.145,0.407,0.19,0.644,0.036,0.007,0.158,-0.193,0.334,0.497,0.455,0.055,0.122,0.02,0.18,-0.165,-0.004,0.378,0.157,0.154,0.21,-0.372,0.12,-0.337,0.306,0.292,0.039,-0.566,-0.116,0.062,0.123,0.225,0.345,-0.409,0.125,-0.343,0.29,0.075,0.425,0.376,0.39,0.71,0.214,0.496,-0.504,0.145,0.465,0.494,-0.04,0.289,0.523,0.582,0.52,0.234,-0.414,-0.147,-0.001,0.197,-0.246,0.197,0.526,0.443,0.559,0.144,0.544,0.259,-0.586,-0.504,-0.121,-0.325,-0.258,-0.294,0.124,0.477,0.048,-0.051,-0.264,-0.535,0.108,0.152,0.53,-0.226,0.119,0.276,0.396,-0.046,-0.293,0.254,0.543,-0.624,0.23,0.299,-0.663,0.15,0.13,0.339,-0.025,0.328,0.63,0.031,0.202,0.369,-0.47,0.39,0.501,0.214,0.604,0.104,-0.381,0.284,0.369,-0.535,0.403,-0.064,0.531,0.397,0.242,-0.152,-0.153,-0.245,0.333,-0.187,0.062,-0.568
APLS,0.378,0.136,0.465,0.452,0.148,0.042,0.714,-0.085,-0.239,-0.474,0.868,0.799,0.857,0.32,0.0,0.846,-0.205,0.536,0.48,-0.813,0.654,0.322,0.312,0.764,0.761,0.684,-0.591,0.013,0.217,0.813,-0.628,0.848,-0.403,0.609,0.636,0.516,0.849,0.831,0.124,0.826,0.754,0.268,0.65,0.658,0.336,0.93,0.037,0.858,0.221,-0.374,0.293,0.776,0.814,0.099,0.512,0.634,0.862,0.718,0.825,0.759,0.481,0.301,0.576,0.764,0.262,0.255,0.75,0.716,-0.517,0.805,0.629,0.806,0.575,0.597,0.893,0.865,0.781,0.827,0.639,0.563,0.732,0.196,0.463,-0.494,0.866,0.803,0.645,0.414,0.637,0.299,0.442,0.076,0.673,0.808,0.721,0.74,0.811,-0.305,0.44,-0.057,0.733,0.74,-0.04,-0.367,-0.097,-0.322,0.516,-0.176,0.862,-0.429,0.763,0.024,0.857,0.619,0.341,0.891,0.863,0.78,0.824,0.777,-0.456,0.626,0.39,0.3,-0.376,0.76,0.818,0.669,0.819,0.834,-0.751,-0.022,-0.326,0.589,0.299,0.85,0.844,-0.153,0.865,0.854,0.871,0.811,-0.584,-0.414,0.311,-0.182,-0.722,-0.791,0.839,0.666,0.6,0.697,-0.407,-0.46,0.556,0.667,0.844,0.116,0.634,0.826,0.88,0.561,-0.381,0.844,0.694,-0.614,0.72,0.825,-0.415,0.791,0.838,0.923,0.687,0.839,0.165,0.459,-0.372,0.733,-0.691,0.89,0.755,0.551,0.819,0.356,-0.361,0.895,0.895,0.115,0.522,0.052,0.75,0.845,0.1,-0.771,-0.043,0.03,0.846,-0.075,0.328,-0.051
APPF,0.539,0.338,0.712,0.298,0.08,0.196,0.75,0.149,0.044,-0.267,0.906,0.57,0.787,0.403,0.846,0.0,0.061,0.69,0.71,-0.628,0.655,0.185,0.126,0.597,0.75,0.696,-0.397,-0.031,0.543,0.852,-0.527,0.879,-0.152,0.65,0.441,0.717,0.743,0.676,0.128,0.857,0.66,0.391,0.769,0.556,0.484,0.769,-0.195,0.729,0.38,-0.206,0.443,0.705,0.906,-0.087,0.317,0.701,0.727,0.551,0.823,0.576,0.727,0.107,0.341,0.707,0.336,0.451,0.548,0.581,-0.199,0.648,0.76,0.672,0.361,0.349,0.798,0.848,0.653,0.778,0.732,0.659,0.613,0.097,0.398,-0.253,0.74,0.637,0.461,0.362,0.793,0.501,0.262,0.276,0.519,0.744,0.587,0.823,0.695,-0.108,0.438,0.109,0.853,0.749,-0.014,-0.156,0.25,-0.278,0.427,0.108,0.919,-0.405,0.807,0.248,0.754,0.716,0.541,0.839,0.856,0.837,0.631,0.721,-0.329,0.795,0.638,0.498,-0.016,0.88,0.85,0.736,0.84,0.656,-0.58,0.122,-0.072,0.639,0.342,0.654,0.805,0.044,0.865,0.836,0.874,0.726,-0.529,-0.429,0.45,-0.01,-0.542,-0.603,0.853,0.727,0.655,0.644,-0.382,-0.25,0.785,0.832,0.727,0.408,0.764,0.749,0.812,0.685,-0.087,0.764,0.6,-0.559,0.473,0.681,-0.241,0.63,0.763,0.886,0.562,0.728,0.211,0.627,-0.436,0.732,-0.488,0.876,0.704,0.779,0.783,0.2,-0.064,0.783,0.797,0.207,0.288,-0.081,0.655,0.819,0.385,-0.553,0.177,0.148,0.718,0.172,0.637,-0.011
ASML,0.41,0.215,0.502,-0.687,0.003,0.682,-0.07,0.622,0.77,0.88,-0.046,-0.524,-0.312,-0.256,-0.205,0.061,0.0,0.487,0.543,0.57,0.306,-0.86,-0.616,-0.224,-0.313,-0.353,0.759,-0.547,0.622,-0.185,0.533,-0.063,0.803,-0.48,-0.448,0.512,-0.106,-0.386,0.553,0.081,0.115,0.607,-0.097,-0.49,0.406,-0.342,-0.296,-0.269,0.808,0.505,0.693,-0.305,-0.041,-0.183,-0.516,0.376,-0.381,-0.19,-0.035,-0.452,0.568,0.182,-0.081,-0.239,0.635,0.734,-0.548,-0.369,0.826,-0.472,0.378,-0.379,-0.19,-0.654,-0.349,-0.054,-0.143,-0.302,0.286,-0.173,0.046,-0.238,-0.27,0.832,-0.193,-0.35,-0.672,0.095,0.536,0.624,-0.304,0.741,-0.029,-0.145,-0.27,0.32,-0.195,0.868,-0.008,0.848,0.224,0.272,0.529,0.819,0.849,-0.198,-0.348,0.046,0.022,0.543,0.359,0.829,-0.249,0.462,0.137,-0.076,-0.141,-0.226,-0.131,-0.075,0.839,0.239,0.224,-0.114,0.888,0.228,-0.238,-0.052,-0.324,-0.25,0.675,0.655,0.518,-0.227,0.152,-0.176,-0.289,-0.166,-0.352,0.097,-0.183,0.009,0.5,0.426,0.677,0.874,0.641,0.561,0.121,-0.026,0.337,0.17,0.483,0.595,0.544,0.163,-0.487,0.718,0.4,-0.227,-0.223,0.425,0.931,0.013,-0.609,0.644,-0.444,-0.296,0.613,-0.155,-0.14,-0.188,-0.018,-0.246,-0.433,0.352,-0.349,-0.197,0.742,-0.256,-0.385,0.514,-0.439,-0.527,0.831,-0.006,-0.371,0.703,-0.653,-0.065,-0.502,-0.276,0.237,0.623,0.731,0.81,-0.348,0.722,0.624,0.589
ATRC,0.63,0.208,0.794,-0.13,0.081,0.53,0.463,0.352,0.325,0.286,0.704,0.188,0.478,0.003,0.536,0.69,0.487,0.0,0.673,-0.248,0.724,-0.322,-0.149,0.427,0.513,0.365,0.086,-0.209,0.735,0.558,0.012,0.639,0.194,0.191,0.163,0.784,0.502,0.365,0.423,0.714,0.686,0.714,0.549,0.226,0.606,0.465,-0.258,0.499,0.776,0.089,0.812,0.415,0.589,-0.167,-0.097,0.698,0.416,0.465,0.581,0.267,0.84,0.166,0.319,0.379,0.664,0.629,0.207,0.309,0.235,0.232,0.822,0.353,0.254,-0.062,0.422,0.651,0.568,0.438,0.722,0.251,0.577,-0.059,0.16,0.172,0.515,0.295,0.073,0.388,0.864,0.733,0.139,0.568,0.463,0.538,0.434,0.85,0.492,0.429,0.438,0.545,0.759,0.767,0.252,0.337,0.564,-0.243,0.236,0.14,0.692,-0.079,0.834,0.682,0.475,0.773,0.31,0.638,0.612,0.415,0.423,0.542,0.195,0.801,0.447,0.342,0.285,0.766,0.534,0.541,0.497,0.414,-0.105,0.389,0.284,0.364,0.486,0.459,0.421,-0.039,0.45,0.741,0.51,0.62,-0.022,-0.071,0.791,0.485,-0.138,-0.271,0.82,0.626,0.751,0.714,-0.078,0.26,0.869,0.748,0.313,0.672,0.731,0.5,0.523,0.82,0.349,0.63,0.107,-0.037,0.187,0.429,0.281,0.457,0.619,0.632,0.534,0.455,-0.106,0.707,-0.501,0.477,0.054,0.523,0.287,0.846,0.299,0.048,0.4,0.62,0.504,0.623,-0.052,-0.0,0.257,0.535,0.483,-0.208,0.527,0.543,0.422,0.513,0.845,0.449
AVGO,0.503,0.591,0.703,-0.014,0.13,0.381,0.652,0.437,0.342,0.196,0.602,0.254,0.463,0.221,0.48,0.71,0.543,0.673,0.0,-0.132,0.516,-0.215,-0.074,0.41,0.343,0.321,0.078,-0.274,0.618,0.558,-0.143,0.578,0.243,0.272,0.246,0.844,0.568,0.384,0.353,0.619,0.563,0.542,0.467,0.236,0.594,0.425,-0.177,0.453,0.615,0.16,0.503,0.338,0.662,-0.003,0.167,0.793,0.385,0.384,0.589,0.203,0.735,0.04,0.29,0.405,0.608,0.708,0.222,0.323,0.188,0.288,0.64,0.357,0.329,0.012,0.462,0.618,0.446,0.504,0.621,0.506,0.508,-0.005,0.169,0.226,0.509,0.365,0.06,0.472,0.843,0.557,0.168,0.549,0.457,0.536,0.295,0.687,0.475,0.302,0.349,0.564,0.675,0.622,0.318,0.28,0.527,-0.162,0.222,0.177,0.647,0.009,0.735,0.522,0.502,0.768,0.514,0.588,0.502,0.496,0.469,0.562,0.16,0.627,0.532,0.378,0.503,0.68,0.522,0.486,0.438,0.418,-0.1,0.4,0.116,0.307,0.195,0.422,0.474,-0.005,0.455,0.682,0.591,0.594,-0.092,-0.077,0.519,0.366,-0.07,-0.13,0.599,0.515,0.56,0.585,-0.002,-0.054,0.736,0.656,0.331,0.58,0.761,0.452,0.528,0.66,0.388,0.582,0.244,-0.034,0.232,0.446,-0.002,0.463,0.481,0.557,0.439,0.473,0.027,0.49,-0.35,0.52,-0.06,0.5,0.402,0.784,0.374,-0.031,0.285,0.625,0.385,0.414,-0.032,0.08,0.32,0.474,0.369,-0.085,0.532,0.512,0.409,0.363,0.647,0.321
AVT,-0.027,-0.003,-0.161,-0.736,-0.071,0.286,-0.554,0.379,0.563,0.733,-0.734,-0.847,-0.836,-0.356,-0.813,-0.628,0.57,-0.248,-0.132,0.0,-0.398,-0.647,-0.522,-0.736,-0.696,-0.616,0.786,-0.426,0.047,-0.806,0.656,-0.757,0.686,-0.664,-0.7,-0.175,-0.745,-0.85,0.058,-0.597,-0.535,0.046,-0.716,-0.757,-0.244,-0.858,-0.152,-0.828,0.206,0.535,0.02,-0.61,-0.707,-0.16,-0.602,-0.318,-0.884,-0.705,-0.621,-0.844,-0.159,-0.027,-0.462,-0.569,0.124,0.157,-0.835,-0.806,0.778,-0.715,-0.361,-0.804,-0.584,-0.782,-0.866,-0.735,-0.705,-0.847,-0.321,-0.613,-0.601,-0.337,-0.57,0.731,-0.748,-0.748,-0.848,-0.374,-0.273,0.095,-0.54,0.169,-0.585,-0.749,-0.784,-0.518,-0.785,0.628,-0.434,0.354,-0.531,-0.395,0.407,0.561,0.463,0.194,-0.68,0.012,-0.707,0.572,-0.389,0.278,-0.794,-0.362,-0.253,-0.71,-0.652,-0.676,-0.644,-0.658,0.76,-0.437,-0.119,-0.42,0.655,-0.484,-0.777,-0.459,-0.854,-0.764,0.83,0.393,0.325,-0.581,-0.267,-0.692,-0.768,-0.091,-0.807,-0.569,-0.73,-0.652,0.629,0.502,0.084,0.522,0.821,0.789,-0.601,-0.556,-0.272,-0.535,0.505,0.632,-0.268,-0.496,-0.804,0.147,-0.234,-0.79,-0.795,-0.26,0.729,-0.651,-0.81,0.726,-0.766,-0.812,0.564,-0.724,-0.753,-0.816,-0.605,-0.812,-0.39,-0.274,0.14,-0.591,0.843,-0.85,-0.705,-0.23,-0.793,-0.613,0.614,-0.684,-0.869,0.241,-0.696,-0.145,-0.857,-0.827,-0.122,0.842,0.216,0.305,-0.847,0.44,-0.024,0.177
AXDX,0.419,0.103,0.576,0.096,0.114,0.228,0.55,0.339,0.099,0.096,0.649,0.402,0.539,0.147,0.654,0.655,0.306,0.724,0.516,-0.398,0.0,-0.228,0.028,0.573,0.373,0.22,-0.038,-0.163,0.514,0.601,-0.217,0.684,0.052,0.092,0.368,0.555,0.67,0.536,0.477,0.72,0.762,0.782,0.473,0.446,0.635,0.589,0.001,0.623,0.572,-0.274,0.693,0.481,0.605,0.125,0.137,0.73,0.492,0.572,0.761,0.563,0.767,0.204,0.426,0.445,0.564,0.492,0.368,0.467,-0.024,0.449,0.611,0.567,0.464,0.148,0.603,0.666,0.622,0.503,0.593,0.411,0.701,0.19,0.339,0.057,0.667,0.58,0.317,0.453,0.789,0.566,0.333,0.366,0.576,0.629,0.556,0.817,0.599,0.307,0.372,0.401,0.744,0.815,0.346,0.054,0.322,-0.109,0.312,-0.035,0.691,-0.095,0.738,0.458,0.587,0.722,0.043,0.783,0.633,0.488,0.603,0.676,0.067,0.719,0.328,0.299,0.11,0.758,0.506,0.498,0.542,0.614,-0.268,0.196,0.226,0.375,0.205,0.66,0.573,-0.003,0.479,0.724,0.588,0.795,-0.203,-0.079,0.695,0.391,-0.245,-0.314,0.719,0.637,0.671,0.66,-0.059,-0.085,0.69,0.582,0.465,0.316,0.651,0.488,0.602,0.691,0.132,0.776,0.274,-0.211,0.411,0.532,-0.096,0.611,0.546,0.634,0.657,0.64,0.051,0.495,-0.467,0.475,-0.139,0.584,0.37,0.809,0.429,0.2,0.048,0.732,0.55,0.43,0.275,0.178,0.397,0.596,0.187,-0.28,0.299,0.46,0.587,0.244,0.549,0.297
AXSM,-0.319,0.17,-0.292,0.835,-0.064,-0.657,0.362,-0.494,-0.681,-0.912,0.275,0.603,0.525,0.499,0.322,0.185,-0.86,-0.322,-0.215,-0.647,-0.228,0.0,0.664,0.293,0.458,0.496,-0.864,0.619,-0.429,0.446,-0.682,0.234,-0.736,0.698,0.525,-0.2,0.236,0.507,-0.555,0.08,-0.033,-0.509,0.298,0.616,-0.197,0.457,0.171,0.381,-0.77,-0.483,-0.657,0.456,0.33,0.139,0.584,-0.186,0.488,0.245,0.182,0.512,-0.36,-0.349,0.006,0.373,-0.596,-0.635,0.623,0.5,-0.815,0.553,-0.289,0.504,0.231,0.723,0.522,0.214,0.226,0.509,-0.104,0.489,0.019,0.235,0.331,-0.808,0.333,0.475,0.756,0.008,-0.333,-0.568,0.324,-0.598,0.069,0.327,0.397,-0.148,0.31,-0.851,0.116,-0.785,0.018,-0.097,-0.511,-0.823,-0.763,0.214,0.456,0.134,0.169,-0.581,-0.218,-0.768,0.415,-0.281,0.148,0.234,0.271,0.44,0.18,0.273,-0.937,-0.087,-0.018,0.403,-0.688,-0.026,0.467,0.279,0.54,0.314,-0.763,-0.715,-0.399,0.299,-0.113,0.21,0.413,0.383,0.539,0.023,0.383,0.13,-0.677,-0.596,-0.654,-0.888,-0.598,-0.553,-0.017,0.238,-0.302,-0.084,-0.452,-0.728,-0.349,0.056,0.633,-0.591,-0.27,0.337,0.373,-0.328,-0.873,0.131,0.776,-0.687,0.484,0.404,-0.728,0.234,0.238,0.342,0.06,0.379,0.69,-0.228,0.389,0.366,-0.841,0.442,0.601,-0.3,0.582,0.57,-0.767,0.143,0.515,-0.805,0.713,0.035,0.683,0.438,0.027,-0.62,-0.574,-0.822,0.48,-0.695,-0.44,-0.564
AZN,-0.434,0.105,-0.31,0.782,0.13,-0.63,0.317,-0.336,-0.782,-0.638,0.212,0.687,0.5,0.182,0.312,0.126,-0.616,-0.149,-0.074,-0.522,0.028,0.664,0.0,0.555,0.292,0.217,-0.554,0.495,-0.407,0.439,-0.412,0.278,-0.697,0.316,0.737,-0.15,0.406,0.609,-0.096,0.033,0.334,-0.166,0.197,0.665,0.161,0.542,0.408,0.526,-0.499,-0.425,-0.405,0.29,0.258,0.455,0.647,0.012,0.568,0.549,0.323,0.576,-0.237,-0.313,0.355,0.18,-0.099,-0.484,0.737,0.629,-0.74,0.519,-0.236,0.634,0.573,0.683,0.543,0.334,0.444,0.507,-0.152,0.388,0.357,0.471,0.456,-0.631,0.427,0.595,0.764,0.405,-0.107,-0.567,0.622,-0.326,0.4,0.454,0.554,0.055,0.488,-0.584,0.318,-0.392,0.076,0.083,-0.297,-0.516,-0.676,0.457,0.591,0.057,0.154,-0.274,-0.106,-0.498,0.556,-0.008,-0.121,0.378,0.199,0.201,0.403,0.448,-0.609,0.059,-0.291,0.375,-0.6,0.07,0.332,0.104,0.48,0.518,-0.579,-0.519,-0.225,0.296,-0.004,0.443,0.407,0.281,0.398,0.231,0.346,0.41,-0.354,-0.156,-0.492,-0.503,-0.557,-0.399,0.034,0.351,-0.301,0.235,-0.295,-0.655,-0.315,0.046,0.552,-0.613,-0.089,0.39,0.391,-0.186,-0.715,0.329,0.69,-0.362,0.663,0.545,-0.619,0.504,0.34,0.315,0.438,0.501,0.555,-0.286,0.291,0.472,-0.668,0.423,0.44,-0.13,0.398,0.778,-0.727,0.327,0.468,-0.496,0.809,0.428,0.666,0.494,-0.11,-0.536,-0.241,-0.469,0.594,-0.726,-0.431,-0.075
BANR,-0.101,-0.024,0.132,0.615,0.441,-0.282,0.612,-0.142,-0.525,-0.418,0.601,0.891,0.707,0.151,0.764,0.597,-0.224,0.427,0.41,-0.736,0.573,0.293,0.555,0.0,0.444,0.328,-0.425,0.307,-0.074,0.761,-0.303,0.806,-0.631,0.268,0.852,0.324,0.919,0.954,0.43,0.637,0.847,0.233,0.634,0.771,0.529,0.852,0.5,0.962,0.109,-0.496,0.17,0.42,0.652,0.544,0.739,0.65,0.916,0.979,0.741,0.823,0.352,0.207,0.858,0.414,0.358,0.138,0.891,0.944,-0.646,0.72,0.459,0.907,0.905,0.713,0.856,0.86,0.957,0.869,0.201,0.505,0.939,0.583,0.728,-0.409,0.892,0.833,0.781,0.826,0.55,-0.022,0.862,0.104,0.953,0.835,0.843,0.657,0.973,-0.256,0.694,0.158,0.563,0.55,-0.117,-0.21,-0.312,-0.004,0.826,-0.143,0.736,-0.268,0.506,0.065,0.922,0.639,0.188,0.845,0.578,0.45,0.88,0.823,-0.329,0.573,-0.086,0.248,-0.399,0.582,0.675,0.295,0.691,0.974,-0.556,-0.091,-0.112,0.649,0.261,0.93,0.754,-0.165,0.659,0.783,0.726,0.911,-0.263,-0.024,0.08,-0.071,-0.703,-0.66,0.646,0.596,0.319,0.84,-0.176,-0.522,0.314,0.47,0.674,-0.061,0.436,0.869,0.836,0.524,-0.48,0.784,0.719,-0.382,0.943,0.947,-0.448,0.987,0.799,0.781,0.936,0.949,0.106,0.143,-0.175,0.708,-0.58,0.82,0.483,0.433,0.658,0.725,-0.533,0.807,0.755,0.092,0.705,0.584,0.822,0.81,-0.098,-0.707,0.189,0.071,0.945,-0.432,0.094,0.269
BBIO,0.526,0.268,0.57,0.383,-0.222,0.172,0.584,-0.142,-0.201,-0.506,0.85,0.557,0.841,0.208,0.761,0.75,-0.313,0.513,0.343,-0.696,0.373,0.458,0.292,0.444,0.0,0.923,-0.66,0.029,0.393,0.712,-0.636,0.651,-0.377,0.796,0.372,0.538,0.523,0.582,-0.289,0.604,0.506,0.141,0.625,0.54,0.165,0.762,-0.25,0.612,0.078,-0.222,0.178,0.82,0.677,-0.345,0.258,0.324,0.677,0.413,0.584,0.541,0.32,-0.033,0.137,0.735,0.095,0.12,0.562,0.456,-0.374,0.659,0.494,0.559,0.262,0.414,0.69,0.67,0.49,0.666,0.704,0.493,0.345,-0.062,0.216,-0.621,0.628,0.479,0.525,0.075,0.417,0.256,0.101,-0.09,0.287,0.621,0.581,0.512,0.516,-0.352,0.243,-0.291,0.639,0.502,-0.207,-0.4,-0.062,-0.182,0.397,0.131,0.676,-0.617,0.587,-0.087,0.645,0.316,0.265,0.653,0.842,0.732,0.411,0.483,-0.62,0.56,0.508,0.456,-0.391,0.575,0.783,0.72,0.802,0.491,-0.809,-0.194,-0.381,0.497,0.37,0.469,0.63,0.114,0.811,0.646,0.694,0.493,-0.624,-0.644,0.229,-0.399,-0.638,-0.754,0.749,0.622,0.549,0.437,-0.586,-0.201,0.471,0.787,0.781,0.177,0.461,0.6,0.673,0.427,-0.358,0.593,0.635,-0.633,0.388,0.554,-0.188,0.436,0.711,0.83,0.356,0.561,0.319,0.525,-0.28,0.676,-0.666,0.738,0.83,0.432,0.708,0.309,-0.183,0.628,0.85,0.001,0.351,-0.239,0.606,0.732,0.354,-0.77,-0.245,-0.196,0.623,0.063,0.369,-0.147
BCYC,0.547,0.254,0.517,0.328,-0.257,0.155,0.555,-0.138,-0.168,-0.539,0.762,0.497,0.748,0.28,0.684,0.696,-0.353,0.365,0.321,-0.616,0.22,0.496,0.217,0.328,0.923,0.0,-0.627,-0.043,0.335,0.622,-0.687,0.568,-0.341,0.832,0.312,0.451,0.457,0.498,-0.422,0.552,0.342,0.005,0.535,0.481,-0.017,0.679,-0.274,0.512,0.027,-0.185,0.047,0.821,0.63,-0.347,0.262,0.284,0.586,0.277,0.537,0.452,0.22,-0.033,0.064,0.754,0.028,0.132,0.492,0.358,-0.358,0.681,0.429,0.455,0.151,0.361,0.62,0.59,0.366,0.592,0.652,0.464,0.215,-0.07,0.203,-0.619,0.537,0.434,0.444,-0.047,0.342,0.239,-0.015,-0.189,0.18,0.513,0.435,0.362,0.412,-0.405,0.096,-0.373,0.533,0.415,-0.211,-0.477,-0.066,-0.212,0.254,0.133,0.62,-0.609,0.521,-0.178,0.566,0.211,0.3,0.566,0.809,0.748,0.35,0.398,-0.626,0.449,0.578,0.423,-0.38,0.495,0.725,0.688,0.719,0.403,-0.798,-0.151,-0.52,0.477,0.284,0.382,0.59,0.084,0.781,0.572,0.646,0.375,-0.644,-0.655,0.156,-0.45,-0.63,-0.743,0.649,0.515,0.536,0.314,-0.608,-0.228,0.382,0.712,0.749,0.165,0.44,0.531,0.605,0.345,-0.361,0.491,0.62,-0.675,0.318,0.47,-0.234,0.33,0.629,0.754,0.204,0.472,0.309,0.473,-0.297,0.644,-0.665,0.667,0.815,0.333,0.712,0.139,-0.217,0.539,0.749,-0.051,0.27,-0.335,0.56,0.644,0.338,-0.718,-0.353,-0.257,0.517,0.065,0.297,-0.306
BHFAP,0.087,-0.13,0.055,-0.772,0.169,0.404,-0.48,0.521,0.619,0.875,-0.524,-0.697,-0.707,-0.462,-0.591,-0.397,0.759,0.086,0.078,0.786,-0.038,-0.864,-0.554,-0.425,-0.66,-0.627,0.0,-0.485,0.242,-0.583,0.753,-0.449,0.714,-0.745,-0.521,-0.033,-0.413,-0.629,0.417,-0.306,-0.201,0.328,-0.465,-0.638,0.05,-0.668,-0.069,-0.547,0.536,0.458,0.384,-0.609,-0.496,0.026,-0.568,0.014,-0.651,-0.382,-0.373,-0.651,0.166,0.139,-0.117,-0.536,0.412,0.422,-0.687,-0.578,0.814,-0.664,0.018,-0.627,-0.35,-0.767,-0.663,-0.432,-0.386,-0.648,-0.15,-0.514,-0.21,-0.156,-0.334,0.846,-0.539,-0.568,-0.785,-0.098,0.088,0.341,-0.33,0.429,-0.218,-0.524,-0.55,-0.117,-0.471,0.791,-0.219,0.666,-0.279,-0.133,0.454,0.77,0.658,0.012,-0.529,-0.029,-0.393,0.659,-0.062,0.618,-0.564,0.059,-0.209,-0.445,-0.513,-0.578,-0.334,-0.418,0.919,-0.113,-0.077,-0.345,0.714,-0.187,-0.641,-0.467,-0.683,-0.477,0.865,0.591,0.478,-0.391,-0.073,-0.394,-0.522,-0.204,-0.685,-0.246,-0.548,-0.333,0.702,0.631,0.375,0.804,0.713,0.718,-0.298,-0.383,-0.007,-0.154,0.529,0.648,0.081,-0.294,-0.746,0.397,0.081,-0.513,-0.557,0.056,0.817,-0.358,-0.788,0.716,-0.554,-0.55,0.645,-0.399,-0.473,-0.589,-0.242,-0.535,-0.538,-0.043,-0.159,-0.468,0.892,-0.611,-0.714,0.07,-0.703,-0.543,0.698,-0.379,-0.705,0.582,-0.686,0.048,-0.71,-0.599,-0.044,0.786,0.514,0.615,-0.606,0.537,0.23,0.451
BKR,-0.614,-0.073,-0.437,0.719,0.083,-0.694,0.119,-0.464,-0.613,-0.509,0.055,0.366,0.219,0.379,0.013,-0.031,-0.547,-0.209,-0.274,-0.426,-0.163,0.619,0.495,0.307,0.029,-0.043,-0.485,0.0,-0.396,0.313,-0.105,0.203,-0.609,0.217,0.428,-0.279,0.149,0.377,-0.024,-0.005,-0.051,-0.328,0.381,0.515,0.161,0.172,0.303,0.305,-0.607,-0.329,-0.408,-0.029,0.191,0.342,0.461,-0.203,0.346,0.327,0.005,0.428,-0.19,-0.401,0.089,-0.169,-0.435,-0.582,0.443,0.526,-0.588,0.156,-0.245,0.4,0.316,0.548,0.285,0.094,0.268,0.39,-0.406,0.33,0.132,0.443,0.461,-0.372,0.204,0.286,0.639,0.331,-0.275,-0.588,0.536,-0.191,0.186,0.274,0.397,-0.02,0.309,-0.519,0.447,-0.37,-0.03,-0.157,-0.532,-0.37,-0.628,0.312,0.63,0.262,0.075,-0.241,-0.402,-0.418,0.24,-0.12,0.113,0.092,-0.063,0.06,0.009,0.267,-0.553,-0.074,-0.392,0.398,-0.392,-0.089,0.253,-0.053,0.338,0.231,-0.237,-0.602,0.203,0.312,0.074,0.101,0.165,0.447,0.215,-0.159,0.107,0.121,-0.151,-0.095,-0.552,-0.444,-0.336,-0.178,-0.141,0.152,-0.458,0.075,-0.198,-0.418,-0.265,-0.084,0.196,-0.45,-0.459,0.295,0.21,-0.248,-0.634,-0.031,0.474,-0.264,0.38,0.326,-0.44,0.235,0.141,0.102,0.192,0.287,0.497,-0.26,0.482,0.081,-0.375,0.269,0.065,-0.217,0.218,0.684,-0.535,-0.05,0.253,-0.618,0.556,0.331,0.504,0.305,0.103,-0.278,-0.016,-0.51,0.35,-0.711,-0.301,-0.132
BLDP,0.812,0.407,0.892,-0.381,-0.347,0.726,0.259,0.479,0.605,0.432,0.554,-0.224,0.265,0.025,0.217,0.543,0.622,0.735,0.618,0.047,0.514,-0.429,-0.407,-0.074,0.393,0.335,0.242,-0.396,0.0,0.302,-0.025,0.343,0.539,0.198,-0.25,0.736,0.124,-0.071,0.118,0.428,0.252,0.636,0.381,-0.077,0.435,0.105,-0.657,0.059,0.709,0.341,0.744,0.273,0.407,-0.57,-0.442,0.415,0.011,-0.055,0.311,-0.069,0.732,-0.133,-0.235,0.248,0.501,0.65,-0.228,-0.144,0.567,-0.066,0.636,-0.063,-0.169,-0.402,0.095,0.3,0.036,0.102,0.759,0.237,0.088,-0.358,-0.178,0.335,0.109,-0.093,-0.273,-0.057,0.681,0.786,-0.367,0.578,-0.043,0.21,0.034,0.586,0.028,0.498,0.043,0.42,0.606,0.496,0.293,0.398,0.788,-0.217,-0.151,0.415,0.435,-0.032,0.622,0.63,0.068,0.518,0.266,0.287,0.43,0.363,-0.045,0.165,0.246,0.604,0.674,0.412,0.553,0.552,0.315,0.481,0.299,-0.054,0.052,0.397,0.276,0.08,0.375,-0.029,0.138,0.216,0.246,0.383,0.262,0.209,-0.032,-0.188,0.795,0.447,0.169,0.056,0.554,0.407,0.672,0.284,-0.14,0.457,0.827,0.711,0.06,0.788,0.602,0.091,0.194,0.561,0.613,0.31,-0.149,0.049,-0.321,-0.031,0.438,-0.029,0.262,0.346,0.066,0.043,-0.002,0.753,-0.515,0.207,0.24,0.209,0.218,0.752,0.076,-0.356,0.672,0.3,0.189,0.535,-0.427,-0.392,-0.075,0.242,0.669,0.105,0.395,0.537,-0.002,0.788,0.861,0.269
BLFS,0.207,0.322,0.471,0.626,0.104,-0.135,0.792,-0.024,-0.284,-0.456,0.887,0.756,0.868,0.449,0.813,0.852,-0.185,0.558,0.558,-0.806,0.601,0.446,0.439,0.761,0.712,0.622,-0.583,0.313,0.302,0.0,-0.554,0.902,-0.419,0.648,0.663,0.571,0.826,0.854,0.149,0.763,0.684,0.303,0.839,0.79,0.547,0.847,0.029,0.861,0.1,-0.401,0.242,0.664,0.907,0.143,0.524,0.632,0.866,0.739,0.794,0.768,0.537,-0.078,0.427,0.613,0.183,0.163,0.771,0.822,-0.497,0.687,0.548,0.84,0.587,0.592,0.912,0.866,0.767,0.927,0.517,0.766,0.708,0.349,0.616,-0.428,0.824,0.794,0.741,0.552,0.624,0.179,0.54,0.131,0.642,0.854,0.799,0.755,0.836,-0.316,0.556,-0.009,0.769,0.632,-0.131,-0.313,-0.113,-0.088,0.686,0.168,0.872,-0.43,0.61,0.059,0.863,0.666,0.444,0.857,0.746,0.766,0.684,0.826,-0.538,0.714,0.365,0.646,-0.218,0.742,0.915,0.632,0.919,0.777,-0.681,-0.213,-0.017,0.683,0.295,0.711,0.823,0.23,0.859,0.746,0.867,0.811,-0.565,-0.424,0.179,-0.207,-0.656,-0.639,0.72,0.768,0.419,0.681,-0.398,-0.501,0.565,0.72,0.799,0.123,0.519,0.828,0.86,0.526,-0.38,0.768,0.787,-0.58,0.69,0.833,-0.455,0.762,0.787,0.881,0.683,0.87,0.423,0.438,-0.212,0.743,-0.667,0.927,0.738,0.62,0.821,0.545,-0.34,0.789,0.874,-0.056,0.608,0.196,0.848,0.911,0.345,-0.668,0.114,-0.046,0.872,-0.212,0.379,0.017
BLKB,-0.248,-0.411,-0.16,-0.604,0.227,0.245,-0.619,0.09,0.284,0.753,-0.598,-0.604,-0.738,-0.618,-0.628,-0.527,0.533,0.012,-0.143,0.656,-0.217,-0.682,-0.412,-0.303,-0.636,-0.687,0.753,-0.105,-0.025,-0.554,0.0,-0.4,0.399,-0.804,-0.508,-0.195,-0.415,-0.533,0.523,-0.434,-0.168,0.083,-0.301,-0.592,0.063,-0.636,0.093,-0.462,0.331,0.399,0.302,-0.758,-0.539,0.066,-0.484,-0.196,-0.502,-0.203,-0.552,-0.591,-0.042,0.138,-0.007,-0.803,0.298,0.19,-0.541,-0.38,0.596,-0.728,-0.028,-0.562,-0.2,-0.596,-0.687,-0.444,-0.253,-0.543,-0.409,-0.632,-0.117,0.039,-0.145,0.69,-0.507,-0.593,-0.618,0.086,-0.075,0.019,-0.119,0.374,-0.084,-0.456,-0.36,-0.153,-0.331,0.585,0.073,0.584,-0.355,-0.31,0.05,0.793,0.328,0.027,-0.184,-0.049,-0.414,0.676,-0.275,0.533,-0.538,0.011,-0.231,-0.517,-0.625,-0.798,-0.396,-0.443,0.78,-0.182,-0.5,-0.39,0.461,-0.327,-0.645,-0.678,-0.686,-0.426,0.862,0.298,0.51,-0.188,0.164,-0.378,-0.636,-0.267,-0.73,-0.357,-0.658,-0.353,0.838,0.811,0.113,0.623,0.532,0.652,-0.329,-0.514,-0.25,-0.023,0.511,0.672,-0.063,-0.349,-0.823,0.298,-0.204,-0.37,-0.542,0.054,0.543,-0.44,-0.733,0.806,-0.411,-0.441,0.713,-0.307,-0.345,-0.594,-0.105,-0.489,-0.608,-0.127,-0.059,-0.551,0.836,-0.541,-0.866,-0.108,-0.75,-0.211,0.562,-0.518,-0.64,0.485,-0.556,0.162,-0.656,-0.537,-0.082,0.596,0.57,0.401,-0.525,0.217,0.104,0.594
