,ABAT,ACLS,ACMR,ADMA,ADUS,ADVM,AEIS,AGNCM,AHCO,ALGT,ALLO,AMSF,ANAB,ANDE,APLS,APPF,ASML,ATRC,AVGO,AVT,AXDX,AXSM,AZN,BANR,BBIO,BCYC,BHFAP,BKR,BLDP,BLFS,BLKB,BLMN,BNTX,BPMC,CALM,CAMT,CASH,CATY,CCEP,CDLX,CDNS,CENN,CENX,CGC,CHDN,CLBK,COKE,COLB,COO,CORT,CRMT,CRNX,CRTO,CRVL,CSCO,CSQ,CSWI,CVBF,CWST,CYCC,CZR,DLTR,DORM,ENTA,EQIX,ERIC,EVRG,EWBC,EXAS,EXLS,EXPI,EYE,FBNC,FBRX,FCNCA,FELE,FIBK,FLEX,FRGT,FRHC,FRME,FWONA,FWONK,GDEN,GIII,GILD,GLNG,GNTX,GOOGL,GRPN,HCSG,HIMX,HOPE,HST,HTLD,HUT,HWC,ICUI,IESC,INTC,INTU,IOVA,IPAR,IPGP,ISRG,JBSS,KALU,KPRX,KRNT,LAUR,LBRDA,LBTYK,LECO,LILAK,LITE,MANH,MDXG,MFIC,MGEE,MIDD,MLAB,MMSI,MNKD,MOMO,MRVL,NICE,NMFC,NUWE,NVCR,NWBI,OFIX,OFLX,OMCL,OPK,ORKA,ORLY,OTTR,PDD,PNTG,POOL,POWL,PPBI,PPC,PRAA,PRPL,PZZA,QTRX,QURE,RDFN,RDHL,REAL,REG,REYN,RGLD,RIOT,RUN,RYTM,SAIA,SBAC,SBRA,SCVL,SHOO,SLAB,SLDB,SMCI,SMTC,SRCE,SSP,SSRM,STBA,STRO,SVC,SYBT,TCBI,TCOM,TENX,TH,TMUS,TNDM,TTD,TTMI,UAL,ULH,ULTA,VCYT,VIRT,VKTX,VOD,VRDN,VREX,VRNT,VSAT,WB,WBD,WDC,WEN,WSFS,XXII,Z,ZBRA
ABAT,0.0,-0.005,0.226,0.442,0.344,0.029,0.033,0.521,0.219,0.03,0.264,0.3,0.193,-0.503,0.668,0.513,0.07,0.372,0.233,-0.16,0.063,0.732,0.069,-0.149,0.595,0.35,-0.172,-0.237,0.348,0.485,0.463,-0.005,0.63,0.131,0.675,0.453,0.224,-0.204,-0.069,0.152,0.479,0.026,0.03,0.158,0.19,-0.376,0.706,-0.284,0.49,-0.085,-0.472,0.474,0.305,-0.037,0.365,0.338,0.019,-0.309,0.124,0.182,0.292,-0.266,0.209,0.336,0.556,0.338,0.056,-0.252,0.824,0.376,0.085,0.589,-0.068,0.154,-0.263,0.095,-0.191,0.61,0.048,0.116,-0.221,0.605,0.667,0.281,-0.274,-0.148,0.434,0.081,0.318,0.288,0.074,-0.004,-0.302,0.091,-0.365,0.022,-0.047,-0.517,-0.052,-0.147,0.704,-0.011,0.634,0.032,0.479,0.305,-0.253,0.163,0.537,-0.455,0.067,-0.028,0.25,0.039,0.122,0.229,0.477,0.017,0.255,-0.062,0.616,0.102,0.779,-0.051,0.15,0.607,0.493,-0.029,0.715,-0.094,-0.055,0.786,0.107,0.251,-0.433,-0.455,0.41,0.447,0.663,-0.152,-0.216,-0.25,0.059,-0.045,0.048,0.666,0.539,0.76,0.119,0.037,0.194,0.356,0.288,0.382,0.162,0.317,0.33,-0.146,0.282,0.302,-0.523,-0.426,0.14,0.24,-0.38,0.068,-0.23,0.287,-0.2,-0.063,0.385,0.165,-0.157,-0.253,0.392,0.417,-0.076,0.369,0.589,0.63,0.131,0.124,-0.297,-0.253,0.381,0.638,0.234,-0.256,-0.012,-0.287,-0.15,0.315,0.375,-0.105,-0.207,0.152,-0.118,0.067,0.12,0.279
ACLS,-0.005,0.0,0.938,-0.812,-0.467,0.917,0.966,0.551,0.749,0.143,0.835,0.866,0.498,-0.682,-0.446,0.162,0.952,0.768,0.909,0.923,0.957,-0.187,-0.844,0.838,-0.22,0.776,0.878,0.404,0.879,0.704,0.807,0.101,0.319,-0.598,-0.511,0.448,0.932,0.88,0.091,0.958,0.73,0.934,0.498,0.854,0.868,0.189,0.015,0.873,0.466,-0.044,0.158,-0.743,0.823,-0.826,0.758,0.878,0.886,0.412,-0.62,0.811,0.915,-0.727,-0.403,-0.75,-0.42,0.369,-0.934,0.755,0.297,-0.708,0.982,0.635,0.945,0.894,0.872,0.882,0.921,0.488,0.248,0.956,0.554,-0.452,-0.439,0.844,-0.292,-0.851,-0.604,0.755,0.905,-0.325,0.182,0.97,0.73,0.043,0.862,0.975,0.94,0.189,0.923,0.913,-0.02,-0.172,0.549,0.977,0.395,-0.825,-0.123,0.827,0.794,0.781,0.497,0.737,0.765,-0.89,0.973,0.514,0.645,-0.161,-0.869,0.961,0.597,-0.745,0.115,0.9,0.97,0.555,0.633,0.057,-0.151,0.82,0.072,-0.145,0.925,0.745,-0.142,-0.721,-0.166,0.565,0.04,0.722,0.582,0.741,-0.917,0.547,0.777,-0.097,0.456,-0.312,0.968,0.898,0.875,-0.194,-0.191,-0.645,0.956,0.88,0.883,0.977,-0.842,0.863,-0.393,-0.239,0.976,0.825,0.4,0.968,0.851,0.89,-0.773,0.83,0.581,0.383,0.123,0.855,0.725,0.341,-0.286,-0.838,-0.364,0.546,0.855,-0.038,0.903,-0.585,0.796,0.266,0.84,-0.653,0.691,0.834,-0.501,0.855,0.713,0.707,0.757,0.929,0.961,0.919,0.873,0.811
ACMR,0.226,0.938,0.0,-0.642,-0.464,0.924,0.929,0.712,0.734,0.017,0.936,0.919,0.637,-0.849,-0.163,0.292,0.899,0.833,0.898,0.81,0.963,0.065,-0.749,0.723,0.057,0.891,0.723,0.293,0.954,0.853,0.874,-0.058,0.468,-0.472,-0.278,0.588,0.949,0.751,-0.008,0.956,0.841,0.929,0.518,0.874,0.809,0.052,0.181,0.725,0.582,0.044,-0.059,-0.595,0.866,-0.868,0.844,0.888,0.783,0.254,-0.563,0.89,0.921,-0.869,-0.372,-0.585,-0.243,0.546,-0.894,0.618,0.465,-0.613,0.964,0.76,0.868,0.891,0.747,0.831,0.811,0.541,0.301,0.966,0.417,-0.32,-0.298,0.801,-0.453,-0.879,-0.545,0.673,0.973,-0.199,0.154,0.954,0.549,-0.086,0.686,0.942,0.867,0.005,0.802,0.81,0.199,-0.142,0.691,0.934,0.429,-0.7,-0.308,0.868,0.916,0.605,0.527,0.626,0.717,-0.83,0.951,0.471,0.775,-0.261,-0.714,0.86,0.745,-0.772,0.375,0.906,0.956,0.752,0.66,0.104,0.053,0.731,-0.008,0.12,0.932,0.829,-0.268,-0.826,0.027,0.75,0.193,0.616,0.473,0.578,-0.905,0.497,0.777,0.063,0.658,-0.072,0.963,0.925,0.908,-0.187,-0.064,-0.504,0.962,0.96,0.939,0.876,-0.699,0.925,-0.587,-0.455,0.96,0.896,0.205,0.898,0.729,0.966,-0.878,0.743,0.76,0.272,0.025,0.713,0.791,0.48,-0.365,-0.688,-0.163,0.676,0.812,-0.134,0.734,-0.739,0.892,0.444,0.934,-0.712,0.72,0.74,-0.643,0.862,0.855,0.632,0.615,0.901,0.871,0.884,0.882,0.907
ADMA,0.442,-0.812,-0.642,0.0,0.665,-0.733,-0.711,-0.17,-0.504,-0.013,-0.555,-0.512,-0.311,0.315,0.667,0.155,-0.679,-0.357,-0.552,-0.802,-0.772,0.604,0.785,-0.642,0.474,-0.431,-0.807,-0.633,-0.578,-0.354,-0.37,-0.013,-0.018,0.652,0.806,-0.075,-0.601,-0.741,0.062,-0.738,-0.255,-0.796,-0.548,-0.654,-0.633,-0.23,0.418,-0.79,-0.004,0.045,-0.357,0.782,-0.421,0.705,-0.337,-0.504,-0.642,-0.354,0.676,-0.567,-0.595,0.476,0.531,0.881,0.791,-0.077,0.876,-0.615,0.167,0.851,-0.774,-0.171,-0.74,-0.678,-0.818,-0.583,-0.789,-0.067,-0.3,-0.702,-0.444,0.674,0.721,-0.587,0.153,0.711,0.645,-0.467,-0.563,0.563,0.07,-0.804,-0.667,0.08,-0.828,-0.78,-0.724,-0.301,-0.789,-0.73,0.519,0.198,-0.078,-0.749,0.097,0.903,-0.042,-0.64,-0.376,-0.884,-0.394,-0.642,-0.403,0.737,-0.704,-0.205,-0.209,0.304,0.945,-0.788,-0.158,0.735,0.298,-0.766,-0.681,-0.099,-0.218,-0.132,0.535,-0.598,0.092,0.537,-0.677,-0.439,-0.045,0.454,0.578,-0.311,0.421,-0.562,-0.44,-0.617,0.804,-0.379,-0.714,0.593,-0.12,0.569,-0.746,-0.714,-0.648,0.476,0.315,0.672,-0.69,-0.582,-0.62,-0.852,0.931,-0.525,0.129,0.039,-0.706,-0.594,-0.445,-0.732,-0.742,-0.592,0.465,-0.613,-0.264,-0.166,-0.077,-0.843,-0.426,-0.069,0.246,0.935,0.687,-0.036,-0.56,0.213,-0.862,0.424,-0.413,0.11,-0.583,0.393,-0.676,-0.715,0.383,-0.549,-0.439,-0.764,-0.583,-0.629,-0.802,-0.684,-0.71,-0.47
ADUS,0.344,-0.467,-0.464,0.665,0.0,-0.608,-0.419,-0.096,-0.241,0.331,-0.539,-0.228,-0.435,0.247,0.189,0.077,-0.332,-0.051,-0.215,-0.451,-0.556,0.381,0.491,-0.263,-0.114,-0.338,-0.326,-0.476,-0.45,-0.291,-0.13,0.446,-0.058,0.213,0.589,-0.27,-0.303,-0.367,0.348,-0.513,-0.095,-0.588,-0.566,-0.514,-0.297,-0.166,0.463,-0.389,0.182,-0.286,-0.06,0.447,-0.164,0.657,-0.114,-0.119,-0.139,-0.066,0.636,-0.441,-0.312,0.551,0.71,0.527,0.694,-0.228,0.671,-0.242,0.243,0.734,-0.505,-0.079,-0.363,-0.523,-0.45,-0.21,-0.446,0.309,-0.413,-0.476,-0.129,0.725,0.794,-0.191,0.255,0.56,0.565,0.03,-0.411,0.275,0.373,-0.618,-0.236,0.429,-0.394,-0.54,-0.379,0.035,-0.366,-0.383,0.346,0.047,0.079,-0.423,0.442,0.59,0.204,-0.539,-0.218,-0.621,-0.377,-0.249,0.129,0.312,-0.379,0.101,-0.118,0.551,0.559,-0.346,-0.123,0.844,0.073,-0.7,-0.393,-0.177,0.188,-0.205,0.382,-0.222,0.27,0.29,-0.407,-0.43,-0.144,0.329,0.408,-0.489,0.564,-0.277,-0.169,-0.165,0.666,-0.019,-0.607,0.652,-0.179,0.258,-0.475,-0.572,-0.565,0.801,0.116,0.488,-0.438,-0.481,-0.466,-0.506,0.629,-0.272,0.222,0.251,-0.396,-0.504,-0.125,-0.345,-0.382,-0.487,0.434,-0.259,-0.402,0.259,0.086,-0.502,-0.195,-0.042,0.329,0.607,0.495,0.107,-0.192,0.543,-0.377,0.508,-0.246,0.065,-0.522,0.304,-0.722,-0.391,0.555,-0.256,-0.482,-0.618,-0.169,-0.25,-0.437,-0.436,-0.606,-0.408
ADVM,0.029,0.917,0.924,-0.733,-0.608,0.0,0.892,0.637,0.652,-0.066,0.917,0.842,0.67,-0.684,-0.264,0.193,0.845,0.707,0.813,0.818,0.935,-0.096,-0.716,0.709,0.005,0.834,0.73,0.438,0.885,0.761,0.714,-0.187,0.403,-0.437,-0.448,0.482,0.874,0.756,-0.085,0.917,0.709,0.917,0.586,0.919,0.724,0.137,0.022,0.745,0.422,0.164,-0.063,-0.632,0.753,-0.891,0.762,0.756,0.728,0.259,-0.644,0.864,0.829,-0.845,-0.473,-0.628,-0.4,0.496,-0.908,0.608,0.276,-0.726,0.921,0.616,0.84,0.901,0.711,0.739,0.814,0.37,0.264,0.943,0.395,-0.416,-0.432,0.687,-0.475,-0.877,-0.551,0.561,0.911,-0.31,0.083,0.953,0.544,-0.17,0.713,0.949,0.844,0.077,0.773,0.812,-0.001,-0.005,0.545,0.885,0.265,-0.733,-0.302,0.838,0.776,0.721,0.492,0.583,0.582,-0.829,0.919,0.32,0.61,-0.322,-0.753,0.821,0.651,-0.847,0.256,0.948,0.917,0.634,0.498,0.178,-0.061,0.706,-0.062,-0.062,0.887,0.813,-0.16,-0.72,-0.083,0.668,0.016,0.578,0.428,0.56,-0.94,0.448,0.755,-0.161,0.561,-0.162,0.919,0.914,0.86,-0.344,-0.094,-0.559,0.929,0.903,0.912,0.874,-0.75,0.871,-0.541,-0.437,0.911,0.904,0.183,0.84,0.722,0.922,-0.829,0.698,0.742,0.168,-0.016,0.735,0.616,0.443,-0.406,-0.754,-0.249,0.473,0.753,-0.216,0.747,-0.737,0.799,0.408,0.92,-0.643,0.817,0.774,-0.69,0.793,0.804,0.713,0.58,0.867,0.865,0.888,0.858,0.844
AEIS,0.033,0.966,0.929,-0.711,-0.419,0.892,0.0,0.564,0.672,0.235,0.814,0.885,0.463,-0.699,-0.364,0.142,0.976,0.823,0.951,0.94,0.926,-0.038,-0.816,0.893,-0.161,0.799,0.852,0.214,0.853,0.672,0.854,0.154,0.227,-0.555,-0.395,0.557,0.937,0.906,0.223,0.92,0.794,0.868,0.371,0.789,0.871,0.305,0.09,0.875,0.585,-0.104,0.151,-0.745,0.877,-0.798,0.815,0.894,0.906,0.517,-0.612,0.795,0.935,-0.723,-0.33,-0.676,-0.287,0.386,-0.853,0.822,0.29,-0.581,0.945,0.665,0.965,0.858,0.849,0.937,0.926,0.542,0.229,0.922,0.663,-0.394,-0.382,0.819,-0.262,-0.768,-0.633,0.808,0.91,-0.182,0.33,0.943,0.759,0.114,0.843,0.941,0.955,0.176,0.867,0.937,0.128,-0.205,0.534,0.963,0.521,-0.724,-0.097,0.784,0.802,0.706,0.41,0.689,0.809,-0.845,0.956,0.611,0.705,-0.043,-0.778,0.953,0.594,-0.695,0.114,0.864,0.971,0.572,0.674,-0.057,-0.085,0.874,0.253,-0.043,0.885,0.699,-0.085,-0.671,-0.01,0.518,0.182,0.766,0.674,0.785,-0.853,0.493,0.687,0.056,0.44,-0.326,0.924,0.896,0.869,-0.096,-0.055,-0.683,0.915,0.847,0.847,0.949,-0.724,0.836,-0.35,-0.205,0.951,0.768,0.484,0.945,0.892,0.899,-0.809,0.884,0.586,0.439,0.289,0.813,0.676,0.261,-0.17,-0.77,-0.305,0.613,0.924,0.065,0.854,-0.53,0.772,0.241,0.807,-0.741,0.578,0.825,-0.43,0.829,0.684,0.566,0.832,0.915,0.954,0.906,0.814,0.835
AGNCM,0.521,0.551,0.712,-0.17,-0.096,0.637,0.564,0.0,0.419,-0.193,0.773,0.766,0.745,-0.869,0.331,0.367,0.508,0.803,0.597,0.345,0.666,0.498,-0.266,0.264,0.325,0.863,0.333,-0.006,0.736,0.86,0.649,-0.314,0.55,-0.157,0.254,0.465,0.659,0.26,-0.182,0.588,0.819,0.637,0.311,0.62,0.378,-0.361,0.471,0.21,0.704,0.129,-0.537,-0.172,0.601,-0.617,0.858,0.669,0.443,-0.19,-0.205,0.801,0.585,-0.811,-0.074,-0.089,0.217,0.753,-0.493,0.177,0.518,-0.186,0.591,0.647,0.437,0.577,0.19,0.464,0.306,0.611,0.151,0.674,0.011,0.205,0.245,0.446,-0.733,-0.629,-0.241,0.371,0.758,-0.132,0.297,0.576,-0.0,-0.308,0.168,0.566,0.432,-0.112,0.304,0.351,0.473,0.134,0.708,0.532,0.474,-0.241,-0.608,0.667,0.813,0.025,0.259,0.134,0.504,-0.63,0.639,0.164,0.72,-0.332,-0.231,0.437,0.782,-0.468,0.643,0.546,0.603,0.798,0.596,0.266,0.463,0.309,-0.066,0.535,0.701,0.624,-0.471,-0.714,0.355,0.658,0.546,0.239,-0.001,0.069,-0.593,0.169,0.48,0.347,0.859,0.334,0.626,0.679,0.554,-0.043,0.256,-0.016,0.67,0.725,0.745,0.418,-0.167,0.815,-0.851,-0.782,0.61,0.761,-0.292,0.461,0.239,0.752,-0.784,0.357,0.867,-0.067,-0.129,0.116,0.543,0.633,-0.322,-0.196,0.341,0.681,0.506,-0.144,0.227,-0.793,0.739,0.645,0.788,-0.68,0.465,0.393,-0.701,0.533,0.814,0.206,0.191,0.633,0.408,0.458,0.466,0.691
AHCO,0.219,0.749,0.734,-0.504,-0.241,0.652,0.672,0.419,0.0,0.072,0.697,0.646,0.394,-0.52,-0.313,0.512,0.705,0.583,0.714,0.581,0.69,-0.144,-0.647,0.555,-0.009,0.51,0.568,0.372,0.738,0.652,0.698,0.165,0.654,-0.309,-0.329,0.442,0.735,0.569,0.009,0.776,0.6,0.706,0.352,0.764,0.688,-0.05,0.237,0.554,0.332,0.175,0.159,-0.368,0.652,-0.481,0.52,0.726,0.624,0.173,-0.221,0.565,0.722,-0.501,-0.158,-0.458,-0.208,0.352,-0.699,0.425,0.576,-0.515,0.778,0.673,0.645,0.716,0.628,0.671,0.624,0.438,0.13,0.745,0.228,-0.305,-0.239,0.745,-0.076,-0.684,-0.263,0.583,0.698,-0.17,-0.034,0.698,0.483,0.098,0.575,0.735,0.665,0.152,0.801,0.634,-0.007,0.046,0.713,0.778,0.337,-0.517,-0.172,0.628,0.714,0.553,0.643,0.652,0.593,-0.628,0.754,0.402,0.626,-0.162,-0.599,0.681,0.72,-0.463,0.369,0.688,0.736,0.551,0.543,0.156,0.121,0.524,-0.107,0.039,0.762,0.829,-0.21,-0.672,-0.066,0.604,0.025,0.517,0.377,0.506,-0.703,0.54,0.722,0.055,0.487,0.095,0.803,0.559,0.736,-0.048,-0.408,-0.312,0.775,0.747,0.707,0.72,-0.694,0.706,-0.333,-0.177,0.789,0.687,0.11,0.784,0.501,0.655,-0.502,0.521,0.452,0.361,-0.154,0.616,0.783,0.48,-0.358,-0.494,-0.104,0.602,0.534,0.005,0.653,-0.431,0.824,0.392,0.655,-0.278,0.591,0.558,-0.421,0.741,0.589,0.702,0.496,0.743,0.661,0.756,0.783,0.682
ALGT,0.03,0.143,0.017,-0.013,0.331,-0.066,0.235,-0.193,0.072,0.0,-0.239,0.155,-0.655,0.133,-0.34,-0.167,0.33,0.163,0.332,0.397,-0.012,-0.02,-0.405,0.486,-0.352,-0.144,0.301,-0.368,-0.122,-0.34,0.265,0.897,-0.291,-0.342,-0.033,0.074,0.169,0.436,0.867,0.04,0.053,-0.125,-0.402,-0.155,0.482,0.569,0.258,0.372,0.223,-0.636,0.384,-0.088,0.236,0.161,0.032,0.253,0.469,0.71,-0.212,-0.301,0.303,0.367,0.066,-0.216,0.07,-0.566,0.067,0.525,0.062,0.294,0.078,0.079,0.316,0.028,0.312,0.47,0.318,0.495,-0.005,-0.062,0.76,0.089,0.139,0.42,0.579,0.136,0.021,0.596,-0.02,0.06,0.519,0.019,0.569,0.93,0.374,0.04,0.29,0.157,0.266,0.276,0.043,-0.517,0.043,0.162,0.55,0.049,0.757,-0.103,0.041,0.161,-0.309,0.28,0.553,-0.087,0.125,0.71,-0.01,0.787,-0.158,0.358,-0.164,0.283,-0.346,-0.161,0.176,-0.203,0.476,-0.656,-0.024,0.469,0.743,-0.13,-0.08,-0.222,0.121,-0.022,0.027,-0.384,0.309,0.421,0.631,0.612,0.175,0.039,-0.257,0.326,-0.493,-0.304,-0.008,-0.071,-0.035,0.623,0.03,-0.407,-0.017,-0.15,-0.016,0.21,-0.069,-0.091,0.418,0.679,0.101,-0.305,0.698,0.317,0.484,0.002,0.13,0.507,-0.382,0.882,0.736,0.281,0.185,-0.464,0.652,-0.074,-0.357,0.123,0.434,0.926,0.308,0.504,-0.13,-0.296,-0.26,-0.096,-0.356,0.044,0.676,0.308,-0.366,-0.159,0.536,0.165,0.284,0.124,-0.092,-0.142
ALLO,0.264,0.835,0.936,-0.555,-0.539,0.917,0.814,0.773,0.697,-0.239,0.0,0.83,0.821,-0.841,0.007,0.412,0.757,0.763,0.767,0.643,0.909,0.133,-0.571,0.544,0.272,0.895,0.582,0.336,0.954,0.919,0.774,-0.316,0.596,-0.247,-0.214,0.621,0.851,0.577,-0.23,0.898,0.819,0.904,0.572,0.893,0.636,-0.076,0.175,0.555,0.527,0.296,-0.199,-0.459,0.766,-0.836,0.817,0.772,0.598,0.027,-0.477,0.918,0.805,-0.938,-0.355,-0.426,-0.184,0.721,-0.844,0.43,0.455,-0.617,0.888,0.737,0.714,0.879,0.576,0.657,0.658,0.399,0.289,0.93,0.183,-0.294,-0.28,0.637,-0.567,-0.846,-0.51,0.459,0.94,-0.163,0.04,0.896,0.333,-0.327,0.51,0.876,0.733,-0.031,0.666,0.672,0.222,0.107,0.696,0.836,0.284,-0.603,-0.526,0.862,0.874,0.502,0.604,0.498,0.513,-0.723,0.872,0.255,0.765,-0.466,-0.583,0.691,0.812,-0.807,0.537,0.908,0.859,0.813,0.498,0.32,0.175,0.553,-0.169,0.237,0.907,0.903,-0.251,-0.774,0.085,0.855,0.135,0.48,0.281,0.362,-0.903,0.398,0.814,0.014,0.793,0.117,0.91,0.896,0.888,-0.344,-0.042,-0.345,0.91,0.962,0.915,0.757,-0.604,0.908,-0.698,-0.634,0.878,0.957,-0.035,0.748,0.533,0.93,-0.872,0.559,0.896,0.016,-0.16,0.56,0.686,0.594,-0.502,-0.56,0.011,0.642,0.65,-0.338,0.564,-0.839,0.903,0.542,0.975,-0.642,0.815,0.669,-0.81,0.732,0.931,0.658,0.422,0.814,0.723,0.804,0.872,0.922
AMSF,0.3,0.866,0.919,-0.512,-0.228,0.842,0.885,0.766,0.646,0.155,0.83,0.0,0.546,-0.824,-0.127,0.24,0.871,0.906,0.908,0.768,0.878,0.2,-0.677,0.727,-0.021,0.876,0.69,0.116,0.852,0.806,0.859,0.024,0.401,-0.5,-0.114,0.474,0.939,0.721,0.12,0.843,0.876,0.811,0.369,0.788,0.764,0.101,0.346,0.676,0.743,-0.077,-0.176,-0.536,0.856,-0.768,0.905,0.898,0.823,0.288,-0.461,0.84,0.873,-0.78,-0.173,-0.512,-0.065,0.517,-0.747,0.613,0.51,-0.438,0.862,0.746,0.846,0.789,0.628,0.852,0.754,0.698,0.218,0.891,0.453,-0.071,-0.054,0.783,-0.494,-0.801,-0.385,0.752,0.924,-0.252,0.339,0.844,0.53,0.052,0.622,0.866,0.825,0.052,0.712,0.76,0.272,-0.183,0.715,0.855,0.624,-0.558,-0.257,0.754,0.895,0.471,0.366,0.548,0.822,-0.858,0.92,0.509,0.745,-0.076,-0.599,0.828,0.711,-0.581,0.375,0.761,0.911,0.712,0.799,-0.015,0.139,0.752,0.14,0.192,0.876,0.718,-0.382,-0.816,0.202,0.597,0.399,0.556,0.444,0.585,-0.781,0.529,0.58,0.259,0.622,-0.045,0.862,0.834,0.76,0.041,0.049,-0.424,0.903,0.853,0.886,0.793,-0.549,0.93,-0.62,-0.445,0.896,0.797,0.197,0.843,0.71,0.914,-0.847,0.766,0.723,0.364,0.123,0.598,0.731,0.475,-0.237,-0.578,-0.039,0.708,0.86,0.057,0.678,-0.69,0.843,0.535,0.845,-0.732,0.524,0.671,-0.535,0.857,0.769,0.457,0.617,0.898,0.824,0.816,0.694,0.825
ANAB,0.193,0.498,0.637,-0.311,-0.435,0.67,0.463,0.745,0.394,-0.655,0.821,0.546,0.0,-0.685,0.235,0.422,0.371,0.558,0.401,0.229,0.635,0.222,-0.116,0.148,0.376,0.75,0.252,0.3,0.723,0.848,0.432,-0.686,0.533,0.067,-0.031,0.413,0.517,0.178,-0.557,0.579,0.645,0.675,0.488,0.675,0.151,-0.372,0.092,0.175,0.381,0.528,-0.372,-0.275,0.457,-0.632,0.658,0.45,0.198,-0.34,-0.129,0.841,0.399,-0.863,-0.142,-0.099,-0.031,0.895,-0.555,0.061,0.272,-0.492,0.554,0.507,0.34,0.568,0.199,0.233,0.277,0.103,0.134,0.684,-0.249,-0.116,-0.142,0.195,-0.752,-0.61,-0.392,0.067,0.681,-0.097,-0.084,0.589,-0.081,-0.721,0.136,0.576,0.358,-0.024,0.269,0.33,0.244,0.435,0.52,0.489,0.039,-0.364,-0.835,0.64,0.607,0.166,0.53,0.145,0.126,-0.48,0.561,-0.183,0.613,-0.673,-0.248,0.29,0.68,-0.661,0.576,0.694,0.51,0.723,0.164,0.575,0.244,0.158,-0.396,0.339,0.701,0.725,-0.299,-0.485,0.177,0.773,0.088,0.154,-0.144,-0.064,-0.684,0.22,0.664,-0.018,0.885,0.262,0.62,0.667,0.608,-0.486,0.071,-0.016,0.637,0.731,0.641,0.394,-0.276,0.721,-0.735,-0.847,0.555,0.824,-0.415,0.33,0.109,0.647,-0.728,0.171,0.892,-0.468,-0.426,0.163,0.36,0.701,-0.652,-0.279,0.338,0.47,0.262,-0.628,0.197,-0.849,0.717,0.568,0.812,-0.474,0.685,0.447,-0.917,0.308,0.852,0.438,0.062,0.52,0.336,0.476,0.578,0.736
ANDE,-0.503,-0.682,-0.849,0.315,0.247,-0.684,-0.699,-0.869,-0.52,0.133,-0.841,-0.824,-0.685,0.0,-0.23,-0.295,-0.636,-0.812,-0.7,-0.493,-0.793,-0.433,0.449,-0.391,-0.293,-0.904,-0.43,-0.042,-0.854,-0.903,-0.799,0.217,-0.502,0.305,-0.125,-0.562,-0.777,-0.409,0.142,-0.74,-0.849,-0.758,-0.417,-0.659,-0.554,0.252,-0.321,-0.37,-0.701,-0.038,0.376,0.335,-0.712,0.749,-0.85,-0.755,-0.549,0.072,0.375,-0.852,-0.729,0.891,0.194,0.287,-0.082,-0.683,0.654,-0.303,-0.538,0.312,-0.74,-0.729,-0.581,-0.663,-0.396,-0.613,-0.466,-0.572,-0.3,-0.779,-0.145,0.0,-0.048,-0.584,0.656,0.736,0.412,-0.452,-0.863,0.072,-0.177,-0.718,-0.169,0.255,-0.322,-0.684,-0.584,0.224,-0.465,-0.494,-0.462,0.156,-0.687,-0.68,-0.438,0.442,0.508,-0.752,-0.91,-0.172,-0.386,-0.299,-0.57,0.665,-0.733,-0.325,-0.804,0.378,0.395,-0.588,-0.749,0.598,-0.606,-0.651,-0.725,-0.803,-0.626,-0.148,-0.287,-0.437,0.072,-0.469,-0.786,-0.668,0.41,0.813,-0.22,-0.751,-0.424,-0.364,-0.187,-0.218,0.689,-0.287,-0.597,-0.307,-0.824,-0.201,-0.76,-0.796,-0.721,0.105,-0.138,0.217,-0.773,-0.843,-0.806,-0.569,0.336,-0.841,0.782,0.69,-0.736,-0.79,0.083,-0.613,-0.407,-0.849,0.878,-0.482,-0.833,-0.042,0.06,-0.329,-0.698,-0.566,0.377,0.367,-0.149,-0.719,-0.625,0.206,-0.361,0.81,-0.797,-0.545,-0.851,0.754,-0.508,-0.479,0.684,-0.633,-0.866,-0.306,-0.311,-0.692,-0.56,-0.581,-0.657,-0.81
APLS,0.668,-0.446,-0.163,0.667,0.189,-0.264,-0.364,0.331,-0.313,-0.34,0.007,-0.127,0.235,-0.23,0.0,0.287,-0.407,0.016,-0.279,-0.555,-0.261,0.803,0.504,-0.585,0.814,0.09,-0.553,-0.403,-0.037,0.196,-0.039,-0.433,0.272,0.488,0.826,0.312,-0.277,-0.624,-0.305,-0.275,0.138,-0.281,-0.062,-0.242,-0.363,-0.417,0.5,-0.693,0.266,0.134,-0.635,0.667,-0.149,0.197,0.042,-0.2,-0.49,-0.599,0.271,-0.028,-0.223,-0.146,0.272,0.69,0.594,0.38,0.387,-0.591,0.354,0.548,-0.345,0.122,-0.506,-0.189,-0.651,-0.388,-0.604,0.11,0.147,-0.28,-0.504,0.574,0.574,-0.297,-0.352,0.201,0.384,-0.439,-0.078,0.372,-0.009,-0.343,-0.736,-0.331,-0.756,-0.382,-0.503,-0.485,-0.571,-0.562,0.647,0.191,0.164,-0.43,0.034,0.627,-0.382,-0.077,0.102,-0.764,-0.17,-0.543,-0.328,0.425,-0.34,-0.195,0.192,-0.197,0.633,-0.531,0.255,0.175,0.636,-0.3,-0.323,0.345,-0.064,0.069,0.706,-0.547,-0.091,0.824,-0.261,-0.096,-0.235,-0.039,0.523,0.27,0.481,-0.456,-0.509,-0.704,0.332,-0.496,-0.185,0.453,0.427,0.777,-0.316,-0.181,-0.163,0.022,0.559,0.649,-0.29,-0.078,-0.076,-0.561,0.653,-0.11,-0.437,-0.531,-0.344,-0.036,-0.588,-0.482,-0.6,-0.062,0.015,-0.475,0.316,-0.385,-0.196,-0.689,-0.096,0.153,0.035,0.66,0.711,0.232,-0.306,-0.193,-0.738,-0.189,-0.05,0.336,-0.01,-0.122,-0.16,-0.549,-0.165,-0.244,0.176,-0.438,-0.591,-0.355,-0.557,-0.405,-0.28,-0.018
APPF,0.513,0.162,0.292,0.155,0.077,0.193,0.142,0.367,0.512,-0.167,0.412,0.24,0.422,-0.295,0.287,0.0,0.198,0.359,0.28,-0.056,0.181,0.289,-0.026,0.03,0.465,0.257,-0.024,0.006,0.399,0.5,0.389,-0.087,0.729,0.29,0.274,0.471,0.267,-0.004,-0.152,0.295,0.463,0.194,0.002,0.368,0.164,-0.3,0.584,-0.081,0.287,0.315,-0.047,0.276,0.398,-0.01,0.281,0.356,0.014,-0.221,0.3,0.268,0.299,-0.246,0.199,0.226,0.302,0.52,-0.146,-0.07,0.68,-0.036,0.243,0.644,0.072,0.31,0.055,0.12,0.045,0.326,-0.051,0.28,-0.263,0.197,0.236,0.293,-0.035,-0.177,0.109,0.165,0.327,0.252,-0.045,0.173,-0.075,-0.105,-0.123,0.218,0.101,-0.022,0.191,0.041,0.42,0.455,0.737,0.261,0.299,0.151,-0.435,0.242,0.438,-0.069,0.483,0.293,0.156,-0.04,0.264,0.067,0.522,-0.097,0.062,0.031,0.647,-0.091,0.649,0.26,0.252,0.628,0.335,0.369,0.624,0.019,-0.178,0.523,0.286,0.559,-0.329,-0.346,0.309,0.572,0.286,0.041,-0.09,-0.033,-0.2,0.187,0.355,0.365,0.58,0.64,0.292,0.086,0.342,0.052,-0.028,0.267,0.303,0.413,0.337,0.081,-0.04,0.387,-0.286,-0.336,0.303,0.392,-0.352,0.204,-0.116,0.271,-0.18,0.017,0.413,0.012,-0.328,-0.021,0.451,0.517,-0.254,0.162,0.514,0.625,0.035,-0.026,-0.012,-0.248,0.584,0.524,0.334,-0.014,0.303,-0.004,-0.289,0.28,0.421,0.298,-0.03,0.286,0.037,0.301,0.331,0.395
ASML,0.07,0.952,0.899,-0.679,-0.332,0.845,0.976,0.508,0.705,0.33,0.757,0.871,0.371,-0.636,-0.407,0.198,0.0,0.811,0.969,0.936,0.882,-0.07,-0.825,0.915,-0.199,0.738,0.853,0.199,0.818,0.62,0.873,0.265,0.253,-0.55,-0.386,0.541,0.936,0.922,0.312,0.904,0.78,0.822,0.317,0.761,0.913,0.338,0.157,0.883,0.583,-0.162,0.225,-0.692,0.899,-0.725,0.783,0.919,0.916,0.573,-0.574,0.726,0.949,-0.627,-0.304,-0.663,-0.247,0.312,-0.815,0.847,0.358,-0.536,0.925,0.701,0.965,0.844,0.867,0.954,0.932,0.604,0.188,0.895,0.693,-0.354,-0.336,0.874,-0.154,-0.719,-0.568,0.868,0.883,-0.151,0.359,0.91,0.809,0.242,0.85,0.925,0.953,0.2,0.898,0.936,0.152,-0.226,0.577,0.962,0.593,-0.69,-0.011,0.747,0.788,0.712,0.436,0.772,0.863,-0.806,0.944,0.682,0.68,0.081,-0.767,0.957,0.583,-0.612,0.103,0.817,0.97,0.567,0.731,-0.094,-0.061,0.898,0.286,-0.062,0.85,0.684,-0.098,-0.664,-0.005,0.482,0.215,0.784,0.712,0.834,-0.796,0.545,0.648,0.098,0.377,-0.311,0.899,0.827,0.838,0.011,-0.087,-0.656,0.899,0.815,0.824,0.937,-0.718,0.814,-0.273,-0.111,0.948,0.714,0.523,0.968,0.895,0.858,-0.729,0.906,0.507,0.555,0.305,0.833,0.721,0.242,-0.117,-0.733,-0.296,0.65,0.925,0.167,0.877,-0.435,0.763,0.254,0.751,-0.673,0.534,0.797,-0.328,0.869,0.63,0.565,0.853,0.922,0.95,0.914,0.798,0.801
ATRC,0.372,0.768,0.833,-0.357,-0.051,0.707,0.823,0.803,0.583,0.163,0.763,0.906,0.558,-0.812,0.016,0.359,0.811,0.0,0.88,0.66,0.792,0.377,-0.547,0.676,0.061,0.836,0.646,-0.052,0.807,0.787,0.873,0.081,0.379,-0.351,0.07,0.559,0.867,0.644,0.164,0.762,0.939,0.711,0.181,0.659,0.696,0.043,0.501,0.573,0.871,-0.116,-0.128,-0.434,0.859,-0.591,0.931,0.904,0.773,0.257,-0.276,0.787,0.831,-0.714,0.042,-0.308,0.148,0.606,-0.601,0.596,0.532,-0.237,0.767,0.758,0.767,0.706,0.555,0.814,0.657,0.761,0.181,0.795,0.437,0.047,0.086,0.734,-0.426,-0.636,-0.377,0.757,0.858,-0.048,0.502,0.727,0.475,0.059,0.511,0.749,0.752,0.162,0.619,0.686,0.45,-0.064,0.735,0.78,0.75,-0.375,-0.312,0.691,0.866,0.269,0.352,0.487,0.821,-0.731,0.846,0.54,0.833,-0.023,-0.444,0.739,0.753,-0.429,0.406,0.645,0.824,0.747,0.801,0.034,0.331,0.673,0.3,0.388,0.832,0.648,-0.354,-0.69,0.351,0.568,0.565,0.568,0.404,0.527,-0.647,0.414,0.558,0.453,0.681,0.056,0.782,0.752,0.721,0.136,0.193,-0.313,0.797,0.767,0.793,0.687,-0.375,0.863,-0.56,-0.434,0.809,0.722,0.19,0.746,0.611,0.83,-0.787,0.705,0.712,0.335,0.192,0.463,0.676,0.444,-0.113,-0.406,0.173,0.844,0.832,0.136,0.559,-0.57,0.808,0.482,0.755,-0.767,0.4,0.593,-0.438,0.724,0.725,0.311,0.617,0.831,0.707,0.705,0.588,0.792
AVGO,0.233,0.909,0.898,-0.552,-0.215,0.813,0.951,0.597,0.714,0.332,0.767,0.908,0.401,-0.7,-0.279,0.28,0.969,0.88,0.0,0.863,0.848,0.095,-0.769,0.87,-0.11,0.768,0.79,0.11,0.836,0.69,0.913,0.258,0.332,-0.513,-0.225,0.59,0.947,0.851,0.286,0.88,0.866,0.772,0.249,0.765,0.881,0.265,0.303,0.794,0.684,-0.183,0.099,-0.6,0.92,-0.691,0.842,0.945,0.899,0.503,-0.467,0.733,0.949,-0.649,-0.189,-0.553,-0.107,0.396,-0.748,0.77,0.489,-0.433,0.89,0.762,0.921,0.805,0.765,0.944,0.86,0.702,0.136,0.878,0.63,-0.195,-0.168,0.868,-0.227,-0.714,-0.446,0.861,0.901,-0.11,0.394,0.859,0.724,0.244,0.749,0.887,0.914,0.112,0.835,0.89,0.279,-0.21,0.681,0.924,0.694,-0.576,-0.089,0.706,0.845,0.573,0.386,0.699,0.883,-0.791,0.942,0.673,0.761,0.09,-0.664,0.9,0.677,-0.552,0.232,0.765,0.96,0.652,0.809,-0.099,0.072,0.848,0.297,0.105,0.848,0.704,-0.197,-0.708,0.112,0.518,0.352,0.702,0.621,0.761,-0.751,0.54,0.602,0.268,0.472,-0.16,0.879,0.782,0.827,0.102,-0.042,-0.571,0.893,0.827,0.84,0.867,-0.618,0.846,-0.372,-0.196,0.936,0.716,0.416,0.938,0.813,0.877,-0.756,0.851,0.566,0.55,0.279,0.727,0.726,0.348,-0.104,-0.627,-0.149,0.749,0.927,0.215,0.777,-0.467,0.819,0.377,0.748,-0.7,0.469,0.7,-0.342,0.876,0.661,0.498,0.813,0.921,0.887,0.901,0.744,0.819
AVT,-0.16,0.923,0.81,-0.802,-0.451,0.818,0.94,0.345,0.581,0.397,0.643,0.768,0.229,-0.493,-0.555,-0.056,0.936,0.66,0.863,0.0,0.843,-0.248,-0.884,0.928,-0.353,0.62,0.881,0.258,0.701,0.434,0.715,0.314,0.04,-0.669,-0.564,0.397,0.843,0.962,0.348,0.834,0.577,0.792,0.313,0.686,0.892,0.453,-0.073,0.952,0.414,-0.228,0.324,-0.795,0.746,-0.736,0.644,0.787,0.913,0.666,-0.704,0.631,0.87,-0.534,-0.407,-0.806,-0.44,0.116,-0.823,0.902,0.088,-0.59,0.883,0.503,0.958,0.784,0.91,0.91,0.959,0.445,0.235,0.813,0.8,-0.477,-0.481,0.795,-0.07,-0.68,-0.645,0.822,0.765,-0.283,0.331,0.886,0.87,0.278,0.936,0.882,0.944,0.271,0.875,0.938,-0.098,-0.345,0.336,0.906,0.421,-0.775,0.148,0.686,0.628,0.817,0.325,0.727,0.773,-0.793,0.872,0.633,0.477,0.087,-0.857,0.969,0.362,-0.65,-0.162,0.78,0.892,0.329,0.593,-0.155,-0.275,0.908,0.326,-0.279,0.757,0.525,0.05,-0.547,-0.198,0.328,0.035,0.812,0.763,0.882,-0.779,0.446,0.613,-0.121,0.166,-0.526,0.834,0.807,0.772,-0.067,-0.084,-0.789,0.81,0.693,0.744,0.958,-0.79,0.675,-0.138,0.045,0.859,0.605,0.664,0.924,0.967,0.777,-0.645,0.92,0.361,0.55,0.43,0.893,0.57,0.045,-0.024,-0.846,-0.548,0.408,0.888,0.185,0.927,-0.339,0.57,0.033,0.643,-0.636,0.508,0.814,-0.242,0.782,0.483,0.579,0.877,0.843,0.97,0.848,0.745,0.663
AXDX,0.063,0.957,0.963,-0.772,-0.556,0.935,0.926,0.666,0.69,-0.012,0.909,0.878,0.635,-0.793,-0.261,0.181,0.882,0.792,0.848,0.843,0.0,-0.062,-0.79,0.721,-0.046,0.853,0.79,0.367,0.92,0.796,0.793,-0.096,0.367,-0.522,-0.41,0.475,0.909,0.772,-0.051,0.955,0.763,0.963,0.577,0.857,0.793,0.093,0.053,0.76,0.514,0.028,-0.009,-0.663,0.792,-0.882,0.788,0.833,0.779,0.252,-0.65,0.884,0.88,-0.854,-0.438,-0.669,-0.387,0.5,-0.944,0.637,0.299,-0.703,0.966,0.638,0.875,0.899,0.785,0.804,0.837,0.464,0.374,0.955,0.433,-0.435,-0.425,0.781,-0.462,-0.903,-0.627,0.638,0.93,-0.324,0.121,0.978,0.582,-0.141,0.739,0.955,0.866,0.097,0.814,0.808,0.048,-0.136,0.556,0.926,0.316,-0.782,-0.274,0.888,0.839,0.681,0.503,0.618,0.666,-0.868,0.941,0.41,0.678,-0.326,-0.801,0.884,0.648,-0.817,0.242,0.923,0.932,0.64,0.58,0.133,-0.073,0.715,-0.016,-0.008,0.94,0.768,-0.233,-0.793,-0.105,0.684,0.054,0.633,0.455,0.585,-0.941,0.457,0.803,-0.096,0.593,-0.194,0.958,0.952,0.88,-0.322,-0.092,-0.569,0.946,0.917,0.922,0.912,-0.781,0.886,-0.552,-0.432,0.94,0.896,0.259,0.884,0.764,0.936,-0.857,0.752,0.724,0.208,0.033,0.758,0.741,0.396,-0.34,-0.776,-0.268,0.552,0.8,-0.193,0.782,-0.741,0.807,0.329,0.923,-0.72,0.77,0.769,-0.645,0.806,0.827,0.675,0.619,0.867,0.89,0.852,0.869,0.839
AXSM,0.732,-0.187,0.065,0.604,0.381,-0.096,-0.038,0.498,-0.144,-0.02,0.133,0.2,0.222,-0.433,0.803,0.289,-0.07,0.377,0.095,-0.248,-0.062,0.0,0.317,-0.178,0.641,0.307,-0.27,-0.602,0.139,0.324,0.311,-0.128,0.218,0.33,0.841,0.432,0.067,-0.264,0.016,-0.077,0.462,-0.141,-0.253,-0.108,-0.08,-0.213,0.682,-0.368,0.663,-0.073,-0.536,0.402,0.203,0.081,0.387,0.156,-0.081,-0.257,0.249,0.15,0.077,-0.242,0.435,0.581,0.787,0.438,0.3,-0.19,0.473,0.605,-0.116,0.358,-0.15,-0.066,-0.398,0.022,-0.298,0.433,0.001,-0.054,-0.123,0.642,0.686,-0.046,-0.345,0.117,0.223,0.016,0.16,0.438,0.39,-0.152,-0.382,-0.05,-0.461,-0.156,-0.138,-0.323,-0.342,-0.212,0.829,0.037,0.369,-0.141,0.512,0.519,-0.337,0.018,0.345,-0.676,-0.13,-0.329,0.122,0.159,-0.047,0.173,0.45,0.071,0.523,-0.202,0.395,0.189,0.619,-0.191,-0.033,0.48,0.301,-0.064,0.73,-0.142,0.256,0.891,-0.008,0.024,-0.259,-0.153,0.725,0.222,0.795,-0.134,-0.189,-0.304,0.222,-0.21,-0.173,0.8,0.48,0.61,-0.087,0.002,0.01,0.38,0.59,0.386,-0.052,0.083,0.078,-0.292,0.599,0.141,-0.438,-0.445,-0.082,0.045,-0.286,-0.186,-0.26,0.156,-0.234,-0.083,0.394,-0.054,0.1,-0.477,0.065,0.207,0.153,0.529,0.706,0.546,0.1,0.122,-0.47,-0.18,0.176,0.438,0.1,-0.359,-0.26,-0.287,-0.106,0.004,0.24,-0.488,-0.175,-0.024,-0.249,-0.153,-0.175,0.207
AZN,0.069,-0.844,-0.749,0.785,0.491,-0.716,-0.816,-0.266,-0.647,-0.405,-0.571,-0.677,-0.116,0.449,0.504,-0.026,-0.825,-0.547,-0.769,-0.884,-0.79,0.317,0.0,-0.779,0.332,-0.484,-0.772,-0.329,-0.652,-0.399,-0.632,-0.342,-0.135,0.752,0.527,-0.323,-0.745,-0.836,-0.242,-0.795,-0.454,-0.722,-0.346,-0.658,-0.873,-0.348,0.01,-0.809,-0.251,0.344,-0.301,0.624,-0.633,0.675,-0.442,-0.698,-0.786,-0.547,0.687,-0.506,-0.809,0.449,0.464,0.827,0.567,-0.015,0.825,-0.701,-0.187,0.615,-0.825,-0.44,-0.832,-0.728,-0.846,-0.794,-0.857,-0.466,-0.356,-0.71,-0.662,0.476,0.481,-0.845,0.018,0.734,0.449,-0.72,-0.665,0.374,-0.115,-0.817,-0.778,-0.292,-0.815,-0.808,-0.809,-0.118,-0.844,-0.765,0.205,0.467,-0.348,-0.814,-0.277,0.71,-0.204,-0.643,-0.588,-0.78,-0.258,-0.7,-0.666,0.734,-0.78,-0.536,-0.413,-0.003,0.87,-0.867,-0.356,0.624,0.135,-0.72,-0.793,-0.292,-0.574,0.191,0.282,-0.737,-0.184,0.254,-0.669,-0.497,0.101,0.687,0.349,-0.375,0.075,-0.61,-0.602,-0.751,0.731,-0.383,-0.619,0.198,-0.137,0.378,-0.775,-0.668,-0.72,0.144,0.157,0.7,-0.743,-0.655,-0.737,-0.866,0.861,-0.583,0.162,-0.059,-0.784,-0.549,-0.561,-0.873,-0.853,-0.717,0.52,-0.785,-0.255,-0.543,-0.315,-0.848,-0.653,-0.043,-0.031,0.818,0.635,-0.334,-0.753,-0.178,-0.841,0.352,-0.524,-0.012,-0.569,0.543,-0.547,-0.572,0.199,-0.785,-0.45,-0.652,-0.713,-0.696,-0.863,-0.779,-0.711,-0.518
BANR,-0.149,0.838,0.723,-0.642,-0.263,0.709,0.893,0.264,0.555,0.486,0.544,0.727,0.148,-0.391,-0.585,0.03,0.915,0.676,0.87,0.928,0.721,-0.178,-0.779,0.0,-0.369,0.536,0.814,0.097,0.603,0.352,0.721,0.429,0.002,-0.534,-0.472,0.37,0.833,0.97,0.497,0.742,0.596,0.642,0.107,0.608,0.836,0.566,0.042,0.949,0.485,-0.24,0.392,-0.749,0.794,-0.575,0.635,0.776,0.897,0.797,-0.504,0.536,0.827,-0.404,-0.238,-0.668,-0.252,0.109,-0.656,0.956,0.138,-0.454,0.782,0.522,0.951,0.661,0.886,0.918,0.955,0.471,0.066,0.737,0.852,-0.409,-0.38,0.742,0.052,-0.521,-0.566,0.887,0.691,-0.08,0.431,0.779,0.94,0.404,0.907,0.799,0.948,0.345,0.814,0.943,0.01,-0.288,0.372,0.861,0.576,-0.624,0.163,0.515,0.561,0.735,0.332,0.752,0.816,-0.697,0.828,0.673,0.49,0.269,-0.696,0.903,0.344,-0.461,-0.165,0.682,0.846,0.324,0.615,-0.176,-0.233,0.967,0.445,-0.237,0.695,0.509,0.073,-0.429,0.001,0.216,0.129,0.796,0.812,0.957,-0.648,0.557,0.46,0.076,0.104,-0.519,0.746,0.675,0.687,0.137,-0.099,-0.77,0.738,0.603,0.616,0.884,-0.656,0.627,-0.001,0.163,0.803,0.481,0.708,0.877,0.949,0.684,-0.58,0.933,0.28,0.637,0.481,0.85,0.502,0.054,0.032,-0.716,-0.41,0.48,0.889,0.322,0.88,-0.181,0.563,0.082,0.521,-0.52,0.355,0.783,-0.108,0.734,0.364,0.465,0.943,0.814,0.929,0.822,0.637,0.621
BBIO,0.595,-0.22,0.057,0.474,-0.114,0.005,-0.161,0.325,-0.009,-0.352,0.272,-0.021,0.376,-0.293,0.814,0.465,-0.199,0.061,-0.11,-0.353,-0.046,0.641,0.332,-0.369,0.0,0.187,-0.405,-0.26,0.176,0.316,0.143,-0.454,0.476,0.618,0.528,0.529,-0.073,-0.399,-0.309,-0.018,0.25,-0.039,0.087,0.038,-0.162,-0.25,0.433,-0.457,0.242,0.446,-0.513,0.568,0.024,0.032,0.112,-0.083,-0.356,-0.476,0.111,0.081,-0.025,-0.305,0.011,0.59,0.446,0.434,0.141,-0.404,0.388,0.306,-0.086,0.294,-0.304,0.078,-0.401,-0.201,-0.364,0.016,0.179,-0.044,-0.381,0.232,0.27,-0.156,-0.246,0.034,0.156,-0.362,0.118,0.425,-0.147,-0.079,-0.532,-0.32,-0.518,-0.134,-0.261,-0.4,-0.327,-0.32,0.563,0.314,0.326,-0.178,-0.013,0.429,-0.427,0.135,0.246,-0.467,0.204,-0.319,-0.286,0.356,-0.125,-0.084,0.307,-0.305,0.459,-0.347,0.421,-0.085,0.76,-0.008,-0.098,0.495,-0.098,0.186,0.69,-0.346,-0.145,0.723,-0.03,0.272,-0.092,-0.136,0.492,0.5,0.265,-0.191,-0.29,-0.499,0.066,-0.328,0.073,0.333,0.475,0.777,-0.07,0.007,0.127,-0.133,0.295,0.398,-0.068,0.157,0.099,-0.296,0.389,0.031,-0.433,-0.488,-0.114,0.171,-0.507,-0.25,-0.417,0.13,-0.138,-0.292,0.505,-0.312,-0.261,-0.417,0.093,0.25,-0.17,0.525,0.596,0.311,-0.197,-0.265,-0.534,-0.263,0.174,0.391,0.198,-0.075,0.167,-0.314,-0.323,-0.041,0.327,-0.11,-0.433,-0.151,-0.333,-0.144,0.073,0.229
BCYC,0.35,0.776,0.891,-0.431,-0.338,0.834,0.799,0.863,0.51,-0.144,0.895,0.876,0.75,-0.904,0.09,0.257,0.738,0.836,0.768,0.62,0.853,0.307,-0.484,0.536,0.187,0.0,0.544,0.171,0.887,0.89,0.794,-0.257,0.446,-0.304,-0.051,0.543,0.847,0.547,-0.11,0.804,0.861,0.815,0.517,0.765,0.605,-0.088,0.244,0.519,0.677,0.101,-0.325,-0.463,0.773,-0.831,0.917,0.797,0.636,0.07,-0.471,0.916,0.782,-0.915,-0.28,-0.379,-0.025,0.694,-0.721,0.45,0.45,-0.447,0.799,0.734,0.704,0.771,0.492,0.674,0.607,0.546,0.238,0.873,0.249,-0.097,-0.084,0.609,-0.672,-0.777,-0.456,0.507,0.931,-0.102,0.21,0.814,0.303,-0.252,0.455,0.805,0.702,-0.083,0.56,0.636,0.39,-0.012,0.637,0.763,0.461,-0.539,-0.484,0.803,0.881,0.354,0.396,0.394,0.619,-0.744,0.829,0.33,0.754,-0.302,-0.487,0.68,0.753,-0.656,0.495,0.776,0.83,0.812,0.63,0.145,0.191,0.575,-0.036,0.291,0.84,0.729,-0.324,-0.736,0.203,0.713,0.354,0.449,0.274,0.347,-0.783,0.38,0.614,0.194,0.764,0.042,0.819,0.883,0.765,-0.158,0.141,-0.331,0.859,0.888,0.867,0.674,-0.42,0.906,-0.724,-0.654,0.819,0.87,0.008,0.692,0.532,0.912,-0.909,0.582,0.864,0.073,-0.032,0.463,0.627,0.535,-0.401,-0.498,0.099,0.67,0.722,-0.233,0.497,-0.809,0.814,0.563,0.916,-0.787,0.622,0.642,-0.723,0.702,0.884,0.412,0.425,0.796,0.688,0.711,0.706,0.864
BHFAP,-0.172,0.878,0.723,-0.807,-0.326,0.73,0.852,0.333,0.568,0.301,0.582,0.69,0.252,-0.43,-0.553,-0.024,0.853,0.646,0.79,0.881,0.79,-0.27,-0.772,0.814,-0.405,0.544,0.0,0.387,0.66,0.438,0.661,0.278,0.056,-0.593,-0.536,0.306,0.742,0.856,0.222,0.803,0.558,0.771,0.384,0.618,0.82,0.346,-0.046,0.84,0.406,-0.232,0.356,-0.729,0.687,-0.58,0.586,0.75,0.868,0.495,-0.583,0.586,0.787,-0.453,-0.246,-0.701,-0.443,0.11,-0.774,0.793,0.107,-0.556,0.827,0.381,0.861,0.77,0.826,0.82,0.837,0.442,0.235,0.746,0.656,-0.414,-0.418,0.788,-0.07,-0.631,-0.549,0.743,0.685,-0.368,0.328,0.796,0.774,0.218,0.848,0.802,0.852,0.403,0.87,0.837,-0.135,-0.181,0.313,0.838,0.398,-0.747,0.165,0.67,0.569,0.731,0.319,0.7,0.743,-0.762,0.813,0.602,0.491,0.027,-0.844,0.913,0.355,-0.534,-0.131,0.68,0.815,0.263,0.535,-0.066,-0.208,0.753,0.297,-0.274,0.741,0.449,0.022,-0.479,-0.242,0.25,0.027,0.751,0.628,0.775,-0.71,0.417,0.632,-0.141,0.191,-0.465,0.79,0.732,0.7,-0.104,-0.161,-0.618,0.742,0.615,0.662,0.884,-0.764,0.626,-0.137,0.016,0.807,0.587,0.598,0.853,0.834,0.664,-0.5,0.808,0.313,0.488,0.304,0.812,0.545,0.012,-0.042,-0.783,-0.443,0.388,0.826,0.121,0.892,-0.299,0.536,-0.026,0.59,-0.54,0.472,0.747,-0.201,0.709,0.424,0.579,0.78,0.775,0.862,0.757,0.674,0.581
BKR,-0.237,0.404,0.293,-0.633,-0.476,0.438,0.214,-0.006,0.372,-0.368,0.336,0.116,0.3,-0.042,-0.403,0.006,0.199,-0.052,0.11,0.258,0.367,-0.602,-0.329,0.097,-0.26,0.171,0.387,0.0,0.349,0.262,0.034,-0.246,0.283,-0.303,-0.632,-0.137,0.208,0.225,-0.464,0.439,-0.065,0.474,0.741,0.479,0.234,-0.154,-0.412,0.286,-0.387,0.25,0.152,-0.293,0.088,-0.392,-0.027,0.145,0.152,-0.149,-0.353,0.289,0.203,-0.26,-0.415,-0.528,-0.696,0.017,-0.575,0.029,0.017,-0.717,0.394,-0.01,0.232,0.463,0.348,0.06,0.291,-0.171,0.195,0.391,-0.169,-0.455,-0.502,0.278,-0.173,-0.524,-0.092,-0.063,0.264,-0.481,-0.542,0.401,0.151,-0.292,0.326,0.424,0.267,0.059,0.49,0.255,-0.544,0.118,0.024,0.328,-0.414,-0.628,-0.046,0.389,0.12,0.597,0.392,0.417,-0.013,-0.351,0.321,-0.185,-0.039,-0.463,-0.615,0.297,0.128,-0.468,-0.052,0.47,0.306,0.013,-0.087,0.318,-0.383,0.073,-0.577,-0.502,0.342,0.342,-0.014,-0.242,-0.639,0.3,-0.569,0.065,-0.055,0.089,-0.495,0.278,0.537,-0.677,0.111,-0.162,0.42,0.331,0.351,-0.53,-0.477,-0.117,0.394,0.375,0.351,0.382,-0.662,0.267,-0.138,-0.141,0.369,0.453,-0.039,0.331,0.166,0.237,-0.062,0.041,0.118,-0.106,-0.46,0.498,0.223,0.23,-0.503,-0.574,-0.392,-0.197,0.069,-0.509,0.437,-0.343,0.254,0.061,0.372,0.061,0.646,0.331,-0.383,0.298,0.301,0.732,-0.011,0.266,0.328,0.378,0.495,0.204
BLDP,0.348,0.879,0.954,-0.578,-0.45,0.885,0.853,0.736,0.738,-0.122,0.954,0.852,0.723,-0.854,-0.037,0.399,0.818,0.807,0.836,0.701,0.92,0.139,-0.652,0.603,0.176,0.887,0.66,0.349,0.0,0.918,0.862,-0.155,0.584,-0.378,-0.216,0.634,0.897,0.634,-0.166,0.949,0.847,0.91,0.559,0.885,0.759,-0.077,0.2,0.611,0.564,0.112,-0.096,-0.492,0.825,-0.824,0.825,0.866,0.687,0.105,-0.494,0.904,0.892,-0.891,-0.31,-0.49,-0.196,0.637,-0.864,0.492,0.535,-0.583,0.929,0.803,0.77,0.889,0.642,0.731,0.706,0.515,0.286,0.942,0.258,-0.256,-0.237,0.762,-0.498,-0.863,-0.456,0.563,0.968,-0.141,0.06,0.903,0.42,-0.193,0.559,0.901,0.785,-0.057,0.75,0.723,0.262,-0.03,0.716,0.877,0.379,-0.649,-0.416,0.859,0.929,0.506,0.595,0.598,0.62,-0.739,0.907,0.387,0.797,-0.372,-0.655,0.764,0.824,-0.766,0.481,0.876,0.904,0.813,0.599,0.241,0.146,0.6,-0.119,0.225,0.916,0.849,-0.281,-0.803,0.006,0.824,0.189,0.54,0.311,0.434,-0.874,0.439,0.839,0.075,0.763,0.077,0.95,0.883,0.935,-0.247,-0.016,-0.379,0.939,0.982,0.945,0.798,-0.645,0.914,-0.65,-0.552,0.919,0.936,0.074,0.827,0.583,0.94,-0.842,0.621,0.807,0.164,-0.093,0.629,0.749,0.549,-0.437,-0.611,-0.024,0.722,0.725,-0.246,0.627,-0.754,0.906,0.526,0.936,-0.706,0.744,0.649,-0.702,0.809,0.908,0.665,0.493,0.86,0.77,0.847,0.909,0.919
BLFS,0.485,0.704,0.853,-0.354,-0.291,0.761,0.672,0.86,0.652,-0.34,0.919,0.806,0.848,-0.903,0.196,0.5,0.62,0.787,0.69,0.434,0.796,0.324,-0.399,0.352,0.316,0.89,0.438,0.262,0.918,0.0,0.754,-0.371,0.69,-0.203,0.033,0.548,0.781,0.369,-0.355,0.79,0.856,0.796,0.525,0.811,0.503,-0.332,0.326,0.339,0.606,0.247,-0.361,-0.303,0.707,-0.728,0.826,0.754,0.494,-0.192,-0.246,0.906,0.706,-0.91,-0.141,-0.249,0.009,0.816,-0.701,0.216,0.626,-0.457,0.765,0.768,0.559,0.737,0.374,0.538,0.458,0.492,0.201,0.843,-0.042,-0.024,-0.003,0.575,-0.697,-0.799,-0.288,0.38,0.888,-0.131,0.019,0.737,0.121,-0.395,0.289,0.744,0.571,-0.143,0.527,0.496,0.378,0.132,0.787,0.701,0.356,-0.455,-0.654,0.763,0.903,0.238,0.545,0.371,0.489,-0.672,0.778,0.171,0.81,-0.489,-0.413,0.542,0.879,-0.638,0.689,0.746,0.75,0.88,0.554,0.356,0.323,0.373,-0.267,0.427,0.848,0.832,-0.449,-0.797,0.182,0.856,0.303,0.283,0.038,0.156,-0.768,0.399,0.723,0.207,0.927,0.316,0.818,0.767,0.771,-0.225,0.014,-0.102,0.84,0.915,0.858,0.575,-0.423,0.909,-0.829,-0.784,0.785,0.917,-0.255,0.623,0.311,0.852,-0.827,0.381,0.893,-0.071,-0.315,0.346,0.684,0.744,-0.542,-0.386,0.264,0.737,0.543,-0.369,0.382,-0.868,0.918,0.698,0.916,-0.626,0.667,0.49,-0.822,0.663,0.94,0.512,0.245,0.739,0.546,0.681,0.737,0.866
BLKB,0.463,0.807,0.874,-0.37,-0.13,0.714,0.854,0.649,0.698,0.265,0.774,0.859,0.432,-0.799,-0.039,0.389,0.873,0.873,0.913,0.715,0.793,0.311,-0.632,0.721,0.143,0.794,0.661,0.034,0.862,0.754,0.0,0.222,0.461,-0.334,-0.03,0.692,0.898,0.702,0.242,0.85,0.902,0.728,0.292,0.677,0.847,0.14,0.438,0.634,0.763,-0.115,0.014,-0.398,0.923,-0.61,0.836,0.928,0.786,0.349,-0.417,0.709,0.928,-0.674,-0.11,-0.366,0.084,0.437,-0.663,0.633,0.647,-0.257,0.833,0.847,0.799,0.792,0.647,0.873,0.71,0.742,0.214,0.813,0.509,-0.095,-0.026,0.845,-0.232,-0.648,-0.376,0.768,0.893,0.101,0.342,0.772,0.564,0.215,0.57,0.786,0.808,-0.016,0.733,0.736,0.487,-0.19,0.761,0.842,0.714,-0.456,-0.13,0.731,0.92,0.376,0.468,0.633,0.841,-0.639,0.849,0.735,0.834,0.045,-0.514,0.795,0.763,-0.468,0.459,0.67,0.883,0.756,0.785,-0.074,0.287,0.729,0.249,0.314,0.802,0.701,-0.216,-0.724,0.232,0.618,0.472,0.663,0.56,0.607,-0.637,0.467,0.589,0.422,0.583,0.057,0.83,0.752,0.816,0.16,0.04,-0.4,0.827,0.832,0.804,0.737,-0.461,0.807,-0.435,-0.27,0.868,0.707,0.319,0.839,0.666,0.842,-0.734,0.769,0.626,0.524,0.209,0.603,0.811,0.354,-0.147,-0.427,0.041,0.862,0.853,0.147,0.605,-0.47,0.829,0.439,0.755,-0.692,0.445,0.593,-0.352,0.844,0.701,0.4,0.645,0.829,0.754,0.779,0.751,0.843
