,ABAT,ACLS,ACMR,ADMA,ADUS,ADVM,AEIS,AGNCM,AHCO,ALGT,ALLO,AMSF,ANAB,ANDE,APLS,APPF,ASML,ATRC,AVGO,AVT,AXDX,AXSM,AZN,BANR,BBIO,BCYC,BHFAP,BKR,BLDP,BLFS,BLKB,BLMN,BNTX,BPMC,CALM,CAMT,CASH,CATY,CCEP,CDLX,CDNS,CENN,CENX,CGC,CHDN,CLBK,COKE,COLB,COO,CORT,CRMT,CRNX,CRTO,CRVL,CSCO,CSQ,CSWI,CVBF,CWST,CYCC,CZR,DLTR,DORM,ENTA,EQIX,ERIC,EVRG,EWBC,EXAS,EXLS,EXPI,EYE,FBNC,FBRX,FCNCA,FELE,FIBK,FLEX,FRGT,FRHC,FRME,FWONA,FWONK,GDEN,GIII,GILD,GLNG,GNTX,GOOGL,GRPN,HCSG,HIMX,HOPE,HST,HTLD,HUT,HWC,ICUI,IESC,INTC,INTU,IOVA,IPAR,IPGP,ISRG,JBSS,KALU,KPRX,KRNT,LAUR,LBRDA,LBTYK,LECO,LILAK,LITE,MANH,MDXG,MFIC,MGEE,MIDD,MLAB,MMSI,MNKD,MOMO,MRVL,NICE,NMFC,NUWE,NVCR,NWBI,OFIX,OFLX,OMCL,OPK,ORKA,ORLY,OTTR,PDD,PNTG,POOL,POWL,PPBI,PPC,PRAA,PRPL,PZZA,QTRX,QURE,RDFN,RDHL,REAL,REG,REYN,RGLD,RIOT,RUN,RYTM,SAIA,SBAC,SBRA,SCVL,SHOO,SLAB,SLDB,SMCI,SMTC,SRCE,SSP,SSRM,STBA,STRO,SVC,SYBT,TCBI,TCOM,TENX,TH,TMUS,TNDM,TTD,TTMI,UAL,ULH,ULTA,VCYT,VIRT,VKTX,VOD,VRDN,VREX,VRNT,VSAT,WB,WBD,WDC,WEN,WSFS,XXII,Z,ZBRA
ABAT,0.0,-0.21,0.182,-0.313,-0.584,-0.167,-0.443,0.528,-0.548,-0.668,0.063,0.16,-0.598,-0.124,0.505,-0.096,-0.436,-0.605,-0.519,-0.335,-0.528,-0.105,-0.397,-0.42,-0.407,-0.414,0.443,0.265,-0.481,0.278,-0.068,-0.499,-0.454,0.123,0.224,0.166,-0.362,0.317,-0.268,0.179,0.036,-0.541,-0.469,0.281,-0.522,-0.629,-0.551,-0.074,-0.589,-0.231,-0.532,0.267,-0.123,-0.546,-0.254,0.307,-0.47,-0.479,0.154,-0.309,-0.249,-0.597,-0.286,-0.688,-0.665,0.439,-0.585,-0.472,-0.447,0.034,-0.462,-0.624,-0.534,-0.219,-0.279,-0.545,-0.329,-0.414,-0.556,-0.407,-0.426,0.222,-0.015,-0.149,0.401,-0.562,0.403,-0.029,0.043,-0.227,-0.48,-0.487,-0.458,0.165,-0.111,-0.511,-0.317,-0.435,-0.372,0.287,0.131,-0.304,0.316,-0.267,-0.286,0.031,-0.09,0.106,-0.542,-0.284,-0.089,0.084,-0.399,-0.713,-0.313,0.235,0.396,0.509,-0.304,-0.525,-0.546,-0.105,-0.555,-0.56,-0.192,-0.393,0.357,0.051,-0.4,-0.612,-0.321,-0.128,-0.323,-0.355,-0.081,0.012,-0.41,0.322,-0.589,-0.397,-0.385,-0.358,-0.791,0.115,-0.243,-0.55,0.02,-0.616,-0.418,-0.409,-0.021,0.192,-0.463,0.024,-0.351,-0.167,-0.311,-0.173,-0.536,0.528,0.105,-0.339,-0.473,-0.598,-0.323,-0.085,-0.368,-0.624,-0.358,-0.618,-0.622,-0.581,-0.444,-0.062,-0.485,-0.369,-0.251,0.291,-0.404,0.099,-0.518,-0.507,-0.571,-0.429,-0.454,-0.443,-0.06,0.308,-0.323,-0.437,-0.434,-0.436,-0.41,-0.562,0.567,0.343,-0.495,-0.617,-0.298,-0.464
ACLS,-0.21,0.0,0.764,0.593,0.082,0.759,0.693,-0.136,0.644,0.572,0.549,0.266,0.528,0.017,-0.514,0.762,0.741,0.462,0.776,0.688,0.772,0.753,0.15,0.712,0.708,0.091,-0.233,0.556,0.619,0.465,0.664,0.737,0.769,-0.093,0.336,0.635,0.501,0.376,-0.169,0.31,0.817,0.182,0.674,-0.208,0.404,0.61,0.358,0.507,0.483,0.096,0.506,-0.536,0.499,0.346,0.886,0.49,0.318,0.754,-0.503,0.35,0.853,0.402,0.689,0.153,0.564,0.524,-0.234,0.43,0.844,0.444,0.624,0.348,0.499,0.546,-0.103,0.496,0.579,0.787,0.573,0.738,0.755,0.438,0.538,-0.116,-0.463,-0.13,-0.196,0.684,0.327,-0.401,0.421,0.679,0.76,-0.279,-0.372,0.656,0.706,0.718,0.784,0.162,0.635,0.484,-0.218,0.764,0.808,0.155,0.211,-0.771,0.624,-0.345,-0.001,-0.3,0.651,0.337,0.658,0.383,-0.094,-0.356,-0.689,0.659,0.529,-0.646,0.438,0.376,0.734,0.573,-0.621,0.65,0.169,0.554,0.646,0.79,0.635,0.729,-0.135,0.468,0.231,0.422,0.357,0.622,0.675,0.687,0.392,-0.384,0.541,0.528,0.524,0.404,0.83,0.293,0.894,0.004,0.281,-0.446,0.664,0.704,0.697,0.831,0.553,-0.405,0.328,0.699,0.723,0.588,0.818,0.207,0.731,0.039,-0.103,0.51,0.677,0.354,0.639,0.541,0.445,0.34,0.712,-0.346,0.67,0.334,0.445,0.65,0.377,0.382,0.883,0.614,0.282,-0.476,0.679,0.609,0.434,0.624,0.59,0.122,0.288,-0.579,0.689,0.113,0.875,0.757
ACMR,0.182,0.764,0.0,0.518,-0.423,0.552,0.173,0.21,0.214,0.139,0.768,0.214,0.304,-0.385,-0.304,0.654,0.34,-0.119,0.313,0.176,0.455,0.764,-0.244,0.435,0.25,-0.265,0.094,0.824,0.183,0.696,0.304,0.338,0.45,0.317,0.597,0.612,0.348,0.677,-0.631,0.57,0.854,-0.369,0.246,0.17,-0.172,0.106,-0.122,0.318,0.011,0.149,-0.018,-0.264,0.31,-0.139,0.699,0.569,-0.005,0.403,-0.433,-0.111,0.714,-0.032,0.234,-0.402,0.135,0.683,-0.673,-0.134,0.441,0.522,0.343,-0.187,-0.064,0.635,-0.438,-0.056,0.111,0.35,0.105,0.33,0.376,0.437,0.377,-0.448,-0.025,-0.467,0.133,0.38,0.368,-0.532,-0.02,0.28,0.312,-0.141,-0.342,0.167,0.299,0.246,0.425,0.538,0.792,0.226,-0.429,0.33,0.443,0.474,0.114,-0.643,0.079,-0.668,-0.252,-0.453,0.108,-0.236,0.222,0.483,0.421,-0.122,-0.89,0.121,0.012,-0.786,-0.083,-0.112,0.508,0.217,-0.529,0.696,-0.067,0.05,0.33,0.568,0.248,0.344,-0.263,0.501,-0.322,0.542,-0.09,0.069,0.377,0.299,-0.096,-0.287,0.419,0.329,0.27,-0.121,0.642,0.004,0.805,0.389,-0.196,-0.671,0.286,0.346,0.346,0.826,0.052,-0.019,0.06,0.378,0.293,0.186,0.741,-0.177,0.476,-0.549,-0.449,-0.02,0.386,-0.237,0.192,0.417,-0.096,-0.138,0.559,-0.1,0.256,0.646,-0.103,0.242,-0.234,0.183,0.488,0.28,0.606,-0.29,0.441,0.176,-0.073,0.097,0.188,-0.443,0.475,-0.541,0.235,-0.262,0.703,0.314
ADMA,-0.313,0.593,0.518,0.0,0.128,0.439,0.514,-0.498,0.639,0.677,0.489,0.013,0.807,-0.201,-0.715,0.528,0.655,0.467,0.454,0.374,0.78,0.616,0.041,0.547,0.39,0.208,-0.459,0.278,0.312,-0.018,0.034,0.544,0.673,-0.006,0.178,-0.065,0.534,0.05,-0.444,0.053,0.391,0.071,0.509,-0.273,0.252,0.503,0.325,-0.029,0.501,-0.182,0.392,-0.595,0.173,0.424,0.578,-0.182,0.385,0.622,-0.485,0.323,0.636,0.553,0.428,0.206,0.305,-0.04,0.048,0.038,0.708,0.122,0.734,0.376,0.439,0.641,-0.294,0.375,0.339,0.412,0.574,0.552,0.634,-0.171,-0.057,-0.389,-0.531,-0.323,-0.406,0.102,-0.181,-0.129,0.503,0.65,0.583,-0.569,-0.552,0.371,0.588,0.535,0.614,-0.003,0.218,0.554,-0.622,0.422,0.22,0.362,-0.262,-0.534,0.457,-0.308,-0.613,-0.707,0.383,0.087,0.533,-0.287,-0.148,-0.79,-0.478,0.465,0.53,-0.58,0.539,0.427,0.487,0.668,-0.855,0.283,0.557,0.574,0.602,0.361,0.586,0.498,-0.214,0.222,0.155,-0.191,0.446,0.17,0.364,0.448,0.361,-0.542,0.221,0.443,-0.041,0.377,0.73,0.637,0.562,-0.109,0.333,-0.783,0.25,0.118,0.585,0.728,0.367,-0.683,-0.168,0.572,0.664,0.734,0.68,0.007,0.734,0.02,-0.503,0.504,0.701,0.251,0.615,0.111,0.393,0.425,0.628,-0.665,0.6,0.142,0.425,0.625,0.26,0.309,0.676,0.578,0.331,-0.746,0.787,0.586,0.433,0.42,0.575,0.015,-0.254,-0.707,0.556,0.53,0.686,0.662
ADUS,-0.584,0.082,-0.423,0.128,0.0,0.351,0.717,-0.805,0.709,0.614,-0.489,0.129,0.344,0.768,-0.48,0.232,0.636,0.739,0.487,0.658,0.445,-0.004,0.679,0.232,0.415,0.821,-0.79,-0.644,0.314,-0.7,0.231,0.527,0.538,-0.611,-0.058,-0.363,0.028,-0.755,0.659,-0.721,-0.361,0.851,0.317,-0.79,0.887,0.729,0.85,-0.195,0.839,-0.312,0.86,-0.585,-0.125,0.866,-0.004,-0.455,0.697,0.368,-0.421,0.773,0.038,0.827,0.538,0.929,0.459,-0.457,0.88,0.597,0.496,-0.362,0.579,0.937,0.706,-0.149,0.685,0.844,0.465,0.573,0.691,0.595,0.433,-0.426,-0.267,0.221,-0.77,0.502,-0.825,0.143,-0.514,0.319,0.85,0.693,0.607,-0.559,-0.281,0.657,0.568,0.658,0.544,-0.851,-0.545,0.462,0.192,0.553,0.2,-0.492,-0.305,-0.033,0.711,0.48,0.127,-0.127,0.707,0.672,0.658,-0.457,-0.702,-0.562,0.433,0.737,0.819,0.097,0.775,0.892,0.228,0.679,-0.292,-0.197,0.523,0.69,0.624,0.006,0.471,0.629,0.172,0.153,0.862,-0.629,0.842,0.661,0.452,0.412,0.604,-0.484,-0.214,0.152,-0.13,0.886,0.285,0.492,-0.058,-0.823,0.924,0.282,0.236,0.073,0.429,-0.03,0.694,-0.695,0.18,0.59,0.663,0.671,0.067,0.56,0.385,0.834,0.232,0.746,0.49,0.882,0.632,-0.125,0.858,0.747,0.354,-0.628,0.674,-0.718,0.869,0.702,0.792,0.355,0.359,0.662,-0.521,-0.542,0.378,0.705,0.837,0.704,0.674,0.884,-0.547,-0.14,0.552,0.738,0.251,0.569
ADVM,-0.167,0.759,0.552,0.439,0.351,0.0,0.732,-0.354,0.722,0.488,0.286,0.436,0.436,0.41,-0.511,0.91,0.802,0.456,0.632,0.699,0.726,0.723,0.459,0.512,0.63,0.464,-0.544,0.342,0.497,0.092,0.54,0.705,0.846,-0.341,0.571,0.356,0.336,0.088,-0.006,-0.082,0.489,0.36,0.395,-0.539,0.604,0.676,0.523,0.222,0.679,-0.161,0.651,-0.787,0.069,0.565,0.657,0.243,0.433,0.635,-0.697,0.576,0.624,0.576,0.72,0.282,0.504,0.484,0.065,0.368,0.752,0.28,0.737,0.533,0.496,0.416,0.148,0.646,0.449,0.832,0.63,0.825,0.618,0.148,0.17,-0.246,-0.635,-0.165,-0.552,0.536,-0.046,-0.39,0.634,0.782,0.778,-0.477,-0.661,0.736,0.795,0.816,0.839,-0.219,0.374,0.592,-0.065,0.849,0.641,-0.027,-0.202,-0.663,0.62,-0.421,0.026,-0.443,0.702,0.241,0.77,0.196,-0.213,-0.452,-0.526,0.722,0.634,-0.735,0.53,0.625,0.541,0.732,-0.633,0.559,0.135,0.554,0.843,0.533,0.689,0.805,-0.11,0.674,0.437,0.107,0.454,0.632,0.816,0.553,0.214,-0.677,0.154,0.253,0.192,0.581,0.783,0.307,0.788,-0.288,0.569,-0.251,0.592,0.479,0.674,0.699,0.694,-0.561,0.245,0.87,0.791,0.618,0.574,0.398,0.726,0.079,-0.204,0.551,0.638,0.541,0.668,0.28,0.579,0.451,0.741,-0.579,0.764,-0.045,0.59,0.782,0.416,0.303,0.678,0.767,0.023,-0.69,0.738,0.729,0.594,0.695,0.721,0.286,0.111,-0.452,0.595,0.268,0.825,0.751
AEIS,-0.443,0.693,0.173,0.514,0.717,0.732,0.0,-0.66,0.905,0.783,-0.024,0.319,0.584,0.58,-0.617,0.651,0.943,0.876,0.809,0.948,0.804,0.438,0.552,0.603,0.79,0.628,-0.719,-0.097,0.642,-0.245,0.601,0.821,0.863,-0.605,0.103,0.111,0.349,-0.278,0.34,-0.345,0.251,0.702,0.678,-0.752,0.905,0.893,0.784,0.204,0.89,-0.298,0.919,-0.816,0.269,0.843,0.563,-0.036,0.642,0.749,-0.56,0.833,0.536,0.829,0.899,0.707,0.603,0.047,0.459,0.705,0.9,-0.005,0.802,0.866,0.888,0.203,0.338,0.924,0.765,0.875,0.89,0.909,0.815,-0.031,0.13,0.106,-0.91,0.12,-0.728,0.554,-0.203,-0.08,0.886,0.921,0.936,-0.598,-0.523,0.863,0.929,0.964,0.889,-0.541,-0.008,0.665,0.078,0.932,0.628,-0.283,-0.136,-0.573,0.914,0.08,0.008,-0.303,0.957,0.613,0.95,-0.15,-0.659,-0.637,-0.18,0.962,0.929,-0.365,0.887,0.879,0.611,0.885,-0.599,0.26,0.501,0.873,0.889,0.522,0.85,0.901,0.004,0.376,0.814,-0.167,0.788,0.865,0.693,0.741,0.596,-0.609,0.161,0.359,0.279,0.869,0.677,0.602,0.572,-0.638,0.848,-0.104,0.602,0.55,0.777,0.48,0.858,-0.801,0.386,0.875,0.953,0.851,0.491,0.642,0.76,0.595,0.014,0.88,0.701,0.874,0.914,0.228,0.929,0.835,0.665,-0.73,0.943,-0.375,0.936,0.905,0.845,0.405,0.825,0.836,-0.291,-0.733,0.779,0.919,0.925,0.944,0.898,0.676,-0.164,-0.401,0.855,0.624,0.703,0.938
AGNCM,0.528,-0.136,0.21,-0.498,-0.805,-0.354,-0.66,0.0,-0.772,-0.744,0.211,-0.004,-0.602,-0.453,0.69,-0.285,-0.707,-0.704,-0.388,-0.495,-0.606,-0.139,-0.491,-0.287,-0.281,-0.783,0.909,0.479,-0.141,0.728,0.099,-0.512,-0.615,0.449,-0.03,0.535,-0.074,0.703,-0.231,0.714,0.308,-0.676,-0.31,0.749,-0.71,-0.678,-0.782,0.405,-0.827,0.484,-0.74,0.693,0.197,-0.824,-0.056,0.624,-0.618,-0.428,0.494,-0.778,-0.121,-0.899,-0.413,-0.768,-0.312,0.544,-0.736,-0.32,-0.585,0.463,-0.771,-0.861,-0.61,-0.142,-0.415,-0.699,-0.354,-0.412,-0.702,-0.543,-0.457,0.648,0.488,0.178,0.819,-0.198,0.89,0.084,0.673,-0.281,-0.867,-0.766,-0.6,0.707,0.536,-0.568,-0.613,-0.617,-0.567,0.737,0.535,-0.635,0.205,-0.438,0.038,0.154,0.591,0.094,-0.607,-0.254,0.381,0.521,-0.562,-0.397,-0.66,0.683,0.583,0.861,-0.201,-0.634,-0.774,0.119,-0.797,-0.875,-0.344,-0.813,0.599,0.176,-0.786,-0.7,-0.664,0.109,-0.544,-0.568,-0.062,-0.129,-0.692,0.792,-0.839,-0.384,-0.356,-0.345,-0.51,0.674,0.27,-0.186,0.392,-0.773,-0.415,-0.716,0.0,0.749,-0.861,0.184,-0.132,0.16,-0.469,-0.19,-0.562,0.878,0.147,-0.607,-0.707,-0.821,-0.26,-0.348,-0.536,-0.602,0.15,-0.706,-0.61,-0.726,-0.642,0.269,-0.791,-0.77,-0.484,0.844,-0.726,0.591,-0.788,-0.768,-0.596,-0.468,-0.425,-0.709,0.297,0.783,-0.63,-0.7,-0.809,-0.618,-0.762,-0.625,0.739,0.379,-0.543,-0.926,-0.376,-0.624
AHCO,-0.548,0.644,0.214,0.639,0.709,0.722,0.905,-0.772,0.0,0.896,0.156,0.14,0.751,0.442,-0.822,0.693,0.932,0.805,0.757,0.8,0.905,0.594,0.493,0.654,0.692,0.687,-0.826,-0.045,0.538,-0.287,0.395,0.862,0.925,-0.361,0.25,0.028,0.438,-0.336,0.168,-0.338,0.18,0.647,0.625,-0.666,0.835,0.928,0.839,0.087,0.96,-0.205,0.918,-0.814,0.109,0.876,0.582,-0.126,0.678,0.768,-0.707,0.752,0.616,0.92,0.744,0.745,0.684,-0.095,0.475,0.563,0.916,0.023,0.943,0.886,0.764,0.412,0.252,0.897,0.624,0.833,0.895,0.877,0.788,-0.17,0.014,-0.113,-0.86,0.157,-0.774,0.377,-0.262,0.018,0.897,0.965,0.916,-0.628,-0.583,0.858,0.879,0.917,0.93,-0.462,0.003,0.804,-0.246,0.815,0.535,-0.09,-0.277,-0.546,0.863,-0.019,-0.12,-0.485,0.857,0.57,0.865,-0.239,-0.504,-0.807,-0.21,0.918,0.94,-0.462,0.88,0.907,0.589,0.938,-0.75,0.266,0.581,0.873,0.898,0.429,0.752,0.898,-0.058,0.361,0.685,-0.301,0.817,0.71,0.798,0.67,0.681,-0.727,0.134,0.453,0.014,0.9,0.82,0.683,0.513,-0.557,0.842,-0.272,0.546,0.314,0.829,0.614,0.815,-0.882,0.089,0.9,0.956,0.947,0.587,0.363,0.826,0.559,-0.022,0.857,0.89,0.812,0.84,0.203,0.874,0.747,0.796,-0.806,0.899,-0.252,0.88,0.98,0.72,0.5,0.826,0.903,-0.062,-0.842,0.83,0.929,0.852,0.86,0.878,0.641,-0.413,-0.645,0.82,0.72,0.801,0.921
ALGT,-0.668,0.572,0.139,0.677,0.614,0.488,0.783,-0.744,0.896,0.0,0.206,0.012,0.811,0.238,-0.804,0.478,0.814,0.827,0.752,0.658,0.863,0.456,0.42,0.682,0.626,0.559,-0.696,-0.07,0.558,-0.273,0.27,0.816,0.809,-0.236,0.014,-0.05,0.492,-0.288,0.094,-0.211,0.162,0.604,0.728,-0.46,0.708,0.864,0.748,0.098,0.838,-0.046,0.795,-0.613,0.199,0.762,0.563,-0.191,0.615,0.761,-0.476,0.629,0.582,0.861,0.607,0.717,0.699,-0.272,0.462,0.545,0.866,-0.026,0.854,0.796,0.732,0.427,0.167,0.768,0.61,0.687,0.816,0.686,0.756,-0.154,0.07,-0.025,-0.727,0.256,-0.606,0.301,-0.124,0.149,0.786,0.848,0.808,-0.461,-0.378,0.761,0.724,0.761,0.761,-0.316,-0.04,0.714,-0.375,0.627,0.427,0.034,-0.11,-0.411,0.83,0.117,-0.179,-0.4,0.72,0.601,0.715,-0.288,-0.447,-0.797,-0.085,0.814,0.842,-0.245,0.826,0.791,0.645,0.808,-0.685,0.134,0.644,0.868,0.688,0.395,0.639,0.732,0.009,0.155,0.554,-0.318,0.785,0.589,0.617,0.646,0.795,-0.487,0.227,0.541,0.032,0.802,0.734,0.735,0.383,-0.401,0.687,-0.333,0.508,0.274,0.737,0.556,0.702,-0.825,-0.015,0.72,0.843,0.907,0.622,0.24,0.729,0.615,0.103,0.838,0.853,0.732,0.764,0.203,0.783,0.698,0.629,-0.657,0.753,-0.12,0.777,0.874,0.684,0.618,0.822,0.777,0.051,-0.688,0.766,0.8,0.726,0.765,0.786,0.586,-0.501,-0.659,0.813,0.757,0.667,0.832
ALLO,0.063,0.549,0.768,0.489,-0.489,0.286,-0.024,0.211,0.156,0.206,0.0,-0.094,0.347,-0.512,-0.316,0.396,0.115,-0.159,0.158,-0.021,0.38,0.704,-0.317,0.468,0.187,-0.274,0.162,0.787,0.145,0.625,0.096,0.256,0.28,0.598,0.369,0.493,0.466,0.603,-0.682,0.616,0.65,-0.428,0.28,0.444,-0.288,0.062,-0.168,0.363,-0.064,0.332,-0.12,0.014,0.229,-0.219,0.632,0.451,0.031,0.372,-0.257,-0.307,0.664,-0.074,0.04,-0.352,0.185,0.4,-0.636,-0.164,0.329,0.525,0.275,-0.254,-0.152,0.643,-0.522,-0.142,0.053,0.163,0.034,0.11,0.287,0.394,0.399,-0.389,0.164,-0.28,0.308,0.276,0.409,-0.241,-0.14,0.136,0.18,0.122,-0.154,0.045,0.118,0.052,0.293,0.673,0.708,0.291,-0.61,0.054,0.322,0.558,0.218,-0.44,0.007,-0.545,-0.227,-0.355,-0.02,-0.182,-0.015,0.379,0.594,-0.126,-0.715,0.007,-0.066,-0.531,-0.115,-0.199,0.311,0.091,-0.399,0.459,-0.047,0.045,0.074,0.391,0.071,0.177,-0.243,0.155,-0.444,0.452,-0.175,-0.102,0.352,0.208,0.054,-0.129,0.451,0.377,0.178,-0.18,0.542,0.039,0.557,0.561,-0.328,-0.659,0.217,0.163,0.392,0.715,-0.088,0.05,-0.185,0.174,0.118,0.135,0.612,-0.498,0.37,-0.419,-0.209,-0.043,0.363,-0.302,0.011,0.464,-0.213,-0.259,0.438,0.029,0.01,0.744,-0.229,0.142,-0.317,0.17,0.412,0.172,0.74,-0.127,0.348,0.072,-0.234,-0.042,-0.0,-0.46,0.198,-0.567,0.155,-0.196,0.555,0.179
AMSF,0.16,0.266,0.214,0.013,0.129,0.436,0.319,-0.004,0.14,0.012,-0.094,0.0,-0.039,0.442,0.076,0.378,0.255,0.114,0.257,0.4,0.19,0.103,0.264,0.013,0.247,0.112,-0.062,0.105,0.181,0.02,0.332,0.316,0.246,-0.37,0.324,0.144,-0.031,0.044,0.189,-0.068,0.299,0.15,0.102,-0.322,0.279,0.174,0.049,-0.017,0.174,-0.163,0.236,-0.417,0.107,0.24,0.231,0.214,0.233,0.014,-0.195,0.321,0.112,0.132,0.506,-0.064,0.064,0.469,0.007,0.037,0.198,0.248,0.121,0.125,0.208,-0.159,0.083,0.286,0.187,0.331,0.119,0.253,0.153,0.301,0.147,0.18,-0.194,-0.279,-0.243,0.395,0.029,-0.12,0.285,0.194,0.253,-0.237,-0.309,0.254,0.362,0.377,0.24,-0.2,0.138,0.062,0.358,0.443,0.213,0.085,0.001,-0.288,0.254,-0.185,0.072,-0.046,0.35,-0.097,0.432,0.292,-0.099,0.066,-0.082,0.306,0.223,-0.24,0.128,0.183,0.241,0.264,-0.087,0.255,0.01,0.159,0.405,0.202,0.326,0.383,0.183,0.577,0.267,0.138,0.036,0.318,0.257,0.153,-0.215,-0.151,-0.036,-0.161,0.3,0.189,0.132,0.049,0.348,-0.158,0.266,0.184,0.278,0.296,0.097,0.185,0.328,-0.081,0.512,0.445,0.265,0.026,0.055,0.539,0.158,-0.061,-0.142,0.155,-0.044,0.196,0.322,0.038,0.228,0.303,0.037,-0.174,0.305,-0.175,0.261,0.229,0.149,0.105,0.136,0.257,-0.256,-0.243,0.266,0.347,0.222,0.371,0.322,0.081,0.374,0.175,0.216,-0.116,0.153,0.284
ANAB,-0.598,0.528,0.304,0.807,0.344,0.436,0.584,-0.602,0.751,0.811,0.347,-0.039,0.0,-0.061,-0.778,0.507,0.685,0.614,0.595,0.407,0.866,0.538,0.237,0.653,0.506,0.326,-0.555,0.186,0.494,-0.178,0.083,0.714,0.765,-0.039,0.112,-0.104,0.622,-0.075,-0.255,-0.007,0.259,0.248,0.62,-0.319,0.451,0.716,0.448,0.069,0.664,-0.007,0.553,-0.611,0.197,0.609,0.618,-0.202,0.455,0.692,-0.414,0.42,0.657,0.706,0.439,0.439,0.623,-0.226,0.287,0.245,0.733,0.16,0.775,0.553,0.552,0.568,-0.227,0.559,0.41,0.491,0.742,0.582,0.682,-0.189,0.001,-0.176,-0.55,-0.01,-0.481,0.062,-0.079,0.073,0.587,0.723,0.662,-0.429,-0.371,0.584,0.642,0.64,0.665,-0.072,0.174,0.662,-0.64,0.481,0.283,0.345,-0.154,-0.545,0.632,-0.196,-0.427,-0.615,0.465,0.301,0.561,-0.266,-0.326,-0.801,-0.234,0.628,0.659,-0.458,0.673,0.589,0.505,0.713,-0.785,0.307,0.559,0.748,0.646,0.321,0.58,0.549,-0.105,0.28,0.252,-0.254,0.545,0.3,0.53,0.48,0.641,-0.471,0.311,0.647,-0.113,0.578,0.752,0.699,0.448,-0.135,0.476,-0.56,0.475,0.165,0.633,0.662,0.605,-0.783,-0.187,0.653,0.731,0.816,0.645,0.05,0.746,0.299,-0.12,0.669,0.808,0.481,0.668,0.168,0.509,0.528,0.559,-0.612,0.612,0.101,0.552,0.708,0.482,0.477,0.723,0.62,0.31,-0.746,0.801,0.68,0.478,0.55,0.645,0.28,-0.484,-0.743,0.661,0.656,0.643,0.75
ANDE,-0.124,0.017,-0.385,-0.201,0.768,0.41,0.58,-0.453,0.442,0.238,-0.512,0.442,-0.061,0.0,-0.066,0.262,0.43,0.481,0.315,0.65,0.169,-0.09,0.612,0.089,0.382,0.666,-0.528,-0.477,0.241,-0.547,0.424,0.353,0.327,-0.672,0.094,-0.141,-0.088,-0.549,0.7,-0.652,-0.312,0.66,0.113,-0.732,0.783,0.499,0.572,-0.037,0.578,-0.353,0.683,-0.49,-0.17,0.631,-0.04,-0.13,0.528,0.173,-0.326,0.689,-0.104,0.503,0.584,0.625,0.234,-0.053,0.631,0.554,0.281,-0.187,0.303,0.661,0.551,-0.426,0.699,0.713,0.442,0.495,0.438,0.453,0.245,-0.106,-0.098,0.36,-0.582,0.278,-0.624,0.338,-0.355,0.183,0.653,0.446,0.466,-0.358,-0.308,0.516,0.511,0.546,0.422,-0.768,-0.416,0.292,0.597,0.569,0.231,-0.615,-0.211,-0.012,0.55,0.344,0.33,0.117,0.661,0.391,0.596,-0.164,-0.556,-0.135,0.325,0.608,0.587,0.083,0.529,0.66,0.07,0.48,0.046,-0.139,0.154,0.456,0.517,0.025,0.391,0.531,0.238,0.238,0.802,-0.319,0.496,0.647,0.411,0.335,0.179,-0.354,-0.267,-0.184,0.09,0.669,0.056,0.219,0.016,-0.74,0.753,0.573,0.248,0.202,0.33,-0.17,0.575,-0.379,0.455,0.518,0.463,0.301,-0.192,0.737,0.204,0.591,0.242,0.515,0.09,0.732,0.469,0.001,0.69,0.609,0.139,-0.42,0.488,-0.761,0.693,0.471,0.621,0.049,0.14,0.493,-0.699,-0.327,0.224,0.573,0.662,0.645,0.512,0.692,-0.112,0.215,0.39,0.338,0.079,0.4
APLS,0.505,-0.514,-0.304,-0.715,-0.48,-0.511,-0.617,0.69,-0.822,-0.804,-0.316,0.076,-0.778,-0.066,0.0,-0.541,-0.737,-0.579,-0.54,-0.437,-0.8,-0.613,-0.362,-0.522,-0.447,-0.511,0.67,-0.028,-0.36,0.165,-0.036,-0.723,-0.799,0.105,-0.28,0.083,-0.455,0.203,0.118,0.103,-0.169,-0.411,-0.54,0.386,-0.493,-0.724,-0.633,0.067,-0.76,0.066,-0.648,0.617,0.031,-0.64,-0.415,0.279,-0.576,-0.657,0.691,-0.5,-0.613,-0.763,-0.389,-0.526,-0.566,0.233,-0.311,-0.245,-0.731,0.03,-0.849,-0.657,-0.484,-0.617,-0.026,-0.581,-0.347,-0.575,-0.695,-0.651,-0.639,0.367,0.181,0.343,0.62,-0.141,0.601,-0.02,0.298,0.087,-0.632,-0.812,-0.681,0.565,0.439,-0.642,-0.582,-0.649,-0.702,0.213,-0.063,-0.606,0.599,-0.484,-0.285,-0.2,0.284,0.432,-0.564,0.107,0.287,0.684,-0.511,-0.436,-0.555,0.329,0.275,0.864,0.238,-0.619,-0.693,0.497,-0.663,-0.684,-0.531,-0.746,0.85,-0.289,-0.585,-0.665,-0.675,-0.309,-0.484,-0.65,0.154,-0.354,-0.296,0.342,-0.673,-0.395,-0.584,-0.453,-0.638,0.667,-0.081,-0.514,0.257,-0.65,-0.766,-0.653,-0.392,0.271,-0.586,0.564,-0.365,-0.076,-0.632,-0.68,-0.543,0.738,0.236,-0.667,-0.764,-0.86,-0.635,0.035,-0.738,-0.346,0.206,-0.645,-0.895,-0.494,-0.635,-0.013,-0.566,-0.468,-0.751,0.659,-0.673,-0.036,-0.571,-0.803,-0.434,-0.562,-0.687,-0.727,-0.266,0.757,-0.692,-0.684,-0.561,-0.492,-0.645,-0.399,0.538,0.809,-0.613,-0.658,-0.728,-0.667
APPF,-0.096,0.762,0.654,0.528,0.232,0.91,0.651,-0.285,0.693,0.478,0.396,0.378,0.507,0.262,-0.541,0.0,0.764,0.374,0.571,0.618,0.758,0.818,0.3,0.574,0.578,0.362,-0.467,0.483,0.474,0.143,0.527,0.655,0.831,-0.183,0.643,0.351,0.456,0.183,-0.184,0.026,0.547,0.175,0.356,-0.436,0.482,0.625,0.443,0.253,0.608,-0.119,0.572,-0.761,0.05,0.5,0.725,0.278,0.348,0.652,-0.74,0.419,0.699,0.521,0.655,0.188,0.492,0.506,-0.043,0.271,0.729,0.425,0.758,0.421,0.421,0.535,-0.037,0.573,0.408,0.791,0.579,0.8,0.613,0.145,0.145,-0.332,-0.567,-0.267,-0.482,0.478,0.004,-0.375,0.56,0.739,0.748,-0.488,-0.676,0.622,0.756,0.743,0.839,-0.073,0.476,0.598,-0.208,0.797,0.621,0.066,-0.197,-0.725,0.56,-0.537,-0.101,-0.522,0.609,0.118,0.693,0.207,-0.101,-0.465,-0.657,0.648,0.582,-0.84,0.483,0.527,0.516,0.71,-0.696,0.645,0.058,0.51,0.824,0.606,0.642,0.746,-0.278,0.657,0.305,0.144,0.384,0.496,0.809,0.567,0.177,-0.69,0.258,0.316,0.143,0.504,0.853,0.323,0.854,-0.186,0.464,-0.387,0.517,0.4,0.675,0.783,0.623,-0.537,0.122,0.844,0.747,0.602,0.616,0.298,0.786,-0.037,-0.296,0.491,0.665,0.43,0.626,0.376,0.49,0.361,0.785,-0.571,0.695,0.091,0.503,0.73,0.305,0.203,0.661,0.743,0.167,-0.721,0.761,0.704,0.501,0.607,0.662,0.157,0.137,-0.561,0.58,0.206,0.87,0.726
ASML,-0.436,0.741,0.34,0.655,0.636,0.802,0.943,-0.707,0.932,0.814,0.115,0.255,0.685,0.43,-0.737,0.764,0.0,0.801,0.783,0.852,0.88,0.579,0.49,0.636,0.711,0.628,-0.772,0.032,0.566,-0.21,0.484,0.809,0.937,-0.48,0.258,0.069,0.369,-0.22,0.134,-0.309,0.327,0.599,0.626,-0.718,0.803,0.866,0.779,0.102,0.894,-0.324,0.86,-0.869,0.161,0.814,0.611,-0.066,0.615,0.781,-0.673,0.773,0.603,0.867,0.804,0.623,0.593,0.075,0.379,0.552,0.936,0.006,0.91,0.826,0.785,0.386,0.261,0.849,0.65,0.857,0.869,0.915,0.799,-0.109,0.038,-0.148,-0.908,0.028,-0.754,0.45,-0.244,-0.136,0.883,0.972,0.927,-0.677,-0.643,0.835,0.919,0.931,0.919,-0.452,0.069,0.709,-0.149,0.884,0.575,-0.126,-0.265,-0.588,0.849,-0.085,-0.165,-0.497,0.858,0.496,0.921,-0.175,-0.519,-0.76,-0.317,0.9,0.889,-0.527,0.847,0.864,0.685,0.931,-0.768,0.335,0.523,0.833,0.927,0.488,0.834,0.889,-0.108,0.463,0.689,-0.219,0.799,0.729,0.717,0.706,0.55,-0.734,0.167,0.403,0.119,0.812,0.807,0.626,0.644,-0.559,0.806,-0.33,0.542,0.427,0.779,0.628,0.805,-0.852,0.196,0.907,0.972,0.912,0.648,0.506,0.835,0.44,-0.163,0.832,0.808,0.778,0.888,0.183,0.86,0.756,0.781,-0.801,0.961,-0.253,0.866,0.94,0.707,0.46,0.841,0.889,-0.11,-0.843,0.862,0.902,0.877,0.87,0.921,0.544,-0.219,-0.555,0.815,0.658,0.817,0.934
ATRC,-0.605,0.462,-0.119,0.467,0.739,0.456,0.876,-0.704,0.805,0.827,-0.159,0.114,0.614,0.481,-0.579,0.374,0.801,0.0,0.701,0.781,0.701,0.181,0.579,0.52,0.733,0.637,-0.682,-0.277,0.673,-0.411,0.408,0.694,0.707,-0.628,-0.255,-0.135,0.367,-0.391,0.4,-0.388,0.066,0.752,0.702,-0.659,0.861,0.83,0.754,0.154,0.834,-0.231,0.819,-0.646,0.235,0.813,0.409,-0.267,0.564,0.698,-0.271,0.754,0.333,0.806,0.742,0.793,0.625,-0.251,0.626,0.713,0.776,-0.146,0.685,0.85,0.913,0.129,0.325,0.857,0.712,0.691,0.845,0.752,0.71,-0.19,0.036,0.192,-0.831,0.278,-0.647,0.346,-0.222,0.053,0.799,0.791,0.797,-0.453,-0.309,0.763,0.772,0.826,0.683,-0.559,-0.178,0.561,0.023,0.731,0.485,-0.312,-0.084,-0.357,0.869,0.264,0.018,-0.184,0.825,0.718,0.771,-0.348,-0.773,-0.667,0.101,0.866,0.871,-0.058,0.926,0.851,0.451,0.76,-0.479,0.019,0.524,0.877,0.685,0.351,0.791,0.672,0.001,0.079,0.798,-0.317,0.777,0.743,0.509,0.642,0.711,-0.417,0.187,0.376,0.189,0.832,0.493,0.646,0.338,-0.603,0.782,-0.056,0.532,0.451,0.661,0.267,0.805,-0.819,0.228,0.658,0.82,0.833,0.311,0.553,0.619,0.75,0.178,0.897,0.631,0.891,0.832,0.094,0.874,0.813,0.426,-0.628,0.807,-0.416,0.897,0.782,0.907,0.371,0.738,0.668,-0.337,-0.59,0.674,0.799,0.86,0.843,0.79,0.722,-0.404,-0.31,0.789,0.764,0.47,0.836
AVGO,-0.519,0.776,0.313,0.454,0.487,0.632,0.809,-0.388,0.757,0.752,0.158,0.257,0.595,0.315,-0.54,0.571,0.783,0.701,0.0,0.789,0.769,0.446,0.42,0.644,0.753,0.333,-0.437,0.094,0.705,0.058,0.637,0.837,0.785,-0.294,0.125,0.372,0.4,-0.027,0.288,0.004,0.469,0.574,0.737,-0.405,0.685,0.803,0.607,0.346,0.702,0.067,0.741,-0.567,0.451,0.663,0.728,0.265,0.48,0.668,-0.42,0.585,0.68,0.671,0.733,0.524,0.767,0.171,0.267,0.625,0.842,0.232,0.655,0.66,0.671,0.262,0.152,0.739,0.64,0.823,0.731,0.713,0.723,0.284,0.444,0.194,-0.602,0.217,-0.439,0.602,0.254,0.013,0.641,0.75,0.789,-0.264,-0.263,0.851,0.718,0.805,0.753,-0.196,0.254,0.54,-0.069,0.79,0.741,-0.044,0.165,-0.536,0.851,-0.024,0.164,-0.076,0.777,0.607,0.777,0.203,-0.413,-0.426,-0.18,0.834,0.733,-0.289,0.643,0.633,0.753,0.662,-0.482,0.398,0.368,0.74,0.679,0.62,0.637,0.797,0.123,0.407,0.515,0.107,0.586,0.783,0.672,0.645,0.664,-0.299,0.398,0.493,0.4,0.693,0.71,0.458,0.562,-0.273,0.573,-0.08,0.762,0.632,0.636,0.535,0.785,-0.575,0.385,0.736,0.811,0.672,0.682,0.421,0.615,0.507,0.255,0.706,0.693,0.688,0.726,0.376,0.682,0.609,0.516,-0.418,0.722,0.005,0.685,0.751,0.69,0.565,0.844,0.67,0.001,-0.487,0.619,0.736,0.63,0.803,0.695,0.596,-0.02,-0.486,0.768,0.385,0.667,0.818
AVT,-0.335,0.688,0.176,0.374,0.658,0.699,0.948,-0.495,0.8,0.658,-0.021,0.4,0.407,0.65,-0.437,0.618,0.852,0.781,0.789,0.0,0.687,0.386,0.53,0.591,0.807,0.545,-0.57,-0.066,0.655,-0.148,0.762,0.757,0.763,-0.572,0.098,0.24,0.314,-0.199,0.42,-0.282,0.292,0.646,0.634,-0.689,0.878,0.814,0.705,0.319,0.781,-0.232,0.875,-0.709,0.314,0.749,0.572,0.132,0.633,0.701,-0.498,0.747,0.524,0.699,0.937,0.646,0.558,0.172,0.369,0.767,0.836,0.106,0.669,0.778,0.859,0.07,0.407,0.891,0.821,0.88,0.792,0.86,0.791,0.161,0.297,0.261,-0.81,0.154,-0.605,0.727,-0.086,-0.047,0.818,0.818,0.895,-0.505,-0.441,0.789,0.88,0.901,0.846,-0.494,0.053,0.571,0.274,0.928,0.707,-0.397,0.026,-0.541,0.894,0.144,0.137,-0.129,0.972,0.595,0.913,0.012,-0.564,-0.428,-0.178,0.929,0.86,-0.297,0.776,0.766,0.56,0.779,-0.417,0.254,0.371,0.804,0.813,0.566,0.788,0.888,0.058,0.357,0.812,-0.024,0.709,0.919,0.677,0.781,0.523,-0.49,0.209,0.317,0.458,0.802,0.595,0.458,0.582,-0.589,0.773,0.053,0.566,0.661,0.747,0.393,0.813,-0.627,0.558,0.822,0.864,0.704,0.427,0.699,0.686,0.571,0.103,0.812,0.561,0.825,0.859,0.37,0.873,0.778,0.601,-0.589,0.857,-0.372,0.88,0.801,0.815,0.316,0.772,0.774,-0.348,-0.579,0.661,0.867,0.861,0.934,0.789,0.633,0.038,-0.262,0.824,0.44,0.646,0.863
AXDX,-0.528,0.772,0.455,0.78,0.445,0.726,0.804,-0.606,0.905,0.863,0.38,0.19,0.866,0.169,-0.8,0.758,0.88,0.701,0.769,0.687,0.0,0.698,0.342,0.761,0.69,0.449,-0.642,0.251,0.604,-0.061,0.372,0.867,0.93,-0.18,0.303,0.135,0.613,-0.037,-0.109,-0.049,0.429,0.391,0.679,-0.46,0.64,0.86,0.617,0.206,0.806,-0.047,0.747,-0.776,0.24,0.711,0.756,-0.002,0.566,0.82,-0.653,0.584,0.777,0.778,0.697,0.497,0.693,0.062,0.232,0.434,0.915,0.251,0.901,0.679,0.681,0.568,-0.047,0.743,0.582,0.774,0.808,0.819,0.828,-0.03,0.13,-0.166,-0.713,-0.017,-0.597,0.363,-0.041,-0.084,0.735,0.891,0.88,-0.547,-0.539,0.769,0.845,0.861,0.89,-0.169,0.275,0.741,-0.445,0.759,0.57,0.186,-0.132,-0.707,0.794,-0.24,-0.249,-0.571,0.713,0.415,0.782,-0.083,-0.345,-0.769,-0.406,0.827,0.811,-0.61,0.762,0.727,0.637,0.86,-0.846,0.446,0.509,0.839,0.851,0.525,0.734,0.812,-0.065,0.448,0.438,-0.115,0.642,0.576,0.764,0.675,0.628,-0.625,0.33,0.603,0.096,0.719,0.9,0.639,0.68,-0.274,0.625,-0.479,0.607,0.381,0.787,0.787,0.753,-0.807,0.049,0.875,0.906,0.89,0.745,0.254,0.891,0.339,-0.13,0.781,0.895,0.629,0.822,0.326,0.683,0.612,0.755,-0.704,0.808,0.033,0.708,0.893,0.587,0.497,0.878,0.836,0.202,-0.822,0.9,0.863,0.661,0.767,0.805,0.395,-0.281,-0.747,0.804,0.58,0.851,0.92
AXSM,-0.105,0.753,0.764,0.616,-0.004,0.723,0.438,-0.139,0.594,0.456,0.704,0.103,0.538,-0.09,-0.613,0.818,0.579,0.181,0.446,0.386,0.698,0.0,0.066,0.597,0.439,0.122,-0.295,0.628,0.341,0.393,0.347,0.608,0.712,0.149,0.612,0.459,0.553,0.309,-0.438,0.292,0.605,-0.009,0.381,-0.108,0.2,0.498,0.296,0.289,0.439,0.134,0.38,-0.5,0.106,0.268,0.717,0.3,0.305,0.622,-0.696,0.128,0.795,0.357,0.392,0.06,0.456,0.42,-0.263,0.086,0.64,0.451,0.666,0.235,0.218,0.745,-0.242,0.335,0.253,0.64,0.446,0.624,0.569,0.2,0.245,-0.429,-0.311,-0.235,-0.206,0.379,0.088,-0.429,0.317,0.603,0.595,-0.345,-0.494,0.459,0.526,0.527,0.724,0.25,0.614,0.528,-0.513,0.539,0.547,0.337,-0.058,-0.683,0.347,-0.545,-0.129,-0.57,0.402,0.115,0.423,0.222,0.168,-0.468,-0.747,0.445,0.408,-0.844,0.292,0.3,0.469,0.513,-0.735,0.637,0.048,0.361,0.595,0.575,0.381,0.601,-0.332,0.419,-0.019,0.256,0.23,0.284,0.723,0.446,0.247,-0.579,0.321,0.445,0.126,0.294,0.858,0.233,0.792,0.121,0.188,-0.609,0.403,0.297,0.662,0.908,0.35,-0.381,-0.05,0.635,0.574,0.528,0.692,-0.135,0.725,-0.178,-0.291,0.333,0.736,0.146,0.432,0.427,0.244,0.092,0.84,-0.407,0.482,0.421,0.262,0.595,0.069,0.223,0.64,0.609,0.506,-0.568,0.619,0.529,0.237,0.353,0.447,-0.05,0.071,-0.746,0.454,0.088,0.888,0.554
AZN,-0.397,0.15,-0.244,0.041,0.679,0.459,0.552,-0.491,0.493,0.42,-0.317,0.264,0.237,0.612,-0.362,0.3,0.49,0.579,0.42,0.53,0.342,0.066,0.0,0.148,0.47,0.537,-0.489,-0.352,0.522,-0.43,0.284,0.53,0.505,-0.614,-0.084,-0.181,0.159,-0.362,0.477,-0.341,-0.151,0.67,0.334,-0.611,0.712,0.595,0.518,-0.051,0.632,-0.053,0.622,-0.551,-0.085,0.649,0.087,-0.277,0.554,0.363,-0.198,0.632,0.156,0.59,0.479,0.617,0.492,-0.187,0.629,0.464,0.395,-0.108,0.395,0.647,0.58,-0.057,0.457,0.635,0.422,0.526,0.529,0.521,0.391,-0.178,-0.053,0.284,-0.521,0.371,-0.594,0.215,-0.284,0.021,0.598,0.545,0.504,-0.346,-0.182,0.585,0.455,0.57,0.409,-0.567,-0.195,0.264,0.235,0.518,0.256,-0.357,-0.064,-0.169,0.574,0.261,0.171,-0.147,0.562,0.506,0.536,-0.157,-0.564,-0.347,0.326,0.613,0.608,-0.055,0.574,0.647,0.237,0.486,-0.214,0.098,0.247,0.567,0.469,0.115,0.419,0.488,0.213,0.316,0.579,-0.346,0.574,0.606,0.417,0.364,0.432,-0.288,-0.086,0.208,0.079,0.654,0.251,0.39,0.129,-0.424,0.663,0.247,0.384,0.342,0.346,0.058,0.713,-0.47,0.29,0.49,0.535,0.465,0.047,0.508,0.38,0.566,0.206,0.621,0.341,0.713,0.6,-0.071,0.587,0.591,0.251,-0.359,0.528,-0.436,0.648,0.539,0.662,0.347,0.352,0.493,-0.377,-0.379,0.338,0.551,0.583,0.566,0.488,0.605,-0.262,-0.064,0.427,0.475,0.23,0.448
BANR,-0.42,0.712,0.435,0.547,0.232,0.512,0.603,-0.287,0.654,0.682,0.468,0.013,0.653,0.089,-0.522,0.574,0.636,0.52,0.644,0.591,0.761,0.597,0.148,0.0,0.632,0.236,-0.265,0.413,0.643,0.15,0.542,0.695,0.67,0.066,0.147,0.326,0.765,0.267,-0.179,0.223,0.47,0.144,0.752,-0.132,0.47,0.725,0.387,0.619,0.508,0.215,0.558,-0.391,0.313,0.376,0.787,0.227,0.472,0.904,-0.462,0.308,0.798,0.477,0.593,0.375,0.643,0.126,0.002,0.627,0.757,0.383,0.613,0.425,0.64,0.472,-0.015,0.557,0.765,0.671,0.586,0.633,0.862,0.2,0.37,0.084,-0.433,0.169,-0.184,0.494,0.256,-0.023,0.469,0.648,0.792,-0.198,-0.211,0.537,0.684,0.613,0.722,0.124,0.404,0.532,-0.324,0.595,0.597,0.052,0.284,-0.576,0.701,-0.042,-0.049,-0.261,0.587,0.437,0.548,0.066,-0.096,-0.425,-0.44,0.673,0.578,-0.43,0.528,0.441,0.55,0.55,-0.527,0.398,0.246,0.755,0.558,0.604,0.485,0.58,-0.074,0.229,0.255,0.175,0.497,0.545,0.623,0.858,0.651,-0.277,0.606,0.734,0.298,0.528,0.734,0.411,0.654,-0.027,0.333,-0.355,0.479,0.489,0.786,0.666,0.536,-0.46,0.068,0.639,0.672,0.646,0.71,0.198,0.807,0.313,0.135,0.708,0.67,0.461,0.677,0.722,0.509,0.385,0.557,-0.32,0.49,0.21,0.477,0.614,0.479,0.361,0.765,0.663,0.371,-0.448,0.665,0.64,0.414,0.623,0.596,0.243,-0.037,-0.62,0.824,0.257,0.685,0.694
BBIO,-0.407,0.708,0.25,0.39,0.415,0.63,0.79,-0.281,0.692,0.626,0.187,0.247,0.506,0.382,-0.447,0.578,0.711,0.733,0.753,0.807,0.69,0.439,0.47,0.632,0.0,0.344,-0.381,0.176,0.853,0.059,0.72,0.736,0.715,-0.355,0.008,0.382,0.562,0.077,0.266,0.036,0.439,0.436,0.72,-0.409,0.701,0.759,0.491,0.529,0.652,0.056,0.694,-0.568,0.426,0.599,0.69,0.259,0.462,0.751,-0.315,0.512,0.613,0.517,0.797,0.492,0.754,0.221,0.213,0.727,0.773,0.404,0.563,0.57,0.759,0.23,0.088,0.757,0.722,0.78,0.723,0.774,0.741,0.272,0.436,0.266,-0.594,0.154,-0.357,0.604,0.194,-0.126,0.557,0.681,0.799,-0.24,-0.208,0.785,0.765,0.821,0.741,-0.167,0.363,0.494,0.051,0.805,0.807,-0.187,0.238,-0.657,0.794,-0.085,0.231,-0.119,0.796,0.588,0.711,0.176,-0.487,-0.362,-0.237,0.828,0.716,-0.313,0.686,0.593,0.425,0.61,-0.415,0.403,0.174,0.757,0.655,0.58,0.743,0.709,0.004,0.28,0.556,0.198,0.45,0.809,0.715,0.703,0.586,-0.337,0.489,0.475,0.504,0.647,0.613,0.399,0.661,-0.241,0.517,-0.05,0.783,0.785,0.73,0.486,0.81,-0.545,0.427,0.704,0.76,0.635,0.414,0.465,0.648,0.463,0.211,0.738,0.588,0.697,0.746,0.459,0.633,0.545,0.481,-0.382,0.688,-0.031,0.669,0.678,0.756,0.208,0.825,0.618,-0.102,-0.448,0.641,0.751,0.611,0.767,0.575,0.461,-0.001,-0.35,0.735,0.327,0.612,0.804
BCYC,-0.414,0.091,-0.265,0.208,0.821,0.464,0.628,-0.783,0.687,0.559,-0.274,0.112,0.326,0.666,-0.511,0.362,0.628,0.637,0.333,0.545,0.449,0.122,0.537,0.236,0.344,0.0,-0.835,-0.465,0.239,-0.644,0.118,0.379,0.544,-0.506,0.133,-0.365,0.056,-0.611,0.446,-0.702,-0.285,0.695,0.216,-0.661,0.754,0.653,0.826,-0.189,0.783,-0.464,0.746,-0.577,-0.355,0.755,0.035,-0.443,0.527,0.4,-0.546,0.692,0.024,0.782,0.477,0.734,0.322,-0.282,0.683,0.469,0.498,-0.339,0.669,0.815,0.589,0.035,0.581,0.727,0.375,0.533,0.633,0.601,0.364,-0.524,-0.422,-0.106,-0.776,0.314,-0.806,0.106,-0.58,0.211,0.812,0.681,0.601,-0.552,-0.533,0.563,0.587,0.61,0.55,-0.77,-0.461,0.587,0.049,0.507,0.146,-0.447,-0.483,-0.019,0.607,0.187,0.02,-0.274,0.609,0.469,0.616,-0.469,-0.462,-0.625,0.159,0.625,0.728,-0.084,0.718,0.85,0.135,0.724,-0.384,-0.242,0.433,0.606,0.656,-0.051,0.541,0.583,0.003,0.202,0.754,-0.609,0.744,0.504,0.509,0.376,0.398,-0.666,-0.274,0.01,-0.31,0.778,0.356,0.459,0.053,-0.776,0.852,0.057,0.132,-0.05,0.485,0.051,0.585,-0.713,-0.12,0.62,0.63,0.674,0.091,0.438,0.442,0.646,0.023,0.681,0.484,0.776,0.557,-0.183,0.77,0.601,0.439,-0.682,0.635,-0.634,0.732,0.717,0.575,0.237,0.305,0.722,-0.392,-0.607,0.501,0.659,0.784,0.607,0.671,0.709,-0.545,-0.188,0.467,0.719,0.339,0.532
BHFAP,0.443,-0.233,0.094,-0.459,-0.79,-0.544,-0.719,0.909,-0.826,-0.696,0.162,-0.062,-0.555,-0.528,0.67,-0.467,-0.772,-0.682,-0.437,-0.57,-0.642,-0.295,-0.489,-0.265,-0.381,-0.835,0.0,0.376,-0.184,0.648,-0.035,-0.542,-0.709,0.502,-0.214,0.369,-0.046,0.656,-0.269,0.712,0.226,-0.689,-0.245,0.798,-0.751,-0.709,-0.841,0.343,-0.886,0.543,-0.783,0.789,0.208,-0.873,-0.138,0.461,-0.535,-0.424,0.612,-0.772,-0.163,-0.896,-0.481,-0.725,-0.365,0.326,-0.674,-0.327,-0.623,0.355,-0.835,-0.872,-0.584,-0.175,-0.384,-0.758,-0.31,-0.535,-0.751,-0.67,-0.441,0.521,0.411,0.271,0.873,-0.093,0.928,-0.036,0.632,-0.131,-0.883,-0.816,-0.653,0.737,0.678,-0.667,-0.701,-0.716,-0.692,0.74,0.406,-0.732,0.155,-0.58,-0.141,0.2,0.662,0.231,-0.624,-0.033,0.256,0.532,-0.633,-0.364,-0.728,0.54,0.584,0.824,-0.045,-0.692,-0.809,0.296,-0.816,-0.913,-0.32,-0.871,0.625,0.075,-0.64,-0.663,-0.784,0.008,-0.621,-0.695,0.026,-0.239,-0.73,0.666,-0.773,-0.459,-0.544,-0.314,-0.421,0.814,0.288,-0.102,0.34,-0.785,-0.518,-0.628,-0.154,0.79,-0.892,0.159,-0.245,0.08,-0.537,-0.263,-0.646,0.894,0.072,-0.721,-0.759,-0.819,-0.251,-0.372,-0.552,-0.532,0.181,-0.681,-0.662,-0.759,-0.636,0.251,-0.804,-0.726,-0.615,0.897,-0.799,0.58,-0.811,-0.835,-0.597,-0.363,-0.458,-0.768,0.349,0.838,-0.683,-0.759,-0.845,-0.667,-0.777,-0.653,0.639,0.385,-0.504,-0.857,-0.51,-0.703
BKR,0.265,0.556,0.824,0.278,-0.644,0.342,-0.097,0.479,-0.045,-0.07,0.787,0.105,0.186,-0.477,-0.028,0.483,0.032,-0.277,0.094,-0.066,0.251,0.628,-0.352,0.413,0.176,-0.465,0.376,0.0,0.207,0.758,0.255,0.156,0.181,0.465,0.414,0.633,0.483,0.823,-0.695,0.726,0.773,-0.579,0.169,0.426,-0.346,-0.062,-0.387,0.534,-0.239,0.371,-0.269,0.008,0.275,-0.37,0.656,0.635,-0.215,0.304,-0.118,-0.382,0.601,-0.299,0.054,-0.549,0.143,0.688,-0.763,-0.164,0.182,0.709,0.052,-0.445,-0.194,0.545,-0.59,-0.232,0.028,0.148,-0.092,0.104,0.203,0.581,0.516,-0.29,0.274,-0.437,0.448,0.279,0.573,-0.485,-0.314,-0.017,0.103,0.212,-0.069,-0.027,0.097,0.021,0.198,0.774,0.895,0.037,-0.394,0.123,0.386,0.507,0.33,-0.538,-0.093,-0.682,-0.078,-0.209,-0.103,-0.314,-0.064,0.602,0.519,0.148,-0.797,-0.065,-0.219,-0.615,-0.257,-0.353,0.237,-0.082,-0.249,0.68,-0.378,-0.093,0.045,0.472,0.057,0.033,-0.325,0.303,-0.52,0.707,-0.395,-0.122,0.29,0.193,-0.171,0.023,0.574,0.331,0.325,-0.329,0.434,-0.167,0.69,0.663,-0.464,-0.509,0.289,0.328,0.248,0.655,-0.074,0.199,-0.028,0.131,0.012,-0.07,0.474,-0.307,0.308,-0.631,-0.221,-0.17,0.155,-0.385,-0.028,0.575,-0.353,-0.377,0.258,0.197,-0.084,0.772,-0.334,-0.042,-0.347,-0.081,0.284,0.014,0.668,-0.007,0.241,-0.047,-0.367,-0.092,-0.075,-0.602,0.517,-0.344,0.077,-0.467,0.447,0.103
BLDP,-0.481,0.619,0.183,0.312,0.314,0.497,0.642,-0.141,0.538,0.558,0.145,0.181,0.494,0.241,-0.36,0.474,0.566,0.673,0.705,0.655,0.604,0.341,0.522,0.643,0.853,0.239,-0.184,0.207,0.0,0.118,0.678,0.65,0.609,-0.302,-0.146,0.319,0.701,0.219,0.21,0.231,0.449,0.359,0.765,-0.212,0.589,0.717,0.362,0.633,0.51,0.26,0.549,-0.391,0.386,0.47,0.663,0.213,0.369,0.743,-0.129,0.346,0.616,0.421,0.697,0.416,0.792,0.184,0.198,0.702,0.65,0.456,0.417,0.445,0.732,0.27,-0.008,0.625,0.707,0.704,0.625,0.657,0.716,0.3,0.476,0.422,-0.422,0.26,-0.184,0.537,0.331,-0.116,0.411,0.546,0.693,-0.038,-0.029,0.647,0.6,0.68,0.57,-0.031,0.419,0.341,0.008,0.669,0.752,-0.175,0.45,-0.554,0.745,-0.037,0.287,-0.009,0.637,0.624,0.541,0.228,-0.416,-0.263,-0.148,0.714,0.593,-0.223,0.579,0.454,0.378,0.437,-0.308,0.38,0.022,0.722,0.489,0.631,0.621,0.522,0.045,0.26,0.396,0.254,0.394,0.713,0.592,0.69,0.639,-0.113,0.615,0.592,0.514,0.554,0.543,0.36,0.609,-0.029,0.36,-0.021,0.728,0.81,0.614,0.409,0.766,-0.421,0.315,0.549,0.631,0.524,0.399,0.428,0.591,0.476,0.349,0.729,0.509,0.63,0.71,0.49,0.501,0.438,0.312,-0.158,0.493,0.11,0.534,0.527,0.697,0.2,0.728,0.493,0.055,-0.281,0.522,0.606,0.442,0.646,0.467,0.413,0.032,-0.322,0.701,0.249,0.482,0.675
BLFS,0.278,0.465,0.696,-0.018,-0.7,0.092,-0.245,0.728,-0.287,-0.273,0.625,0.02,-0.178,-0.547,0.165,0.143,-0.21,-0.411,0.058,-0.148,-0.061,0.393,-0.43,0.15,0.059,-0.644,0.648,0.758,0.118,0.0,0.294,-0.029,-0.095,0.488,0.224,0.835,0.201,0.819,-0.417,0.845,0.758,-0.511,0.108,0.629,-0.489,-0.268,-0.466,0.565,-0.46,0.55,-0.399,0.366,0.426,-0.586,0.419,0.771,-0.319,0.059,0.073,-0.541,0.419,-0.555,-0.103,-0.598,0.031,0.7,-0.839,-0.13,-0.022,0.591,-0.272,-0.57,-0.354,0.35,-0.426,-0.418,-0.09,0.04,-0.329,-0.103,0.004,0.701,0.652,-0.083,0.503,-0.187,0.69,0.353,0.723,-0.529,-0.561,-0.267,-0.128,0.459,0.293,-0.145,-0.228,-0.195,-0.079,0.812,0.834,-0.285,-0.145,-0.064,0.419,0.374,0.6,-0.303,-0.271,-0.426,0.274,0.174,-0.211,-0.121,-0.29,0.773,0.587,0.447,-0.606,-0.258,-0.427,-0.287,-0.509,-0.578,0.144,-0.409,0.06,0.535,-0.498,-0.354,-0.265,0.486,-0.212,-0.115,-0.146,0.114,-0.597,0.895,-0.509,-0.072,0.051,0.025,-0.171,0.331,0.518,0.2,0.512,-0.484,0.163,-0.466,0.461,0.746,-0.652,-0.25,0.2,0.432,-0.044,0.403,-0.296,0.547,0.151,-0.186,-0.227,-0.34,0.349,-0.407,-0.043,-0.566,0.006,-0.385,-0.039,-0.532,-0.271,0.489,-0.502,-0.574,0.074,0.537,-0.276,0.839,-0.518,-0.285,-0.431,-0.083,0.152,-0.261,0.605,0.409,-0.196,-0.316,-0.523,-0.299,-0.361,-0.551,0.692,-0.145,-0.106,-0.713,0.237,-0.178
BLKB,-0.068,0.664,0.304,0.034,0.231,0.54,0.601,0.099,0.395,0.27,0.096,0.332,0.083,0.424,-0.036,0.527,0.484,0.408,0.637,0.762,0.372,0.347,0.284,0.542,0.72,0.118,-0.035,0.255,0.678,0.294,0.0,0.504,0.459,-0.274,0.106,0.64,0.358,0.251,0.305,0.154,0.495,0.261,0.497,-0.252,0.532,0.502,0.305,0.697,0.339,0.136,0.513,-0.303,0.451,0.289,0.631,0.604,0.249,0.554,-0.239,0.315,0.513,0.202,0.712,0.272,0.499,0.511,-0.05,0.729,0.55,0.474,0.254,0.316,0.552,-0.002,0.213,0.552,0.717,0.736,0.434,0.597,0.583,0.587,0.658,0.412,-0.349,0.158,-0.078,0.843,0.418,-0.157,0.337,0.418,0.625,-0.036,-0.093,0.537,0.575,0.582,0.581,-0.029,0.439,0.264,0.409,0.744,0.846,-0.393,0.445,-0.51,0.627,0.009,0.454,0.238,0.694,0.434,0.552,0.485,-0.233,0.105,-0.321,0.626,0.449,-0.252,0.34,0.296,0.406,0.327,-0.038,0.412,-0.159,0.458,0.455,0.706,0.463,0.579,0.012,0.276,0.444,0.502,0.291,0.787,0.578,0.704,0.312,-0.086,0.483,0.305,0.714,0.416,0.419,0.031,0.642,-0.155,0.299,0.213,0.569,0.823,0.53,0.31,0.568,-0.131,0.613,0.513,0.495,0.257,0.324,0.533,0.441,0.287,0.322,0.46,0.261,0.474,0.522,0.678,0.464,0.332,0.352,-0.048,0.44,0.004,0.458,0.39,0.53,0.059,0.586,0.413,-0.143,-0.111,0.302,0.504,0.41,0.639,0.375,0.319,0.483,-0.087,0.581,-0.122,0.473,0.537
