,ABAT,ACLS,ACMR,ADMA,ADUS,ADVM,AEIS,AGNCM,AHCO,ALGT,ALLO,AMSF,ANAB,ANDE,APLS,APPF,ASML,ATRC,AVGO,AVT,AXDX,AXSM,AZN,BANR,BBIO,BCYC,BHFAP,BKR,BLDP,BLFS,BLKB,BLMN,BNTX,BPMC,CALM,CAMT,CASH,CATY,CCEP,CDLX,CDNS,CENN,CENX,CGC,CHDN,CLBK,COKE,COLB,COO,CORT,CRMT,CRNX,CRTO,CRVL,CSCO,CSQ,CSWI,CVBF,CWST,CYCC,CZR,DLTR,DORM,ENTA,EQIX,ERIC,EVRG,EWBC,EXAS,EXLS,EXPI,EYE,FBNC,FBRX,FCNCA,FELE,FIBK,FLEX,FRGT,FRHC,FRME,FWONA,FWONK,GDEN,GIII,GILD,GLNG,GNTX,GOOGL,GRPN,HCSG,HIMX,HOPE,HST,HTLD,HUT,HWC,ICUI,IESC,INTC,INTU,IOVA,IPAR,IPGP,ISRG,JBSS,KALU,KPRX,KRNT,LAUR,LBRDA,LBTYK,LECO,LILAK,LITE,MANH,MDXG,MFIC,MGEE,MIDD,MLAB,MMSI,MNKD,MOMO,MRVL,NICE,NMFC,NUWE,NVCR,NWBI,OFIX,OFLX,OMCL,OPK,ORKA,ORLY,OTTR,PDD,PNTG,POOL,POWL,PPBI,PPC,PRAA,PRPL,PZZA,QTRX,QURE,RDFN,RDHL,REAL,REG,REYN,RGLD,RIOT,RUN,RYTM,SAIA,SBAC,SBRA,SCVL,SHOO,SLAB,SLDB,SMCI,SMTC,SRCE,SSP,SSRM,STBA,STRO,SVC,SYBT,TCBI,TCOM,TENX,TH,TMUS,TNDM,TTD,TTMI,UAL,ULH,ULTA,VCYT,VIRT,VKTX,VOD,VRDN,VREX,VRNT,VSAT,WB,WBD,WDC,WEN,WSFS,XXII,Z,ZBRA
ABAT,0.0,0.545,0.576,-0.709,0.646,0.596,0.623,0.297,0.461,0.515,0.405,-0.447,-0.667,-0.361,-0.092,0.627,0.666,-0.272,0.354,0.647,0.447,-0.491,0.466,-0.154,0.525,0.213,0.859,0.307,0.766,0.467,0.227,0.557,0.196,0.619,-0.115,0.627,0.365,0.333,0.112,-0.213,0.479,-0.046,0.326,0.625,0.552,-0.124,-0.44,-0.188,0.158,0.347,0.007,-0.578,0.392,-0.036,0.517,0.577,0.488,-0.569,0.186,0.701,0.728,0.326,0.382,0.193,0.495,0.386,0.032,0.15,0.432,-0.187,0.536,0.3,-0.619,0.192,0.28,0.301,0.021,0.625,0.289,0.655,0.05,0.436,0.418,0.297,0.432,0.348,-0.043,0.328,0.324,0.006,0.636,0.882,-0.628,0.527,0.601,0.54,0.239,0.298,-0.005,0.607,0.28,0.325,0.371,0.428,-0.068,0.257,0.571,0.45,0.418,0.027,0.293,0.371,0.362,0.223,0.513,-0.162,0.492,0.326,-0.098,0.41,0.441,-0.194,-0.71,0.245,0.433,0.307,0.191,-0.491,0.514,0.068,-0.119,0.388,0.4,0.423,0.255,-0.642,0.23,0.702,0.348,0.512,0.648,0.112,0.339,0.138,0.448,0.154,-0.213,-0.148,0.702,0.632,0.331,0.233,0.236,0.284,0.614,0.338,0.232,0.658,0.405,0.381,0.065,0.125,0.54,0.682,-0.165,0.345,-0.282,0.359,0.192,-0.507,0.02,0.457,-0.442,-0.075,0.44,0.41,0.59,0.6,-0.067,0.269,0.495,0.499,0.614,0.19,0.357,0.076,-0.376,0.48,0.353,-0.226,0.143,0.426,0.142,0.54,0.584,-0.059,0.02,0.402,0.67,0.38
ACLS,0.545,0.0,0.739,-0.674,0.373,0.776,0.892,0.86,0.866,0.876,0.386,0.038,-0.841,-0.012,-0.188,0.91,0.962,-0.301,0.825,0.918,0.618,-0.874,0.779,0.575,0.173,-0.43,0.734,0.919,0.742,0.946,0.79,0.963,-0.407,0.806,-0.613,0.936,0.847,0.895,0.642,-0.163,0.793,0.669,0.901,0.494,0.816,0.58,-0.439,-0.34,0.758,0.817,0.727,-0.012,0.928,0.72,0.908,0.778,0.921,-0.59,0.081,0.635,0.494,0.834,0.884,0.814,0.877,0.704,0.554,0.756,0.883,0.135,0.76,0.669,-0.342,0.327,0.918,0.929,0.683,0.963,0.602,0.937,0.648,0.922,0.906,0.043,0.895,0.442,-0.32,0.755,0.432,0.472,0.917,0.762,-0.24,0.711,0.559,0.936,0.891,0.838,0.667,0.942,0.424,0.274,0.892,0.886,-0.327,0.469,0.977,0.538,0.859,0.5,0.825,0.82,0.886,0.812,0.913,0.224,0.915,0.86,0.473,0.928,0.892,-0.512,-0.679,0.789,0.368,0.163,0.755,-0.439,0.641,0.645,-0.541,0.126,0.859,0.704,0.184,-0.342,0.902,0.782,-0.034,0.926,0.896,0.009,0.846,0.773,0.921,0.078,0.275,-0.479,0.88,0.518,0.521,0.647,0.194,0.814,0.972,0.021,0.687,0.837,0.892,0.707,0.786,0.487,0.967,0.488,-0.362,0.839,-0.345,0.532,0.705,-0.639,0.245,0.912,-0.561,0.663,0.61,-0.192,0.886,0.924,-0.033,0.31,0.959,0.969,0.603,0.738,-0.032,0.262,0.222,0.888,0.892,0.56,0.707,0.882,0.664,0.952,0.919,-0.541,0.744,0.506,0.949,0.936
ACMR,0.576,0.739,0.0,-0.496,0.338,0.914,0.844,0.73,0.796,0.881,0.415,-0.323,-0.633,-0.485,-0.182,0.872,0.83,-0.018,0.721,0.778,0.671,-0.658,0.793,0.277,0.292,0.0,0.576,0.549,0.747,0.752,0.709,0.702,-0.438,0.858,-0.71,0.857,0.737,0.481,0.443,0.153,0.513,0.487,0.663,0.71,0.79,0.376,-0.794,-0.441,0.574,0.543,0.515,0.126,0.744,0.376,0.791,0.735,0.685,-0.798,-0.103,0.703,0.626,0.573,0.706,0.517,0.774,0.688,0.369,0.642,0.558,-0.025,0.702,0.729,-0.645,0.516,0.646,0.633,0.59,0.793,0.493,0.779,0.518,0.745,0.735,0.223,0.848,0.509,-0.368,0.759,0.498,0.622,0.851,0.68,-0.261,0.677,0.507,0.748,0.541,0.74,0.467,0.889,0.563,0.628,0.629,0.804,0.046,0.401,0.75,0.845,0.904,0.42,0.742,0.794,0.704,0.588,0.867,0.167,0.814,0.732,0.056,0.781,0.837,-0.333,-0.563,0.746,0.354,0.113,0.696,-0.233,0.619,0.287,0.086,0.147,0.844,0.828,0.348,-0.4,0.641,0.852,0.317,0.682,0.712,-0.084,0.657,0.602,0.652,-0.16,0.136,-0.461,0.812,0.729,0.518,0.654,-0.122,0.691,0.744,0.083,0.411,0.644,0.734,0.766,0.369,0.115,0.796,0.55,-0.157,0.823,-0.59,0.648,0.572,-0.654,0.599,0.773,-0.691,0.482,0.741,-0.16,0.681,0.701,0.239,0.248,0.766,0.728,0.461,0.675,-0.051,0.183,-0.002,0.861,0.541,0.353,0.796,0.751,0.64,0.83,0.823,-0.526,0.328,0.733,0.824,0.772
ADMA,-0.709,-0.674,-0.496,0.0,-0.539,-0.526,-0.62,-0.453,-0.596,-0.538,-0.471,0.272,0.685,0.048,0.029,-0.611,-0.711,0.578,-0.392,-0.666,-0.351,0.563,-0.391,-0.18,-0.415,0.281,-0.837,-0.49,-0.734,-0.63,-0.271,-0.715,0.053,-0.555,0.159,-0.631,-0.422,-0.529,-0.195,0.248,-0.552,-0.253,-0.399,-0.55,-0.58,-0.031,0.368,0.315,-0.278,-0.551,-0.317,0.5,-0.471,-0.263,-0.551,-0.635,-0.625,0.432,-0.013,-0.682,-0.648,-0.528,-0.595,-0.354,-0.649,-0.453,-0.087,-0.258,-0.636,0.034,-0.57,-0.257,0.387,-0.127,-0.481,-0.544,-0.12,-0.677,-0.465,-0.718,-0.164,-0.53,-0.501,-0.284,-0.517,-0.223,0.036,-0.36,-0.366,0.061,-0.742,-0.739,0.441,-0.709,-0.649,-0.707,-0.412,-0.476,-0.143,-0.649,-0.137,-0.104,-0.496,-0.483,0.461,-0.426,-0.647,-0.339,-0.532,-0.122,-0.411,-0.415,-0.479,-0.336,-0.542,0.125,-0.563,-0.484,-0.229,-0.521,-0.527,0.418,0.778,-0.307,-0.434,-0.353,-0.296,0.559,-0.479,-0.295,0.388,-0.379,-0.418,-0.428,0.059,0.605,-0.478,-0.609,-0.126,-0.712,-0.741,-0.032,-0.447,-0.269,-0.679,-0.249,0.178,0.333,-0.753,-0.512,-0.478,-0.475,-0.345,-0.393,-0.724,-0.325,-0.204,-0.743,-0.574,-0.436,-0.334,-0.412,-0.574,-0.66,0.402,-0.379,0.21,-0.297,-0.277,0.509,0.064,-0.636,0.466,-0.106,-0.358,-0.112,-0.672,-0.694,0.391,-0.287,-0.617,-0.701,-0.624,-0.293,-0.299,0.148,0.208,-0.617,-0.518,-0.014,-0.286,-0.463,-0.142,-0.635,-0.625,0.225,-0.371,-0.449,-0.748,-0.52
ADUS,0.646,0.373,0.338,-0.539,0.0,0.294,0.494,0.013,0.41,0.167,0.8,-0.423,-0.317,-0.05,0.459,0.468,0.517,-0.371,0.153,0.554,0.563,-0.062,0.129,0.007,0.842,0.147,0.695,0.229,0.73,0.395,-0.098,0.392,0.499,0.382,0.034,0.447,0.042,0.325,-0.23,0.179,0.54,-0.186,0.058,0.704,0.412,-0.299,-0.05,0.268,-0.181,0.435,0.069,-0.573,0.126,-0.095,0.323,0.673,0.317,-0.055,0.299,0.641,0.836,0.246,0.236,0.104,0.434,0.286,-0.282,-0.106,0.288,0.18,0.639,-0.092,-0.105,0.081,0.07,0.268,-0.116,0.476,0.218,0.551,-0.238,0.158,0.125,0.598,0.161,0.242,0.516,-0.022,0.634,-0.335,0.506,0.666,-0.529,0.626,0.703,0.466,0.2,0.165,-0.248,0.357,0.457,0.45,0.024,0.094,-0.193,0.473,0.36,0.084,0.186,0.022,-0.035,-0.007,0.019,-0.103,0.247,0.183,0.199,0.073,-0.019,0.188,0.195,0.037,-0.491,-0.107,0.835,0.773,-0.084,-0.285,0.111,0.166,-0.169,0.666,0.102,0.485,-0.113,-0.767,0.103,0.322,0.521,0.515,0.594,0.572,-0.008,-0.179,0.303,0.573,-0.122,0.241,0.64,0.711,0.612,0.314,0.481,-0.065,0.424,0.761,0.025,0.704,0.275,0.065,-0.021,0.352,0.32,0.798,-0.018,0.071,0.181,0.265,-0.19,-0.228,-0.207,0.448,0.053,-0.306,-0.063,0.615,0.526,0.323,-0.507,0.663,0.397,0.334,0.777,-0.197,0.762,-0.42,-0.543,0.296,0.171,-0.204,0.07,0.048,-0.232,0.283,0.262,0.25,0.114,0.576,0.473,0.138
ADVM,0.596,0.776,0.914,-0.526,0.294,0.0,0.841,0.771,0.842,0.897,0.369,-0.305,-0.673,-0.519,-0.236,0.875,0.837,-0.082,0.725,0.777,0.632,-0.712,0.826,0.253,0.272,0.012,0.605,0.559,0.754,0.771,0.739,0.763,-0.446,0.877,-0.744,0.856,0.747,0.502,0.489,0.071,0.485,0.499,0.697,0.668,0.83,0.379,-0.794,-0.57,0.621,0.576,0.561,0.134,0.766,0.439,0.79,0.684,0.673,-0.853,-0.085,0.669,0.555,0.644,0.706,0.555,0.789,0.7,0.42,0.63,0.609,-0.136,0.693,0.715,-0.705,0.562,0.69,0.651,0.571,0.819,0.621,0.801,0.537,0.771,0.759,0.167,0.85,0.517,-0.479,0.749,0.381,0.582,0.847,0.723,-0.273,0.654,0.524,0.779,0.58,0.746,0.503,0.893,0.444,0.595,0.695,0.831,-0.014,0.251,0.783,0.838,0.906,0.46,0.788,0.82,0.755,0.623,0.896,0.006,0.882,0.775,0.106,0.806,0.862,-0.321,-0.587,0.746,0.28,0.055,0.727,-0.232,0.67,0.244,-0.036,0.169,0.855,0.808,0.37,-0.427,0.677,0.844,0.227,0.698,0.746,-0.192,0.717,0.661,0.703,-0.225,0.243,-0.485,0.795,0.657,0.497,0.607,-0.022,0.716,0.789,0.04,0.487,0.671,0.766,0.738,0.434,0.1,0.825,0.568,-0.286,0.842,-0.604,0.625,0.584,-0.722,0.595,0.775,-0.715,0.52,0.756,-0.198,0.725,0.757,0.228,0.158,0.773,0.763,0.391,0.738,-0.101,0.25,0.03,0.869,0.611,0.352,0.738,0.775,0.643,0.88,0.851,-0.552,0.343,0.651,0.853,0.796
AEIS,0.623,0.892,0.844,-0.62,0.494,0.841,0.0,0.763,0.838,0.87,0.549,-0.3,-0.791,-0.333,-0.161,0.909,0.946,-0.25,0.796,0.941,0.755,-0.709,0.806,0.418,0.334,-0.141,0.728,0.755,0.856,0.834,0.713,0.842,-0.303,0.804,-0.705,0.919,0.731,0.685,0.477,0.111,0.724,0.524,0.765,0.7,0.904,0.403,-0.565,-0.288,0.573,0.613,0.629,-0.016,0.792,0.468,0.91,0.819,0.775,-0.696,0.202,0.622,0.666,0.811,0.776,0.595,0.865,0.757,0.454,0.606,0.681,0.058,0.748,0.608,-0.515,0.467,0.743,0.775,0.592,0.936,0.534,0.913,0.5,0.785,0.763,0.289,0.846,0.613,-0.265,0.716,0.542,0.429,0.925,0.79,-0.367,0.766,0.685,0.837,0.749,0.7,0.426,0.939,0.629,0.542,0.726,0.802,-0.042,0.388,0.894,0.633,0.861,0.46,0.722,0.734,0.755,0.59,0.927,0.203,0.881,0.773,0.302,0.848,0.841,-0.306,-0.723,0.683,0.504,0.291,0.654,-0.27,0.579,0.406,-0.31,0.329,0.786,0.776,0.265,-0.462,0.749,0.824,0.284,0.854,0.892,0.127,0.73,0.612,0.759,0.127,0.321,-0.441,0.874,0.648,0.661,0.613,0.22,0.663,0.855,0.191,0.581,0.879,0.819,0.682,0.552,0.303,0.925,0.652,-0.187,0.852,-0.436,0.576,0.514,-0.66,0.387,0.885,-0.481,0.498,0.617,-0.095,0.815,0.858,0.027,0.379,0.884,0.823,0.702,0.634,0.063,0.17,-0.069,0.871,0.679,0.352,0.709,0.769,0.586,0.901,0.9,-0.439,0.494,0.666,0.909,0.837
AGNCM,0.297,0.86,0.73,-0.453,0.013,0.771,0.763,0.0,0.768,0.913,0.076,0.138,-0.679,-0.152,-0.44,0.798,0.796,0.011,0.841,0.699,0.437,-0.87,0.854,0.568,-0.163,-0.364,0.453,0.79,0.473,0.818,0.929,0.794,-0.733,0.784,-0.755,0.826,0.907,0.723,0.821,-0.181,0.487,0.813,0.914,0.314,0.734,0.743,-0.573,-0.549,0.899,0.662,0.734,0.347,0.912,0.732,0.815,0.498,0.796,-0.687,-0.181,0.407,0.201,0.758,0.827,0.803,0.753,0.674,0.75,0.887,0.697,0.023,0.525,0.849,-0.449,0.426,0.919,0.825,0.822,0.782,0.64,0.733,0.81,0.921,0.921,-0.178,0.913,0.423,-0.633,0.903,0.156,0.721,0.777,0.514,0.038,0.46,0.265,0.783,0.801,0.846,0.813,0.875,0.288,0.249,0.911,0.939,-0.112,0.352,0.859,0.656,0.894,0.589,0.944,0.936,0.932,0.891,0.892,0.12,0.888,0.909,0.454,0.936,0.914,-0.472,-0.498,0.921,0.01,-0.218,0.912,-0.211,0.706,0.57,-0.294,-0.173,0.917,0.642,0.383,-0.025,0.888,0.767,-0.179,0.7,0.654,-0.305,0.927,0.892,0.766,-0.221,0.305,-0.585,0.657,0.301,0.315,0.606,-0.089,0.923,0.816,-0.322,0.72,0.537,0.851,0.826,0.753,0.19,0.881,0.217,-0.286,0.921,-0.533,0.554,0.857,-0.555,0.538,0.759,-0.723,0.849,0.793,-0.534,0.64,0.824,0.295,-0.011,0.819,0.856,0.279,0.921,-0.413,0.486,0.458,0.882,0.767,0.671,0.794,0.93,0.831,0.9,0.888,-0.651,0.648,0.373,0.783,0.924
AHCO,0.461,0.866,0.796,-0.596,0.41,0.842,0.838,0.768,0.0,0.82,0.555,-0.146,-0.622,-0.179,0.027,0.903,0.885,-0.341,0.707,0.848,0.626,-0.658,0.724,0.504,0.361,-0.306,0.617,0.699,0.804,0.911,0.684,0.885,-0.364,0.826,-0.632,0.852,0.7,0.706,0.418,0.106,0.695,0.643,0.719,0.688,0.869,0.406,-0.586,-0.446,0.621,0.771,0.777,0.093,0.816,0.656,0.803,0.821,0.776,-0.606,0.013,0.691,0.635,0.784,0.821,0.664,0.933,0.695,0.362,0.6,0.77,0.17,0.839,0.607,-0.392,0.454,0.773,0.838,0.588,0.894,0.706,0.89,0.461,0.783,0.758,0.297,0.834,0.454,-0.258,0.636,0.603,0.449,0.885,0.696,-0.236,0.793,0.654,0.937,0.746,0.854,0.527,0.867,0.503,0.472,0.687,0.778,-0.269,0.378,0.845,0.612,0.876,0.65,0.756,0.726,0.743,0.647,0.857,0.235,0.875,0.819,0.367,0.849,0.871,-0.4,-0.583,0.704,0.495,0.302,0.681,-0.342,0.505,0.442,-0.289,0.31,0.808,0.853,0.008,-0.516,0.801,0.712,0.133,0.89,0.857,-0.026,0.689,0.683,0.859,0.059,0.33,-0.369,0.868,0.657,0.705,0.764,0.212,0.68,0.887,0.237,0.466,0.808,0.883,0.671,0.599,0.482,0.849,0.619,-0.379,0.793,-0.371,0.603,0.544,-0.667,0.33,0.918,-0.509,0.53,0.572,-0.122,0.854,0.737,-0.106,0.423,0.863,0.883,0.493,0.679,0.111,0.027,0.039,0.882,0.766,0.489,0.786,0.719,0.599,0.904,0.786,-0.467,0.602,0.727,0.913,0.831
ALGT,0.515,0.876,0.881,-0.538,0.167,0.897,0.87,0.913,0.82,0.0,0.209,-0.082,-0.778,-0.327,-0.406,0.906,0.885,-0.054,0.846,0.815,0.577,-0.879,0.883,0.462,0.037,-0.219,0.602,0.741,0.658,0.845,0.9,0.843,-0.644,0.881,-0.793,0.915,0.928,0.678,0.726,-0.085,0.532,0.691,0.889,0.505,0.813,0.618,-0.708,-0.565,0.819,0.631,0.673,0.212,0.908,0.603,0.886,0.649,0.838,-0.83,-0.08,0.593,0.414,0.738,0.831,0.712,0.817,0.743,0.647,0.838,0.704,-0.058,0.626,0.865,-0.596,0.461,0.874,0.8,0.747,0.863,0.594,0.837,0.759,0.92,0.912,-0.033,0.966,0.516,-0.584,0.904,0.287,0.713,0.88,0.688,-0.162,0.606,0.413,0.822,0.741,0.843,0.711,0.964,0.407,0.436,0.875,0.968,-0.035,0.372,0.9,0.823,0.965,0.504,0.927,0.948,0.921,0.815,0.964,0.092,0.933,0.891,0.309,0.937,0.959,-0.454,-0.592,0.905,0.136,-0.095,0.886,-0.286,0.751,0.463,-0.171,-0.043,0.956,0.755,0.412,-0.206,0.846,0.875,0.051,0.754,0.766,-0.242,0.883,0.837,0.795,-0.21,0.279,-0.626,0.795,0.46,0.405,0.629,-0.08,0.887,0.867,-0.187,0.633,0.647,0.863,0.847,0.662,0.16,0.927,0.377,-0.311,0.948,-0.629,0.617,0.79,-0.688,0.569,0.832,-0.772,0.747,0.834,-0.371,0.732,0.873,0.317,0.071,0.869,0.876,0.387,0.882,-0.29,0.436,0.283,0.93,0.745,0.536,0.826,0.935,0.799,0.959,0.959,-0.646,0.538,0.524,0.886,0.94
ALLO,0.405,0.386,0.415,-0.471,0.8,0.369,0.549,0.076,0.555,0.209,0.0,-0.551,-0.212,-0.151,0.579,0.478,0.506,-0.54,0.192,0.574,0.675,0.031,0.122,0.126,0.871,0.011,0.536,0.255,0.773,0.46,-0.068,0.409,0.367,0.376,-0.165,0.413,-0.021,0.275,-0.293,0.505,0.575,0.021,0.04,0.84,0.555,-0.307,-0.138,0.139,-0.167,0.421,0.337,-0.329,0.163,0.033,0.339,0.765,0.243,-0.1,0.295,0.564,0.831,0.436,0.275,0.088,0.567,0.357,-0.305,-0.132,0.32,0.232,0.715,-0.113,-0.093,0.12,0.097,0.321,-0.062,0.508,0.31,0.577,-0.249,0.139,0.092,0.788,0.201,0.355,0.48,-0.054,0.814,-0.267,0.507,0.523,-0.45,0.762,0.784,0.522,0.261,0.288,-0.253,0.37,0.548,0.604,-0.004,0.084,-0.218,0.297,0.338,0.166,0.322,0.194,0.034,-0.002,0.024,-0.128,0.316,0.235,0.311,0.184,0.014,0.234,0.234,0.056,-0.474,-0.053,0.921,0.849,-0.041,-0.188,0.039,0.038,-0.148,0.817,0.126,0.594,-0.35,-0.81,0.199,0.25,0.526,0.604,0.642,0.511,-0.009,-0.121,0.41,0.56,0.163,0.169,0.626,0.764,0.897,0.52,0.476,-0.087,0.415,0.865,-0.072,0.752,0.356,0.091,0.069,0.486,0.334,0.847,-0.149,0.165,0.076,0.317,-0.263,-0.317,-0.058,0.579,0.132,-0.223,-0.109,0.442,0.603,0.265,-0.587,0.776,0.413,0.37,0.669,-0.105,0.749,-0.631,-0.624,0.363,0.19,-0.063,0.256,0.021,-0.164,0.347,0.243,0.085,0.154,0.766,0.5,0.2
AMSF,-0.447,0.038,-0.323,0.272,-0.423,-0.305,-0.3,0.138,-0.146,-0.082,-0.551,0.0,0.099,0.739,-0.178,-0.108,-0.145,0.3,0.14,-0.185,-0.405,-0.19,-0.036,0.541,-0.597,-0.49,-0.354,0.249,-0.534,0.047,0.256,0.02,-0.293,-0.142,0.152,-0.122,0.212,0.341,0.441,-0.444,-0.027,0.341,0.26,-0.639,-0.288,0.58,0.418,0.04,0.447,0.237,0.211,0.309,0.218,0.559,-0.026,-0.27,0.131,0.395,-0.212,-0.243,-0.587,-0.064,0.168,0.44,-0.127,-0.024,0.435,0.391,0.164,0.412,-0.18,0.173,0.58,-0.224,0.308,0.241,0.408,-0.118,-0.089,-0.185,0.408,0.204,0.229,-0.616,0.011,-0.365,-0.121,0.142,-0.293,0.289,-0.187,-0.346,0.589,-0.383,-0.414,-0.028,0.31,0.167,0.568,-0.121,-0.186,-0.549,0.272,0.123,-0.237,0.153,0.045,-0.323,-0.122,0.18,0.19,0.155,0.237,0.461,-0.102,0.334,-0.057,0.154,0.528,0.122,0.033,-0.219,0.402,0.238,-0.42,-0.399,0.264,-0.095,-0.068,0.612,-0.322,-0.63,0.091,-0.256,-0.031,0.587,0.274,-0.202,-0.735,-0.055,-0.259,-0.106,0.229,0.378,0.083,-0.127,-0.044,0.027,-0.261,-0.5,-0.49,0.041,-0.058,0.309,-0.01,-0.541,0.334,-0.333,0.105,0.084,0.462,0.269,-0.019,-0.637,0.083,-0.009,0.37,-0.028,0.455,0.381,-0.164,-0.109,0.008,0.473,0.013,-0.412,-0.156,-0.058,0.109,-0.282,0.032,0.086,-0.268,0.236,-0.436,0.381,0.772,-0.044,0.284,0.567,0.085,0.174,0.306,-0.067,-0.1,-0.207,0.475,-0.478,-0.163,0.125
ANAB,-0.667,-0.841,-0.633,0.685,-0.317,-0.673,-0.791,-0.679,-0.622,-0.778,-0.212,0.099,0.0,0.121,0.363,-0.752,-0.839,0.316,-0.705,-0.808,-0.467,0.854,-0.694,-0.333,-0.074,0.281,-0.785,-0.755,-0.664,-0.713,-0.659,-0.837,0.298,-0.637,0.467,-0.825,-0.756,-0.719,-0.54,0.342,-0.636,-0.426,-0.776,-0.358,-0.636,-0.444,0.459,0.322,-0.586,-0.543,-0.425,0.218,-0.743,-0.453,-0.82,-0.628,-0.82,0.63,-0.205,-0.54,-0.416,-0.674,-0.705,-0.581,-0.67,-0.565,-0.495,-0.602,-0.731,0.059,-0.534,-0.534,0.416,-0.298,-0.751,-0.715,-0.484,-0.83,-0.416,-0.81,-0.565,-0.776,-0.769,0.052,-0.774,-0.43,0.377,-0.651,-0.239,-0.341,-0.813,-0.787,0.348,-0.604,-0.497,-0.712,-0.691,-0.563,-0.501,-0.832,-0.27,-0.117,-0.791,-0.764,0.248,-0.321,-0.848,-0.456,-0.697,-0.199,-0.657,-0.699,-0.769,-0.654,-0.796,-0.016,-0.775,-0.657,-0.331,-0.734,-0.737,0.5,0.738,-0.644,-0.202,-0.065,-0.577,0.439,-0.593,-0.455,0.513,-0.125,-0.691,-0.426,-0.301,0.274,-0.703,-0.748,0.007,-0.737,-0.774,0.053,-0.717,-0.636,-0.758,0.007,-0.155,0.595,-0.758,-0.384,-0.275,-0.366,-0.165,-0.686,-0.831,0.071,-0.606,-0.741,-0.681,-0.572,-0.595,-0.293,-0.842,-0.391,0.316,-0.698,0.37,-0.288,-0.591,0.625,-0.132,-0.718,0.519,-0.491,-0.561,0.122,-0.734,-0.887,-0.064,-0.098,-0.79,-0.785,-0.589,-0.581,0.095,-0.329,-0.132,-0.708,-0.734,-0.311,-0.472,-0.776,-0.534,-0.813,-0.855,0.489,-0.524,-0.279,-0.838,-0.792
ANDE,-0.361,-0.012,-0.485,0.048,-0.05,-0.519,-0.333,-0.152,-0.179,-0.327,-0.151,0.739,0.121,0.0,0.242,-0.214,-0.167,-0.153,-0.097,-0.144,-0.328,0.058,-0.355,0.435,-0.189,-0.596,-0.17,0.233,-0.351,0.021,-0.141,0.005,0.104,-0.303,0.453,-0.211,-0.068,0.355,0.059,-0.342,0.153,0.085,0.008,-0.477,-0.352,0.217,0.69,0.35,0.048,0.292,0.094,-0.092,-0.019,0.368,-0.171,-0.088,0.098,0.695,-0.035,-0.113,-0.305,-0.102,0.043,0.245,-0.15,-0.215,0.012,0.035,0.187,0.5,-0.094,-0.252,0.812,-0.475,0.108,0.183,0.039,-0.133,-0.162,-0.144,0.054,-0.018,-0.011,-0.283,-0.217,-0.467,0.391,-0.222,-0.069,-0.199,-0.207,-0.287,0.306,-0.15,-0.174,-0.007,0.193,-0.02,0.179,-0.258,-0.216,-0.561,0.016,-0.166,-0.536,0.325,-0.045,-0.609,-0.322,-0.055,-0.158,-0.212,-0.048,0.124,-0.302,0.355,-0.268,-0.099,0.493,-0.095,-0.208,-0.143,0.301,-0.145,-0.03,0.073,-0.124,-0.207,-0.286,0.549,-0.511,-0.212,-0.209,-0.302,-0.403,0.239,0.106,-0.382,-0.49,0.035,-0.108,0.242,-0.074,0.007,0.077,0.319,-0.163,0.247,-0.165,-0.357,-0.204,0.025,0.205,-0.032,-0.027,-0.084,0.061,-0.119,-0.049,-0.212,0.33,0.544,-0.153,-0.355,0.01,-0.317,0.647,-0.206,0.07,0.399,-0.558,-0.067,0.311,0.076,-0.389,-0.035,-0.072,-0.105,-0.383,0.06,0.011,0.041,0.012,-0.183,0.074,-0.102,0.415,-0.215,0.189,0.28,-0.15,-0.129,-0.141,-0.21,-0.271,0.081,0.484,-0.319,-0.179,-0.085
APLS,-0.092,-0.188,-0.182,0.029,0.459,-0.236,-0.161,-0.44,0.027,-0.406,0.579,-0.178,0.363,0.242,0.0,-0.105,-0.109,-0.425,-0.405,-0.042,0.091,0.502,-0.508,-0.072,0.668,-0.103,-0.047,-0.212,0.18,0.005,-0.519,-0.113,0.558,-0.208,0.322,-0.147,-0.46,-0.097,-0.678,0.549,0.279,-0.282,-0.436,0.323,-0.147,-0.457,0.284,0.528,-0.533,0.123,-0.036,-0.304,-0.283,-0.119,-0.256,0.239,-0.169,0.512,0.174,0.147,0.376,-0.246,-0.204,-0.174,0.037,-0.221,-0.679,-0.482,0.038,0.482,0.374,-0.55,0.453,-0.149,-0.348,-0.094,-0.361,-0.113,0.028,0.001,-0.581,-0.41,-0.442,0.488,-0.342,-0.272,0.74,-0.61,0.551,-0.513,-0.131,-0.065,-0.264,0.278,0.268,0.038,-0.169,-0.135,-0.437,-0.282,0.221,0.142,-0.532,-0.456,-0.424,0.173,-0.26,-0.385,-0.265,-0.117,-0.51,-0.521,-0.497,-0.432,-0.347,0.387,-0.307,-0.355,-0.054,-0.354,-0.292,-0.009,0.245,-0.496,0.639,0.771,-0.448,0.143,-0.572,-0.084,-0.012,0.511,-0.341,0.097,-0.621,-0.533,-0.222,-0.454,0.428,0.082,0.051,0.548,-0.582,-0.465,-0.083,0.433,-0.019,0.431,0.107,0.271,0.422,0.11,0.251,-0.53,-0.117,0.744,-0.553,0.149,-0.158,-0.494,-0.255,0.427,-0.257,0.378,-0.085,-0.446,0.452,-0.132,-0.572,0.038,-0.441,0.033,0.542,-0.513,-0.639,0.56,0.09,-0.404,-0.719,0.711,-0.114,-0.142,0.217,-0.571,0.777,-0.779,-0.423,-0.254,-0.09,-0.124,-0.133,-0.487,-0.565,-0.281,-0.432,0.211,0.023,0.336,-0.091,-0.326
APPF,0.627,0.91,0.872,-0.611,0.468,0.875,0.909,0.798,0.903,0.906,0.478,-0.108,-0.752,-0.214,-0.105,0.0,0.961,-0.199,0.795,0.908,0.672,-0.783,0.812,0.48,0.332,-0.211,0.713,0.754,0.818,0.923,0.765,0.899,-0.359,0.903,-0.647,0.958,0.816,0.753,0.526,-0.001,0.709,0.591,0.816,0.674,0.852,0.462,-0.608,-0.374,0.685,0.771,0.668,-0.003,0.88,0.608,0.896,0.857,0.859,-0.685,0.046,0.752,0.645,0.725,0.844,0.708,0.907,0.763,0.454,0.699,0.771,0.155,0.845,0.715,-0.464,0.429,0.814,0.842,0.653,0.934,0.604,0.94,0.559,0.87,0.852,0.178,0.897,0.496,-0.294,0.742,0.553,0.541,0.937,0.805,-0.312,0.75,0.634,0.927,0.782,0.844,0.589,0.955,0.579,0.495,0.774,0.872,-0.175,0.48,0.926,0.686,0.9,0.531,0.804,0.818,0.818,0.725,0.922,0.267,0.897,0.827,0.322,0.9,0.918,-0.449,-0.631,0.772,0.463,0.241,0.752,-0.368,0.619,0.517,-0.26,0.201,0.885,0.834,0.225,-0.478,0.817,0.838,0.163,0.883,0.871,0.021,0.755,0.713,0.848,0.026,0.215,-0.428,0.923,0.669,0.572,0.715,0.142,0.759,0.93,0.137,0.568,0.813,0.89,0.747,0.614,0.385,0.926,0.585,-0.256,0.84,-0.423,0.659,0.641,-0.68,0.37,0.902,-0.602,0.562,0.677,-0.087,0.848,0.83,0.044,0.362,0.913,0.906,0.62,0.709,0.048,0.203,0.093,0.914,0.786,0.481,0.786,0.827,0.666,0.939,0.887,-0.547,0.572,0.664,0.951,0.882
ASML,0.666,0.962,0.83,-0.711,0.517,0.837,0.946,0.796,0.885,0.885,0.506,-0.145,-0.839,-0.167,-0.109,0.961,0.0,-0.313,0.794,0.954,0.695,-0.812,0.784,0.466,0.337,-0.279,0.805,0.819,0.861,0.932,0.728,0.938,-0.309,0.845,-0.623,0.977,0.802,0.807,0.519,-0.039,0.804,0.574,0.824,0.653,0.845,0.446,-0.541,-0.294,0.65,0.763,0.641,-0.106,0.874,0.585,0.92,0.857,0.895,-0.651,0.134,0.719,0.657,0.778,0.85,0.703,0.91,0.732,0.448,0.669,0.828,0.125,0.831,0.645,-0.438,0.397,0.826,0.866,0.602,0.974,0.608,0.975,0.536,0.861,0.843,0.18,0.887,0.493,-0.262,0.715,0.544,0.421,0.961,0.855,-0.372,0.788,0.667,0.934,0.807,0.798,0.544,0.967,0.545,0.405,0.795,0.849,-0.247,0.496,0.952,0.606,0.87,0.461,0.761,0.778,0.813,0.703,0.916,0.242,0.895,0.798,0.354,0.887,0.892,-0.474,-0.723,0.73,0.502,0.298,0.694,-0.386,0.609,0.542,-0.412,0.258,0.84,0.774,0.209,-0.486,0.825,0.825,0.166,0.928,0.924,0.094,0.755,0.678,0.87,0.116,0.235,-0.466,0.95,0.647,0.603,0.649,0.211,0.729,0.959,0.169,0.579,0.895,0.875,0.687,0.64,0.429,0.961,0.626,-0.32,0.824,-0.392,0.546,0.598,-0.697,0.27,0.921,-0.547,0.534,0.609,-0.055,0.891,0.894,-0.055,0.407,0.945,0.928,0.7,0.657,0.102,0.168,0.053,0.893,0.818,0.454,0.71,0.824,0.6,0.941,0.915,-0.502,0.619,0.619,0.977,0.891
ATRC,-0.272,-0.301,-0.018,0.578,-0.371,-0.082,-0.25,0.011,-0.341,-0.054,-0.54,0.3,0.316,-0.153,-0.425,-0.199,-0.313,0.0,0.072,-0.376,-0.184,0.087,0.11,-0.055,-0.457,0.486,-0.454,-0.243,-0.528,-0.318,0.163,-0.424,-0.278,-0.049,-0.082,-0.21,0.068,-0.257,0.319,-0.113,-0.519,-0.087,-0.011,-0.359,-0.26,0.248,-0.014,-0.014,0.159,-0.222,-0.257,0.499,-0.099,-0.167,-0.197,-0.445,-0.273,-0.024,-0.435,-0.269,-0.463,-0.353,-0.22,0.01,-0.418,-0.055,0.266,0.232,-0.452,-0.198,-0.416,0.273,-0.086,0.081,-0.108,-0.288,0.248,-0.36,-0.262,-0.426,0.282,-0.014,0.027,-0.425,-0.082,-0.029,-0.284,0.247,-0.469,0.42,-0.313,-0.383,0.446,-0.588,-0.602,-0.391,-0.21,-0.11,0.207,-0.167,-0.074,0.109,-0.028,0.034,0.619,-0.001,-0.236,0.147,-0.11,-0.005,0.084,0.136,-0.033,0.084,-0.122,-0.032,-0.205,-0.094,-0.247,-0.064,-0.093,0.336,0.443,0.141,-0.541,-0.634,0.152,0.354,0.144,0.011,0.536,-0.646,0.045,-0.11,0.606,0.599,-0.197,0.04,-0.172,-0.517,-0.517,-0.22,0.08,0.043,-0.439,-0.429,-0.187,0.175,-0.421,-0.244,-0.565,-0.169,-0.519,0.151,-0.357,-0.567,0.239,-0.585,-0.234,0.191,-0.176,-0.594,-0.209,-0.502,0.576,0.039,-0.032,0.11,0.26,0.43,0.517,-0.406,-0.208,0.196,0.297,-0.306,-0.49,-0.218,0.74,-0.526,-0.271,-0.317,-0.429,0.137,-0.548,0.519,0.39,-0.105,-0.361,0.066,-0.002,0.051,0.223,-0.235,-0.109,0.054,-0.297,-0.298,-0.4,-0.15
AVGO,0.354,0.825,0.721,-0.392,0.153,0.725,0.796,0.841,0.707,0.846,0.192,0.14,-0.705,-0.097,-0.405,0.795,0.794,0.072,0.0,0.762,0.567,-0.765,0.793,0.654,-0.046,-0.216,0.485,0.786,0.503,0.752,0.88,0.767,-0.548,0.74,-0.682,0.798,0.846,0.742,0.78,-0.118,0.539,0.681,0.855,0.358,0.718,0.668,-0.431,-0.397,0.813,0.619,0.696,0.287,0.849,0.639,0.835,0.591,0.751,-0.591,-0.058,0.472,0.295,0.763,0.796,0.775,0.71,0.714,0.74,0.832,0.637,0.123,0.534,0.779,-0.337,0.391,0.854,0.811,0.807,0.786,0.463,0.729,0.782,0.903,0.896,-0.055,0.849,0.583,-0.47,0.864,0.29,0.657,0.774,0.545,0.132,0.483,0.386,0.717,0.794,0.794,0.701,0.856,0.428,0.364,0.854,0.88,-0.009,0.389,0.842,0.602,0.822,0.525,0.854,0.858,0.871,0.8,0.872,0.256,0.838,0.82,0.456,0.888,0.829,-0.277,-0.471,0.835,0.146,-0.092,0.797,-0.25,0.668,0.624,-0.263,-0.039,0.832,0.634,0.431,-0.034,0.827,0.781,-0.155,0.714,0.674,-0.077,0.866,0.795,0.727,-0.039,0.28,-0.386,0.655,0.377,0.339,0.66,0.047,0.854,0.762,-0.195,0.821,0.609,0.815,0.817,0.735,0.273,0.859,0.246,-0.072,0.866,-0.286,0.561,0.779,-0.35,0.511,0.749,-0.566,0.764,0.744,-0.422,0.67,0.809,0.256,0.043,0.823,0.795,0.412,0.811,-0.305,0.399,0.338,0.85,0.672,0.603,0.757,0.871,0.769,0.836,0.849,-0.553,0.594,0.401,0.753,0.87
AVT,0.647,0.918,0.778,-0.666,0.554,0.777,0.941,0.699,0.848,0.815,0.574,-0.185,-0.808,-0.144,-0.042,0.908,0.954,-0.376,0.762,0.0,0.731,-0.72,0.723,0.474,0.403,-0.255,0.791,0.801,0.868,0.871,0.658,0.909,-0.183,0.79,-0.57,0.913,0.714,0.781,0.427,0.036,0.814,0.495,0.763,0.681,0.875,0.382,-0.444,-0.248,0.572,0.704,0.663,-0.12,0.814,0.541,0.907,0.875,0.831,-0.587,0.296,0.71,0.706,0.812,0.815,0.651,0.89,0.737,0.41,0.587,0.766,0.186,0.825,0.577,-0.372,0.336,0.762,0.84,0.562,0.968,0.486,0.952,0.46,0.789,0.763,0.318,0.819,0.567,-0.142,0.646,0.635,0.365,0.932,0.838,-0.348,0.817,0.753,0.876,0.796,0.745,0.443,0.906,0.596,0.464,0.72,0.776,-0.217,0.443,0.921,0.535,0.804,0.459,0.683,0.695,0.76,0.615,0.884,0.252,0.869,0.767,0.398,0.833,0.817,-0.363,-0.704,0.649,0.568,0.383,0.62,-0.417,0.531,0.51,-0.432,0.362,0.764,0.763,0.121,-0.502,0.778,0.768,0.189,0.927,0.941,0.189,0.69,0.602,0.831,0.23,0.271,-0.366,0.912,0.659,0.65,0.652,0.343,0.641,0.893,0.268,0.538,0.922,0.84,0.634,0.628,0.501,0.914,0.662,-0.297,0.775,-0.279,0.568,0.506,-0.627,0.195,0.916,-0.419,0.468,0.516,-0.002,0.906,0.843,-0.113,0.48,0.918,0.865,0.744,0.584,0.176,0.097,-0.054,0.831,0.755,0.377,0.662,0.756,0.53,0.888,0.852,-0.399,0.595,0.65,0.941,0.841
AXDX,0.447,0.618,0.671,-0.351,0.563,0.632,0.755,0.437,0.626,0.577,0.675,-0.405,-0.467,-0.328,0.091,0.672,0.695,-0.184,0.567,0.731,0.0,-0.373,0.486,0.195,0.528,0.049,0.553,0.544,0.749,0.592,0.396,0.555,-0.036,0.62,-0.586,0.688,0.425,0.46,0.194,0.377,0.581,0.289,0.473,0.692,0.677,0.117,-0.328,-0.023,0.252,0.479,0.444,0.013,0.508,0.165,0.568,0.734,0.506,-0.451,0.205,0.551,0.632,0.576,0.494,0.37,0.609,0.473,0.126,0.332,0.45,-0.048,0.683,0.343,-0.367,0.365,0.426,0.488,0.308,0.68,0.351,0.714,0.231,0.503,0.465,0.379,0.562,0.526,0.034,0.4,0.558,0.251,0.633,0.619,-0.324,0.624,0.546,0.606,0.478,0.503,0.173,0.646,0.528,0.708,0.407,0.486,-0.005,0.294,0.589,0.555,0.611,0.266,0.417,0.432,0.41,0.281,0.635,0.179,0.591,0.434,-0.063,0.546,0.516,-0.056,-0.528,0.401,0.59,0.395,0.367,-0.15,0.446,0.192,-0.139,0.426,0.535,0.748,0.187,-0.49,0.435,0.563,0.381,0.634,0.71,0.238,0.378,0.269,0.543,0.206,0.383,-0.107,0.709,0.728,0.72,0.421,0.125,0.33,0.595,0.363,0.342,0.719,0.488,0.36,0.337,0.196,0.656,0.662,-0.214,0.567,-0.281,0.396,0.159,-0.494,0.319,0.67,-0.2,0.232,0.285,0.136,0.706,0.55,-0.036,0.48,0.631,0.546,0.542,0.32,0.264,-0.082,-0.206,0.562,0.41,0.21,0.484,0.475,0.298,0.613,0.6,-0.18,0.256,0.716,0.646,0.529
AXSM,-0.491,-0.874,-0.658,0.563,-0.062,-0.712,-0.709,-0.87,-0.658,-0.879,0.031,-0.19,0.854,0.058,0.502,-0.783,-0.812,0.087,-0.765,-0.72,-0.373,0.0,-0.782,-0.459,0.168,0.407,-0.616,-0.814,-0.485,-0.789,-0.855,-0.846,0.596,-0.728,0.595,-0.84,-0.923,-0.781,-0.783,0.42,-0.532,-0.645,-0.927,-0.197,-0.609,-0.686,0.518,0.478,-0.857,-0.65,-0.557,-0.051,-0.896,-0.668,-0.811,-0.502,-0.877,0.688,0.062,-0.48,-0.192,-0.655,-0.791,-0.774,-0.68,-0.599,-0.694,-0.851,-0.776,0.066,-0.495,-0.787,0.426,-0.305,-0.908,-0.796,-0.698,-0.792,-0.499,-0.76,-0.793,-0.92,-0.922,0.31,-0.886,-0.308,0.604,-0.835,-0.083,-0.613,-0.776,-0.636,0.14,-0.454,-0.245,-0.75,-0.776,-0.763,-0.809,-0.864,-0.179,-0.056,-0.948,-0.924,0.245,-0.358,-0.888,-0.591,-0.797,-0.386,-0.869,-0.9,-0.929,-0.898,-0.841,-0.031,-0.838,-0.813,-0.376,-0.868,-0.858,0.639,0.586,-0.866,0.046,0.229,-0.829,0.419,-0.734,-0.595,0.45,0.234,-0.869,-0.483,-0.391,0.049,-0.843,-0.766,0.236,-0.697,-0.667,0.297,-0.886,-0.857,-0.802,0.231,-0.163,0.678,-0.695,-0.258,-0.124,-0.441,0.061,-0.902,-0.862,0.36,-0.721,-0.551,-0.779,-0.732,-0.749,-0.223,-0.874,-0.178,0.37,-0.816,0.514,-0.405,-0.852,0.627,-0.32,-0.707,0.738,-0.765,-0.723,0.364,-0.683,-0.88,-0.264,0.054,-0.814,-0.865,-0.336,-0.824,0.371,-0.566,-0.474,-0.79,-0.83,-0.573,-0.619,-0.945,-0.752,-0.877,-0.906,0.668,-0.638,-0.196,-0.813,-0.908
AZN,0.466,0.779,0.793,-0.391,0.129,0.826,0.806,0.854,0.724,0.883,0.122,-0.036,-0.694,-0.355,-0.508,0.812,0.784,0.11,0.793,0.723,0.486,-0.782,0.0,0.414,-0.086,-0.042,0.49,0.665,0.544,0.702,0.851,0.715,-0.545,0.764,-0.719,0.794,0.815,0.583,0.693,-0.16,0.407,0.599,0.833,0.397,0.79,0.61,-0.666,-0.59,0.787,0.522,0.574,0.248,0.826,0.555,0.857,0.542,0.669,-0.786,-0.008,0.476,0.311,0.717,0.771,0.584,0.703,0.726,0.695,0.746,0.5,-0.036,0.47,0.814,-0.578,0.472,0.778,0.677,0.738,0.795,0.496,0.705,0.671,0.827,0.839,-0.025,0.862,0.568,-0.581,0.861,0.2,0.714,0.775,0.61,-0.091,0.437,0.387,0.684,0.699,0.698,0.646,0.864,0.443,0.361,0.828,0.875,0.188,0.217,0.819,0.7,0.837,0.589,0.873,0.88,0.852,0.761,0.898,0.048,0.871,0.843,0.294,0.877,0.869,-0.229,-0.602,0.845,0.076,-0.147,0.818,-0.229,0.655,0.4,-0.159,-0.045,0.859,0.632,0.46,-0.088,0.731,0.873,-0.034,0.615,0.62,-0.216,0.877,0.79,0.625,-0.22,0.259,-0.533,0.619,0.442,0.281,0.489,0.032,0.834,0.739,-0.225,0.678,0.551,0.766,0.803,0.55,0.072,0.842,0.285,-0.105,0.918,-0.565,0.612,0.755,-0.544,0.573,0.682,-0.682,0.695,0.849,-0.372,0.56,0.805,0.416,-0.047,0.743,0.716,0.371,0.839,-0.368,0.546,0.231,0.829,0.639,0.441,0.73,0.844,0.835,0.857,0.872,-0.479,0.401,0.408,0.753,0.828
BANR,-0.154,0.575,0.277,-0.18,0.007,0.253,0.418,0.568,0.504,0.462,0.126,0.541,-0.333,0.435,-0.072,0.48,0.466,-0.055,0.654,0.474,0.195,-0.459,0.414,0.0,-0.18,-0.601,0.115,0.685,0.147,0.6,0.612,0.575,-0.462,0.359,-0.379,0.432,0.564,0.745,0.571,-0.056,0.441,0.656,0.629,0.056,0.428,0.738,-0.016,-0.156,0.671,0.616,0.772,0.311,0.622,0.812,0.587,0.409,0.561,-0.01,-0.015,0.195,0.048,0.609,0.681,0.692,0.566,0.6,0.628,0.674,0.514,0.576,0.364,0.473,0.317,0.095,0.719,0.756,0.774,0.498,0.291,0.445,0.633,0.626,0.62,-0.04,0.56,0.211,-0.128,0.529,0.317,0.441,0.485,0.133,0.403,0.368,0.244,0.543,0.794,0.662,0.668,0.49,0.364,0.027,0.605,0.563,-0.231,0.422,0.581,0.127,0.507,0.612,0.612,0.525,0.632,0.65,0.517,0.523,0.515,0.675,0.782,0.658,0.562,-0.293,-0.114,0.564,0.131,0.027,0.63,-0.206,0.188,0.803,-0.409,-0.147,0.51,0.364,-0.114,0.141,0.768,0.285,-0.372,0.592,0.409,0.126,0.605,0.682,0.589,0.169,0.262,-0.237,0.361,0.045,0.245,0.67,0.261,0.619,0.512,-0.152,0.56,0.365,0.689,0.546,0.775,0.598,0.521,-0.03,-0.024,0.556,0.158,0.441,0.61,0.007,0.131,0.612,-0.161,0.713,0.303,-0.484,0.401,0.452,-0.094,0.14,0.597,0.617,0.288,0.569,-0.238,0.145,0.454,0.596,0.591,0.724,0.67,0.545,0.566,0.53,0.457,-0.431,0.8,0.21,0.448,0.642
BBIO,0.525,0.173,0.292,-0.415,0.842,0.272,0.334,-0.163,0.361,0.037,0.871,-0.597,-0.074,-0.189,0.668,0.332,0.337,-0.457,-0.046,0.403,0.528,0.168,-0.086,-0.18,0.0,0.229,0.532,-0.011,0.693,0.265,-0.28,0.228,0.575,0.309,0.088,0.27,-0.169,0.063,-0.47,0.427,0.424,-0.275,-0.181,0.792,0.343,-0.538,-0.089,0.218,-0.371,0.301,0.026,-0.487,-0.04,-0.224,0.095,0.607,0.104,-0.036,0.223,0.616,0.836,0.101,0.056,-0.067,0.345,0.132,-0.55,-0.318,0.198,0.109,0.64,-0.232,-0.143,0.025,-0.143,0.082,-0.315,0.304,0.207,0.418,-0.43,-0.054,-0.101,0.741,-0.011,0.169,0.578,-0.24,0.695,-0.419,0.332,0.514,-0.558,0.598,0.667,0.356,-0.028,0.091,-0.439,0.183,0.362,0.596,-0.217,-0.093,-0.217,0.274,0.141,0.104,0.111,-0.06,-0.192,-0.175,-0.187,-0.304,0.096,0.081,0.091,-0.064,-0.217,-0.005,0.042,0.102,-0.303,-0.256,0.846,0.816,-0.241,-0.174,-0.016,-0.143,0.026,0.785,-0.03,0.478,-0.266,-0.886,-0.072,0.149,0.629,0.389,0.5,0.472,-0.239,-0.354,0.211,0.483,-0.082,0.357,0.536,0.726,0.696,0.313,0.351,-0.27,0.26,0.889,-0.256,0.582,0.115,-0.091,-0.182,0.31,0.131,0.851,-0.118,-0.09,0.147,0.218,-0.406,-0.256,-0.167,0.344,0.135,-0.485,-0.192,0.679,0.475,0.082,-0.563,0.716,0.225,0.181,0.569,-0.32,0.868,-0.628,-0.703,0.152,0.014,-0.322,0.006,-0.148,-0.386,0.141,0.055,0.233,-0.063,0.662,0.347,-0.041
BCYC,0.213,-0.43,0.0,0.281,0.147,0.012,-0.141,-0.364,-0.306,-0.219,0.011,-0.49,0.281,-0.596,-0.103,-0.211,-0.279,0.486,-0.216,-0.255,0.049,0.407,-0.042,-0.601,0.229,0.0,-0.078,-0.565,-0.055,-0.465,-0.322,-0.467,0.371,-0.044,0.119,-0.256,-0.361,-0.584,-0.294,0.175,-0.478,-0.579,-0.429,0.17,-0.092,-0.495,-0.109,0.03,-0.407,-0.462,-0.521,-0.058,-0.434,-0.707,-0.298,-0.223,-0.513,-0.135,-0.006,-0.042,0.099,-0.347,-0.456,-0.499,-0.365,-0.096,-0.264,-0.395,-0.629,-0.432,-0.248,-0.127,-0.405,0.089,-0.546,-0.587,-0.361,-0.32,-0.254,-0.312,-0.363,-0.365,-0.349,0.265,-0.331,0.186,0.086,-0.17,-0.151,-0.155,-0.262,-0.013,-0.122,-0.279,-0.077,-0.432,-0.549,-0.411,-0.493,-0.243,0.013,0.433,-0.418,-0.298,0.677,-0.29,-0.369,0.146,-0.27,-0.219,-0.294,-0.243,-0.405,-0.487,-0.233,-0.392,-0.278,-0.362,-0.622,-0.348,-0.318,0.65,0.09,-0.348,-0.037,-0.064,-0.314,0.266,0.051,-0.554,0.626,0.137,-0.28,-0.061,0.409,-0.089,-0.58,0.046,0.355,-0.473,-0.307,0.035,-0.308,-0.473,-0.535,-0.076,-0.226,0.406,-0.264,0.169,-0.148,-0.294,-0.092,-0.355,-0.41,0.149,-0.175,-0.25,-0.42,-0.108,-0.635,-0.622,-0.326,0.121,0.432,-0.218,-0.04,0.058,-0.363,0.24,0.266,-0.416,0.048,-0.477,0.047,0.32,-0.344,-0.285,0.326,-0.178,-0.423,-0.49,-0.094,-0.296,0.11,0.037,-0.475,-0.254,-0.623,-0.593,-0.348,-0.324,-0.286,-0.324,-0.229,0.439,-0.768,-0.006,-0.324,-0.45
BHFAP,0.859,0.734,0.576,-0.837,0.695,0.605,0.728,0.453,0.617,0.602,0.536,-0.354,-0.785,-0.17,-0.047,0.713,0.805,-0.454,0.485,0.791,0.553,-0.616,0.49,0.115,0.532,-0.078,0.0,0.553,0.834,0.654,0.327,0.761,0.092,0.656,-0.217,0.749,0.494,0.592,0.226,-0.236,0.629,0.146,0.499,0.632,0.634,0.011,-0.37,-0.185,0.288,0.566,0.262,-0.538,0.52,0.18,0.635,0.709,0.685,-0.522,0.237,0.728,0.735,0.576,0.563,0.407,0.662,0.488,0.132,0.3,0.623,-0.08,0.664,0.353,-0.469,0.153,0.491,0.557,0.146,0.765,0.433,0.813,0.204,0.589,0.559,0.315,0.567,0.429,-0.042,0.408,0.423,-0.033,0.789,0.918,-0.528,0.708,0.679,0.708,0.466,0.5,0.151,0.72,0.246,0.286,0.535,0.542,-0.271,0.418,0.731,0.416,0.542,0.149,0.418,0.46,0.503,0.349,0.615,-0.099,0.611,0.463,0.127,0.559,0.569,-0.32,-0.807,0.355,0.511,0.387,0.304,-0.543,0.581,0.292,-0.388,0.422,0.481,0.503,0.149,-0.621,0.473,0.694,0.203,0.742,0.818,0.13,0.469,0.279,0.688,0.288,-0.065,-0.231,0.833,0.625,0.494,0.399,0.347,0.41,0.78,0.362,0.367,0.84,0.573,0.441,0.352,0.34,0.678,0.728,-0.37,0.454,-0.21,0.343,0.285,-0.553,-0.057,0.668,-0.43,0.099,0.381,0.318,0.794,0.762,-0.235,0.38,0.678,0.708,0.734,0.288,0.376,-0.001,-0.267,0.615,0.52,-0.001,0.247,0.54,0.183,0.691,0.712,-0.161,0.334,0.447,0.808,0.567
BKR,0.307,0.919,0.549,-0.49,0.229,0.559,0.755,0.79,0.699,0.741,0.255,0.249,-0.755,0.233,-0.212,0.754,0.819,-0.243,0.786,0.801,0.544,-0.814,0.665,0.685,-0.011,-0.565,0.553,0.0,0.528,0.846,0.755,0.858,-0.425,0.624,-0.542,0.796,0.799,0.933,0.678,-0.199,0.734,0.671,0.897,0.242,0.655,0.684,-0.203,-0.191,0.748,0.79,0.721,0.085,0.864,0.763,0.802,0.652,0.866,-0.373,0.087,0.457,0.269,0.788,0.825,0.822,0.718,0.6,0.599,0.768,0.816,0.216,0.595,0.578,-0.083,0.192,0.905,0.896,0.714,0.84,0.444,0.792,0.705,0.863,0.851,-0.108,0.791,0.325,-0.22,0.688,0.315,0.464,0.752,0.549,-0.091,0.555,0.378,0.806,0.916,0.745,0.715,0.801,0.347,0.13,0.875,0.799,-0.357,0.463,0.896,0.351,0.718,0.439,0.753,0.725,0.837,0.813,0.794,0.313,0.78,0.78,0.529,0.848,0.754,-0.475,-0.542,0.734,0.25,0.076,0.705,-0.405,0.533,0.748,-0.656,-0.008,0.751,0.535,0.127,-0.116,0.872,0.614,-0.191,0.819,0.766,0.076,0.808,0.754,0.843,0.104,0.309,-0.431,0.712,0.337,0.393,0.551,0.164,0.776,0.858,-0.117,0.744,0.701,0.776,0.595,0.858,0.507,0.872,0.265,-0.274,0.744,-0.204,0.419,0.7,-0.462,0.171,0.808,-0.417,0.726,0.462,-0.295,0.762,0.848,-0.027,0.223,0.885,0.876,0.53,0.673,-0.147,0.313,0.388,0.746,0.86,0.644,0.641,0.823,0.649,0.822,0.802,-0.529,0.828,0.346,0.784,0.864
BLDP,0.766,0.742,0.747,-0.734,0.73,0.754,0.856,0.473,0.804,0.658,0.773,-0.534,-0.664,-0.351,0.18,0.818,0.861,-0.528,0.503,0.868,0.749,-0.485,0.544,0.147,0.693,-0.055,0.834,0.528,0.0,0.745,0.359,0.764,0.053,0.715,-0.443,0.807,0.448,0.515,0.078,0.218,0.747,0.26,0.464,0.879,0.805,0.009,-0.519,-0.175,0.235,0.56,0.441,-0.337,0.564,0.24,0.707,0.882,0.641,-0.57,0.289,0.754,0.891,0.633,0.602,0.342,0.824,0.568,0.037,0.249,0.638,0.044,0.845,0.323,-0.488,0.366,0.468,0.59,0.208,0.843,0.532,0.891,0.101,0.534,0.498,0.543,0.63,0.493,0.029,0.373,0.706,0.081,0.845,0.884,-0.602,0.866,0.842,0.803,0.507,0.543,0.096,0.777,0.565,0.559,0.431,0.533,-0.222,0.334,0.72,0.523,0.68,0.302,0.428,0.443,0.467,0.288,0.717,0.122,0.702,0.526,0.077,0.6,0.643,-0.282,-0.761,0.372,0.75,0.603,0.341,-0.357,0.398,0.176,-0.25,0.629,0.557,0.745,-0.004,-0.798,0.502,0.666,0.485,0.825,0.9,0.253,0.397,0.294,0.693,0.28,0.194,-0.258,0.917,0.806,0.794,0.531,0.347,0.338,0.783,0.564,0.217,0.931,0.656,0.416,0.285,0.395,0.74,0.883,-0.343,0.561,-0.327,0.45,0.165,-0.699,0.122,0.806,-0.318,0.106,0.351,0.274,0.841,0.67,-0.29,0.613,0.728,0.702,0.747,0.311,0.469,-0.189,-0.4,0.686,0.558,0.077,0.489,0.486,0.244,0.744,0.688,-0.225,0.322,0.766,0.869,0.598
BLFS,0.467,0.946,0.752,-0.63,0.395,0.771,0.834,0.818,0.911,0.845,0.46,0.047,-0.713,0.021,0.005,0.923,0.932,-0.318,0.752,0.871,0.592,-0.789,0.702,0.6,0.265,-0.465,0.654,0.846,0.745,0.0,0.744,0.939,-0.423,0.816,-0.619,0.918,0.805,0.854,0.547,-0.003,0.799,0.694,0.836,0.563,0.788,0.545,-0.453,-0.313,0.721,0.867,0.779,0.024,0.912,0.762,0.856,0.821,0.892,-0.529,0.006,0.662,0.533,0.756,0.871,0.807,0.927,0.702,0.458,0.723,0.894,0.234,0.849,0.646,-0.267,0.332,0.878,0.924,0.674,0.92,0.651,0.933,0.579,0.868,0.85,0.102,0.884,0.338,-0.24,0.68,0.533,0.478,0.893,0.701,-0.264,0.775,0.55,0.97,0.856,0.891,0.671,0.906,0.498,0.34,0.79,0.847,-0.404,0.533,0.918,0.558,0.873,0.548,0.795,0.779,0.821,0.773,0.864,0.357,0.869,0.848,0.467,0.898,0.9,-0.579,-0.564,0.758,0.444,0.256,0.763,-0.373,0.542,0.643,-0.44,0.134,0.858,0.785,0.047,-0.424,0.897,0.684,0.043,0.932,0.87,0.049,0.748,0.754,0.911,0.09,0.263,-0.451,0.903,0.552,0.596,0.745,0.161,0.76,0.957,0.11,0.54,0.799,0.922,0.685,0.738,0.557,0.912,0.512,-0.4,0.793,-0.343,0.564,0.655,-0.666,0.251,0.946,-0.547,0.636,0.539,-0.169,0.873,0.806,-0.112,0.436,0.933,0.963,0.542,0.705,0.056,0.123,0.228,0.886,0.889,0.628,0.784,0.816,0.625,0.922,0.84,-0.602,0.755,0.601,0.933,0.91
BLKB,0.227,0.79,0.709,-0.271,-0.098,0.739,0.713,0.929,0.684,0.9,-0.068,0.256,-0.659,-0.141,-0.519,0.765,0.728,0.163,0.88,0.658,0.396,-0.855,0.851,0.612,-0.28,-0.322,0.327,0.755,0.359,0.744,0.0,0.733,-0.774,0.731,-0.771,0.777,0.945,0.69,0.876,-0.175,0.437,0.79,0.933,0.192,0.653,0.833,-0.537,-0.522,0.939,0.579,0.704,0.465,0.909,0.739,0.817,0.434,0.767,-0.671,-0.144,0.341,0.092,0.681,0.79,0.812,0.669,0.663,0.832,0.943,0.644,0.052,0.444,0.891,-0.392,0.446,0.914,0.799,0.9,0.723,0.488,0.651,0.892,0.914,0.919,-0.291,0.905,0.427,-0.693,0.929,0.112,0.845,0.71,0.432,0.14,0.353,0.17,0.684,0.792,0.807,0.872,0.835,0.343,0.247,0.906,0.947,0.007,0.301,0.817,0.657,0.862,0.559,0.938,0.954,0.945,0.921,0.879,0.219,0.857,0.874,0.471,0.91,0.899,-0.436,-0.343,0.962,-0.102,-0.318,0.931,-0.173,0.65,0.593,-0.218,-0.302,0.931,0.594,0.474,0.129,0.873,0.731,-0.216,0.618,0.562,-0.296,0.92,0.939,0.694,-0.303,0.348,-0.585,0.569,0.202,0.167,0.544,-0.156,0.949,0.734,-0.454,0.772,0.43,0.81,0.819,0.757,0.129,0.851,0.056,-0.161,0.93,-0.492,0.529,0.913,-0.48,0.577,0.693,-0.688,0.921,0.819,-0.594,0.562,0.765,0.458,-0.107,0.789,0.778,0.195,0.944,-0.542,0.616,0.565,0.828,0.743,0.714,0.824,0.94,0.916,0.845,0.852,-0.685,0.622,0.295,0.709,0.918
