,ABAT,ACLS,ACMR,ADMA,ADUS,ADVM,AEIS,AGNCM,AHCO,ALGT,ALLO,AMSF,ANAB,ANDE,APLS,APPF,ASML,ATRC,AVGO,AVT,AXDX,AXSM,AZN,BANR,BBIO,BCYC,BHFAP,BKR,BLDP,BLFS,BLKB,BLMN,BNTX,BPMC,CALM,CAMT,CASH,CATY,CCEP,CDLX,CDNS,CENN,CENX,CGC,CHDN,CLBK,COKE,COLB,COO,CORT,CRMT,CRNX,CRTO,CRVL,CSCO,CSQ,CSWI,CVBF,CWST,CYCC,CZR,DLTR,DORM,ENTA,EQIX,ERIC,EVRG,EWBC,EXAS,EXLS,EXPI,EYE,FBNC,FBRX,FCNCA,FELE,FIBK,FLEX,FRGT,FRHC,FRME,FWONA,FWONK,GDEN,GIII,GILD,GLNG,GNTX,GOOGL,GRPN,HCSG,HIMX,HOPE,HST,HTLD,HUT,HWC,ICUI,IESC,INTC,INTU,IOVA,IPAR,IPGP,ISRG,JBSS,KALU,KPRX,KRNT,LAUR,LBRDA,LBTYK,LECO,LILAK,LITE,MANH,MDXG,MFIC,MGEE,MIDD,MLAB,MMSI,MNKD,MOMO,MRVL,NICE,NMFC,NUWE,NVCR,NWBI,OFIX,OFLX,OMCL,OPK,ORKA,ORLY,OTTR,PDD,PNTG,POOL,POWL,PPBI,PPC,PRAA,PRPL,PZZA,QTRX,QURE,RDFN,RDHL,REAL,REG,REYN,RGLD,RIOT,RUN,RYTM,SAIA,SBAC,SBRA,SCVL,SHOO,SLAB,SLDB,SMCI,SMTC,SRCE,SSP,SSRM,STBA,STRO,SVC,SYBT,TCBI,TCOM,TENX,TH,TMUS,TNDM,TTD,TTMI,UAL,ULH,ULTA,VCYT,VIRT,VKTX,VOD,VRDN,VREX,VRNT,VSAT,WB,WBD,WDC,WEN,WSFS,XXII,Z,ZBRA
ABAT,0.0,0.638,0.2,-0.189,0.578,0.387,0.515,0.364,-0.234,0.328,0.293,0.423,-0.151,0.548,0.784,0.533,0.267,0.569,0.315,0.512,0.567,0.043,0.525,0.503,0.567,0.35,0.095,0.553,0.769,0.409,0.347,0.516,0.763,0.028,0.502,0.541,0.718,0.718,0.401,0.239,0.364,0.477,0.602,-0.229,0.312,0.643,-0.474,0.702,-0.355,0.148,0.667,0.052,0.516,0.013,0.244,0.386,0.426,0.659,-0.129,0.204,0.717,-0.12,0.172,0.317,0.242,0.481,0.611,0.743,0.435,0.406,0.473,0.625,0.688,-0.078,0.476,0.523,0.759,0.446,0.067,0.521,0.627,0.525,0.542,0.506,0.596,0.218,0.551,0.688,0.267,-0.228,0.465,0.571,0.676,0.584,0.578,-0.305,0.652,0.719,0.657,0.359,0.47,0.047,0.534,0.164,0.235,0.474,0.599,-0.43,0.431,-0.156,0.462,0.527,0.522,0.64,-0.012,0.465,-0.114,0.585,0.501,0.604,0.437,0.214,-0.321,0.546,0.201,0.624,0.642,0.342,-0.485,0.684,0.106,0.62,0.045,0.334,-0.134,-0.01,0.493,0.631,0.508,0.338,0.201,0.706,0.381,0.528,-0.102,0.488,0.548,0.266,0.506,-0.295,0.795,0.585,0.273,-0.133,-0.76,0.668,0.153,0.421,0.568,0.481,0.534,0.619,0.681,0.209,0.507,0.189,0.729,0.453,-0.303,0.652,0.716,0.609,0.668,0.716,0.594,-0.039,0.427,-0.584,0.038,0.418,0.334,0.463,0.597,0.212,0.528,0.51,0.471,0.227,0.526,0.423,0.484,-0.043,0.48,0.696,0.551,-0.166,0.723,-0.053,-0.042,0.647
ACLS,0.638,0.0,0.525,-0.399,0.694,0.773,0.828,0.677,-0.333,0.584,0.094,0.56,0.057,0.784,0.739,0.764,0.312,0.491,0.634,0.771,0.493,0.354,0.68,0.313,0.797,0.552,-0.012,0.722,0.68,0.489,0.124,0.663,0.526,0.323,0.248,0.81,0.789,0.835,0.522,0.323,0.502,0.198,0.644,-0.618,0.135,0.85,-0.404,0.779,-0.495,-0.251,0.803,-0.204,0.684,-0.003,0.497,0.712,0.717,0.809,-0.277,0.215,0.836,-0.02,-0.051,0.177,0.545,0.388,0.777,0.732,0.701,0.323,0.795,0.535,0.696,0.123,0.186,0.773,0.769,0.756,-0.27,0.26,0.763,0.708,0.726,0.576,0.759,0.283,0.375,0.815,-0.106,-0.14,0.576,0.876,0.715,0.572,0.758,0.061,0.77,0.769,0.819,0.62,0.544,0.146,0.668,0.302,0.444,0.758,0.768,-0.707,0.682,-0.22,0.267,0.619,0.804,0.743,0.332,0.721,0.082,0.836,0.702,0.778,-0.059,0.535,-0.725,0.713,0.538,0.82,0.834,0.119,-0.785,0.75,0.202,0.8,-0.115,0.633,-0.056,-0.051,0.633,0.843,0.619,0.344,0.375,0.801,-0.028,0.767,-0.347,0.3,0.735,-0.006,0.693,-0.61,0.745,0.825,0.513,-0.418,-0.58,0.799,0.477,0.693,0.546,0.761,0.839,0.775,0.837,0.157,0.841,0.525,0.779,0.44,-0.549,0.719,0.63,0.799,0.755,0.752,0.867,-0.123,0.363,-0.634,-0.136,0.725,0.589,0.687,0.783,-0.073,0.56,0.7,0.609,0.046,0.651,0.777,0.566,-0.201,0.049,0.895,0.653,-0.017,0.851,-0.334,0.122,0.792
ACMR,0.2,0.525,0.0,-0.54,0.132,0.68,0.833,0.624,-0.591,0.887,-0.683,0.579,0.593,0.815,0.105,0.744,-0.079,0.717,0.732,0.865,0.153,0.855,0.506,-0.13,0.66,0.75,-0.636,0.519,0.31,0.147,-0.613,0.773,0.328,0.883,-0.305,0.847,0.284,0.495,0.79,0.71,0.214,0.246,0.711,-0.854,-0.426,0.49,-0.47,0.279,0.247,-0.582,0.681,-0.798,0.267,-0.262,0.742,0.833,0.696,0.491,-0.832,0.35,0.57,0.658,-0.352,-0.582,0.557,0.271,0.507,0.333,0.844,-0.388,0.719,-0.102,0.321,0.544,-0.273,0.784,0.461,0.801,-0.758,-0.357,0.366,0.793,0.8,-0.155,0.686,0.617,-0.126,0.703,-0.433,-0.468,0.805,0.46,0.205,-0.211,0.514,0.691,0.2,0.191,0.678,0.719,0.672,-0.093,0.816,0.87,0.814,0.823,0.698,-0.54,0.89,-0.611,-0.26,0.451,0.797,0.653,0.746,0.754,0.492,0.704,0.793,0.683,-0.016,0.137,-0.761,0.708,0.273,0.441,0.727,0.081,-0.791,0.271,0.091,0.136,-0.539,0.723,0.07,0.542,0.336,0.629,0.353,0.851,-0.114,0.476,-0.685,0.734,-0.627,0.559,0.763,-0.635,0.434,-0.738,0.272,0.661,0.635,-0.854,-0.215,0.308,0.717,0.796,0.318,0.547,0.765,0.596,0.64,-0.216,0.209,0.625,0.307,-0.002,-0.824,0.193,0.582,0.264,0.482,0.481,0.483,-0.747,-0.473,-0.256,0.43,0.585,0.27,0.862,0.588,0.448,0.109,0.599,-0.124,0.374,0.754,0.791,-0.14,-0.836,0.066,0.384,0.111,-0.158,0.411,-0.859,0.675,0.397
ADMA,-0.189,-0.399,-0.54,0.0,-0.002,-0.489,-0.573,-0.407,0.334,-0.638,0.384,-0.324,-0.363,-0.651,-0.007,-0.606,0.196,-0.392,-0.332,-0.587,-0.428,-0.484,-0.269,0.203,-0.455,-0.525,0.563,-0.317,-0.283,0.143,0.497,-0.578,-0.267,-0.477,0.008,-0.586,-0.201,-0.369,-0.685,-0.396,-0.041,0.029,-0.396,0.575,0.117,-0.366,0.377,-0.177,-0.093,0.401,-0.475,0.621,-0.131,0.096,-0.312,-0.519,-0.427,-0.348,0.484,-0.225,-0.435,-0.31,0.332,0.304,-0.215,-0.071,-0.362,-0.163,-0.63,0.242,-0.692,0.165,-0.147,-0.185,0.224,-0.519,-0.303,-0.477,0.519,0.275,-0.192,-0.614,-0.62,0.117,-0.46,-0.565,0.012,-0.51,0.466,0.509,-0.569,-0.356,-0.128,0.069,-0.164,-0.371,-0.093,-0.202,-0.529,-0.395,-0.439,0.353,-0.585,-0.503,-0.466,-0.634,-0.435,0.403,-0.653,0.534,0.416,-0.291,-0.56,-0.319,-0.33,-0.523,-0.324,-0.457,-0.555,-0.412,-0.038,0.044,0.653,-0.555,0.116,-0.281,-0.595,0.103,0.569,-0.165,0.154,-0.186,0.683,-0.539,0.125,-0.51,-0.407,-0.4,-0.099,-0.471,0.03,-0.317,0.36,-0.592,0.537,-0.396,-0.622,0.445,-0.331,0.749,-0.181,-0.467,-0.334,0.635,0.266,-0.09,-0.473,-0.413,-0.063,-0.335,-0.627,-0.37,-0.328,0.178,-0.205,-0.175,-0.231,0.071,0.663,-0.107,-0.571,-0.134,-0.262,-0.306,-0.509,0.517,-0.065,0.098,-0.277,-0.341,-0.026,-0.619,-0.372,-0.525,0.002,-0.368,0.022,-0.292,-0.47,-0.563,0.181,0.616,-0.115,-0.442,0.107,0.151,-0.306,0.637,-0.184,-0.212
ADUS,0.578,0.694,0.132,-0.002,0.0,0.647,0.443,0.697,-0.256,0.329,0.348,0.603,-0.109,0.491,0.847,0.552,0.07,0.466,0.261,0.38,0.212,0.188,0.581,0.611,0.695,0.412,0.528,0.821,0.432,0.609,0.446,0.48,0.538,0.029,0.164,0.416,0.819,0.738,0.24,0.01,0.265,0.376,0.51,-0.415,0.251,0.806,-0.084,0.841,-0.748,-0.106,0.61,0.059,0.876,0.347,0.216,0.504,0.689,0.739,0.008,0.153,0.75,-0.423,-0.196,0.475,0.434,0.158,0.697,0.763,0.424,0.432,0.469,0.623,0.744,-0.038,0.351,0.568,0.696,0.489,-0.02,0.379,0.85,0.43,0.431,0.731,0.601,0.087,0.42,0.602,0.204,0.314,0.122,0.729,0.793,0.817,0.711,-0.126,0.878,0.884,0.707,0.391,0.468,0.131,0.439,-0.0,0.278,0.517,0.675,-0.793,0.348,0.123,0.388,0.468,0.589,0.718,-0.041,0.502,-0.08,0.694,0.493,0.677,-0.221,0.847,-0.493,0.575,0.237,0.775,0.557,0.147,-0.498,0.79,0.571,0.861,0.157,0.496,-0.132,-0.46,0.354,0.587,0.821,0.146,0.553,0.764,0.202,0.609,-0.367,0.064,0.489,0.215,0.787,-0.371,0.749,0.7,0.647,-0.115,-0.604,0.814,0.339,0.575,0.529,0.79,0.542,0.648,0.529,0.241,0.65,0.393,0.771,0.324,-0.119,0.81,0.431,0.89,0.793,0.659,0.775,0.189,0.443,-0.824,-0.57,0.736,0.306,0.363,0.653,-0.218,0.488,0.658,0.793,-0.068,0.473,0.53,0.787,0.088,0.012,0.691,0.56,0.294,0.799,-0.023,0.196,0.691
ADVM,0.387,0.773,0.68,-0.489,0.647,0.0,0.824,0.847,-0.461,0.829,-0.272,0.742,0.368,0.852,0.56,0.851,-0.118,0.634,0.626,0.784,0.28,0.716,0.717,0.182,0.895,0.84,-0.113,0.83,0.398,0.525,-0.205,0.791,0.459,0.63,-0.187,0.832,0.658,0.764,0.645,0.493,0.286,0.188,0.708,-0.875,-0.196,0.847,-0.397,0.693,-0.353,-0.519,0.79,-0.526,0.738,-0.001,0.611,0.875,0.898,0.801,-0.546,0.427,0.855,0.075,-0.435,-0.098,0.647,0.196,0.828,0.636,0.832,-0.068,0.852,0.249,0.623,0.295,-0.048,0.871,0.647,0.838,-0.536,-0.019,0.72,0.809,0.809,0.323,0.835,0.462,0.069,0.774,-0.312,-0.2,0.527,0.789,0.607,0.334,0.72,0.43,0.628,0.698,0.874,0.738,0.723,-0.019,0.811,0.528,0.693,0.908,0.854,-0.861,0.835,-0.327,-0.005,0.536,0.909,0.835,0.492,0.824,0.265,0.906,0.853,0.855,-0.286,0.64,-0.883,0.815,0.241,0.808,0.861,-0.029,-0.882,0.641,0.452,0.651,-0.323,0.841,0.095,0.021,0.483,0.724,0.762,0.589,0.317,0.755,-0.395,0.901,-0.676,0.315,0.835,-0.343,0.753,-0.809,0.545,0.905,0.81,-0.73,-0.486,0.69,0.8,0.818,0.356,0.922,0.858,0.825,0.679,0.068,0.575,0.579,0.643,0.152,-0.672,0.598,0.634,0.723,0.778,0.684,0.868,-0.366,0.005,-0.588,-0.07,0.847,0.309,0.8,0.717,0.116,0.267,0.845,0.474,0.125,0.735,0.907,0.392,-0.551,-0.172,0.716,0.3,0.172,0.749,-0.6,0.533,0.646
AEIS,0.515,0.828,0.833,-0.573,0.443,0.824,0.0,0.708,-0.417,0.855,-0.312,0.716,0.277,0.937,0.491,0.868,0.102,0.728,0.733,0.97,0.423,0.649,0.677,0.183,0.845,0.764,-0.401,0.709,0.602,0.308,-0.261,0.886,0.573,0.664,0.058,0.95,0.673,0.828,0.752,0.618,0.364,0.299,0.796,-0.81,-0.059,0.809,-0.585,0.666,-0.156,-0.355,0.904,-0.526,0.537,-0.15,0.687,0.848,0.775,0.813,-0.619,0.425,0.839,0.345,-0.14,-0.176,0.594,0.453,0.796,0.685,0.887,-0.018,0.911,0.307,0.676,0.299,0.05,0.921,0.772,0.906,-0.51,0.01,0.691,0.872,0.885,0.256,0.863,0.546,0.223,0.907,-0.387,-0.482,0.81,0.765,0.607,0.23,0.778,0.359,0.597,0.584,0.872,0.772,0.647,-0.061,0.896,0.69,0.661,0.912,0.869,-0.678,0.928,-0.495,0.065,0.695,0.927,0.839,0.598,0.813,0.196,0.888,0.907,0.884,0.106,0.344,-0.847,0.825,0.378,0.7,0.937,0.191,-0.92,0.661,0.209,0.564,-0.332,0.817,0.006,0.304,0.672,0.842,0.584,0.717,0.135,0.796,-0.323,0.891,-0.486,0.589,0.901,-0.293,0.621,-0.75,0.643,0.887,0.632,-0.741,-0.528,0.633,0.678,0.809,0.528,0.734,0.94,0.848,0.878,0.046,0.576,0.626,0.7,0.369,-0.812,0.599,0.756,0.62,0.766,0.8,0.772,-0.515,-0.044,-0.54,0.254,0.67,0.533,0.893,0.844,0.301,0.319,0.796,0.278,0.383,0.78,0.903,0.256,-0.589,0.195,0.787,0.442,-0.108,0.781,-0.649,0.422,0.718
AGNCM,0.364,0.677,0.624,-0.407,0.697,0.847,0.708,0.0,-0.496,0.755,-0.284,0.688,0.348,0.757,0.523,0.814,-0.106,0.666,0.57,0.704,0.192,0.714,0.63,0.209,0.823,0.74,-0.065,0.836,0.343,0.37,-0.172,0.74,0.468,0.578,-0.172,0.732,0.61,0.688,0.678,0.388,0.23,0.37,0.744,-0.815,-0.145,0.779,-0.338,0.623,-0.276,-0.58,0.691,-0.537,0.708,0.07,0.552,0.834,0.864,0.7,-0.538,0.259,0.783,0.076,-0.501,-0.124,0.649,0.174,0.706,0.578,0.78,-0.023,0.734,0.233,0.574,0.397,-0.012,0.791,0.611,0.744,-0.507,-0.039,0.691,0.763,0.767,0.301,0.708,0.475,0.035,0.745,-0.228,-0.129,0.45,0.745,0.529,0.325,0.675,0.414,0.612,0.651,0.848,0.714,0.718,0.072,0.746,0.536,0.695,0.818,0.817,-0.89,0.749,-0.339,-0.026,0.497,0.846,0.791,0.417,0.817,0.31,0.871,0.756,0.785,-0.357,0.622,-0.775,0.846,0.187,0.788,0.758,-0.065,-0.732,0.595,0.381,0.636,-0.348,0.731,0.009,0.015,0.336,0.704,0.714,0.574,0.243,0.701,-0.391,0.812,-0.744,0.279,0.726,-0.334,0.777,-0.735,0.506,0.832,0.894,-0.623,-0.434,0.672,0.697,0.848,0.418,0.891,0.788,0.721,0.619,-0.062,0.471,0.636,0.587,-0.014,-0.551,0.549,0.55,0.663,0.733,0.615,0.797,-0.286,-0.01,-0.595,-0.156,0.89,0.174,0.744,0.734,0.142,0.317,0.771,0.411,0.12,0.758,0.855,0.344,-0.506,-0.076,0.632,0.306,0.175,0.683,-0.604,0.602,0.62
AHCO,-0.234,-0.333,-0.591,0.334,-0.256,-0.461,-0.417,-0.496,0.0,-0.59,0.525,-0.288,-0.497,-0.535,-0.165,-0.582,0.089,-0.489,-0.545,-0.539,-0.105,-0.671,-0.371,0.159,-0.419,-0.483,0.351,-0.381,-0.168,-0.183,0.361,-0.393,-0.291,-0.482,0.236,-0.55,-0.104,-0.275,-0.642,-0.395,-0.305,-0.384,-0.516,0.694,0.531,-0.311,0.381,-0.137,-0.158,0.616,-0.445,0.648,-0.231,0.263,-0.558,-0.647,-0.578,-0.241,0.647,0.03,-0.405,-0.422,0.511,0.491,-0.501,-0.085,-0.266,-0.17,-0.577,0.372,-0.421,0.157,-0.067,-0.482,0.282,-0.481,-0.284,-0.418,0.582,0.224,-0.202,-0.61,-0.607,0.255,-0.418,-0.604,0.28,-0.442,0.026,0.093,-0.495,-0.331,-0.042,0.107,-0.262,-0.456,-0.105,-0.154,-0.492,-0.556,-0.659,-0.024,-0.502,-0.635,-0.755,-0.572,-0.436,0.479,-0.555,0.61,0.213,-0.309,-0.535,-0.482,-0.473,-0.621,-0.422,-0.507,-0.466,-0.397,0.263,-0.124,0.586,-0.532,-0.158,-0.465,-0.434,-0.06,0.508,-0.105,0.084,-0.064,0.502,-0.359,0.209,-0.285,0.108,-0.431,-0.183,-0.582,0.223,-0.253,0.552,-0.438,0.587,-0.384,-0.407,0.444,-0.41,0.552,-0.233,-0.414,-0.565,0.591,0.355,-0.247,-0.453,-0.658,-0.329,-0.446,-0.445,-0.339,-0.34,0.296,-0.082,-0.312,-0.12,0.368,0.567,-0.024,-0.408,-0.171,-0.325,-0.215,-0.397,0.421,0.269,0.155,-0.117,-0.555,0.262,-0.63,-0.322,-0.322,0.015,-0.358,0.126,-0.151,-0.644,-0.476,0.139,0.644,0.004,-0.181,-0.056,0.275,-0.22,0.673,-0.483,-0.229
ALGT,0.328,0.584,0.887,-0.638,0.329,0.829,0.855,0.755,-0.59,0.0,-0.605,0.701,0.575,0.922,0.257,0.906,-0.174,0.795,0.714,0.882,0.309,0.9,0.628,0.025,0.79,0.93,-0.496,0.719,0.407,0.297,-0.512,0.899,0.494,0.85,-0.31,0.888,0.455,0.652,0.872,0.796,0.231,0.29,0.827,-0.924,-0.37,0.672,-0.535,0.468,0.073,-0.627,0.778,-0.805,0.503,-0.185,0.761,0.938,0.861,0.664,-0.812,0.45,0.768,0.474,-0.466,-0.438,0.643,0.293,0.649,0.502,0.933,-0.309,0.83,0.002,0.48,0.478,-0.143,0.9,0.589,0.893,-0.715,-0.266,0.533,0.912,0.912,-0.033,0.78,0.702,-0.06,0.814,-0.385,-0.472,0.756,0.606,0.38,-0.022,0.591,0.682,0.35,0.441,0.842,0.793,0.842,-0.136,0.933,0.846,0.881,0.944,0.862,-0.756,0.962,-0.601,-0.206,0.474,0.921,0.785,0.708,0.882,0.446,0.851,0.888,0.835,-0.069,0.287,-0.871,0.861,0.14,0.612,0.866,0.035,-0.848,0.446,0.278,0.326,-0.575,0.855,0.053,0.459,0.384,0.679,0.545,0.895,0.025,0.641,-0.618,0.9,-0.79,0.602,0.874,-0.6,0.631,-0.866,0.38,0.822,0.799,-0.932,-0.371,0.458,0.881,0.876,0.334,0.729,0.851,0.755,0.655,-0.092,0.233,0.586,0.451,0.003,-0.848,0.357,0.733,0.438,0.671,0.633,0.689,-0.712,-0.294,-0.413,0.333,0.752,0.139,0.935,0.663,0.515,0.162,0.786,0.031,0.36,0.807,0.902,0.043,-0.845,0.039,0.51,0.127,0.026,0.567,-0.878,0.717,0.534
ALLO,0.293,0.094,-0.683,0.384,0.348,-0.272,-0.312,-0.284,0.525,-0.605,0.0,-0.09,-0.647,-0.34,0.424,-0.377,0.184,-0.294,-0.516,-0.436,0.059,-0.787,-0.111,0.567,-0.128,-0.515,0.78,-0.022,0.12,0.13,0.79,-0.318,0.067,-0.718,0.533,-0.427,0.336,0.104,-0.608,-0.619,-0.13,-0.138,-0.401,0.583,0.727,0.072,0.376,0.328,-0.697,0.732,-0.113,0.844,0.229,0.565,-0.631,-0.499,-0.3,0.087,0.852,-0.174,-0.033,-0.722,0.465,0.91,-0.461,-0.109,0.031,0.244,-0.49,0.712,-0.269,0.559,0.255,-0.66,0.49,-0.308,0.118,-0.355,0.638,0.541,0.24,-0.475,-0.464,0.695,-0.089,-0.626,0.631,-0.181,0.449,0.511,-0.446,-0.02,0.413,0.694,-0.002,-0.805,0.408,0.351,-0.165,-0.532,-0.435,-0.019,-0.403,-0.824,-0.714,-0.402,-0.204,0.142,-0.537,0.722,0.476,-0.029,-0.357,-0.132,-0.758,-0.479,-0.505,-0.253,-0.336,-0.153,0.236,0.276,0.378,-0.352,0.003,-0.069,-0.244,0.114,0.295,0.273,0.178,0.41,0.648,-0.251,-0.118,-0.632,0.226,-0.142,0.149,-0.651,0.58,0.12,0.893,-0.24,0.545,-0.371,-0.234,0.728,0.001,0.403,0.334,-0.182,-0.399,0.709,-0.207,0.139,-0.563,-0.462,0.027,-0.153,-0.242,-0.15,-0.131,0.31,0.343,-0.29,0.309,0.571,0.558,0.401,-0.106,0.327,0.045,0.077,0.028,0.709,0.748,-0.268,-0.599,-0.266,0.367,-0.558,-0.09,-0.48,0.276,-0.197,0.663,-0.206,-0.472,-0.406,0.602,0.868,0.131,0.204,0.307,0.098,0.208,0.85,-0.614,0.069
AMSF,0.423,0.56,0.579,-0.324,0.603,0.742,0.716,0.688,-0.288,0.701,-0.09,0.0,0.128,0.744,0.509,0.711,-0.247,0.8,0.333,0.655,0.108,0.542,0.673,0.593,0.746,0.684,0.046,0.844,0.281,0.311,-0.069,0.829,0.629,0.545,-0.032,0.628,0.756,0.82,0.52,0.429,-0.029,0.428,0.646,-0.648,0.127,0.846,-0.29,0.786,-0.371,-0.117,0.794,-0.311,0.783,0.271,0.445,0.713,0.783,0.863,-0.324,0.54,0.803,0.015,-0.187,0.14,0.4,0.266,0.827,0.777,0.694,0.062,0.704,0.377,0.817,0.03,0.217,0.835,0.796,0.729,-0.362,-0.025,0.84,0.661,0.657,0.391,0.833,0.407,0.362,0.768,-0.139,-0.122,0.494,0.62,0.771,0.434,0.792,0.198,0.726,0.705,0.825,0.545,0.572,-0.271,0.815,0.461,0.515,0.752,0.849,-0.743,0.704,-0.147,0.197,0.68,0.782,0.874,0.27,0.597,0.033,0.773,0.869,0.884,0.095,0.621,-0.714,0.727,0.015,0.584,0.741,0.27,-0.753,0.755,0.624,0.609,-0.108,0.828,0.119,0.032,0.588,0.625,0.823,0.664,0.354,0.85,-0.124,0.836,-0.505,0.516,0.817,-0.137,0.77,-0.628,0.675,0.824,0.727,-0.56,-0.572,0.562,0.62,0.712,0.53,0.742,0.743,0.784,0.61,0.189,0.423,0.459,0.774,0.391,-0.47,0.766,0.657,0.73,0.871,0.812,0.716,-0.417,0.015,-0.655,-0.028,0.629,0.386,0.626,0.769,0.301,0.244,0.821,0.462,0.544,0.605,0.7,0.43,-0.414,0.233,0.625,0.341,0.196,0.801,-0.387,0.574,0.654
ANAB,-0.151,0.057,0.593,-0.363,-0.109,0.368,0.277,0.348,-0.497,0.575,-0.647,0.128,0.0,0.415,-0.275,0.354,-0.504,0.318,0.281,0.329,-0.096,0.725,-0.014,-0.527,0.318,0.454,-0.523,0.163,-0.007,0.136,-0.763,0.335,-0.119,0.726,-0.703,0.386,-0.251,-0.084,0.473,0.401,-0.176,-0.147,0.243,-0.605,-0.756,-0.014,-0.171,-0.234,0.459,-0.665,0.203,-0.807,-0.061,-0.051,0.295,0.451,0.395,-0.063,-0.67,0.005,0.096,0.641,-0.66,-0.721,0.135,-0.339,0.032,-0.247,0.433,-0.623,0.241,-0.617,-0.253,0.612,-0.696,0.318,-0.158,0.309,-0.834,-0.636,-0.124,0.353,0.357,-0.529,0.234,0.332,-0.614,0.167,-0.454,-0.199,0.414,-0.079,-0.303,-0.554,-0.11,0.816,-0.316,-0.163,0.273,0.262,0.457,-0.091,0.382,0.521,0.535,0.48,0.244,-0.269,0.474,-0.371,-0.702,-0.191,0.34,0.182,0.395,0.371,0.903,0.241,0.33,0.195,-0.298,-0.06,-0.404,0.265,-0.194,0.042,0.236,-0.34,-0.375,-0.32,-0.083,-0.26,-0.636,0.413,0.111,0.463,-0.06,-0.023,0.034,0.541,-0.069,-0.081,-0.707,0.366,-0.578,0.117,0.319,-0.885,0.044,-0.588,-0.288,0.149,0.428,-0.665,0.189,-0.162,0.484,0.409,-0.295,0.217,0.361,0.021,-0.029,-0.623,-0.306,0.436,-0.27,-0.398,-0.586,-0.352,0.277,-0.208,-0.035,-0.125,0.092,-0.452,-0.618,0.167,0.281,0.303,-0.224,0.462,-0.054,0.433,-0.162,0.077,-0.34,-0.059,0.348,0.384,-0.472,-0.696,-0.42,-0.127,-0.51,-0.258,-0.158,-0.696,0.621,-0.211
ANDE,0.548,0.784,0.815,-0.651,0.491,0.852,0.937,0.757,-0.535,0.922,-0.34,0.744,0.415,0.0,0.484,0.932,-0.066,0.807,0.672,0.938,0.434,0.723,0.676,0.179,0.869,0.846,-0.378,0.79,0.599,0.333,-0.315,0.934,0.634,0.695,-0.048,0.939,0.66,0.815,0.833,0.661,0.273,0.307,0.828,-0.865,-0.152,0.814,-0.566,0.653,-0.144,-0.446,0.921,-0.627,0.6,-0.075,0.654,0.9,0.864,0.804,-0.659,0.405,0.879,0.361,-0.296,-0.205,0.556,0.338,0.79,0.665,0.919,-0.082,0.918,0.216,0.641,0.345,-0.007,0.951,0.762,0.892,-0.614,-0.084,0.696,0.918,0.926,0.193,0.878,0.626,0.181,0.923,-0.353,-0.426,0.825,0.726,0.58,0.224,0.704,0.441,0.561,0.626,0.934,0.736,0.767,-0.148,0.944,0.703,0.742,0.966,0.916,-0.78,0.955,-0.508,-0.051,0.608,0.961,0.864,0.533,0.857,0.349,0.906,0.932,0.918,0.063,0.358,-0.9,0.887,0.213,0.706,0.952,0.11,-0.917,0.617,0.25,0.544,-0.482,0.874,-0.031,0.359,0.618,0.789,0.615,0.784,0.176,0.791,-0.353,0.959,-0.648,0.621,0.938,-0.416,0.686,-0.869,0.619,0.896,0.737,-0.816,-0.569,0.595,0.746,0.856,0.467,0.764,0.962,0.827,0.78,-0.046,0.471,0.606,0.665,0.262,-0.84,0.559,0.86,0.604,0.782,0.781,0.83,-0.552,-0.025,-0.551,0.213,0.746,0.344,0.931,0.797,0.445,0.302,0.807,0.262,0.383,0.825,0.915,0.211,-0.669,0.16,0.75,0.311,-0.083,0.755,-0.723,0.506,0.673
APLS,0.784,0.739,0.105,-0.007,0.847,0.56,0.491,0.523,-0.165,0.257,0.424,0.509,-0.275,0.484,0.0,0.507,0.319,0.449,0.32,0.447,0.36,0.02,0.58,0.635,0.673,0.366,0.402,0.679,0.628,0.588,0.54,0.433,0.649,-0.051,0.433,0.49,0.874,0.804,0.223,0.068,0.422,0.424,0.525,-0.279,0.362,0.801,-0.304,0.867,-0.681,0.069,0.64,0.211,0.765,0.112,0.228,0.425,0.544,0.775,0.027,0.206,0.769,-0.388,0.134,0.514,0.388,0.39,0.725,0.84,0.396,0.563,0.49,0.796,0.794,-0.164,0.537,0.547,0.781,0.467,0.165,0.641,0.813,0.459,0.469,0.76,0.615,0.054,0.564,0.642,0.245,0.044,0.24,0.741,0.84,0.818,0.74,-0.35,0.883,0.868,0.665,0.401,0.38,0.207,0.437,0.003,0.193,0.462,0.631,-0.588,0.357,0.034,0.581,0.569,0.555,0.688,-0.027,0.473,-0.255,0.665,0.481,0.646,0.063,0.614,-0.399,0.526,0.363,0.784,0.614,0.257,-0.504,0.851,0.358,0.845,0.273,0.379,-0.148,-0.413,0.507,0.668,0.708,0.125,0.431,0.8,0.384,0.544,-0.094,0.203,0.496,0.382,0.633,-0.248,0.855,0.689,0.404,-0.062,-0.725,0.863,0.237,0.455,0.579,0.689,0.534,0.711,0.682,0.369,0.739,0.235,0.852,0.502,-0.18,0.848,0.535,0.859,0.784,0.755,0.723,0.229,0.55,-0.749,-0.312,0.587,0.419,0.386,0.689,-0.175,0.56,0.638,0.769,0.024,0.493,0.499,0.802,0.13,0.185,0.795,0.708,0.118,0.847,0.084,-0.056,0.767
APPF,0.533,0.764,0.744,-0.606,0.552,0.851,0.868,0.814,-0.582,0.906,-0.377,0.711,0.354,0.932,0.507,0.0,0.054,0.752,0.76,0.894,0.505,0.752,0.756,0.205,0.801,0.883,-0.312,0.801,0.603,0.375,-0.195,0.887,0.673,0.625,-0.012,0.915,0.652,0.803,0.885,0.696,0.424,0.452,0.897,-0.844,-0.142,0.824,-0.6,0.655,-0.127,-0.534,0.839,-0.614,0.651,-0.186,0.768,0.947,0.894,0.792,-0.68,0.415,0.891,0.249,-0.343,-0.196,0.736,0.475,0.772,0.675,0.931,-0.011,0.882,0.264,0.647,0.412,0.1,0.926,0.762,0.879,-0.515,0.005,0.687,0.959,0.961,0.189,0.764,0.719,0.128,0.924,-0.213,-0.416,0.722,0.82,0.552,0.274,0.716,0.42,0.57,0.675,0.939,0.855,0.858,0.022,0.91,0.728,0.829,0.949,0.916,-0.84,0.923,-0.582,0.057,0.626,0.961,0.846,0.612,0.958,0.269,0.946,0.891,0.889,-0.056,0.389,-0.851,0.943,0.246,0.827,0.937,0.084,-0.832,0.662,0.257,0.575,-0.485,0.771,0.002,0.294,0.47,0.825,0.61,0.761,0.057,0.792,-0.381,0.915,-0.724,0.63,0.851,-0.33,0.789,-0.801,0.596,0.924,0.812,-0.767,-0.581,0.691,0.815,0.916,0.582,0.839,0.893,0.87,0.795,0.052,0.452,0.533,0.655,0.081,-0.736,0.564,0.772,0.626,0.813,0.77,0.854,-0.519,0.038,-0.555,0.195,0.85,0.181,0.938,0.819,0.399,0.418,0.865,0.25,0.311,0.864,0.928,0.285,-0.664,0.146,0.717,0.406,0.074,0.749,-0.753,0.511,0.77
ASML,0.267,0.312,-0.079,0.196,0.07,-0.118,0.102,-0.106,0.089,-0.174,0.184,-0.247,-0.504,-0.066,0.319,0.054,0.0,-0.16,0.433,0.156,0.394,-0.29,0.194,0.141,-0.084,-0.102,-0.006,-0.111,0.436,0.087,0.514,-0.129,0.156,-0.338,0.606,0.145,0.223,0.172,0.009,0.082,0.764,0.281,0.193,0.233,0.362,0.083,-0.214,0.161,-0.074,0.13,0.003,0.363,-0.035,-0.521,0.311,0.004,-0.116,0.086,0.083,-0.057,0.092,-0.077,0.586,0.186,0.372,0.664,0.008,0.238,-0.016,0.545,0.025,0.533,0.174,-0.027,0.527,-0.013,0.243,0.104,0.479,0.617,0.061,0.089,0.105,0.312,-0.135,0.023,0.322,0.169,0.308,-0.184,0.07,0.353,0.133,0.284,0.264,-0.396,0.203,0.1,-0.034,0.239,-0.049,0.56,-0.08,-0.02,-0.018,-0.111,-0.003,0.132,-0.054,-0.13,0.556,0.212,0.014,-0.054,0.23,0.153,-0.47,0.091,-0.126,-0.013,0.152,-0.125,0.183,0.033,0.734,0.276,0.095,0.245,0.104,0.289,-0.276,0.196,0.304,-0.346,-0.105,-0.077,0.059,0.408,-0.184,-0.205,-0.204,0.138,0.256,-0.152,0.355,0.126,-0.134,0.501,-0.004,0.366,0.275,0.073,-0.246,0.268,-0.137,0.407,-0.11,0.031,0.44,-0.015,-0.028,0.226,0.465,0.37,0.414,-0.107,0.22,0.199,0.09,0.197,-0.053,0.174,0.083,0.209,0.053,0.213,0.376,-0.077,0.166,0.044,0.291,0.062,0.267,-0.363,0.494,0.081,0.077,-0.155,0.123,0.036,0.339,0.299,0.272,0.251,0.738,0.053,0.19,0.165,-0.431,0.454
ATRC,0.569,0.491,0.717,-0.392,0.466,0.634,0.728,0.666,-0.489,0.795,-0.294,0.8,0.318,0.807,0.449,0.752,-0.16,0.0,0.47,0.754,0.202,0.654,0.589,0.377,0.76,0.742,-0.232,0.763,0.431,0.236,-0.233,0.875,0.683,0.628,-0.046,0.72,0.619,0.718,0.729,0.578,0.075,0.567,0.791,-0.686,-0.09,0.685,-0.443,0.61,-0.068,-0.242,0.81,-0.514,0.575,0.062,0.538,0.758,0.769,0.707,-0.562,0.459,0.783,0.327,-0.239,-0.146,0.418,0.313,0.686,0.67,0.769,-0.095,0.659,0.257,0.651,0.265,0.106,0.819,0.741,0.76,-0.487,-0.061,0.668,0.776,0.777,0.185,0.805,0.551,0.292,0.812,-0.098,-0.324,0.688,0.504,0.557,0.213,0.671,0.319,0.524,0.547,0.82,0.564,0.724,-0.247,0.869,0.671,0.683,0.773,0.839,-0.688,0.789,-0.38,0.041,0.592,0.796,0.856,0.368,0.688,0.233,0.768,0.838,0.84,0.257,0.342,-0.682,0.799,0.035,0.531,0.778,0.282,-0.724,0.573,0.371,0.407,-0.284,0.775,-0.058,0.349,0.419,0.656,0.653,0.851,0.136,0.738,-0.227,0.822,-0.596,0.699,0.842,-0.327,0.646,-0.67,0.629,0.753,0.722,-0.671,-0.59,0.482,0.619,0.772,0.506,0.624,0.739,0.717,0.653,-0.083,0.243,0.507,0.621,0.204,-0.626,0.531,0.824,0.518,0.752,0.735,0.615,-0.562,-0.148,-0.588,0.23,0.617,0.22,0.751,0.723,0.553,0.244,0.726,0.206,0.57,0.745,0.698,0.183,-0.601,0.414,0.52,0.242,-0.03,0.657,-0.576,0.659,0.554
AVGO,0.315,0.634,0.732,-0.332,0.261,0.626,0.733,0.57,-0.545,0.714,-0.516,0.333,0.281,0.672,0.32,0.76,0.433,0.47,0.0,0.806,0.424,0.659,0.598,-0.05,0.549,0.684,-0.436,0.447,0.48,0.334,-0.187,0.574,0.347,0.547,-0.034,0.819,0.374,0.523,0.703,0.701,0.719,0.357,0.758,-0.681,-0.292,0.521,-0.562,0.358,0.09,-0.588,0.566,-0.523,0.327,-0.578,0.888,0.799,0.645,0.491,-0.69,0.26,0.611,0.436,-0.116,-0.392,0.855,0.603,0.471,0.425,0.733,-0.09,0.631,0.183,0.364,0.526,0.035,0.685,0.498,0.785,-0.396,0.031,0.368,0.785,0.792,0.029,0.488,0.579,-0.013,0.701,-0.168,-0.453,0.645,0.695,0.252,0.036,0.594,0.441,0.3,0.299,0.607,0.848,0.675,0.377,0.652,0.747,0.785,0.696,0.64,-0.519,0.736,-0.62,0.12,0.478,0.74,0.563,0.837,0.834,0.181,0.733,0.607,0.601,-0.139,0.152,-0.609,0.692,0.655,0.672,0.705,0.086,-0.618,0.416,0.022,0.277,-0.305,0.43,0.031,0.305,0.191,0.77,0.27,0.619,-0.181,0.494,-0.522,0.575,-0.459,0.476,0.545,-0.292,0.432,-0.477,0.351,0.672,0.522,-0.653,-0.292,0.581,0.68,0.756,0.499,0.593,0.625,0.702,0.779,0.077,0.398,0.458,0.36,-0.015,-0.667,0.283,0.444,0.384,0.519,0.507,0.536,-0.471,-0.16,-0.31,0.375,0.664,0.216,0.803,0.624,0.099,0.387,0.639,-0.027,0.091,0.749,0.746,0.145,-0.587,0.041,0.457,0.512,0.004,0.464,-0.698,0.355,0.647
AVT,0.512,0.771,0.865,-0.587,0.38,0.784,0.97,0.704,-0.539,0.882,-0.436,0.655,0.329,0.938,0.447,0.894,0.156,0.754,0.806,0.0,0.432,0.708,0.674,0.106,0.799,0.781,-0.506,0.665,0.609,0.254,-0.311,0.872,0.594,0.678,0.062,0.975,0.601,0.776,0.843,0.685,0.448,0.406,0.855,-0.826,-0.148,0.751,-0.666,0.584,-0.02,-0.441,0.885,-0.601,0.459,-0.3,0.77,0.882,0.773,0.746,-0.725,0.382,0.815,0.458,-0.153,-0.307,0.657,0.511,0.739,0.632,0.906,-0.076,0.894,0.251,0.602,0.394,0.035,0.911,0.746,0.895,-0.537,0.006,0.609,0.925,0.936,0.132,0.808,0.665,0.149,0.912,-0.367,-0.555,0.858,0.743,0.506,0.142,0.743,0.396,0.507,0.507,0.856,0.824,0.697,0.001,0.909,0.796,0.758,0.91,0.851,-0.647,0.951,-0.627,0.039,0.69,0.93,0.815,0.665,0.868,0.234,0.883,0.895,0.855,0.101,0.228,-0.829,0.857,0.384,0.707,0.929,0.182,-0.892,0.596,0.097,0.473,-0.421,0.75,-0.039,0.417,0.583,0.858,0.487,0.781,-0.014,0.74,-0.399,0.86,-0.522,0.683,0.869,-0.351,0.582,-0.738,0.599,0.861,0.645,-0.785,-0.537,0.614,0.693,0.848,0.563,0.705,0.918,0.838,0.882,-0.012,0.505,0.595,0.629,0.238,-0.856,0.506,0.774,0.531,0.723,0.765,0.731,-0.576,-0.102,-0.463,0.37,0.681,0.397,0.952,0.837,0.386,0.301,0.782,0.146,0.417,0.865,0.905,0.153,-0.678,0.242,0.728,0.431,-0.162,0.713,-0.736,0.45,0.707
AXDX,0.567,0.493,0.153,-0.428,0.212,0.28,0.423,0.192,-0.105,0.309,0.059,0.108,-0.096,0.434,0.36,0.505,0.394,0.202,0.424,0.432,0.0,0.052,0.351,0.144,0.27,0.326,-0.172,0.255,0.687,0.185,0.213,0.369,0.466,-0.012,0.446,0.473,0.404,0.448,0.455,0.329,0.433,0.196,0.474,-0.166,0.247,0.383,-0.435,0.387,-0.085,-0.043,0.411,-0.104,0.211,-0.245,0.349,0.314,0.249,0.388,-0.204,0.183,0.476,-0.008,0.135,0.089,0.285,0.528,0.322,0.417,0.359,0.333,0.412,0.318,0.386,0.105,0.318,0.348,0.455,0.36,0.044,0.349,0.287,0.465,0.48,0.233,0.264,0.315,0.279,0.522,0.045,-0.4,0.413,0.496,0.337,0.289,0.318,-0.116,0.299,0.423,0.447,0.391,0.393,0.12,0.391,0.209,0.226,0.41,0.39,-0.268,0.362,-0.346,0.193,0.267,0.383,0.29,0.22,0.46,-0.095,0.43,0.304,0.362,0.294,-0.035,-0.236,0.397,0.267,0.456,0.526,0.023,-0.3,0.428,-0.137,0.363,-0.198,0.143,-0.051,0.158,0.339,0.499,0.145,0.222,-0.071,0.425,0.165,0.357,-0.138,0.378,0.332,0.129,0.311,-0.249,0.441,0.411,0.106,-0.164,-0.482,0.43,0.222,0.297,0.35,0.292,0.406,0.441,0.534,0.199,0.327,0.059,0.403,0.18,-0.301,0.326,0.49,0.31,0.373,0.444,0.442,-0.112,0.412,-0.269,0.25,0.263,0.219,0.424,0.4,0.178,0.465,0.334,0.174,0.035,0.341,0.38,0.249,-0.121,0.314,0.496,0.416,-0.046,0.44,-0.215,-0.186,0.501
AXSM,0.043,0.354,0.855,-0.484,0.188,0.716,0.649,0.714,-0.671,0.9,-0.787,0.542,0.725,0.723,0.02,0.752,-0.29,0.654,0.659,0.708,0.052,0.0,0.496,-0.202,0.599,0.818,-0.522,0.561,0.123,0.212,-0.653,0.701,0.251,0.876,-0.536,0.727,0.157,0.364,0.8,0.699,0.14,0.248,0.689,-0.902,-0.623,0.434,-0.423,0.189,0.273,-0.775,0.534,-0.896,0.328,-0.248,0.746,0.86,0.764,0.402,-0.867,0.358,0.523,0.539,-0.646,-0.643,0.647,0.125,0.445,0.212,0.811,-0.524,0.618,-0.264,0.201,0.619,-0.379,0.717,0.308,0.722,-0.802,-0.459,0.29,0.774,0.764,-0.284,0.552,0.675,-0.369,0.577,-0.396,-0.357,0.598,0.429,0.08,-0.263,0.398,0.827,0.099,0.201,0.641,0.749,0.778,-0.054,0.762,0.87,0.908,0.8,0.664,-0.653,0.827,-0.612,-0.348,0.316,0.759,0.608,0.748,0.791,0.59,0.692,0.726,0.62,-0.312,0.238,-0.752,0.732,0.058,0.482,0.634,-0.063,-0.687,0.173,0.218,0.094,-0.642,0.695,0.123,0.448,0.076,0.479,0.393,0.841,-0.149,0.367,-0.827,0.701,-0.84,0.443,0.65,-0.73,0.505,-0.764,0.088,0.63,0.809,-0.889,-0.154,0.27,0.838,0.824,0.196,0.639,0.648,0.533,0.431,-0.235,0.012,0.561,0.155,-0.321,-0.721,0.076,0.465,0.204,0.44,0.335,0.475,-0.708,-0.539,-0.201,0.309,0.691,-0.101,0.815,0.447,0.453,0.013,0.601,-0.165,0.247,0.734,0.772,-0.177,-0.901,-0.141,0.219,-0.078,0.044,0.284,-0.927,0.843,0.299
AZN,0.525,0.68,0.506,-0.269,0.581,0.717,0.677,0.63,-0.371,0.628,-0.111,0.673,-0.014,0.676,0.58,0.756,0.194,0.589,0.598,0.674,0.351,0.496,0.0,0.402,0.593,0.668,-0.007,0.726,0.457,0.376,0.121,0.646,0.667,0.388,0.199,0.697,0.676,0.768,0.59,0.554,0.504,0.472,0.725,-0.6,0.061,0.781,-0.477,0.706,-0.299,-0.174,0.653,-0.211,0.692,-0.177,0.682,0.765,0.703,0.794,-0.385,0.59,0.802,-0.091,-0.098,0.122,0.705,0.606,0.787,0.737,0.697,0.171,0.713,0.524,0.706,0.107,0.33,0.754,0.768,0.722,-0.156,0.244,0.676,0.767,0.756,0.39,0.657,0.562,0.323,0.749,0.078,-0.216,0.412,0.801,0.629,0.452,0.74,0.09,0.647,0.725,0.745,0.733,0.688,0.011,0.704,0.477,0.632,0.694,0.756,-0.674,0.682,-0.335,0.415,0.672,0.765,0.746,0.457,0.765,-0.104,0.794,0.759,0.765,-0.015,0.472,-0.611,0.785,0.357,0.791,0.765,0.242,-0.667,0.742,0.426,0.672,-0.162,0.562,0.151,0.081,0.369,0.819,0.636,0.538,0.08,0.758,-0.189,0.701,-0.472,0.512,0.69,0.055,0.81,-0.468,0.636,0.821,0.658,-0.435,-0.647,0.722,0.614,0.729,0.671,0.771,0.637,0.824,0.753,0.431,0.544,0.272,0.699,0.215,-0.366,0.669,0.559,0.688,0.774,0.752,0.76,-0.359,0.163,-0.529,0.044,0.707,0.295,0.678,0.726,0.096,0.439,0.829,0.406,0.312,0.693,0.735,0.51,-0.376,0.231,0.658,0.574,0.285,0.754,-0.417,0.378,0.792
BANR,0.503,0.313,-0.13,0.203,0.611,0.182,0.183,0.209,0.159,0.025,0.567,0.593,-0.527,0.179,0.635,0.205,0.141,0.377,-0.05,0.106,0.144,-0.202,0.402,0.0,0.296,0.13,0.612,0.542,0.283,0.266,0.63,0.294,0.557,-0.193,0.4,0.068,0.767,0.637,-0.068,0.014,0.056,0.419,0.275,0.069,0.662,0.584,0.051,0.772,-0.648,0.425,0.397,0.451,0.686,0.401,0.02,0.145,0.308,0.639,0.364,0.281,0.509,-0.479,0.369,0.737,0.099,0.357,0.479,0.784,0.08,0.623,0.176,0.755,0.796,-0.458,0.755,0.338,0.683,0.265,0.377,0.431,0.75,0.123,0.123,0.753,0.399,-0.107,0.761,0.407,0.419,0.237,-0.017,0.418,0.821,0.78,0.602,-0.469,0.782,0.683,0.394,0.072,0.138,-0.035,0.267,-0.173,-0.058,0.128,0.455,-0.38,0.048,0.365,0.671,0.449,0.252,0.482,-0.224,0.098,-0.513,0.338,0.287,0.497,0.303,0.549,-0.102,0.267,0.104,0.345,0.297,0.348,-0.159,0.771,0.613,0.616,0.495,0.255,-0.02,-0.391,0.405,0.363,0.615,0.074,0.464,0.688,0.547,0.302,0.057,0.216,0.29,0.535,0.511,0.021,0.691,0.41,0.196,0.149,-0.521,0.542,0.059,0.203,0.514,0.342,0.203,0.48,0.365,0.518,0.407,0.018,0.743,0.618,0.174,0.829,0.311,0.713,0.673,0.666,0.423,0.148,0.503,-0.68,-0.308,0.257,0.403,0.023,0.5,-0.104,0.444,0.476,0.623,0.304,0.094,0.124,0.749,0.339,0.424,0.441,0.6,0.378,0.669,0.339,-0.006,0.603
BBIO,0.567,0.797,0.66,-0.455,0.695,0.895,0.845,0.823,-0.419,0.79,-0.128,0.746,0.318,0.869,0.673,0.801,-0.084,0.76,0.549,0.799,0.27,0.599,0.593,0.296,0.0,0.768,-0.085,0.845,0.509,0.507,-0.157,0.834,0.53,0.571,-0.087,0.822,0.759,0.83,0.604,0.414,0.201,0.248,0.718,-0.802,-0.061,0.869,-0.395,0.764,-0.394,-0.387,0.866,-0.444,0.736,0.12,0.468,0.799,0.859,0.827,-0.469,0.307,0.891,0.116,-0.341,-0.014,0.507,0.158,0.813,0.727,0.795,0.025,0.828,0.352,0.691,0.208,0.03,0.868,0.732,0.838,-0.497,0.077,0.795,0.766,0.779,0.443,0.917,0.355,0.236,0.82,-0.293,-0.215,0.59,0.726,0.702,0.423,0.749,0.319,0.713,0.722,0.902,0.621,0.664,-0.063,0.826,0.468,0.587,0.875,0.878,-0.827,0.806,-0.251,0.005,0.539,0.885,0.883,0.345,0.745,0.254,0.888,0.832,0.881,-0.093,0.605,-0.836,0.788,0.236,0.741,0.873,0.058,-0.882,0.686,0.41,0.683,-0.22,0.872,-0.06,0.021,0.587,0.735,0.793,0.589,0.441,0.819,-0.216,0.92,-0.574,0.342,0.888,-0.292,0.705,-0.786,0.675,0.878,0.743,-0.668,-0.531,0.695,0.666,0.767,0.363,0.847,0.892,0.81,0.722,-0.027,0.599,0.634,0.728,0.327,-0.703,0.667,0.763,0.764,0.812,0.762,0.842,-0.271,0.066,-0.684,-0.084,0.779,0.422,0.767,0.754,0.174,0.295,0.799,0.537,0.182,0.728,0.859,0.429,-0.453,-0.006,0.781,0.333,0.016,0.814,-0.49,0.492,0.634
BCYC,0.35,0.552,0.75,-0.525,0.412,0.84,0.764,0.74,-0.483,0.93,-0.515,0.684,0.454,0.846,0.366,0.883,-0.102,0.742,0.684,0.781,0.326,0.818,0.668,0.13,0.768,0.0,-0.333,0.745,0.428,0.441,-0.331,0.841,0.555,0.742,-0.29,0.812,0.515,0.672,0.79,0.809,0.313,0.328,0.83,-0.838,-0.32,0.695,-0.495,0.529,-0.032,-0.589,0.705,-0.675,0.605,-0.205,0.771,0.902,0.867,0.698,-0.729,0.554,0.787,0.285,-0.426,-0.302,0.705,0.359,0.665,0.567,0.88,-0.199,0.769,0.126,0.544,0.406,0.009,0.866,0.602,0.867,-0.549,-0.118,0.577,0.87,0.866,0.07,0.71,0.654,-0.003,0.782,-0.268,-0.431,0.609,0.644,0.442,0.085,0.603,0.603,0.41,0.536,0.816,0.791,0.854,-0.066,0.861,0.744,0.852,0.882,0.861,-0.788,0.891,-0.509,-0.07,0.413,0.888,0.762,0.693,0.871,0.314,0.849,0.829,0.823,-0.099,0.375,-0.805,0.835,0.165,0.675,0.841,0.063,-0.752,0.531,0.42,0.387,-0.462,0.791,0.112,0.308,0.329,0.655,0.613,0.804,0.054,0.673,-0.53,0.865,-0.771,0.525,0.81,-0.453,0.676,-0.76,0.402,0.84,0.811,-0.849,-0.394,0.551,0.925,0.825,0.341,0.775,0.752,0.806,0.639,0.087,0.228,0.48,0.487,-0.0,-0.714,0.428,0.683,0.504,0.721,0.663,0.703,-0.613,-0.194,-0.489,0.268,0.789,0.067,0.867,0.643,0.413,0.233,0.847,0.111,0.269,0.754,0.866,0.204,-0.749,-0.014,0.491,0.193,0.254,0.592,-0.785,0.655,0.6
BHFAP,0.095,-0.012,-0.636,0.563,0.528,-0.113,-0.401,-0.065,0.351,-0.496,0.78,0.046,-0.523,-0.378,0.402,-0.312,-0.006,-0.232,-0.436,-0.506,-0.172,-0.522,-0.007,0.612,-0.085,-0.333,0.0,0.165,-0.177,0.302,0.75,-0.331,-0.042,-0.582,0.177,-0.469,0.313,0.066,-0.611,-0.555,-0.123,-0.043,-0.314,0.388,0.457,0.124,0.506,0.343,-0.755,0.411,-0.181,0.699,0.439,0.583,-0.449,-0.33,-0.066,0.104,0.75,-0.119,0.003,-0.808,0.146,0.819,-0.184,-0.191,0.037,0.242,-0.454,0.529,-0.353,0.44,0.258,-0.493,0.382,-0.249,0.056,-0.271,0.528,0.34,0.309,-0.445,-0.454,0.654,-0.106,-0.581,0.42,-0.215,0.547,0.777,-0.629,0.047,0.394,0.692,0.089,-0.561,0.434,0.373,-0.118,-0.395,-0.244,0.078,-0.382,-0.723,-0.468,-0.351,-0.11,-0.109,-0.535,0.756,0.464,-0.076,-0.279,-0.043,-0.605,-0.355,-0.438,-0.142,-0.303,-0.086,-0.192,0.583,0.275,-0.254,-0.003,0.046,-0.278,0.027,0.308,0.289,0.516,0.397,0.678,-0.198,-0.052,-0.81,-0.111,-0.158,0.34,-0.536,0.597,0.123,0.597,-0.204,0.238,-0.524,-0.29,0.589,0.171,0.364,0.227,-0.099,-0.082,0.596,-0.124,0.214,-0.332,-0.265,0.029,0.056,-0.319,-0.084,-0.218,0.363,0.239,-0.2,0.238,0.288,0.642,0.405,-0.273,0.407,0.151,0.012,0.073,0.628,0.539,-0.388,-0.809,0.003,0.105,-0.541,-0.099,-0.62,0.173,-0.046,0.643,-0.321,-0.384,-0.345,0.675,0.737,-0.135,0.018,0.257,0.425,0.176,0.714,-0.283,0.077
BKR,0.553,0.722,0.519,-0.317,0.821,0.83,0.709,0.836,-0.381,0.719,-0.022,0.844,0.163,0.79,0.679,0.801,-0.111,0.763,0.447,0.665,0.255,0.561,0.726,0.542,0.845,0.745,0.165,0.0,0.469,0.52,0.044,0.808,0.654,0.449,-0.057,0.682,0.823,0.852,0.57,0.416,0.194,0.391,0.771,-0.708,0.079,0.895,-0.243,0.848,-0.49,-0.321,0.798,-0.334,0.892,0.238,0.499,0.796,0.901,0.873,-0.342,0.416,0.901,-0.092,-0.339,0.172,0.556,0.259,0.801,0.813,0.738,0.185,0.716,0.44,0.808,0.143,0.228,0.847,0.809,0.785,-0.359,0.083,0.893,0.718,0.718,0.531,0.818,0.371,0.349,0.821,-0.042,0.001,0.444,0.785,0.784,0.566,0.803,0.233,0.808,0.85,0.912,0.615,0.715,-0.078,0.8,0.404,0.594,0.805,0.927,-0.935,0.71,-0.125,0.188,0.562,0.857,0.89,0.269,0.74,0.147,0.883,0.801,0.914,-0.121,0.745,-0.76,0.833,0.16,0.777,0.803,0.139,-0.744,0.797,0.622,0.765,-0.163,0.799,0.008,-0.074,0.463,0.739,0.876,0.577,0.431,0.877,-0.134,0.88,-0.661,0.366,0.795,-0.136,0.884,-0.685,0.703,0.887,0.841,-0.525,-0.578,0.768,0.671,0.823,0.504,0.881,0.787,0.813,0.668,0.16,0.529,0.541,0.783,0.277,-0.438,0.777,0.667,0.85,0.9,0.798,0.878,-0.303,0.157,-0.802,-0.226,0.862,0.306,0.683,0.79,0.152,0.426,0.854,0.562,0.233,0.694,0.794,0.565,-0.338,0.104,0.707,0.433,0.32,0.849,-0.421,0.544,0.741
BLDP,0.769,0.68,0.31,-0.283,0.432,0.398,0.602,0.343,-0.168,0.407,0.12,0.281,-0.007,0.599,0.628,0.603,0.436,0.431,0.48,0.609,0.687,0.123,0.457,0.283,0.509,0.428,-0.177,0.469,0.0,0.427,0.235,0.545,0.72,0.112,0.402,0.63,0.602,0.657,0.519,0.425,0.531,0.392,0.676,-0.263,0.248,0.558,-0.511,0.572,-0.122,-0.029,0.643,-0.078,0.369,-0.202,0.413,0.45,0.397,0.573,-0.321,0.175,0.633,0.052,0.188,0.105,0.342,0.587,0.485,0.626,0.53,0.444,0.538,0.551,0.593,0.116,0.458,0.553,0.681,0.494,-0.003,0.508,0.522,0.567,0.592,0.348,0.462,0.303,0.367,0.702,0.014,-0.435,0.565,0.597,0.529,0.369,0.537,-0.078,0.514,0.609,0.622,0.498,0.445,0.253,0.536,0.294,0.303,0.524,0.602,-0.385,0.53,-0.334,0.312,0.385,0.563,0.53,0.235,0.563,0.027,0.592,0.464,0.579,0.392,0.075,-0.322,0.531,0.311,0.625,0.664,0.197,-0.462,0.599,-0.06,0.532,-0.125,0.322,-0.081,0.148,0.567,0.621,0.34,0.327,0.001,0.637,0.218,0.527,-0.123,0.529,0.506,0.142,0.424,-0.281,0.622,0.576,0.26,-0.212,-0.51,0.697,0.293,0.479,0.518,0.453,0.596,0.608,0.732,0.149,0.431,0.293,0.613,0.381,-0.392,0.519,0.626,0.496,0.568,0.684,0.535,-0.08,0.292,-0.454,0.24,0.451,0.369,0.588,0.621,0.249,0.69,0.506,0.259,0.102,0.514,0.554,0.385,-0.112,0.353,0.671,0.543,-0.08,0.63,-0.234,-0.05,0.693
BLFS,0.409,0.489,0.147,0.143,0.609,0.525,0.308,0.37,-0.183,0.297,0.13,0.311,0.136,0.333,0.588,0.375,0.087,0.236,0.334,0.254,0.185,0.212,0.376,0.266,0.507,0.441,0.302,0.52,0.427,0.0,0.248,0.273,0.302,0.171,-0.159,0.349,0.449,0.447,0.097,0.228,0.367,0.103,0.396,-0.326,-0.094,0.481,-0.089,0.51,-0.382,-0.219,0.378,-0.023,0.571,0.083,0.316,0.39,0.499,0.464,-0.123,0.192,0.493,-0.243,-0.171,0.173,0.431,0.155,0.395,0.483,0.351,0.184,0.227,0.347,0.435,0.074,0.183,0.381,0.359,0.414,-0.022,0.313,0.496,0.272,0.284,0.361,0.401,-0.085,0.03,0.353,0.217,0.155,0.087,0.472,0.477,0.374,0.463,0.129,0.473,0.56,0.435,0.388,0.442,0.342,0.299,0.052,0.294,0.385,0.479,-0.506,0.278,0.026,0.246,0.125,0.401,0.467,0.235,0.385,0.098,0.48,0.281,0.445,-0.208,0.534,-0.306,0.273,0.309,0.589,0.387,0.111,-0.375,0.469,0.435,0.463,0.23,0.324,0.126,-0.395,0.154,0.309,0.568,0.148,0.343,0.456,-0.005,0.392,-0.228,-0.045,0.284,0.078,0.466,-0.182,0.378,0.465,0.378,-0.157,-0.225,0.618,0.4,0.407,0.207,0.576,0.319,0.467,0.366,0.275,0.342,0.26,0.396,0.193,-0.143,0.443,0.209,0.578,0.506,0.407,0.425,0.099,0.05,-0.543,-0.244,0.57,0.179,0.296,0.282,-0.247,0.42,0.461,0.407,-0.326,0.279,0.392,0.554,0.002,-0.333,0.32,0.334,0.253,0.462,-0.072,0.179,0.458
BLKB,0.347,0.124,-0.613,0.497,0.446,-0.205,-0.261,-0.172,0.361,-0.512,0.79,-0.069,-0.763,-0.315,0.54,-0.195,0.514,-0.233,-0.187,-0.311,0.213,-0.653,0.121,0.63,-0.157,-0.331,0.75,0.044,0.235,0.248,0.0,-0.287,0.243,-0.746,0.645,-0.303,0.407,0.197,-0.427,-0.381,0.284,0.247,-0.119,0.516,0.679,0.169,0.161,0.399,-0.604,0.563,-0.092,0.813,0.314,0.185,-0.23,-0.306,-0.163,0.169,0.637,-0.037,0.08,-0.714,0.518,0.814,-0.028,0.307,0.102,0.377,-0.369,0.787,-0.251,0.7,0.378,-0.486,0.719,-0.202,0.261,-0.221,0.791,0.738,0.304,-0.283,-0.283,0.654,-0.166,-0.369,0.585,-0.037,0.646,0.405,-0.413,0.21,0.439,0.746,0.2,-0.791,0.472,0.418,-0.083,-0.187,-0.219,0.293,-0.332,-0.591,-0.432,-0.332,-0.088,0.045,-0.445,0.466,0.742,0.131,-0.233,-0.041,-0.432,-0.218,-0.682,-0.08,-0.263,-0.061,0.148,0.296,0.383,-0.184,0.239,0.205,-0.14,0.237,0.317,0.447,0.204,0.438,0.673,-0.366,-0.092,-0.616,0.07,0.063,0.166,-0.515,0.271,0.225,0.779,-0.233,0.467,-0.176,-0.289,0.851,0.154,0.52,0.425,-0.018,-0.232,0.657,-0.33,0.392,-0.377,-0.245,0.367,0.016,-0.265,0.09,0.097,0.559,0.355,-0.35,0.39,0.397,0.574,0.485,-0.135,0.398,0.208,0.207,0.076,0.63,0.713,-0.336,-0.445,-0.064,0.217,-0.387,0.115,-0.499,0.448,0.022,0.54,-0.173,-0.236,-0.281,0.721,0.754,0.226,0.21,0.613,0.292,0.29,0.69,-0.557,0.358
