,ABAT,ACLS,ACMR,ADMA,ADUS,ADVM,AEIS,AGNCM,AHCO,ALGT,ALLO,AMSF,ANAB,ANDE,APLS,APPF,ASML,ATRC,AVGO,AVT,AXDX,AXSM,AZN,BANR,BBIO,BCYC,BHFAP,BKR,BLDP,BLFS,BLKB,BLMN,BNTX,BPMC,CALM,CAMT,CASH,CATY,CCEP,CDLX,CDNS,CENN,CENX,CGC,CHDN,CLBK,COKE,COLB,COO,CORT,CRMT,CRNX,CRTO,CRVL,CSCO,CSQ,CSWI,CVBF,CWST,CYCC,CZR,DLTR,DORM,ENTA,EQIX,ERIC,EVRG,EWBC,EXAS,EXLS,EXPI,EYE,FBNC,FBRX,FCNCA,FELE,FIBK,FLEX,FRGT,FRHC,FRME,FWONA,FWONK,GDEN,GIII,GILD,GLNG,GNTX,GOOGL,GRPN,HCSG,HIMX,HOPE,HST,HTLD,HUT,HWC,ICUI,IESC,INTC,INTU,IOVA,IPAR,IPGP,ISRG,JBSS,KALU,KPRX,KRNT,LAUR,LBRDA,LBTYK,LECO,LILAK,LITE,MANH,MDXG,MFIC,MGEE,MIDD,MLAB,MMSI,MNKD,MOMO,MRVL,NICE,NMFC,NUWE,NVCR,NWBI,OFIX,OFLX,OMCL,OPK,ORKA,ORLY,OTTR,PDD,PNTG,POOL,POWL,PPBI,PPC,PRAA,PRPL,PZZA,QTRX,QURE,RDFN,RDHL,REAL,REG,REYN,RGLD,RIOT,RUN,RYTM,SAIA,SBAC,SBRA,SCVL,SHOO,SLAB,SLDB,SMCI,SMTC,SRCE,SSP,SSRM,STBA,STRO,SVC,SYBT,TCBI,TCOM,TENX,TH,TMUS,TNDM,TTD,TTMI,UAL,ULH,ULTA,VCYT,VIRT,VKTX,VOD,VRDN,VREX,VRNT,VSAT,WB,WBD,WDC,WEN,WSFS,XXII,Z,ZBRA
ABAT,0.0,0.837,0.688,0.791,0.171,0.326,0.576,0.763,-0.425,0.838,0.412,0.782,0.496,0.82,0.65,0.389,0.472,0.522,0.769,0.774,-0.643,-0.005,-0.698,0.521,0.855,0.591,0.443,0.642,0.656,0.33,0.35,0.808,-0.516,-0.647,0.344,0.604,0.783,0.802,-0.393,0.8,0.76,0.785,0.58,0.404,0.689,-0.47,0.751,0.85,0.257,0.552,0.883,0.538,0.847,0.918,-0.111,0.826,0.794,0.125,0.138,0.64,0.769,0.557,0.771,0.671,0.613,-0.433,-0.073,0.853,0.328,-0.047,0.773,0.67,0.439,-0.205,-0.468,0.879,-0.366,0.148,0.703,0.125,0.672,0.76,0.76,0.652,0.469,0.098,0.547,0.542,0.752,-0.138,-0.121,0.8,0.752,0.746,0.118,0.735,0.758,0.652,0.699,-0.216,0.786,0.675,0.706,0.783,-0.275,0.736,0.413,0.507,0.374,0.423,0.66,-0.021,0.901,0.637,0.753,0.868,0.881,0.341,0.533,0.813,-0.168,0.735,0.532,0.282,0.794,0.799,0.411,0.831,0.01,0.612,0.77,0.823,0.385,-0.296,-0.802,-0.164,0.707,0.063,0.745,0.824,0.843,0.823,-0.78,0.816,-0.001,0.838,0.431,0.23,0.877,0.725,0.783,0.161,-0.51,-0.113,0.565,-0.059,-0.703,0.893,-0.101,0.457,0.578,0.639,0.87,0.667,0.431,0.733,-0.117,0.811,-0.657,0.857,-0.809,0.714,-0.111,0.888,-0.311,-0.551,-0.921,-0.407,0.579,0.76,-0.574,0.252,0.804,0.902,0.189,-0.755,0.61,-0.247,-0.406,-0.792,0.717,-0.562,0.688,0.724,0.639,0.216,0.697,-0.379,0.752,0.804
ACLS,0.837,0.0,0.871,0.897,0.299,0.374,0.733,0.914,-0.417,0.863,0.681,0.842,0.56,0.863,0.638,0.245,0.741,0.632,0.9,0.912,-0.389,0.12,-0.809,0.491,0.872,0.537,0.613,0.608,0.814,0.436,0.56,0.712,-0.502,-0.553,0.295,0.768,0.848,0.747,-0.459,0.86,0.929,0.788,0.751,0.479,0.851,-0.62,0.855,0.876,0.291,0.575,0.879,0.764,0.837,0.924,0.03,0.931,0.863,-0.052,0.335,0.621,0.96,0.709,0.859,0.66,0.723,-0.503,-0.05,0.896,0.127,0.113,0.922,0.72,0.277,-0.276,-0.574,0.877,-0.395,0.303,0.745,0.406,0.567,0.9,0.895,0.877,0.545,0.009,0.664,0.638,0.81,0.182,-0.096,0.9,0.617,0.893,0.203,0.838,0.757,0.764,0.637,-0.132,0.855,0.859,0.708,0.898,-0.374,0.7,0.538,0.471,0.271,0.642,0.894,0.09,0.895,0.772,0.874,0.871,0.855,0.398,0.379,0.869,-0.091,0.719,0.731,0.522,0.951,0.932,0.558,0.806,-0.027,0.46,0.911,0.874,0.38,-0.454,-0.77,-0.204,0.666,0.34,0.769,0.869,0.831,0.753,-0.68,0.951,0.027,0.863,0.567,0.171,0.835,0.761,0.801,0.373,-0.487,0.135,0.643,-0.235,-0.551,0.907,-0.252,0.523,0.849,0.751,0.911,0.772,0.49,0.844,-0.307,0.879,-0.524,0.817,-0.66,0.847,-0.212,0.845,-0.051,-0.587,-0.877,-0.334,0.475,0.868,-0.648,0.339,0.777,0.948,0.376,-0.796,0.506,-0.119,-0.187,-0.737,0.795,-0.518,0.868,0.897,0.827,0.043,0.686,-0.221,0.807,0.912
ACMR,0.688,0.871,0.0,0.836,0.328,0.349,0.522,0.85,-0.266,0.625,0.817,0.794,0.336,0.639,0.541,-0.085,0.671,0.535,0.786,0.88,-0.215,0.375,-0.832,0.355,0.625,0.527,0.793,0.455,0.825,0.171,0.609,0.51,-0.467,-0.361,0.554,0.602,0.796,0.514,-0.437,0.835,0.917,0.792,0.757,0.626,0.863,-0.846,0.746,0.701,0.271,0.434,0.705,0.709,0.651,0.812,0.193,0.803,0.713,-0.392,0.399,0.328,0.911,0.749,0.836,0.552,0.783,-0.521,0.056,0.868,0.036,0.03,0.905,0.634,-0.05,-0.279,-0.688,0.688,-0.626,0.055,0.724,0.482,0.378,0.849,0.835,0.739,0.689,-0.224,0.736,0.566,0.737,0.388,-0.115,0.846,0.319,0.906,0.289,0.736,0.596,0.827,0.33,-0.316,0.868,0.924,0.718,0.845,-0.505,0.434,0.405,0.258,0.069,0.778,0.815,0.28,0.736,0.896,0.781,0.635,0.665,0.386,0.31,0.778,0.047,0.579,0.853,0.613,0.861,0.734,0.643,0.642,-0.072,0.225,0.883,0.69,0.294,-0.612,-0.739,-0.347,0.53,0.644,0.787,0.803,0.565,0.499,-0.637,0.878,0.103,0.799,0.479,-0.122,0.674,0.694,0.727,0.542,-0.294,0.358,0.553,-0.286,-0.622,0.824,-0.308,0.595,0.831,0.786,0.707,0.767,0.175,0.818,-0.492,0.777,-0.242,0.691,-0.479,0.942,-0.545,0.654,0.133,-0.422,-0.792,-0.049,0.161,0.817,-0.707,0.095,0.497,0.854,0.275,-0.756,0.169,0.189,-0.026,-0.506,0.7,-0.481,0.902,0.894,0.939,-0.211,0.422,-0.105,0.721,0.837
ADMA,0.791,0.897,0.836,0.0,0.14,0.492,0.679,0.816,-0.346,0.815,0.752,0.919,0.468,0.831,0.729,0.155,0.667,0.663,0.907,0.923,-0.439,0.135,-0.82,0.578,0.82,0.604,0.628,0.694,0.811,0.321,0.517,0.697,-0.392,-0.389,0.418,0.606,0.914,0.776,-0.358,0.903,0.84,0.871,0.722,0.61,0.78,-0.675,0.874,0.896,0.431,0.425,0.89,0.609,0.74,0.903,0.263,0.919,0.875,0.004,0.307,0.526,0.918,0.722,0.899,0.724,0.792,-0.366,0.193,0.943,0.212,0.177,0.924,0.819,0.317,-0.275,-0.54,0.87,-0.42,0.212,0.797,0.485,0.681,0.823,0.808,0.81,0.642,0.069,0.594,0.609,0.801,0.3,0.052,0.891,0.608,0.903,0.199,0.802,0.832,0.8,0.506,-0.14,0.878,0.877,0.739,0.871,-0.335,0.726,0.635,0.335,0.373,0.621,0.84,0.159,0.897,0.836,0.796,0.832,0.823,0.551,0.55,0.901,-0.109,0.715,0.805,0.608,0.907,0.806,0.72,0.756,0.186,0.576,0.874,0.846,0.442,-0.468,-0.661,-0.223,0.764,0.425,0.78,0.874,0.78,0.77,-0.782,0.876,0.187,0.891,0.449,0.228,0.853,0.837,0.859,0.553,-0.312,0.241,0.703,-0.133,-0.547,0.893,-0.049,0.645,0.765,0.809,0.858,0.737,0.438,0.765,-0.186,0.914,-0.411,0.869,-0.544,0.888,-0.207,0.815,-0.141,-0.529,-0.866,-0.136,0.449,0.913,-0.568,0.378,0.713,0.913,0.359,-0.777,0.408,-0.015,-0.172,-0.73,0.85,-0.439,0.84,0.934,0.825,-0.003,0.676,-0.3,0.84,0.866
ADUS,0.171,0.299,0.328,0.14,0.0,-0.043,0.352,0.341,0.213,0.242,0.29,0.127,0.316,0.087,0.058,-0.112,0.403,0.348,0.047,0.221,0.324,0.583,-0.418,0.092,0.058,-0.155,0.421,-0.334,0.36,0.467,0.491,0.077,-0.336,-0.165,0.263,0.689,0.059,0.066,-0.14,0.222,0.514,0.197,0.523,0.388,0.554,-0.172,0.143,0.02,0.155,0.67,0.096,0.578,0.036,0.306,-0.181,0.161,0.081,-0.296,0.424,0.27,0.302,0.366,0.322,-0.089,0.176,-0.506,-0.451,0.098,-0.008,-0.238,0.28,-0.023,-0.316,-0.011,-0.147,0.151,-0.218,0.447,0.188,0.139,-0.216,0.49,0.499,0.316,0.377,-0.62,0.638,0.531,0.5,0.264,0.106,0.381,0.064,0.375,0.576,0.524,-0.104,0.551,0.164,0.127,0.32,0.285,0.462,0.398,-0.023,-0.176,0.007,-0.172,-0.201,0.65,0.443,0.401,0.083,0.307,0.539,0.115,-0.032,0.272,-0.128,0.228,0.733,0.444,0.148,0.095,0.328,0.367,0.281,0.156,-0.465,-0.211,0.469,0.074,0.208,0.001,-0.246,-0.413,-0.0,0.161,0.368,0.308,0.192,-0.029,0.132,0.362,0.159,0.077,0.601,-0.283,0.123,-0.073,0.249,0.126,-0.144,0.08,0.405,-0.014,-0.257,0.268,-0.418,0.348,0.477,0.39,0.173,0.482,-0.27,0.638,-0.62,0.206,0.039,-0.102,0.066,0.332,-0.246,0.248,0.188,0.151,-0.077,-0.181,0.296,0.171,0.119,-0.067,-0.028,0.174,0.162,-0.121,-0.278,0.254,0.237,0.131,0.165,0.089,0.426,0.217,0.376,0.01,-0.014,0.588,0.357,0.399
ADVM,0.326,0.374,0.349,0.492,-0.043,0.0,0.321,0.259,-0.222,0.513,0.479,0.536,0.157,0.365,0.571,-0.154,0.287,0.562,0.419,0.488,-0.344,0.124,-0.477,0.437,0.407,0.414,0.256,0.303,0.399,0.115,0.194,0.379,-0.113,0.028,0.216,0.247,0.563,0.456,-0.208,0.549,0.321,0.554,0.238,0.46,0.33,-0.317,0.49,0.543,0.406,0.256,0.542,0.17,0.24,0.461,0.365,0.452,0.506,0.066,0.097,0.199,0.392,0.423,0.551,0.366,0.428,-0.097,0.281,0.499,0.185,0.009,0.506,0.596,0.212,-0.117,-0.324,0.447,-0.235,-0.007,0.625,0.236,0.477,0.387,0.375,0.379,0.53,0.012,0.168,0.341,0.508,0.394,0.237,0.429,0.393,0.502,0.095,0.406,0.494,0.542,0.068,0.082,0.48,0.47,0.51,0.454,-0.181,0.459,0.532,-0.125,0.341,0.382,0.478,0.063,0.453,0.541,0.365,0.448,0.357,0.337,0.462,0.504,0.017,0.401,0.469,0.277,0.434,0.268,0.503,0.35,0.431,0.449,0.456,0.541,0.259,-0.283,-0.177,-0.114,0.591,0.209,0.479,0.504,0.4,0.473,-0.486,0.409,0.298,0.545,0.085,0.148,0.528,0.458,0.582,0.436,0.146,0.213,0.475,-0.014,-0.282,0.446,0.207,0.507,0.407,0.546,0.424,0.306,0.13,0.338,-0.056,0.551,-0.141,0.494,-0.183,0.48,0.025,0.423,-0.168,-0.132,-0.415,-0.0,0.256,0.57,-0.183,0.271,0.237,0.396,0.113,-0.338,0.074,0.016,-0.096,-0.31,0.473,0.06,0.428,0.581,0.442,-0.257,0.344,-0.324,0.47,0.462
AEIS,0.576,0.733,0.522,0.679,0.352,0.321,0.0,0.547,-0.237,0.751,0.541,0.641,0.532,0.708,0.623,0.432,0.849,0.669,0.799,0.722,-0.314,0.021,-0.609,0.614,0.716,0.364,0.397,0.457,0.768,0.618,0.73,0.677,-0.013,-0.26,0.044,0.772,0.673,0.757,-0.099,0.673,0.663,0.566,0.651,0.503,0.519,-0.213,0.809,0.742,0.658,0.516,0.743,0.466,0.53,0.68,0.269,0.81,0.758,0.319,0.388,0.559,0.722,0.689,0.703,0.476,0.613,-0.053,0.19,0.625,0.397,0.375,0.685,0.742,0.502,-0.056,-0.095,0.765,0.089,0.583,0.539,0.585,0.616,0.615,0.61,0.804,0.526,0.068,0.444,0.769,0.724,0.298,0.384,0.664,0.647,0.645,0.418,0.724,0.715,0.588,0.622,0.433,0.704,0.544,0.665,0.821,0.168,0.631,0.694,0.264,0.611,0.446,0.757,0.192,0.701,0.452,0.725,0.736,0.592,0.678,0.53,0.792,0.157,0.701,0.468,0.461,0.813,0.766,0.585,0.633,0.283,0.575,0.652,0.646,0.526,-0.097,-0.336,0.13,0.717,0.215,0.484,0.737,0.842,0.738,-0.362,0.691,0.373,0.631,0.554,0.42,0.715,0.511,0.689,0.502,-0.174,0.148,0.809,0.207,-0.151,0.695,0.13,0.601,0.704,0.694,0.831,0.451,0.608,0.726,-0.014,0.759,-0.26,0.568,-0.277,0.559,0.247,0.732,-0.208,-0.308,-0.537,-0.157,0.63,0.751,-0.117,0.642,0.625,0.703,0.738,-0.417,0.397,-0.211,-0.014,-0.653,0.813,-0.032,0.618,0.687,0.515,0.172,0.681,-0.156,0.789,0.817
AGNCM,0.763,0.914,0.85,0.816,0.341,0.259,0.547,0.0,-0.488,0.746,0.653,0.766,0.476,0.746,0.434,0.155,0.592,0.438,0.769,0.784,-0.281,0.162,-0.78,0.359,0.779,0.512,0.598,0.46,0.671,0.378,0.487,0.534,-0.618,-0.577,0.287,0.722,0.689,0.581,-0.596,0.748,0.906,0.697,0.694,0.381,0.9,-0.642,0.701,0.734,0.064,0.512,0.731,0.817,0.811,0.836,-0.118,0.813,0.734,-0.244,0.284,0.509,0.899,0.585,0.749,0.645,0.615,-0.684,-0.205,0.794,-0.078,0.011,0.826,0.536,0.078,-0.326,-0.64,0.733,-0.501,0.244,0.64,0.303,0.366,0.905,0.901,0.78,0.421,-0.065,0.729,0.472,0.733,0.093,-0.33,0.822,0.422,0.842,0.136,0.776,0.589,0.713,0.577,-0.269,0.745,0.861,0.601,0.773,-0.566,0.527,0.296,0.525,0.001,0.62,0.822,0.082,0.763,0.73,0.784,0.727,0.794,0.222,0.135,0.722,-0.105,0.568,0.741,0.425,0.828,0.86,0.432,0.741,-0.266,0.237,0.888,0.772,0.198,-0.593,-0.808,-0.378,0.466,0.315,0.706,0.735,0.675,0.565,-0.649,0.92,-0.159,0.733,0.519,-0.032,0.683,0.664,0.639,0.251,-0.591,0.196,0.47,-0.457,-0.535,0.829,-0.481,0.38,0.812,0.634,0.753,0.775,0.307,0.757,-0.474,0.731,-0.495,0.685,-0.606,0.791,-0.393,0.73,0.127,-0.588,-0.829,-0.365,0.317,0.714,-0.705,0.138,0.72,0.85,0.159,-0.764,0.378,-0.042,-0.216,-0.571,0.611,-0.609,0.811,0.797,0.826,-0.075,0.52,-0.165,0.669,0.795
AHCO,-0.425,-0.417,-0.266,-0.346,0.213,-0.222,-0.237,-0.488,0.0,-0.421,-0.164,-0.434,0.039,-0.358,-0.064,-0.223,-0.103,0.127,-0.428,-0.263,0.513,0.44,0.374,-0.212,-0.53,-0.324,0.02,-0.297,-0.09,-0.114,-0.163,-0.342,0.132,0.409,0.331,-0.255,-0.253,-0.393,0.683,-0.276,-0.311,-0.234,-0.055,0.135,-0.349,0.099,-0.344,-0.478,0.196,0.058,-0.4,-0.217,-0.518,-0.313,0.159,-0.388,-0.43,-0.012,-0.119,-0.045,-0.385,-0.128,-0.222,-0.544,-0.127,0.3,0.046,-0.36,0.224,-0.061,-0.27,-0.297,-0.289,0.217,0.243,-0.362,0.08,-0.07,-0.254,-0.044,-0.286,-0.436,-0.427,-0.401,0.018,-0.376,-0.161,0.036,-0.29,0.324,0.493,-0.229,-0.256,-0.33,0.287,-0.212,-0.392,-0.15,-0.509,0.06,-0.233,-0.382,-0.15,-0.244,0.407,-0.361,0.042,-0.551,-0.026,0.068,-0.325,0.251,-0.406,-0.141,-0.183,-0.42,-0.587,0.198,0.043,-0.221,0.505,0.049,-0.413,0.034,-0.27,-0.338,0.001,-0.449,0.045,-0.187,-0.374,-0.499,0.271,0.616,0.461,0.059,-0.252,0.151,-0.116,-0.197,-0.398,-0.39,0.417,-0.442,0.38,-0.286,-0.077,0.033,-0.354,-0.343,-0.117,0.143,0.42,-0.003,0.047,0.511,0.097,-0.419,0.303,0.055,-0.346,-0.144,-0.401,-0.137,-0.263,-0.104,0.16,-0.264,0.469,-0.377,0.472,-0.208,-0.019,-0.403,-0.05,0.622,0.455,0.444,-0.092,-0.239,0.459,-0.023,-0.611,-0.398,0.143,0.263,-0.385,0.431,0.494,0.334,-0.145,0.308,-0.218,-0.309,-0.324,0.229,-0.394,0.593,-0.244,-0.345
ALGT,0.838,0.863,0.625,0.815,0.242,0.513,0.751,0.746,-0.421,0.0,0.485,0.795,0.616,0.879,0.759,0.374,0.614,0.725,0.815,0.804,-0.521,-0.083,-0.727,0.63,0.922,0.49,0.388,0.586,0.681,0.6,0.422,0.864,-0.403,-0.497,0.12,0.776,0.817,0.862,-0.429,0.836,0.759,0.767,0.627,0.438,0.688,-0.361,0.829,0.901,0.416,0.646,0.934,0.575,0.794,0.906,0.019,0.885,0.886,0.284,0.193,0.766,0.805,0.622,0.81,0.662,0.623,-0.342,-0.042,0.816,0.344,0.137,0.824,0.76,0.527,-0.205,-0.416,0.93,-0.212,0.398,0.773,0.244,0.714,0.782,0.781,0.784,0.498,0.116,0.445,0.668,0.864,0.079,0.066,0.82,0.847,0.781,0.136,0.833,0.814,0.704,0.74,0.066,0.779,0.687,0.698,0.84,-0.099,0.842,0.639,0.408,0.515,0.463,0.807,-0.046,0.908,0.604,0.838,0.939,0.867,0.454,0.522,0.861,-0.044,0.798,0.515,0.321,0.867,0.883,0.527,0.806,0.161,0.689,0.824,0.909,0.503,-0.241,-0.635,-0.143,0.784,0.026,0.691,0.849,0.91,0.888,-0.698,0.827,0.149,0.814,0.547,0.378,0.925,0.742,0.854,0.278,-0.416,-0.13,0.719,-0.01,-0.451,0.857,-0.047,0.565,0.681,0.721,0.92,0.661,0.551,0.747,-0.072,0.87,-0.676,0.831,-0.683,0.686,0.09,0.912,-0.348,-0.468,-0.827,-0.52,0.76,0.842,-0.412,0.478,0.81,0.851,0.414,-0.693,0.592,-0.317,-0.344,-0.729,0.782,-0.328,0.713,0.78,0.643,0.173,0.827,-0.307,0.872,0.87
ALLO,0.412,0.681,0.817,0.752,0.29,0.479,0.541,0.653,-0.164,0.485,0.0,0.75,0.268,0.481,0.525,-0.229,0.691,0.588,0.684,0.777,0.038,0.48,-0.812,0.352,0.487,0.421,0.703,0.245,0.818,0.196,0.733,0.283,-0.256,0.019,0.51,0.502,0.704,0.426,-0.274,0.73,0.735,0.721,0.716,0.76,0.705,-0.742,0.719,0.607,0.433,0.274,0.571,0.578,0.331,0.619,0.503,0.692,0.644,-0.336,0.489,0.134,0.787,0.724,0.791,0.468,0.709,-0.354,0.366,0.687,-0.074,0.127,0.79,0.667,-0.071,-0.205,-0.527,0.543,-0.479,0.127,0.657,0.661,0.333,0.655,0.631,0.65,0.756,-0.228,0.551,0.554,0.651,0.707,0.179,0.718,0.139,0.829,0.44,0.655,0.516,0.788,0.08,-0.067,0.739,0.893,0.711,0.762,-0.414,0.34,0.541,-0.051,0.117,0.779,0.748,0.32,0.551,0.818,0.629,0.458,0.44,0.583,0.349,0.708,0.146,0.478,0.878,0.631,0.758,0.541,0.778,0.469,0.153,0.186,0.737,0.578,0.223,-0.552,-0.429,-0.233,0.539,0.703,0.622,0.719,0.434,0.37,-0.47,0.759,0.376,0.684,0.418,-0.077,0.527,0.593,0.649,0.801,0.033,0.608,0.619,-0.179,-0.316,0.653,-0.103,0.707,0.809,0.82,0.555,0.608,0.142,0.678,-0.405,0.684,0.075,0.499,-0.089,0.836,-0.379,0.452,0.146,-0.258,-0.564,0.181,0.088,0.765,-0.389,0.252,0.285,0.646,0.377,-0.529,-0.075,0.317,0.254,-0.333,0.64,-0.094,0.77,0.859,0.829,-0.323,0.264,-0.063,0.646,0.735
AMSF,0.782,0.842,0.794,0.919,0.127,0.536,0.641,0.766,-0.434,0.795,0.75,0.0,0.441,0.836,0.699,0.093,0.572,0.639,0.848,0.878,-0.444,0.089,-0.861,0.567,0.822,0.529,0.538,0.6,0.785,0.39,0.517,0.718,-0.434,-0.427,0.416,0.553,0.896,0.805,-0.451,0.873,0.786,0.914,0.651,0.643,0.758,-0.611,0.873,0.902,0.382,0.419,0.89,0.569,0.66,0.866,0.241,0.867,0.885,0.03,0.258,0.468,0.878,0.648,0.88,0.708,0.656,-0.412,0.206,0.909,0.121,0.07,0.868,0.803,0.346,-0.244,-0.516,0.867,-0.399,0.222,0.846,0.421,0.702,0.777,0.757,0.78,0.697,0.159,0.529,0.617,0.813,0.251,0.066,0.848,0.606,0.867,0.149,0.796,0.815,0.794,0.503,-0.097,0.788,0.889,0.751,0.84,-0.379,0.738,0.639,0.247,0.361,0.585,0.771,-0.031,0.88,0.798,0.762,0.823,0.825,0.552,0.567,0.883,-0.157,0.69,0.801,0.453,0.855,0.712,0.716,0.826,0.211,0.586,0.865,0.895,0.321,-0.481,-0.629,-0.209,0.79,0.323,0.74,0.836,0.785,0.774,-0.816,0.871,0.244,0.857,0.468,0.213,0.856,0.848,0.828,0.525,-0.225,0.196,0.653,-0.119,-0.504,0.902,-0.097,0.639,0.73,0.828,0.822,0.733,0.38,0.7,-0.165,0.872,-0.463,0.851,-0.56,0.854,-0.157,0.814,-0.209,-0.542,-0.872,-0.231,0.443,0.86,-0.493,0.315,0.693,0.872,0.276,-0.768,0.39,-0.163,-0.224,-0.672,0.723,-0.33,0.766,0.912,0.792,-0.03,0.653,-0.378,0.821,0.843
ANAB,0.496,0.56,0.336,0.468,0.316,0.157,0.532,0.476,0.039,0.616,0.268,0.441,0.0,0.696,0.513,0.491,0.492,0.537,0.488,0.459,-0.124,-0.009,-0.301,0.418,0.649,0.22,0.075,0.426,0.478,0.656,0.253,0.556,-0.361,-0.339,0.045,0.563,0.434,0.607,-0.142,0.401,0.471,0.409,0.412,0.241,0.379,-0.016,0.511,0.512,0.219,0.606,0.563,0.515,0.492,0.57,-0.107,0.553,0.583,0.426,-0.142,0.822,0.52,0.359,0.49,0.344,0.322,-0.334,-0.153,0.417,0.373,0.183,0.448,0.343,0.457,0.187,0.018,0.65,0.111,0.617,0.375,0.224,0.445,0.467,0.478,0.509,0.198,0.16,0.399,0.496,0.51,-0.002,0.146,0.444,0.634,0.349,0.18,0.67,0.499,0.364,0.609,0.212,0.388,0.329,0.388,0.475,0.128,0.609,0.408,0.287,0.43,0.251,0.495,-0.089,0.545,0.271,0.54,0.603,0.524,0.409,0.307,0.595,-0.022,0.675,0.153,0.226,0.59,0.648,0.229,0.54,-0.055,0.479,0.478,0.578,0.466,0.28,-0.278,-0.003,0.434,-0.036,0.368,0.501,0.642,0.583,-0.245,0.459,0.048,0.386,0.354,0.637,0.57,0.458,0.547,0.144,-0.328,-0.145,0.579,0.225,-0.128,0.491,-0.013,0.293,0.377,0.396,0.596,0.522,0.537,0.503,0.085,0.518,-0.445,0.469,-0.272,0.321,0.201,0.562,-0.231,-0.298,-0.458,-0.387,0.675,0.444,-0.037,0.579,0.558,0.468,0.456,-0.416,0.578,-0.258,-0.09,-0.48,0.495,-0.201,0.384,0.412,0.216,0.621,0.615,0.147,0.561,0.471
ANDE,0.82,0.863,0.639,0.831,0.087,0.365,0.708,0.746,-0.358,0.879,0.481,0.836,0.696,0.0,0.709,0.406,0.594,0.636,0.855,0.81,-0.49,-0.127,-0.648,0.551,0.924,0.48,0.345,0.742,0.681,0.598,0.335,0.821,-0.464,-0.59,0.204,0.644,0.817,0.849,-0.352,0.771,0.733,0.764,0.625,0.409,0.648,-0.362,0.833,0.892,0.306,0.579,0.908,0.613,0.781,0.872,-0.04,0.876,0.869,0.307,0.057,0.789,0.817,0.53,0.756,0.636,0.527,-0.359,-0.008,0.819,0.266,0.121,0.792,0.689,0.541,-0.145,-0.378,0.922,-0.146,0.403,0.715,0.288,0.731,0.696,0.694,0.786,0.43,0.3,0.429,0.602,0.74,0.006,0.033,0.787,0.79,0.693,0.029,0.815,0.816,0.593,0.745,-0.023,0.672,0.685,0.564,0.777,-0.153,0.874,0.656,0.456,0.496,0.385,0.74,-0.226,0.906,0.576,0.767,0.918,0.906,0.47,0.539,0.844,-0.285,0.742,0.498,0.373,0.85,0.856,0.501,0.88,0.126,0.682,0.752,0.906,0.454,-0.156,-0.586,-0.065,0.738,0.095,0.666,0.784,0.899,0.866,-0.716,0.796,0.08,0.786,0.534,0.519,0.877,0.825,0.787,0.27,-0.435,-0.103,0.641,0.004,-0.383,0.846,-0.062,0.452,0.616,0.636,0.899,0.713,0.652,0.669,0.033,0.826,-0.686,0.857,-0.691,0.657,0.064,0.86,-0.292,-0.596,-0.835,-0.477,0.678,0.786,-0.432,0.515,0.855,0.855,0.373,-0.771,0.71,-0.393,-0.266,-0.815,0.728,-0.431,0.673,0.776,0.56,0.322,0.824,-0.27,0.764,0.769
APLS,0.65,0.638,0.541,0.729,0.058,0.571,0.623,0.434,-0.064,0.759,0.525,0.699,0.513,0.709,0.0,0.208,0.516,0.785,0.697,0.748,-0.465,0.083,-0.596,0.669,0.689,0.513,0.407,0.555,0.676,0.352,0.377,0.738,-0.215,-0.097,0.408,0.458,0.825,0.732,-0.047,0.808,0.542,0.793,0.519,0.634,0.426,-0.438,0.781,0.775,0.659,0.506,0.826,0.261,0.475,0.764,0.346,0.754,0.766,0.306,0.079,0.616,0.602,0.617,0.798,0.506,0.669,-0.045,0.303,0.748,0.529,0.13,0.749,0.803,0.505,-0.138,-0.342,0.8,-0.231,0.2,0.769,0.307,0.731,0.486,0.47,0.538,0.662,0.031,0.238,0.645,0.725,0.344,0.416,0.685,0.748,0.636,0.231,0.681,0.764,0.651,0.368,0.028,0.737,0.565,0.712,0.746,0.095,0.749,0.76,0.018,0.685,0.462,0.616,0.063,0.769,0.635,0.686,0.743,0.614,0.649,0.79,0.831,0.06,0.764,0.428,0.456,0.748,0.601,0.686,0.547,0.423,0.764,0.606,0.719,0.616,-0.009,-0.392,0.076,0.845,0.243,0.677,0.817,0.743,0.771,-0.586,0.582,0.468,0.778,0.332,0.466,0.853,0.73,0.895,0.553,0.008,0.003,0.769,0.353,-0.436,0.697,0.346,0.736,0.441,0.752,0.769,0.53,0.471,0.608,0.123,0.798,-0.365,0.756,-0.431,0.635,0.041,0.726,-0.459,-0.152,-0.684,-0.103,0.611,0.83,-0.222,0.519,0.468,0.701,0.471,-0.614,0.439,-0.111,-0.118,-0.664,0.797,-0.103,0.639,0.728,0.5,0.152,0.656,-0.273,0.798,0.712
APPF,0.389,0.245,-0.085,0.155,-0.112,-0.154,0.432,0.155,-0.223,0.374,-0.229,0.093,0.491,0.406,0.208,0.0,0.241,0.096,0.346,0.099,-0.459,-0.553,0.128,0.336,0.506,0.209,-0.336,0.476,0.082,0.366,0.077,0.477,0.092,-0.346,-0.402,0.222,0.115,0.5,0.099,0.053,0.045,-0.026,-0.033,-0.316,-0.109,0.359,0.26,0.344,0.137,0.072,0.338,-0.034,0.516,0.22,-0.171,0.35,0.35,0.694,-0.193,0.542,0.166,0.036,0.071,0.318,0.116,0.168,-0.016,0.138,0.456,0.487,0.008,0.237,0.757,0.205,0.388,0.403,0.54,0.424,-0.082,0.083,0.459,0.104,0.123,0.246,-0.286,0.484,0.009,0.155,0.059,-0.498,-0.002,0.031,0.563,-0.038,-0.152,0.147,0.427,-0.194,0.623,0.413,0.105,-0.136,0.04,0.153,0.371,0.52,0.143,0.636,0.523,-0.36,0.088,-0.155,0.347,-0.247,0.075,0.426,0.436,0.124,0.23,0.246,-0.321,0.278,-0.158,-0.104,0.208,0.388,-0.232,0.314,0.146,0.511,0.008,0.262,0.249,0.276,-0.113,0.468,0.273,-0.444,-0.119,0.13,0.509,0.536,-0.102,0.131,-0.199,0.131,-0.04,0.647,0.339,0.131,0.142,-0.236,-0.392,-0.32,0.206,0.237,0.074,0.186,0.247,-0.154,-0.029,-0.08,0.432,-0.103,0.744,0.071,0.462,0.248,-0.425,0.311,-0.325,-0.125,0.551,0.375,-0.356,-0.31,-0.243,-0.278,0.528,0.119,-0.019,0.564,0.597,0.27,0.36,-0.027,0.695,-0.492,-0.361,-0.501,0.324,-0.262,-0.092,-0.017,-0.204,0.611,0.542,-0.299,0.254,0.16
ASML,0.472,0.741,0.671,0.667,0.403,0.287,0.849,0.592,-0.103,0.614,0.691,0.572,0.492,0.594,0.516,0.241,0.0,0.633,0.788,0.756,-0.084,0.282,-0.596,0.424,0.57,0.362,0.543,0.408,0.831,0.466,0.774,0.517,-0.065,-0.143,0.175,0.759,0.618,0.525,-0.071,0.617,0.745,0.52,0.765,0.546,0.593,-0.406,0.746,0.611,0.569,0.474,0.604,0.603,0.462,0.619,0.337,0.753,0.637,0.018,0.513,0.427,0.778,0.771,0.676,0.392,0.681,-0.122,0.216,0.59,0.278,0.367,0.717,0.627,0.193,-0.065,-0.228,0.618,-0.061,0.457,0.444,0.716,0.376,0.625,0.617,0.773,0.578,-0.159,0.558,0.694,0.665,0.494,0.288,0.681,0.386,0.681,0.515,0.697,0.553,0.62,0.398,0.299,0.739,0.627,0.621,0.801,0.035,0.441,0.612,0.183,0.377,0.603,0.811,0.355,0.575,0.57,0.695,0.566,0.48,0.616,0.379,0.708,0.169,0.579,0.567,0.616,0.821,0.752,0.627,0.511,0.165,0.282,0.646,0.539,0.493,-0.188,-0.331,0.052,0.529,0.499,0.513,0.702,0.629,0.519,-0.263,0.685,0.302,0.591,0.586,0.241,0.562,0.431,0.617,0.586,-0.125,0.381,0.741,0.091,-0.156,0.612,0.022,0.583,0.816,0.692,0.705,0.52,0.48,0.792,-0.242,0.677,-0.011,0.446,-0.148,0.662,-0.018,0.549,0.068,-0.181,-0.464,0.031,0.404,0.749,-0.218,0.563,0.472,0.67,0.754,-0.419,0.207,0.115,0.228,-0.478,0.778,-0.045,0.697,0.74,0.633,0.069,0.464,0.098,0.7,0.783
ATRC,0.522,0.632,0.535,0.663,0.348,0.562,0.669,0.438,0.127,0.725,0.588,0.639,0.537,0.636,0.785,0.096,0.633,0.0,0.599,0.736,-0.181,0.268,-0.623,0.625,0.587,0.208,0.486,0.358,0.762,0.535,0.452,0.622,-0.214,-0.093,0.39,0.589,0.783,0.655,0.041,0.767,0.576,0.751,0.648,0.68,0.478,-0.406,0.745,0.696,0.664,0.596,0.746,0.391,0.383,0.724,0.41,0.687,0.71,0.226,0.287,0.592,0.626,0.675,0.815,0.336,0.612,-0.079,0.246,0.654,0.38,0.158,0.716,0.747,0.345,-0.081,-0.316,0.735,-0.19,0.275,0.754,0.346,0.625,0.519,0.52,0.596,0.729,-0.086,0.268,0.803,0.704,0.523,0.569,0.722,0.65,0.702,0.331,0.708,0.651,0.73,0.269,0.204,0.695,0.579,0.745,0.776,0.092,0.662,0.848,-0.112,0.568,0.636,0.663,0.145,0.691,0.637,0.722,0.702,0.464,0.699,0.668,0.8,0.326,0.872,0.44,0.357,0.752,0.609,0.729,0.544,0.398,0.614,0.665,0.672,0.612,0.009,-0.31,-0.001,0.77,0.251,0.624,0.804,0.649,0.672,-0.469,0.631,0.562,0.715,0.527,0.34,0.735,0.592,0.866,0.594,0.123,-0.028,0.806,0.306,-0.369,0.605,0.216,0.778,0.584,0.82,0.699,0.592,0.406,0.702,0.001,0.81,-0.293,0.638,-0.291,0.662,0.1,0.641,-0.457,-0.172,-0.564,-0.092,0.661,0.782,-0.134,0.548,0.332,0.632,0.538,-0.54,0.233,-0.051,0.066,-0.495,0.743,0.058,0.629,0.733,0.541,0.118,0.551,-0.035,0.761,0.727
AVGO,0.769,0.9,0.786,0.907,0.047,0.419,0.799,0.769,-0.428,0.815,0.684,0.848,0.488,0.855,0.697,0.346,0.788,0.599,0.0,0.899,-0.479,-0.06,-0.714,0.56,0.87,0.63,0.494,0.753,0.805,0.372,0.601,0.756,-0.24,-0.388,0.199,0.626,0.875,0.788,-0.341,0.821,0.801,0.751,0.672,0.476,0.66,-0.53,0.901,0.909,0.461,0.379,0.881,0.55,0.786,0.83,0.267,0.952,0.892,0.136,0.282,0.541,0.915,0.737,0.813,0.703,0.761,-0.203,0.259,0.887,0.294,0.361,0.871,0.828,0.456,-0.182,-0.401,0.867,-0.219,0.296,0.697,0.589,0.699,0.745,0.732,0.849,0.537,0.196,0.511,0.581,0.739,0.235,0.045,0.801,0.637,0.806,0.168,0.749,0.869,0.641,0.593,0.032,0.84,0.791,0.644,0.867,-0.182,0.772,0.66,0.478,0.484,0.46,0.836,0.073,0.882,0.684,0.732,0.841,0.868,0.542,0.545,0.874,-0.225,0.631,0.714,0.62,0.921,0.846,0.632,0.746,0.274,0.598,0.777,0.832,0.473,-0.411,-0.596,0.006,0.758,0.379,0.628,0.82,0.831,0.815,-0.698,0.835,0.145,0.854,0.431,0.355,0.84,0.791,0.777,0.513,-0.33,0.237,0.685,-0.07,-0.37,0.855,0.017,0.551,0.762,0.731,0.907,0.597,0.646,0.722,-0.054,0.865,-0.401,0.836,-0.546,0.778,-0.063,0.798,-0.131,-0.543,-0.811,-0.172,0.454,0.895,-0.557,0.517,0.803,0.913,0.552,-0.695,0.528,-0.148,-0.182,-0.786,0.872,-0.406,0.769,0.882,0.734,0.064,0.747,-0.371,0.821,0.869
AVT,0.774,0.912,0.88,0.923,0.221,0.488,0.722,0.784,-0.263,0.804,0.777,0.878,0.459,0.81,0.748,0.099,0.756,0.736,0.899,0.0,-0.357,0.238,-0.839,0.562,0.785,0.542,0.696,0.612,0.904,0.349,0.594,0.702,-0.377,-0.371,0.489,0.658,0.933,0.746,-0.278,0.929,0.875,0.88,0.766,0.679,0.78,-0.703,0.91,0.885,0.489,0.513,0.889,0.63,0.689,0.907,0.306,0.916,0.872,-0.048,0.416,0.511,0.929,0.817,0.927,0.575,0.807,-0.324,0.215,0.934,0.221,0.122,0.951,0.834,0.266,-0.24,-0.576,0.87,-0.449,0.181,0.82,0.499,0.638,0.801,0.789,0.829,0.737,-0.015,0.583,0.698,0.803,0.388,0.149,0.909,0.597,0.922,0.296,0.817,0.797,0.835,0.462,-0.114,0.912,0.877,0.783,0.937,-0.288,0.707,0.682,0.253,0.394,0.713,0.855,0.178,0.891,0.856,0.832,0.83,0.762,0.571,0.582,0.919,-0.003,0.754,0.779,0.596,0.948,0.822,0.738,0.739,0.189,0.532,0.869,0.832,0.475,-0.406,-0.67,-0.153,0.771,0.499,0.82,0.932,0.774,0.747,-0.722,0.901,0.28,0.917,0.552,0.164,0.86,0.798,0.892,0.6,-0.206,0.236,0.732,-0.051,-0.575,0.892,-0.033,0.715,0.82,0.866,0.88,0.744,0.438,0.844,-0.223,0.922,-0.353,0.834,-0.557,0.926,-0.218,0.799,-0.163,-0.426,-0.851,-0.096,0.44,0.945,-0.571,0.375,0.613,0.936,0.448,-0.771,0.358,0.004,-0.043,-0.714,0.855,-0.362,0.874,0.955,0.853,-0.024,0.63,-0.232,0.841,0.921
AXDX,-0.643,-0.389,-0.215,-0.439,0.324,-0.344,-0.314,-0.281,0.513,-0.521,0.038,-0.444,-0.124,-0.49,-0.465,-0.459,-0.084,-0.181,-0.479,-0.357,0.0,0.458,0.256,-0.528,-0.575,-0.496,-0.02,-0.665,-0.166,-0.008,0.0,-0.658,0.054,0.433,0.011,-0.082,-0.499,-0.647,0.176,-0.463,-0.198,-0.413,-0.014,0.014,-0.142,0.109,-0.463,-0.622,-0.239,-0.067,-0.622,0.07,-0.61,-0.488,0.027,-0.503,-0.517,-0.384,0.156,-0.307,-0.304,-0.199,-0.384,-0.587,-0.342,-0.027,-0.122,-0.56,-0.426,-0.123,-0.334,-0.549,-0.652,0.139,0.108,-0.569,-0.036,0.108,-0.413,0.034,-0.716,-0.337,-0.335,-0.33,-0.147,-0.423,-0.066,-0.196,-0.333,0.407,0.084,-0.29,-0.664,-0.3,0.301,-0.209,-0.664,-0.186,-0.519,0.086,-0.405,-0.196,-0.341,-0.339,0.065,-0.623,-0.265,-0.488,-0.53,0.127,-0.208,0.141,-0.617,-0.234,-0.237,-0.605,-0.64,-0.074,-0.528,-0.449,0.366,-0.346,-0.23,-0.052,-0.326,-0.307,-0.07,-0.49,-0.305,-0.684,-0.308,-0.531,-0.201,0.208,0.45,-0.13,-0.602,0.168,-0.338,-0.382,-0.591,-0.704,0.613,-0.335,0.094,-0.514,0.116,-0.339,-0.616,-0.519,-0.434,0.066,0.242,0.251,-0.189,-0.026,0.442,-0.51,-0.255,-0.14,-0.081,-0.239,-0.577,-0.099,-0.423,-0.185,-0.292,-0.497,0.562,-0.674,0.633,-0.272,-0.222,-0.642,0.392,0.453,0.604,0.218,-0.362,-0.415,0.385,-0.222,-0.612,-0.528,0.008,0.399,-0.572,0.502,0.594,0.682,-0.469,0.364,-0.232,-0.335,-0.18,-0.14,-0.621,0.706,-0.392,-0.366
AXSM,-0.005,0.12,0.375,0.135,0.583,0.124,0.021,0.162,0.44,-0.083,0.48,0.089,-0.009,-0.127,0.083,-0.553,0.282,0.268,-0.06,0.238,0.458,0.0,-0.36,-0.104,-0.228,-0.025,0.657,-0.349,0.4,-0.078,0.342,-0.255,-0.256,0.201,0.708,0.253,0.093,-0.203,0.173,0.231,0.341,0.272,0.497,0.624,0.417,-0.522,0.072,-0.108,0.188,0.331,-0.058,0.377,-0.246,0.172,0.181,0.009,-0.078,-0.627,0.447,-0.123,0.163,0.318,0.303,-0.211,0.279,-0.327,-0.03,0.092,-0.136,-0.4,0.275,0.01,-0.649,-0.126,-0.411,-0.067,-0.487,-0.109,0.143,0.145,-0.309,0.224,0.211,0.046,0.524,-0.778,0.435,0.358,0.252,0.585,0.241,0.342,-0.318,0.345,0.667,0.258,-0.242,0.524,-0.382,-0.219,0.302,0.33,0.427,0.27,-0.279,-0.352,0.043,-0.52,-0.339,0.749,0.262,0.564,-0.081,0.521,0.309,-0.164,-0.281,0.237,0.008,0.137,0.616,0.232,0.331,0.299,0.193,0.053,0.383,-0.02,-0.258,-0.379,0.286,-0.092,0.024,-0.096,-0.088,-0.332,-0.056,0.584,0.474,0.302,-0.135,-0.288,0.07,0.237,0.323,0.141,0.359,-0.478,-0.066,-0.066,0.213,0.416,0.217,0.466,0.263,-0.017,-0.348,0.112,-0.153,0.442,0.376,0.379,-0.064,0.404,-0.514,0.454,-0.63,0.13,0.465,-0.144,0.259,0.436,-0.531,-0.068,0.334,0.355,-0.021,0.425,-0.181,0.194,0.029,-0.25,-0.404,0.092,0.004,-0.165,-0.552,0.699,0.587,0.227,0.113,0.125,0.416,0.281,0.417,-0.27,-0.411,0.546,0.077,0.219
AZN,-0.698,-0.809,-0.832,-0.82,-0.418,-0.477,-0.609,-0.78,0.374,-0.727,-0.812,-0.861,-0.301,-0.648,-0.596,0.128,-0.596,-0.623,-0.714,-0.839,0.256,-0.36,0.0,-0.475,-0.659,-0.455,-0.723,-0.287,-0.783,-0.341,-0.661,-0.554,0.468,0.336,-0.495,-0.682,-0.793,-0.632,0.486,-0.868,-0.856,-0.864,-0.737,-0.751,-0.868,0.724,-0.793,-0.762,-0.411,-0.518,-0.764,-0.648,-0.517,-0.839,-0.21,-0.786,-0.771,0.247,-0.484,-0.35,-0.832,-0.72,-0.889,-0.554,-0.652,0.535,-0.085,-0.826,0.031,0.13,-0.869,-0.706,-0.06,0.296,0.649,-0.733,0.525,-0.163,-0.806,-0.385,-0.476,-0.838,-0.818,-0.74,-0.793,0.207,-0.638,-0.703,-0.877,-0.395,-0.064,-0.874,-0.43,-0.928,-0.381,-0.81,-0.626,-0.917,-0.39,0.148,-0.825,-0.911,-0.859,-0.876,0.436,-0.483,-0.503,-0.075,-0.166,-0.796,-0.824,-0.176,-0.753,-0.861,-0.837,-0.693,-0.646,-0.506,-0.42,-0.798,-0.188,-0.668,-0.823,-0.465,-0.834,-0.687,-0.746,-0.711,0.003,-0.337,-0.919,-0.757,-0.23,0.573,0.664,0.36,-0.663,-0.452,-0.805,-0.847,-0.681,-0.577,0.664,-0.903,-0.326,-0.801,-0.585,0.129,-0.742,-0.691,-0.776,-0.542,0.176,-0.274,-0.632,0.22,0.573,-0.864,0.238,-0.729,-0.823,-0.887,-0.742,-0.747,-0.086,-0.819,0.461,-0.806,0.309,-0.657,0.457,-0.889,0.331,-0.755,0.036,0.396,0.78,0.188,-0.342,-0.815,0.445,-0.112,-0.493,-0.801,-0.206,0.725,-0.079,-0.017,0.031,0.508,-0.67,0.204,-0.868,-0.89,-0.882,0.235,-0.46,0.196,-0.79,-0.889
BANR,0.521,0.491,0.355,0.578,0.092,0.437,0.614,0.359,-0.212,0.63,0.352,0.567,0.418,0.551,0.669,0.336,0.424,0.625,0.56,0.562,-0.528,-0.104,-0.475,0.0,0.586,0.298,0.265,0.47,0.491,0.38,0.449,0.668,-0.011,-0.123,0.131,0.385,0.641,0.758,0.02,0.604,0.388,0.57,0.342,0.38,0.294,-0.182,0.713,0.685,0.608,0.267,0.701,0.105,0.439,0.588,0.364,0.631,0.696,0.418,0.203,0.437,0.497,0.549,0.67,0.454,0.578,0.012,0.341,0.599,0.445,0.336,0.492,0.717,0.613,-0.007,-0.032,0.695,0.074,0.322,0.596,0.352,0.752,0.493,0.49,0.564,0.573,0.224,0.237,0.632,0.611,0.152,0.413,0.465,0.701,0.523,0.218,0.54,0.746,0.52,0.493,0.301,0.58,0.372,0.66,0.602,0.154,0.646,0.598,0.186,0.691,0.274,0.46,0.175,0.654,0.43,0.451,0.656,0.5,0.582,0.713,0.67,0.091,0.641,0.386,0.267,0.556,0.43,0.502,0.479,0.405,0.725,0.518,0.583,0.411,-0.074,-0.307,0.2,0.788,0.114,0.418,0.586,0.661,0.725,-0.426,0.483,0.271,0.542,0.147,0.412,0.693,0.495,0.683,0.411,0.156,-0.048,0.621,0.237,-0.296,0.57,0.37,0.618,0.385,0.655,0.664,0.299,0.45,0.472,0.187,0.68,-0.331,0.615,-0.292,0.472,0.294,0.707,-0.449,-0.254,-0.528,-0.07,0.575,0.605,-0.138,0.554,0.431,0.528,0.371,-0.419,0.34,-0.258,-0.222,-0.561,0.663,0.054,0.437,0.55,0.339,0.194,0.666,-0.354,0.676,0.574
BBIO,0.855,0.872,0.625,0.82,0.058,0.407,0.716,0.779,-0.53,0.922,0.487,0.822,0.649,0.924,0.689,0.506,0.57,0.587,0.87,0.785,-0.575,-0.228,-0.659,0.586,0.0,0.556,0.279,0.702,0.659,0.533,0.403,0.83,-0.384,-0.555,0.073,0.644,0.802,0.892,-0.457,0.774,0.712,0.729,0.554,0.315,0.623,-0.329,0.834,0.937,0.281,0.482,0.929,0.548,0.872,0.868,-0.003,0.902,0.916,0.333,0.082,0.721,0.824,0.538,0.764,0.754,0.579,-0.339,0.043,0.823,0.276,0.211,0.771,0.755,0.633,-0.152,-0.348,0.938,-0.15,0.36,0.701,0.289,0.769,0.737,0.735,0.782,0.367,0.349,0.42,0.534,0.723,-0.06,-0.05,0.74,0.813,0.722,0.002,0.755,0.868,0.562,0.789,0.03,0.706,0.692,0.599,0.78,-0.198,0.902,0.576,0.581,0.513,0.32,0.72,-0.175,0.93,0.528,0.713,0.941,0.952,0.401,0.493,0.85,-0.294,0.703,0.56,0.313,0.848,0.863,0.419,0.85,0.153,0.717,0.757,0.934,0.375,-0.283,-0.676,-0.045,0.766,0.011,0.595,0.787,0.917,0.914,-0.745,0.829,0.016,0.809,0.415,0.478,0.904,0.783,0.769,0.24,-0.491,-0.077,0.6,-0.079,-0.387,0.86,-0.056,0.413,0.627,0.626,0.934,0.6,0.698,0.634,0.045,0.84,-0.701,0.878,-0.714,0.636,0.123,0.881,-0.315,-0.654,-0.875,-0.488,0.663,0.789,-0.503,0.51,0.92,0.876,0.373,-0.692,0.738,-0.424,-0.382,-0.829,0.745,-0.462,0.63,0.753,0.574,0.24,0.849,-0.451,0.791,0.804
BCYC,0.591,0.537,0.527,0.604,-0.155,0.414,0.364,0.512,-0.324,0.49,0.421,0.529,0.22,0.48,0.513,0.209,0.362,0.208,0.63,0.542,-0.496,-0.025,-0.455,0.298,0.556,0.0,0.343,0.544,0.406,-0.101,0.329,0.45,-0.22,-0.24,0.195,0.24,0.548,0.491,-0.271,0.535,0.48,0.469,0.282,0.252,0.395,-0.446,0.525,0.579,0.322,0.135,0.561,0.288,0.56,0.539,0.108,0.606,0.567,-0.012,0.001,0.258,0.525,0.412,0.488,0.635,0.585,-0.191,0.185,0.63,0.256,0.151,0.571,0.552,0.264,-0.124,-0.333,0.507,-0.24,0.03,0.417,0.374,0.461,0.494,0.482,0.427,0.284,0.052,0.423,0.186,0.45,0.071,-0.169,0.485,0.358,0.475,0.099,0.392,0.587,0.353,0.341,-0.196,0.601,0.487,0.434,0.498,-0.276,0.446,0.236,0.39,0.277,0.21,0.498,0.148,0.552,0.529,0.396,0.483,0.603,0.219,0.363,0.54,-0.212,0.281,0.51,0.581,0.538,0.488,0.275,0.427,0.151,0.383,0.454,0.491,0.255,-0.41,-0.462,-0.028,0.501,0.312,0.481,0.505,0.522,0.526,-0.562,0.495,-0.037,0.615,0.003,0.139,0.557,0.533,0.478,0.258,-0.352,0.398,0.396,-0.158,-0.374,0.607,0.098,0.266,0.412,0.373,0.567,0.281,0.281,0.397,-0.063,0.518,-0.189,0.583,-0.427,0.498,-0.172,0.537,0.075,-0.267,-0.59,0.008,0.105,0.598,-0.498,0.192,0.549,0.601,0.179,-0.502,0.302,0.072,-0.253,-0.599,0.621,-0.413,0.528,0.57,0.474,-0.04,0.442,-0.462,0.486,0.519
BHFAP,0.443,0.613,0.793,0.628,0.421,0.256,0.397,0.598,0.02,0.388,0.703,0.538,0.075,0.345,0.407,-0.336,0.543,0.486,0.494,0.696,-0.02,0.657,-0.723,0.265,0.279,0.343,0.0,0.172,0.678,-0.004,0.541,0.227,-0.339,-0.133,0.652,0.495,0.611,0.276,-0.116,0.71,0.729,0.627,0.729,0.677,0.726,-0.831,0.569,0.434,0.408,0.378,0.46,0.556,0.327,0.614,0.266,0.549,0.443,-0.532,0.573,0.13,0.635,0.658,0.697,0.287,0.702,-0.369,0.058,0.656,-0.022,-0.134,0.746,0.501,-0.304,-0.359,-0.671,0.429,-0.624,-0.069,0.553,0.392,0.18,0.647,0.633,0.509,0.708,-0.509,0.62,0.579,0.605,0.565,0.098,0.762,0.102,0.765,0.491,0.547,0.326,0.776,0.066,-0.324,0.746,0.707,0.667,0.689,-0.381,0.119,0.333,-0.043,-0.046,0.831,0.653,0.53,0.477,0.853,0.653,0.371,0.303,0.338,0.275,0.575,0.384,0.494,0.709,0.667,0.649,0.497,0.606,0.387,-0.079,0.038,0.701,0.371,0.257,-0.485,-0.515,-0.359,0.377,0.747,0.761,0.683,0.326,0.233,-0.416,0.678,0.247,0.621,0.447,-0.361,0.423,0.408,0.59,0.534,-0.085,0.419,0.491,-0.221,-0.603,0.585,-0.172,0.63,0.696,0.691,0.466,0.58,-0.143,0.737,-0.588,0.612,0.025,0.425,-0.249,0.811,-0.552,0.458,0.21,-0.118,-0.517,0.212,0.026,0.67,-0.48,-0.066,0.128,0.607,0.175,-0.612,-0.192,0.43,0.226,-0.289,0.587,-0.253,0.853,0.723,0.816,-0.317,0.124,0.076,0.518,0.664
BKR,0.642,0.608,0.455,0.694,-0.334,0.303,0.457,0.46,-0.297,0.586,0.245,0.6,0.426,0.742,0.555,0.476,0.408,0.358,0.753,0.612,-0.665,-0.349,-0.287,0.47,0.702,0.544,0.172,0.0,0.442,0.145,0.076,0.713,-0.138,-0.411,0.076,0.201,0.677,0.694,-0.126,0.544,0.418,0.498,0.302,0.138,0.288,-0.262,0.614,0.726,0.278,0.14,0.707,0.213,0.716,0.594,0.122,0.686,0.664,0.383,-0.116,0.527,0.588,0.419,0.495,0.64,0.518,0.003,0.237,0.711,0.443,0.399,0.549,0.601,0.599,-0.096,-0.145,0.697,-0.006,0.092,0.447,0.341,0.73,0.431,0.434,0.536,0.195,0.486,0.249,0.24,0.371,-0.121,-0.033,0.492,0.663,0.43,-0.22,0.423,0.781,0.263,0.543,-0.081,0.535,0.413,0.282,0.48,-0.054,0.765,0.496,0.578,0.534,0.02,0.451,-0.091,0.728,0.398,0.401,0.693,0.769,0.307,0.536,0.608,-0.536,0.432,0.377,0.408,0.577,0.553,0.298,0.599,0.371,0.675,0.425,0.633,0.487,-0.155,-0.424,0.072,0.602,0.134,0.42,0.5,0.631,0.756,-0.65,0.463,-0.063,0.618,0.066,0.577,0.667,0.681,0.567,0.207,-0.354,-0.015,0.406,0.042,-0.325,0.593,0.226,0.203,0.312,0.337,0.671,0.328,0.676,0.341,0.273,0.647,-0.478,0.799,-0.572,0.47,0.111,0.627,-0.259,-0.529,-0.65,-0.132,0.389,0.608,-0.459,0.514,0.75,0.668,0.318,-0.549,0.682,-0.268,-0.399,-0.754,0.669,-0.499,0.408,0.567,0.352,0.316,0.732,-0.434,0.517,0.479
BLDP,0.656,0.814,0.825,0.811,0.36,0.399,0.768,0.671,-0.09,0.681,0.818,0.785,0.478,0.681,0.676,0.082,0.831,0.762,0.805,0.904,-0.166,0.4,-0.783,0.491,0.659,0.406,0.678,0.442,0.0,0.392,0.713,0.592,-0.245,-0.213,0.517,0.667,0.833,0.663,-0.111,0.847,0.817,0.82,0.805,0.799,0.688,-0.608,0.85,0.76,0.56,0.499,0.77,0.596,0.53,0.805,0.412,0.828,0.776,-0.042,0.484,0.427,0.856,0.825,0.876,0.47,0.784,-0.235,0.309,0.798,0.303,0.174,0.868,0.777,0.2,-0.094,-0.408,0.78,-0.378,0.255,0.717,0.576,0.549,0.691,0.678,0.723,0.78,-0.144,0.564,0.744,0.749,0.509,0.336,0.837,0.479,0.856,0.508,0.793,0.687,0.815,0.361,0.042,0.877,0.818,0.815,0.92,-0.164,0.581,0.672,0.105,0.409,0.736,0.782,0.314,0.763,0.768,0.801,0.691,0.586,0.712,0.584,0.897,0.159,0.761,0.718,0.53,0.906,0.742,0.773,0.653,0.224,0.455,0.782,0.71,0.485,-0.273,-0.521,-0.087,0.712,0.507,0.706,0.905,0.687,0.64,-0.543,0.821,0.462,0.814,0.595,0.168,0.754,0.653,0.841,0.728,-0.083,0.304,0.811,0.151,-0.481,0.797,0.026,0.78,0.813,0.886,0.787,0.704,0.394,0.854,-0.224,0.851,-0.139,0.683,-0.332,0.869,-0.165,0.669,-0.189,-0.285,-0.718,0.036,0.431,0.893,-0.363,0.431,0.459,0.827,0.616,-0.572,0.234,0.141,0.115,-0.592,0.819,-0.183,0.775,0.881,0.79,0.022,0.487,-0.068,0.804,0.897
BLFS,0.33,0.436,0.171,0.321,0.467,0.115,0.618,0.378,-0.114,0.6,0.196,0.39,0.656,0.598,0.352,0.366,0.466,0.535,0.372,0.349,-0.008,-0.078,-0.341,0.38,0.533,-0.101,-0.004,0.145,0.392,0.0,0.31,0.504,-0.264,-0.301,-0.11,0.706,0.298,0.501,-0.193,0.316,0.412,0.334,0.416,0.272,0.382,0.158,0.427,0.412,0.21,0.646,0.463,0.477,0.299,0.432,-0.171,0.428,0.458,0.406,0.122,0.683,0.427,0.293,0.373,0.127,0.092,-0.266,-0.228,0.236,0.204,0.121,0.344,0.244,0.359,0.097,0.045,0.519,0.198,0.736,0.349,0.164,0.305,0.389,0.4,0.52,0.217,0.125,0.226,0.554,0.539,0.029,0.234,0.396,0.538,0.311,0.174,0.67,0.337,0.366,0.568,0.42,0.232,0.28,0.316,0.465,0.226,0.477,0.424,0.136,0.36,0.244,0.484,-0.226,0.407,0.1,0.539,0.526,0.396,0.446,0.185,0.449,0.115,0.569,0.035,-0.054,0.475,0.571,0.297,0.503,-0.019,0.345,0.44,0.517,0.349,0.2,-0.123,-0.045,0.35,-0.213,0.209,0.385,0.575,0.466,-0.131,0.408,0.176,0.213,0.669,0.457,0.472,0.313,0.42,0.117,-0.193,-0.279,0.564,0.207,0.086,0.399,-0.145,0.314,0.408,0.369,0.492,0.494,0.456,0.454,-0.019,0.404,-0.458,0.273,-0.181,0.207,0.297,0.472,-0.276,-0.188,-0.277,-0.573,0.756,0.336,0.159,0.527,0.447,0.329,0.434,-0.254,0.367,-0.402,-0.054,-0.283,0.3,0.075,0.279,0.319,0.171,0.352,0.524,0.194,0.511,0.444
BLKB,0.35,0.56,0.609,0.517,0.491,0.194,0.73,0.487,-0.163,0.422,0.733,0.517,0.253,0.335,0.377,0.077,0.774,0.452,0.601,0.594,0.0,0.342,-0.661,0.449,0.403,0.329,0.541,0.076,0.713,0.31,0.0,0.311,0.017,0.033,0.218,0.61,0.481,0.442,-0.128,0.525,0.638,0.448,0.615,0.577,0.537,-0.419,0.651,0.478,0.575,0.267,0.45,0.427,0.257,0.473,0.432,0.614,0.551,-0.122,0.595,0.102,0.647,0.697,0.635,0.36,0.634,-0.148,0.321,0.481,0.091,0.287,0.567,0.572,0.094,-0.078,-0.165,0.465,-0.099,0.38,0.403,0.73,0.285,0.576,0.557,0.667,0.642,-0.241,0.566,0.654,0.609,0.51,0.292,0.511,0.18,0.638,0.665,0.571,0.449,0.609,0.26,0.32,0.653,0.591,0.709,0.715,-0.06,0.21,0.391,0.02,0.259,0.596,0.643,0.447,0.42,0.517,0.544,0.38,0.302,0.605,0.334,0.591,0.35,0.424,0.633,0.519,0.657,0.504,0.58,0.367,0.095,0.161,0.587,0.381,0.211,-0.37,-0.303,0.038,0.492,0.512,0.399,0.576,0.493,0.361,-0.167,0.623,0.392,0.467,0.407,-0.041,0.43,0.291,0.464,0.643,0.049,0.52,0.62,-0.002,-0.131,0.56,0.025,0.616,0.73,0.709,0.552,0.335,0.207,0.665,-0.303,0.538,0.173,0.278,0.02,0.597,-0.077,0.475,0.106,-0.093,-0.357,0.158,0.18,0.598,-0.138,0.31,0.278,0.522,0.574,-0.289,-0.096,0.178,0.213,-0.293,0.626,0.112,0.611,0.619,0.603,-0.157,0.289,-0.035,0.629,0.709
