,ABAT,ACLS,ACMR,ADMA,ADUS,ADVM,AEIS,AGNCM,AHCO,ALGT,ALLO,AMSF,ANAB,ANDE,APLS,APPF,ASML,ATRC,AVGO,AVT,AXDX,AXSM,AZN,BANR,BBIO,BCYC,BHFAP,BKR,BLDP,BLFS,BLKB,BLMN,BNTX,BPMC,CALM,CAMT,CASH,CATY,CCEP,CDLX,CDNS,CENN,CENX,CGC,CHDN,CLBK,COKE,COLB,COO,CORT,CRMT,CRNX,CRTO,CRVL,CSCO,CSQ,CSWI,CVBF,CWST,CYCC,CZR,DLTR,DORM,ENTA,EQIX,ERIC,EVRG,EWBC,EXAS,EXLS,EXPI,EYE,FBNC,FBRX,FCNCA,FELE,FIBK,FLEX,FRGT,FRHC,FRME,FWONA,FWONK,GDEN,GIII,GILD,GLNG,GNTX,GOOGL,GRPN,HCSG,HIMX,HOPE,HST,HTLD,HUT,HWC,ICUI,IESC,INTC,INTU,IOVA,IPAR,IPGP,ISRG,JBSS,KALU,KPRX,KRNT,LAUR,LBRDA,LBTYK,LECO,LILAK,LITE,MANH,MDXG,MFIC,MGEE,MIDD,MLAB,MMSI,MNKD,MOMO,MRVL,NICE,NMFC,NUWE,NVCR,NWBI,OFIX,OFLX,OMCL,OPK,ORKA,ORLY,OTTR,PDD,PNTG,POOL,POWL,PPBI,PPC,PRAA,PRPL,PZZA,QTRX,QURE,RDFN,RDHL,REAL,REG,REYN,RGLD,RIOT,RUN,RYTM,SAIA,SBAC,SBRA,SCVL,SHOO,SLAB,SLDB,SMCI,SMTC,SRCE,SSP,SSRM,STBA,STRO,SVC,SYBT,TCBI,TCOM,TENX,TH,TMUS,TNDM,TTD,TTMI,UAL,ULH,ULTA,VCYT,VIRT,VKTX,VOD,VRDN,VREX,VRNT,VSAT,WB,WBD,WDC,WEN,WSFS,XXII,Z,ZBRA
ABAT,0.0,-0.337,0.288,-0.086,-0.235,-0.836,-0.844,-0.366,-0.879,-0.209,-0.323,-0.571,0.779,-0.752,0.899,-0.861,0.148,-0.904,-0.821,0.325,0.761,0.039,0.018,-0.566,-0.905,-0.319,-0.623,-0.885,-0.743,0.694,-0.801,-0.741,-0.258,0.746,0.331,-0.909,-0.942,-0.873,-0.372,-0.825,-0.798,-0.724,-0.361,0.499,0.53,-0.868,-0.014,-0.729,-0.786,-0.875,-0.873,-0.51,0.119,-0.9,-0.616,-0.831,-0.698,-0.917,0.451,-0.729,-0.855,-0.879,-0.772,0.895,-0.863,0.583,-0.72,-0.88,-0.547,-0.915,-0.662,-0.138,-0.9,0.244,-0.883,-0.621,-0.876,-0.763,0.016,0.089,-0.897,0.58,0.676,-0.786,-0.631,-0.71,-0.86,-0.882,-0.574,-0.672,0.19,-0.678,-0.892,-0.553,0.197,-0.406,-0.881,0.121,-0.472,-0.534,-0.924,-0.453,-0.007,0.236,-0.36,0.648,-0.899,0.715,-0.351,-0.763,-0.836,-0.862,-0.857,0.518,0.847,-0.499,-0.888,-0.915,-0.496,0.525,0.365,-0.111,-0.919,-0.741,-0.805,-0.794,-0.691,0.703,0.854,-0.919,-0.827,0.719,0.707,-0.091,0.031,-0.541,-0.898,-0.753,0.569,0.256,-0.459,-0.907,-0.868,-0.718,-0.241,-0.747,-0.521,0.887,-0.687,-0.641,-0.667,-0.855,0.644,-0.805,-0.798,-0.861,-0.358,-0.924,0.338,-0.916,-0.189,-0.281,-0.504,0.907,-0.902,-0.758,-0.869,-0.769,-0.761,-0.879,0.096,-0.317,-0.489,-0.918,-0.729,-0.592,0.659,-0.554,-0.909,-0.758,-0.698,-0.059,-0.83,0.328,-0.784,-0.84,0.531,-0.632,0.669,0.253,-0.831,0.834,-0.538,-0.299,-0.599,0.148,-0.83,0.464,-0.663,-0.632
ACLS,-0.337,0.0,0.433,-0.247,0.33,0.51,0.701,0.22,0.51,0.077,0.116,0.057,-0.236,0.445,-0.269,0.64,0.638,0.487,0.569,0.415,-0.286,-0.373,-0.084,0.692,0.392,0.423,0.452,0.329,0.598,-0.265,0.589,0.554,0.406,-0.22,-0.071,0.571,0.399,0.256,0.269,0.525,0.671,0.362,0.382,-0.281,0.395,0.359,-0.221,0.581,0.61,0.28,0.577,0.443,0.478,0.352,0.001,0.507,0.28,0.281,-0.115,0.202,0.37,0.263,0.417,-0.175,0.438,-0.295,-0.005,0.425,0.616,0.465,0.47,-0.067,0.257,0.038,0.492,0.507,0.357,0.529,-0.11,0.324,0.328,0.203,0.056,0.593,0.351,0.287,0.282,0.227,0.7,0.389,0.223,0.495,0.261,0.309,-0.281,0.421,0.387,0.231,0.718,0.532,0.452,0.324,0.272,0.325,0.738,-0.371,0.332,-0.085,0.793,0.394,0.181,0.18,0.415,-0.203,-0.242,0.765,0.435,0.483,-0.141,-0.233,-0.168,0.603,0.424,0.406,0.601,0.49,0.351,-0.299,-0.089,0.331,0.477,0.114,0.14,0.472,-0.069,0.485,0.455,0.366,-0.14,-0.251,0.673,0.282,0.505,0.448,0.08,-0.0,0.153,-0.149,0.568,0.539,0.479,0.295,-0.44,0.42,0.384,0.551,-0.085,0.304,0.026,0.265,-0.192,0.303,0.765,-0.336,0.495,0.625,0.24,0.521,0.534,0.34,0.045,0.372,0.042,0.257,0.334,0.233,-0.373,0.06,0.316,0.62,0.698,-0.501,0.118,0.224,0.584,0.232,0.007,0.286,0.051,0.064,0.671,-0.488,0.228,0.068,0.517,0.036,0.25,-0.25,0.519,0.489
ACMR,0.288,0.433,0.0,-0.471,-0.15,-0.075,0.011,0.306,-0.019,0.133,0.067,-0.176,0.071,0.185,0.32,-0.001,0.399,-0.183,0.041,0.705,0.464,-0.65,-0.472,0.097,-0.258,0.168,0.045,-0.159,-0.024,-0.086,0.033,0.027,0.366,0.1,0.288,-0.094,-0.154,-0.245,0.277,-0.09,0.108,-0.013,0.072,0.277,0.563,-0.198,-0.258,-0.037,-0.098,-0.172,-0.157,-0.019,0.413,-0.268,-0.156,0.042,-0.266,-0.236,0.318,-0.219,-0.119,-0.21,-0.05,0.368,0.004,0.373,-0.159,-0.081,-0.06,-0.175,-0.017,0.201,-0.313,0.08,0.026,0.095,-0.236,0.133,0.277,-0.118,-0.246,0.553,0.5,-0.194,-0.234,-0.172,-0.15,-0.129,0.227,0.046,0.4,-0.024,-0.225,0.221,-0.073,0.359,-0.123,-0.033,0.172,-0.126,-0.269,-0.236,0.085,0.402,0.199,-0.033,-0.155,0.38,0.255,0.034,-0.104,-0.194,-0.144,0.252,0.222,0.255,-0.236,-0.083,-0.157,0.276,0.003,0.122,-0.222,0.077,0.01,-0.254,0.18,-0.007,0.417,-0.265,-0.197,0.178,0.482,0.58,0.19,0.035,-0.037,-0.107,0.017,0.066,0.005,-0.258,-0.01,-0.028,-0.142,-0.193,-0.29,0.448,0.04,-0.177,0.239,-0.049,0.167,0.004,-0.034,-0.2,-0.602,-0.288,0.449,-0.25,0.175,0.209,0.351,0.339,-0.026,0.093,-0.257,-0.066,0.06,-0.291,-0.304,0.278,-0.169,-0.217,-0.107,-0.097,0.075,0.133,-0.332,-0.046,0.182,-0.247,-0.193,0.497,-0.188,-0.383,0.167,-0.095,0.359,0.558,-0.084,0.139,-0.092,0.198,0.059,0.234,-0.215,-0.172,-0.126,0.148
ADMA,-0.086,-0.247,-0.471,0.0,0.651,-0.195,-0.093,-0.606,-0.054,0.198,-0.413,0.465,-0.065,-0.148,-0.331,-0.19,-0.436,-0.004,-0.141,-0.755,-0.25,0.43,0.628,-0.335,0.288,0.066,-0.302,-0.125,-0.028,0.158,-0.29,0.084,-0.408,0.28,0.271,0.092,0.029,0.129,-0.416,-0.173,-0.067,-0.352,0.371,-0.388,-0.032,0.151,0.708,-0.156,-0.115,0.03,0.104,-0.46,-0.683,0.287,0.271,-0.001,0.552,0.174,0.004,0.391,0.086,0.211,-0.161,0.086,-0.088,-0.406,-0.032,-0.091,-0.155,0.035,-0.305,0.022,0.249,0.325,-0.079,-0.186,0.267,-0.233,-0.635,0.116,0.266,-0.441,-0.247,0.332,0.247,0.314,-0.236,-0.138,-0.312,-0.179,0.165,-0.459,0.187,-0.473,0.643,-0.692,-0.066,-0.245,-0.152,0.243,0.096,-0.082,-0.013,-0.596,-0.366,0.537,0.075,-0.342,-0.385,-0.236,0.032,0.006,0.218,0.328,0.155,-0.256,0.266,-0.027,0.483,-0.207,0.392,-0.16,0.112,-0.409,-0.13,0.293,-0.209,0.281,-0.194,0.227,-0.032,0.112,-0.575,-0.52,-0.424,-0.359,-0.018,-0.094,0.435,-0.253,0.116,0.247,-0.234,0.239,-0.185,0.108,-0.044,-0.365,-0.335,-0.025,-0.407,0.012,0.304,-0.242,-0.34,0.159,0.815,0.215,-0.753,0.091,-0.199,-0.251,-0.453,-0.261,-0.156,-0.371,0.301,-0.01,-0.086,0.295,0.37,-0.371,0.546,0.161,-0.119,-0.186,0.209,-0.291,0.135,-0.226,-0.13,0.347,0.097,-0.729,-0.035,0.319,-0.202,0.189,0.052,-0.214,-0.05,-0.008,-0.166,-0.203,-0.14,0.387,0.234,0.632,0.046,-0.43
ADUS,-0.235,0.33,-0.15,0.651,0.0,-0.008,0.282,-0.555,0.183,0.143,-0.569,0.537,-0.244,0.09,-0.438,0.138,-0.071,0.244,0.148,-0.436,-0.374,0.112,0.691,-0.018,0.474,0.307,-0.145,-0.045,0.309,-0.019,-0.038,0.368,-0.186,0.316,0.375,0.413,0.221,0.213,-0.198,0.063,0.27,-0.297,0.519,-0.619,0.234,0.274,0.616,0.061,0.191,0.126,0.412,-0.318,-0.44,0.497,0.23,0.301,0.725,0.278,-0.038,0.456,0.234,0.291,0.062,0.082,0.164,-0.547,-0.026,0.059,0.105,0.249,-0.047,-0.069,0.333,0.27,0.198,0.075,0.465,0.02,-0.803,0.388,0.42,-0.191,-0.061,0.625,0.499,0.507,-0.175,-0.053,0.178,-0.095,0.487,-0.241,0.289,-0.432,0.588,-0.505,0.11,-0.155,0.297,0.429,0.274,-0.169,0.114,-0.414,0.035,0.432,0.215,-0.345,0.062,-0.07,0.094,-0.011,0.42,0.255,0.021,0.201,0.457,0.231,0.473,-0.296,0.472,0.223,0.292,-0.202,0.093,0.512,-0.022,0.187,-0.32,0.364,0.149,0.223,-0.453,-0.236,-0.479,-0.162,0.234,0.037,0.403,-0.409,0.488,0.344,0.029,0.527,-0.259,0.012,-0.183,-0.435,0.004,0.262,-0.172,0.194,0.065,-0.103,-0.233,0.395,0.679,0.332,-0.775,0.203,-0.364,-0.04,-0.101,-0.405,0.056,-0.111,0.399,0.161,0.146,0.43,0.238,-0.286,0.622,0.277,0.021,-0.159,-0.002,-0.229,0.262,0.099,0.337,-0.126,0.044,-0.625,0.247,0.377,-0.188,0.379,0.165,-0.088,0.281,-0.278,-0.14,-0.264,0.043,0.512,0.349,0.599,0.295,-0.264
ADVM,-0.836,0.51,-0.075,-0.195,-0.008,0.0,0.881,0.57,0.901,0.34,0.628,0.279,-0.573,0.749,-0.695,0.948,0.122,0.896,0.856,0.056,-0.648,-0.146,-0.244,0.816,0.742,0.208,0.793,0.91,0.823,-0.545,0.96,0.824,0.543,-0.82,-0.514,0.811,0.858,0.757,0.375,0.935,0.868,0.897,0.194,-0.228,-0.312,0.829,-0.351,0.834,0.899,0.768,0.846,0.799,0.307,0.673,0.434,0.813,0.46,0.797,-0.302,0.615,0.829,0.761,0.787,-0.841,0.812,-0.331,0.591,0.942,0.744,0.875,0.772,0.104,0.772,-0.188,0.839,0.844,0.699,0.883,0.139,-0.05,0.776,-0.358,-0.575,0.692,0.614,0.63,0.915,0.865,0.565,0.845,-0.237,0.882,0.756,0.782,-0.487,0.676,0.885,0.071,0.586,0.574,0.889,0.69,-0.023,0.19,0.685,-0.794,0.811,-0.449,0.56,0.837,0.749,0.868,0.804,-0.498,-0.753,0.766,0.742,0.879,0.147,-0.389,-0.479,0.344,0.857,0.812,0.9,0.762,0.701,-0.82,-0.661,0.791,0.911,-0.588,-0.355,0.434,0.2,0.797,0.868,0.705,-0.537,-0.091,0.585,0.773,0.909,0.553,0.456,0.614,0.717,-0.637,0.786,0.729,0.849,0.777,-0.68,0.899,0.923,0.848,0.061,0.813,0.01,0.824,0.21,0.361,0.8,-0.749,0.889,0.922,0.703,0.922,0.851,0.753,-0.039,0.686,0.225,0.814,0.747,0.776,-0.634,0.524,0.802,0.874,0.731,0.055,0.804,0.125,0.856,0.705,-0.287,0.52,-0.649,-0.051,0.898,-0.738,0.592,0.55,0.7,-0.127,0.718,-0.639,0.717,0.901
AEIS,-0.844,0.701,0.011,-0.093,0.282,0.881,0.0,0.412,0.886,0.299,0.31,0.407,-0.686,0.749,-0.754,0.963,0.273,0.952,0.912,0.003,-0.739,-0.155,0.014,0.808,0.805,0.355,0.789,0.845,0.908,-0.569,0.877,0.883,0.493,-0.65,-0.293,0.944,0.907,0.794,0.433,0.938,0.927,0.708,0.448,-0.359,-0.176,0.835,-0.218,0.882,0.91,0.788,0.897,0.646,0.23,0.792,0.433,0.893,0.653,0.836,-0.372,0.643,0.865,0.804,0.86,-0.724,0.86,-0.464,0.605,0.892,0.801,0.931,0.816,0.027,0.822,-0.079,0.866,0.755,0.838,0.835,-0.126,0.141,0.838,-0.325,-0.484,0.862,0.706,0.681,0.787,0.779,0.778,0.713,0.016,0.799,0.803,0.572,-0.264,0.526,0.872,0.14,0.765,0.76,0.93,0.501,0.176,0.104,0.659,-0.659,0.855,-0.589,0.654,0.786,0.719,0.76,0.856,-0.456,-0.662,0.757,0.81,0.918,0.282,-0.372,-0.325,0.492,0.902,0.79,0.948,0.856,0.642,-0.649,-0.707,0.854,0.916,-0.463,-0.407,0.3,-0.019,0.68,0.897,0.82,-0.393,-0.201,0.704,0.818,0.927,0.708,0.368,0.555,0.535,-0.727,0.857,0.755,0.778,0.804,-0.678,0.869,0.809,0.921,0.233,0.835,-0.178,0.842,0.046,0.481,0.798,-0.841,0.903,0.901,0.772,0.861,0.904,0.836,-0.041,0.484,0.395,0.818,0.805,0.667,-0.64,0.49,0.874,0.928,0.879,-0.137,0.697,-0.1,0.926,0.799,-0.357,0.715,-0.566,-0.053,0.97,-0.883,0.651,0.336,0.785,-0.039,0.771,-0.437,0.849,0.776
AGNCM,-0.366,0.22,0.306,-0.606,-0.555,0.57,0.412,0.0,0.531,0.102,0.751,0.05,-0.405,0.628,-0.218,0.527,0.027,0.397,0.573,0.466,-0.042,-0.43,-0.703,0.4,0.225,0.116,0.586,0.631,0.32,-0.528,0.652,0.326,0.557,-0.757,-0.337,0.325,0.474,0.425,0.549,0.516,0.455,0.732,-0.172,0.145,-0.17,0.355,-0.572,0.444,0.427,0.56,0.272,0.597,0.388,0.197,0.34,0.466,-0.07,0.387,0.082,0.133,0.476,0.336,0.532,-0.509,0.591,0.191,0.544,0.584,0.278,0.446,0.508,0.284,0.3,-0.188,0.564,0.469,0.216,0.687,0.671,-0.446,0.267,-0.087,-0.263,0.053,0.018,0.152,0.709,0.649,0.321,0.606,-0.192,0.641,0.385,0.853,-0.543,0.817,0.522,-0.019,0.166,0.01,0.364,0.305,0.101,0.264,0.322,-0.741,0.468,-0.129,0.276,0.77,0.533,0.531,0.326,-0.441,-0.52,0.404,0.235,0.503,0.049,0.033,-0.513,-0.013,0.425,0.723,0.499,0.113,0.671,-0.572,-0.23,0.317,0.397,-0.658,0.024,0.634,0.418,0.671,0.544,0.496,-0.68,0.218,-0.0,0.325,0.607,0.118,0.295,0.527,0.379,-0.146,0.462,0.177,0.768,0.535,-0.305,0.694,0.74,0.237,-0.552,0.336,0.549,0.451,0.601,0.331,0.614,-0.221,0.634,0.663,0.259,0.418,0.533,0.21,-0.501,0.635,-0.122,0.41,0.513,0.504,-0.394,0.767,0.313,0.427,0.44,-0.022,0.522,0.465,0.298,0.188,-0.137,0.198,-0.518,0.309,0.354,-0.301,0.477,0.565,0.429,-0.236,0.311,-0.803,0.181,0.756
AHCO,-0.879,0.51,-0.019,-0.054,0.183,0.901,0.886,0.531,0.0,0.418,0.495,0.526,-0.67,0.859,-0.817,0.911,-0.048,0.89,0.898,0.003,-0.615,-0.301,-0.19,0.683,0.845,0.259,0.658,0.906,0.807,-0.632,0.891,0.848,0.445,-0.766,-0.276,0.878,0.92,0.856,0.346,0.869,0.874,0.766,0.266,-0.41,-0.269,0.887,-0.177,0.785,0.833,0.875,0.882,0.593,0.117,0.81,0.661,0.912,0.652,0.887,-0.254,0.753,0.918,0.844,0.782,-0.816,0.896,-0.369,0.64,0.947,0.608,0.925,0.681,0.246,0.853,-0.122,0.938,0.775,0.823,0.921,0.045,-0.159,0.873,-0.479,-0.624,0.751,0.655,0.705,0.866,0.911,0.56,0.851,-0.011,0.739,0.871,0.74,-0.201,0.546,0.896,-0.14,0.548,0.549,0.892,0.464,0.078,-0.034,0.532,-0.694,0.891,-0.575,0.415,0.837,0.901,0.873,0.911,-0.374,-0.75,0.708,0.837,0.96,0.429,-0.37,-0.308,0.188,0.897,0.762,0.869,0.815,0.827,-0.711,-0.763,0.879,0.834,-0.671,-0.531,0.414,0.112,0.695,0.949,0.689,-0.539,-0.101,0.579,0.874,0.872,0.732,0.316,0.727,0.586,-0.747,0.712,0.609,0.835,0.887,-0.603,0.855,0.834,0.846,0.162,0.899,-0.136,0.877,0.355,0.422,0.714,-0.835,0.936,0.839,0.823,0.903,0.833,0.841,-0.241,0.587,0.489,0.901,0.716,0.647,-0.625,0.649,0.822,0.771,0.839,0.078,0.862,-0.067,0.778,0.734,-0.422,0.621,-0.655,-0.005,0.853,-0.731,0.517,0.554,0.646,0.008,0.833,-0.541,0.69,0.81
ALGT,-0.209,0.077,0.133,0.198,0.143,0.34,0.299,0.102,0.418,0.0,0.31,0.199,-0.084,0.387,-0.249,0.251,-0.085,0.358,0.381,0.046,-0.162,-0.223,0.091,0.227,0.258,-0.192,0.319,0.335,0.453,0.077,0.215,0.545,0.422,-0.072,0.067,0.262,0.334,0.356,-0.215,0.321,0.368,0.17,0.073,0.183,0.145,0.475,-0.115,0.275,0.247,0.31,0.301,0.159,0.13,0.204,0.416,0.405,0.386,0.378,0.208,0.463,0.516,0.419,0.35,-0.136,0.297,0.254,0.207,0.402,0.306,0.307,0.268,0.152,0.379,0.111,0.324,0.54,0.363,0.388,-0.228,-0.002,0.419,-0.195,-0.222,0.256,0.55,0.404,0.236,0.357,-0.062,0.507,0.228,0.201,0.4,0.332,0.302,0.07,0.346,0.002,0.41,0.441,0.326,0.225,0.009,0.176,0.187,-0.085,0.37,-0.158,-0.124,0.25,0.476,0.42,0.492,0.359,0.035,0.278,0.226,0.373,0.244,0.264,0.24,0.208,0.33,0.146,0.367,0.422,0.378,-0.154,-0.24,0.371,0.352,-0.201,-0.179,0.229,0.153,0.309,0.399,0.159,0.211,0.4,0.334,0.404,0.23,0.274,0.512,0.39,0.443,-0.255,0.25,0.018,0.428,0.407,0.064,0.331,0.228,0.348,0.256,0.366,-0.053,0.357,0.378,0.502,0.334,-0.317,0.254,0.216,0.427,0.498,0.392,0.431,-0.098,0.474,0.483,0.42,0.34,0.4,0.123,0.316,0.327,0.228,0.329,0.637,0.48,0.068,0.312,0.316,-0.203,0.448,-0.349,0.465,0.247,-0.126,0.202,0.656,0.243,0.528,0.47,0.033,0.43,0.398
ALLO,-0.323,0.116,0.067,-0.413,-0.569,0.628,0.31,0.751,0.495,0.31,0.0,-0.077,-0.053,0.503,-0.191,0.451,-0.052,0.353,0.476,0.375,-0.067,-0.207,-0.661,0.438,0.203,-0.191,0.476,0.593,0.309,-0.157,0.624,0.329,0.489,-0.685,-0.46,0.181,0.36,0.365,0.108,0.477,0.35,0.733,-0.3,0.27,-0.167,0.399,-0.629,0.411,0.374,0.45,0.317,0.681,0.471,0.109,0.313,0.324,-0.104,0.315,0.108,0.146,0.429,0.297,0.37,-0.515,0.367,0.272,0.274,0.566,0.329,0.362,0.38,0.279,0.266,-0.103,0.437,0.529,0.125,0.632,0.57,-0.358,0.232,-0.168,-0.373,0.044,0.139,0.153,0.66,0.564,-0.039,0.704,-0.489,0.631,0.315,0.872,-0.56,0.651,0.46,0.025,0.137,0.105,0.355,0.645,0.021,0.355,0.395,-0.69,0.37,0.027,0.148,0.613,0.455,0.529,0.32,-0.344,-0.404,0.407,0.243,0.415,-0.167,0.024,-0.453,0.018,0.374,0.487,0.456,0.181,0.581,-0.596,-0.12,0.266,0.419,-0.514,0.045,0.577,0.565,0.728,0.43,0.279,-0.491,0.39,0.111,0.288,0.435,0.021,0.514,0.479,0.659,-0.086,0.34,0.18,0.688,0.384,-0.275,0.604,0.671,0.274,-0.355,0.331,0.437,0.362,0.605,0.248,0.619,-0.185,0.497,0.593,0.239,0.529,0.441,0.217,-0.231,0.8,-0.166,0.36,0.391,0.545,-0.229,0.519,0.262,0.358,0.26,0.276,0.555,0.579,0.334,0.138,0.001,0.001,-0.529,0.177,0.317,-0.086,0.317,0.734,0.268,-0.173,0.257,-0.714,0.189,0.766
AMSF,-0.571,0.057,-0.176,0.465,0.537,0.279,0.407,0.05,0.526,0.199,-0.077,0.0,-0.632,0.555,-0.803,0.333,-0.596,0.456,0.452,-0.467,-0.394,-0.039,0.2,-0.028,0.747,0.262,0.004,0.455,0.324,-0.51,0.274,0.474,-0.064,-0.267,0.353,0.598,0.612,0.694,0.093,0.286,0.387,0.095,0.495,-0.592,-0.252,0.614,0.522,0.271,0.224,0.672,0.549,-0.228,-0.631,0.762,0.802,0.626,0.839,0.703,-0.102,0.765,0.625,0.617,0.352,-0.394,0.564,-0.425,0.556,0.468,-0.05,0.574,0.089,0.549,0.701,0.167,0.649,0.224,0.748,0.449,-0.305,-0.313,0.738,-0.63,-0.512,0.576,0.393,0.614,0.357,0.51,0.163,0.286,0.219,-0.02,0.751,0.13,0.495,-0.191,0.507,-0.529,0.046,0.283,0.51,-0.169,0.156,-0.695,-0.229,0.018,0.669,-0.662,-0.21,0.45,0.669,0.515,0.694,0.009,-0.413,0.103,0.732,0.6,0.878,-0.288,0.181,-0.306,0.608,0.226,0.287,0.563,0.573,-0.214,-0.656,0.712,0.293,-0.53,-0.842,-0.108,-0.182,0.073,0.632,0.362,-0.205,-0.223,0.224,0.743,0.354,0.797,-0.213,0.665,0.035,-0.758,0.061,0.149,0.233,0.688,0.039,0.36,0.191,0.469,0.486,0.673,-0.621,0.617,0.371,0.08,0.025,-0.68,0.489,0.157,0.764,0.341,0.418,0.704,-0.329,-0.018,0.855,0.702,0.36,0.138,-0.313,0.479,0.537,0.135,0.54,0.094,0.597,-0.672,0.243,0.63,-0.548,0.542,-0.356,-0.038,0.332,-0.417,0.205,0.093,0.111,0.337,0.747,0.066,0.214,0.089
ANAB,0.779,-0.236,0.071,-0.065,-0.244,-0.573,-0.686,-0.405,-0.67,-0.084,-0.053,-0.632,0.0,-0.703,0.773,-0.664,0.18,-0.724,-0.725,0.312,0.562,0.103,-0.026,-0.314,-0.735,-0.462,-0.564,-0.726,-0.621,0.782,-0.575,-0.588,-0.29,0.607,0.007,-0.812,-0.843,-0.784,-0.516,-0.65,-0.689,-0.523,-0.407,0.406,0.457,-0.688,-0.136,-0.575,-0.575,-0.81,-0.614,-0.234,0.282,-0.803,-0.626,-0.764,-0.668,-0.811,0.301,-0.627,-0.752,-0.783,-0.732,0.646,-0.855,0.511,-0.831,-0.693,-0.348,-0.782,-0.581,-0.129,-0.778,0.126,-0.784,-0.406,-0.8,-0.608,0.004,0.119,-0.774,0.503,0.509,-0.641,-0.453,-0.629,-0.681,-0.739,-0.61,-0.456,-0.09,-0.444,-0.812,-0.391,-0.002,-0.339,-0.72,0.128,-0.366,-0.402,-0.727,-0.089,-0.181,0.376,-0.089,0.431,-0.816,0.687,-0.219,-0.747,-0.737,-0.689,-0.714,0.435,0.693,-0.281,-0.694,-0.776,-0.686,0.356,0.255,-0.006,-0.797,-0.719,-0.643,-0.584,-0.601,0.446,0.758,-0.807,-0.625,0.714,0.667,-0.011,0.114,-0.362,-0.799,-0.783,0.504,0.284,-0.243,-0.791,-0.768,-0.615,-0.072,-0.723,-0.198,0.79,-0.583,-0.415,-0.569,-0.838,0.397,-0.704,-0.637,-0.653,-0.212,-0.751,0.274,-0.839,-0.219,-0.3,-0.324,0.779,-0.784,-0.588,-0.767,-0.479,-0.703,-0.737,0.286,-0.142,-0.534,-0.795,-0.719,-0.442,0.531,-0.638,-0.786,-0.582,-0.63,0.087,-0.69,0.461,-0.568,-0.773,0.535,-0.727,0.586,-0.009,-0.638,0.781,-0.585,-0.163,-0.591,0.07,-0.776,0.327,-0.546,-0.447
ANDE,-0.752,0.445,0.185,-0.148,0.09,0.749,0.749,0.628,0.859,0.387,0.503,0.555,-0.703,0.0,-0.744,0.776,-0.143,0.732,0.838,0.088,-0.407,-0.419,-0.345,0.534,0.755,0.207,0.593,0.814,0.709,-0.654,0.779,0.722,0.536,-0.707,-0.005,0.751,0.848,0.809,0.383,0.723,0.761,0.699,0.264,-0.219,-0.259,0.822,-0.131,0.69,0.614,0.849,0.761,0.445,0.084,0.727,0.72,0.878,0.593,0.812,-0.144,0.66,0.841,0.792,0.689,-0.636,0.871,-0.221,0.661,0.849,0.415,0.802,0.557,0.441,0.749,-0.075,0.911,0.658,0.75,0.865,0.21,-0.274,0.769,-0.348,-0.455,0.593,0.512,0.631,0.79,0.836,0.47,0.776,0.037,0.587,0.826,0.762,-0.121,0.528,0.805,-0.283,0.449,0.424,0.734,0.303,0.252,-0.128,0.331,-0.609,0.836,-0.427,0.265,0.864,0.843,0.754,0.821,-0.36,-0.695,0.595,0.74,0.873,0.487,-0.285,-0.294,0.023,0.801,0.712,0.753,0.628,0.884,-0.595,-0.6,0.788,0.647,-0.726,-0.488,0.461,0.192,0.635,0.896,0.658,-0.559,-0.032,0.463,0.802,0.77,0.7,0.2,0.758,0.376,-0.62,0.598,0.423,0.835,0.875,-0.376,0.805,0.749,0.718,0.017,0.776,-0.078,0.786,0.57,0.43,0.657,-0.707,0.865,0.752,0.776,0.726,0.797,0.747,-0.389,0.621,0.503,0.825,0.699,0.578,-0.554,0.75,0.683,0.607,0.801,0.041,0.826,0.002,0.588,0.597,-0.501,0.566,-0.585,0.165,0.68,-0.585,0.481,0.598,0.523,0.061,0.787,-0.542,0.557,0.724
APLS,0.899,-0.269,0.32,-0.331,-0.438,-0.695,-0.754,-0.218,-0.817,-0.249,-0.191,-0.803,0.773,-0.744,0.0,-0.736,0.357,-0.811,-0.734,0.48,0.708,-0.057,-0.101,-0.408,-0.974,-0.286,-0.418,-0.778,-0.662,0.647,-0.663,-0.716,-0.136,0.632,0.046,-0.875,-0.9,-0.887,-0.234,-0.697,-0.712,-0.526,-0.435,0.593,0.48,-0.862,-0.257,-0.646,-0.625,-0.877,-0.862,-0.257,0.364,-0.963,-0.753,-0.851,-0.872,-0.93,0.381,-0.87,-0.851,-0.888,-0.622,0.745,-0.807,0.642,-0.707,-0.804,-0.383,-0.88,-0.443,-0.285,-0.925,-0.001,-0.847,-0.527,-0.919,-0.681,0.187,0.159,-0.94,0.681,0.698,-0.83,-0.625,-0.795,-0.722,-0.784,-0.423,-0.579,0.066,-0.429,-0.925,-0.404,-0.067,-0.129,-0.797,0.334,-0.321,-0.55,-0.867,-0.296,-0.111,0.489,-0.164,0.385,-0.878,0.745,-0.152,-0.715,-0.82,-0.801,-0.903,0.388,0.754,-0.414,-0.956,-0.87,-0.705,0.575,0.208,0.045,-0.903,-0.544,-0.692,-0.833,-0.664,0.562,0.857,-0.943,-0.708,0.673,0.874,-0.009,0.065,-0.408,-0.874,-0.663,0.442,0.316,-0.483,-0.943,-0.724,-0.837,-0.052,-0.752,-0.359,0.927,-0.466,-0.578,-0.526,-0.858,0.437,-0.69,-0.602,-0.843,-0.516,-0.929,0.561,-0.886,-0.244,-0.149,-0.344,0.936,-0.809,-0.582,-0.931,-0.691,-0.728,-0.926,0.087,-0.25,-0.704,-0.926,-0.636,-0.487,0.617,-0.512,-0.864,-0.579,-0.695,-0.095,-0.826,0.514,-0.66,-0.871,0.563,-0.638,0.598,0.25,-0.733,0.747,-0.428,-0.254,-0.438,-0.031,-0.894,0.234,-0.583,-0.447
APPF,-0.861,0.64,-0.001,-0.19,0.138,0.948,0.963,0.527,0.911,0.251,0.451,0.333,-0.664,0.776,-0.736,0.0,0.221,0.938,0.896,0.045,-0.702,-0.168,-0.154,0.843,0.789,0.314,0.819,0.878,0.864,-0.624,0.957,0.858,0.529,-0.771,-0.416,0.901,0.901,0.777,0.489,0.958,0.923,0.838,0.315,-0.324,-0.271,0.828,-0.284,0.873,0.938,0.779,0.889,0.76,0.278,0.755,0.411,0.885,0.544,0.824,-0.378,0.616,0.839,0.8,0.828,-0.791,0.87,-0.447,0.622,0.932,0.789,0.923,0.813,0.054,0.8,-0.179,0.867,0.788,0.772,0.877,0.048,0.037,0.806,-0.302,-0.506,0.789,0.65,0.679,0.873,0.837,0.738,0.783,-0.084,0.863,0.776,0.688,-0.43,0.653,0.891,0.068,0.668,0.638,0.925,0.576,0.091,0.142,0.71,-0.746,0.838,-0.504,0.668,0.839,0.728,0.804,0.828,-0.556,-0.764,0.814,0.792,0.911,0.218,-0.453,-0.45,0.426,0.894,0.838,0.947,0.806,0.669,-0.77,-0.698,0.827,0.922,-0.539,-0.378,0.404,0.111,0.748,0.9,0.789,-0.511,-0.204,0.66,0.793,0.956,0.643,0.349,0.563,0.575,-0.679,0.847,0.807,0.824,0.801,-0.725,0.899,0.898,0.897,0.107,0.832,-0.072,0.842,0.096,0.39,0.809,-0.797,0.926,0.942,0.742,0.889,0.898,0.785,-0.027,0.588,0.274,0.825,0.776,0.721,-0.69,0.512,0.837,0.933,0.832,-0.114,0.745,0.031,0.898,0.745,-0.32,0.597,-0.591,-0.083,0.962,-0.847,0.616,0.425,0.763,-0.121,0.73,-0.574,0.785,0.845
ASML,0.148,0.638,0.399,-0.436,-0.071,0.122,0.273,0.027,-0.048,-0.085,-0.052,-0.596,0.18,-0.143,0.357,0.221,0.0,0.092,0.105,0.5,-0.064,-0.111,-0.007,0.523,-0.251,0.133,0.393,-0.077,0.247,0.172,0.167,0.093,0.322,0.098,-0.25,0.051,-0.099,-0.253,0.197,0.213,0.218,0.106,0.117,0.229,0.448,-0.154,-0.504,0.299,0.3,-0.247,0.006,0.404,0.717,-0.237,-0.63,-0.063,-0.307,-0.243,-0.104,-0.374,-0.135,-0.199,0.163,0.168,-0.079,0.027,-0.295,-0.031,0.54,-0.031,0.364,-0.504,-0.231,-0.007,-0.13,0.16,-0.174,-0.004,-0.024,0.557,-0.227,0.551,0.387,0.112,0.046,-0.216,-0.082,-0.219,0.497,-0.033,0.075,0.358,-0.291,-0.011,-0.43,0.344,-0.041,0.692,0.574,0.325,0.014,0.303,0.152,0.711,0.627,-0.234,-0.177,0.251,0.751,-0.057,-0.343,-0.216,-0.177,-0.132,0.183,0.375,-0.202,-0.063,-0.636,0.112,-0.196,0.761,-0.095,0.168,0.266,-0.009,-0.237,0.022,0.313,-0.202,0.198,0.493,0.634,0.229,-0.08,0.203,-0.12,0.154,0.152,-0.065,0.327,-0.269,0.151,-0.204,0.262,-0.473,0.078,0.337,0.435,0.315,0.119,-0.249,-0.353,0.082,0.114,0.105,-0.274,-0.225,0.381,-0.181,-0.521,0.275,0.493,0.159,0.004,0.34,-0.306,0.123,0.148,-0.175,0.291,0.133,-0.479,-0.286,0.101,0.085,-0.048,-0.275,-0.048,0.415,0.128,-0.443,-0.357,0.46,0.326,-0.139,0.304,0.008,0.254,0.032,0.295,-0.18,0.199,-0.148,0.406,-0.2,-0.284,-0.11,0.328,0.231
ATRC,-0.904,0.487,-0.183,-0.004,0.244,0.896,0.952,0.397,0.89,0.358,0.353,0.456,-0.724,0.732,-0.811,0.938,0.092,0.0,0.902,-0.154,-0.808,-0.038,0.081,0.726,0.835,0.274,0.799,0.898,0.901,-0.56,0.852,0.889,0.464,-0.683,-0.356,0.932,0.95,0.866,0.399,0.946,0.885,0.735,0.367,-0.34,-0.341,0.893,-0.18,0.849,0.903,0.841,0.889,0.658,0.114,0.832,0.52,0.889,0.692,0.904,-0.371,0.698,0.916,0.876,0.892,-0.819,0.876,-0.447,0.713,0.927,0.773,0.955,0.838,0.025,0.905,-0.141,0.866,0.749,0.886,0.83,-0.137,0.101,0.901,-0.467,-0.605,0.832,0.773,0.758,0.851,0.861,0.66,0.744,-0.082,0.801,0.875,0.575,-0.222,0.484,0.911,0.11,0.689,0.725,0.975,0.534,0.104,0.024,0.566,-0.646,0.912,-0.664,0.502,0.801,0.802,0.852,0.897,-0.46,-0.709,0.66,0.82,0.936,0.374,-0.362,-0.299,0.415,0.95,0.803,0.926,0.871,0.643,-0.682,-0.825,0.916,0.953,-0.592,-0.534,0.199,0.019,0.667,0.922,0.84,-0.394,-0.127,0.637,0.887,0.935,0.673,0.453,0.673,0.634,-0.832,0.839,0.725,0.768,0.861,-0.656,0.887,0.846,0.927,0.335,0.913,-0.237,0.928,0.108,0.468,0.693,-0.89,0.907,0.854,0.857,0.866,0.887,0.89,-0.028,0.462,0.461,0.907,0.855,0.718,-0.577,0.549,0.94,0.906,0.8,0.052,0.806,-0.193,0.929,0.882,-0.39,0.751,-0.711,-0.067,0.935,-0.882,0.685,0.402,0.755,-0.022,0.843,-0.413,0.847,0.767
AVGO,-0.821,0.569,0.041,-0.141,0.148,0.856,0.912,0.573,0.898,0.381,0.476,0.452,-0.725,0.838,-0.734,0.896,0.105,0.902,0.0,0.054,-0.635,-0.272,-0.137,0.659,0.766,0.251,0.776,0.905,0.871,-0.551,0.849,0.833,0.527,-0.701,-0.243,0.867,0.91,0.85,0.368,0.876,0.881,0.718,0.307,-0.274,-0.215,0.843,-0.289,0.789,0.834,0.878,0.827,0.619,0.216,0.763,0.601,0.874,0.622,0.842,-0.179,0.58,0.91,0.832,0.911,-0.738,0.915,-0.276,0.668,0.888,0.69,0.904,0.84,0.12,0.812,-0.14,0.913,0.736,0.813,0.892,0.003,0.024,0.809,-0.416,-0.552,0.747,0.694,0.632,0.829,0.842,0.619,0.782,-0.043,0.78,0.845,0.704,-0.196,0.549,0.891,0.122,0.719,0.675,0.88,0.483,0.32,0.074,0.524,-0.692,0.906,-0.572,0.458,0.872,0.817,0.774,0.852,-0.453,-0.659,0.654,0.766,0.934,0.373,-0.19,-0.239,0.377,0.908,0.824,0.905,0.735,0.78,-0.575,-0.687,0.845,0.854,-0.633,-0.409,0.344,0.104,0.805,0.929,0.821,-0.452,0.058,0.573,0.825,0.883,0.609,0.476,0.752,0.551,-0.718,0.833,0.561,0.851,0.883,-0.531,0.906,0.838,0.826,0.156,0.835,-0.1,0.883,0.34,0.621,0.794,-0.815,0.919,0.877,0.786,0.817,0.891,0.807,-0.279,0.566,0.41,0.842,0.87,0.643,-0.483,0.695,0.849,0.833,0.85,-0.026,0.797,-0.038,0.852,0.734,-0.41,0.748,-0.711,0.129,0.857,-0.755,0.698,0.489,0.747,0.028,0.814,-0.525,0.784,0.827
AVT,0.325,0.415,0.705,-0.755,-0.436,0.056,0.003,0.466,0.003,0.046,0.375,-0.467,0.312,0.088,0.48,0.045,0.5,-0.154,0.054,0.0,0.435,-0.614,-0.527,0.271,-0.414,-0.07,0.134,-0.058,0.013,0.131,0.17,-0.018,0.471,0.001,-0.067,-0.218,-0.215,-0.258,0.129,0.023,0.018,0.143,-0.284,0.424,0.535,-0.206,-0.671,0.035,0.037,-0.196,-0.186,0.31,0.777,-0.456,-0.245,-0.068,-0.507,-0.316,0.328,-0.387,-0.134,-0.362,0.019,0.2,-0.062,0.604,-0.291,-0.028,0.134,-0.174,0.14,0.089,-0.381,-0.043,-0.017,0.18,-0.367,0.226,0.426,-0.049,-0.357,0.539,0.377,-0.343,-0.203,-0.355,-0.018,-0.074,0.138,0.219,0.175,0.263,-0.305,0.402,-0.369,0.554,-0.087,0.227,0.208,-0.188,-0.25,0.016,0.098,0.7,0.441,-0.286,-0.201,0.495,0.361,0.072,-0.144,-0.191,-0.226,0.095,0.229,0.363,-0.375,-0.089,-0.547,0.459,-0.037,0.288,-0.25,0.154,0.03,-0.275,0.169,-0.045,0.426,-0.354,-0.103,0.188,0.747,0.674,0.31,0.306,-0.086,-0.137,-0.075,0.375,0.029,-0.356,0.005,-0.242,0.19,-0.243,0.069,0.546,0.164,-0.143,0.347,-0.149,-0.017,0.063,0.118,-0.253,-0.766,-0.339,0.739,-0.291,0.225,0.328,0.506,0.413,-0.012,0.215,-0.4,0.031,-0.002,-0.383,-0.349,0.471,-0.436,-0.307,-0.064,0.08,0.049,0.141,-0.353,0.055,0.179,-0.279,-0.218,0.817,-0.073,-0.476,0.374,-0.21,0.159,0.507,-0.047,0.254,-0.005,0.324,0.093,0.03,-0.316,-0.399,-0.086,0.374
AXDX,0.761,-0.286,0.464,-0.25,-0.374,-0.648,-0.739,-0.042,-0.615,-0.162,-0.067,-0.394,0.562,-0.407,0.708,-0.702,-0.064,-0.808,-0.635,0.435,0.0,-0.295,-0.363,-0.567,-0.709,-0.205,-0.61,-0.672,-0.706,0.338,-0.592,-0.695,-0.207,0.44,0.312,-0.764,-0.745,-0.735,-0.183,-0.742,-0.61,-0.491,-0.475,0.346,0.412,-0.746,-0.033,-0.695,-0.747,-0.617,-0.739,-0.456,0.072,-0.707,-0.331,-0.638,-0.663,-0.764,0.557,-0.58,-0.698,-0.73,-0.708,0.677,-0.605,0.581,-0.497,-0.69,-0.673,-0.765,-0.647,0.114,-0.812,0.07,-0.582,-0.437,-0.792,-0.501,0.33,-0.266,-0.778,0.536,0.622,-0.793,-0.731,-0.587,-0.603,-0.586,-0.478,-0.465,0.113,-0.563,-0.718,-0.2,0.065,-0.153,-0.73,-0.145,-0.525,-0.697,-0.826,-0.467,-0.128,0.149,-0.386,0.381,-0.714,0.637,-0.392,-0.483,-0.543,-0.645,-0.712,0.401,0.523,-0.422,-0.704,-0.705,-0.281,0.416,0.148,-0.369,-0.769,-0.549,-0.706,-0.784,-0.306,0.416,0.76,-0.793,-0.806,0.337,0.57,0.188,0.254,-0.391,-0.65,-0.723,0.152,0.265,-0.597,-0.759,-0.684,-0.559,-0.375,-0.477,-0.551,0.81,-0.65,-0.666,-0.387,-0.594,0.544,-0.619,-0.589,-0.798,-0.589,-0.782,0.447,-0.752,0.176,-0.291,-0.385,0.813,-0.645,-0.597,-0.733,-0.689,-0.636,-0.805,-0.189,-0.136,-0.433,-0.723,-0.69,-0.569,0.472,-0.223,-0.835,-0.743,-0.55,0.009,-0.568,0.416,-0.811,-0.855,0.397,-0.666,0.561,0.327,-0.788,0.785,-0.613,-0.093,-0.61,0.083,-0.713,0.155,-0.751,-0.439
AXSM,0.039,-0.373,-0.65,0.43,0.112,-0.146,-0.155,-0.43,-0.301,-0.223,-0.207,-0.039,0.103,-0.419,-0.057,-0.168,-0.111,-0.038,-0.272,-0.614,-0.295,0.0,0.471,-0.103,-0.007,-0.196,-0.087,-0.149,-0.139,0.266,-0.217,-0.143,-0.316,0.092,-0.131,-0.107,-0.106,-0.058,-0.143,-0.067,-0.221,-0.155,0.015,0.017,-0.325,-0.071,0.215,-0.04,-0.116,-0.139,-0.067,-0.068,-0.334,0.028,-0.19,-0.223,0.056,-0.035,-0.277,0.018,-0.144,-0.009,-0.174,0.019,-0.282,-0.304,0.008,-0.147,0.044,-0.068,-0.154,-0.298,0.059,0.189,-0.334,-0.223,-0.02,-0.384,-0.288,0.23,-0.005,-0.188,-0.139,0.087,0.053,0.07,-0.115,-0.211,-0.228,-0.306,-0.32,-0.14,-0.072,-0.412,0.01,-0.426,-0.144,0.154,-0.254,0.184,0.041,0.181,-0.075,-0.21,-0.198,0.296,-0.126,-0.095,-0.133,-0.199,-0.27,-0.051,-0.115,-0.196,0.095,-0.302,0.023,-0.221,-0.023,-0.262,-0.062,0.022,-0.027,-0.26,-0.102,0.074,-0.503,0.117,-0.067,-0.001,0.042,0.173,-0.218,-0.645,-0.066,-0.217,-0.229,0.017,0.262,-0.187,-0.02,-0.018,-0.157,-0.145,0.013,-0.161,0.066,-0.118,-0.209,0.192,-0.43,-0.208,0.028,-0.145,-0.173,0.045,0.457,-0.02,-0.349,-0.017,-0.392,-0.372,-0.352,-0.045,-0.231,-0.204,0.022,-0.15,-0.111,0.043,0.608,-0.269,-0.046,-0.068,-0.05,0.021,0.01,-0.391,0.084,-0.056,-0.354,0.122,-0.094,-0.345,0.044,0.229,0.095,-0.095,-0.058,-0.448,-0.045,-0.027,0.032,-0.327,-0.1,-0.176,-0.058,0.349,0.005,-0.317
AZN,0.018,-0.084,-0.472,0.628,0.691,-0.244,0.014,-0.703,-0.19,0.091,-0.661,0.2,-0.026,-0.345,-0.101,-0.154,-0.007,0.081,-0.137,-0.527,-0.363,0.471,0.0,-0.169,0.076,0.033,-0.153,-0.213,0.1,0.287,-0.341,0.101,-0.218,0.522,0.178,0.108,-0.031,0.023,-0.277,-0.08,-0.068,-0.462,0.37,-0.231,0.088,0.039,0.446,-0.083,-0.008,-0.13,0.031,-0.351,-0.38,0.143,-0.038,-0.051,0.432,0.052,-0.12,0.163,0.008,0.055,-0.005,0.184,-0.131,-0.287,-0.062,-0.185,0.121,-0.003,-0.035,-0.329,0.158,0.17,-0.186,-0.175,0.229,-0.316,-0.817,0.542,0.161,-0.145,0.004,0.298,0.356,0.224,-0.334,-0.244,-0.007,-0.308,0.341,-0.27,0.054,-0.665,0.585,-0.618,-0.109,0.197,0.186,0.374,0.084,-0.177,0.03,-0.238,-0.141,0.524,-0.007,-0.242,-0.12,-0.341,-0.147,-0.162,0.094,0.32,0.317,-0.182,0.051,-0.093,0.229,0.058,0.531,0.297,0.044,-0.316,-0.109,0.291,-0.412,0.409,-0.213,0.12,0.046,0.339,-0.258,-0.592,-0.483,-0.354,-0.106,0.007,0.626,-0.147,0.221,0.099,-0.165,0.129,0.049,-0.158,-0.051,-0.287,-0.076,0.055,-0.406,-0.09,0.153,-0.25,-0.367,0.12,0.734,0.073,-0.61,0.021,-0.533,0.004,-0.339,-0.181,-0.243,-0.32,0.162,-0.097,-0.101,0.207,0.384,-0.503,0.412,0.017,0.001,-0.127,0.225,-0.389,0.155,-0.017,-0.033,0.084,-0.174,-0.646,0.13,0.313,-0.02,0.33,0.082,-0.13,0.032,-0.146,-0.005,-0.391,-0.014,0.335,0.126,0.745,0.224,-0.411
BANR,-0.566,0.692,0.097,-0.335,-0.018,0.816,0.808,0.4,0.683,0.227,0.438,-0.028,-0.314,0.534,-0.408,0.843,0.523,0.726,0.659,0.271,-0.567,-0.103,-0.169,0.0,0.475,0.125,0.768,0.648,0.746,-0.318,0.836,0.699,0.583,-0.574,-0.414,0.644,0.626,0.517,0.355,0.849,0.721,0.734,0.252,-0.023,-0.111,0.636,-0.466,0.894,0.802,0.46,0.698,0.79,0.581,0.41,0.077,0.646,0.249,0.55,-0.465,0.396,0.588,0.505,0.626,-0.553,0.574,-0.259,0.283,0.746,0.868,0.688,0.699,-0.026,0.541,-0.09,0.58,0.68,0.506,0.677,0.096,0.233,0.54,-0.042,-0.311,0.594,0.546,0.377,0.664,0.558,0.675,0.707,-0.066,0.843,0.484,0.592,-0.536,0.655,0.662,0.241,0.653,0.622,0.717,0.662,0.099,0.402,0.824,-0.678,0.549,-0.173,0.775,0.596,0.422,0.57,0.557,-0.457,-0.477,0.815,0.501,0.658,-0.202,-0.307,-0.423,0.549,0.616,0.668,0.836,0.668,0.416,-0.626,-0.391,0.556,0.791,-0.175,-0.012,0.403,0.153,0.646,0.606,0.61,-0.334,-0.143,0.711,0.514,0.752,0.458,0.436,0.204,0.599,-0.339,0.77,0.765,0.686,0.468,-0.713,0.722,0.748,0.736,-0.034,0.536,0.183,0.543,-0.058,0.366,0.837,-0.538,0.683,0.869,0.445,0.81,0.733,0.562,0.143,0.657,0.04,0.501,0.595,0.713,-0.647,0.214,0.6,0.857,0.681,-0.22,0.467,0.305,0.801,0.513,-0.133,0.387,-0.359,-0.143,0.848,-0.644,0.546,0.392,0.725,-0.227,0.463,-0.55,0.731,0.791
BBIO,-0.905,0.392,-0.258,0.288,0.474,0.742,0.805,0.225,0.845,0.258,0.203,0.747,-0.735,0.755,-0.974,0.789,-0.251,0.835,0.766,-0.414,-0.709,-0.007,0.076,0.475,0.0,0.317,0.461,0.771,0.719,-0.63,0.709,0.76,0.162,-0.619,-0.097,0.901,0.896,0.848,0.246,0.723,0.772,0.549,0.432,-0.618,-0.4,0.856,0.229,0.66,0.688,0.846,0.929,0.321,-0.271,0.966,0.683,0.861,0.858,0.904,-0.345,0.847,0.839,0.883,0.632,-0.729,0.814,-0.662,0.654,0.811,0.438,0.886,0.481,0.243,0.895,-0.036,0.864,0.593,0.904,0.705,-0.21,-0.084,0.929,-0.592,-0.635,0.873,0.654,0.81,0.717,0.768,0.483,0.594,-0.051,0.472,0.892,0.415,0.004,0.174,0.807,-0.279,0.412,0.594,0.88,0.338,0.079,-0.39,0.273,-0.412,0.863,-0.719,0.252,0.707,0.788,0.775,0.913,-0.389,-0.762,0.519,0.979,0.884,0.632,-0.617,-0.216,0.05,0.905,0.551,0.733,0.859,0.668,-0.601,-0.821,0.927,0.738,-0.605,-0.798,0.094,-0.067,0.466,0.887,0.637,-0.424,-0.347,0.566,0.921,0.752,0.832,0.049,0.691,0.35,-0.891,0.519,0.633,0.557,0.845,-0.469,0.687,0.617,0.894,0.497,0.924,-0.533,0.867,0.177,0.162,0.423,-0.918,0.816,0.625,0.902,0.736,0.75,0.915,-0.021,0.287,0.65,0.91,0.619,0.495,-0.618,0.461,0.85,0.645,0.724,0.049,0.801,-0.437,0.713,0.834,-0.517,0.617,-0.541,-0.236,0.789,-0.763,0.387,0.255,0.468,0.066,0.865,-0.249,0.625,0.482
BCYC,-0.319,0.423,0.168,0.066,0.307,0.208,0.355,0.116,0.259,-0.192,-0.191,0.262,-0.462,0.207,-0.286,0.314,0.133,0.274,0.251,-0.07,-0.205,-0.196,0.033,0.125,0.317,0.0,0.167,0.195,0.217,-0.536,0.279,0.257,-0.043,-0.191,-0.053,0.48,0.31,0.185,0.36,0.211,0.406,0.209,0.5,-0.5,0.107,0.168,0.281,0.203,0.362,0.235,0.245,0.107,-0.17,0.33,0.11,0.255,0.247,0.241,-0.036,0.153,0.198,0.161,0.262,-0.239,0.355,-0.502,0.138,0.211,0.091,0.315,0.179,-0.016,0.212,0.033,0.346,0.143,0.301,0.244,-0.053,0.013,0.281,-0.164,-0.15,0.381,0.011,0.178,0.168,0.19,0.514,-0.013,0.223,0.116,0.23,0.049,-0.088,0.274,0.209,0.009,0.187,0.037,0.23,-0.014,-0.113,-0.225,0.16,-0.151,0.23,-0.328,0.467,0.253,0.167,0.21,0.241,-0.048,-0.302,0.225,0.313,0.29,0.23,-0.308,-0.18,0.068,0.284,0.329,0.218,0.203,0.209,-0.225,-0.188,0.279,0.189,-0.108,-0.215,0.023,-0.334,0.001,0.286,0.269,-0.268,-0.547,0.044,0.249,0.366,0.308,-0.249,0.17,-0.06,-0.297,0.228,0.241,0.134,0.226,-0.25,0.189,0.239,0.228,-0.019,0.243,-0.169,0.228,-0.212,-0.102,0.166,-0.258,0.341,0.259,0.202,0.164,0.204,0.204,-0.069,-0.172,0.125,0.245,0.127,-0.158,-0.214,0.067,0.212,0.222,0.303,-0.321,0.072,-0.29,0.186,0.276,-0.125,0.231,0.108,-0.001,0.339,-0.442,0.065,-0.261,0.325,-0.066,0.184,-0.073,0.091,0.077
BHFAP,-0.623,0.452,0.045,-0.302,-0.145,0.793,0.789,0.586,0.658,0.319,0.476,0.004,-0.564,0.593,-0.418,0.819,0.393,0.799,0.776,0.134,-0.61,-0.087,-0.153,0.768,0.461,0.167,0.0,0.765,0.8,-0.396,0.785,0.711,0.69,-0.666,-0.472,0.667,0.727,0.609,0.489,0.88,0.768,0.786,0.184,0.101,-0.23,0.647,-0.52,0.793,0.811,0.606,0.592,0.815,0.467,0.449,0.196,0.67,0.276,0.632,-0.28,0.346,0.697,0.654,0.853,-0.62,0.707,-0.163,0.592,0.777,0.824,0.733,0.89,-0.164,0.609,-0.189,0.62,0.681,0.567,0.693,0.14,0.149,0.573,-0.154,-0.372,0.541,0.557,0.468,0.766,0.684,0.649,0.669,-0.113,0.855,0.581,0.635,-0.48,0.704,0.734,0.371,0.692,0.632,0.755,0.6,0.163,0.383,0.649,-0.729,0.677,-0.369,0.613,0.74,0.544,0.669,0.589,-0.546,-0.533,0.627,0.456,0.705,0.004,-0.154,-0.457,0.552,0.714,0.84,0.883,0.573,0.448,-0.591,-0.493,0.622,0.861,-0.436,-0.113,0.33,0.175,0.731,0.696,0.818,-0.34,0.036,0.49,0.578,0.858,0.272,0.607,0.465,0.618,-0.463,0.888,0.627,0.78,0.629,-0.635,0.852,0.861,0.712,-0.006,0.606,0.193,0.712,0.066,0.575,0.763,-0.58,0.754,0.873,0.528,0.722,0.831,0.578,0.027,0.584,0.046,0.617,0.832,0.77,-0.455,0.489,0.72,0.893,0.588,-0.003,0.603,0.195,0.832,0.628,-0.205,0.612,-0.631,0.099,0.804,-0.721,0.772,0.469,0.85,-0.179,0.554,-0.57,0.81,0.832
BKR,-0.885,0.329,-0.159,-0.125,-0.045,0.91,0.845,0.631,0.906,0.335,0.593,0.455,-0.726,0.814,-0.778,0.878,-0.077,0.898,0.905,-0.058,-0.672,-0.149,-0.213,0.648,0.771,0.195,0.765,0.0,0.784,-0.615,0.884,0.77,0.477,-0.854,-0.395,0.83,0.936,0.901,0.37,0.902,0.79,0.839,0.235,-0.224,-0.446,0.881,-0.297,0.802,0.814,0.926,0.794,0.664,0.132,0.748,0.645,0.841,0.556,0.899,-0.304,0.643,0.923,0.843,0.884,-0.905,0.893,-0.282,0.76,0.951,0.615,0.922,0.786,0.201,0.869,-0.185,0.906,0.705,0.805,0.886,0.162,-0.167,0.839,-0.572,-0.72,0.663,0.607,0.593,0.956,0.948,0.522,0.821,-0.227,0.821,0.891,0.786,-0.305,0.603,0.94,0.027,0.52,0.544,0.895,0.542,0.127,-0.012,0.431,-0.799,0.93,-0.611,0.363,0.902,0.887,0.916,0.841,-0.514,-0.771,0.546,0.759,0.937,0.369,-0.26,-0.401,0.171,0.909,0.863,0.873,0.721,0.799,-0.713,-0.78,0.877,0.873,-0.786,-0.519,0.275,0.144,0.746,0.921,0.828,-0.603,0.031,0.432,0.875,0.909,0.588,0.497,0.835,0.709,-0.775,0.777,0.548,0.851,0.893,-0.604,0.946,0.928,0.799,0.142,0.879,-0.049,0.93,0.416,0.488,0.69,-0.843,0.945,0.879,0.809,0.848,0.846,0.826,-0.281,0.573,0.392,0.894,0.86,0.739,-0.609,0.738,0.892,0.799,0.735,0.114,0.899,-0.073,0.804,0.796,-0.469,0.682,-0.828,-0.023,0.824,-0.751,0.73,0.53,0.706,-0.144,0.834,-0.645,0.705,0.855
BLDP,-0.743,0.598,-0.024,-0.028,0.309,0.823,0.908,0.32,0.807,0.453,0.309,0.324,-0.621,0.709,-0.662,0.864,0.247,0.901,0.871,0.013,-0.706,-0.139,0.1,0.746,0.719,0.217,0.8,0.784,0.0,-0.326,0.771,0.885,0.555,-0.522,-0.214,0.843,0.841,0.75,0.248,0.901,0.852,0.619,0.35,-0.193,-0.121,0.825,-0.25,0.815,0.846,0.71,0.842,0.619,0.29,0.698,0.443,0.828,0.653,0.784,-0.235,0.616,0.852,0.791,0.847,-0.632,0.793,-0.313,0.533,0.832,0.807,0.872,0.825,-0.036,0.78,-0.037,0.779,0.768,0.799,0.767,-0.245,0.272,0.799,-0.312,-0.462,0.794,0.833,0.689,0.703,0.709,0.617,0.725,0.06,0.736,0.764,0.522,-0.148,0.439,0.816,0.235,0.81,0.802,0.868,0.514,0.201,0.178,0.625,-0.555,0.811,-0.52,0.543,0.715,0.672,0.699,0.838,-0.334,-0.513,0.723,0.707,0.855,0.242,-0.23,-0.133,0.566,0.85,0.704,0.897,0.828,0.578,-0.505,-0.669,0.809,0.911,-0.395,-0.34,0.272,-0.012,0.693,0.841,0.75,-0.192,-0.041,0.749,0.776,0.835,0.574,0.521,0.538,0.579,-0.678,0.869,0.66,0.784,0.776,-0.555,0.788,0.74,0.903,0.299,0.794,-0.178,0.816,0.092,0.601,0.747,-0.781,0.79,0.814,0.745,0.834,0.859,0.811,-0.001,0.551,0.428,0.775,0.811,0.714,-0.451,0.442,0.841,0.896,0.784,-0.011,0.703,-0.053,0.929,0.772,-0.313,0.766,-0.601,0.092,0.907,-0.745,0.641,0.472,0.777,0.132,0.765,-0.321,0.923,0.747
BLFS,0.694,-0.265,-0.086,0.158,-0.019,-0.545,-0.569,-0.528,-0.632,0.077,-0.157,-0.51,0.782,-0.654,0.647,-0.624,0.172,-0.56,-0.551,0.131,0.338,0.266,0.287,-0.318,-0.63,-0.536,-0.396,-0.615,-0.326,0.0,-0.608,-0.399,-0.225,0.681,0.112,-0.692,-0.691,-0.592,-0.68,-0.51,-0.606,-0.593,-0.314,0.477,0.455,-0.501,-0.141,-0.474,-0.479,-0.673,-0.507,-0.256,0.223,-0.649,-0.461,-0.66,-0.39,-0.644,0.364,-0.506,-0.548,-0.56,-0.487,0.618,-0.731,0.482,-0.702,-0.62,-0.173,-0.62,-0.363,-0.286,-0.574,0.262,-0.719,-0.335,-0.576,-0.59,-0.33,0.417,-0.59,0.304,0.362,-0.436,-0.08,-0.463,-0.665,-0.696,-0.624,-0.402,0.001,-0.422,-0.624,-0.468,0.255,-0.507,-0.603,0.377,-0.115,-0.06,-0.564,-0.028,0.066,0.332,-0.129,0.518,-0.624,0.501,-0.281,-0.671,-0.641,-0.624,-0.529,0.445,0.784,-0.318,-0.601,-0.651,-0.514,0.494,0.513,0.224,-0.61,-0.68,-0.509,-0.403,-0.62,0.643,0.57,-0.607,-0.411,0.705,0.533,-0.215,0.008,-0.259,-0.674,-0.583,0.773,0.423,-0.055,-0.608,-0.712,-0.603,0.212,-0.559,-0.061,0.576,-0.388,-0.4,-0.5,-0.658,0.439,-0.616,-0.613,-0.468,0.085,-0.585,0.085,-0.617,-0.218,0.01,-0.299,0.57,-0.736,-0.549,-0.558,-0.395,-0.543,-0.512,0.316,-0.114,-0.301,-0.647,-0.462,-0.304,0.657,-0.578,-0.538,-0.439,-0.561,0.132,-0.545,0.24,-0.319,-0.503,0.438,-0.348,0.348,0.128,-0.5,0.71,-0.343,-0.093,-0.36,0.276,-0.545,0.524,-0.211,-0.417
BLKB,-0.801,0.589,0.033,-0.29,-0.038,0.96,0.877,0.652,0.891,0.215,0.624,0.274,-0.575,0.779,-0.663,0.957,0.167,0.852,0.849,0.17,-0.592,-0.217,-0.341,0.836,0.709,0.279,0.785,0.884,0.771,-0.608,0.0,0.793,0.561,-0.842,-0.485,0.798,0.833,0.731,0.463,0.919,0.861,0.914,0.213,-0.232,-0.255,0.786,-0.387,0.837,0.894,0.753,0.817,0.815,0.348,0.647,0.412,0.82,0.401,0.758,-0.302,0.547,0.791,0.708,0.769,-0.799,0.819,-0.333,0.562,0.925,0.724,0.865,0.749,0.165,0.721,-0.193,0.846,0.789,0.661,0.908,0.232,-0.101,0.721,-0.286,-0.518,0.669,0.534,0.571,0.907,0.839,0.639,0.83,-0.172,0.88,0.716,0.819,-0.543,0.751,0.858,0.015,0.55,0.503,0.849,0.634,0.054,0.185,0.719,-0.812,0.789,-0.393,0.65,0.871,0.707,0.803,0.761,-0.574,-0.759,0.814,0.723,0.865,0.116,-0.404,-0.516,0.33,0.827,0.832,0.889,0.711,0.711,-0.811,-0.6,0.748,0.861,-0.564,-0.29,0.506,0.215,0.8,0.855,0.709,-0.596,-0.129,0.566,0.724,0.911,0.56,0.357,0.578,0.644,-0.573,0.769,0.739,0.856,0.753,-0.694,0.899,0.933,0.798,-0.063,0.764,0.077,0.779,0.223,0.331,0.841,-0.697,0.906,0.947,0.659,0.884,0.848,0.69,-0.101,0.705,0.158,0.766,0.712,0.726,-0.692,0.542,0.736,0.858,0.783,-0.098,0.746,0.187,0.812,0.637,-0.256,0.469,-0.581,-0.052,0.894,-0.728,0.571,0.507,0.718,-0.172,0.652,-0.7,0.658,0.904
