,ABAT,ACLS,ACMR,ADMA,ADUS,ADVM,AEIS,AGNCM,AHCO,ALGT,ALLO,AMSF,ANAB,ANDE,APLS,APPF,ASML,ATRC,AVGO,AVT,AXDX,AXSM,AZN,BANR,BBIO,BCYC,BHFAP,BKR,BLDP,BLFS,BLKB,BLMN,BNTX,BPMC,CALM,CAMT,CASH,CATY,CCEP,CDLX,CDNS,CENN,CENX,CGC,CHDN,CLBK,COKE,COLB,COO,CORT,CRMT,CRNX,CRTO,CRVL,CSCO,CSQ,CSWI,CVBF,CWST,CYCC,CZR,DLTR,DORM,ENTA,EQIX,ERIC,EVRG,EWBC,EXAS,EXLS,EXPI,EYE,FBNC,FBRX,FCNCA,FELE,FIBK,FLEX,FRGT,FRHC,FRME,FWONA,FWONK,GDEN,GIII,GILD,GLNG,GNTX,GOOGL,GRPN,HCSG,HIMX,HOPE,HST,HTLD,HUT,HWC,ICUI,IESC,INTC,INTU,IOVA,IPAR,IPGP,ISRG,JBSS,KALU,KPRX,KRNT,LAUR,LBRDA,LBTYK,LECO,LILAK,LITE,MANH,MDXG,MFIC,MGEE,MIDD,MLAB,MMSI,MNKD,MOMO,MRVL,NICE,NMFC,NUWE,NVCR,NWBI,OFIX,OFLX,OMCL,OPK,ORKA,ORLY,OTTR,PDD,PNTG,POOL,POWL,PPBI,PPC,PRAA,PRPL,PZZA,QTRX,QURE,RDFN,RDHL,REAL,REG,REYN,RGLD,RIOT,RUN,RYTM,SAIA,SBAC,SBRA,SCVL,SHOO,SLAB,SLDB,SMCI,SMTC,SRCE,SSP,SSRM,STBA,STRO,SVC,SYBT,TCBI,TCOM,TENX,TH,TMUS,TNDM,TTD,TTMI,UAL,ULH,ULTA,VCYT,VIRT,VKTX,VOD,VRDN,VREX,VRNT,VSAT,WB,WBD,WDC,WEN,WSFS,XXII,Z,ZBRA
ABAT,0.0,-0.598,-0.676,0.828,0.608,-0.743,-0.7,-0.697,-0.846,-0.726,-0.502,0.404,-0.28,-0.735,0.337,-0.486,-0.236,-0.604,-0.335,-0.558,0.19,0.701,0.756,-0.045,-0.768,0.53,-0.422,-0.813,0.148,0.641,-0.418,-0.328,0.409,0.362,0.794,-0.642,-0.348,-0.083,0.262,-0.563,-0.17,-0.577,0.691,0.522,0.401,0.39,0.643,0.328,-0.864,0.21,-0.71,0.11,-0.462,-0.06,-0.038,-0.471,0.192,-0.161,-0.123,0.688,-0.496,-0.769,0.179,0.92,-0.49,-0.236,-0.132,-0.552,-0.424,-0.412,-0.648,0.704,0.447,0.63,-0.33,-0.638,0.279,-0.68,0.101,-0.04,-0.411,0.723,0.807,0.564,-0.002,0.67,-0.451,-0.847,0.321,-0.846,-0.241,-0.542,-0.089,-0.532,0.543,-0.918,-0.311,0.495,-0.667,0.545,-0.638,0.455,0.705,-0.506,-0.759,0.88,-0.646,0.764,0.277,-0.487,-0.734,-0.61,-0.517,-0.239,0.569,-0.574,-0.742,-0.716,0.087,-0.524,0.789,0.003,-0.033,-0.619,-0.305,0.67,-0.575,0.682,0.852,0.391,-0.128,0.845,-0.164,-0.751,0.521,-0.717,-0.74,0.232,0.741,-0.648,-0.476,-0.189,-0.491,0.388,-0.426,-0.467,-0.415,0.68,-0.805,0.605,-0.755,-0.593,0.776,-0.377,-0.835,0.124,0.692,-0.86,-0.632,-0.604,-0.626,0.302,-0.252,0.758,-0.715,-0.867,0.552,-0.832,-0.141,0.397,0.767,-0.374,0.654,-0.43,-0.297,-0.54,0.796,-0.841,-0.204,-0.606,-0.186,-0.676,-0.518,-0.807,-0.196,0.584,0.816,-0.142,0.832,-0.262,-0.09,0.296,0.151,-0.205,0.411,0.694,-0.32,0.872,-0.68,-0.724
ACLS,-0.598,0.0,0.852,-0.68,-0.126,0.485,0.78,0.643,0.79,0.663,0.366,0.034,0.096,0.749,0.222,0.485,0.536,0.553,0.568,0.807,0.123,-0.844,-0.583,0.098,0.674,-0.451,0.442,0.648,0.124,-0.568,0.39,0.5,-0.065,-0.183,-0.323,0.765,0.352,0.178,-0.191,0.409,0.509,0.376,-0.359,-0.469,0.237,-0.195,-0.68,-0.241,0.763,-0.142,0.782,-0.165,0.545,-0.143,0.334,0.67,0.246,0.184,0.583,-0.61,0.651,0.585,-0.048,-0.581,0.655,0.472,0.09,0.528,0.373,0.455,0.584,-0.465,-0.364,-0.378,0.522,0.726,0.068,0.702,-0.165,0.328,0.558,-0.428,-0.482,-0.287,0.083,-0.436,0.178,0.719,-0.102,0.757,0.713,0.439,0.215,0.537,0.019,0.688,0.375,-0.34,0.87,-0.216,0.495,-0.553,-0.402,0.642,0.813,-0.674,0.648,-0.563,-0.254,0.368,0.774,0.518,0.74,0.683,-0.274,0.836,0.586,0.791,0.3,0.784,-0.441,0.189,0.12,0.606,0.431,-0.367,0.671,-0.351,-0.646,-0.216,-0.052,-0.489,0.518,0.781,-0.583,0.667,0.782,-0.066,-0.438,0.661,0.431,0.321,0.43,-0.346,0.478,0.482,0.143,-0.383,0.758,-0.634,0.799,0.719,-0.409,0.405,0.537,0.041,-0.729,0.792,0.64,0.529,0.611,-0.042,0.556,-0.625,0.704,0.705,-0.3,0.789,0.326,-0.195,-0.781,0.482,-0.173,0.447,0.355,0.437,-0.435,0.768,0.021,0.511,0.526,0.607,0.547,0.719,0.174,-0.567,-0.755,0.47,-0.566,0.666,0.149,-0.171,0.016,0.42,-0.144,-0.478,0.605,-0.59,0.651,0.732
ACMR,-0.676,0.852,0.0,-0.793,-0.346,0.46,0.627,0.716,0.807,0.743,0.384,0.062,0.219,0.853,0.057,0.342,0.254,0.36,0.384,0.771,0.214,-0.867,-0.803,-0.112,0.722,-0.495,0.278,0.622,-0.181,-0.69,0.28,0.357,-0.286,-0.197,-0.49,0.59,0.202,-0.026,-0.203,0.276,0.273,0.337,-0.518,-0.492,0.024,-0.417,-0.6,-0.441,0.673,-0.259,0.647,-0.36,0.395,-0.075,0.281,0.628,0.091,0.016,0.521,-0.649,0.486,0.696,-0.279,-0.654,0.547,0.424,0.099,0.421,0.182,0.262,0.42,-0.525,-0.561,-0.388,0.412,0.639,-0.246,0.68,-0.108,0.037,0.309,-0.527,-0.575,-0.532,-0.132,-0.594,0.151,0.73,-0.281,0.784,0.653,0.266,0.017,0.541,-0.114,0.791,0.192,-0.638,0.701,-0.486,0.294,-0.713,-0.512,0.454,0.649,-0.704,0.56,-0.659,-0.402,0.45,0.752,0.446,0.585,0.563,-0.383,0.696,0.712,0.692,0.368,0.654,-0.608,-0.112,-0.11,0.516,0.238,-0.656,0.709,-0.519,-0.671,-0.451,-0.22,-0.682,0.331,0.88,-0.511,0.647,0.76,-0.284,-0.598,0.639,0.456,0.105,0.32,-0.261,0.232,0.45,-0.014,-0.552,0.656,-0.784,0.777,0.68,-0.362,0.284,0.565,-0.247,-0.807,0.743,0.639,0.405,0.77,-0.228,0.368,-0.679,0.642,0.725,-0.513,0.765,0.205,-0.464,-0.868,0.457,-0.366,0.308,0.176,0.373,-0.644,0.872,-0.192,0.342,0.404,0.633,0.498,0.815,-0.109,-0.75,-0.825,0.212,-0.594,0.616,-0.111,-0.048,-0.231,0.326,-0.411,-0.523,0.378,-0.728,0.538,0.663
ADMA,0.828,-0.68,-0.793,0.0,0.688,-0.726,-0.715,-0.88,-0.864,-0.646,-0.639,0.242,-0.153,-0.854,0.289,-0.553,-0.188,-0.574,-0.462,-0.795,-0.096,0.805,0.868,-0.085,-0.765,0.598,-0.456,-0.837,0.091,0.75,-0.54,-0.334,0.233,0.522,0.604,-0.618,-0.423,-0.171,0.112,-0.558,-0.274,-0.634,0.705,0.405,0.279,0.335,0.764,0.279,-0.768,0.087,-0.729,0.081,-0.554,0.052,-0.232,-0.629,0.289,-0.209,-0.305,0.66,-0.595,-0.706,0.148,0.84,-0.64,-0.481,-0.338,-0.635,-0.335,-0.466,-0.621,0.559,0.449,0.583,-0.516,-0.728,0.245,-0.793,-0.086,0.013,-0.41,0.588,0.69,0.657,0.123,0.593,-0.536,-0.916,0.245,-0.875,-0.313,-0.587,-0.193,-0.713,0.536,-0.924,-0.41,0.557,-0.656,0.508,-0.545,0.55,0.635,-0.591,-0.737,0.89,-0.692,0.676,0.362,-0.628,-0.814,-0.677,-0.57,-0.257,0.617,-0.702,-0.676,-0.793,-0.04,-0.575,0.748,0.118,-0.068,-0.722,-0.365,0.625,-0.758,0.692,0.8,0.35,-0.018,0.901,-0.402,-0.88,0.443,-0.772,-0.853,0.151,0.823,-0.704,-0.37,-0.226,-0.587,0.397,-0.406,-0.562,-0.26,0.547,-0.783,0.644,-0.893,-0.768,0.67,-0.517,-0.831,0.157,0.889,-0.812,-0.818,-0.644,-0.811,0.233,-0.416,0.699,-0.811,-0.878,0.475,-0.805,-0.274,0.401,0.882,-0.569,0.563,-0.507,-0.347,-0.647,0.76,-0.92,-0.087,-0.567,-0.343,-0.608,-0.636,-0.908,-0.091,0.646,0.797,-0.131,0.829,-0.458,-0.052,0.192,0.07,-0.413,0.374,0.673,-0.43,0.926,-0.565,-0.814
ADUS,0.608,-0.126,-0.346,0.688,0.0,-0.717,-0.379,-0.731,-0.55,-0.35,-0.791,0.396,-0.086,-0.575,0.623,-0.462,0.086,-0.397,-0.302,-0.433,-0.019,0.361,0.729,-0.214,-0.454,0.365,-0.434,-0.722,0.123,0.53,-0.598,-0.111,0.105,0.737,0.513,-0.229,-0.417,-0.276,-0.043,-0.539,-0.112,-0.751,0.529,0.004,0.518,0.104,0.537,-0.009,-0.452,-0.218,-0.365,-0.262,-0.462,0.109,-0.191,-0.361,0.705,-0.306,0.014,0.375,-0.4,-0.448,0.004,0.65,-0.388,-0.357,-0.446,-0.609,-0.225,-0.392,-0.44,0.247,0.153,0.418,-0.377,-0.493,0.279,-0.594,-0.406,0.331,-0.183,0.426,0.539,0.557,0.266,0.453,-0.75,-0.685,0.228,-0.601,0.335,-0.565,-0.242,-0.696,0.84,-0.705,-0.402,0.328,-0.174,0.369,-0.46,0.041,0.408,-0.363,-0.392,0.727,-0.537,0.365,0.149,-0.66,-0.529,-0.664,-0.259,0.205,0.557,-0.315,-0.394,-0.492,0.235,-0.211,0.709,0.297,-0.179,-0.595,-0.351,0.441,-0.527,0.635,0.43,0.145,-0.222,0.838,-0.146,-0.544,0.029,-0.578,-0.545,-0.027,0.772,-0.456,-0.067,-0.226,-0.538,0.295,-0.315,-0.598,-0.461,0.33,-0.469,0.271,-0.603,-0.483,0.569,-0.566,-0.8,0.071,0.566,-0.509,-0.654,-0.531,-0.631,0.152,-0.288,0.364,-0.644,-0.678,0.255,-0.498,-0.294,0.238,0.478,-0.546,0.616,-0.476,-0.346,-0.537,0.562,-0.594,-0.216,-0.411,-0.053,-0.452,-0.573,-0.651,-0.094,0.296,0.406,0.155,0.673,-0.112,-0.085,0.143,-0.078,-0.36,0.195,0.499,-0.199,0.825,-0.267,-0.627
ADVM,-0.743,0.485,0.46,-0.726,-0.717,0.0,0.814,0.735,0.798,0.591,0.766,-0.358,-0.072,0.7,-0.318,0.835,0.444,0.833,0.732,0.673,-0.125,-0.523,-0.59,0.538,0.693,-0.275,0.729,0.922,0.336,-0.452,0.841,0.669,0.091,-0.644,-0.473,0.695,0.769,0.566,0.033,0.865,0.534,0.836,-0.381,-0.024,-0.104,0.129,-0.669,0.228,0.78,0.399,0.758,0.453,0.79,-0.052,0.323,0.679,-0.285,0.607,0.224,-0.308,0.822,0.517,0.39,-0.686,0.67,0.536,0.487,0.868,0.595,0.792,0.873,-0.276,0.076,-0.461,0.691,0.841,0.128,0.872,0.251,0.089,0.66,-0.355,-0.508,-0.172,0.261,-0.279,0.837,0.825,-0.012,0.729,0.001,0.851,0.588,0.805,-0.623,0.788,0.719,-0.009,0.617,-0.15,0.808,0.027,-0.243,0.706,0.827,-0.832,0.868,-0.364,0.122,0.796,0.734,0.786,0.744,0.064,-0.413,0.755,0.395,0.832,-0.138,0.589,-0.516,0.276,0.573,0.838,0.695,-0.228,0.701,-0.535,-0.492,0.125,0.579,-0.734,0.569,0.64,-0.094,0.794,0.865,0.28,-0.578,0.655,0.349,0.596,0.811,-0.176,0.704,0.787,0.748,-0.307,0.819,-0.213,0.819,0.751,-0.65,0.766,0.933,0.325,-0.535,0.741,0.751,0.869,0.584,0.196,0.66,-0.417,0.876,0.854,-0.05,0.735,0.547,0.087,-0.572,0.73,-0.401,0.806,0.736,0.602,-0.41,0.666,0.585,0.794,0.518,0.491,0.733,0.695,0.567,-0.156,-0.457,0.416,-0.74,0.479,0.553,-0.382,0.351,0.578,0.077,-0.327,0.571,-0.79,0.641,0.877
AEIS,-0.7,0.78,0.627,-0.715,-0.379,0.814,0.0,0.653,0.815,0.651,0.482,-0.23,-0.146,0.689,-0.054,0.841,0.759,0.898,0.778,0.744,-0.131,-0.654,-0.47,0.537,0.694,-0.309,0.787,0.836,0.456,-0.485,0.7,0.78,0.127,-0.414,-0.38,0.927,0.758,0.536,0.031,0.856,0.69,0.634,-0.258,-0.149,0.103,0.091,-0.738,0.189,0.85,0.212,0.864,0.283,0.811,-0.052,0.25,0.811,0.08,0.612,0.291,-0.384,0.873,0.555,0.375,-0.607,0.779,0.523,0.451,0.823,0.694,0.811,0.94,-0.362,0.03,-0.453,0.679,0.876,0.312,0.827,0.014,0.345,0.836,-0.316,-0.445,-0.068,0.346,-0.242,0.583,0.802,0.16,0.707,0.393,0.791,0.583,0.651,-0.294,0.744,0.707,0.011,0.856,-0.002,0.854,-0.234,-0.276,0.844,0.936,-0.767,0.905,-0.475,0.122,0.597,0.776,0.737,0.86,0.351,-0.259,0.89,0.428,0.894,0.059,0.744,-0.43,0.485,0.511,0.841,0.77,-0.165,0.651,-0.418,-0.62,0.127,0.507,-0.551,0.645,0.664,-0.339,0.717,0.896,0.318,-0.402,0.642,0.471,0.64,0.814,-0.208,0.724,0.607,0.516,-0.286,0.937,-0.27,0.848,0.825,-0.659,0.72,0.799,0.422,-0.558,0.812,0.7,0.858,0.457,0.229,0.712,-0.488,0.848,0.84,-0.045,0.797,0.626,0.14,-0.62,0.616,-0.199,0.788,0.754,0.627,-0.412,0.681,0.57,0.885,0.646,0.503,0.661,0.648,0.616,-0.173,-0.579,0.701,-0.7,0.61,0.617,-0.544,0.397,0.514,0.136,-0.351,0.734,-0.652,0.816,0.866
AGNCM,-0.697,0.643,0.716,-0.88,-0.731,0.735,0.653,0.0,0.816,0.542,0.797,-0.253,0.097,0.846,-0.322,0.594,0.197,0.557,0.535,0.813,0.145,-0.73,-0.872,0.159,0.71,-0.535,0.536,0.854,-0.044,-0.737,0.657,0.326,-0.109,-0.693,-0.481,0.57,0.487,0.257,-0.006,0.552,0.367,0.766,-0.585,-0.285,-0.172,-0.217,-0.777,-0.151,0.727,0.109,0.674,0.081,0.566,-0.104,0.293,0.638,-0.38,0.245,0.404,-0.637,0.649,0.679,-0.048,-0.765,0.638,0.5,0.392,0.701,0.272,0.515,0.576,-0.415,-0.356,-0.424,0.573,0.734,-0.208,0.816,0.218,-0.125,0.377,-0.485,-0.591,-0.547,-0.17,-0.523,0.643,0.878,-0.222,0.829,0.201,0.622,0.252,0.815,-0.603,0.864,0.483,-0.464,0.575,-0.453,0.532,-0.309,-0.461,0.578,0.698,-0.874,0.699,-0.554,-0.302,0.753,0.779,0.735,0.588,0.206,-0.68,0.722,0.633,0.795,0.015,0.541,-0.758,-0.157,0.244,0.772,0.444,-0.509,0.779,-0.678,-0.633,-0.258,0.054,-0.861,0.432,0.862,-0.355,0.82,0.839,0.004,-0.833,0.66,0.288,0.279,0.63,-0.426,0.44,0.688,0.342,-0.465,0.693,-0.542,0.884,0.727,-0.554,0.642,0.847,-0.062,-0.888,0.763,0.851,0.651,0.857,-0.18,0.508,-0.644,0.867,0.876,-0.365,0.741,0.378,-0.333,-0.754,0.656,-0.566,0.548,0.421,0.692,-0.616,0.876,0.098,0.544,0.343,0.6,0.709,0.888,0.111,-0.562,-0.671,0.118,-0.734,0.499,0.097,-0.145,0.066,0.534,-0.219,-0.654,0.434,-0.905,0.485,0.832
AHCO,-0.846,0.79,0.807,-0.864,-0.55,0.798,0.815,0.816,0.0,0.814,0.648,-0.172,0.17,0.874,-0.044,0.637,0.379,0.648,0.655,0.849,0.119,-0.891,-0.81,0.195,0.886,-0.507,0.521,0.892,0.049,-0.641,0.603,0.531,-0.17,-0.476,-0.56,0.717,0.511,0.311,-0.226,0.595,0.455,0.633,-0.557,-0.438,-0.002,-0.167,-0.803,-0.195,0.856,0.011,0.855,0.024,0.683,-0.167,0.393,0.676,-0.107,0.331,0.495,-0.622,0.762,0.689,0.002,-0.807,0.743,0.57,0.253,0.736,0.4,0.586,0.726,-0.487,-0.311,-0.623,0.629,0.856,-0.085,0.89,0.08,0.164,0.562,-0.556,-0.663,-0.421,0.087,-0.592,0.523,0.942,-0.26,0.867,0.398,0.648,0.324,0.78,-0.336,0.891,0.52,-0.391,0.8,-0.366,0.619,-0.452,-0.514,0.697,0.858,-0.924,0.816,-0.633,-0.264,0.609,0.939,0.724,0.79,0.497,-0.459,0.839,0.634,0.918,0.194,0.794,-0.637,0.022,0.196,0.753,0.516,-0.516,0.849,-0.575,-0.747,-0.203,0.137,-0.803,0.5,0.906,-0.452,0.829,0.923,-0.079,-0.685,0.818,0.458,0.411,0.571,-0.324,0.593,0.693,0.407,-0.479,0.858,-0.642,0.925,0.851,-0.657,0.5,0.822,0.025,-0.788,0.912,0.807,0.723,0.788,0.006,0.589,-0.645,0.857,0.877,-0.356,0.937,0.286,-0.227,-0.868,0.67,-0.397,0.633,0.436,0.529,-0.6,0.894,0.172,0.613,0.457,0.755,0.752,0.876,0.204,-0.603,-0.813,0.355,-0.8,0.595,0.202,-0.138,-0.001,0.556,-0.209,-0.534,0.597,-0.871,0.686,0.907
ALGT,-0.726,0.663,0.743,-0.646,-0.35,0.591,0.651,0.542,0.814,0.0,0.425,-0.172,0.412,0.749,0.053,0.34,0.277,0.469,0.434,0.599,0.005,-0.72,-0.635,-0.009,0.837,-0.47,0.32,0.645,-0.034,-0.335,0.24,0.535,-0.347,-0.041,-0.647,0.505,0.237,0.079,-0.505,0.409,0.198,0.275,-0.536,-0.377,0.003,-0.276,-0.573,-0.329,0.698,-0.217,0.707,-0.202,0.526,-0.089,0.225,0.503,0.204,0.109,0.469,-0.565,0.572,0.687,-0.15,-0.638,0.462,0.468,-0.04,0.442,0.37,0.283,0.575,-0.549,-0.405,-0.466,0.331,0.696,-0.226,0.685,-0.221,0.201,0.375,-0.574,-0.628,-0.34,0.264,-0.579,0.183,0.663,-0.451,0.707,0.375,0.332,0.116,0.462,-0.094,0.728,0.202,-0.401,0.745,-0.36,0.459,-0.472,-0.33,0.504,0.683,-0.668,0.624,-0.659,-0.323,0.441,0.681,0.357,0.661,0.476,-0.164,0.62,0.639,0.663,0.107,0.747,-0.483,0.146,0.014,0.398,0.305,-0.601,0.614,-0.468,-0.627,-0.341,0.09,-0.6,0.394,0.766,-0.414,0.713,0.715,-0.292,-0.362,0.791,0.729,0.203,0.252,-0.141,0.476,0.434,0.325,-0.587,0.69,-0.686,0.684,0.602,-0.4,0.191,0.591,-0.051,-0.492,0.724,0.434,0.461,0.654,-0.045,0.335,-0.615,0.517,0.7,-0.454,0.819,0.152,-0.267,-0.694,0.486,-0.337,0.364,0.292,0.383,-0.546,0.749,0.084,0.438,0.362,0.728,0.456,0.748,0.147,-0.57,-0.748,0.3,-0.706,0.592,0.053,-0.039,-0.215,0.312,-0.4,-0.345,0.412,-0.629,0.723,0.654
ALLO,-0.502,0.366,0.384,-0.639,-0.791,0.766,0.482,0.797,0.648,0.425,0.0,-0.268,0.114,0.652,-0.321,0.582,0.082,0.488,0.606,0.659,0.148,-0.496,-0.698,0.346,0.534,-0.439,0.544,0.806,0.117,-0.366,0.761,0.312,0.14,-0.765,-0.284,0.293,0.518,0.502,-0.099,0.553,0.377,0.819,-0.428,0.044,-0.112,0.128,-0.722,0.111,0.522,0.388,0.597,0.412,0.669,-0.309,0.499,0.462,-0.532,0.415,0.403,-0.395,0.66,0.386,0.17,-0.566,0.568,0.65,0.339,0.755,0.304,0.527,0.538,-0.135,-0.041,-0.384,0.604,0.69,-0.04,0.751,0.435,-0.077,0.386,-0.348,-0.469,-0.378,-0.021,-0.371,0.767,0.738,-0.268,0.685,-0.21,0.704,0.454,0.879,-0.589,0.631,0.611,-0.134,0.398,-0.136,0.528,0.11,-0.204,0.6,0.583,-0.745,0.663,-0.229,-0.186,0.677,0.676,0.762,0.539,0.082,-0.441,0.583,0.346,0.684,-0.164,0.499,-0.506,-0.116,0.385,0.673,0.522,-0.225,0.714,-0.446,-0.356,0.037,0.24,-0.697,0.495,0.618,-0.063,0.755,0.677,0.149,-0.638,0.68,0.079,0.45,0.54,-0.418,0.63,0.848,0.622,-0.151,0.54,-0.32,0.742,0.638,-0.438,0.702,0.765,0.121,-0.613,0.605,0.779,0.646,0.761,0.085,0.611,-0.33,0.752,0.685,-0.053,0.617,0.427,-0.022,-0.54,0.803,-0.379,0.631,0.504,0.569,-0.291,0.611,0.231,0.447,0.25,0.563,0.786,0.726,0.248,-0.312,-0.411,0.087,-0.648,0.388,0.212,0.054,0.266,0.679,0.017,-0.402,0.509,-0.764,0.324,0.799
AMSF,0.404,0.034,0.062,0.242,0.396,-0.358,-0.23,-0.253,-0.172,-0.172,-0.268,0.0,-0.121,-0.148,0.455,-0.195,-0.071,-0.383,-0.014,0.048,0.488,-0.006,0.198,-0.041,-0.273,0.292,-0.376,-0.345,-0.105,0.088,-0.147,-0.037,0.251,0.286,0.468,-0.195,-0.195,0.028,0.091,-0.402,0.077,-0.345,0.417,-0.024,0.622,0.202,0.222,0.025,-0.365,0.128,-0.232,-0.148,-0.146,-0.29,0.396,0.035,0.289,-0.025,0.334,0.354,-0.128,-0.467,0.028,0.448,0.01,0.142,-0.026,-0.176,-0.355,-0.18,-0.371,0.514,0.162,0.212,0.142,-0.1,0.226,-0.085,0.147,0.019,-0.055,0.4,0.425,0.242,-0.13,0.202,-0.321,-0.239,0.123,-0.341,0.265,-0.312,0.046,-0.116,0.585,-0.338,-0.089,0.066,-0.172,0.231,-0.414,-0.181,0.256,-0.164,-0.223,0.33,-0.152,0.362,0.101,-0.185,-0.041,-0.233,0.002,0.391,0.457,-0.007,-0.293,-0.129,0.696,0.136,0.458,-0.161,-0.164,-0.223,-0.195,0.209,0.1,0.391,0.339,0.195,-0.327,0.359,0.085,-0.076,0.211,-0.288,-0.147,-0.048,0.302,-0.152,-0.257,0.055,-0.315,0.429,-0.299,-0.04,-0.375,0.384,-0.373,0.003,-0.197,0.019,0.519,-0.261,-0.472,-0.149,0.13,-0.265,-0.081,-0.297,-0.098,0.283,0.11,0.401,-0.253,-0.429,0.283,-0.199,-0.098,0.145,0.01,-0.018,0.588,-0.099,-0.288,-0.54,0.323,-0.192,-0.412,-0.468,0.223,-0.215,-0.097,-0.248,-0.385,0.017,0.164,0.04,0.456,0.201,-0.166,0.363,-0.065,0.006,0.15,0.476,0.068,0.332,-0.424,-0.191
ANAB,-0.28,0.096,0.219,-0.153,-0.086,-0.072,-0.146,0.097,0.17,0.412,0.114,-0.121,0.0,0.105,-0.085,-0.437,-0.47,-0.177,-0.385,-0.02,-0.157,-0.201,-0.316,-0.642,0.295,-0.541,-0.402,0.068,-0.614,0.075,-0.422,-0.265,-0.722,0.322,-0.554,-0.256,-0.573,-0.552,-0.706,-0.314,-0.621,-0.279,-0.566,-0.513,-0.33,-0.643,-0.095,-0.749,0.208,-0.657,0.133,-0.6,-0.221,0.014,-0.203,-0.296,0.124,-0.624,0.169,-0.575,-0.239,0.443,-0.688,-0.422,-0.348,-0.013,-0.609,-0.318,-0.202,-0.444,-0.195,-0.553,-0.693,-0.066,-0.435,-0.049,-0.667,-0.039,-0.557,-0.15,-0.367,-0.649,-0.564,-0.548,-0.122,-0.655,-0.36,0.093,-0.785,0.332,0.027,-0.302,-0.6,-0.149,0.027,0.19,-0.455,-0.58,0.131,-0.565,-0.144,-0.369,-0.443,-0.141,0.021,-0.15,-0.155,-0.55,-0.676,-0.177,0.062,-0.162,-0.119,0.235,-0.178,-0.147,0.605,-0.073,-0.201,0.162,-0.313,-0.262,-0.546,-0.309,-0.487,-0.623,-0.017,-0.295,-0.403,-0.741,-0.439,-0.235,-0.308,0.248,-0.393,0.253,-0.053,-0.75,-0.167,0.395,0.399,-0.513,-0.487,-0.283,-0.071,-0.124,0.025,-0.611,-0.013,-0.629,0.012,-0.197,0.018,-0.39,-0.013,-0.591,-0.163,0.247,-0.136,-0.268,0.383,-0.583,-0.395,-0.548,-0.176,0.133,-0.697,0.269,-0.501,-0.629,-0.291,-0.177,-0.463,-0.441,-0.4,0.039,-0.411,0.345,-0.419,-0.226,-0.331,0.459,-0.117,0.355,-0.318,-0.611,-0.446,-0.392,-0.312,-0.147,-0.621,0.418,-0.616,-0.288,-0.741,-0.406,-0.295,-0.201,0.143,-0.037
ANDE,-0.735,0.749,0.853,-0.854,-0.575,0.7,0.689,0.846,0.874,0.749,0.652,-0.148,0.105,0.0,-0.084,0.549,0.251,0.504,0.557,0.841,0.218,-0.832,-0.846,0.124,0.782,-0.5,0.487,0.802,0.012,-0.661,0.554,0.447,-0.1,-0.454,-0.495,0.588,0.453,0.22,-0.141,0.5,0.385,0.624,-0.553,-0.296,-0.043,-0.192,-0.7,-0.212,0.722,0.021,0.715,-0.048,0.617,-0.089,0.395,0.714,-0.137,0.239,0.51,-0.565,0.665,0.685,-0.065,-0.69,0.672,0.56,0.278,0.647,0.249,0.467,0.588,-0.442,-0.379,-0.504,0.604,0.791,-0.153,0.833,0.13,0.001,0.418,-0.437,-0.537,-0.506,-0.029,-0.495,0.482,0.854,-0.247,0.844,0.425,0.521,0.262,0.767,-0.352,0.868,0.419,-0.484,0.697,-0.417,0.468,-0.453,-0.383,0.589,0.726,-0.83,0.73,-0.528,-0.285,0.677,0.823,0.614,0.692,0.385,-0.497,0.775,0.613,0.806,0.195,0.67,-0.648,-0.066,0.147,0.683,0.42,-0.548,0.83,-0.559,-0.624,-0.268,0.034,-0.809,0.492,0.896,-0.344,0.784,0.877,-0.103,-0.692,0.739,0.395,0.297,0.516,-0.289,0.429,0.663,0.245,-0.473,0.743,-0.649,0.895,0.796,-0.45,0.506,0.774,-0.049,-0.832,0.771,0.794,0.615,0.857,-0.08,0.524,-0.595,0.799,0.832,-0.368,0.809,0.35,-0.294,-0.836,0.689,-0.4,0.539,0.391,0.513,-0.594,0.875,0.03,0.503,0.456,0.653,0.691,0.886,0.074,-0.639,-0.741,0.255,-0.689,0.657,0.078,-0.053,-0.055,0.549,-0.257,-0.494,0.496,-0.84,0.576,0.819
APLS,0.337,0.222,0.057,0.289,0.623,-0.318,-0.054,-0.322,-0.044,0.053,-0.321,0.455,-0.085,-0.084,0.0,-0.096,0.234,-0.149,0.203,0.121,0.433,-0.186,0.284,0.002,0.069,0.172,-0.16,-0.309,0.243,0.228,-0.187,0.123,0.265,0.39,0.52,0.003,-0.066,0.058,-0.053,-0.335,0.266,-0.389,0.398,-0.018,0.722,0.279,0.123,0.043,-0.235,-0.003,0.031,-0.075,0.021,-0.292,0.326,0.036,0.502,-0.012,0.417,0.243,0.067,-0.32,0.144,0.399,0.085,0.241,-0.225,-0.132,-0.151,-0.067,-0.12,0.353,0.139,0.003,0.158,-0.048,0.376,-0.076,-0.038,0.415,0.054,0.395,0.43,0.34,0.24,0.246,-0.408,-0.197,0.178,-0.245,0.441,-0.204,0.087,-0.118,0.789,-0.362,0.016,0.199,0.168,0.338,-0.308,-0.092,0.281,0.052,-0.078,0.247,-0.112,0.294,-0.017,-0.411,0.063,-0.217,0.155,0.586,0.409,0.157,-0.34,0.021,0.487,0.254,0.533,0.099,-0.035,-0.156,0.057,0.364,0.107,0.412,0.298,0.238,-0.233,0.462,0.285,-0.075,-0.017,-0.234,-0.084,0.048,0.436,0.025,-0.075,0.122,-0.225,0.234,0.046,-0.054,-0.327,0.363,-0.094,-0.064,-0.08,0.052,0.35,-0.3,-0.466,0.182,0.209,-0.134,-0.144,-0.213,-0.154,0.46,0.221,0.277,-0.155,-0.376,0.308,-0.086,-0.163,0.268,0.045,-0.032,0.656,-0.03,-0.088,-0.33,0.555,-0.216,-0.228,-0.227,0.212,0.03,-0.004,-0.242,-0.122,-0.012,0.111,0.35,0.402,0.3,-0.018,0.283,0.011,0.253,0.256,0.408,0.239,0.41,-0.076,-0.11
APPF,-0.486,0.485,0.342,-0.553,-0.462,0.835,0.841,0.594,0.637,0.34,0.582,-0.195,-0.437,0.549,-0.096,0.0,0.706,0.86,0.868,0.648,-0.047,-0.423,-0.324,0.803,0.498,-0.069,0.86,0.759,0.618,-0.406,0.906,0.72,0.46,-0.641,-0.079,0.786,0.944,0.784,0.333,0.884,0.83,0.808,-0.034,0.165,0.146,0.434,-0.622,0.536,0.636,0.62,0.699,0.657,0.851,-0.061,0.388,0.805,-0.172,0.832,0.171,-0.06,0.861,0.26,0.67,-0.379,0.806,0.56,0.675,0.914,0.637,0.925,0.885,0.013,0.384,-0.401,0.822,0.797,0.521,0.775,0.399,0.215,0.828,0.027,-0.137,0.116,0.343,0.074,0.823,0.701,0.421,0.499,0.089,0.902,0.806,0.746,-0.421,0.561,0.895,0.294,0.587,0.217,0.824,0.144,-0.023,0.821,0.782,-0.658,0.854,-0.088,0.375,0.659,0.667,0.806,0.758,0.11,-0.248,0.803,0.096,0.815,0.045,0.522,-0.25,0.42,0.743,0.896,0.881,0.162,0.637,-0.291,-0.31,0.469,0.673,-0.454,0.708,0.447,0.022,0.585,0.793,0.621,-0.37,0.467,0.125,0.807,0.932,-0.081,0.719,0.732,0.583,0.053,0.771,0.075,0.739,0.779,-0.575,0.868,0.766,0.612,-0.405,0.593,0.751,0.889,0.334,0.477,0.818,-0.151,0.845,0.675,0.321,0.548,0.737,0.422,-0.388,0.692,-0.03,0.927,0.858,0.564,-0.123,0.433,0.699,0.845,0.646,0.285,0.727,0.454,0.679,0.115,-0.235,0.683,-0.489,0.514,0.784,-0.541,0.649,0.664,0.466,-0.125,0.739,-0.554,0.554,0.806
ASML,-0.236,0.536,0.254,-0.188,0.086,0.444,0.759,0.197,0.379,0.277,0.082,-0.071,-0.47,0.251,0.234,0.706,0.0,0.741,0.713,0.381,-0.185,-0.286,0.054,0.7,0.304,0.022,0.736,0.419,0.721,-0.153,0.513,0.712,0.46,-0.188,0.131,0.785,0.73,0.625,0.266,0.668,0.8,0.369,0.294,0.146,0.396,0.434,-0.429,0.525,0.482,0.339,0.583,0.421,0.609,-0.068,0.126,0.636,0.325,0.696,0.112,0.003,0.709,0.16,0.628,-0.095,0.606,0.316,0.442,0.622,0.672,0.734,0.743,0.025,0.424,-0.158,0.528,0.545,0.712,0.428,0.038,0.573,0.832,0.151,0.053,0.453,0.528,0.21,0.342,0.356,0.515,0.212,0.356,0.601,0.67,0.31,0.101,0.22,0.678,0.449,0.647,0.458,0.679,0.084,0.136,0.676,0.641,-0.316,0.642,-0.037,0.419,0.253,0.423,0.491,0.682,0.309,0.093,0.652,-0.035,0.594,0.167,0.51,0.024,0.679,0.618,0.615,0.796,0.338,0.283,0.039,-0.181,0.511,0.577,0.008,0.551,0.179,-0.143,0.275,0.509,0.653,0.09,0.231,0.253,0.738,0.671,-0.018,0.636,0.344,0.343,0.139,0.645,0.171,0.455,0.548,-0.383,0.571,0.368,0.76,-0.095,0.435,0.349,0.663,-0.054,0.527,0.675,-0.089,0.523,0.401,0.403,0.405,0.646,0.56,-0.117,0.371,0.267,0.685,0.745,0.38,0.098,0.186,0.669,0.746,0.561,0.188,0.44,0.137,0.709,0.277,-0.151,0.883,-0.216,0.425,0.79,-0.611,0.657,0.44,0.554,0.022,0.727,-0.116,0.618,0.512
ATRC,-0.604,0.553,0.36,-0.574,-0.397,0.833,0.898,0.557,0.648,0.469,0.488,-0.383,-0.177,0.504,-0.149,0.86,0.741,0.0,0.742,0.566,-0.314,-0.412,-0.296,0.66,0.6,-0.266,0.846,0.791,0.565,-0.324,0.732,0.744,0.207,-0.449,-0.29,0.841,0.822,0.602,0.126,0.907,0.638,0.686,-0.182,0.027,-0.013,0.215,-0.65,0.353,0.799,0.322,0.814,0.481,0.777,0.057,0.113,0.714,0.025,0.657,0.07,-0.26,0.831,0.496,0.519,-0.555,0.654,0.436,0.51,0.803,0.753,0.869,0.954,-0.272,0.199,-0.374,0.59,0.774,0.404,0.711,0.031,0.379,0.826,-0.219,-0.353,0.068,0.494,-0.088,0.677,0.694,0.247,0.604,0.159,0.848,0.623,0.589,-0.404,0.607,0.76,0.201,0.745,0.061,0.911,0.066,-0.148,0.766,0.854,-0.674,0.842,-0.332,0.225,0.589,0.615,0.719,0.761,0.123,-0.316,0.757,0.31,0.797,-0.143,0.581,-0.344,0.584,0.686,0.828,0.794,0.007,0.49,-0.41,-0.486,0.255,0.675,-0.454,0.599,0.448,-0.18,0.668,0.771,0.477,-0.318,0.549,0.421,0.669,0.86,-0.178,0.774,0.579,0.683,-0.227,0.873,-0.047,0.719,0.68,-0.649,0.771,0.781,0.581,-0.378,0.714,0.608,0.885,0.318,0.279,0.675,-0.424,0.79,0.767,0.096,0.646,0.64,0.283,-0.359,0.559,-0.216,0.792,0.849,0.697,-0.276,0.517,0.766,0.945,0.567,0.394,0.633,0.516,0.797,0.04,-0.365,0.665,-0.629,0.434,0.728,-0.62,0.546,0.495,0.265,-0.3,0.675,-0.548,0.792,0.775
AVGO,-0.335,0.568,0.384,-0.462,-0.302,0.732,0.778,0.535,0.655,0.434,0.606,-0.014,-0.385,0.557,0.203,0.868,0.713,0.742,0.0,0.733,0.206,-0.519,-0.31,0.759,0.544,-0.099,0.765,0.686,0.674,-0.252,0.845,0.763,0.542,-0.561,0.104,0.673,0.87,0.826,0.189,0.73,0.903,0.681,0.059,0.199,0.448,0.536,-0.659,0.516,0.517,0.629,0.725,0.622,0.888,-0.296,0.617,0.782,-0.047,0.806,0.462,-0.022,0.936,0.165,0.67,-0.234,0.858,0.735,0.559,0.885,0.574,0.858,0.802,0.154,0.401,-0.379,0.887,0.833,0.579,0.79,0.443,0.407,0.812,0.109,-0.041,0.219,0.435,0.09,0.685,0.644,0.292,0.439,0.187,0.821,0.843,0.795,-0.122,0.425,0.888,0.325,0.644,0.344,0.67,0.147,0.148,0.825,0.741,-0.582,0.831,0.023,0.26,0.577,0.723,0.728,0.866,0.339,-0.06,0.862,-0.007,0.84,0.229,0.702,-0.062,0.403,0.718,0.8,0.901,0.238,0.741,-0.115,-0.186,0.53,0.54,-0.316,0.857,0.484,0.038,0.599,0.777,0.588,-0.218,0.578,0.152,0.852,0.759,-0.07,0.797,0.797,0.521,0.193,0.696,-0.012,0.74,0.847,-0.39,0.76,0.596,0.648,-0.368,0.557,0.725,0.821,0.403,0.652,0.953,-0.054,0.784,0.549,0.404,0.574,0.682,0.494,-0.397,0.832,0.184,0.915,0.802,0.447,0.086,0.402,0.552,0.686,0.695,0.37,0.809,0.452,0.587,0.049,-0.237,0.734,-0.401,0.692,0.715,-0.243,0.625,0.857,0.516,0.021,0.874,-0.444,0.508,0.818
AVT,-0.558,0.807,0.771,-0.795,-0.433,0.673,0.744,0.813,0.849,0.599,0.659,0.048,-0.02,0.841,0.121,0.648,0.381,0.566,0.733,0.0,0.333,-0.83,-0.702,0.293,0.725,-0.395,0.496,0.769,0.215,-0.58,0.683,0.553,0.127,-0.492,-0.23,0.65,0.556,0.428,-0.035,0.523,0.573,0.605,-0.363,-0.216,0.26,0.03,-0.763,-0.024,0.651,0.217,0.782,0.124,0.719,-0.258,0.595,0.766,-0.103,0.394,0.645,-0.428,0.79,0.456,0.155,-0.553,0.777,0.747,0.324,0.74,0.286,0.596,0.625,-0.193,-0.169,-0.465,0.803,0.84,0.097,0.902,0.226,0.107,0.566,-0.266,-0.373,-0.329,0.06,-0.357,0.525,0.825,-0.053,0.745,0.457,0.63,0.463,0.832,-0.195,0.723,0.611,-0.268,0.704,-0.191,0.461,-0.377,-0.298,0.722,0.765,-0.761,0.773,-0.364,-0.166,0.613,0.862,0.684,0.792,0.523,-0.348,0.905,0.421,0.885,0.252,0.786,-0.39,0.029,0.279,0.752,0.545,-0.273,0.911,-0.423,-0.51,-0.032,0.073,-0.639,0.732,0.841,-0.297,0.724,0.891,0.072,-0.576,0.737,0.273,0.475,0.597,-0.227,0.535,0.726,0.296,-0.227,0.713,-0.533,0.91,0.873,-0.403,0.59,0.674,0.088,-0.781,0.72,0.841,0.643,0.794,0.169,0.737,-0.434,0.835,0.726,-0.124,0.744,0.411,-0.082,-0.799,0.756,-0.139,0.66,0.464,0.504,-0.36,0.774,0.077,0.51,0.651,0.549,0.746,0.783,0.168,-0.496,-0.594,0.411,-0.589,0.768,0.236,-0.04,0.15,0.697,-0.013,-0.338,0.667,-0.718,0.48,0.861
AXDX,0.19,0.123,0.214,-0.096,-0.019,-0.125,-0.131,0.145,0.119,0.005,0.148,0.488,-0.157,0.218,0.433,-0.047,-0.185,-0.314,0.206,0.333,0.0,-0.346,-0.239,-0.073,0.076,0.035,-0.186,-0.068,-0.112,-0.198,0.088,-0.14,0.197,-0.198,0.375,-0.188,-0.019,0.109,0.066,-0.303,0.205,0.001,0.086,-0.018,0.418,0.149,-0.072,-0.039,-0.271,0.17,-0.069,-0.041,0.055,-0.466,0.587,0.105,-0.183,0.019,0.536,0.119,0.083,-0.27,-0.078,0.18,0.28,0.398,0.111,0.074,-0.355,-0.082,-0.237,0.405,-0.027,-0.141,0.329,0.078,0.005,0.143,0.458,0.016,-0.126,0.246,0.232,-0.126,-0.321,-0.006,-0.022,0.093,-0.071,-0.06,0.167,-0.066,0.114,0.323,0.263,-0.047,0.062,-0.177,-0.092,0.048,-0.361,-0.197,0.077,0.003,-0.15,-0.039,-0.01,0.214,-0.229,0.001,0.256,0.049,0.069,0.348,0.083,0.14,-0.233,0.12,0.565,0.186,0.115,-0.456,-0.134,0.027,0.01,0.033,0.403,0.115,0.188,0.09,-0.429,-0.053,0.226,0.227,0.115,-0.038,0.09,-0.04,-0.136,0.121,-0.35,0.092,-0.117,0.053,-0.092,0.249,-0.369,0.338,-0.175,-0.206,0.144,0.269,0.216,-0.059,-0.164,-0.153,-0.242,-0.071,0.271,-0.123,0.297,0.222,0.264,0.266,0.074,-0.167,0.139,0.021,-0.062,-0.023,-0.224,0.318,0.321,0.064,-0.172,-0.167,0.209,0.068,-0.476,-0.393,0.113,0.122,0.282,0.092,-0.501,-0.28,-0.056,-0.098,0.163,0.277,-0.269,0.499,-0.082,0.426,0.056,0.15,0.193,-0.055,-0.358,0.111
AXSM,0.701,-0.844,-0.867,0.805,0.361,-0.523,-0.654,-0.73,-0.891,-0.72,-0.496,-0.006,-0.201,-0.832,-0.186,-0.423,-0.286,-0.412,-0.519,-0.83,-0.346,0.0,0.801,0.009,-0.792,0.559,-0.332,-0.705,0.091,0.68,-0.393,-0.319,0.181,0.346,0.388,-0.588,-0.293,-0.158,0.296,-0.303,-0.378,-0.443,0.506,0.537,-0.112,0.251,0.76,0.358,-0.69,0.185,-0.742,0.207,-0.507,0.338,-0.41,-0.56,0.048,-0.141,-0.589,0.676,-0.61,-0.588,0.201,0.688,-0.691,-0.548,-0.111,-0.553,-0.195,-0.354,-0.486,0.44,0.459,0.592,-0.538,-0.686,0.126,-0.73,-0.053,-0.234,-0.418,0.51,0.576,0.511,0.097,0.639,-0.263,-0.842,0.325,-0.782,-0.534,-0.428,-0.164,-0.67,0.085,-0.757,-0.361,0.535,-0.771,0.365,-0.365,0.635,0.577,-0.581,-0.704,0.813,-0.623,0.602,0.476,-0.349,-0.9,-0.595,-0.668,-0.702,0.414,-0.745,-0.569,-0.812,-0.344,-0.763,0.567,0.17,0.056,-0.599,-0.339,0.532,-0.817,0.468,0.713,0.301,0.21,0.68,-0.413,-0.902,0.6,-0.655,-0.781,0.211,0.644,-0.739,-0.324,-0.275,-0.354,0.405,-0.441,-0.565,-0.103,0.392,-0.715,0.774,-0.849,-0.78,0.524,-0.308,-0.585,0.128,0.831,-0.823,-0.749,-0.496,-0.764,0.084,-0.503,0.616,-0.719,-0.699,0.392,-0.863,-0.126,0.325,0.896,-0.554,0.256,-0.447,-0.2,-0.419,0.526,-0.852,0.126,-0.366,-0.323,-0.765,-0.673,-0.819,0.078,0.758,0.864,-0.26,0.646,-0.552,0.05,-0.046,0.14,-0.52,0.291,0.566,-0.562,0.753,-0.525,-0.778
AZN,0.756,-0.583,-0.803,0.868,0.729,-0.59,-0.47,-0.872,-0.81,-0.635,-0.698,0.198,-0.316,-0.846,0.284,-0.324,0.054,-0.296,-0.31,-0.702,-0.239,0.801,0.0,0.142,-0.739,0.61,-0.272,-0.746,0.332,0.729,-0.406,-0.112,0.375,0.54,0.599,-0.367,-0.199,-0.001,0.251,-0.3,-0.11,-0.572,0.728,0.464,0.302,0.435,0.687,0.448,-0.632,0.175,-0.57,0.205,-0.377,0.15,-0.264,-0.433,0.398,0.0,-0.403,0.739,-0.43,-0.7,0.355,0.812,-0.489,-0.413,-0.139,-0.496,-0.075,-0.237,-0.366,0.529,0.598,0.482,-0.382,-0.59,0.461,-0.694,-0.127,0.181,-0.15,0.664,0.73,0.755,0.32,0.748,-0.417,-0.826,0.499,-0.831,-0.198,-0.374,0.005,-0.704,0.51,-0.864,-0.223,0.715,-0.493,0.624,-0.312,0.523,0.631,-0.392,-0.55,0.845,-0.528,0.674,0.539,-0.552,-0.759,-0.593,-0.419,-0.282,0.64,-0.538,-0.721,-0.666,-0.078,-0.48,0.819,0.411,0.125,-0.561,-0.19,0.754,-0.735,0.681,0.693,0.498,0.218,0.9,-0.199,-0.879,0.461,-0.728,-0.712,0.327,0.876,-0.668,-0.286,-0.052,-0.341,0.463,-0.257,-0.579,-0.161,0.569,-0.589,0.759,-0.791,-0.626,0.527,-0.357,-0.73,0.346,0.894,-0.74,-0.744,-0.44,-0.907,0.357,-0.284,0.69,-0.705,-0.782,0.585,-0.76,-0.1,0.568,0.851,-0.537,0.637,-0.323,-0.12,-0.504,0.728,-0.901,0.181,-0.293,-0.104,-0.688,-0.613,-0.908,0.186,0.797,0.81,0.114,0.743,-0.366,0.218,-0.094,0.249,-0.383,0.487,0.713,-0.264,0.929,-0.4,-0.712
BANR,-0.045,0.098,-0.112,-0.085,-0.214,0.538,0.537,0.159,0.195,-0.009,0.346,-0.041,-0.642,0.124,0.002,0.803,0.7,0.66,0.759,0.293,-0.073,0.009,0.142,0.0,0.07,0.212,0.76,0.405,0.824,0.009,0.769,0.629,0.773,-0.466,0.328,0.478,0.896,0.942,0.457,0.737,0.789,0.599,0.429,0.575,0.308,0.83,-0.336,0.896,0.207,0.805,0.395,0.885,0.719,-0.177,0.375,0.563,-0.135,0.964,-0.075,0.368,0.687,-0.175,0.906,0.091,0.592,0.476,0.671,0.757,0.546,0.81,0.672,0.451,0.811,-0.213,0.695,0.512,0.834,0.439,0.525,0.326,0.798,0.436,0.291,0.514,0.508,0.434,0.708,0.289,0.632,0.032,-0.176,0.768,0.941,0.491,-0.171,0.076,0.89,0.713,0.272,0.627,0.641,0.51,0.381,0.623,0.427,-0.233,0.64,0.374,0.637,0.393,0.315,0.581,0.548,-0.033,0.12,0.479,-0.387,0.494,0.018,0.328,0.196,0.509,0.841,0.647,0.849,0.599,0.327,0.072,0.122,0.851,0.8,0.005,0.611,-0.037,0.371,0.193,0.398,0.864,0.08,0.161,-0.121,0.918,0.75,0.164,0.661,0.544,0.569,0.463,0.425,0.497,0.343,0.509,-0.287,0.73,0.4,0.86,0.062,0.191,0.422,0.693,-0.077,0.773,0.765,0.317,0.492,0.238,0.754,0.168,0.72,0.835,0.104,0.555,0.395,0.865,0.816,0.306,0.317,-0.062,0.802,0.648,0.545,-0.023,0.537,-0.006,0.745,0.575,0.216,0.695,-0.099,0.302,0.9,-0.475,0.863,0.597,0.808,0.28,0.719,-0.096,0.283,0.484
BBIO,-0.768,0.674,0.722,-0.765,-0.454,0.693,0.694,0.71,0.886,0.837,0.534,-0.273,0.295,0.782,0.069,0.498,0.304,0.6,0.544,0.725,0.076,-0.792,-0.739,0.07,0.0,-0.522,0.43,0.754,0.044,-0.492,0.429,0.472,-0.281,-0.302,-0.57,0.592,0.402,0.152,-0.297,0.485,0.294,0.464,-0.59,-0.427,-0.063,-0.245,-0.673,-0.277,0.771,-0.105,0.781,-0.068,0.586,-0.029,0.21,0.574,-0.012,0.162,0.446,-0.599,0.649,0.71,-0.055,-0.752,0.562,0.489,0.115,0.565,0.327,0.448,0.654,-0.515,-0.395,-0.541,0.482,0.732,-0.177,0.775,-0.075,0.137,0.402,-0.537,-0.617,-0.4,0.196,-0.557,0.387,0.799,-0.304,0.768,0.371,0.489,0.184,0.618,-0.281,0.79,0.369,-0.422,0.748,-0.449,0.516,-0.42,-0.441,0.574,0.742,-0.811,0.679,-0.664,-0.334,0.514,0.781,0.527,0.666,0.391,-0.458,0.728,0.635,0.797,0.064,0.677,-0.562,0.058,0.137,0.618,0.401,-0.543,0.74,-0.599,-0.661,-0.298,0.089,-0.711,0.47,0.815,-0.442,0.778,0.814,-0.165,-0.577,0.776,0.587,0.244,0.458,-0.255,0.497,0.524,0.337,-0.554,0.777,-0.631,0.802,0.691,-0.572,0.332,0.706,0.014,-0.651,0.788,0.628,0.594,0.731,-0.025,0.419,-0.679,0.719,0.781,-0.422,0.813,0.151,-0.292,-0.74,0.523,-0.435,0.478,0.373,0.566,-0.533,0.82,0.141,0.556,0.353,0.692,0.602,0.81,0.196,-0.607,-0.734,0.289,-0.733,0.523,0.117,-0.069,-0.094,0.476,-0.31,-0.479,0.447,-0.756,0.705,0.744
BCYC,0.53,-0.451,-0.495,0.598,0.365,-0.275,-0.309,-0.535,-0.507,-0.47,-0.439,0.292,-0.541,-0.5,0.172,-0.069,0.022,-0.266,-0.099,-0.395,0.035,0.559,0.61,0.212,-0.522,0.0,-0.201,-0.52,0.263,0.319,-0.06,0.065,0.355,0.217,0.453,-0.134,0.057,0.116,0.442,-0.15,0.112,-0.253,0.713,0.425,0.379,0.442,0.667,0.504,-0.525,0.434,-0.583,0.339,-0.202,0.107,0.029,-0.187,0.089,0.175,-0.213,0.766,-0.251,-0.689,0.446,0.655,-0.212,-0.317,0.019,-0.218,-0.134,-0.053,-0.277,0.634,0.573,0.406,0.029,-0.378,0.358,-0.272,0.26,-0.154,-0.104,0.617,0.636,0.64,0.07,0.609,-0.105,-0.576,0.568,-0.699,-0.174,-0.249,0.176,-0.343,0.192,-0.486,-0.078,0.53,-0.555,0.383,-0.323,0.448,0.538,-0.398,-0.434,0.571,-0.322,0.608,0.773,-0.132,-0.527,-0.384,-0.268,-0.301,0.509,-0.303,-0.648,-0.435,0.052,-0.432,0.609,0.151,0.201,-0.269,-0.065,0.543,-0.306,0.441,0.729,0.521,0.252,0.551,-0.033,-0.572,0.57,-0.582,-0.402,0.327,0.497,-0.686,-0.354,0.065,-0.055,0.708,-0.373,-0.248,-0.109,0.518,-0.499,0.637,-0.539,-0.367,0.403,-0.207,-0.397,0.184,0.638,-0.664,-0.465,-0.333,-0.637,0.421,-0.093,0.74,-0.361,-0.545,0.524,-0.622,-0.04,0.432,0.558,-0.317,0.498,-0.08,-0.098,-0.577,0.57,-0.693,0.074,-0.29,0.14,-0.715,-0.465,-0.718,0.003,0.687,0.729,0.019,0.682,-0.079,0.295,-0.146,0.148,-0.227,0.465,0.749,-0.275,0.578,-0.521,-0.487
BHFAP,-0.422,0.442,0.278,-0.456,-0.434,0.729,0.787,0.536,0.521,0.32,0.544,-0.376,-0.402,0.487,-0.16,0.86,0.736,0.846,0.765,0.496,-0.186,-0.332,-0.272,0.76,0.43,-0.201,0.0,0.731,0.644,-0.299,0.781,0.659,0.457,-0.613,-0.081,0.715,0.872,0.723,0.217,0.882,0.745,0.754,-0.021,0.255,0.039,0.398,-0.651,0.53,0.609,0.485,0.657,0.628,0.784,-0.128,0.209,0.704,-0.112,0.781,0.075,-0.135,0.816,0.357,0.606,-0.359,0.712,0.458,0.673,0.851,0.658,0.852,0.864,-0.103,0.348,-0.306,0.624,0.718,0.52,0.619,0.274,0.314,0.81,-0.04,-0.193,0.14,0.371,0.057,0.742,0.618,0.321,0.477,0.026,0.844,0.727,0.643,-0.406,0.486,0.81,0.326,0.626,0.28,0.848,0.182,0.045,0.757,0.715,-0.596,0.807,-0.132,0.275,0.608,0.568,0.747,0.71,0.017,-0.279,0.684,0.132,0.726,-0.051,0.473,-0.315,0.476,0.754,0.843,0.885,0.143,0.457,-0.283,-0.322,0.426,0.693,-0.38,0.567,0.367,-0.033,0.586,0.698,0.654,-0.266,0.441,0.197,0.752,0.87,-0.255,0.756,0.631,0.567,-0.002,0.775,0.098,0.675,0.694,-0.558,0.861,0.723,0.719,-0.355,0.592,0.641,0.887,0.27,0.403,0.736,-0.213,0.765,0.669,0.29,0.541,0.814,0.429,-0.235,0.652,-0.09,0.844,0.891,0.636,-0.14,0.396,0.761,0.882,0.444,0.35,0.69,0.435,0.747,0.163,-0.261,0.661,-0.518,0.411,0.754,-0.571,0.691,0.608,0.458,-0.22,0.739,-0.48,0.677,0.746
BKR,-0.813,0.648,0.622,-0.837,-0.722,0.922,0.836,0.854,0.892,0.645,0.806,-0.345,0.068,0.802,-0.309,0.759,0.419,0.791,0.686,0.769,-0.068,-0.705,-0.746,0.405,0.754,-0.52,0.731,0.0,0.195,-0.575,0.781,0.554,-0.009,-0.675,-0.522,0.711,0.67,0.486,-0.106,0.792,0.486,0.836,-0.499,-0.194,-0.149,-0.016,-0.853,0.039,0.87,0.2,0.851,0.286,0.761,-0.173,0.332,0.679,-0.283,0.502,0.313,-0.559,0.826,0.673,0.185,-0.814,0.735,0.572,0.43,0.867,0.531,0.735,0.831,-0.431,-0.124,-0.541,0.644,0.871,0.037,0.88,0.183,0.135,0.66,-0.523,-0.66,-0.358,0.124,-0.49,0.759,0.945,-0.168,0.866,0.133,0.827,0.477,0.852,-0.575,0.871,0.683,-0.199,0.744,-0.24,0.79,-0.187,-0.434,0.755,0.876,-0.943,0.891,-0.528,-0.126,0.731,0.866,0.865,0.773,0.247,-0.536,0.795,0.568,0.909,-0.049,0.689,-0.678,0.127,0.424,0.875,0.652,-0.377,0.763,-0.6,-0.694,-0.045,0.374,-0.816,0.5,0.78,-0.328,0.87,0.905,0.162,-0.698,0.77,0.379,0.54,0.745,-0.414,0.723,0.792,0.653,-0.406,0.889,-0.431,0.923,0.825,-0.723,0.748,0.948,0.213,-0.746,0.902,0.857,0.871,0.735,0.036,0.656,-0.602,0.924,0.939,-0.204,0.885,0.492,-0.066,-0.717,0.749,-0.471,0.755,0.648,0.688,-0.566,0.829,0.429,0.775,0.411,0.683,0.829,0.846,0.439,-0.381,-0.686,0.372,-0.847,0.47,0.39,-0.285,0.268,0.601,-0.046,-0.569,0.643,-0.892,0.708,0.952
BLDP,0.148,0.124,-0.181,0.091,0.123,0.336,0.456,-0.044,0.049,-0.034,0.117,-0.105,-0.614,0.012,0.243,0.618,0.721,0.565,0.674,0.215,-0.112,0.091,0.332,0.824,0.044,0.263,0.644,0.195,0.0,0.298,0.537,0.657,0.732,-0.193,0.409,0.412,0.732,0.749,0.329,0.617,0.708,0.298,0.449,0.587,0.456,0.753,-0.183,0.807,0.108,0.665,0.338,0.74,0.623,-0.051,0.286,0.464,0.186,0.76,0.057,0.429,0.598,-0.211,0.874,0.256,0.428,0.383,0.413,0.519,0.528,0.702,0.597,0.385,0.733,0.01,0.531,0.406,0.828,0.278,0.234,0.436,0.671,0.476,0.375,0.639,0.693,0.569,0.422,0.054,0.624,-0.076,-0.007,0.544,0.795,0.262,0.084,-0.11,0.69,0.785,0.297,0.691,0.496,0.504,0.554,0.528,0.349,-0.007,0.469,0.387,0.628,0.229,0.111,0.294,0.511,-0.033,0.284,0.441,-0.435,0.342,-0.073,0.249,0.414,0.738,0.784,0.413,0.74,0.674,0.141,0.265,0.226,0.785,0.774,0.251,0.672,-0.141,0.309,0.107,0.275,0.781,0.357,0.079,0.026,0.732,0.571,0.148,0.584,0.315,0.438,0.462,0.359,0.512,0.214,0.36,-0.107,0.538,0.177,0.913,0.225,0.043,0.171,0.539,-0.212,0.771,0.633,0.337,0.296,0.087,0.714,0.023,0.656,0.814,0.214,0.417,0.478,0.647,0.745,0.232,0.477,-0.2,0.758,0.587,0.54,-0.177,0.325,-0.137,0.816,0.613,0.327,0.775,0.023,0.365,0.883,-0.376,0.782,0.499,0.787,0.417,0.596,0.157,0.341,0.292
BLFS,0.641,-0.568,-0.69,0.75,0.53,-0.452,-0.485,-0.737,-0.641,-0.335,-0.366,0.088,0.075,-0.661,0.228,-0.406,-0.153,-0.324,-0.252,-0.58,-0.198,0.68,0.729,0.009,-0.492,0.319,-0.299,-0.575,0.298,0.0,-0.401,-0.053,0.182,0.503,0.4,-0.574,-0.295,-0.025,-0.171,-0.276,-0.264,-0.56,0.422,0.473,0.238,0.34,0.496,0.266,-0.547,0.116,-0.379,0.16,-0.229,0.064,-0.098,-0.473,0.367,-0.099,-0.1,0.551,-0.325,-0.505,0.223,0.643,-0.505,-0.156,-0.361,-0.446,-0.051,-0.27,-0.305,0.384,0.412,0.494,-0.402,-0.403,0.225,-0.541,-0.206,0.145,-0.226,0.378,0.451,0.546,0.48,0.486,-0.392,-0.714,0.038,-0.605,-0.354,-0.37,-0.042,-0.529,0.468,-0.749,-0.239,0.596,-0.398,0.524,-0.303,0.537,0.638,-0.287,-0.465,0.695,-0.429,0.506,0.266,-0.452,-0.635,-0.536,-0.294,-0.249,0.661,-0.473,-0.508,-0.57,-0.234,-0.298,0.737,0.37,0.036,-0.625,-0.209,0.529,-0.577,0.62,0.578,0.325,0.229,0.74,-0.081,-0.684,0.438,-0.438,-0.602,0.078,0.837,-0.306,-0.043,-0.106,-0.499,0.267,-0.067,-0.382,0.057,0.409,-0.495,0.498,-0.632,-0.528,0.536,-0.371,-0.612,0.266,0.808,-0.583,-0.675,-0.37,-0.556,0.321,-0.253,0.533,-0.681,-0.641,0.407,-0.555,-0.139,0.433,0.672,-0.267,0.463,-0.33,-0.125,-0.377,0.641,-0.711,0.131,-0.312,-0.204,-0.447,-0.434,-0.635,0.219,0.573,0.639,0.051,0.47,-0.247,0.093,0.321,0.111,-0.219,0.288,0.646,-0.234,0.75,-0.237,-0.561
BLKB,-0.418,0.39,0.28,-0.54,-0.598,0.841,0.7,0.657,0.603,0.24,0.761,-0.147,-0.422,0.554,-0.187,0.906,0.513,0.732,0.845,0.683,0.088,-0.393,-0.406,0.769,0.429,-0.06,0.781,0.781,0.537,-0.401,0.0,0.612,0.509,-0.801,-0.023,0.62,0.897,0.821,0.338,0.805,0.766,0.897,-0.03,0.241,0.154,0.49,-0.629,0.554,0.525,0.721,0.617,0.729,0.818,-0.202,0.53,0.707,-0.41,0.815,0.247,-0.038,0.838,0.162,0.645,-0.361,0.777,0.625,0.658,0.936,0.509,0.874,0.759,0.132,0.399,-0.381,0.876,0.756,0.451,0.803,0.596,0.08,0.735,0.025,-0.143,0.052,0.194,0.026,0.925,0.694,0.318,0.489,-0.067,0.905,0.828,0.873,-0.514,0.537,0.913,0.255,0.434,0.19,0.699,0.247,-0.012,0.734,0.683,-0.663,0.822,0.015,0.334,0.723,0.66,0.849,0.699,0.045,-0.28,0.743,0.044,0.779,-0.015,0.489,-0.257,0.222,0.727,0.88,0.828,0.167,0.705,-0.271,-0.202,0.483,0.593,-0.5,0.697,0.448,0.095,0.581,0.748,0.602,-0.455,0.456,-0.033,0.792,0.878,-0.118,0.685,0.853,0.655,0.134,0.639,0.067,0.728,0.767,-0.495,0.898,0.77,0.515,-0.457,0.528,0.806,0.842,0.441,0.465,0.849,-0.06,0.857,0.632,0.346,0.508,0.693,0.391,-0.393,0.798,-0.06,0.917,0.785,0.505,-0.078,0.413,0.576,0.699,0.591,0.272,0.79,0.472,0.555,0.091,-0.173,0.494,-0.454,0.487,0.694,-0.355,0.644,0.747,0.476,-0.116,0.702,-0.598,0.354,0.816
