,ABAT,ACLS,ACMR,ADMA,ADUS,ADVM,AEIS,AGNCM,AHCO,ALGT,ALLO,AMSF,ANAB,ANDE,APLS,APPF,ASML,ATRC,AVGO,AVT,AXDX,AXSM,AZN,BANR,BBIO,BCYC,BHFAP,BKR,BLDP,BLFS,BLKB,BLMN,BNTX,BPMC,CALM,CAMT,CASH,CATY,CCEP,CDLX,CDNS,CENN,CENX,CGC,CHDN,CLBK,COKE,COLB,COO,CORT,CRMT,CRNX,CRTO,CRVL,CSCO,CSQ,CSWI,CVBF,CWST,CYCC,CZR,DLTR,DORM,ENTA,EQIX,ERIC,EVRG,EWBC,EXAS,EXLS,EXPI,EYE,FBNC,FBRX,FCNCA,FELE,FIBK,FLEX,FRGT,FRHC,FRME,FWONA,FWONK,GDEN,GIII,GILD,GLNG,GNTX,GOOGL,GRPN,HCSG,HIMX,HOPE,HST,HTLD,HUT,HWC,ICUI,IESC,INTC,INTU,IOVA,IPAR,IPGP,ISRG,JBSS,KALU,KPRX,KRNT,LAUR,LBRDA,LBTYK,LECO,LILAK,LITE,MANH,MDXG,MFIC,MGEE,MIDD,MLAB,MMSI,MNKD,MOMO,MRVL,NICE,NMFC,NUWE,NVCR,NWBI,OFIX,OFLX,OMCL,OPK,ORKA,ORLY,OTTR,PDD,PNTG,POOL,POWL,PPBI,PPC,PRAA,PRPL,PZZA,QTRX,QURE,RDFN,RDHL,REAL,REG,REYN,RGLD,RIOT,RUN,RYTM,SAIA,SBAC,SBRA,SCVL,SHOO,SLAB,SLDB,SMCI,SMTC,SRCE,SSP,SSRM,STBA,STRO,SVC,SYBT,TCBI,TCOM,TENX,TH,TMUS,TNDM,TTD,TTMI,UAL,ULH,ULTA,VCYT,VIRT,VKTX,VOD,VRDN,VREX,VRNT,VSAT,WB,WBD,WDC,WEN,WSFS,XXII,Z,ZBRA
ABAT,0.0,0.504,0.158,-0.661,-0.368,0.159,0.085,-0.109,-0.011,0.649,0.226,0.771,0.62,-0.203,-0.197,-0.616,-0.604,-0.277,-0.383,-0.092,0.406,0.265,0.084,-0.498,-0.554,0.683,-0.41,0.108,-0.216,-0.332,-0.425,-0.001,-0.523,-0.75,-0.543,-0.509,-0.666,-0.481,-0.662,0.3,-0.438,-0.247,-0.432,-0.124,-0.43,-0.534,-0.617,-0.542,-0.22,0.581,-0.11,0.117,0.639,-0.168,0.232,-0.169,0.03,-0.503,-0.341,0.42,-0.254,-0.38,0.358,0.544,-0.611,-0.436,-0.422,-0.581,0.28,-0.316,0.238,-0.495,-0.591,0.658,-0.651,-0.484,-0.571,-0.758,0.22,-0.59,-0.49,0.437,0.53,-0.344,-0.509,0.17,0.663,0.12,0.339,0.167,0.147,-0.257,-0.511,-0.444,0.659,-0.116,-0.511,0.624,-0.268,-0.507,-0.205,-0.585,0.041,-0.05,-0.361,0.354,0.648,-0.184,-0.377,0.474,0.69,0.541,-0.519,0.138,-0.322,-0.588,-0.323,-0.359,-0.441,-0.27,0.537,-0.605,0.601,-0.368,-0.336,-0.424,-0.237,0.726,0.677,-0.652,0.265,0.558,0.703,-0.281,0.649,-0.672,-0.519,-0.503,-0.44,-0.354,-0.576,-0.226,-0.632,-0.201,0.772,-0.209,-0.48,-0.119,-0.334,0.665,-0.397,-0.395,-0.372,0.251,-0.306,-0.187,-0.568,-0.288,-0.684,-0.026,0.379,-0.222,0.288,-0.277,-0.24,0.451,-0.555,-0.26,0.651,-0.477,0.731,-0.123,-0.494,-0.4,-0.517,-0.148,0.403,-0.708,0.558,0.339,-0.485,-0.437,0.021,-0.583,-0.413,0.4,0.08,-0.227,-0.61,-0.357,-0.28,0.555,-0.095,-0.017,-0.146,0.408,-0.477,0.58,0.259,-0.171
ACLS,0.504,0.0,0.701,-0.544,-0.117,0.254,0.505,0.191,0.21,0.734,-0.091,0.57,0.418,-0.155,0.001,-0.472,-0.366,0.023,-0.103,0.299,0.208,0.306,0.102,-0.372,-0.454,0.534,-0.266,0.0,0.054,-0.205,-0.36,0.322,-0.186,-0.665,-0.474,-0.284,-0.529,-0.411,-0.459,0.067,-0.287,0.117,-0.417,-0.256,-0.223,-0.3,-0.329,-0.368,-0.064,0.468,-0.039,0.114,0.549,0.114,0.011,-0.081,0.147,-0.264,-0.158,-0.023,-0.129,-0.401,0.83,0.149,-0.513,-0.192,-0.399,-0.386,0.32,-0.104,0.296,-0.201,-0.444,0.167,-0.488,-0.324,-0.391,-0.596,0.523,-0.76,-0.302,0.388,0.447,-0.181,-0.38,-0.163,0.658,0.517,0.382,-0.287,0.32,0.048,-0.385,-0.217,0.917,-0.267,-0.346,0.521,0.051,-0.479,0.029,-0.29,0.193,0.415,-0.016,0.302,0.788,-0.486,-0.145,0.583,0.572,0.355,-0.378,0.406,-0.384,-0.375,-0.211,-0.378,-0.359,0.101,0.717,-0.599,0.376,-0.125,-0.058,-0.119,-0.204,0.693,0.56,-0.371,-0.047,0.377,0.712,0.085,0.738,-0.655,-0.633,0.176,-0.211,-0.077,-0.451,-0.078,-0.733,0.054,0.511,-0.135,-0.31,0.112,0.022,0.571,-0.216,-0.368,-0.228,0.455,-0.236,-0.038,-0.281,0.058,-0.499,0.479,0.397,0.06,0.714,-0.387,0.185,0.881,-0.36,-0.088,0.569,-0.325,0.496,-0.166,-0.278,-0.36,0.048,0.368,0.167,-0.638,0.786,0.015,-0.444,-0.177,0.233,-0.218,-0.213,0.292,0.321,-0.585,-0.517,-0.404,-0.048,0.624,0.022,-0.132,-0.027,0.471,-0.318,0.422,0.606,-0.107
ACMR,0.158,0.701,0.0,0.013,0.162,0.003,0.541,0.642,0.077,0.202,-0.264,0.226,-0.109,-0.267,-0.118,0.004,0.16,0.327,0.44,0.393,-0.176,-0.077,0.312,-0.063,0.015,0.132,0.118,-0.313,0.284,0.253,0.143,0.125,0.337,-0.306,-0.004,0.296,-0.109,-0.062,0.094,-0.398,0.262,0.506,-0.087,-0.22,0.278,0.0,0.25,0.019,0.376,-0.114,0.36,-0.203,0.009,0.445,-0.043,0.337,-0.252,0.079,0.284,-0.297,0.274,0.014,0.611,-0.131,-0.043,0.289,-0.201,0.043,0.148,0.329,-0.2,0.309,-0.085,-0.25,-0.111,0.126,-0.03,-0.266,0.744,-0.627,0.129,0.49,0.477,0.313,0.029,-0.493,0.187,0.768,0.599,-0.487,0.31,0.462,0.037,0.256,0.718,-0.292,0.122,-0.07,0.226,-0.053,0.482,0.138,0.158,0.671,0.413,-0.206,0.631,-0.323,0.31,0.133,0.492,0.302,0.103,0.451,0.013,0.166,-0.312,-0.039,-0.116,0.547,0.25,-0.211,-0.198,-0.293,0.443,0.359,0.23,0.157,0.05,0.064,-0.298,-0.216,0.271,0.418,0.402,-0.118,-0.307,0.523,0.386,0.384,0.128,0.224,-0.324,0.54,0.02,-0.016,-0.118,0.516,0.336,-0.002,0.394,-0.067,0.403,0.463,-0.082,0.252,0.247,0.547,-0.045,0.708,0.193,0.431,0.779,-0.157,0.569,0.769,0.104,0.392,0.043,0.077,-0.008,-0.267,0.221,-0.204,0.133,0.542,-0.245,-0.14,0.353,-0.098,0.04,0.385,0.603,0.247,0.189,-0.305,0.443,-0.401,-0.134,0.049,0.481,0.592,-0.219,-0.204,0.404,-0.085,0.073,-0.085,0.466,0.014
ADMA,-0.661,-0.544,0.013,0.0,0.704,-0.468,0.194,0.563,0.13,-0.789,-0.061,-0.711,-0.808,0.259,-0.016,0.915,0.932,0.639,0.822,0.331,-0.725,-0.459,0.196,0.779,0.898,-0.592,0.687,-0.223,0.482,0.793,0.854,0.018,0.726,0.851,0.902,0.882,0.88,0.812,0.909,-0.558,0.901,0.637,0.784,0.216,0.854,0.734,0.916,0.84,0.735,-0.867,0.698,-0.211,-0.891,0.592,-0.093,0.694,-0.343,0.773,0.794,-0.506,0.765,0.827,-0.441,-0.285,0.926,0.844,0.532,0.862,-0.073,0.718,-0.614,0.877,0.819,-0.762,0.813,0.859,0.803,0.814,0.236,0.599,0.845,-0.038,-0.181,0.817,0.826,-0.339,-0.751,0.215,0.239,-0.164,0.207,0.695,0.868,0.82,-0.579,-0.117,0.888,-0.845,0.499,0.886,0.705,0.824,0.073,0.433,0.702,-0.719,-0.391,0.263,0.802,-0.628,-0.343,-0.053,0.903,0.114,0.793,0.94,0.278,0.734,0.667,0.67,-0.712,0.879,-0.844,0.148,0.817,0.795,0.769,-0.934,-0.76,0.853,-0.221,-0.742,-0.781,0.611,-0.77,0.933,0.755,0.539,0.884,0.786,0.958,0.658,0.88,0.683,-0.868,0.552,0.516,0.555,0.629,-0.91,0.856,0.706,0.84,0.142,0.311,0.568,0.903,0.697,0.913,0.204,-0.234,0.633,-0.026,0.532,0.648,-0.282,0.89,0.757,-0.886,0.843,-0.762,0.138,0.896,0.511,0.273,0.265,-0.713,0.903,-0.68,-0.132,0.894,0.872,0.499,0.824,0.794,-0.766,0.284,0.414,0.867,0.806,0.782,-0.13,-0.093,0.212,0.688,-0.619,0.826,-0.813,-0.107,0.452
ADUS,-0.368,-0.117,0.162,0.704,0.0,-0.353,0.658,0.58,0.592,-0.278,0.141,-0.412,-0.48,0.52,0.028,0.725,0.785,0.817,0.728,0.639,-0.764,-0.175,0.152,0.845,0.784,-0.255,0.623,-0.03,0.694,0.754,0.642,0.428,0.639,0.638,0.75,0.644,0.785,0.844,0.744,-0.29,0.734,0.803,0.798,0.232,0.817,0.851,0.769,0.87,0.776,-0.644,0.764,0.123,-0.613,0.754,-0.113,0.718,-0.021,0.869,0.843,-0.654,0.826,0.777,0.055,0.016,0.758,0.854,0.572,0.858,0.232,0.755,-0.157,0.828,0.815,-0.706,0.745,0.841,0.834,0.636,0.455,0.411,0.879,-0.111,-0.205,0.79,0.842,-0.271,-0.349,0.464,0.377,-0.168,0.493,0.733,0.867,0.825,-0.162,-0.316,0.863,-0.441,0.736,0.745,0.724,0.834,0.457,0.675,0.743,-0.444,0.101,-0.017,0.837,-0.32,-0.089,0.281,0.802,0.308,0.805,0.788,0.533,0.717,0.741,0.766,-0.193,0.684,-0.525,0.404,0.776,0.813,0.733,-0.561,-0.325,0.863,-0.009,-0.298,-0.457,0.838,-0.501,0.601,0.581,0.655,0.761,0.854,0.74,0.818,0.624,0.697,-0.603,0.72,0.589,0.658,0.877,-0.6,0.668,0.675,0.628,0.608,0.239,0.738,0.836,0.717,0.804,0.414,0.171,0.836,0.37,0.525,0.725,0.181,0.855,0.802,-0.56,0.874,-0.384,0.424,0.859,0.636,0.449,0.476,-0.625,0.626,-0.191,-0.03,0.709,0.805,0.655,0.844,0.846,-0.513,0.649,0.201,0.83,0.651,0.775,0.169,0.257,0.432,0.661,-0.141,0.869,-0.583,0.478,0.747
ADVM,0.159,0.254,0.003,-0.468,-0.353,0.0,-0.146,-0.164,0.005,0.211,0.422,0.485,0.655,0.033,-0.177,-0.423,-0.447,-0.363,-0.529,-0.421,0.542,0.521,0.165,-0.364,-0.356,0.363,0.102,0.322,-0.012,-0.293,-0.26,-0.263,-0.152,-0.452,-0.313,-0.515,-0.366,-0.294,-0.309,0.555,-0.547,-0.372,-0.551,0.278,-0.35,-0.399,-0.507,-0.368,-0.276,0.322,-0.416,0.404,0.199,-0.439,0.276,-0.201,-0.118,-0.289,-0.376,0.586,-0.34,-0.317,0.28,0.29,-0.402,-0.404,0.107,-0.349,0.416,-0.459,0.479,-0.467,-0.352,0.498,-0.363,-0.504,-0.33,-0.46,-0.255,-0.202,-0.458,-0.088,-0.029,-0.314,-0.295,0.614,0.605,0.057,-0.194,0.438,-0.071,-0.414,-0.376,-0.244,0.28,0.55,-0.403,0.584,-0.488,-0.518,-0.592,-0.383,0.061,-0.143,-0.352,0.094,0.196,0.393,-0.329,-0.105,0.313,0.113,-0.529,-0.222,-0.413,-0.453,-0.039,-0.139,-0.263,-0.468,0.314,-0.419,0.32,0.031,-0.456,-0.436,-0.301,0.455,0.472,-0.316,0.526,0.438,0.044,-0.248,0.571,-0.481,-0.185,-0.24,-0.493,-0.401,-0.509,-0.277,-0.418,-0.411,0.509,-0.263,-0.018,-0.29,-0.172,0.352,-0.542,-0.197,-0.547,-0.067,0.375,-0.173,-0.503,-0.381,-0.398,-0.186,0.417,-0.3,-0.081,0.007,-0.444,0.139,-0.469,-0.241,0.302,-0.334,0.492,0.32,-0.439,0.012,-0.318,-0.396,0.527,-0.3,0.056,0.45,-0.276,-0.446,-0.381,-0.481,-0.26,0.354,-0.14,0.279,-0.312,-0.346,-0.342,-0.001,0.365,0.29,-0.463,0.286,-0.331,0.716,-0.234,-0.371
AEIS,0.085,0.505,0.541,0.194,0.658,-0.146,0.0,0.603,0.76,0.319,0.106,0.042,-0.138,0.472,-0.003,0.237,0.424,0.72,0.531,0.841,-0.53,0.043,0.122,0.527,0.321,0.19,0.332,0.11,0.641,0.518,0.303,0.686,0.3,0.118,0.339,0.366,0.35,0.479,0.259,-0.221,0.432,0.772,0.491,0.005,0.549,0.555,0.337,0.531,0.621,-0.212,0.669,0.221,-0.095,0.798,-0.171,0.589,0.145,0.597,0.623,-0.619,0.619,0.415,0.484,0.201,0.336,0.618,0.283,0.507,0.385,0.609,-0.011,0.561,0.458,-0.495,0.36,0.55,0.479,0.167,0.665,-0.102,0.578,0.182,0.121,0.475,0.461,-0.268,0.191,0.766,0.588,-0.382,0.707,0.729,0.504,0.574,0.436,-0.556,0.525,0.043,0.735,0.358,0.639,0.436,0.466,0.789,0.618,-0.089,0.635,-0.362,0.606,0.164,0.357,0.621,0.474,0.695,0.419,0.416,0.382,0.421,0.477,0.737,0.286,0.188,-0.089,0.231,0.595,0.611,0.566,-0.003,0.168,0.453,-0.088,0.093,0.15,0.734,0.023,0.084,0.152,0.48,0.445,0.653,0.293,0.701,0.07,0.57,-0.187,0.476,0.25,0.49,0.712,-0.078,0.377,0.429,0.374,0.884,-0.034,0.663,0.512,0.661,0.363,0.69,0.414,0.783,0.71,0.241,0.668,0.735,0.505,0.611,-0.09,0.547,0.075,0.299,0.53,0.341,0.338,0.675,-0.475,0.102,0.391,-0.077,0.329,0.564,0.779,0.514,0.565,-0.167,0.741,-0.216,0.359,0.318,0.594,0.672,0.108,0.377,0.512,0.227,0.535,-0.188,0.691,0.667
AGNCM,-0.109,0.191,0.642,0.563,0.58,-0.164,0.603,0.0,0.281,-0.28,0.087,-0.085,-0.403,0.189,-0.172,0.496,0.694,0.765,0.803,0.484,-0.579,-0.146,0.39,0.511,0.596,-0.049,0.69,-0.255,0.622,0.795,0.781,0.155,0.569,0.24,0.678,0.709,0.486,0.575,0.621,-0.438,0.771,0.798,0.448,0.12,0.79,0.481,0.64,0.584,0.893,-0.64,0.849,-0.12,-0.588,0.8,-0.002,0.883,-0.476,0.627,0.789,-0.375,0.783,0.636,0.173,0.047,0.581,0.773,0.37,0.61,0.351,0.709,-0.525,0.742,0.488,-0.523,0.372,0.638,0.514,0.187,0.773,-0.03,0.654,0.378,0.257,0.77,0.6,-0.32,-0.149,0.837,0.787,-0.254,0.568,0.826,0.625,0.798,0.252,-0.298,0.701,-0.417,0.502,0.585,0.804,0.56,0.211,0.874,0.822,-0.746,0.4,0.011,0.83,-0.4,0.426,0.504,0.641,0.444,0.581,0.705,0.038,0.64,0.457,0.781,-0.255,0.439,-0.575,-0.216,0.832,0.78,0.81,-0.394,-0.225,0.55,-0.075,-0.454,-0.307,0.752,-0.102,0.446,0.391,0.487,0.767,0.807,0.655,0.758,0.327,0.872,-0.399,0.442,0.27,0.745,0.704,-0.527,0.747,0.541,0.731,0.63,0.203,0.675,0.697,0.887,0.509,0.677,0.133,0.78,0.556,0.455,0.799,0.486,0.643,0.845,-0.584,0.665,-0.244,0.091,0.735,0.251,-0.064,0.476,-0.578,0.448,-0.164,0.1,0.712,0.801,0.843,0.599,0.724,-0.677,0.626,0.149,0.475,0.655,0.892,0.451,-0.204,0.309,0.789,-0.433,0.644,-0.424,0.235,0.268
AHCO,-0.011,0.21,0.077,0.13,0.592,0.005,0.76,0.281,0.0,0.292,0.395,0.028,0.064,0.817,-0.046,0.215,0.308,0.589,0.234,0.646,-0.449,0.279,0.103,0.564,0.319,0.196,0.368,0.411,0.619,0.375,0.249,0.694,0.193,0.242,0.328,0.15,0.409,0.552,0.208,0.13,0.247,0.54,0.519,0.222,0.419,0.586,0.159,0.548,0.445,-0.107,0.463,0.629,-0.086,0.587,-0.043,0.461,0.346,0.598,0.503,-0.428,0.466,0.399,0.245,0.409,0.345,0.483,0.474,0.501,0.518,0.399,0.158,0.345,0.527,-0.359,0.397,0.48,0.529,0.265,0.283,0.191,0.514,-0.111,-0.172,0.331,0.496,0.149,0.296,0.48,0.27,-0.038,0.601,0.458,0.497,0.501,0.129,-0.378,0.463,0.25,0.661,0.305,0.316,0.401,0.522,0.494,0.42,0.015,0.431,-0.164,0.476,0.105,0.192,0.514,0.384,0.502,0.394,0.297,0.735,0.532,0.555,0.424,0.227,0.294,0.101,0.504,0.338,0.399,0.452,-0.025,0.305,0.449,0.189,0.369,0.009,0.583,-0.079,0.078,0.367,0.209,0.171,0.463,0.154,0.644,0.228,0.234,-0.14,0.514,0.435,0.215,0.566,-0.006,0.059,0.522,0.039,0.74,0.095,0.574,0.378,0.407,0.379,0.416,0.439,0.628,0.283,0.324,0.338,0.405,0.464,0.435,-0.089,0.546,0.19,0.622,0.416,0.556,0.309,0.51,-0.324,0.166,0.274,0.065,0.307,0.336,0.508,0.325,0.545,0.072,0.63,0.045,0.427,0.287,0.347,0.395,0.32,0.683,0.245,0.35,0.537,-0.005,0.444,0.637
ALGT,0.649,0.734,0.202,-0.789,-0.278,0.211,0.319,-0.28,0.292,0.0,0.13,0.638,0.659,-0.016,0.164,-0.718,-0.652,-0.159,-0.519,0.198,0.392,0.493,-0.076,-0.404,-0.603,0.724,-0.531,0.211,-0.108,-0.448,-0.652,0.493,-0.553,-0.644,-0.693,-0.675,-0.61,-0.48,-0.726,0.418,-0.605,-0.175,-0.416,-0.195,-0.549,-0.322,-0.668,-0.462,-0.385,0.782,-0.303,0.382,0.848,-0.117,-0.097,-0.38,0.556,-0.372,-0.426,0.073,-0.367,-0.535,0.621,0.418,-0.664,-0.432,-0.366,-0.516,0.281,-0.325,0.62,-0.526,-0.471,0.41,-0.527,-0.481,-0.448,-0.601,0.102,-0.521,-0.438,0.037,0.145,-0.537,-0.517,0.15,0.733,0.152,0.051,0.013,0.223,-0.256,-0.516,-0.496,0.699,-0.248,-0.53,0.795,-0.026,-0.594,-0.3,-0.476,0.241,-0.009,-0.342,0.683,0.663,-0.507,-0.436,0.767,0.455,0.337,-0.567,0.182,-0.453,-0.648,0.041,-0.495,-0.32,-0.26,0.874,-0.663,0.815,0.03,-0.474,-0.413,-0.43,0.851,0.812,-0.543,0.134,0.786,0.886,-0.147,0.667,-0.812,-0.612,-0.264,-0.591,-0.357,-0.738,-0.217,-0.737,-0.35,0.721,-0.162,-0.298,-0.206,-0.19,0.84,-0.599,-0.408,-0.588,0.303,-0.357,-0.12,-0.549,-0.303,-0.622,0.134,0.371,-0.169,0.365,-0.34,-0.231,0.617,-0.532,-0.43,0.788,-0.473,0.776,0.033,-0.545,-0.279,-0.028,0.128,0.462,-0.798,0.938,0.104,-0.683,-0.502,-0.053,-0.452,-0.421,0.7,0.14,-0.6,-0.584,-0.574,-0.438,0.463,0.187,-0.063,-0.389,0.731,-0.45,0.586,0.573,0.01
ALLO,0.226,-0.091,-0.264,-0.061,0.141,0.422,0.106,0.087,0.395,0.13,0.0,0.413,0.554,0.485,-0.148,-0.03,-0.047,0.16,-0.242,-0.082,0.124,0.595,0.32,0.234,0.253,0.513,0.461,0.259,0.437,0.284,0.228,0.144,0.048,0.029,0.162,-0.279,0.119,0.333,0.069,0.722,-0.106,0.037,0.035,0.687,0.109,0.152,-0.203,0.202,0.248,0.051,0.143,0.715,-0.083,0.024,0.337,0.316,-0.008,0.26,0.124,0.372,0.253,0.333,-0.061,0.866,0.105,0.105,0.584,0.167,0.801,0.035,0.386,-0.121,0.21,0.327,0.072,0.042,0.231,-0.084,-0.138,0.34,0.102,-0.231,-0.241,0.156,0.29,0.768,0.381,0.214,0.095,0.789,0.365,-0.052,0.202,0.217,-0.03,0.348,0.147,0.382,-0.077,0.068,-0.19,0.126,0.494,0.133,0.008,-0.199,0.258,0.369,0.155,-0.355,0.43,0.52,-0.062,-0.195,0.311,0.009,0.51,0.453,0.321,-0.189,0.202,0.157,0.323,0.229,-0.121,-0.02,0.245,0.095,0.508,0.121,0.871,0.455,-0.16,0.256,0.182,-0.091,0.402,-0.288,-0.142,0.091,-0.091,0.31,0.157,-0.061,0.345,0.404,0.464,0.189,0.298,0.043,-0.241,0.385,-0.27,0.284,0.496,0.433,-0.073,-0.038,0.079,-0.132,0.563,0.166,-0.169,0.648,-0.174,0.094,0.048,0.195,-0.066,0.241,0.571,0.788,0.02,0.489,-0.487,-0.391,0.37,0.094,-0.046,0.797,0.228,-0.031,0.034,-0.097,0.331,0.178,0.284,0.556,0.24,0.207,0.078,0.076,0.579,0.768,-0.112,0.196,0.273,0.412,-0.03,0.164
AMSF,0.771,0.57,0.226,-0.711,-0.412,0.485,0.042,-0.085,0.028,0.638,0.413,0.0,0.843,-0.077,-0.121,-0.704,-0.649,-0.313,-0.522,-0.213,0.573,0.588,0.261,-0.498,-0.54,0.747,-0.227,0.167,-0.03,-0.324,-0.404,-0.015,-0.412,-0.758,-0.563,-0.63,-0.655,-0.452,-0.597,0.537,-0.575,-0.321,-0.605,0.084,-0.43,-0.504,-0.665,-0.547,-0.25,0.602,-0.248,0.325,0.592,-0.238,0.363,-0.188,0.068,-0.455,-0.355,0.498,-0.345,-0.387,0.473,0.639,-0.645,-0.462,-0.188,-0.572,0.488,-0.365,0.455,-0.569,-0.56,0.683,-0.648,-0.554,-0.519,-0.777,0.088,-0.541,-0.54,0.219,0.315,-0.383,-0.46,0.456,0.804,0.247,0.141,0.345,0.093,-0.383,-0.537,-0.403,0.709,0.189,-0.54,0.761,-0.328,-0.668,-0.413,-0.529,0.181,-0.024,-0.407,0.278,0.717,-0.098,-0.418,0.326,0.757,0.438,-0.675,-0.02,-0.426,-0.615,-0.214,-0.317,-0.37,-0.386,0.653,-0.671,0.653,-0.227,-0.446,-0.5,-0.304,0.764,0.856,-0.579,0.472,0.686,0.579,-0.229,0.794,-0.765,-0.458,-0.435,-0.546,-0.379,-0.643,-0.259,-0.667,-0.317,0.821,-0.241,-0.249,-0.12,-0.264,0.63,-0.549,-0.342,-0.542,0.193,0.007,-0.142,-0.622,-0.339,-0.679,0.048,0.557,-0.23,0.206,-0.146,-0.285,0.485,-0.61,-0.278,0.613,-0.487,0.842,0.133,-0.565,-0.235,-0.539,-0.277,0.588,-0.672,0.526,0.525,-0.502,-0.506,-0.09,-0.631,-0.387,0.516,0.1,-0.165,-0.597,-0.433,-0.332,0.431,0.163,0.146,-0.279,0.421,-0.454,0.778,0.163,-0.334
ANAB,0.62,0.418,-0.109,-0.808,-0.48,0.655,-0.138,-0.403,0.064,0.659,0.554,0.843,0.0,0.023,-0.006,-0.734,-0.785,-0.489,-0.799,-0.372,0.718,0.764,0.124,-0.526,-0.595,0.743,-0.265,0.343,-0.126,-0.489,-0.557,-0.024,-0.514,-0.693,-0.646,-0.857,-0.66,-0.482,-0.662,0.814,-0.801,-0.54,-0.667,0.222,-0.633,-0.544,-0.832,-0.599,-0.479,0.724,-0.518,0.554,0.66,-0.498,0.362,-0.413,0.255,-0.502,-0.581,0.631,-0.518,-0.495,0.39,0.659,-0.705,-0.638,-0.106,-0.632,0.513,-0.579,0.728,-0.771,-0.571,0.805,-0.648,-0.688,-0.542,-0.709,-0.256,-0.328,-0.662,-0.076,0.044,-0.566,-0.514,0.702,0.841,-0.051,-0.193,0.574,-0.008,-0.624,-0.614,-0.552,0.474,0.378,-0.661,0.891,-0.481,-0.747,-0.718,-0.583,0.207,-0.277,-0.602,0.457,0.462,0.019,-0.585,0.309,0.504,0.244,-0.802,-0.254,-0.519,-0.768,-0.002,-0.364,-0.376,-0.653,0.689,-0.646,0.812,0.009,-0.71,-0.698,-0.507,0.805,0.887,-0.611,0.653,0.826,0.506,-0.378,0.764,-0.818,-0.422,-0.531,-0.776,-0.589,-0.806,-0.405,-0.64,-0.601,0.89,-0.275,-0.145,-0.326,-0.351,0.728,-0.814,-0.374,-0.822,-0.001,0.089,-0.25,-0.78,-0.602,-0.701,-0.222,0.567,-0.435,-0.046,-0.138,-0.573,0.268,-0.723,-0.503,0.685,-0.569,0.896,0.308,-0.724,-0.116,-0.463,-0.461,0.801,-0.674,0.49,0.574,-0.606,-0.728,-0.426,-0.74,-0.476,0.728,-0.101,-0.028,-0.584,-0.567,-0.591,0.166,0.415,0.228,-0.601,0.587,-0.533,0.931,0.051,-0.333
ANDE,-0.203,-0.155,-0.267,0.259,0.52,0.033,0.472,0.189,0.817,-0.016,0.485,-0.077,0.023,0.0,0.048,0.276,0.382,0.496,0.182,0.405,-0.422,0.309,0.1,0.638,0.409,0.068,0.46,0.493,0.541,0.383,0.375,0.52,0.16,0.438,0.505,0.193,0.545,0.659,0.341,0.218,0.275,0.365,0.551,0.364,0.427,0.603,0.183,0.592,0.402,-0.224,0.405,0.594,-0.29,0.468,0.12,0.45,0.268,0.62,0.499,-0.299,0.384,0.52,-0.093,0.409,0.471,0.446,0.682,0.554,0.466,0.353,0.057,0.315,0.625,-0.334,0.493,0.525,0.598,0.423,0.023,0.51,0.499,-0.241,-0.319,0.267,0.597,0.4,0.129,0.26,0.056,0.14,0.406,0.336,0.557,0.533,-0.206,-0.171,0.504,0.122,0.59,0.398,0.191,0.424,0.406,0.27,0.34,-0.129,0.144,0.012,0.442,-0.158,0.05,0.31,0.4,0.316,0.421,0.376,0.775,0.703,0.679,0.26,-0.077,0.466,0.026,0.52,0.269,0.301,0.466,-0.243,0.187,0.507,0.299,0.303,-0.29,0.442,-0.304,0.256,0.639,-0.001,0.12,0.384,0.263,0.586,0.479,0.123,-0.287,0.483,0.578,0.078,0.427,-0.192,0.011,0.657,-0.01,0.451,0.246,0.481,0.356,0.321,0.463,0.241,0.347,0.5,-0.09,0.49,0.189,0.036,0.5,0.351,-0.333,0.579,0.067,0.732,0.405,0.671,0.144,0.237,-0.306,0.375,-0.074,0.102,0.444,0.274,0.323,0.271,0.553,0.038,0.419,0.29,0.546,0.408,0.256,0.075,0.294,0.838,0.182,0.178,0.58,-0.034,0.058,0.469
APLS,-0.197,0.001,-0.118,-0.016,0.028,-0.177,-0.003,-0.172,-0.046,0.164,-0.148,-0.121,-0.006,0.048,0.0,-0.119,0.041,0.092,-0.081,0.023,0.15,0.299,0.143,0.073,0.013,0.163,-0.142,0.094,0.108,-0.029,-0.106,0.407,-0.253,0.2,-0.039,-0.087,0.032,0.018,0.038,0.067,-0.083,-0.128,0.118,0.147,-0.194,0.182,-0.036,0.029,-0.188,0.176,-0.179,0.137,0.111,0.045,-0.181,-0.158,0.515,0.055,-0.131,-0.28,-0.152,-0.064,-0.019,-0.047,0.046,-0.023,0.144,0.02,-0.055,-0.005,0.313,-0.025,0.108,-0.171,0.035,0.06,0.061,0.158,-0.212,0.254,0.028,-0.168,-0.153,-0.319,0.014,0.049,-0.039,-0.142,-0.253,-0.047,0.04,0.027,-0.032,-0.087,-0.137,0.048,-0.026,0.063,0.257,0.006,-0.058,0.133,0.229,-0.171,0.021,0.24,-0.056,-0.4,-0.08,0.143,-0.16,-0.319,-0.024,-0.125,-0.061,-0.052,0.219,-0.05,0.307,-0.079,0.156,0.094,0.227,0.252,-0.136,-0.101,-0.095,-0.041,0.128,0.053,-0.107,0.166,0.044,0.016,-0.173,-0.071,0.031,-0.051,-0.097,0.031,-0.019,-0.089,-0.008,-0.203,-0.092,-0.094,0.272,-0.039,-0.011,0.052,-0.128,0.181,-0.128,-0.179,0.072,0.035,0.002,-0.027,0.077,0.259,-0.204,-0.023,-0.125,0.045,0.059,-0.124,-0.022,-0.288,-0.034,-0.057,-0.055,0.081,-0.126,0.114,0.186,0.016,0.176,0.02,0.177,-0.066,-0.083,-0.079,-0.138,0.075,-0.057,0.354,-0.076,-0.323,-0.007,-0.099,-0.228,-0.105,0.096,-0.136,-0.103,0.167,0.026,-0.096,0.121,0.092
APPF,-0.616,-0.472,0.004,0.915,0.725,-0.423,0.237,0.496,0.215,-0.718,-0.03,-0.704,-0.734,0.276,-0.119,0.0,0.864,0.593,0.763,0.354,-0.738,-0.433,0.077,0.787,0.866,-0.566,0.661,-0.144,0.448,0.748,0.771,0.038,0.74,0.819,0.833,0.812,0.852,0.795,0.84,-0.449,0.841,0.623,0.743,0.183,0.832,0.717,0.859,0.834,0.705,-0.827,0.668,-0.129,-0.826,0.549,-0.009,0.644,-0.29,0.766,0.758,-0.473,0.765,0.808,-0.354,-0.259,0.885,0.804,0.484,0.828,-0.025,0.718,-0.532,0.821,0.803,-0.688,0.803,0.817,0.8,0.801,0.236,0.582,0.827,-0.038,-0.165,0.827,0.804,-0.33,-0.67,0.185,0.232,-0.119,0.274,0.629,0.859,0.776,-0.539,-0.158,0.852,-0.779,0.468,0.849,0.668,0.795,0.134,0.45,0.648,-0.632,-0.367,0.27,0.773,-0.573,-0.394,-0.013,0.881,0.103,0.769,0.881,0.371,0.684,0.601,0.657,-0.624,0.868,-0.787,0.211,0.784,0.762,0.697,-0.859,-0.708,0.842,-0.156,-0.69,-0.726,0.613,-0.701,0.882,0.695,0.59,0.839,0.753,0.896,0.662,0.844,0.671,-0.782,0.592,0.507,0.551,0.635,-0.823,0.801,0.654,0.767,0.164,0.248,0.556,0.863,0.653,0.872,0.133,-0.12,0.608,0.035,0.466,0.606,-0.217,0.86,0.745,-0.778,0.837,-0.691,0.186,0.879,0.584,0.343,0.278,-0.67,0.839,-0.585,-0.107,0.828,0.825,0.462,0.802,0.788,-0.726,0.343,0.434,0.856,0.74,0.753,-0.132,0.018,0.233,0.59,-0.523,0.807,-0.734,-0.022,0.509
ASML,-0.604,-0.366,0.16,0.932,0.785,-0.447,0.424,0.694,0.308,-0.652,-0.047,-0.649,-0.785,0.382,0.041,0.864,0.0,0.807,0.909,0.501,-0.787,-0.39,0.209,0.839,0.9,-0.501,0.726,-0.167,0.631,0.853,0.877,0.207,0.704,0.81,0.931,0.919,0.896,0.871,0.926,-0.537,0.946,0.768,0.867,0.246,0.923,0.826,0.919,0.903,0.844,-0.872,0.792,-0.13,-0.873,0.768,-0.137,0.818,-0.267,0.862,0.89,-0.648,0.846,0.845,-0.319,-0.217,0.951,0.929,0.596,0.936,0.032,0.788,-0.564,0.942,0.872,-0.848,0.807,0.93,0.853,0.77,0.375,0.518,0.922,0.041,-0.121,0.823,0.895,-0.359,-0.616,0.406,0.392,-0.284,0.372,0.838,0.914,0.923,-0.423,-0.228,0.954,-0.756,0.694,0.915,0.818,0.874,0.233,0.583,0.872,-0.722,-0.185,0.076,0.915,-0.572,-0.191,0.089,0.954,0.324,0.828,0.964,0.372,0.814,0.773,0.788,-0.604,0.872,-0.78,0.21,0.891,0.887,0.848,-0.881,-0.629,0.913,-0.207,-0.647,-0.714,0.754,-0.734,0.864,0.771,0.571,0.905,0.898,0.956,0.778,0.81,0.753,-0.875,0.568,0.579,0.599,0.751,-0.837,0.86,0.798,0.842,0.333,0.312,0.689,0.962,0.839,0.939,0.466,-0.178,0.788,0.119,0.592,0.758,-0.079,0.951,0.831,-0.887,0.903,-0.709,0.233,0.942,0.555,0.331,0.438,-0.762,0.88,-0.545,-0.154,0.925,0.935,0.67,0.88,0.88,-0.739,0.467,0.309,0.872,0.842,0.854,-0.001,-0.101,0.312,0.763,-0.53,0.897,-0.814,0.038,0.558
ATRC,-0.277,0.023,0.327,0.639,0.817,-0.363,0.72,0.765,0.589,-0.159,0.16,-0.313,-0.489,0.496,0.092,0.593,0.807,0.0,0.776,0.721,-0.722,-0.1,0.267,0.783,0.773,-0.063,0.62,-0.166,0.784,0.833,0.732,0.584,0.545,0.561,0.737,0.666,0.707,0.797,0.69,-0.302,0.791,0.873,0.79,0.231,0.811,0.824,0.708,0.836,0.872,-0.571,0.848,0.15,-0.573,0.894,-0.22,0.843,-0.041,0.856,0.878,-0.678,0.882,0.748,0.013,0.137,0.744,0.902,0.562,0.842,0.361,0.768,-0.311,0.824,0.78,-0.735,0.629,0.834,0.776,0.5,0.598,0.311,0.88,0.033,-0.1,0.73,0.809,-0.272,-0.268,0.671,0.606,-0.196,0.636,0.873,0.822,0.872,-0.027,-0.413,0.868,-0.391,0.838,0.775,0.843,0.809,0.491,0.806,0.902,-0.54,0.281,-0.175,0.902,-0.3,0.173,0.454,0.8,0.436,0.796,0.793,0.506,0.743,0.766,0.785,-0.161,0.674,-0.421,0.238,0.8,0.872,0.819,-0.524,-0.197,0.782,-0.029,-0.261,-0.336,0.915,-0.426,0.525,0.6,0.495,0.749,0.919,0.708,0.89,0.539,0.769,-0.547,0.726,0.577,0.704,0.856,-0.508,0.685,0.743,0.654,0.659,0.221,0.841,0.835,0.866,0.75,0.645,0.043,0.916,0.402,0.625,0.797,0.346,0.859,0.809,-0.609,0.849,-0.281,0.376,0.841,0.498,0.255,0.578,-0.618,0.576,-0.061,0.042,0.746,0.843,0.832,0.814,0.875,-0.479,0.752,0.055,0.721,0.724,0.822,0.289,0.045,0.432,0.72,-0.218,0.867,-0.603,0.429,0.642
AVGO,-0.383,-0.103,0.44,0.822,0.728,-0.529,0.531,0.803,0.234,-0.519,-0.242,-0.522,-0.799,0.182,-0.081,0.763,0.909,0.776,0.0,0.595,-0.8,-0.523,0.176,0.671,0.745,-0.455,0.56,-0.297,0.527,0.79,0.785,0.174,0.679,0.562,0.797,0.952,0.698,0.687,0.787,-0.717,0.956,0.834,0.743,0.007,0.893,0.663,0.902,0.746,0.855,-0.801,0.856,-0.331,-0.716,0.822,-0.106,0.812,-0.366,0.704,0.879,-0.668,0.829,0.73,-0.107,-0.297,0.784,0.876,0.297,0.778,-0.036,0.78,-0.681,0.943,0.67,-0.815,0.613,0.845,0.659,0.553,0.663,0.171,0.827,0.325,0.182,0.838,0.738,-0.618,-0.531,0.536,0.612,-0.51,0.38,0.89,0.775,0.84,-0.122,-0.414,0.845,-0.75,0.682,0.796,0.947,0.753,0.134,0.717,0.879,-0.676,0.024,-0.082,0.882,-0.369,-0.024,0.187,0.886,0.52,0.728,0.887,0.099,0.637,0.546,0.897,-0.502,0.669,-0.786,0.01,0.973,0.888,0.811,-0.71,-0.607,0.751,-0.385,-0.71,-0.463,0.731,-0.547,0.733,0.501,0.653,0.947,0.885,0.901,0.724,0.584,0.883,-0.771,0.479,0.319,0.686,0.691,-0.718,0.941,0.586,0.925,0.443,0.102,0.598,0.913,0.898,0.752,0.591,-0.145,0.793,0.398,0.352,0.875,0.164,0.854,0.852,-0.724,0.775,-0.672,-0.048,0.902,0.287,0.325,0.61,-0.826,0.669,-0.351,-0.265,0.796,0.942,0.811,0.838,0.773,-0.815,0.55,0.08,0.67,0.749,0.911,0.236,-0.292,0.117,0.887,-0.515,0.756,-0.797,0.21,0.482
AVT,-0.092,0.299,0.393,0.331,0.639,-0.421,0.841,0.484,0.646,0.198,-0.082,-0.213,-0.372,0.405,0.023,0.354,0.501,0.721,0.595,0.0,-0.622,-0.184,-0.071,0.55,0.399,-0.004,0.202,-0.006,0.51,0.486,0.332,0.681,0.362,0.313,0.369,0.464,0.433,0.491,0.312,-0.377,0.538,0.743,0.605,-0.153,0.567,0.617,0.465,0.58,0.577,-0.207,0.648,0.076,-0.11,0.756,-0.278,0.501,0.257,0.597,0.638,-0.742,0.62,0.434,0.242,0.016,0.426,0.649,0.195,0.561,0.178,0.592,-0.189,0.625,0.524,-0.659,0.451,0.625,0.516,0.364,0.574,0.009,0.636,0.093,0.006,0.481,0.479,-0.436,-0.075,0.578,0.493,-0.496,0.556,0.701,0.544,0.547,0.186,-0.657,0.575,-0.189,0.782,0.479,0.702,0.522,0.325,0.66,0.624,-0.091,0.378,-0.408,0.587,0.259,0.106,0.43,0.585,0.675,0.471,0.497,0.369,0.374,0.45,0.741,0.122,0.325,-0.161,0.271,0.626,0.649,0.513,-0.198,-0.075,0.506,-0.297,-0.084,0.132,0.679,-0.233,0.248,0.225,0.531,0.496,0.65,0.425,0.657,0.222,0.568,-0.377,0.579,0.215,0.454,0.64,-0.143,0.473,0.41,0.457,0.685,-0.169,0.609,0.615,0.676,0.468,0.561,0.126,0.728,0.568,0.19,0.712,0.513,0.601,0.573,-0.177,0.572,-0.152,0.152,0.592,0.247,0.477,0.699,-0.61,0.216,0.33,-0.297,0.352,0.611,0.748,0.605,0.548,-0.194,0.663,-0.313,0.415,0.362,0.567,0.475,-0.035,0.217,0.51,0.157,0.557,-0.417,0.665,0.709
AXDX,0.406,0.208,-0.176,-0.725,-0.764,0.542,-0.53,-0.579,-0.449,0.392,0.124,0.573,0.718,-0.422,0.15,-0.738,-0.787,-0.722,-0.8,-0.622,0.0,0.429,0.015,-0.763,-0.702,0.449,-0.485,0.104,-0.392,-0.651,-0.649,-0.308,-0.583,-0.652,-0.748,-0.788,-0.776,-0.727,-0.679,0.508,-0.832,-0.792,-0.76,0.053,-0.821,-0.727,-0.793,-0.791,-0.715,0.688,-0.772,0.152,0.627,-0.759,0.159,-0.672,0.109,-0.757,-0.803,0.643,-0.736,-0.7,0.093,0.206,-0.753,-0.792,-0.311,-0.776,0.061,-0.786,0.543,-0.808,-0.749,0.772,-0.748,-0.828,-0.757,-0.693,-0.462,-0.331,-0.832,-0.061,0.062,-0.747,-0.724,0.478,0.519,-0.384,-0.412,0.397,-0.375,-0.742,-0.808,-0.755,0.231,0.572,-0.814,0.621,-0.688,-0.761,-0.809,-0.681,-0.118,-0.588,-0.689,0.443,0.08,0.06,-0.778,0.246,0.194,-0.177,-0.848,-0.473,-0.732,-0.833,-0.336,-0.629,-0.559,-0.79,0.436,-0.688,0.626,-0.165,-0.808,-0.795,-0.704,0.642,0.53,-0.731,0.344,0.517,0.403,-0.648,0.576,-0.749,-0.528,-0.566,-0.779,-0.771,-0.765,-0.757,-0.685,-0.75,0.716,-0.585,-0.329,-0.536,-0.628,0.647,-0.745,-0.562,-0.731,-0.448,0.095,-0.536,-0.843,-0.761,-0.734,-0.378,0.102,-0.709,-0.28,-0.324,-0.648,-0.071,-0.846,-0.714,0.609,-0.803,0.549,-0.086,-0.865,-0.417,-0.448,-0.651,0.787,-0.603,0.254,0.337,-0.693,-0.811,-0.694,-0.777,-0.74,0.649,-0.423,-0.143,-0.737,-0.682,-0.765,-0.095,0.135,-0.223,-0.696,0.333,-0.758,0.732,-0.246,-0.569
AXSM,0.265,0.306,-0.077,-0.459,-0.175,0.521,0.043,-0.146,0.279,0.493,0.595,0.588,0.764,0.309,0.299,-0.433,-0.39,-0.1,-0.523,-0.184,0.429,0.0,0.325,-0.121,-0.199,0.703,0.072,0.434,0.233,-0.104,-0.177,0.245,-0.315,-0.266,-0.265,-0.549,-0.265,-0.081,-0.291,0.753,-0.46,-0.271,-0.323,0.436,-0.33,-0.108,-0.541,-0.188,-0.191,0.452,-0.237,0.699,0.338,-0.128,0.354,-0.108,0.371,-0.074,-0.258,0.323,-0.247,-0.127,0.284,0.648,-0.285,-0.254,0.258,-0.24,0.645,-0.227,0.601,-0.449,-0.136,0.431,-0.305,-0.291,-0.13,-0.336,-0.193,0.032,-0.278,-0.175,-0.136,-0.368,-0.118,0.687,0.684,0.14,-0.152,0.572,0.255,-0.297,-0.232,-0.189,0.257,0.3,-0.275,0.693,-0.11,-0.418,-0.459,-0.191,0.429,-0.039,-0.279,0.221,0.407,-0.044,-0.229,0.096,0.417,0.197,-0.445,-0.187,-0.227,-0.388,0.319,0.012,0.073,-0.408,0.524,-0.227,0.628,0.154,-0.418,-0.423,-0.157,0.452,0.781,-0.219,0.61,0.7,0.221,-0.047,0.477,-0.49,-0.036,-0.36,-0.485,-0.21,-0.449,-0.045,-0.28,-0.39,0.552,-0.1,0.255,-0.089,-0.054,0.41,-0.569,0.091,-0.597,0.068,0.251,0.1,-0.401,-0.243,-0.3,0.07,0.529,-0.113,-0.094,0.172,-0.279,0.231,-0.343,-0.282,0.279,-0.181,0.702,0.503,-0.366,0.259,-0.328,-0.233,0.603,-0.312,0.35,0.591,-0.228,-0.398,-0.191,-0.409,-0.1,0.6,0.058,0.014,-0.221,-0.263,-0.33,0.149,0.467,0.397,-0.389,0.384,-0.13,0.686,0.04,-0.123
AZN,0.084,0.102,0.312,0.196,0.152,0.165,0.122,0.39,0.103,-0.076,0.32,0.261,0.124,0.1,0.143,0.077,0.209,0.267,0.176,-0.071,0.015,0.325,0.0,0.086,0.294,0.254,0.439,-0.091,0.521,0.363,0.37,0.028,0.259,-0.002,0.219,0.162,0.065,0.207,0.323,0.078,0.197,0.207,0.057,0.571,0.231,0.1,0.182,0.151,0.338,-0.104,0.212,0.325,-0.217,0.23,0.222,0.406,-0.254,0.165,0.275,0.045,0.239,0.221,0.032,0.364,0.16,0.262,0.329,0.175,0.501,0.146,-0.036,0.128,0.113,-0.038,0.022,0.185,0.137,-0.096,0.222,0.007,0.137,0.21,0.188,0.24,0.304,0.241,0.19,0.435,0.258,0.281,0.198,0.232,0.185,0.343,0.142,0.277,0.206,0.058,0.138,0.07,0.144,0.309,0.456,0.283,0.302,-0.347,0.336,0.148,0.294,-0.277,0.484,0.219,0.062,-0.026,0.25,0.209,0.142,0.327,0.251,0.091,0.033,0.13,-0.093,0.051,0.204,0.19,0.33,-0.119,0.184,0.195,0.305,0.023,-0.205,0.335,0.081,-0.001,0.241,0.035,0.242,0.303,0.18,0.191,0.07,0.147,0.031,0.104,0.419,0.332,0.245,-0.191,0.138,0.351,0.173,0.207,0.518,0.313,0.165,0.296,0.147,0.428,0.178,0.347,0.031,0.32,0.291,0.131,0.132,0.285,-0.218,0.183,0.097,0.299,0.163,0.231,-0.178,0.025,0.047,0.231,-0.12,0.538,0.286,0.243,0.285,0.098,0.34,-0.073,0.331,0.2,0.128,0.364,0.309,0.254,0.16,0.264,0.289,-0.108,0.268,0.028,-0.049,-0.103
BANR,-0.498,-0.372,-0.063,0.779,0.845,-0.364,0.527,0.511,0.564,-0.404,0.234,-0.498,-0.526,0.638,0.073,0.787,0.839,0.783,0.671,0.55,-0.763,-0.121,0.086,0.0,0.861,-0.258,0.699,0.1,0.675,0.831,0.741,0.421,0.568,0.825,0.85,0.668,0.934,0.961,0.774,-0.231,0.77,0.702,0.873,0.295,0.831,0.932,0.718,0.972,0.759,-0.71,0.763,0.152,-0.705,0.764,-0.105,0.736,0.035,0.962,0.841,-0.606,0.811,0.887,-0.229,0.066,0.903,0.87,0.724,0.939,0.189,0.804,-0.281,0.81,0.973,-0.695,0.881,0.901,0.963,0.801,0.239,0.675,0.949,-0.219,-0.344,0.724,0.896,-0.11,-0.449,0.364,0.263,-0.036,0.533,0.731,0.959,0.854,-0.422,-0.277,0.933,-0.504,0.724,0.85,0.663,0.815,0.379,0.522,0.686,-0.504,-0.097,0.083,0.828,-0.462,-0.182,0.248,0.878,0.217,0.833,0.851,0.624,0.846,0.898,0.695,-0.379,0.833,-0.501,0.343,0.721,0.77,0.815,-0.718,-0.348,0.903,0.019,-0.311,-0.583,0.759,-0.653,0.759,0.794,0.427,0.713,0.836,0.793,0.881,0.826,0.629,-0.68,0.688,0.651,0.538,0.793,-0.662,0.646,0.847,0.619,0.445,0.247,0.806,0.853,0.692,0.906,0.284,0.1,0.768,0.086,0.669,0.603,-0.028,0.917,0.747,-0.733,0.954,-0.393,0.508,0.878,0.808,0.299,0.346,-0.595,0.753,-0.346,-0.006,0.822,0.799,0.597,0.794,0.868,-0.484,0.487,0.352,0.924,0.728,0.717,0.046,0.164,0.532,0.561,-0.299,0.945,-0.602,0.179,0.731
BBIO,-0.554,-0.454,0.015,0.898,0.784,-0.356,0.321,0.596,0.319,-0.603,0.253,-0.54,-0.595,0.409,0.013,0.866,0.9,0.773,0.745,0.399,-0.702,-0.199,0.294,0.861,0.0,-0.337,0.787,-0.167,0.691,0.886,0.879,0.211,0.756,0.834,0.891,0.745,0.888,0.907,0.916,-0.234,0.846,0.705,0.8,0.454,0.878,0.823,0.841,0.917,0.824,-0.785,0.739,0.106,-0.832,0.648,-0.007,0.793,-0.236,0.876,0.842,-0.481,0.874,0.91,-0.364,0.04,0.926,0.889,0.704,0.922,0.254,0.742,-0.387,0.824,0.893,-0.685,0.821,0.869,0.89,0.75,0.255,0.656,0.902,-0.124,-0.26,0.845,0.941,-0.123,-0.561,0.354,0.321,0.071,0.402,0.692,0.929,0.892,-0.496,-0.057,0.938,-0.667,0.568,0.872,0.689,0.918,0.406,0.543,0.761,-0.714,-0.197,0.215,0.877,-0.664,-0.143,0.165,0.863,0.091,0.917,0.92,0.518,0.84,0.785,0.623,-0.493,0.904,-0.634,0.295,0.768,0.813,0.808,-0.848,-0.503,0.919,0.086,-0.525,-0.734,0.777,-0.681,0.828,0.834,0.492,0.826,0.862,0.894,0.784,0.856,0.695,-0.703,0.709,0.737,0.692,0.798,-0.803,0.756,0.823,0.712,0.269,0.452,0.771,0.886,0.729,0.926,0.277,-0.032,0.75,0.004,0.757,0.625,-0.13,0.915,0.815,-0.839,0.921,-0.522,0.449,0.899,0.696,0.203,0.244,-0.541,0.88,-0.537,0.145,0.91,0.871,0.583,0.844,0.932,-0.655,0.505,0.457,0.927,0.865,0.814,-0.1,0.165,0.436,0.639,-0.486,0.937,-0.691,0.041,0.58
BCYC,0.683,0.534,0.132,-0.592,-0.255,0.363,0.19,-0.049,0.196,0.724,0.513,0.747,0.743,0.068,0.163,-0.566,-0.501,-0.063,-0.455,-0.004,0.449,0.703,0.254,-0.258,-0.337,0.0,-0.157,0.283,0.105,-0.12,-0.283,0.341,-0.434,-0.516,-0.419,-0.582,-0.464,-0.258,-0.517,0.588,-0.447,-0.183,-0.38,0.192,-0.379,-0.255,-0.61,-0.315,-0.139,0.632,-0.091,0.508,0.548,-0.064,0.235,-0.076,0.302,-0.22,-0.283,0.326,-0.166,-0.201,0.392,0.74,-0.446,-0.29,-0.035,-0.387,0.621,-0.18,0.495,-0.453,-0.324,0.546,-0.453,-0.374,-0.298,-0.558,0.083,-0.264,-0.322,0.102,0.193,-0.344,-0.315,0.459,0.729,0.281,0.191,0.421,0.372,-0.188,-0.322,-0.287,0.563,0.028,-0.353,0.729,-0.12,-0.427,-0.267,-0.348,0.344,0.069,-0.288,0.282,0.672,-0.176,-0.263,0.331,0.675,0.534,-0.472,-0.006,-0.236,-0.472,0.056,-0.151,-0.121,-0.282,0.674,-0.437,0.706,-0.124,-0.359,-0.369,-0.135,0.652,0.858,-0.435,0.503,0.714,0.581,-0.03,0.668,-0.633,-0.298,-0.421,-0.46,-0.204,-0.535,-0.039,-0.484,-0.228,0.75,0.017,-0.075,0.029,-0.093,0.611,-0.473,-0.092,-0.477,0.279,-0.044,0.109,-0.461,-0.175,-0.498,0.075,0.558,-0.094,0.203,0.056,-0.17,0.493,-0.436,-0.243,0.471,-0.284,0.857,0.266,-0.425,-0.047,-0.498,-0.166,0.568,-0.567,0.615,0.554,-0.35,-0.374,0.019,-0.439,-0.211,0.616,0.173,-0.175,-0.414,-0.317,-0.264,0.479,0.251,0.22,-0.287,0.543,-0.249,0.644,0.307,-0.118
BHFAP,-0.41,-0.266,0.118,0.687,0.623,0.102,0.332,0.69,0.368,-0.531,0.461,-0.227,-0.265,0.46,-0.142,0.661,0.726,0.62,0.56,0.202,-0.485,0.072,0.439,0.699,0.787,-0.157,0.0,0.063,0.711,0.802,0.858,0.025,0.616,0.551,0.826,0.578,0.725,0.81,0.778,-0.055,0.647,0.575,0.537,0.579,0.785,0.617,0.593,0.749,0.794,-0.718,0.646,0.256,-0.79,0.55,0.167,0.82,-0.383,0.773,0.734,-0.171,0.74,0.783,-0.16,0.197,0.763,0.745,0.78,0.77,0.491,0.582,-0.265,0.637,0.723,-0.441,0.618,0.665,0.732,0.471,0.221,0.496,0.7,-0.047,-0.171,0.751,0.796,0.185,-0.189,0.514,0.336,0.216,0.463,0.581,0.763,0.844,-0.256,0.153,0.778,-0.342,0.34,0.638,0.447,0.681,0.345,0.566,0.661,-0.779,0.003,0.425,0.791,-0.737,0.141,0.311,0.65,0.09,0.699,0.732,0.427,0.856,0.697,0.481,-0.408,0.706,-0.564,0.18,0.625,0.641,0.796,-0.609,-0.249,0.748,0.316,-0.33,-0.734,0.669,-0.323,0.604,0.763,0.351,0.636,0.705,0.67,0.734,0.635,0.551,-0.472,0.533,0.663,0.518,0.719,-0.694,0.535,0.793,0.508,0.384,0.611,0.712,0.672,0.634,0.731,0.303,0.22,0.669,0.031,0.772,0.483,0.019,0.695,0.787,-0.755,0.798,-0.261,0.563,0.724,0.706,-0.053,0.1,-0.371,0.742,-0.547,0.362,0.86,0.7,0.491,0.55,0.826,-0.521,0.439,0.655,0.759,0.734,0.737,0.054,0.224,0.643,0.52,-0.394,0.787,-0.299,-0.13,0.344
BKR,0.108,0.0,-0.313,-0.223,-0.03,0.322,0.11,-0.255,0.411,0.211,0.259,0.167,0.343,0.493,0.094,-0.144,-0.167,-0.166,-0.297,-0.006,0.104,0.434,-0.091,0.1,-0.167,0.283,0.063,0.0,0.004,-0.144,-0.123,0.189,-0.345,0.013,-0.024,-0.229,0.046,0.085,-0.213,0.316,-0.252,-0.227,0.019,0.132,-0.132,0.044,-0.401,0.023,-0.184,0.177,-0.096,0.481,0.136,-0.045,0.329,-0.079,0.338,0.066,-0.137,0.137,-0.193,0.03,0.107,0.245,-0.013,-0.16,0.2,-0.048,0.212,-0.06,0.316,-0.218,0.066,0.137,0.062,-0.058,0.067,0.078,-0.312,0.207,-0.084,-0.068,-0.028,-0.287,-0.047,0.47,0.49,-0.069,-0.216,0.16,0.269,-0.157,-0.023,-0.089,-0.037,0.051,-0.098,0.459,0.019,-0.188,-0.337,-0.215,0.078,-0.196,-0.265,0.242,0.074,0.065,-0.149,0.118,0.011,0.1,-0.086,0.176,-0.172,-0.225,0.297,0.159,0.153,-0.186,0.096,-0.033,0.293,0.271,-0.197,-0.349,-0.007,0.181,0.394,-0.066,0.193,0.496,0.022,-0.201,0.074,-0.127,0.101,-0.295,-0.36,-0.181,-0.23,0.048,0.013,-0.371,0.131,-0.14,0.006,-0.431,-0.113,0.236,-0.394,0.197,-0.396,0.071,0.035,-0.006,-0.205,-0.174,-0.08,-0.095,0.359,-0.096,-0.182,0.004,-0.275,-0.073,-0.115,-0.19,0.092,0.009,0.285,0.376,-0.177,0.398,-0.004,-0.054,0.148,-0.114,0.041,0.049,-0.05,-0.242,-0.134,-0.311,-0.1,0.436,-0.084,0.221,0.018,-0.129,-0.285,0.151,0.202,0.419,-0.239,0.395,-0.029,0.437,-0.14,0.129
BLDP,-0.216,0.054,0.284,0.482,0.694,-0.012,0.641,0.622,0.619,-0.108,0.437,-0.03,-0.126,0.541,0.108,0.448,0.631,0.784,0.527,0.51,-0.392,0.233,0.521,0.675,0.691,0.105,0.711,0.004,0.0,0.79,0.653,0.46,0.571,0.416,0.593,0.434,0.572,0.74,0.636,0.017,0.536,0.653,0.602,0.583,0.684,0.703,0.505,0.708,0.745,-0.45,0.63,0.429,-0.468,0.683,0.033,0.757,-0.054,0.755,0.735,-0.435,0.747,0.672,0.051,0.372,0.607,0.745,0.736,0.732,0.616,0.545,-0.009,0.622,0.681,-0.47,0.499,0.653,0.68,0.338,0.399,0.304,0.701,-0.036,-0.139,0.611,0.769,0.102,0.027,0.645,0.438,0.133,0.577,0.662,0.689,0.795,0.004,0.038,0.718,-0.113,0.653,0.53,0.525,0.755,0.687,0.665,0.727,-0.487,0.375,0.003,0.749,-0.397,0.308,0.477,0.552,0.244,0.655,0.593,0.576,0.728,0.76,0.542,0.021,0.531,-0.226,0.421,0.586,0.646,0.707,-0.393,0.071,0.733,0.344,-0.014,-0.383,0.839,-0.247,0.3,0.606,0.408,0.542,0.769,0.532,0.729,0.4,0.511,-0.31,0.571,0.756,0.612,0.837,-0.39,0.435,0.753,0.401,0.591,0.607,0.865,0.63,0.645,0.646,0.59,0.338,0.822,0.241,0.704,0.629,0.316,0.665,0.724,-0.482,0.717,-0.048,0.658,0.636,0.645,0.134,0.277,-0.32,0.537,-0.089,0.411,0.653,0.655,0.635,0.617,0.803,-0.276,0.724,0.228,0.623,0.599,0.656,0.305,0.362,0.616,0.511,-0.1,0.788,-0.259,0.299,0.578
BLFS,-0.332,-0.205,0.253,0.793,0.754,-0.293,0.518,0.795,0.375,-0.448,0.284,-0.324,-0.489,0.383,-0.029,0.748,0.853,0.833,0.79,0.486,-0.651,-0.104,0.363,0.831,0.886,-0.12,0.802,-0.144,0.79,0.0,0.898,0.269,0.668,0.633,0.853,0.743,0.784,0.87,0.81,-0.295,0.856,0.772,0.729,0.386,0.884,0.775,0.751,0.863,0.922,-0.75,0.882,0.056,-0.743,0.814,0.027,0.908,-0.302,0.87,0.886,-0.452,0.917,0.908,-0.17,0.155,0.849,0.912,0.661,0.861,0.369,0.802,-0.431,0.847,0.808,-0.588,0.675,0.844,0.819,0.551,0.498,0.446,0.881,0.076,-0.055,0.846,0.861,-0.163,-0.367,0.598,0.571,0.024,0.59,0.824,0.884,0.909,-0.206,-0.164,0.914,-0.543,0.608,0.821,0.784,0.807,0.386,0.728,0.804,-0.764,0.111,0.118,0.912,-0.601,0.143,0.428,0.832,0.234,0.845,0.868,0.375,0.842,0.765,0.737,-0.385,0.768,-0.585,0.08,0.842,0.831,0.915,-0.681,-0.328,0.816,0.104,-0.445,-0.559,0.849,-0.462,0.689,0.73,0.464,0.84,0.911,0.837,0.883,0.686,0.807,-0.553,0.656,0.608,0.781,0.839,-0.698,0.797,0.819,0.764,0.498,0.385,0.885,0.852,0.826,0.809,0.442,0.14,0.836,0.241,0.735,0.758,0.16,0.857,0.884,-0.777,0.897,-0.326,0.374,0.875,0.627,0.017,0.307,-0.55,0.723,-0.369,0.236,0.896,0.886,0.747,0.775,0.906,-0.642,0.592,0.372,0.794,0.798,0.89,0.243,0.048,0.467,0.722,-0.473,0.906,-0.571,0.161,0.547
BLKB,-0.425,-0.36,0.143,0.854,0.642,-0.26,0.303,0.781,0.249,-0.652,0.228,-0.404,-0.557,0.375,-0.106,0.771,0.877,0.732,0.785,0.332,-0.649,-0.177,0.37,0.741,0.879,-0.283,0.858,-0.123,0.653,0.898,0.0,0.06,0.665,0.669,0.922,0.81,0.782,0.831,0.847,-0.332,0.884,0.667,0.693,0.39,0.878,0.671,0.767,0.802,0.882,-0.809,0.809,-0.003,-0.854,0.692,0.109,0.892,-0.441,0.784,0.844,-0.333,0.845,0.877,-0.327,0.054,0.878,0.854,0.654,0.823,0.304,0.693,-0.596,0.798,0.767,-0.609,0.654,0.81,0.75,0.572,0.382,0.501,0.804,0.132,-0.025,0.829,0.837,-0.1,-0.431,0.493,0.495,0.012,0.437,0.733,0.836,0.896,-0.346,-0.076,0.877,-0.616,0.499,0.822,0.706,0.769,0.203,0.605,0.784,-0.865,-0.073,0.279,0.875,-0.685,0.081,0.278,0.819,0.208,0.796,0.882,0.305,0.874,0.704,0.629,-0.601,0.827,-0.689,0.03,0.814,0.768,0.894,-0.79,-0.465,0.776,0.06,-0.56,-0.71,0.694,-0.534,0.776,0.807,0.371,0.811,0.825,0.878,0.78,0.76,0.729,-0.657,0.574,0.565,0.637,0.683,-0.799,0.775,0.819,0.739,0.321,0.421,0.712,0.828,0.795,0.804,0.381,-0.036,0.714,0.02,0.71,0.669,-0.054,0.834,0.836,-0.884,0.85,-0.472,0.308,0.854,0.544,-0.048,0.224,-0.591,0.821,-0.59,0.168,0.97,0.85,0.652,0.678,0.863,-0.703,0.467,0.488,0.778,0.864,0.842,0.055,-0.082,0.465,0.719,-0.587,0.842,-0.587,-0.121,0.37
