,ABAT,ACLS,ACMR,ADMA,ADUS,ADVM,AEIS,AGNCM,AHCO,ALGT,ALLO,AMSF,ANAB,ANDE,APLS,APPF,ASML,ATRC,AVGO,AVT,AXDX,AXSM,AZN,BANR,BBIO,BCYC,BHFAP,BKR,BLDP,BLFS,BLKB,BLMN,BNTX,BPMC,CALM,CAMT,CASH,CATY,CCEP,CDLX,CDNS,CENN,CENX,CGC,CHDN,CLBK,COKE,COLB,COO,CORT,CRMT,CRNX,CRTO,CRVL,CSCO,CSQ,CSWI,CVBF,CWST,CYCC,CZR,DLTR,DORM,ENTA,EQIX,ERIC,EVRG,EWBC,EXAS,EXLS,EXPI,EYE,FBNC,FBRX,FCNCA,FELE,FIBK,FLEX,FRGT,FRHC,FRME,FWONA,FWONK,GDEN,GIII,GILD,GLNG,GNTX,GOOGL,GRPN,HCSG,HIMX,HOPE,HST,HTLD,HUT,HWC,ICUI,IESC,INTC,INTU,IOVA,IPAR,IPGP,ISRG,JBSS,KALU,KPRX,KRNT,LAUR,LBRDA,LBTYK,LECO,LILAK,LITE,MANH,MDXG,MFIC,MGEE,MIDD,MLAB,MMSI,MNKD,MOMO,MRVL,NICE,NMFC,NUWE,NVCR,NWBI,OFIX,OFLX,OMCL,OPK,ORKA,ORLY,OTTR,PDD,PNTG,POOL,POWL,PPBI,PPC,PRAA,PRPL,PZZA,QTRX,QURE,RDFN,RDHL,REAL,REG,REYN,RGLD,RIOT,RUN,RYTM,SAIA,SBAC,SBRA,SCVL,SHOO,SLAB,SLDB,SMCI,SMTC,SRCE,SSP,SSRM,STBA,STRO,SVC,SYBT,TCBI,TCOM,TENX,TH,TMUS,TNDM,TTD,TTMI,UAL,ULH,ULTA,VCYT,VIRT,VKTX,VOD,VRDN,VREX,VRNT,VSAT,WB,WBD,WDC,WEN,WSFS,XXII,Z,ZBRA
ABAT,0.0,-0.139,0.196,0.354,-0.079,0.481,-0.153,0.433,0.628,0.563,0.465,0.3,0.487,0.663,-0.419,-0.103,-0.451,-0.382,-0.497,0.049,-0.392,0.03,-0.42,0.539,0.206,-0.019,0.49,0.291,0.395,0.299,-0.226,-0.029,-0.32,-0.264,-0.046,-0.155,0.508,0.574,-0.517,-0.196,-0.707,-0.189,0.637,0.545,-0.46,0.478,0.456,0.608,-0.392,-0.156,0.625,0.349,-0.119,-0.489,-0.477,-0.111,0.526,0.561,-0.493,0.607,0.251,-0.234,0.236,0.507,-0.329,-0.116,-0.363,0.598,0.071,0.006,-0.418,0.571,0.69,0.084,-0.029,0.377,0.584,0.268,0.061,0.148,0.555,-0.233,-0.236,-0.318,0.282,-0.264,0.495,0.155,-0.601,0.414,-0.32,-0.154,0.647,0.037,0.459,-0.715,0.637,-0.406,0.629,-0.56,-0.379,0.362,-0.467,0.233,-0.414,-0.489,0.527,0.614,0.601,0.589,0.013,-0.281,0.471,0.612,0.16,-0.419,0.553,0.339,-0.502,0.523,-0.02,-0.527,0.661,-0.032,0.074,-0.355,-0.024,0.74,0.493,0.342,0.2,0.067,-0.64,-0.593,0.464,-0.2,0.271,0.158,0.078,0.306,0.729,0.693,0.187,0.092,0.605,0.137,0.135,0.405,-0.676,0.55,0.52,0.063,-0.147,-0.645,-0.612,0.47,0.508,0.636,-0.499,0.308,0.423,-0.279,0.071,0.297,-0.262,0.424,0.434,0.699,-0.484,0.582,0.398,0.36,0.113,0.516,-0.628,0.288,0.348,-0.559,-0.474,-0.352,0.302,0.687,0.629,-0.122,-0.047,-0.316,-0.201,0.443,0.391,-0.185,-0.156,-0.031,-0.06,-0.059,0.299,-0.201,0.66,0.299,-0.401,-0.173
ACLS,-0.139,0.0,0.122,0.123,0.286,-0.246,0.824,-0.246,0.092,-0.056,-0.319,-0.139,-0.334,0.17,0.024,0.374,0.679,0.461,0.801,0.67,0.235,0.515,0.313,0.338,0.262,0.251,0.135,0.189,0.489,0.37,0.365,0.744,0.084,0.408,0.365,0.829,-0.059,-0.115,0.447,-0.184,0.556,0.312,0.112,-0.262,0.737,0.397,0.247,0.14,0.49,0.298,-0.018,-0.276,0.284,0.512,0.508,0.591,0.517,-0.183,0.176,-0.224,0.172,-0.006,0.476,-0.38,0.195,0.289,0.056,0.302,0.593,0.552,0.211,-0.15,0.013,0.158,0.238,0.587,-0.038,0.526,-0.426,0.422,-0.045,0.6,0.598,0.708,0.115,0.187,-0.044,0.591,0.546,-0.443,0.326,0.791,-0.154,0.176,0.02,0.519,-0.139,0.501,0.227,0.359,0.604,-0.151,0.464,0.566,0.46,0.468,0.058,-0.265,0.385,0.179,0.621,0.532,0.37,0.242,0.644,0.56,-0.24,0.311,0.327,0.184,0.661,0.436,-0.255,0.316,0.833,0.513,0.705,0.186,-0.406,-0.061,-0.258,0.651,0.651,0.306,-0.406,0.144,0.532,-0.366,0.158,0.015,0.148,-0.021,-0.305,-0.069,-0.374,0.048,-0.205,0.341,0.396,-0.372,-0.291,0.097,0.365,0.246,0.582,-0.094,-0.198,0.263,0.299,-0.093,0.094,0.685,0.706,-0.386,0.596,-0.054,-0.246,-0.195,0.266,-0.061,-0.369,-0.141,0.534,-0.034,0.312,-0.164,-0.157,0.369,0.272,0.699,0.477,-0.149,0.121,0.18,0.115,0.451,0.224,-0.293,-0.347,0.184,0.276,-0.155,0.458,0.697,0.559,0.445,-0.067,-0.139,0.533,0.535
ACMR,0.196,0.122,0.0,-0.108,-0.419,0.369,0.217,0.627,0.175,0.422,0.724,0.452,0.664,0.154,-0.239,0.082,-0.415,-0.359,-0.143,0.05,-0.08,0.297,-0.665,0.399,0.026,0.086,0.377,0.198,0.245,0.195,-0.423,0.291,0.387,0.612,0.09,0.298,0.544,0.669,-0.403,0.07,-0.228,0.364,0.433,0.593,-0.229,0.231,-0.21,0.514,-0.456,-0.372,0.294,0.769,-0.084,-0.486,-0.389,-0.124,0.16,0.604,0.196,0.556,0.331,-0.096,0.223,0.72,0.133,-0.25,-0.007,0.435,-0.155,-0.041,0.155,0.491,0.504,0.345,-0.466,0.352,0.581,0.083,0.307,0.519,0.628,-0.465,-0.465,0.036,0.541,-0.283,0.506,0.023,-0.552,0.639,-0.269,-0.049,0.577,0.402,0.786,-0.122,0.563,-0.243,0.362,-0.31,-0.396,0.741,-0.355,0.385,-0.603,-0.541,-0.071,0.512,0.202,0.421,-0.005,-0.171,0.539,0.441,0.024,-0.378,0.652,0.231,-0.256,0.438,-0.085,-0.566,0.49,-0.198,-0.145,-0.194,-0.33,0.401,0.555,0.568,0.683,0.313,-0.202,-0.188,0.568,-0.134,-0.044,0.74,-0.419,0.89,0.583,0.539,0.753,0.514,0.562,0.538,0.67,0.135,-0.094,0.637,0.674,0.203,-0.472,-0.543,-0.439,0.479,0.575,0.474,-0.021,0.546,0.108,-0.018,0.472,0.515,-0.578,0.066,0.581,0.549,-0.544,0.587,0.74,0.741,-0.059,0.637,0.031,0.262,0.423,-0.299,0.021,-0.375,0.07,0.515,-0.015,-0.141,0.599,-0.098,-0.145,0.564,0.707,0.279,-0.113,0.703,-0.482,-0.134,0.293,-0.196,0.603,0.625,-0.465,0.053
ADMA,0.354,0.123,-0.108,0.0,0.658,-0.249,0.099,-0.093,-0.066,0.369,-0.225,-0.166,0.087,0.58,0.383,0.549,0.254,0.422,0.136,0.508,0.335,0.064,0.362,0.191,0.58,0.105,0.338,0.432,0.492,0.308,0.481,-0.133,-0.558,-0.168,0.409,0.208,-0.122,-0.171,0.334,0.072,0.091,0.24,0.462,-0.213,0.036,0.206,0.718,0.026,0.435,0.63,0.44,-0.08,0.373,0.193,0.306,0.398,0.491,-0.186,0.186,0.043,0.416,0.242,0.472,-0.108,0.346,0.535,0.231,0.224,0.573,0.491,0.253,0.293,0.152,0.121,0.566,0.436,-0.043,0.491,-0.026,0.179,-0.191,0.257,0.285,0.152,0.097,0.516,0.212,0.505,0.086,-0.091,0.387,0.451,-0.14,0.275,-0.138,-0.223,0.063,0.136,0.685,0.249,0.449,-0.093,0.22,0.362,0.429,0.115,0.769,-0.178,0.441,0.469,0.489,0.236,0.322,0.374,0.475,0.405,-0.185,0.544,0.085,0.432,0.456,0.266,0.143,0.395,0.437,0.36,0.501,0.213,0.13,-0.221,-0.161,0.102,0.074,0.143,-0.3,0.423,0.499,-0.35,0.684,-0.262,0.294,-0.041,-0.073,-0.328,-0.011,-0.464,-0.229,0.825,0.168,-0.244,0.205,0.601,0.52,0.192,0.158,0.3,0.093,-0.023,0.109,0.252,0.543,0.283,-0.134,0.196,0.336,-0.228,-0.187,0.081,0.274,-0.051,-0.21,0.091,0.492,-0.149,-0.228,-0.456,-0.454,0.124,-0.25,0.393,0.52,0.044,0.546,0.51,-0.049,0.22,0.314,-0.187,-0.262,0.148,0.499,-0.214,0.478,0.214,0.485,0.461,-0.056,-0.484,0.446,0.419
ADUS,-0.079,0.286,-0.419,0.658,0.0,-0.624,0.116,-0.345,-0.455,0.198,-0.644,-0.295,-0.32,0.473,0.751,0.747,0.679,0.779,0.399,0.712,0.686,-0.122,0.835,-0.09,0.711,0.302,0.149,0.521,0.373,-0.053,0.891,-0.059,-0.594,-0.218,0.681,0.217,-0.486,-0.545,0.799,0.233,0.523,0.292,0.233,-0.766,0.591,0.021,0.771,-0.219,0.856,0.903,0.247,-0.439,0.673,0.667,0.785,0.727,0.378,-0.597,0.394,-0.371,0.463,0.652,0.607,-0.58,0.579,0.851,0.513,-0.091,0.671,0.798,0.447,-0.003,-0.261,0.119,0.916,0.456,-0.424,0.641,-0.128,0.241,-0.591,0.571,0.622,0.453,0.113,0.88,0.075,0.706,0.478,-0.474,0.72,0.546,-0.56,0.418,-0.409,0.091,-0.294,0.638,0.376,0.707,0.794,-0.332,0.652,0.41,0.769,0.525,0.69,-0.512,0.171,0.205,0.703,0.705,0.231,0.198,0.617,0.845,-0.631,0.516,0.464,0.32,0.574,0.749,-0.223,0.694,0.574,0.772,0.721,-0.141,-0.229,-0.667,-0.363,0.109,0.505,0.652,-0.776,0.795,0.62,-0.738,0.876,-0.478,-0.093,-0.439,-0.244,-0.582,-0.502,-0.687,-0.45,0.552,0.483,-0.712,-0.177,0.668,0.89,0.681,0.603,0.051,-0.155,-0.377,0.375,0.195,0.509,0.642,-0.153,-0.003,0.621,-0.603,-0.628,-0.259,0.754,-0.507,-0.672,-0.153,0.663,-0.53,0.038,-0.687,-0.851,0.637,-0.259,0.625,0.661,-0.255,0.495,0.837,-0.393,0.633,0.74,-0.423,-0.689,0.194,0.704,-0.35,0.742,0.579,0.483,0.855,-0.425,-0.807,0.781,0.72
ADVM,0.481,-0.246,0.369,-0.249,-0.624,0.0,-0.105,0.331,0.72,0.006,0.646,0.435,0.462,-0.075,-0.682,-0.483,-0.697,-0.533,-0.441,-0.513,-0.691,0.305,-0.722,0.529,-0.448,-0.104,0.19,-0.357,-0.24,0.195,-0.668,0.175,0.299,0.164,-0.599,-0.27,0.648,0.685,-0.709,-0.336,-0.562,-0.37,0.031,0.764,-0.553,0.321,-0.347,0.441,-0.69,-0.643,0.037,0.406,-0.549,-0.503,-0.691,-0.631,-0.074,0.677,-0.301,0.466,-0.281,-0.579,-0.287,0.586,-0.411,-0.729,-0.342,0.439,-0.258,-0.589,-0.42,0.172,0.551,-0.168,-0.612,-0.17,0.708,-0.455,0.044,-0.129,0.771,-0.347,-0.408,-0.218,-0.091,-0.669,0.091,-0.458,-0.486,0.452,-0.405,-0.44,0.75,-0.289,0.58,-0.318,0.466,-0.603,0.105,-0.72,-0.673,0.555,-0.492,-0.297,-0.599,-0.382,-0.287,0.653,0.008,0.301,-0.339,-0.631,-0.093,0.06,-0.492,-0.709,0.612,-0.197,-0.302,-0.094,-0.312,-0.663,0.342,-0.679,-0.391,-0.727,-0.421,0.375,0.34,0.772,0.398,0.004,-0.446,-0.6,0.747,-0.656,-0.212,0.594,-0.452,0.478,0.299,0.631,0.253,0.429,0.6,0.663,0.359,-0.089,-0.452,0.744,0.296,-0.409,-0.555,-0.754,-0.672,0.075,0.219,0.681,-0.253,-0.008,-0.26,-0.486,0.084,0.045,-0.527,0.692,0.812,0.386,-0.735,0.744,0.679,0.262,-0.172,0.681,-0.346,0.535,0.767,-0.574,0.187,-0.491,-0.429,0.32,-0.14,-0.659,0.403,-0.462,-0.635,0.344,0.656,0.095,-0.321,0.21,-0.597,-0.447,-0.356,-0.635,0.589,0.717,-0.652,-0.607
AEIS,-0.153,0.824,0.217,0.099,0.116,-0.105,0.0,-0.236,0.145,-0.193,-0.238,-0.166,-0.267,0.009,-0.166,0.176,0.523,0.366,0.758,0.435,0.088,0.573,0.131,0.332,0.088,0.171,0.05,-0.053,0.427,0.428,0.167,0.625,0.201,0.578,0.234,0.85,-0.046,-0.045,0.344,-0.396,0.461,0.246,-0.031,-0.097,0.523,0.274,0.087,0.028,0.328,0.198,-0.117,-0.291,0.015,0.356,0.301,0.317,0.415,-0.136,0.225,-0.264,-0.035,-0.226,0.334,-0.267,0.085,0.06,-0.07,0.233,0.527,0.286,0.298,-0.241,0.077,-0.044,0.027,0.504,0.086,0.315,-0.49,0.267,0.04,0.516,0.502,0.582,-0.06,0.072,-0.102,0.323,0.474,-0.338,0.259,0.724,-0.095,-0.006,0.054,0.565,-0.163,0.242,0.214,0.202,0.45,-0.146,0.39,0.43,0.372,0.408,-0.072,-0.225,0.364,0.164,0.371,0.252,0.292,0.134,0.438,0.377,-0.155,0.076,0.265,0.072,0.543,0.311,-0.293,0.172,0.648,0.256,0.488,0.165,-0.385,0.178,-0.274,0.658,0.508,0.181,-0.231,-0.085,0.339,-0.213,0.039,0.066,0.12,0.015,-0.283,0.067,-0.257,0.084,-0.249,0.246,0.38,-0.24,-0.272,0.001,0.179,0.094,0.491,-0.168,-0.301,0.363,0.284,-0.186,-0.061,0.494,0.635,-0.427,0.458,0.155,-0.099,-0.192,0.091,0.051,-0.174,-0.184,0.388,-0.009,0.345,0.053,0.061,0.2,0.456,0.6,0.27,-0.237,-0.043,0.009,0.206,0.217,-0.025,-0.277,-0.235,0.198,0.159,-0.142,0.343,0.358,0.365,0.207,-0.076,-0.048,0.451,0.321
AGNCM,0.433,-0.246,0.627,-0.093,-0.345,0.331,-0.236,0.0,0.212,0.773,0.799,0.712,0.8,0.46,-0.137,0.037,-0.662,-0.647,-0.547,-0.09,-0.121,-0.165,-0.651,0.356,0.019,-0.231,0.593,0.5,0.353,0.098,-0.494,0.006,0.224,-0.027,-0.065,-0.117,0.68,0.742,-0.588,0.423,-0.651,0.271,0.708,0.645,-0.449,0.31,-0.003,0.712,-0.599,-0.438,0.683,0.831,0.103,-0.756,-0.588,-0.086,0.26,0.777,-0.142,0.772,0.542,0.105,0.145,0.851,-0.106,-0.098,-0.162,0.523,-0.369,-0.059,-0.252,0.851,0.623,0.492,-0.359,0.194,0.549,0.192,0.615,0.438,0.634,-0.797,-0.775,-0.182,0.656,-0.3,0.82,0.06,-0.814,0.914,-0.524,-0.438,0.685,0.482,0.746,-0.636,0.838,-0.325,0.3,-0.535,-0.591,0.56,-0.692,0.278,-0.778,-0.864,0.224,0.812,0.286,0.312,-0.167,-0.246,0.546,0.611,0.06,-0.58,0.811,0.421,-0.679,0.646,-0.152,-0.735,0.85,-0.097,-0.365,-0.309,-0.445,0.455,0.912,0.374,0.844,-0.064,-0.532,-0.466,0.657,0.007,-0.235,0.694,-0.342,0.727,0.731,0.675,0.775,0.595,0.832,0.386,0.803,0.046,-0.544,0.793,0.872,0.296,-0.567,-0.689,-0.754,0.84,0.888,0.381,-0.444,0.681,0.397,-0.345,0.148,0.781,-0.596,0.011,0.608,0.872,-0.66,0.591,0.666,0.851,-0.131,0.711,-0.088,0.255,0.31,-0.409,-0.26,-0.681,0.217,0.862,0.342,-0.045,0.427,-0.34,-0.179,0.897,0.765,-0.171,-0.175,0.756,-0.538,-0.09,0.241,-0.187,0.806,0.568,-0.644,-0.012
AHCO,0.628,0.092,0.175,-0.066,-0.455,0.72,0.145,0.212,0.0,0.017,0.494,0.336,0.285,0.158,-0.758,-0.466,-0.458,-0.489,-0.153,-0.268,-0.765,0.417,-0.591,0.669,-0.405,-0.245,0.153,-0.198,0.099,0.519,-0.58,0.366,0.276,0.015,-0.562,0.046,0.671,0.639,-0.657,-0.402,-0.539,-0.456,0.163,0.708,-0.355,0.586,-0.07,0.596,-0.569,-0.466,0.179,0.176,-0.468,-0.404,-0.58,-0.362,0.339,0.666,-0.62,0.486,-0.245,-0.649,-0.179,0.404,-0.663,-0.608,-0.635,0.661,-0.051,-0.394,-0.651,0.167,0.652,-0.148,-0.505,0.077,0.632,-0.165,-0.082,-0.175,0.757,-0.16,-0.215,-0.028,-0.114,-0.704,0.067,-0.174,-0.265,0.262,-0.535,-0.178,0.717,-0.391,0.405,-0.281,0.505,-0.492,0.289,-0.771,-0.477,0.216,-0.445,-0.171,-0.415,-0.234,-0.1,0.553,0.372,0.244,-0.146,-0.421,0.1,0.238,-0.146,-0.541,0.539,-0.083,-0.462,0.035,-0.001,-0.565,0.358,-0.422,-0.006,-0.633,-0.068,0.651,0.166,0.68,0.141,0.25,-0.367,-0.728,0.595,-0.676,-0.032,0.241,-0.4,0.275,0.485,0.73,-0.09,0.433,0.461,0.625,0.134,0.086,-0.597,0.579,0.149,-0.465,-0.391,-0.741,-0.501,0.082,0.201,0.819,-0.498,-0.222,-0.146,-0.329,0.301,-0.256,-0.095,0.828,0.641,0.395,-0.696,0.713,0.432,0.049,-0.014,0.669,-0.401,0.572,0.704,-0.511,0.229,-0.229,-0.137,0.388,0.12,-0.618,0.308,-0.516,-0.696,0.274,0.429,-0.105,-0.304,-0.022,-0.362,-0.133,-0.117,-0.441,0.622,0.548,-0.434,-0.517
ALGT,0.563,-0.056,0.422,0.369,0.198,0.006,-0.193,0.773,0.017,0.0,0.473,0.548,0.617,0.846,0.22,0.481,-0.275,-0.223,-0.371,0.41,0.25,-0.276,-0.198,0.382,0.528,-0.011,0.713,0.866,0.649,0.099,0.045,-0.006,-0.242,-0.193,0.396,0.002,0.44,0.501,-0.183,0.512,-0.438,0.44,0.953,0.244,-0.143,0.387,0.548,0.674,-0.12,0.065,0.903,0.631,0.494,-0.411,-0.141,0.371,0.58,0.486,-0.0,0.657,0.883,0.46,0.58,0.56,0.235,0.441,0.115,0.542,0.046,0.477,-0.024,0.936,0.594,0.595,0.213,0.562,0.403,0.65,0.493,0.662,0.342,-0.453,-0.399,-0.017,0.815,0.201,0.935,0.561,-0.63,0.646,-0.123,-0.065,0.448,0.765,0.574,-0.679,0.762,0.068,0.606,-0.158,-0.15,0.41,-0.348,0.635,-0.369,-0.63,0.731,0.545,0.503,0.571,0.291,0.183,0.786,0.846,0.528,-0.116,0.5,0.786,-0.447,0.93,0.179,-0.347,0.825,0.36,0.058,0.159,0.008,0.523,0.813,0.027,0.619,0.099,-0.329,-0.177,0.233,0.469,0.267,0.246,0.213,0.491,0.792,0.535,0.645,0.224,0.58,0.004,0.537,0.469,-0.358,0.422,0.837,0.697,-0.037,-0.346,-0.452,0.925,0.872,0.25,-0.24,0.858,0.747,0.032,0.141,0.815,-0.305,-0.321,0.264,0.827,-0.239,0.377,0.278,0.821,0.295,0.464,-0.202,-0.105,-0.153,-0.12,-0.547,-0.348,0.699,0.841,0.747,0.445,0.144,0.052,0.286,0.693,0.413,-0.045,0.145,0.501,-0.037,0.282,0.669,0.3,0.647,0.145,-0.243,0.441
ALLO,0.465,-0.319,0.724,-0.225,-0.644,0.646,-0.238,0.799,0.494,0.473,0.0,0.733,0.833,0.153,-0.467,-0.288,-0.85,-0.786,-0.569,-0.348,-0.475,0.077,-0.889,0.443,-0.287,-0.28,0.335,0.127,0.055,0.19,-0.773,0.077,0.434,0.185,-0.367,-0.179,0.828,0.903,-0.843,0.149,-0.727,0.011,0.435,0.886,-0.629,0.296,-0.289,0.711,-0.843,-0.699,0.394,0.884,-0.284,-0.841,-0.77,-0.404,0.065,0.913,-0.288,0.846,0.192,-0.227,-0.128,0.961,-0.286,-0.501,-0.292,0.502,-0.489,-0.39,-0.376,0.647,0.704,0.312,-0.687,-0.002,0.751,-0.17,0.553,0.207,0.853,-0.813,-0.822,-0.292,0.419,-0.616,0.553,-0.242,-0.827,0.899,-0.693,-0.555,0.874,0.19,0.796,-0.528,0.835,-0.512,0.197,-0.772,-0.821,0.7,-0.792,-0.01,-0.909,-0.836,-0.113,0.806,0.106,0.289,-0.306,-0.472,0.304,0.414,-0.249,-0.817,0.924,0.078,-0.65,0.34,-0.326,-0.907,0.795,-0.44,-0.511,-0.617,-0.639,0.524,0.796,0.711,0.822,0.054,-0.591,-0.656,0.885,-0.382,-0.34,0.857,-0.623,0.822,0.634,0.818,0.731,0.745,0.841,0.729,0.824,-0.079,-0.596,0.938,0.775,-0.057,-0.735,-0.867,-0.864,0.58,0.768,0.553,-0.415,0.44,0.021,-0.505,0.223,0.544,-0.748,0.355,0.855,0.784,-0.879,0.803,0.889,0.754,-0.289,0.848,-0.236,0.53,0.639,-0.545,-0.022,-0.782,-0.143,0.769,0.042,-0.449,0.609,-0.521,-0.518,0.831,0.955,-0.001,-0.338,0.725,-0.799,-0.365,-0.024,-0.478,0.858,0.826,-0.834,-0.363
AMSF,0.3,-0.139,0.452,-0.166,-0.295,0.435,-0.166,0.712,0.336,0.548,0.733,0.0,0.591,0.285,-0.148,-0.018,-0.554,-0.484,-0.318,-0.05,-0.259,-0.02,-0.493,0.542,-0.154,-0.23,0.451,0.379,0.096,0.036,-0.437,0.215,0.346,0.041,-0.246,-0.167,0.787,0.769,-0.511,0.402,-0.46,0.062,0.48,0.547,-0.261,0.402,-0.066,0.724,-0.485,-0.393,0.43,0.693,0.086,-0.451,-0.365,-0.047,0.218,0.76,-0.115,0.676,0.38,0.145,0.097,0.684,-0.035,-0.138,0.007,0.522,-0.299,-0.058,-0.332,0.61,0.693,0.391,-0.362,0.118,0.675,0.042,0.544,0.31,0.709,-0.597,-0.595,0.052,0.501,-0.279,0.628,0.096,-0.554,0.703,-0.433,-0.415,0.728,0.427,0.693,-0.415,0.797,-0.059,0.206,-0.498,-0.536,0.465,-0.525,0.111,-0.573,-0.576,0.049,0.619,-0.038,0.337,-0.014,-0.032,0.311,0.458,-0.016,-0.476,0.705,0.282,-0.409,0.412,0.018,-0.512,0.715,-0.242,-0.33,-0.297,-0.343,0.36,0.685,0.534,0.802,0.182,-0.245,-0.371,0.559,-0.02,-0.111,0.556,-0.367,0.647,0.546,0.73,0.661,0.705,0.555,0.63,0.774,-0.004,-0.443,0.652,0.614,0.147,-0.422,-0.563,-0.601,0.566,0.711,0.418,-0.184,0.492,0.081,-0.183,0.286,0.455,-0.481,0.099,0.744,0.668,-0.595,0.709,0.512,0.704,0.068,0.757,-0.06,0.295,0.297,-0.128,0.053,-0.555,0.12,0.68,0.138,-0.188,0.545,-0.251,-0.271,0.756,0.724,0.212,-0.032,0.696,-0.606,0.031,0.089,-0.05,0.769,0.614,-0.567,-0.057
ANAB,0.487,-0.334,0.664,0.087,-0.32,0.462,-0.267,0.8,0.285,0.617,0.833,0.591,0.0,0.378,-0.16,0.005,-0.717,-0.553,-0.543,-0.186,-0.212,0.072,-0.678,0.358,-0.0,-0.08,0.406,0.31,0.223,0.196,-0.5,-0.099,0.195,0.152,-0.143,-0.183,0.623,0.736,-0.577,0.251,-0.608,0.176,0.579,0.691,-0.565,0.207,-0.016,0.584,-0.605,-0.394,0.536,0.831,-0.065,-0.711,-0.603,-0.241,0.16,0.717,-0.046,0.733,0.383,0.036,0.075,0.87,-0.059,-0.224,-0.119,0.47,-0.256,-0.159,-0.121,0.709,0.615,0.343,-0.369,0.159,0.63,0.025,0.504,0.358,0.65,-0.701,-0.702,-0.208,0.481,-0.299,0.651,-0.07,-0.785,0.856,-0.435,-0.424,0.673,0.359,0.673,-0.544,0.743,-0.415,0.435,-0.562,-0.606,0.75,-0.589,0.11,-0.724,-0.741,0.183,0.733,0.246,0.406,-0.154,-0.369,0.433,0.519,-0.114,-0.583,0.75,0.271,-0.543,0.506,-0.168,-0.733,0.764,-0.189,-0.417,-0.418,-0.449,0.414,0.853,0.509,0.744,-0.03,-0.52,-0.44,0.697,-0.092,-0.198,0.698,-0.284,0.709,0.643,0.645,0.744,0.498,0.781,0.426,0.7,0.213,-0.407,0.771,0.828,0.282,-0.483,-0.684,-0.737,0.695,0.77,0.388,-0.339,0.609,0.296,-0.301,0.047,0.7,-0.626,0.16,0.682,0.758,-0.649,0.659,0.81,0.787,-0.105,0.659,-0.235,0.272,0.381,-0.396,-0.173,-0.639,0.06,0.694,0.199,-0.112,0.551,-0.328,-0.245,0.748,0.79,0.026,0.011,0.672,-0.582,-0.29,0.097,-0.254,0.712,0.535,-0.596,-0.153
ANDE,0.663,0.17,0.154,0.58,0.473,-0.075,0.009,0.46,0.158,0.846,0.153,0.285,0.378,0.0,0.224,0.542,-0.001,0.042,-0.121,0.582,0.23,-0.069,0.057,0.465,0.621,0.116,0.651,0.828,0.785,0.235,0.289,0.092,-0.413,-0.265,0.476,0.162,0.266,0.3,0.048,0.257,-0.275,0.276,0.901,0.039,0.073,0.489,0.823,0.578,0.136,0.365,0.882,0.244,0.514,-0.123,0.061,0.526,0.825,0.267,-0.074,0.408,0.785,0.409,0.714,0.23,0.15,0.526,0.003,0.592,0.382,0.628,-0.039,0.726,0.528,0.38,0.464,0.756,0.3,0.798,0.156,0.557,0.208,-0.059,-0.012,0.183,0.614,0.332,0.762,0.727,-0.328,0.295,0.065,0.2,0.282,0.582,0.347,-0.566,0.563,0.142,0.796,-0.05,0.124,0.193,-0.05,0.657,-0.041,-0.267,0.89,0.363,0.692,0.599,0.483,0.322,0.808,0.828,0.682,0.157,0.219,0.797,-0.304,0.896,0.403,-0.081,0.603,0.549,0.384,0.26,0.385,0.595,0.499,-0.099,0.232,0.23,-0.175,-0.058,-0.03,0.494,0.518,-0.158,0.473,0.208,0.758,0.429,0.258,-0.054,0.347,-0.179,0.106,0.666,-0.272,0.155,0.555,0.659,0.305,-0.193,-0.198,0.723,0.606,0.329,-0.267,0.609,0.817,0.259,0.125,0.472,0.092,-0.189,0.052,0.641,-0.026,0.25,0.001,0.489,0.546,0.273,-0.259,-0.171,-0.257,-0.01,-0.533,-0.012,0.845,0.635,0.902,0.548,-0.072,0.158,0.362,0.385,0.068,-0.071,0.321,0.102,0.302,0.463,0.721,0.478,0.471,-0.138,0.076,0.494
APLS,-0.419,0.024,-0.239,0.383,0.751,-0.682,-0.166,-0.137,-0.758,0.22,-0.467,-0.148,-0.16,0.224,0.0,0.772,0.492,0.602,0.257,0.506,0.753,-0.32,0.712,-0.318,0.543,0.213,0.141,0.531,0.124,-0.35,0.733,-0.187,-0.323,-0.218,0.569,0.04,-0.438,-0.524,0.715,0.633,0.553,0.416,0.142,-0.735,0.459,-0.172,0.382,-0.288,0.69,0.725,0.147,-0.155,0.772,0.517,0.709,0.62,0.011,-0.529,0.558,-0.283,0.52,0.848,0.389,-0.407,0.718,0.785,0.675,-0.268,0.296,0.623,0.497,0.07,-0.394,0.245,0.713,0.116,-0.529,0.403,0.235,0.303,-0.621,0.203,0.262,0.361,0.259,0.835,0.107,0.496,0.345,-0.238,0.577,0.269,-0.562,0.565,-0.343,0.1,-0.26,0.601,0.098,0.758,0.608,-0.195,0.549,0.285,0.532,0.324,0.428,-0.455,-0.163,-0.06,0.482,0.663,0.052,-0.026,0.368,0.706,-0.534,0.443,0.422,0.21,0.29,0.629,-0.166,0.502,0.189,0.76,0.38,-0.418,-0.03,-0.701,-0.034,-0.145,0.497,0.736,-0.67,0.888,0.226,-0.411,0.621,-0.346,-0.253,-0.545,0.077,-0.385,-0.406,-0.563,-0.1,0.299,0.575,-0.59,-0.01,0.714,0.646,0.731,0.481,0.152,0.009,-0.705,0.433,0.315,0.412,0.515,-0.329,0.278,0.346,-0.854,-0.544,-0.267,0.721,-0.561,-0.519,0.066,0.395,-0.478,0.202,-0.793,-0.902,0.674,-0.261,0.375,0.418,-0.239,0.227,0.828,-0.183,0.632,0.767,-0.24,-0.476,0.207,0.659,0.017,0.396,0.422,0.3,0.775,-0.423,-0.694,0.574,0.684
APPF,-0.103,0.374,0.082,0.549,0.747,-0.483,0.176,0.037,-0.466,0.481,-0.288,-0.018,0.005,0.542,0.772,0.0,0.51,0.625,0.364,0.772,0.746,-0.073,0.55,0.141,0.744,0.332,0.45,0.711,0.522,-0.008,0.712,0.223,-0.338,-0.006,0.711,0.396,-0.181,-0.224,0.658,0.509,0.504,0.622,0.48,-0.517,0.569,0.226,0.588,0.076,0.682,0.698,0.436,-0.024,0.84,0.455,0.664,0.781,0.424,-0.295,0.555,-0.047,0.771,0.725,0.732,-0.24,0.77,0.814,0.614,0.178,0.624,0.855,0.565,0.327,-0.033,0.432,0.7,0.554,-0.172,0.705,0.105,0.659,-0.304,0.283,0.342,0.573,0.48,0.793,0.361,0.787,0.253,-0.128,0.629,0.549,-0.276,0.752,0.024,0.053,0.007,0.614,0.46,0.647,0.674,0.049,0.552,0.696,0.474,0.24,0.631,-0.237,0.307,0.332,0.768,0.687,0.47,0.377,0.717,0.715,-0.327,0.777,0.354,0.573,0.568,0.495,0.037,0.539,0.521,0.814,0.63,-0.009,0.12,-0.456,0.094,0.247,0.539,0.615,-0.539,0.867,0.534,-0.314,0.68,-0.031,0.143,-0.211,0.18,-0.284,-0.178,-0.376,0.011,0.619,0.55,-0.4,0.214,0.858,0.665,0.474,0.417,0.398,0.206,-0.248,0.464,0.519,0.617,0.68,0.075,0.356,0.35,-0.724,-0.354,0.007,0.531,-0.258,-0.392,0.303,0.719,-0.18,0.148,-0.659,-0.735,0.563,-0.225,0.483,0.717,0.015,0.504,0.876,0.017,0.728,0.763,-0.15,-0.332,0.29,0.711,0.078,0.502,0.64,0.672,0.845,-0.095,-0.481,0.597,0.896
ASML,-0.451,0.679,-0.415,0.254,0.679,-0.697,0.523,-0.662,-0.458,-0.275,-0.85,-0.554,-0.717,-0.001,0.492,0.51,0.0,0.831,0.802,0.684,0.592,0.082,0.859,-0.199,0.451,0.364,-0.146,0.127,0.237,-0.059,0.813,0.257,-0.312,0.059,0.569,0.545,-0.644,-0.716,0.892,-0.054,0.836,0.281,-0.194,-0.84,0.843,-0.06,0.371,-0.445,0.91,0.714,-0.242,-0.686,0.47,0.866,0.895,0.687,0.188,-0.776,0.359,-0.674,0.082,0.317,0.413,-0.856,0.446,0.644,0.366,-0.271,0.646,0.661,0.488,-0.461,-0.505,-0.016,0.685,0.313,-0.586,0.469,-0.476,0.171,-0.695,0.834,0.855,0.537,-0.104,0.661,-0.345,0.553,0.837,-0.829,0.694,0.799,-0.732,0.114,-0.555,0.634,-0.638,0.73,-0.034,0.837,0.932,-0.544,0.824,0.394,0.891,0.786,0.17,-0.766,0.081,-0.103,0.605,0.728,0.012,-0.143,0.575,0.922,-0.78,0.176,0.657,-0.076,0.546,0.914,-0.628,0.554,0.788,0.82,0.784,-0.327,-0.703,-0.609,-0.656,0.288,0.775,0.699,-0.902,0.487,0.526,-0.781,0.573,-0.551,-0.391,-0.625,-0.576,-0.568,-0.799,-0.544,-0.614,0.261,0.698,-0.905,-0.619,0.225,0.755,0.828,0.943,-0.385,-0.554,-0.392,0.541,-0.238,0.117,0.765,0.167,-0.452,0.793,-0.462,-0.777,-0.632,0.841,-0.65,-0.832,-0.5,0.494,-0.655,0.336,-0.551,-0.668,0.642,0.056,0.897,0.417,-0.585,0.074,0.533,-0.388,0.692,0.614,-0.687,-0.846,0.14,0.441,-0.529,0.82,0.656,0.395,0.668,-0.653,-0.723,0.899,0.653
ATRC,-0.382,0.461,-0.359,0.422,0.779,-0.533,0.366,-0.647,-0.489,-0.223,-0.786,-0.484,-0.553,0.042,0.602,0.625,0.831,0.0,0.619,0.59,0.654,0.114,0.849,-0.138,0.574,0.551,-0.085,0.106,0.066,-0.084,0.883,0.141,-0.434,0.146,0.574,0.322,-0.632,-0.662,0.915,-0.029,0.818,0.302,-0.189,-0.823,0.745,-0.108,0.408,-0.472,0.944,0.819,-0.23,-0.606,0.454,0.909,0.886,0.537,0.065,-0.776,0.632,-0.627,0.117,0.431,0.473,-0.768,0.68,0.643,0.649,-0.252,0.713,0.64,0.683,-0.418,-0.456,-0.05,0.773,0.285,-0.448,0.33,-0.409,0.161,-0.637,0.83,0.847,0.536,-0.125,0.784,-0.319,0.473,0.736,-0.756,0.914,0.685,-0.677,0.198,-0.469,0.527,-0.628,0.691,0.13,0.86,0.888,-0.271,0.901,0.3,0.913,0.82,0.268,-0.697,-0.02,0.11,0.649,0.615,-0.052,-0.121,0.407,0.916,-0.798,0.254,0.842,-0.063,0.525,0.899,-0.637,0.442,0.597,0.781,0.768,-0.413,-0.58,-0.523,-0.52,0.184,0.746,0.825,-0.808,0.579,0.611,-0.675,0.764,-0.483,-0.435,-0.628,-0.373,-0.648,-0.755,-0.564,-0.56,0.362,0.792,-0.839,-0.481,0.42,0.861,0.829,0.834,-0.352,-0.543,-0.404,0.754,-0.05,0.116,0.759,-0.049,-0.299,0.606,-0.512,-0.638,-0.639,0.854,-0.555,-0.71,-0.389,0.583,-0.625,0.179,-0.638,-0.681,0.713,0.063,0.827,0.336,-0.644,0.056,0.617,-0.312,0.81,0.696,-0.739,-0.776,0.432,0.596,-0.435,0.739,0.475,0.27,0.679,-0.646,-0.692,0.863,0.631
AVGO,-0.497,0.801,-0.143,0.136,0.399,-0.441,0.758,-0.547,-0.153,-0.371,-0.569,-0.318,-0.543,-0.121,0.257,0.364,0.802,0.619,0.0,0.557,0.265,0.439,0.534,0.061,0.094,0.15,-0.151,-0.004,0.233,0.192,0.452,0.544,0.166,0.315,0.261,0.77,-0.309,-0.438,0.644,-0.115,0.804,0.16,-0.23,-0.521,0.768,0.136,0.105,-0.231,0.629,0.456,-0.294,-0.531,0.293,0.714,0.685,0.564,0.261,-0.476,0.306,-0.5,-0.03,0.092,0.27,-0.631,0.261,0.286,0.149,-0.039,0.561,0.435,0.311,-0.451,-0.294,-0.016,0.27,0.293,-0.35,0.303,-0.426,0.12,-0.35,0.657,0.657,0.753,-0.175,0.347,-0.363,0.434,0.83,-0.634,0.426,0.745,-0.458,0.034,-0.329,0.745,-0.444,0.518,0.042,0.542,0.719,-0.445,0.684,0.277,0.686,0.731,-0.099,-0.602,0.043,-0.123,0.536,0.586,0.011,-0.181,0.444,0.72,-0.54,0.059,0.512,-0.142,0.609,0.678,-0.545,0.282,0.685,0.545,0.662,-0.148,-0.632,-0.237,-0.437,0.508,0.835,0.52,-0.625,0.206,0.329,-0.525,0.197,-0.305,-0.237,-0.366,-0.471,-0.137,-0.628,-0.08,-0.412,0.223,0.649,-0.64,-0.533,0.059,0.498,0.541,0.807,-0.368,-0.474,-0.097,0.451,-0.363,-0.096,0.697,0.426,-0.572,0.746,-0.144,-0.439,-0.555,0.494,-0.344,-0.556,-0.408,0.459,-0.34,0.412,-0.32,-0.37,0.563,0.459,0.82,0.25,-0.523,-0.128,0.233,0.067,0.461,0.228,-0.557,-0.569,0.27,0.427,-0.287,0.469,0.557,0.266,0.528,-0.427,-0.417,0.74,0.467
AVT,0.049,0.67,0.05,0.508,0.712,-0.513,0.435,-0.09,-0.268,0.41,-0.348,-0.05,-0.186,0.582,0.506,0.772,0.684,0.59,0.557,0.0,0.585,0.058,0.544,0.274,0.72,0.314,0.404,0.698,0.642,0.102,0.709,0.406,-0.375,0.038,0.772,0.615,-0.118,-0.177,0.602,0.198,0.48,0.491,0.501,-0.492,0.687,0.362,0.677,0.197,0.683,0.645,0.395,-0.112,0.712,0.512,0.72,0.898,0.647,-0.258,0.298,-0.072,0.676,0.506,0.841,-0.311,0.576,0.779,0.402,0.243,0.634,0.915,0.379,0.225,0.07,0.413,0.667,0.763,-0.139,0.873,-0.102,0.62,-0.226,0.461,0.507,0.583,0.512,0.654,0.312,0.941,0.331,-0.292,0.505,0.743,-0.211,0.653,0.036,0.146,0.035,0.662,0.519,0.597,0.696,-0.117,0.49,0.834,0.511,0.307,0.603,-0.32,0.409,0.443,0.859,0.822,0.588,0.478,0.88,0.732,-0.266,0.724,0.342,0.576,0.664,0.547,0.036,0.639,0.81,0.813,0.729,0.228,-0.11,-0.383,-0.102,0.528,0.523,0.509,-0.578,0.67,0.765,-0.485,0.58,-0.028,0.292,-0.062,-0.007,-0.254,-0.306,-0.314,-0.142,0.611,0.379,-0.461,0.06,0.636,0.656,0.424,0.511,0.258,0.135,-0.03,0.374,0.361,0.562,0.774,0.408,0.088,0.481,-0.537,-0.39,0.018,0.503,-0.185,-0.453,0.173,0.76,-0.125,0.08,-0.522,-0.63,0.466,-0.277,0.576,0.859,0.081,0.565,0.696,-0.145,0.664,0.682,-0.153,-0.389,0.294,0.516,-0.087,0.625,0.806,0.873,0.823,-0.032,-0.427,0.59,0.881
AXDX,-0.392,0.235,-0.08,0.335,0.686,-0.691,0.088,-0.121,-0.765,0.25,-0.475,-0.259,-0.212,0.23,0.753,0.746,0.592,0.654,0.265,0.585,0.0,-0.291,0.655,-0.31,0.711,0.337,0.129,0.485,0.273,-0.222,0.764,-0.077,-0.458,0.068,0.803,0.221,-0.542,-0.509,0.758,0.362,0.535,0.7,0.18,-0.702,0.551,-0.224,0.428,-0.304,0.741,0.662,0.155,-0.157,0.631,0.471,0.689,0.61,0.068,-0.571,0.656,-0.338,0.529,0.691,0.555,-0.401,0.773,0.844,0.67,-0.246,0.388,0.735,0.721,0.078,-0.384,0.382,0.726,0.352,-0.443,0.54,-0.005,0.425,-0.615,0.349,0.411,0.292,0.325,0.83,0.192,0.548,0.267,-0.273,0.706,0.474,-0.598,0.601,-0.237,0.166,-0.318,0.647,0.051,0.793,0.682,-0.114,0.523,0.515,0.536,0.274,0.453,-0.437,0.035,0.127,0.508,0.584,0.278,0.16,0.553,0.709,-0.52,0.488,0.461,0.332,0.34,0.602,-0.224,0.65,0.369,0.824,0.429,-0.366,-0.077,-0.636,-0.099,0.037,0.471,0.716,-0.642,0.833,0.426,-0.35,0.653,-0.182,-0.176,-0.536,0.08,-0.494,-0.397,-0.636,-0.153,0.291,0.6,-0.579,-0.025,0.726,0.595,0.668,0.531,0.143,-0.052,-0.537,0.53,0.433,0.437,0.55,-0.069,0.301,0.25,-0.883,-0.607,-0.209,0.684,-0.561,-0.506,0.096,0.397,-0.5,0.336,-0.637,-0.751,0.589,-0.251,0.42,0.536,-0.206,0.255,0.842,-0.271,0.688,0.834,-0.25,-0.478,0.194,0.413,0.009,0.589,0.44,0.499,0.682,-0.431,-0.575,0.582,0.819
AXSM,0.03,0.515,0.297,0.064,-0.122,0.305,0.573,-0.165,0.417,-0.276,0.077,-0.02,0.072,-0.069,-0.32,-0.073,0.082,0.114,0.439,0.058,-0.291,0.0,-0.172,0.377,-0.225,0.183,-0.039,-0.274,0.107,0.557,-0.157,0.476,0.393,0.605,-0.197,0.451,0.157,0.197,-0.01,-0.447,0.209,-0.064,-0.104,0.233,0.172,0.166,-0.096,0.105,-0.041,-0.077,-0.199,-0.04,-0.27,0.154,-0.059,-0.052,0.254,0.096,0.102,-0.065,-0.243,-0.352,0.054,0.006,-0.111,-0.345,-0.217,0.26,0.357,-0.072,0.042,-0.242,0.154,-0.169,-0.228,0.275,0.307,-0.066,-0.409,0.039,0.296,0.292,0.243,0.395,-0.211,-0.278,-0.175,-0.019,0.226,-0.132,0.015,0.315,0.164,-0.232,0.147,0.384,-0.037,-0.138,0.299,-0.175,0.046,0.223,0.172,-0.009,0.064,0.271,-0.224,0.036,0.125,0.186,0.149,-0.085,0.093,0.008,-0.054,0.033,0.081,-0.116,0.145,-0.102,0.297,0.005,-0.154,-0.156,0.261,-0.176,0.233,0.17,-0.212,0.452,-0.122,0.445,0.268,-0.017,0.105,-0.357,0.136,0.081,-0.179,0.215,0.151,0.195,-0.13,0.136,-0.051,0.394,-0.105,0.229,0.206,0.068,-0.139,-0.211,-0.032,-0.173,0.116,-0.2,-0.196,0.493,0.044,-0.272,-0.196,0.284,0.386,-0.38,0.209,0.472,0.25,-0.118,-0.16,0.329,0.203,-0.117,0.181,0.167,0.159,0.251,0.354,0.003,0.513,0.312,-0.11,-0.179,-0.24,-0.302,0.496,-0.026,-0.286,-0.184,0.076,0.28,0.182,0.023,-0.059,0.039,-0.053,-0.105,0.069,0.193,0.123,-0.119
AZN,-0.42,0.313,-0.665,0.362,0.835,-0.722,0.131,-0.651,-0.591,-0.198,-0.889,-0.493,-0.678,0.057,0.712,0.55,0.859,0.849,0.534,0.544,0.655,-0.172,0.0,-0.349,0.498,0.318,-0.152,0.193,0.073,-0.245,0.907,-0.071,-0.5,-0.233,0.516,0.146,-0.727,-0.813,0.917,0.143,0.728,0.185,-0.195,-0.947,0.701,-0.212,0.483,-0.546,0.941,0.833,-0.186,-0.706,0.548,0.856,0.9,0.625,0.056,-0.852,0.386,-0.679,0.122,0.542,0.32,-0.876,0.509,0.758,0.516,-0.415,0.577,0.635,0.448,-0.397,-0.581,-0.068,0.858,0.127,-0.664,0.376,-0.295,0.023,-0.825,0.74,0.773,0.389,-0.167,0.817,-0.309,0.48,0.755,-0.778,0.756,0.545,-0.809,0.145,-0.704,0.399,-0.65,0.734,-0.08,0.85,0.883,-0.57,0.799,0.188,0.924,0.748,0.327,-0.759,-0.106,-0.151,0.534,0.697,-0.148,-0.199,0.434,0.907,-0.867,0.193,0.651,-0.099,0.444,0.949,-0.579,0.577,0.549,0.794,0.707,-0.486,-0.577,-0.775,-0.623,0.007,0.666,0.737,-0.939,0.669,0.459,-0.847,0.765,-0.734,-0.517,-0.727,-0.529,-0.687,-0.8,-0.725,-0.627,0.234,0.63,-0.94,-0.574,0.352,0.866,0.92,0.836,-0.332,-0.517,-0.618,0.511,-0.154,0.177,0.617,-0.217,-0.312,0.732,-0.598,-0.81,-0.627,0.935,-0.749,-0.904,-0.503,0.471,-0.779,0.218,-0.664,-0.831,0.737,-0.081,0.755,0.366,-0.596,0.142,0.664,-0.521,0.67,0.698,-0.675,-0.894,0.11,0.538,-0.55,0.796,0.537,0.218,0.73,-0.732,-0.867,0.874,0.592
BANR,0.539,0.338,0.399,0.191,-0.09,0.529,0.332,0.356,0.669,0.382,0.443,0.542,0.358,0.465,-0.318,0.141,-0.199,-0.138,0.061,0.274,-0.31,0.377,-0.349,0.0,0.025,0.006,0.578,0.278,0.383,0.423,-0.193,0.653,0.142,0.157,-0.08,0.324,0.753,0.7,-0.297,-0.095,-0.212,0.037,0.49,0.471,0.01,0.852,0.19,0.794,-0.208,-0.142,0.461,0.309,0.065,-0.147,-0.164,0.133,0.575,0.647,-0.18,0.511,0.314,-0.194,0.393,0.391,-0.076,-0.137,-0.139,0.886,0.255,0.127,-0.205,0.421,0.825,0.204,-0.166,0.472,0.732,0.266,0.042,0.375,0.762,-0.052,-0.082,0.387,0.366,-0.232,0.4,0.347,-0.191,0.293,-0.14,0.138,0.721,0.241,0.659,-0.192,0.651,-0.074,0.584,-0.354,-0.14,0.385,-0.145,0.368,-0.21,-0.164,0.206,0.466,0.483,0.611,0.359,0.035,0.424,0.52,0.294,-0.168,0.483,0.449,-0.175,0.438,0.316,-0.294,0.467,-0.195,0.275,-0.133,0.197,0.668,0.307,0.609,0.384,0.592,0.002,-0.301,0.36,-0.153,0.334,0.215,-0.065,0.478,0.635,0.758,0.24,0.415,0.425,0.527,0.324,0.428,-0.227,0.441,0.392,0.087,-0.063,-0.515,-0.296,0.373,0.407,0.751,-0.059,0.227,0.209,0.139,0.506,0.061,-0.053,0.343,0.638,0.501,-0.463,0.765,0.309,0.432,0.558,0.759,-0.241,0.224,0.311,-0.19,0.095,-0.011,0.313,0.466,0.379,-0.126,0.436,-0.026,-0.226,0.31,0.385,0.323,0.123,0.212,-0.179,0.267,0.363,0.076,0.728,0.452,-0.165,0.091
BBIO,0.206,0.262,0.026,0.58,0.711,-0.448,0.088,0.019,-0.405,0.528,-0.287,-0.154,-0.0,0.621,0.543,0.744,0.451,0.574,0.094,0.72,0.711,-0.225,0.498,0.025,0.0,0.526,0.395,0.644,0.497,-0.054,0.741,-0.057,-0.703,-0.024,0.839,0.195,-0.317,-0.234,0.537,0.211,0.236,0.52,0.526,-0.474,0.38,0.075,0.737,0.018,0.621,0.659,0.443,-0.038,0.602,0.332,0.541,0.602,0.377,-0.323,0.428,-0.02,0.659,0.585,0.747,-0.198,0.648,0.798,0.56,0.09,0.545,0.817,0.537,0.327,-0.022,0.376,0.783,0.609,-0.139,0.729,-0.052,0.604,-0.327,0.342,0.399,0.176,0.479,0.761,0.361,0.701,0.025,-0.177,0.619,0.461,-0.274,0.638,-0.028,-0.14,-0.017,0.533,0.493,0.577,0.575,0.136,0.387,0.721,0.407,0.13,0.753,-0.177,0.395,0.484,0.619,0.525,0.536,0.512,0.694,0.584,-0.285,0.703,0.325,0.599,0.353,0.403,0.068,0.636,0.543,0.722,0.558,0.053,0.105,-0.471,-0.073,0.096,0.172,0.458,-0.472,0.731,0.714,-0.375,0.78,-0.048,0.202,-0.181,0.126,-0.489,-0.154,-0.559,-0.151,0.598,0.27,-0.36,0.194,0.778,0.619,0.393,0.311,0.331,0.169,-0.19,0.367,0.592,0.637,0.51,0.02,0.38,0.162,-0.609,-0.427,0.086,0.521,-0.267,-0.329,0.248,0.511,-0.256,-0.162,-0.571,-0.597,0.364,-0.533,0.332,0.736,0.107,0.594,0.781,-0.344,0.667,0.808,-0.098,-0.345,0.151,0.411,-0.13,0.629,0.459,0.724,0.626,-0.099,-0.479,0.445,0.751
BCYC,-0.019,0.251,0.086,0.105,0.302,-0.104,0.171,-0.231,-0.245,-0.011,-0.28,-0.23,-0.08,0.116,0.213,0.332,0.364,0.551,0.15,0.314,0.337,0.183,0.318,0.006,0.526,0.0,-0.006,0.03,0.015,-0.095,0.481,0.041,-0.327,0.387,0.401,0.025,-0.373,-0.189,0.458,-0.186,0.378,0.228,-0.014,-0.362,0.35,-0.148,0.237,-0.224,0.449,0.386,-0.178,-0.164,0.122,0.463,0.4,0.126,-0.047,-0.366,0.579,-0.301,0.071,0.274,0.386,-0.293,0.467,0.271,0.487,-0.061,0.426,0.391,0.598,-0.228,-0.162,-0.108,0.437,0.323,-0.001,0.193,-0.392,0.361,-0.218,0.516,0.505,0.137,0.162,0.441,-0.083,0.209,0.174,-0.375,0.629,0.239,-0.267,0.2,-0.042,0.32,-0.312,0.396,0.22,0.465,0.369,0.355,0.528,0.33,0.335,0.371,0.123,-0.212,0.015,0.253,0.345,0.298,0.163,0.118,0.12,0.42,-0.324,0.155,0.605,0.057,0.106,0.384,-0.301,0.29,0.309,0.373,0.392,-0.242,-0.228,-0.102,-0.24,0.055,0.248,0.529,-0.328,0.274,0.496,-0.193,0.429,0.023,-0.164,-0.254,-0.032,-0.481,-0.337,-0.227,-0.25,0.287,0.417,-0.334,-0.175,0.258,0.4,0.381,0.388,-0.204,-0.23,-0.107,0.518,0.22,0.056,0.564,0.029,-0.016,-0.005,-0.209,-0.256,-0.271,0.499,-0.142,-0.128,-0.082,0.276,-0.255,-0.049,-0.269,-0.169,0.336,-0.13,0.318,0.159,-0.273,-0.049,0.315,-0.196,0.688,0.611,-0.288,-0.28,0.316,0.356,-0.216,0.396,0.194,0.175,0.203,-0.275,-0.22,0.333,0.298
BHFAP,0.49,0.135,0.377,0.338,0.149,0.19,0.05,0.593,0.153,0.713,0.335,0.451,0.406,0.651,0.141,0.45,-0.146,-0.085,-0.151,0.404,0.129,-0.039,-0.152,0.578,0.395,-0.006,0.0,0.632,0.489,0.063,0.091,0.275,-0.179,-0.143,0.279,0.187,0.515,0.419,-0.122,0.297,-0.207,0.353,0.743,0.25,-0.051,0.633,0.349,0.632,-0.046,0.045,0.719,0.443,0.441,-0.22,-0.062,0.32,0.497,0.443,0.002,0.534,0.659,0.171,0.535,0.391,0.236,0.266,0.113,0.639,0.187,0.342,-0.057,0.707,0.523,0.464,0.156,0.419,0.335,0.507,0.286,0.558,0.406,-0.217,-0.18,0.183,0.627,0.121,0.663,0.473,-0.351,0.42,0.005,0.135,0.468,0.546,0.59,-0.495,0.6,-0.043,0.558,-0.052,0.003,0.346,-0.192,0.616,-0.2,-0.391,0.532,0.537,0.484,0.558,0.308,0.137,0.52,0.575,0.439,-0.035,0.381,0.766,-0.231,0.672,0.169,-0.204,0.572,0.012,0.215,0.192,0.151,0.48,0.558,0.093,0.516,0.128,-0.119,-0.096,0.175,0.291,0.283,0.248,0.204,0.388,0.625,0.455,0.45,0.179,0.521,0.038,0.42,0.439,-0.187,0.361,0.634,0.483,0.009,-0.309,-0.342,0.67,0.599,0.336,-0.079,0.582,0.654,0.054,0.166,0.59,-0.124,-0.173,0.315,0.582,-0.226,0.371,0.191,0.624,0.422,0.51,-0.193,-0.211,-0.086,-0.187,-0.37,-0.074,0.514,0.589,0.636,0.28,0.178,0.11,0.184,0.387,0.284,0.061,0.191,0.3,0.0,0.333,0.575,0.24,0.587,0.169,-0.135,0.404
BKR,0.291,0.189,0.198,0.432,0.521,-0.357,-0.053,0.5,-0.198,0.866,0.127,0.379,0.31,0.828,0.531,0.711,0.127,0.106,-0.004,0.698,0.485,-0.274,0.193,0.278,0.644,0.03,0.632,0.0,0.708,0.022,0.375,0.113,-0.271,-0.243,0.604,0.212,0.216,0.193,0.191,0.605,-0.057,0.533,0.854,-0.145,0.252,0.392,0.666,0.525,0.256,0.383,0.808,0.343,0.744,-0.033,0.274,0.73,0.651,0.174,0.099,0.394,0.952,0.689,0.72,0.19,0.406,0.72,0.266,0.413,0.248,0.752,0.101,0.748,0.361,0.645,0.481,0.63,0.1,0.84,0.432,0.692,0.045,-0.167,-0.098,0.294,0.779,0.483,0.792,0.822,-0.232,0.315,0.099,0.208,0.139,0.848,0.31,-0.408,0.523,0.414,0.555,0.197,0.225,0.119,-0.006,0.728,0.001,-0.279,0.771,0.201,0.44,0.418,0.574,0.57,0.746,0.74,0.752,0.29,0.159,0.856,-0.199,0.882,0.427,0.05,0.582,0.576,0.335,0.514,0.311,0.389,0.513,-0.279,0.395,0.23,0.061,0.164,-0.171,0.735,0.405,-0.109,0.393,0.239,0.598,0.268,0.425,0.059,0.203,-0.181,0.324,0.518,-0.061,0.018,0.578,0.787,0.31,0.035,-0.049,0.783,0.686,0.01,-0.052,0.727,0.778,0.361,0.185,0.613,0.084,-0.57,-0.066,0.545,0.119,0.071,-0.099,0.609,0.52,0.189,-0.025,-0.363,-0.511,0.23,-0.501,0.002,0.87,0.604,0.776,0.689,0.007,0.329,0.534,0.42,0.043,0.032,0.387,0.35,0.219,0.619,0.797,0.678,0.374,-0.171,0.136,0.721
BLDP,0.395,0.489,0.245,0.492,0.373,-0.24,0.427,0.353,0.099,0.649,0.055,0.096,0.223,0.785,0.124,0.522,0.237,0.066,0.233,0.642,0.273,0.107,0.073,0.383,0.497,0.015,0.489,0.708,0.0,0.41,0.216,0.278,-0.15,-0.02,0.491,0.581,0.156,0.189,0.162,0.155,-0.072,0.492,0.759,0.023,0.241,0.444,0.663,0.45,0.206,0.317,0.699,0.12,0.46,-0.083,0.116,0.62,0.869,0.144,-0.063,0.262,0.679,0.238,0.651,0.11,0.087,0.495,-0.158,0.501,0.499,0.632,0.099,0.561,0.411,0.41,0.315,0.777,0.187,0.843,0.034,0.608,0.099,0.043,0.089,0.312,0.478,0.256,0.634,0.731,-0.085,0.182,0.018,0.48,0.13,0.484,0.254,-0.19,0.394,0.209,0.628,0.02,0.292,-0.017,0.031,0.76,0.06,-0.188,0.684,0.188,0.802,0.385,0.49,0.34,0.838,0.741,0.817,0.244,0.171,0.665,-0.336,0.807,0.573,-0.007,0.449,0.586,0.598,0.335,0.451,0.564,0.313,-0.081,0.067,0.445,0.051,-0.066,-0.13,0.374,0.381,-0.16,0.29,0.189,0.699,0.321,0.067,0.058,0.231,-0.149,0.063,0.626,-0.046,0.03,0.392,0.525,0.204,-0.131,0.067,0.647,0.441,0.345,-0.214,0.397,0.689,0.358,0.403,0.29,0.307,-0.15,-0.074,0.494,-0.014,0.143,-0.071,0.337,0.466,0.148,0.123,-0.054,-0.215,-0.009,-0.231,0.241,0.827,0.488,0.719,0.46,0.088,0.123,0.238,0.266,-0.032,-0.191,0.286,0.098,0.402,0.568,0.804,0.449,0.325,-0.145,0.287,0.575
BLFS,0.299,0.37,0.195,0.308,-0.053,0.195,0.428,0.098,0.519,0.099,0.19,0.036,0.196,0.235,-0.35,-0.008,-0.059,-0.084,0.192,0.102,-0.222,0.557,-0.245,0.423,-0.054,-0.095,0.063,0.022,0.41,0.0,-0.215,0.339,0.089,0.295,-0.166,0.391,0.242,0.288,-0.198,-0.285,-0.149,0.019,0.277,0.358,-0.016,0.346,0.163,0.346,-0.113,-0.102,0.19,0.077,-0.208,-0.152,-0.214,0.017,0.426,0.267,-0.104,0.275,0.027,-0.36,0.095,0.198,-0.201,-0.147,-0.295,0.486,0.269,0.038,-0.144,0.191,0.342,0.035,-0.164,0.338,0.323,0.175,-0.233,0.091,0.313,0.051,0.023,0.22,-0.046,-0.291,0.122,0.131,-0.028,0.112,-0.123,0.222,0.243,-0.081,0.188,0.007,0.245,-0.132,0.389,-0.355,-0.005,0.095,-0.173,0.118,-0.055,-0.051,0.13,0.169,0.51,0.349,0.239,-0.172,0.318,0.421,0.219,-0.098,0.267,0.196,-0.195,0.235,0.398,-0.226,0.177,0.018,0.288,-0.165,0.259,0.478,0.131,0.36,0.036,0.408,-0.006,-0.369,0.253,-0.306,0.227,0.013,-0.079,0.131,0.448,0.367,-0.112,0.229,0.226,0.288,0.05,0.402,-0.162,0.199,0.112,0.022,-0.14,-0.325,-0.067,0.222,0.129,0.535,-0.19,-0.0,0.055,0.023,0.362,-0.142,0.133,0.404,0.209,0.209,-0.289,0.359,0.191,0.07,0.196,0.289,-0.122,0.215,0.279,-0.082,0.388,0.149,0.164,0.181,0.13,-0.178,0.431,-0.139,-0.331,0.084,0.145,0.01,-0.025,0.073,-0.01,0.064,0.184,-0.117,0.279,0.176,-0.008,-0.029
BLKB,-0.226,0.365,-0.423,0.481,0.891,-0.668,0.167,-0.494,-0.58,0.045,-0.773,-0.437,-0.5,0.289,0.733,0.712,0.813,0.883,0.452,0.709,0.764,-0.157,0.907,-0.193,0.741,0.481,0.091,0.375,0.216,-0.215,0.0,-0.004,-0.657,-0.121,0.748,0.213,-0.632,-0.668,0.899,0.139,0.682,0.323,0.046,-0.882,0.705,-0.08,0.616,-0.377,0.944,0.874,0.038,-0.525,0.649,0.807,0.902,0.685,0.191,-0.743,0.499,-0.534,0.35,0.614,0.597,-0.727,0.684,0.843,0.62,-0.231,0.647,0.787,0.587,-0.198,-0.423,0.056,0.954,0.39,-0.522,0.557,-0.308,0.28,-0.696,0.719,0.762,0.422,0.098,0.901,-0.091,0.644,0.574,-0.657,0.852,0.625,-0.678,0.369,-0.456,0.261,-0.491,0.729,0.191,0.887,0.875,-0.306,0.795,0.447,0.839,0.646,0.52,-0.624,0.073,0.144,0.664,0.737,0.117,0.036,0.579,0.921,-0.764,0.428,0.677,0.163,0.467,0.873,-0.434,0.643,0.621,0.881,0.742,-0.317,-0.426,-0.725,-0.469,0.109,0.596,0.796,-0.862,0.776,0.676,-0.754,0.875,-0.497,-0.291,-0.6,-0.3,-0.731,-0.67,-0.739,-0.533,0.403,0.618,-0.827,-0.344,0.566,0.906,0.823,0.741,-0.152,-0.34,-0.489,0.562,0.125,0.374,0.721,-0.123,-0.091,0.577,-0.681,-0.739,-0.438,0.892,-0.63,-0.772,-0.261,0.607,-0.631,0.091,-0.726,-0.833,0.669,-0.291,0.707,0.563,-0.417,0.334,0.813,-0.513,0.797,0.857,-0.571,-0.786,0.265,0.583,-0.45,0.822,0.592,0.461,0.798,-0.569,-0.797,0.805,0.749
