,ABAT,ACLS,ACMR,ADMA,ADUS,ADVM,AEIS,AGNCM,AHCO,ALGT,ALLO,AMSF,ANAB,ANDE,APLS,APPF,ASML,ATRC,AVGO,AVT,AXDX,AXSM,AZN,BANR,BBIO,BCYC,BHFAP,BKR,BLDP,BLFS,BLKB,BLMN,BNTX,BPMC,CALM,CAMT,CASH,CATY,CCEP,CDLX,CDNS,CENN,CENX,CGC,CHDN,CLBK,COKE,COLB,COO,CORT,CRMT,CRNX,CRTO,CRVL,CSCO,CSQ,CSWI,CVBF,CWST,CYCC,CZR,DLTR,DORM,ENTA,EQIX,ERIC,EVRG,EWBC,EXAS,EXLS,EXPI,EYE,FBNC,FBRX,FCNCA,FELE,FIBK,FLEX,FRGT,FRHC,FRME,FWONA,FWONK,GDEN,GIII,GILD,GLNG,GNTX,GOOGL,GRPN,HCSG,HIMX,HOPE,HST,HTLD,HUT,HWC,ICUI,IESC,INTC,INTU,IOVA,IPAR,IPGP,ISRG,JBSS,KALU,KPRX,KRNT,LAUR,LBRDA,LBTYK,LECO,LILAK,LITE,MANH,MDXG,MFIC,MGEE,MIDD,MLAB,MMSI,MNKD,MOMO,MRVL,NICE,NMFC,NUWE,NVCR,NWBI,OFIX,OFLX,OMCL,OPK,ORKA,ORLY,OTTR,PDD,PNTG,POOL,POWL,PPBI,PPC,PRAA,PRPL,PZZA,QTRX,QURE,RDFN,RDHL,REAL,REG,REYN,RGLD,RIOT,RUN,RYTM,SAIA,SBAC,SBRA,SCVL,SHOO,SLAB,SLDB,SMCI,SMTC,SRCE,SSP,SSRM,STBA,STRO,SVC,SYBT,TCBI,TCOM,TENX,TH,TMUS,TNDM,TTD,TTMI,UAL,ULH,ULTA,VCYT,VIRT,VKTX,VOD,VRDN,VREX,VRNT,VSAT,WB,WBD,WDC,WEN,WSFS,XXII,Z,ZBRA
ABAT,0.0,0.429,0.316,0.512,-0.188,0.004,0.398,0.453,-0.407,0.449,-0.135,0.301,0.445,-0.076,-0.074,0.322,0.302,0.328,0.677,0.547,-0.252,-0.327,-0.159,0.532,0.408,0.267,-0.038,0.701,0.357,0.249,0.156,0.023,0.154,-0.34,-0.305,0.231,0.484,0.678,0.006,0.514,0.16,0.473,0.058,-0.029,0.311,0.141,0.318,0.812,0.153,0.335,0.714,-0.031,0.477,0.736,-0.369,0.76,0.64,0.647,0.081,0.479,0.603,0.269,0.452,0.501,0.452,0.143,-0.099,0.762,0.522,0.319,0.516,0.532,0.758,-0.002,0.355,0.408,0.189,0.353,0.387,-0.298,0.769,0.776,0.751,0.215,-0.047,0.441,0.44,0.225,0.422,-0.272,-0.321,0.377,0.764,0.381,-0.207,0.335,0.858,0.157,0.441,0.251,0.596,0.128,0.327,-0.057,0.395,0.579,0.127,0.312,0.625,-0.249,0.302,0.033,0.75,0.172,0.416,0.635,0.493,0.116,0.478,0.57,-0.099,0.543,-0.184,0.147,0.653,0.622,-0.022,0.613,0.251,0.787,0.528,0.289,0.353,0.384,-0.348,-0.008,-0.093,-0.095,0.252,0.567,0.721,0.791,-0.597,0.6,0.045,0.524,0.167,0.469,0.705,0.416,0.533,0.065,-0.282,-0.166,0.139,0.25,-0.155,0.709,0.396,0.213,-0.009,0.259,0.681,0.19,0.322,0.411,0.718,0.615,-0.129,0.58,-0.289,-0.254,0.394,0.823,-0.475,-0.176,-0.82,-0.479,0.626,0.061,-0.095,0.437,0.406,0.497,0.288,-0.23,0.231,-0.347,-0.222,-0.465,0.612,-0.335,0.322,0.2,0.28,0.49,0.521,-0.341,0.432,0.573
ACLS,0.429,0.0,0.644,-0.221,-0.336,-0.667,0.395,0.42,0.221,0.697,-0.711,-0.048,0.746,0.61,0.102,0.86,-0.068,-0.26,0.464,0.39,-0.823,-0.817,0.621,0.17,0.847,-0.583,-0.398,0.542,-0.299,-0.316,-0.598,0.529,0.069,-0.724,0.128,0.113,0.502,0.59,0.164,-0.03,0.77,-0.265,-0.461,-0.725,-0.2,0.239,0.694,0.594,-0.298,-0.363,0.618,-0.032,0.862,0.633,0.175,0.556,0.688,0.13,-0.078,0.792,0.345,-0.34,-0.02,-0.241,-0.115,-0.187,-0.484,0.531,-0.252,0.475,-0.029,0.001,0.682,-0.214,-0.298,0.787,0.469,0.47,-0.3,0.332,0.353,0.384,0.335,0.747,-0.351,0.469,0.007,-0.348,-0.284,-0.72,-0.059,-0.067,0.611,-0.35,-0.339,-0.188,0.369,-0.616,0.764,-0.096,0.015,-0.669,0.279,0.62,-0.257,0.791,-0.051,0.69,-0.024,-0.528,0.261,-0.523,0.754,-0.565,-0.252,0.803,0.851,-0.331,-0.149,0.301,-0.664,-0.102,0.207,-0.4,0.529,0.735,-0.552,-0.102,-0.486,0.487,0.102,0.804,-0.303,-0.345,-0.782,0.789,0.201,-0.455,-0.016,0.03,0.587,0.659,-0.116,0.608,-0.674,0.62,-0.512,-0.267,0.617,0.125,-0.145,-0.389,-0.682,-0.709,-0.142,-0.313,-0.568,0.292,-0.325,-0.083,0.167,-0.179,0.864,-0.646,0.937,-0.321,0.615,0.153,-0.836,0.793,-0.853,0.324,-0.008,0.513,-0.339,-0.731,-0.374,-0.186,0.301,0.518,-0.711,0.013,-0.396,0.776,-0.034,0.447,0.888,0.402,-0.777,-0.796,0.457,-0.466,-0.261,0.237,-0.136,0.824,0.857,-0.778,0.487,0.302
ACMR,0.316,0.644,0.0,-0.136,-0.361,-0.556,0.241,0.183,0.189,0.281,-0.255,-0.2,0.271,0.234,-0.33,0.379,0.232,-0.072,0.49,0.38,-0.408,-0.373,0.401,0.019,0.348,-0.358,0.167,0.569,0.056,-0.288,-0.365,0.041,0.537,-0.27,0.038,-0.185,0.264,0.205,0.496,0.091,0.656,-0.038,-0.211,-0.388,0.109,-0.268,0.379,0.281,-0.089,-0.308,0.465,-0.131,0.442,0.3,0.101,0.472,0.254,-0.206,0.246,0.416,0.189,-0.086,-0.056,-0.253,0.163,0.179,-0.206,0.428,-0.009,0.334,0.271,0.101,0.269,-0.407,-0.112,0.393,0.128,0.395,-0.114,0.01,0.121,0.287,0.242,0.378,-0.049,0.165,0.355,-0.244,-0.133,-0.296,-0.282,0.088,0.255,-0.023,-0.226,-0.153,0.256,-0.307,0.317,0.089,0.225,-0.359,0.163,0.445,-0.076,0.295,0.078,0.206,0.084,-0.122,0.329,-0.094,0.575,-0.16,-0.037,0.36,0.442,-0.321,-0.194,0.166,-0.364,-0.107,0.496,0.066,0.514,0.338,-0.239,-0.13,-0.125,0.242,0.016,0.374,-0.131,-0.174,-0.489,0.511,-0.322,0.168,-0.077,0.145,0.19,0.303,-0.162,0.085,-0.327,0.483,-0.154,-0.305,0.336,-0.014,0.046,0.074,-0.293,-0.222,-0.103,-0.135,-0.362,0.115,0.079,0.137,0.289,0.104,0.52,-0.411,0.526,-0.042,0.208,0.114,-0.444,0.402,-0.454,0.016,-0.32,0.203,0.04,-0.3,-0.124,0.148,0.191,0.441,-0.47,-0.052,-0.422,0.393,0.285,0.473,0.452,0.424,-0.434,-0.34,0.437,-0.176,0.074,0.181,0.416,0.457,0.435,-0.337,0.552,0.322
ADMA,0.512,-0.221,-0.136,0.0,0.22,0.57,0.42,0.105,-0.434,0.085,0.565,0.527,0.028,-0.495,0.046,-0.331,0.605,0.686,0.546,0.524,0.388,0.307,-0.693,0.532,-0.181,0.691,0.411,0.305,0.706,0.656,0.657,-0.286,0.157,0.351,-0.393,0.467,0.362,0.35,-0.034,0.717,-0.267,0.75,0.61,0.63,0.708,-0.017,0.013,0.475,0.667,0.79,0.35,0.262,-0.229,0.367,-0.402,0.531,0.26,0.681,0.133,0.044,0.65,0.722,0.642,0.725,0.631,0.553,0.354,0.496,0.836,0.164,0.762,0.733,0.282,0.136,0.619,-0.078,-0.003,0.206,0.714,-0.514,0.59,0.571,0.55,-0.098,0.396,0.082,0.412,0.692,0.825,0.473,-0.054,0.696,0.423,0.729,0.173,0.648,0.694,0.742,-0.086,0.451,0.742,0.776,0.228,-0.478,0.824,0.08,0.501,-0.283,0.795,0.347,0.452,0.463,0.24,0.703,0.829,0.165,-0.129,0.614,0.728,0.588,0.531,0.782,-0.235,0.629,0.524,0.266,0.66,0.731,0.744,0.533,0.74,-0.279,0.818,0.771,0.413,-0.606,-0.108,0.349,0.428,0.683,0.457,0.4,-0.489,0.251,0.702,0.155,0.686,0.838,0.338,0.483,0.78,0.527,0.278,0.421,0.476,0.664,0.433,0.584,0.668,0.415,0.114,0.599,0.163,0.79,-0.327,0.787,0.331,0.698,0.524,0.031,0.435,-0.465,0.506,0.567,-0.17,0.445,-0.447,-0.288,0.524,-0.247,0.567,0.686,0.72,0.013,0.564,-0.647,-0.467,-0.628,0.416,0.069,0.561,0.2,0.735,0.392,0.498,-0.146,0.039,0.367,0.262,0.541
ADUS,-0.188,-0.336,-0.361,0.22,0.0,0.379,0.358,-0.362,0.232,-0.072,0.518,0.128,-0.118,-0.207,0.127,-0.298,0.34,0.498,-0.097,0.19,0.368,0.588,-0.486,0.275,-0.296,0.23,0.413,-0.335,0.469,0.376,0.462,-0.121,0.085,0.503,0.06,0.505,0.064,0.007,0.367,0.324,-0.281,0.285,0.565,0.535,0.187,-0.065,0.004,-0.063,0.655,0.452,-0.071,0.072,-0.471,0.002,0.246,-0.005,-0.073,0.206,0.298,-0.131,0.026,0.43,0.521,0.114,0.281,0.524,0.593,-0.139,0.311,-0.034,0.195,0.454,-0.101,0.077,0.255,-0.194,0.055,0.031,0.254,-0.029,0.129,-0.038,-0.052,-0.062,0.531,-0.455,0.015,0.651,0.383,0.553,0.456,0.347,-0.036,0.296,0.59,0.323,0.007,0.544,-0.27,0.386,0.292,0.294,0.371,-0.149,0.435,-0.233,0.464,-0.499,0.235,0.712,0.234,0.483,-0.192,0.39,0.371,-0.183,-0.468,0.601,0.441,0.212,0.734,0.51,-0.036,0.247,0.098,-0.11,0.55,0.1,0.409,0.074,0.261,-0.295,0.416,0.505,0.415,-0.294,0.156,0.285,0.441,0.426,0.035,-0.075,0.217,0.085,0.55,0.056,0.392,0.252,-0.063,-0.095,0.379,0.455,0.528,0.327,0.45,0.529,0.239,0.03,0.361,0.455,0.272,0.498,-0.141,0.298,-0.321,0.463,-0.092,0.362,0.428,-0.322,0.476,0.001,0.38,0.006,-0.065,0.499,0.236,0.317,0.238,-0.058,0.581,0.342,0.115,-0.152,0.339,-0.13,-0.426,-0.153,0.53,0.253,0.224,0.509,0.299,0.304,0.083,-0.228,-0.287,0.504,0.09,0.286
ADVM,0.004,-0.667,-0.556,0.57,0.379,0.0,0.066,-0.166,-0.313,-0.19,0.744,0.281,-0.381,-0.534,0.101,-0.69,0.361,0.638,0.014,0.089,0.704,0.637,-0.816,0.224,-0.539,0.678,0.365,-0.232,0.593,0.597,0.675,-0.34,-0.027,0.599,-0.288,0.373,-0.026,-0.107,-0.191,0.495,-0.566,0.603,0.661,0.816,0.479,-0.02,-0.341,-0.016,0.587,0.714,-0.131,0.18,-0.63,-0.108,-0.215,-0.071,-0.155,0.37,0.13,-0.388,0.221,0.657,0.412,0.449,0.3,0.433,0.458,-0.074,0.626,-0.299,0.433,0.481,-0.215,0.347,0.409,-0.458,-0.265,-0.147,0.668,-0.354,0.161,0.048,0.082,-0.435,0.5,-0.36,0.075,0.615,0.699,0.753,0.112,0.503,-0.044,0.555,0.341,0.619,0.162,0.809,-0.455,0.366,0.415,0.823,-0.001,-0.547,0.623,-0.319,0.443,-0.626,0.453,0.546,0.165,0.484,-0.323,0.622,0.632,-0.3,-0.571,0.612,0.49,0.227,0.685,0.527,-0.438,0.494,0.045,-0.198,0.712,0.44,0.752,0.06,0.377,-0.516,0.668,0.652,0.761,-0.781,-0.115,0.354,0.322,0.449,-0.036,-0.095,-0.158,-0.13,0.786,-0.172,0.656,0.609,-0.051,0.211,0.613,0.448,0.601,0.569,0.507,0.645,0.537,0.185,0.493,0.302,0.062,0.503,-0.376,0.791,-0.688,0.661,-0.16,0.378,0.771,-0.427,0.699,-0.323,0.352,0.026,-0.001,0.682,0.015,-0.161,0.222,-0.298,0.753,0.465,0.667,-0.395,0.345,-0.605,-0.748,-0.59,0.691,0.458,0.037,0.492,0.529,0.22,0.288,-0.552,-0.49,0.668,-0.071,0.235
AEIS,0.398,0.395,0.241,0.42,0.358,0.066,0.0,0.367,0.033,0.605,0.193,0.367,0.538,0.157,0.041,0.28,0.627,0.372,0.761,0.688,-0.087,-0.064,-0.254,0.569,0.389,0.024,0.232,0.323,0.546,0.521,0.173,0.145,0.388,0.061,-0.113,0.766,0.484,0.657,0.406,0.548,0.356,0.331,0.433,0.184,0.538,0.303,0.601,0.662,0.612,0.407,0.694,0.405,0.186,0.563,0.152,0.728,0.601,0.6,0.261,0.579,0.628,0.419,0.542,0.169,0.28,0.603,0.153,0.451,0.408,0.279,0.545,0.728,0.591,-0.165,0.398,0.44,0.584,0.702,0.264,0.047,0.6,0.473,0.422,0.623,0.301,0.041,0.178,0.517,0.541,0.139,0.215,0.646,0.635,0.216,0.305,0.628,0.605,0.242,0.486,0.634,0.476,0.077,0.377,0.258,0.533,0.445,0.684,0.013,0.53,0.194,0.774,0.094,0.579,0.079,0.533,0.543,0.289,0.373,0.374,0.676,0.158,0.525,0.108,0.272,0.812,0.686,0.305,0.386,0.359,0.628,0.584,0.31,0.453,0.509,0.077,0.13,0.052,0.112,0.349,0.675,0.767,0.657,-0.13,0.608,0.235,0.568,0.375,0.376,0.588,0.285,0.531,0.27,-0.058,0.009,0.619,0.511,0.124,0.582,0.381,0.389,0.677,0.532,0.647,0.096,0.403,0.511,0.516,0.696,-0.03,0.272,-0.046,0.019,0.532,0.638,-0.206,0.02,-0.115,-0.129,0.762,0.422,0.269,0.759,0.267,0.455,0.694,0.04,0.154,-0.054,0.022,-0.412,0.753,0.27,0.373,0.612,0.204,0.471,0.449,0.025,0.695,0.83
AGNCM,0.453,0.42,0.183,0.105,-0.362,-0.166,0.367,0.0,-0.162,0.55,-0.321,0.176,0.5,0.315,-0.005,0.494,0.064,-0.159,0.526,0.238,-0.33,-0.46,0.148,0.297,0.545,-0.07,-0.172,0.384,-0.021,0.174,-0.193,0.283,-0.072,-0.318,-0.077,0.287,0.222,0.456,-0.069,0.147,0.314,-0.068,-0.037,-0.293,0.197,0.286,0.33,0.482,-0.09,-0.071,0.514,0.307,0.624,0.415,-0.032,0.455,0.462,0.336,-0.239,0.539,0.463,-0.054,0.024,0.221,-0.078,-0.012,-0.453,0.377,0.066,0.193,0.107,0.206,0.525,-0.185,0.042,0.432,0.355,0.255,-0.078,0.171,0.368,0.394,0.407,0.436,-0.296,0.247,-0.074,-0.104,0.061,-0.355,-0.169,0.2,0.498,-0.151,-0.234,0.25,0.378,-0.256,0.653,0.062,0.054,-0.162,-0.172,0.304,-0.012,0.488,0.122,0.575,0.075,-0.496,0.256,-0.267,0.519,-0.265,0.055,0.492,0.589,-0.248,-0.131,0.239,-0.401,0.015,0.037,-0.112,0.373,0.637,-0.292,0.215,-0.074,0.356,0.255,0.431,0.056,-0.051,-0.218,0.214,0.051,-0.258,-0.032,0.142,0.474,0.529,-0.256,0.478,-0.306,0.36,-0.036,0.132,0.418,0.308,0.07,-0.419,-0.583,-0.325,0.137,-0.051,-0.107,0.368,-0.09,-0.29,0.245,-0.108,0.466,-0.113,0.5,0.016,0.468,0.293,-0.286,0.439,-0.407,0.154,0.144,0.436,-0.188,-0.38,-0.268,-0.383,0.409,0.367,-0.285,0.311,0.368,0.505,0.18,-0.045,0.432,0.002,-0.334,-0.475,0.271,-0.334,-0.081,0.122,-0.109,0.546,0.49,-0.336,0.347,0.317
AHCO,-0.407,0.221,0.189,-0.434,0.232,-0.313,0.033,-0.162,0.0,0.294,-0.219,0.07,0.15,0.71,0.5,0.335,-0.371,-0.388,-0.276,0.035,-0.435,0.026,0.33,-0.108,0.274,-0.718,0.038,-0.457,-0.282,-0.492,-0.582,0.648,-0.213,0.007,0.859,-0.04,0.336,0.046,0.385,-0.072,0.557,-0.232,-0.088,-0.15,-0.253,-0.215,0.471,-0.211,0.073,-0.519,-0.014,-0.236,0.118,0.128,0.86,-0.302,0.063,-0.467,-0.245,0.19,-0.21,-0.224,0.047,-0.667,-0.426,-0.008,0.182,0.017,-0.402,-0.271,-0.391,-0.128,-0.208,-0.114,-0.628,0.411,-0.062,-0.28,-0.363,0.754,-0.184,-0.552,-0.588,0.312,0.338,-0.46,-0.587,-0.164,-0.361,-0.103,0.731,0.072,-0.088,-0.599,0.395,-0.104,-0.459,-0.301,0.164,-0.391,-0.242,-0.435,0.398,0.756,-0.467,0.096,0.169,-0.007,-0.547,0.182,-0.109,-0.274,-0.038,-0.422,-0.436,0.078,0.168,-0.026,-0.138,0.127,-0.156,-0.266,0.558,-0.446,-0.101,-0.126,-0.073,-0.631,-0.431,-0.154,-0.124,0.383,-0.296,-0.507,-0.14,0.565,0.548,-0.214,0.332,-0.103,-0.129,-0.101,0.152,0.074,-0.319,0.428,-0.523,-0.707,0.089,-0.03,-0.268,-0.291,-0.031,-0.387,0.275,0.066,-0.613,-0.077,-0.514,-0.012,0.209,0.049,0.032,-0.537,0.256,-0.386,-0.095,-0.061,-0.424,0.225,-0.348,0.808,-0.484,-0.19,-0.117,-0.21,0.446,0.659,-0.192,0.689,-0.288,-0.364,-0.651,0.418,-0.208,0.398,0.357,0.833,-0.326,-0.305,0.048,0.153,-0.424,0.423,-0.271,0.298,0.093,-0.205,0.281,0.006
ALGT,0.449,0.697,0.281,0.085,-0.072,-0.19,0.605,0.55,0.294,0.0,-0.388,0.434,0.846,0.671,0.445,0.704,-0.011,-0.02,0.513,0.535,-0.624,-0.559,0.158,0.472,0.866,-0.433,-0.321,0.229,-0.012,0.124,-0.418,0.705,-0.111,-0.367,0.258,0.516,0.747,0.836,0.042,0.381,0.663,0.144,-0.056,-0.261,0.102,0.394,0.827,0.759,0.128,-0.048,0.791,0.091,0.663,0.821,0.372,0.548,0.883,0.499,-0.286,0.854,0.533,-0.045,0.386,-0.06,-0.163,0.05,-0.19,0.615,0.037,0.171,0.13,0.397,0.759,-0.066,-0.174,0.885,0.43,0.385,0.075,0.439,0.634,0.289,0.235,0.724,0.067,0.22,-0.325,0.04,0.173,-0.387,0.347,0.395,0.837,-0.258,-0.004,0.409,0.485,-0.212,0.807,0.073,0.153,-0.263,0.434,0.663,0.001,0.891,0.421,0.422,0.155,-0.305,0.397,-0.514,0.747,-0.424,0.05,0.872,0.792,0.031,0.177,0.674,-0.385,0.232,0.106,-0.381,0.627,0.76,-0.135,0.119,-0.144,0.707,0.503,0.849,0.051,-0.049,-0.358,0.526,0.469,-0.529,0.294,0.389,0.771,0.828,-0.368,0.782,-0.297,0.793,-0.228,-0.003,0.86,0.496,0.243,-0.351,-0.453,-0.658,0.437,0.227,-0.422,0.612,-0.208,0.072,0.334,0.223,0.795,-0.286,0.739,-0.047,0.777,0.532,-0.611,0.78,-0.643,0.477,0.254,0.692,-0.64,-0.463,-0.317,-0.343,0.665,0.722,-0.287,0.375,-0.024,0.83,0.18,0.157,0.663,0.288,-0.585,-0.746,0.54,-0.073,-0.18,0.61,-0.163,0.8,0.801,-0.557,0.719,0.608
ALLO,-0.135,-0.711,-0.255,0.565,0.518,0.744,0.193,-0.321,-0.219,-0.388,0.0,0.19,-0.486,-0.653,-0.177,-0.822,0.647,0.657,0.114,0.149,0.854,0.858,-0.834,0.175,-0.722,0.68,0.725,-0.196,0.793,0.609,0.78,-0.585,0.346,0.877,-0.291,0.323,-0.167,-0.279,0.216,0.477,-0.505,0.58,0.806,0.914,0.624,-0.265,-0.349,-0.192,0.768,0.69,-0.175,0.243,-0.835,-0.29,-0.133,-0.009,-0.356,0.158,0.421,-0.469,0.119,0.757,0.395,0.38,0.475,0.717,0.701,-0.182,0.648,-0.192,0.591,0.536,-0.39,0.069,0.556,-0.59,-0.208,0.013,0.587,-0.452,-0.011,-0.018,-0.01,-0.435,0.668,-0.529,0.302,0.71,0.726,0.956,0.067,0.565,-0.25,0.661,0.549,0.573,0.066,0.875,-0.589,0.552,0.499,0.838,0.025,-0.524,0.727,-0.583,0.559,-0.838,0.489,0.804,0.364,0.737,-0.367,0.794,0.727,-0.515,-0.744,0.624,0.435,0.142,0.838,0.472,-0.086,0.778,0.131,-0.325,0.876,0.339,0.859,-0.096,0.304,-0.69,0.701,0.746,0.846,-0.753,-0.358,0.756,0.263,0.504,-0.176,-0.284,0.027,-0.362,0.925,-0.211,0.847,0.532,-0.242,0.059,0.616,0.775,0.766,0.835,0.526,0.704,0.697,0.048,0.72,0.476,0.333,0.677,-0.447,0.776,-0.755,0.774,-0.38,0.318,0.893,-0.668,0.899,-0.444,0.233,-0.144,0.316,0.867,0.285,0.175,0.182,-0.272,0.896,0.493,0.493,-0.559,0.637,-0.423,-0.873,-0.431,0.857,0.641,0.157,0.731,0.704,0.261,0.545,-0.617,-0.601,0.908,0.041,0.315
AMSF,0.301,-0.048,-0.2,0.527,0.128,0.281,0.367,0.176,0.07,0.434,0.19,0.0,0.378,0.212,0.468,0.052,0.02,0.161,0.296,0.448,-0.086,0.04,-0.407,0.485,0.287,0.074,0.003,-0.04,0.298,0.452,0.081,0.377,-0.292,0.141,0.288,0.341,0.587,0.579,-0.092,0.493,0.033,0.587,0.261,0.377,0.396,0.213,0.434,0.489,0.432,0.348,0.498,0.18,-0.017,0.507,0.218,0.241,0.47,0.54,-0.304,0.313,0.409,0.237,0.591,0.308,-0.043,0.159,0.344,0.47,0.276,-0.265,0.244,0.5,0.365,0.045,0.153,0.384,0.11,0.042,0.441,0.167,0.597,0.061,0.019,0.224,0.513,0.086,-0.251,0.42,0.499,0.09,0.435,0.525,0.51,0.022,0.187,0.627,0.4,0.36,0.31,0.114,0.167,0.384,0.366,0.131,0.262,0.382,0.502,-0.109,0.251,0.11,0.227,-0.224,0.351,0.19,0.323,0.364,0.254,0.45,0.595,0.626,0.086,0.44,0.161,-0.07,0.261,0.138,0.461,0.483,0.275,0.537,0.652,0.311,0.345,0.318,0.196,-0.092,0.482,-0.168,0.582,0.451,0.508,0.48,-0.512,0.408,0.288,0.425,0.254,0.366,0.514,0.618,0.442,0.046,0.122,-0.128,0.542,0.584,-0.005,0.65,0.112,0.24,0.158,0.463,0.22,0.399,0.01,0.237,0.525,0.519,0.012,0.344,-0.023,0.245,0.325,0.523,-0.506,0.035,-0.259,-0.217,0.498,0.255,0.319,0.365,0.344,0.35,0.14,-0.332,0.004,-0.139,-0.038,-0.266,0.225,0.234,0.071,0.583,-0.053,0.268,0.252,-0.033,0.432,0.44
ANAB,0.445,0.746,0.271,0.028,-0.118,-0.381,0.538,0.5,0.15,0.846,-0.486,0.378,0.0,0.593,0.331,0.783,-0.016,-0.121,0.472,0.502,-0.652,-0.615,0.311,0.426,0.893,-0.417,-0.415,0.314,-0.117,0.056,-0.412,0.623,-0.097,-0.46,0.179,0.416,0.606,0.806,0.035,0.152,0.568,-0.031,-0.221,-0.425,-0.104,0.502,0.801,0.74,-0.028,-0.06,0.736,0.213,0.705,0.757,0.258,0.553,0.861,0.505,-0.254,0.852,0.427,-0.152,0.306,-0.013,-0.138,-0.066,-0.213,0.523,-0.11,0.3,0.003,0.246,0.807,-0.043,-0.084,0.847,0.629,0.427,-0.133,0.365,0.583,0.339,0.3,0.748,-0.113,0.446,-0.186,-0.018,0.004,-0.544,0.203,0.128,0.785,-0.299,-0.097,0.184,0.479,-0.354,0.851,0.09,0.037,-0.404,0.415,0.541,-0.066,0.869,0.208,0.548,0.126,-0.397,0.328,-0.537,0.747,-0.407,-0.078,0.847,0.812,-0.087,0.14,0.504,-0.468,0.154,0.236,-0.426,0.539,0.746,-0.298,0.189,-0.279,0.636,0.414,0.828,-0.124,-0.056,-0.485,0.605,0.467,-0.547,0.189,0.24,0.765,0.803,-0.18,0.808,-0.407,0.616,-0.283,0.034,0.708,0.305,0.058,-0.379,-0.516,-0.656,0.162,-0.001,-0.334,0.475,-0.192,0.009,0.321,0.05,0.817,-0.363,0.795,-0.138,0.769,0.392,-0.656,0.748,-0.662,0.373,0.382,0.671,-0.561,-0.586,-0.39,-0.331,0.556,0.488,-0.357,0.344,-0.075,0.745,0.055,0.196,0.729,0.213,-0.584,-0.737,0.473,-0.176,-0.253,0.423,-0.277,0.833,0.839,-0.606,0.535,0.452
ANDE,-0.076,0.61,0.234,-0.495,-0.207,-0.534,0.157,0.315,0.71,0.671,-0.653,0.212,0.593,0.0,0.517,0.771,-0.54,-0.645,-0.015,0.078,-0.809,-0.556,0.557,-0.016,0.782,-0.857,-0.476,-0.145,-0.528,-0.441,-0.817,0.917,-0.355,-0.468,0.746,0.035,0.443,0.427,0.045,-0.172,0.73,-0.356,-0.408,-0.534,-0.329,0.217,0.706,0.194,-0.27,-0.638,0.326,-0.081,0.611,0.413,0.735,-0.053,0.472,-0.16,-0.481,0.597,-0.034,-0.508,-0.076,-0.541,-0.645,-0.365,-0.261,0.227,-0.577,-0.176,-0.492,-0.223,0.29,-0.128,-0.629,0.771,0.27,-0.029,-0.476,0.883,0.08,-0.331,-0.37,0.634,-0.067,0.04,-0.675,-0.423,-0.442,-0.598,0.534,-0.074,0.301,-0.837,0.002,-0.071,-0.191,-0.646,0.701,-0.446,-0.437,-0.667,0.231,0.918,-0.625,0.576,0.008,0.506,-0.555,-0.419,-0.074,-0.761,0.344,-0.787,-0.58,0.516,0.708,-0.324,-0.258,0.194,-0.662,-0.392,0.409,-0.748,0.027,0.295,-0.452,-0.427,-0.681,0.131,-0.065,0.828,-0.483,-0.643,-0.477,0.82,0.659,-0.642,0.159,-0.194,0.261,0.31,-0.016,0.421,-0.698,0.557,-0.715,-0.623,0.413,0.198,-0.395,-0.705,-0.531,-0.788,0.131,-0.166,-0.717,0.165,-0.728,-0.291,0.141,-0.231,0.419,-0.713,0.715,-0.612,0.348,-0.063,-0.819,0.622,-0.789,0.889,-0.288,0.142,-0.359,-0.686,0.125,0.12,0.034,0.819,-0.586,-0.285,-0.511,0.728,-0.363,0.478,0.818,0.756,-0.741,-0.703,0.017,-0.187,-0.673,0.356,-0.553,0.728,0.557,-0.665,0.399,0.069
APLS,-0.074,0.102,-0.33,0.046,0.127,0.101,0.041,-0.005,0.5,0.445,-0.177,0.468,0.331,0.517,0.0,0.288,-0.424,-0.162,-0.204,0.119,-0.381,-0.084,0.023,0.226,0.368,-0.319,-0.235,-0.472,-0.237,-0.154,-0.299,0.714,-0.598,-0.096,0.61,0.182,0.55,0.321,-0.223,0.174,0.294,0.083,0.008,0.038,-0.208,0.09,0.513,0.149,0.136,-0.116,0.077,-0.152,0.144,0.408,0.432,-0.17,0.389,0.108,-0.577,0.164,0.15,-0.039,0.33,-0.167,-0.344,-0.175,0.167,0.236,-0.075,-0.298,-0.267,0.048,0.105,0.425,-0.432,0.5,-0.055,-0.337,0.006,0.521,0.181,-0.257,-0.298,0.215,0.308,-0.187,-0.675,0.066,0.002,-0.108,0.735,0.145,0.258,-0.378,0.298,0.228,-0.085,-0.051,0.219,-0.444,-0.042,-0.03,0.506,0.396,-0.2,0.356,0.127,0.102,-0.158,-0.026,-0.177,-0.353,-0.005,-0.259,-0.179,0.299,0.251,0.29,0.324,0.456,-0.135,0.033,-0.002,-0.437,-0.018,0.078,0.06,-0.193,-0.29,0.189,0.222,0.395,-0.061,-0.235,-0.029,0.241,0.824,-0.552,0.486,0.033,0.257,0.211,-0.083,0.389,-0.124,0.32,-0.405,-0.152,0.377,0.362,-0.014,-0.378,-0.038,-0.43,0.396,0.276,-0.41,0.309,-0.472,-0.061,-0.112,0.101,0.152,-0.101,0.129,-0.204,0.224,0.153,-0.278,0.381,-0.273,0.596,-0.057,0.24,-0.497,-0.158,-0.091,0.089,-0.03,0.364,-0.114,-0.016,-0.116,0.462,-0.297,-0.237,0.245,0.273,-0.253,-0.415,0.105,0.084,-0.266,0.496,-0.463,0.239,0.223,-0.283,0.076,0.048
APPF,0.322,0.86,0.379,-0.331,-0.298,-0.69,0.28,0.494,0.335,0.704,-0.822,0.052,0.783,0.771,0.288,0.0,-0.311,-0.497,0.248,0.189,-0.896,-0.795,0.687,0.097,0.911,-0.685,-0.579,0.264,-0.495,-0.382,-0.701,0.71,-0.186,-0.737,0.344,0.079,0.405,0.585,0.069,-0.197,0.735,-0.403,-0.544,-0.769,-0.365,0.362,0.697,0.469,-0.389,-0.517,0.496,-0.04,0.886,0.582,0.301,0.331,0.64,0.097,-0.328,0.75,0.184,-0.507,-0.091,-0.291,-0.352,-0.372,-0.506,0.376,-0.419,0.284,-0.353,-0.151,0.64,-0.115,-0.364,0.822,0.519,0.27,-0.512,0.539,0.264,0.166,0.123,0.705,-0.413,0.413,-0.272,-0.419,-0.442,-0.838,0.132,-0.184,0.529,-0.588,-0.269,-0.216,0.161,-0.734,0.81,-0.245,-0.222,-0.769,0.266,0.709,-0.478,0.763,-0.177,0.797,-0.261,-0.642,0.032,-0.654,0.602,-0.742,-0.478,0.732,0.871,-0.38,-0.215,0.223,-0.748,-0.222,0.25,-0.647,0.261,0.629,-0.676,-0.184,-0.676,0.352,-0.029,0.827,-0.474,-0.499,-0.746,0.846,0.441,-0.698,-0.032,-0.141,0.529,0.57,-0.095,0.652,-0.783,0.545,-0.669,-0.378,0.523,0.082,-0.35,-0.662,-0.773,-0.79,-0.126,-0.364,-0.654,0.241,-0.533,-0.282,0.072,-0.357,0.726,-0.739,0.917,-0.499,0.588,0.033,-0.879,0.763,-0.893,0.527,-0.017,0.421,-0.396,-0.797,-0.28,-0.104,0.178,0.547,-0.723,-0.09,-0.386,0.808,-0.265,0.453,0.916,0.509,-0.829,-0.827,0.256,-0.501,-0.544,0.128,-0.472,0.889,0.776,-0.844,0.353,0.125
ASML,0.302,-0.068,0.232,0.605,0.34,0.361,0.627,0.064,-0.371,-0.011,0.647,0.02,-0.016,-0.54,-0.424,-0.311,0.0,0.695,0.681,0.483,0.496,0.361,-0.503,0.347,-0.274,0.572,0.592,0.405,0.813,0.621,0.67,-0.543,0.683,0.435,-0.594,0.541,0.007,0.108,0.414,0.473,-0.103,0.412,0.65,0.464,0.689,-0.054,-0.014,0.294,0.674,0.675,0.273,0.444,-0.283,0.073,-0.327,0.6,0.065,0.41,0.612,0.032,0.527,0.713,0.383,0.446,0.7,0.809,0.322,0.149,0.694,0.409,0.795,0.671,0.157,-0.13,0.697,-0.236,0.31,0.594,0.42,-0.551,0.287,0.558,0.539,0.085,0.305,-0.09,0.666,0.631,0.686,0.568,-0.253,0.564,0.181,0.727,0.255,0.488,0.517,0.576,-0.136,0.825,0.7,0.48,0.088,-0.354,0.834,-0.134,0.57,-0.375,0.741,0.48,0.752,0.644,0.179,0.602,0.778,-0.007,-0.266,0.415,0.346,0.314,0.543,0.564,-0.048,0.82,0.664,0.333,0.529,0.508,0.749,0.257,0.41,-0.351,0.668,0.784,0.414,-0.399,-0.528,0.671,0.118,0.625,0.309,0.205,-0.046,0.074,0.613,0.079,0.774,0.632,0.096,-0.011,0.638,0.707,0.312,0.625,0.379,0.465,0.612,0.221,0.818,0.473,0.585,0.57,0.193,0.486,-0.162,0.833,0.036,0.511,0.537,-0.285,0.515,-0.585,0.475,0.282,0.29,0.53,-0.036,-0.043,0.493,-0.139,0.548,0.769,0.454,-0.164,0.887,-0.197,-0.443,-0.416,0.536,0.222,0.62,0.406,0.797,0.299,0.642,-0.124,-0.072,0.555,0.346,0.609
ATRC,0.328,-0.26,-0.072,0.686,0.498,0.638,0.372,-0.159,-0.388,-0.02,0.657,0.161,-0.121,-0.645,-0.162,-0.497,0.695,0.0,0.353,0.429,0.553,0.431,-0.717,0.504,-0.36,0.637,0.534,0.221,0.784,0.717,0.713,-0.513,0.382,0.437,-0.555,0.459,0.198,0.147,0.179,0.677,-0.35,0.705,0.636,0.636,0.569,-0.103,-0.115,0.343,0.677,0.815,0.223,0.064,-0.416,0.188,-0.391,0.432,0.148,0.565,0.449,-0.074,0.473,0.728,0.613,0.518,0.666,0.663,0.404,0.226,0.799,0.232,0.76,0.754,0.144,0.156,0.546,-0.241,-0.005,0.298,0.773,-0.659,0.455,0.517,0.52,-0.167,0.463,-0.092,0.485,0.774,0.779,0.634,-0.109,0.581,0.281,0.864,0.177,0.529,0.581,0.797,-0.32,0.676,0.736,0.698,0.274,-0.533,0.867,-0.037,0.584,-0.562,0.835,0.584,0.489,0.612,0.132,0.739,0.832,0.039,-0.382,0.657,0.614,0.416,0.721,0.824,-0.342,0.646,0.512,0.131,0.674,0.598,0.849,0.43,0.617,-0.35,0.751,0.844,0.442,-0.607,-0.353,0.48,0.279,0.696,0.269,0.242,-0.271,0.12,0.78,0.066,0.764,0.708,0.209,0.179,0.827,0.718,0.554,0.451,0.393,0.605,0.514,0.276,0.773,0.631,0.202,0.713,0.084,0.698,-0.384,0.814,0.125,0.664,0.573,-0.186,0.55,-0.607,0.53,0.355,-0.133,0.565,-0.285,-0.224,0.559,-0.303,0.629,0.687,0.486,-0.23,0.679,-0.507,-0.582,-0.651,0.552,0.315,0.486,0.423,0.783,0.318,0.597,-0.322,-0.133,0.523,0.205,0.503
AVGO,0.677,0.464,0.49,0.546,-0.097,0.014,0.761,0.526,-0.276,0.513,0.114,0.296,0.472,-0.015,-0.204,0.248,0.681,0.353,0.0,0.718,-0.094,-0.247,-0.186,0.467,0.372,0.223,0.203,0.727,0.52,0.439,0.207,-0.016,0.431,-0.077,-0.359,0.522,0.442,0.584,0.211,0.525,0.323,0.37,0.306,0.05,0.617,0.127,0.42,0.742,0.399,0.417,0.747,0.39,0.352,0.568,-0.16,0.877,0.572,0.574,0.256,0.597,0.77,0.428,0.385,0.388,0.459,0.518,-0.054,0.652,0.525,0.454,0.727,0.648,0.637,-0.246,0.411,0.345,0.43,0.683,0.328,-0.186,0.612,0.714,0.671,0.496,0.071,0.273,0.472,0.317,0.549,0.009,-0.258,0.582,0.666,0.353,-0.061,0.521,0.79,0.183,0.48,0.549,0.604,0.171,0.123,0.08,0.571,0.457,0.494,0.177,0.607,-0.045,0.805,0.09,0.716,0.214,0.555,0.554,0.442,0.15,0.293,0.56,-0.012,0.451,0.025,0.447,0.883,0.769,0.199,0.523,0.409,0.647,0.575,0.259,0.515,0.472,-0.079,0.034,-0.229,0.235,0.204,0.623,0.715,0.703,-0.41,0.468,0.135,0.548,0.403,0.486,0.609,0.392,0.554,0.243,-0.24,0.064,0.356,0.324,0.146,0.626,0.48,0.284,0.512,0.385,0.678,0.186,0.401,0.54,0.559,0.628,-0.031,0.371,-0.133,-0.209,0.36,0.683,-0.08,-0.025,-0.379,-0.348,0.713,0.269,0.062,0.665,0.401,0.451,0.693,-0.073,0.172,-0.203,-0.07,-0.373,0.757,-0.05,0.522,0.468,0.466,0.444,0.522,-0.052,0.685,0.775
AVT,0.547,0.39,0.38,0.524,0.19,0.089,0.688,0.238,0.035,0.535,0.149,0.448,0.502,0.078,0.119,0.189,0.483,0.429,0.718,0.0,-0.16,-0.053,-0.262,0.658,0.36,0.119,0.3,0.465,0.53,0.34,0.144,0.185,0.197,0.031,0.019,0.515,0.732,0.664,0.34,0.701,0.296,0.54,0.245,0.198,0.474,-0.036,0.581,0.734,0.561,0.472,0.773,0.165,0.224,0.723,0.135,0.765,0.666,0.534,0.168,0.597,0.665,0.53,0.718,0.194,0.499,0.547,0.276,0.774,0.477,0.262,0.682,0.758,0.567,-0.15,0.179,0.468,0.217,0.41,0.461,-0.026,0.696,0.545,0.5,0.493,0.412,0.122,0.262,0.492,0.533,0.092,0.123,0.588,0.717,0.303,0.161,0.517,0.739,0.338,0.39,0.365,0.651,0.179,0.488,0.166,0.543,0.521,0.577,-0.01,0.588,0.269,0.655,0.09,0.707,0.345,0.496,0.598,0.329,0.338,0.596,0.705,0.164,0.625,0.19,0.253,0.807,0.582,0.342,0.401,0.355,0.745,0.705,0.321,0.519,0.485,-0.105,0.089,0.135,0.208,0.639,0.754,0.692,0.705,-0.392,0.576,0.232,0.68,0.286,0.373,0.717,0.497,0.656,0.327,0.056,-0.063,0.468,0.527,-0.093,0.685,0.456,0.562,0.433,0.601,0.669,0.197,0.314,0.508,0.6,0.756,-0.066,0.485,-0.153,0.035,0.324,0.728,-0.384,0.058,-0.403,-0.075,0.668,0.312,0.071,0.556,0.166,0.558,0.518,-0.133,0.147,-0.109,-0.049,-0.426,0.781,0.059,0.482,0.705,0.435,0.374,0.514,-0.088,0.706,0.778
AXDX,-0.252,-0.823,-0.408,0.388,0.368,0.704,-0.087,-0.33,-0.435,-0.624,0.854,-0.086,-0.652,-0.809,-0.381,-0.896,0.496,0.553,-0.094,-0.16,0.0,0.796,-0.709,-0.07,-0.861,0.759,0.569,-0.197,0.584,0.545,0.8,-0.769,0.327,0.789,-0.509,0.124,-0.503,-0.522,-0.029,0.189,-0.75,0.323,0.628,0.748,0.439,-0.205,-0.685,-0.397,0.461,0.598,-0.426,0.198,-0.847,-0.578,-0.366,-0.2,-0.57,0.059,0.436,-0.643,-0.084,0.584,0.08,0.378,0.41,0.501,0.427,-0.444,0.476,-0.145,0.399,0.236,-0.523,0.059,0.546,-0.828,-0.264,-0.09,0.437,-0.573,-0.239,-0.035,0.011,-0.596,0.297,-0.389,0.347,0.501,0.499,0.86,-0.204,0.254,-0.461,0.636,0.302,0.305,-0.084,0.726,-0.722,0.48,0.258,0.74,-0.336,-0.734,0.594,-0.733,0.252,-0.738,0.335,0.618,0.152,0.726,-0.568,0.718,0.573,-0.689,-0.859,0.346,0.146,-0.203,0.785,0.28,-0.297,0.734,-0.151,-0.437,0.629,0.292,0.752,-0.343,0.057,-0.855,0.545,0.625,0.817,-0.862,-0.541,0.702,-0.078,0.203,-0.416,-0.492,0.167,-0.532,0.809,-0.563,0.788,0.502,-0.519,-0.168,0.391,0.637,0.671,0.873,0.206,0.357,0.815,-0.239,0.643,0.232,0.109,0.324,-0.657,0.727,-0.836,0.604,-0.545,0.062,0.939,-0.834,0.945,-0.611,0.212,-0.367,0.472,0.818,0.314,0.028,-0.038,-0.549,0.805,0.32,0.541,-0.816,0.437,-0.433,-0.929,-0.575,0.889,0.831,-0.153,0.521,0.585,-0.166,0.447,-0.813,-0.755,0.922,-0.291,-0.003
AXSM,-0.327,-0.817,-0.373,0.307,0.588,0.637,-0.064,-0.46,0.026,-0.559,0.858,0.04,-0.615,-0.556,-0.084,-0.795,0.361,0.431,-0.247,-0.053,0.796,0.0,-0.68,0.018,-0.806,0.533,0.718,-0.458,0.588,0.306,0.63,-0.488,0.168,0.862,-0.003,0.101,-0.281,-0.437,0.295,0.283,-0.548,0.394,0.667,0.846,0.321,-0.398,-0.427,-0.463,0.649,0.458,-0.403,0.031,-0.866,-0.425,0.045,-0.322,-0.539,-0.123,0.335,-0.634,-0.202,0.612,0.314,0.152,0.353,0.563,0.758,-0.343,0.425,-0.382,0.262,0.308,-0.626,0.117,0.342,-0.651,-0.352,-0.316,0.342,-0.268,-0.217,-0.278,-0.251,-0.575,0.642,-0.694,0.114,0.588,0.432,0.865,0.226,0.359,-0.483,0.451,0.662,0.331,-0.24,0.748,-0.714,0.287,0.306,0.632,0.082,-0.439,0.447,-0.744,0.33,-0.825,0.191,0.84,0.033,0.754,-0.58,0.696,0.434,-0.696,-0.864,0.487,0.347,-0.035,0.83,0.313,0.042,0.556,-0.197,-0.589,0.701,0.076,0.621,-0.344,0.064,-0.756,0.471,0.512,0.799,-0.646,-0.195,0.668,0.304,0.311,-0.429,-0.52,0.211,-0.438,0.789,-0.316,0.592,0.241,-0.449,-0.156,0.383,0.606,0.804,0.783,0.415,0.568,0.465,-0.161,0.537,0.368,0.18,0.498,-0.646,0.596,-0.838,0.569,-0.577,0.123,0.854,-0.727,0.859,-0.24,0.031,-0.367,0.314,0.842,0.413,0.495,-0.128,-0.283,0.769,0.186,0.281,-0.591,0.331,-0.35,-0.856,-0.227,0.843,0.671,-0.047,0.64,0.471,0.091,0.357,-0.667,-0.791,0.853,-0.195,0.06
AZN,-0.159,0.621,0.401,-0.693,-0.486,-0.816,-0.254,0.148,0.33,0.158,-0.834,-0.407,0.311,0.557,0.023,0.687,-0.503,-0.717,-0.186,-0.262,-0.709,-0.68,0.0,-0.398,0.513,-0.728,-0.549,0.08,-0.782,-0.738,-0.787,0.404,-0.122,-0.661,0.29,-0.427,-0.065,-0.041,0.01,-0.673,0.558,-0.772,-0.788,-0.929,-0.667,0.146,0.226,-0.12,-0.776,-0.78,-0.053,-0.104,0.661,-0.019,0.193,-0.136,0.039,-0.473,-0.274,0.276,-0.262,-0.746,-0.609,-0.544,-0.423,-0.574,-0.614,-0.096,-0.73,0.288,-0.613,-0.672,0.082,-0.149,-0.537,0.393,0.146,0.018,-0.749,0.404,-0.354,-0.156,-0.155,0.361,-0.645,0.347,-0.221,-0.807,-0.862,-0.781,-0.104,-0.666,-0.075,-0.654,-0.428,-0.752,-0.338,-0.927,0.37,-0.493,-0.536,-0.88,-0.121,0.517,-0.779,0.285,-0.58,0.695,-0.621,-0.637,-0.309,-0.561,0.138,-0.754,-0.804,0.234,0.529,-0.697,-0.65,-0.349,-0.786,-0.676,0.325,-0.63,-0.216,0.159,-0.847,-0.591,-0.861,-0.223,-0.545,0.507,-0.769,-0.828,-0.74,0.794,0.183,-0.535,-0.45,-0.653,-0.122,-0.025,0.246,0.045,-0.927,0.049,-0.812,-0.698,-0.07,-0.347,-0.77,-0.608,-0.662,-0.605,-0.59,-0.801,-0.562,-0.36,-0.699,-0.476,-0.111,-0.704,0.238,-0.854,0.667,-0.802,0.032,-0.538,-0.786,0.391,-0.723,0.37,-0.412,-0.194,0.027,-0.729,0.057,0.138,-0.415,0.232,-0.885,-0.561,-0.697,0.338,-0.526,0.637,0.755,0.642,-0.745,-0.394,-0.198,-0.57,-0.695,-0.329,-0.408,0.439,0.399,-0.702,-0.126,-0.448
BANR,0.532,0.17,0.019,0.532,0.275,0.224,0.569,0.297,-0.108,0.472,0.175,0.485,0.426,-0.016,0.226,0.097,0.347,0.504,0.467,0.658,-0.07,0.018,-0.398,0.0,0.255,0.189,0.185,0.211,0.47,0.486,0.282,0.125,0.056,0.042,-0.053,0.492,0.622,0.671,0.163,0.67,0.067,0.622,0.373,0.298,0.364,0.113,0.497,0.696,0.521,0.503,0.628,-0.002,0.124,0.672,0.001,0.585,0.617,0.651,0.078,0.398,0.534,0.456,0.769,0.331,0.362,0.398,0.349,0.591,0.472,0.121,0.477,0.712,0.586,0.031,0.289,0.389,0.241,0.28,0.558,-0.124,0.767,0.489,0.458,0.313,0.459,0.132,0.096,0.606,0.62,0.112,0.223,0.547,0.69,0.357,0.21,0.565,0.683,0.439,0.311,0.374,0.53,0.277,0.541,0.008,0.51,0.473,0.547,-0.018,0.615,0.234,0.354,0.103,0.533,0.295,0.489,0.533,0.193,0.455,0.705,0.702,0.273,0.704,-0.052,0.131,0.587,0.416,0.373,0.53,0.365,0.73,0.719,0.235,0.435,0.551,0.009,-0.066,0.215,-0.002,0.534,0.678,0.677,0.661,-0.375,0.64,0.314,0.467,0.313,0.487,0.638,0.423,0.651,0.229,0.26,-0.101,0.463,0.574,-0.003,0.651,0.406,0.464,0.22,0.648,0.514,0.355,0.138,0.511,0.599,0.729,0.033,0.377,-0.022,-0.054,0.519,0.739,-0.543,0.084,-0.475,-0.231,0.665,0.148,0.233,0.608,0.325,0.383,0.367,-0.363,0.03,-0.308,0.058,-0.306,0.57,0.23,0.369,0.522,0.161,0.309,0.372,-0.047,0.444,0.613
BBIO,0.408,0.847,0.348,-0.181,-0.296,-0.539,0.389,0.545,0.274,0.866,-0.722,0.287,0.893,0.782,0.368,0.911,-0.274,-0.36,0.372,0.36,-0.861,-0.806,0.513,0.255,0.0,-0.621,-0.569,0.295,-0.364,-0.183,-0.662,0.777,-0.229,-0.657,0.332,0.233,0.598,0.756,-0.026,0.012,0.723,-0.174,-0.427,-0.624,-0.211,0.456,0.791,0.658,-0.267,-0.339,0.687,0.063,0.861,0.731,0.329,0.436,0.803,0.302,-0.387,0.861,0.332,-0.397,0.09,-0.181,-0.331,-0.302,-0.423,0.531,-0.287,0.206,-0.17,0.039,0.762,-0.083,-0.315,0.927,0.477,0.328,-0.257,0.535,0.469,0.219,0.17,0.762,-0.252,0.46,-0.324,-0.294,-0.221,-0.749,0.198,-0.016,0.722,-0.51,-0.235,0.028,0.337,-0.58,0.913,-0.17,-0.134,-0.582,0.313,0.721,-0.342,0.906,0.034,0.708,-0.108,-0.599,0.158,-0.73,0.746,-0.652,-0.312,0.864,0.946,-0.256,-0.051,0.423,-0.705,-0.072,0.226,-0.614,0.415,0.704,-0.495,-0.026,-0.515,0.564,0.215,0.943,-0.316,-0.357,-0.677,0.759,0.513,-0.697,0.097,0.05,0.677,0.744,-0.274,0.735,-0.651,0.672,-0.527,-0.217,0.723,0.326,-0.142,-0.585,-0.704,-0.823,0.045,-0.169,-0.583,0.462,-0.456,-0.16,0.151,-0.148,0.814,-0.561,0.915,-0.39,0.756,0.202,-0.856,0.864,-0.876,0.545,0.11,0.584,-0.564,-0.766,-0.355,-0.306,0.407,0.616,-0.605,0.066,-0.242,0.865,-0.149,0.342,0.902,0.403,-0.82,-0.872,0.331,-0.38,-0.459,0.333,-0.398,0.91,0.888,-0.825,0.519,0.314
BCYC,0.267,-0.583,-0.358,0.691,0.23,0.678,0.024,-0.07,-0.718,-0.433,0.68,0.074,-0.417,-0.857,-0.319,-0.685,0.572,0.637,0.223,0.119,0.759,0.533,-0.728,0.189,-0.621,0.0,0.429,0.213,0.655,0.594,0.912,-0.713,0.205,0.447,-0.673,0.205,-0.239,-0.181,-0.183,0.383,-0.729,0.494,0.567,0.647,0.509,-0.138,-0.541,0.041,0.45,0.797,-0.123,0.229,-0.509,-0.177,-0.655,0.191,-0.239,0.41,0.349,-0.428,0.257,0.678,0.293,0.755,0.676,0.439,0.331,0.006,0.718,0.111,0.606,0.422,-0.103,0.155,0.664,-0.636,-0.175,0.003,0.578,-0.731,0.176,0.448,0.484,-0.495,0.148,-0.052,0.58,0.552,0.653,0.606,-0.41,0.308,-0.064,0.789,0.076,0.376,0.386,0.756,-0.482,0.44,0.549,0.79,-0.207,-0.852,0.765,-0.402,0.142,-0.406,0.639,0.378,0.219,0.712,-0.199,0.824,0.716,-0.346,-0.547,0.408,0.459,0.04,0.685,0.529,-0.497,0.755,0.118,-0.076,0.541,0.626,0.769,0.067,0.307,-0.709,0.709,0.764,0.543,-0.876,-0.448,0.57,0.136,0.397,-0.013,-0.076,-0.135,-0.19,0.747,-0.353,0.778,0.824,-0.179,0.077,0.572,0.596,0.429,0.746,0.131,0.383,0.703,0.145,0.765,0.257,-0.055,0.302,-0.288,0.846,-0.665,0.765,-0.116,0.303,0.84,-0.461,0.735,-0.74,0.425,0.107,0.211,0.694,-0.249,-0.272,0.151,-0.651,0.647,0.457,0.787,-0.513,0.438,-0.654,-0.767,-0.838,0.744,0.518,0.122,0.15,0.732,-0.113,0.502,-0.574,-0.425,0.65,-0.237,0.171
BHFAP,-0.038,-0.398,0.167,0.411,0.413,0.365,0.232,-0.172,0.038,-0.321,0.725,0.003,-0.415,-0.476,-0.235,-0.579,0.592,0.534,0.203,0.3,0.569,0.718,-0.549,0.185,-0.569,0.429,0.0,0.001,0.719,0.3,0.524,-0.477,0.479,0.68,-0.107,0.152,0.005,-0.214,0.537,0.51,-0.197,0.432,0.658,0.659,0.537,-0.548,-0.168,-0.16,0.695,0.405,-0.053,0.039,-0.54,-0.134,-0.001,0.124,-0.269,-0.059,0.446,-0.31,0.163,0.684,0.377,0.169,0.575,0.773,0.56,0.08,0.592,-0.04,0.604,0.527,-0.362,-0.062,0.346,-0.382,-0.247,-0.032,0.41,-0.334,0.022,0.103,0.094,-0.282,0.584,-0.554,0.386,0.57,0.483,0.733,0.014,0.533,-0.199,0.545,0.477,0.342,0.102,0.646,-0.434,0.392,0.591,0.516,0.129,-0.258,0.59,-0.497,0.448,-0.614,0.398,0.718,0.358,0.771,-0.131,0.706,0.554,-0.367,-0.558,0.426,0.333,0.185,0.69,0.397,0.192,0.738,0.263,-0.21,0.636,0.15,0.654,-0.046,0.26,-0.542,0.586,0.523,0.524,-0.476,-0.382,0.828,0.327,0.514,-0.169,-0.21,0.002,-0.265,0.66,0.021,0.593,0.225,-0.151,-0.042,0.54,0.678,0.555,0.628,0.421,0.551,0.326,0.039,0.641,0.498,0.346,0.6,-0.229,0.455,-0.513,0.663,-0.337,0.378,0.628,-0.412,0.602,-0.294,-0.035,-0.065,0.312,0.64,0.214,0.456,0.112,-0.055,0.519,0.319,0.205,-0.282,0.631,-0.26,-0.623,-0.16,0.617,0.388,0.368,0.432,0.728,0.288,0.692,-0.409,-0.445,0.673,0.176,0.355
BKR,0.701,0.542,0.569,0.305,-0.335,-0.232,0.323,0.384,-0.457,0.229,-0.196,-0.04,0.314,-0.145,-0.472,0.264,0.405,0.221,0.727,0.465,-0.197,-0.458,0.08,0.211,0.295,0.213,0.001,0.0,0.233,0.125,0.09,-0.179,0.391,-0.42,-0.511,0.071,0.212,0.377,0.047,0.22,0.149,0.145,-0.077,-0.272,0.297,0.022,0.125,0.6,-0.066,0.213,0.54,0.097,0.472,0.408,-0.416,0.763,0.403,0.37,0.337,0.464,0.483,0.114,0.064,0.406,0.441,0.142,-0.333,0.577,0.296,0.606,0.515,0.268,0.572,-0.277,0.276,0.188,0.283,0.538,0.143,-0.328,0.467,0.78,0.768,0.281,-0.33,0.561,0.695,-0.042,0.186,-0.303,-0.668,0.144,0.503,0.312,-0.516,0.0,0.72,-0.062,0.379,0.292,0.416,-0.044,-0.095,-0.112,0.333,0.416,0.01,0.38,0.453,-0.307,0.455,0.031,0.672,0.139,0.298,0.479,0.455,-0.142,0.079,0.195,-0.2,0.246,-0.092,0.27,0.612,0.604,-0.162,0.479,0.175,0.515,0.287,0.187,0.248,0.236,-0.432,0.051,-0.429,0.148,-0.023,0.297,0.472,0.562,-0.418,0.297,-0.116,0.307,0.162,0.346,0.409,0.164,0.289,0.147,-0.413,-0.068,-0.213,-0.125,0.003,0.345,0.353,0.12,0.063,0.0,0.595,0.016,0.405,0.253,0.496,0.33,-0.184,0.421,-0.294,-0.362,0.203,0.533,-0.036,-0.235,-0.601,-0.448,0.431,-0.05,-0.248,0.252,0.204,0.293,0.324,0.045,0.272,-0.294,-0.244,-0.293,0.473,-0.459,0.345,0.018,0.455,0.352,0.506,-0.255,0.365,0.413
BLDP,0.357,-0.299,0.056,0.706,0.469,0.593,0.546,-0.021,-0.282,-0.012,0.793,0.298,-0.117,-0.528,-0.237,-0.495,0.813,0.784,0.52,0.53,0.584,0.588,-0.782,0.47,-0.364,0.655,0.719,0.233,0.0,0.713,0.746,-0.474,0.535,0.587,-0.367,0.483,0.154,0.186,0.368,0.759,-0.275,0.723,0.769,0.771,0.762,-0.14,-0.033,0.312,0.846,0.777,0.313,0.233,-0.436,0.178,-0.187,0.452,0.088,0.486,0.527,-0.073,0.449,0.856,0.647,0.515,0.693,0.849,0.584,0.275,0.851,0.049,0.845,0.852,0.092,-0.027,0.694,-0.233,0.022,0.309,0.679,-0.489,0.45,0.437,0.423,-0.13,0.598,-0.277,0.515,0.781,0.849,0.71,-0.047,0.771,0.234,0.752,0.417,0.713,0.539,0.849,-0.205,0.719,0.786,0.712,0.227,-0.371,0.886,-0.158,0.663,-0.568,0.763,0.645,0.613,0.72,0.174,0.759,0.891,-0.054,-0.379,0.578,0.606,0.498,0.734,0.739,-0.077,0.749,0.557,0.13,0.746,0.593,0.905,0.386,0.58,-0.372,0.843,0.889,0.544,-0.587,-0.375,0.665,0.422,0.837,0.275,0.228,-0.226,0.063,0.822,0.2,0.857,0.653,0.222,0.207,0.882,0.755,0.508,0.615,0.624,0.798,0.487,0.423,0.885,0.592,0.466,0.78,0.057,0.7,-0.39,0.944,0.073,0.716,0.667,-0.239,0.597,-0.462,0.453,0.337,0.031,0.663,-0.122,-0.013,0.585,-0.049,0.724,0.726,0.558,-0.166,0.837,-0.341,-0.582,-0.472,0.615,0.263,0.558,0.499,0.802,0.427,0.692,-0.212,-0.215,0.627,0.401,0.706
BLFS,0.249,-0.316,-0.288,0.656,0.376,0.597,0.521,0.174,-0.492,0.124,0.609,0.452,0.056,-0.441,-0.154,-0.382,0.621,0.717,0.439,0.34,0.545,0.306,-0.738,0.486,-0.183,0.594,0.3,0.125,0.713,0.0,0.676,-0.364,0.248,0.443,-0.512,0.624,0.081,0.276,-0.02,0.552,-0.402,0.588,0.612,0.614,0.684,0.281,-0.045,0.39,0.621,0.784,0.31,0.422,-0.352,0.116,-0.306,0.385,0.209,0.734,0.291,0.051,0.491,0.584,0.505,0.561,0.377,0.533,0.278,0.099,0.631,0.073,0.616,0.698,0.256,0.048,0.677,-0.179,0.277,0.416,0.639,-0.443,0.478,0.406,0.407,0.017,0.341,0.047,0.242,0.734,0.79,0.543,-0.04,0.576,0.323,0.606,0.156,0.743,0.525,0.687,-0.028,0.738,0.403,0.686,-0.017,-0.429,0.77,0.033,0.627,-0.383,0.675,0.341,0.547,0.34,0.14,0.541,0.774,0.073,-0.226,0.508,0.461,0.375,0.549,0.666,-0.296,0.508,0.395,0.208,0.619,0.716,0.785,0.391,0.621,-0.199,0.678,0.81,0.581,-0.587,-0.221,0.321,0.155,0.586,0.378,0.299,-0.244,0.186,0.7,-0.01,0.854,0.794,0.207,0.332,0.69,0.475,0.373,0.406,0.5,0.581,0.695,0.373,0.656,0.363,0.371,0.545,0.043,0.722,-0.273,0.696,0.238,0.599,0.54,-0.212,0.524,-0.455,0.699,0.357,-0.093,0.451,-0.126,-0.453,0.667,-0.18,0.734,0.807,0.719,-0.206,0.669,-0.471,-0.488,-0.669,0.521,0.248,0.261,0.452,0.556,0.296,0.292,-0.167,-0.067,0.507,0.249,0.507
BLKB,0.156,-0.598,-0.365,0.657,0.462,0.675,0.173,-0.193,-0.582,-0.418,0.78,0.081,-0.412,-0.817,-0.299,-0.701,0.67,0.713,0.207,0.144,0.8,0.63,-0.787,0.282,-0.662,0.912,0.524,0.09,0.746,0.676,0.0,-0.715,0.325,0.551,-0.622,0.32,-0.231,-0.158,-0.044,0.414,-0.711,0.498,0.678,0.726,0.568,-0.123,-0.447,0.017,0.597,0.803,-0.135,0.229,-0.622,-0.189,-0.525,0.171,-0.229,0.419,0.478,-0.437,0.25,0.747,0.379,0.674,0.674,0.56,0.491,-0.067,0.714,0.104,0.605,0.498,-0.117,0.129,0.717,-0.631,-0.056,0.093,0.571,-0.694,0.192,0.377,0.4,-0.403,0.306,-0.156,0.554,0.69,0.709,0.715,-0.233,0.376,-0.088,0.797,0.262,0.431,0.336,0.822,-0.498,0.575,0.556,0.764,-0.083,-0.802,0.829,-0.442,0.276,-0.535,0.653,0.541,0.291,0.77,-0.238,0.813,0.755,-0.371,-0.644,0.528,0.514,0.084,0.823,0.59,-0.452,0.788,0.148,-0.095,0.636,0.599,0.802,0.057,0.336,-0.719,0.727,0.846,0.619,-0.846,-0.416,0.633,0.2,0.46,0.005,-0.1,-0.001,-0.151,0.823,-0.325,0.834,0.794,-0.188,0.001,0.608,0.696,0.579,0.773,0.241,0.494,0.742,0.121,0.816,0.391,0.078,0.436,-0.286,0.814,-0.675,0.827,-0.164,0.363,0.868,-0.545,0.813,-0.708,0.509,0.09,0.237,0.766,-0.113,-0.136,0.21,-0.561,0.768,0.527,0.693,-0.545,0.541,-0.574,-0.808,-0.782,0.822,0.565,0.172,0.354,0.772,-0.01,0.481,-0.57,-0.465,0.76,-0.157,0.237
