,ABAT,ACLS,ACMR,ADMA,ADUS,ADVM,AEIS,AGNCM,AHCO,ALGT,ALLO,AMSF,ANAB,ANDE,APLS,APPF,ASML,ATRC,AVGO,AVT,AXDX,AXSM,AZN,BANR,BBIO,BCYC,BHFAP,BKR,BLDP,BLFS,BLKB,BLMN,BNTX,BPMC,CALM,CAMT,CASH,CATY,CCEP,CDLX,CDNS,CENN,CENX,CGC,CHDN,CLBK,COKE,COLB,COO,CORT,CRMT,CRNX,CRTO,CRVL,CSCO,CSQ,CSWI,CVBF,CWST,CYCC,CZR,DLTR,DORM,ENTA,EQIX,ERIC,EVRG,EWBC,EXAS,EXLS,EXPI,EYE,FBNC,FBRX,FCNCA,FELE,FIBK,FLEX,FRGT,FRHC,FRME,FWONA,FWONK,GDEN,GIII,GILD,GLNG,GNTX,GOOGL,GRPN,HCSG,HIMX,HOPE,HST,HTLD,HUT,HWC,ICUI,IESC,INTC,INTU,IOVA,IPAR,IPGP,ISRG,JBSS,KALU,KPRX,KRNT,LAUR,LBRDA,LBTYK,LECO,LILAK,LITE,MANH,MDXG,MFIC,MGEE,MIDD,MLAB,MMSI,MNKD,MOMO,MRVL,NICE,NMFC,NUWE,NVCR,NWBI,OFIX,OFLX,OMCL,OPK,ORKA,ORLY,OTTR,PDD,PNTG,POOL,POWL,PPBI,PPC,PRAA,PRPL,PZZA,QTRX,QURE,RDFN,RDHL,REAL,REG,REYN,RGLD,RIOT,RUN,RYTM,SAIA,SBAC,SBRA,SCVL,SHOO,SLAB,SLDB,SMCI,SMTC,SRCE,SSP,SSRM,STBA,STRO,SVC,SYBT,TCBI,TCOM,TENX,TH,TMUS,TNDM,TTD,TTMI,UAL,ULH,ULTA,VCYT,VIRT,VKTX,VOD,VRDN,VREX,VRNT,VSAT,WB,WBD,WDC,WEN,WSFS,XXII,Z,ZBRA
ABAT,0.0,0.872,0.726,-0.436,-0.136,-0.075,0.854,0.646,-0.086,0.837,0.348,0.627,0.848,0.224,-0.293,-0.434,-0.392,0.22,0.499,0.81,-0.132,0.562,0.77,0.115,-0.327,0.909,0.26,0.378,0.519,0.618,-0.031,0.235,0.245,-0.678,0.009,0.622,0.04,-0.039,-0.591,-0.385,0.388,0.784,0.147,0.577,-0.142,-0.502,-0.565,-0.127,0.155,0.579,0.779,-0.472,0.642,0.742,0.741,0.585,0.056,-0.228,0.347,0.21,0.439,-0.168,0.742,0.825,-0.049,0.439,-0.094,-0.664,0.537,0.814,0.197,-0.693,-0.474,0.917,-0.293,0.363,-0.114,0.112,0.896,0.037,-0.054,0.866,0.848,0.147,-0.61,-0.21,0.854,0.765,0.848,-0.29,0.635,0.684,0.001,0.069,0.839,-0.864,-0.048,0.753,0.63,-0.132,0.849,-0.572,-0.39,0.65,0.168,0.407,0.908,-0.19,0.032,0.682,0.887,0.824,0.391,0.932,0.258,0.141,-0.109,0.297,-0.235,0.82,0.78,-0.622,0.429,-0.065,0.688,0.176,0.691,0.633,0.767,-0.566,0.535,0.796,0.888,0.375,0.769,-0.204,-0.251,-0.21,-0.302,0.692,0.364,0.518,-0.593,0.786,0.928,0.161,-0.598,0.477,0.306,0.221,0.417,-0.231,-0.031,0.585,-0.661,0.715,-0.264,0.659,-0.589,0.662,0.589,-0.27,0.848,-0.331,0.817,0.865,-0.786,-0.228,0.417,0.167,0.935,-0.318,-0.143,0.487,-0.513,0.79,0.5,-0.441,0.397,0.599,-0.165,0.642,0.845,-0.202,-0.245,0.101,0.641,0.179,-0.506,0.271,0.468,0.455,0.263,0.134,0.75,-0.408,-0.069,0.779,0.873,0.444
ACLS,0.872,0.0,0.895,-0.513,-0.192,0.186,0.902,0.677,-0.117,0.849,0.192,0.548,0.898,0.106,-0.303,-0.472,-0.408,0.192,0.451,0.832,0.042,0.686,0.795,0.005,-0.412,0.901,0.323,0.304,0.559,0.563,-0.112,0.165,0.396,-0.74,-0.065,0.6,-0.023,-0.156,-0.598,-0.389,0.267,0.783,-0.092,0.559,-0.21,-0.587,-0.524,-0.238,0.012,0.579,0.688,-0.539,0.663,0.644,0.667,0.503,0.105,-0.271,0.228,0.086,0.366,-0.367,0.894,0.678,-0.131,0.448,-0.136,-0.73,0.541,0.793,0.396,-0.745,-0.564,0.894,-0.363,0.279,-0.171,0.101,0.917,-0.058,-0.184,0.816,0.794,0.105,-0.684,-0.324,0.89,0.834,0.781,-0.495,0.564,0.646,-0.126,0.026,0.919,-0.772,-0.164,0.786,0.622,-0.306,0.768,-0.537,-0.404,0.737,0.158,0.389,0.922,-0.211,-0.006,0.704,0.836,0.689,0.265,0.899,0.077,0.086,-0.155,0.171,-0.353,0.816,0.898,-0.743,0.33,0.037,0.679,0.143,0.568,0.711,0.704,-0.556,0.42,0.74,0.893,0.449,0.898,-0.339,-0.382,0.131,-0.343,0.662,0.35,0.418,-0.756,0.785,0.913,0.026,-0.535,0.506,0.383,0.245,0.335,-0.358,-0.218,0.481,-0.584,0.678,-0.294,0.693,-0.628,0.743,0.556,-0.337,0.938,-0.438,0.874,0.922,-0.853,-0.306,0.433,0.082,0.914,-0.365,-0.24,0.441,-0.291,0.932,0.622,-0.481,0.446,0.567,-0.266,0.632,0.749,-0.141,-0.292,0.046,0.63,0.087,-0.573,0.122,0.447,0.346,0.408,0.029,0.679,-0.409,-0.149,0.889,0.919,0.309
ACMR,0.726,0.895,0.0,-0.494,-0.172,0.299,0.768,0.739,-0.127,0.736,0.183,0.634,0.821,-0.034,-0.332,-0.456,-0.353,0.213,0.463,0.662,0.062,0.605,0.677,-0.091,-0.335,0.744,0.301,0.151,0.528,0.498,-0.041,0.102,0.398,-0.755,-0.119,0.497,-0.127,-0.183,-0.446,-0.273,0.232,0.712,-0.252,0.437,-0.086,-0.556,-0.381,-0.239,0.142,0.455,0.575,-0.439,0.532,0.602,0.624,0.493,-0.107,-0.233,0.252,0.132,0.346,-0.268,0.844,0.583,-0.203,0.357,-0.139,-0.605,0.558,0.651,0.285,-0.545,-0.536,0.729,-0.406,0.177,-0.185,-0.108,0.835,-0.255,-0.166,0.753,0.748,0.184,-0.516,-0.283,0.81,0.853,0.748,-0.439,0.505,0.599,-0.136,0.106,0.92,-0.589,-0.135,0.664,0.439,-0.388,0.68,-0.415,-0.183,0.769,0.267,0.206,0.882,-0.237,0.08,0.513,0.821,0.635,0.12,0.731,0.029,0.078,-0.269,0.122,-0.384,0.745,0.836,-0.706,0.292,-0.121,0.611,0.217,0.47,0.659,0.682,-0.456,0.374,0.535,0.748,0.489,0.912,-0.39,-0.407,0.233,-0.126,0.595,0.254,0.369,-0.732,0.717,0.833,-0.023,-0.43,0.588,0.385,0.257,0.4,-0.312,-0.0,0.507,-0.43,0.596,-0.222,0.694,-0.597,0.803,0.593,-0.097,0.847,-0.333,0.764,0.777,-0.704,-0.089,0.389,0.041,0.761,-0.294,-0.172,0.325,-0.325,0.868,0.571,-0.461,0.487,0.538,-0.228,0.55,0.745,-0.114,-0.177,-0.051,0.622,-0.002,-0.558,0.07,0.516,0.416,0.297,-0.009,0.577,-0.35,-0.132,0.763,0.763,0.154
ADMA,-0.436,-0.513,-0.494,0.0,0.693,-0.023,-0.262,0.018,0.21,-0.761,0.539,-0.363,-0.423,0.47,0.054,0.848,0.825,0.465,0.296,-0.212,-0.437,-0.057,-0.094,0.646,0.941,-0.295,0.436,-0.012,0.241,0.305,0.749,-0.018,0.187,0.844,0.641,0.249,0.725,0.797,0.862,0.819,0.532,0.018,0.652,0.26,0.754,0.897,0.781,0.839,0.523,-0.677,0.045,0.479,-0.823,0.023,0.1,0.285,-0.257,0.794,0.531,0.058,0.434,0.78,-0.514,0.025,0.808,0.267,0.75,0.839,0.228,-0.016,-0.231,0.663,0.875,-0.395,0.808,0.517,0.783,0.529,-0.326,0.659,0.81,-0.36,-0.424,0.585,0.821,0.634,-0.46,-0.195,-0.235,0.827,0.019,0.102,0.813,0.695,-0.629,0.438,0.829,-0.579,0.02,0.816,-0.041,0.808,0.387,-0.018,0.436,-0.598,-0.436,0.55,0.626,-0.723,-0.3,-0.114,0.537,-0.366,0.627,0.748,0.722,0.624,0.715,-0.051,-0.573,0.877,-0.579,0.394,0.161,0.637,0.242,-0.799,-0.387,0.865,0.395,-0.432,-0.669,0.291,-0.615,0.871,0.844,0.109,0.7,0.209,0.459,0.347,0.881,-0.021,-0.588,0.577,0.714,0.168,0.37,-0.554,0.413,0.768,0.522,-0.093,0.577,0.153,0.802,0.08,0.883,-0.264,-0.032,0.489,-0.459,0.802,-0.108,-0.289,0.747,0.579,-0.799,0.704,-0.365,0.757,0.824,0.381,-0.003,-0.68,-0.372,0.901,-0.774,0.206,0.827,0.211,-0.105,0.706,0.804,-0.296,-0.015,0.678,0.886,0.622,0.327,-0.303,0.291,0.554,0.001,-0.094,0.814,-0.455,-0.369,0.248
ADUS,-0.136,-0.192,-0.172,0.693,0.0,0.138,0.06,0.204,0.421,-0.392,0.579,-0.061,-0.019,0.493,-0.196,0.645,0.579,0.476,0.383,0.013,-0.437,0.064,0.048,0.567,0.693,-0.105,0.457,0.165,0.361,0.361,0.548,0.008,0.245,0.412,0.492,0.237,0.579,0.707,0.662,0.666,0.434,0.237,0.517,0.285,0.743,0.651,0.656,0.685,0.556,-0.55,0.212,0.369,-0.579,0.164,0.277,0.401,-0.326,0.682,0.59,0.128,0.55,0.645,-0.068,0.194,0.569,0.285,0.593,0.623,0.397,0.118,0.163,0.548,0.615,-0.117,0.606,0.495,0.659,0.32,-0.015,0.357,0.706,-0.085,-0.107,0.705,0.667,0.48,-0.114,0.063,0.055,0.56,0.209,0.292,0.715,0.679,-0.197,0.251,0.711,-0.18,0.121,0.549,0.125,0.573,0.449,0.282,0.47,-0.445,-0.067,0.456,0.661,-0.473,-0.039,0.176,0.488,-0.097,0.598,0.606,0.581,0.6,0.501,0.22,-0.181,0.513,-0.503,0.397,0.342,0.672,0.323,-0.343,-0.103,0.681,0.493,-0.132,-0.405,0.442,-0.238,0.541,0.523,0.348,0.676,0.308,0.408,0.465,0.52,0.195,-0.224,0.562,0.492,0.339,0.58,-0.343,0.444,0.536,0.455,0.324,0.427,0.272,0.576,0.21,0.582,-0.053,0.375,0.585,-0.06,0.576,0.099,-0.054,0.492,0.669,-0.458,0.668,-0.126,0.721,0.752,0.445,0.043,-0.269,-0.269,0.581,-0.482,0.341,0.624,0.312,0.112,0.623,0.719,-0.317,0.22,0.718,0.711,0.516,0.512,0.005,0.495,0.64,0.214,0.067,0.72,-0.135,-0.003,0.422
ADVM,-0.075,0.186,0.299,-0.023,0.138,0.0,0.213,0.287,0.432,-0.031,0.136,-0.003,0.232,0.171,-0.285,-0.004,0.161,0.253,0.137,0.082,0.065,0.297,0.148,0.107,0.043,0.078,0.391,0.159,0.312,0.106,0.117,-0.199,0.349,-0.097,0.24,0.134,0.093,0.137,0.091,0.133,0.039,0.201,-0.078,0.134,0.161,0.046,0.032,0.117,0.09,-0.167,0.103,0.098,-0.165,0.123,0.132,0.216,-0.131,0.216,0.188,-0.054,0.144,-0.032,0.221,0.054,0.096,0.239,0.224,0.11,0.282,0.046,0.26,0.079,0.086,0.016,-0.008,0.026,0.123,-0.038,0.125,-0.051,0.103,-0.0,-0.018,0.171,0.082,0.136,0.277,0.3,0.089,-0.077,0.096,0.198,0.106,0.295,0.167,0.134,0.135,0.22,0.073,-0.075,0.001,0.124,0.091,0.284,0.231,-0.241,0.176,0.36,0.268,-0.181,0.142,0.067,0.025,0.088,-0.027,0.101,0.081,0.147,0.104,0.113,0.153,-0.102,-0.264,0.155,0.2,0.171,0.107,0.034,0.035,0.173,0.069,0.076,-0.074,0.344,0.238,-0.124,0.068,0.351,0.105,0.137,0.062,0.192,-0.156,0.101,-0.005,-0.019,0.178,0.114,0.342,-0.067,0.011,0.12,-0.127,0.159,0.284,0.164,0.174,0.212,0.09,0.194,0.21,0.237,0.194,0.144,0.151,0.14,0.044,0.209,-0.138,0.196,0.107,0.265,0.16,0.144,0.076,0.204,0.06,0.05,-0.086,0.224,0.159,0.126,0.096,0.065,0.225,-0.243,0.257,0.203,0.116,0.056,0.236,-0.004,0.271,0.26,0.084,-0.084,0.164,0.357,0.058,-0.077
AEIS,0.854,0.902,0.768,-0.262,0.06,0.213,0.0,0.736,0.134,0.698,0.444,0.438,0.89,0.38,-0.441,-0.22,-0.122,0.399,0.599,0.897,-0.174,0.763,0.849,0.36,-0.159,0.923,0.57,0.447,0.746,0.752,0.115,0.151,0.55,-0.522,0.222,0.775,0.29,0.203,-0.401,-0.101,0.5,0.886,0.235,0.708,0.048,-0.276,-0.361,0.107,0.153,0.345,0.854,-0.467,0.47,0.778,0.786,0.706,0.1,0.071,0.458,-0.007,0.62,-0.133,0.785,0.82,0.182,0.662,0.15,-0.463,0.652,0.89,0.432,-0.605,-0.23,0.917,-0.065,0.577,0.172,0.351,0.887,0.213,0.16,0.758,0.71,0.325,-0.451,-0.121,0.841,0.868,0.799,-0.286,0.646,0.814,0.205,0.301,0.779,-0.747,0.161,0.744,0.786,0.005,0.848,-0.35,-0.307,0.762,0.279,0.267,0.907,0.03,0.261,0.538,0.83,0.776,0.54,0.907,0.369,0.356,0.139,0.46,-0.035,0.901,0.798,-0.531,0.202,0.193,0.846,0.366,0.753,0.53,0.643,-0.294,0.565,0.784,0.766,0.648,0.755,-0.089,-0.064,0.082,-0.169,0.807,0.591,0.672,-0.512,0.864,0.81,0.196,-0.321,0.57,0.608,0.059,0.47,-0.064,-0.104,0.517,-0.484,0.851,-0.027,0.818,-0.362,0.661,0.65,-0.166,0.904,-0.156,0.915,0.93,-0.656,-0.125,0.198,0.403,0.935,-0.05,0.051,0.684,-0.32,0.781,0.555,-0.236,0.176,0.757,0.03,0.805,0.819,0.053,-0.012,-0.104,0.712,0.415,-0.259,0.386,0.637,0.275,0.601,0.319,0.775,-0.48,0.187,0.888,0.903,0.58
AGNCM,0.646,0.677,0.739,0.018,0.204,0.287,0.736,0.0,0.124,0.374,0.675,0.544,0.711,0.376,-0.34,-0.032,0.182,0.712,0.834,0.607,-0.299,0.705,0.686,0.393,0.201,0.719,0.709,0.228,0.779,0.836,0.567,0.06,0.476,-0.382,0.462,0.755,0.321,0.386,-0.006,0.201,0.729,0.845,0.181,0.654,0.429,-0.074,-0.07,0.295,0.643,0.018,0.841,-0.173,0.044,0.878,0.903,0.899,-0.372,0.31,0.712,0.249,0.749,0.252,0.603,0.788,0.334,0.658,0.359,-0.139,0.855,0.719,0.018,-0.181,-0.029,0.616,-0.038,0.542,0.277,0.119,0.812,0.142,0.373,0.663,0.607,0.601,-0.09,0.144,0.689,0.902,0.85,0.152,0.72,0.86,0.399,0.623,0.677,-0.487,0.439,0.453,0.538,0.207,0.832,-0.045,-0.047,0.909,0.677,-0.29,0.789,0.139,0.618,0.079,0.849,0.774,0.533,0.667,0.504,0.559,0.093,0.65,0.149,0.781,0.476,-0.213,-0.073,-0.096,0.88,0.657,0.819,0.261,0.587,-0.04,0.727,0.422,0.426,0.752,0.65,0.081,0.165,0.073,0.261,0.825,0.567,0.8,-0.259,0.848,0.613,0.38,-0.094,0.783,0.684,-0.128,0.712,0.228,0.332,0.626,-0.152,0.809,0.279,0.88,-0.14,0.74,0.645,0.253,0.702,0.247,0.79,0.696,-0.302,0.314,-0.15,0.55,0.719,0.141,0.385,0.575,-0.661,0.54,0.321,-0.003,0.022,0.866,0.404,0.757,0.886,0.17,0.374,-0.309,0.776,0.493,-0.059,0.592,0.87,0.344,0.365,0.5,0.791,-0.517,0.421,0.612,0.603,0.276
AHCO,-0.086,-0.117,-0.127,0.21,0.421,0.432,0.134,0.124,0.0,-0.126,0.471,0.043,0.157,0.606,-0.349,0.262,0.289,0.276,0.055,0.069,-0.246,0.124,-0.059,0.382,0.223,-0.07,0.341,0.459,0.269,0.126,0.298,0.105,0.091,0.126,0.32,0.006,0.25,0.461,0.197,0.297,0.118,0.099,0.294,0.041,0.438,0.385,0.063,0.43,0.319,-0.313,0.144,0.503,-0.265,0.191,0.137,0.279,-0.155,0.501,0.338,0.122,0.283,0.338,-0.057,0.204,0.278,0.159,0.405,0.426,0.347,-0.057,0.024,0.346,0.395,-0.097,0.277,0.187,0.375,0.044,-0.086,0.095,0.393,-0.073,-0.077,0.353,0.367,0.537,0.148,0.1,0.056,0.294,0.261,0.238,0.397,0.431,-0.082,0.14,0.377,0.246,0.071,0.26,-0.088,0.148,0.232,0.145,0.194,-0.258,0.052,0.464,0.393,-0.25,0.03,0.235,0.185,0.038,0.169,0.166,0.42,0.395,0.399,0.053,-0.124,0.221,-0.184,0.196,0.158,0.236,0.203,-0.078,0.09,0.317,0.182,0.181,-0.232,0.235,-0.032,0.066,0.351,0.032,0.165,0.063,-0.006,0.372,0.251,-0.052,-0.12,0.305,0.249,-0.054,0.306,-0.092,-0.096,0.449,-0.018,0.422,0.311,0.151,0.265,0.054,0.291,-0.064,0.344,0.523,-0.062,0.346,-0.039,-0.101,0.326,0.482,-0.188,0.395,0.004,0.61,0.385,0.226,-0.056,-0.062,-0.416,0.196,-0.161,0.195,0.388,0.034,0.08,-0.019,0.443,-0.067,0.183,0.476,0.397,0.212,0.235,0.22,0.178,0.676,0.04,0.235,0.406,0.162,-0.131,0.238
ALGT,0.837,0.849,0.736,-0.761,-0.392,-0.031,0.698,0.374,-0.126,0.0,-0.042,0.643,0.814,-0.046,-0.196,-0.717,-0.74,-0.173,0.065,0.691,0.184,0.453,0.529,-0.267,-0.709,0.732,-0.096,0.356,0.197,0.229,-0.427,0.33,0.001,-0.864,-0.424,0.222,-0.342,-0.438,-0.838,-0.688,-0.092,0.475,-0.274,0.221,-0.474,-0.745,-0.779,-0.506,-0.185,0.795,0.425,-0.496,0.896,0.446,0.372,0.186,0.253,-0.539,-0.061,0.164,0.035,-0.481,0.801,0.511,-0.464,0.068,-0.442,-0.858,0.283,0.541,0.297,-0.763,-0.745,0.768,-0.556,-0.03,-0.453,-0.179,0.725,-0.335,-0.462,0.781,0.8,-0.228,-0.8,-0.395,0.822,0.601,0.636,-0.654,0.456,0.409,-0.418,-0.326,0.886,-0.776,-0.479,0.841,0.393,-0.573,0.52,-0.822,-0.436,0.462,-0.155,0.638,0.806,-0.462,-0.35,0.895,0.715,0.613,-0.033,0.807,-0.238,-0.312,-0.383,-0.129,-0.545,0.601,0.852,-0.859,0.656,-0.191,0.326,-0.237,0.309,0.886,0.775,-0.815,0.137,0.764,0.95,0.044,0.854,-0.572,-0.636,-0.14,-0.575,0.327,-0.04,0.162,-0.834,0.492,0.924,-0.174,-0.786,0.179,-0.007,0.528,0.014,-0.528,-0.314,0.484,-0.734,0.399,-0.655,0.375,-0.85,0.578,0.492,-0.419,0.773,-0.679,0.598,0.707,-0.913,-0.425,0.725,-0.258,0.781,-0.556,-0.542,0.16,-0.27,0.917,0.514,-0.764,0.75,0.215,-0.571,0.293,0.576,-0.514,-0.602,0.351,0.366,-0.238,-0.8,-0.223,0.095,0.559,0.041,-0.163,0.414,-0.091,-0.478,0.763,0.768,0.226
ALLO,0.348,0.192,0.183,0.539,0.579,0.136,0.444,0.675,0.471,-0.042,0.0,0.293,0.4,0.71,-0.274,0.408,0.51,0.735,0.699,0.41,-0.519,0.474,0.441,0.714,0.643,0.404,0.73,0.33,0.724,0.796,0.787,0.14,0.369,0.157,0.678,0.645,0.658,0.789,0.379,0.538,0.795,0.664,0.651,0.65,0.756,0.472,0.231,0.726,0.819,-0.311,0.701,0.318,-0.35,0.718,0.734,0.851,-0.323,0.691,0.882,0.286,0.813,0.683,0.142,0.74,0.706,0.624,0.723,0.376,0.806,0.535,-0.096,0.216,0.5,0.27,0.456,0.728,0.655,0.37,0.407,0.477,0.763,0.326,0.248,0.787,0.38,0.58,0.353,0.561,0.524,0.631,0.608,0.731,0.797,0.866,0.154,-0.179,0.798,0.136,0.439,0.624,0.58,0.326,0.158,0.618,0.656,-0.443,0.376,0.442,0.776,-0.264,0.512,0.639,0.746,0.404,0.775,0.77,0.573,0.909,0.568,0.591,0.032,0.32,-0.209,0.175,0.727,0.8,0.83,-0.187,0.358,0.413,0.821,0.249,0.001,0.671,0.143,0.542,0.639,-0.061,0.478,0.713,0.599,0.854,0.342,0.58,0.187,0.69,0.237,0.586,0.715,-0.337,0.67,0.656,0.516,0.587,0.168,0.732,0.604,0.638,0.391,0.336,0.569,0.506,0.252,0.613,0.478,0.366,0.191,0.603,-0.459,0.855,0.409,0.624,0.745,0.695,-0.555,0.033,-0.064,0.458,-0.368,0.741,0.755,0.67,0.673,0.403,0.74,-0.278,0.607,0.827,0.48,0.829,0.809,0.252,0.39,0.85,0.594,-0.328,0.779,0.273,0.26,0.532
AMSF,0.627,0.548,0.634,-0.363,-0.061,-0.003,0.438,0.544,0.043,0.643,0.293,0.0,0.664,0.197,-0.162,-0.489,-0.449,0.051,0.238,0.373,-0.039,0.329,0.346,-0.136,-0.278,0.438,-0.044,0.346,0.275,0.303,0.013,0.467,-0.19,-0.658,-0.287,0.164,-0.254,-0.13,-0.356,-0.337,0.081,0.422,-0.181,0.163,0.061,-0.359,-0.425,-0.174,0.39,0.481,0.341,-0.048,0.433,0.574,0.489,0.371,-0.283,-0.21,0.376,0.55,0.158,0.129,0.567,0.562,-0.294,-0.068,-0.131,-0.401,0.523,0.382,-0.146,-0.193,-0.406,0.435,-0.358,-0.013,-0.198,-0.37,0.571,-0.403,-0.116,0.71,0.743,0.109,-0.234,0.136,0.688,0.57,0.617,-0.12,0.561,0.46,-0.08,0.101,0.751,-0.459,-0.108,0.628,0.189,-0.391,0.44,-0.518,0.013,0.585,0.228,0.183,0.7,-0.389,-0.019,0.425,0.746,0.71,-0.047,0.553,-0.084,-0.052,-0.275,0.159,-0.255,0.54,0.544,-0.487,0.482,-0.339,0.313,0.121,0.396,0.581,0.898,-0.439,0.416,0.485,0.54,0.084,0.677,-0.332,-0.337,-0.227,-0.054,0.356,-0.113,0.319,-0.428,0.395,0.689,0.145,-0.54,0.261,0.024,0.428,0.25,-0.11,0.226,0.796,-0.343,0.381,-0.395,0.343,-0.563,0.675,0.709,0.212,0.468,-0.238,0.454,0.392,-0.482,0.208,0.449,-0.031,0.507,-0.115,-0.129,0.196,-0.566,0.625,0.113,-0.475,0.599,0.293,-0.187,0.193,0.66,-0.416,-0.185,0.359,0.406,-0.065,-0.503,-0.025,0.308,0.832,-0.155,0.188,0.414,0.03,-0.141,0.428,0.397,0.07
ANAB,0.848,0.898,0.821,-0.423,-0.019,0.232,0.89,0.711,0.157,0.814,0.4,0.664,0.0,0.33,-0.31,-0.451,-0.332,0.27,0.431,0.82,0.022,0.748,0.757,0.111,-0.314,0.854,0.391,0.429,0.634,0.595,0.001,0.243,0.334,-0.704,0.017,0.558,0.049,0.018,-0.479,-0.295,0.285,0.784,0.05,0.571,-0.04,-0.428,-0.486,-0.112,0.165,0.464,0.709,-0.311,0.576,0.72,0.703,0.592,0.093,-0.116,0.375,0.132,0.425,-0.195,0.846,0.784,-0.055,0.457,0.042,-0.564,0.659,0.747,0.398,-0.606,-0.41,0.823,-0.291,0.362,-0.06,0.051,0.862,-0.048,-0.05,0.789,0.762,0.188,-0.502,-0.069,0.927,0.863,0.774,-0.375,0.617,0.715,-0.0,0.186,0.89,-0.694,-0.031,0.853,0.656,-0.251,0.71,-0.468,-0.259,0.743,0.257,0.3,0.938,-0.154,0.118,0.617,0.874,0.77,0.31,0.901,0.15,0.126,-0.01,0.331,-0.154,0.827,0.841,-0.639,0.379,0.068,0.679,0.198,0.641,0.694,0.819,-0.444,0.487,0.811,0.802,0.487,0.859,-0.311,-0.242,0.03,-0.272,0.661,0.335,0.53,-0.636,0.734,0.856,0.093,-0.439,0.482,0.458,0.238,0.296,-0.158,-0.156,0.656,-0.457,0.713,-0.237,0.696,-0.523,0.767,0.689,-0.097,0.866,-0.286,0.825,0.853,-0.724,-0.111,0.362,0.204,0.888,-0.119,-0.126,0.513,-0.367,0.87,0.501,-0.403,0.417,0.605,-0.136,0.629,0.799,-0.171,-0.132,0.079,0.68,0.209,-0.435,0.218,0.509,0.485,0.384,0.291,0.705,-0.289,-0.013,0.908,0.839,0.395
ANDE,0.224,0.106,-0.034,0.47,0.493,0.171,0.38,0.376,0.606,-0.046,0.71,0.197,0.33,0.0,-0.157,0.296,0.386,0.472,0.345,0.327,-0.449,0.457,0.375,0.711,0.427,0.296,0.529,0.639,0.562,0.571,0.547,0.36,0.159,0.238,0.547,0.491,0.642,0.743,0.278,0.342,0.525,0.441,0.654,0.478,0.508,0.528,0.109,0.681,0.468,-0.179,0.479,0.299,-0.251,0.555,0.502,0.578,-0.087,0.63,0.698,0.247,0.499,0.568,0.059,0.582,0.604,0.391,0.701,0.343,0.582,0.437,-0.05,0.145,0.523,0.226,0.508,0.622,0.659,0.49,0.204,0.564,0.635,0.22,0.178,0.413,0.353,0.761,0.31,0.316,0.266,0.473,0.471,0.561,0.707,0.668,0.018,-0.182,0.646,0.3,0.508,0.515,0.331,0.141,0.085,0.34,0.395,-0.163,0.271,0.355,0.489,-0.135,0.323,0.479,0.606,0.323,0.468,0.605,0.688,0.812,0.64,0.442,-0.01,0.287,-0.115,0.328,0.472,0.465,0.634,-0.177,0.342,0.357,0.613,0.423,-0.024,0.37,0.005,0.458,0.617,-0.217,0.164,0.515,0.43,0.684,0.387,0.333,0.059,0.538,0.231,0.146,0.398,-0.196,0.262,0.627,0.129,0.461,0.097,0.563,0.343,0.405,0.32,0.241,0.509,0.369,0.087,0.444,0.368,0.241,0.128,0.333,-0.39,0.705,0.313,0.665,0.518,0.712,-0.321,0.01,-0.225,0.398,-0.32,0.468,0.56,0.425,0.389,0.167,0.474,0.047,0.296,0.731,0.424,0.569,0.427,0.216,0.342,0.862,0.367,-0.145,0.651,0.271,0.14,0.438
APLS,-0.293,-0.303,-0.332,0.054,-0.196,-0.285,-0.441,-0.34,-0.349,-0.196,-0.274,-0.162,-0.31,-0.157,0.0,-0.144,-0.003,-0.284,-0.31,-0.42,0.324,-0.112,-0.212,-0.229,-0.023,-0.255,-0.3,-0.064,-0.277,-0.299,-0.141,0.074,-0.471,0.235,-0.108,-0.3,-0.119,-0.183,0.162,-0.118,-0.305,-0.422,-0.048,-0.099,-0.274,0.068,-0.049,-0.173,-0.138,0.039,-0.427,0.323,-0.112,-0.3,-0.354,-0.369,0.226,-0.171,-0.36,0.045,-0.504,-0.063,-0.254,-0.37,-0.048,-0.331,0.046,0.033,-0.34,-0.289,-0.003,0.062,0.013,-0.378,-0.043,-0.239,-0.194,-0.083,-0.394,0.045,-0.231,-0.258,-0.236,-0.491,0.007,0.146,-0.231,-0.377,-0.411,0.06,-0.227,-0.334,-0.207,-0.24,-0.31,0.311,-0.205,-0.232,-0.231,-0.103,-0.383,0.06,0.012,-0.467,-0.144,0.083,-0.382,-0.278,-0.307,-0.117,-0.329,-0.436,-0.23,-0.279,-0.297,-0.25,-0.061,-0.177,0.164,-0.377,-0.311,0.204,0.051,-0.023,-0.469,-0.379,-0.256,-0.196,-0.112,0.021,-0.186,-0.205,-0.257,-0.439,-0.34,0.046,-0.001,-0.219,-0.188,-0.315,-0.29,-0.428,0.132,-0.422,-0.327,-0.301,0.1,-0.344,-0.375,0.007,-0.368,0.092,-0.121,-0.301,0.209,-0.353,-0.124,-0.37,0.126,-0.001,-0.394,-0.16,-0.377,-0.042,-0.354,-0.313,0.059,-0.301,-0.086,-0.302,-0.349,-0.097,-0.29,-0.214,0.104,-0.274,-0.038,0.126,-0.046,-0.419,-0.107,-0.363,-0.393,-0.099,-0.197,0.41,-0.414,-0.275,-0.044,-0.18,-0.491,-0.081,-0.352,-0.243,-0.303,0.154,-0.232,-0.344,-0.352,-0.316
APPF,-0.434,-0.472,-0.456,0.848,0.645,-0.004,-0.22,-0.032,0.262,-0.717,0.408,-0.489,-0.451,0.296,-0.144,0.0,0.762,0.41,0.269,-0.199,-0.457,-0.175,-0.166,0.619,0.827,-0.309,0.413,-0.078,0.162,0.247,0.594,-0.139,0.295,0.767,0.571,0.188,0.646,0.696,0.745,0.77,0.458,0.008,0.528,0.144,0.699,0.784,0.75,0.769,0.406,-0.715,0.046,0.354,-0.751,-0.068,0.06,0.217,-0.271,0.741,0.391,-0.052,0.457,0.631,-0.45,-0.079,0.714,0.282,0.581,0.774,0.127,-0.049,-0.149,0.614,0.8,-0.323,0.77,0.427,0.724,0.493,-0.302,0.565,0.752,-0.386,-0.434,0.615,0.709,0.389,-0.497,-0.221,-0.212,0.703,0.018,0.071,0.737,0.582,-0.586,0.392,0.737,-0.591,-0.048,0.804,-0.041,0.746,0.363,-0.015,0.35,-0.55,-0.435,0.604,0.605,-0.682,-0.392,-0.146,0.511,-0.389,0.582,0.642,0.668,0.464,0.554,-0.057,-0.524,0.805,-0.666,0.375,0.176,0.613,0.137,-0.71,-0.518,0.807,0.27,-0.478,-0.623,0.339,-0.541,0.746,0.692,0.311,0.668,0.135,0.417,0.307,0.774,0.007,-0.531,0.54,0.656,0.199,0.406,-0.567,0.399,0.589,0.475,-0.147,0.49,0.098,0.768,0.046,0.81,-0.411,-0.045,0.417,-0.36,0.677,-0.13,-0.274,0.71,0.541,-0.672,0.635,-0.361,0.641,0.8,0.317,0.153,-0.619,-0.348,0.789,-0.682,0.191,0.716,0.2,-0.173,0.727,0.76,-0.435,0.007,0.651,0.857,0.492,0.334,-0.377,0.366,0.431,-0.06,-0.047,0.741,-0.428,-0.31,0.266
ASML,-0.392,-0.408,-0.353,0.825,0.579,0.161,-0.122,0.182,0.289,-0.74,0.51,-0.449,-0.332,0.386,-0.003,0.762,0.0,0.681,0.476,-0.172,-0.344,0.097,0.014,0.684,0.869,-0.186,0.643,-0.087,0.417,0.371,0.786,-0.257,0.386,0.726,0.807,0.356,0.708,0.808,0.844,0.907,0.612,0.079,0.62,0.342,0.745,0.823,0.717,0.803,0.492,-0.812,0.186,0.348,-0.849,0.132,0.203,0.436,-0.231,0.835,0.504,-0.202,0.526,0.598,-0.461,0.054,0.839,0.492,0.791,0.827,0.26,-0.01,-0.069,0.584,0.848,-0.311,0.669,0.559,0.755,0.477,-0.239,0.614,0.795,-0.354,-0.432,0.565,0.746,0.506,-0.374,-0.032,-0.111,0.702,0.034,0.24,0.758,0.763,-0.536,0.473,0.832,-0.499,0.162,0.83,0.045,0.84,0.419,0.04,0.574,-0.762,-0.306,0.606,0.789,-0.788,-0.205,-0.128,0.547,-0.29,0.671,0.716,0.622,0.641,0.819,-0.056,-0.525,0.776,-0.674,0.363,0.3,0.637,0.288,-0.767,-0.423,0.87,0.349,-0.349,-0.658,0.512,-0.537,0.683,0.872,0.148,0.65,0.271,0.556,0.404,0.708,0.057,-0.561,0.399,0.827,0.268,0.553,-0.644,0.391,0.791,0.401,-0.189,0.67,0.222,0.893,0.232,0.879,-0.131,-0.136,0.511,-0.311,0.897,-0.03,-0.199,0.723,0.529,-0.913,0.701,-0.276,0.761,0.794,0.354,-0.03,-0.623,-0.204,0.875,-0.86,0.411,0.898,0.314,-0.03,0.709,0.877,-0.519,0.146,0.681,0.864,0.712,0.449,-0.451,0.359,0.567,0.13,-0.248,0.851,-0.308,-0.303,0.205
ATRC,0.22,0.192,0.213,0.465,0.476,0.253,0.399,0.712,0.276,-0.173,0.735,0.051,0.27,0.472,-0.284,0.41,0.681,0.0,0.788,0.324,-0.324,0.505,0.439,0.584,0.61,0.364,0.81,0.046,0.735,0.732,0.812,-0.102,0.522,0.153,0.759,0.66,0.567,0.679,0.425,0.635,0.829,0.568,0.518,0.591,0.707,0.367,0.39,0.582,0.666,-0.439,0.691,0.098,-0.447,0.602,0.692,0.838,-0.3,0.621,0.736,0.01,0.839,0.437,0.078,0.567,0.692,0.741,0.655,0.352,0.717,0.423,-0.056,0.2,0.425,0.239,0.316,0.683,0.541,0.325,0.401,0.417,0.657,0.253,0.148,0.699,0.358,0.339,0.223,0.553,0.539,0.474,0.459,0.697,0.632,0.818,0.118,-0.05,0.724,0.033,0.501,0.637,0.581,0.449,0.246,0.61,0.808,-0.63,0.339,0.436,0.879,-0.372,0.438,0.464,0.666,0.311,0.75,0.73,0.442,0.784,0.548,0.44,-0.011,0.332,-0.384,0.188,0.743,0.746,0.685,-0.221,0.121,0.416,0.622,0.119,-0.089,0.776,0.084,0.398,0.619,0.079,0.503,0.654,0.701,0.742,0.238,0.568,0.082,0.491,0.443,0.657,0.738,-0.458,0.633,0.583,0.378,0.244,0.279,0.625,0.663,0.692,0.388,0.356,0.269,0.451,0.276,0.682,0.479,0.342,0.238,0.487,-0.616,0.734,0.309,0.511,0.688,0.492,-0.447,-0.044,0.052,0.49,-0.482,0.818,0.779,0.667,0.552,0.511,0.763,-0.542,0.607,0.722,0.462,0.842,0.802,-0.071,0.44,0.698,0.63,-0.376,0.758,0.235,0.226,0.329
AVGO,0.499,0.451,0.463,0.296,0.383,0.137,0.599,0.834,0.055,0.065,0.699,0.238,0.431,0.345,-0.31,0.269,0.476,0.788,0.0,0.492,-0.399,0.482,0.614,0.565,0.484,0.572,0.758,0.064,0.783,0.853,0.668,-0.15,0.599,-0.078,0.662,0.835,0.507,0.567,0.252,0.472,0.876,0.783,0.454,0.742,0.563,0.167,0.231,0.5,0.665,-0.216,0.811,-0.167,-0.189,0.759,0.874,0.902,-0.423,0.447,0.766,0.105,0.852,0.372,0.332,0.697,0.574,0.748,0.486,0.099,0.723,0.654,0.032,-0.023,0.209,0.509,0.177,0.656,0.452,0.331,0.669,0.381,0.591,0.466,0.399,0.738,0.122,0.13,0.419,0.678,0.715,0.375,0.575,0.769,0.589,0.724,0.36,-0.295,0.642,0.136,0.547,0.53,0.815,0.263,0.08,0.729,0.738,-0.434,0.553,0.307,0.761,-0.143,0.636,0.596,0.676,0.487,0.777,0.729,0.246,0.728,0.339,0.649,0.246,0.07,-0.322,0.147,0.887,0.812,0.801,-0.088,0.274,0.253,0.796,0.209,0.19,0.815,0.303,0.334,0.401,0.136,0.46,0.822,0.749,0.756,-0.005,0.795,0.357,0.502,0.17,0.804,0.782,-0.314,0.822,0.349,0.444,0.409,0.046,0.772,0.546,0.796,0.179,0.52,0.423,0.27,0.523,0.457,0.703,0.571,-0.058,0.379,-0.384,0.687,0.54,0.291,0.589,0.615,-0.501,0.216,0.282,0.308,-0.325,0.909,0.6,0.782,0.747,0.485,0.563,-0.508,0.772,0.661,0.235,0.79,0.893,0.037,0.513,0.501,0.812,-0.618,0.63,0.352,0.503,0.394
AVT,0.81,0.832,0.662,-0.212,0.013,0.082,0.897,0.607,0.069,0.691,0.41,0.373,0.82,0.327,-0.42,-0.199,-0.172,0.324,0.492,0.0,-0.101,0.661,0.8,0.287,-0.136,0.88,0.47,0.361,0.658,0.689,0.089,0.132,0.527,-0.442,0.158,0.706,0.289,0.165,-0.413,-0.15,0.47,0.813,0.266,0.678,0.019,-0.281,-0.335,0.062,0.104,0.452,0.783,-0.409,0.534,0.661,0.687,0.602,0.237,0.003,0.399,0.005,0.576,-0.165,0.689,0.788,0.179,0.628,0.118,-0.47,0.609,0.838,0.348,-0.625,-0.241,0.86,-0.055,0.565,0.133,0.392,0.815,0.236,0.113,0.702,0.643,0.281,-0.467,-0.138,0.767,0.78,0.734,-0.279,0.576,0.692,0.168,0.217,0.68,-0.732,0.13,0.669,0.746,0.013,0.791,-0.317,-0.367,0.656,0.201,0.305,0.809,0.016,0.166,0.63,0.745,0.726,0.548,0.876,0.361,0.317,0.168,0.4,-0.114,0.832,0.762,-0.477,0.279,0.253,0.756,0.313,0.685,0.482,0.563,-0.311,0.52,0.746,0.785,0.557,0.654,-0.034,-0.045,0.067,-0.239,0.729,0.582,0.597,-0.463,0.799,0.773,0.264,-0.333,0.511,0.527,0.133,0.426,-0.1,-0.146,0.431,-0.498,0.805,-0.037,0.746,-0.322,0.542,0.532,-0.244,0.824,-0.186,0.874,0.897,-0.635,-0.176,0.229,0.367,0.884,-0.095,0.02,0.618,-0.263,0.698,0.495,-0.193,0.201,0.654,-0.018,0.77,0.756,0.049,-0.051,0.0,0.654,0.369,-0.269,0.374,0.548,0.227,0.539,0.272,0.691,-0.438,0.139,0.825,0.887,0.601
AXDX,-0.132,0.042,0.062,-0.437,-0.437,0.065,-0.174,-0.299,-0.246,0.184,-0.519,-0.039,0.022,-0.449,0.324,-0.457,-0.344,-0.324,-0.399,-0.101,0.0,-0.04,-0.076,-0.629,-0.471,-0.1,-0.357,-0.233,-0.197,-0.43,-0.459,-0.045,-0.22,-0.267,-0.48,-0.352,-0.501,-0.562,-0.279,-0.318,-0.551,-0.353,-0.373,-0.175,-0.521,-0.401,-0.28,-0.622,-0.476,0.285,-0.393,0.03,0.343,-0.388,-0.348,-0.438,0.305,-0.56,-0.539,-0.315,-0.491,-0.565,0.007,-0.33,-0.466,-0.256,-0.311,-0.326,-0.261,-0.31,0.246,-0.262,-0.457,-0.122,-0.507,-0.346,-0.58,-0.399,-0.117,-0.386,-0.62,-0.064,-0.065,-0.586,-0.307,-0.26,0.044,-0.126,-0.241,-0.556,-0.33,-0.309,-0.646,-0.469,0.067,0.248,-0.564,0.149,-0.087,-0.54,-0.353,-0.142,-0.033,-0.268,-0.183,0.242,-0.061,-0.401,-0.456,0.265,-0.133,-0.345,-0.436,-0.071,-0.57,-0.58,-0.231,-0.49,-0.317,-0.289,0.149,-0.309,0.38,0.081,-0.406,-0.514,-0.431,0.299,0.022,-0.334,-0.416,0.064,0.1,-0.286,0.046,-0.531,-0.374,-0.018,-0.434,-0.393,-0.309,-0.577,-0.463,-0.358,-0.023,-0.652,-0.062,-0.378,-0.328,0.391,-0.518,-0.324,-0.505,-0.296,0.117,-0.367,-0.472,-0.26,-0.264,0.1,-0.361,-0.261,-0.059,-0.377,-0.169,-0.045,-0.228,-0.41,0.292,-0.575,-0.141,-0.321,-0.624,-0.428,0.302,0.13,0.192,-0.249,0.296,-0.327,-0.47,-0.307,-0.28,-0.265,-0.437,0.265,-0.094,-0.56,-0.439,-0.435,-0.481,-0.04,-0.2,-0.405,-0.293,0.188,-0.555,0.077,-0.093,-0.289
AXSM,0.562,0.686,0.605,-0.057,0.064,0.297,0.763,0.705,0.124,0.453,0.474,0.329,0.748,0.457,-0.112,-0.175,0.097,0.505,0.482,0.661,-0.04,0.0,0.744,0.369,0.006,0.764,0.645,0.436,0.757,0.711,0.33,0.206,0.453,-0.269,0.357,0.689,0.36,0.296,-0.143,0.07,0.483,0.691,0.241,0.691,0.122,-0.052,-0.233,0.18,0.192,0.14,0.7,-0.219,0.205,0.713,0.659,0.663,0.167,0.215,0.415,-0.079,0.489,-0.031,0.582,0.682,0.331,0.628,0.401,-0.25,0.66,0.716,0.353,-0.423,-0.026,0.631,0.031,0.573,0.241,0.344,0.653,0.331,0.205,0.553,0.468,0.203,-0.254,0.145,0.681,0.779,0.58,-0.159,0.56,0.781,0.239,0.406,0.56,-0.465,0.236,0.601,0.739,0.089,0.622,-0.133,-0.192,0.641,0.388,0.018,0.696,0.041,0.332,0.278,0.673,0.55,0.503,0.727,0.304,0.414,0.27,0.553,0.25,0.702,0.537,-0.266,0.117,0.201,0.696,0.301,0.709,0.306,0.564,-0.116,0.467,0.631,0.491,0.6,0.564,0.028,0.156,0.047,-0.133,0.683,0.571,0.606,-0.3,0.662,0.511,0.066,-0.03,0.491,0.565,-0.135,0.331,0.229,-0.112,0.357,-0.197,0.736,0.104,0.769,-0.139,0.704,0.458,-0.069,0.626,0.061,0.755,0.733,-0.453,-0.11,-0.137,0.423,0.719,0.103,0.111,0.629,-0.34,0.561,0.496,0.016,-0.003,0.675,0.23,0.705,0.644,0.106,0.131,-0.06,0.535,0.401,-0.099,0.44,0.528,0.169,0.493,0.419,0.644,-0.428,0.282,0.752,0.612,0.375
AZN,0.77,0.795,0.677,-0.094,0.048,0.148,0.849,0.686,-0.059,0.529,0.441,0.346,0.757,0.375,-0.212,-0.166,0.014,0.439,0.614,0.8,-0.076,0.744,0.0,0.338,-0.02,0.887,0.591,0.301,0.779,0.754,0.222,0.097,0.58,-0.348,0.322,0.824,0.393,0.247,-0.232,-0.017,0.565,0.822,0.362,0.833,0.056,-0.185,-0.243,0.138,0.155,0.292,0.81,-0.379,0.346,0.702,0.771,0.686,0.098,0.071,0.474,-0.061,0.558,-0.089,0.643,0.788,0.29,0.718,0.295,-0.384,0.633,0.866,0.38,-0.603,-0.162,0.807,0.004,0.666,0.208,0.43,0.798,0.368,0.189,0.679,0.618,0.287,-0.364,-0.006,0.738,0.807,0.684,-0.184,0.494,0.732,0.261,0.363,0.636,-0.608,0.237,0.589,0.818,0.106,0.813,-0.138,-0.322,0.656,0.332,0.162,0.797,0.124,0.251,0.42,0.759,0.626,0.619,0.837,0.448,0.456,0.253,0.514,0.069,0.82,0.683,-0.39,0.126,0.337,0.8,0.403,0.756,0.303,0.54,-0.169,0.616,0.716,0.649,0.642,0.587,0.058,0.093,0.032,-0.147,0.81,0.692,0.585,-0.391,0.809,0.661,0.188,-0.155,0.549,0.567,-0.059,0.504,0.041,-0.08,0.356,-0.319,0.808,0.093,0.809,-0.211,0.698,0.465,-0.2,0.758,-0.048,0.889,0.892,-0.567,-0.194,0.018,0.436,0.844,-0.01,0.095,0.7,-0.297,0.601,0.54,-0.009,-0.008,0.744,0.125,0.844,0.766,0.203,0.05,-0.099,0.704,0.416,-0.182,0.53,0.59,0.088,0.6,0.284,0.778,-0.621,0.24,0.765,0.802,0.444
BANR,0.115,0.005,-0.091,0.646,0.567,0.107,0.36,0.393,0.382,-0.267,0.714,-0.136,0.111,0.711,-0.229,0.619,0.684,0.584,0.565,0.287,-0.629,0.369,0.338,0.0,0.681,0.277,0.73,0.408,0.589,0.708,0.664,0.018,0.451,0.484,0.792,0.66,0.887,0.916,0.46,0.617,0.762,0.496,0.761,0.55,0.652,0.707,0.339,0.91,0.487,-0.493,0.579,0.061,-0.465,0.543,0.506,0.66,-0.08,0.863,0.701,-0.015,0.699,0.626,-0.048,0.486,0.866,0.635,0.735,0.524,0.433,0.497,0.049,0.224,0.767,0.214,0.738,0.778,0.906,0.739,0.164,0.783,0.907,0.046,-0.015,0.619,0.431,0.484,0.051,0.282,0.23,0.575,0.434,0.582,0.907,0.749,-0.161,-0.131,0.87,-0.084,0.458,0.785,0.435,0.396,0.083,0.305,0.422,-0.375,0.115,0.583,0.693,-0.359,0.167,0.332,0.826,0.177,0.765,0.84,0.67,0.825,0.76,0.441,-0.126,0.45,-0.427,0.321,0.611,0.666,0.67,-0.448,-0.011,0.594,0.581,0.126,-0.157,0.581,-0.15,0.73,0.747,-0.007,0.421,0.619,0.717,0.783,0.532,0.465,-0.073,0.56,0.391,0.39,0.664,-0.493,0.573,0.677,0.364,0.193,0.128,0.645,0.711,0.498,0.592,0.024,0.337,0.278,0.099,0.657,0.36,0.24,0.303,0.373,-0.646,0.901,0.252,0.634,0.781,0.792,-0.244,-0.189,-0.013,0.594,-0.608,0.596,0.756,0.61,0.352,0.53,0.671,-0.372,0.305,0.875,0.699,0.738,0.618,-0.133,0.523,0.696,0.417,-0.414,0.872,0.139,0.164,0.557
BBIO,-0.327,-0.412,-0.335,0.941,0.693,0.043,-0.159,0.201,0.223,-0.709,0.643,-0.278,-0.314,0.427,-0.023,0.827,0.869,0.61,0.484,-0.136,-0.471,0.006,-0.02,0.681,0.0,-0.193,0.548,-0.058,0.375,0.437,0.829,-0.109,0.313,0.737,0.712,0.351,0.717,0.829,0.871,0.868,0.657,0.157,0.649,0.338,0.843,0.839,0.787,0.859,0.662,-0.728,0.184,0.437,-0.817,0.156,0.255,0.448,-0.362,0.824,0.635,0.102,0.585,0.795,-0.435,0.146,0.837,0.385,0.769,0.823,0.351,0.06,-0.231,0.654,0.846,-0.293,0.734,0.545,0.789,0.459,-0.188,0.601,0.868,-0.248,-0.318,0.708,0.81,0.577,-0.353,-0.036,-0.047,0.847,0.128,0.239,0.851,0.797,-0.505,0.397,0.894,-0.545,0.067,0.834,0.112,0.823,0.467,0.122,0.597,-0.712,-0.294,0.557,0.769,-0.759,-0.144,0.018,0.585,-0.276,0.73,0.801,0.653,0.688,0.715,0.052,-0.495,0.821,-0.595,0.315,0.311,0.747,0.345,-0.759,-0.32,0.862,0.49,-0.421,-0.608,0.451,-0.501,0.82,0.84,0.156,0.792,0.336,0.53,0.463,0.798,0.127,-0.477,0.602,0.722,0.365,0.526,-0.563,0.568,0.782,0.621,-0.006,0.585,0.283,0.879,0.227,0.854,-0.142,0.043,0.585,-0.332,0.877,0.005,-0.195,0.719,0.668,-0.817,0.766,-0.259,0.762,0.89,0.415,-0.135,-0.604,-0.282,0.876,-0.745,0.373,0.888,0.324,0.06,0.734,0.899,-0.458,0.16,0.727,0.869,0.726,0.509,-0.243,0.312,0.599,0.144,-0.183,0.879,-0.363,-0.272,0.269
BCYC,0.909,0.901,0.744,-0.295,-0.105,0.078,0.923,0.719,-0.07,0.732,0.404,0.438,0.854,0.296,-0.255,-0.309,-0.186,0.364,0.572,0.88,-0.1,0.764,0.887,0.277,-0.193,0.0,0.493,0.373,0.687,0.746,0.108,0.156,0.471,-0.519,0.206,0.777,0.259,0.108,-0.467,-0.217,0.516,0.856,0.226,0.744,-0.073,-0.364,-0.457,0.008,0.121,0.465,0.854,-0.482,0.521,0.773,0.776,0.675,0.187,-0.053,0.381,0.004,0.529,-0.188,0.744,0.836,0.166,0.654,0.11,-0.572,0.607,0.909,0.331,-0.721,-0.319,0.919,-0.144,0.549,0.067,0.341,0.9,0.259,0.071,0.785,0.732,0.2,-0.577,-0.168,0.826,0.854,0.804,-0.286,0.617,0.772,0.13,0.205,0.772,-0.81,0.093,0.705,0.779,0.0,0.88,-0.397,-0.452,0.686,0.221,0.285,0.885,-0.033,0.151,0.596,0.846,0.739,0.555,0.935,0.349,0.324,0.068,0.421,-0.071,0.865,0.763,-0.541,0.264,0.106,0.798,0.275,0.77,0.506,0.659,-0.415,0.549,0.798,0.831,0.556,0.746,-0.056,-0.081,-0.068,-0.285,0.799,0.589,0.604,-0.527,0.863,0.837,0.167,-0.399,0.57,0.49,0.042,0.465,-0.097,-0.112,0.442,-0.555,0.821,-0.064,0.81,-0.414,0.689,0.509,-0.329,0.87,-0.205,0.908,0.955,-0.737,-0.289,0.181,0.329,0.962,-0.214,-0.039,0.624,-0.436,0.76,0.614,-0.254,0.196,0.715,-0.01,0.806,0.832,0.002,-0.112,-0.007,0.675,0.321,-0.358,0.409,0.555,0.237,0.456,0.205,0.782,-0.543,0.084,0.854,0.906,0.456
BHFAP,0.26,0.323,0.301,0.436,0.457,0.391,0.57,0.709,0.341,-0.096,0.73,-0.044,0.391,0.529,-0.3,0.413,0.643,0.81,0.758,0.47,-0.357,0.645,0.591,0.73,0.548,0.493,0.0,0.213,0.84,0.803,0.72,-0.206,0.71,0.17,0.834,0.79,0.745,0.742,0.365,0.575,0.796,0.7,0.563,0.752,0.615,0.403,0.291,0.66,0.516,-0.428,0.738,0.017,-0.359,0.631,0.697,0.825,-0.138,0.691,0.71,-0.167,0.801,0.316,0.241,0.578,0.765,0.888,0.744,0.302,0.671,0.591,0.242,0.004,0.467,0.357,0.452,0.789,0.665,0.564,0.44,0.609,0.688,0.187,0.086,0.69,0.207,0.318,0.334,0.634,0.439,0.341,0.437,0.7,0.691,0.81,0.16,-0.141,0.741,0.153,0.596,0.583,0.575,0.426,0.018,0.59,0.637,-0.469,0.386,0.595,0.799,-0.261,0.426,0.412,0.776,0.41,0.743,0.791,0.554,0.8,0.587,0.552,0.125,0.213,-0.485,0.373,0.807,0.751,0.758,-0.216,0.091,0.464,0.637,0.26,0.009,0.859,0.175,0.453,0.614,0.245,0.351,0.743,0.809,0.78,0.151,0.636,0.111,0.407,0.428,0.599,0.878,-0.549,0.594,0.54,0.204,0.236,0.214,0.735,0.72,0.76,0.441,0.36,0.325,0.27,0.394,0.584,0.586,0.514,0.099,0.329,-0.587,0.834,0.452,0.519,0.664,0.716,-0.254,0.095,0.198,0.52,-0.558,0.828,0.721,0.8,0.556,0.566,0.682,-0.518,0.631,0.807,0.492,0.823,0.814,-0.189,0.683,0.666,0.643,-0.561,0.762,0.426,0.37,0.451
BKR,0.378,0.304,0.151,-0.012,0.165,0.159,0.447,0.228,0.459,0.356,0.33,0.346,0.429,0.639,-0.064,-0.078,-0.087,0.046,0.064,0.361,-0.233,0.436,0.301,0.408,-0.058,0.373,0.213,0.0,0.31,0.35,0.095,0.543,-0.14,-0.051,0.111,0.297,0.312,0.328,-0.194,-0.145,0.144,0.301,0.381,0.266,0.055,0.195,-0.395,0.33,0.131,0.217,0.308,0.097,0.164,0.49,0.277,0.32,0.13,0.289,0.285,0.345,0.182,0.248,0.32,0.446,0.239,0.085,0.261,-0.038,0.337,0.434,0.145,-0.13,0.133,0.351,0.236,0.259,0.342,0.321,0.225,0.282,0.272,0.408,0.42,-0.03,-0.072,0.435,0.528,0.281,0.282,0.02,0.611,0.468,0.316,0.198,0.249,-0.378,0.209,0.583,0.341,0.063,0.232,-0.376,-0.084,0.229,0.07,0.259,0.369,0.046,0.07,0.243,0.343,0.484,0.359,0.451,0.066,0.149,0.331,0.426,0.287,0.448,0.246,-0.085,0.211,0.134,0.273,-0.012,0.456,0.165,0.54,-0.074,0.341,0.57,0.271,0.025,0.246,0.115,0.114,-0.281,-0.193,0.363,0.095,0.482,0.002,0.206,0.303,0.141,-0.268,-0.128,0.118,0.206,0.035,0.305,-0.077,0.542,-0.248,0.456,-0.103,0.26,-0.083,0.301,0.517,0.053,0.215,0.004,0.349,0.291,-0.252,-0.009,0.047,0.338,0.401,0.239,0.06,0.596,-0.221,0.329,0.046,-0.073,0.122,0.198,0.117,0.221,0.318,-0.272,-0.048,0.398,0.073,0.398,0.008,0.088,0.099,0.49,0.149,0.421,0.244,0.056,0.188,0.418,0.269,0.429
BLDP,0.519,0.559,0.528,0.241,0.361,0.312,0.746,0.779,0.269,0.197,0.724,0.275,0.634,0.562,-0.277,0.162,0.417,0.735,0.783,0.658,-0.197,0.757,0.779,0.589,0.375,0.687,0.84,0.31,0.0,0.879,0.594,0.015,0.672,-0.094,0.585,0.851,0.595,0.591,0.191,0.412,0.74,0.813,0.534,0.896,0.497,0.199,0.091,0.484,0.498,-0.128,0.789,-0.03,-0.062,0.753,0.816,0.873,-0.123,0.464,0.738,-0.059,0.788,0.236,0.44,0.777,0.594,0.807,0.662,0.064,0.816,0.73,0.308,-0.18,0.226,0.555,0.249,0.783,0.494,0.45,0.651,0.45,0.531,0.502,0.408,0.589,0.052,0.31,0.609,0.786,0.644,0.17,0.559,0.834,0.558,0.755,0.423,-0.261,0.596,0.417,0.778,0.371,0.732,0.241,0.048,0.713,0.685,-0.24,0.65,0.302,0.659,0.001,0.677,0.628,0.735,0.656,0.65,0.679,0.496,0.783,0.437,0.741,0.418,-0.034,-0.141,0.444,0.861,0.704,0.842,0.011,0.433,0.264,0.791,0.516,0.279,0.854,0.37,0.256,0.448,0.162,0.192,0.859,0.783,0.749,-0.092,0.748,0.395,0.353,0.243,0.641,0.843,-0.296,0.601,0.432,0.133,0.416,0.122,0.877,0.454,0.829,0.188,0.664,0.507,0.222,0.554,0.386,0.778,0.7,-0.175,0.247,-0.327,0.704,0.643,0.442,0.469,0.773,-0.322,0.338,0.329,0.344,-0.307,0.895,0.532,0.872,0.75,0.449,0.501,-0.294,0.786,0.708,0.201,0.765,0.794,0.068,0.687,0.652,0.757,-0.547,0.621,0.592,0.573,0.559
BLFS,0.618,0.563,0.498,0.305,0.361,0.106,0.752,0.836,0.126,0.229,0.796,0.303,0.595,0.571,-0.299,0.247,0.371,0.732,0.853,0.689,-0.43,0.711,0.754,0.708,0.437,0.746,0.803,0.35,0.879,0.0,0.653,0.118,0.583,-0.05,0.636,0.928,0.665,0.645,0.13,0.37,0.894,0.884,0.576,0.85,0.514,0.216,0.068,0.571,0.592,-0.081,0.907,-0.158,-0.053,0.88,0.901,0.932,-0.157,0.513,0.8,0.126,0.868,0.395,0.426,0.862,0.652,0.803,0.585,0.022,0.804,0.848,0.11,-0.182,0.252,0.654,0.313,0.824,0.574,0.538,0.716,0.554,0.637,0.583,0.5,0.661,0.026,0.253,0.562,0.777,0.737,0.303,0.701,0.896,0.664,0.721,0.42,-0.492,0.666,0.326,0.725,0.517,0.878,0.119,-0.053,0.768,0.641,-0.227,0.653,0.286,0.671,0.026,0.713,0.739,0.846,0.675,0.757,0.797,0.449,0.838,0.404,0.837,0.374,0.027,-0.13,0.217,0.935,0.753,0.944,0.005,0.448,0.177,0.835,0.447,0.359,0.801,0.392,0.431,0.454,0.037,0.285,0.926,0.829,0.894,0.013,0.875,0.481,0.521,0.085,0.753,0.788,-0.304,0.805,0.426,0.35,0.481,-0.139,0.949,0.479,0.88,0.138,0.57,0.578,0.157,0.589,0.389,0.825,0.726,-0.202,0.245,-0.342,0.791,0.718,0.307,0.55,0.843,-0.533,0.333,0.348,0.286,-0.257,0.906,0.568,0.912,0.827,0.423,0.487,-0.314,0.713,0.752,0.211,0.794,0.866,0.153,0.586,0.609,0.8,-0.613,0.656,0.538,0.625,0.589
BLKB,-0.031,-0.112,-0.041,0.749,0.548,0.117,0.115,0.567,0.298,-0.427,0.787,0.013,0.001,0.547,-0.141,0.594,0.786,0.812,0.668,0.089,-0.459,0.33,0.222,0.664,0.829,0.108,0.72,0.095,0.594,0.653,0.0,0.008,0.323,0.442,0.772,0.545,0.657,0.815,0.659,0.772,0.818,0.375,0.591,0.489,0.83,0.656,0.52,0.779,0.799,-0.57,0.469,0.348,-0.653,0.507,0.546,0.725,-0.446,0.786,0.774,0.177,0.729,0.75,-0.174,0.433,0.797,0.538,0.784,0.625,0.648,0.253,-0.315,0.473,0.672,-0.05,0.524,0.632,0.695,0.344,0.127,0.526,0.808,0.058,-0.027,0.725,0.614,0.626,-0.007,0.325,0.296,0.758,0.409,0.551,0.798,0.887,-0.168,0.147,0.873,-0.202,0.279,0.77,0.368,0.609,0.314,0.431,0.766,-0.743,0.06,0.488,0.864,-0.582,0.236,0.328,0.651,0.042,0.728,0.816,0.561,0.832,0.702,0.268,-0.296,0.624,-0.45,0.133,0.551,0.795,0.614,-0.519,0.007,0.63,0.644,-0.125,-0.352,0.602,-0.177,0.649,0.796,-0.01,0.663,0.529,0.596,0.691,0.554,0.358,-0.18,0.589,0.542,0.492,0.6,-0.514,0.644,0.816,0.584,0.242,0.439,0.501,0.782,0.516,0.618,0.197,0.22,0.586,-0.09,0.852,0.265,0.061,0.49,0.654,-0.776,0.801,0.052,0.671,0.836,0.495,-0.471,-0.311,-0.171,0.701,-0.602,0.632,0.946,0.505,0.399,0.518,0.858,-0.391,0.395,0.738,0.636,0.821,0.691,-0.029,0.267,0.732,0.397,-0.318,0.854,-0.08,-0.083,0.251
