,ABAT,ACLS,ACMR,ADMA,ADUS,ADVM,AEIS,AGNCM,AHCO,ALGT,ALLO,AMSF,ANAB,ANDE,APLS,APPF,ASML,ATRC,AVGO,AVT,AXDX,AXSM,AZN,BANR,BBIO,BCYC,BHFAP,BKR,BLDP,BLFS,BLKB,BLMN,BNTX,BPMC,CALM,CAMT,CASH,CATY,CCEP,CDLX,CDNS,CENN,CENX,CGC,CHDN,CLBK,COKE,COLB,COO,CORT,CRMT,CRNX,CRTO,CRVL,CSCO,CSQ,CSWI,CVBF,CWST,CYCC,CZR,DLTR,DORM,ENTA,EQIX,ERIC,EVRG,EWBC,EXAS,EXLS,EXPI,EYE,FBNC,FBRX,FCNCA,FELE,FIBK,FLEX,FRGT,FRHC,FRME,FWONA,FWONK,GDEN,GIII,GILD,GLNG,GNTX,GOOGL,GRPN,HCSG,HIMX,HOPE,HST,HTLD,HUT,HWC,ICUI,IESC,INTC,INTU,IOVA,IPAR,IPGP,ISRG,JBSS,KALU,KPRX,KRNT,LAUR,LBRDA,LBTYK,LECO,LILAK,LITE,MANH,MDXG,MFIC,MGEE,MIDD,MLAB,MMSI,MNKD,MOMO,MRVL,NICE,NMFC,NUWE,NVCR,NWBI,OFIX,OFLX,OMCL,OPK,ORKA,ORLY,OTTR,PDD,PNTG,POOL,POWL,PPBI,PPC,PRAA,PRPL,PZZA,QTRX,QURE,RDFN,RDHL,REAL,REG,REYN,RGLD,RIOT,RUN,RYTM,SAIA,SBAC,SBRA,SCVL,SHOO,SLAB,SLDB,SMCI,SMTC,SRCE,SSP,SSRM,STBA,STRO,SVC,SYBT,TCBI,TCOM,TENX,TH,TMUS,TNDM,TTD,TTMI,UAL,ULH,ULTA,VCYT,VIRT,VKTX,VOD,VRDN,VREX,VRNT,VSAT,WB,WBD,WDC,WEN,WSFS,XXII,Z,ZBRA
ABAT,0.0,-0.12,-0.137,-0.008,-0.168,-0.311,-0.258,0.056,0.637,-0.071,-0.159,0.306,-0.297,-0.363,0.001,0.06,-0.329,0.015,-0.359,-0.268,-0.367,0.037,0.334,-0.228,-0.224,-0.136,0.261,0.418,0.202,0.168,-0.273,-0.341,-0.121,-0.152,-0.224,-0.135,-0.279,-0.197,-0.339,0.365,0.106,-0.038,0.37,-0.128,-0.264,-0.41,-0.335,-0.13,-0.239,-0.243,0.399,0.056,0.278,-0.364,-0.054,0.219,-0.103,-0.179,-0.067,0.119,0.421,0.114,-0.037,0.468,0.421,-0.315,-0.16,-0.144,0.131,0.0,-0.384,-0.094,-0.164,-0.294,0.497,-0.227,-0.105,-0.178,0.018,0.236,-0.277,-0.01,0.108,-0.463,-0.191,-0.195,0.336,-0.305,-0.325,0.253,0.035,0.044,-0.312,-0.1,0.038,0.445,-0.167,0.49,-0.256,-0.001,-0.11,0.15,-0.22,-0.197,-0.081,-0.34,-0.102,-0.188,0.318,-0.372,0.468,0.135,-0.147,0.346,-0.086,0.435,0.098,-0.115,0.346,-0.15,-0.318,0.407,0.2,-0.473,-0.057,-0.454,0.056,0.28,0.299,-0.142,-0.199,-0.149,-0.031,0.086,0.229,0.262,-0.094,0.168,0.288,-0.268,0.038,-0.255,-0.331,-0.087,-0.411,-0.282,0.623,0.025,-0.039,0.395,0.258,0.051,-0.012,0.398,0.113,0.263,-0.357,0.154,0.212,0.531,-0.177,0.031,-0.26,-0.268,0.005,-0.318,-0.187,0.121,0.476,-0.276,-0.348,-0.211,-0.375,-0.122,0.136,0.255,0.101,-0.25,-0.185,0.09,0.225,-0.294,0.021,-0.027,0.275,-0.152,-0.232,0.45,0.057,-0.279,-0.156,-0.046,-0.044,-0.011,-0.102,0.114,-0.154,0.103,-0.124,0.228
ACLS,-0.12,0.0,0.847,0.389,-0.447,-0.012,-0.167,-0.717,-0.135,-0.652,0.59,-0.698,-0.34,0.051,-0.64,0.725,-0.313,0.728,0.332,0.574,0.667,-0.679,-0.189,-0.37,-0.445,-0.206,-0.662,0.589,0.054,-0.367,-0.574,-0.117,-0.051,-0.544,0.012,-0.15,-0.455,-0.382,-0.478,-0.311,0.304,0.677,-0.208,-0.607,0.459,0.1,-0.557,-0.458,0.309,-0.303,0.535,-0.817,-0.757,-0.287,0.428,-0.777,-0.37,-0.263,-0.302,0.642,0.585,-0.617,-0.644,-0.561,-0.742,-0.531,-0.639,-0.546,-0.246,-0.614,-0.204,0.414,-0.215,-0.534,0.209,-0.287,-0.466,0.819,0.756,0.431,-0.337,0.401,0.56,-0.043,-0.431,-0.499,0.591,0.021,0.364,-0.809,0.696,0.737,-0.272,-0.51,-0.657,-0.251,-0.473,-0.049,-0.546,-0.213,-0.361,-0.8,-0.166,-0.388,-0.544,-0.262,0.497,0.585,-0.01,-0.084,0.539,0.429,-0.538,0.242,0.332,-0.363,-0.846,-0.546,0.224,-0.534,-0.149,0.51,0.411,0.526,0.648,-0.51,0.069,0.122,-0.146,-0.268,-0.421,-0.48,-0.33,-0.738,-0.295,0.176,0.694,-0.762,-0.538,-0.278,-0.164,-0.509,0.19,-0.61,-0.526,-0.226,-0.42,-0.514,-0.627,-0.618,-0.609,-0.43,0.509,-0.767,-0.801,-0.637,-0.433,0.449,-0.725,-0.043,-0.549,-0.674,-0.501,-0.527,0.646,-0.418,-0.085,0.212,0.225,-0.231,-0.452,-0.272,-0.047,-0.185,0.661,0.724,0.353,-0.574,-0.62,-0.44,-0.299,-0.291,-0.407,-0.658,-0.295,-0.479,-0.594,-0.261,-0.667,-0.15,-0.695,-0.623,0.687,-0.532,-0.493,-0.414,-0.18,0.705,-0.491,-0.78
ACMR,-0.137,0.847,0.0,0.467,-0.425,-0.111,-0.048,-0.575,-0.109,-0.659,0.646,-0.601,-0.466,-0.047,-0.779,0.661,-0.256,0.796,0.498,0.523,0.549,-0.759,-0.13,-0.559,-0.565,-0.385,-0.77,0.643,-0.245,-0.145,-0.63,-0.119,-0.299,-0.498,-0.258,-0.04,-0.565,-0.493,-0.511,-0.471,0.539,0.788,0.081,-0.681,0.531,-0.039,-0.535,-0.602,0.163,-0.334,0.603,-0.782,-0.784,-0.334,0.279,-0.664,-0.441,-0.435,-0.501,0.393,0.654,-0.753,-0.709,-0.396,-0.794,-0.588,-0.64,-0.671,0.033,-0.667,-0.369,0.491,-0.43,-0.477,0.089,-0.437,-0.583,0.898,0.73,0.616,-0.456,0.667,0.749,-0.114,-0.387,-0.558,0.48,0.157,0.503,-0.835,0.639,0.806,-0.391,-0.424,-0.78,-0.38,-0.601,-0.292,-0.482,0.182,-0.291,-0.769,-0.388,-0.453,-0.253,-0.369,0.441,0.493,0.117,-0.054,0.62,0.191,-0.625,0.056,0.386,-0.376,-0.727,-0.64,0.039,-0.6,-0.316,0.6,0.301,0.519,0.781,-0.429,0.132,0.187,-0.464,-0.497,-0.208,-0.608,-0.361,-0.725,-0.026,0.29,0.41,-0.759,-0.259,-0.408,-0.211,-0.558,-0.031,-0.698,-0.574,-0.371,-0.268,-0.446,-0.683,-0.608,-0.605,-0.578,0.22,-0.675,-0.852,-0.753,-0.489,0.51,-0.851,0.174,-0.607,-0.642,-0.554,-0.641,0.813,-0.442,-0.275,0.163,0.071,-0.414,-0.455,-0.444,-0.181,-0.439,0.677,0.561,0.382,-0.601,-0.675,-0.434,-0.316,-0.434,-0.543,-0.777,-0.068,-0.512,-0.696,-0.228,-0.768,0.038,-0.651,-0.707,0.821,-0.51,-0.366,-0.487,-0.342,0.456,-0.617,-0.73
ADMA,-0.008,0.389,0.467,0.0,-0.264,0.312,-0.209,-0.259,0.246,-0.354,0.797,-0.366,-0.242,0.07,-0.339,0.634,-0.168,0.628,0.086,-0.005,0.255,-0.592,0.099,-0.301,-0.319,-0.524,-0.106,0.329,0.057,0.491,-0.427,-0.155,-0.322,-0.446,-0.206,-0.338,-0.359,-0.356,-0.23,-0.177,0.088,0.516,0.153,-0.372,0.13,-0.009,-0.402,-0.389,0.175,-0.175,0.395,-0.375,-0.415,-0.2,-0.134,-0.379,-0.474,-0.235,-0.295,0.1,0.533,-0.444,-0.226,0.139,-0.32,-0.349,-0.46,-0.402,0.478,-0.303,-0.336,0.62,-0.324,-0.401,0.034,-0.254,-0.421,0.397,0.608,0.487,-0.317,0.382,0.4,-0.184,-0.454,-0.328,0.21,0.337,0.307,-0.456,0.665,0.584,-0.298,-0.384,-0.559,0.111,-0.379,-0.091,-0.464,0.022,-0.365,-0.275,-0.285,-0.403,0.029,-0.278,0.217,0.285,0.137,-0.199,0.389,0.246,-0.467,-0.097,-0.003,-0.01,-0.39,-0.487,0.266,-0.455,-0.33,0.307,0.644,0.221,0.269,-0.14,0.038,0.06,-0.007,-0.245,-0.322,-0.435,-0.44,-0.132,0.18,0.508,0.261,-0.594,-0.082,0.022,-0.103,-0.262,0.319,-0.39,-0.278,-0.244,0.153,-0.147,-0.507,-0.589,-0.131,-0.344,0.119,-0.363,-0.419,-0.279,-0.157,0.649,-0.416,0.38,-0.407,-0.461,-0.495,-0.502,0.514,-0.522,-0.225,0.379,0.071,-0.243,-0.291,-0.353,-0.026,-0.431,0.228,0.214,0.306,-0.465,-0.496,-0.631,-0.61,-0.163,-0.502,-0.467,0.222,-0.459,-0.376,0.209,-0.276,-0.027,-0.561,-0.482,0.529,-0.279,-0.438,-0.085,-0.152,0.148,-0.499,-0.517
ADUS,-0.168,-0.447,-0.425,-0.264,0.0,-0.195,0.679,0.563,-0.192,0.827,-0.537,0.563,0.811,0.629,0.7,-0.716,0.868,-0.656,0.429,0.163,-0.478,0.765,0.401,0.746,0.83,0.686,0.409,-0.652,0.127,0.348,0.884,0.768,-0.146,0.93,0.455,0.298,0.746,0.836,0.829,0.464,-0.066,-0.703,0.331,0.537,0.401,0.596,0.866,0.787,0.255,0.842,-0.783,0.808,0.529,0.854,0.118,0.652,0.879,0.665,0.775,-0.64,-0.472,0.748,0.818,0.104,0.467,0.861,0.741,0.791,0.226,0.867,0.682,-0.246,0.704,0.859,-0.186,0.733,0.793,-0.369,-0.683,-0.64,0.774,-0.238,-0.421,0.732,0.891,0.874,-0.621,0.416,-0.445,0.663,-0.234,-0.784,0.783,0.927,0.693,-0.157,0.787,0.204,0.878,0.083,0.811,0.747,0.725,0.843,0.661,0.818,0.21,-0.022,0.015,0.551,-0.77,-0.411,0.839,-0.171,0.296,0.303,0.733,0.84,-0.31,0.857,0.745,-0.56,-0.304,-0.037,-0.293,0.561,0.411,-0.583,0.34,0.709,0.558,0.749,0.781,0.478,-0.126,-0.141,-0.21,0.663,0.369,0.534,0.567,0.859,0.319,0.82,0.69,0.795,0.209,0.723,0.808,0.32,0.503,0.814,-0.067,0.273,0.737,0.566,0.83,-0.232,0.479,-0.311,0.826,0.893,0.812,0.641,-0.577,0.811,0.687,0.08,-0.729,0.707,0.762,0.799,0.68,0.693,-0.588,-0.711,-0.745,0.865,0.835,0.694,0.546,0.594,0.751,0.756,0.372,0.9,0.829,-0.49,0.654,0.602,0.695,0.857,-0.656,0.834,0.807,0.752,0.666,-0.662,0.852,0.738
ADVM,-0.311,-0.012,-0.111,0.312,-0.195,0.0,-0.073,-0.142,-0.229,0.098,0.452,-0.379,0.127,0.179,0.12,0.153,-0.093,0.084,-0.273,-0.05,0.487,-0.129,-0.442,0.163,0.199,-0.09,0.165,-0.308,0.261,0.106,0.062,0.072,0.41,-0.234,0.237,-0.366,0.219,0.024,0.224,-0.085,-0.615,0.048,-0.421,0.288,-0.193,0.254,0.048,0.055,0.231,-0.034,-0.175,-0.097,-0.104,0.018,-0.138,-0.361,-0.295,0.168,0.007,0.026,-0.232,-0.094,0.143,-0.059,-0.207,0.148,-0.08,0.071,-0.032,-0.024,0.229,0.414,0.117,-0.027,-0.305,0.198,0.014,-0.099,0.204,-0.1,0.117,-0.172,-0.189,0.158,-0.204,-0.056,-0.066,0.201,0.309,-0.145,0.245,0.071,0.097,-0.241,0.0,0.068,0.099,-0.124,-0.111,-0.393,-0.4,-0.003,0.107,0.045,-0.214,0.148,-0.029,0.038,-0.269,-0.024,-0.21,0.348,0.001,0.153,-0.14,-0.265,-0.182,-0.002,-0.009,0.021,0.14,-0.132,0.278,0.348,-0.242,0.27,-0.27,-0.066,0.235,0.117,-0.137,0.05,-0.213,0.238,-0.104,-0.323,0.188,-0.299,-0.416,0.381,0.029,0.145,0.526,0.079,0.384,0.2,-0.376,0.056,-0.059,-0.381,-0.026,-0.15,0.067,-0.248,0.018,-0.006,0.14,0.016,0.009,-0.279,0.034,-0.222,0.059,0.31,-0.063,0.014,0.063,0.287,-0.027,0.23,0.138,0.089,0.265,0.049,-0.202,-0.059,0.187,-0.015,0.051,-0.499,-0.618,0.369,-0.019,0.016,-0.356,-0.183,0.165,0.056,0.193,-0.115,0.088,0.006,0.059,-0.1,-0.399,-0.049,0.182,0.066,-0.06,-0.343
AEIS,-0.258,-0.167,-0.048,-0.209,0.679,-0.073,0.0,0.336,-0.356,0.615,-0.323,0.256,0.577,0.371,0.25,-0.61,0.758,-0.402,0.615,0.277,-0.194,0.516,0.25,0.455,0.578,0.529,-0.02,-0.502,-0.074,0.138,0.586,0.704,-0.107,0.683,0.277,0.459,0.504,0.581,0.614,0.156,0.277,-0.306,0.239,0.166,0.498,0.489,0.707,0.488,0.335,0.705,-0.508,0.481,0.153,0.58,0.178,0.451,0.651,0.432,0.42,-0.512,-0.264,0.346,0.455,0.038,0.062,0.597,0.647,0.463,0.269,0.59,0.624,0.095,0.495,0.732,-0.289,0.502,0.568,-0.019,-0.482,-0.311,0.575,0.028,-0.17,0.657,0.726,0.549,-0.44,0.344,0.061,0.243,-0.115,-0.38,0.618,0.715,0.365,-0.51,0.499,-0.102,0.719,0.361,0.795,0.465,0.428,0.719,0.633,0.639,0.24,0.179,0.163,0.597,-0.509,-0.376,0.516,-0.134,0.512,-0.012,0.504,0.583,-0.36,0.602,0.572,-0.213,-0.311,0.148,0.203,0.475,0.536,-0.458,0.105,0.354,0.712,0.438,0.788,0.177,-0.021,-0.256,-0.189,0.393,0.32,0.35,0.158,0.594,0.162,0.514,0.472,0.571,0.048,0.651,0.586,0.204,0.155,0.423,-0.056,0.112,0.36,0.228,0.609,-0.403,0.168,-0.238,0.609,0.592,0.614,0.518,-0.187,0.735,0.468,0.119,-0.671,0.503,0.613,0.546,0.525,0.48,-0.245,-0.579,-0.614,0.594,0.629,0.604,0.386,0.498,0.555,0.36,0.366,0.655,0.51,-0.613,0.4,0.745,0.656,0.54,-0.246,0.559,0.694,0.315,0.426,-0.482,0.652,0.475
AGNCM,0.056,-0.717,-0.575,-0.259,0.563,-0.142,0.336,0.0,0.017,0.594,-0.531,0.71,0.327,0.114,0.503,-0.642,0.437,-0.529,-0.087,-0.382,-0.591,0.602,0.276,0.334,0.439,0.233,0.467,-0.511,-0.141,0.429,0.529,0.266,-0.209,0.576,0.056,0.318,0.376,0.38,0.511,0.195,-0.115,-0.544,0.248,0.391,-0.171,0.012,0.556,0.413,-0.025,0.395,-0.498,0.687,0.595,0.353,-0.36,0.761,0.465,0.236,0.326,-0.589,-0.388,0.513,0.605,0.478,0.621,0.49,0.685,0.482,0.2,0.62,0.2,-0.275,0.221,0.521,-0.196,0.289,0.432,-0.535,-0.638,-0.36,0.341,-0.218,-0.348,0.165,0.44,0.521,-0.557,0.094,-0.247,0.685,-0.514,-0.611,0.299,0.555,0.548,0.073,0.425,0.11,0.579,0.276,0.453,0.694,0.209,0.421,0.639,0.37,-0.316,-0.408,0.053,0.191,-0.475,-0.502,0.504,-0.357,-0.174,0.377,0.762,0.539,-0.086,0.483,0.214,-0.4,-0.354,-0.412,-0.427,0.486,0.234,-0.092,0.049,0.253,0.529,0.366,0.428,0.636,0.287,0.028,-0.592,0.629,0.572,0.335,0.167,0.515,-0.051,0.595,0.428,0.314,0.463,0.457,0.553,0.473,0.401,0.455,-0.408,0.691,0.664,0.507,0.455,-0.277,0.57,0.105,0.467,0.653,0.469,0.45,-0.507,0.424,0.153,-0.179,-0.335,0.244,0.421,0.285,0.157,0.217,-0.534,-0.645,-0.576,0.548,0.583,0.472,0.301,0.273,0.408,0.545,0.457,0.503,0.527,0.066,0.574,0.422,0.595,0.552,-0.523,0.489,0.527,0.426,0.182,-0.705,0.505,0.701
AHCO,0.637,-0.135,-0.109,0.246,-0.192,-0.229,-0.356,0.017,0.0,-0.209,0.045,0.379,-0.429,-0.476,-0.115,0.3,-0.464,0.106,-0.529,-0.505,-0.499,-0.096,0.179,-0.362,-0.375,-0.497,0.244,0.441,0.12,0.352,-0.37,-0.539,-0.078,-0.327,-0.444,-0.021,-0.364,-0.361,-0.475,0.212,0.059,0.14,0.245,-0.136,-0.474,-0.537,-0.482,-0.291,-0.449,-0.414,0.463,0.019,0.32,-0.493,-0.249,0.162,-0.355,-0.29,-0.285,0.13,0.487,-0.056,-0.04,0.584,0.366,-0.377,-0.198,-0.264,0.316,-0.12,-0.514,0.065,-0.337,-0.448,0.345,-0.449,-0.28,-0.133,0.161,0.409,-0.446,0.058,0.095,-0.61,-0.368,-0.337,0.336,-0.227,-0.189,0.194,0.109,0.172,-0.478,-0.253,-0.06,0.689,-0.318,0.289,-0.411,0.08,-0.231,0.023,-0.423,-0.405,-0.032,-0.537,-0.278,-0.362,0.417,-0.531,0.483,0.157,-0.329,0.24,-0.395,0.632,0.127,-0.334,0.606,-0.332,-0.549,0.23,0.13,-0.562,-0.047,-0.288,-0.04,0.468,0.123,-0.261,-0.232,-0.337,-0.123,0.325,0.451,0.416,-0.232,0.083,0.404,-0.207,-0.134,-0.353,-0.36,-0.198,-0.44,-0.438,0.646,-0.08,-0.134,0.409,0.476,-0.109,-0.176,0.46,0.059,0.181,-0.435,0.329,0.21,0.641,-0.326,-0.081,-0.463,-0.453,0.209,-0.519,-0.395,0.208,0.582,-0.39,-0.531,-0.374,-0.483,-0.304,0.139,0.254,0.236,-0.418,-0.343,-0.095,-0.003,-0.417,-0.304,-0.177,0.459,-0.363,-0.332,0.74,-0.078,-0.394,-0.32,-0.168,0.112,-0.074,-0.235,0.031,-0.301,0.057,-0.281,0.17
ALGT,-0.071,-0.652,-0.659,-0.354,0.827,0.098,0.615,0.594,-0.209,0.0,-0.547,0.456,0.851,0.518,0.867,-0.84,0.781,-0.8,0.128,0.038,-0.399,0.839,0.298,0.861,0.907,0.732,0.661,-0.827,0.354,0.281,0.926,0.734,0.109,0.865,0.568,0.06,0.89,0.888,0.896,0.569,-0.357,-0.866,0.255,0.757,0.128,0.585,0.903,0.907,0.244,0.814,-0.845,0.871,0.605,0.792,-0.036,0.677,0.79,0.796,0.808,-0.687,-0.601,0.85,0.899,0.213,0.586,0.92,0.786,0.922,0.2,0.935,0.784,-0.281,0.798,0.888,-0.117,0.82,0.917,-0.639,-0.789,-0.717,0.869,-0.517,-0.682,0.677,0.838,0.899,-0.638,0.341,-0.485,0.765,-0.307,-0.853,0.844,0.878,0.852,-0.034,0.911,0.297,0.847,-0.014,0.694,0.875,0.745,0.91,0.575,0.802,0.093,-0.095,-0.053,0.474,-0.811,-0.192,0.914,0.018,0.227,0.265,0.767,0.91,-0.365,0.942,0.757,-0.546,-0.205,-0.12,-0.551,0.642,0.211,-0.625,0.484,0.787,0.471,0.834,0.711,0.614,-0.206,-0.398,-0.223,0.743,0.229,0.633,0.487,0.939,0.328,0.943,0.843,0.824,0.163,0.826,0.924,0.393,0.597,0.831,-0.032,0.378,0.888,0.78,0.822,-0.462,0.695,-0.361,0.925,0.913,0.914,0.833,-0.778,0.861,0.724,0.122,-0.613,0.807,0.864,0.839,0.685,0.75,-0.749,-0.815,-0.621,0.923,0.945,0.638,0.478,0.804,0.839,0.899,0.229,0.874,0.929,-0.35,0.895,0.445,0.86,0.939,-0.825,0.855,0.753,0.75,0.759,-0.616,0.897,0.773
ALLO,-0.159,0.59,0.646,0.797,-0.537,0.452,-0.323,-0.531,0.045,-0.547,0.0,-0.667,-0.401,0.001,-0.55,0.768,-0.392,0.789,0.05,0.181,0.616,-0.816,-0.232,-0.432,-0.455,-0.566,-0.379,0.437,0.033,0.184,-0.582,-0.194,-0.08,-0.684,-0.196,-0.418,-0.418,-0.5,-0.383,-0.383,-0.047,0.708,-0.09,-0.383,0.173,-0.015,-0.561,-0.53,0.151,-0.403,0.487,-0.691,-0.674,-0.35,-0.075,-0.744,-0.677,-0.309,-0.464,0.308,0.535,-0.704,-0.468,-0.17,-0.68,-0.491,-0.672,-0.558,0.156,-0.576,-0.333,0.691,-0.391,-0.557,-0.003,-0.341,-0.565,0.563,0.82,0.597,-0.414,0.417,0.498,-0.176,-0.594,-0.553,0.381,0.288,0.486,-0.745,0.741,0.777,-0.393,-0.592,-0.676,-0.011,-0.517,-0.245,-0.62,-0.089,-0.624,-0.609,-0.373,-0.532,-0.285,-0.367,0.28,0.349,0.035,-0.182,0.512,0.481,-0.622,0.108,0.056,-0.297,-0.695,-0.658,0.192,-0.604,-0.34,0.434,0.564,0.519,0.33,-0.195,-0.176,0.144,-0.21,-0.378,-0.441,-0.538,-0.609,-0.347,0.035,0.215,0.446,-0.849,-0.401,-0.094,-0.193,-0.447,0.253,-0.591,-0.332,-0.31,-0.248,-0.353,-0.667,-0.748,-0.374,-0.584,0.191,-0.627,-0.669,-0.559,-0.392,0.66,-0.652,0.164,-0.595,-0.711,-0.579,-0.52,0.62,-0.574,-0.301,0.375,0.165,-0.301,-0.416,-0.427,-0.076,-0.491,0.406,0.412,0.562,-0.618,-0.658,-0.839,-0.734,-0.244,-0.616,-0.652,-0.165,-0.664,-0.548,0.142,-0.522,-0.151,-0.659,-0.659,0.722,-0.475,-0.661,-0.329,-0.227,0.363,-0.678,-0.82
AMSF,0.306,-0.698,-0.601,-0.366,0.563,-0.379,0.256,0.71,0.379,0.456,-0.667,0.0,0.17,-0.059,0.408,-0.555,0.265,-0.538,-0.178,-0.495,-0.823,0.663,0.288,0.162,0.307,0.153,0.394,-0.24,-0.227,0.452,0.422,0.071,-0.151,0.531,-0.17,0.523,0.206,0.258,0.269,0.364,0.04,-0.486,0.288,0.307,-0.264,-0.224,0.377,0.279,-0.326,0.2,-0.301,0.748,0.837,0.184,-0.136,0.829,0.45,0.068,0.232,-0.478,-0.227,0.534,0.557,0.545,0.738,0.342,0.636,0.344,0.255,0.559,0.008,-0.278,0.1,0.368,-0.122,0.137,0.311,-0.484,-0.615,-0.233,0.138,-0.052,-0.196,-0.029,0.387,0.355,-0.366,-0.021,-0.342,0.785,-0.563,-0.638,0.095,0.489,0.556,0.285,0.284,0.145,0.502,0.241,0.455,0.667,0.082,0.29,0.552,0.197,-0.398,-0.649,0.255,0.096,-0.319,-0.582,0.407,-0.203,-0.268,0.614,0.853,0.466,0.124,0.383,0.052,-0.315,-0.514,-0.598,-0.294,0.215,0.316,0.116,0.134,0.135,0.546,0.315,0.499,0.68,0.481,0.144,-0.677,0.711,0.816,0.202,0.218,0.318,-0.274,0.457,0.2,0.151,0.69,0.434,0.538,0.72,0.614,0.423,-0.567,0.826,0.669,0.473,0.28,-0.164,0.58,0.284,0.373,0.66,0.316,0.306,-0.408,0.293,-0.015,-0.184,-0.121,0.067,0.157,0.19,-0.066,0.184,-0.324,-0.428,-0.483,0.391,0.464,0.606,0.511,0.046,0.393,0.481,0.595,0.429,0.394,0.273,0.421,0.28,0.517,0.537,-0.464,0.5,0.494,0.444,0.017,-0.659,0.456,0.845
ANAB,-0.297,-0.34,-0.466,-0.242,0.811,0.127,0.577,0.327,-0.429,0.851,-0.401,0.17,0.0,0.724,0.827,-0.657,0.86,-0.683,0.341,0.304,-0.135,0.732,0.277,0.96,0.942,0.837,0.527,-0.786,0.455,0.077,0.923,0.839,0.095,0.837,0.768,-0.055,0.92,0.959,0.914,0.518,-0.334,-0.794,0.12,0.647,0.368,0.84,0.893,0.936,0.45,0.927,-0.873,0.694,0.34,0.931,0.2,0.414,0.843,0.897,0.921,-0.545,-0.625,0.8,0.807,-0.115,0.349,0.939,0.649,0.918,0.078,0.856,0.912,-0.291,0.919,0.87,-0.094,0.924,0.923,-0.446,-0.629,-0.834,0.963,-0.531,-0.655,0.863,0.853,0.936,-0.522,0.351,-0.507,0.553,-0.114,-0.761,0.964,0.827,0.708,-0.179,0.94,0.311,0.783,-0.207,0.676,0.7,0.92,0.916,0.387,0.929,0.383,0.175,-0.18,0.521,-0.857,-0.067,0.909,-0.016,0.375,0.046,0.504,0.887,-0.417,0.929,0.908,-0.602,-0.015,0.126,-0.444,0.565,0.182,-0.772,0.543,0.902,0.279,0.884,0.644,0.315,-0.505,-0.414,0.147,0.57,-0.089,0.642,0.569,0.947,0.588,0.885,0.84,0.911,-0.141,0.714,0.807,0.131,0.394,0.858,0.289,0.015,0.705,0.643,0.921,-0.39,0.506,-0.595,0.923,0.778,0.911,0.789,-0.719,0.87,0.895,0.094,-0.686,0.92,0.906,0.939,0.863,0.862,-0.644,-0.679,-0.605,0.912,0.879,0.543,0.422,0.815,0.814,0.842,-0.023,0.896,0.928,-0.619,0.77,0.378,0.68,0.862,-0.759,0.777,0.697,0.738,0.884,-0.41,0.886,0.528
ANDE,-0.363,0.051,-0.047,0.07,0.629,0.179,0.371,0.114,-0.476,0.518,0.001,-0.059,0.724,0.0,0.495,-0.245,0.65,-0.194,0.483,0.63,0.196,0.261,0.111,0.686,0.666,0.616,0.173,-0.427,0.378,0.217,0.643,0.799,-0.008,0.531,0.679,-0.108,0.674,0.706,0.712,0.408,-0.302,-0.417,0.166,0.512,0.646,0.85,0.6,0.639,0.509,0.63,-0.611,0.284,0.034,0.784,0.397,0.056,0.593,0.689,0.677,-0.372,-0.27,0.45,0.527,-0.319,-0.025,0.669,0.252,0.594,-0.049,0.524,0.668,-0.002,0.676,0.557,-0.083,0.795,0.586,-0.032,-0.158,-0.487,0.722,-0.19,-0.22,0.834,0.59,0.647,-0.405,0.585,-0.275,0.169,0.255,-0.41,0.735,0.553,0.387,-0.261,0.641,0.155,0.546,-0.351,0.336,0.287,0.769,0.659,0.189,0.771,0.64,0.292,-0.403,0.613,-0.55,0.001,0.632,0.086,0.516,-0.138,0.091,0.584,-0.351,0.609,0.797,-0.312,0.223,0.532,-0.202,0.341,0.268,-0.74,0.348,0.715,0.19,0.633,0.318,0.122,-0.517,-0.217,0.332,0.06,-0.259,0.586,0.723,0.71,0.785,0.555,0.647,0.776,-0.232,0.38,0.409,-0.351,0.103,0.56,0.252,-0.37,0.314,0.236,0.627,0.136,0.015,-0.49,0.59,0.452,0.655,0.516,-0.387,0.575,0.779,0.328,-0.669,0.755,0.681,0.708,0.872,0.63,-0.458,-0.369,-0.326,0.607,0.523,0.133,0.167,0.656,0.551,0.48,-0.133,0.583,0.606,-0.64,0.394,0.438,0.295,0.543,-0.35,0.558,0.336,0.575,0.75,-0.216,0.489,0.095
APLS,0.001,-0.64,-0.779,-0.339,0.7,0.12,0.25,0.503,-0.115,0.867,-0.55,0.408,0.827,0.495,0.0,-0.686,0.608,-0.818,-0.129,-0.055,-0.393,0.812,0.294,0.899,0.866,0.703,0.864,-0.751,0.551,0.163,0.862,0.557,0.181,0.748,0.638,-0.198,0.871,0.858,0.782,0.65,-0.561,-0.955,0.14,0.804,-0.072,0.542,0.756,0.918,0.212,0.712,-0.814,0.817,0.63,0.722,-0.038,0.579,0.707,0.824,0.881,-0.503,-0.64,0.941,0.898,0.159,0.724,0.851,0.647,0.942,0.047,0.872,0.695,-0.473,0.811,0.72,0.073,0.801,0.883,-0.779,-0.723,-0.827,0.829,-0.733,-0.815,0.533,0.679,0.874,-0.518,0.138,-0.715,0.835,-0.291,-0.878,0.781,0.721,0.868,0.233,0.923,0.53,0.647,-0.298,0.496,0.835,0.802,0.777,0.313,0.715,0.071,-0.143,-0.199,0.224,-0.78,-0.021,0.903,0.075,0.015,0.363,0.639,0.85,-0.212,0.881,0.69,-0.642,-0.02,-0.243,-0.791,0.484,-0.025,-0.541,0.618,0.872,0.123,0.863,0.491,0.594,-0.364,-0.346,-0.053,0.753,0.023,0.608,0.557,0.87,0.383,0.932,0.774,0.759,0.122,0.645,0.839,0.395,0.638,0.898,0.14,0.37,0.906,0.89,0.75,-0.373,0.812,-0.375,0.856,0.83,0.827,0.757,-0.901,0.692,0.736,0.017,-0.374,0.796,0.759,0.821,0.62,0.773,-0.796,-0.642,-0.492,0.856,0.854,0.519,0.438,0.715,0.776,0.965,0.004,0.787,0.908,-0.18,0.905,0.082,0.669,0.902,-0.945,0.762,0.586,0.803,0.789,-0.416,0.83,0.699
APPF,0.06,0.725,0.661,0.634,-0.716,0.153,-0.61,-0.642,0.3,-0.84,0.768,-0.555,-0.657,-0.245,-0.686,0.0,-0.69,0.833,-0.173,0.064,0.462,-0.851,-0.281,-0.653,-0.73,-0.697,-0.444,0.735,-0.035,-0.076,-0.813,-0.558,-0.097,-0.863,-0.376,-0.302,-0.696,-0.73,-0.734,-0.341,0.096,0.787,-0.249,-0.574,-0.046,-0.317,-0.861,-0.742,-0.071,-0.679,0.754,-0.833,-0.576,-0.638,0.065,-0.779,-0.792,-0.554,-0.607,0.637,0.64,-0.74,-0.675,-0.208,-0.565,-0.764,-0.824,-0.766,-0.089,-0.799,-0.62,0.446,-0.585,-0.861,0.181,-0.616,-0.787,0.591,0.9,0.65,-0.703,0.419,0.583,-0.5,-0.813,-0.761,0.633,-0.097,0.374,-0.723,0.625,0.835,-0.678,-0.82,-0.782,0.205,-0.738,-0.123,-0.866,-0.229,-0.743,-0.807,-0.521,-0.781,-0.608,-0.653,0.102,0.229,0.04,-0.466,0.728,0.477,-0.801,0.139,-0.181,-0.117,-0.816,-0.85,0.483,-0.829,-0.597,0.467,0.489,0.221,0.391,-0.553,-0.239,0.446,-0.216,-0.531,-0.65,-0.729,-0.723,-0.46,0.062,0.444,0.442,-0.81,-0.378,-0.386,-0.298,-0.756,0.029,-0.781,-0.665,-0.592,-0.185,-0.698,-0.856,-0.531,-0.386,-0.659,0.212,-0.53,-0.785,-0.62,-0.68,0.673,-0.625,0.309,-0.817,-0.857,-0.83,-0.758,0.714,-0.843,-0.507,0.156,0.55,-0.575,-0.771,-0.645,-0.411,-0.591,0.606,0.789,0.652,-0.855,-0.896,-0.784,-0.622,-0.559,-0.771,-0.778,-0.225,-0.841,-0.783,0.329,-0.728,-0.48,-0.913,-0.82,0.772,-0.737,-0.814,-0.512,-0.497,0.631,-0.831,-0.831
ASML,-0.329,-0.313,-0.256,-0.168,0.868,-0.093,0.758,0.437,-0.464,0.781,-0.392,0.265,0.86,0.65,0.608,-0.69,0.0,-0.547,0.628,0.329,-0.226,0.632,0.431,0.756,0.792,0.701,0.294,-0.692,0.109,0.215,0.841,0.847,-0.188,0.896,0.528,0.177,0.746,0.841,0.862,0.312,0.037,-0.627,0.355,0.433,0.547,0.713,0.901,0.767,0.375,0.926,-0.776,0.674,0.242,0.909,0.128,0.529,0.852,0.689,0.733,-0.686,-0.487,0.633,0.67,-0.064,0.244,0.843,0.672,0.756,0.273,0.778,0.752,-0.222,0.714,0.914,-0.168,0.769,0.787,-0.267,-0.624,-0.642,0.832,-0.21,-0.395,0.826,0.901,0.88,-0.602,0.497,-0.321,0.441,-0.166,-0.637,0.857,0.901,0.55,-0.4,0.774,0.059,0.862,0.216,0.844,0.657,0.721,0.849,0.687,0.845,0.352,0.21,0.011,0.636,-0.75,-0.334,0.794,-0.264,0.52,0.01,0.57,0.793,-0.544,0.828,0.783,-0.485,-0.17,0.135,-0.173,0.595,0.381,-0.765,0.247,0.68,0.532,0.751,0.681,0.201,-0.267,-0.229,-0.052,0.513,0.178,0.47,0.5,0.856,0.383,0.739,0.709,0.775,0.009,0.706,0.727,0.102,0.243,0.718,0.057,0.044,0.563,0.443,0.882,-0.315,0.312,-0.388,0.823,0.77,0.828,0.637,-0.498,0.85,0.73,0.024,-0.862,0.726,0.858,0.778,0.746,0.635,-0.514,-0.766,-0.682,0.866,0.797,0.622,0.471,0.663,0.703,0.677,0.231,0.891,0.781,-0.667,0.593,0.665,0.672,0.729,-0.568,0.75,0.853,0.632,0.687,-0.579,0.788,0.551
ATRC,0.015,0.728,0.796,0.628,-0.656,0.084,-0.402,-0.529,0.106,-0.8,0.789,-0.538,-0.683,-0.194,-0.818,0.833,-0.547,0.0,0.112,0.217,0.566,-0.908,-0.214,-0.73,-0.715,-0.651,-0.668,0.733,-0.259,0.06,-0.804,-0.395,-0.267,-0.766,-0.433,-0.155,-0.726,-0.729,-0.656,-0.521,0.283,0.875,-0.056,-0.66,0.201,-0.295,-0.759,-0.78,0.007,-0.633,0.742,-0.835,-0.708,-0.542,0.021,-0.717,-0.698,-0.619,-0.683,0.482,0.739,-0.867,-0.753,-0.218,-0.717,-0.773,-0.771,-0.817,-0.021,-0.779,-0.619,0.584,-0.648,-0.746,0.114,-0.591,-0.789,0.8,0.882,0.764,-0.683,0.63,0.769,-0.387,-0.703,-0.769,0.499,0.132,0.561,-0.836,0.629,0.888,-0.652,-0.71,-0.833,-0.103,-0.779,-0.291,-0.69,0.019,-0.649,-0.819,-0.592,-0.726,-0.344,-0.576,0.189,0.291,0.079,-0.228,0.767,0.262,-0.807,0.056,0.085,-0.319,-0.759,-0.802,0.277,-0.817,-0.556,0.671,0.362,0.405,0.577,-0.478,-0.023,0.379,-0.433,-0.649,-0.328,-0.744,-0.616,-0.552,0.201,0.423,0.33,-0.913,-0.244,-0.379,-0.264,-0.728,-0.037,-0.839,-0.675,-0.557,-0.107,-0.619,-0.839,-0.668,-0.583,-0.761,0.064,-0.554,-0.87,-0.795,-0.634,0.723,-0.827,0.334,-0.829,-0.827,-0.783,-0.733,0.797,-0.73,-0.525,0.206,0.322,-0.599,-0.689,-0.662,-0.35,-0.664,0.662,0.655,0.533,-0.81,-0.849,-0.743,-0.573,-0.535,-0.703,-0.858,-0.105,-0.777,-0.817,0.175,-0.806,-0.093,-0.796,-0.851,0.899,-0.645,-0.694,-0.506,-0.537,0.444,-0.831,-0.827
AVGO,-0.359,0.332,0.498,0.086,0.429,-0.273,0.615,-0.087,-0.529,0.128,0.05,-0.178,0.341,0.483,-0.129,-0.173,0.628,0.112,0.0,0.678,0.189,-0.023,0.269,0.161,0.214,0.345,-0.449,-0.089,-0.236,0.005,0.238,0.612,-0.376,0.43,0.175,0.258,0.152,0.306,0.324,-0.144,0.542,0.088,0.355,-0.192,0.903,0.515,0.383,0.152,0.373,0.5,-0.192,-0.009,-0.386,0.517,0.353,-0.026,0.45,0.166,0.201,-0.264,0.034,-0.059,-0.035,-0.362,-0.417,0.244,0.082,0.087,0.171,0.122,0.323,0.135,0.209,0.435,-0.156,0.285,0.184,0.476,-0.027,-0.057,0.317,0.361,0.268,0.603,0.51,0.293,-0.228,0.487,0.133,-0.28,0.191,0.024,0.395,0.454,-0.144,-0.74,0.15,-0.266,0.429,0.354,0.53,-0.042,0.277,0.363,0.406,0.43,0.578,0.535,0.03,0.587,-0.172,-0.304,0.183,-0.235,0.748,-0.356,-0.038,0.202,-0.525,0.236,0.426,0.075,-0.069,0.542,0.509,0.148,0.47,-0.503,-0.208,0.123,0.398,0.184,0.355,-0.44,-0.201,0.004,0.183,-0.118,0.023,0.02,0.251,0.255,0.183,0.035,0.124,0.331,-0.198,0.216,0.085,-0.352,-0.346,0.115,0.136,-0.463,-0.192,-0.283,0.366,0.051,-0.453,-0.27,0.232,0.176,0.28,0.05,0.19,0.413,0.357,0.074,-0.712,0.232,0.386,0.291,0.437,0.16,0.114,-0.231,-0.333,0.287,0.17,0.243,0.221,0.167,0.195,-0.045,0.122,0.395,0.118,-0.798,-0.142,0.674,0.113,0.08,0.147,0.239,0.461,0.106,0.242,-0.179,0.196,-0.053
AVT,-0.268,0.574,0.523,-0.005,0.163,-0.05,0.277,-0.382,-0.505,0.038,0.181,-0.495,0.304,0.63,-0.055,0.064,0.329,0.217,0.678,0.0,0.558,-0.168,-0.006,0.26,0.202,0.46,-0.358,0.074,0.257,-0.269,0.141,0.551,0.035,0.157,0.487,-0.152,0.261,0.337,0.185,0.074,0.128,0.056,0.177,0.029,0.827,0.652,0.159,0.233,0.423,0.294,-0.111,-0.267,-0.476,0.405,0.55,-0.375,0.291,0.375,0.275,0.086,0.133,-0.036,-0.116,-0.627,-0.514,0.166,-0.217,0.14,-0.218,-0.015,0.414,0.034,0.388,0.195,0.217,0.402,0.231,0.479,0.221,-0.106,0.38,0.071,0.154,0.611,0.32,0.196,0.113,0.413,-0.061,-0.362,0.467,0.112,0.428,0.226,-0.05,-0.504,0.217,0.071,0.171,-0.148,0.142,-0.269,0.426,0.325,-0.158,0.368,0.814,0.602,-0.238,0.43,-0.031,0.238,0.19,0.333,0.808,-0.441,-0.407,0.146,-0.403,0.205,0.525,0.197,0.257,0.71,0.33,-0.048,0.236,-0.522,-0.019,0.319,-0.005,0.238,0.135,-0.526,-0.615,-0.272,0.603,-0.313,-0.501,0.04,0.46,0.201,0.426,0.028,0.129,0.399,-0.476,0.009,0.028,-0.497,-0.346,0.138,0.477,-0.712,-0.262,-0.228,0.122,0.178,-0.458,-0.445,0.149,0.007,0.272,0.092,0.11,0.304,0.559,0.324,-0.404,0.406,0.305,0.379,0.55,0.382,0.117,0.103,0.034,0.171,0.072,0.023,0.192,0.26,0.239,-0.036,-0.325,0.234,0.056,-0.735,-0.139,0.296,-0.078,0.051,0.105,0.173,0.146,0.126,0.458,0.284,0.096,-0.309
AXDX,-0.367,0.667,0.549,0.255,-0.478,0.487,-0.194,-0.591,-0.499,-0.399,0.616,-0.823,-0.135,0.196,-0.393,0.462,-0.226,0.566,0.189,0.558,0.0,-0.564,-0.435,-0.128,-0.174,-0.032,-0.498,0.209,0.12,-0.36,-0.327,0.049,0.252,-0.465,0.243,-0.381,-0.148,-0.19,-0.156,-0.361,-0.17,0.462,-0.363,-0.206,0.327,0.277,-0.277,-0.238,0.336,-0.217,0.202,-0.67,-0.697,-0.111,0.262,-0.791,-0.343,-0.024,-0.21,0.407,0.186,-0.505,-0.478,-0.663,-0.786,-0.265,-0.526,-0.3,-0.347,-0.474,0.055,0.361,-0.043,-0.279,0.009,-0.007,-0.256,0.564,0.609,0.139,-0.077,0.171,0.304,0.156,-0.334,-0.33,0.373,0.158,0.41,-0.735,0.519,0.518,-0.052,-0.454,-0.428,-0.378,-0.232,-0.168,-0.327,-0.336,-0.518,-0.598,-0.029,-0.203,-0.527,-0.024,0.429,0.432,-0.314,0.094,0.23,0.482,-0.321,0.284,0.353,-0.746,-0.755,-0.301,-0.143,-0.304,0.075,0.36,0.368,0.742,0.322,-0.195,-0.123,-0.069,-0.14,-0.114,-0.306,-0.206,-0.378,-0.56,-0.409,-0.248,0.654,-0.746,-0.762,-0.037,-0.047,-0.245,0.396,-0.396,-0.094,-0.019,-0.686,-0.335,-0.449,-0.786,-0.609,-0.422,0.401,-0.797,-0.606,-0.563,-0.222,0.188,-0.632,-0.375,-0.322,-0.61,-0.204,-0.081,0.33,-0.151,0.043,0.234,0.015,0.023,-0.105,-0.105,0.181,-0.073,0.387,0.394,0.379,-0.326,-0.335,-0.566,-0.439,0.018,-0.221,-0.427,-0.601,-0.357,-0.298,-0.307,-0.38,-0.081,-0.345,-0.432,0.479,-0.381,-0.498,-0.337,0.023,0.542,-0.372,-0.802
AXSM,0.037,-0.679,-0.759,-0.592,0.765,-0.129,0.516,0.602,-0.096,0.839,-0.816,0.663,0.732,0.261,0.812,-0.851,0.632,-0.908,-0.023,-0.168,-0.564,0.0,0.281,0.747,0.801,0.714,0.629,-0.694,0.209,0.073,0.839,0.487,0.13,0.844,0.458,0.264,0.72,0.78,0.709,0.548,-0.218,-0.876,0.104,0.587,-0.08,0.339,0.805,0.803,0.073,0.709,-0.758,0.902,0.765,0.628,0.059,0.785,0.809,0.635,0.748,-0.531,-0.646,0.897,0.812,0.232,0.73,0.794,0.851,0.832,0.067,0.88,0.643,-0.482,0.696,0.793,-0.071,0.657,0.833,-0.664,-0.898,-0.775,0.718,-0.507,-0.658,0.471,0.768,0.802,-0.478,-0.052,-0.554,0.875,-0.56,-0.919,0.686,0.781,0.852,0.061,0.802,0.37,0.793,-0.035,0.712,0.874,0.646,0.79,0.438,0.682,-0.116,-0.296,0.053,0.322,-0.778,-0.354,0.858,-0.061,0.013,0.358,0.843,0.896,-0.191,0.86,0.61,-0.594,-0.385,-0.382,-0.498,0.428,0.215,-0.33,0.475,0.665,0.47,0.757,0.761,0.578,-0.111,-0.341,-0.317,0.912,0.358,0.461,0.358,0.767,0.102,0.876,0.658,0.643,0.231,0.732,0.897,0.668,0.623,0.825,-0.083,0.594,0.9,0.776,0.723,-0.637,0.807,-0.286,0.851,0.895,0.809,0.782,-0.78,0.795,0.568,-0.177,-0.382,0.635,0.691,0.72,0.43,0.733,-0.608,-0.648,-0.7,0.831,0.902,0.836,0.662,0.559,0.816,0.88,0.252,0.855,0.853,-0.241,0.836,0.282,0.85,0.904,-0.865,0.74,0.756,0.63,0.558,-0.543,0.918,0.898
AZN,0.334,-0.189,-0.13,0.099,0.401,-0.442,0.25,0.276,0.179,0.298,-0.232,0.288,0.277,0.111,0.294,-0.281,0.431,-0.214,0.269,-0.006,-0.435,0.281,0.0,0.242,0.2,0.235,0.328,-0.054,0.13,0.185,0.193,0.224,-0.488,0.409,0.101,-0.104,0.137,0.305,0.206,0.205,0.315,-0.325,0.596,-0.125,0.222,0.116,0.235,0.283,0.226,0.43,-0.071,0.36,0.126,0.322,-0.078,0.461,0.451,0.244,0.355,-0.351,0.107,0.373,0.267,0.284,0.459,0.164,0.268,0.275,0.292,0.404,0.065,-0.189,0.209,0.277,0.413,0.169,0.32,-0.212,-0.338,-0.127,0.261,-0.132,-0.194,0.078,0.325,0.389,-0.168,0.082,-0.427,0.31,0.034,-0.194,0.259,0.441,0.199,0.035,0.259,0.433,0.231,0.278,0.49,0.384,0.208,0.226,0.528,0.22,0.156,0.212,0.309,0.058,-0.039,-0.172,0.244,-0.208,0.268,0.337,0.329,0.271,-0.004,0.264,0.106,0.053,0.15,-0.307,-0.096,-0.016,0.363,-0.287,0.127,0.253,0.032,0.253,0.311,-0.034,-0.027,0.34,0.024,0.363,0.266,0.056,0.188,0.261,-0.086,0.272,-0.047,0.156,0.502,0.3,0.271,0.206,0.145,0.448,0.191,0.286,0.278,0.397,0.317,0.031,0.28,0.303,0.258,0.409,0.181,-0.038,-0.209,0.162,0.287,-0.087,-0.151,0.15,0.211,0.217,0.155,0.154,-0.208,-0.291,-0.465,0.273,0.243,0.361,0.449,0.067,0.242,0.308,0.422,0.389,0.18,-0.08,0.286,0.236,0.093,0.23,-0.321,0.326,0.495,0.427,0.255,-0.259,0.311,0.416
BANR,-0.228,-0.37,-0.559,-0.301,0.746,0.163,0.455,0.334,-0.362,0.861,-0.432,0.162,0.96,0.686,0.899,-0.653,0.756,-0.73,0.161,0.26,-0.128,0.747,0.242,0.0,0.943,0.847,0.639,-0.783,0.601,0.024,0.904,0.776,0.237,0.777,0.834,-0.161,0.947,0.963,0.88,0.582,-0.481,-0.857,0.062,0.728,0.238,0.806,0.841,0.978,0.446,0.864,-0.865,0.684,0.396,0.867,0.159,0.41,0.796,0.947,0.948,-0.454,-0.616,0.857,0.831,-0.111,0.431,0.918,0.635,0.963,-0.017,0.858,0.915,-0.338,0.958,0.809,0.011,0.938,0.954,-0.543,-0.638,-0.866,0.971,-0.664,-0.75,0.799,0.776,0.927,-0.471,0.275,-0.591,0.612,-0.128,-0.781,0.956,0.764,0.793,-0.059,0.974,0.438,0.721,-0.324,0.584,0.705,0.937,0.901,0.274,0.884,0.351,0.121,-0.236,0.444,-0.835,0.065,0.925,0.121,0.292,0.097,0.479,0.887,-0.319,0.934,0.895,-0.59,0.031,0.056,-0.564,0.523,0.083,-0.727,0.626,0.964,0.178,0.899,0.587,0.383,-0.572,-0.454,0.185,0.595,-0.176,0.678,0.562,0.939,0.587,0.918,0.847,0.911,-0.137,0.684,0.834,0.176,0.455,0.897,0.347,0.074,0.753,0.744,0.844,-0.422,0.612,-0.608,0.916,0.77,0.907,0.805,-0.805,0.834,0.919,0.141,-0.552,0.956,0.882,0.95,0.847,0.911,-0.696,-0.628,-0.549,0.899,0.884,0.525,0.435,0.847,0.838,0.893,-0.084,0.859,0.927,-0.507,0.836,0.237,0.669,0.882,-0.836,0.773,0.629,0.76,0.927,-0.304,0.89,0.538
BBIO,-0.224,-0.445,-0.565,-0.319,0.83,0.199,0.578,0.439,-0.375,0.907,-0.455,0.307,0.942,0.666,0.866,-0.73,0.792,-0.715,0.214,0.202,-0.174,0.801,0.2,0.943,0.0,0.835,0.57,-0.813,0.436,0.151,0.94,0.829,0.16,0.844,0.732,-0.018,0.925,0.943,0.928,0.52,-0.448,-0.825,0.074,0.718,0.267,0.759,0.902,0.939,0.424,0.868,-0.9,0.765,0.475,0.884,0.122,0.473,0.829,0.871,0.908,-0.546,-0.628,0.825,0.887,-0.052,0.428,0.944,0.724,0.935,0.051,0.907,0.892,-0.222,0.906,0.865,-0.141,0.929,0.931,-0.495,-0.661,-0.834,0.939,-0.527,-0.655,0.819,0.823,0.913,-0.535,0.361,-0.483,0.65,-0.166,-0.829,0.922,0.821,0.809,-0.118,0.949,0.354,0.821,-0.247,0.611,0.771,0.896,0.934,0.41,0.935,0.27,0.023,-0.153,0.486,-0.872,-0.092,0.929,0.063,0.289,0.12,0.609,0.926,-0.322,0.954,0.888,-0.581,-0.122,0.069,-0.518,0.58,0.19,-0.647,0.559,0.88,0.366,0.885,0.704,0.487,-0.386,-0.439,0.044,0.61,0.001,0.728,0.59,0.951,0.54,0.927,0.863,0.944,-0.049,0.772,0.869,0.201,0.485,0.858,0.166,0.153,0.791,0.686,0.893,-0.39,0.584,-0.581,0.915,0.825,0.921,0.865,-0.787,0.89,0.847,0.141,-0.649,0.916,0.878,0.948,0.83,0.878,-0.66,-0.691,-0.644,0.92,0.93,0.556,0.42,0.837,0.875,0.887,0.031,0.885,0.956,-0.509,0.832,0.415,0.778,0.923,-0.783,0.818,0.658,0.803,0.866,-0.482,0.923,0.613
BCYC,-0.136,-0.206,-0.385,-0.524,0.686,-0.09,0.529,0.233,-0.497,0.732,-0.566,0.153,0.837,0.616,0.703,-0.697,0.701,-0.651,0.345,0.46,-0.032,0.714,0.235,0.847,0.835,0.0,0.35,-0.576,0.419,-0.207,0.796,0.771,0.205,0.779,0.756,-0.004,0.797,0.879,0.742,0.52,-0.216,-0.74,0.081,0.524,0.398,0.721,0.772,0.86,0.409,0.787,-0.722,0.562,0.308,0.786,0.387,0.374,0.861,0.811,0.857,-0.331,-0.519,0.758,0.602,-0.281,0.308,0.768,0.565,0.818,-0.165,0.733,0.839,-0.41,0.87,0.773,0.091,0.84,0.869,-0.315,-0.604,-0.77,0.876,-0.501,-0.531,0.763,0.797,0.818,-0.349,0.16,-0.511,0.488,-0.192,-0.715,0.877,0.745,0.708,-0.263,0.839,0.409,0.739,-0.255,0.636,0.566,0.858,0.881,0.192,0.831,0.399,0.181,-0.208,0.511,-0.692,-0.058,0.838,0.179,0.493,-0.04,0.393,0.861,-0.426,0.855,0.879,-0.382,-0.107,0.145,-0.293,0.31,0.248,-0.648,0.473,0.807,0.287,0.821,0.681,0.126,-0.59,-0.5,0.194,0.548,-0.159,0.468,0.516,0.782,0.397,0.773,0.643,0.825,-0.161,0.589,0.766,0.173,0.244,0.793,0.328,-0.0,0.59,0.539,0.711,-0.474,0.412,-0.619,0.823,0.714,0.867,0.756,-0.689,0.852,0.861,0.043,-0.547,0.826,0.798,0.885,0.724,0.892,-0.449,-0.456,-0.566,0.824,0.821,0.665,0.635,0.703,0.868,0.76,-0.117,0.861,0.782,-0.665,0.659,0.366,0.655,0.788,-0.718,0.694,0.667,0.612,0.806,-0.197,0.848,0.508
BHFAP,0.261,-0.662,-0.77,-0.106,0.409,0.165,-0.02,0.467,0.244,0.661,-0.379,0.394,0.527,0.173,0.864,-0.444,0.294,-0.668,-0.449,-0.358,-0.498,0.629,0.328,0.639,0.57,0.35,0.0,-0.516,0.587,0.28,0.549,0.192,0.132,0.434,0.393,-0.343,0.597,0.557,0.478,0.63,-0.544,-0.793,0.19,0.631,-0.392,0.218,0.425,0.667,0.048,0.434,-0.506,0.678,0.621,0.369,-0.242,0.555,0.36,0.596,0.638,-0.404,-0.398,0.79,0.742,0.432,0.821,0.549,0.458,0.706,0.212,0.682,0.367,-0.369,0.535,0.407,0.231,0.488,0.632,-0.816,-0.571,-0.549,0.526,-0.685,-0.731,0.136,0.331,0.6,-0.328,-0.059,-0.671,0.796,-0.225,-0.64,0.457,0.431,0.677,0.554,0.662,0.598,0.306,-0.246,0.262,0.756,0.486,0.456,0.219,0.349,-0.129,-0.233,-0.027,-0.091,-0.481,0.119,0.618,0.099,-0.239,0.552,0.555,0.556,0.059,0.587,0.31,-0.474,0.189,-0.484,-0.812,0.297,-0.164,-0.264,0.613,0.642,-0.113,0.567,0.212,0.636,-0.169,-0.129,-0.136,0.674,0.087,0.456,0.314,0.602,0.204,0.729,0.513,0.42,0.355,0.52,0.619,0.467,0.717,0.705,0.099,0.526,0.809,0.914,0.466,-0.241,0.863,0.004,0.596,0.615,0.499,0.475,-0.722,0.322,0.436,0.018,-0.012,0.505,0.457,0.494,0.312,0.474,-0.719,-0.468,-0.258,0.543,0.576,0.325,0.252,0.485,0.484,0.773,0.14,0.464,0.64,0.223,0.824,-0.198,0.428,0.655,-0.802,0.548,0.348,0.642,0.55,-0.3,0.551,0.61
BKR,0.418,0.589,0.643,0.329,-0.652,-0.308,-0.502,-0.511,0.441,-0.827,0.437,-0.24,-0.786,-0.427,-0.751,0.735,-0.692,0.733,-0.089,0.074,0.209,-0.694,-0.054,-0.783,-0.813,-0.576,-0.516,0.0,-0.199,-0.082,-0.858,-0.613,-0.213,-0.72,-0.513,-0.075,-0.82,-0.749,-0.859,-0.234,0.449,0.729,0.099,-0.696,0.003,-0.553,-0.861,-0.767,-0.266,-0.712,0.883,-0.7,-0.41,-0.723,0.196,-0.462,-0.629,-0.674,-0.654,0.535,0.808,-0.648,-0.754,-0.029,-0.397,-0.869,-0.72,-0.809,-0.021,-0.73,-0.759,0.255,-0.665,-0.801,0.404,-0.707,-0.753,0.621,0.696,0.751,-0.771,0.546,0.742,-0.633,-0.674,-0.781,0.735,-0.281,0.251,-0.548,0.405,0.753,-0.761,-0.676,-0.681,0.149,-0.801,-0.022,-0.734,0.047,-0.54,-0.683,-0.657,-0.762,-0.458,-0.74,0.09,0.08,0.257,-0.414,0.905,0.227,-0.789,0.224,-0.024,-0.057,-0.601,-0.751,0.394,-0.801,-0.69,0.721,0.322,0.027,0.58,-0.774,-0.007,0.569,-0.312,-0.664,-0.38,-0.75,-0.523,-0.52,0.238,0.451,0.206,-0.581,-0.044,-0.619,-0.27,-0.836,-0.351,-0.798,-0.866,-0.718,0.165,-0.577,-0.746,-0.233,-0.334,-0.616,0.052,-0.239,-0.723,-0.584,-0.813,0.568,-0.595,0.559,-0.803,-0.683,-0.819,-0.815,0.739,-0.783,-0.581,0.092,0.6,-0.707,-0.816,-0.714,-0.634,-0.601,0.7,0.797,0.546,-0.845,-0.848,-0.411,-0.175,-0.756,-0.638,-0.77,0.04,-0.712,-0.869,0.359,-0.736,-0.34,-0.776,-0.768,0.73,-0.594,-0.572,-0.499,-0.593,0.545,-0.779,-0.537
BLDP,0.202,0.054,-0.245,0.057,0.127,0.261,-0.074,-0.141,0.12,0.354,0.033,-0.227,0.455,0.378,0.551,-0.035,0.109,-0.259,-0.236,0.257,0.12,0.209,0.13,0.601,0.436,0.419,0.587,-0.199,0.0,-0.066,0.281,0.285,0.397,0.088,0.684,-0.625,0.514,0.504,0.269,0.616,-0.558,-0.452,0.061,0.447,0.018,0.522,0.133,0.575,0.346,0.324,-0.247,0.124,0.09,0.267,0.152,-0.047,0.195,0.696,0.589,0.058,-0.002,0.48,0.399,-0.086,0.251,0.334,0.008,0.527,-0.055,0.364,0.501,-0.113,0.66,0.126,0.501,0.53,0.534,-0.334,-0.034,-0.372,0.521,-0.641,-0.533,0.307,0.153,0.37,0.166,0.031,-0.573,0.255,0.375,-0.203,0.497,0.164,0.429,0.376,0.542,0.73,-0.012,-0.564,0.007,0.251,0.564,0.378,-0.283,0.308,0.465,0.224,-0.143,-0.056,-0.165,0.691,0.398,0.639,0.201,0.167,-0.077,0.308,0.123,0.399,0.44,-0.097,0.597,0.038,-0.438,0.005,-0.164,-0.383,0.731,0.7,-0.445,0.451,0.088,0.169,-0.646,-0.324,0.538,0.158,-0.512,0.395,0.375,0.409,0.52,0.461,0.319,0.464,-0.075,0.291,0.365,0.027,0.39,0.541,0.649,-0.125,0.354,0.621,0.192,-0.017,0.406,-0.27,0.374,0.234,0.333,0.26,-0.42,0.189,0.653,0.475,0.106,0.63,0.32,0.524,0.515,0.619,-0.34,-0.031,0.048,0.261,0.29,0.037,0.154,0.491,0.401,0.443,-0.219,0.234,0.361,-0.069,0.503,-0.338,0.033,0.387,-0.46,0.362,0.02,0.493,0.713,0.315,0.346,0.072
BLFS,0.168,-0.367,-0.145,0.491,0.348,0.106,0.138,0.429,0.352,0.281,0.184,0.452,0.077,0.217,0.163,-0.076,0.215,0.06,0.005,-0.269,-0.36,0.073,0.185,0.024,0.151,-0.207,0.28,-0.082,-0.066,0.0,0.17,0.156,-0.316,0.17,-0.174,0.09,0.086,0.076,0.244,0.236,-0.086,-0.065,0.464,0.218,0.02,-0.005,0.156,0.072,-0.101,0.125,-0.11,0.382,0.344,0.157,-0.267,0.373,0.033,0.024,0.035,-0.514,0.171,0.122,0.396,0.58,0.252,0.185,0.17,0.103,0.657,0.329,-0.085,0.347,-0.043,0.149,-0.174,0.11,0.059,-0.124,-0.042,0.159,0.033,0.242,0.133,0.054,0.11,0.151,-0.318,0.508,-0.004,0.296,0.105,-0.127,0.01,0.232,0.119,0.22,0.08,-0.073,0.219,0.219,0.103,0.413,-0.059,0.087,0.56,0.083,-0.024,-0.282,0.186,0.14,-0.078,-0.241,0.12,-0.136,-0.063,0.353,0.425,0.128,0.063,0.113,-0.026,-0.045,0.1,-0.071,-0.118,0.277,0.249,-0.069,0.131,0.039,0.339,0.042,0.063,0.58,0.508,0.308,-0.407,0.059,0.556,0.284,0.253,0.25,0.177,0.197,0.2,0.119,0.609,0.405,0.167,0.007,0.467,0.117,-0.442,0.292,0.307,0.193,0.202,0.416,0.107,0.377,0.124,0.277,0.055,0.023,0.004,-0.011,-0.056,0.386,-0.285,0.045,0.115,0.019,0.135,-0.118,-0.291,-0.365,-0.131,0.105,0.127,-0.042,-0.13,0.109,0.063,0.112,0.623,0.09,0.176,0.267,0.24,0.378,0.134,0.196,-0.004,0.405,0.108,0.401,0.072,-0.571,0.04,0.278
