,ABAT,ACLS,ACMR,ADMA,ADUS,ADVM,AEIS,AGNCM,AHCO,ALGT,ALLO,AMSF,ANAB,ANDE,APLS,APPF,ASML,ATRC,AVGO,AVT,AXDX,AXSM,AZN,BANR,BBIO,BCYC,BHFAP,BKR,BLDP,BLFS,BLKB,BLMN,BNTX,BPMC,CALM,CAMT,CASH,CATY,CCEP,CDLX,CDNS,CENN,CENX,CGC,CHDN,CLBK,COKE,COLB,COO,CORT,CRMT,CRNX,CRTO,CRVL,CSCO,CSQ,CSWI,CVBF,CWST,CYCC,CZR,DLTR,DORM,ENTA,EQIX,ERIC,EVRG,EWBC,EXAS,EXLS,EXPI,EYE,FBNC,FBRX,FCNCA,FELE,FIBK,FLEX,FRGT,FRHC,FRME,FWONA,FWONK,GDEN,GIII,GILD,GLNG,GNTX,GOOGL,GRPN,HCSG,HIMX,HOPE,HST,HTLD,HUT,HWC,ICUI,IESC,INTC,INTU,IOVA,IPAR,IPGP,ISRG,JBSS,KALU,KPRX,KRNT,LAUR,LBRDA,LBTYK,LECO,LILAK,LITE,MANH,MDXG,MFIC,MGEE,MIDD,MLAB,MMSI,MNKD,MOMO,MRVL,NICE,NMFC,NUWE,NVCR,NWBI,OFIX,OFLX,OMCL,OPK,ORKA,ORLY,OTTR,PDD,PNTG,POOL,POWL,PPBI,PPC,PRAA,PRPL,PZZA,QTRX,QURE,RDFN,RDHL,REAL,REG,REYN,RGLD,RIOT,RUN,RYTM,SAIA,SBAC,SBRA,SCVL,SHOO,SLAB,SLDB,SMCI,SMTC,SRCE,SSP,SSRM,STBA,STRO,SVC,SYBT,TCBI,TCOM,TENX,TH,TMUS,TNDM,TTD,TTMI,UAL,ULH,ULTA,VCYT,VIRT,VKTX,VOD,VRDN,VREX,VRNT,VSAT,WB,WBD,WDC,WEN,WSFS,XXII,Z,ZBRA
ABAT,0.0,0.728,0.048,0.832,0.703,0.685,0.827,0.899,0.665,0.696,0.848,-0.564,0.123,0.629,-0.578,0.189,-0.115,0.714,-0.31,0.75,-0.395,0.664,0.682,0.289,0.56,0.686,0.813,0.32,0.432,0.844,0.782,0.621,0.492,0.747,0.557,0.837,0.55,0.521,0.646,0.68,-0.039,0.873,0.829,0.837,0.752,-0.067,0.1,0.561,-0.136,0.23,0.817,-0.053,0.284,0.149,0.58,0.851,0.252,0.607,0.251,-0.528,0.812,-0.269,0.53,0.894,0.44,0.686,0.57,-0.171,0.655,0.614,0.7,0.01,0.613,0.825,0.556,0.753,0.801,0.768,0.437,0.796,0.551,-0.227,-0.407,0.586,-0.106,-0.405,0.203,0.845,-0.047,0.427,0.822,0.767,0.389,0.545,0.261,-0.472,0.822,0.726,0.431,0.523,0.283,0.613,0.41,0.789,0.557,0.368,0.876,-0.206,0.69,-0.197,0.257,0.719,0.675,0.867,0.889,0.432,0.682,0.913,-0.318,0.867,0.431,0.615,-0.171,0.073,0.741,0.77,0.857,0.615,0.708,-0.117,0.649,0.742,0.857,0.688,0.426,0.51,0.828,-0.558,0.201,0.811,0.628,0.683,-0.378,0.794,0.875,0.664,0.58,0.563,0.738,-0.008,0.888,0.202,0.356,-0.338,-0.369,0.754,0.313,0.554,0.333,-0.28,0.156,-0.65,0.779,0.744,0.37,0.85,-0.836,-0.412,-0.57,0.621,0.497,0.441,0.267,0.766,0.354,0.215,0.51,0.099,0.365,0.351,0.837,0.819,0.82,0.722,0.707,-0.513,0.416,0.613,0.762,0.7,0.868,-0.296,0.425,0.648,0.724,0.526,0.601,0.796,0.854,0.773
ACLS,0.728,0.0,0.482,0.629,0.522,0.351,0.92,0.695,0.364,0.631,0.583,-0.55,0.512,0.581,-0.421,0.564,0.367,0.586,-0.035,0.917,-0.023,0.678,0.886,0.614,0.568,0.867,0.783,0.062,0.734,0.825,0.698,0.242,0.762,0.824,0.501,0.894,0.851,0.729,0.321,0.488,0.337,0.827,0.853,0.807,0.504,0.206,0.426,0.595,-0.395,-0.069,0.787,-0.405,0.545,0.316,0.76,0.895,0.582,0.712,0.3,-0.545,0.822,-0.363,0.789,0.604,0.76,0.85,0.502,-0.273,0.506,0.829,0.64,-0.452,0.682,0.777,0.636,0.843,0.826,0.955,0.58,0.9,0.732,0.196,-0.015,0.715,-0.323,-0.395,0.187,0.864,0.289,0.14,0.503,0.794,0.535,0.672,0.308,-0.44,0.756,0.702,0.636,0.785,0.655,0.517,0.307,0.596,0.561,0.502,0.759,0.233,0.576,0.1,0.419,0.419,0.879,0.742,0.781,0.785,0.607,0.746,0.016,0.842,0.589,0.434,-0.161,0.556,0.954,0.666,0.762,0.249,0.286,0.387,0.343,0.845,0.874,0.662,0.515,0.526,0.836,-0.053,0.1,0.871,0.913,0.753,-0.204,0.935,0.629,0.263,0.515,0.679,0.745,-0.365,0.601,0.116,-0.121,-0.411,-0.175,0.737,0.577,0.896,0.423,-0.009,0.134,-0.59,0.888,0.631,0.836,0.859,-0.73,-0.6,-0.697,0.854,0.755,0.345,0.518,0.869,0.355,0.166,0.816,0.392,-0.046,0.803,0.872,0.844,0.733,0.703,0.67,-0.511,0.658,0.725,0.638,0.846,0.7,-0.578,0.792,0.537,0.921,0.142,0.861,0.555,0.882,0.642
ACMR,0.048,0.482,0.0,0.026,-0.129,-0.303,0.273,-0.103,-0.313,-0.077,0.123,0.178,0.272,0.448,0.402,0.239,0.725,-0.244,0.657,0.333,-0.133,0.274,0.447,0.583,0.57,0.197,0.043,0.316,0.786,0.024,0.303,-0.163,0.099,0.405,0.454,0.224,0.44,0.641,-0.217,-0.051,0.766,0.015,0.362,0.116,0.019,0.546,0.361,0.531,0.11,0.098,-0.074,0.01,0.454,0.524,0.495,0.284,0.417,0.392,0.575,0.239,0.216,0.316,0.473,-0.103,0.741,0.181,0.448,0.25,0.322,0.62,0.123,-0.562,0.446,0.021,0.51,0.118,0.198,0.315,0.547,0.272,0.476,0.347,0.291,0.674,0.131,0.412,0.583,0.165,0.561,-0.566,-0.137,0.288,0.627,0.533,0.624,-0.101,0.379,-0.089,-0.06,0.415,0.703,-0.192,-0.245,-0.179,-0.121,0.48,0.182,0.415,-0.287,0.771,0.7,0.173,0.459,-0.058,0.02,0.584,-0.247,0.145,0.511,0.164,0.684,-0.209,0.433,0.73,0.398,-0.143,0.331,-0.39,-0.059,0.58,-0.031,0.155,0.141,-0.14,0.232,0.514,0.293,0.628,0.147,0.487,0.397,0.325,0.364,0.331,-0.126,0.125,-0.276,0.273,-0.09,-0.028,0.054,0.552,-0.223,0.33,0.188,0.585,0.618,0.475,0.645,0.708,0.198,0.275,0.146,-0.089,0.672,0.102,0.042,0.153,0.133,0.439,0.607,0.442,0.5,0.383,0.21,0.406,0.218,0.793,-0.536,0.631,0.131,0.048,0.3,-0.041,0.229,0.275,0.219,0.637,-0.196,0.083,-0.047,0.046,0.627,0.441,0.264,-0.379,0.491,-0.175,0.222,-0.191
ADMA,0.832,0.629,0.026,0.0,0.87,0.764,0.759,0.831,0.728,0.695,0.748,-0.544,0.092,0.572,-0.648,0.199,-0.252,0.771,-0.481,0.698,-0.263,0.689,0.614,0.1,0.586,0.566,0.802,0.253,0.344,0.792,0.735,0.786,0.482,0.709,0.356,0.738,0.401,0.402,0.784,0.766,-0.239,0.826,0.789,0.826,0.82,-0.038,0.32,0.439,-0.198,0.223,0.724,0.01,0.304,-0.083,0.406,0.739,0.214,0.484,0.214,-0.582,0.797,-0.288,0.383,0.879,0.241,0.544,0.501,0.011,0.702,0.439,0.784,0.247,0.48,0.735,0.476,0.746,0.754,0.657,0.226,0.692,0.457,-0.204,-0.412,0.486,0.149,-0.423,0.134,0.786,-0.257,0.507,0.753,0.688,0.222,0.563,0.121,-0.149,0.751,0.793,0.468,0.251,0.055,0.762,0.663,0.858,0.688,0.427,0.858,-0.373,0.755,-0.281,0.109,0.672,0.517,0.878,0.837,0.333,0.776,0.901,-0.447,0.869,0.463,0.748,-0.019,0.152,0.626,0.83,0.694,0.719,0.798,-0.001,0.637,0.665,0.751,0.747,0.227,0.355,0.715,-0.563,0.417,0.741,0.574,0.508,-0.469,0.651,0.872,0.663,0.69,0.515,0.758,0.144,0.892,0.182,0.392,-0.394,-0.101,0.623,0.093,0.434,0.297,-0.255,0.204,-0.527,0.674,0.777,0.317,0.782,-0.72,-0.301,-0.531,0.495,0.279,0.613,0.146,0.706,0.537,0.071,0.526,0.091,0.531,0.213,0.738,0.795,0.699,0.808,0.728,-0.51,0.446,0.467,0.812,0.631,0.859,-0.27,0.432,0.619,0.609,0.719,0.544,0.844,0.827,0.836
ADUS,0.703,0.522,-0.129,0.87,0.0,0.784,0.702,0.744,0.769,0.757,0.585,-0.608,0.112,0.426,-0.707,0.307,-0.265,0.849,-0.597,0.671,-0.138,0.71,0.525,0.003,0.484,0.543,0.743,0.197,0.193,0.773,0.609,0.72,0.525,0.654,0.224,0.624,0.319,0.274,0.754,0.837,-0.338,0.76,0.666,0.752,0.748,-0.117,0.415,0.261,-0.333,0.187,0.715,-0.052,0.332,-0.163,0.315,0.667,0.25,0.408,0.059,-0.689,0.765,-0.424,0.265,0.827,0.07,0.564,0.371,0.031,0.594,0.285,0.772,0.3,0.383,0.719,0.341,0.762,0.693,0.586,-0.014,0.614,0.34,-0.199,-0.43,0.356,0.091,-0.573,0.036,0.73,-0.313,0.518,0.709,0.592,0.034,0.464,-0.053,0.007,0.594,0.839,0.568,0.181,-0.049,0.835,0.81,0.856,0.813,0.273,0.773,-0.445,0.833,-0.371,-0.086,0.519,0.419,0.841,0.773,0.263,0.838,0.835,-0.478,0.809,0.4,0.884,-0.074,0.18,0.586,0.77,0.53,0.809,0.714,-0.032,0.433,0.634,0.704,0.815,0.163,0.121,0.617,-0.506,0.509,0.569,0.566,0.426,-0.566,0.574,0.817,0.468,0.83,0.548,0.779,0.077,0.801,0.063,0.32,-0.472,0.013,0.421,-0.02,0.408,0.115,-0.365,0.116,-0.519,0.661,0.847,0.229,0.711,-0.648,-0.353,-0.545,0.389,0.171,0.484,0.089,0.564,0.572,-0.149,0.554,-0.067,0.62,0.206,0.685,0.746,0.548,0.813,0.757,-0.588,0.547,0.32,0.852,0.639,0.859,-0.374,0.445,0.459,0.507,0.786,0.506,0.847,0.765,0.876
ADVM,0.685,0.351,-0.303,0.764,0.784,0.0,0.587,0.75,0.887,0.584,0.537,-0.723,-0.157,0.2,-0.793,-0.071,-0.437,0.852,-0.723,0.502,-0.33,0.59,0.342,-0.263,0.296,0.357,0.771,0.176,0.049,0.662,0.416,0.744,0.448,0.407,0.264,0.57,0.027,-0.022,0.91,0.868,-0.61,0.717,0.495,0.716,0.667,-0.439,0.21,0.048,-0.365,0.327,0.656,0.03,0.12,-0.441,-0.019,0.494,0.111,0.207,-0.137,-0.726,0.659,-0.559,0.03,0.88,-0.159,0.469,0.336,-0.045,0.505,0.026,0.83,0.431,0.202,0.716,0.124,0.564,0.514,0.392,-0.088,0.478,0.063,-0.621,-0.775,0.095,0.071,-0.642,-0.085,0.649,-0.576,0.494,0.667,0.452,-0.258,0.233,-0.206,0.05,0.44,0.698,0.416,-0.072,-0.357,0.851,0.718,0.84,0.69,-0.046,0.735,-0.576,0.81,-0.609,-0.338,0.455,0.185,0.79,0.737,-0.101,0.772,0.712,-0.637,0.653,0.26,0.725,-0.212,-0.151,0.375,0.683,0.38,0.865,0.693,-0.308,0.441,0.447,0.589,0.783,-0.048,-0.085,0.562,-0.753,0.346,0.425,0.367,0.212,-0.789,0.376,0.788,0.522,0.797,0.418,0.773,0.245,0.83,-0.056,0.306,-0.574,-0.089,0.354,-0.085,0.162,0.057,-0.573,-0.262,-0.643,0.592,0.823,-0.108,0.678,-0.646,-0.348,-0.505,0.121,-0.052,0.415,-0.259,0.328,0.621,-0.172,0.402,-0.272,0.713,-0.067,0.504,0.674,0.367,0.761,0.683,-0.725,0.383,0.128,0.849,0.482,0.851,-0.357,0.186,0.272,0.4,0.874,0.235,0.944,0.696,0.833
AEIS,0.827,0.92,0.273,0.759,0.702,0.587,0.0,0.828,0.64,0.746,0.64,-0.72,0.358,0.579,-0.655,0.481,0.142,0.781,-0.289,0.93,-0.12,0.752,0.803,0.475,0.537,0.838,0.909,0.115,0.574,0.913,0.706,0.468,0.8,0.809,0.503,0.902,0.723,0.628,0.534,0.69,0.099,0.917,0.878,0.851,0.665,0.04,0.427,0.531,-0.494,0.009,0.901,-0.396,0.587,0.151,0.65,0.925,0.515,0.716,0.167,-0.715,0.939,-0.477,0.633,0.789,0.549,0.865,0.456,-0.225,0.566,0.698,0.78,-0.214,0.678,0.885,0.562,0.913,0.893,0.946,0.445,0.898,0.664,0.003,-0.227,0.644,-0.212,-0.579,0.089,0.947,0.084,0.283,0.64,0.866,0.382,0.592,0.187,-0.398,0.768,0.848,0.658,0.678,0.442,0.687,0.517,0.792,0.687,0.392,0.902,0.008,0.765,-0.066,0.227,0.513,0.78,0.876,0.908,0.642,0.759,0.854,-0.235,0.928,0.559,0.605,-0.19,0.395,0.944,0.781,0.747,0.522,0.485,0.169,0.363,0.877,0.955,0.821,0.486,0.392,0.85,-0.298,0.21,0.849,0.89,0.751,-0.395,0.929,0.808,0.406,0.7,0.668,0.862,-0.242,0.768,0.062,0.046,-0.549,-0.228,0.712,0.392,0.839,0.293,-0.265,0.097,-0.68,0.947,0.813,0.668,0.925,-0.786,-0.607,-0.771,0.766,0.619,0.421,0.373,0.814,0.472,0.072,0.834,0.161,0.245,0.674,0.906,0.915,0.758,0.832,0.783,-0.678,0.624,0.648,0.821,0.84,0.883,-0.588,0.745,0.553,0.864,0.431,0.824,0.768,0.958,0.825
AGNCM,0.899,0.695,-0.103,0.831,0.744,0.75,0.828,0.0,0.771,0.699,0.732,-0.724,0.102,0.417,-0.763,0.174,-0.231,0.824,-0.503,0.732,-0.233,0.572,0.613,0.164,0.373,0.681,0.882,0.11,0.239,0.861,0.629,0.622,0.62,0.658,0.403,0.842,0.5,0.373,0.671,0.663,-0.232,0.915,0.797,0.804,0.715,-0.222,0.058,0.386,-0.337,0.05,0.882,-0.193,0.273,-0.046,0.461,0.8,0.182,0.516,0.0,-0.675,0.806,-0.474,0.41,0.907,0.264,0.715,0.322,-0.296,0.504,0.46,0.71,0.093,0.466,0.818,0.333,0.782,0.787,0.764,0.3,0.771,0.463,-0.217,-0.399,0.372,-0.172,-0.629,-0.013,0.858,-0.171,0.59,0.764,0.68,0.193,0.38,0.004,-0.435,0.718,0.8,0.518,0.457,0.131,0.728,0.516,0.878,0.626,0.165,0.859,-0.192,0.836,-0.412,0.031,0.564,0.575,0.907,0.925,0.324,0.796,0.84,-0.532,0.836,0.25,0.617,-0.331,-0.039,0.712,0.871,0.707,0.712,0.598,-0.176,0.613,0.742,0.863,0.785,0.406,0.297,0.725,-0.662,0.099,0.711,0.609,0.605,-0.552,0.772,0.921,0.567,0.701,0.491,0.834,-0.052,0.835,-0.062,0.223,-0.555,-0.389,0.576,0.133,0.538,0.171,-0.513,0.087,-0.76,0.811,0.814,0.302,0.886,-0.839,-0.576,-0.714,0.561,0.361,0.286,0.103,0.689,0.348,0.102,0.607,-0.134,0.493,0.272,0.823,0.86,0.719,0.799,0.64,-0.682,0.434,0.392,0.841,0.716,0.901,-0.422,0.344,0.44,0.727,0.586,0.529,0.871,0.851,0.865
AHCO,0.665,0.364,-0.313,0.728,0.769,0.887,0.64,0.771,0.0,0.608,0.458,-0.809,-0.188,0.151,-0.868,0.009,-0.467,0.881,-0.771,0.505,-0.167,0.464,0.27,-0.22,0.22,0.364,0.779,0.032,-0.034,0.676,0.345,0.757,0.53,0.354,0.184,0.524,0.063,-0.024,0.84,0.779,-0.587,0.738,0.565,0.634,0.75,-0.466,0.219,0.004,-0.419,0.074,0.722,-0.115,0.258,-0.429,0.06,0.492,0.039,0.229,-0.316,-0.734,0.715,-0.574,-0.054,0.859,-0.19,0.491,0.14,-0.117,0.436,-0.008,0.736,0.485,0.163,0.686,0.03,0.587,0.532,0.457,-0.042,0.461,0.082,-0.413,-0.562,0.07,0.09,-0.738,-0.2,0.684,-0.476,0.547,0.677,0.549,-0.248,0.099,-0.301,-0.009,0.381,0.794,0.401,0.048,-0.323,0.839,0.781,0.885,0.728,-0.121,0.761,-0.446,0.869,-0.569,-0.379,0.427,0.148,0.783,0.783,-0.07,0.777,0.657,-0.766,0.679,0.157,0.747,-0.193,-0.172,0.424,0.733,0.322,0.835,0.68,-0.368,0.372,0.476,0.648,0.806,0.057,-0.154,0.422,-0.732,0.309,0.415,0.338,0.258,-0.73,0.429,0.858,0.538,0.825,0.311,0.768,0.13,0.76,-0.191,0.336,-0.659,-0.112,0.295,-0.237,0.231,-0.08,-0.689,-0.111,-0.6,0.613,0.842,-0.027,0.674,-0.614,-0.38,-0.583,0.154,-0.063,0.328,-0.249,0.282,0.519,-0.235,0.5,-0.395,0.848,-0.031,0.543,0.656,0.398,0.793,0.661,-0.766,0.284,0.083,0.856,0.481,0.851,-0.355,0.214,0.238,0.383,0.881,0.271,0.918,0.677,0.875
ALGT,0.696,0.631,-0.077,0.695,0.757,0.584,0.746,0.699,0.608,0.0,0.599,-0.519,0.478,0.443,-0.649,0.63,-0.083,0.799,-0.504,0.826,-0.012,0.745,0.573,0.364,0.374,0.792,0.703,0.02,0.271,0.841,0.727,0.49,0.625,0.713,0.208,0.687,0.607,0.495,0.463,0.681,-0.06,0.758,0.598,0.707,0.598,0.162,0.354,0.414,-0.378,0.012,0.821,-0.329,0.398,0.135,0.353,0.795,0.539,0.721,0.158,-0.676,0.771,-0.406,0.497,0.676,0.316,0.655,0.258,-0.076,0.404,0.463,0.585,0.017,0.582,0.781,0.536,0.797,0.829,0.73,0.019,0.719,0.601,0.055,-0.199,0.434,-0.32,-0.586,-0.086,0.802,0.064,0.472,0.762,0.65,0.237,0.581,0.026,-0.277,0.641,0.843,0.787,0.471,0.272,0.62,0.644,0.733,0.778,0.364,0.64,-0.1,0.78,-0.262,0.046,0.458,0.661,0.817,0.684,0.509,0.801,0.763,-0.16,0.841,0.324,0.812,-0.076,0.214,0.758,0.686,0.58,0.578,0.464,0.119,0.183,0.81,0.814,0.807,0.405,0.279,0.66,-0.36,0.388,0.567,0.683,0.733,-0.309,0.725,0.772,0.218,0.757,0.724,0.787,-0.21,0.654,0.009,0.171,-0.458,-0.199,0.417,0.2,0.603,-0.054,-0.355,0.161,-0.616,0.794,0.811,0.421,0.707,-0.576,-0.488,-0.684,0.659,0.476,0.25,0.451,0.676,0.274,-0.222,0.661,-0.101,0.376,0.475,0.86,0.81,0.637,0.671,0.717,-0.629,0.65,0.42,0.822,0.809,0.791,-0.562,0.471,0.404,0.68,0.517,0.697,0.689,0.79,0.808
ALLO,0.848,0.583,0.123,0.748,0.585,0.537,0.64,0.732,0.458,0.599,0.0,-0.239,0.154,0.715,-0.316,0.104,-0.1,0.502,-0.167,0.643,-0.517,0.632,0.594,0.287,0.687,0.549,0.598,0.488,0.429,0.693,0.827,0.588,0.223,0.742,0.509,0.675,0.497,0.545,0.519,0.536,0.064,0.677,0.699,0.695,0.7,0.068,0.089,0.578,0.155,0.487,0.615,0.152,0.219,0.271,0.499,0.742,0.252,0.587,0.508,-0.268,0.674,0.02,0.564,0.781,0.486,0.483,0.628,-0.037,0.73,0.636,0.536,-0.008,0.643,0.631,0.619,0.627,0.68,0.589,0.43,0.671,0.562,-0.242,-0.371,0.669,0.025,-0.117,0.326,0.675,0.067,0.253,0.795,0.678,0.485,0.638,0.524,-0.507,0.772,0.56,0.265,0.446,0.329,0.4,0.234,0.628,0.369,0.48,0.71,-0.222,0.439,-0.042,0.399,0.788,0.658,0.686,0.706,0.407,0.504,0.828,-0.141,0.752,0.473,0.521,0.096,0.048,0.582,0.554,0.823,0.501,0.75,-0.1,0.638,0.607,0.723,0.453,0.438,0.678,0.786,-0.476,0.288,0.738,0.511,0.66,-0.108,0.656,0.718,0.681,0.357,0.538,0.533,0.167,0.82,0.435,0.513,-0.045,-0.433,0.764,0.35,0.468,0.376,-0.06,0.323,-0.417,0.585,0.579,0.299,0.682,-0.644,-0.138,-0.321,0.602,0.485,0.494,0.358,0.711,0.225,0.331,0.288,0.183,0.262,0.257,0.697,0.646,0.783,0.511,0.661,-0.266,0.276,0.671,0.564,0.564,0.696,-0.062,0.322,0.738,0.547,0.418,0.555,0.593,0.703,0.572
AMSF,-0.564,-0.55,0.178,-0.544,-0.608,-0.723,-0.72,-0.724,-0.809,-0.519,-0.239,0.0,-0.026,0.051,0.847,-0.174,0.201,-0.869,0.648,-0.605,-0.125,-0.442,-0.421,0.099,-0.072,-0.544,-0.853,0.254,-0.109,-0.698,-0.183,-0.367,-0.816,-0.338,-0.225,-0.609,-0.26,0.008,-0.64,-0.643,0.444,-0.773,-0.562,-0.675,-0.484,0.479,-0.303,0.103,0.756,0.204,-0.793,0.408,-0.298,0.441,-0.165,-0.524,-0.239,-0.18,0.479,0.901,-0.71,0.877,-0.116,-0.69,0.04,-0.728,-0.064,0.426,-0.197,-0.097,-0.763,-0.067,-0.076,-0.714,0.047,-0.682,-0.498,-0.603,-0.061,-0.569,-0.051,0.256,0.436,-0.015,0.292,0.91,0.305,-0.751,0.387,-0.422,-0.388,-0.476,0.293,-0.045,0.398,0.001,-0.272,-0.747,-0.578,-0.219,0.152,-0.863,-0.652,-0.774,-0.722,0.191,-0.676,0.134,-0.874,0.511,0.418,-0.078,-0.269,-0.766,-0.789,-0.081,-0.784,-0.527,0.641,-0.614,-0.136,-0.554,0.502,-0.081,-0.571,-0.732,-0.267,-0.667,-0.283,0.129,-0.185,-0.585,-0.682,-0.857,-0.104,0.245,-0.456,0.481,0.014,-0.395,-0.561,-0.234,0.822,-0.564,-0.698,-0.184,-0.844,-0.372,-0.862,0.249,-0.54,0.456,0.141,0.894,0.009,-0.215,0.013,-0.443,-0.006,0.686,0.39,0.791,-0.773,-0.771,-0.191,-0.776,0.668,0.746,0.8,-0.247,-0.096,-0.09,0.224,-0.296,-0.544,0.316,-0.745,0.248,-0.525,-0.255,-0.589,-0.748,-0.315,-0.853,-0.594,0.897,-0.507,-0.077,-0.828,-0.638,-0.795,0.715,-0.426,-0.031,-0.592,-0.597,-0.344,-0.825,-0.724,-0.822
ANAB,0.123,0.512,0.272,0.092,0.112,-0.157,0.358,0.102,-0.188,0.478,0.154,-0.026,0.0,0.291,-0.05,0.842,0.301,0.18,0.037,0.534,0.441,0.426,0.496,0.688,0.147,0.724,0.193,-0.25,0.372,0.429,0.354,-0.323,0.506,0.535,-0.007,0.38,0.759,0.583,-0.305,-0.028,0.439,0.302,0.205,0.314,-0.126,0.555,0.385,0.345,-0.376,-0.242,0.379,-0.585,0.23,0.45,0.368,0.465,0.701,0.557,0.351,-0.27,0.26,-0.165,0.624,-0.028,0.539,0.442,0.068,-0.297,-0.088,0.575,0.049,-0.637,0.466,0.391,0.486,0.49,0.495,0.509,0.107,0.512,0.625,0.551,0.4,0.351,-0.601,-0.175,-0.079,0.324,0.452,-0.067,0.138,0.239,0.434,0.461,0.119,-0.345,0.289,0.351,0.699,0.576,0.617,0.055,0.07,-0.0,0.334,0.521,0.037,0.446,0.157,0.124,0.245,-0.11,0.631,0.226,0.092,0.741,0.331,0.174,0.538,0.387,0.291,0.185,-0.039,0.539,0.548,0.172,0.235,-0.184,-0.253,0.55,-0.305,0.518,0.42,0.319,0.489,0.329,0.404,0.334,0.132,0.235,0.616,0.575,0.271,0.521,0.021,-0.46,0.233,0.655,0.325,-0.577,-0.043,-0.048,-0.374,-0.151,-0.12,0.118,0.527,0.606,-0.111,0.123,0.155,-0.31,0.466,0.202,0.695,0.294,-0.199,-0.481,-0.483,0.694,0.64,-0.212,0.723,0.533,-0.178,-0.175,0.56,0.238,-0.387,0.709,0.523,0.414,0.228,0.121,0.217,-0.253,0.578,0.403,0.26,0.626,0.139,-0.604,0.483,0.093,0.57,-0.285,0.628,-0.045,0.352,0.126
ANDE,0.629,0.581,0.448,0.572,0.426,0.2,0.579,0.417,0.151,0.443,0.715,0.051,0.291,0.0,-0.052,0.326,0.209,0.209,0.195,0.557,-0.441,0.621,0.582,0.639,0.762,0.47,0.379,0.644,0.59,0.523,0.816,0.426,0.118,0.772,0.546,0.545,0.574,0.808,0.252,0.382,0.469,0.473,0.648,0.49,0.522,0.477,0.284,0.842,0.207,0.431,0.386,0.052,0.349,0.615,0.696,0.7,0.363,0.731,0.775,-0.027,0.558,0.328,0.639,0.484,0.675,0.358,0.684,0.234,0.703,0.788,0.349,-0.195,0.844,0.479,0.828,0.514,0.683,0.583,0.489,0.618,0.786,0.085,-0.032,0.859,0.203,0.198,0.541,0.49,0.337,-0.012,0.571,0.705,0.78,0.746,0.693,-0.496,0.793,0.4,0.186,0.561,0.605,0.099,0.137,0.357,0.23,0.795,0.62,-0.075,0.161,0.375,0.728,0.777,0.688,0.444,0.468,0.679,0.247,0.725,0.24,0.664,0.687,0.364,0.314,0.377,0.6,0.29,0.805,0.172,0.61,0.208,0.398,0.518,0.584,0.236,0.508,0.787,0.731,-0.046,0.415,0.763,0.539,0.729,0.265,0.613,0.44,0.568,0.117,0.485,0.259,0.084,0.631,0.66,0.462,0.246,-0.294,0.798,0.483,0.546,0.418,0.325,0.55,-0.057,0.427,0.362,0.56,0.44,-0.435,0.061,-0.122,0.69,0.641,0.617,0.657,0.781,0.157,0.385,0.253,0.463,-0.029,0.479,0.569,0.432,0.727,0.261,0.53,0.034,0.226,0.829,0.314,0.401,0.451,0.06,0.524,0.828,0.457,0.175,0.685,0.296,0.556,0.319
APLS,-0.578,-0.421,0.402,-0.648,-0.707,-0.793,-0.655,-0.763,-0.868,-0.649,-0.316,0.847,-0.05,-0.052,0.0,-0.222,0.467,-0.901,0.845,-0.551,-0.118,-0.383,-0.316,0.126,0.032,-0.513,-0.766,0.254,0.118,-0.743,-0.273,-0.565,-0.704,-0.312,0.027,-0.588,-0.219,0.022,-0.693,-0.637,0.59,-0.778,-0.486,-0.63,-0.567,0.406,-0.206,0.06,0.655,0.169,-0.811,0.465,-0.197,0.429,-0.056,-0.498,-0.139,-0.254,0.407,0.86,-0.667,0.739,-0.071,-0.752,0.185,-0.569,0.057,0.367,-0.21,-0.033,-0.629,-0.323,-0.169,-0.755,0.035,-0.683,-0.6,-0.551,0.096,-0.537,-0.156,0.206,0.368,0.059,0.176,0.881,0.478,-0.686,0.413,-0.636,-0.594,-0.5,0.265,-0.04,0.457,0.124,-0.305,-0.841,-0.654,-0.157,0.25,-0.813,-0.735,-0.86,-0.765,0.128,-0.636,0.355,-0.935,0.692,0.459,-0.207,-0.234,-0.78,-0.747,-0.052,-0.885,-0.551,0.695,-0.671,0.018,-0.665,0.479,0.164,-0.486,-0.825,-0.238,-0.73,-0.426,0.228,-0.277,-0.598,-0.686,-0.86,-0.166,0.197,-0.439,0.721,-0.15,-0.327,-0.464,-0.315,0.725,-0.507,-0.788,-0.231,-0.871,-0.289,-0.847,0.11,-0.612,0.473,-0.111,0.846,0.231,-0.12,0.276,-0.354,0.28,0.82,0.117,0.79,-0.692,-0.829,-0.078,-0.726,0.66,0.637,0.82,-0.272,0.044,-0.063,0.166,-0.346,-0.33,0.325,-0.625,0.506,-0.72,-0.086,-0.637,-0.75,-0.324,-0.791,-0.504,0.893,-0.379,0.026,-0.881,-0.61,-0.807,0.598,-0.189,-0.05,-0.505,-0.693,-0.321,-0.838,-0.66,-0.89
APPF,0.189,0.564,0.239,0.199,0.307,-0.071,0.481,0.174,0.009,0.63,0.104,-0.174,0.842,0.326,-0.222,0.0,0.323,0.34,-0.067,0.618,0.496,0.481,0.507,0.687,0.173,0.745,0.299,-0.267,0.37,0.535,0.425,-0.137,0.617,0.549,-0.047,0.408,0.754,0.59,-0.149,0.152,0.388,0.392,0.326,0.374,0.071,0.56,0.519,0.372,-0.45,-0.35,0.482,-0.63,0.406,0.408,0.424,0.544,0.691,0.636,0.228,-0.404,0.414,-0.242,0.593,0.064,0.486,0.504,0.036,-0.146,0.018,0.527,0.159,-0.473,0.492,0.459,0.525,0.586,0.603,0.614,0.064,0.548,0.659,0.621,0.421,0.378,-0.511,-0.314,-0.127,0.451,0.461,0.085,0.243,0.415,0.405,0.507,0.036,-0.209,0.342,0.528,0.787,0.602,0.604,0.202,0.335,0.181,0.534,0.521,0.177,0.355,0.343,0.119,0.199,-0.023,0.633,0.361,0.22,0.766,0.452,0.296,0.384,0.515,0.297,0.398,-0.04,0.609,0.663,0.306,0.274,-0.05,-0.129,0.629,-0.27,0.633,0.512,0.469,0.448,0.236,0.394,0.3,0.212,0.317,0.671,0.616,0.154,0.591,0.193,-0.361,0.409,0.621,0.442,-0.594,0.051,-0.097,-0.293,-0.276,0.018,0.142,0.363,0.676,-0.135,0.029,0.229,-0.312,0.547,0.352,0.742,0.355,-0.22,-0.477,-0.548,0.696,0.585,-0.07,0.727,0.567,-0.014,-0.309,0.67,0.192,-0.184,0.771,0.614,0.495,0.311,0.291,0.352,-0.328,0.674,0.394,0.386,0.67,0.279,-0.63,0.597,0.143,0.575,-0.094,0.737,0.08,0.448,0.326
ASML,-0.115,0.367,0.725,-0.252,-0.265,-0.437,0.142,-0.231,-0.467,-0.083,-0.1,0.201,0.301,0.209,0.467,0.323,0.0,-0.319,0.717,0.211,-0.039,0.148,0.383,0.567,0.26,0.171,-0.08,0.101,0.664,-0.093,0.158,-0.354,0.08,0.198,0.302,0.14,0.376,0.471,-0.371,-0.134,0.762,-0.132,0.115,0.002,-0.21,0.483,0.221,0.393,0.059,-0.044,-0.126,-0.068,0.383,0.52,0.398,0.188,0.411,0.321,0.371,0.209,0.027,0.207,0.478,-0.314,0.669,0.2,0.305,0.195,0.107,0.452,-0.033,-0.647,0.324,-0.094,0.447,0.017,0.044,0.235,0.406,0.153,0.343,0.306,0.292,0.486,-0.141,0.335,0.395,0.053,0.585,-0.537,-0.273,0.167,0.491,0.441,0.503,-0.078,0.175,-0.223,-0.003,0.466,0.695,-0.298,-0.358,-0.324,-0.235,0.326,-0.033,0.53,-0.343,0.661,0.565,-0.042,0.396,-0.189,-0.112,0.49,-0.352,-0.052,0.635,-0.033,0.444,-0.313,0.204,0.611,0.328,-0.28,0.201,-0.498,-0.378,0.602,-0.174,0.118,0.007,-0.201,0.13,0.318,0.161,0.685,-0.152,0.283,0.318,0.203,0.371,0.197,-0.28,-0.181,-0.326,0.227,-0.139,-0.276,-0.212,0.38,-0.418,0.273,0.182,0.333,0.632,0.396,0.488,0.641,0.023,0.251,0.092,-0.217,0.561,-0.043,0.16,0.025,0.133,0.311,0.526,0.176,0.468,0.237,0.103,0.316,0.141,0.666,-0.711,0.624,0.044,-0.013,0.103,-0.129,0.062,0.289,0.267,0.42,-0.304,0.098,-0.204,-0.058,0.495,0.174,0.237,-0.534,0.374,-0.334,0.066,-0.28
ATRC,0.714,0.586,-0.244,0.771,0.849,0.852,0.781,0.824,0.881,0.799,0.502,-0.869,0.18,0.209,-0.901,0.34,-0.319,0.0,-0.761,0.733,0.03,0.666,0.513,-0.01,0.266,0.666,0.884,-0.082,0.123,0.867,0.488,0.581,0.758,0.556,0.209,0.697,0.362,0.152,0.746,0.806,-0.45,0.874,0.635,0.792,0.672,-0.294,0.379,0.085,-0.608,-0.013,0.891,-0.329,0.299,-0.298,0.203,0.686,0.342,0.384,-0.212,-0.907,0.822,-0.748,0.24,0.847,0.015,0.728,0.196,-0.273,0.388,0.215,0.81,0.199,0.286,0.844,0.198,0.812,0.699,0.669,-0.033,0.681,0.263,-0.24,-0.475,0.175,-0.223,-0.865,-0.241,0.835,-0.346,0.563,0.685,0.595,-0.153,0.287,-0.274,-0.077,0.468,0.921,0.722,0.241,-0.099,0.918,0.825,0.911,0.902,0.055,0.761,-0.309,0.974,-0.555,-0.32,0.334,0.415,0.92,0.844,0.209,0.948,0.748,-0.569,0.817,0.241,0.842,-0.33,0.088,0.651,0.834,0.437,0.817,0.544,-0.103,0.289,0.715,0.807,0.959,0.202,-0.05,0.617,-0.592,0.295,0.5,0.627,0.437,-0.728,0.647,0.852,0.298,0.965,0.577,0.945,-0.123,0.74,-0.272,0.132,-0.784,-0.099,0.318,-0.004,0.472,-0.055,-0.656,-0.156,-0.794,0.833,0.927,0.217,0.832,-0.739,-0.641,-0.805,0.394,0.177,0.226,-0.015,0.487,0.522,-0.341,0.737,-0.263,0.649,0.26,0.753,0.86,0.475,0.892,0.761,-0.891,0.606,0.203,0.974,0.766,0.932,-0.665,0.428,0.251,0.64,0.762,0.495,0.926,0.838,0.962
AVGO,-0.31,-0.035,0.657,-0.481,-0.597,-0.723,-0.289,-0.503,-0.771,-0.504,-0.167,0.648,0.037,0.195,0.845,-0.067,0.717,-0.761,0.0,-0.24,-0.189,-0.203,-0.019,0.415,0.183,-0.246,-0.5,0.352,0.402,-0.495,-0.031,-0.504,-0.449,-0.063,0.3,-0.232,0.089,0.336,-0.622,-0.519,0.827,-0.508,-0.165,-0.391,-0.43,0.504,-0.165,0.351,0.526,0.132,-0.55,0.267,0.055,0.654,0.308,-0.154,0.019,0.033,0.512,0.717,-0.38,0.654,0.256,-0.573,0.525,-0.246,0.229,0.265,-0.031,0.324,-0.435,-0.534,0.119,-0.489,0.262,-0.417,-0.29,-0.177,0.432,-0.2,0.145,0.307,0.408,0.358,0.076,0.788,0.603,-0.39,0.628,-0.599,-0.448,-0.172,0.537,0.186,0.624,-0.124,0.002,-0.665,-0.51,0.213,0.583,-0.729,-0.734,-0.685,-0.68,0.276,-0.339,0.44,-0.779,0.827,0.714,-0.027,0.087,-0.553,-0.458,0.255,-0.764,-0.293,0.705,-0.418,0.204,-0.657,0.36,0.345,-0.104,-0.597,0.084,-0.697,-0.383,0.344,-0.104,-0.283,-0.38,-0.697,0.091,0.445,-0.13,0.72,-0.234,0.024,-0.133,-0.013,0.668,-0.145,-0.578,-0.073,-0.794,-0.153,-0.634,0.013,-0.401,0.539,-0.192,0.732,0.108,0.21,0.502,0.016,0.509,0.845,0.164,0.595,-0.38,-0.67,0.248,-0.425,0.404,0.433,0.59,0.051,0.36,0.092,0.356,-0.022,-0.228,0.571,-0.371,0.674,-0.817,0.258,-0.332,-0.483,-0.006,-0.595,-0.332,0.77,-0.216,0.34,-0.738,-0.383,-0.58,0.459,0.088,0.156,-0.171,-0.738,-0.019,-0.678,-0.36,-0.709
AVT,0.75,0.917,0.333,0.698,0.671,0.502,0.93,0.732,0.505,0.826,0.643,-0.605,0.534,0.557,-0.551,0.618,0.211,0.733,-0.24,0.0,-0.035,0.81,0.821,0.538,0.568,0.895,0.826,0.086,0.622,0.894,0.761,0.36,0.782,0.857,0.453,0.859,0.807,0.689,0.411,0.631,0.194,0.854,0.806,0.83,0.592,0.191,0.482,0.531,-0.47,0.035,0.856,-0.409,0.567,0.233,0.61,0.925,0.673,0.773,0.277,-0.673,0.901,-0.439,0.719,0.687,0.632,0.849,0.451,-0.189,0.534,0.735,0.726,-0.318,0.698,0.84,0.631,0.907,0.887,0.922,0.393,0.882,0.716,0.111,-0.145,0.665,-0.33,-0.52,0.101,0.922,0.218,0.193,0.638,0.799,0.417,0.715,0.249,-0.357,0.758,0.812,0.737,0.675,0.533,0.628,0.49,0.699,0.709,0.463,0.78,0.092,0.696,-0.015,0.274,0.456,0.863,0.829,0.8,0.717,0.74,0.811,-0.066,0.908,0.599,0.623,-0.086,0.51,0.953,0.695,0.714,0.428,0.392,0.311,0.241,0.883,0.926,0.784,0.493,0.442,0.847,-0.158,0.253,0.803,0.927,0.799,-0.309,0.923,0.73,0.259,0.671,0.779,0.836,-0.284,0.689,0.113,-0.038,-0.469,-0.161,0.68,0.487,0.864,0.303,-0.145,0.097,-0.639,0.936,0.777,0.726,0.874,-0.686,-0.586,-0.737,0.832,0.713,0.377,0.52,0.828,0.426,-0.004,0.842,0.239,0.126,0.747,0.92,0.899,0.733,0.756,0.808,-0.632,0.73,0.678,0.774,0.89,0.811,-0.641,0.767,0.54,0.869,0.33,0.884,0.672,0.938,0.76
AXDX,-0.395,-0.023,-0.133,-0.263,-0.138,-0.33,-0.12,-0.233,-0.167,-0.012,-0.517,-0.125,0.441,-0.441,-0.118,0.496,-0.039,0.03,-0.189,-0.035,0.0,-0.247,-0.064,0.034,-0.473,0.174,-0.114,-0.77,-0.228,-0.026,-0.373,-0.498,0.378,-0.179,-0.513,-0.15,0.179,-0.156,-0.366,-0.336,-0.064,-0.059,-0.189,-0.132,-0.381,0.099,0.189,-0.394,-0.481,-0.707,0.048,-0.587,-0.023,-0.133,-0.095,-0.199,0.142,-0.162,-0.416,-0.217,-0.18,-0.365,-0.023,-0.384,-0.152,0.093,-0.545,-0.415,-0.562,-0.159,-0.25,-0.24,-0.328,-0.08,-0.313,0.072,-0.085,0.024,-0.213,-0.042,-0.097,0.589,0.55,-0.397,-0.479,-0.33,-0.527,-0.085,0.07,0.123,-0.356,-0.258,-0.239,-0.268,-0.517,0.191,-0.397,0.099,0.403,0.027,-0.003,0.031,0.107,-0.166,0.205,-0.103,-0.373,0.371,0.081,-0.174,-0.374,-0.665,-0.073,-0.122,-0.206,0.119,0.148,-0.389,0.067,-0.126,-0.339,-0.029,-0.278,0.221,-0.006,0.04,-0.416,-0.268,-0.547,0.331,-0.485,0.067,-0.079,0.126,0.014,-0.355,-0.3,0.276,-0.21,-0.355,0.07,-0.127,0.012,-0.013,-0.248,-0.709,0.167,-0.079,0.075,-0.546,-0.51,-0.655,-0.517,-0.403,0.262,-0.56,-0.187,0.102,-0.434,-0.191,-0.093,-0.148,0.032,-0.094,0.218,-0.074,0.161,-0.418,-0.352,0.056,-0.07,-0.573,0.067,-0.139,-0.286,-0.499,0.327,-0.188,-0.096,0.182,-0.001,-0.002,-0.307,-0.004,-0.263,-0.211,0.233,-0.331,0.001,0.172,-0.204,-0.487,0.041,-0.541,0.054,-0.283,-0.012,-0.249,-0.155,-0.054
AXSM,0.664,0.678,0.274,0.689,0.71,0.59,0.752,0.572,0.464,0.745,0.632,-0.442,0.426,0.621,-0.383,0.481,0.148,0.666,-0.203,0.81,-0.247,0.0,0.686,0.427,0.682,0.704,0.725,0.394,0.59,0.728,0.773,0.402,0.548,0.836,0.599,0.66,0.554,0.609,0.487,0.779,0.148,0.671,0.631,0.748,0.515,0.248,0.526,0.546,-0.333,0.389,0.647,-0.089,0.468,0.219,0.416,0.812,0.7,0.685,0.445,-0.597,0.777,-0.314,0.542,0.647,0.489,0.682,0.649,0.126,0.6,0.604,0.803,-0.211,0.636,0.722,0.717,0.746,0.743,0.655,0.155,0.745,0.564,-0.168,-0.434,0.65,-0.152,-0.353,0.338,0.755,0.015,0.095,0.579,0.621,0.317,0.742,0.315,-0.119,0.709,0.651,0.581,0.378,0.35,0.601,0.55,0.57,0.66,0.538,0.713,-0.117,0.564,0.047,0.23,0.512,0.672,0.749,0.634,0.561,0.624,0.833,0.058,0.782,0.743,0.675,0.134,0.532,0.755,0.466,0.68,0.549,0.515,0.219,0.118,0.683,0.73,0.705,0.343,0.391,0.809,-0.092,0.487,0.682,0.771,0.639,-0.302,0.689,0.588,0.323,0.629,0.885,0.69,-0.076,0.726,0.374,0.098,-0.251,0.032,0.659,0.574,0.59,0.379,-0.003,-0.058,-0.458,0.752,0.698,0.48,0.666,-0.558,-0.331,-0.452,0.594,0.621,0.543,0.453,0.672,0.61,-0.082,0.622,0.336,0.114,0.593,0.7,0.719,0.615,0.615,0.868,-0.475,0.736,0.689,0.718,0.683,0.763,-0.488,0.729,0.614,0.648,0.498,0.726,0.666,0.845,0.633
AZN,0.682,0.886,0.447,0.614,0.525,0.342,0.803,0.613,0.27,0.573,0.594,-0.421,0.496,0.582,-0.316,0.507,0.383,0.513,-0.019,0.821,-0.064,0.686,0.0,0.557,0.545,0.816,0.695,0.114,0.704,0.754,0.685,0.226,0.648,0.816,0.491,0.833,0.801,0.704,0.32,0.48,0.301,0.725,0.771,0.793,0.421,0.255,0.367,0.572,-0.315,0.051,0.704,-0.3,0.471,0.316,0.69,0.818,0.553,0.658,0.39,-0.496,0.692,-0.276,0.798,0.559,0.691,0.788,0.549,-0.162,0.523,0.784,0.623,-0.454,0.666,0.718,0.65,0.811,0.769,0.835,0.503,0.838,0.691,0.092,-0.093,0.682,-0.258,-0.284,0.22,0.778,0.185,0.106,0.441,0.698,0.546,0.71,0.36,-0.372,0.745,0.617,0.591,0.675,0.593,0.496,0.238,0.523,0.478,0.546,0.688,0.205,0.477,0.083,0.385,0.375,0.86,0.686,0.69,0.734,0.564,0.708,0.09,0.775,0.626,0.391,-0.135,0.548,0.851,0.614,0.731,0.218,0.287,0.436,0.375,0.814,0.771,0.596,0.425,0.54,0.831,-0.054,0.132,0.782,0.863,0.665,-0.183,0.837,0.547,0.234,0.46,0.663,0.675,-0.261,0.583,0.2,-0.07,-0.306,-0.132,0.674,0.584,0.781,0.466,0.058,0.139,-0.528,0.8,0.58,0.744,0.788,-0.673,-0.531,-0.599,0.801,0.701,0.358,0.547,0.857,0.356,0.171,0.685,0.45,-0.109,0.724,0.793,0.802,0.673,0.647,0.627,-0.415,0.688,0.671,0.579,0.805,0.642,-0.515,0.72,0.495,0.856,0.106,0.786,0.494,0.803,0.551
BANR,0.289,0.614,0.583,0.1,0.003,-0.263,0.475,0.164,-0.22,0.364,0.287,0.099,0.688,0.639,0.126,0.687,0.567,-0.01,0.415,0.538,0.034,0.427,0.557,0.0,0.394,0.634,0.2,0.165,0.61,0.38,0.516,-0.199,0.337,0.627,0.389,0.452,0.822,0.892,-0.334,-0.019,0.806,0.284,0.413,0.233,0.013,0.717,0.205,0.793,-0.084,-0.123,0.317,-0.391,0.448,0.816,0.669,0.601,0.608,0.812,0.602,-0.008,0.341,0.191,0.725,0.025,0.823,0.435,0.302,0.006,0.144,0.822,0.036,-0.683,0.769,0.331,0.744,0.415,0.607,0.612,0.445,0.568,0.874,0.549,0.429,0.684,-0.356,0.119,0.324,0.364,0.715,-0.176,0.163,0.457,0.837,0.59,0.51,-0.577,0.585,0.206,0.37,0.8,0.907,-0.178,-0.143,-0.039,0.063,0.657,0.255,0.54,-0.023,0.529,0.695,0.261,0.757,0.196,0.172,0.893,0.064,0.327,0.61,0.414,0.484,0.014,0.141,0.563,0.672,0.08,0.549,-0.284,-0.093,0.53,-0.109,0.524,0.475,0.128,0.654,0.644,0.502,0.414,0.055,0.536,0.609,0.788,0.466,0.643,0.098,-0.046,-0.042,0.528,0.154,-0.413,0.111,0.329,-0.172,0.154,-0.25,0.51,0.701,0.7,0.224,0.358,0.396,-0.098,0.437,0.116,0.818,0.272,-0.197,-0.233,-0.263,0.807,0.874,0.084,0.891,0.692,-0.141,0.228,0.438,0.453,-0.5,0.82,0.516,0.327,0.528,0.014,0.218,0.025,0.398,0.702,0.094,0.445,0.139,-0.265,0.58,0.425,0.553,-0.367,0.759,-0.081,0.388,0.027
BBIO,0.56,0.568,0.57,0.586,0.484,0.296,0.537,0.373,0.22,0.374,0.687,-0.072,0.147,0.762,0.032,0.173,0.26,0.266,0.183,0.568,-0.473,0.682,0.545,0.394,0.0,0.362,0.414,0.695,0.72,0.452,0.715,0.419,0.142,0.762,0.641,0.456,0.427,0.648,0.367,0.515,0.356,0.428,0.689,0.514,0.599,0.318,0.415,0.66,0.203,0.489,0.281,0.326,0.437,0.359,0.544,0.61,0.357,0.519,0.666,-0.053,0.614,0.187,0.483,0.516,0.605,0.374,0.791,0.352,0.799,0.645,0.534,-0.115,0.618,0.365,0.666,0.436,0.507,0.478,0.423,0.511,0.535,-0.062,-0.223,0.816,0.279,0.142,0.709,0.502,0.215,-0.122,0.467,0.569,0.561,0.719,0.659,-0.107,0.713,0.352,0.079,0.32,0.446,0.28,0.249,0.376,0.315,0.574,0.632,-0.114,0.178,0.402,0.597,0.728,0.577,0.446,0.479,0.497,0.228,0.714,0.111,0.596,0.81,0.46,0.447,0.548,0.535,0.231,0.701,0.283,0.651,0.256,0.383,0.395,0.497,0.269,0.241,0.607,0.642,0.089,0.467,0.767,0.494,0.512,0.028,0.526,0.431,0.6,0.194,0.569,0.302,0.193,0.642,0.683,0.358,0.204,0.079,0.84,0.515,0.46,0.658,0.409,0.288,0.018,0.39,0.388,0.48,0.44,-0.366,0.132,0.006,0.489,0.54,0.76,0.424,0.611,0.478,0.285,0.29,0.6,0.034,0.421,0.431,0.39,0.644,0.368,0.708,0.017,0.348,0.79,0.311,0.344,0.476,0.058,0.637,0.838,0.364,0.289,0.613,0.385,0.579,0.341
BCYC,0.686,0.867,0.197,0.566,0.543,0.357,0.838,0.681,0.364,0.792,0.549,-0.544,0.724,0.47,-0.513,0.745,0.171,0.666,-0.246,0.895,0.174,0.704,0.816,0.634,0.362,0.0,0.729,-0.107,0.509,0.879,0.667,0.122,0.813,0.808,0.339,0.834,0.897,0.673,0.227,0.441,0.223,0.819,0.683,0.777,0.362,0.256,0.367,0.498,-0.52,-0.146,0.864,-0.575,0.397,0.323,0.623,0.875,0.67,0.743,0.227,-0.671,0.734,-0.476,0.759,0.554,0.609,0.857,0.309,-0.389,0.269,0.746,0.545,-0.472,0.637,0.829,0.594,0.89,0.865,0.897,0.333,0.905,0.728,0.242,0.006,0.528,-0.595,-0.546,-0.054,0.834,0.246,0.283,0.544,0.657,0.45,0.597,0.12,-0.479,0.671,0.76,0.85,0.753,0.583,0.526,0.367,0.56,0.646,0.479,0.605,0.239,0.648,-0.096,0.203,0.25,0.869,0.756,0.692,0.785,0.739,0.678,0.07,0.826,0.415,0.519,-0.293,0.454,0.913,0.689,0.652,0.296,0.182,0.336,0.151,0.9,0.878,0.751,0.589,0.427,0.789,-0.121,0.135,0.664,0.901,0.796,-0.203,0.913,0.597,0.024,0.636,0.786,0.798,-0.499,0.506,-0.077,-0.164,-0.5,-0.252,0.488,0.528,0.837,0.117,-0.221,0.094,-0.741,0.909,0.676,0.738,0.817,-0.709,-0.755,-0.824,0.868,0.741,0.058,0.597,0.827,0.173,-0.073,0.827,0.163,-0.01,0.776,0.928,0.879,0.645,0.647,0.612,-0.628,0.773,0.586,0.729,0.941,0.703,-0.754,0.664,0.354,0.913,0.143,0.828,0.531,0.837,0.653
BHFAP,0.813,0.783,0.043,0.802,0.743,0.771,0.909,0.882,0.779,0.703,0.598,-0.853,0.193,0.379,-0.766,0.299,-0.08,0.884,-0.5,0.826,-0.114,0.725,0.695,0.2,0.414,0.729,0.0,0.032,0.398,0.876,0.585,0.54,0.794,0.684,0.466,0.831,0.523,0.376,0.708,0.774,-0.191,0.928,0.81,0.877,0.67,-0.199,0.361,0.313,-0.563,0.023,0.896,-0.282,0.427,-0.14,0.43,0.814,0.422,0.518,-0.036,-0.832,0.887,-0.65,0.441,0.85,0.31,0.838,0.405,-0.269,0.517,0.458,0.886,-0.048,0.444,0.855,0.382,0.856,0.774,0.818,0.266,0.809,0.418,-0.239,-0.46,0.414,-0.209,-0.72,-0.007,0.933,-0.221,0.417,0.61,0.734,0.091,0.437,-0.028,-0.228,0.65,0.847,0.615,0.422,0.135,0.847,0.622,0.864,0.739,0.214,0.894,-0.123,0.863,-0.315,-0.027,0.441,0.596,0.933,0.934,0.378,0.826,0.828,-0.451,0.863,0.433,0.652,-0.299,0.229,0.794,0.815,0.643,0.69,0.512,0.007,0.397,0.786,0.886,0.896,0.305,0.188,0.773,-0.478,0.121,0.726,0.767,0.554,-0.635,0.794,0.858,0.427,0.808,0.612,0.926,-0.182,0.795,-0.075,0.029,-0.688,-0.139,0.579,0.266,0.634,0.272,-0.441,-0.145,-0.77,0.908,0.858,0.42,0.93,-0.807,-0.664,-0.778,0.566,0.412,0.379,0.114,0.659,0.587,-0.073,0.791,0.022,0.409,0.439,0.807,0.91,0.651,0.91,0.775,-0.794,0.608,0.452,0.905,0.792,0.927,-0.625,0.604,0.41,0.799,0.618,0.624,0.9,0.938,0.892
BKR,0.32,0.062,0.316,0.253,0.197,0.176,0.115,0.11,0.032,0.02,0.488,0.254,-0.25,0.644,0.254,-0.267,0.101,-0.082,0.352,0.086,-0.77,0.394,0.114,0.165,0.695,-0.107,0.032,0.0,0.332,0.021,0.47,0.336,-0.378,0.38,0.635,0.077,-0.018,0.383,0.214,0.312,0.289,0.004,0.26,0.079,0.31,0.21,-0.053,0.557,0.514,0.765,-0.113,0.603,0.128,0.389,0.266,0.263,-0.012,0.271,0.65,0.284,0.195,0.481,0.132,0.283,0.293,-0.03,0.654,0.558,0.615,0.336,0.213,0.092,0.431,0.026,0.441,-0.005,0.165,0.002,0.229,0.108,0.241,-0.316,-0.351,0.549,0.478,0.444,0.809,0.054,0.123,-0.177,0.303,0.223,0.419,0.402,0.672,-0.111,0.468,-0.099,-0.373,0.0,0.2,-0.1,-0.067,0.071,-0.127,0.311,0.342,-0.33,-0.166,0.423,0.543,0.687,0.18,0.093,0.126,0.093,-0.158,0.45,0.128,0.149,0.522,0.12,0.463,0.123,0.085,-0.14,0.498,0.217,0.573,-0.15,0.332,-0.001,0.088,-0.148,0.098,0.5,0.351,0.006,0.357,0.405,0.03,0.247,0.127,0.094,0.15,0.645,-0.181,0.192,-0.145,0.539,0.479,0.799,0.52,0.561,-0.054,0.616,0.325,0.001,0.532,0.421,0.204,0.285,-0.042,0.062,-0.041,0.017,-0.077,0.497,0.43,0.081,0.243,0.636,0.201,0.232,0.263,0.452,-0.271,0.386,-0.003,0.007,0.025,-0.066,0.41,-0.084,0.347,0.367,-0.087,0.539,-0.061,-0.176,0.173,0.492,0.151,0.681,-0.1,0.197,0.137,0.144,0.151,-0.017
BLDP,0.432,0.734,0.786,0.344,0.193,0.049,0.574,0.239,-0.034,0.271,0.429,-0.109,0.372,0.59,0.118,0.37,0.664,0.123,0.402,0.622,-0.228,0.59,0.704,0.61,0.72,0.509,0.398,0.332,0.0,0.414,0.624,0.076,0.362,0.647,0.592,0.56,0.626,0.716,0.124,0.332,0.614,0.383,0.624,0.54,0.315,0.444,0.476,0.634,-0.03,0.187,0.283,0.004,0.502,0.438,0.583,0.597,0.571,0.578,0.575,-0.121,0.526,0.051,0.702,0.272,0.839,0.502,0.751,0.141,0.546,0.751,0.474,-0.54,0.619,0.383,0.747,0.446,0.473,0.6,0.607,0.577,0.581,0.118,-0.014,0.816,-0.062,0.14,0.554,0.53,0.425,-0.353,0.176,0.568,0.615,0.75,0.638,-0.167,0.637,0.234,0.242,0.549,0.707,0.169,-0.009,0.161,0.183,0.554,0.488,0.289,0.06,0.544,0.631,0.397,0.729,0.322,0.384,0.673,0.105,0.503,0.402,0.506,0.812,0.124,0.244,0.748,0.657,0.198,0.644,-0.09,0.186,0.577,0.189,0.47,0.469,0.237,0.263,0.587,0.652,0.367,0.136,0.723,0.672,0.514,0.103,0.611,0.225,0.251,0.078,0.6,0.31,-0.197,0.382,0.531,-0.14,0.08,0.118,0.802,0.728,0.645,0.725,0.52,0.077,-0.103,0.485,0.214,0.721,0.47,-0.335,-0.113,-0.159,0.615,0.716,0.549,0.54,0.636,0.417,0.307,0.461,0.797,-0.406,0.747,0.468,0.453,0.552,0.348,0.546,-0.027,0.495,0.802,0.188,0.462,0.319,-0.218,0.792,0.637,0.566,-0.1,0.717,0.183,0.576,0.187
BLFS,0.844,0.825,0.024,0.792,0.773,0.662,0.913,0.861,0.676,0.841,0.693,-0.698,0.429,0.523,-0.743,0.535,-0.093,0.867,-0.495,0.894,-0.026,0.728,0.754,0.38,0.452,0.879,0.876,0.021,0.414,0.0,0.717,0.484,0.79,0.783,0.327,0.88,0.707,0.52,0.588,0.685,-0.083,0.959,0.802,0.891,0.662,-0.002,0.395,0.423,-0.481,0.0,0.953,-0.427,0.377,0.079,0.543,0.89,0.486,0.652,0.122,-0.772,0.883,-0.537,0.609,0.837,0.401,0.831,0.383,-0.329,0.486,0.606,0.726,-0.115,0.619,0.94,0.496,0.934,0.898,0.895,0.268,0.898,0.618,-0.016,-0.246,0.493,-0.322,-0.664,-0.086,0.923,-0.015,0.45,0.755,0.785,0.28,0.539,0.047,-0.403,0.707,0.926,0.784,0.588,0.316,0.749,0.608,0.845,0.804,0.364,0.82,-0.106,0.851,-0.295,0.066,0.472,0.752,0.921,0.889,0.583,0.898,0.849,-0.274,0.952,0.407,0.744,-0.311,0.269,0.866,0.862,0.699,0.583,0.529,0.124,0.402,0.884,0.956,0.885,0.45,0.336,0.847,-0.44,0.257,0.732,0.834,0.73,-0.432,0.89,0.845,0.327,0.818,0.691,0.925,-0.275,0.773,-0.091,0.142,-0.609,-0.288,0.566,0.267,0.744,0.1,-0.422,0.119,-0.795,0.93,0.874,0.543,0.933,-0.853,-0.673,-0.84,0.738,0.513,0.252,0.351,0.8,0.345,-0.114,0.798,-0.006,0.37,0.552,0.939,0.951,0.7,0.843,0.756,-0.757,0.661,0.523,0.907,0.913,0.911,-0.648,0.598,0.466,0.839,0.493,0.776,0.797,0.928,0.895
BLKB,0.782,0.698,0.303,0.735,0.609,0.416,0.706,0.629,0.345,0.727,0.827,-0.183,0.354,0.816,-0.273,0.425,0.158,0.488,-0.031,0.761,-0.373,0.773,0.685,0.516,0.715,0.667,0.585,0.47,0.624,0.717,0.0,0.513,0.313,0.822,0.521,0.696,0.656,0.747,0.42,0.573,0.306,0.655,0.727,0.714,0.669,0.363,0.303,0.739,0.076,0.361,0.606,0.005,0.357,0.461,0.6,0.837,0.524,0.777,0.62,-0.299,0.728,0.034,0.712,0.648,0.663,0.558,0.679,0.114,0.728,0.762,0.551,-0.149,0.774,0.665,0.833,0.694,0.786,0.693,0.45,0.735,0.735,-0.007,-0.201,0.808,-0.032,-0.074,0.389,0.727,0.282,0.18,0.753,0.766,0.614,0.806,0.576,-0.424,0.856,0.59,0.428,0.538,0.549,0.357,0.297,0.568,0.461,0.654,0.7,-0.106,0.432,0.167,0.536,0.777,0.811,0.69,0.646,0.64,0.495,0.852,0.098,0.813,0.637,0.569,0.178,0.35,0.73,0.533,0.86,0.387,0.632,0.18,0.472,0.714,0.744,0.493,0.484,0.732,0.824,-0.201,0.383,0.809,0.664,0.794,-0.012,0.743,0.662,0.527,0.375,0.684,0.541,0.023,0.758,0.51,0.35,-0.017,-0.243,0.808,0.483,0.611,0.419,0.12,0.335,-0.339,0.647,0.564,0.512,0.656,-0.564,-0.148,-0.348,0.738,0.659,0.562,0.606,0.814,0.277,0.285,0.416,0.389,0.08,0.524,0.785,0.688,0.821,0.507,0.728,-0.218,0.464,0.788,0.547,0.639,0.671,-0.162,0.543,0.827,0.615,0.324,0.742,0.518,0.759,0.567
