,ABAT,ACLS,ACMR,ADMA,ADUS,ADVM,AEIS,AGNCM,AHCO,ALGT,ALLO,AMSF,ANAB,ANDE,APLS,APPF,ASML,ATRC,AVGO,AVT,AXDX,AXSM,AZN,BANR,BBIO,BCYC,BHFAP,BKR,BLDP,BLFS,BLKB,BLMN,BNTX,BPMC,CALM,CAMT,CASH,CATY,CCEP,CDLX,CDNS,CENN,CENX,CGC,CHDN,CLBK,COKE,COLB,COO,CORT,CRMT,CRNX,CRTO,CRVL,CSCO,CSQ,CSWI,CVBF,CWST,CYCC,CZR,DLTR,DORM,ENTA,EQIX,ERIC,EVRG,EWBC,EXAS,EXLS,EXPI,EYE,FBNC,FBRX,FCNCA,FELE,FIBK,FLEX,FRGT,FRHC,FRME,FWONA,FWONK,GDEN,GIII,GILD,GLNG,GNTX,GOOGL,GRPN,HCSG,HIMX,HOPE,HST,HTLD,HUT,HWC,ICUI,IESC,INTC,INTU,IOVA,IPAR,IPGP,ISRG,JBSS,KALU,KPRX,KRNT,LAUR,LBRDA,LBTYK,LECO,LILAK,LITE,MANH,MDXG,MFIC,MGEE,MIDD,MLAB,MMSI,MNKD,MOMO,MRVL,NICE,NMFC,NUWE,NVCR,NWBI,OFIX,OFLX,OMCL,OPK,ORKA,ORLY,OTTR,PDD,PNTG,POOL,POWL,PPBI,PPC,PRAA,PRPL,PZZA,QTRX,QURE,RDFN,RDHL,REAL,REG,REYN,RGLD,RIOT,RUN,RYTM,SAIA,SBAC,SBRA,SCVL,SHOO,SLAB,SLDB,SMCI,SMTC,SRCE,SSP,SSRM,STBA,STRO,SVC,SYBT,TCBI,TCOM,TENX,TH,TMUS,TNDM,TTD,TTMI,UAL,ULH,ULTA,VCYT,VIRT,VKTX,VOD,VRDN,VREX,VRNT,VSAT,WB,WBD,WDC,WEN,WSFS,XXII,Z,ZBRA
ABAT,0.0,0.863,0.432,-0.347,0.703,0.665,-0.096,-0.443,0.392,-0.649,0.497,-0.489,0.469,-0.456,0.193,-0.502,0.518,-0.345,0.519,0.387,0.145,-0.399,0.574,-0.555,0.37,0.741,0.501,-0.59,0.582,0.336,0.019,0.726,0.847,-0.151,-0.577,0.342,-0.524,-0.561,-0.195,0.47,-0.366,-0.277,-0.609,0.67,0.013,-0.471,0.039,-0.532,0.772,-0.317,-0.418,0.337,0.136,-0.517,-0.395,-0.234,-0.449,-0.6,-0.478,0.445,0.667,0.083,-0.44,0.771,-0.069,0.67,-0.653,-0.512,0.623,-0.471,-0.064,-0.287,-0.518,-0.771,-0.517,-0.394,-0.51,-0.316,0.672,-0.653,-0.577,-0.094,-0.303,-0.629,0.326,-0.069,0.65,0.197,-0.295,0.597,-0.348,0.772,-0.477,0.185,-0.548,-0.705,-0.507,0.334,-0.424,-0.383,-0.579,0.664,-0.279,0.419,-0.51,0.516,-0.386,0.605,-0.59,-0.509,-0.193,0.736,-0.304,0.71,-0.537,-0.004,-0.781,-0.672,-0.641,0.033,0.591,-0.543,-0.001,0.488,-0.338,0.008,-0.235,0.366,0.058,-0.556,-0.396,-0.262,-0.129,-0.672,0.765,-0.348,-0.225,0.55,0.48,-0.004,-0.194,-0.462,-0.341,-0.4,0.579,0.547,0.314,0.035,0.758,0.726,-0.593,-0.464,0.31,0.529,-0.428,0.616,-0.335,-0.367,0.472,0.278,-0.044,0.745,0.614,0.759,0.512,0.019,-0.497,0.57,0.487,-0.525,0.406,0.709,-0.534,-0.596,0.397,-0.433,-0.548,-0.555,0.782,-0.046,-0.381,-0.651,-0.421,0.369,-0.382,-0.629,0.722,0.64,0.536,-0.372,-0.393,0.789,0.608,-0.609,0.555,0.68,-0.577,0.579,-0.582,-0.288
ACLS,0.863,0.0,0.58,-0.597,0.813,0.756,-0.234,-0.602,0.486,-0.784,0.372,-0.595,0.687,-0.377,0.011,-0.646,0.638,-0.544,0.489,0.409,0.033,-0.511,0.735,-0.648,0.198,0.822,0.445,-0.729,0.685,0.138,0.093,0.833,0.749,-0.394,-0.594,0.324,-0.654,-0.667,-0.235,0.367,-0.591,-0.408,-0.689,0.756,-0.042,-0.576,0.186,-0.642,0.87,-0.507,-0.47,0.194,0.336,-0.63,-0.53,-0.325,-0.541,-0.695,-0.555,0.601,0.843,0.12,-0.668,0.888,-0.109,0.839,-0.662,-0.604,0.728,-0.677,-0.26,-0.495,-0.62,-0.777,-0.573,-0.48,-0.555,-0.463,0.859,-0.709,-0.694,-0.289,-0.503,-0.666,0.422,-0.245,0.735,0.195,-0.462,0.644,-0.559,0.951,-0.543,0.139,-0.632,-0.819,-0.624,0.369,-0.62,-0.538,-0.736,0.68,-0.421,0.345,-0.638,0.774,-0.553,0.583,-0.685,-0.712,-0.409,0.848,-0.435,0.837,-0.7,-0.042,-0.919,-0.647,-0.755,0.124,0.654,-0.705,-0.216,0.492,-0.526,-0.095,-0.113,0.244,-0.053,-0.658,-0.571,-0.433,-0.334,-0.736,0.893,-0.378,-0.206,0.725,0.629,0.104,-0.365,-0.554,-0.555,-0.583,0.653,0.46,0.189,0.031,0.771,0.829,-0.754,-0.559,0.546,0.766,-0.499,0.66,-0.491,-0.53,0.677,0.288,-0.148,0.806,0.775,0.704,0.745,-0.152,-0.598,0.628,0.714,-0.611,0.222,0.885,-0.638,-0.714,0.298,-0.443,-0.716,-0.68,0.837,-0.196,-0.608,-0.806,-0.58,0.132,-0.579,-0.741,0.769,0.771,0.519,-0.495,-0.584,0.926,0.803,-0.808,0.7,0.753,-0.675,0.645,-0.728,-0.483
ACMR,0.432,0.58,0.0,-0.326,0.582,0.537,0.035,-0.301,0.342,-0.351,0.29,-0.153,0.371,0.185,0.041,-0.163,0.386,-0.21,0.561,0.552,0.004,-0.273,0.334,-0.254,0.089,0.521,0.382,-0.269,0.193,0.055,0.128,0.569,0.457,-0.153,-0.218,0.439,-0.263,-0.212,0.004,-0.117,-0.231,0.009,-0.214,0.383,0.364,-0.135,0.183,-0.175,0.367,-0.223,-0.024,0.106,0.237,-0.173,-0.167,0.099,-0.158,-0.22,-0.147,0.262,0.596,-0.12,-0.437,0.454,0.239,0.508,-0.324,-0.218,0.267,-0.328,-0.135,-0.337,-0.207,-0.363,-0.137,-0.146,-0.147,-0.013,0.493,-0.202,-0.225,-0.11,-0.232,-0.206,0.48,0.086,0.609,0.318,-0.025,0.403,-0.26,0.611,-0.134,0.286,-0.133,-0.384,-0.171,0.264,-0.292,-0.027,-0.277,0.446,-0.107,0.361,-0.237,0.561,-0.168,0.383,-0.194,-0.374,-0.214,0.441,-0.098,0.321,-0.28,0.139,-0.502,-0.039,-0.333,0.375,0.233,-0.315,-0.06,0.347,-0.116,0.11,0.149,-0.017,0.153,-0.2,-0.255,-0.127,-0.115,-0.41,0.398,-0.01,0.067,0.556,0.232,0.258,-0.084,-0.122,-0.324,-0.289,0.147,0.178,0.154,0.375,0.464,0.451,-0.347,-0.145,0.324,0.647,-0.079,0.164,-0.14,-0.183,0.355,0.277,0.074,0.466,0.755,0.419,0.457,0.147,-0.186,0.333,0.253,-0.19,0.23,0.501,-0.23,-0.292,0.235,-0.091,-0.343,-0.272,0.426,0.104,-0.277,-0.344,-0.251,0.268,-0.134,-0.341,0.505,0.455,0.344,-0.119,-0.188,0.472,0.615,-0.308,0.659,0.56,-0.241,0.5,-0.207,-0.183
ADMA,-0.347,-0.597,-0.326,0.0,-0.262,-0.31,0.788,0.804,-0.363,0.807,0.39,0.812,-0.747,0.467,0.662,0.809,-0.746,0.873,0.188,0.138,0.362,0.426,-0.862,0.84,0.546,-0.451,0.132,0.89,-0.747,0.616,0.047,-0.611,-0.358,0.879,0.649,0.133,0.825,0.841,0.077,0.286,0.862,0.743,0.783,-0.681,0.442,0.821,-0.2,0.831,-0.599,0.907,0.712,0.375,-0.547,0.852,0.794,0.659,0.753,0.824,0.699,-0.722,-0.684,-0.631,0.91,-0.656,0.275,-0.787,0.526,0.808,-0.817,0.931,0.797,0.832,0.805,0.523,0.683,0.687,0.719,0.863,-0.733,0.627,0.837,0.529,0.603,0.609,-0.033,0.837,-0.119,-0.006,0.822,-0.014,0.907,-0.662,0.756,0.49,0.666,0.742,0.842,0.131,0.949,0.825,0.869,-0.136,0.755,0.276,0.76,-0.707,0.866,-0.111,0.804,0.883,0.902,-0.415,0.858,-0.684,0.839,0.325,0.721,0.463,0.76,0.232,-0.195,0.918,0.708,-0.264,0.915,0.588,-0.22,-0.024,0.673,0.834,0.952,0.84,0.686,0.522,-0.681,0.53,0.434,-0.701,-0.204,0.146,0.882,0.809,0.913,0.866,-0.568,0.139,0.563,0.452,-0.325,-0.546,0.812,0.788,-0.733,-0.766,0.79,-0.695,0.896,0.847,-0.865,0.204,0.638,-0.396,-0.411,0.039,-0.847,0.762,0.823,-0.484,-0.872,0.798,0.597,-0.713,0.831,0.79,0.267,0.429,0.834,0.762,-0.363,0.708,0.926,0.856,0.871,0.57,0.88,0.763,-0.427,-0.646,0.171,0.887,0.827,-0.647,-0.719,0.864,-0.286,-0.36,0.79,-0.346,0.817,0.862
ADUS,0.703,0.813,0.582,-0.262,0.0,0.827,0.132,-0.301,0.413,-0.405,0.606,-0.275,0.58,0.09,0.383,-0.359,0.408,-0.28,0.706,0.498,0.163,-0.298,0.445,-0.253,0.498,0.798,0.509,-0.349,0.346,0.361,0.359,0.625,0.523,-0.064,-0.298,0.423,-0.246,-0.279,-0.116,0.395,-0.373,-0.166,-0.325,0.447,0.146,-0.206,0.304,-0.312,0.692,-0.114,-0.049,0.502,0.305,-0.212,-0.109,0.044,-0.107,-0.322,-0.147,0.46,0.712,-0.14,-0.326,0.771,-0.093,0.534,-0.368,-0.299,0.332,-0.336,0.087,-0.204,-0.231,-0.545,-0.164,-0.029,-0.153,-0.059,0.726,-0.509,-0.303,-0.177,-0.342,-0.388,0.614,0.126,0.856,0.096,-0.204,0.635,-0.254,0.809,-0.117,0.444,-0.252,-0.564,-0.23,0.615,-0.232,-0.125,-0.386,0.642,-0.154,0.403,-0.306,0.631,-0.243,0.461,-0.287,-0.405,-0.052,0.726,-0.019,0.568,-0.354,0.324,-0.672,-0.403,-0.432,0.446,0.749,-0.317,-0.024,0.314,-0.125,0.167,-0.107,0.224,0.307,-0.26,-0.195,-0.047,-0.183,-0.664,0.644,0.031,0.131,0.589,0.6,0.232,0.074,-0.148,-0.262,-0.217,0.378,0.549,0.44,0.39,0.708,0.667,-0.41,-0.245,0.422,0.553,-0.128,0.302,-0.066,-0.212,0.414,0.295,0.252,0.737,0.82,0.759,0.52,0.161,-0.203,0.362,0.37,-0.197,0.501,0.733,-0.247,-0.359,0.339,-0.242,-0.373,-0.385,0.771,0.07,-0.264,-0.489,-0.164,0.34,-0.256,-0.383,0.57,0.577,0.733,-0.132,-0.211,0.728,0.588,-0.491,0.738,0.617,-0.276,0.642,-0.377,-0.187
ADVM,0.665,0.756,0.537,-0.31,0.827,0.0,0.056,-0.338,0.436,-0.369,0.453,-0.253,0.681,0.077,0.261,-0.34,0.524,-0.351,0.71,0.396,-0.017,-0.16,0.469,-0.228,0.432,0.876,0.457,-0.341,0.251,0.24,0.493,0.469,0.517,-0.124,-0.144,0.505,-0.21,-0.265,0.109,0.28,-0.455,-0.183,-0.322,0.381,0.04,-0.184,0.585,-0.323,0.636,-0.071,-0.015,0.527,0.469,-0.165,-0.011,0.187,-0.015,-0.291,-0.027,0.538,0.737,-0.111,-0.4,0.794,-0.019,0.479,-0.171,-0.324,0.294,-0.349,-0.017,-0.321,-0.206,-0.327,-0.146,0.058,-0.112,-0.075,0.757,-0.401,-0.271,-0.267,-0.372,-0.245,0.645,0.083,0.78,0.004,-0.246,0.516,-0.281,0.778,-0.086,0.45,-0.135,-0.452,-0.219,0.693,-0.23,-0.145,-0.335,0.433,-0.197,0.175,-0.153,0.754,-0.337,0.417,-0.23,-0.438,-0.185,0.603,-0.065,0.429,-0.25,0.419,-0.704,-0.293,-0.313,0.524,0.636,-0.351,-0.228,0.129,-0.156,0.284,0.099,0.205,0.296,-0.247,-0.209,-0.149,-0.301,-0.629,0.671,0.161,-0.024,0.52,0.674,0.136,0.04,-0.152,-0.337,-0.249,0.26,0.311,0.302,0.456,0.531,0.578,-0.36,-0.207,0.571,0.594,-0.042,0.186,-0.055,-0.317,0.518,0.265,0.34,0.711,0.769,0.637,0.609,0.192,-0.178,0.184,0.315,-0.154,0.458,0.766,-0.2,-0.29,0.135,-0.159,-0.295,-0.285,0.663,0.063,-0.344,-0.488,-0.186,0.202,-0.268,-0.277,0.455,0.523,0.72,-0.184,-0.117,0.631,0.501,-0.477,0.682,0.456,-0.227,0.661,-0.29,-0.263
AEIS,-0.096,-0.234,0.035,0.788,0.132,0.056,0.0,0.68,-0.334,0.647,0.665,0.77,-0.553,0.532,0.726,0.738,-0.608,0.817,0.57,0.521,0.531,0.246,-0.773,0.768,0.699,-0.159,0.399,0.779,-0.658,0.755,0.137,-0.217,-0.212,0.888,0.615,0.35,0.738,0.783,0.02,0.463,0.783,0.697,0.763,-0.514,0.712,0.787,-0.142,0.786,-0.351,0.82,0.813,0.505,-0.445,0.792,0.743,0.714,0.711,0.739,0.662,-0.613,-0.361,-0.769,0.761,-0.345,0.26,-0.587,0.322,0.76,-0.725,0.804,0.861,0.803,0.763,0.303,0.677,0.698,0.722,0.909,-0.429,0.46,0.747,0.541,0.543,0.417,0.371,0.857,0.335,0.197,0.802,0.267,0.828,-0.296,0.769,0.793,0.565,0.508,0.81,0.378,0.838,0.836,0.706,0.225,0.807,0.564,0.6,-0.382,0.853,0.067,0.715,0.771,0.866,-0.12,0.942,-0.384,0.637,0.463,0.498,0.378,0.554,0.536,0.153,0.775,0.745,-0.084,0.873,0.565,-0.324,-0.095,0.827,0.785,0.851,0.919,0.706,0.186,-0.462,0.568,0.705,-0.423,-0.052,0.331,0.914,0.817,0.841,0.848,-0.571,0.427,0.761,0.643,0.024,-0.18,0.709,0.734,-0.597,-0.497,0.728,-0.573,0.897,0.87,-0.753,0.299,0.769,-0.099,0.055,0.377,-0.646,0.861,0.81,-0.37,-0.718,0.77,0.76,-0.424,0.775,0.657,0.459,0.328,0.659,0.61,0.019,0.725,0.861,0.696,0.827,0.736,0.812,0.55,-0.205,-0.381,0.442,0.901,0.734,-0.269,-0.384,0.669,0.15,0.055,0.72,-0.11,0.603,0.805
AGNCM,-0.443,-0.602,-0.301,0.804,-0.301,-0.338,0.68,0.0,-0.514,0.748,0.263,0.653,-0.645,0.497,0.402,0.65,-0.682,0.737,0.125,0.089,0.195,0.238,-0.79,0.724,0.438,-0.404,0.114,0.781,-0.668,0.424,0.002,-0.551,-0.438,0.713,0.581,0.015,0.705,0.721,0.072,0.185,0.684,0.633,0.74,-0.644,0.317,0.672,-0.211,0.675,-0.586,0.796,0.649,0.234,-0.462,0.749,0.657,0.532,0.685,0.695,0.584,-0.579,-0.637,-0.529,0.77,-0.588,0.285,-0.713,0.509,0.628,-0.735,0.795,0.616,0.735,0.663,0.516,0.64,0.622,0.6,0.751,-0.63,0.531,0.727,0.298,0.419,0.493,-0.125,0.691,-0.105,-0.179,0.651,-0.001,0.67,-0.583,0.643,0.289,0.565,0.612,0.699,-0.007,0.833,0.74,0.715,-0.194,0.584,0.162,0.65,-0.656,0.721,-0.223,0.691,0.838,0.747,-0.356,0.724,-0.613,0.701,0.253,0.728,0.441,0.654,0.148,-0.159,0.849,0.549,-0.213,0.77,0.375,-0.134,-0.131,0.431,0.714,0.808,0.723,0.564,0.403,-0.689,0.432,0.346,-0.538,-0.325,0.187,0.739,0.677,0.772,0.779,-0.61,0.096,0.427,0.386,-0.317,-0.413,0.712,0.645,-0.65,-0.598,0.645,-0.63,0.781,0.695,-0.732,0.132,0.476,-0.409,-0.446,-0.091,-0.726,0.599,0.685,-0.476,-0.747,0.689,0.391,-0.64,0.692,0.648,0.183,0.322,0.651,0.609,-0.374,0.456,0.827,0.733,0.765,0.331,0.685,0.696,-0.452,-0.465,0.154,0.752,0.651,-0.587,-0.592,0.761,-0.199,-0.38,0.669,-0.249,0.739,0.645
AHCO,0.392,0.486,0.342,-0.363,0.413,0.436,-0.334,-0.514,0.0,-0.431,-0.143,-0.285,0.589,-0.039,0.102,-0.298,0.568,-0.462,0.152,-0.0,-0.258,0.192,0.628,-0.284,-0.127,0.499,-0.101,-0.405,0.237,-0.168,0.328,0.223,0.499,-0.424,-0.162,0.57,-0.265,-0.298,-0.004,-0.088,-0.483,-0.196,-0.568,0.213,-0.084,-0.199,0.423,-0.278,0.387,-0.278,-0.257,0.158,0.469,-0.29,-0.205,0.036,-0.246,-0.248,-0.162,0.506,0.602,0.008,-0.602,0.451,0.034,0.458,-0.067,-0.304,0.321,-0.421,-0.374,-0.686,-0.213,-0.171,-0.237,-0.243,-0.171,-0.383,0.437,-0.065,-0.28,-0.145,-0.277,0.067,0.394,-0.22,0.19,0.146,-0.213,0.092,-0.304,0.427,-0.22,0.048,-0.099,-0.208,-0.271,0.286,-0.443,-0.406,-0.254,-0.056,-0.381,-0.126,-0.15,0.613,-0.437,0.351,-0.244,-0.542,-0.489,0.236,-0.363,0.176,-0.175,0.184,-0.611,-0.052,-0.154,-0.01,0.057,-0.405,-0.392,-0.23,-0.396,0.293,0.587,0.123,-0.003,-0.286,-0.384,-0.486,-0.458,-0.021,0.618,0.019,-0.308,0.176,0.652,-0.161,-0.298,-0.221,-0.559,-0.615,0.499,-0.295,-0.178,0.159,0.042,0.155,-0.489,-0.28,0.573,0.372,-0.059,0.085,-0.38,-0.431,0.498,0.352,0.008,0.404,0.489,0.156,0.549,-0.09,-0.27,0.409,0.333,-0.246,0.034,0.564,-0.265,-0.202,-0.344,-0.133,-0.22,-0.247,0.139,0.041,-0.495,-0.385,-0.419,-0.148,-0.33,-0.249,0.374,0.101,0.19,-0.38,-0.164,0.229,0.179,-0.417,0.117,0.073,-0.288,0.24,-0.25,-0.227
ALGT,-0.649,-0.784,-0.351,0.807,-0.405,-0.369,0.647,0.748,-0.431,0.0,0.076,0.829,-0.6,0.66,0.383,0.817,-0.615,0.71,0.008,-0.13,0.187,0.638,-0.872,0.928,0.254,-0.521,-0.214,0.947,-0.904,0.233,0.259,-0.781,-0.683,0.705,0.768,-0.003,0.926,0.925,0.383,-0.1,0.703,0.612,0.902,-0.865,0.302,0.882,0.071,0.865,-0.778,0.864,0.846,0.317,-0.261,0.921,0.877,0.728,0.88,0.922,0.87,-0.615,-0.686,-0.458,0.855,-0.696,0.186,-0.924,0.798,0.82,-0.943,0.879,0.648,0.685,0.907,0.809,0.837,0.859,0.873,0.812,-0.733,0.749,0.931,0.498,0.663,0.788,0.037,0.647,-0.299,-0.155,0.655,-0.393,0.807,-0.768,0.893,0.387,0.89,0.876,0.914,0.049,0.885,0.85,0.924,-0.452,0.738,-0.128,0.864,-0.63,0.763,-0.463,0.937,0.832,0.709,-0.702,0.807,-0.851,0.897,0.458,0.869,0.716,0.917,0.365,-0.307,0.905,0.42,-0.545,0.854,0.427,0.087,-0.235,0.535,0.928,0.841,0.77,0.436,0.563,-0.818,0.759,0.513,-0.715,-0.348,0.096,0.773,0.864,0.744,0.849,-0.757,-0.187,0.201,0.449,-0.562,-0.742,0.942,0.779,-0.52,-0.772,0.809,-0.842,0.856,0.766,-0.783,-0.139,0.662,-0.539,-0.451,-0.294,-0.77,0.56,0.899,-0.785,-0.873,0.921,0.287,-0.751,0.923,0.936,-0.14,0.55,0.916,0.859,-0.587,0.57,0.82,0.926,0.885,0.266,0.836,0.905,-0.734,-0.754,-0.031,0.782,0.891,-0.798,-0.789,0.924,-0.409,-0.6,0.937,-0.415,0.902,0.708
ALLO,0.497,0.372,0.29,0.39,0.606,0.453,0.665,0.263,-0.143,0.076,0.0,0.162,-0.122,0.121,0.637,0.145,-0.22,0.427,0.796,0.655,0.578,-0.156,-0.243,0.218,0.838,0.368,0.681,0.21,-0.058,0.874,0.081,0.302,0.313,0.618,-0.008,0.388,0.237,0.222,-0.278,0.661,0.358,0.278,0.205,0.089,0.409,0.274,-0.138,0.185,0.191,0.422,0.342,0.552,-0.3,0.263,0.306,0.312,0.3,0.128,0.196,-0.124,0.082,-0.525,0.348,0.277,-0.055,-0.022,-0.221,0.221,-0.126,0.324,0.662,0.513,0.218,-0.308,0.252,0.269,0.211,0.476,0.167,-0.206,0.198,0.234,0.113,-0.189,0.425,0.613,0.673,0.069,0.397,0.645,0.342,0.284,0.27,0.635,0.026,-0.119,0.26,0.55,0.395,0.37,0.12,0.658,0.387,0.731,0.06,-0.019,0.43,0.377,0.148,0.266,0.592,0.458,0.535,0.191,0.103,0.322,-0.119,-0.267,-0.057,0.442,0.642,0.248,0.616,0.427,0.472,0.385,-0.563,0.243,0.635,0.224,0.434,0.558,0.499,-0.329,0.137,0.156,0.361,0.183,0.184,0.201,0.607,0.315,0.441,0.444,0.003,0.804,0.868,0.468,0.603,0.375,0.156,0.256,-0.303,0.039,0.249,-0.011,0.489,0.393,-0.283,0.348,0.543,0.364,0.354,0.775,-0.179,0.607,0.285,0.079,-0.185,0.233,0.863,0.087,0.215,0.062,0.729,-0.165,0.108,-0.009,0.633,0.465,0.403,0.069,0.427,0.786,0.358,0.047,0.215,0.182,0.74,0.453,0.251,0.362,0.172,0.08,0.462,0.47,0.166,0.405,0.076,0.434
AMSF,-0.489,-0.595,-0.153,0.812,-0.275,-0.253,0.77,0.653,-0.285,0.829,0.162,0.0,-0.644,0.621,0.522,0.917,-0.636,0.764,0.13,0.15,0.253,0.494,-0.846,0.878,0.285,-0.499,-0.017,0.906,-0.867,0.39,0.181,-0.582,-0.464,0.715,0.846,0.182,0.82,0.901,0.291,0.088,0.785,0.778,0.884,-0.713,0.662,0.891,-0.022,0.958,-0.601,0.802,0.822,0.286,-0.325,0.883,0.797,0.759,0.733,0.93,0.764,-0.804,-0.528,-0.652,0.766,-0.709,0.465,-0.752,0.637,0.917,-0.881,0.836,0.684,0.673,0.877,0.654,0.671,0.738,0.835,0.875,-0.738,0.809,0.862,0.588,0.654,0.758,0.133,0.74,-0.087,0.267,0.793,-0.134,0.911,-0.627,0.854,0.61,0.779,0.814,0.917,0.119,0.832,0.834,0.882,-0.185,0.802,0.203,0.781,-0.515,0.818,-0.102,0.875,0.78,0.728,-0.527,0.822,-0.701,0.821,0.372,0.714,0.76,0.828,0.453,-0.37,0.851,0.521,-0.452,0.842,0.559,0.002,-0.3,0.698,0.907,0.848,0.8,0.523,0.533,-0.695,0.698,0.642,-0.746,-0.139,0.366,0.779,0.87,0.808,0.789,-0.738,-0.087,0.388,0.534,-0.461,-0.62,0.84,0.815,-0.542,-0.715,0.861,-0.784,0.85,0.865,-0.771,0.164,0.645,-0.428,-0.205,-0.053,-0.71,0.725,0.887,-0.58,-0.842,0.876,0.429,-0.643,0.917,0.875,0.089,0.707,0.868,0.942,-0.487,0.697,0.832,0.887,0.788,0.468,0.877,0.709,-0.381,-0.688,0.041,0.903,0.84,-0.67,-0.651,0.842,-0.164,-0.308,0.865,-0.475,0.787,0.764
ANAB,0.469,0.687,0.371,-0.747,0.58,0.681,-0.553,-0.645,0.589,-0.6,-0.122,-0.644,0.0,-0.151,-0.279,-0.705,0.887,-0.878,0.181,-0.171,-0.416,-0.154,0.852,-0.575,-0.127,0.787,-0.095,-0.697,0.507,-0.41,0.542,0.416,0.427,-0.709,-0.46,0.194,-0.542,-0.621,0.221,-0.184,-0.895,-0.547,-0.66,0.517,-0.438,-0.561,0.668,-0.695,0.646,-0.513,-0.408,0.18,0.855,-0.55,-0.392,-0.215,-0.361,-0.607,-0.331,0.85,0.873,0.407,-0.785,0.832,-0.209,0.678,-0.203,-0.691,0.585,-0.779,-0.565,-0.802,-0.544,-0.336,-0.428,-0.289,-0.428,-0.615,0.873,-0.502,-0.597,-0.526,-0.586,-0.32,0.353,-0.472,0.379,-0.188,-0.755,0.123,-0.747,0.768,-0.446,-0.146,-0.328,-0.597,-0.601,0.277,-0.688,-0.559,-0.635,0.075,-0.622,-0.332,-0.413,0.871,-0.799,0.17,-0.521,-0.825,-0.711,0.472,-0.608,0.484,-0.513,0.176,-0.786,-0.338,-0.488,0.132,0.383,-0.719,-0.725,0.005,-0.626,-0.124,0.436,0.126,-0.261,-0.604,-0.693,-0.689,-0.833,-0.563,0.77,-0.067,-0.414,0.66,0.569,-0.078,-0.517,-0.547,-0.839,-0.719,0.507,-0.116,-0.349,0.052,0.293,0.47,-0.664,-0.571,0.958,0.743,-0.418,0.404,-0.573,-0.782,0.88,-0.069,-0.142,0.559,0.607,0.179,0.932,-0.402,-0.579,0.252,0.671,-0.505,-0.163,0.859,-0.557,-0.532,-0.344,-0.224,-0.583,-0.532,0.422,-0.412,-0.814,-0.763,-0.613,-0.376,-0.71,-0.463,0.378,0.581,0.31,-0.715,-0.476,0.584,0.582,-0.742,0.416,0.231,-0.538,0.606,-0.536,-0.696
ANDE,-0.456,-0.377,0.185,0.467,0.09,0.077,0.532,0.497,-0.039,0.66,0.121,0.621,-0.151,0.0,0.399,0.557,-0.306,0.388,0.307,0.143,-0.052,0.378,-0.482,0.724,0.277,-0.083,0.032,0.676,-0.691,0.11,0.477,-0.419,-0.426,0.408,0.665,0.25,0.7,0.716,0.345,-0.138,0.327,0.536,0.656,-0.63,0.438,0.697,0.334,0.642,-0.443,0.616,0.775,0.345,0.071,0.757,0.708,0.737,0.747,0.72,0.726,-0.23,-0.175,-0.516,0.407,-0.324,0.251,-0.511,0.647,0.55,-0.726,0.526,0.33,0.28,0.714,0.603,0.754,0.741,0.743,0.686,-0.261,0.589,0.725,0.17,0.297,0.679,0.333,0.556,0.121,-0.106,0.461,-0.101,0.455,-0.267,0.763,0.461,0.739,0.559,0.713,0.251,0.593,0.719,0.651,-0.286,0.44,-0.032,0.664,-0.12,0.506,-0.231,0.748,0.467,0.41,-0.323,0.62,-0.595,0.669,0.597,0.438,0.7,0.665,0.598,-0.087,0.609,0.167,-0.454,0.618,0.498,0.326,-0.196,0.511,0.727,0.58,0.528,0.137,0.292,-0.431,0.774,0.509,-0.27,-0.02,0.266,0.635,0.748,0.356,0.511,-0.578,-0.159,0.193,0.753,-0.375,-0.341,0.579,0.596,-0.109,-0.245,0.737,-0.77,0.668,0.495,-0.376,0.066,0.621,-0.221,0.121,-0.085,-0.293,0.542,0.7,-0.499,-0.56,0.753,0.308,-0.245,0.705,0.666,-0.143,0.445,0.581,0.585,-0.324,0.403,0.484,0.583,0.623,0.165,0.514,0.676,-0.381,-0.359,0.25,0.593,0.645,-0.471,-0.367,0.565,0.083,-0.304,0.714,-0.057,0.678,0.444
APLS,0.193,0.011,0.041,0.662,0.383,0.261,0.726,0.402,0.102,0.383,0.637,0.522,-0.279,0.399,0.0,0.452,-0.358,0.576,0.571,0.435,0.371,0.242,-0.397,0.546,0.742,0.122,0.419,0.508,-0.392,0.734,0.216,-0.122,0.105,0.709,0.379,0.446,0.537,0.528,0.041,0.527,0.506,0.557,0.408,-0.322,0.494,0.566,0.0,0.522,-0.025,0.683,0.538,0.68,-0.302,0.564,0.57,0.584,0.521,0.499,0.466,-0.312,-0.122,-0.636,0.511,-0.075,0.19,-0.325,0.227,0.5,-0.463,0.583,0.723,0.518,0.542,0.106,0.441,0.506,0.502,0.665,-0.189,0.273,0.51,0.394,0.344,0.319,0.43,0.777,0.402,0.12,0.581,0.354,0.628,-0.085,0.544,0.712,0.389,0.306,0.564,0.494,0.615,0.559,0.502,0.226,0.548,0.481,0.482,-0.206,0.57,0.226,0.486,0.501,0.667,0.074,0.68,-0.239,0.502,0.439,0.169,0.155,0.391,0.404,0.245,0.538,0.591,-0.119,0.635,0.64,-0.174,0.18,0.739,0.525,0.645,0.647,0.489,0.091,-0.139,0.439,0.462,-0.334,0.271,0.286,0.75,0.579,0.577,0.553,-0.212,0.376,0.73,0.635,0.139,-0.061,0.406,0.56,-0.357,-0.356,0.594,-0.389,0.688,0.591,-0.466,0.487,0.689,0.173,0.195,0.507,-0.407,0.768,0.567,-0.07,-0.509,0.538,0.805,-0.12,0.544,0.457,0.38,0.197,0.491,0.405,0.133,0.669,0.606,0.438,0.602,0.668,0.57,0.39,0.047,-0.245,0.571,0.644,0.576,-0.118,-0.318,0.43,0.141,0.053,0.47,0.069,0.452,0.677
APPF,-0.502,-0.646,-0.163,0.809,-0.359,-0.34,0.738,0.65,-0.298,0.817,0.145,0.917,-0.705,0.557,0.452,0.0,-0.646,0.789,0.128,0.128,0.341,0.548,-0.861,0.853,0.237,-0.537,-0.031,0.897,-0.848,0.395,0.094,-0.606,-0.484,0.734,0.791,0.192,0.814,0.885,0.224,0.039,0.845,0.774,0.867,-0.704,0.613,0.87,-0.104,0.928,-0.692,0.782,0.784,0.205,-0.378,0.862,0.774,0.736,0.725,0.907,0.746,-0.783,-0.587,-0.614,0.781,-0.753,0.466,-0.788,0.592,0.877,-0.863,0.852,0.656,0.687,0.864,0.67,0.702,0.686,0.781,0.836,-0.783,0.842,0.865,0.616,0.689,0.75,0.112,0.694,-0.185,0.297,0.841,-0.189,0.907,-0.692,0.808,0.525,0.763,0.838,0.896,0.064,0.828,0.817,0.897,-0.231,0.799,0.19,0.783,-0.566,0.86,-0.134,0.865,0.794,0.703,-0.586,0.807,-0.734,0.82,0.365,0.748,0.722,0.819,0.369,-0.404,0.841,0.561,-0.378,0.835,0.521,-0.034,-0.223,0.65,0.885,0.845,0.766,0.578,0.618,-0.743,0.641,0.585,-0.721,-0.239,0.163,0.75,0.871,0.797,0.777,-0.738,-0.109,0.362,0.461,-0.483,-0.631,0.852,0.798,-0.609,-0.722,0.817,-0.762,0.822,0.884,-0.819,0.096,0.597,-0.457,-0.278,-0.1,-0.754,0.702,0.868,-0.576,-0.865,0.842,0.385,-0.728,0.877,0.859,0.073,0.632,0.864,0.866,-0.503,0.7,0.834,0.901,0.754,0.477,0.896,0.736,-0.452,-0.743,-0.035,0.871,0.842,-0.697,-0.659,0.871,-0.217,-0.342,0.845,-0.491,0.799,0.786
ASML,0.518,0.638,0.386,-0.746,0.408,0.524,-0.608,-0.682,0.568,-0.615,-0.22,-0.636,0.887,-0.306,-0.358,-0.646,0.0,-0.861,0.1,-0.24,-0.463,-0.121,0.841,-0.636,-0.225,0.68,-0.194,-0.722,0.529,-0.472,0.422,0.391,0.507,-0.7,-0.512,0.171,-0.603,-0.667,0.322,-0.281,-0.803,-0.506,-0.686,0.548,-0.414,-0.59,0.561,-0.699,0.57,-0.561,-0.491,0.12,0.806,-0.605,-0.447,-0.252,-0.454,-0.635,-0.39,0.761,0.828,0.535,-0.778,0.728,-0.118,0.676,-0.276,-0.721,0.63,-0.79,-0.613,-0.807,-0.59,-0.349,-0.542,-0.39,-0.52,-0.663,0.745,-0.452,-0.641,-0.348,-0.417,-0.32,0.267,-0.518,0.233,-0.059,-0.725,0.022,-0.705,0.679,-0.533,-0.216,-0.346,-0.566,-0.639,0.068,-0.725,-0.566,-0.617,0.032,-0.552,-0.338,-0.387,0.784,-0.784,0.203,-0.556,-0.845,-0.754,0.362,-0.68,0.443,-0.517,0.097,-0.729,-0.338,-0.491,0.028,0.201,-0.773,-0.686,0.009,-0.636,-0.224,0.43,0.146,-0.31,-0.651,-0.749,-0.749,-0.81,-0.484,0.713,-0.149,-0.486,0.577,0.442,-0.122,-0.608,-0.619,-0.84,-0.761,0.525,-0.203,-0.466,-0.065,0.223,0.364,-0.642,-0.579,0.889,0.674,-0.488,0.475,-0.638,-0.78,0.835,-0.157,-0.232,0.513,0.546,0.127,0.871,-0.411,-0.632,0.252,0.639,-0.579,-0.219,0.749,-0.602,-0.541,-0.379,-0.185,-0.573,-0.49,0.328,-0.385,-0.827,-0.735,-0.687,-0.3,-0.665,-0.506,0.373,0.508,0.165,-0.767,-0.468,0.519,0.532,-0.686,0.312,0.233,-0.59,0.476,-0.53,-0.687
ATRC,-0.345,-0.544,-0.21,0.873,-0.28,-0.351,0.817,0.737,-0.462,0.71,0.427,0.764,-0.878,0.388,0.576,0.789,-0.861,0.0,0.216,0.407,0.507,0.285,-0.911,0.782,0.438,-0.531,0.258,0.839,-0.678,0.643,-0.274,-0.404,-0.371,0.926,0.6,0.113,0.766,0.812,-0.143,0.34,0.934,0.66,0.779,-0.646,0.576,0.791,-0.423,0.834,-0.601,0.757,0.69,0.179,-0.778,0.776,0.665,0.545,0.65,0.774,0.601,-0.769,-0.75,-0.71,0.851,-0.651,0.195,-0.74,0.351,0.815,-0.751,0.927,0.784,0.869,0.763,0.401,0.679,0.563,0.685,0.847,-0.737,0.555,0.791,0.579,0.625,0.451,0.02,0.737,-0.069,0.119,0.917,0.052,0.873,-0.636,0.711,0.485,0.531,0.663,0.807,0.087,0.867,0.757,0.776,0.003,0.77,0.446,0.607,-0.718,0.914,-0.119,0.715,0.906,0.863,-0.366,0.863,-0.544,0.686,0.169,0.714,0.405,0.625,0.197,-0.127,0.844,0.805,-0.112,0.833,0.435,-0.362,-0.154,0.587,0.801,0.877,0.886,0.911,0.486,-0.68,0.362,0.586,-0.654,-0.335,0.167,0.805,0.785,0.915,0.882,-0.569,0.228,0.609,0.333,-0.183,-0.399,0.782,0.75,-0.895,-0.699,0.675,-0.604,0.824,0.902,-0.925,0.238,0.535,-0.391,-0.362,0.062,-0.92,0.715,0.81,-0.322,-0.795,0.743,0.507,-0.727,0.764,0.698,0.377,0.238,0.725,0.621,-0.26,0.657,0.923,0.841,0.843,0.561,0.862,0.631,-0.394,-0.579,0.064,0.901,0.7,-0.529,-0.613,0.805,-0.239,-0.199,0.737,-0.409,0.683,0.87
AVGO,0.519,0.489,0.561,0.188,0.706,0.71,0.57,0.125,0.152,0.008,0.796,0.13,0.181,0.307,0.571,0.128,0.1,0.216,0.0,0.685,0.324,-0.044,-0.055,0.195,0.735,0.628,0.635,0.126,-0.134,0.624,0.348,0.323,0.38,0.439,0.1,0.642,0.211,0.181,-0.01,0.445,0.138,0.271,0.138,0.035,0.472,0.247,0.266,0.132,0.251,0.367,0.399,0.651,0.044,0.273,0.347,0.52,0.359,0.128,0.294,0.143,0.373,-0.558,0.074,0.446,0.12,0.089,-0.079,0.091,-0.132,0.16,0.411,0.171,0.211,-0.163,0.283,0.323,0.237,0.43,0.373,-0.082,0.183,0.121,0.036,-0.022,0.724,0.544,0.799,0.101,0.325,0.585,0.192,0.476,0.286,0.726,0.137,-0.123,0.233,0.645,0.258,0.371,0.109,0.466,0.279,0.566,0.19,0.338,0.252,0.331,0.178,0.062,0.305,0.446,0.437,0.125,0.137,0.592,-0.289,-0.072,-0.008,0.652,0.599,0.098,0.31,0.191,0.379,0.517,-0.131,0.116,0.618,0.192,0.289,0.357,0.23,-0.354,0.278,0.347,0.307,0.267,0.388,0.212,0.513,0.311,0.162,0.253,-0.08,0.513,0.663,0.713,0.471,0.417,0.078,0.254,0.04,0.284,0.313,-0.145,0.416,0.23,-0.048,0.39,0.64,0.479,0.661,0.713,0.097,0.674,0.264,0.059,-0.136,0.244,0.786,0.337,0.195,0.071,0.396,-0.087,0.062,-0.0,0.57,0.439,0.183,-0.016,0.299,0.621,0.229,0.07,0.259,0.234,0.821,0.314,0.274,0.36,0.229,-0.009,0.636,0.44,0.16,0.563,0.105,0.301
AVT,0.387,0.409,0.552,0.138,0.498,0.396,0.521,0.089,-0.0,-0.13,0.655,0.15,-0.171,0.143,0.435,0.128,-0.24,0.407,0.685,0.0,0.412,-0.395,-0.14,0.06,0.493,0.252,0.77,0.055,0.026,0.597,-0.27,0.537,0.326,0.414,0.013,0.354,0.022,0.102,-0.384,0.529,0.277,0.275,0.102,0.148,0.673,0.138,-0.235,0.18,0.244,0.107,0.216,0.197,-0.422,0.096,0.037,0.178,0.041,0.05,-0.013,-0.168,0.16,-0.573,0.04,0.209,0.198,0.2,-0.37,0.17,-0.004,0.142,0.335,0.256,0.077,-0.384,0.091,0.009,0.088,0.383,0.175,-0.107,0.052,0.135,0.009,-0.233,0.422,0.393,0.695,0.419,0.441,0.678,0.185,0.361,0.11,0.548,-0.154,-0.205,0.136,0.375,0.138,0.23,-0.03,0.669,0.24,0.821,-0.108,0.179,0.314,0.448,-0.013,0.117,0.329,0.492,0.365,0.312,-0.099,0.048,-0.198,-0.13,-0.212,0.388,0.414,0.067,0.505,0.39,0.228,0.225,-0.385,-0.033,0.421,0.099,0.199,0.387,0.564,-0.292,0.175,-0.063,0.416,0.18,0.168,0.404,0.33,0.201,0.259,0.21,-0.02,0.594,0.69,0.386,0.534,0.507,-0.045,0.147,-0.287,0.218,0.135,0.043,0.25,0.327,-0.158,0.513,0.243,0.307,0.53,0.655,-0.09,0.501,0.158,0.389,-0.035,0.083,0.547,0.21,0.063,-0.097,0.645,-0.17,-0.117,-0.117,0.494,0.294,0.225,0.008,0.155,0.561,0.162,-0.185,0.454,0.317,0.469,0.362,-0.002,0.388,0.323,-0.064,0.629,0.662,-0.001,0.26,-0.114,0.268
AXDX,0.145,0.033,0.004,0.362,0.163,-0.017,0.531,0.195,-0.258,0.187,0.578,0.253,-0.416,-0.052,0.371,0.341,-0.463,0.507,0.324,0.412,0.0,0.062,-0.432,0.249,0.396,-0.125,0.412,0.284,-0.12,0.69,-0.213,0.184,-0.049,0.549,0.114,0.146,0.264,0.304,-0.376,0.533,0.476,0.21,0.33,-0.044,0.374,0.286,-0.422,0.328,-0.043,0.304,0.296,0.155,-0.509,0.234,0.172,0.122,0.197,0.23,0.115,-0.343,-0.257,-0.404,0.459,-0.097,-0.088,-0.194,-0.164,0.373,-0.208,0.395,0.696,0.592,0.284,-0.14,0.252,0.194,0.242,0.38,-0.208,0.032,0.256,0.419,0.302,-0.082,0.254,0.362,0.257,0.316,0.458,0.32,0.478,-0.066,0.247,0.462,0.031,0.085,0.319,0.27,0.374,0.287,0.185,0.533,0.456,0.563,0.003,-0.298,0.534,0.183,0.198,0.377,0.556,0.125,0.515,0.12,0.064,0.106,0.165,-0.073,0.037,0.172,0.37,0.338,0.72,0.411,0.399,0.125,-0.599,-0.006,0.403,0.287,0.417,0.536,0.601,-0.028,-0.178,0.02,0.58,-0.029,-0.165,-0.008,0.472,0.346,0.537,0.489,-0.156,0.609,0.656,0.071,0.431,0.155,0.291,0.16,-0.527,-0.25,0.16,0.015,0.376,0.553,-0.514,0.062,0.31,0.091,0.024,0.456,-0.418,0.34,0.321,0.037,-0.248,0.25,0.473,-0.28,0.262,0.173,0.586,-0.103,0.23,0.061,0.366,0.493,0.487,0.269,0.377,0.572,0.45,0.071,0.055,-0.15,0.221,0.473,0.215,0.153,0.055,0.221,0.105,0.286,0.222,-0.059,0.077,0.464
AXSM,-0.399,-0.511,-0.273,0.426,-0.298,-0.16,0.246,0.238,0.192,0.638,-0.156,0.494,-0.154,0.378,0.242,0.548,-0.121,0.285,-0.044,-0.395,0.062,0.0,-0.395,0.644,-0.031,-0.258,-0.529,0.578,-0.701,-0.015,0.474,-0.707,-0.421,0.328,0.594,0.375,0.702,0.63,0.434,-0.3,0.32,0.267,0.442,-0.693,0.014,0.647,0.378,0.558,-0.591,0.559,0.566,0.326,0.145,0.623,0.664,0.648,0.655,0.664,0.734,-0.185,-0.324,-0.257,0.407,-0.38,-0.002,-0.657,0.767,0.528,-0.654,0.52,0.312,0.14,0.695,0.76,0.623,0.609,0.689,0.359,-0.441,0.668,0.675,0.44,0.523,0.804,0.263,0.284,-0.393,-0.13,0.396,-0.585,0.528,-0.566,0.645,0.249,0.806,0.752,0.636,0.193,0.477,0.424,0.7,-0.627,0.432,-0.418,0.727,-0.249,0.363,-0.353,0.714,0.398,0.208,-0.712,0.416,-0.746,0.72,0.547,0.444,0.601,0.79,0.2,-0.332,0.499,0.02,-0.683,0.476,0.514,0.484,-0.202,0.365,0.642,0.441,0.291,0.028,0.634,-0.428,0.715,0.195,-0.604,0.004,-0.324,0.407,0.6,0.255,0.372,-0.397,-0.52,-0.116,0.326,-0.588,-0.751,0.635,0.51,-0.066,-0.531,0.619,-0.704,0.464,0.355,-0.406,-0.126,0.598,-0.337,-0.274,-0.359,-0.369,0.331,0.636,-0.612,-0.593,0.666,0.128,-0.456,0.665,0.779,-0.549,0.368,0.764,0.626,-0.511,0.525,0.365,0.616,0.521,0.023,0.559,0.715,-0.652,-0.818,-0.095,0.357,0.741,-0.663,-0.709,0.61,-0.569,-0.686,0.7,-0.313,0.671,0.476
AZN,0.574,0.735,0.334,-0.862,0.445,0.469,-0.773,-0.79,0.628,-0.872,-0.243,-0.846,0.852,-0.482,-0.397,-0.861,0.841,-0.911,-0.055,-0.14,-0.432,-0.395,0.0,-0.867,-0.309,0.65,-0.035,-0.934,0.812,-0.454,0.101,0.591,0.613,-0.849,-0.714,0.053,-0.845,-0.892,-0.083,-0.142,-0.904,-0.657,-0.929,0.75,-0.488,-0.837,0.302,-0.891,0.748,-0.798,-0.778,-0.149,0.605,-0.858,-0.754,-0.587,-0.745,-0.869,-0.708,0.804,0.813,0.585,-0.923,0.771,-0.196,0.883,-0.542,-0.872,0.874,-0.94,-0.75,-0.881,-0.839,-0.61,-0.754,-0.694,-0.775,-0.86,0.819,-0.671,-0.873,-0.575,-0.688,-0.58,0.065,-0.688,0.223,-0.03,-0.815,0.169,-0.883,0.765,-0.8,-0.416,-0.675,-0.784,-0.881,0.015,-0.911,-0.837,-0.86,0.18,-0.811,-0.215,-0.708,0.776,-0.908,0.32,-0.831,-0.943,-0.843,0.556,-0.866,0.684,-0.772,-0.231,-0.884,-0.574,-0.758,-0.244,0.251,-0.91,-0.678,0.24,-0.877,-0.346,0.272,0.26,-0.524,-0.883,-0.895,-0.879,-0.743,-0.532,0.854,-0.51,-0.615,0.699,0.465,-0.166,-0.796,-0.837,-0.918,-0.941,0.754,-0.078,-0.425,-0.312,0.376,0.575,-0.919,-0.778,0.811,0.785,-0.715,0.704,-0.864,-0.908,0.939,0.016,-0.54,0.558,0.487,0.145,0.922,-0.626,-0.868,0.597,0.858,-0.838,-0.35,0.842,-0.859,-0.818,-0.199,-0.427,-0.826,-0.77,0.439,-0.59,-0.935,-0.927,-0.887,-0.424,-0.888,-0.752,0.59,0.687,0.061,-0.897,-0.779,0.678,0.688,-0.904,0.325,0.367,-0.851,0.474,-0.782,-0.807
BANR,-0.555,-0.648,-0.254,0.84,-0.253,-0.228,0.768,0.724,-0.284,0.928,0.218,0.878,-0.575,0.724,0.546,0.853,-0.636,0.782,0.195,0.06,0.249,0.644,-0.867,0.0,0.365,-0.422,-0.089,0.967,-0.929,0.376,0.291,-0.7,-0.591,0.787,0.853,0.206,0.979,0.985,0.274,0.07,0.749,0.684,0.895,-0.88,0.447,0.964,0.091,0.934,-0.728,0.901,0.927,0.394,-0.291,0.974,0.93,0.834,0.926,0.976,0.915,-0.599,-0.608,-0.677,0.826,-0.628,0.178,-0.892,0.783,0.897,-0.972,0.918,0.696,0.682,0.983,0.777,0.909,0.874,0.961,0.879,-0.667,0.785,0.982,0.567,0.688,0.821,0.208,0.738,-0.142,-0.075,0.778,-0.233,0.867,-0.67,0.966,0.563,0.891,0.883,0.98,0.2,0.916,0.877,0.954,-0.361,0.807,0.039,0.892,-0.535,0.839,-0.328,0.972,0.851,0.748,-0.592,0.893,-0.806,0.926,0.545,0.772,0.727,0.925,0.452,-0.187,0.908,0.494,-0.537,0.898,0.595,0.082,-0.239,0.666,0.987,0.906,0.822,0.515,0.593,-0.709,0.808,0.606,-0.722,-0.139,0.114,0.865,0.967,0.771,0.866,-0.72,-0.106,0.357,0.6,-0.502,-0.653,0.931,0.855,-0.528,-0.725,0.912,-0.909,0.92,0.836,-0.815,0.06,0.777,-0.443,-0.295,-0.131,-0.757,0.719,0.981,-0.682,-0.862,0.988,0.44,-0.67,0.982,0.964,-0.062,0.511,0.928,0.855,-0.469,0.685,0.844,0.933,0.935,0.352,0.885,0.905,-0.654,-0.754,0.117,0.878,0.928,-0.724,-0.769,0.9,-0.307,-0.5,0.977,-0.359,0.894,0.82
BBIO,0.37,0.198,0.089,0.546,0.498,0.432,0.699,0.438,-0.127,0.254,0.838,0.285,-0.127,0.277,0.742,0.237,-0.225,0.438,0.735,0.493,0.396,-0.031,-0.309,0.365,0.0,0.356,0.629,0.336,-0.212,0.789,0.248,0.061,0.198,0.662,0.145,0.327,0.37,0.33,-0.038,0.629,0.357,0.434,0.31,-0.111,0.34,0.355,0.033,0.271,0.129,0.6,0.446,0.73,-0.23,0.411,0.481,0.467,0.462,0.26,0.348,-0.126,0.003,-0.506,0.464,0.163,0.047,-0.178,0.023,0.259,-0.292,0.42,0.667,0.527,0.329,-0.087,0.333,0.448,0.306,0.576,0.065,-0.028,0.321,0.231,0.195,0.021,0.383,0.708,0.579,-0.029,0.381,0.511,0.428,0.157,0.374,0.653,0.197,0.042,0.365,0.509,0.542,0.522,0.295,0.426,0.435,0.537,0.308,-0.081,0.446,0.247,0.298,0.364,0.645,0.306,0.607,-0.021,0.311,0.456,0.03,-0.122,0.149,0.462,0.538,0.373,0.557,0.147,0.573,0.489,-0.379,0.283,0.672,0.334,0.548,0.578,0.393,-0.239,0.024,0.317,0.309,-0.013,0.228,0.266,0.705,0.405,0.501,0.526,-0.146,0.657,0.772,0.611,0.363,0.225,0.285,0.361,-0.27,-0.13,0.395,-0.188,0.612,0.423,-0.328,0.306,0.638,0.276,0.243,0.676,-0.251,0.696,0.383,-0.083,-0.349,0.363,0.88,0.035,0.35,0.224,0.532,-0.016,0.271,0.177,0.396,0.479,0.479,0.209,0.519,0.714,0.389,0.251,0.104,0.085,0.807,0.492,0.411,0.139,-0.061,0.231,0.38,0.254,0.29,0.335,0.271,0.464
BCYC,0.741,0.822,0.521,-0.451,0.798,0.876,-0.159,-0.404,0.499,-0.521,0.368,-0.499,0.787,-0.083,0.122,-0.537,0.68,-0.531,0.628,0.252,-0.125,-0.258,0.65,-0.422,0.356,0.0,0.38,-0.533,0.426,0.105,0.428,0.536,0.605,-0.289,-0.396,0.448,-0.393,-0.47,0.046,0.227,-0.614,-0.268,-0.518,0.49,-0.142,-0.388,0.519,-0.545,0.694,-0.221,-0.221,0.475,0.543,-0.371,-0.212,0.005,-0.183,-0.498,-0.233,0.738,0.828,0.045,-0.562,0.887,-0.077,0.608,-0.305,-0.571,0.482,-0.521,-0.186,-0.499,-0.404,-0.456,-0.296,-0.152,-0.341,-0.298,0.847,-0.521,-0.452,-0.367,-0.479,-0.371,0.581,-0.066,0.71,-0.113,-0.414,0.489,-0.48,0.857,-0.311,0.215,-0.311,-0.603,-0.431,0.52,-0.406,-0.318,-0.495,0.373,-0.367,0.082,-0.292,0.768,-0.496,0.394,-0.411,-0.596,-0.363,0.673,-0.293,0.509,-0.388,0.361,-0.796,-0.428,-0.46,0.305,0.644,-0.54,-0.328,0.223,-0.338,0.17,0.164,0.357,0.068,-0.46,-0.391,-0.352,-0.449,-0.669,0.798,-0.028,-0.268,0.671,0.619,0.023,-0.156,-0.356,-0.54,-0.442,0.436,0.27,0.144,0.331,0.567,0.667,-0.552,-0.382,0.655,0.7,-0.239,0.35,-0.258,-0.509,0.659,0.253,0.152,0.764,0.719,0.573,0.729,0.008,-0.402,0.321,0.475,-0.367,0.34,0.848,-0.429,-0.473,0.049,-0.319,-0.477,-0.498,0.691,-0.086,-0.516,-0.658,-0.368,0.089,-0.466,-0.395,0.509,0.633,0.688,-0.43,-0.287,0.701,0.579,-0.611,0.619,0.437,-0.446,0.769,-0.4,-0.406
BHFAP,0.501,0.445,0.382,0.132,0.509,0.457,0.399,0.114,-0.101,-0.214,0.681,-0.017,-0.095,0.032,0.419,-0.031,-0.194,0.258,0.635,0.77,0.412,-0.529,-0.035,-0.089,0.629,0.38,0.0,-0.064,0.21,0.639,-0.235,0.52,0.43,0.328,-0.115,0.218,-0.119,-0.08,-0.401,0.649,0.154,0.191,-0.006,0.308,0.414,-0.07,-0.254,-0.049,0.401,0.088,0.02,0.194,-0.375,-0.023,-0.065,0.03,-0.043,-0.145,-0.175,-0.023,0.17,-0.393,0.055,0.28,0.177,0.267,-0.445,-0.068,0.142,0.05,0.325,0.277,-0.12,-0.469,-0.075,-0.065,-0.149,0.273,0.256,-0.302,-0.109,-0.062,-0.173,-0.398,0.246,0.35,0.668,0.256,0.228,0.744,0.07,0.438,-0.087,0.432,-0.32,-0.362,-0.048,0.334,0.12,0.134,-0.158,0.696,0.05,0.734,-0.198,0.103,0.189,0.442,-0.164,0.066,0.331,0.609,0.242,0.41,-0.174,0.035,-0.291,-0.35,-0.336,0.25,0.529,0.006,0.438,0.575,0.155,0.163,-0.536,0.26,0.315,-0.09,0.17,0.283,0.428,-0.455,0.25,-0.207,0.232,0.341,0.134,0.275,0.298,0.011,0.244,0.172,0.012,0.731,0.701,0.28,0.623,0.649,-0.155,-0.003,-0.252,0.271,-0.027,0.216,0.181,0.188,-0.054,0.426,0.137,0.427,0.415,0.703,0.006,0.394,-0.039,0.375,0.036,-0.096,0.564,0.253,-0.106,-0.274,0.736,-0.289,-0.204,-0.244,0.601,0.12,0.179,-0.163,0.065,0.566,0.026,-0.259,0.523,0.455,0.552,0.222,-0.115,0.487,0.403,-0.169,0.636,0.628,-0.173,0.391,-0.174,0.129
BKR,-0.59,-0.729,-0.269,0.89,-0.349,-0.341,0.779,0.781,-0.405,0.947,0.21,0.906,-0.697,0.676,0.508,0.897,-0.722,0.839,0.126,0.055,0.284,0.578,-0.934,0.967,0.336,-0.533,-0.064,0.0,-0.926,0.396,0.175,-0.712,-0.603,0.815,0.812,0.121,0.949,0.975,0.256,0.037,0.826,0.718,0.932,-0.852,0.476,0.945,-0.05,0.946,-0.762,0.896,0.884,0.313,-0.396,0.97,0.895,0.777,0.882,0.97,0.861,-0.718,-0.702,-0.635,0.882,-0.725,0.254,-0.917,0.731,0.91,-0.97,0.955,0.729,0.766,0.947,0.747,0.862,0.839,0.9,0.908,-0.766,0.783,0.974,0.535,0.666,0.776,0.073,0.774,-0.184,-0.036,0.811,-0.227,0.901,-0.752,0.927,0.493,0.862,0.878,0.971,0.106,0.948,0.901,0.962,-0.328,0.799,0.084,0.86,-0.664,0.874,-0.324,0.958,0.915,0.808,-0.609,0.895,-0.826,0.92,0.426,0.847,0.719,0.907,0.365,-0.291,0.956,0.552,-0.452,0.926,0.539,-0.021,-0.246,0.634,0.974,0.93,0.86,0.591,0.587,-0.811,0.732,0.585,-0.742,-0.298,0.167,0.863,0.934,0.844,0.903,-0.764,-0.082,0.377,0.522,-0.49,-0.68,0.944,0.856,-0.638,-0.779,0.875,-0.873,0.929,0.877,-0.87,0.055,0.703,-0.513,-0.39,-0.174,-0.834,0.706,0.952,-0.681,-0.93,0.952,0.414,-0.761,0.965,0.941,0.03,0.556,0.933,0.877,-0.518,0.672,0.913,0.96,0.932,0.404,0.917,0.886,-0.629,-0.764,0.047,0.911,0.913,-0.773,-0.769,0.951,-0.321,-0.498,0.957,-0.399,0.916,0.833
BLDP,0.582,0.685,0.193,-0.747,0.346,0.251,-0.658,-0.668,0.237,-0.904,-0.058,-0.867,0.507,-0.691,-0.392,-0.848,0.529,-0.678,-0.134,0.026,-0.12,-0.701,0.812,-0.929,-0.212,0.426,0.21,-0.926,0.0,-0.218,-0.33,0.732,0.581,-0.673,-0.815,-0.225,-0.925,-0.927,-0.415,0.131,-0.669,-0.639,-0.86,0.879,-0.436,-0.914,-0.16,-0.896,0.758,-0.831,-0.873,-0.364,0.175,-0.934,-0.901,-0.848,-0.883,-0.95,-0.897,0.571,0.557,0.615,-0.708,0.634,-0.26,0.876,-0.827,-0.84,0.956,-0.848,-0.572,-0.525,-0.922,-0.823,-0.846,-0.842,-0.907,-0.82,0.671,-0.833,-0.941,-0.512,-0.653,-0.858,-0.164,-0.687,0.195,0.055,-0.721,0.354,-0.802,0.689,-0.919,-0.462,-0.927,-0.878,-0.935,-0.148,-0.828,-0.84,-0.937,0.478,-0.703,0.086,-0.887,0.493,-0.715,0.375,-0.949,-0.782,-0.616,0.674,-0.789,0.871,-0.925,-0.521,-0.756,-0.811,-0.937,-0.389,0.353,-0.847,-0.327,0.635,-0.829,-0.588,-0.254,0.367,-0.594,-0.934,-0.802,-0.72,-0.404,-0.584,0.726,-0.828,-0.498,0.74,0.201,-0.116,-0.753,-0.89,-0.649,-0.772,0.768,0.299,-0.211,-0.577,0.585,0.722,-0.89,-0.787,0.424,0.699,-0.873,0.937,-0.841,-0.727,0.723,-0.016,-0.728,0.525,0.304,0.266,0.679,-0.669,-0.912,0.718,0.89,-0.94,-0.33,0.63,-0.937,-0.954,0.23,-0.592,-0.917,-0.89,0.594,-0.649,-0.766,-0.904,-0.842,-0.273,-0.829,-0.869,0.636,0.777,-0.026,-0.779,-0.926,0.799,0.782,-0.893,0.33,0.576,-0.945,0.336,-0.903,-0.706
BLFS,0.336,0.138,0.055,0.616,0.361,0.24,0.755,0.424,-0.168,0.233,0.874,0.39,-0.41,0.11,0.734,0.395,-0.472,0.643,0.624,0.597,0.69,-0.015,-0.454,0.376,0.789,0.105,0.639,0.396,-0.218,0.0,-0.066,0.089,0.208,0.751,0.216,0.406,0.373,0.387,-0.33,0.758,0.582,0.446,0.354,-0.084,0.489,0.424,-0.297,0.401,0.043,0.565,0.4,0.481,-0.526,0.405,0.402,0.383,0.362,0.319,0.267,-0.377,-0.182,-0.649,0.539,-0.017,0.117,-0.223,-0.088,0.428,-0.287,0.543,0.802,0.683,0.371,-0.15,0.301,0.331,0.313,0.592,-0.164,0.035,0.354,0.367,0.248,-0.009,0.309,0.713,0.483,0.192,0.607,0.591,0.607,0.008,0.365,0.673,0.128,0.124,0.42,0.544,0.58,0.445,0.321,0.56,0.508,0.735,0.207,-0.279,0.615,0.403,0.291,0.483,0.755,0.276,0.658,0.018,0.271,0.266,0.084,-0.117,0.142,0.317,0.428,0.467,0.76,0.327,0.596,0.508,-0.59,0.223,0.697,0.382,0.632,0.677,0.679,-0.068,-0.065,0.168,0.414,-0.121,0.13,0.192,0.722,0.449,0.675,0.584,-0.119,0.71,0.957,0.395,0.424,0.175,0.318,0.378,-0.555,-0.258,0.411,-0.145,0.616,0.6,-0.512,0.477,0.558,0.217,0.099,0.679,-0.437,0.696,0.434,0.019,-0.405,0.365,0.876,-0.165,0.378,0.241,0.736,-0.023,0.325,0.205,0.419,0.633,0.625,0.299,0.537,0.815,0.551,0.182,0.154,-0.085,0.597,0.652,0.404,0.128,-0.085,0.285,0.248,0.294,0.302,0.108,0.241,0.613
BLKB,0.019,0.093,0.128,0.047,0.359,0.493,0.137,0.002,0.328,0.259,0.081,0.181,0.542,0.477,0.216,0.094,0.422,-0.274,0.348,-0.27,-0.213,0.474,0.101,0.291,0.248,0.428,-0.235,0.175,-0.33,-0.066,0.0,-0.28,-0.034,-0.04,0.303,0.382,0.306,0.236,0.631,-0.172,-0.231,0.127,0.153,-0.196,-0.057,0.274,0.826,0.124,0.017,0.346,0.414,0.625,0.757,0.331,0.475,0.575,0.466,0.259,0.507,0.267,0.409,-0.074,-0.011,0.253,0.066,-0.11,0.518,0.104,-0.291,0.009,0.089,-0.18,0.311,0.377,0.303,0.534,0.393,0.178,0.266,0.226,0.259,-0.013,0.035,0.453,0.5,0.247,0.237,-0.204,-0.12,-0.121,0.062,0.166,0.39,0.385,0.515,0.203,0.268,0.462,0.153,0.274,0.243,-0.238,0.113,-0.323,0.423,0.39,-0.067,-0.03,0.371,-0.107,-0.023,-0.081,0.177,-0.273,0.353,0.724,-0.098,0.338,0.365,0.594,0.128,0.108,-0.318,-0.467,0.228,0.453,0.498,-0.005,0.409,0.261,0.137,0.025,-0.514,-0.066,0.109,0.724,0.085,0.037,0.442,0.052,0.276,0.288,-0.128,0.039,-0.157,-0.211,-0.045,0.618,-0.189,-0.186,0.185,0.193,0.583,0.061,0.415,-0.385,0.271,-0.047,0.188,-0.085,0.582,0.159,0.356,0.09,0.323,0.271,0.266,-0.462,-0.159,0.36,0.288,0.246,0.336,0.344,-0.372,0.406,0.295,0.327,-0.017,0.23,-0.058,0.055,0.194,0.033,0.114,0.342,-0.165,-0.114,0.469,0.066,0.412,-0.091,-0.082,0.087,0.181,-0.213,0.325,0.329,0.293,0.015
