,ABAT,ACLS,ACMR,ADMA,ADUS,ADVM,AEIS,AGNCM,AHCO,ALGT,ALLO,AMSF,ANAB,ANDE,APLS,APPF,ASML,ATRC,AVGO,AVT,AXDX,AXSM,AZN,BANR,BBIO,BCYC,BHFAP,BKR,BLDP,BLFS,BLKB,BLMN,BNTX,BPMC,CALM,CAMT,CASH,CATY,CCEP,CDLX,CDNS,CENN,CENX,CGC,CHDN,CLBK,COKE,COLB,COO,CORT,CRMT,CRNX,CRTO,CRVL,CSCO,CSQ,CSWI,CVBF,CWST,CYCC,CZR,DLTR,DORM,ENTA,EQIX,ERIC,EVRG,EWBC,EXAS,EXLS,EXPI,EYE,FBNC,FBRX,FCNCA,FELE,FIBK,FLEX,FRGT,FRHC,FRME,FWONA,FWONK,GDEN,GIII,GILD,GLNG,GNTX,GOOGL,GRPN,HCSG,HIMX,HOPE,HST,HTLD,HUT,HWC,ICUI,IESC,INTC,INTU,IOVA,IPAR,IPGP,ISRG,JBSS,KALU,KPRX,KRNT,LAUR,LBRDA,LBTYK,LECO,LILAK,LITE,MANH,MDXG,MFIC,MGEE,MIDD,MLAB,MMSI,MNKD,MOMO,MRVL,NICE,NMFC,NUWE,NVCR,NWBI,OFIX,OFLX,OMCL,OPK,ORKA,ORLY,OTTR,PDD,PNTG,POOL,POWL,PPBI,PPC,PRAA,PRPL,PZZA,QTRX,QURE,RDFN,RDHL,REAL,REG,REYN,RGLD,RIOT,RUN,RYTM,SAIA,SBAC,SBRA,SCVL,SHOO,SLAB,SLDB,SMCI,SMTC,SRCE,SSP,SSRM,STBA,STRO,SVC,SYBT,TCBI,TCOM,TENX,TH,TMUS,TNDM,TTD,TTMI,UAL,ULH,ULTA,VCYT,VIRT,VKTX,VOD,VRDN,VREX,VRNT,VSAT,WB,WBD,WDC,WEN,WSFS,XXII,Z,ZBRA
ABAT,0.0,0.69,0.745,0.209,0.546,0.534,0.707,-0.384,0.571,0.413,0.687,-0.288,0.376,-0.063,0.713,0.558,0.845,0.599,0.739,0.634,0.57,0.579,-0.366,0.55,0.653,0.194,0.703,0.802,0.561,0.709,-0.587,0.221,0.556,0.353,0.376,0.226,0.3,0.542,0.525,0.623,0.828,0.195,-0.484,0.337,0.07,0.398,0.601,0.54,0.744,0.633,0.599,0.55,0.45,0.471,0.557,0.825,0.192,0.544,0.588,0.597,0.739,0.483,0.668,0.56,0.691,0.483,0.508,0.588,0.427,0.521,0.264,0.577,0.641,-0.536,0.699,0.473,0.526,0.713,0.578,0.554,0.464,0.064,-0.04,0.673,0.31,0.574,0.02,0.765,-0.229,0.599,0.551,0.863,0.576,0.884,0.65,0.451,0.289,0.527,0.409,0.489,0.709,0.681,0.597,0.673,0.576,0.638,-0.107,0.665,0.632,0.531,0.493,0.668,0.549,-0.092,0.675,0.712,0.602,-0.258,0.444,0.621,0.354,0.299,0.568,-0.302,0.528,0.607,0.152,0.836,0.659,0.464,0.671,0.619,0.459,-0.004,-0.287,0.394,0.219,0.763,0.289,0.729,0.588,0.532,-0.475,0.683,0.512,0.557,0.782,0.684,0.806,0.633,0.587,0.621,0.355,-0.242,0.571,0.623,0.676,0.867,0.718,0.644,0.612,0.582,0.701,0.623,0.279,-0.213,0.542,0.224,-0.383,0.521,0.275,0.795,0.577,0.586,-0.189,0.612,-0.26,0.097,0.352,0.748,0.44,-0.49,0.534,0.482,0.677,-0.034,0.463,0.524,0.691,0.638,0.625,0.643,0.272,0.497,0.102,-0.521,0.554,0.37,0.713,0.8
ACLS,0.69,0.0,0.557,0.649,0.753,0.817,0.855,-0.271,0.876,0.809,0.905,0.189,0.335,-0.236,0.862,0.826,0.761,0.883,0.666,0.763,0.794,0.888,-0.443,0.706,0.894,0.536,0.756,0.433,0.22,0.851,-0.536,0.602,0.828,0.575,-0.188,0.636,0.358,0.773,0.789,0.704,0.879,-0.341,-0.762,0.029,0.209,0.557,0.733,0.699,0.841,0.748,0.829,0.253,0.348,0.86,0.736,0.853,-0.104,0.748,0.866,0.53,0.762,0.638,0.717,0.531,0.871,0.705,0.548,0.845,0.202,0.879,0.161,0.881,0.829,-0.674,0.736,0.825,0.768,0.543,0.778,0.79,0.666,-0.339,-0.427,0.768,0.571,0.906,-0.544,0.797,-0.498,0.876,0.736,0.787,0.828,0.875,0.883,0.69,0.601,0.586,-0.028,0.878,0.848,0.885,0.875,0.893,0.814,0.842,-0.408,0.77,0.842,0.293,0.829,0.517,0.842,-0.463,0.83,0.893,0.853,-0.239,0.463,0.877,0.581,0.729,0.7,-0.021,0.424,0.853,0.092,0.808,0.689,0.72,0.623,0.619,0.736,-0.357,-0.774,0.679,0.164,0.624,-0.205,0.869,0.735,0.83,-0.755,0.691,0.126,0.851,0.873,0.755,0.832,0.577,0.83,0.778,0.643,-0.443,0.835,0.701,0.694,0.735,0.817,0.822,0.819,0.809,0.914,0.868,0.69,-0.583,0.718,0.539,-0.706,0.699,0.352,0.852,0.679,0.783,-0.633,0.548,-0.268,0.333,0.413,0.774,0.831,-0.132,0.819,0.872,0.873,-0.206,0.728,0.703,0.895,0.576,0.758,0.768,0.514,0.686,-0.252,-0.344,0.758,0.438,0.894,0.796
ACMR,0.745,0.557,0.0,0.342,0.693,0.537,0.653,-0.515,0.568,0.371,0.558,-0.326,0.075,-0.101,0.63,0.557,0.783,0.486,0.757,0.638,0.319,0.494,-0.463,0.583,0.609,0.136,0.767,0.716,0.595,0.617,-0.655,0.307,0.574,0.408,0.426,0.317,0.416,0.524,0.485,0.469,0.75,0.171,-0.354,0.442,0.028,0.431,0.448,0.494,0.684,0.731,0.491,0.595,0.336,0.444,0.218,0.738,-0.03,0.51,0.263,0.644,0.733,0.541,0.751,0.472,0.569,0.465,0.476,0.548,0.397,0.44,0.466,0.537,0.609,-0.475,0.582,0.464,0.439,0.872,0.635,0.495,0.364,0.111,0.016,0.657,0.371,0.503,0.073,0.734,-0.318,0.484,0.609,0.804,0.498,0.699,0.507,0.505,0.286,0.525,0.576,0.477,0.581,0.657,0.487,0.496,0.422,0.618,0.058,0.511,0.673,0.551,0.456,0.387,0.566,0.007,0.65,0.646,0.534,-0.427,0.56,0.585,0.081,0.198,0.525,-0.23,0.574,0.599,0.199,0.695,0.493,0.461,0.617,0.467,0.315,0.143,-0.242,0.467,0.409,0.544,0.355,0.677,0.575,0.504,-0.455,0.617,0.579,0.535,0.693,0.704,0.716,0.649,0.591,0.506,0.161,-0.128,0.488,0.489,0.469,0.778,0.711,0.682,0.615,0.629,0.643,0.623,0.539,-0.15,0.517,0.234,-0.411,0.581,0.371,0.645,0.569,0.466,-0.112,0.484,-0.067,0.171,0.284,0.696,0.458,-0.432,0.549,0.364,0.474,0.223,0.555,0.596,0.563,0.562,0.452,0.464,0.32,0.36,0.223,-0.692,0.467,0.501,0.634,0.658
ADMA,0.209,0.649,0.342,0.0,0.859,0.774,0.625,-0.308,0.865,0.866,0.747,0.531,-0.148,-0.244,0.69,0.84,0.317,0.813,0.178,0.687,0.636,0.76,-0.509,0.773,0.827,0.653,0.711,0.177,-0.009,0.712,-0.603,0.78,0.834,0.676,-0.447,0.585,0.614,0.791,0.807,0.377,0.492,-0.491,-0.634,0.157,0.087,0.71,0.499,0.745,0.735,0.724,0.767,0.077,0.424,0.853,0.407,0.618,-0.463,0.77,0.539,0.524,0.616,0.626,0.698,0.27,0.777,0.801,0.623,0.844,0.012,0.73,0.306,0.808,0.814,-0.501,0.652,0.891,0.763,0.268,0.797,0.735,0.718,-0.36,-0.49,0.69,0.679,0.827,-0.657,0.674,-0.696,0.701,0.821,0.444,0.813,0.505,0.757,0.869,0.746,0.595,-0.111,0.868,0.626,0.76,0.816,0.657,0.69,0.803,-0.285,0.59,0.755,0.237,0.867,0.22,0.859,-0.501,0.695,0.765,0.742,-0.015,0.65,0.845,0.296,0.727,0.631,0.267,0.241,0.789,0.248,0.387,0.486,0.817,0.5,0.246,0.79,-0.317,-0.782,0.743,0.381,0.171,-0.396,0.692,0.756,0.858,-0.654,0.632,-0.017,0.822,0.702,0.704,0.548,0.611,0.822,0.721,0.553,-0.316,0.848,0.507,0.333,0.332,0.724,0.811,0.815,0.823,0.713,0.807,0.686,-0.622,0.758,0.787,-0.728,0.787,0.467,0.557,0.701,0.746,-0.767,0.38,0.127,0.662,0.335,0.553,0.893,0.354,0.882,0.776,0.713,-0.012,0.835,0.78,0.688,0.378,0.593,0.63,0.692,0.584,-0.391,-0.295,0.713,0.534,0.723,0.441
ADUS,0.546,0.753,0.693,0.859,0.0,0.887,0.734,-0.435,0.925,0.844,0.821,0.307,-0.065,-0.256,0.782,0.855,0.588,0.842,0.466,0.752,0.674,0.838,-0.644,0.853,0.895,0.596,0.889,0.448,0.212,0.834,-0.763,0.673,0.889,0.61,-0.107,0.565,0.653,0.872,0.869,0.577,0.747,-0.337,-0.712,0.278,-0.053,0.728,0.668,0.772,0.878,0.855,0.806,0.267,0.492,0.885,0.401,0.796,-0.321,0.82,0.561,0.698,0.763,0.648,0.842,0.358,0.846,0.832,0.666,0.883,0.1,0.766,0.409,0.893,0.906,-0.634,0.748,0.9,0.8,0.572,0.935,0.781,0.721,-0.242,-0.362,0.786,0.643,0.867,-0.481,0.843,-0.747,0.805,0.893,0.686,0.866,0.721,0.858,0.854,0.661,0.625,0.115,0.867,0.748,0.906,0.867,0.722,0.693,0.914,-0.298,0.681,0.914,0.355,0.883,0.356,0.936,-0.426,0.848,0.892,0.86,-0.288,0.728,0.9,0.274,0.604,0.764,-0.049,0.35,0.888,0.187,0.649,0.545,0.836,0.648,0.418,0.757,-0.247,-0.721,0.8,0.417,0.412,-0.179,0.874,0.878,0.892,-0.783,0.751,0.195,0.863,0.865,0.863,0.725,0.731,0.853,0.8,0.414,-0.393,0.874,0.576,0.437,0.611,0.887,0.917,0.908,0.915,0.812,0.916,0.712,-0.601,0.821,0.722,-0.795,0.863,0.443,0.731,0.786,0.811,-0.683,0.491,-0.04,0.556,0.284,0.675,0.878,0.062,0.926,0.769,0.765,0.013,0.814,0.844,0.82,0.485,0.631,0.694,0.566,0.623,-0.286,-0.528,0.767,0.615,0.868,0.599
ADVM,0.534,0.817,0.537,0.774,0.887,0.0,0.608,-0.44,0.918,0.907,0.856,0.466,0.028,-0.462,0.73,0.776,0.53,0.869,0.447,0.594,0.805,0.947,-0.743,0.724,0.856,0.773,0.802,0.307,-0.024,0.872,-0.75,0.569,0.884,0.391,-0.221,0.694,0.403,0.861,0.935,0.751,0.793,-0.521,-0.903,-0.004,-0.214,0.549,0.811,0.671,0.849,0.708,0.812,-0.005,0.438,0.931,0.52,0.773,-0.378,0.738,0.663,0.633,0.599,0.461,0.662,0.153,0.809,0.797,0.496,0.821,-0.112,0.798,0.123,0.947,0.859,-0.629,0.691,0.894,0.771,0.419,0.92,0.804,0.624,-0.396,-0.414,0.625,0.434,0.921,-0.68,0.783,-0.813,0.942,0.781,0.64,0.845,0.711,0.901,0.719,0.523,0.385,-0.233,0.875,0.723,0.945,0.909,0.777,0.72,0.92,-0.63,0.593,0.92,0.078,0.93,0.331,0.958,-0.596,0.932,0.907,0.956,-0.405,0.543,0.858,0.239,0.518,0.878,-0.204,0.098,0.949,-0.111,0.741,0.417,0.739,0.453,0.4,0.738,-0.571,-0.861,0.887,0.042,0.555,-0.395,0.912,0.919,0.851,-0.921,0.661,-0.096,0.88,0.852,0.815,0.62,0.554,0.75,0.759,0.416,-0.682,0.907,0.429,0.343,0.541,0.836,0.82,0.888,0.825,0.732,0.936,0.694,-0.842,0.707,0.693,-0.93,0.747,0.133,0.664,0.629,0.8,-0.815,0.351,-0.259,0.398,0.049,0.596,0.829,0.101,0.874,0.88,0.774,-0.236,0.651,0.715,0.909,0.315,0.574,0.672,0.446,0.562,-0.592,-0.42,0.699,0.552,0.921,0.55
AEIS,0.707,0.855,0.653,0.625,0.734,0.608,0.0,-0.162,0.788,0.663,0.846,-0.103,0.281,0.098,0.898,0.853,0.823,0.796,0.679,0.934,0.647,0.677,-0.201,0.774,0.891,0.25,0.778,0.64,0.514,0.79,-0.511,0.633,0.752,0.763,-0.042,0.448,0.564,0.694,0.631,0.492,0.787,0.027,-0.456,0.43,0.458,0.689,0.493,0.783,0.85,0.83,0.766,0.569,0.424,0.688,0.657,0.876,-0.013,0.789,0.754,0.543,0.947,0.789,0.856,0.798,0.868,0.646,0.716,0.847,0.526,0.773,0.458,0.714,0.82,-0.623,0.804,0.729,0.765,0.719,0.649,0.679,0.722,-0.042,-0.246,0.916,0.716,0.762,-0.23,0.821,-0.297,0.624,0.773,0.863,0.783,0.884,0.761,0.764,0.702,0.833,0.368,0.756,0.839,0.739,0.74,0.83,0.782,0.735,0.043,0.833,0.729,0.655,0.684,0.627,0.71,-0.115,0.673,0.808,0.65,0.001,0.592,0.858,0.59,0.792,0.535,0.17,0.748,0.711,0.472,0.707,0.866,0.743,0.833,0.674,0.707,0.035,-0.521,0.434,0.532,0.505,0.066,0.758,0.599,0.786,-0.483,0.799,0.473,0.733,0.833,0.797,0.919,0.725,0.888,0.771,0.699,-0.064,0.743,0.898,0.865,0.824,0.832,0.825,0.727,0.794,0.951,0.777,0.579,-0.203,0.769,0.494,-0.44,0.726,0.645,0.9,0.784,0.728,-0.407,0.717,0.096,0.465,0.74,0.891,0.789,-0.27,0.799,0.661,0.855,0.054,0.85,0.764,0.727,0.796,0.836,0.82,0.639,0.715,0.166,-0.473,0.79,0.393,0.773,0.911
AGNCM,-0.384,-0.271,-0.515,-0.308,-0.435,-0.44,-0.162,0.0,-0.388,-0.328,-0.402,-0.021,0.114,0.505,-0.411,-0.322,-0.282,-0.396,-0.259,-0.297,-0.211,-0.398,0.684,-0.35,-0.36,-0.401,-0.541,-0.421,-0.277,-0.457,0.695,-0.268,-0.502,-0.174,-0.144,-0.198,-0.189,-0.387,-0.415,-0.365,-0.364,0.085,0.447,-0.033,0.297,-0.213,-0.352,-0.325,-0.453,-0.469,-0.409,-0.185,-0.42,-0.336,-0.151,-0.422,0.376,-0.287,-0.04,-0.614,-0.298,-0.309,-0.412,0.049,-0.375,-0.454,-0.308,-0.348,-0.092,-0.242,-0.111,-0.382,-0.414,0.258,-0.354,-0.329,-0.237,-0.264,-0.579,-0.444,-0.155,0.181,0.22,-0.341,-0.052,-0.421,0.131,-0.535,0.434,-0.441,-0.447,-0.417,-0.325,-0.346,-0.294,-0.364,-0.14,-0.167,-0.107,-0.421,-0.242,-0.497,-0.409,-0.35,-0.165,-0.534,0.232,-0.181,-0.499,-0.205,-0.445,-0.056,-0.451,0.321,-0.581,-0.431,-0.461,0.405,-0.476,-0.401,0.261,0.108,-0.431,0.06,-0.098,-0.508,0.043,-0.397,-0.189,-0.288,-0.222,-0.246,-0.23,0.104,0.325,-0.546,-0.032,-0.457,-0.081,-0.448,-0.518,-0.333,0.44,-0.383,-0.203,-0.517,-0.504,-0.442,-0.293,-0.491,-0.354,-0.319,-0.09,0.282,-0.412,-0.072,-0.008,-0.281,-0.454,-0.48,-0.522,-0.442,-0.29,-0.4,-0.339,0.409,-0.305,-0.283,0.446,-0.432,-0.061,-0.253,-0.317,-0.334,0.179,-0.201,0.154,-0.103,0.129,-0.306,-0.248,-0.04,-0.355,-0.364,-0.267,-0.089,-0.26,-0.424,-0.402,-0.278,-0.159,-0.18,-0.37,-0.143,0.25,0.42,-0.182,-0.413,-0.416,-0.288
AHCO,0.571,0.876,0.568,0.865,0.925,0.918,0.788,-0.388,0.0,0.938,0.912,0.385,0.024,-0.32,0.845,0.921,0.62,0.936,0.482,0.792,0.814,0.92,-0.639,0.845,0.954,0.705,0.851,0.375,0.129,0.896,-0.716,0.716,0.948,0.612,-0.283,0.682,0.536,0.905,0.925,0.653,0.8,-0.439,-0.806,0.126,0.033,0.696,0.724,0.814,0.911,0.831,0.895,0.163,0.502,0.961,0.606,0.839,-0.362,0.852,0.726,0.644,0.779,0.649,0.798,0.391,0.917,0.872,0.655,0.939,0.091,0.888,0.278,0.961,0.939,-0.645,0.789,0.957,0.862,0.494,0.916,0.864,0.753,-0.346,-0.46,0.789,0.616,0.968,-0.653,0.855,-0.724,0.891,0.874,0.702,0.925,0.78,0.949,0.87,0.703,0.636,-0.058,0.947,0.826,0.943,0.938,0.84,0.809,0.941,-0.419,0.735,0.926,0.291,0.958,0.425,0.967,-0.521,0.898,0.945,0.927,-0.207,0.67,0.962,0.399,0.708,0.823,0.026,0.326,0.955,0.125,0.714,0.61,0.861,0.614,0.488,0.837,-0.385,-0.85,0.816,0.279,0.471,-0.332,0.912,0.893,0.942,-0.847,0.767,0.073,0.932,0.9,0.863,0.758,0.674,0.898,0.855,0.558,-0.495,0.956,0.62,0.515,0.641,0.906,0.923,0.921,0.916,0.876,0.957,0.752,-0.709,0.832,0.755,-0.851,0.843,0.391,0.783,0.773,0.858,-0.769,0.501,-0.057,0.553,0.326,0.738,0.954,0.089,0.953,0.898,0.875,-0.098,0.845,0.846,0.909,0.508,0.722,0.778,0.615,0.701,-0.389,-0.472,0.823,0.557,0.925,0.684
ALGT,0.413,0.809,0.371,0.866,0.844,0.907,0.663,-0.328,0.938,0.0,0.874,0.564,-0.015,-0.329,0.732,0.87,0.426,0.94,0.29,0.678,0.8,0.925,-0.63,0.781,0.883,0.817,0.768,0.224,-0.096,0.866,-0.677,0.64,0.897,0.534,-0.361,0.706,0.492,0.906,0.933,0.638,0.696,-0.492,-0.859,0.011,-0.085,0.682,0.775,0.788,0.849,0.704,0.884,-0.03,0.461,0.938,0.595,0.742,-0.365,0.825,0.723,0.602,0.645,0.468,0.657,0.197,0.873,0.854,0.572,0.896,-0.111,0.828,0.15,0.947,0.896,-0.536,0.747,0.965,0.889,0.318,0.875,0.872,0.749,-0.343,-0.425,0.66,0.616,0.93,-0.758,0.77,-0.781,0.9,0.824,0.573,0.908,0.658,0.909,0.808,0.707,0.498,-0.266,0.901,0.81,0.887,0.935,0.823,0.798,0.914,-0.531,0.645,0.843,0.143,0.97,0.39,0.944,-0.602,0.86,0.898,0.935,-0.182,0.581,0.9,0.361,0.674,0.851,0.022,0.128,0.924,0.031,0.601,0.477,0.847,0.548,0.426,0.86,-0.542,-0.899,0.827,0.138,0.407,-0.443,0.872,0.892,0.908,-0.853,0.705,-0.115,0.867,0.813,0.801,0.603,0.575,0.827,0.807,0.517,-0.583,0.951,0.516,0.415,0.467,0.837,0.817,0.857,0.83,0.763,0.926,0.682,-0.78,0.791,0.85,-0.898,0.783,0.223,0.67,0.678,0.866,-0.897,0.385,-0.084,0.494,0.217,0.606,0.915,0.282,0.914,0.903,0.839,-0.29,0.757,0.73,0.893,0.324,0.678,0.785,0.558,0.633,-0.552,-0.29,0.804,0.56,0.902,0.571
ALLO,0.687,0.905,0.558,0.747,0.821,0.856,0.846,-0.402,0.912,0.874,0.0,0.217,0.263,-0.212,0.913,0.892,0.686,0.959,0.553,0.822,0.811,0.896,-0.495,0.798,0.963,0.635,0.849,0.571,0.276,0.947,-0.73,0.636,0.905,0.665,-0.213,0.572,0.511,0.848,0.867,0.703,0.835,-0.234,-0.79,0.212,0.089,0.671,0.722,0.826,0.952,0.807,0.902,0.318,0.576,0.859,0.756,0.927,-0.196,0.842,0.815,0.702,0.823,0.671,0.793,0.486,0.952,0.807,0.705,0.918,0.246,0.852,0.27,0.897,0.923,-0.648,0.875,0.874,0.856,0.553,0.855,0.878,0.757,-0.27,-0.402,0.846,0.599,0.921,-0.489,0.89,-0.573,0.869,0.852,0.823,0.901,0.887,0.911,0.829,0.669,0.663,0.007,0.89,0.869,0.924,0.924,0.948,0.875,0.919,-0.36,0.789,0.878,0.441,0.897,0.591,0.898,-0.416,0.898,0.956,0.896,-0.137,0.62,0.941,0.452,0.706,0.787,0.024,0.421,0.926,0.212,0.773,0.761,0.806,0.719,0.599,0.843,-0.337,-0.784,0.706,0.235,0.665,-0.186,0.906,0.839,0.898,-0.77,0.863,0.197,0.892,0.952,0.888,0.832,0.744,0.902,0.869,0.688,-0.421,0.944,0.761,0.696,0.708,0.912,0.871,0.88,0.856,0.9,0.922,0.625,-0.592,0.801,0.711,-0.727,0.785,0.382,0.834,0.762,0.857,-0.687,0.602,-0.072,0.473,0.443,0.845,0.86,-0.018,0.897,0.875,0.957,-0.177,0.796,0.78,0.919,0.632,0.824,0.88,0.653,0.712,-0.279,-0.421,0.817,0.48,0.93,0.838
AMSF,-0.288,0.189,-0.326,0.531,0.307,0.466,-0.103,-0.021,0.385,0.564,0.217,0.0,-0.255,-0.362,0.004,0.21,-0.33,0.359,-0.354,-0.054,0.343,0.455,-0.353,0.245,0.212,0.745,0.06,-0.466,-0.656,0.231,-0.109,0.316,0.322,0.034,-0.542,0.387,0.181,0.423,0.464,0.203,-0.0,-0.726,-0.51,-0.438,-0.344,0.257,0.399,0.24,0.132,0.026,0.353,-0.575,0.128,0.523,0.135,-0.02,-0.303,0.293,0.25,0.058,-0.149,-0.118,-0.049,-0.466,0.219,0.438,0.041,0.3,-0.679,0.352,-0.169,0.452,0.273,-0.101,0.099,0.52,0.371,-0.384,0.374,0.342,0.351,-0.463,-0.405,-0.05,0.224,0.387,-0.717,0.05,-0.597,0.472,0.282,-0.258,0.397,-0.1,0.378,0.298,0.332,-0.103,-0.729,0.389,0.151,0.321,0.433,0.199,0.222,0.342,-0.632,0.042,0.325,-0.506,0.515,-0.1,0.45,-0.607,0.291,0.258,0.446,0.035,0.113,0.282,0.103,0.289,0.383,0.025,-0.56,0.363,-0.305,-0.104,-0.207,0.383,-0.124,-0.199,0.467,-0.671,-0.593,0.546,-0.236,-0.125,-0.656,0.243,0.438,0.407,-0.5,0.027,-0.646,0.365,0.119,0.114,-0.135,-0.042,0.181,0.304,0.037,-0.538,0.407,-0.154,-0.264,-0.353,0.127,0.204,0.34,0.268,0.051,0.305,0.233,-0.707,0.276,0.602,-0.579,0.284,-0.246,-0.032,0.136,0.383,-0.727,-0.138,-0.234,0.343,-0.349,-0.186,0.419,0.744,0.347,0.457,0.242,-0.308,0.118,0.199,0.332,-0.325,0.045,0.143,0.11,0.259,-0.828,0.335,0.304,0.185,0.28,-0.245
ANAB,0.376,0.335,0.075,-0.148,-0.065,0.028,0.281,0.114,0.024,-0.015,0.263,-0.255,0.0,0.307,0.289,0.037,0.381,0.104,0.48,0.051,0.241,0.141,0.352,-0.148,0.158,-0.104,-0.076,0.262,0.117,0.153,0.094,-0.197,-0.075,0.104,0.061,0.051,-0.175,-0.076,0.054,0.257,0.349,0.136,-0.165,-0.138,0.154,-0.193,0.165,-0.104,0.128,-0.065,0.072,0.308,-0.02,0.01,0.379,0.294,0.475,-0.093,0.482,-0.072,0.13,0.101,-0.061,0.343,0.134,-0.163,-0.108,-0.014,0.163,0.16,-0.143,0.066,-0.008,-0.25,0.175,-0.054,-0.044,0.324,-0.039,0.105,-0.03,0.049,0.116,0.171,0.018,0.063,0.133,0.007,0.257,0.155,-0.115,0.298,0.005,0.343,0.19,-0.1,-0.178,0.009,0.01,0.009,0.206,0.158,0.069,0.31,0.29,0.018,-0.156,0.39,0.084,0.124,-0.053,0.453,-0.019,0.14,0.071,0.174,0.086,0.052,-0.336,0.038,0.294,0.231,0.075,-0.271,0.132,0.069,-0.065,0.332,0.262,-0.154,0.173,0.184,0.026,-0.174,-0.029,-0.182,-0.256,0.415,0.057,0.091,-0.024,-0.027,0.032,0.127,0.01,-0.014,0.154,0.076,0.297,-0.047,0.045,0.015,0.315,-0.12,0.088,0.288,0.405,0.351,0.018,-0.037,-0.018,-0.101,0.183,0.076,-0.01,0.043,-0.12,-0.132,0.095,-0.201,-0.053,0.233,-0.103,-0.009,0.019,0.154,-0.256,-0.251,0.244,0.339,0.008,-0.441,-0.043,0.127,0.284,-0.401,-0.019,-0.145,0.218,0.246,0.164,0.267,-0.119,0.049,0.152,0.069,0.001,-0.112,0.143,0.329
ANDE,-0.063,-0.236,-0.101,-0.244,-0.256,-0.462,0.098,0.505,-0.32,-0.329,-0.212,-0.362,0.307,0.0,-0.148,-0.18,0.028,-0.282,-0.01,0.002,-0.21,-0.373,0.696,-0.145,-0.196,-0.511,-0.276,0.146,0.149,-0.24,0.377,-0.332,-0.362,0.116,0.271,-0.324,0.207,-0.245,-0.35,-0.227,-0.181,0.605,0.513,0.276,0.301,0.045,-0.231,-0.075,-0.199,-0.229,-0.207,0.315,-0.058,-0.381,-0.111,-0.117,0.568,-0.103,0.018,-0.299,0.056,-0.101,-0.123,0.277,-0.169,-0.385,-0.043,-0.18,0.219,-0.292,0.122,-0.356,-0.206,0.14,0.014,-0.281,-0.087,0.165,-0.435,-0.301,0.036,0.623,0.538,-0.011,0.245,-0.411,0.528,-0.238,0.475,-0.436,-0.221,-0.056,-0.183,-0.088,-0.241,-0.196,0.015,0.105,0.413,-0.413,-0.002,-0.374,-0.3,-0.161,-0.064,-0.337,0.571,0.032,-0.397,0.3,-0.405,0.296,-0.384,0.649,-0.433,-0.268,-0.402,0.489,-0.147,-0.268,0.198,0.148,-0.301,0.021,0.218,-0.419,0.345,-0.204,0.062,-0.128,0.21,-0.08,-0.09,0.38,0.429,-0.597,0.349,-0.291,0.421,-0.286,-0.322,-0.22,0.576,-0.037,0.232,-0.426,-0.277,-0.169,0.01,-0.116,-0.157,-0.203,-0.022,0.49,-0.271,0.151,0.257,0.051,-0.214,-0.264,-0.381,-0.289,-0.118,-0.312,-0.359,0.61,-0.089,-0.143,0.54,-0.216,0.13,0.008,-0.09,-0.139,0.292,0.021,0.39,-0.14,0.369,0.036,-0.172,-0.284,-0.218,-0.406,-0.078,0.053,-0.066,-0.304,-0.283,0.073,-0.012,0.108,-0.235,-0.102,0.619,0.221,-0.003,-0.142,-0.27,0.073
APLS,0.713,0.862,0.63,0.69,0.782,0.73,0.898,-0.411,0.845,0.732,0.913,0.004,0.289,-0.148,0.0,0.887,0.797,0.863,0.636,0.861,0.734,0.765,-0.412,0.723,0.926,0.384,0.812,0.607,0.428,0.865,-0.681,0.653,0.844,0.674,-0.114,0.537,0.491,0.715,0.743,0.537,0.813,-0.13,-0.643,0.315,0.282,0.587,0.547,0.728,0.907,0.84,0.797,0.46,0.494,0.767,0.66,0.897,-0.222,0.731,0.757,0.614,0.887,0.782,0.822,0.694,0.889,0.716,0.649,0.836,0.414,0.784,0.319,0.776,0.844,-0.67,0.768,0.769,0.723,0.618,0.758,0.739,0.628,-0.201,-0.349,0.92,0.589,0.848,-0.363,0.859,-0.478,0.756,0.789,0.865,0.782,0.874,0.815,0.807,0.588,0.728,0.196,0.844,0.781,0.831,0.808,0.861,0.808,0.832,-0.194,0.833,0.814,0.53,0.772,0.548,0.796,-0.305,0.796,0.876,0.757,-0.147,0.564,0.889,0.46,0.701,0.636,0.107,0.612,0.838,0.305,0.774,0.813,0.706,0.728,0.679,0.713,-0.15,-0.647,0.562,0.34,0.608,-0.108,0.813,0.7,0.796,-0.635,0.78,0.349,0.835,0.903,0.847,0.863,0.737,0.887,0.751,0.678,-0.27,0.839,0.784,0.725,0.785,0.853,0.846,0.8,0.818,0.916,0.845,0.632,-0.409,0.735,0.545,-0.592,0.715,0.543,0.835,0.732,0.723,-0.515,0.611,0.013,0.441,0.601,0.86,0.778,-0.23,0.835,0.766,0.867,-0.038,0.846,0.776,0.786,0.763,0.771,0.765,0.678,0.621,-0.049,-0.543,0.694,0.443,0.828,0.859
APPF,0.558,0.826,0.557,0.84,0.855,0.776,0.853,-0.322,0.921,0.87,0.892,0.21,0.037,-0.18,0.887,0.0,0.629,0.922,0.466,0.863,0.729,0.812,-0.511,0.821,0.944,0.544,0.859,0.439,0.24,0.856,-0.708,0.725,0.898,0.706,-0.243,0.636,0.563,0.84,0.835,0.453,0.758,-0.264,-0.682,0.298,0.216,0.702,0.596,0.83,0.905,0.848,0.867,0.283,0.509,0.847,0.599,0.847,-0.334,0.834,0.675,0.636,0.86,0.707,0.83,0.556,0.927,0.824,0.705,0.922,0.268,0.804,0.334,0.864,0.902,-0.576,0.811,0.895,0.841,0.523,0.819,0.829,0.735,-0.219,-0.389,0.86,0.691,0.894,-0.551,0.864,-0.59,0.765,0.858,0.738,0.862,0.771,0.86,0.885,0.73,0.749,0.104,0.898,0.849,0.838,0.862,0.824,0.837,0.871,-0.213,0.765,0.802,0.483,0.873,0.444,0.866,-0.446,0.803,0.904,0.807,-0.094,0.683,0.941,0.416,0.723,0.718,0.178,0.524,0.879,0.297,0.655,0.717,0.838,0.701,0.533,0.792,-0.22,-0.751,0.688,0.399,0.414,-0.23,0.844,0.775,0.886,-0.713,0.806,0.224,0.848,0.868,0.855,0.771,0.735,0.932,0.815,0.616,-0.323,0.901,0.73,0.61,0.678,0.889,0.885,0.839,0.874,0.892,0.91,0.718,-0.507,0.825,0.718,-0.719,0.812,0.54,0.78,0.774,0.81,-0.678,0.547,0.1,0.553,0.564,0.811,0.894,0.037,0.922,0.818,0.863,-0.037,0.955,0.834,0.822,0.599,0.787,0.805,0.707,0.646,-0.16,-0.502,0.791,0.543,0.865,0.757
ASML,0.845,0.761,0.783,0.317,0.588,0.53,0.823,-0.282,0.62,0.426,0.686,-0.33,0.381,0.028,0.797,0.629,0.0,0.586,0.868,0.71,0.592,0.549,-0.27,0.519,0.701,0.074,0.662,0.666,0.546,0.695,-0.471,0.303,0.596,0.402,0.215,0.424,0.282,0.499,0.512,0.571,0.852,0.11,-0.431,0.283,0.283,0.363,0.49,0.497,0.727,0.674,0.559,0.502,0.264,0.511,0.548,0.821,0.075,0.523,0.641,0.422,0.806,0.585,0.688,0.718,0.674,0.426,0.426,0.604,0.47,0.569,0.223,0.569,0.634,-0.596,0.621,0.492,0.508,0.794,0.518,0.49,0.42,0.045,-0.066,0.715,0.387,0.596,-0.083,0.715,-0.195,0.562,0.513,0.885,0.561,0.868,0.648,0.473,0.306,0.578,0.423,0.553,0.712,0.649,0.561,0.669,0.657,0.599,-0.051,0.714,0.619,0.503,0.473,0.573,0.558,-0.046,0.635,0.707,0.554,-0.274,0.363,0.648,0.41,0.483,0.506,-0.18,0.658,0.606,0.17,0.852,0.675,0.459,0.642,0.659,0.447,0.006,-0.361,0.317,0.289,0.607,0.183,0.701,0.524,0.541,-0.445,0.594,0.449,0.569,0.735,0.681,0.84,0.536,0.625,0.546,0.445,-0.192,0.567,0.64,0.721,0.934,0.7,0.65,0.56,0.594,0.78,0.639,0.484,-0.175,0.523,0.181,-0.374,0.488,0.383,0.818,0.553,0.52,-0.19,0.534,-0.068,0.125,0.497,0.827,0.543,-0.629,0.585,0.509,0.664,-0.007,0.594,0.521,0.644,0.672,0.595,0.62,0.311,0.437,0.219,-0.596,0.541,0.379,0.686,0.855
ATRC,0.599,0.883,0.486,0.813,0.842,0.869,0.796,-0.396,0.936,0.94,0.959,0.359,0.104,-0.282,0.863,0.922,0.586,0.0,0.407,0.811,0.793,0.923,-0.58,0.834,0.951,0.71,0.864,0.462,0.176,0.928,-0.727,0.676,0.931,0.665,-0.265,0.601,0.55,0.909,0.895,0.656,0.773,-0.317,-0.816,0.158,0.055,0.733,0.77,0.869,0.934,0.807,0.948,0.203,0.553,0.907,0.72,0.869,-0.249,0.884,0.789,0.71,0.788,0.619,0.783,0.402,0.965,0.876,0.714,0.954,0.149,0.851,0.237,0.936,0.949,-0.606,0.858,0.944,0.913,0.428,0.887,0.914,0.807,-0.298,-0.452,0.815,0.655,0.949,-0.61,0.891,-0.657,0.9,0.888,0.74,0.939,0.822,0.915,0.86,0.752,0.668,-0.059,0.93,0.892,0.916,0.966,0.922,0.864,0.951,-0.39,0.75,0.859,0.378,0.958,0.515,0.928,-0.538,0.889,0.953,0.922,-0.135,0.666,0.961,0.485,0.71,0.801,0.088,0.349,0.932,0.195,0.692,0.696,0.876,0.708,0.573,0.885,-0.371,-0.853,0.786,0.256,0.584,-0.26,0.913,0.877,0.931,-0.806,0.837,0.134,0.916,0.933,0.859,0.77,0.735,0.922,0.89,0.641,-0.447,0.957,0.702,0.619,0.617,0.91,0.891,0.912,0.894,0.885,0.932,0.628,-0.655,0.859,0.789,-0.798,0.841,0.373,0.817,0.789,0.914,-0.778,0.56,-0.094,0.502,0.395,0.751,0.891,0.143,0.932,0.917,0.935,-0.196,0.813,0.798,0.927,0.544,0.814,0.871,0.667,0.716,-0.371,-0.357,0.856,0.552,0.94,0.754
AVGO,0.739,0.666,0.757,0.178,0.466,0.447,0.679,-0.259,0.482,0.29,0.553,-0.354,0.48,-0.01,0.636,0.466,0.868,0.407,0.0,0.524,0.455,0.455,-0.185,0.317,0.554,0.058,0.502,0.53,0.426,0.562,-0.35,0.196,0.418,0.251,0.25,0.454,0.049,0.331,0.413,0.506,0.825,0.049,-0.374,0.135,0.239,0.123,0.383,0.265,0.557,0.504,0.38,0.448,0.148,0.397,0.46,0.707,0.072,0.303,0.483,0.335,0.614,0.46,0.489,0.56,0.477,0.253,0.211,0.4,0.375,0.51,0.196,0.457,0.424,-0.483,0.462,0.33,0.28,0.836,0.408,0.357,0.193,0.025,0.018,0.536,0.204,0.469,-0.018,0.532,-0.06,0.468,0.341,0.748,0.364,0.709,0.502,0.278,0.106,0.351,0.318,0.399,0.525,0.572,0.386,0.555,0.501,0.432,-0.104,0.541,0.565,0.346,0.33,0.464,0.43,0.041,0.567,0.576,0.448,-0.322,0.176,0.484,0.222,0.33,0.441,-0.288,0.536,0.51,0.005,0.784,0.486,0.228,0.412,0.485,0.232,-0.074,-0.239,0.282,0.076,0.594,0.164,0.569,0.378,0.364,-0.367,0.45,0.309,0.437,0.568,0.564,0.68,0.335,0.447,0.366,0.351,-0.269,0.411,0.47,0.542,0.795,0.538,0.482,0.429,0.412,0.602,0.518,0.532,-0.166,0.268,0.029,-0.32,0.283,0.2,0.6,0.315,0.301,-0.079,0.412,-0.177,0.043,0.341,0.756,0.406,-0.609,0.393,0.375,0.502,-0.0,0.444,0.397,0.525,0.514,0.393,0.428,0.172,0.334,0.204,-0.568,0.332,0.238,0.553,0.69
AVT,0.634,0.763,0.638,0.687,0.752,0.594,0.934,-0.297,0.792,0.678,0.822,-0.054,0.051,0.002,0.861,0.863,0.71,0.811,0.524,0.0,0.582,0.649,-0.299,0.864,0.885,0.31,0.836,0.675,0.582,0.798,-0.62,0.744,0.814,0.816,-0.07,0.37,0.662,0.743,0.613,0.427,0.667,0.056,-0.408,0.545,0.455,0.798,0.434,0.892,0.86,0.905,0.817,0.594,0.564,0.676,0.627,0.846,-0.161,0.864,0.624,0.676,0.96,0.836,0.927,0.732,0.887,0.766,0.852,0.891,0.569,0.748,0.585,0.698,0.861,-0.56,0.827,0.753,0.807,0.629,0.688,0.702,0.779,-0.077,-0.335,0.937,0.725,0.771,-0.215,0.883,-0.338,0.586,0.867,0.836,0.818,0.828,0.712,0.849,0.803,0.912,0.407,0.781,0.796,0.723,0.751,0.807,0.713,0.768,0.133,0.763,0.73,0.717,0.732,0.58,0.724,-0.126,0.693,0.775,0.631,0.085,0.778,0.891,0.473,0.721,0.514,0.345,0.763,0.715,0.599,0.612,0.874,0.824,0.856,0.658,0.75,0.145,-0.501,0.506,0.635,0.49,0.104,0.733,0.637,0.824,-0.475,0.866,0.565,0.791,0.848,0.82,0.89,0.839,0.932,0.83,0.686,0.023,0.753,0.879,0.802,0.717,0.87,0.881,0.784,0.857,0.932,0.758,0.549,-0.198,0.846,0.556,-0.433,0.836,0.717,0.859,0.872,0.772,-0.374,0.775,0.202,0.608,0.723,0.842,0.792,-0.1,0.829,0.632,0.828,0.227,0.879,0.873,0.681,0.842,0.853,0.789,0.794,0.77,0.132,-0.488,0.829,0.406,0.744,0.877
AXDX,0.57,0.794,0.319,0.636,0.674,0.805,0.647,-0.211,0.814,0.8,0.811,0.343,0.241,-0.21,0.734,0.729,0.592,0.793,0.455,0.582,0.0,0.806,-0.477,0.591,0.802,0.588,0.598,0.287,-0.063,0.806,-0.554,0.446,0.761,0.312,-0.293,0.624,0.258,0.735,0.838,0.693,0.747,-0.417,-0.791,-0.023,0.016,0.434,0.708,0.606,0.779,0.553,0.752,-0.034,0.447,0.81,0.659,0.751,-0.222,0.65,0.843,0.357,0.591,0.419,0.546,0.342,0.783,0.66,0.434,0.748,0.001,0.737,-0.048,0.809,0.756,-0.627,0.651,0.768,0.723,0.306,0.689,0.685,0.597,-0.233,-0.279,0.583,0.379,0.835,-0.634,0.686,-0.576,0.814,0.601,0.62,0.78,0.75,0.891,0.581,0.47,0.389,-0.226,0.759,0.724,0.779,0.815,0.757,0.803,0.759,-0.555,0.692,0.712,0.08,0.789,0.561,0.798,-0.504,0.766,0.814,0.8,-0.131,0.377,0.775,0.374,0.617,0.772,-0.152,0.178,0.793,-0.038,0.772,0.499,0.636,0.418,0.412,0.721,-0.552,-0.768,0.624,0.014,0.48,-0.389,0.794,0.767,0.756,-0.712,0.588,-0.139,0.75,0.754,0.699,0.617,0.434,0.647,0.705,0.523,-0.619,0.854,0.466,0.508,0.629,0.722,0.687,0.681,0.654,0.692,0.809,0.471,-0.714,0.62,0.535,-0.737,0.577,0.149,0.717,0.538,0.738,-0.72,0.377,-0.166,0.314,0.224,0.64,0.759,-0.106,0.774,0.807,0.798,-0.333,0.616,0.563,0.837,0.377,0.589,0.709,0.377,0.541,-0.472,-0.307,0.67,0.4,0.819,0.621
AXSM,0.579,0.888,0.494,0.76,0.838,0.947,0.677,-0.398,0.92,0.925,0.896,0.455,0.141,-0.373,0.765,0.812,0.549,0.923,0.455,0.649,0.806,0.0,-0.66,0.74,0.881,0.774,0.795,0.34,0.013,0.885,-0.682,0.581,0.878,0.488,-0.237,0.681,0.408,0.865,0.906,0.756,0.807,-0.482,-0.893,-0.038,-0.104,0.592,0.848,0.718,0.853,0.706,0.867,0.076,0.447,0.937,0.621,0.797,-0.264,0.777,0.768,0.639,0.639,0.493,0.667,0.231,0.862,0.806,0.537,0.857,-0.058,0.834,0.113,0.959,0.876,-0.657,0.744,0.921,0.814,0.415,0.898,0.854,0.684,-0.389,-0.441,0.676,0.529,0.938,-0.673,0.797,-0.73,0.972,0.795,0.656,0.872,0.76,0.917,0.734,0.602,0.458,-0.217,0.896,0.805,0.952,0.953,0.853,0.768,0.928,-0.588,0.67,0.9,0.144,0.941,0.406,0.938,-0.582,0.913,0.918,0.967,-0.297,0.534,0.881,0.392,0.613,0.857,-0.119,0.143,0.942,-0.05,0.732,0.504,0.769,0.534,0.47,0.779,-0.546,-0.882,0.862,0.063,0.597,-0.359,0.914,0.899,0.872,-0.889,0.705,-0.055,0.891,0.875,0.793,0.681,0.574,0.803,0.79,0.516,-0.618,0.918,0.533,0.465,0.56,0.835,0.827,0.903,0.836,0.795,0.927,0.681,-0.798,0.747,0.705,-0.884,0.754,0.177,0.723,0.662,0.849,-0.82,0.428,-0.28,0.358,0.153,0.635,0.852,0.127,0.869,0.925,0.841,-0.277,0.679,0.708,0.941,0.366,0.667,0.758,0.474,0.616,-0.539,-0.311,0.757,0.54,0.943,0.621
AZN,-0.366,-0.443,-0.463,-0.509,-0.644,-0.743,-0.201,0.684,-0.639,-0.63,-0.495,-0.353,0.352,0.696,-0.412,-0.511,-0.27,-0.58,-0.185,-0.299,-0.477,-0.66,0.0,-0.479,-0.505,-0.651,-0.659,-0.168,0.072,-0.582,0.743,-0.337,-0.668,-0.063,0.037,-0.507,-0.169,-0.635,-0.695,-0.519,-0.51,0.464,0.729,0.124,0.457,-0.311,-0.615,-0.42,-0.571,-0.521,-0.556,0.19,-0.318,-0.643,-0.184,-0.469,0.552,-0.451,-0.193,-0.571,-0.308,-0.185,-0.443,0.161,-0.504,-0.628,-0.27,-0.523,0.189,-0.438,0.038,-0.673,-0.593,0.355,-0.397,-0.605,-0.463,-0.153,-0.755,-0.588,-0.295,0.342,0.326,-0.314,-0.099,-0.653,0.584,-0.599,0.759,-0.695,-0.543,-0.387,-0.526,-0.395,-0.57,-0.478,-0.242,-0.118,0.189,-0.615,-0.405,-0.679,-0.622,-0.423,-0.349,-0.708,0.56,-0.214,-0.649,0.07,-0.694,0.025,-0.69,0.635,-0.746,-0.618,-0.723,0.579,-0.486,-0.558,0.135,-0.024,-0.696,0.237,0.097,-0.721,0.281,-0.536,-0.085,-0.483,-0.165,-0.274,-0.388,0.425,0.629,-0.789,0.073,-0.369,0.303,-0.667,-0.733,-0.54,0.782,-0.374,0.093,-0.659,-0.596,-0.539,-0.285,-0.406,-0.447,-0.461,-0.063,0.632,-0.625,-0.013,0.061,-0.317,-0.597,-0.601,-0.674,-0.59,-0.379,-0.661,-0.523,0.757,-0.461,-0.466,0.814,-0.557,0.047,-0.34,-0.399,-0.532,0.565,-0.08,0.241,-0.169,0.275,-0.276,-0.5,-0.154,-0.59,-0.609,-0.367,0.096,-0.388,-0.506,-0.62,-0.055,-0.278,-0.301,-0.265,-0.211,0.583,0.505,-0.354,-0.534,-0.642,-0.235
BANR,0.55,0.706,0.583,0.773,0.853,0.724,0.774,-0.35,0.845,0.781,0.798,0.245,-0.148,-0.145,0.723,0.821,0.519,0.834,0.317,0.864,0.591,0.74,-0.479,0.0,0.854,0.53,0.876,0.57,0.413,0.797,-0.686,0.764,0.859,0.749,-0.098,0.313,0.813,0.891,0.718,0.498,0.614,-0.125,-0.525,0.467,0.159,0.931,0.573,0.95,0.853,0.895,0.834,0.414,0.622,0.787,0.491,0.758,-0.212,0.971,0.549,0.744,0.831,0.72,0.92,0.471,0.889,0.877,0.895,0.938,0.302,0.755,0.604,0.806,0.936,-0.552,0.817,0.859,0.903,0.489,0.835,0.778,0.916,-0.175,-0.412,0.844,0.735,0.809,-0.324,0.883,-0.588,0.675,0.952,0.682,0.931,0.747,0.782,0.889,0.872,0.813,0.258,0.821,0.769,0.792,0.844,0.73,0.628,0.859,-0.041,0.672,0.815,0.553,0.844,0.479,0.836,-0.331,0.742,0.808,0.75,-0.014,0.89,0.905,0.401,0.637,0.602,0.217,0.502,0.773,0.469,0.522,0.725,0.958,0.803,0.521,0.852,0.025,-0.6,0.681,0.62,0.417,0.011,0.804,0.772,0.934,-0.631,0.836,0.423,0.845,0.855,0.796,0.796,0.863,0.902,0.921,0.504,-0.106,0.802,0.744,0.606,0.558,0.891,0.927,0.872,0.939,0.856,0.811,0.503,-0.391,0.962,0.732,-0.591,0.976,0.609,0.811,0.958,0.905,-0.533,0.706,0.05,0.694,0.46,0.653,0.837,0.149,0.901,0.682,0.795,0.193,0.801,0.909,0.745,0.651,0.795,0.75,0.722,0.809,-0.146,-0.388,0.925,0.462,0.794,0.694
BBIO,0.653,0.894,0.609,0.827,0.895,0.856,0.891,-0.36,0.954,0.883,0.963,0.212,0.158,-0.196,0.926,0.944,0.701,0.951,0.554,0.885,0.802,0.881,-0.505,0.854,0.0,0.591,0.88,0.551,0.306,0.925,-0.72,0.719,0.928,0.724,-0.227,0.587,0.578,0.861,0.869,0.633,0.816,-0.257,-0.737,0.289,0.167,0.724,0.668,0.853,0.958,0.869,0.907,0.354,0.557,0.893,0.683,0.923,-0.261,0.871,0.772,0.693,0.876,0.749,0.862,0.556,0.963,0.839,0.749,0.951,0.298,0.87,0.363,0.907,0.947,-0.676,0.867,0.908,0.864,0.581,0.868,0.854,0.779,-0.254,-0.418,0.895,0.649,0.941,-0.508,0.904,-0.582,0.838,0.889,0.817,0.916,0.871,0.916,0.887,0.726,0.75,0.09,0.926,0.862,0.925,0.923,0.908,0.865,0.924,-0.278,0.814,0.896,0.484,0.911,0.551,0.918,-0.404,0.876,0.953,0.872,-0.095,0.695,0.975,0.456,0.755,0.763,0.099,0.504,0.922,0.287,0.744,0.768,0.848,0.735,0.57,0.839,-0.254,-0.773,0.723,0.363,0.572,-0.203,0.896,0.843,0.923,-0.739,0.864,0.243,0.914,0.948,0.9,0.855,0.769,0.949,0.877,0.684,-0.356,0.943,0.772,0.688,0.725,0.933,0.927,0.909,0.91,0.937,0.937,0.681,-0.561,0.843,0.695,-0.726,0.839,0.509,0.854,0.812,0.858,-0.671,0.634,0.001,0.553,0.504,0.855,0.915,-0.018,0.946,0.865,0.935,-0.058,0.883,0.859,0.894,0.662,0.813,0.86,0.702,0.739,-0.222,-0.499,0.836,0.527,0.919,0.817
BCYC,0.194,0.536,0.136,0.653,0.596,0.773,0.25,-0.401,0.705,0.817,0.635,0.745,-0.104,-0.511,0.384,0.544,0.074,0.71,0.058,0.31,0.588,0.774,-0.651,0.53,0.591,0.0,0.504,0.021,-0.31,0.648,-0.549,0.424,0.671,0.288,-0.422,0.569,0.259,0.701,0.776,0.589,0.444,-0.566,-0.817,-0.239,-0.392,0.436,0.702,0.549,0.566,0.379,0.692,-0.27,0.459,0.74,0.468,0.474,-0.351,0.571,0.471,0.514,0.247,0.154,0.327,-0.253,0.593,0.717,0.355,0.621,-0.379,0.596,-0.039,0.756,0.628,-0.273,0.532,0.752,0.636,0.044,0.721,0.766,0.522,-0.44,-0.442,0.292,0.307,0.707,-0.73,0.504,-0.683,0.78,0.595,0.25,0.676,0.357,0.68,0.562,0.451,0.159,-0.517,0.667,0.53,0.712,0.744,0.606,0.526,0.714,-0.695,0.309,0.67,-0.128,0.808,0.214,0.761,-0.644,0.735,0.667,0.799,-0.164,0.424,0.626,0.128,0.349,0.76,-0.057,-0.271,0.747,-0.227,0.352,0.144,0.592,0.199,0.129,0.686,-0.684,-0.798,0.82,-0.176,0.369,-0.514,0.653,0.789,0.664,-0.776,0.486,-0.363,0.686,0.571,0.551,0.264,0.337,0.53,0.604,0.288,-0.682,0.746,0.161,0.065,0.113,0.564,0.54,0.69,0.574,0.406,0.671,0.491,-0.851,0.515,0.739,-0.817,0.551,-0.136,0.327,0.388,0.65,-0.801,0.162,-0.258,0.345,-0.204,0.296,0.652,0.558,0.633,0.753,0.608,-0.32,0.388,0.482,0.736,-0.002,0.394,0.53,0.362,0.471,-0.78,-0.06,0.545,0.41,0.681,0.228
BHFAP,0.703,0.756,0.767,0.711,0.889,0.802,0.778,-0.541,0.851,0.768,0.849,0.06,-0.076,-0.276,0.812,0.859,0.662,0.864,0.502,0.836,0.598,0.795,-0.659,0.876,0.88,0.504,0.0,0.674,0.45,0.87,-0.854,0.636,0.889,0.636,0.063,0.428,0.629,0.864,0.793,0.581,0.781,-0.1,-0.651,0.418,0.024,0.755,0.661,0.844,0.928,0.929,0.834,0.419,0.579,0.774,0.496,0.873,-0.266,0.856,0.518,0.836,0.852,0.68,0.923,0.449,0.893,0.819,0.781,0.891,0.339,0.709,0.455,0.838,0.926,-0.566,0.836,0.824,0.817,0.624,0.894,0.809,0.728,-0.152,-0.321,0.842,0.592,0.838,-0.318,0.964,-0.612,0.758,0.914,0.832,0.849,0.829,0.788,0.824,0.678,0.705,0.293,0.822,0.806,0.871,0.846,0.777,0.676,0.918,-0.143,0.649,0.849,0.568,0.841,0.429,0.862,-0.378,0.867,0.892,0.82,-0.304,0.815,0.905,0.261,0.48,0.723,0.003,0.529,0.858,0.305,0.728,0.684,0.831,0.763,0.591,0.721,-0.068,-0.626,0.759,0.456,0.594,0.06,0.899,0.827,0.852,-0.716,0.863,0.443,0.85,0.934,0.888,0.805,0.867,0.88,0.841,0.473,-0.27,0.83,0.687,0.559,0.709,0.951,0.93,0.901,0.918,0.854,0.888,0.595,-0.463,0.849,0.635,-0.692,0.89,0.478,0.81,0.844,0.835,-0.527,0.617,-0.047,0.474,0.391,0.765,0.765,-0.04,0.882,0.726,0.783,0.099,0.794,0.858,0.815,0.613,0.755,0.747,0.645,0.63,-0.132,-0.602,0.79,0.62,0.888,0.759
BKR,0.802,0.433,0.716,0.177,0.448,0.307,0.64,-0.421,0.375,0.224,0.571,-0.466,0.262,0.146,0.607,0.439,0.666,0.462,0.53,0.675,0.287,0.34,-0.168,0.57,0.551,0.021,0.674,0.0,0.815,0.575,-0.591,0.254,0.448,0.53,0.424,-0.129,0.512,0.425,0.311,0.418,0.538,0.516,-0.18,0.661,0.166,0.519,0.316,0.592,0.66,0.642,0.499,0.816,0.585,0.233,0.43,0.732,0.231,0.551,0.35,0.68,0.736,0.579,0.729,0.591,0.602,0.412,0.703,0.518,0.674,0.321,0.521,0.343,0.568,-0.428,0.703,0.305,0.458,0.675,0.453,0.453,0.492,0.231,0.03,0.709,0.354,0.369,0.354,0.728,-0.039,0.309,0.577,0.816,0.477,0.764,0.4,0.468,0.368,0.647,0.683,0.336,0.553,0.493,0.43,0.551,0.408,0.513,0.279,0.546,0.471,0.827,0.331,0.666,0.374,0.16,0.491,0.53,0.362,0.015,0.609,0.515,0.198,0.212,0.329,-0.025,0.676,0.409,0.542,0.575,0.722,0.445,0.771,0.531,0.393,0.362,-0.057,0.216,0.49,0.672,0.577,0.526,0.441,0.441,-0.176,0.764,0.794,0.436,0.69,0.618,0.757,0.784,0.565,0.581,0.386,0.174,0.42,0.699,0.705,0.715,0.648,0.585,0.51,0.518,0.6,0.439,0.057,0.102,0.537,0.17,-0.076,0.537,0.473,0.693,0.632,0.504,0.061,0.723,0.012,0.222,0.489,0.698,0.287,-0.398,0.446,0.247,0.56,0.251,0.425,0.534,0.462,0.769,0.631,0.596,0.449,0.477,0.344,-0.472,0.508,0.348,0.511,0.769
BLDP,0.561,0.22,0.595,-0.009,0.212,-0.024,0.514,-0.277,0.129,-0.096,0.276,-0.656,0.117,0.149,0.428,0.24,0.546,0.176,0.426,0.582,-0.063,0.013,0.072,0.413,0.306,-0.31,0.45,0.815,0.0,0.249,-0.289,0.317,0.226,0.521,0.357,-0.319,0.42,0.114,-0.069,0.049,0.253,0.562,0.195,0.696,0.446,0.379,-0.104,0.4,0.354,0.546,0.205,0.879,0.368,-0.013,0.225,0.438,0.149,0.345,0.054,0.484,0.599,0.651,0.617,0.689,0.339,0.219,0.614,0.295,0.861,0.163,0.648,0.034,0.304,-0.239,0.403,0.034,0.17,0.55,0.17,0.152,0.288,0.132,-0.11,0.595,0.231,0.125,0.527,0.484,0.258,-0.029,0.38,0.593,0.201,0.516,0.069,0.342,0.29,0.671,0.831,0.174,0.247,0.178,0.127,0.276,0.104,0.203,0.584,0.366,0.236,0.846,0.047,0.341,0.07,0.321,0.163,0.21,0.003,0.119,0.521,0.303,0.197,0.137,-0.112,0.278,0.822,0.113,0.67,0.274,0.698,0.251,0.606,0.473,0.125,0.726,0.197,-0.05,0.628,0.448,0.639,0.185,0.04,0.207,0.097,0.512,0.934,0.249,0.424,0.324,0.622,0.665,0.415,0.348,0.348,0.541,0.077,0.644,0.599,0.515,0.376,0.394,0.287,0.369,0.478,0.123,0.022,0.439,0.361,-0.098,0.26,0.382,0.663,0.487,0.528,0.196,0.428,0.669,0.175,0.265,0.586,0.509,0.079,-0.409,0.203,-0.002,0.276,0.571,0.317,0.458,0.096,0.795,0.452,0.262,0.48,0.388,0.642,-0.436,0.286,0.021,0.158,0.607
BLFS,0.709,0.851,0.617,0.712,0.834,0.872,0.79,-0.457,0.896,0.866,0.947,0.231,0.153,-0.24,0.865,0.856,0.695,0.928,0.562,0.798,0.806,0.885,-0.582,0.797,0.925,0.648,0.87,0.575,0.249,0.0,-0.806,0.558,0.904,0.553,-0.1,0.594,0.505,0.868,0.876,0.741,0.85,-0.184,-0.804,0.226,0.004,0.664,0.758,0.817,0.961,0.813,0.897,0.267,0.584,0.833,0.7,0.923,-0.216,0.831,0.749,0.731,0.813,0.557,0.779,0.401,0.932,0.828,0.661,0.886,0.185,0.809,0.298,0.888,0.925,-0.595,0.85,0.866,0.857,0.586,0.854,0.853,0.731,-0.184,-0.309,0.805,0.559,0.894,-0.471,0.907,-0.62,0.882,0.844,0.846,0.891,0.867,0.893,0.788,0.62,0.611,0.014,0.838,0.861,0.924,0.904,0.925,0.829,0.925,-0.375,0.743,0.882,0.381,0.895,0.613,0.903,-0.383,0.948,0.947,0.905,-0.209,0.638,0.914,0.33,0.58,0.85,-0.068,0.362,0.93,0.134,0.82,0.67,0.789,0.71,0.606,0.841,-0.356,-0.745,0.731,0.2,0.679,-0.164,0.936,0.887,0.871,-0.78,0.835,0.195,0.875,0.937,0.928,0.812,0.717,0.855,0.857,0.553,-0.495,0.937,0.66,0.625,0.7,0.943,0.856,0.863,0.834,0.846,0.923,0.603,-0.618,0.787,0.714,-0.771,0.786,0.279,0.818,0.739,0.857,-0.682,0.571,-0.074,0.424,0.348,0.817,0.827,-0.052,0.885,0.821,0.912,-0.165,0.751,0.759,0.916,0.578,0.793,0.86,0.583,0.669,-0.312,-0.512,0.807,0.503,0.946,0.819
BLKB,-0.587,-0.536,-0.655,-0.603,-0.763,-0.75,-0.511,0.695,-0.716,-0.677,-0.73,-0.109,0.094,0.377,-0.681,-0.708,-0.471,-0.727,-0.35,-0.62,-0.554,-0.682,0.743,-0.686,-0.72,-0.549,-0.854,-0.591,-0.289,-0.806,0.0,-0.461,-0.768,-0.401,-0.108,-0.406,-0.482,-0.745,-0.749,-0.525,-0.648,0.079,0.681,-0.362,0.238,-0.54,-0.569,-0.665,-0.833,-0.752,-0.711,-0.275,-0.652,-0.621,-0.336,-0.759,0.391,-0.653,-0.329,-0.823,-0.649,-0.456,-0.727,-0.188,-0.741,-0.754,-0.607,-0.696,-0.155,-0.511,-0.337,-0.702,-0.77,0.431,-0.695,-0.671,-0.644,-0.485,-0.821,-0.728,-0.511,0.113,0.209,-0.659,-0.346,-0.701,0.29,-0.836,0.678,-0.681,-0.773,-0.71,-0.679,-0.642,-0.665,-0.68,-0.424,-0.446,-0.129,-0.666,-0.603,-0.774,-0.705,-0.638,-0.537,-0.816,0.278,-0.482,-0.747,-0.396,-0.739,-0.358,-0.76,0.369,-0.841,-0.78,-0.742,0.352,-0.69,-0.734,0.105,-0.177,-0.748,0.122,-0.286,-0.806,-0.134,-0.655,-0.459,-0.634,-0.566,-0.427,-0.574,0.205,0.531,-0.715,-0.198,-0.583,0.034,-0.78,-0.793,-0.676,0.695,-0.747,-0.286,-0.719,-0.806,-0.839,-0.565,-0.741,-0.681,-0.672,-0.264,0.411,-0.765,-0.43,-0.29,-0.528,-0.829,-0.754,-0.757,-0.712,-0.598,-0.796,-0.493,0.52,-0.639,-0.598,0.696,-0.712,-0.225,-0.56,-0.621,-0.671,0.509,-0.432,0.029,-0.366,-0.156,-0.616,-0.578,-0.009,-0.737,-0.585,-0.616,0.004,-0.628,-0.71,-0.711,-0.456,-0.543,-0.593,-0.559,-0.397,0.277,0.63,-0.556,-0.539,-0.767,-0.574
