,ABAT,ACLS,ACMR,ADMA,ADUS,ADVM,AEIS,AGNCM,AHCO,ALGT,ALLO,AMSF,ANAB,ANDE,APLS,APPF,ASML,ATRC,AVGO,AVT,AXDX,AXSM,AZN,BANR,BBIO,BCYC,BHFAP,BKR,BLDP,BLFS,BLKB,BLMN,BNTX,BPMC,CALM,CAMT,CASH,CATY,CCEP,CDLX,CDNS,CENN,CENX,CGC,CHDN,CLBK,COKE,COLB,COO,CORT,CRMT,CRNX,CRTO,CRVL,CSCO,CSQ,CSWI,CVBF,CWST,CYCC,CZR,DLTR,DORM,ENTA,EQIX,ERIC,EVRG,EWBC,EXAS,EXLS,EXPI,EYE,FBNC,FBRX,FCNCA,FELE,FIBK,FLEX,FRGT,FRHC,FRME,FWONA,FWONK,GDEN,GIII,GILD,GLNG,GNTX,GOOGL,GRPN,HCSG,HIMX,HOPE,HST,HTLD,HUT,HWC,ICUI,IESC,INTC,INTU,IOVA,IPAR,IPGP,ISRG,JBSS,KALU,KPRX,KRNT,LAUR,LBRDA,LBTYK,LECO,LILAK,LITE,MANH,MDXG,MFIC,MGEE,MIDD,MLAB,MMSI,MNKD,MOMO,MRVL,NICE,NMFC,NUWE,NVCR,NWBI,OFIX,OFLX,OMCL,OPK,ORKA,ORLY,OTTR,PDD,PNTG,POOL,POWL,PPBI,PPC,PRAA,PRPL,PZZA,QTRX,QURE,RDFN,RDHL,REAL,REG,REYN,RGLD,RIOT,RUN,RYTM,SAIA,SBAC,SBRA,SCVL,SHOO,SLAB,SLDB,SMCI,SMTC,SRCE,SSP,SSRM,STBA,STRO,SVC,SYBT,TCBI,TCOM,TENX,TH,TMUS,TNDM,TTD,TTMI,UAL,ULH,ULTA,VCYT,VIRT,VKTX,VOD,VRDN,VREX,VRNT,VSAT,WB,WBD,WDC,WEN,WSFS,XXII,Z,ZBRA
ABAT,0.0,-0.79,-0.32,-0.775,-0.135,-0.315,-0.689,-0.754,-0.162,0.066,-0.484,-0.763,-0.79,0.706,0.056,-0.579,-0.72,0.182,-0.879,0.186,0.947,-0.534,0.833,0.807,0.568,0.191,-0.807,0.822,0.675,-0.676,-0.155,0.147,0.923,0.46,-0.094,-0.923,-0.531,0.266,-0.817,0.318,-0.928,0.913,0.065,0.019,0.682,0.082,0.784,0.631,-0.587,0.69,0.041,-0.407,-0.616,-0.075,-0.669,-0.787,-0.706,0.535,-0.831,0.773,0.003,0.816,-0.701,-0.336,-0.514,0.731,0.901,-0.199,0.902,-0.899,0.873,0.785,0.31,0.877,-0.51,-0.765,0.679,0.082,0.817,-0.441,0.324,-0.66,-0.722,-0.415,0.789,0.533,0.825,-0.646,-0.707,0.254,0.896,0.387,0.229,0.358,0.431,0.93,0.019,0.407,-0.872,0.271,-0.793,0.688,-0.303,0.773,-0.89,-0.846,-0.23,-0.288,0.354,-0.154,-0.279,-0.834,-0.798,-0.491,-0.828,-0.818,-0.447,-0.338,0.828,-0.532,0.86,-0.665,0.76,0.914,-0.866,-0.656,-0.269,0.615,-0.114,-0.207,-0.437,-0.466,0.45,-0.185,0.359,-0.947,-0.572,0.638,-0.686,-0.262,-0.231,0.305,0.683,0.022,-0.021,-0.84,0.84,0.957,0.756,0.84,0.021,0.839,-0.615,0.637,0.925,0.835,-0.351,-0.827,0.919,0.626,0.891,-0.737,-0.47,-0.526,-0.762,-0.186,-0.269,-0.395,0.897,-0.37,-0.561,0.733,-0.16,-0.167,0.635,0.799,-0.222,-0.098,0.912,-0.068,0.651,0.321,-0.552,-0.423,0.433,0.823,-0.754,0.357,0.777,0.449,-0.801,0.868,0.915,0.842,-0.858,0.251,-0.396,0.103,-0.297,0.307
ACLS,-0.79,0.0,0.221,0.712,0.372,0.355,0.927,0.508,0.369,0.337,0.352,0.836,0.716,-0.416,-0.115,0.455,0.794,-0.139,0.951,0.229,-0.893,0.653,-0.684,-0.566,-0.481,-0.273,0.71,-0.59,-0.316,0.603,0.514,0.208,-0.653,-0.084,0.292,0.888,0.622,0.218,0.687,-0.298,0.92,-0.655,0.128,0.113,-0.406,0.294,-0.809,-0.496,0.421,-0.588,0.388,0.258,0.686,0.155,0.803,0.725,0.402,-0.26,0.72,-0.643,0.214,-0.839,0.889,0.573,0.35,-0.749,-0.934,0.548,-0.654,0.907,-0.521,-0.89,0.195,-0.669,0.583,0.902,-0.295,0.049,-0.803,0.281,0.171,0.772,0.829,0.734,-0.582,-0.774,-0.61,0.414,0.757,-0.216,-0.644,0.034,0.223,-0.182,0.091,-0.871,0.426,0.019,0.81,-0.037,0.855,-0.661,0.222,-0.408,0.668,0.631,0.555,0.273,-0.11,0.33,0.56,0.762,0.887,0.58,0.865,0.656,0.475,0.525,-0.803,0.66,-0.553,0.685,-0.332,-0.858,0.836,0.683,0.528,-0.141,0.427,0.61,0.505,0.396,-0.115,0.275,-0.32,0.853,0.713,-0.489,0.653,0.367,0.077,0.04,-0.682,0.504,0.283,0.908,-0.484,-0.706,-0.361,-0.687,0.374,-0.564,0.385,-0.657,-0.713,-0.592,0.549,0.883,-0.729,-0.68,-0.663,0.676,0.849,0.306,0.8,0.678,0.656,0.608,-0.842,0.663,0.667,-0.481,0.43,0.364,-0.407,-0.729,0.474,0.096,-0.804,0.541,-0.314,-0.08,0.394,0.371,-0.229,-0.601,0.619,0.127,-0.882,-0.373,0.844,-0.608,-0.595,-0.443,0.931,-0.339,0.654,-0.222,0.508,0.172
ACMR,-0.32,0.221,0.0,0.344,0.297,-0.484,0.302,0.028,-0.349,-0.331,-0.208,-0.114,0.443,-0.647,0.491,-0.243,-0.122,0.261,0.335,0.347,-0.195,0.144,-0.154,0.054,0.422,0.38,0.014,-0.12,-0.366,0.437,0.093,-0.669,-0.205,-0.13,-0.394,0.294,0.126,0.136,-0.027,-0.606,0.337,-0.402,-0.182,-0.633,-0.193,0.158,-0.336,0.263,0.824,-0.049,-0.141,0.549,-0.204,-0.182,0.278,0.155,0.456,0.361,0.36,-0.15,0.346,-0.295,0.308,-0.328,-0.16,0.231,-0.245,-0.004,-0.31,0.449,-0.259,-0.122,-0.272,-0.172,-0.278,0.13,-0.01,-0.428,0.115,-0.198,0.155,-0.084,-0.017,0.17,-0.455,0.148,-0.283,-0.107,0.41,-0.565,-0.162,0.403,0.266,0.163,-0.103,-0.362,0.081,-0.04,0.242,0.529,0.239,0.064,0.244,-0.297,0.482,0.267,-0.285,-0.391,-0.673,0.108,-0.334,0.223,0.008,0.185,0.105,-0.006,0.678,0.124,-0.005,0.053,-0.297,0.629,-0.432,-0.098,0.527,0.568,0.192,-0.458,-0.076,-0.073,0.335,0.423,0.18,0.021,-0.234,0.199,-0.283,0.37,0.509,0.746,-0.464,0.409,0.094,0.069,-0.433,0.4,-0.316,-0.314,-0.384,-0.002,-0.398,-0.381,0.363,0.284,-0.433,-0.511,-0.321,0.385,-0.13,0.161,-0.364,0.226,0.282,0.66,-0.003,0.185,-0.048,-0.045,-0.15,-0.053,0.182,-0.24,-0.301,0.46,-0.435,-0.338,-0.517,0.393,-0.187,-0.048,0.187,-0.181,0.587,-0.288,0.153,-0.053,0.279,-0.38,0.004,0.425,0.138,-0.118,-0.316,-0.328,0.151,0.141,0.111,-0.027,-0.374,0.142
ADMA,-0.775,0.712,0.344,0.0,-0.043,0.542,0.768,0.789,0.32,0.201,0.591,0.704,0.886,-0.613,0.322,0.7,0.732,0.264,0.799,-0.147,-0.744,0.843,-0.497,-0.676,-0.282,0.219,0.847,-0.856,-0.347,0.859,0.268,0.087,-0.752,-0.228,0.133,0.846,0.638,-0.087,0.753,-0.016,0.838,-0.601,0.356,0.033,-0.688,-0.049,-0.587,-0.589,0.568,-0.701,0.072,0.704,0.685,0.207,0.615,0.908,0.637,-0.508,0.931,-0.348,0.032,-0.602,0.713,0.448,0.681,-0.657,-0.699,0.43,-0.665,0.768,-0.698,-0.538,-0.051,-0.779,0.659,0.752,-0.523,0.223,-0.679,0.553,-0.241,0.691,0.715,0.299,-0.499,-0.632,-0.561,0.707,0.719,0.08,-0.618,-0.208,-0.104,-0.204,-0.235,-0.745,0.16,-0.284,0.72,-0.299,0.863,-0.244,0.606,-0.514,0.864,0.733,0.417,0.347,-0.051,-0.023,0.389,0.917,0.766,0.691,0.839,0.77,0.475,0.59,-0.786,0.707,-0.488,0.852,-0.587,-0.785,0.818,0.827,0.469,-0.471,0.453,0.398,0.772,0.403,-0.149,0.402,-0.132,0.767,0.69,-0.601,0.651,0.396,0.248,-0.161,-0.467,0.129,0.268,0.753,-0.533,-0.685,-0.366,-0.784,0.207,-0.64,0.813,-0.335,-0.649,-0.554,0.488,0.869,-0.798,-0.47,-0.627,0.876,0.554,0.628,0.833,0.343,0.377,0.454,-0.808,0.567,0.605,-0.523,0.338,0.247,-0.434,-0.444,0.29,-0.047,-0.76,0.359,-0.502,0.095,0.698,0.686,0.006,-0.78,0.948,-0.17,-0.536,-0.243,0.86,-0.74,-0.752,-0.678,0.766,0.168,0.558,0.108,0.56,-0.044
ADUS,-0.135,0.372,0.297,-0.043,0.0,-0.431,0.338,-0.3,-0.142,-0.127,-0.29,0.019,0.092,-0.009,-0.169,-0.39,-0.149,-0.19,0.236,0.615,-0.219,-0.11,-0.22,0.202,0.199,-0.139,-0.262,0.289,-0.245,0.018,0.272,-0.104,0.077,0.223,-0.224,0.13,0.048,0.439,-0.167,-0.439,0.223,-0.241,-0.405,-0.264,0.432,0.424,-0.388,0.419,0.317,0.319,0.477,-0.267,-0.209,0.103,0.275,-0.188,0.106,0.576,-0.034,-0.208,0.732,-0.31,0.325,-0.016,-0.48,0.124,-0.314,-0.027,-0.065,0.373,0.182,-0.225,0.228,0.118,-0.198,0.212,0.38,-0.391,-0.105,-0.323,0.621,-0.151,-0.069,0.686,-0.191,-0.026,-0.258,-0.278,0.149,-0.653,0.064,0.458,0.508,0.461,0.485,-0.275,0.362,0.489,0.308,0.524,0.009,-0.239,-0.212,0.086,-0.041,-0.055,-0.083,-0.304,-0.238,0.38,0.13,-0.098,0.103,0.079,0.038,-0.135,0.61,-0.106,0.151,0.046,-0.057,0.218,0.126,-0.083,0.231,0.066,0.126,0.249,0.205,0.086,-0.087,0.331,0.127,0.043,-0.31,0.181,-0.087,0.257,0.419,0.593,-0.431,0.527,0.106,0.424,-0.38,0.358,-0.029,-0.092,-0.029,0.225,0.019,-0.112,-0.153,-0.173,-0.185,-0.243,-0.115,0.219,0.087,-0.06,-0.105,-0.083,0.408,0.017,-0.123,0.528,0.284,-0.085,-0.018,0.075,0.079,0.203,-0.02,0.522,-0.386,-0.472,-0.21,0.686,0.026,0.163,0.389,-0.304,-0.178,-0.495,0.09,0.297,-0.179,0.154,-0.229,0.189,-0.007,0.251,0.013,0.137,0.156,-0.246,0.221,-0.274,-0.155,0.387
ADVM,-0.315,0.355,-0.484,0.542,-0.431,0.0,0.415,0.625,0.649,0.571,0.74,0.651,0.379,0.052,-0.051,0.839,0.762,0.081,0.388,-0.387,-0.375,0.645,-0.114,-0.558,-0.522,-0.06,0.728,-0.632,0.142,0.385,0.238,0.696,-0.43,0.024,0.482,0.439,0.459,-0.13,0.659,0.573,0.386,-0.081,0.603,0.539,-0.463,-0.174,-0.102,-0.761,-0.189,-0.652,0.223,0.24,0.826,0.353,0.297,0.697,0.106,-0.76,0.506,-0.079,-0.325,-0.163,0.338,0.666,0.783,-0.737,-0.311,0.464,-0.203,0.218,-0.318,-0.281,0.265,-0.485,0.809,0.496,-0.387,0.677,-0.567,0.614,-0.325,0.679,0.621,0.007,0.055,-0.679,-0.081,0.676,0.315,0.705,-0.293,-0.415,-0.253,-0.387,-0.12,-0.236,0.112,-0.267,0.334,-0.689,0.575,-0.155,0.417,-0.114,0.358,0.365,0.674,0.661,0.6,-0.169,0.631,0.604,0.625,0.456,0.629,0.63,-0.277,0.467,-0.67,0.627,-0.076,0.238,-0.039,-0.534,0.234,0.31,0.229,-0.026,0.515,0.458,0.501,-0.063,-0.177,0.336,0.187,0.409,0.85,-0.754,-0.011,-0.311,0.595,-0.442,-0.532,0.099,0.737,0.249,-0.085,-0.233,0.121,-0.658,0.568,-0.111,0.419,-0.417,-0.1,0.068,0.767,0.414,-0.529,-0.489,-0.123,0.556,0.253,-0.042,0.752,0.163,0.393,0.506,-0.524,0.565,0.447,-0.211,0.588,-0.178,0.137,0.067,0.729,-0.486,-0.452,0.46,-0.529,0.404,0.216,0.898,-0.082,-0.639,0.582,0.209,-0.365,-0.484,0.642,-0.491,-0.298,-0.233,0.505,0.137,0.407,0.026,0.854,-0.052
AEIS,-0.689,0.927,0.302,0.768,0.338,0.415,0.0,0.467,0.493,0.435,0.424,0.775,0.749,-0.335,0.023,0.481,0.754,0.119,0.916,0.327,-0.768,0.724,-0.458,-0.451,-0.303,-0.115,0.689,-0.565,-0.202,0.667,0.631,0.269,-0.557,0.1,0.262,0.829,0.71,0.356,0.662,-0.146,0.875,-0.525,0.267,0.063,-0.369,0.343,-0.684,-0.43,0.496,-0.617,0.503,0.372,0.714,0.288,0.817,0.771,0.457,-0.186,0.779,-0.469,0.276,-0.753,0.909,0.52,0.443,-0.667,-0.818,0.651,-0.499,0.861,-0.415,-0.717,0.343,-0.613,0.623,0.902,-0.151,0.207,-0.7,0.291,0.268,0.738,0.774,0.673,-0.405,-0.787,-0.454,0.434,0.775,-0.082,-0.459,0.189,0.316,-0.08,0.185,-0.777,0.533,0.055,0.76,-0.01,0.883,-0.458,0.4,-0.253,0.678,0.598,0.637,0.237,0.048,0.282,0.609,0.772,0.865,0.713,0.85,0.618,0.489,0.643,-0.739,0.822,-0.384,0.802,-0.221,-0.782,0.817,0.78,0.605,-0.118,0.53,0.682,0.646,0.465,0.011,0.309,-0.23,0.762,0.725,-0.427,0.643,0.489,0.049,0.164,-0.601,0.581,0.334,0.845,-0.362,-0.569,-0.18,-0.641,0.435,-0.416,0.498,-0.455,-0.603,-0.441,0.571,0.915,-0.647,-0.506,-0.495,0.742,0.864,0.339,0.812,0.757,0.749,0.619,-0.751,0.755,0.716,-0.293,0.535,0.501,-0.365,-0.535,0.45,0.08,-0.713,0.689,-0.155,0.078,0.535,0.457,-0.047,-0.563,0.676,0.179,-0.745,-0.179,0.868,-0.494,-0.509,-0.36,0.873,-0.13,0.778,-0.182,0.611,0.334
AGNCM,-0.754,0.508,0.028,0.789,-0.3,0.625,0.467,0.0,0.227,0.086,0.661,0.682,0.699,-0.549,0.169,0.745,0.716,0.092,0.62,-0.564,-0.681,0.673,-0.537,-0.825,-0.559,0.086,0.851,-0.888,-0.375,0.689,-0.062,0.069,-0.778,-0.481,0.157,0.72,0.358,-0.479,0.803,0.099,0.683,-0.601,0.233,0.176,-0.756,-0.407,-0.404,-0.758,0.33,-0.694,-0.172,0.541,0.66,0.159,0.329,0.811,0.565,-0.812,0.784,-0.365,-0.251,-0.478,0.403,0.434,0.738,-0.755,-0.56,0.151,-0.706,0.542,-0.791,-0.471,-0.319,-0.818,0.637,0.543,-0.797,0.339,-0.678,0.547,-0.586,0.632,0.631,0.065,-0.557,-0.507,-0.564,0.748,0.454,0.215,-0.74,-0.57,-0.493,-0.428,-0.519,-0.644,-0.211,-0.541,0.611,-0.505,0.667,-0.299,0.513,-0.611,0.749,0.653,0.273,0.587,-0.038,-0.185,0.298,0.799,0.647,0.419,0.719,0.856,0.095,0.323,-0.767,0.496,-0.57,0.523,-0.676,-0.732,0.619,0.545,0.11,-0.519,0.236,0.115,0.552,0.196,-0.405,0.385,-0.164,0.7,0.651,-0.729,0.337,-0.044,0.58,-0.559,-0.538,-0.212,0.298,0.521,-0.583,-0.719,-0.471,-0.82,0.029,-0.648,0.658,-0.443,-0.606,-0.495,0.502,0.653,-0.8,-0.546,-0.634,0.684,0.233,0.416,0.781,-0.038,0.108,0.316,-0.754,0.283,0.36,-0.64,0.137,-0.176,-0.328,-0.363,0.356,-0.221,-0.695,0.04,-0.725,0.002,0.518,0.714,-0.194,-0.834,0.812,-0.325,-0.478,-0.413,0.694,-0.855,-0.762,-0.727,0.63,0.098,0.233,0.16,0.5,-0.433
AHCO,-0.162,0.369,-0.349,0.32,-0.142,0.649,0.493,0.227,0.0,0.654,0.568,0.618,0.258,0.303,-0.315,0.574,0.572,0.129,0.348,0.032,-0.268,0.399,0.028,-0.296,-0.377,-0.326,0.476,-0.258,0.216,0.135,0.548,0.69,-0.179,0.275,0.596,0.288,0.573,0.257,0.479,0.489,0.298,0.057,0.484,0.282,-0.107,0.187,-0.144,-0.449,-0.152,-0.58,0.529,-0.01,0.726,0.482,0.359,0.455,0.084,-0.34,0.375,-0.146,-0.078,-0.286,0.488,0.478,0.508,-0.526,-0.288,0.543,0.082,0.238,-0.001,-0.239,0.533,-0.33,0.673,0.572,-0.013,0.661,-0.486,0.325,0.127,0.556,0.521,0.174,0.189,-0.699,0.051,0.449,0.223,0.471,-0.01,-0.004,0.095,-0.214,0.253,-0.192,0.391,0.086,0.327,-0.427,0.466,-0.221,0.389,0.112,0.196,0.252,0.767,0.433,0.697,0.236,0.695,0.383,0.599,0.563,0.474,0.424,-0.171,0.502,-0.477,0.769,0.082,0.193,0.26,-0.389,0.133,0.205,0.435,0.175,0.427,0.616,0.343,0.103,-0.022,0.091,0.047,0.307,0.694,-0.432,0.05,-0.066,0.441,-0.111,-0.535,0.481,0.62,0.244,0.027,-0.04,0.295,-0.433,0.605,0.175,0.295,-0.229,-0.051,0.257,0.574,0.393,-0.285,-0.214,0.105,0.406,0.371,-0.314,0.59,0.423,0.635,0.551,-0.302,0.623,0.533,0.145,0.686,0.106,0.192,0.085,0.698,-0.323,-0.313,0.697,-0.098,0.342,0.26,0.6,-0.148,-0.38,0.34,0.414,-0.414,-0.191,0.558,-0.113,-0.017,0.03,0.449,-0.089,0.545,-0.281,0.794,0.247
ALGT,0.066,0.337,-0.331,0.201,-0.127,0.571,0.435,0.086,0.654,0.0,0.226,0.39,0.152,0.302,-0.012,0.357,0.549,0.209,0.271,0.276,-0.077,0.542,0.264,0.007,-0.175,-0.044,0.352,-0.09,0.526,0.173,0.66,0.737,0.064,0.409,0.636,0.161,0.436,0.527,0.243,0.239,0.142,0.287,0.698,0.398,-0.072,0.454,-0.108,-0.399,-0.334,-0.306,0.591,0.102,0.588,0.004,0.396,0.375,-0.39,-0.155,0.168,0.19,-0.043,-0.034,0.435,0.664,0.263,-0.375,-0.162,0.792,0.173,0.083,0.243,-0.209,0.666,-0.0,0.49,0.402,0.224,0.524,-0.201,0.224,0.328,0.583,0.524,0.324,0.373,-0.614,0.367,0.202,0.313,0.577,0.194,0.333,0.457,0.006,0.528,0.022,0.641,0.356,-0.004,-0.138,0.435,0.014,0.134,0.464,-0.037,-0.047,0.85,0.28,0.527,0.099,0.588,0.284,0.418,0.448,0.419,0.078,-0.177,0.688,-0.381,0.491,0.323,0.094,0.436,-0.186,0.083,0.335,0.596,0.431,0.511,0.824,0.493,-0.174,0.505,0.109,0.342,0.04,0.578,-0.12,-0.103,-0.132,0.069,0.245,-0.303,0.691,0.847,0.178,0.421,0.215,0.551,-0.286,0.848,0.397,-0.005,-0.137,0.224,0.366,0.67,0.231,-0.049,-0.367,0.272,0.356,0.6,-0.163,0.452,0.613,0.659,0.751,-0.205,0.677,0.356,0.187,0.71,0.135,0.536,0.179,0.645,-0.425,-0.123,0.783,0.103,0.78,0.053,0.524,0.28,-0.178,0.098,0.739,-0.214,-0.041,0.444,-0.021,0.209,0.369,0.353,0.097,0.584,-0.174,0.717,0.634
ALLO,-0.484,0.352,-0.208,0.591,-0.29,0.74,0.424,0.661,0.568,0.226,0.0,0.654,0.52,-0.1,-0.024,0.78,0.658,0.09,0.444,-0.39,-0.452,0.496,-0.26,-0.627,-0.484,-0.04,0.704,-0.67,-0.116,0.42,0.298,0.359,-0.586,-0.009,0.205,0.483,0.532,-0.285,0.754,0.489,0.492,-0.305,0.389,0.365,-0.47,-0.248,-0.15,-0.681,0.079,-0.674,0.016,0.371,0.766,0.468,0.332,0.693,0.445,-0.735,0.67,-0.352,-0.298,-0.31,0.393,0.348,0.804,-0.639,-0.382,0.24,-0.402,0.381,-0.502,-0.299,-0.012,-0.637,0.71,0.562,-0.503,0.535,-0.558,0.559,-0.428,0.617,0.59,-0.061,-0.11,-0.555,-0.26,0.649,0.354,0.399,-0.378,-0.48,-0.412,-0.529,-0.324,-0.372,-0.05,-0.451,0.486,-0.687,0.569,-0.287,0.579,-0.386,0.537,0.624,0.5,0.518,0.408,-0.053,0.516,0.601,0.605,0.526,0.578,0.727,-0.1,0.319,-0.626,0.658,-0.289,0.344,-0.232,-0.567,0.295,0.32,0.167,-0.22,0.277,0.274,0.433,0.057,-0.333,0.425,-0.012,0.555,0.726,-0.715,0.031,-0.176,0.606,-0.522,-0.606,-0.082,0.418,0.383,-0.33,-0.398,-0.172,-0.642,0.192,-0.277,0.618,-0.336,-0.331,-0.075,0.618,0.473,-0.613,-0.235,-0.276,0.54,0.132,0.097,0.69,-0.009,0.265,0.344,-0.54,0.418,0.622,-0.286,0.41,-0.155,-0.164,-0.037,0.599,-0.358,-0.585,0.281,-0.517,0.074,0.446,0.781,-0.251,-0.722,0.645,-0.105,-0.402,-0.337,0.64,-0.525,-0.452,-0.488,0.525,0.061,0.352,0.022,0.642,-0.272
AMSF,-0.763,0.836,-0.114,0.704,0.019,0.651,0.775,0.682,0.618,0.39,0.654,0.0,0.665,-0.228,-0.283,0.76,0.902,-0.143,0.828,-0.161,-0.854,0.624,-0.621,-0.781,-0.73,-0.387,0.873,-0.72,-0.279,0.499,0.423,0.415,-0.744,-0.155,0.478,0.819,0.685,-0.028,0.871,0.098,0.841,-0.568,0.244,0.296,-0.539,0.058,-0.645,-0.746,0.17,-0.8,0.294,0.2,0.893,0.348,0.68,0.805,0.426,-0.622,0.75,-0.641,-0.089,-0.732,0.767,0.594,0.651,-0.914,-0.831,0.494,-0.597,0.755,-0.605,-0.775,0.149,-0.789,0.831,0.893,-0.484,0.324,-0.899,0.523,-0.133,0.857,0.876,0.447,-0.433,-0.871,-0.55,0.667,0.598,0.107,-0.67,-0.34,-0.112,-0.444,-0.106,-0.766,0.245,-0.21,0.794,-0.495,0.834,-0.701,0.323,-0.498,0.668,0.73,0.671,0.495,0.195,0.242,0.696,0.814,0.951,0.597,0.878,0.86,0.103,0.537,-0.903,0.772,-0.528,0.498,-0.333,-0.892,0.637,0.501,0.463,-0.21,0.344,0.574,0.466,0.276,-0.329,0.269,-0.206,0.869,0.89,-0.778,0.426,0.032,0.484,-0.331,-0.84,0.308,0.455,0.737,-0.516,-0.692,-0.333,-0.838,0.422,-0.483,0.494,-0.717,-0.637,-0.402,0.659,0.807,-0.82,-0.639,-0.568,0.705,0.596,0.136,0.909,0.402,0.616,0.624,-0.864,0.671,0.704,-0.456,0.564,0.08,-0.302,-0.514,0.682,-0.195,-0.851,0.475,-0.572,-0.036,0.425,0.652,-0.421,-0.794,0.699,0.095,-0.867,-0.564,0.885,-0.687,-0.617,-0.522,0.905,-0.344,0.589,-0.212,0.722,-0.104
ANAB,-0.79,0.716,0.443,0.886,0.092,0.379,0.749,0.699,0.258,0.152,0.52,0.665,0.0,-0.667,0.287,0.559,0.672,0.166,0.813,-0.069,-0.743,0.735,-0.525,-0.624,-0.27,0.136,0.767,-0.777,-0.43,0.81,0.31,-0.048,-0.756,-0.262,0.083,0.815,0.564,-0.083,0.699,-0.183,0.836,-0.67,0.247,-0.099,-0.623,-0.008,-0.63,-0.51,0.66,-0.669,0.084,0.652,0.611,0.149,0.616,0.828,0.652,-0.414,0.892,-0.42,0.083,-0.654,0.719,0.414,0.536,-0.599,-0.729,0.369,-0.685,0.819,-0.703,-0.588,-0.139,-0.746,0.522,0.723,-0.501,0.122,-0.639,0.418,-0.176,0.65,0.689,0.394,-0.569,-0.55,-0.582,0.592,0.702,-0.085,-0.619,-0.12,-0.061,-0.217,-0.227,-0.777,0.15,-0.274,0.744,-0.165,0.812,-0.314,0.574,-0.551,0.86,0.732,0.334,0.26,-0.207,0.009,0.301,0.838,0.722,0.671,0.78,0.708,0.564,0.497,-0.732,0.64,-0.561,0.841,-0.591,-0.762,0.84,0.827,0.426,-0.481,0.386,0.339,0.701,0.365,-0.154,0.335,-0.244,0.77,0.592,-0.457,0.643,0.429,0.166,-0.12,-0.474,0.143,0.178,0.785,-0.58,-0.71,-0.449,-0.728,0.09,-0.643,0.769,-0.324,-0.714,-0.623,0.441,0.845,-0.756,-0.458,-0.631,0.783,0.571,0.626,0.758,0.36,0.352,0.43,-0.766,0.473,0.608,-0.566,0.224,0.291,-0.458,-0.535,0.228,0.065,-0.755,0.316,-0.445,0.034,0.717,0.521,-0.075,-0.724,0.843,-0.217,-0.534,-0.167,0.814,-0.708,-0.743,-0.675,0.746,0.096,0.499,-0.027,0.413,-0.031
ANDE,0.706,-0.416,-0.647,-0.613,-0.009,0.052,-0.335,-0.549,0.303,0.302,-0.1,-0.228,-0.667,0.0,-0.396,-0.22,-0.312,-0.012,-0.566,0.169,0.567,-0.4,0.59,0.478,0.085,-0.247,-0.486,0.638,0.586,-0.694,0.16,0.597,0.679,0.569,0.246,-0.636,-0.177,0.349,-0.415,0.579,-0.61,0.72,0.076,0.262,0.687,0.19,0.541,0.301,-0.703,0.375,0.416,-0.644,-0.145,0.336,-0.348,-0.529,-0.546,0.27,-0.617,0.415,0.022,0.463,-0.386,-0.026,-0.205,0.256,0.542,0.012,0.775,-0.614,0.756,0.439,0.607,0.585,-0.024,-0.295,0.616,0.351,0.318,-0.218,0.405,-0.293,-0.355,-0.137,0.762,0.054,0.626,-0.363,-0.561,0.324,0.689,0.19,0.174,0.171,0.575,0.642,0.212,0.423,-0.451,-0.068,-0.49,0.206,-0.277,0.682,-0.743,-0.573,0.184,-0.024,0.729,0.057,0.231,-0.586,-0.298,-0.241,-0.47,-0.416,-0.589,-0.146,0.475,-0.086,0.697,-0.621,0.84,0.489,-0.759,-0.655,-0.104,0.717,0.003,0.113,-0.413,-0.33,0.155,-0.109,0.258,-0.557,-0.049,0.172,-0.609,-0.362,0.107,0.099,0.214,0.264,0.195,-0.568,0.683,0.717,0.739,0.499,0.366,0.793,-0.517,0.15,0.736,0.834,0.016,-0.538,0.61,0.351,0.816,-0.537,-0.253,-0.756,-0.356,0.058,0.202,-0.133,0.568,-0.011,-0.218,0.766,0.3,-0.127,0.484,0.603,0.242,-0.145,0.575,0.236,0.471,0.22,-0.543,-0.145,0.067,0.535,-0.579,0.56,0.288,0.082,-0.438,0.719,0.767,0.768,-0.453,-0.068,-0.072,-0.18,0.157,0.28
APLS,0.056,-0.115,0.491,0.322,-0.169,-0.051,0.023,0.169,-0.315,-0.012,-0.024,-0.283,0.287,-0.396,0.0,-0.088,-0.114,0.534,-0.023,0.049,0.194,0.4,0.271,0.192,0.526,0.869,0.016,-0.15,0.157,0.504,-0.101,-0.279,0.048,0.107,-0.312,-0.016,-0.073,0.043,-0.101,-0.117,-0.025,0.101,0.334,-0.192,-0.245,-0.068,0.154,0.108,0.319,0.104,-0.244,0.722,-0.156,-0.238,-0.046,0.165,0.065,0.096,0.225,0.457,0.006,0.193,-0.073,-0.061,0.085,0.229,0.199,0.108,-0.033,-0.042,-0.064,0.221,-0.149,0.073,-0.167,-0.19,0.029,-0.022,0.354,-0.007,-0.07,-0.052,-0.082,-0.21,0.011,0.198,0.204,-0.083,0.162,0.095,0.124,0.229,0.079,0.216,-0.065,0.096,0.032,-0.061,-0.223,0.28,0.076,0.633,0.344,0.046,0.135,-0.056,-0.136,-0.186,-0.232,-0.402,-0.353,0.136,-0.217,0.078,-0.044,-0.119,0.328,0.207,0.106,-0.126,0.215,0.383,-0.151,0.177,0.191,0.455,0.137,-0.149,0.153,-0.045,0.518,0.012,0.415,0.339,0.179,-0.188,-0.184,0.272,0.068,0.26,-0.253,0.258,0.384,-0.122,0.004,0.004,0.151,0.133,0.127,0.079,-0.143,-0.068,0.276,0.479,0.101,-0.042,0.056,0.049,0.072,0.166,0.005,0.164,0.064,0.594,-0.037,-0.003,-0.162,-0.078,0.06,-0.048,-0.069,-0.113,-0.195,0.114,0.027,0.245,-0.319,-0.076,0.118,-0.001,0.134,0.336,0.327,0.127,0.669,0.042,0.268,-0.15,0.452,0.463,-0.005,-0.069,-0.046,-0.071,-0.156,0.627,0.059,0.421,-0.111,0.199
APPF,-0.579,0.455,-0.243,0.7,-0.39,0.839,0.481,0.745,0.574,0.357,0.78,0.76,0.559,-0.22,-0.088,0.0,0.822,0.013,0.56,-0.412,-0.598,0.62,-0.343,-0.748,-0.576,-0.08,0.884,-0.785,-0.193,0.526,0.25,0.419,-0.722,-0.143,0.403,0.641,0.669,-0.211,0.844,0.368,0.607,-0.364,0.508,0.342,-0.686,-0.112,-0.368,-0.853,0.016,-0.836,0.057,0.388,0.868,0.226,0.51,0.826,0.341,-0.809,0.73,-0.358,-0.348,-0.346,0.522,0.512,0.849,-0.777,-0.533,0.431,-0.481,0.472,-0.622,-0.388,0.038,-0.673,0.884,0.642,-0.551,0.42,-0.682,0.873,-0.478,0.752,0.73,0.024,-0.174,-0.681,-0.284,0.917,0.555,0.543,-0.528,-0.561,-0.292,-0.442,-0.356,-0.452,0.076,-0.401,0.542,-0.836,0.742,-0.359,0.434,-0.42,0.629,0.68,0.624,0.519,0.33,-0.05,0.625,0.824,0.756,0.637,0.765,0.747,-0.089,0.565,-0.812,0.696,-0.357,0.362,-0.381,-0.71,0.428,0.451,0.368,-0.329,0.337,0.437,0.556,0.196,-0.261,0.271,0.228,0.652,0.817,-0.842,0.224,-0.176,0.49,-0.449,-0.653,-0.008,0.555,0.449,-0.403,-0.505,-0.235,-0.836,0.41,-0.361,0.63,-0.502,-0.405,-0.223,0.621,0.567,-0.774,-0.477,-0.399,0.747,0.256,0.221,0.826,0.051,0.374,0.574,-0.733,0.634,0.605,-0.372,0.591,-0.079,-0.126,-0.189,0.59,-0.401,-0.705,0.314,-0.711,0.184,0.421,0.908,-0.242,-0.864,0.727,0.062,-0.507,-0.53,0.801,-0.69,-0.611,-0.556,0.677,0.07,0.48,0.032,0.779,-0.227
ASML,-0.72,0.794,-0.122,0.732,-0.149,0.762,0.754,0.716,0.572,0.549,0.658,0.902,0.672,-0.312,-0.114,0.822,0.0,-0.097,0.835,-0.141,-0.792,0.763,-0.51,-0.721,-0.67,-0.243,0.931,-0.785,-0.159,0.595,0.467,0.449,-0.748,-0.121,0.506,0.831,0.68,-0.012,0.876,0.063,0.806,-0.507,0.47,0.388,-0.659,0.088,-0.603,-0.873,0.12,-0.836,0.235,0.366,0.953,0.115,0.722,0.901,0.268,-0.7,0.757,-0.517,-0.208,-0.617,0.755,0.701,0.699,-0.913,-0.786,0.633,-0.611,0.696,-0.599,-0.757,0.145,-0.738,0.81,0.842,-0.501,0.346,-0.797,0.607,-0.21,0.947,0.941,0.404,-0.358,-0.842,-0.403,0.702,0.73,0.313,-0.642,-0.298,-0.047,-0.465,-0.154,-0.677,0.287,-0.252,0.665,-0.502,0.91,-0.576,0.338,-0.395,0.681,0.68,0.751,0.528,0.174,0.098,0.651,0.867,0.914,0.635,0.936,0.772,0.06,0.652,-0.956,0.723,-0.478,0.491,-0.323,-0.861,0.663,0.634,0.504,-0.213,0.408,0.656,0.618,0.166,-0.152,0.291,0.001,0.79,0.902,-0.727,0.338,-0.076,0.375,-0.277,-0.83,0.301,0.66,0.721,-0.401,-0.631,-0.273,-0.883,0.523,-0.421,0.478,-0.661,-0.553,-0.373,0.798,0.748,-0.82,-0.74,-0.54,0.779,0.645,0.219,0.945,0.401,0.584,0.775,-0.877,0.727,0.718,-0.522,0.598,0.051,-0.106,-0.438,0.731,-0.348,-0.84,0.521,-0.607,0.211,0.423,0.789,-0.283,-0.854,0.699,0.168,-0.769,-0.561,0.928,-0.764,-0.607,-0.488,0.904,-0.163,0.618,-0.128,0.766,0.007
ATRC,0.182,-0.139,0.261,0.264,-0.19,0.081,0.119,0.092,0.129,0.209,0.09,-0.143,0.166,-0.012,0.534,0.013,-0.097,0.0,-0.087,0.057,0.288,0.339,0.466,0.225,0.431,0.575,0.01,-0.062,0.303,0.255,0.105,0.005,0.266,0.159,-0.128,-0.153,0.094,0.243,-0.095,0.303,-0.096,0.304,0.306,-0.071,-0.021,-0.023,0.287,0.174,0.251,0.017,0.103,0.396,-0.018,0.17,-0.124,0.152,0.108,0.124,0.195,0.51,0.073,0.168,-0.025,-0.018,0.178,0.186,0.274,0.234,0.267,-0.126,0.165,0.382,0.213,0.047,0.063,-0.082,0.184,0.361,0.224,-0.028,0.149,-0.049,-0.103,-0.183,0.261,-0.069,0.234,0.04,-0.052,0.282,0.307,0.354,0.162,0.33,0.187,0.188,0.189,0.082,-0.193,0.155,0.049,0.61,0.512,0.268,0.061,-0.106,0.09,-0.056,0.222,-0.201,-0.062,0.049,-0.13,0.186,-0.037,-0.03,0.142,0.282,0.11,0.234,0.358,0.389,0.073,0.192,0.044,0.319,0.182,0.018,0.216,0.089,0.352,0.088,0.359,0.212,0.076,-0.251,-0.011,0.157,0.075,0.31,0.057,0.251,0.299,0.119,0.116,-0.19,0.259,0.276,0.397,0.068,0.064,0.203,0.171,0.499,0.223,0.268,0.004,0.096,0.16,0.324,0.311,0.188,0.068,0.241,0.044,0.151,0.11,0.034,0.144,0.127,-0.107,0.281,0.053,0.259,0.066,0.449,-0.172,-0.061,0.219,0.302,0.318,0.432,0.422,0.202,0.619,0.081,0.228,-0.014,0.348,0.527,0.046,0.138,0.128,0.125,-0.154,0.538,0.201,0.228,0.194,0.262
AVGO,-0.879,0.951,0.335,0.799,0.236,0.388,0.916,0.62,0.348,0.271,0.444,0.828,0.813,-0.566,-0.023,0.56,0.835,-0.087,0.0,0.129,-0.923,0.687,-0.681,-0.648,-0.48,-0.196,0.81,-0.72,-0.425,0.717,0.476,0.074,-0.789,-0.169,0.249,0.955,0.673,0.102,0.799,-0.315,0.977,-0.752,0.16,0.032,-0.581,0.196,-0.819,-0.596,0.538,-0.723,0.249,0.417,0.736,0.092,0.838,0.84,0.523,-0.373,0.845,-0.677,0.115,-0.848,0.897,0.481,0.476,-0.764,-0.946,0.526,-0.756,0.951,-0.676,-0.857,0.041,-0.77,0.598,0.904,-0.424,0.046,-0.788,0.379,-0.0,0.797,0.85,0.612,-0.647,-0.718,-0.636,0.539,0.852,-0.158,-0.722,-0.049,0.122,-0.265,-0.119,-0.913,0.327,-0.156,0.847,-0.121,0.933,-0.643,0.332,-0.532,0.824,0.754,0.523,0.274,-0.194,0.263,0.499,0.87,0.906,0.652,0.915,0.723,0.464,0.567,-0.868,0.709,-0.656,0.756,-0.496,-0.905,0.919,0.792,0.524,-0.361,0.362,0.547,0.598,0.471,-0.152,0.261,-0.272,0.91,0.693,-0.522,0.661,0.36,0.087,-0.029,-0.736,0.362,0.274,0.922,-0.605,-0.802,-0.492,-0.789,0.263,-0.639,0.541,-0.601,-0.811,-0.685,0.541,0.924,-0.832,-0.645,-0.752,0.776,0.78,0.447,0.858,0.551,0.58,0.626,-0.902,0.64,0.719,-0.571,0.391,0.354,-0.45,-0.726,0.408,0.035,-0.885,0.448,-0.419,-0.082,0.554,0.463,-0.266,-0.745,0.724,-0.018,-0.842,-0.347,0.912,-0.739,-0.736,-0.607,0.955,-0.232,0.634,-0.18,0.492,0.077
AVT,0.186,0.229,0.347,-0.147,0.615,-0.387,0.327,-0.564,0.032,0.276,-0.39,-0.161,-0.069,0.169,0.049,-0.412,-0.141,0.057,0.129,0.0,0.079,-0.051,0.219,0.573,0.484,0.045,-0.328,0.451,0.169,-0.059,0.59,0.022,0.346,0.598,-0.029,-0.033,0.203,0.845,-0.305,-0.376,0.011,0.147,0.039,-0.257,0.459,0.799,-0.194,0.424,0.129,0.28,0.542,-0.105,-0.157,-0.126,0.401,-0.19,-0.242,0.747,-0.127,0.048,0.566,-0.1,0.339,-0.034,-0.472,0.305,-0.089,0.419,0.25,0.166,0.453,-0.074,0.562,0.409,-0.208,0.13,0.737,-0.292,0.215,-0.284,0.836,-0.065,-0.031,0.519,0.21,-0.006,0.28,-0.415,0.302,-0.284,0.41,0.809,0.871,0.513,0.683,0.024,0.727,0.668,-0.046,0.613,0.069,0.039,-0.231,0.465,-0.193,-0.182,0.208,-0.511,-0.084,0.351,0.105,-0.146,-0.016,0.205,-0.043,-0.486,0.423,0.277,0.229,0.069,0.276,0.146,0.438,0.145,0.118,0.185,0.44,0.42,0.222,0.446,0.068,0.19,0.585,-0.035,0.117,-0.132,-0.176,0.508,0.194,0.496,-0.741,0.858,0.177,0.67,-0.065,0.194,0.321,0.281,0.322,0.319,0.313,0.302,-0.249,0.135,0.113,0.092,-0.045,0.058,0.301,0.112,0.205,-0.035,0.511,0.01,-0.182,0.66,0.465,0.21,0.158,0.328,0.179,0.404,0.266,0.687,0.056,-0.093,-0.116,0.342,0.163,0.484,0.664,0.144,-0.095,-0.366,0.339,0.405,-0.299,0.488,-0.031,0.408,-0.005,0.436,0.318,0.441,0.048,-0.022,0.457,-0.239,-0.07,0.822
AXDX,0.947,-0.893,-0.195,-0.744,-0.219,-0.375,-0.768,-0.681,-0.268,-0.077,-0.452,-0.854,-0.743,0.567,0.194,-0.598,-0.792,0.288,-0.923,0.079,0.0,-0.538,0.843,0.801,0.628,0.318,-0.807,0.751,0.609,-0.613,-0.269,-0.037,0.879,0.353,-0.229,-0.953,-0.593,0.135,-0.82,0.303,-0.949,0.872,0.029,-0.04,0.576,-0.047,0.872,0.639,-0.471,0.684,-0.125,-0.269,-0.678,-0.11,-0.74,-0.767,-0.589,0.492,-0.782,0.794,-0.089,0.863,-0.78,-0.458,-0.473,0.806,0.965,-0.301,0.835,-0.917,0.784,0.866,0.136,0.832,-0.592,-0.85,0.581,0.045,0.895,-0.448,0.188,-0.721,-0.79,-0.555,0.749,0.643,0.792,-0.623,-0.732,0.221,0.856,0.321,0.103,0.339,0.267,0.951,-0.116,0.236,-0.922,0.28,-0.831,0.765,-0.194,0.68,-0.815,-0.806,-0.366,-0.321,0.232,-0.245,-0.441,-0.832,-0.891,-0.52,-0.873,-0.801,-0.41,-0.398,0.86,-0.59,0.803,-0.61,0.609,0.96,-0.849,-0.604,-0.355,0.46,-0.272,-0.351,-0.412,-0.44,0.399,-0.195,0.34,-0.974,-0.679,0.669,-0.666,-0.25,-0.216,0.247,0.733,-0.142,-0.122,-0.882,0.757,0.914,0.655,0.832,-0.163,0.772,-0.53,0.756,0.876,0.781,-0.425,-0.856,0.901,0.715,0.852,-0.719,-0.599,-0.386,-0.803,-0.35,-0.411,-0.477,0.926,-0.501,-0.612,0.649,-0.302,-0.21,0.564,0.838,-0.368,-0.098,0.911,-0.214,0.609,0.28,-0.425,-0.434,0.458,0.788,-0.703,0.157,0.892,0.537,-0.843,0.801,0.838,0.72,-0.925,0.333,-0.471,0.184,-0.412,0.175
AXSM,-0.534,0.653,0.144,0.843,-0.11,0.645,0.724,0.673,0.399,0.542,0.496,0.624,0.735,-0.4,0.4,0.62,0.763,0.339,0.687,-0.051,-0.538,0.0,-0.25,-0.444,-0.244,0.268,0.771,-0.71,0.051,0.785,0.4,0.363,-0.509,-0.019,0.345,0.666,0.553,0.138,0.604,0.066,0.661,-0.28,0.6,0.242,-0.614,0.082,-0.375,-0.584,0.29,-0.61,0.261,0.675,0.716,0.118,0.531,0.84,0.258,-0.444,0.742,-0.072,-0.074,-0.384,0.649,0.689,0.597,-0.637,-0.541,0.661,-0.432,0.564,-0.412,-0.463,0.222,-0.567,0.635,0.654,-0.323,0.381,-0.513,0.444,-0.055,0.745,0.728,0.307,-0.241,-0.727,-0.25,0.556,0.635,0.297,-0.385,-0.011,0.105,-0.152,0.027,-0.5,0.369,-0.12,0.443,-0.206,0.794,-0.066,0.561,-0.186,0.609,0.437,0.612,0.418,0.121,-0.083,0.45,0.779,0.673,0.597,0.783,0.582,0.307,0.692,-0.735,0.637,-0.15,0.73,-0.258,-0.621,0.646,0.808,0.555,-0.126,0.524,0.615,0.853,0.164,0.161,0.433,0.04,0.527,0.727,-0.46,0.424,0.232,0.206,0.004,-0.417,0.383,0.618,0.609,-0.15,-0.393,-0.011,-0.652,0.481,-0.326,0.568,-0.253,-0.334,-0.253,0.728,0.719,-0.58,-0.537,-0.343,0.767,0.665,0.443,0.804,0.496,0.512,0.624,-0.676,0.65,0.536,-0.378,0.451,0.164,-0.054,-0.222,0.444,-0.263,-0.573,0.573,-0.334,0.455,0.545,0.716,0.247,-0.615,0.759,0.158,-0.391,-0.182,0.784,-0.574,-0.449,-0.337,0.681,0.205,0.615,0.114,0.68,0.205
AZN,0.833,-0.684,-0.154,-0.497,-0.22,-0.114,-0.458,-0.537,0.028,0.264,-0.26,-0.621,-0.525,0.59,0.271,-0.343,-0.51,0.466,-0.681,0.219,0.843,-0.25,0.0,0.711,0.611,0.399,-0.563,0.601,0.611,-0.407,0.044,0.226,0.773,0.528,-0.057,-0.743,-0.249,0.372,-0.598,0.384,-0.745,0.804,0.293,-0.094,0.499,0.183,0.666,0.454,-0.371,0.442,0.143,-0.13,-0.375,-0.041,-0.434,-0.474,-0.546,0.412,-0.536,0.808,0.06,0.708,-0.499,-0.228,-0.281,0.589,0.794,0.04,0.834,-0.733,0.754,0.766,0.393,0.725,-0.321,-0.59,0.66,0.249,0.744,-0.234,0.315,-0.482,-0.573,-0.365,0.804,0.363,0.847,-0.388,-0.445,0.444,0.869,0.462,0.301,0.38,0.436,0.829,0.183,0.37,-0.722,0.186,-0.507,0.763,-0.058,0.776,-0.625,-0.664,-0.026,-0.285,0.43,-0.263,-0.176,-0.57,-0.603,-0.2,-0.588,-0.649,-0.359,-0.004,0.653,-0.236,0.823,-0.39,0.673,0.74,-0.645,-0.306,-0.034,0.462,0.061,-0.02,-0.063,-0.327,0.553,-0.066,0.502,-0.819,-0.373,0.557,-0.59,-0.106,-0.198,0.376,0.57,0.12,0.132,-0.695,0.819,0.869,0.801,0.619,0.183,0.822,-0.337,0.66,0.857,0.801,-0.157,-0.591,0.751,0.545,0.874,-0.441,-0.289,-0.322,-0.505,-0.031,-0.054,-0.179,0.722,-0.141,-0.372,0.735,0.059,0.021,0.572,0.835,-0.193,-0.157,0.777,0.14,0.613,0.568,-0.21,-0.139,0.572,0.593,-0.501,0.384,0.753,0.559,-0.522,0.719,0.735,0.724,-0.686,0.551,-0.118,0.032,-0.037,0.472
BANR,0.807,-0.566,0.054,-0.676,0.202,-0.558,-0.451,-0.825,-0.296,0.007,-0.627,-0.781,-0.624,0.478,0.192,-0.748,-0.721,0.225,-0.648,0.573,0.801,-0.444,0.711,0.0,0.766,0.279,-0.834,0.829,0.519,-0.503,0.035,-0.097,0.867,0.502,-0.26,-0.76,-0.408,0.566,-0.83,-0.054,-0.734,0.702,-0.017,-0.165,0.698,0.381,0.567,0.765,-0.275,0.745,0.161,-0.284,-0.669,-0.2,-0.398,-0.724,-0.598,0.823,-0.699,0.617,0.247,0.6,-0.456,-0.382,-0.688,0.818,0.689,-0.022,0.729,-0.619,0.817,0.609,0.374,0.869,-0.64,-0.634,0.862,-0.25,0.835,-0.523,0.629,-0.621,-0.649,-0.118,0.627,0.56,0.717,-0.748,-0.433,-0.056,0.849,0.655,0.553,0.578,0.562,0.725,0.301,0.547,-0.748,0.595,-0.641,0.599,-0.328,0.746,-0.745,-0.71,-0.249,-0.59,0.023,0.005,-0.398,-0.754,-0.746,-0.389,-0.727,-0.896,-0.045,-0.199,0.811,-0.513,0.739,-0.379,0.649,0.827,-0.563,-0.396,-0.062,0.559,-0.139,-0.079,-0.34,-0.224,0.6,-0.195,0.275,-0.833,-0.685,0.806,-0.366,0.087,-0.607,0.673,0.728,0.211,-0.18,-0.581,0.72,0.821,0.615,0.844,-0.009,0.699,-0.591,0.632,0.706,0.587,-0.35,-0.657,0.855,0.575,0.717,-0.59,-0.202,-0.26,-0.776,0.047,-0.112,-0.303,0.804,-0.247,-0.437,0.675,-0.167,0.233,0.424,0.532,-0.415,0.135,0.799,0.016,0.795,0.231,-0.445,-0.598,0.534,0.866,-0.739,0.299,0.674,0.622,-0.696,0.832,0.796,0.774,-0.712,0.222,-0.155,0.042,-0.449,0.541
BBIO,0.568,-0.481,0.422,-0.282,0.199,-0.522,-0.303,-0.559,-0.377,-0.175,-0.484,-0.73,-0.27,0.085,0.526,-0.576,-0.67,0.431,-0.48,0.484,0.628,-0.244,0.611,0.766,0.0,0.638,-0.644,0.539,0.235,-0.151,-0.06,-0.3,0.604,0.4,-0.511,-0.516,-0.261,0.415,-0.696,-0.104,-0.509,0.444,0.025,-0.445,0.472,0.261,0.373,0.708,0.118,0.578,0.045,0.136,-0.635,-0.189,-0.281,-0.477,-0.235,0.73,-0.358,0.619,0.427,0.506,-0.331,-0.437,-0.523,0.796,0.55,-0.093,0.525,-0.383,0.538,0.632,0.165,0.655,-0.57,-0.534,0.659,-0.294,0.735,-0.335,0.431,-0.619,-0.625,-0.139,0.388,0.557,0.483,-0.499,-0.199,-0.108,0.666,0.576,0.488,0.614,0.353,0.518,0.217,0.411,-0.504,0.557,-0.429,0.74,-0.071,0.49,-0.362,-0.469,-0.373,-0.61,-0.145,-0.137,-0.462,-0.448,-0.634,-0.171,-0.543,-0.702,0.304,-0.085,0.7,-0.375,0.552,-0.02,0.301,0.655,-0.267,-0.07,-0.02,0.219,0.076,-0.191,-0.014,-0.004,0.558,0.007,0.274,-0.625,-0.622,0.729,-0.074,0.425,-0.614,0.659,0.784,0.053,-0.367,-0.373,0.487,0.588,0.419,0.659,-0.14,0.368,-0.165,0.684,0.482,0.307,-0.458,-0.383,0.62,0.552,0.479,-0.315,-0.143,0.17,-0.624,0.037,-0.184,-0.363,0.602,-0.217,-0.328,0.525,-0.233,0.382,0.135,0.41,-0.622,0.317,0.65,-0.03,0.633,0.218,-0.095,-0.443,0.67,0.624,-0.343,0.035,0.717,0.658,-0.499,0.627,0.459,0.43,-0.59,0.545,-0.078,0.115,-0.411,0.471
BCYC,0.191,-0.273,0.38,0.219,-0.139,-0.06,-0.115,0.086,-0.326,-0.044,-0.04,-0.387,0.136,-0.247,0.869,-0.08,-0.243,0.575,-0.196,0.045,0.318,0.268,0.399,0.279,0.638,0.0,-0.095,-0.035,0.145,0.36,-0.122,-0.227,0.174,0.164,-0.363,-0.159,-0.052,0.078,-0.214,0.007,-0.175,0.203,0.296,-0.241,-0.071,-0.029,0.219,0.199,0.216,0.235,-0.159,0.588,-0.254,-0.224,-0.128,0.032,-0.01,0.165,0.106,0.556,0.13,0.367,-0.176,-0.072,0.013,0.37,0.325,0.029,0.116,-0.165,0.079,0.445,-0.079,0.226,-0.186,-0.306,0.143,-0.044,0.421,0.083,-0.046,-0.22,-0.246,-0.244,0.173,0.29,0.285,-0.022,0.061,0.195,0.275,0.195,0.121,0.392,0.017,0.254,0.049,0.082,-0.292,0.183,-0.061,0.747,0.244,0.172,0.022,-0.143,-0.179,-0.244,-0.132,-0.396,-0.316,0.038,-0.319,0.043,-0.146,-0.227,0.311,0.151,0.253,-0.158,0.336,0.252,-0.075,0.295,0.035,0.302,0.067,-0.085,0.216,-0.12,0.446,0.027,0.45,0.323,0.348,-0.311,-0.223,0.294,0.018,0.271,-0.262,0.303,0.548,-0.155,-0.079,-0.145,0.238,0.272,0.252,0.178,-0.092,0.04,0.253,0.512,0.248,0.1,-0.054,-0.073,0.189,0.245,0.157,0.1,-0.059,0.506,-0.164,-0.074,-0.204,-0.132,0.183,-0.065,-0.164,0.126,-0.136,0.124,0.067,0.325,-0.417,0.001,0.286,-0.035,0.178,0.365,0.197,0.103,0.763,0.133,0.164,-0.086,0.58,0.537,-0.104,0.1,0.045,0.039,-0.283,0.767,0.02,0.39,-0.072,0.192
BHFAP,-0.807,0.71,0.014,0.847,-0.262,0.728,0.689,0.851,0.476,0.352,0.704,0.873,0.767,-0.486,0.016,0.884,0.931,0.01,0.81,-0.328,-0.807,0.771,-0.563,-0.834,-0.644,-0.095,0.0,-0.913,-0.311,0.701,0.294,0.256,-0.86,-0.291,0.415,0.856,0.692,-0.195,0.926,0.076,0.834,-0.597,0.401,0.251,-0.821,-0.089,-0.585,-0.881,0.269,-0.895,0.053,0.516,0.893,0.125,0.655,0.953,0.472,-0.778,0.867,-0.517,-0.275,-0.61,0.699,0.57,0.815,-0.878,-0.759,0.502,-0.708,0.713,-0.772,-0.664,-0.062,-0.851,0.802,0.792,-0.668,0.315,-0.798,0.688,-0.413,0.878,0.881,0.219,-0.467,-0.763,-0.516,0.822,0.711,0.291,-0.741,-0.447,-0.23,-0.483,-0.374,-0.717,0.113,-0.421,0.702,-0.583,0.899,-0.5,0.449,-0.561,0.815,0.793,0.601,0.507,0.063,0.017,0.523,0.94,0.877,0.634,0.917,0.862,0.118,0.62,-0.963,0.717,-0.573,0.588,-0.549,-0.881,0.713,0.689,0.446,-0.456,0.308,0.488,0.663,0.28,-0.265,0.287,-0.026,0.832,0.833,-0.791,0.424,-0.009,0.441,-0.389,-0.772,0.087,0.505,0.695,-0.573,-0.73,-0.423,-0.95,0.33,-0.567,0.664,-0.575,-0.654,-0.485,0.659,0.791,-0.903,-0.639,-0.645,0.848,0.491,0.397,0.944,0.21,0.428,0.662,-0.909,0.626,0.662,-0.614,0.488,0.014,-0.264,-0.437,0.549,-0.345,-0.881,0.338,-0.718,0.115,0.587,0.833,-0.279,-0.945,0.843,-0.067,-0.687,-0.503,0.928,-0.867,-0.767,-0.687,0.868,-0.07,0.532,-0.002,0.686,-0.198
BKR,0.822,-0.59,-0.12,-0.856,0.289,-0.632,-0.565,-0.888,-0.258,-0.09,-0.67,-0.72,-0.777,0.638,-0.15,-0.785,-0.785,-0.062,-0.72,0.451,0.751,-0.71,0.601,0.829,0.539,-0.035,-0.913,0.0,0.431,-0.743,-0.024,-0.052,0.868,0.482,-0.147,-0.813,-0.5,0.408,-0.834,-0.04,-0.784,0.671,-0.258,-0.184,0.849,0.303,0.494,0.768,-0.42,0.783,0.161,-0.57,-0.731,-0.137,-0.475,-0.904,-0.61,0.784,-0.833,0.459,0.264,0.573,-0.511,-0.429,-0.778,0.784,0.666,-0.274,0.755,-0.651,0.857,0.569,0.28,0.871,-0.65,-0.624,0.775,-0.234,0.718,-0.609,0.561,-0.703,-0.709,-0.098,0.57,0.565,0.642,-0.781,-0.61,-0.174,0.803,0.537,0.422,0.443,0.565,0.705,0.126,0.59,-0.666,0.506,-0.78,0.377,-0.509,0.685,-0.861,-0.768,-0.3,-0.491,0.091,0.179,-0.276,-0.873,-0.717,-0.476,-0.82,-0.85,-0.185,-0.41,0.864,-0.558,0.655,-0.623,0.713,0.819,-0.729,-0.668,-0.208,0.617,-0.229,-0.2,-0.587,-0.242,0.416,-0.274,0.158,-0.789,-0.677,0.767,-0.475,-0.044,-0.449,0.5,0.616,0.177,-0.297,-0.604,0.662,0.793,0.558,0.868,-0.083,0.721,-0.685,0.485,0.681,0.608,-0.495,-0.72,0.902,0.576,0.719,-0.795,-0.31,-0.523,-0.843,-0.028,-0.167,-0.389,0.847,-0.396,-0.484,0.711,-0.205,0.012,0.409,0.444,-0.331,0.216,0.813,-0.103,0.771,-0.001,-0.616,-0.736,0.25,0.903,-0.892,0.354,0.551,0.49,-0.801,0.914,0.848,0.827,-0.73,-0.042,-0.367,-0.174,-0.495,0.372
BLDP,0.675,-0.316,-0.366,-0.347,-0.245,0.142,-0.202,-0.375,0.216,0.526,-0.116,-0.279,-0.43,0.586,0.157,-0.193,-0.159,0.303,-0.425,0.169,0.609,0.051,0.611,0.519,0.235,0.145,-0.311,0.431,0.0,-0.27,0.216,0.479,0.658,0.554,0.242,-0.551,-0.193,0.412,-0.367,0.403,-0.518,0.853,0.513,0.455,0.302,0.174,0.643,0.204,-0.578,0.277,0.264,-0.047,-0.068,0.077,-0.331,-0.292,-0.658,0.221,-0.404,0.608,-0.206,0.597,-0.234,0.142,-0.107,0.251,0.553,0.299,0.652,-0.55,0.703,0.373,0.547,0.502,-0.063,-0.268,0.467,0.436,0.457,-0.24,0.337,-0.025,-0.109,-0.2,0.702,-0.054,0.75,-0.398,-0.357,0.473,0.649,0.405,0.32,0.09,0.515,0.628,0.285,0.33,-0.671,0.125,-0.295,0.5,0.094,0.669,-0.623,-0.608,0.337,0.159,0.547,0.01,0.176,-0.377,-0.324,-0.081,-0.336,-0.432,-0.389,0.054,0.303,-0.096,0.815,-0.294,0.734,0.548,-0.555,-0.231,0.073,0.714,0.084,0.318,0.012,-0.442,0.578,0.027,0.337,-0.623,-0.041,0.326,-0.525,-0.333,-0.009,0.254,0.236,0.388,0.543,-0.448,0.802,0.763,0.811,0.443,0.35,0.752,-0.379,0.471,0.72,0.821,0.211,-0.392,0.598,0.3,0.705,-0.326,-0.002,-0.444,-0.2,0.148,0.125,0.133,0.502,0.068,-0.124,0.458,0.161,-0.224,0.748,0.704,0.331,-0.397,0.494,0.418,0.509,0.556,-0.291,0.017,0.48,0.461,-0.36,0.631,0.416,0.287,-0.303,0.536,0.79,0.761,-0.374,0.106,0.003,0.105,0.195,0.417
BLFS,-0.676,0.603,0.437,0.859,0.018,0.385,0.667,0.689,0.135,0.173,0.42,0.499,0.81,-0.694,0.504,0.526,0.595,0.255,0.717,-0.059,-0.613,0.785,-0.407,-0.503,-0.151,0.36,0.701,-0.743,-0.27,0.0,0.189,-0.099,-0.661,-0.165,-0.004,0.733,0.459,-0.063,0.63,-0.208,0.741,-0.529,0.305,0.005,-0.674,-0.065,-0.483,-0.466,0.61,-0.529,0.017,0.752,0.51,-0.008,0.543,0.803,0.544,-0.369,0.84,-0.244,0.051,-0.46,0.632,0.373,0.546,-0.492,-0.579,0.356,-0.647,0.682,-0.619,-0.413,-0.146,-0.647,0.446,0.591,-0.465,0.101,-0.465,0.43,-0.234,0.575,0.597,0.259,-0.477,-0.453,-0.433,0.568,0.706,0.032,-0.527,-0.06,-0.009,-0.056,-0.263,-0.636,0.105,-0.228,0.554,-0.113,0.749,-0.092,0.581,-0.435,0.765,0.584,0.296,0.253,-0.234,-0.021,0.263,0.798,0.59,0.597,0.709,0.574,0.544,0.498,-0.648,0.537,-0.397,0.821,-0.557,-0.623,0.802,0.857,0.383,-0.471,0.4,0.304,0.769,0.362,0.065,0.321,-0.103,0.623,0.487,-0.392,0.606,0.397,0.039,-0.017,-0.303,0.065,0.25,0.651,-0.452,-0.581,-0.329,-0.634,0.064,-0.586,0.676,-0.162,-0.573,-0.561,0.446,0.759,-0.649,-0.382,-0.593,0.776,0.523,0.693,0.681,0.272,0.22,0.402,-0.665,0.431,0.438,-0.51,0.15,0.237,-0.352,-0.426,0.125,-0.052,-0.618,0.245,-0.354,0.122,0.615,0.535,0.212,-0.62,0.773,-0.152,-0.36,0.004,0.722,-0.67,-0.666,-0.575,0.637,0.245,0.438,0.224,0.396,0.039
