,ABAT,ACLS,ACMR,ADMA,ADUS,ADVM,AEIS,AGNCM,AHCO,ALGT,ALLO,AMSF,ANAB,ANDE,APLS,APPF,ASML,ATRC,AVGO,AVT,AXDX,AXSM,AZN,BANR,BBIO,BCYC,BHFAP,BKR,BLDP,BLFS,BLKB,BLMN,BNTX,BPMC,CALM,CAMT,CASH,CATY,CCEP,CDLX,CDNS,CENN,CENX,CGC,CHDN,CLBK,COKE,COLB,COO,CORT,CRMT,CRNX,CRTO,CRVL,CSCO,CSQ,CSWI,CVBF,CWST,CYCC,CZR,DLTR,DORM,ENTA,EQIX,ERIC,EVRG,EWBC,EXAS,EXLS,EXPI,EYE,FBNC,FBRX,FCNCA,FELE,FIBK,FLEX,FRGT,FRHC,FRME,FWONA,FWONK,GDEN,GIII,GILD,GLNG,GNTX,GOOGL,GRPN,HCSG,HIMX,HOPE,HST,HTLD,HUT,HWC,ICUI,IESC,INTC,INTU,IOVA,IPAR,IPGP,ISRG,JBSS,KALU,KPRX,KRNT,LAUR,LBRDA,LBTYK,LECO,LILAK,LITE,MANH,MDXG,MFIC,MGEE,MIDD,MLAB,MMSI,MNKD,MOMO,MRVL,NICE,NMFC,NUWE,NVCR,NWBI,OFIX,OFLX,OMCL,OPK,ORKA,ORLY,OTTR,PDD,PNTG,POOL,POWL,PPBI,PPC,PRAA,PRPL,PZZA,QTRX,QURE,RDFN,RDHL,REAL,REG,REYN,RGLD,RIOT,RUN,RYTM,SAIA,SBAC,SBRA,SCVL,SHOO,SLAB,SLDB,SMCI,SMTC,SRCE,SSP,SSRM,STBA,STRO,SVC,SYBT,TCBI,TCOM,TENX,TH,TMUS,TNDM,TTD,TTMI,UAL,ULH,ULTA,VCYT,VIRT,VKTX,VOD,VRDN,VREX,VRNT,VSAT,WB,WBD,WDC,WEN,WSFS,XXII,Z,ZBRA
ABAT,0.0,0.731,-0.112,0.243,0.655,0.396,0.492,0.083,0.541,0.473,0.741,0.421,0.453,0.005,0.384,0.318,0.316,0.23,0.301,0.436,0.112,0.463,0.4,0.638,0.564,0.409,0.483,-0.141,0.138,0.391,0.343,0.715,0.444,0.377,0.008,0.279,0.532,0.619,0.256,0.574,0.246,0.188,-0.224,0.214,0.288,0.363,0.341,0.62,0.549,0.441,0.195,0.576,0.194,0.276,0.572,0.385,0.316,0.421,0.182,0.351,0.677,0.201,0.551,0.202,0.238,0.153,-0.019,0.309,0.168,0.707,0.725,0.334,0.617,0.035,-0.021,0.75,0.466,-0.078,0.052,-0.114,0.646,0.266,0.22,0.04,0.514,0.645,0.293,0.728,0.118,0.153,0.642,0.128,0.627,0.434,0.49,0.121,0.806,0.055,0.252,0.02,0.16,0.777,0.385,0.63,-0.073,0.453,0.572,0.52,0.549,-0.033,0.209,0.281,0.653,0.119,0.326,0.511,-0.332,0.043,0.252,0.447,0.489,-0.158,0.038,0.019,0.1,0.648,0.261,0.415,0.153,0.5,0.308,0.252,0.806,-0.017,0.162,0.689,0.138,-0.247,0.371,0.258,0.254,0.513,-0.145,0.261,0.393,0.68,0.592,0.178,0.656,0.534,0.145,0.092,0.13,-0.479,0.218,0.43,0.502,0.401,0.289,0.359,0.48,0.686,0.397,0.638,0.048,0.302,0.509,0.294,-0.11,0.616,0.467,0.786,0.562,0.836,-0.016,0.157,0.234,0.434,0.249,0.357,0.618,0.018,0.55,0.429,0.271,-0.235,0.485,0.011,0.607,0.018,0.2,0.456,-0.056,0.115,0.226,0.609,0.46,0.104,0.176,0.581
ACLS,0.731,0.0,0.071,0.289,0.773,0.572,0.398,-0.164,0.701,0.148,0.804,0.394,0.151,-0.02,0.111,0.064,0.276,0.359,0.587,0.361,0.36,0.447,0.184,0.45,0.326,0.672,0.563,-0.023,-0.037,0.34,0.327,0.367,0.131,0.6,-0.189,0.738,0.272,0.413,0.026,0.649,0.15,0.413,-0.498,0.218,0.359,0.442,-0.006,0.394,0.395,0.38,0.023,0.718,-0.137,0.103,0.357,0.323,0.178,0.153,-0.024,0.562,0.677,-0.106,0.274,0.52,-0.137,-0.071,-0.293,0.038,-0.118,0.572,0.656,-0.016,0.37,-0.161,-0.261,0.698,0.097,-0.11,0.151,-0.171,0.494,0.038,-0.008,0.131,0.563,0.727,0.097,0.511,0.37,0.211,0.561,0.164,0.493,0.272,0.314,-0.162,0.62,0.384,0.059,0.084,0.506,0.715,0.106,0.666,-0.095,0.405,0.65,0.59,0.578,-0.16,0.515,0.489,0.448,0.039,0.333,0.339,-0.625,-0.286,0.379,0.161,0.35,-0.134,0.436,0.156,0.085,0.681,-0.148,0.643,0.125,0.435,0.298,0.462,0.798,0.074,0.531,0.524,0.055,0.006,0.589,-0.051,0.591,0.291,0.156,0.44,0.133,0.657,0.806,0.239,0.442,0.244,-0.014,-0.189,-0.077,-0.52,0.431,0.085,0.526,0.26,-0.16,0.347,0.827,0.555,0.319,0.497,-0.142,0.041,0.607,0.331,-0.155,0.439,0.765,0.905,0.317,0.578,-0.011,0.034,0.521,0.117,0.338,0.372,0.688,-0.25,0.482,0.376,0.013,-0.39,0.68,-0.369,0.667,-0.204,0.146,0.339,-0.237,-0.097,-0.074,0.498,0.138,0.115,-0.098,0.476
ACMR,-0.112,0.071,0.0,0.606,0.153,0.453,-0.589,-0.739,0.433,-0.617,0.182,0.252,-0.607,0.616,-0.797,-0.849,-0.78,0.431,-0.345,-0.565,0.674,-0.464,-0.789,-0.085,-0.666,0.552,0.4,0.632,-0.882,-0.389,0.625,-0.033,-0.68,-0.159,-0.695,0.358,-0.574,0.172,-0.494,-0.213,-0.375,0.637,-0.501,0.615,0.062,0.751,-0.634,0.24,-0.168,-0.648,-0.797,-0.167,-0.778,0.185,-0.7,-0.798,0.273,-0.206,-0.39,-0.265,0.092,-0.839,-0.368,0.731,-0.714,-0.841,0.136,0.031,-0.852,-0.36,0.052,0.035,-0.376,-0.829,0.281,0.005,-0.329,0.083,-0.569,-0.786,0.179,-0.826,-0.853,0.101,-0.539,-0.423,-0.798,-0.108,-0.107,-0.7,-0.667,-0.741,0.243,-0.759,0.202,-0.709,-0.043,0.771,-0.131,0.857,0.495,-0.077,-0.703,-0.282,-0.419,-0.772,-0.015,-0.323,-0.147,0.293,0.544,-0.083,-0.233,-0.032,-0.618,-0.793,-0.548,-0.715,0.673,-0.538,-0.811,-0.186,0.514,-0.404,-0.814,-0.483,-0.663,0.39,-0.88,0.49,-0.036,0.718,-0.212,0.446,0.251,-0.636,0.474,0.497,0.574,-0.52,0.424,0.272,0.551,0.681,-0.818,-0.185,0.048,-0.393,-0.638,-0.5,-0.792,-0.281,-0.347,-0.352,0.134,-0.404,0.242,0.201,-0.204,0.361,0.376,-0.481,-0.724,0.192,-0.794,-0.822,0.555,-0.631,-0.624,-0.005,0.286,-0.03,-0.672,-0.086,-0.722,-0.874,0.663,-0.477,-0.509,-0.713,-0.542,-0.775,0.273,-0.821,-0.808,-0.39,0.438,-0.755,0.378,-0.402,-0.757,-0.537,-0.803,-0.753,-0.763,0.345,-0.329,0.437,-0.499,-0.68
ADMA,0.243,0.289,0.606,0.0,0.577,0.247,-0.024,-0.403,0.695,-0.266,0.462,0.55,0.073,0.395,-0.27,-0.311,-0.504,0.625,-0.211,-0.077,0.339,0.085,-0.258,0.394,-0.174,0.393,0.249,0.592,-0.57,0.306,0.815,0.365,-0.069,0.345,-0.331,0.309,0.05,0.523,-0.205,0.398,0.049,0.261,-0.233,0.728,0.318,0.736,-0.0,0.528,0.196,0.059,-0.433,0.275,-0.277,0.576,-0.079,-0.222,0.659,0.31,0.097,-0.117,0.523,-0.523,0.212,0.444,-0.159,-0.418,0.452,0.48,-0.347,0.292,0.522,0.429,0.153,-0.374,0.524,0.357,0.249,0.417,-0.316,-0.499,0.526,-0.296,-0.381,0.368,-0.309,0.129,-0.259,0.157,-0.175,-0.306,-0.122,-0.502,0.637,-0.187,0.408,-0.357,0.436,0.497,0.282,0.532,0.218,0.431,-0.19,0.146,0.025,-0.371,0.329,0.274,0.279,0.463,0.525,0.283,0.275,0.476,-0.134,-0.268,-0.589,-0.34,0.553,-0.046,-0.313,0.223,0.322,-0.513,-0.488,0.035,-0.3,0.286,-0.562,0.692,0.515,0.413,0.074,0.057,0.054,-0.178,0.434,0.02,0.501,-0.127,0.41,0.679,0.515,0.305,-0.284,0.324,0.424,-0.345,-0.012,-0.187,-0.489,0.194,-0.023,-0.214,0.283,-0.058,0.709,0.527,0.14,0.762,0.265,-0.073,-0.346,0.603,-0.357,-0.272,0.681,-0.192,-0.505,0.487,0.343,0.314,-0.026,0.284,-0.39,-0.537,0.44,0.023,-0.06,-0.15,0.006,-0.329,0.508,-0.468,-0.193,-0.036,0.765,-0.355,0.615,0.097,-0.421,-0.081,-0.463,-0.335,-0.248,0.548,0.204,0.571,0.031,-0.111
ADUS,0.655,0.773,0.153,0.577,0.0,0.378,0.499,-0.072,0.718,0.198,0.751,0.546,0.362,0.195,0.204,0.128,0.069,0.626,0.207,0.449,0.248,0.473,0.191,0.64,0.301,0.469,0.304,0.29,-0.139,0.605,0.608,0.496,0.227,0.621,-0.053,0.528,0.409,0.641,0.005,0.791,0.33,0.2,-0.211,0.418,0.493,0.566,0.244,0.605,0.566,0.456,-0.061,0.568,0.004,0.548,0.4,0.267,0.536,0.462,0.269,0.414,0.733,-0.105,0.537,0.348,0.049,-0.062,0.163,0.449,-0.003,0.674,0.827,0.316,0.488,-0.043,0.194,0.751,0.373,0.286,0.007,-0.242,0.651,0.041,-0.034,0.374,0.365,0.667,0.142,0.549,0.085,0.097,0.497,-0.073,0.722,0.293,0.519,-0.178,0.738,0.308,0.42,0.188,0.208,0.756,0.225,0.658,0.055,0.314,0.681,0.559,0.61,0.253,0.445,0.57,0.645,0.402,0.298,0.249,-0.547,-0.11,0.424,0.318,0.294,0.215,0.271,-0.165,-0.032,0.553,0.017,0.403,0.04,0.651,0.643,0.344,0.606,-0.19,0.253,0.421,0.307,-0.242,0.56,0.126,0.445,0.615,0.297,0.245,0.197,0.638,0.806,0.062,0.492,0.309,-0.072,0.118,0.155,-0.25,0.41,0.195,0.787,0.551,0.106,0.663,0.556,0.526,0.209,0.714,-0.031,0.127,0.714,0.294,-0.245,0.667,0.504,0.751,0.413,0.616,-0.079,-0.014,0.358,0.244,0.417,0.379,0.621,-0.121,0.681,0.101,0.146,-0.038,0.752,-0.235,0.674,0.17,-0.051,0.421,-0.169,-0.036,0.107,0.561,0.419,0.344,0.205,0.47
ADVM,0.396,0.572,0.453,0.247,0.378,0.0,-0.347,-0.538,0.699,-0.436,0.749,0.504,-0.401,0.275,-0.445,-0.54,-0.327,0.497,0.148,-0.311,0.816,-0.179,-0.431,0.013,-0.322,0.827,0.797,0.251,-0.527,-0.28,0.317,0.198,-0.478,0.126,-0.712,0.68,-0.351,0.135,-0.621,0.092,-0.521,0.82,-0.646,0.303,0.05,0.631,-0.505,0.285,0.168,-0.38,-0.592,0.33,-0.702,-0.133,-0.202,-0.38,0.055,-0.383,-0.438,0.443,0.432,-0.545,-0.27,0.785,-0.628,-0.558,-0.323,-0.201,-0.615,-0.061,0.331,-0.213,-0.324,-0.706,-0.308,0.241,-0.343,-0.542,-0.457,-0.689,0.163,-0.579,-0.598,-0.132,0.012,0.295,-0.612,0.116,0.36,-0.425,-0.037,-0.41,0.262,-0.444,0.401,-0.375,0.194,0.693,-0.006,0.57,0.707,0.402,-0.519,0.041,-0.625,-0.258,0.276,0.138,0.042,-0.366,0.745,0.183,0.05,-0.362,-0.401,-0.349,-0.773,-0.664,0.78,-0.494,-0.304,-0.472,0.525,0.049,-0.529,0.176,-0.572,0.866,-0.395,0.397,0.08,0.88,0.482,0.363,0.667,-0.066,0.134,0.505,0.892,-0.568,0.668,0.097,0.524,0.856,-0.46,0.234,0.523,-0.144,-0.187,0.006,-0.589,-0.335,-0.603,-0.755,0.53,-0.241,0.433,0.161,-0.241,0.423,0.8,0.181,-0.388,0.291,-0.723,-0.517,0.525,-0.464,-0.657,-0.057,0.815,0.435,-0.337,0.375,-0.59,-0.455,0.738,-0.038,-0.29,-0.366,0.052,-0.754,0.491,-0.095,-0.519,-0.585,0.598,-0.727,0.743,-0.666,-0.421,-0.319,-0.697,-0.703,-0.529,0.563,-0.369,0.43,-0.64,-0.18
AEIS,0.492,0.398,-0.589,-0.024,0.499,-0.347,0.0,0.658,0.009,0.78,0.209,0.052,0.836,-0.173,0.872,0.838,0.726,0.092,0.323,0.92,-0.534,0.766,0.839,0.648,0.849,-0.315,-0.312,-0.228,0.646,0.841,0.023,0.424,0.845,0.516,0.695,-0.064,0.874,0.461,0.63,0.729,0.811,-0.534,0.363,-0.111,0.39,-0.224,0.798,0.322,0.537,0.916,0.655,0.372,0.77,0.428,0.823,0.851,0.317,0.719,0.726,0.262,0.374,0.71,0.775,-0.486,0.773,0.674,0.214,0.483,0.766,0.793,0.527,0.407,0.807,0.757,0.167,0.595,0.727,0.405,0.469,0.492,0.409,0.768,0.737,0.288,0.619,0.61,0.864,0.549,-0.117,0.629,0.797,0.528,0.374,0.887,0.2,0.41,0.591,-0.507,0.439,-0.495,-0.469,0.554,0.87,0.783,0.502,0.824,0.544,0.503,0.657,0.229,-0.349,0.381,0.716,0.544,0.763,0.82,0.244,0.68,-0.337,0.864,0.869,0.444,-0.389,0.098,0.638,0.636,0.725,-0.32,0.741,0.112,0.51,-0.495,0.475,-0.484,-0.311,0.809,0.075,-0.72,-0.271,0.73,-0.214,0.373,-0.405,-0.53,0.865,0.546,0.374,0.278,0.892,0.612,0.68,0.411,0.585,0.325,-0.062,0.646,0.296,0.335,0.417,0.085,-0.066,0.727,0.844,0.43,0.798,0.829,0.031,0.81,0.43,0.628,-0.131,0.53,0.871,0.463,0.635,0.702,-0.449,0.516,0.804,0.881,0.777,0.647,0.28,0.612,0.83,0.463,0.063,0.582,0.027,0.677,0.502,0.893,0.67,0.739,0.795,0.109,0.753,-0.156,0.779,0.902
AGNCM,0.083,-0.164,-0.739,-0.403,-0.072,-0.538,0.658,0.0,-0.451,0.666,-0.203,-0.249,0.693,-0.284,0.85,0.794,0.645,-0.189,0.015,0.642,-0.739,0.454,0.765,0.21,0.671,-0.664,-0.56,-0.326,0.795,0.587,-0.37,0.232,0.737,0.171,0.815,-0.422,0.637,0.031,0.556,0.355,0.54,-0.692,0.522,-0.347,0.084,-0.619,0.735,-0.046,0.344,0.623,0.683,-0.041,0.832,0.201,0.609,0.654,0.011,0.471,0.634,0.079,-0.122,0.835,0.472,-0.778,0.844,0.707,0.253,0.291,0.87,0.397,0.03,0.384,0.437,0.855,0.132,0.081,0.558,0.182,0.35,0.652,-0.043,0.74,0.755,0.086,0.283,0.286,0.783,0.243,-0.194,0.537,0.548,0.512,-0.102,0.739,-0.009,0.607,0.09,-0.749,0.401,-0.594,-0.722,0.166,0.779,0.394,0.415,0.679,0.013,0.16,0.194,0.077,-0.68,0.133,0.414,0.355,0.46,0.615,0.602,0.84,-0.597,0.708,0.739,0.327,-0.654,0.238,0.598,0.251,0.816,-0.6,0.756,-0.329,0.314,-0.776,0.122,-0.599,-0.455,0.566,-0.097,-0.672,-0.569,0.686,-0.608,0.016,-0.541,-0.743,0.824,0.188,-0.088,0.287,0.609,0.679,0.771,0.603,0.497,0.593,-0.255,0.615,-0.056,0.197,0.495,-0.159,-0.521,0.455,0.702,0.072,0.822,0.85,-0.511,0.605,0.586,0.147,-0.526,-0.008,0.598,0.071,0.692,0.727,-0.739,0.503,0.65,0.599,0.418,0.711,0.007,0.541,0.825,0.613,-0.393,0.794,-0.314,0.693,0.468,0.678,0.855,0.776,0.873,-0.209,0.518,-0.193,0.759,0.652
AHCO,0.541,0.701,0.433,0.695,0.718,0.699,0.009,-0.451,0.0,-0.208,0.835,0.738,0.039,0.222,-0.231,-0.283,-0.268,0.633,0.149,-0.01,0.584,0.208,-0.135,0.429,-0.069,0.749,0.623,0.401,-0.455,0.222,0.68,0.452,-0.082,0.529,-0.493,0.648,0.063,0.498,-0.278,0.525,-0.116,0.59,-0.541,0.639,0.435,0.806,-0.124,0.553,0.338,0.067,-0.393,0.627,-0.428,0.309,0.093,-0.075,0.473,0.113,-0.054,0.292,0.78,-0.476,0.215,0.662,-0.308,-0.386,0.069,0.239,-0.395,0.414,0.679,0.142,0.137,-0.461,0.107,0.574,0.085,0.003,-0.274,-0.546,0.556,-0.264,-0.342,0.284,0.046,0.515,-0.281,0.35,0.119,-0.219,0.165,-0.336,0.652,-0.097,0.553,-0.279,0.58,0.646,0.204,0.505,0.56,0.66,-0.196,0.329,-0.143,-0.14,0.569,0.375,0.428,0.064,0.745,0.356,0.384,0.14,-0.026,-0.116,-0.827,-0.459,0.725,-0.102,-0.135,-0.089,0.532,-0.21,-0.387,0.392,-0.361,0.693,-0.374,0.699,0.434,0.689,0.519,0.117,0.454,0.116,0.261,0.143,0.771,-0.279,0.699,0.521,0.562,0.599,-0.226,0.596,0.718,-0.192,0.132,0.012,-0.463,-0.045,-0.247,-0.618,0.527,-0.048,0.725,0.458,-0.047,0.683,0.7,0.281,-0.195,0.666,-0.471,-0.279,0.799,-0.155,-0.578,0.426,0.781,0.663,0.021,0.548,-0.416,-0.431,0.709,0.136,-0.033,-0.05,0.32,-0.449,0.651,-0.093,-0.218,-0.339,0.896,-0.508,0.852,-0.229,-0.239,-0.022,-0.57,-0.406,-0.297,0.696,0.091,0.534,-0.219,0.116
ALGT,0.473,0.148,-0.617,-0.266,0.198,-0.436,0.78,0.666,-0.208,0.0,0.018,-0.006,0.803,-0.111,0.802,0.856,0.664,-0.204,0.053,0.813,-0.62,0.565,0.801,0.635,0.849,-0.442,-0.243,-0.31,0.689,0.602,-0.107,0.546,0.807,0.108,0.659,-0.431,0.866,0.491,0.752,0.427,0.658,-0.543,0.446,-0.169,0.333,-0.278,0.804,0.38,0.485,0.686,0.739,0.148,0.816,0.29,0.778,0.677,0.16,0.759,0.632,-0.015,0.211,0.828,0.771,-0.621,0.805,0.648,0.297,0.507,0.772,0.693,0.397,0.44,0.845,0.751,0.241,0.507,0.763,0.333,0.351,0.52,0.459,0.814,0.802,0.274,0.528,0.386,0.845,0.683,-0.309,0.49,0.68,0.472,0.364,0.831,0.197,0.527,0.593,-0.627,0.27,-0.479,-0.493,0.345,0.905,0.586,0.42,0.745,0.374,0.207,0.463,0.266,-0.556,0.072,0.675,0.338,0.639,0.779,0.502,0.77,-0.442,0.893,0.787,0.25,-0.568,0.034,0.597,0.441,0.842,-0.45,0.634,0.138,0.195,-0.538,0.431,-0.425,-0.479,0.761,0.121,-0.775,-0.497,0.819,-0.45,0.347,-0.65,-0.52,0.834,0.379,0.104,0.269,0.806,0.66,0.708,0.404,0.638,0.231,-0.255,0.731,-0.015,0.313,0.565,-0.141,-0.256,0.652,0.779,0.306,0.742,0.796,-0.027,0.653,0.475,0.612,-0.378,0.342,0.828,0.5,0.488,0.667,-0.523,0.566,0.568,0.667,0.539,0.754,0.171,0.561,0.738,0.376,-0.232,0.737,-0.184,0.646,0.561,0.835,0.619,0.802,0.79,0.079,0.809,-0.274,0.769,0.786
ALLO,0.741,0.804,0.182,0.462,0.751,0.749,0.209,-0.203,0.835,0.018,0.0,0.618,0.186,0.189,0.043,-0.07,-0.058,0.59,0.231,0.19,0.473,0.269,0.054,0.466,0.172,0.702,0.628,0.2,-0.216,0.311,0.49,0.613,0.086,0.465,-0.341,0.604,0.19,0.514,-0.239,0.604,-0.063,0.498,-0.442,0.436,0.293,0.616,0.063,0.588,0.508,0.183,-0.228,0.617,-0.23,0.249,0.312,0.079,0.344,0.154,-0.006,0.455,0.757,-0.22,0.289,0.529,-0.121,-0.227,-0.022,0.209,-0.159,0.529,0.728,0.222,0.247,-0.295,-0.041,0.633,0.229,-0.201,-0.249,-0.461,0.536,-0.114,-0.177,0.048,0.259,0.685,-0.102,0.518,0.209,-0.1,0.416,-0.19,0.608,0.082,0.589,-0.183,0.641,0.429,0.325,0.344,0.431,0.825,0.005,0.522,-0.289,0.131,0.591,0.51,0.494,-0.117,0.584,0.466,0.537,0.074,-0.002,0.095,-0.694,-0.307,0.6,0.057,0.166,-0.201,0.261,-0.037,-0.262,0.547,-0.157,0.722,-0.118,0.576,0.485,0.592,0.746,-0.023,0.432,0.388,0.229,0.039,0.771,-0.088,0.542,0.476,0.292,0.558,0.042,0.66,0.802,-0.008,0.348,0.387,-0.234,0.058,-0.199,-0.613,0.444,0.187,0.737,0.503,0.127,0.656,0.712,0.553,0.057,0.718,-0.314,-0.013,0.629,-0.022,-0.45,0.42,0.75,0.779,0.195,0.685,-0.295,-0.178,0.544,0.309,0.138,0.091,0.484,-0.37,0.734,0.167,-0.019,-0.336,0.805,-0.378,0.898,-0.197,-0.166,0.196,-0.379,-0.294,-0.046,0.76,0.132,0.507,-0.118,0.341
AMSF,0.421,0.394,0.252,0.55,0.546,0.504,0.052,-0.249,0.738,-0.006,0.618,0.0,0.193,0.399,-0.107,-0.023,-0.185,0.679,-0.162,0.207,0.494,0.162,-0.046,0.547,-0.09,0.316,0.475,0.571,-0.437,0.235,0.7,0.509,-0.009,0.293,-0.46,0.253,0.273,0.61,-0.252,0.407,0.022,0.387,-0.059,0.556,0.621,0.729,0.125,0.701,0.595,0.109,-0.386,0.372,-0.251,0.401,0.315,-0.035,0.679,0.273,0.231,0.25,0.743,-0.189,0.349,0.283,-0.082,-0.24,0.387,0.529,-0.186,0.441,0.729,0.176,0.155,-0.265,0.364,0.538,0.28,0.162,-0.452,-0.554,0.558,-0.112,-0.193,0.471,-0.058,0.457,-0.193,0.227,-0.315,-0.284,0.108,-0.499,0.743,-0.063,0.701,-0.059,0.61,0.332,0.546,0.494,0.268,0.528,-0.011,0.136,0.057,-0.143,0.63,0.103,0.302,0.265,0.666,0.328,0.59,0.253,0.094,-0.042,-0.54,-0.079,0.704,0.027,-0.109,0.222,0.253,-0.551,-0.251,0.348,-0.186,0.363,-0.253,0.766,0.53,0.528,0.39,-0.052,0.011,0.055,0.457,-0.204,0.528,-0.08,0.574,0.586,0.619,0.31,-0.103,0.451,0.542,-0.59,0.225,0.092,-0.534,0.121,-0.226,-0.491,0.596,0.076,0.697,0.612,0.211,0.696,0.302,0.458,-0.311,0.59,-0.274,-0.072,0.734,-0.278,-0.742,0.453,0.468,0.42,0.229,0.671,-0.518,-0.193,0.279,0.552,-0.051,0.047,0.208,-0.135,0.653,-0.14,-0.055,0.06,0.656,-0.18,0.653,0.065,-0.253,0.074,-0.479,-0.258,-0.005,0.705,0.292,0.63,0.012,0.174
ANAB,0.453,0.151,-0.607,0.073,0.362,-0.401,0.836,0.693,0.039,0.803,0.186,0.193,0.0,-0.168,0.862,0.853,0.547,0.069,0.022,0.8,-0.601,0.669,0.84,0.701,0.808,-0.416,-0.318,-0.148,0.633,0.829,0.063,0.615,0.896,0.388,0.666,-0.325,0.918,0.512,0.617,0.669,0.674,-0.597,0.478,0.048,0.394,-0.181,0.92,0.422,0.554,0.847,0.655,0.34,0.834,0.496,0.85,0.741,0.387,0.814,0.752,0.015,0.398,0.722,0.848,-0.61,0.902,0.657,0.48,0.645,0.837,0.811,0.521,0.607,0.805,0.777,0.386,0.483,0.87,0.429,0.31,0.474,0.466,0.829,0.783,0.33,0.35,0.573,0.847,0.56,-0.308,0.536,0.708,0.386,0.447,0.847,0.297,0.58,0.619,-0.596,0.53,-0.441,-0.574,0.559,0.903,0.623,0.559,0.646,0.426,0.442,0.532,0.295,-0.388,0.317,0.77,0.594,0.633,0.728,0.318,0.778,-0.341,0.868,0.777,0.447,-0.523,-0.051,0.516,0.522,0.8,-0.393,0.57,0.18,0.528,-0.564,0.38,-0.599,-0.484,0.728,0.1,-0.798,-0.352,0.787,-0.337,0.494,-0.399,-0.58,0.872,0.553,0.289,0.122,0.872,0.659,0.625,0.667,0.594,0.309,-0.068,0.742,0.347,0.48,0.641,0.202,-0.304,0.668,0.695,0.516,0.761,0.861,-0.003,0.623,0.339,0.651,-0.26,0.369,0.867,0.511,0.514,0.61,-0.513,0.713,0.63,0.715,0.625,0.742,0.328,0.521,0.874,0.548,0.069,0.744,0.069,0.776,0.485,0.813,0.645,0.756,0.88,0.206,0.836,0.049,0.86,0.838
ANDE,0.005,-0.02,0.616,0.395,0.195,0.275,-0.173,-0.284,0.222,-0.111,0.189,0.399,-0.168,0.0,-0.311,-0.367,-0.526,0.547,-0.636,0.006,0.354,-0.274,-0.399,0.28,-0.32,0.09,0.167,0.769,-0.574,-0.054,0.631,0.321,-0.284,-0.291,-0.325,-0.047,-0.134,0.529,-0.303,0.006,-0.074,0.279,0.039,0.572,0.303,0.612,-0.086,0.607,0.283,-0.354,-0.619,-0.381,-0.364,0.51,-0.271,-0.556,0.552,0.219,0.165,-0.24,0.17,-0.32,0.056,0.255,-0.209,-0.53,0.54,0.509,-0.411,-0.058,0.347,0.378,-0.042,-0.401,0.607,0.295,0.207,0.303,-0.68,-0.716,0.395,-0.493,-0.528,0.262,-0.377,-0.231,-0.412,0.176,-0.556,-0.637,-0.437,-0.774,0.518,-0.401,0.496,-0.572,0.217,0.352,0.32,0.761,-0.021,0.108,-0.191,0.022,-0.347,-0.409,0.303,-0.37,-0.052,0.621,0.239,0.054,0.284,0.326,-0.479,-0.516,-0.171,-0.126,0.598,-0.041,-0.446,0.194,-0.085,-0.586,-0.654,-0.374,-0.179,-0.009,-0.501,0.635,0.326,0.461,-0.031,0.106,-0.283,-0.326,0.872,-0.052,0.307,0.052,0.092,0.566,0.351,0.339,-0.353,-0.052,0.041,-0.493,-0.228,0.029,-0.548,0.07,0.005,-0.073,-0.058,0.113,0.304,0.503,0.363,0.438,0.077,0.014,-0.431,0.439,-0.317,-0.364,0.482,-0.449,-0.575,0.302,-0.104,0.032,-0.24,0.185,-0.594,-0.491,0.152,0.041,-0.173,-0.417,-0.381,-0.385,0.61,-0.68,-0.372,0.104,0.189,-0.262,0.292,0.091,-0.78,-0.009,-0.437,-0.384,-0.178,0.496,0.144,0.46,0.011,-0.323
APLS,0.384,0.111,-0.797,-0.27,0.204,-0.445,0.872,0.85,-0.231,0.802,0.043,-0.107,0.862,-0.311,0.0,0.915,0.749,-0.092,0.151,0.797,-0.697,0.681,0.917,0.441,0.846,-0.523,-0.452,-0.383,0.828,0.742,-0.231,0.395,0.905,0.348,0.829,-0.301,0.826,0.237,0.61,0.549,0.672,-0.698,0.483,-0.29,0.195,-0.492,0.861,0.158,0.484,0.826,0.751,0.207,0.909,0.297,0.801,0.827,0.124,0.618,0.721,0.195,0.147,0.882,0.698,-0.683,0.906,0.811,0.219,0.401,0.93,0.635,0.317,0.418,0.672,0.876,0.1,0.337,0.709,0.222,0.447,0.616,0.174,0.843,0.833,0.108,0.498,0.517,0.899,0.455,-0.114,0.61,0.777,0.561,0.136,0.896,0.14,0.604,0.373,-0.712,0.451,-0.634,-0.681,0.404,0.912,0.625,0.451,0.832,0.294,0.406,0.404,0.084,-0.583,0.228,0.617,0.421,0.625,0.804,0.47,0.828,-0.5,0.843,0.904,0.361,-0.622,0.204,0.658,0.513,0.886,-0.466,0.828,-0.157,0.401,-0.683,0.357,-0.583,-0.412,0.792,-0.063,-0.74,-0.438,0.757,-0.462,0.193,-0.56,-0.661,0.963,0.416,0.155,0.341,0.848,0.752,0.822,0.571,0.605,0.458,-0.17,0.727,0.135,0.246,0.548,-0.04,-0.326,0.68,0.842,0.28,0.884,0.939,-0.301,0.722,0.551,0.396,-0.339,0.275,0.819,0.356,0.697,0.799,-0.662,0.615,0.75,0.79,0.652,0.763,0.154,0.677,0.939,0.571,-0.194,0.773,-0.142,0.705,0.55,0.848,0.844,0.826,0.922,-0.019,0.692,-0.19,0.813,0.854
APPF,0.318,0.064,-0.849,-0.311,0.128,-0.54,0.838,0.794,-0.283,0.856,-0.07,-0.023,0.853,-0.367,0.915,0.0,0.809,-0.189,0.197,0.845,-0.689,0.677,0.904,0.45,0.811,-0.607,-0.433,-0.381,0.793,0.684,-0.253,0.324,0.868,0.299,0.756,-0.38,0.881,0.22,0.682,0.456,0.731,-0.729,0.597,-0.368,0.282,-0.52,0.873,0.12,0.49,0.86,0.787,0.223,0.914,0.199,0.884,0.882,0.109,0.613,0.708,0.175,0.16,0.926,0.705,-0.771,0.892,0.82,0.217,0.38,0.939,0.659,0.281,0.279,0.687,0.904,0.084,0.317,0.673,0.287,0.485,0.68,0.177,0.936,0.926,0.223,0.529,0.493,0.924,0.374,-0.194,0.655,0.763,0.601,0.136,0.902,0.081,0.672,0.385,-0.785,0.395,-0.712,-0.589,0.282,0.933,0.477,0.611,0.822,0.315,0.344,0.408,0.096,-0.532,0.175,0.592,0.346,0.791,0.897,0.521,0.866,-0.544,0.826,0.887,0.423,-0.569,0.093,0.816,0.561,0.82,-0.506,0.84,-0.139,0.303,-0.725,0.311,-0.542,-0.483,0.746,-0.112,-0.805,-0.555,0.737,-0.408,0.123,-0.525,-0.758,0.935,0.346,0.099,0.225,0.835,0.607,0.767,0.471,0.547,0.411,-0.117,0.629,0.018,0.186,0.455,-0.127,-0.39,0.67,0.787,0.134,0.891,0.963,-0.267,0.718,0.526,0.395,-0.354,0.224,0.899,0.353,0.668,0.886,-0.716,0.67,0.692,0.868,0.639,0.875,-0.0,0.707,0.927,0.59,-0.257,0.823,-0.254,0.716,0.672,0.809,0.787,0.885,0.918,-0.094,0.702,-0.261,0.801,0.867
ASML,0.316,0.276,-0.78,-0.504,0.069,-0.327,0.726,0.645,-0.268,0.664,-0.058,-0.185,0.547,-0.526,0.749,0.809,0.0,-0.266,0.502,0.685,-0.504,0.64,0.785,0.191,0.692,-0.374,-0.3,-0.542,0.736,0.423,-0.397,0.07,0.649,0.417,0.576,-0.085,0.638,-0.044,0.633,0.315,0.631,-0.461,0.31,-0.556,0.236,-0.55,0.518,-0.115,0.318,0.721,0.711,0.361,0.693,-0.14,0.718,0.857,-0.183,0.259,0.444,0.436,0.132,0.81,0.416,-0.502,0.575,0.706,-0.234,-0.018,0.725,0.457,0.125,-0.114,0.466,0.715,-0.332,0.25,0.287,0.011,0.574,0.652,-0.05,0.797,0.814,0.057,0.692,0.502,0.748,0.261,0.111,0.648,0.757,0.7,-0.1,0.772,-0.046,0.534,0.204,-0.637,0.107,-0.685,-0.295,0.15,0.737,0.432,0.471,0.831,0.289,0.325,0.274,-0.235,-0.399,0.104,0.342,0.021,0.783,0.847,0.413,0.608,-0.463,0.572,0.815,0.125,-0.254,0.321,0.842,0.542,0.608,-0.266,0.885,-0.329,0.003,-0.542,0.375,-0.37,-0.138,0.727,-0.281,-0.541,-0.42,0.46,-0.225,-0.198,-0.486,-0.542,0.767,0.226,0.08,0.375,0.669,0.44,0.712,0.113,0.343,0.213,-0.069,0.459,-0.149,-0.072,0.041,-0.394,-0.075,0.629,0.786,-0.06,0.708,0.763,-0.31,0.689,0.524,0.133,-0.098,0.299,0.693,0.275,0.642,0.871,-0.507,0.435,0.633,0.843,0.651,0.663,-0.159,0.81,0.717,0.318,-0.292,0.537,-0.269,0.353,0.714,0.656,0.651,0.752,0.645,-0.17,0.374,-0.422,0.476,0.782
ATRC,0.23,0.359,0.431,0.625,0.626,0.497,0.092,-0.189,0.633,-0.204,0.59,0.679,0.069,0.547,-0.092,-0.189,-0.266,0.0,-0.279,0.129,0.484,0.118,-0.193,0.31,-0.189,0.302,0.183,0.708,-0.505,0.327,0.707,0.366,-0.119,0.412,-0.342,0.411,0.065,0.438,-0.44,0.435,0.139,0.317,-0.098,0.529,0.505,0.645,0.038,0.517,0.596,0.053,-0.558,0.212,-0.291,0.497,0.049,-0.169,0.64,0.168,0.274,0.31,0.625,-0.294,0.19,0.349,-0.148,-0.376,0.372,0.467,-0.2,0.195,0.593,0.231,-0.065,-0.299,0.366,0.383,0.193,0.234,-0.502,-0.614,0.329,-0.299,-0.366,0.357,-0.203,0.325,-0.295,0.13,-0.164,-0.412,0.017,-0.604,0.568,-0.197,0.692,-0.341,0.352,0.383,0.644,0.599,0.135,0.469,-0.089,0.189,-0.092,-0.179,0.51,0.103,0.224,0.313,0.536,0.401,0.469,0.393,-0.134,-0.247,-0.542,-0.167,0.745,-0.064,-0.184,0.241,0.207,-0.47,-0.413,0.119,-0.195,0.303,-0.23,0.597,0.689,0.475,0.187,-0.176,0.079,-0.112,0.607,-0.117,0.647,-0.116,0.404,0.525,0.644,0.285,-0.133,0.239,0.512,-0.435,0.023,0.168,-0.501,0.239,-0.155,-0.181,0.468,0.09,0.792,0.687,0.149,0.766,0.339,0.338,-0.305,0.632,-0.28,-0.112,0.554,-0.286,-0.677,0.286,0.363,0.307,-0.02,0.413,-0.464,-0.254,0.246,0.287,0.156,-0.021,0.089,-0.296,0.713,-0.347,-0.069,0.22,0.661,-0.351,0.673,0.128,-0.573,0.058,-0.368,-0.329,-0.034,0.674,0.142,0.726,0.033,0.06
AVGO,0.301,0.587,-0.345,-0.211,0.207,0.148,0.323,0.015,0.149,0.053,0.231,-0.162,0.022,-0.636,0.151,0.197,0.502,-0.279,0.0,0.2,0.05,0.312,0.254,0.008,0.355,0.347,0.272,-0.619,0.349,0.083,-0.359,-0.241,0.152,0.395,0.072,0.522,0.129,-0.199,0.161,0.27,0.088,0.123,-0.339,-0.333,-0.149,-0.226,-0.121,-0.323,-0.129,0.393,0.406,0.542,0.036,-0.407,0.283,0.549,-0.351,-0.209,-0.253,0.49,0.107,0.077,-0.079,0.161,-0.06,0.317,-0.723,-0.518,0.08,0.245,0.001,-0.429,0.156,0.105,-0.7,0.169,-0.244,-0.346,0.635,0.394,-0.062,0.247,0.266,-0.198,0.64,0.424,0.283,-0.003,0.675,0.647,0.485,0.73,-0.199,0.343,-0.393,0.231,0.086,0.05,-0.37,-0.51,0.373,0.266,0.046,0.33,0.101,0.485,0.143,0.523,0.391,-0.571,0.179,0.247,-0.092,-0.262,0.528,0.53,-0.26,-0.154,-0.255,0.032,0.461,-0.206,0.371,0.611,0.554,0.65,-0.119,0.391,0.409,-0.275,-0.143,-0.004,0.424,0.206,0.564,0.455,-0.629,0.224,0.098,-0.145,0.379,-0.353,-0.117,0.07,0.2,0.345,0.397,0.447,0.326,-0.056,0.325,-0.436,-0.209,-0.247,0.282,-0.23,-0.075,-0.462,-0.485,-0.233,0.468,0.203,0.469,-0.208,0.134,0.148,-0.017,0.548,0.343,-0.038,0.554,0.483,0.261,0.033,0.478,0.347,0.229,-0.176,0.217,0.467,0.614,0.011,-0.278,0.687,0.128,-0.431,0.173,-0.115,0.09,-0.334,0.619,0.107,0.149,0.087,-0.045,-0.23,-0.166,-0.449,-0.22,0.39
AVT,0.436,0.361,-0.565,-0.077,0.449,-0.311,0.92,0.642,-0.01,0.813,0.19,0.207,0.8,0.006,0.797,0.845,0.685,0.129,0.2,0.0,-0.445,0.68,0.781,0.684,0.763,-0.373,-0.247,-0.059,0.571,0.787,0.073,0.447,0.765,0.39,0.589,-0.118,0.879,0.524,0.579,0.7,0.774,-0.482,0.451,-0.05,0.526,-0.158,0.794,0.414,0.655,0.85,0.575,0.279,0.701,0.431,0.846,0.779,0.379,0.732,0.756,0.271,0.387,0.717,0.751,-0.513,0.736,0.598,0.325,0.567,0.717,0.786,0.572,0.375,0.768,0.722,0.254,0.628,0.741,0.446,0.337,0.4,0.455,0.732,0.697,0.407,0.553,0.603,0.806,0.513,-0.292,0.556,0.716,0.401,0.452,0.822,0.275,0.383,0.604,-0.493,0.512,-0.404,-0.446,0.521,0.856,0.712,0.495,0.785,0.637,0.361,0.589,0.324,-0.269,0.418,0.797,0.559,0.749,0.77,0.255,0.721,-0.249,0.847,0.807,0.532,-0.391,-0.041,0.617,0.611,0.657,-0.343,0.7,0.208,0.54,-0.431,0.48,-0.479,-0.4,0.72,0.225,-0.787,-0.286,0.737,-0.158,0.396,-0.291,-0.526,0.805,0.536,0.387,0.09,0.851,0.609,0.555,0.386,0.52,0.294,0.019,0.624,0.286,0.41,0.474,0.121,-0.118,0.785,0.733,0.407,0.759,0.802,0.109,0.712,0.292,0.631,-0.16,0.495,0.868,0.485,0.515,0.694,-0.492,0.613,0.759,0.842,0.719,0.651,0.33,0.532,0.753,0.522,0.045,0.593,0.017,0.707,0.445,0.901,0.579,0.702,0.808,0.161,0.767,-0.083,0.773,0.872
AXDX,0.112,0.36,0.674,0.339,0.248,0.816,-0.534,-0.739,0.584,-0.62,0.473,0.494,-0.601,0.354,-0.697,-0.689,-0.504,0.484,0.05,-0.445,0.0,-0.375,-0.7,-0.116,-0.601,0.713,0.704,0.402,-0.785,-0.463,0.425,-0.078,-0.714,-0.021,-0.885,0.615,-0.517,0.048,-0.722,-0.141,-0.483,0.832,-0.528,0.367,0.085,0.688,-0.694,0.172,0.081,-0.527,-0.762,0.137,-0.848,-0.14,-0.431,-0.564,0.122,-0.467,-0.523,0.254,0.295,-0.713,-0.44,0.805,-0.799,-0.679,-0.267,-0.236,-0.785,-0.286,0.183,-0.363,-0.484,-0.859,-0.211,0.047,-0.504,-0.364,-0.482,-0.787,0.079,-0.745,-0.767,-0.059,-0.212,-0.032,-0.789,-0.216,0.215,-0.526,-0.357,-0.555,0.185,-0.702,0.262,-0.507,0.014,0.765,-0.055,0.667,0.734,0.115,-0.709,-0.29,-0.522,-0.525,0.209,-0.137,-0.077,-0.207,0.839,0.093,-0.135,-0.353,-0.42,-0.526,-0.747,-0.759,0.8,-0.668,-0.57,-0.325,0.668,-0.197,-0.533,-0.008,-0.783,0.739,-0.611,0.378,-0.045,0.897,0.126,0.52,0.539,-0.431,0.184,0.598,0.826,-0.696,0.776,0.006,0.711,0.815,-0.695,-0.01,0.366,-0.422,-0.442,-0.36,-0.828,-0.509,-0.702,-0.685,0.564,-0.51,0.342,0.043,-0.372,0.399,0.628,-0.101,-0.685,0.081,-0.83,-0.708,0.552,-0.625,-0.782,-0.173,0.716,0.181,-0.504,0.175,-0.734,-0.557,0.683,-0.232,-0.507,-0.492,-0.219,-0.78,0.267,-0.402,-0.744,-0.521,0.552,-0.837,0.581,-0.673,-0.529,-0.546,-0.856,-0.845,-0.712,0.437,-0.487,0.427,-0.744,-0.449
AXSM,0.463,0.447,-0.464,0.085,0.473,-0.179,0.766,0.454,0.208,0.565,0.269,0.162,0.669,-0.274,0.681,0.677,0.64,0.118,0.312,0.68,-0.375,0.0,0.775,0.484,0.676,-0.123,-0.237,-0.14,0.474,0.771,0.058,0.377,0.679,0.701,0.506,0.141,0.751,0.318,0.557,0.66,0.679,-0.376,0.169,-0.151,0.441,-0.125,0.607,0.272,0.479,0.811,0.482,0.596,0.614,0.259,0.708,0.772,0.258,0.557,0.643,0.395,0.421,0.545,0.681,-0.265,0.554,0.446,0.133,0.371,0.595,0.706,0.529,0.203,0.64,0.595,0.056,0.481,0.52,0.296,0.334,0.373,0.299,0.681,0.645,0.352,0.496,0.633,0.645,0.513,-0.074,0.423,0.792,0.407,0.308,0.767,0.292,0.403,0.526,-0.307,0.306,-0.403,-0.199,0.465,0.708,0.647,0.515,0.655,0.527,0.526,0.584,0.053,-0.194,0.184,0.556,0.293,0.689,0.7,0.065,0.473,-0.123,0.591,0.693,0.257,-0.135,0.078,0.514,0.579,0.556,-0.146,0.609,0.124,0.404,-0.322,0.516,-0.342,-0.098,0.715,-0.003,-0.6,-0.131,0.444,-0.086,0.282,-0.236,-0.387,0.673,0.498,0.376,0.222,0.741,0.415,0.532,0.417,0.391,0.204,0.049,0.55,0.323,0.313,0.268,0.099,0.087,0.644,0.672,0.386,0.553,0.663,0.103,0.624,0.327,0.492,0.054,0.532,0.696,0.482,0.486,0.557,-0.205,0.491,0.727,0.813,0.727,0.479,0.249,0.56,0.688,0.373,0.2,0.381,0.068,0.509,0.432,0.753,0.467,0.648,0.555,0.105,0.641,-0.094,0.61,0.817
AZN,0.4,0.184,-0.789,-0.258,0.191,-0.431,0.839,0.765,-0.135,0.801,0.054,-0.046,0.84,-0.399,0.917,0.904,0.785,-0.193,0.254,0.781,-0.7,0.775,0.0,0.474,0.846,-0.434,-0.373,-0.399,0.823,0.721,-0.239,0.381,0.913,0.412,0.778,-0.227,0.84,0.242,0.699,0.557,0.654,-0.62,0.382,-0.261,0.261,-0.449,0.824,0.166,0.405,0.833,0.795,0.327,0.87,0.223,0.836,0.877,0.09,0.613,0.687,0.216,0.179,0.841,0.734,-0.619,0.851,0.77,0.182,0.357,0.876,0.704,0.328,0.338,0.723,0.868,0.061,0.395,0.666,0.227,0.479,0.641,0.2,0.891,0.877,0.169,0.535,0.565,0.898,0.511,-0.134,0.636,0.804,0.612,0.152,0.943,0.142,0.637,0.419,-0.659,0.32,-0.644,-0.536,0.389,0.892,0.636,0.524,0.812,0.321,0.416,0.444,0.055,-0.532,0.155,0.582,0.342,0.716,0.836,0.414,0.777,-0.476,0.824,0.885,0.301,-0.493,0.212,0.676,0.55,0.834,-0.408,0.802,-0.109,0.312,-0.647,0.421,-0.518,-0.347,0.836,-0.117,-0.735,-0.467,0.692,-0.389,0.173,-0.544,-0.63,0.903,0.476,0.159,0.329,0.85,0.635,0.809,0.517,0.555,0.372,-0.168,0.686,0.064,0.201,0.471,-0.129,-0.251,0.667,0.86,0.254,0.84,0.895,-0.226,0.748,0.567,0.421,-0.249,0.353,0.824,0.377,0.704,0.752,-0.538,0.596,0.72,0.817,0.689,0.752,0.107,0.738,0.89,0.471,-0.148,0.763,-0.153,0.639,0.659,0.845,0.772,0.852,0.853,-0.05,0.702,-0.248,0.776,0.886
BANR,0.638,0.45,-0.085,0.394,0.64,0.013,0.648,0.21,0.429,0.635,0.466,0.547,0.701,0.28,0.441,0.45,0.191,0.31,0.008,0.684,-0.116,0.484,0.474,0.0,0.593,0.038,0.189,0.161,0.152,0.651,0.495,0.735,0.573,0.282,0.213,-0.037,0.769,0.914,0.408,0.695,0.463,-0.083,0.131,0.465,0.55,0.419,0.579,0.824,0.577,0.565,0.272,0.357,0.363,0.647,0.623,0.389,0.644,0.844,0.535,-0.009,0.595,0.28,0.783,-0.104,0.478,0.228,0.495,0.756,0.293,0.838,0.808,0.617,0.829,0.279,0.52,0.805,0.779,0.449,0.03,-0.026,0.872,0.376,0.31,0.466,0.316,0.517,0.469,0.705,-0.374,0.24,0.483,0.038,0.866,0.543,0.484,0.22,0.92,-0.058,0.425,0.054,-0.167,0.739,0.562,0.673,0.246,0.374,0.676,0.358,0.612,0.495,0.064,0.373,0.846,0.576,0.434,0.445,-0.093,0.371,0.123,0.693,0.454,0.352,-0.155,-0.268,0.116,0.492,0.43,-0.039,0.126,0.727,0.54,0.016,0.571,-0.184,-0.278,0.587,0.425,-0.565,0.072,0.559,0.098,0.835,-0.085,-0.039,0.447,0.693,0.543,-0.09,0.734,0.44,0.157,0.333,0.385,-0.115,0.163,0.524,0.551,0.608,0.557,0.461,0.122,0.613,0.388,0.722,0.322,0.386,0.601,0.4,-0.071,0.936,0.077,0.636,0.691,0.74,0.079,0.163,-0.028,0.515,0.364,0.425,0.526,0.296,0.638,0.194,0.39,0.166,0.415,0.308,0.405,0.486,0.167,0.653,0.098,0.302,0.448,0.518,0.821,0.206,0.562,0.609
BBIO,0.564,0.326,-0.666,-0.174,0.301,-0.322,0.849,0.671,-0.069,0.849,0.172,-0.09,0.808,-0.32,0.846,0.811,0.692,-0.189,0.355,0.763,-0.601,0.676,0.846,0.593,0.0,-0.246,-0.173,-0.476,0.785,0.695,-0.199,0.494,0.858,0.329,0.727,-0.166,0.833,0.383,0.693,0.595,0.575,-0.488,0.24,-0.19,0.154,-0.323,0.74,0.25,0.382,0.803,0.798,0.375,0.794,0.228,0.776,0.808,0.081,0.637,0.528,0.143,0.232,0.727,0.692,-0.478,0.782,0.683,0.08,0.333,0.758,0.73,0.379,0.419,0.812,0.741,0.034,0.499,0.675,0.191,0.517,0.621,0.391,0.802,0.794,0.108,0.609,0.557,0.892,0.636,0.016,0.683,0.815,0.667,0.27,0.902,0.065,0.581,0.564,-0.526,0.192,-0.6,-0.403,0.546,0.829,0.743,0.367,0.838,0.322,0.525,0.551,0.044,-0.457,0.242,0.588,0.352,0.656,0.855,0.317,0.641,-0.478,0.845,0.897,0.16,-0.407,0.313,0.618,0.612,0.771,-0.254,0.69,0.023,0.285,-0.519,0.555,-0.345,-0.192,0.884,-0.099,-0.602,-0.352,0.738,-0.349,0.286,-0.613,-0.446,0.868,0.551,0.27,0.469,0.89,0.655,0.802,0.405,0.563,0.183,-0.128,0.657,0.117,0.192,0.448,-0.059,-0.076,0.633,0.904,0.317,0.732,0.797,-0.072,0.82,0.58,0.569,-0.136,0.493,0.834,0.44,0.678,0.657,-0.364,0.442,0.647,0.732,0.728,0.64,0.152,0.742,0.793,0.229,-0.056,0.657,-0.013,0.518,0.651,0.792,0.689,0.74,0.733,0.041,0.703,-0.307,0.681,0.852
BCYC,0.409,0.672,0.552,0.393,0.469,0.827,-0.315,-0.664,0.749,-0.442,0.702,0.316,-0.416,0.09,-0.523,-0.607,-0.374,0.302,0.347,-0.373,0.713,-0.123,-0.434,0.038,-0.246,0.0,0.787,0.118,-0.498,-0.233,0.316,0.111,-0.452,0.218,-0.651,0.792,-0.375,0.129,-0.427,0.15,-0.481,0.818,-0.818,0.37,-0.025,0.649,-0.58,0.187,-0.084,-0.312,-0.433,0.465,-0.685,-0.144,-0.281,-0.329,-0.038,-0.316,-0.579,0.295,0.383,-0.699,-0.259,0.903,-0.681,-0.569,-0.412,-0.296,-0.684,0.014,0.276,-0.19,-0.167,-0.718,-0.311,0.266,-0.392,-0.402,-0.186,-0.525,0.239,-0.551,-0.574,-0.151,0.085,0.243,-0.54,0.185,0.488,-0.244,-0.025,-0.206,0.25,-0.369,0.15,-0.433,0.233,0.799,-0.287,0.456,0.843,0.378,-0.553,0.152,-0.501,-0.247,0.204,0.286,0.174,-0.322,0.723,0.187,-0.102,-0.333,-0.295,-0.305,-0.822,-0.81,0.598,-0.463,-0.29,-0.518,0.707,0.153,-0.472,0.191,-0.631,0.916,-0.484,0.388,-0.046,0.826,0.445,0.428,0.82,-0.045,-0.027,0.602,0.826,-0.573,0.686,0.109,0.413,0.879,-0.506,0.308,0.545,0.092,-0.193,-0.193,-0.469,-0.406,-0.474,-0.749,0.411,-0.368,0.353,0.025,-0.406,0.345,0.881,-0.051,-0.271,0.259,-0.739,-0.594,0.606,-0.24,-0.414,0.047,0.864,0.523,-0.348,0.23,-0.438,-0.574,0.944,-0.341,-0.288,-0.339,0.119,-0.768,0.312,-0.091,-0.585,-0.791,0.693,-0.796,0.697,-0.706,-0.241,-0.342,-0.7,-0.664,-0.673,0.406,-0.377,0.261,-0.652,-0.194
BHFAP,0.483,0.563,0.4,0.249,0.304,0.797,-0.312,-0.56,0.623,-0.243,0.628,0.475,-0.318,0.167,-0.452,-0.433,-0.3,0.183,0.272,-0.247,0.704,-0.237,-0.373,0.189,-0.173,0.787,0.0,0.021,-0.418,-0.334,0.281,0.228,-0.364,-0.058,-0.665,0.519,-0.223,0.273,-0.4,0.056,-0.527,0.748,-0.638,0.353,-0.012,0.608,-0.452,0.321,0.039,-0.314,-0.346,0.291,-0.607,-0.124,-0.123,-0.29,0.04,-0.222,-0.537,0.202,0.348,-0.497,-0.184,0.707,-0.527,-0.371,-0.305,-0.199,-0.589,0.099,0.308,-0.126,-0.06,-0.66,-0.256,0.335,-0.246,-0.472,-0.219,-0.534,0.383,-0.463,-0.484,-0.147,0.145,0.223,-0.446,0.173,0.335,-0.18,-0.033,-0.201,0.343,-0.325,0.157,-0.238,0.338,0.633,-0.188,0.4,0.734,0.401,-0.474,0.038,-0.518,-0.199,0.214,0.168,0.109,-0.257,0.705,0.17,0.053,-0.327,-0.23,-0.179,-0.7,-0.619,0.537,-0.315,-0.218,-0.401,0.522,0.059,-0.356,0.278,-0.546,0.817,-0.456,0.481,-0.072,0.781,0.516,0.538,0.571,0.02,0.011,0.481,0.698,-0.458,0.724,0.164,0.356,0.818,-0.426,0.314,0.509,-0.068,-0.073,-0.074,-0.494,-0.46,-0.527,-0.836,0.49,-0.36,0.278,0.012,-0.219,0.342,0.714,0.101,-0.315,0.194,-0.637,-0.493,0.613,-0.284,-0.495,0.141,0.762,0.491,-0.156,0.402,-0.489,-0.426,0.732,-0.099,-0.436,-0.347,0.104,-0.611,0.306,-0.006,-0.54,-0.742,0.55,-0.585,0.644,-0.658,-0.136,-0.293,-0.692,-0.634,-0.518,0.488,-0.246,0.222,-0.606,-0.162
BKR,-0.141,-0.023,0.632,0.592,0.29,0.251,-0.228,-0.326,0.401,-0.31,0.2,0.571,-0.148,0.769,-0.383,-0.381,-0.542,0.708,-0.619,-0.059,0.402,-0.14,-0.399,0.161,-0.476,0.118,0.021,0.0,-0.694,0.085,0.728,0.217,-0.337,0.065,-0.407,0.116,-0.147,0.362,-0.342,0.122,-0.018,0.27,0.019,0.58,0.52,0.666,-0.091,0.495,0.313,-0.261,-0.701,-0.117,-0.404,0.491,-0.24,-0.486,0.612,0.145,0.225,-0.089,0.323,-0.435,0.027,0.282,-0.273,-0.616,0.611,0.532,-0.407,-0.039,0.374,0.238,-0.188,-0.364,0.644,0.172,0.098,0.45,-0.694,-0.672,0.238,-0.443,-0.505,0.475,-0.514,-0.064,-0.468,-0.017,-0.562,-0.636,-0.407,-0.835,0.478,-0.417,0.56,-0.521,0.137,0.392,0.452,0.757,0.094,0.056,-0.236,-0.092,-0.048,-0.502,0.314,-0.279,-0.064,0.59,0.414,0.159,0.235,0.366,-0.337,-0.566,-0.322,-0.189,0.693,-0.193,-0.541,0.3,0.166,-0.705,-0.618,-0.35,-0.313,0.047,-0.505,0.585,0.443,0.435,-0.153,-0.13,-0.163,-0.473,0.766,-0.115,0.365,-0.138,0.221,0.494,0.648,0.208,-0.413,-0.025,0.115,-0.647,-0.295,-0.159,-0.669,0.219,-0.064,-0.045,0.165,-0.002,0.478,0.629,0.168,0.56,0.058,-0.05,-0.557,0.425,-0.382,-0.352,0.517,-0.495,-0.695,0.183,0.029,-0.03,-0.284,0.095,-0.604,-0.521,0.217,0.106,-0.066,-0.299,-0.318,-0.343,0.569,-0.718,-0.328,0.271,0.405,-0.342,0.346,0.187,-0.741,-0.099,-0.485,-0.351,-0.207,0.459,0.071,0.675,0.039,-0.29
BLDP,0.138,-0.037,-0.882,-0.57,-0.139,-0.527,0.646,0.795,-0.455,0.689,-0.216,-0.437,0.633,-0.574,0.828,0.793,0.736,-0.505,0.349,0.571,-0.785,0.474,0.823,0.152,0.785,-0.498,-0.418,-0.694,0.0,0.448,-0.636,0.089,0.756,0.127,0.846,-0.319,0.587,-0.102,0.63,0.29,0.405,-0.671,0.353,-0.502,-0.15,-0.754,0.626,-0.233,0.058,0.64,0.917,0.111,0.824,-0.089,0.608,0.775,-0.305,0.336,0.385,0.089,-0.208,0.822,0.381,-0.683,0.769,0.843,-0.096,-0.008,0.841,0.387,-0.1,0.166,0.499,0.855,-0.2,0.049,0.398,-0.019,0.664,0.864,-0.092,0.816,0.851,-0.127,0.515,0.335,0.874,0.262,0.133,0.781,0.654,0.832,-0.235,0.829,-0.299,0.696,0.068,-0.707,0.002,-0.851,-0.538,0.149,0.727,0.458,0.372,0.799,-0.036,0.33,0.235,-0.197,-0.691,0.081,0.225,0.144,0.556,0.757,0.579,0.709,-0.781,0.666,0.852,0.145,-0.537,0.559,0.751,0.409,0.749,-0.447,0.829,-0.476,0.033,-0.783,0.244,-0.388,-0.226,0.695,-0.417,-0.451,-0.617,0.625,-0.533,-0.183,-0.718,-0.64,0.841,0.274,-0.043,0.57,0.645,0.548,0.948,0.339,0.469,0.47,-0.276,0.477,-0.269,-0.182,0.279,-0.401,-0.346,0.389,0.868,-0.116,0.833,0.795,-0.552,0.768,0.823,0.112,-0.365,0.109,0.632,0.001,0.867,0.778,-0.584,0.293,0.58,0.64,0.555,0.719,-0.256,0.786,0.785,0.311,-0.437,0.77,-0.399,0.44,0.777,0.629,0.897,0.802,0.746,-0.384,0.404,-0.511,0.57,0.681
BLFS,0.391,0.34,-0.389,0.306,0.605,-0.28,0.841,0.587,0.222,0.602,0.311,0.235,0.829,-0.054,0.742,0.684,0.423,0.327,0.083,0.787,-0.463,0.771,0.721,0.651,0.695,-0.233,-0.334,0.085,0.448,0.0,0.239,0.52,0.78,0.63,0.608,0.007,0.824,0.509,0.466,0.863,0.716,-0.491,0.278,0.144,0.479,-0.032,0.793,0.411,0.587,0.862,0.46,0.407,0.65,0.607,0.732,0.695,0.5,0.767,0.78,0.211,0.45,0.492,0.773,-0.378,0.714,0.445,0.469,0.663,0.658,0.802,0.612,0.571,0.709,0.66,0.409,0.559,0.766,0.548,0.256,0.35,0.46,0.649,0.59,0.493,0.316,0.628,0.718,0.531,-0.214,0.453,0.697,0.283,0.492,0.779,0.351,0.343,0.594,-0.308,0.573,-0.302,-0.427,0.632,0.749,0.75,0.522,0.625,0.514,0.554,0.637,0.386,-0.199,0.461,0.751,0.707,0.597,0.605,0.053,0.575,-0.15,0.767,0.681,0.536,-0.303,-0.076,0.389,0.536,0.615,-0.278,0.518,0.27,0.768,-0.413,0.393,-0.574,-0.266,0.643,0.199,-0.732,-0.126,0.613,-0.172,0.55,-0.144,-0.49,0.725,0.6,0.49,0.155,0.776,0.564,0.506,0.642,0.541,0.361,0.074,0.599,0.542,0.576,0.493,0.402,-0.09,0.606,0.643,0.591,0.636,0.725,0.158,0.666,0.266,0.663,-0.094,0.489,0.736,0.404,0.496,0.456,-0.31,0.539,0.82,0.741,0.699,0.527,0.465,0.373,0.766,0.542,0.307,0.482,0.184,0.772,0.297,0.803,0.535,0.622,0.713,0.206,0.776,0.138,0.811,0.794
BLKB,0.343,0.327,0.625,0.815,0.608,0.317,0.023,-0.37,0.68,-0.107,0.49,0.7,0.063,0.631,-0.231,-0.253,-0.397,0.707,-0.359,0.073,0.425,0.058,-0.239,0.495,-0.199,0.316,0.281,0.728,-0.636,0.239,0.0,0.48,-0.054,0.279,-0.397,0.209,0.112,0.694,-0.156,0.371,0.161,0.339,-0.173,0.795,0.604,0.858,0.044,0.745,0.436,-0.01,-0.54,0.189,-0.305,0.703,-0.008,-0.263,0.809,0.38,0.26,-0.045,0.655,-0.386,0.343,0.404,-0.156,-0.448,0.549,0.64,-0.357,0.329,0.668,0.423,0.212,-0.397,0.618,0.569,0.332,0.491,-0.513,-0.685,0.659,-0.309,-0.398,0.512,-0.225,0.132,-0.293,0.287,-0.403,-0.471,-0.156,-0.676,0.786,-0.209,0.678,-0.45,0.55,0.472,0.482,0.733,0.153,0.409,-0.081,0.159,0.011,-0.338,0.513,-0.024,0.264,0.645,0.521,0.204,0.486,0.481,-0.101,-0.281,-0.514,-0.217,0.71,0.068,-0.34,0.275,0.246,-0.725,-0.506,0.01,-0.198,0.215,-0.518,0.84,0.51,0.522,0.124,-0.015,-0.118,-0.132,0.697,-0.156,0.504,-0.029,0.439,0.767,0.521,0.338,-0.262,0.296,0.382,-0.488,0.016,-0.043,-0.586,0.083,0.072,-0.304,0.263,0.096,0.703,0.679,0.228,0.692,0.267,0.144,-0.376,0.734,-0.34,-0.259,0.809,-0.303,-0.684,0.561,0.266,0.319,0.022,0.49,-0.587,-0.49,0.34,0.196,-0.06,-0.14,-0.039,-0.281,0.694,-0.544,-0.211,0.056,0.671,-0.322,0.607,0.162,-0.537,0.038,-0.55,-0.312,-0.167,0.717,0.313,0.625,0.087,-0.063
