,ABAT,ACLS,ACMR,ADMA,ADUS,ADVM,AEIS,AGNCM,AHCO,ALGT,ALLO,AMSF,ANAB,ANDE,APLS,APPF,ASML,ATRC,AVGO,AVT,AXDX,AXSM,AZN,BANR,BBIO,BCYC,BHFAP,BKR,BLDP,BLFS,BLKB,BLMN,BNTX,BPMC,CALM,CAMT,CASH,CATY,CCEP,CDLX,CDNS,CENN,CENX,CGC,CHDN,CLBK,COKE,COLB,COO,CORT,CRMT,CRNX,CRTO,CRVL,CSCO,CSQ,CSWI,CVBF,CWST,CYCC,CZR,DLTR,DORM,ENTA,EQIX,ERIC,EVRG,EWBC,EXAS,EXLS,EXPI,EYE,FBNC,FBRX,FCNCA,FELE,FIBK,FLEX,FRGT,FRHC,FRME,FWONA,FWONK,GDEN,GIII,GILD,GLNG,GNTX,GOOGL,GRPN,HCSG,HIMX,HOPE,HST,HTLD,HUT,HWC,ICUI,IESC,INTC,INTU,IOVA,IPAR,IPGP,ISRG,JBSS,KALU,KPRX,KRNT,LAUR,LBRDA,LBTYK,LECO,LILAK,LITE,MANH,MDXG,MFIC,MGEE,MIDD,MLAB,MMSI,MNKD,MOMO,MRVL,NICE,NMFC,NUWE,NVCR,NWBI,OFIX,OFLX,OMCL,OPK,ORKA,ORLY,OTTR,PDD,PNTG,POOL,POWL,PPBI,PPC,PRAA,PRPL,PZZA,QTRX,QURE,RDFN,RDHL,REAL,REG,REYN,RGLD,RIOT,RUN,RYTM,SAIA,SBAC,SBRA,SCVL,SHOO,SLAB,SLDB,SMCI,SMTC,SRCE,SSP,SSRM,STBA,STRO,SVC,SYBT,TCBI,TCOM,TENX,TH,TMUS,TNDM,TTD,TTMI,UAL,ULH,ULTA,VCYT,VIRT,VKTX,VOD,VRDN,VREX,VRNT,VSAT,WB,WBD,WDC,WEN,WSFS,XXII,Z,ZBRA
ABAT,0.0,0.111,0.419,-0.038,-0.12,0.217,0.223,0.133,0.29,-0.276,0.254,0.468,0.461,0.074,0.101,0.439,0.457,0.416,0.771,0.306,-0.503,-0.027,0.029,-0.099,0.052,0.444,0.262,-0.113,0.189,0.264,-0.075,0.134,-0.446,0.4,-0.429,0.293,-0.006,-0.167,0.058,0.182,0.56,-0.276,-0.285,-0.178,0.225,-0.282,-0.136,-0.237,0.237,0.1,0.178,0.496,0.12,-0.127,-0.229,0.178,0.291,-0.173,-0.104,0.156,-0.087,0.354,0.328,0.43,0.575,-0.01,-0.398,-0.056,-0.467,0.25,0.186,0.232,-0.351,0.172,0.56,0.568,0.336,0.309,-0.223,-0.151,0.031,0.536,0.525,-0.39,0.099,-0.318,-0.485,0.619,-0.44,0.445,0.524,0.125,-0.355,0.42,0.165,-0.042,-0.184,0.261,0.693,0.047,0.402,0.595,-0.01,-0.141,0.794,-0.289,0.222,0.249,-0.346,0.235,-0.073,-0.287,0.548,-0.347,0.534,0.427,0.594,0.199,-0.049,0.36,0.5,0.013,0.214,0.093,0.532,0.62,0.142,0.197,0.211,-0.122,-0.532,-0.374,-0.554,0.043,0.265,0.231,0.296,-0.18,0.249,0.196,0.625,-0.436,0.227,0.041,0.318,-0.256,0.175,0.054,-0.371,0.323,0.105,0.331,0.512,-0.252,0.003,-0.36,-0.235,0.314,-0.163,0.099,0.59,0.081,0.034,-0.306,0.082,0.153,-0.252,-0.393,-0.117,-0.19,0.393,-0.197,-0.19,-0.254,0.347,0.512,0.081,0.205,0.393,0.226,0.02,0.571,0.107,0.138,-0.138,0.178,0.455,0.292,0.38,0.108,0.046,-0.169,-0.533,-0.619,0.39,-0.115,-0.232,0.11,0.087,0.444
ACLS,0.111,0.0,0.057,-0.009,0.193,0.335,0.865,-0.399,-0.033,0.331,0.358,0.019,-0.428,0.186,0.132,0.308,0.261,0.248,0.318,-0.114,0.517,0.446,-0.53,0.312,0.36,-0.385,-0.1,-0.263,0.669,0.317,0.27,-0.048,-0.302,-0.18,-0.491,0.653,0.342,0.486,-0.463,-0.238,0.14,0.222,0.114,0.193,-0.032,0.39,0.258,0.172,-0.05,0.366,0.154,0.064,-0.332,-0.172,-0.095,-0.118,0.122,0.378,-0.075,-0.001,0.552,0.28,-0.062,0.177,0.11,-0.266,-0.265,0.082,0.295,0.383,0.426,0.015,0.588,0.417,-0.073,0.271,0.228,0.407,0.001,0.39,0.399,0.207,0.135,0.09,0.03,-0.276,-0.345,0.024,-0.147,-0.009,0.361,0.197,0.517,-0.146,0.264,0.379,0.386,0.127,0.167,0.559,0.176,-0.417,0.059,0.343,0.112,0.21,-0.264,0.057,0.392,-0.085,-0.033,0.252,0.093,0.319,0.453,0.229,0.282,-0.149,0.037,-0.424,0.197,0.093,0.122,-0.134,0.351,-0.365,-0.021,-0.127,0.466,0.645,0.191,-0.052,0.178,0.365,-0.121,-0.194,0.422,0.133,-0.078,0.118,-0.099,0.473,-0.295,0.276,0.275,0.195,0.306,-0.312,0.492,0.285,0.101,0.314,-0.465,0.219,0.148,0.55,0.297,0.013,0.06,-0.482,-0.206,0.102,0.566,-0.275,0.176,0.045,0.335,0.337,0.33,0.606,-0.029,0.022,0.636,0.315,-0.465,0.306,-0.087,-0.259,-0.107,0.032,0.41,-0.174,0.01,-0.639,0.469,-0.025,-0.106,0.164,0.287,0.296,0.481,0.218,-0.232,0.312,0.133,0.407,0.47,0.222,0.548,0.386
ACMR,0.419,0.057,0.0,0.658,0.598,-0.484,0.281,0.571,0.93,-0.813,0.701,0.885,0.266,0.401,-0.702,-0.032,0.762,0.759,0.679,0.806,-0.219,-0.56,0.443,0.433,-0.57,0.633,0.794,0.559,0.162,-0.241,0.553,0.723,-0.277,0.37,0.059,-0.22,-0.364,0.192,0.531,0.727,0.772,-0.008,0.425,-0.752,-0.426,-0.614,-0.367,0.423,0.692,0.4,0.141,0.888,0.598,-0.735,0.353,0.721,0.429,0.03,0.351,-0.395,0.105,0.115,0.856,0.89,0.81,0.587,0.241,0.64,-0.331,0.705,0.769,0.903,-0.201,0.481,0.667,0.883,0.182,0.657,-0.853,-0.681,0.166,0.866,0.909,-0.763,-0.452,0.246,0.059,0.842,-0.746,0.621,0.747,0.679,-0.124,0.867,-0.273,-0.551,0.221,0.138,0.757,0.223,0.151,0.591,-0.744,0.541,0.61,0.475,0.72,0.492,-0.702,0.835,-0.689,-0.757,0.778,-0.363,-0.018,0.839,0.286,0.87,0.576,0.664,0.766,-0.672,0.837,0.484,0.722,0.596,0.622,-0.522,0.318,-0.343,-0.156,-0.721,-0.241,-0.517,0.397,0.857,-0.217,-0.712,0.868,0.801,0.548,-0.642,0.826,-0.372,0.884,-0.452,0.348,-0.556,-0.257,0.465,0.72,0.637,0.13,0.28,-0.672,-0.646,-0.79,0.796,0.462,0.385,0.78,-0.607,0.518,0.157,0.605,0.771,0.175,-0.825,-0.669,-0.034,0.302,-0.809,-0.439,0.148,0.233,0.451,-0.355,0.611,0.64,0.029,-0.711,0.087,0.641,0.448,-0.521,0.85,0.88,0.814,0.209,0.453,-0.176,-0.422,-0.297,-0.696,0.896,0.511,0.231,-0.182,0.628,0.68
ADMA,-0.038,-0.009,0.658,0.0,0.908,-0.749,0.259,0.609,0.796,-0.749,0.589,0.67,-0.04,0.125,-0.813,-0.613,0.752,0.624,0.323,0.772,0.135,-0.795,0.719,0.8,-0.86,0.317,0.784,0.877,-0.027,-0.209,0.887,0.912,0.218,0.001,0.488,-0.471,-0.387,0.493,0.756,0.583,0.65,0.034,0.827,-0.829,-0.826,-0.6,-0.445,0.882,0.762,0.363,-0.178,0.497,0.775,-0.838,0.818,0.85,0.6,0.435,0.803,-0.568,-0.008,-0.146,0.569,0.753,0.57,0.865,0.8,0.945,0.09,0.756,0.557,0.726,0.148,0.421,0.309,0.486,0.197,0.699,-0.719,-0.804,0.466,0.431,0.502,-0.718,-0.758,0.743,0.512,0.533,-0.511,0.369,0.361,0.789,0.268,0.693,-0.651,-0.698,0.492,-0.337,0.434,0.454,-0.156,0.25,-0.884,0.848,0.294,0.639,0.809,0.284,-0.467,0.771,-0.835,-0.689,0.371,-0.334,-0.331,0.745,-0.265,0.833,0.915,0.624,0.557,-0.833,0.878,0.516,0.541,0.214,0.496,-0.8,0.256,-0.239,0.536,-0.512,0.429,-0.748,0.175,0.754,-0.74,-0.851,0.8,0.848,-0.11,-0.255,0.769,-0.471,0.699,-0.479,0.566,-0.752,-0.152,0.013,0.912,0.383,-0.391,0.769,-0.837,-0.556,-0.812,0.786,0.833,0.308,0.376,-0.773,0.717,0.58,0.874,0.924,0.618,-0.585,-0.537,0.247,-0.186,-0.863,-0.313,0.537,0.034,-0.14,-0.757,0.594,0.709,-0.288,-0.745,-0.405,0.886,0.4,-0.71,0.915,0.503,0.672,-0.174,0.695,-0.414,-0.546,0.055,-0.431,0.819,0.68,0.591,-0.266,0.593,0.617
ADUS,-0.12,0.193,0.598,0.908,0.0,-0.651,0.439,0.383,0.737,-0.557,0.671,0.576,-0.252,0.252,-0.763,-0.572,0.697,0.635,0.275,0.641,0.392,-0.613,0.48,0.859,-0.721,0.125,0.603,0.707,0.227,-0.149,0.868,0.805,0.023,-0.048,0.335,-0.25,-0.258,0.632,0.545,0.428,0.506,0.187,0.839,-0.703,-0.871,-0.401,-0.338,0.872,0.696,0.379,-0.185,0.477,0.572,-0.821,0.702,0.669,0.595,0.517,0.695,-0.468,0.081,-0.086,0.527,0.709,0.493,0.674,0.725,0.911,0.242,0.774,0.614,0.709,0.387,0.517,0.236,0.488,0.17,0.748,-0.709,-0.634,0.568,0.445,0.477,-0.658,-0.774,0.571,0.368,0.442,-0.523,0.361,0.374,0.764,0.466,0.561,-0.604,-0.512,0.633,-0.268,0.394,0.539,-0.276,0.052,-0.835,0.876,0.184,0.695,0.615,0.315,-0.348,0.67,-0.85,-0.611,0.323,-0.062,-0.211,0.644,-0.28,0.753,0.902,0.371,0.551,-0.779,0.881,0.351,0.552,-0.007,0.399,-0.794,0.454,0.005,0.526,-0.513,0.459,-0.563,0.147,0.619,-0.534,-0.714,0.692,0.83,-0.196,-0.06,0.606,-0.32,0.729,-0.481,0.648,-0.81,-0.061,0.094,0.902,0.464,-0.526,0.815,-0.764,-0.283,-0.644,0.662,0.773,0.082,0.239,-0.736,0.801,0.492,0.818,0.837,0.727,-0.376,-0.441,0.456,-0.187,-0.8,-0.061,0.657,-0.251,-0.017,-0.72,0.473,0.488,-0.181,-0.574,-0.538,0.815,0.139,-0.473,0.834,0.471,0.691,-0.138,0.644,-0.265,-0.375,-0.021,-0.244,0.75,0.707,0.709,-0.079,0.64,0.613
ADVM,0.217,0.335,-0.484,-0.749,-0.651,0.0,0.173,-0.62,-0.596,0.721,-0.257,-0.42,0.006,-0.1,0.812,0.622,-0.368,-0.339,0.001,-0.642,-0.082,0.774,-0.685,-0.538,0.796,-0.194,-0.532,-0.862,0.327,0.272,-0.681,-0.698,-0.295,0.007,-0.644,0.69,0.564,-0.181,-0.751,-0.538,-0.33,-0.159,-0.7,0.747,0.705,0.622,0.225,-0.624,-0.64,-0.158,0.336,-0.282,-0.667,0.552,-0.745,-0.649,-0.389,-0.123,-0.619,0.432,0.233,0.354,-0.435,-0.496,-0.256,-0.748,-0.726,-0.676,-0.042,-0.443,-0.267,-0.557,0.043,-0.121,-0.149,-0.318,0.112,-0.354,0.646,0.76,-0.161,-0.237,-0.31,0.566,0.695,-0.686,-0.644,-0.282,0.301,-0.229,-0.035,-0.625,-0.063,-0.539,0.692,0.687,-0.237,0.456,-0.1,-0.21,0.271,-0.157,0.755,-0.56,0.011,-0.611,-0.7,-0.184,0.514,-0.602,0.6,0.622,-0.15,0.158,0.486,-0.357,0.439,-0.659,-0.713,-0.569,-0.228,0.827,-0.606,-0.357,-0.199,-0.123,-0.305,0.602,0.101,0.431,-0.359,0.321,-0.327,0.753,-0.222,-0.642,0.706,0.626,-0.687,-0.6,0.029,0.351,-0.717,0.498,-0.474,0.44,-0.379,0.627,0.229,0.001,-0.691,-0.189,0.24,-0.631,0.789,0.56,0.698,-0.546,-0.654,-0.44,-0.334,0.739,-0.342,-0.64,-0.606,-0.67,-0.388,0.535,0.546,0.044,0.296,0.736,0.468,-0.292,-0.05,0.164,0.509,-0.47,-0.475,0.315,0.79,0.437,-0.582,-0.515,0.704,-0.751,-0.367,-0.442,0.313,-0.37,0.481,0.54,-0.235,0.307,-0.581,-0.456,-0.315,0.245,-0.307,-0.337
AEIS,0.223,0.865,0.281,0.259,0.439,0.173,0.0,-0.178,0.21,0.13,0.586,0.25,-0.312,0.224,-0.034,0.103,0.562,0.543,0.529,0.125,0.511,0.135,-0.285,0.538,0.057,-0.146,0.146,-0.077,0.786,0.242,0.425,0.29,-0.391,-0.107,-0.459,0.521,0.374,0.674,-0.252,-0.15,0.381,0.02,0.242,-0.077,-0.298,0.218,-0.078,0.414,0.247,0.232,0.091,0.291,-0.161,-0.418,0.019,0.114,0.415,0.584,0.13,-0.079,0.468,0.407,0.096,0.454,0.422,-0.061,-0.041,0.355,0.242,0.666,0.54,0.21,0.63,0.683,0.127,0.461,0.401,0.686,-0.186,0.094,0.636,0.395,0.334,-0.228,-0.132,-0.164,-0.391,0.304,-0.417,0.241,0.555,0.39,0.598,0.116,0.027,0.105,0.619,0.076,0.491,0.69,-0.028,-0.135,-0.156,0.521,0.364,0.233,-0.031,0.182,0.143,0.148,-0.358,-0.065,0.306,0.118,0.492,0.481,0.267,0.105,0.335,-0.152,0.522,-0.108,0.452,0.044,0.644,-0.228,0.02,-0.242,0.674,0.614,0.231,-0.326,0.223,0.147,-0.129,-0.018,0.262,-0.216,0.188,0.423,-0.125,0.37,-0.08,0.224,0.489,-0.035,0.534,-0.435,0.22,0.318,0.402,0.518,-0.379,0.369,-0.122,0.342,0.011,0.273,0.293,-0.501,-0.068,-0.069,0.781,-0.221,0.365,0.351,0.513,0.086,0.136,0.717,0.029,-0.241,0.587,0.531,-0.371,0.352,-0.321,0.083,0.13,0.035,0.262,-0.106,0.322,-0.551,0.214,0.245,0.106,0.46,0.292,0.412,0.244,0.12,-0.409,0.057,0.406,0.465,0.642,0.248,0.584,0.559
AGNCM,0.133,-0.399,0.571,0.609,0.383,-0.62,-0.178,0.0,0.617,-0.747,0.25,0.548,0.363,0.031,-0.588,-0.312,0.521,0.353,0.307,0.72,-0.385,-0.716,0.751,0.304,-0.663,0.601,0.68,0.734,-0.376,-0.221,0.394,0.672,0.245,0.329,0.466,-0.508,-0.434,-0.001,0.763,0.591,0.564,-0.224,0.406,-0.668,-0.367,-0.649,-0.409,0.381,0.52,0.133,-0.069,0.441,0.713,-0.404,0.46,0.694,0.367,0.01,0.496,-0.41,-0.264,-0.206,0.545,0.52,0.472,0.741,0.446,0.538,-0.305,0.311,0.262,0.512,-0.345,0.134,0.446,0.348,0.03,0.328,-0.5,-0.709,-0.021,0.261,0.361,-0.489,-0.396,0.513,0.442,0.55,-0.344,0.393,0.298,0.397,-0.247,0.623,-0.382,-0.654,0.053,-0.155,0.38,-0.066,-0.011,0.574,-0.552,0.361,0.314,0.268,0.761,0.276,-0.563,0.636,-0.465,-0.619,0.437,-0.555,-0.327,0.561,-0.039,0.651,0.458,0.786,0.423,-0.564,0.519,0.452,0.322,0.549,0.439,-0.383,-0.079,-0.608,0.142,-0.315,0.019,-0.662,0.286,0.729,-0.603,-0.619,0.634,0.498,0.234,-0.532,0.762,-0.383,0.358,-0.354,0.184,-0.264,-0.341,-0.169,0.505,0.058,0.148,0.217,-0.592,-0.801,-0.722,0.653,0.386,0.51,0.56,-0.426,0.203,0.437,0.491,0.652,0.035,-0.77,-0.457,-0.271,0.081,-0.574,-0.603,0.092,0.506,-0.119,-0.352,0.585,0.598,-0.06,-0.705,0.12,0.558,0.748,-0.738,0.618,0.53,0.392,-0.091,0.358,-0.356,-0.508,0.11,-0.604,0.594,0.301,0.079,-0.439,0.155,0.367
AHCO,0.29,-0.033,0.93,0.796,0.737,-0.596,0.21,0.617,0.0,-0.86,0.74,0.916,0.223,0.352,-0.746,-0.177,0.747,0.739,0.555,0.789,-0.181,-0.651,0.606,0.508,-0.668,0.636,0.871,0.681,0.099,-0.331,0.63,0.792,-0.113,0.4,0.26,-0.35,-0.367,0.254,0.698,0.796,0.709,-0.005,0.548,-0.774,-0.542,-0.626,-0.404,0.549,0.675,0.46,0.141,0.852,0.685,-0.792,0.481,0.76,0.478,0.096,0.483,-0.459,0.075,0.08,0.922,0.901,0.761,0.703,0.43,0.752,-0.269,0.709,0.788,0.965,-0.16,0.462,0.634,0.783,0.175,0.637,-0.864,-0.768,0.198,0.772,0.831,-0.774,-0.542,0.427,0.19,0.803,-0.731,0.587,0.676,0.689,-0.061,0.836,-0.335,-0.581,0.27,0.076,0.68,0.223,0.089,0.55,-0.813,0.627,0.491,0.489,0.797,0.554,-0.669,0.85,-0.758,-0.749,0.731,-0.37,-0.187,0.849,0.148,0.949,0.677,0.702,0.746,-0.716,0.878,0.553,0.658,0.561,0.717,-0.602,0.346,-0.381,0.031,-0.734,-0.033,-0.567,0.374,0.905,-0.393,-0.798,0.85,0.845,0.39,-0.607,0.922,-0.432,0.87,-0.492,0.345,-0.566,-0.227,0.294,0.782,0.544,-0.016,0.387,-0.705,-0.684,-0.835,0.804,0.521,0.435,0.769,-0.725,0.566,0.327,0.658,0.817,0.277,-0.815,-0.642,0.009,0.28,-0.851,-0.462,0.229,0.178,0.257,-0.448,0.632,0.709,-0.021,-0.799,-0.062,0.777,0.519,-0.598,0.908,0.89,0.85,0.167,0.602,-0.195,-0.479,-0.148,-0.673,0.891,0.537,0.312,-0.282,0.623,0.617
ALGT,-0.276,0.331,-0.813,-0.749,-0.557,0.721,0.13,-0.747,-0.86,0.0,-0.375,-0.75,-0.333,-0.188,0.791,0.309,-0.61,-0.506,-0.409,-0.847,0.384,0.792,-0.787,-0.363,0.786,-0.61,-0.807,-0.832,0.32,0.352,-0.581,-0.749,-0.136,-0.286,-0.45,0.606,0.642,0.037,-0.829,-0.852,-0.688,-0.021,-0.535,0.841,0.455,0.852,0.37,-0.437,-0.707,-0.315,-0.002,-0.632,-0.851,0.66,-0.609,-0.841,-0.365,0.11,-0.554,0.457,0.105,0.186,-0.748,-0.724,-0.604,-0.824,-0.51,-0.647,0.288,-0.526,-0.484,-0.806,0.427,-0.137,-0.509,-0.621,-0.014,-0.425,0.782,0.887,0.011,-0.607,-0.709,0.735,0.563,-0.599,-0.448,-0.668,0.474,-0.488,-0.38,-0.644,0.308,-0.839,0.493,0.75,0.005,0.182,-0.502,-0.036,-0.109,-0.574,0.804,-0.477,-0.438,-0.453,-0.908,-0.286,0.714,-0.836,0.601,0.796,-0.529,0.52,0.354,-0.703,0.025,-0.887,-0.603,-0.83,-0.49,0.794,-0.725,-0.521,-0.433,-0.648,-0.615,0.57,0.049,0.685,-0.0,0.586,0.089,0.775,-0.384,-0.922,0.618,0.761,-0.861,-0.705,-0.394,0.76,-0.935,0.522,-0.672,0.533,-0.249,0.518,0.329,-0.165,-0.692,-0.333,-0.091,-0.364,0.769,0.887,0.912,-0.768,-0.55,-0.647,-0.785,0.684,-0.273,-0.527,-0.642,-0.766,-0.082,0.896,0.733,0.314,-0.034,0.84,0.759,-0.015,-0.434,-0.089,0.411,-0.559,-0.773,0.126,0.915,0.047,-0.703,-0.725,0.827,-0.865,-0.711,-0.614,0.091,-0.469,0.414,0.615,-0.039,0.723,-0.794,-0.388,-0.074,0.432,-0.41,-0.501
ALLO,0.254,0.358,0.701,0.589,0.671,-0.257,0.586,0.25,0.74,-0.375,0.0,0.792,0.073,0.276,-0.369,0.011,0.705,0.826,0.642,0.487,0.168,-0.265,0.171,0.599,-0.335,0.385,0.623,0.269,0.588,-0.075,0.526,0.654,-0.4,0.299,-0.136,0.127,0.16,0.619,0.28,0.276,0.548,-0.204,0.291,-0.486,-0.514,-0.125,-0.284,0.546,0.437,0.385,0.111,0.779,0.224,-0.69,0.209,0.411,0.555,0.432,0.29,-0.317,0.124,0.416,0.697,0.847,0.732,0.265,0.189,0.663,-0.217,0.679,0.76,0.689,0.259,0.739,0.65,0.708,0.447,0.815,-0.612,-0.33,0.547,0.684,0.642,-0.618,-0.387,0.051,-0.239,0.747,-0.884,0.432,0.82,0.482,0.311,0.536,-0.119,-0.212,0.567,0.289,0.723,0.447,-0.022,0.345,-0.547,0.562,0.465,0.281,0.349,0.661,-0.461,0.494,-0.726,-0.464,0.678,-0.213,0.234,0.731,0.222,0.621,0.629,0.306,0.836,-0.366,0.765,0.37,0.794,0.155,0.449,-0.44,0.716,0.252,0.078,-0.675,0.078,-0.189,0.222,0.508,0.005,-0.614,0.532,0.739,0.225,-0.158,0.542,-0.168,0.764,-0.276,0.492,-0.495,-0.132,0.334,0.679,0.62,-0.129,0.377,-0.401,-0.2,-0.451,0.665,0.381,-0.035,0.41,-0.442,0.742,-0.097,0.516,0.586,0.549,-0.417,-0.221,0.479,0.368,-0.589,0.132,0.488,-0.223,0.344,-0.43,0.598,0.441,0.038,-0.322,-0.044,0.578,0.066,-0.214,0.653,0.738,0.794,0.356,0.507,0.047,-0.306,-0.49,-0.483,0.735,0.624,0.537,0.168,0.59,0.589
AMSF,0.468,0.019,0.885,0.67,0.576,-0.42,0.25,0.548,0.916,-0.75,0.792,0.0,0.376,0.234,-0.541,0.031,0.747,0.768,0.678,0.711,-0.278,-0.52,0.527,0.435,-0.516,0.709,0.883,0.519,0.172,-0.212,0.506,0.735,-0.214,0.518,0.114,-0.187,-0.194,0.286,0.604,0.671,0.723,-0.216,0.314,-0.659,-0.383,-0.5,-0.342,0.444,0.55,0.46,0.175,0.874,0.572,-0.728,0.339,0.689,0.517,0.131,0.357,-0.373,0.026,0.23,0.881,0.903,0.833,0.558,0.246,0.663,-0.464,0.641,0.766,0.865,-0.165,0.494,0.778,0.814,0.382,0.66,-0.737,-0.637,0.266,0.785,0.814,-0.725,-0.372,0.258,-0.031,0.882,-0.823,0.632,0.795,0.542,-0.077,0.792,-0.162,-0.46,0.251,0.227,0.8,0.189,0.237,0.623,-0.652,0.493,0.615,0.297,0.71,0.652,-0.628,0.728,-0.642,-0.64,0.839,-0.467,0.02,0.842,0.308,0.844,0.573,0.674,0.837,-0.532,0.774,0.569,0.715,0.619,0.713,-0.429,0.373,-0.246,-0.076,-0.707,-0.116,-0.427,0.379,0.81,-0.222,-0.742,0.752,0.782,0.509,-0.559,0.839,-0.307,0.812,-0.358,0.297,-0.43,-0.236,0.307,0.667,0.542,0.147,0.248,-0.531,-0.664,-0.746,0.79,0.401,0.36,0.786,-0.525,0.516,0.1,0.576,0.711,0.252,-0.769,-0.479,0.061,0.401,-0.732,-0.347,0.203,0.255,0.302,-0.347,0.651,0.743,0.078,-0.634,0.135,0.697,0.477,-0.541,0.796,0.89,0.807,0.293,0.56,-0.093,-0.483,-0.307,-0.768,0.85,0.522,0.29,-0.189,0.547,0.599
ANAB,0.461,-0.428,0.266,-0.04,-0.252,0.006,-0.312,0.363,0.223,-0.333,0.073,0.376,0.0,-0.019,0.093,0.234,0.176,0.197,0.37,0.208,-0.72,-0.23,0.36,-0.277,-0.104,0.674,0.332,0.053,-0.227,-0.197,-0.271,0.138,0.033,0.552,0.047,-0.168,0.036,-0.281,0.33,0.287,0.287,-0.466,-0.346,-0.138,0.243,-0.239,-0.34,-0.257,0.058,-0.122,0.229,0.333,0.157,0.024,-0.166,0.163,0.14,-0.258,-0.146,0.024,-0.211,0.332,0.313,0.212,0.437,0.141,-0.161,-0.09,-0.608,-0.068,0.005,0.143,-0.537,-0.028,0.561,0.215,0.272,-0.032,-0.069,-0.287,-0.212,0.26,0.263,-0.232,0.351,-0.112,-0.121,0.465,-0.311,0.397,0.295,-0.076,-0.432,0.366,0.129,-0.235,-0.23,0.298,0.413,-0.253,0.312,0.725,0.082,-0.245,0.463,-0.446,0.297,0.206,-0.363,0.17,0.058,-0.231,0.519,-0.579,0.072,0.225,0.39,0.242,-0.104,0.553,0.356,0.1,-0.007,0.517,0.209,0.656,0.298,0.358,-0.051,-0.367,-0.466,-0.204,-0.414,-0.124,0.099,0.228,0.017,-0.201,0.193,0.051,0.498,-0.498,0.351,0.117,0.087,0.002,-0.178,0.37,-0.414,0.021,-0.067,0.085,0.724,-0.448,0.012,-0.551,-0.276,0.24,-0.188,0.321,0.511,0.09,-0.198,-0.249,-0.119,0.044,-0.32,-0.5,-0.121,-0.411,0.439,-0.071,-0.392,-0.276,0.64,0.138,0.187,0.391,0.365,0.403,-0.183,0.561,0.116,0.467,-0.337,0.085,0.398,0.203,0.227,-0.134,-0.191,-0.056,-0.178,-0.563,0.168,-0.277,-0.317,-0.153,-0.272,0.009
ANDE,0.074,0.186,0.401,0.125,0.252,-0.1,0.224,0.031,0.352,-0.188,0.276,0.234,-0.019,0.0,-0.277,0.166,0.16,0.191,0.126,0.157,0.131,0.028,-0.071,0.043,-0.002,0.165,0.121,0.022,0.278,-0.134,0.102,0.057,-0.293,0.302,-0.079,0.019,-0.134,0.065,0.042,0.395,0.086,0.356,0.29,-0.085,-0.062,-0.06,0.13,0.024,0.188,0.225,0.368,0.39,0.051,-0.069,-0.027,0.072,0.066,-0.135,-0.154,0.036,0.498,0.072,0.412,0.295,0.213,0.028,-0.035,0.091,0.193,0.319,0.482,0.434,0.046,0.204,0.178,0.388,-0.106,0.1,-0.411,-0.154,-0.007,0.421,0.415,-0.157,-0.059,-0.059,-0.08,0.168,-0.217,0.262,0.283,0.362,0.077,0.255,0.083,0.01,0.13,0.29,0.166,0.159,0.001,0.134,-0.186,0.239,0.084,0.313,0.151,0.162,-0.106,0.401,-0.198,-0.204,0.328,0.233,-0.099,0.217,0.291,0.304,0.069,0.071,0.255,-0.207,0.303,0.1,0.166,0.111,0.25,-0.081,0.364,-0.041,-0.143,-0.191,-0.139,0.137,0.152,0.225,0.207,-0.106,0.237,0.34,0.275,-0.159,0.215,0.087,0.428,-0.171,0.038,-0.183,0.137,0.429,0.169,0.402,0.021,0.003,-0.176,0.04,-0.038,0.068,-0.023,0.035,0.348,-0.278,0.244,0.087,0.059,0.184,-0.013,-0.185,-0.196,0.107,0.315,-0.228,-0.03,-0.02,-0.123,0.432,0.041,-0.028,0.023,0.217,-0.183,-0.071,0.189,-0.043,0.136,0.22,0.344,0.379,0.31,0.106,0.181,0.209,0.011,0.032,0.235,0.084,0.105,-0.051,0.402,0.23
APLS,0.101,0.132,-0.702,-0.813,-0.763,0.812,-0.034,-0.588,-0.746,0.791,-0.369,-0.541,0.093,-0.277,0.0,0.579,-0.564,-0.482,-0.197,-0.813,-0.066,0.775,-0.597,-0.611,0.831,-0.241,-0.615,-0.847,0.214,0.333,-0.779,-0.726,-0.128,0.089,-0.485,0.526,0.659,-0.212,-0.63,-0.664,-0.553,-0.288,-0.799,0.86,0.706,0.709,0.326,-0.68,-0.769,-0.313,0.218,-0.428,-0.795,0.695,-0.762,-0.814,-0.379,-0.134,-0.678,0.57,0.011,0.38,-0.56,-0.594,-0.407,-0.82,-0.688,-0.775,-0.097,-0.584,-0.463,-0.736,0.045,-0.183,-0.221,-0.511,0.078,-0.506,0.825,0.776,-0.177,-0.438,-0.521,0.658,0.784,-0.654,-0.616,-0.439,0.343,-0.324,-0.201,-0.762,-0.061,-0.73,0.688,0.756,-0.275,0.4,-0.272,-0.262,0.16,-0.194,0.916,-0.715,-0.165,-0.772,-0.774,-0.133,0.575,-0.797,0.716,0.719,-0.276,0.139,0.401,-0.569,0.314,-0.818,-0.756,-0.557,-0.363,0.933,-0.757,-0.354,-0.376,-0.256,-0.47,0.799,-0.002,0.443,-0.28,0.429,-0.123,0.778,-0.28,-0.803,0.659,0.651,-0.857,-0.745,-0.101,0.433,-0.738,0.564,-0.673,0.49,-0.419,0.793,0.179,-0.189,-0.792,-0.393,0.253,-0.645,0.914,0.584,0.818,-0.688,-0.738,-0.42,-0.426,0.79,-0.468,-0.617,-0.78,-0.821,-0.39,0.618,0.756,0.01,0.266,0.86,0.505,-0.302,-0.065,-0.022,0.544,-0.485,-0.494,0.263,0.844,0.393,-0.646,-0.488,0.661,-0.864,-0.508,-0.545,0.364,-0.403,0.444,0.495,-0.135,0.365,-0.739,-0.59,-0.353,0.241,-0.53,-0.559
APPF,0.439,0.308,-0.032,-0.613,-0.572,0.622,0.103,-0.312,-0.177,0.309,0.011,0.031,0.234,0.166,0.579,0.0,-0.269,-0.147,0.182,-0.403,-0.312,0.709,-0.513,-0.569,0.768,0.151,-0.157,-0.639,0.299,0.165,-0.557,-0.508,-0.439,0.492,-0.535,0.519,0.323,-0.268,-0.447,-0.065,-0.177,-0.094,-0.669,0.569,0.757,0.412,0.494,-0.681,-0.571,0.245,0.594,0.129,-0.514,0.401,-0.697,-0.469,-0.348,-0.413,-0.662,0.396,0.297,0.335,0.095,-0.103,-0.006,-0.608,-0.833,-0.584,-0.428,-0.261,0.177,-0.104,-0.213,-0.053,0.25,0.184,0.078,-0.276,0.273,0.557,-0.317,0.179,0.131,0.377,0.659,-0.639,-0.648,0.045,-0.03,0.093,0.348,-0.46,-0.315,-0.273,0.854,0.636,-0.373,0.699,0.129,-0.355,0.608,0.048,0.562,-0.513,0.143,-0.389,-0.417,0.226,0.258,-0.331,0.549,0.456,0.291,0.074,0.389,-0.106,0.751,-0.328,-0.696,-0.288,0.032,0.623,-0.403,-0.159,-0.085,0.179,0.066,0.556,0.027,0.175,-0.595,0.124,-0.479,0.669,0.102,-0.214,0.806,0.456,-0.395,-0.358,0.586,-0.061,-0.239,0.394,-0.133,0.409,-0.494,0.497,0.333,0.272,-0.575,-0.007,0.418,-0.69,0.682,0.222,0.477,-0.308,-0.688,-0.032,0.247,0.542,-0.333,-0.592,-0.534,-0.53,-0.536,0.117,0.42,-0.15,0.607,0.484,0.215,-0.479,0.111,0.42,0.641,-0.374,-0.169,0.395,0.437,0.522,-0.424,-0.184,0.527,-0.457,0.099,-0.109,0.633,-0.112,0.736,0.228,-0.224,-0.011,-0.258,-0.208,-0.362,0.017,0.007,-0.162
ASML,0.457,0.261,0.762,0.752,0.697,-0.368,0.562,0.521,0.747,-0.61,0.705,0.747,0.176,0.16,-0.564,-0.269,0.0,0.827,0.821,0.802,-0.043,-0.597,0.438,0.665,-0.628,0.462,0.71,0.565,0.262,-0.005,0.683,0.833,-0.168,0.117,-0.009,-0.001,-0.135,0.463,0.484,0.404,0.919,-0.214,0.518,-0.744,-0.573,-0.522,-0.537,0.644,0.764,0.266,-0.079,0.663,0.589,-0.753,0.43,0.762,0.712,0.44,0.571,-0.432,0.027,0.175,0.575,0.849,0.82,0.625,0.377,0.766,-0.122,0.803,0.575,0.648,0.092,0.59,0.585,0.717,0.416,0.88,-0.668,-0.629,0.516,0.63,0.653,-0.755,-0.512,0.289,0.027,0.823,-0.697,0.574,0.663,0.711,0.179,0.773,-0.417,-0.56,0.491,-0.116,0.817,0.554,0.029,0.519,-0.677,0.674,0.734,0.315,0.687,0.373,-0.541,0.744,-0.774,-0.709,0.625,-0.451,0.192,0.902,0.114,0.721,0.733,0.643,0.822,-0.62,0.852,0.439,0.894,0.436,0.416,-0.54,0.512,-0.075,0.184,-0.643,0.033,-0.509,0.199,0.644,-0.346,-0.742,0.771,0.802,0.185,-0.291,0.619,-0.283,0.754,-0.483,0.666,-0.597,-0.352,0.224,0.823,0.556,-0.078,0.482,-0.675,-0.512,-0.719,0.864,0.602,0.06,0.488,-0.482,0.769,0.142,0.788,0.874,0.462,-0.609,-0.441,0.265,0.071,-0.785,-0.175,0.454,0.157,0.235,-0.602,0.66,0.69,-0.052,-0.459,0.065,0.739,0.268,-0.535,0.791,0.618,0.716,0.044,0.556,-0.302,-0.373,-0.383,-0.625,0.894,0.517,0.469,-0.038,0.529,0.84
ATRC,0.416,0.248,0.759,0.624,0.635,-0.339,0.543,0.353,0.739,-0.506,0.826,0.768,0.197,0.191,-0.482,-0.147,0.827,0.0,0.796,0.671,0.075,-0.501,0.274,0.663,-0.531,0.39,0.641,0.371,0.458,-0.068,0.594,0.738,-0.299,0.119,-0.159,-0.034,0.078,0.538,0.328,0.313,0.766,-0.193,0.317,-0.692,-0.599,-0.319,-0.549,0.594,0.702,0.227,-0.018,0.748,0.358,-0.785,0.34,0.566,0.61,0.474,0.412,-0.342,0.069,0.463,0.601,0.867,0.877,0.407,0.266,0.697,-0.179,0.762,0.631,0.649,0.185,0.694,0.601,0.734,0.55,0.879,-0.706,-0.521,0.585,0.752,0.723,-0.807,-0.431,0.134,-0.196,0.831,-0.844,0.466,0.758,0.614,0.237,0.748,-0.372,-0.516,0.579,0.02,0.818,0.524,-0.105,0.522,-0.623,0.636,0.632,0.241,0.508,0.451,-0.571,0.633,-0.743,-0.585,0.678,-0.304,0.327,0.792,0.174,0.681,0.716,0.483,0.876,-0.528,0.823,0.446,0.929,0.345,0.371,-0.45,0.614,0.136,-0.017,-0.749,-0.078,-0.392,0.116,0.51,-0.128,-0.738,0.733,0.779,0.22,-0.263,0.554,-0.234,0.831,-0.428,0.645,-0.574,-0.353,0.364,0.791,0.762,0.016,0.433,-0.615,-0.361,-0.648,0.769,0.552,0.02,0.434,-0.509,0.741,-0.059,0.648,0.726,0.551,-0.551,-0.455,0.378,0.183,-0.742,-0.026,0.508,-0.011,0.421,-0.561,0.768,0.538,-0.018,-0.36,0.077,0.624,0.087,-0.382,0.766,0.69,0.86,0.2,0.368,-0.322,-0.268,-0.585,-0.598,0.858,0.512,0.496,0.189,0.516,0.765
AVGO,0.771,0.318,0.679,0.323,0.275,0.001,0.529,0.307,0.555,-0.409,0.642,0.678,0.37,0.126,-0.197,0.182,0.821,0.796,0.0,0.609,-0.25,-0.253,0.105,0.317,-0.247,0.491,0.503,0.147,0.389,0.127,0.304,0.517,-0.426,0.237,-0.412,0.276,0.067,0.226,0.173,0.226,0.848,-0.33,0.014,-0.496,-0.182,-0.351,-0.401,0.197,0.541,0.174,0.091,0.701,0.272,-0.502,0.012,0.451,0.516,0.196,0.176,-0.166,0.033,0.442,0.508,0.74,0.815,0.221,-0.129,0.369,-0.374,0.573,0.46,0.458,-0.105,0.513,0.714,0.756,0.468,0.746,-0.506,-0.333,0.336,0.705,0.677,-0.643,-0.161,-0.159,-0.383,0.87,-0.73,0.53,0.767,0.413,-0.078,0.658,-0.09,-0.292,0.237,0.131,0.895,0.376,0.219,0.641,-0.343,0.285,0.87,-0.065,0.396,0.401,-0.525,0.495,-0.477,-0.519,0.686,-0.443,0.577,0.746,0.449,0.468,0.36,0.488,0.797,-0.267,0.58,0.289,0.909,0.546,0.302,-0.173,0.498,0.033,-0.288,-0.641,-0.383,-0.184,0.236,0.421,0.101,-0.474,0.556,0.538,0.501,-0.379,0.407,-0.145,0.629,-0.34,0.506,-0.303,-0.406,0.386,0.511,0.591,0.267,0.09,-0.33,-0.397,-0.472,0.701,0.208,0.019,0.549,-0.151,0.496,-0.261,0.449,0.527,0.153,-0.53,-0.304,0.105,0.319,-0.521,-0.111,0.143,0.213,0.552,-0.269,0.562,0.511,0.087,-0.162,0.436,0.36,0.152,-0.269,0.513,0.639,0.606,0.275,0.254,-0.118,-0.244,-0.676,-0.708,0.737,0.252,0.141,0.174,0.35,0.748
AVT,0.306,-0.114,0.806,0.772,0.641,-0.642,0.125,0.72,0.789,-0.847,0.487,0.711,0.208,0.157,-0.813,-0.403,0.802,0.671,0.609,0.0,-0.222,-0.779,0.609,0.572,-0.807,0.507,0.716,0.783,-0.165,-0.108,0.703,0.819,0.023,0.044,0.239,-0.353,-0.542,0.175,0.669,0.633,0.859,-0.036,0.579,-0.922,-0.585,-0.798,-0.457,0.576,0.852,0.272,-0.172,0.611,0.833,-0.713,0.622,0.883,0.501,0.149,0.652,-0.543,-0.113,-0.182,0.631,0.753,0.665,0.797,0.499,0.754,-0.166,0.615,0.441,0.71,-0.213,0.253,0.551,0.668,0.174,0.695,-0.815,-0.802,0.252,0.574,0.637,-0.784,-0.641,0.501,0.382,0.755,-0.535,0.476,0.425,0.72,-0.106,0.894,-0.598,-0.766,0.228,-0.322,0.598,0.269,0.004,0.544,-0.821,0.616,0.562,0.464,0.847,0.245,-0.71,0.839,-0.721,-0.823,0.464,-0.424,-0.045,0.751,-0.05,0.846,0.729,0.786,0.601,-0.824,0.797,0.449,0.657,0.552,0.529,-0.674,0.097,-0.442,0.082,-0.539,-0.117,-0.765,0.369,0.83,-0.574,-0.713,0.915,0.767,0.335,-0.574,0.778,-0.568,0.698,-0.523,0.546,-0.672,-0.387,0.219,0.812,0.497,0.026,0.508,-0.839,-0.772,-0.892,0.901,0.658,0.466,0.616,-0.577,0.475,0.421,0.821,0.874,0.314,-0.76,-0.726,-0.091,-0.073,-0.874,-0.572,0.229,0.314,0.186,-0.54,0.676,0.683,-0.214,-0.746,0.001,0.645,0.605,-0.743,0.881,0.666,0.581,-0.223,0.39,-0.491,-0.563,-0.159,-0.71,0.894,0.503,0.228,-0.158,0.451,0.763
AXDX,-0.503,0.517,-0.219,0.135,0.392,-0.082,0.511,-0.385,-0.181,0.384,0.168,-0.278,-0.72,0.131,-0.066,-0.312,-0.043,0.075,-0.25,-0.222,0.0,0.159,-0.342,0.475,0.02,-0.659,-0.281,-0.067,0.482,0.137,0.374,0.031,-0.117,-0.502,-0.072,0.182,0.228,0.579,-0.28,-0.418,-0.262,0.35,0.373,0.093,-0.466,0.376,0.221,0.425,0.06,-0.003,-0.279,-0.229,-0.298,-0.151,0.193,-0.186,0.126,0.516,0.142,0.041,0.236,0.026,-0.321,-0.027,-0.228,-0.179,0.229,0.204,0.698,0.264,0.102,-0.144,0.792,0.303,-0.462,-0.147,-0.024,0.258,0.024,0.2,0.505,-0.124,-0.192,0.037,-0.302,0.032,-0.007,-0.358,0.006,-0.281,-0.125,0.235,0.737,-0.314,-0.236,0.192,0.562,-0.249,-0.257,0.561,-0.494,-0.653,-0.105,0.413,-0.399,0.399,-0.306,-0.091,0.346,-0.155,-0.224,0.161,-0.35,0.56,0.095,-0.163,-0.404,-0.195,0.314,-0.512,-0.106,-0.13,0.143,-0.234,0.03,-0.784,-0.339,-0.224,0.354,0.655,0.503,0.058,0.592,0.14,-0.289,-0.349,0.068,0.027,-0.123,0.144,-0.6,0.64,-0.339,0.144,0.089,-0.009,0.413,-0.449,0.325,0.063,0.233,0.167,-0.703,0.583,-0.081,0.675,0.285,-0.169,0.302,-0.502,-0.593,-0.174,0.5,0.081,0.173,0.057,0.627,0.508,0.186,0.73,-0.409,-0.044,0.628,0.535,-0.783,-0.036,-0.36,-0.181,-0.305,-0.219,0.277,-0.625,0.052,-0.678,0.351,0.013,-0.349,0.07,-0.1,0.092,0.069,0.199,-0.031,0.582,-0.047,0.354,0.59,0.363,0.297,0.079
AXSM,-0.027,0.446,-0.56,-0.795,-0.613,0.774,0.135,-0.716,-0.651,0.792,-0.265,-0.52,-0.23,0.028,0.775,0.709,-0.597,-0.501,-0.253,-0.779,0.159,0.0,-0.856,-0.539,0.956,-0.415,-0.67,-0.855,0.375,0.342,-0.626,-0.824,-0.292,0.015,-0.578,0.686,0.47,-0.172,-0.796,-0.542,-0.6,0.11,-0.617,0.878,0.697,0.727,0.65,-0.671,-0.792,0.04,0.328,-0.367,-0.796,0.652,-0.722,-0.818,-0.564,-0.248,-0.733,0.511,0.303,0.159,-0.415,-0.559,-0.516,-0.878,-0.786,-0.739,0.034,-0.507,-0.183,-0.554,0.144,-0.201,-0.239,-0.336,-0.131,-0.456,0.632,0.925,-0.232,-0.313,-0.396,0.722,0.636,-0.69,-0.543,-0.507,0.365,-0.308,-0.109,-0.657,0.031,-0.745,0.783,0.928,-0.268,0.427,-0.366,-0.269,0.289,-0.494,0.767,-0.552,-0.298,-0.41,-0.842,-0.095,0.662,-0.737,0.686,0.778,-0.286,0.469,0.381,-0.574,0.362,-0.757,-0.772,-0.788,-0.422,0.797,-0.691,-0.524,-0.406,-0.404,-0.341,0.555,0.003,0.512,-0.293,0.472,-0.178,0.852,-0.093,-0.677,0.816,0.819,-0.805,-0.661,0.051,0.459,-0.737,0.508,-0.508,0.556,-0.438,0.512,0.505,0.07,-0.758,-0.283,0.004,-0.541,0.887,0.757,0.894,-0.678,-0.753,-0.389,-0.379,0.667,-0.377,-0.562,-0.67,-0.809,-0.363,0.706,0.707,0.095,0.223,0.8,0.567,-0.324,-0.347,0.218,0.644,-0.698,-0.66,0.256,0.781,0.153,-0.715,-0.596,0.873,-0.806,-0.425,-0.525,0.312,-0.339,0.732,0.499,-0.038,0.543,-0.673,-0.298,-0.271,0.284,-0.165,-0.409
AZN,0.029,-0.53,0.443,0.719,0.48,-0.685,-0.285,0.751,0.606,-0.787,0.171,0.527,0.36,-0.071,-0.597,-0.513,0.438,0.274,0.105,0.609,-0.342,-0.856,0.0,0.356,-0.787,0.524,0.728,0.825,-0.503,-0.382,0.462,0.701,0.468,0.269,0.711,-0.697,-0.46,0.04,0.885,0.642,0.432,-0.147,0.503,-0.647,-0.457,-0.651,-0.468,0.504,0.522,0.095,-0.13,0.313,0.772,-0.506,0.644,0.76,0.448,0.078,0.65,-0.366,-0.259,-0.198,0.447,0.463,0.403,0.845,0.721,0.602,-0.178,0.331,0.192,0.52,-0.28,0.084,0.243,0.23,0.101,0.219,-0.422,-0.838,0.045,0.206,0.317,-0.52,-0.446,0.74,0.568,0.407,-0.253,0.312,0.078,0.459,-0.136,0.588,-0.543,-0.751,0.056,-0.252,0.272,0.021,-0.049,0.472,-0.601,0.388,0.212,0.284,0.843,0.143,-0.479,0.624,-0.45,-0.601,0.321,-0.577,-0.564,0.514,-0.233,0.7,0.564,0.785,0.319,-0.601,0.513,0.596,0.177,0.473,0.446,-0.398,-0.114,-0.634,0.308,-0.332,0.267,-0.741,0.154,0.696,-0.805,-0.725,0.611,0.526,-0.008,-0.466,0.766,-0.322,0.345,-0.399,0.148,-0.266,-0.316,-0.26,0.541,0.026,0.044,0.37,-0.65,-0.814,-0.78,0.532,0.553,0.503,0.49,-0.53,0.19,0.609,0.498,0.643,0.161,-0.702,-0.483,-0.225,-0.091,-0.608,-0.611,0.147,0.506,-0.385,-0.47,0.516,0.737,-0.064,-0.763,-0.13,0.738,0.71,-0.877,0.66,0.388,0.405,-0.167,0.46,-0.488,-0.499,0.256,-0.536,0.51,0.25,0.176,-0.546,0.088,0.173
BANR,-0.099,0.312,0.433,0.8,0.859,-0.538,0.538,0.304,0.508,-0.363,0.599,0.435,-0.277,0.043,-0.611,-0.569,0.665,0.663,0.317,0.572,0.475,-0.539,0.356,0.0,-0.637,-0.056,0.482,0.591,0.263,0.067,0.858,0.76,0.074,-0.239,0.193,-0.141,-0.051,0.819,0.345,0.14,0.497,0.118,0.691,-0.644,-0.866,-0.2,-0.373,0.912,0.667,0.258,-0.369,0.34,0.42,-0.764,0.712,0.581,0.614,0.766,0.68,-0.396,0.043,0.037,0.245,0.605,0.488,0.54,0.674,0.89,0.289,0.723,0.434,0.442,0.599,0.538,0.155,0.385,0.464,0.806,-0.521,-0.479,0.793,0.347,0.342,-0.583,-0.7,0.491,0.28,0.37,-0.474,0.209,0.315,0.684,0.67,0.475,-0.646,-0.518,0.792,-0.344,0.356,0.633,-0.354,-0.042,-0.702,0.868,0.192,0.568,0.462,0.123,-0.234,0.495,-0.735,-0.457,0.229,-0.055,0.004,0.556,-0.288,0.559,0.892,0.242,0.521,-0.656,0.759,0.332,0.588,-0.164,0.19,-0.718,0.44,0.279,0.558,-0.36,0.464,-0.554,-0.0,0.382,-0.468,-0.635,0.594,0.722,-0.328,0.211,0.377,-0.184,0.623,-0.318,0.793,-0.8,-0.08,0.038,0.859,0.487,-0.51,0.857,-0.707,-0.135,-0.535,0.607,0.824,-0.08,0.001,-0.545,0.818,0.34,0.815,0.741,0.873,-0.204,-0.271,0.658,-0.367,-0.671,0.176,0.84,-0.271,-0.018,-0.763,0.503,0.395,-0.209,-0.319,-0.507,0.68,-0.045,-0.41,0.72,0.246,0.588,-0.167,0.501,-0.355,-0.312,-0.159,-0.168,0.671,0.76,0.858,0.113,0.531,0.646
BBIO,0.052,0.36,-0.57,-0.86,-0.721,0.796,0.057,-0.663,-0.668,0.786,-0.335,-0.516,-0.104,-0.002,0.831,0.768,-0.628,-0.531,-0.247,-0.807,0.02,0.956,-0.787,-0.637,0.0,-0.325,-0.641,-0.875,0.29,0.326,-0.723,-0.856,-0.245,0.125,-0.545,0.642,0.485,-0.253,-0.767,-0.508,-0.606,0.066,-0.703,0.918,0.791,0.724,0.595,-0.743,-0.828,-0.023,0.359,-0.354,-0.814,0.705,-0.784,-0.828,-0.542,-0.298,-0.765,0.572,0.269,0.221,-0.415,-0.587,-0.496,-0.861,-0.83,-0.811,-0.042,-0.561,-0.231,-0.57,0.069,-0.219,-0.25,-0.346,-0.113,-0.55,0.677,0.899,-0.313,-0.334,-0.408,0.766,0.747,-0.722,-0.556,-0.496,0.388,-0.286,-0.134,-0.683,-0.059,-0.746,0.844,0.905,-0.341,0.488,-0.36,-0.286,0.342,-0.392,0.848,-0.639,-0.263,-0.499,-0.82,-0.098,0.653,-0.75,0.78,0.796,-0.238,0.406,0.352,-0.575,0.455,-0.77,-0.861,-0.715,-0.424,0.859,-0.761,-0.446,-0.441,-0.307,-0.334,0.685,-0.049,0.424,-0.342,0.494,-0.226,0.876,-0.097,-0.69,0.827,0.825,-0.828,-0.723,0.1,0.419,-0.724,0.543,-0.547,0.573,-0.517,0.651,0.465,0.013,-0.836,-0.325,0.14,-0.658,0.929,0.69,0.896,-0.734,-0.824,-0.36,-0.334,0.702,-0.446,-0.594,-0.768,-0.843,-0.481,0.647,0.703,0.0,0.318,0.852,0.519,-0.402,-0.208,0.191,0.71,-0.688,-0.635,0.292,0.789,0.264,-0.744,-0.526,0.848,-0.851,-0.423,-0.531,0.399,-0.37,0.735,0.541,0.003,0.518,-0.711,-0.42,-0.339,0.204,-0.253,-0.476
BCYC,0.444,-0.385,0.633,0.317,0.125,-0.194,-0.146,0.601,0.636,-0.61,0.385,0.709,0.674,0.165,-0.241,0.151,0.462,0.39,0.491,0.507,-0.659,-0.415,0.524,-0.056,-0.325,0.0,0.717,0.337,-0.096,-0.301,0.005,0.453,-0.081,0.685,0.12,-0.308,-0.149,-0.107,0.571,0.629,0.513,-0.423,0.0,-0.386,0.028,-0.464,-0.419,0.033,0.283,0.126,0.379,0.681,0.465,-0.278,-0.017,0.475,0.221,-0.167,0.124,-0.183,-0.095,0.169,0.717,0.552,0.601,0.4,0.061,0.266,-0.569,0.237,0.42,0.581,-0.516,0.245,0.746,0.488,0.203,0.2,-0.397,-0.535,-0.128,0.462,0.522,-0.397,0.068,0.162,-0.064,0.723,-0.483,0.637,0.553,0.17,-0.41,0.603,0.091,-0.35,-0.065,0.353,0.631,-0.232,0.259,0.835,-0.262,0.051,0.554,-0.142,0.605,0.497,-0.536,0.56,-0.277,-0.494,0.697,-0.629,-0.104,0.581,0.452,0.604,0.132,0.783,0.607,-0.189,0.405,0.56,0.395,0.801,0.603,-0.024,0.121,-0.518,-0.286,-0.423,-0.337,-0.306,0.28,0.627,-0.172,-0.487,0.463,0.439,0.564,-0.649,0.687,-0.219,0.376,-0.279,-0.12,0.139,-0.339,0.036,0.241,0.202,0.546,-0.257,-0.223,-0.737,-0.549,0.535,0.027,0.471,0.774,-0.2,0.07,-0.032,0.152,0.433,-0.242,-0.786,-0.367,-0.335,0.669,-0.364,-0.524,-0.14,0.636,0.186,-0.019,0.547,0.569,0.18,-0.511,0.54,0.442,0.693,-0.446,0.418,0.728,0.47,0.336,0.254,-0.115,-0.226,-0.083,-0.729,0.495,-0.033,-0.136,-0.394,0.095,0.233
BHFAP,0.262,-0.1,0.794,0.784,0.603,-0.532,0.146,0.68,0.871,-0.807,0.623,0.883,0.332,0.121,-0.615,-0.157,0.71,0.641,0.503,0.716,-0.281,-0.67,0.728,0.482,-0.641,0.717,0.0,0.714,-0.032,-0.318,0.584,0.818,0.105,0.417,0.354,-0.447,-0.263,0.293,0.747,0.733,0.7,-0.216,0.459,-0.693,-0.437,-0.56,-0.436,0.574,0.573,0.418,0.178,0.717,0.7,-0.732,0.52,0.799,0.46,0.196,0.552,-0.477,0.044,0.081,0.774,0.822,0.742,0.739,0.477,0.734,-0.339,0.64,0.686,0.804,-0.159,0.46,0.605,0.629,0.322,0.559,-0.662,-0.739,0.224,0.587,0.667,-0.645,-0.38,0.557,0.227,0.753,-0.616,0.581,0.623,0.568,-0.051,0.75,-0.27,-0.602,0.264,0.059,0.653,0.16,0.178,0.561,-0.692,0.586,0.501,0.347,0.829,0.499,-0.525,0.775,-0.614,-0.605,0.695,-0.586,-0.256,0.851,0.172,0.84,0.611,0.77,0.713,-0.586,0.755,0.697,0.568,0.583,0.706,-0.512,0.22,-0.386,0.154,-0.572,0.106,-0.593,0.204,0.83,-0.503,-0.821,0.743,0.774,0.276,-0.505,0.871,-0.383,0.705,-0.378,0.221,-0.412,-0.153,0.043,0.679,0.364,0.023,0.333,-0.603,-0.737,-0.798,0.775,0.552,0.448,0.68,-0.572,0.512,0.313,0.631,0.788,0.252,-0.816,-0.493,0.023,0.267,-0.729,-0.427,0.257,0.409,0.013,-0.439,0.641,0.836,-0.088,-0.725,0.05,0.802,0.583,-0.668,0.809,0.716,0.741,0.185,0.665,-0.198,-0.525,-0.041,-0.685,0.802,0.519,0.355,-0.457,0.522,0.524
BKR,-0.113,-0.263,0.559,0.877,0.707,-0.862,-0.077,0.734,0.681,-0.832,0.269,0.519,0.053,0.022,-0.847,-0.639,0.565,0.371,0.147,0.783,-0.067,-0.855,0.825,0.591,-0.875,0.337,0.714,0.0,-0.408,-0.299,0.769,0.815,0.443,-0.006,0.666,-0.657,-0.605,0.21,0.854,0.662,0.555,0.069,0.789,-0.814,-0.661,-0.74,-0.354,0.714,0.691,0.264,-0.239,0.321,0.881,-0.644,0.842,0.862,0.438,0.197,0.796,-0.599,-0.139,-0.401,0.493,0.561,0.365,0.934,0.795,0.801,0.021,0.508,0.338,0.616,-0.099,0.134,0.215,0.342,-0.02,0.438,-0.654,-0.841,0.166,0.248,0.358,-0.573,-0.692,0.836,0.735,0.4,-0.258,0.308,0.116,0.679,0.014,0.648,-0.673,-0.772,0.237,-0.47,0.224,0.221,-0.089,0.249,-0.815,0.669,0.142,0.591,0.879,0.146,-0.485,0.733,-0.625,-0.669,0.216,-0.398,-0.512,0.585,-0.369,0.768,0.749,0.712,0.307,-0.856,0.676,0.486,0.289,0.307,0.494,-0.718,-0.107,-0.539,0.48,-0.34,0.366,-0.854,0.23,0.785,-0.872,-0.727,0.76,0.68,-0.042,-0.385,0.79,-0.553,0.495,-0.458,0.37,-0.638,-0.179,-0.124,0.748,0.123,-0.291,0.647,-0.824,-0.711,-0.819,0.713,0.75,0.492,0.408,-0.701,0.43,0.712,0.776,0.828,0.359,-0.652,-0.571,-0.065,-0.297,-0.796,-0.565,0.316,0.265,-0.266,-0.604,0.511,0.684,-0.338,-0.852,-0.343,0.738,0.639,-0.825,0.821,0.392,0.449,-0.341,0.574,-0.471,-0.589,0.305,-0.419,0.686,0.534,0.36,-0.465,0.395,0.457
BLDP,0.189,0.669,0.162,-0.027,0.227,0.327,0.786,-0.376,0.099,0.32,0.588,0.172,-0.227,0.278,0.214,0.299,0.262,0.458,0.389,-0.165,0.482,0.375,-0.503,0.263,0.29,-0.096,-0.032,-0.408,0.0,0.235,0.045,0.037,-0.605,0.079,-0.63,0.552,0.603,0.547,-0.43,-0.297,0.072,-0.067,-0.09,0.163,-0.126,0.457,-0.02,0.122,-0.025,0.073,0.218,0.33,-0.464,-0.189,-0.317,-0.258,0.179,0.414,-0.24,0.174,0.372,0.624,0.114,0.321,0.329,-0.412,-0.287,0.086,0.056,0.427,0.458,0.119,0.555,0.69,0.19,0.317,0.342,0.463,-0.06,0.3,0.486,0.363,0.27,-0.11,0.056,-0.457,-0.686,0.215,-0.466,0.207,0.575,0.06,0.492,-0.054,0.25,0.368,0.512,0.385,0.434,0.392,-0.114,-0.066,0.07,0.203,0.252,-0.033,-0.325,0.318,0.126,-0.052,-0.232,0.078,0.318,0.271,0.546,0.207,0.378,-0.074,0.104,-0.338,0.475,0.181,0.288,-0.121,0.505,-0.269,-0.129,0.034,0.789,0.72,-0.079,-0.334,0.017,0.41,-0.159,-0.201,0.573,-0.055,-0.076,0.233,-0.03,0.346,-0.205,0.331,0.349,-0.002,0.302,-0.135,0.138,0.348,0.153,0.445,-0.164,0.059,0.159,0.516,0.243,0.023,-0.047,-0.576,-0.095,0.034,0.521,-0.46,-0.009,0.032,0.339,0.2,0.24,0.667,0.323,0.014,0.678,0.399,-0.498,0.499,-0.099,0.069,-0.162,0.187,0.401,0.044,0.077,-0.645,0.468,0.014,0.176,0.425,0.516,0.117,0.338,0.283,-0.548,0.097,0.162,0.189,0.427,0.46,0.369,0.263
BLFS,0.264,0.317,-0.241,-0.209,-0.149,0.272,0.242,-0.221,-0.331,0.352,-0.075,-0.212,-0.197,-0.134,0.333,0.165,-0.005,-0.068,0.127,-0.108,0.137,0.342,-0.382,0.067,0.326,-0.301,-0.318,-0.299,0.235,0.0,-0.042,-0.182,-0.166,-0.189,-0.364,0.432,0.129,0.074,-0.309,-0.386,0.033,0.044,-0.183,0.223,0.132,0.22,0.299,-0.099,-0.122,0.036,-0.147,-0.137,-0.241,0.213,-0.104,-0.251,-0.015,0.119,-0.084,0.36,-0.089,-0.034,-0.323,-0.112,-0.091,-0.274,-0.241,-0.161,0.131,-0.081,-0.212,-0.334,0.227,-0.058,-0.112,-0.12,0.186,0.097,0.268,0.351,0.301,-0.189,-0.238,0.223,0.026,-0.255,-0.208,-0.144,0.082,-0.158,-0.052,-0.065,0.129,-0.224,0.155,0.378,-0.008,-0.021,-0.038,0.136,0.154,-0.218,0.244,-0.111,0.209,-0.128,-0.332,-0.118,0.287,-0.266,0.156,0.249,-0.198,0.213,0.455,-0.176,0.152,-0.359,-0.113,-0.262,-0.074,0.262,-0.16,-0.34,-0.0,-0.215,-0.354,0.136,0.102,0.387,0.006,0.317,-0.042,0.252,0.03,-0.338,0.26,0.273,-0.294,-0.185,-0.019,0.333,-0.388,0.147,-0.175,0.213,0.327,0.03,0.132,-0.024,-0.128,-0.001,-0.035,0.063,0.294,0.313,0.35,-0.175,-0.147,-0.153,-0.211,0.332,-0.005,-0.179,-0.029,-0.182,0.099,0.412,0.287,0.2,-0.126,0.279,0.311,0.017,-0.227,0.074,0.051,-0.223,-0.128,-0.123,0.458,0.039,-0.27,-0.302,0.312,-0.248,-0.252,-0.288,0.063,-0.076,0.169,0.018,-0.205,0.131,-0.128,-0.042,-0.008,0.43,0.011,0.167
