,ABAT,ACLS,ACMR,ADMA,ADUS,ADVM,AEIS,AGNCM,AHCO,ALGT,ALLO,AMSF,ANAB,ANDE,APLS,APPF,ASML,ATRC,AVGO,AVT,AXDX,AXSM,AZN,BANR,BBIO,BCYC,BHFAP,BKR,BLDP,BLFS,BLKB,BLMN,BNTX,BPMC,CALM,CAMT,CASH,CATY,CCEP,CDLX,CDNS,CENN,CENX,CGC,CHDN,CLBK,COKE,COLB,COO,CORT,CRMT,CRNX,CRTO,CRVL,CSCO,CSQ,CSWI,CVBF,CWST,CYCC,CZR,DLTR,DORM,ENTA,EQIX,ERIC,EVRG,EWBC,EXAS,EXLS,EXPI,EYE,FBNC,FBRX,FCNCA,FELE,FIBK,FLEX,FRGT,FRHC,FRME,FWONA,FWONK,GDEN,GIII,GILD,GLNG,GNTX,GOOGL,GRPN,HCSG,HIMX,HOPE,HST,HTLD,HUT,HWC,ICUI,IESC,INTC,INTU,IOVA,IPAR,IPGP,ISRG,JBSS,KALU,KPRX,KRNT,LAUR,LBRDA,LBTYK,LECO,LILAK,LITE,MANH,MDXG,MFIC,MGEE,MIDD,MLAB,MMSI,MNKD,MOMO,MRVL,NICE,NMFC,NUWE,NVCR,NWBI,OFIX,OFLX,OMCL,OPK,ORKA,ORLY,OTTR,PDD,PNTG,POOL,POWL,PPBI,PPC,PRAA,PRPL,PZZA,QTRX,QURE,RDFN,RDHL,REAL,REG,REYN,RGLD,RIOT,RUN,RYTM,SAIA,SBAC,SBRA,SCVL,SHOO,SLAB,SLDB,SMCI,SMTC,SRCE,SSP,SSRM,STBA,STRO,SVC,SYBT,TCBI,TCOM,TENX,TH,TMUS,TNDM,TTD,TTMI,UAL,ULH,ULTA,VCYT,VIRT,VKTX,VOD,VRDN,VREX,VRNT,VSAT,WB,WBD,WDC,WEN,WSFS,XXII,Z,ZBRA
ABAT,0.0,0.249,0.14,-0.245,0.414,0.143,0.388,-0.374,-0.0,0.201,0.286,0.179,0.315,0.488,-0.212,0.415,0.311,0.022,0.255,0.443,0.61,-0.289,0.596,0.341,-0.341,-0.285,-0.264,0.519,0.402,0.518,0.23,0.131,-0.411,0.441,0.371,0.25,0.025,0.306,-0.004,0.523,0.065,0.2,0.539,-0.038,-0.049,0.335,0.019,0.422,-0.139,0.317,0.448,0.301,0.173,0.392,0.074,0.298,0.476,0.554,0.344,-0.036,0.207,0.205,0.411,0.612,-0.295,0.222,-0.214,0.326,0.43,0.196,0.154,0.243,0.174,0.342,0.193,0.622,0.406,0.492,0.164,0.045,0.476,-0.058,0.211,0.17,-0.415,0.092,0.597,0.349,0.414,0.443,0.486,0.342,0.296,0.36,0.337,0.054,0.376,0.038,0.551,0.236,-0.33,0.463,0.453,0.431,0.097,-0.331,0.619,-0.036,-0.075,0.613,0.573,-0.024,0.399,0.213,0.237,0.299,0.489,-0.108,-0.247,0.472,0.553,0.033,0.073,0.095,0.107,0.23,0.178,0.028,0.625,0.353,0.472,0.033,0.277,0.448,-0.001,0.162,0.309,-0.224,0.339,0.414,0.259,0.523,0.423,0.522,0.632,0.21,0.239,0.132,0.167,-0.374,0.454,-0.2,-0.135,0.357,0.274,0.538,-0.204,-0.666,-0.139,-0.056,0.047,0.35,0.464,0.021,-0.059,0.209,0.456,0.354,0.115,0.298,0.1,0.271,0.305,0.018,0.114,-0.002,-0.344,0.556,0.276,0.286,0.472,-0.425,0.356,-0.363,0.443,-0.056,0.316,-0.111,-0.134,0.326,0.341,-0.241,0.031,0.396,-0.081,-0.317,0.403,0.062,0.442,0.282
ACLS,0.249,0.0,0.971,0.423,0.602,0.128,0.878,-0.349,-0.677,-0.132,-0.045,-0.361,-0.149,0.454,-0.393,-0.132,0.949,-0.701,0.887,0.87,0.023,-0.841,0.472,-0.266,-0.919,0.034,-0.871,0.758,0.858,0.856,-0.544,0.317,-0.612,0.818,0.707,0.978,-0.593,-0.114,-0.739,0.758,0.952,0.901,0.725,0.873,-0.333,-0.107,-0.537,-0.267,-0.842,0.01,0.856,0.376,0.923,0.576,0.069,0.514,0.337,-0.103,0.226,0.665,0.062,0.946,-0.218,0.488,-0.294,-0.368,-0.944,0.096,-0.008,-0.314,0.393,0.811,-0.184,0.447,0.691,0.588,-0.231,0.715,0.828,-0.482,-0.127,0.405,0.611,-0.605,-0.707,-0.781,0.806,-0.049,0.875,0.809,0.11,0.636,-0.087,-0.132,0.641,0.868,-0.297,-0.538,0.749,0.772,0.63,0.56,0.737,0.8,0.187,0.475,0.409,0.258,0.11,0.209,0.659,-0.821,0.884,0.684,0.076,0.275,0.259,-0.395,-0.351,0.774,0.604,-0.825,-0.74,0.911,-0.03,0.694,0.04,0.741,0.524,-0.197,0.011,0.238,-0.401,0.02,-0.508,-0.277,0.899,0.77,-0.073,0.439,0.646,0.408,-0.487,0.655,0.414,-0.577,0.21,0.905,-0.409,-0.306,0.926,-0.896,-0.868,0.201,0.903,0.513,-0.591,-0.541,-0.913,-0.905,0.766,0.248,0.146,0.464,0.883,-0.59,-0.182,0.92,0.424,-0.284,0.054,-0.489,-0.336,-0.611,-0.792,0.767,0.013,-0.106,0.438,0.207,0.705,-0.827,-0.286,0.056,0.912,-0.888,0.57,-0.829,0.255,0.679,0.929,0.576,0.87,0.241,0.505,-0.32,-0.077,0.818,0.105,0.765
ACMR,0.14,0.971,0.0,0.433,0.539,0.095,0.818,-0.367,-0.764,-0.242,-0.108,-0.471,-0.186,0.347,-0.44,-0.269,0.917,-0.779,0.876,0.808,-0.071,-0.837,0.37,-0.38,-0.893,0.038,-0.891,0.689,0.826,0.818,-0.664,0.285,-0.605,0.79,0.643,0.958,-0.679,-0.219,-0.81,0.67,0.96,0.913,0.664,0.937,-0.452,-0.219,-0.597,-0.393,-0.889,-0.113,0.775,0.3,0.936,0.494,-0.002,0.433,0.201,-0.242,0.107,0.75,-0.038,0.936,-0.349,0.361,-0.212,-0.476,-0.932,-0.009,-0.188,-0.434,0.35,0.804,-0.271,0.478,0.699,0.469,-0.368,0.62,0.835,-0.575,-0.263,0.452,0.625,-0.704,-0.716,-0.862,0.753,-0.15,0.843,0.746,0.024,0.549,-0.186,-0.264,0.629,0.885,-0.41,-0.649,0.671,0.735,0.702,0.483,0.692,0.743,0.111,0.569,0.271,0.223,0.099,0.082,0.572,-0.835,0.819,0.677,-0.018,0.145,0.166,-0.454,-0.337,0.713,0.491,-0.915,-0.827,0.922,-0.121,0.655,0.003,0.806,0.371,-0.301,-0.131,0.183,-0.535,-0.086,-0.572,-0.338,0.899,0.865,-0.176,0.323,0.614,0.301,-0.576,0.573,0.285,-0.638,0.126,0.923,-0.473,-0.26,0.881,-0.914,-0.916,0.092,0.879,0.434,-0.619,-0.443,-0.946,-0.946,0.764,0.142,0.002,0.443,0.947,-0.7,-0.302,0.901,0.393,-0.399,-0.013,-0.582,-0.45,-0.706,-0.886,0.809,0.073,-0.206,0.317,0.119,0.627,-0.829,-0.377,0.04,0.863,-0.9,0.534,-0.839,0.26,0.636,0.901,0.632,0.916,0.137,0.483,-0.236,-0.191,0.878,-0.005,0.697
ADMA,-0.245,0.423,0.433,0.0,0.198,0.422,0.372,0.287,-0.291,0.103,0.137,-0.129,-0.0,0.007,0.183,-0.139,0.345,-0.208,0.366,0.284,-0.441,-0.185,-0.081,-0.198,-0.347,0.611,-0.175,0.183,0.468,0.136,-0.24,0.244,0.309,0.074,0.287,0.374,-0.195,-0.075,-0.253,0.245,0.514,0.433,0.267,0.459,0.269,-0.143,-0.101,-0.179,-0.359,0.171,0.285,0.315,0.443,0.094,0.168,0.321,0.268,-0.222,0.323,0.338,0.045,0.447,-0.094,0.107,0.235,-0.088,-0.365,0.066,-0.146,0.052,0.637,0.164,0.03,0.033,0.078,0.115,-0.162,0.254,0.429,-0.009,-0.17,0.405,0.29,-0.312,-0.001,-0.338,0.086,-0.02,0.249,0.215,-0.083,0.319,-0.109,-0.061,0.107,0.635,-0.279,-0.092,0.239,0.347,0.458,0.203,-0.085,0.297,0.262,0.256,0.057,0.352,0.46,-0.136,-0.065,-0.352,0.386,0.156,0.084,0.304,0.073,-0.038,0.124,0.233,0.299,-0.352,-0.385,0.472,0.103,0.454,0.007,0.258,-0.037,-0.189,-0.158,0.452,-0.114,-0.152,-0.046,-0.34,0.37,0.425,0.064,0.464,0.495,0.004,-0.448,-0.063,0.036,-0.357,0.252,0.351,0.052,0.127,0.385,-0.213,-0.343,0.145,0.532,0.127,0.095,0.141,-0.26,-0.365,0.572,0.119,0.117,0.428,0.521,-0.374,-0.188,0.356,0.586,-0.138,0.283,-0.313,-0.184,-0.058,-0.501,0.374,0.109,-0.268,0.313,0.092,0.303,-0.015,-0.291,0.463,0.339,-0.327,0.354,-0.419,0.475,0.042,0.323,0.382,0.305,0.202,0.48,0.029,-0.105,0.399,0.232,0.51
ADUS,0.414,0.602,0.539,0.198,0.0,0.526,0.877,0.14,-0.074,0.553,0.496,0.415,0.421,0.854,0.122,0.601,0.758,0.02,0.801,0.875,0.451,-0.353,0.865,0.506,-0.49,-0.255,-0.344,0.709,0.654,0.546,0.223,0.834,-0.302,0.765,0.808,0.681,0.147,0.633,-0.026,0.762,0.546,0.721,0.839,0.294,-0.105,0.623,0.198,0.447,-0.383,0.369,0.746,0.765,0.67,0.78,0.687,0.905,0.623,0.594,0.738,0.0,0.611,0.63,0.524,0.792,-0.406,0.432,-0.415,0.751,0.405,0.391,0.537,0.55,0.559,-0.076,0.549,0.893,0.49,0.929,0.774,-0.004,0.562,0.469,0.711,0.14,-0.538,-0.133,0.586,0.689,0.797,0.872,0.703,0.879,0.652,0.567,0.837,0.541,0.475,0.169,0.841,0.639,0.209,0.895,0.538,0.883,0.65,-0.041,0.852,0.581,0.464,0.794,0.407,-0.318,0.793,0.319,0.742,0.751,0.819,0.282,0.18,0.902,0.85,-0.261,-0.216,0.37,0.503,0.865,0.717,0.017,0.413,0.561,0.671,0.369,0.279,0.657,0.137,0.145,0.633,0.167,0.651,0.664,0.757,0.846,-0.028,0.642,0.811,0.031,0.747,0.298,0.314,-0.526,0.64,-0.386,-0.293,0.759,0.712,0.919,-0.4,-0.289,-0.386,-0.341,0.499,0.808,0.728,0.803,0.449,0.037,0.543,0.621,0.697,0.479,0.677,0.07,0.45,0.073,-0.255,0.681,-0.544,0.517,0.665,0.803,0.922,-0.521,0.428,0.376,0.679,-0.312,0.788,-0.241,0.159,0.792,0.736,0.093,0.341,0.807,0.625,-0.644,0.653,0.169,0.616,0.87
ADVM,0.143,0.128,0.095,0.422,0.526,0.0,0.41,0.512,0.086,0.601,0.795,0.477,0.512,0.329,0.534,0.516,0.195,0.288,0.272,0.345,0.078,0.123,0.314,0.459,-0.099,0.239,0.159,0.228,0.374,0.042,0.37,0.571,0.343,0.092,0.404,0.145,0.295,0.495,0.206,0.341,0.157,0.375,0.547,-0.049,0.141,0.405,0.399,0.4,-0.083,0.425,0.297,0.52,0.271,0.131,0.584,0.621,0.423,0.443,0.603,-0.194,0.434,0.262,0.535,0.58,-0.07,0.551,0.034,0.472,0.248,0.51,0.697,-0.126,0.607,-0.145,-0.2,0.423,0.423,0.413,0.389,0.464,0.398,0.304,0.291,0.278,0.051,0.149,0.004,0.567,0.376,0.305,0.525,0.534,0.458,0.489,0.307,0.433,0.326,0.38,0.362,0.168,0.024,0.57,-0.188,0.439,0.462,-0.232,0.516,0.657,0.796,0.409,-0.098,0.108,0.372,-0.152,0.557,0.649,0.591,0.357,0.457,0.348,0.545,0.044,-0.048,0.122,0.354,0.576,0.568,-0.267,-0.072,0.432,0.492,0.444,0.418,0.342,0.442,-0.074,0.271,-0.102,0.665,0.618,0.728,0.423,-0.174,-0.005,0.514,0.219,0.749,-0.066,0.692,-0.122,0.193,0.081,0.051,0.737,0.464,0.509,0.212,0.169,0.141,0.031,0.349,0.564,0.659,0.61,0.185,0.014,0.446,0.279,0.855,0.46,0.73,0.08,0.45,0.425,-0.045,0.337,-0.562,0.396,0.412,0.578,0.58,0.055,0.347,0.517,0.203,0.065,0.615,-0.008,0.415,0.172,0.235,0.038,-0.007,0.702,0.369,-0.431,0.502,-0.029,0.761,0.544
AEIS,0.388,0.878,0.818,0.372,0.877,0.41,0.0,-0.09,-0.387,0.284,0.285,0.069,0.137,0.758,-0.098,0.294,0.936,-0.331,0.911,0.975,0.277,-0.662,0.768,0.172,-0.803,-0.09,-0.674,0.843,0.85,0.763,-0.135,0.649,-0.481,0.841,0.864,0.914,-0.221,0.327,-0.395,0.851,0.812,0.9,0.9,0.628,-0.235,0.305,-0.174,0.143,-0.681,0.26,0.924,0.671,0.88,0.752,0.462,0.811,0.587,0.315,0.589,0.357,0.409,0.89,0.22,0.746,-0.42,0.079,-0.757,0.49,0.237,0.103,0.597,0.726,0.236,0.186,0.642,0.849,0.192,0.931,0.881,-0.228,0.291,0.457,0.723,-0.236,-0.663,-0.476,0.768,0.387,0.92,0.941,0.477,0.845,0.345,0.286,0.795,0.795,0.119,-0.152,0.906,0.745,0.426,0.816,0.668,0.935,0.47,0.169,0.747,0.484,0.349,0.575,0.614,-0.626,0.962,0.564,0.48,0.602,0.605,-0.021,-0.083,0.949,0.867,-0.584,-0.528,0.695,0.25,0.904,0.445,0.399,0.535,0.227,0.419,0.375,0.002,0.392,-0.19,-0.082,0.864,0.471,0.365,0.671,0.83,0.719,-0.275,0.72,0.737,-0.277,0.582,0.644,0.013,-0.493,0.888,-0.711,-0.629,0.561,0.911,0.81,-0.478,-0.478,-0.689,-0.686,0.732,0.609,0.537,0.721,0.724,-0.301,0.246,0.867,0.668,0.142,0.459,-0.19,0.098,-0.241,-0.559,0.766,-0.334,0.272,0.678,0.561,0.929,-0.733,0.096,0.291,0.902,-0.643,0.769,-0.6,0.254,0.806,0.933,0.37,0.635,0.64,0.579,-0.555,0.349,0.533,0.473,0.937
AGNCM,-0.374,-0.349,-0.367,0.287,0.14,0.512,-0.09,0.0,0.454,0.61,0.51,0.592,0.341,0.029,0.764,0.445,-0.246,0.6,-0.137,-0.151,-0.165,0.527,-0.021,0.406,0.42,0.282,0.637,-0.339,-0.274,-0.593,0.547,0.459,0.712,-0.35,-0.029,-0.294,0.584,0.424,0.61,-0.175,-0.214,-0.143,-0.117,-0.428,0.421,0.346,0.683,0.299,0.399,0.252,-0.249,0.349,-0.225,-0.085,0.624,0.317,0.157,0.225,0.398,-0.535,0.345,-0.24,0.468,0.025,0.034,0.624,0.442,0.368,0.208,0.589,0.355,-0.464,0.538,-0.639,-0.393,-0.034,0.36,-0.028,-0.048,0.58,0.277,0.15,-0.012,0.478,0.457,0.485,-0.555,0.462,-0.234,-0.148,0.142,0.216,0.382,0.474,-0.112,-0.098,0.35,0.659,-0.171,-0.156,-0.007,0.137,-0.566,-0.055,0.501,-0.279,0.099,0.513,0.618,0.111,-0.637,0.374,-0.16,-0.479,0.522,0.469,0.207,0.661,0.572,-0.134,0.068,0.445,0.368,-0.378,0.486,0.198,0.434,-0.591,-0.405,0.354,0.325,0.249,0.491,0.331,0.656,0.203,-0.329,-0.312,0.496,0.153,0.157,0.008,0.001,-0.419,0.052,0.309,0.486,-0.475,0.613,0.19,-0.364,0.536,0.525,0.412,-0.124,0.024,0.368,0.552,0.482,0.426,-0.047,0.33,0.416,0.466,-0.217,0.355,0.301,-0.368,0.431,0.434,0.638,0.221,0.454,0.643,0.353,0.009,-0.339,0.156,0.21,0.43,0.046,0.566,0.24,0.702,-0.366,0.445,0.155,0.394,0.251,-0.182,-0.271,-0.163,-0.417,0.37,0.293,-0.144,0.343,-0.489,0.331,0.113
AHCO,-0.0,-0.677,-0.764,-0.291,-0.074,0.086,-0.387,0.454,0.0,0.556,0.245,0.737,0.269,0.196,0.503,0.565,-0.559,0.874,-0.505,-0.378,0.293,0.791,0.032,0.733,0.704,-0.184,0.758,-0.314,-0.615,-0.548,0.833,0.122,0.54,-0.469,-0.311,-0.621,0.872,0.614,0.902,-0.376,-0.72,-0.648,-0.349,-0.829,0.553,0.637,0.641,0.692,0.813,0.315,-0.427,0.1,-0.689,0.043,0.43,0.067,0.042,0.569,0.295,-0.862,0.493,-0.689,0.603,-0.073,-0.055,0.747,0.74,0.444,0.466,0.688,-0.137,-0.412,0.614,-0.739,-0.387,-0.068,0.708,-0.137,-0.462,0.471,0.651,-0.131,-0.241,0.875,0.573,0.831,-0.512,0.509,-0.512,-0.312,0.33,-0.17,0.602,0.532,-0.264,-0.678,0.709,0.832,-0.355,-0.416,-0.607,-0.167,-0.435,-0.395,0.194,-0.521,0.139,0.151,0.09,0.311,-0.294,0.737,-0.493,-0.301,0.444,0.226,0.145,0.804,0.594,-0.287,-0.092,0.878,0.834,-0.774,0.467,-0.159,0.398,-0.869,-0.004,0.647,0.485,0.04,0.785,0.365,0.622,0.457,-0.697,-0.843,0.456,-0.059,-0.363,0.171,0.588,-0.125,0.088,0.729,0.295,-0.869,0.571,-0.15,-0.607,0.757,0.881,0.291,-0.624,0.023,0.568,0.295,0.794,0.818,-0.46,0.268,0.331,-0.027,-0.801,0.881,0.602,-0.613,-0.062,0.689,0.403,0.789,0.736,0.795,0.874,-0.53,-0.204,0.451,0.239,0.28,-0.248,0.664,0.662,0.318,-0.511,0.805,-0.267,0.849,-0.211,-0.125,-0.601,-0.5,-0.747,0.278,-0.118,-0.096,0.542,-0.903,0.332,-0.245
ALGT,0.201,-0.132,-0.242,0.103,0.553,0.601,0.284,0.61,0.556,0.0,0.688,0.866,0.553,0.563,0.728,0.866,0.018,0.724,0.094,0.238,0.295,0.358,0.514,0.839,0.217,-0.132,0.44,0.176,0.046,-0.218,0.812,0.709,0.357,0.024,0.303,-0.056,0.765,0.875,0.678,0.301,-0.182,0.033,0.368,-0.456,0.417,0.837,0.779,0.789,0.328,0.633,0.169,0.604,-0.041,0.371,0.826,0.639,0.5,0.793,0.786,-0.596,0.829,-0.073,0.903,0.532,-0.248,0.885,0.305,0.823,0.601,0.882,0.487,-0.176,0.879,-0.528,-0.103,0.519,0.83,0.472,0.175,0.654,0.806,0.149,0.209,0.757,0.214,0.572,-0.091,0.887,0.104,0.28,0.673,0.544,0.859,0.853,0.254,-0.027,0.807,0.829,0.328,0.033,-0.325,0.559,-0.128,0.345,0.639,-0.526,0.689,0.526,0.579,0.72,-0.135,0.362,0.185,-0.263,0.881,0.736,0.717,0.747,0.571,0.339,0.544,0.499,0.424,-0.32,0.679,0.427,0.771,-0.693,0.126,0.826,0.835,0.362,0.835,0.679,0.704,0.313,-0.053,-0.514,0.892,0.61,0.435,0.611,0.353,0.114,0.612,0.509,0.781,-0.442,0.818,-0.231,-0.022,0.383,0.485,0.79,0.095,0.588,0.243,0.194,0.436,0.429,0.082,0.76,0.87,0.595,-0.226,0.573,0.818,-0.088,0.59,0.867,0.865,0.514,0.864,0.791,0.402,0.043,-0.601,0.578,0.544,0.777,0.49,0.289,0.722,0.561,-0.015,0.396,0.414,0.378,0.06,0.263,0.016,-0.255,-0.435,0.813,0.321,-0.406,0.862,-0.528,0.733,0.427
ALLO,0.286,-0.045,-0.108,0.137,0.496,0.795,0.285,0.51,0.245,0.688,0.0,0.676,0.642,0.354,0.594,0.696,0.12,0.473,0.197,0.266,0.212,0.274,0.425,0.583,0.094,0.05,0.344,0.061,0.123,-0.038,0.574,0.625,0.384,0.091,0.407,0.006,0.449,0.57,0.443,0.384,-0.006,0.193,0.468,-0.342,0.232,0.508,0.559,0.509,0.192,0.474,0.139,0.598,0.069,0.196,0.682,0.63,0.475,0.59,0.675,-0.474,0.415,0.055,0.698,0.599,-0.082,0.719,0.189,0.534,0.459,0.626,0.476,-0.205,0.656,-0.267,-0.271,0.444,0.541,0.383,0.246,0.558,0.541,0.353,0.354,0.517,0.07,0.441,-0.04,0.706,0.258,0.268,0.562,0.601,0.537,0.672,0.277,0.14,0.54,0.524,0.306,0.151,-0.06,0.595,-0.198,0.421,0.645,-0.31,0.575,0.675,0.826,0.533,-0.208,0.274,0.226,-0.363,0.709,0.73,0.696,0.467,0.499,0.274,0.445,0.288,0.273,-0.139,0.575,0.446,0.574,-0.432,0.006,0.573,0.67,0.272,0.518,0.579,0.69,0.364,0.008,-0.333,0.724,0.506,0.478,0.398,0.125,-0.065,0.504,0.456,0.8,-0.209,0.754,-0.066,0.023,0.284,0.306,0.819,0.268,0.439,0.126,0.095,0.271,0.282,0.062,0.567,0.767,0.586,-0.098,0.347,0.574,0.075,0.7,0.571,0.786,0.282,0.602,0.526,0.247,0.148,-0.765,0.514,0.25,0.696,0.542,0.116,0.51,0.404,0.019,0.247,0.659,0.15,0.389,0.197,0.101,-0.235,-0.28,0.708,0.389,-0.508,0.602,-0.31,0.78,0.44
AMSF,0.179,-0.361,-0.471,-0.129,0.415,0.477,0.069,0.592,0.737,0.866,0.676,0.0,0.606,0.53,0.703,0.904,-0.14,0.844,-0.079,0.073,0.496,0.523,0.497,0.915,0.422,-0.231,0.598,-0.028,-0.201,-0.318,0.931,0.609,0.419,-0.077,0.27,-0.286,0.913,0.894,0.83,0.141,-0.383,-0.19,0.162,-0.676,0.415,0.876,0.809,0.865,0.593,0.54,-0.001,0.517,-0.279,0.346,0.8,0.531,0.484,0.84,0.709,-0.829,0.67,-0.286,0.9,0.442,-0.148,0.957,0.492,0.817,0.692,0.887,0.2,-0.288,0.908,-0.659,-0.166,0.431,0.899,0.318,-0.03,0.609,0.87,0.122,0.168,0.884,0.257,0.791,-0.233,0.888,-0.073,0.143,0.628,0.392,0.877,0.926,0.182,-0.335,0.916,0.892,0.173,-0.015,-0.42,0.428,-0.203,0.137,0.669,-0.558,0.601,0.486,0.471,0.677,-0.215,0.454,0.004,-0.381,0.826,0.705,0.668,0.835,0.596,0.191,0.367,0.7,0.697,-0.532,0.745,0.271,0.744,-0.797,0.047,0.914,0.832,0.183,0.857,0.749,0.823,0.535,-0.322,-0.7,0.819,0.354,0.145,0.539,0.557,0.047,0.491,0.64,0.721,-0.632,0.809,-0.242,-0.251,0.569,0.673,0.705,-0.173,0.422,0.264,0.156,0.58,0.619,-0.271,0.702,0.783,0.445,-0.505,0.799,0.881,-0.291,0.385,0.92,0.795,0.715,0.937,0.862,0.654,-0.156,-0.667,0.679,0.396,0.73,0.296,0.381,0.829,0.44,-0.213,0.599,0.328,0.554,-0.014,0.176,-0.158,-0.491,-0.612,0.706,0.262,-0.468,0.87,-0.763,0.671,0.224
ANAB,0.315,-0.149,-0.186,-0.0,0.421,0.512,0.137,0.341,0.269,0.553,0.642,0.606,0.0,0.304,0.502,0.647,0.027,0.442,0.058,0.189,0.331,0.286,0.384,0.547,0.189,-0.269,0.346,0.057,0.096,-0.085,0.556,0.542,0.207,0.072,0.294,-0.11,0.46,0.532,0.476,0.332,-0.163,0.067,0.335,-0.385,0.145,0.532,0.644,0.509,0.227,0.317,0.064,0.433,0.007,0.157,0.448,0.387,0.299,0.564,0.463,-0.448,0.326,-0.078,0.634,0.463,-0.133,0.606,0.27,0.5,0.467,0.517,0.196,-0.285,0.571,-0.111,-0.134,0.394,0.508,0.31,0.161,0.528,0.506,0.199,0.247,0.53,0.078,0.435,0.001,0.679,0.135,0.139,0.381,0.432,0.503,0.626,0.214,-0.08,0.567,0.418,0.238,0.078,-0.263,0.55,-0.118,0.312,0.466,-0.37,0.477,0.403,0.429,0.576,-0.195,0.318,0.123,-0.336,0.583,0.503,0.642,0.38,0.279,0.218,0.323,0.372,0.336,-0.2,0.431,0.238,0.479,-0.464,-0.021,0.572,0.537,0.047,0.496,0.512,0.568,0.402,-0.077,-0.369,0.665,0.391,0.258,0.366,0.433,-0.035,0.414,0.31,0.544,-0.27,0.612,-0.054,-0.063,0.294,0.33,0.592,0.079,0.451,-0.038,0.035,0.293,0.351,-0.139,0.422,0.646,0.441,-0.224,0.394,0.548,-0.067,0.388,0.568,0.556,0.269,0.569,0.498,0.276,0.052,-0.63,0.456,0.119,0.63,0.369,0.059,0.5,0.127,-0.094,0.366,0.487,0.29,-0.119,0.049,-0.008,-0.306,-0.336,0.53,0.235,-0.397,0.578,-0.374,0.527,0.184
ANDE,0.488,0.454,0.347,0.007,0.854,0.329,0.758,0.029,0.196,0.563,0.354,0.53,0.304,0.0,0.097,0.672,0.62,0.183,0.61,0.776,0.634,-0.255,0.889,0.658,-0.361,-0.414,-0.274,0.702,0.475,0.521,0.381,0.693,-0.333,0.668,0.721,0.519,0.342,0.743,0.133,0.66,0.335,0.495,0.703,0.115,-0.07,0.762,0.193,0.637,-0.157,0.4,0.705,0.652,0.457,0.873,0.671,0.821,0.632,0.736,0.747,-0.176,0.683,0.454,0.602,0.728,-0.471,0.513,-0.303,0.807,0.568,0.467,0.35,0.535,0.616,-0.217,0.566,0.879,0.668,0.88,0.61,-0.063,0.748,0.321,0.6,0.317,-0.433,0.044,0.565,0.737,0.635,0.812,0.741,0.722,0.767,0.65,0.725,0.28,0.635,0.304,0.762,0.572,-0.022,0.753,0.579,0.692,0.552,-0.139,0.875,0.468,0.233,0.829,0.53,-0.229,0.675,0.431,0.713,0.687,0.733,0.424,0.237,0.839,0.806,-0.056,0.015,0.192,0.544,0.757,0.718,-0.098,0.571,0.698,0.751,0.318,0.462,0.688,0.132,0.22,0.461,-0.076,0.632,0.565,0.535,0.902,0.25,0.766,0.815,0.17,0.708,0.105,0.291,-0.705,0.534,-0.297,-0.113,0.677,0.475,0.866,-0.215,-0.431,-0.247,-0.197,0.339,0.819,0.712,0.622,0.187,0.288,0.687,0.497,0.511,0.601,0.618,0.381,0.582,0.185,-0.004,0.424,-0.455,0.612,0.777,0.735,0.773,-0.418,0.586,0.304,0.616,-0.14,0.601,-0.067,-0.043,0.818,0.604,0.013,0.186,0.8,0.466,-0.629,0.741,-0.052,0.615,0.738
APLS,-0.212,-0.393,-0.44,0.183,0.122,0.534,-0.098,0.764,0.503,0.728,0.594,0.703,0.502,0.097,0.0,0.605,-0.29,0.693,-0.257,-0.147,-0.114,0.555,0.072,0.521,0.478,0.068,0.66,-0.282,-0.273,-0.568,0.655,0.495,0.642,-0.391,-0.009,-0.353,0.659,0.497,0.706,-0.045,-0.316,-0.165,-0.019,-0.545,0.426,0.447,0.775,0.419,0.441,0.37,-0.19,0.333,-0.243,-0.078,0.63,0.311,0.137,0.377,0.454,-0.594,0.487,-0.271,0.644,0.107,-0.085,0.693,0.475,0.394,0.386,0.712,0.334,-0.569,0.609,-0.54,-0.504,0.034,0.462,0.031,-0.063,0.772,0.393,0.115,-0.029,0.636,0.626,0.575,-0.516,0.61,-0.228,-0.184,0.21,0.257,0.467,0.567,-0.171,-0.146,0.447,0.739,-0.121,-0.197,-0.208,0.232,-0.581,-0.005,0.446,-0.379,0.238,0.485,0.62,0.265,-0.534,0.491,-0.142,-0.467,0.623,0.478,0.327,0.682,0.554,-0.121,0.125,0.556,0.42,-0.425,0.464,0.148,0.504,-0.691,-0.278,0.458,0.483,0.274,0.679,0.368,0.699,0.249,-0.354,-0.464,0.656,0.298,0.202,0.076,0.154,-0.386,0.154,0.379,0.562,-0.526,0.739,0.144,-0.38,0.552,0.621,0.499,-0.161,0.118,0.454,0.491,0.593,0.528,-0.042,0.36,0.571,0.454,-0.316,0.441,0.423,-0.385,0.452,0.542,0.683,0.32,0.564,0.781,0.405,-0.12,-0.473,0.189,0.232,0.55,0.091,0.565,0.343,0.618,-0.408,0.508,0.201,0.434,0.069,-0.126,-0.311,-0.089,-0.548,0.501,0.154,-0.125,0.449,-0.58,0.466,0.089
APPF,0.415,-0.132,-0.269,-0.139,0.601,0.516,0.294,0.445,0.565,0.866,0.696,0.904,0.647,0.672,0.605,0.0,0.067,0.697,0.094,0.303,0.547,0.283,0.673,0.889,0.178,-0.313,0.364,0.238,0.045,-0.052,0.857,0.657,0.165,0.162,0.393,-0.061,0.744,0.888,0.675,0.366,-0.218,0.013,0.416,-0.508,0.324,0.871,0.752,0.863,0.345,0.595,0.241,0.596,-0.066,0.444,0.758,0.629,0.581,0.907,0.768,-0.649,0.71,-0.068,0.946,0.639,-0.343,0.895,0.3,0.833,0.746,0.844,0.343,-0.142,0.83,-0.422,-0.061,0.64,0.892,0.533,0.136,0.587,0.883,0.06,0.213,0.778,0.069,0.623,0.064,0.929,0.173,0.33,0.752,0.559,0.873,0.923,0.315,-0.14,0.885,0.767,0.406,0.085,-0.42,0.627,0.009,0.377,0.614,-0.582,0.796,0.428,0.417,0.839,0.034,0.359,0.239,-0.207,0.846,0.755,0.777,0.665,0.39,0.397,0.58,0.546,0.504,-0.357,0.644,0.394,0.749,-0.648,0.256,0.877,0.925,0.233,0.849,0.793,0.65,0.481,-0.054,-0.61,0.908,0.548,0.341,0.686,0.552,0.237,0.737,0.568,0.747,-0.419,0.773,-0.311,0.001,0.334,0.467,0.791,0.061,0.635,0.155,-0.064,0.38,0.426,-0.076,0.795,0.9,0.515,-0.336,0.663,0.894,-0.053,0.444,0.876,0.759,0.607,0.894,0.725,0.503,-0.023,-0.683,0.75,0.515,0.82,0.518,0.121,0.782,0.337,0.032,0.418,0.451,0.383,-0.1,0.312,0.063,-0.387,-0.439,0.818,0.221,-0.528,0.892,-0.568,0.751,0.38
ASML,0.311,0.949,0.917,0.345,0.758,0.195,0.936,-0.246,-0.559,0.018,0.12,-0.14,0.027,0.62,-0.29,0.067,0.0,-0.557,0.95,0.947,0.211,-0.765,0.664,-0.069,-0.851,-0.107,-0.789,0.752,0.819,0.838,-0.373,0.514,-0.585,0.894,0.847,0.965,-0.419,0.082,-0.574,0.844,0.92,0.922,0.796,0.756,-0.357,0.095,-0.375,-0.099,-0.739,0.065,0.89,0.563,0.912,0.711,0.278,0.687,0.457,0.083,0.382,0.487,0.167,0.929,-0.039,0.61,-0.355,-0.163,-0.878,0.292,0.133,-0.151,0.376,0.814,0.002,0.314,0.751,0.727,-0.05,0.835,0.893,-0.436,0.065,0.529,0.769,-0.437,-0.764,-0.63,0.8,0.174,0.925,0.918,0.244,0.779,0.112,0.08,0.778,0.783,-0.075,-0.397,0.832,0.849,0.612,0.717,0.761,0.888,0.395,0.408,0.563,0.41,0.213,0.394,0.62,-0.773,0.927,0.617,0.287,0.439,0.443,-0.212,-0.24,0.883,0.694,-0.728,-0.604,0.797,0.155,0.805,0.251,0.613,0.506,0.016,0.199,0.193,-0.276,0.252,-0.334,-0.079,0.85,0.658,0.096,0.457,0.667,0.542,-0.347,0.694,0.532,-0.435,0.394,0.802,-0.262,-0.429,0.893,-0.825,-0.759,0.361,0.882,0.638,-0.656,-0.565,-0.861,-0.813,0.667,0.416,0.305,0.614,0.802,-0.408,0.013,0.88,0.496,-0.105,0.245,-0.331,-0.148,-0.491,-0.673,0.802,-0.211,0.087,0.488,0.4,0.805,-0.837,-0.094,0.13,0.895,-0.784,0.722,-0.727,0.237,0.788,0.962,0.438,0.763,0.413,0.622,-0.474,0.114,0.664,0.226,0.839
ATRC,0.022,-0.701,-0.779,-0.208,0.02,0.288,-0.331,0.6,0.874,0.724,0.473,0.844,0.442,0.183,0.693,0.697,-0.557,0.0,-0.463,-0.357,0.254,0.762,0.098,0.766,0.719,-0.078,0.826,-0.328,-0.512,-0.626,0.937,0.267,0.645,-0.472,-0.201,-0.643,0.923,0.697,0.947,-0.299,-0.707,-0.573,-0.233,-0.857,0.555,0.667,0.812,0.753,0.796,0.473,-0.389,0.17,-0.627,-0.005,0.554,0.149,0.233,0.638,0.462,-0.853,0.525,-0.651,0.776,0.071,0.071,0.863,0.797,0.526,0.46,0.851,0.076,-0.551,0.716,-0.72,-0.478,0.032,0.755,-0.094,-0.441,0.663,0.682,-0.156,-0.228,0.91,0.569,0.923,-0.525,0.635,-0.502,-0.276,0.443,-0.042,0.666,0.702,-0.211,-0.591,0.764,0.946,-0.212,-0.396,-0.642,-0.008,-0.515,-0.298,0.363,-0.666,0.245,0.172,0.291,0.38,-0.443,0.738,-0.409,-0.522,0.554,0.394,0.313,0.821,0.617,-0.229,0.029,0.883,0.806,-0.809,0.572,-0.106,0.494,-0.942,-0.144,0.713,0.581,0.168,0.857,0.523,0.788,0.42,-0.617,-0.88,0.657,0.146,-0.153,0.191,0.592,-0.269,0.185,0.748,0.388,-0.897,0.789,-0.018,-0.554,0.831,0.892,0.386,-0.513,0.08,0.596,0.413,0.864,0.861,-0.445,0.401,0.508,0.097,-0.754,0.84,0.698,-0.636,0.104,0.79,0.56,0.735,0.831,0.928,0.832,-0.485,-0.375,0.503,0.18,0.396,-0.11,0.726,0.689,0.355,-0.516,0.861,-0.107,0.786,-0.091,-0.19,-0.554,-0.616,-0.849,0.402,-0.061,-0.111,0.644,-0.924,0.471,-0.148
AVGO,0.255,0.887,0.876,0.366,0.801,0.272,0.911,-0.137,-0.505,0.094,0.197,-0.079,0.058,0.61,-0.257,0.094,0.95,-0.463,0.0,0.905,0.18,-0.66,0.63,-0.016,-0.759,-0.065,-0.688,0.682,0.785,0.761,-0.31,0.586,-0.468,0.871,0.81,0.923,-0.343,0.153,-0.504,0.765,0.887,0.895,0.762,0.718,-0.302,0.146,-0.298,-0.055,-0.684,0.111,0.798,0.584,0.88,0.709,0.366,0.732,0.462,0.102,0.421,0.425,0.22,0.858,-0.0,0.58,-0.223,-0.074,-0.773,0.364,0.073,-0.082,0.416,0.803,0.088,0.198,0.73,0.704,-0.012,0.809,0.878,-0.418,0.088,0.593,0.798,-0.377,-0.752,-0.561,0.719,0.213,0.882,0.905,0.335,0.783,0.182,0.118,0.815,0.77,-0.018,-0.323,0.806,0.826,0.607,0.7,0.693,0.863,0.476,0.398,0.541,0.457,0.336,0.41,0.488,-0.691,0.859,0.518,0.361,0.49,0.486,-0.117,-0.091,0.857,0.669,-0.688,-0.561,0.721,0.278,0.819,0.345,0.517,0.4,0.078,0.223,0.238,-0.262,0.31,-0.232,-0.083,0.807,0.632,0.149,0.447,0.684,0.556,-0.377,0.625,0.503,-0.358,0.423,0.71,-0.173,-0.389,0.833,-0.711,-0.689,0.397,0.864,0.651,-0.638,-0.397,-0.782,-0.725,0.642,0.465,0.325,0.666,0.793,-0.363,0.058,0.815,0.557,-0.033,0.32,-0.32,-0.072,-0.433,-0.644,0.836,-0.219,0.128,0.463,0.453,0.813,-0.738,-0.016,0.208,0.848,-0.694,0.714,-0.634,0.336,0.786,0.908,0.351,0.719,0.429,0.709,-0.465,0.174,0.595,0.264,0.859
AVT,0.443,0.87,0.808,0.284,0.875,0.345,0.975,-0.151,-0.378,0.238,0.266,0.073,0.189,0.776,-0.147,0.303,0.947,-0.357,0.905,0.0,0.365,-0.657,0.805,0.177,-0.786,-0.204,-0.681,0.856,0.827,0.804,-0.132,0.63,-0.55,0.886,0.873,0.905,-0.218,0.316,-0.39,0.888,0.795,0.888,0.89,0.598,-0.279,0.322,-0.168,0.152,-0.643,0.228,0.909,0.647,0.865,0.79,0.414,0.787,0.563,0.332,0.547,0.321,0.385,0.859,0.214,0.748,-0.467,0.067,-0.755,0.488,0.282,0.055,0.46,0.719,0.218,0.228,0.698,0.86,0.193,0.943,0.886,-0.261,0.302,0.476,0.755,-0.213,-0.696,-0.467,0.811,0.404,0.941,0.946,0.435,0.852,0.338,0.303,0.803,0.732,0.149,-0.191,0.907,0.791,0.408,0.835,0.733,0.934,0.464,0.192,0.756,0.467,0.276,0.599,0.634,-0.628,0.945,0.577,0.464,0.586,0.637,-0.051,-0.126,0.956,0.829,-0.562,-0.472,0.696,0.26,0.867,0.43,0.409,0.58,0.248,0.429,0.293,-0.016,0.411,-0.18,-0.036,0.83,0.46,0.332,0.61,0.761,0.727,-0.182,0.773,0.721,-0.287,0.566,0.646,-0.043,-0.525,0.87,-0.723,-0.617,0.559,0.869,0.82,-0.552,-0.558,-0.711,-0.676,0.651,0.579,0.527,0.684,0.678,-0.256,0.249,0.864,0.596,0.135,0.404,-0.155,0.094,-0.272,-0.527,0.753,-0.34,0.279,0.637,0.575,0.913,-0.78,0.13,0.18,0.872,-0.637,0.786,-0.58,0.169,0.826,0.928,0.354,0.643,0.609,0.585,-0.592,0.352,0.509,0.424,0.881
AXDX,0.61,0.023,-0.071,-0.441,0.451,0.078,0.277,-0.165,0.293,0.295,0.212,0.496,0.331,0.634,-0.114,0.547,0.211,0.254,0.18,0.365,0.0,-0.064,0.71,0.624,-0.085,-0.522,-0.064,0.372,0.168,0.3,0.452,0.265,-0.362,0.397,0.441,0.074,0.402,0.596,0.243,0.358,-0.121,0.053,0.352,-0.232,-0.173,0.646,0.208,0.645,0.15,0.216,0.348,0.346,0.0,0.51,0.308,0.365,0.515,0.713,0.376,-0.374,0.351,0.035,0.493,0.575,-0.335,0.45,0.011,0.602,0.52,0.348,-0.128,0.205,0.463,-0.076,0.373,0.612,0.648,0.469,0.136,-0.016,0.696,-0.006,0.259,0.406,-0.425,0.313,0.358,0.534,0.285,0.463,0.535,0.298,0.601,0.602,0.474,-0.243,0.686,0.28,0.471,0.247,-0.365,0.437,0.47,0.265,0.302,-0.367,0.611,0.122,-0.137,0.673,0.43,-0.028,0.288,0.074,0.367,0.376,0.577,0.265,-0.014,0.485,0.439,0.209,0.317,-0.161,0.322,0.233,0.491,-0.208,0.371,0.664,0.598,-0.146,0.386,0.627,0.211,0.343,0.087,-0.371,0.372,0.149,0.081,0.657,0.565,0.551,0.581,0.368,0.36,-0.155,0.231,-0.62,0.178,-0.026,0.086,0.385,0.01,0.511,-0.27,-0.462,0.025,0.11,-0.296,0.519,0.442,0.076,-0.259,0.445,0.697,0.14,-0.003,0.559,0.247,0.577,0.556,0.229,0.349,-0.003,-0.493,0.753,0.308,0.388,0.355,-0.287,0.676,-0.188,0.23,0.13,0.318,0.159,-0.195,0.394,0.263,-0.421,-0.11,0.446,0.047,-0.538,0.631,-0.263,0.359,0.188
AXSM,-0.289,-0.841,-0.837,-0.185,-0.353,0.123,-0.662,0.527,0.791,0.358,0.274,0.523,0.286,-0.255,0.555,0.283,-0.765,0.762,-0.66,-0.657,-0.064,0.0,-0.357,0.417,0.911,-0.038,0.898,-0.644,-0.76,-0.743,0.626,-0.009,0.738,-0.686,-0.55,-0.803,0.7,0.288,0.83,-0.597,-0.776,-0.716,-0.546,-0.82,0.501,0.294,0.629,0.362,0.833,0.152,-0.762,-0.105,-0.763,-0.334,0.238,-0.184,-0.286,0.207,0.008,-0.759,0.211,-0.829,0.339,-0.365,0.191,0.554,0.888,0.103,0.119,0.46,-0.231,-0.652,0.397,-0.633,-0.611,-0.457,0.346,-0.472,-0.563,0.494,0.263,-0.027,-0.31,0.747,0.749,0.742,-0.762,0.276,-0.686,-0.611,0.016,-0.357,0.27,0.264,-0.445,-0.682,0.409,0.64,-0.654,-0.535,-0.448,-0.365,-0.7,-0.587,0.044,-0.299,-0.231,0.116,0.185,-0.057,-0.671,0.873,-0.759,-0.555,0.228,-0.013,-0.035,0.63,0.638,-0.596,-0.461,0.803,0.743,-0.79,0.32,-0.38,0.229,-0.792,-0.442,0.353,0.152,-0.044,0.512,0.051,0.673,0.31,-0.828,-0.705,0.244,-0.265,-0.456,-0.23,0.39,-0.548,-0.296,0.677,0.118,-0.861,0.526,0.146,-0.84,0.873,0.91,0.107,-0.733,-0.278,0.636,0.648,0.867,0.869,-0.546,-0.034,0.066,-0.126,-0.752,0.666,0.271,-0.762,-0.116,0.409,0.244,0.583,0.455,0.674,0.748,-0.541,-0.098,0.13,-0.183,0.077,-0.499,0.842,0.427,0.272,-0.797,0.851,-0.322,0.868,-0.137,-0.439,-0.815,-0.406,-0.761,0.005,-0.136,0.204,0.233,-0.835,0.102,-0.505
AZN,0.596,0.472,0.37,-0.081,0.865,0.314,0.768,-0.021,0.032,0.514,0.425,0.497,0.384,0.889,0.072,0.673,0.664,0.098,0.63,0.805,0.71,-0.357,0.0,0.588,-0.441,-0.431,-0.328,0.691,0.514,0.537,0.336,0.702,-0.431,0.724,0.805,0.553,0.224,0.665,0.072,0.764,0.361,0.554,0.776,0.109,-0.147,0.666,0.215,0.553,-0.238,0.357,0.73,0.73,0.498,0.789,0.618,0.783,0.707,0.715,0.691,-0.121,0.57,0.503,0.599,0.808,-0.527,0.467,-0.36,0.749,0.531,0.419,0.341,0.466,0.525,-0.042,0.527,0.922,0.599,0.894,0.596,0.016,0.69,0.287,0.633,0.245,-0.578,0.039,0.614,0.715,0.701,0.823,0.675,0.784,0.68,0.675,0.752,0.282,0.597,0.224,0.836,0.544,-0.004,0.843,0.592,0.785,0.594,-0.202,0.906,0.414,0.227,0.86,0.535,-0.282,0.735,0.284,0.698,0.688,0.812,0.269,-0.001,0.871,0.823,-0.107,-0.022,0.199,0.443,0.71,0.663,-0.037,0.523,0.643,0.763,0.175,0.378,0.769,0.169,0.326,0.502,-0.042,0.611,0.568,0.574,0.859,0.269,0.701,0.859,0.141,0.675,0.2,0.301,-0.616,0.57,-0.344,-0.189,0.673,0.519,0.847,-0.423,-0.503,-0.308,-0.23,0.225,0.755,0.736,0.61,0.208,0.216,0.666,0.513,0.451,0.534,0.57,0.279,0.516,0.138,-0.043,0.421,-0.624,0.662,0.596,0.736,0.823,-0.557,0.534,0.157,0.583,-0.204,0.705,-0.184,-0.033,0.744,0.681,-0.077,0.164,0.766,0.395,-0.683,0.697,0.024,0.574,0.701
BANR,0.341,-0.266,-0.38,-0.198,0.506,0.459,0.172,0.406,0.733,0.839,0.583,0.915,0.547,0.658,0.521,0.889,-0.069,0.766,-0.016,0.177,0.624,0.417,0.588,0.0,0.295,-0.321,0.449,0.175,-0.083,-0.138,0.884,0.561,0.233,0.044,0.257,-0.187,0.861,0.953,0.731,0.192,-0.359,-0.124,0.287,-0.585,0.319,0.943,0.692,0.948,0.473,0.514,0.113,0.492,-0.204,0.434,0.73,0.554,0.485,0.94,0.716,-0.731,0.766,-0.217,0.893,0.519,-0.27,0.922,0.415,0.866,0.655,0.828,0.236,-0.126,0.924,-0.558,-0.049,0.532,0.964,0.429,0.033,0.491,0.955,0.054,0.161,0.86,0.129,0.685,-0.057,0.886,0.059,0.239,0.784,0.364,0.945,0.864,0.294,-0.268,0.95,0.823,0.268,-0.023,-0.51,0.449,-0.034,0.202,0.518,-0.576,0.684,0.422,0.346,0.782,0.02,0.426,0.081,-0.176,0.786,0.641,0.697,0.775,0.589,0.307,0.466,0.613,0.587,-0.452,0.628,0.316,0.772,-0.737,0.209,0.962,0.871,0.24,0.875,0.722,0.65,0.453,-0.175,-0.69,0.831,0.422,0.208,0.717,0.565,0.275,0.62,0.667,0.709,-0.575,0.773,-0.435,-0.133,0.435,0.558,0.727,-0.088,0.582,0.227,0.03,0.506,0.527,-0.169,0.752,0.771,0.375,-0.456,0.739,0.949,-0.131,0.379,0.961,0.741,0.743,0.963,0.786,0.592,-0.108,-0.609,0.782,0.507,0.716,0.379,0.233,0.902,0.37,-0.056,0.523,0.301,0.548,-0.074,0.314,-0.062,-0.419,-0.487,0.765,0.16,-0.503,0.945,-0.663,0.726,0.277
BBIO,-0.341,-0.919,-0.893,-0.347,-0.49,-0.099,-0.803,0.42,0.704,0.217,0.094,0.422,0.189,-0.361,0.478,0.178,-0.851,0.719,-0.759,-0.786,-0.085,0.911,-0.441,0.295,0.0,-0.108,0.892,-0.767,-0.859,-0.813,0.552,-0.164,0.652,-0.708,-0.656,-0.899,0.659,0.173,0.774,-0.703,-0.844,-0.825,-0.7,-0.826,0.398,0.195,0.573,0.272,0.872,0.045,-0.851,-0.313,-0.835,-0.408,0.085,-0.374,-0.367,0.1,-0.137,-0.702,0.064,-0.917,0.248,-0.501,0.289,0.412,0.935,-0.009,0.06,0.366,-0.424,-0.691,0.263,-0.576,-0.572,-0.559,0.236,-0.614,-0.684,0.429,0.14,-0.199,-0.448,0.67,0.746,0.745,-0.791,0.147,-0.808,-0.717,-0.083,-0.498,0.167,0.161,-0.524,-0.81,0.335,0.566,-0.72,-0.566,-0.48,-0.474,-0.653,-0.713,-0.051,-0.284,-0.375,-0.112,-0.02,-0.16,-0.726,0.818,-0.865,-0.61,0.074,-0.178,-0.177,0.517,0.519,-0.712,-0.616,0.799,0.752,-0.856,0.254,-0.583,0.092,-0.746,-0.507,0.255,0.035,-0.139,0.395,0.024,0.566,0.286,-0.886,-0.69,0.12,-0.419,-0.615,-0.353,0.452,-0.598,-0.452,0.588,-0.115,-0.875,0.381,0.27,-0.909,0.892,0.898,-0.12,-0.867,-0.446,0.592,0.642,0.864,0.889,-0.679,-0.123,-0.098,-0.293,-0.797,0.638,0.177,-0.891,-0.342,0.317,0.052,0.511,0.367,0.599,0.753,-0.62,0.017,0.011,-0.377,-0.057,-0.657,0.873,0.342,0.093,-0.886,0.861,-0.484,0.868,-0.268,-0.512,-0.894,-0.452,-0.8,-0.184,-0.242,0.351,0.129,-0.847,-0.115,-0.664
BCYC,-0.285,0.034,0.038,0.611,-0.255,0.239,-0.09,0.282,-0.184,-0.132,0.05,-0.231,-0.269,-0.414,0.068,-0.313,-0.107,-0.078,-0.065,-0.204,-0.522,-0.038,-0.431,-0.321,-0.108,0.0,0.094,-0.228,0.052,-0.2,-0.184,-0.286,0.5,-0.323,-0.113,-0.045,-0.209,-0.322,-0.195,-0.227,0.153,-0.029,-0.155,0.159,0.368,-0.429,-0.208,-0.279,-0.086,0.143,-0.084,-0.074,-0.022,-0.341,-0.129,-0.109,0.166,-0.361,0.046,0.22,-0.303,0.076,-0.215,-0.124,0.537,-0.167,-0.063,-0.282,-0.235,-0.027,0.446,-0.166,-0.19,0.006,-0.399,-0.232,-0.27,-0.254,-0.181,0.095,-0.333,-0.112,-0.259,-0.328,0.193,-0.091,-0.224,-0.391,-0.179,-0.217,-0.184,-0.151,-0.381,-0.241,-0.344,0.295,-0.416,-0.004,-0.135,-0.11,0.205,-0.304,-0.406,-0.186,-0.003,-0.007,-0.282,0.011,0.297,-0.456,-0.222,-0.143,-0.03,-0.183,-0.273,0.076,-0.307,-0.167,0.013,-0.27,-0.052,-0.107,-0.163,0.146,-0.097,-0.027,-0.386,0.134,-0.146,-0.397,-0.332,0.379,-0.174,-0.269,-0.019,-0.323,0.005,0.151,-0.154,0.168,0.133,-0.37,-0.468,-0.399,-0.231,-0.178,-0.109,0.091,0.041,0.454,0.045,0.134,-0.124,-0.144,0.16,-0.376,0.316,0.193,0.06,-0.067,0.227,-0.185,-0.142,-0.095,0.154,-0.287,-0.324,-0.025,0.218,-0.263,-0.019,-0.346,-0.269,-0.012,-0.178,-0.078,0.241,-0.261,-0.081,-0.307,-0.119,0.284,-0.419,0.187,0.014,-0.086,-0.109,-0.289,0.666,-0.4,-0.073,0.031,0.027,-0.169,0.058,0.236,-0.346,0.22,0.062,0.093
BHFAP,-0.264,-0.871,-0.891,-0.175,-0.344,0.159,-0.674,0.637,0.758,0.44,0.344,0.598,0.346,-0.274,0.66,0.364,-0.789,0.826,-0.688,-0.681,-0.064,0.898,-0.328,0.449,0.892,0.094,0.0,-0.71,-0.738,-0.851,0.713,-0.008,0.802,-0.743,-0.504,-0.847,0.757,0.32,0.857,-0.55,-0.792,-0.742,-0.555,-0.889,0.562,0.313,0.72,0.402,0.885,0.186,-0.73,-0.112,-0.788,-0.389,0.258,-0.178,-0.128,0.253,0.084,-0.807,0.183,-0.837,0.441,-0.28,0.269,0.618,0.904,0.152,0.257,0.54,-0.163,-0.781,0.448,-0.618,-0.689,-0.394,0.393,-0.486,-0.626,0.665,0.288,-0.178,-0.419,0.757,0.771,0.857,-0.818,0.306,-0.723,-0.628,0.043,-0.301,0.284,0.37,-0.505,-0.699,0.45,0.747,-0.601,-0.558,-0.487,-0.311,-0.763,-0.572,0.161,-0.47,-0.194,0.101,0.263,-0.022,-0.742,0.808,-0.726,-0.739,0.251,0.102,-0.004,0.613,0.582,-0.619,-0.397,0.877,0.799,-0.824,0.375,-0.422,0.175,-0.865,-0.452,0.379,0.222,-0.023,0.562,0.173,0.764,0.373,-0.855,-0.751,0.331,-0.185,-0.426,-0.245,0.411,-0.63,-0.263,0.6,0.127,-0.891,0.602,0.298,-0.842,0.958,0.939,0.137,-0.709,-0.323,0.585,0.619,0.926,0.926,-0.587,0.015,0.169,-0.128,-0.791,0.704,0.329,-0.838,-0.072,0.48,0.286,0.516,0.526,0.78,0.795,-0.577,-0.19,0.177,-0.209,0.142,-0.456,0.891,0.409,0.241,-0.823,0.884,-0.315,0.804,-0.038,-0.52,-0.814,-0.522,-0.856,0.035,-0.137,0.118,0.285,-0.876,0.149,-0.467
BKR,0.519,0.758,0.689,0.183,0.709,0.228,0.843,-0.339,-0.314,0.176,0.061,-0.028,0.057,0.702,-0.282,0.238,0.752,-0.328,0.682,0.856,0.372,-0.644,0.691,0.175,-0.767,-0.228,-0.71,0.0,0.802,0.788,-0.123,0.386,-0.632,0.772,0.673,0.773,-0.226,0.3,-0.408,0.728,0.578,0.717,0.829,0.549,-0.245,0.285,-0.211,0.228,-0.63,0.251,0.843,0.42,0.722,0.667,0.188,0.538,0.476,0.363,0.431,0.413,0.397,0.726,0.184,0.658,-0.46,-0.025,-0.648,0.417,0.158,0.012,0.448,0.651,0.159,0.336,0.633,0.771,0.232,0.818,0.674,-0.243,0.326,0.153,0.482,-0.202,-0.629,-0.46,0.856,0.292,0.796,0.78,0.473,0.568,0.319,0.226,0.651,0.645,0.133,-0.201,0.83,0.527,0.087,0.651,0.724,0.763,0.14,0.009,0.706,0.116,-0.011,0.555,0.791,-0.508,0.834,0.662,0.258,0.36,0.523,-0.158,-0.231,0.863,0.787,-0.491,-0.47,0.619,0.008,0.663,0.302,0.373,0.656,0.228,0.372,0.301,0.058,0.256,-0.322,-0.206,0.826,0.318,0.279,0.618,0.68,0.74,-0.052,0.839,0.74,-0.259,0.355,0.55,-0.058,-0.526,0.837,-0.69,-0.603,0.395,0.744,0.792,-0.36,-0.572,-0.605,-0.612,0.619,0.482,0.417,0.402,0.557,-0.299,0.274,0.829,0.404,0.153,0.209,-0.067,0.098,-0.231,-0.472,0.51,-0.132,0.288,0.647,0.373,0.779,-0.729,0.156,0.002,0.824,-0.556,0.55,-0.483,-0.038,0.683,0.798,0.325,0.581,0.498,0.233,-0.424,0.343,0.508,0.379,0.696
BLDP,0.402,0.858,0.826,0.468,0.654,0.374,0.85,-0.274,-0.615,0.046,0.123,-0.201,0.096,0.475,-0.273,0.045,0.819,-0.512,0.785,0.827,0.168,-0.76,0.514,-0.083,-0.859,0.052,-0.738,0.802,0.0,0.783,-0.34,0.369,-0.517,0.728,0.726,0.831,-0.426,0.08,-0.609,0.775,0.773,0.832,0.814,0.731,-0.288,0.061,-0.333,-0.028,-0.764,0.167,0.85,0.372,0.846,0.492,0.085,0.515,0.492,0.108,0.346,0.552,0.161,0.85,0.001,0.66,-0.205,-0.178,-0.778,0.264,0.052,-0.134,0.562,0.622,0.024,0.47,0.58,0.687,-0.027,0.731,0.766,-0.249,0.049,0.279,0.516,-0.442,-0.675,-0.596,0.768,0.116,0.829,0.776,0.308,0.63,0.084,0.071,0.66,0.83,-0.112,-0.376,0.833,0.66,0.37,0.671,0.645,0.796,0.215,0.197,0.536,0.224,0.189,0.35,0.611,-0.697,0.889,0.488,0.131,0.371,0.448,-0.367,-0.292,0.797,0.719,-0.678,-0.658,0.8,-0.014,0.654,0.16,0.555,0.431,0.004,0.138,0.302,-0.194,0.125,-0.35,-0.345,0.905,0.57,0.145,0.629,0.769,0.537,-0.334,0.597,0.572,-0.458,0.297,0.745,-0.128,-0.276,0.911,-0.743,-0.776,0.308,0.91,0.649,-0.49,-0.459,-0.706,-0.747,0.672,0.388,0.319,0.437,0.767,-0.525,0.056,0.874,0.549,-0.044,0.152,-0.365,-0.106,-0.37,-0.701,0.666,-0.117,0.082,0.448,0.268,0.782,-0.731,-0.078,-0.003,0.884,-0.717,0.625,-0.74,0.241,0.549,0.871,0.387,0.706,0.385,0.388,-0.397,0.146,0.717,0.317,0.754
BLFS,0.518,0.856,0.818,0.136,0.546,0.042,0.763,-0.593,-0.548,-0.218,-0.038,-0.318,-0.085,0.521,-0.568,-0.052,0.838,-0.626,0.761,0.804,0.3,-0.743,0.537,-0.138,-0.813,-0.2,-0.851,0.788,0.783,0.0,-0.444,0.177,-0.731,0.845,0.634,0.833,-0.518,-0.048,-0.662,0.71,0.739,0.738,0.722,0.711,-0.419,-0.013,-0.57,-0.092,-0.704,-0.013,0.782,0.256,0.758,0.6,-0.05,0.414,0.312,0.065,0.174,0.554,0.024,0.776,-0.157,0.516,-0.312,-0.321,-0.795,0.106,0.043,-0.341,0.202,0.805,-0.173,0.529,0.692,0.605,-0.107,0.684,0.702,-0.562,0.018,0.328,0.588,-0.456,-0.77,-0.65,0.91,-0.01,0.835,0.764,0.252,0.492,-0.022,-0.092,0.66,0.646,-0.15,-0.558,0.717,0.71,0.381,0.505,0.835,0.698,0.032,0.414,0.458,0.109,-0.101,0.311,0.812,-0.645,0.767,0.742,0.005,0.164,0.299,-0.427,-0.362,0.74,0.533,-0.698,-0.586,0.754,-0.077,0.554,0.053,0.697,0.609,-0.069,0.083,0.092,-0.317,0.059,-0.522,-0.184,0.799,0.54,-0.084,0.334,0.47,0.489,-0.202,0.776,0.481,-0.331,0.151,0.78,-0.383,-0.48,0.853,-0.822,-0.77,0.166,0.737,0.555,-0.521,-0.712,-0.815,-0.762,0.528,0.25,0.109,0.247,0.648,-0.425,-0.039,0.896,0.243,-0.198,-0.069,-0.209,-0.235,-0.61,-0.6,0.557,-0.017,0.091,0.367,0.152,0.623,-0.859,-0.068,-0.212,0.87,-0.718,0.5,-0.657,0.037,0.699,0.829,0.408,0.765,0.229,0.304,-0.319,0.016,0.686,0.163,0.596
BLKB,0.23,-0.544,-0.664,-0.24,0.223,0.37,-0.135,0.547,0.833,0.812,0.574,0.931,0.556,0.381,0.655,0.857,-0.373,0.937,-0.31,-0.132,0.452,0.626,0.336,0.884,0.552,-0.184,0.713,-0.123,-0.34,-0.444,0.0,0.381,0.468,-0.26,0.006,-0.483,0.93,0.823,0.906,-0.053,-0.597,-0.418,-0.004,-0.818,0.52,0.804,0.841,0.88,0.707,0.58,-0.178,0.336,-0.483,0.168,0.624,0.316,0.412,0.82,0.603,-0.863,0.613,-0.497,0.903,0.307,-0.082,0.937,0.662,0.689,0.647,0.893,0.136,-0.448,0.812,-0.627,-0.348,0.287,0.888,0.134,-0.285,0.697,0.838,-0.13,-0.102,0.939,0.407,0.897,-0.317,0.782,-0.285,-0.072,0.577,0.17,0.792,0.856,-0.047,-0.501,0.888,0.941,0.019,-0.251,-0.647,0.221,-0.327,-0.075,0.481,-0.721,0.49,0.256,0.311,0.599,-0.258,0.637,-0.198,-0.46,0.682,0.563,0.534,0.786,0.538,-0.007,0.243,0.851,0.797,-0.696,0.632,0.038,0.581,-0.901,0.048,0.847,0.773,0.18,0.918,0.672,0.803,0.487,-0.464,-0.871,0.781,0.311,-0.006,0.414,0.674,-0.066,0.417,0.719,0.539,-0.783,0.824,-0.13,-0.384,0.71,0.798,0.576,-0.35,0.292,0.439,0.193,0.753,0.781,-0.378,0.565,0.704,0.204,-0.697,0.86,0.847,-0.465,0.199,0.899,0.633,0.761,0.93,0.924,0.805,-0.393,-0.521,0.668,0.312,0.567,0.118,0.529,0.805,0.299,-0.354,0.753,0.092,0.69,-0.109,-0.039,-0.369,-0.618,-0.765,0.57,0.012,-0.302,0.805,-0.859,0.607,0.017
