,ABAT,ACLS,ACMR,ADMA,ADUS,ADVM,AEIS,AGNCM,AHCO,ALGT,ALLO,AMSF,ANAB,ANDE,APLS,APPF,ASML,ATRC,AVGO,AVT,AXDX,AXSM,AZN,BANR,BBIO,BCYC,BHFAP,BKR,BLDP,BLFS,BLKB,BLMN,BNTX,BPMC,CALM,CAMT,CASH,CATY,CCEP,CDLX,CDNS,CENN,CENX,CGC,CHDN,CLBK,COKE,COLB,COO,CORT,CRMT,CRNX,CRTO,CRVL,CSCO,CSQ,CSWI,CVBF,CWST,CYCC,CZR,DLTR,DORM,ENTA,EQIX,ERIC,EVRG,EWBC,EXAS,EXLS,EXPI,EYE,FBNC,FBRX,FCNCA,FELE,FIBK,FLEX,FRGT,FRHC,FRME,FWONA,FWONK,GDEN,GIII,GILD,GLNG,GNTX,GOOGL,GRPN,HCSG,HIMX,HOPE,HST,HTLD,HUT,HWC,ICUI,IESC,INTC,INTU,IOVA,IPAR,IPGP,ISRG,JBSS,KALU,KPRX,KRNT,LAUR,LBRDA,LBTYK,LECO,LILAK,LITE,MANH,MDXG,MFIC,MGEE,MIDD,MLAB,MMSI,MNKD,MOMO,MRVL,NICE,NMFC,NUWE,NVCR,NWBI,OFIX,OFLX,OMCL,OPK,ORKA,ORLY,OTTR,PDD,PNTG,POOL,POWL,PPBI,PPC,PRAA,PRPL,PZZA,QTRX,QURE,RDFN,RDHL,REAL,REG,REYN,RGLD,RIOT,RUN,RYTM,SAIA,SBAC,SBRA,SCVL,SHOO,SLAB,SLDB,SMCI,SMTC,SRCE,SSP,SSRM,STBA,STRO,SVC,SYBT,TCBI,TCOM,TENX,TH,TMUS,TNDM,TTD,TTMI,UAL,ULH,ULTA,VCYT,VIRT,VKTX,VOD,VRDN,VREX,VRNT,VSAT,WB,WBD,WDC,WEN,WSFS,XXII,Z,ZBRA
ABAT,0.0,0.466,0.357,-0.373,0.486,-0.098,0.567,-0.596,-0.056,0.389,-0.108,0.424,-0.127,0.66,0.275,0.59,0.491,-0.32,0.094,0.621,0.783,-0.498,0.799,0.613,-0.248,-0.559,-0.618,0.636,0.465,0.451,0.029,0.465,-0.699,0.638,0.509,0.526,0.118,0.638,-0.173,0.466,0.034,0.423,0.478,0.214,-0.415,0.476,0.363,0.505,-0.426,-0.457,0.655,0.338,0.478,0.315,0.415,0.345,0.105,0.646,0.131,0.115,-0.018,0.423,0.032,0.663,-0.639,0.414,-0.555,0.654,-0.368,0.166,-0.346,0.076,0.178,0.525,0.554,0.699,0.534,0.683,0.568,-0.396,0.704,-0.069,0.438,0.016,-0.641,-0.386,0.594,0.779,0.487,0.645,0.131,0.606,0.547,0.316,0.339,0.027,0.672,-0.437,0.628,0.293,-0.402,0.602,0.618,0.427,-0.139,0.025,0.735,0.281,-0.508,-0.164,0.544,-0.356,0.528,0.118,0.484,-0.017,0.705,-0.321,-0.618,0.641,0.641,-0.258,-0.217,0.303,-0.126,0.546,0.228,0.035,0.517,0.63,0.572,-0.493,0.501,0.655,-0.084,0.265,0.501,-0.065,0.196,0.095,0.242,0.676,0.691,0.655,0.72,-0.244,0.493,0.279,-0.347,-0.675,0.217,-0.563,-0.271,0.173,0.41,0.587,-0.427,-0.821,-0.487,-0.525,0.221,0.033,0.657,0.494,0.117,0.169,0.605,0.403,-0.345,0.311,0.518,0.336,0.331,-0.292,-0.035,0.25,-0.607,0.057,0.324,0.062,0.59,-0.69,0.117,-0.509,0.174,-0.405,0.041,-0.427,-0.587,0.514,0.579,0.345,0.267,0.124,-0.091,-0.679,0.63,0.153,-0.211,0.344
ACLS,0.466,0.0,0.974,0.319,0.8,0.307,0.954,-0.331,-0.713,0.216,0.013,0.033,0.018,0.691,0.125,0.263,0.972,-0.771,0.71,0.931,0.386,-0.843,0.683,0.16,-0.818,-0.357,-0.841,0.772,0.906,0.801,-0.498,0.768,-0.511,0.828,0.864,0.978,-0.437,0.359,-0.781,0.838,0.824,0.942,0.823,0.899,-0.49,0.304,-0.024,0.049,-0.858,-0.301,0.861,0.633,0.926,0.561,0.698,0.78,0.203,0.261,0.327,0.751,0.11,0.951,-0.146,0.746,-0.531,-0.098,-0.893,0.55,-0.259,-0.216,0.061,0.563,0.149,0.774,0.688,0.769,0.116,0.88,0.742,-0.497,0.305,0.518,0.786,-0.547,-0.741,-0.762,0.797,0.566,0.929,0.886,0.128,0.911,0.339,0.135,0.707,0.771,0.195,-0.574,0.822,0.792,0.437,0.823,0.729,0.864,0.184,0.528,0.702,0.848,-0.127,0.001,0.617,-0.794,0.923,0.521,0.562,0.231,0.681,-0.533,-0.406,0.825,0.782,-0.832,-0.745,0.923,-0.081,0.957,0.391,0.773,0.458,0.286,0.273,-0.225,-0.063,0.368,-0.453,0.055,0.897,0.744,0.119,0.378,0.717,0.666,0.139,0.704,0.654,-0.609,0.823,0.947,-0.386,-0.553,0.711,-0.861,-0.909,0.463,0.939,0.72,-0.649,-0.62,-0.903,-0.8,0.769,0.271,0.589,0.874,0.863,-0.548,0.212,0.915,0.212,-0.035,0.652,-0.183,-0.114,-0.636,-0.789,0.84,-0.524,-0.115,0.56,0.38,0.883,-0.789,-0.121,0.193,0.67,-0.887,0.602,-0.82,-0.322,0.796,0.927,0.603,0.887,0.385,0.599,-0.533,0.379,0.849,-0.028,0.851
ACMR,0.357,0.974,0.0,0.349,0.781,0.344,0.921,-0.281,-0.797,0.121,0.017,-0.075,0.003,0.624,0.09,0.139,0.955,-0.819,0.731,0.894,0.312,-0.813,0.622,0.057,-0.795,-0.339,-0.828,0.72,0.873,0.771,-0.599,0.777,-0.471,0.804,0.831,0.963,-0.516,0.276,-0.842,0.787,0.855,0.964,0.8,0.951,-0.55,0.231,-0.077,-0.061,-0.883,-0.302,0.805,0.607,0.933,0.523,0.677,0.75,0.121,0.147,0.268,0.826,0.088,0.951,-0.219,0.656,-0.488,-0.225,-0.864,0.478,-0.295,-0.323,0.075,0.576,0.102,0.772,0.678,0.69,-0.002,0.816,0.745,-0.538,0.188,0.604,0.815,-0.629,-0.729,-0.8,0.742,0.491,0.925,0.851,0.105,0.862,0.269,0.024,0.728,0.809,0.099,-0.604,0.763,0.786,0.534,0.787,0.69,0.847,0.168,0.597,0.6,0.869,-0.075,-0.016,0.53,-0.785,0.883,0.512,0.501,0.174,0.626,-0.557,-0.34,0.791,0.701,-0.9,-0.81,0.933,-0.121,0.944,0.414,0.835,0.317,0.203,0.155,-0.21,-0.203,0.287,-0.492,0.005,0.897,0.842,0.054,0.323,0.728,0.599,0.052,0.64,0.558,-0.614,0.785,0.959,-0.387,-0.517,0.691,-0.857,-0.947,0.417,0.93,0.671,-0.662,-0.52,-0.912,-0.805,0.783,0.245,0.47,0.877,0.935,-0.666,0.112,0.911,0.249,-0.127,0.609,-0.273,-0.215,-0.699,-0.878,0.904,-0.493,-0.159,0.462,0.355,0.84,-0.766,-0.167,0.266,0.65,-0.89,0.622,-0.806,-0.284,0.779,0.908,0.626,0.93,0.355,0.628,-0.476,0.294,0.908,-0.047,0.824
ADMA,-0.373,0.319,0.349,0.0,0.161,0.607,0.238,0.445,-0.376,0.111,0.262,-0.194,0.249,-0.056,-0.049,-0.203,0.231,-0.114,0.403,0.133,-0.449,-0.103,-0.237,-0.283,-0.445,0.464,0.012,0.071,0.367,0.213,-0.171,0.102,0.387,-0.034,0.17,0.22,-0.271,-0.17,-0.289,0.272,0.551,0.276,0.273,0.423,0.328,-0.106,-0.227,-0.185,-0.225,0.347,0.103,0.351,0.214,0.165,0.238,0.346,0.37,-0.213,0.462,0.445,0.26,0.324,0.113,0.097,0.27,-0.179,-0.108,-0.055,0.171,0.106,0.639,0.297,0.12,0.147,-0.074,0.039,-0.156,0.094,0.021,0.198,-0.228,0.424,0.135,-0.32,0.121,-0.117,0.129,-0.232,0.222,0.077,0.114,0.158,-0.154,0.011,0.132,0.66,-0.376,0.141,0.153,0.296,0.507,0.092,-0.085,0.289,0.323,0.154,-0.016,0.349,0.457,0.254,0.032,-0.18,0.272,0.263,0.067,0.344,-0.032,0.007,0.33,0.058,0.21,-0.251,-0.259,0.377,0.126,0.269,0.065,0.429,0.05,-0.279,-0.244,0.456,-0.226,-0.246,-0.144,-0.296,0.264,0.419,0.145,0.55,0.5,-0.05,-0.467,-0.082,-0.024,-0.125,0.328,0.369,0.269,0.242,0.493,-0.023,-0.37,0.35,0.415,0.058,0.193,0.252,-0.096,-0.038,0.494,0.304,0.088,0.197,0.482,-0.481,-0.216,0.338,0.648,-0.127,0.2,-0.311,-0.196,0.071,-0.489,0.247,0.227,-0.026,0.303,0.257,0.21,0.158,-0.12,0.714,0.445,-0.182,0.456,-0.228,0.368,-0.029,0.145,0.038,0.263,0.377,0.513,0.318,-0.144,0.515,0.397,0.467
ADUS,0.486,0.8,0.781,0.161,0.0,0.405,0.904,-0.227,-0.471,0.475,0.172,0.383,0.388,0.789,-0.095,0.613,0.857,-0.426,0.763,0.879,0.457,-0.7,0.671,0.507,-0.752,-0.394,-0.651,0.789,0.812,0.826,-0.049,0.804,-0.319,0.831,0.821,0.809,-0.089,0.634,-0.435,0.848,0.667,0.8,0.915,0.649,-0.357,0.623,0.137,0.422,-0.674,0.006,0.767,0.752,0.74,0.766,0.898,0.872,0.445,0.615,0.604,0.488,0.469,0.784,0.32,0.832,-0.365,0.328,-0.561,0.721,0.003,0.174,0.269,0.685,0.545,0.64,0.623,0.883,0.477,0.892,0.51,-0.265,0.56,0.449,0.712,-0.147,-0.712,-0.445,0.915,0.62,0.906,0.861,0.562,0.817,0.667,0.505,0.859,0.639,0.466,-0.236,0.904,0.715,0.203,0.848,0.758,0.925,0.339,0.194,0.844,0.517,-0.053,0.402,0.717,-0.5,0.876,0.555,0.83,0.42,0.811,-0.227,-0.148,0.833,0.847,-0.538,-0.485,0.619,0.091,0.821,0.704,0.483,0.543,0.569,0.564,0.007,0.174,0.634,-0.338,0.176,0.84,0.436,0.539,0.601,0.756,0.817,0.133,0.746,0.811,-0.239,0.861,0.688,-0.007,-0.521,0.808,-0.628,-0.718,0.686,0.807,0.915,-0.566,-0.475,-0.652,-0.499,0.609,0.63,0.749,0.722,0.656,-0.299,0.551,0.832,0.325,0.386,0.603,-0.013,0.348,-0.296,-0.556,0.708,-0.561,0.327,0.587,0.674,0.914,-0.643,0.343,0.075,0.794,-0.567,0.712,-0.474,-0.183,0.813,0.812,0.261,0.647,0.674,0.51,-0.307,0.673,0.612,0.283,0.844
ADVM,-0.098,0.307,0.344,0.607,0.405,0.0,0.365,0.337,-0.355,0.336,0.651,-0.026,0.379,0.042,-0.104,0.154,0.258,0.063,0.518,0.208,-0.31,-0.212,-0.112,-0.032,-0.529,0.426,-0.014,0.169,0.495,0.293,0.073,0.183,0.354,0.066,0.245,0.223,-0.252,0.053,-0.284,0.285,0.499,0.331,0.516,0.343,0.173,0.006,-0.224,0.061,-0.311,0.466,0.171,0.358,0.242,0.212,0.472,0.549,0.504,0.094,0.548,0.445,0.372,0.357,0.397,0.376,0.306,0.14,-0.035,0.032,0.241,0.326,0.767,0.341,0.332,0.234,-0.204,0.208,0.063,0.2,0.011,0.311,-0.032,0.225,0.092,-0.186,0.009,-0.0,0.288,-0.105,0.329,0.155,0.487,0.197,0.065,0.227,0.239,0.754,-0.228,0.251,0.365,0.193,0.267,0.19,-0.093,0.392,0.36,-0.148,0.251,0.254,0.598,0.388,0.174,-0.057,0.363,0.267,0.303,0.532,0.159,0.049,0.375,0.133,0.411,-0.238,-0.311,0.308,0.181,0.373,0.315,0.281,0.124,-0.075,0.169,0.54,-0.038,-0.021,-0.095,-0.393,0.398,0.217,0.529,0.677,0.771,0.13,-0.505,-0.012,0.292,0.105,0.479,0.26,0.554,0.206,0.626,-0.015,-0.413,0.586,0.525,0.364,0.24,0.22,-0.023,0.015,0.527,0.494,0.354,0.207,0.485,-0.478,0.057,0.442,0.769,0.112,0.475,-0.326,0.107,0.169,-0.415,0.289,-0.059,0.324,0.404,0.437,0.439,0.099,0.134,0.584,0.606,-0.094,0.612,-0.153,0.434,0.148,0.207,-0.1,0.241,0.549,0.32,0.21,0.07,0.457,0.647,0.608
AEIS,0.567,0.954,0.921,0.238,0.904,0.365,0.0,-0.342,-0.631,0.38,0.047,0.235,0.129,0.808,0.109,0.467,0.958,-0.659,0.699,0.973,0.504,-0.846,0.773,0.377,-0.829,-0.429,-0.848,0.871,0.928,0.846,-0.308,0.834,-0.513,0.873,0.91,0.957,-0.277,0.555,-0.656,0.887,0.738,0.936,0.925,0.826,-0.507,0.484,0.102,0.271,-0.852,-0.233,0.916,0.722,0.907,0.651,0.821,0.83,0.319,0.485,0.464,0.687,0.256,0.944,0.051,0.863,-0.555,0.126,-0.821,0.692,-0.215,-0.016,0.137,0.567,0.328,0.804,0.712,0.895,0.336,0.951,0.712,-0.428,0.499,0.443,0.785,-0.399,-0.789,-0.682,0.899,0.681,0.963,0.94,0.32,0.924,0.538,0.325,0.787,0.73,0.378,-0.486,0.927,0.749,0.264,0.901,0.788,0.926,0.191,0.362,0.85,0.724,-0.168,0.133,0.727,-0.714,0.978,0.542,0.695,0.282,0.805,-0.449,-0.386,0.907,0.903,-0.747,-0.693,0.829,-0.1,0.967,0.55,0.655,0.522,0.472,0.439,-0.191,0.132,0.532,-0.435,0.112,0.951,0.593,0.32,0.504,0.794,0.806,0.224,0.784,0.822,-0.497,0.907,0.863,-0.246,-0.626,0.777,-0.841,-0.866,0.555,0.938,0.854,-0.622,-0.655,-0.841,-0.75,0.749,0.413,0.738,0.869,0.791,-0.474,0.434,0.932,0.224,0.181,0.703,-0.065,0.113,-0.502,-0.711,0.793,-0.625,0.074,0.621,0.466,0.965,-0.809,0.069,0.119,0.735,-0.798,0.639,-0.746,-0.344,0.822,0.951,0.52,0.801,0.536,0.484,-0.519,0.574,0.781,0.088,0.879
AGNCM,-0.596,-0.331,-0.281,0.445,-0.227,0.337,-0.342,0.0,0.026,-0.031,0.234,-0.163,0.267,-0.473,-0.069,-0.194,-0.367,0.341,-0.055,-0.415,-0.596,0.29,-0.555,-0.381,0.084,0.564,0.511,-0.422,-0.231,-0.394,0.199,-0.262,0.584,-0.471,-0.357,-0.381,0.003,-0.358,0.218,-0.3,-0.013,-0.282,-0.272,-0.19,0.451,-0.311,-0.013,-0.255,0.256,0.447,-0.422,-0.075,-0.355,-0.243,-0.117,-0.179,0.175,-0.368,0.104,-0.065,0.06,-0.267,0.211,-0.35,0.477,-0.053,0.452,-0.376,0.292,0.169,0.506,-0.2,-0.056,-0.316,-0.487,-0.389,-0.245,-0.456,-0.411,0.534,-0.44,-0.11,-0.401,-0.036,0.461,0.35,-0.385,-0.511,-0.353,-0.453,0.025,-0.341,-0.34,-0.007,-0.291,0.082,-0.444,0.448,-0.337,-0.264,0.193,-0.335,-0.524,-0.213,0.204,-0.289,-0.418,-0.297,0.443,0.22,-0.468,0.315,-0.285,-0.212,-0.222,0.215,-0.43,0.206,0.411,-0.416,-0.264,0.288,0.181,-0.259,0.108,-0.344,-0.17,-0.151,-0.344,-0.442,-0.336,0.458,-0.153,-0.244,0.166,-0.239,-0.275,-0.032,0.111,0.169,0.026,-0.454,-0.485,-0.537,-0.344,0.151,-0.286,-0.227,0.455,0.644,-0.01,0.469,0.194,-0.004,-0.186,-0.363,0.388,0.585,0.401,0.409,-0.057,0.126,-0.208,-0.283,-0.062,-0.15,-0.34,-0.299,0.354,-0.109,-0.247,-0.359,-0.098,0.404,0.08,-0.157,0.438,0.057,-0.128,0.065,-0.303,0.546,-0.136,0.489,-0.047,0.374,0.031,0.286,0.464,-0.562,-0.392,-0.38,-0.263,0.046,0.031,0.536,-0.37,-0.068,0.29,-0.127
AHCO,-0.056,-0.713,-0.797,-0.376,-0.471,-0.355,-0.631,0.026,0.0,0.034,-0.105,0.278,0.038,-0.243,-0.205,0.126,-0.696,0.7,-0.576,-0.57,-0.031,0.685,-0.352,0.311,0.577,0.099,0.581,-0.352,-0.664,-0.414,0.673,-0.583,0.308,-0.512,-0.61,-0.705,0.653,0.057,0.814,-0.53,-0.756,-0.786,-0.528,-0.821,0.5,0.125,0.089,0.392,0.748,0.287,-0.529,-0.377,-0.77,-0.158,-0.482,-0.495,-0.044,0.212,-0.092,-0.796,0.169,-0.763,0.328,-0.394,0.283,0.416,0.684,-0.151,0.337,0.407,-0.094,-0.278,0.167,-0.611,-0.408,-0.363,0.354,-0.462,-0.606,0.353,0.199,-0.464,-0.575,0.753,0.526,0.67,-0.362,-0.225,-0.638,-0.555,0.111,-0.656,0.076,0.14,-0.477,-0.725,0.211,0.53,-0.512,-0.564,-0.638,-0.556,-0.357,-0.603,-0.219,-0.537,-0.259,-0.752,-0.108,0.159,-0.092,0.705,-0.626,-0.115,-0.24,-0.087,-0.364,0.587,0.286,-0.482,-0.413,0.868,0.794,-0.735,0.116,-0.681,-0.181,-0.765,0.137,0.136,0.116,0.15,0.463,-0.088,0.293,0.135,-0.684,-0.845,0.076,-0.163,-0.633,-0.206,0.133,-0.197,-0.227,0.603,-0.493,-0.817,0.302,0.167,-0.455,0.639,0.812,-0.201,-0.762,-0.293,0.553,0.219,0.725,0.659,-0.599,-0.056,-0.221,-0.731,-0.879,0.794,0.193,-0.602,-0.267,0.373,-0.485,0.5,0.459,0.634,0.864,-0.81,0.433,0.322,-0.072,-0.202,-0.591,0.528,0.423,-0.35,-0.374,0.753,-0.519,0.765,0.127,-0.427,-0.675,-0.496,-0.719,-0.145,-0.558,0.335,0.03,-0.822,0.157,-0.602
ALGT,0.389,0.216,0.121,0.111,0.475,0.336,0.38,-0.031,0.034,0.0,0.253,0.594,0.51,0.407,0.162,0.733,0.207,0.243,0.248,0.324,0.188,-0.217,0.288,0.613,-0.275,-0.122,-0.078,0.426,0.439,0.241,0.498,0.329,-0.066,0.238,0.296,0.203,0.38,0.622,0.203,0.478,0.047,0.182,0.531,-0.024,0.142,0.559,0.436,0.637,-0.141,0.201,0.329,0.353,0.196,0.321,0.53,0.433,0.464,0.681,0.593,-0.01,0.514,0.19,0.642,0.57,-0.081,0.71,-0.057,0.556,0.225,0.65,0.365,0.119,0.677,0.267,0.124,0.53,0.65,0.469,0.069,0.381,0.598,-0.151,0.058,0.424,-0.148,0.123,0.447,0.485,0.284,0.307,0.496,0.374,0.627,0.709,0.27,0.238,0.516,0.263,0.551,0.068,-0.36,0.443,0.252,0.435,0.25,-0.382,0.663,-0.075,0.045,0.404,0.39,0.014,0.376,0.115,0.703,0.384,0.555,0.171,-0.01,0.337,0.591,0.104,0.011,0.033,0.188,0.244,0.431,-0.246,0.429,0.563,0.72,0.179,0.603,0.404,0.149,-0.002,0.35,-0.237,0.754,0.658,0.516,0.527,0.203,0.325,0.626,0.069,0.503,0.048,0.388,-0.154,0.396,-0.041,-0.066,0.599,0.328,0.617,0.001,-0.153,0.026,0.053,0.23,0.516,0.774,0.235,0.066,0.151,0.664,0.256,0.302,0.691,0.555,0.253,0.689,0.412,-0.012,0.006,-0.274,0.389,0.508,0.536,0.519,-0.102,0.503,-0.085,0.323,-0.012,0.329,-0.046,-0.044,0.231,0.221,-0.072,-0.069,0.551,0.024,-0.049,0.681,0.039,0.36,0.407
ALLO,-0.108,0.013,0.017,0.262,0.172,0.651,0.047,0.234,-0.105,0.253,0.0,-0.057,0.487,-0.239,-0.322,0.141,0.038,0.374,0.467,-0.105,-0.409,-0.023,-0.329,-0.139,-0.321,0.582,0.337,-0.244,0.155,0.052,0.299,-0.119,0.55,-0.158,0.018,-0.079,-0.237,-0.187,-0.007,0.124,0.324,-0.045,0.252,-0.104,0.428,-0.196,-0.373,-0.039,0.126,0.651,-0.207,0.164,-0.129,0.113,0.284,0.411,0.574,0.02,0.471,-0.072,0.236,-0.026,0.521,0.224,0.613,0.241,0.211,-0.244,0.55,0.369,0.647,0.343,0.181,-0.156,-0.512,-0.03,-0.05,-0.053,-0.293,0.501,-0.169,0.093,-0.137,0.101,0.183,0.43,0.058,-0.322,0.016,-0.113,0.426,0.0,-0.149,0.295,0.006,0.389,-0.3,0.535,0.138,0.046,0.271,-0.085,-0.327,0.163,0.634,-0.376,0.062,0.102,0.807,0.455,-0.074,0.13,0.019,-0.026,0.3,0.702,-0.047,0.216,0.522,-0.211,0.1,0.114,0.129,-0.048,0.575,-0.008,0.064,0.041,0.167,-0.217,0.321,0.633,-0.182,-0.039,0.316,-0.176,-0.06,-0.092,0.512,0.469,0.365,-0.183,-0.586,-0.277,0.043,0.417,0.209,0.012,0.655,0.488,0.414,0.334,-0.066,0.581,0.191,0.129,0.241,0.35,0.254,0.39,0.074,0.387,0.24,-0.157,0.087,-0.012,-0.062,0.083,0.707,0.101,0.328,-0.289,0.148,0.303,0.002,-0.035,-0.09,0.443,0.114,0.457,0.184,0.357,0.187,0.272,0.435,0.159,0.591,0.1,0.711,0.026,-0.119,-0.511,-0.156,0.376,0.305,0.32,-0.124,0.025,0.687,0.384
AMSF,0.424,0.033,-0.075,-0.194,0.383,-0.026,0.235,-0.163,0.278,0.594,-0.057,0.0,0.483,0.624,0.103,0.823,0.123,0.258,-0.009,0.306,0.568,-0.041,0.451,0.84,-0.023,-0.436,-0.132,0.452,0.168,0.352,0.667,0.378,-0.096,0.362,0.367,0.069,0.765,0.808,0.442,0.423,-0.216,0.042,0.323,-0.191,-0.029,0.85,0.564,0.871,0.094,0.143,0.383,0.402,0.015,0.557,0.476,0.22,0.419,0.857,0.552,-0.35,0.507,0.061,0.623,0.498,-0.239,0.801,0.082,0.72,0.118,0.655,0.071,0.101,0.721,0.193,0.346,0.604,0.895,0.372,0.04,0.1,0.844,-0.09,0.187,0.58,-0.256,0.192,0.489,0.58,0.208,0.37,0.598,0.282,0.826,0.818,0.392,-0.215,0.849,0.179,0.448,0.17,-0.51,0.461,0.482,0.331,0.107,-0.241,0.609,-0.273,-0.355,0.464,0.516,0.091,0.304,0.176,0.533,0.125,0.573,0.267,-0.057,0.437,0.472,0.299,0.308,-0.177,0.09,0.101,0.517,-0.29,0.482,0.845,0.519,-0.07,0.712,0.668,0.108,0.507,0.205,-0.421,0.514,0.436,0.082,0.635,0.529,0.527,0.595,0.148,0.381,-0.114,0.245,-0.322,0.263,-0.025,0.172,0.319,0.02,0.416,-0.096,-0.355,0.031,0.05,-0.097,0.565,0.62,0.147,-0.253,0.485,0.883,0.151,-0.095,0.812,0.136,0.617,0.849,0.38,0.288,-0.114,-0.326,0.456,0.257,0.396,0.32,-0.19,0.717,-0.468,0.234,0.195,0.116,0.086,-0.271,0.258,0.215,-0.194,-0.194,0.519,-0.064,-0.037,0.827,-0.236,0.262,0.118
ANAB,-0.127,0.018,0.003,0.249,0.388,0.379,0.129,0.267,0.038,0.51,0.487,0.483,0.0,0.179,-0.27,0.496,0.1,0.422,0.447,0.092,-0.15,0.128,-0.133,0.275,-0.217,0.089,0.253,0.06,0.119,0.296,0.564,0.196,0.487,0.068,0.138,-0.016,0.255,0.215,0.376,0.404,0.209,0.021,0.348,-0.142,0.336,0.412,0.126,0.324,0.146,0.657,-0.033,0.458,-0.066,0.497,0.503,0.455,0.532,0.384,0.711,-0.233,0.663,-0.005,0.793,0.273,0.316,0.54,0.305,0.146,0.606,0.562,0.606,0.436,0.541,-0.003,-0.131,0.237,0.366,0.148,-0.302,0.519,0.213,0.225,0.037,0.491,0.107,0.41,0.331,0.016,0.189,0.065,0.596,0.145,0.336,0.647,0.325,0.188,0.161,0.569,0.252,0.178,0.112,0.224,0.062,0.398,0.541,-0.253,0.294,-0.106,0.404,0.836,0.229,0.281,0.137,0.296,0.61,0.488,0.217,0.534,0.502,0.055,0.242,0.233,0.266,-0.169,0.44,0.005,0.512,-0.047,0.324,0.222,0.388,0.561,0.137,0.218,0.09,0.183,0.053,-0.148,0.677,0.634,0.311,0.171,-0.279,0.084,0.249,0.381,0.367,0.009,0.662,0.183,0.47,0.26,0.085,0.727,0.071,0.35,0.098,0.256,0.194,0.415,0.034,0.723,0.406,0.004,-0.004,0.192,0.309,0.146,0.598,0.469,0.128,0.149,0.5,0.447,0.078,-0.007,-0.085,0.567,0.296,0.812,0.229,0.234,0.608,0.121,0.461,0.272,0.589,0.302,0.406,0.162,-0.043,-0.46,-0.149,0.722,0.336,0.483,0.303,-0.036,0.643,0.266
ANDE,0.66,0.691,0.624,-0.056,0.789,0.042,0.808,-0.473,-0.243,0.407,-0.239,0.624,0.179,0.0,0.146,0.677,0.738,-0.461,0.371,0.882,0.758,-0.574,0.866,0.735,-0.491,-0.729,-0.782,0.927,0.656,0.837,0.009,0.8,-0.558,0.885,0.785,0.736,0.23,0.829,-0.24,0.792,0.322,0.706,0.761,0.526,-0.545,0.83,0.4,0.636,-0.582,-0.273,0.878,0.661,0.674,0.763,0.718,0.595,0.214,0.77,0.463,0.331,0.404,0.692,0.185,0.762,-0.691,0.403,-0.583,0.881,-0.253,0.139,-0.075,0.438,0.519,0.712,0.845,0.928,0.686,0.872,0.596,-0.479,0.821,0.309,0.724,0.012,-0.736,-0.526,0.909,0.861,0.817,0.895,0.46,0.775,0.832,0.482,0.786,0.289,0.773,-0.434,0.807,0.635,-0.122,0.885,0.935,0.774,-0.063,0.322,0.869,0.376,-0.533,0.219,0.83,-0.446,0.806,0.59,0.649,0.011,0.836,-0.206,-0.381,0.924,0.814,-0.432,-0.38,0.506,-0.198,0.752,0.677,0.352,0.603,0.813,0.464,-0.339,0.474,0.698,-0.424,0.401,0.79,0.236,0.314,0.4,0.459,0.946,0.582,0.951,0.853,-0.329,0.787,0.554,-0.254,-0.801,0.568,-0.724,-0.5,0.4,0.602,0.785,-0.517,-0.754,-0.671,-0.621,0.486,0.477,0.71,0.719,0.401,-0.072,0.746,0.756,-0.094,0.472,0.431,0.407,0.435,-0.33,-0.349,0.526,-0.553,0.174,0.549,0.407,0.773,-0.78,0.384,-0.242,0.549,-0.489,0.354,-0.461,-0.579,0.788,0.812,0.447,0.558,0.562,0.228,-0.432,0.835,0.419,0.025,0.555
APLS,0.275,0.125,0.09,-0.049,-0.095,-0.104,0.109,-0.069,-0.205,0.162,-0.322,0.103,-0.27,0.146,0.0,0.14,0.034,-0.324,-0.441,0.163,0.222,-0.158,0.391,0.052,0.21,-0.354,-0.342,0.227,0.16,-0.154,-0.213,0.302,-0.519,0.192,0.08,0.167,0.032,0.17,-0.106,0.026,-0.208,0.213,-0.022,0.154,-0.32,-0.006,0.635,-0.021,-0.335,-0.548,0.326,-0.061,0.299,-0.301,-0.103,-0.272,-0.392,-0.004,-0.285,0.261,-0.256,0.193,-0.296,0.059,-0.574,-0.077,-0.324,0.216,-0.617,-0.016,-0.361,-0.619,-0.19,0.457,0.24,0.139,-0.012,0.147,0.448,-0.049,0.093,-0.26,0.057,-0.218,-0.064,-0.434,-0.058,0.485,0.027,0.113,-0.344,0.285,0.053,-0.169,-0.185,-0.025,0.174,-0.486,0.078,-0.11,-0.285,0.315,0.108,0.031,-0.459,0.158,0.131,0.104,-0.482,-0.526,-0.139,-0.178,0.151,-0.303,-0.019,-0.416,0.262,-0.527,-0.615,0.228,0.146,-0.176,-0.363,0.201,-0.519,0.14,-0.137,-0.123,-0.185,0.119,-0.07,-0.531,0.324,0.109,-0.032,-0.01,0.231,0.082,-0.089,-0.085,0.068,0.136,0.529,0.107,0.176,-0.535,0.04,0.131,-0.35,-0.176,-0.274,-0.348,-0.04,-0.348,0.153,-0.016,-0.11,-0.328,-0.227,-0.46,0.228,-0.37,0.233,0.422,0.112,-0.231,0.051,0.004,-0.453,-0.106,0.233,-0.085,-0.133,-0.133,-0.193,0.128,-0.227,-0.605,-0.142,-0.309,0.113,-0.364,-0.42,-0.118,-0.388,-0.291,-0.323,-0.402,-0.643,-0.113,0.215,0.589,0.07,-0.244,-0.308,-0.38,0.131,0.09,-0.495,-0.114
APPF,0.59,0.263,0.139,-0.203,0.613,0.154,0.467,-0.194,0.126,0.733,0.141,0.823,0.496,0.677,0.14,0.0,0.333,0.14,0.199,0.488,0.525,-0.286,0.555,0.799,-0.258,-0.421,-0.264,0.57,0.383,0.471,0.561,0.47,-0.223,0.497,0.461,0.285,0.478,0.777,0.252,0.556,0.007,0.244,0.568,-0.027,-0.065,0.757,0.509,0.786,-0.151,0.112,0.504,0.474,0.226,0.547,0.638,0.469,0.462,0.876,0.573,-0.136,0.495,0.266,0.653,0.695,-0.307,0.803,-0.106,0.705,0.17,0.641,0.151,0.2,0.638,0.358,0.331,0.728,0.818,0.6,0.144,0.137,0.799,-0.116,0.228,0.46,-0.353,0.057,0.656,0.675,0.421,0.497,0.604,0.487,0.786,0.802,0.45,0.048,0.756,0.121,0.637,0.244,-0.427,0.604,0.523,0.526,0.17,-0.285,0.804,-0.091,-0.24,0.44,0.613,-0.016,0.494,0.256,0.743,0.327,0.677,0.102,-0.171,0.531,0.662,0.132,0.085,0.02,0.112,0.324,0.549,-0.169,0.589,0.758,0.784,-0.024,0.72,0.692,0.023,0.36,0.399,-0.305,0.725,0.538,0.355,0.699,0.447,0.566,0.801,0.118,0.558,0.097,0.229,-0.375,0.417,-0.201,-0.053,0.523,0.286,0.671,-0.151,-0.444,-0.13,-0.083,0.14,0.587,0.829,0.319,-0.029,0.323,0.83,0.332,0.032,0.727,0.376,0.428,0.764,0.248,0.125,0.057,-0.452,0.492,0.471,0.561,0.562,-0.33,0.583,-0.338,0.396,-0.016,0.298,-0.06,-0.259,0.41,0.376,-0.047,-0.004,0.587,-0.038,-0.182,0.807,-0.06,0.304,0.366
ASML,0.491,0.972,0.955,0.231,0.857,0.258,0.958,-0.367,-0.696,0.207,0.038,0.123,0.1,0.738,0.034,0.333,0.0,-0.739,0.756,0.948,0.464,-0.853,0.726,0.224,-0.815,-0.409,-0.834,0.767,0.87,0.836,-0.438,0.797,-0.501,0.873,0.919,0.966,-0.383,0.406,-0.727,0.88,0.821,0.934,0.848,0.856,-0.523,0.374,-0.014,0.107,-0.816,-0.263,0.866,0.696,0.903,0.641,0.772,0.827,0.267,0.336,0.372,0.672,0.135,0.941,-0.075,0.789,-0.514,-0.034,-0.861,0.595,-0.196,-0.173,0.041,0.628,0.199,0.761,0.728,0.819,0.18,0.904,0.718,-0.517,0.364,0.556,0.839,-0.487,-0.808,-0.7,0.848,0.592,0.955,0.927,0.192,0.924,0.402,0.228,0.785,0.702,0.276,-0.539,0.865,0.839,0.438,0.859,0.787,0.898,0.268,0.497,0.745,0.818,-0.135,0.083,0.657,-0.788,0.938,0.527,0.633,0.273,0.728,-0.486,-0.385,0.852,0.79,-0.797,-0.676,0.858,-0.021,0.944,0.471,0.772,0.469,0.357,0.339,-0.229,-0.078,0.472,-0.424,0.155,0.882,0.703,0.161,0.365,0.686,0.698,0.166,0.731,0.683,-0.534,0.84,0.926,-0.355,-0.589,0.735,-0.847,-0.894,0.49,0.903,0.752,-0.723,-0.651,-0.904,-0.762,0.673,0.338,0.603,0.855,0.817,-0.464,0.287,0.899,0.199,0.03,0.628,-0.126,-0.043,-0.631,-0.736,0.836,-0.607,-0.003,0.518,0.44,0.895,-0.807,-0.019,0.1,0.702,-0.852,0.667,-0.777,-0.305,0.84,0.941,0.522,0.845,0.436,0.62,-0.52,0.435,0.795,0.005,0.848
ATRC,-0.32,-0.771,-0.819,-0.114,-0.426,0.063,-0.659,0.341,0.7,0.243,0.374,0.258,0.422,-0.461,-0.324,0.14,-0.739,0.0,-0.298,-0.706,-0.38,0.66,-0.633,0.115,0.433,0.505,0.855,-0.566,-0.568,-0.487,0.839,-0.656,0.694,-0.696,-0.613,-0.813,0.529,-0.105,0.819,-0.472,-0.555,-0.811,-0.424,-0.862,0.724,-0.022,-0.039,0.278,0.821,0.676,-0.687,-0.34,-0.823,-0.192,-0.292,-0.307,0.341,0.119,0.225,-0.776,0.29,-0.786,0.661,-0.311,0.701,0.532,0.87,-0.334,0.645,0.643,0.371,-0.195,0.281,-0.723,-0.733,-0.44,0.228,-0.579,-0.814,0.766,-0.02,-0.484,-0.75,0.772,0.675,0.943,-0.434,-0.466,-0.676,-0.685,0.306,-0.686,-0.051,0.382,-0.469,-0.465,-0.048,0.899,-0.43,-0.58,-0.427,-0.608,-0.61,-0.532,0.224,-0.769,-0.295,-0.787,0.413,0.453,-0.27,0.747,-0.635,-0.259,-0.12,0.274,-0.424,0.785,0.609,-0.668,-0.384,0.867,0.808,-0.824,0.456,-0.744,-0.104,-0.736,-0.009,-0.063,0.199,0.6,0.261,-0.155,0.503,-0.086,-0.695,-0.829,0.402,0.154,-0.325,-0.398,-0.294,-0.505,-0.29,0.773,-0.434,-0.824,0.758,0.565,-0.244,0.892,0.773,0.108,-0.661,-0.317,0.712,0.594,0.918,0.926,-0.602,0.222,-0.121,-0.812,-0.763,0.644,0.108,-0.638,0.235,0.401,-0.318,0.288,0.502,0.9,0.773,-0.8,0.396,0.535,-0.089,0.128,-0.52,0.824,0.485,-0.136,-0.201,0.884,-0.166,0.8,0.589,-0.538,-0.78,-0.839,-0.847,0.099,-0.338,0.607,-0.076,-0.753,0.496,-0.429
AVGO,0.094,0.71,0.731,0.403,0.763,0.518,0.699,-0.055,-0.576,0.248,0.467,-0.009,0.447,0.371,-0.441,0.199,0.756,-0.298,0.0,0.604,0.01,-0.584,0.205,0.031,-0.822,0.076,-0.33,0.374,0.683,0.681,-0.186,0.463,0.066,0.496,0.647,0.649,-0.414,0.131,-0.531,0.707,0.886,0.641,0.737,0.608,-0.091,0.195,-0.362,-0.0,-0.48,0.275,0.423,0.599,0.562,0.611,0.748,0.899,0.547,0.183,0.568,0.451,0.332,0.641,0.248,0.61,0.101,0.054,-0.432,0.261,0.322,-0.01,0.471,0.835,0.318,0.357,0.262,0.517,0.05,0.596,0.251,-0.117,0.085,0.589,0.545,-0.28,-0.478,-0.22,0.647,0.098,0.733,0.583,0.41,0.597,0.205,0.334,0.679,0.764,-0.043,0.005,0.665,0.701,0.619,0.498,0.4,0.748,0.658,0.216,0.49,0.627,0.451,0.474,0.46,-0.484,0.653,0.496,0.626,0.636,0.413,-0.045,0.178,0.449,0.557,-0.538,-0.38,0.58,0.424,0.651,0.49,0.665,0.396,0.086,0.368,0.328,-0.331,0.245,-0.221,-0.041,0.579,0.566,0.364,0.511,0.705,0.379,-0.391,0.359,0.406,-0.109,0.675,0.685,0.133,-0.144,0.815,-0.356,-0.719,0.743,0.718,0.626,-0.438,-0.115,-0.497,-0.229,0.48,0.571,0.432,0.455,0.697,-0.367,0.111,0.702,0.679,0.085,0.496,-0.251,0.036,-0.292,-0.581,0.631,-0.34,0.363,0.507,0.71,0.702,-0.291,0.2,0.308,0.828,-0.488,0.867,-0.389,0.322,0.663,0.566,0.002,0.607,0.582,0.786,-0.068,0.203,0.646,0.43,0.84
AVT,0.621,0.931,0.894,0.133,0.879,0.208,0.973,-0.415,-0.57,0.324,-0.105,0.306,0.092,0.882,0.163,0.488,0.948,-0.706,0.604,0.0,0.622,-0.8,0.856,0.436,-0.721,-0.587,-0.9,0.916,0.863,0.859,-0.313,0.878,-0.61,0.934,0.907,0.954,-0.181,0.611,-0.599,0.878,0.652,0.924,0.866,0.801,-0.582,0.56,0.212,0.312,-0.822,-0.339,0.94,0.701,0.902,0.685,0.782,0.751,0.211,0.515,0.39,0.626,0.232,0.912,-0.013,0.817,-0.671,0.122,-0.83,0.758,-0.304,-0.063,-0.027,0.512,0.308,0.831,0.827,0.916,0.377,0.963,0.761,-0.534,0.564,0.462,0.844,-0.35,-0.825,-0.731,0.914,0.773,0.956,0.971,0.263,0.937,0.594,0.309,0.803,0.601,0.487,-0.578,0.9,0.777,0.199,0.935,0.884,0.9,0.096,0.448,0.851,0.692,-0.341,0.077,0.733,-0.702,0.954,0.553,0.673,0.159,0.845,-0.464,-0.472,0.955,0.864,-0.721,-0.65,0.804,-0.158,0.946,0.556,0.622,0.525,0.557,0.399,-0.324,0.182,0.585,-0.441,0.217,0.931,0.575,0.226,0.404,0.671,0.85,0.382,0.864,0.812,-0.543,0.87,0.839,-0.373,-0.719,0.694,-0.885,-0.803,0.454,0.866,0.828,-0.68,-0.739,-0.882,-0.801,0.69,0.356,0.709,0.895,0.727,-0.392,0.474,0.901,0.059,0.188,0.606,0.04,0.122,-0.556,-0.658,0.787,-0.61,-0.004,0.564,0.41,0.919,-0.877,0.086,-0.011,0.642,-0.788,0.54,-0.731,-0.492,0.841,0.961,0.589,0.803,0.469,0.454,-0.56,0.623,0.715,-0.036,0.778
AXDX,0.783,0.386,0.312,-0.449,0.457,-0.31,0.504,-0.596,-0.031,0.188,-0.409,0.568,-0.15,0.758,0.222,0.525,0.464,-0.38,0.01,0.622,0.0,-0.42,0.867,0.69,-0.126,-0.766,-0.674,0.677,0.383,0.479,0.006,0.544,-0.729,0.715,0.574,0.478,0.32,0.745,-0.125,0.418,-0.068,0.408,0.369,0.246,-0.617,0.647,0.454,0.575,-0.371,-0.529,0.681,0.339,0.441,0.41,0.382,0.206,0.031,0.657,0.047,0.059,0.008,0.397,-0.064,0.57,-0.716,0.343,-0.493,0.776,-0.459,0.07,-0.499,0.086,0.262,0.484,0.768,0.709,0.602,0.635,0.573,-0.599,0.766,-0.004,0.525,0.013,-0.74,-0.425,0.587,0.811,0.46,0.692,0.133,0.532,0.679,0.349,0.495,-0.16,0.818,-0.507,0.58,0.363,-0.399,0.623,0.779,0.37,-0.217,0.173,0.653,0.162,-0.751,-0.145,0.566,-0.407,0.513,0.158,0.337,-0.207,0.716,-0.261,-0.642,0.724,0.538,-0.267,-0.192,0.241,-0.249,0.482,0.386,0.079,0.345,0.776,0.383,-0.644,0.448,0.703,-0.172,0.417,0.489,-0.014,0.005,-0.064,0.065,0.753,0.807,0.756,0.652,-0.291,0.393,0.235,-0.462,-0.803,0.139,-0.595,-0.255,-0.051,0.261,0.501,-0.552,-0.797,-0.524,-0.57,0.049,0.081,0.46,0.479,0.064,0.158,0.696,0.374,-0.537,0.398,0.268,0.51,0.367,-0.338,-0.03,0.28,-0.583,0.055,0.204,-0.037,0.471,-0.738,0.267,-0.576,0.105,-0.365,-0.033,-0.362,-0.716,0.517,0.616,0.343,0.294,0.088,-0.08,-0.639,0.708,0.081,-0.335,0.173
AXSM,-0.498,-0.843,-0.813,-0.103,-0.7,-0.212,-0.846,0.29,0.685,-0.217,-0.023,-0.041,0.128,-0.574,-0.158,-0.286,-0.853,0.66,-0.584,-0.8,-0.42,0.0,-0.677,-0.155,0.776,0.275,0.755,-0.637,-0.8,-0.567,0.429,-0.622,0.55,-0.685,-0.827,-0.836,0.404,-0.33,0.748,-0.705,-0.692,-0.814,-0.712,-0.74,0.52,-0.201,0.036,-0.047,0.777,0.351,-0.793,-0.465,-0.814,-0.372,-0.625,-0.663,-0.276,-0.262,-0.235,-0.644,0.073,-0.863,0.12,-0.742,0.462,0.074,0.85,-0.494,0.212,0.144,0.014,-0.364,-0.105,-0.658,-0.575,-0.72,-0.109,-0.776,-0.65,0.392,-0.28,-0.224,-0.596,0.578,0.73,0.61,-0.638,-0.514,-0.775,-0.778,-0.059,-0.798,-0.287,-0.188,-0.549,-0.624,-0.186,0.492,-0.8,-0.617,-0.295,-0.719,-0.592,-0.718,-0.239,-0.253,-0.663,-0.672,0.109,0.101,-0.504,0.862,-0.861,-0.268,-0.472,-0.284,-0.59,0.564,0.508,-0.711,-0.746,0.725,0.667,-0.768,0.087,-0.822,-0.242,-0.615,-0.337,-0.251,-0.371,0.263,0.025,-0.466,0.347,-0.007,-0.786,-0.597,-0.152,-0.255,-0.657,-0.567,-0.151,-0.552,-0.623,0.602,-0.657,-0.787,0.369,0.462,-0.588,0.773,0.857,-0.32,-0.835,-0.613,0.669,0.644,0.795,0.732,-0.575,-0.173,-0.569,-0.722,-0.719,0.482,-0.236,-0.716,-0.127,-0.01,-0.654,0.269,0.064,0.514,0.656,-0.703,0.651,0.048,-0.451,-0.263,-0.816,0.736,0.202,-0.077,-0.541,0.833,-0.496,0.821,0.281,-0.659,-0.846,-0.486,-0.697,-0.257,-0.376,0.644,-0.342,-0.699,0.087,-0.78
AZN,0.799,0.683,0.622,-0.237,0.671,-0.112,0.773,-0.555,-0.352,0.288,-0.329,0.451,-0.133,0.866,0.391,0.555,0.726,-0.633,0.205,0.856,0.867,-0.677,0.0,0.593,-0.383,-0.775,-0.884,0.854,0.644,0.627,-0.212,0.8,-0.824,0.889,0.771,0.768,0.05,0.727,-0.393,0.66,0.237,0.722,0.63,0.547,-0.685,0.597,0.487,0.438,-0.686,-0.591,0.89,0.516,0.748,0.473,0.571,0.421,0.025,0.603,0.134,0.403,0.042,0.702,-0.116,0.723,-0.851,0.23,-0.75,0.828,-0.541,-0.028,-0.369,0.159,0.229,0.755,0.866,0.861,0.489,0.85,0.767,-0.595,0.703,0.155,0.717,-0.219,-0.848,-0.676,0.744,0.926,0.732,0.876,0.133,0.814,0.659,0.281,0.627,0.195,0.717,-0.682,0.768,0.524,-0.18,0.866,0.869,0.66,-0.164,0.334,0.798,0.447,-0.67,-0.177,0.626,-0.597,0.771,0.252,0.53,-0.126,0.863,-0.537,-0.723,0.903,0.74,-0.536,-0.51,0.551,-0.336,0.746,0.43,0.303,0.386,0.71,0.407,-0.637,0.388,0.718,-0.292,0.368,0.767,0.292,0.103,0.131,0.371,0.846,0.74,0.836,0.795,-0.52,0.641,0.572,-0.511,-0.815,0.338,-0.835,-0.541,0.116,0.61,0.68,-0.699,-0.871,-0.771,-0.806,0.398,0.109,0.646,0.792,0.413,-0.148,0.614,0.63,-0.375,0.267,0.503,0.231,0.219,-0.506,-0.382,0.569,-0.694,-0.093,0.303,0.108,0.74,-0.931,0.073,-0.361,0.277,-0.658,0.168,-0.655,-0.772,0.675,0.858,0.609,0.55,0.21,0.08,-0.729,0.713,0.401,-0.312,0.454
BANR,0.613,0.16,0.057,-0.283,0.507,-0.032,0.377,-0.381,0.311,0.613,-0.139,0.84,0.275,0.735,0.052,0.799,0.224,0.115,0.031,0.436,0.69,-0.155,0.593,0.0,-0.107,-0.536,-0.306,0.628,0.284,0.455,0.523,0.419,-0.3,0.481,0.362,0.212,0.686,0.927,0.285,0.411,-0.197,0.159,0.449,-0.058,-0.162,0.899,0.482,0.944,-0.089,-0.023,0.483,0.374,0.153,0.569,0.464,0.295,0.302,0.954,0.476,-0.174,0.523,0.157,0.511,0.579,-0.386,0.784,-0.062,0.815,-0.012,0.547,-0.002,0.2,0.758,0.27,0.462,0.685,0.949,0.537,0.185,-0.099,0.953,-0.107,0.257,0.523,-0.385,0.013,0.605,0.694,0.344,0.475,0.638,0.317,0.928,0.659,0.467,-0.124,0.912,0.028,0.53,0.153,-0.596,0.503,0.588,0.377,-0.096,-0.199,0.711,-0.186,-0.461,0.351,0.671,0.035,0.382,0.32,0.554,0.055,0.65,0.182,-0.138,0.557,0.57,0.144,0.118,-0.041,-0.063,0.261,0.576,-0.26,0.57,0.935,0.633,-0.142,0.792,0.656,-0.102,0.406,0.354,-0.378,0.525,0.395,0.179,0.81,0.591,0.7,0.725,0.134,0.448,-0.057,0.124,-0.563,0.279,-0.198,0.024,0.322,0.141,0.631,-0.139,-0.476,-0.086,-0.105,0.058,0.503,0.628,0.217,-0.158,0.389,0.95,0.305,-0.15,0.865,0.269,0.647,0.855,0.231,0.185,-0.01,-0.353,0.46,0.424,0.317,0.437,-0.355,0.716,-0.432,0.288,0.047,0.06,0.047,-0.384,0.441,0.334,0.001,-0.022,0.502,-0.169,-0.215,0.924,-0.137,0.206,0.213
BBIO,-0.248,-0.818,-0.795,-0.445,-0.752,-0.529,-0.829,0.084,0.577,-0.275,-0.321,-0.023,-0.217,-0.491,0.21,-0.258,-0.815,0.433,-0.822,-0.721,-0.126,0.776,-0.383,-0.107,0.0,-0.025,0.537,-0.578,-0.808,-0.708,0.231,-0.532,0.088,-0.527,-0.752,-0.768,0.453,-0.225,0.622,-0.769,-0.855,-0.744,-0.817,-0.696,0.191,-0.218,0.289,-0.058,0.662,-0.13,-0.646,-0.681,-0.656,-0.563,-0.726,-0.851,-0.538,-0.262,-0.542,-0.596,-0.306,-0.812,-0.182,-0.722,0.138,-0.034,0.633,-0.338,-0.157,-0.003,-0.481,-0.695,-0.262,-0.528,-0.323,-0.64,-0.143,-0.69,-0.374,0.136,-0.216,-0.448,-0.541,0.423,0.524,0.385,-0.692,-0.221,-0.791,-0.677,-0.35,-0.669,-0.246,-0.315,-0.616,-0.823,-0.004,0.122,-0.742,-0.609,-0.479,-0.591,-0.434,-0.796,-0.442,-0.148,-0.615,-0.67,-0.275,-0.341,-0.636,0.615,-0.827,-0.559,-0.553,-0.538,-0.443,0.212,0.057,-0.596,-0.764,0.608,0.539,-0.708,-0.071,-0.797,-0.407,-0.687,-0.506,-0.125,-0.348,-0.184,0.081,-0.275,0.368,0.029,-0.722,-0.563,-0.341,-0.578,-0.792,-0.486,0.257,-0.476,-0.607,0.278,-0.785,-0.775,-0.048,0.279,-0.876,0.563,0.825,-0.681,-0.838,-0.667,0.424,0.35,0.605,0.445,-0.678,-0.478,-0.563,-0.57,-0.734,0.484,-0.187,-0.824,-0.581,-0.072,-0.591,0.245,-0.009,0.296,0.634,-0.624,0.455,-0.287,-0.682,-0.551,-0.802,0.467,-0.021,-0.412,-0.866,0.633,-0.765,0.599,-0.143,-0.644,-0.72,-0.19,-0.663,-0.609,-0.529,0.24,-0.255,-0.758,-0.401,-0.904
BCYC,-0.559,-0.357,-0.339,0.464,-0.394,0.426,-0.429,0.564,0.099,-0.122,0.582,-0.436,0.089,-0.729,-0.354,-0.421,-0.409,0.505,0.076,-0.587,-0.766,0.275,-0.775,-0.536,-0.025,0.0,0.681,-0.666,-0.245,-0.459,0.152,-0.671,0.735,-0.699,-0.424,-0.472,-0.257,-0.627,0.076,-0.417,0.08,-0.449,-0.321,-0.293,0.713,-0.62,-0.583,-0.373,0.412,0.597,-0.6,-0.278,-0.47,-0.373,-0.299,-0.086,0.37,-0.474,0.117,-0.158,-0.101,-0.367,0.185,-0.301,0.836,-0.123,0.434,-0.657,0.528,0.169,0.571,-0.022,-0.148,-0.578,-0.817,-0.559,-0.404,-0.55,-0.597,0.584,-0.583,-0.179,-0.591,-0.042,0.584,0.561,-0.512,-0.812,-0.478,-0.608,-0.018,-0.514,-0.614,-0.107,-0.503,0.163,-0.71,0.63,-0.382,-0.323,0.265,-0.648,-0.784,-0.407,0.421,-0.448,-0.497,-0.169,0.818,0.145,-0.444,0.239,-0.412,-0.261,-0.345,0.477,-0.618,0.309,0.574,-0.693,-0.349,0.307,0.293,-0.263,0.452,-0.397,-0.431,-0.109,-0.179,-0.666,-0.179,0.706,-0.374,-0.503,0.331,-0.474,-0.476,-0.161,0.089,0.14,0.007,-0.667,-0.783,-0.708,-0.495,0.386,-0.341,-0.302,0.555,0.77,-0.009,0.657,0.183,0.11,-0.194,-0.43,0.559,0.645,0.563,0.594,-0.164,0.01,-0.31,-0.577,-0.156,-0.019,-0.494,-0.355,0.581,-0.216,-0.067,-0.394,-0.188,0.438,0.163,-0.378,0.436,0.201,-0.073,-0.014,-0.365,0.741,-0.162,0.45,0.026,0.365,0.105,0.272,0.842,-0.512,-0.543,-0.568,-0.371,-0.062,0.093,0.486,-0.597,-0.136,0.46,-0.013
BHFAP,-0.618,-0.841,-0.828,0.012,-0.651,-0.014,-0.848,0.511,0.581,-0.078,0.337,-0.132,0.253,-0.782,-0.342,-0.264,-0.834,0.855,-0.33,-0.9,-0.674,0.755,-0.884,-0.306,0.537,0.681,0.0,-0.849,-0.744,-0.693,0.537,-0.807,0.794,-0.883,-0.795,-0.898,0.266,-0.507,0.673,-0.668,-0.474,-0.878,-0.669,-0.81,0.784,-0.393,-0.241,-0.153,0.871,0.62,-0.912,-0.519,-0.886,-0.424,-0.528,-0.47,0.106,-0.334,-0.051,-0.697,0.048,-0.869,0.352,-0.643,0.838,0.107,0.895,-0.656,0.617,0.296,0.299,-0.269,-0.049,-0.835,-0.864,-0.762,-0.212,-0.824,-0.857,0.722,-0.454,-0.364,-0.807,0.523,0.842,0.892,-0.72,-0.771,-0.827,-0.891,-0.002,-0.832,-0.451,-0.004,-0.652,-0.446,-0.427,0.821,-0.716,-0.615,-0.124,-0.839,-0.828,-0.702,0.216,-0.581,-0.666,-0.692,0.558,0.264,-0.587,0.741,-0.836,-0.392,-0.38,0.186,-0.718,0.643,0.674,-0.901,-0.703,0.797,0.76,-0.789,0.45,-0.88,-0.376,-0.611,-0.293,-0.458,-0.149,0.605,-0.121,-0.463,0.513,-0.188,-0.874,-0.601,0.081,-0.098,-0.486,-0.743,-0.518,-0.793,-0.676,0.669,-0.677,-0.79,0.617,0.79,-0.421,0.977,0.775,-0.109,-0.756,-0.618,0.696,0.806,0.926,0.95,-0.623,-0.035,-0.473,-0.891,-0.681,0.482,-0.333,-0.789,0.237,0.023,-0.519,-0.01,0.099,0.727,0.663,-0.758,0.607,0.271,-0.34,-0.026,-0.752,0.961,0.167,0.066,-0.374,0.85,-0.254,0.799,0.704,-0.71,-0.928,-0.77,-0.8,-0.176,-0.23,0.705,-0.478,-0.693,0.338,-0.553
BKR,0.636,0.772,0.72,0.071,0.789,0.169,0.871,-0.422,-0.352,0.426,-0.244,0.452,0.06,0.927,0.227,0.57,0.767,-0.566,0.374,0.916,0.677,-0.637,0.854,0.628,-0.578,-0.666,-0.849,0.0,0.766,0.797,-0.14,0.835,-0.607,0.857,0.781,0.818,0.06,0.764,-0.394,0.769,0.395,0.796,0.806,0.655,-0.545,0.699,0.37,0.514,-0.723,-0.343,0.905,0.631,0.774,0.654,0.694,0.591,0.142,0.651,0.39,0.533,0.352,0.776,0.061,0.748,-0.731,0.265,-0.68,0.834,-0.363,0.063,-0.03,0.372,0.433,0.782,0.819,0.893,0.562,0.891,0.689,-0.477,0.719,0.31,0.727,-0.152,-0.726,-0.662,0.879,0.839,0.845,0.89,0.352,0.792,0.741,0.363,0.735,0.452,0.637,-0.515,0.813,0.585,-0.085,0.878,0.864,0.791,-0.123,0.326,0.854,0.452,-0.494,0.089,0.787,-0.509,0.859,0.572,0.598,0.004,0.833,-0.333,-0.452,0.938,0.852,-0.558,-0.555,0.649,-0.313,0.84,0.604,0.404,0.525,0.703,0.4,-0.353,0.44,0.569,-0.434,0.228,0.88,0.362,0.281,0.428,0.593,0.915,0.518,0.903,0.856,-0.453,0.811,0.637,-0.302,-0.779,0.591,-0.805,-0.622,0.391,0.725,0.815,-0.502,-0.712,-0.733,-0.73,0.655,0.366,0.708,0.803,0.552,-0.296,0.63,0.821,-0.041,0.37,0.515,0.251,0.293,-0.377,-0.509,0.623,-0.508,0.043,0.607,0.332,0.826,-0.815,0.215,-0.054,0.541,-0.609,0.356,-0.573,-0.596,0.738,0.858,0.579,0.665,0.498,0.212,-0.505,0.753,0.562,-0.022,0.626
BLDP,0.465,0.906,0.873,0.367,0.812,0.495,0.928,-0.231,-0.664,0.439,0.155,0.168,0.119,0.656,0.16,0.383,0.87,-0.568,0.683,0.863,0.383,-0.8,0.644,0.284,-0.808,-0.245,-0.744,0.766,0.0,0.723,-0.287,0.742,-0.415,0.759,0.836,0.879,-0.29,0.504,-0.691,0.793,0.718,0.864,0.858,0.803,-0.388,0.389,0.059,0.229,-0.799,-0.16,0.828,0.602,0.853,0.54,0.745,0.773,0.378,0.396,0.454,0.704,0.238,0.877,0.051,0.831,-0.41,0.114,-0.766,0.636,-0.217,0.022,0.221,0.514,0.358,0.705,0.586,0.795,0.271,0.854,0.674,-0.302,0.405,0.346,0.656,-0.42,-0.699,-0.616,0.774,0.58,0.849,0.831,0.303,0.849,0.469,0.328,0.688,0.791,0.27,-0.401,0.89,0.672,0.272,0.807,0.647,0.833,0.255,0.294,0.764,0.699,-0.039,0.086,0.591,-0.734,0.91,0.406,0.607,0.329,0.743,-0.411,-0.32,0.798,0.85,-0.73,-0.691,0.817,-0.024,0.904,0.482,0.602,0.425,0.402,0.388,-0.101,0.073,0.406,-0.321,-0.071,0.902,0.585,0.318,0.542,0.833,0.72,0.114,0.67,0.735,-0.503,0.824,0.803,-0.156,-0.452,0.759,-0.736,-0.855,0.53,0.935,0.786,-0.522,-0.503,-0.74,-0.684,0.725,0.414,0.699,0.804,0.805,-0.531,0.381,0.877,0.312,0.187,0.785,-0.13,0.112,-0.387,-0.735,0.744,-0.527,0.019,0.594,0.422,0.918,-0.676,0.044,0.21,0.696,-0.756,0.629,-0.752,-0.233,0.724,0.872,0.45,0.749,0.474,0.514,-0.487,0.519,0.778,0.115,0.872
BLFS,0.451,0.801,0.771,0.213,0.826,0.293,0.846,-0.394,-0.414,0.241,0.052,0.352,0.296,0.837,-0.154,0.471,0.836,-0.487,0.681,0.859,0.479,-0.567,0.627,0.455,-0.708,-0.459,-0.693,0.797,0.723,0.0,-0.135,0.725,-0.281,0.805,0.783,0.797,-0.095,0.547,-0.429,0.855,0.648,0.763,0.844,0.66,-0.415,0.625,-0.032,0.374,-0.6,-0.042,0.769,0.724,0.682,0.831,0.784,0.799,0.331,0.544,0.565,0.449,0.458,0.758,0.189,0.721,-0.426,0.196,-0.573,0.622,-0.047,-0.008,0.197,0.744,0.402,0.661,0.666,0.802,0.422,0.817,0.526,-0.456,0.545,0.618,0.794,-0.136,-0.661,-0.502,0.928,0.55,0.9,0.856,0.507,0.756,0.587,0.371,0.851,0.569,0.419,-0.318,0.764,0.785,0.274,0.772,0.815,0.855,0.163,0.466,0.745,0.615,-0.153,0.388,0.832,-0.454,0.811,0.777,0.635,0.213,0.67,-0.127,-0.098,0.81,0.74,-0.571,-0.448,0.63,-0.003,0.815,0.672,0.659,0.615,0.514,0.339,-0.059,0.147,0.472,-0.485,0.283,0.778,0.442,0.268,0.492,0.582,0.77,0.163,0.815,0.717,-0.197,0.875,0.726,-0.127,-0.625,0.788,-0.668,-0.653,0.606,0.713,0.752,-0.447,-0.556,-0.693,-0.533,0.606,0.58,0.582,0.687,0.598,-0.252,0.471,0.893,0.276,0.26,0.414,0.226,0.216,-0.424,-0.508,0.631,-0.45,0.247,0.609,0.576,0.785,-0.636,0.333,0.071,0.791,-0.527,0.622,-0.466,-0.229,0.869,0.791,0.345,0.709,0.677,0.525,-0.25,0.572,0.622,0.265,0.734
BLKB,0.029,-0.498,-0.599,-0.171,-0.049,0.073,-0.308,0.199,0.673,0.498,0.299,0.667,0.564,0.009,-0.213,0.561,-0.438,0.839,-0.186,-0.313,0.006,0.429,-0.212,0.523,0.231,0.152,0.537,-0.14,-0.287,-0.135,0.0,-0.254,0.485,-0.286,-0.261,-0.515,0.741,0.345,0.816,-0.096,-0.468,-0.532,-0.086,-0.707,0.541,0.431,0.248,0.668,0.616,0.637,-0.284,0.032,-0.579,0.211,0.069,-0.054,0.507,0.557,0.49,-0.724,0.556,-0.511,0.85,0.044,0.38,0.831,0.658,0.128,0.569,0.826,0.368,-0.03,0.569,-0.397,-0.366,0.032,0.642,-0.19,-0.563,0.64,0.431,-0.382,-0.437,0.867,0.373,0.773,-0.011,-0.037,-0.345,-0.277,0.582,-0.322,0.394,0.707,-0.124,-0.405,0.39,0.77,-0.049,-0.303,-0.557,-0.184,-0.183,-0.161,0.235,-0.715,0.14,-0.689,0.141,0.617,0.102,0.607,-0.268,-0.04,0.242,0.339,-0.001,0.696,0.434,-0.22,0.02,0.795,0.735,-0.653,0.388,-0.449,0.207,-0.677,0.332,0.379,0.454,0.446,0.592,0.266,0.41,0.191,-0.371,-0.812,0.623,0.414,-0.15,0.059,0.032,-0.063,0.151,0.654,-0.081,-0.627,0.713,0.245,0.045,0.609,0.623,0.304,-0.426,0.044,0.464,0.231,0.673,0.691,-0.387,0.501,0.296,-0.498,-0.661,0.71,0.53,-0.337,0.148,0.718,-0.163,0.478,0.809,0.846,0.708,-0.604,0.127,0.669,0.143,0.343,-0.166,0.49,0.718,-0.279,0.068,0.739,-0.021,0.631,0.308,-0.233,-0.427,-0.711,-0.686,0.399,-0.27,0.463,0.375,-0.644,0.573,-0.187
