,ABAT,ACLS,ACMR,ADMA,ADUS,ADVM,AEIS,AGNCM,AHCO,ALGT,ALLO,AMSF,ANAB,ANDE,APLS,APPF,ASML,ATRC,AVGO,AVT,AXDX,AXSM,AZN,BANR,BBIO,BCYC,BHFAP,BKR,BLDP,BLFS,BLKB,BLMN,BNTX,BPMC,CALM,CAMT,CASH,CATY,CCEP,CDLX,CDNS,CENN,CENX,CGC,CHDN,CLBK,COKE,COLB,COO,CORT,CRMT,CRNX,CRTO,CRVL,CSCO,CSQ,CSWI,CVBF,CWST,CYCC,CZR,DLTR,DORM,ENTA,EQIX,ERIC,EVRG,EWBC,EXAS,EXLS,EXPI,EYE,FBNC,FBRX,FCNCA,FELE,FIBK,FLEX,FRGT,FRHC,FRME,FWONA,FWONK,GDEN,GIII,GILD,GLNG,GNTX,GOOGL,GRPN,HCSG,HIMX,HOPE,HST,HTLD,HUT,HWC,ICUI,IESC,INTC,INTU,IOVA,IPAR,IPGP,ISRG,JBSS,KALU,KPRX,KRNT,LAUR,LBRDA,LBTYK,LECO,LILAK,LITE,MANH,MDXG,MFIC,MGEE,MIDD,MLAB,MMSI,MNKD,MOMO,MRVL,NICE,NMFC,NUWE,NVCR,NWBI,OFIX,OFLX,OMCL,OPK,ORKA,ORLY,OTTR,PDD,PNTG,POOL,POWL,PPBI,PPC,PRAA,PRPL,PZZA,QTRX,QURE,RDFN,RDHL,REAL,REG,REYN,RGLD,RIOT,RUN,RYTM,SAIA,SBAC,SBRA,SCVL,SHOO,SLAB,SLDB,SMCI,SMTC,SRCE,SSP,SSRM,STBA,STRO,SVC,SYBT,TCBI,TCOM,TENX,TH,TMUS,TNDM,TTD,TTMI,UAL,ULH,ULTA,VCYT,VIRT,VKTX,VOD,VRDN,VREX,VRNT,VSAT,WB,WBD,WDC,WEN,WSFS,XXII,Z,ZBRA
ABAT,0.0,0.175,-0.463,-0.876,0.661,-0.461,0.533,-0.848,0.509,0.877,0.015,-0.27,-0.835,0.864,-0.537,-0.356,0.095,0.711,-0.425,0.794,0.868,-0.682,0.121,0.932,0.736,0.414,-0.94,0.906,0.915,-0.53,0.755,0.801,0.669,0.828,0.751,-0.783,0.545,0.778,-0.388,0.899,-0.434,0.909,0.868,0.744,0.842,0.707,0.776,0.886,-0.562,0.774,0.79,-0.374,0.491,0.747,-0.77,-0.451,-0.649,0.823,0.189,0.619,0.517,0.772,0.251,-0.768,-0.036,0.778,0.269,0.368,0.911,-0.572,0.91,0.651,0.817,0.389,0.448,0.428,0.883,0.127,0.697,-0.102,0.767,0.349,-0.218,0.439,0.933,-0.471,0.857,0.031,-0.574,0.348,0.819,0.567,0.757,-0.512,0.834,0.913,0.755,0.684,-0.253,0.499,0.087,0.019,0.634,0.907,-0.768,-0.095,0.825,0.307,0.891,0.699,0.603,-0.924,0.035,0.295,-0.052,-0.172,0.479,-0.412,0.817,0.64,0.904,-0.752,0.676,0.9,-0.796,-0.573,-0.362,0.639,0.207,0.683,0.032,0.509,0.884,0.789,0.887,-0.723,0.394,0.301,-0.899,0.38,0.776,0.757,-0.58,0.693,0.913,0.097,0.926,0.828,0.853,0.902,0.828,0.925,-0.518,0.675,0.931,0.94,0.796,-0.029,0.943,0.812,0.896,0.399,0.552,-0.756,-0.727,0.553,0.673,0.206,0.965,0.389,0.169,0.873,0.748,0.43,-0.301,0.923,0.681,-0.864,0.927,0.791,0.862,0.548,-0.621,0.22,0.69,0.855,-0.744,0.372,0.558,0.597,-0.271,0.859,0.911,0.889,-0.409,0.607,0.581,0.228,0.792,0.813
ACLS,0.175,0.0,0.29,-0.131,0.779,-0.514,0.871,-0.248,0.328,0.443,0.006,0.786,-0.037,0.318,-0.449,0.408,0.935,0.494,0.761,0.669,-0.276,-0.211,-0.676,0.358,0.413,0.184,-0.151,0.305,0.164,0.189,0.612,0.408,-0.276,0.418,0.462,0.363,0.757,0.56,0.451,0.399,0.745,-0.021,0.372,0.4,0.518,0.62,-0.192,0.438,0.364,0.523,0.66,-0.105,0.708,0.66,0.283,0.376,0.36,0.63,0.743,-0.127,0.768,-0.01,0.886,-0.47,0.12,-0.021,-0.852,0.271,0.283,0.652,0.279,-0.208,0.509,-0.524,0.806,0.899,0.39,-0.283,-0.412,0.212,0.635,0.729,0.594,0.823,0.28,-0.789,-0.187,0.638,0.447,-0.59,-0.003,0.369,0.624,-0.226,0.601,0.075,0.614,0.516,0.805,0.66,0.831,-0.515,0.536,0.486,0.158,0.618,0.572,0.336,0.473,0.673,0.547,-0.123,0.938,0.549,0.872,0.813,0.782,-0.088,-0.192,0.738,0.195,0.112,-0.002,-0.136,0.221,0.146,-0.013,0.054,0.385,0.55,0.325,0.723,0.495,0.548,0.162,0.452,0.831,-0.553,-0.078,0.821,0.469,0.605,-0.703,0.616,0.212,0.858,0.21,-0.105,0.213,0.016,0.544,0.234,0.153,0.05,0.086,0.277,0.546,0.867,0.085,0.274,0.32,0.737,0.842,-0.143,0.276,0.773,0.712,0.255,0.138,0.641,0.453,0.408,0.555,0.725,-0.823,0.367,0.325,-0.426,0.208,0.631,0.531,-0.097,-0.084,0.018,0.353,0.003,0.088,-0.1,-0.417,0.27,0.744,0.232,0.089,0.164,0.795,0.306,0.754,-0.007,0.645,0.551
ACMR,-0.463,0.29,0.0,0.633,-0.088,-0.075,0.236,0.516,-0.167,-0.266,0.102,0.313,0.674,-0.449,0.461,0.9,0.46,0.145,0.698,-0.092,-0.497,0.47,-0.238,-0.273,0.085,0.285,0.609,-0.515,-0.384,0.754,-0.061,-0.367,-0.692,-0.247,-0.221,0.702,0.237,-0.178,0.573,-0.223,0.708,-0.51,-0.089,-0.24,-0.307,-0.162,-0.379,-0.313,0.905,-0.145,-0.062,0.737,0.187,-0.038,0.544,0.888,0.829,-0.168,0.601,-0.187,0.044,-0.306,0.37,0.07,0.586,-0.154,-0.472,0.05,-0.334,0.685,-0.455,-0.171,-0.29,-0.697,0.132,0.24,-0.362,-0.159,-0.308,0.539,-0.195,0.205,0.361,0.004,-0.343,-0.052,-0.488,0.619,0.844,-0.31,-0.472,-0.094,-0.091,0.085,-0.235,-0.377,-0.128,-0.32,0.528,0.176,0.667,0.02,0.248,-0.24,0.856,0.591,-0.157,-0.222,-0.261,-0.091,-0.204,0.622,0.408,0.309,0.584,0.654,0.267,0.464,-0.603,0.144,-0.37,0.783,-0.586,-0.481,0.72,0.796,0.308,-0.681,0.093,-0.153,0.608,0.213,-0.118,-0.142,-0.262,0.56,0.036,-0.153,0.473,0.44,-0.262,-0.019,-0.052,-0.113,-0.317,0.431,-0.398,-0.519,-0.372,-0.573,-0.306,-0.399,0.789,0.118,-0.461,-0.359,-0.149,0.64,-0.524,-0.061,-0.275,0.405,0.134,0.722,0.654,-0.006,-0.078,0.093,-0.442,0.117,0.295,-0.309,-0.21,0.258,-0.284,-0.19,-0.35,0.146,-0.376,-0.093,-0.15,-0.134,0.827,0.272,-0.013,-0.74,0.811,-0.622,-0.145,0.097,0.732,-0.429,-0.545,-0.567,0.574,0.141,0.13,0.077,-0.108,-0.127
ADMA,-0.876,-0.131,0.633,0.0,-0.639,0.551,-0.391,0.888,-0.414,-0.67,-0.005,0.196,0.924,-0.832,0.762,0.527,0.016,-0.458,0.453,-0.689,-0.735,0.877,0.046,-0.805,-0.5,-0.082,0.958,-0.902,-0.734,0.732,-0.648,-0.689,-0.571,-0.731,-0.67,0.775,-0.41,-0.606,0.316,-0.782,0.443,-0.758,-0.641,-0.691,-0.801,-0.597,-0.675,-0.74,0.668,-0.674,-0.69,0.641,-0.373,-0.662,0.705,0.662,0.633,-0.694,-0.018,-0.31,-0.41,-0.644,-0.139,0.747,0.2,-0.62,-0.196,-0.05,-0.786,0.536,-0.804,-0.453,-0.672,-0.368,-0.297,-0.351,-0.77,0.074,-0.559,0.249,-0.646,-0.228,0.263,-0.394,-0.821,0.346,-0.717,0.088,0.665,-0.145,-0.694,-0.348,-0.571,0.593,-0.7,-0.8,-0.587,-0.562,0.209,-0.296,0.105,0.273,-0.426,-0.778,0.796,0.047,-0.692,-0.233,-0.786,-0.675,-0.555,0.967,0.004,-0.121,0.166,0.17,-0.34,0.675,-0.791,-0.509,-0.712,0.915,-0.623,-0.788,0.839,0.79,0.565,-0.614,0.046,-0.483,0.332,-0.429,-0.69,-0.729,-0.725,0.581,-0.28,-0.103,0.876,-0.182,-0.809,-0.545,0.627,-0.532,-0.682,-0.045,-0.756,-0.683,-0.643,-0.855,-0.679,-0.83,0.667,-0.41,-0.776,-0.829,-0.674,0.173,-0.833,-0.71,-0.768,-0.225,-0.371,0.866,0.811,-0.373,-0.563,-0.023,-0.894,-0.161,-0.132,-0.762,-0.637,-0.269,0.332,-0.785,-0.65,0.766,-0.777,-0.608,-0.722,-0.219,0.766,0.102,-0.367,-0.796,0.895,-0.293,-0.326,-0.367,0.411,-0.769,-0.815,-0.779,0.379,-0.345,-0.398,-0.068,-0.62,-0.626
ADUS,0.661,0.779,-0.088,-0.639,0.0,-0.686,0.899,-0.661,0.465,0.746,0.127,0.4,-0.511,0.722,-0.674,0.061,0.66,0.731,0.277,0.915,0.289,-0.617,-0.47,0.79,0.708,0.366,-0.669,0.734,0.582,-0.19,0.858,0.719,0.138,0.776,0.71,-0.21,0.838,0.788,0.166,0.799,0.282,0.454,0.728,0.726,0.865,0.806,0.321,0.783,-0.061,0.795,0.918,-0.318,0.757,0.913,-0.248,-0.041,-0.071,0.887,0.647,0.206,0.86,0.452,0.761,-0.817,0.056,0.425,-0.466,0.255,0.697,0.154,0.705,0.228,0.774,-0.184,0.782,0.87,0.769,-0.238,0.122,0.063,0.862,0.64,0.219,0.854,0.734,-0.747,0.325,0.496,-0.03,-0.331,0.472,0.528,0.825,-0.494,0.872,0.57,0.828,0.724,0.447,0.687,0.58,-0.443,0.736,0.851,-0.32,0.473,0.852,0.372,0.835,0.871,0.723,-0.642,0.649,0.569,0.583,0.503,0.812,-0.464,0.362,0.877,0.63,-0.398,0.39,0.402,-0.328,-0.29,-0.331,0.386,0.295,0.693,0.179,0.805,0.836,0.878,0.611,-0.041,0.78,-0.287,-0.594,0.765,0.843,0.825,-0.851,0.77,0.59,0.697,0.641,0.369,0.568,0.547,0.805,0.693,-0.163,0.379,0.558,0.725,0.873,0.545,0.581,0.66,0.729,0.767,0.858,-0.538,-0.289,0.796,0.855,0.175,0.66,0.588,0.454,0.776,0.799,0.754,-0.835,0.779,0.608,-0.783,0.659,0.833,0.844,0.152,-0.446,0.09,0.601,0.45,-0.409,0.048,0.045,0.542,0.325,0.637,0.54,0.581,0.312,0.557,0.841,0.093,0.874,0.822
ADVM,-0.461,-0.514,-0.075,0.551,-0.686,0.0,-0.648,0.471,-0.289,-0.397,-0.187,-0.214,0.451,-0.569,0.589,-0.056,-0.425,-0.536,-0.172,-0.681,-0.204,0.654,0.577,-0.618,-0.539,-0.133,0.526,-0.559,-0.412,0.21,-0.675,-0.477,0.075,-0.607,-0.625,0.169,-0.672,-0.46,-0.368,-0.671,-0.234,-0.283,-0.529,-0.644,-0.694,-0.485,-0.382,-0.504,-0.048,-0.632,-0.72,0.257,-0.563,-0.739,0.262,0.015,-0.102,-0.596,-0.578,0.033,-0.529,-0.507,-0.561,0.827,-0.279,-0.48,0.376,0.101,-0.514,-0.124,-0.48,-0.277,-0.437,0.227,-0.402,-0.701,-0.449,0.535,-0.164,-0.322,-0.552,-0.503,-0.134,-0.59,-0.592,0.419,-0.145,-0.519,0.103,0.358,-0.244,-0.039,-0.506,0.618,-0.577,-0.495,-0.536,-0.398,-0.285,-0.505,-0.474,0.549,-0.697,-0.643,0.164,-0.593,-0.642,-0.145,-0.648,-0.764,-0.568,0.535,-0.452,-0.417,-0.379,-0.489,-0.634,0.537,-0.298,-0.699,-0.399,0.423,-0.166,-0.393,0.312,0.362,0.489,-0.125,-0.075,-0.287,0.106,-0.625,-0.611,-0.734,-0.497,-0.026,-0.26,0.369,0.523,-0.609,-0.738,-0.541,0.732,-0.514,-0.384,-0.613,-0.408,-0.191,-0.296,-0.399,-0.376,-0.547,0.168,-0.314,-0.338,-0.567,-0.615,-0.326,-0.422,-0.674,-0.598,-0.591,-0.539,0.322,0.412,-0.353,-0.544,-0.127,-0.511,-0.256,-0.4,-0.562,-0.526,-0.58,0.722,-0.669,-0.528,0.626,-0.465,-0.495,-0.655,0.196,0.296,-0.152,-0.262,-0.186,0.364,0.341,0.023,-0.376,-0.144,-0.462,-0.402,-0.326,-0.222,-0.264,-0.506,-0.233,-0.553,-0.538
AEIS,0.533,0.871,0.236,-0.391,0.899,-0.648,0.0,-0.477,0.507,0.735,0.092,0.493,-0.276,0.609,-0.471,0.33,0.844,0.812,0.503,0.907,0.156,-0.374,-0.434,0.717,0.758,0.429,-0.453,0.585,0.529,0.081,0.867,0.661,0.004,0.716,0.694,0.018,0.93,0.809,0.317,0.74,0.483,0.355,0.72,0.666,0.766,0.81,0.227,0.738,0.229,0.756,0.905,-0.083,0.853,0.893,-0.044,0.296,0.153,0.872,0.804,0.24,0.865,0.372,0.899,-0.736,0.257,0.398,-0.575,0.441,0.643,0.34,0.597,0.229,0.752,-0.341,0.875,0.954,0.698,-0.131,0.022,0.274,0.848,0.728,0.344,0.862,0.644,-0.82,0.219,0.678,0.223,-0.291,0.347,0.58,0.867,-0.355,0.837,0.476,0.843,0.678,0.569,0.848,0.83,-0.366,0.835,0.797,-0.075,0.553,0.844,0.353,0.777,0.838,0.699,-0.418,0.816,0.688,0.753,0.646,0.887,-0.143,0.172,0.949,0.55,-0.1,0.247,0.272,-0.077,0.019,-0.109,0.212,0.447,0.734,0.407,0.863,0.811,0.782,0.528,0.06,0.812,-0.237,-0.414,0.933,0.693,0.877,-0.818,0.813,0.57,0.798,0.562,0.275,0.549,0.362,0.744,0.591,0.055,0.463,0.455,0.634,0.817,0.768,0.454,0.637,0.679,0.874,0.955,-0.302,-0.021,0.865,0.881,0.368,0.517,0.744,0.505,0.719,0.784,0.872,-0.818,0.721,0.553,-0.718,0.58,0.864,0.835,0.199,-0.152,0.272,0.646,0.273,-0.127,-0.031,-0.01,0.606,0.59,0.545,0.428,0.465,0.49,0.596,0.92,0.111,0.884,0.838
AGNCM,-0.848,-0.248,0.516,0.888,-0.661,0.471,-0.477,0.0,-0.54,-0.736,-0.001,0.051,0.825,-0.791,0.768,0.361,-0.109,-0.504,0.31,-0.726,-0.663,0.791,0.062,-0.768,-0.49,-0.107,0.875,-0.874,-0.722,0.651,-0.707,-0.694,-0.531,-0.734,-0.7,0.687,-0.499,-0.678,0.302,-0.765,0.318,-0.723,-0.658,-0.634,-0.775,-0.634,-0.555,-0.775,0.577,-0.603,-0.681,0.554,-0.526,-0.684,0.568,0.565,0.56,-0.744,-0.125,-0.302,-0.454,-0.571,-0.285,0.731,0.193,-0.57,-0.088,-0.236,-0.768,0.401,-0.794,-0.375,-0.722,-0.324,-0.466,-0.45,-0.781,-0.003,-0.454,0.368,-0.7,-0.352,0.081,-0.42,-0.812,0.515,-0.686,0.038,0.518,-0.093,-0.707,-0.483,-0.628,0.607,-0.74,-0.698,-0.658,-0.616,0.105,-0.338,-0.037,0.221,-0.45,-0.777,0.693,0.035,-0.723,-0.148,-0.787,-0.721,-0.58,0.866,-0.13,-0.26,0.025,0.08,-0.392,0.535,-0.647,-0.592,-0.725,0.767,-0.624,-0.719,0.751,0.64,0.476,-0.598,-0.001,-0.623,0.168,-0.382,-0.712,-0.72,-0.683,0.487,-0.419,-0.131,0.816,-0.293,-0.787,-0.601,0.668,-0.625,-0.692,-0.135,-0.73,-0.653,-0.649,-0.801,-0.741,-0.81,0.533,-0.424,-0.717,-0.804,-0.655,0.021,-0.792,-0.682,-0.748,-0.309,-0.477,0.83,0.645,-0.518,-0.648,-0.123,-0.84,-0.311,-0.258,-0.768,-0.703,-0.343,0.358,-0.745,-0.605,0.752,-0.706,-0.696,-0.735,-0.311,0.632,0.052,-0.395,-0.738,0.778,-0.35,-0.254,-0.409,0.219,-0.781,-0.796,-0.761,0.233,-0.399,-0.527,0.011,-0.671,-0.68
AHCO,0.509,0.328,-0.167,-0.414,0.465,-0.289,0.507,-0.54,0.0,0.689,0.272,0.265,-0.358,0.649,-0.488,-0.104,0.294,0.447,0.019,0.637,0.365,-0.38,0.141,0.556,0.424,0.02,-0.482,0.629,0.557,-0.321,0.666,0.648,0.46,0.652,0.67,-0.347,0.645,0.757,0.013,0.602,-0.075,0.531,0.515,0.322,0.622,0.668,0.336,0.721,-0.166,0.323,0.515,-0.389,0.699,0.601,-0.065,-0.153,-0.233,0.684,0.288,0.227,0.558,0.416,0.567,-0.434,0.019,0.374,-0.051,0.635,0.65,-0.079,0.676,0.404,0.729,0.237,0.635,0.531,0.681,0.307,0.18,-0.179,0.73,0.419,0.13,0.494,0.598,-0.584,0.479,0.158,-0.246,0.144,0.617,0.632,0.696,-0.202,0.658,0.422,0.733,0.68,0.017,0.457,0.293,-0.109,0.527,0.585,-0.385,0.031,0.698,0.193,0.654,0.568,0.69,-0.444,0.394,0.627,0.161,-0.004,0.271,0.009,0.364,0.666,0.623,-0.267,0.648,0.415,-0.374,-0.269,0.14,0.523,0.47,0.713,0.061,0.296,0.548,0.475,0.451,-0.251,0.417,0.229,-0.455,0.464,0.534,0.647,-0.39,0.776,0.639,0.289,0.563,0.523,0.657,0.462,0.595,0.658,-0.194,0.298,0.468,0.623,0.518,0.182,0.575,0.492,0.626,0.288,0.573,-0.571,-0.174,0.661,0.717,0.676,0.479,0.715,0.477,0.7,0.765,0.593,-0.157,0.539,0.609,-0.365,0.502,0.703,0.643,0.331,-0.204,0.35,0.35,0.508,-0.422,0.444,0.018,0.55,0.179,0.712,0.643,0.657,0.079,0.195,0.598,-0.226,0.672,0.685
ALGT,0.877,0.443,-0.266,-0.67,0.746,-0.397,0.735,-0.736,0.689,0.0,-0.002,0.017,-0.612,0.82,-0.485,-0.139,0.416,0.819,-0.101,0.885,0.664,-0.469,0.07,0.898,0.772,0.465,-0.774,0.827,0.866,-0.275,0.841,0.849,0.578,0.822,0.806,-0.538,0.727,0.922,-0.243,0.872,-0.151,0.802,0.885,0.704,0.844,0.83,0.567,0.954,-0.304,0.769,0.851,-0.292,0.702,0.807,-0.491,-0.153,-0.47,0.921,0.389,0.631,0.721,0.65,0.541,-0.676,-0.01,0.656,0.006,0.663,0.9,-0.287,0.891,0.557,0.918,0.231,0.722,0.633,0.912,0.212,0.44,-0.022,0.901,0.555,0.038,0.666,0.882,-0.699,0.705,0.273,-0.324,0.263,0.743,0.752,0.915,-0.307,0.931,0.784,0.899,0.822,-0.009,0.719,0.386,0.013,0.735,0.921,-0.582,-0.009,0.903,0.38,0.901,0.738,0.697,-0.743,0.353,0.523,0.264,0.029,0.628,-0.12,0.587,0.799,0.881,-0.466,0.632,0.698,-0.528,-0.289,-0.096,0.594,0.461,0.864,0.262,0.602,0.922,0.752,0.778,-0.535,0.636,0.213,-0.693,0.631,0.69,0.903,-0.595,0.873,0.928,0.294,0.893,0.731,0.891,0.725,0.938,0.862,-0.35,0.647,0.847,0.879,0.835,0.271,0.833,0.703,0.881,0.587,0.803,-0.629,-0.411,0.823,0.84,0.471,0.828,0.699,0.244,0.892,0.861,0.684,-0.382,0.874,0.668,-0.795,0.874,0.93,0.903,0.654,-0.456,0.35,0.805,0.772,-0.524,0.432,0.385,0.686,0.101,0.829,0.822,0.856,-0.091,0.663,0.807,0.153,0.922,0.936
ALLO,0.015,0.006,0.102,-0.005,0.127,-0.187,0.092,-0.001,0.272,-0.002,0.0,0.101,0.066,0.231,-0.025,-0.004,-0.06,0.098,0.0,0.156,0.082,-0.207,0.07,0.109,0.176,0.112,-0.078,0.16,0.111,-0.097,0.298,0.163,0.115,0.347,0.105,-0.123,0.263,0.135,0.39,0.228,-0.001,0.091,0.082,0.08,0.238,0.137,0.247,0.114,0.077,-0.077,0.059,0.041,0.211,0.226,0.136,-0.028,0.153,0.068,0.252,-0.081,0.219,0.313,0.247,-0.23,0.283,0.175,0.045,-0.004,0.117,0.087,0.206,0.309,0.084,0.093,0.205,0.166,0.138,0.059,0.198,0.002,0.144,0.049,-0.015,0.09,0.197,0.013,0.122,-0.024,-0.029,-0.166,0.344,0.222,0.098,-0.238,0.096,0.071,0.182,0.158,-0.082,0.025,0.06,-0.123,0.287,0.102,-0.012,0.321,0.22,0.043,0.183,0.121,0.406,-0.039,0.033,0.494,-0.054,0.019,-0.085,-0.293,0.205,0.226,0.174,-0.022,0.386,0.139,-0.194,-0.169,-0.075,0.27,0.208,0.05,-0.071,-0.111,0.108,0.304,0.121,0.057,0.02,0.097,-0.277,0.091,0.354,0.118,0.013,0.154,0.009,0.33,0.119,0.193,0.113,0.199,-0.12,0.247,0.222,-0.03,0.006,0.211,0.204,-0.086,0.16,0.269,0.199,0.027,0.085,-0.023,-0.115,0.051,0.131,0.18,0.023,0.197,0.583,0.206,0.271,0.143,-0.119,0.154,0.377,0.073,0.022,0.086,0.19,-0.163,0.123,0.434,0.024,-0.083,-0.12,-0.059,0.024,0.408,-0.0,0.274,0.176,0.143,0.012,-0.041,0.075,-0.202,0.12,0.15
AMSF,-0.27,0.786,0.313,0.196,0.4,-0.214,0.493,0.051,0.265,0.017,0.101,0.0,0.277,-0.007,-0.329,0.39,0.701,0.02,0.813,0.242,-0.623,0.019,-0.601,-0.121,-0.07,-0.247,0.235,-0.038,-0.235,0.193,0.248,0.072,-0.419,0.056,0.137,0.581,0.446,0.221,0.583,-0.05,0.789,-0.369,-0.134,-0.012,0.116,0.307,-0.506,0.034,0.432,0.019,0.194,-0.117,0.435,0.287,0.693,0.34,0.549,0.235,0.473,-0.506,0.429,-0.38,0.715,-0.053,0.07,-0.437,-0.844,0.142,-0.122,0.821,-0.084,-0.518,0.176,-0.568,0.592,0.633,0.027,-0.187,-0.724,-0.013,0.294,0.504,0.673,0.522,-0.145,-0.569,-0.483,0.369,0.545,-0.732,-0.244,0.165,0.239,-0.012,0.183,-0.371,0.249,0.224,0.801,0.238,0.587,-0.577,0.107,-0.001,0.366,0.552,0.181,0.239,0.041,0.339,0.34,0.253,0.843,0.407,0.702,0.707,0.331,0.059,-0.49,0.379,-0.185,0.355,-0.104,-0.522,0.419,0.219,0.225,-0.071,0.184,0.303,0.118,0.351,0.001,0.107,-0.311,0.746,0.609,-0.596,0.298,0.464,0.131,0.18,-0.395,0.314,-0.217,0.686,-0.22,-0.412,-0.162,-0.33,0.131,-0.133,0.301,-0.358,-0.346,-0.141,0.09,0.705,-0.285,-0.084,-0.11,0.353,0.461,0.018,0.553,0.465,0.402,0.235,-0.305,0.491,0.47,0.037,0.275,0.421,-0.518,-0.122,0.089,0.076,-0.279,0.23,0.099,-0.417,0.152,-0.206,-0.14,-0.297,0.273,-0.043,-0.743,-0.054,0.718,-0.065,-0.231,-0.152,0.905,-0.221,0.399,-0.285,0.22,0.117
ANAB,-0.835,-0.037,0.674,0.924,-0.511,0.451,-0.276,0.825,-0.358,-0.612,0.066,0.277,0.0,-0.77,0.695,0.591,0.125,-0.396,0.53,-0.58,-0.731,0.808,-0.02,-0.73,-0.41,-0.075,0.909,-0.833,-0.718,0.74,-0.528,-0.633,-0.623,-0.646,-0.606,0.783,-0.299,-0.535,0.39,-0.702,0.519,-0.754,-0.574,-0.616,-0.709,-0.505,-0.655,-0.675,0.739,-0.589,-0.573,0.629,-0.275,-0.553,0.736,0.709,0.712,-0.607,0.081,-0.316,-0.318,-0.623,-0.029,0.674,0.222,-0.582,-0.29,-0.048,-0.715,0.62,-0.76,-0.449,-0.621,-0.458,-0.205,-0.237,-0.691,0.029,-0.574,0.314,-0.559,-0.149,0.3,-0.274,-0.752,0.286,-0.7,0.195,0.708,-0.217,-0.663,-0.288,-0.485,0.535,-0.618,-0.745,-0.505,-0.528,0.327,-0.216,0.193,0.161,-0.323,-0.704,0.821,0.177,-0.608,-0.23,-0.708,-0.595,-0.489,0.915,0.115,-0.002,0.245,0.268,-0.215,0.609,-0.764,-0.4,-0.698,0.909,-0.602,-0.786,0.846,0.799,0.522,-0.614,0.073,-0.434,0.349,-0.314,-0.625,-0.642,-0.701,0.621,-0.175,-0.119,0.838,-0.084,-0.724,-0.466,0.502,-0.471,-0.663,0.066,-0.73,-0.669,-0.617,-0.827,-0.624,-0.772,0.726,-0.361,-0.755,-0.772,-0.561,0.259,-0.806,-0.62,-0.689,-0.127,-0.282,0.832,0.804,-0.299,-0.472,0.003,-0.834,-0.106,-0.011,-0.7,-0.557,-0.158,0.213,-0.715,-0.571,0.697,-0.734,-0.521,-0.642,-0.229,0.775,0.085,-0.345,-0.802,0.881,-0.345,-0.319,-0.306,0.504,-0.72,-0.799,-0.765,0.444,-0.292,-0.306,-0.116,-0.549,-0.549
ANDE,0.864,0.318,-0.449,-0.832,0.722,-0.569,0.609,-0.791,0.649,0.82,0.231,-0.007,-0.77,0.0,-0.66,-0.453,0.202,0.637,-0.289,0.861,0.699,-0.716,0.038,0.9,0.699,0.193,-0.903,0.966,0.88,-0.576,0.857,0.94,0.667,0.936,0.844,-0.687,0.641,0.865,-0.158,0.928,-0.318,0.839,0.75,0.799,0.94,0.83,0.746,0.922,-0.492,0.714,0.818,-0.568,0.598,0.851,-0.514,-0.453,-0.534,0.864,0.198,0.484,0.645,0.818,0.429,-0.758,-0.059,0.673,0.114,0.389,0.937,-0.4,0.966,0.645,0.899,0.393,0.599,0.574,0.939,0.115,0.53,-0.085,0.884,0.323,-0.217,0.624,0.935,-0.548,0.745,0.038,-0.575,0.142,0.836,0.593,0.835,-0.431,0.896,0.854,0.86,0.819,-0.141,0.621,0.145,-0.276,0.648,0.904,-0.759,0.001,0.905,0.438,0.946,0.755,0.856,-0.869,0.236,0.428,0.021,-0.11,0.42,-0.492,0.806,0.737,0.872,-0.725,0.827,0.778,-0.786,-0.663,-0.366,0.748,0.361,0.724,-0.15,0.469,0.811,0.833,0.778,-0.561,0.494,0.176,-0.865,0.452,0.874,0.801,-0.584,0.839,0.816,0.327,0.898,0.828,0.874,0.89,0.773,0.958,-0.532,0.434,0.844,0.952,0.844,-0.001,0.926,0.754,0.947,0.358,0.652,-0.762,-0.66,0.659,0.803,0.378,0.847,0.566,0.361,0.944,0.908,0.554,-0.364,0.865,0.904,-0.696,0.88,0.805,0.903,0.317,-0.631,0.272,0.549,0.813,-0.786,0.435,0.302,0.609,-0.208,0.965,0.932,0.933,-0.215,0.387,0.626,-0.03,0.834,0.867
APLS,-0.537,-0.449,0.461,0.762,-0.674,0.589,-0.471,0.768,-0.488,-0.485,-0.025,-0.329,0.695,-0.66,0.0,0.319,-0.277,-0.262,0.005,-0.627,-0.237,0.831,0.399,-0.535,-0.222,0.281,0.678,-0.71,-0.377,0.689,-0.597,-0.541,-0.25,-0.532,-0.594,0.355,-0.496,-0.526,0.014,-0.549,0.014,-0.365,-0.347,-0.486,-0.693,-0.591,-0.212,-0.57,0.387,-0.474,-0.581,0.772,-0.508,-0.621,0.22,0.507,0.273,-0.616,-0.14,0.168,-0.505,-0.274,-0.418,0.628,0.284,-0.225,0.28,-0.011,-0.522,0.041,-0.578,-0.026,-0.576,-0.077,-0.442,-0.555,-0.58,0.252,-0.017,0.322,-0.624,-0.368,-0.114,-0.562,-0.549,0.5,-0.251,-0.073,0.346,0.322,-0.412,-0.29,-0.494,0.555,-0.6,-0.386,-0.537,-0.533,-0.216,-0.233,-0.115,0.62,-0.282,-0.577,0.474,-0.229,-0.584,-0.184,-0.606,-0.714,-0.582,0.685,-0.372,-0.242,-0.159,-0.18,-0.346,0.606,-0.347,-0.547,-0.395,0.66,-0.442,-0.347,0.514,0.663,0.438,-0.434,0.06,-0.466,0.425,-0.407,-0.461,-0.596,-0.36,0.056,-0.432,0.284,0.556,-0.293,-0.738,-0.421,0.695,-0.542,-0.352,-0.322,-0.415,-0.275,-0.327,-0.499,-0.568,-0.578,0.494,0.0,-0.37,-0.549,-0.467,-0.107,-0.485,-0.447,-0.514,-0.275,-0.443,0.784,0.446,-0.47,-0.602,-0.116,-0.537,-0.291,-0.308,-0.594,-0.61,-0.389,0.495,-0.506,-0.538,0.518,-0.414,-0.522,-0.555,0.126,0.603,0.321,-0.025,-0.463,0.693,-0.165,0.267,-0.126,0.049,-0.563,-0.518,-0.524,-0.139,-0.052,-0.438,0.189,-0.523,-0.488
APPF,-0.356,0.408,0.9,0.527,0.061,-0.056,0.33,0.361,-0.104,-0.139,-0.004,0.39,0.591,-0.453,0.319,0.0,0.545,0.227,0.762,-0.007,-0.471,0.379,-0.339,-0.21,0.095,0.343,0.523,-0.448,-0.366,0.718,-0.006,-0.389,-0.703,-0.243,-0.198,0.692,0.31,-0.112,0.524,-0.198,0.764,-0.492,0.004,-0.233,-0.255,-0.096,-0.463,-0.249,0.834,-0.04,0.024,0.708,0.282,0.019,0.48,0.836,0.798,-0.062,0.696,-0.227,0.105,-0.424,0.443,-0.005,0.501,-0.165,-0.57,0.067,-0.327,0.727,-0.43,-0.301,-0.228,-0.765,0.225,0.327,-0.302,-0.148,-0.365,0.386,-0.125,0.38,0.53,0.06,-0.305,-0.156,-0.452,0.67,0.886,-0.356,-0.448,-0.006,-0.041,-0.007,-0.15,-0.384,-0.079,-0.266,0.646,0.14,0.721,0.043,0.267,-0.164,0.815,0.635,-0.102,-0.268,-0.218,0.042,-0.242,0.538,0.483,0.351,0.671,0.748,0.417,0.444,-0.633,0.213,-0.328,0.734,-0.627,-0.459,0.724,0.797,0.324,-0.67,0.001,-0.034,0.686,0.348,-0.018,-0.084,-0.205,0.583,0.174,-0.188,0.44,0.477,-0.203,0.033,-0.208,-0.093,-0.257,0.437,-0.381,-0.555,-0.372,-0.56,-0.153,-0.374,0.802,0.179,-0.432,-0.328,-0.089,0.753,-0.503,-0.009,-0.283,0.523,0.206,0.585,0.655,0.092,0.006,0.03,-0.334,0.135,0.298,-0.269,-0.179,0.292,-0.39,-0.129,-0.422,-0.017,-0.346,0.018,-0.096,-0.066,0.718,0.118,0.07,-0.663,0.772,-0.598,-0.159,0.122,0.825,-0.447,-0.533,-0.547,0.626,0.276,0.248,0.119,-0.013,-0.08
ASML,0.095,0.935,0.46,0.016,0.66,-0.425,0.844,-0.109,0.294,0.416,-0.06,0.701,0.125,0.202,-0.277,0.545,0.0,0.506,0.819,0.607,-0.318,-0.032,-0.549,0.296,0.435,0.23,-0.026,0.165,0.078,0.348,0.548,0.332,-0.361,0.314,0.385,0.471,0.732,0.496,0.44,0.325,0.787,-0.113,0.348,0.31,0.415,0.555,-0.261,0.376,0.546,0.502,0.609,0.043,0.711,0.574,0.345,0.58,0.446,0.55,0.752,-0.06,0.739,-0.075,0.844,-0.36,0.137,-0.008,-0.843,0.325,0.233,0.682,0.178,-0.181,0.429,-0.579,0.723,0.837,0.31,-0.233,-0.422,0.384,0.557,0.667,0.546,0.79,0.197,-0.707,-0.252,0.752,0.58,-0.478,-0.102,0.334,0.589,-0.109,0.52,0.037,0.551,0.416,0.84,0.711,0.92,-0.392,0.545,0.416,0.324,0.597,0.485,0.206,0.392,0.547,0.413,-0.002,0.935,0.532,0.913,0.825,0.799,0.133,-0.277,0.696,0.105,0.274,-0.128,-0.207,0.385,0.353,0.086,-0.112,0.483,0.474,0.462,0.695,0.437,0.418,0.112,0.454,0.763,-0.441,0.036,0.868,0.315,0.571,-0.627,0.557,0.188,0.803,0.153,-0.172,0.176,-0.103,0.492,0.131,0.25,0.109,0.047,0.185,0.477,0.916,-0.018,0.193,0.267,0.74,0.825,0.014,0.389,0.744,0.638,0.285,0.055,0.628,0.397,0.328,0.455,0.764,-0.736,0.306,0.216,-0.359,0.177,0.588,0.462,0.023,0.095,0.107,0.361,-0.109,0.254,-0.198,-0.36,0.25,0.843,0.136,-0.018,0.055,0.797,0.384,0.73,-0.013,0.59,0.525
ATRC,0.711,0.494,0.145,-0.458,0.731,-0.536,0.812,-0.504,0.447,0.819,0.098,0.02,-0.396,0.637,-0.262,0.227,0.506,0.0,0.105,0.831,0.54,-0.328,-0.066,0.841,0.885,0.681,-0.562,0.617,0.734,0.035,0.809,0.643,0.298,0.731,0.664,-0.326,0.805,0.799,0.045,0.824,0.093,0.621,0.867,0.713,0.731,0.712,0.543,0.796,0.058,0.767,0.853,0.07,0.669,0.798,-0.398,0.199,-0.101,0.826,0.676,0.581,0.667,0.604,0.622,-0.738,0.336,0.689,-0.117,0.536,0.756,-0.065,0.691,0.578,0.746,-0.105,0.692,0.693,0.744,0.07,0.429,0.265,0.773,0.583,0.065,0.602,0.778,-0.635,0.54,0.563,-0.021,0.13,0.549,0.638,0.835,-0.293,0.803,0.71,0.802,0.637,0.144,0.766,0.606,0.022,0.878,0.846,-0.248,0.319,0.83,0.25,0.796,0.73,0.557,-0.544,0.403,0.597,0.445,0.299,0.755,-0.066,0.429,0.836,0.737,-0.195,0.335,0.579,-0.289,-0.011,-0.093,0.276,0.348,0.71,0.453,0.755,0.907,0.767,0.737,-0.364,0.564,0.124,-0.554,0.774,0.639,0.89,-0.626,0.727,0.758,0.451,0.732,0.538,0.704,0.537,0.738,0.72,-0.042,0.762,0.678,0.76,0.809,0.481,0.646,0.774,0.791,0.816,0.778,-0.276,-0.266,0.695,0.755,0.417,0.706,0.64,0.278,0.769,0.726,0.755,-0.587,0.846,0.486,-0.807,0.76,0.829,0.861,0.517,-0.14,0.467,0.862,0.441,-0.231,0.022,0.452,0.785,0.306,0.614,0.583,0.589,0.049,0.779,0.828,0.319,0.854,0.844
AVGO,-0.425,0.761,0.698,0.453,0.277,-0.172,0.503,0.31,0.019,-0.101,0.0,0.813,0.53,-0.289,0.005,0.762,0.819,0.105,0.0,0.135,-0.735,0.26,-0.599,-0.225,-0.009,0.025,0.475,-0.325,-0.417,0.593,0.108,-0.182,-0.709,-0.137,-0.055,0.834,0.415,0.036,0.699,-0.177,0.98,-0.583,-0.131,-0.145,-0.078,0.106,-0.639,-0.145,0.797,0.017,0.131,0.279,0.4,0.149,0.731,0.745,0.806,0.077,0.664,-0.443,0.382,-0.505,0.663,0.004,0.288,-0.433,-0.906,0.075,-0.289,0.952,-0.334,-0.524,-0.057,-0.783,0.45,0.56,-0.195,-0.26,-0.722,0.31,0.087,0.469,0.67,0.428,-0.313,-0.396,-0.654,0.659,0.871,-0.653,-0.502,0.038,0.112,0.084,0.009,-0.481,0.086,-0.008,0.91,0.314,0.801,-0.367,0.188,-0.106,0.72,0.677,0.017,-0.002,-0.115,0.174,0.064,0.495,0.838,0.395,0.863,0.891,0.465,0.289,-0.698,0.334,-0.367,0.645,-0.485,-0.653,0.758,0.62,0.274,-0.474,0.216,0.079,0.43,0.416,-0.047,-0.001,-0.356,0.836,0.469,-0.576,0.476,0.573,-0.076,0.115,-0.325,0.112,-0.324,0.683,-0.382,-0.621,-0.333,-0.572,-0.022,-0.349,0.575,-0.2,-0.491,-0.323,0.001,0.88,-0.512,-0.157,-0.257,0.499,0.428,0.395,0.76,0.357,0.237,0.111,-0.434,0.344,0.335,-0.155,0.024,0.454,-0.566,-0.186,-0.202,0.084,-0.366,0.116,-0.02,-0.33,0.458,-0.038,-0.043,-0.585,0.63,-0.406,-0.616,-0.02,0.934,-0.348,-0.51,-0.44,0.952,0.041,0.371,-0.09,0.123,0.024
AVT,0.794,0.669,-0.092,-0.689,0.915,-0.681,0.907,-0.726,0.637,0.885,0.156,0.242,-0.58,0.861,-0.627,-0.007,0.607,0.831,0.135,0.0,0.484,-0.616,-0.241,0.907,0.831,0.386,-0.76,0.854,0.771,-0.254,0.959,0.856,0.335,0.905,0.851,-0.359,0.887,0.912,0.083,0.929,0.108,0.65,0.849,0.809,0.948,0.891,0.517,0.919,-0.123,0.838,0.971,-0.319,0.833,0.964,-0.334,-0.057,-0.2,0.962,0.598,0.405,0.846,0.64,0.742,-0.856,0.102,0.612,-0.275,0.442,0.871,-0.027,0.848,0.466,0.893,-0.007,0.808,0.854,0.892,-0.038,0.312,0.117,0.946,0.621,0.102,0.819,0.88,-0.754,0.537,0.448,-0.157,-0.072,0.641,0.649,0.937,-0.481,0.963,0.739,0.934,0.805,0.259,0.819,0.579,-0.319,0.848,0.959,-0.431,0.335,0.969,0.372,0.955,0.899,0.825,-0.724,0.584,0.633,0.453,0.335,0.775,-0.339,0.525,0.946,0.777,-0.457,0.542,0.595,-0.45,-0.322,-0.287,0.49,0.439,0.796,0.187,0.757,0.925,0.912,0.748,-0.275,0.714,-0.025,-0.717,0.792,0.865,0.933,-0.809,0.898,0.78,0.622,0.803,0.587,0.771,0.687,0.859,0.849,-0.239,0.543,0.72,0.877,0.928,0.455,0.752,0.786,0.895,0.726,0.901,-0.588,-0.382,0.844,0.919,0.389,0.781,0.696,0.472,0.908,0.908,0.801,-0.678,0.904,0.766,-0.831,0.815,0.937,0.967,0.324,-0.423,0.3,0.688,0.587,-0.487,0.164,0.184,0.676,0.243,0.81,0.738,0.746,0.154,0.618,0.869,0.082,0.957,0.955
AXDX,0.868,-0.276,-0.497,-0.735,0.289,-0.204,0.156,-0.663,0.365,0.664,0.082,-0.623,-0.731,0.699,-0.237,-0.471,-0.318,0.54,-0.735,0.484,0.0,-0.489,0.481,0.764,0.595,0.397,-0.805,0.73,0.855,-0.516,0.487,0.61,0.798,0.648,0.512,-0.922,0.225,0.544,-0.552,0.723,-0.737,0.927,0.709,0.567,0.579,0.427,0.903,0.685,-0.652,0.499,0.482,-0.222,0.192,0.449,-0.84,-0.52,-0.752,0.527,-0.101,0.729,0.156,0.805,-0.104,-0.528,-0.012,0.809,0.665,0.325,0.776,-0.825,0.776,0.797,0.588,0.607,0.124,0.029,0.702,0.316,0.904,-0.149,0.479,0.024,-0.499,0.06,0.804,-0.137,0.939,-0.216,-0.722,0.626,0.825,0.446,0.492,-0.333,0.556,0.883,0.498,0.437,-0.638,0.253,-0.244,0.28,0.439,0.675,-0.788,-0.363,0.576,0.177,0.666,0.365,0.375,-0.8,-0.38,0.113,-0.413,-0.529,0.123,-0.31,0.882,0.328,0.819,-0.7,0.669,0.947,-0.85,-0.54,-0.296,0.609,0.055,0.458,-0.035,0.177,0.657,0.538,0.809,-0.93,0.032,0.599,-0.817,0.047,0.536,0.514,-0.22,0.435,0.803,-0.254,0.83,0.896,0.776,0.868,0.547,0.81,-0.496,0.699,0.88,0.812,0.568,-0.388,0.89,0.694,0.759,0.102,0.19,-0.593,-0.785,0.217,0.364,0.178,0.867,0.156,0.009,0.681,0.51,0.123,0.071,0.747,0.534,-0.636,0.821,0.513,0.622,0.621,-0.477,0.307,0.586,0.808,-0.706,0.412,0.794,0.553,-0.552,0.745,0.85,0.793,-0.743,0.485,0.277,0.229,0.508,0.571
AXSM,-0.682,-0.211,0.47,0.877,-0.617,0.654,-0.374,0.791,-0.38,-0.469,-0.207,0.019,0.808,-0.716,0.831,0.379,-0.032,-0.328,0.26,-0.616,-0.489,0.0,0.266,-0.634,-0.348,0.031,0.816,-0.778,-0.511,0.714,-0.589,-0.523,-0.338,-0.647,-0.573,0.58,-0.429,-0.455,0.012,-0.663,0.245,-0.517,-0.479,-0.553,-0.743,-0.469,-0.471,-0.566,0.494,-0.518,-0.579,0.652,-0.401,-0.614,0.486,0.606,0.369,-0.567,-0.165,0.011,-0.437,-0.522,-0.227,0.796,0.096,-0.458,-0.008,0.158,-0.593,0.292,-0.641,-0.291,-0.497,-0.225,-0.284,-0.408,-0.587,0.253,-0.38,0.235,-0.529,-0.277,0.101,-0.385,-0.672,0.261,-0.493,0.019,0.49,0.119,-0.564,-0.231,-0.421,0.725,-0.557,-0.557,-0.475,-0.463,0.058,-0.17,0.022,0.434,-0.408,-0.642,0.585,-0.229,-0.598,-0.126,-0.675,-0.673,-0.571,0.794,-0.091,-0.254,0.068,-0.027,-0.284,0.8,-0.609,-0.506,-0.519,0.831,-0.504,-0.609,0.704,0.787,0.648,-0.457,0.098,-0.304,0.43,-0.36,-0.554,-0.735,-0.565,0.279,-0.194,0.101,0.799,-0.174,-0.837,-0.396,0.633,-0.421,-0.436,-0.219,-0.529,-0.444,-0.391,-0.678,-0.464,-0.705,0.502,-0.188,-0.496,-0.677,-0.533,0.11,-0.635,-0.643,-0.611,-0.233,-0.315,0.755,0.702,-0.277,-0.477,0.053,-0.702,-0.087,-0.282,-0.629,-0.557,-0.273,0.464,-0.669,-0.592,0.621,-0.541,-0.471,-0.618,0.09,0.645,0.096,-0.137,-0.528,0.805,-0.059,-0.056,-0.308,0.296,-0.625,-0.632,-0.589,0.187,-0.211,-0.31,0.023,-0.5,-0.5
AZN,0.121,-0.676,-0.238,0.046,-0.47,0.577,-0.434,0.062,0.141,0.07,0.07,-0.601,-0.02,0.038,0.399,-0.339,-0.549,-0.066,-0.599,-0.241,0.481,0.266,0.0,-0.014,-0.021,0.065,-0.038,0.0,0.206,-0.139,-0.191,0.052,0.62,-0.02,-0.16,-0.447,-0.35,0.021,-0.52,-0.044,-0.674,0.349,-0.002,-0.206,-0.18,-0.098,0.337,0.063,-0.311,-0.264,-0.305,0.069,-0.266,-0.292,-0.206,-0.213,-0.484,-0.167,-0.52,0.522,-0.311,0.192,-0.493,0.342,-0.09,0.175,0.805,0.385,0.135,-0.639,0.143,0.465,0.042,0.623,-0.269,-0.553,0.107,0.734,0.529,-0.248,-0.115,-0.481,-0.566,-0.423,0.057,0.301,0.495,-0.519,-0.359,0.812,0.386,0.262,-0.063,0.36,-0.131,0.191,-0.076,-0.03,-0.692,-0.166,-0.479,0.583,-0.206,-0.102,-0.305,-0.704,-0.131,-0.074,-0.07,-0.442,-0.129,-0.025,-0.599,-0.164,-0.588,-0.779,-0.519,0.335,0.377,-0.299,0.205,-0.031,0.37,0.291,-0.277,-0.015,0.291,0.28,0.123,0.029,0.042,-0.459,-0.111,-0.28,0.101,-0.634,-0.3,0.799,-0.103,-0.403,-0.257,-0.078,0.528,-0.074,0.219,-0.651,0.226,0.466,0.321,0.218,-0.049,0.122,-0.165,0.216,0.285,0.085,-0.158,-0.553,0.248,-0.061,0.069,-0.47,-0.317,-0.064,-0.12,-0.155,-0.179,0.19,0.091,-0.01,-0.227,0.048,-0.041,-0.282,0.698,-0.058,-0.0,0.224,0.167,-0.069,-0.106,0.553,0.102,0.312,0.112,0.303,-0.143,0.535,0.525,0.15,-0.447,0.182,0.243,0.264,-0.666,0.046,-0.227,-0.134,-0.11,-0.036
BANR,0.932,0.358,-0.273,-0.805,0.79,-0.618,0.717,-0.768,0.556,0.898,0.109,-0.121,-0.73,0.9,-0.535,-0.21,0.296,0.841,-0.225,0.907,0.764,-0.634,-0.014,0.0,0.876,0.489,-0.886,0.9,0.904,-0.368,0.876,0.861,0.547,0.894,0.828,-0.639,0.727,0.866,-0.171,0.974,-0.235,0.841,0.92,0.846,0.926,0.811,0.766,0.938,-0.345,0.85,0.917,-0.304,0.631,0.884,-0.654,-0.239,-0.449,0.914,0.402,0.604,0.681,0.82,0.474,-0.842,0.081,0.818,0.077,0.407,0.947,-0.377,0.925,0.693,0.873,0.215,0.594,0.624,0.923,0.024,0.607,0.103,0.872,0.443,-0.158,0.635,0.968,-0.56,0.756,0.293,-0.438,0.206,0.774,0.583,0.876,-0.466,0.919,0.919,0.863,0.769,-0.071,0.696,0.303,-0.119,0.809,0.979,-0.632,0.123,0.927,0.346,0.96,0.807,0.699,-0.867,0.242,0.464,0.162,0.033,0.645,-0.388,0.754,0.804,0.904,-0.623,0.628,0.823,-0.667,-0.465,-0.339,0.567,0.323,0.729,0.104,0.662,0.953,0.877,0.882,-0.596,0.5,0.186,-0.843,0.603,0.845,0.884,-0.661,0.804,0.895,0.339,0.918,0.779,0.862,0.844,0.84,0.938,-0.378,0.704,0.89,0.965,0.916,0.163,0.91,0.851,0.964,0.606,0.714,-0.643,-0.646,0.661,0.792,0.318,0.936,0.538,0.282,0.93,0.84,0.642,-0.479,0.968,0.751,-0.886,0.948,0.861,0.951,0.479,-0.528,0.349,0.764,0.754,-0.637,0.222,0.494,0.714,-0.072,0.867,0.864,0.852,-0.22,0.67,0.736,0.219,0.891,0.916
BBIO,0.736,0.413,0.085,-0.5,0.708,-0.539,0.758,-0.49,0.424,0.772,0.176,-0.07,-0.41,0.699,-0.222,0.095,0.435,0.885,-0.009,0.831,0.595,-0.348,-0.021,0.876,0.0,0.66,-0.627,0.666,0.76,-0.03,0.802,0.731,0.336,0.798,0.665,-0.373,0.742,0.77,-0.011,0.865,-0.024,0.65,0.881,0.742,0.781,0.716,0.662,0.794,-0.018,0.771,0.859,0.067,0.602,0.82,-0.465,0.121,-0.165,0.799,0.572,0.645,0.683,0.735,0.544,-0.747,0.246,0.755,-0.04,0.426,0.811,-0.165,0.744,0.664,0.74,0.013,0.586,0.629,0.777,0.024,0.53,0.346,0.767,0.423,-0.124,0.616,0.817,-0.512,0.589,0.489,-0.127,0.148,0.609,0.542,0.832,-0.344,0.808,0.792,0.792,0.632,0.083,0.782,0.513,-0.015,0.869,0.865,-0.318,0.262,0.828,0.308,0.823,0.676,0.589,-0.591,0.33,0.539,0.344,0.197,0.703,-0.19,0.573,0.79,0.755,-0.297,0.424,0.642,-0.38,-0.13,-0.235,0.352,0.48,0.637,0.38,0.676,0.876,0.802,0.789,-0.435,0.513,0.226,-0.633,0.735,0.685,0.867,-0.567,0.716,0.76,0.491,0.779,0.615,0.75,0.643,0.704,0.751,-0.04,0.729,0.739,0.807,0.876,0.352,0.708,0.75,0.841,0.732,0.744,-0.295,-0.405,0.644,0.708,0.303,0.744,0.567,0.355,0.786,0.722,0.705,-0.519,0.863,0.625,-0.773,0.823,0.789,0.855,0.499,-0.232,0.526,0.81,0.475,-0.279,0.009,0.535,0.722,0.153,0.683,0.649,0.627,-0.078,0.757,0.748,0.25,0.828,0.862
BCYC,0.414,0.184,0.285,-0.082,0.366,-0.133,0.429,-0.107,0.02,0.465,0.112,-0.247,-0.075,0.193,0.281,0.343,0.23,0.681,0.025,0.386,0.397,0.031,0.065,0.489,0.66,0.0,-0.229,0.181,0.435,0.373,0.348,0.247,0.108,0.365,0.233,-0.16,0.396,0.36,-0.036,0.444,0.044,0.348,0.645,0.326,0.316,0.243,0.338,0.389,0.16,0.455,0.442,0.502,0.266,0.365,-0.381,0.313,-0.038,0.392,0.553,0.593,0.396,0.413,0.243,-0.383,0.391,0.508,0.068,0.315,0.37,-0.083,0.315,0.461,0.308,-0.055,0.321,0.267,0.33,0.055,0.438,0.332,0.312,0.314,-0.004,0.218,0.41,-0.202,0.378,0.415,0.129,0.242,0.298,0.332,0.413,-0.118,0.391,0.411,0.38,0.299,-0.004,0.427,0.391,0.445,0.613,0.463,-0.014,0.175,0.389,0.105,0.387,0.263,0.12,-0.175,0.063,0.359,0.295,0.171,0.524,0.076,0.251,0.398,0.508,0.064,0.059,0.383,-0.042,0.26,-0.003,0.029,0.284,0.296,0.68,0.43,0.611,0.451,0.538,-0.298,0.283,0.214,-0.303,0.475,0.26,0.513,-0.187,0.278,0.482,0.217,0.449,0.309,0.409,0.278,0.388,0.338,0.246,0.663,0.434,0.398,0.516,0.306,0.341,0.43,0.399,0.572,0.419,0.109,-0.109,0.323,0.291,0.071,0.406,0.263,0.062,0.345,0.267,0.374,-0.317,0.524,0.066,-0.514,0.47,0.426,0.444,0.542,0.066,0.547,0.815,0.2,0.124,-0.102,0.64,0.638,0.22,0.229,0.24,0.252,-0.122,0.811,0.47,0.47,0.475,0.461
BHFAP,-0.94,-0.151,0.609,0.958,-0.669,0.526,-0.453,0.875,-0.482,-0.774,-0.078,0.235,0.909,-0.903,0.678,0.523,-0.026,-0.562,0.475,-0.76,-0.805,0.816,-0.038,-0.886,-0.627,-0.229,0.0,-0.946,-0.841,0.679,-0.723,-0.8,-0.658,-0.82,-0.727,0.803,-0.469,-0.703,0.356,-0.868,0.475,-0.845,-0.752,-0.763,-0.874,-0.672,-0.745,-0.841,0.665,-0.735,-0.748,0.568,-0.45,-0.724,0.748,0.611,0.679,-0.765,-0.075,-0.475,-0.507,-0.765,-0.189,0.767,0.194,-0.707,-0.242,-0.175,-0.873,0.577,-0.9,-0.586,-0.763,-0.446,-0.371,-0.392,-0.856,-0.01,-0.635,0.173,-0.733,-0.248,0.297,-0.461,-0.908,0.384,-0.797,0.06,0.679,-0.232,-0.794,-0.443,-0.675,0.551,-0.8,-0.877,-0.695,-0.67,0.257,-0.411,0.041,0.157,-0.529,-0.867,0.836,0.096,-0.776,-0.288,-0.87,-0.695,-0.637,0.975,-0.005,-0.212,0.13,0.205,-0.393,0.603,-0.861,-0.57,-0.833,0.892,-0.714,-0.869,0.867,0.761,0.507,-0.701,-0.131,-0.567,0.21,-0.426,-0.786,-0.793,-0.827,0.666,-0.337,-0.2,0.928,-0.269,-0.839,-0.658,0.579,-0.64,-0.797,-0.105,-0.875,-0.793,-0.778,-0.93,-0.755,-0.91,0.64,-0.472,-0.876,-0.915,-0.764,0.161,-0.921,-0.733,-0.868,-0.278,-0.472,0.83,0.829,-0.473,-0.628,-0.112,-0.935,-0.28,-0.159,-0.849,-0.723,-0.356,0.312,-0.863,-0.736,0.787,-0.884,-0.696,-0.806,-0.361,0.766,-0.094,-0.521,-0.866,0.878,-0.357,-0.428,-0.472,0.395,-0.864,-0.905,-0.878,0.415,-0.465,-0.48,-0.1,-0.717,-0.744
BKR,0.906,0.305,-0.515,-0.902,0.734,-0.559,0.585,-0.874,0.629,0.827,0.16,-0.038,-0.833,0.966,-0.71,-0.448,0.165,0.617,-0.325,0.854,0.73,-0.778,0.0,0.9,0.666,0.181,-0.946,0.0,0.88,-0.628,0.836,0.885,0.663,0.915,0.824,-0.723,0.605,0.832,-0.21,0.913,-0.352,0.852,0.773,0.79,0.927,0.798,0.724,0.905,-0.574,0.717,0.807,-0.573,0.58,0.827,-0.581,-0.525,-0.586,0.857,0.187,0.44,0.591,0.766,0.394,-0.782,-0.116,0.672,0.122,0.332,0.917,-0.436,0.945,0.571,0.87,0.384,0.572,0.548,0.924,0.089,0.536,-0.182,0.853,0.374,-0.158,0.571,0.931,-0.543,0.783,-0.007,-0.596,0.153,0.828,0.577,0.792,-0.527,0.884,0.847,0.821,0.783,-0.151,0.544,0.1,-0.263,0.605,0.904,-0.798,-0.008,0.889,0.392,0.932,0.782,0.8,-0.92,0.192,0.383,-0.024,-0.111,0.436,-0.543,0.809,0.704,0.859,-0.79,0.79,0.805,-0.816,-0.704,-0.412,0.759,0.25,0.725,-0.173,0.477,0.818,0.843,0.782,-0.579,0.482,0.165,-0.896,0.393,0.882,0.764,-0.636,0.79,0.814,0.275,0.884,0.817,0.838,0.902,0.793,0.947,-0.542,0.469,0.843,0.95,0.831,-0.015,0.929,0.771,0.915,0.355,0.612,-0.836,-0.705,0.624,0.77,0.297,0.906,0.489,0.34,0.911,0.862,0.47,-0.371,0.873,0.864,-0.766,0.867,0.806,0.884,0.318,-0.69,0.17,0.531,0.846,-0.83,0.433,0.301,0.569,-0.241,0.931,0.934,0.919,-0.249,0.42,0.603,-0.005,0.811,0.834
BLDP,0.915,0.164,-0.384,-0.734,0.582,-0.412,0.529,-0.722,0.557,0.866,0.111,-0.235,-0.718,0.88,-0.377,-0.366,0.078,0.734,-0.417,0.771,0.855,-0.511,0.206,0.904,0.76,0.435,-0.841,0.88,0.0,-0.413,0.771,0.848,0.738,0.861,0.77,-0.766,0.548,0.828,-0.326,0.898,-0.431,0.962,0.863,0.792,0.804,0.724,0.85,0.893,-0.523,0.704,0.756,-0.267,0.492,0.738,-0.676,-0.365,-0.625,0.812,0.185,0.712,0.473,0.858,0.312,-0.68,0.06,0.789,0.32,0.538,0.923,-0.548,0.926,0.744,0.85,0.436,0.527,0.436,0.889,0.251,0.694,-0.036,0.785,0.372,-0.191,0.431,0.934,-0.512,0.873,0.002,-0.584,0.402,0.841,0.618,0.797,-0.353,0.841,0.917,0.797,0.725,-0.341,0.604,0.107,0.07,0.674,0.881,-0.771,-0.168,0.861,0.467,0.883,0.662,0.693,-0.815,0.058,0.388,-0.07,-0.228,0.416,-0.283,0.803,0.645,0.942,-0.628,0.748,0.891,-0.774,-0.491,-0.226,0.714,0.309,0.758,0.087,0.445,0.861,0.744,0.856,-0.755,0.395,0.365,-0.824,0.397,0.707,0.8,-0.457,0.768,0.922,0.14,0.946,0.911,0.928,0.892,0.766,0.926,-0.448,0.691,0.922,0.946,0.807,-0.032,0.951,0.795,0.924,0.375,0.581,-0.634,-0.642,0.581,0.694,0.421,0.89,0.521,0.217,0.871,0.799,0.446,-0.21,0.886,0.777,-0.759,0.918,0.79,0.87,0.566,-0.53,0.396,0.749,0.851,-0.658,0.487,0.587,0.68,-0.252,0.9,0.945,0.92,-0.379,0.527,0.599,0.238,0.796,0.832
BLFS,-0.53,0.189,0.754,0.732,-0.19,0.21,0.081,0.651,-0.321,-0.275,-0.097,0.193,0.74,-0.576,0.689,0.718,0.348,0.035,0.593,-0.254,-0.516,0.714,-0.139,-0.368,-0.03,0.373,0.679,-0.628,-0.413,0.0,-0.279,-0.436,-0.614,-0.387,-0.363,0.703,-0.021,-0.283,0.407,-0.379,0.611,-0.528,-0.189,-0.276,-0.452,-0.309,-0.448,-0.391,0.791,-0.174,-0.191,0.752,-0.053,-0.251,0.468,0.868,0.683,-0.279,0.402,-0.031,-0.046,-0.385,0.181,0.336,0.455,-0.263,-0.358,0.055,-0.435,0.56,-0.532,-0.208,-0.376,-0.584,0.008,0.036,-0.453,-0.061,-0.374,0.498,-0.318,0.071,0.288,-0.063,-0.459,0.069,-0.516,0.52,0.743,-0.159,-0.559,-0.167,-0.185,0.441,-0.321,-0.429,-0.26,-0.295,0.414,0.156,0.471,0.227,0.059,-0.336,0.743,0.295,-0.302,-0.141,-0.396,-0.274,-0.366,0.684,0.268,0.097,0.476,0.457,0.198,0.574,-0.626,-0.077,-0.389,0.824,-0.607,-0.547,0.808,0.868,0.426,-0.655,0.174,-0.227,0.63,0.091,-0.195,-0.338,-0.384,0.473,-0.004,-0.192,0.629,0.271,-0.505,-0.109,0.218,-0.262,-0.323,0.211,-0.438,-0.504,-0.352,-0.633,-0.326,-0.541,0.667,0.067,-0.442,-0.486,-0.189,0.525,-0.565,-0.293,-0.405,0.286,0.033,0.786,0.67,-0.077,-0.242,-0.001,-0.503,0.031,-0.102,-0.432,-0.369,0.125,-0.096,-0.342,-0.493,0.247,-0.372,-0.231,-0.291,-0.008,0.66,0.271,0.153,-0.594,0.833,-0.44,-0.046,0.052,0.62,-0.553,-0.621,-0.582,0.454,0.148,0.023,0.268,-0.196,-0.213
BLKB,0.755,0.612,-0.061,-0.648,0.858,-0.675,0.867,-0.707,0.666,0.841,0.298,0.248,-0.528,0.857,-0.597,-0.006,0.548,0.809,0.108,0.959,0.487,-0.589,-0.191,0.876,0.802,0.348,-0.723,0.836,0.771,-0.279,0.0,0.841,0.347,0.903,0.834,-0.383,0.9,0.903,0.108,0.917,0.083,0.655,0.823,0.785,0.914,0.888,0.546,0.895,-0.116,0.773,0.922,-0.278,0.836,0.952,-0.291,-0.058,-0.176,0.928,0.588,0.381,0.785,0.653,0.751,-0.823,0.143,0.641,-0.238,0.475,0.845,-0.021,0.839,0.5,0.869,0.019,0.814,0.833,0.882,0.009,0.335,0.105,0.924,0.621,0.132,0.762,0.873,-0.742,0.543,0.395,-0.17,-0.08,0.674,0.662,0.911,-0.502,0.926,0.725,0.922,0.762,0.211,0.759,0.545,-0.325,0.854,0.912,-0.412,0.354,0.957,0.379,0.929,0.871,0.837,-0.692,0.549,0.675,0.4,0.296,0.712,-0.322,0.514,0.931,0.767,-0.417,0.584,0.603,-0.48,-0.318,-0.223,0.533,0.41,0.808,0.174,0.693,0.887,0.885,0.711,-0.276,0.68,0.041,-0.711,0.757,0.864,0.911,-0.772,0.894,0.752,0.625,0.791,0.609,0.759,0.686,0.797,0.848,-0.177,0.534,0.692,0.873,0.899,0.408,0.743,0.812,0.888,0.681,0.859,-0.557,-0.372,0.807,0.897,0.452,0.743,0.711,0.589,0.895,0.918,0.758,-0.622,0.871,0.794,-0.776,0.759,0.917,0.95,0.315,-0.34,0.341,0.633,0.539,-0.475,0.176,0.185,0.701,0.235,0.833,0.748,0.738,0.146,0.538,0.842,0.004,0.916,0.918
