,ABAT,ACLS,ACMR,ADMA,ADUS,ADVM,AEIS,AGNCM,AHCO,ALGT,ALLO,AMSF,ANAB,ANDE,APLS,APPF,ASML,ATRC,AVGO,AVT,AXDX,AXSM,AZN,BANR,BBIO,BCYC,BHFAP,BKR,BLDP,BLFS,BLKB,BLMN,BNTX,BPMC,CALM,CAMT,CASH,CATY,CCEP,CDLX,CDNS,CENN,CENX,CGC,CHDN,CLBK,COKE,COLB,COO,CORT,CRMT,CRNX,CRTO,CRVL,CSCO,CSQ,CSWI,CVBF,CWST,CYCC,CZR,DLTR,DORM,ENTA,EQIX,ERIC,EVRG,EWBC,EXAS,EXLS,EXPI,EYE,FBNC,FBRX,FCNCA,FELE,FIBK,FLEX,FRGT,FRHC,FRME,FWONA,FWONK,GDEN,GIII,GILD,GLNG,GNTX,GOOGL,GRPN,HCSG,HIMX,HOPE,HST,HTLD,HUT,HWC,ICUI,IESC,INTC,INTU,IOVA,IPAR,IPGP,ISRG,JBSS,KALU,KPRX,KRNT,LAUR,LBRDA,LBTYK,LECO,LILAK,LITE,MANH,MDXG,MFIC,MGEE,MIDD,MLAB,MMSI,MNKD,MOMO,MRVL,NICE,NMFC,NUWE,NVCR,NWBI,OFIX,OFLX,OMCL,OPK,ORKA,ORLY,OTTR,PDD,PNTG,POOL,POWL,PPBI,PPC,PRAA,PRPL,PZZA,QTRX,QURE,RDFN,RDHL,REAL,REG,REYN,RGLD,RIOT,RUN,RYTM,SAIA,SBAC,SBRA,SCVL,SHOO,SLAB,SLDB,SMCI,SMTC,SRCE,SSP,SSRM,STBA,STRO,SVC,SYBT,TCBI,TCOM,TENX,TH,TMUS,TNDM,TTD,TTMI,UAL,ULH,ULTA,VCYT,VIRT,VKTX,VOD,VRDN,VREX,VRNT,VSAT,WB,WBD,WDC,WEN,WSFS,XXII,Z,ZBRA
ABAT,0.0,0.339,0.234,-0.281,0.563,0.104,0.517,-0.422,0.077,0.453,0.152,0.571,0.172,0.654,0.145,0.699,0.418,-0.11,0.157,0.576,0.737,-0.327,0.752,0.693,-0.277,-0.493,-0.444,0.605,0.399,0.51,0.328,0.504,-0.526,0.574,0.509,0.394,0.271,0.692,0.059,0.537,0.035,0.358,0.571,0.05,-0.261,0.618,0.35,0.648,-0.26,-0.145,0.57,0.528,0.32,0.526,0.585,0.441,0.35,0.765,0.423,-0.046,0.387,0.335,0.408,0.675,-0.506,0.552,-0.342,0.662,-0.106,0.387,-0.06,0.163,0.405,0.492,0.419,0.727,0.679,0.64,0.416,-0.152,0.768,0.077,0.447,0.238,-0.52,-0.144,0.638,0.743,0.482,0.584,0.513,0.559,0.645,0.53,0.43,0.022,0.705,-0.178,0.621,0.338,-0.391,0.603,0.54,0.506,0.04,-0.117,0.766,0.2,-0.325,0.253,0.565,-0.12,0.506,0.213,0.61,0.215,0.706,-0.093,-0.421,0.617,0.662,-0.029,-0.01,0.173,0.013,0.475,0.487,-0.034,0.613,0.685,0.617,-0.3,0.589,0.747,0.063,0.39,0.417,-0.189,0.446,0.373,0.291,0.684,0.617,0.608,0.751,0.037,0.588,0.167,0.011,-0.548,0.413,-0.376,-0.139,0.379,0.339,0.63,-0.303,-0.742,-0.293,-0.306,0.195,0.377,0.718,0.411,0.01,0.268,0.704,0.398,-0.13,0.506,0.461,0.388,0.527,-0.033,0.079,0.164,-0.565,0.406,0.339,0.312,0.593,-0.558,0.407,-0.447,0.357,-0.156,0.249,-0.219,-0.435,0.477,0.49,0.108,0.108,0.475,-0.048,-0.551,0.695,0.032,0.25,0.375
ACLS,0.339,0.0,0.977,0.403,0.813,0.248,0.952,-0.334,-0.711,0.091,-0.077,-0.074,-0.043,0.7,-0.08,0.152,0.971,-0.784,0.784,0.92,0.305,-0.852,0.639,0.075,-0.878,-0.314,-0.85,0.77,0.898,0.849,-0.518,0.724,-0.551,0.821,0.825,0.979,-0.468,0.291,-0.787,0.817,0.887,0.93,0.804,0.899,-0.464,0.299,-0.179,-0.0,-0.862,-0.221,0.857,0.662,0.93,0.73,0.669,0.796,0.276,0.187,0.424,0.764,0.349,0.951,-0.135,0.659,-0.495,-0.214,-0.927,0.492,-0.192,-0.243,0.239,0.726,0.099,0.69,0.694,0.742,0.076,0.857,0.735,-0.524,0.228,0.614,0.785,-0.571,-0.736,-0.779,0.83,0.419,0.922,0.886,0.27,0.864,0.312,0.063,0.76,0.807,0.095,-0.584,0.806,0.841,0.529,0.753,0.744,0.874,0.206,0.543,0.629,0.736,-0.108,0.178,0.673,-0.808,0.922,0.678,0.479,0.265,0.555,-0.522,-0.377,0.82,0.755,-0.842,-0.754,0.924,-0.074,0.935,0.455,0.809,0.51,0.188,0.157,-0.099,-0.146,0.318,-0.523,0.021,0.901,0.768,0.091,0.498,0.708,0.636,-0.008,0.711,0.609,-0.619,0.73,0.951,-0.409,-0.538,0.891,-0.872,-0.915,0.417,0.927,0.681,-0.631,-0.592,-0.914,-0.824,0.815,0.425,0.455,0.831,0.878,-0.586,0.127,0.926,0.309,-0.08,0.461,-0.255,-0.158,-0.651,-0.803,0.84,-0.249,-0.081,0.593,0.389,0.84,-0.793,-0.114,0.318,0.866,-0.907,0.59,-0.835,-0.25,0.81,0.924,0.609,0.891,0.507,0.639,-0.508,0.292,0.862,0.087,0.881
ACMR,0.234,0.977,0.0,0.413,0.776,0.253,0.914,-0.305,-0.793,-0.004,-0.1,-0.186,-0.089,0.632,-0.099,0.024,0.95,-0.842,0.788,0.878,0.238,-0.831,0.582,-0.031,-0.844,-0.302,-0.849,0.716,0.865,0.806,-0.638,0.719,-0.538,0.799,0.782,0.967,-0.553,0.204,-0.856,0.751,0.903,0.946,0.762,0.949,-0.54,0.213,-0.225,-0.118,-0.894,-0.271,0.803,0.61,0.944,0.667,0.62,0.746,0.165,0.066,0.329,0.839,0.282,0.947,-0.244,0.565,-0.467,-0.335,-0.915,0.416,-0.268,-0.363,0.214,0.725,0.027,0.682,0.693,0.655,-0.05,0.791,0.752,-0.581,0.109,0.674,0.803,-0.66,-0.735,-0.833,0.766,0.346,0.907,0.85,0.21,0.813,0.233,-0.063,0.762,0.832,0.001,-0.646,0.742,0.819,0.611,0.71,0.709,0.84,0.166,0.616,0.521,0.753,-0.081,0.108,0.585,-0.815,0.874,0.653,0.402,0.177,0.494,-0.564,-0.331,0.781,0.668,-0.922,-0.829,0.933,-0.129,0.919,0.452,0.861,0.367,0.101,0.04,-0.112,-0.284,0.23,-0.564,-0.04,0.899,0.858,0.001,0.407,0.702,0.565,-0.084,0.651,0.509,-0.649,0.673,0.961,-0.447,-0.513,0.844,-0.88,-0.951,0.344,0.914,0.623,-0.651,-0.5,-0.934,-0.847,0.82,0.357,0.33,0.835,0.943,-0.696,0.023,0.911,0.315,-0.186,0.421,-0.339,-0.27,-0.732,-0.886,0.897,-0.215,-0.162,0.491,0.331,0.788,-0.782,-0.186,0.372,0.822,-0.927,0.577,-0.837,-0.232,0.79,0.905,0.651,0.933,0.435,0.65,-0.464,0.202,0.916,0.006,0.839
ADMA,-0.281,0.403,0.413,0.0,0.157,0.511,0.298,0.36,-0.464,0.104,0.138,-0.232,0.098,-0.026,0.072,-0.221,0.296,-0.24,0.379,0.201,-0.393,-0.199,-0.148,-0.298,-0.429,0.419,-0.108,0.127,0.456,0.203,-0.318,0.121,0.256,0.039,0.216,0.317,-0.335,-0.163,-0.387,0.276,0.534,0.346,0.268,0.468,0.247,-0.154,-0.176,-0.228,-0.342,0.205,0.194,0.307,0.358,0.078,0.182,0.333,0.294,-0.237,0.39,0.492,0.123,0.394,-0.053,0.156,0.155,-0.214,-0.292,-0.014,0.012,0.011,0.613,0.215,0.024,0.218,0.019,0.073,-0.201,0.176,0.179,0.078,-0.222,0.378,0.168,-0.41,0.015,-0.269,0.131,-0.14,0.258,0.142,-0.044,0.256,-0.178,-0.068,0.097,0.671,-0.354,-0.036,0.204,0.287,0.481,0.151,-0.029,0.285,0.253,0.226,0.026,0.427,0.367,0.087,0.028,-0.322,0.318,0.194,0.035,0.259,0.034,-0.147,0.178,0.109,0.249,-0.388,-0.377,0.466,0.06,0.363,-0.039,0.43,0.021,-0.271,-0.223,0.376,-0.239,-0.251,-0.161,-0.343,0.332,0.455,0.047,0.491,0.511,-0.014,-0.396,-0.034,0.014,-0.31,0.321,0.432,0.097,0.145,0.428,-0.151,-0.424,0.268,0.494,0.079,0.113,0.141,-0.228,-0.204,0.496,0.187,0.1,0.313,0.519,-0.511,-0.232,0.364,0.595,-0.204,0.337,-0.309,-0.272,-0.064,-0.539,0.293,0.158,-0.2,0.313,0.152,0.265,0.03,-0.261,0.684,0.37,-0.348,0.388,-0.399,0.264,0.004,0.229,0.209,0.329,0.28,0.504,0.166,-0.14,0.565,0.264,0.476
ADUS,0.563,0.813,0.776,0.157,0.0,0.367,0.917,-0.272,-0.495,0.437,0.132,0.325,0.335,0.794,-0.081,0.562,0.869,-0.459,0.762,0.904,0.503,-0.707,0.744,0.471,-0.739,-0.424,-0.69,0.803,0.852,0.819,-0.083,0.805,-0.509,0.863,0.835,0.832,-0.11,0.626,-0.444,0.848,0.648,0.822,0.912,0.62,-0.402,0.613,0.133,0.395,-0.708,-0.048,0.803,0.754,0.812,0.79,0.877,0.872,0.454,0.586,0.635,0.477,0.564,0.796,0.305,0.857,-0.447,0.26,-0.655,0.733,-0.038,0.138,0.307,0.655,0.497,0.66,0.651,0.894,0.455,0.931,0.602,-0.286,0.549,0.456,0.724,-0.165,-0.775,-0.494,0.904,0.669,0.913,0.875,0.627,0.87,0.657,0.455,0.861,0.635,0.458,-0.319,0.92,0.711,0.204,0.874,0.757,0.925,0.332,0.214,0.857,0.536,-0.084,0.497,0.699,-0.546,0.883,0.535,0.791,0.411,0.822,-0.26,-0.261,0.848,0.862,-0.578,-0.516,0.642,0.075,0.863,0.738,0.46,0.542,0.549,0.545,-0.022,0.148,0.626,-0.294,0.164,0.849,0.429,0.509,0.635,0.756,0.832,0.165,0.762,0.827,-0.304,0.834,0.693,-0.051,-0.567,0.833,-0.673,-0.704,0.66,0.83,0.92,-0.61,-0.558,-0.698,-0.577,0.592,0.707,0.714,0.783,0.643,-0.3,0.522,0.836,0.337,0.348,0.663,-0.008,0.313,-0.332,-0.555,0.705,-0.504,0.325,0.593,0.668,0.934,-0.741,0.325,0.057,0.812,-0.627,0.698,-0.545,-0.248,0.815,0.84,0.321,0.638,0.733,0.511,-0.504,0.655,0.606,0.327,0.84
ADVM,0.104,0.248,0.253,0.511,0.367,0.0,0.331,0.358,-0.323,0.434,0.679,0.11,0.428,0.01,0.15,0.253,0.217,0.08,0.387,0.208,-0.186,-0.149,-0.017,0.083,-0.38,0.357,0.008,0.152,0.492,0.191,0.105,0.217,0.284,0.059,0.28,0.185,-0.15,0.136,-0.178,0.285,0.333,0.328,0.507,0.192,0.118,0.017,-0.016,0.128,-0.284,0.387,0.172,0.312,0.284,0.02,0.497,0.506,0.439,0.173,0.489,0.288,0.192,0.314,0.387,0.467,0.214,0.283,-0.069,0.104,0.144,0.345,0.735,0.061,0.385,0.344,-0.212,0.227,0.114,0.238,0.113,0.348,0.06,0.162,0.094,-0.084,-0.021,0.015,0.196,0.105,0.307,0.13,0.401,0.282,0.099,0.288,0.165,0.642,-0.096,0.189,0.36,0.11,0.128,0.268,-0.145,0.351,0.333,-0.182,0.324,0.397,0.585,0.287,0.048,-0.034,0.331,0.032,0.358,0.518,0.301,0.049,0.299,0.128,0.422,-0.203,-0.265,0.277,0.174,0.412,0.274,0.111,0.026,0.046,0.279,0.43,0.082,0.038,0.129,-0.332,0.342,0.098,0.547,0.606,0.744,0.163,-0.343,-0.041,0.328,0.064,0.534,0.185,0.579,0.158,0.424,-0.001,-0.294,0.606,0.518,0.387,0.194,0.133,-0.009,-0.012,0.373,0.42,0.456,0.302,0.356,-0.359,0.153,0.377,0.74,0.18,0.747,-0.214,0.176,0.211,-0.321,0.234,-0.319,0.304,0.326,0.437,0.478,0.034,0.119,0.474,0.377,-0.08,0.608,-0.175,0.339,0.086,0.191,-0.049,0.145,0.5,0.257,-0.046,0.165,0.346,0.701,0.528
AEIS,0.517,0.952,0.914,0.298,0.917,0.331,0.0,-0.345,-0.632,0.289,-0.001,0.151,0.095,0.812,-0.018,0.382,0.958,-0.666,0.751,0.972,0.467,-0.842,0.77,0.311,-0.865,-0.407,-0.857,0.872,0.936,0.876,-0.315,0.81,-0.608,0.876,0.892,0.958,-0.296,0.51,-0.649,0.88,0.774,0.934,0.919,0.805,-0.499,0.484,-0.0,0.235,-0.858,-0.189,0.921,0.754,0.928,0.778,0.81,0.849,0.385,0.43,0.558,0.68,0.469,0.944,0.079,0.819,-0.56,0.031,-0.866,0.659,-0.177,-0.034,0.289,0.665,0.293,0.76,0.716,0.883,0.308,0.949,0.734,-0.435,0.447,0.517,0.792,-0.407,-0.802,-0.696,0.917,0.606,0.962,0.94,0.46,0.913,0.522,0.273,0.828,0.754,0.312,-0.508,0.922,0.784,0.327,0.868,0.79,0.939,0.214,0.373,0.809,0.663,-0.154,0.304,0.753,-0.725,0.979,0.639,0.638,0.317,0.73,-0.437,-0.409,0.907,0.893,-0.755,-0.699,0.831,-0.094,0.967,0.62,0.667,0.559,0.404,0.359,-0.114,0.071,0.502,-0.448,0.093,0.951,0.603,0.307,0.615,0.793,0.792,0.14,0.789,0.8,-0.513,0.846,0.863,-0.249,-0.625,0.913,-0.854,-0.857,0.532,0.937,0.835,-0.619,-0.665,-0.854,-0.783,0.769,0.561,0.642,0.864,0.792,-0.493,0.372,0.941,0.306,0.147,0.606,-0.109,0.082,-0.508,-0.715,0.79,-0.426,0.117,0.644,0.487,0.946,-0.842,0.084,0.202,0.877,-0.818,0.644,-0.772,-0.318,0.829,0.953,0.533,0.792,0.662,0.515,-0.581,0.515,0.78,0.214,0.9
AGNCM,-0.422,-0.334,-0.305,0.36,-0.272,0.358,-0.345,0.0,-0.019,0.102,0.283,-0.057,0.263,-0.496,0.24,-0.097,-0.369,0.314,-0.176,-0.395,-0.492,0.3,-0.458,-0.303,0.206,0.505,0.49,-0.421,-0.199,-0.49,0.167,-0.222,0.534,-0.446,-0.313,-0.367,0.023,-0.299,0.239,-0.295,-0.144,-0.256,-0.28,-0.249,0.38,-0.346,0.199,-0.228,0.224,0.273,-0.391,-0.132,-0.285,-0.493,-0.143,-0.222,0.059,-0.312,-0.036,-0.12,-0.273,-0.265,0.119,-0.244,0.363,0.078,0.385,-0.308,0.122,0.161,0.37,-0.468,-0.054,-0.181,-0.473,-0.368,-0.234,-0.411,-0.294,0.535,-0.369,-0.239,-0.42,-0.004,0.413,0.311,-0.461,-0.3,-0.356,-0.456,-0.208,-0.243,-0.346,0.025,-0.392,0.016,-0.331,0.352,-0.323,-0.359,0.073,-0.235,-0.55,-0.252,0.147,-0.283,-0.338,-0.132,0.394,-0.029,-0.571,0.283,-0.295,-0.451,-0.176,0.128,-0.277,0.125,0.244,-0.418,-0.236,0.249,0.15,-0.242,0.069,-0.287,-0.304,-0.249,-0.443,-0.342,-0.206,0.28,-0.07,-0.222,0.31,-0.222,-0.282,-0.096,0.094,0.025,0.023,-0.431,-0.299,-0.553,-0.293,0.049,-0.213,-0.244,0.413,0.611,-0.25,0.443,0.236,-0.005,-0.153,-0.338,0.332,0.497,0.37,0.341,-0.155,-0.068,-0.083,-0.162,-0.119,-0.09,-0.262,-0.334,0.251,-0.097,0.037,-0.266,-0.095,0.376,0.111,-0.17,0.112,-0.07,-0.187,0.007,-0.247,0.478,-0.222,0.356,-0.321,0.326,-0.001,0.208,0.328,-0.599,-0.373,-0.292,-0.295,-0.111,-0.028,0.366,-0.289,-0.106,0.121,-0.196
AHCO,0.077,-0.711,-0.793,-0.464,-0.495,-0.323,-0.632,-0.019,0.0,0.108,-0.053,0.312,0.056,-0.252,-0.052,0.179,-0.698,0.703,-0.644,-0.563,0.064,0.684,-0.298,0.359,0.632,0.053,0.578,-0.352,-0.659,-0.465,0.673,-0.56,0.279,-0.502,-0.592,-0.701,0.654,0.101,0.793,-0.526,-0.809,-0.779,-0.529,-0.804,0.479,0.12,0.203,0.408,0.746,0.218,-0.517,-0.422,-0.769,-0.291,-0.482,-0.522,-0.114,0.245,-0.176,-0.781,0.031,-0.763,0.307,-0.332,0.225,0.441,0.693,-0.103,0.287,0.406,-0.274,-0.416,0.177,-0.545,-0.404,-0.347,0.367,-0.442,-0.592,0.358,0.248,-0.577,-0.593,0.741,0.514,0.67,-0.401,-0.098,-0.638,-0.554,0.015,-0.625,0.088,0.16,-0.527,-0.76,0.281,0.538,-0.504,-0.617,-0.714,-0.509,-0.369,-0.629,-0.256,-0.543,-0.209,-0.662,-0.154,0.044,-0.15,0.699,-0.633,-0.248,-0.203,-0.136,-0.274,0.594,0.227,-0.484,-0.395,0.865,0.787,-0.732,0.102,-0.663,-0.247,-0.782,0.088,0.197,0.188,0.026,0.497,-0.075,0.347,0.147,-0.686,-0.843,0.075,-0.264,-0.639,-0.183,0.287,-0.198,-0.197,0.603,-0.445,-0.816,0.292,0.135,-0.611,0.637,0.809,-0.187,-0.753,-0.275,0.535,0.16,0.725,0.663,-0.635,-0.178,-0.14,-0.702,-0.879,0.807,0.239,-0.618,-0.376,0.382,-0.341,0.55,0.463,0.626,0.866,-0.795,0.231,0.299,-0.101,-0.221,-0.564,0.512,0.415,-0.469,-0.535,0.76,-0.54,0.775,0.034,-0.44,-0.669,-0.484,-0.71,-0.248,-0.597,0.257,0.084,-0.823,0.072,-0.637
ALGT,0.453,0.091,-0.004,0.104,0.437,0.434,0.289,0.102,0.108,0.0,0.401,0.652,0.638,0.319,0.251,0.762,0.113,0.356,0.177,0.255,0.182,-0.072,0.265,0.638,-0.174,-0.094,0.051,0.343,0.361,0.163,0.622,0.328,0.02,0.158,0.275,0.084,0.463,0.625,0.342,0.46,-0.049,0.118,0.517,-0.175,0.204,0.566,0.502,0.67,-0.026,0.383,0.239,0.377,0.112,0.257,0.576,0.412,0.515,0.702,0.664,-0.15,0.61,0.096,0.807,0.575,-0.035,0.749,0.068,0.541,0.335,0.728,0.49,-0.03,0.741,0.284,0.011,0.491,0.676,0.413,-0.001,0.511,0.609,-0.132,0.045,0.529,-0.067,0.262,0.359,0.541,0.23,0.214,0.59,0.357,0.623,0.768,0.224,0.164,0.542,0.396,0.489,0.014,-0.401,0.439,0.132,0.402,0.31,-0.453,0.652,-0.042,0.145,0.589,0.272,0.156,0.303,-0.003,0.731,0.468,0.582,0.265,0.079,0.27,0.547,0.237,0.138,-0.063,0.24,0.191,0.468,-0.336,0.366,0.588,0.74,0.225,0.651,0.442,0.307,0.067,0.236,-0.333,0.827,0.722,0.49,0.483,0.239,0.226,0.594,0.19,0.529,-0.06,0.583,-0.062,0.329,0.088,0.066,0.658,0.256,0.592,0.057,-0.112,0.149,0.181,0.109,0.616,0.789,0.215,-0.054,0.232,0.689,0.18,0.384,0.745,0.65,0.299,0.745,0.544,0.087,-0.072,-0.389,0.517,0.416,0.617,0.49,-0.024,0.603,-0.103,0.229,0.134,0.405,0.067,-0.002,0.135,0.131,-0.178,-0.198,0.654,0.002,-0.046,0.69,-0.074,0.604,0.339
ALLO,0.152,-0.077,-0.1,0.138,0.132,0.679,-0.001,0.283,-0.053,0.401,0.0,0.154,0.555,-0.27,0.003,0.293,-0.026,0.402,0.278,-0.105,-0.26,0.079,-0.212,0.016,-0.121,0.474,0.375,-0.248,0.123,-0.07,0.36,-0.049,0.504,-0.173,0.066,-0.14,-0.075,-0.065,0.143,0.125,0.105,-0.054,0.247,-0.265,0.376,-0.159,-0.068,0.072,0.169,0.602,-0.212,0.134,-0.115,-0.121,0.324,0.35,0.49,0.138,0.388,-0.23,-0.008,-0.082,0.536,0.326,0.515,0.426,0.22,-0.137,0.482,0.42,0.541,-0.035,0.272,-0.017,-0.518,0.0,0.039,-0.013,-0.211,0.559,-0.034,0.033,-0.108,0.229,0.168,0.467,-0.044,-0.054,-0.009,-0.148,0.298,0.091,-0.089,0.395,-0.086,0.245,-0.112,0.492,0.126,-0.053,0.074,0.018,-0.383,0.118,0.591,-0.416,0.159,0.231,0.776,0.342,-0.214,0.203,-0.017,-0.3,0.38,0.684,0.152,0.19,0.441,-0.206,0.107,0.189,0.203,-0.102,0.545,0.017,0.009,-0.162,0.043,-0.042,0.454,0.478,0.015,0.082,0.523,-0.083,-0.125,-0.234,0.549,0.363,0.333,-0.137,-0.355,-0.319,0.095,0.42,0.3,-0.093,0.7,0.433,0.15,0.369,0.081,0.593,0.159,0.164,0.197,0.248,0.293,0.393,-0.093,0.27,0.386,-0.059,-0.066,0.118,0.079,0.001,0.631,0.199,0.624,-0.135,0.247,0.382,0.114,-0.111,-0.413,0.432,0.01,0.451,0.223,0.306,0.204,0.107,0.126,0.211,0.59,0.114,0.596,-0.068,-0.146,-0.476,-0.271,0.302,0.205,0.06,0.015,-0.105,0.733,0.273
AMSF,0.571,-0.074,-0.186,-0.232,0.325,0.11,0.151,-0.057,0.312,0.652,0.154,0.0,0.592,0.497,0.309,0.85,0.037,0.339,-0.107,0.243,0.61,0.093,0.475,0.84,0.103,-0.43,-0.016,0.36,0.119,0.225,0.737,0.379,-0.151,0.278,0.354,-0.033,0.793,0.798,0.539,0.394,-0.326,0.003,0.312,-0.332,-0.008,0.802,0.676,0.866,0.175,0.095,0.299,0.38,-0.028,0.38,0.504,0.189,0.399,0.856,0.541,-0.458,0.444,-0.02,0.702,0.537,-0.272,0.842,0.155,0.706,0.116,0.687,0.014,-0.149,0.762,0.252,0.231,0.554,0.877,0.338,0.048,0.245,0.839,-0.109,0.164,0.655,-0.199,0.291,0.35,0.714,0.154,0.266,0.584,0.304,0.784,0.848,0.296,-0.273,0.868,0.218,0.386,0.076,-0.572,0.482,0.32,0.277,0.141,-0.304,0.619,-0.151,-0.278,0.505,0.326,0.201,0.226,-0.05,0.57,0.172,0.647,0.317,-0.123,0.359,0.431,0.388,0.39,-0.237,0.125,0.083,0.503,-0.41,0.354,0.858,0.588,-0.178,0.754,0.677,0.335,0.532,0.097,-0.503,0.574,0.405,0.078,0.585,0.662,0.396,0.572,0.211,0.431,-0.206,0.373,-0.268,0.09,0.079,0.286,0.389,-0.019,0.402,-0.068,-0.378,0.129,0.128,-0.218,0.558,0.676,0.177,-0.35,0.54,0.883,0.072,-0.093,0.829,0.356,0.656,0.866,0.483,0.363,-0.184,-0.524,0.514,0.165,0.444,0.318,-0.168,0.749,-0.537,0.029,0.294,0.184,0.151,-0.338,0.14,0.133,-0.239,-0.307,0.532,-0.1,-0.21,0.83,-0.329,0.355,0.044
ANAB,0.172,-0.043,-0.089,0.098,0.335,0.428,0.095,0.263,0.056,0.638,0.555,0.592,0.0,0.124,0.085,0.606,0.054,0.424,0.263,0.098,0.032,0.183,0.011,0.395,-0.029,-0.023,0.268,0.043,0.118,0.152,0.578,0.242,0.337,0.061,0.19,-0.054,0.341,0.312,0.445,0.396,0.008,0.029,0.34,-0.279,0.255,0.4,0.382,0.392,0.161,0.504,-0.022,0.389,-0.012,0.225,0.523,0.397,0.426,0.466,0.608,-0.354,0.426,-0.043,0.772,0.398,0.163,0.664,0.263,0.244,0.496,0.577,0.434,0.036,0.581,0.156,-0.139,0.264,0.41,0.204,-0.179,0.549,0.322,0.123,0.048,0.553,0.058,0.415,0.207,0.313,0.167,0.039,0.443,0.261,0.359,0.689,0.204,0.068,0.32,0.486,0.255,0.06,-0.076,0.33,-0.016,0.337,0.494,-0.291,0.395,0.084,0.358,0.753,0.055,0.294,0.104,-0.036,0.664,0.453,0.416,0.494,0.348,0.049,0.26,0.26,0.295,-0.188,0.416,0.06,0.418,-0.232,0.18,0.361,0.534,0.344,0.286,0.298,0.353,0.221,-0.002,-0.269,0.684,0.504,0.291,0.21,-0.002,0.031,0.302,0.33,0.446,-0.073,0.659,0.113,0.177,0.266,0.192,0.733,0.077,0.378,0.027,0.115,0.201,0.377,-0.128,0.595,0.55,0.128,-0.129,0.293,0.417,0.07,0.496,0.523,0.483,0.267,0.549,0.48,0.166,-0.056,-0.44,0.522,0.189,0.786,0.287,0.139,0.581,-0.069,0.129,0.28,0.574,0.269,0.223,0.07,-0.049,-0.386,-0.24,0.629,0.244,0.187,0.413,-0.137,0.603,0.173
ANDE,0.654,0.7,0.632,-0.026,0.794,0.01,0.812,-0.496,-0.252,0.319,-0.27,0.497,0.124,0.0,0.057,0.578,0.744,-0.484,0.409,0.886,0.758,-0.587,0.889,0.653,-0.524,-0.734,-0.805,0.929,0.667,0.854,-0.019,0.777,-0.735,0.894,0.77,0.748,0.183,0.784,-0.271,0.78,0.363,0.71,0.749,0.533,-0.562,0.819,0.3,0.582,-0.6,-0.329,0.891,0.673,0.702,0.862,0.698,0.603,0.247,0.704,0.525,0.356,0.597,0.699,0.192,0.727,-0.746,0.267,-0.633,0.856,-0.264,0.104,-0.03,0.514,0.463,0.68,0.86,0.917,0.644,0.877,0.63,-0.499,0.766,0.355,0.732,-0.032,-0.765,-0.556,0.916,0.82,0.817,0.9,0.581,0.773,0.809,0.409,0.813,0.314,0.706,-0.484,0.804,0.661,-0.069,0.859,0.932,0.778,-0.065,0.338,0.835,0.336,-0.561,0.36,0.84,-0.473,0.809,0.658,0.589,0.011,0.774,-0.208,-0.457,0.927,0.806,-0.455,-0.402,0.519,-0.205,0.758,0.731,0.381,0.625,0.739,0.39,-0.341,0.402,0.668,-0.433,0.37,0.795,0.268,0.283,0.47,0.455,0.937,0.573,0.957,0.833,-0.359,0.728,0.566,-0.293,-0.822,0.663,-0.751,-0.514,0.368,0.606,0.766,-0.528,-0.802,-0.697,-0.669,0.51,0.596,0.621,0.723,0.421,-0.109,0.671,0.764,-0.078,0.417,0.356,0.356,0.382,-0.356,-0.369,0.536,-0.384,0.197,0.565,0.406,0.757,-0.834,0.387,-0.2,0.652,-0.519,0.34,-0.491,-0.629,0.794,0.821,0.48,0.568,0.655,0.248,-0.523,0.772,0.437,0.071,0.572
APLS,0.145,-0.08,-0.099,0.072,-0.081,0.15,-0.018,0.24,-0.052,0.251,0.003,0.309,0.085,0.057,0.0,0.28,-0.117,-0.072,-0.454,0.043,0.084,0.087,0.25,0.141,0.253,-0.253,-0.081,0.123,0.018,-0.18,0.112,0.323,-0.227,0.034,0.035,-0.049,0.239,0.198,0.191,0.048,-0.259,0.1,0.025,-0.075,-0.13,0.096,0.661,0.124,-0.108,-0.3,0.16,0.081,0.082,-0.22,0.057,-0.236,-0.221,0.103,-0.067,0.037,0.003,0.048,0.054,0.009,-0.4,0.155,-0.007,0.182,-0.403,0.231,-0.087,-0.625,0.068,0.417,0.03,0.097,0.119,0.02,0.238,0.268,0.127,-0.114,0.033,0.059,0.173,-0.139,-0.1,0.426,-0.042,-0.032,-0.115,0.177,0.117,0.074,-0.157,-0.064,0.193,-0.211,-0.006,-0.117,-0.293,0.273,-0.052,0.057,-0.298,-0.015,0.104,0.015,-0.252,-0.272,-0.204,0.133,0.072,-0.289,0.104,-0.2,0.243,-0.287,-0.388,0.139,0.098,0.121,-0.107,0.02,-0.392,-0.0,0.044,-0.253,-0.188,0.17,-0.027,-0.36,0.45,0.179,0.191,0.119,0.079,-0.088,0.174,0.152,0.097,0.078,0.435,-0.037,0.138,-0.267,0.124,-0.043,0.058,0.035,-0.191,-0.081,0.153,-0.149,0.03,-0.031,0.074,-0.119,0.05,-0.175,0.148,-0.138,0.299,0.308,-0.045,-0.114,0.147,-0.065,-0.244,0.106,0.167,-0.049,0.08,0.202,-0.045,0.002,-0.257,-0.351,-0.196,-0.074,0.056,-0.13,-0.177,0.016,-0.33,0.035,-0.12,-0.131,-0.49,-0.241,0.049,0.363,-0.153,0.024,-0.295,-0.105,0.182,-0.076,-0.129,-0.137
APPF,0.699,0.152,0.024,-0.221,0.562,0.253,0.382,-0.097,0.179,0.762,0.293,0.85,0.606,0.578,0.28,0.0,0.244,0.236,0.119,0.425,0.553,-0.146,0.567,0.81,-0.147,-0.409,-0.15,0.488,0.33,0.371,0.656,0.467,-0.261,0.419,0.446,0.178,0.542,0.781,0.365,0.532,-0.096,0.193,0.552,-0.168,-0.026,0.746,0.595,0.805,-0.057,0.15,0.427,0.475,0.171,0.445,0.668,0.438,0.482,0.884,0.615,-0.258,0.53,0.179,0.77,0.717,-0.319,0.827,-0.023,0.698,0.22,0.688,0.174,0.013,0.698,0.386,0.231,0.687,0.828,0.56,0.128,0.27,0.807,-0.12,0.208,0.548,-0.294,0.166,0.542,0.771,0.364,0.404,0.666,0.493,0.772,0.842,0.385,-0.017,0.781,0.193,0.578,0.174,-0.477,0.613,0.388,0.481,0.217,-0.343,0.803,-0.022,-0.166,0.563,0.462,0.098,0.42,0.089,0.763,0.385,0.725,0.179,-0.209,0.465,0.622,0.235,0.185,-0.055,0.153,0.292,0.581,-0.279,0.497,0.78,0.811,-0.065,0.755,0.711,0.221,0.405,0.295,-0.388,0.781,0.562,0.338,0.661,0.539,0.464,0.775,0.198,0.588,-0.001,0.377,-0.319,0.308,-0.093,0.068,0.583,0.232,0.648,-0.114,-0.454,-0.026,0.006,0.023,0.648,0.853,0.327,-0.135,0.389,0.843,0.259,0.065,0.765,0.536,0.479,0.806,0.366,0.206,-0.02,-0.567,0.585,0.387,0.622,0.546,-0.299,0.654,-0.386,0.26,0.096,0.36,0.018,-0.289,0.305,0.294,-0.113,-0.125,0.657,-0.06,-0.317,0.817,-0.159,0.468,0.297
ASML,0.418,0.971,0.95,0.296,0.869,0.217,0.958,-0.369,-0.698,0.113,-0.026,0.037,0.054,0.744,-0.117,0.244,0.0,-0.752,0.812,0.945,0.415,-0.854,0.712,0.155,-0.856,-0.384,-0.846,0.768,0.873,0.871,-0.452,0.767,-0.583,0.874,0.896,0.968,-0.404,0.356,-0.724,0.868,0.862,0.93,0.838,0.842,-0.514,0.372,-0.126,0.07,-0.824,-0.223,0.869,0.726,0.922,0.778,0.755,0.842,0.331,0.278,0.458,0.675,0.328,0.942,-0.061,0.733,-0.507,-0.122,-0.908,0.554,-0.147,-0.193,0.175,0.738,0.16,0.706,0.734,0.803,0.15,0.897,0.734,-0.53,0.307,0.643,0.847,-0.499,-0.82,-0.717,0.87,0.496,0.952,0.928,0.314,0.905,0.383,0.171,0.827,0.73,0.202,-0.569,0.857,0.877,0.506,0.816,0.792,0.91,0.291,0.509,0.696,0.743,-0.122,0.245,0.691,-0.802,0.939,0.638,0.569,0.305,0.64,-0.482,-0.399,0.852,0.775,-0.808,-0.684,0.861,-0.016,0.938,0.533,0.784,0.509,0.282,0.251,-0.15,-0.137,0.44,-0.457,0.129,0.884,0.713,0.141,0.464,0.683,0.68,0.064,0.737,0.655,-0.552,0.771,0.926,-0.377,-0.585,0.88,-0.861,-0.889,0.458,0.899,0.728,-0.72,-0.654,-0.919,-0.795,0.704,0.478,0.501,0.84,0.822,-0.491,0.221,0.909,0.279,-0.006,0.506,-0.177,-0.076,-0.641,-0.743,0.833,-0.387,0.031,0.544,0.453,0.869,-0.835,-0.011,0.189,0.856,-0.876,0.665,-0.804,-0.265,0.848,0.943,0.534,0.839,0.549,0.652,-0.565,0.37,0.799,0.102,0.871
ATRC,-0.11,-0.784,-0.842,-0.24,-0.459,0.08,-0.666,0.314,0.703,0.356,0.402,0.339,0.424,-0.484,-0.072,0.236,-0.752,0.0,-0.42,-0.695,-0.258,0.666,-0.554,0.201,0.547,0.434,0.854,-0.566,-0.564,-0.577,0.835,-0.619,0.693,-0.693,-0.574,-0.818,0.568,-0.028,0.823,-0.473,-0.671,-0.805,-0.428,-0.883,0.686,-0.032,0.158,0.322,0.819,0.651,-0.675,-0.406,-0.807,-0.414,-0.284,-0.348,0.257,0.185,0.118,-0.805,0.049,-0.797,0.644,-0.213,0.639,0.592,0.876,-0.258,0.593,0.651,0.209,-0.451,0.297,-0.622,-0.729,-0.413,0.261,-0.538,-0.777,0.764,0.066,-0.619,-0.75,0.778,0.648,0.945,-0.5,-0.266,-0.685,-0.689,0.159,-0.618,-0.03,0.413,-0.561,-0.537,0.075,0.911,-0.415,-0.662,-0.568,-0.533,-0.634,-0.571,0.176,-0.786,-0.212,-0.668,0.368,0.325,-0.368,0.747,-0.646,-0.484,-0.057,0.235,-0.27,0.74,0.552,-0.665,-0.363,0.872,0.812,-0.831,0.436,-0.715,-0.212,-0.809,-0.101,0.044,0.32,0.474,0.364,-0.09,0.584,-0.061,-0.71,-0.869,0.401,0.024,-0.336,-0.364,-0.09,-0.526,-0.241,0.765,-0.363,-0.849,0.761,0.52,-0.479,0.891,0.803,0.111,-0.653,-0.283,0.676,0.519,0.918,0.931,-0.688,0.066,0.006,-0.754,-0.806,0.695,0.189,-0.681,0.123,0.428,-0.072,0.37,0.528,0.9,0.805,-0.816,0.1,0.494,-0.15,0.087,-0.473,0.8,0.457,-0.304,-0.461,0.886,-0.191,0.795,0.493,-0.58,-0.778,-0.825,-0.864,-0.037,-0.413,0.49,0.013,-0.784,0.438,-0.485
AVGO,0.157,0.784,0.788,0.379,0.762,0.387,0.751,-0.176,-0.644,0.177,0.278,-0.107,0.263,0.409,-0.454,0.119,0.812,-0.42,0.0,0.662,0.059,-0.678,0.285,-0.021,-0.827,0.027,-0.451,0.426,0.749,0.689,-0.328,0.459,-0.117,0.566,0.669,0.737,-0.483,0.113,-0.627,0.695,0.887,0.694,0.716,0.66,-0.181,0.154,-0.376,-0.063,-0.586,0.212,0.504,0.558,0.689,0.618,0.679,0.884,0.505,0.125,0.527,0.516,0.318,0.701,0.114,0.621,0.012,-0.069,-0.61,0.276,0.253,-0.116,0.464,0.82,0.193,0.38,0.358,0.537,-0.008,0.663,0.383,-0.253,0.06,0.579,0.576,-0.384,-0.594,-0.362,0.662,0.123,0.759,0.645,0.37,0.664,0.177,0.209,0.674,0.775,-0.06,-0.145,0.703,0.711,0.624,0.518,0.463,0.743,0.595,0.289,0.497,0.64,0.361,0.475,0.482,-0.62,0.69,0.502,0.547,0.572,0.414,-0.173,0.06,0.497,0.577,-0.664,-0.491,0.656,0.361,0.721,0.438,0.681,0.397,0.052,0.321,0.296,-0.372,0.23,-0.296,-0.095,0.64,0.612,0.25,0.476,0.695,0.405,-0.38,0.415,0.422,-0.255,0.615,0.741,-0.045,-0.241,0.832,-0.483,-0.769,0.633,0.774,0.627,-0.529,-0.224,-0.626,-0.385,0.507,0.553,0.374,0.531,0.736,-0.413,0.056,0.725,0.647,-0.012,0.517,-0.278,-0.059,-0.43,-0.631,0.669,-0.249,0.263,0.523,0.616,0.728,-0.427,0.091,0.288,0.846,-0.645,0.782,-0.536,0.267,0.7,0.642,0.129,0.672,0.542,0.779,-0.258,0.168,0.696,0.368,0.85
AVT,0.576,0.92,0.878,0.201,0.904,0.208,0.972,-0.395,-0.563,0.255,-0.105,0.243,0.098,0.886,0.043,0.425,0.945,-0.695,0.662,0.0,0.587,-0.781,0.856,0.383,-0.762,-0.566,-0.893,0.916,0.868,0.895,-0.291,0.867,-0.709,0.934,0.897,0.946,-0.186,0.577,-0.572,0.885,0.691,0.923,0.876,0.766,-0.567,0.577,0.117,0.294,-0.815,-0.309,0.94,0.755,0.913,0.826,0.797,0.782,0.292,0.479,0.505,0.608,0.468,0.908,0.047,0.784,-0.679,0.057,-0.855,0.731,-0.257,-0.055,0.113,0.61,0.303,0.794,0.819,0.911,0.366,0.961,0.774,-0.51,0.524,0.556,0.86,-0.336,-0.829,-0.722,0.937,0.709,0.96,0.968,0.422,0.931,0.59,0.288,0.853,0.629,0.429,-0.591,0.898,0.818,0.263,0.912,0.875,0.927,0.138,0.444,0.822,0.635,-0.315,0.268,0.758,-0.691,0.957,0.648,0.64,0.212,0.782,-0.436,-0.495,0.957,0.861,-0.709,-0.637,0.798,-0.139,0.944,0.653,0.627,0.569,0.501,0.335,-0.258,0.135,0.571,-0.428,0.214,0.925,0.572,0.243,0.531,0.681,0.841,0.309,0.865,0.797,-0.539,0.831,0.832,-0.35,-0.706,0.839,-0.88,-0.785,0.461,0.863,0.819,-0.67,-0.748,-0.878,-0.815,0.709,0.526,0.634,0.892,0.721,-0.405,0.428,0.914,0.148,0.177,0.521,0.003,0.114,-0.534,-0.655,0.779,-0.435,0.064,0.587,0.459,0.907,-0.903,0.131,0.07,0.791,-0.785,0.574,-0.738,-0.474,0.845,0.959,0.587,0.778,0.622,0.492,-0.614,0.577,0.707,0.095,0.805
AXDX,0.737,0.305,0.238,-0.393,0.503,-0.186,0.467,-0.492,0.064,0.182,-0.26,0.61,0.032,0.758,0.084,0.553,0.415,-0.258,0.059,0.587,0.0,-0.313,0.84,0.723,-0.157,-0.742,-0.572,0.652,0.333,0.523,0.184,0.56,-0.706,0.672,0.566,0.392,0.414,0.771,0.006,0.452,-0.047,0.366,0.414,0.157,-0.547,0.748,0.396,0.651,-0.261,-0.431,0.627,0.45,0.34,0.585,0.494,0.261,0.183,0.708,0.23,-0.022,0.3,0.343,0.149,0.548,-0.658,0.381,-0.356,0.779,-0.324,0.186,-0.377,0.184,0.402,0.441,0.701,0.717,0.683,0.596,0.481,-0.463,0.789,0.113,0.536,0.139,-0.677,-0.283,0.612,0.766,0.454,0.655,0.399,0.481,0.745,0.451,0.585,-0.162,0.817,-0.372,0.561,0.412,-0.367,0.603,0.735,0.413,-0.116,0.097,0.644,0.104,-0.671,0.139,0.583,-0.272,0.498,0.262,0.385,-0.076,0.682,-0.073,-0.56,0.712,0.538,-0.125,-0.066,0.16,-0.173,0.431,0.584,0.052,0.397,0.79,0.363,-0.575,0.474,0.74,-0.099,0.489,0.434,-0.07,0.14,0.102,0.082,0.761,0.771,0.736,0.647,-0.131,0.426,0.168,-0.273,-0.75,0.284,-0.485,-0.181,0.065,0.206,0.51,-0.489,-0.75,-0.408,-0.448,0.044,0.333,0.453,0.414,0.011,0.2,0.732,0.374,-0.433,0.508,0.177,0.523,0.477,-0.181,0.031,0.245,-0.481,0.289,0.217,0.121,0.449,-0.672,0.458,-0.511,0.255,-0.205,0.083,-0.22,-0.659,0.498,0.561,0.194,0.209,0.319,-0.041,-0.61,0.731,0.016,-0.097,0.191
AXSM,-0.327,-0.852,-0.831,-0.199,-0.707,-0.149,-0.842,0.3,0.684,-0.072,0.079,0.093,0.183,-0.587,0.087,-0.146,-0.854,0.666,-0.678,-0.781,-0.313,0.0,-0.609,-0.048,0.857,0.204,0.765,-0.631,-0.795,-0.632,0.45,-0.565,0.55,-0.681,-0.771,-0.841,0.455,-0.242,0.767,-0.68,-0.78,-0.795,-0.687,-0.77,0.484,-0.192,0.223,0.02,0.78,0.224,-0.782,-0.496,-0.803,-0.568,-0.58,-0.678,-0.368,-0.168,-0.337,-0.687,-0.166,-0.863,0.098,-0.638,0.392,0.217,0.873,-0.415,0.114,0.18,-0.186,-0.587,-0.04,-0.55,-0.575,-0.68,-0.055,-0.734,-0.61,0.426,-0.183,-0.302,-0.58,0.608,0.717,0.623,-0.684,-0.323,-0.766,-0.775,-0.219,-0.729,-0.25,-0.096,-0.613,-0.674,-0.061,0.464,-0.776,-0.674,-0.414,-0.633,-0.616,-0.729,-0.264,-0.284,-0.57,-0.545,0.081,-0.085,-0.583,0.876,-0.854,-0.472,-0.373,-0.315,-0.431,0.529,0.468,-0.697,-0.714,0.741,0.684,-0.77,0.081,-0.788,-0.314,-0.689,-0.415,-0.13,-0.224,0.103,0.14,-0.39,0.471,0.032,-0.793,-0.646,-0.111,-0.38,-0.643,-0.526,0.039,-0.573,-0.565,0.603,-0.549,-0.806,0.377,0.423,-0.8,0.781,0.876,-0.274,-0.817,-0.565,0.638,0.592,0.803,0.742,-0.646,-0.341,-0.406,-0.657,-0.756,0.535,-0.129,-0.739,-0.233,0.053,-0.428,0.345,0.126,0.542,0.686,-0.714,0.318,-0.001,-0.498,-0.271,-0.757,0.719,0.193,-0.215,-0.773,0.851,-0.48,0.832,0.165,-0.69,-0.841,-0.46,-0.723,-0.382,-0.424,0.6,-0.236,-0.729,-0.038,-0.81
AZN,0.752,0.639,0.582,-0.148,0.744,-0.017,0.77,-0.458,-0.298,0.265,-0.212,0.475,0.011,0.889,0.25,0.567,0.712,-0.554,0.285,0.856,0.84,-0.609,0.0,0.6,-0.447,-0.758,-0.825,0.861,0.626,0.702,-0.073,0.837,-0.863,0.88,0.785,0.722,0.116,0.743,-0.29,0.714,0.291,0.714,0.695,0.482,-0.632,0.692,0.408,0.496,-0.624,-0.51,0.872,0.655,0.699,0.686,0.683,0.495,0.183,0.64,0.337,0.344,0.373,0.683,0.081,0.709,-0.827,0.244,-0.675,0.833,-0.432,0.073,-0.191,0.296,0.338,0.729,0.828,0.889,0.556,0.843,0.715,-0.486,0.713,0.306,0.763,-0.124,-0.816,-0.583,0.803,0.877,0.754,0.871,0.409,0.798,0.72,0.367,0.736,0.226,0.7,-0.608,0.778,0.601,-0.119,0.868,0.854,0.736,-0.063,0.284,0.799,0.375,-0.599,0.103,0.674,-0.498,0.789,0.39,0.577,0.003,0.831,-0.428,-0.699,0.922,0.759,-0.437,-0.423,0.505,-0.279,0.726,0.634,0.304,0.463,0.707,0.376,-0.557,0.399,0.771,-0.246,0.433,0.749,0.261,0.228,0.337,0.41,0.864,0.68,0.837,0.809,-0.409,0.673,0.54,-0.357,-0.771,0.54,-0.77,-0.497,0.215,0.589,0.706,-0.659,-0.849,-0.702,-0.739,0.424,0.375,0.629,0.768,0.388,-0.133,0.633,0.659,-0.249,0.351,0.398,0.219,0.305,-0.387,-0.353,0.552,-0.554,0.099,0.332,0.255,0.744,-0.912,0.235,-0.266,0.476,-0.556,0.291,-0.575,-0.734,0.681,0.84,0.52,0.49,0.468,0.133,-0.728,0.724,0.366,-0.078,0.504
BANR,0.693,0.075,-0.031,-0.298,0.471,0.083,0.311,-0.303,0.359,0.638,0.016,0.84,0.395,0.653,0.141,0.81,0.155,0.201,-0.021,0.383,0.723,-0.048,0.6,0.0,-0.034,-0.524,-0.205,0.555,0.24,0.376,0.612,0.416,-0.346,0.414,0.346,0.127,0.722,0.922,0.371,0.402,-0.258,0.123,0.443,-0.165,-0.125,0.892,0.535,0.947,-0.007,-0.024,0.421,0.375,0.103,0.501,0.507,0.284,0.326,0.95,0.524,-0.262,0.603,0.093,0.616,0.594,-0.395,0.785,0.017,0.808,0.021,0.592,0.009,0.062,0.808,0.298,0.372,0.653,0.949,0.502,0.167,0.028,0.949,-0.118,0.225,0.592,-0.332,0.11,0.512,0.769,0.306,0.4,0.727,0.315,0.915,0.694,0.428,-0.165,0.917,0.097,0.483,0.101,-0.621,0.506,0.472,0.345,-0.046,-0.258,0.707,-0.113,-0.395,0.478,0.542,0.127,0.325,0.2,0.577,0.111,0.679,0.298,-0.127,0.497,0.545,0.235,0.199,-0.097,-0.015,0.237,0.614,-0.338,0.498,0.937,0.653,-0.179,0.805,0.646,0.089,0.433,0.269,-0.431,0.586,0.43,0.175,0.777,0.669,0.613,0.701,0.209,0.474,-0.127,0.253,-0.517,0.202,-0.105,0.115,0.395,0.106,0.609,-0.109,-0.477,0.004,-0.028,-0.023,0.578,0.654,0.217,-0.228,0.432,0.949,0.248,-0.116,0.89,0.385,0.665,0.881,0.335,0.245,-0.044,-0.439,0.563,0.363,0.401,0.425,-0.326,0.785,-0.453,0.198,0.154,0.121,0.124,-0.413,0.358,0.267,-0.061,-0.11,0.579,-0.169,-0.331,0.924,-0.208,0.356,0.168
BBIO,-0.277,-0.878,-0.844,-0.429,-0.739,-0.38,-0.865,0.206,0.632,-0.174,-0.121,0.103,-0.029,-0.524,0.253,-0.147,-0.856,0.547,-0.827,-0.762,-0.157,0.857,-0.447,-0.034,0.0,0.014,0.649,-0.618,-0.854,-0.717,0.372,-0.507,0.286,-0.586,-0.748,-0.843,0.525,-0.186,0.713,-0.74,-0.863,-0.78,-0.776,-0.747,0.271,-0.173,0.339,0.019,0.756,-0.048,-0.716,-0.632,-0.763,-0.591,-0.638,-0.824,-0.498,-0.18,-0.502,-0.656,-0.327,-0.857,-0.046,-0.698,0.231,0.116,0.806,-0.333,-0.081,0.107,-0.503,-0.721,-0.124,-0.525,-0.414,-0.642,-0.071,-0.735,-0.491,0.279,-0.168,-0.429,-0.553,0.523,0.622,0.521,-0.705,-0.206,-0.803,-0.727,-0.322,-0.705,-0.207,-0.171,-0.612,-0.829,0.037,0.266,-0.761,-0.619,-0.498,-0.582,-0.498,-0.779,-0.368,-0.225,-0.592,-0.65,-0.177,-0.33,-0.659,0.741,-0.847,-0.596,-0.453,-0.461,-0.404,0.327,0.216,-0.629,-0.764,0.724,0.642,-0.771,-0.007,-0.845,-0.354,-0.713,-0.512,-0.067,-0.27,-0.158,0.153,-0.236,0.445,0.092,-0.772,-0.616,-0.215,-0.558,-0.764,-0.495,0.264,-0.527,-0.6,0.424,-0.691,-0.821,0.133,0.363,-0.913,0.68,0.866,-0.551,-0.875,-0.646,0.496,0.453,0.723,0.598,-0.703,-0.461,-0.462,-0.619,-0.772,0.532,-0.11,-0.834,-0.545,0.035,-0.551,0.286,0.098,0.434,0.681,-0.662,0.294,-0.185,-0.691,-0.447,-0.801,0.593,0.089,-0.419,-0.91,0.78,-0.661,0.739,-0.086,-0.679,-0.782,-0.318,-0.726,-0.576,-0.522,0.441,-0.196,-0.8,-0.347,-0.903
BCYC,-0.493,-0.314,-0.302,0.419,-0.424,0.357,-0.407,0.505,0.053,-0.094,0.474,-0.43,-0.023,-0.734,-0.253,-0.409,-0.384,0.434,0.027,-0.566,-0.742,0.204,-0.758,-0.524,0.014,0.0,0.628,-0.653,-0.218,-0.502,0.05,-0.68,0.799,-0.684,-0.408,-0.425,-0.291,-0.624,0.006,-0.438,0.044,-0.425,-0.346,-0.247,0.686,-0.682,-0.513,-0.399,0.352,0.62,-0.567,-0.358,-0.416,-0.524,-0.357,-0.117,0.305,-0.483,0.007,-0.122,-0.365,-0.335,0.059,-0.267,0.842,-0.131,0.354,-0.642,0.479,0.107,0.53,-0.132,-0.217,-0.539,-0.78,-0.555,-0.438,-0.519,-0.547,0.494,-0.574,-0.282,-0.601,-0.108,0.542,0.49,-0.537,-0.767,-0.476,-0.584,-0.201,-0.48,-0.647,-0.156,-0.576,0.15,-0.683,0.592,-0.364,-0.363,0.214,-0.635,-0.759,-0.444,0.369,-0.416,-0.474,-0.113,0.788,-0.056,-0.47,0.153,-0.401,-0.359,-0.359,0.433,-0.569,0.199,0.551,-0.687,-0.342,0.231,0.225,-0.217,0.42,-0.361,-0.595,-0.115,-0.23,-0.647,-0.141,0.697,-0.358,-0.504,0.28,-0.519,-0.447,-0.139,0.014,0.031,-0.0,-0.665,-0.753,-0.707,-0.483,0.306,-0.343,-0.274,0.462,0.734,-0.133,0.601,0.148,0.039,-0.156,-0.43,0.519,0.609,0.5,0.532,-0.178,-0.165,-0.278,-0.547,-0.137,-0.03,-0.492,-0.368,0.531,-0.264,0.037,-0.394,-0.239,0.353,0.137,-0.357,0.325,0.083,-0.092,-0.12,-0.341,0.719,-0.282,0.4,-0.1,0.275,0.036,0.183,0.856,-0.513,-0.51,-0.507,-0.323,-0.228,0.062,0.424,-0.589,-0.105,0.379,-0.024
BHFAP,-0.444,-0.85,-0.849,-0.108,-0.69,0.008,-0.857,0.49,0.578,0.051,0.375,-0.016,0.268,-0.805,-0.081,-0.15,-0.846,0.854,-0.451,-0.893,-0.572,0.765,-0.825,-0.205,0.649,0.628,0.0,-0.855,-0.734,-0.782,0.529,-0.773,0.839,-0.879,-0.76,-0.901,0.306,-0.431,0.681,-0.671,-0.594,-0.871,-0.675,-0.835,0.746,-0.409,-0.033,-0.106,0.868,0.56,-0.904,-0.593,-0.869,-0.665,-0.529,-0.517,-0.001,-0.26,-0.188,-0.73,-0.265,-0.879,0.299,-0.544,0.793,0.231,0.897,-0.589,0.549,0.299,0.112,-0.523,-0.024,-0.737,-0.864,-0.742,-0.178,-0.793,-0.821,0.725,-0.365,-0.502,-0.818,0.542,0.823,0.889,-0.787,-0.584,-0.837,-0.898,-0.209,-0.767,-0.433,0.044,-0.745,-0.517,-0.302,0.813,-0.707,-0.702,-0.261,-0.764,-0.852,-0.745,0.17,-0.594,-0.586,-0.558,0.525,0.06,-0.68,0.735,-0.85,-0.622,-0.315,0.13,-0.568,0.603,0.64,-0.904,-0.684,0.794,0.76,-0.792,0.431,-0.851,-0.499,-0.694,-0.384,-0.342,-0.019,0.477,-0.017,-0.411,0.601,-0.162,-0.888,-0.652,0.078,-0.261,-0.498,-0.714,-0.346,-0.808,-0.63,0.644,-0.601,-0.811,0.604,0.755,-0.672,0.976,0.804,-0.098,-0.747,-0.588,0.66,0.755,0.924,0.954,-0.71,-0.237,-0.335,-0.83,-0.726,0.541,-0.24,-0.827,0.126,0.056,-0.263,0.085,0.134,0.723,0.697,-0.774,0.281,0.196,-0.396,-0.071,-0.708,0.947,0.121,-0.097,-0.646,0.847,-0.28,0.789,0.63,-0.745,-0.928,-0.749,-0.818,-0.352,-0.299,0.626,-0.383,-0.729,0.218,-0.613
BKR,0.605,0.77,0.716,0.127,0.803,0.152,0.872,-0.421,-0.352,0.343,-0.248,0.36,0.043,0.929,0.123,0.488,0.768,-0.566,0.426,0.916,0.652,-0.631,0.861,0.555,-0.618,-0.653,-0.855,0.0,0.776,0.828,-0.137,0.816,-0.743,0.861,0.767,0.817,0.032,0.722,-0.395,0.767,0.439,0.794,0.806,0.64,-0.541,0.704,0.269,0.477,-0.725,-0.357,0.91,0.667,0.789,0.778,0.69,0.609,0.199,0.6,0.482,0.532,0.586,0.775,0.099,0.714,-0.763,0.167,-0.71,0.806,-0.356,0.051,0.08,0.472,0.401,0.742,0.819,0.884,0.536,0.889,0.705,-0.47,0.67,0.375,0.736,-0.165,-0.737,-0.67,0.896,0.783,0.845,0.889,0.501,0.783,0.727,0.32,0.777,0.478,0.573,-0.542,0.81,0.619,-0.023,0.853,0.859,0.808,-0.105,0.332,0.821,0.396,-0.495,0.247,0.808,-0.512,0.861,0.659,0.552,0.027,0.767,-0.314,-0.5,0.94,0.847,-0.56,-0.556,0.649,-0.309,0.84,0.69,0.428,0.564,0.636,0.33,-0.317,0.375,0.547,-0.432,0.215,0.878,0.378,0.277,0.535,0.596,0.905,0.473,0.909,0.84,-0.463,0.762,0.641,-0.299,-0.779,0.717,-0.814,-0.62,0.382,0.722,0.801,-0.493,-0.732,-0.74,-0.757,0.674,0.512,0.624,0.801,0.56,-0.317,0.568,0.834,0.015,0.336,0.434,0.211,0.265,-0.377,-0.516,0.621,-0.341,0.089,0.629,0.358,0.811,-0.85,0.243,0.011,0.671,-0.618,0.368,-0.587,-0.615,0.747,0.86,0.592,0.655,0.627,0.241,-0.562,0.697,0.566,0.073,0.647
BLDP,0.399,0.898,0.865,0.456,0.852,0.492,0.936,-0.199,-0.659,0.361,0.123,0.119,0.118,0.667,0.018,0.33,0.873,-0.564,0.749,0.868,0.333,-0.795,0.626,0.24,-0.854,-0.218,-0.734,0.776,0.0,0.773,-0.267,0.738,-0.435,0.752,0.835,0.874,-0.286,0.475,-0.662,0.806,0.768,0.868,0.879,0.777,-0.357,0.412,-0.042,0.22,-0.793,-0.036,0.827,0.664,0.861,0.687,0.776,0.818,0.48,0.368,0.587,0.68,0.485,0.881,0.121,0.791,-0.374,0.043,-0.779,0.616,-0.137,0.034,0.438,0.621,0.362,0.666,0.585,0.797,0.267,0.86,0.679,-0.295,0.367,0.461,0.682,-0.408,-0.694,-0.604,0.809,0.501,0.863,0.836,0.478,0.837,0.472,0.31,0.747,0.826,0.215,-0.378,0.896,0.728,0.337,0.779,0.652,0.869,0.306,0.291,0.737,0.631,0.01,0.293,0.627,-0.721,0.925,0.523,0.583,0.414,0.684,-0.392,-0.273,0.809,0.848,-0.716,-0.675,0.816,0.004,0.903,0.573,0.616,0.464,0.351,0.323,0.027,0.04,0.404,-0.342,-0.074,0.904,0.589,0.344,0.696,0.854,0.716,0.007,0.665,0.723,-0.487,0.796,0.797,-0.112,-0.44,0.919,-0.73,-0.843,0.536,0.94,0.783,-0.508,-0.479,-0.734,-0.689,0.755,0.603,0.629,0.791,0.804,-0.547,0.34,0.894,0.438,0.184,0.671,-0.181,0.109,-0.363,-0.736,0.74,-0.346,0.1,0.62,0.478,0.913,-0.678,0.09,0.327,0.862,-0.75,0.672,-0.753,-0.165,0.728,0.873,0.437,0.735,0.636,0.561,-0.506,0.478,0.776,0.314,0.915
BLFS,0.51,0.849,0.806,0.203,0.819,0.191,0.876,-0.49,-0.465,0.163,-0.07,0.225,0.152,0.854,-0.18,0.371,0.871,-0.577,0.689,0.895,0.523,-0.632,0.702,0.376,-0.717,-0.502,-0.782,0.828,0.773,0.0,-0.243,0.709,-0.526,0.855,0.787,0.857,-0.166,0.512,-0.507,0.835,0.66,0.797,0.818,0.689,-0.49,0.586,-0.077,0.303,-0.676,-0.186,0.829,0.694,0.78,0.868,0.722,0.784,0.301,0.471,0.552,0.498,0.53,0.796,0.088,0.716,-0.541,0.061,-0.719,0.621,-0.141,-0.097,0.174,0.752,0.291,0.663,0.735,0.807,0.36,0.862,0.644,-0.545,0.501,0.625,0.812,-0.227,-0.752,-0.613,0.929,0.562,0.911,0.893,0.525,0.801,0.553,0.258,0.85,0.581,0.379,-0.47,0.784,0.793,0.295,0.776,0.845,0.846,0.11,0.517,0.735,0.607,-0.241,0.423,0.835,-0.557,0.831,0.786,0.555,0.152,0.646,-0.22,-0.247,0.838,0.747,-0.666,-0.53,0.684,-0.053,0.864,0.658,0.668,0.617,0.456,0.283,-0.123,0.081,0.445,-0.499,0.231,0.816,0.484,0.175,0.485,0.569,0.78,0.195,0.849,0.719,-0.31,0.802,0.764,-0.278,-0.706,0.825,-0.765,-0.689,0.516,0.749,0.742,-0.509,-0.671,-0.79,-0.668,0.623,0.604,0.506,0.745,0.629,-0.296,0.398,0.905,0.236,0.167,0.409,0.187,0.127,-0.526,-0.546,0.655,-0.325,0.173,0.622,0.505,0.794,-0.764,0.257,0.061,0.83,-0.647,0.551,-0.583,-0.331,0.888,0.843,0.463,0.747,0.683,0.522,-0.44,0.519,0.657,0.216,0.74
BLKB,0.328,-0.518,-0.638,-0.318,-0.083,0.105,-0.315,0.167,0.673,0.622,0.36,0.737,0.578,-0.019,0.112,0.656,-0.452,0.835,-0.328,-0.291,0.184,0.45,-0.073,0.612,0.372,0.05,0.529,-0.137,-0.267,-0.243,0.0,-0.202,0.338,-0.271,-0.206,-0.52,0.784,0.436,0.831,-0.09,-0.611,-0.516,-0.084,-0.758,0.471,0.425,0.479,0.713,0.609,0.516,-0.257,-0.03,-0.533,-0.032,0.087,-0.098,0.416,0.628,0.39,-0.774,0.33,-0.523,0.838,0.176,0.237,0.885,0.627,0.226,0.461,0.831,0.16,-0.346,0.589,-0.261,-0.356,0.071,0.678,-0.125,-0.468,0.653,0.531,-0.524,-0.427,0.882,0.317,0.766,-0.097,0.238,-0.35,-0.281,0.449,-0.212,0.422,0.738,-0.224,-0.489,0.534,0.727,-0.026,-0.398,-0.719,-0.077,-0.226,-0.2,0.182,-0.734,0.249,-0.528,0.07,0.495,-0.031,0.602,-0.279,-0.318,0.312,0.293,0.191,0.646,0.255,-0.209,0.053,0.797,0.739,-0.657,0.36,-0.395,0.113,-0.78,0.221,0.501,0.594,0.232,0.701,0.348,0.55,0.225,-0.391,-0.869,0.625,0.286,-0.158,0.109,0.319,-0.086,0.219,0.615,0.004,-0.661,0.705,0.174,-0.218,0.598,0.671,0.317,-0.407,0.089,0.403,0.083,0.662,0.663,-0.502,0.363,0.437,-0.393,-0.723,0.773,0.617,-0.384,0.006,0.745,0.16,0.582,0.838,0.85,0.751,-0.628,-0.202,0.627,0.071,0.31,-0.099,0.408,0.695,-0.487,-0.23,0.73,-0.039,0.601,0.122,-0.286,-0.417,-0.666,-0.721,0.284,-0.352,0.19,0.478,-0.693,0.509,-0.254
