,ABAT,ACLS,ACMR,ADMA,ADUS,ADVM,AEIS,AGNCM,AHCO,ALGT,ALLO,AMSF,ANAB,ANDE,APLS,APPF,ASML,ATRC,AVGO,AVT,AXDX,AXSM,AZN,BANR,BBIO,BCYC,BHFAP,BKR,BLDP,BLFS,BLKB,BLMN,BNTX,BPMC,CALM,CAMT,CASH,CATY,CCEP,CDLX,CDNS,CENN,CENX,CGC,CHDN,CLBK,COKE,COLB,COO,CORT,CRMT,CRNX,CRTO,CRVL,CSCO,CSQ,CSWI,CVBF,CWST,CYCC,CZR,DLTR,DORM,ENTA,EQIX,ERIC,EVRG,EWBC,EXAS,EXLS,EXPI,EYE,FBNC,FBRX,FCNCA,FELE,FIBK,FLEX,FRGT,FRHC,FRME,FWONA,FWONK,GDEN,GIII,GILD,GLNG,GNTX,GOOGL,GRPN,HCSG,HIMX,HOPE,HST,HTLD,HUT,HWC,ICUI,IESC,INTC,INTU,IOVA,IPAR,IPGP,ISRG,JBSS,KALU,KPRX,KRNT,LAUR,LBRDA,LBTYK,LECO,LILAK,LITE,MANH,MDXG,MFIC,MGEE,MIDD,MLAB,MMSI,MNKD,MOMO,MRVL,NICE,NMFC,NUWE,NVCR,NWBI,OFIX,OFLX,OMCL,OPK,ORKA,ORLY,OTTR,PDD,PNTG,POOL,POWL,PPBI,PPC,PRAA,PRPL,PZZA,QTRX,QURE,RDFN,RDHL,REAL,REG,REYN,RGLD,RIOT,RUN,RYTM,SAIA,SBAC,SBRA,SCVL,SHOO,SLAB,SLDB,SMCI,SMTC,SRCE,SSP,SSRM,STBA,STRO,SVC,SYBT,TCBI,TCOM,TENX,TH,TMUS,TNDM,TTD,TTMI,UAL,ULH,ULTA,VCYT,VIRT,VKTX,VOD,VRDN,VREX,VRNT,VSAT,WB,WBD,WDC,WEN,WSFS,XXII,Z,ZBRA
ABAT,0.0,-0.478,0.423,-0.039,-0.482,0.544,0.326,0.374,0.046,0.413,0.128,0.36,0.126,-0.097,-0.266,-0.392,-0.115,-0.477,-0.043,0.192,0.358,-0.17,0.121,0.076,0.271,0.134,-0.373,0.427,0.046,-0.104,-0.208,-0.37,0.171,0.079,0.379,0.041,0.271,0.087,-0.339,0.071,-0.135,0.496,0.102,-0.174,0.536,-0.174,-0.295,0.013,-0.333,0.362,-0.424,0.411,-0.285,-0.358,0.16,0.15,0.102,0.302,-0.025,-0.372,0.417,-0.216,-0.318,0.306,-0.562,-0.056,-0.427,0.254,0.168,0.35,-0.323,-0.269,0.067,-0.414,0.261,0.153,-0.026,0.301,-0.051,0.26,-0.057,-0.054,-0.038,-0.122,-0.207,0.465,0.44,-0.677,0.374,0.007,-0.326,0.272,0.1,-0.463,-0.236,-0.476,0.105,0.548,0.323,-0.308,-0.438,0.448,-0.097,0.296,-0.313,-0.22,-0.119,-0.018,0.136,-0.409,0.012,-0.092,0.11,0.082,0.402,-0.011,-0.18,-0.147,-0.224,-0.512,0.241,-0.412,0.081,0.195,0.229,-0.109,-0.203,0.122,-0.129,-0.114,-0.076,-0.344,-0.135,0.05,0.469,0.242,-0.359,0.352,-0.494,-0.177,0.279,-0.006,0.475,-0.366,-0.471,0.063,-0.264,0.326,-0.304,-0.47,0.123,-0.426,-0.296,-0.6,0.147,-0.408,-0.208,-0.246,-0.152,-0.576,-0.392,-0.224,0.076,-0.426,-0.04,-0.555,0.158,0.608,-0.411,-0.272,0.361,-0.251,-0.062,0.258,0.408,-0.154,-0.051,0.302,-0.422,0.217,-0.061,0.295,0.419,-0.457,0.008,0.296,0.375,-0.517,0.615,-0.251,-0.312,-0.406,0.409,-0.363,-0.188,0.146,-0.025,-0.559,-0.427,0.081
ACLS,-0.478,0.0,-0.266,0.127,0.438,-0.659,-0.222,-0.579,0.184,-0.4,0.207,-0.29,-0.057,0.467,0.284,0.69,0.598,0.349,-0.145,-0.061,-0.404,0.308,0.191,-0.231,-0.067,-0.341,0.288,-0.623,0.531,0.347,0.286,0.542,-0.104,0.367,-0.607,0.258,-0.416,-0.158,0.462,-0.068,0.295,-0.405,-0.038,0.496,-0.634,0.263,0.312,-0.092,0.522,-0.383,0.284,-0.484,0.048,0.601,-0.299,-0.267,-0.218,-0.426,-0.185,0.441,-0.509,0.453,0.289,-0.585,0.448,-0.192,0.556,-0.391,-0.344,-0.337,0.618,0.57,-0.18,0.354,-0.476,0.15,0.031,-0.079,0.131,-0.603,0.022,0.166,0.147,0.505,-0.014,-0.664,-0.365,0.776,-0.026,-0.204,0.472,-0.366,-0.057,0.325,0.473,0.623,-0.13,-0.366,-0.332,0.53,0.384,-0.25,0.592,-0.014,0.524,0.352,0.464,0.183,0.253,0.544,-0.086,0.117,0.147,0.205,-0.361,-0.217,0.192,0.149,0.096,0.555,-0.021,0.492,-0.373,0.055,-0.286,0.113,0.509,-0.336,-0.037,0.161,0.189,0.579,0.246,0.136,-0.648,-0.234,0.336,-0.157,0.319,0.536,-0.474,-0.093,-0.341,0.646,0.486,0.27,0.314,-0.496,0.538,0.382,-0.208,0.3,0.486,0.325,-0.257,0.555,0.403,-0.035,-0.098,0.444,0.511,0.395,0.395,0.324,-0.43,0.599,-0.181,-0.512,0.497,0.329,-0.224,0.36,-0.046,-0.408,-0.212,0.12,-0.007,-0.447,0.465,-0.431,-0.133,-0.33,-0.493,0.669,0.126,-0.559,-0.353,0.568,-0.216,0.387,0.623,0.47,-0.208,0.557,0.656,-0.255,0.134,0.535,0.495,0.035
ACMR,0.423,-0.266,0.0,-0.076,-0.682,0.43,0.601,0.584,-0.668,0.771,-0.361,0.025,-0.634,-0.121,-0.783,-0.389,0.178,-0.717,0.588,0.639,0.776,-0.808,-0.437,-0.026,-0.396,-0.054,-0.585,0.647,-0.133,-0.555,-0.713,-0.694,0.786,-0.49,0.675,0.563,0.252,-0.149,-0.749,-0.365,-0.178,0.575,0.454,-0.592,0.212,-0.698,-0.11,0.019,-0.8,0.635,-0.43,-0.005,-0.593,-0.493,0.486,0.491,0.475,0.133,-0.269,-0.604,0.706,-0.513,-0.661,0.047,-0.478,0.017,-0.732,0.298,-0.115,0.688,-0.676,-0.492,-0.335,-0.769,0.253,0.424,-0.458,0.566,-0.575,0.36,-0.42,-0.378,-0.357,-0.454,-0.562,0.502,0.8,-0.573,0.285,-0.379,-0.775,0.607,-0.318,-0.667,-0.75,-0.086,-0.046,0.246,0.701,0.312,-0.722,0.013,0.154,0.697,-0.491,-0.5,0.058,-0.614,0.218,-0.749,0.664,0.234,0.541,-0.17,0.824,0.365,-0.792,-0.576,-0.6,-0.778,-0.113,-0.815,-0.307,0.692,0.095,0.234,-0.613,0.222,-0.569,-0.579,-0.649,-0.642,-0.554,-0.498,0.424,0.638,-0.739,0.802,-0.699,-0.466,0.707,-0.186,0.48,-0.505,-0.763,-0.291,-0.856,0.239,-0.801,-0.777,0.213,-0.761,-0.819,-0.617,0.526,-0.696,-0.772,-0.237,-0.354,-0.796,-0.785,-0.275,0.256,-0.687,0.101,-0.553,-0.251,0.726,-0.61,-0.776,-0.214,-0.202,-0.407,0.218,0.838,-0.462,-0.643,0.645,-0.611,0.526,0.175,0.602,0.372,-0.659,-0.542,0.313,-0.279,-0.728,0.534,0.089,-0.643,-0.759,0.814,-0.692,-0.129,0.157,-0.577,-0.621,-0.836,0.356
ADMA,-0.039,0.127,-0.076,0.0,-0.21,-0.413,-0.69,-0.391,0.341,-0.437,0.159,-0.586,0.113,0.577,0.278,0.595,0.238,0.001,-0.435,-0.565,-0.151,0.291,-0.093,-0.777,-0.222,-0.74,-0.076,-0.061,0.516,0.639,-0.3,0.34,-0.062,0.212,-0.576,-0.45,-0.778,-0.682,0.2,-0.499,-0.39,-0.114,-0.748,0.463,-0.364,-0.174,-0.261,-0.816,0.058,-0.317,-0.113,-0.496,0.009,-0.034,-0.754,-0.766,-0.793,-0.741,-0.679,0.526,-0.525,0.511,-0.413,-0.242,0.25,-0.652,0.351,-0.8,-0.452,-0.582,0.429,0.516,-0.491,0.427,-0.614,-0.532,-0.486,-0.671,0.148,-0.518,-0.461,-0.672,-0.698,0.465,-0.169,-0.397,-0.315,-0.011,-0.022,-0.141,0.083,-0.697,-0.504,-0.069,0.197,-0.128,-0.693,-0.239,-0.607,-0.165,0.088,0.221,0.271,-0.546,0.026,-0.348,-0.183,0.602,0.268,0.496,-0.342,0.298,-0.491,-0.093,-0.434,-0.823,0.193,0.032,-0.228,0.063,0.055,0.406,-0.239,0.197,-0.688,-0.495,0.522,-0.453,-0.387,-0.327,-0.221,0.153,0.188,0.222,-0.478,-0.662,-0.13,-0.025,-0.085,0.104,-0.546,-0.681,-0.082,0.299,0.415,0.054,0.183,-0.332,0.281,0.32,-0.255,0.152,0.116,-0.401,-0.671,0.567,0.038,-0.607,-0.301,0.244,0.373,0.047,-0.166,0.563,-0.425,-0.077,-0.507,-0.486,-0.213,-0.092,-0.299,0.431,-0.568,-0.753,-0.125,-0.563,0.221,-0.642,0.667,-0.706,-0.754,-0.647,-0.214,0.357,-0.055,-0.667,-0.038,0.304,-0.193,-0.015,0.482,0.459,0.052,0.446,0.098,-0.837,-0.259,0.539,0.216,-0.702
ADUS,-0.482,0.438,-0.682,-0.21,0.0,-0.218,-0.123,-0.509,0.426,-0.542,0.515,0.143,0.286,0.143,0.626,0.235,-0.133,0.762,-0.199,-0.171,-0.688,0.442,0.291,0.384,0.349,0.346,0.548,-0.738,0.058,0.275,0.789,0.572,-0.592,0.409,-0.377,-0.091,0.135,0.503,0.694,0.609,0.458,-0.351,-0.063,0.429,-0.131,0.823,0.407,0.452,0.794,-0.439,0.663,0.029,0.671,0.688,-0.085,0.014,-0.004,0.128,0.554,0.448,-0.451,0.359,0.869,-0.104,0.388,0.307,0.57,0.114,0.32,-0.38,0.557,0.392,0.531,0.572,0.005,0.085,0.7,-0.134,0.467,-0.215,0.719,0.648,0.618,0.398,0.715,-0.317,-0.676,0.688,-0.316,0.476,0.847,-0.169,0.509,0.696,0.756,0.392,0.448,0.023,-0.341,0.07,0.749,-0.179,-0.124,-0.24,0.56,0.721,0.15,0.213,-0.332,0.594,-0.379,-0.358,-0.099,0.19,-0.531,0.128,0.627,0.544,0.52,0.804,-0.069,0.661,0.369,-0.635,0.235,0.27,0.416,-0.24,0.689,0.806,0.714,0.712,0.61,0.309,-0.144,-0.207,0.708,-0.767,0.836,0.499,-0.4,0.575,-0.476,0.553,0.622,0.226,0.716,0.117,0.655,0.654,0.18,0.749,0.771,0.719,-0.021,0.513,0.744,0.665,0.415,0.691,0.637,0.267,0.047,0.544,0.167,0.82,0.546,-0.511,0.533,0.844,0.286,0.047,0.707,0.187,-0.777,0.681,0.4,-0.311,0.372,-0.103,0.247,-0.173,-0.142,0.603,0.544,-0.017,0.162,0.704,-0.503,0.061,0.598,0.593,-0.799,0.587,0.267,0.247,0.721,0.473,0.71,0.118
ADVM,0.544,-0.659,0.43,-0.413,-0.218,0.0,0.668,0.476,-0.289,0.452,0.086,0.395,0.059,-0.374,-0.247,-0.703,-0.39,-0.229,0.428,0.44,0.284,-0.408,-0.291,0.661,0.36,0.692,-0.318,0.494,-0.578,-0.372,-0.117,-0.533,0.134,-0.231,0.788,0.229,0.78,0.604,-0.291,0.471,0.146,0.608,0.264,-0.479,0.774,0.01,-0.272,0.541,-0.394,0.259,-0.005,0.628,0.02,-0.434,0.53,0.661,0.571,0.747,0.479,-0.555,0.775,-0.444,-0.013,0.625,-0.691,0.412,-0.677,0.779,0.633,0.547,-0.619,-0.605,0.565,-0.404,0.841,0.318,0.351,0.562,-0.041,0.737,0.345,0.21,0.235,-0.471,0.164,0.786,0.375,-0.611,0.076,0.356,-0.32,0.709,0.478,-0.088,-0.44,-0.356,0.62,0.454,0.617,-0.312,-0.209,0.452,-0.69,0.407,-0.428,-0.077,-0.339,-0.456,-0.329,-0.611,0.058,-0.439,0.166,-0.062,0.651,0.567,-0.194,0.026,-0.113,-0.428,0.017,-0.517,0.594,-0.214,0.688,0.251,-0.535,0.24,0.241,0.189,0.119,-0.352,-0.039,-0.215,0.802,0.447,-0.213,0.067,-0.106,-0.525,0.624,0.562,0.061,-0.519,-0.52,-0.319,-0.272,0.817,-0.513,-0.394,0.64,-0.384,-0.408,-0.249,0.673,-0.609,-0.321,0.317,0.032,-0.576,-0.523,-0.448,0.031,-0.383,0.585,-0.298,0.578,0.681,-0.397,-0.116,0.538,-0.242,0.385,0.794,0.193,0.231,0.026,0.593,-0.585,0.764,0.456,0.615,0.832,-0.562,0.133,0.823,0.552,-0.56,0.318,-0.454,-0.581,-0.479,0.078,-0.625,-0.403,0.613,0.182,-0.576,-0.437,0.387
AEIS,0.326,-0.222,0.601,-0.69,-0.123,0.668,0.0,0.613,-0.53,0.769,-0.144,0.49,-0.406,-0.37,-0.621,-0.688,-0.122,-0.325,0.683,0.9,0.526,-0.66,-0.22,0.687,0.057,0.606,-0.349,0.337,-0.467,-0.713,-0.098,-0.623,0.43,-0.364,0.858,0.721,0.81,0.565,-0.506,0.262,0.243,0.477,0.796,-0.636,0.49,-0.15,0.191,0.727,-0.44,0.581,-0.032,0.432,-0.277,-0.163,0.887,0.903,0.898,0.715,0.453,-0.697,0.82,-0.665,0.006,0.213,-0.474,0.566,-0.633,0.867,0.387,0.87,-0.686,-0.639,0.31,-0.74,0.707,0.774,0.241,0.93,-0.448,0.614,0.252,0.317,0.348,-0.573,-0.066,0.687,0.65,-0.341,0.2,-0.04,-0.425,0.916,0.287,-0.3,-0.502,0.025,0.62,0.457,0.914,0.307,-0.429,-0.12,-0.183,0.87,-0.263,0.102,0.155,-0.781,-0.155,-0.747,0.558,-0.165,0.714,0.026,0.845,0.858,-0.533,-0.303,-0.096,-0.462,-0.093,-0.707,0.11,0.149,0.673,0.542,-0.724,0.377,0.052,0.056,-0.09,-0.385,-0.245,-0.456,0.739,0.867,-0.316,0.395,-0.243,-0.284,0.855,0.547,0.323,-0.461,-0.746,-0.188,-0.569,0.557,-0.632,-0.663,0.477,-0.47,-0.475,-0.063,0.87,-0.791,-0.431,0.395,0.106,-0.611,-0.711,-0.228,0.326,-0.7,0.427,-0.198,0.396,0.815,-0.242,-0.273,0.238,-0.513,0.333,0.804,0.489,0.249,-0.461,0.872,-0.827,0.878,0.735,0.909,0.501,-0.637,-0.153,0.728,0.006,-0.585,0.484,0.089,-0.668,-0.732,0.317,-0.694,-0.066,0.797,-0.003,-0.764,-0.599,0.838
AGNCM,0.374,-0.579,0.584,-0.391,-0.509,0.476,0.613,0.0,-0.536,0.842,-0.546,0.382,-0.354,-0.535,-0.789,-0.731,-0.212,-0.568,0.449,0.611,0.772,-0.593,-0.149,0.259,-0.242,0.209,-0.299,0.644,-0.484,-0.657,-0.427,-0.81,0.534,-0.546,0.784,0.321,0.456,0.083,-0.8,-0.18,-0.252,0.406,0.555,-0.711,0.373,-0.601,0.141,0.254,-0.721,0.823,-0.526,0.363,-0.475,-0.403,0.68,0.573,0.606,0.477,0.122,-0.727,0.74,-0.845,-0.39,0.317,-0.374,0.368,-0.628,0.519,0.064,0.798,-0.823,-0.745,-0.097,-0.812,0.38,0.311,-0.246,0.519,-0.666,0.64,-0.225,-0.146,-0.096,-0.704,-0.383,0.715,0.83,-0.673,0.359,-0.383,-0.747,0.642,-0.146,-0.612,-0.715,-0.307,0.083,0.466,0.77,0.047,-0.761,-0.186,-0.132,0.575,-0.409,-0.325,-0.144,-0.604,-0.041,-0.857,0.67,0.181,0.437,-0.189,0.72,0.547,-0.628,-0.653,-0.147,-0.73,0.067,-0.776,-0.065,0.422,0.361,0.192,-0.821,0.594,-0.244,-0.413,-0.417,-0.803,-0.534,-0.441,0.656,0.731,-0.529,0.638,-0.538,-0.384,0.85,0.037,0.706,-0.805,-0.856,-0.23,-0.721,0.205,-0.774,-0.827,0.02,-0.561,-0.699,-0.288,0.518,-0.885,-0.656,0.039,0.178,-0.611,-0.827,-0.175,-0.081,-0.757,0.281,-0.67,-0.084,0.764,-0.481,-0.629,-0.036,-0.592,-0.105,0.44,0.668,-0.153,-0.54,0.834,-0.799,0.625,0.397,0.662,0.236,-0.87,-0.453,0.51,-0.067,-0.816,0.568,0.016,-0.854,-0.847,0.589,-0.806,-0.331,0.44,-0.445,-0.847,-0.752,0.485
AHCO,0.046,0.184,-0.668,0.341,0.426,-0.289,-0.53,-0.536,0.0,-0.578,0.667,0.037,0.666,0.48,0.695,0.347,-0.231,0.567,-0.84,-0.588,-0.587,0.782,0.505,-0.108,0.511,-0.141,0.304,-0.474,0.505,0.758,0.644,0.745,-0.584,0.833,-0.666,-0.596,-0.36,0.096,0.603,0.248,-0.11,-0.297,-0.463,0.782,-0.117,0.633,0.158,-0.153,0.773,-0.384,0.333,0.103,0.399,0.499,-0.55,-0.593,-0.604,-0.141,0.097,0.672,-0.617,0.614,0.448,-0.002,0.313,-0.143,0.739,-0.355,-0.001,-0.64,0.718,0.709,0.255,0.642,-0.362,-0.359,0.41,-0.535,0.529,-0.478,0.371,0.251,0.198,0.64,0.488,-0.339,-0.599,0.296,0.112,0.303,0.703,-0.692,0.269,0.411,0.807,0.013,-0.038,0.113,-0.677,-0.48,0.438,0.269,0.07,-0.578,0.302,0.356,0.09,0.747,0.156,0.731,-0.653,-0.125,-0.442,0.386,-0.725,-0.612,0.845,0.475,0.588,0.641,0.415,0.761,0.206,-0.378,-0.141,-0.163,0.793,-0.417,0.473,0.521,0.582,0.633,0.582,0.577,-0.385,-0.644,0.628,-0.548,0.415,0.614,-0.688,0.065,-0.194,0.529,0.653,0.646,0.779,-0.173,0.81,0.586,-0.24,0.722,0.751,0.223,-0.563,0.68,0.759,-0.102,0.324,0.669,0.753,0.457,-0.072,0.631,-0.338,0.301,0.238,-0.494,0.349,0.688,0.353,0.093,0.25,-0.289,-0.56,0.298,0.634,-0.648,0.603,-0.651,-0.35,-0.546,-0.137,0.592,0.612,-0.385,0.291,0.656,-0.199,0.062,0.727,0.725,-0.434,0.758,0.272,-0.241,0.544,0.461,0.681,-0.494
ALGT,0.413,-0.4,0.771,-0.437,-0.542,0.452,0.769,0.842,-0.578,0.0,-0.463,0.38,-0.551,-0.378,-0.899,-0.722,-0.158,-0.579,0.509,0.81,0.872,-0.688,-0.19,0.261,-0.242,0.156,-0.411,0.57,-0.286,-0.705,-0.412,-0.738,0.747,-0.449,0.797,0.585,0.437,0.103,-0.901,-0.241,-0.289,0.474,0.771,-0.657,0.251,-0.603,0.221,0.331,-0.709,0.896,-0.412,0.343,-0.665,-0.275,0.802,0.63,0.723,0.464,0.097,-0.672,0.797,-0.794,-0.422,0.185,-0.332,0.398,-0.619,0.55,-0.058,0.93,-0.776,-0.611,-0.169,-0.955,0.331,0.574,-0.228,0.685,-0.743,0.54,-0.208,-0.075,-0.045,-0.601,-0.496,0.662,0.936,-0.563,0.483,-0.462,-0.769,0.726,-0.153,-0.68,-0.707,-0.02,0.143,0.435,0.896,0.261,-0.872,-0.24,0.098,0.811,-0.521,-0.226,0.156,-0.707,0.239,-0.884,0.823,0.293,0.725,0.006,0.861,0.591,-0.751,-0.727,-0.178,-0.732,0.134,-0.874,-0.236,0.595,0.365,0.432,-0.78,0.482,-0.305,-0.424,-0.504,-0.701,-0.626,-0.514,0.564,0.851,-0.549,0.805,-0.628,-0.267,0.903,0.052,0.692,-0.628,-0.917,-0.031,-0.839,0.191,-0.794,-0.915,0.02,-0.605,-0.757,-0.291,0.665,-0.911,-0.667,-0.053,0.113,-0.7,-0.856,-0.047,0.256,-0.857,0.138,-0.596,-0.107,0.883,-0.388,-0.678,-0.096,-0.624,-0.164,0.43,0.841,-0.198,-0.754,0.896,-0.837,0.651,0.502,0.834,0.276,-0.812,-0.444,0.494,-0.267,-0.794,0.72,0.257,-0.815,-0.928,0.766,-0.771,-0.061,0.503,-0.474,-0.911,-0.804,0.62
ALLO,0.128,0.207,-0.361,0.159,0.515,0.086,-0.144,-0.546,0.667,-0.463,0.0,0.121,0.361,0.46,0.627,0.2,-0.175,0.483,-0.402,-0.255,-0.478,0.407,0.227,0.154,0.523,0.183,0.008,-0.522,0.382,0.494,0.545,0.611,-0.466,0.657,-0.343,-0.191,0.008,0.362,0.606,0.519,0.21,0.001,-0.295,0.573,0.101,0.735,0.004,0.164,0.659,-0.431,0.573,0.159,0.45,0.397,-0.289,-0.193,-0.253,0.029,0.256,0.493,-0.351,0.674,0.494,-0.037,0.003,0.037,0.409,-0.017,0.201,-0.414,0.605,0.613,0.44,0.495,-0.004,0.04,0.584,-0.18,0.633,-0.307,0.57,0.432,0.364,0.639,0.586,-0.162,-0.531,0.336,-0.08,0.559,0.719,-0.255,0.454,0.457,0.688,0.148,0.323,0.212,-0.392,-0.229,0.543,0.382,-0.08,-0.2,0.188,0.522,0.156,0.392,0.041,0.583,-0.557,-0.286,-0.2,0.468,-0.376,-0.263,0.614,0.578,0.248,0.582,0.134,0.524,0.377,-0.454,0.13,0.075,0.602,-0.52,0.523,0.662,0.569,0.709,0.59,0.468,-0.11,-0.349,0.428,-0.54,0.454,0.43,-0.479,0.37,-0.403,0.63,0.558,0.425,0.615,0.368,0.622,0.5,0.333,0.523,0.63,0.142,-0.106,0.537,0.657,0.182,0.097,0.317,0.585,0.182,0.2,0.552,-0.128,0.478,0.509,-0.241,0.276,0.665,0.484,0.182,0.442,0.083,-0.527,0.37,0.477,-0.417,0.381,-0.223,-0.047,-0.159,0.203,0.581,0.585,-0.017,0.351,0.585,-0.187,-0.028,0.678,0.561,-0.476,0.63,0.3,0.036,0.643,0.37,0.557,-0.176
AMSF,0.36,-0.29,0.025,-0.586,0.143,0.395,0.49,0.382,0.037,0.38,0.121,0.0,0.168,-0.337,-0.094,-0.625,-0.39,-0.006,0.005,0.319,0.235,-0.022,0.528,0.568,0.373,0.529,0.073,0.089,-0.236,-0.36,0.398,-0.11,-0.014,0.003,0.4,0.194,0.577,0.591,-0.228,0.499,0.101,0.24,0.536,-0.222,0.52,0.231,0.213,0.589,-0.001,0.377,0.067,0.734,-0.082,0.114,0.522,0.447,0.503,0.727,0.672,-0.29,0.443,-0.274,0.381,0.475,-0.322,0.536,-0.196,0.583,0.365,0.485,-0.205,-0.229,0.466,-0.387,0.401,0.426,0.509,0.379,-0.003,0.607,0.482,0.587,0.602,-0.103,0.202,0.475,0.306,-0.223,0.356,0.159,-0.009,0.416,0.481,-0.085,0.038,-0.034,0.516,0.567,0.379,-0.221,-0.182,0.076,-0.209,0.364,-0.077,0.336,0.236,-0.224,-0.087,-0.365,0.148,-0.097,0.372,0.446,0.304,0.425,0.057,-0.112,0.353,-0.081,0.35,-0.275,0.39,-0.115,0.679,0.274,-0.338,0.404,0.423,0.364,0.303,-0.053,-0.196,0.251,0.548,0.517,0.213,0.079,-0.062,0.145,0.379,0.512,0.366,-0.171,-0.346,0.298,-0.012,0.369,-0.08,-0.315,0.01,0.033,-0.097,0.194,0.44,-0.415,0.18,0.393,0.369,-0.199,-0.223,0.23,0.283,-0.371,0.08,-0.198,0.466,0.49,0.135,0.143,0.562,-0.574,0.472,0.616,0.134,0.445,-0.088,0.475,-0.503,0.455,0.532,0.52,0.314,-0.31,0.159,0.601,0.214,-0.314,0.475,0.079,-0.261,-0.339,0.051,-0.207,-0.015,0.667,0.326,-0.597,-0.105,0.422
ANAB,0.126,-0.057,-0.634,0.113,0.286,0.059,-0.406,-0.354,0.666,-0.551,0.361,0.168,0.0,0.134,0.697,0.205,-0.198,0.49,-0.668,-0.622,-0.623,0.772,0.441,0.15,0.763,0.15,0.443,-0.159,0.038,0.623,0.55,0.497,-0.553,0.553,-0.424,-0.573,-0.076,0.27,0.541,0.507,0.057,-0.187,-0.486,0.564,0.177,0.577,-0.176,-0.034,0.53,-0.478,0.21,0.342,0.466,0.203,-0.485,-0.406,-0.433,0.16,0.3,0.387,-0.308,0.366,0.473,0.498,-0.044,-0.135,0.365,-0.131,0.42,-0.508,0.442,0.281,0.525,0.589,0.011,-0.445,0.487,-0.411,0.631,0.004,0.426,0.274,0.267,0.359,0.478,-0.163,-0.518,0.042,0.112,0.399,0.492,-0.47,0.508,0.521,0.524,-0.199,0.148,-0.003,-0.511,-0.747,0.46,0.59,-0.37,-0.627,0.228,0.178,-0.261,0.619,-0.148,0.424,-0.771,-0.438,-0.571,0.229,-0.537,-0.409,0.807,0.534,0.523,0.466,0.448,0.603,0.597,-0.584,0.138,-0.258,0.522,-0.134,0.513,0.547,0.744,0.422,0.459,0.481,-0.136,-0.579,0.679,-0.604,0.416,0.245,-0.506,0.225,-0.337,0.194,0.47,0.265,0.76,0.004,0.628,0.531,-0.142,0.49,0.513,0.206,-0.394,0.462,0.633,0.059,0.195,0.489,0.564,0.213,-0.134,0.457,-0.056,0.171,0.411,-0.382,0.323,0.64,0.63,0.2,0.336,-0.029,-0.556,0.436,0.791,-0.531,0.456,-0.35,-0.253,-0.5,0.186,0.385,0.67,-0.04,0.682,0.305,-0.139,-0.423,0.396,0.58,-0.517,0.39,-0.072,-0.064,0.616,0.323,0.617,-0.454
ANDE,-0.097,0.467,-0.121,0.577,0.143,-0.374,-0.37,-0.535,0.48,-0.378,0.46,-0.337,0.134,0.0,0.34,0.574,0.147,0.37,-0.455,-0.281,-0.286,0.337,0.018,-0.382,0.033,-0.427,0.016,-0.35,0.704,0.601,0.155,0.585,-0.05,0.591,-0.556,-0.151,-0.534,-0.233,0.388,-0.162,-0.247,-0.185,-0.382,0.554,-0.438,0.223,0.059,-0.351,0.418,-0.331,0.33,-0.357,0.124,0.377,-0.51,-0.507,-0.487,-0.483,-0.351,0.643,-0.517,0.606,0.061,-0.272,0.226,-0.308,0.534,-0.503,-0.224,-0.493,0.614,0.705,-0.155,0.444,-0.457,-0.087,-0.019,-0.328,0.236,-0.607,-0.017,-0.197,-0.253,0.616,0.181,-0.394,-0.35,0.39,0.021,0.05,0.399,-0.527,-0.117,0.288,0.494,0.291,-0.235,-0.158,-0.461,0.014,0.238,0.125,0.437,-0.267,0.068,0.184,0.317,0.407,0.33,0.616,-0.277,0.194,-0.093,0.333,-0.413,-0.558,0.325,0.236,0.101,0.445,0.234,0.526,-0.206,0.081,-0.405,-0.041,0.624,-0.606,-0.041,0.103,0.092,0.577,0.417,0.114,-0.526,-0.484,0.238,-0.166,0.152,0.379,-0.498,-0.235,-0.165,0.583,0.505,0.341,0.366,-0.209,0.517,0.426,-0.112,0.373,0.409,-0.011,-0.366,0.596,0.319,-0.309,-0.057,0.401,0.517,0.373,0.232,0.544,-0.381,0.353,-0.157,-0.459,0.184,0.277,-0.08,0.399,-0.153,-0.477,-0.22,-0.149,0.227,-0.578,0.655,-0.605,-0.294,-0.38,-0.112,0.582,0.317,-0.504,-0.112,0.553,-0.166,0.204,0.633,0.546,-0.069,0.639,0.435,-0.422,0.135,0.534,0.423,-0.387
APLS,-0.266,0.284,-0.783,0.278,0.626,-0.247,-0.621,-0.789,0.695,-0.899,0.627,-0.094,0.697,0.34,0.0,0.491,-0.038,0.667,-0.598,-0.751,-0.865,0.734,0.338,-0.017,0.519,0.044,0.464,-0.575,0.271,0.697,0.605,0.785,-0.73,0.591,-0.69,-0.533,-0.238,0.184,0.872,0.496,0.291,-0.282,-0.642,0.705,-0.064,0.791,-0.173,-0.086,0.786,-0.826,0.529,-0.01,0.702,0.36,-0.678,-0.509,-0.571,-0.161,0.203,0.67,-0.637,0.787,0.609,0.091,0.228,-0.19,0.58,-0.326,0.267,-0.808,0.777,0.637,0.431,0.886,-0.169,-0.415,0.507,-0.58,0.843,-0.362,0.478,0.309,0.277,0.67,0.641,-0.486,-0.884,0.491,-0.345,0.629,0.84,-0.6,0.418,0.714,0.804,0.077,0.111,-0.214,-0.785,-0.456,0.853,0.42,-0.249,-0.719,0.438,0.359,-0.095,0.676,-0.209,0.803,-0.852,-0.409,-0.625,0.222,-0.776,-0.484,0.887,0.767,0.334,0.772,0.062,0.84,0.497,-0.712,-0.065,-0.248,0.777,-0.455,0.563,0.665,0.734,0.781,0.638,0.673,-0.402,-0.755,0.711,-0.85,0.679,0.375,-0.82,0.194,-0.66,0.641,0.881,0.219,0.914,0.013,0.832,0.872,0.048,0.705,0.763,0.332,-0.472,0.842,0.801,0.205,0.073,0.69,0.847,0.146,-0.072,0.798,-0.06,0.599,0.379,-0.715,0.426,0.82,0.413,0.474,0.375,-0.19,-0.863,0.406,0.819,-0.781,0.739,-0.517,-0.304,-0.65,-0.042,0.779,0.675,-0.227,0.408,0.734,-0.566,-0.265,0.807,0.891,-0.792,0.759,0.118,-0.236,0.706,0.746,0.838,-0.537
APPF,-0.392,0.69,-0.389,0.595,0.235,-0.703,-0.688,-0.731,0.347,-0.722,0.2,-0.625,0.205,0.574,0.491,0.0,0.634,0.271,-0.383,-0.6,-0.579,0.476,0.013,-0.621,-0.084,-0.597,0.216,-0.377,0.558,0.602,0.031,0.594,-0.23,0.337,-0.819,-0.338,-0.707,-0.533,0.606,-0.262,0.151,-0.494,-0.611,0.626,-0.563,0.15,-0.074,-0.619,0.449,-0.61,0.094,-0.74,0.262,0.268,-0.789,-0.684,-0.741,-0.801,-0.553,0.582,-0.792,0.677,-0.0,-0.55,0.407,-0.722,0.552,-0.793,-0.343,-0.761,0.701,0.617,-0.365,0.674,-0.642,-0.477,-0.253,-0.58,0.382,-0.762,-0.277,-0.271,-0.3,0.535,0.006,-0.796,-0.589,0.525,-0.224,-0.07,0.427,-0.744,-0.3,0.314,0.491,0.189,-0.53,-0.525,-0.741,0.17,0.485,0.024,0.462,-0.55,0.541,-0.066,0.041,0.623,0.155,0.741,-0.434,0.071,-0.432,-0.039,-0.669,-0.675,0.358,0.346,-0.069,0.468,-0.133,0.675,-0.306,0.002,-0.737,-0.415,0.75,-0.455,-0.271,-0.048,0.069,0.485,0.38,0.242,-0.792,-0.703,0.215,-0.304,0.251,0.352,-0.783,-0.471,-0.433,0.553,0.701,0.103,0.446,-0.532,0.599,0.617,-0.211,0.306,0.5,0.011,-0.737,0.806,0.367,-0.29,-0.421,0.529,0.668,0.199,-0.066,0.577,-0.452,0.408,-0.36,-0.754,0.241,0.254,-0.325,0.642,-0.331,-0.756,-0.369,-0.217,0.346,-0.834,0.756,-0.738,-0.68,-0.817,-0.5,0.707,0.06,-0.78,-0.166,0.625,-0.507,0.039,0.715,0.711,-0.279,0.653,0.198,-0.762,-0.005,0.823,0.549,-0.566
ASML,-0.115,0.598,0.178,0.238,-0.133,-0.39,-0.122,-0.212,-0.231,-0.158,-0.175,-0.39,-0.198,0.147,-0.038,0.634,0.0,-0.359,0.141,-0.066,-0.065,-0.103,-0.076,-0.468,-0.274,-0.456,-0.095,0.032,0.317,0.01,-0.398,-0.024,0.213,-0.134,-0.254,0.197,-0.303,-0.49,0.111,-0.336,0.393,-0.037,-0.131,0.071,-0.245,-0.282,-0.188,-0.426,-0.114,-0.172,-0.34,-0.606,-0.155,-0.111,-0.34,-0.152,-0.24,-0.511,-0.553,-0.078,-0.192,0.197,-0.32,-0.509,-0.035,-0.609,-0.088,-0.407,-0.286,-0.132,0.133,0.079,-0.488,0.023,-0.319,-0.039,-0.476,-0.01,0.039,-0.358,-0.505,-0.316,-0.287,0.105,-0.42,-0.386,0.017,0.119,-0.065,-0.322,-0.124,-0.144,-0.369,-0.226,-0.062,0.066,-0.429,-0.278,-0.123,0.425,0.031,-0.007,0.469,0.074,0.441,-0.368,0.075,0.08,0.134,0.073,0.044,0.087,-0.006,-0.194,0.001,-0.216,-0.243,-0.074,-0.511,-0.133,-0.352,0.029,-0.444,0.353,-0.463,-0.343,0.175,-0.089,-0.594,-0.364,-0.215,-0.035,-0.114,0.077,-0.345,-0.047,-0.293,0.23,-0.25,0.074,-0.238,-0.46,-0.068,0.103,0.064,-0.179,-0.174,-0.364,-0.004,-0.049,-0.033,-0.292,-0.087,-0.377,-0.286,0.206,-0.144,-0.234,-0.645,-0.114,-0.006,-0.121,0.157,-0.094,-0.324,-0.012,-0.397,-0.136,-0.131,-0.26,-0.324,0.432,-0.469,-0.41,0.196,-0.33,-0.133,-0.231,0.091,-0.19,-0.432,-0.318,-0.339,0.141,-0.371,-0.386,-0.312,-0.04,-0.079,-0.011,0.173,0.05,0.162,0.037,0.054,-0.46,-0.311,0.22,-0.072,-0.092
ATRC,-0.477,0.349,-0.717,0.001,0.762,-0.229,-0.325,-0.568,0.567,-0.579,0.483,-0.006,0.49,0.37,0.667,0.271,-0.359,0.0,-0.432,-0.342,-0.687,0.66,0.23,0.287,0.45,0.205,0.631,-0.693,0.119,0.553,0.821,0.742,-0.546,0.58,-0.514,-0.229,-0.121,0.395,0.661,0.489,0.047,-0.489,-0.243,0.603,-0.327,0.776,0.336,0.278,0.802,-0.525,0.766,0.131,0.604,0.701,-0.235,-0.261,-0.167,0.061,0.463,0.683,-0.516,0.442,0.788,0.103,0.48,0.28,0.719,-0.066,0.193,-0.502,0.643,0.551,0.514,0.69,-0.114,-0.134,0.662,-0.326,0.451,-0.242,0.662,0.51,0.461,0.467,0.672,-0.378,-0.701,0.691,-0.158,0.413,0.798,-0.396,0.465,0.855,0.717,0.474,0.322,-0.175,-0.462,-0.141,0.67,0.011,-0.164,-0.452,0.225,0.7,0.043,0.355,-0.09,0.686,-0.484,-0.233,-0.205,0.324,-0.619,-0.119,0.755,0.562,0.704,0.876,0.33,0.746,0.407,-0.612,0.138,0.319,0.548,-0.336,0.721,0.724,0.678,0.781,0.605,0.205,-0.35,-0.489,0.865,-0.748,0.857,0.412,-0.46,0.446,-0.587,0.611,0.713,0.365,0.808,-0.037,0.749,0.767,-0.031,0.785,0.752,0.788,-0.133,0.591,0.761,0.378,0.491,0.777,0.778,0.474,0.066,0.706,0.06,0.772,0.402,-0.623,0.705,0.847,0.263,0.185,0.549,-0.024,-0.753,0.565,0.505,-0.487,0.633,-0.321,0.167,-0.301,-0.057,0.725,0.718,-0.154,0.257,0.754,-0.424,0.055,0.602,0.718,-0.709,0.651,0.374,0.094,0.663,0.589,0.845,-0.132
AVGO,-0.043,-0.145,0.588,-0.435,-0.199,0.428,0.683,0.449,-0.84,0.509,-0.402,0.005,-0.668,-0.455,-0.598,-0.383,0.141,-0.432,0.0,0.706,0.457,-0.806,-0.558,0.346,-0.438,0.374,-0.41,0.349,-0.593,-0.779,-0.47,-0.696,0.374,-0.733,0.743,0.605,0.564,0.158,-0.408,-0.054,0.368,0.346,0.497,-0.788,0.307,-0.407,-0.086,0.369,-0.607,0.327,-0.138,-0.055,-0.218,-0.427,0.671,0.752,0.679,0.279,0.085,-0.701,0.631,-0.548,-0.268,-0.064,-0.284,0.274,-0.706,0.553,0.177,0.634,-0.72,-0.708,-0.029,-0.549,0.575,0.467,-0.163,0.684,-0.463,0.48,-0.125,-0.039,-0.008,-0.674,-0.192,0.492,0.467,-0.215,-0.272,-0.059,-0.522,0.784,-0.098,-0.269,-0.699,-0.052,0.279,0.002,0.692,0.544,-0.23,-0.29,-0.2,0.658,-0.109,-0.159,-0.048,-0.763,-0.369,-0.633,0.55,-0.067,0.473,-0.388,0.734,0.759,-0.732,-0.261,-0.47,-0.529,-0.541,-0.695,-0.064,0.163,0.273,0.217,-0.766,0.364,-0.249,-0.286,-0.419,-0.517,-0.286,-0.545,0.536,0.672,-0.578,0.344,-0.218,-0.587,0.709,0.206,0.063,-0.478,-0.576,-0.658,-0.68,0.414,-0.754,-0.493,0.568,-0.609,-0.564,-0.111,0.657,-0.634,-0.682,0.316,-0.261,-0.619,-0.695,-0.548,0.037,-0.515,0.495,-0.16,0.055,0.511,-0.346,-0.495,-0.246,-0.166,0.019,0.501,0.399,-0.093,-0.49,0.69,-0.644,0.779,0.502,0.626,0.213,-0.57,-0.518,0.477,-0.2,-0.505,0.046,-0.021,-0.661,-0.633,0.216,-0.702,-0.28,0.375,-0.318,-0.419,-0.648,0.655
AVT,0.192,-0.061,0.639,-0.565,-0.171,0.44,0.9,0.611,-0.588,0.81,-0.255,0.319,-0.622,-0.281,-0.751,-0.6,-0.066,-0.342,0.706,0.0,0.621,-0.675,-0.245,0.489,-0.214,0.375,-0.355,0.241,-0.298,-0.678,-0.193,-0.6,0.535,-0.366,0.751,0.82,0.587,0.349,-0.592,0.003,0.073,0.358,0.83,-0.62,0.202,-0.313,0.328,0.601,-0.452,0.657,-0.058,0.236,-0.468,-0.044,0.879,0.791,0.861,0.515,0.254,-0.623,0.72,-0.668,-0.117,-0.011,-0.271,0.547,-0.498,0.699,0.076,0.888,-0.638,-0.543,0.053,-0.79,0.477,0.828,0.039,0.896,-0.659,0.446,0.072,0.202,0.227,-0.53,-0.265,0.576,0.71,-0.203,0.234,-0.278,-0.473,0.836,0.056,-0.372,-0.543,0.183,0.427,0.328,0.907,0.537,-0.526,-0.36,0.063,0.937,-0.276,0.122,0.296,-0.803,0.013,-0.699,0.73,0.094,0.855,0.016,0.831,0.79,-0.679,-0.501,-0.134,-0.456,-0.071,-0.706,-0.179,0.337,0.492,0.583,-0.719,0.366,-0.112,-0.135,-0.291,-0.397,-0.317,-0.559,0.555,0.873,-0.411,0.543,-0.309,-0.206,0.849,0.354,0.398,-0.395,-0.734,-0.143,-0.664,0.31,-0.637,-0.71,0.306,-0.481,-0.487,-0.023,0.816,-0.754,-0.522,0.227,0.138,-0.565,-0.708,-0.122,0.383,-0.672,0.261,-0.188,0.118,0.731,-0.199,-0.402,-0.021,-0.494,0.143,0.592,0.591,0.065,-0.675,0.86,-0.753,0.735,0.707,0.884,0.249,-0.583,-0.266,0.506,-0.228,-0.53,0.528,0.307,-0.62,-0.752,0.437,-0.634,0.135,0.655,-0.215,-0.709,-0.615,0.889
AXDX,0.358,-0.404,0.776,-0.151,-0.688,0.284,0.526,0.772,-0.587,0.872,-0.478,0.235,-0.623,-0.286,-0.865,-0.579,-0.065,-0.687,0.457,0.621,0.0,-0.672,-0.196,-0.057,-0.465,-0.098,-0.516,0.576,-0.178,-0.635,-0.61,-0.716,0.719,-0.511,0.652,0.472,0.176,-0.199,-0.899,-0.481,-0.429,0.447,0.538,-0.659,0.149,-0.767,0.047,0.011,-0.805,0.806,-0.48,0.182,-0.724,-0.395,0.586,0.395,0.49,0.187,-0.189,-0.561,0.659,-0.642,-0.633,0.091,-0.277,0.201,-0.58,0.263,-0.289,0.766,-0.699,-0.503,-0.419,-0.876,0.124,0.399,-0.494,0.448,-0.735,0.415,-0.458,-0.361,-0.34,-0.503,-0.625,0.546,0.881,-0.582,0.395,-0.524,-0.823,0.539,-0.425,-0.77,-0.734,-0.093,-0.157,0.298,0.713,0.281,-0.869,-0.226,0.183,0.652,-0.552,-0.364,0.083,-0.582,0.28,-0.777,0.776,0.491,0.571,-0.026,0.766,0.338,-0.808,-0.795,-0.384,-0.799,0.059,-0.842,-0.38,0.705,0.118,0.195,-0.716,0.357,-0.495,-0.644,-0.709,-0.733,-0.68,-0.426,0.428,0.698,-0.707,0.868,-0.748,-0.336,0.762,-0.256,0.728,-0.554,-0.828,-0.141,-0.879,0.071,-0.8,-0.875,-0.08,-0.664,-0.807,-0.438,0.46,-0.801,-0.736,-0.263,-0.027,-0.727,-0.825,-0.11,0.163,-0.718,-0.025,-0.69,-0.373,0.742,-0.478,-0.822,-0.295,-0.502,-0.423,0.168,0.849,-0.448,-0.781,0.737,-0.678,0.452,0.286,0.656,0.142,-0.761,-0.588,0.295,-0.331,-0.765,0.656,0.271,-0.728,-0.872,0.827,-0.679,-0.067,0.198,-0.679,-0.778,-0.809,0.399
AXSM,-0.17,0.308,-0.808,0.291,0.442,-0.408,-0.66,-0.593,0.782,-0.688,0.407,-0.022,0.772,0.337,0.734,0.476,-0.103,0.66,-0.806,-0.675,-0.672,0.0,0.582,-0.158,0.538,-0.173,0.576,-0.517,0.41,0.78,0.641,0.785,-0.586,0.681,-0.789,-0.52,-0.465,-0.009,0.613,0.237,-0.08,-0.53,-0.512,0.792,-0.314,0.584,0.069,-0.207,0.753,-0.56,0.339,0.088,0.355,0.533,-0.595,-0.703,-0.608,-0.191,0.093,0.727,-0.665,0.572,0.483,0.063,0.405,-0.21,0.768,-0.473,-0.071,-0.662,0.775,0.653,0.203,0.688,-0.455,-0.432,0.346,-0.627,0.558,-0.404,0.286,0.258,0.234,0.653,0.311,-0.548,-0.652,0.444,0.085,0.174,0.672,-0.748,0.237,0.54,0.763,0.187,-0.132,-0.172,-0.721,-0.441,0.503,0.248,0.054,-0.679,0.322,0.377,-0.039,0.79,0.16,0.732,-0.678,-0.062,-0.446,0.404,-0.765,-0.619,0.811,0.416,0.605,0.683,0.478,0.793,0.222,-0.418,-0.172,-0.194,0.756,-0.254,0.434,0.454,0.607,0.647,0.445,0.562,-0.552,-0.721,0.744,-0.563,0.509,0.578,-0.741,-0.011,-0.369,0.563,0.712,0.534,0.832,-0.383,0.856,0.661,-0.419,0.658,0.72,0.406,-0.614,0.723,0.803,-0.08,0.239,0.718,0.821,0.488,0.0,0.656,-0.381,0.384,0.087,-0.64,0.619,0.675,0.281,0.236,0.168,-0.415,-0.596,0.286,0.588,-0.735,0.696,-0.688,-0.335,-0.649,-0.273,0.701,0.652,-0.468,0.362,0.621,-0.197,-0.007,0.7,0.751,-0.517,0.739,0.318,-0.331,0.47,0.554,0.847,-0.457
AZN,0.121,0.191,-0.437,-0.093,0.291,-0.291,-0.22,-0.149,0.505,-0.19,0.227,0.528,0.441,0.018,0.338,0.013,-0.076,0.23,-0.558,-0.245,-0.196,0.582,0.0,-0.002,0.349,-0.014,0.372,-0.346,0.365,0.252,0.552,0.419,-0.298,0.442,-0.385,-0.113,-0.13,0.103,0.185,0.263,-0.035,-0.212,0.071,0.37,-0.076,0.36,0.206,0.056,0.447,-0.033,0.057,0.357,-0.007,0.443,-0.13,-0.293,-0.168,0.119,0.233,0.295,-0.268,0.221,0.409,0.115,0.114,0.056,0.412,-0.132,-0.085,-0.146,0.422,0.367,0.123,0.116,-0.319,0.034,0.295,-0.219,0.337,-0.07,0.244,0.425,0.423,0.491,0.105,-0.212,-0.16,0.198,0.295,0.01,0.396,-0.308,0.179,0.043,0.531,0.163,-0.01,0.257,-0.284,-0.309,0.102,0.056,0.224,-0.168,0.254,0.384,0.334,0.373,0.207,0.262,-0.201,0.086,0.011,0.513,-0.355,-0.257,0.433,0.023,0.446,0.32,0.44,0.284,0.071,-0.087,0.137,-0.05,0.3,0.112,0.369,0.313,0.436,0.339,-0.025,0.63,-0.133,-0.072,0.482,-0.119,0.091,0.572,-0.329,0.041,0.208,0.337,0.211,0.575,0.431,-0.264,0.512,0.107,-0.47,0.399,0.372,0.267,-0.24,0.252,0.622,0.037,0.343,0.306,0.351,0.495,0.224,0.106,-0.397,0.062,0.103,-0.133,0.478,0.375,0.359,-0.283,0.189,-0.088,-0.162,0.317,0.11,-0.199,0.139,-0.311,0.012,-0.153,-0.236,0.26,0.326,-0.152,0.109,0.198,0.259,0.181,0.369,0.223,-0.116,0.419,0.323,0.054,0.341,-0.043,0.395,-0.042
BANR,0.076,-0.231,-0.026,-0.777,0.384,0.661,0.687,0.259,-0.108,0.261,0.154,0.568,0.15,-0.382,-0.017,-0.621,-0.468,0.287,0.346,0.489,-0.057,-0.158,-0.002,0.0,0.499,0.928,0.126,-0.034,-0.59,-0.355,0.48,-0.187,-0.147,-0.021,0.571,0.353,0.882,0.956,0.028,0.786,0.4,0.223,0.51,-0.287,0.54,0.467,0.209,0.946,0.096,0.12,0.416,0.674,0.264,0.125,0.654,0.75,0.745,0.911,0.897,-0.37,0.534,-0.378,0.614,0.509,-0.298,0.766,-0.27,0.919,0.748,0.455,-0.333,-0.412,0.859,-0.187,0.822,0.518,0.794,0.639,0.033,0.609,0.796,0.729,0.746,-0.351,0.522,0.526,0.079,-0.033,-0.01,0.457,0.138,0.665,0.772,0.334,-0.046,0.045,0.944,0.354,0.524,-0.088,0.147,0.077,-0.606,0.395,-0.049,0.484,-0.022,-0.475,-0.467,-0.333,0.02,-0.583,0.324,0.09,0.364,0.782,0.117,0.219,0.373,0.097,0.048,-0.187,0.642,-0.519,0.884,0.564,-0.399,0.282,0.683,0.656,0.524,0.066,0.195,-0.177,0.641,0.465,0.316,-0.287,0.366,-0.152,0.49,0.953,-0.143,-0.19,-0.255,-0.094,0.086,0.645,-0.129,-0.087,0.52,0.073,0.046,0.441,0.735,-0.406,0.112,0.735,0.437,-0.096,-0.201,-0.103,0.165,-0.224,0.617,0.235,0.848,0.379,0.162,0.386,0.64,-0.354,0.846,0.925,-0.165,0.741,0.109,0.519,-0.45,0.728,0.791,0.601,0.579,-0.23,0.397,0.787,0.423,-0.158,0.114,-0.179,-0.325,-0.218,-0.331,-0.338,-0.086,0.909,0.592,-0.387,-0.022,0.641
BBIO,0.271,-0.067,-0.396,-0.222,0.349,0.36,0.057,-0.242,0.511,-0.242,0.523,0.373,0.763,0.033,0.519,-0.084,-0.274,0.45,-0.438,-0.214,-0.465,0.538,0.349,0.499,0.0,0.467,0.322,-0.174,-0.032,0.372,0.636,0.361,-0.383,0.522,-0.115,-0.158,0.303,0.617,0.393,0.734,0.221,0.026,-0.089,0.428,0.334,0.694,-0.042,0.382,0.471,-0.305,0.38,0.599,0.373,0.266,-0.099,-0.015,0.001,0.487,0.575,0.197,-0.004,0.202,0.586,0.492,-0.228,0.15,0.165,0.28,0.571,-0.156,0.293,0.177,0.736,0.294,0.306,0.007,0.738,0.023,0.544,0.142,0.672,0.566,0.571,0.261,0.454,-0.01,-0.314,0.02,0.241,0.465,0.457,-0.052,0.742,0.453,0.441,0.001,0.542,0.221,-0.109,-0.566,0.342,0.589,-0.406,-0.2,0.082,0.392,-0.117,0.313,-0.046,0.189,-0.58,-0.563,-0.207,0.408,-0.187,-0.035,0.643,0.485,0.47,0.375,0.399,0.335,0.662,-0.562,0.475,0.149,0.343,-0.095,0.633,0.724,0.79,0.443,0.41,0.325,0.111,-0.221,0.617,-0.484,0.387,0.225,-0.214,0.574,-0.326,0.229,0.229,0.361,0.575,0.294,0.45,0.307,0.131,0.337,0.412,0.227,0.046,0.189,0.602,0.253,0.22,0.224,0.362,0.152,0.165,0.186,0.077,0.265,0.693,-0.014,0.353,0.653,0.807,0.012,0.577,0.348,-0.397,0.621,0.564,-0.2,0.111,0.022,0.099,-0.051,0.457,0.266,0.769,0.299,0.712,0.166,0.084,-0.307,0.26,0.313,-0.425,0.199,0.087,0.342,0.739,0.031,0.473,-0.043
BCYC,0.134,-0.341,-0.054,-0.74,0.346,0.692,0.606,0.209,-0.141,0.156,0.183,0.529,0.15,-0.427,0.044,-0.597,-0.456,0.205,0.374,0.375,-0.098,-0.173,-0.014,0.928,0.467,0.0,0.026,-0.006,-0.619,-0.398,0.403,-0.22,-0.271,-0.102,0.578,0.236,0.91,0.896,0.114,0.822,0.486,0.228,0.388,-0.383,0.641,0.476,-0.006,0.856,0.056,-0.0,0.397,0.621,0.369,-0.057,0.575,0.714,0.664,0.826,0.81,-0.403,0.469,-0.298,0.568,0.469,-0.395,0.654,-0.357,0.878,0.807,0.347,-0.346,-0.458,0.84,-0.127,0.87,0.401,0.744,0.572,0.167,0.582,0.734,0.683,0.701,-0.367,0.562,0.5,-0.009,-0.086,-0.21,0.611,0.154,0.652,0.733,0.338,-0.063,-0.12,0.896,0.296,0.434,-0.15,0.242,0.147,-0.685,0.285,-0.059,0.436,-0.12,-0.42,-0.597,-0.299,-0.101,-0.663,0.164,0.012,0.303,0.73,0.108,0.33,0.229,0.049,-0.147,-0.205,0.645,-0.598,0.794,0.374,-0.405,0.294,0.647,0.619,0.481,0.051,0.226,-0.123,0.678,0.404,0.227,-0.362,0.317,-0.304,0.414,0.891,-0.191,-0.198,-0.227,-0.258,0.104,0.741,-0.154,-0.032,0.63,0.007,0.064,0.348,0.661,-0.374,0.103,0.742,0.283,-0.178,-0.207,-0.303,-0.008,-0.186,0.676,0.211,0.846,0.343,0.11,0.37,0.631,-0.259,0.841,0.913,-0.24,0.683,0.18,0.456,-0.445,0.716,0.696,0.527,0.591,-0.237,0.349,0.782,0.512,-0.149,-0.003,-0.339,-0.319,-0.195,-0.398,-0.338,-0.259,0.829,0.587,-0.338,-0.039,0.55
BHFAP,-0.373,0.288,-0.585,-0.076,0.548,-0.318,-0.349,-0.299,0.304,-0.411,0.008,0.073,0.443,0.016,0.464,0.216,-0.095,0.631,-0.41,-0.355,-0.516,0.576,0.372,0.126,0.322,0.026,0.0,-0.415,0.032,0.411,0.564,0.465,-0.379,0.319,-0.454,-0.193,-0.163,0.169,0.396,0.299,0.058,-0.447,-0.156,0.447,-0.303,0.433,0.335,0.144,0.515,-0.316,0.286,0.115,0.395,0.531,-0.215,-0.239,-0.123,0.062,0.373,0.402,-0.356,0.147,0.556,0.138,0.411,0.155,0.526,-0.128,0.06,-0.319,0.423,0.285,0.291,0.445,-0.222,-0.214,0.367,-0.331,0.267,-0.061,0.368,0.383,0.395,0.295,0.248,-0.378,-0.429,0.44,0.038,0.026,0.486,-0.363,0.311,0.538,0.469,0.338,0.11,-0.099,-0.351,-0.138,0.392,-0.021,-0.102,-0.376,0.305,0.363,-0.105,0.304,-0.029,0.395,-0.278,-0.083,-0.163,0.097,-0.485,-0.085,0.55,0.239,0.514,0.564,0.346,0.551,0.285,-0.34,0.104,0.17,0.339,-0.001,0.433,0.43,0.508,0.41,0.209,0.288,-0.3,-0.331,0.715,-0.449,0.595,0.32,-0.359,0.212,-0.307,0.288,0.451,0.265,0.579,-0.324,0.51,0.475,-0.351,0.525,0.447,0.586,-0.208,0.355,0.577,0.297,0.38,0.594,0.549,0.429,0.045,0.366,-0.041,0.427,0.149,-0.476,0.555,0.543,0.168,0.164,0.296,-0.113,-0.473,0.383,0.305,-0.336,0.4,-0.26,0.026,-0.343,-0.21,0.474,0.423,-0.17,0.192,0.39,-0.202,-0.012,0.362,0.446,-0.447,0.376,0.206,0.011,0.385,0.368,0.626,-0.112
BKR,0.427,-0.623,0.647,-0.061,-0.738,0.494,0.337,0.644,-0.474,0.57,-0.522,0.089,-0.159,-0.35,-0.575,-0.377,0.032,-0.693,0.349,0.241,0.576,-0.517,-0.346,-0.034,-0.174,-0.006,-0.415,0.0,-0.377,-0.458,-0.678,-0.724,0.532,-0.513,0.616,-0.007,0.26,-0.166,-0.639,-0.311,-0.174,0.446,0.181,-0.565,0.478,-0.677,-0.33,-0.141,-0.795,0.517,-0.607,0.097,-0.36,-0.752,0.274,0.293,0.21,0.199,-0.207,-0.655,0.655,-0.551,-0.651,0.314,-0.569,-0.207,-0.747,0.215,0.096,0.484,-0.737,-0.666,-0.21,-0.579,0.315,-0.109,-0.429,0.253,-0.393,0.523,-0.464,-0.447,-0.389,-0.644,-0.438,0.59,0.708,-0.802,0.188,-0.263,-0.833,0.383,-0.232,-0.581,-0.744,-0.535,-0.17,0.186,0.475,-0.193,-0.658,0.22,-0.169,0.274,-0.402,-0.765,-0.292,-0.321,-0.017,-0.742,0.392,0.061,0.094,-0.277,0.594,0.193,-0.525,-0.41,-0.359,-0.801,-0.043,-0.685,-0.016,0.446,-0.017,-0.177,-0.538,0.467,-0.494,-0.566,-0.501,-0.787,-0.484,-0.281,0.426,0.348,-0.578,0.599,-0.638,-0.548,0.585,-0.229,0.463,-0.827,-0.686,-0.344,-0.657,0.176,-0.754,-0.661,0.114,-0.693,-0.799,-0.643,0.195,-0.645,-0.734,-0.206,-0.351,-0.643,-0.716,-0.359,-0.157,-0.641,0.207,-0.805,-0.209,0.636,-0.683,-0.715,-0.067,-0.174,-0.401,0.175,0.677,-0.429,-0.237,0.497,-0.567,0.428,-0.058,0.265,0.337,-0.786,-0.483,0.356,-0.006,-0.805,0.344,-0.24,-0.752,-0.631,0.627,-0.762,-0.661,0.035,-0.534,-0.577,-0.763,-0.001
BLDP,0.046,0.531,-0.133,0.516,0.058,-0.578,-0.467,-0.484,0.505,-0.286,0.382,-0.236,0.038,0.704,0.271,0.558,0.317,0.119,-0.593,-0.298,-0.178,0.41,0.365,-0.59,-0.032,-0.619,0.032,-0.377,0.0,0.55,0.109,0.553,0.019,0.653,-0.672,-0.109,-0.659,-0.426,0.239,-0.287,-0.268,-0.202,-0.249,0.629,-0.549,0.101,0.123,-0.446,0.418,-0.176,0.042,-0.355,-0.128,0.441,-0.527,-0.605,-0.528,-0.563,-0.457,0.586,-0.56,0.594,-0.042,-0.468,0.321,-0.419,0.567,-0.633,-0.539,-0.411,0.689,0.767,-0.411,0.262,-0.744,-0.03,-0.18,-0.384,0.191,-0.748,-0.197,-0.117,-0.157,0.735,-0.18,-0.524,-0.185,0.388,0.187,-0.195,0.339,-0.581,-0.294,-0.034,0.55,0.356,-0.45,-0.025,-0.464,0.084,0.033,0.029,0.702,-0.167,0.127,0.109,0.456,0.482,0.623,0.539,-0.124,0.394,0.037,0.433,-0.431,-0.662,0.233,-0.014,0.02,0.341,0.274,0.43,-0.455,0.297,-0.511,-0.095,0.674,-0.447,-0.182,-0.053,0.004,0.493,0.115,0.382,-0.638,-0.387,0.149,0.068,-0.069,0.653,-0.573,-0.442,0.084,0.595,0.436,0.587,0.268,-0.463,0.536,0.21,-0.377,0.302,0.359,-0.158,-0.478,0.571,0.375,-0.428,-0.088,0.326,0.468,0.473,0.352,0.316,-0.66,0.178,-0.369,-0.33,0.211,0.129,-0.14,0.243,-0.33,-0.633,-0.016,-0.25,-0.0,-0.537,0.521,-0.712,-0.429,-0.404,-0.422,0.541,0.185,-0.622,-0.308,0.454,0.076,0.347,0.669,0.426,0.135,0.657,0.544,-0.484,-0.033,0.363,0.363,-0.368
BLFS,-0.104,0.347,-0.555,0.639,0.275,-0.372,-0.713,-0.657,0.758,-0.705,0.494,-0.36,0.623,0.601,0.697,0.602,0.01,0.553,-0.779,-0.678,-0.635,0.78,0.252,-0.355,0.372,-0.398,0.411,-0.458,0.55,0.0,0.379,0.756,-0.448,0.716,-0.811,-0.505,-0.636,-0.177,0.615,0.056,-0.206,-0.33,-0.717,0.875,-0.403,0.442,-0.013,-0.392,0.652,-0.596,0.276,-0.158,0.327,0.452,-0.776,-0.761,-0.742,-0.41,-0.171,0.782,-0.671,0.658,0.244,-0.057,0.368,-0.352,0.74,-0.608,-0.19,-0.754,0.784,0.76,0.073,0.75,-0.525,-0.469,0.16,-0.662,0.502,-0.55,0.143,-0.041,-0.075,0.73,0.231,-0.576,-0.656,0.359,0.087,0.099,0.62,-0.819,0.098,0.485,0.661,0.131,-0.241,-0.161,-0.75,-0.385,0.468,0.378,0.101,-0.676,0.199,0.179,-0.103,0.752,0.258,0.783,-0.675,-0.03,-0.525,0.178,-0.722,-0.765,0.735,0.41,0.33,0.639,0.419,0.834,0.129,-0.277,-0.323,-0.189,0.852,-0.558,0.215,0.312,0.436,0.621,0.519,0.428,-0.606,-0.843,0.561,-0.492,0.446,0.448,-0.789,-0.161,-0.415,0.593,0.734,0.416,0.752,-0.34,0.787,0.679,-0.312,0.583,0.633,0.1,-0.655,0.796,0.632,-0.309,0.098,0.64,0.818,0.386,-0.008,0.777,-0.42,0.377,-0.039,-0.691,0.302,0.553,0.156,0.483,-0.028,-0.547,-0.533,0.069,0.585,-0.83,0.852,-0.784,-0.561,-0.723,-0.16,0.747,0.555,-0.589,0.291,0.658,-0.255,-0.087,0.778,0.818,-0.384,0.748,0.362,-0.519,0.336,0.707,0.749,-0.617
