,ABAT,ACLS,ACMR,ADMA,ADUS,ADVM,AEIS,AGNCM,AHCO,ALGT,ALLO,AMSF,ANAB,ANDE,APLS,APPF,ASML,ATRC,AVGO,AVT,AXDX,AXSM,AZN,BANR,BBIO,BCYC,BHFAP,BKR,BLDP,BLFS,BLKB,BLMN,BNTX,BPMC,CALM,CAMT,CASH,CATY,CCEP,CDLX,CDNS,CENN,CENX,CGC,CHDN,CLBK,COKE,COLB,COO,CORT,CRMT,CRNX,CRTO,CRVL,CSCO,CSQ,CSWI,CVBF,CWST,CYCC,CZR,DLTR,DORM,ENTA,EQIX,ERIC,EVRG,EWBC,EXAS,EXLS,EXPI,EYE,FBNC,FBRX,FCNCA,FELE,FIBK,FLEX,FRGT,FRHC,FRME,FWONA,FWONK,GDEN,GIII,GILD,GLNG,GNTX,GOOGL,GRPN,HCSG,HIMX,HOPE,HST,HTLD,HUT,HWC,ICUI,IESC,INTC,INTU,IOVA,IPAR,IPGP,ISRG,JBSS,KALU,KPRX,KRNT,LAUR,LBRDA,LBTYK,LECO,LILAK,LITE,MANH,MDXG,MFIC,MGEE,MIDD,MLAB,MMSI,MNKD,MOMO,MRVL,NICE,NMFC,NUWE,NVCR,NWBI,OFIX,OFLX,OMCL,OPK,ORKA,ORLY,OTTR,PDD,PNTG,POOL,POWL,PPBI,PPC,PRAA,PRPL,PZZA,QTRX,QURE,RDFN,RDHL,REAL,REG,REYN,RGLD,RIOT,RUN,RYTM,SAIA,SBAC,SBRA,SCVL,SHOO,SLAB,SLDB,SMCI,SMTC,SRCE,SSP,SSRM,STBA,STRO,SVC,SYBT,TCBI,TCOM,TENX,TH,TMUS,TNDM,TTD,TTMI,UAL,ULH,ULTA,VCYT,VIRT,VKTX,VOD,VRDN,VREX,VRNT,VSAT,WB,WBD,WDC,WEN,WSFS,XXII,Z,ZBRA
ABAT,0.0,0.531,0.549,-0.519,-0.521,-0.283,-0.015,-0.408,-0.485,0.061,-0.281,-0.536,-0.578,-0.501,0.219,-0.396,0.534,-0.305,0.335,-0.189,-0.484,-0.557,-0.141,-0.539,-0.165,-0.508,0.279,-0.246,0.189,-0.349,-0.496,-0.305,-0.335,-0.241,-0.573,0.53,-0.625,-0.515,-0.043,-0.445,0.569,-0.24,0.264,-0.532,-0.009,-0.576,-0.358,-0.546,-0.467,-0.415,-0.298,-0.424,-0.736,-0.644,-0.024,-0.004,-0.553,-0.554,-0.346,-0.156,0.711,0.143,-0.41,-0.322,-0.247,-0.438,-0.539,-0.586,-0.493,-0.518,-0.466,-0.266,-0.619,-0.192,-0.6,-0.39,-0.578,-0.367,0.695,-0.398,-0.573,-0.596,-0.562,-0.177,0.359,-0.472,-0.589,0.386,0.457,-0.463,-0.291,0.621,-0.566,0.336,-0.421,-0.244,-0.572,-0.259,-0.147,0.072,0.398,-0.281,-0.537,-0.258,-0.292,-0.497,0.055,-0.648,-0.168,-0.216,-0.372,-0.471,-0.405,-0.321,-0.029,0.146,-0.528,0.383,-0.565,-0.282,-0.541,-0.119,-0.351,-0.365,0.508,-0.517,-0.361,0.711,-0.401,-0.59,-0.523,-0.263,-0.588,-0.424,0.762,-0.279,-0.537,0.197,-0.681,-0.445,0.307,-0.498,-0.601,-0.584,-0.501,0.756,-0.374,-0.263,-0.371,0.121,-0.132,-0.485,0.312,-0.515,-0.449,-0.505,-0.404,-0.023,-0.305,-0.574,-0.496,-0.185,-0.141,-0.459,0.581,0.035,-0.537,-0.565,-0.528,-0.635,-0.398,-0.49,-0.602,-0.36,0.374,-0.55,-0.489,0.17,0.047,0.352,-0.527,0.031,-0.48,0.391,-0.363,-0.63,-0.087,-0.418,-0.472,0.187,-0.485,-0.588,0.148,-0.513,0.512,-0.053,-0.592,0.135,-0.197,-0.369
ACLS,0.531,0.0,0.903,-0.451,-0.414,-0.235,0.127,-0.024,-0.614,-0.26,-0.392,-0.737,-0.653,-0.899,0.067,-0.263,0.931,-0.404,0.908,-0.181,-0.628,-0.479,-0.268,-0.681,-0.013,-0.556,0.401,-0.647,0.495,-0.735,-0.655,-0.789,-0.364,0.179,-0.742,0.919,-0.741,-0.701,-0.143,-0.46,0.919,0.335,0.689,-0.61,0.053,-0.731,-0.584,-0.652,-0.687,-0.798,-0.323,-0.298,-0.618,-0.784,-0.46,0.626,-0.506,-0.692,-0.333,-0.46,0.703,0.022,-0.63,-0.074,-0.084,-0.349,-0.659,-0.76,-0.428,-0.616,-0.609,-0.705,-0.736,-0.319,-0.757,-0.581,-0.634,-0.343,0.598,-0.339,-0.692,-0.643,-0.546,-0.731,0.107,-0.766,-0.336,0.561,0.905,-0.635,-0.324,0.924,-0.71,0.376,-0.781,-0.156,-0.718,-0.132,0.204,0.435,0.362,-0.473,-0.627,-0.104,-0.185,-0.858,0.335,-0.526,-0.126,-0.202,-0.652,-0.391,-0.544,-0.552,0.543,0.164,-0.666,0.736,-0.678,-0.467,-0.474,0.315,-0.331,-0.126,0.951,-0.61,-0.189,0.602,-0.558,-0.73,-0.409,-0.504,-0.86,-0.447,0.594,-0.678,-0.809,0.787,-0.691,-0.698,0.57,-0.585,-0.875,-0.761,-0.61,0.429,-0.462,-0.042,-0.383,0.068,0.038,-0.544,-0.299,-0.256,-0.537,-0.486,-0.317,-0.134,-0.383,-0.674,-0.576,-0.017,0.193,-0.405,0.93,0.688,-0.665,-0.74,-0.487,-0.795,-0.305,-0.594,-0.767,-0.383,0.881,-0.258,-0.531,0.299,0.379,0.82,-0.379,-0.268,-0.728,0.754,-0.494,-0.802,-0.105,-0.224,-0.685,-0.137,-0.848,-0.495,0.774,-0.688,0.947,-0.398,-0.74,-0.043,-0.139,-0.125
ACMR,0.549,0.903,0.0,-0.455,-0.381,-0.227,0.166,0.013,-0.566,-0.097,-0.332,-0.693,-0.647,-0.827,0.126,-0.204,0.924,-0.277,0.852,-0.12,-0.653,-0.533,-0.208,-0.659,0.036,-0.549,0.603,-0.492,0.553,-0.64,-0.592,-0.595,-0.323,0.123,-0.743,0.882,-0.733,-0.678,0.059,-0.405,0.93,0.367,0.81,-0.575,0.221,-0.725,-0.636,-0.652,-0.64,-0.759,-0.241,-0.34,-0.701,-0.749,-0.26,0.537,-0.483,-0.686,-0.352,-0.249,0.826,0.123,-0.534,-0.062,-0.086,-0.346,-0.683,-0.744,-0.407,-0.559,-0.605,-0.61,-0.722,-0.246,-0.761,-0.493,-0.626,-0.295,0.677,-0.371,-0.673,-0.644,-0.543,-0.662,0.213,-0.739,-0.403,0.667,0.87,-0.539,-0.211,0.909,-0.695,0.474,-0.624,-0.09,-0.703,-0.131,0.222,0.367,0.593,-0.418,-0.635,-0.043,-0.334,-0.797,0.371,-0.603,-0.06,-0.13,-0.527,-0.411,-0.489,-0.528,0.566,0.136,-0.636,0.749,-0.666,-0.395,-0.456,0.256,-0.348,-0.257,0.913,-0.593,-0.072,0.728,-0.502,-0.718,-0.452,-0.274,-0.808,-0.44,0.677,-0.64,-0.762,0.7,-0.689,-0.632,0.665,-0.556,-0.867,-0.719,-0.546,0.559,-0.42,-0.155,-0.333,0.208,0.102,-0.53,-0.135,-0.266,-0.434,-0.5,-0.281,0.004,-0.343,-0.615,-0.55,-0.019,0.193,-0.393,0.914,0.658,-0.624,-0.679,-0.439,-0.797,-0.315,-0.547,-0.75,-0.319,0.821,-0.301,-0.466,0.395,0.368,0.756,-0.374,-0.284,-0.595,0.778,-0.412,-0.84,-0.137,-0.35,-0.626,0.016,-0.762,-0.5,0.721,-0.696,0.903,-0.236,-0.716,0.096,-0.104,-0.165
ADMA,-0.519,-0.451,-0.455,0.0,0.888,0.76,0.694,0.603,0.905,0.299,0.898,0.884,0.938,0.676,0.501,0.78,-0.643,0.736,-0.476,0.818,0.291,0.842,0.652,0.921,0.751,0.914,-0.018,0.649,0.326,0.688,0.775,0.225,0.866,0.682,0.649,-0.644,0.871,0.889,0.283,0.747,-0.657,0.424,-0.415,0.834,0.546,0.882,0.062,0.898,0.848,0.733,0.871,0.935,0.717,0.853,0.444,0.27,0.942,0.916,0.924,0.54,-0.313,-0.208,0.874,0.811,0.864,0.925,0.872,0.849,0.932,0.947,0.933,0.657,0.852,0.623,0.715,0.845,0.936,0.495,-0.836,0.876,0.918,0.94,0.951,0.538,-0.248,0.793,0.851,0.005,-0.507,0.874,0.743,-0.403,0.909,0.311,0.601,0.781,0.893,0.779,0.655,0.409,-0.349,0.746,0.841,0.845,0.25,0.658,0.403,0.267,0.703,0.806,0.567,0.899,0.911,0.871,0.333,-0.518,0.866,-0.16,0.916,0.808,0.959,0.215,0.935,0.752,-0.447,0.924,0.422,-0.432,0.862,0.877,0.929,0.665,0.664,0.923,-0.634,0.494,0.789,-0.178,0.902,0.797,-0.654,0.941,0.628,0.859,0.903,-0.756,0.907,0.768,0.938,0.405,0.639,0.926,-0.493,0.909,0.893,0.923,0.953,0.334,0.878,0.928,0.884,0.801,0.611,0.949,-0.41,0.192,0.911,0.79,0.929,0.859,0.886,0.925,0.839,0.906,-0.564,0.84,0.943,0.203,0.557,-0.268,0.942,-0.333,0.799,-0.06,0.853,0.729,0.186,0.522,0.869,0.275,0.696,0.735,-0.241,0.796,-0.572,0.633,0.903,0.517,0.859,0.864
ADUS,-0.521,-0.414,-0.381,0.888,0.0,0.678,0.725,0.612,0.886,0.405,0.852,0.838,0.879,0.64,0.582,0.612,-0.536,0.631,-0.44,0.788,0.432,0.83,0.588,0.844,0.829,0.908,0.061,0.595,0.395,0.746,0.781,0.125,0.802,0.691,0.737,-0.564,0.833,0.851,0.377,0.683,-0.602,0.52,-0.266,0.685,0.554,0.849,0.109,0.863,0.807,0.633,0.906,0.888,0.734,0.849,0.427,0.263,0.929,0.853,0.779,0.522,-0.307,-0.35,0.754,0.861,0.785,0.885,0.867,0.832,0.868,0.889,0.858,0.699,0.858,0.546,0.762,0.819,0.871,0.743,-0.775,0.799,0.856,0.877,0.9,0.55,-0.091,0.783,0.865,-0.081,-0.531,0.807,0.599,-0.323,0.838,0.255,0.663,0.586,0.831,0.886,0.559,0.37,-0.314,0.837,0.849,0.771,0.096,0.622,0.239,0.281,0.772,0.789,0.625,0.885,0.855,0.812,0.343,-0.213,0.884,-0.282,0.864,0.804,0.918,0.337,0.902,0.707,-0.378,0.858,0.61,-0.515,0.798,0.85,0.943,0.678,0.705,0.797,-0.642,0.568,0.767,-0.118,0.883,0.833,-0.507,0.828,0.629,0.849,0.842,-0.688,0.894,0.77,0.871,0.472,0.578,0.764,-0.334,0.857,0.755,0.882,0.901,0.131,0.852,0.862,0.917,0.777,0.756,0.943,-0.382,0.246,0.879,0.8,0.919,0.807,0.903,0.823,0.849,0.87,-0.496,0.861,0.888,0.112,0.515,-0.391,0.932,-0.443,0.744,-0.096,0.843,0.553,0.396,0.645,0.864,0.423,0.638,0.855,-0.09,0.623,-0.504,0.496,0.823,0.423,0.756,0.866
ADVM,-0.283,-0.235,-0.227,0.76,0.678,0.0,0.686,0.507,0.678,0.31,0.791,0.729,0.755,0.472,0.588,0.591,-0.413,0.668,-0.268,0.745,0.066,0.583,0.496,0.722,0.661,0.69,0.253,0.531,0.491,0.433,0.527,0.018,0.814,0.592,0.528,-0.466,0.68,0.72,0.26,0.559,-0.468,0.477,-0.169,0.54,0.516,0.651,-0.162,0.729,0.693,0.467,0.759,0.8,0.35,0.597,0.581,0.359,0.735,0.69,0.792,0.489,-0.129,-0.245,0.724,0.762,0.741,0.759,0.68,0.602,0.75,0.781,0.779,0.589,0.657,0.482,0.537,0.785,0.742,0.315,-0.558,0.809,0.704,0.71,0.759,0.378,-0.307,0.665,0.663,0.229,-0.343,0.651,0.609,-0.187,0.706,0.392,0.505,0.564,0.68,0.731,0.531,0.558,-0.275,0.604,0.528,0.743,-0.112,0.453,0.388,-0.08,0.724,0.685,0.505,0.806,0.773,0.709,0.422,-0.534,0.669,0.011,0.749,0.709,0.753,0.171,0.792,0.716,-0.234,0.653,0.304,-0.292,0.673,0.677,0.752,0.44,0.388,0.869,-0.447,0.284,0.551,-0.038,0.649,0.624,-0.648,0.748,0.403,0.652,0.698,-0.555,0.765,0.745,0.851,0.509,0.744,0.739,-0.473,0.802,0.658,0.782,0.809,0.185,0.81,0.672,0.656,0.659,0.575,0.748,-0.164,0.271,0.715,0.478,0.785,0.621,0.765,0.802,0.612,0.767,-0.446,0.719,0.786,0.464,0.582,-0.219,0.773,-0.483,0.564,0.116,0.733,0.499,0.225,0.525,0.639,0.268,0.454,0.627,-0.026,0.617,-0.422,0.687,0.684,0.65,0.785,0.766
AEIS,-0.015,0.127,0.166,0.694,0.725,0.686,0.0,0.506,0.647,0.461,0.814,0.513,0.585,0.228,0.799,0.609,-0.077,0.646,-0.03,0.898,-0.099,0.526,0.649,0.57,0.909,0.654,0.448,0.451,0.772,0.434,0.493,-0.172,0.78,0.761,0.248,-0.152,0.449,0.558,0.418,0.553,-0.108,0.657,0.077,0.476,0.755,0.501,-0.371,0.564,0.518,0.32,0.842,0.79,0.239,0.429,0.42,0.615,0.699,0.553,0.749,0.469,0.323,-0.222,0.599,0.819,0.887,0.757,0.537,0.444,0.719,0.637,0.632,0.458,0.461,0.562,0.301,0.655,0.606,0.44,-0.384,0.717,0.554,0.565,0.646,0.306,0.139,0.422,0.591,0.465,-0.043,0.589,0.635,0.241,0.531,0.75,0.311,0.639,0.507,0.887,0.819,0.665,-0.01,0.659,0.497,0.885,-0.075,0.232,0.628,-0.28,0.752,0.814,0.346,0.74,0.71,0.661,0.652,-0.369,0.564,0.285,0.554,0.748,0.715,0.498,0.809,0.634,0.11,0.569,0.507,0.049,0.664,0.486,0.71,0.558,0.22,0.677,-0.188,0.248,0.408,0.275,0.507,0.501,-0.283,0.653,0.116,0.481,0.617,-0.28,0.775,0.794,0.787,0.704,0.76,0.62,-0.417,0.769,0.595,0.701,0.799,0.274,0.798,0.582,0.649,0.897,0.866,0.763,0.17,0.583,0.595,0.427,0.732,0.387,0.77,0.635,0.446,0.812,-0.115,0.707,0.709,0.463,0.846,0.116,0.786,-0.55,0.484,0.463,0.733,0.153,0.216,0.388,0.548,0.587,0.278,0.473,0.256,0.387,-0.039,0.612,0.498,0.726,0.886,0.88
AGNCM,-0.408,-0.024,0.013,0.603,0.612,0.507,0.506,0.0,0.406,-0.101,0.48,0.384,0.48,0.139,0.387,0.515,-0.099,0.371,0.069,0.481,-0.033,0.572,0.32,0.417,0.592,0.495,0.33,0.171,0.53,0.194,0.325,-0.19,0.543,0.723,0.327,-0.097,0.405,0.392,0.322,0.385,-0.156,0.618,0.088,0.324,0.399,0.376,-0.209,0.432,0.378,0.121,0.536,0.571,0.411,0.391,0.067,0.501,0.576,0.394,0.539,0.157,-0.113,-0.171,0.382,0.666,0.54,0.63,0.422,0.336,0.585,0.532,0.466,0.202,0.414,0.387,0.311,0.439,0.454,0.272,-0.418,0.555,0.418,0.507,0.569,-0.001,-0.357,0.309,0.676,0.117,-0.021,0.365,0.361,0.013,0.4,0.178,0.202,0.52,0.373,0.565,0.564,0.545,-0.083,0.312,0.4,0.579,0.124,0.102,0.326,0.197,0.606,0.525,0.205,0.533,0.464,0.334,0.605,-0.289,0.43,0.14,0.471,0.377,0.612,0.133,0.598,0.547,0.053,0.494,0.312,-0.186,0.346,0.397,0.607,0.327,0.183,0.579,-0.464,0.084,0.273,0.24,0.454,0.367,-0.227,0.437,0.156,0.37,0.471,-0.571,0.449,0.521,0.604,0.263,0.553,0.44,-0.605,0.685,0.453,0.569,0.648,0.074,0.525,0.442,0.44,0.58,0.575,0.604,0.094,0.486,0.427,0.294,0.573,0.364,0.591,0.473,0.353,0.479,-0.005,0.623,0.581,0.287,0.54,0.047,0.605,-0.542,0.279,0.217,0.446,0.234,0.163,0.453,0.393,0.028,0.169,0.535,0.22,0.275,-0.085,0.221,0.392,0.285,0.559,0.618
AHCO,-0.485,-0.614,-0.566,0.905,0.886,0.678,0.647,0.406,0.0,0.567,0.908,0.949,0.954,0.835,0.531,0.669,-0.747,0.761,-0.692,0.796,0.464,0.767,0.683,0.96,0.699,0.951,-0.085,0.774,0.213,0.872,0.9,0.412,0.843,0.473,0.752,-0.791,0.926,0.964,0.319,0.728,-0.776,0.261,-0.508,0.831,0.521,0.958,0.214,0.935,0.925,0.865,0.906,0.879,0.725,0.927,0.602,0.011,0.921,0.963,0.812,0.658,-0.326,-0.225,0.892,0.743,0.773,0.845,0.931,0.952,0.876,0.946,0.933,0.824,0.935,0.655,0.829,0.895,0.962,0.643,-0.834,0.802,0.96,0.929,0.915,0.752,-0.053,0.899,0.754,-0.104,-0.723,0.949,0.691,-0.509,0.956,0.251,0.798,0.584,0.958,0.776,0.49,0.153,-0.383,0.903,0.921,0.745,0.118,0.839,0.207,0.242,0.616,0.801,0.716,0.882,0.942,0.946,0.089,-0.344,0.953,-0.384,0.931,0.896,0.917,0.225,0.875,0.657,-0.632,0.911,0.55,-0.484,0.933,0.949,0.897,0.775,0.835,0.833,-0.626,0.706,0.907,-0.338,0.948,0.917,-0.634,0.949,0.753,0.953,0.925,-0.617,0.965,0.694,0.878,0.467,0.482,0.877,-0.177,0.789,0.843,0.906,0.874,0.289,0.893,0.952,0.972,0.693,0.549,0.927,-0.592,-0.037,0.97,0.915,0.93,0.92,0.87,0.915,0.946,0.922,-0.729,0.769,0.931,0.036,0.376,-0.508,0.902,-0.23,0.922,-0.254,0.899,0.73,0.315,0.497,0.954,0.524,0.851,0.761,-0.355,0.792,-0.707,0.689,0.952,0.533,0.761,0.789
ALGT,0.061,-0.26,-0.097,0.299,0.405,0.31,0.461,-0.101,0.567,0.0,0.551,0.484,0.38,0.475,0.537,0.133,-0.261,0.403,-0.437,0.485,0.212,0.081,0.396,0.458,0.44,0.439,0.153,0.697,0.191,0.626,0.533,0.382,0.409,-0.002,0.353,-0.385,0.426,0.493,0.315,0.262,-0.281,0.01,-0.127,0.312,0.589,0.454,0.171,0.458,0.458,0.524,0.606,0.377,0.061,0.401,0.699,-0.219,0.394,0.438,0.222,0.654,0.202,-0.185,0.48,0.392,0.346,0.317,0.39,0.501,0.294,0.43,0.395,0.606,0.432,0.345,0.448,0.545,0.43,0.537,-0.235,0.294,0.441,0.333,0.334,0.623,0.311,0.484,0.07,0.105,-0.458,0.597,0.416,-0.123,0.444,0.422,0.608,0.145,0.452,0.426,0.169,-0.129,0.116,0.703,0.414,0.342,-0.376,0.48,0.042,-0.233,0.38,0.425,0.617,0.422,0.54,0.584,-0.08,0.033,0.49,-0.265,0.358,0.646,0.322,0.268,0.35,0.161,-0.264,0.335,0.527,0.003,0.567,0.443,0.302,0.597,0.387,0.257,0.069,0.551,0.499,-0.26,0.389,0.569,-0.122,0.452,0.387,0.495,0.465,0.126,0.598,0.283,0.41,0.676,0.209,0.318,0.343,0.21,0.423,0.32,0.399,0.156,0.486,0.444,0.548,0.318,0.369,0.439,-0.263,-0.107,0.523,0.509,0.436,0.363,0.444,0.409,0.466,0.596,-0.464,0.248,0.398,0.101,0.123,-0.34,0.363,-0.034,0.607,-0.08,0.538,0.111,0.373,0.049,0.549,0.781,0.524,0.315,-0.203,0.233,-0.292,0.568,0.406,0.565,0.389,0.336
ALLO,-0.281,-0.392,-0.332,0.898,0.852,0.791,0.814,0.48,0.908,0.551,0.0,0.866,0.879,0.661,0.7,0.67,-0.585,0.847,-0.516,0.911,0.198,0.691,0.712,0.898,0.835,0.874,0.181,0.767,0.446,0.767,0.726,0.232,0.904,0.57,0.615,-0.62,0.803,0.881,0.417,0.742,-0.589,0.404,-0.286,0.755,0.659,0.837,-0.052,0.867,0.813,0.717,0.926,0.891,0.485,0.796,0.669,0.231,0.901,0.877,0.871,0.694,-0.078,-0.237,0.908,0.815,0.862,0.905,0.823,0.802,0.903,0.917,0.923,0.801,0.79,0.669,0.66,0.905,0.897,0.561,-0.656,0.861,0.873,0.849,0.869,0.638,-0.034,0.796,0.713,0.19,-0.498,0.876,0.769,-0.279,0.869,0.535,0.678,0.725,0.841,0.85,0.594,0.439,-0.176,0.847,0.75,0.847,-0.061,0.63,0.449,-0.002,0.753,0.854,0.649,0.891,0.944,0.913,0.328,-0.507,0.851,-0.101,0.868,0.929,0.905,0.282,0.914,0.653,-0.396,0.85,0.463,-0.257,0.903,0.834,0.858,0.732,0.632,0.878,-0.424,0.504,0.787,-0.216,0.81,0.803,-0.665,0.916,0.551,0.835,0.901,-0.477,0.963,0.763,0.948,0.596,0.724,0.871,-0.266,0.855,0.883,0.883,0.935,0.357,0.915,0.894,0.875,0.803,0.652,0.916,-0.332,0.158,0.899,0.753,0.922,0.768,0.86,0.918,0.8,0.971,-0.587,0.758,0.927,0.364,0.603,-0.316,0.906,-0.315,0.817,0.053,0.961,0.557,0.187,0.479,0.875,0.551,0.671,0.659,-0.215,0.75,-0.542,0.815,0.855,0.724,0.915,0.844
AMSF,-0.536,-0.737,-0.693,0.884,0.838,0.729,0.513,0.384,0.949,0.484,0.866,0.0,0.974,0.914,0.432,0.612,-0.852,0.719,-0.762,0.724,0.509,0.769,0.609,0.984,0.592,0.93,-0.118,0.83,0.084,0.874,0.879,0.498,0.827,0.376,0.847,-0.887,0.975,0.989,0.303,0.744,-0.883,0.186,-0.577,0.837,0.436,0.978,0.286,0.975,0.948,0.893,0.834,0.828,0.733,0.963,0.649,-0.103,0.915,0.979,0.797,0.66,-0.476,-0.224,0.925,0.667,0.663,0.826,0.943,0.969,0.851,0.968,0.96,0.877,0.965,0.589,0.896,0.93,0.969,0.567,-0.842,0.822,0.984,0.953,0.925,0.799,-0.15,0.96,0.737,-0.229,-0.807,0.932,0.684,-0.666,0.987,0.134,0.851,0.556,0.977,0.68,0.36,0.119,-0.402,0.831,0.882,0.661,0.097,0.885,0.099,0.311,0.624,0.674,0.807,0.866,0.946,0.922,-0.015,-0.395,0.959,-0.45,0.974,0.866,0.892,0.05,0.836,0.627,-0.728,0.918,0.467,-0.573,0.9,0.979,0.86,0.725,0.865,0.873,-0.674,0.726,0.955,-0.484,0.954,0.942,-0.734,0.949,0.856,0.984,0.925,-0.667,0.911,0.625,0.873,0.39,0.474,0.895,-0.142,0.762,0.855,0.895,0.833,0.197,0.858,0.959,0.932,0.593,0.424,0.876,-0.69,-0.177,0.984,0.908,0.912,0.969,0.821,0.95,0.969,0.869,-0.84,0.723,0.927,0.039,0.232,-0.599,0.855,-0.16,0.911,-0.367,0.876,0.827,0.285,0.533,0.953,0.39,0.896,0.798,-0.485,0.862,-0.837,0.698,0.981,0.474,0.708,0.708
ANAB,-0.578,-0.653,-0.647,0.938,0.879,0.755,0.585,0.48,0.954,0.38,0.879,0.974,0.0,0.842,0.453,0.686,-0.8,0.735,-0.663,0.758,0.468,0.85,0.638,0.979,0.649,0.956,-0.1,0.738,0.17,0.815,0.872,0.376,0.866,0.516,0.806,-0.825,0.96,0.978,0.286,0.766,-0.839,0.288,-0.552,0.852,0.432,0.973,0.212,0.968,0.936,0.84,0.854,0.891,0.786,0.951,0.537,0.058,0.947,0.979,0.864,0.57,-0.471,-0.236,0.902,0.725,0.747,0.876,0.958,0.949,0.904,0.974,0.972,0.803,0.959,0.635,0.858,0.907,0.981,0.553,-0.889,0.862,0.982,0.979,0.963,0.709,-0.205,0.921,0.835,-0.184,-0.723,0.91,0.672,-0.592,0.981,0.142,0.763,0.605,0.969,0.75,0.476,0.22,-0.466,0.81,0.902,0.727,0.209,0.827,0.186,0.324,0.649,0.73,0.707,0.897,0.941,0.91,0.1,-0.426,0.952,-0.375,0.981,0.849,0.947,0.111,0.899,0.714,-0.655,0.937,0.448,-0.585,0.896,0.971,0.926,0.681,0.829,0.914,-0.751,0.665,0.915,-0.345,0.973,0.907,-0.723,0.962,0.792,0.962,0.932,-0.758,0.922,0.714,0.905,0.364,0.52,0.917,-0.3,0.847,0.844,0.951,0.875,0.223,0.893,0.96,0.943,0.681,0.501,0.923,-0.616,-0.045,0.971,0.883,0.946,0.962,0.866,0.951,0.953,0.875,-0.744,0.807,0.954,0.051,0.352,-0.512,0.921,-0.252,0.869,-0.289,0.873,0.831,0.274,0.589,0.936,0.339,0.836,0.815,-0.377,0.858,-0.767,0.651,0.976,0.453,0.762,0.798
ANDE,-0.501,-0.899,-0.827,0.676,0.64,0.472,0.228,0.139,0.835,0.475,0.661,0.914,0.842,0.0,0.204,0.456,-0.923,0.579,-0.894,0.506,0.627,0.641,0.517,0.88,0.323,0.795,-0.272,0.82,-0.235,0.898,0.844,0.742,0.629,0.063,0.817,-0.96,0.906,0.893,0.248,0.682,-0.938,-0.117,-0.7,0.802,0.242,0.908,0.488,0.855,0.874,0.924,0.617,0.572,0.707,0.916,0.602,-0.429,0.743,0.884,0.586,0.617,-0.563,-0.068,0.83,0.353,0.381,0.601,0.834,0.917,0.658,0.818,0.82,0.872,0.889,0.476,0.869,0.795,0.836,0.476,-0.738,0.613,0.887,0.827,0.757,0.891,-0.01,0.902,0.517,-0.43,-0.907,0.852,0.543,-0.829,0.898,-0.073,0.882,0.364,0.907,0.423,0.107,-0.218,-0.365,0.702,0.815,0.409,0.153,0.96,-0.131,0.403,0.373,0.438,0.802,0.649,0.8,0.798,-0.347,-0.268,0.872,-0.612,0.856,0.738,0.702,-0.151,0.603,0.366,-0.878,0.815,0.414,-0.576,0.792,0.894,0.64,0.704,0.93,0.67,-0.625,0.803,0.955,-0.69,0.854,0.881,-0.627,0.814,0.924,0.922,0.814,-0.505,0.731,0.321,0.643,0.198,0.199,0.758,0.167,0.495,0.731,0.713,0.573,0.166,0.652,0.857,0.809,0.331,0.126,0.664,-0.853,-0.496,0.872,0.9,0.723,0.927,0.578,0.808,0.915,0.664,-0.923,0.463,0.759,-0.201,-0.113,-0.712,0.64,0.131,0.884,-0.595,0.727,0.854,0.213,0.36,0.866,0.357,0.966,0.658,-0.692,0.828,-0.928,0.595,0.907,0.281,0.449,0.429
APLS,0.219,0.067,0.126,0.501,0.582,0.588,0.799,0.387,0.531,0.537,0.7,0.432,0.453,0.204,0.0,0.32,-0.059,0.46,-0.142,0.688,-0.11,0.4,0.553,0.445,0.806,0.548,0.436,0.44,0.738,0.425,0.414,-0.211,0.671,0.577,0.32,-0.14,0.361,0.481,0.455,0.324,-0.115,0.384,0.009,0.209,0.705,0.404,-0.355,0.473,0.485,0.289,0.743,0.628,0.078,0.335,0.522,0.358,0.524,0.413,0.533,0.433,0.349,-0.384,0.44,0.735,0.63,0.592,0.485,0.371,0.508,0.511,0.535,0.496,0.397,0.501,0.329,0.619,0.443,0.448,-0.252,0.609,0.415,0.421,0.497,0.397,0.061,0.46,0.435,0.293,-0.141,0.451,0.378,0.246,0.407,0.604,0.379,0.364,0.394,0.778,0.508,0.492,0.02,0.689,0.395,0.602,-0.195,0.175,0.258,-0.333,0.731,0.643,0.395,0.597,0.597,0.597,0.416,-0.124,0.483,0.075,0.456,0.681,0.521,0.269,0.701,0.549,0.07,0.428,0.335,0.036,0.54,0.403,0.586,0.436,0.166,0.547,-0.055,0.408,0.342,0.187,0.353,0.519,-0.313,0.468,0.118,0.402,0.478,-0.118,0.674,0.684,0.676,0.79,0.582,0.388,-0.16,0.543,0.414,0.576,0.668,0.064,0.731,0.406,0.555,0.678,0.742,0.631,0.16,0.342,0.487,0.295,0.585,0.301,0.702,0.476,0.372,0.664,-0.172,0.509,0.533,0.383,0.67,-0.072,0.579,-0.558,0.359,0.293,0.62,0.024,0.468,0.449,0.528,0.629,0.245,0.444,0.15,0.199,-0.085,0.567,0.36,0.691,0.707,0.672
APPF,-0.396,-0.263,-0.204,0.78,0.612,0.591,0.609,0.515,0.669,0.133,0.67,0.612,0.686,0.456,0.32,0.0,-0.416,0.723,-0.236,0.69,0.019,0.592,0.599,0.663,0.561,0.654,0.148,0.426,0.372,0.411,0.525,0.205,0.705,0.6,0.331,-0.423,0.59,0.613,0.289,0.624,-0.406,0.439,-0.178,0.694,0.535,0.598,-0.187,0.602,0.6,0.464,0.655,0.678,0.479,0.584,0.308,0.367,0.697,0.645,0.788,0.443,-0.108,0.036,0.708,0.593,0.729,0.718,0.578,0.549,0.828,0.73,0.684,0.397,0.579,0.466,0.402,0.611,0.688,0.177,-0.556,0.715,0.673,0.704,0.735,0.29,-0.254,0.488,0.636,0.223,-0.223,0.675,0.673,-0.218,0.651,0.386,0.38,0.779,0.618,0.545,0.684,0.442,-0.118,0.453,0.586,0.784,0.242,0.444,0.543,0.081,0.509,0.7,0.322,0.683,0.693,0.575,0.432,-0.609,0.599,0.109,0.677,0.6,0.761,0.091,0.71,0.526,-0.252,0.71,0.352,-0.143,0.668,0.59,0.677,0.575,0.422,0.735,-0.489,0.242,0.533,-0.047,0.634,0.514,-0.442,0.73,0.35,0.591,0.681,-0.547,0.643,0.513,0.742,0.293,0.632,0.782,-0.497,0.77,0.713,0.714,0.739,0.482,0.683,0.689,0.592,0.681,0.457,0.679,-0.169,0.234,0.641,0.516,0.718,0.579,0.618,0.718,0.548,0.667,-0.309,0.613,0.76,0.278,0.551,-0.004,0.727,-0.256,0.669,0.148,0.664,0.553,-0.101,0.265,0.577,0.206,0.489,0.465,-0.112,0.64,-0.362,0.567,0.677,0.481,0.756,0.68
ASML,0.534,0.931,0.924,-0.643,-0.536,-0.413,-0.077,-0.099,-0.747,-0.261,-0.585,-0.852,-0.8,-0.923,-0.059,-0.416,0.0,-0.561,0.916,-0.388,-0.579,-0.605,-0.426,-0.83,-0.174,-0.701,0.422,-0.693,0.362,-0.778,-0.706,-0.681,-0.538,0.015,-0.775,0.965,-0.843,-0.831,-0.113,-0.593,0.973,0.213,0.757,-0.755,-0.035,-0.851,-0.468,-0.792,-0.784,-0.879,-0.462,-0.508,-0.687,-0.865,-0.494,0.438,-0.656,-0.843,-0.571,-0.497,0.68,0.093,-0.772,-0.241,-0.324,-0.539,-0.794,-0.855,-0.614,-0.754,-0.784,-0.77,-0.823,-0.427,-0.796,-0.698,-0.793,-0.362,0.727,-0.55,-0.831,-0.783,-0.697,-0.764,0.161,-0.853,-0.499,0.444,0.882,-0.738,-0.465,0.889,-0.85,0.191,-0.764,-0.348,-0.842,-0.298,0.015,0.201,0.469,-0.57,-0.724,-0.303,-0.23,-0.888,0.115,-0.471,-0.23,-0.38,-0.65,-0.584,-0.697,-0.717,0.404,0.354,-0.773,0.626,-0.82,-0.61,-0.643,0.182,-0.53,-0.334,0.94,-0.752,-0.186,0.615,-0.711,-0.845,-0.59,-0.517,-0.886,-0.638,0.649,-0.66,-0.884,0.733,-0.802,-0.755,0.764,-0.76,-0.885,-0.854,-0.741,0.557,-0.629,-0.28,-0.566,0.008,-0.144,-0.74,-0.092,-0.462,-0.68,-0.66,-0.501,-0.211,-0.548,-0.806,-0.695,-0.224,0.045,-0.567,0.9,0.567,-0.792,-0.806,-0.64,-0.894,-0.471,-0.762,-0.858,-0.562,0.908,-0.422,-0.686,0.171,0.142,0.749,-0.557,-0.205,-0.789,0.641,-0.648,-0.897,-0.053,-0.351,-0.781,-0.144,-0.867,-0.55,0.753,-0.856,0.963,-0.527,-0.873,-0.184,-0.368,-0.329
ATRC,-0.305,-0.404,-0.277,0.736,0.631,0.668,0.646,0.371,0.761,0.403,0.847,0.719,0.735,0.579,0.46,0.723,-0.561,0.0,-0.486,0.755,0.084,0.505,0.645,0.754,0.624,0.678,0.208,0.641,0.31,0.616,0.572,0.348,0.762,0.376,0.418,-0.574,0.636,0.725,0.388,0.707,-0.513,0.288,-0.191,0.712,0.542,0.675,-0.18,0.665,0.663,0.606,0.707,0.656,0.33,0.672,0.633,0.188,0.733,0.74,0.775,0.713,-0.038,-0.016,0.845,0.555,0.729,0.71,0.641,0.638,0.826,0.78,0.768,0.655,0.623,0.655,0.443,0.761,0.761,0.366,-0.483,0.695,0.734,0.696,0.703,0.48,0.032,0.618,0.555,0.329,-0.384,0.752,0.705,-0.298,0.729,0.486,0.616,0.721,0.692,0.628,0.487,0.341,-0.046,0.614,0.553,0.743,-0.062,0.581,0.539,-0.074,0.497,0.785,0.483,0.695,0.78,0.723,0.269,-0.597,0.675,-0.013,0.725,0.764,0.758,0.247,0.705,0.394,-0.43,0.714,0.299,-0.117,0.804,0.682,0.645,0.686,0.577,0.75,-0.361,0.299,0.659,-0.264,0.662,0.588,-0.605,0.799,0.404,0.688,0.759,-0.337,0.776,0.505,0.78,0.377,0.658,0.799,-0.146,0.736,0.808,0.731,0.735,0.57,0.725,0.79,0.667,0.611,0.399,0.686,-0.328,0.063,0.727,0.627,0.774,0.631,0.582,0.812,0.654,0.792,-0.521,0.581,0.816,0.421,0.511,-0.279,0.742,-0.148,0.767,0.061,0.845,0.527,-0.14,0.237,0.692,0.482,0.584,0.422,-0.253,0.744,-0.515,0.827,0.754,0.666,0.781,0.634
AVGO,0.335,0.908,0.852,-0.476,-0.44,-0.268,-0.03,0.069,-0.692,-0.437,-0.516,-0.762,-0.663,-0.894,-0.142,-0.236,0.916,-0.486,0.0,-0.3,-0.566,-0.434,-0.415,-0.72,-0.127,-0.612,0.429,-0.715,0.383,-0.8,-0.682,-0.72,-0.422,0.185,-0.706,0.923,-0.732,-0.75,-0.159,-0.435,0.894,0.388,0.758,-0.607,-0.039,-0.756,-0.49,-0.681,-0.732,-0.879,-0.414,-0.382,-0.526,-0.766,-0.611,0.623,-0.509,-0.734,-0.395,-0.568,0.533,0.092,-0.666,-0.155,-0.209,-0.39,-0.712,-0.783,-0.446,-0.627,-0.656,-0.779,-0.733,-0.403,-0.729,-0.644,-0.665,-0.408,0.581,-0.4,-0.713,-0.628,-0.532,-0.831,-0.041,-0.818,-0.288,0.439,0.911,-0.684,-0.363,0.808,-0.735,0.173,-0.817,-0.164,-0.75,-0.228,0.173,0.381,0.379,-0.633,-0.657,-0.182,-0.095,-0.882,0.275,-0.336,-0.125,-0.326,-0.659,-0.443,-0.604,-0.691,0.554,0.149,-0.699,0.721,-0.688,-0.58,-0.478,0.143,-0.407,-0.19,0.94,-0.614,-0.191,0.502,-0.664,-0.744,-0.449,-0.538,-0.846,-0.467,0.437,-0.739,-0.817,0.767,-0.673,-0.734,0.666,-0.634,-0.822,-0.766,-0.618,0.305,-0.58,-0.174,-0.434,-0.097,0.021,-0.574,-0.37,-0.247,-0.563,-0.519,-0.376,-0.172,-0.467,-0.689,-0.637,-0.083,0.096,-0.454,0.883,0.676,-0.704,-0.757,-0.509,-0.782,-0.388,-0.619,-0.785,-0.489,0.912,-0.272,-0.55,0.24,0.246,0.829,-0.401,-0.232,-0.755,0.683,-0.578,-0.731,-0.168,-0.225,-0.741,-0.319,-0.85,-0.423,0.779,-0.693,0.908,-0.52,-0.753,-0.222,-0.234,-0.183
AVT,-0.189,-0.181,-0.12,0.818,0.788,0.745,0.898,0.481,0.796,0.485,0.911,0.724,0.758,0.506,0.688,0.69,-0.388,0.755,-0.3,0.0,0.018,0.629,0.776,0.779,0.825,0.795,0.349,0.654,0.6,0.609,0.626,0.138,0.921,0.622,0.443,-0.455,0.656,0.747,0.533,0.702,-0.396,0.557,-0.114,0.706,0.715,0.703,-0.202,0.758,0.704,0.541,0.886,0.852,0.387,0.635,0.589,0.422,0.816,0.754,0.868,0.588,0.137,-0.058,0.815,0.787,0.905,0.889,0.716,0.643,0.825,0.807,0.82,0.684,0.644,0.621,0.487,0.819,0.79,0.419,-0.533,0.834,0.76,0.731,0.779,0.524,0.059,0.635,0.633,0.339,-0.279,0.762,0.803,-0.068,0.748,0.7,0.506,0.721,0.713,0.85,0.77,0.584,-0.103,0.703,0.637,0.936,-0.049,0.48,0.607,-0.129,0.736,0.797,0.541,0.857,0.874,0.808,0.517,-0.587,0.735,0.176,0.762,0.876,0.861,0.353,0.856,0.686,-0.193,0.733,0.556,-0.085,0.818,0.678,0.792,0.712,0.455,0.832,-0.347,0.376,0.638,0.014,0.68,0.665,-0.508,0.842,0.371,0.693,0.824,-0.394,0.875,0.758,0.9,0.628,0.815,0.841,-0.367,0.852,0.785,0.833,0.873,0.319,0.892,0.777,0.761,0.894,0.713,0.838,-0.11,0.353,0.779,0.608,0.861,0.609,0.819,0.843,0.633,0.905,-0.358,0.744,0.86,0.429,0.708,-0.079,0.874,-0.35,0.668,0.297,0.887,0.432,0.094,0.464,0.688,0.544,0.516,0.552,0.024,0.683,-0.351,0.782,0.725,0.771,0.941,0.87
AXDX,-0.484,-0.628,-0.653,0.291,0.432,0.066,-0.099,-0.033,0.464,0.212,0.198,0.509,0.468,0.627,-0.11,0.019,-0.579,0.084,-0.566,0.018,0.0,0.415,0.048,0.439,0.091,0.47,-0.521,0.305,-0.408,0.61,0.596,0.38,0.082,-0.041,0.608,-0.542,0.555,0.495,-0.204,0.379,-0.643,-0.134,-0.551,0.396,-0.1,0.562,0.662,0.47,0.466,0.535,0.265,0.244,0.709,0.602,0.061,-0.434,0.41,0.496,0.112,0.207,-0.66,-0.211,0.273,0.141,0.014,0.19,0.493,0.61,0.258,0.383,0.366,0.444,0.582,0.022,0.636,0.261,0.435,0.6,-0.561,0.153,0.484,0.481,0.41,0.534,0.103,0.495,0.441,-0.676,-0.713,0.42,-0.022,-0.646,0.481,-0.466,0.504,-0.071,0.531,0.184,-0.17,-0.435,-0.436,0.445,0.63,-0.046,0.191,0.659,-0.432,0.607,0.058,0.159,0.482,0.304,0.306,0.392,-0.474,0.345,0.554,-0.736,0.431,0.218,0.316,-0.091,0.256,0.092,-0.623,0.477,0.351,-0.698,0.329,0.585,0.379,0.302,0.768,0.175,-0.557,0.568,0.575,-0.491,0.574,0.547,-0.206,0.327,0.635,0.554,0.347,-0.459,0.329,0.08,0.173,-0.134,-0.259,0.241,0.239,0.123,0.211,0.313,0.175,-0.182,0.192,0.433,0.539,0.017,0.068,0.34,-0.71,-0.413,0.47,0.672,0.318,0.605,0.277,0.302,0.628,0.219,-0.584,0.197,0.338,-0.604,-0.321,-0.637,0.3,0.123,0.448,-0.742,0.212,0.497,0.368,0.293,0.537,0.104,0.598,0.577,-0.497,0.341,-0.562,-0.094,0.493,-0.315,-0.048,0.135
AXSM,-0.557,-0.479,-0.533,0.842,0.83,0.583,0.526,0.572,0.767,0.081,0.691,0.769,0.85,0.641,0.4,0.592,-0.605,0.505,-0.434,0.629,0.415,0.0,0.575,0.798,0.66,0.866,-0.102,0.478,0.186,0.655,0.749,0.149,0.742,0.668,0.714,-0.608,0.809,0.793,0.229,0.709,-0.663,0.363,-0.487,0.693,0.301,0.829,0.191,0.819,0.761,0.643,0.703,0.809,0.835,0.809,0.184,0.221,0.85,0.807,0.751,0.246,-0.488,-0.243,0.667,0.654,0.649,0.804,0.843,0.781,0.79,0.799,0.827,0.604,0.825,0.598,0.74,0.697,0.81,0.498,-0.837,0.768,0.815,0.859,0.857,0.543,-0.157,0.737,0.877,-0.298,-0.521,0.694,0.469,-0.445,0.803,0.03,0.53,0.517,0.805,0.735,0.497,0.284,-0.493,0.643,0.805,0.621,0.425,0.608,0.103,0.477,0.616,0.575,0.505,0.775,0.761,0.732,0.184,-0.283,0.824,-0.287,0.834,0.665,0.865,0.104,0.835,0.725,-0.44,0.832,0.385,-0.579,0.702,0.802,0.87,0.497,0.682,0.8,-0.773,0.568,0.737,-0.136,0.844,0.756,-0.539,0.779,0.63,0.779,0.774,-0.795,0.735,0.694,0.771,0.232,0.427,0.745,-0.429,0.792,0.678,0.864,0.766,0.04,0.759,0.793,0.811,0.687,0.55,0.851,-0.452,0.107,0.791,0.744,0.825,0.822,0.799,0.76,0.788,0.695,-0.498,0.763,0.793,-0.095,0.364,-0.329,0.839,-0.293,0.61,-0.232,0.697,0.723,0.348,0.682,0.774,0.162,0.654,0.786,-0.197,0.68,-0.577,0.346,0.793,0.187,0.652,0.78
AZN,-0.141,-0.268,-0.208,0.652,0.588,0.496,0.649,0.32,0.683,0.396,0.712,0.609,0.638,0.517,0.553,0.599,-0.426,0.645,-0.415,0.776,0.048,0.575,0.0,0.664,0.591,0.707,0.139,0.56,0.412,0.558,0.637,0.265,0.761,0.401,0.368,-0.497,0.549,0.649,0.473,0.556,-0.429,0.176,-0.354,0.621,0.481,0.627,-0.098,0.627,0.666,0.59,0.675,0.678,0.357,0.544,0.5,0.208,0.599,0.644,0.708,0.505,0.102,0.115,0.661,0.524,0.714,0.692,0.656,0.58,0.644,0.635,0.678,0.561,0.54,0.61,0.397,0.664,0.653,0.324,-0.522,0.653,0.662,0.6,0.614,0.555,0.095,0.574,0.492,0.133,-0.343,0.667,0.607,-0.153,0.655,0.506,0.477,0.523,0.636,0.61,0.596,0.292,-0.25,0.604,0.59,0.731,0.186,0.532,0.429,-0.047,0.422,0.596,0.458,0.646,0.699,0.729,0.231,-0.468,0.616,0.035,0.647,0.696,0.692,0.23,0.694,0.563,-0.34,0.596,0.369,-0.067,0.76,0.593,0.633,0.592,0.484,0.684,-0.348,0.44,0.573,-0.03,0.575,0.572,-0.438,0.725,0.325,0.578,0.67,-0.316,0.711,0.577,0.703,0.447,0.488,0.712,-0.207,0.634,0.637,0.727,0.645,0.248,0.745,0.649,0.643,0.705,0.465,0.651,-0.205,0.094,0.646,0.544,0.696,0.555,0.651,0.679,0.55,0.689,-0.367,0.555,0.686,0.153,0.489,-0.18,0.661,-0.211,0.574,0.086,0.694,0.495,0.04,0.37,0.589,0.421,0.572,0.385,-0.13,0.658,-0.379,0.647,0.631,0.61,0.712,0.632
BANR,-0.539,-0.681,-0.659,0.921,0.844,0.722,0.57,0.417,0.96,0.458,0.898,0.984,0.979,0.88,0.445,0.663,-0.83,0.754,-0.72,0.779,0.439,0.798,0.664,0.0,0.636,0.942,-0.111,0.816,0.124,0.853,0.864,0.465,0.863,0.426,0.805,-0.861,0.967,0.987,0.304,0.785,-0.85,0.221,-0.563,0.882,0.456,0.98,0.241,0.978,0.931,0.887,0.842,0.867,0.734,0.953,0.605,-0.021,0.935,0.99,0.846,0.629,-0.429,-0.196,0.942,0.686,0.725,0.871,0.942,0.96,0.884,0.97,0.979,0.855,0.947,0.624,0.863,0.926,0.987,0.539,-0.855,0.854,0.992,0.962,0.937,0.771,-0.144,0.931,0.758,-0.166,-0.747,0.938,0.724,-0.623,0.995,0.21,0.795,0.62,0.981,0.711,0.445,0.182,-0.4,0.819,0.878,0.716,0.139,0.85,0.199,0.295,0.622,0.705,0.762,0.89,0.962,0.935,0.052,-0.471,0.955,-0.364,0.977,0.892,0.926,0.118,0.867,0.665,-0.684,0.935,0.466,-0.527,0.925,0.972,0.88,0.714,0.836,0.896,-0.666,0.683,0.947,-0.423,0.957,0.911,-0.741,0.98,0.815,0.973,0.953,-0.676,0.93,0.672,0.9,0.386,0.523,0.934,-0.223,0.814,0.892,0.922,0.864,0.247,0.875,0.978,0.935,0.661,0.454,0.902,-0.646,-0.112,0.987,0.905,0.936,0.96,0.836,0.97,0.953,0.904,-0.791,0.757,0.945,0.081,0.309,-0.509,0.895,-0.14,0.904,-0.288,0.906,0.832,0.229,0.54,0.945,0.375,0.874,0.765,-0.443,0.895,-0.797,0.715,0.989,0.503,0.772,0.759
BBIO,-0.165,-0.013,0.036,0.751,0.829,0.661,0.909,0.592,0.699,0.44,0.835,0.592,0.649,0.323,0.806,0.561,-0.174,0.624,-0.127,0.825,0.091,0.66,0.591,0.636,0.0,0.728,0.345,0.485,0.68,0.544,0.564,-0.152,0.759,0.8,0.443,-0.222,0.566,0.633,0.378,0.612,-0.216,0.639,0.027,0.481,0.727,0.6,-0.213,0.65,0.569,0.386,0.866,0.819,0.383,0.561,0.387,0.525,0.788,0.618,0.706,0.471,0.123,-0.375,0.609,0.885,0.809,0.803,0.614,0.553,0.777,0.704,0.697,0.539,0.58,0.55,0.471,0.695,0.667,0.603,-0.49,0.744,0.626,0.65,0.718,0.377,0.081,0.523,0.724,0.257,-0.174,0.629,0.562,0.091,0.602,0.607,0.425,0.623,0.59,0.924,0.69,0.596,-0.021,0.746,0.582,0.806,-0.075,0.283,0.437,-0.051,0.827,0.806,0.461,0.774,0.744,0.694,0.583,-0.238,0.672,0.09,0.629,0.765,0.767,0.447,0.858,0.627,0.02,0.671,0.539,-0.138,0.663,0.599,0.784,0.568,0.362,0.688,-0.28,0.358,0.51,0.146,0.608,0.61,-0.332,0.67,0.25,0.583,0.669,-0.403,0.803,0.807,0.825,0.671,0.708,0.6,-0.384,0.799,0.664,0.733,0.861,0.166,0.789,0.654,0.739,0.855,0.893,0.841,0.03,0.506,0.679,0.544,0.792,0.497,0.829,0.663,0.561,0.848,-0.216,0.746,0.741,0.365,0.757,-0.024,0.823,-0.554,0.541,0.278,0.771,0.206,0.367,0.526,0.672,0.539,0.366,0.649,0.153,0.389,-0.154,0.52,0.571,0.577,0.849,0.886
BCYC,-0.508,-0.556,-0.549,0.914,0.908,0.69,0.654,0.495,0.951,0.439,0.874,0.93,0.956,0.795,0.548,0.654,-0.701,0.678,-0.612,0.795,0.47,0.866,0.707,0.942,0.728,0.0,-0.044,0.707,0.281,0.832,0.896,0.304,0.869,0.573,0.794,-0.744,0.923,0.949,0.345,0.741,-0.756,0.345,-0.515,0.8,0.503,0.949,0.193,0.946,0.921,0.806,0.898,0.908,0.792,0.911,0.514,0.098,0.938,0.944,0.818,0.545,-0.375,-0.239,0.838,0.783,0.777,0.894,0.954,0.927,0.872,0.935,0.935,0.793,0.934,0.649,0.845,0.874,0.939,0.626,-0.877,0.86,0.949,0.934,0.93,0.726,-0.094,0.892,0.84,-0.195,-0.68,0.896,0.641,-0.476,0.941,0.205,0.742,0.556,0.938,0.806,0.53,0.246,-0.445,0.866,0.928,0.744,0.172,0.79,0.161,0.299,0.674,0.731,0.716,0.911,0.932,0.923,0.155,-0.325,0.959,-0.344,0.941,0.864,0.942,0.176,0.91,0.749,-0.561,0.904,0.568,-0.539,0.905,0.936,0.937,0.716,0.798,0.868,-0.705,0.707,0.88,-0.25,0.945,0.923,-0.636,0.925,0.73,0.928,0.904,-0.71,0.933,0.752,0.896,0.461,0.499,0.865,-0.294,0.831,0.793,0.946,0.885,0.117,0.914,0.916,0.966,0.741,0.619,0.943,-0.529,0.041,0.95,0.877,0.938,0.914,0.921,0.9,0.926,0.88,-0.663,0.807,0.921,-0.006,0.393,-0.455,0.92,-0.306,0.824,-0.227,0.862,0.731,0.391,0.639,0.926,0.433,0.807,0.836,-0.273,0.774,-0.676,0.599,0.924,0.454,0.772,0.832
BHFAP,0.279,0.401,0.603,-0.018,0.061,0.253,0.448,0.33,-0.085,0.153,0.181,-0.118,-0.1,-0.272,0.436,0.148,0.422,0.208,0.429,0.349,-0.521,-0.102,0.139,-0.111,0.345,-0.044,0.0,0.066,0.706,-0.138,-0.168,-0.211,0.286,0.279,-0.21,0.342,-0.198,-0.124,0.609,0.089,0.41,0.561,0.688,-0.126,0.544,-0.21,-0.605,-0.102,-0.123,-0.359,0.224,0.035,-0.401,-0.197,0.263,0.494,0.058,-0.166,0.093,0.193,0.611,0.087,0.069,0.264,0.212,0.172,-0.165,-0.257,0.108,0.032,-0.025,0.023,-0.182,0.153,-0.247,0.135,-0.103,-0.074,0.351,0.173,-0.135,-0.102,0.01,-0.175,0.098,-0.176,-0.02,0.593,0.425,-0.031,0.251,0.525,-0.15,0.592,-0.072,0.235,-0.207,0.28,0.401,0.543,0.567,-0.037,-0.229,0.334,-0.466,-0.339,0.433,-0.499,0.458,0.147,0.051,0.102,0.105,-0.094,0.645,-0.256,-0.098,0.609,-0.066,0.183,0.079,0.041,0.1,0.033,0.512,-0.092,0.269,0.487,-0.014,-0.197,-0.003,0.224,-0.341,0.12,0.222,-0.233,-0.183,0.38,-0.191,-0.064,0.2,-0.038,-0.367,-0.143,0.049,0.273,0.059,0.102,0.223,0.509,0.603,0.003,-0.117,0.231,0.064,0.058,0.176,0.077,0.206,-0.081,-0.085,0.324,0.372,0.068,0.589,0.499,-0.078,-0.256,0.124,-0.282,0.103,0.045,-0.239,0.144,0.37,0.091,0.097,0.608,0.455,0.387,0.123,-0.352,-0.087,0.689,0.194,-0.401,-0.115,0.016,-0.124,0.316,-0.252,-0.004,0.507,-0.16,0.333,0.323,-0.167,0.514,0.366,0.222
BKR,-0.246,-0.647,-0.492,0.649,0.595,0.531,0.451,0.171,0.774,0.697,0.767,0.83,0.738,0.82,0.44,0.426,-0.693,0.641,-0.715,0.654,0.305,0.478,0.56,0.816,0.485,0.707,0.066,0.0,0.043,0.85,0.737,0.669,0.691,0.093,0.638,-0.777,0.767,0.808,0.439,0.663,-0.688,0.018,-0.431,0.714,0.566,0.777,0.265,0.807,0.748,0.837,0.711,0.587,0.392,0.756,0.779,-0.273,0.723,0.781,0.574,0.759,-0.155,-0.076,0.868,0.449,0.476,0.633,0.685,0.783,0.61,0.784,0.766,0.868,0.732,0.526,0.721,0.845,0.762,0.434,-0.533,0.627,0.797,0.72,0.69,0.859,0.1,0.797,0.369,-0.103,-0.703,0.856,0.705,-0.562,0.801,0.308,0.822,0.507,0.784,0.484,0.279,-0.036,-0.026,0.723,0.644,0.524,-0.104,0.759,0.101,0.089,0.56,0.486,0.882,0.652,0.844,0.806,-0.12,-0.367,0.772,-0.322,0.74,0.833,0.654,-0.042,0.597,0.342,-0.611,0.718,0.391,-0.226,0.805,0.764,0.539,0.782,0.683,0.665,-0.279,0.697,0.85,-0.562,0.704,0.821,-0.499,0.796,0.731,0.809,0.815,-0.247,0.774,0.361,0.713,0.564,0.416,0.727,0.17,0.51,0.815,0.634,0.643,0.236,0.699,0.809,0.745,0.453,0.279,0.666,-0.58,-0.287,0.832,0.786,0.72,0.742,0.597,0.801,0.753,0.778,-0.795,0.427,0.747,0.135,0.084,-0.465,0.618,0.059,0.853,-0.254,0.788,0.602,0.194,0.245,0.821,0.545,0.838,0.535,-0.553,0.712,-0.72,0.796,0.782,0.59,0.627,0.481
BLDP,0.189,0.495,0.553,0.326,0.395,0.491,0.772,0.53,0.213,0.191,0.446,0.084,0.17,-0.235,0.738,0.372,0.362,0.31,0.383,0.6,-0.408,0.186,0.412,0.124,0.68,0.281,0.706,0.043,0.0,-0.034,0.088,-0.506,0.516,0.683,-0.055,0.286,0.016,0.123,0.491,0.127,0.302,0.72,0.454,-0.005,0.646,0.044,-0.627,0.152,0.155,-0.178,0.546,0.482,-0.13,-0.017,0.244,0.755,0.297,0.088,0.399,0.169,0.572,-0.123,0.161,0.694,0.632,0.477,0.165,-0.009,0.36,0.255,0.225,0.055,0.054,0.303,-0.073,0.297,0.166,0.184,-0.023,0.441,0.105,0.149,0.276,-0.132,-0.06,0.04,0.352,0.602,0.332,0.162,0.316,0.607,0.084,0.695,-0.043,0.368,0.049,0.632,0.7,0.777,0.141,0.306,0.105,0.636,-0.249,-0.225,0.554,-0.468,0.612,0.517,0.045,0.421,0.316,0.239,0.842,-0.229,0.148,0.543,0.168,0.35,0.378,0.395,0.489,0.516,0.492,0.132,0.307,0.275,0.239,0.058,0.405,0.232,-0.22,0.375,0.023,-0.105,-0.071,0.621,0.076,0.142,-0.007,0.214,-0.317,0.044,0.221,-0.067,0.384,0.596,0.502,0.637,0.68,0.218,-0.506,0.524,0.179,0.383,0.525,0.037,0.529,0.112,0.237,0.672,0.766,0.416,0.592,0.772,0.161,-0.076,0.388,-0.062,0.527,0.234,-0.008,0.425,0.341,0.468,0.333,0.556,0.836,0.369,0.43,-0.722,0.012,0.722,0.355,-0.269,0.194,0.338,0.119,0.356,-0.182,0.241,0.635,-0.051,0.343,0.328,0.043,0.618,0.626,0.607
BLFS,-0.349,-0.735,-0.64,0.688,0.746,0.433,0.434,0.194,0.872,0.626,0.767,0.874,0.815,0.898,0.425,0.411,-0.778,0.616,-0.8,0.609,0.61,0.655,0.558,0.853,0.544,0.832,-0.138,0.85,-0.034,0.0,0.847,0.6,0.653,0.193,0.781,-0.812,0.842,0.874,0.333,0.691,-0.796,0.018,-0.546,0.721,0.404,0.881,0.417,0.84,0.829,0.875,0.751,0.632,0.644,0.885,0.611,-0.303,0.791,0.856,0.563,0.663,-0.355,-0.156,0.809,0.486,0.485,0.665,0.812,0.894,0.684,0.815,0.805,0.916,0.85,0.565,0.827,0.795,0.814,0.663,-0.663,0.594,0.855,0.795,0.748,0.903,0.194,0.86,0.554,-0.302,-0.826,0.863,0.553,-0.622,0.856,0.104,0.86,0.399,0.864,0.599,0.207,-0.111,-0.237,0.844,0.83,0.482,0.032,0.859,-0.043,0.282,0.513,0.582,0.816,0.679,0.83,0.85,-0.205,-0.14,0.893,-0.549,0.805,0.808,0.738,0.035,0.671,0.366,-0.697,0.813,0.48,-0.442,0.825,0.869,0.679,0.801,0.897,0.623,-0.491,0.795,0.925,-0.579,0.828,0.902,-0.525,0.794,0.821,0.9,0.833,-0.375,0.816,0.415,0.684,0.384,0.267,0.694,0.206,0.527,0.737,0.71,0.653,0.168,0.711,0.854,0.877,0.483,0.354,0.754,-0.713,-0.318,0.877,0.92,0.756,0.853,0.657,0.773,0.892,0.76,-0.818,0.495,0.781,-0.138,0.051,-0.648,0.694,0.018,0.88,-0.438,0.805,0.652,0.328,0.376,0.915,0.607,0.891,0.687,-0.561,0.701,-0.775,0.607,0.851,0.356,0.544,0.538
BLKB,-0.496,-0.655,-0.592,0.775,0.781,0.527,0.493,0.325,0.9,0.533,0.726,0.879,0.872,0.844,0.414,0.525,-0.706,0.572,-0.682,0.626,0.596,0.749,0.637,0.864,0.564,0.896,-0.168,0.737,0.088,0.847,0.0,0.495,0.714,0.383,0.731,-0.786,0.868,0.897,0.269,0.65,-0.765,0.117,-0.626,0.752,0.401,0.912,0.378,0.872,0.905,0.866,0.799,0.765,0.766,0.875,0.501,-0.126,0.814,0.881,0.659,0.549,-0.377,-0.152,0.761,0.595,0.612,0.681,0.88,0.919,0.704,0.835,0.81,0.731,0.894,0.621,0.832,0.798,0.864,0.615,-0.851,0.659,0.887,0.858,0.826,0.789,0.052,0.846,0.684,-0.338,-0.778,0.88,0.562,-0.565,0.881,0.056,0.781,0.39,0.903,0.646,0.421,-0.093,-0.458,0.831,0.91,0.591,0.276,0.873,-0.019,0.335,0.498,0.601,0.75,0.751,0.828,0.865,-0.09,-0.146,0.898,-0.484,0.834,0.761,0.799,0.11,0.76,0.59,-0.673,0.807,0.545,-0.532,0.843,0.899,0.785,0.73,0.834,0.717,-0.658,0.795,0.878,-0.325,0.898,0.909,-0.442,0.849,0.754,0.891,0.816,-0.605,0.838,0.565,0.735,0.394,0.242,0.757,-0.072,0.622,0.693,0.82,0.706,0.092,0.801,0.852,0.931,0.586,0.45,0.82,-0.631,-0.136,0.891,0.903,0.811,0.888,0.788,0.787,0.898,0.766,-0.725,0.67,0.809,-0.241,0.164,-0.525,0.779,-0.22,0.839,-0.414,0.722,0.748,0.43,0.426,0.883,0.449,0.903,0.758,-0.397,0.69,-0.7,0.517,0.865,0.363,0.581,0.666
