,ABAT,ACLS,ACMR,ADMA,ADUS,ADVM,AEIS,AGNCM,AHCO,ALGT,ALLO,AMSF,ANAB,ANDE,APLS,APPF,ASML,ATRC,AVGO,AVT,AXDX,AXSM,AZN,BANR,BBIO,BCYC,BHFAP,BKR,BLDP,BLFS,BLKB,BLMN,BNTX,BPMC,CALM,CAMT,CASH,CATY,CCEP,CDLX,CDNS,CENN,CENX,CGC,CHDN,CLBK,COKE,COLB,COO,CORT,CRMT,CRNX,CRTO,CRVL,CSCO,CSQ,CSWI,CVBF,CWST,CYCC,CZR,DLTR,DORM,ENTA,EQIX,ERIC,EVRG,EWBC,EXAS,EXLS,EXPI,EYE,FBNC,FBRX,FCNCA,FELE,FIBK,FLEX,FRGT,FRHC,FRME,FWONA,FWONK,GDEN,GIII,GILD,GLNG,GNTX,GOOGL,GRPN,HCSG,HIMX,HOPE,HST,HTLD,HUT,HWC,ICUI,IESC,INTC,INTU,IOVA,IPAR,IPGP,ISRG,JBSS,KALU,KPRX,KRNT,LAUR,LBRDA,LBTYK,LECO,LILAK,LITE,MANH,MDXG,MFIC,MGEE,MIDD,MLAB,MMSI,MNKD,MOMO,MRVL,NICE,NMFC,NUWE,NVCR,NWBI,OFIX,OFLX,OMCL,OPK,ORKA,ORLY,OTTR,PDD,PNTG,POOL,POWL,PPBI,PPC,PRAA,PRPL,PZZA,QTRX,QURE,RDFN,RDHL,REAL,REG,REYN,RGLD,RIOT,RUN,RYTM,SAIA,SBAC,SBRA,SCVL,SHOO,SLAB,SLDB,SMCI,SMTC,SRCE,SSP,SSRM,STBA,STRO,SVC,SYBT,TCBI,TCOM,TENX,TH,TMUS,TNDM,TTD,TTMI,UAL,ULH,ULTA,VCYT,VIRT,VKTX,VOD,VRDN,VREX,VRNT,VSAT,WB,WBD,WDC,WEN,WSFS,XXII,Z,ZBRA
ABAT,0.0,0.242,0.568,0.653,0.64,-0.11,0.366,0.045,-0.061,-0.185,-0.113,-0.037,0.39,-0.077,0.262,0.267,0.61,0.493,0.709,0.629,0.683,0.567,0.565,0.135,-0.144,-0.309,0.201,-0.12,-0.161,0.742,0.157,-0.175,0.456,-0.076,0.53,0.427,0.015,0.207,0.501,-0.388,0.654,-0.072,0.411,0.178,0.224,-0.044,0.303,-0.013,0.091,0.022,-0.124,0.398,0.582,0.486,0.317,0.547,0.554,-0.118,0.272,-0.382,0.338,-0.111,0.379,-0.303,0.599,0.61,-0.051,0.063,0.301,0.549,0.014,-0.359,0.241,-0.439,0.236,0.123,0.108,0.545,-0.017,0.544,-0.07,0.082,0.172,0.218,0.305,-0.333,0.25,0.068,0.167,0.14,0.008,-0.177,0.063,0.007,-0.036,-0.131,-0.028,0.529,0.61,-0.069,0.589,0.657,-0.335,-0.149,0.557,-0.246,0.062,-0.229,0.474,0.438,-0.37,0.128,-0.053,-0.116,0.483,0.489,-0.14,0.191,-0.017,0.245,0.585,0.362,-0.067,0.643,0.607,0.097,0.191,-0.478,-0.288,0.062,0.104,-0.146,0.3,0.642,0.177,0.092,-0.318,0.595,0.599,-0.111,0.483,0.118,0.408,-0.034,-0.166,0.645,-0.27,-0.319,0.43,-0.42,-0.164,0.249,0.362,0.373,-0.176,0.627,0.239,0.125,-0.165,-0.012,0.662,0.484,0.066,0.275,0.12,0.638,-0.172,-0.454,0.35,-0.049,0.293,-0.425,-0.065,0.083,0.376,0.391,0.5,0.352,0.381,0.643,0.1,0.115,0.127,0.295,0.614,0.585,0.371,0.573,-0.086,-0.09,-0.033,-0.336,0.62,-0.245,0.4,0.339,-0.031,-0.254,0.657,0.465
ACLS,0.242,0.0,0.469,0.098,0.138,0.615,0.808,0.033,0.61,0.63,0.643,0.635,0.632,0.708,0.801,0.756,0.602,0.327,0.431,0.563,-0.014,0.453,-0.163,0.872,0.651,0.4,-0.257,0.658,0.643,0.332,0.772,0.472,0.605,0.803,0.265,0.903,0.812,0.888,0.032,0.318,0.235,0.733,0.812,0.798,0.848,0.689,-0.56,0.809,0.154,0.546,0.715,0.752,-0.121,0.622,0.418,0.615,0.229,0.762,0.042,0.289,0.484,0.617,-0.273,0.604,-0.215,0.229,-0.793,0.843,-0.65,0.509,0.787,0.388,0.885,0.196,0.841,0.847,0.9,0.793,0.637,0.126,0.788,0.678,0.681,0.817,0.823,0.395,0.837,0.688,0.688,0.824,0.773,0.711,0.844,0.817,0.747,0.757,0.837,0.021,-0.202,0.78,0.457,0.283,0.435,0.73,-0.117,0.337,0.798,0.454,0.129,0.53,0.224,0.691,0.781,0.463,0.607,0.725,0.792,0.842,0.246,-0.426,-0.007,-0.387,0.739,0.383,0.573,0.586,0.761,0.006,0.234,0.834,0.259,0.71,-0.625,0.351,0.155,0.004,0.552,-0.053,0.311,0.673,-0.139,0.888,-0.417,0.693,0.633,-0.068,0.529,0.472,0.486,-0.469,0.493,-0.65,-0.348,0.471,0.737,0.085,0.91,0.614,-0.442,0.192,0.653,0.772,0.796,0.643,0.717,0.276,0.682,0.385,0.753,0.806,0.57,0.408,0.782,0.835,0.732,-0.095,0.046,-0.577,-0.222,0.317,0.832,0.908,0.83,0.576,0.008,0.052,0.633,0.413,0.771,0.677,0.768,0.274,0.229,0.409,0.886,0.359,0.805,0.324,0.399,0.572
ACMR,0.568,0.469,0.0,0.806,0.819,-0.049,0.388,0.151,-0.131,-0.26,-0.091,0.326,0.496,-0.054,0.575,0.573,0.749,0.63,0.771,0.839,0.756,0.566,0.658,0.324,-0.12,-0.364,0.34,-0.136,-0.233,0.835,0.38,-0.33,0.633,-0.009,0.573,0.663,0.156,0.389,0.527,-0.584,0.829,-0.003,0.492,0.247,0.294,-0.012,0.271,0.055,0.161,-0.208,-0.17,0.465,0.662,0.666,0.462,0.654,0.417,-0.057,0.479,-0.531,0.292,-0.071,0.529,-0.266,0.575,0.683,-0.302,0.171,0.201,0.773,-0.016,-0.569,0.499,-0.643,0.373,0.166,0.271,0.651,-0.026,0.723,0.001,0.046,0.125,0.238,0.346,-0.366,0.332,0.094,0.15,0.331,0.026,-0.125,0.194,0.197,-0.03,-0.062,0.11,0.807,0.642,-0.041,0.714,0.812,-0.331,-0.082,0.704,-0.373,0.032,-0.313,0.779,0.306,-0.529,0.13,-0.002,-0.395,0.611,0.682,0.024,0.387,-0.15,-0.007,0.804,0.503,-0.06,0.784,0.753,0.192,0.228,-0.619,-0.549,0.161,0.432,-0.145,0.227,0.868,0.325,-0.039,-0.37,0.773,0.737,-0.189,0.348,0.259,0.37,-0.117,-0.253,0.64,-0.259,-0.381,0.44,-0.733,-0.441,0.159,0.605,0.315,-0.122,0.795,0.374,0.069,-0.623,0.413,0.778,0.611,0.113,0.418,-0.023,0.723,-0.166,-0.497,0.419,0.048,0.471,-0.513,-0.009,0.218,0.672,0.554,0.808,0.317,0.267,0.873,0.239,0.32,0.23,0.445,0.855,0.775,0.675,0.914,0.079,-0.144,0.017,0.065,0.754,-0.401,0.64,0.397,0.048,-0.263,0.897,0.428
ADMA,0.653,0.098,0.806,0.0,0.914,-0.364,0.172,0.218,-0.287,-0.575,-0.403,0.041,0.345,-0.358,0.297,0.266,0.609,0.702,0.814,0.768,0.946,0.479,0.904,-0.02,-0.369,-0.574,0.45,-0.442,-0.596,0.921,0.062,-0.498,0.533,-0.356,0.58,0.382,-0.164,0.056,0.757,-0.768,0.892,-0.343,0.26,-0.157,-0.034,-0.292,0.596,-0.31,0.186,-0.429,-0.505,0.249,0.864,0.596,0.443,0.57,0.419,-0.421,0.525,-0.803,0.122,-0.302,0.662,-0.609,0.859,0.793,0.07,-0.189,0.56,0.656,-0.354,-0.763,0.163,-0.861,0.069,-0.172,-0.093,0.472,-0.228,0.741,-0.361,-0.239,-0.12,-0.013,0.049,-0.577,-0.009,-0.131,-0.077,0.06,-0.333,-0.472,-0.151,-0.136,-0.353,-0.442,-0.259,0.926,0.843,-0.391,0.714,0.94,-0.735,-0.422,0.908,-0.559,-0.271,-0.44,0.803,0.171,-0.771,-0.167,-0.332,-0.544,0.543,0.538,-0.363,0.058,-0.144,0.259,0.862,0.741,-0.388,0.69,0.704,-0.012,0.004,-0.826,-0.746,-0.174,0.151,-0.497,0.6,0.916,0.411,0.073,-0.68,0.929,0.796,-0.555,0.521,-0.133,0.551,-0.413,-0.507,0.873,-0.544,-0.699,0.438,-0.675,-0.609,0.515,0.755,0.314,-0.489,0.778,0.017,-0.217,-0.308,0.092,0.672,0.356,-0.154,0.28,-0.16,0.841,-0.497,-0.838,0.247,-0.329,0.383,-0.798,-0.358,-0.104,0.391,0.621,0.702,0.67,0.615,0.952,-0.049,-0.058,-0.154,0.364,0.91,0.936,0.528,0.815,-0.27,-0.413,-0.381,-0.279,0.784,-0.562,0.388,0.111,-0.313,-0.569,0.901,0.371
ADUS,0.64,0.138,0.819,0.914,0.0,-0.265,0.276,0.307,-0.261,-0.482,-0.261,0.179,0.402,-0.283,0.393,0.347,0.731,0.786,0.869,0.796,0.896,0.623,0.884,0.08,-0.267,-0.541,0.645,-0.43,-0.532,0.839,0.225,-0.384,0.632,-0.315,0.646,0.436,-0.057,0.16,0.822,-0.691,0.938,-0.198,0.317,-0.075,0.031,-0.189,0.616,-0.22,0.3,-0.379,-0.421,0.405,0.797,0.64,0.58,0.658,0.5,-0.344,0.622,-0.794,0.204,-0.162,0.763,-0.543,0.752,0.855,0.031,-0.092,0.52,0.76,-0.246,-0.683,0.254,-0.871,0.11,-0.088,-0.017,0.556,-0.129,0.743,-0.271,-0.084,0.026,0.044,0.156,-0.481,-0.023,0.014,-0.041,0.139,-0.229,-0.357,-0.04,-0.008,-0.239,-0.358,-0.18,0.877,0.844,-0.328,0.786,0.886,-0.664,-0.346,0.925,-0.466,-0.193,-0.356,0.872,0.186,-0.773,-0.112,-0.227,-0.463,0.641,0.631,-0.274,0.204,-0.054,0.321,0.907,0.727,-0.269,0.739,0.788,0.19,0.087,-0.839,-0.708,-0.074,0.405,-0.402,0.569,0.896,0.529,0.075,-0.631,0.936,0.875,-0.446,0.552,-0.045,0.52,-0.379,-0.438,0.831,-0.37,-0.669,0.535,-0.673,-0.549,0.493,0.773,0.376,-0.41,0.863,0.081,-0.017,-0.331,0.214,0.752,0.498,-0.047,0.446,-0.083,0.89,-0.411,-0.743,0.323,-0.215,0.522,-0.717,-0.265,-0.011,0.533,0.706,0.69,0.613,0.667,0.906,0.047,0.002,-0.066,0.503,0.892,0.893,0.574,0.814,-0.162,-0.33,-0.236,-0.339,0.797,-0.449,0.457,0.134,-0.22,-0.644,0.851,0.451
ADVM,-0.11,0.615,-0.049,-0.364,-0.265,0.0,0.657,0.269,0.741,0.833,0.869,0.735,0.552,0.869,0.561,0.635,0.18,0.041,0.002,0.112,-0.409,0.291,-0.449,0.818,0.841,0.713,-0.226,0.727,0.848,-0.205,0.718,0.793,0.372,0.851,0.203,0.51,0.86,0.775,-0.11,0.69,-0.251,0.861,0.675,0.587,0.709,0.905,-0.653,0.827,0.4,0.636,0.833,0.63,-0.328,0.214,0.341,0.408,-0.029,0.91,-0.229,0.584,0.249,0.794,-0.588,0.879,-0.509,-0.034,-0.525,0.83,-0.701,0.001,0.839,0.685,0.742,0.573,0.659,0.825,0.805,0.485,0.899,-0.297,0.889,0.785,0.727,0.766,0.704,0.782,0.67,0.793,0.726,0.722,0.792,0.884,0.853,0.783,0.888,0.895,0.885,-0.45,-0.601,0.864,0.154,-0.132,0.648,0.901,-0.444,0.713,0.834,0.838,-0.111,0.343,0.404,0.589,0.852,0.678,0.406,0.411,0.83,0.729,0.56,-0.318,-0.445,-0.71,0.847,-0.047,0.229,0.682,0.789,0.234,0.397,0.875,0.087,0.845,-0.751,-0.125,0.272,0.026,0.786,-0.477,-0.027,0.795,-0.391,0.793,-0.732,0.661,0.868,-0.485,0.864,0.695,0.406,0.14,0.708,-0.764,-0.635,0.54,0.898,-0.186,0.699,0.65,0.067,0.131,0.216,0.373,0.844,0.566,0.76,-0.077,0.884,0.747,0.673,0.892,0.52,0.758,0.89,0.837,0.271,-0.489,-0.429,-0.765,-0.364,-0.175,0.814,0.781,0.845,0.474,-0.471,-0.401,0.457,-0.002,0.815,0.841,0.819,0.182,-0.269,0.761,0.559,-0.025,0.878,0.427,-0.085,0.292
AEIS,0.366,0.808,0.388,0.172,0.276,0.657,0.0,0.399,0.734,0.664,0.679,0.636,0.65,0.793,0.822,0.71,0.757,0.55,0.633,0.675,0.126,0.61,0.062,0.887,0.671,0.412,-0.05,0.642,0.561,0.358,0.894,0.687,0.783,0.712,0.6,0.884,0.883,0.925,0.386,0.33,0.354,0.701,0.878,0.731,0.86,0.813,-0.36,0.778,0.468,0.627,0.708,0.898,0.097,0.774,0.765,0.86,0.517,0.708,0.219,0.153,0.712,0.79,-0.199,0.522,-0.025,0.541,-0.508,0.877,-0.449,0.585,0.783,0.384,0.874,0.057,0.846,0.881,0.864,0.921,0.79,0.088,0.78,0.809,0.838,0.929,0.916,0.487,0.728,0.879,0.813,0.772,0.784,0.685,0.89,0.825,0.79,0.668,0.8,0.058,-0.078,0.742,0.713,0.394,0.33,0.686,0.055,0.48,0.852,0.626,0.285,0.724,0.132,0.684,0.794,0.58,0.85,0.858,0.652,0.902,0.644,-0.024,0.071,-0.362,0.739,0.327,0.774,0.834,0.919,-0.189,0.253,0.872,0.146,0.704,-0.468,0.431,0.421,0.312,0.427,0.034,0.517,0.635,0.132,0.842,-0.464,0.61,0.667,0.135,0.603,0.236,0.737,-0.325,0.567,-0.434,-0.259,0.797,0.635,0.253,0.798,0.794,-0.072,-0.003,0.788,0.849,0.876,0.849,0.853,0.539,0.697,0.299,0.929,0.797,0.815,0.373,0.794,0.886,0.569,-0.146,-0.041,-0.417,0.032,0.372,0.844,0.843,0.777,0.858,0.032,0.096,0.613,0.449,0.725,0.776,0.783,-0.083,0.21,0.603,0.862,0.24,0.808,-0.031,0.437,0.832
AGNCM,0.045,0.033,0.151,0.218,0.307,0.269,0.399,0.0,0.23,0.121,0.199,0.313,0.259,0.216,0.428,0.239,0.374,0.388,0.393,0.412,0.183,0.39,0.382,0.245,0.215,0.096,0.429,0.071,-0.024,0.095,0.407,0.288,0.446,0.026,0.581,0.236,0.309,0.272,0.572,-0.092,0.304,0.123,0.221,-0.058,0.165,0.318,0.321,0.095,0.682,0.151,0.049,0.343,0.415,0.336,0.686,0.529,0.462,0.089,0.396,-0.239,0.363,0.385,0.201,0.059,0.263,0.573,0.247,0.228,0.193,0.268,0.092,-0.102,0.266,-0.281,0.157,0.215,0.164,0.341,0.381,0.207,0.139,0.157,0.176,0.253,0.328,0.255,0.007,0.41,0.384,0.084,0.122,0.121,0.245,0.285,0.142,0.094,0.157,0.265,0.218,0.059,0.535,0.321,-0.105,0.097,0.373,0.209,0.193,0.381,0.485,0.31,-0.213,0.125,0.15,0.019,0.539,0.442,0.033,0.323,0.518,0.406,0.229,0.134,0.146,0.006,0.465,0.468,0.411,-0.37,-0.121,0.231,0.077,0.052,0.146,0.322,0.675,0.458,-0.112,0.212,0.468,0.018,0.352,0.145,-0.113,-0.061,0.127,0.252,0.188,-0.225,0.506,0.103,-0.014,0.234,0.216,0.607,0.034,0.336,0.019,0.307,0.294,0.033,0.281,0.285,0.314,0.523,0.213,0.44,0.123,-0.094,0.39,0.158,0.527,-0.043,0.19,0.312,0.038,0.019,-0.011,0.174,0.223,0.286,0.213,0.16,0.125,0.566,0.134,0.158,0.325,0.311,0.178,0.164,0.188,-0.049,0.063,0.254,0.212,-0.195,0.181,-0.452,0.267,0.399
AHCO,-0.061,0.61,-0.131,-0.287,-0.261,0.741,0.734,0.23,0.0,0.801,0.702,0.492,0.403,0.882,0.496,0.467,0.208,0.172,0.112,0.176,-0.328,0.153,-0.376,0.767,0.775,0.648,-0.406,0.763,0.734,-0.118,0.666,0.88,0.423,0.8,0.158,0.53,0.85,0.741,0.016,0.643,-0.22,0.713,0.587,0.64,0.715,0.844,-0.673,0.798,0.299,0.67,0.85,0.585,-0.339,0.427,0.436,0.451,0.05,0.807,-0.078,0.513,0.388,0.808,-0.656,0.735,-0.401,0.064,-0.466,0.81,-0.672,0.068,0.822,0.711,0.662,0.472,0.718,0.799,0.778,0.515,0.819,-0.441,0.842,0.748,0.725,0.8,0.658,0.725,0.592,0.792,0.719,0.697,0.783,0.78,0.822,0.731,0.847,0.742,0.809,-0.402,-0.559,0.823,0.208,-0.084,0.522,0.798,-0.425,0.662,0.843,0.821,-0.212,0.44,0.463,0.588,0.834,0.79,0.458,0.432,0.712,0.717,0.655,-0.206,-0.458,-0.712,0.771,-0.18,0.301,0.706,0.799,0.148,0.547,0.835,-0.25,0.826,-0.701,-0.068,0.145,0.219,0.747,-0.455,-0.009,0.717,-0.338,0.728,-0.754,0.818,0.882,-0.343,0.739,0.489,0.422,0.014,0.802,-0.661,-0.679,0.556,0.77,-0.287,0.705,0.622,0.177,-0.265,0.309,0.395,0.804,0.57,0.874,0.071,0.845,0.606,0.706,0.808,0.537,0.697,0.846,0.784,0.122,-0.505,-0.494,-0.695,-0.167,-0.132,0.759,0.742,0.69,0.585,-0.473,-0.323,0.277,-0.041,0.708,0.913,0.76,-0.018,-0.241,0.807,0.532,0.02,0.828,0.246,-0.029,0.522
ALGT,-0.185,0.63,-0.26,-0.575,-0.482,0.833,0.664,0.121,0.801,0.0,0.879,0.475,0.33,0.93,0.493,0.408,0.122,-0.137,-0.13,-0.004,-0.614,0.12,-0.662,0.764,0.834,0.799,-0.421,0.91,0.941,-0.344,0.68,0.907,0.243,0.9,0.047,0.453,0.856,0.733,-0.313,0.851,-0.401,0.86,0.56,0.73,0.776,0.872,-0.786,0.906,0.218,0.843,0.965,0.535,-0.569,0.187,0.238,0.267,0.042,0.936,-0.288,0.77,0.462,0.857,-0.702,0.932,-0.666,-0.184,-0.537,0.885,-0.839,-0.024,0.924,0.875,0.616,0.736,0.695,0.884,0.816,0.407,0.803,-0.413,0.933,0.83,0.766,0.796,0.738,0.85,0.694,0.809,0.753,0.62,0.915,0.939,0.852,0.818,0.924,0.924,0.891,-0.635,-0.724,0.939,0.03,-0.341,0.847,0.923,-0.66,0.774,0.932,0.824,-0.378,0.497,0.71,0.757,0.922,0.86,0.272,0.31,0.866,0.698,0.563,-0.325,-0.612,-0.867,0.919,-0.217,0.08,0.622,0.773,0.494,0.77,0.863,-0.003,0.963,-0.887,-0.304,0.019,0.203,0.888,-0.696,-0.18,0.967,-0.357,0.825,-0.791,0.832,0.935,-0.555,0.877,0.773,0.278,0.218,0.922,-0.776,-0.812,0.418,0.935,-0.422,0.672,0.774,0.108,-0.026,0.131,0.421,0.853,0.465,0.809,-0.229,0.965,0.888,0.589,0.917,0.35,0.919,0.938,0.84,0.192,-0.596,-0.549,-0.893,-0.527,-0.369,0.763,0.795,0.783,0.375,-0.656,-0.614,0.161,-0.207,0.842,0.94,0.93,0.239,-0.418,0.898,0.44,0.171,0.926,0.502,-0.279,0.392
ALLO,-0.113,0.643,-0.091,-0.403,-0.261,0.869,0.679,0.199,0.702,0.879,0.0,0.663,0.566,0.825,0.641,0.555,0.27,0.031,0.029,0.125,-0.464,0.322,-0.502,0.808,0.876,0.657,-0.148,0.735,0.826,-0.207,0.772,0.847,0.444,0.845,0.181,0.518,0.851,0.762,-0.126,0.746,-0.225,0.896,0.697,0.587,0.737,0.819,-0.65,0.846,0.319,0.685,0.851,0.677,-0.454,0.241,0.371,0.399,0.017,0.886,-0.123,0.548,0.349,0.863,-0.499,0.853,-0.601,-0.008,-0.593,0.849,-0.756,0.137,0.891,0.722,0.71,0.582,0.614,0.843,0.806,0.502,0.829,-0.196,0.88,0.886,0.836,0.796,0.761,0.795,0.618,0.864,0.76,0.709,0.838,0.936,0.838,0.868,0.895,0.864,0.873,-0.487,-0.605,0.876,0.21,-0.125,0.644,0.895,-0.462,0.708,0.88,0.836,-0.081,0.433,0.444,0.725,0.898,0.68,0.434,0.463,0.884,0.735,0.534,-0.356,-0.455,-0.708,0.919,-0.02,0.243,0.701,0.764,0.307,0.521,0.867,0.17,0.859,-0.797,-0.137,0.347,0.179,0.737,-0.515,0.038,0.862,-0.286,0.779,-0.725,0.665,0.859,-0.427,0.912,0.694,0.527,0.05,0.766,-0.707,-0.624,0.536,0.883,-0.251,0.653,0.739,-0.009,0.208,0.234,0.488,0.903,0.635,0.77,-0.067,0.887,0.754,0.698,0.889,0.553,0.772,0.891,0.855,0.353,-0.43,-0.5,-0.801,-0.422,-0.171,0.836,0.776,0.792,0.481,-0.502,-0.41,0.462,-0.078,0.879,0.846,0.865,0.142,-0.314,0.838,0.574,0.049,0.891,0.369,-0.107,0.419
AMSF,-0.037,0.635,0.326,0.041,0.179,0.735,0.636,0.313,0.492,0.475,0.663,0.0,0.641,0.573,0.678,0.769,0.446,0.411,0.339,0.352,-0.068,0.432,-0.059,0.761,0.692,0.327,0.044,0.334,0.461,0.078,0.729,0.492,0.573,0.624,0.324,0.674,0.726,0.755,0.235,0.323,0.159,0.685,0.674,0.39,0.531,0.694,-0.341,0.604,0.402,0.27,0.526,0.706,-0.027,0.409,0.551,0.553,0.033,0.646,0.138,0.12,0.113,0.646,-0.13,0.508,-0.279,0.254,-0.577,0.66,-0.471,0.375,0.643,0.311,0.782,0.09,0.533,0.625,0.706,0.613,0.736,0.012,0.659,0.64,0.627,0.612,0.583,0.462,0.471,0.678,0.461,0.77,0.527,0.668,0.735,0.688,0.64,0.614,0.71,-0.042,-0.215,0.579,0.41,0.216,0.227,0.676,-0.011,0.38,0.575,0.58,0.288,0.19,-0.086,0.337,0.646,0.29,0.622,0.602,0.654,0.723,0.38,-0.272,-0.038,-0.291,0.617,0.197,0.511,0.686,0.635,-0.185,-0.081,0.723,0.326,0.539,-0.444,0.233,0.517,-0.076,0.428,-0.032,0.31,0.456,-0.187,0.645,-0.434,0.363,0.565,-0.192,0.643,0.362,0.574,-0.295,0.31,-0.542,-0.198,0.48,0.623,0.15,0.627,0.509,-0.224,0.342,0.454,0.483,0.714,0.725,0.604,0.277,0.57,0.332,0.666,0.709,0.724,0.347,0.663,0.711,0.549,-0.07,-0.149,-0.459,0.005,0.226,0.75,0.662,0.669,0.659,-0.068,0.08,0.724,0.282,0.65,0.552,0.589,0.041,0.018,0.444,0.729,-0.083,0.654,0.049,0.24,0.288
ANAB,0.39,0.632,0.496,0.345,0.402,0.552,0.65,0.259,0.403,0.33,0.566,0.641,0.0,0.444,0.746,0.755,0.583,0.539,0.555,0.603,0.243,0.518,0.154,0.685,0.519,0.121,0.161,0.295,0.347,0.435,0.68,0.36,0.744,0.514,0.48,0.689,0.6,0.685,0.404,0.11,0.38,0.566,0.803,0.373,0.593,0.477,-0.183,0.502,0.267,0.237,0.373,0.77,0.188,0.547,0.531,0.692,0.165,0.489,0.202,-0.042,0.189,0.448,-0.019,0.355,0.063,0.475,-0.53,0.576,-0.301,0.511,0.54,0.087,0.737,-0.037,0.551,0.598,0.622,0.733,0.577,0.345,0.502,0.558,0.595,0.651,0.62,0.317,0.542,0.623,0.512,0.711,0.454,0.496,0.591,0.648,0.529,0.457,0.598,0.196,0.027,0.501,0.585,0.556,-0.014,0.524,0.212,0.114,0.545,0.391,0.448,0.391,-0.242,0.444,0.55,0.169,0.719,0.737,0.548,0.667,0.22,-0.258,0.175,-0.087,0.523,0.441,0.661,0.56,0.623,-0.356,-0.174,0.623,0.202,0.393,-0.301,0.517,0.574,0.115,0.21,0.185,0.57,0.343,-0.043,0.542,-0.186,0.272,0.416,0.122,0.391,0.176,0.762,-0.43,0.225,-0.334,-0.067,0.611,0.466,0.287,0.579,0.4,-0.264,0.281,0.627,0.573,0.693,0.747,0.556,0.49,0.415,0.068,0.759,0.541,0.729,0.102,0.516,0.659,0.586,0.063,0.024,-0.265,0.037,0.514,0.725,0.633,0.582,0.6,0.18,0.374,0.837,0.492,0.533,0.403,0.425,-0.094,0.233,0.273,0.789,0.061,0.542,0.005,0.536,0.526
ANDE,-0.077,0.708,-0.054,-0.358,-0.283,0.869,0.793,0.216,0.882,0.93,0.825,0.573,0.444,0.0,0.6,0.55,0.254,0.07,0.071,0.199,-0.388,0.209,-0.461,0.868,0.806,0.755,-0.387,0.906,0.882,-0.132,0.792,0.894,0.424,0.918,0.215,0.601,0.942,0.847,-0.104,0.717,-0.235,0.844,0.696,0.805,0.871,0.939,-0.754,0.931,0.308,0.795,0.943,0.663,-0.376,0.423,0.41,0.481,0.093,0.943,-0.186,0.652,0.506,0.872,-0.683,0.883,-0.465,0.02,-0.556,0.943,-0.792,0.094,0.917,0.761,0.747,0.574,0.844,0.94,0.891,0.581,0.878,-0.363,0.963,0.858,0.819,0.897,0.809,0.805,0.781,0.867,0.818,0.756,0.938,0.901,0.931,0.861,0.956,0.901,0.94,-0.445,-0.611,0.95,0.214,-0.135,0.733,0.93,-0.485,0.738,0.95,0.823,-0.212,0.529,0.574,0.758,0.942,0.832,0.462,0.479,0.856,0.817,0.645,-0.286,-0.46,-0.79,0.894,-0.077,0.287,0.719,0.892,0.296,0.614,0.935,-0.058,0.957,-0.833,-0.078,0.094,0.23,0.821,-0.513,0.004,0.884,-0.36,0.884,-0.799,0.806,0.929,-0.397,0.821,0.631,0.385,0.072,0.854,-0.753,-0.705,0.563,0.908,-0.261,0.775,0.735,0.091,-0.048,0.341,0.511,0.89,0.588,0.876,0.005,0.961,0.756,0.74,0.945,0.519,0.812,0.958,0.909,0.246,-0.574,-0.395,-0.811,-0.365,-0.162,0.855,0.883,0.835,0.559,-0.475,-0.42,0.311,0.039,0.846,0.97,0.9,0.148,-0.242,0.84,0.604,0.177,0.956,0.417,-0.046,0.527
APLS,0.262,0.801,0.575,0.297,0.393,0.561,0.822,0.428,0.496,0.493,0.641,0.678,0.746,0.6,0.0,0.766,0.722,0.55,0.605,0.746,0.184,0.596,0.15,0.809,0.585,0.242,0.167,0.47,0.41,0.418,0.86,0.46,0.825,0.596,0.575,0.838,0.761,0.831,0.399,0.089,0.436,0.612,0.824,0.561,0.762,0.609,-0.214,0.648,0.437,0.364,0.501,0.822,0.163,0.748,0.72,0.81,0.412,0.59,0.321,-0.014,0.55,0.649,0.018,0.438,0.023,0.568,-0.559,0.755,-0.401,0.682,0.638,0.129,0.86,-0.073,0.728,0.763,0.782,0.837,0.623,0.389,0.64,0.632,0.658,0.781,0.819,0.43,0.641,0.763,0.703,0.727,0.634,0.595,0.757,0.821,0.624,0.565,0.711,0.281,0.049,0.588,0.729,0.526,0.188,0.592,0.208,0.268,0.692,0.459,0.503,0.549,-0.047,0.661,0.676,0.247,0.824,0.874,0.659,0.832,0.365,-0.213,0.236,-0.12,0.608,0.389,0.755,0.68,0.778,-0.263,0.025,0.75,0.347,0.527,-0.398,0.587,0.576,0.297,0.265,0.155,0.594,0.486,0.092,0.733,-0.321,0.418,0.474,0.185,0.47,0.157,0.779,-0.477,0.284,-0.317,-0.042,0.702,0.548,0.31,0.694,0.611,-0.298,0.329,0.719,0.804,0.792,0.822,0.6,0.539,0.541,0.159,0.854,0.674,0.79,0.204,0.657,0.816,0.666,0.045,0.106,-0.326,-0.036,0.512,0.8,0.805,0.663,0.76,0.194,0.251,0.79,0.596,0.661,0.536,0.653,0.181,0.245,0.378,0.875,0.307,0.687,-0.04,0.596,0.702
APPF,0.267,0.756,0.573,0.266,0.347,0.635,0.71,0.239,0.467,0.408,0.555,0.769,0.755,0.55,0.766,0.0,0.585,0.552,0.501,0.561,0.161,0.496,0.064,0.801,0.583,0.264,-0.001,0.365,0.423,0.366,0.766,0.362,0.676,0.654,0.436,0.806,0.71,0.819,0.285,0.162,0.338,0.644,0.804,0.529,0.669,0.601,-0.306,0.591,0.282,0.251,0.478,0.769,0.122,0.57,0.533,0.682,0.146,0.609,0.184,0.063,0.239,0.51,-0.062,0.434,-0.063,0.366,-0.638,0.693,-0.397,0.552,0.615,0.156,0.876,-0.008,0.673,0.674,0.754,0.764,0.64,0.253,0.629,0.596,0.613,0.695,0.677,0.331,0.677,0.623,0.504,0.808,0.52,0.582,0.732,0.715,0.623,0.586,0.715,0.171,-0.048,0.581,0.541,0.479,0.18,0.615,0.116,0.186,0.622,0.393,0.367,0.397,-0.148,0.451,0.639,0.212,0.695,0.717,0.659,0.76,0.254,-0.318,0.161,-0.156,0.587,0.421,0.642,0.581,0.68,-0.305,-0.133,0.739,0.375,0.499,-0.401,0.471,0.414,-0.026,0.339,0.15,0.464,0.43,-0.15,0.703,-0.298,0.398,0.483,0.023,0.445,0.293,0.583,-0.454,0.229,-0.491,-0.101,0.56,0.571,0.296,0.76,0.523,-0.397,0.389,0.665,0.631,0.701,0.717,0.579,0.4,0.527,0.179,0.745,0.655,0.689,0.202,0.637,0.747,0.696,0.073,0.144,-0.378,-0.008,0.452,0.777,0.764,0.792,0.639,0.178,0.251,0.802,0.529,0.603,0.504,0.577,0.041,0.236,0.274,0.852,0.195,0.667,0.099,0.485,0.471
ASML,0.61,0.602,0.749,0.609,0.731,0.18,0.757,0.374,0.208,0.122,0.27,0.446,0.583,0.254,0.722,0.585,0.0,0.735,0.909,0.889,0.571,0.811,0.533,0.551,0.234,-0.13,0.352,0.112,0.019,0.695,0.646,0.142,0.809,0.198,0.771,0.804,0.452,0.631,0.654,-0.236,0.822,0.302,0.697,0.405,0.502,0.328,0.172,0.316,0.435,0.208,0.169,0.771,0.527,0.792,0.777,0.87,0.727,0.189,0.549,-0.395,0.644,0.366,0.402,-0.047,0.393,0.812,-0.299,0.459,0.07,0.837,0.314,-0.192,0.661,-0.493,0.517,0.453,0.49,0.875,0.333,0.553,0.277,0.422,0.493,0.542,0.668,-0.066,0.411,0.505,0.465,0.444,0.317,0.179,0.482,0.461,0.297,0.186,0.336,0.562,0.494,0.241,0.905,0.722,-0.154,0.154,0.576,0.044,0.391,0.123,0.725,0.629,-0.335,0.355,0.303,0.03,0.856,0.883,0.199,0.64,0.304,0.231,0.631,0.22,0.28,0.642,0.933,0.615,0.554,-0.558,-0.199,0.443,0.431,0.153,0.076,0.763,0.546,0.246,-0.156,0.581,0.798,0.149,0.561,0.484,0.115,0.15,0.078,0.609,0.147,-0.232,0.747,-0.585,-0.019,0.052,0.349,0.646,0.109,0.725,0.529,0.548,-0.339,0.179,0.907,0.866,0.47,0.751,0.406,0.808,0.141,-0.253,0.7,0.327,0.752,-0.224,0.297,0.497,0.715,0.409,0.436,0.132,0.306,0.746,0.468,0.475,0.439,0.763,0.574,0.558,0.687,0.712,0.334,0.237,0.377,-0.138,0.595,0.071,0.762,0.296,0.331,-0.427,0.755,0.777
ATRC,0.493,0.327,0.63,0.702,0.786,0.041,0.55,0.388,0.172,-0.137,0.031,0.411,0.539,0.07,0.55,0.552,0.735,0.0,0.863,0.731,0.639,0.56,0.665,0.363,0.159,-0.275,0.413,-0.202,-0.237,0.642,0.459,0.048,0.772,0.017,0.619,0.572,0.281,0.425,0.843,-0.334,0.752,0.088,0.487,0.093,0.203,0.193,0.31,0.045,0.368,-0.191,-0.054,0.623,0.558,0.749,0.769,0.759,0.427,-0.025,0.641,-0.57,0.215,0.213,0.452,-0.233,0.494,0.81,-0.121,0.2,0.236,0.753,0.106,-0.29,0.5,-0.638,0.286,0.197,0.257,0.681,0.266,0.389,0.06,0.228,0.32,0.332,0.318,-0.095,0.097,0.338,0.143,0.441,0.004,-0.004,0.284,0.258,0.133,-0.087,0.135,0.607,0.523,-0.01,0.803,0.792,-0.487,-0.01,0.663,-0.134,0.135,0.058,0.684,0.245,-0.642,0.013,0.137,-0.078,0.798,0.716,0.013,0.452,0.296,0.25,0.609,0.395,0.047,0.424,0.857,0.532,0.36,-0.801,-0.492,0.264,0.193,-0.059,0.276,0.77,0.625,0.149,-0.312,0.644,0.792,-0.18,0.343,0.176,0.114,-0.121,-0.048,0.577,0.008,-0.426,0.724,-0.652,-0.167,0.173,0.407,0.555,-0.093,0.66,0.288,0.24,-0.143,0.002,0.788,0.532,0.295,0.694,0.324,0.879,-0.047,-0.463,0.599,0.095,0.772,-0.381,0.094,0.281,0.456,0.368,0.296,0.283,0.659,0.738,0.359,0.244,0.185,0.763,0.573,0.721,0.633,0.627,0.041,0.08,0.067,-0.484,0.499,-0.044,0.624,0.047,0.101,-0.648,0.714,0.608
AVGO,0.709,0.431,0.771,0.814,0.869,0.002,0.633,0.393,0.112,-0.13,0.029,0.339,0.555,0.071,0.605,0.501,0.909,0.863,0.0,0.904,0.771,0.743,0.751,0.38,0.065,-0.301,0.404,-0.102,-0.22,0.832,0.471,-0.023,0.811,0.016,0.748,0.706,0.276,0.466,0.836,-0.419,0.906,0.081,0.593,0.21,0.333,0.155,0.355,0.097,0.403,-0.013,-0.056,0.671,0.703,0.8,0.768,0.867,0.661,-0.029,0.587,-0.589,0.458,0.172,0.501,-0.265,0.628,0.912,-0.144,0.246,0.272,0.821,0.108,-0.374,0.512,-0.682,0.385,0.256,0.295,0.811,0.218,0.587,0.062,0.234,0.34,0.398,0.47,-0.227,0.242,0.343,0.299,0.376,0.092,-0.039,0.292,0.266,0.096,-0.049,0.139,0.714,0.669,0.013,0.922,0.873,-0.441,-0.037,0.763,-0.145,0.18,-0.015,0.782,0.469,-0.568,0.145,0.104,-0.104,0.859,0.832,-0.016,0.483,0.24,0.302,0.722,0.429,0.062,0.659,0.957,0.477,0.424,-0.755,-0.446,0.258,0.253,-0.067,0.302,0.887,0.581,0.197,-0.358,0.754,0.895,-0.131,0.571,0.258,0.24,-0.057,-0.086,0.751,-0.081,-0.447,0.744,-0.651,-0.181,0.237,0.488,0.63,-0.11,0.779,0.361,0.283,-0.229,0.046,0.908,0.703,0.302,0.686,0.308,0.949,-0.078,-0.51,0.627,0.106,0.731,-0.446,0.08,0.309,0.585,0.457,0.487,0.356,0.581,0.878,0.329,0.296,0.226,0.736,0.706,0.756,0.674,0.783,0.105,0.048,0.098,-0.356,0.698,-0.111,0.688,0.155,0.113,-0.58,0.854,0.715
AVT,0.629,0.563,0.839,0.768,0.796,0.112,0.675,0.412,0.176,-0.004,0.125,0.352,0.603,0.199,0.746,0.561,0.889,0.731,0.904,0.0,0.721,0.72,0.653,0.494,0.08,-0.205,0.353,0.101,-0.081,0.838,0.586,0.01,0.812,0.137,0.773,0.771,0.39,0.568,0.695,-0.411,0.849,0.177,0.665,0.365,0.506,0.227,0.225,0.252,0.418,0.087,0.049,0.682,0.665,0.868,0.735,0.884,0.644,0.108,0.494,-0.468,0.58,0.23,0.377,-0.102,0.583,0.876,-0.247,0.39,0.134,0.81,0.188,-0.361,0.622,-0.574,0.554,0.396,0.442,0.851,0.236,0.657,0.194,0.272,0.359,0.509,0.599,-0.113,0.426,0.412,0.461,0.427,0.254,0.059,0.395,0.407,0.185,0.094,0.277,0.736,0.568,0.159,0.919,0.854,-0.269,0.082,0.68,-0.136,0.303,0.01,0.772,0.595,-0.393,0.35,0.217,-0.101,0.843,0.899,0.133,0.583,0.206,0.171,0.701,0.326,0.151,0.698,0.923,0.472,0.535,-0.632,-0.322,0.371,0.285,0.059,0.141,0.903,0.526,0.266,-0.247,0.677,0.843,0.007,0.479,0.419,0.166,0.088,-0.011,0.707,-0.045,-0.366,0.713,-0.636,-0.141,0.139,0.424,0.655,0.023,0.727,0.482,0.323,-0.332,0.133,0.906,0.791,0.387,0.659,0.303,0.86,0.047,-0.391,0.681,0.229,0.693,-0.344,0.201,0.448,0.646,0.407,0.546,0.231,0.333,0.877,0.433,0.474,0.345,0.711,0.688,0.676,0.71,0.877,0.263,0.128,0.226,-0.049,0.701,-0.077,0.746,0.318,0.252,-0.374,0.916,0.758
AXDX,0.683,-0.014,0.756,0.946,0.896,-0.409,0.126,0.183,-0.328,-0.614,-0.464,-0.068,0.243,-0.388,0.184,0.161,0.571,0.639,0.771,0.721,0.0,0.455,0.92,-0.089,-0.49,-0.604,0.467,-0.462,-0.635,0.881,0.016,-0.518,0.457,-0.443,0.569,0.291,-0.231,-0.019,0.741,-0.801,0.859,-0.416,0.211,-0.159,-0.071,-0.336,0.628,-0.36,0.164,-0.421,-0.545,0.191,0.869,0.545,0.399,0.528,0.454,-0.486,0.524,-0.817,0.176,-0.362,0.664,-0.665,0.888,0.788,0.184,-0.245,0.623,0.593,-0.427,-0.791,0.078,-0.864,0.018,-0.236,-0.167,0.411,-0.291,0.706,-0.419,-0.265,-0.15,-0.055,-0.0,-0.619,-0.071,-0.186,-0.094,-0.039,-0.366,-0.552,-0.216,-0.228,-0.407,-0.522,-0.34,0.905,0.863,-0.448,0.676,0.864,-0.729,-0.497,0.903,-0.575,-0.328,-0.487,0.777,0.163,-0.743,-0.211,-0.4,-0.547,0.478,0.466,-0.456,-0.012,-0.125,0.343,0.874,0.758,-0.455,0.703,0.645,-0.045,-0.058,-0.797,-0.705,-0.24,0.12,-0.529,0.644,0.857,0.341,0.093,-0.735,0.944,0.73,-0.595,0.586,-0.195,0.568,-0.441,-0.556,0.91,-0.575,-0.772,0.354,-0.602,-0.628,0.58,0.793,0.3,-0.569,0.805,-0.069,-0.223,-0.219,0.029,0.635,0.322,-0.237,0.176,-0.218,0.813,-0.542,-0.85,0.185,-0.386,0.305,-0.825,-0.421,-0.18,0.317,0.607,0.742,0.733,0.631,0.878,-0.143,-0.148,-0.218,0.309,0.92,0.878,0.396,0.78,-0.34,-0.45,-0.437,-0.351,0.817,-0.592,0.291,0.106,-0.373,-0.562,0.853,0.352
AXSM,0.567,0.453,0.566,0.479,0.623,0.291,0.61,0.39,0.153,0.12,0.322,0.432,0.518,0.209,0.596,0.496,0.811,0.56,0.743,0.72,0.455,0.0,0.442,0.473,0.275,-0.046,0.478,0.069,0.052,0.55,0.523,0.128,0.692,0.16,0.749,0.607,0.39,0.541,0.537,-0.144,0.655,0.362,0.617,0.29,0.392,0.331,0.227,0.284,0.58,0.219,0.127,0.698,0.461,0.563,0.635,0.758,0.642,0.202,0.351,-0.315,0.499,0.328,0.38,-0.001,0.298,0.69,-0.178,0.377,0.096,0.621,0.279,-0.123,0.589,-0.383,0.408,0.369,0.402,0.732,0.358,0.489,0.255,0.4,0.46,0.425,0.619,-0.031,0.349,0.455,0.466,0.351,0.273,0.176,0.421,0.397,0.269,0.248,0.28,0.407,0.443,0.179,0.743,0.558,-0.119,0.134,0.497,0.111,0.335,0.197,0.651,0.465,-0.283,0.318,0.244,0.082,0.705,0.738,0.193,0.566,0.331,0.277,0.503,0.189,0.301,0.628,0.771,0.587,0.524,-0.408,-0.192,0.403,0.542,0.112,0.11,0.588,0.587,0.105,-0.107,0.493,0.681,0.157,0.499,0.433,0.108,0.138,0.077,0.475,0.246,-0.132,0.696,-0.369,-0.005,0.073,0.281,0.661,0.144,0.671,0.472,0.496,-0.175,0.214,0.721,0.709,0.396,0.666,0.349,0.619,0.138,-0.144,0.595,0.301,0.661,-0.137,0.27,0.425,0.609,0.41,0.324,0.122,0.326,0.583,0.411,0.363,0.446,0.615,0.425,0.404,0.677,0.614,0.346,0.177,0.352,-0.107,0.554,0.106,0.615,0.105,0.299,-0.344,0.569,0.586
AZN,0.565,-0.163,0.658,0.904,0.884,-0.449,0.062,0.382,-0.376,-0.662,-0.502,-0.059,0.154,-0.461,0.15,0.064,0.533,0.665,0.751,0.653,0.92,0.442,0.0,-0.21,-0.462,-0.649,0.624,-0.57,-0.737,0.744,-0.051,-0.497,0.434,-0.562,0.617,0.173,-0.306,-0.131,0.845,-0.814,0.849,-0.483,0.074,-0.328,-0.206,-0.374,0.8,-0.482,0.288,-0.471,-0.638,0.155,0.92,0.468,0.489,0.499,0.517,-0.586,0.573,-0.867,0.127,-0.342,0.752,-0.723,0.911,0.823,0.379,-0.351,0.753,0.537,-0.509,-0.815,-0.041,-0.921,-0.125,-0.336,-0.303,0.317,-0.3,0.667,-0.515,-0.333,-0.218,-0.175,-0.083,-0.566,-0.249,-0.19,-0.157,-0.166,-0.462,-0.599,-0.306,-0.292,-0.491,-0.592,-0.446,0.896,0.918,-0.566,0.679,0.811,-0.798,-0.572,0.975,-0.527,-0.419,-0.45,0.819,0.078,-0.799,-0.308,-0.492,-0.586,0.484,0.412,-0.562,-0.08,-0.055,0.537,0.871,0.819,-0.523,0.517,0.629,-0.009,-0.111,-0.835,-0.746,-0.339,0.118,-0.626,0.779,0.813,0.477,0.186,-0.812,0.926,0.76,-0.672,0.653,-0.335,0.602,-0.588,-0.606,0.897,-0.571,-0.841,0.38,-0.439,-0.678,0.721,0.859,0.313,-0.653,0.813,-0.226,-0.245,-0.045,0.022,0.524,0.213,-0.284,0.22,-0.276,0.829,-0.616,-0.884,0.106,-0.481,0.333,-0.85,-0.504,-0.266,0.17,0.596,0.653,0.826,0.71,0.817,-0.237,-0.28,-0.352,0.34,0.876,0.846,0.343,0.705,-0.429,-0.511,-0.493,-0.391,0.669,-0.552,0.168,0.007,-0.472,-0.751,0.756,0.309
BANR,0.135,0.872,0.324,-0.02,0.08,0.818,0.887,0.245,0.767,0.764,0.808,0.761,0.685,0.868,0.809,0.801,0.551,0.363,0.38,0.494,-0.089,0.473,-0.21,0.0,0.781,0.545,-0.182,0.726,0.726,0.19,0.918,0.707,0.686,0.879,0.376,0.842,0.969,0.984,0.112,0.488,0.108,0.856,0.875,0.787,0.888,0.881,-0.603,0.908,0.378,0.592,0.82,0.829,-0.152,0.625,0.582,0.697,0.162,0.888,0.068,0.351,0.488,0.83,-0.374,0.712,-0.312,0.282,-0.734,0.96,-0.694,0.459,0.89,0.512,0.958,0.272,0.885,0.936,0.977,0.811,0.841,-0.026,0.915,0.868,0.863,0.93,0.882,0.593,0.815,0.873,0.796,0.908,0.858,0.844,0.975,0.923,0.904,0.828,0.949,-0.126,-0.347,0.874,0.486,0.218,0.501,0.854,-0.187,0.522,0.904,0.695,0.141,0.558,0.244,0.727,0.914,0.585,0.693,0.743,0.869,0.939,0.537,-0.353,-0.134,-0.515,0.853,0.286,0.58,0.786,0.908,-0.002,0.296,0.976,0.204,0.831,-0.701,0.251,0.324,0.11,0.631,-0.163,0.31,0.757,-0.217,0.944,-0.611,0.712,0.778,-0.161,0.747,0.49,0.609,-0.322,0.613,-0.691,-0.432,0.655,0.83,0.05,0.877,0.742,-0.247,0.169,0.639,0.735,0.916,0.775,0.84,0.276,0.845,0.51,0.89,0.933,0.735,0.558,0.92,0.963,0.598,-0.236,-0.133,-0.666,-0.187,0.217,0.941,0.951,0.903,0.733,-0.137,-0.043,0.655,0.353,0.883,0.842,0.86,0.115,0.089,0.65,0.873,0.223,0.936,0.264,0.295,0.634
BBIO,-0.144,0.651,-0.12,-0.369,-0.267,0.841,0.671,0.215,0.775,0.834,0.876,0.692,0.519,0.806,0.585,0.583,0.234,0.159,0.065,0.08,-0.49,0.275,-0.462,0.781,0.0,0.702,-0.248,0.663,0.78,-0.222,0.688,0.827,0.411,0.85,0.121,0.519,0.839,0.752,-0.067,0.747,-0.207,0.849,0.631,0.543,0.655,0.857,-0.619,0.794,0.325,0.619,0.841,0.66,-0.419,0.253,0.386,0.387,-0.006,0.865,-0.046,0.541,0.218,0.843,-0.492,0.813,-0.573,-0.042,-0.577,0.799,-0.707,0.109,0.874,0.766,0.71,0.532,0.589,0.802,0.78,0.483,0.861,-0.329,0.859,0.802,0.767,0.74,0.674,0.767,0.581,0.808,0.662,0.736,0.752,0.898,0.834,0.794,0.87,0.854,0.85,-0.478,-0.58,0.834,0.176,-0.123,0.577,0.873,-0.446,0.708,0.84,0.845,-0.159,0.319,0.369,0.579,0.867,0.736,0.445,0.419,0.834,0.712,0.578,-0.316,-0.483,-0.666,0.888,-0.172,0.265,0.711,0.744,0.211,0.431,0.851,0.108,0.821,-0.726,-0.119,0.311,0.105,0.778,-0.508,0.017,0.798,-0.356,0.743,-0.717,0.678,0.863,-0.473,0.896,0.711,0.49,0.043,0.774,-0.729,-0.666,0.498,0.871,-0.284,0.694,0.674,0.043,0.114,0.227,0.395,0.869,0.658,0.837,-0.027,0.866,0.704,0.66,0.856,0.573,0.755,0.878,0.811,0.285,-0.441,-0.561,-0.779,-0.268,-0.173,0.819,0.738,0.775,0.521,-0.526,-0.354,0.452,-0.113,0.796,0.851,0.825,0.085,-0.355,0.81,0.567,-0.008,0.851,0.277,-0.135,0.36
BCYC,-0.309,0.4,-0.364,-0.574,-0.541,0.713,0.412,0.096,0.648,0.799,0.657,0.327,0.121,0.755,0.242,0.264,-0.13,-0.275,-0.301,-0.205,-0.604,-0.046,-0.649,0.545,0.702,0.0,-0.445,0.769,0.79,-0.391,0.421,0.703,0.003,0.746,-0.099,0.211,0.652,0.506,-0.416,0.768,-0.487,0.627,0.359,0.527,0.555,0.744,-0.681,0.695,0.171,0.659,0.779,0.247,-0.516,0.014,0.013,0.06,-0.106,0.775,-0.262,0.749,0.255,0.636,-0.658,0.822,-0.573,-0.367,-0.35,0.658,-0.678,-0.209,0.675,0.786,0.41,0.731,0.495,0.654,0.601,0.152,0.664,-0.488,0.747,0.568,0.5,0.568,0.475,0.677,0.56,0.518,0.564,0.431,0.69,0.73,0.635,0.568,0.722,0.784,0.703,-0.632,-0.707,0.753,-0.167,-0.423,0.795,0.757,-0.674,0.7,0.695,0.685,-0.496,0.289,0.651,0.517,0.717,0.752,0.028,0.049,0.674,0.423,0.507,-0.305,-0.658,-0.732,0.728,-0.247,-0.136,0.343,0.561,0.522,0.63,0.652,-0.061,0.779,-0.74,-0.41,-0.126,0.143,0.821,-0.679,-0.348,0.767,-0.403,0.639,-0.714,0.698,0.766,-0.59,0.707,0.743,0.005,0.32,0.78,-0.649,-0.767,0.242,0.78,-0.525,0.506,0.51,0.197,0.03,-0.081,0.153,0.596,0.18,0.614,-0.375,0.796,0.804,0.342,0.716,0.115,0.835,0.742,0.608,0.011,-0.627,-0.54,-0.748,-0.481,-0.459,0.553,0.583,0.622,0.128,-0.665,-0.621,0.04,-0.289,0.645,0.749,0.697,0.285,-0.384,0.699,0.211,0.029,0.719,0.559,-0.379,0.092
BHFAP,0.201,-0.257,0.34,0.45,0.645,-0.226,-0.05,0.429,-0.406,-0.421,-0.148,0.044,0.161,-0.387,0.167,-0.001,0.352,0.413,0.404,0.353,0.467,0.478,0.624,-0.182,-0.248,-0.445,0.0,-0.505,-0.511,0.291,0.047,-0.286,0.331,-0.489,0.483,-0.073,-0.232,-0.152,0.594,-0.474,0.542,-0.199,-0.035,-0.387,-0.253,-0.283,0.733,-0.369,0.44,-0.387,-0.49,0.152,0.521,0.179,0.397,0.298,0.36,-0.422,0.437,-0.634,0.058,-0.136,0.728,-0.439,0.464,0.576,0.406,-0.286,0.572,0.366,-0.365,-0.537,-0.076,-0.609,-0.261,-0.286,-0.293,0.111,-0.174,0.55,-0.391,-0.152,-0.104,-0.228,-0.034,-0.226,-0.37,-0.04,-0.104,-0.195,-0.318,-0.331,-0.245,-0.122,-0.325,-0.382,-0.35,0.516,0.615,-0.457,0.469,0.434,-0.507,-0.405,0.688,-0.268,-0.329,-0.202,0.704,-0.064,-0.578,-0.179,-0.323,-0.44,0.296,0.274,-0.328,-0.027,0.03,0.499,0.621,0.628,-0.291,0.371,0.368,0.129,-0.098,-0.538,-0.513,-0.261,0.488,-0.456,0.599,0.415,0.631,0.212,-0.597,0.596,0.59,-0.399,0.496,-0.294,0.452,-0.531,-0.463,0.52,-0.185,-0.549,0.38,-0.175,-0.518,0.632,0.687,0.256,-0.428,0.61,-0.3,-0.042,0.055,0.322,0.227,0.174,-0.171,0.267,-0.304,0.479,-0.429,-0.487,0.03,-0.326,0.305,-0.506,-0.366,-0.194,0.203,0.582,0.35,0.584,0.456,0.423,-0.138,-0.281,-0.297,0.235,0.521,0.476,0.276,0.386,-0.213,-0.418,-0.255,-0.236,0.386,-0.246,0.021,-0.068,-0.342,-0.629,0.338,0.166
BKR,-0.12,0.658,-0.136,-0.442,-0.43,0.727,0.642,0.071,0.763,0.91,0.735,0.334,0.295,0.906,0.47,0.365,0.112,-0.202,-0.102,0.101,-0.462,0.069,-0.57,0.726,0.663,0.769,-0.505,0.0,0.882,-0.177,0.636,0.782,0.241,0.865,0.067,0.494,0.809,0.703,-0.33,0.717,-0.344,0.76,0.568,0.807,0.855,0.779,-0.782,0.903,0.147,0.86,0.892,0.461,-0.467,0.279,0.174,0.292,0.062,0.876,-0.321,0.752,0.552,0.73,-0.733,0.868,-0.484,-0.146,-0.516,0.861,-0.813,-0.037,0.83,0.739,0.582,0.681,0.798,0.867,0.803,0.438,0.687,-0.328,0.885,0.74,0.695,0.806,0.746,0.745,0.807,0.728,0.792,0.585,0.928,0.82,0.795,0.783,0.831,0.874,0.849,-0.505,-0.645,0.909,0.051,-0.256,0.82,0.858,-0.586,0.644,0.89,0.67,-0.368,0.551,0.76,0.842,0.851,0.788,0.246,0.34,0.808,0.668,0.466,-0.368,-0.538,-0.802,0.836,-0.074,0.087,0.472,0.768,0.517,0.751,0.807,-0.131,0.916,-0.865,-0.19,-0.123,0.269,0.818,-0.6,-0.138,0.9,-0.346,0.821,-0.735,0.82,0.861,-0.435,0.679,0.663,0.18,0.161,0.851,-0.702,-0.745,0.404,0.863,-0.401,0.694,0.632,0.057,-0.065,0.184,0.446,0.769,0.354,0.729,-0.181,0.897,0.785,0.558,0.852,0.251,0.823,0.865,0.802,0.186,-0.611,-0.358,-0.807,-0.552,-0.257,0.724,0.818,0.731,0.303,-0.521,-0.532,0.133,-0.03,0.806,0.871,0.827,0.323,-0.26,0.761,0.454,0.276,0.88,0.613,-0.143,0.437
BLDP,-0.161,0.643,-0.233,-0.596,-0.532,0.848,0.561,-0.024,0.734,0.941,0.826,0.461,0.347,0.882,0.41,0.423,0.019,-0.237,-0.22,-0.081,-0.635,0.052,-0.737,0.726,0.78,0.79,-0.511,0.882,0.0,-0.345,0.585,0.8,0.13,0.91,-0.081,0.413,0.794,0.684,-0.454,0.838,-0.466,0.822,0.518,0.743,0.735,0.831,-0.851,0.883,0.072,0.788,0.948,0.442,-0.611,0.071,0.037,0.151,-0.088,0.937,-0.415,0.83,0.32,0.716,-0.754,0.951,-0.697,-0.32,-0.607,0.833,-0.87,-0.118,0.896,0.856,0.588,0.809,0.66,0.844,0.787,0.328,0.747,-0.435,0.91,0.751,0.674,0.722,0.658,0.769,0.724,0.69,0.679,0.615,0.877,0.911,0.803,0.742,0.891,0.936,0.877,-0.664,-0.766,0.933,-0.107,-0.389,0.88,0.914,-0.728,0.718,0.868,0.736,-0.459,0.389,0.727,0.705,0.879,0.809,0.133,0.211,0.867,0.619,0.399,-0.449,-0.64,-0.879,0.879,-0.164,-0.028,0.486,0.679,0.569,0.716,0.821,-0.009,0.942,-0.917,-0.36,-0.132,0.009,0.94,-0.713,-0.279,0.945,-0.47,0.813,-0.749,0.835,0.914,-0.648,0.814,0.864,0.138,0.226,0.874,-0.863,-0.845,0.266,0.952,-0.437,0.7,0.657,0.002,0.041,0.058,0.342,0.776,0.328,0.724,-0.341,0.934,0.913,0.495,0.897,0.21,0.914,0.908,0.777,0.211,-0.592,-0.48,-0.927,-0.609,-0.409,0.724,0.777,0.796,0.215,-0.647,-0.623,0.141,-0.215,0.804,0.876,0.879,0.327,-0.387,0.789,0.407,0.175,0.891,0.668,-0.304,0.224
BLFS,0.742,0.332,0.835,0.921,0.839,-0.205,0.358,0.095,-0.118,-0.344,-0.207,0.078,0.435,-0.132,0.418,0.366,0.695,0.642,0.832,0.838,0.881,0.55,0.744,0.19,-0.222,-0.391,0.291,-0.177,-0.345,0.0,0.229,-0.339,0.614,-0.104,0.59,0.555,0.039,0.263,0.621,-0.591,0.848,-0.136,0.462,0.145,0.237,-0.112,0.356,-0.047,0.123,-0.19,-0.251,0.396,0.734,0.703,0.431,0.661,0.448,-0.186,0.433,-0.597,0.295,-0.153,0.487,-0.401,0.739,0.748,-0.124,0.053,0.328,0.714,-0.114,-0.575,0.338,-0.678,0.316,0.079,0.145,0.633,-0.095,0.706,-0.122,-0.015,0.099,0.225,0.278,-0.453,0.265,0.031,0.153,0.241,-0.057,-0.264,0.066,0.067,-0.116,-0.21,-0.03,0.812,0.705,-0.132,0.74,0.909,-0.498,-0.207,0.747,-0.408,-0.016,-0.334,0.694,0.369,-0.551,0.099,-0.096,-0.323,0.597,0.652,-0.138,0.243,-0.074,0.119,0.759,0.543,-0.156,0.804,0.749,0.093,0.198,-0.677,-0.525,0.052,0.178,-0.237,0.359,0.902,0.296,0.086,-0.467,0.811,0.775,-0.296,0.445,0.125,0.41,-0.15,-0.299,0.818,-0.391,-0.495,0.475,-0.714,-0.376,0.31,0.558,0.393,-0.262,0.711,0.262,-0.036,-0.398,0.112,0.789,0.543,0.034,0.351,0.035,0.805,-0.264,-0.64,0.405,-0.095,0.416,-0.599,-0.13,0.109,0.529,0.509,0.689,0.445,0.455,0.935,0.149,0.184,0.078,0.408,0.827,0.838,0.566,0.844,-0.05,-0.187,-0.146,-0.202,0.827,-0.409,0.547,0.286,-0.074,-0.344,0.914,0.517
BLKB,0.157,0.772,0.38,0.062,0.225,0.718,0.894,0.407,0.666,0.68,0.772,0.729,0.68,0.792,0.86,0.766,0.646,0.459,0.471,0.586,0.016,0.523,-0.051,0.918,0.688,0.421,0.047,0.636,0.585,0.229,0.0,0.681,0.745,0.742,0.518,0.816,0.911,0.931,0.284,0.364,0.236,0.777,0.834,0.703,0.857,0.802,-0.403,0.812,0.427,0.551,0.706,0.856,-0.024,0.698,0.712,0.773,0.332,0.762,0.234,0.196,0.578,0.802,-0.19,0.591,-0.183,0.441,-0.578,0.901,-0.55,0.564,0.797,0.374,0.892,0.123,0.827,0.885,0.888,0.829,0.773,0.127,0.808,0.833,0.841,0.893,0.89,0.584,0.71,0.881,0.769,0.82,0.8,0.758,0.906,0.911,0.812,0.696,0.85,0.004,-0.196,0.769,0.617,0.31,0.397,0.749,-0.016,0.458,0.838,0.624,0.307,0.615,0.143,0.724,0.851,0.477,0.781,0.818,0.762,0.926,0.542,-0.194,0.026,-0.377,0.774,0.295,0.658,0.807,0.894,-0.125,0.228,0.892,0.285,0.735,-0.568,0.356,0.464,0.29,0.467,-0.044,0.471,0.678,-0.057,0.852,-0.502,0.565,0.674,-0.012,0.666,0.304,0.698,-0.301,0.504,-0.498,-0.241,0.701,0.694,0.187,0.759,0.756,-0.217,0.257,0.685,0.811,0.884,0.839,0.754,0.403,0.737,0.387,0.874,0.841,0.789,0.435,0.826,0.928,0.609,-0.13,-0.032,-0.516,-0.128,0.3,0.904,0.875,0.784,0.801,-0.014,0.045,0.65,0.429,0.795,0.751,0.796,0.034,0.108,0.603,0.838,0.27,0.847,0.076,0.367,0.724
