,ABAT,ACLS,ACMR,ADMA,ADUS,ADVM,AEIS,AGNCM,AHCO,ALGT,ALLO,AMSF,ANAB,ANDE,APLS,APPF,ASML,ATRC,AVGO,AVT,AXDX,AXSM,AZN,BANR,BBIO,BCYC,BHFAP,BKR,BLDP,BLFS,BLKB,BLMN,BNTX,BPMC,CALM,CAMT,CASH,CATY,CCEP,CDLX,CDNS,CENN,CENX,CGC,CHDN,CLBK,COKE,COLB,COO,CORT,CRMT,CRNX,CRTO,CRVL,CSCO,CSQ,CSWI,CVBF,CWST,CYCC,CZR,DLTR,DORM,ENTA,EQIX,ERIC,EVRG,EWBC,EXAS,EXLS,EXPI,EYE,FBNC,FBRX,FCNCA,FELE,FIBK,FLEX,FRGT,FRHC,FRME,FWONA,FWONK,GDEN,GIII,GILD,GLNG,GNTX,GOOGL,GRPN,HCSG,HIMX,HOPE,HST,HTLD,HUT,HWC,ICUI,IESC,INTC,INTU,IOVA,IPAR,IPGP,ISRG,JBSS,KALU,KPRX,KRNT,LAUR,LBRDA,LBTYK,LECO,LILAK,LITE,MANH,MDXG,MFIC,MGEE,MIDD,MLAB,MMSI,MNKD,MOMO,MRVL,NICE,NMFC,NUWE,NVCR,NWBI,OFIX,OFLX,OMCL,OPK,ORKA,ORLY,OTTR,PDD,PNTG,POOL,POWL,PPBI,PPC,PRAA,PRPL,PZZA,QTRX,QURE,RDFN,RDHL,REAL,REG,REYN,RGLD,RIOT,RUN,RYTM,SAIA,SBAC,SBRA,SCVL,SHOO,SLAB,SLDB,SMCI,SMTC,SRCE,SSP,SSRM,STBA,STRO,SVC,SYBT,TCBI,TCOM,TENX,TH,TMUS,TNDM,TTD,TTMI,UAL,ULH,ULTA,VCYT,VIRT,VKTX,VOD,VRDN,VREX,VRNT,VSAT,WB,WBD,WDC,WEN,WSFS,XXII,Z,ZBRA
ABAT,0.0,0.131,0.088,0.108,-0.323,0.216,0.062,0.092,-0.155,-0.115,0.178,0.179,0.176,0.23,0.18,0.268,-0.143,0.131,-0.381,-0.058,-0.154,0.076,-0.029,0.208,0.091,0.171,0.148,0.22,-0.196,0.283,0.091,-0.06,-0.004,0.138,0.146,0.157,0.172,0.212,-0.266,0.266,-0.561,-0.24,-0.127,-0.108,0.193,0.265,0.33,0.194,-0.099,0.658,0.277,0.088,0.17,0.005,0.084,-0.085,-0.1,0.224,0.061,0.145,0.358,-0.11,-0.193,0.208,-0.014,0.144,0.134,0.125,0.053,0.179,0.383,0.24,0.124,0.347,0.142,-0.063,0.145,-0.225,0.046,-0.399,0.18,-0.206,-0.055,0.167,-0.304,-0.032,0.077,-0.112,0.085,0.319,0.238,0.052,0.182,0.218,0.226,0.211,0.274,-0.034,0.138,0.004,0.141,0.187,0.293,0.223,0.226,-0.013,0.035,0.079,0.241,0.316,0.249,0.188,0.212,0.339,-0.044,0.199,0.158,0.081,-0.09,-0.08,-0.108,0.224,0.197,-0.061,-0.061,0.406,-0.149,-0.233,-0.062,0.179,0.084,-0.018,-0.178,0.106,0.394,-0.257,0.344,-0.244,0.046,-0.159,-0.146,0.257,0.143,-0.185,0.401,-0.035,0.212,0.077,0.165,0.09,0.29,0.007,-0.123,-0.018,-0.109,0.061,0.025,0.208,0.222,0.152,-0.107,-0.285,-0.061,0.002,-0.265,-0.061,0.215,0.277,0.047,0.179,0.114,0.061,0.194,0.177,-0.313,0.023,0.244,-0.179,0.059,-0.123,0.019,0.067,0.208,0.135,-0.004,-0.078,0.136,-0.288,0.379,0.145,-0.103,-0.089,-0.385,0.542,-0.089,0.228,0.166,0.486,-0.075,0.214
ACLS,0.131,0.0,0.279,0.813,0.252,0.495,0.474,0.729,-0.465,-0.709,0.012,0.559,0.737,-0.653,-0.335,0.735,0.73,0.254,0.242,-0.236,-0.599,0.707,-0.451,0.708,0.096,-0.045,0.504,0.295,-0.259,-0.502,-0.018,-0.873,-0.387,0.84,0.755,0.8,0.712,0.575,-0.541,-0.084,0.183,0.157,0.587,-0.618,0.271,0.67,0.602,0.798,-0.561,0.164,0.377,0.659,0.815,0.623,0.088,0.854,0.726,0.7,0.621,-0.463,-0.063,-0.515,-0.597,0.827,0.459,0.779,0.572,0.447,0.59,0.68,0.703,-0.549,0.754,0.186,0.768,-0.152,0.758,-0.442,-0.49,-0.223,0.714,0.501,0.742,-0.554,-0.555,0.102,0.796,-0.15,0.749,-0.046,0.504,0.432,0.695,-0.046,0.071,0.633,0.646,0.661,0.768,0.862,0.391,-0.174,0.519,0.529,0.602,-0.746,0.51,0.054,0.418,0.726,0.39,0.772,0.454,0.586,0.813,0.471,0.319,0.778,0.304,-0.401,0.449,0.74,0.651,0.758,0.468,0.637,0.433,-0.741,-0.541,0.73,0.847,-0.592,-0.687,0.56,0.132,-0.387,-0.213,-0.31,0.746,-0.545,-0.578,0.702,0.463,-0.138,0.584,-0.864,-0.035,0.73,0.576,-0.305,0.61,0.548,-0.865,0.826,-0.393,0.381,0.635,-0.41,0.419,0.637,0.003,-0.083,0.32,0.115,0.275,0.812,0.705,0.564,0.541,0.702,0.319,0.578,0.657,0.708,0.213,0.6,0.728,0.664,0.269,0.724,0.752,-0.663,-0.361,0.631,-0.013,-0.61,0.611,0.54,0.086,-0.409,-0.699,0.663,0.308,0.3,0.44,-0.516,0.66,0.304,0.107,0.822
ACMR,0.088,0.279,0.0,0.168,0.094,0.607,0.327,0.039,0.388,-0.002,0.084,0.026,0.289,-0.372,0.163,0.197,0.596,-0.162,0.6,0.423,0.203,-0.076,-0.028,0.139,0.768,0.655,-0.232,-0.453,0.51,-0.337,0.425,-0.101,0.451,0.33,0.023,0.259,-0.03,-0.064,-0.335,0.704,0.288,0.762,0.125,0.325,-0.066,0.207,-0.052,0.26,0.266,-0.079,0.305,0.45,0.397,0.067,-0.527,0.226,0.368,0.114,-0.015,-0.386,-0.231,0.269,-0.312,0.45,0.56,0.086,0.232,-0.045,0.013,-0.048,0.261,0.347,0.327,0.511,0.252,0.184,0.126,0.39,0.444,-0.02,0.204,0.238,0.297,-0.465,-0.47,-0.632,0.015,0.484,-0.109,0.516,0.169,-0.429,0.119,0.153,-0.208,-0.187,0.112,0.234,0.407,0.274,-0.287,0.042,-0.069,0.681,-0.286,-0.193,0.682,0.574,0.719,0.359,-0.104,0.458,0.138,-0.227,0.268,-0.272,0.635,0.529,0.348,0.088,0.501,0.132,-0.103,0.035,0.699,0.575,0.413,-0.032,0.299,0.114,0.181,0.453,0.225,0.252,-0.334,-0.604,0.173,0.447,0.394,0.291,0.42,0.205,-0.396,0.165,0.508,-0.228,0.63,0.327,0.556,0.412,0.715,0.135,-0.46,0.153,0.564,0.395,0.438,-0.367,0.312,-0.056,0.065,0.08,0.784,0.675,0.206,0.369,0.17,-0.096,0.668,0.027,0.59,0.374,0.252,0.097,0.608,0.513,0.317,-0.008,0.64,0.059,0.003,0.123,0.026,0.482,-0.342,0.071,0.381,0.1,0.074,0.498,0.227,0.618,0.511,0.28,0.695,-0.188,0.056,0.232,0.392,0.282
ADMA,0.108,0.813,0.168,0.0,0.423,0.359,0.57,0.849,-0.495,-0.713,0.2,0.791,0.879,-0.441,-0.507,0.83,0.626,0.481,0.049,-0.234,-0.658,0.865,-0.428,0.874,-0.034,-0.123,0.594,0.527,-0.315,-0.259,0.121,-0.755,-0.487,0.933,0.872,0.763,0.883,0.771,-0.349,-0.267,0.104,0.073,0.731,-0.714,0.414,0.858,0.691,0.917,-0.587,0.319,0.604,0.764,0.875,0.779,0.423,0.872,0.82,0.868,0.674,-0.408,0.243,-0.209,-0.338,0.874,0.54,0.952,0.758,0.722,0.683,0.885,0.756,-0.526,0.901,0.178,0.865,-0.003,0.917,-0.597,-0.684,-0.361,0.896,0.501,0.776,-0.388,-0.367,0.423,0.906,-0.012,0.766,0.054,0.725,0.644,0.869,0.091,0.272,0.716,0.837,0.762,0.839,0.877,0.557,-0.073,0.723,0.551,0.664,-0.663,0.571,-0.122,0.442,0.86,0.612,0.811,0.704,0.792,0.905,0.556,0.464,0.76,0.361,-0.366,0.628,0.872,0.813,0.881,0.34,0.631,0.595,-0.701,-0.633,0.914,0.933,-0.624,-0.598,0.64,0.265,-0.193,-0.073,-0.418,0.868,-0.549,-0.724,0.854,0.642,0.193,0.642,-0.881,-0.072,0.69,0.651,-0.386,0.548,0.803,-0.828,0.93,-0.496,0.425,0.772,-0.155,0.576,0.845,0.26,0.032,0.22,0.091,0.183,0.907,0.884,0.767,0.581,0.89,0.345,0.809,0.824,0.901,0.082,0.504,0.783,0.785,0.172,0.628,0.871,-0.827,-0.156,0.705,0.244,-0.702,0.739,0.638,0.381,-0.515,-0.731,0.705,0.345,0.291,0.139,-0.433,0.866,0.264,0.147,0.9
ADUS,-0.323,0.252,0.094,0.423,0.0,0.102,0.553,0.202,-0.013,-0.11,0.339,0.209,0.399,-0.139,-0.122,0.136,0.266,0.032,0.17,0.315,-0.16,0.346,0.173,0.335,-0.061,0.012,0.088,0.14,0.182,0.094,0.161,-0.339,-0.001,0.366,0.253,0.075,0.258,0.391,0.29,-0.166,0.311,0.256,0.251,-0.148,0.172,0.279,0.023,0.338,0.018,-0.198,0.407,0.469,0.194,0.347,0.17,0.432,0.559,0.289,0.548,-0.242,0.112,0.095,0.313,0.272,0.369,0.372,0.425,0.388,0.218,0.261,0.296,-0.097,0.327,-0.154,0.177,0.384,0.339,0.082,-0.282,0.195,0.327,0.55,0.459,-0.034,0.236,0.301,0.351,0.439,0.167,-0.056,0.072,0.325,0.369,0.325,-0.047,0.076,0.279,0.476,0.381,0.44,-0.023,0.221,0.361,0.201,0.225,-0.113,0.436,-0.234,0.113,0.284,0.026,0.278,0.46,0.177,0.38,0.002,0.386,0.226,0.518,0.204,0.619,0.169,0.421,0.498,0.146,0.013,0.284,0.058,-0.128,0.321,0.434,-0.144,0.068,0.584,-0.078,0.224,-0.096,0.17,0.348,0.027,-0.127,0.246,0.168,0.345,-0.005,-0.212,0.136,0.411,0.435,0.074,0.157,0.376,-0.158,0.357,-0.147,0.431,0.487,-0.089,0.369,0.214,0.502,0.59,0.328,0.192,0.276,0.448,0.261,0.12,0.342,0.311,0.279,0.52,0.261,0.33,0.285,0.338,0.007,0.359,0.238,0.237,0.474,-0.382,-0.051,0.372,0.455,-0.056,0.268,0.577,0.225,-0.198,-0.09,0.353,0.542,-0.024,0.198,-0.138,0.319,-0.182,0.305,0.345
ADVM,0.216,0.495,0.607,0.359,0.102,0.0,0.459,0.093,0.202,-0.134,0.436,0.128,0.572,-0.441,0.382,0.264,0.396,-0.211,0.286,0.399,0.187,0.072,0.187,0.297,0.525,0.754,-0.012,-0.317,0.311,-0.219,0.245,-0.504,0.456,0.459,0.202,0.228,0.154,0.195,-0.125,0.568,-0.173,0.615,0.044,0.146,0.137,0.35,0.043,0.452,0.193,0.123,0.554,0.715,0.45,0.091,-0.438,0.307,0.437,0.26,0.254,-0.16,-0.22,-0.208,-0.38,0.708,0.583,0.234,0.488,0.121,0.177,0.119,0.578,0.198,0.415,0.527,0.322,0.193,0.282,0.286,0.281,0.15,0.33,0.427,0.484,-0.504,-0.533,-0.33,0.207,0.413,0.099,0.346,0.21,-0.288,0.288,0.248,-0.242,-0.051,0.292,0.306,0.481,0.445,-0.335,0.366,0.267,0.756,-0.145,-0.266,0.677,0.547,0.753,0.406,-0.082,0.664,0.292,0.047,0.291,-0.271,0.57,0.514,0.584,0.115,0.602,0.257,0.294,0.295,0.43,0.494,0.225,-0.189,0.263,0.292,0.443,0.223,-0.135,0.595,-0.338,-0.652,0.025,0.425,0.489,0.13,0.166,0.365,-0.254,0.01,0.584,-0.425,0.549,0.691,0.748,0.463,0.747,0.351,-0.555,0.307,0.176,0.722,0.709,-0.595,0.635,0.03,0.19,0.239,0.729,0.765,0.036,0.478,0.275,0.013,0.735,0.168,0.818,0.467,0.32,0.286,0.527,0.741,0.275,0.037,0.764,0.026,0.216,-0.119,-0.099,0.781,0.007,0.096,0.508,0.139,0.308,0.303,0.035,0.608,0.538,0.569,0.508,-0.077,0.15,0.55,0.433,0.599
AEIS,0.062,0.474,0.327,0.57,0.553,0.459,0.0,0.287,0.176,-0.042,0.67,0.593,0.773,-0.087,0.141,0.343,0.455,0.269,0.179,0.52,-0.216,0.394,0.264,0.674,0.3,0.318,0.16,0.088,0.323,0.068,0.591,-0.486,0.106,0.559,0.282,0.194,0.405,0.723,0.051,0.018,0.2,0.313,0.155,-0.059,0.349,0.686,0.046,0.655,0.116,0.069,0.749,0.772,0.377,0.46,0.15,0.595,0.738,0.65,0.811,-0.251,0.389,0.025,0.217,0.544,0.804,0.515,0.866,0.599,0.513,0.396,0.801,0.051,0.664,0.318,0.426,0.729,0.571,0.071,-0.25,0.222,0.671,0.795,0.725,0.101,0.057,0.258,0.409,0.497,0.172,0.295,0.311,0.315,0.679,0.623,0.056,0.108,0.606,0.822,0.709,0.576,-0.056,0.457,0.613,0.61,0.312,-0.058,0.674,-0.226,0.382,0.606,0.157,0.65,0.811,0.366,0.468,0.069,0.747,0.553,0.824,0.434,0.802,0.335,0.598,0.686,0.304,0.309,0.435,-0.127,-0.012,0.601,0.714,-0.099,-0.006,0.777,-0.241,0.161,0.385,0.188,0.584,0.134,-0.19,0.628,0.069,0.559,0.35,-0.322,0.478,0.802,0.822,0.189,0.431,0.719,-0.369,0.555,-0.101,0.822,0.628,-0.33,0.835,0.331,0.763,0.627,0.612,0.486,0.483,0.571,0.564,0.205,0.754,0.559,0.662,0.782,0.653,0.617,0.25,0.524,0.339,0.311,0.59,0.231,0.614,-0.536,0.015,0.571,0.499,-0.018,0.695,0.611,0.451,0.066,-0.125,0.575,0.589,0.374,0.277,0.097,0.578,0.184,0.672,0.629
AGNCM,0.092,0.729,0.039,0.849,0.202,0.093,0.287,0.0,-0.749,-0.862,-0.206,0.729,0.677,-0.393,-0.691,0.905,0.61,0.541,0.013,-0.577,-0.816,0.915,-0.664,0.749,-0.212,-0.426,0.79,0.672,-0.593,-0.325,-0.057,-0.618,-0.752,0.843,0.918,0.887,0.894,0.641,-0.451,-0.33,0.139,-0.138,0.862,-0.869,0.45,0.727,0.833,0.775,-0.84,0.306,0.322,0.397,0.872,0.849,0.471,0.824,0.689,0.767,0.51,-0.329,0.156,-0.28,-0.454,0.697,0.19,0.896,0.462,0.561,0.659,0.922,0.538,-0.729,0.801,0.074,0.834,-0.291,0.843,-0.788,-0.769,-0.554,0.778,0.295,0.648,-0.402,-0.384,0.365,0.932,-0.348,0.907,-0.089,0.739,0.68,0.741,-0.273,0.47,0.899,0.73,0.619,0.748,0.753,0.815,-0.422,0.602,0.375,0.799,-0.738,0.282,-0.167,0.247,0.786,0.766,0.641,0.487,0.789,0.902,0.779,0.155,0.748,0.019,-0.637,0.307,0.867,0.674,0.678,0.221,0.62,0.58,-0.841,-0.855,0.829,0.801,-0.782,-0.73,0.365,0.377,-0.203,-0.104,-0.702,0.765,-0.788,-0.825,0.753,0.791,-0.09,0.619,-0.873,-0.389,0.371,0.331,-0.629,0.425,0.578,-0.764,0.89,-0.619,0.095,0.443,0.041,0.257,0.91,-0.085,-0.307,-0.077,-0.266,0.089,0.802,0.82,0.866,0.34,0.854,-0.059,0.564,0.731,0.79,-0.093,0.332,0.859,0.817,-0.169,0.732,0.824,-0.81,-0.142,0.476,0.062,-0.887,0.481,0.441,0.098,-0.673,-0.897,0.56,0.048,0.13,0.036,-0.503,0.819,0.22,-0.207,0.772
AHCO,-0.155,-0.465,0.388,-0.495,-0.013,0.202,0.176,-0.749,0.0,0.792,0.42,-0.375,-0.25,0.153,0.677,-0.662,-0.149,-0.365,0.37,0.843,0.744,-0.753,0.616,-0.378,0.677,0.7,-0.827,-0.8,0.901,0.126,0.431,0.389,0.848,-0.461,-0.784,-0.643,-0.698,-0.376,0.23,0.444,0.168,0.532,-0.675,0.886,-0.416,-0.319,-0.817,-0.377,0.943,-0.377,0.052,0.076,-0.517,-0.6,-0.544,-0.452,-0.261,-0.419,-0.26,0.045,-0.084,0.495,0.372,-0.309,0.407,-0.616,-0.008,-0.303,-0.339,-0.727,-0.14,0.819,-0.356,0.266,-0.487,0.578,-0.538,0.844,0.757,0.611,-0.373,0.098,-0.231,0.244,0.179,-0.43,-0.735,0.615,-0.855,0.375,-0.483,-0.646,-0.391,0.456,-0.512,-0.88,-0.421,-0.14,-0.304,-0.373,-0.859,0.515,-0.399,0.114,-0.754,0.555,0.202,0.253,0.148,-0.383,-0.678,-0.19,-0.099,-0.698,-0.527,-0.845,0.373,-0.296,0.38,0.747,0.224,-0.647,-0.53,-0.321,0.266,-0.235,-0.169,0.735,0.897,-0.488,-0.416,0.871,0.814,-0.071,-0.621,0.08,0.275,0.877,-0.326,0.937,0.812,-0.396,-0.882,0.481,-0.276,0.588,0.722,0.029,0.174,0.709,-0.037,-0.175,0.373,-0.541,0.8,0.297,-0.015,-0.335,0.149,-0.739,0.423,0.539,0.578,0.687,0.257,-0.372,-0.473,-0.779,0.182,-0.561,0.52,-0.072,-0.321,-0.46,0.431,-0.018,-0.524,-0.621,0.626,-0.551,-0.561,0.551,0.075,-0.122,-0.095,0.776,0.007,-0.102,0.038,0.833,0.854,-0.045,0.375,-0.008,0.262,0.378,-0.512,-0.122,0.663,-0.451
ALGT,-0.115,-0.709,-0.002,-0.713,-0.11,-0.134,-0.042,-0.862,0.792,0.0,0.322,-0.421,-0.489,0.558,0.588,-0.793,-0.536,-0.361,-0.024,0.657,0.68,-0.803,0.672,-0.469,0.216,0.393,-0.704,-0.499,0.597,0.398,0.367,0.705,0.661,-0.763,-0.833,-0.851,-0.701,-0.355,0.46,0.201,-0.057,0.078,-0.78,0.83,-0.254,-0.451,-0.741,-0.56,0.824,-0.176,-0.114,-0.259,-0.806,-0.641,-0.252,-0.719,-0.544,-0.509,-0.354,0.289,0.093,0.469,0.647,-0.629,0.006,-0.739,-0.222,-0.218,-0.568,-0.757,-0.411,0.704,-0.562,0.033,-0.643,0.534,-0.621,0.741,0.606,0.464,-0.511,-0.172,-0.528,0.571,0.48,-0.236,-0.849,0.536,-0.907,0.341,-0.516,-0.539,-0.452,0.455,-0.284,-0.848,-0.457,-0.404,-0.536,-0.729,-0.713,0.547,-0.372,-0.236,-0.711,0.857,-0.137,-0.029,-0.279,-0.582,-0.541,-0.486,-0.186,-0.617,-0.766,-0.662,0.043,-0.651,0.076,0.76,-0.17,-0.721,-0.571,-0.507,-0.245,-0.584,-0.29,0.814,0.787,-0.583,-0.654,0.73,0.756,-0.293,-0.359,0.36,0.401,0.641,-0.554,0.803,0.734,-0.493,-0.682,0.371,-0.479,0.86,0.496,-0.283,-0.227,0.624,-0.428,-0.324,0.724,-0.759,0.595,-0.002,-0.371,0.073,-0.08,-0.724,0.355,0.379,0.12,0.282,-0.016,-0.68,-0.563,-0.709,-0.194,-0.599,0.124,-0.311,-0.434,-0.541,0.003,-0.293,-0.706,-0.673,0.148,-0.699,-0.657,0.687,0.397,-0.429,0.073,0.839,-0.286,-0.359,0.05,0.696,0.859,-0.489,0.035,-0.083,-0.066,0.651,-0.54,-0.176,0.289,-0.647
ALLO,0.178,0.012,0.084,0.2,0.339,0.436,0.67,-0.206,0.42,0.322,0.0,0.199,0.448,0.252,0.497,-0.098,-0.166,0.141,-0.257,0.684,0.249,-0.055,0.687,0.26,0.171,0.532,-0.153,-0.078,0.471,0.47,0.438,-0.164,0.473,0.099,-0.117,-0.372,0.022,0.41,0.477,0.137,-0.313,0.196,-0.325,0.314,0.233,0.306,-0.29,0.233,0.492,0.25,0.672,0.579,-0.064,-0.098,0.136,0.025,0.246,0.249,0.431,0.191,0.514,0.108,0.464,0.225,0.554,0.106,0.648,0.377,0.219,0.003,0.503,0.43,0.179,0.269,-0.059,0.773,0.143,0.297,0.048,0.386,0.251,0.39,0.213,0.342,0.229,0.35,-0.03,0.613,-0.236,0.294,-0.022,0.091,0.291,0.83,-0.083,-0.287,0.277,0.291,0.211,0.112,-0.382,0.821,0.437,0.277,-0.125,0.355,0.423,-0.166,0.234,0.14,-0.138,0.265,0.599,0.149,-0.116,-0.263,0.561,-0.005,0.736,0.707,0.59,-0.03,0.428,0.343,-0.089,-0.069,-0.053,0.311,0.411,0.19,0.259,0.253,0.271,0.633,-0.22,0.258,0.313,0.434,0.103,0.437,0.093,0.239,-0.183,0.61,0.062,0.096,0.56,0.544,0.61,0.479,0.13,0.482,0.089,0.08,0.016,0.781,0.491,-0.176,0.767,-0.071,0.84,0.695,0.393,0.558,0.098,0.058,0.123,-0.089,0.5,0.125,0.715,0.496,0.213,0.242,0.096,0.223,-0.195,-0.181,0.566,-0.342,0.168,-0.119,0.163,0.369,0.695,0.446,0.435,0.319,0.741,0.262,0.299,0.124,0.421,0.448,-0.128,0.462,0.153,0.167,0.688,0.259
AMSF,0.179,0.559,0.026,0.791,0.209,0.128,0.593,0.729,-0.375,-0.421,0.199,0.0,0.799,-0.04,-0.441,0.739,0.433,0.611,-0.064,-0.211,-0.68,0.766,-0.329,0.93,-0.063,-0.206,0.602,0.629,-0.357,-0.036,0.43,-0.403,-0.56,0.705,0.715,0.59,0.826,0.89,-0.322,-0.411,0.053,-0.191,0.549,-0.626,0.502,0.923,0.655,0.861,-0.501,0.429,0.593,0.569,0.646,0.835,0.607,0.674,0.639,0.92,0.616,-0.211,0.476,-0.011,-0.052,0.633,0.526,0.81,0.766,0.846,0.622,0.832,0.698,-0.434,0.881,0.291,0.806,0.205,0.871,-0.597,-0.693,-0.393,0.927,0.428,0.64,0.014,-0.131,0.501,0.722,0.002,0.56,0.287,0.813,0.639,0.921,0.155,0.55,0.644,0.906,0.785,0.769,0.574,0.58,0.061,0.772,0.505,0.669,-0.294,0.351,-0.324,0.2,0.829,0.743,0.692,0.775,0.816,0.738,0.599,0.411,0.601,0.273,-0.208,0.441,0.773,0.652,0.755,0.105,0.49,0.618,-0.636,-0.579,0.924,0.79,-0.567,-0.45,0.419,0.305,0.058,0.384,-0.514,0.797,-0.436,-0.707,0.918,0.623,0.346,0.616,-0.602,-0.041,0.522,0.472,-0.324,0.296,0.824,-0.585,0.763,-0.432,0.303,0.472,0.08,0.564,0.84,0.365,-0.007,0.075,-0.03,0.154,0.684,0.923,0.755,0.45,0.933,0.193,0.726,0.928,0.911,-0.215,0.327,0.769,0.663,-0.016,0.451,0.766,-0.777,0.176,0.463,0.254,-0.574,0.677,0.394,0.402,-0.345,-0.629,0.463,0.116,0.281,-0.048,-0.051,0.932,0.371,0.09,0.724
ANAB,0.176,0.737,0.289,0.879,0.399,0.572,0.773,0.677,-0.25,-0.489,0.448,0.799,0.0,-0.291,-0.182,0.753,0.569,0.426,0.054,0.058,-0.488,0.72,-0.113,0.882,0.135,0.174,0.535,0.386,-0.113,-0.077,0.386,-0.679,-0.216,0.853,0.712,0.579,0.763,0.836,-0.187,-0.063,-0.034,0.188,0.546,-0.47,0.502,0.898,0.52,0.913,-0.327,0.353,0.811,0.851,0.782,0.722,0.325,0.785,0.828,0.862,0.721,-0.244,0.333,-0.166,-0.194,0.88,0.698,0.835,0.888,0.74,0.684,0.772,0.881,-0.28,0.916,0.415,0.766,0.295,0.859,-0.354,-0.497,-0.193,0.912,0.633,0.821,-0.261,-0.322,0.349,0.771,0.209,0.587,0.266,0.685,0.486,0.892,0.288,0.292,0.517,0.862,0.817,0.911,0.771,0.327,0.222,0.813,0.734,0.53,-0.428,0.683,-0.066,0.538,0.855,0.543,0.869,0.82,0.715,0.78,0.376,0.636,0.755,0.601,-0.088,0.774,0.75,0.797,0.821,0.287,0.606,0.562,-0.597,-0.371,0.893,0.927,-0.398,-0.424,0.756,0.049,-0.203,0.195,-0.185,0.886,-0.31,-0.534,0.897,0.437,0.324,0.734,-0.756,0.19,0.809,0.822,-0.07,0.627,0.848,-0.741,0.852,-0.391,0.706,0.803,-0.226,0.844,0.712,0.475,0.228,0.409,0.34,0.175,0.84,0.857,0.636,0.785,0.842,0.574,0.874,0.869,0.879,0.163,0.633,0.706,0.575,0.401,0.418,0.841,-0.768,0.005,0.804,0.373,-0.445,0.789,0.546,0.52,-0.23,-0.532,0.72,0.459,0.5,0.157,-0.116,0.828,0.48,0.355,0.926
ANDE,0.23,-0.653,-0.372,-0.441,-0.139,-0.441,-0.087,-0.393,0.153,0.558,0.252,-0.04,-0.291,0.0,0.199,-0.301,-0.66,0.138,-0.634,0.169,0.17,-0.311,0.442,-0.18,-0.348,-0.085,-0.039,0.251,-0.057,0.814,0.287,0.716,0.097,-0.555,-0.36,-0.6,-0.204,0.03,0.554,-0.076,-0.415,-0.5,-0.377,0.28,0.289,-0.161,-0.151,-0.356,0.279,0.374,0.056,-0.428,-0.557,-0.195,0.402,-0.586,-0.417,-0.165,-0.193,0.643,0.604,0.368,0.747,-0.529,-0.332,-0.312,-0.148,0.129,-0.223,-0.181,-0.265,0.353,-0.327,-0.048,-0.413,0.401,-0.266,0.104,0.073,-0.11,-0.205,-0.35,-0.486,0.793,0.601,0.287,-0.425,0.193,-0.41,0.299,-0.046,0.018,-0.136,0.38,0.431,-0.225,-0.067,-0.335,-0.356,-0.671,-0.008,0.399,0.088,-0.313,-0.132,0.782,-0.329,-0.415,-0.439,-0.272,0.126,-0.444,0.096,0.029,-0.546,0.022,-0.114,-0.557,-0.169,0.426,-0.323,-0.307,-0.133,-0.4,-0.688,-0.451,-0.269,0.384,0.212,-0.218,-0.451,0.223,0.369,-0.241,0.199,0.52,0.62,-0.062,-0.404,0.258,0.157,-0.177,0.016,0.283,-0.244,0.649,0.041,-0.495,-0.354,0.191,-0.468,-0.134,0.723,-0.474,-0.039,-0.153,-0.476,0.691,-0.03,-0.151,0.264,0.04,-0.435,-0.284,-0.361,-0.59,-0.196,-0.06,-0.35,-0.16,-0.287,-0.199,-0.157,-0.183,-0.577,-0.514,-0.388,-0.422,-0.385,-0.567,-0.278,0.306,0.726,-0.37,0.468,0.401,-0.355,-0.451,0.298,0.228,0.356,-0.61,-0.394,0.138,-0.599,0.763,-0.111,0.007,-0.164,-0.393
APLS,0.18,-0.335,0.163,-0.507,-0.122,0.382,0.141,-0.691,0.677,0.588,0.497,-0.441,-0.182,0.199,0.0,-0.527,-0.34,-0.423,0.027,0.725,0.609,-0.659,0.789,-0.404,0.423,0.722,-0.477,-0.631,0.673,0.312,0.234,0.176,0.825,-0.422,-0.656,-0.631,-0.654,-0.285,0.373,0.535,-0.251,0.321,-0.789,0.756,-0.15,-0.374,-0.662,-0.403,0.808,-0.164,0.11,-0.013,-0.519,-0.563,-0.549,-0.47,-0.287,-0.449,-0.09,0.278,-0.075,0.038,0.257,-0.232,0.144,-0.567,-0.0,-0.401,-0.294,-0.654,0.034,0.713,-0.437,0.293,-0.6,0.48,-0.567,0.76,0.682,0.626,-0.438,0.139,-0.174,0.226,0.067,-0.386,-0.616,0.381,-0.651,0.224,-0.514,-0.568,-0.425,0.338,-0.4,-0.647,-0.42,-0.223,-0.241,-0.369,-0.812,0.659,-0.118,0.045,-0.498,0.546,0.03,0.291,0.058,-0.386,-0.655,-0.215,-0.144,-0.541,-0.602,-0.729,0.178,-0.306,0.441,0.673,0.097,-0.663,-0.29,-0.38,-0.072,-0.298,-0.511,0.558,0.83,-0.501,-0.327,0.686,0.495,0.17,-0.562,-0.027,0.246,0.734,-0.428,0.707,0.659,-0.394,-0.75,0.018,-0.198,0.556,0.61,0.085,0.219,0.779,0.032,-0.304,0.421,-0.542,0.526,0.45,-0.026,-0.33,0.256,-0.726,0.26,0.499,0.413,0.545,0.086,-0.471,-0.522,-0.707,0.122,-0.549,0.466,-0.261,-0.408,-0.504,0.322,0.138,-0.566,-0.734,0.563,-0.546,-0.451,0.47,0.066,-0.002,0.117,0.804,-0.207,-0.3,0.147,0.732,0.692,-0.218,0.158,0.218,0.144,0.569,-0.526,0.188,0.493,-0.315
APPF,0.268,0.735,0.197,0.83,0.136,0.264,0.343,0.905,-0.662,-0.793,-0.098,0.739,0.753,-0.301,-0.527,0.0,0.635,0.518,-0.033,-0.459,-0.766,0.838,-0.57,0.77,-0.084,-0.22,0.789,0.622,-0.502,-0.242,0.091,-0.575,-0.593,0.858,0.875,0.86,0.884,0.662,-0.444,-0.122,0.002,-0.059,0.823,-0.75,0.574,0.767,0.831,0.794,-0.727,0.443,0.493,0.464,0.898,0.835,0.43,0.773,0.703,0.789,0.477,-0.227,0.236,-0.237,-0.461,0.794,0.253,0.889,0.529,0.578,0.667,0.913,0.642,-0.575,0.843,0.213,0.853,-0.195,0.842,-0.691,-0.634,-0.597,0.812,0.321,0.688,-0.445,-0.516,0.255,0.873,-0.228,0.852,0.153,0.817,0.586,0.764,-0.137,0.509,0.863,0.779,0.605,0.817,0.709,0.75,-0.276,0.698,0.547,0.74,-0.661,0.409,-0.047,0.408,0.833,0.794,0.735,0.563,0.792,0.87,0.725,0.287,0.787,0.112,-0.556,0.364,0.866,0.672,0.602,0.239,0.744,0.578,-0.867,-0.733,0.838,0.802,-0.645,-0.68,0.418,0.35,-0.336,0.104,-0.613,0.817,-0.703,-0.72,0.813,0.72,-0.058,0.765,-0.856,-0.177,0.402,0.46,-0.424,0.615,0.603,-0.786,0.86,-0.544,0.244,0.5,0.066,0.404,0.879,-0.059,-0.315,0.032,-0.138,0.017,0.784,0.852,0.854,0.473,0.85,0.09,0.594,0.786,0.803,-0.033,0.438,0.878,0.687,-0.046,0.676,0.818,-0.734,0.035,0.619,0.096,-0.793,0.47,0.304,0.224,-0.494,-0.793,0.62,0.085,0.369,0.107,-0.373,0.832,0.439,-0.148,0.833
ASML,-0.143,0.73,0.596,0.626,0.266,0.396,0.455,0.61,-0.149,-0.536,-0.166,0.433,0.569,-0.66,-0.34,0.635,0.0,0.21,0.655,-0.043,-0.432,0.501,-0.505,0.513,0.431,0.064,0.267,-0.006,0.06,-0.619,0.164,-0.602,-0.206,0.75,0.517,0.759,0.496,0.312,-0.554,0.121,0.603,0.503,0.65,-0.341,0.132,0.516,0.348,0.613,-0.333,-0.182,0.322,0.539,0.769,0.562,-0.146,0.815,0.75,0.501,0.425,-0.574,-0.2,-0.089,-0.514,0.677,0.533,0.6,0.411,0.238,0.552,0.478,0.522,-0.338,0.695,0.207,0.694,-0.03,0.569,-0.186,-0.23,-0.139,0.577,0.575,0.747,-0.62,-0.542,-0.187,0.595,0.016,0.539,0.109,0.429,0.201,0.487,-0.102,-0.031,0.421,0.417,0.688,0.71,0.776,0.256,-0.363,0.228,0.632,0.369,-0.708,0.629,0.162,0.564,0.626,0.247,0.703,0.357,0.222,0.802,0.243,0.447,0.867,0.311,-0.312,0.554,0.522,0.285,0.532,0.788,0.678,0.629,-0.545,-0.362,0.535,0.676,-0.26,-0.314,0.361,-0.2,-0.397,-0.067,-0.067,0.716,-0.266,-0.238,0.52,0.169,0.09,0.538,-0.722,0.122,0.539,0.563,-0.23,0.698,0.4,-0.803,0.725,-0.01,0.327,0.505,-0.424,0.269,0.446,0.001,-0.015,0.549,0.267,0.49,0.808,0.563,0.324,0.647,0.505,0.342,0.523,0.559,0.509,0.517,0.566,0.678,0.591,0.395,0.728,0.584,-0.491,-0.315,0.545,-0.234,-0.531,0.511,0.525,-0.196,-0.165,-0.45,0.865,0.512,0.07,0.655,-0.644,0.493,0.071,0.239,0.62
ATRC,0.131,0.254,-0.162,0.481,0.032,-0.211,0.269,0.541,-0.365,-0.361,0.141,0.611,0.426,0.138,-0.423,0.518,0.21,0.0,-0.337,-0.297,-0.556,0.49,-0.281,0.512,-0.212,-0.399,0.51,0.58,-0.303,0.116,0.14,-0.2,-0.512,0.378,0.415,0.31,0.568,0.559,-0.112,-0.346,0.003,-0.284,0.437,-0.483,0.383,0.535,0.4,0.41,-0.434,0.389,0.318,0.144,0.418,0.453,0.681,0.432,0.329,0.557,0.347,0.138,0.651,-0.085,0.003,0.241,0.122,0.523,0.413,0.496,0.649,0.577,0.393,-0.335,0.483,0.05,0.428,0.14,0.529,-0.616,-0.654,-0.35,0.546,0.076,0.26,0.155,0.013,0.634,0.501,-0.241,0.473,-0.015,0.424,0.768,0.515,0.145,0.529,0.511,0.535,0.447,0.407,0.289,0.607,-0.116,0.457,0.035,0.565,-0.186,0.052,-0.513,-0.1,0.413,0.608,0.259,0.53,0.624,0.377,0.598,0.119,0.31,0.044,-0.154,0.156,0.518,0.476,0.496,-0.063,0.204,0.24,-0.391,-0.484,0.532,0.447,-0.501,-0.288,0.158,0.258,0.301,0.171,-0.53,0.337,-0.408,-0.608,0.508,0.585,0.355,0.238,-0.367,-0.239,0.157,0.134,-0.458,0.016,0.481,-0.234,0.557,-0.51,0.089,0.062,0.298,0.247,0.598,0.298,-0.14,-0.27,-0.321,0.081,0.307,0.52,0.591,0.229,0.587,-0.066,0.401,0.506,0.552,-0.321,-0.085,0.389,0.33,-0.182,0.343,0.577,-0.573,0.059,0.04,0.37,-0.434,0.267,0.362,0.236,-0.452,-0.517,0.159,0.018,0.173,-0.396,-0.037,0.621,0.041,0.075,0.356
AVGO,-0.381,0.242,0.6,0.049,0.17,0.286,0.179,0.013,0.37,-0.024,-0.257,-0.064,0.054,-0.634,0.027,-0.033,0.655,-0.337,0.0,0.264,0.159,-0.063,-0.214,-0.026,0.663,0.306,-0.344,-0.603,0.475,-0.653,0.152,-0.22,0.224,0.217,-0.09,0.296,-0.177,-0.238,-0.41,0.253,0.749,0.696,0.11,0.201,-0.375,-0.022,-0.229,0.093,0.188,-0.687,-0.073,0.239,0.205,0.027,-0.655,0.316,0.314,-0.069,0.042,-0.62,-0.621,0.195,-0.336,0.189,0.459,-0.037,0.023,-0.259,-0.008,-0.178,0.078,0.075,0.143,0.186,0.16,-0.028,-0.057,0.368,0.34,0.31,0.004,0.433,0.358,-0.461,-0.314,-0.594,-0.014,0.16,-0.091,0.042,-0.103,-0.388,-0.075,-0.224,-0.511,-0.201,-0.174,0.34,0.198,0.363,-0.329,-0.295,-0.339,0.399,-0.213,-0.374,0.39,0.424,0.45,0.104,-0.359,0.291,-0.138,-0.442,0.303,-0.367,0.288,0.449,0.245,-0.047,0.356,-0.119,-0.323,0.088,0.815,0.315,0.35,0.007,0.16,-0.054,0.14,0.271,0.202,0.024,-0.538,-0.347,-0.174,0.429,0.233,0.283,0.341,-0.056,-0.459,0.039,0.123,-0.183,0.29,0.25,0.304,0.127,0.385,-0.033,-0.399,0.128,0.534,0.135,0.217,-0.653,-0.022,-0.202,-0.108,0.209,0.696,0.5,0.587,0.352,-0.026,-0.348,0.343,-0.102,0.306,0.091,0.027,-0.091,0.728,0.329,0.192,0.172,0.501,0.314,-0.06,0.036,-0.439,0.181,-0.584,-0.038,0.226,0.278,-0.484,0.29,0.122,0.585,0.487,-0.267,0.804,-0.502,-0.126,-0.16,0.348,0.032
AVT,-0.058,-0.236,0.423,-0.234,0.315,0.399,0.52,-0.577,0.843,0.657,0.684,-0.211,0.058,0.169,0.725,-0.459,-0.043,-0.297,0.264,0.0,0.583,-0.513,0.737,-0.129,0.555,0.755,-0.586,-0.606,0.879,0.275,0.514,0.13,0.846,-0.206,-0.543,-0.549,-0.457,-0.064,0.396,0.469,0.101,0.591,-0.536,0.767,-0.112,-0.089,-0.666,-0.128,0.862,-0.252,0.383,0.337,-0.337,-0.375,-0.437,-0.204,0.08,-0.185,0.127,0.021,0.095,0.363,0.464,-0.063,0.53,-0.333,0.291,-0.058,-0.163,-0.494,0.177,0.752,-0.125,0.278,-0.349,0.794,-0.283,0.824,0.569,0.611,-0.135,0.389,0.054,0.247,0.196,-0.259,-0.472,0.797,-0.657,0.401,-0.357,-0.428,-0.132,0.66,-0.421,-0.7,-0.175,0.11,-0.005,-0.13,-0.799,0.694,-0.047,0.275,-0.527,0.494,0.479,0.134,0.251,-0.135,-0.573,0.037,0.223,-0.468,-0.332,-0.727,0.577,-0.084,0.696,0.852,0.515,-0.468,-0.154,-0.06,0.21,-0.172,-0.104,0.632,0.783,-0.245,-0.103,0.717,0.673,0.358,-0.633,0.115,0.335,0.868,-0.121,0.83,0.671,-0.164,-0.702,0.547,-0.116,0.426,0.817,0.311,0.484,0.753,0.182,0.034,0.256,-0.294,0.592,0.631,0.252,-0.342,0.46,-0.551,0.651,0.78,0.703,0.757,0.289,-0.143,-0.263,-0.606,0.444,-0.318,0.701,0.194,-0.119,-0.216,0.494,0.251,-0.429,-0.473,0.733,-0.432,-0.232,0.33,0.156,0.191,0.277,0.731,0.146,0.116,0.259,0.726,0.711,0.127,0.579,0.207,0.317,0.402,-0.269,-0.029,0.762,-0.122
AXDX,-0.154,-0.599,0.203,-0.658,-0.16,0.187,-0.216,-0.816,0.744,0.68,0.249,-0.68,-0.488,0.17,0.609,-0.766,-0.432,-0.556,0.159,0.583,0.0,-0.809,0.607,-0.695,0.366,0.618,-0.772,-0.78,0.638,0.173,0.034,0.484,0.825,-0.626,-0.777,-0.709,-0.82,-0.682,0.434,0.491,-0.143,0.4,-0.654,0.839,-0.416,-0.634,-0.796,-0.636,0.814,-0.356,-0.189,-0.188,-0.61,-0.78,-0.589,-0.685,-0.513,-0.719,-0.514,0.28,-0.291,0.338,0.305,-0.424,-0.03,-0.754,-0.361,-0.585,-0.564,-0.79,-0.453,0.729,-0.638,0.049,-0.695,0.222,-0.738,0.782,0.845,0.552,-0.673,-0.188,-0.458,0.151,0.22,-0.428,-0.779,0.423,-0.787,0.107,-0.626,-0.765,-0.678,0.22,-0.535,-0.851,-0.677,-0.541,-0.586,-0.513,-0.792,0.316,-0.599,-0.097,-0.9,0.527,-0.033,0.437,0.123,-0.623,-0.699,-0.421,-0.454,-0.78,-0.695,-0.826,0.003,-0.503,0.098,0.5,-0.067,-0.717,-0.578,-0.566,0.01,-0.371,-0.355,0.769,0.857,-0.724,-0.66,0.853,0.696,-0.255,-0.462,-0.048,-0.026,0.8,-0.563,0.78,0.848,-0.67,-0.817,0.141,-0.394,0.618,0.382,-0.247,-0.114,0.586,-0.187,-0.377,0.503,-0.705,0.649,0.048,-0.139,-0.227,-0.1,-0.815,0.067,0.338,0.289,0.513,-0.083,-0.548,-0.725,-0.783,-0.109,-0.799,0.266,-0.326,-0.651,-0.702,0.313,-0.196,-0.677,-0.66,0.356,-0.749,-0.773,0.696,0.016,-0.183,-0.144,0.752,-0.271,-0.33,-0.015,0.641,0.842,-0.244,0.136,-0.067,0.062,0.31,-0.786,-0.1,0.281,-0.562
AXSM,0.076,0.707,-0.076,0.865,0.346,0.072,0.394,0.915,-0.753,-0.803,-0.055,0.766,0.72,-0.311,-0.659,0.838,0.501,0.49,-0.063,-0.513,-0.809,0.0,-0.536,0.788,-0.32,-0.448,0.793,0.738,-0.607,-0.204,0.017,-0.635,-0.763,0.835,0.932,0.807,0.892,0.748,-0.302,-0.424,0.093,-0.231,0.789,-0.886,0.481,0.756,0.803,0.799,-0.812,0.305,0.364,0.45,0.78,0.869,0.579,0.822,0.729,0.817,0.662,-0.36,0.23,-0.264,-0.28,0.657,0.226,0.911,0.545,0.646,0.624,0.939,0.577,-0.73,0.791,0.039,0.784,-0.176,0.871,-0.769,-0.834,-0.465,0.793,0.367,0.666,-0.237,-0.161,0.508,0.956,-0.267,0.884,-0.14,0.69,0.732,0.791,-0.127,0.466,0.872,0.773,0.687,0.722,0.758,0.783,-0.298,0.671,0.334,0.848,-0.645,0.239,-0.274,0.198,0.774,0.738,0.615,0.566,0.844,0.867,0.803,0.162,0.657,0.102,-0.528,0.337,0.843,0.782,0.75,0.088,0.523,0.542,-0.781,-0.863,0.86,0.83,-0.825,-0.702,0.467,0.438,-0.044,-0.069,-0.704,0.739,-0.755,-0.868,0.78,0.821,-0.051,0.527,-0.806,-0.395,0.44,0.353,-0.564,0.308,0.66,-0.67,0.875,-0.7,0.158,0.461,0.052,0.346,0.931,0.039,-0.156,-0.099,-0.26,0.101,0.777,0.829,0.866,0.299,0.888,-0.059,0.603,0.748,0.832,-0.2,0.296,0.8,0.856,-0.194,0.682,0.858,-0.86,-0.146,0.465,0.227,-0.817,0.535,0.52,0.232,-0.705,-0.865,0.494,0.033,0.118,-0.02,-0.4,0.844,0.185,-0.176,0.785
AZN,-0.029,-0.451,-0.028,-0.428,0.173,0.187,0.264,-0.664,0.616,0.672,0.687,-0.329,-0.113,0.442,0.789,-0.57,-0.505,-0.281,-0.214,0.737,0.607,-0.536,0.0,-0.307,0.111,0.555,-0.404,-0.378,0.582,0.577,0.319,0.302,0.711,-0.473,-0.581,-0.792,-0.54,-0.094,0.735,0.272,-0.306,0.134,-0.716,0.673,0.002,-0.297,-0.651,-0.363,0.784,-0.071,0.206,0.025,-0.605,-0.446,-0.166,-0.473,-0.236,-0.348,0.01,0.43,0.187,0.165,0.66,-0.316,0.128,-0.459,0.097,-0.138,-0.272,-0.522,-0.052,0.617,-0.388,0.092,-0.628,0.68,-0.445,0.693,0.448,0.634,-0.338,0.148,-0.2,0.471,0.45,0.009,-0.535,0.545,-0.641,0.218,-0.466,-0.352,-0.273,0.562,-0.186,-0.646,-0.286,-0.205,-0.253,-0.423,-0.693,0.792,0.026,-0.075,-0.466,0.758,0.022,-0.018,-0.134,-0.386,-0.48,-0.291,0.041,-0.378,-0.6,-0.601,0.179,-0.453,0.5,0.799,0.178,-0.591,-0.105,-0.254,-0.351,-0.521,-0.4,0.689,0.741,-0.391,-0.31,0.582,0.575,0.238,-0.434,0.311,0.307,0.663,-0.4,0.693,0.536,-0.314,-0.546,0.274,-0.333,0.611,0.481,0.061,0.165,0.696,-0.235,-0.095,0.596,-0.491,0.323,0.47,0.01,-0.067,0.342,-0.571,0.544,0.66,0.24,0.407,-0.04,-0.47,-0.436,-0.557,0.082,-0.429,0.377,-0.078,-0.334,-0.362,0.1,-0.001,-0.646,-0.584,0.378,-0.683,-0.332,0.333,0.257,-0.036,0.486,0.83,-0.131,-0.125,0.414,0.52,0.686,-0.337,0.182,0.144,-0.165,0.722,-0.385,0.048,0.459,-0.301
BANR,0.208,0.708,0.139,0.874,0.335,0.297,0.674,0.749,-0.378,-0.469,0.26,0.93,0.882,-0.18,-0.404,0.77,0.513,0.512,-0.026,-0.129,-0.695,0.788,-0.307,0.0,-0.017,-0.102,0.573,0.601,-0.31,-0.083,0.421,-0.549,-0.472,0.795,0.786,0.631,0.877,0.935,-0.356,-0.301,0.034,-0.081,0.563,-0.613,0.488,0.976,0.696,0.967,-0.498,0.475,0.675,0.73,0.728,0.821,0.51,0.753,0.742,0.979,0.683,-0.32,0.409,-0.099,-0.152,0.77,0.601,0.876,0.834,0.902,0.569,0.846,0.79,-0.417,0.941,0.322,0.874,0.207,0.95,-0.527,-0.66,-0.404,0.983,0.468,0.691,-0.116,-0.229,0.412,0.781,0.114,0.596,0.312,0.807,0.598,0.985,0.212,0.454,0.62,0.97,0.809,0.85,0.663,0.502,0.138,0.808,0.588,0.655,-0.39,0.509,-0.237,0.288,0.909,0.702,0.806,0.816,0.836,0.791,0.578,0.535,0.676,0.364,-0.175,0.543,0.853,0.723,0.822,0.182,0.57,0.603,-0.662,-0.554,0.979,0.875,-0.572,-0.485,0.58,0.304,-0.074,0.298,-0.431,0.882,-0.452,-0.681,0.976,0.61,0.294,0.697,-0.696,0.089,0.675,0.598,-0.222,0.442,0.823,-0.697,0.813,-0.437,0.423,0.608,-0.004,0.642,0.846,0.391,0.027,0.199,0.065,0.108,0.784,0.97,0.771,0.572,0.964,0.321,0.816,0.963,0.972,-0.109,0.493,0.789,0.684,0.12,0.516,0.832,-0.758,0.143,0.587,0.278,-0.546,0.778,0.485,0.455,-0.34,-0.626,0.543,0.232,0.408,0.088,-0.125,0.966,0.408,0.14,0.848
BBIO,0.091,0.096,0.768,-0.034,-0.061,0.525,0.3,-0.212,0.677,0.216,0.171,-0.063,0.135,-0.348,0.423,-0.084,0.431,-0.212,0.663,0.555,0.366,-0.32,0.111,-0.017,0.0,0.716,-0.531,-0.704,0.697,-0.314,0.418,-0.072,0.581,0.128,-0.309,0.034,-0.301,-0.194,-0.362,0.594,0.332,0.728,-0.228,0.474,-0.358,0.065,-0.364,0.071,0.523,-0.268,0.197,0.382,0.125,-0.194,-0.642,0.054,0.128,-0.06,-0.095,-0.31,-0.283,0.301,-0.247,0.237,0.626,-0.185,0.184,-0.225,0.02,-0.318,0.249,0.561,0.11,0.535,0.035,0.258,-0.133,0.513,0.598,0.286,0.019,0.261,0.179,-0.282,-0.384,-0.62,-0.265,0.36,-0.362,0.436,-0.076,-0.524,-0.07,0.2,-0.436,-0.41,-0.096,0.206,0.169,0.156,-0.534,0.177,-0.216,0.577,-0.399,-0.058,0.474,0.529,0.601,0.118,-0.383,0.291,0.024,-0.42,0.033,-0.549,0.572,0.292,0.368,0.241,0.424,-0.165,-0.318,-0.05,0.749,0.415,0.16,0.159,0.53,-0.093,0.028,0.606,0.39,0.099,-0.486,-0.449,0.194,0.608,0.163,0.54,0.53,0.011,-0.659,0.214,0.245,-0.002,0.69,0.335,0.484,0.489,0.5,0.017,-0.289,-0.067,0.735,0.365,0.313,-0.563,0.247,-0.343,0.141,0.22,0.813,0.765,0.401,0.163,-0.042,-0.4,0.492,-0.184,0.659,0.183,0.066,-0.106,0.608,0.356,0.083,-0.256,0.785,-0.061,-0.199,0.204,-0.189,0.25,-0.43,0.249,0.326,0.015,-0.043,0.66,0.407,0.457,0.431,0.139,0.634,-0.092,-0.169,0.17,0.598,0.024
BCYC,0.171,-0.045,0.655,-0.123,0.012,0.754,0.318,-0.426,0.7,0.393,0.532,-0.206,0.174,-0.085,0.722,-0.22,0.064,-0.399,0.306,0.755,0.618,-0.448,0.555,-0.102,0.716,0.0,-0.49,-0.671,0.715,0.076,0.423,0.021,0.867,-0.031,-0.36,-0.281,-0.373,-0.161,0.132,0.724,-0.136,0.671,-0.422,0.661,-0.08,-0.028,-0.436,-0.008,0.724,-0.051,0.419,0.425,-0.047,-0.324,-0.624,-0.188,0.059,-0.158,-0.098,0.037,-0.178,0.238,0.001,0.255,0.529,-0.248,0.246,-0.161,-0.165,-0.38,0.235,0.704,-0.011,0.585,-0.169,0.435,-0.216,0.714,0.725,0.384,-0.072,0.227,0.074,-0.165,-0.253,-0.532,-0.353,0.64,-0.482,0.549,-0.122,-0.657,-0.11,0.397,-0.39,-0.565,-0.103,-0.019,0.085,-0.025,-0.733,0.589,-0.041,0.569,-0.582,0.237,0.51,0.592,0.605,0.02,-0.425,0.266,0.084,-0.396,-0.195,-0.701,0.571,0.112,0.548,0.479,0.476,-0.259,-0.172,-0.152,0.34,0.181,-0.044,0.334,0.761,-0.166,-0.055,0.76,0.442,0.32,-0.527,-0.449,0.232,0.794,0.064,0.675,0.655,-0.05,-0.715,0.212,0.255,0.147,0.805,0.343,0.565,0.798,0.49,0.035,-0.072,-0.222,0.63,0.617,0.423,-0.472,0.49,-0.459,0.294,0.418,0.78,0.892,0.025,0.005,-0.154,-0.462,0.53,-0.282,0.815,0.186,-0.046,-0.165,0.559,0.428,-0.161,-0.43,0.819,-0.428,-0.287,0.352,0.109,0.451,-0.052,0.569,0.244,-0.121,0.306,0.773,0.589,0.292,0.472,0.423,0.431,0.275,-0.264,0.368,0.582,0.072
BHFAP,0.148,0.504,-0.232,0.594,0.088,-0.012,0.16,0.79,-0.827,-0.704,-0.153,0.602,0.535,-0.039,-0.477,0.789,0.267,0.51,-0.344,-0.586,-0.772,0.793,-0.404,0.573,-0.531,-0.49,0.0,0.797,-0.706,-0.006,-0.089,-0.415,-0.72,0.58,0.807,0.608,0.773,0.615,-0.103,-0.348,-0.167,-0.388,0.687,-0.782,0.641,0.531,0.787,0.538,-0.793,0.416,0.254,0.109,0.59,0.77,0.585,0.577,0.489,0.601,0.471,0.05,0.296,-0.441,-0.219,0.451,-0.112,0.717,0.331,0.485,0.556,0.825,0.397,-0.74,0.575,-0.005,0.556,-0.221,0.665,-0.731,-0.773,-0.524,0.583,0.196,0.488,-0.167,-0.169,0.461,0.793,-0.389,0.82,-0.128,0.625,0.689,0.588,-0.273,0.644,0.879,0.601,0.412,0.584,0.442,0.8,-0.267,0.681,0.131,0.806,-0.42,0.04,-0.291,-0.028,0.551,0.741,0.378,0.395,0.772,0.622,0.798,-0.111,0.483,-0.011,-0.505,0.076,0.669,0.692,0.459,-0.239,0.281,0.314,-0.754,-0.786,0.657,0.621,-0.789,-0.762,0.339,0.351,-0.036,0.016,-0.755,0.519,-0.791,-0.792,0.606,0.827,-0.23,0.473,-0.621,-0.514,0.159,0.144,-0.522,0.228,0.433,-0.417,0.688,-0.765,0.073,0.189,0.281,0.239,0.805,-0.096,-0.281,-0.354,-0.462,-0.106,0.486,0.638,0.796,0.161,0.72,-0.26,0.294,0.556,0.613,-0.3,0.225,0.613,0.594,-0.39,0.513,0.752,-0.717,0.113,0.351,0.319,-0.687,0.129,0.154,0.157,-0.654,-0.819,0.231,-0.152,0.159,-0.248,-0.14,0.697,0.323,-0.356,0.626
BKR,0.22,0.295,-0.453,0.527,0.14,-0.317,0.088,0.672,-0.8,-0.499,-0.078,0.629,0.386,0.251,-0.631,0.622,-0.006,0.58,-0.603,-0.606,-0.78,0.738,-0.378,0.601,-0.704,-0.671,0.797,0.0,-0.801,0.26,-0.053,-0.168,-0.805,0.388,0.731,0.42,0.79,0.686,-0.034,-0.556,-0.271,-0.675,0.561,-0.789,0.584,0.552,0.785,0.501,-0.772,0.627,0.229,0.049,0.395,0.668,0.875,0.371,0.275,0.632,0.376,0.094,0.554,-0.198,0.052,0.245,-0.214,0.661,0.282,0.683,0.375,0.784,0.253,-0.627,0.482,-0.173,0.511,-0.152,0.673,-0.816,-0.862,-0.655,0.578,-0.077,0.192,0.161,0.093,0.701,0.671,-0.307,0.67,-0.068,0.619,0.802,0.63,-0.053,0.747,0.781,0.674,0.272,0.378,0.224,0.847,-0.131,0.66,-0.082,0.768,-0.2,-0.125,-0.549,-0.283,0.494,0.838,0.2,0.458,0.87,0.45,0.863,-0.121,0.164,-0.221,-0.405,-0.086,0.684,0.632,0.43,-0.45,0.14,0.252,-0.58,-0.809,0.66,0.442,-0.798,-0.582,0.17,0.689,0.247,0.144,-0.857,0.392,-0.768,-0.84,0.599,0.94,-0.034,0.3,-0.4,-0.498,0.019,-0.087,-0.55,-0.098,0.405,-0.194,0.514,-0.803,-0.152,0.032,0.609,0.101,0.831,0.03,-0.348,-0.599,-0.653,-0.315,0.312,0.641,0.875,-0.088,0.735,-0.403,0.317,0.545,0.66,-0.643,-0.041,0.477,0.553,-0.616,0.361,0.645,-0.587,0.315,0.089,0.43,-0.612,0.155,0.144,0.325,-0.71,-0.718,-0.068,-0.345,0.16,-0.507,0.001,0.731,0.149,-0.488,0.461
BLDP,-0.196,-0.259,0.51,-0.315,0.182,0.311,0.323,-0.593,0.901,0.597,0.471,-0.357,-0.113,-0.057,0.673,-0.502,0.06,-0.303,0.475,0.879,0.638,-0.607,0.582,-0.31,0.697,0.715,-0.706,-0.801,0.0,-0.004,0.353,0.137,0.835,-0.249,-0.653,-0.485,-0.603,-0.315,0.232,0.508,0.295,0.7,-0.527,0.813,-0.33,-0.267,-0.787,-0.279,0.874,-0.485,0.127,0.21,-0.339,-0.5,-0.587,-0.215,-0.019,-0.351,-0.04,-0.106,-0.099,0.384,0.278,-0.143,0.492,-0.44,0.118,-0.315,-0.182,-0.62,0.021,0.714,-0.25,0.24,-0.413,0.596,-0.442,0.83,0.658,0.689,-0.299,0.32,0.002,0.074,0.062,-0.426,-0.548,0.614,-0.687,0.283,-0.5,-0.52,-0.332,0.457,-0.597,-0.751,-0.391,0.025,-0.108,-0.117,-0.816,0.449,-0.29,0.177,-0.618,0.351,0.377,0.248,0.265,-0.281,-0.704,-0.061,-0.006,-0.663,-0.345,-0.797,0.464,-0.073,0.578,0.724,0.421,-0.583,-0.353,-0.151,0.416,-0.136,-0.112,0.667,0.81,-0.414,-0.206,0.77,0.726,0.166,-0.733,0.05,0.116,0.9,-0.233,0.861,0.736,-0.349,-0.832,0.455,-0.218,0.413,0.737,0.189,0.388,0.66,0.155,-0.103,0.213,-0.338,0.733,0.485,0.165,-0.489,0.261,-0.672,0.464,0.663,0.719,0.744,0.436,-0.196,-0.419,-0.746,0.368,-0.479,0.627,0.037,-0.284,-0.398,0.644,0.155,-0.453,-0.499,0.748,-0.322,-0.366,0.399,-0.1,0.046,-0.015,0.683,0.057,0.142,0.049,0.714,0.737,0.168,0.579,-0.007,0.413,0.192,-0.429,-0.184,0.796,-0.293
BLFS,0.283,-0.502,-0.337,-0.259,0.094,-0.219,0.068,-0.325,0.126,0.398,0.47,-0.036,-0.077,0.814,0.312,-0.242,-0.619,0.116,-0.653,0.275,0.173,-0.204,0.577,-0.083,-0.314,0.076,-0.006,0.26,-0.004,0.0,0.19,0.46,0.2,-0.377,-0.237,-0.566,-0.136,0.138,0.654,-0.025,-0.534,-0.354,-0.37,0.215,0.284,-0.07,-0.149,-0.216,0.306,0.409,0.287,-0.177,-0.427,-0.179,0.36,-0.471,-0.256,-0.096,-0.058,0.625,0.581,0.283,0.684,-0.331,-0.205,-0.175,0.022,0.183,-0.126,-0.105,-0.044,0.423,-0.235,0.027,-0.392,0.42,-0.18,0.123,0.04,-0.055,-0.106,-0.204,-0.356,0.665,0.498,0.373,-0.268,0.251,-0.321,0.23,-0.054,0.087,-0.031,0.418,0.355,-0.183,0.022,-0.226,-0.238,-0.468,-0.09,0.575,0.25,-0.21,-0.085,0.647,-0.185,-0.366,-0.283,-0.15,0.083,-0.314,0.211,0.122,-0.457,-0.076,0.027,-0.476,0.067,0.402,-0.033,-0.228,0.056,-0.229,-0.622,-0.373,-0.425,0.371,0.242,-0.114,-0.271,0.212,0.367,0.073,0.145,0.408,0.434,0.04,-0.305,0.253,0.095,-0.087,0.027,0.292,-0.143,0.504,0.134,-0.248,-0.099,0.294,-0.314,-0.054,0.582,-0.347,-0.108,0.099,-0.205,0.587,0.184,-0.118,0.396,0.237,-0.304,-0.098,-0.424,-0.422,-0.138,-0.017,-0.169,-0.084,-0.046,-0.047,-0.131,-0.09,-0.402,-0.282,-0.398,-0.422,-0.164,-0.568,-0.135,0.176,0.625,-0.15,0.623,0.418,-0.214,-0.284,0.497,0.161,0.305,-0.483,-0.242,0.249,-0.615,0.716,-0.06,0.03,-0.028,-0.204
BLKB,0.091,-0.018,0.425,0.121,0.161,0.245,0.591,-0.057,0.431,0.367,0.438,0.43,0.386,0.287,0.234,0.091,0.164,0.14,0.152,0.514,0.034,0.017,0.319,0.421,0.418,0.423,-0.089,-0.053,0.353,0.19,0.0,0.184,0.254,0.123,-0.039,-0.097,0.075,0.431,0.027,0.188,0.122,0.176,-0.122,0.273,0.225,0.45,-0.042,0.333,0.339,0.162,0.521,0.388,0.032,0.246,0.063,0.092,0.318,0.399,0.261,-0.094,0.357,0.464,0.372,0.19,0.627,0.099,0.533,0.446,0.043,0.08,0.361,0.337,0.391,0.486,0.203,0.689,0.244,0.289,0.12,0.038,0.409,0.333,0.231,0.28,0.168,-0.079,-0.048,0.637,-0.274,0.666,0.314,-0.116,0.403,0.494,0.207,-0.198,0.399,0.424,0.373,-0.023,-0.185,0.506,0.337,0.53,-0.06,0.367,0.405,0.004,0.239,0.376,0.138,0.366,0.515,0.089,0.092,-0.084,0.651,0.211,0.443,0.48,0.422,0.09,0.043,0.16,0.099,0.204,0.396,0.083,0.267,0.318,0.197,0.302,0.332,0.279,-0.136,0.05,0.764,0.259,0.351,0.387,0.192,0.428,-0.192,0.528,0.343,0.104,0.59,0.298,0.446,0.494,0.212,0.422,-0.042,0.064,0.314,0.453,0.236,0.024,0.558,0.099,0.563,0.335,0.468,0.427,0.179,0.153,0.357,0.023,0.467,0.278,0.434,0.453,0.501,0.323,0.062,0.236,0.22,-0.013,0.358,-0.139,0.116,-0.074,0.456,0.232,0.178,0.242,0.437,0.018,0.432,0.478,0.288,0.22,0.283,0.307,0.202,0.448,0.345,0.322,0.454,0.195
