,ABAT,ACLS,ACMR,ADMA,ADUS,ADVM,AEIS,AGNCM,AHCO,ALGT,ALLO,AMSF,ANAB,ANDE,APLS,APPF,ASML,ATRC,AVGO,AVT,AXDX,AXSM,AZN,BANR,BBIO,BCYC,BHFAP,BKR,BLDP,BLFS,BLKB,BLMN,BNTX,BPMC,CALM,CAMT,CASH,CATY,CCEP,CDLX,CDNS,CENN,CENX,CGC,CHDN,CLBK,COKE,COLB,COO,CORT,CRMT,CRNX,CRTO,CRVL,CSCO,CSQ,CSWI,CVBF,CWST,CYCC,CZR,DLTR,DORM,ENTA,EQIX,ERIC,EVRG,EWBC,EXAS,EXLS,EXPI,EYE,FBNC,FBRX,FCNCA,FELE,FIBK,FLEX,FRGT,FRHC,FRME,FWONA,FWONK,GDEN,GIII,GILD,GLNG,GNTX,GOOGL,GRPN,HCSG,HIMX,HOPE,HST,HTLD,HUT,HWC,ICUI,IESC,INTC,INTU,IOVA,IPAR,IPGP,ISRG,JBSS,KALU,KPRX,KRNT,LAUR,LBRDA,LBTYK,LECO,LILAK,LITE,MANH,MDXG,MFIC,MGEE,MIDD,MLAB,MMSI,MNKD,MOMO,MRVL,NICE,NMFC,NUWE,NVCR,NWBI,OFIX,OFLX,OMCL,OPK,ORKA,ORLY,OTTR,PDD,PNTG,POOL,POWL,PPBI,PPC,PRAA,PRPL,PZZA,QTRX,QURE,RDFN,RDHL,REAL,REG,REYN,RGLD,RIOT,RUN,RYTM,SAIA,SBAC,SBRA,SCVL,SHOO,SLAB,SLDB,SMCI,SMTC,SRCE,SSP,SSRM,STBA,STRO,SVC,SYBT,TCBI,TCOM,TENX,TH,TMUS,TNDM,TTD,TTMI,UAL,ULH,ULTA,VCYT,VIRT,VKTX,VOD,VRDN,VREX,VRNT,VSAT,WB,WBD,WDC,WEN,WSFS,XXII,Z,ZBRA
ABAT,0.0,0.783,0.152,-0.291,-0.488,-0.698,0.556,-0.649,-0.457,-0.136,-0.89,-0.607,0.755,-0.057,-0.48,-0.559,-0.618,0.596,-0.62,0.647,0.372,-0.523,0.86,0.718,0.219,-0.614,-0.162,0.435,0.316,-0.482,0.846,-0.228,0.69,0.516,-0.39,-0.578,0.39,0.687,0.536,0.169,-0.503,-0.667,0.554,0.832,0.484,0.747,-0.11,0.579,0.486,-0.349,-0.43,-0.085,-0.794,-0.67,0.791,-0.681,-0.705,0.482,-0.84,-0.723,0.595,-0.786,0.313,-0.56,-0.617,0.727,0.505,0.402,0.813,0.752,0.663,-0.65,0.285,0.147,-0.336,-0.569,0.708,-0.933,0.775,0.248,0.539,-0.014,0.049,0.453,-0.295,0.748,0.774,-0.717,0.384,-0.812,-0.55,0.761,0.465,0.334,0.559,-0.671,0.654,-0.559,-0.913,0.31,-0.538,-0.842,-0.751,0.604,-0.376,0.663,0.406,-0.368,-0.613,-0.027,0.807,0.717,-0.78,0.752,0.672,-0.654,0.188,0.376,0.379,-0.413,-0.222,0.086,-0.476,-0.44,0.219,-0.674,0.691,0.165,-0.622,0.636,0.133,0.239,0.871,-0.34,-0.078,-0.317,-0.327,0.297,-0.09,-0.001,-0.859,0.704,-0.246,0.302,-0.818,0.666,-0.633,0.511,0.716,0.491,0.565,0.801,-0.779,0.828,-0.859,-0.707,-0.752,-0.823,0.834,-0.455,-0.879,0.019,-0.581,-0.378,-0.912,0.394,0.622,0.777,0.767,0.658,-0.019,0.625,0.707,0.769,-0.799,0.716,0.441,0.405,-0.436,-0.69,-0.638,-0.371,-0.754,-0.781,0.481,0.491,-0.872,0.688,0.605,0.842,-0.602,0.841,-0.687,0.758,0.518,0.224,0.707,0.667,-0.103,-0.349
ACLS,0.783,0.0,0.369,-0.214,-0.291,-0.713,0.744,-0.64,-0.345,0.067,-0.838,-0.537,0.757,-0.021,-0.337,-0.709,-0.59,0.734,-0.375,0.774,0.352,-0.432,0.822,0.781,0.381,-0.411,-0.264,0.473,0.49,-0.438,0.742,-0.334,0.781,0.631,-0.26,-0.288,0.336,0.748,0.441,0.087,-0.374,-0.478,0.521,0.755,0.419,0.744,-0.089,0.657,0.648,-0.198,-0.292,-0.163,-0.793,-0.523,0.732,-0.639,-0.685,0.585,-0.684,-0.676,0.55,-0.803,0.489,-0.279,-0.649,0.708,0.461,0.532,0.776,0.817,0.773,-0.66,0.418,0.185,-0.386,-0.396,0.74,-0.792,0.766,-0.03,0.701,0.09,0.162,0.539,-0.291,0.628,0.688,-0.821,0.332,-0.848,-0.312,0.871,0.584,0.397,0.643,-0.641,0.698,-0.487,-0.801,0.587,-0.398,-0.744,-0.717,0.431,-0.432,0.628,0.425,-0.332,-0.56,0.043,0.767,0.597,-0.617,0.691,0.707,-0.634,0.329,0.414,0.381,-0.375,-0.002,0.419,-0.305,-0.432,0.352,-0.415,0.698,0.427,-0.64,0.713,0.141,0.329,0.874,-0.291,-0.291,-0.173,-0.436,0.459,0.103,0.088,-0.825,0.758,-0.136,0.527,-0.726,0.745,-0.438,0.391,0.739,0.592,0.451,0.768,-0.781,0.825,-0.767,-0.634,-0.664,-0.735,0.856,-0.287,-0.776,0.164,-0.41,-0.213,-0.785,0.579,0.697,0.781,0.594,0.644,-0.024,0.572,0.674,0.774,-0.732,0.665,0.442,0.471,-0.34,-0.432,-0.498,-0.297,-0.588,-0.812,0.566,0.628,-0.801,0.727,0.532,0.854,-0.569,0.838,-0.443,0.849,0.604,-0.084,0.735,0.696,-0.105,-0.072
ACMR,0.152,0.369,0.0,-0.114,0.544,-0.556,0.51,-0.685,-0.212,0.246,-0.399,-0.229,-0.105,0.337,-0.017,-0.72,-0.606,0.399,-0.011,0.749,0.33,-0.401,0.109,0.69,0.821,0.334,-0.78,0.808,0.332,-0.238,0.163,-0.635,0.596,0.561,-0.476,0.071,0.598,0.718,-0.408,-0.395,-0.088,0.096,0.124,-0.131,0.544,0.642,-0.814,0.753,0.677,0.73,0.472,-0.253,-0.281,-0.047,0.488,-0.528,-0.319,0.88,-0.108,-0.423,0.682,-0.478,0.735,-0.1,-0.651,0.707,0.046,0.554,0.4,0.659,0.721,-0.246,0.541,0.77,-0.623,0.108,0.701,-0.205,0.566,-0.21,0.83,-0.068,-0.016,0.797,0.335,0.382,0.346,-0.541,0.421,-0.465,0.415,0.647,0.855,0.735,0.782,0.035,0.697,0.405,-0.115,0.867,-0.096,0.051,-0.39,-0.088,-0.686,0.39,0.097,-0.722,-0.318,0.583,0.441,0.037,-0.063,0.457,-0.163,-0.701,0.918,0.522,0.818,0.045,0.085,0.594,0.449,0.189,0.653,0.2,0.595,0.398,0.061,0.508,-0.093,0.641,0.344,0.146,-0.062,-0.513,-0.648,0.893,0.767,0.755,-0.492,0.728,0.702,0.738,-0.393,0.647,0.056,0.276,0.122,0.757,0.279,0.267,-0.384,0.392,0.015,-0.056,-0.309,-0.387,0.485,0.613,-0.008,0.437,0.388,0.584,-0.318,0.834,0.613,0.29,-0.083,0.471,-0.148,0.534,0.299,0.575,-0.28,-0.159,-0.326,0.646,0.349,0.227,0.303,-0.055,0.015,-0.478,0.712,0.834,-0.123,0.411,0.468,0.325,-0.138,0.453,0.033,0.442,-0.067,0.167,0.543,0.21,-0.361,0.621
ADMA,-0.291,-0.214,-0.114,0.0,0.223,0.264,-0.01,0.39,0.776,0.357,0.479,0.718,-0.136,0.488,0.223,0.5,0.424,0.139,0.182,-0.25,0.157,0.579,-0.319,-0.237,0.027,0.303,0.4,-0.349,0.332,0.404,-0.234,0.581,-0.294,0.017,0.403,0.305,0.194,-0.154,-0.007,0.446,0.276,0.683,0.203,-0.217,-0.218,-0.233,0.149,-0.301,-0.188,0.013,0.442,0.269,0.378,0.61,-0.243,0.575,0.391,-0.228,0.596,0.435,-0.25,0.365,0.214,0.5,0.535,-0.313,0.008,0.11,-0.146,-0.19,-0.131,0.455,0.318,-0.069,0.536,0.628,-0.194,0.495,-0.455,0.248,-0.132,0.421,0.411,-0.137,0.488,-0.552,-0.153,0.462,-0.154,0.456,0.334,-0.329,-0.13,0.01,-0.027,0.46,-0.12,0.341,0.408,-0.342,0.479,0.509,0.462,-0.179,0.279,-0.062,0.337,0.262,0.577,0.264,-0.227,0.025,0.578,-0.097,-0.136,0.431,0.083,0.173,-0.236,0.707,0.435,0.354,0.528,0.168,-0.262,0.364,-0.035,0.244,0.545,0.063,0.32,0.109,-0.318,0.532,0.14,0.262,0.406,-0.361,0.337,0.144,0.409,-0.263,0.187,0.127,0.469,-0.147,0.395,0.185,0.099,-0.362,0.161,-0.239,0.425,-0.169,0.472,0.681,0.516,0.327,-0.362,0.425,0.516,0.383,0.283,0.254,0.485,-0.048,0.012,-0.164,-0.284,0.053,0.497,-0.036,0.012,-0.246,0.379,-0.178,0.138,-0.277,-0.019,0.609,0.334,0.433,0.568,0.536,0.117,-0.335,0.501,-0.176,-0.139,-0.31,0.638,-0.259,0.433,-0.238,0.083,0.065,-0.068,-0.067,0.484,0.261
ADUS,-0.488,-0.291,0.544,0.223,0.0,0.068,0.038,0.004,0.257,0.077,0.379,0.374,-0.547,0.319,0.406,-0.052,0.037,-0.135,0.47,0.073,-0.087,0.243,-0.601,-0.025,0.364,0.413,-0.324,0.302,-0.025,0.434,-0.292,-0.089,-0.072,0.016,-0.082,0.442,0.204,0.026,-0.669,-0.391,0.505,0.469,-0.311,-0.669,0.208,-0.063,-0.457,0.15,0.195,0.736,0.836,0.259,0.405,0.579,-0.202,0.177,0.434,0.315,0.488,0.192,0.197,0.302,0.329,0.168,0.064,0.035,-0.366,-0.001,-0.326,-0.062,0.013,0.425,0.327,0.388,-0.127,0.64,-0.009,0.497,-0.219,-0.163,0.209,-0.116,-0.1,0.376,0.537,-0.263,-0.297,0.228,0.148,0.254,0.439,-0.102,0.234,0.401,0.255,0.459,0.013,0.738,0.527,0.301,0.371,0.72,0.438,-0.138,-0.107,-0.253,-0.16,-0.205,0.237,0.53,-0.31,-0.467,0.457,-0.148,-0.621,0.003,0.544,0.047,0.344,0.498,0.228,0.495,0.635,0.56,0.298,0.572,-0.069,0.161,0.582,-0.074,-0.025,0.306,-0.455,0.476,0.188,-0.226,0.057,0.326,0.738,0.649,0.294,0.022,0.62,0.408,0.347,-0.059,0.448,0.134,-0.424,0.218,-0.125,-0.451,0.336,-0.265,0.607,0.437,0.392,0.393,-0.237,0.76,0.634,0.281,0.722,0.538,0.38,0.378,0.019,-0.387,-0.326,-0.093,0.054,0.106,-0.282,-0.099,0.361,-0.662,-0.631,0.224,0.449,0.609,0.885,0.194,0.565,0.219,0.256,0.214,0.589,-0.322,-0.02,-0.36,0.431,-0.207,0.486,-0.282,-0.419,0.245,-0.127,-0.266,-0.365,0.599
ADVM,-0.698,-0.713,-0.556,0.264,0.068,0.0,-0.778,0.682,0.326,-0.144,0.857,0.427,-0.443,-0.375,0.577,0.715,0.738,-0.688,0.626,-0.856,-0.5,0.659,-0.67,-0.874,-0.541,0.224,0.378,-0.543,-0.495,0.608,-0.655,0.353,-0.621,-0.761,0.415,0.249,-0.633,-0.864,-0.43,-0.19,0.537,0.35,-0.571,-0.612,-0.517,-0.882,0.424,-0.735,-0.658,0.002,0.078,0.332,0.823,0.361,-0.783,0.721,0.745,-0.665,0.692,0.82,-0.719,0.892,-0.579,0.359,0.695,-0.847,-0.639,-0.602,-0.799,-0.859,-0.803,0.548,-0.5,-0.518,0.415,0.396,-0.86,0.681,-0.865,-0.191,-0.746,-0.094,-0.142,-0.789,-0.018,-0.777,-0.766,0.805,-0.331,0.853,0.118,-0.87,-0.761,-0.533,-0.731,0.334,-0.838,0.349,0.745,-0.575,0.478,0.593,0.811,-0.306,0.761,-0.866,-0.421,0.597,0.528,-0.129,-0.927,-0.626,0.536,-0.887,-0.327,0.757,-0.508,-0.591,-0.692,0.241,0.138,-0.37,0.196,0.522,-0.326,0.516,-0.847,-0.32,0.561,-0.768,0.072,-0.453,-0.764,0.039,0.069,0.555,0.608,-0.562,-0.296,-0.22,0.853,-0.86,-0.254,-0.512,0.769,-0.742,0.563,-0.296,-0.55,-0.656,-0.546,-0.742,0.879,-0.813,0.567,0.547,0.732,0.89,-0.876,-0.065,0.663,-0.478,0.343,0.047,0.825,-0.603,-0.834,-0.811,-0.471,-0.785,0.301,-0.792,-0.755,-0.862,0.816,-0.413,-0.309,-0.582,0.234,0.414,0.367,0.22,0.565,0.759,-0.637,-0.726,0.684,-0.833,-0.853,-0.827,0.583,-0.87,0.658,-0.788,-0.234,-0.297,-0.839,-0.837,0.209,-0.055
AEIS,0.556,0.744,0.51,-0.01,0.038,-0.778,0.0,-0.581,-0.121,0.201,-0.655,-0.265,0.551,0.332,-0.281,-0.605,-0.541,0.736,-0.308,0.789,0.417,-0.346,0.552,0.79,0.566,-0.19,-0.264,0.425,0.535,-0.333,0.615,-0.196,0.618,0.738,-0.18,-0.025,0.533,0.781,0.381,0.224,-0.271,-0.191,0.559,0.553,0.408,0.74,-0.207,0.647,0.637,-0.025,0.085,-0.127,-0.757,-0.177,0.658,-0.485,-0.566,0.615,-0.482,-0.58,0.59,-0.735,0.634,-0.181,-0.511,0.7,0.472,0.626,0.713,0.781,0.763,-0.394,0.676,0.325,-0.216,-0.141,0.764,-0.533,0.665,0.109,0.748,0.175,0.233,0.682,0.018,0.537,0.609,-0.69,0.328,-0.72,-0.049,0.797,0.688,0.531,0.697,-0.301,0.75,-0.308,-0.595,0.559,-0.222,-0.459,-0.572,0.313,-0.525,0.714,0.498,-0.464,-0.37,0.189,0.738,0.533,-0.351,0.723,0.403,-0.574,0.491,0.541,0.484,-0.099,0.178,0.613,-0.078,-0.435,0.348,-0.294,0.737,0.542,-0.449,0.752,0.11,0.46,0.634,0.039,-0.108,-0.388,-0.421,0.456,0.388,0.253,-0.703,0.769,0.187,0.633,-0.573,0.677,-0.323,0.354,0.641,0.561,0.484,0.636,-0.745,0.725,-0.474,-0.428,-0.493,-0.656,0.731,0.075,-0.505,0.571,-0.285,0.008,-0.618,0.638,0.802,0.732,0.425,0.745,-0.032,0.678,0.705,0.777,-0.621,0.402,0.319,0.477,-0.243,-0.182,-0.222,-0.161,-0.383,-0.638,0.692,0.638,-0.552,0.719,0.675,0.8,-0.37,0.812,-0.345,0.744,0.457,0.073,0.772,0.781,-0.079,0.2
AGNCM,-0.649,-0.64,-0.685,0.39,0.004,0.682,-0.581,0.0,0.598,0.034,0.768,0.685,-0.355,-0.023,0.185,0.793,0.758,-0.458,0.27,-0.865,-0.395,0.624,-0.546,-0.834,-0.637,0.146,0.666,-0.766,-0.23,0.47,-0.561,0.608,-0.789,-0.594,0.608,0.287,-0.552,-0.832,0.032,0.264,0.3,0.396,-0.33,-0.365,-0.61,-0.826,0.57,-0.824,-0.645,-0.266,0.066,0.27,0.619,0.55,-0.776,0.765,0.634,-0.873,0.602,0.694,-0.744,0.737,-0.556,0.507,0.813,-0.866,-0.152,-0.58,-0.665,-0.813,-0.77,0.591,-0.446,-0.56,0.645,0.34,-0.845,0.729,-0.804,0.049,-0.818,0.143,0.071,-0.656,0.041,-0.674,-0.608,0.779,-0.581,0.753,0.075,-0.839,-0.784,-0.608,-0.749,0.418,-0.806,0.111,0.621,-0.728,0.331,0.508,0.715,-0.273,0.644,-0.562,-0.22,0.786,0.612,-0.293,-0.686,-0.361,0.527,-0.649,-0.202,0.879,-0.663,-0.483,-0.688,0.325,0.129,-0.342,0.068,0.185,-0.64,0.219,-0.712,-0.323,0.367,-0.634,0.0,-0.476,-0.706,0.203,0.034,0.514,0.661,-0.742,-0.371,-0.46,0.848,-0.87,-0.27,-0.579,0.761,-0.776,0.313,-0.351,-0.454,-0.771,-0.465,-0.599,0.678,-0.668,0.521,0.54,0.689,0.691,-0.737,-0.022,0.557,-0.151,0.086,-0.165,0.744,-0.755,-0.679,-0.562,-0.371,-0.651,0.068,-0.603,-0.545,-0.808,0.662,-0.265,0.041,-0.611,0.085,0.289,0.241,0.32,0.52,0.754,-0.626,-0.828,0.609,-0.626,-0.516,-0.638,0.477,-0.715,0.408,-0.666,-0.261,-0.083,-0.729,-0.46,0.336,-0.199
AHCO,-0.457,-0.345,-0.212,0.776,0.257,0.326,-0.121,0.598,0.0,0.45,0.588,0.784,-0.287,0.399,0.166,0.599,0.55,-0.01,0.203,-0.389,-0.066,0.574,-0.424,-0.394,-0.099,0.373,0.514,-0.495,0.246,0.426,-0.368,0.603,-0.518,-0.097,0.568,0.436,0.047,-0.32,0.033,0.403,0.273,0.661,0.077,-0.307,-0.373,-0.374,0.197,-0.483,-0.352,-0.041,0.43,0.223,0.448,0.643,-0.396,0.644,0.426,-0.432,0.677,0.49,-0.405,0.454,0.089,0.617,0.611,-0.475,-0.028,-0.009,-0.266,-0.375,-0.28,0.57,0.165,-0.119,0.59,0.617,-0.376,0.649,-0.547,0.288,-0.325,0.406,0.363,-0.227,0.456,-0.601,-0.268,0.588,-0.255,0.555,0.381,-0.478,-0.243,-0.108,-0.186,0.57,-0.279,0.346,0.51,-0.447,0.489,0.588,0.51,-0.286,0.312,-0.145,0.23,0.398,0.602,0.09,-0.346,-0.08,0.628,-0.264,-0.16,0.544,-0.08,0.055,-0.349,0.617,0.425,0.155,0.452,0.12,-0.406,0.372,-0.186,0.058,0.523,-0.102,0.249,-0.005,-0.432,0.533,0.168,0.308,0.461,-0.422,0.219,-0.054,0.555,-0.407,0.073,-0.033,0.591,-0.32,0.407,0.078,-0.095,-0.509,0.031,-0.318,0.464,-0.368,0.576,0.688,0.607,0.45,-0.466,0.409,0.594,0.377,0.276,0.205,0.598,-0.241,-0.148,-0.221,-0.403,-0.106,0.322,-0.146,-0.081,-0.402,0.501,-0.255,0.072,-0.397,0.094,0.581,0.389,0.521,0.628,0.642,-0.046,-0.49,0.586,-0.24,-0.171,-0.383,0.636,-0.359,0.41,-0.35,-0.054,0.062,-0.205,-0.139,0.509,0.204
ALGT,-0.136,0.067,0.246,0.357,0.077,-0.144,0.201,0.034,0.45,0.0,0.06,0.376,-0.137,0.46,0.057,0.127,0.288,0.209,0.104,0.2,0.325,0.219,-0.027,0.208,0.345,0.435,0.207,-0.028,0.676,0.081,-0.043,0.179,-0.144,0.398,0.416,0.392,0.449,0.27,0.129,0.093,-0.033,0.604,0.589,-0.004,-0.181,0.247,-0.249,-0.181,-0.148,0.095,0.305,0.013,0.083,0.032,0.21,0.283,-0.234,0.043,0.326,-0.054,-0.086,0.011,0.583,0.624,0.11,0.062,0.078,0.61,0.048,0.174,0.232,0.015,0.369,0.418,0.116,0.412,0.187,0.202,0.132,0.341,0.209,0.767,0.78,0.245,0.608,-0.171,0.375,0.061,0.262,0.173,0.545,0.089,0.384,0.192,0.224,0.526,0.329,0.333,0.091,0.047,0.501,0.19,-0.064,-0.268,-0.267,0.303,0.649,-0.098,0.17,0.347,0.156,0.327,0.447,0.23,-0.042,-0.121,0.225,0.665,-0.02,0.307,0.348,0.185,0.525,0.019,0.029,0.42,0.389,0.346,0.168,0.503,0.43,0.25,0.133,0.303,0.33,-0.147,-0.091,0.211,0.253,0.054,-0.051,0.207,0.272,0.405,0.255,0.346,0.454,0.2,0.213,-0.184,0.449,0.222,-0.026,0.062,0.333,0.471,0.291,-0.101,0.015,0.375,0.258,0.621,0.345,0.542,0.176,0.229,0.338,0.28,-0.325,0.402,0.376,0.147,0.335,0.089,0.246,-0.128,0.319,-0.263,-0.121,0.475,0.152,0.789,0.196,0.244,0.385,-0.039,0.146,0.334,0.176,-0.024,0.427,-0.048,0.242,0.207,0.288,-0.005,0.326,0.114,0.41,0.56
ALLO,-0.89,-0.838,-0.399,0.479,0.379,0.857,-0.655,0.768,0.588,0.06,0.0,0.71,-0.673,-0.026,0.573,0.778,0.791,-0.649,0.629,-0.805,-0.385,0.721,-0.874,-0.847,-0.395,0.465,0.401,-0.588,-0.336,0.658,-0.794,0.456,-0.791,-0.639,0.493,0.506,-0.427,-0.807,-0.456,-0.057,0.58,0.666,-0.485,-0.781,-0.561,-0.857,0.274,-0.739,-0.664,0.165,0.383,0.317,0.883,0.677,-0.835,0.841,0.796,-0.643,0.887,0.863,-0.712,0.928,-0.414,0.552,0.786,-0.86,-0.562,-0.472,-0.845,-0.875,-0.805,0.74,-0.307,-0.326,0.536,0.612,-0.828,0.934,-0.92,-0.088,-0.7,0.074,0.012,-0.614,0.286,-0.86,-0.796,0.884,-0.356,0.942,0.387,-0.907,-0.636,-0.444,-0.66,0.663,-0.769,0.516,0.905,-0.567,0.626,0.859,0.897,-0.471,0.588,-0.737,-0.326,0.518,0.699,-0.017,-0.912,-0.658,0.769,-0.828,-0.582,0.792,-0.341,-0.428,-0.594,0.485,0.271,-0.169,0.427,0.496,-0.365,0.637,-0.765,-0.193,0.712,-0.673,0.011,-0.378,-0.923,0.37,0.19,0.432,0.582,-0.539,-0.03,-0.111,0.956,-0.842,0.054,-0.39,0.923,-0.779,0.659,-0.353,-0.67,-0.665,-0.479,-0.867,0.905,-0.883,0.852,0.772,0.869,0.932,-0.951,0.302,0.893,-0.101,0.512,0.239,0.969,-0.537,-0.722,-0.812,-0.665,-0.685,0.265,-0.698,-0.719,-0.874,0.896,-0.633,-0.36,-0.587,0.282,0.674,0.602,0.424,0.778,0.915,-0.529,-0.706,0.918,-0.799,-0.711,-0.905,0.744,-0.902,0.722,-0.856,-0.399,-0.132,-0.787,-0.722,0.222,0.179
AMSF,-0.607,-0.537,-0.229,0.718,0.374,0.427,-0.265,0.685,0.784,0.376,0.71,0.0,-0.449,0.425,0.335,0.661,0.676,-0.154,0.354,-0.522,-0.025,0.697,-0.631,-0.484,-0.186,0.36,0.571,-0.52,0.18,0.515,-0.46,0.619,-0.595,-0.262,0.527,0.376,0.034,-0.397,-0.115,0.272,0.406,0.747,-0.005,-0.48,-0.433,-0.46,0.143,-0.558,-0.478,0.006,0.536,0.383,0.628,0.719,-0.524,0.763,0.527,-0.457,0.717,0.557,-0.468,0.593,-0.021,0.537,0.697,-0.581,-0.206,-0.061,-0.506,-0.494,-0.465,0.54,0.109,-0.112,0.613,0.67,-0.464,0.762,-0.624,0.218,-0.374,0.462,0.406,-0.228,0.509,-0.729,-0.355,0.672,-0.274,0.699,0.347,-0.614,-0.306,-0.229,-0.262,0.648,-0.338,0.463,0.608,-0.471,0.574,0.716,0.683,-0.262,0.306,-0.281,0.171,0.366,0.623,0.163,-0.482,-0.189,0.736,-0.344,-0.425,0.623,-0.158,0.023,-0.399,0.677,0.323,0.083,0.521,0.332,-0.32,0.467,-0.274,0.073,0.577,-0.169,0.235,-0.122,-0.625,0.617,0.273,0.149,0.549,-0.411,0.126,-0.02,0.712,-0.507,0.12,-0.041,0.757,-0.437,0.487,0.01,-0.305,-0.543,-0.047,-0.513,0.585,-0.499,0.707,0.811,0.778,0.554,-0.631,0.439,0.729,0.261,0.476,0.249,0.721,-0.248,-0.204,-0.41,-0.426,-0.203,0.353,-0.265,-0.276,-0.524,0.651,-0.437,-0.012,-0.503,0.001,0.67,0.55,0.603,0.739,0.757,-0.157,-0.542,0.742,-0.447,-0.315,-0.587,0.771,-0.584,0.526,-0.546,-0.165,0.075,-0.336,-0.322,0.319,0.245
ANAB,0.755,0.757,-0.105,-0.136,-0.547,-0.443,0.551,-0.355,-0.287,-0.137,-0.673,-0.449,0.0,-0.125,-0.336,-0.382,-0.391,0.618,-0.401,0.42,0.187,-0.266,0.794,0.478,0.032,-0.695,0.058,0.155,0.279,-0.257,0.787,0.01,0.607,0.396,-0.01,-0.376,0.027,0.41,0.651,0.295,-0.305,-0.606,0.44,0.872,0.333,0.456,0.363,0.369,0.441,-0.514,-0.497,0.052,-0.693,-0.454,0.48,-0.431,-0.413,0.215,-0.663,-0.481,0.378,-0.571,0.127,-0.327,-0.291,0.463,0.474,0.192,0.652,0.562,0.489,-0.453,0.179,-0.251,-0.101,-0.393,0.437,-0.75,0.48,0.057,0.347,0.015,0.079,0.18,-0.436,0.492,0.515,-0.552,0.035,-0.659,-0.559,0.593,0.154,0.166,0.304,-0.758,0.362,-0.666,-0.733,0.169,-0.395,-0.806,-0.485,0.621,-0.006,0.442,0.369,0.001,-0.338,-0.127,0.569,0.583,-0.571,0.532,0.758,-0.272,-0.076,0.136,0.072,-0.321,0.011,0.173,-0.529,-0.504,0.043,-0.576,0.415,0.195,-0.646,0.431,0.244,0.104,0.689,-0.379,-0.278,0.026,-0.058,0.04,-0.208,-0.146,-0.602,0.438,-0.461,0.2,-0.615,0.506,-0.473,0.316,0.791,0.263,0.239,0.734,-0.582,0.752,-0.859,-0.614,-0.586,-0.568,0.699,-0.608,-0.799,-0.078,-0.658,-0.507,-0.681,0.213,0.427,0.606,0.782,0.409,0.041,0.452,0.54,0.579,-0.657,0.73,0.598,0.237,-0.462,-0.634,-0.623,-0.381,-0.591,-0.652,0.264,0.267,-0.789,0.509,0.366,0.758,-0.533,0.689,-0.448,0.712,0.619,-0.15,0.485,0.573,0.08,-0.343
ANDE,-0.057,-0.021,0.337,0.488,0.319,-0.375,0.332,-0.023,0.399,0.46,-0.026,0.425,-0.125,0.0,-0.221,0.034,-0.108,0.459,-0.239,0.255,0.445,-0.055,-0.003,0.318,0.491,0.303,-0.005,0.053,0.428,-0.066,0.045,0.21,-0.015,0.504,0.062,0.201,0.618,0.373,0.155,0.472,-0.08,0.431,0.392,-0.031,0.182,0.314,-0.292,0.174,0.22,0.218,0.471,-0.133,-0.054,0.412,0.152,0.089,-0.004,0.232,0.189,-0.143,0.26,-0.172,0.456,0.224,0.115,0.23,0.427,0.429,0.25,0.287,0.269,0.225,0.553,0.475,0.159,0.366,0.367,0.172,0.154,0.395,0.35,0.341,0.331,0.415,0.645,0.04,0.302,0.004,-0.018,-0.001,0.448,0.132,0.378,0.475,0.339,0.415,0.408,0.292,0.106,0.048,0.156,0.24,-0.073,-0.094,-0.308,0.478,0.405,-0.259,0.255,0.28,0.314,0.304,0.379,0.456,-0.188,-0.098,0.371,0.585,0.41,0.549,0.218,0.366,0.442,-0.114,0.046,0.034,0.441,0.209,0.219,0.389,0.08,0.557,0.026,0.488,0.182,-0.19,-0.107,0.102,0.532,0.365,-0.085,0.273,0.575,0.302,-0.037,0.243,0.033,0.159,0.178,0.085,0.336,0.18,-0.114,0.205,0.255,0.376,0.057,-0.255,0.113,0.624,0.228,0.669,0.173,0.42,0.015,0.277,0.522,0.182,-0.112,0.484,-0.035,0.547,0.414,0.321,-0.126,-0.131,0.147,0.136,0.05,0.304,0.227,0.292,0.169,0.102,0.398,0.185,0.141,0.277,0.492,0.079,0.242,0.147,-0.098,0.129,-0.125,0.333,0.425,0.356,0.255,0.455
APLS,-0.48,-0.337,-0.017,0.223,0.406,0.577,-0.281,0.185,0.166,0.057,0.573,0.335,-0.336,-0.221,0.0,0.291,0.545,-0.368,0.774,-0.299,-0.049,0.622,-0.54,-0.34,-0.068,0.205,0.111,-0.124,-0.161,0.657,-0.298,0.157,-0.215,-0.326,0.145,0.385,-0.172,-0.317,-0.571,-0.411,0.68,0.386,-0.245,-0.528,-0.144,-0.365,-0.01,-0.336,-0.289,0.293,0.385,0.568,0.615,0.271,-0.299,0.518,0.496,-0.106,0.541,0.535,-0.25,0.521,-0.082,0.272,0.413,-0.38,-0.758,-0.063,-0.518,-0.381,-0.386,0.246,0.037,-0.133,0.116,0.564,-0.336,0.444,-0.495,-0.208,-0.165,0.101,0.071,-0.165,0.286,-0.573,-0.427,0.416,0.218,0.547,0.187,-0.397,-0.199,-0.039,-0.167,0.285,-0.292,0.508,0.485,-0.059,0.696,0.549,0.616,-0.074,0.391,-0.604,-0.097,0.015,0.368,0.2,-0.621,-0.447,0.476,-0.533,-0.395,0.308,-0.046,-0.14,-0.344,0.286,0.358,0.089,0.461,0.578,0.151,0.682,-0.395,0.097,0.451,-0.233,0.301,-0.135,-0.533,0.263,0.226,0.118,0.407,-0.078,0.12,0.191,0.488,-0.331,-0.036,0.107,0.589,-0.257,0.715,0.096,-0.329,-0.271,-0.128,-0.513,0.555,-0.475,0.485,0.486,0.659,0.635,-0.542,0.188,0.552,-0.156,0.601,0.312,0.58,0.061,-0.308,-0.55,-0.293,-0.305,0.516,-0.383,-0.443,-0.383,0.645,-0.405,-0.447,-0.355,0.057,0.53,0.593,0.323,0.536,0.484,-0.058,-0.281,0.578,-0.612,-0.586,-0.563,0.646,-0.546,0.639,-0.482,0.011,-0.195,-0.36,-0.572,-0.064,0.341
APPF,-0.559,-0.709,-0.72,0.5,-0.052,0.715,-0.605,0.793,0.599,0.127,0.778,0.661,-0.382,0.034,0.291,0.0,0.852,-0.489,0.313,-0.801,-0.198,0.68,-0.539,-0.78,-0.539,0.186,0.765,-0.793,-0.193,0.566,-0.485,0.751,-0.851,-0.511,0.593,0.317,-0.291,-0.723,0.035,0.315,0.409,0.52,-0.097,-0.361,-0.595,-0.708,0.491,-0.869,-0.812,-0.326,0.092,0.356,0.689,0.445,-0.614,0.868,0.568,-0.816,0.659,0.669,-0.724,0.784,-0.418,0.496,0.877,-0.803,-0.295,-0.37,-0.628,-0.766,-0.769,0.642,-0.26,-0.455,0.795,0.444,-0.746,0.67,-0.79,0.395,-0.785,0.271,0.202,-0.686,0.27,-0.759,-0.466,0.922,-0.259,0.865,0.13,-0.867,-0.685,-0.497,-0.706,0.588,-0.66,0.195,0.579,-0.911,0.597,0.531,0.696,-0.23,0.657,-0.507,0.032,0.609,0.653,-0.178,-0.655,-0.154,0.626,-0.564,-0.274,0.772,-0.606,-0.275,-0.739,0.462,0.213,-0.364,0.134,0.165,-0.595,0.321,-0.597,-0.259,0.491,-0.467,0.268,-0.375,-0.663,0.29,0.437,0.456,0.721,-0.809,-0.303,-0.389,0.764,-0.776,-0.256,-0.503,0.784,-0.711,0.456,-0.197,-0.3,-0.851,-0.179,-0.531,0.723,-0.673,0.592,0.645,0.727,0.67,-0.796,0.009,0.581,-0.081,0.173,-0.019,0.746,-0.676,-0.576,-0.54,-0.372,-0.416,0.386,-0.512,-0.387,-0.723,0.681,-0.301,0.024,-0.711,-0.093,0.384,0.219,0.488,0.446,0.891,-0.492,-0.89,0.64,-0.548,-0.524,-0.705,0.693,-0.749,0.345,-0.7,-0.099,-0.028,-0.578,-0.468,0.556,-0.102
ASML,-0.618,-0.59,-0.606,0.424,0.037,0.738,-0.541,0.758,0.55,0.288,0.791,0.676,-0.391,-0.108,0.545,0.852,0.0,-0.533,0.607,-0.743,-0.19,0.857,-0.613,-0.731,-0.545,0.177,0.762,-0.756,-0.024,0.701,-0.451,0.697,-0.779,-0.529,0.641,0.45,-0.355,-0.696,-0.08,0.067,0.57,0.553,-0.066,-0.38,-0.607,-0.693,0.452,-0.906,-0.793,-0.244,0.174,0.532,0.76,0.376,-0.588,0.944,0.53,-0.767,0.683,0.632,-0.752,0.79,-0.326,0.582,0.837,-0.818,-0.477,-0.264,-0.737,-0.743,-0.719,0.451,-0.236,-0.452,0.609,0.561,-0.759,0.697,-0.747,0.156,-0.708,0.459,0.397,-0.579,0.288,-0.821,-0.452,0.806,-0.118,0.871,0.131,-0.799,-0.62,-0.537,-0.632,0.551,-0.632,0.278,0.568,-0.688,0.759,0.557,0.756,-0.179,0.64,-0.613,0.097,0.595,0.598,-0.069,-0.718,-0.248,0.647,-0.615,-0.297,0.73,-0.572,-0.257,-0.808,0.416,0.219,-0.282,0.262,0.29,-0.369,0.551,-0.593,-0.13,0.456,-0.386,0.39,-0.457,-0.662,0.332,0.389,0.345,0.743,-0.622,-0.321,-0.371,0.776,-0.746,-0.341,-0.316,0.905,-0.598,0.636,-0.137,-0.331,-0.819,-0.183,-0.546,0.719,-0.675,0.62,0.686,0.888,0.728,-0.784,-0.013,0.616,-0.118,0.38,0.037,0.796,-0.515,-0.562,-0.533,-0.375,-0.453,0.508,-0.616,-0.472,-0.753,0.823,-0.367,0.044,-0.818,-0.175,0.51,0.361,0.662,0.531,0.878,-0.447,-0.851,0.674,-0.61,-0.641,-0.741,0.776,-0.819,0.553,-0.658,0.05,-0.129,-0.598,-0.535,0.41,0.018
ATRC,0.596,0.734,0.399,0.139,-0.135,-0.688,0.736,-0.458,-0.01,0.209,-0.649,-0.154,0.618,0.459,-0.368,-0.489,-0.533,0.0,-0.5,0.669,0.463,-0.394,0.692,0.739,0.603,-0.186,-0.163,0.338,0.537,-0.404,0.601,-0.128,0.636,0.801,-0.128,-0.173,0.514,0.74,0.454,0.397,-0.387,-0.187,0.568,0.596,0.387,0.698,-0.153,0.587,0.644,-0.088,-0.008,-0.195,-0.671,-0.163,0.579,-0.483,-0.476,0.538,-0.414,-0.487,0.576,-0.705,0.525,-0.08,-0.37,0.645,0.636,0.601,0.825,0.773,0.733,-0.314,0.606,0.251,-0.149,-0.146,0.754,-0.544,0.609,0.161,0.703,0.181,0.213,0.557,0.035,0.492,0.621,-0.607,0.133,-0.647,-0.016,0.703,0.609,0.576,0.621,-0.33,0.725,-0.257,-0.551,0.429,-0.262,-0.46,-0.585,0.283,-0.403,0.72,0.5,-0.363,-0.188,0.105,0.756,0.664,-0.247,0.729,0.546,-0.465,0.417,0.59,0.471,-0.036,0.256,0.482,-0.017,-0.381,0.173,-0.382,0.71,0.404,-0.357,0.682,0.165,0.612,0.678,0.025,-0.166,-0.147,-0.352,0.34,0.314,0.242,-0.636,0.704,0.129,0.506,-0.608,0.635,-0.314,0.39,0.733,0.443,0.473,0.698,-0.651,0.766,-0.52,-0.287,-0.531,-0.688,0.716,0.037,-0.509,0.447,-0.309,0.028,-0.578,0.522,0.796,0.676,0.422,0.727,-0.078,0.755,0.758,0.787,-0.648,0.538,0.434,0.444,-0.175,-0.222,-0.34,-0.174,-0.325,-0.578,0.662,0.527,-0.568,0.669,0.707,0.74,-0.316,0.748,-0.422,0.737,0.432,0.033,0.785,0.68,0.168,0.181
AVGO,-0.62,-0.375,-0.011,0.182,0.47,0.626,-0.308,0.27,0.203,0.104,0.629,0.354,-0.401,-0.239,0.774,0.313,0.607,-0.5,0.0,-0.356,-0.232,0.713,-0.686,-0.422,-0.154,0.224,0.107,-0.17,-0.093,0.747,-0.371,0.201,-0.28,-0.397,0.254,0.509,-0.303,-0.401,-0.595,-0.473,0.839,0.464,-0.344,-0.594,-0.162,-0.475,0.131,-0.371,-0.293,0.291,0.434,0.503,0.704,0.354,-0.432,0.614,0.554,-0.162,0.624,0.474,-0.333,0.647,-0.046,0.323,0.432,-0.455,-0.812,-0.167,-0.683,-0.433,-0.375,0.301,0.023,-0.162,0.121,0.65,-0.466,0.57,-0.535,-0.305,-0.207,0.1,0.103,-0.22,0.25,-0.694,-0.515,0.463,0.124,0.596,0.226,-0.433,-0.244,-0.119,-0.219,0.318,-0.39,0.542,0.602,-0.027,0.719,0.592,0.707,-0.143,0.424,-0.718,-0.145,0.212,0.352,0.314,-0.706,-0.533,0.567,-0.587,-0.475,0.373,-0.052,-0.271,-0.363,0.368,0.255,0.168,0.435,0.572,0.27,0.823,-0.49,0.142,0.499,-0.312,0.289,-0.147,-0.59,0.276,0.2,0.115,0.442,-0.056,0.158,0.211,0.562,-0.397,-0.033,0.162,0.69,-0.296,0.738,-0.059,-0.353,-0.243,-0.328,-0.544,0.638,-0.542,0.563,0.52,0.722,0.735,-0.572,0.213,0.627,-0.226,0.697,0.301,0.666,0.059,-0.378,-0.616,-0.368,-0.419,0.466,-0.464,-0.564,-0.498,0.709,-0.561,-0.404,-0.354,0.116,0.647,0.671,0.345,0.581,0.51,-0.169,-0.272,0.632,-0.604,-0.674,-0.656,0.63,-0.643,0.772,-0.492,-0.011,-0.227,-0.483,-0.631,-0.04,0.357
AVT,0.647,0.774,0.749,-0.25,0.073,-0.856,0.789,-0.865,-0.389,0.2,-0.805,-0.522,0.42,0.255,-0.299,-0.801,-0.743,0.669,-0.356,0.0,0.474,-0.604,0.62,0.958,0.751,-0.105,-0.575,0.734,0.465,-0.476,0.624,-0.511,0.771,0.81,-0.454,-0.136,0.665,0.951,0.166,-0.097,-0.38,-0.282,0.524,0.466,0.585,0.933,-0.546,0.822,0.742,0.234,0.05,-0.279,-0.724,-0.422,0.856,-0.723,-0.702,0.879,-0.571,-0.753,0.778,-0.814,0.731,-0.316,-0.771,0.913,0.391,0.738,0.768,0.926,0.895,-0.54,0.634,0.637,-0.536,-0.257,0.948,-0.688,0.878,0.073,0.918,0.053,0.128,0.82,0.078,0.717,0.756,-0.82,0.586,-0.808,0.013,0.933,0.907,0.721,0.84,-0.323,0.923,-0.138,-0.642,0.771,-0.285,-0.497,-0.765,0.267,-0.744,0.752,0.416,-0.724,-0.541,0.306,0.822,0.527,-0.451,0.807,0.319,-0.9,0.724,0.67,0.743,-0.23,0.02,0.493,0.012,-0.286,0.58,-0.226,0.866,0.466,-0.406,0.819,0.047,0.587,0.785,-0.103,-0.005,-0.505,-0.678,0.755,0.481,0.436,-0.896,0.966,0.36,0.701,-0.74,0.863,-0.316,0.408,0.565,0.76,0.574,0.71,-0.779,0.774,-0.504,-0.49,-0.667,-0.777,0.839,0.13,-0.555,0.454,-0.122,0.221,-0.753,0.803,0.859,0.739,0.381,0.812,-0.087,0.765,0.728,0.914,-0.707,0.323,0.135,0.66,-0.116,-0.223,-0.219,-0.186,-0.493,-0.772,0.789,0.845,-0.637,0.792,0.733,0.767,-0.452,0.828,-0.437,0.814,0.346,0.169,0.885,0.68,-0.243,0.322
AXDX,0.372,0.352,0.33,0.157,-0.087,-0.5,0.417,-0.395,-0.066,0.325,-0.385,-0.025,0.187,0.445,-0.049,-0.198,-0.19,0.463,-0.232,0.474,0.0,-0.132,0.344,0.511,0.373,0.003,-0.021,0.174,0.491,-0.161,0.391,0.035,0.275,0.449,-0.282,-0.105,0.674,0.58,0.209,0.257,-0.129,0.11,0.62,0.305,0.285,0.553,-0.326,0.29,0.191,-0.074,0.085,-0.026,-0.28,-0.129,0.558,-0.16,-0.401,0.359,-0.208,-0.397,0.411,-0.478,0.476,-0.027,-0.172,0.441,0.219,0.619,0.468,0.526,0.431,-0.355,0.527,0.338,-0.092,-0.012,0.557,-0.306,0.442,0.312,0.446,0.363,0.35,0.51,0.425,0.198,0.547,-0.321,0.44,-0.28,0.058,0.407,0.501,0.404,0.504,0.056,0.616,0.008,-0.372,0.207,0.083,-0.201,-0.397,0.131,-0.371,0.524,0.559,-0.506,-0.193,0.21,0.556,0.569,-0.053,0.573,0.043,-0.424,0.308,0.63,0.286,0.204,0.05,0.326,0.118,-0.262,0.262,-0.108,0.587,0.315,-0.145,0.638,0.287,0.388,0.384,0.268,0.24,-0.329,-0.233,0.212,0.242,0.243,-0.447,0.498,0.142,0.423,-0.301,0.506,-0.077,0.327,0.49,0.193,0.661,0.484,-0.411,0.421,-0.137,0.032,-0.208,-0.495,0.376,0.245,-0.217,0.387,0.023,0.164,-0.331,0.486,0.663,0.419,0.152,0.665,0.208,0.522,0.543,0.498,-0.354,0.192,0.161,0.117,-0.349,0.022,-0.129,0.185,-0.179,-0.175,0.532,0.293,-0.199,0.41,0.403,0.316,0.056,0.348,-0.332,0.346,0.349,0.233,0.613,0.407,0.171,0.172
AXSM,-0.523,-0.432,-0.401,0.579,0.243,0.659,-0.346,0.624,0.574,0.219,0.721,0.697,-0.266,-0.055,0.622,0.68,0.857,-0.394,0.713,-0.604,-0.132,0.0,-0.616,-0.596,-0.441,0.05,0.627,-0.532,0.107,0.848,-0.279,0.718,-0.52,-0.472,0.542,0.358,-0.255,-0.545,-0.217,-0.014,0.732,0.552,-0.089,-0.365,-0.337,-0.576,0.402,-0.679,-0.516,-0.12,0.386,0.727,0.735,0.508,-0.508,0.876,0.628,-0.527,0.652,0.538,-0.516,0.731,-0.108,0.466,0.759,-0.64,-0.554,-0.225,-0.654,-0.554,-0.516,0.427,0.009,-0.405,0.471,0.719,-0.627,0.635,-0.706,0.053,-0.474,0.383,0.364,-0.378,0.348,-0.848,-0.421,0.703,-0.061,0.744,0.038,-0.628,-0.494,-0.336,-0.334,0.392,-0.511,0.403,0.548,-0.486,0.735,0.595,0.824,0.029,0.617,-0.634,0.165,0.538,0.547,0.253,-0.672,-0.278,0.612,-0.5,-0.323,0.65,-0.329,-0.25,-0.629,0.613,0.25,0.084,0.398,0.418,-0.161,0.622,-0.492,0.023,0.543,-0.268,0.533,-0.304,-0.617,0.427,0.292,0.238,0.804,-0.476,-0.04,-0.04,0.703,-0.603,-0.283,0.009,0.83,-0.395,0.629,0.1,-0.174,-0.61,-0.128,-0.498,0.694,-0.509,0.557,0.689,0.869,0.724,-0.64,0.093,0.619,-0.127,0.489,0.021,0.708,-0.216,-0.411,-0.522,-0.212,-0.372,0.651,-0.433,-0.459,-0.618,0.74,-0.383,-0.038,-0.631,-0.135,0.59,0.551,0.565,0.625,0.733,-0.228,-0.64,0.666,-0.623,-0.594,-0.659,0.794,-0.665,0.688,-0.551,0.121,-0.079,-0.514,-0.527,0.259,0.079
AZN,0.86,0.822,0.109,-0.319,-0.601,-0.67,0.552,-0.546,-0.424,-0.027,-0.874,-0.631,0.794,-0.003,-0.54,-0.539,-0.613,0.692,-0.686,0.62,0.344,-0.616,0.0,0.688,0.283,-0.47,-0.158,0.343,0.275,-0.615,0.722,-0.283,0.646,0.601,-0.261,-0.462,0.273,0.638,0.661,0.271,-0.649,-0.632,0.526,0.87,0.33,0.691,-0.004,0.514,0.504,-0.392,-0.562,-0.319,-0.86,-0.677,0.711,-0.679,-0.724,0.394,-0.783,-0.634,0.484,-0.8,0.239,-0.331,-0.553,0.641,0.664,0.408,0.852,0.732,0.636,-0.59,0.196,0.085,-0.292,-0.628,0.686,-0.887,0.76,0.174,0.498,-0.017,0.025,0.335,-0.381,0.756,0.743,-0.718,0.197,-0.793,-0.374,0.747,0.425,0.327,0.423,-0.642,0.604,-0.637,-0.85,0.297,-0.552,-0.884,-0.835,0.411,-0.356,0.691,0.364,-0.289,-0.508,-0.199,0.813,0.721,-0.677,0.697,0.829,-0.577,0.083,0.397,0.323,-0.518,-0.065,0.024,-0.485,-0.57,0.062,-0.691,0.641,0.12,-0.717,0.578,0.085,0.309,0.91,-0.461,-0.216,-0.046,-0.44,0.252,-0.169,-0.141,-0.84,0.66,-0.244,0.174,-0.82,0.624,-0.59,0.301,0.741,0.402,0.447,0.871,-0.798,0.811,-0.876,-0.712,-0.786,-0.841,0.825,-0.48,-0.886,0.093,-0.709,-0.301,-0.838,0.258,0.599,0.804,0.634,0.608,-0.183,0.585,0.751,0.757,-0.81,0.849,0.511,0.388,-0.317,-0.72,-0.776,-0.391,-0.761,-0.78,0.418,0.429,-0.93,0.753,0.624,0.883,-0.665,0.824,-0.708,0.821,0.533,-0.048,0.704,0.699,0.065,-0.244
BANR,0.718,0.781,0.69,-0.237,-0.025,-0.874,0.79,-0.834,-0.394,0.208,-0.847,-0.484,0.478,0.318,-0.34,-0.78,-0.731,0.739,-0.422,0.958,0.511,-0.596,0.688,0.0,0.743,-0.165,-0.502,0.695,0.516,-0.497,0.679,-0.464,0.784,0.839,-0.452,-0.216,0.686,0.977,0.258,-0.01,-0.434,-0.322,0.591,0.55,0.578,0.955,-0.503,0.808,0.73,0.159,0.01,-0.266,-0.756,-0.456,0.86,-0.717,-0.734,0.854,-0.614,-0.766,0.78,-0.848,0.7,-0.345,-0.738,0.908,0.47,0.775,0.825,0.946,0.891,-0.576,0.66,0.603,-0.518,-0.294,0.979,-0.738,0.919,0.134,0.93,0.103,0.17,0.81,0.071,0.757,0.821,-0.839,0.534,-0.819,-0.028,0.93,0.9,0.71,0.837,-0.358,0.956,-0.183,-0.702,0.72,-0.321,-0.555,-0.792,0.317,-0.737,0.809,0.469,-0.714,-0.536,0.27,0.873,0.617,-0.468,0.853,0.387,-0.876,0.656,0.712,0.727,-0.238,0.02,0.443,-0.013,-0.304,0.562,-0.315,0.906,0.434,-0.434,0.85,0.06,0.612,0.826,-0.094,-0.026,-0.526,-0.642,0.717,0.4,0.389,-0.911,0.976,0.311,0.675,-0.765,0.872,-0.358,0.454,0.617,0.733,0.622,0.775,-0.82,0.822,-0.562,-0.489,-0.658,-0.847,0.862,0.068,-0.604,0.445,-0.182,0.182,-0.789,0.77,0.905,0.783,0.442,0.865,-0.085,0.805,0.781,0.954,-0.732,0.417,0.228,0.6,-0.158,-0.288,-0.291,-0.192,-0.54,-0.782,0.784,0.819,-0.694,0.81,0.779,0.805,-0.455,0.844,-0.498,0.844,0.373,0.202,0.924,0.711,-0.189,0.279
BBIO,0.219,0.381,0.821,0.027,0.364,-0.541,0.566,-0.637,-0.099,0.345,-0.395,-0.186,0.032,0.491,-0.068,-0.539,-0.545,0.603,-0.154,0.751,0.373,-0.441,0.283,0.743,0.0,0.348,-0.611,0.656,0.347,-0.282,0.193,-0.481,0.535,0.804,-0.287,0.14,0.647,0.764,-0.145,-0.112,-0.227,0.154,0.326,0.021,0.409,0.674,-0.654,0.658,0.616,0.571,0.365,-0.313,-0.363,-0.08,0.492,-0.456,-0.365,0.808,-0.067,-0.338,0.614,-0.454,0.72,0.027,-0.471,0.68,0.251,0.689,0.542,0.684,0.7,-0.082,0.675,0.7,-0.376,0.109,0.778,-0.258,0.569,0.03,0.829,0.041,0.088,0.663,0.363,0.416,0.445,-0.47,0.401,-0.403,0.486,0.602,0.858,0.814,0.672,0.103,0.761,0.311,-0.138,0.663,0.013,-0.011,-0.447,-0.11,-0.601,0.545,0.263,-0.7,-0.122,0.427,0.503,0.29,0.085,0.516,0.046,-0.668,0.816,0.704,0.724,0.028,0.38,0.514,0.433,0.053,0.444,0.102,0.664,0.444,0.072,0.592,-0.002,0.762,0.428,0.149,0.066,-0.311,-0.613,0.707,0.712,0.632,-0.535,0.76,0.699,0.643,-0.398,0.62,0.113,0.308,0.293,0.603,0.382,0.394,-0.394,0.465,-0.049,-0.033,-0.333,-0.448,0.466,0.517,-0.062,0.595,0.212,0.649,-0.296,0.686,0.696,0.388,-0.064,0.648,-0.038,0.645,0.531,0.684,-0.324,0.023,-0.123,0.546,0.276,0.182,0.114,-0.011,-0.103,-0.401,0.749,0.697,-0.217,0.525,0.595,0.404,-0.069,0.496,-0.098,0.519,0.068,0.037,0.686,0.349,-0.08,0.761
BCYC,-0.614,-0.411,0.334,0.303,0.413,0.224,-0.19,0.146,0.373,0.435,0.465,0.36,-0.695,0.303,0.205,0.186,0.177,-0.186,0.224,-0.105,0.003,0.05,-0.47,-0.165,0.348,0.0,-0.212,-0.03,-0.028,-0.004,-0.75,-0.224,-0.374,0.003,0.107,0.501,0.152,-0.101,-0.448,-0.088,0.024,0.711,-0.163,-0.672,-0.393,-0.208,-0.394,-0.135,-0.241,0.537,0.404,-0.407,0.358,0.394,-0.275,0.229,0.143,-0.009,0.654,0.439,-0.306,0.289,0.191,0.594,0.095,-0.257,-0.149,0.18,-0.285,-0.256,-0.149,0.394,0.032,0.352,0.113,0.346,-0.121,0.61,-0.256,-0.115,-0.045,0.15,0.097,-0.064,0.44,-0.333,-0.314,0.297,-0.081,0.407,0.891,-0.296,0.166,0.041,-0.117,0.746,-0.061,0.531,0.593,0.048,0.344,0.629,0.162,-0.839,-0.181,-0.072,-0.123,-0.151,0.272,0.145,-0.271,-0.355,0.582,-0.343,-0.455,0.114,0.306,0.203,0.026,0.22,0.375,0.119,0.561,0.278,-0.078,0.516,-0.111,0.122,0.489,-0.121,-0.252,0.115,-0.369,0.281,0.042,0.165,-0.303,0.139,0.379,0.152,0.344,-0.147,0.648,-0.0,0.41,-0.23,0.554,-0.347,-0.446,-0.102,-0.105,-0.414,0.33,-0.486,0.733,0.551,0.381,0.306,-0.447,0.716,0.66,0.47,0.477,0.726,0.561,-0.069,-0.113,-0.267,-0.893,-0.108,-0.067,-0.275,-0.213,-0.306,0.477,-0.482,-0.371,-0.086,0.561,0.682,0.36,0.368,0.513,0.45,-0.0,-0.038,0.567,-0.069,-0.148,-0.417,0.387,-0.375,0.43,-0.31,-0.382,-0.098,-0.144,-0.285,0.235,0.588
BHFAP,-0.162,-0.264,-0.78,0.4,-0.324,0.378,-0.264,0.666,0.514,0.207,0.401,0.571,0.058,-0.005,0.111,0.765,0.762,-0.163,0.107,-0.575,-0.021,0.627,-0.158,-0.502,-0.611,-0.212,0.0,-0.797,0.115,0.395,-0.032,0.844,-0.617,-0.317,0.671,0.147,-0.174,-0.464,0.463,0.488,0.237,0.222,0.242,0.129,-0.523,-0.416,0.622,-0.772,-0.666,-0.693,-0.093,0.47,0.318,0.176,-0.303,0.703,0.228,-0.759,0.256,0.321,-0.581,0.434,-0.305,0.333,0.724,-0.596,-0.027,-0.15,-0.321,-0.477,-0.508,0.264,-0.125,-0.565,0.713,0.242,-0.522,0.306,-0.49,0.455,-0.617,0.498,0.446,-0.498,0.08,-0.523,-0.112,0.567,-0.155,0.511,-0.225,-0.541,-0.561,-0.532,-0.488,0.257,-0.407,-0.188,0.1,-0.8,0.421,0.104,0.408,0.151,0.528,-0.203,0.362,0.603,0.404,-0.261,-0.297,0.213,0.29,-0.235,0.118,0.614,-0.706,-0.12,-0.772,0.286,0.111,-0.326,-0.138,-0.168,-0.553,0.032,-0.289,-0.149,0.042,-0.112,0.46,-0.4,-0.281,0.188,0.366,0.309,0.741,-0.764,-0.519,-0.592,0.458,-0.533,-0.589,-0.333,0.527,-0.427,0.153,0.019,0.078,-0.801,0.1,-0.133,0.326,-0.288,0.173,0.353,0.512,0.326,-0.411,-0.323,0.154,-0.046,-0.114,-0.34,0.37,-0.54,-0.272,-0.103,0.061,-0.132,0.414,-0.296,-0.047,-0.436,0.364,0.091,0.424,-0.75,-0.505,0.078,-0.075,0.486,0.169,0.598,-0.344,-0.814,0.237,-0.259,-0.281,-0.295,0.46,-0.41,0.059,-0.332,0.324,-0.019,-0.287,-0.084,0.53,-0.326
BKR,0.435,0.473,0.808,-0.349,0.302,-0.543,0.425,-0.766,-0.495,-0.028,-0.588,-0.52,0.155,0.053,-0.124,-0.793,-0.756,0.338,-0.17,0.734,0.174,-0.532,0.343,0.695,0.656,-0.03,-0.797,0.0,0.113,-0.313,0.383,-0.701,0.74,0.467,-0.548,-0.291,0.426,0.695,-0.294,-0.503,-0.225,-0.28,0.059,0.082,0.644,0.675,-0.699,0.784,0.711,0.537,0.16,-0.173,-0.42,-0.393,0.587,-0.723,-0.392,0.887,-0.408,-0.506,0.758,-0.514,0.58,-0.423,-0.771,0.814,0.055,0.381,0.471,0.703,0.716,-0.382,0.333,0.633,-0.722,-0.154,0.713,-0.528,0.665,-0.183,0.786,-0.289,-0.203,0.707,0.028,0.584,0.452,-0.621,0.443,-0.618,0.032,0.717,0.752,0.687,0.763,-0.315,0.645,0.19,-0.337,0.794,-0.34,-0.254,-0.494,0.201,-0.611,0.348,0.04,-0.678,-0.532,0.49,0.474,0.102,-0.37,0.501,0.063,-0.775,0.765,0.394,0.795,-0.204,-0.103,0.358,0.135,0.199,0.579,-0.062,0.585,0.241,-0.148,0.452,-0.049,0.54,0.537,-0.246,-0.093,-0.483,-0.608,0.861,0.53,0.638,-0.647,0.762,0.446,0.626,-0.604,0.699,-0.155,0.396,0.201,0.77,0.273,0.401,-0.449,0.534,-0.327,-0.373,-0.534,-0.476,0.627,0.214,-0.281,0.117,0.13,0.299,-0.569,0.734,0.531,0.369,0.236,0.419,-0.117,0.554,0.33,0.637,-0.439,0.061,-0.277,0.707,0.249,-0.15,0.068,-0.282,-0.263,-0.694,0.62,0.814,-0.419,0.433,0.461,0.473,-0.386,0.597,-0.145,0.565,0.028,0.145,0.509,0.203,-0.536,0.332
BLDP,0.316,0.49,0.332,0.332,-0.025,-0.495,0.535,-0.23,0.246,0.676,-0.336,0.18,0.279,0.428,-0.161,-0.193,-0.024,0.537,-0.093,0.465,0.491,0.107,0.275,0.516,0.347,-0.028,0.115,0.113,0.0,-0.01,0.426,0.177,0.299,0.553,0.091,0.061,0.55,0.557,0.342,0.231,-0.095,0.266,0.79,0.428,0.171,0.525,-0.156,0.22,0.263,-0.058,0.216,0.133,-0.256,-0.03,0.445,-0.012,-0.422,0.294,-0.103,-0.435,0.275,-0.361,0.706,0.246,-0.17,0.383,0.328,0.668,0.413,0.548,0.562,-0.323,0.557,0.367,-0.067,0.211,0.464,-0.18,0.438,0.287,0.476,0.729,0.768,0.528,0.371,0.101,0.625,-0.325,0.303,-0.26,0.112,0.478,0.518,0.271,0.529,0.04,0.574,0.021,-0.343,0.281,0.171,-0.146,-0.255,0.175,-0.379,0.513,0.758,-0.115,-0.069,0.407,0.53,0.584,0.032,0.62,0.199,-0.323,0.376,0.597,0.192,0.27,0.12,0.483,0.328,-0.165,0.282,0.094,0.615,0.588,-0.039,0.732,0.441,0.293,0.453,0.356,0.104,-0.375,-0.099,0.312,0.292,0.175,-0.375,0.478,0.093,0.605,-0.121,0.639,0.056,0.462,0.561,0.21,0.553,0.498,-0.371,0.527,-0.112,0.152,-0.037,-0.439,0.433,0.18,-0.176,0.493,0.138,0.133,-0.251,0.529,0.61,0.538,0.199,0.627,0.358,0.43,0.506,0.417,-0.18,0.167,0.582,0.027,-0.383,0.205,-0.025,0.437,-0.083,-0.172,0.594,0.292,-0.202,0.528,0.402,0.346,0.131,0.351,0.004,0.51,0.478,0.158,0.574,0.457,0.239,0.278
BLFS,-0.482,-0.438,-0.238,0.404,0.434,0.608,-0.333,0.47,0.426,0.081,0.658,0.515,-0.257,-0.066,0.657,0.566,0.701,-0.404,0.747,-0.476,-0.161,0.848,-0.615,-0.497,-0.282,-0.004,0.395,-0.313,-0.01,0.0,-0.177,0.58,-0.376,-0.391,0.358,0.38,-0.252,-0.47,-0.374,-0.204,0.859,0.435,-0.177,-0.422,-0.037,-0.503,0.293,-0.484,-0.308,0.105,0.461,0.768,0.735,0.491,-0.464,0.752,0.72,-0.327,0.623,0.447,-0.24,0.724,-0.073,0.353,0.669,-0.458,-0.603,-0.306,-0.588,-0.446,-0.403,0.519,0.055,-0.304,0.306,0.777,-0.526,0.559,-0.63,0.029,-0.338,0.138,0.133,-0.21,0.415,-0.707,-0.421,0.678,0.055,0.684,0.059,-0.544,-0.388,-0.049,-0.249,0.346,-0.464,0.545,0.572,-0.341,0.734,0.622,0.844,0.132,0.645,-0.681,0.025,0.425,0.499,0.346,-0.67,-0.321,0.592,-0.441,-0.418,0.523,-0.171,-0.288,-0.391,0.642,0.246,0.175,0.423,0.548,0.016,0.64,-0.504,-0.012,0.625,-0.322,0.522,-0.116,-0.611,0.414,0.355,0.13,0.785,-0.323,0.149,0.21,0.626,-0.484,-0.161,0.087,0.716,-0.321,0.692,0.175,-0.184,-0.396,-0.21,-0.467,0.703,-0.432,0.537,0.628,0.766,0.726,-0.533,0.167,0.616,-0.205,0.58,0.1,0.637,-0.069,-0.395,-0.611,-0.117,-0.379,0.587,-0.255,-0.497,-0.486,0.673,-0.493,-0.252,-0.402,0.04,0.544,0.69,0.42,0.526,0.606,-0.113,-0.453,0.647,-0.648,-0.515,-0.644,0.737,-0.589,0.658,-0.496,-0.008,0.037,-0.492,-0.569,0.151,0.188
