,ABAT,ACLS,ACMR,ADMA,ADUS,ADVM,AEIS,AGNCM,AHCO,ALGT,ALLO,AMSF,ANAB,ANDE,APLS,APPF,ASML,ATRC,AVGO,AVT,AXDX,AXSM,AZN,BANR,BBIO,BCYC,BHFAP,BKR,BLDP,BLFS,BLKB,BLMN,BNTX,BPMC,CALM,CAMT,CASH,CATY,CCEP,CDLX,CDNS,CENN,CENX,CGC,CHDN,CLBK,COKE,COLB,COO,CORT,CRMT,CRNX,CRTO,CRVL,CSCO,CSQ,CSWI,CVBF,CWST,CYCC,CZR,DLTR,DORM,ENTA,EQIX,ERIC,EVRG,EWBC,EXAS,EXLS,EXPI,EYE,FBNC,FBRX,FCNCA,FELE,FIBK,FLEX,FRGT,FRHC,FRME,FWONA,FWONK,GDEN,GIII,GILD,GLNG,GNTX,GOOGL,GRPN,HCSG,HIMX,HOPE,HST,HTLD,HUT,HWC,ICUI,IESC,INTC,INTU,IOVA,IPAR,IPGP,ISRG,JBSS,KALU,KPRX,KRNT,LAUR,LBRDA,LBTYK,LECO,LILAK,LITE,MANH,MDXG,MFIC,MGEE,MIDD,MLAB,MMSI,MNKD,MOMO,MRVL,NICE,NMFC,NUWE,NVCR,NWBI,OFIX,OFLX,OMCL,OPK,ORKA,ORLY,OTTR,PDD,PNTG,POOL,POWL,PPBI,PPC,PRAA,PRPL,PZZA,QTRX,QURE,RDFN,RDHL,REAL,REG,REYN,RGLD,RIOT,RUN,RYTM,SAIA,SBAC,SBRA,SCVL,SHOO,SLAB,SLDB,SMCI,SMTC,SRCE,SSP,SSRM,STBA,STRO,SVC,SYBT,TCBI,TCOM,TENX,TH,TMUS,TNDM,TTD,TTMI,UAL,ULH,ULTA,VCYT,VIRT,VKTX,VOD,VRDN,VREX,VRNT,VSAT,WB,WBD,WDC,WEN,WSFS,XXII,Z,ZBRA
ABAT,0.0,0.784,0.155,0.108,0.688,0.668,0.523,-0.162,0.274,-0.015,0.829,0.041,0.318,-0.086,0.168,-0.042,0.288,0.371,0.604,0.617,0.464,-0.233,0.295,-0.041,0.675,0.664,0.706,-0.425,0.296,0.442,0.097,0.728,0.368,0.515,-0.393,0.401,-0.061,-0.018,-0.077,0.625,-0.006,0.426,-0.411,0.531,0.394,0.224,-0.09,0.122,0.768,0.159,0.101,0.663,-0.267,-0.187,0.266,0.129,-0.089,-0.222,-0.267,0.567,0.798,-0.082,0.275,0.573,-0.063,0.415,-0.463,-0.105,0.218,0.239,0.765,0.388,0.067,-0.276,-0.318,0.262,-0.07,-0.138,0.524,-0.612,-0.125,0.062,-0.016,-0.478,0.7,0.623,0.379,0.703,0.247,0.556,0.477,0.659,0.1,0.423,-0.178,-0.422,0.184,0.378,0.013,0.27,0.103,0.745,0.143,0.75,-0.445,0.632,0.448,0.663,-0.285,-0.301,0.568,0.593,0.515,0.487,-0.24,0.503,-0.639,-0.383,-0.358,0.359,0.719,-0.439,0.425,0.417,0.1,0.559,-0.358,0.583,0.025,-0.022,0.07,0.577,0.827,-0.45,0.465,0.243,0.177,0.209,0.525,0.211,0.484,0.07,0.226,0.572,0.196,0.721,0.73,0.512,0.783,0.68,-0.167,-0.23,-0.371,-0.337,0.023,0.463,0.403,0.28,0.193,0.422,0.607,0.721,0.556,0.802,-0.149,0.118,0.115,0.632,-0.225,-0.027,0.666,0.789,-0.002,0.002,0.297,-0.131,0.087,-0.046,0.473,0.195,0.527,-0.425,0.353,0.763,-0.066,-0.557,0.692,0.388,0.753,-0.253,0.322,0.603,-0.089,-0.357,0.308,0.702,-0.189,0.477,-0.315,0.37
ACLS,0.784,0.0,0.444,0.02,0.851,0.833,0.454,-0.424,0.189,-0.424,0.942,-0.082,0.002,-0.131,-0.176,-0.42,0.102,0.51,0.884,0.693,0.743,-0.518,-0.036,-0.232,0.39,0.881,0.848,-0.479,0.166,0.384,-0.081,0.796,-0.008,0.71,-0.658,0.652,-0.357,-0.235,-0.428,0.749,-0.227,0.6,-0.575,0.671,0.542,0.169,-0.474,-0.144,0.698,-0.038,-0.266,0.759,-0.656,-0.389,-0.063,-0.065,-0.29,-0.488,-0.536,0.776,0.878,-0.467,-0.014,0.866,-0.463,0.327,-0.766,-0.388,0.046,-0.032,0.681,0.168,-0.229,-0.531,-0.509,0.123,-0.372,-0.157,0.826,-0.8,-0.331,-0.245,-0.344,-0.68,0.719,0.666,0.182,0.45,0.481,0.771,0.24,0.923,-0.042,0.232,-0.477,-0.75,-0.033,0.686,-0.246,0.387,0.247,0.898,-0.171,0.886,-0.631,0.628,0.508,0.735,-0.453,-0.464,0.87,0.842,0.345,0.718,-0.469,0.192,-0.887,-0.69,-0.567,0.127,0.728,-0.53,0.775,0.688,0.052,0.43,-0.718,0.715,-0.074,-0.166,-0.025,0.821,0.898,-0.636,0.779,-0.048,0.29,0.545,0.698,-0.029,0.754,-0.126,0.596,0.789,-0.157,0.913,0.92,0.656,0.779,0.569,-0.515,-0.51,-0.676,-0.209,0.048,0.444,0.41,0.179,-0.205,0.377,0.811,0.58,0.494,0.749,-0.373,-0.216,0.07,0.83,-0.135,-0.215,0.885,0.941,-0.286,-0.343,0.505,-0.401,0.129,-0.451,0.651,0.088,0.547,-0.713,0.227,0.698,-0.378,-0.771,0.913,0.37,0.869,-0.473,0.047,0.596,-0.176,-0.645,0.132,0.881,-0.464,0.617,-0.627,0.134
ACMR,0.155,0.444,0.0,0.197,0.41,0.381,-0.112,-0.646,0.092,-0.503,0.353,-0.058,-0.443,0.133,-0.68,-0.663,-0.473,0.183,0.593,0.165,0.601,-0.522,-0.645,-0.181,-0.263,0.607,0.559,-0.1,-0.525,-0.196,0.06,0.314,-0.471,0.285,-0.661,0.481,-0.375,-0.128,-0.29,0.011,-0.311,0.548,-0.421,0.372,0.379,0.32,-0.648,-0.182,-0.108,-0.311,-0.516,0.287,-0.671,-0.166,-0.444,-0.275,-0.1,-0.305,-0.524,0.181,0.356,-0.783,-0.45,0.667,-0.631,-0.196,-0.477,-0.398,-0.488,-0.222,0.058,-0.166,-0.258,-0.723,-0.16,0.028,-0.398,0.101,0.528,-0.5,-0.088,-0.59,-0.646,-0.334,0.07,0.158,-0.329,-0.121,0.434,0.307,-0.418,0.406,-0.005,-0.342,-0.34,-0.54,-0.062,0.691,-0.513,0.656,0.467,0.361,-0.566,0.306,-0.318,-0.135,0.203,0.176,-0.154,-0.133,0.637,0.363,-0.14,0.255,-0.287,-0.282,-0.557,-0.593,-0.288,-0.214,-0.094,-0.242,0.687,0.341,-0.29,-0.017,-0.537,0.371,-0.709,0.004,-0.245,0.627,0.31,-0.159,0.49,-0.323,0.132,0.666,0.274,-0.314,0.624,-0.07,0.428,0.6,-0.735,0.391,0.392,0.25,0.142,-0.216,-0.771,-0.499,-0.502,-0.022,0.13,-0.126,0.185,-0.141,-0.458,0.118,0.478,-0.281,-0.098,0.09,-0.626,-0.668,0.176,0.332,-0.247,-0.113,0.524,0.392,-0.375,-0.366,0.065,-0.788,0.367,-0.682,-0.032,-0.324,0.153,-0.547,-0.082,-0.116,-0.626,-0.561,0.543,-0.031,0.386,-0.492,-0.128,-0.124,-0.483,-0.494,-0.411,0.414,-0.332,0.352,-0.463,-0.399
ADMA,0.108,0.02,0.197,0.0,0.232,-0.067,0.321,0.07,0.637,0.222,0.08,0.578,0.336,0.37,0.178,0.218,-0.161,0.479,0.118,0.117,-0.176,0.258,0.03,0.528,0.256,0.137,0.011,0.497,-0.44,0.367,0.727,-0.163,0.256,0.364,0.171,0.282,0.461,0.495,0.253,0.187,0.387,0.211,0.074,-0.234,0.224,0.583,0.347,0.445,-0.005,0.729,0.248,0.384,0.197,0.583,0.432,0.544,0.631,0.481,0.319,-0.083,0.232,-0.262,0.272,-0.017,0.232,-0.148,0.376,0.372,-0.304,0.616,0.244,0.15,0.477,0.045,0.408,0.475,0.378,0.519,-0.025,0.301,0.535,0.101,0.07,0.453,0.008,0.392,0.208,0.069,0.167,0.19,0.341,-0.076,0.498,0.26,0.363,0.253,0.518,0.145,0.394,0.278,0.355,-0.095,0.129,0.071,0.538,0.076,0.368,0.364,0.498,0.483,0.161,0.045,0.323,-0.308,0.595,0.4,-0.101,0.126,0.458,0.247,-0.082,0.48,0.044,-0.419,0.273,0.543,0.281,0.092,-0.16,0.517,0.653,0.015,-0.025,0.248,-0.03,0.362,-0.116,-0.217,0.272,0.163,0.307,0.559,0.191,-0.025,0.042,-0.09,0.191,0.233,-0.082,-0.198,0.019,0.394,0.286,-0.067,0.581,-0.446,0.658,0.331,0.033,0.669,0.184,-0.049,0.091,0.226,0.005,0.192,0.532,0.106,-0.374,0.542,0.177,0.151,0.48,0.404,-0.082,-0.017,0.418,0.27,-0.087,0.348,0.455,0.243,0.439,-0.101,0.2,0.292,0.162,-0.157,0.274,0.268,0.569,-0.138,-0.251,0.257,0.015,-0.148,0.389,0.15,0.392,0.4
ADUS,0.688,0.851,0.41,0.232,0.0,0.665,0.698,-0.248,0.369,-0.195,0.866,0.234,0.271,0.198,0.066,-0.161,0.021,0.758,0.804,0.83,0.537,-0.332,0.0,0.083,0.489,0.734,0.675,-0.136,0.044,0.565,0.214,0.757,0.136,0.807,-0.388,0.607,-0.023,0.105,-0.277,0.723,0.037,0.482,-0.227,0.438,0.758,0.398,-0.201,0.172,0.673,0.231,0.016,0.775,-0.419,-0.006,0.201,0.231,0.079,-0.141,-0.219,0.598,0.898,-0.429,0.203,0.689,-0.234,0.352,-0.51,-0.057,-0.056,0.246,0.77,0.306,0.087,-0.309,-0.112,0.423,-0.034,0.206,0.776,-0.551,-0.003,-0.072,-0.174,-0.448,0.701,0.749,0.402,0.521,0.44,0.766,0.395,0.828,0.306,0.451,-0.204,-0.553,0.293,0.591,0.056,0.474,0.211,0.823,0.027,0.909,-0.374,0.739,0.754,0.696,-0.137,-0.133,0.8,0.775,0.607,0.583,-0.234,0.42,-0.725,-0.427,-0.388,0.418,0.75,-0.18,0.676,0.429,0.303,0.512,-0.47,0.48,0.021,0.169,0.272,0.746,0.836,-0.628,0.582,0.208,0.506,0.346,0.601,0.199,0.75,0.251,0.594,0.681,-0.034,0.82,0.891,0.696,0.774,0.541,-0.295,-0.217,-0.42,-0.06,0.245,0.214,0.683,0.485,-0.167,0.534,0.714,0.542,0.682,0.795,-0.197,-0.002,0.374,0.875,-0.171,0.139,0.755,0.891,0.05,-0.107,0.536,-0.242,0.15,-0.24,0.643,0.284,0.776,-0.418,0.53,0.603,-0.118,-0.506,0.847,0.395,0.827,-0.166,0.24,0.577,-0.021,-0.401,0.34,0.789,-0.123,0.614,-0.356,0.362
ADVM,0.668,0.833,0.381,-0.067,0.665,0.0,0.157,-0.482,0.254,-0.503,0.855,0.008,-0.245,-0.116,-0.31,-0.535,-0.021,0.46,0.87,0.42,0.849,-0.538,-0.255,-0.25,0.167,0.915,0.907,-0.444,0.0,0.031,-0.223,0.585,-0.276,0.557,-0.765,0.741,-0.406,-0.258,-0.615,0.494,-0.54,0.776,-0.631,0.451,0.388,0.169,-0.601,-0.194,0.488,-0.181,-0.453,0.694,-0.754,-0.415,-0.124,-0.121,-0.335,-0.527,-0.636,0.757,0.702,-0.551,-0.264,0.865,-0.622,0.121,-0.787,-0.573,-0.196,-0.138,0.43,-0.142,-0.361,-0.703,-0.621,0.068,-0.485,-0.463,0.631,-0.731,-0.28,-0.478,-0.527,-0.566,0.637,0.614,-0.168,0.238,0.746,0.545,0.194,0.778,-0.092,-0.049,-0.379,-0.575,-0.062,0.735,-0.311,0.425,0.499,0.706,-0.43,0.647,-0.647,0.458,0.4,0.624,-0.342,-0.647,0.867,0.666,0.155,0.437,-0.42,0.065,-0.842,-0.725,-0.359,-0.163,0.489,-0.592,0.739,0.773,-0.129,0.459,-0.666,0.838,-0.137,-0.154,-0.101,0.892,0.814,-0.39,0.885,-0.036,0.103,0.703,0.792,-0.303,0.793,-0.212,0.619,0.898,-0.347,0.71,0.81,0.747,0.505,0.445,-0.622,-0.533,-0.779,-0.411,0.26,0.196,0.382,0.007,-0.351,0.326,0.877,0.44,0.261,0.456,-0.631,-0.376,0.08,0.531,-0.417,-0.256,0.933,0.787,-0.321,-0.253,0.207,-0.389,0.359,-0.409,0.326,-0.144,0.496,-0.752,0.187,0.727,-0.509,-0.764,0.772,0.105,0.815,-0.732,0.05,0.223,-0.403,-0.701,-0.103,0.709,-0.505,0.536,-0.709,0.019
AEIS,0.523,0.454,-0.112,0.321,0.698,0.157,0.0,0.337,0.374,0.412,0.498,0.465,0.761,0.417,0.67,0.509,0.428,0.72,0.337,0.869,-0.107,0.179,0.469,0.474,0.796,0.164,0.155,0.239,0.254,0.807,0.51,0.508,0.655,0.645,0.286,0.199,0.513,0.486,0.249,0.593,0.616,0.031,0.256,0.055,0.715,0.382,0.458,0.566,0.688,0.681,0.636,0.525,0.247,0.451,0.679,0.679,0.51,0.376,0.433,0.254,0.664,0.179,0.639,0.07,0.421,0.497,0.066,0.512,0.174,0.651,0.764,0.55,0.566,0.351,0.37,0.684,0.525,0.558,0.389,-0.019,0.359,0.501,0.435,0.008,0.645,0.681,0.861,0.686,-0.005,0.553,0.693,0.457,0.581,0.87,0.268,-0.073,0.596,0.031,0.592,0.273,-0.14,0.478,0.626,0.725,0.119,0.867,0.779,0.444,0.236,0.379,0.242,0.427,0.902,0.277,0.221,0.807,-0.172,0.244,-0.039,0.85,0.751,0.312,0.111,-0.074,0.747,0.564,0.143,-0.065,0.508,0.441,0.615,0.203,0.549,-0.443,-0.037,0.626,0.508,-0.322,0.198,0.674,0.301,0.608,0.132,0.111,0.508,0.448,0.521,0.511,0.667,0.599,0.387,0.317,0.217,0.14,0.219,0.127,0.695,0.769,0.221,0.495,0.306,0.699,0.904,0.774,0.446,0.602,0.469,0.692,-0.039,0.516,0.234,0.58,0.555,0.324,0.504,0.368,-0.15,0.358,0.644,0.697,0.794,0.224,0.783,0.511,0.501,0.109,0.404,0.465,0.48,0.462,0.522,0.697,0.405,0.233,0.759,0.421,0.408,0.37,0.274,0.791
AGNCM,-0.162,-0.424,-0.646,0.07,-0.248,-0.482,0.337,0.0,-0.045,0.639,-0.31,0.245,0.639,0.244,0.8,0.781,0.443,0.078,-0.517,0.125,-0.749,0.461,0.645,0.377,0.428,-0.603,-0.541,0.378,0.427,0.41,0.195,-0.19,0.656,-0.097,0.785,-0.435,0.568,0.341,0.497,-0.034,0.553,-0.468,0.565,-0.347,-0.025,-0.113,0.764,0.359,0.188,0.542,0.736,-0.243,0.765,0.495,0.587,0.51,0.455,0.523,0.712,-0.224,-0.23,0.742,0.461,-0.715,0.851,0.291,0.636,0.602,0.427,0.443,-0.002,0.4,0.421,0.821,0.516,0.209,0.588,0.334,-0.422,0.598,0.314,0.671,0.711,0.435,-0.2,0.075,0.584,0.149,-0.492,-0.089,0.374,-0.301,0.231,0.529,0.495,0.562,0.259,-0.68,0.785,-0.253,-0.503,-0.278,0.708,-0.12,0.506,0.233,0.003,-0.221,0.345,0.478,-0.59,-0.24,0.397,-0.3,0.438,0.403,0.57,0.777,0.297,0.516,0.131,0.511,-0.626,-0.409,0.537,0.091,0.691,-0.549,0.64,0.206,0.531,-0.644,-0.266,0.01,-0.614,0.454,-0.038,-0.745,-0.395,0.592,-0.513,0.348,-0.439,-0.644,0.723,-0.313,-0.301,-0.126,-0.027,0.315,0.844,0.769,0.601,0.393,0.064,-0.03,0.145,0.405,0.619,0.14,-0.543,0.258,0.307,0.066,0.754,0.827,-0.017,-0.112,0.235,0.321,-0.543,-0.3,0.498,0.39,0.161,0.748,-0.461,0.75,0.1,0.44,0.091,0.662,0.346,0.042,0.779,0.7,-0.394,0.291,-0.257,0.763,0.279,0.202,0.658,0.684,0.68,-0.349,0.514,-0.06,0.733,0.533
AHCO,0.274,0.189,0.092,0.637,0.369,0.254,0.374,-0.045,0.0,0.32,0.256,0.815,0.328,0.395,0.206,0.274,0.085,0.581,0.253,0.145,0.103,0.466,0.046,0.673,0.258,0.267,0.133,0.532,-0.463,0.282,0.746,-0.092,0.155,0.453,0.051,0.574,0.585,0.661,0.125,0.176,0.274,0.34,-0.083,-0.356,0.382,0.84,0.253,0.654,0.097,0.614,0.244,0.557,0.098,0.566,0.588,0.645,0.61,0.535,0.329,0.042,0.364,-0.229,0.343,0.119,0.045,-0.27,0.244,0.387,-0.46,0.739,0.434,-0.052,0.597,-0.053,0.354,0.745,0.457,0.252,-0.104,0.208,0.688,0.167,0.117,0.485,0.378,0.532,0.116,0.327,0.391,0.082,0.653,-0.004,0.721,0.362,0.598,0.33,0.758,0.319,0.356,0.372,0.62,-0.009,0.165,0.129,0.377,0.299,0.61,0.315,0.642,0.278,0.296,-0.021,0.517,-0.35,0.581,0.571,-0.188,0.114,0.613,0.265,0.076,0.372,0.145,-0.283,0.371,0.733,0.287,0.21,0.052,0.726,0.577,0.286,0.223,0.306,0.164,0.68,0.122,-0.17,0.483,0.008,0.475,0.654,0.205,0.203,0.084,-0.043,0.3,0.505,0.001,-0.076,0.03,0.221,0.197,-0.461,0.731,-0.493,0.662,0.483,-0.23,0.512,0.527,0.237,0.286,0.293,-0.176,0.144,0.792,0.036,-0.576,0.678,0.363,0.248,0.623,0.675,-0.293,0.101,0.751,0.402,-0.072,0.46,0.678,0.223,0.701,0.251,0.232,0.177,0.116,-0.439,0.357,0.067,0.833,-0.095,-0.408,0.227,-0.061,-0.099,0.514,0.041,0.251,0.608
ALGT,-0.015,-0.424,-0.503,0.222,-0.195,-0.503,0.412,0.639,0.32,0.0,-0.342,0.581,0.709,0.529,0.728,0.904,0.421,0.026,-0.549,0.1,-0.702,0.727,0.543,0.755,0.502,-0.57,-0.5,0.615,0.068,0.298,0.585,-0.239,0.628,-0.211,0.748,-0.417,0.879,0.782,0.759,-0.18,0.703,-0.385,0.593,-0.562,0.087,0.391,0.866,0.818,0.05,0.623,0.887,-0.171,0.835,0.716,0.792,0.642,0.697,0.858,0.846,-0.475,-0.162,0.686,0.682,-0.704,0.792,-0.0,0.791,0.877,0.096,0.763,0.216,0.331,0.872,0.736,0.77,0.619,0.881,0.496,-0.594,0.66,0.734,0.774,0.798,0.699,0.076,0.041,0.578,0.496,-0.531,-0.324,0.554,-0.491,0.671,0.607,0.799,0.707,0.724,-0.566,0.65,-0.05,-0.17,-0.394,0.817,-0.188,0.64,0.225,0.267,-0.3,0.672,0.715,-0.587,-0.482,0.585,-0.503,0.687,0.669,0.65,0.848,0.601,0.671,0.026,0.624,-0.638,-0.728,0.54,0.237,0.855,-0.57,0.464,0.676,0.48,-0.483,-0.203,0.352,-0.711,0.771,0.151,-0.862,-0.393,0.642,-0.432,0.723,-0.64,-0.538,0.674,-0.456,-0.361,-0.108,-0.076,0.071,0.812,0.665,0.813,-0.03,0.172,-0.237,0.166,0.546,0.49,0.046,-0.329,0.279,0.378,0.082,0.616,0.717,0.472,-0.24,-0.009,0.749,-0.545,-0.28,0.83,0.817,-0.286,0.694,-0.037,0.867,-0.134,0.562,0.209,0.844,0.572,-0.028,0.755,0.703,-0.526,-0.033,-0.345,0.744,0.652,0.137,0.285,0.834,0.449,-0.451,0.862,-0.345,0.832,0.691
ALLO,0.829,0.942,0.353,0.08,0.866,0.855,0.498,-0.31,0.256,-0.342,0.0,0.013,0.133,-0.072,-0.05,-0.307,0.076,0.601,0.86,0.72,0.689,-0.487,0.019,-0.18,0.469,0.867,0.849,-0.43,0.201,0.438,-0.054,0.819,0.101,0.72,-0.606,0.629,-0.268,-0.164,-0.431,0.715,-0.222,0.587,-0.481,0.623,0.556,0.194,-0.35,-0.068,0.753,0.045,-0.158,0.785,-0.56,-0.297,0.079,0.037,-0.213,-0.413,-0.467,0.747,0.906,-0.396,0.02,0.799,-0.334,0.397,-0.697,-0.338,0.097,0.067,0.705,0.248,-0.17,-0.467,-0.443,0.179,-0.274,-0.175,0.762,-0.748,-0.247,-0.183,-0.275,-0.634,0.702,0.755,0.252,0.491,0.528,0.759,0.347,0.888,0.024,0.287,-0.364,-0.653,0.05,0.613,-0.093,0.383,0.236,0.904,-0.115,0.884,-0.6,0.659,0.536,0.789,-0.366,-0.464,0.842,0.832,0.44,0.632,-0.41,0.29,-0.851,-0.604,-0.511,0.192,0.761,-0.487,0.684,0.679,0.093,0.534,-0.623,0.722,-0.025,-0.111,0.095,0.794,0.927,-0.661,0.731,0.069,0.265,0.51,0.693,0.05,0.738,-0.05,0.543,0.775,-0.055,0.886,0.941,0.721,0.805,0.677,-0.416,-0.358,-0.65,-0.203,0.126,0.41,0.525,0.261,-0.078,0.5,0.779,0.635,0.55,0.796,-0.334,-0.064,0.088,0.795,-0.243,-0.156,0.886,0.931,-0.192,-0.254,0.484,-0.294,0.118,-0.303,0.623,0.104,0.629,-0.641,0.337,0.786,-0.253,-0.701,0.918,0.42,0.925,-0.421,0.126,0.57,-0.113,-0.583,0.266,0.871,-0.395,0.719,-0.542,0.239
AMSF,0.041,-0.082,-0.058,0.578,0.234,0.008,0.465,0.245,0.815,0.581,0.013,0.0,0.438,0.721,0.402,0.51,0.055,0.575,0.035,0.205,-0.198,0.523,0.026,0.918,0.282,-0.028,-0.086,0.801,-0.466,0.218,0.79,-0.186,0.199,0.274,0.364,0.279,0.832,0.902,0.277,0.004,0.415,0.185,0.317,-0.669,0.454,0.818,0.482,0.877,-0.005,0.695,0.515,0.309,0.343,0.827,0.736,0.783,0.833,0.808,0.6,-0.176,0.158,-0.029,0.423,-0.185,0.273,-0.259,0.492,0.642,-0.535,0.822,0.276,0.008,0.798,0.204,0.682,0.892,0.734,0.449,-0.252,0.476,0.91,0.316,0.313,0.693,0.282,0.422,0.259,0.303,0.209,-0.05,0.639,-0.166,0.914,0.47,0.79,0.542,0.925,0.051,0.562,0.402,0.467,-0.197,0.358,0.03,0.57,0.355,0.692,0.035,0.873,0.566,0.05,-0.189,0.639,-0.493,0.73,0.663,0.171,0.459,0.746,0.462,0.052,0.64,-0.081,-0.506,0.517,0.594,0.567,-0.149,0.213,0.934,0.698,0.108,0.064,0.374,-0.138,0.84,0.274,-0.39,0.252,0.24,0.286,0.888,0.014,0.01,0.162,-0.227,0.066,0.44,-0.127,-0.074,0.295,0.48,0.427,-0.263,0.766,-0.677,0.692,0.666,-0.153,0.413,0.276,0.164,0.358,0.14,0.043,0.341,0.916,-0.041,-0.448,0.917,0.053,0.073,0.859,0.836,-0.311,0.342,0.534,0.612,-0.142,0.489,0.678,0.533,0.851,0.1,0.419,0.462,-0.129,-0.329,0.126,0.332,0.805,-0.132,-0.185,0.489,0.154,-0.244,0.791,-0.069,0.494,0.701
ANAB,0.318,0.002,-0.443,0.336,0.271,-0.245,0.761,0.639,0.328,0.709,0.133,0.438,0.0,0.301,0.873,0.82,0.419,0.397,-0.218,0.503,-0.501,0.492,0.711,0.553,0.777,-0.269,-0.254,0.341,0.387,0.784,0.522,0.238,0.86,0.263,0.634,-0.213,0.708,0.559,0.525,0.329,0.71,-0.38,0.466,-0.122,0.326,0.26,0.815,0.647,0.522,0.729,0.899,0.205,0.691,0.562,0.799,0.664,0.557,0.608,0.687,-0.14,0.3,0.58,0.792,-0.394,0.815,0.427,0.505,0.775,0.424,0.746,0.576,0.722,0.707,0.699,0.579,0.545,0.764,0.521,-0.103,0.33,0.448,0.814,0.771,0.28,0.224,0.397,0.887,0.667,-0.384,0.204,0.72,-0.019,0.554,0.872,0.5,0.345,0.595,-0.405,0.749,-0.097,-0.38,0.143,0.882,0.309,0.368,0.553,0.437,0.237,0.351,0.508,-0.253,0.055,0.81,-0.001,0.37,0.77,0.236,0.603,0.175,0.842,0.52,0.449,-0.359,-0.387,0.615,0.387,0.516,-0.336,0.515,0.447,0.643,-0.295,0.175,-0.209,-0.447,0.669,0.311,-0.695,-0.136,0.772,-0.203,0.646,-0.288,-0.337,0.824,0.076,0.124,0.08,0.436,0.508,0.753,0.682,0.557,0.176,0.094,0.14,0.459,0.753,0.586,0.414,-0.159,0.555,0.669,0.591,0.683,0.871,0.326,0.269,0.106,0.568,-0.212,0.139,0.689,0.519,0.273,0.595,-0.261,0.709,0.392,0.69,0.472,0.561,0.675,0.289,0.822,0.463,-0.012,0.388,0.125,0.767,0.559,0.558,0.563,0.567,0.819,0.042,0.618,0.159,0.626,0.817
ANDE,-0.086,-0.131,0.133,0.37,0.198,-0.116,0.417,0.244,0.395,0.529,-0.072,0.721,0.301,0.0,0.268,0.395,-0.062,0.427,0.011,0.351,-0.277,0.197,-0.094,0.753,0.228,-0.11,-0.06,0.721,-0.388,0.074,0.571,-0.079,0.122,0.075,0.333,0.034,0.638,0.78,0.273,-0.116,0.356,0.115,0.477,-0.479,0.541,0.633,0.353,0.715,-0.101,0.471,0.47,0.022,0.253,0.756,0.501,0.549,0.715,0.677,0.485,-0.268,0.079,-0.012,0.242,-0.216,0.269,-0.129,0.389,0.53,-0.463,0.574,0.107,0.048,0.651,0.182,0.706,0.733,0.612,0.591,-0.086,0.364,0.778,0.16,0.178,0.499,0.167,0.279,0.316,0.165,0.032,0.036,0.219,-0.097,0.781,0.321,0.563,0.3,0.736,-0.041,0.39,0.514,0.236,-0.157,0.271,0.095,0.398,0.301,0.604,-0.15,0.682,0.651,0.006,-0.106,0.529,-0.362,0.533,0.438,0.253,0.445,0.477,0.511,0.007,0.651,-0.115,-0.401,0.471,0.298,0.452,-0.3,0.118,0.789,0.506,0.074,0.024,0.228,-0.285,0.608,0.347,-0.259,-0.044,0.414,0.197,0.772,-0.107,-0.012,0.063,-0.174,-0.003,0.362,-0.093,-0.049,0.23,0.32,0.369,0.102,0.514,-0.592,0.535,0.474,-0.003,0.223,0.085,0.039,0.387,0.059,0.178,0.231,0.713,0.085,-0.221,0.769,-0.1,0.074,0.655,0.537,-0.125,0.261,0.18,0.363,-0.147,0.276,0.518,0.445,0.683,-0.072,0.248,0.393,-0.105,-0.013,0.014,0.339,0.453,-0.068,0.007,0.416,0.244,-0.144,0.654,-0.027,0.442,0.402
APLS,0.168,-0.176,-0.68,0.178,0.066,-0.31,0.67,0.8,0.206,0.728,-0.05,0.402,0.873,0.268,0.0,0.892,0.572,0.311,-0.326,0.366,-0.613,0.569,0.783,0.516,0.69,-0.439,-0.396,0.345,0.463,0.635,0.39,0.024,0.848,0.156,0.763,-0.291,0.709,0.501,0.523,0.192,0.69,-0.434,0.559,-0.298,0.174,0.088,0.857,0.573,0.427,0.727,0.881,0.04,0.78,0.562,0.79,0.705,0.554,0.596,0.771,-0.115,0.082,0.737,0.724,-0.553,0.872,0.463,0.554,0.721,0.445,0.658,0.401,0.535,0.632,0.808,0.521,0.466,0.732,0.402,-0.243,0.465,0.417,0.791,0.79,0.37,0.194,0.305,0.805,0.474,-0.376,0.056,0.697,-0.129,0.448,0.805,0.556,0.488,0.497,-0.557,0.842,-0.207,-0.468,-0.055,0.866,0.141,0.445,0.537,0.318,0.059,0.387,0.486,-0.421,-0.105,0.698,-0.164,0.455,0.728,0.4,0.726,0.284,0.761,0.419,0.506,-0.515,-0.398,0.681,0.356,0.654,-0.439,0.75,0.36,0.627,-0.437,0.021,-0.078,-0.536,0.688,0.202,-0.758,-0.207,0.714,-0.318,0.54,-0.345,-0.454,0.872,-0.112,-0.055,0.074,0.268,0.466,0.886,0.732,0.632,0.232,0.12,0.06,0.365,0.608,0.607,0.284,-0.284,0.559,0.615,0.373,0.802,0.93,0.206,0.106,0.114,0.497,-0.344,-0.044,0.69,0.556,0.229,0.815,-0.366,0.812,0.294,0.683,0.381,0.658,0.601,0.294,0.884,0.606,-0.211,0.315,-0.058,0.766,0.502,0.443,0.662,0.657,0.8,-0.143,0.62,0.002,0.7,0.796
APPF,-0.042,-0.42,-0.663,0.218,-0.161,-0.535,0.509,0.781,0.274,0.904,-0.307,0.51,0.82,0.395,0.892,0.0,0.525,0.125,-0.546,0.16,-0.78,0.783,0.72,0.662,0.531,-0.635,-0.599,0.58,0.236,0.484,0.515,-0.221,0.764,-0.075,0.87,-0.382,0.863,0.668,0.702,-0.091,0.783,-0.55,0.661,-0.522,0.068,0.205,0.955,0.711,0.146,0.717,0.934,-0.143,0.921,0.7,0.848,0.739,0.672,0.802,0.915,-0.37,-0.146,0.785,0.71,-0.754,0.908,0.173,0.788,0.864,0.292,0.756,0.227,0.396,0.788,0.889,0.719,0.53,0.869,0.489,-0.531,0.69,0.62,0.868,0.885,0.634,0.052,0.127,0.697,0.426,-0.504,-0.225,0.651,-0.434,0.568,0.726,0.771,0.695,0.619,-0.671,0.805,-0.239,-0.338,-0.338,0.888,-0.135,0.646,0.316,0.225,-0.159,0.607,0.654,-0.617,-0.4,0.606,-0.433,0.66,0.712,0.627,0.896,0.531,0.691,0.145,0.671,-0.687,-0.657,0.676,0.276,0.849,-0.602,0.678,0.542,0.604,-0.601,-0.205,0.197,-0.732,0.762,0.13,-0.909,-0.403,0.654,-0.48,0.648,-0.564,-0.655,0.821,-0.411,-0.318,-0.103,0.007,0.183,0.943,0.793,0.817,0.174,0.138,-0.15,0.219,0.57,0.559,0.131,-0.401,0.358,0.449,0.131,0.791,0.906,0.323,-0.167,0.077,0.655,-0.555,-0.287,0.822,0.733,-0.044,0.858,-0.212,0.931,0.067,0.703,0.254,0.851,0.562,0.07,0.93,0.791,-0.486,0.067,-0.316,0.855,0.597,0.237,0.534,0.871,0.634,-0.428,0.819,-0.224,0.88,0.767
ASML,0.288,0.102,-0.473,-0.161,0.021,-0.021,0.428,0.443,0.085,0.421,0.076,0.055,0.419,-0.062,0.572,0.525,0.0,0.059,-0.055,0.26,-0.287,0.422,0.701,0.109,0.484,-0.157,-0.171,0.018,0.433,0.34,0.088,0.065,0.55,0.215,0.312,-0.023,0.3,0.114,0.462,0.106,0.482,-0.157,0.111,-0.066,0.127,-0.054,0.378,0.215,0.359,0.365,0.426,0.183,0.395,0.078,0.494,0.46,0.115,0.157,0.394,0.236,0.169,0.601,0.377,-0.206,0.396,0.298,0.116,0.232,0.39,0.333,0.332,0.099,0.254,0.468,0.015,0.233,0.233,0.038,-0.133,0.15,0.063,0.578,0.581,0.106,0.429,0.309,0.464,0.415,-0.219,0.021,0.553,0.047,0.092,0.536,0.316,0.158,0.169,-0.359,0.359,-0.132,-0.206,0.029,0.577,0.168,0.168,0.445,0.169,0.073,0.059,0.037,-0.214,-0.053,0.36,-0.072,0.243,0.506,0.17,0.346,0.114,0.353,0.332,0.058,-0.203,-0.066,0.573,0.213,0.319,-0.102,0.72,0.031,0.126,-0.191,0.172,-0.148,-0.187,0.462,0.013,-0.452,-0.146,0.322,-0.182,0.078,-0.295,-0.236,0.581,-0.027,-0.016,0.181,0.284,0.341,0.527,0.214,0.305,-0.025,-0.095,0.264,0.022,0.224,0.265,-0.109,0.04,0.611,0.499,0.262,0.467,0.539,-0.039,0.101,0.016,0.099,-0.07,0.08,0.277,0.304,0.153,0.631,-0.2,0.485,0.336,0.604,0.227,0.274,0.258,0.504,0.511,0.235,-0.113,0.145,-0.017,0.29,0.428,0.439,0.358,0.405,0.418,-0.02,0.203,-0.034,0.328,0.552
ATRC,0.371,0.51,0.183,0.479,0.758,0.46,0.72,0.078,0.581,0.026,0.601,0.575,0.397,0.427,0.311,0.125,0.059,0.0,0.603,0.691,0.215,-0.03,0.023,0.395,0.468,0.468,0.372,0.301,-0.107,0.568,0.426,0.386,0.222,0.809,-0.038,0.588,0.318,0.389,-0.148,0.538,0.23,0.422,0.042,-0.01,0.728,0.526,0.106,0.382,0.49,0.57,0.226,0.685,-0.115,0.38,0.455,0.596,0.457,0.212,0.159,0.4,0.684,-0.319,0.212,0.345,0.031,0.226,-0.126,0.185,-0.205,0.489,0.574,0.192,0.292,-0.053,0.195,0.619,0.258,0.379,0.472,-0.074,0.345,0.061,0.009,0.009,0.51,0.801,0.435,0.31,0.507,0.594,0.544,0.545,0.531,0.504,0.188,-0.109,0.515,0.398,0.437,0.5,0.294,0.465,0.142,0.655,0.058,0.697,0.788,0.559,0.296,0.15,0.57,0.521,0.675,0.161,0.195,0.549,-0.43,-0.042,0.063,0.467,0.524,0.24,0.406,0.156,0.54,0.651,-0.061,0.236,0.243,0.44,0.66,0.486,0.55,-0.339,0.354,0.458,0.42,0.08,0.512,0.277,0.645,0.505,0.521,0.414,0.075,0.442,0.668,0.763,0.443,0.395,-0.013,0.207,-0.119,0.025,0.61,-0.193,0.875,0.612,-0.176,0.671,0.571,0.442,0.662,0.591,-0.018,0.248,0.557,0.623,-0.354,0.425,0.554,0.617,0.385,0.207,0.399,0.092,0.243,0.118,0.452,0.445,0.871,-0.018,0.734,0.486,0.197,-0.032,0.571,0.222,0.688,0.093,0.462,0.29,0.068,-0.026,0.409,0.416,0.206,0.514,0.026,0.578
AVGO,0.604,0.884,0.593,0.118,0.804,0.87,0.337,-0.517,0.253,-0.549,0.86,0.035,-0.218,0.011,-0.326,-0.546,-0.055,0.603,0.0,0.591,0.788,-0.577,-0.31,-0.206,0.166,0.926,0.862,-0.316,-0.141,0.16,-0.037,0.62,-0.224,0.736,-0.729,0.795,-0.374,-0.199,-0.524,0.535,-0.315,0.78,-0.525,0.484,0.593,0.241,-0.589,-0.172,0.455,-0.052,-0.436,0.75,-0.773,-0.275,-0.133,0.0,-0.173,-0.472,-0.562,0.732,0.805,-0.693,-0.252,0.902,-0.609,0.151,-0.779,-0.517,-0.278,-0.078,0.458,-0.102,-0.299,-0.685,-0.481,0.172,-0.444,-0.124,0.819,-0.714,-0.214,-0.486,-0.554,-0.561,0.653,0.671,-0.032,0.183,0.743,0.685,0.104,0.87,-0.014,0.025,-0.395,-0.705,-0.013,0.786,-0.256,0.604,0.467,0.741,-0.42,0.772,-0.53,0.494,0.533,0.631,-0.281,-0.425,0.943,0.759,0.22,0.498,-0.34,0.104,-0.877,-0.72,-0.412,-0.025,0.481,-0.43,0.832,0.676,0.064,0.46,-0.694,0.727,-0.174,-0.092,0.006,0.904,0.786,-0.505,0.834,-0.057,0.204,0.702,0.718,-0.186,0.903,-0.113,0.722,0.87,-0.431,0.763,0.857,0.787,0.546,0.354,-0.667,-0.525,-0.712,-0.193,0.264,0.117,0.52,0.076,-0.432,0.387,0.88,0.349,0.377,0.527,-0.538,-0.376,0.168,0.717,-0.401,-0.173,0.943,0.859,-0.286,-0.328,0.378,-0.464,0.301,-0.521,0.431,-0.032,0.599,-0.713,0.234,0.587,-0.501,-0.723,0.887,0.187,0.856,-0.608,0.052,0.263,-0.339,-0.659,-0.035,0.77,-0.463,0.634,-0.64,0.025
AVT,0.617,0.693,0.165,0.117,0.83,0.42,0.869,0.125,0.145,0.1,0.72,0.205,0.503,0.351,0.366,0.16,0.26,0.691,0.591,0.0,0.195,-0.232,0.272,0.16,0.707,0.44,0.477,-0.039,0.305,0.699,0.197,0.767,0.435,0.688,-0.064,0.304,0.148,0.189,-0.003,0.675,0.294,0.236,0.041,0.382,0.801,0.227,0.09,0.273,0.766,0.37,0.35,0.574,-0.122,0.127,0.38,0.374,0.194,0.013,0.059,0.461,0.792,-0.039,0.348,0.382,0.124,0.539,-0.298,0.162,0.18,0.347,0.74,0.497,0.222,0.058,0.078,0.467,0.175,0.387,0.674,-0.377,0.057,0.209,0.139,-0.357,0.672,0.721,0.725,0.63,0.113,0.746,0.437,0.747,0.33,0.676,-0.09,-0.444,0.324,0.263,0.28,0.417,-0.101,0.743,0.348,0.925,-0.243,0.876,0.736,0.524,-0.093,0.1,0.503,0.695,0.766,0.547,-0.131,0.558,-0.432,-0.087,-0.39,0.694,0.835,0.005,0.394,0.303,0.558,0.447,-0.236,0.162,0.324,0.175,0.382,0.464,0.772,-0.688,0.24,0.338,0.546,0.037,0.274,0.553,0.477,0.328,0.314,0.395,0.245,0.731,0.739,0.613,0.821,0.731,0.067,0.013,-0.18,0.211,0.091,0.307,0.622,0.591,0.153,0.439,0.458,0.683,0.883,0.817,0.22,0.339,0.271,0.899,0.008,0.209,0.459,0.794,0.183,-0.054,0.678,0.088,-0.22,-0.002,0.766,0.433,0.745,-0.166,0.613,0.606,0.152,-0.255,0.686,0.657,0.655,0.164,0.238,0.78,0.337,-0.112,0.694,0.722,0.046,0.595,-0.073,0.521
AXDX,0.464,0.743,0.601,-0.176,0.537,0.849,-0.107,-0.749,0.103,-0.702,0.689,-0.198,-0.501,-0.277,-0.613,-0.78,-0.287,0.215,0.788,0.195,0.0,-0.619,-0.521,-0.421,-0.147,0.854,0.837,-0.535,-0.143,-0.18,-0.301,0.511,-0.538,0.37,-0.884,0.664,-0.605,-0.39,-0.709,0.349,-0.68,0.668,-0.707,0.536,0.217,0.105,-0.823,-0.364,0.237,-0.477,-0.686,0.488,-0.894,-0.57,-0.477,-0.436,-0.5,-0.65,-0.805,0.577,0.5,-0.726,-0.434,0.923,-0.842,-0.027,-0.845,-0.68,-0.291,-0.389,0.281,-0.213,-0.501,-0.869,-0.675,-0.132,-0.632,-0.505,0.634,-0.805,-0.411,-0.678,-0.742,-0.64,0.438,0.275,-0.413,0.034,0.675,0.435,-0.143,0.671,-0.232,-0.322,-0.568,-0.676,-0.25,0.831,-0.599,0.356,0.472,0.654,-0.656,0.478,-0.742,0.152,0.195,0.442,-0.461,-0.69,0.841,0.58,-0.117,0.522,-0.607,-0.252,-0.832,-0.864,-0.464,-0.369,0.28,-0.654,0.829,0.753,-0.422,0.155,-0.822,0.755,-0.446,-0.275,-0.363,0.878,0.639,-0.302,0.869,-0.337,0.158,0.857,0.673,-0.502,0.744,-0.37,0.655,0.895,-0.597,0.656,0.674,0.45,0.387,0.167,-0.837,-0.751,-0.838,-0.403,0.077,0.212,0.116,-0.2,-0.529,0.102,0.764,0.115,-0.025,0.259,-0.782,-0.692,-0.01,0.415,-0.284,-0.398,0.835,0.613,-0.527,-0.435,0.121,-0.679,0.383,-0.708,0.194,-0.355,0.205,-0.854,-0.109,0.394,-0.738,-0.872,0.691,-0.054,0.637,-0.836,-0.214,0.079,-0.523,-0.856,-0.398,0.654,-0.626,0.362,-0.864,-0.325
AXSM,-0.233,-0.518,-0.522,0.258,-0.332,-0.538,0.179,0.461,0.466,0.727,-0.487,0.523,0.492,0.197,0.569,0.783,0.422,-0.03,-0.577,-0.232,-0.619,0.0,0.484,0.613,0.163,-0.605,-0.671,0.633,-0.112,0.222,0.566,-0.51,0.424,-0.131,0.726,-0.159,0.784,0.613,0.637,-0.288,0.664,-0.486,0.424,-0.663,-0.111,0.301,0.735,0.623,-0.183,0.574,0.628,-0.131,0.79,0.619,0.637,0.634,0.608,0.767,0.825,-0.444,-0.334,0.55,0.543,-0.67,0.593,-0.223,0.783,0.737,-0.006,0.647,0.061,0.014,0.705,0.672,0.626,0.441,0.713,0.352,-0.696,0.745,0.634,0.675,0.692,0.778,-0.053,-0.069,0.266,0.208,-0.359,-0.498,0.556,-0.642,0.509,0.437,0.81,0.791,0.563,-0.467,0.546,-0.272,-0.017,-0.565,0.615,-0.427,0.729,-0.011,0.077,-0.274,0.681,0.552,-0.607,-0.645,0.288,-0.621,0.726,0.504,0.596,0.75,0.736,0.31,-0.207,0.639,-0.582,-0.724,0.459,0.205,0.804,-0.544,0.448,0.562,0.407,-0.56,-0.386,0.523,-0.604,0.64,-0.02,-0.799,-0.332,0.22,-0.427,0.533,-0.474,-0.631,0.52,-0.627,-0.461,-0.231,-0.3,-0.273,0.71,0.624,0.799,-0.073,0.225,-0.36,0.054,0.346,0.191,-0.025,-0.293,0.064,0.093,-0.167,0.474,0.557,0.404,-0.457,-0.076,0.617,-0.52,-0.486,0.732,0.784,-0.384,0.645,0.198,0.79,-0.189,0.614,0.108,0.802,0.354,-0.145,0.721,0.761,-0.626,-0.442,-0.469,0.64,0.643,-0.099,0.15,0.82,0.121,-0.659,0.791,-0.475,0.773,0.58
AZN,0.295,-0.036,-0.645,0.03,0.0,-0.255,0.469,0.645,0.046,0.543,0.019,0.026,0.711,-0.094,0.783,0.72,0.701,0.023,-0.31,0.272,-0.521,0.484,0.0,0.148,0.645,-0.331,-0.299,-0.005,0.654,0.635,0.131,0.084,0.843,0.102,0.552,-0.276,0.387,0.127,0.517,0.271,0.58,-0.45,0.233,0.054,-0.025,-0.159,0.675,0.239,0.512,0.513,0.664,0.041,0.638,0.187,0.587,0.44,0.184,0.265,0.527,0.07,0.092,0.78,0.67,-0.414,0.736,0.49,0.357,0.456,0.719,0.444,0.408,0.496,0.353,0.719,0.163,0.141,0.393,0.179,-0.188,0.215,0.041,0.734,0.718,0.112,0.175,0.227,0.695,0.509,-0.52,0.077,0.582,-0.07,0.07,0.7,0.288,0.259,0.15,-0.525,0.562,-0.417,-0.513,0.033,0.757,0.151,0.251,0.411,0.024,0.156,0.007,0.219,-0.406,-0.038,0.449,0.002,0.253,0.532,0.234,0.481,0.043,0.549,0.409,0.183,-0.443,-0.213,0.524,0.249,0.412,-0.216,0.682,-0.006,0.352,-0.461,0.076,-0.179,-0.401,0.42,-0.029,-0.678,-0.224,0.537,-0.395,0.157,-0.361,-0.462,0.851,-0.006,-0.023,-0.081,0.352,0.477,0.739,0.502,0.431,0.212,-0.185,0.404,0.055,0.318,0.711,0.158,-0.275,0.615,0.472,0.385,0.744,0.799,-0.146,0.136,0.272,0.115,-0.274,0.014,0.342,0.27,0.301,0.663,-0.415,0.622,0.413,0.605,0.142,0.376,0.254,0.364,0.693,0.378,-0.116,0.393,-0.06,0.6,0.359,0.586,0.583,0.481,0.662,-0.067,0.289,0.024,0.518,0.607
BANR,-0.041,-0.232,-0.181,0.528,0.083,-0.25,0.474,0.377,0.673,0.755,-0.18,0.918,0.553,0.753,0.516,0.662,0.109,0.395,-0.206,0.16,-0.421,0.613,0.148,0.0,0.335,-0.264,-0.286,0.829,-0.371,0.241,0.826,-0.263,0.326,0.088,0.561,0.009,0.922,0.967,0.464,-0.036,0.56,-0.037,0.477,-0.703,0.339,0.758,0.646,0.948,-0.058,0.708,0.681,0.108,0.547,0.89,0.763,0.755,0.879,0.924,0.735,-0.362,0.006,0.17,0.558,-0.4,0.467,-0.229,0.668,0.823,-0.401,0.853,0.233,0.142,0.921,0.395,0.82,0.86,0.875,0.565,-0.37,0.601,0.943,0.479,0.48,0.762,0.172,0.253,0.377,0.333,-0.069,-0.137,0.581,-0.32,0.933,0.534,0.821,0.643,0.935,-0.165,0.61,0.272,0.247,-0.317,0.541,-0.073,0.65,0.297,0.587,-0.1,0.876,0.736,-0.18,-0.314,0.644,-0.504,0.769,0.669,0.383,0.639,0.758,0.573,0.022,0.742,-0.296,-0.689,0.518,0.45,0.708,-0.362,0.243,0.948,0.68,-0.119,-0.099,0.447,-0.389,0.84,0.298,-0.591,0.065,0.407,0.045,0.948,-0.22,-0.205,0.322,-0.336,-0.113,0.217,-0.166,-0.106,0.474,0.565,0.632,-0.175,0.616,-0.616,0.548,0.661,0.031,0.315,0.031,0.136,0.337,0.108,0.258,0.45,0.863,-0.117,-0.248,0.974,-0.206,-0.071,0.935,0.889,-0.335,0.454,0.341,0.696,-0.186,0.515,0.516,0.703,0.793,-0.062,0.542,0.603,-0.307,-0.261,-0.063,0.532,0.752,-0.072,-0.045,0.64,0.235,-0.36,0.908,-0.222,0.653,0.687
BBIO,0.675,0.39,-0.263,0.256,0.489,0.167,0.796,0.428,0.258,0.502,0.469,0.282,0.777,0.228,0.69,0.531,0.484,0.468,0.166,0.707,-0.147,0.163,0.645,0.335,0.0,0.134,0.201,0.007,0.475,0.75,0.328,0.508,0.763,0.422,0.265,0.015,0.43,0.338,0.335,0.56,0.476,0.013,0.138,0.175,0.423,0.218,0.503,0.461,0.774,0.604,0.661,0.451,0.326,0.261,0.656,0.52,0.329,0.262,0.34,0.249,0.579,0.383,0.648,0.001,0.537,0.503,0.094,0.442,0.405,0.574,0.736,0.637,0.464,0.376,0.192,0.47,0.434,0.327,0.203,-0.042,0.21,0.55,0.506,-0.047,0.519,0.595,0.84,0.773,-0.16,0.448,0.694,0.348,0.375,0.794,0.204,0.016,0.447,-0.105,0.527,0.105,-0.232,0.452,0.66,0.615,0.04,0.757,0.513,0.445,0.063,0.227,0.093,0.356,0.792,0.237,0.152,0.773,-0.125,0.236,-0.076,0.773,0.713,0.078,-0.02,-0.012,0.508,0.546,0.183,0.05,0.448,0.252,0.494,0.076,0.532,-0.35,-0.054,0.549,0.275,-0.382,0.15,0.714,0.077,0.433,-0.062,0.048,0.649,0.403,0.436,0.349,0.679,0.707,0.452,0.346,0.196,-0.014,0.099,0.341,0.517,0.605,0.543,0.477,0.187,0.771,0.776,0.765,0.444,0.655,0.23,0.555,-0.025,0.339,0.175,0.506,0.44,0.308,0.397,0.383,-0.207,0.442,0.525,0.562,0.571,0.176,0.609,0.592,0.494,0.05,0.335,0.551,0.457,0.408,0.506,0.695,0.387,0.218,0.735,0.376,0.292,0.33,0.286,0.73
BCYC,0.664,0.881,0.607,0.137,0.734,0.915,0.164,-0.603,0.267,-0.57,0.867,-0.028,-0.269,-0.11,-0.439,-0.635,-0.157,0.468,0.926,0.44,0.854,-0.605,-0.331,-0.264,0.134,0.0,0.919,-0.414,-0.14,0.084,-0.103,0.6,-0.294,0.634,-0.841,0.771,-0.458,-0.271,-0.545,0.539,-0.461,0.836,-0.672,0.548,0.438,0.246,-0.648,-0.228,0.44,-0.146,-0.518,0.763,-0.808,-0.396,-0.201,-0.152,-0.297,-0.536,-0.682,0.724,0.77,-0.72,-0.27,0.941,-0.672,0.062,-0.786,-0.582,-0.245,-0.129,0.462,-0.106,-0.356,-0.776,-0.575,0.054,-0.531,-0.275,0.729,-0.769,-0.287,-0.535,-0.603,-0.588,0.569,0.616,-0.172,0.199,0.699,0.621,0.077,0.798,-0.095,-0.091,-0.463,-0.681,-0.077,0.824,-0.372,0.521,0.553,0.727,-0.481,0.686,-0.573,0.36,0.406,0.669,-0.361,-0.536,0.94,0.728,0.106,0.483,-0.401,0.003,-0.913,-0.815,-0.413,-0.172,0.414,-0.574,0.847,0.694,-0.154,0.432,-0.739,0.875,-0.338,-0.155,-0.098,0.915,0.775,-0.426,0.908,-0.152,0.07,0.739,0.787,-0.288,0.86,-0.196,0.689,0.907,-0.461,0.753,0.846,0.7,0.507,0.316,-0.754,-0.558,-0.779,-0.361,0.237,0.182,0.426,-0.014,-0.386,0.415,0.88,0.314,0.204,0.507,-0.684,-0.47,0.108,0.621,-0.4,-0.255,0.97,0.839,-0.382,-0.344,0.233,-0.582,0.411,-0.553,0.32,-0.15,0.479,-0.797,0.121,0.567,-0.604,-0.807,0.882,0.126,0.862,-0.709,0.036,0.213,-0.497,-0.733,-0.18,0.74,-0.549,0.61,-0.703,-0.053
BHFAP,0.706,0.848,0.559,0.011,0.675,0.907,0.155,-0.541,0.133,-0.5,0.849,-0.086,-0.254,-0.06,-0.396,-0.599,-0.171,0.372,0.862,0.477,0.837,-0.671,-0.299,-0.286,0.201,0.919,0.0,-0.511,-0.017,0.028,-0.181,0.67,-0.235,0.479,-0.806,0.616,-0.469,-0.278,-0.539,0.511,-0.526,0.755,-0.623,0.595,0.401,0.164,-0.621,-0.214,0.487,-0.236,-0.441,0.605,-0.786,-0.42,-0.223,-0.236,-0.339,-0.547,-0.699,0.636,0.697,-0.599,-0.242,0.894,-0.594,0.193,-0.778,-0.567,-0.175,-0.164,0.445,0.031,-0.347,-0.76,-0.573,0.032,-0.502,-0.345,0.719,-0.836,-0.312,-0.544,-0.603,-0.652,0.572,0.521,-0.118,0.273,0.598,0.615,0.02,0.788,-0.124,-0.081,-0.512,-0.697,-0.1,0.749,-0.386,0.503,0.42,0.752,-0.464,0.693,-0.683,0.385,0.351,0.593,-0.431,-0.527,0.872,0.721,0.143,0.533,-0.482,-0.002,-0.857,-0.78,-0.488,-0.076,0.466,-0.603,0.743,0.718,-0.231,0.369,-0.737,0.803,-0.353,-0.184,-0.154,0.889,0.816,-0.42,0.809,-0.147,0.144,0.722,0.704,-0.2,0.797,-0.206,0.589,0.92,-0.421,0.776,0.818,0.632,0.553,0.441,-0.704,-0.58,-0.791,-0.336,0.125,0.259,0.342,-0.024,-0.224,0.357,0.798,0.356,0.228,0.506,-0.614,-0.439,0.046,0.616,-0.332,-0.275,0.887,0.829,-0.386,-0.361,0.234,-0.564,0.283,-0.532,0.295,-0.282,0.408,-0.807,0.12,0.578,-0.621,-0.844,0.841,0.234,0.821,-0.699,-0.048,0.281,-0.434,-0.769,-0.094,0.786,-0.546,0.582,-0.72,-0.102
BKR,-0.425,-0.479,-0.1,0.497,-0.136,-0.444,0.239,0.378,0.532,0.615,-0.43,0.801,0.341,0.721,0.345,0.58,0.018,0.301,-0.316,-0.039,-0.535,0.633,-0.005,0.829,0.007,-0.414,-0.511,0.0,-0.522,0.088,0.714,-0.512,0.132,0.006,0.599,0.008,0.812,0.818,0.467,-0.322,0.56,-0.127,0.543,-0.811,0.265,0.601,0.561,0.733,-0.36,0.613,0.513,-0.062,0.548,0.887,0.586,0.711,0.847,0.876,0.758,-0.489,-0.233,0.108,0.251,-0.523,0.405,-0.412,0.739,0.699,-0.484,0.683,-0.09,-0.11,0.724,0.453,0.852,0.675,0.727,0.65,-0.482,0.79,0.885,0.355,0.39,0.87,-0.125,0.117,0.192,-0.033,-0.071,-0.278,0.326,-0.498,0.761,0.296,0.821,0.69,0.74,-0.235,0.557,0.229,0.287,-0.558,0.359,-0.304,0.816,0.021,0.371,-0.294,0.923,0.78,-0.306,-0.45,0.359,-0.698,0.838,0.405,0.524,0.688,0.813,0.331,-0.321,0.86,-0.358,-0.715,0.543,0.243,0.734,-0.506,0.222,0.825,0.609,-0.297,-0.369,0.487,-0.471,0.638,0.108,-0.56,-0.199,0.247,-0.077,0.772,-0.21,-0.411,0.146,-0.577,-0.332,0.082,-0.444,-0.393,0.438,0.629,0.675,0.067,0.605,-0.783,0.412,0.487,-0.11,0.18,-0.135,-0.17,0.124,-0.24,0.261,0.354,0.714,-0.288,-0.267,0.832,-0.362,-0.329,0.785,0.725,-0.33,0.44,0.339,0.609,-0.287,0.448,0.355,0.75,0.578,-0.304,0.492,0.766,-0.454,-0.4,-0.295,0.57,0.599,-0.329,-0.002,0.746,0.082,-0.587,0.837,-0.251,0.738,0.499
BLDP,0.296,0.166,-0.525,-0.44,0.044,0.0,0.254,0.427,-0.463,0.068,0.201,-0.466,0.387,-0.388,0.463,0.236,0.433,-0.107,-0.141,0.305,-0.143,-0.112,0.654,-0.371,0.475,-0.14,-0.017,-0.522,0.0,0.437,-0.448,0.419,0.527,-0.007,0.197,-0.375,-0.18,-0.366,0.033,0.396,0.055,-0.39,0.037,0.492,-0.138,-0.574,0.215,-0.263,0.643,-0.039,0.279,-0.082,0.196,-0.355,0.054,-0.153,-0.386,-0.292,0.001,0.257,0.125,0.615,0.334,-0.107,0.396,0.691,-0.133,-0.002,0.896,-0.161,0.291,0.579,-0.187,0.399,-0.274,-0.312,-0.066,-0.212,0.15,-0.225,-0.507,0.378,0.361,-0.443,0.103,0.038,0.505,0.329,-0.417,0.292,0.166,0.264,-0.368,0.385,-0.312,-0.184,-0.358,-0.352,0.167,-0.504,-0.735,0.39,0.425,0.31,-0.32,0.363,-0.19,0.169,-0.551,-0.243,-0.192,0.301,0.175,0.506,-0.415,0.072,-0.007,0.069,-0.524,0.297,0.575,-0.278,-0.169,0.324,0.085,-0.119,-0.111,-0.04,0.496,-0.499,-0.037,-0.246,0.237,-0.543,-0.102,-0.111,0.076,-0.195,-0.151,0.408,-0.352,-0.313,-0.12,-0.18,0.62,0.357,0.139,-0.148,0.539,0.708,0.413,0.105,-0.058,0.329,-0.519,0.821,-0.208,0.084,0.629,-0.026,-0.268,0.58,0.343,0.406,0.53,0.459,-0.567,0.309,0.553,-0.395,-0.125,0.135,-0.195,-0.302,0.576,0.326,-0.726,0.109,0.579,0.136,-0.133,-0.096,-0.119,0.406,0.307,-0.067,0.115,0.685,0.059,0.236,-0.273,0.69,0.694,-0.056,0.619,0.318,-0.248,0.163,-0.027,0.168
BLFS,0.442,0.384,-0.196,0.367,0.565,0.031,0.807,0.41,0.282,0.298,0.438,0.218,0.784,0.074,0.635,0.484,0.34,0.568,0.16,0.699,-0.18,0.222,0.635,0.241,0.75,0.084,0.028,0.088,0.437,0.0,0.359,0.454,0.744,0.584,0.323,0.13,0.373,0.232,0.233,0.672,0.589,-0.179,0.123,0.259,0.447,0.151,0.482,0.313,0.73,0.648,0.57,0.448,0.302,0.268,0.574,0.52,0.321,0.235,0.387,0.278,0.546,0.252,0.62,-0.001,0.499,0.51,0.125,0.469,0.482,0.538,0.718,0.664,0.379,0.463,0.25,0.368,0.39,0.484,0.302,-0.001,0.11,0.572,0.488,-0.058,0.342,0.565,0.835,0.591,-0.181,0.562,0.634,0.379,0.308,0.822,0.115,-0.052,0.327,-0.017,0.556,-0.061,-0.311,0.473,0.612,0.621,0.122,0.688,0.466,0.552,0.021,0.265,0.138,0.446,0.72,0.355,0.121,0.626,-0.214,0.194,-0.159,0.701,0.693,0.236,0.042,-0.033,0.609,0.472,0.083,-0.037,0.465,0.174,0.622,-0.033,0.416,-0.497,-0.031,0.387,0.286,-0.39,0.119,0.567,0.103,0.381,0.157,-0.098,0.612,0.439,0.509,0.224,0.658,0.577,0.426,0.39,0.178,0.276,0.089,0.34,0.527,0.631,0.415,0.564,0.103,0.62,0.711,0.756,0.522,0.649,0.175,0.639,0.155,0.271,0.151,0.458,0.355,0.118,0.64,0.307,-0.25,0.324,0.748,0.683,0.571,0.158,0.534,0.415,0.547,0.132,0.404,0.51,0.404,0.56,0.388,0.741,0.511,0.208,0.731,0.342,0.252,0.394,0.297,0.684
BLKB,0.097,-0.081,0.06,0.727,0.214,-0.223,0.51,0.195,0.746,0.585,-0.054,0.79,0.522,0.571,0.39,0.515,0.088,0.426,-0.037,0.197,-0.301,0.566,0.131,0.826,0.328,-0.103,-0.181,0.714,-0.448,0.359,0.0,-0.184,0.4,0.282,0.413,0.163,0.792,0.84,0.508,0.069,0.675,0.028,0.245,-0.466,0.389,0.788,0.54,0.821,-0.022,0.738,0.557,0.276,0.429,0.836,0.669,0.748,0.869,0.801,0.646,-0.312,0.177,0.002,0.515,-0.219,0.378,-0.173,0.571,0.724,-0.395,0.852,0.352,0.201,0.851,0.26,0.725,0.825,0.739,0.688,-0.211,0.451,0.844,0.385,0.353,0.659,0.184,0.303,0.382,0.342,-0.016,0.002,0.501,-0.218,0.824,0.5,0.688,0.461,0.847,0.035,0.546,0.382,0.286,-0.186,0.437,0.038,0.656,0.215,0.558,0.044,0.772,0.748,-0.04,-0.198,0.607,-0.397,0.742,0.644,0.16,0.456,0.634,0.56,-0.027,0.683,-0.133,-0.671,0.518,0.526,0.539,-0.237,0.044,0.836,0.657,-0.038,-0.045,0.343,-0.301,0.703,0.214,-0.486,0.069,0.345,0.193,0.857,-0.084,-0.14,0.219,-0.211,0.026,0.19,-0.061,-0.18,0.297,0.418,0.584,-0.187,0.56,-0.527,0.592,0.592,-0.022,0.412,0.129,0.068,0.31,0.257,0.197,0.339,0.827,0.024,-0.369,0.867,-0.049,0.036,0.803,0.744,-0.235,0.199,0.437,0.513,-0.103,0.54,0.534,0.558,0.693,-0.133,0.44,0.462,-0.097,-0.259,0.077,0.493,0.792,-0.035,-0.159,0.537,0.141,-0.252,0.768,-0.097,0.583,0.632
