,ABAT,ACLS,ACMR,ADMA,ADUS,ADVM,AEIS,AGNCM,AHCO,ALGT,ALLO,AMSF,ANAB,ANDE,APLS,APPF,ASML,ATRC,AVGO,AVT,AXDX,AXSM,AZN,BANR,BBIO,BCYC,BHFAP,BKR,BLDP,BLFS,BLKB,BLMN,BNTX,BPMC,CALM,CAMT,CASH,CATY,CCEP,CDLX,CDNS,CENN,CENX,CGC,CHDN,CLBK,COKE,COLB,COO,CORT,CRMT,CRNX,CRTO,CRVL,CSCO,CSQ,CSWI,CVBF,CWST,CYCC,CZR,DLTR,DORM,ENTA,EQIX,ERIC,EVRG,EWBC,EXAS,EXLS,EXPI,EYE,FBNC,FBRX,FCNCA,FELE,FIBK,FLEX,FRGT,FRHC,FRME,FWONA,FWONK,GDEN,GIII,GILD,GLNG,GNTX,GOOGL,GRPN,HCSG,HIMX,HOPE,HST,HTLD,HUT,HWC,ICUI,IESC,INTC,INTU,IOVA,IPAR,IPGP,ISRG,JBSS,KALU,KPRX,KRNT,LAUR,LBRDA,LBTYK,LECO,LILAK,LITE,MANH,MDXG,MFIC,MGEE,MIDD,MLAB,MMSI,MNKD,MOMO,MRVL,NICE,NMFC,NUWE,NVCR,NWBI,OFIX,OFLX,OMCL,OPK,ORKA,ORLY,OTTR,PDD,PNTG,POOL,POWL,PPBI,PPC,PRAA,PRPL,PZZA,QTRX,QURE,RDFN,RDHL,REAL,REG,REYN,RGLD,RIOT,RUN,RYTM,SAIA,SBAC,SBRA,SCVL,SHOO,SLAB,SLDB,SMCI,SMTC,SRCE,SSP,SSRM,STBA,STRO,SVC,SYBT,TCBI,TCOM,TENX,TH,TMUS,TNDM,TTD,TTMI,UAL,ULH,ULTA,VCYT,VIRT,VKTX,VOD,VRDN,VREX,VRNT,VSAT,WB,WBD,WDC,WEN,WSFS,XXII,Z,ZBRA
ABAT,0.0,-0.481,0.377,-0.003,-0.482,0.555,0.264,0.309,0.059,0.344,0.123,0.369,0.136,-0.098,-0.192,-0.46,-0.101,-0.527,-0.075,0.118,0.305,-0.163,0.12,0.021,0.265,0.114,-0.366,0.357,0.073,-0.092,-0.261,-0.336,0.172,0.059,0.345,-0.0,0.261,0.048,-0.286,0.056,-0.114,0.489,0.047,-0.129,0.53,-0.178,-0.341,-0.072,-0.311,0.29,-0.223,0.484,-0.253,-0.391,0.079,0.1,0.028,0.323,-0.091,-0.357,0.374,-0.158,-0.364,0.302,-0.542,-0.174,-0.41,0.239,0.145,0.285,-0.29,-0.224,0.039,-0.371,0.247,0.081,-0.071,0.225,-0.013,0.24,-0.116,-0.094,-0.072,-0.089,-0.213,0.46,0.364,-0.674,0.294,0.016,-0.291,0.237,0.086,-0.477,-0.204,-0.509,0.069,0.539,0.237,-0.291,-0.406,0.451,-0.087,0.227,-0.308,-0.311,-0.148,-0.007,0.118,-0.382,-0.028,-0.117,0.038,0.078,0.333,-0.071,-0.155,-0.122,-0.306,-0.507,0.2,-0.393,0.064,0.171,0.221,-0.189,-0.159,0.104,-0.176,-0.139,-0.075,-0.319,-0.107,0.078,0.489,0.213,-0.357,0.307,-0.512,-0.179,0.205,-0.065,0.422,-0.361,-0.434,0.059,-0.251,0.321,-0.244,-0.41,0.118,-0.368,-0.265,-0.696,0.102,-0.337,-0.189,-0.298,-0.226,-0.521,-0.368,-0.252,0.043,-0.414,-0.07,-0.563,0.139,0.594,-0.431,-0.262,0.338,-0.282,-0.121,0.249,0.352,-0.171,-0.014,0.252,-0.405,0.172,-0.175,0.268,0.414,-0.429,-0.011,0.296,0.361,-0.442,0.57,-0.29,-0.251,-0.361,0.363,-0.319,-0.209,0.12,-0.029,-0.551,-0.428,0.0
ACLS,-0.481,0.0,-0.208,-0.044,0.489,-0.568,0.019,-0.393,0.147,-0.192,0.209,-0.149,-0.109,0.453,0.128,0.617,0.548,0.507,-0.008,0.172,-0.261,0.294,0.217,0.015,-0.021,-0.196,0.342,-0.513,0.447,0.295,0.486,0.488,-0.125,0.423,-0.457,0.397,-0.299,0.062,0.314,0.003,0.23,-0.405,0.206,0.375,-0.616,0.298,0.511,0.238,0.497,-0.193,0.11,-0.341,-0.017,0.743,0.035,-0.075,0.052,-0.252,0.048,0.422,-0.352,0.254,0.434,-0.524,0.522,0.16,0.543,-0.199,-0.273,-0.115,0.511,0.454,-0.043,0.219,-0.379,0.386,0.231,0.11,-0.011,-0.478,0.243,0.37,0.334,0.383,0.05,-0.544,-0.209,0.815,0.102,-0.2,0.421,-0.205,0.046,0.394,0.418,0.789,0.083,-0.213,-0.087,0.529,0.304,-0.364,0.554,0.157,0.448,0.662,0.58,0.066,0.289,0.457,0.061,0.2,0.373,0.357,-0.185,0.004,0.142,0.068,0.339,0.587,0.151,0.409,-0.313,0.057,-0.059,0.427,0.353,-0.267,0.168,0.274,0.208,0.556,0.194,-0.039,-0.565,-0.082,0.391,-0.1,0.397,0.573,-0.225,0.142,-0.23,0.636,0.374,0.348,0.288,-0.427,0.401,0.267,-0.182,0.267,0.435,0.577,-0.029,0.348,0.384,0.116,0.137,0.368,0.438,0.524,0.514,0.293,-0.339,0.663,-0.055,-0.388,0.614,0.34,-0.197,0.179,0.159,-0.248,-0.136,0.229,-0.13,-0.246,0.366,-0.257,0.245,-0.073,-0.401,0.573,0.236,-0.483,-0.312,0.45,-0.074,0.562,0.453,0.342,-0.155,0.457,0.771,-0.012,0.174,0.399,0.497,0.296
ACMR,0.377,-0.208,0.0,-0.079,-0.707,0.465,0.72,0.671,-0.711,0.854,-0.445,-0.047,-0.676,-0.066,-0.816,-0.525,0.343,-0.702,0.656,0.735,0.823,-0.797,-0.493,0.023,-0.459,-0.084,-0.443,0.699,-0.155,-0.501,-0.764,-0.725,0.689,-0.392,0.763,0.622,0.26,-0.184,-0.805,-0.451,-0.167,0.463,0.569,-0.65,0.12,-0.75,-0.023,0.146,-0.815,0.716,-0.53,-0.03,-0.64,-0.461,0.69,0.584,0.619,0.181,-0.375,-0.636,0.783,-0.604,-0.644,-0.039,-0.27,0.137,-0.74,0.393,-0.11,0.789,-0.721,-0.562,-0.408,-0.817,0.27,0.543,-0.547,0.654,-0.641,0.437,-0.516,-0.423,-0.388,-0.533,-0.636,0.588,0.838,-0.512,0.404,-0.489,-0.802,0.685,-0.366,-0.596,-0.782,0.013,-0.036,0.322,0.793,0.42,-0.746,-0.126,0.235,0.761,-0.489,-0.402,0.162,-0.649,0.295,-0.777,0.724,0.347,0.645,-0.249,0.875,0.478,-0.817,-0.622,-0.673,-0.766,-0.02,-0.829,-0.399,0.743,0.153,0.374,-0.687,0.247,-0.744,-0.64,-0.697,-0.673,-0.577,-0.584,0.458,0.695,-0.769,0.829,-0.697,-0.476,0.819,-0.196,0.547,-0.51,-0.802,-0.35,-0.858,0.166,-0.834,-0.813,0.151,-0.803,-0.834,-0.584,0.652,-0.781,-0.802,-0.247,-0.494,-0.822,-0.8,-0.193,0.324,-0.687,0.114,-0.483,-0.324,0.783,-0.584,-0.807,-0.345,-0.217,-0.446,0.264,0.86,-0.557,-0.701,0.748,-0.641,0.622,0.34,0.788,0.391,-0.702,-0.568,0.262,-0.244,-0.766,0.593,0.166,-0.717,-0.807,0.838,-0.736,-0.031,0.221,-0.647,-0.698,-0.787,0.507
ADMA,-0.003,-0.044,-0.079,0.0,-0.148,-0.291,-0.565,-0.278,0.378,-0.297,0.229,-0.473,0.115,0.553,0.211,0.452,-0.201,0.141,-0.369,-0.409,-0.063,0.302,-0.029,-0.71,-0.145,-0.67,-0.074,-0.074,0.442,0.616,-0.157,0.329,-0.096,0.255,-0.467,-0.397,-0.729,-0.586,0.099,-0.398,-0.553,-0.083,-0.646,0.401,-0.301,-0.082,-0.148,-0.72,0.072,-0.183,0.008,-0.317,-0.0,0.06,-0.569,-0.683,-0.639,-0.671,-0.584,0.569,-0.418,0.4,-0.313,-0.075,0.262,-0.524,0.368,-0.739,-0.387,-0.444,0.359,0.471,-0.36,0.345,-0.546,-0.374,-0.341,-0.553,0.084,-0.399,-0.303,-0.602,-0.639,0.422,-0.047,-0.248,-0.241,-0.04,0.027,-0.051,0.099,-0.618,-0.426,-0.038,0.209,-0.053,-0.602,-0.077,-0.447,-0.239,0.023,0.165,0.157,-0.446,-0.153,-0.173,-0.126,0.56,0.266,0.447,-0.26,0.322,-0.343,0.069,-0.332,-0.738,0.216,-0.005,-0.042,0.091,0.221,0.348,-0.101,0.124,-0.601,-0.323,0.425,-0.431,-0.184,-0.201,-0.152,0.171,0.16,0.145,-0.356,-0.596,-0.051,-0.037,-0.01,0.133,-0.378,-0.586,-0.013,0.303,0.352,0.164,0.195,-0.189,0.226,0.265,-0.22,0.221,0.1,-0.273,-0.559,0.439,0.079,-0.532,-0.058,0.231,0.339,0.141,-0.111,0.577,-0.338,-0.062,-0.379,-0.386,-0.15,-0.023,-0.188,0.234,-0.452,-0.683,-0.123,-0.46,0.161,-0.527,0.617,-0.609,-0.665,-0.518,-0.08,0.289,0.072,-0.576,0.028,0.277,-0.104,0.1,0.383,0.382,0.041,0.41,0.15,-0.81,-0.158,0.433,0.22,-0.497
ADUS,-0.482,0.489,-0.707,-0.148,0.0,-0.326,-0.293,-0.62,0.463,-0.676,0.538,0.108,0.337,0.149,0.674,0.486,-0.048,0.741,-0.3,-0.33,-0.768,0.465,0.316,0.32,0.36,0.319,0.465,-0.749,0.141,0.305,0.8,0.612,-0.535,0.359,-0.522,-0.192,0.072,0.505,0.784,0.622,0.504,-0.307,-0.219,0.511,-0.116,0.825,0.305,0.337,0.816,-0.555,0.547,-0.094,0.704,0.659,-0.334,-0.125,-0.191,0.022,0.598,0.483,-0.576,0.483,0.829,-0.131,0.256,0.182,0.598,-0.011,0.287,-0.534,0.649,0.479,0.542,0.666,-0.069,-0.077,0.734,-0.273,0.544,-0.361,0.766,0.646,0.608,0.476,0.722,-0.472,-0.739,0.673,-0.406,0.497,0.861,-0.296,0.53,0.658,0.774,0.29,0.419,-0.094,-0.492,-0.019,0.808,-0.046,-0.125,-0.355,0.658,0.624,0.057,0.304,-0.372,0.672,-0.474,-0.42,-0.261,0.178,-0.632,-0.021,0.658,0.597,0.51,0.808,-0.179,0.738,0.381,-0.648,0.135,0.112,0.539,-0.292,0.771,0.82,0.722,0.737,0.64,0.401,-0.259,-0.321,0.717,-0.782,0.831,0.51,-0.569,0.568,-0.547,0.583,0.705,0.232,0.738,0.1,0.708,0.709,0.193,0.741,0.801,0.675,-0.178,0.646,0.756,0.648,0.437,0.727,0.699,0.198,-0.029,0.577,0.108,0.779,0.555,-0.635,0.516,0.849,0.326,0.202,0.718,0.105,-0.797,0.691,0.479,-0.469,0.464,-0.243,0.084,-0.393,-0.22,0.692,0.539,-0.065,0.124,0.738,-0.588,-0.039,0.699,0.684,-0.812,0.648,0.182,0.157,0.728,0.62,0.718,-0.103
ADVM,0.555,-0.568,0.465,-0.291,-0.326,0.0,0.559,0.395,-0.346,0.341,0.002,0.214,0.039,-0.327,-0.21,-0.645,-0.095,-0.4,0.393,0.314,0.223,-0.444,-0.394,0.568,0.275,0.607,-0.321,0.516,-0.521,-0.307,-0.346,-0.55,0.172,-0.268,0.73,0.186,0.733,0.488,-0.219,0.349,0.284,0.601,0.115,-0.444,0.736,-0.112,-0.437,0.385,-0.443,0.148,-0.136,0.515,0.012,-0.583,0.341,0.586,0.423,0.693,0.296,-0.619,0.721,-0.36,-0.165,0.51,-0.684,0.196,-0.734,0.725,0.588,0.432,-0.578,-0.581,0.448,-0.34,0.817,0.179,0.169,0.471,-0.007,0.672,0.15,0.037,0.087,-0.455,0.022,0.728,0.327,-0.636,0.048,0.227,-0.363,0.65,0.41,-0.133,-0.483,-0.469,0.527,0.345,0.488,-0.21,-0.164,0.502,-0.609,0.333,-0.326,-0.32,-0.397,-0.413,-0.316,-0.586,-0.001,-0.441,0.044,-0.273,0.579,0.463,-0.236,0.046,-0.408,-0.498,-0.128,-0.482,0.478,-0.119,0.608,0.061,-0.462,0.196,-0.011,0.038,0.026,-0.394,-0.013,-0.181,0.756,0.358,-0.33,0.103,-0.207,-0.604,0.49,0.441,0.015,-0.549,-0.481,-0.47,-0.305,0.743,-0.484,-0.365,0.632,-0.479,-0.426,-0.49,0.58,-0.51,-0.396,0.189,-0.299,-0.598,-0.515,-0.571,-0.014,-0.391,0.527,-0.345,0.459,0.626,-0.522,-0.21,0.406,0.084,0.225,0.746,0.214,0.063,0.058,0.492,-0.534,0.693,0.261,0.493,0.806,-0.527,0.011,0.754,0.542,-0.554,0.258,-0.608,-0.51,-0.424,0.115,-0.619,-0.466,0.505,0.062,-0.488,-0.464,0.232
AEIS,0.264,0.019,0.72,-0.565,-0.293,0.559,0.0,0.641,-0.684,0.778,-0.355,0.214,-0.531,-0.245,-0.707,-0.566,0.487,-0.482,0.766,0.903,0.568,-0.71,-0.397,0.593,-0.159,0.415,-0.242,0.509,-0.375,-0.599,-0.354,-0.707,0.42,-0.314,0.844,0.766,0.697,0.367,-0.536,-0.01,0.373,0.359,0.788,-0.683,0.304,-0.393,0.152,0.696,-0.549,0.602,-0.446,0.156,-0.393,-0.253,0.894,0.904,0.895,0.598,0.155,-0.8,0.822,-0.688,-0.164,-0.082,-0.283,0.485,-0.702,0.822,0.282,0.873,-0.697,-0.692,0.046,-0.756,0.617,0.774,-0.057,0.95,-0.529,0.539,-0.053,0.103,0.161,-0.653,-0.341,0.62,0.709,-0.288,0.329,-0.332,-0.56,0.907,0.112,-0.31,-0.637,0.038,0.491,0.388,0.914,0.539,-0.452,-0.212,0.063,0.902,-0.091,-0.001,0.225,-0.765,-0.014,-0.752,0.62,0.001,0.732,-0.261,0.869,0.85,-0.667,-0.381,-0.395,-0.538,-0.146,-0.692,-0.18,0.386,0.555,0.503,-0.726,0.357,-0.371,-0.202,-0.305,-0.498,-0.312,-0.583,0.613,0.841,-0.509,0.544,-0.377,-0.358,0.853,0.381,0.383,-0.487,-0.77,-0.391,-0.652,0.31,-0.711,-0.724,0.364,-0.695,-0.553,-0.218,0.847,-0.8,-0.597,0.241,-0.311,-0.71,-0.735,-0.237,0.373,-0.729,0.319,-0.184,0.136,0.777,-0.34,-0.468,-0.079,-0.243,0.121,0.707,0.618,-0.068,-0.551,0.852,-0.788,0.869,0.71,0.905,0.396,-0.644,-0.347,0.508,-0.039,-0.69,0.497,0.065,-0.696,-0.754,0.466,-0.764,-0.013,0.713,-0.265,-0.721,-0.596,0.831
AGNCM,0.309,-0.393,0.671,-0.278,-0.62,0.395,0.641,0.0,-0.647,0.861,-0.683,0.162,-0.459,-0.404,-0.833,-0.712,0.146,-0.65,0.55,0.661,0.797,-0.608,-0.294,0.157,-0.403,0.028,-0.173,0.745,-0.416,-0.534,-0.61,-0.844,0.481,-0.454,0.782,0.395,0.344,-0.117,-0.819,-0.396,-0.172,0.275,0.574,-0.738,0.197,-0.758,0.149,0.229,-0.778,0.839,-0.694,0.18,-0.562,-0.438,0.742,0.59,0.639,0.382,-0.144,-0.778,0.751,-0.859,-0.49,0.088,-0.162,0.341,-0.659,0.472,-0.018,0.821,-0.822,-0.776,-0.318,-0.82,0.298,0.377,-0.5,0.584,-0.721,0.606,-0.491,-0.323,-0.248,-0.753,-0.585,0.687,0.861,-0.592,0.473,-0.585,-0.819,0.64,-0.296,-0.575,-0.792,-0.235,-0.059,0.442,0.799,0.278,-0.764,-0.29,0.075,0.633,-0.287,-0.353,-0.035,-0.586,0.099,-0.846,0.717,0.323,0.51,-0.413,0.754,0.558,-0.718,-0.7,-0.336,-0.755,0.078,-0.752,-0.295,0.592,0.266,0.202,-0.825,0.571,-0.612,-0.604,-0.57,-0.853,-0.569,-0.568,0.557,0.708,-0.656,0.732,-0.612,-0.426,0.871,-0.127,0.74,-0.792,-0.861,-0.375,-0.759,-0.012,-0.819,-0.853,-0.078,-0.724,-0.74,-0.373,0.506,-0.897,-0.757,-0.089,-0.115,-0.683,-0.825,-0.139,0.008,-0.751,0.198,-0.609,-0.307,0.738,-0.524,-0.751,-0.296,-0.458,-0.287,0.339,0.749,-0.401,-0.617,0.835,-0.757,0.632,0.385,0.678,0.159,-0.863,-0.581,0.311,-0.085,-0.866,0.59,0.044,-0.869,-0.856,0.686,-0.841,-0.228,0.35,-0.629,-0.827,-0.711,0.558
AHCO,0.059,0.147,-0.711,0.378,0.463,-0.346,-0.684,-0.647,0.0,-0.704,0.709,0.081,0.705,0.406,0.758,0.517,-0.365,0.535,-0.875,-0.717,-0.669,0.772,0.548,-0.222,0.554,-0.159,0.188,-0.561,0.536,0.706,0.666,0.773,-0.499,0.699,-0.779,-0.666,-0.397,0.087,0.69,0.326,-0.094,-0.209,-0.607,0.834,-0.039,0.678,0.047,-0.341,0.791,-0.514,0.477,0.103,0.472,0.453,-0.799,-0.705,-0.772,-0.238,0.124,0.699,-0.72,0.713,0.419,0.062,0.118,-0.361,0.748,-0.497,-0.016,-0.772,0.773,0.766,0.298,0.716,-0.401,-0.509,0.466,-0.649,0.614,-0.59,0.426,0.262,0.201,0.703,0.554,-0.449,-0.681,0.254,-0.089,0.423,0.74,-0.79,0.311,0.35,0.833,-0.095,-0.086,0.011,-0.799,-0.56,0.495,0.387,-0.006,-0.675,0.321,0.22,-0.042,0.792,0.038,0.773,-0.73,-0.26,-0.587,0.464,-0.807,-0.752,0.864,0.536,0.629,0.635,0.283,0.791,0.283,-0.468,-0.249,-0.342,0.877,-0.447,0.612,0.568,0.629,0.666,0.612,0.655,-0.447,-0.722,0.659,-0.611,0.418,0.609,-0.832,0.027,-0.302,0.534,0.715,0.672,0.786,-0.119,0.852,0.654,-0.178,0.765,0.776,0.159,-0.726,0.79,0.787,-0.117,0.422,0.715,0.781,0.348,-0.166,0.638,-0.366,0.245,0.287,-0.578,0.327,0.721,0.458,0.127,0.245,-0.379,-0.625,0.383,0.704,-0.78,0.651,-0.769,-0.607,-0.766,-0.177,0.656,0.619,-0.364,0.243,0.713,-0.299,-0.038,0.811,0.79,-0.51,0.804,0.151,-0.369,0.606,0.564,0.643,-0.651
ALGT,0.344,-0.192,0.854,-0.297,-0.676,0.341,0.778,0.861,-0.704,0.0,-0.633,0.119,-0.65,-0.244,-0.936,-0.647,0.322,-0.691,0.609,0.826,0.89,-0.706,-0.351,0.112,-0.429,-0.069,-0.275,0.703,-0.202,-0.574,-0.636,-0.795,0.682,-0.366,0.782,0.629,0.296,-0.147,-0.911,-0.487,-0.195,0.332,0.769,-0.695,0.063,-0.793,0.209,0.274,-0.784,0.901,-0.665,0.094,-0.743,-0.336,0.839,0.633,0.739,0.312,-0.239,-0.741,0.798,-0.808,-0.556,-0.085,-0.127,0.32,-0.663,0.467,-0.153,0.935,-0.78,-0.661,-0.438,-0.954,0.225,0.603,-0.532,0.728,-0.788,0.479,-0.527,-0.289,-0.233,-0.671,-0.727,0.607,0.957,-0.489,0.585,-0.685,-0.857,0.71,-0.35,-0.65,-0.803,0.02,-0.032,0.387,0.903,0.48,-0.873,-0.338,0.324,0.84,-0.385,-0.29,0.235,-0.675,0.362,-0.872,0.857,0.426,0.751,-0.242,0.88,0.583,-0.844,-0.772,-0.427,-0.771,0.124,-0.844,-0.494,0.773,0.219,0.419,-0.78,0.455,-0.733,-0.655,-0.675,-0.777,-0.666,-0.634,0.44,0.818,-0.703,0.897,-0.722,-0.327,0.911,-0.159,0.731,-0.633,-0.923,-0.21,-0.883,-0.054,-0.846,-0.943,-0.09,-0.787,-0.802,-0.412,0.634,-0.917,-0.79,-0.207,-0.254,-0.773,-0.857,-0.029,0.306,-0.855,0.036,-0.548,-0.372,0.848,-0.455,-0.822,-0.375,-0.453,-0.394,0.289,0.918,-0.485,-0.81,0.876,-0.786,0.645,0.464,0.843,0.178,-0.809,-0.602,0.261,-0.286,-0.862,0.722,0.263,-0.833,-0.933,0.861,-0.82,0.01,0.375,-0.689,-0.878,-0.767,0.661
ALLO,0.123,0.209,-0.445,0.229,0.538,0.002,-0.355,-0.683,0.709,-0.633,0.0,0.113,0.435,0.406,0.716,0.397,-0.19,0.437,-0.523,-0.461,-0.596,0.425,0.285,0.038,0.547,0.153,-0.08,-0.607,0.446,0.485,0.538,0.66,-0.392,0.551,-0.499,-0.321,-0.051,0.347,0.719,0.561,0.243,0.05,-0.48,0.663,0.145,0.764,-0.125,-0.034,0.695,-0.583,0.59,0.11,0.524,0.341,-0.597,-0.357,-0.479,-0.085,0.253,0.532,-0.494,0.796,0.456,-0.016,-0.15,-0.194,0.446,-0.166,0.161,-0.601,0.695,0.702,0.463,0.605,-0.071,-0.176,0.618,-0.363,0.722,-0.46,0.606,0.419,0.344,0.713,0.623,-0.308,-0.641,0.303,-0.259,0.62,0.762,-0.396,0.477,0.392,0.73,0.009,0.275,0.071,-0.586,-0.339,0.612,0.499,-0.124,-0.363,0.238,0.358,0.013,0.466,-0.063,0.658,-0.665,-0.407,-0.408,0.496,-0.526,-0.445,0.669,0.642,0.201,0.584,-0.011,0.593,0.418,-0.525,0.007,-0.136,0.728,-0.561,0.63,0.686,0.607,0.739,0.634,0.587,-0.206,-0.47,0.468,-0.608,0.448,0.43,-0.682,0.326,-0.504,0.642,0.651,0.443,0.645,0.382,0.707,0.59,0.344,0.588,0.677,0.045,-0.287,0.695,0.693,0.143,0.112,0.408,0.645,0.08,0.074,0.573,-0.188,0.414,0.534,-0.361,0.253,0.7,0.557,0.345,0.421,-0.009,-0.605,0.42,0.584,-0.593,0.464,-0.387,-0.312,-0.394,0.134,0.668,0.576,-0.025,0.294,0.663,-0.306,-0.156,0.795,0.664,-0.549,0.701,0.171,-0.095,0.685,0.511,0.544,-0.421
AMSF,0.369,-0.149,-0.047,-0.473,0.108,0.214,0.214,0.162,0.081,0.119,0.113,0.0,0.245,-0.324,0.085,-0.44,-0.029,-0.182,-0.162,0.027,0.056,0.009,0.56,0.353,0.339,0.382,0.034,-0.003,-0.08,-0.296,0.261,-0.038,0.035,-0.054,0.178,0.04,0.462,0.437,-0.031,0.452,0.263,0.256,0.302,-0.072,0.514,0.195,0.018,0.309,0.047,0.146,0.122,0.629,-0.009,-0.001,0.117,0.232,0.191,0.599,0.547,-0.295,0.249,-0.034,0.258,0.37,-0.439,0.214,-0.175,0.379,0.273,0.22,-0.041,-0.08,0.34,-0.232,0.262,0.152,0.37,0.148,0.172,0.437,0.323,0.493,0.521,0.036,0.124,0.271,0.127,-0.236,0.191,0.155,0.052,0.22,0.434,-0.165,0.098,-0.229,0.35,0.397,0.075,-0.236,-0.066,0.252,-0.113,0.162,0.135,0.05,0.113,-0.088,-0.136,-0.252,-0.038,-0.224,0.084,0.346,0.087,0.172,0.122,-0.017,0.146,-0.097,0.164,-0.154,0.305,-0.118,0.506,-0.068,-0.135,0.355,0.285,0.275,0.296,-0.015,-0.118,0.416,0.395,0.37,0.183,0.018,-0.158,0.155,0.058,0.324,0.245,-0.142,-0.213,0.25,0.03,0.234,0.077,-0.191,-0.039,0.045,-0.023,-0.041,0.174,-0.16,0.211,0.262,0.158,-0.12,-0.123,0.118,0.178,-0.358,-0.106,-0.274,0.344,0.331,0.056,0.137,0.556,-0.374,0.302,0.46,0.049,0.36,0.068,0.23,-0.396,0.235,0.195,0.224,0.158,-0.171,0.045,0.504,0.147,-0.198,0.343,-0.123,-0.042,-0.179,-0.007,-0.092,-0.138,0.501,0.29,-0.436,-0.09,0.07
ANAB,0.136,-0.109,-0.676,0.115,0.337,0.039,-0.531,-0.459,0.705,-0.65,0.435,0.245,0.0,0.079,0.741,0.281,-0.382,0.482,-0.716,-0.714,-0.683,0.764,0.494,0.123,0.8,0.188,0.33,-0.288,0.057,0.574,0.596,0.544,-0.482,0.452,-0.515,-0.628,-0.078,0.322,0.614,0.58,0.056,-0.116,-0.597,0.622,0.24,0.633,-0.247,-0.158,0.568,-0.572,0.39,0.454,0.522,0.183,-0.682,-0.499,-0.573,0.176,0.409,0.431,-0.4,0.468,0.461,0.584,-0.171,-0.279,0.4,-0.204,0.404,-0.619,0.503,0.369,0.601,0.649,-0.005,-0.558,0.576,-0.516,0.681,-0.059,0.517,0.315,0.298,0.442,0.553,-0.237,-0.591,0.017,-0.066,0.495,0.549,-0.549,0.574,0.465,0.579,-0.276,0.153,-0.072,-0.621,-0.782,0.505,0.648,-0.439,-0.695,0.222,0.077,-0.342,0.648,-0.229,0.471,-0.813,-0.519,-0.667,0.303,-0.618,-0.518,0.828,0.578,0.587,0.476,0.344,0.629,0.669,-0.647,0.123,-0.395,0.599,-0.16,0.689,0.608,0.78,0.472,0.496,0.559,-0.154,-0.639,0.716,-0.654,0.428,0.266,-0.631,0.242,-0.413,0.218,0.53,0.322,0.769,0.071,0.682,0.592,-0.089,0.568,0.555,0.172,-0.511,0.565,0.675,0.065,0.315,0.547,0.595,0.137,-0.207,0.472,-0.069,0.13,0.484,-0.444,0.317,0.681,0.699,0.235,0.368,-0.053,-0.613,0.526,0.823,-0.634,0.49,-0.449,-0.429,-0.673,0.167,0.444,0.693,0.017,0.628,0.402,-0.221,-0.485,0.491,0.641,-0.576,0.463,-0.148,-0.108,0.678,0.399,0.584,-0.577
ANDE,-0.098,0.453,-0.066,0.553,0.149,-0.327,-0.245,-0.404,0.406,-0.244,0.406,-0.324,0.079,0.0,0.211,0.62,0.02,0.444,-0.313,-0.125,-0.192,0.305,0.014,-0.299,0.029,-0.393,0.052,-0.258,0.686,0.603,0.23,0.503,-0.047,0.63,-0.468,-0.066,-0.503,-0.148,0.286,-0.139,-0.282,-0.168,-0.265,0.446,-0.422,0.21,0.144,-0.213,0.377,-0.195,0.11,-0.332,0.073,0.436,-0.358,-0.399,-0.32,-0.451,-0.33,0.587,-0.408,0.463,0.136,-0.242,0.265,-0.195,0.491,-0.449,-0.168,-0.354,0.537,0.602,-0.089,0.352,-0.413,0.08,0.063,-0.181,0.135,-0.566,0.073,-0.151,-0.208,0.5,0.185,-0.32,-0.234,0.391,0.092,0.012,0.336,-0.441,-0.053,0.317,0.411,0.355,-0.133,-0.06,-0.288,0.044,0.182,0.057,0.431,-0.138,0.021,0.346,0.39,0.359,0.344,0.55,-0.166,0.244,0.046,0.384,-0.291,-0.455,0.271,0.173,0.193,0.436,0.339,0.478,-0.187,0.095,-0.364,0.111,0.524,-0.561,0.043,0.149,0.079,0.524,0.357,-0.009,-0.522,-0.419,0.243,-0.108,0.174,0.372,-0.341,-0.14,-0.086,0.564,0.423,0.345,0.331,-0.19,0.396,0.322,-0.093,0.295,0.348,0.099,-0.265,0.454,0.269,-0.254,0.034,0.323,0.463,0.44,0.307,0.505,-0.342,0.375,-0.096,-0.398,0.235,0.26,-0.081,0.423,-0.066,-0.43,-0.151,-0.138,0.128,-0.478,0.61,-0.504,-0.183,-0.302,-0.047,0.51,0.365,-0.493,-0.077,0.435,-0.078,0.269,0.503,0.448,-0.021,0.533,0.47,-0.388,0.134,0.468,0.43,-0.186
APLS,-0.192,0.128,-0.816,0.211,0.674,-0.21,-0.707,-0.833,0.758,-0.936,0.716,0.085,0.741,0.211,0.0,0.504,-0.328,0.646,-0.692,-0.822,-0.878,0.696,0.441,-0.003,0.61,0.156,0.267,-0.683,0.244,0.55,0.682,0.796,-0.584,0.426,-0.723,-0.599,-0.169,0.303,0.886,0.631,0.224,-0.135,-0.706,0.741,0.087,0.865,-0.233,-0.179,0.797,-0.862,0.718,0.131,0.742,0.336,-0.841,-0.576,-0.686,-0.11,0.404,0.692,-0.684,0.83,0.602,0.269,-0.017,-0.271,0.59,-0.341,0.274,-0.866,0.781,0.688,0.566,0.885,-0.135,-0.535,0.663,-0.676,0.867,-0.38,0.645,0.399,0.348,0.73,0.758,-0.499,-0.904,0.384,-0.495,0.763,0.864,-0.633,0.512,0.592,0.839,-0.039,0.164,-0.247,-0.856,-0.604,0.826,0.522,-0.387,-0.778,0.347,0.254,-0.218,0.654,-0.322,0.783,-0.88,-0.527,-0.721,0.382,-0.821,-0.558,0.905,0.779,0.439,0.734,-0.03,0.795,0.639,-0.802,-0.034,-0.359,0.802,-0.437,0.828,0.764,0.801,0.795,0.65,0.767,-0.34,-0.743,0.761,-0.881,0.673,0.393,-0.894,0.268,-0.697,0.608,0.875,0.332,0.882,0.178,0.864,0.88,0.13,0.81,0.769,0.311,-0.529,0.888,0.842,0.254,0.304,0.738,0.82,0.059,-0.175,0.75,-0.032,0.479,0.521,-0.706,0.41,0.865,0.594,0.404,0.458,-0.147,-0.89,0.58,0.853,-0.816,0.697,-0.576,-0.414,-0.748,-0.02,0.775,0.708,-0.061,0.347,0.79,-0.6,-0.32,0.843,0.893,-0.832,0.792,-0.009,-0.213,0.807,0.748,0.734,-0.677
APPF,-0.46,0.617,-0.525,0.452,0.486,-0.645,-0.566,-0.712,0.517,-0.647,0.397,-0.44,0.281,0.62,0.504,0.0,0.145,0.669,-0.389,-0.46,-0.585,0.619,0.176,-0.362,0.103,-0.388,0.314,-0.512,0.5,0.638,0.457,0.737,-0.348,0.499,-0.801,-0.294,-0.629,-0.232,0.595,-0.036,-0.002,-0.565,-0.461,0.667,-0.555,0.416,0.185,-0.325,0.631,-0.525,0.28,-0.524,0.344,0.567,-0.559,-0.627,-0.564,-0.653,-0.204,0.781,-0.783,0.629,0.312,-0.367,0.514,-0.45,0.728,-0.674,-0.232,-0.678,0.749,0.686,-0.072,0.694,-0.586,-0.278,0.14,-0.504,0.367,-0.698,0.137,0.037,-0.035,0.589,0.296,-0.753,-0.607,0.668,-0.196,0.109,0.595,-0.714,-0.084,0.508,0.657,0.423,-0.264,-0.38,-0.626,0.049,0.53,-0.065,0.332,-0.495,0.427,0.37,0.175,0.623,0.15,0.826,-0.397,0.096,-0.257,0.3,-0.655,-0.553,0.515,0.39,0.401,0.696,0.118,0.736,-0.081,-0.175,-0.564,-0.094,0.746,-0.463,0.237,0.277,0.268,0.666,0.448,0.202,-0.754,-0.686,0.493,-0.43,0.521,0.519,-0.661,-0.158,-0.443,0.705,0.759,0.361,0.608,-0.385,0.661,0.682,-0.162,0.542,0.633,0.438,-0.605,0.759,0.571,-0.045,0.022,0.659,0.778,0.438,0.041,0.711,-0.343,0.598,-0.079,-0.754,0.527,0.495,-0.146,0.384,0.009,-0.625,-0.48,0.061,0.335,-0.783,0.795,-0.674,-0.385,-0.694,-0.392,0.767,0.362,-0.689,-0.095,0.739,-0.47,0.271,0.711,0.744,-0.399,0.749,0.351,-0.593,0.245,0.815,0.716,-0.348
ASML,-0.101,0.548,0.343,-0.201,-0.048,-0.095,0.487,0.146,-0.365,0.322,-0.19,-0.029,-0.382,0.02,-0.328,0.145,0.0,-0.221,0.462,0.491,0.253,-0.249,0.014,0.062,-0.219,-0.103,-0.051,0.109,0.087,-0.253,-0.162,-0.183,0.243,-0.107,0.18,0.615,0.076,-0.078,-0.226,-0.193,0.362,0.006,0.465,-0.207,-0.17,-0.243,0.162,0.238,-0.211,0.243,-0.301,-0.176,-0.336,0.088,0.431,0.313,0.398,0.006,-0.131,-0.21,0.226,-0.179,-0.118,-0.35,0.08,0.009,-0.221,0.139,-0.136,0.415,-0.146,-0.153,-0.27,-0.359,-0.038,0.554,-0.195,0.448,-0.231,0.055,-0.203,0.027,0.044,-0.099,-0.374,0.005,0.347,0.139,0.163,-0.345,-0.231,0.327,-0.203,-0.236,-0.166,0.413,-0.002,0.126,0.419,0.536,-0.196,-0.275,0.411,0.534,0.262,0.086,0.366,-0.287,0.219,-0.217,0.407,0.259,0.546,0.068,0.425,0.327,-0.402,-0.295,-0.263,-0.171,-0.091,-0.282,-0.342,0.406,0.073,0.247,-0.214,0.13,-0.299,-0.205,-0.187,-0.103,-0.316,-0.181,0.043,0.435,-0.268,0.397,-0.202,0.136,0.31,-0.039,0.167,0.059,-0.242,-0.056,-0.326,-0.142,-0.255,-0.348,0.071,-0.33,-0.259,-0.052,0.311,-0.229,-0.192,0.112,-0.347,-0.308,-0.252,0.087,0.494,-0.298,-0.1,0.065,-0.131,0.29,0.027,-0.277,-0.265,-0.167,-0.146,0.07,0.388,-0.139,-0.461,0.304,-0.285,0.302,0.352,0.394,-0.1,-0.133,-0.275,-0.057,-0.301,-0.241,0.252,0.322,-0.169,-0.306,0.29,-0.187,0.285,0.119,-0.249,-0.236,-0.174,0.525
ATRC,-0.527,0.507,-0.702,0.141,0.741,-0.4,-0.482,-0.65,0.535,-0.691,0.437,-0.182,0.482,0.444,0.646,0.669,-0.221,0.0,-0.435,-0.436,-0.749,0.696,0.191,0.153,0.399,0.074,0.633,-0.635,0.235,0.662,0.801,0.752,-0.538,0.58,-0.685,-0.277,-0.28,0.3,0.74,0.419,0.126,-0.517,-0.402,0.653,-0.407,0.715,0.26,0.129,0.803,-0.617,0.426,-0.083,0.604,0.685,-0.471,-0.386,-0.324,-0.155,0.372,0.707,-0.648,0.522,0.731,-0.02,0.446,0.103,0.746,-0.284,0.134,-0.637,0.729,0.595,0.447,0.783,-0.243,-0.238,0.617,-0.392,0.476,-0.434,0.623,0.44,0.391,0.491,0.606,-0.591,-0.726,0.736,-0.187,0.328,0.777,-0.544,0.445,0.867,0.697,0.429,0.225,-0.329,-0.557,-0.094,0.74,0.061,-0.076,-0.506,0.372,0.634,0.005,0.48,-0.082,0.782,-0.524,-0.233,-0.295,0.243,-0.685,-0.273,0.732,0.591,0.686,0.894,0.248,0.859,0.328,-0.548,-0.05,0.189,0.672,-0.416,0.688,0.68,0.633,0.782,0.612,0.198,-0.572,-0.643,0.835,-0.716,0.852,0.416,-0.597,0.366,-0.63,0.651,0.794,0.313,0.825,-0.168,0.749,0.797,-0.063,0.686,0.773,0.762,-0.332,0.693,0.727,0.307,0.398,0.777,0.848,0.438,0.031,0.759,-0.036,0.79,0.32,-0.793,0.693,0.805,0.187,0.569,0.49,-0.219,-0.727,0.482,0.522,-0.679,0.78,-0.471,-0.049,-0.591,-0.171,0.832,0.69,-0.337,0.226,0.732,-0.508,-0.011,0.679,0.801,-0.683,0.68,0.345,-0.117,0.597,0.791,0.892,-0.235
AVGO,-0.075,-0.008,0.656,-0.369,-0.3,0.393,0.766,0.55,-0.875,0.609,-0.523,-0.162,-0.716,-0.313,-0.692,-0.389,0.462,-0.435,0.0,0.787,0.541,-0.762,-0.627,0.362,-0.535,0.278,-0.231,0.502,-0.542,-0.636,-0.555,-0.722,0.291,-0.564,0.778,0.66,0.493,0.065,-0.497,-0.237,0.367,0.198,0.579,-0.812,0.135,-0.539,-0.001,0.471,-0.647,0.442,-0.491,-0.203,-0.339,-0.394,0.837,0.794,0.779,0.25,-0.074,-0.715,0.679,-0.635,-0.307,-0.235,-0.034,0.374,-0.699,0.587,0.128,0.72,-0.733,-0.746,-0.174,-0.598,0.521,0.574,-0.317,0.756,-0.564,0.5,-0.282,-0.138,-0.092,-0.726,-0.364,0.512,0.568,-0.149,0.007,-0.315,-0.603,0.804,-0.195,-0.209,-0.751,0.061,0.237,0.05,0.781,0.669,-0.291,-0.412,-0.018,0.726,-0.05,-0.072,0.096,-0.734,-0.17,-0.637,0.635,0.145,0.598,-0.532,0.789,0.815,-0.78,-0.354,-0.572,-0.528,-0.407,-0.674,-0.245,0.351,0.267,0.329,-0.796,0.353,-0.502,-0.417,-0.532,-0.572,-0.358,-0.673,0.486,0.676,-0.646,0.471,-0.265,-0.575,0.802,0.152,0.197,-0.468,-0.614,-0.715,-0.689,0.237,-0.801,-0.567,0.417,-0.728,-0.602,-0.1,0.718,-0.715,-0.742,0.241,-0.494,-0.675,-0.693,-0.417,0.143,-0.504,0.44,-0.103,-0.101,0.527,-0.34,-0.591,-0.452,-0.023,-0.064,0.478,0.516,-0.292,-0.59,0.743,-0.619,0.818,0.646,0.736,0.185,-0.593,-0.566,0.317,-0.169,-0.603,0.151,0.072,-0.723,-0.674,0.359,-0.741,-0.132,0.375,-0.474,-0.447,-0.578,0.762
AVT,0.118,0.172,0.735,-0.409,-0.33,0.314,0.903,0.661,-0.717,0.826,-0.461,0.027,-0.714,-0.125,-0.822,-0.46,0.491,-0.436,0.787,0.0,0.666,-0.674,-0.412,0.368,-0.41,0.153,-0.188,0.448,-0.206,-0.514,-0.406,-0.664,0.463,-0.269,0.727,0.839,0.429,0.118,-0.628,-0.277,0.159,0.202,0.821,-0.662,-0.011,-0.539,0.325,0.578,-0.546,0.685,-0.519,-0.065,-0.569,-0.101,0.924,0.784,0.872,0.352,-0.069,-0.683,0.717,-0.707,-0.268,-0.304,-0.027,0.512,-0.539,0.618,-0.026,0.895,-0.641,-0.603,-0.219,-0.789,0.358,0.838,-0.255,0.914,-0.727,0.375,-0.229,-0.014,0.035,-0.615,-0.52,0.502,0.765,-0.128,0.397,-0.557,-0.599,0.804,-0.14,-0.329,-0.66,0.231,0.269,0.278,0.92,0.735,-0.54,-0.46,0.309,0.95,-0.118,0.087,0.376,-0.748,0.175,-0.68,0.779,0.282,0.877,-0.242,0.854,0.776,-0.782,-0.566,-0.373,-0.497,-0.059,-0.664,-0.454,0.559,0.356,0.581,-0.716,0.331,-0.536,-0.38,-0.49,-0.498,-0.386,-0.701,0.406,0.819,-0.571,0.673,-0.406,-0.263,0.865,0.171,0.471,-0.401,-0.743,-0.326,-0.711,0.04,-0.716,-0.756,0.164,-0.696,-0.552,-0.118,0.782,-0.777,-0.662,0.069,-0.241,-0.653,-0.704,-0.081,0.431,-0.655,0.154,-0.144,-0.16,0.679,-0.26,-0.575,-0.344,-0.234,-0.068,0.449,0.705,-0.254,-0.747,0.833,-0.678,0.719,0.711,0.887,0.145,-0.581,-0.42,0.234,-0.238,-0.641,0.541,0.324,-0.662,-0.76,0.577,-0.693,0.211,0.535,-0.468,-0.654,-0.565,0.901
AXDX,0.305,-0.261,0.823,-0.063,-0.768,0.223,0.568,0.797,-0.669,0.89,-0.596,0.056,-0.683,-0.192,-0.878,-0.585,0.253,-0.749,0.541,0.666,0.0,-0.68,-0.314,-0.167,-0.584,-0.258,-0.378,0.663,-0.139,-0.539,-0.766,-0.751,0.647,-0.433,0.669,0.52,0.085,-0.39,-0.908,-0.643,-0.362,0.335,0.568,-0.691,0.014,-0.88,0.066,-0.014,-0.843,0.82,-0.613,0.02,-0.768,-0.424,0.664,0.43,0.54,0.081,-0.454,-0.613,0.683,-0.676,-0.711,-0.095,-0.103,0.177,-0.61,0.22,-0.343,0.796,-0.713,-0.554,-0.609,-0.882,0.065,0.453,-0.719,0.515,-0.766,0.402,-0.697,-0.51,-0.466,-0.567,-0.776,0.534,0.893,-0.514,0.482,-0.666,-0.869,0.554,-0.565,-0.722,-0.792,-0.038,-0.282,0.288,0.746,0.442,-0.864,-0.311,0.337,0.691,-0.472,-0.385,0.158,-0.58,0.367,-0.777,0.801,0.568,0.62,-0.197,0.791,0.366,-0.858,-0.819,-0.562,-0.812,0.077,-0.827,-0.557,0.806,0.025,0.22,-0.735,0.344,-0.815,-0.797,-0.809,-0.776,-0.692,-0.533,0.36,0.693,-0.796,0.911,-0.797,-0.377,0.797,-0.414,0.754,-0.559,-0.838,-0.264,-0.898,-0.102,-0.828,-0.889,-0.156,-0.775,-0.829,-0.504,0.472,-0.824,-0.808,-0.362,-0.284,-0.772,-0.827,-0.079,0.218,-0.715,-0.081,-0.632,-0.562,0.737,-0.508,-0.901,-0.477,-0.409,-0.591,0.078,0.887,-0.641,-0.81,0.753,-0.655,0.477,0.297,0.711,0.089,-0.767,-0.686,0.136,-0.332,-0.806,0.668,0.297,-0.754,-0.88,0.874,-0.72,0.003,0.11,-0.809,-0.778,-0.772,0.481
AXSM,-0.163,0.294,-0.797,0.302,0.465,-0.444,-0.71,-0.608,0.772,-0.706,0.425,0.009,0.764,0.305,0.696,0.619,-0.249,0.696,-0.762,-0.674,-0.68,0.0,0.605,-0.18,0.565,-0.169,0.53,-0.517,0.422,0.777,0.72,0.775,-0.564,0.651,-0.842,-0.527,-0.494,0.023,0.628,0.287,-0.087,-0.498,-0.558,0.787,-0.279,0.608,0.049,-0.256,0.758,-0.572,0.308,0.16,0.373,0.537,-0.689,-0.737,-0.646,-0.216,0.163,0.73,-0.692,0.579,0.503,0.11,0.317,-0.281,0.771,-0.557,-0.065,-0.692,0.783,0.659,0.266,0.703,-0.476,-0.45,0.43,-0.619,0.554,-0.452,0.375,0.313,0.279,0.642,0.353,-0.613,-0.644,0.432,0.018,0.219,0.673,-0.79,0.288,0.53,0.751,0.147,-0.124,-0.199,-0.715,-0.457,0.518,0.274,0.012,-0.67,0.33,0.385,-0.069,0.811,0.115,0.747,-0.668,-0.113,-0.462,0.451,-0.763,-0.673,0.803,0.431,0.706,0.694,0.466,0.811,0.271,-0.443,-0.207,-0.232,0.78,-0.252,0.583,0.505,0.623,0.651,0.441,0.504,-0.616,-0.765,0.769,-0.566,0.528,0.581,-0.763,0.01,-0.387,0.566,0.721,0.561,0.836,-0.378,0.825,0.659,-0.397,0.647,0.725,0.438,-0.701,0.731,0.798,-0.068,0.352,0.709,0.827,0.47,-0.021,0.659,-0.394,0.372,0.137,-0.685,0.636,0.689,0.326,0.28,0.217,-0.472,-0.595,0.333,0.583,-0.802,0.726,-0.732,-0.45,-0.801,-0.285,0.719,0.693,-0.478,0.363,0.609,-0.218,-0.04,0.707,0.758,-0.524,0.728,0.278,-0.401,0.506,0.604,0.841,-0.458
AZN,0.12,0.217,-0.493,-0.029,0.316,-0.394,-0.397,-0.294,0.548,-0.351,0.285,0.56,0.494,0.014,0.441,0.176,0.014,0.191,-0.627,-0.412,-0.314,0.605,0.0,-0.156,0.376,-0.084,0.284,-0.423,0.441,0.267,0.549,0.479,-0.254,0.369,-0.533,-0.225,-0.211,0.033,0.308,0.292,-0.002,-0.166,-0.093,0.464,-0.044,0.398,0.096,-0.141,0.489,-0.191,0.232,0.345,0.086,0.406,-0.391,-0.436,-0.373,0.009,0.208,0.35,-0.406,0.366,0.366,0.122,-0.009,-0.16,0.451,-0.303,-0.123,-0.319,0.516,0.457,0.106,0.232,-0.404,-0.15,0.293,-0.366,0.435,-0.204,0.231,0.408,0.4,0.569,0.146,-0.355,-0.286,0.184,0.108,0.117,0.452,-0.443,0.184,0.009,0.579,0.061,-0.111,0.147,-0.454,-0.368,0.183,0.182,0.204,-0.307,0.322,0.249,0.208,0.465,0.125,0.348,-0.325,-0.036,-0.179,0.559,-0.478,-0.425,0.485,0.113,0.437,0.334,0.325,0.36,0.096,-0.164,0.025,-0.246,0.431,0.05,0.413,0.328,0.473,0.392,0.064,0.657,-0.232,-0.183,0.503,-0.207,0.091,0.584,-0.512,-0.054,0.083,0.367,0.315,0.59,0.467,-0.28,0.588,0.215,-0.434,0.452,0.427,0.187,-0.426,0.409,0.653,-0.016,0.363,0.382,0.42,0.406,0.122,0.153,-0.469,0.03,0.092,-0.241,0.453,0.414,0.408,-0.264,0.133,-0.216,-0.254,0.351,0.232,-0.357,0.223,-0.463,-0.218,-0.366,-0.313,0.36,0.322,-0.197,0.07,0.3,0.134,0.082,0.491,0.336,-0.201,0.502,0.227,-0.08,0.38,0.078,0.398,-0.262
BANR,0.021,0.015,0.023,-0.71,0.32,0.568,0.593,0.157,-0.222,0.112,0.038,0.353,0.123,-0.299,-0.003,-0.362,0.062,0.153,0.362,0.368,-0.167,-0.18,-0.156,0.0,0.409,0.876,0.166,0.047,-0.517,-0.26,0.305,-0.224,-0.151,-0.03,0.47,0.334,0.853,0.915,0.159,0.691,0.682,0.17,0.363,-0.258,0.465,0.347,0.06,0.896,0.063,-0.022,0.063,0.434,0.283,0.018,0.453,0.709,0.626,0.853,0.787,-0.458,0.452,-0.281,0.53,0.3,-0.298,0.61,-0.331,0.879,0.766,0.321,-0.271,-0.422,0.773,-0.085,0.805,0.402,0.67,0.594,0.086,0.481,0.659,0.619,0.66,-0.361,0.372,0.374,0.021,0.011,-0.024,0.284,0.093,0.604,0.791,0.365,-0.111,-0.043,0.927,0.177,0.4,0.072,0.262,0.139,-0.48,0.343,0.232,0.322,-0.071,-0.392,-0.482,-0.277,-0.053,-0.611,0.199,-0.18,0.298,0.714,0.063,0.287,0.132,0.063,-0.144,-0.08,0.504,-0.413,0.818,0.38,-0.293,0.218,0.44,0.546,0.454,0.03,0.234,-0.189,0.511,0.358,0.202,-0.253,0.319,-0.23,0.336,0.927,-0.228,-0.194,-0.187,-0.314,0.079,0.511,-0.121,-0.049,0.531,-0.103,0.053,0.284,0.628,-0.286,0.024,0.678,0.044,-0.124,-0.158,-0.234,0.134,-0.23,0.555,0.276,0.76,0.253,0.062,0.3,0.477,0.137,0.777,0.889,-0.136,0.592,0.154,0.375,-0.365,0.669,0.652,0.416,0.501,-0.133,0.276,0.664,0.426,-0.188,-0.003,-0.354,-0.245,-0.133,-0.307,-0.348,-0.146,0.846,0.475,-0.216,0.012,0.494
BBIO,0.265,-0.021,-0.459,-0.145,0.36,0.275,-0.159,-0.403,0.554,-0.429,0.547,0.339,0.8,0.029,0.61,0.103,-0.219,0.399,-0.535,-0.41,-0.584,0.565,0.376,0.409,0.0,0.427,0.247,-0.273,0.055,0.407,0.612,0.428,-0.33,0.45,-0.287,-0.278,0.231,0.601,0.527,0.737,0.28,0.055,-0.286,0.534,0.341,0.7,-0.175,0.194,0.515,-0.47,0.4,0.618,0.439,0.209,-0.411,-0.185,-0.24,0.431,0.586,0.243,-0.164,0.364,0.524,0.486,-0.318,-0.091,0.212,0.14,0.519,-0.359,0.411,0.295,0.74,0.423,0.229,-0.203,0.748,-0.165,0.633,-0.008,0.678,0.538,0.541,0.366,0.464,-0.177,-0.436,0.016,0.056,0.496,0.51,-0.208,0.77,0.407,0.496,-0.122,0.491,0.081,-0.322,-0.588,0.43,0.679,-0.406,-0.351,0.17,0.219,-0.226,0.41,-0.112,0.29,-0.684,-0.635,-0.401,0.391,-0.345,-0.228,0.683,0.555,0.418,0.389,0.257,0.427,0.662,-0.59,0.388,-0.066,0.495,-0.157,0.691,0.721,0.796,0.49,0.471,0.438,-0.002,-0.363,0.628,-0.538,0.372,0.236,-0.437,0.526,-0.43,0.266,0.344,0.362,0.611,0.265,0.546,0.411,0.135,0.386,0.474,0.116,-0.149,0.374,0.631,0.186,0.181,0.307,0.443,0.057,0.062,0.233,-0.004,0.225,0.689,-0.15,0.323,0.669,0.805,0.197,0.534,0.254,-0.469,0.621,0.652,-0.394,0.217,-0.155,-0.168,-0.311,0.385,0.379,0.756,0.26,0.662,0.275,-0.041,-0.437,0.411,0.439,-0.483,0.302,-0.006,0.234,0.747,0.186,0.48,-0.285
BCYC,0.114,-0.196,-0.084,-0.67,0.319,0.607,0.415,0.028,-0.159,-0.069,0.153,0.382,0.188,-0.393,0.156,-0.388,-0.103,0.074,0.278,0.153,-0.258,-0.169,-0.084,0.876,0.427,0.0,0.002,-0.028,-0.544,-0.339,0.259,-0.191,-0.269,-0.158,0.431,0.128,0.886,0.854,0.299,0.789,0.72,0.224,0.168,-0.291,0.626,0.426,-0.213,0.714,0.075,-0.216,0.237,0.439,0.444,-0.185,0.27,0.59,0.436,0.748,0.731,-0.432,0.316,-0.119,0.466,0.335,-0.462,0.432,-0.375,0.805,0.808,0.126,-0.234,-0.386,0.79,0.028,0.848,0.181,0.658,0.411,0.296,0.433,0.637,0.598,0.63,-0.288,0.498,0.326,-0.147,-0.069,-0.32,0.553,0.182,0.534,0.755,0.338,-0.047,-0.271,0.856,0.1,0.205,-0.103,0.387,0.276,-0.633,0.132,0.161,0.219,-0.233,-0.316,-0.66,-0.2,-0.251,-0.748,-0.061,-0.178,0.148,0.585,0.127,0.442,-0.008,0.036,-0.389,-0.09,0.576,-0.579,0.697,0.101,-0.248,0.22,0.508,0.555,0.461,0.071,0.303,-0.001,0.576,0.261,0.164,-0.402,0.28,-0.363,0.166,0.845,-0.325,-0.18,-0.106,-0.415,0.134,0.689,-0.059,0.077,0.664,-0.046,0.122,0.171,0.498,-0.174,0.092,0.689,-0.027,-0.138,-0.127,-0.471,-0.109,-0.153,0.624,0.214,0.8,0.187,0.021,0.347,0.563,0.155,0.784,0.871,-0.292,0.604,0.298,0.256,-0.34,0.589,0.488,0.291,0.51,-0.108,0.261,0.71,0.506,-0.083,-0.17,-0.554,-0.164,-0.054,-0.442,-0.266,-0.373,0.745,0.541,-0.144,-0.016,0.277
BHFAP,-0.366,0.342,-0.443,-0.074,0.465,-0.321,-0.242,-0.173,0.188,-0.275,-0.08,0.034,0.33,0.052,0.267,0.314,-0.051,0.633,-0.231,-0.188,-0.378,0.53,0.284,0.166,0.247,0.002,0.0,-0.227,0.022,0.421,0.561,0.357,-0.371,0.33,-0.392,-0.09,-0.184,0.169,0.283,0.208,0.055,-0.458,-0.073,0.336,-0.348,0.305,0.387,0.234,0.412,-0.192,-0.036,0.118,0.28,0.532,-0.086,-0.151,-0.012,0.073,0.415,0.335,-0.28,0.026,0.503,0.081,0.473,0.266,0.461,-0.12,0.052,-0.194,0.331,0.17,0.249,0.35,-0.223,-0.09,0.343,-0.176,0.131,-0.016,0.36,0.381,0.391,0.171,0.152,-0.362,-0.276,0.446,0.157,-0.106,0.354,-0.303,0.285,0.544,0.341,0.398,0.113,-0.054,-0.182,0.004,0.318,-0.12,-0.032,-0.234,0.335,0.443,-0.023,0.273,0.051,0.331,-0.142,0.033,-0.015,0.04,-0.332,-0.006,0.404,0.153,0.579,0.515,0.406,0.497,0.207,-0.199,0.151,0.27,0.255,0.027,0.389,0.359,0.388,0.314,0.116,0.052,-0.321,-0.283,0.613,-0.302,0.553,0.289,-0.21,0.234,-0.205,0.242,0.355,0.209,0.491,-0.39,0.341,0.353,-0.369,0.337,0.359,0.64,-0.167,0.216,0.449,0.293,0.361,0.459,0.469,0.458,0.109,0.33,-0.031,0.431,0.094,-0.445,0.535,0.412,0.029,0.226,0.3,-0.129,-0.317,0.292,0.161,-0.278,0.379,-0.187,0.115,-0.333,-0.204,0.402,0.387,-0.235,0.201,0.233,-0.128,0.056,0.233,0.344,-0.309,0.263,0.262,0.027,0.264,0.334,0.586,0.055
BKR,0.357,-0.513,0.699,-0.074,-0.749,0.516,0.509,0.745,-0.561,0.703,-0.607,-0.003,-0.288,-0.258,-0.683,-0.512,0.109,-0.635,0.502,0.448,0.663,-0.517,-0.423,0.047,-0.273,-0.028,-0.227,0.0,-0.397,-0.381,-0.694,-0.754,0.413,-0.372,0.714,0.162,0.262,-0.188,-0.72,-0.418,-0.153,0.292,0.344,-0.645,0.317,-0.74,-0.182,0.03,-0.802,0.637,-0.705,0.103,-0.453,-0.669,0.546,0.429,0.425,0.27,-0.287,-0.681,0.743,-0.669,-0.614,0.187,-0.271,-0.071,-0.739,0.321,0.086,0.637,-0.782,-0.73,-0.281,-0.653,0.33,0.133,-0.507,0.441,-0.521,0.61,-0.545,-0.466,-0.395,-0.721,-0.537,0.671,0.779,-0.674,0.372,-0.445,-0.853,0.487,-0.277,-0.475,-0.785,-0.347,-0.144,0.283,0.647,0.057,-0.68,-0.01,-0.04,0.439,-0.382,-0.591,-0.102,-0.384,0.118,-0.763,0.527,0.24,0.324,-0.377,0.7,0.349,-0.6,-0.488,-0.39,-0.757,0.082,-0.698,-0.154,0.554,0.053,0.026,-0.637,0.474,-0.65,-0.625,-0.58,-0.798,-0.532,-0.504,0.447,0.424,-0.619,0.67,-0.617,-0.544,0.749,-0.218,0.549,-0.786,-0.74,-0.406,-0.668,0.067,-0.813,-0.721,0.032,-0.77,-0.804,-0.552,0.333,-0.767,-0.772,-0.199,-0.483,-0.701,-0.732,-0.232,-0.008,-0.629,0.22,-0.665,-0.288,0.689,-0.616,-0.755,-0.268,-0.168,-0.412,0.224,0.736,-0.539,-0.398,0.613,-0.589,0.551,0.123,0.442,0.349,-0.816,-0.498,0.273,0.023,-0.848,0.435,-0.099,-0.83,-0.703,0.688,-0.809,-0.453,0.102,-0.619,-0.653,-0.691,0.299
BLDP,0.073,0.447,-0.155,0.442,0.141,-0.521,-0.375,-0.416,0.536,-0.202,0.446,-0.08,0.057,0.686,0.244,0.5,0.087,0.235,-0.542,-0.206,-0.139,0.422,0.441,-0.517,0.055,-0.544,0.022,-0.397,0.0,0.519,0.278,0.552,0.016,0.686,-0.616,-0.08,-0.602,-0.295,0.187,-0.167,-0.36,-0.152,-0.146,0.589,-0.481,0.204,0.218,-0.319,0.45,-0.093,0.143,-0.203,-0.105,0.548,-0.403,-0.543,-0.411,-0.487,-0.336,0.615,-0.495,0.527,0.081,-0.352,0.284,-0.296,0.586,-0.574,-0.477,-0.32,0.658,0.738,-0.285,0.21,-0.708,0.085,-0.004,-0.311,0.17,-0.718,-0.018,0.019,-0.036,0.703,-0.063,-0.448,-0.153,0.381,0.167,-0.079,0.368,-0.523,-0.18,-0.011,0.564,0.419,-0.333,0.103,-0.364,-0.008,0.0,0.021,0.629,-0.11,0.018,0.284,0.491,0.454,0.589,0.51,-0.09,0.367,0.109,0.647,-0.372,-0.596,0.27,-0.019,0.204,0.379,0.394,0.399,-0.345,0.201,-0.429,0.054,0.623,-0.426,0.031,0.089,0.09,0.525,0.118,0.326,-0.595,-0.321,0.242,0.027,-0.001,0.704,-0.472,-0.323,0.112,0.616,0.404,0.704,0.289,-0.363,0.503,0.18,-0.328,0.365,0.361,-0.03,-0.385,0.494,0.421,-0.34,0.155,0.332,0.457,0.55,0.395,0.309,-0.621,0.198,-0.234,-0.25,0.297,0.212,-0.015,0.04,-0.196,-0.569,-0.044,-0.12,-0.01,-0.451,0.472,-0.65,-0.315,-0.289,-0.35,0.511,0.308,-0.539,-0.278,0.444,0.135,0.429,0.606,0.381,0.094,0.637,0.567,-0.393,0.081,0.278,0.38,-0.255
BLFS,-0.092,0.295,-0.501,0.616,0.305,-0.307,-0.599,-0.534,0.706,-0.574,0.485,-0.296,0.574,0.603,0.55,0.638,-0.253,0.662,-0.636,-0.514,-0.539,0.777,0.267,-0.26,0.407,-0.339,0.421,-0.381,0.519,0.0,0.514,0.699,-0.456,0.748,-0.743,-0.421,-0.608,-0.059,0.52,0.109,-0.272,-0.31,-0.626,0.782,-0.376,0.458,0.079,-0.267,0.626,-0.466,0.146,-0.026,0.287,0.533,-0.642,-0.668,-0.598,-0.345,-0.057,0.771,-0.584,0.532,0.33,0.024,0.382,-0.24,0.723,-0.57,-0.127,-0.625,0.714,0.672,0.186,0.668,-0.483,-0.315,0.305,-0.515,0.401,-0.494,0.298,0.046,0.002,0.636,0.277,-0.511,-0.539,0.357,0.141,0.091,0.571,-0.757,0.19,0.524,0.608,0.206,-0.139,-0.053,-0.576,-0.354,0.416,0.297,0.06,-0.546,0.136,0.354,-0.034,0.732,0.267,0.734,-0.556,0.023,-0.369,0.279,-0.597,-0.685,0.681,0.362,0.519,0.649,0.542,0.799,0.196,-0.266,-0.232,-0.046,0.771,-0.537,0.373,0.397,0.448,0.595,0.462,0.26,-0.576,-0.797,0.589,-0.437,0.496,0.465,-0.634,-0.038,-0.339,0.588,0.665,0.463,0.732,-0.285,0.668,0.59,-0.285,0.529,0.591,0.228,-0.594,0.66,0.604,-0.243,0.26,0.578,0.775,0.456,0.052,0.763,-0.374,0.403,0.06,-0.637,0.358,0.553,0.167,0.476,0.099,-0.506,-0.464,0.131,0.479,-0.756,0.822,-0.703,-0.513,-0.695,-0.083,0.693,0.643,-0.566,0.339,0.56,-0.182,-0.006,0.661,0.734,-0.341,0.671,0.404,-0.492,0.364,0.654,0.756,-0.409
