,ABAT,ACLS,ACMR,ADMA,ADUS,ADVM,AEIS,AGNCM,AHCO,ALGT,ALLO,AMSF,ANAB,ANDE,APLS,APPF,ASML,ATRC,AVGO,AVT,AXDX,AXSM,AZN,BANR,BBIO,BCYC,BHFAP,BKR,BLDP,BLFS,BLKB,BLMN,BNTX,BPMC,CALM,CAMT,CASH,CATY,CCEP,CDLX,CDNS,CENN,CENX,CGC,CHDN,CLBK,COKE,COLB,COO,CORT,CRMT,CRNX,CRTO,CRVL,CSCO,CSQ,CSWI,CVBF,CWST,CYCC,CZR,DLTR,DORM,ENTA,EQIX,ERIC,EVRG,EWBC,EXAS,EXLS,EXPI,EYE,FBNC,FBRX,FCNCA,FELE,FIBK,FLEX,FRGT,FRHC,FRME,FWONA,FWONK,GDEN,GIII,GILD,GLNG,GNTX,GOOGL,GRPN,HCSG,HIMX,HOPE,HST,HTLD,HUT,HWC,ICUI,IESC,INTC,INTU,IOVA,IPAR,IPGP,ISRG,JBSS,KALU,KPRX,KRNT,LAUR,LBRDA,LBTYK,LECO,LILAK,LITE,MANH,MDXG,MFIC,MGEE,MIDD,MLAB,MMSI,MNKD,MOMO,MRVL,NICE,NMFC,NUWE,NVCR,NWBI,OFIX,OFLX,OMCL,OPK,ORKA,ORLY,OTTR,PDD,PNTG,POOL,POWL,PPBI,PPC,PRAA,PRPL,PZZA,QTRX,QURE,RDFN,RDHL,REAL,REG,REYN,RGLD,RIOT,RUN,RYTM,SAIA,SBAC,SBRA,SCVL,SHOO,SLAB,SLDB,SMCI,SMTC,SRCE,SSP,SSRM,STBA,STRO,SVC,SYBT,TCBI,TCOM,TENX,TH,TMUS,TNDM,TTD,TTMI,UAL,ULH,ULTA,VCYT,VIRT,VKTX,VOD,VRDN,VREX,VRNT,VSAT,WB,WBD,WDC,WEN,WSFS,XXII,Z,ZBRA
ABAT,0.0,0.202,0.42,0.363,-0.044,0.063,-0.125,0.042,-0.046,-0.103,0.101,-0.311,0.24,0.434,0.093,0.098,0.151,-0.251,0.158,-0.092,0.298,-0.076,0.238,-0.24,0.258,-0.08,-0.003,0.054,0.377,0.228,0.036,-0.059,0.349,0.162,-0.084,0.149,-0.222,-0.303,-0.132,-0.322,-0.17,-0.238,-0.416,-0.232,-0.195,-0.237,0.3,-0.394,-0.08,-0.125,0.379,-0.115,0.162,0.275,-0.222,-0.325,0.072,-0.293,-0.079,0.172,0.142,0.381,-0.27,0.08,-0.264,-0.272,-0.093,-0.368,-0.184,-0.237,0.242,0.238,-0.04,0.395,-0.01,0.258,-0.167,-0.322,-0.015,-0.3,-0.012,-0.393,-0.443,0.373,-0.027,-0.289,0.337,-0.365,-0.165,0.198,-0.327,-0.049,0.03,0.103,0.25,-0.271,-0.26,0.189,0.062,-0.033,-0.335,-0.1,-0.068,-0.3,-0.366,0.246,-0.143,-0.176,0.406,-0.162,-0.47,0.341,-0.12,0.043,0.402,0.134,-0.259,-0.215,-0.016,-0.096,0.292,-0.127,-0.237,0.246,-0.226,-0.115,0.405,-0.35,-0.195,-0.119,-0.299,-0.093,-0.157,-0.2,-0.19,-0.185,-0.238,0.332,-0.002,-0.064,0.027,-0.174,-0.151,0.299,0.384,-0.022,-0.279,-0.07,0.012,0.139,0.291,-0.235,0.163,-0.282,-0.222,0.301,0.02,-0.31,0.058,-0.343,0.348,0.309,0.239,0.399,0.254,-0.159,-0.081,-0.185,-0.354,0.119,0.127,0.262,-0.308,-0.245,0.06,-0.334,0.178,-0.311,0.434,-0.424,-0.209,-0.236,0.428,0.171,0.148,0.164,-0.217,0.298,0.232,-0.304,0.361,0.454,0.4,0.09,-0.002,-0.264,-0.026,0.271,0.152,-0.276
ACLS,0.202,0.0,0.703,0.566,0.165,-0.565,-0.129,0.446,-0.703,-0.738,-0.146,-0.803,0.398,0.845,-0.015,0.635,0.884,-0.572,0.565,-0.058,-0.109,-0.675,0.584,-0.525,0.441,-0.017,0.609,0.292,0.592,0.35,-0.036,-0.61,0.879,0.522,-0.244,0.514,-0.074,-0.684,0.227,-0.742,0.442,-0.653,-0.533,-0.745,-0.087,-0.529,0.611,-0.664,0.287,-0.707,0.502,-0.682,0.166,0.706,-0.715,-0.406,0.358,-0.551,-0.259,-0.138,0.416,0.731,-0.429,-0.542,-0.743,-0.781,-0.644,-0.789,-0.232,-0.274,0.59,0.341,0.085,0.401,0.107,0.647,-0.475,-0.388,-0.178,-0.884,-0.11,-0.637,-0.605,-0.194,-0.436,-0.864,0.867,-0.703,-0.372,-0.104,-0.626,-0.157,0.048,0.246,0.479,-0.859,-0.129,0.546,0.091,0.621,0.183,-0.631,0.049,-0.498,-0.799,0.318,-0.188,-0.702,0.429,-0.276,-0.484,0.241,-0.557,-0.479,0.781,0.578,-0.477,-0.233,-0.243,-0.298,0.47,-0.229,-0.588,0.557,-0.741,-0.663,0.777,-0.743,-0.302,-0.297,-0.615,-0.462,-0.035,-0.079,-0.705,-0.268,-0.477,0.775,0.18,0.104,-0.172,-0.156,-0.582,0.755,0.406,-0.531,-0.666,-0.805,0.441,-0.346,0.867,-0.732,0.416,-0.798,-0.811,0.821,-0.073,-0.151,-0.155,-0.85,0.748,0.682,0.436,0.651,0.33,-0.503,-0.125,-0.473,-0.814,0.613,0.393,0.915,-0.635,-0.536,0.178,-0.814,0.728,-0.795,0.83,-0.631,-0.543,-0.891,0.672,-0.11,-0.088,0.41,-0.527,0.649,0.098,-0.905,0.879,0.698,0.604,-0.029,-0.469,-0.616,0.017,0.772,0.504,-0.15
ACMR,0.42,0.703,0.0,0.827,-0.415,-0.635,-0.495,0.114,-0.646,-0.757,-0.26,-0.629,0.07,0.65,-0.205,0.777,0.788,-0.401,0.202,-0.168,0.222,-0.712,0.186,-0.823,-0.024,-0.531,0.302,0.63,0.692,0.495,-0.336,-0.481,0.809,0.44,-0.596,0.133,-0.591,-0.819,0.01,-0.802,0.338,-0.329,-0.671,-0.445,-0.063,-0.777,0.204,-0.707,-0.175,-0.692,0.12,-0.808,-0.107,0.248,-0.868,-0.663,-0.16,-0.742,-0.695,-0.24,0.083,0.656,-0.779,-0.582,-0.513,-0.836,-0.681,-0.746,-0.497,-0.462,0.578,0.504,-0.391,0.677,-0.297,0.26,-0.785,-0.548,-0.24,-0.672,-0.51,-0.788,-0.782,-0.025,-0.678,-0.684,0.585,-0.557,-0.134,-0.239,-0.669,-0.55,-0.441,-0.118,0.026,-0.604,-0.498,0.083,-0.363,0.36,-0.018,-0.228,0.453,-0.325,-0.629,-0.107,-0.088,-0.318,0.425,-0.106,-0.524,0.147,-0.619,-0.533,0.394,0.05,-0.382,-0.215,-0.608,-0.527,0.146,-0.242,-0.509,0.895,-0.798,-0.709,0.615,-0.587,-0.612,-0.645,-0.703,-0.49,0.087,-0.0,-0.749,-0.626,-0.6,0.882,-0.346,-0.099,-0.544,-0.589,-0.271,0.488,0.36,-0.635,-0.685,-0.725,0.078,-0.295,0.588,-0.709,-0.002,-0.841,-0.686,0.825,-0.475,-0.177,-0.489,-0.623,0.432,0.327,0.184,0.537,0.04,-0.568,-0.502,-0.433,-0.743,0.077,-0.034,0.79,-0.832,-0.831,0.597,-0.674,0.668,-0.769,0.796,-0.71,-0.61,-0.805,0.426,0.067,-0.188,-0.088,-0.299,0.337,-0.12,-0.656,0.694,0.49,0.912,0.042,-0.411,-0.754,-0.479,0.881,0.098,-0.32
ADMA,0.363,0.566,0.827,0.0,-0.445,-0.666,-0.57,0.178,-0.509,-0.752,-0.17,-0.583,-0.02,0.626,-0.071,0.712,0.648,-0.314,0.129,-0.187,0.454,-0.648,0.101,-0.853,-0.118,-0.654,0.197,0.593,0.674,0.616,-0.405,-0.397,0.748,0.411,-0.631,-0.037,-0.699,-0.812,-0.14,-0.828,0.282,-0.274,-0.777,-0.425,-0.0,-0.762,0.109,-0.701,-0.267,-0.667,0.109,-0.775,-0.163,0.215,-0.874,-0.836,-0.294,-0.742,-0.709,-0.249,-0.038,0.644,-0.827,-0.6,-0.42,-0.79,-0.582,-0.736,-0.677,-0.414,0.631,0.648,-0.437,0.722,-0.373,0.186,-0.789,-0.686,-0.414,-0.631,-0.513,-0.847,-0.862,0.099,-0.635,-0.596,0.484,-0.568,-0.089,-0.189,-0.62,-0.706,-0.509,-0.27,0.006,-0.581,-0.571,0.123,-0.425,0.221,-0.057,-0.223,0.351,-0.308,-0.643,-0.17,-0.058,-0.193,0.423,0.073,-0.54,0.235,-0.643,-0.463,0.324,-0.069,-0.273,-0.302,-0.579,-0.591,0.127,-0.088,-0.41,0.829,-0.796,-0.735,0.555,-0.594,-0.62,-0.634,-0.722,-0.425,0.152,0.107,-0.686,-0.742,-0.644,0.812,-0.343,-0.041,-0.563,-0.624,-0.13,0.501,0.437,-0.562,-0.63,-0.651,0.038,-0.262,0.555,-0.592,-0.081,-0.843,-0.706,0.846,-0.525,-0.15,-0.456,-0.556,0.414,0.295,0.088,0.702,-0.053,-0.634,-0.504,-0.374,-0.765,0.012,-0.136,0.708,-0.834,-0.843,0.47,-0.673,0.592,-0.74,0.81,-0.76,-0.519,-0.747,0.381,0.035,-0.168,-0.156,-0.259,0.303,-0.173,-0.589,0.693,0.491,0.793,0.245,-0.392,-0.788,-0.526,0.851,0.084,-0.292
ADUS,-0.044,0.165,-0.415,-0.445,0.0,0.517,0.574,0.374,0.231,0.309,0.369,-0.104,0.598,0.232,0.288,-0.441,-0.108,-0.273,0.491,0.132,-0.452,0.312,0.646,0.581,0.662,0.864,0.265,-0.714,-0.134,-0.285,0.66,-0.011,-0.152,-0.091,0.683,0.475,0.772,0.331,0.418,0.233,-0.196,-0.343,0.249,-0.246,-0.127,0.474,0.661,0.122,0.65,0.322,0.606,0.442,0.66,0.578,0.48,0.514,0.81,0.378,0.805,0.389,0.635,0.07,0.628,0.393,-0.184,0.307,0.302,0.054,0.515,0.195,-0.207,-0.418,0.706,-0.314,0.608,0.56,0.603,0.279,0.256,-0.087,0.663,0.331,0.339,0.084,0.647,-0.03,0.27,-0.103,-0.412,0.315,0.162,0.789,0.738,0.55,0.739,-0.201,0.479,0.697,0.713,0.287,0.063,-0.391,-0.644,-0.253,-0.01,0.779,-0.183,-0.41,0.022,-0.413,0.033,0.393,0.352,0.289,0.441,0.774,-0.2,-0.09,0.677,0.569,0.497,0.025,-0.071,-0.584,0.289,0.319,0.142,-0.055,0.591,0.59,0.24,0.158,-0.409,-0.226,0.385,0.778,0.27,-0.293,0.82,0.238,0.796,0.682,-0.369,0.209,0.089,0.355,0.144,0.25,0.413,0.161,0.228,0.183,0.734,0.311,0.095,-0.187,0.708,-0.083,0.73,-0.208,0.389,0.458,0.45,0.169,0.63,0.152,0.615,-0.065,0.073,0.641,0.652,-0.058,0.45,0.597,-0.71,-0.023,-0.132,0.181,-0.051,0.209,0.121,0.095,0.299,-0.193,0.196,0.704,-0.233,0.486,0.577,-0.17,0.167,0.338,-0.487,-0.158,0.151,0.347,0.766,-0.345,0.53,0.145
ADVM,0.063,-0.565,-0.635,-0.666,0.517,0.0,0.41,-0.212,0.756,0.825,0.439,0.447,0.307,-0.359,0.253,-0.783,-0.668,0.143,-0.117,0.062,-0.242,0.783,0.153,0.736,0.257,0.587,-0.296,-0.708,-0.334,-0.36,0.563,0.488,-0.701,-0.432,0.537,-0.016,0.484,0.643,0.218,0.639,-0.662,0.135,0.445,0.381,-0.242,0.648,0.171,0.428,0.333,0.799,0.117,0.859,0.419,-0.057,0.856,0.621,0.371,0.566,0.762,0.565,0.19,-0.346,0.698,0.871,0.328,0.738,0.791,0.498,0.58,0.246,-0.556,-0.507,0.389,-0.292,0.358,0.042,0.742,0.42,0.497,0.53,0.51,0.583,0.566,0.39,0.793,0.532,-0.314,0.333,-0.099,0.207,0.437,0.638,0.516,0.269,0.289,0.492,0.273,0.18,0.451,-0.334,-0.313,0.249,-0.468,0.016,0.607,0.439,-0.129,0.21,-0.12,-0.183,0.212,0.195,0.728,0.632,-0.212,0.104,0.062,0.008,0.712,0.703,0.178,0.192,0.245,-0.733,0.723,0.771,-0.278,0.463,0.57,0.555,0.563,0.441,-0.354,-0.293,0.754,0.76,0.511,-0.661,0.418,0.099,0.671,0.48,0.026,-0.354,-0.106,0.694,0.53,0.779,0.106,0.546,-0.505,0.638,0.288,0.799,0.655,-0.681,0.644,-0.215,0.707,0.429,-0.149,-0.059,0.134,-0.288,0.279,0.409,0.464,0.181,0.659,-0.022,0.243,-0.667,0.679,0.715,-0.544,0.531,-0.642,0.632,-0.519,0.453,0.339,0.676,-0.188,0.069,0.224,0.252,0.144,-0.007,0.569,0.504,-0.434,-0.117,-0.605,-0.117,0.53,0.621,0.538,-0.739,0.13,0.004
AEIS,-0.125,-0.129,-0.495,-0.57,0.574,0.41,0.0,0.299,0.358,0.408,0.244,0.355,-0.099,-0.144,0.345,-0.293,-0.367,0.371,0.222,0.606,-0.367,0.374,-0.034,0.759,0.426,0.622,0.298,-0.368,-0.383,-0.086,0.141,0.496,-0.283,0.02,0.773,0.567,0.711,0.68,0.041,0.631,0.224,0.161,0.609,0.036,0.41,0.765,-0.024,0.634,0.314,0.351,0.393,0.436,0.07,0.294,0.569,0.598,0.329,0.741,0.648,-0.057,0.21,-0.432,0.783,0.194,0.231,0.493,0.129,0.479,0.592,0.631,-0.247,-0.174,0.742,-0.695,0.415,-0.009,0.696,0.722,-0.038,0.327,0.729,0.696,0.678,0.144,0.666,0.277,-0.058,0.441,0.217,0.557,0.649,0.606,0.626,0.588,0.247,0.266,0.754,0.165,0.734,0.077,0.357,0.12,-0.263,0.407,0.183,0.367,0.417,0.016,-0.15,0.101,0.43,-0.163,0.679,0.593,0.143,0.371,0.423,0.289,0.614,0.437,0.014,0.267,0.524,-0.633,0.528,0.573,-0.336,0.105,0.638,0.832,0.669,0.649,0.164,0.231,0.417,0.507,0.659,-0.573,0.611,0.319,0.715,0.81,0.274,0.013,-0.147,0.504,0.601,0.335,0.216,0.247,-0.026,0.479,0.046,0.456,0.424,-0.399,0.7,0.5,0.313,0.305,0.014,0.16,0.315,-0.155,0.023,0.588,0.793,0.616,0.26,0.396,0.519,-0.424,0.669,0.738,-0.394,0.269,-0.161,0.469,-0.373,0.629,0.715,0.497,-0.008,0.136,0.637,0.264,0.232,-0.014,0.094,0.27,-0.219,-0.019,-0.608,0.243,0.277,0.716,0.652,-0.64,0.159,0.572
AGNCM,0.042,0.446,0.114,0.178,0.374,-0.212,0.299,0.0,-0.306,-0.221,0.04,-0.458,0.159,0.519,0.244,0.101,0.266,-0.199,0.364,0.109,-0.028,-0.303,0.34,-0.037,0.389,0.284,0.504,-0.122,0.189,0.237,-0.017,-0.214,0.37,0.393,0.269,0.411,0.289,-0.168,0.132,-0.208,0.244,-0.441,-0.229,-0.61,0.056,-0.017,0.328,-0.21,0.358,-0.152,0.535,-0.209,0.101,0.599,-0.246,-0.128,0.394,-0.071,0.11,-0.023,0.236,0.333,0.052,-0.253,-0.393,-0.214,-0.255,-0.37,0.002,0.223,0.404,0.266,0.406,-0.028,0.334,0.489,-0.02,-0.124,-0.307,-0.487,0.317,-0.158,-0.167,-0.107,0.101,-0.399,0.439,-0.397,-0.209,0.279,-0.11,0.057,0.277,0.273,0.484,-0.558,0.21,0.538,0.402,0.212,0.171,-0.504,-0.409,-0.29,-0.5,0.278,0.003,-0.537,0.073,0.187,-0.066,0.172,-0.1,-0.065,0.498,0.569,0.112,-0.233,0.168,-0.179,0.387,0.328,-0.128,-0.036,-0.305,-0.266,0.4,-0.544,0.139,0.169,-0.205,0.063,0.099,0.003,-0.242,-0.003,-0.106,0.164,0.408,0.151,0.256,0.258,-0.155,0.618,0.251,-0.105,-0.153,-0.379,0.491,-0.03,0.542,-0.268,0.252,-0.369,-0.456,0.393,0.215,0.09,0.182,-0.452,0.535,0.57,0.118,0.517,0.146,-0.251,0.241,-0.047,-0.514,0.607,0.385,0.399,-0.127,-0.009,-0.335,-0.506,0.232,-0.353,0.415,-0.233,0.171,-0.357,0.511,-0.258,0.194,0.475,-0.311,0.522,0.074,-0.534,0.508,0.44,0.015,0.361,-0.314,-0.171,0.28,0.193,0.515,0.094
AHCO,-0.046,-0.703,-0.646,-0.509,0.231,0.756,0.358,-0.306,0.0,0.776,0.501,0.614,-0.018,-0.486,0.417,-0.662,-0.817,0.426,-0.328,0.18,0.067,0.84,-0.167,0.701,0.068,0.3,-0.24,-0.553,-0.382,-0.071,0.332,0.758,-0.708,-0.313,0.375,-0.136,0.231,0.731,-0.161,0.68,-0.487,0.438,0.486,0.605,0.034,0.689,-0.161,0.588,0.069,0.755,0.002,0.847,0.115,-0.188,0.773,0.441,0.041,0.673,0.625,0.363,0.023,-0.481,0.643,0.736,0.568,0.808,0.723,0.63,0.31,0.295,-0.416,-0.148,0.336,-0.287,0.161,-0.305,0.715,0.343,0.257,0.717,0.494,0.667,0.627,0.596,0.705,0.672,-0.521,0.553,0.292,0.218,0.627,0.31,0.337,0.203,-0.001,0.676,0.331,-0.058,0.215,-0.525,-0.208,0.496,-0.255,0.334,0.608,0.218,0.217,0.466,0.003,0.038,0.326,0.122,0.728,0.68,-0.354,-0.186,0.341,0.066,0.617,0.656,-0.004,0.291,0.576,-0.611,0.791,0.831,-0.484,0.553,0.61,0.579,0.68,0.547,-0.114,0.105,0.682,0.437,0.654,-0.659,0.289,0.076,0.5,0.477,0.298,-0.43,-0.077,0.815,0.741,0.773,0.003,0.521,-0.646,0.816,-0.062,0.825,0.738,-0.666,0.524,0.061,0.481,0.633,-0.267,-0.184,0.144,-0.253,-0.043,0.478,0.45,0.399,0.725,-0.153,0.126,-0.789,0.669,0.632,-0.309,0.607,-0.6,0.651,-0.55,0.53,0.478,0.78,-0.348,0.329,0.36,-0.007,0.336,-0.272,0.361,0.706,-0.52,-0.215,-0.535,0.16,0.644,0.675,0.355,-0.747,-0.068,0.185
ALGT,-0.103,-0.738,-0.757,-0.752,0.309,0.825,0.408,-0.221,0.776,0.0,0.266,0.661,0.053,-0.579,0.231,-0.767,-0.789,0.334,-0.37,0.076,-0.223,0.839,-0.139,0.769,0.085,0.438,-0.352,-0.59,-0.522,-0.408,0.446,0.605,-0.801,-0.505,0.451,-0.147,0.395,0.774,0.098,0.789,-0.598,0.377,0.622,0.587,-0.094,0.725,-0.11,0.629,0.173,0.879,-0.095,0.905,0.223,-0.281,0.867,0.605,0.132,0.69,0.669,0.383,0.033,-0.534,0.729,0.797,0.619,0.846,0.812,0.703,0.506,0.297,-0.491,-0.427,0.313,-0.458,0.176,-0.225,0.765,0.536,0.429,0.726,0.427,0.725,0.704,0.337,0.696,0.718,-0.529,0.576,0.124,0.153,0.606,0.49,0.421,0.188,0.018,0.678,0.356,-0.133,0.317,-0.47,-0.288,0.473,-0.33,0.237,0.707,0.194,0.002,0.404,-0.203,-0.054,0.39,-0.003,0.74,0.673,-0.423,-0.143,0.308,0.183,0.66,0.691,-0.088,0.38,0.429,-0.764,0.824,0.831,-0.46,0.573,0.573,0.575,0.688,0.617,-0.269,-0.211,0.721,0.632,0.67,-0.767,0.259,0.122,0.512,0.462,0.236,-0.518,-0.278,0.736,0.675,0.787,-0.038,0.463,-0.734,0.726,0.039,0.876,0.788,-0.78,0.515,-0.028,0.564,0.643,-0.381,-0.269,-0.002,-0.525,0.048,0.531,0.412,0.316,0.806,-0.186,0.077,-0.811,0.768,0.748,-0.395,0.728,-0.653,0.776,-0.719,0.599,0.511,0.826,-0.412,0.192,0.228,0.006,0.362,-0.277,0.356,0.703,-0.663,-0.362,-0.652,-0.05,0.617,0.734,0.428,-0.844,-0.075,0.084
ALLO,0.101,-0.146,-0.26,-0.17,0.369,0.439,0.244,0.04,0.501,0.266,0.0,-0.073,0.213,-0.013,0.331,-0.435,-0.316,0.172,0.215,0.136,0.099,0.441,0.226,0.383,0.333,0.34,-0.028,-0.473,0.22,0.23,0.224,0.394,-0.176,0.143,0.248,0.252,0.37,0.292,-0.243,0.25,-0.152,-0.07,-0.06,-0.033,-0.182,0.374,0.136,0.05,-0.049,0.458,0.306,0.349,0.198,0.193,0.368,0.149,0.41,0.2,0.52,0.477,0.088,-0.098,0.316,0.458,-0.18,0.29,0.241,0.091,0.213,0.262,-0.212,-0.012,0.394,-0.062,0.55,-0.038,0.439,-0.097,0.246,0.094,0.534,0.264,0.246,0.322,0.531,-0.024,-0.148,-0.078,0.087,0.107,0.114,0.221,0.334,0.103,0.202,0.176,0.124,0.288,0.333,-0.204,-0.018,-0.13,-0.251,0.065,0.166,0.329,0.266,-0.019,0.267,-0.022,-0.227,0.27,0.421,0.18,0.13,0.22,-0.073,-0.34,0.355,0.317,0.41,-0.034,0.335,-0.252,0.298,0.426,-0.056,0.111,0.276,0.389,0.271,0.246,-0.002,0.386,0.433,0.238,0.121,-0.191,0.29,-0.254,0.495,0.417,-0.112,0.048,0.443,0.535,0.32,0.304,0.201,0.409,-0.006,0.421,0.109,0.392,0.244,-0.287,0.405,-0.108,0.259,0.097,0.193,0.186,0.186,0.13,0.084,0.125,0.502,0.297,0.286,0.177,0.323,-0.298,0.227,0.277,-0.287,-0.071,-0.322,0.024,-0.008,0.121,0.082,0.233,0.293,0.061,0.253,0.427,-0.348,0.064,0.38,0.112,-0.014,0.183,-0.242,0.017,0.009,0.234,0.369,-0.272,0.207,0.401
AMSF,-0.311,-0.803,-0.629,-0.583,-0.104,0.447,0.355,-0.458,0.614,0.661,-0.073,0.0,-0.493,-0.825,0.078,-0.392,-0.753,0.609,-0.579,0.279,-0.094,0.554,-0.65,0.562,-0.409,-0.013,-0.398,-0.149,-0.72,-0.359,0.024,0.618,-0.734,-0.517,0.289,-0.314,0.052,0.751,-0.109,0.776,-0.156,0.803,0.794,0.838,0.441,0.609,-0.574,0.877,-0.111,0.539,-0.474,0.609,-0.202,-0.558,0.657,0.542,-0.459,0.742,0.257,-0.245,-0.235,-0.794,0.527,0.306,0.9,0.781,0.51,0.901,0.299,0.25,-0.464,-0.283,0.021,-0.554,-0.357,-0.674,0.508,0.686,0.002,0.921,0.088,0.756,0.724,0.251,0.337,0.909,-0.733,0.92,0.517,0.138,0.831,0.213,0.036,0.057,-0.465,0.877,0.376,-0.588,-0.072,-0.36,0.082,0.805,0.136,0.731,0.729,-0.242,0.279,0.763,-0.4,0.108,0.685,-0.381,0.521,0.581,-0.691,-0.557,0.516,0.504,0.278,0.454,-0.684,0.311,0.657,-0.533,0.801,0.693,-0.828,0.626,0.413,0.433,0.745,0.519,0.068,0.175,0.6,0.294,0.7,-0.791,-0.001,0.28,0.11,0.254,0.72,-0.769,-0.53,0.433,0.754,0.724,-0.423,0.07,-0.787,0.747,-0.384,0.738,0.881,-0.737,0.185,0.436,0.104,0.898,-0.737,-0.64,-0.12,-0.674,-0.307,0.703,0.195,0.515,0.762,-0.477,-0.209,-0.84,0.745,0.605,-0.046,0.933,-0.451,0.933,-0.865,0.794,0.586,0.873,-0.783,0.363,0.271,-0.569,0.845,-0.69,-0.223,0.926,-0.849,-0.721,-0.591,0.032,0.667,0.778,0.054,-0.79,-0.563,0.236
ANAB,0.24,0.398,0.07,-0.02,0.598,0.307,-0.099,0.159,-0.018,0.053,0.213,-0.493,0.0,0.521,0.119,-0.202,0.284,-0.803,0.33,-0.547,-0.31,0.124,0.93,0.002,0.626,0.468,0.042,-0.439,0.323,-0.169,0.809,-0.356,0.172,-0.198,0.036,0.201,0.22,-0.253,0.525,-0.314,-0.527,-0.592,-0.273,-0.311,-0.635,-0.128,0.862,-0.499,0.56,0.08,0.489,0.165,0.851,0.491,0.041,0.02,0.706,-0.249,0.367,0.612,0.717,0.598,0.042,0.399,-0.489,-0.158,0.256,-0.453,0.055,-0.39,0.057,-0.252,0.216,0.333,0.382,0.759,0.095,-0.308,0.504,-0.446,0.158,-0.273,-0.25,0.158,0.171,-0.389,0.53,-0.551,-0.788,-0.176,-0.475,0.361,0.389,0.225,0.749,-0.487,-0.152,0.682,0.282,0.216,-0.476,-0.507,-0.478,-0.764,-0.235,0.652,-0.588,-0.526,0.405,-0.555,-0.468,0.705,-0.096,-0.038,0.509,0.619,-0.557,-0.288,0.346,0.297,0.716,-0.141,-0.623,-0.064,-0.159,-0.07,0.645,-0.24,0.087,-0.041,-0.319,-0.275,-0.769,-0.596,-0.038,0.465,-0.187,0.299,0.402,0.053,0.331,0.073,-0.808,0.338,0.285,0.108,-0.398,-0.05,0.435,0.144,0.261,-0.269,0.908,-0.065,-0.302,0.209,0.331,-0.681,0.591,-0.598,0.582,0.552,0.442,0.337,0.827,-0.378,0.018,-0.663,-0.146,0.438,0.4,0.343,-0.146,-0.017,-0.307,-0.299,0.093,-0.268,0.369,-0.455,-0.46,-0.367,0.452,-0.19,-0.245,0.643,-0.51,0.681,0.771,-0.489,0.458,0.58,0.154,-0.334,0.014,-0.245,0.361,0.208,0.587,-0.437
ANDE,0.434,0.845,0.65,0.626,0.232,-0.359,-0.144,0.519,-0.486,-0.579,-0.013,-0.825,0.521,0.0,0.144,0.47,0.697,-0.638,0.539,-0.147,0.063,-0.506,0.707,-0.47,0.553,0.057,0.551,0.177,0.71,0.439,0.084,-0.423,0.805,0.468,-0.122,0.399,-0.083,-0.652,0.218,-0.745,0.18,-0.681,-0.605,-0.789,-0.133,-0.456,0.686,-0.718,0.354,-0.556,0.729,-0.53,0.345,0.769,-0.628,-0.522,0.427,-0.525,-0.158,0.065,0.525,0.875,-0.385,-0.369,-0.711,-0.715,-0.504,-0.854,-0.315,-0.264,0.585,0.436,0.186,0.519,0.2,0.771,-0.389,-0.504,-0.135,-0.863,0.039,-0.667,-0.676,0.106,-0.179,-0.827,0.902,-0.758,-0.488,0.118,-0.608,-0.138,0.139,0.303,0.662,-0.897,-0.17,0.678,0.195,0.448,-0.071,-0.598,-0.122,-0.657,-0.833,0.476,-0.155,-0.672,0.598,-0.218,-0.615,0.565,-0.425,-0.208,0.804,0.663,-0.43,-0.236,-0.041,-0.216,0.657,-0.199,-0.592,0.456,-0.738,-0.569,0.859,-0.785,-0.237,-0.21,-0.659,-0.302,-0.137,-0.191,-0.636,-0.203,-0.437,0.758,0.229,0.145,0.008,-0.082,-0.613,0.884,0.529,-0.274,-0.654,-0.666,0.52,-0.008,0.823,-0.658,0.515,-0.743,-0.817,0.834,0.061,-0.259,0.066,-0.909,0.896,0.854,0.487,0.86,0.452,-0.631,-0.018,-0.47,-0.842,0.652,0.413,0.834,-0.626,-0.477,0.048,-0.86,0.667,-0.773,0.908,-0.758,-0.424,-0.826,0.759,-0.082,0.028,0.516,-0.548,0.849,0.303,-0.903,0.957,0.892,0.619,0.204,-0.378,-0.623,0.101,0.695,0.65,-0.263
APLS,0.093,-0.015,-0.205,-0.071,0.288,0.253,0.345,0.244,0.417,0.231,0.331,0.078,0.119,0.144,0.0,-0.257,-0.3,0.21,-0.145,0.294,-0.076,0.388,0.146,0.403,0.504,0.226,0.396,-0.357,0.06,0.413,0.124,0.42,0.045,0.258,0.203,0.371,0.227,0.366,-0.141,0.232,-0.045,-0.06,0.132,0.021,0.111,0.471,0.127,0.28,0.334,0.104,0.484,0.364,0.026,0.46,0.189,-0.031,0.222,0.469,0.445,0.104,0.249,-0.052,0.414,0.284,0.01,0.26,0.255,0.134,0.226,0.432,0.27,0.358,0.618,-0.139,0.223,0.117,0.486,0.151,-0.134,0.064,0.612,0.276,0.24,0.526,0.355,0.069,0.146,0.039,0.188,0.267,0.32,0.075,0.561,0.467,0.386,0.055,0.499,0.31,0.417,-0.318,-0.175,0.118,-0.343,0.074,-0.156,0.304,0.219,-0.096,0.285,0.159,0.076,0.111,0.323,0.487,0.257,0.182,0.368,-0.209,0.501,0.339,0.342,0.324,0.337,-0.248,0.261,0.438,0.036,-0.184,0.493,0.594,0.311,0.505,0.146,0.122,0.077,0.077,0.477,-0.16,0.535,0.346,0.346,0.52,0.014,0.335,0.178,0.467,0.459,0.065,0.598,0.234,-0.018,0.381,0.09,0.157,0.142,-0.019,0.597,0.15,0.422,0.099,0.353,0.397,0.395,0.304,-0.015,0.19,0.538,0.294,0.058,0.464,0.552,-0.12,0.289,0.337,-0.194,0.011,-0.007,0.093,0.116,0.06,0.406,0.191,0.314,0.303,0.645,0.281,0.057,0.169,0.399,0.029,0.144,0.273,-0.135,0.46,0.295,0.3,0.552,-0.268,0.444,0.281
APPF,0.098,0.635,0.777,0.712,-0.441,-0.783,-0.293,0.101,-0.662,-0.767,-0.435,-0.392,-0.202,0.47,-0.257,0.0,0.764,-0.217,0.21,0.018,0.21,-0.706,-0.079,-0.749,-0.149,-0.579,0.335,0.764,0.447,0.436,-0.481,-0.377,0.725,0.364,-0.53,0.136,-0.553,-0.682,0.001,-0.654,0.632,-0.075,-0.391,-0.319,0.308,-0.663,-0.034,-0.445,-0.212,-0.739,-0.042,-0.851,-0.269,0.15,-0.82,-0.529,-0.345,-0.558,-0.74,-0.524,-0.022,0.45,-0.662,-0.824,-0.227,-0.78,-0.796,-0.553,-0.499,-0.326,0.542,0.488,-0.394,0.42,-0.414,0.063,-0.781,-0.285,-0.402,-0.483,-0.541,-0.602,-0.592,-0.145,-0.703,-0.542,0.47,-0.238,0.086,-0.164,-0.421,-0.543,-0.489,-0.114,-0.147,-0.466,-0.339,-0.107,-0.355,0.559,0.334,-0.07,0.608,-0.023,-0.512,-0.242,0.134,-0.124,0.253,-0.01,-0.302,-0.067,-0.561,-0.415,0.258,-0.043,-0.188,0.073,-0.643,-0.534,-0.147,-0.159,-0.286,0.797,-0.719,-0.71,0.373,-0.489,-0.594,-0.55,-0.514,-0.417,0.266,0.198,-0.758,-0.631,-0.444,0.719,-0.356,0.051,-0.594,-0.472,-0.049,0.347,0.1,-0.64,-0.528,-0.684,-0.053,-0.385,0.531,-0.652,-0.175,-0.782,-0.594,0.75,-0.475,0.219,-0.671,-0.46,0.238,0.183,0.172,0.376,-0.135,-0.363,-0.439,-0.206,-0.675,-0.006,-0.125,0.668,-0.705,-0.734,0.623,-0.493,0.683,-0.585,0.566,-0.421,-0.393,-0.67,0.1,0.14,-0.098,-0.275,0.01,0.117,-0.402,-0.484,0.531,0.264,0.699,0.131,-0.286,-0.586,-0.522,0.736,-0.035,-0.117
ASML,0.151,0.884,0.788,0.648,-0.108,-0.668,-0.367,0.266,-0.817,-0.789,-0.316,-0.753,0.284,0.697,-0.3,0.764,0.0,-0.614,0.465,-0.274,-0.054,-0.741,0.41,-0.741,0.133,-0.286,0.351,0.462,0.607,0.26,-0.15,-0.701,0.789,0.317,-0.468,0.265,-0.313,-0.833,0.301,-0.82,0.394,-0.524,-0.641,-0.62,-0.163,-0.769,0.401,-0.764,0.015,-0.716,0.14,-0.825,0.108,0.345,-0.814,-0.498,0.103,-0.767,-0.569,-0.159,0.221,0.714,-0.679,-0.621,-0.657,-0.885,-0.695,-0.809,-0.359,-0.452,0.484,0.223,-0.306,0.535,-0.084,0.476,-0.737,-0.467,-0.104,-0.809,-0.466,-0.779,-0.736,-0.324,-0.639,-0.812,0.686,-0.664,-0.396,-0.321,-0.768,-0.312,-0.281,-0.124,0.197,-0.763,-0.446,0.267,-0.166,0.676,0.111,-0.496,0.297,-0.474,-0.605,0.033,-0.263,-0.529,0.286,-0.22,-0.528,0.172,-0.652,-0.638,0.524,0.32,-0.538,-0.209,-0.547,-0.506,0.252,-0.267,-0.694,0.735,-0.848,-0.823,0.703,-0.594,-0.61,-0.615,-0.726,-0.62,-0.073,-0.141,-0.712,-0.372,-0.689,0.848,-0.196,-0.045,-0.438,-0.485,-0.505,0.537,0.283,-0.707,-0.822,-0.792,0.16,-0.369,0.724,-0.848,0.264,-0.84,-0.802,0.802,-0.417,-0.243,-0.395,-0.79,0.498,0.403,0.185,0.475,0.232,-0.623,-0.43,-0.551,-0.763,0.217,0.036,0.889,-0.796,-0.738,0.389,-0.729,0.635,-0.789,0.741,-0.682,-0.67,-0.904,0.453,-0.175,-0.372,0.133,-0.457,0.457,-0.06,-0.808,0.741,0.512,0.689,-0.173,-0.563,-0.781,-0.333,0.884,0.259,-0.294
ATRC,-0.251,-0.572,-0.401,-0.314,-0.273,0.143,0.371,-0.199,0.426,0.334,0.172,0.609,-0.803,-0.638,0.21,-0.217,-0.614,0.0,-0.375,0.705,0.13,0.345,-0.806,0.455,-0.272,-0.11,0.008,0.029,-0.419,0.171,-0.581,0.677,-0.422,0.24,0.184,-0.008,0.138,0.634,-0.577,0.668,0.268,0.534,0.462,0.42,0.448,0.564,-0.728,0.712,-0.354,0.257,-0.279,0.299,-0.749,-0.33,0.374,0.235,-0.358,0.595,0.148,-0.26,-0.638,-0.772,0.398,0.094,0.501,0.511,0.128,0.663,0.274,0.708,-0.188,0.166,0.168,-0.531,-0.052,-0.692,0.4,0.489,-0.247,0.629,0.287,0.613,0.588,0.064,0.231,0.523,-0.599,0.63,0.86,0.249,0.69,-0.085,0.029,0.026,-0.526,0.687,0.416,-0.468,0.081,-0.489,0.305,0.541,0.193,0.761,0.426,-0.398,0.586,0.5,-0.321,0.531,0.49,-0.644,0.484,0.34,-0.461,-0.481,0.648,0.136,0.095,0.086,-0.432,0.249,0.836,-0.304,0.526,0.531,-0.713,0.396,0.282,0.457,0.67,0.61,0.742,0.58,0.35,-0.156,0.54,-0.582,-0.075,-0.034,0.079,0.31,0.69,-0.35,-0.227,0.356,0.768,0.315,-0.137,0.135,-0.456,0.611,-0.801,0.462,0.567,-0.522,0.14,0.585,-0.24,0.788,-0.497,-0.421,-0.286,-0.43,-0.8,0.619,0.376,0.872,0.478,-0.244,-0.085,-0.629,0.484,0.395,0.047,0.449,-0.361,0.459,-0.528,0.658,0.651,0.672,-0.335,0.304,0.494,-0.34,0.426,-0.652,-0.383,0.672,-0.589,-0.533,-0.443,0.337,0.19,0.557,0.086,-0.58,-0.331,0.573
AVGO,0.158,0.565,0.202,0.129,0.491,-0.117,0.222,0.364,-0.328,-0.37,0.215,-0.579,0.33,0.539,-0.145,0.21,0.465,-0.375,0.0,0.147,-0.168,-0.3,0.529,-0.07,0.367,0.391,0.327,-0.107,0.26,0.06,0.083,-0.311,0.314,0.273,0.311,0.469,0.389,-0.301,0.215,-0.337,0.331,-0.552,-0.31,-0.687,0.01,-0.164,0.508,-0.409,0.185,-0.181,0.506,-0.338,0.326,0.494,-0.139,0.036,0.554,-0.273,0.149,0.206,0.326,0.398,-0.06,-0.228,-0.545,-0.404,-0.451,-0.485,0.018,0.015,-0.087,-0.153,0.239,0.121,0.536,0.513,-0.108,-0.131,0.04,-0.523,0.215,-0.229,-0.215,-0.248,0.174,-0.534,0.507,-0.467,-0.385,0.261,-0.347,0.32,0.203,0.167,0.426,-0.58,-0.049,0.583,0.389,0.629,0.387,-0.63,-0.18,-0.331,-0.345,0.493,0.015,-0.578,0.093,-0.27,-0.335,0.307,-0.044,-0.229,0.63,0.742,-0.483,-0.122,0.004,-0.073,0.477,-0.348,-0.338,0.048,-0.385,-0.364,0.385,-0.325,-0.128,-0.002,-0.313,-0.307,-0.048,0.037,-0.128,0.177,-0.382,0.29,0.3,-0.137,0.321,0.179,-0.467,0.481,0.29,-0.186,-0.42,-0.301,0.142,0.042,0.709,-0.394,0.411,-0.295,-0.458,0.31,0.109,-0.096,0.005,-0.62,0.514,0.488,0.26,0.421,0.38,-0.292,0.253,-0.123,-0.478,0.448,0.277,0.402,-0.259,-0.07,-0.241,-0.587,0.164,-0.422,0.387,-0.175,-0.227,-0.441,0.487,-0.431,-0.119,0.575,-0.581,0.557,0.109,-0.579,0.502,0.593,0.036,-0.098,-0.469,-0.274,0.199,0.284,0.348,0.12
AVT,-0.092,-0.058,-0.168,-0.187,0.132,0.062,0.606,0.109,0.18,0.076,0.136,0.279,-0.547,-0.147,0.294,0.018,-0.274,0.705,0.147,0.0,-0.056,0.063,-0.387,0.431,0.088,0.18,0.437,-0.013,-0.238,0.236,-0.467,0.428,-0.057,0.492,0.437,0.409,0.381,0.471,-0.299,0.415,0.535,0.226,0.376,0.02,0.618,0.529,-0.237,0.549,-0.006,0.006,0.215,0.07,-0.497,0.198,0.207,0.308,0.033,0.54,0.294,-0.342,-0.193,-0.465,0.441,-0.129,0.209,0.251,-0.178,0.383,0.408,0.67,-0.032,0.157,0.5,-0.464,0.171,-0.227,0.393,0.577,-0.33,0.252,0.488,0.481,0.465,0.048,0.304,0.176,-0.093,0.396,0.624,0.497,0.562,0.177,0.28,0.446,-0.065,0.239,0.626,0.001,0.362,0.011,0.574,0.211,0.085,0.554,0.024,0.1,0.581,0.077,-0.152,0.175,0.435,-0.415,0.417,0.305,0.088,0.064,0.324,0.167,0.175,0.215,-0.169,0.098,0.589,-0.278,0.282,0.335,-0.392,0.029,0.371,0.591,0.486,0.459,0.702,0.491,0.142,-0.008,0.456,-0.37,0.36,0.191,0.278,0.537,0.441,0.062,-0.044,0.153,0.517,0.082,0.099,-0.006,0.084,0.361,-0.394,0.178,0.279,-0.173,0.355,0.667,-0.09,0.349,-0.045,0.033,0.148,-0.046,-0.431,0.528,0.61,0.685,0.051,0.275,0.352,-0.24,0.401,0.412,-0.122,0.089,-0.006,0.219,-0.191,0.543,0.494,0.325,0.006,0.19,0.63,0.02,0.23,-0.167,-0.256,0.213,-0.119,-0.063,-0.348,0.287,0.091,0.489,0.353,-0.368,-0.02,0.593
AXDX,0.298,-0.109,0.222,0.454,-0.452,-0.242,-0.367,-0.028,0.067,-0.223,0.099,-0.094,-0.31,0.063,-0.076,0.21,-0.054,0.13,-0.168,-0.056,0.0,-0.204,-0.283,-0.387,-0.294,-0.427,-0.086,0.203,0.262,0.409,-0.361,0.042,0.168,0.23,-0.313,-0.252,-0.493,-0.262,-0.47,-0.22,0.054,0.221,-0.295,0.02,0.114,-0.321,-0.277,-0.189,-0.372,-0.12,-0.108,-0.227,-0.33,-0.138,-0.336,-0.396,-0.36,-0.257,-0.415,-0.103,-0.311,0.07,-0.373,-0.222,0.042,-0.128,-0.179,-0.171,-0.457,-0.156,0.256,0.443,-0.314,0.303,-0.204,-0.233,-0.371,-0.429,-0.34,-0.026,-0.212,-0.296,-0.333,0.186,-0.195,-0.055,-0.131,-0.084,0.307,-0.008,-0.081,-0.491,-0.497,-0.259,-0.257,0.006,-0.307,-0.165,-0.353,-0.197,0.058,0.059,0.136,0.081,-0.151,-0.269,0.232,0.207,0.186,0.228,-0.222,0.038,-0.229,-0.13,-0.157,-0.299,0.095,-0.058,-0.306,-0.297,-0.078,-0.004,0.189,0.352,-0.162,-0.2,0.019,0.011,-0.208,-0.316,-0.146,-0.216,0.248,0.302,-0.2,-0.504,-0.233,0.193,-0.368,-0.298,-0.251,-0.291,0.243,0.001,0.149,-0.098,-0.045,-0.036,-0.156,0.146,0.012,-0.091,-0.355,-0.209,-0.148,0.226,-0.31,0.143,-0.287,-0.013,-0.054,-0.086,-0.171,0.302,-0.263,-0.119,-0.325,0.005,-0.187,-0.227,-0.265,0.058,-0.33,-0.392,0.142,-0.165,0.012,-0.244,0.243,-0.205,-0.067,-0.094,-0.036,0.133,0.053,-0.192,0.078,-0.131,-0.208,-0.015,0.113,-0.043,0.283,0.34,-0.042,-0.231,-0.5,0.252,-0.12,-0.031
AXSM,-0.076,-0.675,-0.712,-0.648,0.312,0.783,0.374,-0.303,0.84,0.839,0.441,0.554,0.124,-0.506,0.388,-0.706,-0.741,0.345,-0.3,0.063,-0.204,0.0,-0.084,0.754,0.218,0.375,-0.277,-0.569,-0.385,-0.193,0.419,0.713,-0.734,-0.41,0.308,-0.055,0.369,0.744,-0.046,0.733,-0.55,0.318,0.492,0.592,-0.152,0.712,-0.114,0.539,0.083,0.763,-0.019,0.863,0.214,-0.192,0.828,0.442,0.16,0.644,0.681,0.475,0.048,-0.484,0.689,0.819,0.484,0.736,0.762,0.614,0.387,0.349,-0.413,-0.316,0.339,-0.367,0.272,-0.225,0.773,0.392,0.492,0.696,0.505,0.687,0.666,0.498,0.663,0.599,-0.469,0.503,0.183,0.055,0.515,0.404,0.449,0.154,0.058,0.656,0.298,-0.077,0.299,-0.483,-0.352,0.452,-0.23,0.243,0.656,0.179,0.099,0.419,-0.015,0.025,0.24,0.12,0.762,0.679,-0.292,-0.133,0.324,-0.003,0.634,0.626,0.062,0.287,0.483,-0.643,0.769,0.821,-0.411,0.588,0.49,0.588,0.68,0.583,-0.216,-0.014,0.666,0.527,0.655,-0.635,0.292,0.03,0.523,0.5,0.103,-0.422,-0.132,0.856,0.699,0.735,0.083,0.486,-0.688,0.709,0.012,0.853,0.711,-0.708,0.56,-0.06,0.449,0.588,-0.245,-0.177,0.118,-0.428,-0.015,0.464,0.445,0.382,0.791,-0.152,0.159,-0.784,0.67,0.679,-0.266,0.615,-0.629,0.629,-0.609,0.511,0.464,0.774,-0.288,0.315,0.287,0.073,0.228,-0.301,0.481,0.68,-0.564,-0.212,-0.575,0.013,0.57,0.634,0.433,-0.775,0.026,0.178
AZN,0.238,0.584,0.186,0.101,0.646,0.153,-0.034,0.34,-0.167,-0.139,0.226,-0.65,0.93,0.707,0.146,-0.079,0.41,-0.806,0.529,-0.387,-0.283,-0.084,0.0,-0.051,0.681,0.518,0.254,-0.36,0.442,-0.046,0.68,-0.415,0.361,0.007,0.142,0.334,0.298,-0.332,0.52,-0.426,-0.291,-0.697,-0.337,-0.551,-0.493,-0.157,0.925,-0.548,0.605,-0.08,0.662,-0.018,0.791,0.661,-0.097,-0.043,0.77,-0.287,0.324,0.472,0.764,0.695,-0.001,0.182,-0.629,-0.293,0.026,-0.569,0.047,-0.317,0.136,-0.137,0.342,0.323,0.475,0.854,0.038,-0.327,0.349,-0.624,0.243,-0.334,-0.311,0.065,0.174,-0.552,0.683,-0.66,-0.788,-0.015,-0.504,0.34,0.427,0.325,0.833,-0.668,-0.052,0.803,0.351,0.359,-0.28,-0.661,-0.48,-0.771,-0.439,0.728,-0.452,-0.668,0.435,-0.53,-0.481,0.698,-0.169,-0.103,0.669,0.785,-0.587,-0.279,0.321,0.215,0.771,-0.24,-0.637,0.003,-0.318,-0.203,0.716,-0.416,0.103,-0.001,-0.42,-0.303,-0.617,-0.472,-0.141,0.389,-0.26,0.394,0.491,0.085,0.356,0.152,-0.812,0.56,0.395,0.002,-0.483,-0.219,0.522,0.101,0.524,-0.362,0.915,-0.241,-0.464,0.377,0.337,-0.549,0.538,-0.75,0.746,0.716,0.483,0.533,0.821,-0.46,0.126,-0.616,-0.362,0.631,0.511,0.51,-0.219,-0.059,-0.319,-0.511,0.252,-0.419,0.536,-0.513,-0.45,-0.523,0.612,-0.263,-0.157,0.742,-0.618,0.843,0.677,-0.676,0.645,0.722,0.214,-0.232,-0.161,-0.307,0.407,0.325,0.666,-0.321
BANR,-0.24,-0.525,-0.823,-0.853,0.581,0.736,0.759,-0.037,0.701,0.769,0.383,0.562,0.002,-0.47,0.403,-0.749,-0.741,0.455,-0.07,0.431,-0.387,0.754,-0.051,0.0,0.32,0.719,0.01,-0.675,-0.553,-0.32,0.361,0.618,-0.673,-0.217,0.759,0.257,0.781,0.931,0.012,0.879,-0.231,0.26,0.741,0.353,0.113,0.955,-0.047,0.78,0.307,0.679,0.194,0.846,0.146,0.036,0.898,0.763,0.377,0.902,0.875,0.242,0.132,-0.634,0.957,0.646,0.41,0.849,0.596,0.744,0.704,0.613,-0.507,-0.411,0.726,-0.725,0.478,-0.131,0.966,0.722,0.254,0.619,0.802,0.902,0.89,0.202,0.835,0.585,-0.379,0.555,0.206,0.407,0.758,0.712,0.699,0.463,0.168,0.558,0.757,0.076,0.623,-0.295,0.048,0.256,-0.437,0.369,0.51,0.342,0.243,0.169,-0.257,0.013,0.516,-0.125,0.793,0.655,-0.138,0.179,0.399,0.167,0.763,0.694,0.028,0.214,0.587,-0.885,0.848,0.878,-0.543,0.476,0.787,0.904,0.827,0.677,-0.013,0.064,0.741,0.712,0.792,-0.841,0.594,0.171,0.767,0.855,0.218,-0.29,-0.228,0.746,0.796,0.664,0.169,0.357,-0.444,0.76,0.078,0.842,0.725,-0.77,0.745,0.271,0.577,0.57,-0.212,-0.079,0.129,-0.42,0.027,0.681,0.796,0.55,0.682,0.216,0.411,-0.739,0.924,0.964,-0.561,0.577,-0.541,0.719,-0.664,0.757,0.685,0.788,-0.187,0.113,0.497,0.273,0.24,-0.19,0.314,0.562,-0.544,-0.249,-0.827,0.02,0.475,0.882,0.75,-0.911,0.073,0.457
BBIO,0.258,0.441,-0.024,-0.118,0.662,0.257,0.426,0.389,0.068,0.085,0.333,-0.409,0.626,0.553,0.504,-0.149,0.133,-0.272,0.367,0.088,-0.294,0.218,0.681,0.32,0.0,0.624,0.553,-0.39,0.294,0.2,0.428,0.073,0.294,0.298,0.292,0.656,0.51,0.073,0.171,-0.026,-0.079,-0.526,-0.019,-0.439,-0.245,0.293,0.655,-0.145,0.588,-0.003,0.811,0.211,0.446,0.78,0.092,0.051,0.768,0.154,0.562,0.371,0.588,0.369,0.377,0.27,-0.449,-0.056,0.042,-0.28,0.307,0.193,0.278,0.112,0.709,-0.071,0.583,0.641,0.392,0.017,0.271,-0.38,0.636,0.054,0.059,0.243,0.37,-0.446,0.607,-0.344,-0.274,0.224,-0.111,0.401,0.717,0.654,0.769,-0.397,0.376,0.661,0.697,0.124,-0.157,-0.382,-0.441,-0.396,-0.369,0.694,-0.056,-0.539,0.527,-0.243,-0.324,0.407,0.21,0.287,0.657,0.749,-0.111,-0.164,0.568,0.348,0.756,-0.007,-0.143,-0.19,-0.034,0.189,0.519,-0.36,0.373,0.462,0.041,0.229,-0.225,-0.186,-0.102,0.324,0.231,0.15,0.643,0.204,0.564,0.543,-0.576,0.614,0.328,0.391,0.003,-0.171,0.762,0.265,0.369,-0.091,0.57,-0.014,-0.224,0.169,0.721,-0.19,0.478,-0.435,0.738,0.785,0.616,0.386,0.429,-0.041,0.534,-0.051,-0.156,0.787,0.772,0.25,0.061,0.225,-0.284,-0.376,0.234,-0.252,0.374,-0.194,0.036,-0.199,0.642,0.123,0.424,0.771,-0.415,0.61,0.692,-0.44,0.49,0.633,0.026,0.097,0.028,0.066,0.704,-0.025,0.806,0.071
BCYC,-0.08,-0.017,-0.531,-0.654,0.864,0.587,0.622,0.284,0.3,0.438,0.34,-0.013,0.468,0.057,0.226,-0.579,-0.286,-0.11,0.391,0.18,-0.427,0.375,0.518,0.719,0.624,0.0,0.231,-0.73,-0.224,-0.386,0.59,0.097,-0.279,-0.062,0.796,0.444,0.895,0.479,0.305,0.426,-0.228,-0.273,0.412,-0.2,-0.153,0.596,0.499,0.264,0.626,0.424,0.545,0.56,0.503,0.432,0.613,0.659,0.823,0.494,0.835,0.444,0.466,-0.091,0.743,0.488,-0.121,0.44,0.335,0.194,0.651,0.322,-0.347,-0.474,0.756,-0.487,0.71,0.444,0.7,0.402,0.334,0.026,0.745,0.498,0.516,-0.058,0.734,0.062,0.133,-0.0,-0.317,0.437,0.274,0.85,0.743,0.552,0.603,-0.05,0.59,0.55,0.755,0.104,0.079,-0.347,-0.676,-0.187,0.089,0.661,-0.086,-0.362,-0.09,-0.299,0.144,0.17,0.473,0.344,0.281,0.721,-0.053,0.077,0.735,0.559,0.459,-0.084,0.05,-0.705,0.404,0.463,0.009,0.131,0.678,0.655,0.368,0.26,-0.293,-0.254,0.458,0.794,0.378,-0.424,0.716,0.098,0.863,0.758,-0.312,0.122,-0.061,0.45,0.263,0.333,0.396,0.321,0.09,0.263,0.57,0.451,0.211,-0.368,0.74,-0.026,0.704,-0.07,0.238,0.347,0.263,-0.048,0.494,0.273,0.665,0.089,0.238,0.587,0.619,-0.203,0.57,0.696,-0.722,0.076,-0.267,0.27,-0.204,0.35,0.282,0.249,0.223,-0.254,0.252,0.729,-0.207,0.378,0.529,-0.046,-0.032,0.167,-0.564,-0.147,0.136,0.487,0.79,-0.497,0.469,0.211
BHFAP,-0.003,0.609,0.302,0.197,0.265,-0.296,0.298,0.504,-0.24,-0.352,-0.028,-0.398,0.042,0.551,0.396,0.335,0.351,0.008,0.327,0.437,-0.086,-0.277,0.254,0.01,0.553,0.231,0.0,0.036,0.295,0.524,-0.195,-0.006,0.534,0.657,0.12,0.643,0.241,-0.081,-0.012,-0.143,0.515,-0.327,-0.063,-0.514,0.231,0.041,0.299,-0.076,0.392,-0.398,0.591,-0.26,-0.114,0.711,-0.331,-0.115,0.391,0.071,0.082,-0.163,0.304,0.272,0.131,-0.339,-0.387,-0.275,-0.473,-0.337,0.036,0.322,0.509,0.463,0.541,-0.038,0.279,0.384,0.017,0.074,-0.304,-0.422,0.407,-0.046,-0.032,0.019,-0.002,-0.507,0.579,-0.225,0.137,0.229,-0.002,0.024,0.385,0.608,0.387,-0.457,0.452,0.435,0.419,0.342,0.348,-0.265,-0.073,-0.069,-0.545,0.322,0.284,-0.502,0.34,0.023,-0.06,0.01,-0.016,0.018,0.564,0.568,0.113,-0.033,0.099,0.014,0.426,0.062,0.036,0.169,-0.281,-0.117,0.366,-0.442,0.219,0.273,-0.018,0.118,0.354,0.18,-0.428,-0.124,0.15,0.322,0.383,0.181,0.192,0.378,-0.235,0.67,0.186,-0.011,-0.01,-0.511,0.671,0.004,0.524,-0.261,0.1,-0.366,-0.398,0.44,0.351,0.315,-0.018,-0.404,0.625,0.67,0.457,0.466,-0.039,-0.101,0.331,0.118,-0.474,0.709,0.661,0.479,-0.155,-0.063,0.025,-0.52,0.449,-0.43,0.492,-0.135,0.098,-0.381,0.509,0.199,0.452,0.426,-0.187,0.417,0.166,-0.499,0.604,0.512,0.225,0.38,-0.168,-0.072,0.32,0.242,0.606,0.263
BKR,0.054,0.292,0.63,0.593,-0.714,-0.708,-0.368,-0.122,-0.553,-0.59,-0.473,-0.149,-0.439,0.177,-0.357,0.764,0.462,0.029,-0.107,-0.013,0.203,-0.569,-0.36,-0.675,-0.39,-0.73,0.036,0.0,0.262,0.304,-0.622,-0.186,0.506,0.232,-0.562,-0.201,-0.636,-0.53,-0.187,-0.48,0.493,0.056,-0.281,-0.127,0.28,-0.546,-0.338,-0.284,-0.399,-0.61,-0.232,-0.722,-0.498,-0.175,-0.676,-0.606,-0.625,-0.477,-0.795,-0.596,-0.35,0.247,-0.676,-0.708,-0.037,-0.649,-0.6,-0.302,-0.536,-0.21,0.435,0.499,-0.524,0.319,-0.555,-0.22,-0.697,-0.257,-0.353,-0.262,-0.602,-0.476,-0.489,-0.188,-0.703,-0.274,0.217,-0.081,0.197,-0.198,-0.297,-0.729,-0.56,-0.28,-0.411,-0.213,-0.384,-0.422,-0.532,0.142,0.118,0.106,0.676,0.094,-0.356,-0.545,0.16,0.123,0.093,0.283,-0.1,-0.26,-0.494,-0.294,-0.021,-0.405,0.054,0.162,-0.592,-0.631,-0.353,-0.123,-0.157,0.71,-0.595,-0.593,0.155,-0.343,-0.653,-0.546,-0.456,-0.191,0.364,0.214,-0.645,-0.742,-0.349,0.536,-0.548,0.05,-0.722,-0.576,0.179,0.165,0.106,-0.514,-0.397,-0.553,-0.236,-0.357,0.245,-0.471,-0.467,-0.631,-0.432,0.533,-0.584,0.172,-0.76,-0.157,-0.01,-0.077,-0.161,0.126,-0.422,-0.324,-0.5,-0.027,-0.461,-0.256,-0.434,0.406,-0.587,-0.662,0.743,-0.282,0.586,-0.386,0.318,-0.347,-0.19,-0.43,-0.052,0.147,-0.149,-0.523,0.11,-0.136,-0.601,-0.189,0.213,-0.02,0.63,0.22,-0.281,-0.502,-0.59,0.564,-0.302,-0.127
BLDP,0.377,0.592,0.692,0.674,-0.134,-0.334,-0.383,0.189,-0.382,-0.522,0.22,-0.72,0.323,0.71,0.06,0.447,0.607,-0.419,0.26,-0.238,0.262,-0.385,0.442,-0.553,0.294,-0.224,0.295,0.262,0.0,0.631,-0.095,-0.26,0.683,0.425,-0.44,0.275,-0.303,-0.629,-0.025,-0.632,0.115,-0.381,-0.686,-0.53,-0.288,-0.53,0.325,-0.692,-0.078,-0.399,0.34,-0.554,0.129,0.371,-0.642,-0.589,0.181,-0.61,-0.362,0.145,0.257,0.663,-0.52,-0.255,-0.628,-0.653,-0.481,-0.738,-0.341,-0.306,0.49,0.437,-0.076,0.605,0.104,0.379,-0.49,-0.578,-0.046,-0.662,-0.147,-0.666,-0.662,0.17,-0.31,-0.757,0.555,-0.646,-0.229,-0.192,-0.636,-0.358,-0.168,-0.069,0.264,-0.534,-0.373,0.3,-0.024,0.262,-0.143,-0.345,0.213,-0.421,-0.52,0.116,0.063,-0.343,0.638,-0.125,-0.738,0.38,-0.336,-0.346,0.427,0.28,-0.387,-0.36,-0.313,-0.301,0.501,-0.202,-0.371,0.638,-0.647,-0.43,0.66,-0.464,-0.45,-0.377,-0.527,-0.272,-0.014,0.058,-0.488,-0.394,-0.502,0.768,-0.185,-0.156,-0.192,-0.281,-0.439,0.586,0.522,-0.239,-0.54,-0.56,0.345,0.104,0.534,-0.495,0.172,-0.601,-0.587,0.676,-0.186,-0.285,-0.21,-0.618,0.591,0.515,0.296,0.624,0.208,-0.574,-0.167,-0.328,-0.562,0.237,0.24,0.624,-0.679,-0.629,0.346,-0.717,0.431,-0.754,0.815,-0.716,-0.507,-0.689,0.595,0.078,0.009,0.248,-0.519,0.478,0.266,-0.648,0.724,0.643,0.698,0.07,-0.376,-0.619,-0.172,0.691,0.417,-0.129
BLFS,0.228,0.35,0.495,0.616,-0.285,-0.36,-0.086,0.237,-0.071,-0.408,0.23,-0.359,-0.169,0.439,0.413,0.436,0.26,0.171,0.06,0.236,0.409,-0.193,-0.046,-0.32,0.2,-0.386,0.524,0.304,0.631,0.0,-0.479,0.231,0.524,0.639,-0.368,0.356,-0.345,-0.273,-0.404,-0.285,0.393,-0.072,-0.446,-0.29,0.149,-0.208,-0.085,-0.263,-0.179,-0.345,0.288,-0.411,-0.33,0.363,-0.513,-0.572,-0.096,-0.207,-0.274,-0.13,-0.017,0.263,-0.263,-0.301,-0.26,-0.377,-0.453,-0.412,-0.393,0.176,0.554,0.792,0.098,0.358,-0.001,0.003,-0.28,-0.322,-0.404,-0.301,0.085,-0.312,-0.335,0.406,-0.19,-0.473,0.32,-0.235,0.391,-0.035,-0.133,-0.539,-0.078,0.1,-0.003,-0.224,-0.068,0.114,0.059,-0.044,0.099,0.036,0.279,0.076,-0.405,-0.062,0.463,-0.111,0.564,0.283,-0.405,0.079,-0.05,-0.036,0.27,0.034,0.164,-0.321,-0.209,-0.22,0.296,0.18,0.177,0.482,-0.359,-0.15,0.302,-0.398,-0.2,-0.046,-0.11,0.114,0.472,0.494,-0.452,-0.598,-0.049,0.471,-0.087,-0.031,-0.164,-0.046,0.005,0.515,0.391,0.029,0.003,-0.487,0.414,0.185,0.284,-0.132,-0.311,-0.418,-0.349,0.504,-0.004,0.154,-0.334,-0.2,0.461,0.434,0.309,0.562,-0.325,-0.222,0.054,0.212,-0.429,0.197,0.265,0.323,-0.458,-0.427,0.397,-0.517,0.319,-0.529,0.617,-0.371,-0.008,-0.337,0.421,0.429,0.423,0.032,-0.171,0.15,0.051,-0.301,0.526,0.493,0.497,0.539,-0.161,-0.301,-0.142,0.397,0.332,0.227
