,ABAT,ACLS,ACMR,ADMA,ADUS,ADVM,AEIS,AGNCM,AHCO,ALGT,ALLO,AMSF,ANAB,ANDE,APLS,APPF,ASML,ATRC,AVGO,AVT,AXDX,AXSM,AZN,BANR,BBIO,BCYC,BHFAP,BKR,BLDP,BLFS,BLKB,BLMN,BNTX,BPMC,CALM,CAMT,CASH,CATY,CCEP,CDLX,CDNS,CENN,CENX,CGC,CHDN,CLBK,COKE,COLB,COO,CORT,CRMT,CRNX,CRTO,CRVL,CSCO,CSQ,CSWI,CVBF,CWST,CYCC,CZR,DLTR,DORM,ENTA,EQIX,ERIC,EVRG,EWBC,EXAS,EXLS,EXPI,EYE,FBNC,FBRX,FCNCA,FELE,FIBK,FLEX,FRGT,FRHC,FRME,FWONA,FWONK,GDEN,GIII,GILD,GLNG,GNTX,GOOGL,GRPN,HCSG,HIMX,HOPE,HST,HTLD,HUT,HWC,ICUI,IESC,INTC,INTU,IOVA,IPAR,IPGP,ISRG,JBSS,KALU,KPRX,KRNT,LAUR,LBRDA,LBTYK,LECO,LILAK,LITE,MANH,MDXG,MFIC,MGEE,MIDD,MLAB,MMSI,MNKD,MOMO,MRVL,NICE,NMFC,NUWE,NVCR,NWBI,OFIX,OFLX,OMCL,OPK,ORKA,ORLY,OTTR,PDD,PNTG,POOL,POWL,PPBI,PPC,PRAA,PRPL,PZZA,QTRX,QURE,RDFN,RDHL,REAL,REG,REYN,RGLD,RIOT,RUN,RYTM,SAIA,SBAC,SBRA,SCVL,SHOO,SLAB,SLDB,SMCI,SMTC,SRCE,SSP,SSRM,STBA,STRO,SVC,SYBT,TCBI,TCOM,TENX,TH,TMUS,TNDM,TTD,TTMI,UAL,ULH,ULTA,VCYT,VIRT,VKTX,VOD,VRDN,VREX,VRNT,VSAT,WB,WBD,WDC,WEN,WSFS,XXII,Z,ZBRA
ABAT,0.0,0.734,-0.022,0.356,0.675,0.487,0.511,0.042,0.6,0.375,0.756,0.647,0.421,0.118,0.342,0.226,0.256,0.371,0.382,0.493,0.214,0.207,0.35,0.672,0.591,0.479,0.554,-0.107,0.084,0.403,0.431,0.746,0.403,0.448,-0.11,0.344,0.461,0.644,0.173,0.606,0.19,0.33,-0.25,0.33,0.407,0.479,0.265,0.68,0.616,0.461,0.139,0.617,0.072,0.299,0.565,0.376,0.431,0.351,0.106,0.43,0.749,0.075,0.509,0.304,0.169,0.134,-0.09,0.277,0.09,0.695,0.779,0.338,0.57,-0.059,-0.04,0.769,0.397,-0.042,0.114,-0.234,0.637,0.179,0.131,-0.066,0.592,0.666,0.273,0.715,0.172,0.202,0.636,0.143,0.684,0.414,0.46,0.011,0.811,0.156,0.318,0.135,0.23,0.769,0.313,0.669,-0.089,0.504,0.673,0.566,0.472,-0.035,0.365,0.384,0.693,0.229,0.302,0.485,-0.432,-0.063,0.28,0.435,0.518,-0.172,0.191,0.03,0.056,0.672,0.13,0.49,0.095,0.575,0.369,0.375,0.821,-0.09,0.253,0.679,0.165,-0.138,0.462,0.259,0.387,0.566,0.012,0.359,0.317,0.684,0.622,0.481,0.661,0.566,0.051,0.074,-0.004,-0.521,0.355,0.372,0.583,0.454,0.28,0.467,0.528,0.701,0.433,0.693,-0.032,0.249,0.589,0.38,-0.282,0.626,0.543,0.753,0.508,0.797,-0.023,0.088,0.261,0.395,0.258,0.324,0.657,-0.087,0.618,0.434,0.179,-0.28,0.551,0.08,0.634,-0.037,0.163,0.453,-0.131,-0.002,0.225,0.679,0.321,0.245,0.09,0.57
ACLS,0.734,0.0,0.218,0.484,0.845,0.7,0.414,-0.206,0.737,-0.017,0.879,0.666,0.106,0.182,0.027,-0.086,0.14,0.591,0.685,0.473,0.503,-0.004,0.074,0.502,0.332,0.773,0.704,0.069,-0.144,0.35,0.432,0.475,0.049,0.701,-0.381,0.757,0.145,0.444,-0.122,0.751,0.029,0.628,-0.492,0.4,0.532,0.61,-0.119,0.437,0.492,0.399,-0.09,0.784,-0.318,0.16,0.323,0.283,0.322,0.044,-0.154,0.669,0.816,-0.294,0.183,0.646,-0.23,-0.081,-0.401,-0.027,-0.232,0.538,0.714,0.027,0.267,-0.309,-0.283,0.719,-0.003,-0.047,0.285,-0.344,0.471,-0.11,-0.16,-0.06,0.612,0.806,0.053,0.439,0.484,0.307,0.496,0.186,0.571,0.204,0.193,-0.307,0.601,0.513,0.145,0.27,0.574,0.812,-0.015,0.766,-0.133,0.452,0.809,0.695,0.442,-0.149,0.739,0.662,0.504,0.278,0.261,0.258,-0.749,-0.418,0.376,0.133,0.368,-0.138,0.616,0.215,0.004,0.685,-0.341,0.752,0.016,0.526,0.437,0.645,0.818,-0.087,0.643,0.434,0.095,0.179,0.72,-0.012,0.767,0.384,0.421,0.593,0.006,0.775,0.876,0.711,0.45,0.318,-0.21,-0.196,-0.301,-0.539,0.65,-0.01,0.712,0.338,-0.169,0.553,0.856,0.541,0.312,0.621,-0.263,-0.046,0.714,0.485,-0.384,0.455,0.859,0.925,0.23,0.452,0.004,-0.076,0.52,0.028,0.342,0.283,0.735,-0.397,0.588,0.346,-0.126,-0.438,0.817,-0.156,0.81,-0.274,0.067,0.31,-0.339,-0.284,-0.056,0.703,-0.08,0.348,-0.22,0.419
ACMR,-0.022,0.218,0.0,0.607,0.268,0.47,-0.5,-0.715,0.415,-0.617,0.262,0.175,-0.606,0.606,-0.775,-0.858,-0.768,0.422,-0.134,-0.443,0.66,-0.506,-0.775,-0.072,-0.571,0.604,0.442,0.588,-0.888,-0.328,0.592,0.03,-0.659,-0.008,-0.692,0.423,-0.604,0.144,-0.478,-0.036,-0.415,0.627,-0.607,0.607,0.076,0.742,-0.659,0.183,-0.175,-0.565,-0.788,-0.034,-0.776,0.186,-0.701,-0.752,0.201,-0.236,-0.483,-0.136,0.136,-0.844,-0.372,0.759,-0.72,-0.805,-0.038,-0.085,-0.852,-0.322,0.038,0.076,-0.345,-0.83,0.166,0.06,-0.379,0.065,-0.381,-0.789,0.176,-0.831,-0.853,-0.056,-0.483,-0.214,-0.757,-0.031,0.127,-0.549,-0.607,-0.664,0.223,-0.715,0.042,-0.74,-0.041,0.78,-0.234,0.866,0.534,0.071,-0.704,-0.037,-0.46,-0.665,0.026,-0.109,-0.167,0.236,0.532,0.089,-0.239,0.052,-0.61,-0.76,-0.56,-0.759,0.587,-0.485,-0.72,-0.254,0.543,-0.253,-0.794,-0.398,-0.664,0.449,-0.868,0.461,0.005,0.707,-0.074,0.331,0.4,-0.583,0.399,0.556,0.591,-0.469,0.434,0.272,0.539,0.699,-0.808,0.021,0.175,-0.255,-0.568,-0.371,-0.827,-0.299,-0.344,-0.318,0.177,-0.43,0.285,0.17,-0.267,0.37,0.483,-0.489,-0.653,0.232,-0.793,-0.815,0.549,-0.406,-0.655,0.029,0.346,0.15,-0.665,-0.186,-0.644,-0.875,0.696,-0.628,-0.414,-0.692,-0.372,-0.796,0.284,-0.757,-0.813,-0.492,0.445,-0.633,0.404,-0.451,-0.726,-0.479,-0.793,-0.751,-0.739,0.355,-0.398,0.419,-0.527,-0.64
ADMA,0.356,0.484,0.607,0.0,0.692,0.349,0.102,-0.358,0.675,-0.29,0.575,0.575,0.07,0.416,-0.225,-0.348,-0.476,0.664,0.088,0.091,0.322,-0.161,-0.234,0.419,-0.011,0.554,0.399,0.513,-0.508,0.37,0.776,0.45,-0.045,0.506,-0.328,0.405,-0.013,0.495,-0.207,0.565,-0.027,0.387,-0.344,0.742,0.391,0.739,-0.069,0.474,0.231,0.173,-0.371,0.428,-0.326,0.561,-0.06,-0.137,0.627,0.225,-0.061,0.086,0.596,-0.572,0.179,0.557,-0.188,-0.334,0.192,0.32,-0.359,0.33,0.526,0.463,0.169,-0.404,0.36,0.429,0.146,0.392,-0.018,-0.491,0.503,-0.324,-0.4,0.109,-0.171,0.351,-0.169,0.237,0.118,-0.065,-0.017,-0.32,0.628,-0.094,0.193,-0.444,0.436,0.551,0.221,0.532,0.305,0.57,-0.205,0.429,-0.031,-0.161,0.423,0.514,0.217,0.371,0.595,0.476,0.293,0.568,-0.116,-0.201,-0.653,-0.449,0.411,0.027,-0.14,0.138,0.465,-0.314,-0.439,0.151,-0.361,0.451,-0.519,0.668,0.557,0.479,0.256,-0.103,0.297,-0.086,0.334,0.156,0.581,-0.05,0.508,0.677,0.556,0.433,-0.271,0.516,0.565,0.024,0.089,0.0,-0.47,0.156,-0.078,-0.184,0.399,-0.107,0.751,0.504,0.064,0.785,0.437,-0.049,-0.172,0.655,-0.371,-0.259,0.692,0.143,-0.487,0.514,0.481,0.519,-0.028,0.154,-0.23,-0.527,0.471,-0.138,0.085,-0.117,0.224,-0.417,0.542,-0.338,-0.23,-0.178,0.781,-0.167,0.672,-0.001,-0.347,0.004,-0.435,-0.378,-0.195,0.616,0.027,0.597,-0.057,-0.044
ADUS,0.675,0.845,0.268,0.692,0.0,0.537,0.511,-0.109,0.721,0.036,0.834,0.755,0.284,0.343,0.128,-0.027,-0.021,0.775,0.417,0.546,0.364,0.013,0.1,0.645,0.341,0.637,0.512,0.323,-0.196,0.576,0.639,0.567,0.147,0.721,-0.222,0.591,0.253,0.61,-0.125,0.851,0.178,0.461,-0.267,0.545,0.615,0.675,0.089,0.596,0.616,0.473,-0.127,0.67,-0.183,0.516,0.354,0.25,0.609,0.294,0.072,0.558,0.837,-0.285,0.4,0.516,-0.064,-0.053,-0.049,0.299,-0.121,0.614,0.83,0.303,0.376,-0.193,0.09,0.752,0.217,0.28,0.198,-0.374,0.585,-0.094,-0.164,0.096,0.411,0.765,0.118,0.484,0.262,0.238,0.453,0.006,0.736,0.245,0.332,-0.319,0.685,0.444,0.437,0.33,0.332,0.839,0.092,0.786,-0.009,0.397,0.812,0.689,0.454,0.182,0.654,0.718,0.647,0.547,0.235,0.198,-0.678,-0.287,0.365,0.28,0.347,0.133,0.497,-0.069,-0.079,0.585,-0.189,0.584,-0.037,0.679,0.685,0.532,0.676,-0.306,0.446,0.362,0.287,-0.012,0.686,0.15,0.645,0.637,0.505,0.447,0.073,0.771,0.873,0.46,0.497,0.391,-0.212,0.063,-0.085,-0.282,0.618,0.086,0.878,0.562,0.053,0.774,0.656,0.503,0.252,0.779,-0.154,0.038,0.773,0.494,-0.408,0.635,0.67,0.833,0.305,0.458,-0.019,-0.11,0.381,0.108,0.426,0.295,0.692,-0.292,0.727,0.129,-0.008,-0.161,0.854,-0.03,0.801,0.029,-0.081,0.394,-0.252,-0.219,0.106,0.73,0.135,0.518,0.029,0.424
ADVM,0.487,0.7,0.47,0.349,0.537,0.0,-0.207,-0.489,0.681,-0.456,0.801,0.552,-0.373,0.316,-0.401,-0.562,-0.317,0.566,0.384,-0.11,0.816,-0.372,-0.406,0.073,-0.171,0.882,0.838,0.159,-0.485,-0.175,0.282,0.305,-0.439,0.327,-0.736,0.735,-0.384,0.132,-0.617,0.318,-0.549,0.851,-0.712,0.362,0.169,0.65,-0.531,0.247,0.216,-0.239,-0.556,0.476,-0.724,-0.097,-0.172,-0.292,0.026,-0.413,-0.538,0.559,0.531,-0.597,-0.267,0.839,-0.627,-0.474,-0.516,-0.321,-0.614,-0.002,0.356,-0.149,-0.292,-0.718,-0.43,0.324,-0.395,-0.499,-0.185,-0.704,0.164,-0.59,-0.607,-0.328,0.171,0.477,-0.526,0.178,0.637,-0.195,0.052,-0.243,0.282,-0.366,0.198,-0.468,0.211,0.729,-0.048,0.588,0.74,0.55,-0.516,0.334,-0.627,-0.061,0.392,0.384,-0.005,-0.405,0.795,0.408,0.093,-0.126,-0.368,-0.287,-0.809,-0.729,0.651,-0.408,-0.143,-0.51,0.631,0.27,-0.485,0.277,-0.615,0.897,-0.366,0.39,0.181,0.9,0.607,0.172,0.805,0.009,0.045,0.584,0.912,-0.462,0.728,0.145,0.586,0.888,-0.449,0.454,0.643,0.491,-0.077,0.173,-0.611,-0.337,-0.66,-0.708,0.611,-0.277,0.549,0.165,-0.291,0.505,0.883,0.194,-0.243,0.39,-0.718,-0.494,0.558,-0.138,-0.732,0.012,0.852,0.602,-0.321,0.243,-0.45,-0.455,0.737,-0.185,-0.154,-0.326,0.259,-0.79,0.534,0.014,-0.537,-0.672,0.678,-0.496,0.775,-0.692,-0.361,-0.228,-0.675,-0.726,-0.456,0.645,-0.476,0.479,-0.666,-0.117
AEIS,0.511,0.414,-0.5,0.102,0.511,-0.207,0.0,0.62,0.096,0.702,0.288,0.275,0.822,-0.053,0.839,0.759,0.672,0.245,0.331,0.92,-0.447,0.524,0.794,0.701,0.86,-0.168,-0.153,-0.14,0.614,0.844,0.144,0.475,0.809,0.529,0.617,-0.019,0.836,0.527,0.556,0.703,0.77,-0.325,0.377,0.014,0.498,-0.093,0.741,0.42,0.624,0.917,0.62,0.405,0.651,0.468,0.837,0.838,0.495,0.677,0.683,0.314,0.475,0.584,0.755,-0.349,0.71,0.652,0.212,0.519,0.693,0.798,0.622,0.413,0.772,0.658,0.205,0.626,0.695,0.446,0.479,0.4,0.436,0.688,0.652,0.245,0.673,0.6,0.853,0.526,-0.176,0.63,0.789,0.532,0.468,0.876,0.247,0.319,0.629,-0.395,0.571,-0.397,-0.39,0.557,0.813,0.733,0.495,0.858,0.641,0.497,0.617,0.261,-0.146,0.407,0.785,0.589,0.745,0.797,0.103,0.572,-0.289,0.852,0.881,0.466,-0.214,0.038,0.596,0.65,0.592,-0.16,0.696,0.22,0.56,-0.33,0.487,-0.502,-0.239,0.794,0.155,-0.63,-0.131,0.721,-0.035,0.446,-0.251,-0.372,0.809,0.524,0.408,0.423,0.894,0.612,0.65,0.4,0.479,0.265,0.094,0.61,0.394,0.422,0.434,0.213,-0.011,0.77,0.887,0.502,0.719,0.786,0.143,0.828,0.386,0.65,0.008,0.509,0.84,0.492,0.633,0.646,-0.417,0.554,0.81,0.855,0.77,0.531,0.371,0.597,0.75,0.446,0.199,0.589,0.162,0.634,0.459,0.886,0.608,0.622,0.788,0.253,0.647,-0.006,0.703,0.892
AGNCM,0.042,-0.206,-0.715,-0.358,-0.109,-0.489,0.62,0.0,-0.417,0.645,-0.194,-0.135,0.701,-0.22,0.841,0.784,0.627,-0.119,-0.083,0.593,-0.719,0.414,0.756,0.233,0.627,-0.613,-0.502,-0.243,0.802,0.563,-0.307,0.22,0.728,0.104,0.805,-0.439,0.653,0.075,0.525,0.251,0.566,-0.599,0.605,-0.289,0.134,-0.578,0.743,0.03,0.398,0.586,0.667,-0.076,0.796,0.222,0.631,0.629,0.14,0.479,0.689,0.053,-0.082,0.802,0.479,-0.742,0.843,0.686,0.37,0.389,0.858,0.382,0.078,0.374,0.409,0.833,0.239,0.069,0.588,0.221,0.216,0.62,-0.033,0.727,0.738,0.161,0.214,0.19,0.764,0.187,-0.397,0.448,0.503,0.447,-0.055,0.716,0.113,0.597,0.107,-0.72,0.543,-0.554,-0.722,0.102,0.773,0.245,0.449,0.623,0.058,0.038,0.191,0.133,-0.583,0.059,0.457,0.32,0.458,0.59,0.547,0.832,-0.548,0.688,0.695,0.381,-0.585,0.113,0.574,0.219,0.777,-0.546,0.738,-0.277,0.303,-0.708,0.054,-0.551,-0.515,0.525,-0.007,-0.682,-0.522,0.667,-0.513,0.05,-0.479,-0.691,0.805,0.098,-0.11,0.087,0.579,0.614,0.794,0.627,0.467,0.569,-0.198,0.634,-0.037,0.262,0.567,-0.114,-0.553,0.489,0.679,0.079,0.807,0.847,-0.47,0.476,0.607,0.138,-0.465,-0.072,0.588,0.141,0.654,0.713,-0.765,0.623,0.604,0.584,0.325,0.693,0.039,0.494,0.808,0.681,-0.301,0.737,-0.253,0.718,0.422,0.655,0.845,0.741,0.879,-0.151,0.529,-0.105,0.757,0.639
AHCO,0.6,0.737,0.415,0.675,0.721,0.681,0.096,-0.417,0.0,-0.192,0.8,0.767,0.054,0.182,-0.182,-0.286,-0.234,0.608,0.298,0.059,0.56,0.086,-0.098,0.434,0.062,0.744,0.61,0.321,-0.391,0.284,0.659,0.459,-0.043,0.576,-0.462,0.691,0.043,0.48,-0.254,0.582,-0.148,0.564,-0.637,0.611,0.397,0.802,-0.147,0.52,0.323,0.148,-0.323,0.656,-0.412,0.307,0.092,-0.007,0.426,0.096,-0.142,0.345,0.733,-0.485,0.205,0.679,-0.309,-0.328,-0.085,0.143,-0.382,0.455,0.673,0.182,0.185,-0.451,-0.006,0.61,0.044,-0.023,-0.075,-0.51,0.561,-0.257,-0.331,0.141,0.194,0.567,-0.205,0.446,0.36,-0.06,0.278,-0.194,0.642,-0.005,0.429,-0.312,0.587,0.656,0.133,0.466,0.59,0.658,-0.184,0.476,-0.18,0.021,0.545,0.537,0.416,0.004,0.69,0.397,0.379,0.189,-0.009,-0.053,-0.797,-0.502,0.667,-0.044,-0.003,-0.147,0.538,-0.043,-0.349,0.451,-0.358,0.677,-0.329,0.684,0.441,0.663,0.604,0.045,0.566,0.226,0.182,0.202,0.752,-0.225,0.649,0.518,0.531,0.606,-0.184,0.585,0.698,0.346,0.201,0.134,-0.413,-0.058,-0.232,-0.595,0.498,-0.067,0.665,0.435,-0.11,0.664,0.767,0.276,-0.045,0.667,-0.459,-0.258,0.789,0.068,-0.585,0.456,0.743,0.656,0.041,0.48,-0.309,-0.418,0.745,0.023,0.083,-0.014,0.444,-0.471,0.645,0.008,-0.21,-0.431,0.746,-0.408,0.76,-0.269,-0.161,0.05,-0.541,-0.396,-0.276,0.607,0.016,0.498,-0.239,0.173
ALGT,0.375,-0.017,-0.617,-0.29,0.036,-0.456,0.702,0.645,-0.192,0.0,-0.086,0.092,0.797,-0.098,0.785,0.861,0.654,-0.214,-0.111,0.678,-0.616,0.58,0.793,0.614,0.783,-0.497,-0.302,-0.231,0.686,0.546,-0.042,0.45,0.794,-0.025,0.67,-0.48,0.885,0.519,0.749,0.231,0.689,-0.54,0.528,-0.172,0.285,-0.256,0.819,0.456,0.479,0.609,0.74,0.022,0.816,0.291,0.771,0.634,0.255,0.778,0.702,-0.111,0.131,0.828,0.766,-0.645,0.809,0.61,0.447,0.617,0.771,0.655,0.4,0.412,0.83,0.754,0.358,0.435,0.801,0.349,0.167,0.513,0.457,0.817,0.802,0.382,0.493,0.194,0.818,0.641,-0.546,0.354,0.633,0.378,0.381,0.805,0.354,0.566,0.586,-0.639,0.358,-0.472,-0.524,0.157,0.904,0.329,0.45,0.661,0.301,0.023,0.464,0.322,-0.548,-0.085,0.67,0.225,0.631,0.752,0.518,0.798,-0.349,0.86,0.712,0.307,-0.581,-0.138,0.575,0.362,0.836,-0.487,0.616,0.185,0.147,-0.539,0.292,-0.316,-0.583,0.731,0.221,-0.807,-0.514,0.774,-0.458,0.34,-0.664,-0.548,0.828,0.143,-0.043,0.031,0.737,0.548,0.75,0.418,0.657,0.204,-0.283,0.751,-0.098,0.342,0.626,-0.17,-0.354,0.649,0.744,0.231,0.743,0.789,-0.03,0.462,0.49,0.576,-0.413,0.106,0.821,0.593,0.406,0.665,-0.549,0.69,0.492,0.65,0.381,0.768,0.145,0.496,0.741,0.462,-0.288,0.62,-0.253,0.681,0.525,0.79,0.607,0.802,0.764,-0.006,0.838,-0.268,0.785,0.754
ALLO,0.756,0.879,0.262,0.575,0.834,0.801,0.288,-0.194,0.8,-0.086,0.0,0.751,0.145,0.294,0.018,-0.171,-0.102,0.704,0.456,0.342,0.518,-0.116,0.004,0.489,0.267,0.8,0.731,0.172,-0.214,0.345,0.495,0.653,0.048,0.613,-0.425,0.648,0.078,0.49,-0.295,0.732,-0.15,0.646,-0.481,0.517,0.424,0.681,-0.053,0.545,0.542,0.262,-0.231,0.711,-0.345,0.262,0.28,0.112,0.38,0.048,-0.164,0.585,0.827,-0.355,0.202,0.644,-0.191,-0.168,-0.235,0.068,-0.228,0.508,0.728,0.244,0.197,-0.377,-0.151,0.664,0.097,-0.148,0.018,-0.515,0.491,-0.203,-0.26,-0.17,0.388,0.788,-0.059,0.495,0.439,0.11,0.427,-0.046,0.619,0.101,0.357,-0.318,0.599,0.525,0.311,0.415,0.503,0.882,-0.07,0.71,-0.306,0.289,0.704,0.69,0.372,-0.145,0.723,0.647,0.544,0.29,-0.011,0.093,-0.767,-0.435,0.482,0.084,0.275,-0.225,0.476,0.136,-0.25,0.584,-0.304,0.8,-0.138,0.584,0.555,0.692,0.802,-0.181,0.605,0.379,0.179,0.208,0.827,-0.015,0.683,0.502,0.441,0.666,-0.022,0.777,0.865,0.61,0.392,0.49,-0.302,0.011,-0.337,-0.571,0.607,0.08,0.819,0.496,0.046,0.742,0.79,0.517,0.166,0.765,-0.367,-0.06,0.679,0.274,-0.546,0.435,0.826,0.857,0.144,0.497,-0.169,-0.221,0.54,0.136,0.226,0.071,0.615,-0.477,0.755,0.223,-0.121,-0.425,0.861,-0.141,0.924,-0.273,-0.144,0.224,-0.397,-0.397,-0.018,0.83,-0.089,0.603,-0.223,0.33
AMSF,0.647,0.666,0.175,0.575,0.755,0.552,0.275,-0.135,0.767,0.092,0.751,0.0,0.275,0.307,0.058,0.01,-0.078,0.654,0.174,0.369,0.359,0.045,0.098,0.628,0.249,0.529,0.582,0.34,-0.208,0.426,0.617,0.619,0.137,0.517,-0.3,0.413,0.296,0.621,-0.153,0.657,-0.025,0.409,-0.286,0.524,0.602,0.687,0.135,0.672,0.626,0.323,-0.154,0.568,-0.19,0.453,0.38,0.149,0.573,0.299,0.089,0.401,0.78,-0.202,0.435,0.435,-0.046,-0.091,0.098,0.388,-0.124,0.604,0.775,0.3,0.33,-0.224,0.164,0.703,0.25,0.116,-0.04,-0.421,0.638,-0.059,-0.133,0.19,0.294,0.702,0.026,0.511,0.138,0.058,0.416,-0.161,0.779,0.203,0.502,-0.158,0.708,0.4,0.427,0.355,0.372,0.702,0.066,0.561,-0.001,0.28,0.646,0.511,0.302,0.168,0.629,0.511,0.644,0.358,0.166,0.153,-0.601,-0.211,0.503,0.224,0.23,0.12,0.375,-0.246,-0.142,0.549,-0.146,0.516,-0.109,0.765,0.599,0.521,0.681,-0.229,0.326,0.363,0.29,-0.124,0.614,0.054,0.589,0.64,0.51,0.427,0.035,0.646,0.715,0.313,0.417,0.413,-0.301,0.135,-0.111,-0.449,0.596,0.078,0.733,0.615,0.128,0.726,0.572,0.515,0.068,0.686,-0.232,0.018,0.772,0.222,-0.546,0.593,0.574,0.652,0.326,0.603,-0.279,-0.149,0.39,0.386,0.246,0.168,0.554,-0.201,0.715,0.11,-0.002,-0.15,0.683,-0.023,0.709,0.003,-0.052,0.281,-0.39,-0.209,0.075,0.678,0.21,0.552,-0.001,0.357
ANAB,0.421,0.106,-0.606,0.07,0.284,-0.373,0.822,0.701,0.054,0.797,0.145,0.275,0.0,-0.164,0.878,0.838,0.547,0.077,-0.011,0.734,-0.626,0.568,0.85,0.698,0.831,-0.364,-0.283,-0.132,0.69,0.817,0.1,0.566,0.904,0.321,0.709,-0.324,0.912,0.53,0.621,0.552,0.671,-0.523,0.5,0.05,0.374,-0.164,0.906,0.465,0.559,0.83,0.709,0.283,0.817,0.509,0.848,0.745,0.463,0.809,0.747,-0.002,0.357,0.689,0.837,-0.556,0.893,0.665,0.511,0.685,0.833,0.802,0.532,0.612,0.811,0.765,0.428,0.46,0.869,0.436,0.284,0.5,0.469,0.819,0.775,0.33,0.393,0.467,0.878,0.565,-0.386,0.524,0.729,0.408,0.466,0.879,0.351,0.556,0.621,-0.565,0.592,-0.459,-0.555,0.438,0.9,0.511,0.561,0.679,0.396,0.383,0.514,0.313,-0.346,0.224,0.776,0.526,0.632,0.739,0.294,0.74,-0.337,0.878,0.797,0.47,-0.452,-0.102,0.518,0.498,0.766,-0.342,0.58,0.211,0.495,-0.525,0.335,-0.559,-0.467,0.755,0.136,-0.768,-0.32,0.783,-0.294,0.499,-0.405,-0.526,0.884,0.398,0.214,0.174,0.853,0.641,0.719,0.667,0.611,0.303,-0.06,0.74,0.282,0.504,0.661,0.193,-0.299,0.671,0.761,0.478,0.755,0.863,0.013,0.605,0.426,0.645,-0.227,0.257,0.865,0.543,0.536,0.609,-0.51,0.759,0.641,0.718,0.576,0.705,0.326,0.523,0.864,0.557,0.038,0.702,0.041,0.77,0.496,0.814,0.66,0.74,0.875,0.161,0.795,0.065,0.841,0.84
ANDE,0.118,0.182,0.606,0.416,0.343,0.316,-0.053,-0.22,0.182,-0.098,0.294,0.307,-0.164,0.0,-0.248,-0.386,-0.498,0.526,-0.357,0.121,0.277,-0.383,-0.362,0.29,-0.152,0.26,0.267,0.693,-0.49,0.027,0.567,0.389,-0.238,-0.087,-0.247,0.04,-0.177,0.494,-0.26,0.194,-0.131,0.324,-0.086,0.568,0.314,0.572,-0.123,0.545,0.271,-0.245,-0.547,-0.201,-0.363,0.517,-0.273,-0.486,0.482,0.179,0.03,-0.094,0.214,-0.351,0.063,0.358,-0.214,-0.459,0.312,0.371,-0.402,-0.015,0.325,0.446,0.009,-0.401,0.47,0.355,0.135,0.285,-0.424,-0.683,0.389,-0.499,-0.524,0.027,-0.234,-0.013,-0.312,0.301,-0.294,-0.431,-0.333,-0.635,0.49,-0.298,0.3,-0.641,0.216,0.391,0.224,0.739,0.045,0.254,-0.182,0.299,-0.403,-0.195,0.319,-0.1,-0.1,0.562,0.253,0.236,0.275,0.406,-0.476,-0.452,-0.227,-0.23,0.44,0.057,-0.282,0.115,0.064,-0.389,-0.616,-0.278,-0.189,0.143,-0.448,0.594,0.354,0.462,0.134,-0.026,-0.041,-0.215,0.789,0.054,0.366,0.131,0.153,0.566,0.304,0.42,-0.317,0.163,0.202,-0.213,-0.14,0.216,-0.473,0.052,0.052,-0.005,0.006,0.082,0.359,0.469,0.296,0.444,0.245,0.006,-0.244,0.479,-0.308,-0.342,0.468,-0.13,-0.496,0.344,0.032,0.246,-0.236,0.053,-0.448,-0.48,0.196,-0.139,-0.012,-0.387,-0.167,-0.445,0.623,-0.577,-0.38,-0.04,0.288,-0.124,0.358,0.023,-0.724,0.087,-0.381,-0.382,-0.137,0.501,0.025,0.425,-0.034,-0.267
APLS,0.342,0.027,-0.775,-0.225,0.128,-0.401,0.839,0.841,-0.182,0.785,0.018,0.058,0.878,-0.248,0.0,0.909,0.732,-0.02,0.036,0.74,-0.666,0.606,0.913,0.473,0.812,-0.498,-0.408,-0.293,0.831,0.724,-0.137,0.383,0.902,0.264,0.818,-0.326,0.85,0.299,0.583,0.424,0.698,-0.604,0.572,-0.233,0.248,-0.43,0.874,0.26,0.546,0.794,0.737,0.149,0.873,0.333,0.831,0.81,0.282,0.634,0.781,0.151,0.172,0.849,0.712,-0.655,0.906,0.795,0.341,0.514,0.921,0.631,0.38,0.413,0.656,0.853,0.21,0.323,0.747,0.262,0.316,0.575,0.194,0.83,0.815,0.191,0.487,0.395,0.89,0.413,-0.317,0.519,0.754,0.492,0.202,0.885,0.287,0.599,0.402,-0.685,0.609,-0.593,-0.683,0.3,0.911,0.447,0.487,0.797,0.324,0.273,0.403,0.146,-0.486,0.134,0.674,0.384,0.629,0.789,0.425,0.825,-0.42,0.832,0.872,0.429,-0.558,0.066,0.636,0.481,0.844,-0.429,0.815,-0.081,0.401,-0.616,0.281,-0.532,-0.479,0.773,0.04,-0.752,-0.398,0.74,-0.383,0.236,-0.492,-0.619,0.955,0.274,0.087,0.218,0.825,0.689,0.847,0.595,0.58,0.421,-0.12,0.748,0.133,0.322,0.622,0.005,-0.376,0.726,0.834,0.283,0.87,0.939,-0.249,0.598,0.538,0.398,-0.305,0.152,0.824,0.45,0.654,0.793,-0.689,0.753,0.715,0.785,0.557,0.744,0.194,0.636,0.928,0.645,-0.152,0.716,-0.124,0.735,0.507,0.831,0.829,0.793,0.93,0.019,0.7,-0.1,0.816,0.849
APPF,0.226,-0.086,-0.858,-0.348,-0.027,-0.562,0.759,0.784,-0.286,0.861,-0.171,0.01,0.838,-0.386,0.909,0.0,0.808,-0.23,0.033,0.694,-0.715,0.673,0.9,0.411,0.759,-0.627,-0.47,-0.358,0.833,0.624,-0.233,0.232,0.858,0.138,0.804,-0.429,0.888,0.225,0.692,0.251,0.749,-0.715,0.658,-0.392,0.21,-0.537,0.879,0.153,0.457,0.781,0.822,0.085,0.921,0.188,0.862,0.844,0.157,0.628,0.756,0.051,0.061,0.923,0.696,-0.775,0.893,0.794,0.34,0.462,0.942,0.613,0.259,0.249,0.674,0.91,0.168,0.243,0.698,0.288,0.353,0.72,0.169,0.939,0.929,0.317,0.52,0.278,0.913,0.335,-0.375,0.544,0.734,0.566,0.127,0.894,0.199,0.693,0.364,-0.789,0.455,-0.751,-0.614,0.095,0.932,0.243,0.627,0.769,0.212,0.166,0.405,0.136,-0.551,-0.013,0.563,0.219,0.776,0.88,0.543,0.877,-0.494,0.794,0.831,0.465,-0.582,-0.03,0.808,0.474,0.823,-0.533,0.844,-0.13,0.228,-0.731,0.183,-0.427,-0.569,0.73,-0.056,-0.826,-0.575,0.69,-0.44,0.099,-0.565,-0.757,0.939,0.107,-0.055,0.112,0.761,0.504,0.863,0.477,0.589,0.403,-0.189,0.643,-0.09,0.19,0.494,-0.179,-0.465,0.648,0.783,0.055,0.895,0.957,-0.289,0.558,0.63,0.352,-0.404,0.014,0.884,0.42,0.63,0.888,-0.729,0.766,0.637,0.85,0.486,0.878,-0.04,0.662,0.929,0.65,-0.322,0.698,-0.32,0.738,0.664,0.764,0.8,0.892,0.884,-0.174,0.73,-0.29,0.811,0.831
ASML,0.256,0.14,-0.768,-0.476,-0.021,-0.317,0.672,0.627,-0.234,0.654,-0.102,-0.078,0.547,-0.498,0.732,0.808,0.0,-0.227,0.341,0.602,-0.47,0.602,0.775,0.198,0.634,-0.399,-0.305,-0.503,0.729,0.385,-0.339,0.043,0.633,0.292,0.554,-0.128,0.659,-0.007,0.618,0.185,0.659,-0.425,0.394,-0.527,0.247,-0.514,0.531,-0.051,0.348,0.67,0.701,0.261,0.672,-0.131,0.732,0.833,-0.096,0.275,0.508,0.34,0.117,0.793,0.423,-0.511,0.572,0.68,-0.109,0.073,0.716,0.437,0.16,-0.145,0.442,0.701,-0.25,0.217,0.321,0.035,0.456,0.637,-0.04,0.79,0.805,0.153,0.713,0.344,0.723,0.205,-0.068,0.545,0.728,0.66,-0.064,0.747,0.086,0.542,0.215,-0.627,0.208,-0.672,-0.315,0.05,0.734,0.24,0.505,0.784,0.277,0.171,0.275,-0.187,-0.351,-0.004,0.368,-0.018,0.784,0.832,0.399,0.627,-0.382,0.54,0.763,0.182,-0.269,0.206,0.832,0.489,0.587,-0.291,0.88,-0.283,-0.008,-0.506,0.275,-0.301,-0.242,0.7,-0.208,-0.569,-0.407,0.423,-0.211,-0.181,-0.446,-0.534,0.755,0.081,-0.009,0.365,0.627,0.351,0.732,0.123,0.327,0.17,-0.069,0.475,-0.151,-0.03,0.087,-0.366,-0.157,0.655,0.764,-0.072,0.697,0.757,-0.28,0.54,0.526,0.118,-0.131,0.13,0.69,0.362,0.587,0.872,-0.532,0.559,0.581,0.835,0.532,0.662,-0.145,0.773,0.71,0.393,-0.273,0.459,-0.257,0.385,0.692,0.622,0.631,0.734,0.633,-0.153,0.407,-0.382,0.487,0.763
ATRC,0.371,0.591,0.422,0.664,0.775,0.566,0.245,-0.119,0.608,-0.214,0.704,0.654,0.077,0.526,-0.02,-0.23,-0.227,0.0,0.073,0.284,0.431,-0.137,-0.148,0.341,0.03,0.517,0.355,0.581,-0.387,0.426,0.633,0.447,-0.069,0.596,-0.286,0.522,-0.001,0.401,-0.418,0.641,0.05,0.431,-0.255,0.524,0.517,0.628,-0.033,0.437,0.599,0.197,-0.447,0.399,-0.318,0.499,0.056,-0.055,0.565,0.099,0.078,0.473,0.676,-0.367,0.16,0.501,-0.175,-0.264,0.066,0.274,-0.203,0.261,0.589,0.295,-0.012,-0.321,0.165,0.475,0.089,0.2,-0.141,-0.559,0.327,-0.317,-0.375,0.056,0.016,0.548,-0.161,0.25,0.226,-0.11,0.176,-0.358,0.553,-0.062,0.432,-0.45,0.36,0.464,0.552,0.552,0.245,0.637,-0.095,0.528,-0.162,0.119,0.564,0.444,0.169,0.207,0.588,0.595,0.474,0.512,-0.111,-0.149,-0.618,-0.317,0.555,0.04,0.049,0.137,0.388,-0.19,-0.345,0.252,-0.259,0.483,-0.156,0.555,0.724,0.526,0.397,-0.334,0.373,0.031,0.47,0.046,0.722,-0.014,0.502,0.532,0.635,0.43,-0.091,0.481,0.672,0.186,0.146,0.392,-0.409,0.197,-0.169,-0.134,0.552,0.028,0.824,0.649,0.042,0.795,0.545,0.336,-0.057,0.69,-0.286,-0.091,0.575,0.137,-0.607,0.345,0.512,0.549,-0.006,0.252,-0.248,-0.245,0.311,0.073,0.36,0.027,0.351,-0.398,0.734,-0.181,-0.099,0.023,0.725,-0.146,0.75,0.023,-0.463,0.172,-0.312,-0.359,0.014,0.698,-0.044,0.712,-0.051,0.143
AVGO,0.382,0.685,-0.134,0.088,0.417,0.384,0.331,-0.083,0.298,-0.111,0.456,0.174,-0.011,-0.357,0.036,0.033,0.341,0.073,0.0,0.333,0.277,-0.054,0.122,0.135,0.317,0.523,0.494,-0.491,0.172,0.11,-0.172,-0.014,0.048,0.537,-0.191,0.587,0.042,-0.073,-0.017,0.443,-0.01,0.415,-0.338,-0.048,0.153,0.043,-0.216,-0.184,0.06,0.401,0.232,0.657,-0.194,-0.3,0.288,0.479,-0.133,-0.271,-0.324,0.614,0.398,-0.14,-0.104,0.354,-0.179,0.238,-0.746,-0.496,-0.08,0.261,0.182,-0.379,0.064,-0.097,-0.666,0.281,-0.291,-0.252,0.689,0.147,0.0,0.068,0.072,-0.275,0.66,0.566,0.188,-0.054,0.703,0.652,0.409,0.705,-0.014,0.24,-0.391,0.029,0.161,0.237,-0.213,-0.252,0.476,0.475,-0.077,0.457,0.061,0.474,0.423,0.592,0.315,-0.51,0.515,0.476,0.053,0.016,0.45,0.424,-0.486,-0.302,-0.162,-0.012,0.429,-0.189,0.567,0.601,0.42,0.676,-0.334,0.574,0.258,-0.086,0.071,0.287,0.507,0.058,0.641,0.352,-0.521,0.344,0.342,-0.139,0.637,-0.174,0.228,0.303,0.044,0.542,0.579,0.845,0.347,0.0,0.07,-0.43,-0.464,-0.353,0.556,-0.289,0.284,-0.289,-0.46,0.085,0.559,0.268,0.4,0.048,-0.04,0.037,0.207,0.607,0.098,0.038,0.716,0.629,0.184,0.026,0.417,0.2,0.278,-0.182,0.19,0.374,0.661,-0.181,-0.046,0.621,-0.036,-0.456,0.49,0.003,0.404,-0.391,0.49,0.079,-0.027,-0.141,-0.048,0.2,-0.305,-0.128,-0.333,0.341
AVT,0.493,0.473,-0.443,0.091,0.546,-0.11,0.92,0.593,0.059,0.678,0.342,0.369,0.734,0.121,0.74,0.694,0.602,0.284,0.333,0.0,-0.363,0.323,0.702,0.703,0.807,-0.09,-0.008,-0.043,0.558,0.779,0.135,0.522,0.698,0.497,0.498,-0.014,0.758,0.536,0.482,0.744,0.647,-0.198,0.371,0.082,0.624,-0.04,0.662,0.443,0.702,0.853,0.557,0.393,0.525,0.445,0.808,0.758,0.474,0.615,0.592,0.38,0.51,0.515,0.682,-0.269,0.616,0.579,0.178,0.485,0.597,0.762,0.624,0.38,0.702,0.567,0.192,0.655,0.622,0.449,0.479,0.315,0.447,0.596,0.563,0.213,0.658,0.666,0.796,0.505,-0.185,0.635,0.718,0.49,0.504,0.81,0.191,0.212,0.605,-0.316,0.557,-0.305,-0.299,0.597,0.741,0.777,0.429,0.888,0.721,0.475,0.49,0.294,-0.022,0.527,0.812,0.632,0.688,0.732,0.048,0.5,-0.284,0.823,0.855,0.477,-0.11,0.022,0.561,0.637,0.463,-0.067,0.64,0.273,0.591,-0.215,0.55,-0.541,-0.176,0.711,0.225,-0.585,-0.071,0.717,0.078,0.446,-0.126,-0.267,0.71,0.609,0.497,0.454,0.844,0.662,0.535,0.338,0.379,0.238,0.212,0.526,0.441,0.452,0.419,0.267,0.042,0.777,0.824,0.498,0.628,0.715,0.217,0.854,0.306,0.635,0.069,0.583,0.781,0.414,0.566,0.597,-0.403,0.521,0.793,0.777,0.78,0.445,0.416,0.548,0.613,0.396,0.28,0.634,0.234,0.579,0.421,0.878,0.504,0.529,0.77,0.354,0.547,0.062,0.616,0.835
AXDX,0.214,0.503,0.66,0.322,0.364,0.816,-0.447,-0.719,0.56,-0.616,0.518,0.359,-0.626,0.277,-0.666,-0.715,-0.47,0.431,0.277,-0.363,0.0,-0.434,-0.69,-0.138,-0.471,0.781,0.716,0.227,-0.728,-0.412,0.318,-0.043,-0.705,0.117,-0.863,0.708,-0.575,-0.014,-0.706,0.036,-0.558,0.795,-0.707,0.306,0.025,0.645,-0.756,0.057,0.033,-0.449,-0.702,0.247,-0.844,-0.171,-0.468,-0.506,-0.064,-0.515,-0.674,0.334,0.279,-0.733,-0.473,0.864,-0.834,-0.63,-0.519,-0.428,-0.794,-0.253,0.139,-0.336,-0.449,-0.871,-0.43,0.104,-0.592,-0.446,-0.211,-0.739,0.073,-0.763,-0.776,-0.24,-0.017,0.131,-0.735,-0.105,0.614,-0.323,-0.234,-0.366,0.13,-0.633,0.048,-0.568,0.0,0.799,-0.236,0.603,0.802,0.231,-0.724,-0.015,-0.614,-0.331,0.181,0.122,-0.086,-0.327,0.778,0.223,-0.182,-0.283,-0.424,-0.466,-0.748,-0.842,0.697,-0.626,-0.427,-0.441,0.69,0.09,-0.489,0.078,-0.787,0.771,-0.561,0.304,-0.028,0.875,0.279,0.429,0.734,-0.32,0.031,0.689,0.837,-0.664,0.728,-0.033,0.649,0.847,-0.667,0.144,0.449,0.162,-0.377,-0.203,-0.796,-0.567,-0.685,-0.662,0.534,-0.566,0.339,-0.038,-0.503,0.378,0.777,-0.136,-0.55,0.099,-0.841,-0.713,0.532,-0.344,-0.755,-0.151,0.723,0.328,-0.503,0.052,-0.616,-0.548,0.767,-0.445,-0.38,-0.468,-0.027,-0.83,0.253,-0.279,-0.758,-0.687,0.514,-0.748,0.565,-0.765,-0.441,-0.486,-0.838,-0.844,-0.725,0.388,-0.579,0.33,-0.799,-0.407
AXSM,0.207,-0.004,-0.506,-0.161,0.013,-0.372,0.524,0.414,0.086,0.58,-0.116,0.045,0.568,-0.383,0.606,0.673,0.602,-0.137,-0.054,0.323,-0.434,0.0,0.702,0.291,0.483,-0.411,-0.461,-0.107,0.458,0.552,0.019,0.103,0.603,0.224,0.584,-0.054,0.698,0.212,0.572,0.159,0.655,-0.568,0.256,-0.307,0.133,-0.242,0.603,0.209,0.27,0.559,0.471,0.178,0.668,0.175,0.564,0.613,0.187,0.542,0.682,0.041,0.043,0.619,0.598,-0.454,0.551,0.361,0.332,0.429,0.597,0.516,0.321,0.126,0.56,0.628,0.167,0.234,0.523,0.219,0.052,0.444,0.205,0.674,0.651,0.484,0.395,0.137,0.542,0.403,-0.316,0.163,0.643,0.251,0.154,0.652,0.426,0.492,0.368,-0.424,0.252,-0.481,-0.32,-0.018,0.67,0.13,0.488,0.44,0.142,0.119,0.488,0.098,-0.439,-0.248,0.365,-0.022,0.579,0.592,0.31,0.572,-0.031,0.474,0.483,0.282,-0.399,-0.08,0.466,0.323,0.627,-0.42,0.57,0.032,0.122,-0.488,0.178,-0.103,-0.356,0.606,0.028,-0.655,-0.352,0.317,-0.368,0.126,-0.407,-0.551,0.641,-0.063,-0.082,-0.028,0.504,0.185,0.607,0.382,0.523,0.213,-0.271,0.53,-0.102,0.197,0.281,-0.15,-0.183,0.478,0.531,0.086,0.568,0.607,-0.069,0.245,0.404,0.321,-0.273,-0.036,0.607,0.497,0.34,0.545,-0.257,0.553,0.539,0.69,0.354,0.571,0.045,0.409,0.681,0.449,-0.272,0.134,-0.293,0.532,0.381,0.579,0.476,0.697,0.436,-0.268,0.695,-0.255,0.628,0.645
AZN,0.35,0.074,-0.775,-0.234,0.1,-0.406,0.794,0.756,-0.098,0.793,0.004,0.098,0.85,-0.362,0.913,0.9,0.775,-0.148,0.122,0.702,-0.69,0.702,0.0,0.485,0.812,-0.437,-0.356,-0.332,0.836,0.695,-0.164,0.35,0.909,0.302,0.781,-0.265,0.86,0.284,0.688,0.41,0.676,-0.559,0.464,-0.227,0.278,-0.408,0.836,0.247,0.44,0.792,0.803,0.243,0.846,0.246,0.855,0.859,0.219,0.628,0.742,0.154,0.171,0.819,0.748,-0.609,0.851,0.754,0.295,0.456,0.87,0.69,0.371,0.326,0.709,0.853,0.158,0.365,0.696,0.257,0.366,0.625,0.212,0.885,0.867,0.242,0.543,0.413,0.892,0.477,-0.326,0.545,0.786,0.566,0.195,0.94,0.278,0.632,0.433,-0.641,0.441,-0.627,-0.547,0.258,0.892,0.442,0.559,0.78,0.313,0.277,0.436,0.113,-0.469,0.051,0.617,0.291,0.716,0.823,0.391,0.778,-0.408,0.81,0.849,0.363,-0.461,0.096,0.661,0.503,0.806,-0.398,0.796,-0.051,0.289,-0.603,0.332,-0.455,-0.421,0.826,-0.035,-0.75,-0.444,0.666,-0.342,0.198,-0.503,-0.602,0.898,0.29,0.07,0.283,0.815,0.563,0.857,0.535,0.542,0.34,-0.153,0.701,0.043,0.258,0.527,-0.104,-0.312,0.696,0.863,0.236,0.831,0.894,-0.194,0.625,0.599,0.411,-0.253,0.19,0.824,0.46,0.668,0.749,-0.561,0.721,0.685,0.809,0.586,0.741,0.127,0.704,0.882,0.536,-0.15,0.692,-0.159,0.667,0.637,0.822,0.764,0.831,0.849,-0.041,0.712,-0.189,0.781,0.871
BANR,0.672,0.502,-0.072,0.419,0.645,0.073,0.701,0.233,0.434,0.614,0.489,0.628,0.698,0.29,0.473,0.411,0.198,0.341,0.135,0.703,-0.138,0.291,0.485,0.0,0.707,0.15,0.25,0.118,0.224,0.685,0.509,0.731,0.588,0.351,0.247,0.017,0.725,0.91,0.412,0.709,0.413,0.005,0.07,0.468,0.546,0.444,0.531,0.832,0.585,0.613,0.353,0.405,0.326,0.652,0.619,0.433,0.674,0.795,0.441,0.075,0.593,0.216,0.756,-0.006,0.449,0.276,0.373,0.695,0.279,0.852,0.819,0.641,0.848,0.25,0.455,0.817,0.721,0.44,0.188,-0.003,0.863,0.349,0.287,0.322,0.453,0.555,0.54,0.768,-0.253,0.364,0.559,0.164,0.874,0.621,0.402,0.149,0.918,-0.001,0.415,0.041,-0.104,0.711,0.546,0.733,0.214,0.525,0.67,0.474,0.571,0.458,0.123,0.413,0.848,0.59,0.437,0.487,-0.152,0.271,0.056,0.739,0.565,0.317,-0.031,-0.186,0.137,0.53,0.366,0.076,0.152,0.744,0.558,0.068,0.623,-0.243,-0.124,0.67,0.403,-0.463,0.139,0.594,0.163,0.838,-0.078,0.05,0.463,0.65,0.55,0.279,0.769,0.527,0.241,0.314,0.367,-0.107,0.218,0.488,0.543,0.615,0.516,0.48,0.213,0.611,0.547,0.726,0.304,0.387,0.618,0.581,0.009,0.944,0.161,0.619,0.684,0.687,0.178,0.159,0.009,0.443,0.454,0.44,0.605,0.215,0.648,0.264,0.363,0.093,0.415,0.37,0.42,0.43,0.22,0.697,0.117,0.266,0.459,0.502,0.685,0.218,0.502,0.64
BBIO,0.591,0.332,-0.571,-0.011,0.341,-0.171,0.86,0.627,0.062,0.783,0.267,0.249,0.831,-0.152,0.812,0.759,0.634,0.03,0.317,0.807,-0.471,0.483,0.812,0.707,0.0,-0.146,-0.033,-0.336,0.716,0.713,-0.018,0.581,0.837,0.36,0.599,-0.134,0.846,0.516,0.61,0.587,0.58,-0.276,0.313,-0.017,0.348,-0.133,0.723,0.429,0.538,0.815,0.729,0.415,0.674,0.303,0.843,0.798,0.345,0.632,0.558,0.211,0.403,0.62,0.712,-0.373,0.746,0.65,0.161,0.448,0.694,0.767,0.542,0.435,0.791,0.648,0.144,0.562,0.7,0.27,0.427,0.48,0.456,0.739,0.718,0.137,0.629,0.553,0.868,0.601,-0.161,0.635,0.79,0.603,0.432,0.876,0.203,0.515,0.656,-0.427,0.4,-0.453,-0.35,0.565,0.794,0.664,0.398,0.82,0.507,0.466,0.547,0.117,-0.21,0.292,0.727,0.439,0.666,0.833,0.164,0.582,-0.364,0.842,0.883,0.224,-0.25,0.185,0.563,0.645,0.647,-0.127,0.623,0.198,0.387,-0.333,0.554,-0.363,-0.199,0.857,0.044,-0.565,-0.205,0.74,-0.132,0.412,-0.409,-0.319,0.812,0.537,0.326,0.455,0.918,0.632,0.713,0.423,0.415,0.079,0.07,0.662,0.28,0.338,0.533,0.12,-0.062,0.737,0.896,0.434,0.659,0.769,0.09,0.765,0.439,0.628,0.006,0.472,0.837,0.551,0.62,0.606,-0.364,0.576,0.608,0.72,0.708,0.555,0.292,0.71,0.731,0.272,0.128,0.669,0.143,0.519,0.582,0.788,0.603,0.622,0.756,0.245,0.656,-0.092,0.638,0.866
BCYC,0.479,0.773,0.604,0.554,0.637,0.882,-0.168,-0.613,0.744,-0.497,0.8,0.529,-0.364,0.26,-0.498,-0.627,-0.399,0.517,0.523,-0.09,0.781,-0.411,-0.437,0.15,-0.146,0.0,0.859,0.16,-0.541,-0.119,0.379,0.28,-0.432,0.432,-0.766,0.792,-0.391,0.184,-0.489,0.402,-0.491,0.907,-0.767,0.51,0.223,0.749,-0.582,0.227,0.079,-0.163,-0.481,0.599,-0.749,-0.057,-0.208,-0.259,0.084,-0.346,-0.614,0.473,0.582,-0.754,-0.251,0.925,-0.667,-0.487,-0.525,-0.335,-0.689,0.071,0.375,-0.119,-0.18,-0.75,-0.349,0.364,-0.411,-0.291,0.028,-0.635,0.245,-0.585,-0.614,-0.306,0.15,0.471,-0.482,0.167,0.627,-0.055,-0.006,-0.128,0.341,-0.34,0.006,-0.522,0.266,0.823,-0.187,0.576,0.833,0.586,-0.554,0.416,-0.465,-0.116,0.444,0.476,0.105,-0.298,0.872,0.479,0.032,0.004,-0.261,-0.281,-0.885,-0.827,0.524,-0.384,-0.17,-0.475,0.803,0.248,-0.455,0.288,-0.71,0.944,-0.492,0.451,0.159,0.908,0.55,0.177,0.874,-0.053,-0.012,0.652,0.883,-0.436,0.821,0.218,0.616,0.913,-0.526,0.563,0.7,0.526,-0.066,-0.026,-0.619,-0.372,-0.635,-0.705,0.622,-0.383,0.586,0.119,-0.383,0.531,0.899,0.025,-0.213,0.429,-0.742,-0.566,0.684,0.032,-0.618,0.126,0.919,0.692,-0.324,0.127,-0.349,-0.573,0.855,-0.39,-0.188,-0.307,0.295,-0.798,0.433,-0.038,-0.61,-0.77,0.821,-0.474,0.812,-0.682,-0.252,-0.252,-0.714,-0.731,-0.541,0.634,-0.488,0.451,-0.664,-0.139
BHFAP,0.554,0.704,0.442,0.399,0.512,0.838,-0.153,-0.502,0.61,-0.302,0.731,0.582,-0.283,0.267,-0.408,-0.47,-0.305,0.355,0.494,-0.008,0.716,-0.461,-0.356,0.25,-0.033,0.859,0.0,-0.034,-0.395,-0.201,0.278,0.355,-0.333,0.224,-0.716,0.582,-0.267,0.271,-0.429,0.328,-0.535,0.823,-0.659,0.448,0.187,0.65,-0.476,0.3,0.139,-0.155,-0.33,0.467,-0.653,-0.066,-0.085,-0.204,0.072,-0.27,-0.605,0.39,0.511,-0.572,-0.184,0.778,-0.528,-0.291,-0.484,-0.296,-0.588,0.143,0.361,-0.063,-0.065,-0.678,-0.349,0.412,-0.303,-0.382,0.063,-0.579,0.354,-0.491,-0.511,-0.348,0.256,0.451,-0.363,0.198,0.568,0.043,0.03,-0.039,0.378,-0.26,-0.035,-0.368,0.341,0.68,-0.166,0.459,0.748,0.585,-0.473,0.356,-0.496,-0.015,0.398,0.414,0.048,-0.275,0.802,0.451,0.127,-0.028,-0.203,-0.139,-0.769,-0.688,0.402,-0.236,-0.063,-0.413,0.659,0.236,-0.327,0.367,-0.609,0.87,-0.432,0.484,0.1,0.833,0.628,0.275,0.716,0.058,-0.04,0.561,0.768,-0.336,0.807,0.232,0.484,0.862,-0.428,0.553,0.661,0.514,0.039,0.102,-0.548,-0.426,-0.63,-0.76,0.627,-0.376,0.491,0.063,-0.25,0.48,0.794,0.135,-0.181,0.347,-0.637,-0.465,0.649,0.047,-0.578,0.197,0.83,0.672,-0.161,0.25,-0.344,-0.434,0.697,-0.227,-0.288,-0.303,0.307,-0.668,0.394,0.08,-0.557,-0.772,0.699,-0.315,0.745,-0.658,-0.107,-0.193,-0.669,-0.677,-0.415,0.648,-0.386,0.343,-0.625,-0.097
BKR,-0.107,0.069,0.588,0.513,0.323,0.159,-0.14,-0.243,0.321,-0.231,0.172,0.34,-0.132,0.693,-0.293,-0.358,-0.503,0.581,-0.491,-0.043,0.227,-0.107,-0.332,0.118,-0.336,0.16,-0.034,0.0,-0.582,0.184,0.65,0.184,-0.271,0.121,-0.2,0.152,-0.161,0.306,-0.24,0.2,-0.025,0.146,-0.118,0.47,0.37,0.56,-0.075,0.408,0.227,-0.195,-0.594,-0.098,-0.3,0.525,-0.3,-0.441,0.466,0.188,0.166,-0.098,0.188,-0.397,0.044,0.296,-0.238,-0.58,0.498,0.464,-0.35,-0.004,0.294,0.334,-0.097,-0.285,0.577,0.194,0.087,0.449,-0.513,-0.541,0.24,-0.405,-0.459,0.361,-0.459,0.007,-0.359,0.155,-0.344,-0.503,-0.291,-0.745,0.414,-0.287,0.426,-0.559,0.11,0.372,0.314,0.655,0.089,0.073,-0.178,0.114,-0.1,-0.324,0.169,-0.086,-0.062,0.585,0.225,0.172,0.17,0.35,-0.347,-0.523,-0.243,-0.218,0.578,-0.092,-0.416,0.257,0.131,-0.585,-0.59,-0.349,-0.22,0.043,-0.42,0.507,0.429,0.315,-0.066,-0.208,-0.022,-0.356,0.727,-0.113,0.309,-0.056,0.078,0.471,0.47,0.185,-0.32,0.014,0.123,-0.418,-0.261,-0.004,-0.5,0.258,0.153,0.108,0.02,0.016,0.351,0.601,0.105,0.46,0.163,-0.129,-0.373,0.39,-0.316,-0.308,0.441,-0.244,-0.504,0.219,-0.02,0.039,-0.271,-0.039,-0.471,-0.506,0.272,-0.075,0.148,-0.253,-0.199,-0.338,0.531,-0.676,-0.272,0.198,0.266,-0.298,0.249,0.199,-0.693,0.019,-0.378,-0.249,-0.192,0.27,0.058,0.528,0.088,-0.241
BLDP,0.084,-0.144,-0.888,-0.508,-0.196,-0.485,0.614,0.802,-0.391,0.686,-0.214,-0.208,0.69,-0.49,0.831,0.833,0.729,-0.387,0.172,0.558,-0.728,0.458,0.836,0.224,0.716,-0.541,-0.395,-0.582,0.0,0.433,-0.541,0.113,0.766,0.053,0.798,-0.394,0.666,-0.004,0.594,0.189,0.464,-0.589,0.537,-0.416,-0.027,-0.677,0.688,-0.097,0.166,0.619,0.895,0.055,0.803,-0.05,0.7,0.775,-0.103,0.379,0.52,0.052,-0.116,0.831,0.419,-0.717,0.808,0.848,0.104,0.163,0.861,0.407,0.007,0.146,0.476,0.86,-0.043,0.039,0.488,0.044,0.479,0.821,-0.06,0.837,0.863,0.041,0.454,0.237,0.863,0.159,-0.185,0.667,0.6,0.745,-0.135,0.805,-0.106,0.752,0.123,-0.723,0.224,-0.803,-0.587,0.089,0.752,0.243,0.46,0.709,0.067,0.141,0.272,-0.117,-0.561,0.012,0.339,0.153,0.593,0.745,0.54,0.787,-0.675,0.652,0.795,0.274,-0.518,0.396,0.747,0.394,0.724,-0.454,0.823,-0.382,0.09,-0.717,0.149,-0.341,-0.39,0.644,-0.289,-0.523,-0.587,0.621,-0.435,-0.123,-0.605,-0.647,0.847,0.16,-0.088,0.322,0.649,0.456,0.936,0.389,0.386,0.415,-0.181,0.532,-0.189,-0.075,0.404,-0.312,-0.469,0.495,0.802,-0.078,0.848,0.826,-0.487,0.572,0.786,0.123,-0.342,-0.005,0.677,0.152,0.813,0.809,-0.672,0.534,0.499,0.655,0.44,0.755,-0.193,0.75,0.81,0.47,-0.341,0.751,-0.329,0.521,0.74,0.607,0.891,0.784,0.799,-0.262,0.474,-0.378,0.614,0.693
BLFS,0.403,0.35,-0.328,0.37,0.576,-0.175,0.844,0.563,0.284,0.546,0.345,0.426,0.817,0.027,0.724,0.624,0.385,0.426,0.11,0.779,-0.412,0.552,0.695,0.685,0.713,-0.119,-0.201,0.184,0.433,0.0,0.339,0.539,0.759,0.607,0.566,0.045,0.789,0.555,0.413,0.796,0.683,-0.324,0.28,0.223,0.539,0.064,0.743,0.485,0.644,0.863,0.441,0.417,0.564,0.637,0.737,0.69,0.648,0.73,0.735,0.255,0.502,0.401,0.749,-0.271,0.667,0.432,0.456,0.687,0.607,0.804,0.673,0.581,0.688,0.588,0.442,0.578,0.736,0.574,0.259,0.29,0.476,0.591,0.53,0.438,0.348,0.595,0.719,0.524,-0.252,0.463,0.702,0.279,0.558,0.783,0.387,0.274,0.619,-0.225,0.676,-0.234,-0.363,0.593,0.708,0.697,0.51,0.661,0.576,0.545,0.599,0.407,-0.063,0.439,0.796,0.704,0.585,0.591,-0.034,0.487,-0.112,0.764,0.699,0.549,-0.171,-0.125,0.358,0.547,0.515,-0.155,0.488,0.351,0.773,-0.291,0.4,-0.578,-0.201,0.641,0.261,-0.65,-0.03,0.609,-0.04,0.598,-0.033,-0.361,0.688,0.54,0.476,0.221,0.776,0.568,0.498,0.63,0.474,0.323,0.169,0.57,0.553,0.64,0.505,0.469,-0.038,0.633,0.688,0.62,0.58,0.694,0.236,0.692,0.236,0.677,0.011,0.452,0.713,0.421,0.506,0.414,-0.284,0.563,0.841,0.724,0.693,0.438,0.52,0.364,0.706,0.515,0.335,0.488,0.252,0.73,0.266,0.803,0.496,0.537,0.707,0.281,0.679,0.248,0.746,0.792
BLKB,0.431,0.432,0.592,0.776,0.639,0.282,0.144,-0.307,0.659,-0.042,0.495,0.617,0.1,0.567,-0.137,-0.233,-0.339,0.633,-0.172,0.135,0.318,0.019,-0.164,0.509,-0.018,0.379,0.278,0.65,-0.541,0.339,0.0,0.478,0.036,0.361,-0.271,0.276,0.115,0.689,-0.073,0.461,0.16,0.289,-0.313,0.741,0.517,0.819,0.052,0.72,0.405,0.096,-0.426,0.253,-0.236,0.738,-0.013,-0.177,0.756,0.407,0.184,0.006,0.586,-0.373,0.369,0.442,-0.125,-0.374,0.402,0.568,-0.312,0.401,0.652,0.508,0.327,-0.352,0.532,0.629,0.324,0.487,-0.296,-0.609,0.695,-0.272,-0.357,0.363,-0.102,0.233,-0.172,0.454,-0.166,-0.297,-0.016,-0.544,0.776,-0.069,0.557,-0.478,0.576,0.479,0.391,0.668,0.18,0.448,-0.03,0.368,-0.025,-0.145,0.453,0.191,0.282,0.615,0.417,0.26,0.475,0.493,-0.069,-0.191,-0.486,-0.268,0.612,0.184,-0.18,0.216,0.26,-0.629,-0.458,0.081,-0.146,0.252,-0.454,0.821,0.513,0.463,0.245,-0.087,0.043,0.021,0.642,-0.116,0.487,0.06,0.371,0.779,0.398,0.354,-0.18,0.349,0.414,-0.184,0.104,0.113,-0.464,0.087,0.196,-0.238,0.208,0.107,0.616,0.66,0.182,0.643,0.384,0.122,-0.176,0.737,-0.295,-0.212,0.787,-0.03,-0.601,0.627,0.275,0.384,0.065,0.424,-0.464,-0.475,0.394,0.053,0.106,-0.078,0.115,-0.292,0.679,-0.454,-0.168,-0.049,0.554,-0.238,0.537,0.143,-0.453,0.156,-0.485,-0.256,-0.137,0.578,0.27,0.534,0.099,0.022
