,ABAT,ACLS,ACMR,ADMA,ADUS,ADVM,AEIS,AGNCM,AHCO,ALGT,ALLO,AMSF,ANAB,ANDE,APLS,APPF,ASML,ATRC,AVGO,AVT,AXDX,AXSM,AZN,BANR,BBIO,BCYC,BHFAP,BKR,BLDP,BLFS,BLKB,BLMN,BNTX,BPMC,CALM,CAMT,CASH,CATY,CCEP,CDLX,CDNS,CENN,CENX,CGC,CHDN,CLBK,COKE,COLB,COO,CORT,CRMT,CRNX,CRTO,CRVL,CSCO,CSQ,CSWI,CVBF,CWST,CYCC,CZR,DLTR,DORM,ENTA,EQIX,ERIC,EVRG,EWBC,EXAS,EXLS,EXPI,EYE,FBNC,FBRX,FCNCA,FELE,FIBK,FLEX,FRGT,FRHC,FRME,FWONA,FWONK,GDEN,GIII,GILD,GLNG,GNTX,GOOGL,GRPN,HCSG,HIMX,HOPE,HST,HTLD,HUT,HWC,ICUI,IESC,INTC,INTU,IOVA,IPAR,IPGP,ISRG,JBSS,KALU,KPRX,KRNT,LAUR,LBRDA,LBTYK,LECO,LILAK,LITE,MANH,MDXG,MFIC,MGEE,MIDD,MLAB,MMSI,MNKD,MOMO,MRVL,NICE,NMFC,NUWE,NVCR,NWBI,OFIX,OFLX,OMCL,OPK,ORKA,ORLY,OTTR,PDD,PNTG,POOL,POWL,PPBI,PPC,PRAA,PRPL,PZZA,QTRX,QURE,RDFN,RDHL,REAL,REG,REYN,RGLD,RIOT,RUN,RYTM,SAIA,SBAC,SBRA,SCVL,SHOO,SLAB,SLDB,SMCI,SMTC,SRCE,SSP,SSRM,STBA,STRO,SVC,SYBT,TCBI,TCOM,TENX,TH,TMUS,TNDM,TTD,TTMI,UAL,ULH,ULTA,VCYT,VIRT,VKTX,VOD,VRDN,VREX,VRNT,VSAT,WB,WBD,WDC,WEN,WSFS,XXII,Z,ZBRA
ABAT,0.0,0.757,-0.592,0.204,0.744,0.166,0.63,0.14,0.472,0.61,0.503,0.612,0.093,0.725,0.415,0.621,0.419,-0.789,0.337,0.607,-0.603,-0.78,-0.849,0.109,0.301,0.778,0.525,0.097,0.716,-0.022,-0.285,-0.3,-0.366,0.187,0.292,0.774,-0.683,0.772,-0.68,-0.325,0.374,0.784,0.215,0.379,0.652,0.192,-0.327,0.608,-0.231,-0.752,-0.876,0.213,-0.541,-0.621,-0.4,-0.326,0.78,0.134,0.718,0.529,-0.669,-0.293,0.244,-0.385,-0.005,0.709,-0.707,0.146,-0.061,-0.746,0.527,-0.733,0.046,0.672,0.164,-0.438,-0.303,0.184,-0.032,-0.69,-0.639,-0.781,-0.785,-0.357,0.191,-0.637,0.426,0.534,0.516,-0.433,0.812,-0.258,0.5,0.588,-0.249,0.809,-0.282,0.308,0.538,0.075,0.757,0.254,0.093,0.68,0.312,0.583,0.202,0.336,0.502,-0.571,-0.465,0.5,-0.071,-0.204,0.628,0.601,0.694,-0.831,0.591,-0.794,-0.302,-0.74,0.474,-0.707,0.655,-0.569,-0.833,-0.493,0.673,-0.269,-0.113,0.405,0.173,-0.648,0.457,-0.787,-0.078,-0.843,0.47,0.479,0.621,-0.708,-0.725,-0.82,-0.446,-0.677,0.386,0.036,-0.714,0.222,0.682,-0.692,0.453,-0.557,0.775,0.351,-0.506,0.01,-0.31,0.525,0.794,0.483,-0.434,-0.262,-0.368,0.744,-0.757,0.593,-0.641,-0.57,0.289,-0.56,-0.714,-0.228,-0.24,-0.476,0.77,-0.714,0.283,0.365,0.058,0.357,0.507,0.555,-0.012,-0.323,0.446,-0.221,-0.079,0.19,-0.796,-0.052,-0.709,-0.513,-0.108,0.124,-0.62,0.818,-0.5,0.646
ACLS,0.757,0.0,-0.797,0.225,0.898,0.587,0.635,0.533,0.791,0.839,0.875,0.659,0.345,0.764,0.728,0.885,0.022,-0.517,0.036,0.812,-0.337,-0.901,-0.842,0.367,0.757,0.86,0.643,-0.317,0.499,0.426,-0.535,0.129,0.047,0.61,0.23,0.656,-0.413,0.771,-0.828,0.009,0.397,0.87,-0.193,0.499,0.865,0.032,-0.674,0.619,0.306,-0.775,-0.552,0.547,-0.696,-0.557,-0.574,-0.1,0.785,0.514,0.389,0.805,-0.611,0.035,0.636,-0.457,-0.105,0.536,-0.869,0.567,0.403,-0.698,0.81,-0.656,0.014,0.858,0.489,-0.607,0.001,0.054,0.201,-0.807,-0.789,-0.89,-0.873,-0.083,0.661,-0.796,0.11,0.826,0.66,-0.687,0.855,0.01,0.653,0.79,0.149,0.697,-0.189,0.75,0.565,-0.089,0.848,0.732,0.477,0.884,0.097,0.773,0.034,0.587,0.753,-0.774,-0.158,0.85,-0.016,-0.196,0.574,0.805,0.879,-0.879,0.264,-0.491,-0.38,-0.6,0.794,-0.656,0.55,-0.665,-0.85,-0.293,0.923,-0.31,0.174,0.693,0.511,-0.825,0.337,-0.77,-0.212,-0.762,0.693,0.76,0.736,-0.559,-0.877,-0.808,0.133,-0.724,0.768,0.414,-0.465,0.563,0.888,-0.789,0.727,-0.773,0.686,0.743,-0.37,0.191,-0.454,0.74,0.886,0.754,-0.665,-0.375,-0.604,0.857,-0.857,0.704,-0.806,-0.709,0.602,-0.191,-0.543,-0.508,0.147,-0.674,0.736,-0.886,0.612,0.477,-0.112,0.392,0.823,0.838,0.361,-0.026,0.821,-0.076,0.281,0.322,-0.631,0.278,-0.725,0.015,-0.194,0.118,-0.711,0.842,-0.294,0.88
ACMR,-0.592,-0.797,0.0,0.07,-0.926,-0.441,-0.505,-0.603,-0.834,-0.845,-0.881,-0.549,-0.444,-0.739,-0.511,-0.915,0.302,0.394,0.248,-0.812,0.257,0.842,0.828,-0.216,-0.791,-0.777,-0.652,0.599,-0.312,-0.618,0.602,-0.116,-0.085,-0.642,-0.146,-0.443,0.374,-0.61,0.863,-0.199,-0.187,-0.812,0.328,-0.268,-0.807,0.126,0.722,-0.425,-0.409,0.864,0.418,-0.385,0.82,0.574,0.752,0.321,-0.762,-0.456,-0.106,-0.873,0.648,0.039,-0.669,0.257,0.447,-0.466,0.873,-0.528,-0.372,0.752,-0.724,0.728,0.025,-0.806,-0.295,0.72,0.056,0.287,-0.414,0.913,0.871,0.897,0.875,-0.019,-0.719,0.704,0.249,-0.896,-0.562,0.786,-0.787,0.019,-0.6,-0.751,-0.216,-0.486,0.403,-0.829,-0.403,-0.017,-0.776,-0.704,-0.559,-0.662,0.126,-0.884,0.027,-0.462,-0.533,0.891,-0.14,-0.885,0.032,0.022,-0.272,-0.874,-0.813,0.825,0.003,0.347,0.518,0.634,-0.833,0.582,-0.22,0.726,0.744,0.503,-0.878,0.431,-0.083,-0.874,-0.541,0.918,-0.157,0.772,0.299,0.715,-0.51,-0.799,-0.618,0.583,0.863,0.846,-0.273,0.541,-0.796,-0.338,0.404,-0.665,-0.828,0.707,-0.801,0.894,-0.456,-0.804,0.551,-0.098,0.388,-0.708,-0.777,-0.802,0.802,0.408,0.676,-0.723,0.836,-0.739,0.93,0.783,-0.376,0.194,0.558,0.692,-0.163,0.717,-0.746,0.9,-0.448,-0.424,0.361,-0.137,-0.794,-0.817,-0.237,0.119,-0.763,0.044,-0.248,-0.275,0.672,-0.191,0.835,-0.006,0.329,-0.006,0.772,-0.823,0.462,-0.848
ADMA,0.204,0.225,0.07,0.0,-0.002,0.461,-0.115,-0.056,0.017,-0.069,-0.027,0.412,-0.184,-0.111,0.275,0.017,0.046,-0.105,0.118,-0.14,0.063,-0.191,-0.155,0.456,-0.116,0.163,-0.182,0.339,0.063,-0.27,0.117,0.244,0.108,0.117,-0.16,0.021,0.089,0.181,-0.153,-0.349,0.119,0.007,-0.159,0.534,-0.038,0.159,-0.088,0.264,-0.042,-0.014,-0.344,0.29,0.275,0.343,0.092,0.084,-0.028,0.203,0.298,0.013,0.023,0.207,0.17,-0.506,0.27,-0.081,-0.08,0.113,0.181,0.157,0.211,-0.081,0.3,0.136,0.044,-0.016,-0.106,0.22,-0.524,0.082,0.12,-0.047,-0.064,-0.397,-0.203,-0.182,0.58,-0.103,0.04,0.183,0.086,0.001,0.033,0.035,0.055,0.132,0.278,-0.108,0.061,-0.55,0.062,0.167,-0.291,0.271,0.076,-0.188,-0.087,0.026,0.21,0.145,-0.357,0.032,-0.374,-0.46,0.28,-0.083,0.059,-0.19,0.212,-0.065,-0.083,0.051,-0.106,-0.394,0.275,0.193,-0.224,0.052,0.024,0.279,0.314,-0.251,0.001,0.144,0.427,0.122,-0.224,-0.212,0.403,-0.18,0.097,0.271,-0.025,-0.03,-0.13,-0.362,-0.113,0.37,-0.057,-0.115,0.095,-0.088,0.012,0.051,0.184,-0.014,0.336,0.128,-0.18,0.319,0.05,-0.338,0.097,-0.378,-0.139,0.217,0.05,-0.213,0.123,0.28,0.471,0.16,0.12,0.125,-0.018,-0.047,-0.161,-0.022,0.46,0.087,0.159,0.339,0.228,0.117,0.224,0.378,0.175,-0.408,0.175,0.153,0.143,0.005,0.138,0.014,-0.317,0.489,0.259,0.027,0.479,0.086
ADUS,0.744,0.898,-0.926,-0.002,0.0,0.475,0.634,0.596,0.847,0.875,0.901,0.641,0.429,0.794,0.622,0.934,-0.11,-0.497,-0.082,0.866,-0.325,-0.913,-0.871,0.308,0.773,0.838,0.706,-0.418,0.422,0.539,-0.519,0.088,0.01,0.631,0.21,0.618,-0.426,0.796,-0.847,0.112,0.309,0.876,-0.248,0.398,0.872,-0.006,-0.682,0.619,0.369,-0.845,-0.519,0.485,-0.791,-0.606,-0.695,-0.223,0.834,0.515,0.306,0.871,-0.659,0.028,0.646,-0.34,-0.293,0.579,-0.867,0.586,0.394,-0.73,0.783,-0.704,0.073,0.866,0.367,-0.596,-0.037,-0.105,0.271,-0.919,-0.852,-0.936,-0.918,0.002,0.688,-0.754,-0.047,0.892,0.65,-0.771,0.865,-0.061,0.683,0.792,0.132,0.618,-0.255,0.798,0.516,0.034,0.878,0.703,0.6,0.801,0.054,0.864,-0.034,0.579,0.639,-0.889,-0.022,0.868,0.002,-0.083,0.464,0.892,0.88,-0.861,0.202,-0.471,-0.432,-0.659,0.834,-0.615,0.41,-0.698,-0.803,-0.437,0.933,-0.363,0.146,0.824,0.529,-0.914,0.279,-0.805,-0.205,-0.792,0.623,0.832,0.74,-0.619,-0.934,-0.875,0.142,-0.66,0.814,0.373,-0.503,0.667,0.913,-0.755,0.805,-0.846,0.589,0.763,-0.486,0.186,-0.374,0.779,0.878,0.811,-0.758,-0.402,-0.662,0.838,-0.88,0.744,-0.909,-0.769,0.495,-0.241,-0.57,-0.555,0.114,-0.721,0.757,-0.934,0.489,0.459,-0.221,0.347,0.828,0.87,0.294,-0.119,0.772,-0.073,0.256,0.343,-0.727,0.238,-0.834,-0.062,-0.238,0.012,-0.767,0.859,-0.442,0.908
ADVM,0.166,0.587,-0.441,0.461,0.475,0.0,0.244,0.511,0.485,0.368,0.552,0.538,0.233,0.347,0.594,0.53,-0.332,-0.015,-0.142,0.415,0.106,-0.436,-0.359,0.518,0.57,0.463,0.4,-0.278,0.068,0.396,-0.116,0.394,0.285,0.523,-0.089,0.138,0.087,0.412,-0.435,0.274,0.206,0.394,-0.416,0.51,0.468,0.097,-0.523,0.416,0.502,-0.34,-0.048,0.481,-0.184,0.032,-0.266,0.13,0.321,0.57,0.002,0.556,-0.181,0.423,0.511,-0.331,-0.097,0.12,-0.407,0.566,0.542,-0.133,0.539,-0.163,0.21,0.439,0.349,-0.26,0.199,-0.03,0.071,-0.329,-0.39,-0.432,-0.414,0.113,0.485,-0.433,0.078,0.503,0.217,-0.273,0.361,0.156,0.498,0.498,0.425,0.186,0.193,0.577,0.256,-0.248,0.427,0.682,0.355,0.513,-0.015,0.382,-0.166,0.321,0.529,-0.343,0.137,0.6,-0.056,-0.082,0.236,0.497,0.405,-0.407,-0.064,-0.012,-0.149,-0.154,0.511,-0.283,0.146,-0.071,-0.41,0.086,0.503,0.085,0.428,0.415,0.395,-0.325,0.166,-0.208,-0.169,-0.29,0.642,0.468,0.434,0.003,-0.416,-0.278,0.419,-0.384,0.477,0.539,0.015,0.449,0.456,-0.272,0.448,-0.358,0.25,0.557,0.055,0.264,-0.175,0.646,0.425,0.302,-0.299,-0.308,-0.328,0.419,-0.334,0.334,-0.346,-0.217,0.632,0.245,0.079,-0.239,0.203,-0.289,0.149,-0.472,0.504,0.212,-0.099,0.32,0.572,0.508,0.352,0.235,0.623,-0.166,0.351,0.259,0.044,0.409,-0.22,0.345,-0.223,0.138,-0.195,0.36,0.179,0.499
AEIS,0.63,0.635,-0.505,-0.115,0.634,0.244,0.0,0.438,0.291,0.503,0.517,0.332,0.221,0.762,0.547,0.638,0.425,-0.5,0.553,0.829,-0.723,-0.547,-0.587,-0.026,0.574,0.566,0.775,-0.102,0.634,0.289,-0.272,-0.323,-0.207,0.181,0.161,0.876,-0.519,0.585,-0.506,0.341,0.749,0.751,0.345,0.322,0.657,0.379,-0.386,0.57,-0.05,-0.589,-0.373,0.139,-0.472,-0.644,0.013,0.186,0.836,0.065,0.223,0.467,-0.534,-0.29,0.076,0.141,0.165,0.821,-0.551,0.191,-0.04,-0.607,0.286,-0.37,-0.013,0.477,0.462,-0.292,-0.082,0.483,0.36,-0.509,-0.759,-0.685,-0.673,0.196,0.364,-0.547,0.123,0.619,0.341,-0.354,0.755,0.291,0.695,0.723,0.153,0.83,-0.111,0.454,0.868,0.568,0.603,0.314,0.429,0.658,0.56,0.719,0.296,0.309,0.728,-0.451,0.057,0.548,0.415,0.362,0.753,0.737,0.613,-0.583,0.229,-0.723,0.01,-0.723,0.591,-0.296,0.705,-0.499,-0.611,-0.112,0.708,-0.128,-0.09,0.558,0.034,-0.568,0.071,-0.737,0.307,-0.619,0.471,0.773,0.845,-0.755,-0.624,-0.602,-0.013,-0.275,0.582,0.013,-0.443,0.542,0.54,-0.521,0.349,-0.37,0.812,0.346,-0.442,0.163,-0.17,0.335,0.825,0.695,-0.187,-0.065,-0.014,0.619,-0.79,0.799,-0.492,-0.731,0.281,-0.622,-0.437,-0.213,-0.251,-0.164,0.705,-0.669,-0.083,0.085,0.285,0.154,0.33,0.451,-0.073,-0.465,0.472,-0.142,-0.204,0.263,-0.516,0.408,-0.667,-0.264,0.413,-0.41,-0.695,0.695,-0.582,0.621
AGNCM,0.14,0.533,-0.603,-0.056,0.596,0.511,0.438,0.0,0.544,0.583,0.702,0.296,0.334,0.476,0.609,0.722,-0.303,0.068,-0.133,0.679,-0.136,-0.459,-0.398,0.398,0.803,0.364,0.562,-0.579,-0.001,0.737,-0.334,0.371,0.27,0.619,0.272,0.285,0.045,0.434,-0.471,0.483,0.326,0.551,-0.373,0.247,0.647,0.005,-0.539,0.417,0.621,-0.391,0.123,0.39,-0.454,-0.28,-0.353,0.282,0.51,0.56,-0.196,0.609,-0.279,0.33,0.549,-0.058,-0.087,0.295,-0.506,0.633,0.46,-0.262,0.535,-0.172,0.039,0.468,0.512,-0.319,0.337,0.037,0.456,-0.511,-0.621,-0.522,-0.511,0.426,0.777,-0.486,-0.296,0.755,0.326,-0.512,0.484,0.356,0.527,0.596,0.504,0.271,0.094,0.749,0.418,0.12,0.48,0.685,0.738,0.516,0.067,0.678,-0.044,0.396,0.582,-0.521,0.335,0.676,0.178,0.203,0.262,0.659,0.608,-0.401,-0.173,-0.064,-0.055,-0.218,0.742,-0.066,0.17,-0.378,-0.368,0.011,0.669,-0.195,0.348,0.724,0.388,-0.558,-0.126,-0.376,-0.014,-0.275,0.551,0.74,0.567,-0.186,-0.529,-0.365,0.569,-0.233,0.745,0.397,0.001,0.696,0.57,-0.383,0.547,-0.511,0.268,0.581,-0.181,0.308,-0.234,0.415,0.537,0.662,-0.461,-0.302,-0.345,0.474,-0.519,0.53,-0.529,-0.546,0.388,0.094,-0.039,-0.393,0.238,-0.37,0.312,-0.572,0.254,0.251,-0.163,0.275,0.554,0.607,0.349,0.033,0.672,0.017,0.363,0.256,-0.155,0.479,-0.418,0.332,0.018,-0.225,-0.429,0.411,-0.123,0.643
AHCO,0.472,0.791,-0.834,0.017,0.847,0.485,0.291,0.544,0.0,0.859,0.919,0.501,0.578,0.505,0.562,0.825,-0.377,-0.256,-0.431,0.649,0.139,-0.812,-0.683,0.458,0.775,0.746,0.388,-0.516,0.048,0.668,-0.611,0.476,0.362,0.819,0.153,0.29,-0.094,0.606,-0.754,-0.013,0.023,0.618,-0.582,0.33,0.72,-0.38,-0.677,0.403,0.661,-0.595,-0.286,0.702,-0.767,-0.342,-0.807,-0.175,0.487,0.707,0.127,0.797,-0.388,0.252,0.852,-0.421,-0.402,0.172,-0.77,0.757,0.685,-0.503,0.861,-0.562,0.042,0.894,0.382,-0.587,0.116,-0.381,0.197,-0.864,-0.589,-0.768,-0.754,0.016,0.807,-0.582,-0.181,0.782,0.75,-0.842,0.64,-0.035,0.45,0.56,0.207,0.282,-0.197,0.822,0.19,-0.279,0.767,0.827,0.668,0.709,-0.307,0.64,-0.327,0.711,0.445,-0.882,-0.04,0.778,-0.086,-0.345,0.206,0.664,0.789,-0.675,-0.004,-0.053,-0.606,-0.305,0.729,-0.606,0.143,-0.652,-0.562,-0.347,0.835,-0.408,0.338,0.715,0.779,-0.851,0.352,-0.505,-0.453,-0.567,0.569,0.678,0.475,-0.269,-0.826,-0.701,0.365,-0.586,0.835,0.604,-0.326,0.605,0.895,-0.714,0.905,-0.849,0.275,0.819,-0.188,0.199,-0.522,0.737,0.625,0.743,-0.846,-0.474,-0.885,0.766,-0.643,0.459,-0.855,-0.545,0.536,0.189,-0.437,-0.684,0.465,-0.894,0.529,-0.781,0.717,0.465,-0.441,0.292,0.922,0.916,0.623,0.271,0.789,0.052,0.617,0.391,-0.517,0.129,-0.674,0.348,-0.459,0.289,-0.578,0.621,-0.161,0.823
ALGT,0.61,0.839,-0.845,-0.069,0.875,0.368,0.503,0.583,0.859,0.0,0.906,0.411,0.452,0.657,0.55,0.892,-0.161,-0.384,-0.22,0.785,-0.154,-0.845,-0.824,0.227,0.777,0.737,0.557,-0.549,0.216,0.596,-0.685,0.265,0.111,0.714,0.257,0.487,-0.405,0.648,-0.83,0.055,0.249,0.766,-0.338,0.158,0.876,-0.242,-0.705,0.408,0.44,-0.718,-0.432,0.568,-0.884,-0.651,-0.738,-0.166,0.682,0.481,0.142,0.811,-0.601,0.026,0.673,-0.38,-0.308,0.419,-0.873,0.631,0.483,-0.663,0.753,-0.713,-0.155,0.833,0.441,-0.671,-0.056,-0.197,0.363,-0.867,-0.762,-0.838,-0.819,-0.023,0.751,-0.744,-0.213,0.852,0.79,-0.877,0.721,0.02,0.515,0.715,0.091,0.512,-0.326,0.79,0.439,-0.079,0.836,0.676,0.618,0.777,-0.096,0.769,-0.139,0.666,0.541,-0.912,-0.072,0.809,0.003,-0.228,0.358,0.769,0.843,-0.779,0.026,-0.308,-0.421,-0.505,0.805,-0.55,0.31,-0.807,-0.678,-0.355,0.883,-0.532,0.085,0.754,0.596,-0.938,0.202,-0.726,-0.391,-0.664,0.481,0.766,0.624,-0.547,-0.855,-0.822,0.281,-0.625,0.848,0.39,-0.484,0.662,0.91,-0.815,0.848,-0.884,0.486,0.743,-0.386,0.048,-0.546,0.599,0.745,0.832,-0.861,-0.392,-0.713,0.775,-0.821,0.636,-0.922,-0.751,0.424,-0.072,-0.622,-0.695,0.302,-0.804,0.686,-0.861,0.53,0.516,-0.409,0.301,0.802,0.837,0.405,-0.025,0.802,0.03,0.412,0.197,-0.705,0.262,-0.765,0.155,-0.213,0.036,-0.771,0.762,-0.351,0.869
ALLO,0.503,0.875,-0.881,-0.027,0.901,0.552,0.517,0.702,0.919,0.906,0.0,0.477,0.541,0.653,0.694,0.926,-0.303,-0.298,-0.258,0.826,-0.087,-0.843,-0.746,0.369,0.909,0.771,0.607,-0.591,0.186,0.725,-0.677,0.362,0.274,0.797,0.165,0.453,-0.236,0.639,-0.828,0.209,0.271,0.772,-0.464,0.361,0.831,-0.206,-0.802,0.475,0.605,-0.695,-0.28,0.633,-0.803,-0.509,-0.706,-0.063,0.667,0.626,0.046,0.849,-0.53,0.126,0.77,-0.347,-0.309,0.365,-0.858,0.739,0.61,-0.603,0.814,-0.589,-0.036,0.882,0.511,-0.659,0.105,-0.192,0.38,-0.868,-0.781,-0.855,-0.833,0.095,0.858,-0.706,-0.245,0.889,0.701,-0.859,0.737,0.126,0.603,0.756,0.341,0.457,-0.235,0.904,0.454,-0.103,0.816,0.858,0.721,0.804,-0.122,0.807,-0.196,0.653,0.646,-0.901,0.093,0.89,0.025,-0.142,0.365,0.841,0.841,-0.749,-0.073,-0.211,-0.475,-0.466,0.87,-0.552,0.29,-0.722,-0.665,-0.267,0.935,-0.406,0.239,0.807,0.659,-0.911,0.218,-0.668,-0.343,-0.644,0.602,0.841,0.678,-0.45,-0.876,-0.762,0.454,-0.586,0.927,0.55,-0.331,0.742,0.904,-0.75,0.87,-0.87,0.445,0.839,-0.31,0.238,-0.513,0.7,0.777,0.862,-0.8,-0.443,-0.74,0.802,-0.809,0.663,-0.887,-0.725,0.552,0.017,-0.458,-0.701,0.337,-0.786,0.625,-0.894,0.618,0.457,-0.316,0.269,0.895,0.915,0.509,0.093,0.887,0.029,0.458,0.361,-0.55,0.311,-0.753,0.288,-0.254,0.056,-0.718,0.737,-0.278,0.907
AMSF,0.612,0.659,-0.549,0.412,0.641,0.538,0.332,0.296,0.501,0.411,0.477,0.0,0.063,0.621,0.517,0.542,-0.047,-0.394,-0.007,0.496,-0.255,-0.681,-0.576,0.488,0.391,0.62,0.482,-0.134,0.546,0.139,0.016,-0.047,-0.116,0.247,0.227,0.342,-0.119,0.782,-0.457,-0.086,0.068,0.654,-0.084,0.582,0.596,0.411,-0.347,0.678,0.108,-0.647,-0.453,0.191,-0.216,-0.222,-0.419,-0.288,0.579,0.523,0.593,0.567,-0.381,0.226,0.406,-0.439,-0.151,0.388,-0.509,0.365,0.128,-0.483,0.673,-0.418,0.381,0.477,0.155,-0.284,0.243,0.031,-0.11,-0.524,-0.485,-0.55,-0.535,-0.091,0.338,-0.558,0.219,0.55,0.138,-0.173,0.678,-0.347,0.633,0.578,0.022,0.449,0.134,0.466,0.21,-0.161,0.571,0.481,0.121,0.484,0.058,0.546,0.236,0.158,0.472,-0.374,-0.059,0.624,-0.144,-0.042,0.293,0.561,0.55,-0.648,0.582,-0.399,-0.281,-0.433,0.55,-0.446,0.315,-0.109,-0.763,-0.354,0.538,0.169,0.217,0.5,0.165,-0.405,0.221,-0.523,0.059,-0.509,0.603,0.395,0.372,-0.255,-0.541,-0.45,-0.159,-0.612,0.285,0.21,-0.23,0.164,0.517,-0.291,0.286,-0.415,0.43,0.528,-0.372,0.262,0.084,0.762,0.626,0.339,-0.332,-0.271,-0.355,0.502,-0.444,0.431,-0.442,-0.29,0.493,-0.103,-0.136,-0.032,-0.16,-0.309,0.446,-0.551,0.495,0.317,0.069,0.447,0.534,0.476,0.008,-0.095,0.443,-0.027,0.013,0.189,-0.354,0.005,-0.362,-0.213,-0.405,0.267,-0.238,0.608,-0.115,0.501
ANAB,0.093,0.345,-0.444,-0.184,0.429,0.233,0.221,0.334,0.578,0.452,0.541,0.063,0.0,0.075,0.147,0.396,-0.234,-0.028,-0.397,0.333,0.248,-0.385,-0.183,0.143,0.505,0.49,0.054,-0.469,-0.095,0.604,-0.377,0.372,0.606,0.528,-0.177,0.035,0.061,0.147,-0.29,0.079,-0.157,0.143,-0.601,0.1,0.378,-0.433,-0.282,0.018,0.598,-0.07,0.059,0.566,-0.474,-0.047,-0.292,0.105,0.072,0.432,-0.205,0.481,0.231,0.239,0.583,0.209,-0.463,-0.076,-0.281,0.507,0.553,-0.081,0.448,-0.04,-0.104,0.502,0.142,-0.351,0.061,-0.34,-0.013,-0.43,-0.218,-0.311,-0.282,0.359,0.554,0.096,-0.228,0.366,0.557,-0.451,0.386,0.199,-0.016,0.156,0.116,-0.055,-0.119,0.461,-0.008,0.054,0.372,0.54,0.613,0.269,-0.336,0.274,-0.527,0.611,0.257,-0.495,0.22,0.355,0.478,-0.012,-0.022,0.304,0.451,-0.086,-0.213,0.249,-0.548,0.015,0.347,-0.182,-0.149,-0.302,-0.015,-0.155,0.46,-0.396,0.368,0.362,0.474,-0.465,0.332,-0.061,-0.252,-0.128,0.247,0.411,0.204,-0.093,-0.532,-0.335,0.355,0.129,0.589,0.535,0.075,0.371,0.562,-0.341,0.62,-0.3,0.015,0.494,0.107,-0.066,-0.404,0.398,0.175,0.492,-0.457,-0.057,-0.635,0.42,-0.267,0.123,-0.455,-0.314,0.326,0.068,-0.279,-0.511,0.669,-0.634,0.187,-0.34,0.309,-0.284,-0.45,0.012,0.568,0.542,0.529,0.284,0.439,-0.095,0.54,0.373,-0.124,0.081,-0.302,0.513,-0.388,0.232,-0.324,0.177,-0.203,0.351
ANDE,0.725,0.764,-0.739,-0.111,0.794,0.347,0.762,0.476,0.505,0.657,0.653,0.621,0.075,0.0,0.558,0.776,0.178,-0.582,0.257,0.849,-0.643,-0.7,-0.763,0.076,0.634,0.676,0.884,-0.316,0.728,0.333,-0.289,-0.336,-0.381,0.227,0.373,0.715,-0.53,0.751,-0.641,0.257,0.428,0.942,0.244,0.26,0.804,0.355,-0.48,0.601,-0.02,-0.867,-0.503,0.037,-0.62,-0.737,-0.428,-0.239,0.912,0.245,0.417,0.685,-0.74,-0.231,0.252,-0.117,-0.121,0.8,-0.712,0.227,-0.085,-0.87,0.516,-0.624,-0.053,0.573,0.333,-0.496,0.054,0.144,0.495,-0.73,-0.893,-0.806,-0.788,0.037,0.519,-0.725,-0.012,0.811,0.29,-0.464,0.848,-0.089,0.815,0.832,0.119,0.79,-0.267,0.643,0.641,0.374,0.729,0.426,0.356,0.611,0.294,0.898,0.438,0.207,0.637,-0.587,0.02,0.758,0.136,0.287,0.498,0.859,0.701,-0.821,0.391,-0.725,-0.119,-0.832,0.777,-0.403,0.51,-0.548,-0.858,-0.402,0.772,-0.156,-0.145,0.774,0.177,-0.714,-0.027,-0.897,0.2,-0.682,0.513,0.795,0.676,-0.776,-0.701,-0.703,-0.058,-0.529,0.56,-0.067,-0.461,0.446,0.604,-0.532,0.422,-0.647,0.742,0.61,-0.748,0.098,-0.029,0.534,0.908,0.76,-0.442,-0.121,-0.193,0.596,-0.835,0.933,-0.708,-0.819,0.212,-0.536,-0.493,-0.291,-0.316,-0.315,0.894,-0.807,0.117,0.379,0.074,0.164,0.452,0.54,-0.172,-0.552,0.551,0.04,-0.205,0.16,-0.645,0.168,-0.767,-0.366,0.114,-0.262,-0.761,0.882,-0.634,0.687
APLS,0.415,0.728,-0.511,0.275,0.622,0.594,0.547,0.609,0.562,0.55,0.694,0.517,0.147,0.558,0.0,0.689,-0.038,-0.13,0.183,0.698,-0.245,-0.656,-0.507,0.596,0.714,0.522,0.594,-0.164,0.228,0.385,-0.336,0.31,0.155,0.645,0.195,0.586,-0.033,0.631,-0.564,0.269,0.591,0.662,-0.22,0.705,0.589,0.228,-0.61,0.754,0.411,-0.47,-0.205,0.554,-0.285,-0.222,-0.23,0.317,0.622,0.556,0.182,0.483,-0.437,0.24,0.495,-0.418,0.249,0.45,-0.586,0.675,0.459,-0.329,0.591,-0.28,0.269,0.646,0.737,-0.298,0.263,0.383,0.099,-0.529,-0.575,-0.636,-0.637,0.042,0.563,-0.664,0.124,0.657,0.377,-0.449,0.571,0.27,0.739,0.678,0.547,0.577,0.213,0.591,0.655,-0.084,0.516,0.772,0.517,0.81,0.32,0.579,-0.009,0.481,0.734,-0.461,0.02,0.701,-0.091,-0.071,0.688,0.65,0.629,-0.611,0.114,-0.353,-0.148,-0.365,0.656,-0.423,0.623,-0.406,-0.618,0.038,0.755,0.097,0.369,0.473,0.313,-0.521,0.227,-0.459,0.034,-0.528,0.773,0.704,0.764,-0.201,-0.618,-0.419,0.321,-0.621,0.692,0.567,-0.209,0.647,0.647,-0.541,0.5,-0.52,0.561,0.523,-0.017,0.473,-0.263,0.512,0.746,0.533,-0.277,-0.477,-0.355,0.726,-0.611,0.538,-0.43,-0.415,0.752,0.015,-0.042,-0.194,0.035,-0.346,0.398,-0.665,0.502,0.471,0.193,0.54,0.687,0.7,0.41,0.171,0.742,-0.056,0.311,0.456,-0.241,0.459,-0.451,0.196,-0.002,-0.041,-0.353,0.496,0.006,0.777
APPF,0.621,0.885,-0.915,0.017,0.934,0.53,0.638,0.722,0.825,0.892,0.926,0.542,0.396,0.776,0.689,0.0,-0.134,-0.353,-0.085,0.899,-0.321,-0.859,-0.832,0.322,0.86,0.77,0.719,-0.553,0.314,0.658,-0.593,0.202,0.102,0.689,0.313,0.597,-0.37,0.717,-0.844,0.217,0.4,0.876,-0.269,0.355,0.901,-0.023,-0.742,0.565,0.431,-0.809,-0.389,0.486,-0.793,-0.619,-0.654,-0.068,0.829,0.521,0.156,0.839,-0.662,0.03,0.643,-0.346,-0.215,0.578,-0.897,0.626,0.423,-0.678,0.772,-0.652,-0.036,0.818,0.503,-0.633,0.013,-0.041,0.4,-0.874,-0.896,-0.9,-0.883,0.097,0.779,-0.798,-0.153,0.957,0.633,-0.793,0.819,0.074,0.677,0.848,0.262,0.595,-0.238,0.839,0.585,0.034,0.842,0.756,0.658,0.818,0.087,0.893,0.011,0.546,0.69,-0.864,0.024,0.901,0.014,-0.032,0.48,0.895,0.907,-0.835,0.06,-0.433,-0.336,-0.596,0.898,-0.557,0.418,-0.737,-0.776,-0.361,0.954,-0.412,0.171,0.864,0.528,-0.904,0.151,-0.782,-0.202,-0.734,0.631,0.876,0.77,-0.579,-0.864,-0.824,0.304,-0.63,0.889,0.389,-0.374,0.743,0.881,-0.769,0.797,-0.859,0.556,0.751,-0.462,0.202,-0.445,0.676,0.864,0.863,-0.739,-0.401,-0.607,0.806,-0.879,0.769,-0.893,-0.817,0.475,-0.159,-0.503,-0.617,0.159,-0.682,0.726,-0.91,0.458,0.508,-0.212,0.32,0.813,0.857,0.351,-0.101,0.844,-0.016,0.306,0.296,-0.637,0.349,-0.797,0.077,-0.125,-0.072,-0.759,0.824,-0.363,0.933
ASML,0.419,0.022,0.302,0.046,-0.11,-0.332,0.425,-0.303,-0.377,-0.161,-0.303,-0.047,-0.234,0.178,-0.038,-0.134,0.0,-0.346,0.794,0.044,-0.599,0.082,-0.053,-0.221,-0.306,0.028,0.093,0.532,0.523,-0.413,0.251,-0.533,-0.47,-0.467,0.321,0.571,-0.405,0.184,0.175,-0.334,0.399,0.121,0.707,0.037,0.005,0.356,0.413,0.207,-0.652,0.038,-0.362,-0.253,0.15,-0.244,0.45,0.235,0.206,-0.373,0.521,-0.263,-0.068,-0.385,-0.489,0.129,0.542,0.485,0.076,-0.426,-0.543,-0.117,-0.213,0.042,-0.158,-0.14,0.023,0.193,-0.219,0.673,-0.179,0.15,0.003,0.017,-0.003,-0.057,-0.352,0.049,0.559,-0.188,-0.007,0.302,0.187,-0.063,-0.03,-0.017,-0.394,0.474,0.081,-0.401,0.371,0.444,0.064,-0.44,-0.257,0.086,0.657,-0.083,0.389,-0.098,0.175,0.275,-0.476,-0.301,0.249,0.136,0.489,-0.153,0.061,-0.031,0.552,-0.611,0.32,-0.229,-0.175,-0.043,0.57,0.029,-0.118,-0.034,-0.048,-0.033,-0.179,-0.275,-0.386,0.172,0.155,-0.164,0.476,-0.146,0.015,-0.085,0.195,-0.357,0.061,-0.052,-0.626,0.011,-0.221,-0.446,-0.24,-0.3,-0.099,-0.085,-0.323,0.307,0.452,-0.431,-0.138,-0.178,0.037,-0.314,0.157,-0.052,0.428,0.317,0.426,0.071,-0.086,0.107,0.21,-0.078,-0.226,-0.606,-0.222,0.403,-0.452,0.263,0.268,0.128,-0.412,-0.112,0.514,0.147,-0.328,-0.226,-0.28,-0.417,-0.26,-0.188,-0.386,-0.041,-0.152,-0.174,-0.024,-0.519,0.54,-0.141,-0.055,0.109,-0.273,-0.1
ATRC,-0.789,-0.517,0.394,-0.105,-0.497,-0.015,-0.5,0.068,-0.256,-0.384,-0.298,-0.394,-0.028,-0.582,-0.13,-0.353,-0.346,0.0,-0.313,-0.344,0.52,0.555,0.655,0.153,-0.08,-0.635,-0.39,-0.161,-0.695,0.196,0.304,0.462,0.427,0.079,-0.048,-0.583,0.628,-0.481,0.53,0.249,-0.263,-0.59,-0.304,-0.196,-0.424,-0.159,0.269,-0.344,0.408,0.586,0.803,0.027,0.46,0.531,0.265,0.452,-0.557,0.077,-0.565,-0.364,0.544,0.55,-0.043,0.104,0.15,-0.557,0.478,0.116,0.198,0.71,-0.206,0.684,0.042,-0.502,0.073,0.399,0.399,-0.025,-0.074,0.512,0.446,0.574,0.574,0.511,0.033,0.395,-0.347,-0.279,-0.346,0.299,-0.6,0.226,-0.365,-0.445,0.284,-0.688,0.427,-0.113,-0.433,-0.136,-0.605,-0.049,0.072,-0.396,-0.155,-0.385,-0.179,-0.075,-0.264,0.391,0.377,-0.283,-0.028,0.149,-0.438,-0.467,-0.335,0.634,-0.447,0.681,0.306,0.768,-0.213,0.576,-0.481,0.463,0.641,0.412,-0.427,0.162,0.42,-0.23,0.003,0.488,-0.383,0.659,0.115,0.702,-0.199,-0.303,-0.384,0.678,0.506,0.63,0.505,0.383,-0.148,0.085,0.705,-0.016,-0.396,0.448,-0.28,0.396,-0.693,-0.247,0.5,0.04,0.204,-0.409,-0.587,-0.316,0.289,0.194,0.202,-0.511,0.596,-0.525,0.473,0.472,-0.106,0.619,0.7,0.243,0.306,0.303,-0.646,0.571,-0.134,-0.046,-0.094,0.061,-0.279,-0.309,0.214,0.438,-0.221,0.222,0.299,-0.139,0.671,0.198,0.594,0.544,0.084,-0.104,0.567,-0.694,0.599,-0.341
AVGO,0.337,0.036,0.248,0.118,-0.082,-0.142,0.553,-0.133,-0.431,-0.22,-0.258,-0.007,-0.397,0.257,0.183,-0.085,0.794,-0.313,0.0,0.156,-0.727,0.06,-0.078,-0.154,-0.182,0.0,0.26,0.596,0.529,-0.415,0.248,-0.536,-0.517,-0.352,0.078,0.68,-0.33,0.147,0.06,0.055,0.719,0.197,0.745,0.248,-0.028,0.556,0.199,0.35,-0.598,-0.056,-0.298,-0.248,0.252,-0.165,0.57,0.363,0.349,-0.373,0.322,-0.257,-0.234,-0.398,-0.474,0.156,0.729,0.548,0.072,-0.363,-0.492,-0.134,-0.338,0.027,0.096,-0.138,0.236,0.215,-0.225,0.851,-0.066,0.144,-0.114,-0.066,-0.087,-0.104,-0.39,-0.094,0.551,-0.118,-0.145,0.305,0.158,0.278,0.265,0.14,-0.081,0.63,0.13,-0.32,0.631,0.481,-0.017,-0.306,-0.255,0.172,0.782,0.024,0.467,-0.163,0.308,0.29,-0.252,-0.163,0.113,0.262,0.699,0.06,-0.027,-0.099,0.365,-0.657,0.437,-0.402,-0.139,-0.047,0.762,0.017,-0.178,0.178,0.012,0.285,-0.219,-0.197,-0.471,0.174,0.092,-0.21,0.546,-0.22,0.145,0.074,0.421,-0.336,0.032,-0.027,-0.467,-0.056,-0.167,-0.318,-0.293,-0.046,-0.12,-0.055,-0.34,0.278,0.608,-0.367,-0.091,0.064,0.091,-0.256,0.297,-0.091,0.532,0.083,0.567,0.14,-0.191,0.287,0.261,-0.076,-0.012,-0.614,-0.037,0.408,-0.599,0.454,0.204,-0.024,-0.457,-0.039,0.667,0.11,-0.295,-0.186,-0.362,-0.409,-0.158,-0.276,-0.48,0.111,-0.081,0.135,-0.099,-0.557,0.67,-0.391,-0.072,0.14,-0.252,0.011
AVT,0.607,0.812,-0.812,-0.14,0.866,0.415,0.829,0.679,0.649,0.785,0.826,0.496,0.333,0.849,0.698,0.899,0.044,-0.344,0.156,0.0,-0.517,-0.765,-0.735,0.211,0.856,0.69,0.841,-0.465,0.453,0.599,-0.484,-0.015,-0.034,0.532,0.276,0.741,-0.426,0.721,-0.722,0.4,0.561,0.886,-0.026,0.336,0.856,0.196,-0.641,0.625,0.3,-0.783,-0.323,0.343,-0.686,-0.691,-0.438,0.061,0.907,0.38,0.108,0.733,-0.665,-0.053,0.421,-0.139,-0.075,0.718,-0.798,0.528,0.245,-0.696,0.599,-0.535,0.012,0.688,0.58,-0.488,0.084,0.191,0.477,-0.766,-0.92,-0.85,-0.831,0.242,0.705,-0.751,-0.164,0.908,0.481,-0.658,0.821,0.187,0.774,0.881,0.315,0.7,-0.15,0.789,0.739,0.316,0.745,0.633,0.649,0.785,0.292,0.936,0.162,0.478,0.736,-0.757,0.18,0.856,0.194,0.241,0.587,0.913,0.838,-0.763,0.112,-0.567,-0.184,-0.677,0.893,-0.405,0.544,-0.661,-0.744,-0.256,0.911,-0.271,0.073,0.84,0.333,-0.818,0.014,-0.824,0.09,-0.681,0.586,0.929,0.862,-0.684,-0.816,-0.746,0.278,-0.513,0.842,0.229,-0.388,0.749,0.777,-0.674,0.621,-0.725,0.65,0.642,-0.524,0.26,-0.273,0.529,0.908,0.889,-0.537,-0.261,-0.354,0.735,-0.896,0.856,-0.77,-0.847,0.414,-0.344,-0.424,-0.436,-0.045,-0.456,0.765,-0.859,0.225,0.408,-0.001,0.278,0.644,0.716,0.151,-0.285,0.74,0.05,0.077,0.267,-0.608,0.456,-0.79,-0.029,0.134,-0.325,-0.775,0.796,-0.498,0.865
AXDX,-0.603,-0.337,0.257,0.063,-0.325,0.106,-0.723,-0.136,0.139,-0.154,-0.087,-0.255,0.248,-0.643,-0.245,-0.321,-0.599,0.52,-0.727,-0.517,0.0,0.291,0.457,0.237,-0.132,-0.304,-0.597,-0.135,-0.766,0.16,0.025,0.684,0.613,0.249,-0.291,-0.759,0.63,-0.4,0.292,-0.142,-0.629,-0.614,-0.676,-0.141,-0.386,-0.598,0.063,-0.435,0.553,0.553,0.496,0.351,0.175,0.61,-0.144,0.03,-0.736,0.305,-0.389,-0.146,0.587,0.528,0.281,-0.109,-0.298,-0.81,0.343,0.272,0.535,0.594,0.03,0.366,0.036,-0.112,-0.173,0.165,0.22,-0.588,-0.274,0.242,0.59,0.419,0.416,0.071,0.065,0.433,-0.255,-0.325,0.041,0.005,-0.533,-0.024,-0.477,-0.507,0.111,-0.784,0.206,-0.049,-0.707,-0.591,-0.282,0.113,0.096,-0.313,-0.653,-0.52,-0.657,0.16,-0.445,0.106,0.076,-0.259,-0.157,-0.428,-0.61,-0.468,-0.33,0.488,-0.41,0.871,-0.231,0.72,-0.309,0.149,-0.672,0.325,0.572,0.214,-0.343,0.017,0.377,-0.289,0.34,0.252,0.08,0.674,-0.45,0.49,-0.178,-0.385,-0.549,0.726,0.301,0.424,0.412,0.239,-0.096,0.414,0.395,-0.139,-0.155,0.278,0.086,0.149,-0.716,0.032,0.614,-0.007,-0.071,0.005,-0.612,-0.313,-0.102,-0.08,-0.325,-0.293,0.573,-0.659,0.215,0.54,0.062,0.814,0.369,-0.11,0.59,-0.198,-0.616,0.391,0.364,-0.124,-0.416,-0.051,0.067,-0.034,0.504,0.699,-0.117,0.127,0.581,0.023,0.487,-0.141,0.435,0.703,-0.452,0.474,0.48,-0.554,0.584,-0.285
AXSM,-0.78,-0.901,0.842,-0.191,-0.913,-0.436,-0.547,-0.459,-0.812,-0.845,-0.843,-0.681,-0.385,-0.7,-0.656,-0.859,0.082,0.555,0.06,-0.765,0.291,0.0,0.87,-0.343,-0.67,-0.865,-0.577,0.329,-0.427,-0.368,0.58,-0.136,-0.041,-0.63,-0.176,-0.595,0.412,-0.769,0.858,0.043,-0.306,-0.834,0.283,-0.488,-0.808,-0.009,0.722,-0.628,-0.278,0.811,0.635,-0.527,0.71,0.552,0.656,0.23,-0.767,-0.485,-0.386,-0.79,0.64,0.029,-0.63,0.501,0.209,-0.494,0.869,-0.572,-0.403,0.694,-0.769,0.752,-0.107,-0.876,-0.435,0.649,0.107,0.041,-0.08,0.867,0.751,0.874,0.858,0.21,-0.569,0.762,-0.054,-0.789,-0.663,0.719,-0.828,0.072,-0.626,-0.757,-0.072,-0.646,0.254,-0.665,-0.506,0.162,-0.827,-0.707,-0.422,-0.823,-0.004,-0.747,0.074,-0.568,-0.599,0.837,0.152,-0.815,0.148,0.264,-0.53,-0.803,-0.839,0.889,-0.252,0.476,0.53,0.633,-0.725,0.726,-0.508,0.709,0.853,0.431,-0.886,0.288,-0.092,-0.666,-0.428,0.864,-0.397,0.76,0.311,0.826,-0.616,-0.689,-0.693,0.545,0.892,0.853,-0.04,0.761,-0.729,-0.456,0.522,-0.554,-0.893,0.782,-0.743,0.82,-0.619,-0.71,0.389,-0.213,0.454,-0.766,-0.846,-0.682,0.723,0.559,0.706,-0.891,0.844,-0.615,0.839,0.641,-0.617,0.185,0.569,0.521,-0.146,0.728,-0.673,0.899,-0.632,-0.486,0.168,-0.409,-0.856,-0.84,-0.322,0.002,-0.773,0.054,-0.265,-0.307,0.737,-0.195,0.745,0.041,0.379,-0.18,0.664,-0.815,0.332,-0.876
AZN,-0.849,-0.842,0.828,-0.155,-0.871,-0.359,-0.587,-0.398,-0.683,-0.824,-0.746,-0.576,-0.183,-0.763,-0.507,-0.832,-0.053,0.655,-0.078,-0.735,0.457,0.87,0.0,-0.159,-0.565,-0.808,-0.607,0.23,-0.491,-0.273,0.557,0.035,0.191,-0.5,-0.228,-0.665,0.616,-0.704,0.922,0.101,-0.389,-0.852,0.046,-0.302,-0.78,0.028,0.648,-0.532,-0.064,0.867,0.758,-0.374,0.767,0.656,0.631,0.336,-0.82,-0.29,-0.409,-0.76,0.801,0.235,-0.497,0.446,0.178,-0.612,0.907,-0.373,-0.212,0.819,-0.626,0.88,0.018,-0.806,-0.275,0.684,0.313,0.033,-0.224,0.869,0.812,0.928,0.925,0.332,-0.443,0.818,-0.139,-0.743,-0.653,0.715,-0.805,0.073,-0.6,-0.722,0.041,-0.736,0.393,-0.592,-0.565,0.066,-0.83,-0.497,-0.28,-0.776,-0.098,-0.753,-0.087,-0.447,-0.551,0.804,0.277,-0.731,0.197,0.268,-0.538,-0.782,-0.767,0.939,-0.228,0.624,0.383,0.768,-0.664,0.754,-0.526,0.78,0.868,0.451,-0.831,0.383,0.053,-0.649,-0.402,0.864,-0.374,0.849,0.353,0.883,-0.548,-0.657,-0.695,0.683,0.834,0.944,0.071,0.748,-0.627,-0.238,0.73,-0.519,-0.813,0.841,-0.703,0.82,-0.715,-0.61,0.52,-0.033,0.507,-0.634,-0.842,-0.637,0.707,0.475,0.565,-0.822,0.886,-0.718,0.867,0.715,-0.391,0.355,0.7,0.572,0.051,0.664,-0.789,0.899,-0.415,-0.524,0.24,-0.277,-0.707,-0.746,-0.154,0.194,-0.708,0.25,-0.127,-0.221,0.83,-0.113,0.852,0.283,0.176,-0.076,0.77,-0.896,0.452,-0.842
BANR,0.109,0.367,-0.216,0.456,0.308,0.518,-0.026,0.398,0.458,0.227,0.369,0.488,0.143,0.076,0.596,0.322,-0.221,0.153,-0.154,0.211,0.237,-0.343,-0.159,0.0,0.365,0.254,0.055,-0.045,-0.171,0.306,0.048,0.587,0.395,0.555,0.186,0.07,0.467,0.497,-0.183,-0.058,0.102,0.18,-0.479,0.628,0.26,0.038,-0.251,0.632,0.53,-0.076,0.039,0.591,0.052,0.337,-0.248,0.318,0.108,0.797,0.104,0.24,0.069,0.645,0.557,-0.491,0.18,-0.011,-0.222,0.716,0.545,0.138,0.569,0.065,0.457,0.4,0.411,0.034,0.498,0.111,-0.273,-0.251,-0.039,-0.231,-0.25,0.081,0.398,-0.25,0.205,0.309,0.25,-0.158,0.201,0.061,0.34,0.231,0.4,0.031,0.621,0.32,0.063,-0.396,0.259,0.597,0.4,0.445,0.074,0.115,-0.249,0.388,0.286,-0.178,-0.091,0.345,-0.226,-0.303,0.256,0.173,0.365,-0.216,0.158,0.096,-0.153,0.164,0.306,-0.249,0.188,0.051,-0.231,0.047,0.349,0.295,0.676,0.164,0.335,-0.134,0.319,0.088,-0.073,-0.131,0.653,0.272,0.27,0.421,-0.301,-0.046,0.283,-0.403,0.365,0.633,0.091,0.31,0.416,-0.209,0.323,-0.269,0.061,0.288,0.314,0.377,-0.174,0.435,0.249,0.118,-0.132,-0.451,-0.426,0.427,-0.042,-0.003,-0.147,0.118,0.645,0.455,0.339,0.096,0.22,-0.35,-0.07,-0.222,0.551,0.297,0.051,0.61,0.567,0.489,0.556,0.537,0.438,-0.101,0.589,0.469,0.164,0.15,-0.033,0.398,-0.331,0.352,0.198,0.053,0.423,0.412
BBIO,0.301,0.757,-0.791,-0.116,0.773,0.57,0.574,0.803,0.775,0.777,0.909,0.391,0.505,0.634,0.714,0.86,-0.306,-0.08,-0.182,0.856,-0.132,-0.67,-0.565,0.365,0.0,0.629,0.669,-0.656,0.141,0.817,-0.569,0.354,0.332,0.743,0.147,0.412,-0.093,0.539,-0.677,0.453,0.339,0.71,-0.394,0.333,0.776,-0.093,-0.739,0.452,0.656,-0.59,-0.015,0.541,-0.654,-0.416,-0.511,0.13,0.632,0.612,-0.151,0.767,-0.428,0.221,0.666,-0.153,-0.21,0.365,-0.746,0.726,0.559,-0.499,0.695,-0.345,-0.018,0.712,0.601,-0.529,0.282,-0.041,0.506,-0.725,-0.774,-0.737,-0.71,0.354,0.907,-0.621,-0.352,0.891,0.5,-0.701,0.65,0.31,0.642,0.74,0.531,0.389,-0.077,0.935,0.49,0.063,0.644,0.849,0.775,0.709,-0.035,0.82,-0.083,0.544,0.684,-0.747,0.314,0.882,0.183,0.133,0.338,0.807,0.754,-0.596,-0.181,-0.149,-0.318,-0.378,0.888,-0.335,0.247,-0.582,-0.554,-0.142,0.872,-0.273,0.312,0.834,0.583,-0.767,0.024,-0.575,-0.126,-0.464,0.614,0.883,0.672,-0.375,-0.76,-0.587,0.614,-0.393,0.92,0.487,-0.136,0.783,0.767,-0.595,0.724,-0.735,0.374,0.795,-0.268,0.312,-0.376,0.538,0.731,0.875,-0.606,-0.32,-0.531,0.658,-0.722,0.689,-0.735,-0.71,0.483,0.033,-0.242,-0.582,0.269,-0.575,0.552,-0.779,0.43,0.349,-0.206,0.219,0.756,0.796,0.441,0.048,0.854,0.1,0.377,0.368,-0.328,0.457,-0.663,0.371,-0.075,-0.152,-0.632,0.634,-0.265,0.823
BCYC,0.778,0.86,-0.777,0.163,0.838,0.463,0.566,0.364,0.746,0.737,0.771,0.62,0.49,0.676,0.522,0.77,0.028,-0.635,0.0,0.69,-0.304,-0.865,-0.808,0.254,0.629,0.0,0.522,-0.273,0.513,0.362,-0.521,0.04,0.036,0.502,0.098,0.583,-0.448,0.688,-0.801,-0.112,0.23,0.787,-0.228,0.452,0.756,-0.055,-0.626,0.52,0.18,-0.729,-0.638,0.466,-0.68,-0.488,-0.561,-0.263,0.691,0.422,0.405,0.74,-0.528,-0.103,0.595,-0.326,-0.282,0.496,-0.809,0.455,0.335,-0.71,0.704,-0.656,0.022,0.851,0.278,-0.658,-0.145,-0.071,0.084,-0.826,-0.691,-0.844,-0.819,-0.16,0.532,-0.568,0.145,0.703,0.634,-0.634,0.836,-0.086,0.521,0.666,0.032,0.61,-0.276,0.627,0.445,-0.058,0.808,0.635,0.376,0.729,-0.016,0.688,-0.078,0.487,0.596,-0.75,-0.178,0.725,0.045,-0.186,0.473,0.732,0.782,-0.807,0.263,-0.482,-0.609,-0.643,0.66,-0.736,0.43,-0.637,-0.783,-0.437,0.841,-0.341,0.082,0.598,0.456,-0.788,0.533,-0.71,-0.268,-0.791,0.581,0.649,0.615,-0.581,-0.881,-0.837,-0.034,-0.567,0.661,0.39,-0.483,0.432,0.836,-0.74,0.699,-0.716,0.605,0.65,-0.387,0.093,-0.476,0.687,0.798,0.667,-0.616,-0.373,-0.651,0.831,-0.787,0.624,-0.79,-0.64,0.463,-0.305,-0.629,-0.546,0.119,-0.696,0.721,-0.841,0.518,0.267,-0.172,0.243,0.789,0.792,0.293,-0.075,0.702,-0.173,0.219,0.382,-0.619,0.048,-0.77,-0.062,-0.361,0.23,-0.677,0.843,-0.474,0.765
BHFAP,0.525,0.643,-0.652,-0.182,0.706,0.4,0.775,0.562,0.388,0.557,0.607,0.482,0.054,0.884,0.594,0.719,0.093,-0.39,0.26,0.841,-0.597,-0.577,-0.607,0.055,0.669,0.522,0.0,-0.343,0.583,0.376,-0.282,-0.278,-0.287,0.225,0.24,0.659,-0.446,0.625,-0.557,0.5,0.544,0.836,0.195,0.27,0.709,0.418,-0.526,0.571,0.064,-0.748,-0.262,0.003,-0.495,-0.67,-0.285,-0.057,0.86,0.185,0.178,0.591,-0.69,-0.158,0.163,-0.038,-0.061,0.751,-0.607,0.245,-0.022,-0.693,0.407,-0.456,0.007,0.448,0.418,-0.381,0.098,0.23,0.542,-0.585,-0.854,-0.699,-0.673,0.153,0.493,-0.675,-0.149,0.758,0.175,-0.403,0.691,0.077,0.834,0.824,0.321,0.686,-0.17,0.634,0.707,0.42,0.6,0.417,0.423,0.558,0.37,0.853,0.365,0.163,0.637,-0.522,0.238,0.716,0.177,0.418,0.482,0.845,0.589,-0.675,0.187,-0.631,-0.0,-0.726,0.753,-0.227,0.466,-0.452,-0.717,-0.218,0.702,-0.077,-0.125,0.739,0.098,-0.61,-0.167,-0.798,0.254,-0.567,0.451,0.805,0.721,-0.704,-0.609,-0.569,0.144,-0.419,0.569,-0.027,-0.31,0.552,0.494,-0.408,0.348,-0.54,0.635,0.534,-0.626,0.256,0.047,0.454,0.831,0.715,-0.333,-0.103,-0.052,0.489,-0.774,0.887,-0.579,-0.763,0.232,-0.441,-0.315,-0.233,-0.311,-0.15,0.736,-0.725,0.031,0.323,0.157,0.139,0.367,0.46,-0.183,-0.521,0.53,0.079,-0.239,0.124,-0.501,0.375,-0.65,-0.254,0.247,-0.448,-0.673,0.752,-0.542,0.643
BKR,0.097,-0.317,0.599,0.339,-0.418,-0.278,-0.102,-0.579,-0.516,-0.549,-0.591,-0.134,-0.469,-0.316,-0.164,-0.553,0.532,-0.161,0.596,-0.465,-0.135,0.329,0.23,-0.045,-0.656,-0.273,-0.343,0.0,0.119,-0.767,0.438,-0.269,-0.325,-0.418,-0.196,0.153,-0.006,-0.149,0.325,-0.412,0.197,-0.349,0.46,0.214,-0.531,0.195,0.494,0.064,-0.559,0.384,-0.252,-0.132,0.555,0.381,0.548,0.145,-0.248,-0.369,0.382,-0.552,0.147,-0.14,-0.438,-0.039,0.583,-0.03,0.44,-0.431,-0.33,0.306,-0.455,0.219,0.342,-0.276,-0.201,0.504,-0.288,0.446,-0.604,0.41,0.513,0.294,0.248,-0.457,-0.754,0.29,0.781,-0.638,-0.195,0.513,-0.296,-0.018,-0.201,-0.453,-0.283,0.114,0.249,-0.693,0.009,-0.043,-0.334,-0.512,-0.562,-0.156,0.395,-0.582,0.047,-0.169,-0.221,0.54,-0.488,-0.607,-0.23,-0.265,0.297,-0.483,-0.446,0.251,0.338,-0.2,0.266,0.063,-0.699,-0.066,0.342,0.343,0.225,0.272,-0.435,0.447,-0.055,-0.701,-0.354,0.527,0.392,0.331,0.171,0.039,-0.024,-0.49,-0.111,0.212,0.338,0.278,-0.623,0.022,-0.569,-0.154,-0.252,-0.422,-0.358,0.191,-0.413,0.532,0.14,-0.592,0.41,0.053,0.12,-0.264,-0.225,-0.651,0.604,-0.01,0.394,-0.113,0.33,-0.363,0.558,0.541,-0.031,-0.175,0.13,0.542,-0.355,0.393,-0.287,0.376,-0.236,-0.142,0.491,0.094,-0.392,-0.354,-0.158,0.082,-0.486,-0.369,-0.219,0.112,0.162,-0.203,0.282,-0.444,0.246,0.134,0.425,-0.307,0.198,-0.356
BLDP,0.716,0.499,-0.312,0.063,0.422,0.068,0.634,-0.001,0.048,0.216,0.186,0.546,-0.095,0.728,0.228,0.314,0.523,-0.695,0.529,0.453,-0.766,-0.427,-0.491,-0.171,0.141,0.513,0.583,0.119,0.0,-0.198,0.047,-0.694,-0.578,-0.271,0.194,0.625,-0.565,0.526,-0.301,-0.05,0.32,0.66,0.565,0.253,0.464,0.559,-0.076,0.404,-0.504,-0.609,-0.605,-0.279,-0.219,-0.561,-0.023,-0.301,0.662,-0.136,0.668,0.292,-0.489,-0.394,-0.108,0.006,0.071,0.676,-0.35,-0.258,-0.492,-0.705,0.228,-0.407,-0.05,0.219,-0.001,-0.286,-0.081,0.34,0.125,-0.323,-0.54,-0.46,-0.445,-0.175,-0.0,-0.392,0.301,0.327,-0.013,0.039,0.679,-0.242,0.5,0.501,-0.249,0.757,-0.229,0.154,0.465,0.405,0.422,-0.009,-0.172,0.289,0.358,0.51,0.623,-0.121,0.471,-0.138,-0.137,0.348,0.178,0.308,0.447,0.481,0.374,-0.561,0.694,-0.766,-0.024,-0.725,0.333,-0.28,0.51,-0.196,-0.688,-0.366,0.364,0.024,-0.335,0.331,-0.198,-0.285,0.055,-0.696,0.384,-0.498,0.227,0.328,0.37,-0.714,-0.387,-0.43,-0.527,-0.318,0.035,-0.363,-0.343,-0.091,0.245,-0.21,-0.037,-0.166,0.718,0.238,-0.651,-0.068,0.204,0.333,0.637,0.328,-0.029,0.162,0.142,0.314,-0.533,0.634,-0.278,-0.501,0.008,-0.738,-0.465,0.057,-0.497,0.038,0.696,-0.439,-0.059,0.069,0.327,0.069,0.058,0.116,-0.473,-0.649,0.123,-0.055,-0.557,-0.003,-0.48,-0.102,-0.43,-0.676,0.116,-0.118,-0.48,0.665,-0.588,0.243
BLFS,-0.022,0.426,-0.618,-0.27,0.539,0.396,0.289,0.737,0.668,0.596,0.725,0.139,0.604,0.333,0.385,0.658,-0.413,0.196,-0.415,0.599,0.16,-0.368,-0.273,0.306,0.817,0.362,0.376,-0.767,-0.198,0.0,-0.414,0.479,0.512,0.645,0.136,0.073,0.137,0.286,-0.397,0.432,0.022,0.375,-0.545,0.059,0.558,-0.31,-0.528,0.154,0.763,-0.299,0.284,0.449,-0.554,-0.214,-0.481,0.174,0.297,0.622,-0.366,0.6,-0.1,0.307,0.605,0.056,-0.353,0.091,-0.484,0.656,0.566,-0.215,0.56,-0.095,-0.159,0.488,0.376,-0.402,0.366,-0.273,0.519,-0.543,-0.515,-0.446,-0.421,0.595,0.878,-0.271,-0.546,0.697,0.402,-0.597,0.387,0.28,0.308,0.453,0.478,-0.016,-0.026,0.803,0.151,0.087,0.462,0.684,0.834,0.378,-0.227,0.597,-0.256,0.437,0.354,-0.61,0.397,0.633,0.298,0.19,-0.028,0.546,0.564,-0.245,-0.355,0.179,-0.257,-0.064,0.718,-0.099,-0.133,-0.387,-0.164,-0.122,0.616,-0.373,0.393,0.708,0.604,-0.576,-0.094,-0.258,-0.141,-0.142,0.367,0.677,0.364,-0.128,-0.509,-0.341,0.698,-0.041,0.799,0.41,0.123,0.651,0.561,-0.34,0.649,-0.547,-0.02,0.632,-0.154,0.101,-0.304,0.357,0.355,0.741,-0.536,-0.158,-0.502,0.37,-0.402,0.408,-0.575,-0.519,0.201,0.217,-0.067,-0.549,0.417,-0.534,0.295,-0.484,0.276,0.141,-0.384,0.036,0.575,0.615,0.502,0.142,0.648,0.13,0.49,0.273,-0.096,0.301,-0.456,0.552,-0.093,-0.101,-0.431,0.339,-0.164,0.56
