Date,Stock,Open,High,Low,Close,Volume,Turnover
2020-03-12,CCEP,37.12019449626274,37.4390807839871,32.0610929502137,34.01750946044922,2620900,0.0057002234625051
2020-03-13,CCEP,35.87912461890176,38.068239924549225,34.67252293922671,37.85277557373047,3256300,0.0070821617234368
2020-03-16,CCEP,32.45755109510959,32.638540368657495,29.940928945609453,30.84587860107422,2061400,0.0044833609239605
2020-03-17,CCEP,31.09581368852208,31.65601897397396,28.04483798619579,28.406816482543945,2396300,0.0052117385185246
2020-03-18,CCEP,27.381208239861763,28.277540667541736,26.29526778810908,27.6397647857666,3043200,0.0066186882525452
2020-03-19,CCEP,27.898320048180352,28.13964232928413,24.580170738319303,26.674484252929688,5000800,0.0108762934454942
2020-03-20,CCEP,27.51048467595988,30.587316572419304,26.55382256103521,27.122648239135746,2827500,0.0061495600138247
2020-03-23,CCEP,26.8985656005475,27.622525865579885,24.43365483518709,25.60577964782715,2301900,0.0050064269481249
2020-03-24,CCEP,27.544960192999483,27.9327966591153,26.07980368027155,26.53658866882324,1732200,0.0037673803204057
2020-03-25,CCEP,26.976133746336345,28.225827531217657,26.140132728805245,26.39868927001953,10565900,0.0229798890009093
2020-03-26,CCEP,27.536344095815387,29.2600588650342,26.950280811262992,28.82913017272949,4906000,0.0106701119108132
2020-03-27,CCEP,28.191352329819,30.36323318474217,28.018980207163224,28.923933029174805,4324000,0.0094043138814423
2020-03-30,CCEP,29.26867725349621,31.79391976223485,28.93255338505066,31.716352462768555,4392000,0.0095522078092726
2020-03-31,CCEP,31.77667905061896,33.06084792756941,31.77667905061896,32.34550476074219,4293100,0.0093371091407077
2020-04-01,CCEP,30.83725472818416,32.371363036750864,30.820017186770503,31.8973388671875,6206000,0.0134974958252154
2020-04-02,CCEP,31.897340506469,32.56097109023843,31.388844515670343,32.250701904296875,2622300,0.0057032683374899
2020-04-03,CCEP,31.38022574562933,32.104186045685324,31.31127886776559,31.92319679260254,1689100,0.0036736416690898
2020-04-06,CCEP,33.07808756603367,36.14629777189162,33.05222960866715,36.085968017578125,3235600,0.0070371410718767
2020-04-07,CCEP,35.7412248516641,39.59372491608782,35.39648060144427,37.671783447265625,5290200,0.0115057126030542
2020-04-08,CCEP,37.11157381931173,37.90448089946857,36.68064520068968,37.72349166870117,1763900,0.0038363249897031
2020-04-09,CCEP,37.80968463963627,38.49055280030092,37.18914952394808,37.61145782470703,1237500,0.0026914519954405
2020-04-13,CCEP,37.39598752130574,37.39598752130574,36.04287183054805,36.344520568847656,738500,0.0016061715544507
2020-04-14,CCEP,36.6461707192256,37.66316253876154,35.913590082997445,37.60283279418945,1659100,0.0036083943479882
2020-04-15,CCEP,36.37899305698062,36.37899305698062,35.37923879707998,36.10319900512695,1334900,0.0029032882979503
2020-04-16,CCEP,35.784319789795724,36.3186704594318,35.06897656674373,35.37924575805664,1729500,0.0037615080615066
2020-04-17,CCEP,35.58609125219142,36.17215452114144,35.01726552500168,35.87050247192383,1600800,0.0034815970539807
2020-04-20,CCEP,35.75846207396396,35.88773870084956,34.77594195591947,35.00002670288086,1356000,0.0029491789137918
2020-04-21,CCEP,34.47429009976976,34.681137286967164,33.31940124991849,33.457298278808594,2141800,0.0046582237445127
2020-04-22,CCEP,33.89684949354486,34.98278825476319,33.612435003865826,34.7242317199707,1712100,0.0037236646152676
2020-04-23,CCEP,35.103445821347634,35.33614767618114,33.73309264581114,33.85375213623047,1457900,0.0031708023144668
2020-04-24,CCEP,34.10369879063378,34.71561678672232,33.70724515551094,34.68976211547852,1259800,0.002739952504126
2020-04-27,CCEP,35.06035597363724,35.90497575109667,34.9655511425824,35.706748962402344,1302500,0.0028328211911606
2020-04-28,CCEP,36.26695406533212,36.51689016507634,34.4484347715195,34.54323959350586,1575200,0.0034259193399741
2020-04-29,CCEP,34.379488299930706,36.30142974751718,34.27606634109741,35.91359329223633,1090900,0.0023726100863241
2020-04-30,CCEP,35.35338840005617,35.413718150699495,33.88823026787933,34.164024353027344,2118100,0.0046066783608425
2020-05-01,CCEP,33.80204387976628,34.198497443102454,33.37973236214321,33.87099075317383,1289600,0.0028047648430869
2020-05-04,CCEP,33.61244191491306,33.7761936534815,33.20736784489199,33.414215087890625,1078700,0.0023460761757428
2020-05-05,CCEP,33.50039482014682,33.690004492310294,32.647157870861086,32.750579833984375,1374600,0.0029896322528748
2020-05-06,CCEP,33.23322255412784,33.59520108430896,32.60406704615228,32.707489013671875,1522200,0.0033106490726946
2020-05-07,CCEP,33.14702926017946,33.38835152739181,32.65577088752235,32.81090545654297,1136600,0.0024720035054688
2020-05-08,CCEP,33.44006741059359,34.14679023561356,33.34526256786954,33.957183837890625,1095600,0.00238283216663
2020-05-11,CCEP,33.75034075973503,33.776195433575445,32.957433409856975,32.991905212402344,1158000,0.0025185465945213
2020-05-12,CCEP,33.20735790836949,33.345254933197666,31.837004785760023,31.8542423248291,1096000,0.0023837021309113
2020-05-13,CCEP,31.85424761170552,31.85424761170552,30.06158599140961,30.216720581054688,1643300,0.0035740307588747
2020-05-14,CCEP,29.82888697401392,31.13891069708549,29.587567939248856,30.983776092529297,1651000,0.0035907775712907
2020-05-15,CCEP,31.095814345982603,31.466409976768723,30.156389715665867,30.268428802490234,1506000,0.0032754155192997
2020-05-18,CCEP,31.47503394626602,32.37998359620526,31.36299155906205,31.759445190429688,2329700,0.005066889465679
2020-05-19,CCEP,31.91458189871389,32.07833692645118,31.15614967239276,31.52674865722656,1766900,0.0038428497218132
2020-05-20,CCEP,31.905962193742635,31.905962193742635,31.37161151204977,31.64740562438965,2214800,0.0048169922258599
2020-05-21,CCEP,31.52674657598905,31.97490954935452,31.414704188785084,31.759445190429688,1566900,0.003407867581136
2020-05-22,CCEP,31.621540348010218,31.716345168635247,31.181994610604825,31.58706855773925,2100400,0.0045681824413925
2020-05-26,CCEP,32.750579833984375,33.14703343239441,31.259566988701025,32.750579833984375,3128700,0.0068046431176847
2020-05-27,CCEP,33.5434851357247,34.37087065714164,33.491775800946904,34.276065826416016,2682900,0.0058350679261151
2020-05-28,CCEP,35.03450085566048,35.16377747911632,33.793424229046266,33.94855880737305,2301700,0.0050059919659842
2020-05-29,CCEP,33.431448131712656,33.48315746970737,32.06109478352855,32.49202346801758,7268900,0.0158092084118447
2020-06-01,CCEP,32.84538192338107,33.8451362505685,32.70748488817331,33.61243438720703,1626700,0.0035379272411985
2020-06-02,CCEP,33.90546658896488,34.345012368936985,33.37973310565774,33.56072235107422,1425600,0.0031005526987475
2020-06-03,CCEP,34.06921742747783,35.01726241370999,34.0088876805396,34.44843673706055,1355100,0.0029472214941587
2020-06-04,CCEP,34.4398258603576,35.03450965589569,34.267453698060685,34.741477966308594,2000500,0.0043509088621243
2020-06-05,CCEP,35.827408129693254,36.94782197564903,35.69812821804559,36.611698150634766,2688900,0.0058481173903354
2020-06-08,CCEP,36.82715859835108,37.75796597361087,36.65478649688916,37.64592361450195,1723200,0.0037478061240752
2020-06-09,CCEP,35.87912104603716,36.525514034125216,35.54299721826733,35.77569580078125,1203800,0.0026181575047364
2020-06-10,CCEP,35.74984305291157,35.90497764140061,34.63804626464844,34.63804626464844,2027000,0.004408543995764
2020-06-11,CCEP,33.38835435245367,33.60381868457715,32.18175277747225,32.33688735961914,1881500,0.0040920944884213
2020-06-12,CCEP,33.509011521121195,33.56934126690053,32.44030706154162,32.87985610961914,1491900,0.003244749278382
2020-06-15,CCEP,32.08694496613791,33.500390327598375,31.802533783758417,33.259071350097656,955000,0.0020770397217339
2020-06-16,CCEP,34.67251782421017,34.7069929043093,33.5090118165236,33.73309326171875,2250300,0.0048942015558302
2020-06-17,CCEP,33.85375683882965,34.043366514526866,32.8884774936643,33.017757415771484,1931300,0.0042004050414499
2020-06-18,CCEP,32.7678131707151,34.33639310897706,32.7678131707151,34.30191802978516,1535900,0.003340445349331
2020-06-19,CCEP,34.5432418594058,34.767323308843324,33.1556510925293,33.1556510925293,3017300,0.0065623580653274
2020-06-22,CCEP,33.362496185979545,33.6555278073235,33.07808497899191,33.4400634765625,1245000,0.0027077638257159
2020-06-23,CCEP,33.888228604040265,34.29330258509276,33.776186235035915,33.81066131591797,1168300,0.0025409481747662
2020-06-24,CCEP,33.543486897355415,33.543486897355415,32.37998077560377,32.55235290527344,1402200,0.0030496597882882
2020-06-25,CCEP,32.302414212168365,33.1125589658951,32.24208445857835,33.017757415771484,1033300,0.002247335229809
2020-06-26,CCEP,32.68163096491325,32.81953130485514,32.09557095878554,32.12142562866211,842600,0.0018325797586733
2020-06-29,CCEP,32.44031449583573,32.57821155889365,32.155903241658585,32.36274719238281,1198900,0.0026075004422898
2020-06-30,CCEP,32.48340193871254,32.94880569104691,32.23346580895505,32.543731689453125,1649700,0.0035879501873763
2020-07-01,CCEP,32.53511047363281,33.14702831865257,32.32826329157256,32.53511047363281,1090500,0.0023717401220427
2020-07-02,CCEP,33.03499154475276,33.20736037278668,32.63853469219064,32.836761474609375,1344800,0.0029248199139139
2020-07-06,CCEP,33.707238287239576,33.81928065267477,33.25045498713966,33.79342269897461,1014300,0.0022060119264447
2020-07-07,CCEP,33.37111481764965,34.14678439431809,33.24183491100928,33.664146423339844,905500,0.0019693816419162
2020-07-08,CCEP,33.75895057442413,33.905468032469194,33.17289060541841,33.44868469238281,777600,0.0016912105629531
2020-07-09,CCEP,33.396969383623315,33.61243370222734,32.08694593198392,32.11280059814453,846700,0.0018414968925571
2020-07-10,CCEP,32.22484478257944,33.4400634765625,32.112802410020784,33.4400634765625,878900,0.0019115290172062
2020-07-13,CCEP,34.10369910639932,34.388113643615554,33.56934840681989,33.65553283691406,1792300,0.0038980924536792
2020-07-14,CCEP,33.20735627533269,33.53486292609049,32.92294511399048,33.2849235534668,1771100,0.0038519843467674
2020-07-15,CCEP,33.92270538930232,34.56047797904067,33.91408497478636,34.09507751464844,1892100,0.0041151485418772
2020-07-16,CCEP,33.85375337688944,34.03474590687591,33.49177489236582,33.61243438720703,1246200,0.00271037371856
2020-07-17,CCEP,33.6124404591042,33.974419009017204,33.46592627110853,33.84514236450195,1297800,0.0028225991108547
2020-07-20,CCEP,33.76756599764417,33.91408014630744,32.93156344576156,33.04360580444336,780800,0.001698170277204
2020-07-21,CCEP,33.4831571932715,34.04336579357215,33.431447855703695,33.983036041259766,1319200,0.0028691421999072
2020-07-22,CCEP,34.12093089645776,35.66365626417444,34.07783868867693,35.63779830932617,1803400,0.0039222339624868
2020-07-23,CCEP,35.3792471520744,35.81879628632855,34.939701305545455,35.33615493774414,1342800,0.0029204700925071
2020-07-24,CCEP,35.3275388828492,35.78432228652758,35.14654631680513,35.3533935546875,658000,0.0014310912428281
2020-07-27,CCEP,35.13792608231766,36.06873035118517,35.06035878593495,35.88774108886719,1291300,0.0028084621912827
2020-07-28,CCEP,35.551618700674766,35.75846592880503,35.344771472544494,35.38786697387695,1083800,0.00235716822033
2020-07-29,CCEP,35.629184695486096,36.18939331504116,35.4051032202991,36.01702117919922,993500,0.0021607737838142
2020-07-30,CCEP,35.40510305601923,35.91359575841975,34.99140861682809,35.88774108886719,1077200,0.0023428138096877
2020-07-31,CCEP,35.72398831263926,36.00839953248385,34.86213095063457,35.482666015625,1919500,0.00417474109515
2020-08-03,CCEP,35.18963421248014,35.18963421248014,34.250209648655066,34.508766174316406,1414300,0.0030759762077992
2020-08-04,CCEP,34.56909406780029,35.03449776167971,34.31915468171049,34.41395950317383,1524800,0.0033163038405234
2020-08-05,CCEP,35.034506245258605,35.43957700633803,34.75871212752253,34.879371643066406,1791500,0.0038963525251165
2020-08-06,CCEP,33.93132216691264,35.08621112080459,33.422826210623086,35.00002670288086,2327800,0.0050627571353426
2020-08-07,CCEP,34.65528198193918,35.930830418575354,34.457055193244855,35.706748962402344,1457800,0.0031705848233965
2020-08-10,CCEP,35.72398647170737,36.3531419190221,35.62918164073636,36.16353225708008,1278400,0.002780405843209
2020-08-11,CCEP,36.71511429160903,37.36150717200865,36.48241574786246,36.77544403076172,2810800,0.0061132390050782
2020-08-12,CCEP,37.068480585654925,37.63730626538257,36.7151192283654,37.111576080322266,2040200,0.0044372528170487
2020-08-13,CCEP,36.82716508700345,37.03401230274746,36.66341337001128,36.78407287597656,1456600,0.0031679749305524
2020-08-14,CCEP,36.56860946421312,36.66341430352114,36.09458855539807,36.28419494628906,1958400,0.0042593451215117
2020-08-17,CCEP,36.07735412650728,36.146301014310986,34.84489768459117,35.16378402709961,1804700,0.0039250613464012
2020-08-18,CCEP,35.30167666942781,35.68951313889459,35.06897478774774,35.21549224853516,1413300,0.0030738012970958
2020-08-19,CCEP,35.18963928862684,35.336153468804085,34.724235502666616,35.1120719909668,1597700,0.0034748548308002
2020-08-20,CCEP,34.84489152992234,34.98278856889826,34.569097451970514,34.663902282714844,808200,0.0017577628304768
2020-08-21,CCEP,34.32777770225475,34.465674738204044,33.595197027497804,33.74171447753906,1770900,0.0038515493646268
2020-08-24,CCEP,34.14678914374958,35.387865899398165,33.853757497302006,35.370628356933594,1446300,0.0031455733503076
2020-08-25,CCEP,35.50852306585335,36.034256569293895,35.49128552452622,35.9825439453125,1007200,0.0021905700604506
2020-08-26,CCEP,35.792933066911345,35.89635831137336,35.40509990721532,35.7670783996582,677100,0.0014726320372628
2020-08-27,CCEP,35.861883229886026,36.22386172232891,35.63779848794304,35.7670783996582,639700,0.0013912903769562
2020-08-28,CCEP,36.09458704227148,36.18939187760517,35.801555409296846,36.12905883789063,707500,0.0015387493226458
2020-08-31,CCEP,36.10320408937701,36.14629629959929,35.465431487547455,35.47404861450195,1295800,0.0028182492894479
2020-09-01,CCEP,35.30167985118985,35.41372223862869,34.94831843332142,35.33615493774414,990600,0.0021544665427744
2020-09-02,CCEP,35.23272483031168,36.49965273524934,34.905218159120054,36.23247909545898,1581200,0.0034389688041944
2020-09-03,CCEP,36.75821338318609,38.21475096619571,36.551366194586286,37.99928665161133,3745300,0.0081456930573927
2020-09-04,CCEP,38.102709829509486,38.835290495330845,37.72349380720553,38.214752197265625,1878900,0.0040864397205925
2020-09-08,CCEP,38.361262637930565,38.63705996744596,37.79243701577094,38.02513885498047,1675200,0.0036434104103127
2020-09-09,CCEP,38.00791327207216,39.05076331383791,37.96482105593565,38.6801643371582,1401600,0.0030483548418662
2020-09-10,CCEP,38.76634394239944,38.86114877873027,37.80106461268769,37.818302154541016,1294400,0.0028152044144632
2020-09-11,CCEP,37.72349887196744,38.95595521958083,36.99953852293388,38.628448486328125,2321000,0.0050479677425596
2020-09-14,CCEP,38.714639031472224,38.93010341598681,38.10272096850495,38.206146240234375,1433300,0.0031172995111635
2020-09-15,CCEP,38.23198947343294,39.36964082021127,38.11994710645072,39.05075454711914,1262200,0.0027451722898141
2020-09-16,CCEP,38.82667285660404,39.15417956929523,38.326797304551576,38.58535385131836,1014000,0.0022053594532337
2020-09-17,CCEP,38.11995046812507,38.17166309307522,37.29256819527205,37.68040466308594,1031500,0.0022434203905429
2020-09-18,CCEP,37.57697946109177,37.65454675475343,36.05149483195387,36.12905883789063,1349200,0.0029343895210088
2020-09-21,CCEP,35.53438050233125,35.56885558767134,33.50039649541759,34.14678955078125,1943400,0.0042267214609609
2020-09-22,CCEP,34.38810744999977,34.4484371977448,33.39697024380348,33.74171447753906,1474700,0.0032073408142837
2020-09-23,CCEP,34.25883107361198,34.724234850835806,33.42282835760529,33.483158111572266,1455200,0.0031649300555677
2020-09-24,CCEP,33.27631145148037,33.379733408696595,32.51787609387027,33.11255645751953,1139300,0.002477875764368
2020-09-25,CCEP,32.819531441048944,33.38835719476948,32.457549622649466,33.36249923706055,770100,0.0016748987326777
2020-09-28,CCEP,34.38811122174218,35.01726672275041,34.22435621328077,34.26744842529297,803500,0.0017475407501708
2020-09-29,CCEP,34.10369372982231,34.1726438932076,33.35387878549337,33.43144607543945,688800,0.0014980784924924
2020-09-30,CCEP,33.61243640410391,33.93132270070809,33.13841552261665,33.44868469238281,1280100,0.0027841031914048
2020-10-01,CCEP,33.72447965926491,34.120933258654645,33.49177777586877,34.1123161315918,1040600,0.0022632120779437
2020-10-02,CCEP,33.55210660285487,34.42258107208526,33.53486906147979,34.293304443359375,824400,0.0017929963838716
2020-10-05,CCEP,34.61219114959656,34.79318040459219,34.06060296995755,34.50014877319336,973100,0.0021164056054652
2020-10-06,CCEP,34.68975999355263,34.96555409570075,34.15540933160625,34.26744842529297,740200,0.0016098689026465
2020-10-07,CCEP,34.21573711672384,34.49153120299898,33.862375738201,33.97441482543945,760300,0.0016535846077846
2020-10-08,CCEP,34.457056593082235,34.913839938294736,34.12093275130512,34.81903839111328,914500,0.0019889558382467
2020-10-09,CCEP,35.12068974999462,35.12068974999462,34.482913814684004,34.67252349853516,383700,0.0008345132368893
2020-10-12,CCEP,34.63804980614201,35.12069116275732,34.439822986744275,34.629432678222656,379800,0.0008260310851461
2020-10-13,CCEP,34.36225311423318,34.64666763017622,33.965799505092896,34.45705795288086,1135600,0.0024698285947654
2020-10-14,CCEP,34.50015052634869,34.870749469824375,34.112317328142794,34.327781677246094,754800,0.0016416225989159
2020-10-15,CCEP,33.43144820187387,33.698621882673805,33.02637418553209,33.14703369140625,1101900,0.0023965341040613
2020-10-16,CCEP,33.13841337016304,33.44868251977616,32.80228955399036,33.026371002197266,659800,0.0014350060820942
2020-10-19,CCEP,33.310786701244226,33.4486837408034,32.362741677515714,32.466163635253906,776200,0.0016881656879684
2020-10-20,CCEP,33.2418372161899,33.2418372161899,32.58682708684384,32.66439437866211,834300,0.0018145279998351
2020-10-21,CCEP,32.423071293097166,32.76781553443545,32.147277215116446,32.6557731628418,1057600,0.0023001855599013
2020-10-22,CCEP,33.01775536750093,34.155406775659515,33.01775536750093,34.026126861572266,1294900,0.0028162918698149
2020-10-23,CCEP,34.181257565324714,34.46567202895828,33.371112953771274,33.63828659057617,787000,0.001711654723565
2020-10-26,CCEP,33.31940124696258,33.50039048091643,32.56096594427207,33.00051498413086,2336600,0.0050818963495324
2020-10-27,CCEP,33.215982685399645,33.819283481176114,32.69886630856632,32.86262130737305,1773100,0.0038563341681742
2020-10-28,CCEP,32.21622778818339,32.58682670163146,31.64740208414852,31.65601921081543,1254500,0.0027284254773981
2020-10-29,CCEP,30.76830400648077,31.85424267807976,30.59593190160291,31.24232482910156,1426400,0.0031022926273102
2020-10-30,CCEP,31.492265335912503,31.612924827297487,30.268426306740743,30.77692222595215,1700700,0.003698870633249
2020-11-02,CCEP,31.31990311142369,31.604314389791305,30.716602176334817,31.173385620117188,1617200,0.0035172655895163
2020-11-03,CCEP,31.78530084551784,32.04385739994374,30.63902896100558,30.802783966064453,1521000,0.0033080391798505
2020-11-04,CCEP,30.949297250803728,31.16476158791256,30.0443476924916,30.13915252685547,2578000,0.0056069197933298
2020-11-05,CCEP,30.81140224466836,31.259568490026908,30.2511936160389,30.725217819213867,2578900,0.0056088772129629
2020-11-06,CCEP,30.80278083759243,30.95791212431215,29.32038525411291,29.329002380371094,1913500,0.0041616916309296
2020-11-09,CCEP,34.26744431651001,36.38761574317992,33.25907286788651,33.87099075317383,6210900,0.013508152887662
2020-11-10,CCEP,34.3277760509602,35.3102927958018,34.08645378386393,35.07759094238281,4384700,0.0095363309611379
2020-11-11,CCEP,34.801801267900714,35.48266608657491,34.155408245104695,34.63804626464844,2481800,0.0053976933836641
2020-11-12,CCEP,35.025884908069045,35.3964838604735,34.49153422998185,34.67252349853516,1539100,0.0033474050635818
2020-11-13,CCEP,35.0086447943055,35.02588233591022,33.96579818515685,34.043365478515625,1839300,0.0040003132567384
2020-11-16,CCEP,35.36973183297816,36.55461798430775,34.989506945924006,36.51040649414063,2905400,0.0063189855576185
2020-11-17,CCEP,35.926800281453325,38.367309901638514,35.528890187640535,38.34962463378906,2752200,0.0059857892378597
2020-11-18,CCEP,37.80139555387365,38.72100926110733,37.69528731784516,37.70412826538086,1691500,0.0036788614547779
2020-11-19,CCEP,37.200113837408935,37.87214060682975,36.687254498438655,37.60686492919922,1415800,0.0030792385738543
2020-11-20,CCEP,37.4830702925676,38.45573987755071,37.40348826627916,38.27004623413086,1468900,0.0031947263322041
2020-11-23,CCEP,38.31426423651817,38.38500194728648,37.500758637399095,37.6157112121582,1261900,0.0027445198166031
2020-11-24,CCEP,38.08435606805121,39.68483754640052,37.9694035024044,39.13660430908203,1851700,0.0040272821494604
2020-11-25,CCEP,39.01280951783443,39.88821178073996,38.49110588851339,39.38419342041016,2044800,0.0044472574062843
2020-11-27,CCEP,38.91554174660506,39.74673251337583,38.76522202170744,38.87133026123047,1428700,0.003107294921928
2020-11-30,CCEP,38.78291253852722,39.87937236591683,38.72101577600299,39.50799179077149,4490400,0.0097662190224858
2020-12-01,CCEP,40.14464495642327,40.401072935717046,39.18966062596541,40.33917617797852,2016100,0.0043848374690971
2020-12-02,CCEP,39.92358793019064,41.28532010271312,39.84400589510447,41.20573806762695,2621100,0.0057006584446458
2020-12-03,CCEP,41.04657202142438,42.35525506275559,41.0023605314206,42.001556396484375,2139600,0.0046534389409653
2020-12-04,CCEP,41.992714076047136,42.249142058941096,41.38258406531511,41.89544677734375,2172300,0.004724558520966
2020-12-07,CCEP,41.179209693588575,41.68322809840417,40.78129953896562,41.40911483764648,1196400,0.0026020631655313
2020-12-08,CCEP,40.737090708037066,41.47101430481344,40.401077291855074,41.44448471069336,1338700,0.0029115529586232
2020-12-09,CCEP,41.5240655584947,42.19609237162691,41.33837527057155,42.107666015625,1456900,0.0031686274037635
2020-12-10,CCEP,41.745121051160886,42.30219521682172,41.63901281064649,41.92197036743164,1660100,0.0036105692586916
2020-12-11,CCEP,42.07229569037643,42.07229569037643,41.12615230429219,41.55943298339844,822900,0.0017897340178165
2020-12-14,CCEP,41.665541229520656,41.86891677338838,41.31184595140648,41.55943298339844,792800,0.0017242692056446
2020-12-15,CCEP,41.78049781191591,41.8954503905812,41.24995315720333,41.63901901245117,1063900,0.0023138874973326
2020-12-16,CCEP,41.683226019075626,42.116506693189145,41.34721264158679,41.67438507080078,897200,0.0019513298830781
2020-12-17,CCEP,41.63017266622246,41.9573417151098,41.347211730855854,41.78933334350586,798100,0.0017357962323726
2020-12-18,CCEP,42.02808172722401,42.58515593423028,41.32953210444518,41.780494689941406,1145800,0.00249201268394
2020-12-21,CCEP,40.72824964515928,41.24995335312347,40.498344486736734,41.02889251708984,929400,0.0020213620077272
2020-12-22,CCEP,41.17920869815694,41.17920869815694,40.56023773627488,40.65750503540039,526100,0.0011442205210515
2020-12-23,CCEP,41.04657422067217,41.85123889820859,41.04657422067217,41.63901901245117,630300,0.0013708462163443
2020-12-24,CCEP,41.81586926322625,42.257990942795686,41.43564434894688,42.21377944946289,285100,0.0006200670415354
2020-12-28,CCEP,42.43482887385715,43.29254240776631,42.32871727065864,42.72662734985352,623900,0.0013569267878427
2020-12-29,CCEP,43.00959014892578,43.28370676443068,42.91232285396856,43.00959014892578,641800,0.0013958576894333
2020-12-30,CCEP,42.9830614171993,43.442868274479366,42.9830614171993,43.38981246948242,526700,0.0011455254674735
2020-12-31,CCEP,43.407506124527536,44.19448216520603,43.06265175821859,44.06184768676758,557000,0.0012114252617861
2021-01-04,CCEP,43.93804987266822,44.28290760494095,42.60284392795505,42.79737854003906,2146700,0.0046688808069593
2021-01-05,CCEP,42.753163314662864,43.106861993085126,42.2579892126164,42.638214111328125,1675000,0.003642975428172
2021-01-06,CCEP,43.25717726297509,44.00878603357173,42.67357686514912,43.36328887939453,2073100,0.0045088073791901
2021-01-07,CCEP,43.74351510058464,44.84881917429563,42.8857980599864,44.61007308959961,1674700,0.003642322954961
2021-01-08,CCEP,44.58354307242724,45.69769145703747,44.48627914829043,45.41473388671875,919600,0.002000047882834
2021-01-11,CCEP,44.2829041366154,45.04335050776829,43.28370830706193,44.33595657348633,931500,0.0020259293202043
2021-01-12,CCEP,44.2298529858308,44.30059070015038,43.22181610165158,43.513614654541016,1104800,0.0024028413451011
2021-01-13,CCEP,44.30943200497442,44.38901403636451,43.42518871091584,43.55782318115234,1028300,0.0022364606762921
2021-01-14,CCEP,43.62856359920854,43.80541292995051,42.98306640915269,43.0803337097168,1181900,0.0025705269603322
2021-01-15,CCEP,42.17840563343219,43.08033419455852,42.08997928050581,42.96538162231445,980100,0.0021316299803889
2021-01-19,CCEP,42.196091759337776,42.806218427855086,42.196091759337776,42.49673461914063,1092900,0.0023769599077308
2021-01-20,CCEP,42.319876257620535,42.65588958765217,41.798172681960814,42.54977798461914,977500,0.0021259752125601
2021-01-21,CCEP,42.49673393867389,43.32792142099823,42.05461229152084,43.04496383666992,1027300,0.0022342857655887
2021-01-22,CCEP,42.638207564144814,42.664733780361125,41.94849558444013,42.31103515625,941800,0.0020483309004492
2021-01-25,CCEP,42.1960910002456,42.59399778340012,41.7362840833412,42.001556396484375,1010800,0.0021983997389828
2021-01-26,CCEP,42.20492816402077,42.34640694321721,41.61248683023572,42.17840194702149,907500,0.001973731463323
2021-01-27,CCEP,41.18804661676303,41.45331888115365,39.20734052128135,39.799781799316406,2666100,0.0057985294262982
2021-01-28,CCEP,40.55139361190741,42.35525054590684,40.01200472126953,42.036922454833984,1866400,0.0040592533368001
2021-01-29,CCEP,41.3206877470569,41.87776195358184,40.92277759953909,41.09078598022461,1019900,0.0022181914263836
2021-02-01,CCEP,41.56827677400637,42.58515793599456,41.19689620062528,42.47904968261719,834800,0.0018156154551868
2021-02-02,CCEP,42.83273926894313,44.30942716266531,42.779686835894495,43.787723541259766,1420600,0.0030896781452305
2021-02-03,CCEP,43.63740247769322,44.02647166149231,43.2571776152279,43.85846328735352,975500,0.0021216253911533
2021-02-04,CCEP,44.07952618385207,44.24753456594481,43.08917465416185,43.59319305419922,830900,0.0018071333034436
2021-02-05,CCEP,43.95573461397056,45.27325864453356,43.434030920408105,44.80460739135742,952300,0.0020711674628347
2021-02-08,CCEP,44.08836641908376,45.335149194105455,44.00878439629003,44.92839813232422,882700,0.001919793677879
2021-02-09,CCEP,44.71618346843871,45.4324217566797,44.35364384989906,45.21136093139648,899600,0.0019565496687663
2021-02-10,CCEP,45.56505295200167,46.06907132756051,44.94608538420678,45.450103759765625,1052200,0.002288441042103
2021-02-11,CCEP,44.40669712081827,46.30781808557716,43.94689022577027,45.41473388671875,1109300,0.0024126284432664
2021-02-12,CCEP,45.17598637219098,45.61810798343844,44.76923529939216,45.4677848815918,581700,0.0012651455561598
2021-02-16,CCEP,45.98065011549164,46.94447541629888,45.79495983803567,46.22823715209961,1000100,0.0021751281944566
2021-02-17,CCEP,46.56425323893678,47.793350917803146,46.10444630635357,47.24512100219727,1517400,0.0033002095013183
2021-02-18,CCEP,47.14785055028137,47.37775568778905,46.53772391265627,46.6968879699707,938800,0.002041806168339
2021-02-19,CCEP,46.61730601397573,47.147850623770566,46.077917082582765,46.24592208862305,615700,0.0013390925200749
2021-02-22,CCEP,45.72421835603577,46.72341418848299,45.05219495980176,46.6968879699707,782300,0.0017014326432591
2021-02-23,CCEP,46.05138659648083,46.59961642554749,45.76842567460895,46.360870361328125,1161300,0.0025257237998425
2021-02-24,CCEP,46.29897920651405,47.81987874479192,46.18402663433432,47.492706298828125,1103600,0.0024002314522571
2021-02-25,CCEP,47.11248111074279,47.6253438347633,45.556214414460655,45.68000793457031,677400,0.0014732845104738
2021-02-26,CCEP,45.65347834682883,45.76842753666585,44.96376634220574,45.05219268798828,1012700,0.0022025320693193
2021-03-01,CCEP,45.6800078138736,46.7676266459753,45.39705023347903,46.466983795166016,1017700,0.0022134066228362
2021-03-02,CCEP,46.03370250766999,46.91794571345844,45.90990562543868,46.38739776611328,1021400,0.0022214537924387
2021-03-03,CCEP,46.219395408997904,46.52887919943752,45.211358636571376,45.22019958496094,946400,0.0020583354896847
2021-03-04,CCEP,45.697692122463984,45.80380036959852,44.44206493441059,44.86650466918945,863500,0.001878035392374
2021-03-05,CCEP,45.40589592468201,46.86489884164181,44.96377423749671,46.76763153076172,646200,0.0014054272965282
2021-03-08,CCEP,46.55540973528631,48.07630587316911,46.343189865308034,46.93563461303711,672200,0.0014619749748162
2021-03-09,CCEP,47.71376247921029,47.92598233234724,47.21858844375763,47.62533950805664,510700,0.0011107268962193
2021-03-10,CCEP,47.87293002495309,48.235469630174336,47.3423854130119,47.643028259277344,651300,0.0014165193411155
2021-03-11,CCEP,47.413122860352125,47.7314509750185,46.95331595840294,47.209747314453125,419100,0.0009115050757892
2021-03-12,CCEP,47.10364056146151,48.0851511551109,46.84720919727698,48.02325439453125,531700,0.0011564000209904
2021-03-15,CCEP,47.51923883726693,47.75798157203454,46.16634422590004,47.27164840698242,1036700,0.0022547299262005
2021-03-16,CCEP,47.48386621967318,47.71376799512236,46.23708329280063,47.0240592956543,778800,0.0016938204557972
2021-03-17,CCEP,47.18322598110012,47.324704783031066,46.44930237706285,46.82068634033203,925800,0.002013532329195
2021-03-18,CCEP,46.43161075070599,46.72341263713394,45.7153758896924,45.88338088989258,860500,0.0018715106602639
2021-03-19,CCEP,45.69769076454912,46.17518292214631,45.31746590273509,45.78611373901367,938500,0.002041153695128
2021-03-22,CCEP,45.55621323133354,45.86569702357018,45.2555703875378,45.65348052978516,629200,0.0013684538145706
2021-03-23,CCEP,45.37935849115981,45.494311045900965,44.34479561784934,44.50395965576172,1172100,0.002549212835439
2021-03-24,CCEP,45.01682696416316,45.73306526256162,44.68965788257794,44.999141693115234,837000,0.0018204002587343
2021-03-25,CCEP,44.91955575654908,46.68804223021731,44.344799676479056,46.4139289855957,1379900,0.0030011592796027
2021-03-26,CCEP,46.35203315365557,46.99753374474319,45.75075080012618,46.98868942260742,964100,0.0020968314091347
2021-03-29,CCEP,46.475830050830425,46.79415481217974,45.33515536002019,45.60927200317383,1038200,0.0022579922922556
2021-03-30,CCEP,45.529688011774695,45.98949154943674,45.02566623845665,45.60042572021485,872900,0.0018984795529859
2021-03-31,CCEP,45.49431940121146,46.396247990652974,45.49431940121146,46.12213134765625,1379000,0.0029992018599697
2021-04-01,CCEP,46.15749933201483,46.34318960901866,45.096406734232346,45.18482971191406,528500,0.0011494403067396
2021-04-05,CCEP,45.556212966809895,45.892226348658845,45.211358636571376,45.22019958496094,428200,0.00093129676319
2021-04-06,CCEP,45.45010634740828,46.21939706340925,45.19367498436781,45.75959014892578,1503800,0.0032706307157523
2021-04-07,CCEP,45.99833360009696,46.19286819166327,45.591582520567606,45.78611373901367,1074100,0.0023360715865072
2021-04-08,CCEP,46.13981206135259,47.36006866455133,45.88338071482528,46.94447326660156,1433200,0.0031170820200932
2021-04-09,CCEP,47.05942439718496,47.92598233234724,46.926786567334354,47.62533950805664,940700,0.0020459384986754
2021-04-12,CCEP,47.58996788815109,48.49189634051302,47.41311857674521,48.28852081298828,726300,0.0015796376438694
2021-04-13,CCEP,47.979040199495294,48.40347995383768,47.95251397976909,47.987884521484375,699800,0.0015220025102297
2021-04-14,CCEP,48.51842853465354,48.51842853465354,47.37775725043807,47.39543914794922,671300,0.0014600175551832
2021-04-15,CCEP,47.94366978154954,48.35926181261585,47.56344491668101,48.22662734985352,536100,0.0011659696280853
2021-04-16,CCEP,48.61569095060798,48.68643202602486,48.0851463774619,48.58916473388672,473400,0.001029602726983
2021-04-19,CCEP,48.78369903564453,49.22582066564944,48.33273645721247,48.78369903564453,487500,0.0010602689679008
2021-04-20,CCEP,48.51842673226565,49.01360417219448,48.17357240056107,48.78369903564453,547700,0.0011911985922446
2021-04-21,CCEP,49.119713269980096,50.01280086701124,48.94286394028993,49.63257598876953,966600,0.0021022686858932
2021-04-22,CCEP,49.72984481114354,50.1719664623435,49.46456912192717,49.64141845703125,817600,0.0017782069910886
2021-04-23,CCEP,49.38498455316278,50.23386064343637,49.1373975206065,50.02164077758789,464400,0.0010100285306525
2021-04-26,CCEP,49.80058066199087,50.29575810717058,49.57951984464428,49.65026092529297,589100,0.0012812398953648
2021-04-27,CCEP,49.676787109717374,50.003956174691,49.28772128577901,49.986270904541016,581100,0.0012638406097377
2021-04-28,CCEP,50.40186672824521,50.69366862840127,50.09238293091643,50.32228469848633,752000,0.0016355328489465
2021-04-29,CCEP,50.3134425347223,50.73787889214518,49.83595036770144,50.63176727294922,423500,0.0009210746828841
2021-04-30,CCEP,50.34881073237939,50.50797479131239,49.90668909603673,50.24270248413086,520600,0.0011322585121829
2021-05-03,CCEP,50.41070544361697,50.72903354855045,50.07469544229407,50.17196273803711,493200,0.0010726659589101
2021-05-04,CCEP,50.33996796879542,50.37533850797643,49.16392283942898,49.2877197265625,513400,0.0011165991551185
2021-05-05,CCEP,49.270034456972,49.45572472799187,48.73948648861771,49.2877197265625,657000,0.0014289163321248
2021-05-06,CCEP,49.59720687561928,50.13659582879375,49.14624427639501,50.092384338378906,516100,0.0011224714140176
2021-05-07,CCEP,49.72984541195876,50.33112776158427,49.5972075657481,50.233863830566406,410200,0.000892148370529
2021-05-10,CCEP,50.33112351987204,50.94125351327704,49.765208386891366,49.89784622192383,941100,0.0020468084629568
2021-05-11,CCEP,49.411512554269805,49.87131943787555,47.59881461042424,49.65909957885742,2401500,0.0052230480541822
2021-05-12,CCEP,50.24270373283058,51.34800785115776,49.98627236782976,50.622928619384766,1594400,0.0034676776254791
2021-05-13,CCEP,50.5345052461216,52.18803924980453,50.5345052461216,51.781288146972656,1197100,0.0026035856030237
2021-05-14,CCEP,52.61247486379088,53.53208867936234,52.364887826183335,53.29334259033203,1026600,0.0022327633280963
2021-05-17,CCEP,54.56665213360522,54.77887200550073,53.7619908817488,54.31906509399414,1659600,0.0036094818033399
2021-05-18,CCEP,54.310223903351336,54.64623731442443,53.39061340044064,53.48788070678711,1015400,0.0022084043282184
2021-05-19,CCEP,53.70893940193768,53.70893940193768,52.42678594527936,52.88659286499024,1377300,0.0029955045117739
2021-05-20,CCEP,54.02725659322596,54.460537232747576,53.23143976033485,54.2660026550293,844700,0.0018371470711504
2021-05-21,CCEP,54.16874283077703,54.74350232244634,53.99189687006692,54.363277435302734,1796100,0.0039063571143521
2021-05-24,CCEP,54.26600831912778,54.46054291715091,53.691252219790925,53.74430465698242,903800,0.0019656842937205
2021-05-25,CCEP,53.72662343839311,53.94768427168215,53.31987231469024,53.48788070678711,829500,0.0018040884284589
2021-05-26,CCEP,53.67356530359861,53.79735881740936,53.02806814364238,53.20491409301758,1206300,0.0026235947814948
2021-05-27,CCEP,52.87774728483732,54.00958097300921,52.72742754685972,53.01922607421875,2397300,0.0052139134292279
2021-05-28,CCEP,53.11649414188995,53.65588308830075,52.86006277833064,53.514404296875,755300,0.0016427100542676
2021-06-01,CCEP,53.726621833965865,54.142217267537,53.50556100727833,53.63819885253906,750000,0.0016311830275397
2021-06-02,CCEP,54.45170006929662,54.59317885207288,53.868096295584266,54.08915710449219,1077400,0.0023432487918284
2021-06-03,CCEP,53.399449409499375,54.30137793065372,53.0634360295116,54.15105819702149,773700,0.0016827284112099
2021-06-04,CCEP,54.47823140345231,54.82308575803745,54.36327882755041,54.64623641967773,817200,0.0017773370268072
2021-06-07,CCEP,54.45170223153404,55.061828874024286,54.363275880587366,54.69044494628906,2091800,0.0045494782093434
2021-06-08,CCEP,54.97340042793935,55.15909407129002,54.15989826895642,54.44285583496094,805000,0.0017508031162259
2021-06-09,CCEP,54.283692156443536,55.0795124245144,54.2748512081851,54.60202026367188,642700,0.0013978151090663
2021-06-10,CCEP,54.655078300250366,55.02645885840688,54.23064193101989,54.23948287963867,849100,0.0018467166782453
2021-06-11,CCEP,54.4163334912792,54.80539932895389,54.000738060882696,54.79655838012695,816100,0.0017749446250335
2021-06-14,CCEP,54.51359728860636,54.61086121193032,54.257165938547935,54.60202026367188,539200,0.0011727118512658
2021-06-15,CCEP,54.91151082299278,55.42437358637252,54.76119107221501,55.07067489624024,512200,0.0011139892622744
2021-06-16,CCEP,55.07067337708363,55.61006234675168,54.823086324693286,55.06183242797852,717000,0.0015594109743279
2021-06-17,CCEP,54.938035464643136,55.2652045309929,54.54896626594789,55.22099304199219,574700,0.0012499211812361
2021-06-18,CCEP,54.70812712858432,55.18561927738404,54.35443186412246,54.49591064453125,1277900,0.0027793183878573
2021-06-21,CCEP,54.83192468892271,55.32710214348044,54.3898030458563,55.26520538330078,689600,0.0014998184210551
2021-06-22,CCEP,55.26520261012016,55.74269477022046,55.06182706928934,55.38899612426758,745900,0.0016222658936558
2021-06-23,CCEP,55.35362860905711,55.38899915020877,54.19527205786411,54.2041130065918,735400,0.0015994293312702
2021-06-24,CCEP,54.42517595302522,54.6462367841692,53.98305429073724,54.11569213867188,1272100,0.0027667039057777
2021-06-25,CCEP,54.27485390506151,54.44285891528216,53.6735682000017,54.12453079223633,1694300,0.0036849512047474
2021-06-28,CCEP,54.062634256200894,54.062634256200894,52.338359164632,52.37372970581055,1531400,0.0033306582511657
2021-06-29,CCEP,52.30299685353705,52.51521337407427,51.50717646872052,51.6309700012207,1489500,0.0032395294926939
2021-06-30,CCEP,51.69286214777265,52.53289395153556,51.56022767757038,52.453311920166016,1686000,0.0036668994459093
2021-07-01,CCEP,52.64784115976732,53.187230053743214,52.479832792261305,52.78047561645508,1165400,0.0025346409337263
2021-07-02,CCEP,52.73626671545473,53.09880631182792,52.38257144049958,52.57710266113281,864800,0.0018808627762884
2021-07-06,CCEP,52.70974219752485,54.00958089203836,52.550578138069305,53.98305130004883,1205600,0.0026220723440025
2021-07-07,CCEP,53.85925848073829,54.32790634348884,53.54977467951065,54.12453079223633,1623000,0.0035298800715959
2021-07-08,CCEP,53.34640259855365,53.991899835334,53.00154486073999,53.62936019897461,844600,0.00183692958008
2021-07-09,CCEP,54.00073004739353,54.41632541611737,53.7973545233491,54.283687591552734,625900,0.0013612766092494
2021-07-12,CCEP,54.15990014955516,54.62854800206299,53.84157203346668,54.6108627319336,402200,0.0008747490849019
2021-07-13,CCEP,54.54011832061491,54.88497261294876,54.40748049750805,54.83191680908203,613300,0.0013338727343868
2021-07-14,CCEP,55.21214571508113,55.41552125191085,54.64623059118621,55.08835220336914,823100,0.0017901689999572
2021-07-15,CCEP,54.92035131879072,54.97340375742955,54.30138034074746,54.38096237182617,943000,0.0020509407932932
2021-07-16,CCEP,54.43401651044888,54.50475421749987,53.37292391972099,53.66472244262695,799600,0.0017390585984276
2021-07-19,CCEP,52.91312307782914,53.010390387644094,50.59640640682151,50.87936401367188,1550300,0.0033717640634597
2021-07-20,CCEP,50.746718703135336,52.26761814631976,50.60523992049866,51.92276382446289,1171300,0.0025474729068763
2021-07-21,CCEP,52.70974407433366,53.71778090469784,52.68321785452003,53.12533950805664,912800,0.001985258490051
2021-07-22,CCEP,53.12533710213507,53.51440292530402,52.41793979001644,53.408294677734375,596300,0.0012968992524292
2021-07-23,CCEP,53.61167096097194,54.566651948460425,53.54977420127919,54.23948287963867,590000,0.0012831973149979
2021-07-26,CCEP,53.93883647093158,54.55780740014008,53.81504295971392,54.49591064453125,394400,0.0008577847814155
2021-07-27,CCEP,54.15990693648988,54.45170887051099,53.65588848056324,54.05379867553711,641600,0.0013954227072926
2021-07-28,CCEP,54.14221210347613,54.54896317623653,53.93883656709593,54.22179412841797,367900,0.0008001496477758
2021-07-29,CCEP,54.6373925451501,55.19446337744255,54.55781051580541,54.86729431152344,519200,0.0011292136371981
2021-07-30,CCEP,54.77886948352451,55.18562056505061,54.59317921236524,54.87613677978516,583200,0.0012684079222148
2021-08-02,CCEP,55.24751719304624,55.39784029776708,54.1156869260105,54.34558868408203,648600,0.0014106470822163
2021-08-03,CCEP,54.69044204934797,55.06182595741107,53.81504314662819,54.57549285888672,795200,0.0017294889913327
2021-08-04,CCEP,54.43401816082664,54.6639199321132,53.6558831209513,53.691253662109375,751900,0.0016353153578761
2021-08-05,CCEP,54.02726441722987,54.60202391292997,53.81504791364127,54.00958251953125,584000,0.0012701478507776
2021-08-06,CCEP,54.32790326967152,54.89382177480081,54.1422129994411,54.44285583496094,479600,0.001043087173344
2021-08-09,CCEP,54.54896020091769,54.66391275803486,54.10683861382707,54.2660026550293,698300,0.0015187401441746
2021-08-10,CCEP,54.17758699048961,55.05298596199356,54.17758699048961,54.97340393066406,725000,0.001576810259955
2021-08-11,CCEP,55.25636317377104,55.27404507074424,54.513598695443086,54.88497924804688,675800,0.0014698046533484
2021-08-12,CCEP,54.63739036123189,54.64623130941886,53.62050929059788,53.75314712524414,633800,0.0013784584038062
2021-08-13,CCEP,53.66472314674335,53.77967571696989,53.20491623895762,53.29334259033203,520100,0.0011311710568312
2021-08-16,CCEP,53.0103863870046,53.567460609189766,52.718584479581736,52.88659286499024,656000,0.0014267414214214
2021-08-17,CCEP,52.86006172108851,52.86006172108851,51.57791167517689,51.89623641967773,797400,0.0017342737948802
2021-08-18,CCEP,51.73707370592421,51.92276736144451,51.25958489019903,51.31263732910156,1100600,0.0023937067201469
2021-08-19,CCEP,50.667140292277246,51.02083896066612,50.40186797754584,50.70251083374024,1079600,0.0023480335953758
2021-08-20,CCEP,50.65829584363205,50.87051233150753,50.0039543642554,50.17196273803711,1229100,0.0026731827455321
2021-08-23,CCEP,50.48144662817917,51.436427571874525,50.286912036282594,51.03852081298828,1258200,0.0027364726470006
2021-08-24,CCEP,50.88819429018496,51.87854570645133,50.68481876373597,51.53369140625,1367700,0.0029746253690214
2021-08-25,CCEP,51.40989756993179,51.684014168052485,50.18080009841003,51.55137634277344,784200,0.0017055649735955
2021-08-26,CCEP,51.51601027102032,51.71938918690643,50.68482283017917,51.003150939941406,713700,0.0015522337690068
2021-08-27,CCEP,51.09157517633993,51.63980843362209,50.72903556974774,51.38337707519531,964300,0.0020972663912754
2021-08-30,CCEP,51.53369754973748,51.83434040144174,51.05620873960047,51.70170593261719,1194500,0.0025979308351949
2021-08-31,CCEP,51.46295682707848,51.86086695648955,50.91472696717892,51.05620574951172,1515000,0.0032949897156302
2021-09-01,CCEP,51.43642483684566,51.63095941839825,50.96777702469088,51.33916091918945,1169800,0.0025442105408212
2021-09-02,CCEP,51.41874443214141,53.62050815413829,51.34800335566399,53.27565383911133,1512200,0.0032888999656607
2021-09-03,CCEP,53.16070295899361,54.16873971886111,52.83353390273072,53.99189376831055,931300,0.0020254943380636
2021-09-07,CCEP,53.4878790995388,53.95652697263062,52.88659338121092,52.948490142822266,1396700,0.0030376977794196
2021-09-08,CCEP,52.99269551942088,53.31986456063624,52.14382285258746,52.95732498168945,1330300,0.0028932837087148
2021-09-09,CCEP,52.47099661148531,52.83353622302813,51.44527453689192,51.52485656738281,1314100,0.0028580501553199
2021-09-10,CCEP,51.887395506823054,52.24993511366987,51.18884251190932,51.56022644042969,1383000,0.0030079015027832
2021-09-13,CCEP,51.46295800795309,52.22340774536133,51.13578894876129,52.22340774536133,1149500,0.0025000598535425
2021-09-14,CCEP,52.41794504193537,52.45331558570926,51.3656966630674,51.684024810791016,1004900,0.0021855677658328
2021-09-15,CCEP,51.54253800477471,52.550574733947634,50.941252346475046,52.488677978515625,881000,0.0019160963296833
2021-09-16,CCEP,52.38257110865163,52.95732719173272,52.05539868066241,52.59478759765625,561300,0.0012207773778107
2021-09-17,CCEP,52.25877701122984,52.39141485377873,51.03852370151007,51.15347290039063,1212500,0.0026370792278558
2021-09-20,CCEP,50.0835370964784,50.33112412686327,49.15508235941484,50.31344223022461,1491500,0.0032438793141006
2021-09-21,CCEP,50.72019347548088,51.12694456186052,50.49028834100869,50.729034423828125,879300,0.0019123989814875
2021-09-22,CCEP,50.97662683224661,51.7724437664784,50.76440695924587,50.91473007202149,660000,0.0014354410642349
2021-09-23,CCEP,51.20652534610492,51.25073683300826,50.525657653808594,50.525657653808594,937900,0.002039848748706
2021-09-24,CCEP,50.45491901339136,50.47260428244866,49.72983984764272,49.7917366027832,968300,0.0021059660340889
2021-09-27,CCEP,49.71215578561719,50.49028740431092,49.71215578561719,50.33112335205078,903500,0.0019650318205095
2021-09-28,CCEP,49.88900653899308,49.88900653899308,48.83675820159497,49.07550430297852,816700,0.0017762495714555
2021-09-29,CCEP,49.16392539559989,49.36730431990479,48.757174293231,48.90749740600586,608600,0.0013236506540809
2021-09-30,CCEP,48.94286108941768,49.42919756101711,48.63337731032731,48.88980865478516,963100,0.0020946564984313
2021-10-01,CCEP,49.04013447767057,50.08354188129085,48.97823771416095,49.39383316040039,1138300,0.0024757008536646
2021-10-04,CCEP,49.43804350807507,49.56183703222876,48.38579517964816,48.56264114379883,1109900,0.0024139333896884
2021-10-05,CCEP,48.67759413400593,49.2169830993776,48.394636541207774,49.07550430297852,1159900,0.0025226789248577
2021-10-06,CCEP,48.562639290318245,48.704121453231735,47.802192903380735,48.57148361206055,535900,0.0011655346459447
2021-10-07,CCEP,49.42919832156444,49.97742818429713,49.14624075543658,49.20813751220703,783400,0.0017038250450328
2021-10-08,CCEP,49.23466775916408,49.27003830110476,47.78450927080166,47.79335021972656,737800,0.0016046491169584
2021-10-11,CCEP,47.92598369136371,48.09398869056774,47.183219244002345,47.21858978271485,732600,0.0015933395813008
2021-10-12,CCEP,47.47501976794405,47.78450693511658,47.02405718616514,47.11248016357422,1369500,0.0029785402082875
2021-10-13,CCEP,47.20090509593312,48.08514833593798,47.06826726068428,47.97019577026367,1757000,0.0038213181058497
2021-10-14,CCEP,48.44769166590434,49.00476252142445,48.31505382042592,48.934024810791016,876100,0.0019054392672367
2021-10-15,CCEP,49.06666475799558,49.22582545701845,48.5803282191566,48.66875457763672,580900,0.0012634056275971
2021-10-18,CCEP,48.16473199885351,48.16473199885351,47.13016561887604,47.19206237792969,501300,0.0010902827356075
2021-10-19,CCEP,47.413121856588894,47.413121856588894,46.7941509104105,47.26280212402344,699800,0.0015220025102297
2021-10-20,CCEP,47.28049019284218,48.11167767810057,47.23627532947442,47.82872009277344,654500,0.0014234790553663
2021-10-21,CCEP,47.44849336226766,47.563445930942535,46.51119428907322,47.03289794921875,598300,0.001301249073836
2021-10-22,CCEP,47.10364178929669,47.28933207587596,46.56425282751069,46.73225784301758,595400,0.0012949418327962
2021-10-25,CCEP,46.67035421223161,46.69688380149605,46.033701412926085,46.08675384521485,563900,0.0012264321456395
2021-10-26,CCEP,46.47582763430239,46.935634540948776,46.34318979412964,46.58193588256836,573100,0.0012464413241106
2021-10-27,CCEP,46.90910614269091,47.39543928049892,46.51119598516782,46.60846328735352,824300,0.0017927788928013
2021-10-28,CCEP,46.73225569162774,47.01521326951851,46.352030813876944,46.93563461303711,424500,0.0009232495935874
2021-10-29,CCEP,46.564249426113314,47.10363834849834,46.27245090753537,46.5554084777832,425400,0.0009252070132205
2021-11-01,CCEP,46.52888148397196,47.59881844013987,46.44045850325352,47.55460357666016,630300,0.0013708462163443
2021-11-02,CCEP,47.53691933580454,47.62534569155928,46.80299913520332,46.98868942260742,550900,0.0011981583064955
2021-11-03,CCEP,47.262804046323325,47.65186987565848,46.8648938952303,47.60765838623047,628900,0.0013678013413596
2021-11-04,CCEP,47.519233917085934,47.519233917085934,46.9091039135046,46.97100067138672,490900,0.0010676636642923
2021-11-05,CCEP,47.33353641824596,48.8190652327629,47.33353641824596,48.721797943115234,828300,0.0018014785356148
2021-11-08,CCEP,48.55379715568132,48.78369891855914,48.01440822867065,48.54495620727539,1308700,0.0028463056375216
2021-11-09,CCEP,48.94286386330605,51.135790151022086,48.82791466634059,51.10926055908203,2945100,0.006405329512543
2021-11-10,CCEP,51.02968003145305,51.41874924223494,50.18080727303521,50.42839431762695,2305600,0.0050144741177274
2021-11-11,CCEP,50.84399138731498,51.22421628840889,50.3664991803895,50.454925537109375,772300,0.0016796835362252
2021-11-12,CCEP,50.47260830148348,50.51681979108712,49.64141745520492,49.69447326660156,1122800,0.0024419897377621
2021-11-15,CCEP,49.756369657388646,49.95974520655237,49.411515318671,49.53530883789063,623600,0.0013562743146316
2021-11-16,CCEP,49.70331205024761,49.93321718316486,49.048973937126846,49.09318542480469,607800,0.0013219107255181
2021-11-17,CCEP,48.63338348407053,49.36730707210986,48.43884887073564,49.11971664428711,772500,0.0016801185183659
2021-11-18,CCEP,49.0286353168533,49.0286353168533,47.77172343121303,48.19069290161133,1501900,0.0032664983854158
2021-11-19,CCEP,47.7899409590785,47.81726399811202,46.34176082472929,47.17059326171875,1295900,0.0028184667805183
2021-11-22,CCEP,47.37097073154529,48.10872409791666,47.17059597635895,47.534915924072266,780100,0.0016966478397116
2021-11-23,CCEP,47.60777458069955,48.88289941069237,47.57134154927101,48.5914421081543,1127400,0.0024519943269977
2021-11-24,CCEP,47.84458759623757,48.090505373749295,47.26167292707444,47.817264556884766,903000,0.0019639443651578
2021-11-26,CCEP,46.82448822066621,47.052189486760575,45.70419840841544,46.18692398071289,1017400,0.0022127541496252
2021-11-29,CCEP,46.36908547248753,47.47115876138376,45.64044211926876,47.19791793823242,989800,0.0021527266142117
2021-11-30,CCEP,46.43283872159864,46.54213434931541,44.52014960155102,44.9664421081543,2319600,0.0050449228675748
2021-12-01,CCEP,45.52203507157893,46.23246188454709,44.90268737201088,44.94822692871094,1586300,0.0034500608487816
2021-12-02,CCEP,45.339874163332176,47.58045722128483,45.19414549467591,47.40740203857422,1798500,0.0039115769000402
2021-12-03,CCEP,47.5531277804941,48.427499738617016,47.31632001141948,48.354637145996094,1421000,0.0030905481095119
2021-12-06,CCEP,48.82825508648135,50.13981299486817,48.82825508648135,49.2745475769043,1407300,0.0030607518328755
2021-12-07,CCEP,49.72995642804517,50.7136275910767,49.45671559646275,49.94855117797852,1385900,0.003014208743823
2021-12-08,CCEP,49.59333142360547,49.69352052644341,48.60055386508128,48.97398376464844,1056800,0.0022984456313386
2021-12-09,CCEP,48.58233529249614,49.03773775925203,48.145149341343895,48.245338439941406,545600,0.0011866312797675
2021-12-10,CCEP,48.51858476375398,48.98309380411526,48.29088350438276,48.67341995239258,712500,0.0015496238761627
2021-12-13,CCEP,48.69163909970687,49.25634075504542,48.3546421904824,48.49126434326172,756900,0.001646189911393
2021-12-14,CCEP,48.4275021753382,49.66619758222893,48.4275021753382,48.67341995239258,840800,0.0018286649194072
2021-12-15,CCEP,48.737176964730686,49.17436644864669,48.49126265739057,48.76450347900391,869900,0.0018919548208757
2021-12-16,CCEP,49.33830471254979,49.44760381310988,48.76450006961325,48.91022872924805,877200,0.0019078316690104
2021-12-17,CCEP,48.88290097000661,49.18346827721216,48.41839196503328,48.77360534667969,1881100,0.0040912245241399
2021-12-20,CCEP,47.52580746671632,47.79904828498605,46.73340805140042,47.46205139160156,1479400,0.0032175628945896
2021-12-21,CCEP,48.04496053450667,48.837359858629256,48.0267440187924,48.5914421081543,1506500,0.0032765029746514
2021-12-22,CCEP,48.59144602940602,49.23812022889025,48.39107128926937,48.94666290283203,1427300,0.0031042500469432
2021-12-23,CCEP,49.19257729916982,50.38573311883857,49.19257729916982,50.30376052856445,1094300,0.0023800047827156
2021-12-27,CCEP,50.32197435151174,50.75916031808466,50.12159614724887,50.64075469970703,633100,0.0013769359663138
2021-12-28,CCEP,50.66808626304366,51.13259531307607,50.66808626304366,50.777381896972656,674200,0.001466324796223
2021-12-29,CCEP,50.72273076664808,51.31475542472113,50.72273076664808,51.15081024169922,907800,0.001974383936534
2021-12-30,CCEP,51.32385896771549,51.43315806635066,50.55878264949554,50.58610916137695,834800,0.0018156154551868
2021-12-31,CCEP,50.4586005822055,51.16902740125105,50.4586005822055,50.94132614135742,961100,0.0020903066770245
2022-01-03,CCEP,50.92310888591977,51.39672791657075,50.75916370321576,51.30564880371094,764800,0.0016633717059498
2022-01-04,CCEP,51.478700507922746,51.81569739483857,51.26010577283559,51.30564880371094,1029400,0.0022388530780658
2022-01-05,CCEP,51.269213950636576,52.84490617346174,51.2601039550064,52.33485412597656,1235700,0.0026875371561744
2022-01-06,CCEP,52.43504650521504,53.09993377547482,52.36218390785076,52.64453125,1015100,0.0022077518550074
2022-01-07,CCEP,52.37128860245275,52.97241977612917,52.17091038641214,52.67185592651367,936600,0.0020370213647916
2022-01-10,CCEP,52.6172055365157,52.95420241539759,52.18912607249994,52.68096160888672,919900,0.002000700356045
2022-01-11,CCEP,52.61720854765103,53.49158056830182,52.30753468936485,53.34585189819336,733100,0.0015944270366524
2022-01-12,CCEP,53.34584674662936,53.73749316118342,53.08171247180075,53.36406326293945,1278700,0.00278105831642
2022-01-13,CCEP,53.27298748824027,54.5207894007519,53.23655445334106,54.32952117919922,1049800,0.0022832212564149
2022-01-14,CCEP,53.619090068428896,54.42970597296835,53.50979443986452,54.338626861572266,659900,0.0014352235731646
2022-01-18,CCEP,53.49158131447177,54.27487423014824,53.081718338310175,53.23655700683594,1102500,0.0023978390504834
2022-01-19,CCEP,53.35496409204811,53.6919610040957,52.66275027468766,53.06350326538086,653800,0.0014219566178739
2022-01-20,CCEP,53.0726075067889,53.67373866486454,52.844906257905016,52.99063491821289,1118900,0.0024335075860189
2022-01-21,CCEP,52.87222830602695,53.24565820822701,51.50602083830302,51.64264297485352,766300,0.0016666340720049
2022-01-24,CCEP,50.69540536212956,51.92499070297479,49.74816734318991,51.78837203979492,1029800,0.0022397230423472
2022-01-25,CCEP,51.032411269138144,51.733731649186765,49.921231352540005,51.31476211547852,1272300,0.0027671388879183
2022-01-26,CCEP,51.69729089360757,52.80847411880718,51.43316008100627,51.87034606933594,1549800,0.003370676608108
2022-01-27,CCEP,52.28931784452529,52.990638150803775,50.70451552685974,50.731842041015625,1157300,0.0025170241570289
2022-01-28,CCEP,50.94132057945455,51.66996383666992,50.28553991073815,51.66996383666992,1062400,0.0023106251312776
2022-01-31,CCEP,51.30564569474564,52.26199021960384,51.26010266663006,52.05250549316406,898700,0.0019545922491332
2022-02-01,CCEP,52.571668008880096,53.24566179264008,51.669969490725485,53.10904312133789,1378400,0.0029978969135476
2022-02-02,CCEP,53.36406627628296,53.910547898663566,52.96331331816686,53.07260894775391,1055400,0.0022954007563539
2022-02-03,CCEP,53.109045014494576,53.21834065032144,52.58988640125994,52.78115463256836,582700,0.0012673204668631
2022-02-04,CCEP,52.41682724603254,52.65363849258448,51.51513223843762,52.02518081665039,609800,0.0013262605469249
2022-02-07,CCEP,52.207340950269504,52.69917647121316,51.74283194123067,52.39860916137695,1259000,0.0027382125755633
2022-02-08,CCEP,52.83579753200371,52.94509663569527,52.19823679936332,52.5716667175293,722500,0.0015713729831966
2022-02-09,CCEP,52.89955911884835,53.737498099444814,52.762936971190186,53.70106506347656,1032600,0.0022458127923166
2022-02-10,CCEP,53.27299054322406,54.39328037227786,52.87223408524194,53.227447509765625,1492200,0.003245401751593
2022-02-11,CCEP,52.96331843508714,53.53712315168988,51.87945813261266,51.99786376953125,1100700,0.0023939242112173
2022-02-14,CCEP,51.751938274487934,52.46236504142128,51.48780399851955,51.89766693115234,1167700,0.0025396432283441
2022-02-15,CCEP,52.48058291973653,52.899555858659085,51.88856175674358,52.13447952270508,2272800,0.0049431370466563
2022-02-16,CCEP,50.5314659604362,52.362186136452266,50.5314659604362,51.40583801269531,2397500,0.0052143484113686
2022-02-17,CCEP,51.08705107346579,51.19634669737881,50.30375824079114,50.78648376464844,998800,0.0021723008105422
2022-02-18,CCEP,50.54967820206299,51.01418722975841,50.34019346608699,50.45859909057617,829900,0.0018049583927402
2022-02-22,CCEP,49.7390637068301,50.03052104118528,49.192578599080015,49.329200744628906,1159800,0.0025224614337874
2022-02-23,CCEP,49.60243584518471,49.67530190759929,48.13603934631953,48.245338439941406,1081300,0.0023517309435716
2022-02-24,CCEP,46.15048679391562,47.05218525531478,45.62222171079577,46.997535705566406,1826300,0.0039720394175944
2022-02-25,CCEP,47.188811150773255,48.855582594726506,47.17970115453367,48.76450347900391,953200,0.0020731248824678
2022-02-28,CCEP,47.4256153848445,47.77172225267409,46.10494745909198,46.6423225402832,1557700,0.0033878584026648
2022-03-01,CCEP,46.33265487567543,46.33265487567543,43.94634646532537,44.14672470092773,1615300,0.0035131332591798
2022-03-02,CCEP,44.36531429345749,46.1596013999594,44.010100870726696,45.77706146240234,1620500,0.0035244427948375
2022-03-03,CCEP,45.76795282144397,46.49659615157289,45.54935808518256,46.46016311645508,2268600,0.0049340024217021
2022-03-04,CCEP,44.656770546054624,44.77517617554885,40.6492304056626,41.91524887084961,4052500,0.0088138256254729
2022-03-07,CCEP,42.37064781181387,42.43440388204487,38.55437622115781,39.03710174560547,3307800,0.0071941696246612
2022-03-08,CCEP,40.34866098796726,41.41430464950823,38.88226437541043,40.130069732666016,3760900,0.0081796216643655
2022-03-09,CCEP,42.34332986056164,43.29967450334503,41.87881732228827,43.05375671386719,1969900,0.0042843565946006
2022-03-10,CCEP,41.90613421467339,42.54369837447007,40.90425015959659,41.36875915527344,1385100,0.0030124688152603
2022-03-11,CCEP,41.842388240072445,42.270467781601525,41.2412569671222,41.54182434082031,1218500,0.0026501286920762
2022-03-14,CCEP,42.08830288815947,43.68221181509187,42.079196365904544,42.38887023925781,1406600,0.0030592293953831
2022-03-15,CCEP,43.01732483294014,43.600239546135725,42.498166199347466,42.83516311645508,1114600,0.0024241554699943
2022-03-16,CCEP,43.82793415080057,45.50381543332592,43.70953200638963,44.83892822265625,2135000,0.0046434343517297
2022-03-17,CCEP,45.130392070819184,45.56757810247379,44.45639824160215,44.8025016784668,1092400,0.0023758724523791
2022-03-18,CCEP,44.60212542552624,45.54025353655671,44.42907023844214,45.27611923217773,1419800,0.0030879382166678
2022-03-21,CCEP,45.24879311589423,45.54935696209165,44.81160712859639,45.16682052612305,764600,0.0016629367238091
2022-03-22,CCEP,45.267012710226496,45.731521767543306,44.94822885080323,45.27611923217773,814700,0.0017718997500488
2022-03-23,CCEP,44.72963883313407,45.19414790346946,43.7641841803003,43.80061721801758,993700,0.0021612087659549
2022-03-24,CCEP,43.90991155616782,44.52015275929778,43.39075294463333,44.21958541870117,1473400,0.0032045134303693
2022-03-25,CCEP,44.21958730286311,44.57480073910676,44.0192125417065,44.14672470092773,988700,0.002150334212438
2022-03-28,CCEP,44.30155543479654,44.447284098419736,43.65488470712145,44.356204986572266,1321000,0.0028730570391733
2022-03-29,CCEP,46.19603243992104,46.70608103535589,45.73151992685519,46.0047607421875,1118800,0.0024332900949485
2022-03-30,CCEP,45.82260203188421,45.83170855337291,44.31977235173059,44.50193405151367,1217700,0.0026483887635135
2022-03-31,CCEP,44.67498390035752,45.15771290590551,44.265120961475375,44.27423095703125,1072500,0.0023325917293818
2022-04-01,CCEP,44.67498304634161,45.54024846200882,44.55657742749572,45.3945198059082,935400,0.0020344114719475
2022-04-04,CCEP,44.86625407761026,44.86625407761026,43.74596431192433,44.60212326049805,1011200,0.0021992697032642
2022-04-05,CCEP,44.6385529206155,45.04841587835335,44.347095589434254,44.44728469848633,895800,0.0019482850080934
2022-04-06,CCEP,44.01920390562645,44.4108468287789,43.17215504332902,44.2104721069336,907400,0.0019735139722527
2022-04-07,CCEP,44.10118328864341,44.10118328864341,43.39075639001639,43.77329635620117,988300,0.0021494642481566
2022-04-08,CCEP,43.71863833955679,44.21958037564183,43.33610192181936,43.78239440917969,1469900,0.0031969012429075
2022-04-11,CCEP,43.61845268462502,44.31977298034764,43.21769971897445,43.33610534667969,821600,0.0017869066339021
2022-04-12,CCEP,43.372536490801615,44.12850636716269,43.20859130013164,43.66399383544922,1012400,0.0022018795961082
2022-04-13,CCEP,43.4909372928425,44.03741888475458,43.40896470661117,43.72774505615234,538500,0.0011711894137735
2022-04-14,CCEP,43.95544809707913,45.26700953044655,43.95544809707913,45.06663131713867,1130100,0.0024578665858968
2022-04-18,CCEP,44.78428198536703,45.09395583681291,44.055638650919526,44.84804153442383,1016000,0.0022097092746404
2022-04-19,CCEP,44.74784830037269,45.27611336624346,44.62033616290199,45.10306167602539,1053500,0.0022912684260174
2022-04-20,CCEP,45.53115054380315,46.47838525020666,45.53115054380315,46.28711700439453,980000,0.0021314124893185
2022-04-21,CCEP,46.5330281529377,48.09961388374655,46.5330281529377,46.77894592285156,1558400,0.0033893808401572
2022-04-22,CCEP,46.560351687942,47.06129375446591,45.95011399177268,46.76983642578125,1230800,0.0026768800937278
2022-04-25,CCEP,46.605894416701744,47.87191640026181,46.20514143109117,47.63510513305664,1722000,0.0037451962312312
2022-04-26,CCEP,46.961109009419445,47.31632241832317,46.08673353237318,46.20513916015625,1397400,0.003039220216912
2022-04-27,CCEP,46.94288976091758,47.43472528668603,45.9136791550196,46.79716110229492,1556800,0.0033859009830317
2022-04-28,CCEP,46.27800596844228,47.307213176169086,46.00476167313515,47.052188873291016,1005500,0.0021868727122549
2022-04-29,CCEP,46.87002692292386,47.243456853520165,45.37630720053867,45.49471282958984,1732600,0.0037682502846871
2022-05-02,CCEP,45.93189310538078,46.30532298939017,44.78427694270648,45.26700592041016,1097000,0.0023858770416147
2022-05-03,CCEP,45.74973538178227,45.977436635011,45.2670098367599,45.3671989440918,915700,0.0019915657310908
2022-05-04,CCEP,45.23968519630596,47.04308225403545,45.19414563866433,46.95199966430664,782800,0.0017025200986107
2022-05-05,CCEP,46.37818958500266,46.778946014288,44.83893036413912,45.1121711730957,1128900,0.0024552566930527
2022-05-06,CCEP,44.665881826900566,44.96644569571292,43.79150978651564,44.36531448364258,1077500,0.0023434662828987
2022-05-09,CCEP,43.90990988815808,44.88447099731231,43.70953514315094,44.49282455444336,859900,0.0018702057138418
2022-05-10,CCEP,44.52925886966658,45.34898481422125,44.13761241553996,45.03020095825195,1429900,0.003109904814772
2022-05-11,CCEP,45.01198148883838,46.004759079063945,44.29244817851252,44.46549987792969,1056300,0.0022973581759869
2022-05-12,CCEP,44.40096246826948,45.68246809381432,44.1796936652859,45.590274810791016,1889000,0.0041084063186967
2022-05-13,CCEP,46.05125267608103,48.217826687436194,46.01437395255574,48.17173004150391,2325600,0.0050579723317951
2022-05-16,CCEP,47.96889755112412,49.65606211794631,47.70153561481409,48.310020446777344,2169000,0.0047173813156448
2022-05-17,CCEP,49.01991762051758,49.47167317326437,48.586604945744526,49.25040435791016,1381400,0.0030044216456578
2022-05-18,CCEP,48.95537926818121,49.1582087127853,47.62777699055487,47.74763107299805,2243200,0.0048787596898361
2022-05-19,CCEP,46.9363148514302,48.00577307631592,46.40158749746143,47.49870300292969,1377400,0.0029957220028442
2022-05-20,CCEP,47.76607126156374,48.82630811095427,47.45260916762471,48.595821380615234,1474700,0.0032073408142837
2022-05-23,CCEP,48.64192046438847,49.803575613086,48.64192046438847,49.60074615478516,1056400,0.0022975756670572
2022-05-24,CCEP,49.67450123634946,49.82201260347139,48.88162631921345,49.54542922973633,1635000,0.0035559790000366
2022-05-25,CCEP,49.08445646649642,49.33337904453708,48.42065354652542,48.90006637573242,1059900,0.0023051878545191
2022-05-26,CCEP,48.9646025142305,49.6929414404239,48.9646025142305,49.39791870117188,718600,0.0015628908314533
2022-05-27,CCEP,49.803575338459886,50.13547680768616,49.41635578537972,49.674503326416016,625400,0.0013601891538977
2022-05-31,CCEP,49.57308917078802,49.61918581605811,48.77099628885303,48.9830436706543,2384600,0.0051862920632949
2022-06-01,CCEP,48.71567779201617,49.43479529959876,47.784512904427146,49.1028938293457,1138600,0.0024763533268756
2022-06-02,CCEP,49.361039346427546,49.766694728459065,48.17172696578831,49.75747680664063,556000,0.0012092503510827
2022-06-03,CCEP,49.361041411275465,49.60074607501484,48.9369466509181,49.26884460449219,670100,0.0014574076623391
2022-06-06,CCEP,49.90498634099245,50.36595978784491,49.692938977474114,50.00640106201172,597600,0.0012997266363436
2022-06-07,CCEP,49.2411855293964,49.99718173277112,48.78942998496593,49.683719635009766,825100,0.001794518821364
2022-06-08,CCEP,49.32416265167365,50.02484079795968,49.01991846493923,49.72060012817383,1148400,0.0024976674517688
2022-06-09,CCEP,49.64684064312877,50.33830083880994,49.32416062525693,49.75747680664063,1197800,0.0026051080405161
2022-06-10,CCEP,48.86319023397026,49.27806708085596,48.46675274882933,48.62348556518555,1390000,0.0030231258777069
2022-06-13,CCEP,47.15758252055669,47.64621322290069,46.5398763056981,46.81645965576172,1658400,0.0036068719104958
2022-06-14,CCEP,46.8809991541347,47.04694987995398,46.364711133317705,46.72426986694336,754900,0.0016418400899863
2022-06-15,CCEP,47.360412230817246,47.98733641691485,46.76114884380669,47.10226821899414,1252000,0.0027229882006396
2022-06-16,CCEP,45.9590509444356,46.051247743373295,45.33212677945233,45.82997894287109,937200,0.0020383263112136
2022-06-17,CCEP,46.18031733882707,47.48948016299727,46.14343862117346,46.89021682739258,1737200,0.0037782548739226
2022-06-21,CCEP,47.30510191017552,47.75685397139164,47.037736435689176,47.69231796264648,1132400,0.0024628688805146
2022-06-22,CCEP,47.25899944162104,47.5263649030674,47.04695206366485,47.185245513916016,1126200,0.0024493844341536
2022-06-23,CCEP,47.02851177491281,47.49870668293382,46.4200269363168,47.0008544921875,1022000,0.0022227587388608
2022-06-24,CCEP,47.41573408571056,48.90006930572375,47.29587999199028,48.881629943847656,1596900,0.0034731149022375
2022-06-27,CCEP,48.88162497419496,49.241183701851824,48.48518752653526,48.93694305419922,708300,0.0015404892512085
2022-06-28,CCEP,49.10289388816746,49.361041430311616,48.0795357095927,48.10719299316406,1135300,0.0024691761215544
2022-06-29,CCEP,47.63699743311287,48.48519045974976,47.48948606112583,48.46675109863281,565100,0.0012290420384836
2022-06-30,CCEP,47.719974049124005,47.7568527723235,46.81646643242813,47.58168411254883,1461200,0.003177979519788
2022-07-01,CCEP,47.08382717278151,49.17664702541824,47.08382717278151,49.13055038452149,1197100,0.0026035856030237
2022-07-05,CCEP,47.95968270402473,48.06109743534511,46.85334561581399,47.719974517822266,923200,0.0020078775613662
2022-07-06,CCEP,47.80294949955323,48.125633052677394,47.20368607280598,47.29587936401367,882400,0.001919141204668
2022-07-07,CCEP,47.517146423580606,48.024216540306,47.29587760916395,47.87670516967773,702500,0.0015278747691288
2022-07-08,CCEP,48.12563138221656,48.52206885115665,47.489485737339045,47.75685119628906,946200,0.0020579005075441
2022-07-11,CCEP,47.52635914832548,47.69230986175327,46.71504494011717,46.81645965576172,647900,0.0014091246447239
2022-07-12,CCEP,46.88100043436623,47.102269247150495,45.83920292565477,46.00515365600586,1439800,0.0031314364307356
2022-07-13,CCEP,46.106562359924446,46.33704908211691,45.21227626934249,45.99592971801758,1683800,0.0036621146423618
2022-07-14,CCEP,45.378229209780336,45.645591147717546,44.52081827993905,45.62715530395508,774100,0.0016835983754913
2022-07-15,CCEP,45.74700503348663,45.96827384100792,45.42432501933932,45.77466583251953,810700,0.0017632001072352
2022-07-18,CCEP,46.01436970138897,46.74270859745483,45.43354216884737,45.63637161254883,1022400,0.0022236287031421
2022-07-19,CCEP,46.75192864156063,47.56324293625203,46.622856632235546,47.37885284423828,914100,0.0019880858739654
2022-07-20,CCEP,46.982414949295695,47.49870649884069,46.226418744180656,46.33705139160156,830900,0.0018071333034436
2022-07-21,CCEP,46.49378216803736,47.98733515228696,46.49378216803736,47.82138442993164,1522800,0.0033119540191166
2022-07-22,CCEP,47.81216802629213,47.92280067239173,47.08382911249392,47.48026657104492,712200,0.0015489714029517
2022-07-25,CCEP,47.784510151413926,48.51284553923142,47.59089862695515,48.4575309753418,697200,0.0015163477424009
2022-07-26,CCEP,48.18094528386022,48.623482907650335,47.858265263334566,48.56816482543945,1384600,0.0030113813599086
2022-07-27,CCEP,48.55894187512574,49.139769410941234,48.16250794094032,48.90928268432617,822600,0.0017890815446055
2022-07-28,CCEP,48.90007089604065,49.748260468233575,48.80787408366178,49.58230972290039,620100,0.0013486621271698
2022-07-29,CCEP,49.42557582181971,50.006403376482055,49.29650381343885,49.89576721191406,652200,0.0014184767607485
2022-08-01,CCEP,49.85889273469737,50.61488895219839,49.526991270048434,49.86811065673828,591800,0.001287112154264
2022-08-02,CCEP,49.83123075051572,49.83123075051572,49.24118527936068,49.30572128295898,793200,0.001725139169926
2022-08-03,CCEP,50.29220250944402,50.338299150887394,49.49932761560421,50.05249786376953,1406000,0.0030579244489611
2022-08-04,CCEP,49.038356981542805,49.30572244098583,48.07953482687056,49.25040435791016,1390500,0.0030242133330586
2022-08-05,CCEP,48.7433289758448,48.79864705294736,47.62777413138739,47.9320182800293,1673100,0.0036388430978356
2022-08-08,CCEP,48.57738224072487,48.82630833265511,47.45260938308813,47.81216812133789,1442100,0.0031364387253533
2022-08-09,CCEP,48.19938361922711,48.660357076999205,47.53558423156018,48.05187225341797,1788500,0.0038898277930064
2022-08-10,CCEP,48.66035947138713,49.23196911935406,48.40221544775597,48.72489547729492,1695500,0.0036875610975914
2022-08-11,CCEP,48.688018215276976,49.674501140427786,48.64191805561981,49.21352767944336,2209700,0.0048059001812727
2022-08-12,CCEP,49.692937752751135,50.29220110872102,49.37947567593906,50.27376174926758,1152300,0.002506149603512
2022-08-15,CCEP,50.024840430913706,50.8914728229268,49.80357513031994,50.62410736083984,1022400,0.0022236287031421
2022-08-16,CCEP,50.48581617239142,51.07586520662656,50.45815888781509,50.96522903442383,713500,0.0015517987868661
2022-08-17,CCEP,50.36596406387979,50.51347543871825,49.61918575047647,49.97874450683594,1047300,0.0022777839796564
2022-08-18,CCEP,50.02484288951173,50.144696984777205,49.61918747385384,49.84967422485352,945300,0.002055943087911
2022-08-19,CCEP,49.42557734068007,50.06171948022675,49.32416261185048,49.554649353027344,1098800,0.0023897918808808
2022-08-22,CCEP,48.67879595159729,48.7986500341676,47.36041159416885,47.91358184814453,1585600,0.0034485384112893
2022-08-23,CCEP,48.10718939098834,48.57738076123734,47.91358138658865,48.31923675537109,1189700,0.0025874912638186
2022-08-24,CCEP,48.04265798985488,48.74333615156325,47.74763523577254,48.00577926635742,930300,0.0020233194273602
2022-08-25,CCEP,47.932023772332414,48.26392172213402,46.779590077754726,47.01929473876953,1540600,0.0033506674296369
2022-08-26,CCEP,47.10226607775736,47.37884943741575,45.50729840288085,45.52573776245117,1081900,0.0023530358899936
2022-08-29,CCEP,45.29525182093425,45.608713905115216,44.5300342118946,44.760520935058594,3729700,0.0081117644504199
2022-08-30,CCEP,45.17539975890868,45.65481258654723,44.6130115665452,45.62715530395508,1791700,0.0038967875072572
2022-08-31,CCEP,45.67325334026226,46.36471356174281,45.08320784731064,45.332130432128906,3186400,0.0069301354652701
2022-09-01,CCEP,44.79739938559925,44.79739938559925,43.71871969886151,44.38252258300781,2423900,0.005271766053938
2022-09-02,CCEP,44.41018133236595,45.43354297360699,43.65418514129477,43.87545394897461,1853400,0.0040309794976561
2022-09-06,CCEP,44.06906165776777,44.09672245663229,42.61238736669328,42.8797492980957,2259600,0.0049144282253716
2022-09-07,CCEP,42.91663027658885,44.31799007756075,42.833654909526416,44.29033279418945,1999100,0.0043478639871395
2022-09-08,CCEP,43.69106788154022,44.39174957286377,43.11946172479111,44.253456115722656,2019600,0.0043924496565589
2022-09-09,CCEP,44.65910754541163,45.894516559075264,44.465499536250135,45.820762634277344,1805200,0.0039261488017529
2022-09-12,CCEP,46.07890628615085,46.58597638487205,46.03280964389408,46.106563568115234,1336700,0.0029072031372164
2022-09-13,CCEP,45.17539853340277,45.33212781977121,44.22579434271594,44.447059631347656,1250100,0.0027188558703032
2022-09-14,CCEP,44.493158117680025,44.50237955664179,43.56199324860631,44.19813537597656,1200600,0.0026111977904855
2022-09-15,CCEP,43.84779955707847,44.11516150792298,43.47901935895354,43.69106674194336,1906600,0.0041466847470763
2022-09-16,CCEP,43.248530231673726,43.69106433487395,42.93506813562168,43.46979904174805,1519400,0.0033045593227251
2022-09-19,CCEP,43.16555641134405,43.90311327639005,43.05492376082429,43.83857727050781,977000,0.0021248877572084
2022-09-20,CCEP,43.38682640998229,43.54355570940452,42.79677738494042,43.23931503295898,973500,0.0021172755697465
2022-09-21,CCEP,43.28541164229513,44.07828661198154,43.06414281847272,43.0733642578125,1228600,0.0026720952901804
2022-09-22,CCEP,43.23009376202744,43.40526594082724,42.4187794267642,42.66770553588867,879200,0.0019121814904172
2022-09-23,CCEP,41.84716740841539,41.93014276648484,40.65785511506927,41.09117126464844,1798300,0.0039111419178995
2022-09-26,CCEP,41.17414744989595,41.45073081003456,40.27063993107075,40.49190521240234,1530900,0.003329570795814
2022-09-27,CCEP,40.89756139879146,41.05429066967656,39.30259382609082,40.058589935302734,1930800,0.0041993175860982
2022-09-28,CCEP,40.077032171249606,40.46424817437846,39.440886570468976,40.325958251953125,1829500,0.0039789991318452
2022-09-29,CCEP,39.92952191447048,40.01249727699909,38.53738011170677,39.65293502807617,2040100,0.0044370353259784
2022-09-30,CCEP,39.91108319060236,40.20610592497508,39.22884091927266,39.29337692260742,2060800,0.0044820559775384
2022-10-03,CCEP,39.71747494924154,40.67629707189351,39.33025541454016,40.528785705566406,1049300,0.0022821338010632
2022-10-04,CCEP,41.51526972555777,42.64926404362404,41.51526972555777,42.3726806640625,1593000,0.0034646327504943
2022-10-05,CCEP,42.37268158973896,42.82443714921907,41.78263609593123,42.557071685791016,1377800,0.0029965919671256
2022-10-06,CCEP,42.08688077436444,42.18829198727842,41.34932038152696,41.53371047973633,861000,0.0018725981156156
2022-10-07,CCEP,41.515268822463376,41.53370818295949,40.94366271487738,41.19258880615234,2012300,0.0043765728084242
2022-10-10,CCEP,41.37697595376067,41.70887738520779,40.91600252496148,41.21102523803711,635200,0.0013815032787909
2022-10-11,CCEP,40.97131999714735,41.72731619274611,40.6302006203402,41.19258880615234,1022000,0.0022227587388608
2022-10-12,CCEP,41.43229375838568,42.06843939078355,41.14649246099968,41.73653793334961,824500,0.001793213874942
2022-10-13,CCEP,40.61176357664084,42.59395098119703,40.25220481882567,42.48331832885742,1189700,0.0025874912638186
2022-10-14,CCEP,42.72302370681387,43.21165448665685,41.66278326030509,41.67200469970703,1049900,0.0022834387474852
2022-10-17,CCEP,42.427999189215306,43.22087413132247,42.427999189215306,42.96272659301758,1036000,0.0022532074887082
2022-10-18,CCEP,43.54355080838717,43.820134169556624,42.538628566477854,42.72301864624024,1384100,0.0030102939045569
2022-10-19,CCEP,42.45565413344615,42.52941157374088,41.18336642394853,41.45995330810547,1235000,0.002686014718682
2022-10-20,CCEP,41.441512894572895,41.6996568951457,40.71317401644448,40.943660736083984,937600,0.0020391962754949
2022-10-21,CCEP,40.97132053818354,42.11453628540039,40.64864051761145,42.11453628540039,896900,0.0019506774098671
2022-10-24,CCEP,42.38190417240992,43.1379004213679,42.142195985989886,43.11946105957031,1168300,0.0025409481747662
2022-10-25,CCEP,43.2761866910899,43.589648781180806,42.72301995184635,43.16555404663086,1969700,0.00428392161246
2022-10-26,CCEP,43.0088247009893,43.875453529133495,42.944288698731135,43.451358795166016,1092000,0.0023750024880978
2022-10-27,CCEP,43.54355351671497,43.6173109599868,42.7322392254672,42.77833938598633,1082300,0.0023539058542749
2022-10-28,CCEP,43.22087777374331,43.847802035827,43.036487664257145,43.53433990478516,1292300,0.0028106371019861
2022-10-31,CCEP,43.4974595324023,43.93999366824261,43.19321533572846,43.37760543823242,978500,0.0021281501232634
2022-11-01,CCEP,43.97686683891923,44.24423227794076,43.20243131975399,43.67262268066406,898300,0.0019537222848519
2022-11-02,CCEP,43.691063453209225,44.3087697110299,42.97194598963885,42.999603271484375,1314400,0.0028587026285309
2022-11-03,CCEP,42.66770420858229,43.884673915145335,42.17907344491717,43.83857727050781,1452600,0.0031592752877389
2022-11-04,CCEP,44.74208398490315,45.21227889497264,43.939991129838624,44.43784332275391,1422000,0.0030927230202153
2022-11-07,CCEP,44.908037460003925,45.73779116556527,44.6775507103423,45.53496170043945,1759900,0.0038276253468895
2022-11-08,CCEP,46.02358840517696,46.16188184949631,45.17539892973351,45.77466583251953,1555700,0.003383508581258
2022-11-09,CCEP,45.91295752427488,46.04202953489391,45.14774338262704,45.19384002685547,1016600,0.0022110142210625
2022-11-10,CCEP,46.6228569537906,47.08383042853003,46.42002749948172,46.92710113525391,981200,0.0021340223821626
2022-11-11,CCEP,47.01929010738613,47.77528625520785,46.83490003102634,47.61855697631836,1087500,0.0023652153899326
2022-11-14,CCEP,47.61856001638073,47.92280067239173,47.36041248621712,47.48026657104492,959000,0.0020857393645474
2022-11-15,CCEP,47.52636437278893,49.093674884704406,47.13914834352373,47.424949645996094,1962200,0.0042676097821846
2022-11-16,CCEP,47.5724608582259,47.756850950239645,46.81646464622317,47.37885284423828,1134000,0.00246634873764
2022-11-17,CCEP,46.96423937136611,47.79346450546507,46.92654650286393,47.75577163696289,1254500,0.0027284254773981
2022-11-18,CCEP,47.93481055318142,48.23634633204027,47.42597117297587,47.85942840576172,1322900,0.0028771893695097
2022-11-21,CCEP,47.49193275301387,48.36827224937305,47.32231842503531,48.23634719848633,753600,0.0016390127060719
2022-11-22,CCEP,48.46249928206076,49.09383868686,48.292884959513806,49.06557083129883,974500,0.0021194504804499
2022-11-23,CCEP,49.21633562074453,49.84767858039461,49.21633562074453,49.659217834472656,587400,0.0012775425471691
2022-11-25,CCEP,49.5932581483216,49.838254606923954,49.38595096401895,49.70633316040039,330000,0.0007177205321174
2022-11-28,CCEP,49.37652969360352,50.20575124414532,49.319990390098006,49.37652969360352,770100,0.0016748987326777
2022-11-29,CCEP,49.235181950038935,49.40479626154883,48.53787826998828,48.59441757202149,632400,0.0013754135288214
2022-11-30,CCEP,48.64153197584432,50.19632863686588,48.255189064169656,50.02671432495117,3768700,0.0081965859678519
2022-12-01,CCEP,50.22459793321282,50.92190163495575,50.01729434182156,50.59209442138672,1176600,0.0025589999336043
2022-12-02,CCEP,50.35651898878993,51.07266911955514,50.26229041112653,50.80882263183594,674500,0.001466977269434
2022-12-05,CCEP,50.39421032006217,50.39421032006217,49.75344594665055,50.168060302734375,780200,0.0016968653307819
2022-12-06,CCEP,50.06440958344181,50.21517746849904,48.86768792316696,49.46133804321289,795800,0.0017307939377548
2022-12-07,CCEP,49.47075796110263,49.941908036922655,49.2446043430895,49.30114364624024,1175000,0.0025555200764789
2022-12-08,CCEP,49.433068153449,50.51671483277516,49.301146699184606,50.06441116333008,1635000,0.0035559790000366
2022-12-09,CCEP,50.11152831653231,50.931328539554364,49.97960685473453,50.78998565673828,1032800,0.0022462477744573
2022-12-12,CCEP,50.4978626868264,51.223434197821554,50.27170908038274,51.11035919189453,907800,0.001974383936534
2022-12-13,CCEP,51.892472775770486,52.35420146472688,51.33651550274466,51.35536193847656,1812600,0.003942243140958
2022-12-14,CCEP,51.59093530058322,52.250546151198165,51.38362810892396,51.779396057128906,988600,0.0021501167213677
2022-12-15,CCEP,51.13863529246407,51.374210356316624,50.30941006121781,50.67690658569336,1068000,0.0023228046312165
2022-12-16,CCEP,50.3847948215678,51.09151999930249,50.14921976232289,50.959598541259766,1210900,0.0026335993707304
2022-12-19,CCEP,50.91247836552047,51.53439635019182,50.601521170479785,50.86536407470703,1073300,0.0023343316579445
2022-12-20,CCEP,50.93132050318053,51.32708842071649,50.49786331292802,51.00670623779297,1170900,0.002546602942595
2022-12-21,CCEP,51.39305257488772,52.27881344822543,51.29882040032631,51.95843124389648,1178600,0.002563349755011
2022-12-22,CCEP,51.82650836101356,51.85477621530537,51.091515392707926,51.76054763793945,651800,0.0014176067964671
2022-12-23,CCEP,51.74170516881199,51.93016593257647,51.468437241083,51.79824447631836,485100,0.0010550491822126
2022-12-27,CCEP,51.98669711289284,52.07150426946321,51.63804706681011,51.93958282470703,467900,0.0010176407181144
2022-12-28,CCEP,51.88304979781008,52.40131418381521,51.798242636857246,52.18458557128906,918000,0.0019965680257086
2022-12-29,CCEP,52.01497030426293,52.66515613002738,51.7605488260273,52.212852478027344,814100,0.0017705948036267
2022-12-30,CCEP,52.05266198543405,52.25996557458219,51.76054764422056,52.12804412841797,818000,0.0017790769553699
2023-01-03,CCEP,52.23169916606305,52.45784919586446,50.85594176856972,51.22343826293945,1201800,0.0026138076833296
2023-01-04,CCEP,51.94900737242399,52.68400032637134,51.5061251593584,52.44842529296875,1483400,0.0032262625374032
2023-01-05,CCEP,52.24112435274749,53.174003178060026,52.21285649563172,52.69342803955078,1530400,0.0033284833404624
2023-01-06,CCEP,52.95726848555273,53.67341500896247,52.787654173110205,53.55091857910156,749600,0.0016303130632583
2023-01-09,CCEP,53.53206997632879,54.00322002634002,53.00438062626394,53.12688064575195,970500,0.0021107508376364
2023-01-10,CCEP,52.92900340427461,53.04208202256579,52.56150688130375,52.76881408691406,1103800,0.0024006664343978
2023-01-11,CCEP,52.79707717895508,52.966691496493006,52.401312834426506,52.79707717895508,964600,0.0020979188644864
2023-01-12,CCEP,53.08918600958553,53.42841460942146,52.561496677108586,52.85361099243164,1701200,0.0036999580886007
2023-01-13,CCEP,52.74996556505231,53.07977279681064,52.61804411018499,53.04207992553711,1110500,0.0024152383361104
2023-01-17,CCEP,53.18342001796445,54.314180934870016,53.145730743253154,53.82418441772461,1430900,0.0031120797254754
2023-01-18,CCEP,53.71110884159045,53.73937669597517,52.8441944242872,52.90073013305664,1666800,0.0036251411604042
2023-01-19,CCEP,52.79707757708531,53.060924070017165,52.514388243920365,52.58034896850586,945200,0.0020557255968407
2023-01-20,CCEP,52.806503390374914,52.806503390374914,52.22227468579696,52.51438903808594,865300,0.0018819502316401
2023-01-23,CCEP,52.57092355166286,52.72169142419463,52.02438776711666,52.17515563964844,694100,0.0015096055192204
2023-01-24,CCEP,52.21285208085119,52.41073425311034,51.75112341765664,52.06208419799805,688300,0.0014969910371407
2023-01-25,CCEP,52.005545980896486,52.82534973097272,51.864203109724336,52.80650329589844,704300,0.0015317896083949
2023-01-26,CCEP,52.68400534924361,52.74054465670297,52.156315930059804,52.53323745727539,778800,0.0016938204557972
2023-01-27,CCEP,52.18458766163695,52.27881624665238,51.73228398330063,51.911319732666016,714300,0.0015535387154288
2023-01-30,CCEP,51.79824051300742,52.3918870207464,51.62862619805634,52.12804412841797,1149600,0.0025002773446128
2023-01-31,CCEP,52.269394823761154,53.070348580128616,52.17516264415962,52.97611999511719,1760100,0.0038280603290302
2023-02-01,CCEP,52.87246361730901,53.55092089643834,52.32592778810152,53.39072799682617,1155000,0.0025120218624111
2023-02-02,CCEP,53.098616436714025,53.42842367343424,52.77823421524902,52.97611999511719,1233500,0.002682752352627
2023-02-03,CCEP,52.89130895333885,52.90073037331327,52.23169812284423,52.64630889892578,651300,0.0014165193411155
2023-02-06,CCEP,52.27881040552053,52.44842471526934,51.80766034390489,51.8924674987793,1050900,0.0022856136581886
2023-02-07,CCEP,51.44959003008598,51.82651155193607,51.10093995885816,51.496707916259766,1367500,0.0029741903868807
2023-02-08,CCEP,51.36478308611893,52.76881198666958,51.36478308611893,51.97727966308594,1535400,0.0033393578939793
2023-02-09,CCEP,52.47669738631463,52.702851018271616,51.741704372987,51.86420440673828,770200,0.0016751162237481
2023-02-10,CCEP,51.807661122229206,51.86420042452479,51.30824319968241,51.45901107788086,934500,0.0020324540523145
2023-02-13,CCEP,51.76054984304738,52.78765719628799,51.76054984304738,52.6274642944336,1220100,0.0026536085492016
2023-02-14,CCEP,52.98553784219839,53.6639951112108,52.59919491836408,52.72169494628906,1506300,0.0032760679925107
2023-02-15,CCEP,53.00438659638804,53.40957597260319,52.53323649330903,52.92900085449219,1599600,0.0034789871611367
2023-02-16,CCEP,52.43900187619318,53.824180575526974,51.92073394677313,53.45668411254883,1383200,0.0030083364849239
2023-02-17,CCEP,52.82534917809616,53.2682278166416,52.40131337983783,52.985538482666016,1375100,0.0029907197082265
2023-02-21,CCEP,52.31650761328964,52.59919695479278,51.33651454112809,51.75112533569336,1227000,0.0026686154330549
2023-02-22,CCEP,51.70400546918916,52.09034836632095,51.374201872097245,51.73227691650391,1449700,0.0031529680466991
2023-02-23,CCEP,51.91131622932199,52.89130926354216,51.81708765066576,52.72169494628906,1235800,0.0026877546472447
2023-02-24,CCEP,52.27881090437257,52.74053955078125,51.82650727225637,52.74053955078125,922600,0.0020065726149442
2023-02-27,CCEP,52.82534822974837,53.21169115131682,52.476694582667456,52.64630889892578,708100,0.0015400542690678
2023-02-28,CCEP,52.63688626183536,52.64630768159193,51.7605468462941,51.826507568359375,1184600,0.0025763992192314
2023-03-01,CCEP,52.22227334419318,52.40131267582457,51.08209100887576,51.65689468383789,1514300,0.0032934672781378
2023-03-02,CCEP,51.64747161723585,52.54265386849389,51.64747161723585,52.44842529296875,596500,0.0012973342345699
2023-03-03,CCEP,52.5426574390106,52.844196809279474,52.146893081403306,52.70285034179688,585000,0.0012723227614809
2023-03-06,CCEP,52.52381554450309,52.97611921616959,52.48612267321671,52.674583435058594,677600,0.0014737194926145
2023-03-07,CCEP,52.589770117991925,52.589770117991925,51.60035213274959,51.84535217285156,752700,0.0016370552864388
2023-03-08,CCEP,51.91131264141242,52.25054125247246,51.46843044424076,51.73227691650391,645200,0.0014032523858248
2023-03-09,CCEP,51.61920100767538,51.75112245339009,50.81824731892765,50.98786163330078,967700,0.0021046610876669
2023-03-10,CCEP,51.034977600051256,51.45901339992799,50.44132748022383,50.93132400512695,1318100,0.0028667497981334
2023-03-13,CCEP,50.63920780532554,52.2316936440992,50.52612920778965,52.01496505737305,2419800,0.0052628489200541
2023-03-14,CCEP,52.37304576319026,53.249381624126194,52.12804570326372,53.09861373901367,2012700,0.0043774427727056
2023-03-15,CCEP,51.90189348176162,52.61804000716522,51.590932709887966,52.59919357299805,2389500,0.0051969491257415
2023-03-16,CCEP,52.53323489149351,53.466113648764704,51.98669906318334,53.31534576416016,1648600,0.0035855577856026
2023-03-17,CCEP,53.03265571054624,53.03265571054624,51.76055183988725,51.911319732666016,2223100,0.004835043984698
2023-03-20,CCEP,52.589772073770845,53.079768577607794,52.28823631673115,52.89130783081055,1050800,0.0022853961671183
2023-03-21,CCEP,53.07034397337964,53.58860833513499,53.00438325067932,53.40957260131836,1191900,0.0025922760673661
2023-03-22,CCEP,53.51322986186351,54.19168356967111,53.343615536264096,53.371883392333984,1030500,0.0022412454798395
2023-03-23,CCEP,53.6074575593554,53.80533973775493,53.07034673536241,53.36246109008789,1213400,0.0026390366474889
2023-03-24,CCEP,53.30592107739843,53.68284258852389,52.77823168074077,53.50380325317383,885600,0.0019261009189189
2023-03-27,CCEP,53.65457159103461,54.15399313667464,53.65457159103461,53.98437881469727,1042300,0.0022669094261395
2023-03-28,CCEP,53.76765148597708,54.13514799417339,53.57919072432537,53.77707290649414,736800,0.001602474206255
2023-03-29,CCEP,54.3801417269359,54.59687033380409,54.21052740945822,54.52148818969727,652200,0.0014184767607485
2023-03-30,CCEP,54.87014117749117,55.17167695921521,54.6722589947204,54.87956619262695,972800,0.0021157531322541
2023-03-31,CCEP,55.35071752471512,55.80302120730176,55.13398530688077,55.774749755859375,1155000,0.0025120218624111
2023-04-03,CCEP,55.63340219587967,56.17051299841938,55.4826343143701,56.13282012939453,941200,0.0020470259540271
2023-04-04,CCEP,56.09513320493781,56.31186183291334,55.19995083556637,55.49206161499024,947700,0.0020611628735992
2023-04-05,CCEP,55.67109738886281,55.88782600291817,55.12456154895713,55.23763656616211,932500,0.0020281042309077
2023-04-06,CCEP,55.38840491352807,55.59571210894889,55.02090840862027,55.35071563720703,729200,0.0015859448849092
2023-04-10,CCEP,54.98321365393703,55.43552090019329,54.8135993352384,55.4072494506836,456300,0.0009924117539551
2023-04-11,CCEP,55.32244078221081,55.991473024055125,55.18109791687753,55.86897659301758,963200,0.0020948739895016
2023-04-12,CCEP,55.69936434412983,56.27416803039749,55.56744289375823,55.96320724487305,724500,0.0015757228046033
2023-04-13,CCEP,56.26474085610217,56.67935522088806,55.91609080856023,56.528587341308594,1004200,0.0021840453283405
2023-04-14,CCEP,56.69819870074978,56.71704513523373,56.2835879258723,56.42493438720703,707700,0.0015391843047864
2023-04-17,CCEP,56.53801098655632,56.6605110168457,56.32128237579198,56.6605110168457,679100,0.0014769818586696
2023-04-18,CCEP,56.6699281256122,57.64992110418961,56.52858526565312,57.57453536987305,1123400,0.0024432946841841
2023-04-19,CCEP,57.555696410435424,57.73473214962072,57.29184991713248,57.53684997558594,883500,0.0019215336064418
2023-04-20,CCEP,57.04685102179386,58.27184047807942,57.04685102179386,58.0268440246582,995000,0.0021640361498693
2023-04-21,CCEP,58.41318727501021,58.83721946244576,58.07395864938995,58.21530151367188,1062000,0.0023097551669962
2023-04-24,CCEP,58.290686538036,58.790104455991305,58.25299367018548,58.61106872558594,1275100,0.0027732286378878
2023-04-25,CCEP,58.7618429895533,60.09048617168904,58.7618429895533,59.62875747680664,1076800,0.0023419438454063
2023-04-26,CCEP,59.91144577629324,60.4202887243594,59.80779218376978,60.31663513183594,1107600,0.0024089310950706
2023-04-27,CCEP,60.39201020046131,60.84431741351463,60.0339387491294,60.75951385498047,1215000,0.0026425165046143
2023-04-28,CCEP,60.07163429745905,60.88201299801796,59.902019983640216,60.750091552734375,1353500,0.0029437416370333
2023-05-01,CCEP,60.78778616284482,61.62643274153757,60.721825438313246,61.02336120605469,592300,0.0012881996096157
2023-05-02,CCEP,60.59932870060452,61.56989683864501,60.25067860352235,61.4945182800293,2155800,0.0046886724943601
2023-05-03,CCEP,61.74893157956715,62.53104247887184,61.60758511030316,61.67354583740234,1273800,0.0027704012539734
2023-05-04,CCEP,61.90912148137806,62.52161806125492,61.80546788220597,62.19181442260742,979300,0.0021298900518262
2023-05-05,CCEP,61.70181658429797,62.05046303645751,61.48508438796728,61.81488800048828,1279000,0.002781710789631
2023-05-08,CCEP,61.87143887304845,61.96566746174638,61.42855659806965,61.52278518676758,657100,0.0014291338231951
2023-05-09,CCEP,61.37201614095822,62.22008785142077,61.32490543932078,62.09759140014648,1381600,0.0030048566277985
2023-05-10,CCEP,62.03162401174518,62.49334909767053,61.79604896128816,62.18238830566406,1038900,0.002259514729748
2023-05-11,CCEP,62.29675013830823,62.84947696015894,61.791661023627455,62.82088851928711,1326100,0.0028841490837605
2023-05-12,CCEP,62.71605880392488,62.83041983705773,62.00131870594715,62.42063522338867,1045900,0.0022747391046717
2023-05-15,CCEP,62.68747437029644,63.07820247210811,62.41110730892756,63.01149368286133,1074900,0.0023378115150699
2023-05-16,CCEP,62.839954994410654,63.64999235991653,62.754182397442015,63.55469512939453,1266000,0.002753436950487
2023-05-17,CCEP,63.402211043993326,63.459387925729104,62.66841440243898,63.17349624633789,1036000,0.0022532074887082
2023-05-18,CCEP,62.84948041925416,62.93525301730269,62.20144906454807,62.65888595581055,844100,0.0018358421247283
2023-05-19,CCEP,63.01149090507164,63.2020853600281,62.33487113805007,62.66841506958008,1093600,0.0023784823452232
2023-05-22,CCEP,62.859009774367614,63.02101578879574,61.439061448374936,61.68684005737305,1518500,0.0033026019030921
2023-05-23,CCEP,61.49623731745599,61.562946102927725,61.00068737833912,61.32469940185547,1035000,0.0022510325780048
2023-05-24,CCEP,61.06739480610359,61.210344277711215,60.37171125532628,60.87679672241211,803700,0.0017479757323115
2023-05-25,CCEP,60.49560325234893,60.77197030425616,59.75227469170102,59.96192932128906,1298100,0.0028232515840657
2023-05-26,CCEP,60.17158784236285,60.390774376939305,59.6950944275385,59.92381286621094,996500,0.0021672985159244
2023-05-30,CCEP,59.494968614274015,59.76180376572157,59.04706363689594,59.142364501953125,1142300,0.0024844004964781
2023-05-31,CCEP,58.91364593858258,59.70462675780807,58.47527286630056,59.45684814453125,3245700,0.0070591076699809
2023-06-01,CCEP,59.6855647738713,60.0572290471533,59.371077382413496,59.75227355957031,939600,0.0020435460969017
2023-06-02,CCEP,59.64744398334105,60.60995905220272,59.51402641294004,60.495601654052734,668000,0.001452840349862
2023-06-05,CCEP,60.15252691791859,60.57184344435265,60.0953500354821,60.46701431274414,777100,0.0016901231076014
2023-06-06,CCEP,60.46701195315382,60.46701195315382,59.19000952179867,59.38060760498047,834700,0.0018153979641165
2023-06-07,CCEP,59.6093230619936,60.10487662965622,59.6093230619936,59.74274063110352,882900,0.0019202286600197
2023-06-08,CCEP,59.71415298250884,60.752908744096665,59.62838402474999,60.733848571777344,738400,0.0016059540633804
2023-06-09,CCEP,60.42889308538057,60.8482059703371,60.40030464457967,60.733848571777344,845900,0.0018397569639944
2023-06-12,CCEP,60.85774006746463,61.78213846380767,60.61949335792107,61.62013244628906,1183600,0.002574224308528
2023-06-13,CCEP,61.906022443491295,62.23004174038599,61.2865795614642,61.7630729675293,1624800,0.003533794910862
2023-06-14,CCEP,61.77260776166769,62.95430942819913,61.76307585730095,62.38251876831055,1169000,0.0025424706122585
2023-06-15,CCEP,62.74464701997303,63.297381105401904,62.49687568847366,62.53499603271485,990600,0.0021544665427744
2023-06-16,CCEP,62.67793979115395,62.83042117190392,61.98226348594136,62.27768707275391,1962500,0.0042682622553956
2023-06-20,CCEP,62.19191653857981,62.42063131983027,61.753543511719855,62.106143951416016,1897200,0.0041262405864644
2023-06-21,CCEP,61.70589659465947,61.98226364494344,61.55341521351835,61.68684005737305,904200,0.0019665542580018
2023-06-22,CCEP,61.68683556100427,62.8590051925591,61.55341072687494,62.74464416503906,965400,0.0020996587930491
2023-06-23,CCEP,62.53499574056143,62.62076106166924,61.96319785032719,61.98226165771485,683900,0.0014874214300458
2023-06-26,CCEP,61.80119266048092,61.80119266048092,60.953034988290334,61.04833221435547,957800,0.0020831294717034
2023-06-27,CCEP,61.14363575571767,61.75354671785896,60.94350576753824,61.70589447021485,811600,0.0017651575268683
2023-06-28,CCEP,61.3437624725873,61.59153380381298,60.581370130030166,61.00068664550781,813000,0.001768202401853
2023-06-29,CCEP,61.00068694394857,61.0959841695564,60.629019039223365,60.84820556640625,627900,0.0013656264306562
2023-06-30,CCEP,61.0769168534012,61.543885592265006,61.05786031765925,61.40093612670898,1211200,0.0026342518439414
2023-07-03,CCEP,61.34376574882922,61.8774360546941,61.01974644118797,61.78213882446289,546100,0.0011877187351192
2023-07-05,CCEP,61.505771595239246,62.620764454321865,61.419998998772265,62.37298583984375,1258200,0.0027364726470006
2023-07-06,CCEP,61.867902087670224,62.38251583861575,61.667775729643466,62.11568069458008,877100,0.0019076141779401
2023-07-07,CCEP,62.75418110512491,62.84947833368441,61.3151689605252,61.4581184387207,1339900,0.0029141628514673
2023-07-10,CCEP,61.73448364868708,61.97273034833204,61.07692043103908,61.16269302368164,895100,0.001946762570601
2023-07-11,CCEP,61.191283047036855,61.4676500982587,60.17158743701052,60.98162841796875,968800,0.0021070534894406
2023-07-12,CCEP,61.7440156966106,61.95367395610156,61.134104725752685,61.43906021118164,925200,0.002012227382773
2023-07-13,CCEP,61.86789664356628,62.67793390831266,61.64871376770083,62.61122512817383,1041200,0.0022645170243658
2023-07-14,CCEP,62.66841544752148,62.897130248991054,62.42063683801385,62.477813720703125,1083200,0.002355863273908
2023-07-17,CCEP,62.29675059093512,62.78276863071203,61.91555441154571,62.07756042480469,805300,0.0017514555894369
2023-07-18,CCEP,62.17285832939593,62.36346005652357,61.07692202822746,61.57247924804688,831300,0.001808003267725
2023-07-19,CCEP,61.94414219560442,62.04897132559243,61.45811689027024,61.71542739868164,897900,0.0019528523205705
2023-07-20,CCEP,61.72495597160583,62.125215980159055,61.667779086403705,61.991798400878906,793100,0.0017249216788556
2023-07-21,CCEP,62.20144793785541,62.34439741820516,61.72495451716468,61.85837936401367,997200,0.0021688209534168
2023-07-24,CCEP,61.84884607180117,61.84884607180117,60.99115647966342,61.68684005737305,771500,0.0016779436076625
2023-07-25,CCEP,61.77260625744383,62.14427054085665,61.6010683365831,61.93461227416992,783000,0.0017029550807514
2023-07-26,CCEP,61.56294852083794,61.629657308929694,61.048334753824726,61.50577163696289,1213300,0.0026388191564186
2023-07-27,CCEP,61.7630730594593,61.7630730594593,60.752909363725706,60.85773849487305,1080400,0.0023497735239385
2023-07-28,CCEP,60.93397616852232,61.10551772288824,60.71478963542244,60.98162841796875,1184200,0.00257552925495
2023-07-31,CCEP,60.3240668535501,60.81009218265323,60.19064927626103,60.40983581542969,908000,0.0019748189186747
2023-08-01,CCEP,60.219236667286346,60.61949302752326,59.76180342369864,60.16205978393555,1239300,0.0026953668347066
2023-08-02,CCEP,62.52546682220999,63.24020694841658,61.181751894999564,61.38188552856445,2028600,0.0044120238528894
2023-08-03,CCEP,60.95303506301337,61.35328777540498,60.32406391828644,61.01021194458008,1159800,0.0025224614337874
2023-08-04,CCEP,61.38188455996512,61.84884606591865,60.73384959624562,60.74338150024414,1223500,0.0026610032455931
2023-08-07,CCEP,60.83867678331467,62.02038200177794,60.76243609518848,61.98226165771485,1202300,0.0026148951386813
2023-08-08,CCEP,61.801191023203046,62.06802615740117,60.905384761712185,60.991153717041016,1089100,0.002368695247058
2023-08-09,CCEP,60.96256832092433,61.20081502702724,60.71478971077783,60.94350814819336,729600,0.0015868148491906
2023-08-10,CCEP,61.38188591028877,61.839315522306656,60.95303746947035,61.1912841796875,704500,0.0015322245905356
2023-08-11,CCEP,60.65761284454382,61.5438908823177,60.52419163539045,61.53435897827149,792200,0.0017229642592226
2023-08-14,CCEP,61.21034696336661,61.48670674436482,60.886327662125225,61.1817512512207,579100,0.001259490788331
2023-08-15,CCEP,61.03880922485889,61.105518011972,60.20970806727094,60.23829650878906,593100,0.0012899395381784
2023-08-16,CCEP,60.29547637359696,60.562311519156985,59.79992279230246,59.876163482666016,1020000,0.002218408917454
2023-08-17,CCEP,60.05722827706524,60.12393706190888,59.26624749198191,59.35201644897461,1050200,0.0022840912206962
2023-08-18,CCEP,59.24719125359317,59.74274485630294,58.94223574967276,59.62838745117188,519600,0.0011300836014795
2023-08-21,CCEP,59.79039354435945,59.8285102535607,59.04706136691488,59.2376594543457,743200,0.0016163936347567
2023-08-22,CCEP,59.008938373461646,59.885688082143886,58.74210324425035,59.79991912841797,860400,0.0018712931691935
2023-08-23,CCEP,59.83804584925872,60.24783049014317,59.60932740315907,59.90475463867188,879600,0.0019130514546985
2023-08-24,CCEP,60.02864207520653,60.70526185262912,59.8189838091041,59.88569259643555,739600,0.0016085639562245
2023-08-25,CCEP,60.20017443719611,60.571842343056815,59.866630511193584,60.495601654052734,614200,0.0013358301540198
2023-08-28,CCEP,60.50513549063477,60.590904450826095,59.73321484891276,59.88569259643555,962700,0.0020937865341499
2023-08-29,CCEP,60.0762887283306,61.21986997973817,60.02864011541464,61.12457275390625,982700,0.0021372847482177
2023-08-30,CCEP,61.305645120615495,61.82978351983266,61.305645120615495,61.58201217651367,1034200,0.0022492926494421
2023-08-31,CCEP,61.39140899920618,61.915554656781694,60.86726697698687,61.095985412597656,2354700,0.0051212622332637
2023-09-01,CCEP,60.81961690993049,61.095983952710846,59.14236175183541,59.39013671875,1198300,0.0026061954958678
2023-09-05,CCEP,59.14236278245244,59.21859983692539,58.69445781809672,59.047061920166016,1080300,0.0023495560328682
2023-09-06,CCEP,59.02800361628105,59.49496876787615,58.86599759829999,59.06612396240234,889300,0.0019341480885214
2023-09-07,CCEP,58.85646584130421,59.323430994067294,58.13219743996956,58.39903259277344,1362500,0.0029633158333638
2023-09-08,CCEP,58.34185665489807,58.62775198544645,58.15125855608036,58.446685791015625,813100,0.0017684198929234
2023-09-11,CCEP,58.44667984329479,59.6283813920694,58.40855950033922,59.44731521606445,943800,0.0020526807218559
2023-09-12,CCEP,58.83740784870552,59.275780913288514,58.58962923978037,58.85646438598633,901900,0.0019615519633841
2023-09-13,CCEP,58.703984846134645,59.26624719799635,58.675396405730936,59.15188980102539,888900,0.00193327812424
2023-09-14,CCEP,59.18047611308637,60.31453267973033,59.037530280852536,60.15252304077149,1322100,0.002875449440947
2023-09-15,CCEP,60.019106972106734,60.019106972106734,59.39966774627961,59.6569709777832,1712800,0.00372518705276
2023-09-18,CCEP,59.866632303028034,60.40983450469393,59.60932542297214,60.20017623901367,1084000,0.0023576032024707
2023-09-19,CCEP,60.143000865247245,60.343127231860976,59.86663380543418,60.05723190307617,789500,0.0017170920003234
2023-09-20,CCEP,60.371715065716096,61.2294046787832,60.26688956665794,61.11504364013672,2324800,0.0050562324032324
2023-09-21,CCEP,60.7433811472628,60.97209594691124,60.133466532369184,60.22876739501953,1394200,0.0030322605026611
2023-09-22,CCEP,60.21923832998769,60.895861762956464,60.11441282916483,60.53372573852539,1019000,0.0022162340067506
2023-09-25,CCEP,60.03817185683805,60.600434246625866,59.86663393213286,60.33359909057617,1570800,0.0034163497328792
2023-09-26,CCEP,59.79991927474611,59.904748400151625,59.32342589407085,59.72367858886719,1345200,0.0029256898781952
2023-09-27,CCEP,60.04769544308266,60.08581578679023,59.04706005057331,59.38060760498047,1254200,0.0027277730041871
2023-09-28,CCEP,59.56167700411167,60.305005569808976,59.42825942927946,59.84757232666016,1540600,0.0033506674296369
2023-09-29,CCEP,60.162056848510055,60.44795215738344,59.38060797442328,59.5426139831543,1242800,0.0027029790221684
2023-10-02,CCEP,59.21859974516522,59.21859974516522,57.74147091789828,58.1417236328125,1630100,0.00354532193759
2023-10-03,CCEP,57.37933501100935,57.9606575473073,56.674126806752575,56.88378143310547,1421800,0.0030922880380746
2023-10-04,CCEP,57.0553235181855,58.33232608348207,56.97908645813012,58.30373764038086,1390100,0.0030233433687773
2023-10-05,CCEP,57.74147369803097,58.170318509912896,55.7116106786941,55.76879119873047,1496500,0.0032547538676176
2023-10-06,CCEP,55.17793558181128,56.34057697221747,53.63409439290721,56.11186218261719,3490700,0.0075919607923105
2023-10-09,CCEP,55.616312283227934,55.806910377336784,54.329777874510384,54.89204025268555,1762200,0.0038326276415073
2023-10-10,CCEP,55.49242063450051,56.25480934340034,55.31135445218559,55.96891403198242,1520800,0.0033076041977098
2023-10-11,CCEP,55.94985286524539,56.054681992484895,55.05404660263194,55.68301773071289,1636500,0.0035592413660916
2023-10-12,CCEP,55.53054198189599,55.54007025046105,54.39648898413155,55.03498840332031,1467000,0.0031905940018677
2023-10-13,CCEP,54.70144468565935,55.31135566616561,54.53943503657451,55.27323532104492,1155300,0.0025126743356221
2023-10-16,CCEP,55.1684062522294,56.03562411024988,55.06357712070667,55.58772277832031,1028900,0.0022377656227141
2023-10-17,CCEP,55.5210103156133,56.331051290646016,55.435241356735865,55.86408615112305,1258900,0.002737995084493
2023-10-18,CCEP,55.83550014587608,56.073746860334445,55.092171560080025,55.10169982910156,1291200,0.0028082447002123
2023-10-19,CCEP,55.225586342120735,55.79737697372511,54.59661519321345,55.11122894287109,1313600,0.0028569626999682
2023-10-20,CCEP,54.95874665430205,55.320882653851214,54.26306673106032,54.43460464477539,1300300,0.0028280363876132
2023-10-23,CCEP,54.129649844550336,55.44477265450706,53.79610591664936,54.87298202514648,1485900,0.0032316998141617
2023-10-24,CCEP,55.53054593405134,56.22622592021118,55.2827673094508,55.9022102355957,1502100,0.0032669333675565
2023-10-25,CCEP,56.14045271847724,56.41681976530543,55.82596896219662,56.016563415527344,812600,0.0017673324375717
2023-10-26,CCEP,56.05468611685336,56.55023971412968,55.78785096268776,55.883148193359375,963700,0.0020959614448533
2023-10-27,CCEP,55.71161238622233,55.91173875944887,55.00640412760792,55.196998596191406,527000,0.0011461779406845
2023-10-30,CCEP,55.65443115951928,55.96891491644185,55.51148168387327,55.70207977294922,1072100,0.0023317217651004
2023-10-31,CCEP,55.87361548571485,56.12139044699108,55.25417262949024,55.759254455566406,1216000,0.0026446914153177
2023-11-01,CCEP,54.91109881697856,56.902841389586406,54.77768124561779,56.64553451538086,1894900,0.0041212382918467
2023-11-02,CCEP,56.88378185953921,57.398395613761416,56.17857364999579,57.36027526855469,1947800,0.0042362910680558
2023-11-03,CCEP,57.998777615098135,58.532447900016805,57.62711334228516,57.62711334228516,1411700,0.0030703214399704
2023-11-06,CCEP,57.43651831483089,58.08454966850061,57.34121744790513,57.81771087646485,1140700,0.0024809206393527
2023-11-07,CCEP,57.7891213682472,58.56104201700551,57.66523206120681,58.51339340209961,1884200,0.0040979667473204
2023-11-08,CCEP,58.63727802914781,58.63727802914781,57.627114323856254,57.91300964355469,1225400,0.0026651355759295
2023-11-09,CCEP,58.37044140381612,58.43715018887771,57.59852078835989,57.77959060668945,1085000,0.0023597781131741
2023-11-10,CCEP,57.73194049617029,58.017835801211326,56.84566250579385,57.92253494262695,758800,0.0016503222417295
2023-11-13,CCEP,57.51275048796763,58.59915846650525,57.51275048796763,58.19890213012695,720000,0.0015659357064381
2023-11-14,CCEP,58.608688429351446,58.69445738710133,58.1321950274868,58.5705680847168,790700,0.0017197018931675
2023-11-15,CCEP,58.54198227997649,58.66587158793957,57.9225393755174,58.63727951049805,1090200,0.0023710876488317
2023-11-16,CCEP,58.4136183082077,58.77341482046611,57.99547491172763,58.50113677978516,919800,0.0020004828649747
2023-11-17,CCEP,58.45251906191312,58.481690650681706,58.00520405641351,58.42334747314453,1069900,0.002326936961553
2023-11-20,CCEP,58.49141842409922,59.51246486070605,58.10244658657741,59.32770156860352,1057700,0.0023004030509716
2023-11-21,CCEP,59.51246618238293,59.64860521568589,59.0943227460893,59.13322067260742,1122300,0.0024409022824104
2023-11-22,CCEP,59.41522004657041,59.69722444329821,59.29852997911801,59.32770156860352,927800,0.0020178821506018
2023-11-24,CCEP,59.38604675943476,59.8139128008692,59.34714883489247,59.551361083984375,693300,0.0015078655906577
2023-11-27,CCEP,59.38604776514381,59.473566242090975,58.62755677127528,58.77341842651367,1369300,0.0029781052261468
2023-11-28,CCEP,58.588657543627264,58.890110892968366,57.70375016728235,58.38444900512695,2047900,0.0044539996294648
2023-11-29,CCEP,58.80259374600673,58.84148796171122,57.81071891009085,58.05382537841797,1259100,0.0027384300666336
2023-11-30,CCEP,57.9565793597221,59.00680106161266,57.67457868155689,58.96790313720703,2730700,0.0059390286577369
2023-12-01,CCEP,58.77341804452772,58.9192834083284,58.23858455977568,58.66645431518555,974500,0.0021194504804499
2023-12-04,CCEP,59.63888170669277,60.426544304726825,59.22073827658389,60.2904052734375,1739100,0.0037823872042591
2023-12-05,CCEP,60.05701741582192,60.58212825244379,59.44439181593988,60.56267929077149,1575400,0.0034263543221147
2023-12-06,CCEP,60.59185594072482,61.93380094048114,60.29040259233944,61.87545776367188,2249800,0.0048931141004785
2023-12-07,CCEP,61.68097201615973,62.47836091709569,61.59345354120284,62.25469970703125,2182100,0.0047458726458592
2023-12-08,CCEP,61.82683623214815,62.12828586624018,61.46703600315227,61.66152191162109,1424600,0.0030983777880441
2023-12-11,CCEP,61.953250562961344,62.18663440121679,61.61290299624535,61.64207458496094,3223700,0.0070112596345064
2023-12-12,CCEP,61.84628306030152,62.74091306873939,61.19475951626659,62.42973709106445,2508000,0.0054546760440928
2023-12-13,CCEP,62.28388110779758,63.62582616268721,62.20608525617538,63.50913238525391,2437200,0.0053006923662931
2023-12-14,CCEP,62.9743034824716,63.69389657253007,62.86733603974415,63.13961410522461,3150500,0.0068520561710185
2023-12-15,CCEP,63.18823531471241,63.450787031162,62.04076879967857,62.90623092651367,30071900,0.0654036971811626
2023-12-18,CCEP,62.94513285282342,63.46051740163485,62.25470392322288,63.35354995727539,2685200,0.0058400702207329
2023-12-19,CCEP,63.61609611240164,64.05369218796294,63.17850745586065,63.372989654541016,2740100,0.0059594728183488
2023-12-20,CCEP,63.18823433005111,63.47023129483499,62.66312348631424,62.69229507446289,3372900,0.0073357563114516
2023-12-21,CCEP,63.20767806179002,63.66471938251081,62.96457160770621,63.431339263916016,1875100,0.0040781750599196
2023-12-22,CCEP,63.66472378439735,64.40376953323666,63.596654269308246,64.12176513671875,1653000,0.0035951273926975
2023-12-26,CCEP,64.07313517188645,64.45238063920122,63.84948139322391,64.34541320800781,1070000,0.0023271544526233
2023-12-27,CCEP,64.38431942769657,64.89970397949219,64.18011087428818,64.89970397949219,954500,0.0020759522663822
2023-12-28,CCEP,64.753832082164,65.13308497915813,64.73438683004596,64.97749328613281,1197300,0.0026040205851644
2023-12-29,CCEP,64.58852798110496,65.09419361537233,64.31624990989377,64.89970397949219,1076800,0.0023419438454063
2024-01-02,CCEP,64.7441155080022,64.89969978763614,64.40376794097116,64.6565933227539,1898400,0.0041288504793085
2024-01-03,CCEP,65.15253376291216,65.15253376291216,63.94672775268555,63.94672775268555,1086200,0.0023623880060182
2024-01-04,CCEP,63.91755678145606,64.56908034482001,63.62582604790944,63.64527130126953,1219500,0.0026523036027795
2024-01-05,CCEP,63.402165523335,63.60638149046439,62.478363888697984,62.82843780517578,1452400,0.0031588403055982
2024-01-08,CCEP,63.20768018021668,64.15093444071856,62.94512846537555,64.10231018066406,1302500,0.0028328211911606
2024-01-09,CCEP,63.64526890236566,63.84948485956347,63.10071280055938,63.31464767456055,1628500,0.0035418420804645
2024-01-10,CCEP,63.31465046291408,63.45078949436116,63.09098924323914,63.16878509521485,1169000,0.0025424706122585
2024-01-11,CCEP,63.168784251777886,63.85920573604686,62.96457570733388,63.74251937866211,1295500,0.0028175968162369
2024-01-12,CCEP,64.96777329040424,65.86241077456191,64.74411948363057,65.3761978149414,1909100,0.0041521220238347
2024-01-16,CCEP,65.13308693827061,65.47343450322532,64.88025413900975,65.40536499023438,1375000,0.0029905022171561
2024-01-17,CCEP,64.98722306383668,64.98722306383668,64.41348793919254,64.73439025878906,1113900,0.002422633032502
2024-01-18,CCEP,64.4037701006911,64.84135878454505,63.92727607184836,64.81218719482422,1461600,0.0031788494840694
2024-01-19,CCEP,65.0455656667786,65.94019568408294,64.77328761099211,65.68737030029297,1221800,0.0026573058973973
2024-01-22,CCEP,65.54151064191973,65.96937301582165,65.06502400281427,65.25950622558594,928700,0.0020198395702348
2024-01-23,CCEP,64.87052963384654,65.87212710427367,64.52045572315076,65.69709014892578,1910200,0.0041545144256085
2024-01-24,CCEP,65.82350932818622,66.0957873839727,65.45398275045834,65.68737030029297,3595400,0.0078196739429551
2024-01-25,CCEP,66.0179953696765,66.37779563231054,65.43454129923238,66.33889770507812,1131000,0.0024598240055299
2024-01-26,CCEP,66.47503507209176,67.15573023401822,66.39723921957992,66.9417953491211,1681600,0.0036573298388144
2024-01-29,CCEP,66.88345015351068,66.9612460036779,66.23192660115659,66.85427856445312,1884200,0.0040979667473204
2024-01-30,CCEP,66.93207087811804,67.30159001835706,66.70840967546006,67.2335205078125,1085100,0.0023599956042444
2024-01-31,CCEP,67.69056644654498,67.93367291778841,66.71814056157122,67.0001449584961,1565700,0.0034052576882919
2024-02-01,CCEP,67.09738424347543,68.07953643798828,66.71813875214265,68.07953643798828,1095100,0.0023817447112783
2024-02-02,CCEP,67.50579616423829,68.07953123485458,67.28214238850478,67.62248992919922,1983500,0.0043139353801667
2024-02-05,CCEP,67.22379910372197,67.28214970205512,66.44586284314752,66.59172821044922,1312600,0.0028547877892648
2024-02-06,CCEP,66.61116727708949,66.85427372700588,65.69708465131747,65.92074584960938,2156300,0.0046897599497118
2024-02-07,CCEP,66.35834050845136,66.35834050845136,65.03584070747576,65.15253448486328,2298000,0.0049979447963817
2024-02-08,CCEP,65.35674100609461,65.58040221773587,64.7732869752755,65.06501770019531,1786400,0.0038852604805292
2024-02-09,CCEP,65.18169948392313,65.30811958473244,64.1120325992643,65.29839324951172,1805900,0.0039276712392453
2024-02-12,CCEP,64.87052672357161,65.39563756605735,64.72466136415552,65.32756805419922,1754700,0.0038163158112319
2024-02-13,CCEP,65.12336772346045,65.32757628476288,63.95645212013337,64.44266510009766,1961300,0.0042656523625515
2024-02-14,CCEP,64.53017648352734,64.53017648352734,64.01479199815188,64.34541320800781,1541900,0.0033534948135513
2024-02-15,CCEP,64.80245396947369,65.38590795892594,64.47183276242473,65.36646270751953,1648900,0.0035862102588136
2024-02-16,CCEP,65.32756773310474,65.89157649659727,64.78301164091627,65.7359848022461,1384600,0.0030113813599086
2024-02-20,CCEP,65.99854772937968,66.88345143010484,65.73598858480905,66.45558166503906,1530000,0.003327613376181
2024-02-21,CCEP,66.92235255956105,66.95152415057186,66.21247836253968,66.75704193115234,1646000,0.0035799030177738
2024-02-22,CCEP,66.39723846654971,66.98069251572969,66.1055151514701,66.72786712646484,1536800,0.003342402768964
2024-02-23,CCEP,65.3859081397427,66.86399949739723,64.90942157925802,66.66950988769531,2472900,0.0053783366784039
2024-02-26,CCEP,66.68896609428337,69.73265631206156,66.68896609428337,69.71321105957031,2015100,0.0043826625583937
2024-02-27,CCEP,69.3534092349145,69.66458520077478,68.3518118266461,68.80885314941406,1684800,0.0036642895530652
2024-02-28,CCEP,68.52684499743913,68.52684499743913,67.27241486754541,67.68083190917969,1974800,0.0042950136570472
2024-02-29,CCEP,67.49607769443513,67.98229058979102,66.5625424066142,66.73757934570312,3203800,0.006967978911509
2024-03-01,CCEP,66.64033790875484,67.81697221920082,66.35833354061192,67.4863510131836,1681100,0.0036562423834627
2024-03-04,CCEP,67.4377266560994,68.39070718906379,67.24324446685114,67.62248992919922,1377800,0.0029965919671256
2024-03-05,CCEP,67.67111653590781,68.24485168934771,67.17518465602673,67.5738754272461,1575100,0.0034257018489037
2024-03-06,CCEP,68.23511429968902,69.04222946698044,67.42799913239759,67.68083190917969,1314500,0.0028589201196012
2024-03-07,CCEP,67.59332194748758,68.67271521912575,67.56415035944661,68.61436462402344,1153900,0.0025096294606374
2024-03-08,CCEP,68.72133527981262,69.76183067648047,68.47822880938537,68.64353942871094,1168900,0.0025422531211882
2024-03-11,CCEP,68.76022718830164,69.66458347591357,68.52684707443987,69.54788970947266,982700,0.0021372847482177
2024-03-12,CCEP,69.42148812136833,70.0632928108334,69.2756227447607,69.5090103149414,1249800,0.0027182033970922
2024-03-13,CCEP,69.7910024215253,70.66618720081928,69.57707495904964,70.08273315429688,1453700,0.0031616676895126
2024-03-14,CCEP,70.11190157995378,70.3258364517963,69.343684276074,69.98548889160156,1841800,0.0040057505334968
2024-03-15,CCEP,69.76182829106475,69.85906939210646,68.78940244260654,68.96443939208984,3300000,0.0071772053211748
2024-03-18,CCEP,68.8672023483528,70.14107791079674,68.84775709460702,69.34368896484375,1201500,0.0026131552101186
2024-03-19,CCEP,69.47981946051172,69.54788896878897,68.75050012081836,68.99360656738281,1303100,0.0028341261375826
2024-03-20,CCEP,68.73105448267764,69.9563130437929,68.73105448267764,69.8104476928711,1128000,0.0024532992734197
2024-03-21,CCEP,70.0146651547539,70.57867396017666,69.36314157901774,69.41175842285156,978700,0.0021285851054041
2024-03-22,CCEP,70.1216260974366,70.1216260974366,68.88664115801241,69.35340881347656,1215200,0.002642951486755
2024-03-25,CCEP,69.35341740213318,69.84935670641416,69.03251506295011,69.56735229492188,867900,0.0018876049994689
2024-03-26,CCEP,69.58678882702004,70.1313523274124,69.30478445087512,69.48954772949219,1391400,0.0030261707526917
2024-03-27,CCEP,69.9465934349154,70.31611259630067,69.31451513281849,69.52845001220703,1106700,0.0024069736754376
2024-03-28,CCEP,69.80072795624164,69.88825014267648,67.94339839725198,68.02118682861328,1898600,0.0041292854614492
2024-04-01,CCEP,68.42961633104217,68.51713110484759,67.34049660321831,67.37939453125,896000,0.0019487199902341
2024-04-02,CCEP,68.15732665857273,68.27402043551754,66.7278668408574,67.0682144165039,1656200,0.0036020871069483
2024-04-03,CCEP,67.09738372060858,67.74890726022929,66.72786456806709,67.04875946044922,1592300,0.003463110313002
2024-04-04,CCEP,67.1848997991329,68.05036564895714,66.68896794711324,66.85427856445312,1028200,0.0022362431852217
2024-04-05,CCEP,66.69869191922714,67.81698323831948,66.45558543329494,67.37939453125,1442300,0.003136873707494
2024-04-08,CCEP,67.37939145523454,67.9336739210949,66.6792436206697,66.9417953491211,953300,0.0020733423735381
2024-04-09,CCEP,66.766759598264,66.766759598264,65.3372924721793,66.61116790771484,1024900,0.0022290659799006
2024-04-10,CCEP,65.86240830148971,66.06661684657996,65.31784476222833,65.56095123291016,1451000,0.0031557954306135
2024-04-11,CCEP,65.75543839817061,66.46530511132376,65.45398134088136,66.01799011230469,1292000,0.0028099846287751
2024-04-12,CCEP,65.7651639003296,66.23193161766602,65.53178375117197,65.87213134765625,1348000,0.0029317796281647
2024-04-15,CCEP,66.64033821977935,66.69868139310881,64.77328248303641,65.2303237915039,1357400,0.0029522237887765
2024-04-16,CCEP,65.10390393701158,65.181699781092,64.53990261497869,64.61769104003906,1253800,0.0027269030399057
2024-04-17,CCEP,65.0747368508608,65.11363477559121,64.12176366153744,64.52045440673828,1459800,0.0031749346448033
2024-04-18,CCEP,64.86080617208569,65.27894961622387,64.38431954658624,64.76356506347656,1080700,0.0023504259971495
2024-04-19,CCEP,65.22060581108975,65.77488828578375,64.73439285367326,65.71654510498047,1472200,0.0032019035375253
2024-04-22,CCEP,65.93047668014788,67.27242170433446,65.93047668014788,67.19462585449219,1766600,0.0038421972486022
2024-04-23,CCEP,67.1362782687239,67.43772789329502,66.86400023117321,67.22379302978516,1188300,0.0025844463888339
2024-04-24,CCEP,66.56254732549807,67.94339768880704,66.56254732549807,67.73918914794922,1114500,0.002423937978924
2024-04-25,CCEP,68.91582483325912,70.00493707142567,68.34208970577865,68.98389434814453,2427000,0.0052785082771185
2024-04-26,CCEP,68.70188950285905,70.06328721067842,68.56575047397918,69.52845001220703,1057000,0.0022988806134793
2024-04-29,CCEP,69.86880039822621,70.19942906669317,69.58679599304058,70.03411102294922,879500,0.0019128339636282
2024-04-30,CCEP,69.8396288078658,70.24804591095355,69.52845281231974,70.03411102294922,1514300,0.0032934672781378
2024-05-01,CCEP,69.73265293383591,70.35500484969145,68.99360725162492,69.61595916748047,1131100,0.0024600414966002
2024-05-02,CCEP,69.77155205331297,70.02438484191195,69.35340865713859,69.5576171875,1215700,0.0026440389421067
2024-05-03,CCEP,69.47982872566891,69.98549435660482,69.12003588494781,69.82990264892578,1134500,0.0024674361929917
2024-05-06,CCEP,69.69376074362704,69.94659354868116,69.24644573100554,69.3923110961914,920700,0.0020024402846077
2024-05-07,CCEP,69.75210796859304,71.44412683348608,69.56734468702288,71.27881622314453,2010700,0.0043730929512988
2024-05-08,CCEP,71.3274338336735,71.60943821737202,70.83149457827126,71.49274444580078,1674800,0.0036425404460313
2024-05-09,CCEP,71.78764451849518,72.4167565196467,71.61070629944591,72.38726806640625,1021900,0.0022225412477904
2024-05-10,CCEP,72.56421128896548,72.84927885595702,72.28897570693424,72.57404327392578,1162800,0.0025289861658975
2024-05-13,CCEP,72.62318611044469,73.54719768034713,72.52488876249073,73.19332122802734,1052400,0.0022888760242437
2024-05-14,CCEP,73.31128561461537,73.69465053741075,72.93774517730185,73.53736877441406,953400,0.0020735598646085
2024-05-15,CCEP,73.51770860141713,74.15665260710065,73.29161795339735,73.85192108154297,920600,0.0020022227935374
2024-05-16,CCEP,73.96988054070535,74.13698677657277,73.43906588006176,73.64549255371094,766900,0.0016679390184269
2024-05-17,CCEP,73.32110316204803,73.37025558323523,72.85910490107838,73.24246978759766,787400,0.0017125246878463
2024-05-20,CCEP,73.13434302072851,73.33093771314603,72.63301680557501,72.6919937133789,716500,0.0015583235189762
2024-05-21,CCEP,73.1048530009571,73.1048530009571,72.22016190481435,72.7509765625,805500,0.0017518905715776
2024-05-22,CCEP,72.3676146879131,72.800124519921,71.95475382609578,72.00390625,1030800,0.0022418979530506
2024-05-23,CCEP,72.09236998696217,72.52488730881862,71.6598601647125,71.69918060302734,1130100,0.0024578665858968
2024-05-24,CCEP,71.90560851491354,72.45607966156558,71.77781521329295,71.83679962158203,1201300,0.0026127202279779
2024-05-28,CCEP,71.32564214102,71.55173279261672,70.81449142815048,71.07989501953125,1078300,0.0023452062114614
2024-05-29,CCEP,70.10673500488494,70.4212910046421,69.61524078653896,70.20503234863281,1651500,0.0035918650266424
2024-05-30,CCEP,70.25419019214333,70.97176760652744,69.949466153126,70.92262268066406,800700,0.0017414510002014
2024-05-31,CCEP,70.92261799723738,72.65267976497586,70.71619132318553,72.4560775756836,2625800,0.0057108805249517
2024-06-03,CCEP,72.40693181035184,73.24247048120108,71.8957736237478,72.48556518554688,1070300,0.0023278069258343
2024-06-04,CCEP,72.02356605758403,72.80995987885359,71.76799444033763,72.61336517333984,695800,0.0015133028674161
2024-06-05,CCEP,72.74114952021516,72.90825576650454,71.9350992444349,72.57404327392578,1012100,0.0022012271228972
2024-06-06,CCEP,72.4757448279816,73.98954050627883,72.24965417495397,73.42923736572266,1713900,0.0037275794545337
2024-06-07,CCEP,73.30145140680956,73.66515984800527,73.1245131786072,73.16383361816406,938400,0.0020409362040577
2024-06-10,CCEP,72.80995279633235,73.37025590211157,72.30862659654889,73.04586791992188,1267600,0.0027569168076124
2024-06-11,CCEP,72.41676038608028,72.57404214456896,71.71883945690254,72.33811950683594,1408900,0.0030642316900009
2024-06-12,CCEP,72.95740263716051,73.70447594551558,72.78046441938184,73.40957641601562,1138200,0.0024754833625942
2024-06-13,CCEP,72.76080244503957,73.26212865908622,71.65986017056134,73.15399932861328,1732100,0.0037671628293354
2024-06-14,CCEP,72.34794915515563,73.03604557691092,71.8564549251619,72.79029846191406,1907600,0.0041488596577797
2024-06-17,CCEP,72.4462501653262,73.32110933899399,72.08254921648438,73.20315551757812,1140800,0.002481138130423
2024-06-18,CCEP,73.17366431636184,73.22280924023855,71.23717582497551,71.93509674072266,1386600,0.0030157311813154
2024-06-20,CCEP,71.70900347562782,72.79029675595763,71.66969053780365,72.12186431884766,1129300,0.0024561266573341
2024-06-21,CCEP,72.7411466513114,73.74379158911057,72.73131466673887,73.58651733398438,2817600,0.0061280283978612
2024-06-24,CCEP,73.67498275467092,74.78576452443399,73.67498275467092,74.6776351928711,978500,0.0021281501232634
2024-06-25,CCEP,74.67763264264524,75.13963840725351,73.7241326603016,74.03868865966797,1164100,0.0025318135498119
2024-06-26,CCEP,73.25230105671672,74.20580111905119,73.0655383380419,73.27196502685547,1497700,0.0032573637604616
2024-06-27,CCEP,73.43906516859857,73.66515580875163,72.17100918594693,72.48556518554688,1135700,0.0024700460858358
2024-06-28,CCEP,72.42658933884707,72.44624580803175,71.10938091527204,71.63037109375,1699100,0.0036953907761236
2024-07-01,CCEP,71.85645995904696,72.62318981161314,71.49275900312097,71.78765106201172,869500,0.0018910848565943
2024-07-02,CCEP,71.69918092781634,72.00390495162823,71.13887780360365,71.50257873535156,1879000,0.0040866572116628
2024-07-03,CCEP,71.60087813803602,72.47574479531706,71.28632212066567,72.33811950683594,806000,0.0017529780269293
2024-07-05,CCEP,72.13169394599802,72.58386775927895,71.36496411045182,72.57404327392578,996700,0.0021677334980651
2024-07-08,CCEP,72.31846496050348,72.99672943771552,72.0333973903652,72.18084716796875,1119100,0.0024339425681596
2024-07-09,CCEP,72.03339762237677,72.18084740045524,70.93245527855292,70.9914321899414,1107300,0.0024082786218596
2024-07-10,CCEP,71.33547395316738,71.7286708465194,71.11921528684343,71.54190063476562,997600,0.0021696909176981
2024-07-11,CCEP,71.12905039800704,72.91808921676832,71.0209210600923,72.61336517333984,1381900,0.0030055091010095
2024-07-12,CCEP,72.60353187919979,73.66516126889118,72.53472298354981,72.83944702148438,998500,0.0021716483373312
2024-07-15,CCEP,72.84927899239165,73.10485810458809,71.65003181163199,71.74832916259766,759900,0.0016527146435032
2024-07-16,CCEP,71.60088069108293,72.888600760902,71.4436064265934,72.61336517333984,703500,0.0015300496798322
2024-07-17,CCEP,73.0163851022464,73.89124427353447,72.54455481865203,72.57404327392578,1744600,0.0037943492131277
2024-07-18,CCEP,72.8296136518342,73.13434518358221,72.40693580059705,72.4364242553711,1055400,0.0022954007563539
2024-07-19,CCEP,71.96458731991456,72.64285178605995,71.8073130594155,72.40693664550781,887900,0.0019311032135366
2024-07-22,CCEP,72.58386252924562,72.95740293475009,72.13168874854611,72.48556518554688,1008500,0.002193397444365
2024-07-23,CCEP,72.11203490405794,72.24965269016589,71.25683223358116,71.5713882446289,1145000,0.0024902727553773
2024-07-24,CCEP,71.66969046333153,71.96458249434602,70.65720607465602,71.7581558227539,1563600,0.0034006903758148
2024-07-25,CCEP,72.20049987430902,73.03604607063204,71.2470073613453,71.40428161621094,1322400,0.002876101914158
2024-07-26,CCEP,71.83679944657277,73.09502349277325,71.83679944657277,73.02621459960938,994700,0.0021633836766583
2024-07-29,CCEP,72.64285301598959,72.87876816053605,72.08254986043723,72.5445556640625,832300,0.0018101781784284
2024-07-30,CCEP,72.73131880839023,72.73131880839023,71.62054447586127,71.9842529296875,1232600,0.0026807949329939
2024-07-31,CCEP,72.3086337338375,73.21298887947455,71.95475726372025,72.51506042480469,2241600,0.0048752798327107
2024-08-01,CCEP,72.51505662058621,73.32110687143206,72.37743883382767,72.92791748046875,2111200,0.0045916714769891
2024-08-02,CCEP,73.80277554128928,73.98953824937315,72.38726975585845,73.78311157226562,2404300,0.0052291378041516
2024-08-05,CCEP,72.72149284863066,73.30145246636174,71.41411633799355,71.94493103027344,1866400,0.0040592533368001
2024-08-06,CCEP,71.94492817265925,73.18348823917691,71.35512909381445,72.22999572753906,1887700,0.0041055789347823
2024-08-07,CCEP,70.74568445822797,73.06553794814467,70.27384667230966,72.01374053955078,3153700,0.0068590158852693
2024-08-08,CCEP,71.47308773695445,72.65267835092948,71.14869975564083,72.05305480957031,1699800,0.003696913213616
2024-08-09,CCEP,71.87612195456018,72.46591355574407,71.27649836846786,72.40693664550781,1231100,0.0026775325669388
2024-08-12,CCEP,71.84662073378936,72.25948157400357,71.72866692196234,71.95475006103516,994100,0.0021620787302363
2024-08-13,CCEP,72.24965648418242,74.04852728226577,72.23000001353773,73.80278015136719,1896900,0.0041255881132534
2024-08-14,CCEP,73.616009512181,74.51053266336189,73.4783917196312,74.36308288574219,1350200,0.0029365644317121
2024-08-15,CCEP,74.7071242528102,75.6999447144809,74.46137713355753,75.4738540649414,1420900,0.0030903306184416
2024-08-16,CCEP,75.4935202905751,75.6802830070563,74.80542383633801,75.11997985839844,1220200,0.0026538260402719
2024-08-19,CCEP,75.56232698719246,76.13245460460651,75.41487721560333,75.83756256103516,1634000,0.0035538040893332
2024-08-20,CCEP,75.72942986043269,76.04398585934969,75.60164406386242,75.95551300048828,985400,0.0021431570071168
2024-08-21,CCEP,76.18160462851219,77.08595219968053,76.17177264415413,76.6534423828125,822300,0.0017884290713945
2024-08-22,CCEP,76.91885206787677,77.37102588934529,76.70259339247721,76.97782897949219,1389100,0.0030211684580739
2024-08-23,CCEP,77.2923811878455,77.49880786790563,76.85987135802728,77.39068603515625,794200,0.0017273140806294
2024-08-26,CCEP,77.42017150875851,77.86251330619864,77.38085107126946,77.67574310302734,1173400,0.0025520402193534
2024-08-27,CCEP,77.86251972750213,78.7963633207658,77.76422237547628,78.6292495727539,1329500,0.002891543780152
2024-08-28,CCEP,78.89465425880483,79.29767561922812,78.56043428955971,78.76686096191406,1183800,0.0025746592906687
2024-08-29,CCEP,78.85533489248773,78.98312069150779,78.216390898174,78.63907623291016,1115800,0.0024267653628384
2024-08-30,CCEP,78.82585074563023,79.44513080494146,78.678400969716,79.12074279785156,1746500,0.0037984815434641
2024-09-03,CCEP,78.44248054951996,79.86781078836192,78.14758101753567,79.13056945800781,1592100,0.0034626753308613
2024-09-04,CCEP,78.77669902167729,80.02509863597554,78.40316608569577,79.9169692993164,1582000,0.0034407087327571
2024-09-05,CCEP,80.26101269872575,80.43795092909319,79.59258021729399,80.04475402832031,1588800,0.0034554981255401
2024-09-06,CCEP,80.00543191347808,80.3101559428847,79.3075109915296,79.3763198852539,1326200,0.0028843665748309
2024-09-09,CCEP,79.89729871488956,80.74266936809074,79.6712155748512,80.15287780761719,1979400,0.0043050182462828
2024-09-10,CCEP,79.46478213929379,79.70070476535132,77.98047498995011,78.30486297607422,2004000,0.0043585210495861
2024-09-11,CCEP,78.00996969381963,78.2458848391731,77.22357587649839,78.16724395751953,2786700,0.0060608236571266
2024-09-12,CCEP,78.14758748658137,79.32717071295103,78.1279310159717,79.25836181640625,1818400,0.0039548576230376
2024-09-13,CCEP,79.44512493520628,80.26100713532477,79.04210357706519,80.15287780761719,1111300,0.0024169782646732
2024-09-16,CCEP,80.15287859343059,80.91960837952385,79.96610838926702,80.48709106445312,1383100,0.0030081189938535
2024-09-17,CCEP,80.19220460377181,80.3298223954745,79.5139401306606,79.65155792236328,1092000,0.0023750024880978
2024-09-18,CCEP,79.65155692468801,79.83832713949106,79.13057421982383,79.41564178466797,1000600,0.0021762156498083
2024-09-19,CCEP,79.89730471566577,79.89730471566577,79.32716958122451,79.84815979003906,1036700,0.0022547299262005
2024-09-20,CCEP,79.78917402128215,79.89730335526981,79.03227618297551,79.71053314208984,1788800,0.0038904802662174
2024-09-23,CCEP,79.74985009837378,79.77934605148785,79.061761184513,79.19937896728516,1281400,0.0027869305753192
2024-09-24,CCEP,79.13056976504225,79.13056976504225,78.1180928673645,78.20655822753906,919700,0.0020002653739043
2024-09-25,CCEP,78.51129502312754,78.51129502312754,77.46932210240224,77.567626953125,1303900,0.0028358660661454
2024-09-26,CCEP,78.05911477683027,78.18690057279123,77.48897968788464,77.70523834228516,1668700,0.0036292734907407
2024-09-27,CCEP,78.14758672462231,78.5211196594223,77.79371026024036,77.8330307006836,1047600,0.0022784364528674
2024-09-30,CCEP,78.03945135470657,78.26554199487326,76.96799755899443,77.41033935546875,1649000,0.003586427749884
2024-10-01,CCEP,77.0564686674056,77.13510954807914,75.69994722401916,76.11280059814453,2151800,0.0046799728515466
2024-10-02,CCEP,75.95551263016146,76.57480014035217,75.47385039970713,76.51581573486328,1202700,0.0026157651029627
2024-10-03,CCEP,76.06364332802143,76.06364332802143,74.8644037223665,75.46401977539062,1285500,0.002795847709203
2024-10-04,CCEP,74.93321177652312,76.7222504300688,74.82508244859399,76.68292999267578,1919800,0.004175393568361
2024-10-07,CCEP,75.69994386777195,75.98501142286938,75.19861765021395,75.50334167480469,1374800,0.0029900672350154
2024-10-08,CCEP,75.52300738948563,75.94569273962634,75.19861938829709,75.80807495117188,1603400,0.0034872518218096
2024-10-09,CCEP,76.08330860496889,77.0761290533872,76.08330860496889,76.69275665283203,1042000,0.0022662569529285
2024-10-10,CCEP,76.60429366934717,76.8598727777837,75.92602920833009,76.3388900756836,956700,0.0020807370699296
2024-10-11,CCEP,76.35854585709009,76.68293385722549,76.20126409959161,76.63378143310547,609300,0.0013251730915732
2024-10-14,CCEP,76.52565131667464,77.164595325662,76.26024772812042,77.0269775390625,1058300,0.0023017079973937
2024-10-15,CCEP,77.16459464714643,77.26289199390934,75.67045547737264,75.86705017089844,1331900,0.0028967635658402
2024-10-16,CCEP,75.83756070854274,76.04398738388235,75.47385228078814,75.63113403320312,808300,0.0017579803215471
2024-10-17,CCEP,75.47385575528214,75.56232861999017,74.92338459570183,75.41487884521484,1401500,0.0030481373507959
2024-10-18,CCEP,77.11544066514317,77.94115486039547,76.76156422426457,77.38085174560547,1373100,0.0029863698868197
2024-10-21,CCEP,76.88935993228085,77.40051064090201,75.72943322851026,75.83756256103516,1442100,0.0031364387253533
2024-10-22,CCEP,75.37555654951022,76.1619503292124,75.20845030869575,75.93585968017578,970500,0.0021107508376364
2024-10-23,CCEP,75.53282964386587,76.68293184142102,75.5230051589857,76.16194915771484,1313900,0.0028576151731792
2024-10-24,CCEP,76.55514224345426,77.20391825803951,76.33889107153297,76.5748062133789,1089000,0.0023684777559876
2024-10-25,CCEP,77.07612771492916,77.85268198826269,76.4863286471521,76.6534423828125,1022900,0.0022247161584938
2024-10-28,CCEP,77.29238209396716,77.29238209396716,76.14228736317493,76.1717758178711,759300,0.0016514096970812
2024-10-29,CCEP,75.74908613561534,76.3978621002516,74.84473857849197,74.96269989013672,1201000,0.0026120677547669
2024-10-30,CCEP,74.50069535559001,75.28708161403303,73.86175136462548,75.1003189086914,985500,0.0021433744981872
2024-10-31,CCEP,74.81525213307529,75.02167880928793,74.25494901203905,74.70712280273438,1313900,0.0028576151731792
2024-11-01,CCEP,74.81525291545451,75.27725869545044,74.25494978855892,74.31392669677734,989500,0.0021520741410007
2024-11-04,CCEP,74.87422780121969,75.01184558308334,74.26477976713969,74.56950378417969,1136200,0.0024711335411875
2024-11-05,CCEP,74.60882552942756,76.70258824699795,74.41222333788615,76.52565002441406,1162000,0.0025272462373348
2024-11-06,CCEP,75.30674851083832,75.94569252664623,73.8224337971197,75.17896270751953,1791900,0.0038972224893979
2024-11-07,CCEP,75.71960331382822,76.50599711739704,75.52300861273956,75.94569396972656,1282800,0.0027899754503039
2024-11-08,CCEP,75.58198344618278,76.85987146696449,75.58198344618278,76.56497192382812,1925300,0.0041873555772296
2024-11-11,CCEP,76.21109790120808,77.06630060387842,75.68028320640653,75.74909210205078,1025000,0.0022292834709709
2024-11-12,CCEP,75.79823880513811,75.97517702338111,75.32640105662128,75.59181213378906,1027400,0.002234503256659
2024-11-13,CCEP,75.43453201177549,76.68293155064589,75.2379373204228,76.62394714355469,1427500,0.0031046850290839
2024-11-14,CCEP,77.4496642748186,78.13775322017705,77.12527627217518,77.43000030517578,1908700,0.0041512520595534
2024-11-15,CCEP,77.72000122070312,77.72000122070312,75.48999786376953,75.76000213623047,1935900,0.0042104096306855
2024-11-18,CCEP,75.80000305175781,76.7699966430664,75.80000305175781,76.02999877929688,1148200,0.0024972324696281
2024-11-19,CCEP,75.6500015258789,76.16999816894531,74.9000015258789,76.08999633789062,1088200,0.0023667378274249
2024-11-20,CCEP,75.62999725341797,76.27999877929688,75.1500015258789,75.98999786376953,834500,0.0018149629819758
2024-11-21,CCEP,76.54000091552734,78.20999908447266,76.47000122070312,78.11000061035156,1275500,0.0027740986021692
2024-11-22,CCEP,77.76000213623047,78.27999877929688,77.41999816894531,78.20999908447266,1005300,0.0021864377301142
2024-11-25,CCEP,78.79000091552734,79.4000015258789,78.05000305175781,78.13999938964844,1845900,0.0040146676673807
2024-11-26,CCEP,78.06999969482422,78.08999633789062,77.2699966430664,77.94000244140625,1356900,0.0029511363334248
2024-11-27,CCEP,77.41000366210938,77.94000244140625,77.31999969482422,77.62999725341797,1102700,0.002398274032624
2024-11-29,CCEP,77.55000305175781,77.83999633789062,77.13999938964844,77.58000183105469,1357500,0.0029524412798469
2024-12-02,CCEP,77.9000015258789,78.19999694824219,76.3499984741211,76.4000015258789,2273200,0.0049440070109377
2024-12-03,CCEP,76.72000122070312,78.73999786376953,75.63999938964844,78.05000305175781,3141200,0.006831829501477
2024-12-04,CCEP,77.83000183105469,78.30999755859375,77.20999908447266,77.36000061035156,1452200,0.0031584053234575
2024-12-05,CCEP,77.73999786376953,78.58000183105469,77.5,78.38999938964844,1445400,0.0031436159306745
2024-12-06,CCEP,78.36000061035156,78.69999694824219,77.61000061035156,77.68000030517578,1332300,0.0028976335301215
2024-12-09,CCEP,79.72000122070312,79.91000366210938,78.52999877929688,78.72000122070312,1994900,0.0043387293621853
2024-12-10,CCEP,78.44000244140625,79.51000213623047,77.83999633789062,79.23999786376953,2453900,0.0053370133750396
2024-12-11,CCEP,79.41999816894531,79.80000305175781,78.83999633789062,78.87000274658203,1083800,0.00235716822033
2024-12-12,CCEP,79.29000091552734,79.38999938964844,78.36000061035156,79.11000061035156,1217000,0.0026468663260211
2024-12-13,CCEP,78.91999816894531,79.31999969482422,78.31999969482422,78.86000061035156,989000,0.002150986685649
2024-12-16,CCEP,78.61000061035156,79.70999908447266,77.18000030517578,77.43000030517578,1742700,0.0037902168827913
2024-12-17,CCEP,77.44999694824219,78.2300033569336,77.23999786376953,77.55000305175781,1674100,0.003641018008539
2024-12-18,CCEP,77.31999969482422,77.93000030517578,75.44000244140625,75.48999786376953,1700800,0.0036990881243194
2024-12-19,CCEP,75.48999786376953,75.81999969482422,74.61000061035156,74.70999908447266,1573000,0.0034211345364266
2024-12-20,CCEP,74.2300033569336,76.0,74.2300033569336,75.16999816894531,2985600,0.0064934133960301
2024-12-23,CCEP,75.30000305175781,75.94000244140625,74.81999969482422,75.77999877929688,1097400,0.0023867470058961
2024-12-24,CCEP,75.8499984741211,76.37999725341797,75.26000213623047,76.37000274658203,920500,0.002002005302467
2024-12-26,CCEP,75.69000244140625,76.62000274658203,75.62999725341797,76.44999694824219,557300,0.0012120777349971
2024-12-27,CCEP,76.12999725341797,76.68000030517578,76.12999725341797,76.4800033569336,989000,0.002150986685649
2024-12-30,CCEP,76.3499984741211,76.73999786376953,75.58000183105469,76.2300033569336,1172600,0.0025503002907907
2024-12-31,CCEP,76.8499984741211,76.9800033569336,76.2300033569336,76.80999755859375,1455200,0.0031649300555677
2025-01-02,CCEP,76.95999908447266,77.54000091552734,76.30000305175781,76.55000305175781,1326000,0.0028839315926902
2025-01-03,CCEP,76.94000244140625,77.23999786376953,76.0999984741211,76.1500015258789,787700,0.0017131771610573
2025-01-06,CCEP,76.88999938964844,77.08000183105469,75.61000061035156,75.69000244140625,850300,0.0018493265710893
2025-01-07,CCEP,76.23999786376953,76.68000030517578,75.70999908447266,75.83999633789062,1351500,0.0029393918156265
2025-01-08,CCEP,75.5199966430664,75.97000122070312,75.12999725341797,75.91000366210938,1747200,0.0038000039809565
2025-01-10,CCEP,75.44000244140625,76.25,73.58999633789062,73.70999908447266,1953500,0.0042486880590651
2025-01-13,CCEP,73.51000213623047,74.43000030517578,73.4000015258789,73.75,1689600,0.0036747291244415
2025-01-14,CCEP,74.02999877929688,75.3499984741211,73.77999877929688,75.29000091552734,1653300,0.0035957798659085
2025-01-15,CCEP,76.23999786376953,76.41999816894531,75.36000061035156,75.69000244140625,2592700,0.0056388909806696
2025-01-16,CCEP,76.2699966430664,76.47000122070312,74.83999633789062,75.95999908447266,1747300,0.0038002214720268
2025-01-17,CCEP,77.69000244140625,78.19000244140625,76.69999694824219,77.06999969482422,2017300,0.0043874473619411
2025-01-21,CCEP,77.7699966430664,78.58999633789062,77.2699966430664,77.63999938964844,1751300,0.0038089211148404
2025-01-22,CCEP,77.80000305175781,78.11000061035156,77.0,77.05999755859375,1220700,0.0026549134956236
2025-01-23,CCEP,77.08999633789062,77.19999694824219,76.23999786376953,76.30999755859375,1717900,0.0037362790973473
2025-01-24,CCEP,76.2699966430664,76.94999694824219,76.04000091552734,76.77999877929688,1381900,0.0030055091010095
2025-01-27,CCEP,76.79000091552734,78.58000183105469,76.5999984741211,78.2300033569336,2277200,0.0049527066537512
2025-01-28,CCEP,77.62999725341797,78.37999725341797,77.20999908447266,77.55999755859375,1707800,0.0037143124992431
2025-01-29,CCEP,77.47000122070312,78.56999969482422,77.47000122070312,78.18000030517578,968800,0.0021070534894406
2025-01-30,CCEP,79.04000091552734,79.5,78.80999755859375,79.31999969482422,1064300,0.002314757461614
2025-01-31,CCEP,78.87999725341797,79.29000091552734,78.30999755859375,78.55000305175781,1470400,0.0031979886982592
2025-02-03,CCEP,77.83999633789062,78.41000366210938,76.97000122070312,78.16000366210938,1340300,0.0029150328157486
2025-02-04,CCEP,77.79000091552734,78.54000091552734,77.4000015258789,77.87000274658203,1451200,0.0031562304127542
2025-02-05,CCEP,78.05999755859375,79.16000366210938,78.0,79.12000274658203,1605400,0.0034916016432163
2025-02-06,CCEP,80.5199966430664,80.5199966430664,79.38999938964844,80.11000061035156,1468400,0.0031936388768524
2025-02-07,CCEP,80.41000366210938,80.55000305175781,79.6500015258789,80.02999877929688,1330000,0.0028926312355037
2025-02-10,CCEP,80.4800033569336,80.62999725341797,80.04000091552734,80.41999816894531,1471000,0.0031992936446812
2025-02-11,CCEP,80.56999969482422,81.5999984741211,80.1500015258789,81.52999877929688,1437800,0.0031270866093288
2025-02-12,CCEP,81.23999786376953,81.5199966430664,80.69999694824219,81.38999938964844,1642400,0.0035720733392416
2025-02-13,CCEP,82.73999786376953,82.94999694824219,81.79000091552734,82.70999908447266,2419600,0.0052624139379135
2025-02-14,CCEP,82.73999786376953,85.61000061035156,82.73999786376953,84.9000015258789,2466600,0.0053646347409726
2025-02-18,CCEP,84.9000015258789,86.9800033569336,84.61000061035156,86.73999786376953,3025900,0.0065810622973766
2025-02-19,CCEP,86.37999725341797,87.02999877929688,86.11000061035156,86.8499984741211,1515900,0.0032969471352632
2025-02-20,CCEP,86.26000213623047,86.83000183105469,86.19999694824219,86.55000305175781,1761400,0.0038308877129446
2025-02-21,CCEP,87.01000213623047,87.58999633789062,86.56999969482422,87.29000091552734,1774400,0.0038591615520886
2025-02-24,CCEP,87.41000366210938,88.38999938964844,87.05999755859375,87.19999694824219,2376400,0.0051684577955272
2025-02-25,CCEP,87.01000213623047,88.1500015258789,86.73999786376953,87.55000305175781,2344500,0.0050990781440891
2025-02-26,CCEP,87.43000030517578,87.73999786376953,85.73999786376953,86.08000183105469,2022800,0.0043994093708098
2025-02-27,CCEP,85.51000213623047,86.4800033569336,85.22000122070312,86.12000274658203,2221000,0.0048304766722209
2025-02-28,CCEP,86.81999969482422,87.20999908447266,85.66000366210938,86.26000213623047,2235900,0.0048628828417014
2025-03-03,CCEP,86.36000061035156,87.7300033569336,86.20999908447266,86.91999816894531,1935100,0.0042086697021228
2025-03-04,CCEP,88.0,88.16000366210938,85.75,85.81999969482422,2426400,0.0052772033306965
2025-03-05,CCEP,83.5,84.7300033569336,82.69999694824219,84.69000244140625,4594500,0.0099926272267083
2025-03-06,CCEP,84.2699966430664,85.08999633789062,83.86000061035156,84.44999694824219,2967500,0.0064540475122988
