code,dt
ABAT,2024-05-22
ACLS,2024-05-22
ACMR,2024-05-22
ADMA,2024-05-22
ADUS,2024-05-22
ADVM,2024-05-22
AEIS,2024-05-22
AGNCM,2024-05-22
AHCO,2024-05-22
ALGT,2024-05-22
ALLO,2024-05-22
AMSF,2024-05-22
ANAB,2024-05-22
ANDE,2024-05-22
APLS,2024-05-22
APPF,2024-05-22
ASML,2024-05-22
ATRC,2024-05-22
AVGO,2024-05-22
AVT,2024-05-22
AXDX,2024-05-22
AXSM,2024-05-22
AZN,2024-05-22
BANR,2024-05-22
BBIO,2024-05-22
BCYC,2024-05-22
BHFAP,2024-05-22
BKR,2024-05-22
BLDP,2024-05-22
BLFS,2024-05-22
BLKB,2024-05-22
BLMN,2024-05-22
BNTX,2024-05-22
BPMC,2024-05-22
CALM,2024-05-22
CAMT,2024-05-22
CASH,2024-05-22
CATY,2024-05-22
CCEP,2024-05-22
CDLX,2024-05-22
CDNS,2024-05-22
CENN,2024-05-22
CENX,2024-05-22
CGC,2024-05-22
CHDN,2024-05-22
CLBK,2024-05-22
COKE,2024-05-22
COLB,2024-05-22
COO,2024-05-22
CORT,2024-05-22
CRMT,2024-05-22
CRNX,2024-05-22
CRTO,2024-05-22
CRVL,2024-05-22
CSCO,2024-05-22
CSQ,2024-05-22
CSWI,2024-05-22
CVBF,2024-05-22
CWST,2024-05-22
CYCC,2024-05-22
CZR,2024-05-22
DLTR,2024-05-22
DORM,2024-05-22
ENTA,2024-05-22
EQIX,2024-05-22
ERIC,2024-05-22
EVRG,2024-05-22
EWBC,2024-05-22
EXAS,2024-05-22
EXLS,2024-05-22
EXPI,2024-05-22
EYE,2024-05-22
FBNC,2024-05-22
FBRX,2024-05-22
FCNCA,2024-05-22
FELE,2024-05-22
FIBK,2024-05-22
FLEX,2024-05-22
FRGT,2024-05-22
FRHC,2024-05-22
FRME,2024-05-22
FWONA,2024-05-22
FWONK,2024-05-22
GDEN,2024-05-22
GIII,2024-05-22
GILD,2024-05-22
GLNG,2024-05-22
GNTX,2024-05-22
GOOGL,2024-05-22
GRPN,2024-05-22
HCSG,2024-05-22
HIMX,2024-05-22
HOPE,2024-05-22
HST,2024-05-22
HTLD,2024-05-22
HUT,2024-05-22
HWC,2024-05-22
ICUI,2024-05-22
IESC,2024-05-22
INTC,2024-05-22
INTU,2024-05-22
IOVA,2024-05-22
IPAR,2024-05-22
IPGP,2024-05-22
ISRG,2024-05-22
JBSS,2024-05-22
KALU,2024-05-22
KPRX,2024-05-22
KRNT,2024-05-22
LAUR,2024-05-22
LBRDA,2024-05-22
LBTYK,2024-05-22
LECO,2024-05-22
LILAK,2024-05-22
LITE,2024-05-22
MANH,2024-05-22
MDXG,2024-05-22
MFIC,2024-05-22
MGEE,2024-05-22
MIDD,2024-05-22
MLAB,2024-05-22
MMSI,2024-05-22
MNKD,2024-05-22
MOMO,2024-05-22
MRVL,2024-05-22
NICE,2024-05-22
NMFC,2024-05-22
NUWE,2024-05-22
NVCR,2024-05-22
NWBI,2024-05-22
OFIX,2024-05-22
OFLX,2024-05-22
OMCL,2024-05-22
OPK,2024-05-22
ORKA,2024-05-22
ORLY,2024-05-22
OTTR,2024-05-22
PDD,2024-05-22
PNTG,2024-05-22
POOL,2024-05-22
POWL,2024-05-22
PPBI,2024-05-22
PPC,2024-05-22
PRAA,2024-05-22
PRPL,2024-05-22
PZZA,2024-05-22
QTRX,2024-05-22
QURE,2024-05-22
RDFN,2024-05-22
RDHL,2024-05-22
REAL,2024-05-22
REG,2024-05-22
REYN,2024-05-22
RGLD,2024-05-22
RIOT,2024-05-22
RUN,2024-05-22
RYTM,2024-05-22
SAIA,2024-05-22
SBAC,2024-05-22
SBRA,2024-05-22
SCVL,2024-05-22
SHOO,2024-05-22
SLAB,2024-05-22
SLDB,2024-05-22
SMCI,2024-05-22
SMTC,2024-05-22
SRCE,2024-05-22
SSP,2024-05-22
SSRM,2024-05-22
STBA,2024-05-22
STRO,2024-05-22
SVC,2024-05-22
SYBT,2024-05-22
TCBI,2024-05-22
TCOM,2024-05-22
TENX,2024-05-22
TH,2024-05-22
TMUS,2024-05-22
TNDM,2024-05-22
TTD,2024-05-22
TTMI,2024-05-22
UAL,2024-05-22
ULH,2024-05-22
ULTA,2024-05-22
VCYT,2024-05-22
VIRT,2024-05-22
VKTX,2024-05-22
VOD,2024-05-22
VRDN,2024-05-22
VREX,2024-05-22
VRNT,2024-05-22
VSAT,2024-05-22
WB,2024-05-22
WBD,2024-05-22
WDC,2024-05-22
WEN,2024-05-22
WSFS,2024-05-22
XXII,2024-05-22
Z,2024-05-22
ZBRA,2024-05-22
