Date,Stock,Open,High,Low,Close,Volume,Turnover
2022-07-29,AACG,1.1515080632100179,1.4166587135565674,1.3142775423956867,1.5999911296695049,-0.19512195118778503,0.0003939772319286
2022-07-29,AAL,-1.0545412100007499,-0.9264676158385462,-0.47541004578088397,-0.9122787923008401,-1.3656793391444724,0.0399013954280569
2022-07-29,AAOI,1.285695432082283,0.6296220745473776,0.5333257984662377,0.9999875001629533,2.0278637770479286,0.0047522577204287
2022-07-29,AAON,3.4792739058192637,3.4321788475839896,3.550821690789642,3.647251301255486,-0.6155303030147593,0.0020770411325469
2022-07-29,AAPL,2.4954652844092866,2.8280919099863033,2.9251100233302156,3.494035425041915,4.361900680502677,0.006775810089642
2022-07-29,ABAT,0.05714025203896465,0.574998162813485,2.1481410285602363,0.4102545896735284,-0.6108428579413431,0.0007018828699
2022-07-29,ABTS,0.8518378758345596,0.11764550976384738,0.874978125526002,0.44443397944982155,-0.2030651340840563,0.0096612243175969
2022-07-29,ABUS,-1.6249868309726283,-1.7241276847550144,-2.095218032657946,-1.633324033954768,1.728842832454846,0.0046699394192604
2022-07-29,ACB,0.0,-0.19999921853258162,0.4444427503695447,0.44444486963975444,-1.7760617760470292,0.0101462900913014
2022-07-29,ACET,-0.8510627529437531,-1.7466612968263857,-1.853652937559936,-0.5135137278672209,0.0964308077633509,0.004064785005406
2022-07-29,ACGL,-1.3913150129728453,0.2666698557238419,-0.7466610667593329,0.5540529188488864,1.3345181674530424,0.0057857530688072
2022-07-29,ACHC,2.06792238449615,2.8777965293318246,2.5521432186184545,3.4943555986071546,1.457377049172364,0.00988626668606
2022-07-29,ACIU,2.1428299369546564,1.7777556701937984,3.5224649758726825,2.7499581409673923,-0.8892405062728329,0.0001832486804103
2022-07-29,ACIW,1.8932013400241992,3.621214415212232,1.7272721088920928,4.166657893658148,2.967763599691501,0.007437153489785
2022-07-29,ACLS,1.763523847728593,2.1955257276800633,1.9798606857896428,1.97902102123,4.804331013073406,0.0182002933426142
2022-07-29,ACMR,0.6972453193670624,0.589284035445735,0.9415853095900819,2.129022254541197,-0.819949012104398,0.0074258405483591
2022-07-29,ACRS,0.5454525677957177,-0.6180553288511008,0.3999999387430598,-0.10389567318836837,0.032010243277029185,0.0021415097828901
2022-07-29,ACTG,1.1499845662698602,0.999990909184587,1.4999826159714706,1.9473516210373651,0.22855497984768505,0.0024457257040567
2022-07-29,ADAP,2.2726856556150787,1.2799770789823512,1.7384319718586607,0.7272608836301437,-0.21884057970697335,0.0006709896124898
2022-07-29,ADBE,2.4628724486650677,2.4159546049150173,2.756067597351926,2.4173354619875624,1.0527603074736103,0.0062641952135147
2022-07-29,ADI,1.6412407353123466,1.6383470112480665,1.7633580148813561,1.9857681828819067,3.65288150707022,0.009565785441231
2022-07-29,ADIL,-1.6172837908855517,-1.326315677783943,-1.5890409217489403,-1.3296702127762452,-0.2405708460660013,0.0047887396780635
2022-07-29,ADMA,0.111108642027823,-1.5651885481280488,-0.8333161334138988,-0.8181669424050423,-0.02215372760542833,0.0066182688258479
2022-07-29,ADP,9.37888013915984,8.445623623799525,8.418076945384655,7.803536194162832,0.9702399501372071,0.0044623479291992
2022-07-29,ADPT,-0.4464266425332885,-1.1055873226703505,-0.450702501727154,-0.6388870622709121,2.312523647352913,0.0095475898830275
2022-07-29,ADSK,3.8560877127864144,3.872662499174992,4.964216601505537,3.7551905544892152,1.3228587852028248,0.008356807511737
2022-07-29,ADTN,1.7303113058124195,1.3907289985985032,1.5858137263638499,1.3946192726508275,1.5198217578318383,0.0196343263049948
2022-07-29,AEHR,3.049258027478704,2.3775088349917346,2.638764880624297,2.642855308362705,0.20659935976258753,0.0181046239007906
2022-07-29,AEMD,1.8571383295417567,2.4444387768807276,-1.9999920000320002,-1.4285677362031457,30.0,0.0442356381098992
2022-07-29,AEP,3.115645012700143,3.421071800395421,5.908314047741894,4.784806374184009,9.328020705600522,0.0109712203270485
2022-07-29,AGAE,2.545366321478338,1.1323223960776252,0.3333111125713039,1.7142372226842224,3.183628318443202,0.002981453770462
2022-07-29,AGEN,0.04166644651877755,-1.130434575703384,-0.8500001500014784,-0.9642855368894026,-1.1474365790850511,0.0078838190668858
2022-07-29,AGIO,-1.0366479357172713,-1.1633456108900588,-0.8837195416077759,-0.4495791241443982,1.7475764354828667,0.0137810186364889
2022-07-29,AGNC,3.4281751354810495,5.143841509029484,6.403520856869104,3.610734654238178,3.5422862618422526,0.0144416635390843
2022-07-29,AHCO,1.6831670242832344,1.6649460428696494,1.9673791556799556,2.254435302024887,-0.0024875621890237867,0.0042271272155752
2022-07-29,AHG,-2.33317778799912,-1.5237337215856657,-3.599856482612083,-6.999655977337524,3.8333333326234564,7.395983095680455e-05
2022-07-29,AIOT,0.812494921901898,1.6874896860179545,0.9655114331614535,2.2307518595247813,0.7845528454646705,0.0003169596027439
2022-07-29,AKAM,1.7388678715958483,2.0737905204649425,2.2298434393246183,2.0452271450621264,1.0222404147877684,0.0103548569083334
2022-07-29,AKBA,-1.0255873341665762,-2.4998525116231454,-1.3332226454542253,-1.4999246312236907,0.24766490129979285,0.0179649423547758
2022-07-29,AKRO,-3.1818037742494902,-2.1325245804083233,-1.0370341276083948,-2.8666602900406737,-0.7256097560798632,0.0027606095827867
2022-07-29,ALDX,0.21568486036810672,-0.05128175694834104,0.5294086505343799,0.2954537443426233,-0.6996448503262321,0.0087441193661895
2022-07-29,ALEC,-1.946418730939838,-3.1454394504329954,-2.4917902392893354,-2.333329500954166,-0.8977423638658999,0.0038330376437802
2022-07-29,ALGN,3.180775859883197,2.83149821885432,4.519584190312579,4.2224893821767315,0.43419267299569747,0.0121991024651393
2022-07-29,ALGT,0.7197776057688005,-0.10289816180881176,0.807070593922538,0.06944085435251805,2.1408775980535393,0.0109933854283112
2022-07-29,ALLK,-1.0571367385130304,-1.4871724876606047,-1.2812425277431232,-1.5909012191604555,-1.6930431915483477,0.0037531672881374
2022-07-29,ALLO,0.41968904269758756,-0.010256146427316573,0.36734620645353755,0.363127347739369,-1.1268988081301077,0.0046832211238154
2022-07-29,ALNY,-0.6916039448122064,-1.4124593224127673,-0.835993228606568,-0.9901416921770794,0.23803418803215357,0.0047092183238427
2022-07-29,ALRM,2.219395760139048,1.7639730611157642,2.0844334246431084,2.311777013630768,1.066587395931829,0.004250013596015
2022-07-29,ALT,0.02499984892052836,-0.9178063846843765,0.3612704290305427,-0.1578938434256398,-1.4667452433020147,0.0069286377321768
2022-07-29,ALTO,1.5454371463645442,2.7825836880202077,2.999972384435617,3.826059906024909,0.6161680458280663,0.0147302406711173
2022-07-29,ALTR,3.7692248660078778,4.607143001097085,3.471828569343455,3.442722483713029,0.17230220929514695,0.0038150619292416
2022-07-29,AMAT,1.6591930041922591,1.9635890935072857,1.8566919824641843,1.966885444105234,0.018781633026381143,0.0071607659240998
2022-07-29,AMBA,3.323242293760534,2.9225226176375343,3.4435216151397756,3.317307301247182,1.7217428817797953,0.0157007733744291
2022-07-29,AMCX,2.253966717809797,1.181816631902569,0.898303638557813,0.6792446252469715,4.261648745366966,0.0094238496594305
2022-07-29,AMD,1.7689556006490816,2.3229871943378546,2.0347025835540373,2.4376724087740165,-1.0392757507792705,0.0471680931937182
2022-07-29,AMED,-0.08124252324390785,-0.6453705235232738,-1.137026251271073,-0.5988705083133313,3.4879807691888467,0.0209873119111986
2022-07-29,AMGN,1.1111256095329614,0.4360031894618968,0.4845731424713441,0.19629912732330282,2.4596863614685263,0.0061237331167615
2022-07-29,AMKR,1.722446418510745,2.4272729864135076,1.9920599360041247,2.22779890014542,2.054950495029159,0.0035615407033223
2022-07-29,AMPH,1.9230703193762202,1.975401369289738,2.4553467370493727,1.7795227936115965,-0.05201793721879788,0.0056579104765782
2022-07-29,AMRX,5.272635741418827,7.856871666105206,6.666523819747312,2.8234950392225375,0.8923076922998479,0.0020454268824411
2022-07-29,AMSC,6.807635709031132,5.136345707924664,7.230720945749111,10.999925080378807,0.06545961002694346,0.0052864061308119
2022-07-29,AMTX,4.114742516794061,9.563449960957625,5.53997780194182,8.299966037196398,16.439193884413633,0.0323653911435446
2022-07-29,AMZN,6.222907518618347,4.737023213971378,4.082428836307118,4.243560968913446,10.087279501390253,0.0140300872756538
2022-07-29,ANAB,0.9285697803005613,-0.34920809712925094,0.4873954587953887,-0.006410397105489186,-1.0271604938017984,0.0046695449150221
2022-07-29,ANGO,2.026314264115126,1.82285536476965,1.9360428420272269,1.6868674500200143,-1.2415875754746921,0.0028197108872854
2022-07-29,ANSS,3.138538484325114,3.6014375204494913,3.1744930430901053,3.410600207035568,0.44776119402450437,0.0051156964260859
2022-07-29,ANY,0.10638291748811433,-0.18320598515429543,0.6310655171789369,0.0,-1.3400177360565837,0.0033203553173851
2022-07-29,AOSL,2.1290985613104847,2.539523697147949,2.2657741480801445,2.923866553940948,1.452208305847697,0.013476117627061
2022-07-29,APA,3.659699103786008,3.4653689334429214,4.464299715061984,2.579400404233508,0.14688520832122542,0.0212401566094496
2022-07-29,APLS,3.406975879257014,2.3927960075127723,2.6175026091870444,2.240486089615797,-1.0964254192361147,0.0055849453456133
2022-07-29,APLT,0.9999666677459537,1.1764424123028487,0.9999736848944436,2.105192153383763,-0.12527472527288977,0.0013905600055003
2022-07-29,APPN,-0.37604498031991324,-0.9753010169328129,-0.03519626577928819,-0.28932629719447406,-1.6801075268365562,0.0056079335149102
2022-07-29,APPS,1.4868400855421935,1.2067306802093043,0.9999983513316659,1.5194796542910005,0.36038251366054574,0.0275048330111325
2022-07-29,AQST,-0.33332761230205626,-0.11363359633134971,0.24389620667493236,-0.08536344363697206,-1.788797061491482,0.0025467425362642
2022-07-29,ARAY,0.0,-0.24999226011612968,0.8571183680232497,0.2499937501502873,-0.9463815789411422,0.0036321731773492
2022-07-29,ARCB,2.3453808489304144,2.9230854408344684,2.0077561440621388,2.8571437379874602,4.73549883979732,0.0174857345261184
2022-07-29,ARCC,0.6417963067762906,1.208962552302677,0.9661014598829154,0.9482708171900444,12.036783358680811,0.013782327232552
2022-07-29,ARCT,-0.6363606581704804,-0.9886349692560016,-0.17341091154252727,0.006409174447258118,-1.9009752437824312,0.0104241181719629
2022-07-29,ARDX,1.3157193997227927,0.22726233558442321,0.9411219355148801,0.7499279873648257,-1.11968655281863,0.003080686032657
2022-07-29,AREC,2.866646522547476,5.489750627438837,3.3845899136117517,4.518485473416861,6.65878983167448,0.0165174191865762
2022-07-29,ARLP,2.2096766854999457,1.892853744746154,2.60465904722194,1.6688746106352255,3.0157329239983444,0.007339520976734
2022-07-29,ARQT,0.20524061737288382,0.1276388901347155,0.30116870678683627,0.8950616844722934,2.0935933147399046,0.0051256764274515
2022-07-29,ARVN,1.4882341546934124,0.710769215923872,1.777455428780298,1.527778130031365,2.8892572943913892,0.0077575284232351
2022-07-29,ARWR,1.089285167456613,0.18681309668820328,0.9350635035371403,0.6862736616010726,-2.9464435145950385,0.0039048335693225
2022-07-29,ASML,2.2587357058007793,2.6445849281398486,2.692108014236074,2.499311393089121,-0.013634331694172398,0.0030790946083418
2022-07-29,ASND,-1.4707312395102856,-1.2698427571079987,-1.1356161727394616,-1.7013337280386784,-0.35661016948669005,0.0039817246489379
2022-07-29,ASRT,3.5428385718559823,4.552605669576832,3.5675475520812783,3.868402030004227,4.681925189633478,0.039462018480679
2022-07-29,ATEC,2.576912636684937,1.925917975273813,2.4150837662243774,2.326521930490501,-3.3285811269066046,0.0014818001640968
2022-07-29,ATER,-1.0555450782424747,-2.3691954204301857,-1.124984261324542,-2.714250345226736,-0.6728235773443628,0.1499758877534928
2022-07-29,ATOM,1.587300737727365,1.7564705355427601,2.358484282733705,1.8695615333129008,0.34054054053133676,0.0055823527304348
2022-07-29,ATOS,-3.399866389402794,-3.6665318661421025,-3.599858389715173,-1.9999514912825784,-1.0270893371698726,0.003335913911899
2022-07-29,ATRC,3.7929633944153576,2.8579720626800023,3.984377475142906,4.076921165032713,1.1146732428824988,0.0055683629699821
2022-07-29,ATSG,2.932509068724626,3.3552567287454,5.226079800272586,3.56706623223342,0.593659942346004,0.0033904735887571
2022-07-29,ATXS,1.6585277290989968,0.9999937500331019,3.062711416747466,1.6818097983287246,-0.72199170123283,0.0010915366922894
2022-07-29,ATYR,2.241363455784963,1.9906110080366188,2.218527481007535,2.277767772598156,-0.04379562043582503,0.0007821415147211
2022-07-29,AUPH,-2.9464249826856794,-2.828874132536746,-1.792005330733848,-1.8825899376608592,0.07663228038690763,0.0148377364135322
2022-07-29,AUTL,-1.1999852717714956,-1.2999870001176013,-2.1666219468761208,-1.6666476235945733,-1.0015748031180607,0.0002273333677226
2022-07-29,AVAV,2.3455844481569144,2.2237527257288816,3.438518081062599,2.1382086430881317,-0.5587467362778396,0.0051951181481848
2022-07-29,AVDL,-1.3333254844565545,-0.4074031468205585,0.11999797190099042,0.4516118751153729,-0.5516133742136031,0.0045472702924782
2022-07-29,AVGO,2.461662514213884,2.384989955184442,2.536178146931501,2.4373554871098544,-0.43073429220265924,0.0039307096393356
2022-07-29,AVT,4.230319573259982,3.414380909202509,2.688950564745271,2.956359339811151,-0.5867275280857673,0.0081556356540577
2022-07-29,AVXL,-1.3306421839769476,-1.6277442048410207,-1.8851029981506653,-1.4930536520369564,0.33548387096568055,0.0098337490977402
2022-07-29,AXGN,1.0131542709055317,0.4565197993315776,1.0135110703607744,0.8999966111496791,1.8604651162414465,0.0058068997244259
2022-07-29,AXON,2.916335251152214,3.785088549836167,3.531586849006948,3.1701356939649745,2.945431472006461,0.0050140672011708
2022-07-29,AXSM,-1.6944452052854024,-3.390584655193452,-1.8585040430513677,-1.9657881511070774,-1.4859002169132933,0.0113359061957863
2022-07-29,AXTI,4.239986404559873,7.190453147392309,4.362306166168612,6.9264485663820645,30.0,0.0348853019869292
2022-07-29,AZN,1.0588225631861201,0.3845994962386791,-0.010632279108200068,-0.41236158744376344,0.6063631913846242,0.0021926486409092
2022-07-29,AZTA,-0.005347717604254426,-0.0216382256504075,0.24027034265092587,0.06364798273073727,0.048875855326990465,0.0113730862490042
2022-07-29,BAND,-0.2269927824814427,-0.9318166549654664,-0.986300600369243,-0.9732624038526441,1.6399468556099208,0.0222008047791732
2022-07-29,BBIO,-1.3097806064030744,-1.8494580684976962,-1.8759451526879345,-2.559131965900836,0.1969367927758671,0.0099800728740388
2022-07-29,BCRX,-0.6666648319757789,-1.7108386834151958,-1.09090704554611,-0.728808184751651,-1.012659372454991,0.0087940275650842
2022-07-29,BCYC,2.079783758721214,6.362731412133998,3.603297380107231,3.2654257635017427,-0.480322003569225,0.0044183331481881
2022-07-29,BDTX,1.2352890533820904,0.9444392343512829,0.9361662938381676,1.3488305488390777,-1.2872467222577533,0.0017295480937909
2022-07-29,BEAM,0.881873261346438,0.7482520036366214,0.9114263404096665,0.8277241503999503,-1.1936054221270262,0.0073717948717948
2022-07-29,BECN,3.4612203996301756,3.910251835051663,3.687269823675924,3.7233197952850188,3.9155145928738015,0.0103597173533762
2022-07-29,BGC,-0.5454542380574973,-1.1666492409417364,-2.1817663223442794,-0.10000502656328057,-0.250254323498764,0.0028805856422078
2022-07-29,BGFV,1.2168626800288684,1.6164286459366453,2.4642730981111294,2.2105105158561043,-0.8245989304724642,0.0139944286746945
2022-07-29,BHF,2.3941580643922977,3.123496881033424,2.9927560162703775,2.2122863879839105,2.1611479028459035,0.0117256999164664
2022-07-29,BIDU,-3.901323166545841,-3.4109778673672824,-3.217088204394044,-2.5999854751588267,3.9971159392270827,0.0102929971102836
2022-07-29,BILI,-1.8235294414125327,-1.68648476914647,-1.5811737392085197,-0.9951445525417332,-1.0771690369370266,0.0101975448423812
2022-07-29,BJRI,2.507457690656605,2.206606177291411,2.4152498422832784,1.4814799885313166,-0.20677570093216385,0.0156262379942072
2022-07-29,BKNG,3.0648261371485095,3.5080783511993423,3.454094711089916,3.1080270648986406,0.8646464646289971,0.0121468100148711
2022-07-29,BKR,-1.00699245915584,-0.9514556778469916,-0.9213816064226372,-0.6912742520498318,2.09375381088164,0.0129725852400046
2022-07-29,BKYI,0.6363636065859302,0.7272695406011189,0.9999989899007461,1.0000007755109386,0.8264840144909406,0.0001628135033113
2022-07-29,BL,-0.9880060017125007,-1.0970144896080196,-0.9024608997478749,-1.0635146727288716,-0.9443298968942361,0.0074829651566508
2022-07-29,BLBD,2.655907682467461,3.8435548999786207,3.385534827521506,3.6074673853319252,3.4266055042727883,0.0026750874308261
2022-07-29,BLDP,3.916650167352679,3.596763285748076,5.1020233480631285,3.523797364016377,2.96117040853338,0.0181365547620636
2022-07-29,BLFS,2.386662162022065,1.7268286728466935,2.4733695200918793,3.0379717090155753,-3.025751072896443,0.0037814101000243
2022-07-29,BLIN,-0.6666518521669348,-0.999979102797572,-2.899944385245054,-2.9166181391505046,3.8926974663519314,0.0184532587669737
2022-07-29,BLKB,3.4205089912734934,3.8571371401412007,3.8199866814425505,3.0204905897197443,-1.938883034732584,0.0032597767916078
2022-07-29,BLMN,3.41215684061797,4.044117496492623,2.9797210221156676,4.054411857237433,13.403557312147008,0.0348848709773133
2022-07-29,BLNK,3.522577243116992,5.334176826794256,5.017853717117824,4.5526242677759265,6.776439790504959,0.0121846980597552
2022-07-29,BMRA,-2.0499782485251603,-1.4545312463506255,-1.1249903767374496,-0.818174577272207,1.3687499999657813,0.0056116049517369
2022-07-29,BMRN,0.889532508358573,-0.17486212613426333,-0.2617497011417807,-0.34895596232714987,1.2211055276259186,0.005055957111716
2022-07-29,BNTX,0.8463163325954257,0.1856611241182703,0.5866360562621052,1.1113000139515705,-1.0798488664933004,0.0024418349100626
2022-07-29,BPMC,-1.1478858628901392,-2.204074552967692,-0.9455060223696703,-1.6024446254860383,-1.8279569892327523,0.0060401214283478
2022-07-29,BPOP,-0.5501772684891494,-0.21116185290866113,-0.2509022499540635,0.03375593529699702,2.8679999999617602,0.0097477610003028
2022-07-29,BRKL,2.909092281271281,4.218717241742596,2.6052442528816444,1.2999940161869779,2.3580246912933327,0.0034337294005137
2022-07-29,BRKR,2.9841382735202324,3.471434331603592,3.247156028119164,3.336151148917986,-0.9784017278547271,0.0029221187395072
2022-07-29,BRY,5.043448356237264,6.702654391819375,4.214264065120051,3.961513866453263,2.101801801789178,0.013771292924138
2022-07-29,BTAI,-0.41726667767258435,-1.3355270934254757,-0.2823541843407202,-0.6846858847195105,-0.8349949428468916,0.0029101835392572
2022-07-29,BTCS,0.0,-0.646607377286926,-0.999983333628325,-0.062499172194046146,3.031772575149439,0.0079080760483403
2022-07-29,BTOG,-3.8420931030015075,-1.9999906232876092,-2.7999811978422113,-3.7499828849728756,-0.2447368419881642,0.0006858116569256
2022-07-29,BWEN,8.249775129625986,12.110855226227558,8.499771114908663,11.666399907664236,13.335604769562671,0.0201974040869724
2022-07-29,BWIN,2.5476138143988023,3.138203077116604,4.610451299638531,3.289647904356591,0.2828282828225691,0.004767284892593
2022-07-29,BYND,0.10986224460398451,-0.15902956247974664,0.4373597883360711,0.07086569852084382,-2.8529596318702093,0.0184128114624464
2022-07-29,BYSI,-1.8431188642841367,-2.4523506258014467,-2.187474006987229,-1.5789310122649822,0.1835645677655589,0.0039735789246533
2022-07-29,BZUN,-3.803904121432351,-7.888845366342872,-6.329674699826301,-4.413779187591297,2.9961277830978483,0.008421803215396
2022-07-29,CABA,-1.9259117253219051,-2.9999653425169392,-2.40738546428664,-2.578921740878388,0.09441764300352286,0.0036379330391718
2022-07-29,CAKE,2.400012513397775,2.6842265244197265,3.8260983749666413,1.9466618279313666,4.618194842373795,0.0313636905977686
2022-07-29,CALM,-0.482193267631845,-0.7894962233642157,-1.4946350602775336,-1.8456357975426196,1.1654301183029259,0.0214776476969669
2022-07-29,CAMT,1.1176470045613645,1.0463208410867857,1.2047867683424955,1.0638814809992154,-1.139476961366389,0.001427803792124
2022-07-29,CAN,1.3793038316678345,0.9239509008636475,1.0133282340918672,0.5769190270434852,8.392893214565435,0.0186286812337836
2022-07-29,CAPR,0.03999980185381993,0.1282048469475084,0.9999900927306253,0.8461491712986786,-1.2154222765920337,0.0012150561881388
2022-07-29,CAR,3.871735233885091,11.67163249450166,6.392854414409487,6.6301647008310525,5.020399999959837,0.0341325634657679
2022-07-29,CARG,1.877415447774022,2.295644604768303,1.9925370057057028,2.3583294292777057,10.784296807499704,0.0204262361836925
2022-07-29,CARM,0.049106993530308944,-0.3888897177420426,-0.1105263309616172,-0.16157208741866294,-1.2215195758868587,0.0019498373938992
2022-07-29,CASY,2.0171550197569927,2.009523122484853,2.860360750046804,2.4458276879182743,1.33700583277593,0.0098479000760911
2022-07-29,CATY,1.2085986599267602,1.6585429079316292,1.6607189668623197,2.592612726609334,1.6304568527587724,0.004012610424639
2022-07-29,CBAT,1.749956623636703,2.142792271005472,2.7998927725584286,0.9999779807617205,-0.105465742877514,0.0028252263605605
2022-07-29,CBRL,2.0323043666130673,2.0482941003464386,1.536220823821826,1.8941076165845716,-0.2790917691527135,0.0175174613156062
2022-07-29,CBSH,2.420001457657708,2.886242656584225,1.760723240407003,2.858900770592733,7.044767251739402,0.0054165386279218
2022-07-29,CCEP,2.9290782720966537,3.5284371868295956,3.4121631786089783,2.0578466113082943,-1.3038903061141334,0.0014184767607485
2022-07-29,CCOI,4.10568450979525,2.454502536158559,3.4729434128811727,2.2922878457179605,-1.7133956385759066,0.0029566386663534
2022-07-29,CCRN,0.7908491194758959,0.36258637351376855,0.6709182844621588,0.4164226435009786,0.9294683968148619,0.0267976326167386
2022-07-29,CDLX,-1.036647990612841,-0.45077709850411557,-0.7857134492109895,-0.19444399292023218,-0.3769269020375371,0.0140087590681271
2022-07-29,CDNA,0.4787885665002855,-0.17222268430690735,0.5949356043207478,-0.7635121508448802,1.6581196580938908,0.0135784894787454
2022-07-29,CDNS,3.8228364040350336,3.9372991035227582,3.5835045816555064,3.890565680801996,1.1124241456332646,0.0058126821562257
2022-07-29,CDW,3.353043409888931,4.574117223521711,3.6756471319137543,4.8275078203127455,5.003878116288046,0.0073106316452526
2022-07-29,CDXS,-0.6810029686389024,-0.8928562720517026,-0.7245756323111967,-0.9024382103296873,2.5391137417931877,0.0194405186765149
2022-07-29,CDZI,3.5593088862836626,4.071413969841836,4.163621081325837,4.1052473666002856,2.977867203159399,0.003591123066577
2022-07-29,CELH,2.3187183219000533,2.336120843255613,2.553394735978082,3.6456901146178713,-1.3952185282014753,0.0072175356790302
2022-07-29,CENTA,0.9813073678989755,1.062492209356058,0.6597942424439469,0.0449403228464857,0.22316384180286636,0.0036969037197479
2022-07-29,CENX,5.761849022151577,5.708279390008526,3.4374763737434164,5.692257134106909,-1.0863717872053604,0.0170868315289119
2022-07-29,CERS,-0.4666635555733292,-1.818165289390697,-0.7727196568919189,-1.6249842233069263,-1.979591836728016,0.0043635287152161
2022-07-29,CFFN,3.136400251368939,2.037034543961155,3.5237944247001867,1.857149733159543,-0.8739376770455719,0.0040518738187796
2022-07-29,CG,4.0588328844915065,4.942746403072445,4.444015020116004,4.8060667435863085,3.0963160854806064,0.0079282285489715
2022-07-29,CGC,-0.12000036176338247,-0.03571372497894763,0.03703716658558011,0.388888208365171,-0.45183574260994325,0.0064353849502567
2022-07-29,CGEN,-1.9999833334646069,-2.285695769771425,-5.636261552974423,-1.7499904433965463,0.6796667928763372,0.0078192336894335
2022-07-29,CGNX,2.228258225625441,3.3098048839346768,2.262928872948903,3.2109859663346465,1.5482256596765405,0.0056166971718722
2022-07-29,CHDN,1.224648775919504,1.0006286211387714,0.47756872346207757,0.5496788662025542,7.931472081016968,0.0083061406110946
2022-07-29,CHEF,-4.999987554356055,-2.985770729213534,-4.701984743229721,-5.312911868899246,0.251445086703881,0.0146748478231699
2022-07-29,CHKP,0.6259535983561275,-0.02714821552058024,0.4210516702815866,0.12962906993973503,5.005417735928113,0.016139301829859
2022-07-29,CHRD,3.670496625939258,4.768929191147026,3.686117382598808,5.288278140282322,-0.2268346923635936,0.0088082770909152
2022-07-29,CHRS,0.920633920233019,0.1834311445295886,1.073526450269599,0.9692285318695343,-0.851637764925999,0.006744782004711
2022-07-29,CHRW,5.425431959954392,10.633133826645285,4.898183074029102,7.871579986335247,2.4065769805590187,0.0150803116039483
2022-07-29,CHTR,-4.750298096332243,-5.656043863282747,-6.078819724609945,-5.77440762336682,6.2454482599389465,0.0160751756869041
2022-07-29,CHX,1.7553874690275248,2.101004973200441,1.7681208618983184,2.0624969518817444,3.312329762108907,0.0135283018867924
2022-07-29,CINF,-5.2832731103942,-4.735435171807196,-4.81064648095219,-4.725496312972837,11.04055245365242,0.0164506762788963
2022-07-29,CKPT,0.3333306327714497,0.565217195223384,0.49999674388905585,0.5999960741367972,-0.586729857764291,0.0002985660546576
2022-07-29,CLAR,0.15789610042411717,0.1785726499244036,0.14285737482644895,0.5221242543700743,-0.5182564102553472,0.0250324538217307
2022-07-29,CLDX,1.108266756188681,0.8924486714461262,1.0108219061330366,0.7037854551394802,-1.0077821011635806,0.0050238160515065
2022-07-29,CLIR,-3.9998547510179914,-5.499824619631393,-5.7997727772437955,-6.79970035657361,5.067368420839268,0.0029855700626492
2022-07-29,CLLS,0.928556582140804,-0.41665972233133697,-1.0666479620365907,-0.7999912408043244,-0.024277456646837517,0.0008654900787715
2022-07-29,CLMT,2.4432931407661282,3.2267998726894946,2.4695598264128473,3.3119206249094773,0.6254218222581457,0.0017144758742852
2022-07-29,CLNE,3.6666560320183263,5.35291688473944,3.650781700591513,4.542356826022853,2.432876471617584,0.0170674751299315
2022-07-29,CLRB,-3.606039758363459,-2.8999878842348155,-3.2333090228961674,-1.8679163082662467,0.5436941409589181,0.0004709211608532
2022-07-29,CLRO,3.910189919279572e-07,1.3998538934432663,0.9998960438127295,0.5999398144322673,0.028571428568163266,0.0005314007801579
2022-07-29,CLSD,-1.772712364025096,-1.8974165621593653,-1.279989493055247,-1.2999880133945427,-1.9301310043106221,0.0008062853547054
2022-07-29,CMCSA,-1.1331075496551817,-1.9218894601986025,-4.853653166146581,-3.528568822781469,12.021333702743938,0.0143533217850128
2022-07-29,CME,-3.1676210693644107,-2.70025093485944,-2.3623342289803717,-3.366438884732074,0.89702820366876,0.0041428492147177
2022-07-29,CMRX,2.333305401482417,1.1111014146259135,0.4444389175484496,-0.3181785808294272,12.80903077363089,0.0984746886586684
2022-07-29,CMTL,4.939742032968957,3.976759656311426,5.063078143572837,8.966007207433671,-1.0430622009369748,0.0037857877914306
2022-07-29,CNDT,2.184202167593503,1.9610279053024418,1.910105941968352,1.8048693580016006,1.1573759347304053,0.0056868318605944
2022-07-29,CNVS,0.8571418272823663,0.2500008795926404,0.9999967438836304,0.33333224796121114,-1.0072170391827342,0.0017228215975368
2022-07-29,CODX,2.8571226924229998,4.4999717370112515,6.117574922390672,4.107117778038009,10.01633118108609,0.0525841063833785
2022-07-29,COGT,0.46428332628404057,-0.787872611735297,0.0999955186545467,0.17021212799402502,1.9332991277379858,0.0068924022837066
2022-07-29,COHU,1.3973056509672122,1.3632938770415663,1.2065207371427171,1.033707147041926,1.2542613636244861,0.0097709220971672
2022-07-29,COLB,1.7999994712362921,1.8027920491309775,2.4918061077238645,3.203672129182941,-0.0910790598285733,0.0037084452339549
2022-07-29,COLL,0.22222084397127564,-0.03125064740040398,0.07692171163142757,-0.8571397035548733,-0.3961904761753832,0.0063737481249105
2022-07-29,COLM,-0.6860565659329668,-0.9111115216121993,-0.9802652185388528,-0.02013452228114635,2.030586766516472,0.0091881870812463
2022-07-29,COMM,5.939743913666237,6.019009275613167,5.265524367067579,6.154745655745023,0.7318989811394625,0.0161852786488898
2022-07-29,COO,3.6964051315207755,2.826842285033234,3.0310578582626393,2.311797867235908,0.3015873015851256,0.00585525911492
2022-07-29,COOP,4.878889859577655,5.885083622039605,3.8791490188495747,4.898868352440788,0.4870946393052668,0.0086663103242403
2022-07-29,CORT,2.880500396556236,2.556338476221008,2.9927477434929455,2.2758572062102633,-0.7263710618394027,0.0051429817161597
2022-07-29,COST,1.1301792467142942,1.3191204563258536,1.466825818315647,1.8399410595830947,0.009146341463388077,0.0048041055473551
2022-07-29,CPB,1.2769173517065995,2.245594132222925,1.9014055854637077,1.8902727598967153,8.535446428556186,0.0234729112569954
2022-07-29,CPIX,0.04761859410819514,-0.15999856742356644,0.18181633190253457,0.0,-0.602564102409599,0.0004295409638899
2022-07-29,CPRT,1.9921474240370243,2.485393894659092,1.962888634564184,2.6596213232588823,0.6807592752362945,0.0042770209847459
2022-07-29,CPRX,1.8663585987323759,1.741933311330449,1.6267927714981318,1.4794505605306865,-1.1857503888001832,0.0114812680115273
2022-07-29,CPSH,1.9166526813691436,2.3999755234134432,1.8076785788170668,2.6874653822464656,-1.0384615383284024,0.0014869888475836
2022-07-29,CRDF,-1.3599951703708812,-1.3653801133870989,-1.2631509163565875,-0.8723368429771168,-0.42278244631027906,0.0064803387634293
2022-07-29,CRDL,0.874979801896422,0.36632897060926956,1.4999648692701715,0.37499304661625865,-1.1115044247394157,0.0003958406469028
2022-07-29,CRIS,-1.4444278065649145,-1.9230483252496002,-1.6153601163798226,-1.7333090569593967,-0.9730449251215539,0.0838351398367456
2022-07-29,CRMD,2.1304305681316436,1.6283163593370782,1.9898942595942,1.3495914180939246,1.238403451982326,0.0055905175984707
2022-07-29,CRNC,1.4797671582610983,1.4353059553212735,1.4885037842096414,1.8151635950193974,-0.1111999999982208,0.0062732933632722
2022-07-29,CRNT,0.16666044906330946,-0.8749814782618475,-0.499975001226098,-0.3999820934359379,-1.3838969404097654,0.0018494108180109
2022-07-29,CRNX,-2.0924323267009206,-3.1067293783941334,-1.3727227749413442,-1.9508169610340969,-1.1956521738480623,0.001788314772976
2022-07-29,CRON,1.1666472225277478,0.7333239795414737,2.5640321172152407,2.3332984186360513,-0.40643274853709754,0.0041850202114857
2022-07-29,CROX,3.1704031535952937,3.449936175729367,3.747458560573502,3.3349674517530215,5.1129000588843,0.049011527716827
2022-07-29,CRSP,-0.3325387906335319,-1.433216176308633,-0.7548985432328579,-1.0747476414542316,-1.308532061470464,0.0118205299626592
2022-07-29,CRTO,2.4574446019571954,2.200292272183935,2.2977723741974905,2.1666633304217955,3.837431693884223,0.0051292066311208
2022-07-29,CRUS,2.077025949591386,2.557250864986934,2.1259460529349625,2.461273338754395,1.6254050550664239,0.0089039587994332
2022-07-29,CRVS,-2.618136599840852,-2.327229409111622,-2.072690848481072,-1.9230465265710934,-1.4210992907549451,0.0017861388579865
2022-07-29,CRWD,0.014285795503467829,-0.007691993113661669,0.3823822540651546,0.27302822071954114,-1.0615277049429765,0.0106308475914955
2022-07-29,CSCO,1.7722750632430382,2.1552775104892006,2.1243254904972297,2.67974365423518,2.7223724884068687,0.0059577608662568
2022-07-29,CSGP,8.94443701517018,13.528282516173633,10.155447566832876,13.6937410784538,2.3522872476300734,0.0057202740739178
2022-07-29,CSIQ,3.9444422505021213,3.7302130252676737,3.9236586762463683,3.288233257565313,1.4995408631703417,0.017369123338305
2022-07-29,CSTL,2.439021579544776,1.6170724554346705,2.1664938959587876,1.9419065603010182,-1.206708268311908,0.0041393799250474
2022-07-29,CSWC,2.8684139710358214,2.8157518797563053,3.173305449037708,2.6233750735196746,2.143243243127392,0.0027677939496024
2022-07-29,CSX,5.46996186545979,4.4656356273234294,4.09286241882205,3.6848546525086667,-1.2152946906959186,0.0061158245356464
2022-07-29,CTAS,3.2448033634218176,4.533136235231076,4.906129206061609,4.106446057687717,0.3192834562680754,0.0047579539755771
2022-07-29,CTLP,1.999983985753758,3.3043129635301627,1.4571342192553922,3.384586809987904,3.683046682865698,0.0024933387736771
2022-07-29,CTMX,0.0999977616293901,-0.21977498649081764,0.35293237719663967,0.0,-1.0468332928888051,0.0071048774290665
2022-07-29,CTRM,2.9333285321325926,2.749996860527897,3.2857078402018733,3.615378376099757,-0.7075388676616287,0.0048839050541534
2022-07-29,CTSH,-0.22167774571070167,0.08808557962376992,0.12252024982634797,0.42757594627784185,5.54122877929357,0.0121306225435489
2022-07-29,CTSO,0.9999800003809193,0.23999593118326512,1.056893068692283,0.9090743804500434,-1.3571428570874635,0.0006704
2022-07-29,CUE,-0.5882311786713744,0.39999200015236414,-0.0833319444662677,1.1428388703271373,2.098066298284584,0.0039049420001261
2022-07-29,CVBF,4.95450060240091,2.82204566210216,5.54282997896568,2.9651982519121973,0.12139378044120348,0.0057666867972277
2022-07-29,CVLT,-2.6759243109658377,-2.0018264169933437,-1.8354429079217214,-1.5626957010480234,2.283375314803945,0.0070958415913595
2022-07-29,CWST,5.932994494073875,13.34498961273482,10.45316321753534,10.839627025752383,9.442125236833316,0.0070578464429383
2022-07-29,CYBR,-0.969399398895707,-1.3126877097983987,-0.4535548724226709,-0.7213292388698943,5.058236272794372,0.0120686552618649
2022-07-29,CYCC,-0.9999985185190388,-0.818181246799158,-0.33333402259988787,-0.6666637952162887,-1.3540498765149123,0.0001415721341204
2022-07-29,CYRX,1.4748605470446912,1.0804186476627222,1.7741932770379172,1.6275867899241587,0.0,0.0067601141245111
2022-07-29,CYTK,-0.05286377188128605,0.014256551626576911,0.9018977240330052,0.004264489358438823,-1.1178585184205472,0.0070325871732053
2022-07-29,CZR,1.4919354653055825,1.7135220547077015,1.8615739340696196,2.0190661602720694,-0.7038676607633925,0.0134548358244008
2022-07-29,DAKT,1.8431301736030803,1.9230695971931697,2.1276503911205356,2.0799916037396398,-0.2764578833633594,0.0039283201821457
2022-07-29,DBX,2.0844976137915356,1.100663976421025,1.0130015794324971,0.8309826287836212,9.799807352673623,0.0244354587460034
2022-07-29,DDOG,0.5944135455947925,0.12048297025885392,0.6997261576732087,1.1318018307815416,2.9724098698670662,0.0210933097417755
2022-07-29,DENN,3.1514937746395724,2.8571234167059663,2.9666493261832145,2.8371947134796938,4.0434595524609,0.0191506349548625
2022-07-29,DGLY,-0.9999926158616794,-1.999985231758569,-2.333325555574058,-3.9999609268580008,1.0667779625597476,0.0001112284649578
2022-07-29,DHC,0.14653128578322497,-2.985673895778567e-06,-0.6320383475392471,-1.1098343757394302,7.025992990633686,0.0158935648079059
2022-07-29,DIOD,1.9429746944764403,2.1794874529125314,2.1054804573206574,2.2333941022353905,-0.13166485309833156,0.0051118142097673
2022-07-29,DKNG,0.9268276099684776,1.0476168784981084,0.9304996432748732,1.1374015766167946,-0.9206356792921875,0.0267709558441142
2022-07-29,DLPN,0.3333332761412382,1.639992829677119,1.3437460336264164,2.6999800628265707,-0.818181818006806,0.000510661171833
2022-07-29,DLTR,-0.8785627697376897,-1.2588386720091198,-0.6618122753275,-0.6030050097510039,0.9985514880142256,0.0104243474221822
2022-07-29,DNLI,0.43046225379866804,0.14074099231718298,0.16666746731698023,-0.32042223861798547,-0.7007633587679273,0.0032489754777963
2022-07-29,DNTH,-0.2826076922715335,-1.2162095027844948,-0.6071377449777401,-0.8108062887499492,-0.9952038369145451,0.0015345873578639
2022-07-29,DOCU,0.24036648269139646,-0.7003249731020915,0.28777758698710865,-0.0357143114327593,-1.0039375079359738,0.0136396859104153
2022-07-29,DOMO,-2.309856261059816,-2.334124998627567,-1.8415275351514193,-1.9589733429459533,0.8395522387970198,0.0110672130745257
2022-07-29,DOX,2.7635945765049725,2.3651495186377667,2.6490592143225173,1.9745321511587222,-1.2790845517955616,0.0046031222417374
2022-07-29,DPZ,-1.9345408911359638,-2.0545675897292237,-1.741379745939416,-1.1128631944203844,3.881997804567706,0.0263346648394903
2022-07-29,DVAX,-0.23214075082435104,-1.3863548717593845,-0.4561393961504263,-0.4629612809963136,3.0186393289654014,0.0136945781044724
2022-07-29,DXCM,-0.49715928256026476,2.025054386102607,-0.0020396938049437015,0.44706003857466897,22.298370963068596,0.0252652969670973
2022-07-29,DXLG,1.2424206636057864,0.6461515137700437,1.084741982884268,0.6166641210365577,-0.1896551724119765,0.006705290434919
2022-07-29,DYAI,-1.5652021583437676,-1.03999160378123,-0.6666617734307744,-1.333320897778688,9.847058821212457,0.0019640619859292
2022-07-29,EA,2.2185021760147983,2.3109515266035423,1.8863289894855413,1.8083781203245122,5.060993605484206,0.0097107644138163
2022-07-29,EBAY,3.120116554617053,2.951652513969213,3.0214703602350816,3.290656334185277,3.6570320761316077,0.0155394849785407
2022-07-29,ECPG,1.3540378901983465,1.6546388045512523,1.576777869101285,1.789012937132721,-0.07671957671906932,0.0159087935233608
2022-07-29,EDIT,0.7803738063191682,0.2747259229326529,0.7307681254218379,0.43292623393968166,-1.1622106049255796,0.0145149873149327
2022-07-29,EEFT,-2.5244531159849437,-1.262133978759045,-1.7307695098356302,-0.5464493265952646,4.304928131372639,0.0174008581308476
2022-07-29,EHTH,-0.5869549162245354,-1.3962223176269228,-1.711859932595424,-1.8163179254776494,1.853378054606101,0.0193603761864367
2022-07-29,EKSO,1.3333019383494646,0.2499937501502873,1.4285234509251552,1.4285281806703083,0.7956989246456238,0.0015790660951951
2022-07-29,ENPH,5.014923078329051,7.938647584743841,5.871405010170154,6.560803963321706,4.025313197178607,0.0403983656792645
2022-07-29,ENSG,2.798648307238243,2.4253878894566943,2.4105014353526673,2.4161879259101893,-0.46507666097222905,0.0025995165385129
2022-07-29,ENTG,2.292575904067755,2.7013789728230475,2.4518091132239537,3.040822126333958,-1.0820761245644788,0.0068655378627176
2022-07-29,EOLS,-1.9142823468827124,-1.6402099095679379,-1.7242823039114474,-1.298504691277562,1.873911049959891,0.0085033371706077
2022-07-29,EPIX,-0.3255808094204305,-0.6039578268470766,-0.4666640981064869,-0.33333243904270393,-0.12311236242578391,0.0086238358497452
2022-07-29,EQ,0.2142819232718854,0.11764567475544763,0.0,0.6666597008551278,1.3627450979056133,0.0008622789360373
2022-07-29,EQIX,4.3533042054785875,3.779223875366184,3.7287330923568107,4.286664103362236,3.3531353134575768,0.0053640267572007
2022-07-29,ERIC,1.6841892165610448,1.799960190739194,2.666587967048604,2.0555310369816002,-1.8104843117952276,0.0009463939342507
2022-07-29,ERII,3.7352845936231285,3.285708730185705,3.4444384724932697,2.980128051421674,2.524834437002489,0.0050077062630901
2022-07-29,ERNA,-2.857137607755376,-2.099998281471447,-3.999992000016,-1.9999980000020001,-1.5692729763933657,0.0002474882715824
2022-07-29,ESPR,-1.71427560479627,-2.0833235766238434,-2.8420892480954105,-3.279055470205456,5.929946112302849,0.0043578690560121
2022-07-29,ETNB,1.074067884073319,0.5384532545574143,4.699910770071105,1.952360195974865,2.2714835399549256,0.004144974791758
2022-07-29,ETSY,3.729024157551925,3.992933105987992,2.9510406069919766,3.017838113908442,0.18748406831458708,0.0418923714883442
2022-07-29,EVER,0.0265958297145279,-0.2681564077246839,0.08393240575250273,-0.13636387548495202,1.0049435028106648,0.0093898759951058
2022-07-29,EVRG,5.302773903733413,6.882897320167353,8.49377458976183,6.683195651777597,12.633048874998968,0.0109241655358319
2022-07-29,EWBC,1.3058184744994752,1.9941112498012625,1.5197685241267174,2.297782472142447,5.331851851772862,0.0073315872791394
2022-07-29,EXAS,0.10958784339972542,-0.40828439529549404,-0.14285629523496868,-1.0064127908707656,-0.4109660574391072,0.0082851063697835
2022-07-29,EXC,4.698616873901141,5.957639532790476,8.290933042540946,6.60295301115268,-0.06128149583848902,0.0045387009382871
2022-07-29,EXEL,0.12820823277591498,-0.9310329732647863,-1.1408421973169351,-1.390621026834532,0.4547779824013612,0.0076182379688006
2022-07-29,EXLS,5.850563455972143,4.762600131883391,7.680999044425731,5.689876553301805,3.216254416952039,0.0138289030567833
2022-07-29,EXPE,2.4369969469398347,2.3073886271304618,2.600269208577468,2.3462046342370018,-0.7485881207371038,0.015042080853617
2022-07-29,EXPI,1.4828928940866524,1.4890544507622274,1.691354850661066,1.563824395436488,-0.06456107756558699,0.0050634826656141
2022-07-29,EXTR,2.203701924877877,3.696963088419631,2.999996960048149,3.3973475685055847,2.555475633869608,0.0125253286128582
2022-07-29,EYE,-0.287424518238648,-0.3231912629099875,-0.18475083791865748,-0.38095263025850284,2.3938144329699482,0.0165491496798619
2022-07-29,EYPT,0.5806448387859483,-0.06578925636815239,0.6358688627882235,-0.15962432632473406,-0.28621089222975177,0.0016616032871227
2022-07-29,EZPW,4.749946586081212,8.916527991842015,6.111032320160364,5.17386787304789,1.742885181516332,0.0067829681113907
2022-07-29,FANG,3.835305914690593,3.2844273528212953,4.607697027891994,3.1820598534974076,1.235741444863564,0.0084272124964118
2022-07-29,FAST,2.2233502216933156,3.754059137305836,2.9148292750368943,2.9306413487933516,1.7944203683607902,0.007353402238257
2022-07-29,FATE,0.36496307973806197,-0.14230641755296444,0.28205174517348497,-0.4252329184207592,-0.8687138406725914,0.0082288367060219
2022-07-29,FCEL,-1.4687478065318575,-0.4999993746817846,-0.19999945804045727,-0.022222444986140302,4.125204467509083,0.0321894361467664
2022-07-29,FFBC,4.036702720618115,4.271859021396913,4.094027152143398,3.67670412772666,-0.19886363635987,0.0028472980535254
2022-07-29,FFIN,4.106392792852837,4.226675450877354,3.4406877831139586,4.143742210688502,1.9348659003337199,0.0029045409367804
2022-07-29,FFIV,2.9908499211794535,3.2559073633536855,3.5081933365311784,3.3502501062615564,-0.20313241575507232,0.0093283355564305
2022-07-29,FGEN,3.105246682408266,1.249996120138354,2.09754580797599,1.555547172637054,1.1041223969306917,0.008535727379926
2022-07-29,FHB,3.363602949523186,6.024357984303871,3.038090708920338,5.202153290971082,1.4119651646996443,0.006283875875622
2022-07-29,FIBK,3.4301054840292595,3.882376309908041,2.591661373577952,3.1487691153589683,2.8992214532621174,0.0086687786400054
2022-07-29,FITB,-0.37143520300150457,0.4259003578016086,0.8148057709718333,1.4614706846942545,-0.9570359516448197,0.0059194024062869
2022-07-29,FIVE,2.260872111264766,1.7799996836069176,1.5455942847140118,2.3846182208150504,0.1055753262150607,0.0139965194897673
2022-07-29,FIVN,5.395884985441528,5.480728527062555,5.496197030738224,4.221842060182947,24.50265111329443,0.055764973138588
2022-07-29,FIZZ,4.024090452224915,5.005461359176438,3.7247126710788256,4.4027023774545535,1.9816971713150848,0.0020722023665832
2022-07-29,FLEX,4.421669650694576,5.074455161457199,3.9405838411059406,4.717376768734745,5.708989798705763,0.0253347292955736
2022-07-29,FLGT,1.0736152707529854,1.2295080777186536,1.6108883084165997,1.958038268138568,-2.042735042676845,0.0053813780345172
2022-07-29,FLWS,-0.014924266348127217,2.3461410186945435,0.7441829978135048,-0.3863615846168868,-0.16240208877114987,0.011072211622948
2022-07-29,FNKO,3.3703652725824558,2.1729076574701773,4.071421930636092,4.284393528818058,0.893802453192725,0.0192327320166347
2022-07-29,FOLD,-2.545439625610014,-3.2888697976944985,-6.323491059806832,-4.0203922301322175,0.1805269512105951,0.0097373388881656
2022-07-29,FORM,-1.0653401652402397,-0.10714253627517561,-0.26760575546336085,-0.2492006436806977,3.6366427840079383,0.0114627716164389
2022-07-29,FOSL,1.0985886911593445,1.101690249229125,1.0740699652209817,0.48333253019884537,0.9396325459194275,0.0079630182486617
2022-07-29,FOX,1.8701300637491662,2.0083296811668396,0.23899248242143023,0.07476662752620472,3.3790078644683663,0.0057602270390303
2022-07-29,FOXA,1.8209875440184544,1.6779075106429624,-0.1610730500512073,-0.520000427460739,14.826415094269686,0.0227852567063946
2022-07-29,FOXF,2.7062129776883563,3.2879741229862547,4.37698902697415,2.241444728857388,0.0738916256133369,0.0045717820120635
2022-07-29,FRHC,4.12328593387971,3.7458365655370782,3.3852623797009853,4.0765021955145375,1.0705035970914962,0.0018822108802016
2022-07-29,FRPT,0.8712872174344286,0.981005346264382,2.253310111499127,1.6751573636449792,1.1606299212507039,0.0185103841243385
2022-07-29,FRSX,-1.9999833334728834,-1.0816259570520432,-1.8571298750624239,-2.340405029831583,1.1888770050932882,0.001328306775489
2022-07-29,FSLR,8.087720058853021,12.668766770618664,7.893699669274401,11.064441675430539,30.0,0.0891225289071242
2022-07-29,FTAI,4.634469680645961,4.419909346421819,5.252189683635735,4.006569203235141,7.204707109400192,0.020936207350489
2022-07-29,FTDR,0.7619031376573664,0.5307668905851604,0.9607833755679804,1.1999985047950243,-0.5149253731314819,0.0105354321808856
2022-07-29,FTEK,0.0,2.999800013141735,1.6665555628565194,3.4998250085827247,3.1506493504856805,0.0034746306373195
2022-07-29,FTNT,-0.0452965247052588,-0.5879823700716267,0.07723506029321697,0.01346959152964776,0.9388379204878243,0.0062500161253823
2022-07-29,FULC,1.9189150736564342,2.249989383281225,1.1718715823727681,0.8214257898174174,-0.17723414877506508,0.0056484615398865
2022-07-29,FULT,4.280476417588929,6.610183169884868,4.247204458670425,5.24051059131579,0.06963470319581708,0.0063057080131723
2022-07-29,FUTU,-3.507246497113249,-2.6059752099745377,-2.903319541611487,-2.593668947816281,1.1906153596324383,0.0256336196014497
2022-07-29,FWONK,2.003191574760772,3.6601277474275102,2.3128736967657755,3.5927042291648656,5.759484265836032,0.0071176573536406
2022-07-29,FWRD,3.4812786172874493,4.282011956596213,3.5032767889871854,4.133108939267812,0.6809605488617166,0.0042199921717994
2022-07-29,GALT,6.1481024758255955,7.79992450412304,4.076892104172667,4.652132783673215,4.321475625709579,0.0038492889419995
2022-07-29,GBDC,1.7567194712205303,2.411768583022628,1.8684001415460263,2.387101312860843,3.6697473813472614,0.0030143238802609
2022-07-29,GDS,-3.23278365430661,-1.5948538734189306,-1.8218051316768449,-0.6274492802214812,0.06241067174825342,0.0049034397600808
2022-07-29,GDYN,2.2970199938813196,2.6899951540673186,2.9459394304739552,2.28571166803757,1.1884057970768447,0.0036892402526765
2022-07-29,GEN,1.0526290584375362,0.8833309650299382,0.863092081336675,0.9777782249926148,0.7278757939298125,0.0097436156649898
2022-07-29,GERN,2.7999397097576266,1.5454286141693678,1.6363325056202809,0.9999788083359903,-0.605077574046248,0.0027639566685953
2022-07-29,GEVO,2.4782362549744175,2.5483737320093587,2.4285450558154427,4.666621465776539,2.9960028298528503,0.0552593798255498
2022-07-29,GGAL,3.333306030273928,4.999968527801656,3.857113232300688,6.549963192297598,4.863223462211974,0.0128298981909843
2022-07-29,GH,2.8394980797587968,2.1031352325023143,2.79573944868321,1.170489977757371,2.020230067417531,0.0092861020409816
2022-07-29,GIII,3.416001638892066,2.496503922374702,2.3311686426635676,1.9295744822213678,-0.17540322580409407,0.0102453786414846
2022-07-29,GILD,-2.4365150510010993,-3.370360396971423,-2.4615503497868887,-2.914447028641786,8.406447842586138,0.0080727239604665
2022-07-29,GILT,1.9999934115913593,1.3673408215772818,1.6530535240593338,1.857135148961364,-0.6003717471895772,0.0018575504167221
2022-07-29,GLBS,0.1666647167637533,-0.08333186168480154,0.4545366976426289,0.428564941288065,-1.1822525597108227,0.00293456027752
2022-07-29,GLDD,2.7045347867765623,3.2249868552854264,3.386353120583087,3.783766047811236,0.03211009174164633,0.0025623247643017
2022-07-29,GLNG,1.60526131244111,1.4819207432882142,1.2699968680928344,0.7708340036699044,-1.1725963574706793,0.0082114660396474
2022-07-29,GLPI,1.363146683400915,1.3892623545764171,1.1959675220862869,1.3380680689019973,1.511930585676009,0.0062612570182258
2022-07-29,GLYC,0.2857058794040365,0.1999920003123584,0.5999769546290978,0.1666619391111727,-0.5999999999736264,0.0008478792942296
2022-07-29,GMAB,1.2281508843151776,1.1929922339905064,1.2300446751013894,1.4888859159091612,-1.1740041928598113,0.0006764039435659
2022-07-29,GNPX,0.0,-0.967741948948434,-0.8999943450621463,-2.333337921553526,1.097049178889116,0.0001071511377562
2022-07-29,GNTX,0.7791433264813956,-0.051725940530777836,0.5853618190203032,0.49999524176043836,0.42226047045081894,0.0051709964554366
2022-07-29,GO,-1.116435341444371,-1.1456304974655482,-1.2992903028856952,-2.396814864514076,1.858014420389817,0.0105497341027391
2022-07-29,GOGL,0.462677611321473,0.19671844201076027,0.8852375463879897,0.3768085221221762,0.9908268253353395,0.0143210384295157
2022-07-29,GOGO,7.078403504119375,7.204037134931289,10.459551387425025,6.1999872806495535,-2.2724616508068305,0.0028800913589645
2022-07-29,GOOG,0.2431974331185599,1.3209308207842374,0.5295378085683258,1.1078335406503113,0.04364079182123315,0.0057006003938217
2022-07-29,GOOGL,0.4397321441062924,1.6014742271921762,0.7725527631715163,1.2877608039686343,-0.025691553563064837,0.006381519013958
2022-07-29,GOSS,0.5885706033314178,0.013986311554381231,0.3160373485802595,0.08928536470941255,-0.9233697654404436,0.0035824154838651
2022-07-29,GPRE,2.292928645729199,3.096773736008228,2.974061087645667,2.8361844196414396,2.7676712328463817,0.0152496392674735
2022-07-29,GPRO,3.1599902210527393,2.768280826971779,4.2655108206323655,3.2499854982707337,0.6161599999980283,0.0160396130183198
2022-07-29,GREE,1.0333327716013945,0.7105267871903744,1.03448152355576,0.9999994594595845,-0.05911330048290422,0.0037722494349669
2022-07-29,GRFS,-3.948264345219513,-4.566022950014563,-4.906238393284251,-5.328113192512407,5.776745579827529,0.0070462079434909
2022-07-29,GRPN,0.2894724278656418,-0.05217337521582222,0.015873325902581184,0.020833765938952902,-0.4431272028181893,0.0166311236369938
2022-07-29,GRWG,1.61999340558546,1.217817379833355,1.4499940092890997,1.9565132776213432,-1.200505282493337,0.0150576877796091
2022-07-29,GSAT,0.9999985185211319,1.3333317832239815,1.4285697454978374,2.4285652457203217,-0.7384879660361178,0.0013927730641007
2022-07-29,GSIT,3.0270093412401557,1.7586149231362505,4.999954278363478,1.660709069257462,3.847826085283554,0.0005898022795272
2022-07-29,GSM,2.1818032275234893,2.948700322679959,2.210517417152986,3.3939286476672614,1.6139724630249517,0.0081581822139364
2022-07-29,GT,3.0882297172393236,2.907679862309167,2.563373836571705,4.214265189458054,1.0631570563856911,0.0163246991070069
2022-07-29,GTEC,0.0,-0.5714238142063902,-0.1442265848854588,-0.31394661421212744,0.013333333329777779,0.0009709809113979
2022-07-29,GWAV,0.9999998095238458,0.9999999263352467,-6.999995333336445,-1.8999997466667005,7.199999820000005,1.1337125811864175e-05
2022-07-29,HAIN,-0.16504849288560308,-0.5045872093952937,-0.5652166132693913,-0.09574458506978248,-1.2905500705127606,0.0072622996363221
2022-07-29,HALO,0.2974113396343807,0.016759067282321835,0.004099228698413438,-1.0429433907269787,-0.7972554227463723,0.0078481053645584
2022-07-29,HAS,-0.26180558321278635,-0.9929699880389794,-0.2692139407741645,-1.0239661308452188,4.419274584249262,0.0208234017955268
2022-07-29,HBAN,1.0520829298684427,1.311826608037256,1.4615341174913044,1.7951696602690073,1.1825073927794145,0.010715797031907
2022-07-29,HCAT,0.9999973333472262,1.5178504447139216,2.4545311449606952,1.967737870402497,2.1948398576317185,0.0122574084255083
2022-07-29,HCM,-1.1046499219663455,-0.5306094143483192,-0.4230741453608797,-0.1250003932336506,1.6587566844808905,0.0032132978453615
2022-07-29,HCSG,-5.715521548382776,-3.636367715109743,-5.2991389055764095,-4.387754980787936,0.9585135666497895,0.0115515936164334
2022-07-29,HDSN,1.63953119335564,2.394729417441208,3.133325273093861,3.79308742033599,0.40843979868053865,0.0124996876781654
2022-07-29,HEES,5.9767215233438185,10.456512735333755,6.8430106864906355,6.477667427772745,1.491573033679933,0.0076502463592365
2022-07-29,HELE,-0.0014873049316542644,-0.29464995535744914,-0.4020952424494135,-0.7166227461485537,-1.2521802325399394,0.0087549276548082
2022-07-29,HIMX,3.2121091070899253,1.0188634957597533,1.54385538050595,1.4444370896006147,-0.7752019144457816,0.0108905575178772
2022-07-29,HIVE,1.8405744853153645,2.4328279426301322,2.0491743525193735,2.3466602859899095,7.493307839373817,0.0368251373856192
2022-07-29,HLIT,2.325393710970077,2.5084684890665323,2.1386841067407687,2.330823983195123,1.796313949782038,0.0064739904145985
2022-07-29,HNRG,2.7999887778545363,1.56027861883402,1.699995593834992,1.5789415200721335,-2.2673267326452065,0.0028883627839969
2022-07-29,HOLX,-0.009610075786056509,0.8080004161837091,0.654208849409081,2.0374837006797075,1.0036519871063216,0.0080394994558995
2022-07-29,HON,5.685175396742071,5.987759643665702,6.809244582482867,5.087566691327383,1.3820911528120492,0.0045198107312078
2022-07-29,HOPE,2.3982982205782553,3.1808801918833707,3.1786228914399484,3.4333690336956537,-2.577894235325604,0.003720038049417
2022-07-29,HOTH,0.666657366336556,-0.5294099333480673,1.4999850002072086,0.3999983258923133,0.04048996256541511,0.0011025502559383
2022-07-29,HQY,-1.0406962579963102,-1.337209320555266,-1.6199050136504642,-1.0909092770571334,-1.0009956853567805,0.0061574816986602
2022-07-29,HROW,-2.1738915260789486,-2.749976525600957,-3.0952085089408543,-2.096766124084715,-0.139999999986,0.0009311665946788
2022-07-29,HRTX,-1.1999916821693,-1.4705799560617019,-0.9032192845653055,-1.2187420569035043,-0.06610644257684564,0.0138738265607562
2022-07-29,HSDT,-2.9722215617285417,-2.283999573524912,-4.071427408163598,-2.2892558564345205,0.5243161090240759,0.0004338922354085
2022-07-29,HSIC,2.540317937542805,2.6944312131495503,2.609766377609217,2.5138963617042864,0.7474781439088939,0.0058459579469766
2022-07-29,HST,2.731711335923764,2.4159907899921094,2.463236033923087,2.6115659125780177,1.6237335117552822,0.0114993079152559
2022-07-29,HTBK,1.719994000925352,2.319997886852592,2.208317037191976,3.3863352887653915,0.2482993197194456,0.0020321013583591
2022-07-29,HTHT,-0.20875536844938372,-0.8082172324481642,-0.19047751568786198,-2.1308288530137496,-0.018156600680826737,0.0046662664292408
2022-07-29,HTLD,3.901222249992228,4.588217185602932,4.223860507300115,4.909031688945881,2.9058252426620226,0.004696383695439
2022-07-29,HUBG,5.231192343497484,3.724660455572518,2.8934445718059894,3.7117577905117294,1.9529983792228038,0.0063040233047845
2022-07-29,HUT,2.2558123759945405,1.6699014430159538,1.9318159576517946,2.047617735452265,1.120832897594589,0.0378537590509936
2022-07-29,HWC,2.368197792785796,3.3787727779182073,1.874649195723099,2.705884125313762,0.05978602894827205,0.0040150059512187
2022-07-29,IAC,-2.292134820250705,-1.9947455743903395,-1.990566363651471,-1.5140744998463114,1.5501191782736636,0.0122297424530179
2022-07-29,IART,1.837344595199173,0.8695641368609605,1.369423815445209,0.6884423186783017,-0.7439446366708459,0.0050550224631994
2022-07-29,IBIO,-7.99999680000128,-2.99999940000012,-4.9999980000008,-1.99999960000008,3.4685534547565364,0.0005892849185998
2022-07-29,IBKR,2.5759562646458396,3.943391978454404,3.6838368648176134,2.8536551186714867,0.6011431411500937,0.00837110715531
2022-07-29,IBRX,-1.076915579220529,-1.9264617104080217,-1.7307614366501873,-2.9428403655473936,1.54878545256738,0.0018886825058506
2022-07-29,ICAD,-3.363593372130837,-6.466578114477556,-2.333319367314763,-5.235214707624071,-0.5011337868253454,0.0024592829710184
2022-07-29,ICHR,1.3916663715833777,1.2467245837313665,1.6258815519174146,1.4967872940787537,-1.2318526543611732,0.0030369653797672
2022-07-29,ICLR,3.802619988356588,5.44014619064088,2.996661160791293,3.9345326644102414,6.97610156823038,0.0109204561202066
2022-07-29,IDCC,-0.3221509805696674,-0.7214874506416843,-0.5490368467426154,0.10000092629699045,-0.35963777489367044,0.0075844883974458
2022-07-29,IDXX,3.8172596146438407,3.584691916751719,2.715068056580472,2.3991614342921728,-0.015455065826955295,0.0067152852330359
2022-07-29,IDYA,-0.970145677944293,-2.415087738430242,-1.1699932072148718,-0.6065545938333687,-0.7352226720528708,0.0017341159321615
2022-07-29,IEP,2.7379253187304022,3.778713256914047,4.336324578097768,3.6691065924529735,0.7655024946433999,0.0008185776376603
2022-07-29,IFRX,16.39966914567302,24.423310304577225,16.899658549841014,17.466436588849955,11.719083969346372,0.0195417189109856
2022-07-29,IGMS,-1.781724816672865,-2.651396120666389,-1.9483459614322884,-2.89898752535065,2.369501466206173,0.0059554966209535
2022-07-29,IHRT,0.8571399175706977,-0.03389817647732138,0.47560833368944744,0.012987276824668747,-1.05539971948769,0.004097296955118
2022-07-29,ILMN,3.8765578111976526,2.726721056070097,2.7409520358780197,3.4452831650120133,-0.6886800371885174,0.0065780122162217
2022-07-29,ILPT,-0.4934042132686073,-0.6019432600038708,-0.4155588139202007,-0.0755968756900021,0.007225151337601151,0.0105783869509542
2022-07-29,IMAB,0.05691020551335847,-0.12499894244483663,0.0,0.0,1.9654768870454598,0.0070305796103081
2022-07-29,IMMR,0.8400005559427265,0.6800025761675672,1.4285707045099372,1.2083318404699896,-0.2286432160746572,0.0047906557518736
2022-07-29,IMNN,0.5714238142063902,0.1874976562770553,1.3076758575646432,1.0833170993181516,-2.108312342463057,0.0013610839426292
2022-07-29,IMUX,-2.294105554770964,-2.2631484930892714,-1.4004316849032863,-1.805546315789293,-1.8614035087066174,0.0007743887797369
2022-07-29,IMVT,0.6153813553296402,-1.3845915438585235,-0.6060545735267219,-2.8999491535258115,-2.224188790494862,0.0007912352236821
2022-07-29,IMXI,3.061053812268171,2.710931273471222,2.7823092456332765,2.7192969385540504,-0.004546832373418934,0.0164588512406939
2022-07-29,INCY,-1.776306451598261,-3.7355075143388827,-3.007504397512518,-3.6099119845206626,-0.7673169352515277,0.0061615096835534
2022-07-29,INDP,-4.230700051930636,-1.2173812949085836,-2.195095536345793,-4.153778299494052,-0.3622047243524087,0.0008247165470019
2022-07-29,INGN,-0.60714160054426,0.3341875536557631,-0.5539558499085335,1.3982262245901493,10.664974618747971,0.0125115296497961
2022-07-29,INMD,2.9228710541841982,2.7766489566414245,3.332834294278206,3.042664472895602,0.37610249744614965,0.0294627280871328
2022-07-29,INO,0.2999982284383178,-1.0909079634600027,0.23076818250646444,-0.69230614638202,-1.3704989946792836,0.0095020927917978
2022-07-29,INOD,4.028549070018135,5.799954744771221,4.399975947187253,4.675651899609683,0.6378378377688824,0.0011150266615973
2022-07-29,INSM,-0.42055901197871154,-1.2866664261277079,-1.0461487763133592,-1.4555523445409486,-1.4180919802302618,0.0035144648553514
2022-07-29,INTC,-2.075311537518511,-1.748835299194896,-2.008064347676399,-1.7617005505518104,19.068778467904952,0.028732901982757
2022-07-29,INTU,2.555554299336848,3.3762540377346633,2.9948235185757675,2.8830876412746824,2.935914855059167,0.0077929050610829
2022-07-29,INTZ,0.2307708590232166,1.2857062209666839,4.999997629399272,2.272728359254458,0.3546798022567886,6.710194972631453e-05
2022-07-29,INVA,-2.576901279559592,-2.454525324283972,-1.4999942655595866,-1.3928450044356417,0.24487471526009966,0.0116183855016313
2022-07-29,IONS,0.9481137984422944,0.24000263002904537,0.2582802127814828,-0.5380416878192986,-1.1692672998563822,0.0037467368916044
2022-07-29,IOVA,-0.9565193872625892,-2.402978538898173,-1.4647844738126607,-1.0365824830274883,-0.7935852651622839,0.0065905813848627
2022-07-29,IPGP,2.7595297607875042,3.127271270485556,3.1844346831928547,3.1038100715566945,4.794999999840167,0.0097895126072446
2022-07-29,IQ,-1.333323325976039,-1.9999896378074196,-1.4805131889249974,-2.0256312334397637,0.05842286205412187,0.0189311203445118
2022-07-29,IRBT,2.835321116109013,2.278586297350292,2.8872192144832547,2.6532986851961318,-0.0755287009052035,0.01120288341264
2022-07-29,IRD,-0.49998675528016745,-2.499920642879208,-1.7999280028112097,-1.4999617559185512,-0.25632911390782726,0.0007227056744051
2022-07-29,IRDM,5.203986641346554,6.833340669157457,7.248290811088267,6.814353370955325,5.482026143701274,0.0064681375479385
2022-07-29,IRTC,1.8469035843473662,1.7205058889773839,1.8905691394023159,1.4560437168400324,-1.8772213246869593,0.0076059548673017
2022-07-29,IRWD,2.923045691535012,2.399986140687046,-3.6841890224480562,-2.5454401694218936,13.031063321334006,0.0331273307728163
2022-07-29,ISRG,4.102456981953675,3.296526848165704,3.9313766610591316,4.008881837904182,0.3865192206414257,0.0054184633498075
2022-07-29,ITCI,-1.0839987665900492,-2.5504073783807724,-0.4736827536979292,-1.0711099706351779,0.401477832507371,0.0052054974559245
2022-07-29,ITRI,3.0372436765232593,3.409806921691901,3.510847554534191,3.7084847814650335,0.21925133689579027,0.0083673469387755
2022-07-29,ITRM,-0.41304222845626737,-0.7999988839215375,-0.729726960759133,-1.3333291472544957,-0.5317522967959908,0.0024537178945907
2022-07-29,IZEA,-1.806422787131064,-0.9999868422740983,-2.727211730429669,-1.1886677343752527,2.5436598327991704,0.0045434390611605
2022-07-29,JACK,2.7618039217294896,2.7088130837191833,2.430322093889775,2.6963166292364957,2.2265446223746785,0.0223880201290678
2022-07-29,JAZZ,-0.34563054766312434,-2.497434740453333,-0.9999991452929649,-1.1798608340374377,3.5873925501021504,0.0113365990202939
2022-07-29,JBHT,2.373843255264271,3.2812760748826024,2.464659507227363,3.387505380323017,-0.9115913555902595,0.0056835453163746
2022-07-29,JBLU,-0.09090590001391484,-0.4347813518875256,0.34782342295711316,0.31249953699357164,1.2542269007525475,0.0320055757803649
2022-07-29,JD,-4.424563450850605,-4.175745719463913,-2.828827405651347,-2.6839311133547303,1.2164879356558773,0.0051425420843531
2022-07-29,JFIN,-0.6391588893336018,-1.206838992091555,-0.19827263841929657,-0.999969699055248,-1.1834319525226706,0.0002919427638528
2022-07-29,JKHY,2.8381517817986577,3.274302183804814,3.0785325178446805,3.0484147770261028,-0.07923497267615237,0.0051771183550163
2022-07-29,JRVR,-0.05824965372962643,1.5686145480006477,0.2763081556543276,1.7984421455546546,4.844230769044453,0.0055581967518397
2022-07-29,KALV,0.5576917185467182,0.20170468107688572,0.33333318980456916,0.01242263179091956,-1.0243902438712076,0.0022045394202222
2022-07-29,KDP,8.466744791075948,8.816254044411096,10.048907232826444,12.25636704684686,1.2129831246581206,0.0053928876055711
2022-07-29,KHC,-7.827397726941215,-8.653133234000203,-10.482598921016399,-5.135607019880789,2.9449752453722358,0.0083208475510857
2022-07-29,KIRK,-6.083281563127386,-9.555444674486406,-5.999947826544977,-5.57138609971849,0.24634146341223084,0.0178602571268865
2022-07-29,KLAC,1.727092512172991,2.963930975085998,1.7661834591362844,2.7300825920641723,1.1190907823145473,0.0137485231813495
2022-07-29,KLIC,0.5277795379617392,0.5026403782044613,0.8573802459309986,0.8367963785372917,0.46605960264643453,0.0135473332434174
2022-07-29,KNDI,-2.1110903036276616,-2.8666193322929816,-1.4736712078546654,-2.4999612999815812,-1.4105113635962923,0.0015986615856492
2022-07-29,KNSA,-2.5302960633247844,-3.3333233424420174,-2.8333262730914894,-4.288432524066741,0.9110556940829417,0.0064771063687975
2022-07-29,KOD,1.2580604543754175,0.5151503043833033,1.4915185595623928,1.4252840042080064,-0.13872832369764,0.010153881736473
2022-07-29,KOPN,1.3684141311385474,1.3023204653844558,1.8484744775541209,1.512812127807046,-0.735800344230913,0.0044908343662339
2022-07-29,KRNT,0.6830189689826923,0.6145049400888947,0.9319909143662918,1.0436883924967146,-1.8677855797161576,0.0087849539462798
2022-07-29,KRNY,2.437463668424084,2.8787493070475496,2.5499784416592535,2.2272610964821378,0.967503692733604,0.0040244844742233
2022-07-29,KTOS,0.9166635684852642,1.1363619896636703,0.9886338581263632,1.261903460361323,-0.038187372708368764,0.0046918831465365
2022-07-29,KURA,-3.046357219844193,-3.8904082781742244,-1.5755798451608907,-2.1410771335934795,-1.7860106698175102,0.0065011454399108
2022-07-29,LAB,-2.14282726088887,-1.590893987857955,-2.2142520142230873,-0.888878423771059,-1.4474595842788978,0.0007852533142756
2022-07-29,LAMR,2.47926133952451,2.376867309368172,2.409014629196084,2.3989236498855866,1.5397590361260272,0.0064352985774244
2022-07-29,LASR,2.99999444445434,3.614964029533246,4.2705800744141165,3.6086882128272197,0.5576208178231368,0.0036589096693928
2022-07-29,LAUR,2.0540416443072447,1.3823321598416807,1.4615216304961987,1.309512155890451,6.3602584813531475,0.0074788979090677
2022-07-29,LBRDK,-3.592505858036757,-3.3650117372164012,-2.8986688365198674,-4.304342592146134,7.992444276479089,0.0150077627760662
2022-07-29,LBTYA,0.02631129208403692,3.1499925946802607,0.46340919658833546,2.046148633773138,15.005736137476028,0.0136981097322312
2022-07-29,LBTYK,0.0,2.346150042304279,1.073167198720808,2.4999948455851544,4.722420907827448,0.0226714693455311
2022-07-29,LECO,6.452957539958418,7.182960362354405,3.4006739912935475,6.039494483903278,2.937223042792656,0.0080153632257062
2022-07-29,LEDS,2.016122516231129,1.1896509922058325,3.852917316044006,1.0615351275605003,0.09374999999841638,0.0123409884438429
2022-07-29,LFMD,0.9999888890017481,2.178555715404905,1.9333107347497005,3.399960278408155,7.996138995830265,0.0061995751810639
2022-07-29,LGIH,5.222854804425848,6.950000271477566,4.726098914328561,4.715032523598463,-0.6406727828550253,0.0081591308324535
2022-07-29,LGND,-0.0766145739292593,-2.3397309165238824,-0.7074240013300289,-1.5642015220957206,-1.0390696849596324,0.0065683912045452
2022-07-29,LILA,0.09090919674478001,0.179486541196105,0.8627336383205083,0.9722174832832932,-2.397727272618285,0.0030340132911343
2022-07-29,LILAK,0.06666611626242859,0.08433658302681601,0.7777717849586642,1.2812423182025332,0.931965442760553,0.0076014627475496
2022-07-29,LIN,3.2966162498836495,3.3937264715497206,3.2613264566956692,3.440608370491774,-1.2703766898509767,0.003618855093548
2022-07-29,LIND,0.04166651777332954,0.18478166052715464,0.33333256705146924,0.37614634363413135,2.2130089374159585,0.0128640100830976
2022-07-29,LITE,1.8730381077739242,2.5650895411492938,1.9834069192248822,2.4944446816700467,4.143451143416686,0.0148121387283236
2022-07-29,LIVN,3.4809081154007204,2.144482117874679,4.302757594828185,2.9612783085353245,-2.0614366729288953,0.0035251822386747
2022-07-29,LKQ,2.4842458692966876,2.2939244384631117,2.218952874530867,2.375412250232437,1.3119445046550533,0.0065673190894654
2022-07-29,LNT,3.747950587699812,5.699887336542819,5.817756520455246,6.706636137302335,0.6896039603926257,0.0045812523568067
2022-07-29,LNTH,1.740843965575519,1.9278529198758867,2.157731458696008,2.9544644331263763,-0.0008739730816260305,0.0145515397347981
2022-07-29,LNW,1.78880194573876,1.1140932807480162,1.0309270198446165,1.2830668200316473,0.9859343603350847,0.0056566935851721
2022-07-29,LOCO,1.1249862745599095,1.714681901677883e-06,1.2874870510047898,-0.04999722040780732,0.18832891245685257,0.0032541676181776
2022-07-29,LOGI,1.4412729488949185,1.913042351972673,1.6117644522063561,2.5714320909572495,2.1694298422792606,0.0066005361930294
2022-07-29,LOPE,1.5411549852442705,1.2607640518621253,1.3092784411658371,1.220256014117082,-0.7809621289502362,0.0067990029521528
2022-07-29,LOVE,-1.2489072059990185,-0.9535459928549243,-1.3576815363180523,-0.7675071085930424,0.3530701754308537,0.0209483894953864
2022-07-29,LPLA,3.251197647684354,3.780360297609764,4.154666336964687,3.693823063396438,1.9672330096928219,0.0091667640320137
2022-07-29,LPRO,0.058824618690948655,0.2715235804765547,0.669173367448201,0.2967024603463224,-0.4389757233108115,0.0072339146623477
2022-07-29,LPSN,-0.8965493607082576,-1.0201326827609605,-0.9912261330510245,-0.9888853727035649,-0.149620105200762,0.0079922027290448
2022-07-29,LPTH,5.312430148767086,4.349954891136434,3.578911214669971,4.684159105987628,0.37305699479932347,0.0009683551964835
2022-07-29,LQDA,2.048774852552935,1.453605407401904,1.2765944100329416,1.2427158088290855,4.478062338675886,0.0184844994218889
2022-07-29,LRCX,2.140094139617855,3.1283271532582293,2.095700323751693,2.8412852777933866,3.9681219681205935,0.0192979444576178
2022-07-29,LRMR,-2.9090401848444305,-1.7804711435786535,-1.8666404006151232,-2.818130776487221,-1.4459459458156805,0.0002498910631146
2022-07-29,LSCC,1.6308035422628937,1.6537286954432433,1.8013471134482586,1.9040506149791951,-1.7408821034701405,0.0065211388376182
2022-07-29,LSTR,5.400625521024505,4.731329877039473,5.9826189858078775,4.866333476284663,0.45099818510978223,0.0080699737513485
2022-07-29,LTBR,2.6458276763201654,3.233639327906137,2.988758141320503,3.669991463159877,5.771349861940973,0.007914581886955
2022-07-29,LULU,2.2625333443163336,2.030778902711729,2.072934754448684,2.750002045550504,3.7761497761190386,0.0119822369958708
2022-07-29,LVO,0.9999818184950517,0.12499668882004637,1.117617627077099,0.3333259260834674,1.2158490565854212,0.003867111238766
2022-07-29,LWLG,0.7111098849335642,1.0692292822669835,1.140938113106658,1.177303313792699,-2.1933064050652433,0.0042678865214076
2022-07-29,LX,-6.7140374875216295,-7.461258753879247,-5.7893200582060675,-6.888689385316382,0.8453663793012354,0.0064571002470056
2022-07-29,LYFT,1.0399968706366027,0.21126780508415846,0.402984509028919,0.9891280366212564,-0.0654565748910038,0.0287265727105603
2022-07-29,MANH,6.12631107274346,5.518025395483632,5.22509314365242,5.678428077197639,-0.09235668789710874,0.0046891521973298
2022-07-29,MAR,1.936030733683498,1.9110044947037583,1.8801292866572084,2.2585528221716373,-0.3877254820634969,0.0070340957765386
2022-07-29,MARA,1.6285708107584773,1.5233809413381512,1.8049274247547697,1.4018176271411151,1.7901768749205909,0.092299975820737
2022-07-29,MASI,2.0869015183175446,1.3433604856269075,1.667509220013461,1.7341802167445362,0.22677484786834262,0.010859587824233
2022-07-29,MAT,1.4260803948808884,0.6764707467822964,1.8181797214121707,1.8552528600772487,-0.819932119715125,0.0070848806231989
2022-07-29,MBOT,0.0,1.5713817286485106,1.0908912269463094,0.999988235437804,-0.02499999999375,0.0002647901106649
2022-07-29,MCHP,1.3969779986037616,1.8690467717778112,1.695045568524189,2.242571765546915,-0.03614656237128671,0.0072159963524383
2022-07-29,MCRB,3.8332995679185813,1.6956409319283317,3.3708061663271787,2.0967621298046533,1.0517821116313335,0.0080833219698061
2022-07-29,MDB,1.3649561521495637,0.5932141806473449,1.113961441774682,1.230972399997922,1.5128460962758152,0.0218222721827208
2022-07-29,MDGL,-2.2549806284229454,-3.04674742866582,-3.5041064549239205,-2.5108886377771262,1.1399176954263408,0.0085008287968406
2022-07-29,MDLZ,2.2752425285357543,2.031252551498949,3.017419599873802,2.2147680088859585,-0.12003941932295793,0.0047828705814192
2022-07-29,MDXG,-0.0833319444662677,-1.9230402841371228,-0.7499849756963648,-1.3333111114602831,-1.9416282641492588,0.0016788132947898
2022-07-29,MEDP,2.1577854443065636,2.2606527311453704,2.231639454084747,2.569427671306761,0.049918166938626544,0.0092892776329544
2022-07-29,MELI,2.211941922401334,2.063625084951112,2.0243951823136945,1.8488996053966305,1.019275700922672,0.0131643831833585
2022-07-29,MEOH,-0.9791655336837045,-1.1079532172995703,-0.9454525097475047,-0.599116161006705,3.864734299490236,0.0155767769811499
2022-07-29,MERC,3.6742343711561656,2.9447757315172756,2.812945699092873,3.039363473981546,1.0586985391710029,0.0078524557804004
2022-07-29,MESA,0.33332089812662136,2.285648981395424,3.499836928926992,3.7141669447396612,0.7481426448625834,0.0107302266587918
2022-07-29,META,-1.8918046433498048,-2.3379562869271577,-1.4032603220119237,-1.9599940652965968,5.24616109279157,0.0192088220399642
2022-07-29,METC,0.9054036273008857,0.4516107527584937,0.4444444150143513,0.73999921412161,-1.88983283729979,0.0120696434724446
2022-07-29,MFIC,2.8999414789938953,2.7998713220864473,3.9284446430238935,3.562390057411926,-0.06004140786500864,0.0018916552029944
2022-07-29,MGNI,-0.3846150339357598,-0.6279057228091903,-1.0967705067246125,-1.0470568812519023,1.1485265225903116,0.0137298787008203
2022-07-29,MGNX,-1.7179390302008448,-3.857115427957695,-3.034462625073209,-3.2399698078093935,-0.8157665505202794,0.0084545484805112
2022-07-29,MIDD,2.731117260771819,3.2002172900634087,3.2401786789820974,3.17838879497879,1.001994415628225,0.0102057554868751
2022-07-29,MIRM,1.0542632150897906,1.8429284645331918,1.2609680673669494,1.316174617535937,-1.7836065572600914,0.0025747640479697
2022-07-29,MIST,3.4444330608891383,2.937054628253846,3.160702434895232,3.348829163525289,11.239227339933455,0.0080218915170371
2022-07-29,MITK,4.081615953676598,5.109080180682173,1.9821336797740974,5.843123617089179,14.672022684032665,0.0242155261395509
2022-07-29,MKSI,3.094677599645581,3.4090870169290195,2.92994924146566,3.306433531571225,1.424385633261346,0.0100567555065295
2022-07-29,MKTX,0.6925626155064166,0.8396373496001045,1.6400856694028596,1.0298820079122055,-0.024949426837155102,0.0081738881283626
2022-07-29,MLCO,-0.7592571012933794,-1.6976683534837784,-1.1551687139463727,-1.5101966862520113,0.3174059226686701,0.0079059865697355
2022-07-29,MLKN,3.749990722212206,4.3921365666568155,3.014494100284711,3.9918222299155257,1.034585569456952,0.0071221286381899
2022-07-29,MMSI,4.200004572531573,3.472727603165941,3.541170984542734,3.976328351482341,0.07657402155330036,0.0048538018626274
2022-07-29,MMYT,2.4522284570713455,3.06896253555965,2.78104449412773,3.252742835221181,3.958620689545969,0.0046238586542603
2022-07-29,MNKD,-1.9333268600396039,-1.5714236909091601,-1.5192237533705106,-1.4905599716222036,-1.8116516397467322,0.0072366515717971
2022-07-29,MNMD,0.25714203325698537,0.15789453506035925,0.2500012601972968,0.33333222611929675,-0.005798076542296352,0.0011970534069981
2022-07-29,MNOV,-2.6665777806558766,-2.3332814825842716,-4.428421547830153,-2.4166303631023203,3.2876712319759807,0.0005464235761384
2022-07-29,MNRO,1.9495778024211687,1.6913269530255972,2.034570063842983,2.2215531435060676,0.29320722269487176,0.0125611865346217
2022-07-29,MNST,1.9739565802726418,2.6993397066350235,3.0526298859241496,4.153266000771152,1.9341721854279017,0.0061893278986721
2022-07-29,MOMO,-2.380921874106526,-1.5636213264243202,-1.4090727719278908,-1.5199828060563916,5.611311053965342,0.0262745034742678
2022-07-29,MPWR,1.758512120596344,1.8741069090449336,2.2276727043082696,2.3322023221336856,1.3526570048047795,0.009733422471065
2022-07-29,MRAM,4.1176226725290785,5.5428257809622785,6.037005596600813,4.72497610690426,1.5438016528415273,0.0053865184926695
2022-07-29,MRCY,-4.628435542766226,-3.52994736652695,-2.6930698229070886,-2.6401679996162954,0.8007039155230911,0.0065280188736151
2022-07-29,MREO,-1.1199904487983334,-1.6546633708407426,-2.0190287091789068,-2.4090680232747497,0.0590079588390401,0.0121691823899371
2022-07-29,MRIN,0.0,0.0,1.3333223938781498,0.9999916667281633,-1.2490745266118495,0.0025926927420509
2022-07-29,MRNA,-0.9522771922228574,-1.0642365896233161,-0.04735199785177044,-0.155340322211062,-0.2609217276185165,0.0099812994057508
2022-07-29,MRSN,-1.5199934241156592,-3.0751240010130747,-0.7241356608099832,-1.510631610616422,-1.3368345667159856,0.0037518755365839
2022-07-29,MRTN,6.27404762258005,6.587769467327983,6.014798996631865,6.857137404638914,1.3128181397379657,0.0063892864444898
2022-07-29,MRUS,-0.2900770480580488,-0.954801235808943,-0.4616828294077914,-0.40476071914080697,-1.0671447196731794,0.0012215862511683
2022-07-29,MRVL,1.5225911493357775,1.9082420971255938,1.859797124069477,2.1290337440065694,0.15364842170192025,0.0104480731216168
2022-07-29,MSFT,3.9976615664047035,4.165430868006683,4.637630464739832,3.4563860637558697,3.5574890984672725,0.0043251125796963
2022-07-29,MSTR,1.4707397716857096,1.3048781589928231,1.7117278472376707,1.7652611811657033,-0.7987072945514324,0.0249739398134621
2022-07-29,MTC,-1.0265428029831374,-1.3314533295293163,-1.9444229133393738,-1.0109236208989012,-0.9590316573199615,0.0011394812382627
2022-07-29,MTCH,0.2317077588896298,0.4341113376382444,0.5055533700502284,0.6936518969785159,-0.09111361079842241,0.0091706634350067
2022-07-29,MTSI,3.182319568727098,2.7730582727629707,2.673849697692152,2.5656145990109045,1.5479233226672213,0.0074737892757311
2022-07-29,MU,0.5177081771317004,0.5774140260428141,0.7889016280400978,1.0921758650461912,-0.19613098561833597,0.0127058702274741
2022-07-29,MVIS,0.24137745742958827,1.1538401426644376,0.935477885244293,1.3420983976159686,4.704907377309451,0.025072958513433
2022-07-29,MXL,1.314783053638639,1.8942479503031449,1.3742143606125703,1.507845821683555,0.62289816738854,0.010109547108035
2022-07-29,MYGN,2.1890101926449455,1.6666661469076813,2.2960358245488375,1.822833624987625,-0.7022132796686491,0.0050460338022423
2022-07-29,NAVI,2.0620149863263166,2.4818181077796826,2.0944149966543595,3.2580496172929334,1.3379087605866944,0.0114806992842895
2022-07-29,NBIX,-1.6581196621342775,-2.7975373822472744,-4.365230048570453,-1.331426651209551,1.089875275120397,0.0074490944852443
2022-07-29,NCMI,5.937492235629413,5.999993728279836,4.499995327148893,6.571422449447475,3.2070263485397716,0.0008796939245022
2022-07-29,NDAQ,4.212593670926815,5.120525574176588,6.140002649171434,7.767052968345884,-0.4366956001188532,0.0039250969856256
2022-07-29,NDLS,-0.12499982203576807,0.6296241808389137,0.17999958517744055,1.1111047911370975,4.266339066297137,0.0147503806866083
2022-07-29,NDSN,2.6935661718126878,4.127045941317474,3.0259106201495003,3.3930272015309746,0.2965367965239594,0.0035669291200227
2022-07-29,NEO,2.959991191162818,2.175816975368059,3.686554714900381,2.3490510257689383,-0.17176853452624474,0.0106282596360866
2022-07-29,NEOG,0.7358473626586824,0.4166629839588072,0.8124981831209888,0.6910548035376167,4.488674496631743,0.0125176236419428
2022-07-29,NERV,-2.210797686750854,-1.2881309938031529,-1.2222165347359402,-1.3912978930782758,-1.9414634144447351,0.0007435571488015
2022-07-29,NEXT,9.022186880196712,7.669615534079715,6.564079955603763,6.6031529559880475,1.272279934383421,0.002815982061265
2022-07-29,NFE,4.700578316758561,3.5456698713649266,3.7649338077045145,3.2418553252254525,2.6379746835175903,0.0033454845637976
2022-07-29,NFLX,2.4857547549605843,2.3162988157161917,2.660584117307771,2.4128237712030307,-0.06625246430489688,0.021191705032375
2022-07-29,NICE,1.66232000609553,2.2123517767988523,1.832756525953035,2.5330356778973675,2.15548003394808,0.0048521892559344
2022-07-29,NIU,-1.4337308620332159,-1.2641487704014365,-1.1176448910581596,-1.2345649401388794,-1.2571478080011882,0.0050211027674483
2022-07-29,NKTR,1.3783717288369033,1.3333211021392628,1.2432362095703662,0.9705825672363315,-0.4601139601130862,0.0116854017108713
2022-07-29,NMFC,3.8636059581658597,5.499935518643904,3.6799643399062383,5.8420239360783635,-0.7051886792286512,0.0016717508414386
2022-07-29,NMIH,2.921049003925325,2.865113927758957,3.0546220351860462,4.218377125674395,-1.0207214121101962,0.0036861551285409
2022-07-29,NMRK,2.279071100675244,2.1851773882703043,1.447097792888603,1.3333301698908324,0.619995526725028,0.0070770278156782
2022-07-29,NNBR,1.2285642525003837,1.333322884583535,1.781239030235223,1.8333220383679818,0.4208809135262355,0.0023481286156869
2022-07-29,NNDM,0.5384532545574143,-0.6922988755364294,0.4499921922416046,-0.272722314135006,-0.23355557766895502,0.0097592570631003
2022-07-29,NOTV,4.078614402862003,3.308268369654226,4.187894538620192,3.6729209379161802,-1.7846994535129028,0.0025096473797805
2022-07-29,NSIT,3.966151217644924,3.340118753496787,2.6694953119696323,2.908883879301822,-0.8490878938358511,0.0062456322880073
2022-07-29,NSSC,1.5775863263195833,1.3991754344344374,1.6419757302986808,1.641023712308715,-0.1199999999974054,0.0034229452713357
2022-07-29,NTAP,2.572696957692231,2.10887238657629,1.8683663548781964,2.032850166003757,-2.8183856501989384,0.0050553115920984
2022-07-29,NTCT,4.8444261438795655,4.4117743148843545,4.410244524163683,4.867930010230289,-1.1478472786259315,0.0048219835176241
2022-07-29,NTES,0.2037328052393086,0.5745688201053801,0.7187518488106658,0.4139573346264208,1.328959194674352,0.0032686106429264
2022-07-29,NTGR,9.508453802837657,13.329973263759527,10.285707839301665,8.517226728439034,6.492389649825078,0.0218851428353695
2022-07-29,NTLA,0.6746407032676575,-0.2700446148751275,0.8915656914185032,0.5958196320329909,-1.7993758359259946,0.0073350270969985
2022-07-29,NTNX,0.4799995295868372,0.1496590595108674,0.17930883413830062,0.8947345832701665,0.018860662047656424,0.00647373829042
2022-07-29,NTRA,1.1561514097803636,0.9135336582843221,1.0480275145794349,0.9946901272866423,0.10400929691999221,0.0079054044057816
2022-07-29,NTRS,1.1421238243441327,2.12425833370484,2.5932342035652547,3.7279711672778366,0.7739578856830773,0.0046037379726319
2022-07-29,NVAX,-0.11248450003452853,-0.6248447689341218,-0.018691421920083724,-0.9871175598640646,-1.324659005694524,0.0241550819427519
2022-07-29,NVCR,-2.2015772133389113,-2.8181160229441184,-3.588978457032579,-4.560192164219435,9.010820558899715,0.0081744984760951
2022-07-29,NVDA,1.892094917138382,1.6701090302291437,2.039892056296202,2.28638459082165,-1.2673923956984479,0.0178467220604525
2022-07-29,NVEE,2.5669001659596433,3.313612064679268,2.923053945462367,2.4148731222685282,1.9066666666031111,0.0037591391387401
2022-07-29,NWBI,5.948754223575108,9.82136715934905,7.93544418086099,6.000005971950931,0.11646586345277586,0.0055389562012312
2022-07-29,NWE,-0.9875664031849999,-1.0099978607384186,-0.8505758928879088,-1.4576236969822,4.568801089856011,0.0096474608769944
2022-07-29,NWL,2.1566285307433146,2.8787723070364066,2.3013767230776456,1.555539120166175,8.791171028261191,0.0137858052653252
2022-07-29,NWS,2.6352955061671595,3.310817089327231,2.239584543544968,2.6179864768547043,-0.3457127252829524,0.0027516189105684
2022-07-29,NWSA,3.061722074999038,3.4615162251367293,2.3883431604532066,2.956028898650705,0.11044645462471418,0.0058448988794073
2022-07-29,NXPI,1.515378919606439,1.6234084865118612,1.7487339815718386,1.8448645168094673,0.7401203873292849,0.0099660910022868
2022-07-29,NXST,5.675440710704665,3.8312863293265926,2.956162104790222,3.0562538243433375,2.902958579812948,0.0128387502786044
2022-07-29,NYMT,7.444358121363247,9.999790907362108,5.666627935856204,6.222108045861233,3.0481535119184344,0.0099470118386969
2022-07-29,OCFC,5.941197260189513,4.970588231327145,3.2142861885987997,3.040528918866007,7.2696011002126655,0.0084462555390547
2022-07-29,OCGN,0.09523708009212951,-0.7222132410162256,0.09523718821639007,-0.4090878304915133,-1.0225621610549243,0.0143544479727986
2022-07-29,OCSL,2.555567971173749,5.499975035735771,3.200014536829635,4.357141730853415,1.6959054572082197,0.0033104264102836
2022-07-29,OCUL,-0.6111029965224161,0.08333393125654179,-0.0967719525040455,1.9333122181911613,2.276565798701245,0.0032190514520003
2022-07-29,ODFL,2.6273115437916625,3.820845082834813,3.357461413360465,3.800253609089652,3.5555555555432097,0.0123870243905817
2022-07-29,ODP,1.2917497932434463,0.9764249378310202,1.0927265380396893,1.074487057671415,2.325070821496812,0.0167179215448231
2022-07-29,OGI,0.19999800001809248,0.33333055557605445,0.9999750006011436,0.66666508476577,-0.020816991492085598,0.0029120788763557
2022-07-29,OKTA,0.18448254532122055,-0.4628053756059303,0.04209803829152398,0.008517100840918565,-0.7935820895498699,0.0105126669193437
2022-07-29,OLED,1.7848597404153166,1.8434650725389654,2.001531746096473,1.8548061872702786,1.613584474867425,0.010004402864179
2022-07-29,OLLI,-4.245849437545539,-3.9190102077217817,-2.5000011385325154,-3.187372070025966,-1.558316508769814,0.0145662927952196
2022-07-29,OMCL,-0.7175715725062728,-1.1257607417203714,-0.980675409613447,-0.5036998769637766,-0.3596559812297161,0.00721550008966
2022-07-29,OMER,6.315721341329273,5.447338562067967,4.599968856698854,8.81809968324848,0.8634169884149049,0.0217501752379705
2022-07-29,OMEX,-0.4488165022273042,-0.4975082605502909,-0.11034503613580239,-0.20238015761301517,0.6391509433660778,0.0020197655837431
2022-07-29,ON,2.0727731102859166,2.805969318268447,2.1869037168008427,3.075032103712677,1.761574771516346,0.0229797966203885
2022-07-29,ONB,3.709664945224755,4.999973969589106,3.419049055084802,4.7222243311955285,0.4891169704459773,0.0059393320639374
2022-07-29,ONC,-2.5099197714672323,-2.0334371986280586,-1.3040363859930144,-2.5660607893877816,1.548997772794009,0.0031314163185629
2022-07-29,ONCY,4.666515089662125,10.665963549045568,10.33261138106332,9.999341323902918,-0.3238636363513688,0.0006896424042137
2022-07-29,OPCH,2.1587282018237968,1.4285711572018067,2.1932199917513038,1.3977565606330975,2.0002763957877265,0.0072209639317113
2022-07-29,OPI,2.494694811150108,4.621282232300987,2.777667048146034,4.055691067427339,1.9966629587987395,0.0040315244300928
2022-07-29,OPK,-1.571412956835692,-1.8749844993061318,-2.095215653927037,-2.1999862147944005,2.0093493366973862,0.0035628532663655
2022-07-29,OPRA,3.2432166639749624,2.3589581836005213,1.9999842218423065,1.5312361558173682,0.02398523985151346,0.0007296016343791
2022-07-29,ORGO,3.896525758724352,4.523764710322797,3.0588026490421383,2.9285505103335483,-1.12436430882513,0.0035134197495821
2022-07-29,ORLY,1.8172514834247115,1.927221480964995,2.160535227273111,1.9618111598223855,0.4579748510859302,0.0082563918903573
2022-07-29,ORMP,0.6701017922155407,0.17171597827307145,0.9999981308440821,1.1630411245545635,-0.8507483179984876,0.0118284965912289
2022-07-29,OSPN,-0.5490139277264843,-0.7874985393026375,-0.2380949258715552,-0.368421346781266,-0.5590200445185292,0.0031119190691485
2022-07-29,OSUR,0.5999880002285516,1.3636115706750707,1.0769045341121817,1.4615159766558439,-1.6326394671053035,0.0064809700548727
2022-07-29,OSW,3.785663337061227,2.380917482537212,6.16639200759033,1.3181728653096136,2.65953654187052,0.008207935643517
2022-07-29,OTEX,1.4079555458681978,1.6474277787970433,2.3834391674846716,1.7712664817766102,-1.513644859801767,0.0011367424242424
2022-07-29,OTLK,-0.20000036293872725,-0.571428728238904,-1.3333288889206578,-0.749995144786838,0.9768950140288779,0.0008398170458795
2022-07-29,OVID,-1.9090561989450947,-0.49999266020732586,-1.8571087811645222,-0.2499937501502859,-0.38446601941001035,0.0009651776292648
2022-07-29,OXLC,2.499970605423856,4.964201893456199,2.951377526933173,5.1598737016318585,0.957746478868888,0.0026411746017892
2022-07-29,OXSQ,3.3232709865436814,6.006482394243119,2.9163122597296147,3.3330433821628827,6.607038122779645,0.0031609337702127
2022-07-29,OZK,2.2075067324087887,2.462019210537302,2.4723201715469094,2.5225138196224046,3.4450182259815003,0.0116457167001161
2022-07-29,PAA,2.728264609365035,2.566486765586241,2.7600196735105866,2.3089494887253084,8.52906572543074,0.0168628938753239
2022-07-29,PACB,-0.02380881573947088,-1.043475536767516,-0.40624760065216925,-0.4799976222458392,-1.4750793869929817,0.0113835059022601
2022-07-29,PAGP,2.643876142717844,2.618046552094864,2.6622970682540257,2.2911795068158534,0.030678466076635835,0.0129561453192005
2022-07-29,PANW,-1.1913167455071725,-1.6253309726773064,-1.1576898672724063,-0.9452691906850207,-0.10005621135463115,0.0107149982523485
2022-07-29,PARA,-1.3888770413703977,-2.2592569388501147,-2.152929451526245,-2.728139128504247,4.396893059447047,0.0245261964927429
2022-07-29,PASG,-3.4999637605745315,-2.936779528009081,-3.9374493849259786,-3.5499680765674717,-2.3861671469052976,0.0017892685721089
2022-07-29,PATK,3.0248762131800304,3.0695105274125116,2.699744883653688,2.208410537712315,1.3843700159195242,0.009812190062941
2022-07-29,PAYS,1.1428425195113534,1.71423673604654,1.8571180298514678,2.7777113414689305,2.7258064514370446,0.0016986773387512
2022-07-29,PAYX,4.543391760834709,4.039207692379759,3.6017890290819854,3.991238967375894,0.20289000294778595,0.0042363633908373
2022-07-29,PBYI,-0.7878734436598914,-1.032251380019147,-0.4411746591728875,-0.645156135650924,-2.257965056479795,0.0021708982721504
2022-07-29,PCAR,3.9573967834368204,4.221106699911706,3.8695790283931015,3.979997141098796,0.3873108024040713,0.005039766751468
2022-07-29,PCH,3.755804639405324,3.7500004537217357,3.226524628419663,5.351124166555342,3.44128113874105,0.0077834011408238
2022-07-29,PCRX,-0.07531377122044577,-0.20502117634549497,0.20175357790258217,-0.04819234475904887,-1.2739923224445875,0.0067961500728236
2022-07-29,PCTY,1.793188077805283,1.9187639709520983,1.762232654397707,2.047426322213966,-1.3454245671666047,0.0032529810045949
2022-07-29,PDCO,1.9055026877303982,2.083040820368323,2.0890369693780078,1.7022692945081643,3.949564419954612,0.0123347250824537
2022-07-29,PDD,-5.466923652250269,-4.676361844481869,-4.992093746162917,-5.728969240643606,2.588887289475609,0.0085060878271476
2022-07-29,PDSB,0.2999977152709585,1.8076811534256334,1.5560788509681556,1.458324160855484,1.8379837983467509,0.00718787379477
2022-07-29,PEGA,-4.809221691490792,-5.434013267341272,-5.5207536894989175,-3.40847858927668,8.856098931884699,0.0138430184248235
2022-07-29,PENG,2.3898232785540654,2.2874976919713994,2.785232612686466,2.6339872819190084,0.9666110183585608,0.0146970058273842
2022-07-29,PENN,1.2228890576248472,1.1699339491918326,1.0927528807401812,1.4376799846545583,-1.1913445835579906,0.0133404559338253
2022-07-29,PEP,3.086652046607508,5.376625660884329,4.164155808359098,5.468208148126026,0.017070299360886193,0.0030740679697189
2022-07-29,PERI,1.4750004848243847,2.1406216633153887,0.405405981604435,0.34523602979501644,2.22931442075108,0.0075093478280177
2022-07-29,PETS,0.8767212025905892,-0.2444304249725158,0.6727316372490567,0.9552204457420929,2.3164693218265184,0.0275264444605814
2022-07-29,PFG,0.21610998517563287,1.3624224101028657,1.101856828184452,1.5055488615805386,2.305101246096943,0.008437494443753
2022-07-29,PGEN,-0.8333264717271622,-1.3749881692366965,-0.6666597008551278,-0.9047528285330045,-1.3413263770415544,0.002644171018683
2022-07-29,PGNY,-0.12121234153904106,-0.400452050136139,0.04018952434300624,-0.367148646995548,-1.0601915184581834,0.0053258687031583
2022-07-29,PHAT,-0.5000009784316553,-1.5221207164909742,-0.585183964119638,-1.9444377333959437,0.013888888888460219,0.0015781840113732
2022-07-29,PHIO,-0.6153833410703694,0.7142882197303647,1.100004279676026,0.4117627907103113,-1.1335676585814844,5.797222774504777e-05
2022-07-29,PHLT,0.5999913380457376,-0.5555432101391122,0.9999777782504021,0.0,-0.48018292681462854,0.0006333914793522
2022-07-29,PHUN,0.9677418106139599,0.799999857777803,0.913043319470727,0.7083332152777975,-0.3796922473596152,0.0015894341792798
2022-07-29,PI,4.70722998531698,6.695396121640698,6.070988896694333,6.871344542032716,6.867512332531819,0.0261264765348779
2022-07-29,PINC,3.136376990547411,2.635726482951711,2.1967603553600044,4.333301757006449,-0.5527352297544619,0.0039284877238865
2022-07-29,PLAB,2.5754364979873094,3.220529026520513,2.3169924039250085,2.999996672987094,2.5956354300251827,0.0176096611638769
2022-07-29,PLAY,3.186437347475408,3.4227200092155785,2.7317969817882948,2.508898277295798,6.91726190472073,0.0574093228220528
2022-07-29,PLCE,1.1659941600834873,1.0896871925192253,1.085499385799835,1.7793437765039601,1.151838671384298,0.022643723113023
2022-07-29,PLUG,4.399987447314687,4.181816954653126,5.601616945758256,6.813074176228248,6.839005641308934,0.0339619703817607
2022-07-29,PLYA,2.526291046173784,1.5217242755735179,1.8775367262879452,2.6521457130247317,0.4851936218660395,0.0082707255992454
2022-07-29,PMCB,-0.1666611112909923,-1.1249718756762865,0.04987160139851526,0.0,-1.9951219512018172,0.0074886722904555
2022-07-29,PNFP,2.090145406380298,1.7874551237712406,2.0127306049392195,1.861481948563836,1.3382663847685816,0.008579918306976
2022-07-29,POAI,-2.1110911412309554,-0.84614761948365,-0.9999928571627371,-1.0999913842637317,-1.4331360939961486,0.0006896845141194
2022-07-29,PODD,2.255218968095735,1.5055546841601,1.9202247370952155,2.1517926084616317,1.4026058631739076,0.0065502715685633
2022-07-29,POET,-2.8823347488076743,-2.692295296421726,-4.965482202886237,-2.612884185285456,1.762790697510438,0.0005058347449651
2022-07-29,POOL,-0.7052413091214232,-1.2894881940122016,-0.6715946635654616,-1.1752201081517608,1.1364468864260724,0.0134391354836657
2022-07-29,POWI,2.0015115318613916,2.665037212037683,2.0641572098790326,2.5898528290486813,2.457943925141759,0.0073231528081467
2022-07-29,POWW,1.0222171374399678,1.8888772177551973,1.4864781379874372,2.0833250706664375,0.6254992319470015,0.009434391235885
2022-07-29,PPBI,4.027742559821313,4.2595931460336995,3.3423282391044653,3.738552162010293,-0.5275835275753289,0.0035640121300019
2022-07-29,PPC,2.273972359188612,1.7960570220349734,0.5833301299415905,0.46710451362414623,5.825930372078921,0.0047012579941186
2022-07-29,PRAA,3.1851694714245196,3.0537560356381026,4.358005035157586,2.1944433834268926,-0.9734079775930945,0.0042268208232935
2022-07-29,PRDO,4.171040583020247,3.4578202329465877,4.485711445765575,3.470584270128596,-0.8267868641232868,0.0053402675898856
2022-07-29,PRGS,2.8124575425959573,2.413527989065418,2.514072200626178,2.3333368974359687,-1.5075702955802803,0.0041114674847766
2022-07-29,PRPL,-0.72413398975667,-0.24444113503780607,-0.4675745057330818,0.20689540795078723,-0.9287356321800262,0.0080775489330047
2022-07-29,PRQR,0.6249602414994923,2.8747595052754207,2.05702803735784,1.6665735273881621,2.2115942028344464,0.00418104226664
2022-07-29,PRTA,0.886074766631657,0.25000146598650314,0.8749997245792933,0.38805941972512453,-1.649350649322089,0.0034332212458431
2022-07-29,PRTS,0.47272580593624025,0.4418571205231809,0.9782540698576454,1.0399958018698199,-0.4771033013793706,0.0092837991529305
2022-07-29,PSEC,3.092220976049059,2.87929568242353,3.0454649121365,2.614536369980546,1.4260960882046412,0.0033477581636394
2022-07-29,PSNL,-0.687495935980196,-1.517608594819529,-0.8064465588778209,-1.162156420115163,-0.13059529303063597,0.0039826426085006
2022-07-29,PSTV,-1.4999934105689603,-0.9999933333608234,-2.3333208437501542,-1.6666627913978316,2.679318905513076,0.0004231276030024
2022-07-29,PTC,5.155190300890182,4.707727147725756,5.517455021268155,4.048931443244696,4.775510204003665,0.0073177420963398
2022-07-29,PTCT,0.31578494422399683,-0.796602866522331,0.05882065882563486,-0.657894458506694,0.061318579990213756,0.0064118656918906
2022-07-29,PTEN,3.877047480782988,5.786390776369187,4.909066854236033,4.5833228824974235,-0.06569028645265379,0.007956671435436
2022-07-29,PTGX,1.4230737984372004,1.0879096278030191,0.9268276317950231,0.7128690341125253,-1.3269642311179242,0.0083066842824631
2022-07-29,PTON,-0.078652291235395,0.019608263010874705,0.0,0.2272724322740585,-0.9600777247831226,0.023587920297451
2022-07-29,PXLW,2.5151355275398557,3.2068750873779455,1.9999882400967035,2.366649657177014,1.5672043010471828,0.0042209868804154
2022-07-29,PYPL,2.480875978594781,2.8564412683712135,3.235050410227158,3.5359261925533048,-0.0749571255280253,0.01224745835292
2022-07-29,PZZA,4.383936884838401,10.211195319461734,4.367976244454592,10.419269411624228,16.251727541633727,0.0378577346503899
2022-07-29,QCOM,0.07246345547932907,-0.009631487532111915,-0.00808481205786706,0.22241616439636386,2.007976755022062,0.0106233273056057
2022-07-29,QDEL,-0.2049452226543406,-0.9224163247190302,0.14042628275557376,-0.16428509090863028,-1.1144876324930815,0.0059477040854144
2022-07-29,QFIN,-0.9374986050921648,-0.9831914896080572,-0.7870338398683886,-0.6551667604033663,-0.6625357483275339,0.0032968675738521
2022-07-29,QLYS,-1.9711835413086611,-2.9616144481255446,-1.291199318479044,-1.4804024112361256,-0.11704634720947296,0.0074840244861929
2022-07-29,QNCX,-3.1052342356948697,-1.333326605718056,-2.2593943839238055,-1.7999857908485346,-0.027366863904920612,0.0061861386858659
2022-07-29,QNST,0.8333301219796102,0.19047506719958554,-0.2758599396875738,0.2903216999774386,5.003571428392729,0.0058776027739309
2022-07-29,QRVO,1.714283608007286,1.0999092396187555,1.402361901486162,1.418401441338551,0.6259295182630072,0.0145358299213677
2022-07-29,QTRX,-1.3290292173746556,-1.6498422014246323,-1.4770308575807947,-2.278785782180643,1.7010734929529137,0.0073190853076903
2022-07-29,QUBT,1.3584860168365505,1.1590854681111755,1.470581437648187,1.0476140319472793,-1.2358803986437237,0.0008124158002063
2022-07-29,QURE,0.9920625245018946,1.7864057179899484,1.5972715605222114,1.7319568151923723,3.2802037845228504,0.0148621685044815
2022-07-29,QVCGA,0.5999955231919756,0.027777586664932137,0.7599941489286445,0.3333308462177642,-1.5756133284500677,0.0095193882977665
2022-07-29,RAIL,2.9629375485807277,2.249984074962925,4.090869635228563,3.1851651234774265,-0.9950738915275789,0.0018155010205634
2022-07-29,RAPT,-1.404545844645451,-2.5379105194364593,-1.5760851308744832,-2.7041377765581585,2.9015296366558023,0.002656677297416
2022-07-29,RARE,-1.8846534448964998,-2.2786278889812217,-1.6823408763342822,-2.0515587540633433,3.220799999965645,0.0091810733870746
2022-07-29,RAVE,0.2857099608587068,0.41666030181815794,0.9166495679384984,1.1538291785458543,-2.290617848865418,0.006002066396585
2022-07-29,RBBN,0.5675637682044017,0.6666632818823828,0.8076846134416519,1.399988037167658,2.0465489566284663,0.0021289066945892
2022-07-29,RCKT,-2.045112208179981,-2.9831862836089256,-2.391300131012828,-2.7478958949873,-0.14758342922814968,0.0081149770233517
2022-07-29,RDFN,-0.27272552676518813,-1.1233169740395272,-0.1707333079221583,-0.7428558767720463,2.728973009289441,0.0269176906218104
2022-07-29,RDNT,1.7789464151771612,1.737426613121861,1.6536686410954349,1.7704898170580237,-1.1506072874307594,0.001905682981654
2022-07-29,RDWR,1.7054226580398166,0.6524814687175736,1.6434077890178656,0.9194612774565025,0.20805998125195763,0.0040457755965
2022-07-29,REAL,-0.7999943386925883,-1.2187449529403158,-0.8484792026423768,-0.9666602752508017,-0.9969455412337079,0.0311334238226648
2022-07-29,REG,2.782940970646291,2.9846638697766577,2.429536476402514,3.1475386976038697,11.904509283693322,0.0096250674834458
2022-07-29,REGN,-1.5701563143291446,-2.2078436058549236,-1.4131155790382186,-1.649506994910782,2.186128803932256,0.0063520854262008
2022-07-29,REKR,-0.37499652326209204,-0.4411706616144303,0.10526191778706762,0.06249921875902046,-2.540580422995174,0.0023523153491055
2022-07-29,REPL,-0.3783775572932409,-1.8765336053346933,-1.2097562151394865,-1.0285664591653387,1.0669914737864314,0.0026072910661327
2022-07-29,REYN,2.4915179968892174,2.2545556628449237,1.9727409459131955,1.537039003871713,1.4221073044418604,0.00210110404245
2022-07-29,RGEN,4.955512736549327,4.956630010583391,4.9988343963584425,3.989848238572068,-0.223001949316,0.0069047029945299
2022-07-29,RGLD,0.6331406742473651,0.022959526805671534,0.029674697317949035,0.3667600331832684,11.162131519021267,0.0144606874753062
2022-07-29,RGLS,-2.531233586074636,-2.5405269298714144,-1.5869497909692674,-2.5555408062123592,-1.0097719869049009,0.0005494887037803
2022-07-29,RGNX,0.8297875190472318,0.47130518759068474,0.789654389689371,0.41134789276537986,0.22528989508310007,0.0079174889109262
2022-07-29,RGP,1.3506468729465708,7.000015223481948,2.9249591731716826,2.9879574292792834,14.48259187592877,0.0303090782084894
2022-07-29,RIGL,-0.857141186677234,-2.3333295610057845,-0.9999975000038659,-1.4444415877887766,-1.592525753792127,0.0110216648939147
2022-07-29,RILY,2.621258999229465,3.639034510532826,2.986080440766995,3.6951718093741333,7.043887147114612,0.0133389732138465
2022-07-29,RIOT,1.4866811798514672,1.376520665286161,1.430691600193402,1.3364474948852365,0.09799326514021851,0.0414864880299707
2022-07-29,RLMD,1.5117638204417434,1.2783504383371547,1.3130587503523348,1.3076920647444619,-0.4788461538369453,0.0058930572795526
2022-07-29,RMBS,2.486605040514672,3.232316444965375,2.499999901852395,2.954545172484952,0.10183189655062681,0.0050788302961487
2022-07-29,RMNI,3.3555379576481155,2.1304287425378723,2.9411626816838514,2.101686859410984,1.4849806201406495,0.004585085874518
2022-07-29,RMTI,0.6666470942124041,3.1427707553043134,1.9999247713089858,2.8749268230170753,1.5174825172702822,0.0019995947957682
2022-07-29,ROAD,2.0917406624369117,2.4069724420312495,2.117645609280006,2.4734510430492276,1.102292768920554,0.0035139328071618
2022-07-29,ROKU,-5.660501520470351,-7.59712343990546,-8.068159451693765,-9.263817017341356,26.849616297858255,0.3580837346590026
2022-07-29,ROP,5.277954066516313,4.2185998822670525,4.144600107785666,4.152891169141627,1.2800734618681346,0.004753922801136
2022-07-29,ROST,1.0188656789671566,1.0190453405218722,0.7402400265467095,1.013866134877942,-0.841183455371381,0.0061806263917053
2022-07-29,RPAY,-1.333328142462682,0.10869581055919322,-0.3235263537009831,1.4333207049194008,-0.4155730533610573,0.0034910617557563
2022-07-29,RPD,-1.9380732840789203,-2.1190472914913587,-2.2483073433687504,-2.7880957183033592,4.135685884650739,0.01392708019053
2022-07-29,RRGB,1.915250539357709,1.1857111120575392,2.019602251396338,1.421870184122052,-1.0209424083502372,0.0125375697724345
2022-07-29,RRR,2.7605615180445344,2.652502939381884,2.3573356678672517,2.812141503673496,-0.9131415679536026,0.0065802728348954
2022-07-29,RUN,10.701740336784276,8.376051197872716,8.563441319225044,13.388394126082325,16.89815590944359,0.0686609787365722
2022-07-29,RUSHA,-0.8201474259652222,-1.473316794979486,-0.8734893171570998,-1.022219803958714,6.1313506814352525,0.0092527799079754
2022-07-29,RVMD,-0.2592589753798167,-1.890103202424515,-0.39055753644142577,-1.6794807099654847,1.7267494698471568,0.0047532987904363
2022-07-29,RYAAY,1.4965161052411615,1.012958011125033,1.5238084791943938,1.7161111049254942,-1.1129382756199782,0.0022308086188021
2022-07-29,RYTM,1.066489082446075,1.006461704626988,1.0915138081133777,0.7975777211370851,-0.15030763779264225,0.0277854665260021
2022-07-29,SABR,0.37837786565826775,-0.536226812465945,-0.11764760424522731,-0.5172357143193562,0.3667734358314185,0.0160108263885481
2022-07-29,SAGE,-0.029412381434329348,-1.6317024607873645,-0.8074529994506925,-1.061223753948488,-0.044030482641456134,0.0067028947201488
2022-07-29,SAIA,4.416485535997205,4.838170954293783,5.2750796226734025,4.695491324400498,-0.0163438256656617,0.0167986452947647
2022-07-29,SAIC,4.296744925971197,4.09359110106421,3.8223389210763408,3.016985998456563,0.0424354243534606,0.0048473726988595
2022-07-29,SANM,2.7813636692290404,2.79298300875711,3.0889643719573017,2.8600650718311376,3.8380338436126022,0.0097413175813111
2022-07-29,SATS,2.4032113556316035,1.2857121692667706,2.1076854162032395,1.1976715817460586,0.5444646097806002,0.0015083470547168
2022-07-29,SAVA,-10.488539162498219,-6.737085709523777,-5.901228247683471,-8.568841515413517,10.227067669096037,0.0442287907360907
2022-07-29,SBAC,3.5781180362768827,4.6260518102241,4.670072554493189,5.147032394660606,1.2519685039218418,0.0056337245899211
2022-07-29,SBCF,4.083362847721247,4.541675698246119,2.178868141139047,3.8760947280194737,-0.35230352302568285,0.0025170971046772
2022-07-29,SBGI,1.6529435680073452,1.2380928649140683,0.25287365601095857,0.3544300250173078,1.5866528711764787,0.0221200488121365
2022-07-29,SBLK,0.9317488291516356,0.8413155905375138,0.9999991106217704,1.1585330804598415,0.22541277817578817,0.0145387951642647
2022-07-29,SBRA,2.1764730760054456,2.672423987188195,2.9106941228487306,3.442311820187267,-0.3849722550707087,0.0053297239613225
2022-07-29,SBUX,2.683898833020337,2.229281519964988,2.4341998716886875,2.603188335486606,-0.04506868343873272,0.0051083254089012
2022-07-29,SCVL,0.6889060508171435,0.34441230468694384,0.8274604992113012,0.6442325044338092,-0.5317185697685878,0.0101234985869053
2022-07-29,SCYX,2.6666451476840742,1.9533412765793257,2.6399800054861187,1.6896437748413418,-0.3738317756892887,0.0016777361336647
2022-07-29,SDGR,0.4594584458378353,0.548929019176911,1.2551450354469802,-0.38261091470548403,-0.9835426591512902,0.0058396034705718
2022-07-29,SEDG,4.962258374522291,7.422943454172979,5.3696860636902,6.259528260176119,5.623310810763317,0.0235461234210862
2022-07-29,SEIC,1.140361293856333,2.6533377068348436,2.8461491817147233,2.928569583017294,2.5894169524489037,0.0061740842851516
2022-07-29,SFIX,0.40844947799008496,0.10273983378495964,0.24328298758884973,0.6093722691623042,-1.3696424521863033,0.0204485675694888
2022-07-29,SFM,0.8701247147849291,1.3835564215920928,1.3333331808210562,1.8982963485339779,2.1773488710693565,0.0168449486543801
2022-07-29,SFNC,4.446797257817136,3.903218700213816,4.6509304787016825,3.452534012506961,-0.435352904432009,0.0052867319467276
2022-07-29,SGBX,3.3571332501951314,2.6666603466797754,5.581356221166946,2.222218462368775,-1.0791378739456605,0.000377208469504
2022-07-29,SGMO,-1.5999849538463016,-2.624970168076688,-1.4999875000922451,-2.9411405489863873,-1.5146750524029629,0.0040928307596457
2022-07-29,SGRY,1.6545949208826178,1.5730493910114256,1.9933092617904715,1.5397041492422798,0.9267791032420669,0.0045457751169551
2022-07-29,SHIP,-5.858803747446352e-07,-0.16666688673969607,0.0,-0.33333321137007915,-0.9644614543315714,0.0071972596448254
2022-07-29,SHOO,-0.49171545077816364,-1.0346528596868005,-0.7388877253079871,-1.3580325756287046,3.9961055819645517,0.0170221335686063
2022-07-29,SHYF,1.7387364908598244,2.8257139954537105,2.015106182181087,3.2939264578893446,4.054446460906453,0.0146053938618413
2022-07-29,SIBN,0.9272693238531322,-0.30909155060113797,0.5249998497909857,-0.4848502558240306,1.05340699811958,0.0032954012781163
2022-07-29,SIGA,6.876062174092045,9.344819657091202,0.45859640603252394,2.954124474951898,11.471436055177115,0.7074243539360948
2022-07-29,SIGI,-1.436331093311845,-1.698655881549343,-1.6200406673167558,-1.426492614333657,2.474958263752296,0.0105515540174729
2022-07-29,SIMO,0.0963841991226513,0.06230235551264121,0.1982722343533995,-0.15129275636854536,1.7046439628271872,0.0131911785663388
2022-07-29,SIRI,1.8518513381595068,2.708332558115056,1.423080386619773,2.6399993315007904,1.934361558012622,0.0056703831972909
2022-07-29,SKYW,6.116864880536392,9.031699867322292,7.9692347797493355,6.139233154462723,7.967391304174622,0.0168874840602829
2022-07-29,SLAB,2.1037434882204056,1.7674572590445405,2.3620581846317443,2.3316224964809584,0.19686520375928698,0.0094016567610014
2022-07-29,SLDB,1.3731315532690307,2.095230578703096,1.1923054345446307,-0.0512814161574843,-0.9804902731383683,0.0001928819377234
2022-07-29,SLM,-1.7941167274404632,-2.417894092372255,-2.365847424044641,-1.4767466123083197,2.419433417534429,0.018228995186686
2022-07-29,SLNO,-0.9999925386532926,-1.458325259118732,-1.555542659411444,-1.9999811627635113,0.06505760625002298,0.0012024257860798
2022-07-29,SLRX,-0.7999999752929853,-0.4166665592829663,-1.5333330740507372,-1.0476187217551924,0.9275233428834829,0.0018425925925925
2022-07-29,SLS,-0.2499937501502859,0.45453719022502354,0.5999760009370805,0.9999800003809193,1.0878243512539791,0.0011425841051976
2022-07-29,SMCI,4.060361235143275,4.696480404711831,3.4278752065238907,3.6329597334030854,2.0585723001805265,0.0092370265910978
2022-07-29,SMSI,1.1111107452775775,0.6923050912692965,0.9411750865059058,1.684210819918455,-1.5412936755583906,0.0007687114251796
2022-07-29,SMTC,2.120753818918608,3.0064680751009916,2.5447610515865637,2.8074082357297065,0.6842507645155314,0.0048899753240053
2022-07-29,SNBR,5.194143912185594,6.788513087937437,5.07648286975507,5.480093327764206,6.859999999847555,0.0306802447630532
2022-07-29,SNDL,-7.4999496439879145,-7.133292135841912,-6.448231845089355,-6.031213771739424,1.0498686341381507,0.0335565539810489
2022-07-29,SNDX,3.659565170753852,0.9870952147188732,1.471697373459874,1.0921963224052975,-0.7026941362871462,0.0045476732834363
2022-07-29,SNPS,3.307881563690753,3.491454716678738,3.1450222611457246,3.394389730482992,1.7817785051633195,0.0063413529944379
2022-07-29,SNY,-0.4034910762136645,-1.0117606858539503,-2.568623120645412,-1.8999719758676143,2.1292275299325456,0.0009407078156987
2022-07-29,SONO,3.9398437533961723,2.6666629125106147,3.1891854019438566,2.6959050799510127,-0.670783847977811,0.0112484569585919
2022-07-29,SPRO,-6.216850483350098,-2.813819647445776,-4.1596724710986965,-3.9127043698682615,-0.7923976608032671,0.0023023008697581
2022-07-29,SPT,-1.906027286360343,-1.307692095840082,-1.1793476879841602,-1.6672275188507832,1.5028551034867748,0.0125834201288431
2022-07-29,SPTN,3.0574799211482304,3.7727120665648344,3.1772040591890636,3.377789971858685,3.9003944772406234,0.0145452074383534
2022-07-29,SPWH,0.21428515681587595,-1.564085644365334,-0.844590974646066,-0.8333302553196142,-1.911994322187197,0.0085151927723169
2022-07-29,SRRK,-0.855767946569055,-1.2079973286809216,-1.2152390951969112,-2.0196029206596577,-1.1353956511941923,0.0031919118516891
2022-07-29,SSNC,-1.0444454144887736,-0.847566646398036,-1.2688207138498246,-0.03061543686636843,10.411673324410067,0.0138267736986924
2022-07-29,SSP,3.1176396505833286,1.8289453829433635,2.0307653390615488,1.5442166188162167,2.5699067908769666,0.004089379336964
2022-07-29,SSRM,0.06977110114519576,-1.16216500832237,-0.2820492251862044,0.6666478101854417,-0.3700147710469226,0.0097576751029436
2022-07-29,SSSS,0.0,-0.06666726126285287,-3.71419905667602,0.7142789162744144,1.6124161073284424,0.0071883797060958
2022-07-29,SSYS,1.740930879378167,1.6203193953721502,1.7420783991555893,1.4459434358189704,-1.1714559386945127,0.0056776095789435
2022-07-29,STAA,2.7377086200650735,2.1331141307621198,2.8839531299756818,3.3709147706456664,-0.8591811414285462,0.0058529682475965
2022-07-29,STGW,5.279040313891803,4.921547567321292,3.220580361391403,3.999986544748083,2.803685329513768,0.002027138900596
2022-07-29,STIM,2.6315672104165433,1.7787543658981697,2.7999829101911375,2.999983995691413,-0.08735968765166072,0.0027896588137872
2022-07-29,STKL,-0.6486473019720789,-0.9354762478207456,-0.36585107964038704,-0.3500000762779965,3.2879895985591157,0.0163477207381685
2022-07-29,STLD,4.41428054628694,6.443067827381467,6.230264248615687,10.564491246450224,0.07079060535868081,0.0116486660386087
2022-07-29,STNE,1.6764665860669645,1.414138498913022,1.5775836286715164,1.6857112045879714,-1.407059163893095,0.0154538359642646
2022-07-29,STOK,2.1028004075915416,1.5166657151020386,0.23364558925973003,0.11999964555979112,0.07933194154322898,0.0025703755891985
2022-07-29,STRL,3.9487080896935782,3.502703619582654,3.6723102073337444,3.9473603993301105,-1.7645161289184184,0.0021303876121905
2022-07-29,STRO,-0.47727166620703326,-0.6037722910895945,-0.5135097625143361,-0.8999968113188886,-0.6375147232000146,0.0043437626290213
2022-07-29,STX,1.809633741266017,1.196817857279202,1.944444586619644,2.0189651417613,5.008666512583757,0.018871363955982
2022-07-29,SUPN,2.717946956104917,3.853916507276084,3.4591756606463755,3.191299922676877,3.3304252998183115,0.0078492148097716
2022-07-29,SVC,1.078672103975565,1.045973525036122,1.1480831847812143,1.4413949247303828,-1.520602327169006,0.0043903816986806
2022-07-29,SVRA,-0.7999880619343436,-1.5999781901168462,-1.4374835215563868,-2.0713989191913473,-1.2453646476978324,0.0005416114203709
2022-07-29,SWBI,4.4198712390103845,5.175445541316869,6.874915006345497,5.332571291160154,-0.7894527363152658,0.0153036063696091
2022-07-29,SWKS,1.5446430228485695,1.688451056156554,1.7308971272314584,1.6623659368390282,-1.3621973929173081,0.0090678816699133
2022-07-29,SWTX,1.4378689756695762,1.0331107041461587,0.3710923319765597,1.0769205230401335,-1.6705551085947663,0.0058972266231376
2022-07-29,SXTC,-3.888887160494595,-9.543473459602156,-6.230765396452064,-5.785710979593726,-1.1790123438595488,6.975071385496211e-05
2022-07-29,SY,-10.62359587632276,-4.999701961816026,-4.999740067093488,-5.599509388931485,2.9620253164140364,0.0061611529873215
2022-07-29,SYBX,-1.1999596039437157,-2.3665913564949856,-3.636032595567898,-1.1332959541301841,0.3847583642979644,0.0072844794418652
2022-07-29,SYNA,2.3871572060535997,2.4532768459905157,2.4645693385643472,2.5947233314513745,-0.004010695187112157,0.0081099151240475
2022-07-29,SYPR,-3.1999407694997055,-3.2307231952696944,-3.3635795424737456,-2.5333027348487422,1.8641509432555357,0.0020807993049522
2022-07-29,TANH,0.27999846267903433,-0.4399992962750204,-0.04000015276847665,-0.909086890882227,-1.1059031182042605,0.0272871790127091
2022-07-29,TAOP,-2.583329756284381,-2.1666654397422307,-1.9999973333368888,-2.1666604064746364,-0.1935483869580298,0.0001710985423001
2022-07-29,TBBK,1.9999977708148027,2.9753056311250234,2.8550691310256884,2.6877446337518314,1.8860424027935327,0.0103661410262291
2022-07-29,TBCH,-0.06000113328648249,-1.3898234420489084,-0.08333198734834575,-0.9999925926600204,0.9243336199325136,0.0146762071192873
2022-07-29,TBPH,-1.3999916585527346,-1.472391271784415,-1.6882967413794525,-1.1186397278674192,-0.20609845701639457,0.0135216484371406
2022-07-29,TCBI,1.9494931436998937,1.746269092798611,2.062111992090335,2.698179190031605,-2.2370629370316495,0.0068661693192584
2022-07-29,TCMD,3.0952243832770834,2.5581244903925335,3.0270100030154627,1.199996454422863,0.27203065133404775,0.0099975492060272
2022-07-29,TCOM,-1.7857061399673018,-1.931503022379639,-0.5942040360680704,-0.7548999944192133,1.031576144833832,0.0070411242660621
2022-07-29,TCPC,2.3749073272373873,4.222100708613987,3.428503898630918,1.8461293003508097,-0.7904411764415279,0.0014939355853528
2022-07-29,TEAM,1.0511770032071561,0.43966571234352436,1.5778828799944624,1.0518686792681133,-0.9692576855737602,0.0089309234596809
2022-07-29,TECH,1.95037595667481,2.8363366037455635,2.3017803080388215,2.6062912042050996,-1.1020408163184983,0.0034816051819239
2022-07-29,TENB,-4.946175366750968,-6.349823716196601,-4.780485599103972,-4.6005462350512945,2.1970762398142223,0.0125367824308822
2022-07-29,TER,1.9048275565196673,1.4603417997553871,2.148757243188284,1.465211850790839,0.16376153508081512,0.010450592127267
2022-07-29,TFSL,1.6491177899365939,3.7894678226347676,1.8214227279576,3.1515032717466247,4.320715036712498,0.0016584816424992
2022-07-29,TGTX,0.42857080687360655,0.038759440337326354,0.2156855639635786,-0.32926817038049055,-1.0926802868323835,0.0140407833888733
2022-07-29,TH,0.9756094479386157,1.0801384371793041,1.2582122102012767,1.0151509568312527,-1.0839976667300746,0.0064839578361995
2022-07-29,TIGR,-1.7407369426585788,-1.532971954360977,-1.3114713790375616,-1.6271129229603478,-0.3311411304645178,0.005391572967897
2022-07-29,TILE,1.500002818650396,1.6511618784206998,2.0991660231091998,1.7709857234915558,-0.16065573769965064,0.0030217717717717
2022-07-29,TLRY,0.3599967767030325,0.33333091563799816,0.9583263820832862,0.999994736871391,0.05457579721256951,0.0237610286932849
2022-07-29,TLSA,-0.14285293970201826,-1.9998970251251895,-0.9999686545031157,-0.9999666677459537,-0.1529411764615917,0.000385971518554
2022-07-29,TMUS,2.464389198392629,4.670716120442738,3.388714603073003,4.7533823067072625,1.4013396179594133,0.0048689717835872
2022-07-29,TNDM,1.9611634095721158,1.9673373083051775,2.07249198659135,2.0429585389625964,0.08160703075906084,0.0113636192917117
2022-07-29,TOUR,-1.1999799527736759,-2.2624453905208477,-0.7499800203384115,-1.4444142697823337,-1.1277310924322363,0.0019067190850607
2022-07-29,TPIC,5.554334917657934,8.38489405033144,5.92133323839187,10.104618895466585,6.477731252329823,0.0268646120174504
2022-07-29,TREE,-0.1619539442303864,-1.403076482196328,-1.3480392102817558,-0.6106866750703046,8.557350565151621,0.0332920200692868
2022-07-29,TRI,2.7837976860810736,3.7460770173097573,3.2152484364902785,3.6156435874354567,5.32363907523753,0.0018100762739011
2022-07-29,TRIP,1.010750757096184,0.9387702485706327,1.597697426162273,1.038833797276408,-0.5147959183647204,0.0122391873461773
2022-07-29,TRMB,3.677570707300164,4.231458458380031,3.3326447451473142,3.66276601905246,1.5705656232752851,0.0046917719046999
2022-07-29,TRMK,5.41425837236088,6.014290103469484,3.947904736709423,4.96704531586949,3.5943152453851597,0.0058158755639474
2022-07-29,TROW,0.9484376778769593,1.8401485424825612,1.5779767611304067,1.9085425512167635,15.591099163586671,0.0179502524275339
2022-07-29,True,-0.24999300513098616,0.9583164507834117,-1.1142607274797738,-1.4285257479767928,2.7178666666376765,0.006197709681179
2022-07-29,TRUP,-0.9388870074172595,-1.691321744388096,-0.9952375131892376,-0.7694417799674738,9.190673574939053,0.0169660655155128
2022-07-29,TRVI,-1.3124913312725426,-1.7948628412513004,-2.1691026903167105,-2.56755295745565,0.28961748633616013,0.0039148881593509
2022-07-29,TSCO,-1.551158298981173,-1.9587845545736258,-1.239738211420452,-1.1451856231244883,-0.004867256637163834,0.0112731956581632
2022-07-29,TSEM,4.771416876331212,10.96648505166936,5.540524524135538,9.694368216834,3.3131212723438495,0.0089631969362098
2022-07-29,TSLA,2.831727620511272,3.4137585384250144,3.3505747795483845,4.354268390251972,1.022500683364646,0.0296323361572349
2022-07-29,TTD,-0.8491214274091459,-0.5074949991120258,-1.2184460482344195,-0.0480773389986772,4.950035456798871,0.030198296458168
2022-07-29,TTEK,5.805079752195855,5.156516122485807,4.51762387685962,3.458128445775504,1.7067545304665122,0.0050590219224283
2022-07-29,TTMI,1.5862045019090316,1.6605481422831874,2.2399952911275816,1.7416619890057896,0.3336648433581933,0.0051131163834246
2022-07-29,TTWO,1.2413805010342283,1.6134204056641859,1.7327867005366342,1.6743145442000673,1.2134550272303446,0.0106835282386003
2022-07-29,TVTX,-0.6132063392501137,-2.120875150599289,-1.3999995131609158,-1.335996397562014,2.228825456226216,0.0098601247857199
2022-07-29,TW,0.6603766385452694,0.6467283343660912,2.1635135368041265,1.131074270038985,1.7401536983502388,0.0069049622975317
2022-07-29,TWST,1.1841154092845896,0.7540122777843958,1.0879473318268418,1.0294116677678078,-1.4231448763125165,0.0124658220887795
2022-07-29,TXG,0.11914877784900033,-0.006984580158187116,0.0909651262709367,0.02609602296708861,-0.6292286874138782,0.0101676751813016
2022-07-29,TXN,2.416887989060232,3.165394064759105,3.1485928092221775,3.610010959774791,1.0871391958311944,0.007279776731006
2022-07-29,TXRH,2.917136455951501,2.6997950103568504,2.06481720261866,2.571427235712417,2.335462287090417,0.0202836153429276
2022-07-29,UAL,-0.1146470438395952,-0.29775263095243104,0.3958345496246123,0.009007506649869476,-2.0615176863332745,0.0238065449307912
2022-07-29,UBSI,4.737290976107821,5.112074470559103,3.9399957873939373,4.851595528624491,23.862809917092424,0.0189458192367125
2022-07-29,UCTT,1.0649885532216454,1.0677963297487838,0.46035174076457447,0.9813772306398353,18.595598348869448,0.0208697540342504
2022-07-29,UFPI,7.074293999170779,8.350744156603007,6.273667433180912,8.058849664675256,1.3988868274409538,0.0060304746121622
2022-07-29,ULTA,0.9509796764894968,0.33814742133710834,0.4579263398243786,0.22902439303984903,6.137359700629211,0.0258510908308412
2022-07-29,UMBF,1.3282728107858617,1.1872821509832345,1.3445407612089648,1.2689409162503875,10.117559523508406,0.0069822944538037
2022-07-29,UNIT,3.9666380053975416,2.368006666387845,2.802445094980648,1.8095080664070067,0.9095764975130899,0.0048221138299584
2022-07-29,UONEK,-1.6666530644205046,-2.4761691642598165,-2.166639502329263,-2.173896213221918,-1.0949554895492608,0.0012713180111196
2022-07-29,UPBD,2.2799880560521584,2.05611322847155,2.2499948251589648,1.9787195039432286,-0.9665471923420963,0.0089144532909814
2022-07-29,UPLD,-1.1470580128253154,-1.1698028387874053,-0.8860754053680179,-0.9795077110115133,0.09450402144645438,0.007955751678305
2022-07-29,UPWK,-3.3724431700283968,-4.165641766987432,-3.8054049250295052,-3.53201932569012,5.72985197366065,0.0184489886313302
2022-07-29,URBN,1.3274339526616237,1.0123434410417453,0.999998260874885,1.0252089670981694,-3.245944656473063,0.0126180650285773
2022-07-29,URGN,-1.156242195807368,-1.9829944027169202,-2.7444347665364877,-1.9473658060725334,-0.8686131386438631,0.0006877191155541
2022-07-29,USEG,0.45454061239800697,2.4443846561135514,0.4444378769238453,-0.19999085799714728,7.294117646629758,0.0052363915910233
2022-07-29,UTHR,-1.3450693303006265,-1.3061390192377593,-0.8264923459389046,-0.96916124229725,-0.04675628287496486,0.0082004444226735
2022-07-29,VANI,-4.4615165224662565,-3.5843225623014754,-3.3999821339205165,-3.687483455810997,1.0493981480509815,0.0008316102013912
2022-07-29,VBTX,1.0299389955328473,1.3428573748296257,1.3645558635764878,1.320512061699343,-0.33652530779293405,0.0058546633522675
2022-07-29,VC,2.793103270432424,3.857593878550295,2.3827909086051133,3.352416923607753,4.5976761074132515,0.0214804010265689
2022-07-29,VCEL,7.299984637091298,7.879614040251793,5.801520516622068,8.219288962553776,0.041866849690571493,0.0069790309937589
2022-07-29,VCTR,3.054421156592357,4.542368256869416,3.372410945419965,4.080869921749281,-1.2179956108088077,0.0015710380562545
2022-07-29,VCYT,1.8333322244912673,1.363632791176889,3.140421056866378,0.8379874619132056,0.04545454545414427,0.0115068612659215
2022-07-29,VECO,2.4234680468444743,3.4761807153232898,3.9271467231985318,3.8511847831527386,0.03065825067573204,0.0048207951809308
2022-07-29,VERI,0.5357110648072326,0.09531201937778391,0.24390116389371638,0.19298295312171887,-0.09426229508042193,0.0053039511982959
2022-07-29,VERU,-1.247933083826561,-1.5052349342647582,-1.0707063334757116,-1.0339498754777787,-1.208890524679504,0.0296910864575363
2022-07-29,VFF,0.722214565548684,0.5454489957075894,1.266649777986854,1.4444278065649145,-0.8237915666724457,0.0041500129075905
2022-07-29,VIAV,2.72092215119127,2.4166622114435055,2.606378393817281,1.9649088775235073,4.056313993154284,0.0091340032190586
2022-07-29,VICR,12.29962934293838,9.623304143772911,11.776693096658907,12.982857641661083,0.07334157395901655,0.0077563188283593
2022-07-29,VIR,-0.7666653901329954,-1.826568609507175,-2.533330203361235,-1.2989122287903974,-0.6981462049618877,0.0046732240261202
2022-07-29,VIRT,1.930689725872475,2.411757334045882,2.1497532073258605,2.298971199915745,2.61907894735119,0.0155821036128498
2022-07-29,VKTX,-2.0689511919117556,-3.3999724187509197,-2.2769080268636155,-2.8999815409882537,0.42466426465632273,0.0098326639296814
2022-07-29,VLY,4.644423308368057,5.204512329835225,3.349994684581032,3.8275707338110014,0.16769738198275058,0.0038371293528392
2022-07-29,VNDA,-1.6363526516877143,-2.454531144960713,-2.0526117938088424,-1.7547118194542435,-0.9908713692781598,0.0045853625077165
2022-07-29,VNET,-1.413783013026294,-0.9761864223793079,-0.4999994067852814,-0.21874905191409272,-0.39811048418738193,0.0028294432235899
2022-07-29,VNOM,3.3256947663189114,4.148460722718043,3.9115742989799154,4.0465075213350055,3.6752837326144356,0.0054415448931261
2022-07-29,VOD,-7.714275576374484,-4.299992063858528,-6.1599193960353835,-5.7618212503339405,5.172025723463916,0.0030036240801244
2022-07-29,VRA,-0.8181673365099369,-1.315771925042794,-1.1333184343106115,-1.7058660787879396,-1.5374449338981286,0.0104509239771992
2022-07-29,VRCA,1.9999833334728834,1.2390110712450157,0.6173861070435633,-0.3333310399791832,-0.8432782171039304,0.0017236870777947
2022-07-29,VRDN,0.0666660027616038,-0.3247858462307965,0.645389117101019,0.4038450950697384,-0.8531289910382343,0.0020911824262134
2022-07-29,VREX,0.2666628890009582,0.4043483776113995,0.5041659257304902,1.1758281098863006,1.0083523158540875,0.0062210472702578
2022-07-29,VRME,-1.3684061860529169,-1.947346733881789,-1.0499894405034678,-0.4641111573581988,-1.0999999999714285,0.0025738984038592
2022-07-29,VRNA,0.011494484744032639,-0.3050307961814886,0.03448244200144332,-0.10370291502018873,-1.3199999999378824,0.0002822928426908
2022-07-29,VRNS,-2.1462421468914306,-1.7563381253531267,-2.104394722988797,-1.6343477430216313,4.444790902404825,0.0197281208351843
2022-07-29,VRNT,2.15909020733761,1.961541160416441,1.429267579065982,1.8999961914321903,1.9237983586887737,0.006038143946648
2022-07-29,VRRM,0.8714271910124667,0.592986234319131,1.1948041985402402,1.2153800631527463,-1.4073160706888315,0.0053204701985924
2022-07-29,VRSK,2.417843335065103,3.2792865473184776,2.6897487375873275,3.5844859011308428,0.27568740954738513,0.0046875560934684
2022-07-29,VRSN,0.9902106354927722,3.479999653802189,1.1327974890673034,3.1697545200212542,14.17472434242282,0.0147769556025369
2022-07-29,VRTX,-1.813510627807264,-2.415668983158841,-2.296292904944304,-2.6007043277792876,1.4433085501791667,0.0065088437187919
2022-07-29,VSAT,6.503588534624777,6.233325276546116,6.186195950771219,6.72915519582683,0.8305084745606307,0.0032202602230483
2022-07-29,VSTM,-1.4999917632376984,-1.7499983409900335,-4.999958333640832,-2.5999862471467745,-0.18886365659502788,0.0013122353855117
2022-07-29,VTGN,-8.93749761714679,-10.857130420998628,-9.066662467496803,-10.357140747267946,15.178127171119593,0.0171339923290405
2022-07-29,VTRS,-1.3437401011623593,-1.9166509783867054,-1.4166495654724394,-1.6764753895423683,0.9721799890010766,0.0108787039968997
2022-07-29,VUZI,2.366191492066075,2.611101724060793,2.5555483832267254,1.98717531668883,-0.32708860759328057,0.010646307041751
2022-07-29,VVPR,-0.5999976555977428,-0.25999970888241813,-2.199996558044954,-3.0833285255886085,30.0,0.0096443198908861
2022-07-29,VXRT,-2.452368193176098,-4.299975307117388,-1.2916619884078462,-1.5932138150009076,-0.88438763041473,0.007252061022494
2022-07-29,VYGR,0.9347791303446231,0.8076855304283259,0.6304329429895463,0.0999983796708493,-1.3294392523053868,0.001684572037191
2022-07-29,WAFD,1.5731741511160973,1.688717078532271,1.489131895068057,1.8314182922002418,-1.0830564783873247,0.0025787450391959
2022-07-29,WATT,5.672726353552339,5.086945543788806,6.249995775226873,4.615380767344342,1.2255965289296902,0.0004890477614196
2022-07-29,WB,-3.616410830992525,-2.547170406109649,-2.1818122732818153,-1.9504937518668908,1.2824576035513902,0.0056812849803546
2022-07-29,WBA,2.060351880952011,2.701128821257303,2.91151139676703,2.550579407080461,3.282426865296257,0.0112652620565352
2022-07-29,WBD,3.230761772898462,3.5399761889565715,1.9868365795498282,2.1311438341970357,3.4735433107509963,0.010470392490551
2022-07-29,WDAY,2.868678793163192,3.1774781194482027,2.1530085440991242,2.3576833763302902,0.7089363241665901,0.0123948837209302
2022-07-29,WDC,0.9781242897851503,1.067927759629105,1.446428170149112,1.3433712237022057,-0.27905744887975065,0.0097632020792124
2022-07-29,WEN,2.0090100360359515,2.164702420523425,2.773340683223263,2.1304484431572193,-0.9944771067130074,0.0073371586982887
2022-07-29,WERN,4.010593668403996,3.389142668544653,3.9791579706835902,4.592388492312132,0.14649321266802612,0.0072265069891222
2022-07-29,WING,3.019621341670695,3.854635916103327,3.5163350340845825,5.2220294518011405,1.1242884250431715,0.0456260818767941
2022-07-29,WIX,-1.291873131122678,-1.2445267093175825,-1.1814088536468486,-1.214083623225441,0.005789473684149585,0.0130469460122655
2022-07-29,WRAP,-2.099960384940317,-1.4333138780961396,-0.9999791027975843,-0.9999846156066267,-1.6893854748225836,0.001368460452285
2022-07-29,WSBC,3.5666441996540352,3.7787451041140727,4.278835237521725,3.187957378673727,1.2535211267164252,0.0020058492613164
2022-07-29,WSC,3.7396748937249726,3.835162688874982,3.7148221031008757,4.120876010224505,0.8953393295139193,0.0099408956583022
2022-07-29,WSFS,4.850583562621954,4.116909066625498,4.849123969569431,4.687492328627316,0.18785425100910358,0.0048878636156742
2022-07-29,WTFC,1.196009452667814,1.4181384206562744,1.423819458954404,1.5371304097536773,2.9048013244552187,0.0094139554903282
2022-07-29,WTW,2.2365137812835605,3.0427712604583106,3.2955002359267254,4.180295597611862,5.420970265955853,0.0092714085618147
2022-07-29,WVE,-2.9571341113820466,-2.8461484293482813,-2.551274835523471,-3.319435237588743,-0.7429118773889433,0.0014072944763691
2022-07-29,WW,0.3396221068310456,-0.40475895013864194,0.11538406579266507,-0.944440522096576,0.22548153383910413,0.0147914992659662
2022-07-29,WWD,4.846533671611486,4.837328588240506,4.02957272254675,3.591770763608986,4.083936324049669,0.0066442160448383
2022-07-29,WYNN,1.7026653347601057,1.4927947630540634,1.5374645721404383,1.601172446923982,-1.8995836802601178,0.016826320796481
2022-07-29,XAIR,-0.1046511386217753,-0.8677680791490038,0.31343147531276155,-0.34568000482310124,-1.2881173172254123,0.0017546721402469
2022-07-29,XEL,3.1025683811272713,4.2173197273115095,5.522947476768906,5.609446436511126,0.02744928787220121,0.0045960927191169
2022-07-29,XENE,0.9328341311754396,0.6166241582014407,1.5101975487005066,0.7946423504558938,-1.599619289319802,0.0020563658502171
2022-07-29,XERS,-1.0666524446205086,-1.0666524446205086,-0.999980000428601,-1.1176337452016514,-1.1387626013001038,0.0034273093413018
2022-07-29,XFOR,4.857007491350854,3.8570360619903683,2.7020701417266597,2.9999423852831395,-1.8329571105681048,0.0005614354320461
2022-07-29,XNCR,-1.8141008104735792,-1.9179008452448576,-1.7446806212949086,-1.8150269308947793,0.39214380825043754,0.0043981212883489
2022-07-29,XNET,0.2499937501502859,0.7142657932750829,0.11110617305426607,0.7499831130763811,-0.9558011049371712,0.0014006787028511
2022-07-29,XP,4.489986312097761,6.228894686208594,4.1446700999630295,4.440665319749124,-0.2914720812176823,0.0063721063108227
2022-07-29,XRAY,1.2592641587385331,0.8315792049749535,0.8153886751256454,0.7628877685039305,2.44876325087008,0.0099889235692999
2022-07-29,XRX,2.8999947591149664,1.9526039811255418,2.7878763128187285,2.8947309962247783,-0.42960550126570246,0.0133532100973961
2022-07-29,YI,1.4150890760525883,1.3953405807178512,1.5999933127745702,1.3777707242262818,-0.6576923076670118,0.0142154424808162
2022-07-29,YMAB,-1.6721285344927774,-3.13761030244095,-2.9666609804886237,-2.8581048205157056,0.17640972581297043,0.0067782441583256
2022-07-29,YY,-1.7431634572961527,-1.2405985778064565,-1.0557938309580963,-0.608696836113291,6.189992915898995,0.0297358758801338
2022-07-29,Z,-0.32864017339474,-0.8907088736875781,-0.2521747724869981,0.06486633287974841,0.5768044417012294,0.0179740331756895
2022-07-29,ZBRA,4.169868945235708,4.903102684096219,4.684350328982058,4.619437589502441,3.459183673381143,0.0090119331368918
2022-07-29,ZD,1.306818252098489,1.3694887822127608,1.9273910349441634,1.6558281542309794,-0.8475524475405938,0.006116471599766
2022-07-29,ZG,-0.32701316260173674,-0.863352258382311,0.08403228693891138,0.05208253402187156,0.603727714743892,0.0129349772607222
2022-07-29,ZION,1.7545841261363413,1.9697005963308634,1.8768162795118608,2.4566935379486545,2.560784313711144,0.0116763681043964
2022-07-29,ZKIN,0.9195296527017517,0.6666597008551278,0.8838294197774984,0.9687379373483842,0.06402439023999851,0.0070682326513618
2022-07-29,ZLAB,0.11214915759508648,-0.46681404049402037,0.13636404727619125,-0.17959206530300117,0.12705210563792255,0.0039712870654979
2022-07-29,ZM,-0.11587693091493938,-0.6028809946777587,-0.7019997314198595,-0.5580115458683826,0.44420947879034184,0.0151316440472837
2022-07-29,ZS,-0.04056069835262229,-0.3823528000622732,0.03667140109748417,-0.08092027299706377,-0.2704572803842646,0.010496688214403
2022-07-29,ZUMZ,0.661871268974247,0.032258722885463165,0.9784940851181491,0.266667006440261,0.5383411580510432,0.0166604033571339
2022-07-29,ZYME,-1.1428449611055542,-0.6428542540281383,0.0,-0.20689331051074225,-0.23825379208110797,0.0103942550124685
2022-07-29,ZYXI,1.2727222757872612,4.774974605214586,1.9999894603182498,7.2307058508262605,7.015525114027113,0.0196576615918008
