Date,Stock,Open,High,Low,Close,Volume,Turnover
2024-06-25,AACG,-0.5999745705420808,-2.3331817613810095,0.9999000099036517,-0.499975001226098,-1.313725489680892,0.0001938113802229
2024-06-25,AAL,-1.9999833334563415,-0.9999926158617016,-1.6999901526464554,-2.4799758877319604,-0.5979307381395982,0.0434129286956944
2024-06-25,AAOI,-5.171862935736163,-4.993184830644797,-4.627890288513076,-4.514273828419764,-0.9654980523040317,0.0232717344148633
2024-06-25,AAON,2.7999291389734413,3.4940249401573094,2.664298606574342,3.8303813099663127,1.1951434878481666,0.0113653132901118
2024-06-25,AAPL,2.1039295020932487,0.9472064777743878,2.7018237297202146,0.8348160484583332,-0.7685062318749298,0.003775364175969
2024-06-25,ABAT,-1.9583170554172995,-1.6922937224060082,-1.1666595512090252,-1.2257991386562257,6.8280664166381575,0.0123426019986297
2024-06-25,ABTS,-5.281915240932047,-5.772548201091414,-5.268501439343096,-4.895374093256203,0.3622641509160555,0.0105893768721258
2024-06-25,ABUS,-1.6521616196140108,-1.639988787427643,-1.0769147224253262,-0.9999928571992294,-1.3594360455194174,0.0031266973052015
2024-06-25,ACB,-3.185172341693502,-4.395329837986726,-6.999956377167444,-6.405364198785896,0.38442589297828267,0.0248669468935447
2024-06-25,ACET,0.7499894869866834,0.3124929464643157,0.9090743804500471,1.3999710469461624,2.537641801288844,0.011662220115183
2024-06-25,ACGL,1.4618815323385757,1.424527517122441,1.6473366150705107,1.099996695859827,-2.109727056229677,0.00234139616093
2024-06-25,ACHC,0.48108475186515676,-0.1466672849123701,-1.0846150694558985,-0.8942294156296963,-0.9807370184213536,0.006375925616372
2024-06-25,ACIU,-0.49999778854592375,-0.7795259789478703,-0.9650880309243215,-1.2203341751103094,-0.9520426287631494,0.0020406334030475
2024-06-25,ACIW,2.769830481835169,3.380944038029334,3.7187454811942118,3.957605041444821,1.2122969837446371,0.0058764335080124
2024-06-25,ACLS,0.8487643875265191,1.0334708923056621,0.8381482993145272,1.2633571818275755,-0.4295117937418595,0.0136820712971709
2024-06-25,ACMR,-0.1492540609380369,-0.6479286740988431,-1.0209780687324277,-1.621843939479966,-1.0288932419096093,0.0191505802137058
2024-06-25,ACRS,3.545389492715421,1.9677150570623445,4.489708064998318,3.333277447574509,0.7269678437532966,0.0067666531050042
2024-06-25,ACTG,-1.9090788134905683,-2.031238003260846,-2.166654606476913,-1.9444350401646853,-0.5276752767397865,0.001618341902046
2024-06-25,ADAP,-4.299861042173357,-6.359735692737495,-5.479787007199643,-5.959766854312275,-1.1082005290649612,0.0030120669279094
2024-06-25,ADBE,3.092920624797052,3.6519724890398604,4.101577673853702,3.70838220555896,-0.4242070441714676,0.0073772876583763
2024-06-25,ADI,-0.4864957522010612,-1.0446094133869415,-1.7185964919956325,-0.8071228120869772,-2.3234805712310744,0.0040643095633659
2024-06-25,ADIL,-3.1110405051842194,-2.357110583015751,-1.3999743846736687,-2.799946385206956,-1.1467803030085837,0.0089283134005314
2024-06-25,ADMA,1.687496216686825,1.8593703070504046,1.9834625763963296,1.8070133755710094,-1.4023311897068533,0.0091088522489286
2024-06-25,ADP,2.7883176888226013,2.196710912630928,2.409034228660238,2.1085316675067283,0.025066666666532976,0.0036692218679783
2024-06-25,ADPT,-0.874994717550364,-0.7714243189903762,-0.3518484933542269,-0.17646942643288388,0.2802044609658917,0.0110847881977628
2024-06-25,ADSK,3.142755344615566,3.2073433113519214,3.235783557043879,3.2801557248305935,-0.18792866940986447,0.0129605633802816
2024-06-25,ADTN,-0.7446788262806586,-1.2790636635725758,-1.9142755151498696,-1.6749922210779238,1.226373050199957,0.0237100122558215
2024-06-25,AEHR,-1.9592996766106203,-1.9844530546728587,-1.3926685340845564,-1.3198190390911324,1.2968533086474,0.0346641407525343
2024-06-25,AEMD,1.0499891573810722,0.7499938431830444,1.1176341370567815,0.7222142620060427,-1.0040475781350577,0.0907048908123599
2024-06-25,AEP,0.13158038840235223,-0.9252298011760929,-1.7605551557856551,-2.896513777676199,-1.3790873158429056,0.0031873375431657
2024-06-25,AGAE,4.300809245995075,3.953428120911971,8.79556427980687,4.095173295217643,6.430555554960134,0.0020654786196889
2024-06-25,AGEN,-0.2386831685381498,-1.004853505712076,-0.20602989070795374,-0.6911757310916221,-1.2993300852539627,0.0140109369073207
2024-06-25,AGIO,0.18045089824062097,0.03138999004637928,0.13593959047654436,-0.1081638010681319,-0.9445697106315499,0.0107790743539711
2024-06-25,AGNC,1.9285292760915622,0.9999858136871526,0.9166479317279255,0.4615457391210285,0.1370873640229329,0.012147080151297
2024-06-25,AHCO,-1.1217366892294978,-2.955214039318383,-1.1317812540763523,-2.4814742697741745,5.8561014262703255,0.0125723853827913
2024-06-25,AHG,-0.9999875777950948,-0.9346863437774406,-0.8723279801292909,-1.0758474961722908,1.04999999965,2.4232572600181697e-05
2024-06-25,AIOT,-1.3333283436614691,-1.5517191557170633,-1.6274437182868864,-1.3749951957392472,7.151962428667212,0.012505565659691
2024-06-25,AKAM,-1.060347145335063,-2.082803020685328,-1.1772127217628143,-1.381723994492644,-1.786116322692114,0.0079779621269294
2024-06-25,AKBA,-2.88882483997705,-4.252781074163777,-4.741068001360488,-4.733227709018641,2.9163456246506763,0.0145809642934884
2024-06-25,AKRO,0.7966898560245986,0.480565260030128,0.933313841893879,0.6992749081792174,-1.3143172616808454,0.0061680407921135
2024-06-25,ALDX,-5.842048787192151,-4.282570644656449,-4.478899244677576,-4.736797263535074,-0.40022172948558515,0.004290831989308
2024-06-25,ALEC,-0.4528282761883147,-1.0235255739323201,-1.074762220723347,-1.0185142883747502,0.1978976233985567,0.0065851950041249
2024-06-25,ALGN,-4.423025392401536,-6.0651636597004615,-6.416368249504305,-5.940364107440898,-1.4513381995016112,0.009961712493367
2024-06-25,ALGT,-0.905324599455502,-0.9999986842159561,-1.202017878597136,-3.4538412239683214,-0.08035714285634567,0.0195765147260105
2024-06-25,ALLK,-0.09090743804500066,-0.30768729188931465,0.0,-0.2999960266383369,1.8996705600365398,0.0091549841220664
2024-06-25,ALLO,1.2608572942213714,0.812489843867266,0.7333255689764625,-0.4210476711482648,0.7735376203214973,0.0182910277602385
2024-06-25,ALNY,15.312340220893791,19.094221281572278,16.930037652557022,22.64004640055092,20.139983909787396,0.0347879499640724
2024-06-25,ALRM,-0.8313958133837377,-0.8186814785415382,-1.0470070263275055,-1.4638562744139993,3.296408006562674,0.0238141757088559
2024-06-25,ALT,0.5648141245285642,1.151512883609332,0.3647049978241463,1.681814531921054,10.868294810268495,0.0983019955307689
2024-06-25,ALTO,-1.6922834911430493,-1.7692037623244816,-1.4615151302543488,-1.7142614681179567,5.899059871292439,0.0116967378514738
2024-06-25,ALTR,0.8684890842350679,0.7467042337562432,1.0167503586496205,1.025485083488412,-0.23086874797517762,0.0088759044040401
2024-06-25,AMAT,0.722559110104786,0.575618690807458,0.7979325694426592,0.6357038132997757,-0.011650126363790113,0.0058822731236181
2024-06-25,AMBA,-1.7136391249064833,-2.2401558701458884,-2.7635479169579176,-2.7991293358088565,1.7113659022760583,0.0183823702677355
2024-06-25,AMCX,-6.528789137167738,-8.740495349239591,-7.603444988805355,-7.8826763999197755,5.37627861663236,0.0562123291027588
2024-06-25,AMD,-0.33908231529056954,-1.162273891111259,-1.0291451502368765,-0.25415528001333476,-0.9681425126242831,0.025221311681096
2024-06-25,AMED,0.17332744583948614,0.9019516741032002,-0.4634414207859453,2.218735387831644,-0.24279123413791476,0.0073848760907397
2024-06-25,AMGN,4.362591077328935,5.06234751277953,4.2151638082948475,3.9420940028885276,3.6745707277087094,0.0063806182947756
2024-06-25,AMKR,3.0323907094096363,3.067316002845104,2.5122441739385857,3.2132527834706157,4.597774621190351,0.0077929700148954
2024-06-25,AMPH,-0.3716232963695126,-0.8609289900268587,0.015037894851634821,-0.5294091778424206,-1.6669484361510236,0.0047471044132121
2024-06-25,AMRX,-2.2666360210172853,-2.7406946435153574,-2.3999726624523747,-3.5713687937874496,1.2901195720538385,0.0058168621903306
2024-06-25,AMSC,0.6067409391465937,0.9420285771598389,0.7236534616785326,0.9037034353450282,-0.7609738759525112,0.0258136782590845
2024-06-25,AMTX,-2.764668407044952,-2.052612482151239,-3.076870097463389,-1.8399707130564817,2.8017711171280415,0.0120650496161802
2024-06-25,AMZN,1.2801977296225828,1.3887869066011012,1.3980221442078147,1.05274460833452,2.9101575329272333,0.0043249876980137
2024-06-25,ANAB,0.39655290816160194,-0.3656689144009145,1.1484299995942915,0.6274513797212966,-0.9910891089010784,0.0066325798583484
2024-06-25,ANGO,-3.277757875541616,-2.7857006960963253,-3.0285561466572206,-3.2352688168697106,1.484307692289424,0.0125446351614253
2024-06-25,ANSS,-1.2266724772646516,-1.0909178920361535,-0.6506510168525271,0.02469669186080177,-0.06894934333894044,0.0055617796782268
2024-06-25,ANY,-3.1249202006571624,-0.5999872850015942,-1.9687099941229635,-1.1249701993803674,1.5852073962965676,0.0501938844864909
2024-06-25,AOSL,8.178807721231864,9.42220791803618,8.294100690339803,13.134582084496396,6.526159920897805,0.0177358490566037
2024-06-25,APA,0.3095227226484905,-0.07079899305548398,-0.021506043338828017,-0.1888889173364934,-0.32543520309442786,0.0143179857547336
2024-06-25,APLS,-2.0063682327626964,-1.0246899971315908,-1.5722479673860723,-0.11428531746851373,2.774226804109411,0.0123538034991554
2024-06-25,APLT,0.4285703845313345,0.12690216577681904,-0.2899978481873182,-0.27272603306230386,1.7531461761745522,0.0094485888136408
2024-06-25,APPN,-0.17123252582389833,0.4173919774116605,-0.2551016393601882,1.904757477752189,-0.6547714514783098,0.0095886584258677
2024-06-25,APPS,-0.9999920000639995,-1.208323057014361,-1.095228124032812,-1.3912928806035219,-1.380897748456359,0.0130667479310903
2024-06-25,AQST,-2.692283878778858,-3.0576691927529445,-2.999978571579442,-4.173876568623729,1.8511722731843316,0.0157841398018031
2024-06-25,ARAY,-0.916650478532817,-0.9999866668423258,-1.9999428588182855,-1.9999623849022203,-1.5835436647997625,0.003417257441822
2024-06-25,ARCB,0.4307755012841777,0.01219380388172941,0.9753117086735452,0.44666695517291344,-2.0876288659363373,0.0061381493976319
2024-06-25,ARCC,-1.143601483634535,-2.0133683008541015,-1.5310067238114682,-1.9124546918050813,-0.3334045279790212,0.0046403243431561
2024-06-25,ARCT,-1.1296682193468908,-1.0982754524361888,-1.0150052806142895,-1.1026648357198945,1.90427640893852,0.0357709127648434
2024-06-25,ARDX,-1.607836447027304,-1.7211472528082437,-1.842605374768703,-1.8928504739077967,0.9692928798606085,0.0169884542449109
2024-06-25,AREC,-2.7083105571190234,-3.8110672942155794,-3.3043187773948826,-2.8399774327684284,-0.13497536945724153,0.0033117502967142
2024-06-25,ARLP,0.22857071331426335,-0.2545416107641058,1.2592551828998066,0.40678173178695903,-2.3255344896948325,0.0011889930544741
2024-06-25,ARQT,1.5874969253244262,2.3157858765164137,1.803026787820082,3.5714184103531093,1.0461398360800442,0.0238658777120315
2024-06-25,ARVN,-1.2555906861750965,-1.3232870635413376,-1.6182419169043014,-1.571954772406904,2.6039039038882645,0.0171363584756937
2024-06-25,ARWR,2.2756998489769398,3.0599301699412416,3.879189200533163,2.5789467590429824,0.03333333333315118,0.0079800757651318
2024-06-25,ASML,-0.8933869554870554,-0.8241420876362071,-0.6124717398896818,-0.4340916967134587,-1.5960992907688218,0.0020373855544252
2024-06-25,ASND,0.6284295016362063,0.9890423046306951,1.019165301487629,1.0302652779701162,4.561848958273934,0.0104632538707053
2024-06-25,ASRT,5.4284231425853555,2.307657440111247,4.1248937112174895,2.9090423522487447,2.266666666654178,0.0103473726820005
2024-06-25,ATEC,-1.3255735794049006,-1.0399948481993182,-1.0217331106787915,-0.8275798190627264,-1.0134733505012345,0.0075012664674061
2024-06-25,ATER,-1.9189086509363336,-1.8588109700289959,-1.590289778124374,-1.4877970531782263,-1.4823151124448672,0.0026626319602685
2024-06-25,ATOM,0.0,-0.928556582140804,0.16666527778803092,0.4545362050612938,0.1454545454492562,0.0068232374388921
2024-06-25,ATOS,-1.9999764535004767,-3.7272041717724727,-3.1538013017615034,-3.071385485162526,1.9209611128553843,0.0083664937679027
2024-06-25,ATRC,-0.36144632420807066,-1.6767664495042633,-2.2253512925662498,-1.9767368553635911,0.8439252336369727,0.0141936683106403
2024-06-25,ATSG,-0.1694915536004419,0.040000755524321654,0.07407196825999192,0.5952374233010889,0.965782720257215,0.0065077666734961
2024-06-25,ATXS,0.954535594677469,0.0,1.0476099354353217,-0.40908305232050435,-1.2347434119193152,0.0045911876131849
2024-06-25,ATYR,-3.142812975377213,-3.019958271615619,-2.8947052487864275,-3.6315415791738332,2.1551258992611952,0.0065373526028994
2024-06-25,AUPH,2.681794885563274,1.0113983256089778,2.5405153046900053,1.6666463823443711,-1.246767847098107,0.0049760079816507
2024-06-25,AUTL,-2.0833223664013385,-2.613624360377103,-3.3898093896705985,-3.368407088663781,-0.7890974083975367,0.0047240249570403
2024-06-25,AVAV,-3.1903528035091036,-2.113837012415403,-4.133335793520923,-2.0795332784225193,2.1973981900203916,0.0161417211220888
2024-06-25,AVDL,-3.3272651048684745,-5.9268033071404345,-3.4848339839601437,-3.6166581874099757,5.5114536501583755,0.0220295272453311
2024-06-25,AVGO,2.1711060885259648,1.5526635895545517,1.480755657272855,1.1155959841831493,0.4844648264361046,0.012082221329437
2024-06-25,AVT,-1.4131051264990282,-2.6355781809989614,-2.9604954240025614,-1.936904610927405,-0.0276990871889978,0.0070215919153432
2024-06-25,AVXL,1.2903138094754085,1.454537240563178,0.7592545018350373,0.4399979677481916,-0.9146171693650617,0.0090002609793544
2024-06-25,AXGN,1.2432357219335348,0.9999961921128429,1.2058756720467598,1.5135069346214944,-0.7040127135422805,0.0064856868378442
2024-06-25,AXON,1.2144033273405814,1.056311515628718,1.0874177064997508,0.8808048033089935,1.2179487179264112,0.0061407515363081
2024-06-25,AXSM,3.0568135672475343,3.4073987580032923,3.42327691647131,2.9543981488707542,0.4154716981100719,0.015572516579378
2024-06-25,AXTI,1.3124831283086595,0.7646968859104148,1.7499678537339463,0.9999840115362506,-1.1076302729459824,0.003390499583315
2024-06-25,AZN,0.5985836619432673,0.42748417063407995,0.8479915262374674,0.5815613216664672,-1.006643425638352,0.0009939813646204
2024-06-25,AZTA,0.5692967221448195,0.17847779106482775,0.3412068467376795,0.049274846600149864,0.6588590857524831,0.0139138122707656
2024-06-25,BAND,-3.5309667864353624,-3.2449775809105703,-2.9335921595331103,-2.6088413147414116,-0.7223127035712978,0.0086028118519296
2024-06-25,BBIO,-6.215267370204049,-6.421872043873662,-9.797866863202263,-9.613606140361846,7.783523484937669,0.0219371266240266
2024-06-25,BCRX,-0.2121190508167163,-1.0208285624797488,-0.7307645264936911,-1.4516047288849225,-2.3991336024369416,0.0085332120980091
2024-06-25,BCYC,-3.8738707330793507,-3.741252977079706,-3.9999996832432347,-3.4011924167376804,-0.44714964370015264,0.0045943957594062
2024-06-25,BDTX,-0.054544751778367415,-0.5235164696221258,-0.8604610367617959,-0.8947322650773124,3.6030211479927132,0.0127933613590718
2024-06-25,BEAM,1.3398039967587705,0.09543519128691047,1.0357126306796844,0.0309285010571361,-0.9014957264938002,0.0092197516025641
2024-06-25,BECN,-4.246745801314199,-6.168926535177337,-11.681835375158663,-8.633090383045932,-0.8557738380368398,0.0086651971113851
2024-06-25,BGC,-0.19999909789901338,-0.3181815198381948,-0.10000248858494946,-0.31999773123397196,-2.026607538797374,0.0043957249527602
2024-06-25,BGFV,-0.6666583763226744,-0.920677489360871,-0.9630985433896452,-0.9589653137810044,-0.8594491927662022,0.0098159346956046
2024-06-25,BHF,1.1958042955460284,0.6825348988354383,1.5967301499205802,0.7931009028615764,-0.8099999999838,0.0055114923226634
2024-06-25,BIDU,-2.9603510595642706,-3.2761012907840104,-2.2713433291074607,-2.0455260206747603,-2.608647906650354,0.0068005376885144
2024-06-25,BILI,3.404954424057986,2.64564179515706,2.757572590209593,3.2548985982125114,0.19401079449806277,0.0168005482390799
2024-06-25,BJRI,0.21739331831385583,-0.340430990813232,0.4999919755108983,1.0384510549284622,-0.7905263157728311,0.0116822635596129
2024-06-25,BKNG,4.888254370884717,3.134929329845297,4.014591750343893,3.6183068524649653,-0.9086757990590966,0.0045740998074063
2024-06-25,BKR,6.013354485096612,4.50466558635521,6.69445871453025,5.96624981247851,0.24239529388079603,0.0064080374589502
2024-06-25,BKYI,-2.9999739132724828,-6.538354458987416,-4.285658170942166,-2.423057896210103,-0.9218749997119141,0.0011821442484652
2024-06-25,BL,0.7246362146044005,0.09541981338920977,0.8028153151843932,0.3144306181134971,3.76660296223714,0.0276235561206533
2024-06-25,BLBD,-3.306012567038235,-2.5860186144480024,-4.073528997805697,-1.550923893021071,-1.0953905249539644,0.0127152293132281
2024-06-25,BLDP,-1.6969584052847588,-2.2333182591058707,-2.687482178791107,-2.70586544611986,6.701694501995119,0.0157478475605686
2024-06-25,BLFS,0.4018688075502742,0.1935482354979315,0.8720925940469352,0.11904776810587551,0.669648181268102,0.007119061840146
2024-06-25,BLIN,-1.3845937304823772,-2.1110668475676087,-1.3333111114602814,-1.0833151125318248,-0.4694835680310344,0.0014460000383046
2024-06-25,BLKB,-1.3305067443042706,-2.6907894665218723,-0.9193544474939715,-1.50234113047412,1.5959765297301596,0.0067754612939587
2024-06-25,BLMN,-1.022215884586662,-1.2747234585841845,-1.3826043318078234,-1.9117644659835187,-1.420395869184938,0.0135734032883241
2024-06-25,BLNK,-3.0454224264317777,-2.814795011036178,-3.6874568869800357,-2.1999822094074615,-2.0263020014649205,0.0249982963229782
2024-06-25,BMRA,-9.999343310593826,-5.99958016104224,-12.998715028432912,-7.999607469832762,3.4096385541141676,0.0092326989147625
2024-06-25,BMRN,0.9979541681433489,0.9909907466915674,1.1402571817029998,0.9407018923422977,-1.006204500329242,0.0114933717158442
2024-06-25,BNTX,-3.2738847638247592,-2.7901478489278273,-1.984078126605943,-2.9312377959336486,-0.8687800192089576,0.0025246160254122
2024-06-25,BPMC,0.8714879263428742,3.90815907878734,2.217930353046388,1.1713667842713273,0.524196277492222,0.0103448815447688
2024-06-25,BPOP,0.9776762346978265,0.46863521841903594,-0.4802612521643493,0.5728147145955855,-0.9051819183923885,0.0028641889845541
2024-06-25,BRKL,-0.74998477213371,-0.9545329319185302,-0.38888239142485587,-1.1578870336881306,-0.19850187265620223,0.0042296343052621
2024-06-25,BRKR,0.04429212252514207,-0.7245379624712291,-0.024544375124770656,-0.18366289775396033,-0.5695282670265561,0.0067532385486695
2024-06-25,BRY,-0.15384328917038403,-0.27999394835957775,0.24999735807154583,-0.7036948017758855,-0.14076246334247344,0.0121384810080906
2024-06-25,BTAI,-0.9736839150020234,-1.0294117059245926,-1.131578765014854,-1.243902428547478,1.56274210569753,0.0085668722247825
2024-06-25,BTCS,-1.39998552331106,-1.617628997238487,-1.1249857514212358,-1.3571228614777295,-1.9007444167791194,0.0025319717172317
2024-06-25,BTOG,9.454470341951543,8.4482119286996,12.666505618257585,9.923009762113933,3.11645450256373,0.0606229416872839
2024-06-25,BWEN,-5.5788796615031515,-4.949956460858346,-4.374963169446006,-4.764648755216236,-1.1336828309156792,0.0081363100758522
2024-06-25,BWIN,0.4770601983049544,1.0104146917777466,0.1857086169916438,-0.9036148830111234,1.7442396312962156,0.0055816410376804
2024-06-25,BYND,-1.22972722467168,-1.0370347162944835,-1.2592556267077617,-1.391300917632087,0.2695161769062941,0.0270510175225446
2024-06-25,BYSI,-0.1999987209106271,-0.3823501558235958,-1.124991325732979,-1.1724063879271351,-0.6576923076670118,0.0005779300183796
2024-06-25,BZUN,-0.5714235166987536,-1.0203993369721787,-0.936162849837803,-1.041657903408963,-0.40580912862396995,0.0041360862906935
2024-06-25,CABA,-3.007517320516596,-4.442473717777486,-4.085932355552801,-3.2711818768706475,1.360413940760413,0.0350806316523822
2024-06-25,CAKE,1.4556915875567251,1.5496652583988848,1.9285682434020548,1.5617868161621264,-3.8866894197421615,0.0115897421378433
2024-06-25,CALM,2.682780288015655,1.7663470519629085,3.2370215292660536,3.0373041105423644,0.029296874999618534,0.0120485467612891
2024-06-25,CAMT,0.5667080522729326,0.8909952980081545,0.7066319465092328,1.0237242081322746,1.0137142857065622,0.0133875796422814
2024-06-25,CAN,-0.5999760009370751,0.0,0.0,0.9999714294577935,-0.7631410629138486,0.0126003474476857
2024-06-25,CAPR,-1.6507892992289912,-1.4626820628590678,-1.4078908337356193,-2.448267873355541,1.1173449229465244,0.0110843774424271
2024-06-25,CAR,0.7966465687115905,0.1790687763847313,0.17159811750559878,0.4246558698844096,2.986876640393816,0.0224850961292559
2024-06-25,CARG,0.47243962143127405,0.1677165388925385,0.27777961811935115,-0.020134690864742406,-0.791733762739756,0.0069026745476506
2024-06-25,CARM,-0.13043351319531415,-0.5176414474098453,-0.6842037204369822,-0.09523708009212961,15.436260622792174,0.0172226064358034
2024-06-25,CASY,3.285201704144631,3.7476893754099803,3.3586743395937395,4.404171823653554,0.25091671031691026,0.0101555611105464
2024-06-25,CATY,3.863624856674895,1.974742121182433,2.933332402038871,2.0281740789381804,-1.3208292201121257,0.0035940647306485
2024-06-25,CBAT,-1.5384501274576172,-1.6153713430003078,-0.9130356289606181,-1.423066699419865,-2.2247827729337,0.000933959127458
2024-06-25,CBRL,-2.0988568741054956,-1.9012307151585366,-2.1398062648511393,-2.8149036656440622,1.2586206896498142,0.0513306533114739
2024-06-25,CBSH,0.5474498143526608,-0.030751100399761155,-0.07070496063772103,-0.3375706507554327,-0.1807228915642901,0.0031263332189686
2024-06-25,CCEP,4.747362540957855,4.172036284088961,3.4495564058003647,2.4726999922141384,0.05198572066018748,0.0025318135498119
2024-06-25,CCOI,-0.8828639986284752,-1.0753968829538485,-0.9260457139991556,-0.7852038917158168,-0.5305631868095428,0.0097852589286437
2024-06-25,CCRN,-3.593729774343812,-4.874972511627826,-4.793068918454045,-3.3783637393780683,-1.2159763313249712,0.0090879723033225
2024-06-25,CDLX,-1.7951762864176857,-0.9658111647926173,-1.8860721830329854,-1.3260842540088056,0.009282700421888704,0.0140164256485447
2024-06-25,CDNA,0.14516056000400313,0.22033874657821428,0.8160372910649322,0.5203236511927632,-0.49466192170114365,0.0112745124571725
2024-06-25,CDNS,1.4045586247057813,1.0018118915592251,1.1747016315092047,1.1726480582306424,-0.8679614573897382,0.0047215966941007
2024-06-25,CDW,6.3604010413986085,4.439721347606202,1.309077857290182,0.22613413004629573,1.7218934911135353,0.0084194069835391
2024-06-25,CDXS,-1.113631178527043,-1.6842018602244284,-1.486479426729946,-1.624991129988401,-1.0698850574614265,0.0031628265606352
2024-06-25,CDZI,-0.0909074380450047,0.8181677306131311,1.3333037043338696,0.3333259260834674,-0.016842105262448753,0.0010625420309347
2024-06-25,CELH,-1.316146655710868,-1.5439880610367047,-1.462835122066841,-1.5093074401636941,2.408533275430242,0.0375392606609729
2024-06-25,CENTA,-1.252550927499873,-1.1363646977285458,-0.8115500357283459,-0.919614700284753,-0.42857142856430946,0.0047042100988222
2024-06-25,CENX,0.3435884857962276,0.09714278971906622,0.4817500189321529,-0.004608395996982134,-0.3417825020427564,0.0104666323759853
2024-06-25,CERS,-2.499916669364884,-2.2999536433103174,-0.9999823845213012,-2.7142115712926707,-2.3459652251239773,0.0020340169008019
2024-06-25,CFFN,1.0499896738309225,0.9999895254611707,0.8999928256209078,0.38888683960830367,-0.05577427821449116,0.0053410365544475
2024-06-25,CG,-0.46415109079608935,-0.5648555175951194,-0.3144341261755847,-0.8405801904593054,-0.8339914012444783,0.0046406036574313
2024-06-25,CGC,-1.4358940989691984,-1.4209077290294203,-2.545443712978162,-2.7333230566610696,-0.11707770219644777,0.0239600005121573
2024-06-25,CGEN,-1.9499793677229889,-2.526284111676212,-2.3333085114656935,-2.631550454318768,-0.05976095617434644,0.0022221509308866
2024-06-25,CGNX,1.0553375986699796,0.7111123568617198,0.9154389554586166,0.8222236945888497,3.429217548589514,0.0088321426462773
2024-06-25,CHDN,1.7663572800959197,1.017294763631187,1.2993225609896302,1.3455135813047976,0.47856477166375994,0.0072855630458389
2024-06-25,CHEF,2.12764499465344,2.8510446174884714,0.7073068149826558,2.238090774319209,1.6212731667748383,0.0077338765751369
2024-06-25,CHKP,0.2326383941900526,-0.09109802949282259,0.12183814548896495,-0.25952300258237393,-0.529545454539437,0.0048380994564866
2024-06-25,CHRD,-0.22065410407002034,-0.894502348971743,-0.6499312522691436,-0.1841066907311905,-0.4798683701104147,0.019499239361568
2024-06-25,CHRS,-1.5999789848349697,-1.8064270637099886,-1.57893226708681,-2.1333030879265613,0.3745677041756463,0.0124325910075325
2024-06-25,CHRW,3.0474680293895497,3.5139179426551332,2.606795773909946,3.0730966951870675,0.8549172346599079,0.012505603626921
2024-06-25,CHTR,1.4671189072186652,0.9415431890827269,2.8620690851611332,3.9876741651797127,3.6141252006188496,0.0103363048713507
2024-06-25,CHX,2.2739753900665978,2.1219567089311755,3.1729355948006996,2.6060630816966035,-1.1896457765645965,0.0076074423480083
2024-06-25,CINF,2.8437702132103184,2.6768101865455645,1.72439897956286,1.3868627096736197,0.4263744713538918,0.0038182226586132
2024-06-25,CKPT,3.99993532123539,1.8010278105555713,3.6584460075961305,3.6999239749806954,1.3972315436124394,0.0053164020055163
2024-06-25,CLAR,-0.8888850241147991,-1.2758620844980215,-1.212123401228036,-2.0399828498458423,-0.9361702126995624,0.0027005750452268
2024-06-25,CLDX,1.3954789779353605,1.0245368254897362,1.7819489512337465,1.632652163923442,0.6196054253969198,0.0112738348814017
2024-06-25,CLIR,-2.444391154829212,-2.555499061014995,-2.5555014156788984,-2.399954385054588,-0.3415300546261459,0.0008699169000434
2024-06-25,CLLS,-3.1794700437358356,-3.410237808928854,-3.216197908345801,-3.1070324344538145,0.14210526315290858,0.0004457074483996
2024-06-25,CLMT,0.9374930231164478,0.6774193508501668,-0.150002076259904,-1.5861877927543937,1.102654867217605,0.0014291165609739
2024-06-25,CLNE,-1.0370293226329255,-1.4827476010681242,-2.105243507087281,-1.7142674416583312,1.3506672802535644,0.0084209962315372
2024-06-25,CLRB,-1.2592516975252468,-0.9999944444773688,-2.3499760830123586,-2.1851669056661573,1.2048913043347296,0.009201408857224
2024-06-25,CLRO,-1.499923513863191,-1.3999463862792099,-1.3999423333903593,-2.499870536387188,-0.47340425529396785,0.0015633964981458
2024-06-25,CLSD,-0.88886943061179,0.0,-1.5384364594465731,0.6249834441002041,9.357308584542038,0.0098063484057016
2024-06-25,CMCSA,0.5460925333668869,-0.13869080648046525,-0.041334167529712654,-0.13115102734097378,1.902745271214572,0.0066740996189166
2024-06-25,CME,-1.4126264888178695,-1.5332171588918246,-1.4252472832100032,-1.821863558294156,0.001101321585898232,0.0056018646983739
2024-06-25,CMRX,-0.1999920003123575,-0.49997500122609523,-0.999960001609472,0.0,0.9602739725895854,0.0026448821902737
2024-06-25,CMTL,3.050837882906124,2.8727178037990284,1.82757854413495,1.799992990762902,13.624253848484924,0.089949091206477
2024-06-25,CNDT,-0.8999961556689393,-0.9662875511689295,-0.524387366795242,-0.585363239340504,-1.3967633928493484,0.0060038311808688
2024-06-25,CNVS,-1.4285310999615541,-1.181796497571807,-1.8332723898245518,-0.999960001561792,0.09342560552986674,0.0025282234849433
2024-06-25,CODX,0.09374934421726874,0.31999713484714,0.371426877169117,-0.11428498337750273,-0.4961832061021357,0.0035640686756572
2024-06-25,COGT,1.6363589404192924,0.5686230211474287,-0.04651022529095476,-0.4285713688607344,-1.1821350762475724,0.0086640316205533
2024-06-25,COHU,0.05969982720048002,-0.44230472145356126,-0.8860733699626699,0.4117631648281202,2.218232044137618,0.009080526765186
2024-06-25,COLB,1.634129376934974,0.32556721952226747,0.542854188497423,-0.6818194684128049,-0.01347679600040544,0.0082997403022253
2024-06-25,COLL,-0.7745102835541526,-0.9901938985446923,-0.6714267698398735,-1.0657856453054129,0.5205431754838402,0.0184863593076018
2024-06-25,COLM,0.6609356805253702,-0.044114234874618304,-0.4923856411142139,-1.2717988678838177,-1.113037447973467,0.0055978374784073
2024-06-25,COMM,-1.2424164499083923,-1.7499885320901125,-1.2187421383907462,-1.624989890380971,1.3411941169106778,0.0209419062875367
2024-06-25,COO,-3.5933089655968993,-3.1294999166265374,-3.0946618841614577,-3.3282973432644614,1.0282405766252434,0.0084543180165462
2024-06-25,COOP,-0.6229446725541671,-1.751876029715648,-2.0948242012470377,-1.739437272417853,1.023203592799054,0.0059374775332351
2024-06-25,CORT,-0.4221298788715544,-0.5022430367733518,0.10360333611190434,-0.7807693524870314,-1.246317927877954,0.0070007487938731
2024-06-25,COST,0.17362931079383123,0.3535919627008709,0.4275251948006232,0.8072021719983923,-0.6384008148681517,0.0037767955269542
2024-06-25,CPB,1.7409898326956712,1.4238342077242985,0.9936247695621445,0.08195719792588281,0.257162269278095,0.0106559075648613
2024-06-25,CPIX,2.399898282168293,0.0,0.9999000099036517,-0.6666444451639617,0.14285714282574566,0.0005297671887975
2024-06-25,CPRT,2.853444915346832,2.4326879821402017,3.3762363978613776,3.411768795862766,-0.1469482529850797,0.0038052237522079
2024-06-25,CPRX,-0.5925921323515131,-1.1953983538368969,-0.5287356262747467,-1.0581372546234786,-1.4208530805597417,0.0050259365994236
2024-06-25,CPSH,0.0,2.4998750061304897,0.0,2.4998750061305177,1.770588235085813,0.0023750516315572
2024-06-25,CRDF,-2.565206688929422,-2.7291545708277662,-2.66665410844654,-2.9999869565795314,-0.06987761547516876,0.0074348771802183
2024-06-25,CRDL,-2.9714102684824053,-1.5446743341058349,-2.441162502669727,-1.3809472917481032,0.0576923076920665,0.0087932307617814
2024-06-25,CRIS,-0.7058814894931571,-0.8421048816082363,-0.8648635045596081,-1.089170823053429,-1.084210526201662,0.0016726883447076
2024-06-25,CRMD,-4.384589137537128,-3.8912859869632936,-4.999967783514801,-4.34144552733285,-1.7399893219248268,0.0044276162978009
2024-06-25,CRNC,-0.729726133575909,-1.5733257136745742,-3.1276317475192323,-3.6428322782242994,2.3864453665217527,0.0554179494895715
2024-06-25,CRNT,-1.7142612248162905,-2.249958030394504,-1.7499708337916218,-1.428551020680242,-1.5622222221875062,0.0020655318630858
2024-06-25,CRNX,-0.4429518241802225,-0.13455496192169508,0.008198476311734131,-0.7908491934727849,1.2064777327853813,0.00899960811833
2024-06-25,CRON,-2.1874756367635384,-2.6451282016258717,-3.599932769652089,-2.6874693868357085,-0.21629881154352257,0.0022690970976135
2024-06-25,CROX,-0.10902891038472627,-1.0116011732897083,-0.3887103340223396,-1.3546547467735957,-0.7554945054898932,0.0167439105754582
2024-06-25,CRSP,-0.3850469515387166,-1.0042876503562412,-0.49756021095763087,-1.077547031934098,-1.5604261795947614,0.0101790163826786
2024-06-25,CRTO,-2.004695753255171,-2.517071577386423,-2.0297457786580395,-1.6987950898248962,-1.144219977540469,0.0051623696050289
2024-06-25,CRUS,1.2287147023323575,1.4125257407265799,1.1129043303520167,1.5674147664862388,-0.5956187092883882,0.0075021309664709
2024-06-25,CRVS,-3.3999454486636824,-6.499862181225101,-2.388864995017036,-4.357076599050728,-1.243759177643355,0.0014221598630969
2024-06-25,CRWD,0.48498395211724965,0.510924810057618,0.7147537210189107,0.7660355732133655,-1.6800114970832882,0.0129223437138322
2024-06-25,CSCO,3.466602756585434,2.9062353137567523,2.6292265654006055,3.160459199260567,0.04001441095230454,0.0044726755359247
2024-06-25,CSGP,-1.0824300797485926,-1.1970648229192549,-1.1754741227099885,-1.253519050011018,-0.8256297383203091,0.0059438593533551
2024-06-25,CSIQ,-2.0542954127121997,-2.316664881812556,-2.837830227952965,-2.16405926100666,0.5201895734577433,0.0230570805547118
2024-06-25,CSTL,-1.2214278677880823,-1.808429035179614,-2.1632608118626147,-3.9285604529629707,-0.03951367781074947,0.0078315404109565
2024-06-25,CSWC,1.94695721473101,1.8020665020443283,2.704894324340422,1.8820883167172413,-2.653753026570127,0.0038571185683388
2024-06-25,CSX,0.6938536560923713,-0.362314312860024,-1.597453883204798,-1.1764694825640696,1.08376980383156,0.0059972411661321
2024-06-25,CTAS,3.9356284904011116,4.406622966547509,2.752650306263849,2.699147870260288,-0.9853190287945078,0.0029074734370849
2024-06-25,CTLP,-2.416645700131872,-2.346136715926537,-2.636341837040502,-2.791638849905736,1.157338965128673,0.0042473019637267
2024-06-25,CTMX,-2.076907030176523,-2.2222060067224456,-2.079351408588925,-1.89188144781172,0.6847051533601473,0.0305019092157713
2024-06-25,CTRM,1.5757468873197809,3.8147876036831163,1.7142747506625398,1.913024860197943,0.24175824174495833,0.0070686737698386
2024-06-25,CTSH,3.369684902907177,4.669123903337947,3.6577193997872666,3.6622433658404323,-0.09456042048882377,0.0056118281656881
2024-06-25,CTSO,-6.142512953748087,-6.832746554288257,-8.999131587726797,-3.8362271714819007,1.9314586994048697,0.0018448
2024-06-25,CUE,-0.8333235222853663,-1.149990832968246,-0.9999900001023831,-0.39130053958594285,1.6490514904702154,0.0052718334624735
2024-06-25,CVBF,1.8484835554715993,3.3181432097792385,0.8461661351073245,-0.3792941171550726,0.03323076923036024,0.0042000977770108
2024-06-25,CVLT,1.4832855817897428,1.578221327771305,1.4929963526575314,1.8964495103607932,-1.1849673202459483,0.0064776260523301
2024-06-25,CWST,1.2307707669624575,1.1286285602841566,1.5902447473627568,0.9301319523962145,-0.5334491746214866,0.0040868810956496
2024-06-25,CYBR,1.9833047015392982,0.998571724149104,1.92733672273848,1.3597221117813563,-0.9780621572122664,0.0085020431188041
2024-06-25,CYCC,-1.146336658690963,-1.279063508843175,-1.6285625020240515,-1.4102491076713952,-0.004662004661787319,0.0002893853455261
2024-06-25,CYRX,-4.481473640323988,-4.3688476933281235,-5.979988535933573,-5.638878986150225,2.826030649674828,0.0266136917355901
2024-06-25,CYTK,0.9999994638077406,1.0534760636282514,1.021645445342609,0.10683733438938478,-1.229480183009504,0.0080419169715071
2024-06-25,CZR,2.2460294949215918,1.7772704258734233,1.5131088613837849,1.3769625781664363,-1.4880635245886393,0.0129133595737378
2024-06-25,DAKT,-0.022222641500412057,-0.05263249072468363,-0.5121929071112151,-1.2727218564890874,1.7240204429105734,0.008508019986331
2024-06-25,DBX,0.06666799289657378,0.09433805266692896,0.07339428047561036,0.5222226394110818,-0.07908939260115967,0.0202892583124364
2024-06-25,DDOG,0.6338641525042472,0.6883950836339721,0.9025725116444736,0.9179989003785617,-0.5952056129403672,0.0101775534705945
2024-06-25,DENN,0.4418587194258054,0.09302155949958849,0.15999920741527973,-0.11764654246576949,-0.44391971664349533,0.0101522842639593
2024-06-25,DGLY,-6.299944153062582,-8.117548588376057,-5.269189990115436,-6.809458038480555,-0.363636363553719,0.000147631655134
2024-06-25,DHC,-0.2307674342865694,-0.8999893292613282,-3.2657888344282954e-07,-0.5833253473006665,-0.957056538623405,0.002859855079673
2024-06-25,DIOD,-1.9644871836355218,-3.525900692329322,-2.1081132008019807,-2.0291267965267146,1.5139732684929776,0.005772583457093
2024-06-25,DKNG,1.0679874818093766,0.9751646682450077,0.40726654262431194,-0.014705659208179777,1.1355369807491715,0.0261811039371464
2024-06-25,DLPN,-2.999930464912793,-0.9999888890311819,-2.9999400670724112,-0.999988889016465,3.1026785708745215,0.0029027056083139
2024-06-25,DLTR,-1.039671536667386,-1.4422775860886454,-1.3242069971275268,-1.465040734740407,-0.5874370225896515,0.0110055183903695
2024-06-25,DNLI,1.953701714843651,2.1141624905774368,1.7118620930579753,2.214809325383837,-1.0640551860011624,0.0057101535951435
2024-06-25,DNTH,1.3647342099947195,1.1542411740690797,1.4176133496711525,0.5338753029355949,-0.13318452380754192,0.0056403089096336
2024-06-25,DOCU,-0.32644612193498884,-0.9793383658049696,-0.16938820150314662,-0.5288878084148317,-0.6655405405394438,0.0109901723541903
2024-06-25,DOMO,4.266642990729065,3.7333116234828605,7.857037425609918,5.159958567743567,-0.3276283618555206,0.0101210876897363
2024-06-25,DOX,1.5138144055025589,1.125686777120973,1.2602137540365155,1.0053512710971793,-0.412525252521919,0.0070522364772696
2024-06-25,DPZ,1.2110756160125136,0.8179457426985886,1.1391370762596174,0.8605944366072515,-1.0068681318543014,0.0097093040207598
2024-06-25,DVAX,-1.5294072664449214,-1.5124989009607213,-1.041093950792713,-1.9305486292209428,-0.7133764951153004,0.0109751674444471
2024-06-25,DXCM,-3.5738170307999546,-5.345439534486903,-5.068085642222582,-5.938689192175699,1.1374462123475058,0.0104400072339436
2024-06-25,DXLG,1.285677552034918,1.666604490633092,-0.9999714293604854,-0.9999666677459537,1.3386378102948615,0.0074470013021976
2024-06-25,DYAI,-7.199898915149045,-6.235227774274065,-5.117592461650244,-4.695610621404982,-1.2558659217596455,0.0017247853988109
2024-06-25,EA,2.5110957810095718,2.8015681107079207,2.2955814241299715,3.0801300048011604,-1.7590582479689372,0.0063790682147817
2024-06-25,EBAY,1.0204055680335096,2.1315750103401196,1.9468142862100917,1.5348868987031763,-0.8655632984888711,0.0093774678111587
2024-06-25,ECPG,-0.9963098459293979,-1.5736424545941925,-1.0450813861060053,-1.2882866942173787,6.999999999666667,0.0105397339951796
2024-06-25,EDIT,-1.5806360552513945,-1.5394652185229547,-0.9523753380597879,-1.5555495627031486,0.21864358683252372,0.0267847553200248
2024-06-25,EEFT,-0.23875381788198408,-0.46011040596425773,-1.4346076986653828,-1.1935471402371045,3.2599277977868604,0.0109452160940011
2024-06-25,EHTH,-1.2307666064021425,-1.3298942513212428,-1.2470559618778136,-1.3974315226857508,-0.4406779660910247,0.0070334573483932
2024-06-25,EKSO,-1.888847061697215,-2.352888619259772,-1.4285281806703147,-2.117594098262511,0.5425790753993879,0.0025095871870065
2024-06-25,ENPH,-5.226546024347434,-9.079448584241216,-7.034430674694516,-5.588551243397257,1.8705813613770859,0.0428193557239339
2024-06-25,ENSG,2.0820513851988123,0.8823586133985365,3.1896367664907825,1.426330822008896,-0.34577922076799417,0.0040207475432139
2024-06-25,ENTG,0.0926613142380734,0.6217906459368925,0.12736887710138464,1.4057495743967372,0.05383909452398997,0.0082440643793823
2024-06-25,EOLS,-1.32222084727742,-1.3056976654024435,-1.1302066541554145,-1.1497456006594946,-0.807932263807416,0.0054744066378556
2024-06-25,EPIX,-1.243900180036844,-1.481692442655063,-0.814998904059809,-1.1214933724588858,-1.6620553359026855,0.0003942453693065
2024-06-25,EQ,-1.047609029841791,-1.1052517383085343,-0.5999876426148597,-0.8888791228335506,-0.8319856244309796,0.0020941059875193
2024-06-25,EQIX,-3.445812868582387,-4.770154976567706,-5.456279562747215,-7.869455440678886,4.966480446834889,0.0067748056641832
2024-06-25,ERIC,0.15999739472226007,0.043480074224186274,0.1481474383492235,0.07407438615218423,-0.5072424765310494,0.0033967020363242
2024-06-25,ERII,-0.8636334838443374,-1.6721257933059035,-1.4838665780255527,-1.9090839237368544,-0.31794055201361,0.0054407855111335
2024-06-25,ERNA,-1.066652338680784,-0.46666007365795575,-1.4999632459966317,-3.1427619974746897,-0.1249999999375,6.507812245788585e-05
2024-06-25,ESPR,-0.9444392343512815,-1.047614004918675,-0.9032201280848522,-1.189182517360426,-1.1828679602455359,0.0211904036387509
2024-06-25,ETNB,0.6415094236695412,-0.016666981983204855,-0.32098538603785903,-1.3636319686970633,-0.6841186736440582,0.0061369739149495
2024-06-25,ETSY,-0.784046985300481,-1.2776588478191064,-0.6607939226571123,-0.7139949284346022,-0.3304488119678345,0.0240837940824865
2024-06-25,EVER,-1.2607645081653647,-1.1997650925467518,-0.9941716762502869,-0.9455437965508495,-0.5619047618950319,0.0116844179740159
2024-06-25,EVRG,0.5581414540526823,-0.3095256942100114,-0.20000108547470197,-0.7543903826857061,0.6154277175920231,0.0071656821889434
2024-06-25,EWBC,0.8514292682278409,0.7252205717868822,0.6012993434528978,0.025001910450895323,-0.5082715345064659,0.0041908261444155
2024-06-25,EXAS,-1.319726675623607,-1.683503304608877,-1.5265319526566141,-1.3046610671891374,2.8276841891560225,0.0207676769608278
2024-06-25,EXC,-1.1309541143561783,-1.2752808493205448,-1.2865506190163232,-1.6832314948398721,0.2002899683966376,0.0095185929280612
2024-06-25,EXEL,2.4772588069803043,1.8717827649299197,2.208329099011764,1.820508876805077,1.2406967537543379,0.0062437251901693
2024-06-25,EXLS,2.8831067887783957,2.4583203234654043,3.3050739804698535,4.499984652619474,-1.4172535211196315,0.0040497830159161
2024-06-25,EXPE,1.7368435488026703,1.68283908698471,1.7612363024442914,1.7651804431119515,0.03210678210666628,0.0154312679390922
2024-06-25,EXPI,-1.1999917208759592,-1.810790373943572,-1.1932739523548415,-1.3055415721651682,0.01763964720690769,0.0056502861653838
2024-06-25,EXTR,2.7874929865657223,1.724768215963353,2.38888163759773,1.8555503371542794,-0.22654504839826303,0.0127354901886934
2024-06-25,EYE,-2.7053491948027557,-1.929934659710511,-2.5164262238560986,-2.251965566551027,-0.5208960213940428,0.0140511648225242
2024-06-25,EYPT,-1.5490158005796988,-2.0128156495803693,-2.499991442473273,-1.8545414048352864,0.37307380372922516,0.013711864604067
2024-06-25,EZPW,0.6428474727769945,-0.6153666836556866,-0.2666698927603318,-1.8333001294680966,-3.0918635170062667,0.0044219179347449
2024-06-25,FANG,1.8979494749694337,1.2985571545415795,3.0313986574315437,2.236955812597434,0.6006875339221976,0.0049149388461097
2024-06-25,FAST,0.893807149428866,0.5274733832875369,0.2839502603251454,-0.021274003846720683,-1.574664904660044,0.0039186765175804
2024-06-25,FATE,1.4090765722446101,0.956513511770197,1.1249926118760123,0.4444389175484496,-1.7331749802031144,0.0070019284972556
2024-06-25,FCEL,-4.090907557363529,-3.692306062159265,-3.7272710988486435,-4.083333007484762,-1.9805268962519567,0.0652615423906771
2024-06-25,FFBC,-0.08511107385005402,-0.46551953693046744,0.31034078338114546,-0.1636364000597917,-1.2211838006040314,0.0029049356659449
2024-06-25,FFIN,-0.1950787631619302,-0.6389865426879971,-0.08848325176875202,-0.42090662405959073,1.1853448275783465,0.0046676875059167
2024-06-25,FFIV,1.0634865099617694,0.8144320689850547,1.3192457041200871,1.8700559913793435,-1.0663796196550672,0.0062304539454627
2024-06-25,FGEN,0.9999779807617205,0.19999152351402694,1.166627779036946,0.2857056361340629,-1.2573681246432988,0.009151084554634
2024-06-25,FHB,1.1428471585255153,1.8713255264556437,2.2187305651803317,1.333328540279256,3.2422258591940714,0.0057664268281086
2024-06-25,FIBK,3.120014103316194,3.239102988507054,2.0208214386914958,1.48385740746554,-0.027285782670873282,0.0055482895922341
2024-06-25,FITB,1.4189146658886858,0.8674623480848321,0.3333256703462785,-0.47945782126409675,-0.057507082152865895,0.0051741544431355
2024-06-25,FIVE,-0.3260145708338029,-0.8867923338846755,-1.3794683379101633,-1.6678521606051386,-0.6376683594584338,0.019642357591545
2024-06-25,FIVN,-1.0451123155968989,-1.3233990950472396,-1.459457277324089,-1.8763723650712905,-1.0725782414275036,0.0134713653152018
2024-06-25,FIZZ,0.9186835725057675,0.3355340803098541,-0.6087282919417105,1.0303674674645875,3.873344370796799,0.0040343857415386
2024-06-25,FLEX,-1.850264080824115,-1.9684162754590036,-2.294966639935919,-1.433153067443707,-1.8104325699723611,0.006551762705032
2024-06-25,FLGT,0.5164817134065082,-0.010000208881418175,-0.23737347190012179,0.02083175842723731,0.5451388888699604,0.004979637591242
2024-06-25,FLWS,-0.8648647876194543,-1.9166450653621285,-0.038462089055324375,-0.6764630616608425,-1.7691358024254533,0.0035940207319977
2024-06-25,FNKO,0.03539813009360412,-0.095999754847658,-0.9285698664491203,-0.8599988903537751,3.457751653170773,0.0176702117196445
2024-06-25,FOLD,-0.3243197847585231,-0.7499950579271017,-0.18749733802299248,-0.8749953270068258,-0.96162711864146,0.0051204270277307
2024-06-25,FORM,0.9037652546454207,1.6907586547694047,0.9760001957623462,1.6959445823446793,-0.024152345564104484,0.006321066589167
2024-06-25,FOSL,2.409068565130162,1.064509211610765,2.2380736527961402,1.2857057103118539,1.003364879070438,0.0149421596847087
2024-06-25,FOX,1.391753485112992,1.0471150913884226,1.7388850742554167,0.9999978460706311,-1.0349956255431847,0.0032498377458228
2024-06-25,FOXA,1.81011159868312,0.8852384383454172,1.5510168678620497,0.9884975861846829,0.03295716850466028,0.0132184509965819
2024-06-25,FOXF,3.891567458456349,3.2137495108537206,1.1520908970519042,1.1530594322430552,2.0690021231202866,0.0148612882500167
2024-06-25,FRHC,1.895246151399066,3.6506782483557663,2.4324261503633253,3.1599943625205373,0.13043478259609326,0.0012042190556943
2024-06-25,FRPT,-0.31303668718631844,-1.442099687446171,-0.3067472964503505,-1.2717693927164384,-1.0481822163727712,0.007970261871236
2024-06-25,FRSX,-5.666483744165223,-5.879768623731663,-5.892635516166933,-3.7249101554158948,1.184290030139922,0.0032750356263764
2024-06-25,FSLR,-2.0190545773575286,-3.1110179890515313,-1.6800310820385935,-2.277858281971978,-2.588892921956314,0.0134623274897426
2024-06-25,FTAI,2.641902548692059,5.309115110711939,3.9066030251127564,4.988412463554023,3.723477317897258,0.0216438650037542
2024-06-25,FTDR,2.235281603455006,1.022725539466089,0.8421019561781372,-0.6037721213330026,-0.4906249999938672,0.0078342475138274
2024-06-25,FTEK,-0.9999714294577935,-0.9999333377139117,-0.9999714293604854,-0.9999559626243489,-1.419889502683984,0.0008499330799816
2024-06-25,FTNT,-1.410447886740803,-1.4850706470331638,-1.438091945263233,-1.2447550521782902,0.47143646917859444,0.0068250680657589
2024-06-25,FULC,-3.653837913636828,-3.318273522126065,-3.255095392799649,-3.9213377327620553,1.6613885505413666,0.0176363902458905
2024-06-25,FULT,1.437499918475016,0.5833329644926084,0.5200063998292191,-0.26665578612098556,5.735119701270656,0.0133924259055982
2024-06-25,FUTU,-3.8027624505021325,-3.2905058286217232,-5.493057074411644,-3.136256361152683,1.0063213345004167,0.017313016427254
2024-06-25,FWONK,-0.7031306258317863,0.07865121969289236,0.05999739860068707,0.764711008402612,0.32834850455029796,0.0054810134534782
2024-06-25,FWRD,-0.720338509577415,-1.0522076579520752,-0.28244162666100486,-0.5818967694556029,-1.6779297840722665,0.0288623782599686
2024-06-25,GALT,-7.599905025671192,-5.062442679876314,-3.999957134480467,-5.312439554912396,2.1217948717268653,0.0030484089236394
2024-06-25,GBDC,-1.0012642606014022,-1.245730737529575,-1.0222076438327143,-1.3277335104100199,-0.2038332038326759,0.0049732765856511
2024-06-25,GDS,2.5799915110886436,3.34245026617652,2.1896467430886726,2.510194074257159,-1.6704881014359196,0.0023990601654016
2024-06-25,GDYN,2.3529305193353665,1.7083238145846367,1.9444377333959437,2.9428363562728386,-0.9078411405202869,0.0032145174526231
2024-06-25,GEN,-0.9803877387936514,-1.5357153329441795,-0.4647751163668797,-1.01561961100231,-1.0071494464929165,0.0068129048216751
2024-06-25,GERN,0.22826051418928697,0.1363630534625097,0.26530525828588,0.02941192015475036,-0.6803554404329033,0.0143768452755018
2024-06-25,GEVO,-0.333321891467157,-0.1999917619129085,0.0,0.1999920003123584,-0.5778919223183536,0.0090613914277367
2024-06-25,GGAL,-0.759217239024671,-0.40148439499032373,0.427157943243709,0.1793079321033105,-0.21469405039079104,0.0058323207776427
2024-06-25,GH,-0.1921566797681242,-0.18823488248973977,0.03286365915245326,-0.040816225301634125,-2.386043689314597,0.0084620931608073
2024-06-25,GIII,0.01901110836239058,0.10619457388189214,0.3235296372171576,-0.14371242325666095,-0.7561521252728757,0.012344131695045
2024-06-25,GILD,7.9957780511359555,10.426932270115575,17.57072882793619,9.261116087633583,1.9127701977602998,0.007541531873399
2024-06-25,GILT,-3.7941002374233346,-4.645125218702935,-4.228549834505465,-4.078929037442572,6.066496163372558,0.0033576099985279
2024-06-25,GLBS,-1.3478140062783337,-1.0357060059079384,-0.999984615634841,-1.1363537738410725,-1.0672043010178922,0.0013069482030676
2024-06-25,GLDD,-1.5599948442403506,-1.1470525711508215,-1.3461437733627752,-0.7812428820510199,-0.6757301107686231,0.0047000696429776
2024-06-25,GLNG,2.878353451648483,2.169336614514471,2.6897443952187894,2.333333252650009,0.9689875950341377,0.0139970560685133
2024-06-25,GLPI,1.676875950320686,0.8646888813424919,0.1714306371132427,0.2597263206276388,-0.8573816155941093,0.0033118294618718
2024-06-25,GLYC,12.998673313267139,30.0,9.998012316570104,12.99737668812076,30.0,1.8840978455805648
2024-06-25,GMAB,-1.9016370951068495,-1.8360820226644863,-1.756471545658312,-1.6495310687049547,0.3202054794483995,0.0008571939376987
2024-06-25,GNPX,-1.311471648148225,-1.5855601455471182,-1.234037064523068,-1.235768691966248,-1.18489583327162,0.0008570434897817
2024-06-25,GNTX,0.47617665943329607,-0.5254076197533422,-0.1851959293166896,-1.6470271648893358,-0.4443955399047993,0.0053831398997622
2024-06-25,GO,1.878373057875409,1.6122426292940015,1.3930991879424743,2.813552031089335,2.0179338216619453,0.0178475493884913
2024-06-25,GOGL,-0.8873755759294795,-0.7870149675465805,-0.8481230156613497,-0.35627342192616823,-1.5071999999956154,0.004699615805154
2024-06-25,GOGO,-1.689317323863989,-1.5132706944700738,-1.2031364651671368,-1.181031532230763,0.047380156075280046,0.0040913589645984
2024-06-25,GOOG,3.7395438195926576,9.99985771725585,4.888514243821027,6.974959815040664,2.1067027758956622,0.003441459017692
2024-06-25,GOOGL,3.563587304856269,11.866051067850439,4.742066548172389,7.248350466938666,0.3362127174088635,0.0039834733850406
2024-06-25,GOSS,14.249396651946396,17.192403135708528,11.908655798196914,15.137401046683694,30.0,0.067969952353698
2024-06-25,GPRE,-1.034881647203702,-0.9812483264031601,-1.052285542106144,-1.0964882183493225,0.13057989153053576,0.0151198682515209
2024-06-25,GPRO,-2.5454104326644194,-2.999944371843296,-3.4443732009404604,-3.0908572283387357,0.37304359073761983,0.0157575341734708
2024-06-25,GREE,-1.6944358955444794,-2.030289236778769,-1.2916566065279536,-1.8965387296070209,-0.9805825242599445,0.023750349016377
2024-06-25,GRFS,-1.0908970062104268,-0.9047533961907788,-0.5238050758222607,-0.9130356289606181,0.0914570230603173,0.0027847914988537
2024-06-25,GRPN,-1.2189764801764735,-1.533896095660643,-1.0444420528210836,-1.173551805308172,-1.131391200944522,0.0155962311829172
2024-06-25,GRWG,-7.428366001306312,-3.3635679174536475,-7.615169770368995,-3.9166053634951226,-1.1626409017526145,0.0064650677789363
2024-06-25,GSAT,-1.0000020163309422,-1.799993165513017,-1.1999988345083135,-1.9999996911623537,-0.7196453521342755,0.0012063326539318
2024-06-25,GSIT,0.3999900928873021,-1.9999500012022873,-0.7142653066860484,-2.1110583120550666,-2.720620842451414,0.0026794990977196
2024-06-25,GSM,-2.5351378456829883,-2.1136737115719075,-2.211433792184346,-1.7258655402808252,-0.020266357845897448,0.0063975306766386
2024-06-25,GT,-2.0724594636166045,-2.542855015717291,-2.666653406073186,-2.7096753770078883,1.6654081265671865,0.0083510460153367
2024-06-25,GTEC,-0.9999811924735301,-1.9999462646066095,0.0,-0.7999863844451173,0.07575757574609733,0.0013755562911471
2024-06-25,GWAV,-1.054901175576359,-1.0287112357044523,-0.9930541826373713,-0.9935471110547246,-1.3132031646928748,0.0216942200813249
2024-06-25,HAIN,-0.7317033222929927,-1.317068306151824,-2.0285604985273724,-1.7659497810301803,4.541237113368621,0.01581439432554
2024-06-25,HALO,1.770082710195993,1.1135263437056566,1.6259743806030436,1.493188856857315,-0.2482468443183829,0.0091004023216468
2024-06-25,HAS,1.1495755869624202,0.6893937833869942,0.32195499780519593,-0.16239041267427212,-0.7868664912463406,0.0088705878994619
2024-06-25,HBAN,0.05530816117828466,-0.04089025826995938,0.14506790601150565,-0.2587963959935499,0.20241468315687833,0.0138693826224407
2024-06-25,HCAT,-3.322558961198767,-3.612876195550533,-3.91663601482547,-3.13790928032858,-1.4988880652112841,0.0037131145439577
2024-06-25,HCM,-0.4936682915759933,-0.22973186048690158,-0.3456768796968967,-0.7499982947353655,-1.4076305220318222,0.0001321815276759
2024-06-25,HCSG,-0.8974314833284913,-1.0454508771224198,-0.7499895339880137,-0.612900164755302,-2.0287707061546856,0.0035856342536579
2024-06-25,HDSN,-1.4999960976845812,-1.285712374373975,-3.041642313034912,-2.4242247545225935,0.5471797575060919,0.011413943409555
2024-06-25,HEES,-0.7888863918192024,-1.1161808739201478,-1.8082152014715867,-1.734689821085902,-2.228099173516891,0.0043071897566997
2024-06-25,HELE,-1.0019531527072347,-1.288461212190641,-2.0166674623211627,-2.5109257443360704,-1.4164759724752185,0.0060728833507615
2024-06-25,HIMX,10.714209034696275,8.878025277258445,14.045352921035994,8.399965870437587,3.1062045835575565,0.0101907810255741
2024-06-25,HIVE,0.6999956655576788,0.9999951219760348,0.9729677485206513,0.4666631847048699,0.9414452187485519,0.0344075365825407
2024-06-25,HLIT,-0.11111148450425366,-0.02941233818097387,-0.03508841806135289,0.41509093990996826,-1.290840140015806,0.0056700810743851
2024-06-25,HNRG,-1.2999963923820106,-1.616646565015037,-1.2772245028956397,-1.3072602944631575,0.9011259676220892,0.0132381338970841
2024-06-25,HOLX,-0.4408594322721026,-0.782609381737535,-1.4471990210943666,-1.0954776152830201,-1.5852660300049917,0.0041772436419064
2024-06-25,HON,2.3739600933248286,2.549710838547312,1.4808338160662442,1.550602644804575,0.8686776355854092,0.0046180607271534
2024-06-25,HOPE,1.052623894247335,0.9523684171521981,0.7999965068518573,0.9999793164155895,-0.2170582226739831,0.0043072883501175
2024-06-25,HOTH,-0.793419640837133,-1.015064985576859,-0.8666437681083682,-1.0561681979289794,-1.111111111067793,0.0017341436144724
2024-06-25,HQY,-0.2605871694164061,-0.37226156707291025,0.24219159487556494,-0.29739841297049907,-1.454361964559523,0.0033932048038993
2024-06-25,HROW,11.852410673157705,12.174544005381039,14.285673483352038,15.35411510877222,0.006869901245110607,0.0099174851770618
2024-06-25,HRTX,-2.4374826237010017,-2.5833182089183095,-2.833317623448583,-3.3333160213237134,-0.5925607660186777,0.0085111271581435
2024-06-25,HSDT,0.0,-0.06799929578834854,-0.947358514904649,-1.1538371370994565,4.630723781251677,0.0444466375995291
2024-06-25,HSIC,-0.6040283303317444,-1.0108291675058976,-0.9770993799191054,-1.1945414197951623,-0.42334830018971553,0.0067266879979104
2024-06-25,HST,1.0799861848990253,0.615363093801526,0.3478187897863853,0.47367003389565987,-0.7219788243878039,0.0067268866868061
2024-06-25,HTBK,4.2407346923885424e-06,1.799986260377274,0.4999933710267816,-0.7272565252059278,-0.8964646464495545,0.0045949512344366
2024-06-25,HTHT,-0.8857131886388618,-1.5670808374233807,-1.1373666973916232,-1.111112237003718,-2.8898240244724946,0.0029125468458553
2024-06-25,HTLD,1.4190182495419474,1.9113411097611677,1.6456676786597786,2.1049415200925017,-1.1910274963475824,0.0035493406730507
2024-06-25,HUBG,-1.221732351268977,0.11410875518076129,-1.0894502115318394,0.8708287571041544,5.678224687775916,0.0081840260728867
2024-06-25,HUT,2.718307142794919,3.297502904821157,3.2680386535227712,3.4642821539085324,3.8080964250756897,0.1065715991372669
2024-06-25,HWC,0.6094759544574144,0.10049844536322233,0.9458008257352664,0.47362956244491866,-1.6014935505553092,0.0030385397843665
2024-06-25,IAC,-2.6582109681376895,-2.9495716001453918,-2.621471030236832,-1.8687763046583474,2.147013166885741,0.0117198268673097
2024-06-25,IART,0.19879491352405068,-0.23489772487088062,-0.6222226291165119,-1.057553777751921,-0.8741425588972612,0.0133165214030557
2024-06-25,IBIO,-3.0999737686088977,-4.312449074570241,-2.444419933294911,-2.8636115623081295,-1.5250403876974954,0.0041216525497535
2024-06-25,IBKR,-0.7365749899951067,-1.0264144607382901,-0.45933900798414107,-0.3508055681047619,-1.1808618934429531,0.0050402818814116
2024-06-25,IBRX,4.099983981533801,3.137603670452527,3.481467278962002,3.8333197245397606,0.3081310324651826,0.0040297257209189
2024-06-25,ICAD,-4.555459621218685,-4.999863082771446,-12.499386950996756,-9.19964155073934,6.322335025220245,0.0118469470907011
2024-06-25,ICHR,-1.4645659708449315,-1.9735625685966243,-1.841584176456525,-1.1875019963877695,4.182895850902915,0.0145838829771641
2024-06-25,ICLR,-0.3116908262960439,-1.5485047876529394,-1.1953996904880448,-1.389730561621035,0.4365325077331806,0.0063350028705481
2024-06-25,IDCC,-0.2385268074914856,-0.6008365101684753,-0.10256162663351953,-0.5020104882926646,0.7209944751301548,0.0169210403363962
2024-06-25,IDXX,-1.2375613400668368,-1.7547797514489532,-1.515395240104478,-1.2126203967275047,2.0582571015690108,0.0088636335591505
2024-06-25,IDYA,-0.9303780954349825,-0.7142860720257362,-0.9999989743604275,-1.4077672775570207,-0.9892502015534036,0.0076310239966003
2024-06-25,IEP,-3.162138813633411,1.073170884093044,-2.459442843543812,1.536579805182532,3.1164866134042604,0.0015617826206727
2024-06-25,IFRX,2.499962307568592,3.933237627716294,3.9998706444981385,1.1999769541407281,-0.12380952380795164,0.0016132084442867
2024-06-25,IGMS,-1.4495374768577234,-1.8605458584989014,-2.0818145425102257,-2.247701808155452,-0.8062137967266328,0.0041292994149189
2024-06-25,IHRT,0.20100287254419985,-0.4166631025287448,-0.1066654775804983,-0.17241162236487265,-1.409042553188991,0.0062116224599607
2024-06-25,ILMN,1.4579745601371732,2.2309508255030526,1.350589447325618,1.663694813873478,0.1818543437139528,0.0186562863761568
2024-06-25,ILPT,-2.3181620269738876,-3.0512491754355273,-1.8749858731823863,-2.363613131617697,5.857046979787154,0.0135854487839466
2024-06-25,IMAB,-1.2142673336495104,-1.2142681851323658,-0.6285624004584769,-1.0714132047030205,-1.5094339622413673,0.0006711565526768
2024-06-25,IMMR,-0.8461514856244794,-1.4186055430187574,-1.2777719689236777,-1.121951191860883,-0.6065149948230971,0.0172858712696472
2024-06-25,IMNN,-1.5599869860464943,-1.217380493083018,-0.7272653276101192,-1.074066052618912,-1.104575163254304,0.0007181598692265
2024-06-25,IMUX,-6.499680976111427,-4.999804775994362,-6.999655977337613,-5.999764777556154,2.8546059932773673,0.0029597932336037
2024-06-25,IMVT,2.0227247334326304,1.3191489933960143,2.556516946877308,1.5222903270345143,-1.6812263754583687,0.0051954247388358
2024-06-25,IMXI,-1.9583163986045853,-1.9090830222274395,-2.3831418668496402,-1.9999966247609442,-0.8664192949585744,0.0038561669309217
2024-06-25,INCY,2.304461888845339,2.039215603300958,2.6216196136232686,1.7681143533984547,-2.4476387715603742,0.008828362373659
2024-06-25,INDP,-2.952351753487116,-2.9019367590702685,-2.9999613689707396,-2.2692109860237033,-0.48221343869705824,0.0012336096249272
2024-06-25,INGN,-1.4318117474738583,-2.614198895837859,-1.6279015235476395,-1.1636316278233838,-0.35810810809197713,0.0049875033473176
2024-06-25,INMD,-0.9066621126705598,-1.8295743693712445,-1.148263971786791,-0.9999998730805871,0.22696374622270785,0.0184974539110754
2024-06-25,INO,-4.451211009980955,-3.7395755528992627,-3.581627250169575,-4.083324743622897,2.4525462962395244,0.0091919233233806
2024-06-25,INOD,-0.9322901419116323,-0.7752802083722742,-0.16582903927142062,-0.38011684062608253,-1.19484882417475,0.0098946635271264
2024-06-25,INSM,2.945503597564942,2.3575201461766593,3.1908694904903894,2.2789801903743405,0.1156839191517045,0.0213529864701353
2024-06-25,INTC,0.5272754110176358,-0.5102040100741299,0.4705919611248214,0.23913002346744439,-1.7885091087994456,0.0067648187953024
2024-06-25,INTU,2.5082907319602845,1.3067206896511039,2.2015736595902626,1.8391673473051466,-0.96409780253493,0.0045496171611087
2024-06-25,INTZ,-1.6249858375701984,-1.608681032668961,-1.4285573366974926,-1.4583207253478643,-1.2835365852875893,0.002477997094762
2024-06-25,INVA,0.08333065208718367,0.4242381016334326,0.9729670867305924,1.7391026928164295,-1.4678316123674688,0.0051010654567699
2024-06-25,IONS,4.14847324462112,8.098345619845102,4.0333275350630435,6.488479601316348,8.611042642304112,0.0168011834957976
2024-06-25,IOVA,-0.3571375072311407,0.11594303499410834,0.03124901307000932,0.9545421994349851,-1.2434115955909073,0.0166675312185369
2024-06-25,IPGP,-4.121530087824687,-5.588590374344814,-3.330269188064248,-2.1949656187916595,0.5306643952209427,0.0056448253427382
2024-06-25,IQ,-1.704538408596221,-1.2095190591040932,-1.3777719840094758,-1.0930175143949545,-0.9646862636101872,0.0107934291487864
2024-06-25,IRBT,-1.8666620339126685,-3.941167064854822,-5.199963746479935,-5.444422130804434,0.8409841479496665,0.043763781964486
2024-06-25,IRD,-2.3332509224709024,-3.3332261993341694,-6.249693475498378,-4.99982737880122,3.8215613381478972,0.0040162089530728
2024-06-25,IRDM,-1.9109119754119226,-1.5987516529416075,-1.7601364304331486,-1.5822617025267771,-0.4024494446003848,0.0083231401690379
2024-06-25,IRTC,2.4992828634315205,1.2030328941193293,1.9977323538295755,1.6271348481109904,-1.5347639484846802,0.0059122051856757
2024-06-25,IRWD,0.5833313167074048,-0.21818093021688445,0.6037719346075625,-0.19512088594479804,-1.3639233015049887,0.0090946737990926
2024-06-25,ISRG,1.1255712388931964,2.0629937120374224,1.2018127415404811,2.029070443532521,4.689815583968467,0.0073602677862475
2024-06-25,ITCI,5.532194323351085,6.192730482985943,5.845888982529807,5.811621515708319,3.5196384039680817,0.012190908920223
2024-06-25,ITRI,-5.424433629229335,-6.118599113927467,-3.9284055459613305,-6.679581803837568,0.29020467835833036,0.0087974544656572
2024-06-25,ITRM,-1.1739032637814448,-0.8810496611668589,-0.3999951435678054,-0.5238039405067102,-0.874074074052492,0.0020155343624029
2024-06-25,IZEA,-1.5612784635446568,-1.8846009934911994,-1.0474800644797975,-1.0919479206730371,-0.2666666666412698,0.0013243075467793
2024-06-25,JACK,-1.6734174153451014,-1.6857937275855197,-1.9847974041194152,-2.2553842012303074,-1.4781191806193845,0.0203729922633535
2024-06-25,JAZZ,0.7272754360881855,0.00547562429462565,0.5681813628775721,0.020599342215240644,-0.7029423619451597,0.011160416580908
2024-06-25,JBHT,-0.5597044212830454,-1.0370392917825633,-0.9328692804042302,-1.1815687092691738,0.5930008266707467,0.0084683225341972
2024-06-25,JBLU,3.1428281843024672,1.7142722530726713,2.9411377440961846,1.199988000108555,-0.941634081928904,0.0232965350986889
2024-06-25,JD,-3.312845638011433,-3.74156429079275,-4.762813323766511,-4.317634262912443,-0.7700668641035813,0.0059350325939228
2024-06-25,JFIN,-1.4999953025775399,-1.5833234368620144,-1.6153729911212953,-1.0160674817705009,-1.3485915492008034,0.0003457216940363
2024-06-25,JKHY,2.20000823264025,1.4848454553308235,2.1818169794469977,1.3391110637925978,0.3223924142937827,0.0073966672417191
2024-06-25,JRVR,-3.1481291709743813,-3.2016249396410963,-1.8018928304277702,-2.0739065788974056,-0.4230769230730021,0.0073525062275026
2024-06-25,KALV,-0.07042269628644318,-1.0238051891792002,-0.5860791110628241,-0.7930992392807671,-0.9500609013166855,0.003465712975404
2024-06-25,KDP,1.4654816930396433,0.730138485218646,0.9999908757653603,0.33897759490990986,0.050103624040749396,0.0053430626544809
2024-06-25,KHC,-0.8879589172123186,-0.714287341884961,-0.4803283600038581,-1.0062892160229004,-0.20766258853817923,0.0066442932585597
2024-06-25,KIRK,-1.399989372289619,-1.147052272095973,-1.1904646364671674,-1.249989335069945,-1.0192901234410603,0.0035103409726103
2024-06-25,KLAC,0.4792668514719813,1.0430042422206394,0.5763714985224939,0.9687409545328383,1.5663600525521264,0.0073393183682376
2024-06-25,KLIC,1.0790241418318607,1.1787628902325298,1.1737679779896506,1.6461039314902446,-0.7394153225731914,0.0063540589548771
2024-06-25,KNDI,-2.538424319733272,-1.5384378701640444,-2.071400682953498,-0.8571306124081435,0.014799154333412298,0.0009933544009666
2024-06-25,KNSA,-0.1451582418846824,0.014285984872178227,-0.45044559623323616,0.2692246550177307,1.2317290552438298,0.0101834108951546
2024-06-25,KOD,-1.0312435314435173,-1.1538400486179008,-1.3333254844565545,-1.7272624560531935,0.032315978455434186,0.0047603429873569
2024-06-25,KOPN,-3.3998635286542327,-3.3332261993341694,-1.4999628734494483,-2.142793973945391,2.44933920701763,0.0051816817796333
2024-06-25,KRNT,-0.17333302369982745,-0.5882336460463292,-0.9171956338732351,-1.3376589597349497,-1.55762411344756,0.0024664938503116
2024-06-25,KRNY,0.7999817382446737,0.35713796863674935,0.9333196629105835,-0.21428224590265038,1.1894317048734853,0.0083586637906339
2024-06-25,KTOS,-0.7399963837767566,-0.7017516871818397,-0.7264127222036222,-0.8732365984275383,1.0178268251215743,0.0066796706809493
2024-06-25,KURA,-0.029409533266022414,-0.5399989434703802,-0.04123783529571975,-0.9770087442688113,-0.31609195402097,0.006680700885394
2024-06-25,LAB,-3.781228020417857,-3.6176292847898863,-4.1562246522333846,-3.6578763269155137,10.195063694235047,0.013725045831774
2024-06-25,LAMR,2.0992824792249523,3.5622748241117685,3.6274473981544357,2.683629298561855,0.7526997840010216,0.0039758114491566
2024-06-25,LASR,-3.5769139045258216,-4.208312404566554,-4.313230231939555,-4.270809536461576,1.9106280192313705,0.0041524749648181
2024-06-25,LAUR,-0.9837378722155657,-1.147408091041182,-0.8840554347478182,-0.9574448361534147,-1.0116686114273694,0.0033247740682265
2024-06-25,LBRDK,0.6000014244277311,-0.02803859214980855,0.0672251884258759,1.007140211684058,-0.2541587128429007,0.007457142160409
2024-06-25,LBTYA,-0.2954516080154813,-0.9230722770779519,-0.741930609610468,-0.9718275673078325,-1.0096284667692106,0.0079035525982547
2024-06-25,LBTYK,-0.24509744863568103,-0.6835445903699238,-0.27848220245986977,-1.0519464777339973,-1.2249799839850102,0.0105262173918462
2024-06-25,LECO,-0.3951292411214347,-1.0119447991797557,-1.0000046311552204,-1.264562189469568,-1.5402597402464047,0.0043905129225645
2024-06-25,LEDS,-4.818098551193825,-1.9444215888069178,-3.2307231952696944,-1.6666494728704546,1.3525179854169038,0.0033556395543932
2024-06-25,LFMD,-3.960766031391945,-4.367325657337719,-4.558114079199141,-3.29229928892235,0.7209937209897843,0.0208888001668771
2024-06-25,LGIH,-1.3325692087078838,-2.337018182778431,-2.442158510606232,-3.048844216690123,-0.08287292817450627,0.0095182736322022
2024-06-25,LGND,-0.9016382905209327,-1.1806684078424525,-1.1907176650169435,-1.722998267545211,-0.8824940047538372,0.0043416392284761
2024-06-25,LILA,1.1739098324490709,1.0714252534812376,1.0270220328648048,1.6249885968178568,1.2680412370959722,0.0096898478629714
2024-06-25,LILAK,0.9761875577002624,1.0144872330841945,0.708330391572432,1.3902368938627954,4.303030302996435,0.0084666283918066
2024-06-25,LIN,2.5636083956657063,2.251056765967533,2.398637761537035,1.5115452502947695,-0.3935577621681106,0.0032204723077443
2024-06-25,LIND,2.611093146503621,5.210503911401818,2.5869441474150396,5.902403424299495,0.12798471824015312,0.0048125540427652
2024-06-25,LITE,0.635180293523705,1.2294670903420561,1.0821701091462592,1.874585818356314,-1.4465960665570554,0.0084898843930635
2024-06-25,LIVN,0.2983870025095723,-0.541125431976938,0.07150980845892208,-0.2604785542460431,0.5586746433476361,0.0121780695395552
2024-06-25,LKQ,-0.358007789268669,-1.0504894652147228,-0.9999854434476834,-1.028153978191028,-0.4111272844884,0.0054584554952665
2024-06-25,LNT,1.7477503739453777,0.6916719416236004,1.2048305370763892,0.8295664074740572,0.9633699633649222,0.005884230912061
2024-06-25,LNTH,-1.0603286135460523,0.49775924091052814,-1.4177694043336757,1.0825258277403695,1.0030252100772905,0.0120271740676637
2024-06-25,LNW,2.0611426932874957,2.1194330843794145,2.6720153489873613,2.173010985219325,1.0134105455591988,0.0100987016076848
2024-06-25,LOCO,3.302999075542015,3.312473895420123,3.172395883426844,4.538423806020741,0.5223076922996568,0.0082915787918273
2024-06-25,LOGI,-1.1505014347055214,-1.1054519364543653,-1.0586053494977576,-0.6490025483438109,-0.24963072377893028,0.0022955764075067
2024-06-25,LOPE,-1.3236811053467417,-1.476369081971418,-1.2647558692315073,-1.2147536221663342,3.4848046308687466,0.010186319835125
2024-06-25,LOVE,-2.584567283763478,-2.982505150739853,-2.7262234881771756,-2.4447312730238355,0.07272727272607063,0.0200628654476628
2024-06-25,LPLA,-1.2441651903541722,-1.1224548530802925,-1.9348974301166442,-2.3080994384758813,0.2982456140332834,0.0071023352478294
2024-06-25,LPRO,-2.327860835687412,-3.173065018766936,-3.39804593708001,-2.8593672868364988,-0.818822023036891,0.0029653623636075
2024-06-25,LPSN,-1.142824247476171,-1.5999684774751242,-0.9999714293848125,-1.1249716894584356,-0.49354953248788364,0.0169185448014543
2024-06-25,LPTH,0.999950002452196,0.3333222225819846,0.9999666677459537,0.999950002452196,-0.3301435406382638,0.0005625004450161
2024-06-25,LQDA,-1.0463560501394933,-1.1307675306284268,-0.9253721886921736,-1.249996584003649,-0.17454128440286906,0.0095206836941181
2024-06-25,LRCX,0.9905436638054929,1.1378587039377817,0.901402520363279,1.1783947313810048,-0.44075218959276624,0.0072628264241228
2024-06-25,LRMR,-1.945450957802895,-2.3856179636098487,-0.99999908675865,-1.6494835856304841,-0.21367884451815058,0.0058724399831948
2024-06-25,LSCC,-2.315492494732032,-2.1215936710160355,-3.8945067749537765,-3.0627012241800062,-0.7914006897046131,0.0116238173441655
2024-06-25,LSTR,2.511115795026574,1.348141411948858,1.8140388470199789,2.3303014583656854,1.1132075471374976,0.0067674516721835
2024-06-25,LTBR,0.812489843867266,6.478203005001033,2.307648340964517,8.470496997074639,23.073919106748285,0.0449929376840391
2024-06-25,LULU,0.25264288178413263,0.7066084279390847,0.11161149517954196,-0.3782893875130194,-0.3508697044064649,0.0172176487391902
2024-06-25,LVO,-3.3332557289882745,-3.3999343854355075,-2.545407674200666,-3.5999272862158747,2.1884176182350994,0.0042469539734672
2024-06-25,LWLG,-0.06976703999590261,-0.25714257498384774,0.12499903249205084,-0.19999858467314455,-1.7695415067591616,0.0025793507483648
2024-06-25,LX,-1.07690456757979,-1.0469654447849392,-1.4615158723877408,-1.3461333778854503,0.4759736975166821,0.0033392366127604
2024-06-25,LYFT,-3.9999893469633596,-3.4455374417968665,-2.0198640629286264,-2.818176945085372,0.15230749849521918,0.0315616455463142
2024-06-25,MANH,2.898447229317242,2.2983689554639866,2.736030115317528,2.1554178533778754,1.3776569451173737,0.0089813652729327
2024-06-25,MAR,3.550883307754516,2.4127729663975503,2.5561792462670825,2.397269949262558,0.15347721822468355,0.0046620403499846
2024-06-25,MARA,-2.1709354706654165,-2.6813138247977895,-1.026314561303923,-1.4476151484469573,-0.737488259314179,0.117286023932566
2024-06-25,MASI,0.4952010587213878,0.616899905850449,1.1835667589243015,1.17261827287731,-1.422461296240239,0.008792416794978
2024-06-25,MAT,-1.8857064685939258,-2.6764531944452155,-3.4680776878719652,-3.939982866777518,6.804497354479353,0.0155295702688853
2024-06-25,MBOT,-0.24999337764008164,-0.8333197758213222,-0.1999920003123584,-0.7142657932750766,-0.7232914923251141,0.0032551914691533
2024-06-25,MCHP,-1.9331581179629977,-2.261832458211678,-2.397755489431612,-2.1808994743845895,-0.35149807301781816,0.0085811396238341
2024-06-25,MCRB,-0.21052421532194904,-0.5435842200946677,-0.10106270911897026,-0.2275834562010192,-0.7446701359732337,0.0114786154323612
2024-06-25,MDB,0.918561682749991,-0.010226857393337714,0.09340287754067286,-0.3740855112852123,-0.5906918761662552,0.020498179921253
2024-06-25,MDGL,1.4636765381776469,0.9710774117533815,1.4085382192452542,1.045263834587424,-0.9734219269010592,0.0142254146248675
2024-06-25,MDLZ,1.9999838657448308,1.6854893434541083,1.3513431306487185,0.5735376193089597,0.9763596707226112,0.0050359696814849
2024-06-25,MDXG,-1.6341391643060117,-1.4222157599823135,-1.1999936878482447,-1.571416373897983,-0.228486646881561,0.0041047460065415
2024-06-25,MEDP,1.8504063524554748,2.0053517924728648,3.2058181514803032,1.656035817502159,0.8584202682307476,0.0067089227349115
2024-06-25,MELI,-0.6058158795185491,0.8342357335492596,0.17252590339121804,1.987954616760334,-0.037974683543102065,0.0055486080154011
2024-06-25,MEOH,-1.0435239272070465,-1.212321346212744,-1.3505560214528753,-1.5297396072200447,-1.2173913043125393,0.0022627724229618
2024-06-25,MERC,-0.5797071200568681,-0.7567554719122751,-0.4827585348181119,-0.7346918656674083,2.0501567397690668,0.0042993354348983
2024-06-25,MESA,2.38459668887304,2.612886666183171,3.3477966151266543,2.28570015412556,0.9621749408892466,0.0082370767696523
2024-06-25,META,0.10499904281014166,1.2324370801973408,0.4305202900698962,1.6087749746216755,0.7231469386029049,0.005529841464471
2024-06-25,METC,-1.1258259147441727,-1.135483252636623,-1.6198330760804833,-1.777774356980918,2.5633671046172943,0.0152271790610157
2024-06-25,MFIC,-1.0881375214379887,-1.3900717864456484,-1.9339680258849248,-2.0000075810751476,-0.8736702127427215,0.0021827611051463
2024-06-25,MGNI,0.15384613191692295,-0.11363544036361566,0.0,0.01149339486901659,-1.3124750366094728,0.0069982017895249
2024-06-25,MGNX,0.2424240430018593,-0.5909069027475495,-0.1315787171564205,-0.7647003116471969,-0.985058977714364,0.0198049462437173
2024-06-25,MIDD,0.9910720642107507,0.21003048154062312,-1.3162400025939271,-1.6072612191578832,0.5302343159445938,0.0111769333149412
2024-06-25,MIRM,5.275540150695451,6.202944984442629,7.1230666794311395,5.899990473921474,0.3597320048089341,0.017556136793011
2024-06-25,MIST,-1.8181469876448018,-1.5050191276164449,-3.9999084640838674,-2.666623547490254,2.1111111110627467,0.0039172320725718
2024-06-25,MITK,-0.5166657923113972,-0.718749086501942,-0.1349204568033283,-0.2499999819040706,-2.2704918032590986,0.006451726980773
2024-06-25,MKSI,-0.2638919292289643,0.31796937186133967,-0.17598765547966463,-0.38560614515114267,0.42880302620681543,0.0147537629434579
2024-06-25,MKTX,-2.0504433939418156,-2.8876502270197917,-2.385353309020339,-2.951929384989012,-0.10756449497063783,0.0111478993558519
2024-06-25,MLCO,-0.7142823222087078,-0.799990092764612,0.4090852197397914,-0.49999583336408165,-1.119731909575009,0.0021334248708438
2024-06-25,MLKN,0.03053329216036457,-0.2741314737724558,-1.8429756067332337,-0.1971786203375738,2.147554806034611,0.0072003613465472
2024-06-25,MMSI,2.0254757148729206,2.399990913786784,2.2640039459530614,0.767608336338962,0.4546004842559976,0.0053363039661672
2024-06-25,MMYT,1.175901953573512,2.1175091718030417,2.3228109320429744,2.2962973272820606,0.034026465027926577,0.0095101448200517
2024-06-25,MNKD,6.649923606502184,6.590842474875143,5.124962258998914,6.235214822374114,1.1526736949037149,0.0091879047970091
2024-06-25,MNMD,-0.9230745562168294,-1.182690637268386,-0.7898533739461784,-1.4966840701373785,0.20599842146722178,0.0160186497258798
2024-06-25,MNOV,0.1999920003123584,1.7999327709966275,1.7999194204617204,2.599896004060659,2.0717948715823797,0.0007686630156872
2024-06-25,MNRO,-0.30302933666601783,-1.0346887019357618,-1.1526833223636839,-1.518434675011676,1.978646398827516,0.0329221954363025
2024-06-25,MNST,-1.277345639175506,-1.218445643717835,-0.8139555738365297,-0.7768598912679351,-1.4290066770796908,0.0077422088125506
2024-06-25,MOMO,2.2499908711119754,1.452989029041791,1.5744614394758154,1.659568370467121,-0.5828251032843147,0.0105252963820806
2024-06-25,MPWR,1.477960885061564,1.1195536246977245,1.1107999008796892,1.079036838840683,0.12083780880643569,0.0101052939455981
2024-06-25,MRAM,-1.187486646520303,-1.3351831424278882,-1.1612726590232578,-0.9411668830009816,1.4135021096449998,0.0068405205774848
2024-06-25,MRCY,-2.081726898315604,-2.0784282899037514,-3.395347442233562,-2.8472196104362397,6.592799503332182,0.0149108932126029
2024-06-25,MREO,1.049994690423169,0.2195598241311535,0.4018663704388884,-0.07142800040744407,1.7023153252438996,0.0106106918238993
2024-06-25,MRIN,-1.9523601959748695,-1.5882194140926793,-3.49994744630537,-1.0833149470028274,5.8534482753574615,0.0314622468943358
2024-06-25,MRNA,-2.2150546134637787,-2.5385786918426136,-1.2882760163433689,-1.5584617601512831,-0.23640273210190185,0.0087612478562062
2024-06-25,MRSN,-0.07692241467412937,-1.3714119639328832,-0.9523730174807381,-1.1463313576089316,-0.5218314845397172,0.0083470404634481
2024-06-25,MRTN,-0.02684433862475485,0.5720061841976085,-0.4441945224132413,1.7426422353366857,0.7839721254173293,0.0042767096969457
2024-06-25,MRUS,1.2173905505400207,0.7628209173142438,2.1652176862731385,1.382713160887227,-0.41691572026175455,0.012597970059442
2024-06-25,MRVL,-1.3698355810637999,-1.5850647107026856,-1.1771860194746846,-1.2527475506800794,0.5853454945231543,0.0161055072142474
2024-06-25,MSFT,1.8889873168257822,1.6969150166469151,1.639867855527307,1.5393728064121743,0.20663848113221467,0.0022528309487342
2024-06-25,MSTR,-2.327499626190643,-1.7540443481014008,-1.3657403633387153,-0.8149782435500019,0.9853185595562408,0.0552777085882511
2024-06-25,MTC,-0.020832827479625095,0.8285237194276152,0.5094151846427168,1.1999314324825674,-0.6770886113673649,0.1503996124969726
2024-06-25,MTCH,-0.2934706373354899,-1.0358692239978797,-1.2222143508500665,-1.3656356645900602,1.9318370739785007,0.0210147393796961
2024-06-25,MTSI,2.7575735892526643,1.589743323083355,1.8304080384447396,1.5285256702778287,1.5221374045569138,0.0081221633633665
2024-06-25,MU,0.9742695831305294,0.8470007527215291,1.243926167181099,1.0308833523519734,4.225976575278617,0.0289646273698272
2024-06-25,MVIS,-0.9999846156207338,-1.2142690366152122,-0.5714194351635702,-0.9166524653211174,-1.1145591377858268,0.0041693028034302
2024-06-25,MXL,3.472439319786833,3.1249958252980212,2.9874161396072707,3.2142788858914533,1.2535382126869912,0.0079873758014583
2024-06-25,MYGN,1.6900551656756766,2.1857100149685156,2.6166617227659597,2.6456631500694106,-1.0088917116480858,0.0048659345523665
2024-06-25,NAVI,-0.02580470120357368,-0.727677401415567,-0.8193740372795454,-1.6283619192789653,-2.1533180777703538,0.0050432163948531
2024-06-25,NBIX,-1.621946291479863,-0.5337370819480004,0.36363171933030575,0.47728026357838177,0.6410139301181045,0.0092512295554194
2024-06-25,NCMI,-1.7424178421541152,-1.6666625193149895,-1.5138872504641496,-1.55882134625143,5.340177960228061,0.0084208580114757
2024-06-25,NDAQ,2.3276965514631143,2.0138525124544873,4.6954215892047975,2.5651223998337396,-2.261938006137219,0.0023121125012115
2024-06-25,NDLS,1.5555372415993545,1.1110999429360273,1.6249787564543656,1.222207832685206,2.7364620938134214,0.0064765738858789
2024-06-25,NDSN,0.006058649098155053,-0.6839118010315771,-0.6658486318924632,-0.9127198349848696,0.31465517240475127,0.0044718397095852
2024-06-25,NEO,-0.6530601874526019,-1.2156807371575928,-0.342855417233401,-0.8205115596818621,-1.739773950475028,0.0028610957818074
2024-06-25,NEOG,0.6937479742490249,0.18627458454775517,0.35442922054460346,-0.16161348037742937,-0.979877910918713,0.0065951584515154
2024-06-25,NERV,0.02941157107214731,-0.6550145449072209,-0.3846137884393221,-0.2979328621399082,-0.4749999999703125,0.0033746055214837
2024-06-25,NEXT,1.057688645252659,0.9807649311772844,1.6976672445648697,1.3235218738386363,-0.7687025131479582,0.0054000506830695
2024-06-25,NFE,-0.7300608498530377,-0.979018321747882,-1.2804297814894179,-1.5926409947293725,1.6210555453005702,0.0104755051648817
2024-06-25,NFLX,3.593310824429711,2.0074413901510706,1.5447794170338254,2.5806143695534196,-0.6828902229830984,0.0053273237904197
2024-06-25,NICE,-1.320163966371922,-1.3421260957703716,-1.1433741989978732,-1.1402619105128422,-0.038802660753665175,0.0129249420551527
2024-06-25,NIU,-1.0526204326917166,-1.4210380365206599,-1.3684064171949812,-1.3684061860529178,-2.1343570056762244,0.0014034854905852
2024-06-25,NKTR,-1.1052513915852504,-1.2499904526429348,-1.6841931942351627,-1.9999776927753252,0.5563874590537082,0.0095726045651893
2024-06-25,NMFC,0.33632319416061807,0.5405612291180262,-0.36931096162092136,-2.9991539585680917,-0.236313509253751,0.0037245829894947
2024-06-25,NMIH,2.840575803272869,2.423568541542961,1.7368421472133777,1.9714168664464715,-0.1494449188702059,0.0048249776734543
2024-06-25,NMRK,-1.4999841897341522,-2.2777568855494303,-2.1739050673303084,-4.363588241539631,3.1680216801953383,0.0078108022043788
2024-06-25,NNBR,-0.7499875001964093,-1.2999709011820595,-0.6666444451639691,-0.9999833335952124,2.02799999994592,0.0046922467640541
2024-06-25,NNDM,-2.8749751726401396,-2.7856913468828344,-2.6296072730459086,-2.1935323993867004,-0.08141809290913732,0.0050242202537881
2024-06-25,NOTV,-0.85712988257613,-1.1666468914353247,-0.4285577243930378,-0.7999830466687868,-1.1159793814317942,0.0038648569648619
2024-06-25,NSIT,2.366667840611343,1.3071646742595533,1.257888727883873,0.7243120336802242,-0.9140049139599997,0.0046724725245453
2024-06-25,NSSC,-0.3221274490559519,-1.0806977596726288,0.11973865486021484,0.10682833469035627,-1.3328173374406684,0.0062222881537523
2024-06-25,NTAP,1.142097091799869,1.0136053089290444,1.142202193590005,1.0909089661005904,-0.8142546858646702,0.0095989382382315
2024-06-25,NTCT,-0.9662891687648233,-1.0887068918488274,-1.185183382862765,-2.0952352691100007,-0.9151346027547106,0.0091129913935677
2024-06-25,NTES,-0.025600528439530514,0.7803712163607264,0.11851320138618827,0.7873350454714121,1.4240287570816423,0.0033314506367736
2024-06-25,NTGR,0.3493955855955469,1.0675649609045053,0.8235278040422623,1.2232982089970532,-1.506191950417765,0.0060029997679163
2024-06-25,NTLA,0.6747971638055568,0.44893064250217174,1.0183472320573912,0.4010978557211648,-0.391894693199851,0.0161316498739337
2024-06-25,NTNX,-0.5672495852860765,-1.2656196231528378,-0.23584830605191176,0.0,-1.5785032588436003,0.0055804726582715
2024-06-25,NTRA,-1.457743201013758,0.6600609788493917,-0.34624681736793805,0.9078920591617852,2.196538045422311,0.0090697261550752
2024-06-25,NTRS,1.5137589603355324,1.3400600106918001,-0.23805874746379982,-0.30274712506917684,-0.6444484049166121,0.0054484746527706
2024-06-25,NVAX,-1.193395126033084,-1.2078421473952428,-1.081217572062869,-1.0305670819569668,-1.9441579996657052,0.0327186590733878
2024-06-25,NVCR,-2.171205506320235,-2.7155349694396707,-3.534090957031556,-4.220849265868733,0.37523105360289494,0.0110603648273666
2024-06-25,NVDA,-0.04515638124422527,0.3881951455285264,0.18606022659348123,0.8128123253889465,-0.05079968853981233,0.0174503081093899
2024-06-25,NVEE,0.31506633725603395,-0.6588301690966611,-0.5400005786557629,-1.0222182441602368,-0.9622641509304278,0.0029741965453327
2024-06-25,NWBI,2.333298890346285,1.849981307442614,2.142837216625134,1.4666409219179837,-0.965946843837775,0.0034615535427204
2024-06-25,NWE,1.1108335317308944,-0.021730603648791976,-0.9084942535692995,-1.0146436498791875,0.7030716723309531,0.0036538718650235
2024-06-25,NWL,-2.9606871616433184,-2.214279212094996,-4.04442911851518,-3.669532953519522,0.6506414584731254,0.0100350510922341
2024-06-25,NWS,3.113611343101277,2.879976305771149,2.62497738920382,3.3961901958837424,1.786760025450116,0.0044805730731789
2024-06-25,NWSA,1.6481336473750594,2.3999873475832527,1.9523696318039618,2.428550924077192,0.9035131744017477,0.0064622711260649
2024-06-25,NXPI,-0.15995598829976282,-1.0287028465795722,-0.26223903145312455,-0.5349384662633517,-1.1160714285653892,0.0057594038325053
2024-06-25,NXST,0.3833378722270239,-0.3321013684686983,-0.30634920430511137,0.35889426135940417,-0.42591481703148276,0.0095610504372451
2024-06-25,NYMT,3.922997022359025,1.8999736750884066,3.0624455521729135,2.6666055765458627,-1.9080610021620215,0.0035321760368521
2024-06-25,OCFC,1.0199961732552478,0.14545641535205742,1.0740698010176628,0.8571382969314436,-1.1814671814519762,0.0038111779708774
2024-06-25,OCGN,-2.4642685685236114,-2.5817997676448767,-2.629610478080948,-2.2121075755302324,0.0317029585015134,0.0151016723799997
2024-06-25,OCSL,-1.2874977296763175,-1.5898706329633008,-2.687103061117796,-5.241758626573749,-0.4149694500976073,0.0056051837906936
2024-06-25,OCUL,2.596764514399482,2.0789411710418957,2.8219111149158174,2.6708806207305567,-0.9468248429840982,0.0088880783790922
2024-06-25,ODFL,0.640557963407098,0.7194985322572286,0.9402643956174229,1.018226812102789,-1.4606807511694229,0.0058881650808314
2024-06-25,ODP,0.7446771080280357,0.8101315604957334,0.7222171926008599,0.47170122208417975,-1.2259475218480185,0.0130926310353038
2024-06-25,OGI,-0.7333239795414704,-0.8620563663475729,-1.2727013741716504,-1.4999773819213313,2.383923849802306,0.0079332331681355
2024-06-25,OKTA,-0.12840529705458376,-0.4196086133368082,0.30508418186368946,0.3812502684954801,-0.7208051628742446,0.00838987047854
2024-06-25,OLED,2.9471412292869474,1.2834815598858385,2.0216970863131434,1.344038198580333,-1.2082847141049209,0.0053740222586903
2024-06-25,OLLI,3.422281509938915,3.260790976074038,3.6522980184091924,3.8740983391189037,-0.10792669933921174,0.0179882777424042
2024-06-25,OMCL,-1.2144835901727769,-1.3488366667420182,-1.270654055869879,-1.647414396919025,0.9716216216084916,0.0096128393206329
2024-06-25,OMER,1.2307613857486146,0.0,0.6538399251670515,-0.07407345997197354,-1.588544152729465,0.0032395343750592
2024-06-25,OMEX,-0.11999987923436456,-0.3809505909996148,-0.48484225767759803,-1.0869492333365458,1.0088858509773222,0.0080550583297327
2024-06-25,ON,-3.4890925503418995,-3.922120756433626,-4.497366949375423,-2.993152392974314,-0.4830465329391273,0.0106426033117975
2024-06-25,ONB,1.1412166762409894,0.8135571057710785,1.1211131512481127,0.421640414120275,-0.7306660706270421,0.0041078944731172
2024-06-25,ONC,0.1610332868988097,-0.8918478163051017,-0.36167822229860414,-1.7229724083030533,2.7752627323722674,0.0033670816939586
2024-06-25,ONCY,-1.1666254612354554,-1.4999440415697962,-0.5999760009370778,-0.999960001561792,-1.5262024407533927,0.0006792283410628
2024-06-25,OPCH,-0.14193492759509227,-0.4999988087375678,-0.2695025977902454,-0.6751581666675002,-0.507499999994925,0.006744234188159
2024-06-25,OPI,0.81816346164584,0.7777612298884375,2.19995739469299,1.199979401679735,0.15609310816836064,0.0091658104272092
2024-06-25,OPK,-0.15384364594465733,0.0,0.08333186168479784,-0.36362935811410785,-0.8319185834238482,0.0028599422796837
2024-06-25,OPRA,-0.494253133298424,-0.9418579266210211,-0.48235083335430473,-0.3139537917094744,-1.0923034784930576,0.0038714696219354
2024-06-25,ORGO,-1.5262978079124851,-1.3333176356877765,-1.1176353126238205,-1.10525013676421,-0.4666379310336782,0.0056738259690289
2024-06-25,ORLY,5.158015763398896,3.7358074663850314,3.339469073152288,2.677974527332139,-0.15313852813687082,0.0079087359474497
2024-06-25,ORMP,-1.4285306133721403,-0.44443456811128984,-1.333288890327948,0.9999666677459537,-1.0661538461210414,0.0027147770529124
2024-06-25,OSPN,-2.2391228714378295,-2.714266288487442,-2.428569722141304,-1.7454505700173877,-1.4527918781430904,0.0065696069237579
2024-06-25,OSUR,-2.029397682136544,-2.1470438839284203,-1.358965508913827,-2.2903098884417323,-0.04578869985287589,0.0156720231673385
2024-06-25,OSW,-1.348831713048016,-0.3928573818818252,-0.9512155282709194,0.035713730955723035,-0.9746469833056826,0.0034041292862124
2024-06-25,OTEX,1.314868292998496,1.1152846707507382,0.7040976395710541,1.818183426467366,-2.057937956185603,0.0019594696969696
2024-06-25,OTLK,0.40384377177880687,-0.5344813266467824,0.5142803621667182,-0.04651138578593169,0.6721698113049016,0.0067412216969853
2024-06-25,OVID,1.3635545449486735,-0.6399830291641103,-0.9106818373859675,-13.997567747977604,0.4488764044939235,0.0451663735490678
2024-06-25,OXLC,1.0911267417552668,0.14883808909824833,0.4440445212989731,-0.09188554563187858,-1.4917184756285968,0.0047289966139045
2024-06-25,OXSQ,-2.6893308942393817,-3.6208787717220474,-2.191931469911909,-2.8619744295845244,-0.4231536926091397,0.0037527133019887
2024-06-25,OZK,0.3269266432230271,-0.09433750110840715,0.3000030804037196,-0.5799920525715269,-1.0464572192478394,0.0112082321045033
2024-06-25,PAA,5.482696036861234,5.6519999024624425,5.91987806799345,4.4482219021442315,-0.7170301892222533,0.0017711601418633
2024-06-25,PACB,-3.761868069585753,-3.7499703645258826,-5.352876304035461,-3.111087477339607,3.741919089241978,0.0349415145777097
2024-06-25,PAGP,4.652196866876346,3.7857340515792695,6.105106672143726,6.666663052302234,0.12643678160845012,0.0052133060927259
2024-06-25,PANW,0.6899984542093708,1.2029283929839405,1.052479424256485,1.3188924273577163,-0.608994501177123,0.0077417312305322
2024-06-25,PARA,-1.970413171854892,-2.204445282233883,-1.3102071567364177,-1.6667319697864713,-0.3784748557295336,0.0205924369214359
2024-06-25,PASG,-1.5789326303154605,-2.2555312520257242,-1.0476087460128238,-1.7799821048157867,-1.3843930635037922,0.0004553624153838
2024-06-25,PATK,0.1724836981891657,-0.3640138425540437,-0.20907311278908233,-0.15944890281458834,0.1340341655692679,0.0063790411024222
2024-06-25,PAYS,-1.1481446479725692,-1.05555162157443,-1.1281990290757706,-1.1999955143975827,-2.2834008096549687,0.0008074764129441
2024-06-25,PAYX,2.0343933245996233,2.14483084171538,1.8590414068490109,1.3260928900982099,1.1933994528023368,0.0069699130301442
2024-06-25,PBYI,-2.0333257211177163,-2.1333256659395907,-1.8484794112329177,-1.8032729299304382,10.105531914721608,0.0169035774468462
2024-06-25,PCAR,-0.4959071949293286,-1.0878378020219395,-0.3382291725828118,-0.7054736197611816,-1.5857928964429355,0.0037147455785612
2024-06-25,PCH,-2.039490187158203,-1.9008031191391677,-1.7218868165723793,-1.7710567287527443,0.7525996533730278,0.0063306011889389
2024-06-25,PCRX,0.15384605859589726,-0.35365819039359864,0.029197688049848673,-0.8387105078913453,0.1393103448263052,0.0155371443636253
2024-06-25,PCTY,-1.6226766943920725,-1.8830522605908366,-2.8132794544238395,-4.176053624162106,-1.0632098765327092,0.0083310668632531
2024-06-25,PDCO,1.0526293634705663,1.093021939857388,0.7285683778652512,0.24418427888681732,0.6459969914736888,0.0119278249606098
2024-06-25,PDD,-2.821858278302725,-1.695652740055029,-1.8230764701873043,-2.3554378627022783,-0.6584362139913064,0.0045689349429287
2024-06-25,PDSB,-0.74999488423207,2.9285329983287833,-0.23076483409645315,2.861078843049278,5.74364123151615,0.0192814769615758
2024-06-25,PEGA,1.6433505414434117,1.9203359747886637,2.158272809912583,2.358956382256493,-0.9195171026033601,0.0050745704578089
2024-06-25,PENG,1.4661659691404154,0.9139839857686854,0.936508035840201,0.856162441210012,-1.0215318363517591,0.0079679419348107
2024-06-25,PENN,1.2217183396699904,1.2235290018903604,1.176189723639479,0.9322911353213079,-0.4784825952487475,0.0349206245166026
2024-06-25,PEP,-0.08278460949604692,-0.39994534718221475,0.03309202604564649,-0.15143543311900629,-1.2642722536290165,0.0030780058103158
2024-06-25,PERI,-1.0773797677750288,-1.2021264292853857,-0.9999988235300038,-1.062145482451038,0.12602339181261984,0.0233717904310214
2024-06-25,PETS,0.23529101952769477,-0.8571337208291656,-0.18181527015720556,-0.41176068661856713,-0.021582733812506007,0.0153995110497906
2024-06-25,PFG,1.1776260779103382,1.0361377272593997,0.5422791928923134,0.5492591493579022,-1.5926438053009255,0.0026994470422985
2024-06-25,PGEN,0.27272231413501413,0.0,0.4999860102619723,0.6428468645590182,0.3034521158095384,0.0023309515320969
2024-06-25,PGNY,-1.9906502681909495,-0.6972447895894585,-1.2451332092193936,-0.6846132591878621,0.2494581707834874,0.011220735469569
2024-06-25,PHAT,0.07777721640589526,-0.38028124323184215,0.030487276658164687,-0.9189171319796676,0.5410319410266238,0.0077846547094217
2024-06-25,PHIO,-1.35713100499165,-1.4999910044461473,-0.9999928315876065,-0.2777762266358315,-0.969779286268401,0.0002488410786601
2024-06-25,PHLT,-2.6874653822464603,-1.8095088467450862,-3.6922477848745565,-2.399971179271167,0.19320594479009742,0.0013038159282633
2024-06-25,PHUN,-0.6739106317309949,0.10344665525537113,-0.23902487518711224,-0.11904761981747565,0.5965346534555027,0.0105549138106263
2024-06-25,PI,-0.7443806093930443,-0.2941899470004919,-0.16291525341983057,-0.17213953356898648,-0.9333333333230487,0.0101653578899786
2024-06-25,PINC,-0.1877928799723618,-0.39809845218321466,-0.2512111337304233,-0.8750081951819054,0.787595785436841,0.0176009830528522
2024-06-25,PLAB,-1.093022610409086,-1.2775323286371658,-1.3463675024522201,-1.4745745684721778,-1.2723146747224174,0.005272042755307
2024-06-25,PLAY,-2.6858630449237166,-2.8781324474990786,-2.7590168288653367,-3.232944969330558,0.9775797242696628,0.0542889675013689
2024-06-25,PLCE,-0.5937498005115954,-0.7754003453289628,-0.8270434616227548,-0.5930226950510313,-0.4674960574716401,0.0630113414157215
2024-06-25,PLUG,-1.6666607881924438,-1.8245551483244344,-2.061216017089663,-1.999993708659609,1.5109875177136818,0.0349548918887962
2024-06-25,PLYA,-1.8571260580679365,-1.1666339775190397,-1.9629401617436946,-1.8235096086749383,-0.29714709151317414,0.0033060135948222
2024-06-25,PMCB,-0.14237992292341928,0.2144373664011955,0.5294051651681535,-0.3333288889439089,-1.1282051280894148,0.0005536372510453
2024-06-25,PNFP,0.3724255782348758,0.3776297836164055,0.3450816091086487,-1.0681597430248264,-0.9817578772639841,0.0033864697144135
2024-06-25,POAI,-1.4999882451506452,-1.699988905157448,-2.0777556997248476,-1.4666573128050129,-0.7549203373874891,0.0112521580631509
2024-06-25,PODD,1.372154381266963,1.4420882147071945,1.5143203856957999,1.5013946549190624,1.0864310148183058,0.0131233266904086
2024-06-25,POET,0.3999840006247168,0.0,-0.12499668882003527,-0.714265306686061,-0.9815112540035127,0.0017684610075914
2024-06-25,POOL,-6.373941727914893,-2.672777946028508,-5.268714066021881,-6.23314912633781,21.84864507571912,0.0524494806220869
2024-06-25,POWI,-3.300410734480127,-4.183661647718437,-3.7286199144391525,-3.5234205903487243,2.9224865694102458,0.0081253045449987
2024-06-25,POWW,-4.740710922525746,-5.826041478260713,-5.679960282325762,-5.499963194522921,0.9210982273732611,0.0091497764342312
2024-06-25,PPBI,0.06944463597242352,-0.018180053559357572,0.4590048312957253,-0.47618946724648026,-0.19905533063159173,0.0042644538202913
2024-06-25,PPC,3.1988171768496643,3.3550169150769107,4.975601553604976,3.9437501290584795,-0.1933333333311852,0.0024207750187477
2024-06-25,PRAA,-0.48299281377198205,-0.8219166465148959,-2.1157835611578455,-2.514558547775822,-0.6534391534045799,0.0035662218802518
2024-06-25,PRDO,-0.7349393990198051,-0.993826691060314,-0.7986594058593014,-0.9536416023721364,-1.6398104264884736,0.0047637614296139
2024-06-25,PRGS,-1.2257219769204932,-2.3496313424926982,-1.8338334083379393,-2.4241454890333087,4.123369565172572,0.0186515130386278
2024-06-25,PRPL,-2.6110806273958227,-2.263136568146339,-2.6249682123455464,-2.8221899079508037,-1.7403708986995687,0.0022957831605374
2024-06-25,PRQR,-1.6190326321972968,-1.0908990751260002,-1.4687309423815125,-1.4545330689330866,4.0358306187610475,0.0020681854903861
2024-06-25,PRTA,0.9327700330335454,0.14041061891956758,0.9131385334017509,-0.2520317701218139,-2.1356102460860313,0.0050030653761123
2024-06-25,PRTS,0.5454446282700283,-0.22221669539495578,0.9999714294091395,0.09999788083359902,-1.1420765027262967,0.0106115265262432
2024-06-25,PSEC,2.399909807819826,0.8085281735263969,0.4999773887777181,0.0,1.5121832358625336,0.0039615399994443
2024-06-25,PSNL,-1.8888470616972104,-2.399954385054588,-2.343678506155054,-2.2221698972491026,-0.47306176082856605,0.0019749015380225
2024-06-25,PSTV,-3.518496870716957,-3.162144216135858,-3.6538207984917466,-3.3999759029978187,-1.3815028901201734,0.0005706016612155
2024-06-25,PTC,1.524751383860354,1.230367604697709,2.6205315803140627,1.5451644830903541,-0.238774432115808,0.0053879525281739
2024-06-25,PTCT,0.03225746716363556,-0.21621578470836544,-1.0123423651634222,-1.486184316782752,0.018266164105431915,0.0100596682617085
2024-06-25,PTEN,-0.02477420704235425,-0.26517468011262807,0.3414585143590491,-0.27920323949947157,-1.5847855977990057,0.0109076169484319
2024-06-25,PTGX,-0.34448077328956134,-0.44339465742522577,-0.09941524438366992,-0.401840402204448,-1.0473684210465066,0.0061628136184659
2024-06-25,PTON,-0.2894721561459964,-1.0952299351221582,-2.6499758844039487,-3.1764388281853586,0.3992931574727103,0.030237844332553
2024-06-25,PXLW,-3.666426211666225,-3.4998250085827083,-8.666096873617697,-5.499730973659231,2.585167464090094,0.009644787964221
2024-06-25,PYPL,-1.6245184360096057,-1.5137244565909578,-1.5762693278816655,-1.7525454445279922,-1.390905475274352,0.0094609813891602
2024-06-25,PZZA,0.29370159734598195,-0.09412100564073038,2.672434286975464,0.5000024216571937,-1.9740827023763885,0.0175790982992604
2024-06-25,QCOM,-2.327365878830226,-2.1499364501347724,-1.4680983583319784,-1.5020807165899113,-0.008067099630134238,0.0108984629294755
2024-06-25,QDEL,-2.778172129007436,-2.4475737071019497,-2.1824695308074573,-2.1561165363485233,0.783313082213177,0.0127878602793582
2024-06-25,QFIN,0.8245691027950075,0.5333371908577387,0.9150328081287353,-0.19230448681306206,-0.05756751098992017,0.0070719448628046
2024-06-25,QLYS,0.7926850817690528,0.27912759728078534,0.842401926055575,0.5112929119381006,-3.0765143463745694,0.0073030920260871
2024-06-25,QNCX,-1.209283179426967,-0.986473329921262,-0.8571307340589783,-1.3030103415112582,-1.144310823290577,0.0002613541325769
2024-06-25,QNST,-1.5496654246477755,-2.0909065796687316,-1.5833276021498381,-1.6394520865467037,-0.8682771194086757,0.0047034989356916
2024-06-25,QRVO,3.2452618170029606,1.9312045344889992,3.2753092414565743,2.0987956508632,0.9872313920835426,0.0151354221986192
2024-06-25,QTRX,-2.2857116780280196,-1.8215811890622404,-2.4334796600981843,-1.9050835385619855,-1.6288619475820973,0.0068318337673051
2024-06-25,QUBT,-1.626624561537293,-1.0895194104614367,-0.714262768948128,-0.6172690818722095,0.1464099478528166,0.005434078060932
2024-06-25,QURE,-1.6029363897650306,-1.799994314837663,-1.0312467307895914,-1.2957712343048475,-1.1958549222674006,0.0072896190425116
2024-06-25,QVCGA,-3.9997970300251415,-4.999755972433133,-6.666212981103019,-3.4998175589111846,1.2134117461310283,0.0146197854229823
2024-06-25,RAIL,-1.7058603040905627,0.055554938277874895,-1.266649777986854,1.055543827279623,1.403361344301956,0.0016948174267109
2024-06-25,RAPT,-2.1886708163940587,-2.132346133337693,-2.181027429738798,-2.3684112894571423,-1.413029925178223,0.0018794457869658
2024-06-25,RARE,-1.124998875001125,-0.3318390882029148,-0.17695626006492257,-0.1054548016791835,-0.30098261526741954,0.0081991745745374
2024-06-25,RAVE,5.4997309736592195,9.999476185394348,3.499825008582769,6.999655977337524,9.43537414837614,0.0060428505397101
2024-06-25,RBBN,0.0,0.5454446282700283,-0.12499687507514295,0.5714122453488452,1.9908256879516315,0.0014107350162755
2024-06-25,RCKT,3.444442903738776,2.9007622978064895,2.4953549067651637,2.066222671435243,1.9455872594429622,0.0089271312013504
2024-06-25,RDFN,-0.8611071734226141,-1.1621582992929893,-1.4871721741554187,-1.2999949907549004,-0.7833120476765291,0.0265980425511713
2024-06-25,RDNT,-1.5764583255849594,-2.199747226962236,-1.19290392881184,-1.9999930843574798,0.48197492162631683,0.0086775429887505
2024-06-25,RDWR,-1.3529396507757887,-1.4611091521056687,-1.137053995134301,-1.834529991157418,1.1651873767143472,0.0125519777915734
2024-06-25,REAL,-1.3373460747054366,-1.1639317326108052,-1.247055681385996,-1.3090879457198477,0.12808336631017522,0.016509209237103
2024-06-25,REG,2.5355442355595916,1.5199204481992468,1.0620145560508363,0.700820838661326,-1.4239177025228293,0.0033835373445126
2024-06-25,REGN,2.670913041700423,2.3114712035050635,2.820459838040369,2.2350953482319187,0.8916806253390098,0.0048526621274695
2024-06-25,REKR,-0.35293817922485365,-0.5405340003107956,-1.9654885436450868,-1.8888686373134984,0.14387144992472395,0.0095544215233698
2024-06-25,REPL,0.6740990840838982,0.6835013421582341,0.980078826162183,0.915886846644957,-1.0710072342769705,0.0109952892171374
2024-06-25,REYN,2.070156879248336,1.7684161433021188,2.6274504562689303,2.2115267717470166,0.6432953549405207,0.0023797297425802
2024-06-25,RGEN,-2.8081633831839916,-2.279653332404588,-2.3319739663450867,-2.025722203810722,-0.42772277227480776,0.0113743367195273
2024-06-25,RGLD,-0.4020094440854138,-0.445943751785748,-0.20188366781820705,-0.5220429861945903,-0.4272727272597796,0.0044783150472601
2024-06-25,RGLS,-2.4545226481057947,-2.499971730558647,-1.8695510336173036,-1.5833201389862586,11.99296325244728,0.0296195545518496
2024-06-25,RGNX,-1.5124968949368334,-1.4583306511204268,-1.0923912352573197,-1.6987156807459967,-0.005061267980793494,0.0105652983324986
2024-06-25,RGP,-0.4181789864977701,-0.6382949219516131,0.07692376349187696,0.15217227350774254,0.33632958801397356,0.0225223999298442
2024-06-25,RIGL,-2.1999919629716014,-4.499969155548048,-5.7999870997096545,-5.999979536826027,13.162513229805398,0.0437502099311425
2024-06-25,RILY,-1.4896145332235111,-1.8698401153192397,-1.830506630830944,-1.7886901700676805,-0.3655118723210159,0.0210741349177462
2024-06-25,RIOT,-2.2205841584692547,-1.8837171684275669,-0.9519210611432213,-2.3043395844327623,-0.37473341863926884,0.0579575566520467
2024-06-25,RLMD,0.0,-2.352885319501469,-0.19999200031237616,-0.6666444451639593,-1.1643356642949534,0.0012141626194579
2024-06-25,RMBS,-2.425803432688698,-3.387094685215874,-2.0357126731946584,-1.6590939005034393,-0.8885918003512264,0.0088444427898665
2024-06-25,RMNI,1.1499895133863294,0.9418496262136682,1.1944305107072064,1.0908989766177932,-1.5148279952191026,0.0010153785488958
2024-06-25,RMTI,0.6666500861848755,0.0,-0.22221728405564545,-1.9999623849022203,-1.4892601431743953,0.0026866802321996
2024-06-25,ROAD,-0.8904079151907347,-0.3672126156132883,-0.9780679672516457,-0.23166092283701115,0.5391304347692142,0.0070427012775625
2024-06-25,ROKU,-2.1428543439256047,-2.220299863269676,-1.6995998475934941,-1.1550630987346047,-1.3957767091754216,0.0155406245145254
2024-06-25,ROP,1.9104441783833173,1.3578132845920032,2.046546430151312,1.433317835379096,-1.821872410906017,0.003643898123574
2024-06-25,ROST,1.598824109903372,1.6740955634804824,1.05597614444422,1.108825197351016,-1.5502378121253464,0.0054446927237301
2024-06-25,RPAY,0.6052614330141547,-0.10256365147933484,0.3552644189501747,-0.06944449069750316,0.24384787471899413,0.0062613881812919
2024-06-25,RPD,2.147430275778101,1.0241366253498598,2.3857148868758213,0.8994421335770254,-1.3799376299232855,0.013575346770071
2024-06-25,RRGB,-0.9672099820187903,-0.6811577764305727,-0.7199986649238076,-0.12280685081838985,0.44837340876522047,0.0217775869471876
2024-06-25,RRR,1.0024426313842676,1.020494948950735,1.5550202320743245,1.579961137840348,0.012894619830921347,0.0070997680587029
2024-06-25,RUN,-0.6692293107750643,-1.2587402024794656,-0.8317298971737117,-1.0551709130256863,-0.14883098156339558,0.0468697228239246
2024-06-25,RUSHA,-0.5857098805864708,-0.9822990270050809,-1.0779205522928228,-0.500004735841095,1.0463499420383233,0.0048664366053169
2024-06-25,RVMD,-0.02590630950360065,-0.13775331310035963,0.3573122746907761,0.10344946991313461,0.15683600409030454,0.0058979202486289
2024-06-25,RYAAY,-0.9963790386304945,-0.6741114768700531,-0.8365551137039364,-0.7128902256263443,2.9766888305434227,0.0033236523295832
2024-06-25,RYTM,1.1662179251582245,1.1662338938698014,1.5623185181896322,1.2737127275588735,-1.006734006724322,0.0063457216202152
2024-06-25,SABR,-1.551715952378705,-1.3529327230599317,-1.2058758164123742,-1.848475200030452,-0.3012335295763936,0.0073636902172687
2024-06-25,SAGE,1.5555496081247366,0.26623438563645346,0.4673434901181097,-0.1555563712351537,-0.4141180105022733,0.0173956464528007
2024-06-25,SAIA,1.5110359410227647,1.6214081992383316,1.403634615041582,1.677589140710335,-1.9946043165228466,0.008072661462616
2024-06-25,SAIC,0.12130810466217111,-0.06031816153342402,-0.0044447077214417275,0.4555484435729924,0.5129482071610967,0.0074658756692893
2024-06-25,SANM,-0.8449505775345587,-0.861443028669357,-0.6952379473903442,-0.5547924362578924,-2.1261682242493887,0.0037183411780514
2024-06-25,SATS,-1.4057957451180492,-1.4506166849766398,-0.8851338519302709,-1.4598530215950432,-2.2077631251445244,0.0042254335689163
2024-06-25,SAVA,-0.023810061814892845,-0.9126980091927713,-0.43283426135034986,-0.8992783042954509,-0.36939957329857115,0.0107704950950051
2024-06-25,SBAC,0.6515861637989847,0.12425129289245176,-0.13402124237187568,-0.4944762229652936,-1.0423346693334552,0.0051236716406857
2024-06-25,SBCF,1.496559566601912,1.076551402223023,1.084385670280817,0.1356562807134578,-0.655808903358786,0.0034410060651411
2024-06-25,SBGI,-1.2971554785750201,-1.0610393847791777,-0.9549532013718603,-0.6839503178945591,-1.290015847840095,0.005178677247314
2024-06-25,SBLK,-1.5014205070962776,-1.4161284034108028,-1.1504307208869191,-1.0212834283929353,-0.9993083174788195,0.0117333173963527
2024-06-25,SBRA,4.128997682483333,3.2727133931733525,3.129012592436754,2.4634049502764883,2.099462831391095,0.0079920639905825
2024-06-25,SBUX,2.9191758227765235e-06,-0.10112475073077767,-0.7319602673768807,-0.8244634137019564,5.968770331809677,0.0142411946403907
2024-06-25,SCVL,1.0229044115550627,0.5774657351495206,0.22688378689182173,-0.9108937862500284,-1.5963431785767555,0.0058805346208195
2024-06-25,SCYX,-1.7567480619328881,-1.7222116977656032,-1.4124219847247979,-1.7761099465514287,-0.9786780383586636,0.0029142327948672
2024-06-25,SDGR,-3.9903803803016453,-2.4876492075803465,-4.490193580623509,-4.565201735915533,-1.2929219600632091,0.0077652635962563
2024-06-25,SEDG,-7.952583520769584,-5.716029827531498,-6.239445088158102,-6.872598685679556,30.0,0.4255807425679411
2024-06-25,SEIC,0.7420811355070965,0.12498261477801191,0.12054346742597723,-0.03661374549519532,0.655587868710797,0.0055896022055927
2024-06-25,SFIX,0.7142829808115909,0.3809510434792372,0.8559296204181454,0.9886316112417373,-0.8745265611326124,0.013509454752257
2024-06-25,SFM,2.9350571985888885,4.242942312780468,3.577377315325548,4.788926077933714,0.09064388414215192,0.0134490689341174
2024-06-25,SFNC,1.1044802559106988,0.6091052388076673,1.5263022340928374,0.8808894325257245,-0.9798068480951746,0.0027533573170053
2024-06-25,SGBX,-2.1311400090137336,-0.652171853208313,-2.155761117488576,-0.8333290332869084,12.738019168515143,0.035435683608179
2024-06-25,SGMO,-3.6665437862715113,-4.39981709343912,-5.499714584036374,-3.833205725382684,0.44575666025694655,0.0079471318588402
2024-06-25,SGRY,-2.7031201011685955,-3.3597089262443744,-4.356721510275133,-3.1883043145942067,9.151898734130876,0.0199995298284657
2024-06-25,SHIP,-4.623158747056412,-3.9632128946480227,-3.9585834677564082,-2.731502544948802,-1.5310136156874126,0.0098457593386405
2024-06-25,SHOO,0.9418003928151636,-0.029134550278819376,-0.04900869256748277,-0.9999963821379062,1.0916905444000953,0.0090980369073585
2024-06-25,SHYF,-2.9090712609572034,-2.9473479698932907,-3.733310002416224,-4.799965572373912,0.4301075268740124,0.006363737858658
2024-06-25,SIBN,-2.7499945000109998,-2.153221136462248,-2.505045561115791,-2.211003792988809,0.9638439581167679,0.0072126652706162
2024-06-25,SIGA,-2.210514417330939,-0.9318134783326314,-1.9268204932232087,-0.4615370351885979,0.0706422018342143,0.0060878904928903
2024-06-25,SIGI,-0.7910903918237131,-1.3755271456832385,-1.004520347512942,-1.3303593272714342,0.7301275760406255,0.0044875370875933
2024-06-25,SIMO,-1.3919458360365977,-1.37863759817959,-0.7268469651754184,-0.7851446445030579,-1.7424763542412514,0.0056321552420312
2024-06-25,SIRI,0.2352941311861129,-0.19047572025611684,0.11764870192050565,0.05555633412499736,0.3466269216935929,0.0128339963298648
2024-06-25,SKYW,0.9464301976353474,0.7581027421383462,1.2131653161197538,1.5548978463229721,-3.5718309858484165,0.0049603907261618
2024-06-25,SLAB,-3.0813048538559245,-3.5411783275093565,-3.1650294271430988,-3.5969090585511823,-0.8444444444315028,0.0069565485172296
2024-06-25,SLDB,-6.714250266542848,-3.240954550806035,-5.919979987948805,-7.999959870357502,20.06455083356574,0.0266733769501761
2024-06-25,SLM,1.0217297120248263,0.7449944731268369,0.4995261266017856,-0.2727362582193557,-1.118910782700824,0.0042571390292073
2024-06-25,SLNO,-1.8506917841047796,-1.987800671168772,-1.6983896820502093,-2.0423721475541754,1.0586387434444122,0.0103037030091174
2024-06-25,SLRX,-6.139501606642236,-10.23797315471306,-3.3544184799607004,-5.249972260029188,30.0,0.1336805555555555
2024-06-25,SLS,-2.909033879791934,-4.666562082294073,-3.7272092946537687,-4.799903048287833,-0.8727468388438377,0.005414615812589
2024-06-25,SMCI,0.5771805151953087,0.12963944765165222,0.6149811207954511,0.3235532447250054,-1.0074381298415707,0.0796301787064383
2024-06-25,SMSI,-0.4285591840116366,0.1428530613372122,0.39998400062472034,-0.2857061226744244,0.879844961172105,0.0027230939748732
2024-06-25,SMTC,-0.9685983032662039,-0.9387752541340053,-0.9257633799759655,-0.831249234600249,-1.6426224252598498,0.0107706619606993
2024-06-25,SNBR,-2.9083640272251423,-2.7375861760765376,-3.3472176696251594,-3.0317447368976542,2.406213592214321,0.0298896779668587
2024-06-25,SNDL,-1.5908922637907954,-1.6296170024087149,-1.8095046298866404,-1.6399847057594983,-3.4345200915951093,0.004815502887747
2024-06-25,SNDX,0.015625323700202164,-0.3714284444158223,0.20833242349436298,0.07547331454948222,-3.5738805969882543,0.0060073915671052
2024-06-25,SNPS,1.2182418020251478,0.7170116502878601,1.0754650282905969,0.9813620589937411,-0.6528253424629588,0.004941792782305
2024-06-25,SNY,0.5474405743292972,1.6470589819173935,0.4742840387367682,2.165559811395009,1.185020437603769,0.0012923012003954
2024-06-25,SONO,-2.0294036509330224,-2.2432363793258046,-2.5882254542542373,-3.9999856197954804,-2.841654059491469,0.006796939949447
2024-06-25,SPRO,-2.142788621965189,-2.6665817541701906,-7.499250074277388,-2.9998880831395924,-1.6749271136537922,0.0010876448553325
2024-06-25,SPT,-1.6874902756074626,-1.4109587966745079,-1.159839938694047,-1.2642828571824387,-1.342454160782271,0.0091848937237202
2024-06-25,SPTN,-1.976290236440705,-1.5604175122977724,-1.493420364867631,-1.2748527229179591,-0.26834170853731976,0.0066595363733594
2024-06-25,SPWH,-1.749994724982607,-1.7564056705114226,-1.6747591526013599,-1.5921009578429552,0.901260504189058,0.0143074126248357
2024-06-25,SRRK,-2.4705817621812387,-3.8133227067091107,-4.863120734344607,-5.254891289751394,-0.957599589670174,0.0070830446318422
2024-06-25,SSNC,3.427369352354583,2.0255020987041132,1.5525616663122366,2.53259531303645,1.3502660861020779,0.0039158949051565
2024-06-25,SSP,0.3953465599767815,0.5675647782974332,0.6363600541778833,0.8372055888691272,0.9761734145432598,0.0182236603764641
2024-06-25,SSRM,-1.5576871806785828,-1.942299816329758,-1.448270953082831,-1.6557335833863653,-0.061986349073514455,0.0133762553199893
2024-06-25,SSSS,-1.2499747110725834,-1.7999506497348319,-0.9999600017525111,-2.374943606588293,-2.4832535882791142,0.00038638071663
2024-06-25,SSYS,-1.6049337128524117,-2.2435887246828647,-1.8253916071775942,-1.797095619339045,-0.7744418783620136,0.0073328299353972
2024-06-25,STAA,1.4479143952342368,2.3191477146224178,1.2753547416707574,2.954946906168109,-0.7487135505875007,0.005552919996594
2024-06-25,STGW,-0.758616478395772,-1.0555495442296503,-0.36363389707379556,-0.5357103983932868,-1.794739851323102,0.0012222289120356
2024-06-25,STIM,-2.4705619747585366,-2.8094929436878973,-2.352913247637887,-1.899979927321913,0.6002785515153126,0.0022578611096338
2024-06-25,STKL,-1.3157821522536266,-1.0526247179407857,-1.1470511686974707,-1.049994690423169,-0.9445554445460085,0.0035014376029144
2024-06-25,STLD,0.14999947752256576,-0.405217199423476,-0.37925732000987816,-1.0142104037956297,0.9134912461342389,0.0100268856629224
2024-06-25,STNE,-1.6084319908778362,-1.3575748651614903,-1.3841446428451436,-1.1764698971343217,0.23639999999982808,0.0239399633664747
2024-06-25,STOK,-0.753245694581015,-1.0215037376593505,-1.0931660716360687,-1.2795012917195672,-1.3144378327509274,0.0087337294300608
2024-06-25,STRL,-0.12345663613011744,-0.5156240006774175,-0.24719030296474356,0.09038046053803526,-0.5481256332209093,0.0093270210737416
2024-06-25,STRO,-2.4917958969722807,-2.6363547278936017,-2.7241287642811334,-2.34721613449327,2.43843498272475,0.0124201291989466
2024-06-25,STX,1.385734718001743,0.9909279144427986,1.0546471338273604,0.9435486069624124,-0.7418986205195627,0.0107615710104409
2024-06-25,SUPN,0.12499662915008046,-0.11627720043939721,0.19999833866448355,-0.5945897831489247,-1.2214052287382122,0.0075715091956391
2024-06-25,SVC,-0.29999362489197,-0.7727231543085529,-0.7391241775113586,-0.7727228291746547,0.29378051369011343,0.006646783446499
2024-06-25,SVRA,-5.266592842706054,-3.3242907545473344,-5.678486597312851,-2.5789207502462776,0.7888071895392614,0.0066285128163682
2024-06-25,SWBI,-9.999914232476236,-12.545202789551809,-16.23482181117552,-11.192225629052892,11.028192371293065,0.0215395873435039
2024-06-25,SWKS,3.9221106308995806,3.058894946050999,7.930829459457022,2.7676984528192867,-0.0929418923027291,0.0155865204317619
2024-06-25,SWTX,-2.009230330933378,-2.0579100841307794,-1.9806613721220796,-1.515847154104401,0.9206392945664335,0.0111236470519201
2024-06-25,SXTC,1.2499300532669482,4.285595246001998,3.999611959362866,1.6666078017649364,5.726836581674801,0.0908648361948079
2024-06-25,SY,-0.9677137120559914,-1.5428145658524268,-0.7222073597481807,-1.011089653489955,0.5302197801906473,0.0007111275648039
2024-06-25,SYBX,-2.7691441541106836,-9.665393840845965,-5.624631697458913,-1.3999454327722227,3.5359116018192362,0.0039243850514273
2024-06-25,SYNA,-2.3927598730679036,-3.6993493323969497,-5.7637055613835075,-3.1508003294707647,1.980140186869623,0.0081481935151301
2024-06-25,SYPR,0.965510625211315,1.0333264179984942,0.9999933333793669,0.8461474784029379,-1.1056338026611783,0.000503909643788
2024-06-25,TANH,-0.15713806337808317,3.1340688724977936,-0.5952092450955443,0.05768929532294566,14.18462206770554,3.0869451850854985
2024-06-25,TAOP,-1.9998059796814773,0.9999333377139117,0.0,0.9999000099036517,-0.08300781249837876,0.0107665065264007
2024-06-25,TBBK,4.145613022176445,3.491532217902481,4.946782702670243,4.17321966950618,8.472196900483643,0.0190098051891179
2024-06-25,TBCH,-2.709995571830145,-2.2561949565733257,-2.4905620175735983,-2.3411178940725383,-1.3163353500204609,0.0075809544792224
2024-06-25,TBPH,0.9642813810422075,0.2916672163392935,-0.9245194231237504,-1.5517111685624536,1.1137566137418817,0.0073878079169941
2024-06-25,TCBI,1.2246339633267096,0.845587301147842,0.9919321721344904,0.13861321295018528,0.09469153514792851,0.0067490953870702
2024-06-25,TCMD,-1.705877349141023,-1.4571404708924522,-1.5379710573604033,-1.7108395001706467,-0.9105960264749902,0.0095411944662762
2024-06-25,TCOM,-2.0684212465904523,-3.340900198866087,-3.148932957656717,-3.302005291398254,-0.6711272973648325,0.0035893347663418
2024-06-25,TCPC,-0.3264975960220093,-0.5553130243023783,-0.09356841577333577,-0.7084682667985475,-2.0310559005930844,0.002558849543126
2024-06-25,TEAM,2.0699603732630694,1.8772791547364585,2.2200406172314606,1.8308621002491279,-0.9020618556663832,0.0082327186692033
2024-06-25,TECH,-2.999961086794689,-2.747814064595208,-2.520666476331136,-2.8791140793447703,-2.0571102227063722,0.0039933454784676
2024-06-25,TENB,-0.3063574027869127,-0.8774190483426288,0.024998925188643766,-0.12903214918566092,-0.8977723527561929,0.0056698974248142
2024-06-25,TER,0.7152545566957478,1.2442095391800365,0.7421685887475555,0.9254755181411348,-0.11982434127958447,0.0125397157319562
2024-06-25,TFSL,0.1574426605655375,0.27319356702694797,0.029597828210957862,-0.49803535823401157,2.6813996316264936,0.0013646771857541
2024-06-25,TGTX,8.224969007915016,8.894709859393913,6.68062283475603,8.483835562324506,2.7302741358695344,0.0198044186486662
2024-06-25,TH,-0.48717730233600415,-1.1764620179187644,-0.1090908408107443,-0.7647003116471969,-1.2660427807438273,0.0031615240019178
2024-06-25,TIGR,0.1249986299491172,-0.3144647890655447,0.4898990394781987,0.0,-1.0966455870192557,0.0032383794128206
2024-06-25,TILE,-0.49999632323105453,-1.1922991735665796,-2.020824893934544,-2.241378213681033,-1.4056037358051288,0.0055265492765492
2024-06-25,TLRY,-2.8749268230170513,-2.6666065257343976,-3.2499217321142937,-4.999837312244092,0.21837410380381664,0.0132469831514617
2024-06-25,TLSA,0.0,0.533326407747384,0.43749420535832306,0.45453778134360134,1.0237336167125488,0.0035584691222785
2024-06-25,TMUS,0.8875501948770255,0.08755717212049693,0.8258230205433457,0.28465612802741136,-0.8537803583681666,0.0051766600402428
2024-06-25,TNDM,-2.748457965903454,-1.9213054382912762,-1.844702993033586,-2.425437297795858,1.2746858168704007,0.0210942065672825
2024-06-25,TOUR,-5.399781913208136,-19.409410746979496,-8.449579043814232,-7.355220753804039,-0.5631840795907824,0.0010963187991422
2024-06-25,TPIC,-3.6315590413786443,-3.177765679455833,-2.8192639646081963,-2.4123596961909834,-1.375080836381224,0.0123316760871346
2024-06-25,TREE,-1.376206693346665,-2.8435080460658457,-2.9599973010744387,-2.7999983444108354,-0.31986531985454997,0.0105348823318599
2024-06-25,TRI,-2.0511341586804868,-1.4517928444812993,-2.049172387452392,-0.6666692596712076,2.0357273058546426,0.0015660834093093
2024-06-25,TRIP,-1.823525780590048,-1.8958308977947076,-1.6744035958400842,-1.792445183537081,-0.9459907223295361,0.0119436911163016
2024-06-25,TRMB,1.0128157840332086,1.1999916127257717,0.13888980905967796,-0.06666354468786066,-1.3097615651057275,0.0034301360499934
2024-06-25,TRMK,0.9725030189664068,0.41025740085468937,0.8976152648642631,0.427918046145704,-0.9841628959053357,0.0027500407078394
2024-06-25,TROW,2.3288498384879945,1.443956616383677,1.8328340248816553,1.5230712740765215,-1.3093492208862572,0.0036199278264234
2024-06-25,True,-0.5454446282700202,0.0,-0.3333222225819846,0.07692189350820205,0.4318181818030833,0.0016671199160841
2024-06-25,TRUP,-0.8639044633467239,-0.36538440558299434,-1.791041948337185,0.6666640947014132,0.43888242141003764,0.0099998352580682
2024-06-25,TRVI,0.0,-0.18181487609001015,0.8333194446626739,0.0,-0.6954484604993917,0.0014418372771823
2024-06-25,TSCO,-2.3298250652587207,-1.6680223820011277,-4.408181532801428,-3.916658241398585,8.291831683160106,0.0259238354685426
2024-06-25,TSEM,0.1450396581261636,0.0443036038604595,0.07200022659720397,0.07586234534379002,1.0348197922903506,0.0041813935592401
2024-06-25,TSLA,1.7561970903437405,1.8059452182178983,3.3138074594771854,3.033985665435659,-0.09080548386013965,0.0197972657614518
2024-06-25,TTD,0.4759062210457253,0.8682706019651695,0.5620386808936035,1.1643460279794513,-0.6802345636414622,0.0058237611811931
2024-06-25,TTEK,3.187325003836022,2.0195469099325316,2.024031536636641,2.917966259101251,-1.950050968391641,0.003548030861526
2024-06-25,TTMI,1.5510152690826717,4.820465026561473,1.9999904762375404,7.060523861978991,4.175820379936609,0.0112791647395715
2024-06-25,TTWO,0.38979306418269305,0.10996851530974816,0.0660411676737925,-0.3724363186548363,-1.525195173877856,0.0057729353639742
2024-06-25,TVTX,3.2222027022117516,3.383828175807611,3.0714167839395388,4.028550432402602,-0.06909202078832716,0.0107432891673039
2024-06-25,TW,-0.6704893732755544,-1.4092640564482264,-0.7547140564024064,-1.0517823047317278,-0.2630136986283355,0.0067014204984627
2024-06-25,TWST,0.004357392540711992,-0.5327325573860241,-0.544115298662387,-0.7610603852887491,-1.5254852167548503,0.0103300693532893
2024-06-25,TXG,-3.563899336560068,-3.2385878458415474,-2.422358953791821,-2.1021475054129484,2.857971014474345,0.0156533789089565
2024-06-25,TXN,-0.49322267497752287,-1.9060645360854802,-0.9432812486089375,-1.2154569761975358,-0.6612422508337372,0.0040039871020643
2024-06-25,TXRH,1.8629496901830387,1.7633073819677911,3.994196301866924,1.0707785015508149,-1.1180958193401398,0.007955982417053
2024-06-25,UAL,-2.889467197820057,-1.80755972402844,-1.8062279275713868,-3.1813958471783246,-0.017214713200176708,0.0175478480580035
2024-06-25,UBSI,0.6280532397532864,-0.361090432255936,-0.17597778197266667,-1.3318259144654057,-1.7263222632013984,0.0021586844551745
2024-06-25,UCTT,-0.5611803769628598,-0.770833421710647,0.4142832540320231,-0.19444517029358402,-1.5688291138992274,0.0025569270788326
2024-06-25,UFPI,0.11863387583704094,-0.6053723319821678,-3.4705071549186024,-5.807448841879586,5.35798319309721,0.0064234090266406
2024-06-25,ULTA,1.0627250184306363,0.3588613572008875,1.1080688069196722,0.2512313952169182,-2.6102877070391433,0.0131363179907083
2024-06-25,UMBF,2.739927925555938,3.1520599340255377,1.9874198273023536,0.9277148534465635,-0.24312896405405646,0.0043685792620486
2024-06-25,UNIT,-3.3746652518319378,-3.4590858850043085,-2.6412782483599275,-2.6735983638581375,0.6452125293847828,0.0138058957390283
2024-06-25,UONEK,-1.2999748349743316,-0.7777691358902485,-1.4999654810622924,-0.7499812504508577,1.3350383631030671,0.0024781913304313
2024-06-25,UPBD,-0.4358358815653,-1.1547642982249942,-0.9071067354115627,-0.8131824037960399,1.7227036394848751,0.0077180810677143
2024-06-25,UPLD,-0.6249912562914067,2.057117868083273,0.08546864188278952,2.3714018978656384,6.227864583171149,0.0149565291480139
2024-06-25,UPWK,-0.8837164588817197,-0.8947322650773031,-0.48717792933971615,0.0,-0.5024180548074425,0.0105758157389635
2024-06-25,URBN,2.2985764401543873,2.200000078949576,2.204991605678092,1.225680719286202,-0.6980519480454727,0.0130680935195897
2024-06-25,URGN,10.746637296890361,7.845343118281135,7.465092600120345,4.52712427702412,-0.05338772614383332,0.0101704328508452
2024-06-25,USEG,0.9999000099036295,1.3332444502852303,0.9999000099036517,0.9999500024522182,1.8176100626644516,0.0011383459980485
2024-06-25,UTHR,7.761681826607682,5.804873920075417,6.409700265891186,6.278640599712213,-0.17110609480658145,0.0125199834343452
2024-06-25,VANI,-12.99957860124037,-20.570273562001876,-9.971137259306264,-17.24915542281684,-0.17815482502273267,0.0016744622562366
2024-06-25,VBTX,0.6666543406845103,0.7222165314208738,0.9499873475513001,-0.18750871549735273,-0.8573883161217393,0.0045273125828446
2024-06-25,VC,0.17865842483391314,-0.05459831865709271,-0.09767387802803164,-0.6889649772061087,0.09065155807194236,0.0084082642491829
2024-06-25,VCEL,0.5015384815502374,0.17493407278415113,0.0029320575121655635,-0.03666684567262372,-0.7843252798964724,0.0058481048510149
2024-06-25,VCTR,-0.3768815173529141,-0.3360657647254099,-0.47340589178996023,-0.2792819620835192,-0.07142857142678123,0.0059032945144111
2024-06-25,VCYT,5.551707829050231,4.592297196276169,5.093240162522952,3.2560909241368154,0.2173560421717976,0.0085868460756843
2024-06-25,VECO,0.44444443547312285,0.9004231144077248,0.5291131378201243,0.9416485830398325,-0.10580411124482585,0.0104044945759581
2024-06-25,VERI,-2.1304161220436404,-0.9696845591593103,-1.5833205529170444,-0.23809383554587216,1.1015624999877058,0.011613824175579
2024-06-25,VERU,-0.5624930852528895,-1.058811732782393,-1.0588110315593486,-1.4117476639746436,-1.317373352387935,0.0057028090501694
2024-06-25,VFF,-0.3333254845873711,-0.5899894042282705,-1.1817971379291594,-1.5489898312754327,-0.7339274347455897,0.0028868493906727
2024-06-25,VIAV,-6.0998851547447535,-6.399881538999411,-3.4374512577580942,-4.058762909803718,1.886059670772191,0.0068516278459375
2024-06-25,VICR,-5.687490251613433,-8.74191939110292,-5.59210289730689,-6.556938212965988,0.03680981594866197,0.0041323178954481
2024-06-25,VIR,-2.2333276507936555,-1.8602112841539613,-2.3818127570601906,-1.5821892063070149,-0.4290104486767916,0.007658429075728
2024-06-25,VIRT,1.0689844028371873,0.4814859293924903,0.2648688274871608,0.03614618588501577,0.6474537754350843,0.0196320420787221
2024-06-25,VKTX,-0.7358200682764505,-1.0836336768470025,-2.0441174128119135,-2.499998971193968,2.778259546625927,0.0428385683370588
2024-06-25,VLY,-0.5499941492600978,-0.8850296227133201,6.8234311387820704e-06,-1.1292053651819909,-1.0226777579712005,0.0060138061089056
2024-06-25,VNDA,-0.07142859943039355,0.20689634069499296,0.1551713400804931,0.49230563578926634,-1.0541961577308223,0.010863227930585
2024-06-25,VNET,1.1599885075784853,0.8181726068988764,0.8181745772722053,0.22727066117383712,-0.9774754683274867,0.0018763716291876
2024-06-25,VNOM,0.2119546872783615,-0.1633295920615082,0.68482203914595,0.15822765540801476,0.8080992338503604,0.0067208333650617
2024-06-25,VOD,1.3814954159436822e-06,-0.22079823806923388,-0.4293791310226274,-0.6193053212822941,-1.3510765041261585,0.0014416754127239
2024-06-25,VRA,-5.189172987461753,-4.8472105146104605,-4.876702600806557,-4.736831059859107,0.35845213849043817,0.0178802854780891
2024-06-25,VRCA,-5.48933506218155,-2.9864755413795603,-6.130921618261194,-6.357111612051418,1.7423846823021343,0.0031292220527348
2024-06-25,VRDN,3.196412989436537,1.9076844064055047,4.3333086659405655,2.2765861434301335,-2.4923685697993645,0.0069718353071117
2024-06-25,VREX,-2.408442501004034,-3.6451505737662417,-4.102024510280415,-2.1571333073982895,9.45142857115853,0.0173995294802454
2024-06-25,VRME,-1.4999816227549116,-2.040788825509367,-1.3478019258352831,-1.499980505196083,-0.1642857142622449,0.0017483083497911
2024-06-25,VRNA,3.718558844910224,2.0973432926515367,3.156919261909169,1.5092929495744716,5.8556338027951975,0.0326189379729228
2024-06-25,VRNS,0.15909001124473654,0.0016224792680055008,0.801889285638964,0.7777831136386241,-0.28991085899396307,0.0096774766770324
2024-06-25,VRNT,-0.3244147248676693,-0.12424247504972,-0.25401814718759186,-0.5168199300259942,0.0929756762896432,0.0123820574428331
2024-06-25,VRRM,2.718296148127972,2.7062848117852973,2.0465124389839535,2.033704089672674,1.1752827140485984,0.0064984757436238
2024-06-25,VRSK,1.4835966921586945,1.7446971633644537,1.908182392777013,1.7883135951585427,1.003410382713123,0.0056743723991209
2024-06-25,VRSN,0.2230252525804605,-0.3684200177205769,-0.35830708878890866,-1.4732757164602388,3.140519388095763,0.0117663847780126
2024-06-25,VRTX,0.6928557359815547,0.9797550962155839,0.2200001380279982,-0.08401514417893838,-0.002015621063229954,0.0046514524107639
2024-06-25,VSAT,-2.279999016997585,-2.481649767641658,-1.9098022359563693,-2.0465099984835335,0.5709289949807786,0.013690365551425
2024-06-25,VSTM,-1.6603704988044212,-2.058815400627211,-2.166657473359102,-2.2548928797400536,-0.6068222621153792,0.0109535832200427
2024-06-25,VTGN,-2.568169528935095,-2.0952268745163956,-1.723396695062502,-1.9523717094376611,-1.1957585643981807,0.0028965321303716
2024-06-25,VTRS,0.22220615746505526,-0.636363419810978,-0.9473707083351617,-1.6842107693672057,-0.7423791170280813,0.0052214562269461
2024-06-25,VUZI,0.0,0.0,1.2499375030652449,0.3333222225819846,0.9471753484820665,0.0071023472503488
2024-06-25,VVPR,-0.9159648227052557,-1.0330559141005264,-0.8763485349224286,-0.9036122198872434,0.4999999999839744,0.0102883217077043
2024-06-25,VXRT,-0.9999676611566594,-1.4999504983573948,-1.9999485111987214,-1.777738419640057,8.590935775487635,0.0203637662938206
2024-06-25,VYGR,-1.4285658757268687,-1.7346830635592705,-1.5199924704451575,-2.2264065909490234,-2.1221374045396537,0.0044632102146651
2024-06-25,WAFD,-0.5333307263227387,-0.5057459790577196,-0.063290431159768,-0.6233702879297035,0.8533190578067097,0.0058711513303234
2024-06-25,WATT,-12.799497556361741,-10.666297878308413,-9.333030179324215,-6.3331978936638444,-0.7008547007348966,0.0007688087079085
2024-06-25,WB,-0.6666608990252971,-1.6128952195333799,-1.3030240646536602,-1.781238140707636,-0.5792147171867676,0.0108609396364306
2024-06-25,WBA,0.016949794051067564,-0.1666727972857104,-0.16279052391266138,-0.8048701961240246,-0.30044288459921437,0.0119534473924531
2024-06-25,WBD,-1.1157872884468423,-1.7078601146313352,-1.059998328229475,-1.2631551562109407,-1.354604024902028,0.0066493671175835
2024-06-25,WDAY,2.783562832055186,1.9887337251106116,2.7307678875939505,2.1298777007106464,-1.6105552585326348,0.0072888372093023
2024-06-25,WDC,-0.07142945793614965,-0.06328986069399085,0.06535832923783282,0.42523418804656715,-2.516706100402815,0.0107110722664336
2024-06-25,WEN,-0.24324129859644783,0.04085305815847111,-0.46240217580584836,0.8002942301569,0.8057724957547361,0.0247953973317569
2024-06-25,WERN,-1.8793094128333672,-2.5999919285744166,-3.637326838289546,-2.629321275801811,-0.33143712574651835,0.0112652765935457
2024-06-25,WING,1.3768515961991192,1.3649436500168148,2.1024693877077296,1.6850883181859189,-1.0283877878840024,0.0107479867684004
2024-06-25,WIX,-1.2331710346730114,-1.4074074720568837,-1.870710489312277,-1.9818628769399984,-1.5313901345193377,0.0052705135068135
2024-06-25,WRAP,6.639931168835215,10.249828921172092,5.294053549153528,5.411702853725468,3.343619683013451,0.0066917914157327
2024-06-25,WSBC,0.5077777275486379,-0.3065213241587463,0.524086585011183,-0.13163697987985412,-0.728767123267705,0.0015793841760548
2024-06-25,WSC,1.556602026588445,0.188233156065804,-0.6818210738715885,-0.3214232524382116,1.0012491325440631,0.0098314036298448
2024-06-25,WSFS,3.026795980701273,2.2213734356990935,4.30232936878818,1.9224783083863073,0.7989417989136176,0.0042878718914221
2024-06-25,WTFC,1.0039977428676983,0.4563737402468896,1.1654076334989811,1.012239675290626,2.09603960391889,0.0056507645195953
2024-06-25,WTW,6.820569783506665,10.04187225274108,7.019742358211216,7.739768110208647,0.2564628641751624,0.0043549659491571
2024-06-25,WVE,-5.210492089675596,-4.948692602148732,-8.0881940275464,-7.878741661362215,30.0,0.0768304601071107
2024-06-25,WW,-1.9999764535004767,-2.227253440076962,-1.9130289164179621,-1.9999846155023933,-0.04908024104020127,0.0260536060307383
2024-06-25,WWD,-3.463395178186672,-2.9822715677995015,-3.187520986630435,-3.0673681696348614,2.297394429428618,0.0079851886542935
2024-06-25,WYNN,-1.9917999298938347,-1.6973627261914688,-2.0695301966025674,-2.5231698820999915,-0.7159937888176522,0.0140269575291757
2024-06-25,XAIR,-6.374846589153441,-7.110958387858599,-13.444097447560035,-14.774645236668725,30.0,0.1301402604934831
2024-06-25,XEL,0.10708362395119854,-0.7040590219659387,0.0433820246329981,-0.2618950070405945,-1.4072842438615878,0.0040139857882716
2024-06-25,XENE,-1.7019187459355931,-1.2118583803019856,-1.84693727028292,-2.4999961341917913,2.4090210148394773,0.0077120251676186
2024-06-25,XERS,-0.9545379099099239,-1.041656951389597,-1.0588109078406582,-1.1428485292303465,-1.6451500954306952,0.0040353384435494
2024-06-25,XFOR,0.1449233105142094,-0.36362235286175615,-0.8627118620181528,-1.3513162225056827,1.8220264317116404,0.009862837005217
2024-06-25,XNCR,-1.0593461979504808,-1.261362365505223,-1.4119606157330278,-1.6504837933040954,-1.4344213649681377,0.0058882882301903
2024-06-25,XNET,-0.9999777782504021,-2.0181448881950215,-0.7777604941947522,-1.6249569546605354,-1.7024539876256164,0.000564501172926
2024-06-25,XP,-1.3232313431231804,-1.3214864317595594,-0.9479054772787322,-1.1028022767474523,-0.9362560099251034,0.0097731126511353
2024-06-25,XRAY,-3.0431046338712844,-3.1526712929201395,-2.8540114613221115,-2.8531352704201858,-0.04217736121114593,0.0115630839006342
2024-06-25,XRX,-3.9473424874417007,-3.8124672907676005,-5.409056086972625,-4.727250299631032,2.5928559336292776,0.018277877161598
2024-06-25,YI,-1.8999643848641286,-1.3636122603298284,-1.1999769541407281,-1.555521577109849,-0.03271028037077474,0.0034229819004798
2024-06-25,YMAB,-0.49999615387912516,0.2999980370683986,1.4210432208983674,3.1537863480221615,-1.1315789473551863,0.003814835619286
2024-06-25,YY,0.9008970639579235,0.8217821776230878,0.27272389434226957,0.08080978578889732,0.5277345774903528,0.0106905902633965
2024-06-25,Z,1.1951940416146036,0.9610739606335854,1.0365075392181415,0.8042550242185782,0.5358932380805319,0.0242682963064806
2024-06-25,ZBRA,0.6502916004258165,0.13836219576751363,0.888700462952368,0.19654858342077397,0.751944684515956,0.0062373761567986
2024-06-25,ZD,-0.0995028512169068,-0.9722224503346444,-0.9512195435550385,-0.6885222315665986,0.7145899893351525,0.0085840309994431
2024-06-25,ZG,1.258119008402314,0.9750732952054355,1.0225301581874229,0.7507828835958716,0.8692247454836457,0.010214730193086
2024-06-25,ZION,1.2786846101002194,1.697890335591843,1.1797632682133539,1.6533108256650262,1.4096846129295646,0.012168361328064
2024-06-25,ZKIN,-0.028985155351784607,-0.6999795748340264,-0.799968716495891,-0.3606434167505735,-0.7511737088496551,0.0030403082911337
2024-06-25,ZLAB,-0.7083315567326026,-0.8541656736060637,-0.3831919355959767,-0.48181602896962566,-0.21805661820797204,0.0036867116028348
2024-06-25,ZM,-2.474744277341565,-2.0913238608965012,-1.5431604857477976,-1.5964457107419339,-1.126933134103658,0.0093448624949572
2024-06-25,ZS,0.36498380117519374,0.4223915251269122,0.6797430595164156,0.6307054932153244,-2.0848759718584136,0.0096377448835156
2024-06-25,ZUMZ,1.6785645821964663,1.0249955902525532,1.5964915556237702,1.8596393102316071,-1.4455184534016605,0.0086381477305941
2024-06-25,ZYME,-0.9249961498851402,-1.4083288142261805,-1.0344731295734686,-1.1333251420807557,-1.1084994753363757,0.0044037606966542
2024-06-25,ZYXI,-2.1599940874278762,-1.962958421394599,-1.9374940384665855,-2.689642552572437,-1.5457809694238498,0.0028583338295718
