,ACET,ADAP,ADI,ADPT,ADTN,AGEN,ALGN,ALLK,AMD,AMWD,ARDX,ARQT,ASTE,AUPH,AVXL,AZTA,BAND,BECN,BFC,BGC,BHF,BHFAL,BKNG,BL,BOKF,BRKR,CACC,CAR,CDNA,CG,CGBD,CHI,CHTR,CHX,CLNE,CME,CNOB,CNXN,CPRX,CSGP,CSGS,CSIQ,CVCO,CVLT,CYRX,DDOG,DOOO,DSGX,DTIL,ECPG,EEFT,EFSC,ENTG,ESPR,ETSY,EXC,FAMI,FFIV,FITB,FIZZ,FMBH,FOX,FTNT,FULT,GABC,GEN,GH,GMAB,GNPX,GO,GOGL,GOOG,GPRO,GSHD,GSM,GWAV,HAIN,HBAN,HEPA,HURN,HWKN,IBIO,ICFI,IGMS,IMKTA,INCY,INO,IRDM,IRTC,IRWD,ITCI,JACK,JD,JJSF,KALA,KHC,KLAC,KRRO,KRYS,LANC,LBTYA,LIVN,LKCO,LNTH,LOGI,LPRO,LRCX,LSCC,LSTR,MAR,MARA,MCHP,MEOH,META,MGTX,MKSI,MMYT,MORN,MRUS,MTLS,MTSI,MVIS,MXL,NBIX,NFE,NMIH,NMRK,NNDM,NSIT,NTCT,NVAX,OCUL,ODP,OLED,ONB,OTEX,PACB,PATK,PAYX,PEP,PERI,PI,PLYA,PRDO,PRGS,PTGX,QCOM,QCRH,QDEL,QFIN,RGEN,RILY,RPAY,RPD,SABR,SEDG,SHEN,SIRI,SLNO,SNDL,SNEX,SONO,SPT,SSNC,STGW,STKL,STRL,STX,SWTX,SYNA,TFSL,TIGR,TNXP,TOWN,TRI,TRIP,TRMB,TRNS,TRS,TSCO,TSEM,TVTX,TXRH,VC,VCEL,VECO,VIAV,VICR,VIR,VRTX,VSTM,VTRS,WDFC,WSBC,WSC,WYNN,XENE,XNCR,XRAY,ZS
ACET,0.0,-0.182,0.407,-0.065,0.603,0.359,-0.292,-0.115,0.488,0.321,0.227,0.768,0.586,-0.149,-0.395,0.333,-0.086,0.624,0.444,0.171,0.064,0.681,0.432,0.124,0.333,0.187,0.553,0.629,0.415,0.635,0.468,0.623,0.273,0.192,0.611,0.702,0.368,-0.103,0.42,0.062,0.536,0.532,0.101,0.414,0.355,0.101,-0.277,0.114,0.494,0.339,0.388,0.338,0.302,0.465,0.107,0.375,0.664,0.225,0.26,0.807,0.202,0.19,0.593,0.314,0.329,-0.36,-0.197,0.108,0.286,-0.603,0.788,0.115,0.472,-0.347,0.243,0.044,0.841,0.112,0.407,0.731,0.563,0.641,0.488,0.424,0.564,0.156,0.587,0.466,0.263,0.199,0.511,0.709,0.156,0.219,0.61,0.166,0.289,0.28,0.081,0.66,0.819,0.594,0.418,0.789,0.063,0.484,0.312,0.151,0.741,0.392,0.713,0.386,0.32,0.314,0.19,0.283,0.459,-0.094,0.655,0.767,0.027,0.419,-0.212,-0.292,0.455,0.571,0.294,0.567,0.516,0.853,0.669,0.316,0.45,-0.008,0.384,0.744,0.446,-0.078,0.21,0.649,0.69,0.608,0.198,0.355,0.583,0.287,0.32,0.141,-0.4,0.778,0.284,0.14,-0.355,0.368,0.369,0.238,0.269,0.516,0.445,0.061,0.563,0.489,0.606,0.717,-0.188,0.743,0.628,0.463,0.367,0.385,0.408,0.578,0.602,0.409,0.2,0.412,0.271,-0.232,0.271,0.295,0.015,0.4,0.308,0.253,0.379,0.195,0.66,0.155,0.087,0.318,0.465,0.471,-0.064,0.347,0.171,0.227,0.243,0.391,0.213,0.177
ADAP,-0.182,0.0,0.407,0.082,0.47,0.329,0.449,0.562,0.453,0.595,0.516,-0.358,-0.131,-0.567,0.291,0.332,-0.215,0.36,-0.052,0.335,0.295,0.026,0.263,0.673,0.249,0.491,-0.183,-0.425,0.259,0.317,0.264,0.279,0.569,0.365,-0.03,-0.006,0.082,0.506,0.421,0.698,0.286,0.074,0.638,0.485,0.125,0.007,0.13,0.672,0.082,-0.359,0.272,0.232,0.566,-0.679,0.053,0.608,0.003,0.279,0.331,-0.062,0.202,0.128,-0.244,0.15,0.255,0.274,0.335,0.673,-0.255,0.178,0.075,0.611,0.312,0.628,0.093,0.401,-0.164,0.305,-0.527,0.073,0.327,-0.392,0.358,-0.493,0.197,-0.237,-0.16,0.395,0.367,0.321,0.305,-0.078,0.552,0.333,0.175,0.623,0.517,0.288,-0.336,-0.104,0.054,-0.349,-0.42,-0.224,0.148,0.444,0.459,0.547,-0.144,0.313,-0.215,0.429,0.177,0.404,0.455,0.474,0.251,0.588,-0.243,-0.309,0.629,-0.445,0.607,0.196,-0.362,0.266,0.346,0.17,0.425,-0.132,0.177,0.469,0.416,0.542,0.184,0.203,-0.044,0.535,0.495,0.279,-0.028,0.17,0.357,0.377,0.359,0.553,0.466,0.337,-0.082,-0.217,0.502,0.567,0.688,0.477,0.298,-0.583,0.271,0.3,0.539,0.402,0.157,0.201,0.153,0.326,0.277,-0.119,-0.294,0.438,0.153,0.279,-0.299,0.001,-0.392,0.095,0.708,0.204,0.542,0.32,0.433,0.118,0.507,0.195,0.243,0.409,0.372,0.51,0.279,0.292,-0.354,0.565,0.113,0.276,0.278,0.119,0.253,0.354,0.688,0.408,0.249,-0.061
ADI,0.407,0.407,0.0,-0.004,0.777,0.476,0.336,0.73,0.705,0.791,0.903,0.188,0.253,-0.855,-0.314,0.933,-0.753,0.867,0.619,0.888,0.767,0.282,0.936,0.805,0.879,0.914,-0.045,0.298,0.793,0.893,0.943,0.941,0.862,0.836,0.7,0.662,0.719,0.665,0.898,0.835,0.916,0.513,0.835,0.897,0.788,-0.451,-0.561,0.268,0.825,-0.5,0.928,0.873,0.96,-0.359,-0.417,0.878,0.176,0.897,0.847,0.452,0.69,0.219,-0.22,0.822,0.838,-0.557,0.47,0.596,-0.299,-0.605,0.748,0.87,0.809,0.363,0.383,0.681,0.416,0.806,-0.485,0.639,0.829,-0.146,0.908,-0.322,0.814,-0.655,0.291,0.928,0.843,0.887,0.753,0.291,0.55,0.889,0.325,0.351,0.956,0.876,-0.704,0.201,0.644,0.413,-0.427,0.244,-0.429,0.906,0.971,0.918,0.315,0.954,-0.058,0.991,0.871,0.269,0.881,0.967,0.923,0.799,0.447,0.009,0.875,-0.444,0.284,-0.516,-0.43,0.542,0.957,0.779,0.958,0.507,0.393,0.963,0.953,0.84,0.843,0.837,0.782,0.038,0.935,0.849,0.111,0.873,0.756,0.191,0.903,0.907,0.954,0.854,-0.792,0.567,0.888,0.902,0.163,0.878,0.929,-0.49,0.745,0.915,0.898,0.807,0.885,0.619,0.455,0.763,0.467,0.549,0.034,0.966,0.33,0.392,0.299,0.732,-0.338,0.783,0.73,0.909,0.963,0.564,0.904,-0.285,0.809,0.893,0.692,0.923,0.949,0.925,0.788,-0.041,-0.762,0.888,0.816,0.693,0.613,0.777,0.86,0.918,0.788,0.625,0.685,-0.434
ADPT,-0.065,0.082,-0.004,0.0,-0.003,-0.19,0.308,0.18,0.245,-0.232,0.065,-0.117,-0.472,0.063,0.317,-0.027,0.229,-0.189,-0.181,-0.126,-0.295,0.072,-0.104,0.114,-0.235,-0.057,-0.013,-0.154,0.237,-0.121,-0.128,-0.025,0.051,-0.355,-0.254,-0.326,-0.363,0.255,0.137,0.045,-0.129,0.119,-0.021,0.047,0.165,0.271,0.23,0.2,-0.107,-0.084,-0.174,-0.209,0.013,-0.183,0.494,-0.104,-0.185,0.022,-0.301,-0.309,-0.208,-0.55,0.082,-0.309,-0.297,0.259,0.597,0.348,-0.049,0.374,-0.111,0.033,0.064,-0.124,0.344,0.04,-0.118,-0.259,0.124,-0.232,-0.295,0.034,-0.178,-0.159,-0.111,0.071,-0.044,-0.211,0.348,-0.022,-0.283,-0.119,0.279,-0.091,-0.292,-0.26,-0.019,0.184,0.197,-0.318,-0.262,-0.166,-0.169,-0.221,0.185,0.104,-0.01,0.0,-0.168,-0.107,-0.127,0.014,-0.084,0.549,0.122,0.028,-0.131,0.097,0.152,-0.038,0.035,0.193,0.246,0.288,-0.081,-0.224,-0.119,-0.208,-0.101,-0.195,0.079,-0.029,-0.089,0.138,-0.269,0.065,0.145,0.024,-0.071,-0.104,-0.136,-0.01,0.028,-0.26,-0.086,0.112,0.096,-0.177,0.31,-0.091,0.22,-0.026,0.389,0.193,-0.164,-0.059,0.046,-0.099,-0.126,0.141,-0.092,0.187,0.319,0.025,-0.26,-0.166,-0.346,-0.126,-0.033,0.325,-0.351,-0.126,-0.179,-0.352,0.215,-0.121,-0.015,-0.048,-0.209,-0.069,0.078,0.052,-0.107,-0.159,-0.003,0.043,-0.108,0.248,0.114,0.026,-0.108,-0.383,0.166,-0.333,-0.046,-0.135,0.095,0.206,-0.218,0.41
ADTN,0.603,0.47,0.777,-0.003,0.0,0.581,0.24,0.441,0.785,0.759,0.698,0.341,0.388,-0.663,-0.08,0.646,-0.387,0.872,0.381,0.535,0.434,0.561,0.683,0.702,0.595,0.643,0.265,0.252,0.61,0.874,0.714,0.821,0.767,0.559,0.565,0.627,0.498,0.444,0.773,0.641,0.756,0.56,0.69,0.754,0.487,-0.056,-0.215,0.526,0.589,-0.072,0.639,0.596,0.766,-0.193,0.002,0.855,0.495,0.515,0.588,0.607,0.511,0.398,0.196,0.509,0.617,-0.166,0.194,0.651,-0.09,-0.418,0.76,0.678,0.727,0.24,0.305,0.387,0.564,0.462,-0.161,0.725,0.822,0.164,0.818,-0.11,0.708,-0.161,0.412,0.74,0.588,0.555,0.714,0.553,0.553,0.56,0.646,0.6,0.737,0.579,-0.316,0.481,0.714,0.287,-0.084,0.45,0.038,0.817,0.721,0.651,0.492,0.688,0.352,0.773,0.527,0.543,0.651,0.726,0.706,0.484,0.384,0.35,0.6,-0.094,0.384,-0.218,0.0,0.757,0.645,0.706,0.857,0.607,0.605,0.739,0.812,0.529,0.579,0.847,0.477,0.262,0.678,0.827,0.472,0.727,0.539,0.6,0.854,0.793,0.751,0.529,-0.5,0.498,0.73,0.665,0.193,0.75,0.65,-0.284,0.553,0.768,0.848,0.5,0.706,0.614,0.622,0.895,0.184,0.556,0.295,0.808,0.444,0.57,0.196,0.545,0.088,0.539,0.769,0.625,0.728,0.174,0.678,0.171,0.474,0.612,0.509,0.638,0.699,0.661,0.828,0.344,-0.326,0.715,0.572,0.739,0.307,0.505,0.492,0.581,0.801,0.735,0.469,0.004
AGEN,0.359,0.329,0.476,-0.19,0.581,0.0,-0.05,0.117,0.329,0.494,0.442,0.334,0.495,-0.373,-0.121,0.303,-0.148,0.559,0.104,0.269,0.466,0.312,0.374,0.479,0.33,0.273,0.328,0.206,0.165,0.662,0.348,0.442,0.423,0.345,0.135,0.527,0.361,0.525,0.509,0.32,0.544,0.512,0.471,0.419,0.187,0.114,0.101,0.323,0.162,0.179,0.348,0.344,0.537,-0.086,-0.08,0.614,0.632,0.205,0.471,0.236,0.303,0.468,0.236,0.306,0.409,-0.041,-0.017,0.471,0.09,-0.212,0.484,0.367,0.38,-0.081,0.038,0.262,0.124,0.286,-0.055,0.563,0.681,0.137,0.578,0.106,0.522,-0.034,0.01,0.442,0.222,0.2,0.503,0.337,0.052,0.255,0.504,0.382,0.374,0.194,-0.141,0.3,0.331,0.394,0.289,0.41,0.105,0.396,0.385,0.306,0.27,0.373,0.273,0.432,0.309,0.267,0.31,0.408,0.332,0.36,0.157,0.336,0.374,-0.103,0.041,-0.223,0.13,0.701,0.437,0.64,0.54,0.454,0.241,0.401,0.478,0.271,0.311,0.527,0.094,0.21,0.381,0.43,0.385,0.325,0.369,0.586,0.594,0.48,0.402,0.306,-0.351,0.213,0.235,0.378,0.256,0.251,0.379,-0.038,0.547,0.351,0.585,0.436,0.458,-0.056,0.327,0.567,-0.148,0.073,0.288,0.584,-0.052,0.428,0.228,0.118,0.063,0.288,0.604,0.383,0.478,-0.064,0.536,0.34,0.116,0.272,0.653,0.331,0.336,0.308,0.646,0.333,-0.138,0.364,0.17,0.572,-0.116,0.27,0.125,0.407,0.512,0.357,0.388,-0.08
ALGN,-0.292,0.449,0.336,0.308,0.24,-0.05,0.0,0.678,0.33,0.262,0.455,-0.428,-0.352,-0.394,0.294,0.314,-0.395,0.183,0.033,0.307,0.282,0.06,0.336,0.441,0.295,0.505,-0.29,-0.208,0.277,0.159,0.23,0.222,0.369,0.298,-0.033,-0.098,0.145,0.539,0.329,0.506,0.139,-0.153,0.44,0.409,0.198,-0.206,-0.062,0.322,0.183,-0.469,0.257,0.281,0.367,-0.609,-0.068,0.339,-0.397,0.342,0.282,-0.165,0.463,0.02,-0.396,0.229,0.281,0.086,0.539,0.459,-0.429,0.193,0.079,0.535,0.265,0.541,0.41,0.398,-0.187,0.389,-0.433,-0.045,0.14,-0.383,0.274,-0.62,-0.014,-0.293,-0.079,0.131,0.362,0.373,0.162,-0.119,0.365,0.398,-0.105,0.145,0.388,0.457,-0.288,-0.147,-0.125,-0.26,-0.671,-0.313,-0.227,0.317,0.347,0.491,-0.074,0.342,-0.341,0.378,0.296,0.299,0.528,0.408,0.317,0.498,-0.097,-0.424,0.487,-0.354,0.8,0.108,-0.456,0.044,0.326,0.125,0.297,-0.234,-0.065,0.365,0.335,0.575,0.215,0.082,0.173,0.064,0.451,0.147,-0.215,0.199,0.449,-0.056,0.251,0.452,0.408,0.375,-0.084,-0.224,0.493,0.479,0.534,0.465,0.335,-0.586,0.303,0.328,0.314,0.407,0.205,0.448,-0.082,0.188,0.307,-0.106,-0.438,0.237,0.147,0.24,-0.088,0.099,-0.51,0.131,0.428,0.269,0.389,0.392,0.335,-0.542,0.518,0.274,0.158,0.371,0.346,0.461,0.11,0.124,-0.374,0.37,0.153,0.164,0.543,0.204,0.449,0.38,0.463,0.296,0.389,-0.156
ALLK,-0.115,0.562,0.73,0.18,0.441,0.117,0.678,0.0,0.473,0.566,0.829,-0.354,-0.245,-0.775,0.055,0.755,-0.718,0.481,0.4,0.771,0.649,-0.015,0.685,0.773,0.675,0.852,-0.467,-0.137,0.651,0.456,0.654,0.572,0.755,0.72,0.37,0.191,0.455,0.656,0.718,0.879,0.57,-0.012,0.77,0.717,0.585,-0.526,-0.474,0.242,0.602,-0.791,0.693,0.677,0.744,-0.697,-0.422,0.635,-0.365,0.777,0.631,0.015,0.606,0.022,-0.608,0.608,0.616,-0.25,0.692,0.55,-0.418,-0.175,0.26,0.882,0.49,0.694,0.311,0.64,-0.006,0.737,-0.731,0.166,0.446,-0.526,0.581,-0.663,0.459,-0.619,0.073,0.629,0.707,0.813,0.507,-0.13,0.574,0.804,-0.063,0.284,0.8,0.788,-0.685,-0.217,0.205,-0.045,-0.814,-0.269,-0.471,0.651,0.782,0.859,-0.034,0.724,-0.459,0.749,0.695,0.205,0.845,0.783,0.676,0.868,0.162,-0.492,0.863,-0.647,0.579,-0.211,-0.758,0.129,0.742,0.324,0.647,-0.057,0.014,0.784,0.682,0.914,0.604,0.371,0.506,0.059,0.844,0.509,-0.325,0.546,0.678,-0.028,0.558,0.762,0.758,0.764,-0.471,0.073,0.787,0.866,0.39,0.753,0.708,-0.805,0.594,0.639,0.64,0.667,0.555,0.518,0.079,0.364,0.634,0.18,-0.416,0.639,0.344,0.142,-0.018,0.43,-0.687,0.53,0.584,0.669,0.781,0.752,0.72,-0.558,0.888,0.689,0.378,0.797,0.762,0.817,0.329,-0.156,-0.81,0.756,0.596,0.413,0.765,0.574,0.781,0.744,0.7,0.575,0.591,-0.505
AMD,0.488,0.453,0.705,0.245,0.785,0.329,0.33,0.473,0.0,0.644,0.56,0.266,0.158,-0.503,-0.073,0.545,-0.264,0.671,0.217,0.43,0.264,0.605,0.626,0.637,0.464,0.597,0.267,0.245,0.675,0.749,0.593,0.766,0.661,0.385,0.403,0.417,0.276,0.421,0.662,0.58,0.573,0.563,0.546,0.713,0.4,0.153,-0.13,0.606,0.457,-0.093,0.528,0.439,0.709,-0.143,0.2,0.701,0.426,0.455,0.394,0.485,0.347,0.02,0.288,0.334,0.406,-0.188,0.247,0.718,-0.022,-0.267,0.674,0.622,0.796,0.18,0.438,0.458,0.458,0.297,-0.127,0.53,0.602,0.084,0.638,-0.187,0.48,-0.165,0.254,0.577,0.544,0.472,0.634,0.527,0.658,0.455,0.496,0.391,0.681,0.52,-0.209,0.344,0.599,0.17,-0.189,0.366,0.032,0.783,0.65,0.644,0.332,0.606,0.349,0.743,0.414,0.741,0.559,0.675,0.62,0.426,0.475,0.351,0.56,0.041,0.401,0.016,0.015,0.614,0.534,0.63,0.724,0.549,0.703,0.615,0.722,0.548,0.401,0.794,0.453,0.256,0.567,0.636,0.411,0.635,0.444,0.343,0.721,0.676,0.728,0.353,-0.336,0.528,0.731,0.581,0.361,0.805,0.552,-0.187,0.372,0.683,0.725,0.492,0.562,0.694,0.566,0.858,0.039,0.46,0.104,0.679,0.296,0.685,0.069,0.569,-0.018,0.342,0.73,0.484,0.616,0.097,0.494,0.122,0.475,0.524,0.472,0.525,0.611,0.611,0.738,0.427,-0.242,0.7,0.418,0.475,0.298,0.333,0.443,0.502,0.648,0.574,0.242,0.216
AMWD,0.321,0.595,0.791,-0.232,0.759,0.494,0.262,0.566,0.644,0.0,0.754,0.057,0.23,-0.784,-0.078,0.737,-0.511,0.826,0.459,0.748,0.599,0.233,0.695,0.788,0.687,0.802,0.003,0.067,0.687,0.8,0.765,0.77,0.837,0.783,0.546,0.475,0.513,0.409,0.688,0.816,0.7,0.381,0.868,0.733,0.361,-0.286,-0.293,0.522,0.607,-0.394,0.743,0.65,0.845,-0.406,-0.273,0.871,0.276,0.646,0.714,0.528,0.544,0.407,-0.132,0.62,0.691,-0.237,0.175,0.589,-0.145,-0.378,0.561,0.8,0.737,0.549,0.052,0.517,0.343,0.64,-0.549,0.558,0.834,-0.182,0.78,-0.384,0.601,-0.472,0.278,0.835,0.527,0.659,0.733,0.326,0.625,0.68,0.405,0.704,0.862,0.515,-0.592,0.269,0.598,0.103,-0.36,0.151,-0.093,0.795,0.832,0.818,0.213,0.76,0.1,0.81,0.569,0.329,0.724,0.844,0.705,0.68,0.225,-0.037,0.795,-0.472,0.44,-0.234,-0.341,0.61,0.744,0.678,0.824,0.396,0.477,0.811,0.858,0.729,0.647,0.658,0.36,0.528,0.799,0.713,0.132,0.622,0.48,0.474,0.718,0.748,0.817,0.711,-0.584,0.306,0.716,0.834,0.296,0.751,0.742,-0.486,0.455,0.828,0.838,0.546,0.659,0.526,0.324,0.699,0.48,0.451,-0.03,0.835,0.44,0.344,0.136,0.598,-0.19,0.64,0.705,0.651,0.83,0.516,0.769,0.026,0.706,0.598,0.561,0.807,0.714,0.823,0.705,0.229,-0.577,0.817,0.591,0.715,0.55,0.594,0.634,0.711,0.707,0.587,0.426,-0.287
ARDX,0.227,0.516,0.903,0.065,0.698,0.442,0.455,0.829,0.56,0.754,0.0,-0.059,0.032,-0.878,-0.046,0.913,-0.746,0.755,0.562,0.889,0.729,0.164,0.826,0.862,0.804,0.921,-0.289,0.046,0.762,0.752,0.858,0.808,0.864,0.831,0.609,0.472,0.621,0.642,0.919,0.903,0.825,0.264,0.892,0.844,0.707,-0.519,-0.559,0.248,0.786,-0.653,0.859,0.823,0.904,-0.535,-0.423,0.796,-0.05,0.871,0.781,0.309,0.663,0.135,-0.411,0.747,0.775,-0.374,0.61,0.62,-0.352,-0.437,0.525,0.911,0.63,0.517,0.254,0.626,0.273,0.8,-0.616,0.504,0.757,-0.28,0.802,-0.468,0.727,-0.617,0.33,0.861,0.805,0.891,0.685,0.069,0.569,0.901,0.187,0.36,0.927,0.834,-0.689,-0.006,0.499,0.206,-0.579,0.004,-0.389,0.826,0.928,0.921,0.175,0.862,-0.222,0.89,0.816,0.25,0.96,0.923,0.834,0.877,0.354,-0.234,0.899,-0.573,0.42,-0.403,-0.606,0.377,0.895,0.586,0.864,0.237,0.211,0.94,0.869,0.895,0.765,0.646,0.651,0.084,0.92,0.752,-0.118,0.758,0.742,0.235,0.788,0.918,0.9,0.878,-0.678,0.291,0.868,0.943,0.266,0.853,0.859,-0.698,0.756,0.823,0.833,0.715,0.794,0.585,0.321,0.607,0.534,0.419,-0.189,0.865,0.484,0.24,0.131,0.595,-0.473,0.719,0.671,0.839,0.94,0.697,0.878,-0.386,0.875,0.855,0.556,0.907,0.908,0.913,0.602,-0.11,-0.82,0.867,0.797,0.627,0.712,0.707,0.811,0.852,0.816,0.742,0.634,-0.501
ARQT,0.768,-0.358,0.188,-0.117,0.341,0.334,-0.428,-0.354,0.266,0.057,-0.059,0.0,0.75,0.127,-0.573,0.069,-0.001,0.442,0.336,-0.067,0.05,0.67,0.317,-0.22,0.218,-0.094,0.786,0.832,0.094,0.468,0.233,0.389,-0.096,0.021,0.403,0.695,0.359,-0.119,0.189,-0.259,0.369,0.584,-0.197,0.182,0.28,0.191,-0.112,-0.121,0.239,0.595,0.214,0.21,0.053,0.695,0.038,0.178,0.694,0.029,0.203,0.592,0.122,0.218,0.718,0.226,0.218,-0.409,-0.398,-0.176,0.392,-0.542,0.682,-0.178,0.229,-0.63,0.275,-0.032,0.647,0.011,0.655,0.669,0.343,0.672,0.311,0.713,0.35,0.237,0.281,0.203,0.022,-0.054,0.393,0.747,-0.241,0.013,0.563,-0.072,-0.008,0.053,0.323,0.738,0.609,0.761,0.629,0.903,-0.112,0.167,0.045,-0.138,0.657,0.24,0.625,0.152,0.204,0.092,-0.104,0.018,0.29,-0.317,0.533,0.859,-0.241,0.574,-0.5,-0.238,0.629,0.586,0.133,0.479,0.287,0.85,0.539,0.03,0.194,-0.278,0.277,0.529,0.332,-0.272,-0.023,0.392,0.704,0.415,0.213,0.241,0.393,-0.003,0.025,-0.05,-0.416,0.74,-0.054,-0.158,-0.426,0.068,0.232,0.554,0.221,0.243,0.192,0.055,0.413,0.172,0.408,0.507,-0.364,0.519,0.775,0.243,-0.066,0.266,0.613,0.406,0.679,0.276,-0.005,0.28,0.028,-0.49,0.115,0.269,-0.267,0.17,0.387,-0.004,0.151,-0.1,0.513,0.12,0.233,0.032,0.211,0.305,-0.388,0.254,0.0,0.137,-0.037,0.031,0.223,0.159
ASTE,0.586,-0.131,0.253,-0.472,0.388,0.495,-0.352,-0.245,0.158,0.23,0.032,0.75,0.0,-0.09,-0.617,0.158,-0.246,0.557,0.431,0.05,0.322,0.516,0.383,-0.147,0.403,0.035,0.637,0.696,-0.088,0.496,0.317,0.384,-0.043,0.262,0.388,0.83,0.627,0.057,0.17,-0.099,0.508,0.505,-0.013,0.269,0.229,-0.045,-0.148,-0.126,0.242,0.479,0.326,0.404,0.177,0.418,-0.194,0.401,0.6,0.099,0.475,0.551,0.419,0.658,0.461,0.447,0.495,-0.412,-0.517,-0.222,0.214,-0.616,0.642,-0.078,0.21,-0.423,0.225,0.041,0.55,0.284,0.435,0.768,0.505,0.509,0.521,0.639,0.496,0.114,0.164,0.338,-0.028,0.057,0.443,0.717,-0.379,0.161,0.676,0.163,0.088,0.055,0.067,0.799,0.62,0.697,0.542,0.845,-0.187,0.174,0.136,-0.01,0.733,0.329,0.504,0.225,0.323,-0.187,-0.039,0.099,0.372,-0.162,0.299,0.65,-0.078,0.32,-0.374,-0.403,0.498,0.692,0.273,0.555,0.415,0.781,0.292,0.127,0.301,-0.199,0.47,0.47,0.23,-0.196,0.168,0.486,0.649,0.436,0.342,0.371,0.521,0.052,0.062,0.153,-0.541,0.517,-0.083,-0.004,-0.381,0.012,0.34,0.315,0.343,0.292,0.273,0.158,0.506,0.036,0.153,0.523,-0.07,0.432,0.859,0.378,-0.067,0.141,0.765,0.335,0.523,0.483,0.092,0.384,0.166,-0.309,0.363,0.254,-0.157,0.213,0.429,0.168,0.239,0.004,0.538,0.044,0.048,0.067,0.232,0.555,-0.348,0.481,0.115,0.285,0.082,-0.007,0.447,-0.125
AUPH,-0.149,-0.567,-0.855,0.063,-0.663,-0.373,-0.394,-0.775,-0.503,-0.784,-0.878,0.127,-0.09,0.0,0.129,-0.876,0.738,-0.752,-0.532,-0.855,-0.691,-0.039,-0.747,-0.837,-0.758,-0.869,0.347,0.102,-0.68,-0.676,-0.818,-0.745,-0.852,-0.836,-0.61,-0.431,-0.592,-0.588,-0.807,-0.911,-0.775,-0.208,-0.914,-0.765,-0.68,0.569,0.527,-0.289,-0.727,0.689,-0.822,-0.782,-0.895,0.683,0.44,-0.835,0.073,-0.81,-0.758,-0.318,-0.636,-0.259,0.471,-0.725,-0.76,0.319,-0.525,-0.552,0.419,0.436,-0.448,-0.874,-0.57,-0.597,-0.156,-0.583,-0.249,-0.778,0.654,-0.449,-0.754,0.364,-0.771,0.528,-0.71,0.662,-0.258,-0.857,-0.745,-0.852,-0.596,-0.052,-0.575,-0.844,-0.239,-0.51,-0.917,-0.786,0.789,-0.011,-0.451,-0.042,0.56,0.063,0.324,-0.804,-0.913,-0.907,-0.123,-0.803,0.242,-0.844,-0.733,-0.129,-0.869,-0.884,-0.765,-0.863,-0.159,0.283,-0.899,0.646,-0.441,0.465,0.622,-0.321,-0.834,-0.507,-0.849,-0.174,-0.178,-0.918,-0.809,-0.823,-0.727,-0.576,-0.551,-0.187,-0.917,-0.75,0.118,-0.711,-0.626,-0.179,-0.726,-0.861,-0.849,-0.862,0.652,-0.188,-0.841,-0.905,-0.237,-0.763,-0.797,0.792,-0.616,-0.771,-0.808,-0.664,-0.704,-0.485,-0.313,-0.554,-0.615,-0.411,0.18,-0.846,-0.411,-0.089,-0.037,-0.495,0.482,-0.698,-0.7,-0.748,-0.908,-0.71,-0.858,0.29,-0.841,-0.777,-0.461,-0.878,-0.859,-0.889,-0.528,0.114,0.798,-0.826,-0.743,-0.665,-0.709,-0.664,-0.772,-0.784,-0.797,-0.633,-0.586,0.517
AVXL,-0.395,0.291,-0.314,0.317,-0.08,-0.121,0.294,0.055,-0.073,-0.078,-0.046,-0.573,-0.617,0.129,0.0,-0.292,0.395,-0.365,-0.506,-0.22,-0.297,-0.192,-0.449,0.16,-0.43,-0.17,-0.327,-0.609,-0.125,-0.329,-0.37,-0.391,0.035,-0.284,-0.411,-0.641,-0.538,-0.072,-0.157,0.041,-0.451,-0.332,0.045,-0.28,-0.418,0.276,0.429,0.332,-0.364,-0.11,-0.421,-0.415,-0.209,-0.327,0.379,-0.213,-0.264,-0.333,-0.393,-0.363,-0.255,-0.221,-0.137,-0.493,-0.406,0.74,0.236,0.278,-0.026,0.673,-0.522,0.022,-0.233,0.333,-0.315,-0.183,-0.419,-0.328,-0.229,-0.435,-0.267,-0.265,-0.338,-0.399,-0.379,0.24,-0.104,-0.333,-0.152,-0.238,-0.329,-0.401,0.259,-0.272,-0.252,0.196,-0.165,-0.253,0.197,-0.414,-0.444,-0.67,-0.234,-0.55,0.5,-0.181,-0.234,-0.123,-0.431,-0.406,-0.157,-0.288,-0.439,0.335,-0.052,-0.192,-0.392,0.003,-0.397,-0.355,-0.023,-0.13,0.564,0.557,-0.146,-0.206,-0.362,-0.441,-0.342,-0.581,-0.108,-0.216,-0.256,0.021,-0.476,-0.364,-0.471,0.416,-0.225,-0.366,-0.25,-0.454,-0.315,0.243,-0.361,-0.013,-0.13,-0.243,0.607,-0.588,-0.037,-0.049,0.42,-0.065,-0.401,-0.189,-0.195,-0.295,-0.167,-0.252,-0.46,-0.079,-0.03,-0.275,-0.021,-0.421,-0.503,-0.336,0.195,0.066,-0.599,-0.457,-0.167,-0.475,0.038,-0.445,-0.212,0.058,-0.285,0.164,-0.058,-0.361,-0.395,-0.255,-0.345,-0.132,-0.295,0.314,0.191,-0.159,-0.351,-0.211,0.07,-0.493,-0.32,-0.397,0.098,0.297,-0.402,0.352
AZTA,0.333,0.332,0.933,-0.027,0.646,0.303,0.314,0.755,0.545,0.737,0.913,0.069,0.158,-0.876,-0.292,0.0,-0.847,0.805,0.743,0.952,0.741,0.162,0.9,0.745,0.902,0.94,-0.268,0.198,0.823,0.766,0.968,0.887,0.811,0.899,0.79,0.598,0.739,0.514,0.858,0.838,0.89,0.315,0.828,0.828,0.795,-0.672,-0.758,0.065,0.929,-0.662,0.958,0.918,0.887,-0.396,-0.516,0.761,-0.068,0.953,0.831,0.48,0.716,0.179,-0.398,0.871,0.86,-0.622,0.498,0.418,-0.349,-0.688,0.602,0.847,0.692,0.453,0.29,0.578,0.458,0.866,-0.563,0.576,0.768,-0.22,0.834,-0.368,0.81,-0.731,0.422,0.935,0.809,0.964,0.69,0.161,0.502,0.958,0.191,0.291,0.945,0.872,-0.783,0.092,0.638,0.325,-0.567,0.104,-0.525,0.861,0.965,0.923,0.283,0.932,-0.155,0.924,0.911,0.078,0.922,0.941,0.926,0.797,0.48,-0.159,0.852,-0.532,0.258,-0.611,-0.581,0.326,0.944,0.625,0.897,0.374,0.245,0.958,0.906,0.846,0.883,0.707,0.814,-0.029,0.935,0.835,-0.079,0.887,0.707,0.07,0.813,0.849,0.913,0.938,-0.807,0.472,0.854,0.916,-0.0,0.859,0.927,-0.606,0.695,0.908,0.787,0.678,0.884,0.659,0.302,0.618,0.637,0.63,-0.047,0.899,0.515,0.121,0.277,0.778,-0.39,0.871,0.527,0.918,0.926,0.73,0.893,-0.447,0.883,0.948,0.497,0.962,0.968,0.929,0.61,-0.259,-0.863,0.842,0.917,0.663,0.753,0.842,0.909,0.89,0.682,0.616,0.638,-0.578
BAND,-0.086,-0.215,-0.753,0.229,-0.387,-0.148,-0.395,-0.718,-0.264,-0.511,-0.746,-0.001,-0.246,0.738,0.395,-0.847,0.0,-0.649,-0.755,-0.827,-0.813,-0.081,-0.848,-0.459,-0.908,-0.825,0.312,-0.254,-0.498,-0.548,-0.822,-0.675,-0.515,-0.885,-0.673,-0.6,-0.857,-0.49,-0.655,-0.672,-0.773,-0.085,-0.623,-0.702,-0.723,0.816,0.809,0.2,-0.814,0.636,-0.877,-0.923,-0.669,0.358,0.724,-0.611,0.294,-0.861,-0.869,-0.304,-0.834,-0.311,0.55,-0.924,-0.894,0.684,-0.351,-0.106,0.431,0.676,-0.473,-0.677,-0.437,-0.418,-0.367,-0.562,-0.311,-0.945,0.505,-0.499,-0.589,0.295,-0.74,0.276,-0.649,0.718,-0.243,-0.75,-0.597,-0.871,-0.59,-0.077,-0.144,-0.919,-0.115,-0.111,-0.74,-0.784,0.729,-0.109,-0.482,-0.369,0.599,-0.094,0.798,-0.582,-0.771,-0.766,-0.251,-0.849,0.338,-0.744,-0.908,0.286,-0.765,-0.736,-0.861,-0.677,-0.311,0.297,-0.691,0.536,-0.163,0.647,0.585,-0.232,-0.858,-0.491,-0.737,-0.252,0.06,-0.774,-0.726,-0.696,-0.906,-0.441,-0.714,0.302,-0.838,-0.663,0.17,-0.761,-0.783,0.067,-0.68,-0.627,-0.668,-0.907,0.842,-0.323,-0.606,-0.764,0.124,-0.623,-0.876,0.606,-0.699,-0.729,-0.592,-0.63,-0.794,-0.496,0.079,-0.385,-0.715,-0.476,-0.016,-0.717,-0.354,0.111,-0.488,-0.669,0.435,-0.882,-0.278,-0.881,-0.759,-0.69,-0.854,0.691,-0.779,-0.824,-0.438,-0.867,-0.854,-0.744,-0.41,0.492,0.874,-0.628,-0.803,-0.608,-0.643,-0.91,-0.895,-0.873,-0.5,-0.354,-0.802,0.808
BECN,0.624,0.36,0.867,-0.189,0.872,0.559,0.183,0.481,0.671,0.826,0.755,0.442,0.557,-0.752,-0.365,0.805,-0.649,0.0,0.671,0.703,0.649,0.519,0.858,0.63,0.826,0.757,0.223,0.432,0.651,0.928,0.877,0.909,0.726,0.778,0.762,0.825,0.77,0.439,0.805,0.67,0.906,0.549,0.719,0.827,0.637,-0.344,-0.478,0.293,0.786,-0.19,0.849,0.82,0.818,-0.148,-0.302,0.893,0.392,0.702,0.822,0.707,0.705,0.473,0.063,0.781,0.847,-0.468,0.136,0.432,-0.113,-0.68,0.844,0.693,0.725,0.234,0.324,0.47,0.66,0.716,-0.202,0.849,0.907,0.143,0.927,-0.036,0.833,-0.378,0.474,0.887,0.626,0.707,0.835,0.58,0.391,0.755,0.609,0.514,0.815,0.68,-0.469,0.561,0.827,0.487,-0.152,0.532,-0.274,0.839,0.826,0.735,0.57,0.865,0.251,0.854,0.758,0.235,0.721,0.806,0.88,0.539,0.476,0.287,0.65,-0.199,0.213,-0.465,-0.114,0.753,0.817,0.787,0.949,0.706,0.534,0.826,0.898,0.577,0.834,0.86,0.639,0.124,0.803,0.924,0.395,0.881,0.692,0.456,0.928,0.775,0.79,0.739,-0.782,0.608,0.713,0.738,0.005,0.765,0.853,-0.335,0.672,0.89,0.87,0.57,0.894,0.631,0.48,0.868,0.367,0.699,0.368,0.902,0.445,0.369,0.468,0.738,0.063,0.808,0.633,0.834,0.825,0.324,0.847,-0.048,0.589,0.762,0.624,0.803,0.844,0.741,0.846,0.1,-0.532,0.768,0.77,0.837,0.401,0.773,0.694,0.777,0.722,0.615,0.663,-0.314
BFC,0.444,-0.052,0.619,-0.181,0.381,0.104,0.033,0.4,0.217,0.459,0.562,0.336,0.431,-0.532,-0.506,0.743,-0.755,0.671,0.0,0.685,0.587,0.255,0.728,0.231,0.804,0.602,-0.035,0.504,0.534,0.545,0.782,0.67,0.38,0.725,0.783,0.693,0.806,0.148,0.56,0.409,0.741,0.221,0.422,0.573,0.645,-0.685,-0.788,-0.307,0.831,-0.361,0.8,0.812,0.495,0.018,-0.553,0.49,-0.063,0.726,0.733,0.574,0.663,0.301,-0.21,0.841,0.783,-0.719,0.131,-0.099,-0.148,-0.791,0.566,0.414,0.412,0.082,0.243,0.294,0.603,0.752,-0.165,0.63,0.563,0.076,0.647,0.062,0.69,-0.491,0.468,0.716,0.485,0.705,0.611,0.317,0.056,0.753,0.214,0.051,0.58,0.618,-0.478,0.331,0.667,0.541,-0.256,0.355,-0.602,0.515,0.632,0.535,0.507,0.743,0.004,0.598,0.806,-0.261,0.561,0.582,0.76,0.37,0.572,0.037,0.408,-0.214,-0.071,-0.658,-0.281,0.284,0.708,0.481,0.647,0.502,0.144,0.613,0.64,0.424,0.843,0.527,0.717,-0.25,0.624,0.691,0.032,0.778,0.582,-0.013,0.614,0.424,0.53,0.728,-0.785,0.525,0.439,0.533,-0.43,0.516,0.762,-0.296,0.588,0.705,0.442,0.371,0.787,0.514,0.095,0.447,0.53,0.695,0.276,0.616,0.444,-0.111,0.635,0.761,-0.029,0.867,0.072,0.793,0.582,0.479,0.667,-0.439,0.558,0.772,0.334,0.698,0.726,0.578,0.432,-0.416,-0.604,0.48,0.799,0.56,0.493,0.85,0.719,0.68,0.27,0.357,0.621,-0.585
BGC,0.171,0.335,0.888,-0.126,0.535,0.269,0.307,0.771,0.43,0.748,0.889,-0.067,0.05,-0.855,-0.22,0.952,-0.827,0.703,0.685,0.0,0.812,-0.027,0.844,0.752,0.886,0.932,-0.369,0.132,0.782,0.694,0.916,0.788,0.809,0.925,0.712,0.469,0.702,0.508,0.779,0.848,0.803,0.229,0.847,0.736,0.708,-0.712,-0.729,0.029,0.865,-0.765,0.928,0.878,0.856,-0.452,-0.642,0.702,-0.139,0.94,0.833,0.342,0.677,0.155,-0.544,0.862,0.829,-0.611,0.493,0.399,-0.337,-0.593,0.473,0.861,0.65,0.541,0.126,0.624,0.261,0.889,-0.713,0.442,0.711,-0.389,0.763,-0.483,0.707,-0.822,0.3,0.905,0.764,0.951,0.641,0.001,0.502,0.944,0.08,0.278,0.929,0.81,-0.877,-0.066,0.496,0.266,-0.644,-0.056,-0.559,0.759,0.945,0.92,0.102,0.903,-0.319,0.883,0.875,-0.011,0.894,0.93,0.858,0.855,0.331,-0.328,0.89,-0.697,0.267,-0.597,-0.711,0.247,0.941,0.587,0.812,0.234,0.139,0.936,0.86,0.887,0.852,0.579,0.718,0.049,0.924,0.695,-0.25,0.75,0.64,0.009,0.691,0.797,0.883,0.956,-0.778,0.368,0.804,0.927,0.036,0.786,0.901,-0.628,0.636,0.847,0.736,0.702,0.785,0.528,0.188,0.463,0.719,0.488,-0.207,0.85,0.425,0.051,0.235,0.707,-0.523,0.832,0.481,0.877,0.906,0.839,0.872,-0.494,0.897,0.876,0.522,0.966,0.898,0.932,0.535,-0.298,-0.923,0.813,0.86,0.597,0.801,0.818,0.908,0.895,0.634,0.54,0.61,-0.68
BHF,0.064,0.295,0.767,-0.295,0.434,0.466,0.282,0.649,0.264,0.599,0.729,0.05,0.322,-0.691,-0.297,0.741,-0.813,0.649,0.587,0.812,0.0,0.023,0.8,0.558,0.873,0.747,-0.138,0.308,0.414,0.658,0.74,0.607,0.577,0.87,0.497,0.592,0.846,0.657,0.655,0.665,0.76,0.274,0.685,0.637,0.613,-0.626,-0.539,-0.065,0.637,-0.507,0.813,0.851,0.728,-0.345,-0.772,0.694,-0.012,0.753,0.93,0.132,0.794,0.39,-0.461,0.872,0.866,-0.565,0.288,0.271,-0.214,-0.523,0.467,0.706,0.462,0.35,0.17,0.638,0.053,0.919,-0.545,0.515,0.667,-0.333,0.76,-0.27,0.641,-0.686,-0.004,0.751,0.579,0.751,0.644,0.055,0.119,0.825,0.227,0.196,0.718,0.669,-0.731,0.057,0.357,0.484,-0.421,0.127,-0.649,0.534,0.753,0.719,0.164,0.823,-0.363,0.745,0.849,-0.195,0.677,0.74,0.774,0.753,0.141,-0.235,0.755,-0.625,0.161,-0.589,-0.541,0.456,0.881,0.627,0.719,0.286,-0.027,0.746,0.724,0.705,0.842,0.45,0.546,-0.085,0.821,0.546,-0.137,0.603,0.766,0.121,0.684,0.639,0.674,0.854,-0.805,0.302,0.535,0.756,0.05,0.528,0.847,-0.449,0.762,0.65,0.661,0.758,0.731,0.207,0.014,0.396,0.612,0.214,0.02,0.759,0.061,0.058,0.52,0.494,-0.435,0.772,0.449,0.843,0.78,0.629,0.903,-0.438,0.655,0.674,0.723,0.827,0.741,0.705,0.541,-0.261,-0.813,0.603,0.636,0.66,0.483,0.831,0.773,0.899,0.578,0.352,0.822,-0.76
BHFAL,0.681,0.026,0.282,0.072,0.561,0.312,0.06,-0.015,0.605,0.233,0.164,0.67,0.516,-0.039,-0.192,0.162,-0.081,0.519,0.255,-0.027,0.023,0.0,0.377,0.058,0.247,0.116,0.638,0.559,0.237,0.537,0.287,0.483,0.098,0.095,0.333,0.569,0.296,0.046,0.383,0.017,0.392,0.496,0.027,0.405,0.189,0.291,-0.06,0.214,0.258,0.455,0.24,0.258,0.214,0.405,0.299,0.371,0.575,0.058,0.212,0.609,0.298,0.209,0.679,0.19,0.245,-0.134,-0.196,0.203,0.277,-0.342,0.659,0.09,0.361,-0.329,0.46,0.016,0.662,0.058,0.496,0.677,0.433,0.56,0.41,0.446,0.314,0.342,0.369,0.23,0.055,0.049,0.54,0.73,0.041,0.126,0.663,0.139,0.169,0.169,0.335,0.722,0.631,0.436,0.309,0.756,0.057,0.334,0.163,0.1,0.683,0.289,0.696,0.283,0.217,0.46,0.152,0.17,0.388,-0.137,0.606,0.743,-0.041,0.546,0.039,0.044,0.535,0.66,0.179,0.503,0.431,0.729,0.586,0.139,0.367,-0.031,0.25,0.58,0.246,-0.083,0.126,0.482,0.725,0.489,0.333,0.449,0.553,0.24,0.218,0.019,-0.241,0.521,0.195,0.072,-0.076,0.386,0.285,0.241,0.312,0.374,0.369,0.052,0.451,0.501,0.364,0.729,-0.285,0.493,0.598,0.296,0.232,0.48,0.432,0.416,0.525,0.246,0.239,0.273,0.156,-0.389,0.222,0.21,-0.055,0.226,0.283,0.115,0.274,0.078,0.576,0.356,0.189,0.202,0.221,0.453,-0.189,0.246,0.063,0.169,0.253,0.376,0.227,0.318
BKNG,0.432,0.263,0.936,-0.104,0.683,0.374,0.336,0.685,0.626,0.695,0.826,0.317,0.383,-0.747,-0.449,0.9,-0.848,0.858,0.728,0.844,0.8,0.377,0.0,0.608,0.946,0.879,0.035,0.494,0.707,0.847,0.929,0.923,0.689,0.859,0.744,0.77,0.847,0.572,0.832,0.718,0.919,0.434,0.695,0.876,0.795,-0.517,-0.678,0.081,0.861,-0.432,0.959,0.937,0.854,-0.195,-0.535,0.802,0.12,0.893,0.9,0.508,0.788,0.268,-0.183,0.914,0.902,-0.704,0.33,0.368,-0.26,-0.715,0.793,0.765,0.725,0.264,0.48,0.676,0.487,0.872,-0.357,0.721,0.791,-0.083,0.9,-0.177,0.767,-0.621,0.302,0.878,0.724,0.862,0.804,0.387,0.354,0.914,0.345,0.203,0.867,0.843,-0.617,0.318,0.713,0.555,-0.394,0.378,-0.64,0.805,0.895,0.842,0.448,0.983,-0.039,0.93,0.933,0.103,0.811,0.879,0.968,0.677,0.525,0.064,0.752,-0.336,0.158,-0.549,-0.362,0.548,0.943,0.786,0.924,0.593,0.341,0.881,0.908,0.743,0.923,0.781,0.813,-0.154,0.899,0.831,0.127,0.902,0.842,0.117,0.891,0.776,0.842,0.858,-0.902,0.637,0.761,0.822,0.012,0.819,0.98,-0.42,0.773,0.899,0.813,0.762,0.93,0.641,0.28,0.732,0.473,0.614,0.153,0.907,0.324,0.269,0.527,0.826,-0.254,0.873,0.542,0.966,0.876,0.506,0.903,-0.436,0.76,0.889,0.714,0.903,0.941,0.835,0.743,-0.177,-0.76,0.823,0.83,0.695,0.559,0.895,0.889,0.955,0.65,0.513,0.788,-0.545
BL,0.124,0.673,0.805,0.114,0.702,0.479,0.441,0.773,0.637,0.788,0.862,-0.22,-0.147,-0.837,0.16,0.745,-0.459,0.63,0.231,0.752,0.558,0.058,0.608,0.0,0.558,0.807,-0.307,-0.223,0.733,0.681,0.683,0.672,0.947,0.664,0.396,0.223,0.308,0.635,0.801,0.91,0.622,0.281,0.909,0.713,0.492,-0.258,-0.253,0.556,0.549,-0.601,0.645,0.561,0.879,-0.656,-0.193,0.774,0.065,0.667,0.556,0.192,0.42,0.09,-0.339,0.467,0.528,-0.068,0.612,0.837,-0.305,-0.152,0.377,0.93,0.643,0.64,0.072,0.57,0.087,0.555,-0.707,0.284,0.675,-0.383,0.652,-0.618,0.57,-0.529,0.18,0.741,0.726,0.72,0.564,-0.015,0.775,0.677,0.178,0.564,0.876,0.68,-0.654,-0.118,0.317,-0.083,-0.545,-0.166,-0.04,0.808,0.842,0.868,-0.036,0.668,-0.167,0.805,0.544,0.463,0.828,0.856,0.623,0.86,0.141,-0.242,0.904,-0.628,0.582,-0.175,-0.564,0.362,0.723,0.494,0.748,0.081,0.308,0.852,0.769,0.87,0.485,0.575,0.411,0.382,0.812,0.607,-0.092,0.539,0.478,0.324,0.653,0.901,0.872,0.683,-0.387,0.153,0.864,0.889,0.492,0.795,0.638,-0.658,0.527,0.69,0.834,0.621,0.539,0.456,0.449,0.562,0.431,0.237,-0.323,0.776,0.376,0.367,-0.218,0.368,-0.492,0.437,0.83,0.579,0.854,0.608,0.715,-0.088,0.772,0.624,0.454,0.763,0.72,0.843,0.558,0.178,-0.648,0.834,0.557,0.54,0.625,0.407,0.607,0.651,0.86,0.713,0.382,-0.239
BOKF,0.333,0.249,0.879,-0.235,0.595,0.33,0.295,0.675,0.464,0.687,0.804,0.218,0.403,-0.758,-0.43,0.902,-0.908,0.826,0.804,0.886,0.873,0.247,0.946,0.558,0.0,0.869,-0.085,0.447,0.63,0.77,0.929,0.841,0.637,0.928,0.771,0.742,0.928,0.512,0.755,0.704,0.899,0.343,0.697,0.808,0.752,-0.67,-0.745,-0.064,0.876,-0.515,0.965,0.979,0.791,-0.24,-0.651,0.76,0.011,0.896,0.957,0.472,0.842,0.351,-0.332,0.978,0.961,-0.737,0.276,0.235,-0.272,-0.751,0.685,0.736,0.653,0.331,0.357,0.627,0.441,0.958,-0.435,0.689,0.755,-0.151,0.885,-0.182,0.761,-0.69,0.309,0.893,0.679,0.888,0.752,0.277,0.252,0.943,0.305,0.217,0.837,0.798,-0.711,0.273,0.664,0.526,-0.459,0.295,-0.686,0.712,0.869,0.812,0.408,0.96,-0.147,0.874,0.957,-0.096,0.799,0.846,0.952,0.681,0.425,-0.073,0.744,-0.45,0.144,-0.669,-0.453,0.475,0.953,0.714,0.878,0.499,0.194,0.86,0.878,0.723,0.983,0.672,0.77,-0.142,0.897,0.785,0.021,0.864,0.822,0.073,0.83,0.724,0.785,0.92,-0.91,0.528,0.696,0.819,-0.103,0.739,0.967,-0.473,0.75,0.866,0.741,0.707,0.907,0.579,0.154,0.61,0.629,0.595,0.143,0.868,0.348,0.114,0.592,0.79,-0.289,0.94,0.425,0.961,0.855,0.621,0.925,-0.483,0.761,0.878,0.614,0.929,0.922,0.822,0.659,-0.299,-0.829,0.744,0.855,0.725,0.602,0.967,0.909,0.94,0.601,0.463,0.82,-0.683
BRKR,0.187,0.491,0.914,-0.057,0.643,0.273,0.505,0.852,0.597,0.802,0.921,-0.094,0.035,-0.869,-0.17,0.94,-0.825,0.757,0.602,0.932,0.747,0.116,0.879,0.807,0.869,0.0,-0.308,0.086,0.794,0.732,0.9,0.836,0.847,0.899,0.655,0.475,0.667,0.572,0.805,0.917,0.793,0.22,0.871,0.85,0.67,-0.597,-0.636,0.244,0.824,-0.71,0.911,0.857,0.9,-0.519,-0.497,0.793,-0.11,0.915,0.816,0.381,0.706,0.179,-0.462,0.813,0.821,-0.504,0.508,0.527,-0.416,-0.512,0.545,0.921,0.724,0.631,0.292,0.688,0.3,0.861,-0.694,0.466,0.724,-0.347,0.81,-0.543,0.659,-0.733,0.286,0.88,0.765,0.93,0.685,0.103,0.607,0.935,0.154,0.384,0.96,0.834,-0.791,0.031,0.536,0.177,-0.687,-0.006,-0.496,0.842,0.954,0.97,0.164,0.916,-0.227,0.929,0.839,0.166,0.931,0.952,0.883,0.847,0.333,-0.284,0.917,-0.617,0.429,-0.437,-0.64,0.332,0.917,0.623,0.869,0.262,0.255,0.949,0.904,0.922,0.82,0.634,0.688,0.101,0.953,0.745,-0.127,0.777,0.711,0.098,0.768,0.859,0.917,0.914,-0.729,0.357,0.879,0.961,0.222,0.878,0.911,-0.687,0.628,0.893,0.819,0.719,0.788,0.673,0.209,0.594,0.663,0.49,-0.195,0.871,0.48,0.198,0.19,0.719,-0.497,0.781,0.611,0.858,0.938,0.754,0.877,-0.47,0.933,0.858,0.532,0.965,0.925,0.96,0.592,-0.154,-0.869,0.896,0.804,0.628,0.786,0.786,0.908,0.901,0.739,0.593,0.644,-0.56
CACC,0.553,-0.183,-0.045,-0.013,0.265,0.328,-0.29,-0.467,0.267,0.003,-0.289,0.786,0.637,0.347,-0.327,-0.268,0.312,0.223,-0.035,-0.369,-0.138,0.638,0.035,-0.307,-0.085,-0.308,0.0,0.656,-0.157,0.296,-0.097,0.128,-0.216,-0.263,-0.061,0.43,0.081,-0.061,-0.071,-0.377,0.075,0.572,-0.307,0.016,-0.122,0.548,0.382,0.18,-0.188,0.804,-0.122,-0.125,-0.101,0.624,0.337,0.111,0.773,-0.296,-0.016,0.327,-0.038,0.277,0.858,-0.096,-0.04,-0.023,-0.52,-0.032,0.464,-0.12,0.488,-0.319,0.187,-0.614,0.271,-0.13,0.342,-0.249,0.719,0.467,0.147,0.671,0.136,0.666,0.041,0.48,-0.018,-0.1,-0.184,-0.377,0.192,0.721,-0.258,-0.298,0.536,0.013,-0.228,-0.24,0.529,0.696,0.322,0.541,0.735,0.784,0.225,-0.017,-0.203,-0.326,0.525,-0.032,0.674,-0.05,-0.13,0.314,-0.333,-0.182,-0.027,-0.437,0.252,0.834,-0.358,0.687,-0.288,0.134,0.79,0.625,-0.134,0.373,0.062,0.68,0.49,-0.229,0.007,-0.396,-0.05,0.356,-0.056,0.029,-0.242,0.105,0.778,0.071,0.031,0.356,0.201,-0.179,-0.154,-0.352,-0.049,0.446,-0.237,-0.337,-0.074,-0.114,-0.06,0.668,0.022,-0.0,0.044,-0.017,0.114,-0.013,0.288,0.429,-0.52,0.123,0.688,0.02,-0.288,0.503,0.468,0.093,0.699,-0.082,0.1,-0.038,-0.171,-0.702,-0.105,0.512,-0.466,-0.179,0.343,-0.264,-0.159,-0.277,0.419,0.487,0.522,-0.145,-0.221,0.12,-0.558,-0.067,-0.274,-0.09,-0.093,-0.116,0.037,0.457
CAR,0.629,-0.425,0.298,-0.154,0.252,0.206,-0.208,-0.137,0.245,0.067,0.046,0.832,0.696,0.102,-0.609,0.198,-0.254,0.432,0.504,0.132,0.308,0.559,0.494,-0.223,0.447,0.086,0.656,0.0,0.131,0.477,0.363,0.444,-0.082,0.194,0.432,0.723,0.575,0.038,0.206,-0.184,0.442,0.537,-0.152,0.266,0.343,-0.029,-0.303,-0.293,0.368,0.375,0.376,0.401,0.11,0.643,-0.227,0.191,0.47,0.231,0.412,0.485,0.363,0.225,0.471,0.461,0.406,-0.644,-0.304,-0.23,0.291,-0.618,0.698,-0.077,0.334,-0.543,0.407,0.148,0.533,0.278,0.475,0.652,0.321,0.498,0.415,0.582,0.358,-0.006,0.194,0.272,0.13,0.13,0.438,0.636,-0.298,0.223,0.392,-0.261,0.086,0.219,0.114,0.632,0.569,0.881,0.372,0.805,-0.428,0.165,0.153,-0.001,0.632,0.419,0.39,0.282,0.431,-0.049,0.02,0.143,0.45,-0.176,0.555,0.654,-0.109,0.422,-0.432,-0.366,0.403,0.534,0.325,0.573,0.336,0.819,0.369,0.118,0.312,-0.089,0.482,0.515,0.489,-0.423,0.128,0.365,0.509,0.48,0.402,0.022,0.438,0.026,0.134,0.148,-0.557,0.771,0.014,-0.024,-0.444,0.163,0.418,0.46,0.362,0.358,0.182,0.239,0.531,0.256,0.188,0.462,-0.124,0.486,0.649,0.307,-0.098,0.28,0.842,0.571,0.446,0.453,-0.069,0.472,0.131,-0.257,0.253,-0.076,-0.086,0.313,0.5,0.177,0.278,0.052,0.529,-0.049,-0.018,0.096,0.318,0.298,-0.17,0.492,0.258,0.361,-0.05,-0.024,0.43,-0.111
CDNA,0.415,0.259,0.793,0.237,0.61,0.165,0.277,0.651,0.675,0.687,0.762,0.094,-0.088,-0.68,-0.125,0.823,-0.498,0.651,0.534,0.782,0.414,0.237,0.707,0.733,0.63,0.794,-0.157,0.131,0.0,0.694,0.798,0.809,0.802,0.637,0.661,0.345,0.376,0.332,0.76,0.734,0.654,0.365,0.708,0.698,0.605,-0.343,-0.539,0.269,0.778,-0.55,0.744,0.626,0.767,-0.276,-0.178,0.602,0.05,0.772,0.502,0.489,0.418,-0.072,-0.169,0.56,0.544,-0.442,0.503,0.542,-0.142,-0.449,0.541,0.768,0.752,0.394,0.213,0.459,0.451,0.538,-0.462,0.42,0.621,-0.143,0.612,-0.403,0.59,-0.542,0.448,0.761,0.719,0.772,0.584,0.188,0.704,0.72,0.116,0.263,0.841,0.715,-0.565,0.026,0.556,0.177,-0.497,0.052,-0.246,0.824,0.835,0.804,0.173,0.747,0.034,0.809,0.652,0.402,0.807,0.839,0.727,0.649,0.575,-0.04,0.722,-0.359,0.304,-0.305,-0.44,0.248,0.721,0.545,0.733,0.34,0.475,0.806,0.788,0.788,0.593,0.691,0.674,0.18,0.728,0.677,-0.05,0.731,0.407,0.028,0.632,0.749,0.854,0.668,-0.525,0.483,0.836,0.783,0.127,0.868,0.714,-0.439,0.414,0.813,0.678,0.515,0.692,0.731,0.434,0.61,0.411,0.603,-0.189,0.727,0.535,0.294,0.026,0.734,-0.284,0.591,0.511,0.676,0.763,0.578,0.61,-0.278,0.763,0.78,0.386,0.766,0.778,0.826,0.571,0.008,-0.602,0.796,0.74,0.451,0.714,0.536,0.703,0.65,0.558,0.638,0.279,-0.204
CG,0.635,0.317,0.893,-0.121,0.874,0.662,0.159,0.456,0.749,0.8,0.752,0.468,0.496,-0.676,-0.329,0.766,-0.548,0.928,0.545,0.694,0.658,0.537,0.847,0.681,0.77,0.732,0.296,0.477,0.694,0.0,0.848,0.918,0.752,0.715,0.663,0.779,0.687,0.516,0.826,0.639,0.878,0.67,0.703,0.8,0.601,-0.199,-0.389,0.33,0.711,-0.133,0.807,0.757,0.852,-0.076,-0.254,0.862,0.529,0.667,0.771,0.63,0.629,0.38,0.145,0.711,0.765,-0.472,0.16,0.568,-0.036,-0.613,0.868,0.709,0.81,0.135,0.317,0.527,0.555,0.639,-0.207,0.82,0.917,0.122,0.906,-0.051,0.786,-0.361,0.362,0.851,0.629,0.665,0.836,0.562,0.417,0.698,0.594,0.422,0.809,0.655,-0.442,0.484,0.765,0.547,-0.081,0.542,-0.219,0.841,0.821,0.722,0.499,0.846,0.299,0.879,0.725,0.373,0.704,0.826,0.842,0.56,0.531,0.353,0.667,-0.179,0.191,-0.412,-0.074,0.798,0.827,0.886,0.928,0.739,0.574,0.812,0.911,0.615,0.752,0.908,0.624,0.12,0.762,0.842,0.408,0.823,0.638,0.466,0.925,0.791,0.837,0.669,-0.731,0.657,0.715,0.729,0.081,0.775,0.826,-0.205,0.674,0.861,0.889,0.647,0.864,0.576,0.526,0.896,0.232,0.594,0.31,0.918,0.31,0.513,0.433,0.709,0.014,0.713,0.695,0.806,0.827,0.264,0.819,0.006,0.54,0.738,0.743,0.766,0.798,0.737,0.912,0.182,-0.484,0.749,0.686,0.794,0.339,0.692,0.641,0.779,0.712,0.611,0.594,-0.211
CGBD,0.468,0.264,0.943,-0.128,0.714,0.348,0.23,0.654,0.593,0.765,0.858,0.233,0.317,-0.818,-0.37,0.968,-0.822,0.877,0.782,0.916,0.74,0.287,0.929,0.683,0.929,0.9,-0.097,0.363,0.798,0.848,0.0,0.939,0.777,0.89,0.848,0.715,0.8,0.464,0.839,0.76,0.931,0.431,0.768,0.837,0.778,-0.602,-0.74,0.067,0.94,-0.519,0.969,0.93,0.868,-0.236,-0.49,0.79,0.093,0.917,0.861,0.602,0.735,0.268,-0.247,0.898,0.892,-0.675,0.356,0.381,-0.281,-0.765,0.732,0.79,0.749,0.349,0.319,0.544,0.576,0.853,-0.441,0.695,0.822,-0.099,0.888,-0.227,0.849,-0.672,0.464,0.958,0.762,0.914,0.754,0.311,0.454,0.926,0.313,0.306,0.921,0.839,-0.716,0.271,0.754,0.448,-0.436,0.275,-0.505,0.855,0.943,0.873,0.405,0.951,-0.002,0.932,0.912,0.092,0.859,0.923,0.959,0.697,0.539,0.01,0.78,-0.413,0.189,-0.636,-0.424,0.463,0.946,0.723,0.932,0.54,0.353,0.932,0.947,0.767,0.92,0.794,0.83,-0.046,0.898,0.882,0.096,0.931,0.7,0.15,0.872,0.826,0.905,0.9,-0.847,0.6,0.82,0.863,-0.094,0.852,0.94,-0.466,0.697,0.946,0.816,0.66,0.929,0.69,0.358,0.713,0.585,0.718,0.126,0.925,0.497,0.215,0.408,0.845,-0.241,0.909,0.513,0.937,0.907,0.616,0.893,-0.356,0.802,0.931,0.54,0.943,0.957,0.895,0.714,-0.214,-0.788,0.814,0.925,0.723,0.653,0.878,0.887,0.888,0.664,0.589,0.66,-0.52
