,ACET,ADAP,ADI,ADPT,ADTN,AGEN,ALGN,ALLK,AMD,AMWD,ARDX,ARQT,ASTE,AUPH,AVXL,AZTA,BAND,BECN,BFC,BGC,BHF,BHFAL,BKNG,BL,BOKF,BRKR,CACC,CAR,CDNA,CG,CGBD,CHI,CHTR,CHX,CLNE,CME,CNOB,CNXN,CPRX,CSGP,CSGS,CSIQ,CVCO,CVLT,CYRX,DDOG,DOOO,DSGX,DTIL,ECPG,EEFT,EFSC,ENTG,ESPR,ETSY,EXC,FAMI,FFIV,FITB,FIZZ,FMBH,FOX,FTNT,FULT,GABC,GEN,GH,GMAB,GNPX,GO,GOGL,GOOG,GPRO,GSHD,GSM,GWAV,HAIN,HBAN,HEPA,HURN,HWKN,IBIO,ICFI,IGMS,IMKTA,INCY,INO,IRDM,IRTC,IRWD,ITCI,JACK,JD,JJSF,KALA,KHC,KLAC,KRRO,KRYS,LANC,LBTYA,LIVN,LKCO,LNTH,LOGI,LPRO,LRCX,LSCC,LSTR,MAR,MARA,MCHP,MEOH,META,MGTX,MKSI,MMYT,MORN,MRUS,MTLS,MTSI,MVIS,MXL,NBIX,NFE,NMIH,NMRK,NNDM,NSIT,NTCT,NVAX,OCUL,ODP,OLED,ONB,OTEX,PACB,PATK,PAYX,PEP,PERI,PI,PLYA,PRDO,PRGS,PTGX,QCOM,QCRH,QDEL,QFIN,RGEN,RILY,RPAY,RPD,SABR,SEDG,SHEN,SIRI,SLNO,SNDL,SNEX,SONO,SPT,SSNC,STGW,STKL,STRL,STX,SWTX,SYNA,TFSL,TIGR,TNXP,TOWN,TRI,TRIP,TRMB,TRNS,TRS,TSCO,TSEM,TVTX,TXRH,VC,VCEL,VECO,VIAV,VICR,VIR,VRTX,VSTM,VTRS,WDFC,WSBC,WSC,WYNN,XENE,XNCR,XRAY,ZS
ACET,0.0,0.77,0.772,0.721,0.745,0.683,0.82,0.676,0.647,0.381,0.802,0.343,-0.018,0.712,0.775,0.887,0.66,0.87,-0.166,0.714,0.34,0.618,0.679,0.73,0.431,0.666,0.681,0.573,0.788,0.695,0.779,0.721,0.683,0.65,0.795,0.495,0.682,0.698,0.722,0.538,0.799,0.71,0.693,0.639,0.786,0.858,0.843,0.835,0.78,0.614,0.598,0.581,0.773,0.733,0.748,0.563,-0.201,0.796,0.714,0.671,0.553,0.718,0.34,0.367,0.688,0.744,0.774,0.727,0.177,-0.171,0.721,0.81,0.843,0.785,0.604,0.444,0.387,0.582,-0.25,0.797,0.795,0.358,0.433,-0.119,0.397,0.632,0.594,0.398,0.796,0.555,0.787,0.794,0.573,0.645,0.819,0.782,0.785,0.468,0.749,0.688,0.642,0.737,-0.438,0.666,0.795,0.636,0.611,0.809,0.694,0.78,0.053,0.794,0.503,0.783,0.737,0.839,0.641,0.811,0.672,0.823,0.779,0.51,0.726,0.693,0.729,0.556,0.445,0.111,0.841,0.299,0.591,0.716,0.844,0.735,0.618,0.622,0.703,0.761,0.696,0.574,0.35,0.851,0.769,0.771,0.817,0.585,0.712,0.747,0.715,0.21,0.686,0.654,0.81,0.666,0.576,0.835,0.811,0.829,0.593,-0.218,0.619,0.663,0.651,0.811,0.324,0.727,0.576,0.384,0.65,0.761,0.314,0.625,0.171,0.59,0.698,0.804,0.674,0.651,0.536,0.755,0.788,0.15,0.692,0.757,0.816,0.779,0.709,0.719,0.051,0.497,-0.099,0.803,-0.032,0.345,0.695,0.82,0.562,0.364,0.818,0.549
ADAP,0.77,0.0,0.812,0.683,0.673,0.917,0.827,0.881,0.915,0.21,0.901,0.353,-0.303,0.924,0.847,0.831,0.864,0.725,-0.349,0.673,0.09,0.787,0.66,0.905,0.257,0.634,0.626,0.346,0.747,0.577,0.756,0.89,0.91,0.42,0.539,0.635,0.496,0.493,0.889,0.605,0.874,0.718,0.395,0.681,0.677,0.879,0.66,0.927,0.928,0.615,0.483,0.305,0.835,0.86,0.913,0.621,-0.094,0.741,0.651,0.813,0.383,0.716,0.435,0.034,0.439,0.733,0.799,0.831,0.014,-0.123,0.877,0.889,0.737,0.612,0.553,0.412,0.482,0.377,-0.566,0.687,0.671,0.053,0.119,0.136,0.178,0.882,0.537,0.603,0.889,0.623,0.833,0.876,0.837,0.596,0.801,0.895,0.84,0.147,0.829,0.671,0.751,0.713,-0.701,0.836,0.884,0.749,0.755,0.841,0.694,0.753,-0.173,0.789,0.272,0.827,0.815,0.774,0.467,0.877,0.68,0.674,0.841,0.537,0.773,0.826,0.807,0.226,0.301,0.32,0.813,0.247,0.828,0.557,0.644,0.768,0.426,0.827,0.646,0.596,0.722,0.773,0.496,0.802,0.897,0.716,0.837,0.621,0.839,0.566,0.697,-0.067,0.76,0.586,0.75,0.852,0.468,0.766,0.691,0.757,0.735,-0.107,0.4,0.573,0.496,0.884,-0.056,0.856,0.218,0.531,0.625,0.663,0.199,0.776,0.469,0.39,0.846,0.739,0.58,0.443,0.236,0.774,0.812,0.094,0.688,0.664,0.872,0.74,0.715,0.498,-0.028,0.839,0.338,0.773,-0.299,0.106,0.446,0.855,0.703,0.209,0.767,0.747
ADI,0.772,0.812,0.0,0.585,0.87,0.764,0.943,0.869,0.82,0.509,0.841,0.493,-0.009,0.806,0.872,0.898,0.906,0.879,0.028,0.886,0.466,0.862,0.827,0.9,0.641,0.92,0.797,0.649,0.889,0.876,0.877,0.883,0.891,0.691,0.731,0.798,0.762,0.801,0.866,0.761,0.953,0.925,0.719,0.869,0.861,0.886,0.852,0.934,0.836,0.705,0.798,0.585,0.966,0.821,0.921,0.809,0.099,0.942,0.888,0.897,0.734,0.909,0.504,0.358,0.675,0.875,0.752,0.901,0.235,0.116,0.834,0.939,0.872,0.698,0.688,0.346,0.372,0.702,-0.382,0.914,0.825,0.148,0.535,0.184,0.552,0.836,0.668,0.746,0.807,0.564,0.941,0.905,0.744,0.631,0.751,0.953,0.98,0.303,0.844,0.575,0.934,0.938,-0.597,0.797,0.891,0.727,0.901,0.931,0.917,0.923,0.226,0.985,0.622,0.949,0.866,0.958,0.851,0.893,0.742,0.757,0.981,0.451,0.972,0.918,0.921,0.593,0.548,0.151,0.949,0.6,0.685,0.764,0.854,0.937,0.698,0.82,0.679,0.863,0.943,0.87,0.599,0.865,0.852,0.885,0.973,0.656,0.941,0.784,0.719,0.209,0.801,0.648,0.895,0.773,0.762,0.961,0.815,0.936,0.728,-0.202,0.673,0.853,0.523,0.951,-0.019,0.808,0.408,0.599,0.852,0.916,0.065,0.661,0.232,0.683,0.921,0.855,0.889,0.585,0.557,0.897,0.975,0.395,0.914,0.91,0.884,0.931,0.95,0.722,0.167,0.735,0.072,0.858,-0.179,0.462,0.66,0.956,0.815,0.509,0.829,0.668
ADPT,0.721,0.683,0.585,0.0,0.572,0.749,0.586,0.611,0.607,-0.069,0.798,0.154,-0.159,0.699,0.701,0.812,0.576,0.648,-0.483,0.429,-0.055,0.421,0.292,0.655,0.046,0.4,0.29,0.243,0.787,0.407,0.652,0.485,0.629,0.36,0.656,0.246,0.405,0.426,0.672,0.159,0.551,0.371,0.455,0.609,0.601,0.811,0.721,0.653,0.705,0.179,0.289,0.305,0.519,0.693,0.661,0.217,-0.319,0.658,0.49,0.422,0.166,0.413,0.059,0.022,0.58,0.739,0.876,0.707,0.288,-0.079,0.55,0.579,0.694,0.855,0.306,0.637,0.738,0.296,-0.378,0.555,0.721,0.515,0.138,-0.269,0.434,0.633,0.762,0.286,0.798,0.615,0.579,0.711,0.526,0.175,0.796,0.622,0.609,0.385,0.749,0.639,0.407,0.596,-0.562,0.438,0.767,0.6,0.317,0.517,0.503,0.5,-0.075,0.549,0.181,0.647,0.594,0.626,0.399,0.778,0.809,0.733,0.597,0.445,0.532,0.475,0.57,0.17,0.104,-0.163,0.65,-0.104,0.596,0.417,0.655,0.425,0.329,0.409,0.781,0.516,0.575,0.341,-0.061,0.784,0.705,0.538,0.608,0.154,0.491,0.407,0.877,0.303,0.816,0.267,0.758,0.751,0.21,0.609,0.798,0.655,0.297,-0.488,0.311,0.382,0.739,0.629,0.153,0.784,0.482,-0.007,0.584,0.68,0.495,0.695,-0.083,0.278,0.467,0.54,0.431,0.543,0.147,0.793,0.557,0.068,0.52,0.474,0.765,0.492,0.472,0.673,0.286,0.508,-0.087,0.495,0.134,0.116,0.511,0.636,0.311,0.281,0.527,0.563
ADTN,0.745,0.673,0.87,0.572,0.0,0.691,0.87,0.724,0.621,0.401,0.718,0.461,0.157,0.67,0.721,0.809,0.803,0.847,0.088,0.815,0.47,0.674,0.695,0.738,0.654,0.872,0.734,0.619,0.857,0.764,0.812,0.71,0.721,0.717,0.813,0.653,0.791,0.805,0.782,0.514,0.807,0.752,0.733,0.838,0.766,0.824,0.824,0.802,0.705,0.606,0.786,0.65,0.849,0.792,0.813,0.649,-0.027,0.893,0.88,0.697,0.721,0.821,0.37,0.455,0.811,0.812,0.747,0.859,0.214,0.215,0.66,0.767,0.833,0.729,0.437,0.406,0.485,0.742,-0.378,0.863,0.82,0.202,0.675,0.195,0.608,0.744,0.728,0.616,0.742,0.515,0.849,0.849,0.523,0.531,0.747,0.844,0.828,0.353,0.737,0.55,0.793,0.856,-0.593,0.607,0.819,0.59,0.707,0.773,0.839,0.812,0.289,0.86,0.659,0.821,0.757,0.9,0.794,0.796,0.74,0.728,0.851,0.309,0.842,0.849,0.836,0.597,0.428,-0.089,0.896,0.515,0.658,0.663,0.862,0.769,0.766,0.705,0.749,0.864,0.891,0.667,0.39,0.825,0.737,0.835,0.888,0.499,0.721,0.794,0.718,0.35,0.73,0.473,0.805,0.652,0.634,0.877,0.827,0.825,0.495,-0.319,0.546,0.634,0.628,0.854,0.104,0.752,0.468,0.427,0.829,0.83,0.141,0.575,0.046,0.714,0.756,0.715,0.836,0.697,0.62,0.832,0.827,0.441,0.878,0.835,0.843,0.768,0.834,0.758,0.277,0.609,-0.043,0.779,-0.054,0.578,0.706,0.849,0.636,0.562,0.772,0.492
AGEN,0.683,0.917,0.764,0.749,0.691,0.0,0.794,0.89,0.887,0.058,0.891,0.377,-0.354,0.941,0.849,0.793,0.882,0.658,-0.418,0.622,-0.004,0.764,0.513,0.893,0.182,0.589,0.477,0.236,0.792,0.478,0.722,0.822,0.899,0.381,0.554,0.565,0.471,0.455,0.929,0.426,0.792,0.594,0.362,0.774,0.654,0.888,0.639,0.869,0.906,0.465,0.42,0.257,0.765,0.905,0.918,0.509,-0.11,0.718,0.647,0.722,0.329,0.62,0.273,-0.052,0.47,0.738,0.869,0.891,0.126,-0.07,0.777,0.813,0.715,0.681,0.396,0.557,0.635,0.355,-0.67,0.638,0.677,0.045,0.102,0.142,0.279,0.919,0.688,0.58,0.92,0.608,0.804,0.881,0.781,0.394,0.795,0.861,0.793,0.151,0.876,0.629,0.694,0.71,-0.769,0.771,0.914,0.733,0.663,0.73,0.64,0.67,-0.134,0.726,0.236,0.819,0.8,0.718,0.425,0.882,0.792,0.633,0.808,0.428,0.741,0.789,0.806,0.104,0.201,0.115,0.791,0.163,0.902,0.435,0.591,0.643,0.404,0.749,0.723,0.559,0.739,0.671,0.378,0.823,0.855,0.694,0.792,0.45,0.732,0.501,0.794,-0.016,0.835,0.445,0.753,0.898,0.34,0.712,0.718,0.702,0.606,-0.215,0.268,0.492,0.605,0.855,-0.07,0.925,0.19,0.349,0.687,0.658,0.234,0.764,0.323,0.336,0.779,0.62,0.565,0.506,0.134,0.818,0.741,0.174,0.718,0.596,0.901,0.629,0.671,0.524,0.161,0.866,0.396,0.676,-0.185,0.112,0.462,0.808,0.612,0.254,0.661,0.713
ALGN,0.82,0.827,0.943,0.586,0.87,0.794,0.0,0.845,0.784,0.53,0.794,0.546,0.002,0.816,0.881,0.891,0.889,0.888,0.006,0.895,0.484,0.854,0.842,0.867,0.638,0.878,0.813,0.68,0.86,0.835,0.839,0.9,0.849,0.689,0.752,0.761,0.794,0.8,0.872,0.728,0.95,0.877,0.711,0.84,0.869,0.887,0.834,0.94,0.847,0.776,0.828,0.626,0.956,0.847,0.913,0.814,0.015,0.912,0.901,0.853,0.752,0.924,0.478,0.422,0.721,0.802,0.783,0.888,0.147,0.073,0.81,0.915,0.873,0.685,0.622,0.371,0.338,0.731,-0.396,0.905,0.836,0.147,0.555,0.196,0.494,0.808,0.631,0.654,0.826,0.532,0.936,0.909,0.685,0.7,0.755,0.934,0.942,0.291,0.824,0.657,0.894,0.886,-0.624,0.802,0.876,0.665,0.865,0.917,0.869,0.938,0.149,0.954,0.621,0.914,0.892,0.941,0.786,0.872,0.703,0.772,0.942,0.436,0.945,0.918,0.901,0.577,0.571,0.17,0.951,0.579,0.748,0.745,0.866,0.909,0.749,0.825,0.723,0.872,0.928,0.81,0.636,0.886,0.833,0.914,0.966,0.699,0.869,0.847,0.679,0.13,0.723,0.717,0.863,0.774,0.789,0.94,0.813,0.884,0.699,-0.098,0.657,0.81,0.599,0.972,0.14,0.793,0.43,0.635,0.798,0.856,0.16,0.631,0.277,0.712,0.9,0.839,0.893,0.666,0.593,0.846,0.927,0.397,0.938,0.901,0.889,0.899,0.913,0.702,0.184,0.701,0.12,0.882,-0.093,0.489,0.712,0.942,0.802,0.49,0.897,0.607
ALLK,0.676,0.881,0.869,0.611,0.724,0.89,0.845,0.0,0.901,0.297,0.899,0.5,-0.373,0.885,0.885,0.796,0.917,0.758,-0.284,0.801,0.233,0.896,0.63,0.936,0.399,0.702,0.673,0.451,0.812,0.666,0.872,0.921,0.925,0.543,0.601,0.691,0.642,0.615,0.957,0.639,0.875,0.75,0.523,0.847,0.773,0.889,0.742,0.899,0.929,0.668,0.553,0.413,0.833,0.889,0.952,0.708,0.095,0.816,0.765,0.905,0.522,0.716,0.301,0.141,0.522,0.799,0.805,0.912,0.133,-0.176,0.817,0.87,0.798,0.664,0.542,0.436,0.443,0.548,-0.603,0.78,0.719,0.067,0.248,0.256,0.313,0.902,0.648,0.785,0.877,0.511,0.891,0.886,0.808,0.494,0.783,0.922,0.877,0.126,0.901,0.585,0.885,0.842,-0.699,0.902,0.883,0.798,0.781,0.8,0.782,0.805,-0.102,0.851,0.384,0.903,0.83,0.778,0.578,0.909,0.787,0.674,0.921,0.437,0.832,0.889,0.932,0.339,0.467,0.236,0.891,0.414,0.835,0.581,0.653,0.787,0.555,0.765,0.626,0.696,0.792,0.774,0.56,0.843,0.86,0.795,0.864,0.531,0.833,0.631,0.749,-0.006,0.817,0.601,0.79,0.903,0.538,0.819,0.666,0.84,0.817,-0.055,0.364,0.667,0.439,0.906,-0.12,0.889,0.318,0.511,0.766,0.718,0.149,0.674,0.356,0.509,0.87,0.748,0.729,0.468,0.298,0.861,0.852,0.286,0.801,0.762,0.912,0.743,0.833,0.596,0.027,0.804,0.323,0.833,-0.289,0.294,0.581,0.914,0.752,0.311,0.78,0.746
AMD,0.647,0.915,0.82,0.607,0.621,0.887,0.784,0.901,0.0,0.146,0.891,0.235,-0.45,0.923,0.857,0.789,0.887,0.633,-0.396,0.633,0.01,0.861,0.645,0.963,0.193,0.632,0.578,0.277,0.736,0.553,0.719,0.916,0.964,0.296,0.406,0.689,0.41,0.426,0.905,0.656,0.866,0.714,0.324,0.673,0.607,0.863,0.584,0.918,0.91,0.581,0.455,0.162,0.839,0.816,0.933,0.615,0.019,0.709,0.577,0.855,0.311,0.675,0.512,-0.102,0.287,0.796,0.769,0.845,-0.004,-0.08,0.909,0.905,0.654,0.54,0.574,0.415,0.457,0.299,-0.609,0.632,0.628,-0.004,0.048,0.125,0.134,0.931,0.534,0.659,0.886,0.569,0.82,0.885,0.949,0.489,0.738,0.897,0.863,0.097,0.848,0.693,0.792,0.72,-0.737,0.858,0.869,0.76,0.836,0.823,0.705,0.75,-0.153,0.77,0.15,0.852,0.822,0.748,0.469,0.889,0.691,0.622,0.853,0.528,0.774,0.832,0.809,0.162,0.288,0.407,0.769,0.217,0.846,0.478,0.576,0.796,0.307,0.868,0.601,0.515,0.734,0.809,0.481,0.734,0.912,0.62,0.823,0.599,0.879,0.438,0.692,-0.078,0.772,0.472,0.741,0.909,0.459,0.75,0.602,0.763,0.759,-0.07,0.314,0.602,0.469,0.867,-0.211,0.843,0.09,0.51,0.615,0.66,0.186,0.837,0.416,0.263,0.853,0.74,0.578,0.269,0.098,0.787,0.805,-0.02,0.676,0.631,0.855,0.704,0.726,0.434,-0.014,0.901,0.42,0.709,-0.243,-0.005,0.335,0.861,0.698,0.116,0.683,0.88
AMWD,0.381,0.21,0.509,-0.069,0.401,0.058,0.53,0.297,0.146,0.0,0.129,0.635,0.4,0.151,0.321,0.338,0.263,0.616,0.623,0.731,0.916,0.413,0.743,0.236,0.869,0.592,0.771,0.869,0.272,0.784,0.465,0.43,0.197,0.708,0.435,0.549,0.703,0.728,0.196,0.737,0.526,0.71,0.659,0.358,0.576,0.225,0.513,0.383,0.24,0.74,0.765,0.788,0.531,0.144,0.265,0.787,0.413,0.514,0.67,0.535,0.851,0.683,0.386,0.833,0.538,0.185,0.043,0.21,0.187,-0.007,0.346,0.413,0.54,0.161,0.628,-0.24,-0.454,0.78,0.324,0.662,0.391,0.126,0.695,0.158,0.368,0.051,-0.021,0.436,0.052,0.101,0.419,0.208,0.098,0.65,0.228,0.366,0.477,0.174,0.18,0.122,0.595,0.528,0.173,0.392,0.164,0.186,0.523,0.504,0.586,0.613,0.268,0.613,0.712,0.393,0.438,0.498,0.693,0.212,0.034,0.355,0.482,0.131,0.544,0.47,0.413,0.836,0.842,0.226,0.509,0.871,0.006,0.775,0.532,0.626,0.744,0.331,0.037,0.684,0.469,0.494,0.744,0.363,0.229,0.645,0.463,0.602,0.494,0.776,-0.052,0.003,0.016,0.787,0.344,0.099,0.815,0.558,0.294,0.512,0.503,0.336,0.797,0.724,-0.073,0.426,0.248,0.06,0.506,0.681,0.354,0.456,-0.089,-0.094,0.289,0.836,0.513,0.541,0.678,0.39,0.842,0.25,0.595,0.613,0.556,0.709,0.204,0.697,0.668,0.415,-0.018,0.002,-0.3,0.636,-0.191,0.758,0.626,0.463,0.651,0.541,0.636,-0.013
ARDX,0.802,0.901,0.841,0.798,0.718,0.891,0.794,0.899,0.891,0.129,0.0,0.303,-0.359,0.902,0.891,0.885,0.847,0.772,-0.418,0.687,0.075,0.773,0.564,0.927,0.239,0.647,0.567,0.341,0.865,0.617,0.841,0.83,0.916,0.487,0.662,0.592,0.532,0.562,0.915,0.527,0.842,0.695,0.514,0.762,0.751,0.946,0.787,0.897,0.926,0.494,0.439,0.333,0.794,0.855,0.913,0.534,-0.087,0.811,0.66,0.805,0.365,0.634,0.282,0.025,0.517,0.879,0.88,0.899,0.213,-0.193,0.839,0.87,0.797,0.803,0.584,0.566,0.626,0.403,-0.533,0.738,0.758,0.231,0.165,0.013,0.357,0.881,0.732,0.593,0.941,0.647,0.843,0.9,0.826,0.449,0.849,0.898,0.865,0.336,0.913,0.668,0.738,0.808,-0.668,0.793,0.938,0.795,0.684,0.804,0.741,0.735,-0.04,0.804,0.321,0.883,0.801,0.795,0.55,0.943,0.849,0.766,0.876,0.533,0.768,0.768,0.858,0.294,0.301,0.172,0.852,0.181,0.768,0.566,0.698,0.728,0.434,0.719,0.701,0.642,0.75,0.707,0.309,0.871,0.905,0.711,0.839,0.475,0.806,0.543,0.88,0.137,0.916,0.512,0.849,0.899,0.417,0.82,0.8,0.863,0.707,-0.285,0.404,0.614,0.583,0.874,-0.079,0.927,0.362,0.31,0.757,0.772,0.246,0.809,0.215,0.397,0.795,0.792,0.616,0.491,0.233,0.893,0.818,0.095,0.7,0.693,0.935,0.73,0.727,0.672,0.092,0.778,0.177,0.765,-0.165,0.136,0.531,0.88,0.596,0.278,0.696,0.796
ARQT,0.343,0.353,0.493,0.154,0.461,0.377,0.546,0.5,0.235,0.635,0.303,0.0,0.099,0.323,0.493,0.382,0.451,0.584,0.327,0.702,0.681,0.52,0.445,0.336,0.648,0.477,0.559,0.622,0.447,0.598,0.572,0.463,0.293,0.635,0.554,0.39,0.691,0.721,0.431,0.42,0.452,0.516,0.633,0.63,0.661,0.369,0.552,0.425,0.437,0.554,0.602,0.702,0.478,0.408,0.405,0.652,0.267,0.505,0.696,0.476,0.709,0.51,-0.035,0.609,0.632,0.256,0.325,0.437,0.397,-0.072,0.277,0.39,0.622,0.401,0.361,0.127,-0.064,0.714,-0.075,0.635,0.509,-0.002,0.545,0.263,0.472,0.259,0.337,0.489,0.273,0.129,0.5,0.334,0.136,0.427,0.306,0.414,0.49,0.228,0.43,0.127,0.553,0.558,-0.083,0.505,0.36,0.344,0.407,0.442,0.512,0.514,0.149,0.569,0.641,0.5,0.483,0.47,0.536,0.351,0.376,0.324,0.511,0.096,0.534,0.479,0.573,0.54,0.647,-0.122,0.574,0.651,0.265,0.535,0.421,0.46,0.708,0.252,0.284,0.665,0.488,0.361,0.632,0.538,0.263,0.707,0.463,0.399,0.383,0.74,0.267,0.079,0.301,0.669,0.435,0.329,0.532,0.531,0.434,0.461,0.444,0.215,0.486,0.514,0.16,0.476,0.299,0.374,0.522,0.446,0.531,0.476,0.034,-0.007,0.183,0.752,0.511,0.393,0.609,0.633,0.655,0.424,0.542,0.723,0.629,0.638,0.401,0.573,0.633,0.524,0.208,0.174,-0.03,0.607,-0.134,0.71,0.679,0.467,0.543,0.582,0.568,-0.032
ASTE,-0.018,-0.303,-0.009,-0.159,0.157,-0.354,0.002,-0.373,-0.45,0.4,-0.359,0.099,0.0,-0.318,-0.33,-0.085,-0.215,0.086,0.747,0.04,0.516,-0.33,0.167,-0.362,0.508,0.234,0.143,0.339,-0.086,0.235,-0.137,-0.298,-0.319,0.327,0.178,0.089,0.223,0.213,-0.357,-0.015,-0.081,0.1,0.241,-0.039,0.017,-0.236,0.05,-0.206,-0.401,-0.036,0.346,0.45,-0.009,-0.236,-0.282,0.116,0.055,0.075,0.199,-0.229,0.392,0.213,0.175,0.575,0.36,-0.167,-0.292,-0.222,0.109,0.515,-0.253,-0.178,-0.019,-0.107,-0.021,-0.309,-0.189,0.314,0.444,0.126,-0.004,0.104,0.586,0.193,0.393,-0.351,-0.128,-0.122,-0.374,0.046,-0.132,-0.211,-0.452,0.159,-0.128,-0.15,-0.115,0.079,-0.336,-0.296,-0.066,-0.001,0.34,-0.422,-0.201,-0.262,-0.092,-0.059,0.075,-0.026,0.509,0.038,0.524,-0.196,-0.151,0.069,0.278,-0.287,-0.287,0.005,-0.125,-0.109,0.021,-0.08,-0.183,0.39,0.105,-0.301,-0.044,0.422,-0.37,0.248,0.234,-0.018,0.369,-0.119,-0.075,0.208,0.102,-0.006,0.024,-0.136,-0.287,0.127,-0.026,0.015,-0.102,0.266,-0.288,0.254,-0.268,0.027,-0.094,-0.497,0.248,0.003,0.094,-0.071,-0.352,-0.186,0.429,0.113,-0.086,-0.126,0.18,-0.36,0.174,0.127,0.023,0.095,-0.216,-0.372,-0.157,0.406,-0.095,-0.094,0.177,0.253,0.564,-0.162,-0.005,0.497,0.077,0.093,-0.256,0.098,0.033,0.09,0.253,-0.33,-0.534,-0.08,0.064,0.518,0.159,-0.162,0.031,0.513,0.034,-0.412
AUPH,0.712,0.924,0.806,0.699,0.67,0.941,0.816,0.885,0.923,0.151,0.902,0.323,-0.318,0.0,0.853,0.8,0.874,0.664,-0.349,0.644,0.042,0.775,0.606,0.915,0.227,0.638,0.533,0.271,0.765,0.551,0.708,0.86,0.936,0.387,0.507,0.676,0.443,0.454,0.905,0.565,0.857,0.695,0.35,0.728,0.668,0.876,0.631,0.906,0.893,0.504,0.438,0.247,0.815,0.853,0.921,0.577,-0.05,0.724,0.635,0.786,0.354,0.675,0.423,-0.049,0.412,0.749,0.801,0.857,0.089,-0.104,0.836,0.877,0.698,0.619,0.532,0.441,0.534,0.34,-0.584,0.651,0.633,-0.001,0.084,0.155,0.26,0.902,0.6,0.583,0.89,0.643,0.816,0.865,0.837,0.504,0.776,0.888,0.832,0.152,0.838,0.622,0.74,0.727,-0.703,0.79,0.913,0.756,0.751,0.809,0.684,0.705,-0.09,0.773,0.274,0.831,0.832,0.74,0.47,0.87,0.711,0.664,0.843,0.518,0.771,0.811,0.8,0.158,0.257,0.273,0.791,0.244,0.863,0.527,0.615,0.723,0.392,0.817,0.633,0.547,0.748,0.776,0.45,0.783,0.871,0.698,0.822,0.551,0.823,0.497,0.729,-0.058,0.806,0.521,0.747,0.867,0.414,0.74,0.696,0.741,0.682,-0.168,0.377,0.596,0.519,0.872,-0.152,0.866,0.141,0.448,0.673,0.686,0.136,0.763,0.429,0.342,0.838,0.694,0.582,0.417,0.171,0.795,0.8,0.147,0.698,0.625,0.866,0.704,0.702,0.494,0.113,0.883,0.374,0.703,-0.264,0.07,0.404,0.83,0.682,0.267,0.69,0.803
AVXL,0.775,0.847,0.872,0.701,0.721,0.849,0.881,0.885,0.857,0.321,0.891,0.493,-0.33,0.853,0.0,0.906,0.86,0.821,-0.276,0.787,0.25,0.881,0.667,0.919,0.373,0.701,0.641,0.484,0.891,0.698,0.839,0.878,0.87,0.522,0.697,0.601,0.657,0.695,0.906,0.621,0.86,0.762,0.639,0.827,0.822,0.911,0.803,0.927,0.926,0.63,0.633,0.435,0.852,0.835,0.905,0.663,0.0,0.819,0.75,0.811,0.526,0.72,0.271,0.174,0.585,0.826,0.882,0.906,0.295,-0.135,0.818,0.897,0.864,0.784,0.601,0.557,0.438,0.553,-0.45,0.804,0.837,0.202,0.304,-0.011,0.426,0.84,0.721,0.651,0.905,0.524,0.899,0.893,0.783,0.53,0.753,0.867,0.922,0.385,0.927,0.702,0.803,0.828,-0.637,0.878,0.896,0.745,0.786,0.858,0.766,0.858,0.01,0.857,0.404,0.94,0.899,0.856,0.676,0.924,0.843,0.737,0.903,0.541,0.857,0.788,0.879,0.419,0.473,0.122,0.892,0.312,0.737,0.587,0.732,0.819,0.541,0.735,0.749,0.749,0.828,0.687,0.49,0.897,0.878,0.793,0.875,0.599,0.826,0.681,0.821,0.126,0.844,0.639,0.882,0.92,0.613,0.886,0.798,0.871,0.726,-0.1,0.516,0.709,0.653,0.909,0.147,0.894,0.44,0.439,0.778,0.828,0.329,0.733,0.162,0.507,0.838,0.814,0.748,0.581,0.351,0.891,0.852,0.217,0.835,0.806,0.914,0.81,0.839,0.715,0.137,0.717,0.229,0.807,0.011,0.283,0.649,0.924,0.671,0.349,0.766,0.653
AZTA,0.887,0.831,0.898,0.812,0.809,0.793,0.891,0.796,0.789,0.338,0.885,0.382,-0.085,0.8,0.906,0.0,0.81,0.89,-0.213,0.771,0.291,0.763,0.699,0.859,0.428,0.754,0.669,0.569,0.939,0.759,0.859,0.797,0.826,0.613,0.792,0.565,0.698,0.734,0.838,0.574,0.862,0.767,0.719,0.79,0.83,0.942,0.892,0.919,0.878,0.594,0.686,0.528,0.863,0.833,0.875,0.614,-0.136,0.898,0.785,0.75,0.559,0.789,0.362,0.281,0.703,0.889,0.901,0.877,0.268,0.025,0.797,0.886,0.91,0.856,0.592,0.533,0.513,0.608,-0.364,0.854,0.897,0.383,0.44,-0.116,0.514,0.797,0.757,0.559,0.897,0.626,0.88,0.911,0.703,0.551,0.824,0.875,0.923,0.45,0.888,0.732,0.771,0.853,-0.623,0.739,0.903,0.724,0.738,0.864,0.796,0.87,0.1,0.883,0.468,0.913,0.831,0.938,0.759,0.938,0.83,0.812,0.885,0.559,0.868,0.789,0.829,0.517,0.43,0.035,0.91,0.306,0.684,0.667,0.88,0.827,0.604,0.708,0.843,0.823,0.859,0.679,0.373,0.931,0.863,0.816,0.915,0.538,0.833,0.726,0.845,0.319,0.85,0.574,0.948,0.836,0.639,0.922,0.888,0.917,0.608,-0.32,0.602,0.726,0.741,0.901,0.198,0.871,0.532,0.404,0.78,0.911,0.356,0.738,0.075,0.564,0.78,0.823,0.776,0.646,0.458,0.929,0.877,0.202,0.818,0.828,0.918,0.84,0.827,0.793,0.171,0.652,-0.013,0.797,0.077,0.342,0.709,0.921,0.665,0.404,0.808,0.651
BAND,0.66,0.864,0.906,0.576,0.803,0.882,0.889,0.917,0.887,0.263,0.847,0.451,-0.215,0.874,0.86,0.81,0.0,0.73,-0.16,0.762,0.214,0.877,0.662,0.923,0.43,0.786,0.642,0.416,0.831,0.663,0.778,0.899,0.945,0.501,0.593,0.736,0.623,0.614,0.943,0.607,0.892,0.764,0.5,0.861,0.752,0.875,0.695,0.914,0.869,0.615,0.628,0.376,0.898,0.907,0.966,0.699,0.018,0.832,0.782,0.855,0.561,0.792,0.387,0.119,0.531,0.817,0.794,0.944,0.115,0.094,0.805,0.907,0.743,0.616,0.486,0.432,0.509,0.525,-0.666,0.775,0.752,-0.044,0.324,0.311,0.392,0.951,0.681,0.731,0.869,0.502,0.908,0.939,0.804,0.531,0.699,0.95,0.9,0.102,0.883,0.568,0.875,0.83,-0.792,0.82,0.92,0.755,0.851,0.851,0.802,0.824,0.037,0.871,0.432,0.909,0.826,0.845,0.62,0.897,0.754,0.648,0.924,0.349,0.895,0.903,0.905,0.297,0.347,0.152,0.878,0.439,0.856,0.531,0.703,0.81,0.551,0.841,0.711,0.7,0.877,0.823,0.546,0.812,0.848,0.797,0.916,0.574,0.861,0.632,0.736,0.039,0.815,0.506,0.822,0.83,0.57,0.836,0.73,0.798,0.691,-0.187,0.391,0.681,0.542,0.938,-0.13,0.878,0.196,0.532,0.795,0.763,0.044,0.735,0.284,0.492,0.888,0.72,0.762,0.497,0.306,0.851,0.853,0.296,0.865,0.744,0.908,0.761,0.835,0.558,0.149,0.87,0.369,0.744,-0.222,0.277,0.505,0.898,0.75,0.336,0.738,0.713
BECN,0.87,0.725,0.879,0.648,0.847,0.658,0.888,0.758,0.633,0.616,0.772,0.584,0.086,0.664,0.821,0.89,0.73,0.0,0.048,0.912,0.61,0.735,0.789,0.753,0.706,0.805,0.851,0.802,0.852,0.888,0.911,0.775,0.694,0.837,0.887,0.63,0.891,0.906,0.757,0.669,0.859,0.843,0.88,0.792,0.914,0.842,0.955,0.836,0.772,0.753,0.815,0.801,0.851,0.728,0.78,0.77,0.058,0.935,0.909,0.788,0.782,0.842,0.299,0.606,0.861,0.781,0.757,0.796,0.332,-0.086,0.751,0.811,0.951,0.807,0.665,0.404,0.301,0.83,-0.179,0.962,0.89,0.427,0.647,0.017,0.573,0.631,0.637,0.635,0.739,0.476,0.854,0.806,0.548,0.648,0.796,0.829,0.872,0.449,0.791,0.614,0.816,0.897,-0.411,0.727,0.776,0.634,0.703,0.831,0.874,0.892,0.146,0.919,0.697,0.859,0.812,0.91,0.829,0.823,0.727,0.836,0.878,0.409,0.844,0.782,0.855,0.771,0.681,0.045,0.945,0.552,0.534,0.837,0.917,0.839,0.828,0.631,0.675,0.941,0.833,0.656,0.519,0.912,0.783,0.91,0.88,0.632,0.773,0.921,0.703,0.241,0.699,0.759,0.872,0.696,0.77,0.942,0.856,0.932,0.686,-0.131,0.742,0.791,0.557,0.864,0.262,0.733,0.729,0.513,0.782,0.857,0.296,0.543,0.116,0.833,0.794,0.871,0.873,0.727,0.742,0.837,0.891,0.433,0.869,0.934,0.833,0.898,0.9,0.848,0.109,0.461,-0.176,0.921,-0.064,0.65,0.862,0.905,0.695,0.533,0.902,0.457
BFC,-0.166,-0.349,0.028,-0.483,0.088,-0.418,0.006,-0.284,-0.396,0.623,-0.418,0.327,0.747,-0.349,-0.276,-0.213,-0.16,0.048,0.0,0.184,0.68,-0.156,0.264,-0.316,0.651,0.268,0.268,0.406,-0.176,0.322,-0.115,-0.175,-0.288,0.32,0.064,0.237,0.259,0.287,-0.333,0.208,-0.029,0.229,0.233,-0.008,0.027,-0.333,-0.027,-0.187,-0.361,0.146,0.398,0.451,0.043,-0.316,-0.265,0.318,0.404,0.024,0.228,-0.058,0.52,0.235,0.211,0.622,0.225,-0.246,-0.444,-0.234,0.175,0.379,-0.213,-0.121,-0.036,-0.284,0.112,-0.491,-0.499,0.391,0.47,0.147,-0.091,-0.171,0.601,0.302,0.291,-0.354,-0.273,0.053,-0.466,-0.131,-0.085,-0.274,-0.386,0.219,-0.296,-0.143,-0.057,-0.012,-0.357,-0.402,0.087,0.044,0.433,-0.237,-0.286,-0.261,0.075,-0.019,0.123,0.039,0.496,0.09,0.54,-0.142,-0.085,0.018,0.329,-0.352,-0.377,-0.124,-0.052,-0.268,0.068,-0.014,-0.101,0.469,0.305,-0.079,-0.041,0.653,-0.412,0.278,0.088,0.086,0.392,-0.069,-0.301,0.221,0.098,0.116,0.309,-0.221,-0.304,0.148,-0.031,0.191,-0.02,0.307,-0.447,0.084,-0.363,0.194,-0.168,-0.482,0.351,0.023,-0.082,-0.074,-0.122,0.15,0.436,0.228,-0.337,-0.107,0.065,-0.426,0.082,0.306,0.016,0.041,-0.405,-0.474,-0.005,0.472,0.024,-0.034,0.235,0.133,0.588,-0.235,0.061,0.596,0.134,0.168,-0.318,0.171,0.15,-0.019,0.142,-0.307,-0.362,0.006,-0.108,0.577,0.147,-0.127,0.166,0.516,0.025,-0.455
BGC,0.714,0.673,0.886,0.429,0.815,0.622,0.895,0.801,0.633,0.731,0.687,0.702,0.04,0.644,0.787,0.771,0.762,0.912,0.184,0.0,0.718,0.808,0.821,0.741,0.806,0.835,0.892,0.842,0.773,0.909,0.889,0.82,0.704,0.835,0.776,0.729,0.902,0.912,0.768,0.766,0.874,0.876,0.827,0.811,0.899,0.764,0.873,0.808,0.744,0.855,0.847,0.795,0.86,0.702,0.791,0.877,0.236,0.893,0.943,0.871,0.875,0.879,0.338,0.646,0.783,0.715,0.629,0.779,0.258,-0.048,0.705,0.793,0.893,0.648,0.685,0.247,0.129,0.881,-0.216,0.949,0.799,0.219,0.659,0.201,0.555,0.625,0.548,0.7,0.648,0.405,0.855,0.754,0.526,0.66,0.668,0.832,0.871,0.295,0.732,0.504,0.91,0.905,-0.405,0.772,0.716,0.596,0.773,0.809,0.895,0.909,0.195,0.934,0.724,0.847,0.82,0.853,0.84,0.762,0.625,0.701,0.901,0.323,0.876,0.858,0.887,0.77,0.786,0.148,0.927,0.75,0.55,0.843,0.816,0.86,0.871,0.654,0.537,0.93,0.839,0.739,0.695,0.833,0.705,0.922,0.865,0.642,0.788,0.918,0.568,0.158,0.602,0.801,0.788,0.662,0.839,0.912,0.714,0.891,0.759,0.055,0.705,0.849,0.383,0.865,0.121,0.669,0.606,0.636,0.788,0.801,0.109,0.421,0.244,0.881,0.83,0.838,0.923,0.626,0.743,0.785,0.909,0.561,0.903,0.952,0.776,0.892,0.941,0.753,0.129,0.482,-0.068,0.929,-0.163,0.711,0.819,0.888,0.818,0.571,0.883,0.445
BHF,0.34,0.09,0.466,-0.055,0.47,-0.004,0.484,0.233,0.01,0.916,0.075,0.681,0.516,0.042,0.25,0.291,0.214,0.61,0.68,0.718,0.0,0.329,0.649,0.149,0.922,0.587,0.743,0.893,0.29,0.762,0.488,0.32,0.096,0.758,0.538,0.486,0.767,0.795,0.158,0.583,0.432,0.615,0.75,0.413,0.583,0.196,0.55,0.283,0.142,0.668,0.78,0.878,0.46,0.126,0.196,0.732,0.382,0.525,0.693,0.442,0.876,0.623,0.232,0.942,0.671,0.205,0.052,0.209,0.264,0.064,0.23,0.293,0.536,0.226,0.498,-0.164,-0.342,0.852,0.336,0.67,0.427,0.217,0.804,0.225,0.524,-0.021,0.082,0.399,0.004,0.083,0.393,0.187,-0.037,0.559,0.212,0.314,0.407,0.252,0.147,0.097,0.543,0.519,0.199,0.289,0.127,0.144,0.402,0.411,0.589,0.561,0.361,0.568,0.807,0.347,0.39,0.474,0.694,0.168,0.093,0.362,0.431,0.053,0.476,0.413,0.423,0.889,0.842,0.021,0.503,0.864,-0.057,0.741,0.552,0.53,0.834,0.218,0.067,0.722,0.458,0.376,0.607,0.358,0.153,0.624,0.412,0.5,0.362,0.801,0.007,0.159,0.024,0.695,0.322,0.031,0.766,0.534,0.344,0.485,0.381,0.27,0.758,0.638,-0.015,0.363,0.311,0.032,0.643,0.575,0.411,0.457,-0.013,-0.142,0.103,0.9,0.432,0.476,0.692,0.486,0.924,0.264,0.525,0.693,0.581,0.709,0.19,0.62,0.637,0.516,0.105,-0.105,-0.44,0.607,-0.087,0.894,0.666,0.412,0.538,0.664,0.592,-0.125
BHFAL,0.618,0.787,0.862,0.421,0.674,0.764,0.854,0.896,0.861,0.413,0.773,0.52,-0.33,0.775,0.881,0.763,0.877,0.735,-0.156,0.808,0.329,0.0,0.72,0.898,0.472,0.737,0.722,0.513,0.767,0.71,0.796,0.946,0.864,0.509,0.538,0.685,0.671,0.653,0.888,0.731,0.868,0.798,0.577,0.785,0.758,0.795,0.678,0.879,0.86,0.768,0.684,0.414,0.86,0.804,0.89,0.795,0.145,0.778,0.754,0.895,0.601,0.766,0.365,0.217,0.467,0.747,0.713,0.851,0.146,-0.082,0.818,0.88,0.746,0.554,0.594,0.393,0.228,0.591,-0.508,0.781,0.733,0.014,0.334,0.25,0.257,0.834,0.545,0.762,0.802,0.358,0.892,0.855,0.789,0.581,0.631,0.871,0.894,0.182,0.86,0.608,0.902,0.804,-0.633,0.929,0.787,0.681,0.881,0.841,0.784,0.874,-0.013,0.855,0.409,0.895,0.824,0.805,0.639,0.845,0.686,0.59,0.893,0.429,0.856,0.853,0.901,0.438,0.562,0.298,0.853,0.482,0.736,0.544,0.642,0.863,0.564,0.784,0.598,0.709,0.801,0.771,0.697,0.775,0.814,0.761,0.861,0.674,0.848,0.671,0.62,-0.02,0.688,0.628,0.769,0.836,0.703,0.84,0.601,0.823,0.826,0.099,0.436,0.725,0.457,0.884,-0.018,0.792,0.29,0.627,0.726,0.705,0.177,0.635,0.3,0.516,0.869,0.783,0.795,0.439,0.359,0.786,0.837,0.224,0.833,0.809,0.84,0.791,0.867,0.549,-0.023,0.733,0.366,0.812,-0.12,0.324,0.565,0.904,0.775,0.254,0.767,0.658
BKNG,0.679,0.66,0.827,0.292,0.695,0.513,0.842,0.63,0.645,0.743,0.564,0.445,0.167,0.606,0.667,0.699,0.662,0.789,0.264,0.821,0.649,0.72,0.0,0.703,0.727,0.844,0.918,0.781,0.588,0.879,0.688,0.8,0.673,0.595,0.524,0.85,0.681,0.738,0.59,0.913,0.88,0.922,0.628,0.561,0.69,0.641,0.657,0.798,0.62,0.849,0.851,0.624,0.889,0.516,0.69,0.893,0.244,0.764,0.761,0.822,0.752,0.925,0.721,0.541,0.539,0.61,0.454,0.594,-0.003,0.12,0.821,0.816,0.702,0.376,0.77,0.038,-0.015,0.667,-0.059,0.814,0.627,0.092,0.547,0.192,0.327,0.551,0.228,0.62,0.526,0.464,0.744,0.677,0.636,0.835,0.59,0.776,0.821,0.221,0.533,0.589,0.829,0.74,-0.296,0.688,0.599,0.51,0.867,0.854,0.849,0.875,0.176,0.856,0.576,0.719,0.801,0.814,0.767,0.63,0.365,0.662,0.791,0.414,0.817,0.804,0.708,0.703,0.706,0.45,0.772,0.684,0.437,0.832,0.768,0.93,0.666,0.817,0.384,0.751,0.768,0.839,0.728,0.624,0.726,0.746,0.805,0.852,0.856,0.789,0.323,0.003,0.412,0.784,0.643,0.522,0.876,0.819,0.6,0.773,0.703,0.141,0.813,0.822,0.273,0.791,0.106,0.452,0.371,0.821,0.533,0.707,0.098,0.518,0.442,0.71,0.855,0.842,0.788,0.418,0.695,0.577,0.865,0.309,0.776,0.864,0.602,0.9,0.856,0.526,0.014,0.529,-0.057,0.839,-0.202,0.488,0.547,0.807,0.818,0.446,0.837,0.51
BL,0.73,0.905,0.9,0.655,0.738,0.893,0.867,0.936,0.963,0.236,0.927,0.336,-0.362,0.915,0.919,0.859,0.923,0.753,-0.316,0.741,0.149,0.898,0.703,0.0,0.328,0.746,0.661,0.398,0.841,0.668,0.817,0.93,0.97,0.433,0.568,0.727,0.563,0.589,0.943,0.683,0.914,0.794,0.491,0.796,0.74,0.919,0.713,0.952,0.924,0.631,0.578,0.321,0.894,0.861,0.963,0.679,0.042,0.809,0.702,0.884,0.455,0.745,0.457,0.048,0.462,0.871,0.834,0.915,0.111,-0.056,0.909,0.944,0.765,0.664,0.611,0.455,0.493,0.449,-0.556,0.752,0.748,0.078,0.214,0.154,0.309,0.937,0.64,0.74,0.918,0.579,0.903,0.931,0.916,0.537,0.79,0.941,0.928,0.204,0.905,0.707,0.858,0.825,-0.723,0.884,0.924,0.777,0.862,0.88,0.807,0.834,-0.024,0.858,0.314,0.93,0.885,0.842,0.61,0.934,0.796,0.721,0.929,0.491,0.86,0.877,0.895,0.317,0.388,0.301,0.874,0.314,0.823,0.576,0.685,0.855,0.456,0.865,0.684,0.658,0.829,0.81,0.506,0.824,0.934,0.73,0.898,0.611,0.898,0.578,0.777,0.036,0.85,0.542,0.821,0.926,0.57,0.853,0.723,0.858,0.768,-0.118,0.427,0.689,0.544,0.927,-0.097,0.888,0.255,0.519,0.74,0.774,0.205,0.826,0.326,0.413,0.895,0.824,0.705,0.423,0.245,0.867,0.872,0.12,0.791,0.757,0.916,0.79,0.828,0.589,0.073,0.868,0.316,0.794,-0.176,0.167,0.485,0.932,0.715,0.263,0.748,0.837
BOKF,0.431,0.257,0.641,0.046,0.654,0.182,0.638,0.399,0.193,0.869,0.239,0.648,0.508,0.227,0.373,0.428,0.43,0.706,0.651,0.806,0.922,0.472,0.727,0.328,0.0,0.759,0.807,0.87,0.449,0.833,0.578,0.468,0.31,0.849,0.637,0.632,0.845,0.822,0.347,0.636,0.598,0.745,0.749,0.581,0.678,0.356,0.641,0.447,0.285,0.699,0.856,0.877,0.628,0.327,0.4,0.794,0.36,0.683,0.833,0.572,0.939,0.761,0.324,0.864,0.741,0.37,0.2,0.419,0.283,0.152,0.367,0.468,0.621,0.322,0.514,-0.065,-0.194,0.896,0.121,0.784,0.526,0.148,0.858,0.319,0.564,0.226,0.253,0.543,0.19,0.131,0.559,0.392,0.121,0.589,0.327,0.513,0.564,0.185,0.321,0.104,0.695,0.676,-0.051,0.388,0.326,0.258,0.566,0.553,0.711,0.668,0.413,0.716,0.888,0.512,0.488,0.627,0.792,0.346,0.244,0.456,0.606,0.07,0.659,0.594,0.58,0.866,0.744,0.003,0.657,0.911,0.143,0.766,0.664,0.655,0.891,0.389,0.211,0.81,0.653,0.553,0.661,0.49,0.309,0.751,0.608,0.522,0.526,0.853,0.157,0.163,0.217,0.657,0.477,0.174,0.813,0.68,0.469,0.61,0.482,0.089,0.748,0.733,0.088,0.546,0.151,0.231,0.534,0.609,0.568,0.579,-0.142,-0.005,0.122,0.934,0.579,0.564,0.821,0.539,0.906,0.425,0.67,0.743,0.725,0.778,0.378,0.713,0.754,0.547,0.105,0.123,-0.287,0.676,-0.199,0.889,0.705,0.565,0.65,0.64,0.676,0.034
BRKR,0.666,0.634,0.92,0.4,0.872,0.589,0.878,0.702,0.632,0.592,0.647,0.477,0.234,0.638,0.701,0.754,0.786,0.805,0.268,0.835,0.587,0.737,0.844,0.746,0.759,0.0,0.805,0.687,0.783,0.884,0.743,0.749,0.743,0.696,0.677,0.819,0.749,0.808,0.704,0.746,0.867,0.912,0.698,0.791,0.768,0.727,0.752,0.794,0.641,0.661,0.872,0.638,0.908,0.666,0.776,0.802,0.212,0.865,0.871,0.778,0.801,0.911,0.559,0.483,0.69,0.757,0.573,0.768,0.185,0.275,0.707,0.817,0.762,0.566,0.636,0.182,0.263,0.727,-0.214,0.865,0.738,0.056,0.684,0.302,0.59,0.689,0.54,0.7,0.618,0.498,0.825,0.769,0.576,0.657,0.659,0.848,0.874,0.315,0.644,0.45,0.868,0.881,-0.451,0.613,0.748,0.594,0.838,0.838,0.907,0.838,0.451,0.912,0.714,0.808,0.768,0.896,0.879,0.707,0.582,0.684,0.875,0.343,0.917,0.867,0.813,0.661,0.537,0.118,0.86,0.705,0.53,0.769,0.829,0.879,0.732,0.773,0.563,0.84,0.906,0.829,0.609,0.714,0.7,0.831,0.886,0.636,0.838,0.795,0.533,0.243,0.64,0.577,0.744,0.564,0.794,0.881,0.755,0.838,0.569,-0.194,0.729,0.811,0.423,0.841,0.005,0.612,0.349,0.599,0.809,0.847,-0.038,0.5,0.218,0.74,0.839,0.762,0.893,0.617,0.677,0.748,0.898,0.506,0.878,0.883,0.724,0.886,0.899,0.67,0.282,0.633,-0.051,0.773,-0.16,0.58,0.624,0.837,0.786,0.62,0.749,0.51
CACC,0.681,0.626,0.797,0.29,0.734,0.477,0.813,0.673,0.578,0.771,0.567,0.559,0.143,0.533,0.641,0.669,0.642,0.851,0.268,0.892,0.743,0.722,0.918,0.661,0.807,0.805,0.0,0.857,0.6,0.893,0.782,0.787,0.614,0.713,0.624,0.798,0.812,0.82,0.61,0.863,0.842,0.881,0.725,0.605,0.753,0.637,0.737,0.746,0.626,0.91,0.855,0.777,0.837,0.531,0.668,0.919,0.26,0.799,0.82,0.837,0.807,0.874,0.545,0.687,0.664,0.612,0.468,0.608,0.037,-0.035,0.76,0.747,0.748,0.446,0.727,0.074,-0.011,0.78,-0.089,0.877,0.684,0.204,0.628,0.268,0.33,0.505,0.268,0.668,0.514,0.379,0.744,0.66,0.553,0.79,0.622,0.76,0.78,0.212,0.553,0.56,0.85,0.767,-0.264,0.705,0.559,0.509,0.774,0.79,0.877,0.864,0.12,0.847,0.655,0.707,0.751,0.783,0.752,0.626,0.416,0.686,0.793,0.354,0.769,0.795,0.778,0.8,0.797,0.385,0.822,0.726,0.416,0.848,0.768,0.88,0.787,0.727,0.368,0.821,0.73,0.753,0.704,0.658,0.685,0.783,0.776,0.785,0.771,0.866,0.36,0.034,0.41,0.802,0.627,0.519,0.854,0.83,0.603,0.803,0.77,0.189,0.746,0.775,0.227,0.774,0.126,0.463,0.539,0.771,0.576,0.66,0.167,0.441,0.382,0.829,0.816,0.841,0.827,0.475,0.782,0.592,0.835,0.388,0.78,0.891,0.626,0.858,0.866,0.606,-0.058,0.418,-0.139,0.915,-0.246,0.646,0.67,0.816,0.778,0.483,0.898,0.446
CAR,0.573,0.346,0.649,0.243,0.619,0.236,0.68,0.451,0.277,0.869,0.341,0.622,0.339,0.271,0.484,0.569,0.416,0.802,0.406,0.842,0.893,0.513,0.781,0.398,0.87,0.687,0.857,0.0,0.509,0.868,0.703,0.54,0.341,0.791,0.656,0.569,0.855,0.869,0.381,0.696,0.632,0.721,0.834,0.524,0.728,0.482,0.753,0.522,0.402,0.807,0.845,0.89,0.636,0.355,0.446,0.781,0.266,0.731,0.797,0.634,0.874,0.786,0.346,0.883,0.759,0.474,0.339,0.424,0.167,0.043,0.476,0.513,0.73,0.447,0.606,0.025,-0.154,0.897,0.159,0.829,0.641,0.391,0.775,0.067,0.508,0.225,0.258,0.474,0.299,0.231,0.574,0.457,0.219,0.639,0.483,0.548,0.613,0.288,0.398,0.403,0.69,0.697,-0.057,0.467,0.361,0.331,0.542,0.582,0.75,0.764,0.207,0.734,0.723,0.554,0.581,0.678,0.779,0.462,0.314,0.618,0.617,0.199,0.648,0.612,0.6,0.906,0.887,0.132,0.698,0.753,0.177,0.86,0.772,0.711,0.861,0.393,0.33,0.839,0.609,0.513,0.59,0.597,0.431,0.754,0.626,0.558,0.561,0.891,0.257,0.223,0.245,0.764,0.579,0.319,0.866,0.72,0.522,0.704,0.525,0.152,0.787,0.765,0.241,0.586,0.343,0.287,0.734,0.623,0.489,0.639,0.185,0.16,0.143,0.916,0.576,0.689,0.811,0.521,0.889,0.509,0.701,0.534,0.715,0.853,0.451,0.759,0.772,0.651,0.064,0.078,-0.432,0.782,-0.021,0.827,0.789,0.648,0.68,0.533,0.8,0.166
CDNA,0.788,0.747,0.889,0.787,0.857,0.792,0.86,0.812,0.736,0.272,0.865,0.447,-0.086,0.765,0.891,0.939,0.831,0.852,-0.176,0.773,0.29,0.767,0.588,0.841,0.449,0.783,0.6,0.509,0.0,0.729,0.856,0.738,0.808,0.642,0.839,0.537,0.722,0.758,0.868,0.468,0.799,0.722,0.743,0.901,0.844,0.918,0.886,0.851,0.846,0.494,0.684,0.534,0.818,0.851,0.865,0.573,-0.085,0.888,0.815,0.699,0.575,0.719,0.209,0.272,0.755,0.909,0.914,0.929,0.395,0.073,0.69,0.826,0.894,0.909,0.495,0.586,0.586,0.637,-0.418,0.845,0.912,0.327,0.501,-0.016,0.632,0.814,0.883,0.622,0.883,0.584,0.876,0.894,0.635,0.418,0.782,0.847,0.9,0.5,0.909,0.623,0.77,0.889,-0.657,0.694,0.909,0.704,0.689,0.791,0.796,0.815,0.233,0.86,0.521,0.923,0.79,0.906,0.785,0.915,0.919,0.752,0.887,0.448,0.866,0.777,0.869,0.495,0.381,-0.139,0.91,0.331,0.688,0.586,0.828,0.754,0.631,0.637,0.865,0.837,0.898,0.618,0.331,0.919,0.805,0.812,0.886,0.414,0.759,0.706,0.906,0.411,0.916,0.461,0.933,0.837,0.585,0.906,0.906,0.902,0.534,-0.385,0.521,0.68,0.75,0.87,0.148,0.9,0.523,0.278,0.904,0.919,0.305,0.674,-0.057,0.577,0.736,0.756,0.807,0.721,0.434,0.968,0.837,0.334,0.853,0.809,0.926,0.779,0.827,0.854,0.325,0.662,0.022,0.738,0.109,0.422,0.729,0.893,0.603,0.51,0.712,0.578
CG,0.695,0.577,0.876,0.407,0.764,0.478,0.835,0.666,0.553,0.784,0.617,0.598,0.235,0.551,0.698,0.759,0.663,0.888,0.322,0.909,0.762,0.71,0.879,0.668,0.833,0.884,0.893,0.868,0.729,0.0,0.814,0.729,0.63,0.786,0.711,0.779,0.829,0.898,0.609,0.825,0.837,0.919,0.836,0.725,0.841,0.678,0.845,0.749,0.615,0.762,0.887,0.792,0.85,0.544,0.682,0.876,0.254,0.884,0.877,0.815,0.867,0.894,0.481,0.68,0.739,0.695,0.514,0.664,0.29,0.076,0.69,0.762,0.836,0.592,0.771,0.137,0.074,0.827,-0.005,0.932,0.748,0.285,0.722,0.155,0.598,0.513,0.447,0.645,0.527,0.445,0.764,0.668,0.504,0.703,0.639,0.775,0.847,0.378,0.62,0.466,0.858,0.871,-0.231,0.634,0.634,0.578,0.772,0.805,0.906,0.865,0.325,0.916,0.756,0.771,0.748,0.857,0.905,0.668,0.524,0.744,0.838,0.381,0.853,0.768,0.788,0.835,0.777,0.185,0.848,0.759,0.369,0.899,0.858,0.886,0.815,0.638,0.458,0.898,0.819,0.767,0.637,0.737,0.663,0.853,0.826,0.677,0.807,0.881,0.475,0.215,0.552,0.761,0.758,0.528,0.885,0.899,0.73,0.882,0.662,-0.033,0.862,0.896,0.334,0.784,0.108,0.527,0.59,0.635,0.734,0.85,0.091,0.409,0.213,0.866,0.814,0.828,0.902,0.583,0.813,0.706,0.901,0.529,0.84,0.943,0.657,0.939,0.918,0.727,0.152,0.411,-0.259,0.86,-0.114,0.695,0.744,0.83,0.794,0.644,0.821,0.428
CGBD,0.779,0.756,0.877,0.652,0.812,0.722,0.839,0.872,0.719,0.465,0.841,0.572,-0.137,0.708,0.839,0.859,0.778,0.911,-0.115,0.889,0.488,0.796,0.688,0.817,0.578,0.743,0.782,0.703,0.856,0.814,0.0,0.813,0.76,0.724,0.8,0.616,0.818,0.831,0.833,0.631,0.828,0.77,0.802,0.827,0.855,0.884,0.922,0.836,0.848,0.726,0.695,0.67,0.811,0.798,0.843,0.715,0.092,0.907,0.849,0.85,0.679,0.763,0.254,0.454,0.754,0.847,0.793,0.842,0.24,-0.116,0.75,0.799,0.926,0.801,0.595,0.456,0.398,0.755,-0.343,0.91,0.841,0.361,0.517,0.07,0.498,0.719,0.699,0.705,0.795,0.516,0.869,0.836,0.634,0.524,0.817,0.86,0.873,0.362,0.845,0.627,0.85,0.898,-0.509,0.798,0.809,0.719,0.692,0.78,0.85,0.855,0.023,0.889,0.552,0.889,0.809,0.854,0.755,0.88,0.801,0.767,0.894,0.424,0.817,0.839,0.92,0.654,0.652,0.083,0.933,0.478,0.625,0.743,0.812,0.807,0.74,0.624,0.676,0.869,0.793,0.662,0.461,0.899,0.808,0.848,0.858,0.503,0.778,0.798,0.773,0.31,0.771,0.667,0.857,0.79,0.66,0.897,0.761,0.926,0.741,-0.125,0.555,0.718,0.524,0.856,0.134,0.811,0.662,0.473,0.782,0.822,0.29,0.589,0.14,0.718,0.786,0.823,0.815,0.602,0.567,0.897,0.881,0.341,0.825,0.897,0.876,0.817,0.879,0.826,0.067,0.534,-0.078,0.917,-0.111,0.543,0.792,0.916,0.698,0.448,0.848,0.586
CHI,0.721,0.89,0.883,0.485,0.71,0.822,0.9,0.921,0.916,0.43,0.83,0.463,-0.298,0.86,0.878,0.797,0.899,0.775,-0.175,0.82,0.32,0.946,0.8,0.93,0.468,0.749,0.787,0.54,0.738,0.729,0.813,0.0,0.912,0.51,0.533,0.773,0.654,0.627,0.906,0.797,0.938,0.835,0.536,0.736,0.75,0.849,0.692,0.941,0.9,0.824,0.668,0.428,0.912,0.83,0.931,0.825,0.087,0.806,0.758,0.947,0.589,0.831,0.508,0.219,0.467,0.748,0.722,0.848,-0.004,-0.113,0.907,0.928,0.761,0.535,0.656,0.348,0.257,0.564,-0.521,0.796,0.71,0.023,0.298,0.267,0.192,0.859,0.472,0.72,0.837,0.465,0.904,0.893,0.843,0.686,0.739,0.935,0.905,0.13,0.842,0.686,0.907,0.801,-0.645,0.94,0.828,0.73,0.901,0.891,0.812,0.891,-0.105,0.884,0.393,0.879,0.879,0.826,0.595,0.871,0.63,0.677,0.914,0.483,0.855,0.908,0.901,0.425,0.559,0.43,0.874,0.476,0.799,0.64,0.705,0.9,0.574,0.875,0.581,0.702,0.792,0.855,0.688,0.792,0.894,0.789,0.894,0.762,0.898,0.694,0.602,-0.113,0.671,0.707,0.765,0.841,0.691,0.847,0.621,0.835,0.865,0.1,0.487,0.733,0.435,0.937,-0.054,0.79,0.272,0.707,0.676,0.689,0.175,0.705,0.464,0.531,0.933,0.828,0.765,0.418,0.384,0.77,0.878,0.175,0.821,0.813,0.865,0.829,0.858,0.509,-0.085,0.786,0.328,0.876,-0.25,0.282,0.535,0.932,0.827,0.247,0.859,0.747
