,ACET,ADAP,ADI,ADPT,ADTN,AGEN,ALGN,ALLK,AMD,AMWD,ARDX,ARQT,ASTE,AUPH,AVXL,AZTA,BAND,BECN,BFC,BGC,BHF,BHFAL,BKNG,BL,BOKF,BRKR,CACC,CAR,CDNA,CG,CGBD,CHI,CHTR,CHX,CLNE,CME,CNOB,CNXN,CPRX,CSGP,CSGS,CSIQ,CVCO,CVLT,CYRX,DDOG,DOOO,DSGX,DTIL,ECPG,EEFT,EFSC,ENTG,ESPR,ETSY,EXC,FAMI,FFIV,FITB,FIZZ,FMBH,FOX,FTNT,FULT,GABC,GEN,GH,GMAB,GNPX,GO,GOGL,GOOG,GPRO,GSHD,GSM,GWAV,HAIN,HBAN,HEPA,HURN,HWKN,IBIO,ICFI,IGMS,IMKTA,INCY,INO,IRDM,IRTC,IRWD,ITCI,JACK,JD,JJSF,KALA,KHC,KLAC,KRRO,KRYS,LANC,LBTYA,LIVN,LKCO,LNTH,LOGI,LPRO,LRCX,LSCC,LSTR,MAR,MARA,MCHP,MEOH,META,MGTX,MKSI,MMYT,MORN,MRUS,MTLS,MTSI,MVIS,MXL,NBIX,NFE,NMIH,NMRK,NNDM,NSIT,NTCT,NVAX,OCUL,ODP,OLED,ONB,OTEX,PACB,PATK,PAYX,PEP,PERI,PI,PLYA,PRDO,PRGS,PTGX,QCOM,QCRH,QDEL,QFIN,RGEN,RILY,RPAY,RPD,SABR,SEDG,SHEN,SIRI,SLNO,SNDL,SNEX,SONO,SPT,SSNC,STGW,STKL,STRL,STX,SWTX,SYNA,TFSL,TIGR,TNXP,TOWN,TRI,TRIP,TRMB,TRNS,TRS,TSCO,TSEM,TVTX,TXRH,VC,VCEL,VECO,VIAV,VICR,VIR,VRTX,VSTM,VTRS,WDFC,WSBC,WSC,WYNN,XENE,XNCR,XRAY,ZS
ACET,0.0,0.75,-0.048,-0.567,0.314,0.857,0.429,0.282,-0.352,0.276,0.727,0.001,-0.071,0.522,-0.125,-0.3,-0.699,-0.102,0.816,0.073,0.444,-0.096,0.63,-0.668,0.363,-0.008,0.257,0.725,-0.242,0.367,-0.02,0.499,-0.281,0.742,0.802,0.225,0.435,0.509,0.715,-0.447,-0.633,-0.456,-0.329,0.006,0.315,-0.519,-0.14,-0.305,-0.387,0.523,0.671,0.546,-0.429,0.663,-0.533,0.075,-0.336,-0.086,0.258,0.537,0.418,0.482,-0.117,0.266,0.761,0.25,-0.656,0.298,0.805,-0.02,-0.396,0.532,-0.502,0.231,-0.285,0.098,-0.014,0.696,0.767,0.174,0.866,0.412,0.727,-0.27,0.038,0.277,0.112,0.692,-0.119,0.697,0.783,0.34,-0.1,0.558,0.659,0.547,-0.557,0.568,0.733,-0.135,0.652,0.17,-0.391,0.293,-0.602,-0.504,-0.687,-0.048,0.428,0.726,0.228,0.014,0.016,0.28,0.22,-0.531,0.556,-0.0,-0.032,0.248,-0.254,-0.609,0.193,0.664,-0.574,0.132,0.2,-0.361,0.177,0.562,-0.033,0.449,0.569,-0.476,0.669,0.229,-0.557,-0.414,-0.112,-0.193,-0.4,0.114,0.657,-0.224,-0.415,0.675,-0.323,0.619,-0.559,-0.446,-0.049,0.692,-0.469,-0.025,0.572,-0.398,0.64,0.128,0.285,0.685,0.545,-0.543,-0.617,-0.156,0.634,-0.448,-0.441,-0.44,-0.301,0.556,-0.123,0.455,0.101,0.315,-0.492,0.762,0.54,-0.013,0.557,-0.452,0.177,0.499,0.223,0.614,-0.201,-0.072,0.096,0.602,-0.454,-0.127,0.57,0.841,0.527,0.439,0.403,0.706,0.111,0.664,0.754,-0.655
ADAP,0.75,0.0,-0.068,-0.176,0.367,0.722,0.398,0.191,-0.378,0.225,0.739,0.047,-0.079,0.588,-0.079,-0.099,-0.559,-0.088,0.537,0.084,0.256,-0.001,0.388,-0.594,0.275,-0.292,0.06,0.484,-0.19,0.271,-0.018,0.498,0.028,0.771,0.704,0.486,0.332,0.256,0.807,-0.143,-0.448,-0.32,-0.503,0.126,-0.103,-0.293,-0.233,-0.478,-0.192,0.278,0.68,0.327,-0.313,0.398,-0.464,0.033,-0.015,-0.064,0.304,0.256,0.263,0.423,-0.129,0.269,0.588,-0.019,-0.393,0.552,0.834,0.115,-0.395,0.264,-0.348,-0.202,0.077,-0.132,0.304,0.623,0.85,-0.071,0.669,0.708,0.573,0.075,-0.322,0.162,0.537,0.552,0.08,0.706,0.775,0.172,-0.166,0.308,0.579,0.319,-0.392,0.87,0.717,0.004,0.541,0.175,-0.344,0.306,-0.448,-0.395,-0.525,0.109,0.132,0.683,0.279,0.009,0.093,-0.034,0.193,-0.365,0.755,-0.01,0.206,-0.043,-0.153,-0.334,0.549,0.489,-0.498,0.131,0.267,-0.377,0.286,0.436,0.468,0.613,0.505,-0.362,0.567,-0.024,-0.379,-0.376,0.152,-0.346,-0.287,0.264,0.54,-0.39,-0.313,0.69,-0.275,0.482,-0.387,-0.231,-0.062,0.773,-0.376,0.017,0.298,-0.327,0.256,-0.066,0.062,0.454,0.274,-0.253,-0.467,0.017,0.61,-0.289,-0.493,-0.204,0.079,0.517,-0.089,0.522,0.438,0.177,-0.336,0.514,0.47,0.318,0.434,-0.429,0.47,0.589,0.225,0.402,0.138,0.384,0.352,0.401,-0.27,0.088,0.76,0.803,0.34,0.367,0.371,0.41,0.018,0.799,0.918,-0.616
ADI,-0.048,-0.068,0.0,0.327,0.606,-0.171,0.521,0.437,0.745,0.536,-0.175,0.392,0.636,0.397,0.696,0.639,0.345,0.689,0.095,0.539,0.422,0.538,0.354,0.546,0.45,0.615,0.643,-0.027,0.665,0.532,0.415,0.525,0.611,-0.18,0.124,0.584,0.366,0.274,-0.051,0.653,0.414,0.651,0.613,0.654,0.162,0.541,0.639,0.754,0.56,-0.028,0.293,0.451,0.667,-0.125,0.564,0.659,-0.126,0.786,0.601,-0.023,0.563,0.618,0.716,0.482,0.265,0.274,0.284,0.265,0.068,0.64,0.541,0.339,0.553,0.229,0.017,-0.111,0.338,0.38,0.061,0.555,0.076,-0.179,0.137,-0.01,0.498,0.716,-0.5,0.344,0.623,-0.175,-0.272,0.051,0.841,0.398,-0.205,0.345,0.642,-0.297,0.238,0.163,0.106,0.617,0.595,0.561,0.495,0.615,0.507,0.811,0.019,0.164,0.577,0.856,0.594,0.543,0.596,0.613,-0.389,0.76,0.356,0.549,0.705,0.283,0.504,-0.067,0.513,0.552,0.613,0.603,0.46,0.535,0.17,0.054,0.17,0.721,0.285,0.596,0.451,0.606,0.726,0.811,0.634,0.622,0.302,0.331,0.637,0.214,0.84,0.388,0.436,0.529,0.644,0.123,0.234,0.693,0.442,0.658,-0.035,0.616,0.59,0.148,0.414,0.358,0.504,0.659,0.041,0.601,0.614,0.592,0.146,0.57,0.569,0.461,-0.322,0.508,0.705,0.16,0.469,0.065,0.235,0.736,0.565,0.41,0.452,0.394,0.372,0.331,0.519,0.396,0.488,0.59,0.096,0.201,-0.216,0.49,0.506,0.032,0.287,0.284,0.129,0.534
ADPT,-0.567,-0.176,0.327,0.0,0.15,-0.686,-0.231,-0.031,0.419,-0.065,-0.559,0.283,0.385,0.105,0.483,0.687,0.786,0.332,-0.748,0.236,-0.351,0.278,-0.653,0.716,-0.135,-0.095,-0.19,-0.79,0.511,-0.211,0.203,-0.13,0.766,-0.596,-0.305,0.385,-0.248,-0.573,-0.353,0.87,0.842,0.717,0.127,0.373,-0.678,0.79,0.251,0.228,0.72,-0.741,-0.304,-0.386,0.693,-0.678,0.662,0.046,0.577,0.349,0.176,-0.698,-0.148,-0.185,0.318,0.086,-0.449,-0.517,0.867,0.359,-0.407,0.36,0.485,-0.666,0.718,-0.663,0.762,-0.513,0.598,-0.339,-0.334,-0.066,-0.681,0.115,-0.559,0.751,-0.274,-0.106,0.24,-0.457,0.719,-0.489,-0.614,-0.491,0.295,-0.521,-0.43,-0.536,0.81,-0.049,-0.22,0.352,-0.598,0.156,0.667,0.045,0.825,0.694,0.841,0.491,-0.746,-0.526,0.015,0.306,0.516,-0.447,0.134,0.768,-0.321,0.308,0.744,-0.367,0.61,0.861,0.574,-0.694,0.675,0.17,0.19,0.526,0.221,-0.264,0.535,0.001,-0.359,0.66,-0.346,-0.331,0.769,0.567,0.672,0.173,0.682,0.4,-0.503,-0.058,0.588,-0.219,0.486,-0.39,0.81,0.804,0.312,-0.27,0.523,0.129,-0.498,0.613,-0.895,-0.158,-0.163,-0.667,-0.405,0.869,0.797,0.547,-0.43,0.792,0.511,0.856,0.76,-0.225,0.377,0.019,0.168,-0.105,0.783,-0.755,-0.291,0.507,-0.388,0.584,0.452,0.116,-0.024,-0.427,0.732,0.69,0.432,-0.475,0.74,0.54,-0.009,-0.435,-0.744,-0.081,-0.089,-0.825,-0.057,0.082,-0.23,0.606
ADTN,0.314,0.367,0.606,0.15,0.0,0.233,0.509,0.618,0.55,0.826,0.292,-0.089,0.667,0.74,0.451,0.606,0.031,0.766,0.403,0.75,0.738,0.601,0.457,0.194,0.823,0.49,0.672,0.343,0.608,0.823,0.481,0.884,0.363,0.261,0.607,0.55,0.765,0.472,0.428,0.465,0.17,0.531,0.376,0.769,0.296,0.379,0.63,0.358,0.397,0.195,0.6,0.757,0.52,-0.091,0.415,0.801,-0.306,0.749,0.913,0.338,0.835,0.811,0.567,0.821,0.687,0.345,0.011,0.493,0.52,0.766,0.434,0.396,0.432,0.243,-0.155,-0.127,0.525,0.795,0.503,0.664,0.437,0.115,0.547,-0.119,0.443,0.662,-0.21,0.729,0.437,0.304,0.092,0.384,0.611,0.575,0.148,0.631,0.386,0.133,0.721,0.043,0.276,0.835,0.281,0.846,0.176,0.413,0.214,0.79,0.182,0.544,0.52,0.767,0.678,0.44,0.838,0.323,0.031,0.777,0.454,0.607,0.602,0.172,0.623,0.269,0.279,0.837,0.81,0.342,0.747,0.813,0.308,0.557,0.634,0.517,0.748,0.337,0.359,0.523,0.683,0.447,0.391,0.792,0.474,0.179,0.48,0.537,0.637,0.754,0.301,0.386,0.792,0.682,0.149,0.649,0.565,0.566,0.151,0.66,0.409,0.316,0.625,0.072,0.284,0.768,0.586,0.427,0.364,0.349,0.183,0.703,0.732,0.746,-0.321,0.807,0.471,0.372,0.769,-0.008,0.61,0.447,0.718,0.822,0.78,0.723,0.546,0.28,0.806,0.677,0.47,0.204,0.615,0.565,0.139,0.846,0.768,0.331,0.451,0.527,0.567,0.232
AGEN,0.857,0.722,-0.171,-0.686,0.233,0.0,0.456,0.114,-0.484,0.253,0.832,-0.127,-0.253,0.437,-0.296,-0.451,-0.861,-0.211,0.828,-0.073,0.417,-0.125,0.658,-0.765,0.3,0.008,0.144,0.814,-0.41,0.364,-0.102,0.469,-0.453,0.818,0.668,0.047,0.391,0.519,0.79,-0.602,-0.79,-0.588,-0.387,-0.032,0.437,-0.669,-0.265,-0.456,-0.517,0.616,0.575,0.493,-0.576,0.677,-0.661,0.047,-0.34,-0.208,0.146,0.692,0.324,0.414,-0.202,0.155,0.695,0.24,-0.771,0.147,0.798,-0.111,-0.546,0.588,-0.596,0.318,-0.435,0.203,-0.207,0.65,0.715,0.029,0.856,0.331,0.75,-0.392,-0.01,0.214,0.15,0.672,-0.333,0.777,0.864,0.431,-0.201,0.526,0.668,0.588,-0.704,0.592,0.637,-0.222,0.752,0.074,-0.634,0.207,-0.789,-0.657,-0.816,-0.162,0.528,0.781,0.146,-0.122,-0.162,0.262,0.082,-0.66,0.683,-0.14,-0.254,0.266,-0.389,-0.72,0.06,0.77,-0.738,0.052,0.086,-0.558,0.067,0.499,-0.031,0.485,0.551,-0.59,0.618,0.182,-0.708,-0.555,-0.286,-0.298,-0.556,-0.046,0.686,-0.276,-0.54,0.642,-0.409,0.583,-0.708,-0.654,-0.133,0.696,-0.486,0.027,0.485,-0.541,0.685,0.084,0.135,0.666,0.478,-0.71,-0.737,-0.254,0.711,-0.617,-0.61,-0.609,-0.439,0.543,-0.253,0.394,0.125,0.227,-0.653,0.822,0.54,-0.106,0.505,-0.58,0.099,0.355,0.211,0.589,-0.318,-0.181,0.02,0.591,-0.553,-0.271,0.578,0.798,0.683,0.338,0.293,0.797,0.113,0.549,0.734,-0.754
ALGN,0.429,0.398,0.521,-0.231,0.509,0.456,0.0,0.342,0.132,0.411,0.416,0.289,0.132,0.4,0.264,0.026,-0.356,0.237,0.522,0.132,0.429,0.365,0.684,-0.136,0.365,0.397,0.453,0.483,0.007,0.546,0.372,0.585,0.161,0.499,0.512,0.433,0.353,0.469,0.528,0.066,-0.263,-0.037,0.138,0.34,0.441,-0.137,0.159,0.163,0.067,0.427,0.546,0.526,-0.038,0.496,-0.167,0.469,-0.23,0.339,0.375,0.358,0.439,0.649,0.349,0.269,0.501,0.497,-0.214,0.218,0.545,0.285,-0.127,0.71,-0.1,0.376,-0.26,0.108,-0.052,0.602,0.521,0.233,0.605,0.048,0.554,-0.264,0.213,0.571,-0.18,0.602,0.237,0.418,0.436,0.359,0.394,0.577,0.206,0.628,-0.082,0.181,0.411,0.227,0.741,0.294,-0.05,0.392,-0.249,-0.119,-0.213,0.415,0.449,0.665,0.714,0.369,0.147,0.595,0.33,-0.058,0.199,0.324,0.034,0.519,0.053,-0.311,0.285,0.504,-0.203,0.24,0.372,-0.051,0.248,0.599,0.28,0.21,0.323,0.049,0.519,0.682,-0.276,-0.078,0.323,0.346,-0.04,0.21,0.783,0.046,-0.004,0.463,0.305,0.566,-0.3,-0.157,0.239,0.485,-0.182,0.675,0.572,-0.025,0.428,0.352,0.503,0.476,0.523,-0.29,-0.209,0.245,0.437,-0.009,-0.009,-0.038,-0.314,0.817,0.067,0.569,-0.046,0.355,0.028,0.675,0.709,0.082,0.452,0.117,0.475,0.361,0.342,0.527,-0.111,0.089,0.283,0.613,-0.122,0.297,0.37,0.636,0.389,0.401,0.424,0.581,0.166,0.4,0.59,-0.15
ALLK,0.282,0.191,0.437,-0.031,0.618,0.114,0.342,0.0,0.574,0.633,0.217,-0.197,0.619,0.508,0.277,0.541,0.063,0.653,0.446,0.697,0.677,0.306,0.466,0.192,0.713,0.3,0.571,0.357,0.49,0.663,0.123,0.656,0.194,0.214,0.491,0.364,0.673,0.533,0.161,0.252,0.102,0.386,0.393,0.47,0.27,0.304,0.608,0.468,0.265,0.183,0.497,0.664,0.393,-0.069,0.354,0.673,-0.548,0.609,0.661,0.288,0.673,0.55,0.517,0.733,0.569,0.613,-0.139,0.226,0.468,0.636,0.348,0.331,0.328,0.31,-0.218,0.178,0.445,0.615,0.332,0.591,0.367,0.012,0.423,-0.151,0.436,0.446,-0.232,0.62,0.294,0.241,0.147,0.445,0.529,0.546,0.259,0.463,0.27,-0.036,0.653,-0.079,0.155,0.663,0.282,0.755,0.084,0.301,0.147,0.521,0.369,0.391,0.313,0.602,0.53,0.406,0.706,0.344,-0.017,0.609,0.318,0.527,0.403,0.076,0.352,0.341,0.318,0.651,0.675,0.335,0.686,0.635,0.005,0.424,0.674,0.431,0.65,0.288,0.277,0.435,0.393,0.259,0.354,0.592,0.311,0.519,0.414,0.591,0.437,0.597,0.239,0.346,0.671,0.498,0.282,0.514,0.571,0.456,0.307,0.599,0.382,0.322,0.532,-0.031,0.26,0.494,0.519,0.254,0.374,0.135,0.162,0.455,0.543,0.557,-0.368,0.736,0.265,0.304,0.496,-0.163,0.649,0.42,0.336,0.632,0.699,0.657,0.378,0.087,0.586,0.657,0.344,0.02,0.267,0.353,0.327,0.687,0.688,0.33,0.65,0.285,0.338,0.37
AMD,-0.352,-0.378,0.745,0.419,0.55,-0.484,0.132,0.574,0.0,0.586,-0.371,-0.019,0.8,0.236,0.554,0.836,0.648,0.848,-0.095,0.764,0.465,0.52,0.099,0.776,0.544,0.537,0.655,-0.169,0.906,0.517,0.337,0.424,0.494,-0.444,-0.08,0.364,0.432,0.192,-0.381,0.706,0.65,0.874,0.768,0.606,0.099,0.794,0.846,0.898,0.642,-0.191,0.085,0.412,0.889,-0.53,0.891,0.72,-0.273,0.818,0.638,-0.076,0.586,0.437,0.734,0.613,0.143,0.306,0.385,0.143,-0.18,0.753,0.841,0.078,0.785,0.248,-0.056,-0.001,0.507,0.216,-0.192,0.69,-0.196,-0.321,-0.074,-0.012,0.661,0.51,-0.57,0.213,0.501,-0.41,-0.586,0.135,0.807,0.268,-0.336,0.221,0.822,-0.582,0.152,-0.054,-0.331,0.737,0.712,0.635,0.693,0.861,0.736,0.755,-0.074,-0.13,0.283,0.843,0.652,0.399,0.7,0.775,-0.631,0.844,0.368,0.548,0.79,0.582,0.313,-0.288,0.848,0.702,0.654,0.79,0.577,0.404,-0.038,0.018,0.235,0.918,0.214,0.317,0.797,0.906,0.64,0.746,0.783,0.686,-0.073,0.599,0.867,0.03,0.887,0.288,0.751,0.733,0.82,-0.01,0.457,0.57,0.339,0.919,-0.136,0.734,0.409,-0.023,0.299,0.484,0.761,0.746,-0.025,0.742,0.801,0.601,0.303,0.177,0.805,0.271,-0.598,0.627,0.813,-0.172,0.235,-0.137,0.207,0.847,0.375,0.387,0.564,0.306,0.567,0.172,0.541,0.282,0.714,0.258,-0.121,-0.137,-0.267,0.531,0.528,-0.164,0.544,-0.087,-0.196,0.878
AMWD,0.276,0.225,0.536,-0.065,0.826,0.253,0.411,0.633,0.586,0.0,0.308,-0.354,0.73,0.558,0.207,0.524,-0.056,0.831,0.521,0.809,0.906,0.557,0.639,0.129,0.933,0.593,0.799,0.528,0.645,0.912,0.217,0.855,0.134,0.25,0.397,0.412,0.904,0.671,0.303,0.294,0.027,0.508,0.595,0.618,0.468,0.367,0.792,0.48,0.262,0.315,0.597,0.883,0.527,-0.202,0.406,0.909,-0.568,0.761,0.883,0.532,0.924,0.856,0.486,0.882,0.781,0.453,-0.23,0.177,0.453,0.833,0.562,0.544,0.369,0.449,-0.466,0.032,0.381,0.814,0.377,0.777,0.457,-0.168,0.655,-0.435,0.707,0.746,-0.43,0.822,0.216,0.307,0.018,0.578,0.619,0.783,0.037,0.779,0.308,-0.109,0.692,-0.167,0.198,0.905,0.085,0.919,0.067,0.44,0.122,0.696,0.346,0.624,0.352,0.822,0.54,0.607,0.873,0.22,-0.024,0.846,0.217,0.814,0.559,0.015,0.381,0.336,0.244,0.93,0.912,0.331,0.745,0.881,0.043,0.457,0.736,0.529,0.809,0.363,0.331,0.597,0.508,0.526,0.404,0.809,0.522,0.309,0.505,0.498,0.632,0.853,0.221,0.261,0.83,0.632,0.165,0.558,0.668,0.579,0.342,0.878,0.428,0.467,0.672,-0.082,0.229,0.676,0.648,0.261,0.329,0.15,-0.035,0.556,0.786,0.701,-0.585,0.925,0.379,0.478,0.791,-0.269,0.725,0.396,0.458,0.792,0.934,0.861,0.457,0.035,0.669,0.826,0.359,-0.009,0.439,0.568,0.243,0.907,0.887,0.506,0.588,0.372,0.481,0.257
ARDX,0.727,0.739,-0.175,-0.559,0.292,0.832,0.416,0.217,-0.371,0.308,0.0,-0.249,-0.155,0.456,-0.3,-0.299,-0.754,-0.094,0.742,0.058,0.475,-0.062,0.606,-0.678,0.367,-0.031,0.142,0.778,-0.311,0.421,-0.134,0.517,-0.29,0.83,0.638,0.077,0.448,0.56,0.763,-0.483,-0.676,-0.487,-0.331,0.087,0.388,-0.534,-0.172,-0.429,-0.467,0.557,0.627,0.485,-0.479,0.526,-0.541,0.133,-0.387,-0.126,0.207,0.646,0.343,0.422,-0.16,0.259,0.674,0.312,-0.725,0.147,0.821,0.015,-0.469,0.511,-0.478,0.284,-0.364,0.146,-0.031,0.656,0.673,0.082,0.779,0.336,0.728,-0.351,-0.032,0.176,0.253,0.679,-0.336,0.783,0.793,0.441,-0.219,0.481,0.671,0.534,-0.6,0.572,0.645,-0.332,0.697,0.145,-0.58,0.297,-0.721,-0.557,-0.719,-0.105,0.554,0.77,0.141,-0.071,-0.089,0.204,0.187,-0.546,0.714,-0.076,-0.162,0.255,-0.334,-0.595,0.13,0.708,-0.631,0.156,0.181,-0.543,0.25,0.499,0.02,0.555,0.647,-0.474,0.64,0.123,-0.567,-0.441,-0.203,-0.329,-0.465,0.074,0.61,-0.186,-0.411,0.627,-0.339,0.58,-0.585,-0.555,-0.032,0.775,-0.334,0.07,0.459,-0.437,0.638,0.126,0.009,0.634,0.5,-0.63,-0.611,-0.095,0.754,-0.503,-0.534,-0.55,-0.307,0.506,-0.144,0.427,0.091,0.278,-0.563,0.74,0.557,-0.125,0.621,-0.467,0.2,0.413,0.321,0.587,-0.151,-0.038,0.15,0.597,-0.426,-0.279,0.518,0.732,0.687,0.388,0.369,0.721,0.205,0.501,0.745,-0.621
ARQT,0.001,0.047,0.392,0.283,-0.089,-0.127,0.289,-0.197,-0.019,-0.354,-0.249,0.0,-0.028,0.053,0.594,0.051,0.149,-0.141,-0.209,-0.258,-0.395,-0.082,-0.12,0.168,-0.362,0.016,-0.118,-0.425,-0.078,-0.295,0.152,-0.205,0.397,-0.175,0.008,0.318,-0.389,-0.238,-0.037,0.283,0.204,0.03,-0.128,0.139,-0.265,0.005,-0.278,0.094,0.316,-0.289,-0.148,-0.264,0.043,0.259,-0.082,-0.209,0.423,0.075,-0.152,-0.498,-0.183,-0.023,-0.05,-0.306,-0.262,-0.236,0.357,0.23,-0.137,-0.124,-0.148,-0.099,0.074,-0.26,0.511,-0.194,-0.01,-0.184,0.087,-0.236,-0.111,0.208,-0.222,0.369,-0.274,0.001,0.061,-0.251,0.527,-0.328,-0.04,-0.596,0.079,-0.203,-0.071,-0.317,0.193,0.105,-0.2,0.375,0.196,-0.226,0.446,-0.232,0.253,0.038,0.191,0.163,-0.249,-0.164,0.352,0.032,0.157,-0.069,-0.177,0.233,-0.168,-0.08,0.17,-0.216,0.131,0.048,0.271,-0.242,0.09,-0.318,-0.176,0.225,-0.203,-0.105,0.343,-0.228,-0.479,0.069,-0.3,0.162,-0.046,-0.135,0.304,0.19,0.151,-0.152,0.132,-0.097,-0.027,-0.121,0.13,-0.227,0.044,0.096,-0.172,-0.292,-0.057,0.107,-0.115,-0.025,-0.264,-0.301,0.247,-0.199,-0.09,0.247,0.097,-0.094,-0.392,0.139,0.198,0.449,0.102,0.214,-0.258,0.006,0.443,-0.32,0.186,-0.094,-0.144,0.462,-0.366,0.126,0.17,-0.129,-0.471,-0.308,-0.072,0.44,-0.026,-0.239,0.086,0.65,-0.12,-0.035,-0.367,-0.249,-0.241,-0.3,-0.385,0.276,-0.01,-0.034
ASTE,-0.071,-0.079,0.636,0.385,0.667,-0.253,0.132,0.619,0.8,0.73,-0.155,-0.028,0.0,0.474,0.626,0.852,0.481,0.927,0.055,0.891,0.603,0.565,0.193,0.589,0.748,0.507,0.609,-0.045,0.85,0.582,0.231,0.535,0.43,-0.217,0.109,0.518,0.661,0.365,-0.152,0.653,0.57,0.84,0.671,0.698,0.098,0.713,0.821,0.646,0.707,-0.202,0.222,0.6,0.856,-0.483,0.757,0.795,-0.251,0.909,0.83,-0.035,0.756,0.604,0.455,0.845,0.432,0.227,0.238,0.28,0.041,0.816,0.797,0.041,0.761,0.113,0.034,-0.122,0.645,0.457,0.111,0.781,0.018,-0.136,0.263,-0.026,0.58,0.49,-0.413,0.415,0.614,-0.189,-0.415,0.088,0.611,0.427,-0.123,0.267,0.75,-0.303,0.429,0.044,-0.185,0.853,0.581,0.803,0.542,0.801,0.618,0.798,-0.004,0.12,0.313,0.876,0.842,0.254,0.811,0.681,-0.451,0.878,0.513,0.533,0.775,0.419,0.459,-0.202,0.725,0.876,0.841,0.69,0.784,0.626,0.153,0.251,0.382,0.807,0.51,0.11,0.751,0.866,0.756,0.589,0.781,0.831,0.12,0.498,0.78,0.182,0.817,0.512,0.675,0.658,0.888,0.2,0.509,0.434,0.411,0.875,-0.073,0.683,0.301,-0.001,0.463,0.321,0.676,0.787,0.252,0.588,0.799,0.653,0.311,0.251,0.893,0.551,-0.454,0.801,0.73,-0.028,0.354,0.027,0.449,0.674,0.397,0.68,0.653,0.481,0.716,0.331,0.743,0.427,0.781,0.206,0.139,0.148,-0.182,0.768,0.717,-0.04,0.541,0.284,0.132,0.621
AUPH,0.522,0.588,0.397,0.105,0.74,0.437,0.4,0.508,0.236,0.558,0.456,0.053,0.474,0.0,0.412,0.462,-0.085,0.489,0.408,0.529,0.522,0.349,0.318,0.057,0.632,0.226,0.296,0.319,0.365,0.538,0.199,0.769,0.256,0.325,0.689,0.507,0.557,0.329,0.524,0.255,0.048,0.281,-0.062,0.701,0.119,0.167,0.28,0.029,0.273,0.057,0.54,0.578,0.282,0.142,0.18,0.51,-0.178,0.464,0.707,0.317,0.643,0.573,0.381,0.666,0.652,0.149,-0.11,0.568,0.649,0.556,0.077,0.173,0.252,0.066,0.047,-0.194,0.521,0.701,0.557,0.435,0.454,0.411,0.508,0.134,0.096,0.376,0.128,0.602,0.466,0.43,0.345,0.164,0.355,0.327,0.517,0.363,0.204,0.465,0.836,-0.112,0.35,0.635,0.156,0.695,-0.029,0.137,0.042,0.604,0.067,0.463,0.249,0.504,0.681,0.1,0.601,0.2,0.305,0.464,0.525,0.281,0.41,0.13,0.736,0.299,0.062,0.628,0.6,0.1,0.659,0.657,0.346,0.725,0.633,0.237,0.678,0.045,0.148,0.217,0.484,0.046,0.259,0.597,0.363,0.028,0.231,0.611,0.323,0.604,0.183,0.228,0.582,0.695,0.126,0.435,0.377,0.279,0.127,0.335,0.256,0.289,0.603,-0.003,0.159,0.528,0.667,0.232,0.094,0.239,0.277,0.649,0.416,0.77,-0.038,0.572,0.19,0.372,0.508,0.174,0.443,0.178,0.679,0.817,0.56,0.609,0.522,0.372,0.735,0.544,0.355,0.186,0.663,0.569,0.267,0.715,0.572,0.282,0.442,0.809,0.66,-0.02
AVXL,-0.125,-0.079,0.696,0.483,0.451,-0.296,0.264,0.277,0.554,0.207,-0.3,0.594,0.626,0.412,0.0,0.647,0.486,0.54,-0.171,0.443,0.134,0.383,-0.032,0.587,0.258,0.357,0.304,-0.363,0.54,0.218,0.451,0.244,0.603,-0.3,0.112,0.526,0.162,0.007,-0.142,0.67,0.596,0.621,0.378,0.623,-0.068,0.491,0.326,0.467,0.718,-0.279,-0.014,0.205,0.607,-0.139,0.534,0.394,0.188,0.665,0.486,-0.347,0.36,0.357,0.345,0.376,0.064,0.043,0.473,0.429,-0.068,0.412,0.401,-0.098,0.591,-0.057,0.392,-0.232,0.449,0.167,0.072,0.383,-0.086,0.09,-0.032,0.314,0.183,0.331,-0.252,0.056,0.743,-0.371,-0.322,-0.342,0.497,0.056,-0.077,-0.059,0.68,-0.158,0.111,0.326,0.019,0.427,0.754,0.359,0.567,0.584,0.594,0.652,-0.196,-0.091,0.446,0.59,0.745,0.073,0.416,0.651,-0.453,0.517,0.491,0.183,0.6,0.405,0.492,-0.325,0.593,0.378,0.387,0.589,0.376,0.31,0.325,0.036,-0.072,0.583,0.125,0.204,0.518,0.513,0.721,0.547,0.583,0.438,0.089,0.3,0.571,0.009,0.665,0.147,0.53,0.566,0.518,-0.054,0.377,0.416,0.201,0.593,-0.272,0.236,0.341,-0.204,0.286,0.398,0.553,0.542,-0.088,0.605,0.734,0.775,0.324,0.365,0.472,0.32,-0.014,0.32,0.67,-0.138,0.11,0.295,0.011,0.616,0.447,0.306,0.114,0.086,0.436,0.492,0.548,0.052,0.662,0.529,0.054,-0.004,-0.364,0.347,0.246,-0.267,0.138,0.306,0.019,0.451
AZTA,-0.3,-0.099,0.639,0.687,0.606,-0.451,0.026,0.541,0.836,0.524,-0.299,0.051,0.852,0.462,0.647,0.0,0.702,0.846,-0.235,0.8,0.345,0.546,-0.105,0.768,0.522,0.307,0.403,-0.313,0.881,0.402,0.286,0.444,0.692,-0.361,0.032,0.557,0.411,0.046,-0.199,0.862,0.781,0.915,0.522,0.723,-0.215,0.867,0.689,0.606,0.769,-0.396,0.106,0.297,0.912,-0.633,0.883,0.632,0.0,0.83,0.698,-0.251,0.513,0.373,0.614,0.686,0.14,0.054,0.507,0.405,-0.055,0.79,0.745,-0.226,0.881,-0.143,0.338,-0.255,0.786,0.222,-0.046,0.556,-0.243,0.039,-0.071,0.351,0.298,0.321,-0.172,0.155,0.724,-0.305,-0.492,-0.061,0.639,0.071,-0.167,-0.013,0.889,-0.219,0.28,0.079,-0.343,0.727,0.742,0.669,0.736,0.87,0.798,0.813,-0.284,-0.121,0.233,0.788,0.841,0.021,0.712,0.866,-0.375,0.796,0.671,0.24,0.83,0.734,0.639,-0.374,0.845,0.733,0.709,0.701,0.73,0.356,0.315,0.286,0.247,0.892,0.235,-0.009,0.882,0.875,0.82,0.482,0.845,0.819,-0.139,0.453,0.875,0.163,0.795,0.228,0.859,0.855,0.822,0.122,0.608,0.472,0.149,0.909,-0.392,0.489,0.153,-0.221,0.218,0.628,0.85,0.848,0.082,0.813,0.777,0.81,0.643,0.158,0.826,0.408,-0.249,0.568,0.85,-0.301,0.146,0.187,0.195,0.775,0.585,0.572,0.537,0.21,0.864,0.55,0.789,0.15,0.887,0.351,0.135,-0.087,-0.346,0.548,0.522,-0.356,0.487,0.231,0.014,0.785
BAND,-0.699,-0.559,0.345,0.786,0.031,-0.861,-0.356,0.063,0.648,-0.056,-0.754,0.149,0.481,-0.085,0.486,0.702,0.0,0.42,-0.719,0.358,-0.23,0.25,-0.606,0.873,-0.059,0.06,0.005,-0.755,0.655,-0.172,0.244,-0.195,0.599,-0.768,-0.478,0.184,-0.184,-0.474,-0.683,0.761,0.954,0.764,0.398,0.296,-0.482,0.825,0.388,0.527,0.655,-0.637,-0.39,-0.295,0.763,-0.672,0.848,0.11,0.323,0.411,0.138,-0.648,-0.076,-0.216,0.403,0.124,-0.481,-0.231,0.825,0.151,-0.609,0.329,0.671,-0.589,0.751,-0.334,0.515,-0.253,0.508,-0.435,-0.514,0.193,-0.728,-0.108,-0.65,0.543,0.069,-0.084,-0.156,-0.488,0.515,-0.744,-0.827,-0.357,0.359,-0.447,-0.503,-0.501,0.86,-0.497,-0.354,0.147,-0.731,0.206,0.784,0.068,0.9,0.811,0.911,0.381,-0.591,-0.706,-0.067,0.358,0.471,-0.253,0.172,0.822,-0.67,0.36,0.48,-0.182,0.596,0.884,0.241,-0.804,0.893,0.211,0.144,0.685,0.217,-0.274,0.14,-0.261,-0.318,0.733,-0.393,-0.175,0.878,0.731,0.518,0.363,0.703,0.326,-0.643,0.354,0.708,-0.394,0.553,-0.403,0.89,0.806,0.361,-0.494,0.561,0.096,-0.313,0.721,-0.685,0.056,-0.071,-0.592,-0.298,0.826,0.866,0.524,-0.538,0.782,0.719,0.772,0.636,-0.384,0.48,-0.201,-0.116,0.014,0.785,-0.765,-0.422,0.261,-0.364,0.684,0.196,-0.032,-0.03,-0.423,0.596,0.362,0.288,-0.46,0.744,0.346,-0.358,-0.635,-0.663,-0.054,-0.031,-0.768,0.121,-0.29,-0.547,0.838
BECN,-0.102,-0.088,0.689,0.332,0.766,-0.211,0.237,0.653,0.848,0.831,-0.094,-0.141,0.927,0.489,0.54,0.846,0.42,0.0,0.102,0.893,0.698,0.646,0.297,0.595,0.812,0.609,0.687,0.076,0.859,0.718,0.299,0.673,0.435,-0.147,0.155,0.475,0.725,0.425,-0.062,0.653,0.504,0.838,0.737,0.772,0.225,0.706,0.869,0.692,0.627,-0.048,0.298,0.657,0.837,-0.475,0.771,0.904,-0.347,0.945,0.861,0.137,0.794,0.652,0.606,0.863,0.459,0.344,0.191,0.203,0.113,0.901,0.783,0.172,0.762,0.258,-0.111,-0.078,0.576,0.521,0.091,0.796,0.049,-0.207,0.305,-0.105,0.631,0.576,-0.456,0.496,0.532,-0.08,-0.368,0.261,0.729,0.482,-0.138,0.402,0.716,-0.328,0.444,-0.008,-0.107,0.893,0.515,0.856,0.468,0.779,0.577,0.833,0.091,0.226,0.327,0.902,0.777,0.387,0.857,0.661,-0.343,0.927,0.45,0.634,0.782,0.418,0.459,-0.061,0.673,0.925,0.879,0.631,0.806,0.67,0.138,0.319,0.482,0.849,0.539,0.244,0.707,0.875,0.719,0.636,0.747,0.857,0.193,0.539,0.813,0.25,0.861,0.57,0.631,0.625,0.944,0.307,0.529,0.617,0.455,0.876,-0.02,0.789,0.345,0.07,0.515,0.272,0.671,0.85,0.349,0.618,0.736,0.575,0.297,0.358,0.924,0.59,-0.537,0.846,0.732,0.079,0.484,-0.112,0.507,0.739,0.484,0.674,0.802,0.575,0.689,0.249,0.773,0.528,0.749,0.172,0.186,0.173,-0.055,0.782,0.757,0.078,0.595,0.23,0.157,0.666
BFC,0.816,0.537,0.095,-0.748,0.403,0.828,0.522,0.446,-0.095,0.521,0.742,-0.209,0.055,0.408,-0.171,-0.235,-0.719,0.102,0.0,0.25,0.726,-0.014,0.87,-0.597,0.574,0.237,0.548,0.91,-0.095,0.644,-0.044,0.628,-0.393,0.742,0.662,0.11,0.658,0.787,0.605,-0.503,-0.677,-0.363,0.025,0.069,0.619,-0.46,0.116,-0.032,-0.424,0.732,0.726,0.769,-0.323,0.56,-0.403,0.348,-0.654,0.08,0.375,0.752,0.627,0.655,0.017,0.425,0.853,0.578,-0.801,0.092,0.773,0.125,-0.217,0.788,-0.424,0.607,-0.646,0.326,-0.102,0.809,0.686,0.397,0.919,0.1,0.817,-0.621,0.407,0.48,-0.224,0.861,-0.304,0.647,0.695,0.633,0.088,0.811,0.562,0.8,-0.518,0.244,0.718,-0.312,0.675,0.363,-0.428,0.478,-0.63,-0.4,-0.674,0.019,0.711,0.815,0.251,0.203,-0.005,0.584,0.379,-0.489,0.402,0.181,-0.312,0.599,-0.162,-0.683,0.001,0.763,-0.462,0.314,0.351,-0.262,0.285,0.723,-0.27,0.399,0.744,-0.315,0.779,0.432,-0.501,-0.243,-0.148,0.041,-0.341,0.174,0.747,0.082,-0.268,0.655,-0.131,0.808,-0.543,-0.478,0.135,0.703,-0.441,0.185,0.792,-0.248,0.872,0.474,0.394,0.863,0.701,-0.657,-0.578,-0.076,0.735,-0.482,-0.318,-0.551,-0.486,0.613,0.038,0.452,-0.212,0.548,-0.463,0.896,0.697,-0.331,0.728,-0.297,0.078,0.467,0.459,0.823,-0.27,-0.31,0.106,0.831,-0.444,-0.281,0.423,0.816,0.695,0.587,0.577,0.898,0.344,0.398,0.652,-0.466
BGC,0.073,0.084,0.539,0.236,0.75,-0.073,0.132,0.697,0.764,0.809,0.058,-0.258,0.891,0.529,0.443,0.8,0.358,0.893,0.25,0.0,0.762,0.52,0.301,0.413,0.855,0.419,0.712,0.181,0.852,0.733,0.244,0.698,0.362,0.008,0.258,0.501,0.8,0.459,0.015,0.524,0.45,0.717,0.607,0.665,0.137,0.637,0.795,0.571,0.472,0.021,0.447,0.698,0.734,-0.416,0.701,0.794,-0.369,0.821,0.881,0.148,0.829,0.673,0.511,0.932,0.577,0.327,0.056,0.383,0.27,0.824,0.729,0.148,0.609,0.209,-0.092,-0.034,0.737,0.6,0.266,0.832,0.201,0.023,0.347,-0.064,0.593,0.525,-0.355,0.575,0.384,-0.036,-0.231,0.336,0.582,0.505,0.06,0.41,0.58,-0.206,0.585,-0.128,-0.125,0.922,0.448,0.898,0.406,0.694,0.416,0.699,0.102,0.258,0.276,0.844,0.772,0.305,0.897,0.527,-0.251,0.868,0.413,0.562,0.67,0.355,0.462,-0.057,0.627,0.926,0.868,0.555,0.873,0.694,0.068,0.411,0.645,0.688,0.641,0.16,0.671,0.807,0.658,0.493,0.622,0.898,0.165,0.522,0.724,0.402,0.672,0.628,0.578,0.559,0.867,0.435,0.372,0.399,0.575,0.783,0.092,0.766,0.276,0.238,0.544,0.25,0.51,0.798,0.419,0.509,0.619,0.442,0.325,0.304,0.912,0.506,-0.454,0.886,0.582,0.11,0.472,-0.086,0.619,0.553,0.485,0.774,0.777,0.605,0.715,0.27,0.776,0.545,0.633,0.035,0.281,0.292,-0.007,0.854,0.851,0.122,0.701,0.277,0.273,0.535
BHF,0.444,0.256,0.422,-0.351,0.738,0.417,0.429,0.677,0.465,0.906,0.475,-0.395,0.603,0.522,0.134,0.345,-0.23,0.698,0.726,0.762,0.0,0.433,0.78,-0.054,0.945,0.574,0.822,0.727,0.477,0.928,0.192,0.856,-0.063,0.43,0.503,0.302,0.945,0.823,0.354,0.021,-0.154,0.269,0.513,0.517,0.633,0.119,0.657,0.403,0.031,0.527,0.677,0.953,0.287,0.049,0.235,0.829,-0.705,0.629,0.802,0.676,0.916,0.845,0.387,0.86,0.877,0.646,-0.473,0.135,0.585,0.635,0.371,0.655,0.165,0.636,-0.596,0.204,0.271,0.879,0.477,0.82,0.644,-0.114,0.774,-0.556,0.725,0.694,-0.475,0.903,-0.004,0.407,0.22,0.688,0.494,0.864,0.278,0.835,0.064,-0.101,0.737,-0.274,0.358,0.824,-0.034,0.875,-0.157,0.216,-0.121,0.481,0.596,0.703,0.35,0.684,0.436,0.659,0.815,0.037,0.058,0.7,0.002,0.838,0.328,-0.204,0.186,0.489,0.099,0.828,0.774,0.163,0.711,0.9,-0.16,0.471,0.854,0.295,0.878,0.457,0.116,0.409,0.288,0.421,0.194,0.655,0.579,0.428,0.331,0.567,0.428,0.913,0.02,0.044,0.69,0.671,0.05,0.476,0.843,0.376,0.615,0.869,0.417,0.662,0.814,-0.31,0.009,0.516,0.743,0.045,0.239,-0.078,-0.177,0.598,0.658,0.619,-0.556,0.931,0.126,0.66,0.791,-0.385,0.877,0.24,0.319,0.708,0.86,0.936,0.234,-0.139,0.543,0.9,0.15,-0.208,0.403,0.642,0.478,0.901,0.889,0.699,0.643,0.308,0.512,0.114
BHFAL,-0.096,-0.001,0.538,0.278,0.601,-0.125,0.365,0.306,0.52,0.557,-0.062,-0.082,0.565,0.349,0.383,0.546,0.25,0.646,-0.014,0.52,0.433,0.0,0.244,0.477,0.527,0.432,0.414,0.066,0.491,0.474,0.502,0.551,0.373,-0.04,0.107,0.53,0.408,0.227,0.117,0.557,0.329,0.572,0.445,0.568,0.183,0.423,0.517,0.381,0.561,-0.11,0.195,0.465,0.522,-0.223,0.485,0.703,-0.068,0.657,0.634,0.108,0.475,0.525,0.507,0.549,0.314,0.258,0.202,0.243,0.096,0.562,0.434,0.194,0.517,0.085,-0.059,-0.09,0.298,0.387,0.092,0.556,0.078,-0.105,0.33,-0.073,0.344,0.459,-0.29,0.343,0.481,0.102,-0.184,0.166,0.497,0.345,-0.099,0.314,0.495,-0.14,0.26,0.294,0.083,0.569,0.306,0.549,0.267,0.512,0.408,0.698,0.043,0.256,0.559,0.606,0.439,0.284,0.528,0.434,-0.204,0.65,0.343,0.459,0.358,0.271,0.306,-0.008,0.395,0.619,0.631,0.246,0.479,0.464,0.329,0.271,0.203,0.527,0.403,0.321,0.432,0.538,0.606,0.499,0.463,0.565,0.214,0.164,0.561,0.126,0.667,0.456,0.331,0.429,0.627,0.229,0.423,0.589,0.332,0.553,-0.052,0.51,0.162,-0.023,0.394,0.125,0.43,0.704,0.309,0.492,0.521,0.425,0.06,0.368,0.643,0.611,-0.328,0.53,0.571,0.139,0.449,-0.019,0.355,0.455,0.471,0.438,0.519,0.366,0.405,0.23,0.523,0.329,0.514,0.188,0.296,0.176,-0.029,0.531,0.482,0.096,0.338,0.193,0.209,0.401
BKNG,0.63,0.388,0.354,-0.653,0.457,0.658,0.684,0.466,0.099,0.639,0.606,-0.12,0.193,0.318,-0.032,-0.105,-0.606,0.297,0.87,0.301,0.78,0.244,0.0,-0.394,0.618,0.455,0.695,0.852,0.028,0.73,0.058,0.677,-0.214,0.643,0.508,0.252,0.677,0.857,0.517,-0.288,-0.566,-0.173,0.299,0.177,0.695,-0.304,0.29,0.223,-0.244,0.71,0.698,0.821,-0.146,0.462,-0.259,0.571,-0.658,0.329,0.442,0.704,0.669,0.786,0.177,0.454,0.803,0.682,-0.682,-0.04,0.655,0.3,-0.04,0.919,-0.263,0.67,-0.686,0.332,-0.148,0.8,0.574,0.473,0.828,-0.105,0.833,-0.716,0.558,0.674,-0.411,0.876,-0.161,0.542,0.52,0.596,0.306,0.92,0.32,0.873,-0.32,0.042,0.595,-0.155,0.709,0.446,-0.328,0.549,-0.5,-0.196,-0.494,0.225,0.741,0.862,0.502,0.404,0.009,0.791,0.472,-0.324,0.245,0.373,-0.295,0.776,-0.049,-0.64,-0.002,0.704,-0.333,0.402,0.482,-0.139,0.319,0.799,-0.153,0.251,0.642,-0.088,0.748,0.676,-0.388,-0.067,0.025,0.346,-0.161,0.276,0.847,0.198,-0.072,0.555,0.154,0.832,-0.479,-0.367,0.266,0.592,-0.275,0.417,0.858,-0.078,0.823,0.646,0.53,0.808,0.728,-0.594,-0.425,0.083,0.653,-0.329,-0.112,-0.38,-0.533,0.694,0.164,0.528,-0.33,0.606,-0.224,0.926,0.8,-0.35,0.756,-0.073,0.128,0.436,0.551,0.839,-0.235,-0.255,0.163,0.897,-0.313,-0.103,0.32,0.779,0.6,0.605,0.649,0.895,0.321,0.336,0.596,-0.267
BL,-0.668,-0.594,0.546,0.716,0.194,-0.765,-0.136,0.192,0.776,0.129,-0.678,0.168,0.589,0.057,0.587,0.768,0.873,0.595,-0.597,0.413,-0.054,0.477,-0.394,0.0,0.099,0.33,0.114,-0.618,0.691,0.004,0.275,0.009,0.551,-0.768,-0.391,0.209,-0.045,-0.254,-0.605,0.785,0.868,0.85,0.526,0.49,-0.212,0.793,0.508,0.644,0.772,-0.592,-0.412,-0.089,0.823,-0.622,0.891,0.369,0.183,0.581,0.269,-0.416,0.105,-0.054,0.567,0.24,-0.33,-0.069,0.697,0.039,-0.525,0.444,0.665,-0.415,0.893,-0.111,0.359,-0.153,0.391,-0.279,-0.544,0.345,-0.646,-0.271,-0.457,0.384,0.231,0.057,-0.305,-0.32,0.636,-0.623,-0.78,-0.284,0.567,-0.266,-0.406,-0.323,0.908,-0.546,-0.247,0.147,-0.547,0.337,0.784,0.224,0.811,0.827,0.933,0.57,-0.414,-0.552,0.066,0.505,0.577,-0.083,0.29,0.894,-0.67,0.528,0.477,0.081,0.65,0.816,0.245,-0.596,0.896,0.36,0.285,0.691,0.303,-0.086,0.113,-0.09,-0.233,0.841,-0.244,-0.029,0.839,0.777,0.544,0.492,0.827,0.38,-0.472,0.433,0.784,-0.32,0.735,-0.211,0.869,0.782,0.561,-0.4,0.695,0.41,-0.173,0.814,-0.555,0.267,0.054,-0.541,-0.055,0.654,0.943,0.6,-0.348,0.831,0.834,0.789,0.475,-0.175,0.565,0.072,-0.315,0.179,0.833,-0.572,-0.254,0.099,-0.238,0.807,0.247,0.033,0.148,-0.186,0.555,0.307,0.351,-0.25,0.815,0.323,-0.312,-0.579,-0.484,0.091,0.062,-0.593,0.293,-0.205,-0.513,0.913
BOKF,0.363,0.275,0.45,-0.135,0.823,0.3,0.365,0.713,0.544,0.933,0.367,-0.362,0.748,0.632,0.258,0.522,-0.059,0.812,0.574,0.855,0.945,0.527,0.618,0.099,0.0,0.538,0.756,0.567,0.594,0.892,0.26,0.866,0.059,0.331,0.504,0.415,0.96,0.696,0.321,0.214,0.041,0.445,0.505,0.663,0.486,0.29,0.717,0.397,0.255,0.328,0.611,0.928,0.456,-0.097,0.381,0.881,-0.584,0.732,0.916,0.537,0.933,0.824,0.432,0.957,0.846,0.523,-0.284,0.255,0.523,0.756,0.48,0.472,0.345,0.455,-0.42,0.061,0.446,0.861,0.478,0.831,0.527,-0.042,0.718,-0.387,0.655,0.647,-0.387,0.836,0.195,0.358,0.113,0.591,0.519,0.77,0.228,0.726,0.253,-0.03,0.772,-0.163,0.239,0.906,0.11,0.943,0.003,0.364,0.076,0.633,0.422,0.617,0.354,0.753,0.602,0.504,0.867,0.216,0.004,0.777,0.212,0.754,0.481,0.001,0.355,0.366,0.247,0.927,0.87,0.279,0.81,0.896,0.023,0.539,0.815,0.438,0.891,0.296,0.305,0.542,0.466,0.402,0.35,0.77,0.486,0.419,0.454,0.536,0.54,0.882,0.209,0.244,0.806,0.665,0.19,0.504,0.724,0.525,0.412,0.826,0.355,0.473,0.756,-0.157,0.197,0.663,0.736,0.2,0.364,0.134,0.008,0.569,0.795,0.72,-0.507,0.974,0.29,0.499,0.732,-0.234,0.82,0.326,0.427,0.816,0.892,0.869,0.447,0.032,0.717,0.817,0.371,-0.107,0.47,0.581,0.357,0.963,0.913,0.537,0.652,0.398,0.519,0.213
BRKR,-0.008,-0.292,0.615,-0.095,0.49,0.008,0.397,0.3,0.537,0.593,-0.031,0.016,0.507,0.226,0.357,0.307,0.06,0.609,0.237,0.419,0.574,0.432,0.455,0.33,0.538,0.0,0.575,0.277,0.415,0.564,0.349,0.46,0.046,-0.135,0.063,0.055,0.486,0.49,0.017,0.22,0.116,0.426,0.658,0.534,0.692,0.219,0.623,0.585,0.26,0.24,0.104,0.577,0.418,0.009,0.391,0.696,-0.412,0.646,0.49,0.435,0.571,0.526,0.45,0.439,0.349,0.436,-0.044,-0.195,0.034,0.467,0.437,0.472,0.366,0.67,-0.432,0.093,-0.122,0.387,-0.07,0.656,0.155,-0.508,0.372,-0.464,0.711,0.628,-0.744,0.412,0.179,-0.006,-0.223,0.293,0.641,0.525,-0.157,0.537,0.323,-0.487,0.174,-0.034,0.206,0.524,0.213,0.476,0.117,0.358,0.245,0.489,0.393,0.277,0.319,0.618,0.354,0.647,0.473,0.287,-0.377,0.598,-0.01,0.735,0.433,-0.03,-0.017,0.22,0.242,0.547,0.449,0.346,0.289,0.554,-0.189,0.039,0.232,0.469,0.357,0.546,0.2,0.474,0.29,0.67,0.355,0.337,0.376,0.412,0.434,0.089,0.645,0.44,0.169,0.132,0.636,0.072,0.282,0.601,0.444,0.459,0.266,0.689,0.47,0.199,0.529,-0.139,0.295,0.466,0.244,0.276,0.512,0.235,-0.277,0.456,0.496,0.37,-0.581,0.572,0.402,0.354,0.5,-0.358,0.363,0.524,0.153,0.246,0.489,0.535,0.055,-0.213,0.293,0.53,0.35,0.109,0.039,0.17,0.121,0.465,0.428,0.364,0.303,0.022,-0.001,0.347
CACC,0.257,0.06,0.643,-0.19,0.672,0.144,0.453,0.571,0.655,0.799,0.142,-0.118,0.609,0.296,0.304,0.403,0.005,0.687,0.548,0.712,0.822,0.414,0.695,0.114,0.756,0.575,0.0,0.447,0.649,0.839,0.337,0.685,0.152,0.17,0.31,0.396,0.733,0.639,0.092,0.236,0.034,0.42,0.673,0.408,0.472,0.319,0.72,0.72,0.158,0.421,0.614,0.809,0.457,-0.043,0.37,0.755,-0.586,0.681,0.73,0.38,0.847,0.854,0.496,0.682,0.648,0.536,-0.186,0.161,0.295,0.631,0.592,0.672,0.226,0.572,-0.516,0.166,0.27,0.698,0.345,0.768,0.472,-0.208,0.478,-0.511,0.835,0.815,-0.667,0.725,0.126,0.045,-0.072,0.484,0.682,0.805,-0.097,0.769,0.258,-0.36,0.473,-0.164,0.187,0.779,0.257,0.731,0.167,0.448,0.076,0.559,0.345,0.483,0.519,0.794,0.378,0.818,0.793,0.144,-0.283,0.788,0.0,0.847,0.475,-0.083,0.182,0.193,0.311,0.706,0.724,0.494,0.521,0.783,-0.152,0.068,0.556,0.476,0.628,0.661,0.271,0.541,0.446,0.765,0.32,0.655,0.52,0.413,0.465,0.343,0.594,0.754,0.149,0.225,0.621,0.393,-0.119,0.448,0.837,0.526,0.455,0.9,0.685,0.622,0.627,-0.007,0.114,0.497,0.324,0.249,0.373,0.104,-0.15,0.517,0.663,0.398,-0.613,0.809,0.369,0.488,0.715,-0.337,0.609,0.406,0.297,0.543,0.667,0.718,0.189,-0.111,0.385,0.731,0.165,0.079,0.188,0.506,0.086,0.752,0.793,0.478,0.439,0.134,0.292,0.3
CAR,0.725,0.484,-0.027,-0.79,0.343,0.814,0.483,0.357,-0.169,0.528,0.778,-0.425,-0.045,0.319,-0.363,-0.313,-0.755,0.076,0.91,0.181,0.727,0.066,0.852,-0.618,0.567,0.277,0.447,0.0,-0.19,0.626,-0.035,0.626,-0.477,0.779,0.59,0.002,0.653,0.749,0.652,-0.564,-0.731,-0.42,0.009,0.047,0.698,-0.515,0.111,-0.128,-0.527,0.806,0.672,0.728,-0.4,0.537,-0.423,0.369,-0.665,0.023,0.304,0.887,0.524,0.56,0.037,0.385,0.803,0.61,-0.85,-0.049,0.768,0.11,-0.275,0.791,-0.468,0.644,-0.746,0.346,-0.216,0.752,0.587,0.35,0.858,0.027,0.844,-0.674,0.372,0.448,-0.186,0.823,-0.455,0.757,0.71,0.765,0.039,0.764,0.528,0.824,-0.588,0.242,0.649,-0.304,0.668,0.296,-0.605,0.436,-0.731,-0.473,-0.713,-0.053,0.778,0.845,0.188,0.108,-0.148,0.57,0.302,-0.541,0.512,0.114,-0.368,0.576,-0.277,-0.675,-0.107,0.856,-0.563,0.295,0.304,-0.444,0.242,0.653,-0.275,0.426,0.758,-0.372,0.747,0.432,-0.552,-0.274,-0.267,-0.042,-0.43,0.118,0.695,0.072,-0.301,0.631,-0.175,0.75,-0.612,-0.543,0.11,0.713,-0.348,0.212,0.704,-0.327,0.862,0.465,0.247,0.806,0.646,-0.742,-0.597,-0.056,0.8,-0.52,-0.403,-0.653,-0.529,0.572,0.023,0.431,-0.23,0.505,-0.512,0.909,0.691,-0.398,0.767,-0.345,0.05,0.395,0.531,0.806,-0.307,-0.409,0.086,0.809,-0.486,-0.392,0.445,0.764,0.81,0.514,0.536,0.962,0.337,0.289,0.629,-0.479
CDNA,-0.242,-0.19,0.665,0.511,0.608,-0.41,0.007,0.49,0.906,0.645,-0.311,-0.078,0.85,0.365,0.54,0.881,0.655,0.859,-0.095,0.852,0.477,0.491,0.028,0.691,0.594,0.415,0.649,-0.19,0.0,0.512,0.288,0.467,0.522,-0.403,-0.03,0.474,0.483,0.136,-0.308,0.748,0.683,0.911,0.656,0.602,-0.074,0.869,0.821,0.776,0.642,-0.255,0.185,0.415,0.936,-0.612,0.899,0.67,-0.177,0.798,0.731,-0.118,0.642,0.489,0.629,0.7,0.229,0.073,0.395,0.314,-0.107,0.803,0.9,-0.043,0.787,0.076,0.06,-0.168,0.701,0.283,-0.066,0.697,-0.17,-0.115,-0.05,0.099,0.585,0.482,-0.423,0.247,0.544,-0.371,-0.582,0.054,0.732,0.239,-0.295,0.192,0.828,-0.424,0.273,-0.118,-0.417,0.828,0.701,0.694,0.731,0.916,0.705,0.771,-0.263,-0.106,0.204,0.869,0.761,0.258,0.777,0.706,-0.531,0.887,0.497,0.445,0.849,0.635,0.491,-0.393,0.842,0.794,0.732,0.826,0.661,0.431,0.073,0.132,0.305,0.896,0.277,0.124,0.873,0.94,0.725,0.674,0.822,0.843,-0.103,0.434,0.865,0.077,0.815,0.324,0.822,0.778,0.815,0.101,0.369,0.373,0.316,0.947,-0.227,0.699,0.368,0.023,0.264,0.589,0.755,0.789,0.018,0.769,0.72,0.656,0.452,0.112,0.888,0.311,-0.524,0.662,0.825,-0.213,0.232,-0.039,0.21,0.74,0.46,0.553,0.585,0.311,0.751,0.302,0.626,0.245,0.739,0.248,0.052,-0.022,-0.374,0.616,0.615,-0.226,0.509,0.1,-0.051,0.767
CG,0.367,0.271,0.532,-0.211,0.823,0.364,0.546,0.663,0.517,0.912,0.421,-0.295,0.582,0.538,0.218,0.402,-0.172,0.718,0.644,0.733,0.928,0.474,0.73,0.004,0.892,0.564,0.839,0.626,0.512,0.0,0.34,0.877,0.114,0.408,0.52,0.342,0.876,0.742,0.378,0.168,-0.085,0.339,0.556,0.59,0.577,0.203,0.668,0.446,0.101,0.516,0.697,0.895,0.35,-0.016,0.274,0.832,-0.613,0.665,0.821,0.59,0.892,0.863,0.515,0.814,0.8,0.603,-0.316,0.218,0.561,0.686,0.387,0.68,0.19,0.576,-0.532,0.128,0.293,0.863,0.458,0.731,0.606,-0.141,0.679,-0.466,0.668,0.749,-0.436,0.875,0.081,0.364,0.174,0.682,0.597,0.815,0.167,0.852,0.15,-0.092,0.679,-0.172,0.384,0.812,0.062,0.85,-0.053,0.282,-0.035,0.569,0.52,0.702,0.436,0.727,0.445,0.705,0.827,0.103,0.058,0.738,0.087,0.843,0.424,-0.115,0.316,0.449,0.126,0.814,0.806,0.223,0.685,0.887,-0.033,0.426,0.775,0.384,0.824,0.529,0.154,0.437,0.416,0.498,0.204,0.693,0.63,0.35,0.39,0.591,0.52,0.87,0.059,0.118,0.728,0.699,0.019,0.606,0.792,0.425,0.499,0.827,0.469,0.598,0.752,-0.181,0.06,0.595,0.664,0.172,0.237,0.01,-0.115,0.685,0.666,0.613,-0.523,0.884,0.247,0.606,0.869,-0.31,0.781,0.341,0.484,0.694,0.87,0.884,0.267,-0.037,0.598,0.876,0.193,-0.065,0.427,0.634,0.366,0.868,0.831,0.628,0.568,0.309,0.516,0.182
CGBD,-0.02,-0.018,0.415,0.203,0.481,-0.102,0.372,0.123,0.337,0.217,-0.134,0.152,0.231,0.199,0.451,0.286,0.244,0.299,-0.044,0.244,0.192,0.502,0.058,0.275,0.26,0.349,0.337,-0.035,0.288,0.34,0.0,0.321,0.329,-0.0,0.271,0.376,0.163,-0.052,0.127,0.425,0.3,0.322,0.238,0.394,0.146,0.213,0.231,0.264,0.342,0.13,0.155,0.241,0.274,0.07,0.304,0.345,0.074,0.367,0.421,-0.006,0.224,0.344,0.424,0.241,0.113,0.222,0.367,0.409,0.058,0.204,0.224,0.19,0.208,0.1,0.013,-0.132,0.125,0.246,0.145,0.319,0.108,0.029,0.1,0.075,0.181,0.416,-0.245,0.144,0.285,0.001,-0.083,0.158,0.438,0.154,-0.177,0.258,0.306,-0.089,0.047,0.359,0.147,0.292,0.388,0.225,0.278,0.278,0.289,0.434,-0.051,0.125,0.599,0.35,0.242,0.299,0.275,0.268,-0.237,0.347,0.217,0.254,0.281,0.278,0.205,-0.027,0.226,0.264,0.255,0.215,0.128,0.263,0.277,-0.012,-0.017,0.288,0.195,0.451,0.226,0.277,0.463,0.46,0.106,0.257,0.184,0.095,0.333,0.082,0.425,0.199,0.171,0.353,0.329,0.113,0.051,0.461,0.251,0.294,-0.096,0.233,0.258,-0.055,0.161,0.179,0.194,0.512,0.049,0.461,0.338,0.356,0.055,0.419,0.38,0.212,-0.119,0.254,0.441,0.051,0.329,0.173,0.098,0.296,0.503,0.184,0.166,0.112,0.088,0.151,0.354,0.09,0.308,0.272,0.305,0.132,-0.157,0.271,0.201,0.04,-0.054,0.021,0.12,0.232
