,ACET,ADAP,ADI,ADPT,ADTN,AGEN,ALGN,ALLK,AMD,AMWD,ARDX,ARQT,ASTE,AUPH,AVXL,AZTA,BAND,BECN,BFC,BGC,BHF,BHFAL,BKNG,BL,BOKF,BRKR,CACC,CAR,CDNA,CG,CGBD,CHI,CHTR,CHX,CLNE,CME,CNOB,CNXN,CPRX,CSGP,CSGS,CSIQ,CVCO,CVLT,CYRX,DDOG,DOOO,DSGX,DTIL,ECPG,EEFT,EFSC,ENTG,ESPR,ETSY,EXC,FAMI,FFIV,FITB,FIZZ,FMBH,FOX,FTNT,FULT,GABC,GEN,GH,GMAB,GNPX,GO,GOGL,GOOG,GPRO,GSHD,GSM,GWAV,HAIN,HBAN,HEPA,HURN,HWKN,IBIO,ICFI,IGMS,IMKTA,INCY,INO,IRDM,IRTC,IRWD,ITCI,JACK,JD,JJSF,KALA,KHC,KLAC,KRRO,KRYS,LANC,LBTYA,LIVN,LKCO,LNTH,LOGI,LPRO,LRCX,LSCC,LSTR,MAR,MARA,MCHP,MEOH,META,MGTX,MKSI,MMYT,MORN,MRUS,MTLS,MTSI,MVIS,MXL,NBIX,NFE,NMIH,NMRK,NNDM,NSIT,NTCT,NVAX,OCUL,ODP,OLED,ONB,OTEX,PACB,PATK,PAYX,PEP,PERI,PI,PLYA,PRDO,PRGS,PTGX,QCOM,QCRH,QDEL,QFIN,RGEN,RILY,RPAY,RPD,SABR,SEDG,SHEN,SIRI,SLNO,SNDL,SNEX,SONO,SPT,SSNC,STGW,STKL,STRL,STX,SWTX,SYNA,TFSL,TIGR,TNXP,TOWN,TRI,TRIP,TRMB,TRNS,TRS,TSCO,TSEM,TVTX,TXRH,VC,VCEL,VECO,VIAV,VICR,VIR,VRTX,VSTM,VTRS,WDFC,WSBC,WSC,WYNN,XENE,XNCR,XRAY,ZS
ACET,0.0,-0.189,0.251,-0.042,0.398,-0.272,0.436,0.137,0.328,0.182,0.437,-0.123,0.315,0.021,0.008,0.497,-0.07,0.383,0.469,0.408,0.552,0.306,0.541,-0.129,0.413,0.252,0.225,0.166,0.095,0.183,0.385,0.216,-0.087,0.383,0.352,0.547,0.603,0.428,0.342,0.213,0.242,0.493,0.711,0.211,0.017,-0.075,0.085,-0.116,0.342,0.221,0.32,0.478,0.382,0.386,-0.195,0.458,-0.148,0.226,0.419,0.018,0.618,0.435,-0.027,0.556,0.552,0.096,0.133,-0.157,0.404,-0.125,0.149,0.405,0.444,0.133,0.341,-0.025,0.026,0.337,0.13,0.375,0.429,0.026,0.388,-0.081,0.301,-0.135,-0.22,0.234,0.016,0.435,0.185,0.084,0.056,0.527,0.075,0.192,0.267,-0.046,0.153,0.365,0.113,0.348,0.29,0.343,-0.023,0.051,0.146,0.289,0.22,0.42,0.112,0.279,0.327,0.304,0.523,0.434,0.259,0.065,0.128,0.294,0.339,0.056,0.277,-0.043,0.283,0.364,0.414,0.257,0.469,0.383,-0.227,0.003,0.28,0.447,0.547,0.159,0.539,0.413,0.3,0.285,0.585,0.299,0.136,0.46,0.329,-0.157,0.187,0.573,-0.237,0.016,-0.017,0.191,0.056,0.269,0.403,-0.022,0.525,0.182,0.002,0.459,0.414,0.118,-0.001,0.272,0.605,0.08,0.285,0.445,-0.028,0.422,0.547,0.241,0.329,0.579,0.142,0.414,0.493,0.471,0.433,-0.122,0.652,0.02,0.393,0.376,0.068,0.242,0.149,0.012,-0.15,-0.207,0.215,0.342,0.317,0.557,0.254,0.427,0.044,0.356,0.354,-0.283
ADAP,-0.189,0.0,0.531,0.087,0.218,0.881,0.471,-0.296,0.218,0.471,-0.409,0.177,0.433,-0.279,-0.11,0.22,0.368,0.406,0.02,0.281,0.256,0.426,0.093,0.644,0.338,-0.08,0.56,0.658,0.517,0.467,0.449,0.689,0.632,0.529,0.449,0.285,0.153,0.358,0.168,0.151,0.099,0.012,-0.039,0.471,0.335,0.232,0.522,0.672,0.203,0.255,0.47,0.338,0.46,0.485,0.278,0.483,0.131,0.31,0.424,0.058,0.09,0.262,0.401,-0.041,-0.009,0.565,-0.375,-0.224,0.445,-0.316,0.304,0.398,0.379,0.403,-0.198,0.105,0.394,0.421,0.262,0.204,0.213,-0.086,0.309,-0.115,0.138,-0.184,-0.147,0.532,-0.174,-0.463,-0.12,0.401,0.586,0.077,0.54,0.461,0.413,0.164,-0.334,0.418,0.57,0.02,0.529,0.461,0.407,0.184,0.393,0.478,-0.198,0.242,0.55,0.556,0.455,0.121,-0.519,0.42,0.418,0.69,0.315,0.265,0.529,0.187,0.464,0.015,-0.022,0.262,0.467,-0.176,0.161,0.102,0.026,0.129,0.395,0.375,0.174,0.764,0.273,0.103,0.578,0.48,-0.255,0.08,0.551,0.114,0.284,-0.07,0.543,0.156,0.09,0.096,-0.368,0.528,0.576,0.758,0.285,0.689,0.072,0.682,-0.31,0.052,0.475,0.258,0.736,0.454,0.106,0.788,0.333,0.358,0.18,0.39,0.153,0.118,-0.003,0.13,0.683,0.093,0.133,0.152,0.238,0.561,0.059,-0.062,0.321,0.259,0.368,0.442,0.592,0.419,0.392,0.065,0.349,0.378,0.107,0.09,0.487,0.417,-0.48,-0.483,0.218,0.848
ADI,0.251,0.531,0.0,0.432,0.225,0.463,0.817,0.206,0.42,0.913,-0.347,-0.117,0.891,0.0,0.184,0.779,0.606,0.891,0.552,0.766,0.684,0.474,0.385,0.565,0.871,-0.181,0.888,0.862,0.333,0.871,0.729,0.925,0.213,0.771,0.851,0.395,0.549,0.825,0.432,0.565,-0.054,0.105,0.385,0.169,0.596,0.517,0.874,0.749,0.626,0.812,0.71,0.761,0.9,0.787,0.345,0.576,0.383,0.065,0.845,0.414,0.515,0.368,0.004,0.253,0.235,0.054,-0.601,-0.166,0.746,-0.505,0.842,0.578,0.411,0.893,-0.169,-0.266,0.193,0.916,0.722,0.091,0.257,-0.381,0.483,0.041,0.011,-0.437,-0.435,0.928,-0.312,-0.167,0.357,0.823,0.878,0.435,0.561,0.863,0.931,0.517,-0.467,0.754,0.82,-0.046,0.834,0.579,0.455,0.524,0.867,0.953,-0.331,0.512,0.738,0.937,0.891,0.471,-0.308,0.883,0.864,0.359,0.74,0.018,0.911,0.499,0.966,-0.215,-0.14,0.716,0.805,-0.268,0.257,-0.057,0.173,0.494,0.483,0.874,0.561,0.838,0.658,0.78,0.884,0.585,0.043,0.606,0.882,0.191,0.124,0.029,0.939,0.562,0.187,0.426,-0.703,0.905,0.734,0.672,0.789,0.698,0.271,0.827,-0.537,0.347,0.795,0.58,0.668,0.571,0.443,0.662,0.837,0.405,0.486,0.569,0.417,0.667,-0.02,0.481,0.675,0.234,0.823,0.412,0.416,0.54,0.488,-0.117,0.583,0.576,0.367,0.912,0.906,0.817,0.419,-0.242,0.082,0.287,0.479,0.405,0.933,0.739,-0.73,-0.174,0.217,0.598
ADPT,-0.042,0.087,0.432,0.0,-0.529,0.176,0.044,0.758,0.625,0.409,-0.511,-0.151,0.285,0.577,0.56,0.122,0.915,0.375,0.34,0.097,-0.118,-0.281,-0.49,0.596,0.366,-0.766,0.293,0.116,-0.214,0.517,-0.078,0.445,-0.251,0.067,0.151,-0.461,-0.258,0.431,0.265,0.77,-0.851,-0.658,-0.333,-0.586,0.787,0.943,0.416,0.7,0.738,0.639,-0.206,0.041,0.184,0.436,0.738,-0.337,0.671,-0.678,0.052,0.653,-0.299,-0.551,-0.222,-0.591,-0.569,-0.386,-0.584,0.65,0.276,-0.417,0.787,0.36,-0.33,0.701,-0.795,-0.582,0.282,0.293,0.799,-0.705,-0.53,-0.399,-0.492,0.538,-0.61,-0.02,0.365,0.534,-0.272,-0.281,0.588,0.611,0.694,-0.416,0.104,0.623,0.65,0.876,-0.595,0.169,0.373,-0.811,0.19,-0.127,0.791,0.907,0.708,0.5,-0.66,-0.437,0.396,0.222,0.242,0.692,-0.568,0.226,0.212,-0.145,0.64,-0.576,0.409,0.802,0.406,0.089,-0.744,0.027,0.007,-0.727,-0.662,-0.767,0.681,0.865,-0.435,0.193,-0.326,0.293,-0.186,0.46,0.226,0.173,-0.354,0.134,0.351,-0.623,-0.731,0.386,0.612,-0.276,0.823,0.7,-0.662,0.448,0.755,0.039,-0.005,0.462,-0.621,-0.044,-0.819,0.363,0.132,0.822,-0.124,-0.287,-0.271,-0.027,0.637,-0.449,0.909,-0.395,-0.468,0.746,-0.489,-0.383,-0.13,-0.636,0.268,-0.183,-0.517,0.46,-0.319,-0.419,-0.39,-0.266,-0.009,0.479,0.563,0.742,0.694,0.198,-0.497,-0.591,0.458,-0.489,0.291,-0.063,-0.362,-0.196,-0.715,0.5
ADTN,0.398,0.218,0.225,-0.529,0.0,0.195,0.61,-0.309,-0.051,0.302,0.643,0.384,0.333,-0.106,-0.063,0.602,-0.344,0.272,0.251,0.308,0.585,0.756,0.787,-0.005,0.257,0.754,0.196,0.4,0.628,0.138,0.587,0.241,0.492,0.366,0.386,0.77,0.647,0.161,0.449,-0.058,0.793,0.855,0.702,0.779,-0.228,-0.422,0.205,-0.097,-0.05,-0.042,0.549,0.424,0.481,0.242,-0.305,0.733,-0.381,0.749,0.487,-0.076,0.654,0.827,0.547,0.782,0.79,0.557,0.43,-0.468,0.194,0.267,-0.15,0.373,0.762,-0.07,0.524,0.324,0.158,0.284,-0.162,0.788,0.847,0.252,0.748,-0.272,0.596,0.073,-0.267,0.13,0.378,0.425,0.02,-0.038,-0.079,0.757,0.476,0.071,0.05,-0.338,0.454,0.304,0.315,0.828,0.322,0.665,-0.278,-0.445,-0.026,0.191,0.611,0.722,-0.047,0.348,0.278,0.071,0.632,0.453,0.269,0.556,-0.145,0.484,0.368,-0.288,0.215,0.221,0.767,0.493,0.385,0.567,0.828,0.815,-0.233,-0.265,0.575,0.343,0.656,0.376,0.707,0.251,0.351,0.513,0.723,0.511,0.161,0.775,0.835,-0.052,0.051,0.636,-0.435,-0.249,0.337,0.036,-0.137,0.571,0.448,0.243,0.77,0.491,0.5,0.001,0.39,-0.288,0.572,0.795,0.475,0.46,-0.05,0.715,-0.348,0.732,0.691,-0.292,0.48,0.706,0.555,0.685,0.321,0.474,0.725,0.029,0.646,0.552,0.742,0.739,0.565,0.149,0.071,-0.2,-0.104,0.01,0.82,0.79,0.107,0.72,0.355,0.451,0.174,0.444,0.822,-0.075
AGEN,-0.272,0.881,0.463,0.176,0.195,0.0,0.392,-0.144,0.255,0.451,-0.372,0.325,0.395,-0.173,0.087,0.203,0.418,0.372,0.004,0.154,0.144,0.356,-0.022,0.761,0.309,-0.132,0.49,0.565,0.596,0.367,0.34,0.663,0.617,0.424,0.35,0.186,0.074,0.3,0.34,0.304,0.019,-0.083,-0.137,0.399,0.461,0.301,0.515,0.737,0.273,0.21,0.342,0.281,0.348,0.475,0.422,0.362,0.218,0.224,0.338,0.227,0.011,0.154,0.453,-0.121,-0.035,0.527,-0.377,-0.073,0.349,-0.283,0.316,0.419,0.408,0.4,-0.325,0.082,0.556,0.375,0.323,0.156,0.088,-0.171,0.19,-0.049,0.073,0.022,0.015,0.478,-0.014,-0.457,0.084,0.374,0.552,0.021,0.571,0.491,0.38,0.28,-0.413,0.356,0.622,0.004,0.393,0.419,0.451,0.262,0.413,0.454,-0.218,0.135,0.561,0.472,0.352,0.21,-0.517,0.38,0.354,0.709,0.274,0.144,0.487,0.354,0.42,0.185,-0.064,0.212,0.329,-0.241,0.047,0.017,0.226,0.202,0.282,0.289,0.094,0.764,0.151,0.106,0.497,0.513,-0.263,0.125,0.468,0.055,0.17,0.121,0.525,0.071,0.178,0.266,-0.357,0.455,0.513,0.738,0.162,0.74,-0.007,0.6,-0.334,-0.035,0.405,0.286,0.673,0.429,-0.048,0.776,0.299,0.275,0.235,0.269,0.072,0.194,-0.1,0.049,0.637,-0.028,0.131,-0.015,0.136,0.697,-0.095,-0.08,0.181,0.209,0.395,0.412,0.577,0.437,0.549,0.255,0.372,0.322,0.136,-0.008,0.437,0.276,-0.378,-0.318,0.145,0.87
ALGN,0.436,0.471,0.817,0.044,0.61,0.392,0.0,0.038,0.247,0.82,0.062,0.058,0.867,-0.062,0.087,0.812,0.243,0.839,0.533,0.743,0.852,0.729,0.71,0.357,0.836,0.232,0.795,0.856,0.616,0.698,0.898,0.802,0.334,0.823,0.877,0.671,0.81,0.754,0.57,0.394,0.335,0.521,0.651,0.542,0.352,0.176,0.742,0.477,0.477,0.636,0.849,0.844,0.868,0.754,0.088,0.826,0.076,0.41,0.911,0.267,0.776,0.691,0.204,0.628,0.606,0.288,-0.263,-0.379,0.657,-0.352,0.541,0.618,0.725,0.601,0.149,-0.014,0.226,0.852,0.427,0.522,0.62,-0.253,0.74,-0.115,0.256,-0.286,-0.479,0.756,-0.089,0.085,0.272,0.59,0.6,0.734,0.618,0.725,0.698,0.226,-0.191,0.771,0.786,0.373,0.777,0.803,0.167,0.176,0.607,0.817,-0.007,0.756,0.499,0.849,0.844,0.403,0.099,0.857,0.828,0.524,0.436,0.252,0.81,0.249,0.833,-0.079,0.302,0.857,0.84,0.116,0.614,0.364,-0.016,0.247,0.68,0.826,0.806,0.79,0.88,0.735,0.882,0.619,0.426,0.725,0.76,0.495,0.499,-0.003,0.721,0.787,-0.098,0.207,-0.377,0.697,0.477,0.792,0.84,0.64,0.6,0.835,-0.179,0.366,0.836,0.302,0.742,0.811,0.611,0.686,0.615,0.645,0.137,0.791,0.7,0.374,0.335,0.767,0.731,0.581,0.804,0.641,0.713,0.378,0.719,0.193,0.812,0.778,0.51,0.775,0.688,0.496,0.262,-0.237,0.513,0.64,0.452,0.715,0.865,0.813,-0.455,0.121,0.609,0.354
ALLK,0.137,-0.296,0.206,0.758,-0.309,-0.144,0.038,0.0,0.421,0.285,-0.049,0.006,0.223,0.76,0.764,0.198,0.627,0.278,0.449,-0.046,-0.109,-0.158,-0.324,0.357,0.303,-0.456,0.023,-0.125,-0.248,0.326,-0.13,0.177,-0.307,-0.122,0.032,-0.415,-0.126,0.302,0.493,0.773,-0.667,-0.377,-0.154,-0.541,0.649,0.732,0.281,0.356,0.685,0.487,-0.312,0.016,0.07,0.264,0.607,-0.362,0.587,-0.623,-0.018,0.764,-0.127,-0.445,-0.224,-0.304,-0.277,-0.436,-0.264,0.675,0.012,-0.113,0.586,0.329,-0.194,0.501,-0.615,-0.519,0.309,0.174,0.642,-0.513,-0.334,-0.396,-0.419,0.628,-0.478,0.295,0.434,0.271,0.039,0.114,0.823,0.358,0.354,-0.198,0.024,0.5,0.45,0.777,-0.305,0.046,0.268,-0.528,-0.023,-0.021,0.564,0.69,0.552,0.331,-0.307,-0.371,-0.004,0.049,0.055,0.693,-0.07,0.172,0.067,-0.198,0.396,-0.668,0.202,0.685,0.217,0.323,-0.495,0.089,-0.158,-0.443,-0.515,-0.554,0.729,0.81,-0.503,0.053,-0.207,0.033,-0.147,0.51,0.059,0.123,0.036,0.36,0.069,-0.509,-0.666,0.591,0.365,-0.166,0.71,0.745,-0.372,0.142,0.422,-0.106,-0.057,0.284,-0.426,-0.257,-0.507,0.301,0.058,0.565,-0.315,-0.187,-0.269,-0.224,0.425,-0.439,0.699,-0.406,-0.342,0.601,-0.299,-0.214,-0.347,-0.512,0.312,-0.145,-0.437,0.334,-0.205,-0.167,-0.358,-0.208,0.042,0.309,0.231,0.472,0.602,0.33,-0.337,-0.473,0.546,-0.317,0.131,-0.218,0.01,0.35,-0.517,0.093
AMD,0.328,0.218,0.42,0.625,-0.051,0.255,0.247,0.421,0.0,0.311,-0.066,-0.196,0.292,0.277,0.226,0.396,0.597,0.39,0.206,0.268,0.199,-0.018,-0.04,0.433,0.374,-0.441,0.316,0.16,0.098,0.315,0.107,0.495,-0.083,0.333,0.278,0.165,0.109,0.503,0.413,0.651,-0.302,-0.237,0.136,-0.137,0.513,0.529,0.216,0.514,0.688,0.422,0.087,0.239,0.334,0.632,0.321,0.14,0.337,-0.132,0.205,0.271,-0.007,-0.132,0.084,-0.179,-0.127,0.089,-0.222,0.289,0.534,-0.351,0.548,0.725,0.093,0.458,-0.309,-0.299,0.265,0.283,0.55,-0.223,-0.088,-0.149,-0.208,0.119,-0.093,-0.149,0.232,0.454,-0.215,0.079,0.368,0.444,0.573,-0.041,0.31,0.469,0.538,0.47,-0.26,0.357,0.324,-0.344,0.151,0.053,0.576,0.654,0.489,0.451,-0.302,-0.02,0.453,0.191,0.327,0.756,-0.165,0.362,0.172,0.074,0.397,0.033,0.486,0.508,0.351,0.127,-0.249,0.06,0.172,-0.256,-0.14,-0.109,0.269,0.437,-0.092,0.407,0.012,0.44,0.149,0.376,0.344,0.506,0.069,0.05,0.247,0.018,-0.136,0.108,0.555,0.07,0.336,0.323,-0.348,0.414,0.664,0.375,0.128,0.366,-0.109,0.107,-0.573,0.563,0.221,0.6,0.032,-0.053,0.263,0.197,0.565,0.177,0.625,0.083,-0.038,0.511,-0.025,0.024,0.161,-0.211,0.282,0.19,-0.1,0.237,0.182,-0.384,-0.121,0.032,0.048,0.457,0.504,0.395,0.451,0.171,-0.057,-0.097,0.462,-0.077,0.273,0.209,-0.13,-0.101,-0.276,0.381
AMWD,0.182,0.471,0.913,0.409,0.302,0.451,0.82,0.285,0.311,0.0,-0.275,0.074,0.915,0.151,0.296,0.757,0.594,0.908,0.619,0.714,0.662,0.519,0.391,0.567,0.858,-0.069,0.83,0.848,0.367,0.868,0.725,0.844,0.241,0.673,0.859,0.32,0.565,0.816,0.515,0.554,-0.042,0.138,0.397,0.219,0.646,0.508,0.865,0.716,0.572,0.845,0.619,0.752,0.863,0.728,0.41,0.529,0.319,0.075,0.831,0.517,0.522,0.354,0.09,0.31,0.297,0.1,-0.484,-0.049,0.636,-0.391,0.782,0.54,0.456,0.872,-0.235,-0.19,0.277,0.897,0.657,0.173,0.331,-0.379,0.518,0.164,-0.028,-0.272,-0.334,0.878,-0.197,-0.182,0.443,0.844,0.818,0.478,0.534,0.854,0.883,0.537,-0.364,0.735,0.821,-0.007,0.761,0.641,0.465,0.453,0.858,0.919,-0.242,0.473,0.579,0.883,0.829,0.477,-0.215,0.842,0.819,0.407,0.605,-0.099,0.899,0.482,0.925,-0.078,-0.089,0.784,0.736,-0.286,0.272,-0.036,0.294,0.592,0.464,0.794,0.567,0.78,0.67,0.848,0.862,0.545,0.092,0.73,0.796,0.13,0.12,0.153,0.865,0.582,0.291,0.496,-0.634,0.817,0.68,0.631,0.768,0.756,0.242,0.774,-0.431,0.261,0.789,0.564,0.654,0.597,0.316,0.608,0.771,0.343,0.449,0.52,0.416,0.602,-0.039,0.502,0.598,0.23,0.822,0.412,0.436,0.595,0.444,0.045,0.606,0.609,0.54,0.896,0.858,0.816,0.461,-0.13,0.142,0.279,0.522,0.425,0.926,0.649,-0.628,-0.027,0.252,0.519
ARDX,0.437,-0.409,-0.347,-0.511,0.643,-0.372,0.062,-0.049,-0.066,-0.275,0.0,0.334,-0.234,0.183,0.086,0.239,-0.536,-0.249,0.082,-0.21,0.114,0.309,0.473,-0.394,-0.235,0.659,-0.447,-0.335,0.19,-0.368,-0.008,-0.368,0.036,-0.206,-0.218,0.419,0.24,-0.299,0.338,-0.118,0.565,0.661,0.466,0.315,-0.47,-0.516,-0.29,-0.546,-0.16,-0.427,-0.054,-0.098,-0.042,-0.152,-0.371,0.161,-0.427,0.381,-0.117,-0.115,0.271,0.364,0.416,0.526,0.536,0.216,0.8,-0.112,-0.219,0.628,-0.448,0.141,0.307,-0.495,0.491,0.193,0.024,-0.285,-0.367,0.449,0.52,0.402,0.231,-0.109,0.387,0.43,0.19,-0.442,0.555,0.832,0.124,-0.544,-0.559,0.374,0.057,-0.371,-0.391,-0.406,0.717,-0.271,-0.245,0.661,-0.254,0.129,-0.425,-0.52,-0.414,-0.31,0.755,0.273,-0.531,-0.289,-0.301,0.09,0.886,-0.04,-0.301,0.047,-0.42,0.24,-0.17,-0.344,-0.342,0.447,0.677,-0.004,-0.23,0.678,0.475,0.64,-0.105,-0.351,0.011,-0.186,0.208,-0.226,0.262,-0.056,-0.291,0.105,0.816,0.197,-0.419,0.5,0.467,0.062,-0.455,0.196,-0.368,-0.322,0.746,-0.551,-0.505,-0.016,-0.07,-0.288,0.478,-0.246,0.688,-0.1,-0.196,-0.476,-0.071,0.293,0.185,-0.169,-0.463,0.285,-0.383,0.253,0.272,-0.48,0.431,0.31,-0.054,0.327,-0.096,0.124,0.278,-0.361,0.369,0.539,0.18,0.29,0.251,-0.341,-0.516,-0.628,-0.226,0.231,0.584,0.35,-0.055,0.355,-0.271,-0.137,0.756,0.749,0.435,-0.584
ARQT,-0.123,0.177,-0.117,-0.151,0.384,0.325,0.058,0.006,-0.196,0.074,0.334,0.0,-0.062,0.274,0.482,0.096,0.015,-0.096,0.252,-0.377,-0.168,0.402,0.031,0.356,-0.178,0.431,-0.244,-0.048,0.356,-0.045,-0.07,-0.026,0.476,-0.288,-0.191,0.032,-0.11,-0.254,0.459,0.095,0.183,0.276,-0.082,0.214,0.066,-0.041,0.144,0.111,-0.131,-0.24,-0.227,-0.168,0.036,-0.104,0.434,-0.055,-0.144,0.121,-0.113,0.33,-0.064,0.104,0.67,0.097,0.197,0.439,0.42,0.28,-0.219,0.594,-0.188,0.076,0.205,-0.067,-0.18,0.091,0.497,-0.116,-0.038,0.223,0.249,0.261,0.186,0.202,0.054,0.79,0.415,-0.159,0.744,0.092,0.373,-0.23,-0.179,-0.031,0.279,-0.065,-0.099,0.071,0.295,-0.308,0.128,0.36,0.016,0.311,0.164,-0.26,0.013,-0.033,0.482,-0.07,-0.245,0.044,-0.282,0.119,0.144,0.106,-0.126,0.512,-0.143,-0.23,0.117,0.155,-0.112,0.728,0.267,-0.075,-0.213,0.128,0.109,0.123,0.431,0.065,-0.096,-0.264,-0.09,0.183,0.042,-0.034,-0.133,0.222,0.178,0.294,-0.167,0.002,0.119,0.356,-0.175,-0.096,0.189,0.227,0.354,-0.33,-0.174,0.245,-0.199,0.334,0.026,0.031,0.388,-0.605,-0.038,-0.254,0.295,0.43,-0.441,0.208,-0.385,0.035,-0.133,0.024,-0.067,-0.273,-0.115,-0.019,0.194,-0.134,-0.123,-0.394,0.054,0.426,-0.201,0.529,0.073,0.173,0.614,-0.121,-0.132,-0.024,0.32,0.659,0.483,0.133,-0.138,-0.048,-0.056,-0.297,0.435,0.419,0.163,0.121
ASTE,0.315,0.433,0.891,0.285,0.333,0.395,0.867,0.223,0.292,0.915,-0.234,-0.062,0.0,0.005,0.201,0.761,0.456,0.941,0.62,0.803,0.783,0.574,0.486,0.445,0.946,-0.054,0.893,0.865,0.362,0.786,0.808,0.832,0.235,0.791,0.91,0.458,0.728,0.888,0.46,0.534,0.033,0.213,0.495,0.321,0.632,0.404,0.788,0.611,0.563,0.822,0.705,0.901,0.844,0.768,0.249,0.65,0.297,0.158,0.926,0.441,0.689,0.456,-0.091,0.459,0.45,0.181,-0.539,-0.18,0.715,-0.53,0.725,0.558,0.601,0.814,-0.099,-0.046,0.269,0.956,0.614,0.33,0.384,-0.502,0.591,0.078,0.031,-0.373,-0.461,0.856,-0.319,-0.196,0.37,0.799,0.766,0.622,0.418,0.871,0.86,0.449,-0.404,0.869,0.85,0.08,0.701,0.731,0.381,0.441,0.819,0.912,-0.249,0.581,0.595,0.874,0.894,0.374,-0.104,0.895,0.873,0.423,0.528,0.013,0.816,0.419,0.911,-0.185,-0.004,0.85,0.825,-0.261,0.385,0.077,0.126,0.482,0.556,0.858,0.716,0.733,0.706,0.846,0.944,0.556,0.151,0.712,0.778,0.239,0.208,0.129,0.861,0.732,0.124,0.497,-0.684,0.864,0.617,0.646,0.83,0.647,0.361,0.818,-0.463,0.419,0.921,0.512,0.58,0.604,0.474,0.598,0.819,0.472,0.335,0.563,0.606,0.64,0.149,0.672,0.554,0.36,0.892,0.553,0.562,0.537,0.57,-0.126,0.646,0.605,0.343,0.909,0.814,0.731,0.334,-0.26,0.149,0.437,0.648,0.582,0.907,0.765,-0.658,-0.011,0.396,0.436
AUPH,0.021,-0.279,0.0,0.577,-0.106,-0.173,-0.062,0.76,0.277,0.151,0.183,0.274,0.005,0.0,0.771,0.104,0.499,0.038,0.454,-0.242,-0.22,-0.035,-0.301,0.255,0.057,-0.217,-0.191,-0.216,-0.22,0.255,-0.175,-0.038,-0.19,-0.347,-0.188,-0.415,-0.257,-0.008,0.368,0.561,-0.542,-0.206,-0.161,-0.385,0.412,0.572,0.148,0.217,0.437,0.291,-0.463,-0.213,-0.014,0.063,0.56,-0.461,0.363,-0.522,-0.182,0.722,-0.233,-0.395,0.023,-0.296,-0.288,-0.273,0.055,0.742,-0.12,0.206,0.343,0.181,-0.249,0.257,-0.597,-0.357,0.313,-0.043,0.448,-0.471,-0.166,-0.013,-0.426,0.682,-0.551,0.456,0.667,0.073,0.193,0.215,0.705,0.132,0.165,-0.235,-0.019,0.257,0.229,0.602,0.002,-0.188,0.133,-0.411,-0.099,-0.069,0.484,0.44,0.34,0.133,-0.06,-0.437,-0.285,-0.136,-0.166,0.61,0.106,0.035,-0.117,-0.119,0.179,-0.704,0.122,0.464,-0.007,0.523,-0.303,-0.03,-0.389,-0.342,-0.458,-0.442,0.781,0.725,-0.63,-0.221,-0.345,-0.11,-0.115,0.373,-0.147,0.075,0.164,0.346,-0.068,-0.502,-0.531,0.657,0.11,-0.301,0.766,0.546,-0.073,-0.142,0.277,-0.207,-0.211,0.229,-0.473,-0.358,-0.195,0.08,-0.135,0.382,-0.255,-0.156,-0.468,-0.323,0.144,-0.515,0.603,-0.452,-0.432,0.297,-0.317,-0.335,-0.403,-0.547,0.042,-0.269,-0.467,0.221,-0.283,0.116,-0.348,-0.158,0.28,0.109,0.035,0.242,0.575,0.47,-0.155,-0.5,0.35,-0.384,-0.007,-0.379,0.267,0.382,-0.496,0.009
AVXL,0.008,-0.11,0.184,0.56,-0.063,0.087,0.087,0.764,0.226,0.296,0.086,0.482,0.201,0.771,0.0,0.255,0.589,0.181,0.556,-0.206,-0.156,0.139,-0.263,0.525,0.214,-0.209,-0.026,-0.058,-0.043,0.297,-0.119,0.186,0.031,-0.21,-0.063,-0.294,-0.164,0.113,0.58,0.742,-0.504,-0.162,-0.214,-0.352,0.588,0.635,0.367,0.413,0.494,0.29,-0.365,-0.034,0.138,0.19,0.764,-0.337,0.536,-0.529,-0.015,0.859,-0.122,-0.286,0.094,-0.201,-0.133,-0.129,-0.088,0.685,-0.009,0.172,0.446,0.277,-0.058,0.458,-0.65,-0.335,0.537,0.152,0.637,-0.348,-0.148,-0.193,-0.227,0.631,-0.45,0.6,0.547,0.192,0.339,0.099,0.905,0.187,0.249,-0.185,0.146,0.43,0.384,0.767,-0.192,-0.128,0.421,-0.265,0.045,0.184,0.605,0.476,0.543,0.338,-0.065,-0.309,-0.098,0.131,-0.041,0.615,-0.039,0.284,0.067,0.153,0.337,-0.726,0.253,0.723,0.166,0.63,-0.288,0.034,-0.207,-0.399,-0.381,-0.466,0.886,0.73,-0.469,-0.048,-0.218,0.158,-0.065,0.411,0.013,0.266,0.129,0.457,0.067,-0.441,-0.524,0.801,0.267,-0.19,0.693,0.771,-0.208,0.01,0.286,0.048,-0.119,0.41,-0.357,-0.111,-0.27,-0.103,0.091,0.334,-0.049,0.129,-0.463,-0.09,0.178,-0.376,0.536,-0.336,-0.311,0.413,-0.286,-0.165,-0.151,-0.537,0.222,-0.412,-0.336,0.555,-0.284,0.028,-0.24,-0.09,0.302,0.26,0.151,0.429,0.68,0.604,-0.031,-0.293,0.392,-0.285,0.123,-0.289,0.175,0.414,-0.353,0.233
AZTA,0.497,0.22,0.779,0.122,0.602,0.203,0.812,0.198,0.396,0.757,0.239,0.096,0.761,0.104,0.255,0.0,0.271,0.737,0.615,0.661,0.741,0.642,0.67,0.33,0.727,0.23,0.608,0.629,0.385,0.624,0.666,0.678,0.219,0.594,0.713,0.657,0.695,0.642,0.654,0.496,0.301,0.485,0.688,0.304,0.326,0.174,0.672,0.388,0.482,0.544,0.629,0.708,0.881,0.653,0.118,0.651,0.145,0.288,0.774,0.369,0.676,0.563,0.228,0.603,0.592,0.171,-0.115,-0.2,0.612,-0.085,0.572,0.651,0.579,0.616,0.138,-0.174,0.165,0.752,0.519,0.368,0.556,-0.125,0.64,-0.018,0.258,-0.173,-0.361,0.641,0.051,0.329,0.462,0.508,0.515,0.694,0.585,0.604,0.713,0.255,-0.015,0.593,0.652,0.379,0.666,0.66,0.2,0.216,0.644,0.766,0.15,0.686,0.435,0.756,0.704,0.508,0.258,0.891,0.664,0.371,0.459,0.134,0.804,0.286,0.746,0.048,0.246,0.695,0.653,0.094,0.564,0.339,0.124,0.273,0.463,0.783,0.702,0.669,0.815,0.76,0.695,0.691,0.513,0.746,0.566,0.516,0.398,0.096,0.646,0.703,-0.047,0.263,-0.259,0.571,0.371,0.616,0.75,0.487,0.576,0.673,-0.097,0.222,0.677,0.244,0.582,0.736,0.553,0.504,0.547,0.591,0.237,0.705,0.603,0.406,0.217,0.695,0.632,0.435,0.813,0.44,0.582,0.333,0.729,0.168,0.688,0.751,0.51,0.72,0.579,0.442,0.226,-0.085,0.368,0.497,0.469,0.637,0.772,0.631,-0.288,0.29,0.488,0.194
BAND,-0.07,0.368,0.606,0.915,-0.344,0.418,0.243,0.627,0.597,0.594,-0.536,0.015,0.456,0.499,0.589,0.271,0.0,0.515,0.434,0.192,0.009,-0.056,-0.36,0.771,0.494,-0.671,0.464,0.342,-0.072,0.652,0.1,0.638,-0.004,0.235,0.299,-0.275,-0.14,0.535,0.373,0.795,-0.726,-0.53,-0.271,-0.383,0.847,0.948,0.605,0.866,0.747,0.699,-0.041,0.188,0.393,0.57,0.799,-0.14,0.691,-0.555,0.229,0.703,-0.194,-0.369,-0.039,-0.472,-0.45,-0.165,-0.617,0.544,0.431,-0.413,0.846,0.471,-0.151,0.831,-0.8,-0.505,0.419,0.454,0.86,-0.551,-0.335,-0.392,-0.276,0.513,-0.528,-0.019,0.283,0.662,-0.272,-0.325,0.596,0.696,0.825,-0.298,0.275,0.748,0.768,0.891,-0.626,0.277,0.58,-0.677,0.384,0.09,0.877,0.864,0.836,0.674,-0.608,-0.274,0.473,0.436,0.392,0.697,-0.619,0.425,0.359,0.124,0.694,-0.511,0.591,0.827,0.564,0.146,-0.639,0.145,0.172,-0.719,-0.508,-0.663,0.706,0.879,-0.258,0.324,-0.191,0.523,-0.006,0.529,0.415,0.334,-0.322,0.236,0.509,-0.529,-0.573,0.389,0.746,-0.157,0.795,0.717,-0.722,0.578,0.869,0.294,0.134,0.661,-0.49,0.215,-0.815,0.289,0.317,0.833,0.181,-0.03,-0.202,0.203,0.679,-0.29,0.881,-0.189,-0.338,0.725,-0.39,-0.244,0.106,-0.545,0.347,-0.128,-0.349,0.653,-0.217,-0.385,-0.191,-0.082,0.176,0.64,0.714,0.853,0.776,0.226,-0.296,-0.378,0.471,-0.358,0.46,0.087,-0.445,-0.247,-0.536,0.717
BECN,0.383,0.406,0.891,0.375,0.272,0.372,0.839,0.278,0.39,0.908,-0.249,-0.096,0.941,0.038,0.181,0.737,0.515,0.0,0.598,0.818,0.776,0.499,0.459,0.454,0.94,-0.105,0.883,0.837,0.379,0.797,0.801,0.836,0.162,0.792,0.884,0.385,0.721,0.932,0.507,0.55,-0.022,0.184,0.514,0.274,0.658,0.449,0.787,0.642,0.637,0.856,0.686,0.881,0.804,0.8,0.286,0.611,0.282,0.127,0.904,0.419,0.665,0.411,-0.063,0.397,0.394,0.089,-0.539,-0.127,0.767,-0.563,0.757,0.592,0.563,0.83,-0.138,-0.154,0.292,0.942,0.608,0.261,0.356,-0.46,0.527,0.076,0.054,-0.381,-0.423,0.89,-0.318,-0.147,0.39,0.82,0.78,0.574,0.41,0.866,0.864,0.473,-0.432,0.844,0.796,0.01,0.715,0.669,0.414,0.486,0.809,0.904,-0.283,0.542,0.661,0.85,0.881,0.47,-0.134,0.86,0.855,0.364,0.561,0.015,0.858,0.485,0.934,-0.197,-0.058,0.825,0.81,-0.248,0.35,0.041,0.133,0.518,0.544,0.861,0.693,0.741,0.697,0.873,0.9,0.489,0.116,0.676,0.809,0.235,0.174,0.075,0.877,0.714,0.159,0.462,-0.693,0.871,0.673,0.645,0.801,0.666,0.335,0.77,-0.519,0.483,0.87,0.633,0.539,0.542,0.49,0.597,0.86,0.444,0.386,0.545,0.561,0.703,0.085,0.617,0.536,0.325,0.887,0.577,0.518,0.532,0.557,-0.139,0.621,0.58,0.375,0.904,0.859,0.758,0.352,-0.263,0.115,0.372,0.59,0.544,0.906,0.75,-0.648,0.024,0.314,0.422
BFC,0.469,0.02,0.552,0.34,0.251,0.004,0.533,0.449,0.206,0.619,0.082,0.252,0.62,0.454,0.556,0.615,0.434,0.598,0.0,0.365,0.417,0.436,0.249,0.338,0.609,0.085,0.391,0.399,0.007,0.645,0.398,0.451,0.115,0.237,0.464,0.174,0.403,0.497,0.48,0.52,-0.142,0.195,0.399,0.069,0.495,0.404,0.567,0.347,0.453,0.585,0.179,0.486,0.64,0.4,0.409,0.196,0.199,-0.071,0.516,0.629,0.489,0.188,-0.064,0.318,0.338,-0.034,-0.199,0.26,0.364,-0.063,0.559,0.401,0.319,0.604,-0.263,-0.183,0.344,0.575,0.569,0.077,0.329,-0.15,0.345,0.466,-0.159,0.074,0.023,0.553,0.008,0.059,0.565,0.463,0.45,0.371,0.15,0.558,0.638,0.485,-0.078,0.393,0.506,0.041,0.467,0.487,0.433,0.36,0.66,0.627,0.042,0.179,0.168,0.557,0.432,0.451,0.115,0.655,0.46,0.254,0.36,-0.331,0.639,0.443,0.545,0.147,-0.104,0.514,0.375,-0.304,0.17,-0.076,0.384,0.579,0.044,0.429,0.362,0.376,0.52,0.701,0.486,0.417,0.26,0.697,0.364,-0.025,-0.041,0.369,0.489,0.426,0.387,0.585,-0.374,0.375,0.358,0.272,0.453,0.427,0.11,0.35,-0.24,0.167,0.591,0.397,0.208,0.41,0.112,0.209,0.496,0.065,0.424,0.183,0.281,0.509,-0.106,0.39,0.164,0.043,0.639,0.155,0.208,0.451,0.338,0.049,0.365,0.38,0.432,0.561,0.459,0.544,0.315,0.067,-0.004,0.056,0.553,0.313,0.557,0.277,-0.222,0.26,0.107,0.114
BGC,0.408,0.281,0.766,0.097,0.308,0.154,0.743,-0.046,0.268,0.714,-0.21,-0.377,0.803,-0.242,-0.206,0.661,0.192,0.818,0.365,0.0,0.898,0.383,0.658,0.049,0.85,-0.043,0.875,0.811,0.242,0.619,0.798,0.647,-0.067,0.862,0.871,0.572,0.805,0.816,0.171,0.211,0.205,0.325,0.649,0.289,0.283,0.127,0.523,0.345,0.338,0.725,0.802,0.885,0.711,0.683,-0.17,0.722,0.063,0.272,0.898,0.013,0.73,0.588,-0.214,0.552,0.484,0.071,-0.46,-0.461,0.79,-0.614,0.543,0.332,0.484,0.592,0.257,-0.003,-0.182,0.869,0.364,0.366,0.381,-0.369,0.605,-0.304,0.144,-0.722,-0.709,0.737,-0.482,-0.095,0.034,0.69,0.593,0.701,0.28,0.592,0.674,0.096,-0.285,0.861,0.59,0.135,0.664,0.493,0.023,0.243,0.53,0.723,-0.265,0.761,0.645,0.726,0.923,0.156,0.027,0.745,0.837,0.095,0.434,0.294,0.676,0.113,0.824,-0.559,0.143,0.803,0.895,-0.053,0.526,0.224,-0.269,0.138,0.731,0.91,0.807,0.518,0.726,0.731,0.828,0.317,0.224,0.478,0.748,0.473,0.369,-0.273,0.682,0.819,-0.23,0.097,-0.584,0.838,0.469,0.457,0.919,0.321,0.54,0.773,-0.324,0.516,0.756,0.39,0.476,0.434,0.755,0.434,0.759,0.612,0.086,0.657,0.727,0.509,0.271,0.725,0.493,0.615,0.831,0.733,0.683,0.083,0.764,-0.189,0.735,0.677,0.119,0.769,0.704,0.513,-0.063,-0.649,0.074,0.445,0.38,0.705,0.832,0.923,-0.659,-0.1,0.434,0.171
BHF,0.552,0.256,0.684,-0.118,0.585,0.144,0.852,-0.109,0.199,0.662,0.114,-0.168,0.783,-0.22,-0.156,0.741,0.009,0.776,0.417,0.898,0.0,0.611,0.863,-0.01,0.816,0.244,0.766,0.784,0.428,0.551,0.89,0.594,0.079,0.842,0.832,0.756,0.94,0.728,0.33,0.172,0.439,0.609,0.811,0.52,0.155,-0.052,0.526,0.22,0.317,0.581,0.851,0.915,0.719,0.659,-0.243,0.85,-0.114,0.454,0.926,0.001,0.883,0.789,-0.007,0.773,0.733,0.213,-0.219,-0.536,0.733,-0.427,0.383,0.411,0.688,0.444,0.401,0.113,-0.057,0.833,0.226,0.606,0.616,-0.248,0.758,-0.338,0.302,-0.516,-0.642,0.65,-0.256,0.116,0.08,0.495,0.427,0.855,0.397,0.527,0.551,-0.02,-0.087,0.804,0.598,0.427,0.62,0.666,-0.113,0.043,0.406,0.655,0.023,0.889,0.477,0.71,0.846,0.196,0.287,0.769,0.81,0.27,0.284,0.42,0.667,0.037,0.743,-0.343,0.433,0.85,0.867,0.19,0.743,0.49,-0.279,0.02,0.795,0.844,0.927,0.539,0.858,0.716,0.789,0.409,0.506,0.604,0.676,0.667,0.59,-0.216,0.555,0.928,-0.358,0.007,-0.351,0.676,0.303,0.57,0.923,0.343,0.74,0.78,-0.083,0.467,0.773,0.215,0.551,0.652,0.808,0.501,0.602,0.751,-0.077,0.796,0.869,0.356,0.415,0.881,0.573,0.769,0.817,0.784,0.838,0.07,0.87,0.042,0.852,0.816,0.288,0.677,0.568,0.321,-0.063,-0.534,0.385,0.656,0.338,0.873,0.798,0.913,-0.435,0.156,0.673,0.06
BHFAL,0.306,0.426,0.474,-0.281,0.756,0.356,0.729,-0.158,-0.018,0.519,0.309,0.402,0.574,-0.035,0.139,0.642,-0.056,0.499,0.436,0.383,0.611,0.0,0.636,0.242,0.465,0.554,0.424,0.59,0.655,0.413,0.676,0.479,0.615,0.472,0.515,0.619,0.626,0.353,0.459,0.133,0.523,0.685,0.516,0.667,0.126,-0.127,0.501,0.192,0.145,0.196,0.579,0.577,0.623,0.403,0.068,0.677,-0.158,0.539,0.652,0.162,0.667,0.717,0.371,0.663,0.691,0.548,0.111,-0.301,0.398,0.062,0.115,0.395,0.757,0.265,0.217,0.251,0.36,0.538,0.129,0.67,0.715,0.054,0.75,-0.113,0.381,0.078,-0.287,0.385,0.246,0.095,0.205,0.171,0.192,0.665,0.487,0.382,0.336,0.016,0.11,0.423,0.55,0.621,0.533,0.848,0.061,-0.155,0.302,0.464,0.387,0.629,0.191,0.61,0.437,0.131,0.321,0.671,0.519,0.695,0.123,0.218,0.542,0.044,0.451,0.229,0.491,0.567,0.529,0.286,0.692,0.529,-0.011,0.016,0.54,0.469,0.638,0.572,0.703,0.411,0.553,0.583,0.426,0.595,0.419,0.557,0.611,0.154,0.349,0.624,-0.176,0.098,-0.005,0.294,0.098,0.679,0.521,0.443,0.597,0.68,0.192,-0.018,0.644,-0.082,0.648,0.837,0.351,0.649,0.181,0.643,-0.146,0.663,0.654,0.032,0.256,0.674,0.64,0.489,0.499,0.355,0.676,0.397,0.512,0.401,0.719,0.63,0.637,0.4,0.286,0.155,0.148,0.083,0.626,0.713,0.234,0.635,0.539,0.502,-0.127,0.276,0.721,0.184
BKNG,0.541,0.093,0.385,-0.49,0.787,-0.022,0.71,-0.324,-0.04,0.391,0.473,0.031,0.486,-0.301,-0.263,0.67,-0.36,0.459,0.249,0.658,0.863,0.636,0.0,-0.254,0.488,0.582,0.427,0.537,0.454,0.23,0.74,0.28,0.099,0.6,0.588,0.862,0.866,0.371,0.312,-0.108,0.759,0.864,0.875,0.615,-0.248,-0.425,0.287,-0.123,0.0,0.195,0.753,0.672,0.572,0.365,-0.481,0.817,-0.368,0.627,0.696,-0.212,0.831,0.889,0.243,0.918,0.866,0.289,0.21,-0.668,0.449,-0.003,0.015,0.255,0.671,0.069,0.684,0.198,-0.199,0.528,-0.119,0.768,0.772,0.05,0.836,-0.486,0.507,-0.307,-0.598,0.275,0.071,0.43,-0.046,0.104,0.031,0.884,0.385,0.143,0.193,-0.37,0.307,0.492,0.316,0.75,0.458,0.569,-0.442,-0.375,0.048,0.343,0.408,0.937,0.178,0.493,0.565,0.011,0.582,0.573,0.546,0.225,-0.001,0.563,0.429,-0.269,0.44,-0.205,0.731,0.688,0.663,0.56,0.905,0.758,-0.424,-0.323,0.785,0.605,0.887,0.33,0.835,0.456,0.488,0.286,0.733,0.538,0.368,0.843,0.802,-0.331,0.169,0.859,-0.62,-0.296,0.115,0.289,-0.091,0.445,0.771,0.101,0.909,0.603,0.381,0.167,0.499,-0.204,0.546,0.725,0.771,0.387,0.172,0.804,-0.416,0.869,0.87,-0.056,0.56,0.882,0.555,0.896,0.582,0.672,0.902,-0.189,0.905,0.354,0.881,0.88,0.348,0.351,0.19,-0.073,-0.295,-0.449,0.616,0.757,0.054,0.921,0.534,0.729,-0.069,0.38,0.848,-0.224
BL,-0.129,0.644,0.565,0.596,-0.005,0.761,0.357,0.357,0.433,0.567,-0.394,0.356,0.445,0.255,0.525,0.33,0.771,0.454,0.338,0.049,-0.01,0.242,-0.254,0.0,0.375,-0.293,0.407,0.419,0.342,0.579,0.187,0.724,0.513,0.222,0.295,-0.084,-0.097,0.395,0.551,0.667,-0.354,-0.302,-0.225,0.032,0.73,0.684,0.659,0.86,0.599,0.416,0.096,0.171,0.435,0.479,0.787,0.097,0.547,-0.139,0.26,0.636,-0.117,-0.129,0.348,-0.318,-0.237,0.203,-0.445,0.367,0.286,-0.201,0.629,0.593,0.179,0.666,-0.674,-0.296,0.69,0.393,0.686,-0.203,-0.071,-0.187,-0.014,0.436,-0.138,0.224,0.257,0.59,0.088,-0.348,0.489,0.514,0.694,-0.161,0.545,0.665,0.629,0.675,-0.478,0.251,0.646,-0.278,0.454,0.366,0.8,0.59,0.707,0.595,-0.272,-0.142,0.48,0.516,0.294,0.569,-0.567,0.459,0.299,0.598,0.521,-0.251,0.597,0.686,0.48,0.354,-0.393,0.147,0.189,-0.48,-0.25,-0.319,0.606,0.641,-0.087,0.258,-0.107,0.751,0.083,0.333,0.446,0.609,-0.29,0.293,0.457,-0.263,-0.215,0.43,0.662,-0.104,0.613,0.609,-0.476,0.454,0.67,0.637,0.057,0.844,-0.276,0.397,-0.543,0.019,0.392,0.535,0.446,0.33,-0.262,0.545,0.436,-0.061,0.651,0.012,-0.195,0.467,-0.317,-0.121,0.458,-0.384,0.263,-0.206,-0.18,0.869,-0.231,-0.096,-0.025,0.02,0.431,0.501,0.646,0.674,0.77,0.45,0.093,-0.007,0.386,-0.242,0.462,0.07,-0.374,-0.186,-0.185,0.866
BOKF,0.413,0.338,0.871,0.366,0.257,0.309,0.836,0.303,0.374,0.858,-0.235,-0.178,0.946,0.057,0.214,0.727,0.494,0.94,0.609,0.85,0.816,0.465,0.488,0.375,0.0,-0.179,0.912,0.84,0.284,0.768,0.806,0.814,0.039,0.831,0.878,0.434,0.745,0.912,0.464,0.591,-0.063,0.209,0.51,0.223,0.63,0.464,0.756,0.611,0.658,0.869,0.684,0.92,0.768,0.82,0.219,0.612,0.357,0.045,0.916,0.451,0.697,0.431,-0.198,0.425,0.408,0.05,-0.611,-0.179,0.771,-0.64,0.775,0.53,0.546,0.821,-0.099,-0.139,0.215,0.968,0.661,0.24,0.307,-0.564,0.487,0.033,-0.052,-0.438,-0.453,0.88,-0.398,-0.136,0.412,0.79,0.768,0.6,0.374,0.886,0.865,0.486,-0.5,0.869,0.842,-0.003,0.692,0.638,0.351,0.531,0.81,0.914,-0.369,0.578,0.621,0.827,0.929,0.458,-0.084,0.868,0.898,0.286,0.59,0.01,0.798,0.501,0.915,-0.253,-0.033,0.853,0.835,-0.297,0.322,0.006,0.135,0.505,0.525,0.886,0.718,0.669,0.673,0.886,0.898,0.455,0.211,0.678,0.811,0.212,0.119,0.083,0.862,0.729,0.11,0.501,-0.755,0.889,0.664,0.582,0.846,0.6,0.349,0.758,-0.541,0.559,0.886,0.616,0.488,0.508,0.544,0.493,0.887,0.429,0.371,0.501,0.587,0.754,0.177,0.647,0.445,0.36,0.917,0.581,0.517,0.441,0.577,-0.243,0.59,0.58,0.221,0.925,0.829,0.744,0.341,-0.346,0.104,0.37,0.631,0.57,0.895,0.81,-0.641,0.018,0.302,0.397
BRKR,0.252,-0.08,-0.181,-0.766,0.754,-0.132,0.232,-0.456,-0.441,-0.069,0.659,0.431,-0.054,-0.217,-0.209,0.23,-0.671,-0.105,0.085,-0.043,0.244,0.554,0.582,-0.293,-0.179,0.0,-0.217,0.017,0.416,-0.158,0.232,-0.215,0.469,-0.084,0.043,0.492,0.387,-0.225,0.111,-0.48,0.852,0.775,0.535,0.672,-0.547,-0.74,-0.12,-0.535,-0.49,-0.397,0.265,0.068,0.145,-0.312,-0.426,0.424,-0.623,0.766,0.133,-0.304,0.469,0.655,0.437,0.71,0.715,0.374,0.688,-0.392,-0.223,0.555,-0.554,-0.043,0.503,-0.436,0.601,0.468,-0.019,-0.106,-0.56,0.759,0.748,0.516,0.659,-0.189,0.686,0.243,-0.2,-0.272,0.56,0.399,-0.236,-0.372,-0.513,0.563,0.168,-0.378,-0.361,-0.61,0.677,-0.059,-0.171,0.887,0.018,0.427,-0.539,-0.773,-0.406,-0.25,0.858,0.454,-0.365,0.042,-0.166,-0.324,0.666,0.046,-0.086,0.384,-0.502,0.4,-0.043,-0.591,-0.179,0.181,0.721,0.187,0.065,0.698,0.754,0.792,-0.391,-0.533,0.397,-0.051,0.425,-0.037,0.457,-0.135,-0.049,0.183,0.505,0.28,-0.231,0.662,0.769,-0.058,-0.405,0.413,-0.526,-0.455,0.658,-0.387,-0.612,0.183,0.117,-0.128,0.669,0.155,0.81,-0.363,0.077,-0.672,0.241,0.567,0.216,0.178,-0.488,0.453,-0.643,0.515,0.533,-0.583,0.295,0.518,0.323,0.602,0.002,0.196,0.57,-0.152,0.428,0.72,0.572,0.468,0.476,-0.284,-0.359,-0.511,-0.451,0.061,0.602,0.605,-0.241,0.567,-0.032,0.079,0.358,0.442,0.761,-0.443
CACC,0.225,0.56,0.888,0.293,0.196,0.49,0.795,0.023,0.316,0.83,-0.447,-0.244,0.893,-0.191,-0.026,0.608,0.464,0.883,0.391,0.875,0.766,0.424,0.427,0.407,0.912,-0.217,0.0,0.935,0.366,0.738,0.808,0.86,0.141,0.904,0.888,0.443,0.664,0.869,0.253,0.412,-0.005,0.128,0.399,0.286,0.552,0.394,0.722,0.666,0.498,0.798,0.776,0.878,0.75,0.804,0.166,0.658,0.292,0.133,0.903,0.245,0.599,0.443,-0.152,0.322,0.298,0.153,-0.688,-0.323,0.823,-0.735,0.702,0.426,0.499,0.776,-0.057,-0.039,0.122,0.941,0.577,0.24,0.244,-0.5,0.506,-0.156,-0.009,-0.593,-0.575,0.888,-0.505,-0.345,0.147,0.809,0.804,0.518,0.408,0.817,0.815,0.377,-0.588,0.88,0.819,-0.023,0.758,0.587,0.317,0.449,0.736,0.88,-0.478,0.598,0.764,0.854,0.956,0.279,-0.302,0.808,0.92,0.337,0.607,0.145,0.778,0.393,0.922,-0.391,-0.058,0.785,0.896,-0.297,0.326,-0.004,-0.018,0.352,0.639,0.897,0.67,0.742,0.63,0.712,0.929,0.422,-0.004,0.49,0.891,0.237,0.203,-0.074,0.869,0.667,0.013,0.328,-0.78,0.961,0.683,0.642,0.838,0.604,0.335,0.875,-0.557,0.474,0.855,0.556,0.624,0.487,0.55,0.608,0.846,0.483,0.287,0.56,0.557,0.648,0.131,0.568,0.594,0.389,0.797,0.554,0.539,0.431,0.513,-0.279,0.62,0.557,0.183,0.899,0.886,0.746,0.275,-0.424,0.104,0.402,0.448,0.51,0.898,0.87,-0.785,-0.284,0.308,0.556
CAR,0.166,0.658,0.862,0.116,0.4,0.565,0.856,-0.125,0.16,0.848,-0.335,-0.048,0.865,-0.216,-0.058,0.629,0.342,0.837,0.399,0.811,0.784,0.59,0.537,0.419,0.84,0.017,0.935,0.0,0.507,0.76,0.888,0.84,0.332,0.858,0.886,0.509,0.682,0.752,0.28,0.272,0.192,0.316,0.459,0.485,0.411,0.253,0.775,0.621,0.367,0.695,0.836,0.841,0.793,0.7,0.129,0.738,0.161,0.316,0.913,0.197,0.644,0.587,0.051,0.429,0.409,0.265,-0.54,-0.422,0.719,-0.544,0.585,0.392,0.601,0.69,0.014,0.053,0.156,0.902,0.439,0.386,0.432,-0.326,0.662,-0.177,0.133,-0.497,-0.582,0.85,-0.329,-0.309,0.078,0.718,0.723,0.591,0.531,0.737,0.726,0.243,-0.406,0.817,0.813,0.167,0.812,0.685,0.216,0.246,0.649,0.829,-0.272,0.678,0.673,0.893,0.909,0.198,-0.225,0.798,0.903,0.484,0.525,0.226,0.812,0.259,0.882,-0.301,0.112,0.82,0.892,-0.152,0.474,0.165,-0.052,0.255,0.727,0.839,0.713,0.789,0.718,0.653,0.901,0.458,0.082,0.578,0.891,0.346,0.382,-0.097,0.779,0.701,-0.051,0.214,-0.615,0.863,0.584,0.723,0.851,0.681,0.438,0.947,-0.332,0.309,0.843,0.406,0.79,0.67,0.503,0.739,0.702,0.551,0.16,0.672,0.611,0.467,0.153,0.62,0.722,0.496,0.741,0.547,0.64,0.456,0.53,-0.022,0.76,0.688,0.39,0.823,0.834,0.657,0.249,-0.368,0.294,0.526,0.327,0.586,0.924,0.866,-0.72,-0.226,0.47,0.561
CDNA,0.095,0.517,0.333,-0.214,0.628,0.596,0.616,-0.248,0.098,0.367,0.19,0.356,0.362,-0.22,-0.043,0.385,-0.072,0.379,0.007,0.242,0.428,0.655,0.454,0.342,0.284,0.416,0.366,0.507,0.0,0.19,0.565,0.482,0.572,0.471,0.428,0.491,0.463,0.274,0.471,0.118,0.506,0.49,0.344,0.665,0.092,-0.117,0.332,0.271,0.13,0.045,0.585,0.401,0.377,0.42,0.06,0.634,-0.206,0.609,0.465,-0.044,0.419,0.59,0.553,0.398,0.476,0.533,0.117,-0.367,0.259,-0.074,0.009,0.435,0.689,0.098,0.221,0.226,0.372,0.338,-0.001,0.583,0.493,0.021,0.539,-0.317,0.465,0.094,-0.195,0.321,0.343,0.02,0.054,0.162,0.16,0.441,0.634,0.296,0.168,-0.035,-0.03,0.358,0.485,0.51,0.397,0.649,-0.008,-0.15,0.11,0.311,0.192,0.503,0.341,0.423,0.324,0.18,0.094,0.392,0.381,0.657,0.071,0.407,0.427,0.052,0.348,0.247,0.477,0.42,0.414,0.352,0.539,0.486,-0.082,-0.118,0.552,0.363,0.466,0.646,0.488,0.177,0.453,0.531,0.291,0.368,0.384,0.553,0.603,0.064,0.294,0.43,-0.233,-0.07,0.085,0.236,0.115,0.761,0.311,0.516,0.477,0.566,0.123,0.032,0.425,-0.04,0.662,0.696,0.289,0.711,0.105,0.604,-0.15,0.606,0.47,-0.081,0.218,0.457,0.704,0.435,0.263,0.354,0.533,0.347,0.307,0.414,0.541,0.5,0.555,0.241,0.298,0.081,0.238,0.153,0.744,0.651,0.034,0.432,0.407,0.418,-0.061,0.169,0.586,0.328
CG,0.183,0.467,0.871,0.517,0.138,0.367,0.698,0.326,0.315,0.868,-0.368,-0.045,0.786,0.255,0.297,0.624,0.652,0.797,0.645,0.619,0.551,0.413,0.23,0.579,0.768,-0.158,0.738,0.76,0.19,0.0,0.642,0.797,0.237,0.546,0.723,0.143,0.389,0.695,0.353,0.503,-0.192,0.007,0.286,0.133,0.598,0.589,0.86,0.707,0.6,0.822,0.522,0.593,0.776,0.604,0.437,0.392,0.359,-0.023,0.722,0.529,0.384,0.254,-0.021,0.119,0.085,-0.07,-0.574,0.043,0.568,-0.412,0.81,0.462,0.275,0.846,-0.375,-0.282,0.239,0.798,0.694,-0.036,0.242,-0.247,0.357,0.329,-0.135,-0.321,-0.22,0.894,-0.277,-0.245,0.37,0.795,0.838,0.31,0.47,0.802,0.862,0.558,-0.386,0.645,0.724,-0.189,0.754,0.525,0.516,0.528,0.826,0.83,-0.272,0.293,0.553,0.815,0.732,0.472,-0.317,0.725,0.726,0.339,0.665,-0.144,0.838,0.453,0.839,-0.153,-0.268,0.641,0.617,-0.386,0.105,-0.173,0.312,0.647,0.27,0.646,0.375,0.69,0.563,0.765,0.76,0.51,-0.022,0.636,0.804,-0.013,-0.002,0.184,0.825,0.403,0.431,0.471,-0.68,0.756,0.728,0.515,0.641,0.73,0.054,0.667,-0.504,0.317,0.692,0.61,0.519,0.465,0.197,0.517,0.775,0.118,0.599,0.336,0.236,0.642,-0.225,0.307,0.497,0.088,0.71,0.303,0.218,0.565,0.307,-0.023,0.471,0.435,0.49,0.782,0.833,0.787,0.471,-0.168,-0.054,0.096,0.472,0.237,0.867,0.549,-0.706,-0.138,0.073,0.555
CGBD,0.385,0.449,0.729,-0.078,0.587,0.34,0.898,-0.13,0.107,0.725,-0.008,-0.07,0.808,-0.175,-0.119,0.666,0.1,0.801,0.398,0.798,0.89,0.676,0.74,0.187,0.806,0.232,0.808,0.888,0.565,0.642,0.0,0.692,0.286,0.839,0.821,0.633,0.848,0.698,0.349,0.197,0.383,0.575,0.683,0.631,0.244,0.053,0.658,0.379,0.356,0.578,0.873,0.876,0.724,0.644,-0.09,0.819,-0.017,0.45,0.917,0.106,0.805,0.736,0.06,0.645,0.617,0.24,-0.318,-0.515,0.674,-0.433,0.428,0.427,0.729,0.493,0.236,0.119,0.136,0.838,0.269,0.562,0.614,-0.215,0.752,-0.232,0.274,-0.44,-0.595,0.722,-0.226,-0.014,0.066,0.523,0.516,0.773,0.473,0.622,0.57,0.064,-0.192,0.787,0.699,0.37,0.719,0.727,0.001,0.08,0.465,0.703,-0.057,0.8,0.496,0.78,0.839,0.205,0.113,0.756,0.849,0.427,0.365,0.374,0.717,0.108,0.769,-0.258,0.334,0.873,0.854,0.089,0.663,0.404,-0.186,0.118,0.785,0.782,0.854,0.653,0.818,0.673,0.816,0.403,0.369,0.665,0.777,0.543,0.551,-0.135,0.624,0.826,-0.225,0.062,-0.4,0.707,0.396,0.685,0.86,0.534,0.636,0.85,-0.139,0.426,0.805,0.285,0.709,0.731,0.641,0.652,0.613,0.656,0.007,0.752,0.763,0.359,0.355,0.764,0.63,0.675,0.75,0.723,0.76,0.255,0.696,0.103,0.838,0.767,0.379,0.697,0.661,0.414,0.119,-0.423,0.448,0.667,0.319,0.77,0.84,0.872,-0.51,0.058,0.659,0.28
