,ACET,ADAP,ADI,ADPT,ADTN,AGEN,ALGN,ALLK,AMD,AMWD,ARDX,ARQT,ASTE,AUPH,AVXL,AZTA,BAND,BECN,BFC,BGC,BHF,BHFAL,BKNG,BL,BOKF,BRKR,CACC,CAR,CDNA,CG,CGBD,CHI,CHTR,CHX,CLNE,CME,CNOB,CNXN,CPRX,CSGP,CSGS,CSIQ,CVCO,CVLT,CYRX,DDOG,DOOO,DSGX,DTIL,ECPG,EEFT,EFSC,ENTG,ESPR,ETSY,EXC,FAMI,FFIV,FITB,FIZZ,FMBH,FOX,FTNT,FULT,GABC,GEN,GH,GMAB,GNPX,GO,GOGL,GOOG,GPRO,GSHD,GSM,GWAV,HAIN,HBAN,HEPA,HURN,HWKN,IBIO,ICFI,IGMS,IMKTA,INCY,INO,IRDM,IRTC,IRWD,ITCI,JACK,JD,JJSF,KALA,KHC,KLAC,KRRO,KRYS,LANC,LBTYA,LIVN,LKCO,LNTH,LOGI,LPRO,LRCX,LSCC,LSTR,MAR,MARA,MCHP,MEOH,META,MGTX,MKSI,MMYT,MORN,MRUS,MTLS,MTSI,MVIS,MXL,NBIX,NFE,NMIH,NMRK,NNDM,NSIT,NTCT,NVAX,OCUL,ODP,OLED,ONB,OTEX,PACB,PATK,PAYX,PEP,PERI,PI,PLYA,PRDO,PRGS,PTGX,QCOM,QCRH,QDEL,QFIN,RGEN,RILY,RPAY,RPD,SABR,SEDG,SHEN,SIRI,SLNO,SNDL,SNEX,SONO,SPT,SSNC,STGW,STKL,STRL,STX,SWTX,SYNA,TFSL,TIGR,TNXP,TOWN,TRI,TRIP,TRMB,TRNS,TRS,TSCO,TSEM,TVTX,TXRH,VC,VCEL,VECO,VIAV,VICR,VIR,VRTX,VSTM,VTRS,WDFC,WSBC,WSC,WYNN,XENE,XNCR,XRAY,ZS
ACET,0.0,-0.099,0.626,-0.002,0.649,0.044,-0.035,0.398,0.627,0.473,0.535,0.69,0.465,-0.426,-0.384,0.673,-0.503,0.702,0.526,0.54,0.254,0.712,0.68,0.379,0.625,0.594,0.202,0.571,0.665,0.675,0.711,0.741,0.516,0.497,0.748,0.705,0.547,-0.082,0.614,0.401,0.681,0.384,0.373,0.662,0.538,-0.29,-0.633,0.045,0.739,-0.107,0.658,0.626,0.531,0.249,-0.017,0.461,0.514,0.643,0.468,0.744,0.506,0.164,0.352,0.576,0.569,-0.563,0.134,0.19,-0.099,-0.676,0.754,0.451,0.598,0.061,0.492,0.329,0.848,0.475,0.015,0.723,0.578,0.271,0.619,0.281,0.616,-0.254,0.673,0.657,0.443,0.638,0.558,0.62,0.368,0.617,0.524,0.19,0.595,0.672,-0.268,0.577,0.776,0.439,-0.269,0.718,-0.306,0.675,0.613,0.529,0.74,0.663,0.535,0.634,0.64,0.217,0.382,0.591,0.728,0.195,0.65,0.698,0.382,0.206,0.08,-0.46,0.101,0.456,0.572,0.545,0.677,0.809,0.593,0.615,0.652,0.459,0.644,0.785,0.729,-0.034,0.545,0.769,0.607,0.797,0.466,0.04,0.686,0.545,0.614,0.507,-0.575,0.77,0.585,0.527,-0.39,0.708,0.631,-0.118,0.402,0.714,0.572,0.252,0.737,0.534,0.369,0.718,0.217,0.789,0.505,0.621,0.619,0.275,0.466,0.635,0.334,0.632,0.162,0.678,0.543,0.23,0.504,-0.297,0.557,0.721,0.252,0.597,0.701,0.573,0.668,-0.085,-0.382,0.508,0.756,0.469,0.501,0.611,0.634,0.529,0.306,0.569,0.383,-0.051
ADAP,-0.099,0.0,0.337,0.054,0.517,0.566,0.886,0.558,0.366,0.395,0.442,-0.299,-0.049,-0.472,0.295,0.16,-0.078,0.311,-0.118,0.159,0.243,0.076,0.17,0.569,0.096,0.31,0.034,-0.385,0.028,0.313,0.095,0.14,0.457,0.163,-0.132,0.021,0.02,0.546,0.381,0.663,0.218,0.161,0.539,0.322,0.073,0.17,0.328,0.782,-0.076,-0.266,0.098,0.104,0.406,-0.746,0.104,0.631,0.33,0.106,0.246,-0.088,0.156,0.208,-0.095,0.035,0.153,0.39,0.28,0.7,-0.125,0.257,0.073,0.555,0.211,0.518,0.001,0.271,-0.178,0.158,-0.378,0.075,0.376,-0.181,0.33,-0.549,0.201,-0.029,-0.177,0.193,0.34,0.128,0.303,-0.056,0.518,0.193,0.32,0.633,0.357,0.177,-0.209,0.041,-0.059,-0.254,-0.362,-0.179,0.331,0.331,0.303,0.428,-0.124,0.188,-0.149,0.321,-0.017,0.505,0.43,0.299,0.107,0.577,-0.266,-0.224,0.518,-0.376,0.684,0.291,-0.25,0.482,0.233,0.082,0.353,-0.079,0.282,0.329,0.191,0.365,0.047,0.176,-0.155,0.458,0.379,0.225,0.096,0.047,0.297,0.613,0.346,0.488,0.338,0.205,0.028,-0.215,0.483,0.33,0.71,0.26,0.15,-0.618,0.258,0.16,0.501,0.364,0.082,-0.081,0.294,0.245,0.152,-0.199,-0.238,0.318,0.056,0.436,-0.277,-0.146,-0.292,-0.046,0.804,0.052,0.445,0.167,0.328,0.451,0.352,0.005,0.353,0.179,0.244,0.323,0.269,0.554,-0.191,0.526,-0.028,0.113,0.192,-0.024,0.054,0.211,0.758,0.338,0.274,0.049
ADI,0.626,0.337,0.0,-0.198,0.837,0.522,0.341,0.841,0.747,0.792,0.911,0.453,0.507,-0.854,-0.438,0.932,-0.797,0.906,0.491,0.902,0.765,0.487,0.939,0.819,0.88,0.921,0.01,0.415,0.741,0.956,0.911,0.901,0.871,0.814,0.717,0.783,0.756,0.423,0.896,0.859,0.932,0.6,0.84,0.873,0.713,-0.481,-0.596,0.272,0.79,-0.564,0.9,0.879,0.952,-0.273,-0.348,0.881,0.63,0.932,0.858,0.598,0.762,0.401,-0.117,0.829,0.842,-0.602,0.399,0.578,-0.345,-0.668,0.815,0.894,0.786,0.408,0.408,0.695,0.552,0.835,-0.545,0.751,0.9,-0.195,0.913,-0.095,0.833,-0.719,0.332,0.912,0.702,0.922,0.783,0.498,0.543,0.911,0.567,0.454,0.95,0.876,-0.74,0.38,0.69,0.441,-0.678,0.52,-0.445,0.899,0.966,0.946,0.517,0.95,0.29,0.98,0.838,0.204,0.684,0.949,0.91,0.794,0.505,0.32,0.907,-0.41,0.334,-0.572,-0.442,0.726,0.959,0.784,0.962,0.727,0.491,0.957,0.872,0.885,0.843,0.901,0.787,0.174,0.948,0.875,0.375,0.867,0.752,0.18,0.918,0.894,0.954,0.875,-0.803,0.692,0.873,0.884,-0.034,0.863,0.914,-0.46,0.715,0.886,0.917,0.772,0.89,0.468,0.384,0.81,0.475,0.608,0.248,0.967,0.365,0.404,0.452,0.64,-0.326,0.776,0.633,0.892,0.97,0.608,0.897,-0.383,0.909,0.872,0.743,0.88,0.951,0.928,0.892,0.053,-0.838,0.83,0.824,0.657,0.729,0.78,0.887,0.915,0.685,0.654,0.695,-0.4
ADPT,-0.002,0.054,-0.198,0.0,-0.078,0.061,0.313,-0.144,-0.017,-0.46,-0.142,-0.098,-0.485,0.241,0.359,-0.331,0.516,-0.358,-0.131,-0.432,-0.418,-0.041,-0.324,-0.141,-0.492,-0.424,0.335,-0.114,-0.24,-0.255,-0.405,-0.317,-0.205,-0.621,-0.477,-0.406,-0.515,0.346,-0.02,-0.176,-0.272,0.289,-0.24,-0.283,0.112,0.543,0.52,0.198,-0.443,0.233,-0.447,-0.447,-0.25,-0.076,0.466,-0.171,-0.032,-0.299,-0.463,-0.467,-0.499,-0.639,0.375,-0.52,-0.499,0.499,0.503,0.262,0.246,0.507,-0.309,-0.213,-0.117,-0.495,-0.064,-0.248,-0.302,-0.544,0.503,-0.334,-0.351,0.44,-0.3,-0.2,-0.158,0.418,-0.107,-0.451,0.334,-0.368,-0.358,-0.303,0.125,-0.368,-0.325,-0.351,-0.316,-0.118,0.444,-0.269,-0.46,-0.006,0.421,-0.283,0.434,-0.165,-0.296,-0.302,-0.295,-0.356,-0.348,-0.253,-0.415,0.601,0.099,-0.291,-0.415,-0.068,-0.282,0.064,-0.249,0.362,-0.035,0.457,0.198,-0.18,-0.343,-0.379,-0.281,-0.232,0.147,-0.31,-0.397,-0.266,-0.499,-0.119,-0.05,-0.134,-0.336,-0.28,-0.127,-0.292,-0.17,0.005,-0.19,-0.046,-0.18,-0.448,0.49,-0.214,0.058,-0.406,0.478,-0.206,-0.43,0.118,-0.033,-0.394,-0.259,0.039,-0.313,-0.36,0.481,-0.236,-0.553,-0.406,-0.319,-0.331,-0.269,0.365,-0.491,-0.473,0.075,-0.574,0.279,-0.39,-0.234,-0.361,-0.389,0.409,-0.32,-0.29,-0.083,-0.491,-0.24,-0.307,-0.239,0.361,0.439,-0.055,-0.357,-0.563,-0.183,-0.57,-0.42,-0.398,0.078,-0.023,-0.311,0.523
ADTN,0.649,0.517,0.837,-0.078,0.0,0.508,0.519,0.755,0.791,0.757,0.831,0.345,0.427,-0.78,-0.123,0.766,-0.569,0.856,0.322,0.683,0.51,0.614,0.756,0.784,0.688,0.784,0.141,0.225,0.637,0.87,0.762,0.785,0.834,0.645,0.597,0.644,0.564,0.336,0.824,0.815,0.792,0.531,0.806,0.783,0.516,-0.226,-0.386,0.468,0.63,-0.311,0.712,0.697,0.826,-0.31,-0.055,0.873,0.69,0.689,0.663,0.6,0.634,0.445,0.117,0.608,0.695,-0.298,0.313,0.665,-0.31,-0.473,0.697,0.822,0.749,0.452,0.334,0.509,0.577,0.617,-0.388,0.731,0.837,-0.033,0.842,-0.146,0.706,-0.364,0.429,0.771,0.589,0.739,0.728,0.52,0.644,0.733,0.695,0.621,0.828,0.689,-0.494,0.506,0.657,0.215,-0.539,0.483,-0.097,0.837,0.814,0.813,0.554,0.768,0.376,0.824,0.617,0.452,0.663,0.807,0.76,0.631,0.397,0.396,0.764,-0.208,0.57,-0.323,-0.195,0.791,0.745,0.64,0.882,0.649,0.608,0.827,0.785,0.725,0.665,0.834,0.572,0.343,0.806,0.84,0.519,0.75,0.583,0.469,0.872,0.877,0.846,0.684,-0.558,0.505,0.839,0.773,0.086,0.82,0.72,-0.505,0.591,0.781,0.871,0.569,0.746,0.423,0.45,0.816,0.377,0.562,0.301,0.836,0.536,0.473,0.256,0.486,-0.076,0.607,0.692,0.698,0.826,0.422,0.753,-0.029,0.758,0.706,0.501,0.719,0.817,0.796,0.814,0.283,-0.565,0.766,0.673,0.571,0.613,0.594,0.678,0.683,0.747,0.781,0.525,-0.089
AGEN,0.044,0.566,0.522,0.061,0.508,0.0,0.655,0.621,0.217,0.308,0.645,-0.104,0.171,-0.534,0.084,0.383,-0.383,0.382,0.03,0.376,0.615,0.086,0.416,0.529,0.361,0.37,0.097,0.039,0.058,0.491,0.302,0.249,0.423,0.321,0.002,0.312,0.338,0.79,0.594,0.604,0.503,0.427,0.622,0.34,0.387,-0.119,0.018,0.232,0.08,-0.338,0.323,0.421,0.502,-0.478,-0.311,0.65,0.317,0.38,0.523,-0.076,0.37,0.217,-0.22,0.352,0.439,0.052,0.386,0.54,-0.139,-0.034,0.127,0.586,0.383,0.137,-0.075,0.304,-0.121,0.438,-0.326,0.34,0.573,-0.084,0.575,-0.41,0.477,-0.254,-0.049,0.32,0.495,0.383,0.481,-0.124,0.176,0.495,0.193,0.222,0.413,0.287,-0.36,0.077,0.011,0.313,-0.228,-0.037,-0.127,0.312,0.425,0.492,0.055,0.405,-0.223,0.424,0.277,0.305,0.728,0.42,0.301,0.724,-0.14,-0.194,0.569,-0.415,0.262,-0.096,-0.407,0.594,0.53,0.269,0.491,0.179,0.079,0.437,0.316,0.447,0.333,0.311,0.203,0.054,0.523,0.342,-0.006,0.23,0.431,0.526,0.588,0.614,0.478,0.496,-0.253,-0.053,0.464,0.404,0.467,0.257,0.35,-0.552,0.702,0.258,0.532,0.637,0.403,-0.222,0.202,0.243,0.162,-0.121,-0.069,0.485,0.035,0.309,-0.011,-0.111,-0.461,0.229,0.687,0.365,0.568,0.389,0.612,0.055,0.428,0.268,0.588,0.31,0.494,0.396,0.347,0.09,-0.524,0.564,0.21,0.103,0.288,0.251,0.286,0.449,0.629,0.338,0.538,-0.336
ALGN,-0.035,0.886,0.341,0.313,0.519,0.655,0.0,0.495,0.421,0.263,0.417,-0.198,-0.111,-0.366,0.339,0.087,0.032,0.242,-0.193,0.056,0.202,0.131,0.171,0.501,0.024,0.209,0.278,-0.216,-0.029,0.319,0.026,0.107,0.374,-0.001,-0.242,-0.016,-0.057,0.713,0.408,0.556,0.193,0.413,0.47,0.277,0.164,0.39,0.453,0.786,-0.183,-0.109,0.025,0.031,0.367,-0.62,0.201,0.593,0.466,0.075,0.178,-0.208,0.051,-0.013,0.126,-0.054,0.067,0.424,0.42,0.78,-0.092,0.352,0.059,0.471,0.288,0.243,0.022,0.291,-0.237,0.048,-0.173,0.074,0.316,0.0,0.322,-0.557,0.165,0.037,-0.203,0.085,0.464,0.049,0.257,-0.114,0.502,0.134,0.235,0.387,0.276,0.161,-0.061,0.035,-0.147,-0.084,-0.158,-0.165,0.329,0.291,0.24,0.353,-0.152,0.156,-0.211,0.298,-0.081,0.7,0.498,0.251,0.052,0.536,-0.308,-0.086,0.442,-0.174,0.566,0.367,-0.123,0.536,0.203,0.076,0.32,0.004,0.376,0.257,0.128,0.293,-0.029,0.219,-0.062,0.35,0.295,0.155,0.122,0.004,0.282,0.57,0.368,0.51,0.33,0.105,0.096,-0.169,0.523,0.217,0.845,0.237,0.091,-0.464,0.347,0.084,0.466,0.487,0.069,-0.19,0.468,0.23,-0.091,-0.292,-0.258,0.275,-0.087,0.622,-0.326,-0.236,-0.273,-0.167,0.886,0.018,0.404,0.018,0.269,0.49,0.247,-0.04,0.464,0.054,0.23,0.253,0.269,0.623,-0.105,0.547,-0.101,-0.051,0.097,-0.139,-0.007,0.173,0.758,0.3,0.241,0.195
ALLK,0.398,0.558,0.841,-0.144,0.755,0.621,0.495,0.0,0.613,0.708,0.872,0.164,0.291,-0.823,-0.197,0.756,-0.626,0.732,0.288,0.758,0.706,0.357,0.757,0.851,0.689,0.795,-0.094,0.136,0.597,0.784,0.693,0.681,0.851,0.702,0.486,0.56,0.558,0.489,0.847,0.91,0.76,0.373,0.833,0.742,0.552,-0.342,-0.384,0.418,0.563,-0.621,0.716,0.703,0.85,-0.502,-0.352,0.852,0.476,0.738,0.723,0.379,0.627,0.372,-0.235,0.646,0.67,-0.29,0.45,0.657,-0.216,-0.374,0.568,0.912,0.614,0.526,0.208,0.64,0.281,0.7,-0.62,0.543,0.807,-0.295,0.772,-0.326,0.684,-0.491,0.149,0.75,0.6,0.765,0.768,0.307,0.601,0.776,0.467,0.563,0.835,0.718,-0.642,0.201,0.473,0.228,-0.673,0.272,-0.265,0.757,0.827,0.862,0.336,0.773,0.136,0.816,0.632,0.3,0.675,0.793,0.695,0.859,0.306,0.066,0.886,-0.522,0.467,-0.295,-0.562,0.671,0.8,0.594,0.817,0.454,0.394,0.829,0.698,0.837,0.642,0.68,0.487,0.287,0.869,0.713,0.194,0.62,0.646,0.335,0.778,0.832,0.807,0.741,-0.581,0.407,0.785,0.801,0.215,0.718,0.741,-0.663,0.674,0.691,0.857,0.674,0.677,0.275,0.315,0.643,0.462,0.351,0.017,0.815,0.321,0.325,0.19,0.393,-0.444,0.571,0.714,0.693,0.861,0.595,0.807,-0.202,0.829,0.657,0.691,0.737,0.797,0.79,0.711,0.166,-0.741,0.835,0.613,0.508,0.654,0.581,0.676,0.76,0.75,0.698,0.65,-0.377
AMD,0.627,0.366,0.747,-0.017,0.791,0.217,0.421,0.613,0.0,0.717,0.613,0.447,0.327,-0.565,-0.22,0.649,-0.386,0.733,0.244,0.562,0.295,0.718,0.685,0.702,0.57,0.727,0.202,0.281,0.733,0.796,0.681,0.809,0.736,0.531,0.532,0.533,0.389,0.163,0.665,0.641,0.625,0.493,0.597,0.779,0.331,0.04,-0.317,0.552,0.596,-0.145,0.631,0.53,0.778,-0.123,0.219,0.679,0.829,0.583,0.469,0.626,0.502,0.235,0.411,0.451,0.502,-0.39,0.218,0.676,-0.205,-0.425,0.776,0.693,0.747,0.351,0.508,0.573,0.585,0.433,-0.297,0.615,0.655,-0.116,0.651,0.015,0.502,-0.336,0.281,0.674,0.407,0.604,0.619,0.679,0.67,0.543,0.663,0.481,0.764,0.623,-0.33,0.42,0.684,0.096,-0.477,0.575,-0.042,0.828,0.736,0.741,0.51,0.682,0.584,0.802,0.56,0.557,0.344,0.759,0.705,0.443,0.59,0.646,0.664,0.026,0.557,-0.22,0.033,0.658,0.606,0.69,0.759,0.682,0.692,0.706,0.76,0.71,0.505,0.848,0.501,0.379,0.653,0.686,0.614,0.709,0.502,0.178,0.714,0.681,0.789,0.461,-0.471,0.628,0.732,0.708,0.088,0.86,0.655,-0.188,0.346,0.754,0.757,0.478,0.628,0.62,0.388,0.887,0.09,0.58,0.224,0.745,0.357,0.613,0.287,0.643,-0.055,0.484,0.576,0.592,0.684,0.148,0.546,-0.015,0.667,0.645,0.487,0.65,0.654,0.732,0.817,0.459,-0.348,0.617,0.524,0.604,0.478,0.479,0.599,0.611,0.528,0.624,0.268,0.195
AMWD,0.473,0.395,0.792,-0.46,0.757,0.308,0.263,0.708,0.717,0.0,0.755,0.286,0.464,-0.78,-0.268,0.826,-0.649,0.875,0.384,0.843,0.585,0.489,0.762,0.81,0.792,0.92,-0.12,0.149,0.819,0.845,0.848,0.852,0.866,0.88,0.703,0.624,0.625,0.04,0.655,0.802,0.725,0.274,0.859,0.829,0.236,-0.425,-0.528,0.402,0.762,-0.471,0.838,0.74,0.885,-0.318,-0.2,0.783,0.585,0.757,0.75,0.749,0.742,0.643,-0.103,0.725,0.772,-0.512,0.082,0.498,-0.375,-0.586,0.746,0.825,0.731,0.714,0.349,0.642,0.575,0.764,-0.714,0.701,0.844,-0.425,0.775,-0.068,0.545,-0.631,0.316,0.892,0.267,0.792,0.713,0.654,0.579,0.756,0.613,0.744,0.913,0.631,-0.666,0.41,0.773,0.019,-0.815,0.495,-0.222,0.844,0.885,0.884,0.488,0.828,0.564,0.849,0.746,0.127,0.399,0.909,0.817,0.614,0.579,0.224,0.848,-0.441,0.6,-0.482,-0.381,0.653,0.784,0.818,0.844,0.585,0.457,0.865,0.915,0.886,0.748,0.761,0.429,0.63,0.853,0.766,0.413,0.747,0.534,0.222,0.71,0.714,0.857,0.79,-0.708,0.484,0.646,0.936,-0.078,0.863,0.841,-0.466,0.401,0.904,0.832,0.472,0.745,0.672,0.056,0.837,0.544,0.672,0.157,0.872,0.522,0.242,0.438,0.745,-0.241,0.771,0.437,0.769,0.836,0.604,0.786,-0.262,0.889,0.751,0.522,0.907,0.742,0.919,0.835,0.258,-0.686,0.654,0.693,0.808,0.75,0.745,0.818,0.803,0.468,0.657,0.433,-0.281
ARDX,0.535,0.442,0.911,-0.142,0.831,0.645,0.417,0.872,0.613,0.755,0.0,0.275,0.366,-0.869,-0.201,0.881,-0.729,0.836,0.433,0.857,0.726,0.424,0.833,0.856,0.784,0.864,-0.123,0.219,0.665,0.872,0.821,0.783,0.857,0.768,0.629,0.659,0.661,0.432,0.936,0.897,0.876,0.433,0.888,0.802,0.644,-0.467,-0.534,0.28,0.708,-0.639,0.817,0.81,0.894,-0.404,-0.358,0.848,0.477,0.852,0.795,0.501,0.699,0.362,-0.232,0.744,0.778,-0.408,0.487,0.621,-0.312,-0.532,0.652,0.908,0.652,0.461,0.24,0.614,0.446,0.779,-0.577,0.688,0.892,-0.203,0.849,-0.214,0.788,-0.589,0.389,0.848,0.671,0.868,0.771,0.353,0.549,0.888,0.504,0.486,0.896,0.777,-0.666,0.256,0.59,0.328,-0.689,0.36,-0.319,0.829,0.902,0.907,0.416,0.851,0.184,0.87,0.744,0.247,0.765,0.878,0.808,0.849,0.403,0.125,0.889,-0.493,0.395,-0.458,-0.562,0.672,0.887,0.677,0.896,0.539,0.396,0.915,0.787,0.858,0.757,0.772,0.644,0.217,0.907,0.811,0.223,0.755,0.709,0.364,0.856,0.913,0.887,0.863,-0.698,0.472,0.835,0.861,0.076,0.794,0.828,-0.649,0.761,0.788,0.891,0.681,0.815,0.374,0.345,0.705,0.463,0.498,0.087,0.889,0.476,0.299,0.294,0.497,-0.365,0.701,0.635,0.811,0.937,0.669,0.878,-0.332,0.889,0.796,0.673,0.817,0.896,0.87,0.772,0.04,-0.834,0.831,0.784,0.583,0.75,0.684,0.77,0.829,0.742,0.776,0.651,-0.43
ARQT,0.69,-0.299,0.453,-0.098,0.345,-0.104,-0.198,0.164,0.447,0.286,0.275,0.0,0.634,-0.154,-0.615,0.477,-0.465,0.549,0.461,0.378,0.266,0.633,0.615,0.066,0.571,0.406,0.41,0.798,0.49,0.519,0.554,0.609,0.199,0.404,0.627,0.717,0.588,-0.105,0.405,0.081,0.549,0.37,0.077,0.522,0.512,-0.272,-0.551,-0.194,0.611,0.168,0.561,0.551,0.35,0.484,-0.094,0.247,0.458,0.527,0.451,0.574,0.485,0.19,0.439,0.546,0.495,-0.693,-0.043,-0.118,-0.066,-0.659,0.724,0.17,0.344,-0.195,0.641,0.331,0.685,0.442,0.23,0.649,0.349,0.204,0.448,0.608,0.431,-0.281,0.331,0.473,0.232,0.448,0.417,0.664,-0.036,0.449,0.416,-0.071,0.366,0.545,-0.057,0.595,0.644,0.608,0.023,0.807,-0.595,0.437,0.412,0.282,0.678,0.574,0.483,0.477,0.611,-0.065,0.068,0.4,0.63,-0.01,0.649,0.781,0.155,0.354,-0.187,-0.464,0.272,0.394,0.464,0.481,0.48,0.787,0.377,0.409,0.488,0.27,0.594,0.603,0.666,-0.245,0.353,0.542,0.56,0.677,0.56,-0.206,0.488,0.246,0.365,0.359,-0.654,0.759,0.26,0.326,-0.496,0.485,0.57,0.267,0.367,0.539,0.329,0.303,0.64,0.498,0.173,0.567,0.06,0.636,0.638,0.454,0.199,0.137,0.717,0.627,0.329,0.563,-0.068,0.613,0.353,-0.062,0.367,-0.524,0.33,0.582,0.361,0.444,0.504,0.361,0.526,-0.19,-0.272,0.201,0.56,0.421,0.16,0.584,0.545,0.512,0.042,0.221,0.446,-0.105
ASTE,0.465,-0.049,0.507,-0.485,0.427,0.171,-0.111,0.291,0.327,0.464,0.366,0.634,0.0,-0.418,-0.66,0.564,-0.762,0.677,0.503,0.484,0.577,0.514,0.682,0.13,0.761,0.52,0.259,0.64,0.33,0.565,0.638,0.596,0.244,0.642,0.603,0.872,0.866,0.057,0.363,0.263,0.692,0.287,0.302,0.589,0.412,-0.542,-0.585,-0.235,0.591,0.039,0.672,0.759,0.473,0.157,-0.387,0.517,0.337,0.573,0.748,0.578,0.805,0.699,0.051,0.78,0.803,-0.682,-0.283,-0.175,-0.286,-0.745,0.665,0.279,0.382,0.05,0.489,0.382,0.608,0.742,-0.036,0.793,0.551,0.013,0.688,0.519,0.561,-0.395,0.216,0.604,0.109,0.556,0.519,0.651,-0.215,0.623,0.605,0.204,0.459,0.463,-0.357,0.738,0.679,0.538,-0.105,0.778,-0.667,0.431,0.498,0.421,0.805,0.66,0.415,0.523,0.716,-0.364,0.151,0.479,0.702,0.155,0.471,0.467,0.325,0.032,-0.061,-0.627,0.097,0.584,0.607,0.594,0.619,0.738,0.118,0.483,0.599,0.325,0.795,0.542,0.527,-0.124,0.564,0.648,0.534,0.691,0.634,0.001,0.651,0.305,0.401,0.59,-0.768,0.519,0.181,0.47,-0.45,0.423,0.673,-0.084,0.51,0.585,0.427,0.392,0.734,0.414,-0.172,0.597,0.424,0.586,0.802,0.595,0.203,-0.04,0.854,0.557,0.123,0.773,0.028,0.718,0.483,0.195,0.654,-0.48,0.439,0.613,0.399,0.597,0.597,0.457,0.561,-0.288,-0.504,0.239,0.574,0.6,0.172,0.812,0.657,0.657,0.121,0.187,0.684,-0.452
AUPH,-0.426,-0.472,-0.854,0.241,-0.78,-0.534,-0.366,-0.823,-0.565,-0.78,-0.869,-0.154,-0.418,0.0,0.286,-0.856,0.766,-0.833,-0.448,-0.827,-0.692,-0.352,-0.771,-0.82,-0.765,-0.83,0.22,-0.059,-0.621,-0.795,-0.799,-0.737,-0.836,-0.793,-0.634,-0.612,-0.645,-0.358,-0.805,-0.897,-0.814,-0.354,-0.909,-0.739,-0.596,0.555,0.54,-0.275,-0.673,0.7,-0.799,-0.789,-0.88,0.57,0.389,-0.875,-0.367,-0.797,-0.783,-0.526,-0.697,-0.478,0.353,-0.738,-0.782,0.389,-0.372,-0.531,0.409,0.554,-0.583,-0.871,-0.621,-0.579,-0.167,-0.572,-0.439,-0.78,0.633,-0.645,-0.876,0.32,-0.819,0.271,-0.729,0.64,-0.329,-0.842,-0.572,-0.844,-0.695,-0.363,-0.527,-0.846,-0.564,-0.615,-0.888,-0.731,0.78,-0.292,-0.573,-0.136,0.75,-0.317,0.295,-0.793,-0.888,-0.898,-0.373,-0.807,-0.175,-0.822,-0.707,-0.106,-0.682,-0.855,-0.766,-0.813,-0.305,-0.029,-0.884,0.582,-0.431,0.53,0.6,-0.59,-0.83,-0.65,-0.882,-0.466,-0.345,-0.881,-0.764,-0.802,-0.737,-0.696,-0.552,-0.308,-0.915,-0.805,-0.23,-0.73,-0.602,-0.262,-0.798,-0.862,-0.841,-0.861,0.685,-0.369,-0.789,-0.841,-0.031,-0.74,-0.79,0.782,-0.607,-0.758,-0.857,-0.615,-0.742,-0.375,-0.253,-0.67,-0.579,-0.52,-0.098,-0.863,-0.414,-0.12,-0.231,-0.461,0.402,-0.704,-0.625,-0.749,-0.892,-0.712,-0.869,0.273,-0.861,-0.749,-0.546,-0.81,-0.857,-0.852,-0.711,-0.026,0.822,-0.773,-0.744,-0.626,-0.758,-0.676,-0.767,-0.777,-0.67,-0.668,-0.596,0.472
AVXL,-0.384,0.295,-0.438,0.359,-0.123,0.084,0.339,-0.197,-0.22,-0.268,-0.201,-0.615,-0.66,0.286,0.0,-0.497,0.65,-0.46,-0.483,-0.447,-0.401,-0.283,-0.589,-0.03,-0.606,-0.435,-0.122,-0.599,-0.377,-0.399,-0.535,-0.514,-0.153,-0.492,-0.528,-0.669,-0.64,0.028,-0.248,-0.122,-0.528,-0.203,-0.121,-0.465,-0.445,0.523,0.635,0.35,-0.548,0.111,-0.585,-0.579,-0.376,-0.261,0.403,-0.257,-0.198,-0.572,-0.515,-0.445,-0.476,-0.304,0.039,-0.635,-0.549,0.812,0.15,0.229,0.237,0.713,-0.574,-0.165,-0.315,0.061,-0.471,-0.366,-0.492,-0.551,0.036,-0.477,-0.303,0.039,-0.414,-0.46,-0.386,0.523,-0.151,-0.482,-0.149,-0.498,-0.367,-0.48,0.168,-0.488,-0.278,0.098,-0.372,-0.472,0.411,-0.398,-0.52,-0.548,0.141,-0.619,0.745,-0.336,-0.427,-0.346,-0.508,-0.567,-0.277,-0.45,-0.633,0.411,-0.044,-0.406,-0.571,-0.121,-0.499,-0.385,-0.236,-0.004,0.418,0.645,0.045,-0.158,-0.518,-0.505,-0.451,-0.606,-0.036,-0.405,-0.444,-0.283,-0.62,-0.436,-0.598,0.282,-0.426,-0.457,-0.276,-0.587,-0.479,0.467,-0.417,-0.143,-0.319,-0.456,0.696,-0.625,-0.151,-0.334,0.488,-0.329,-0.567,-0.07,-0.241,-0.468,-0.268,-0.332,-0.568,-0.379,0.16,-0.395,-0.236,-0.525,-0.524,-0.456,0.023,0.125,-0.671,-0.554,0.036,-0.61,0.104,-0.605,-0.368,-0.17,-0.422,0.671,-0.37,-0.563,-0.367,-0.491,-0.509,-0.379,-0.373,0.439,0.474,-0.204,-0.518,-0.382,-0.202,-0.644,-0.601,-0.578,0.109,0.132,-0.485,0.478
AZTA,0.673,0.16,0.932,-0.331,0.766,0.383,0.087,0.756,0.649,0.826,0.881,0.477,0.564,-0.856,-0.497,0.0,-0.865,0.925,0.574,0.956,0.719,0.512,0.926,0.759,0.927,0.95,-0.156,0.383,0.832,0.914,0.978,0.929,0.839,0.912,0.862,0.82,0.81,0.165,0.837,0.793,0.936,0.421,0.824,0.861,0.641,-0.671,-0.794,0.079,0.918,-0.599,0.966,0.933,0.918,-0.184,-0.404,0.78,0.464,0.957,0.859,0.762,0.822,0.5,-0.184,0.9,0.895,-0.717,0.279,0.383,-0.385,-0.827,0.811,0.831,0.738,0.454,0.386,0.62,0.7,0.887,-0.574,0.812,0.909,-0.235,0.881,0.027,0.819,-0.746,0.483,0.972,0.537,0.976,0.773,0.576,0.455,0.95,0.57,0.467,0.953,0.847,-0.777,0.402,0.816,0.379,-0.736,0.577,-0.504,0.896,0.971,0.926,0.611,0.949,0.43,0.932,0.915,0.002,0.601,0.949,0.952,0.691,0.647,0.313,0.849,-0.415,0.259,-0.72,-0.474,0.588,0.944,0.814,0.946,0.727,0.408,0.959,0.916,0.87,0.911,0.87,0.799,0.187,0.937,0.914,0.359,0.932,0.679,0.085,0.869,0.818,0.922,0.939,-0.872,0.698,0.763,0.918,-0.279,0.88,0.95,-0.471,0.639,0.94,0.852,0.588,0.937,0.583,0.202,0.816,0.585,0.777,0.315,0.954,0.55,0.139,0.536,0.752,-0.239,0.907,0.388,0.939,0.918,0.698,0.901,-0.533,0.931,0.947,0.576,0.95,0.951,0.938,0.847,-0.113,-0.874,0.733,0.93,0.75,0.806,0.882,0.937,0.906,0.507,0.68,0.622,-0.493
BAND,-0.503,-0.078,-0.797,0.516,-0.569,-0.383,0.032,-0.626,-0.386,-0.649,-0.729,-0.465,-0.762,0.766,0.65,-0.865,0.0,-0.822,-0.626,-0.834,-0.823,-0.428,-0.89,-0.482,-0.929,-0.801,0.083,-0.494,-0.542,-0.765,-0.865,-0.761,-0.569,-0.881,-0.762,-0.885,-0.931,-0.191,-0.678,-0.629,-0.893,-0.294,-0.647,-0.732,-0.638,0.789,0.813,0.181,-0.791,0.492,-0.9,-0.946,-0.749,0.081,0.663,-0.703,-0.28,-0.86,-0.928,-0.63,-0.86,-0.589,0.323,-0.953,-0.936,0.747,-0.029,-0.086,0.392,0.852,-0.701,-0.645,-0.543,-0.319,-0.312,-0.559,-0.586,-0.944,0.443,-0.801,-0.809,0.208,-0.842,-0.151,-0.764,0.708,-0.33,-0.854,-0.386,-0.867,-0.743,-0.478,-0.088,-0.918,-0.546,-0.307,-0.769,-0.714,0.731,-0.48,-0.717,-0.539,0.547,-0.611,0.753,-0.654,-0.806,-0.764,-0.609,-0.879,-0.252,-0.77,-0.883,0.327,-0.501,-0.762,-0.877,-0.575,-0.477,-0.193,-0.682,0.411,0.022,0.754,0.421,-0.575,-0.886,-0.718,-0.838,-0.69,-0.17,-0.795,-0.766,-0.656,-0.937,-0.672,-0.721,0.081,-0.845,-0.8,-0.303,-0.826,-0.725,-0.076,-0.808,-0.631,-0.7,-0.91,0.923,-0.605,-0.515,-0.748,0.373,-0.636,-0.897,0.445,-0.693,-0.775,-0.718,-0.572,-0.874,-0.41,0.059,-0.627,-0.64,-0.65,-0.482,-0.835,-0.365,0.08,-0.679,-0.628,0.213,-0.913,-0.219,-0.906,-0.787,-0.62,-0.905,0.669,-0.773,-0.826,-0.584,-0.843,-0.871,-0.746,-0.689,0.423,0.892,-0.588,-0.841,-0.673,-0.56,-0.924,-0.869,-0.889,-0.373,-0.426,-0.795,0.755
BECN,0.702,0.311,0.906,-0.358,0.856,0.382,0.242,0.732,0.733,0.875,0.836,0.549,0.677,-0.833,-0.46,0.925,-0.822,0.0,0.549,0.86,0.676,0.625,0.915,0.731,0.913,0.922,0.048,0.416,0.771,0.939,0.941,0.926,0.82,0.879,0.823,0.863,0.821,0.177,0.81,0.786,0.922,0.439,0.806,0.898,0.572,-0.537,-0.671,0.236,0.868,-0.412,0.927,0.901,0.899,-0.184,-0.283,0.857,0.599,0.874,0.867,0.785,0.846,0.59,-0.016,0.865,0.905,-0.632,0.158,0.418,-0.375,-0.759,0.868,0.809,0.735,0.483,0.463,0.616,0.742,0.863,-0.466,0.878,0.909,-0.157,0.915,0.097,0.791,-0.622,0.484,0.946,0.494,0.891,0.806,0.685,0.451,0.895,0.715,0.577,0.921,0.803,-0.651,0.597,0.849,0.351,-0.636,0.678,-0.424,0.888,0.928,0.886,0.701,0.935,0.494,0.917,0.868,0.086,0.545,0.912,0.947,0.614,0.612,0.43,0.804,-0.282,0.389,-0.611,-0.28,0.749,0.894,0.799,0.964,0.79,0.495,0.924,0.922,0.81,0.903,0.889,0.705,0.28,0.915,0.936,0.532,0.924,0.729,0.229,0.905,0.807,0.886,0.875,-0.844,0.682,0.748,0.891,-0.203,0.885,0.928,-0.461,0.634,0.935,0.886,0.575,0.924,0.618,0.237,0.888,0.538,0.769,0.445,0.945,0.544,0.254,0.589,0.744,-0.076,0.875,0.465,0.91,0.903,0.544,0.893,-0.381,0.88,0.883,0.586,0.915,0.919,0.899,0.884,0.039,-0.764,0.719,0.864,0.786,0.697,0.864,0.894,0.882,0.576,0.678,0.669,-0.375
BFC,0.526,-0.118,0.491,-0.131,0.322,0.03,-0.193,0.288,0.244,0.384,0.433,0.461,0.503,-0.448,-0.483,0.574,-0.626,0.549,0.0,0.529,0.43,0.325,0.563,0.22,0.608,0.473,-0.014,0.457,0.407,0.468,0.59,0.5,0.335,0.526,0.551,0.589,0.606,-0.024,0.408,0.313,0.583,0.138,0.327,0.458,0.447,-0.562,-0.602,-0.218,0.594,-0.267,0.595,0.6,0.42,0.08,-0.367,0.368,0.11,0.589,0.556,0.481,0.514,0.296,-0.141,0.619,0.568,-0.551,0.014,-0.072,-0.198,-0.62,0.519,0.333,0.259,0.125,0.33,0.255,0.515,0.575,-0.152,0.505,0.452,-0.01,0.474,0.268,0.541,-0.448,0.392,0.556,0.304,0.554,0.418,0.431,0.026,0.573,0.318,0.124,0.462,0.537,-0.409,0.334,0.533,0.394,-0.297,0.515,-0.482,0.447,0.505,0.426,0.476,0.583,0.181,0.474,0.63,-0.247,0.195,0.479,0.591,0.248,0.426,0.26,0.331,-0.149,-0.085,-0.546,-0.21,0.269,0.543,0.451,0.509,0.508,0.134,0.481,0.495,0.383,0.608,0.473,0.558,-0.083,0.503,0.539,0.239,0.598,0.543,-0.07,0.462,0.345,0.434,0.56,-0.619,0.485,0.303,0.443,-0.418,0.41,0.585,-0.184,0.408,0.519,0.395,0.287,0.576,0.424,0.018,0.425,0.378,0.543,0.366,0.496,0.266,-0.069,0.536,0.489,0.04,0.613,0.023,0.613,0.467,0.353,0.503,-0.485,0.49,0.589,0.297,0.54,0.537,0.469,0.473,-0.267,-0.513,0.283,0.605,0.451,0.426,0.6,0.58,0.557,0.14,0.279,0.458,-0.425
BGC,0.54,0.159,0.902,-0.432,0.683,0.376,0.056,0.758,0.562,0.843,0.857,0.378,0.484,-0.827,-0.447,0.956,-0.834,0.86,0.529,0.0,0.792,0.354,0.886,0.771,0.919,0.943,-0.248,0.345,0.808,0.876,0.94,0.87,0.842,0.933,0.818,0.732,0.792,0.161,0.775,0.793,0.872,0.369,0.838,0.795,0.557,-0.698,-0.761,0.065,0.88,-0.708,0.946,0.902,0.897,-0.227,-0.513,0.738,0.426,0.94,0.868,0.678,0.799,0.499,-0.34,0.897,0.872,-0.716,0.254,0.371,-0.337,-0.765,0.743,0.843,0.705,0.522,0.297,0.654,0.556,0.905,-0.71,0.718,0.884,-0.387,0.833,-0.065,0.744,-0.827,0.376,0.956,0.492,0.958,0.742,0.483,0.449,0.928,0.493,0.471,0.94,0.803,-0.859,0.263,0.731,0.345,-0.819,0.459,-0.524,0.821,0.955,0.918,0.466,0.931,0.34,0.909,0.887,-0.076,0.566,0.941,0.905,0.744,0.576,0.144,0.882,-0.574,0.267,-0.714,-0.613,0.542,0.947,0.801,0.885,0.622,0.321,0.946,0.888,0.902,0.888,0.784,0.707,0.259,0.927,0.808,0.211,0.832,0.635,0.047,0.774,0.772,0.897,0.951,-0.861,0.632,0.718,0.924,-0.259,0.823,0.936,-0.461,0.585,0.904,0.819,0.61,0.867,0.539,0.133,0.72,0.656,0.685,0.167,0.925,0.469,0.101,0.525,0.725,-0.374,0.88,0.356,0.909,0.906,0.798,0.885,-0.565,0.925,0.89,0.625,0.955,0.888,0.937,0.817,-0.113,-0.921,0.71,0.882,0.729,0.842,0.868,0.928,0.913,0.48,0.621,0.609,-0.582
BHF,0.254,0.243,0.765,-0.418,0.51,0.615,0.202,0.706,0.295,0.585,0.726,0.266,0.577,-0.692,-0.401,0.719,-0.823,0.676,0.43,0.792,0.0,0.163,0.786,0.547,0.828,0.705,-0.035,0.434,0.385,0.723,0.695,0.579,0.574,0.784,0.5,0.699,0.841,0.486,0.657,0.675,0.781,0.393,0.689,0.593,0.571,-0.637,-0.518,-0.052,0.562,-0.56,0.758,0.828,0.714,-0.254,-0.749,0.72,0.329,0.751,0.92,0.285,0.796,0.51,-0.459,0.847,0.838,-0.538,0.173,0.261,-0.195,-0.555,0.518,0.702,0.484,0.311,0.154,0.601,0.184,0.901,-0.559,0.623,0.762,-0.329,0.781,-0.115,0.68,-0.709,0.021,0.723,0.481,0.743,0.689,0.214,0.101,0.831,0.43,0.279,0.694,0.619,-0.759,0.226,0.414,0.574,-0.525,0.337,-0.651,0.533,0.731,0.718,0.337,0.795,-0.023,0.716,0.748,-0.205,0.565,0.698,0.721,0.76,0.211,-0.059,0.758,-0.615,0.113,-0.577,-0.6,0.658,0.87,0.608,0.726,0.493,0.077,0.723,0.638,0.679,0.808,0.523,0.543,0.02,0.807,0.583,0.057,0.583,0.699,0.202,0.717,0.627,0.667,0.851,-0.773,0.402,0.507,0.688,-0.073,0.493,0.792,-0.428,0.754,0.612,0.685,0.74,0.723,0.155,0.021,0.454,0.628,0.285,0.224,0.762,0.087,0.065,0.569,0.384,-0.45,0.715,0.41,0.79,0.778,0.69,0.886,-0.503,0.691,0.625,0.801,0.733,0.738,0.678,0.628,-0.23,-0.883,0.587,0.626,0.517,0.528,0.769,0.742,0.857,0.51,0.369,0.836,-0.754
BHFAL,0.712,0.076,0.487,-0.041,0.614,0.086,0.131,0.357,0.718,0.489,0.424,0.633,0.514,-0.352,-0.283,0.512,-0.428,0.625,0.325,0.354,0.163,0.0,0.595,0.312,0.518,0.502,0.381,0.452,0.569,0.621,0.588,0.665,0.377,0.449,0.548,0.628,0.45,-0.081,0.525,0.319,0.566,0.325,0.317,0.658,0.285,-0.022,-0.442,0.132,0.546,0.204,0.554,0.523,0.502,0.266,0.168,0.466,0.621,0.432,0.408,0.687,0.509,0.268,0.586,0.459,0.488,-0.426,-0.054,0.269,-0.149,-0.531,0.687,0.366,0.528,0.036,0.517,0.327,0.742,0.383,0.1,0.757,0.522,0.153,0.548,0.403,0.376,-0.057,0.415,0.526,0.097,0.441,0.598,0.713,0.243,0.48,0.639,0.223,0.498,0.453,-0.024,0.677,0.743,0.26,-0.136,0.776,-0.215,0.556,0.493,0.459,0.725,0.544,0.691,0.517,0.553,0.302,0.204,0.506,0.627,0.086,0.674,0.773,0.295,0.374,0.218,-0.246,0.331,0.565,0.444,0.586,0.607,0.756,0.551,0.455,0.638,0.394,0.511,0.675,0.462,0.092,0.428,0.633,0.763,0.685,0.45,0.167,0.653,0.463,0.518,0.356,-0.474,0.56,0.39,0.479,-0.214,0.695,0.555,-0.06,0.404,0.606,0.528,0.203,0.629,0.569,0.086,0.785,0.015,0.654,0.552,0.534,0.458,0.274,0.47,0.578,0.264,0.526,0.175,0.556,0.425,-0.033,0.471,-0.207,0.445,0.584,0.262,0.497,0.554,0.475,0.613,0.061,-0.207,0.349,0.519,0.516,0.203,0.525,0.475,0.475,0.216,0.547,0.283,0.134
BKNG,0.68,0.17,0.939,-0.324,0.756,0.416,0.171,0.757,0.685,0.762,0.833,0.615,0.682,-0.771,-0.589,0.926,-0.89,0.915,0.563,0.886,0.786,0.595,0.0,0.651,0.952,0.905,0.1,0.599,0.727,0.929,0.933,0.913,0.737,0.866,0.788,0.9,0.871,0.278,0.824,0.737,0.952,0.516,0.731,0.878,0.695,-0.554,-0.731,0.081,0.84,-0.442,0.957,0.946,0.889,-0.059,-0.46,0.811,0.575,0.94,0.912,0.687,0.836,0.465,-0.05,0.925,0.913,-0.75,0.192,0.351,-0.336,-0.8,0.862,0.782,0.749,0.31,0.47,0.711,0.648,0.901,-0.431,0.861,0.881,-0.159,0.917,0.1,0.781,-0.7,0.347,0.916,0.542,0.913,0.839,0.608,0.357,0.945,0.604,0.345,0.894,0.835,-0.674,0.517,0.795,0.566,-0.585,0.691,-0.658,0.832,0.922,0.883,0.663,0.984,0.373,0.931,0.913,0.023,0.581,0.898,0.96,0.648,0.598,0.416,0.797,-0.287,0.143,-0.639,-0.335,0.723,0.955,0.831,0.946,0.841,0.456,0.902,0.883,0.803,0.932,0.875,0.816,0.061,0.919,0.879,0.433,0.91,0.792,0.096,0.914,0.775,0.87,0.89,-0.919,0.772,0.721,0.847,-0.205,0.839,0.972,-0.365,0.728,0.895,0.854,0.713,0.945,0.506,0.184,0.817,0.487,0.702,0.414,0.944,0.385,0.233,0.647,0.719,-0.211,0.88,0.426,0.961,0.896,0.552,0.913,-0.572,0.873,0.897,0.749,0.897,0.953,0.873,0.873,-0.13,-0.849,0.766,0.861,0.676,0.646,0.898,0.929,0.961,0.511,0.571,0.754,-0.51
BL,0.379,0.569,0.819,-0.141,0.784,0.529,0.501,0.851,0.702,0.81,0.856,0.066,0.13,-0.82,-0.03,0.759,-0.482,0.731,0.22,0.771,0.547,0.312,0.651,0.0,0.606,0.829,-0.277,-0.097,0.722,0.792,0.711,0.723,0.953,0.686,0.51,0.42,0.405,0.356,0.795,0.902,0.672,0.347,0.893,0.743,0.389,-0.26,-0.333,0.56,0.604,-0.632,0.677,0.596,0.889,-0.577,-0.107,0.779,0.545,0.692,0.593,0.448,0.541,0.351,-0.215,0.523,0.576,-0.248,0.514,0.804,-0.351,-0.336,0.589,0.938,0.638,0.683,0.241,0.608,0.318,0.592,-0.757,0.473,0.786,-0.43,0.69,-0.343,0.599,-0.567,0.235,0.772,0.543,0.745,0.609,0.35,0.747,0.678,0.472,0.671,0.879,0.707,-0.67,0.083,0.504,-0.052,-0.806,0.199,-0.009,0.833,0.85,0.88,0.234,0.703,0.291,0.826,0.594,0.374,0.563,0.857,0.675,0.819,0.381,0.073,0.918,-0.574,0.68,-0.329,-0.551,0.556,0.737,0.639,0.79,0.338,0.415,0.864,0.762,0.909,0.537,0.709,0.416,0.495,0.824,0.678,0.233,0.612,0.51,0.306,0.693,0.878,0.876,0.696,-0.491,0.355,0.826,0.877,0.208,0.803,0.685,-0.605,0.489,0.733,0.872,0.567,0.61,0.47,0.381,0.705,0.397,0.418,-0.114,0.817,0.396,0.397,0.066,0.479,-0.475,0.518,0.713,0.626,0.861,0.593,0.72,-0.082,0.834,0.66,0.532,0.765,0.714,0.853,0.746,0.355,-0.66,0.743,0.592,0.616,0.716,0.491,0.651,0.685,0.74,0.751,0.397,-0.171
BOKF,0.625,0.096,0.88,-0.492,0.688,0.361,0.024,0.689,0.57,0.792,0.784,0.571,0.761,-0.765,-0.606,0.927,-0.929,0.913,0.608,0.919,0.828,0.518,0.952,0.606,0.0,0.903,-0.02,0.571,0.718,0.887,0.95,0.889,0.702,0.939,0.842,0.909,0.948,0.154,0.735,0.686,0.933,0.4,0.72,0.847,0.602,-0.693,-0.797,-0.044,0.881,-0.474,0.975,0.978,0.847,-0.059,-0.535,0.761,0.493,0.924,0.955,0.731,0.904,0.605,-0.18,0.985,0.968,-0.808,0.067,0.216,-0.35,-0.862,0.841,0.733,0.695,0.373,0.422,0.671,0.663,0.971,-0.496,0.872,0.871,-0.235,0.905,0.172,0.765,-0.751,0.358,0.947,0.424,0.923,0.793,0.614,0.245,0.948,0.622,0.391,0.873,0.788,-0.747,0.517,0.821,0.523,-0.618,0.689,-0.677,0.777,0.901,0.842,0.682,0.966,0.412,0.886,0.952,-0.174,0.491,0.88,0.96,0.6,0.613,0.336,0.77,-0.366,0.139,-0.765,-0.377,0.666,0.952,0.841,0.914,0.795,0.322,0.887,0.897,0.782,0.986,0.817,0.758,0.108,0.906,0.856,0.402,0.901,0.756,0.042,0.857,0.705,0.82,0.932,-0.945,0.711,0.617,0.859,-0.358,0.791,0.975,-0.368,0.676,0.9,0.8,0.621,0.938,0.556,0.047,0.784,0.615,0.741,0.46,0.927,0.414,0.094,0.751,0.759,-0.195,0.954,0.286,0.969,0.864,0.629,0.925,-0.62,0.85,0.904,0.657,0.936,0.913,0.867,0.847,-0.221,-0.875,0.647,0.884,0.763,0.665,0.972,0.947,0.951,0.425,0.541,0.767,-0.609
BRKR,0.594,0.31,0.921,-0.424,0.784,0.37,0.209,0.795,0.727,0.92,0.864,0.406,0.52,-0.83,-0.435,0.95,-0.801,0.922,0.473,0.943,0.705,0.502,0.905,0.829,0.903,0.0,-0.165,0.296,0.853,0.923,0.945,0.936,0.889,0.929,0.804,0.763,0.755,0.147,0.785,0.844,0.873,0.357,0.854,0.907,0.488,-0.549,-0.69,0.274,0.874,-0.569,0.945,0.873,0.953,-0.258,-0.333,0.81,0.563,0.911,0.844,0.753,0.8,0.547,-0.165,0.849,0.86,-0.667,0.218,0.486,-0.418,-0.734,0.839,0.877,0.763,0.61,0.433,0.723,0.63,0.864,-0.69,0.765,0.898,-0.36,0.866,-0.036,0.71,-0.741,0.357,0.971,0.451,0.929,0.772,0.615,0.55,0.896,0.606,0.595,0.977,0.813,-0.768,0.371,0.816,0.244,-0.816,0.56,-0.425,0.911,0.973,0.955,0.549,0.938,0.489,0.953,0.874,0.067,0.516,0.97,0.931,0.702,0.638,0.28,0.902,-0.456,0.403,-0.619,-0.457,0.629,0.917,0.859,0.937,0.682,0.449,0.967,0.947,0.931,0.863,0.861,0.666,0.358,0.94,0.863,0.399,0.87,0.677,0.123,0.832,0.81,0.927,0.895,-0.837,0.661,0.758,0.969,-0.151,0.91,0.947,-0.471,0.554,0.953,0.9,0.602,0.873,0.648,0.152,0.857,0.565,0.729,0.227,0.964,0.515,0.235,0.509,0.785,-0.3,0.857,0.452,0.9,0.934,0.65,0.881,-0.455,0.953,0.89,0.629,0.972,0.897,0.97,0.889,0.049,-0.835,0.757,0.84,0.797,0.77,0.847,0.917,0.92,0.55,0.673,0.596,-0.426
CACC,0.202,0.034,0.01,0.335,0.141,0.097,0.278,-0.094,0.202,-0.12,-0.123,0.41,0.259,0.22,-0.122,-0.156,0.083,0.048,-0.014,-0.248,-0.035,0.381,0.1,-0.277,-0.02,-0.165,0.0,0.538,-0.167,0.1,-0.087,-0.011,-0.201,-0.223,-0.192,0.174,0.057,0.252,-0.007,-0.153,0.037,0.459,-0.195,0.011,0.105,0.372,0.272,0.087,-0.199,0.568,-0.088,-0.034,-0.092,0.371,0.168,0.12,0.407,-0.096,0.03,-0.062,0.0,-0.07,0.659,-0.037,0.006,0.041,-0.173,0.017,0.245,0.073,0.111,-0.148,0.205,-0.431,0.171,-0.017,0.056,-0.09,0.571,0.203,-0.057,0.517,0.11,0.207,-0.044,0.276,-0.085,-0.163,0.139,-0.188,0.124,0.172,-0.128,-0.065,0.133,-0.216,-0.151,-0.111,0.372,0.466,-0.012,0.468,0.506,0.315,-0.069,-0.059,-0.125,-0.149,0.251,0.038,-0.001,-0.016,-0.074,0.372,0.078,-0.108,-0.015,-0.182,-0.073,0.442,-0.19,0.533,-0.13,0.239,0.54,0.413,-0.032,0.02,0.019,0.378,0.342,-0.163,-0.052,-0.194,0.002,0.135,0.101,-0.121,-0.102,0.008,0.382,0.017,0.13,0.16,0.173,-0.062,-0.055,-0.19,0.024,0.178,-0.02,-0.226,0.206,-0.036,-0.036,0.356,0.159,-0.056,-0.024,0.223,0.079,-0.159,0.136,0.107,-0.25,-0.098,0.363,-0.048,-0.227,0.411,0.209,-0.109,0.399,-0.103,0.177,0.002,-0.072,-0.419,-0.03,0.188,-0.176,-0.102,0.25,-0.192,0.006,-0.139,0.095,0.211,0.244,0.035,-0.161,-0.217,-0.265,-0.045,-0.065,0.006,0.009,-0.149,0.155,0.272
CAR,0.571,-0.385,0.415,-0.114,0.225,0.039,-0.216,0.136,0.281,0.149,0.219,0.798,0.64,-0.059,-0.599,0.383,-0.494,0.416,0.457,0.345,0.434,0.452,0.599,-0.097,0.571,0.296,0.538,0.0,0.26,0.453,0.466,0.453,0.049,0.331,0.454,0.676,0.635,0.074,0.305,0.01,0.514,0.481,-0.0,0.364,0.493,-0.27,-0.484,-0.362,0.446,0.137,0.492,0.544,0.238,0.59,-0.346,0.229,0.401,0.486,0.514,0.38,0.458,0.124,0.321,0.579,0.504,-0.671,-0.139,-0.206,0.088,-0.59,0.562,0.088,0.378,-0.369,0.381,0.294,0.469,0.478,0.261,0.584,0.298,0.284,0.456,0.48,0.409,-0.295,0.198,0.373,0.279,0.378,0.442,0.423,-0.187,0.463,0.256,-0.288,0.253,0.393,-0.109,0.528,0.466,0.852,0.134,0.673,-0.708,0.251,0.319,0.213,0.578,0.541,0.213,0.397,0.542,-0.122,0.171,0.301,0.532,0.012,0.414,0.599,0.096,0.291,-0.406,-0.406,0.198,0.433,0.481,0.427,0.393,0.782,0.301,0.277,0.37,0.159,0.592,0.485,0.658,-0.385,0.304,0.4,0.365,0.527,0.498,-0.183,0.467,0.147,0.293,0.357,-0.595,0.713,0.175,0.183,-0.406,0.313,0.518,0.319,0.453,0.414,0.226,0.394,0.578,0.207,0.069,0.379,0.124,0.434,0.592,0.38,0.027,0.174,0.753,0.451,0.255,0.515,-0.086,0.574,0.292,0.027,0.372,-0.515,0.236,0.462,0.487,0.338,0.461,0.26,0.446,-0.329,-0.34,0.224,0.467,0.214,0.105,0.576,0.492,0.509,-0.019,0.038,0.519,-0.293
CDNA,0.665,0.028,0.741,-0.24,0.637,0.058,-0.029,0.597,0.733,0.819,0.665,0.49,0.33,-0.621,-0.377,0.832,-0.542,0.771,0.407,0.808,0.385,0.569,0.727,0.722,0.718,0.853,-0.167,0.26,0.0,0.79,0.852,0.891,0.803,0.768,0.803,0.593,0.522,-0.138,0.648,0.613,0.68,0.287,0.662,0.795,0.337,-0.39,-0.667,0.215,0.867,-0.413,0.815,0.675,0.809,-0.052,-0.057,0.539,0.532,0.773,0.562,0.807,0.613,0.375,0.066,0.65,0.633,-0.669,0.225,0.413,-0.31,-0.681,0.81,0.697,0.707,0.479,0.487,0.561,0.714,0.62,-0.534,0.663,0.699,-0.324,0.629,0.121,0.528,-0.606,0.435,0.847,0.286,0.795,0.584,0.696,0.563,0.687,0.485,0.458,0.849,0.726,-0.558,0.286,0.826,0.105,-0.709,0.573,-0.267,0.844,0.839,0.781,0.539,0.773,0.696,0.811,0.784,0.141,0.285,0.862,0.809,0.455,0.826,0.454,0.703,-0.221,0.377,-0.567,-0.274,0.388,0.711,0.799,0.758,0.635,0.48,0.818,0.88,0.844,0.682,0.819,0.607,0.413,0.724,0.739,0.422,0.815,0.435,-0.112,0.625,0.636,0.826,0.675,-0.682,0.687,0.628,0.859,-0.296,0.902,0.794,-0.228,0.304,0.887,0.702,0.363,0.755,0.789,0.147,0.839,0.351,0.811,0.168,0.791,0.553,0.207,0.439,0.851,-0.157,0.738,0.226,0.764,0.723,0.487,0.623,-0.439,0.811,0.841,0.388,0.856,0.714,0.861,0.798,0.131,-0.579,0.538,0.763,0.756,0.732,0.693,0.794,0.718,0.278,0.667,0.257,-0.131
CG,0.675,0.313,0.956,-0.255,0.87,0.491,0.319,0.784,0.796,0.845,0.872,0.519,0.565,-0.795,-0.399,0.914,-0.765,0.939,0.468,0.876,0.723,0.621,0.929,0.792,0.887,0.923,0.1,0.453,0.79,0.0,0.926,0.924,0.854,0.84,0.741,0.81,0.763,0.308,0.862,0.809,0.914,0.581,0.824,0.883,0.588,-0.421,-0.601,0.269,0.815,-0.42,0.903,0.873,0.936,-0.161,-0.272,0.856,0.725,0.877,0.846,0.692,0.796,0.475,0.025,0.824,0.853,-0.621,0.258,0.565,-0.309,-0.688,0.854,0.866,0.821,0.406,0.449,0.671,0.632,0.824,-0.502,0.838,0.919,-0.192,0.918,0.002,0.768,-0.638,0.385,0.917,0.564,0.888,0.827,0.608,0.504,0.886,0.66,0.486,0.935,0.808,-0.655,0.492,0.776,0.417,-0.63,0.62,-0.406,0.893,0.943,0.911,0.609,0.94,0.457,0.957,0.849,0.23,0.623,0.943,0.928,0.697,0.604,0.429,0.857,-0.303,0.393,-0.547,-0.313,0.794,0.932,0.821,0.96,0.795,0.53,0.931,0.927,0.871,0.854,0.917,0.722,0.255,0.909,0.879,0.485,0.882,0.707,0.25,0.924,0.855,0.952,0.847,-0.803,0.701,0.805,0.897,-0.095,0.904,0.915,-0.381,0.673,0.917,0.913,0.688,0.91,0.547,0.293,0.883,0.45,0.672,0.332,0.961,0.452,0.39,0.53,0.699,-0.207,0.806,0.556,0.899,0.932,0.546,0.893,-0.356,0.878,0.867,0.698,0.894,0.919,0.915,0.916,0.094,-0.774,0.757,0.812,0.723,0.69,0.807,0.875,0.9,0.615,0.683,0.638,-0.313
CGBD,0.711,0.095,0.911,-0.405,0.762,0.302,0.026,0.693,0.681,0.848,0.821,0.554,0.638,-0.799,-0.535,0.978,-0.865,0.941,0.59,0.94,0.695,0.588,0.933,0.711,0.95,0.945,-0.087,0.466,0.852,0.926,0.0,0.957,0.809,0.923,0.898,0.858,0.839,0.078,0.782,0.722,0.926,0.43,0.768,0.877,0.584,-0.641,-0.814,0.055,0.942,-0.49,0.978,0.936,0.897,-0.065,-0.366,0.752,0.541,0.939,0.862,0.829,0.844,0.549,-0.099,0.915,0.909,-0.78,0.168,0.332,-0.398,-0.869,0.876,0.781,0.758,0.44,0.449,0.614,0.768,0.89,-0.53,0.856,0.888,-0.235,0.88,0.144,0.783,-0.739,0.491,0.982,0.453,0.954,0.772,0.672,0.414,0.926,0.619,0.461,0.936,0.833,-0.736,0.495,0.885,0.394,-0.7,0.678,-0.524,0.878,0.952,0.893,0.678,0.956,0.534,0.926,0.94,-0.032,0.503,0.944,0.977,0.592,0.711,0.415,0.799,-0.331,0.253,-0.748,-0.355,0.615,0.932,0.865,0.94,0.798,0.433,0.935,0.956,0.847,0.934,0.894,0.796,0.197,0.906,0.913,0.473,0.955,0.672,0.05,0.865,0.778,0.911,0.911,-0.892,0.757,0.713,0.911,-0.365,0.899,0.961,-0.36,0.6,0.968,0.839,0.555,0.947,0.668,0.151,0.864,0.57,0.839,0.417,0.95,0.546,0.166,0.63,0.824,-0.165,0.937,0.315,0.954,0.888,0.626,0.883,-0.547,0.901,0.953,0.548,0.962,0.927,0.931,0.886,-0.113,-0.827,0.667,0.932,0.799,0.746,0.917,0.953,0.91,0.439,0.648,0.61,-0.449
