,ACET,ADAP,ADI,ADPT,ADTN,AGEN,ALGN,ALLK,AMD,AMWD,ARDX,ARQT,ASTE,AUPH,AVXL,AZTA,BAND,BECN,BFC,BGC,BHF,BHFAL,BKNG,BL,BOKF,BRKR,CACC,CAR,CDNA,CG,CGBD,CHI,CHTR,CHX,CLNE,CME,CNOB,CNXN,CPRX,CSGP,CSGS,CSIQ,CVCO,CVLT,CYRX,DDOG,DOOO,DSGX,DTIL,ECPG,EEFT,EFSC,ENTG,ESPR,ETSY,EXC,FAMI,FFIV,FITB,FIZZ,FMBH,FOX,FTNT,FULT,GABC,GEN,GH,GMAB,GNPX,GO,GOGL,GOOG,GPRO,GSHD,GSM,GWAV,HAIN,HBAN,HEPA,HURN,HWKN,IBIO,ICFI,IGMS,IMKTA,INCY,INO,IRDM,IRTC,IRWD,ITCI,JACK,JD,JJSF,KALA,KHC,KLAC,KRRO,KRYS,LANC,LBTYA,LIVN,LKCO,LNTH,LOGI,LPRO,LRCX,LSCC,LSTR,MAR,MARA,MCHP,MEOH,META,MGTX,MKSI,MMYT,MORN,MRUS,MTLS,MTSI,MVIS,MXL,NBIX,NFE,NMIH,NMRK,NNDM,NSIT,NTCT,NVAX,OCUL,ODP,OLED,ONB,OTEX,PACB,PATK,PAYX,PEP,PERI,PI,PLYA,PRDO,PRGS,PTGX,QCOM,QCRH,QDEL,QFIN,RGEN,RILY,RPAY,RPD,SABR,SEDG,SHEN,SIRI,SLNO,SNDL,SNEX,SONO,SPT,SSNC,STGW,STKL,STRL,STX,SWTX,SYNA,TFSL,TIGR,TNXP,TOWN,TRI,TRIP,TRMB,TRNS,TRS,TSCO,TSEM,TVTX,TXRH,VC,VCEL,VECO,VIAV,VICR,VIR,VRTX,VSTM,VTRS,WDFC,WSBC,WSC,WYNN,XENE,XNCR,XRAY,ZS
ACET,0.0,-0.195,0.221,0.156,0.362,-0.259,0.176,0.247,-0.003,0.044,0.077,0.042,0.206,0.076,-0.386,0.069,0.16,0.354,0.061,0.132,-0.041,0.053,0.331,0.034,0.284,0.231,0.283,0.411,0.241,0.185,0.141,0.148,0.05,0.221,-0.069,0.131,0.247,0.049,0.053,-0.042,0.233,-0.256,0.033,0.096,0.003,0.144,0.136,-0.02,-0.378,0.129,-0.147,0.032,0.052,0.322,-0.003,-0.041,0.039,0.135,0.301,0.021,0.226,-0.09,0.221,0.337,-0.057,0.391,0.137,0.017,0.229,0.039,0.024,0.085,0.28,-0.188,0.212,0.338,-0.147,0.165,0.083,0.219,0.383,0.001,0.32,0.196,0.197,-0.075,0.133,0.286,-0.216,0.35,0.252,-0.152,-0.08,0.144,0.19,0.191,0.093,0.119,0.099,0.232,0.291,0.203,-0.114,0.127,-0.047,0.216,0.194,0.055,0.187,0.198,-0.11,0.17,0.003,-0.184,0.003,0.198,0.17,0.277,-0.007,0.115,0.195,0.132,0.088,0.034,0.114,0.353,0.183,0.067,0.162,0.211,-0.028,0.153,-0.264,0.092,0.278,0.164,0.253,0.211,0.037,0.245,0.193,0.064,0.097,0.393,0.273,-0.138,0.233,0.343,0.166,-0.27,0.061,-0.206,0.001,-0.092,0.129,-0.085,0.176,-0.247,-0.076,-0.041,-0.016,-0.085,-0.1,0.088,-0.093,0.04,0.074,0.195,0.268,0.228,-0.047,-0.123,0.27,0.331,0.489,0.262,0.189,0.354,0.272,-0.197,0.156,0.354,0.297,0.121,0.061,0.145,-0.088,0.094,0.002,0.085,0.108,0.088,0.271,0.175,0.083,0.217,0.01,-0.063,0.222,0.287
ADAP,-0.195,0.0,-0.517,-0.701,-0.63,0.638,-0.628,-0.744,-0.479,0.145,-0.533,-0.687,-0.701,-0.38,0.542,-0.32,-0.722,-0.558,-0.531,-0.578,0.12,-0.733,-0.521,-0.581,-0.45,-0.772,-0.637,-0.684,-0.768,-0.731,-0.422,-0.706,-0.197,-0.801,-0.412,-0.654,-0.858,0.223,-0.403,0.898,-0.454,0.358,0.497,-0.791,-0.099,-0.555,-0.658,-0.008,0.612,-0.864,-0.326,-0.342,-0.463,-0.184,-0.595,0.51,-0.745,-0.756,-0.807,0.288,-0.826,-0.417,-0.625,-0.705,0.279,-0.553,-0.645,-0.507,-0.396,0.048,-0.68,-0.108,-0.61,0.617,-0.624,-0.542,-0.032,-0.679,0.475,-0.864,0.083,0.766,-0.671,-0.687,-0.732,0.302,0.28,-0.667,0.683,-0.501,0.101,-0.113,0.603,0.243,-0.199,-0.752,-0.509,-0.749,-0.612,0.009,-0.709,-0.788,-0.34,-0.833,-0.509,-0.533,-0.672,-0.414,-0.761,-0.55,-0.4,-0.613,-0.702,-0.011,0.604,-0.689,-0.208,-0.252,-0.602,-0.187,-0.657,-0.763,-0.434,0.005,-0.774,-0.687,-0.659,-0.463,-0.481,-0.799,-0.312,-0.696,0.441,-0.575,-0.428,-0.698,-0.688,-0.804,0.083,-0.416,-0.815,-0.475,-0.428,-0.685,-0.6,0.2,-0.288,-0.638,-0.265,0.41,0.763,-0.456,-0.197,-0.173,-0.464,-0.509,0.079,0.029,0.816,-0.219,0.531,-0.331,-0.072,-0.733,0.259,-0.603,-0.618,-0.772,-0.692,-0.331,-0.617,0.409,-0.148,-0.728,-0.002,-0.621,-0.714,-0.654,-0.814,-0.275,-0.576,-0.577,-0.691,-0.618,-0.313,-0.651,0.068,-0.554,-0.48,-0.165,-0.634,-0.432,-0.22,-0.769,-0.215,-0.75,-0.517,-0.306,-0.666,-0.718
ADI,0.221,-0.517,0.0,0.671,0.886,-0.731,0.915,0.728,0.861,-0.6,0.638,0.704,0.837,0.801,-0.483,0.867,0.794,0.522,0.797,0.87,0.042,0.529,0.686,0.816,0.159,0.855,0.771,0.667,0.738,0.842,0.768,0.876,0.678,0.693,0.49,0.891,0.761,0.184,0.575,-0.434,0.693,0.04,-0.773,0.705,0.701,0.812,0.884,0.324,-0.586,0.772,0.454,0.156,0.883,0.348,0.772,-0.743,0.768,0.785,0.743,0.324,0.812,0.611,0.901,0.422,-0.526,0.635,0.854,0.83,0.866,0.284,0.617,0.697,0.765,-0.601,0.8,0.75,0.601,0.77,-0.686,0.606,-0.093,-0.565,0.331,0.654,0.598,0.201,0.409,0.884,-0.685,0.454,-0.265,0.203,-0.69,-0.552,0.348,0.852,0.904,0.734,0.842,-0.157,0.821,0.732,0.65,0.717,0.787,0.109,0.944,0.893,0.637,0.821,0.609,0.935,0.702,0.623,-0.212,0.912,-0.096,0.347,0.735,0.673,0.915,0.835,0.787,0.251,0.738,0.361,0.845,0.754,0.667,0.838,0.733,0.864,-0.607,0.876,0.22,0.88,0.89,0.661,0.433,0.817,0.608,0.845,0.772,0.806,0.804,0.258,0.747,0.229,0.553,-0.6,-0.362,0.557,0.76,0.639,0.757,0.602,0.111,0.238,-0.714,0.639,-0.002,0.457,0.523,0.809,-0.104,0.755,0.47,0.897,0.598,0.356,0.625,-0.684,0.678,0.715,0.203,0.854,0.911,0.645,0.699,0.621,0.934,0.526,0.792,0.794,0.552,0.897,0.001,0.85,0.763,0.771,0.869,0.52,0.132,0.606,-0.164,0.878,0.639,-0.008,0.856,0.858
ADPT,0.156,-0.701,0.671,0.0,0.711,-0.481,0.628,0.873,0.573,-0.203,0.726,0.67,0.635,0.557,-0.335,0.542,0.825,0.602,0.614,0.584,-0.46,0.656,0.45,0.699,0.079,0.788,0.723,0.505,0.868,0.77,0.293,0.71,0.234,0.541,0.281,0.646,0.802,-0.174,0.496,-0.655,0.468,-0.325,-0.651,0.789,0.504,0.667,0.679,-0.073,-0.735,0.748,0.142,0.227,0.587,0.366,0.722,-0.544,0.835,0.813,0.627,-0.36,0.792,0.218,0.746,0.538,-0.672,0.752,0.707,0.72,0.564,0.277,0.647,0.174,0.795,-0.404,0.504,0.491,0.357,0.453,-0.382,0.841,-0.177,-0.69,0.619,0.781,0.802,0.17,0.009,0.638,-0.56,0.49,-0.128,-0.066,-0.857,-0.189,0.519,0.693,0.539,0.86,0.725,0.079,0.606,0.907,0.303,0.827,0.737,0.661,0.722,0.613,0.816,0.432,0.302,0.643,0.647,0.128,-0.438,0.721,-0.164,0.597,0.545,0.155,0.746,0.81,0.359,-0.207,0.804,0.496,0.558,0.465,0.36,0.873,0.515,0.764,-0.7,0.613,0.201,0.698,0.857,0.613,-0.164,0.587,0.927,0.552,0.377,0.82,0.779,0.027,0.35,0.569,0.659,-0.729,-0.448,0.409,0.32,0.209,0.34,0.493,-0.056,-0.078,-0.76,0.327,-0.605,0.175,0.24,0.678,-0.063,0.686,0.495,0.786,0.795,0.157,0.433,-0.636,0.355,0.534,0.162,0.553,0.749,0.774,0.852,0.489,0.591,0.748,0.576,0.501,0.725,0.683,-0.281,0.621,0.664,0.483,0.746,0.38,0.472,0.546,0.189,0.723,0.678,0.509,0.644,0.744
ADTN,0.362,-0.63,0.886,0.711,0.0,-0.825,0.849,0.802,0.717,-0.5,0.556,0.667,0.889,0.705,-0.677,0.752,0.779,0.7,0.729,0.821,-0.093,0.606,0.72,0.771,0.26,0.883,0.812,0.721,0.823,0.868,0.728,0.859,0.576,0.717,0.403,0.839,0.832,0.021,0.464,-0.547,0.656,-0.132,-0.66,0.698,0.515,0.793,0.859,0.171,-0.773,0.813,0.32,0.139,0.815,0.365,0.708,-0.684,0.76,0.754,0.821,0.204,0.863,0.484,0.905,0.598,-0.508,0.772,0.833,0.75,0.771,0.101,0.575,0.572,0.856,-0.716,0.802,0.827,0.4,0.766,-0.604,0.723,0.067,-0.641,0.526,0.716,0.672,0.037,0.324,0.922,-0.746,0.475,-0.103,0.049,-0.7,-0.393,0.327,0.84,0.824,0.726,0.793,0.008,0.859,0.811,0.531,0.763,0.716,0.217,0.932,0.77,0.755,0.791,0.457,0.869,0.681,0.432,-0.306,0.924,-0.105,0.271,0.677,0.634,0.927,0.805,0.7,0.07,0.768,0.532,0.811,0.742,0.649,0.88,0.609,0.827,-0.611,0.814,0.346,0.874,0.933,0.73,0.321,0.789,0.709,0.726,0.703,0.878,0.835,0.182,0.766,0.407,0.533,-0.698,-0.539,0.454,0.65,0.489,0.74,0.531,0.129,0.116,-0.746,0.464,-0.072,0.362,0.344,0.834,-0.231,0.693,0.467,0.89,0.673,0.342,0.532,-0.68,0.652,0.793,0.262,0.882,0.872,0.762,0.838,0.418,0.883,0.708,0.785,0.756,0.51,0.881,-0.031,0.781,0.685,0.623,0.852,0.528,0.203,0.685,-0.151,0.913,0.494,-0.011,0.844,0.927
AGEN,-0.259,0.638,-0.731,-0.481,-0.825,0.0,-0.763,-0.622,-0.641,0.43,-0.379,-0.666,-0.867,-0.653,0.787,-0.523,-0.68,-0.64,-0.663,-0.787,-0.116,-0.551,-0.527,-0.71,-0.316,-0.819,-0.547,-0.645,-0.706,-0.742,-0.734,-0.824,-0.612,-0.766,-0.532,-0.767,-0.741,0.108,-0.337,0.628,-0.529,0.079,0.607,-0.665,-0.168,-0.705,-0.797,-0.289,0.58,-0.802,-0.402,-0.004,-0.736,-0.011,-0.651,0.724,-0.628,-0.65,-0.762,-0.273,-0.782,-0.555,-0.747,-0.498,0.378,-0.495,-0.776,-0.615,-0.553,-0.104,-0.633,-0.446,-0.576,0.682,-0.839,-0.753,-0.229,-0.787,0.658,-0.598,0.001,0.68,-0.347,-0.646,-0.549,0.356,-0.072,-0.859,0.721,-0.291,0.235,-0.253,0.466,0.533,-0.082,-0.794,-0.783,-0.635,-0.652,0.183,-0.807,-0.609,-0.506,-0.706,-0.615,-0.104,-0.841,-0.607,-0.601,-0.756,-0.51,-0.829,-0.707,-0.314,0.549,-0.87,-0.062,0.105,-0.746,-0.767,-0.826,-0.706,-0.797,-0.098,-0.7,-0.431,-0.774,-0.71,-0.612,-0.72,-0.451,-0.719,0.327,-0.785,-0.297,-0.832,-0.735,-0.797,-0.279,-0.509,-0.56,-0.62,-0.783,-0.614,-0.537,-0.17,-0.655,-0.233,-0.184,0.402,0.701,-0.543,-0.551,-0.528,-0.802,-0.618,0.053,-0.292,0.708,-0.356,-0.07,-0.595,-0.353,-0.865,0.396,-0.563,-0.423,-0.788,-0.451,-0.509,-0.647,0.352,-0.515,-0.713,-0.099,-0.854,-0.78,-0.549,-0.652,-0.262,-0.81,-0.524,-0.749,-0.819,-0.131,-0.827,-0.288,-0.791,-0.585,-0.308,-0.706,-0.683,0.103,-0.719,0.181,-0.844,-0.367,0.173,-0.802,-0.829
ALGN,0.176,-0.628,0.915,0.628,0.849,-0.763,0.0,0.707,0.911,-0.657,0.679,0.83,0.875,0.857,-0.461,0.835,0.826,0.387,0.842,0.922,0.215,0.609,0.675,0.88,0.2,0.868,0.747,0.713,0.711,0.825,0.873,0.922,0.706,0.819,0.619,0.969,0.787,0.217,0.681,-0.571,0.676,0.141,-0.817,0.792,0.562,0.854,0.955,0.482,-0.466,0.883,0.651,0.161,0.864,0.23,0.827,-0.837,0.798,0.753,0.799,0.33,0.833,0.803,0.899,0.389,-0.478,0.531,0.923,0.855,0.83,0.159,0.722,0.689,0.703,-0.753,0.933,0.798,0.507,0.894,-0.826,0.613,-0.255,-0.642,0.301,0.588,0.528,0.136,0.367,0.907,-0.744,0.388,-0.43,0.405,-0.608,-0.71,0.189,0.92,0.93,0.774,0.91,-0.351,0.877,0.719,0.772,0.793,0.79,0.025,0.953,0.818,0.59,0.913,0.796,0.949,0.816,0.612,-0.293,0.918,0.025,0.239,0.859,0.661,0.908,0.89,0.871,0.43,0.788,0.313,0.945,0.852,0.713,0.83,0.816,0.935,-0.51,0.936,0.241,0.945,0.846,0.776,0.462,0.724,0.569,0.914,0.862,0.722,0.772,0.214,0.646,0.157,0.466,-0.489,-0.473,0.684,0.755,0.721,0.864,0.708,0.03,0.255,-0.78,0.755,-0.023,0.606,0.538,0.863,-0.168,0.844,0.564,0.944,0.59,0.313,0.796,-0.684,0.597,0.762,0.011,0.91,0.935,0.537,0.653,0.69,0.965,0.42,0.894,0.894,0.468,0.925,0.115,0.861,0.809,0.748,0.917,0.485,-0.078,0.698,-0.102,0.926,0.683,-0.026,0.898,0.894
ALLK,0.247,-0.744,0.728,0.873,0.802,-0.622,0.707,0.0,0.589,-0.251,0.744,0.797,0.805,0.645,-0.488,0.619,0.817,0.703,0.657,0.718,-0.202,0.717,0.537,0.778,0.304,0.861,0.625,0.624,0.853,0.84,0.446,0.824,0.249,0.743,0.523,0.712,0.926,-0.138,0.605,-0.645,0.665,-0.185,-0.649,0.858,0.405,0.759,0.765,0.12,-0.674,0.823,0.323,0.389,0.64,0.196,0.78,-0.586,0.903,0.912,0.768,-0.265,0.909,0.338,0.822,0.686,-0.564,0.658,0.792,0.687,0.52,0.322,0.782,0.166,0.709,-0.528,0.644,0.553,0.467,0.623,-0.525,0.927,-0.06,-0.827,0.713,0.834,0.836,0.094,-0.076,0.766,-0.522,0.598,-0.169,0.007,-0.728,-0.212,0.357,0.845,0.661,0.914,0.778,0.082,0.645,0.917,0.456,0.832,0.747,0.595,0.774,0.669,0.855,0.604,0.44,0.749,0.773,0.097,-0.482,0.806,0.054,0.427,0.624,0.316,0.84,0.881,0.546,-0.059,0.895,0.593,0.722,0.553,0.607,0.926,0.55,0.816,-0.545,0.681,0.428,0.811,0.825,0.816,0.068,0.65,0.896,0.539,0.518,0.868,0.784,0.17,0.383,0.616,0.441,-0.602,-0.596,0.566,0.437,0.288,0.534,0.642,0.006,0.145,-0.822,0.292,-0.454,0.287,0.401,0.787,-0.09,0.64,0.676,0.841,0.827,0.384,0.602,-0.527,0.338,0.704,0.096,0.64,0.854,0.844,0.884,0.559,0.669,0.677,0.726,0.686,0.622,0.796,-0.04,0.72,0.649,0.487,0.763,0.44,0.437,0.752,0.242,0.782,0.715,0.522,0.748,0.816
AMD,-0.003,-0.479,0.861,0.573,0.717,-0.641,0.911,0.589,0.0,-0.691,0.673,0.78,0.746,0.9,-0.27,0.861,0.81,0.168,0.804,0.88,0.134,0.554,0.448,0.896,-0.055,0.766,0.629,0.44,0.643,0.71,0.835,0.88,0.779,0.692,0.558,0.904,0.622,0.149,0.691,-0.483,0.529,0.241,-0.881,0.736,0.547,0.882,0.903,0.556,-0.314,0.772,0.673,0.032,0.897,0.205,0.866,-0.889,0.758,0.624,0.561,0.393,0.71,0.808,0.872,0.118,-0.552,0.369,0.87,0.919,0.808,0.213,0.706,0.696,0.62,-0.576,0.849,0.748,0.619,0.751,-0.844,0.467,-0.46,-0.592,0.042,0.49,0.379,0.28,0.394,0.8,-0.727,0.24,-0.568,0.547,-0.61,-0.836,0.25,0.832,0.915,0.711,0.905,-0.512,0.82,0.583,0.789,0.722,0.851,-0.05,0.884,0.819,0.449,0.793,0.836,0.905,0.782,0.658,-0.311,0.845,-0.079,0.197,0.89,0.638,0.857,0.832,0.861,0.398,0.733,0.037,0.826,0.87,0.541,0.718,0.884,0.907,-0.396,0.95,-0.031,0.879,0.753,0.65,0.41,0.608,0.468,0.954,0.809,0.546,0.671,0.24,0.586,-0.079,0.552,-0.487,-0.38,0.739,0.752,0.813,0.782,0.747,-0.11,0.235,-0.687,0.854,-0.019,0.717,0.58,0.813,-0.213,0.894,0.487,0.875,0.419,0.196,0.763,-0.624,0.555,0.585,-0.147,0.793,0.846,0.348,0.476,0.752,0.893,0.335,0.763,0.834,0.438,0.874,0.099,0.868,0.923,0.748,0.884,0.566,-0.218,0.518,-0.106,0.837,0.672,-0.017,0.746,0.829
AMWD,0.044,0.145,-0.6,-0.203,-0.5,0.43,-0.657,-0.251,-0.691,0.0,-0.374,-0.467,-0.547,-0.589,0.153,-0.721,-0.314,0.022,-0.713,-0.706,-0.373,-0.301,-0.512,-0.587,0.056,-0.336,-0.473,-0.326,-0.153,-0.474,-0.757,-0.552,-0.629,-0.396,-0.422,-0.694,-0.335,-0.422,-0.52,0.199,-0.474,-0.495,0.639,-0.314,-0.456,-0.566,-0.655,-0.549,0.069,-0.447,-0.591,0.019,-0.6,-0.108,-0.516,0.55,-0.421,-0.357,-0.414,-0.538,-0.41,-0.721,-0.59,-0.032,0.156,-0.156,-0.575,-0.594,-0.588,0.178,-0.316,-0.778,-0.357,0.561,-0.566,-0.539,-0.479,-0.652,0.756,-0.169,0.305,0.233,0.092,-0.201,-0.079,-0.262,-0.583,-0.543,0.429,0.117,0.398,-0.395,0.255,0.645,0.174,-0.558,-0.661,-0.28,-0.622,0.413,-0.516,-0.315,-0.795,-0.382,-0.597,0.488,-0.583,-0.565,-0.177,-0.761,-0.612,-0.608,-0.534,-0.791,-0.061,-0.527,0.096,0.046,-0.585,-0.515,-0.531,-0.433,-0.638,-0.559,-0.36,0.063,-0.69,-0.666,-0.547,-0.397,-0.712,-0.583,0.195,-0.645,-0.017,-0.594,-0.425,-0.297,-0.682,-0.555,-0.093,-0.701,-0.717,-0.352,-0.496,-0.443,-0.527,0.223,-0.31,0.142,0.214,-0.569,-0.837,-0.742,-0.725,-0.459,-0.142,-0.204,0.376,-0.729,-0.315,-0.487,-0.52,-0.484,0.043,-0.563,-0.271,-0.558,-0.139,-0.044,-0.557,0.59,-0.437,-0.46,0.204,-0.614,-0.541,-0.132,-0.212,-0.566,-0.668,0.074,-0.544,-0.569,-0.327,-0.577,-0.159,-0.585,-0.556,-0.7,-0.641,-0.271,0.33,-0.307,0.328,-0.604,-0.419,0.233,-0.579,-0.509
ARDX,0.077,-0.533,0.638,0.726,0.556,-0.379,0.679,0.744,0.673,-0.374,0.0,0.765,0.59,0.675,-0.081,0.684,0.752,0.291,0.602,0.682,0.022,0.614,0.39,0.78,0.159,0.656,0.489,0.469,0.623,0.609,0.496,0.691,0.337,0.649,0.552,0.653,0.708,0.104,0.793,-0.474,0.597,0.174,-0.726,0.792,0.456,0.747,0.704,0.328,-0.31,0.646,0.514,0.292,0.61,0.13,0.786,-0.591,0.845,0.731,0.528,-0.147,0.705,0.486,0.75,0.32,-0.454,0.425,0.687,0.691,0.47,0.307,0.731,0.324,0.528,-0.353,0.608,0.513,0.512,0.562,-0.601,0.661,-0.392,-0.593,0.383,0.469,0.454,0.322,0.097,0.55,-0.435,0.394,-0.354,0.22,-0.498,-0.385,0.161,0.722,0.655,0.793,0.792,-0.22,0.545,0.727,0.571,0.65,0.739,0.336,0.657,0.658,0.459,0.588,0.591,0.675,0.698,0.228,-0.293,0.65,0.202,0.417,0.606,0.222,0.713,0.822,0.555,0.276,0.778,0.166,0.666,0.589,0.552,0.735,0.743,0.795,-0.405,0.66,0.272,0.717,0.62,0.659,0.158,0.438,0.623,0.587,0.497,0.639,0.737,0.212,0.083,0.323,0.525,-0.389,-0.356,0.608,0.475,0.479,0.498,0.731,-0.062,0.155,-0.657,0.503,-0.383,0.406,0.477,0.612,0.142,0.63,0.689,0.746,0.643,0.263,0.668,-0.473,0.237,0.526,-0.06,0.509,0.758,0.475,0.567,0.753,0.594,0.414,0.68,0.63,0.572,0.677,0.062,0.635,0.73,0.605,0.71,0.297,0.131,0.528,0.379,0.656,0.769,0.46,0.609,0.682
ARQT,0.042,-0.687,0.704,0.67,0.667,-0.666,0.83,0.797,0.78,-0.467,0.765,0.0,0.816,0.825,-0.289,0.66,0.817,0.356,0.775,0.861,0.161,0.688,0.433,0.917,0.185,0.799,0.462,0.562,0.674,0.757,0.661,0.897,0.417,0.822,0.794,0.848,0.83,0.063,0.843,-0.711,0.618,0.207,-0.863,0.926,0.263,0.861,0.899,0.547,-0.293,0.861,0.68,0.307,0.662,-0.086,0.929,-0.816,0.873,0.816,0.703,-0.041,0.849,0.698,0.813,0.392,-0.534,0.331,0.897,0.81,0.528,0.32,0.931,0.319,0.481,-0.598,0.84,0.57,0.439,0.778,-0.835,0.754,-0.44,-0.848,0.372,0.672,0.626,0.025,0.024,0.761,-0.532,0.33,-0.565,0.429,-0.524,-0.625,0.097,0.91,0.789,0.907,0.896,-0.453,0.657,0.772,0.741,0.843,0.851,0.27,0.786,0.634,0.587,0.757,0.785,0.83,0.921,0.265,-0.502,0.791,0.152,0.18,0.867,0.406,0.819,0.897,0.785,0.361,0.925,0.3,0.86,0.771,0.677,0.815,0.788,0.914,-0.367,0.83,0.274,0.905,0.678,0.861,0.205,0.471,0.671,0.724,0.782,0.617,0.653,0.244,0.268,0.228,0.324,-0.324,-0.623,0.847,0.602,0.608,0.777,0.898,-0.205,0.297,-0.856,0.608,-0.312,0.653,0.676,0.836,-0.139,0.777,0.696,0.874,0.663,0.377,0.898,-0.445,0.262,0.634,-0.235,0.704,0.88,0.508,0.608,0.786,0.747,0.328,0.816,0.853,0.463,0.843,0.212,0.818,0.798,0.556,0.858,0.483,-0.057,0.772,0.118,0.807,0.84,0.39,0.821,0.811
ASTE,0.206,-0.701,0.837,0.635,0.889,-0.867,0.875,0.805,0.746,-0.547,0.59,0.816,0.0,0.74,-0.638,0.731,0.743,0.609,0.804,0.915,0.134,0.683,0.667,0.849,0.327,0.879,0.656,0.713,0.743,0.893,0.79,0.925,0.516,0.85,0.677,0.9,0.875,0.026,0.596,-0.654,0.67,0.069,-0.752,0.782,0.347,0.842,0.917,0.331,-0.581,0.897,0.569,0.235,0.782,0.104,0.807,-0.762,0.799,0.812,0.87,0.196,0.923,0.653,0.877,0.611,-0.425,0.517,0.894,0.761,0.651,0.097,0.75,0.502,0.689,-0.761,0.866,0.717,0.442,0.881,-0.79,0.777,-0.076,-0.785,0.482,0.752,0.662,-0.089,0.169,0.915,-0.683,0.403,-0.299,0.256,-0.596,-0.514,0.135,0.927,0.862,0.794,0.836,-0.173,0.81,0.785,0.697,0.845,0.791,0.157,0.91,0.731,0.758,0.872,0.631,0.888,0.875,0.418,-0.429,0.93,0.021,0.065,0.806,0.653,0.908,0.854,0.822,0.21,0.86,0.513,0.917,0.803,0.773,0.881,0.658,0.87,-0.413,0.855,0.388,0.932,0.82,0.864,0.411,0.706,0.683,0.72,0.819,0.778,0.753,0.327,0.654,0.329,0.307,-0.465,-0.707,0.72,0.721,0.576,0.865,0.725,0.034,0.301,-0.857,0.501,-0.043,0.54,0.486,0.914,-0.287,0.71,0.574,0.912,0.632,0.389,0.759,-0.596,0.519,0.856,-0.015,0.901,0.901,0.68,0.79,0.55,0.882,0.488,0.815,0.886,0.46,0.93,0.174,0.849,0.69,0.562,0.873,0.579,0.039,0.846,-0.102,0.928,0.585,0.097,0.894,0.886
AUPH,0.076,-0.38,0.801,0.557,0.705,-0.653,0.857,0.645,0.9,-0.589,0.675,0.825,0.74,0.0,-0.28,0.809,0.816,0.254,0.735,0.86,0.133,0.5,0.342,0.923,-0.052,0.777,0.489,0.389,0.661,0.671,0.75,0.876,0.724,0.659,0.621,0.846,0.618,0.097,0.737,-0.411,0.532,0.279,-0.859,0.771,0.455,0.893,0.882,0.638,-0.279,0.728,0.621,-0.01,0.844,0.067,0.894,-0.889,0.748,0.625,0.517,0.322,0.706,0.717,0.859,0.114,-0.649,0.327,0.91,0.901,0.722,0.422,0.761,0.553,0.536,-0.535,0.846,0.696,0.61,0.689,-0.795,0.47,-0.428,-0.637,0.084,0.525,0.408,0.25,0.354,0.793,-0.582,0.269,-0.601,0.49,-0.516,-0.787,0.259,0.816,0.878,0.756,0.882,-0.518,0.714,0.586,0.742,0.683,0.853,0.029,0.831,0.748,0.438,0.74,0.807,0.887,0.78,0.492,-0.363,0.82,-0.066,0.197,0.889,0.658,0.853,0.811,0.876,0.355,0.748,0.03,0.788,0.838,0.533,0.687,0.87,0.88,-0.347,0.925,0.022,0.876,0.716,0.681,0.328,0.531,0.473,0.865,0.821,0.52,0.61,0.322,0.496,-0.092,0.471,-0.458,-0.336,0.743,0.702,0.783,0.787,0.808,-0.165,0.333,-0.675,0.771,-0.013,0.707,0.702,0.806,-0.183,0.813,0.476,0.822,0.469,0.303,0.741,-0.498,0.525,0.504,-0.14,0.743,0.826,0.381,0.437,0.748,0.828,0.361,0.754,0.832,0.425,0.859,0.209,0.873,0.903,0.711,0.844,0.572,-0.188,0.535,-0.077,0.781,0.712,0.093,0.752,0.818
AVXL,-0.386,0.542,-0.483,-0.335,-0.677,0.787,-0.461,-0.488,-0.27,0.153,-0.081,-0.289,-0.638,-0.28,0.0,-0.215,-0.401,-0.71,-0.377,-0.426,0.087,-0.351,-0.462,-0.336,-0.388,-0.613,-0.503,-0.533,-0.575,-0.561,-0.447,-0.525,-0.371,-0.526,-0.138,-0.454,-0.566,0.262,0.051,0.42,-0.37,0.45,0.206,-0.354,-0.085,-0.355,-0.453,0.092,0.702,-0.581,0.015,0.039,-0.482,-0.194,-0.263,0.379,-0.387,-0.45,-0.638,-0.114,-0.573,-0.186,-0.457,-0.572,0.187,-0.533,-0.46,-0.263,-0.38,0.089,-0.303,-0.216,-0.488,0.55,-0.504,-0.563,-0.051,-0.51,0.246,-0.495,-0.339,0.467,-0.45,-0.532,-0.51,0.406,0.018,-0.663,0.572,-0.33,-0.072,-0.011,0.4,0.147,-0.102,-0.534,-0.447,-0.373,-0.323,-0.223,-0.637,-0.427,-0.176,-0.495,-0.254,-0.185,-0.582,-0.335,-0.609,-0.469,-0.134,-0.532,-0.384,-0.099,0.468,-0.626,-0.075,0.044,-0.357,-0.574,-0.562,-0.427,-0.428,0.196,-0.394,-0.532,-0.462,-0.352,-0.352,-0.512,-0.054,-0.384,0.285,-0.47,-0.333,-0.508,-0.579,-0.584,-0.171,-0.451,-0.468,-0.31,-0.437,-0.558,-0.331,0.052,-0.636,-0.396,-0.042,0.419,0.554,-0.142,-0.204,-0.081,-0.439,-0.187,-0.11,-0.095,0.452,-0.026,-0.045,-0.259,0.08,-0.605,0.481,-0.279,-0.249,-0.515,-0.293,-0.389,-0.254,0.232,-0.445,-0.616,-0.322,-0.599,-0.512,-0.568,-0.618,0.106,-0.54,-0.588,-0.497,-0.512,0.035,-0.556,-0.071,-0.481,-0.225,-0.027,-0.377,-0.522,-0.172,-0.544,0.124,-0.598,-0.028,0.247,-0.492,-0.582
AZTA,0.069,-0.32,0.867,0.542,0.752,-0.523,0.835,0.619,0.861,-0.721,0.684,0.66,0.731,0.809,-0.215,0.0,0.675,0.27,0.77,0.838,0.175,0.552,0.587,0.809,0.041,0.682,0.62,0.465,0.554,0.702,0.8,0.774,0.642,0.616,0.522,0.808,0.599,0.278,0.694,-0.285,0.675,0.346,-0.747,0.615,0.647,0.836,0.823,0.449,-0.355,0.637,0.619,0.194,0.853,0.276,0.759,-0.689,0.719,0.622,0.565,0.417,0.68,0.678,0.871,0.237,-0.431,0.434,0.766,0.801,0.751,0.149,0.548,0.727,0.663,-0.548,0.722,0.673,0.719,0.696,-0.745,0.46,-0.227,-0.479,0.175,0.441,0.336,0.47,0.511,0.766,-0.577,0.326,-0.322,0.291,-0.547,-0.577,0.196,0.756,0.884,0.626,0.835,-0.254,0.702,0.604,0.756,0.584,0.774,-0.1,0.824,0.889,0.427,0.802,0.693,0.827,0.671,0.689,-0.02,0.794,-0.115,0.238,0.685,0.61,0.834,0.763,0.765,0.402,0.666,0.104,0.794,0.803,0.689,0.72,0.853,0.811,-0.385,0.821,0.157,0.806,0.722,0.562,0.583,0.736,0.408,0.804,0.716,0.641,0.794,0.403,0.626,0.051,0.554,-0.484,-0.282,0.629,0.852,0.762,0.746,0.629,0.168,0.279,-0.584,0.716,0.098,0.467,0.613,0.705,-0.031,0.716,0.532,0.788,0.479,0.22,0.62,-0.681,0.583,0.613,-0.039,0.745,0.798,0.452,0.52,0.754,0.841,0.326,0.689,0.737,0.576,0.827,0.105,0.765,0.774,0.874,0.816,0.404,-0.037,0.494,-0.112,0.762,0.581,0.033,0.699,0.757
BAND,0.16,-0.722,0.794,0.825,0.779,-0.68,0.826,0.817,0.81,-0.314,0.752,0.817,0.743,0.816,-0.401,0.675,0.0,0.479,0.667,0.765,-0.193,0.676,0.423,0.857,0.123,0.917,0.698,0.539,0.912,0.784,0.592,0.874,0.55,0.749,0.454,0.811,0.808,-0.147,0.623,-0.709,0.54,-0.151,-0.783,0.912,0.434,0.831,0.85,0.283,-0.593,0.855,0.419,0.128,0.8,0.283,0.868,-0.789,0.871,0.774,0.659,-0.035,0.851,0.545,0.883,0.4,-0.677,0.609,0.864,0.862,0.683,0.355,0.794,0.388,0.756,-0.495,0.801,0.739,0.396,0.659,-0.607,0.739,-0.303,-0.755,0.404,0.712,0.67,0.106,0.072,0.807,-0.754,0.48,-0.353,0.275,-0.757,-0.554,0.447,0.848,0.788,0.9,0.855,-0.236,0.824,0.803,0.507,0.84,0.803,0.434,0.882,0.731,0.68,0.62,0.61,0.857,0.757,0.267,-0.545,0.872,0.004,0.419,0.823,0.462,0.891,0.922,0.686,0.071,0.864,0.336,0.728,0.712,0.446,0.868,0.673,0.906,-0.555,0.855,0.164,0.875,0.876,0.78,0.004,0.539,0.788,0.777,0.633,0.717,0.74,-0.01,0.438,0.327,0.616,-0.654,-0.509,0.579,0.454,0.536,0.592,0.723,-0.178,0.109,-0.828,0.55,-0.385,0.53,0.419,0.852,-0.215,0.819,0.6,0.905,0.701,0.302,0.659,-0.534,0.413,0.613,0.045,0.729,0.879,0.627,0.725,0.572,0.789,0.693,0.756,0.77,0.473,0.858,-0.023,0.823,0.842,0.546,0.841,0.577,0.117,0.635,0.149,0.846,0.701,0.271,0.759,0.901
BECN,0.354,-0.558,0.522,0.602,0.7,-0.64,0.387,0.703,0.168,0.022,0.291,0.356,0.609,0.254,-0.71,0.27,0.479,0.0,0.338,0.391,-0.274,0.455,0.54,0.349,0.502,0.654,0.526,0.622,0.683,0.664,0.213,0.503,0.12,0.475,0.183,0.39,0.716,-0.192,0.079,-0.446,0.502,-0.454,-0.207,0.482,0.23,0.353,0.424,-0.261,-0.785,0.525,-0.116,0.292,0.39,0.235,0.329,-0.191,0.524,0.675,0.688,-0.224,0.664,-0.038,0.503,0.791,-0.263,0.727,0.432,0.261,0.315,0.167,0.369,0.062,0.597,-0.374,0.373,0.409,0.122,0.411,-0.118,0.707,0.414,-0.517,0.737,0.691,0.73,-0.266,-0.135,0.597,-0.384,0.522,0.296,-0.361,-0.503,0.174,0.303,0.504,0.388,0.531,0.333,0.443,0.468,0.697,0.032,0.499,0.332,0.539,0.555,0.433,0.733,0.368,-0.043,0.494,0.351,-0.042,-0.348,0.601,0.009,0.259,0.239,0.342,0.591,0.502,0.264,-0.33,0.539,0.757,0.411,0.222,0.459,0.676,0.047,0.407,-0.493,0.338,0.539,0.495,0.656,0.556,-0.021,0.515,0.698,0.169,0.281,0.745,0.54,0.0,0.453,0.72,0.203,-0.462,-0.506,0.093,0.196,-0.034,0.316,0.224,0.181,0.095,-0.52,-0.158,-0.232,-0.025,0.077,0.548,-0.111,0.192,0.365,0.518,0.633,0.49,0.194,-0.259,0.337,0.561,0.46,0.495,0.557,0.811,0.802,0.008,0.442,0.736,0.458,0.38,0.314,0.516,-0.036,0.431,0.191,0.118,0.403,0.384,0.548,0.602,0.017,0.549,0.242,0.186,0.554,0.563
BFC,0.061,-0.531,0.797,0.614,0.729,-0.663,0.842,0.657,0.804,-0.713,0.602,0.775,0.804,0.735,-0.377,0.77,0.667,0.338,0.0,0.835,0.175,0.624,0.555,0.815,0.096,0.71,0.609,0.563,0.557,0.764,0.738,0.833,0.536,0.679,0.663,0.865,0.704,0.166,0.667,-0.546,0.613,0.211,-0.799,0.698,0.497,0.778,0.867,0.446,-0.357,0.789,0.61,0.143,0.754,0.062,0.798,-0.754,0.734,0.724,0.688,0.228,0.756,0.702,0.794,0.354,-0.471,0.376,0.832,0.78,0.65,0.145,0.669,0.589,0.543,-0.575,0.769,0.582,0.519,0.78,-0.806,0.595,-0.319,-0.657,0.235,0.659,0.553,0.102,0.314,0.784,-0.561,0.238,-0.447,0.374,-0.565,-0.619,0.142,0.842,0.812,0.719,0.829,-0.341,0.687,0.677,0.792,0.76,0.814,0.026,0.817,0.747,0.567,0.834,0.712,0.808,0.828,0.597,-0.307,0.805,-0.074,0.104,0.784,0.568,0.791,0.757,0.759,0.347,0.747,0.247,0.848,0.787,0.662,0.748,0.76,0.825,-0.397,0.826,0.16,0.843,0.72,0.665,0.439,0.617,0.547,0.789,0.827,0.648,0.67,0.392,0.551,0.115,0.367,-0.36,-0.516,0.733,0.786,0.692,0.803,0.696,-0.001,0.323,-0.725,0.681,-0.017,0.594,0.591,0.786,-0.19,0.76,0.48,0.828,0.487,0.244,0.741,-0.636,0.417,0.649,-0.147,0.771,0.826,0.5,0.575,0.706,0.819,0.3,0.729,0.811,0.463,0.832,0.165,0.824,0.734,0.672,0.851,0.458,-0.026,0.624,-0.166,0.832,0.669,0.122,0.799,0.762
BGC,0.132,-0.578,0.87,0.584,0.821,-0.787,0.922,0.718,0.88,-0.706,0.682,0.861,0.915,0.86,-0.426,0.838,0.765,0.391,0.835,0.0,0.244,0.618,0.63,0.913,0.198,0.818,0.62,0.634,0.663,0.839,0.861,0.926,0.658,0.826,0.72,0.944,0.801,0.212,0.729,-0.572,0.69,0.292,-0.868,0.789,0.413,0.904,0.956,0.509,-0.409,0.837,0.706,0.216,0.823,0.079,0.876,-0.822,0.812,0.773,0.765,0.312,0.866,0.785,0.917,0.42,-0.413,0.419,0.906,0.844,0.721,0.144,0.772,0.646,0.636,-0.737,0.897,0.724,0.531,0.888,-0.902,0.655,-0.26,-0.709,0.304,0.609,0.51,0.077,0.298,0.874,-0.688,0.324,-0.418,0.404,-0.533,-0.677,0.076,0.924,0.923,0.766,0.907,-0.38,0.801,0.725,0.83,0.776,0.858,0.026,0.907,0.791,0.577,0.918,0.763,0.934,0.876,0.573,-0.326,0.895,0.036,0.118,0.872,0.646,0.909,0.87,0.898,0.414,0.84,0.304,0.956,0.865,0.784,0.833,0.825,0.929,-0.395,0.916,0.289,0.95,0.768,0.792,0.488,0.7,0.565,0.822,0.88,0.696,0.768,0.357,0.596,0.154,0.409,-0.414,-0.551,0.802,0.825,0.743,0.903,0.814,0.018,0.287,-0.8,0.681,-0.003,0.633,0.63,0.868,-0.173,0.772,0.577,0.921,0.581,0.363,0.841,-0.615,0.552,0.795,-0.093,0.881,0.915,0.528,0.639,0.703,0.915,0.345,0.847,0.894,0.491,0.928,0.22,0.896,0.808,0.708,0.916,0.549,-0.121,0.746,-0.125,0.909,0.68,0.048,0.883,0.87
BHF,-0.041,0.12,0.042,-0.46,-0.093,-0.116,0.215,-0.202,0.134,-0.373,0.022,0.161,0.134,0.133,0.087,0.175,-0.193,-0.274,0.175,0.244,0.0,-0.018,0.167,0.071,0.391,-0.105,-0.259,0.204,-0.372,-0.084,0.457,0.076,0.228,0.315,0.563,0.168,-0.023,0.545,0.277,0.114,0.272,0.719,-0.023,-0.014,-0.107,0.051,0.139,0.588,0.534,0.04,0.654,0.189,0.062,-0.472,0.015,-0.085,-0.083,-0.047,0.167,0.515,-0.025,0.554,-0.025,-0.056,0.485,-0.465,0.069,-0.094,-0.062,-0.091,0.116,0.296,-0.366,-0.227,0.296,0.03,0.115,0.417,-0.418,-0.223,-0.073,0.08,-0.236,-0.292,-0.381,-0.048,0.082,0.093,0.095,-0.116,-0.283,0.486,0.545,-0.343,-0.603,0.16,0.261,-0.122,0.054,-0.41,0.021,-0.253,0.48,-0.156,-0.074,-0.619,0.016,0.097,-0.385,0.442,0.48,0.132,0.187,0.329,0.19,0.02,0.485,-0.486,0.167,0.354,0.0,0.009,0.431,0.764,-0.047,-0.17,0.346,0.231,0.517,-0.145,0.204,0.043,0.483,0.124,0.295,0.13,-0.272,0.185,0.692,-0.043,-0.466,0.102,0.407,-0.219,-0.118,0.36,-0.054,-0.316,-0.522,0.599,-0.051,0.36,0.384,0.453,0.474,0.277,0.193,0.548,0.072,0.232,0.586,0.373,0.393,0.046,0.173,-0.091,0.237,0.002,-0.227,0.342,0.463,0.188,-0.002,0.172,-0.326,0.207,0.093,-0.313,-0.317,0.266,0.181,-0.574,0.294,0.343,-0.327,0.103,0.727,0.122,-0.053,0.16,-0.003,-0.093,-0.579,0.239,-0.034,0.031,0.025,-0.314,0.191,-0.079
BHFAL,0.053,-0.733,0.529,0.656,0.606,-0.551,0.609,0.717,0.554,-0.301,0.614,0.688,0.683,0.5,-0.351,0.552,0.676,0.455,0.624,0.618,-0.018,0.0,0.445,0.653,0.325,0.676,0.509,0.474,0.644,0.692,0.488,0.698,0.205,0.726,0.55,0.631,0.749,-0.098,0.565,-0.727,0.539,-0.009,-0.557,0.753,0.167,0.653,0.674,0.08,-0.486,0.758,0.507,0.395,0.571,0.078,0.685,-0.53,0.758,0.687,0.654,-0.149,0.786,0.464,0.703,0.577,-0.299,0.418,0.646,0.576,0.35,0.03,0.642,0.185,0.589,-0.502,0.59,0.481,0.3,0.615,-0.561,0.773,-0.14,-0.722,0.536,0.663,0.616,0.006,-0.137,0.653,-0.581,0.412,-0.139,0.179,-0.574,-0.273,0.152,0.725,0.613,0.734,0.684,-0.023,0.616,0.72,0.47,0.745,0.633,0.335,0.661,0.571,0.609,0.556,0.505,0.594,0.709,0.16,-0.41,0.701,0.024,0.14,0.606,0.3,0.699,0.752,0.496,0.071,0.787,0.45,0.649,0.587,0.6,0.772,0.496,0.697,-0.277,0.605,0.364,0.711,0.626,0.734,0.1,0.409,0.694,0.484,0.485,0.617,0.668,0.171,0.3,0.479,0.304,-0.394,-0.704,0.569,0.446,0.39,0.536,0.62,0.011,0.155,-0.718,0.333,-0.316,0.366,0.363,0.731,-0.164,0.57,0.71,0.724,0.628,0.246,0.611,-0.444,0.156,0.635,-0.175,0.57,0.695,0.614,0.7,0.48,0.576,0.486,0.574,0.655,0.391,0.702,0.087,0.628,0.543,0.392,0.666,0.439,0.118,0.714,0.148,0.681,0.496,0.396,0.61,0.678
BKNG,0.331,-0.521,0.686,0.45,0.72,-0.527,0.675,0.537,0.448,-0.512,0.39,0.433,0.667,0.342,-0.462,0.587,0.423,0.54,0.555,0.63,0.167,0.445,0.0,0.417,0.518,0.548,0.764,0.852,0.446,0.704,0.594,0.534,0.358,0.569,0.27,0.663,0.678,0.428,0.357,-0.383,0.705,-0.019,-0.378,0.413,0.502,0.446,0.603,0.024,-0.592,0.572,0.304,0.408,0.465,0.44,0.351,-0.263,0.512,0.627,0.833,0.199,0.644,0.42,0.618,0.693,-0.003,0.661,0.506,0.39,0.617,-0.205,0.274,0.613,0.679,-0.727,0.54,0.552,0.214,0.735,-0.445,0.56,0.255,-0.287,0.6,0.393,0.458,0.051,0.349,0.652,-0.535,0.362,0.22,-0.126,-0.431,-0.11,0.075,0.614,0.564,0.416,0.533,0.195,0.614,0.656,0.465,0.489,0.378,0.023,0.66,0.593,0.543,0.754,0.289,0.6,0.419,0.529,0.147,0.604,0.073,0.314,0.341,0.347,0.601,0.543,0.418,0.319,0.463,0.649,0.716,0.438,0.736,0.683,0.401,0.571,-0.564,0.472,0.577,0.596,0.657,0.467,0.511,0.784,0.433,0.499,0.483,0.769,0.767,0.051,0.603,0.525,0.37,-0.386,-0.299,0.224,0.605,0.289,0.578,0.213,0.445,-0.016,-0.485,0.32,0.009,0.008,0.205,0.476,0.106,0.421,0.441,0.648,0.619,0.259,0.396,-0.666,0.507,0.79,0.353,0.688,0.654,0.622,0.688,0.278,0.672,0.354,0.661,0.487,0.486,0.577,-0.093,0.436,0.283,0.58,0.603,0.103,0.263,0.596,-0.133,0.681,0.369,-0.12,0.697,0.597
BL,0.034,-0.581,0.816,0.699,0.771,-0.71,0.88,0.778,0.896,-0.587,0.78,0.917,0.849,0.923,-0.336,0.809,0.857,0.349,0.815,0.913,0.071,0.653,0.417,0.0,0.026,0.846,0.564,0.496,0.746,0.777,0.757,0.944,0.62,0.768,0.7,0.896,0.77,0.003,0.788,-0.597,0.549,0.22,-0.917,0.877,0.424,0.96,0.945,0.534,-0.385,0.852,0.652,0.107,0.842,0.041,0.971,-0.911,0.877,0.765,0.647,0.16,0.835,0.715,0.917,0.286,-0.646,0.398,0.95,0.927,0.676,0.316,0.854,0.497,0.614,-0.597,0.863,0.703,0.591,0.77,-0.851,0.669,-0.439,-0.788,0.266,0.653,0.546,0.143,0.237,0.825,-0.636,0.31,-0.574,0.442,-0.608,-0.713,0.212,0.902,0.891,0.861,0.953,-0.452,0.757,0.75,0.763,0.839,0.935,0.17,0.882,0.767,0.603,0.79,0.79,0.905,0.912,0.421,-0.476,0.882,-0.017,0.174,0.91,0.575,0.912,0.9,0.86,0.276,0.901,0.175,0.858,0.873,0.615,0.819,0.879,0.947,-0.4,0.94,0.109,0.942,0.786,0.799,0.278,0.561,0.655,0.84,0.818,0.647,0.718,0.342,0.46,0.089,0.483,-0.491,-0.554,0.828,0.698,0.731,0.818,0.878,-0.185,0.3,-0.827,0.718,-0.16,0.706,0.634,0.891,-0.19,0.86,0.569,0.918,0.587,0.316,0.82,-0.557,0.456,0.624,-0.187,0.796,0.889,0.496,0.616,0.785,0.851,0.443,0.809,0.877,0.526,0.91,0.165,0.893,0.936,0.668,0.927,0.606,-0.089,0.677,-0.007,0.878,0.762,0.236,0.813,0.89
BOKF,0.284,-0.45,0.159,0.079,0.26,-0.316,0.2,0.304,-0.055,0.056,0.159,0.185,0.327,-0.052,-0.388,0.041,0.123,0.502,0.096,0.198,0.391,0.325,0.518,0.026,0.0,0.253,0.187,0.63,0.193,0.313,0.217,0.185,-0.029,0.527,0.285,0.172,0.496,0.158,0.092,-0.303,0.503,-0.069,0.114,0.278,-0.089,0.036,0.151,-0.068,-0.241,0.297,0.227,0.588,0.069,0.013,0.014,0.15,0.224,0.382,0.625,-0.091,0.391,0.163,0.152,0.744,0.445,0.228,0.101,-0.153,-0.027,-0.087,0.202,0.039,0.153,-0.316,0.228,0.195,-0.146,0.473,-0.082,0.405,0.437,-0.21,0.592,0.19,0.245,-0.344,-0.322,0.288,-0.165,0.361,0.323,-0.094,0.109,0.225,-0.171,0.317,0.181,0.196,0.062,0.303,0.25,0.286,0.106,0.145,-0.092,0.159,0.199,0.171,0.251,0.35,0.052,0.206,0.192,-0.066,-0.076,0.236,0.578,-0.033,0.048,0.176,0.226,0.243,0.171,0.147,0.234,0.629,0.337,0.034,0.57,0.316,-0.107,0.135,0.056,0.057,0.871,0.231,0.151,0.451,0.268,0.2,0.196,-0.048,0.149,0.344,0.251,-0.104,0.036,0.625,-0.237,0.126,-0.397,0.064,0.083,-0.031,0.255,0.147,0.422,0.225,-0.207,-0.216,0.028,-0.033,-0.009,0.223,0.121,-0.109,0.51,0.22,0.336,0.541,0.286,0.103,0.008,0.544,0.226,0.301,0.307,0.376,0.391,-0.075,0.184,0.204,0.409,0.299,-0.112,0.23,0.363,0.124,-0.154,-0.071,0.06,0.015,0.18,0.608,0.323,0.259,0.06,0.026,0.348,0.185
BRKR,0.231,-0.772,0.855,0.788,0.883,-0.819,0.868,0.861,0.766,-0.336,0.656,0.799,0.879,0.777,-0.613,0.682,0.917,0.654,0.71,0.818,-0.105,0.676,0.548,0.846,0.253,0.0,0.729,0.674,0.934,0.876,0.657,0.925,0.55,0.832,0.524,0.855,0.888,-0.159,0.526,-0.692,0.596,-0.202,-0.716,0.871,0.428,0.82,0.876,0.219,-0.684,0.919,0.406,0.179,0.824,0.251,0.819,-0.771,0.856,0.843,0.807,0.05,0.916,0.544,0.887,0.566,-0.606,0.655,0.887,0.8,0.709,0.294,0.768,0.393,0.777,-0.64,0.841,0.747,0.416,0.755,-0.627,0.8,-0.097,-0.799,0.518,0.787,0.749,-0.057,0.064,0.901,-0.763,0.566,-0.268,0.202,-0.739,-0.496,0.37,0.899,0.831,0.875,0.834,-0.117,0.858,0.835,0.512,0.865,0.766,0.403,0.933,0.758,0.803,0.722,0.588,0.909,0.794,0.287,-0.538,0.946,-0.002,0.331,0.807,0.585,0.934,0.92,0.748,0.043,0.873,0.51,0.813,0.706,0.582,0.915,0.597,0.884,-0.561,0.865,0.294,0.91,0.918,0.861,0.12,0.656,0.813,0.742,0.687,0.809,0.747,0.065,0.606,0.41,0.462,-0.635,-0.617,0.583,0.497,0.484,0.692,0.674,-0.087,0.207,-0.861,0.469,-0.262,0.497,0.371,0.922,-0.283,0.766,0.575,0.934,0.721,0.41,0.672,-0.55,0.523,0.75,0.111,0.833,0.918,0.739,0.833,0.507,0.866,0.715,0.81,0.83,0.46,0.909,0.019,0.843,0.759,0.507,0.843,0.629,0.187,0.766,0.014,0.907,0.627,0.173,0.834,0.921
CACC,0.283,-0.637,0.771,0.723,0.812,-0.547,0.747,0.625,0.629,-0.473,0.489,0.462,0.656,0.489,-0.503,0.62,0.698,0.526,0.609,0.62,-0.259,0.509,0.764,0.564,0.187,0.729,0.0,0.702,0.734,0.781,0.558,0.653,0.499,0.531,0.078,0.749,0.69,0.093,0.326,-0.532,0.483,-0.317,-0.543,0.56,0.647,0.568,0.689,-0.057,-0.785,0.704,0.156,0.118,0.65,0.687,0.517,-0.485,0.638,0.634,0.737,0.093,0.711,0.416,0.75,0.536,-0.389,0.83,0.648,0.66,0.818,-0.121,0.345,0.627,0.905,-0.624,0.581,0.728,0.246,0.64,-0.404,0.616,0.016,-0.394,0.49,0.563,0.597,0.128,0.4,0.741,-0.767,0.411,0.055,-0.038,-0.77,-0.28,0.466,0.655,0.606,0.567,0.667,0.1,0.803,0.752,0.381,0.699,0.569,0.235,0.8,0.644,0.716,0.633,0.304,0.688,0.487,0.516,-0.134,0.733,-0.184,0.534,0.509,0.339,0.715,0.668,0.408,0.039,0.571,0.535,0.649,0.542,0.408,0.778,0.492,0.708,-0.759,0.647,0.248,0.674,0.893,0.467,0.19,0.789,0.669,0.709,0.467,0.826,0.831,-0.117,0.693,0.446,0.709,-0.713,-0.31,0.22,0.487,0.324,0.477,0.242,0.224,-0.2,-0.624,0.494,-0.234,0.141,0.064,0.619,-0.156,0.701,0.333,0.789,0.632,0.036,0.337,-0.817,0.572,0.702,0.344,0.735,0.711,0.659,0.797,0.289,0.752,0.669,0.641,0.499,0.591,0.675,-0.384,0.569,0.569,0.597,0.753,0.349,0.318,0.478,-0.137,0.811,0.452,-0.036,0.689,0.764
CAR,0.411,-0.684,0.667,0.505,0.721,-0.645,0.713,0.624,0.44,-0.326,0.469,0.562,0.713,0.389,-0.533,0.465,0.539,0.622,0.563,0.634,0.204,0.474,0.852,0.496,0.63,0.674,0.702,0.0,0.567,0.716,0.564,0.616,0.316,0.713,0.406,0.681,0.784,0.278,0.42,-0.524,0.674,-0.127,-0.416,0.579,0.384,0.49,0.646,0.11,-0.582,0.683,0.327,0.359,0.439,0.288,0.438,-0.364,0.557,0.717,0.913,0.045,0.718,0.432,0.61,0.74,-0.095,0.654,0.594,0.402,0.565,-0.005,0.456,0.465,0.592,-0.694,0.652,0.58,0.11,0.799,-0.442,0.642,0.196,-0.43,0.634,0.48,0.576,-0.176,0.155,0.699,-0.525,0.492,0.09,-0.035,-0.355,-0.162,0.125,0.687,0.567,0.555,0.553,0.049,0.656,0.71,0.379,0.596,0.39,0.212,0.685,0.523,0.591,0.748,0.334,0.645,0.527,0.288,-0.129,0.649,0.226,0.319,0.432,0.362,0.631,0.626,0.495,0.304,0.586,0.719,0.752,0.454,0.719,0.718,0.361,0.627,-0.56,0.514,0.638,0.662,0.679,0.632,0.318,0.638,0.546,0.486,0.545,0.766,0.697,-0.043,0.451,0.578,0.279,-0.323,-0.411,0.29,0.443,0.256,0.618,0.35,0.271,0.058,-0.596,0.264,-0.095,0.167,0.21,0.561,0.049,0.44,0.486,0.707,0.698,0.446,0.526,-0.475,0.404,0.782,0.39,0.733,0.719,0.615,0.718,0.27,0.669,0.449,0.773,0.586,0.377,0.604,0.025,0.494,0.335,0.421,0.615,0.231,0.267,0.705,-0.021,0.735,0.485,-0.02,0.79,0.659
CDNA,0.241,-0.768,0.738,0.868,0.823,-0.706,0.711,0.853,0.643,-0.153,0.623,0.674,0.743,0.661,-0.575,0.554,0.912,0.683,0.557,0.663,-0.372,0.644,0.446,0.746,0.193,0.934,0.734,0.567,0.0,0.799,0.462,0.809,0.452,0.703,0.295,0.706,0.832,-0.311,0.388,-0.681,0.456,-0.407,-0.613,0.827,0.386,0.741,0.738,-0.004,-0.799,0.836,0.19,0.129,0.733,0.362,0.729,-0.66,0.823,0.773,0.701,-0.125,0.849,0.324,0.816,0.558,-0.656,0.745,0.778,0.735,0.636,0.267,0.683,0.239,0.83,-0.529,0.676,0.693,0.317,0.569,-0.421,0.802,-0.059,-0.749,0.579,0.756,0.751,-0.027,-0.028,0.792,-0.753,0.59,-0.12,0.047,-0.807,-0.328,0.521,0.764,0.671,0.834,0.73,0.027,0.799,0.838,0.294,0.831,0.69,0.596,0.834,0.655,0.826,0.517,0.382,0.777,0.671,0.116,-0.589,0.856,-0.06,0.438,0.672,0.422,0.858,0.854,0.551,-0.217,0.812,0.527,0.626,0.565,0.383,0.877,0.461,0.792,-0.598,0.743,0.233,0.788,0.914,0.76,-0.121,0.576,0.882,0.618,0.472,0.788,0.722,-0.083,0.53,0.507,0.572,-0.774,-0.563,0.408,0.293,0.293,0.476,0.541,-0.108,0.006,-0.787,0.311,-0.446,0.348,0.174,0.826,-0.27,0.702,0.496,0.849,0.732,0.342,0.48,-0.509,0.477,0.636,0.205,0.711,0.804,0.751,0.865,0.344,0.723,0.862,0.685,0.651,0.49,0.791,-0.136,0.717,0.714,0.375,0.743,0.605,0.313,0.646,0.125,0.821,0.532,0.248,0.694,0.864
CG,0.185,-0.731,0.842,0.77,0.868,-0.742,0.825,0.84,0.71,-0.474,0.609,0.757,0.893,0.671,-0.561,0.702,0.784,0.664,0.764,0.839,-0.084,0.692,0.704,0.777,0.313,0.876,0.781,0.716,0.799,0.0,0.643,0.878,0.435,0.766,0.526,0.872,0.896,0.006,0.543,-0.692,0.653,-0.088,-0.726,0.789,0.46,0.764,0.865,0.137,-0.684,0.865,0.446,0.339,0.73,0.298,0.781,-0.633,0.825,0.877,0.853,0.036,0.921,0.545,0.877,0.682,-0.456,0.65,0.83,0.753,0.68,0.132,0.685,0.492,0.805,-0.681,0.738,0.64,0.412,0.79,-0.668,0.842,-0.035,-0.745,0.592,0.816,0.786,-0.033,0.137,0.862,-0.704,0.43,-0.14,0.078,-0.733,-0.373,0.326,0.878,0.78,0.822,0.803,-0.039,0.777,0.876,0.586,0.841,0.779,0.33,0.889,0.761,0.849,0.765,0.501,0.845,0.789,0.426,-0.343,0.88,-0.096,0.346,0.728,0.489,0.875,0.844,0.656,0.093,0.856,0.626,0.84,0.66,0.687,0.947,0.61,0.853,-0.588,0.776,0.396,0.87,0.878,0.761,0.257,0.798,0.808,0.691,0.661,0.873,0.833,0.182,0.636,0.485,0.492,-0.545,-0.606,0.611,0.646,0.458,0.693,0.626,0.093,0.166,-0.87,0.45,-0.231,0.334,0.421,0.847,-0.224,0.718,0.558,0.91,0.766,0.264,0.651,-0.677,0.488,0.837,0.087,0.799,0.886,0.786,0.864,0.536,0.823,0.594,0.737,0.752,0.614,0.877,-0.079,0.798,0.664,0.578,0.866,0.527,0.269,0.79,-0.076,0.887,0.648,0.199,0.85,0.857
CGBD,0.141,-0.422,0.768,0.293,0.728,-0.734,0.873,0.446,0.835,-0.757,0.496,0.661,0.79,0.75,-0.447,0.8,0.592,0.213,0.738,0.861,0.457,0.488,0.594,0.757,0.217,0.657,0.558,0.564,0.462,0.643,0.0,0.789,0.793,0.76,0.598,0.853,0.574,0.276,0.577,-0.414,0.576,0.372,-0.677,0.574,0.36,0.782,0.843,0.601,-0.254,0.706,0.749,0.061,0.821,0.105,0.676,-0.754,0.599,0.489,0.655,0.601,0.652,0.882,0.786,0.224,-0.215,0.286,0.758,0.697,0.685,-0.077,0.565,0.781,0.518,-0.71,0.886,0.807,0.449,0.873,-0.85,0.358,-0.242,-0.489,0.072,0.33,0.195,0.103,0.421,0.817,-0.712,0.166,-0.41,0.547,-0.324,-0.755,-0.068,0.791,0.903,0.504,0.76,-0.435,0.823,0.443,0.828,0.572,0.639,-0.32,0.824,0.733,0.31,0.915,0.794,0.843,0.709,0.688,-0.183,0.797,0.122,-0.104,0.786,0.775,0.789,0.697,0.897,0.559,0.599,0.088,0.87,0.885,0.714,0.608,0.752,0.774,-0.169,0.861,0.211,0.829,0.616,0.676,0.687,0.594,0.243,0.813,0.854,0.488,0.606,0.281,0.631,-0.076,0.28,-0.265,-0.459,0.676,0.819,0.837,0.91,0.663,0.098,0.352,-0.581,0.72,0.285,0.704,0.508,0.764,-0.268,0.679,0.492,0.777,0.29,0.303,0.76,-0.498,0.541,0.705,-0.128,0.863,0.765,0.276,0.412,0.569,0.888,0.205,0.805,0.858,0.201,0.834,0.346,0.779,0.702,0.648,0.766,0.514,-0.382,0.602,-0.167,0.81,0.408,-0.297,0.732,0.774
