,ACET,ADAP,ADI,ADPT,ADTN,AGEN,ALGN,ALLK,AMD,AMWD,ARDX,ARQT,ASTE,AUPH,AVXL,AZTA,BAND,BECN,BFC,BGC,BHF,BHFAL,BKNG,BL,BOKF,BRKR,CACC,CAR,CDNA,CG,CGBD,CHI,CHTR,CHX,CLNE,CME,CNOB,CNXN,CPRX,CSGP,CSGS,CSIQ,CVCO,CVLT,CYRX,DDOG,DOOO,DSGX,DTIL,ECPG,EEFT,EFSC,ENTG,ESPR,ETSY,EXC,FAMI,FFIV,FITB,FIZZ,FMBH,FOX,FTNT,FULT,GABC,GEN,GH,GMAB,GNPX,GO,GOGL,GOOG,GPRO,GSHD,GSM,GWAV,HAIN,HBAN,HEPA,HURN,HWKN,IBIO,ICFI,IGMS,IMKTA,INCY,INO,IRDM,IRTC,IRWD,ITCI,JACK,JD,JJSF,KALA,KHC,KLAC,KRRO,KRYS,LANC,LBTYA,LIVN,LKCO,LNTH,LOGI,LPRO,LRCX,LSCC,LSTR,MAR,MARA,MCHP,MEOH,META,MGTX,MKSI,MMYT,MORN,MRUS,MTLS,MTSI,MVIS,MXL,NBIX,NFE,NMIH,NMRK,NNDM,NSIT,NTCT,NVAX,OCUL,ODP,OLED,ONB,OTEX,PACB,PATK,PAYX,PEP,PERI,PI,PLYA,PRDO,PRGS,PTGX,QCOM,QCRH,QDEL,QFIN,RGEN,RILY,RPAY,RPD,SABR,SEDG,SHEN,SIRI,SLNO,SNDL,SNEX,SONO,SPT,SSNC,STGW,STKL,STRL,STX,SWTX,SYNA,TFSL,TIGR,TNXP,TOWN,TRI,TRIP,TRMB,TRNS,TRS,TSCO,TSEM,TVTX,TXRH,VC,VCEL,VECO,VIAV,VICR,VIR,VRTX,VSTM,VTRS,WDFC,WSBC,WSC,WYNN,XENE,XNCR,XRAY,ZS
ACET,0.0,0.648,0.742,0.831,0.729,0.383,0.764,0.75,0.438,0.749,0.662,0.67,0.55,-0.247,0.864,0.909,0.669,0.674,0.682,-0.435,0.858,0.65,0.73,0.882,0.35,0.787,0.837,0.635,0.751,0.917,0.833,0.926,0.355,-0.019,0.077,0.567,0.226,0.438,-0.498,0.565,-0.136,0.578,0.774,-0.387,0.761,0.816,0.767,0.738,0.571,0.859,0.442,-0.04,0.897,0.233,0.506,0.814,0.074,0.442,0.493,0.846,0.132,0.793,0.716,0.312,0.457,-0.394,0.637,0.924,0.007,0.63,-0.043,0.871,0.826,0.583,0.851,0.725,0.758,0.316,0.666,-0.147,0.701,0.741,-0.346,0.707,0.591,0.311,0.695,0.588,0.735,0.465,0.772,0.806,0.795,0.702,0.829,0.656,0.882,0.708,0.181,0.871,-0.399,0.459,0.432,0.446,0.867,0.265,0.879,0.894,0.867,0.56,0.61,0.84,0.574,0.777,0.773,0.816,0.555,-0.384,0.097,0.838,0.667,0.109,0.766,0.839,0.727,0.7,0.675,0.662,-0.181,0.255,0.746,0.756,0.804,0.202,0.318,0.732,0.786,0.846,0.454,0.001,0.712,0.86,0.706,0.89,0.288,0.836,0.469,0.271,0.474,0.688,0.709,0.591,0.755,0.165,0.494,0.869,0.76,-0.23,0.618,0.591,0.716,0.545,0.81,0.526,0.462,0.919,-0.023,0.778,0.828,-0.085,0.619,0.806,-0.464,0.062,-0.53,0.471,0.863,-0.646,0.11,0.856,0.782,0.578,0.795,0.785,0.062,0.33,-0.165,0.831,0.485,0.587,-0.146,0.013,0.846,-0.282,0.863,0.472,0.399,0.631,0.57,0.665
ADAP,0.648,0.0,0.556,0.601,0.493,0.679,0.606,0.494,0.321,0.581,0.359,0.71,0.398,-0.356,0.64,0.574,0.484,0.49,0.563,-0.412,0.547,0.652,0.557,0.758,0.226,0.616,0.635,0.552,0.591,0.687,0.56,0.724,0.541,0.009,0.028,0.357,0.121,0.412,-0.488,0.366,-0.1,0.406,0.536,-0.315,0.572,0.646,0.592,0.602,0.256,0.609,0.305,-0.046,0.698,0.092,0.362,0.675,-0.058,0.277,0.355,0.606,0.061,0.62,0.531,0.204,0.358,0.018,0.446,0.696,-0.145,0.407,-0.051,0.658,0.685,0.369,0.598,0.698,0.555,0.184,0.522,-0.022,0.592,0.609,-0.199,0.486,0.417,0.444,0.615,0.446,0.465,0.15,0.52,0.507,0.65,0.375,0.555,0.564,0.622,0.563,-0.018,0.581,-0.303,0.361,0.272,0.432,0.8,0.336,0.645,0.651,0.691,0.368,0.428,0.655,0.4,0.576,0.422,0.597,0.382,0.019,-0.103,0.658,0.472,0.021,0.445,0.685,0.541,0.414,0.513,0.566,-0.14,0.201,0.592,0.481,0.621,0.046,0.181,0.636,0.49,0.584,0.44,-0.038,0.463,0.541,0.528,0.651,0.291,0.606,0.354,0.194,0.386,0.598,0.506,0.531,0.734,0.134,0.245,0.701,0.54,-0.117,0.314,0.485,0.625,0.417,0.647,0.334,0.362,0.745,0.007,0.658,0.609,-0.237,0.423,0.547,-0.364,0.069,-0.313,0.282,0.589,-0.539,0.127,0.723,0.459,0.346,0.576,0.57,-0.07,0.16,-0.209,0.669,0.475,0.539,-0.043,0.019,0.701,-0.246,0.611,0.271,0.326,0.225,0.457,0.912
ADI,0.742,0.556,0.0,0.733,0.741,0.503,0.906,0.694,0.367,0.897,0.597,0.779,0.763,-0.377,0.791,0.835,0.323,0.857,0.789,0.028,0.85,0.637,0.866,0.857,0.741,0.727,0.866,0.83,0.654,0.896,0.82,0.877,0.632,0.229,0.375,0.369,0.624,0.742,-0.25,0.646,0.312,0.879,0.875,-0.075,0.337,0.512,0.87,0.69,0.483,0.58,0.835,0.383,0.869,-0.05,0.038,0.819,0.001,0.446,0.737,0.875,0.499,0.859,0.435,0.661,0.758,-0.188,0.314,0.655,-0.2,0.346,0.39,0.887,0.81,0.635,0.666,0.796,0.392,0.631,0.739,0.172,0.848,0.605,0.104,0.597,0.269,0.498,0.535,0.841,0.349,0.393,0.587,0.558,0.613,0.669,0.612,0.784,0.756,0.552,-0.17,0.657,-0.482,0.7,0.536,0.615,0.719,0.318,0.83,0.833,0.922,0.842,0.316,0.901,0.869,0.899,0.781,0.951,0.841,-0.297,0.041,0.838,0.912,0.132,0.921,0.666,0.78,0.863,0.77,0.821,0.329,0.616,0.519,0.515,0.816,0.555,0.648,0.851,0.67,0.904,0.774,-0.345,0.85,0.907,0.689,0.762,0.752,0.473,0.614,0.622,0.122,0.463,0.457,0.709,0.694,0.179,0.793,0.819,0.833,0.054,0.758,0.671,0.792,0.752,0.697,0.737,0.747,0.665,0.444,0.932,0.624,0.16,0.753,0.815,-0.358,0.473,-0.083,0.785,0.869,-0.445,0.571,0.691,0.674,0.569,0.902,0.831,-0.128,0.436,0.278,0.872,0.562,0.319,0.282,0.348,0.858,0.181,0.898,0.806,0.549,0.36,0.792,0.484
ADPT,0.831,0.601,0.733,0.0,0.774,0.199,0.731,0.883,0.726,0.695,0.869,0.608,0.404,-0.067,0.853,0.901,0.791,0.603,0.606,-0.423,0.826,0.478,0.689,0.83,0.244,0.828,0.769,0.476,0.804,0.818,0.685,0.842,0.344,0.056,0.049,0.657,0.07,0.403,-0.375,0.728,-0.22,0.696,0.645,-0.484,0.704,0.85,0.607,0.755,0.749,0.822,0.414,-0.203,0.91,0.347,0.491,0.701,0.194,0.409,0.309,0.769,-0.031,0.739,0.862,0.146,0.316,-0.424,0.802,0.866,0.031,0.79,0.127,0.861,0.754,0.617,0.857,0.75,0.669,0.108,0.712,-0.362,0.549,0.76,-0.425,0.493,0.64,0.221,0.792,0.524,0.773,0.723,0.917,0.756,0.877,0.461,0.917,0.649,0.885,0.893,0.29,0.695,-0.369,0.308,0.367,0.262,0.882,0.425,0.832,0.89,0.85,0.614,0.668,0.687,0.664,0.84,0.725,0.718,0.471,-0.601,0.188,0.694,0.718,0.135,0.702,0.957,0.866,0.579,0.461,0.736,-0.223,0.164,0.839,0.681,0.72,0.401,0.127,0.673,0.894,0.841,0.364,0.084,0.572,0.797,0.678,0.895,0.273,0.805,0.553,0.115,0.623,0.576,0.874,0.484,0.814,0.199,0.373,0.89,0.66,-0.397,0.721,0.467,0.546,0.476,0.94,0.529,0.652,0.793,-0.081,0.806,0.856,-0.105,0.481,0.748,-0.206,-0.067,-0.43,0.368,0.857,-0.479,0.039,0.689,0.735,0.709,0.749,0.836,0.232,0.399,-0.211,0.821,0.768,0.777,0.075,-0.042,0.755,-0.41,0.795,0.495,0.657,0.662,0.398,0.61
ADTN,0.729,0.493,0.741,0.774,0.0,0.329,0.682,0.597,0.375,0.701,0.636,0.472,0.678,-0.152,0.655,0.821,0.603,0.673,0.543,-0.193,0.799,0.445,0.634,0.771,0.449,0.701,0.751,0.563,0.652,0.778,0.794,0.818,0.486,0.281,0.309,0.546,0.378,0.487,-0.153,0.606,0.066,0.726,0.675,-0.057,0.488,0.545,0.622,0.854,0.603,0.617,0.578,0.118,0.776,0.308,0.38,0.636,0.132,0.632,0.504,0.696,0.271,0.725,0.68,0.354,0.473,-0.225,0.533,0.735,0.098,0.577,0.126,0.841,0.65,0.753,0.619,0.56,0.636,0.396,0.524,-0.005,0.595,0.493,-0.112,0.673,0.501,0.209,0.437,0.57,0.613,0.356,0.623,0.716,0.63,0.519,0.749,0.597,0.762,0.688,0.215,0.649,-0.228,0.385,0.364,0.496,0.663,0.244,0.773,0.833,0.753,0.638,0.586,0.727,0.68,0.714,0.706,0.792,0.627,-0.46,0.36,0.664,0.818,-0.051,0.732,0.729,0.679,0.767,0.627,0.573,0.094,0.435,0.484,0.631,0.638,0.621,0.349,0.748,0.737,0.726,0.528,0.013,0.629,0.842,0.455,0.731,0.438,0.576,0.621,0.346,0.326,0.369,0.548,0.465,0.551,0.495,0.502,0.679,0.695,-0.064,0.559,0.466,0.664,0.564,0.755,0.748,0.513,0.682,0.14,0.826,0.607,0.267,0.633,0.623,-0.259,0.175,-0.242,0.492,0.829,-0.272,0.279,0.651,0.73,0.452,0.748,0.649,0.179,0.591,0.14,0.722,0.455,0.441,0.144,0.37,0.699,-0.087,0.748,0.631,0.418,0.623,0.548,0.549
AGEN,0.383,0.679,0.503,0.199,0.329,0.0,0.535,0.09,-0.135,0.527,-0.014,0.602,0.674,-0.452,0.342,0.287,-0.024,0.604,0.5,0.059,0.388,0.65,0.429,0.571,0.544,0.327,0.525,0.672,0.425,0.527,0.517,0.546,0.752,0.207,0.483,0.052,0.557,0.564,-0.109,0.16,0.439,0.393,0.538,0.228,0.234,0.126,0.563,0.448,-0.117,0.141,0.514,0.523,0.385,-0.219,0.017,0.535,-0.281,0.348,0.63,0.498,0.516,0.489,-0.024,0.545,0.59,0.345,-0.111,0.324,-0.163,-0.138,-0.052,0.471,0.511,0.289,0.171,0.462,0.252,0.583,0.273,0.537,0.641,0.291,0.369,0.561,0.026,0.652,0.09,0.513,0.01,-0.346,0.016,0.268,0.178,0.45,0.121,0.535,0.272,0.088,-0.351,0.505,-0.156,0.524,0.092,0.79,0.403,-0.049,0.395,0.384,0.497,0.333,-0.075,0.642,0.307,0.322,0.381,0.572,0.543,0.466,-0.154,0.557,0.461,0.087,0.455,0.224,0.2,0.497,0.647,0.324,0.395,0.563,0.098,0.395,0.546,0.208,0.543,0.679,0.118,0.375,0.711,-0.2,0.496,0.439,0.265,0.28,0.558,0.123,0.336,0.563,-0.151,0.411,-0.061,0.516,0.283,0.282,0.456,0.393,0.505,0.484,0.073,0.539,0.697,0.433,0.158,0.462,0.146,0.427,0.378,0.474,0.129,0.074,0.596,0.375,-0.324,0.522,0.135,0.491,0.382,-0.326,0.522,0.649,0.244,0.229,0.517,0.282,-0.23,0.194,0.327,0.479,0.001,0.106,0.038,0.497,0.573,0.325,0.45,0.353,0.056,-0.079,0.658,0.613
ALGN,0.764,0.606,0.906,0.731,0.682,0.535,0.0,0.652,0.26,0.962,0.495,0.871,0.725,-0.598,0.783,0.797,0.307,0.914,0.929,0.017,0.834,0.732,0.957,0.903,0.748,0.812,0.904,0.902,0.761,0.921,0.867,0.884,0.703,0.027,0.289,0.315,0.606,0.77,-0.393,0.608,0.326,0.779,0.944,-0.196,0.426,0.554,0.907,0.654,0.398,0.577,0.825,0.395,0.852,-0.256,0.019,0.812,-0.248,0.266,0.8,0.938,0.527,0.939,0.389,0.679,0.816,-0.314,0.262,0.692,-0.342,0.283,0.411,0.832,0.903,0.525,0.707,0.862,0.324,0.648,0.752,0.156,0.911,0.783,0.137,0.591,0.17,0.577,0.557,0.857,0.3,0.388,0.578,0.539,0.662,0.644,0.65,0.843,0.733,0.574,-0.311,0.672,-0.436,0.692,0.441,0.658,0.768,0.327,0.74,0.778,0.928,0.894,0.253,0.887,0.868,0.909,0.713,0.863,0.876,-0.211,-0.18,0.918,0.792,0.19,0.84,0.695,0.677,0.857,0.769,0.841,0.307,0.623,0.597,0.635,0.901,0.408,0.669,0.85,0.681,0.941,0.83,-0.404,0.886,0.895,0.782,0.8,0.721,0.467,0.391,0.665,0.045,0.517,0.5,0.786,0.802,0.047,0.815,0.84,0.886,0.053,0.733,0.838,0.872,0.778,0.675,0.663,0.785,0.686,0.478,0.859,0.704,-0.08,0.743,0.864,-0.345,0.522,-0.118,0.849,0.887,-0.608,0.597,0.788,0.509,0.531,0.93,0.894,-0.309,0.193,0.161,0.912,0.565,0.332,0.087,0.212,0.948,0.164,0.94,0.658,0.616,0.224,0.869,0.497
ALLK,0.75,0.494,0.694,0.883,0.597,0.09,0.652,0.0,0.679,0.635,0.788,0.656,0.314,-0.058,0.881,0.831,0.616,0.517,0.572,-0.422,0.762,0.472,0.661,0.729,0.238,0.752,0.685,0.452,0.619,0.755,0.562,0.735,0.198,-0.075,-0.051,0.526,0.05,0.422,-0.463,0.61,-0.253,0.564,0.587,-0.551,0.597,0.836,0.611,0.493,0.623,0.832,0.372,-0.218,0.856,0.296,0.295,0.719,0.3,0.245,0.271,0.718,-0.036,0.68,0.77,0.191,0.312,-0.535,0.744,0.789,-0.149,0.673,0.22,0.743,0.715,0.544,0.861,0.73,0.593,0.101,0.778,-0.322,0.52,0.704,-0.435,0.403,0.643,0.22,0.793,0.522,0.702,0.719,0.875,0.661,0.79,0.513,0.775,0.6,0.766,0.774,0.185,0.57,-0.473,0.425,0.46,0.149,0.802,0.405,0.755,0.832,0.807,0.567,0.578,0.626,0.636,0.779,0.727,0.642,0.391,-0.511,0.127,0.647,0.594,0.016,0.666,0.85,0.87,0.483,0.408,0.723,-0.267,0.069,0.84,0.487,0.677,0.214,0.169,0.536,0.848,0.803,0.247,-0.006,0.503,0.722,0.75,0.871,0.255,0.782,0.408,0.129,0.619,0.663,0.797,0.58,0.768,-0.064,0.376,0.823,0.65,-0.451,0.662,0.403,0.46,0.447,0.858,0.314,0.687,0.763,-0.046,0.751,0.821,-0.205,0.386,0.757,-0.307,-0.044,-0.489,0.356,0.812,-0.462,-0.004,0.569,0.672,0.68,0.703,0.806,0.142,0.309,-0.276,0.737,0.744,0.641,0.033,-0.192,0.678,-0.361,0.759,0.45,0.52,0.549,0.349,0.431
AMD,0.438,0.321,0.367,0.726,0.375,-0.135,0.26,0.679,0.0,0.201,0.856,0.213,-0.118,0.444,0.521,0.54,0.716,0.118,0.103,-0.378,0.422,0.047,0.209,0.356,-0.178,0.422,0.319,-0.046,0.506,0.327,0.143,0.386,-0.062,0.196,-0.049,0.622,-0.341,0.004,-0.099,0.676,-0.429,0.428,0.117,-0.468,0.478,0.64,0.094,0.452,0.724,0.553,-0.017,-0.518,0.568,0.559,0.497,0.303,0.412,0.243,-0.199,0.266,-0.422,0.245,0.742,-0.263,-0.163,-0.172,0.79,0.502,0.298,0.771,0.039,0.51,0.265,0.303,0.524,0.363,0.418,-0.338,0.43,-0.62,0.018,0.391,-0.578,0.048,0.578,-0.046,0.694,0.08,0.655,0.802,0.769,0.492,0.646,-0.006,0.66,0.222,0.61,0.658,0.562,0.314,-0.161,-0.074,0.109,-0.195,0.567,0.359,0.562,0.543,0.419,0.206,0.555,0.211,0.277,0.495,0.435,0.333,-0.038,-0.628,0.262,0.18,0.426,0.28,0.355,0.701,0.718,0.09,-0.02,0.42,-0.405,-0.203,0.639,0.299,0.243,0.318,-0.299,0.257,0.644,0.422,-0.096,0.321,0.096,0.345,0.33,0.527,-0.043,0.603,0.516,-0.321,0.771,0.266,0.761,0.031,0.506,0.177,-0.088,0.584,0.141,-0.547,0.526,-0.073,-0.02,0.043,0.699,0.234,0.368,0.418,-0.37,0.433,0.605,-0.086,0.031,0.309,0.168,-0.415,-0.243,-0.123,0.389,-0.117,-0.294,0.193,0.552,0.676,0.275,0.484,0.529,0.356,-0.305,0.43,0.728,0.8,0.297,-0.229,0.228,-0.563,0.318,0.269,0.582,0.578,-0.145,0.419
AMWD,0.749,0.581,0.897,0.695,0.701,0.527,0.962,0.635,0.201,0.0,0.438,0.849,0.773,-0.627,0.766,0.78,0.261,0.922,0.93,0.068,0.847,0.768,0.946,0.895,0.794,0.8,0.916,0.939,0.729,0.915,0.866,0.881,0.717,0.062,0.316,0.281,0.666,0.813,-0.359,0.565,0.358,0.765,0.961,-0.133,0.377,0.515,0.936,0.636,0.404,0.586,0.857,0.457,0.844,-0.266,-0.016,0.832,-0.236,0.304,0.849,0.945,0.603,0.945,0.357,0.744,0.871,-0.318,0.22,0.668,-0.375,0.224,0.456,0.82,0.908,0.602,0.678,0.85,0.321,0.713,0.75,0.254,0.934,0.745,0.192,0.622,0.19,0.584,0.494,0.906,0.279,0.323,0.543,0.546,0.619,0.696,0.577,0.833,0.698,0.588,-0.341,0.664,-0.441,0.766,0.515,0.692,0.725,0.299,0.737,0.755,0.916,0.897,0.245,0.888,0.86,0.891,0.712,0.863,0.907,-0.16,-0.172,0.916,0.772,0.096,0.834,0.649,0.645,0.877,0.823,0.817,0.342,0.656,0.543,0.591,0.899,0.393,0.742,0.829,0.647,0.94,0.84,-0.372,0.89,0.902,0.786,0.796,0.754,0.457,0.346,0.734,0.023,0.517,0.447,0.821,0.775,0.034,0.832,0.794,0.908,0.115,0.684,0.854,0.906,0.838,0.637,0.668,0.786,0.688,0.551,0.884,0.685,-0.081,0.799,0.854,-0.425,0.584,-0.114,0.859,0.888,-0.582,0.644,0.798,0.499,0.471,0.951,0.889,-0.345,0.252,0.218,0.91,0.497,0.293,0.111,0.24,0.954,0.24,0.946,0.705,0.531,0.206,0.889,0.457
ARDX,0.662,0.359,0.597,0.869,0.636,-0.014,0.495,0.788,0.856,0.438,0.0,0.344,0.212,0.292,0.705,0.77,0.78,0.388,0.32,-0.367,0.668,0.202,0.435,0.568,0.074,0.555,0.525,0.193,0.664,0.587,0.45,0.634,0.079,0.232,0.098,0.669,-0.052,0.18,-0.1,0.734,-0.261,0.63,0.41,-0.358,0.566,0.692,0.361,0.677,0.779,0.662,0.25,-0.308,0.737,0.552,0.512,0.483,0.388,0.452,0.064,0.532,-0.183,0.465,0.803,-0.036,0.078,-0.31,0.79,0.67,0.282,0.809,0.034,0.735,0.45,0.57,0.664,0.463,0.582,-0.076,0.552,-0.485,0.294,0.489,-0.482,0.354,0.637,0.095,0.65,0.294,0.751,0.799,0.83,0.657,0.715,0.275,0.83,0.4,0.748,0.746,0.521,0.545,-0.203,0.116,0.293,0.055,0.664,0.338,0.708,0.752,0.644,0.413,0.608,0.475,0.479,0.672,0.706,0.584,0.255,-0.747,0.4,0.441,0.666,0.264,0.613,0.807,0.799,0.404,0.232,0.53,-0.259,0.062,0.669,0.534,0.478,0.478,-0.05,0.506,0.803,0.634,0.132,0.197,0.391,0.631,0.432,0.692,0.133,0.693,0.631,-0.072,0.674,0.375,0.774,0.181,0.566,0.32,0.219,0.711,0.405,-0.434,0.683,0.162,0.245,0.317,0.809,0.484,0.473,0.573,-0.217,0.622,0.668,0.092,0.334,0.51,0.035,-0.233,-0.344,0.157,0.631,-0.2,-0.1,0.414,0.734,0.782,0.529,0.633,0.477,0.53,-0.134,0.589,0.699,0.749,0.273,-0.016,0.464,-0.438,0.558,0.442,0.618,0.774,0.135,0.452
ARQT,0.67,0.71,0.779,0.608,0.472,0.602,0.871,0.656,0.213,0.849,0.344,0.0,0.575,-0.59,0.767,0.666,0.208,0.762,0.879,-0.094,0.707,0.755,0.871,0.821,0.617,0.746,0.789,0.848,0.615,0.83,0.694,0.768,0.616,-0.114,0.143,0.258,0.463,0.754,-0.529,0.449,0.209,0.563,0.82,-0.317,0.41,0.59,0.854,0.45,0.22,0.598,0.652,0.287,0.773,-0.282,-0.054,0.811,-0.225,0.083,0.687,0.839,0.418,0.835,0.328,0.605,0.733,-0.29,0.237,0.644,-0.492,0.183,0.394,0.69,0.875,0.358,0.701,0.853,0.309,0.54,0.761,0.185,0.855,0.776,0.073,0.482,0.22,0.603,0.628,0.773,0.257,0.298,0.521,0.413,0.638,0.622,0.507,0.804,0.607,0.489,-0.396,0.557,-0.5,0.714,0.445,0.549,0.755,0.365,0.632,0.694,0.85,0.744,0.189,0.795,0.725,0.778,0.599,0.728,0.701,0.004,-0.322,0.841,0.596,0.058,0.69,0.638,0.635,0.643,0.669,0.78,0.163,0.452,0.64,0.474,0.838,0.105,0.588,0.744,0.553,0.833,0.692,-0.373,0.754,0.722,0.828,0.752,0.613,0.472,0.229,0.573,0.083,0.652,0.447,0.866,0.808,-0.183,0.666,0.776,0.841,0.003,0.545,0.761,0.784,0.673,0.605,0.377,0.721,0.707,0.41,0.77,0.674,-0.3,0.579,0.805,-0.425,0.463,-0.197,0.707,0.772,-0.65,0.477,0.728,0.404,0.439,0.811,0.809,-0.373,0.01,-0.017,0.814,0.568,0.294,-0.031,0.011,0.879,0.105,0.843,0.499,0.481,0.062,0.767,0.533
ASTE,0.55,0.398,0.763,0.404,0.678,0.674,0.725,0.314,-0.118,0.773,0.212,0.575,0.0,-0.466,0.453,0.556,0.042,0.867,0.668,0.251,0.714,0.622,0.672,0.703,0.849,0.513,0.746,0.841,0.518,0.728,0.804,0.719,0.763,0.371,0.628,0.257,0.857,0.776,0.021,0.403,0.576,0.679,0.801,0.369,0.193,0.126,0.79,0.638,0.23,0.281,0.857,0.712,0.576,-0.181,-0.047,0.696,-0.197,0.614,0.888,0.723,0.784,0.725,0.116,0.823,0.838,0.02,-0.05,0.437,-0.181,0.004,0.266,0.704,0.619,0.694,0.312,0.496,0.298,0.873,0.424,0.624,0.812,0.378,0.456,0.765,0.113,0.552,0.044,0.816,0.13,-0.135,0.183,0.458,0.268,0.688,0.287,0.714,0.455,0.275,-0.294,0.608,-0.278,0.747,0.407,0.887,0.39,0.005,0.574,0.575,0.703,0.702,0.076,0.827,0.682,0.554,0.616,0.81,0.848,0.089,0.076,0.741,0.761,-0.061,0.774,0.32,0.384,0.859,0.871,0.446,0.602,0.83,0.124,0.484,0.717,0.529,0.826,0.839,0.368,0.648,0.862,-0.228,0.773,0.778,0.405,0.474,0.782,0.186,0.472,0.813,-0.165,0.361,0.045,0.644,0.297,0.395,0.801,0.486,0.775,0.529,0.338,0.679,0.857,0.686,0.315,0.812,0.439,0.469,0.619,0.723,0.231,0.322,0.871,0.59,-0.38,0.728,0.14,0.799,0.687,-0.212,0.751,0.684,0.447,0.294,0.795,0.516,-0.153,0.512,0.568,0.634,0.107,0.012,0.162,0.706,0.716,0.51,0.71,0.744,0.124,0.195,0.871,0.348
AUPH,-0.247,-0.356,-0.377,-0.067,-0.152,-0.452,-0.598,-0.058,0.444,-0.627,0.292,-0.59,-0.466,0.0,-0.267,-0.163,0.284,-0.563,-0.731,-0.197,-0.298,-0.592,-0.656,-0.464,-0.642,-0.411,-0.487,-0.736,-0.218,-0.456,-0.489,-0.367,-0.596,0.347,-0.003,0.287,-0.574,-0.56,0.457,0.055,-0.446,-0.244,-0.629,0.038,-0.001,-0.089,-0.643,-0.066,0.24,-0.118,-0.588,-0.556,-0.287,0.749,0.417,-0.405,0.548,0.213,-0.707,-0.556,-0.624,-0.607,0.201,-0.651,-0.735,0.196,0.338,-0.197,0.713,0.344,-0.398,-0.193,-0.603,-0.026,-0.257,-0.562,0.13,-0.63,-0.335,-0.436,-0.68,-0.444,-0.44,-0.272,0.326,-0.486,-0.117,-0.595,0.273,0.203,0.031,0.01,-0.149,-0.407,-0.033,-0.475,-0.129,-0.026,0.784,-0.205,0.246,-0.576,-0.253,-0.488,-0.304,-0.13,-0.134,-0.174,-0.427,-0.544,0.181,-0.476,-0.473,-0.403,-0.104,-0.329,-0.651,-0.333,0.571,-0.603,-0.187,0.066,-0.289,-0.092,-0.003,-0.5,-0.541,-0.497,-0.388,-0.486,-0.136,-0.191,-0.537,0.122,-0.656,-0.349,-0.088,-0.463,-0.657,0.632,-0.554,-0.381,-0.532,-0.302,-0.555,0.014,0.292,-0.69,0.454,-0.281,0.055,-0.665,-0.442,0.356,-0.61,-0.299,-0.533,-0.279,-0.207,-0.748,-0.689,-0.53,-0.087,-0.171,-0.443,-0.269,-0.615,-0.349,-0.254,0.338,-0.466,-0.507,0.425,-0.64,-0.027,-0.697,-0.41,0.505,-0.601,-0.474,0.119,0.186,-0.502,-0.448,0.828,0.314,-0.134,-0.472,-0.027,0.262,0.197,-0.054,-0.598,-0.428,-0.515,-0.229,-0.119,0.422,-0.738,-0.131
AVXL,0.864,0.64,0.791,0.853,0.655,0.342,0.783,0.881,0.521,0.766,0.705,0.767,0.453,-0.267,0.0,0.892,0.553,0.625,0.697,-0.425,0.802,0.636,0.771,0.842,0.365,0.73,0.767,0.63,0.684,0.885,0.712,0.878,0.333,-0.098,0.045,0.371,0.208,0.498,-0.536,0.493,-0.126,0.625,0.757,-0.508,0.623,0.859,0.755,0.591,0.475,0.834,0.475,-0.06,0.905,0.206,0.272,0.779,0.201,0.228,0.421,0.837,0.083,0.77,0.682,0.305,0.459,-0.462,0.646,0.845,-0.185,0.567,0.115,0.82,0.829,0.555,0.906,0.815,0.652,0.246,0.856,-0.203,0.713,0.716,-0.321,0.525,0.553,0.407,0.78,0.589,0.639,0.584,0.792,0.685,0.767,0.645,0.805,0.65,0.775,0.682,0.036,0.68,-0.481,0.51,0.487,0.331,0.879,0.354,0.785,0.913,0.89,0.597,0.459,0.763,0.655,0.862,0.838,0.76,0.546,-0.394,0.105,0.804,0.667,0.1,0.725,0.849,0.84,0.598,0.542,0.807,-0.185,0.193,0.81,0.623,0.768,0.199,0.31,0.663,0.836,0.865,0.414,-0.204,0.695,0.806,0.805,0.897,0.368,0.784,0.393,0.285,0.454,0.7,0.718,0.69,0.839,-0.047,0.527,0.886,0.745,-0.357,0.708,0.596,0.623,0.623,0.843,0.368,0.639,0.868,0.044,0.808,0.856,-0.17,0.535,0.808,-0.431,0.077,-0.526,0.495,0.849,-0.655,0.122,0.727,0.75,0.689,0.799,0.833,-0.072,0.256,-0.204,0.825,0.624,0.569,-0.001,-0.099,0.828,-0.264,0.852,0.44,0.544,0.511,0.512,0.575
AZTA,0.909,0.574,0.835,0.901,0.821,0.287,0.797,0.831,0.54,0.78,0.77,0.666,0.556,-0.163,0.892,0.0,0.7,0.685,0.678,-0.373,0.87,0.596,0.76,0.873,0.389,0.811,0.835,0.619,0.742,0.914,0.828,0.922,0.369,0.051,0.116,0.579,0.258,0.494,-0.425,0.67,-0.123,0.716,0.775,-0.377,0.668,0.803,0.748,0.778,0.652,0.841,0.523,-0.039,0.931,0.274,0.443,0.783,0.137,0.469,0.48,0.849,0.15,0.818,0.773,0.319,0.469,-0.434,0.695,0.897,-0.008,0.688,0.11,0.902,0.814,0.667,0.858,0.746,0.721,0.315,0.706,-0.187,0.695,0.72,-0.33,0.637,0.609,0.262,0.714,0.618,0.738,0.591,0.821,0.811,0.81,0.66,0.88,0.69,0.917,0.772,0.207,0.784,-0.41,0.444,0.465,0.401,0.854,0.385,0.907,0.946,0.893,0.671,0.634,0.817,0.702,0.858,0.816,0.855,0.603,-0.533,0.227,0.798,0.787,0.041,0.828,0.882,0.83,0.744,0.607,0.738,-0.128,0.285,0.751,0.687,0.794,0.393,0.32,0.757,0.861,0.889,0.468,-0.031,0.714,0.899,0.692,0.91,0.355,0.792,0.587,0.281,0.471,0.613,0.763,0.588,0.773,0.199,0.533,0.873,0.793,-0.283,0.717,0.555,0.673,0.591,0.891,0.585,0.613,0.858,0.024,0.867,0.837,0.025,0.597,0.814,-0.376,0.076,-0.482,0.513,0.908,-0.542,0.15,0.77,0.821,0.623,0.832,0.833,0.118,0.411,-0.114,0.852,0.611,0.602,-0.006,0.063,0.835,-0.259,0.885,0.583,0.539,0.68,0.553,0.597
BAND,0.669,0.484,0.323,0.791,0.603,-0.024,0.307,0.616,0.716,0.261,0.78,0.208,0.042,0.284,0.553,0.7,0.0,0.167,0.175,-0.684,0.503,0.205,0.242,0.532,-0.27,0.587,0.438,0.016,0.599,0.495,0.414,0.569,-0.022,-0.001,-0.208,0.706,-0.371,-0.094,-0.331,0.549,-0.593,0.317,0.224,-0.501,0.769,0.778,0.181,0.666,0.692,0.737,-0.093,-0.6,0.64,0.643,0.86,0.366,0.282,0.445,-0.127,0.399,-0.431,0.363,0.932,-0.347,-0.172,-0.294,0.92,0.782,0.403,0.928,-0.314,0.607,0.414,0.408,0.649,0.394,0.794,-0.318,0.285,-0.644,0.114,0.508,-0.748,0.374,0.759,-0.183,0.67,0.039,0.913,0.61,0.803,0.755,0.769,0.18,0.861,0.255,0.785,0.82,0.706,0.607,-0.085,-0.169,0.084,-0.063,0.701,0.338,0.673,0.661,0.482,0.141,0.851,0.356,0.192,0.457,0.413,0.399,0.01,-0.649,0.347,0.326,0.395,0.056,0.361,0.838,0.591,0.244,0.12,0.338,-0.594,-0.222,0.697,0.575,0.392,0.191,-0.352,0.355,0.719,0.451,-0.086,0.46,0.15,0.464,0.282,0.664,-0.252,0.821,0.528,-0.365,0.807,0.421,0.864,0.015,0.542,0.36,-0.136,0.613,0.269,-0.579,0.404,0.05,0.199,0.063,0.816,0.293,0.187,0.67,-0.562,0.459,0.696,-0.05,0.135,0.397,-0.106,-0.533,-0.623,-0.139,0.529,-0.277,-0.428,0.502,0.652,0.46,0.33,0.458,0.556,0.334,-0.481,0.49,0.556,0.854,-0.131,-0.199,0.401,-0.759,0.426,0.128,0.395,0.792,-0.032,0.647
BECN,0.674,0.49,0.857,0.603,0.673,0.604,0.914,0.517,0.118,0.922,0.388,0.762,0.867,-0.563,0.625,0.685,0.167,0.0,0.87,0.216,0.834,0.711,0.872,0.833,0.86,0.744,0.892,0.919,0.742,0.841,0.853,0.811,0.788,0.221,0.521,0.331,0.769,0.832,-0.167,0.605,0.496,0.778,0.917,0.071,0.357,0.346,0.89,0.66,0.373,0.441,0.907,0.604,0.737,-0.302,-0.035,0.796,-0.289,0.442,0.91,0.89,0.722,0.897,0.245,0.821,0.894,-0.195,0.082,0.567,-0.299,0.139,0.429,0.78,0.823,0.617,0.529,0.723,0.255,0.814,0.603,0.41,0.896,0.679,0.352,0.691,0.135,0.608,0.33,0.915,0.21,0.184,0.431,0.511,0.512,0.7,0.478,0.865,0.611,0.464,-0.347,0.687,-0.324,0.77,0.39,0.807,0.6,0.199,0.679,0.668,0.848,0.883,0.14,0.893,0.834,0.759,0.677,0.848,0.906,-0.039,-0.162,0.851,0.789,0.151,0.869,0.527,0.547,0.915,0.85,0.677,0.506,0.78,0.406,0.635,0.88,0.527,0.81,0.878,0.556,0.859,0.913,-0.281,0.85,0.881,0.673,0.675,0.802,0.327,0.399,0.788,-0.054,0.49,0.295,0.765,0.591,0.213,0.866,0.707,0.879,0.355,0.563,0.818,0.91,0.745,0.496,0.788,0.674,0.582,0.616,0.805,0.506,0.035,0.869,0.791,-0.307,0.692,0.091,0.89,0.822,-0.432,0.734,0.787,0.456,0.467,0.928,0.793,-0.226,0.333,0.389,0.845,0.385,0.216,0.112,0.449,0.871,0.377,0.875,0.761,0.431,0.19,0.925,0.404
BFC,0.682,0.563,0.789,0.606,0.543,0.5,0.929,0.572,0.103,0.93,0.32,0.879,0.668,-0.731,0.697,0.678,0.175,0.87,0.0,0.067,0.763,0.741,0.943,0.833,0.748,0.804,0.869,0.91,0.696,0.848,0.798,0.772,0.704,-0.11,0.187,0.223,0.598,0.773,-0.463,0.486,0.335,0.667,0.902,-0.249,0.392,0.504,0.897,0.496,0.268,0.549,0.789,0.435,0.749,-0.418,-0.098,0.786,-0.334,0.126,0.82,0.911,0.586,0.923,0.27,0.715,0.844,-0.403,0.133,0.621,-0.513,0.144,0.474,0.667,0.909,0.438,0.673,0.848,0.22,0.668,0.684,0.231,0.892,0.822,0.186,0.509,0.098,0.569,0.527,0.873,0.191,0.297,0.511,0.416,0.63,0.681,0.51,0.849,0.616,0.481,-0.458,0.609,-0.358,0.74,0.415,0.603,0.705,0.333,0.614,0.65,0.855,0.873,0.184,0.823,0.808,0.805,0.568,0.73,0.838,-0.085,-0.385,0.888,0.628,0.114,0.744,0.593,0.558,0.779,0.746,0.787,0.293,0.564,0.583,0.54,0.883,0.226,0.706,0.742,0.568,0.893,0.801,-0.411,0.833,0.809,0.839,0.754,0.676,0.416,0.167,0.702,-0.056,0.584,0.417,0.851,0.779,-0.159,0.789,0.768,0.873,0.122,0.609,0.857,0.873,0.724,0.572,0.527,0.768,0.647,0.543,0.765,0.645,-0.281,0.728,0.868,-0.386,0.579,-0.111,0.85,0.823,-0.613,0.608,0.771,0.362,0.369,0.88,0.879,-0.446,0.023,0.116,0.861,0.514,0.215,-0.031,0.093,0.911,0.227,0.903,0.594,0.494,0.093,0.865,0.392
BGC,-0.435,-0.412,0.028,-0.423,-0.193,0.059,0.017,-0.422,-0.378,0.068,-0.367,-0.094,0.251,-0.197,-0.425,-0.373,-0.684,0.216,0.067,0.0,-0.11,-0.081,0.028,-0.28,0.56,-0.274,-0.072,0.201,-0.146,-0.246,-0.127,-0.292,0.311,0.48,0.602,-0.293,0.623,0.333,0.612,-0.008,0.776,0.14,0.067,0.615,-0.636,-0.695,0.032,-0.216,-0.153,-0.576,0.457,0.764,-0.327,-0.566,-0.666,-0.124,-0.364,-0.065,0.405,-0.108,0.662,-0.065,-0.694,0.562,0.437,0.227,-0.756,-0.596,-0.113,-0.654,0.588,-0.219,-0.206,-0.031,-0.507,-0.221,-0.745,0.549,-0.163,0.63,0.095,-0.25,0.846,-0.154,-0.623,0.254,-0.549,0.303,-0.705,-0.284,-0.486,-0.478,-0.471,-0.026,-0.568,0.049,-0.432,-0.433,-0.496,-0.301,0.185,0.346,-0.003,0.312,-0.523,-0.2,-0.329,-0.411,-0.193,0.286,-0.606,-0.086,0.183,-0.127,-0.127,-0.065,0.346,0.285,-0.287,-0.135,0.023,0.253,0.031,-0.55,-0.29,0.152,0.177,-0.153,0.836,0.551,-0.554,-0.283,-0.12,0.349,0.564,-0.011,-0.404,-0.096,0.402,-0.267,0.117,-0.078,-0.142,-0.4,0.528,-0.69,-0.145,0.576,-0.703,-0.475,-0.616,0.033,-0.345,-0.006,0.395,-0.35,0.007,0.692,-0.036,0.135,0.052,0.189,-0.541,0.276,0.131,-0.571,0.775,-0.13,-0.47,0.21,0.254,-0.17,0.327,0.722,0.826,0.411,-0.223,0.33,0.735,-0.292,-0.409,-0.142,0.02,-0.104,-0.294,0.052,0.771,-0.154,-0.205,-0.57,0.483,0.485,-0.149,0.872,-0.118,0.352,-0.013,-0.456,0.26,-0.518
BHF,0.858,0.547,0.85,0.826,0.799,0.388,0.834,0.762,0.422,0.847,0.668,0.707,0.714,-0.298,0.802,0.87,0.503,0.834,0.763,-0.11,0.0,0.657,0.827,0.854,0.615,0.813,0.905,0.747,0.787,0.9,0.819,0.89,0.543,0.228,0.311,0.613,0.473,0.644,-0.283,0.707,0.123,0.761,0.845,-0.191,0.594,0.659,0.842,0.756,0.651,0.752,0.701,0.223,0.899,0.104,0.255,0.867,0.056,0.527,0.687,0.873,0.393,0.874,0.619,0.564,0.657,-0.397,0.476,0.799,-0.107,0.52,0.279,0.883,0.824,0.711,0.763,0.739,0.578,0.545,0.702,0.074,0.783,0.743,-0.067,0.719,0.522,0.419,0.587,0.797,0.59,0.444,0.735,0.726,0.748,0.74,0.714,0.781,0.805,0.703,0.031,0.777,-0.341,0.665,0.474,0.558,0.77,0.309,0.848,0.871,0.92,0.786,0.497,0.878,0.797,0.803,0.805,0.873,0.727,-0.356,0.062,0.85,0.806,0.089,0.88,0.764,0.785,0.822,0.775,0.705,0.129,0.497,0.671,0.65,0.84,0.446,0.545,0.819,0.806,0.916,0.63,-0.039,0.768,0.943,0.759,0.874,0.549,0.676,0.5,0.512,0.35,0.632,0.573,0.698,0.693,0.207,0.686,0.831,0.852,0.017,0.628,0.652,0.796,0.653,0.76,0.713,0.649,0.787,0.284,0.869,0.729,-0.023,0.788,0.836,-0.343,0.35,-0.226,0.658,0.931,-0.438,0.391,0.792,0.723,0.594,0.918,0.855,0.037,0.503,0.113,0.858,0.574,0.462,0.058,0.235,0.85,0.015,0.923,0.735,0.429,0.539,0.705,0.504
BHFAL,0.65,0.652,0.637,0.478,0.445,0.65,0.732,0.472,0.047,0.768,0.202,0.755,0.622,-0.592,0.636,0.596,0.205,0.711,0.741,-0.081,0.657,0.0,0.701,0.751,0.576,0.598,0.74,0.793,0.582,0.749,0.69,0.733,0.598,-0.013,0.233,0.191,0.477,0.606,-0.396,0.303,0.161,0.396,0.765,-0.162,0.404,0.487,0.786,0.483,0.219,0.512,0.567,0.339,0.654,-0.175,0.121,0.741,-0.251,0.212,0.706,0.774,0.478,0.754,0.261,0.593,0.699,-0.135,0.165,0.606,-0.338,0.078,0.136,0.631,0.766,0.399,0.544,0.705,0.396,0.573,0.525,0.302,0.789,0.626,0.11,0.693,0.257,0.671,0.407,0.664,0.298,0.041,0.343,0.582,0.46,0.643,0.41,0.636,0.517,0.422,-0.253,0.618,-0.315,0.698,0.299,0.649,0.638,0.202,0.591,0.589,0.713,0.54,0.145,0.749,0.505,0.616,0.589,0.652,0.626,0.17,-0.186,0.785,0.459,0.028,0.611,0.495,0.422,0.651,0.722,0.552,0.123,0.449,0.451,0.596,0.765,0.048,0.604,0.644,0.468,0.69,0.639,-0.185,0.651,0.661,0.651,0.623,0.497,0.441,0.138,0.579,0.096,0.629,0.322,0.721,0.619,0.006,0.588,0.595,0.734,0.149,0.334,0.753,0.818,0.576,0.448,0.398,0.415,0.707,0.341,0.632,0.598,-0.215,0.661,0.667,-0.501,0.458,-0.217,0.598,0.663,-0.577,0.418,0.824,0.372,0.319,0.755,0.645,-0.329,0.133,0.007,0.731,0.235,0.285,-0.149,0.094,0.791,0.143,0.743,0.409,0.18,0.07,0.713,0.583
BKNG,0.73,0.557,0.866,0.689,0.634,0.429,0.957,0.661,0.209,0.946,0.435,0.871,0.672,-0.656,0.771,0.76,0.242,0.872,0.943,0.028,0.827,0.701,0.0,0.851,0.751,0.82,0.88,0.893,0.68,0.894,0.821,0.821,0.633,-0.054,0.194,0.288,0.587,0.775,-0.472,0.563,0.289,0.739,0.93,-0.271,0.401,0.57,0.934,0.559,0.373,0.614,0.815,0.38,0.832,-0.323,-0.092,0.832,-0.203,0.15,0.794,0.918,0.519,0.944,0.37,0.696,0.818,-0.462,0.231,0.662,-0.464,0.246,0.524,0.752,0.913,0.474,0.744,0.851,0.278,0.651,0.763,0.163,0.9,0.807,0.127,0.493,0.169,0.508,0.597,0.881,0.265,0.407,0.586,0.443,0.678,0.687,0.596,0.845,0.683,0.53,-0.392,0.605,-0.459,0.736,0.48,0.541,0.737,0.398,0.688,0.755,0.912,0.923,0.247,0.861,0.9,0.878,0.663,0.808,0.861,-0.222,-0.263,0.924,0.731,0.091,0.815,0.656,0.682,0.82,0.731,0.859,0.272,0.553,0.631,0.546,0.88,0.314,0.674,0.788,0.661,0.945,0.764,-0.445,0.887,0.878,0.871,0.814,0.708,0.467,0.244,0.667,0.019,0.563,0.473,0.859,0.816,-0.128,0.843,0.806,0.909,0.029,0.696,0.844,0.847,0.755,0.653,0.558,0.84,0.672,0.519,0.835,0.717,-0.203,0.702,0.902,-0.386,0.53,-0.139,0.866,0.889,-0.625,0.578,0.724,0.492,0.411,0.909,0.919,-0.399,0.121,0.107,0.887,0.577,0.222,0.038,0.09,0.925,0.18,0.95,0.661,0.57,0.172,0.849,0.396
BL,0.882,0.758,0.857,0.83,0.771,0.571,0.903,0.729,0.356,0.895,0.568,0.821,0.703,-0.464,0.842,0.873,0.532,0.833,0.833,-0.28,0.854,0.751,0.851,0.0,0.552,0.873,0.916,0.808,0.789,0.958,0.89,0.962,0.649,0.002,0.177,0.468,0.424,0.665,-0.481,0.61,0.094,0.724,0.872,-0.271,0.614,0.71,0.861,0.767,0.49,0.726,0.656,0.176,0.921,-0.005,0.299,0.845,-0.107,0.423,0.665,0.929,0.349,0.911,0.607,0.499,0.658,-0.253,0.489,0.859,-0.217,0.475,0.175,0.905,0.918,0.634,0.779,0.863,0.596,0.487,0.724,0.056,0.841,0.782,-0.094,0.702,0.412,0.477,0.649,0.762,0.542,0.361,0.684,0.717,0.757,0.646,0.752,0.801,0.841,0.716,-0.086,0.789,-0.443,0.587,0.439,0.619,0.893,0.331,0.856,0.865,0.944,0.734,0.468,0.901,0.745,0.873,0.714,0.881,0.732,-0.207,-0.017,0.902,0.771,0.041,0.807,0.821,0.723,0.797,0.745,0.808,0.067,0.472,0.685,0.712,0.902,0.321,0.488,0.861,0.744,0.909,0.702,-0.171,0.786,0.891,0.738,0.874,0.556,0.668,0.485,0.474,0.308,0.663,0.641,0.738,0.824,0.186,0.617,0.898,0.854,-0.067,0.646,0.748,0.857,0.665,0.805,0.64,0.652,0.857,0.235,0.905,0.77,-0.087,0.694,0.854,-0.475,0.298,-0.311,0.646,0.918,-0.613,0.368,0.899,0.64,0.522,0.901,0.858,-0.114,0.306,-0.009,0.934,0.544,0.526,-0.024,0.166,0.952,-0.086,0.923,0.584,0.505,0.384,0.762,0.715
BOKF,0.35,0.226,0.741,0.244,0.449,0.544,0.748,0.238,-0.178,0.794,0.074,0.617,0.849,-0.642,0.365,0.389,-0.27,0.86,0.748,0.56,0.615,0.576,0.751,0.552,0.0,0.426,0.673,0.888,0.404,0.603,0.647,0.543,0.758,0.291,0.602,0.017,0.954,0.856,0.041,0.357,0.758,0.685,0.807,0.343,-0.073,-0.03,0.798,0.378,0.117,0.108,0.968,0.871,0.46,-0.523,-0.443,0.61,-0.316,0.272,0.948,0.68,0.912,0.712,-0.154,0.97,0.964,-0.06,-0.319,0.185,-0.415,-0.255,0.615,0.517,0.588,0.475,0.219,0.512,-0.1,0.957,0.474,0.678,0.826,0.363,0.676,0.49,-0.194,0.634,0.012,0.886,-0.201,-0.067,0.066,0.154,0.151,0.603,0.079,0.684,0.264,0.094,-0.609,0.369,-0.278,0.85,0.412,0.778,0.245,0.077,0.391,0.389,0.624,0.826,-0.198,0.712,0.773,0.571,0.516,0.695,0.921,0.134,-0.227,0.683,0.658,0.095,0.713,0.133,0.323,0.812,0.793,0.529,0.782,0.874,0.048,0.269,0.643,0.477,0.965,0.69,0.251,0.651,0.913,-0.517,0.782,0.686,0.507,0.365,0.93,-0.053,0.21,0.962,-0.42,0.214,-0.112,0.71,0.316,0.061,0.932,0.4,0.738,0.579,0.433,0.741,0.785,0.745,0.155,0.688,0.611,0.246,0.886,0.632,0.179,0.145,0.818,0.592,-0.253,0.921,0.368,0.943,0.584,-0.228,0.937,0.485,0.207,0.218,0.769,0.574,-0.463,0.286,0.656,0.597,0.151,-0.215,0.298,0.574,0.654,0.747,0.677,0.773,0.253,-0.112,0.904,0.07
BRKR,0.787,0.616,0.727,0.828,0.701,0.327,0.812,0.752,0.422,0.8,0.555,0.746,0.513,-0.411,0.73,0.811,0.587,0.744,0.804,-0.274,0.813,0.598,0.82,0.873,0.426,0.0,0.899,0.68,0.774,0.848,0.769,0.803,0.541,-0.116,0.028,0.543,0.237,0.568,-0.589,0.683,-0.075,0.638,0.729,-0.479,0.699,0.754,0.74,0.61,0.543,0.797,0.543,0.024,0.868,-0.051,0.314,0.798,-0.085,0.302,0.566,0.846,0.229,0.885,0.679,0.379,0.542,-0.504,0.559,0.841,-0.258,0.56,0.277,0.748,0.918,0.469,0.834,0.863,0.539,0.356,0.605,-0.112,0.674,0.899,-0.234,0.509,0.491,0.207,0.765,0.716,0.585,0.49,0.814,0.635,0.893,0.623,0.758,0.831,0.861,0.782,-0.047,0.748,-0.378,0.49,0.274,0.401,0.872,0.454,0.813,0.794,0.861,0.759,0.62,0.8,0.747,0.768,0.531,0.722,0.615,-0.303,-0.218,0.785,0.629,-0.001,0.731,0.852,0.725,0.699,0.633,0.77,-0.07,0.253,0.819,0.617,0.862,0.296,0.344,0.718,0.778,0.882,0.547,-0.015,0.613,0.825,0.8,0.912,0.386,0.722,0.372,0.323,0.378,0.705,0.733,0.708,0.828,0.007,0.479,0.878,0.804,-0.18,0.582,0.605,0.764,0.468,0.822,0.508,0.729,0.804,0.136,0.805,0.807,-0.319,0.565,0.904,-0.382,0.186,-0.339,0.572,0.912,-0.571,0.228,0.804,0.574,0.401,0.815,0.886,-0.028,0.131,-0.195,0.906,0.701,0.561,-0.168,-0.036,0.86,-0.209,0.886,0.567,0.496,0.406,0.638,0.545
CACC,0.837,0.635,0.866,0.769,0.751,0.525,0.904,0.685,0.319,0.916,0.525,0.789,0.746,-0.487,0.767,0.835,0.438,0.892,0.869,-0.072,0.905,0.74,0.88,0.916,0.673,0.899,0.0,0.857,0.811,0.926,0.864,0.902,0.711,0.12,0.315,0.472,0.53,0.714,-0.41,0.654,0.164,0.763,0.879,-0.215,0.602,0.631,0.878,0.697,0.498,0.726,0.755,0.314,0.899,-0.094,0.223,0.892,-0.111,0.461,0.782,0.925,0.486,0.942,0.534,0.624,0.755,-0.33,0.384,0.795,-0.215,0.401,0.289,0.85,0.934,0.618,0.755,0.854,0.521,0.613,0.646,0.145,0.841,0.795,-0.003,0.675,0.429,0.448,0.614,0.86,0.49,0.326,0.683,0.668,0.773,0.768,0.672,0.867,0.827,0.662,-0.143,0.836,-0.34,0.705,0.386,0.657,0.818,0.328,0.864,0.837,0.934,0.829,0.47,0.938,0.806,0.817,0.705,0.885,0.799,-0.203,-0.163,0.889,0.781,0.104,0.868,0.76,0.717,0.869,0.846,0.771,0.181,0.505,0.662,0.635,0.914,0.425,0.608,0.853,0.749,0.931,0.751,-0.13,0.775,0.938,0.775,0.876,0.613,0.641,0.469,0.589,0.243,0.663,0.541,0.772,0.746,0.141,0.693,0.867,0.887,0.066,0.618,0.708,0.914,0.636,0.733,0.708,0.694,0.797,0.349,0.886,0.713,-0.134,0.825,0.911,-0.388,0.437,-0.193,0.744,0.939,-0.541,0.478,0.882,0.634,0.465,0.945,0.877,-0.103,0.328,0.089,0.951,0.576,0.449,0.021,0.249,0.927,0.07,0.956,0.739,0.435,0.392,0.812,0.566
CAR,0.635,0.552,0.83,0.476,0.563,0.672,0.902,0.452,-0.046,0.939,0.193,0.848,0.841,-0.736,0.63,0.619,0.016,0.919,0.91,0.201,0.747,0.793,0.893,0.808,0.888,0.68,0.857,0.0,0.591,0.838,0.819,0.785,0.789,0.066,0.407,0.133,0.796,0.87,-0.314,0.409,0.507,0.669,0.939,0.03,0.256,0.329,0.941,0.511,0.185,0.431,0.887,0.646,0.706,-0.432,-0.175,0.805,-0.327,0.266,0.942,0.876,0.755,0.886,0.123,0.871,0.952,-0.194,-0.032,0.521,-0.473,-0.026,0.455,0.694,0.852,0.517,0.522,0.769,0.206,0.855,0.644,0.497,0.959,0.634,0.387,0.625,0.05,0.659,0.326,0.92,0.081,0.053,0.318,0.4,0.444,0.737,0.357,0.813,0.532,0.347,-0.528,0.602,-0.425,0.854,0.464,0.798,0.581,0.199,0.619,0.622,0.822,0.84,0.055,0.879,0.787,0.742,0.616,0.817,0.925,0.096,-0.28,0.884,0.687,0.045,0.778,0.44,0.487,0.861,0.877,0.704,0.49,0.736,0.364,0.481,0.855,0.307,0.871,0.81,0.457,0.829,0.905,-0.463,0.878,0.82,0.718,0.646,0.822,0.29,0.243,0.863,-0.179,0.504,0.195,0.862,0.622,-0.01,0.874,0.66,0.893,0.338,0.515,0.867,0.94,0.808,0.429,0.622,0.671,0.597,0.685,0.789,0.493,-0.064,0.826,0.789,-0.472,0.752,0.014,0.911,0.778,-0.55,0.762,0.771,0.374,0.301,0.897,0.758,-0.483,0.184,0.337,0.812,0.307,0.063,0.073,0.354,0.894,0.445,0.868,0.685,0.336,0.014,0.959,0.395
CDNA,0.751,0.591,0.654,0.804,0.652,0.425,0.761,0.619,0.506,0.729,0.664,0.615,0.518,-0.218,0.684,0.742,0.599,0.742,0.696,-0.146,0.787,0.582,0.68,0.789,0.404,0.774,0.811,0.591,0.0,0.763,0.669,0.787,0.591,0.178,0.323,0.605,0.284,0.474,-0.234,0.699,0.028,0.634,0.687,-0.294,0.713,0.643,0.615,0.743,0.556,0.637,0.513,0.099,0.762,0.092,0.428,0.714,-0.12,0.408,0.517,0.75,0.227,0.729,0.585,0.335,0.477,-0.279,0.505,0.742,0.055,0.539,0.083,0.774,0.74,0.581,0.677,0.687,0.496,0.314,0.529,-0.083,0.617,0.797,-0.142,0.553,0.454,0.417,0.586,0.621,0.565,0.482,0.716,0.641,0.772,0.533,0.731,0.739,0.728,0.699,0.103,0.783,-0.088,0.422,0.154,0.528,0.765,0.307,0.707,0.732,0.788,0.653,0.414,0.711,0.607,0.695,0.658,0.663,0.544,-0.299,-0.1,0.698,0.654,0.351,0.703,0.798,0.648,0.619,0.577,0.582,0.029,0.352,0.691,0.797,0.734,0.439,0.321,0.764,0.713,0.779,0.568,0.132,0.593,0.774,0.626,0.776,0.37,0.626,0.469,0.32,0.375,0.573,0.618,0.509,0.693,0.266,0.463,0.777,0.686,-0.011,0.55,0.581,0.682,0.477,0.685,0.657,0.536,0.68,0.111,0.667,0.674,-0.178,0.667,0.68,-0.1,0.194,-0.162,0.489,0.757,-0.456,0.277,0.804,0.57,0.681,0.761,0.769,0.16,0.294,-0.003,0.807,0.622,0.699,0.01,0.154,0.767,-0.142,0.766,0.464,0.583,0.477,0.542,0.603
CG,0.917,0.687,0.896,0.818,0.778,0.527,0.921,0.755,0.327,0.915,0.587,0.83,0.728,-0.456,0.885,0.914,0.495,0.841,0.848,-0.246,0.9,0.749,0.894,0.958,0.603,0.848,0.926,0.838,0.763,0.0,0.916,0.974,0.576,0.004,0.203,0.442,0.47,0.663,-0.488,0.583,0.095,0.732,0.912,-0.283,0.61,0.721,0.911,0.741,0.485,0.766,0.688,0.213,0.934,0.009,0.252,0.878,-0.053,0.405,0.702,0.947,0.371,0.923,0.59,0.545,0.687,-0.362,0.474,0.863,-0.206,0.469,0.184,0.914,0.928,0.628,0.831,0.847,0.619,0.542,0.758,0.059,0.868,0.771,-0.105,0.715,0.433,0.464,0.646,0.779,0.542,0.393,0.693,0.717,0.76,0.744,0.761,0.804,0.854,0.665,-0.086,0.812,-0.481,0.633,0.482,0.607,0.863,0.324,0.873,0.913,0.966,0.768,0.457,0.941,0.781,0.887,0.797,0.917,0.775,-0.291,0.005,0.945,0.795,0.056,0.86,0.806,0.753,0.842,0.788,0.805,0.073,0.469,0.693,0.698,0.91,0.327,0.543,0.862,0.768,0.942,0.688,-0.229,0.852,0.946,0.774,0.899,0.556,0.689,0.471,0.514,0.267,0.669,0.611,0.761,0.807,0.122,0.707,0.893,0.895,-0.075,0.691,0.748,0.868,0.711,0.793,0.627,0.663,0.879,0.251,0.9,0.785,-0.051,0.732,0.895,-0.497,0.324,-0.367,0.711,0.949,-0.656,0.38,0.879,0.725,0.553,0.925,0.874,-0.136,0.306,0.007,0.925,0.531,0.451,-0.041,0.162,0.962,-0.044,0.964,0.621,0.479,0.451,0.78,0.632
CGBD,0.833,0.56,0.82,0.685,0.794,0.517,0.867,0.562,0.143,0.866,0.45,0.694,0.804,-0.489,0.712,0.828,0.414,0.853,0.798,-0.127,0.819,0.69,0.821,0.89,0.647,0.769,0.864,0.819,0.669,0.916,0.0,0.897,0.579,0.037,0.256,0.397,0.559,0.651,-0.37,0.534,0.234,0.696,0.885,-0.083,0.506,0.529,0.854,0.773,0.427,0.592,0.719,0.342,0.802,-0.063,0.227,0.747,-0.162,0.495,0.751,0.898,0.496,0.902,0.468,0.596,0.71,-0.276,0.322,0.753,-0.18,0.386,0.174,0.838,0.831,0.62,0.662,0.71,0.54,0.645,0.602,0.177,0.823,0.665,0.048,0.757,0.285,0.38,0.427,0.746,0.433,0.238,0.532,0.712,0.608,0.679,0.68,0.775,0.789,0.566,-0.095,0.766,-0.379,0.557,0.382,0.67,0.699,0.205,0.79,0.783,0.851,0.745,0.374,0.89,0.744,0.781,0.679,0.869,0.795,-0.22,0.063,0.884,0.764,-0.024,0.831,0.656,0.57,0.903,0.786,0.655,0.207,0.582,0.496,0.684,0.883,0.387,0.603,0.828,0.667,0.838,0.73,-0.234,0.833,0.905,0.615,0.75,0.559,0.515,0.457,0.57,0.119,0.536,0.504,0.663,0.649,0.259,0.721,0.767,0.843,0.087,0.586,0.748,0.856,0.696,0.662,0.701,0.556,0.761,0.317,0.823,0.644,0.129,0.735,0.807,-0.444,0.404,-0.269,0.739,0.86,-0.512,0.455,0.837,0.616,0.414,0.872,0.771,-0.135,0.311,0.131,0.831,0.341,0.299,-0.087,0.307,0.886,0.075,0.876,0.618,0.379,0.414,0.808,0.547
CHI,0.926,0.724,0.877,0.842,0.818,0.546,0.884,0.735,0.386,0.881,0.634,0.768,0.719,-0.367,0.878,0.922,0.569,0.811,0.772,-0.292,0.89,0.733,0.821,0.962,0.543,0.803,0.902,0.785,0.787,0.974,0.897,0.0,0.576,0.091,0.241,0.486,0.432,0.624,-0.404,0.605,0.069,0.731,0.881,-0.222,0.632,0.717,0.857,0.819,0.526,0.759,0.644,0.163,0.936,0.123,0.359,0.851,-0.009,0.509,0.645,0.913,0.324,0.88,0.64,0.484,0.631,-0.253,0.527,0.88,-0.094,0.519,0.1,0.953,0.874,0.698,0.785,0.802,0.675,0.483,0.739,0.036,0.84,0.718,-0.133,0.759,0.488,0.476,0.614,0.724,0.608,0.376,0.689,0.78,0.738,0.682,0.787,0.748,0.859,0.709,0.021,0.825,-0.443,0.579,0.496,0.629,0.866,0.29,0.892,0.919,0.946,0.699,0.495,0.914,0.721,0.875,0.817,0.921,0.725,-0.298,0.123,0.896,0.815,0.06,0.84,0.823,0.755,0.816,0.764,0.764,0.049,0.476,0.655,0.74,0.861,0.365,0.485,0.869,0.775,0.904,0.661,-0.137,0.81,0.924,0.687,0.881,0.526,0.712,0.551,0.466,0.347,0.625,0.624,0.675,0.777,0.262,0.636,0.881,0.844,-0.076,0.662,0.711,0.834,0.716,0.809,0.673,0.585,0.875,0.187,0.909,0.772,0.025,0.729,0.812,-0.467,0.265,-0.364,0.621,0.919,-0.595,0.339,0.889,0.749,0.589,0.902,0.823,-0.038,0.422,0.029,0.902,0.5,0.529,0.02,0.22,0.936,-0.091,0.922,0.603,0.48,0.509,0.725,0.711
