,ACET,ADAP,ADI,ADPT,ADTN,AGEN,ALGN,ALLK,AMD,AMWD,ARDX,ARQT,ASTE,AUPH,AVXL,AZTA,BAND,BECN,BFC,BGC,BHF,BHFAL,BKNG,BL,BOKF,BRKR,CACC,CAR,CDNA,CG,CGBD,CHI,CHTR,CHX,CLNE,CME,CNOB,CNXN,CPRX,CSGP,CSGS,CSIQ,CVCO,CVLT,CYRX,DDOG,DOOO,DSGX,DTIL,ECPG,EEFT,EFSC,ENTG,ESPR,ETSY,EXC,FAMI,FFIV,FITB,FIZZ,FMBH,FOX,FTNT,FULT,GABC,GEN,GH,GMAB,GNPX,GO,GOGL,GOOG,GPRO,GSHD,GSM,GWAV,HAIN,HBAN,HEPA,HURN,HWKN,IBIO,ICFI,IGMS,IMKTA,INCY,INO,IRDM,IRTC,IRWD,ITCI,JACK,JD,JJSF,KALA,KHC,KLAC,KRRO,KRYS,LANC,LBTYA,LIVN,LKCO,LNTH,LOGI,LPRO,LRCX,LSCC,LSTR,MAR,MARA,MCHP,MEOH,META,MGTX,MKSI,MMYT,MORN,MRUS,MTLS,MTSI,MVIS,MXL,NBIX,NFE,NMIH,NMRK,NNDM,NSIT,NTCT,NVAX,OCUL,ODP,OLED,ONB,OTEX,PACB,PATK,PAYX,PEP,PERI,PI,PLYA,PRDO,PRGS,PTGX,QCOM,QCRH,QDEL,QFIN,RGEN,RILY,RPAY,RPD,SABR,SEDG,SHEN,SIRI,SLNO,SNDL,SNEX,SONO,SPT,SSNC,STGW,STKL,STRL,STX,SWTX,SYNA,TFSL,TIGR,TNXP,TOWN,TRI,TRIP,TRMB,TRNS,TRS,TSCO,TSEM,TVTX,TXRH,VC,VCEL,VECO,VIAV,VICR,VIR,VRTX,VSTM,VTRS,WDFC,WSBC,WSC,WYNN,XENE,XNCR,XRAY,ZS
ACET,0.0,0.811,0.231,0.001,0.311,0.831,0.317,0.372,-0.069,0.217,0.719,0.051,0.22,0.566,0.191,0.202,-0.142,0.162,0.7,0.283,0.32,-0.004,0.407,-0.036,0.301,0.175,0.16,0.583,0.191,0.273,-0.176,0.387,0.218,0.63,0.715,0.379,0.327,0.399,0.587,-0.011,-0.111,-0.034,-0.264,0.269,0.016,0.018,0.124,-0.095,0.06,0.095,0.578,0.38,0.046,0.083,0.061,0.207,-0.084,0.134,0.306,0.318,0.347,0.25,0.234,0.332,0.583,0.148,-0.513,0.598,0.696,0.176,-0.205,0.289,0.157,0.152,0.23,0.022,0.475,0.513,0.72,0.289,0.716,0.669,0.492,0.453,-0.101,0.221,0.26,0.507,0.341,0.445,0.615,0.202,0.169,0.32,0.713,0.304,0.058,0.676,0.582,-0.121,0.456,0.283,0.18,0.256,-0.058,-0.133,-0.019,0.24,0.317,0.577,0.269,0.209,0.338,0.131,0.215,0.145,0.452,0.242,0.496,0.167,0.134,0.093,0.46,0.46,-0.032,0.245,0.263,0.119,0.345,0.404,0.224,0.405,0.472,0.057,0.503,-0.002,0.022,-0.082,0.237,-0.0,0.124,0.312,0.158,-0.024,0.064,0.669,0.074,0.411,0.055,-0.074,0.197,0.583,0.021,0.145,0.447,0.053,0.802,0.142,0.146,0.461,0.447,-0.305,0.098,0.186,0.463,0.011,0.063,0.125,0.331,0.417,0.116,0.344,0.101,0.299,0.011,0.648,0.339,0.028,0.43,0.135,0.34,0.519,0.24,0.406,0.274,0.486,0.293,0.401,0.049,0.022,0.582,0.701,0.419,0.385,0.388,0.518,0.221,0.755,0.727,-0.073
ADAP,0.811,0.0,-0.066,-0.241,0.092,0.906,0.077,0.269,-0.221,-0.001,0.758,0.021,-0.039,0.39,-0.077,-0.029,-0.363,-0.096,0.501,0.088,0.112,-0.093,0.207,-0.28,0.136,-0.105,-0.062,0.531,-0.078,0.036,-0.097,0.18,-0.009,0.753,0.492,0.323,0.145,0.108,0.591,-0.216,-0.356,-0.264,-0.438,0.027,-0.168,-0.199,-0.154,-0.321,-0.189,0.219,0.504,0.159,-0.211,0.282,-0.176,-0.071,-0.048,-0.162,0.095,0.101,0.118,0.13,-0.036,0.142,0.392,-0.001,-0.541,0.628,0.654,-0.028,-0.351,0.006,-0.125,-0.14,0.3,0.012,0.376,0.358,0.565,0.043,0.533,0.868,0.239,0.511,-0.319,-0.016,0.525,0.293,0.051,0.322,0.786,0.115,-0.07,0.097,0.788,0.077,-0.217,0.826,0.365,-0.184,0.253,0.029,-0.122,0.156,-0.336,-0.359,-0.32,-0.042,0.054,0.454,-0.004,-0.062,0.065,-0.139,0.121,-0.118,0.398,-0.053,0.204,-0.149,-0.123,-0.102,0.258,0.345,-0.29,0.017,0.008,-0.231,0.111,0.156,0.171,0.225,0.416,-0.205,0.317,-0.048,-0.23,-0.266,-0.051,-0.29,-0.153,0.114,0.206,-0.212,-0.174,0.688,-0.207,0.217,-0.171,-0.157,-0.058,0.519,-0.159,-0.075,0.311,-0.213,0.62,-0.086,0.006,0.569,0.184,-0.189,-0.187,-0.03,0.357,-0.171,-0.259,-0.189,0.137,0.246,-0.092,0.237,0.376,0.086,-0.28,0.52,0.112,0.267,0.221,-0.156,0.123,0.318,0.007,0.154,0.079,0.257,0.162,0.132,-0.193,0.138,0.542,0.482,0.347,0.198,0.237,0.605,0.222,0.547,0.633,-0.328
ADI,0.231,-0.066,0.0,0.919,0.838,0.046,0.847,0.466,0.706,0.85,0.235,-0.236,0.815,0.759,0.594,0.914,0.743,0.888,0.696,0.813,0.819,0.607,0.846,0.904,0.746,0.952,0.717,0.527,0.926,0.906,-0.192,0.91,0.886,-0.007,0.639,0.493,0.791,0.892,0.314,0.846,0.761,0.774,0.567,0.938,0.653,0.844,0.898,0.726,0.8,-0.186,0.479,0.807,0.874,-0.751,0.897,0.927,-0.23,0.863,0.815,0.829,0.806,0.562,0.93,0.805,0.705,0.682,0.092,0.381,0.618,0.861,0.413,0.924,0.923,0.926,-0.526,0.083,0.627,0.7,0.534,0.868,0.606,-0.169,0.821,0.09,0.574,0.928,-0.552,0.816,0.93,0.659,-0.281,0.651,0.948,0.624,0.117,0.887,0.933,-0.099,0.818,-0.013,0.745,0.903,0.832,0.594,0.826,0.674,0.919,0.967,0.835,0.613,0.907,0.931,0.862,0.899,0.499,0.954,0.462,0.952,0.808,0.894,0.897,0.862,0.88,0.575,0.779,0.852,0.851,0.819,0.895,0.878,0.567,0.823,0.599,0.926,0.741,0.388,0.836,0.678,0.923,0.865,0.898,0.83,-0.168,0.623,0.883,0.437,0.931,0.783,0.845,0.469,0.902,0.636,0.662,0.928,0.501,0.857,0.606,0.879,0.346,-0.027,0.865,-0.157,0.933,0.893,0.681,0.814,0.864,0.926,0.845,0.884,0.756,0.624,-0.711,0.806,0.918,0.631,0.903,-0.635,0.825,0.945,0.934,0.757,0.881,0.892,0.835,0.897,0.784,0.906,0.816,0.027,0.583,0.755,0.635,0.734,0.731,-0.001,0.485,0.672,0.58,0.875
ADPT,0.001,-0.241,0.919,0.0,0.796,-0.146,0.714,0.455,0.771,0.851,0.124,-0.396,0.802,0.653,0.476,0.918,0.834,0.896,0.532,0.807,0.793,0.625,0.733,0.944,0.727,0.94,0.682,0.43,0.92,0.882,-0.19,0.853,0.853,-0.176,0.489,0.352,0.75,0.831,0.211,0.88,0.807,0.838,0.65,0.885,0.702,0.901,0.912,0.75,0.79,-0.245,0.334,0.738,0.906,-0.863,0.949,0.904,-0.292,0.844,0.784,0.81,0.757,0.48,0.9,0.781,0.596,0.683,0.229,0.256,0.518,0.869,0.522,0.84,0.924,0.906,-0.636,0.137,0.58,0.6,0.354,0.826,0.445,-0.321,0.73,0.024,0.617,0.881,-0.584,0.735,0.855,0.568,-0.46,0.688,0.935,0.542,-0.021,0.853,0.953,-0.269,0.714,-0.041,0.604,0.879,0.787,0.58,0.858,0.76,0.953,0.915,0.772,0.498,0.809,0.889,0.798,0.869,0.516,0.944,0.386,0.926,0.753,0.878,0.883,0.896,0.766,0.486,0.839,0.848,0.821,0.789,0.854,0.789,0.51,0.786,0.561,0.951,0.655,0.322,0.893,0.77,0.877,0.854,0.899,0.814,-0.299,0.615,0.917,0.355,0.928,0.704,0.903,0.508,0.918,0.559,0.749,0.899,0.379,0.896,0.407,0.881,0.241,-0.155,0.767,-0.059,0.956,0.897,0.642,0.866,0.864,0.893,0.832,0.768,0.772,0.553,-0.795,0.779,0.94,0.437,0.84,-0.719,0.758,0.943,0.866,0.685,0.878,0.833,0.839,0.775,0.749,0.837,0.874,0.035,0.518,0.575,0.561,0.686,0.685,-0.138,0.532,0.492,0.404,0.953
ADTN,0.311,0.092,0.838,0.796,0.0,0.192,0.73,0.759,0.798,0.936,0.454,-0.381,0.904,0.867,0.603,0.928,0.611,0.93,0.716,0.931,0.951,0.711,0.782,0.819,0.928,0.809,0.806,0.72,0.905,0.943,0.024,0.934,0.69,0.16,0.75,0.581,0.918,0.888,0.49,0.825,0.794,0.849,0.571,0.904,0.687,0.785,0.875,0.634,0.793,-0.084,0.616,0.94,0.872,-0.665,0.877,0.854,-0.481,0.909,0.959,0.771,0.937,0.731,0.776,0.94,0.879,0.762,-0.018,0.481,0.698,0.895,0.536,0.718,0.868,0.825,-0.532,0.038,0.821,0.9,0.611,0.93,0.578,-0.034,0.856,0.039,0.649,0.793,-0.481,0.942,0.808,0.654,-0.162,0.708,0.784,0.754,0.343,0.891,0.841,-0.001,0.87,-0.161,0.549,0.871,0.737,0.863,0.698,0.706,0.795,0.882,0.782,0.773,0.764,0.913,0.946,0.709,0.757,0.866,0.467,0.877,0.795,0.84,0.873,0.77,0.86,0.639,0.813,0.95,0.914,0.71,0.933,0.943,0.528,0.828,0.842,0.86,0.901,0.226,0.86,0.785,0.905,0.684,0.858,0.914,-0.04,0.721,0.862,0.62,0.849,0.914,0.897,0.594,0.918,0.824,0.728,0.873,0.7,0.894,0.643,0.907,0.353,0.101,0.91,-0.196,0.851,0.926,0.831,0.82,0.869,0.865,0.775,0.785,0.904,0.752,-0.715,0.938,0.84,0.651,0.926,-0.529,0.894,0.831,0.864,0.896,0.898,0.93,0.929,0.791,0.926,0.918,0.871,-0.082,0.755,0.785,0.668,0.922,0.882,0.317,0.719,0.709,0.724,0.801
AGEN,0.831,0.906,0.046,-0.146,0.192,0.0,0.172,0.279,-0.241,0.066,0.864,0.028,0.032,0.497,-0.002,0.053,-0.417,-0.01,0.538,0.118,0.177,-0.017,0.275,-0.16,0.199,0.025,-0.105,0.616,-0.003,0.119,-0.127,0.271,-0.002,0.753,0.594,0.303,0.243,0.22,0.714,-0.2,-0.329,-0.22,-0.432,0.168,-0.034,-0.214,-0.086,-0.369,-0.066,0.122,0.396,0.238,-0.16,0.209,-0.124,0.04,-0.037,-0.07,0.16,0.235,0.175,0.143,0.052,0.216,0.468,0.001,-0.61,0.549,0.71,0.028,-0.429,0.042,0.019,-0.024,0.32,0.005,0.307,0.424,0.573,0.12,0.524,0.783,0.376,0.53,-0.376,0.015,0.537,0.358,0.179,0.497,0.862,0.128,-0.025,0.116,0.911,0.1,-0.143,0.899,0.454,-0.156,0.374,0.088,-0.099,0.193,-0.346,-0.402,-0.217,0.072,0.235,0.535,0.081,0.014,0.218,-0.159,0.102,0.027,0.577,0.053,0.253,-0.061,-0.048,-0.029,0.369,0.576,-0.285,0.101,0.084,-0.187,0.214,0.25,0.214,0.383,0.455,-0.117,0.406,-0.152,-0.197,-0.289,0.005,-0.296,-0.041,0.131,0.2,-0.155,-0.113,0.701,-0.131,0.308,-0.099,-0.192,0.038,0.587,0.032,0.09,0.271,-0.152,0.657,-0.04,-0.069,0.371,0.304,-0.469,-0.056,0.03,0.486,-0.138,-0.126,-0.061,0.209,0.32,-0.016,0.371,0.338,0.158,-0.226,0.594,0.187,0.186,0.332,-0.039,0.238,0.355,0.105,0.273,0.147,0.372,0.271,0.228,-0.083,0.055,0.627,0.531,0.52,0.249,0.22,0.592,0.271,0.661,0.686,-0.265
ALGN,0.317,0.077,0.847,0.714,0.73,0.172,0.0,0.385,0.529,0.659,0.301,0.011,0.636,0.719,0.658,0.715,0.576,0.717,0.642,0.621,0.668,0.494,0.727,0.723,0.592,0.801,0.56,0.483,0.706,0.748,-0.014,0.781,0.758,0.182,0.677,0.509,0.612,0.749,0.403,0.691,0.651,0.572,0.342,0.819,0.618,0.628,0.673,0.537,0.665,-0.016,0.48,0.669,0.652,-0.409,0.685,0.779,-0.068,0.741,0.673,0.692,0.645,0.469,0.785,0.64,0.604,0.701,0.075,0.456,0.621,0.668,0.172,0.841,0.738,0.828,-0.275,0.071,0.51,0.621,0.64,0.708,0.648,0.032,0.733,0.275,0.364,0.75,-0.397,0.702,0.834,0.558,-0.044,0.534,0.792,0.507,0.221,0.765,0.74,0.051,0.701,0.147,0.807,0.75,0.723,0.483,0.609,0.453,0.723,0.814,0.764,0.611,0.859,0.743,0.746,0.767,0.352,0.773,0.416,0.767,0.724,0.75,0.698,0.682,0.759,0.519,0.598,0.662,0.675,0.674,0.738,0.749,0.721,0.679,0.485,0.711,0.639,0.436,0.609,0.453,0.821,0.725,0.69,0.627,-0.017,0.582,0.682,0.414,0.788,0.651,0.619,0.277,0.716,0.564,0.503,0.832,0.468,0.639,0.607,0.671,0.378,0.019,0.79,-0.165,0.733,0.772,0.6,0.659,0.713,0.794,0.683,0.862,0.546,0.544,-0.442,0.631,0.733,0.686,0.791,-0.375,0.682,0.781,0.816,0.668,0.7,0.736,0.635,0.836,0.665,0.764,0.645,-0.006,0.533,0.735,0.627,0.601,0.621,0.182,0.311,0.639,0.66,0.663
ALLK,0.372,0.269,0.466,0.455,0.759,0.279,0.385,0.0,0.708,0.75,0.481,-0.304,0.786,0.75,0.367,0.695,0.331,0.7,0.557,0.781,0.778,0.523,0.613,0.498,0.839,0.461,0.69,0.642,0.631,0.661,0.024,0.652,0.348,0.191,0.572,0.573,0.759,0.652,0.428,0.588,0.537,0.705,0.488,0.578,0.54,0.574,0.637,0.512,0.607,-0.103,0.608,0.803,0.668,-0.392,0.588,0.527,-0.723,0.668,0.806,0.45,0.82,0.735,0.379,0.801,0.797,0.63,-0.051,0.397,0.578,0.733,0.595,0.331,0.521,0.448,-0.454,-0.015,0.759,0.843,0.451,0.713,0.377,0.039,0.629,-0.122,0.624,0.511,-0.338,0.786,0.529,0.445,-0.052,0.473,0.469,0.758,0.405,0.64,0.55,0.052,0.681,-0.216,0.184,0.58,0.491,0.896,0.414,0.583,0.457,0.548,0.431,0.709,0.362,0.675,0.729,0.412,0.84,0.542,0.237,0.54,0.607,0.535,0.651,0.431,0.62,0.489,0.605,0.759,0.726,0.413,0.673,0.743,0.372,0.546,0.809,0.598,0.801,0.088,0.617,0.693,0.626,0.362,0.639,0.757,0.205,0.643,0.582,0.64,0.531,0.781,0.688,0.629,0.677,0.694,0.574,0.518,0.707,0.675,0.55,0.695,0.414,0.339,0.663,-0.093,0.522,0.639,0.693,0.585,0.597,0.564,0.451,0.487,0.729,0.722,-0.579,0.802,0.527,0.535,0.659,-0.252,0.668,0.472,0.495,0.787,0.615,0.684,0.757,0.462,0.771,0.702,0.684,0.088,0.633,0.602,0.446,0.847,0.808,0.541,0.809,0.636,0.634,0.504
AMD,-0.069,-0.221,0.706,0.771,0.798,-0.241,0.529,0.708,0.0,0.847,-0.002,-0.255,0.867,0.593,0.548,0.848,0.764,0.858,0.408,0.837,0.804,0.682,0.645,0.822,0.806,0.682,0.887,0.353,0.831,0.782,0.088,0.708,0.616,-0.29,0.352,0.559,0.73,0.689,0.079,0.916,0.849,0.945,0.791,0.698,0.65,0.856,0.829,0.893,0.806,-0.206,0.421,0.791,0.923,-0.673,0.866,0.696,-0.581,0.86,0.843,0.505,0.846,0.72,0.604,0.784,0.632,0.685,0.314,0.274,0.325,0.85,0.828,0.577,0.727,0.688,-0.661,0.042,0.695,0.691,0.263,0.801,0.256,-0.343,0.55,-0.259,0.903,0.743,-0.756,0.726,0.665,0.26,-0.585,0.507,0.745,0.751,-0.086,0.785,0.842,-0.446,0.57,-0.147,0.219,0.735,0.772,0.816,0.818,0.933,0.785,0.733,0.455,0.469,0.585,0.85,0.74,0.754,0.802,0.753,0.015,0.734,0.593,0.772,0.854,0.656,0.61,0.23,0.924,0.828,0.812,0.697,0.709,0.767,0.363,0.519,0.597,0.852,0.654,0.358,0.875,0.944,0.815,0.793,0.834,0.838,0.007,0.749,0.856,0.337,0.826,0.74,0.899,0.77,0.82,0.49,0.608,0.702,0.656,0.919,0.303,0.902,0.526,0.115,0.673,0.211,0.755,0.797,0.512,0.878,0.83,0.815,0.538,0.562,0.838,0.582,-0.842,0.817,0.868,0.36,0.737,-0.486,0.605,0.713,0.616,0.696,0.721,0.704,0.786,0.532,0.737,0.721,0.848,0.077,0.394,0.451,0.258,0.798,0.783,0.089,0.684,0.398,0.331,0.853
AMWD,0.217,-0.001,0.85,0.851,0.936,0.066,0.659,0.75,0.847,0.0,0.351,-0.504,0.959,0.808,0.515,0.966,0.695,0.98,0.688,0.966,0.977,0.707,0.807,0.862,0.955,0.845,0.832,0.706,0.951,0.961,-0.122,0.927,0.709,0.046,0.638,0.559,0.944,0.918,0.354,0.863,0.815,0.915,0.683,0.898,0.691,0.894,0.957,0.724,0.814,-0.136,0.585,0.947,0.95,-0.806,0.939,0.893,-0.552,0.934,0.964,0.805,0.953,0.707,0.8,0.968,0.866,0.739,-0.026,0.375,0.637,0.962,0.658,0.743,0.894,0.834,-0.69,0.06,0.827,0.862,0.521,0.948,0.526,-0.201,0.856,-0.091,0.753,0.844,-0.554,0.935,0.821,0.635,-0.322,0.768,0.838,0.808,0.192,0.929,0.904,-0.131,0.86,-0.189,0.476,0.909,0.726,0.876,0.766,0.815,0.858,0.903,0.77,0.748,0.726,0.955,0.923,0.762,0.773,0.9,0.425,0.919,0.818,0.884,0.929,0.814,0.843,0.581,0.867,0.992,0.977,0.756,0.945,0.945,0.465,0.818,0.835,0.927,0.895,0.197,0.935,0.885,0.914,0.746,0.921,0.971,-0.097,0.767,0.927,0.571,0.894,0.911,0.948,0.647,0.96,0.783,0.767,0.858,0.652,0.951,0.591,0.971,0.321,0.073,0.879,-0.121,0.902,0.946,0.818,0.839,0.883,0.873,0.789,0.732,0.941,0.74,-0.829,0.967,0.895,0.579,0.92,-0.597,0.907,0.864,0.845,0.91,0.951,0.947,0.971,0.774,0.911,0.942,0.902,-0.061,0.678,0.749,0.628,0.93,0.925,0.247,0.736,0.663,0.651,0.88
ARDX,0.719,0.758,0.235,0.124,0.454,0.864,0.301,0.481,-0.002,0.351,0.0,-0.297,0.261,0.688,0.059,0.322,-0.183,0.279,0.614,0.376,0.45,0.163,0.386,0.085,0.455,0.23,0.076,0.829,0.263,0.394,-0.144,0.518,0.175,0.76,0.729,0.307,0.49,0.431,0.802,0.018,-0.045,0.058,-0.24,0.413,0.148,0.055,0.201,-0.219,0.086,0.146,0.549,0.445,0.097,-0.051,0.168,0.297,-0.242,0.198,0.403,0.495,0.391,0.257,0.285,0.475,0.633,0.278,-0.587,0.527,0.825,0.306,-0.237,0.201,0.272,0.235,0.042,0.013,0.528,0.597,0.616,0.352,0.551,0.611,0.567,0.503,-0.187,0.194,0.421,0.57,0.294,0.666,0.729,0.437,0.17,0.219,0.901,0.329,0.104,0.783,0.654,-0.289,0.429,0.327,0.023,0.447,-0.14,-0.161,0.046,0.297,0.468,0.677,0.213,0.253,0.471,-0.008,0.282,0.267,0.754,0.291,0.461,0.185,0.195,0.245,0.564,0.743,-0.031,0.386,0.351,0.018,0.484,0.453,0.305,0.598,0.726,0.152,0.609,-0.198,0.108,-0.007,0.242,-0.15,0.195,0.382,0.019,0.117,0.152,0.79,0.126,0.491,0.197,-0.001,0.319,0.785,0.322,0.334,0.332,0.126,0.672,0.217,-0.099,0.303,0.498,-0.493,0.221,0.335,0.728,0.107,0.1,0.124,0.468,0.434,0.266,0.506,0.054,0.398,0.027,0.623,0.41,-0.035,0.565,0.221,0.465,0.586,0.414,0.512,0.461,0.494,0.53,0.474,0.195,-0.069,0.784,0.646,0.715,0.471,0.435,0.608,0.486,0.732,0.811,0.036
ARQT,0.051,0.021,-0.236,-0.396,-0.381,0.028,0.011,-0.304,-0.255,-0.504,-0.297,0.0,-0.361,-0.289,0.181,-0.421,-0.346,-0.438,-0.261,-0.491,-0.482,-0.303,-0.172,-0.324,-0.477,-0.313,-0.2,-0.489,-0.448,-0.452,0.269,-0.433,-0.189,-0.128,-0.213,0.033,-0.485,-0.371,-0.125,-0.219,-0.303,-0.363,-0.188,-0.346,-0.136,-0.461,-0.491,-0.071,-0.188,0.053,-0.246,-0.37,-0.393,0.64,-0.48,-0.446,0.307,-0.308,-0.42,-0.536,-0.346,-0.084,-0.414,-0.504,-0.371,-0.264,0.221,-0.041,-0.309,-0.442,-0.29,-0.238,-0.438,-0.328,0.61,-0.067,-0.471,-0.314,-0.139,-0.399,-0.175,0.117,-0.394,0.054,-0.22,-0.265,-0.022,-0.392,-0.171,-0.477,0.153,-0.677,-0.291,-0.184,-0.069,-0.42,-0.355,-0.026,-0.445,0.339,-0.017,-0.466,-0.012,-0.364,-0.243,-0.313,-0.375,-0.367,-0.375,-0.254,-0.176,-0.338,-0.344,-0.153,-0.256,-0.36,-0.416,-0.434,-0.387,-0.361,-0.317,-0.501,-0.305,-0.311,-0.345,-0.513,-0.465,-0.27,-0.493,-0.321,-0.08,-0.478,-0.548,-0.383,-0.441,0.338,-0.524,-0.413,-0.281,-0.123,-0.354,-0.467,0.509,-0.227,-0.414,-0.231,-0.32,-0.351,-0.47,-0.238,-0.452,-0.475,-0.418,-0.307,-0.026,-0.415,-0.156,-0.427,0.328,0.122,-0.285,0.122,-0.439,-0.468,-0.522,-0.287,-0.255,-0.171,-0.499,-0.102,-0.48,-0.22,0.504,-0.457,-0.324,0.034,-0.342,0.481,-0.485,-0.378,-0.382,-0.427,-0.572,-0.444,-0.565,-0.204,-0.405,-0.393,-0.394,0.288,-0.387,-0.243,-0.438,-0.404,-0.403,-0.013,-0.418,-0.09,-0.265,-0.433
ASTE,0.22,-0.039,0.815,0.802,0.904,0.032,0.636,0.786,0.867,0.959,0.261,-0.361,0.0,0.778,0.57,0.939,0.67,0.954,0.639,0.946,0.937,0.733,0.822,0.844,0.948,0.816,0.854,0.603,0.903,0.907,-0.037,0.856,0.678,-0.027,0.583,0.61,0.919,0.888,0.295,0.875,0.812,0.926,0.759,0.852,0.748,0.851,0.922,0.773,0.882,-0.203,0.533,0.96,0.946,-0.735,0.889,0.83,-0.577,0.929,0.96,0.681,0.964,0.784,0.707,0.949,0.863,0.75,0.087,0.364,0.554,0.922,0.725,0.688,0.832,0.768,-0.637,0.054,0.772,0.87,0.466,0.941,0.49,-0.262,0.83,-0.22,0.823,0.836,-0.649,0.907,0.834,0.552,-0.371,0.63,0.801,0.882,0.153,0.876,0.887,-0.201,0.798,-0.047,0.445,0.848,0.758,0.874,0.757,0.84,0.833,0.857,0.701,0.741,0.714,0.943,0.901,0.756,0.82,0.865,0.258,0.863,0.775,0.845,0.906,0.72,0.788,0.508,0.862,0.959,0.945,0.721,0.884,0.943,0.451,0.723,0.748,0.898,0.889,0.272,0.893,0.9,0.902,0.759,0.901,0.934,0.061,0.779,0.895,0.512,0.867,0.92,0.911,0.708,0.933,0.683,0.745,0.807,0.718,0.938,0.607,0.94,0.393,0.075,0.855,-0.141,0.847,0.888,0.75,0.819,0.912,0.891,0.667,0.714,0.931,0.773,-0.826,0.966,0.886,0.595,0.886,-0.511,0.859,0.805,0.76,0.863,0.862,0.893,0.908,0.709,0.886,0.908,0.918,0.038,0.62,0.713,0.524,0.943,0.901,0.279,0.735,0.663,0.592,0.832
AUPH,0.566,0.39,0.759,0.653,0.867,0.497,0.719,0.75,0.593,0.808,0.688,-0.289,0.778,0.0,0.523,0.833,0.431,0.798,0.795,0.804,0.842,0.56,0.768,0.682,0.832,0.724,0.595,0.788,0.775,0.835,-0.142,0.904,0.642,0.348,0.853,0.553,0.816,0.847,0.637,0.626,0.54,0.644,0.29,0.857,0.608,0.626,0.722,0.441,0.653,-0.122,0.65,0.856,0.7,-0.504,0.716,0.77,-0.455,0.742,0.847,0.788,0.848,0.61,0.73,0.856,0.875,0.724,-0.22,0.582,0.854,0.795,0.253,0.665,0.755,0.737,-0.354,0.055,0.792,0.876,0.707,0.803,0.696,0.223,0.854,0.285,0.403,0.7,-0.186,0.912,0.802,0.732,0.172,0.622,0.71,0.612,0.627,0.792,0.707,0.324,0.932,-0.232,0.672,0.79,0.629,0.772,0.467,0.462,0.642,0.804,0.74,0.804,0.66,0.787,0.879,0.581,0.644,0.769,0.61,0.778,0.849,0.715,0.742,0.695,0.897,0.743,0.593,0.836,0.816,0.557,0.871,0.88,0.564,0.85,0.861,0.719,0.888,0.126,0.663,0.546,0.775,0.492,0.736,0.81,-0.011,0.601,0.707,0.727,0.71,0.851,0.731,0.425,0.828,0.889,0.645,0.792,0.624,0.703,0.793,0.748,0.275,0.196,0.905,-0.323,0.741,0.797,0.902,0.658,0.67,0.711,0.768,0.821,0.706,0.777,-0.519,0.825,0.648,0.783,0.82,-0.425,0.837,0.724,0.833,0.892,0.813,0.892,0.854,0.826,0.864,0.891,0.741,-0.007,0.822,0.838,0.786,0.854,0.787,0.433,0.71,0.897,0.834,0.629
AVXL,0.191,-0.077,0.594,0.476,0.603,-0.002,0.658,0.367,0.548,0.515,0.059,0.181,0.57,0.523,0.0,0.528,0.482,0.578,0.472,0.513,0.55,0.369,0.391,0.539,0.464,0.506,0.54,0.164,0.528,0.573,0.095,0.51,0.486,-0.112,0.458,0.317,0.406,0.588,0.112,0.566,0.612,0.546,0.378,0.57,0.58,0.465,0.497,0.471,0.578,0.068,0.255,0.551,0.556,-0.254,0.537,0.557,-0.093,0.701,0.583,0.433,0.562,0.381,0.517,0.494,0.453,0.574,0.045,0.272,0.298,0.473,0.238,0.559,0.548,0.665,-0.155,-0.029,0.439,0.486,0.481,0.513,0.484,-0.107,0.497,0.074,0.505,0.489,-0.559,0.528,0.541,0.117,-0.215,0.233,0.499,0.486,0.072,0.596,0.581,-0.215,0.466,0.068,0.48,0.583,0.692,0.442,0.519,0.548,0.555,0.58,0.488,0.381,0.564,0.566,0.618,0.539,0.362,0.495,0.037,0.549,0.573,0.659,0.558,0.372,0.434,0.14,0.63,0.528,0.572,0.664,0.511,0.588,0.382,0.37,0.3,0.502,0.476,0.2,0.531,0.481,0.677,0.64,0.515,0.474,0.035,0.537,0.55,0.185,0.639,0.481,0.486,0.204,0.569,0.347,0.31,0.53,0.48,0.574,0.352,0.529,0.443,-0.036,0.646,0.029,0.517,0.554,0.36,0.527,0.681,0.676,0.381,0.547,0.46,0.295,-0.437,0.511,0.618,0.371,0.559,-0.376,0.414,0.56,0.482,0.521,0.497,0.557,0.427,0.531,0.443,0.548,0.596,-0.33,0.211,0.45,0.204,0.527,0.434,0.116,0.182,0.443,0.337,0.516
AZTA,0.202,-0.029,0.914,0.918,0.928,0.053,0.715,0.695,0.848,0.966,0.322,-0.421,0.939,0.833,0.528,0.0,0.756,0.973,0.669,0.939,0.932,0.712,0.84,0.922,0.912,0.911,0.809,0.636,0.97,0.962,-0.11,0.947,0.807,-0.004,0.655,0.543,0.911,0.917,0.375,0.904,0.821,0.908,0.672,0.94,0.731,0.903,0.954,0.764,0.853,-0.215,0.532,0.919,0.959,-0.822,0.962,0.913,-0.496,0.917,0.939,0.821,0.934,0.69,0.857,0.936,0.819,0.764,0.094,0.415,0.651,0.962,0.606,0.798,0.919,0.875,-0.645,0.091,0.776,0.826,0.498,0.938,0.545,-0.183,0.843,-0.024,0.716,0.9,-0.566,0.911,0.889,0.657,-0.328,0.721,0.904,0.736,0.193,0.924,0.95,-0.127,0.857,-0.149,0.586,0.914,0.806,0.805,0.815,0.796,0.911,0.943,0.785,0.701,0.79,0.972,0.919,0.828,0.735,0.958,0.428,0.944,0.825,0.894,0.944,0.876,0.886,0.597,0.865,0.968,0.944,0.762,0.943,0.94,0.521,0.844,0.776,0.966,0.858,0.289,0.928,0.848,0.928,0.798,0.934,0.949,-0.107,0.739,0.949,0.546,0.926,0.888,0.957,0.649,0.981,0.753,0.78,0.909,0.619,0.951,0.607,0.961,0.324,0.032,0.891,-0.142,0.94,0.951,0.804,0.89,0.897,0.916,0.831,0.821,0.904,0.746,-0.816,0.938,0.929,0.605,0.924,-0.627,0.883,0.911,0.9,0.864,0.934,0.937,0.957,0.829,0.909,0.946,0.927,0.049,0.684,0.733,0.646,0.891,0.865,0.135,0.718,0.68,0.606,0.916
BAND,-0.142,-0.363,0.743,0.834,0.611,-0.417,0.576,0.331,0.764,0.695,-0.183,-0.346,0.67,0.431,0.482,0.756,0.0,0.761,0.379,0.683,0.632,0.461,0.485,0.805,0.566,0.748,0.668,0.124,0.777,0.732,-0.082,0.646,0.773,-0.328,0.296,0.211,0.523,0.643,-0.107,0.822,0.856,0.764,0.626,0.68,0.574,0.875,0.791,0.787,0.642,-0.133,0.298,0.563,0.824,-0.754,0.861,0.763,-0.24,0.745,0.643,0.605,0.6,0.321,0.783,0.597,0.375,0.684,0.419,0.203,0.246,0.725,0.584,0.778,0.738,0.797,-0.65,0.158,0.536,0.387,0.304,0.662,0.398,-0.379,0.485,-0.071,0.696,0.744,-0.683,0.544,0.637,0.226,-0.677,0.599,0.814,0.438,-0.34,0.782,0.863,-0.511,0.499,-0.037,0.436,0.773,0.78,0.421,0.877,0.829,0.869,0.751,0.54,0.23,0.691,0.727,0.553,0.872,0.418,0.732,0.041,0.764,0.642,0.803,0.757,0.776,0.506,0.055,0.862,0.685,0.696,0.805,0.657,0.604,0.449,0.482,0.348,0.813,0.452,0.348,0.853,0.767,0.777,0.88,0.703,0.673,-0.347,0.636,0.804,0.088,0.846,0.478,0.769,0.456,0.766,0.324,0.455,0.661,0.306,0.801,0.239,0.749,0.264,-0.154,0.574,0.291,0.784,0.779,0.369,0.785,0.733,0.751,0.676,0.582,0.615,0.238,-0.79,0.614,0.878,0.172,0.669,-0.668,0.504,0.789,0.651,0.543,0.703,0.605,0.654,0.56,0.502,0.647,0.761,-0.027,0.208,0.373,0.249,0.542,0.561,-0.277,0.289,0.209,0.159,0.896
BECN,0.162,-0.096,0.888,0.896,0.93,-0.01,0.717,0.7,0.858,0.98,0.279,-0.438,0.954,0.798,0.578,0.973,0.761,0.0,0.648,0.938,0.951,0.708,0.793,0.915,0.921,0.89,0.818,0.62,0.959,0.963,-0.116,0.925,0.753,-0.032,0.627,0.51,0.906,0.926,0.308,0.894,0.856,0.932,0.697,0.926,0.763,0.91,0.965,0.755,0.855,-0.174,0.516,0.92,0.966,-0.811,0.963,0.925,-0.509,0.964,0.95,0.818,0.931,0.661,0.843,0.938,0.811,0.781,0.059,0.332,0.593,0.957,0.638,0.786,0.928,0.891,-0.68,0.091,0.763,0.814,0.505,0.936,0.524,-0.275,0.851,-0.083,0.751,0.856,-0.612,0.903,0.856,0.605,-0.384,0.734,0.871,0.767,0.133,0.933,0.948,-0.197,0.835,-0.126,0.534,0.922,0.784,0.821,0.796,0.838,0.915,0.931,0.799,0.701,0.77,0.959,0.926,0.811,0.717,0.931,0.397,0.94,0.83,0.928,0.942,0.835,0.825,0.553,0.903,0.979,0.966,0.807,0.941,0.934,0.511,0.813,0.761,0.957,0.856,0.225,0.949,0.882,0.942,0.807,0.94,0.94,-0.132,0.792,0.948,0.494,0.945,0.874,0.954,0.617,0.979,0.725,0.794,0.893,0.601,0.969,0.547,0.965,0.327,-0.031,0.884,-0.13,0.943,0.958,0.79,0.864,0.928,0.923,0.802,0.759,0.916,0.71,-0.849,0.942,0.94,0.563,0.915,-0.651,0.873,0.912,0.856,0.876,0.951,0.938,0.948,0.789,0.885,0.94,0.942,-0.06,0.618,0.71,0.615,0.893,0.873,0.173,0.678,0.64,0.591,0.925
BFC,0.7,0.501,0.696,0.532,0.716,0.538,0.642,0.557,0.408,0.688,0.614,-0.261,0.639,0.795,0.472,0.669,0.379,0.648,0.0,0.712,0.749,0.257,0.662,0.477,0.672,0.63,0.531,0.694,0.677,0.749,-0.329,0.782,0.613,0.414,0.812,0.427,0.69,0.806,0.473,0.453,0.403,0.453,0.147,0.717,0.369,0.566,0.647,0.337,0.464,0.058,0.692,0.731,0.568,-0.447,0.602,0.703,-0.203,0.607,0.711,0.732,0.712,0.412,0.708,0.728,0.793,0.51,-0.396,0.628,0.807,0.622,0.13,0.73,0.662,0.67,-0.262,0.041,0.789,0.748,0.843,0.697,0.867,0.312,0.787,0.301,0.321,0.644,-0.14,0.826,0.694,0.628,0.197,0.646,0.654,0.573,0.49,0.776,0.588,0.346,0.889,-0.252,0.662,0.778,0.574,0.545,0.456,0.351,0.529,0.713,0.71,0.679,0.652,0.666,0.72,0.583,0.429,0.627,0.551,0.721,0.783,0.665,0.659,0.58,0.774,0.553,0.496,0.695,0.721,0.628,0.776,0.77,0.396,0.748,0.73,0.574,0.783,0.059,0.569,0.407,0.699,0.489,0.589,0.709,-0.147,0.388,0.569,0.693,0.607,0.717,0.57,0.171,0.682,0.8,0.331,0.606,0.516,0.573,0.82,0.626,0.215,0.284,0.784,-0.157,0.61,0.672,0.735,0.457,0.52,0.574,0.75,0.744,0.525,0.499,-0.4,0.691,0.534,0.655,0.756,-0.43,0.765,0.642,0.747,0.836,0.726,0.815,0.695,0.795,0.638,0.806,0.522,-0.137,0.693,0.882,0.633,0.712,0.717,0.296,0.41,0.799,0.807,0.493
BGC,0.283,0.088,0.813,0.807,0.931,0.118,0.621,0.781,0.837,0.966,0.376,-0.491,0.946,0.804,0.513,0.939,0.683,0.938,0.712,0.0,0.973,0.701,0.805,0.794,0.963,0.804,0.849,0.697,0.919,0.943,-0.05,0.904,0.723,0.107,0.642,0.604,0.94,0.876,0.367,0.847,0.805,0.872,0.673,0.866,0.636,0.859,0.916,0.706,0.777,-0.107,0.656,0.955,0.915,-0.759,0.899,0.841,-0.546,0.897,0.969,0.734,0.956,0.751,0.75,0.975,0.89,0.737,-0.001,0.478,0.667,0.929,0.665,0.72,0.831,0.779,-0.643,0.03,0.882,0.9,0.551,0.95,0.569,-0.094,0.834,-0.066,0.745,0.839,-0.537,0.94,0.778,0.612,-0.279,0.749,0.819,0.822,0.221,0.914,0.857,-0.096,0.858,-0.163,0.459,0.898,0.733,0.871,0.749,0.798,0.797,0.855,0.719,0.763,0.727,0.927,0.891,0.758,0.807,0.848,0.366,0.874,0.811,0.825,0.884,0.758,0.824,0.529,0.832,0.969,0.945,0.716,0.923,0.941,0.433,0.766,0.845,0.873,0.916,0.258,0.899,0.869,0.89,0.725,0.862,0.969,-0.03,0.732,0.889,0.629,0.835,0.921,0.909,0.676,0.93,0.792,0.684,0.789,0.724,0.911,0.638,0.939,0.326,0.177,0.854,-0.087,0.836,0.923,0.791,0.824,0.842,0.839,0.754,0.739,0.927,0.713,-0.79,0.973,0.863,0.599,0.92,-0.553,0.901,0.801,0.818,0.902,0.903,0.914,0.95,0.746,0.91,0.916,0.883,-0.009,0.698,0.773,0.579,0.951,0.936,0.301,0.742,0.66,0.674,0.82
BHF,0.32,0.112,0.819,0.793,0.951,0.177,0.668,0.778,0.804,0.977,0.45,-0.482,0.937,0.842,0.55,0.932,0.632,0.951,0.749,0.973,0.0,0.688,0.787,0.794,0.967,0.799,0.822,0.763,0.916,0.96,-0.069,0.926,0.68,0.165,0.704,0.59,0.947,0.915,0.414,0.814,0.794,0.865,0.617,0.887,0.661,0.84,0.916,0.65,0.763,-0.047,0.666,0.959,0.897,-0.723,0.894,0.867,-0.52,0.921,0.978,0.791,0.951,0.714,0.773,0.98,0.914,0.746,-0.106,0.456,0.695,0.918,0.598,0.719,0.857,0.812,-0.618,0.032,0.878,0.915,0.612,0.953,0.595,-0.089,0.877,-0.009,0.7,0.803,-0.497,0.956,0.783,0.649,-0.202,0.782,0.793,0.814,0.292,0.925,0.85,-0.043,0.888,-0.184,0.482,0.902,0.704,0.895,0.702,0.761,0.796,0.872,0.776,0.799,0.719,0.923,0.934,0.712,0.776,0.853,0.454,0.885,0.834,0.857,0.884,0.762,0.841,0.587,0.826,0.982,0.965,0.729,0.949,0.952,0.461,0.813,0.881,0.865,0.936,0.18,0.891,0.84,0.904,0.691,0.872,0.961,-0.07,0.754,0.88,0.63,0.849,0.93,0.905,0.604,0.93,0.832,0.717,0.822,0.705,0.906,0.645,0.935,0.306,0.155,0.901,-0.134,0.851,0.941,0.841,0.802,0.853,0.841,0.774,0.739,0.926,0.729,-0.768,0.968,0.846,0.623,0.933,-0.546,0.926,0.822,0.839,0.937,0.934,0.952,0.954,0.776,0.916,0.939,0.868,-0.106,0.726,0.805,0.639,0.955,0.934,0.349,0.736,0.704,0.731,0.814
BHFAL,-0.004,-0.093,0.607,0.625,0.711,-0.017,0.494,0.523,0.682,0.707,0.163,-0.303,0.733,0.56,0.369,0.712,0.461,0.708,0.257,0.701,0.688,0.0,0.692,0.734,0.746,0.625,0.622,0.502,0.656,0.642,0.252,0.668,0.477,-0.024,0.316,0.672,0.712,0.571,0.351,0.748,0.633,0.718,0.637,0.659,0.61,0.566,0.638,0.563,0.764,-0.311,0.32,0.753,0.695,-0.509,0.662,0.584,-0.341,0.691,0.746,0.458,0.71,0.744,0.469,0.733,0.649,0.559,0.22,0.249,0.392,0.688,0.562,0.431,0.627,0.502,-0.467,-0.004,0.466,0.691,0.177,0.76,0.18,-0.173,0.638,-0.216,0.575,0.632,-0.503,0.644,0.642,0.535,-0.269,0.415,0.571,0.66,0.169,0.577,0.641,-0.148,0.517,0.173,0.297,0.557,0.518,0.708,0.494,0.618,0.604,0.628,0.486,0.621,0.611,0.707,0.665,0.511,0.668,0.667,0.197,0.618,0.481,0.548,0.565,0.521,0.583,0.454,0.603,0.727,0.683,0.357,0.635,0.698,0.476,0.549,0.528,0.661,0.674,0.392,0.634,0.683,0.663,0.537,0.693,0.691,0.178,0.546,0.697,0.343,0.62,0.765,0.684,0.686,0.674,0.48,0.708,0.691,0.624,0.691,0.375,0.727,0.238,0.0,0.648,-0.232,0.635,0.703,0.607,0.714,0.73,0.704,0.403,0.533,0.793,0.772,-0.594,0.742,0.681,0.56,0.678,-0.303,0.677,0.558,0.588,0.553,0.607,0.629,0.68,0.473,0.742,0.609,0.721,0.113,0.586,0.467,0.455,0.716,0.667,0.339,0.671,0.439,0.439,0.607
BKNG,0.407,0.207,0.846,0.733,0.782,0.275,0.727,0.613,0.645,0.807,0.386,-0.172,0.822,0.768,0.391,0.84,0.485,0.793,0.662,0.805,0.787,0.692,0.0,0.737,0.807,0.808,0.732,0.684,0.8,0.798,-0.065,0.847,0.762,0.202,0.603,0.766,0.85,0.789,0.467,0.774,0.576,0.696,0.609,0.822,0.553,0.694,0.78,0.677,0.753,-0.212,0.613,0.858,0.771,-0.582,0.725,0.729,-0.369,0.732,0.807,0.625,0.843,0.806,0.678,0.83,0.823,0.609,0.063,0.496,0.71,0.827,0.488,0.727,0.719,0.65,-0.421,0.028,0.656,0.835,0.478,0.847,0.53,0.005,0.798,-0.018,0.553,0.893,-0.443,0.848,0.878,0.704,-0.087,0.547,0.822,0.789,0.301,0.76,0.76,0.086,0.79,0.071,0.614,0.732,0.664,0.709,0.637,0.566,0.687,0.807,0.673,0.817,0.776,0.878,0.796,0.761,0.691,0.836,0.415,0.792,0.704,0.67,0.788,0.672,0.892,0.656,0.585,0.801,0.779,0.517,0.806,0.886,0.526,0.734,0.682,0.798,0.819,0.534,0.66,0.634,0.796,0.678,0.805,0.844,0.222,0.56,0.762,0.64,0.732,0.877,0.732,0.646,0.786,0.68,0.653,0.8,0.716,0.733,0.741,0.814,0.422,0.262,0.793,-0.258,0.74,0.783,0.697,0.716,0.72,0.797,0.669,0.84,0.767,0.837,-0.544,0.834,0.748,0.838,0.853,-0.313,0.855,0.731,0.81,0.75,0.742,0.817,0.812,0.81,0.852,0.852,0.696,0.331,0.735,0.82,0.623,0.802,0.833,0.361,0.654,0.776,0.722,0.651
BL,-0.036,-0.28,0.904,0.944,0.819,-0.16,0.723,0.498,0.822,0.862,0.085,-0.324,0.844,0.682,0.539,0.922,0.805,0.915,0.477,0.794,0.794,0.734,0.737,0.0,0.765,0.916,0.699,0.411,0.909,0.859,-0.092,0.844,0.771,-0.245,0.474,0.422,0.765,0.822,0.196,0.909,0.828,0.89,0.677,0.89,0.771,0.87,0.897,0.781,0.889,-0.321,0.27,0.785,0.924,-0.807,0.939,0.886,-0.336,0.882,0.816,0.769,0.79,0.552,0.851,0.791,0.626,0.688,0.247,0.194,0.45,0.875,0.561,0.775,0.925,0.883,-0.639,0.127,0.542,0.631,0.311,0.85,0.368,-0.363,0.733,-0.079,0.677,0.84,-0.628,0.734,0.88,0.553,-0.478,0.597,0.898,0.594,0.013,0.823,0.956,-0.292,0.692,-0.031,0.567,0.842,0.794,0.646,0.812,0.787,0.954,0.914,0.73,0.502,0.8,0.897,0.825,0.824,0.566,0.943,0.321,0.903,0.717,0.878,0.878,0.859,0.754,0.491,0.863,0.865,0.839,0.769,0.841,0.812,0.565,0.763,0.545,0.953,0.68,0.316,0.889,0.797,0.871,0.838,0.931,0.803,-0.197,0.673,0.911,0.287,0.937,0.745,0.913,0.573,0.917,0.535,0.787,0.927,0.434,0.92,0.393,0.899,0.303,-0.203,0.802,-0.125,0.952,0.88,0.658,0.895,0.912,0.927,0.746,0.745,0.812,0.658,-0.838,0.805,0.94,0.471,0.823,-0.666,0.738,0.911,0.832,0.679,0.851,0.828,0.828,0.737,0.767,0.824,0.908,0.034,0.494,0.528,0.564,0.725,0.688,-0.071,0.585,0.515,0.378,0.95
BOKF,0.301,0.136,0.746,0.727,0.928,0.199,0.592,0.839,0.806,0.955,0.455,-0.477,0.948,0.832,0.464,0.912,0.566,0.921,0.672,0.963,0.967,0.746,0.807,0.765,0.0,0.747,0.811,0.764,0.867,0.911,0.017,0.886,0.609,0.18,0.657,0.646,0.963,0.853,0.441,0.799,0.749,0.861,0.655,0.848,0.677,0.784,0.868,0.641,0.792,-0.132,0.634,0.974,0.872,-0.682,0.84,0.787,-0.598,0.869,0.975,0.697,0.964,0.799,0.666,0.986,0.931,0.733,-0.042,0.452,0.669,0.909,0.65,0.611,0.787,0.707,-0.612,0.006,0.853,0.944,0.53,0.936,0.511,-0.082,0.847,-0.102,0.711,0.767,-0.479,0.941,0.757,0.654,-0.187,0.726,0.733,0.85,0.333,0.856,0.797,-0.014,0.844,-0.146,0.419,0.823,0.655,0.933,0.637,0.736,0.732,0.808,0.701,0.826,0.655,0.893,0.899,0.642,0.851,0.818,0.391,0.815,0.761,0.769,0.844,0.704,0.821,0.607,0.774,0.964,0.926,0.61,0.903,0.94,0.456,0.767,0.884,0.832,0.951,0.207,0.84,0.838,0.842,0.611,0.841,0.945,0.075,0.757,0.841,0.643,0.778,0.954,0.882,0.701,0.897,0.818,0.739,0.784,0.749,0.875,0.655,0.905,0.304,0.17,0.859,-0.201,0.791,0.89,0.846,0.781,0.819,0.801,0.686,0.707,0.946,0.821,-0.741,0.983,0.789,0.649,0.89,-0.448,0.91,0.736,0.774,0.898,0.868,0.898,0.939,0.705,0.944,0.896,0.861,0.021,0.747,0.757,0.636,0.978,0.942,0.44,0.821,0.695,0.714,0.752
BRKR,0.175,-0.105,0.952,0.94,0.809,0.025,0.801,0.461,0.682,0.845,0.23,-0.313,0.816,0.724,0.506,0.911,0.748,0.89,0.63,0.804,0.799,0.625,0.808,0.916,0.747,0.0,0.635,0.504,0.901,0.887,-0.225,0.893,0.864,-0.032,0.615,0.405,0.798,0.893,0.345,0.838,0.743,0.769,0.565,0.936,0.758,0.838,0.895,0.671,0.821,-0.26,0.377,0.785,0.867,-0.811,0.899,0.938,-0.247,0.844,0.796,0.851,0.774,0.497,0.915,0.803,0.675,0.692,0.131,0.315,0.617,0.865,0.403,0.892,0.939,0.914,-0.55,0.15,0.561,0.656,0.477,0.853,0.566,-0.232,0.843,0.077,0.524,0.896,-0.514,0.79,0.933,0.689,-0.313,0.667,0.931,0.575,0.112,0.867,0.936,-0.095,0.793,0.04,0.749,0.897,0.792,0.567,0.784,0.655,0.932,0.947,0.876,0.615,0.888,0.889,0.837,0.872,0.471,0.964,0.489,0.949,0.809,0.877,0.857,0.868,0.818,0.617,0.761,0.849,0.83,0.774,0.894,0.849,0.617,0.853,0.578,0.932,0.731,0.318,0.831,0.674,0.896,0.822,0.896,0.803,-0.199,0.606,0.882,0.435,0.92,0.751,0.845,0.424,0.919,0.629,0.76,0.929,0.405,0.85,0.562,0.857,0.235,-0.166,0.84,-0.244,0.951,0.888,0.718,0.791,0.879,0.926,0.843,0.858,0.742,0.631,-0.714,0.8,0.905,0.582,0.887,-0.687,0.828,0.951,0.918,0.736,0.882,0.879,0.832,0.867,0.79,0.887,0.867,0.071,0.585,0.698,0.677,0.706,0.704,-0.028,0.517,0.63,0.542,0.883
CACC,0.16,-0.062,0.717,0.682,0.806,-0.105,0.56,0.69,0.887,0.832,0.076,-0.2,0.854,0.595,0.54,0.809,0.668,0.818,0.531,0.849,0.822,0.622,0.732,0.699,0.811,0.635,0.0,0.469,0.832,0.802,0.18,0.717,0.626,-0.065,0.454,0.69,0.768,0.688,0.146,0.854,0.814,0.872,0.753,0.672,0.481,0.814,0.813,0.872,0.706,-0.046,0.657,0.824,0.867,-0.594,0.793,0.666,-0.545,0.821,0.856,0.458,0.873,0.821,0.577,0.795,0.715,0.61,0.213,0.432,0.399,0.811,0.819,0.608,0.652,0.629,-0.573,-0.018,0.771,0.775,0.424,0.823,0.382,-0.184,0.581,-0.232,0.874,0.787,-0.738,0.783,0.654,0.314,-0.457,0.525,0.716,0.849,-0.03,0.799,0.769,-0.366,0.614,-0.136,0.233,0.712,0.772,0.806,0.816,0.875,0.692,0.711,0.46,0.582,0.626,0.875,0.757,0.761,0.831,0.707,0.075,0.735,0.584,0.738,0.835,0.62,0.685,0.25,0.852,0.812,0.824,0.69,0.706,0.806,0.302,0.505,0.644,0.796,0.708,0.451,0.829,0.876,0.834,0.789,0.776,0.871,0.131,0.702,0.814,0.411,0.757,0.793,0.833,0.767,0.753,0.548,0.473,0.639,0.833,0.861,0.467,0.882,0.619,0.354,0.685,0.205,0.678,0.778,0.474,0.818,0.78,0.783,0.544,0.576,0.861,0.577,-0.741,0.836,0.826,0.477,0.783,-0.39,0.679,0.679,0.641,0.729,0.695,0.715,0.769,0.584,0.733,0.74,0.709,0.084,0.476,0.645,0.22,0.824,0.854,0.203,0.609,0.474,0.489,0.745
CAR,0.583,0.531,0.527,0.43,0.72,0.616,0.483,0.642,0.353,0.706,0.829,-0.489,0.603,0.788,0.164,0.636,0.124,0.62,0.694,0.697,0.763,0.502,0.684,0.411,0.764,0.504,0.469,0.0,0.602,0.69,-0.085,0.766,0.4,0.628,0.742,0.582,0.802,0.678,0.742,0.391,0.325,0.447,0.187,0.661,0.317,0.43,0.578,0.176,0.394,0.094,0.72,0.745,0.479,-0.394,0.511,0.576,-0.399,0.535,0.712,0.667,0.694,0.572,0.512,0.777,0.854,0.473,-0.443,0.517,0.834,0.648,0.194,0.439,0.549,0.462,-0.317,-0.018,0.732,0.826,0.624,0.687,0.554,0.316,0.783,0.233,0.223,0.522,0.042,0.816,0.539,0.802,0.37,0.696,0.459,0.586,0.677,0.625,0.438,0.485,0.814,-0.241,0.421,0.592,0.25,0.732,0.218,0.244,0.373,0.59,0.648,0.877,0.453,0.622,0.718,0.309,0.567,0.577,0.738,0.596,0.633,0.479,0.529,0.52,0.779,0.805,0.324,0.717,0.692,0.268,0.749,0.737,0.394,0.762,0.905,0.504,0.838,0.026,0.481,0.403,0.558,0.205,0.544,0.731,0.045,0.438,0.521,0.813,0.448,0.782,0.545,0.361,0.607,0.895,0.578,0.605,0.583,0.493,0.727,0.604,0.047,0.318,0.709,-0.409,0.523,0.662,0.86,0.425,0.435,0.449,0.632,0.585,0.662,0.731,-0.308,0.726,0.404,0.733,0.706,-0.204,0.847,0.499,0.692,0.803,0.711,0.765,0.766,0.674,0.8,0.738,0.471,-0.053,0.881,0.818,0.776,0.752,0.771,0.632,0.688,0.778,0.906,0.383
CDNA,0.191,-0.078,0.926,0.92,0.905,-0.003,0.706,0.631,0.831,0.951,0.263,-0.448,0.903,0.775,0.528,0.97,0.777,0.959,0.677,0.919,0.916,0.656,0.8,0.909,0.867,0.901,0.832,0.602,0.0,0.959,-0.156,0.931,0.787,-0.042,0.637,0.506,0.879,0.905,0.287,0.873,0.817,0.896,0.635,0.911,0.64,0.923,0.969,0.774,0.816,-0.204,0.538,0.882,0.957,-0.85,0.969,0.931,-0.466,0.907,0.915,0.833,0.902,0.631,0.892,0.904,0.78,0.679,0.065,0.378,0.602,0.943,0.606,0.829,0.936,0.897,-0.686,0.093,0.765,0.776,0.518,0.921,0.541,-0.213,0.818,-0.032,0.72,0.895,-0.578,0.884,0.868,0.635,-0.372,0.721,0.903,0.708,0.116,0.936,0.951,-0.176,0.847,-0.2,0.55,0.933,0.818,0.752,0.851,0.807,0.92,0.952,0.78,0.62,0.81,0.967,0.914,0.845,0.665,0.941,0.443,0.972,0.809,0.925,0.941,0.888,0.864,0.543,0.89,0.951,0.939,0.841,0.935,0.911,0.476,0.838,0.741,0.968,0.817,0.234,0.952,0.831,0.934,0.83,0.942,0.933,-0.22,0.683,0.945,0.475,0.935,0.849,0.96,0.597,0.956,0.717,0.711,0.896,0.586,0.958,0.572,0.968,0.359,0.04,0.859,-0.092,0.951,0.931,0.745,0.869,0.892,0.902,0.858,0.766,0.89,0.659,-0.85,0.907,0.939,0.526,0.907,-0.692,0.86,0.933,0.903,0.847,0.944,0.932,0.938,0.815,0.847,0.929,0.877,-0.049,0.622,0.735,0.601,0.848,0.837,0.03,0.642,0.626,0.577,0.933
CG,0.273,0.036,0.906,0.882,0.943,0.119,0.748,0.661,0.782,0.961,0.394,-0.452,0.907,0.835,0.573,0.962,0.732,0.963,0.749,0.943,0.96,0.642,0.798,0.859,0.911,0.887,0.802,0.69,0.959,0.0,-0.101,0.956,0.792,0.128,0.721,0.503,0.917,0.933,0.392,0.842,0.824,0.855,0.605,0.949,0.687,0.882,0.943,0.681,0.777,-0.064,0.617,0.914,0.916,-0.793,0.941,0.928,-0.434,0.917,0.944,0.855,0.918,0.636,0.88,0.943,0.84,0.763,-0.02,0.465,0.696,0.928,0.533,0.829,0.912,0.904,-0.619,0.065,0.826,0.843,0.622,0.935,0.634,-0.119,0.87,0.069,0.651,0.871,-0.509,0.929,0.845,0.671,-0.246,0.812,0.879,0.722,0.227,0.954,0.915,-0.068,0.889,-0.168,0.609,0.94,0.784,0.788,0.79,0.751,0.881,0.934,0.849,0.731,0.805,0.945,0.933,0.807,0.682,0.925,0.505,0.95,0.847,0.909,0.927,0.859,0.886,0.601,0.845,0.966,0.951,0.8,0.965,0.944,0.518,0.859,0.813,0.925,0.88,0.226,0.917,0.802,0.943,0.774,0.888,0.939,-0.163,0.739,0.92,0.574,0.912,0.882,0.923,0.551,0.96,0.806,0.719,0.893,0.619,0.919,0.636,0.933,0.288,0.059,0.911,-0.13,0.922,0.967,0.815,0.836,0.874,0.888,0.869,0.817,0.894,0.675,-0.763,0.93,0.902,0.6,0.951,-0.63,0.918,0.914,0.921,0.895,0.962,0.958,0.948,0.852,0.899,0.954,0.877,-0.081,0.698,0.803,0.672,0.891,0.874,0.183,0.649,0.676,0.685,0.884
CGBD,-0.176,-0.097,-0.192,-0.19,0.024,-0.127,-0.014,0.024,0.088,-0.122,-0.144,0.269,-0.037,-0.142,0.095,-0.11,-0.082,-0.116,-0.329,-0.05,-0.069,0.252,-0.065,-0.092,0.017,-0.225,0.18,-0.085,-0.156,-0.101,0.0,-0.165,-0.18,0.078,-0.138,0.337,-0.04,-0.273,0.051,0.103,0.175,0.045,0.175,-0.163,-0.02,-0.189,-0.191,0.052,0.033,0.225,0.044,0.009,-0.096,0.331,-0.148,-0.263,-0.009,-0.03,0.02,-0.414,-0.018,0.353,-0.342,-0.059,-0.043,0.064,0.4,0.156,-0.22,-0.136,0.2,-0.293,-0.276,-0.241,0.184,-0.144,-0.059,0.075,-0.138,-0.013,-0.257,0.076,-0.205,-0.157,0.112,-0.121,-0.184,-0.097,-0.202,-0.205,-0.017,-0.204,-0.217,0.125,-0.032,-0.166,-0.172,-0.211,-0.302,0.265,-0.256,-0.277,-0.003,0.132,-0.077,0.05,-0.187,-0.219,-0.274,0.049,-0.057,-0.06,-0.077,-0.154,0.231,-0.157,-0.363,-0.242,-0.312,-0.198,-0.145,-0.19,-0.135,-0.203,-0.038,-0.097,-0.129,-0.274,-0.21,-0.062,0.07,-0.306,-0.096,-0.151,-0.034,0.376,-0.118,0.049,-0.064,-0.068,-0.185,-0.08,0.543,0.152,-0.071,-0.117,-0.157,0.009,-0.098,0.325,-0.171,-0.151,-0.08,-0.099,0.389,-0.08,-0.139,-0.09,0.172,0.151,-0.122,0.068,-0.261,-0.043,-0.184,0.116,0.006,-0.023,-0.377,-0.125,0.12,0.073,0.15,-0.016,-0.059,0.012,-0.067,0.468,-0.118,-0.264,-0.158,-0.183,-0.274,-0.239,-0.165,-0.196,0.043,-0.22,-0.061,0.145,0.012,-0.132,-0.284,0.042,-0.006,0.283,0.042,-0.227,-0.065,-0.16
CHI,0.387,0.18,0.91,0.853,0.934,0.271,0.781,0.652,0.708,0.927,0.518,-0.433,0.856,0.904,0.51,0.947,0.646,0.925,0.782,0.904,0.926,0.668,0.847,0.844,0.886,0.893,0.717,0.766,0.931,0.956,-0.165,0.0,0.793,0.222,0.792,0.546,0.905,0.933,0.522,0.794,0.707,0.78,0.465,0.956,0.661,0.815,0.889,0.598,0.758,-0.134,0.629,0.9,0.854,-0.737,0.897,0.921,-0.402,0.859,0.913,0.899,0.896,0.625,0.89,0.924,0.864,0.739,-0.098,0.521,0.81,0.916,0.4,0.836,0.917,0.88,-0.542,0.089,0.803,0.854,0.666,0.916,0.685,0.033,0.913,0.174,0.529,0.861,-0.376,0.947,0.888,0.771,-0.09,0.775,0.872,0.665,0.383,0.925,0.874,0.123,0.944,-0.184,0.706,0.926,0.742,0.762,0.697,0.631,0.832,0.944,0.857,0.781,0.826,0.915,0.926,0.773,0.636,0.919,0.619,0.942,0.877,0.868,0.869,0.865,0.932,0.712,0.756,0.937,0.913,0.727,0.97,0.941,0.597,0.928,0.839,0.892,0.892,0.224,0.845,0.695,0.907,0.704,0.878,0.919,-0.158,0.644,0.871,0.659,0.875,0.888,0.876,0.494,0.938,0.87,0.731,0.913,0.598,0.858,0.727,0.901,0.267,0.083,0.929,-0.254,0.911,0.941,0.886,0.796,0.816,0.853,0.899,0.877,0.832,0.753,-0.683,0.904,0.841,0.715,0.938,-0.604,0.93,0.895,0.956,0.913,0.948,0.969,0.948,0.908,0.906,0.962,0.834,-0.019,0.799,0.849,0.79,0.868,0.863,0.244,0.672,0.785,0.774,0.824
