,ACET,ADAP,ADI,ADPT,ADTN,AGEN,ALGN,ALLK,AMD,AMWD,ARDX,ARQT,ASTE,AUPH,AVXL,AZTA,BAND,BECN,BFC,BGC,BHF,BHFAL,BKNG,BL,BOKF,BRKR,CACC,CAR,CDNA,CG,CGBD,CHI,CHTR,CHX,CLNE,CME,CNOB,CNXN,CPRX,CSGP,CSGS,CSIQ,CVCO,CVLT,CYRX,DDOG,DOOO,DSGX,DTIL,ECPG,EEFT,EFSC,ENTG,ESPR,ETSY,EXC,FAMI,FFIV,FITB,FIZZ,FMBH,FOX,FTNT,FULT,GABC,GEN,GH,GMAB,GNPX,GO,GOGL,GOOG,GPRO,GSHD,GSM,GWAV,HAIN,HBAN,HEPA,HURN,HWKN,IBIO,ICFI,IGMS,IMKTA,INCY,INO,IRDM,IRTC,IRWD,ITCI,JACK,JD,JJSF,KALA,KHC,KLAC,KRRO,KRYS,LANC,LBTYA,LIVN,LKCO,LNTH,LOGI,LPRO,LRCX,LSCC,LSTR,MAR,MARA,MCHP,MEOH,META,MGTX,MKSI,MMYT,MORN,MRUS,MTLS,MTSI,MVIS,MXL,NBIX,NFE,NMIH,NMRK,NNDM,NSIT,NTCT,NVAX,OCUL,ODP,OLED,ONB,OTEX,PACB,PATK,PAYX,PEP,PERI,PI,PLYA,PRDO,PRGS,PTGX,QCOM,QCRH,QDEL,QFIN,RGEN,RILY,RPAY,RPD,SABR,SEDG,SHEN,SIRI,SLNO,SNDL,SNEX,SONO,SPT,SSNC,STGW,STKL,STRL,STX,SWTX,SYNA,TFSL,TIGR,TNXP,TOWN,TRI,TRIP,TRMB,TRNS,TRS,TSCO,TSEM,TVTX,TXRH,VC,VCEL,VECO,VIAV,VICR,VIR,VRTX,VSTM,VTRS,WDFC,WSBC,WSC,WYNN,XENE,XNCR,XRAY,ZS
ACET,0.0,0.362,0.135,0.409,0.698,-0.103,-0.013,0.354,0.097,0.542,0.098,0.644,0.318,0.62,0.67,0.713,0.021,-0.265,-0.415,0.54,-0.224,0.007,-0.627,-0.305,0.401,0.695,0.508,-0.746,0.331,0.683,-0.067,0.277,0.044,0.482,0.495,0.075,-0.403,0.662,0.686,0.136,0.585,-0.43,0.681,0.281,-0.626,0.229,-0.529,-0.253,0.775,-0.36,0.261,0.423,0.645,-0.335,0.65,0.297,0.557,0.644,-0.456,-0.664,0.433,-0.726,0.4,0.043,0.244,-0.305,-0.444,0.619,0.191,0.686,0.563,-0.329,0.652,-0.064,0.729,0.325,0.532,-0.17,0.664,0.641,0.668,0.501,0.627,0.235,0.684,0.725,0.773,0.105,-0.627,0.408,-0.103,-0.591,-0.656,-0.792,0.657,0.555,0.539,0.71,-0.063,-0.506,-0.261,0.668,0.608,0.657,0.66,-0.59,0.705,0.572,-0.509,-0.646,0.841,-0.289,-0.608,-0.429,0.56,0.662,-0.64,-0.081,0.808,-0.563,0.703,-0.023,0.635,0.519,-0.46,-0.557,0.336,0.772,-0.568,0.685,0.795,0.072,-0.525,0.732,0.333,-0.029,-0.442,0.697,-0.436,-0.103,-0.29,-0.005,-0.764,0.735,0.066,-0.672,-0.195,0.511,0.667,0.598,0.183,-0.058,0.062,-0.279,0.285,0.687,0.414,0.626,-0.439,0.717,0.366,0.673,-0.291,0.116,-0.315,0.185,0.66,-0.333,-0.076,0.122,-0.214,0.761,0.644,0.524,-0.394,-0.3,-0.05,0.54,0.062,0.446,0.721,0.081,-0.667,0.588,-0.142,0.72,0.695,-0.113,0.738,0.376,0.815,0.453,0.234,-0.522,-0.177,-0.295,-0.108,-0.351,-0.205,-0.342
ADAP,0.362,0.0,0.163,0.73,0.478,0.427,-0.405,0.452,0.23,0.516,0.171,0.482,-0.215,0.58,0.644,0.297,0.503,-0.274,-0.31,-0.233,-0.532,-0.112,-0.457,-0.177,-0.155,0.283,0.291,-0.269,0.735,0.446,-0.511,0.421,0.31,0.005,0.688,0.387,-0.627,-0.177,0.62,0.198,0.447,-0.218,0.384,0.375,-0.356,0.568,-0.071,0.051,0.421,-0.006,0.234,-0.127,0.494,-0.325,0.608,-0.246,0.083,0.394,-0.701,-0.3,0.253,-0.404,0.562,-0.356,-0.058,-0.057,0.071,0.492,0.417,0.371,0.534,0.03,0.524,-0.144,0.516,-0.169,0.355,-0.593,0.401,0.407,0.02,0.128,-0.099,-0.225,0.548,0.592,0.488,-0.057,-0.029,0.654,-0.155,-0.088,0.047,-0.499,0.622,0.407,0.437,0.458,0.63,-0.537,-0.127,0.068,0.345,0.236,0.571,-0.072,0.358,0.353,-0.197,-0.58,0.333,0.25,-0.365,-0.125,0.383,0.448,-0.488,-0.094,0.528,-0.242,0.437,-0.17,0.512,0.3,-0.342,-0.648,-0.424,0.348,-0.011,0.376,0.486,0.35,-0.222,0.326,0.014,0.09,0.262,0.46,-0.264,-0.263,0.33,-0.24,-0.475,0.357,0.325,-0.048,-0.169,0.096,0.47,0.279,0.388,-0.109,0.436,0.158,-0.442,0.452,-0.214,0.099,-0.047,-0.049,0.384,0.459,0.083,0.394,-0.326,0.262,0.261,-0.257,0.452,0.171,-0.321,0.328,0.132,0.045,0.015,-0.158,0.318,0.638,-0.158,0.655,0.276,0.291,-0.526,-0.007,0.472,0.235,0.366,-0.09,0.439,0.437,0.355,0.411,0.307,-0.631,-0.049,-0.455,0.494,0.247,-0.611,0.048
ADI,0.135,0.163,0.0,0.407,0.401,-0.031,-0.069,0.154,0.665,0.407,-0.642,-0.09,0.462,-0.153,0.201,0.579,0.484,0.496,-0.259,0.2,0.289,0.649,0.298,0.347,0.299,0.595,0.253,0.123,0.39,0.487,-0.084,0.752,0.647,0.362,0.252,0.643,0.071,0.238,0.092,0.831,0.537,0.292,0.327,0.764,0.147,0.407,0.349,0.631,0.102,0.474,0.776,0.1,0.579,-0.316,0.328,0.432,-0.031,0.405,0.087,0.243,0.32,0.025,0.673,0.144,-0.116,0.713,0.263,0.482,0.319,0.446,0.404,0.676,0.42,0.378,0.366,0.015,-0.114,-0.092,0.027,0.16,0.108,0.107,0.316,-0.542,0.207,0.494,0.106,0.474,0.175,0.164,-0.468,0.349,0.31,-0.149,0.337,0.623,0.711,-0.034,0.483,0.03,0.72,0.313,0.182,0.244,0.61,0.296,0.476,0.78,0.271,0.096,0.124,0.608,0.295,0.589,-0.095,0.557,0.02,0.731,0.249,0.178,0.607,0.327,0.542,0.55,-0.423,-0.119,-0.107,0.227,0.395,0.54,0.098,0.559,0.37,0.443,0.372,0.801,0.041,0.271,0.594,0.592,0.341,-0.242,-0.118,0.396,0.858,0.178,0.618,0.229,0.013,0.127,0.463,0.754,0.476,0.612,-0.207,0.588,0.143,0.576,-0.154,-0.007,0.56,0.597,0.456,0.837,0.339,0.4,0.193,0.324,0.116,0.772,0.4,0.189,0.315,0.207,0.487,0.679,0.807,0.231,0.688,0.512,0.457,0.516,0.024,0.353,0.121,0.4,0.566,0.613,0.121,0.787,0.164,0.292,0.756,0.207,0.682,0.513,0.368,0.002,0.37,0.453
ADPT,0.409,0.73,0.407,0.0,0.634,0.409,-0.503,0.54,0.422,0.781,-0.022,0.587,-0.088,0.583,0.771,0.519,0.639,-0.127,-0.448,-0.163,-0.502,0.185,-0.373,-0.084,-0.109,0.584,0.502,-0.185,0.871,0.545,-0.578,0.736,0.611,0.123,0.777,0.641,-0.716,-0.04,0.608,0.504,0.633,-0.191,0.503,0.723,-0.326,0.792,0.018,0.333,0.54,0.165,0.557,-0.175,0.686,-0.637,0.748,-0.075,-0.052,0.615,-0.738,-0.239,0.302,-0.417,0.858,-0.378,-0.075,0.166,0.311,0.82,0.324,0.586,0.701,0.273,0.745,-0.152,0.62,-0.098,0.303,-0.743,0.528,0.526,0.124,0.149,0.057,-0.419,0.628,0.704,0.573,-0.043,0.112,0.743,-0.297,0.042,0.096,-0.585,0.754,0.589,0.637,0.548,0.742,-0.597,0.099,0.213,0.522,0.453,0.792,-0.004,0.505,0.6,0.014,-0.528,0.357,0.392,-0.325,0.045,0.321,0.623,-0.588,0.151,0.613,-0.273,0.648,-0.082,0.714,0.457,-0.511,-0.741,-0.472,0.52,0.175,0.59,0.531,0.506,-0.172,0.52,0.169,0.459,0.211,0.583,-0.081,-0.146,0.298,-0.499,-0.502,0.451,0.547,0.099,0.04,0.209,0.526,0.549,0.624,0.197,0.689,0.359,-0.553,0.72,-0.184,0.354,-0.21,0.071,0.643,0.689,0.249,0.654,-0.299,0.276,0.273,-0.226,0.494,0.48,-0.37,0.434,0.257,0.12,0.287,0.18,0.514,0.537,0.07,0.821,0.419,0.608,-0.51,0.086,0.538,0.382,0.601,0.072,0.594,0.607,0.49,0.559,0.592,-0.622,0.333,-0.14,0.584,0.33,-0.434,0.186
ADTN,0.698,0.478,0.401,0.634,0.0,-0.255,-0.427,0.532,0.078,0.814,-0.121,0.665,0.447,0.292,0.703,0.885,0.071,-0.336,-0.429,0.435,-0.055,0.097,-0.672,-0.552,0.591,0.868,0.901,-0.752,0.456,0.877,-0.415,0.409,0.114,0.734,0.767,0.424,-0.459,0.492,0.815,0.35,0.93,-0.599,0.852,0.636,-0.791,0.461,-0.563,-0.163,0.833,-0.104,0.658,0.479,0.934,-0.823,0.927,0.444,0.507,0.935,-0.595,-0.726,0.732,-0.867,0.734,0.249,0.461,-0.081,-0.398,0.716,0.309,0.838,0.92,-0.219,0.95,-0.352,0.827,0.321,0.491,-0.273,0.859,0.907,0.768,0.674,0.597,-0.137,0.913,0.866,0.913,0.099,-0.564,0.765,-0.448,-0.534,-0.536,-0.891,0.747,0.865,0.833,0.826,0.108,-0.791,-0.147,0.7,0.896,0.621,0.817,-0.56,0.925,0.775,-0.47,-0.787,0.851,-0.09,-0.644,-0.359,0.689,0.921,-0.812,-0.118,0.937,-0.758,0.934,-0.235,0.956,0.568,-0.777,-0.842,0.044,0.899,-0.45,0.901,0.863,0.304,-0.571,0.95,0.715,0.096,-0.538,0.96,-0.411,-0.226,-0.053,-0.526,-0.92,0.877,0.346,-0.538,-0.253,0.811,0.875,0.779,0.052,0.162,0.159,-0.192,0.071,0.835,0.06,0.79,-0.727,0.663,0.805,0.833,-0.33,0.381,-0.454,-0.022,0.768,-0.589,0.215,0.488,-0.12,0.918,0.772,0.781,-0.304,0.011,0.16,0.632,0.381,0.831,0.915,0.317,-0.824,0.518,0.129,0.901,0.929,-0.222,0.924,0.467,0.91,0.783,0.34,-0.38,0.087,-0.226,0.05,-0.352,-0.363,-0.4
AGEN,-0.103,0.427,-0.031,0.409,-0.255,0.0,0.012,0.068,0.176,-0.043,0.243,0.008,-0.638,0.404,0.214,-0.338,0.497,-0.031,-0.087,-0.556,-0.558,0.041,0.07,0.366,-0.683,-0.268,-0.357,0.37,0.552,-0.215,-0.238,0.24,0.437,-0.631,0.085,0.086,-0.43,-0.467,0.022,-0.002,-0.273,0.239,-0.316,-0.004,0.306,0.316,0.407,0.275,-0.114,-0.028,-0.212,-0.589,-0.149,0.221,-0.072,-0.647,-0.392,-0.316,-0.291,0.292,-0.354,0.299,0.086,-0.724,-0.499,0.078,0.627,0.087,0.012,-0.267,-0.131,0.304,-0.128,0.145,-0.057,-0.409,-0.11,-0.496,-0.227,-0.306,-0.545,-0.401,-0.544,0.006,-0.102,-0.068,-0.161,-0.188,0.484,0.107,0.271,0.461,0.45,0.076,0.179,-0.244,-0.191,-0.086,0.606,0.014,0.103,-0.468,-0.267,-0.146,-0.013,0.436,-0.346,-0.17,0.296,0.048,-0.29,0.345,0.139,0.209,-0.157,-0.25,0.104,0.16,-0.137,0.342,-0.234,0.213,-0.175,-0.191,0.311,-0.015,-0.532,-0.182,0.384,-0.252,-0.134,0.247,0.257,-0.341,-0.627,0.187,0.701,-0.286,0.176,-0.066,0.411,0.107,0.252,-0.347,0.13,0.471,0.081,-0.575,-0.212,-0.322,0.479,-0.116,0.422,0.409,-0.549,-0.063,-0.188,-0.413,0.506,-0.477,-0.2,-0.077,0.397,0.159,-0.017,0.356,-0.43,0.222,0.23,-0.16,-0.397,-0.351,-0.329,-0.567,0.366,-0.07,0.224,0.064,-0.559,0.003,-0.429,0.194,0.128,-0.314,0.585,-0.448,-0.3,0.175,-0.205,0.061,-0.213,-0.217,0.205,-0.416,0.011,-0.139,0.618,0.688,-0.251,0.427
ALGN,-0.013,-0.405,-0.069,-0.503,-0.427,0.012,0.0,-0.401,-0.188,-0.487,0.106,-0.323,0.142,-0.088,-0.31,-0.276,-0.241,0.07,0.438,0.268,0.157,-0.075,0.189,0.324,-0.046,-0.262,-0.501,0.147,-0.289,-0.141,0.729,-0.333,-0.054,-0.257,-0.444,-0.566,0.387,0.342,-0.272,-0.309,-0.481,0.186,-0.195,-0.561,0.29,-0.442,0.079,-0.19,-0.158,-0.333,-0.51,0.126,-0.305,0.68,-0.447,0.151,0.152,-0.506,0.575,0.156,-0.227,0.363,-0.587,0.012,-0.101,-0.107,-0.086,-0.458,-0.251,-0.24,-0.586,-0.096,-0.548,0.402,-0.374,-0.117,-0.019,0.64,-0.376,-0.428,-0.029,-0.03,0.089,0.657,-0.346,-0.339,-0.384,0.479,-0.123,-0.617,0.594,0.193,-0.118,0.303,-0.246,-0.474,-0.406,-0.304,-0.386,0.515,-0.083,-0.004,-0.486,-0.097,-0.413,0.006,-0.282,-0.143,0.081,0.342,-0.157,-0.276,0.318,-0.052,-0.134,-0.381,0.281,0.191,-0.339,0.348,-0.319,0.305,-0.467,-0.29,0.656,0.668,0.5,-0.241,-0.159,-0.211,-0.263,-0.283,0.167,-0.255,-0.348,-0.182,0.1,-0.348,0.249,0.285,-0.142,0.786,0.337,-0.276,-0.313,-0.171,0.133,-0.271,-0.402,-0.436,-0.151,0.006,-0.321,-0.125,0.505,-0.384,0.524,-0.124,0.231,0.013,-0.574,-0.29,-0.067,-0.39,0.125,0.346,-0.065,0.336,-0.557,-0.304,0.047,-0.268,-0.134,-0.169,0.009,-0.264,-0.21,-0.235,-0.177,-0.599,-0.247,-0.439,0.445,0.427,-0.297,-0.203,-0.415,0.258,-0.434,-0.275,-0.236,-0.659,-0.055,0.268,-0.276,0.066,-0.42,0.026,0.445,0.029
ALLK,0.354,0.452,0.154,0.54,0.532,0.068,-0.401,0.0,0.165,0.519,0.045,0.273,0.117,0.265,0.553,0.423,0.104,-0.302,-0.453,0.042,-0.036,0.247,-0.398,-0.31,0.113,0.388,0.566,-0.413,0.545,0.417,-0.346,0.305,0.205,0.362,0.499,0.447,-0.385,0.052,0.507,0.158,0.422,-0.279,0.309,0.347,-0.372,0.503,-0.254,0.065,0.599,-0.269,0.458,0.014,0.408,-0.573,0.492,-0.039,0.157,0.433,-0.435,-0.35,0.428,-0.419,0.518,-0.084,0.133,0.115,0.087,0.595,0.264,0.429,0.682,-0.151,0.573,-0.521,0.65,0.117,0.034,-0.289,0.51,0.427,0.341,0.5,-0.013,-0.194,0.471,0.555,0.579,-0.042,-0.203,0.672,0.011,-0.213,-0.188,-0.54,0.64,0.409,0.345,0.488,0.298,-0.566,-0.117,0.403,0.663,0.368,0.466,-0.03,0.348,0.296,0.01,-0.436,0.442,-0.104,-0.424,-0.137,0.62,0.427,-0.4,-0.025,0.584,-0.384,0.407,0.008,0.528,0.37,-0.266,-0.582,0.007,0.56,-0.178,0.303,0.435,0.474,-0.235,0.512,0.298,0.072,-0.149,0.494,-0.203,-0.323,0.246,-0.37,-0.442,0.35,0.296,-0.061,-0.157,0.38,0.477,0.484,0.164,0.019,0.2,-0.094,-0.068,0.518,-0.04,0.384,-0.27,0.274,0.361,0.516,-0.123,0.287,-0.52,-0.132,0.378,-0.393,0.62,0.322,-0.254,0.53,0.387,0.364,-0.211,0.091,0.161,0.209,0.05,0.518,0.423,0.563,-0.44,0.253,0.396,0.377,0.46,-0.007,0.581,0.234,0.517,0.511,0.381,-0.367,-0.061,-0.155,0.253,0.229,-0.291,-0.213
AMD,0.097,0.23,0.665,0.422,0.078,0.176,-0.188,0.165,0.0,0.313,-0.552,-0.142,0.173,0.221,0.083,0.329,0.785,0.685,-0.378,-0.052,-0.021,0.602,0.475,0.618,-0.152,0.364,-0.128,0.363,0.363,0.113,0.079,0.829,0.679,0.042,0.116,0.548,0.043,0.034,-0.194,0.816,0.199,0.632,0.071,0.614,0.411,0.545,0.595,0.836,-0.084,0.574,0.575,-0.275,0.241,-0.072,0.134,0.007,-0.267,0.183,0.033,0.49,-0.086,0.26,0.571,-0.221,-0.529,0.704,0.498,0.555,0.336,0.294,0.154,0.773,0.177,0.521,0.266,-0.056,-0.199,-0.374,-0.244,-0.158,-0.231,-0.214,0.023,-0.649,-0.158,0.258,-0.128,0.266,0.492,-0.031,-0.348,0.481,0.553,0.051,0.263,0.312,0.428,-0.302,0.654,0.268,0.694,0.07,-0.114,0.132,0.564,0.521,0.111,0.505,0.444,0.306,-0.124,0.701,0.44,0.725,-0.408,0.269,0.273,0.729,0.022,0.494,0.311,0.319,0.276,0.547,-0.246,-0.009,-0.189,-0.052,0.634,0.202,-0.179,0.38,0.508,0.07,-0.039,0.823,0.417,-0.049,0.6,0.552,0.365,-0.011,0.166,0.126,0.746,0.406,0.843,-0.165,-0.216,0.086,0.829,0.5,0.708,0.787,-0.46,0.491,0.145,0.212,0.226,-0.231,0.24,0.38,0.841,0.815,0.535,0.349,-0.089,0.57,0.296,0.668,0.271,-0.111,-0.096,-0.26,0.605,0.616,0.839,0.011,0.443,0.304,0.177,0.59,0.225,0.036,0.051,0.048,0.315,0.774,-0.129,0.75,-0.131,0.02,0.763,-0.046,0.574,0.526,0.498,0.229,0.395,0.783
AMWD,0.542,0.516,0.407,0.781,0.814,-0.043,-0.487,0.519,0.313,0.0,-0.136,0.632,0.289,0.46,0.737,0.789,0.37,-0.079,-0.325,0.269,-0.227,0.223,-0.456,-0.289,0.345,0.808,0.741,-0.466,0.563,0.754,-0.416,0.649,0.378,0.551,0.75,0.612,-0.467,0.277,0.691,0.539,0.835,-0.335,0.794,0.733,-0.563,0.574,-0.259,0.117,0.669,0.137,0.692,0.219,0.841,-0.797,0.85,0.301,0.231,0.868,-0.609,-0.463,0.587,-0.646,0.808,0.052,0.165,0.059,-0.083,0.811,0.355,0.749,0.859,0.065,0.891,-0.204,0.742,0.195,0.544,-0.482,0.666,0.776,0.492,0.444,0.408,-0.347,0.757,0.799,0.717,0.049,-0.259,0.711,-0.504,-0.244,-0.236,-0.712,0.694,0.804,0.821,0.666,0.378,-0.65,0.047,0.549,0.694,0.633,0.847,-0.308,0.791,0.758,-0.242,-0.595,0.628,0.211,-0.427,-0.133,0.441,0.857,-0.692,0.03,0.756,-0.535,0.838,-0.188,0.891,0.607,-0.756,-0.757,-0.146,0.723,-0.077,0.793,0.724,0.32,-0.352,0.782,0.55,0.332,-0.195,0.814,-0.211,-0.089,0.09,-0.49,-0.718,0.75,0.471,-0.257,-0.003,0.597,0.694,0.787,0.345,0.313,0.424,0.093,-0.189,0.828,-0.016,0.673,-0.588,0.419,0.806,0.82,0.018,0.591,-0.272,0.071,0.593,-0.35,0.326,0.613,-0.103,0.711,0.546,0.502,0.013,0.201,0.382,0.568,0.364,0.846,0.735,0.53,-0.614,0.326,0.138,0.721,0.833,-0.045,0.782,0.582,0.722,0.71,0.463,-0.468,0.302,-0.031,0.243,-0.122,-0.286,-0.097
ARDX,0.098,0.171,-0.642,-0.022,-0.121,0.243,0.106,0.045,-0.552,-0.136,0.0,0.453,-0.546,0.447,0.153,-0.361,-0.232,-0.568,0.234,-0.248,-0.51,-0.657,-0.502,-0.425,-0.268,-0.359,-0.054,-0.251,0.042,-0.177,-0.153,-0.471,-0.331,-0.348,0.107,-0.393,-0.347,-0.223,0.316,-0.645,-0.256,-0.448,-0.037,-0.516,-0.32,-0.12,-0.42,-0.585,0.173,-0.505,-0.585,-0.131,-0.19,0.143,-0.026,-0.283,0.051,-0.147,-0.331,-0.396,-0.154,-0.225,-0.344,-0.25,0.2,-0.689,-0.131,-0.201,-0.258,-0.256,-0.142,-0.52,-0.144,-0.36,-0.18,-0.128,0.291,-0.079,0.241,0.086,-0.054,-0.038,-0.247,0.528,0.116,-0.11,0.148,-0.239,-0.226,0.202,0.458,-0.31,-0.276,-0.068,0.039,-0.36,-0.381,0.353,-0.154,-0.308,-0.69,-0.204,0.023,-0.045,-0.291,-0.346,-0.161,-0.404,-0.337,-0.374,0.059,-0.434,-0.397,-0.589,0.366,-0.242,-0.292,-0.658,0.013,-0.299,-0.259,-0.409,-0.216,-0.423,0.267,-0.114,-0.018,-0.025,-0.374,-0.209,0.204,-0.28,-0.519,-0.145,-0.279,-0.625,0.036,0.018,-0.582,-0.522,-0.196,0.162,-0.141,-0.18,-0.623,-0.174,-0.656,-0.158,0.263,0.037,-0.195,-0.608,-0.303,-0.441,0.134,-0.35,-0.182,-0.387,0.064,0.075,-0.296,-0.282,-0.462,-0.545,-0.441,-0.087,-0.045,-0.394,0.034,-0.602,-0.456,0.017,-0.169,-0.098,-0.337,-0.693,-0.549,0.139,-0.655,-0.149,-0.258,-0.262,-0.202,-0.117,0.199,-0.213,-0.332,-0.557,0.14,-0.462,0.089,-0.09,-0.514,-0.419,-0.597,-0.646,-0.06,0.177,-0.582,-0.418
ARQT,0.644,0.482,-0.09,0.587,0.665,0.008,-0.323,0.273,-0.142,0.632,0.453,0.0,-0.061,0.694,0.716,0.469,0.089,-0.445,-0.194,0.141,-0.57,-0.406,-0.757,-0.529,0.177,0.506,0.58,-0.628,0.384,0.541,-0.43,0.188,0.009,0.264,0.728,0.122,-0.644,0.246,0.778,0.017,0.589,-0.617,0.685,0.29,-0.749,0.332,-0.547,-0.341,0.662,-0.139,0.135,0.233,0.619,-0.522,0.753,0.116,0.318,0.683,-0.752,-0.729,0.332,-0.798,0.413,-0.069,0.291,-0.511,-0.344,0.523,0.121,0.561,0.556,-0.328,0.681,-0.265,0.47,0.184,0.68,-0.46,0.791,0.777,0.431,0.294,0.389,0.119,0.762,0.594,0.767,-0.11,-0.427,0.655,-0.227,-0.541,-0.483,-0.683,0.509,0.442,0.464,0.855,0.089,-0.749,-0.463,0.355,0.602,0.545,0.55,-0.654,0.635,0.398,-0.559,-0.803,0.657,-0.14,-0.727,-0.57,0.536,0.6,-0.835,-0.444,0.694,-0.704,0.601,-0.431,0.605,0.28,-0.566,-0.747,-0.138,0.602,-0.434,0.614,0.81,-0.05,-0.713,0.59,0.301,-0.137,-0.274,0.725,-0.655,-0.399,-0.255,-0.291,-0.774,0.61,-0.092,-0.472,-0.478,0.433,0.809,0.684,0.154,-0.191,0.19,-0.253,-0.067,0.496,-0.041,0.334,-0.428,0.508,0.509,0.502,-0.341,0.053,-0.448,0.086,0.518,-0.58,0.146,-0.014,-0.389,0.65,0.41,0.39,-0.226,-0.396,-0.143,0.674,-0.097,0.59,0.499,0.015,-0.72,0.212,0.106,0.531,0.533,-0.501,0.786,0.213,0.705,0.501,-0.07,-0.711,-0.097,-0.527,0.058,-0.211,-0.648,-0.374
ASTE,0.318,-0.215,0.462,-0.088,0.447,-0.638,0.142,0.117,0.173,0.289,-0.546,-0.061,0.0,-0.265,0.086,0.66,-0.151,0.226,-0.013,0.728,0.624,0.357,-0.019,-0.1,0.737,0.589,0.38,-0.347,-0.157,0.54,0.33,0.197,0.014,0.766,0.109,0.179,0.422,0.695,0.152,0.368,0.481,-0.051,0.49,0.271,-0.242,-0.034,-0.188,0.003,0.298,0.066,0.478,0.662,0.462,-0.301,0.299,0.68,0.567,0.439,0.315,-0.192,0.595,-0.266,0.204,0.661,0.286,0.242,-0.475,0.192,0.361,0.539,0.353,-0.049,0.34,0.109,0.4,0.43,0.142,0.463,0.196,0.349,0.629,0.556,0.64,-0.039,0.255,0.366,0.282,0.514,-0.461,-0.08,-0.296,-0.188,-0.367,-0.31,0.154,0.521,0.51,0.114,-0.311,-0.035,0.182,0.676,0.313,0.353,0.358,-0.287,0.559,0.577,-0.158,-0.035,0.486,-0.095,0.02,-0.008,0.203,0.518,-0.148,0.253,0.373,-0.247,0.52,0.11,0.446,0.488,-0.342,-0.01,0.533,0.45,-0.266,0.517,0.272,0.017,-0.015,0.576,0.654,0.179,-0.519,0.431,0.139,0.342,-0.148,0.028,-0.326,0.567,0.272,-0.49,0.259,0.622,0.199,0.355,-0.136,0.406,-0.113,-0.121,0.483,0.449,0.471,0.724,-0.507,0.457,0.356,0.454,-0.107,0.231,0.068,-0.011,0.671,-0.034,-0.216,0.53,0.463,0.491,0.551,0.64,-0.179,0.27,0.2,0.142,0.743,0.201,0.681,0.038,-0.115,0.662,-0.448,0.66,0.547,0.258,0.291,0.314,0.385,0.223,0.284,0.353,0.208,0.349,-0.425,-0.565,0.467,-0.149
AUPH,0.62,0.58,-0.153,0.583,0.292,0.404,-0.088,0.265,0.221,0.46,0.447,0.694,-0.265,0.0,0.637,0.239,0.405,-0.192,-0.264,-0.005,-0.74,-0.244,-0.477,-0.049,-0.241,0.294,0.086,-0.303,0.502,0.275,-0.121,0.329,0.22,-0.09,0.52,0.016,-0.597,0.147,0.493,0.04,0.194,-0.15,0.39,0.115,-0.339,0.405,-0.167,-0.051,0.493,-0.152,-0.073,-0.106,0.328,-0.085,0.463,-0.214,0.104,0.322,-0.614,-0.355,0.003,-0.404,0.276,-0.472,-0.181,-0.363,0.006,0.539,0.117,0.38,0.255,-0.116,0.368,0.064,0.391,0.011,0.532,-0.544,0.364,0.318,0.083,0.015,0.104,0.147,0.383,0.43,0.443,-0.045,-0.103,0.356,0.072,-0.235,-0.186,-0.468,0.491,0.147,0.2,0.496,0.335,-0.366,-0.311,0.167,0.212,0.415,0.498,-0.264,0.266,0.239,-0.278,-0.484,0.388,0.019,-0.426,-0.308,0.212,0.304,-0.483,-0.162,0.451,-0.231,0.317,-0.141,0.308,0.276,-0.199,-0.46,-0.117,0.332,-0.153,0.301,0.49,-0.058,-0.382,0.242,-0.206,-0.001,0.202,0.347,-0.395,-0.217,-0.075,0.146,-0.409,0.315,-0.029,-0.218,-0.114,-0.043,0.417,0.382,0.542,-0.254,0.426,0.009,-0.212,0.417,0.17,0.064,0.053,0.236,0.103,0.37,0.095,0.116,-0.208,0.274,0.237,-0.13,0.197,-0.064,-0.463,0.298,0.067,-0.095,-0.034,-0.417,0.019,0.453,-0.348,0.318,0.205,0.101,-0.405,0.117,0.113,0.184,0.264,-0.082,0.417,0.284,0.389,0.127,0.172,-0.832,-0.187,-0.44,0.211,0.145,-0.429,0.041
AVXL,0.67,0.644,0.201,0.771,0.703,0.214,-0.31,0.553,0.083,0.737,0.153,0.716,0.086,0.637,0.0,0.612,0.252,-0.272,-0.344,0.16,-0.401,0.032,-0.592,-0.258,0.155,0.618,0.574,-0.54,0.748,0.68,-0.538,0.474,0.347,0.323,0.788,0.481,-0.628,0.206,0.844,0.242,0.664,-0.395,0.639,0.493,-0.559,0.484,-0.273,-0.015,0.693,-0.121,0.356,0.151,0.688,-0.558,0.778,0.071,0.31,0.646,-0.702,-0.52,0.471,-0.647,0.618,-0.176,0.109,-0.158,-0.112,0.699,0.333,0.651,0.727,-0.093,0.8,-0.212,0.721,0.088,0.553,-0.498,0.673,0.69,0.363,0.367,0.255,-0.089,0.789,0.814,0.784,-0.036,-0.323,0.685,-0.242,-0.328,-0.317,-0.757,0.675,0.636,0.63,0.773,0.377,-0.683,-0.133,0.494,0.617,0.582,0.71,-0.329,0.665,0.547,-0.286,-0.679,0.68,0.075,-0.622,-0.286,0.529,0.707,-0.742,-0.066,0.782,-0.573,0.67,0.008,0.701,0.533,-0.538,-0.748,-0.148,0.694,-0.246,0.648,0.819,0.334,-0.337,0.676,0.279,0.18,-0.121,0.713,-0.338,-0.161,0.008,-0.309,-0.733,0.678,0.308,-0.342,-0.257,0.38,0.647,0.599,0.364,0.098,0.395,-0.015,-0.17,0.706,0.109,0.515,-0.345,0.347,0.561,0.759,-0.119,0.369,-0.445,0.295,0.563,-0.392,0.27,0.205,-0.33,0.681,0.583,0.371,-0.094,-0.128,0.161,0.746,0.003,0.733,0.545,0.293,-0.671,0.288,0.219,0.582,0.655,-0.141,0.779,0.479,0.708,0.629,0.303,-0.662,0.09,-0.331,0.225,-0.003,-0.456,-0.179
AZTA,0.713,0.297,0.579,0.519,0.885,-0.338,-0.276,0.423,0.329,0.789,-0.361,0.469,0.66,0.239,0.612,0.0,0.147,0.043,-0.399,0.656,0.154,0.34,-0.382,-0.249,0.698,0.966,0.749,-0.61,0.362,0.87,-0.17,0.581,0.226,0.832,0.606,0.514,-0.155,0.66,0.637,0.587,0.902,-0.293,0.857,0.699,-0.575,0.352,-0.359,0.053,0.702,0.091,0.774,0.571,0.895,-0.695,0.786,0.591,0.504,0.886,-0.292,-0.501,0.705,-0.69,0.716,0.382,0.314,0.112,-0.362,0.727,0.378,0.882,0.828,-0.003,0.87,-0.038,0.846,0.391,0.369,-0.115,0.63,0.774,0.74,0.621,0.737,-0.218,0.734,0.867,0.746,0.28,-0.504,0.491,-0.558,-0.398,-0.445,-0.747,0.649,0.923,0.917,0.599,0.084,-0.511,0.144,0.831,0.723,0.709,0.852,-0.429,0.941,0.897,-0.361,-0.494,0.801,0.071,-0.394,-0.124,0.457,0.952,-0.593,0.167,0.834,-0.557,0.951,-0.029,0.922,0.781,-0.789,-0.599,0.255,0.83,-0.293,0.902,0.741,0.255,-0.307,0.931,0.757,0.341,-0.525,0.851,-0.111,0.146,-0.11,-0.326,-0.764,0.934,0.492,-0.523,0.099,0.777,0.659,0.714,0.203,0.407,0.238,-0.023,0.184,0.907,0.301,0.936,-0.694,0.654,0.768,0.909,-0.085,0.555,-0.123,0.072,0.786,-0.264,0.069,0.645,0.183,0.852,0.782,0.756,-0.176,0.249,0.343,0.548,0.627,0.724,0.956,0.383,-0.576,0.63,-0.15,0.935,0.971,0.121,0.77,0.668,0.808,0.673,0.486,-0.18,0.283,0.128,-0.028,-0.471,0.039,-0.186
BAND,0.021,0.503,0.484,0.639,0.071,0.497,-0.241,0.104,0.785,0.37,-0.232,0.089,-0.151,0.405,0.252,0.147,0.0,0.434,-0.233,-0.351,-0.428,0.312,0.254,0.479,-0.422,0.222,-0.16,0.402,0.553,0.141,-0.139,0.801,0.768,-0.245,0.314,0.525,-0.278,-0.227,0.005,0.668,0.166,0.444,0.119,0.548,0.286,0.695,0.579,0.703,-0.078,0.532,0.365,-0.457,0.268,-0.128,0.269,-0.225,-0.346,0.169,-0.281,0.394,-0.092,0.19,0.586,-0.462,-0.507,0.48,0.581,0.501,0.36,0.2,0.151,0.725,0.186,0.41,0.176,-0.322,0.032,-0.612,-0.138,-0.079,-0.398,-0.364,-0.187,-0.557,-0.008,0.234,-0.081,0.178,0.589,0.179,-0.239,0.563,0.629,0.023,0.342,0.207,0.371,-0.165,0.863,0.061,0.477,-0.198,-0.159,0.087,0.535,0.445,0.053,0.426,0.376,0.077,-0.184,0.754,0.361,0.546,-0.313,0.215,0.036,0.514,0.015,0.414,0.258,0.082,0.266,0.296,-0.175,-0.149,-0.532,-0.098,0.656,0.21,-0.079,0.319,0.353,-0.025,-0.221,0.676,0.702,-0.004,0.413,0.315,0.517,-0.075,0.106,0.025,0.624,0.476,0.59,-0.305,-0.076,0.074,0.837,0.307,0.808,0.824,-0.732,0.37,-0.103,-0.049,0.28,-0.44,0.276,0.269,0.788,0.738,0.308,0.519,-0.147,0.401,0.374,0.503,-0.023,-0.186,-0.266,-0.418,0.724,0.361,0.8,0.209,0.132,0.437,0.021,0.498,0.132,-0.13,0.323,-0.086,0.169,0.517,-0.091,0.605,-0.149,0.001,0.643,-0.337,0.472,0.204,0.661,0.464,-0.017,0.781
BECN,-0.265,-0.274,0.496,-0.127,-0.336,-0.031,0.07,-0.302,0.685,-0.079,-0.568,-0.445,0.226,-0.192,-0.272,0.043,0.434,0.0,0.051,0.073,0.302,0.529,0.829,0.774,-0.017,0.041,-0.444,0.61,-0.104,-0.194,0.303,0.486,0.426,-0.009,-0.338,0.351,0.563,-0.009,-0.523,0.653,-0.126,0.85,-0.188,0.284,0.67,-0.024,0.71,0.733,-0.55,0.735,0.311,-0.107,-0.149,0.26,-0.346,0.138,-0.321,-0.156,0.54,0.752,-0.213,0.576,0.077,0.111,-0.503,0.621,0.36,0.006,0.175,-0.087,-0.264,0.779,-0.229,0.748,-0.189,-0.028,-0.343,0.063,-0.639,-0.412,-0.408,-0.419,0.036,-0.506,-0.509,-0.109,-0.525,0.278,0.503,-0.512,-0.401,0.546,0.601,0.524,-0.36,0.073,0.166,-0.648,0.281,0.662,0.819,-0.076,-0.528,-0.015,0.081,0.55,-0.12,0.19,0.438,0.743,-0.383,0.712,0.728,0.782,-0.745,-0.024,0.629,0.679,-0.418,0.647,-0.053,0.426,-0.14,0.362,-0.073,0.496,-0.01,-0.442,0.696,-0.102,-0.463,0.017,0.759,-0.248,-0.06,0.723,0.314,-0.401,0.795,0.875,0.18,0.231,0.5,-0.077,0.522,0.41,0.867,-0.304,-0.591,-0.289,0.5,0.582,0.389,0.692,-0.205,0.079,0.228,0.059,0.34,-0.367,0.008,0.025,0.782,0.555,0.869,0.31,-0.241,0.835,-0.079,0.404,0.701,-0.421,-0.211,-0.337,0.602,0.667,0.631,-0.159,0.527,-0.136,-0.122,0.21,0.656,-0.098,-0.373,-0.174,-0.026,0.776,-0.494,0.517,-0.482,-0.241,0.342,0.391,0.645,0.797,0.157,-0.055,0.738,0.742
BFC,-0.415,-0.31,-0.259,-0.448,-0.429,-0.087,0.438,-0.453,-0.378,-0.325,0.234,-0.194,-0.013,-0.264,-0.344,-0.399,-0.233,0.051,0.0,-0.035,0.106,-0.295,0.183,0.023,-0.056,-0.41,-0.323,0.218,-0.361,-0.259,0.272,-0.415,-0.171,-0.228,-0.331,-0.276,0.365,-0.159,-0.211,-0.327,-0.368,0.059,-0.169,-0.481,0.173,-0.488,0.087,-0.247,-0.351,-0.009,-0.432,0.022,-0.339,0.354,-0.369,0.116,-0.022,-0.385,0.378,0.134,-0.067,0.3,-0.52,0.135,0.031,-0.205,-0.115,-0.592,-0.081,-0.387,-0.44,-0.077,-0.468,0.063,-0.52,-0.106,0.048,0.443,-0.305,-0.228,-0.177,-0.126,-0.142,0.281,-0.305,-0.377,-0.439,0.183,-0.038,-0.368,0.235,0.208,0.072,0.453,-0.46,-0.383,-0.345,-0.292,-0.289,0.327,-0.104,-0.163,-0.444,-0.252,-0.507,-0.026,-0.278,-0.295,0.015,0.285,-0.325,-0.044,0.268,-0.112,-0.145,-0.342,0.173,-0.2,-0.451,0.131,-0.402,-0.147,-0.428,-0.378,0.391,0.464,0.143,-0.382,0.031,-0.289,-0.299,-0.4,0.084,-0.337,-0.16,-0.275,0.12,-0.291,0.118,0.12,-0.038,0.354,0.329,-0.307,-0.382,0.005,-0.06,-0.2,-0.319,-0.276,-0.356,-0.047,-0.386,-0.15,0.264,-0.547,0.074,-0.282,0.068,-0.271,-0.324,-0.415,-0.119,-0.34,0.048,-0.061,-0.09,0.128,-0.27,-0.23,0.142,-0.347,-0.347,-0.154,0.05,-0.129,-0.19,-0.112,-0.095,-0.401,-0.348,-0.363,0.369,-0.006,-0.22,-0.295,-0.476,-0.108,-0.374,-0.369,-0.369,-0.384,-0.385,0.277,-0.16,0.03,-0.319,-0.018,0.186,-0.069
BGC,0.54,-0.233,0.2,-0.163,0.435,-0.556,0.268,0.042,-0.052,0.269,-0.248,0.141,0.728,-0.005,0.16,0.656,-0.351,0.073,-0.035,0.0,0.453,0.144,-0.214,-0.154,0.829,0.603,0.361,-0.504,-0.232,0.528,0.435,0.032,-0.224,0.778,0.098,-0.099,0.339,0.888,0.278,0.149,0.405,-0.17,0.585,0.08,-0.43,-0.333,-0.458,-0.297,0.452,-0.131,0.267,0.867,0.433,-0.156,0.25,0.701,0.597,0.439,0.275,-0.432,0.554,-0.443,-0.007,0.655,0.417,-0.175,-0.66,0.126,0.087,0.533,0.305,-0.33,0.347,0.16,0.459,0.461,0.266,0.527,0.25,0.455,0.77,0.633,0.842,0.32,0.356,0.413,0.388,0.412,-0.675,-0.077,-0.212,-0.516,-0.67,-0.371,0.118,0.463,0.414,0.292,-0.514,-0.091,-0.042,0.783,0.347,0.618,0.284,-0.557,0.622,0.493,-0.498,-0.146,0.647,-0.295,-0.214,-0.343,0.254,0.524,-0.26,0.007,0.459,-0.426,0.508,0.054,0.405,0.48,-0.355,-0.028,0.74,0.527,-0.541,0.535,0.442,-0.3,-0.288,0.604,0.589,-0.056,-0.683,0.496,-0.113,0.242,-0.391,0.222,-0.434,0.672,-0.007,-0.74,0.033,0.65,0.336,0.287,-0.229,0.237,-0.21,-0.405,0.704,0.447,0.638,0.749,-0.542,0.76,0.258,0.478,-0.317,0.002,0.046,-0.072,0.7,-0.081,-0.364,0.22,0.388,0.601,0.633,0.694,-0.457,-0.004,-0.136,0.228,0.466,0.035,0.678,-0.161,-0.206,0.748,-0.625,0.728,0.542,0.094,0.387,0.192,0.557,0.229,0.071,0.165,-0.035,0.202,-0.601,-0.75,0.392,-0.39
BHF,-0.224,-0.532,0.289,-0.502,-0.055,-0.558,0.157,-0.036,-0.021,-0.227,-0.51,-0.57,0.624,-0.74,-0.401,0.154,-0.428,0.302,0.106,0.453,0.0,0.431,0.36,0.049,0.583,0.078,0.085,0.057,-0.417,-0.019,0.309,-0.142,-0.196,0.489,-0.401,0.069,0.731,0.263,-0.296,0.146,0.034,0.155,-0.1,-0.001,0.16,-0.408,0.005,0.031,-0.195,0.084,0.295,0.457,-0.091,0.013,-0.284,0.492,0.221,-0.079,0.716,0.189,0.243,0.214,-0.142,0.725,0.293,0.391,-0.215,-0.274,0.143,-0.03,-0.013,0.008,-0.13,0.021,-0.006,0.265,-0.442,0.715,-0.224,-0.105,0.279,0.331,0.23,-0.068,-0.212,-0.101,-0.192,0.272,-0.175,-0.341,-0.147,0.026,-0.097,0.213,-0.268,0.149,0.062,-0.321,-0.422,0.312,0.327,0.291,-0.011,-0.012,-0.202,0.088,0.045,0.049,0.106,0.417,-0.002,-0.111,0.33,0.212,-0.066,0.003,0.389,0.242,-0.149,0.065,-0.025,0.245,-0.044,0.129,0.037,0.394,0.522,0.005,-0.04,-0.056,-0.224,0.032,0.301,0.096,0.479,0.084,-0.429,-0.081,0.391,0.353,-0.083,-0.013,0.201,0.048,0.134,-0.105,0.245,0.336,-0.248,-0.153,-0.392,0.376,-0.402,-0.12,0.51,-0.062,0.219,0.327,-0.224,0.107,0.01,-0.02,-0.11,0.021,0.218,-0.273,0.132,0.158,-0.27,0.281,0.613,0.047,0.263,0.4,-0.188,0.485,0.046,-0.292,0.588,-0.226,0.168,0.046,0.269,0.258,-0.338,0.17,0.067,0.288,-0.17,-0.018,-0.081,0.031,0.025,0.844,0.168,0.583,-0.376,-0.369,0.647,-0.137
BHFAL,0.007,-0.112,0.649,0.185,0.097,0.041,-0.075,0.247,0.602,0.223,-0.657,-0.406,0.357,-0.244,0.032,0.34,0.312,0.529,-0.295,0.144,0.431,0.0,0.45,0.441,0.134,0.348,0.102,0.231,0.255,0.158,0.03,0.583,0.519,0.249,-0.091,0.586,0.193,0.081,-0.16,0.663,0.215,0.435,-0.021,0.534,0.361,0.263,0.42,0.637,-0.046,0.267,0.651,-0.089,0.186,-0.203,0.015,0.158,-0.122,0.105,0.218,0.425,0.122,0.263,0.434,0.069,-0.238,0.742,0.435,0.37,0.186,0.162,0.245,0.553,0.188,0.214,0.304,0.008,-0.417,-0.054,-0.185,-0.136,-0.005,0.088,0.03,-0.501,-0.085,0.213,-0.071,0.168,0.242,-0.018,-0.243,0.412,0.3,0.004,0.17,0.371,0.367,-0.245,0.331,0.215,0.743,0.221,0.059,0.111,0.312,0.484,0.124,0.407,0.479,0.345,-0.044,0.419,0.398,0.626,-0.187,0.22,0.294,0.727,0.043,0.325,0.24,0.519,0.246,0.414,-0.138,0.09,0.027,0.12,0.423,0.139,-0.146,0.532,0.542,0.181,0.207,0.682,0.049,-0.034,0.645,0.511,0.338,-0.188,0.136,0.104,0.713,0.317,0.637,0.068,-0.243,0.004,0.386,0.653,0.281,0.517,-0.109,0.395,0.145,0.398,-0.035,-0.072,0.271,0.358,0.49,0.637,0.316,0.094,-0.056,0.379,0.074,0.636,0.364,0.02,0.232,0.065,0.346,0.739,0.623,-0.169,0.482,0.197,0.22,0.641,0.225,0.193,0.066,0.162,0.3,0.668,-0.039,0.471,0.01,0.13,0.667,0.306,0.545,0.693,0.279,0.153,0.563,0.408
BKNG,-0.627,-0.457,0.298,-0.373,-0.672,0.07,0.189,-0.398,0.475,-0.456,-0.502,-0.757,-0.019,-0.477,-0.592,-0.382,0.254,0.829,0.183,-0.214,0.36,0.45,0.0,0.818,-0.274,-0.368,-0.66,0.853,-0.259,-0.551,0.336,0.18,0.296,-0.322,-0.617,0.132,0.616,-0.296,-0.827,0.356,-0.479,0.885,-0.604,0.023,0.909,-0.178,0.839,0.701,-0.793,0.605,0.037,-0.353,-0.527,0.488,-0.686,-0.098,-0.572,-0.555,0.687,0.94,-0.456,0.87,-0.2,-0.045,-0.558,0.66,0.548,-0.314,-0.057,-0.468,-0.559,0.742,-0.581,0.617,-0.517,-0.193,-0.631,0.164,-0.858,-0.754,-0.648,-0.574,-0.3,-0.423,-0.798,-0.502,-0.837,0.159,0.708,-0.665,-0.102,0.724,0.765,0.796,-0.583,-0.323,-0.258,-0.887,0.197,0.838,0.778,-0.391,-0.718,-0.413,-0.338,0.781,-0.542,-0.209,0.669,0.939,-0.748,0.595,0.862,0.853,-0.841,-0.458,0.878,0.659,-0.746,0.856,-0.471,0.48,-0.522,-0.028,0.305,0.719,-0.095,-0.728,0.784,-0.493,-0.824,0.073,0.891,-0.607,-0.329,0.551,0.449,-0.753,0.865,0.703,0.268,0.25,0.83,-0.511,0.33,0.672,0.775,-0.566,-0.88,-0.613,0.284,0.46,0.221,0.647,-0.241,-0.333,0.068,-0.29,0.566,-0.617,-0.318,-0.357,0.72,0.287,0.805,0.164,-0.603,0.845,-0.08,0.162,0.546,-0.749,-0.49,-0.572,0.626,0.635,0.441,-0.525,0.272,-0.44,-0.52,0.116,0.86,-0.328,-0.195,-0.548,-0.422,0.689,-0.807,0.141,-0.794,-0.464,0.201,0.588,0.518,0.747,0.18,0.209,0.727,0.746
BL,-0.305,-0.177,0.347,-0.084,-0.552,0.366,0.324,-0.31,0.618,-0.289,-0.425,-0.529,-0.1,-0.049,-0.258,-0.249,0.479,0.774,0.023,-0.154,0.049,0.441,0.818,0.0,-0.407,-0.207,-0.695,0.759,0.077,-0.374,0.346,0.401,0.491,-0.411,-0.371,0.156,0.34,-0.167,-0.6,0.409,-0.41,0.908,-0.456,0.089,0.854,0.021,0.886,0.761,-0.568,0.507,-0.008,-0.36,-0.359,0.566,-0.497,-0.245,-0.481,-0.494,0.473,0.848,-0.47,0.755,-0.061,-0.336,-0.719,0.585,0.604,-0.072,0.023,-0.232,-0.482,0.76,-0.428,0.786,-0.308,-0.296,-0.438,-0.035,-0.768,-0.681,-0.642,-0.547,-0.231,-0.298,-0.624,-0.28,-0.645,0.222,0.67,-0.578,0.006,0.698,0.708,0.574,-0.331,-0.258,-0.149,-0.698,0.392,0.764,0.724,-0.25,-0.685,-0.207,-0.097,0.763,-0.425,-0.04,0.586,0.776,-0.551,0.629,0.712,0.789,-0.784,-0.315,0.707,0.755,-0.522,0.828,-0.309,0.675,-0.397,0.172,0.296,0.569,-0.128,-0.57,0.724,-0.341,-0.602,0.155,0.865,-0.499,-0.505,0.667,0.615,-0.625,0.795,0.686,0.271,0.435,0.687,-0.358,0.406,0.553,0.793,-0.643,-0.779,-0.547,0.613,0.453,0.49,0.731,-0.327,-0.093,0.286,-0.213,0.621,-0.537,-0.342,-0.091,0.829,0.4,0.726,0.484,-0.469,0.874,-0.082,0.1,0.314,-0.615,-0.383,-0.648,0.668,0.489,0.514,-0.241,0.08,-0.33,-0.437,0.117,0.725,-0.199,-0.133,-0.475,-0.3,0.799,-0.668,0.335,-0.626,-0.481,0.383,0.223,0.489,0.578,0.301,0.302,0.621,0.853
BOKF,0.401,-0.155,0.299,-0.109,0.591,-0.683,-0.046,0.113,-0.152,0.345,-0.268,0.177,0.737,-0.241,0.155,0.698,-0.422,-0.017,-0.056,0.829,0.583,0.134,-0.274,-0.407,0.0,0.63,0.601,-0.578,-0.223,0.599,0.086,0.014,-0.279,0.908,0.182,0.117,0.332,0.686,0.373,0.211,0.619,-0.365,0.628,0.251,-0.56,-0.282,-0.549,-0.331,0.426,-0.036,0.467,0.893,0.554,-0.425,0.377,0.792,0.569,0.599,0.176,-0.499,0.717,-0.554,0.154,0.86,0.628,-0.107,-0.695,0.114,0.187,0.515,0.507,-0.314,0.491,-0.084,0.456,0.5,0.226,0.478,0.424,0.635,0.803,0.7,0.797,0.088,0.517,0.488,0.478,0.268,-0.694,0.182,-0.444,-0.561,-0.624,-0.412,0.14,0.651,0.564,0.393,-0.469,-0.291,-0.003,0.725,0.531,0.52,0.307,-0.593,0.734,0.514,-0.532,-0.282,0.641,-0.226,-0.29,-0.325,0.396,0.64,-0.344,-0.105,0.521,-0.578,0.599,-0.168,0.554,0.44,-0.573,-0.199,0.536,0.565,-0.518,0.592,0.505,-0.136,-0.354,0.705,0.869,-0.072,-0.828,0.614,-0.164,0.155,-0.302,-0.164,-0.55,0.736,0.091,-0.671,-0.109,0.856,0.49,0.379,-0.4,0.289,-0.325,-0.414,0.589,0.426,0.315,0.794,-0.725,0.695,0.527,0.492,-0.441,0.079,-0.032,-0.239,0.701,-0.291,-0.212,0.338,0.508,0.685,0.715,0.888,-0.488,0.133,-0.067,0.305,0.64,0.279,0.746,-0.051,-0.351,0.602,-0.469,0.804,0.642,-0.121,0.509,0.227,0.603,0.476,-0.002,0.311,0.046,0.171,-0.483,-0.788,0.218,-0.525
BRKR,0.695,0.283,0.595,0.584,0.868,-0.268,-0.262,0.388,0.364,0.808,-0.359,0.506,0.589,0.294,0.618,0.966,0.222,0.041,-0.41,0.603,0.078,0.348,-0.368,-0.207,0.63,0.0,0.725,-0.547,0.398,0.85,-0.162,0.636,0.296,0.763,0.608,0.496,-0.225,0.651,0.603,0.619,0.888,-0.281,0.847,0.743,-0.55,0.396,-0.323,0.102,0.699,0.114,0.765,0.503,0.903,-0.692,0.79,0.584,0.422,0.886,-0.327,-0.474,0.652,-0.666,0.739,0.305,0.262,0.123,-0.269,0.77,0.333,0.874,0.803,0.049,0.868,0.002,0.816,0.342,0.366,-0.172,0.63,0.757,0.706,0.569,0.737,-0.224,0.733,0.842,0.719,0.269,-0.404,0.498,-0.532,-0.344,-0.403,-0.736,0.654,0.889,0.898,0.597,0.147,-0.503,0.165,0.771,0.71,0.722,0.878,-0.402,0.913,0.908,-0.323,-0.493,0.752,0.117,-0.375,-0.102,0.4,0.932,-0.607,0.222,0.813,-0.514,0.953,-0.043,0.918,0.737,-0.771,-0.604,0.171,0.806,-0.232,0.918,0.715,0.26,-0.313,0.903,0.693,0.388,-0.458,0.823,-0.092,0.128,-0.102,-0.356,-0.734,0.892,0.509,-0.449,0.132,0.733,0.651,0.69,0.28,0.442,0.326,0.042,0.086,0.914,0.301,0.899,-0.66,0.636,0.782,0.893,-0.024,0.576,-0.106,0.08,0.699,-0.236,0.081,0.669,0.107,0.802,0.731,0.684,-0.089,0.258,0.369,0.509,0.58,0.734,0.916,0.415,-0.567,0.6,-0.105,0.902,0.963,0.124,0.75,0.671,0.797,0.637,0.553,-0.23,0.321,0.132,0.039,-0.386,0.036,-0.129
CACC,0.508,0.291,0.253,0.502,0.901,-0.357,-0.501,0.566,-0.128,0.741,-0.054,0.58,0.38,0.086,0.574,0.749,-0.16,-0.444,-0.323,0.361,0.085,0.102,-0.66,-0.695,0.601,0.725,0.0,-0.727,0.305,0.735,-0.498,0.225,-0.039,0.727,0.658,0.415,-0.403,0.347,0.733,0.219,0.86,-0.714,0.731,0.548,-0.791,0.321,-0.623,-0.253,0.755,-0.17,0.626,0.447,0.783,-0.89,0.792,0.429,0.402,0.855,-0.53,-0.727,0.704,-0.826,0.627,0.348,0.602,-0.121,-0.363,0.586,0.17,0.666,0.892,-0.322,0.873,-0.594,0.704,0.376,0.345,-0.191,0.879,0.883,0.756,0.673,0.491,-0.129,0.842,0.713,0.84,-0.043,-0.563,0.779,-0.402,-0.538,-0.558,-0.791,0.628,0.766,0.684,0.809,-0.042,-0.809,-0.211,0.627,0.935,0.519,0.602,-0.549,0.809,0.584,-0.38,-0.737,0.734,-0.225,-0.66,-0.413,0.742,0.781,-0.777,-0.251,0.814,-0.82,0.776,-0.319,0.847,0.398,-0.704,-0.794,0.053,0.856,-0.454,0.742,0.772,0.3,-0.602,0.88,0.786,-0.018,-0.647,0.897,-0.452,-0.37,-0.139,-0.681,-0.837,0.737,0.197,-0.45,-0.395,0.853,0.839,0.79,-0.173,0.148,-0.027,-0.335,0.149,0.649,-0.131,0.722,-0.817,0.653,0.775,0.683,-0.49,0.24,-0.543,-0.275,0.676,-0.718,0.223,0.41,-0.145,0.876,0.724,0.833,-0.368,0.074,-0.008,0.434,0.359,0.747,0.791,0.355,-0.775,0.411,0.182,0.817,0.803,-0.392,0.908,0.252,0.858,0.811,0.16,-0.213,0.092,-0.184,-0.015,-0.314,-0.384,-0.562
CAR,-0.746,-0.269,0.123,-0.185,-0.752,0.37,0.147,-0.413,0.363,-0.466,-0.251,-0.628,-0.347,-0.303,-0.54,-0.61,0.402,0.61,0.218,-0.504,0.057,0.231,0.853,0.759,-0.578,-0.547,-0.727,0.0,-0.095,-0.665,0.219,0.14,0.37,-0.62,-0.485,0.054,0.339,-0.535,-0.765,0.203,-0.603,0.793,-0.684,-0.056,0.882,-0.056,0.867,0.644,-0.801,0.562,-0.156,-0.563,-0.591,0.506,-0.656,-0.345,-0.717,-0.653,0.49,0.923,-0.576,0.91,-0.216,-0.307,-0.584,0.534,0.723,-0.359,-0.086,-0.572,-0.628,0.714,-0.636,0.523,-0.633,-0.403,-0.552,-0.019,-0.834,-0.783,-0.822,-0.718,-0.527,-0.354,-0.77,-0.591,-0.859,0.077,0.893,-0.528,0.069,0.84,0.879,0.833,-0.532,-0.507,-0.421,-0.832,0.392,0.719,0.585,-0.668,-0.773,-0.456,-0.414,0.81,-0.704,-0.354,0.707,0.828,-0.879,0.61,0.83,0.744,-0.823,-0.61,0.776,0.498,-0.817,0.873,-0.593,0.325,-0.608,-0.269,0.463,0.651,-0.364,-0.816,0.862,-0.593,-0.846,0.024,0.792,-0.759,-0.563,0.455,0.738,-0.794,0.74,0.452,0.398,0.211,0.895,-0.71,0.205,0.828,0.613,-0.746,-0.834,-0.665,0.352,0.269,0.352,0.682,-0.478,-0.454,-0.155,-0.567,0.725,-0.81,-0.375,-0.49,0.735,0.203,0.627,0.232,-0.737,0.757,0.03,0.005,0.223,-0.883,-0.725,-0.792,0.749,0.464,0.391,-0.477,-0.037,-0.436,-0.737,0.092,0.83,-0.514,0.105,-0.754,-0.611,0.546,-0.84,-0.007,-0.869,-0.519,0.136,0.383,0.442,0.52,0.311,0.496,0.43,0.789
CDNA,0.331,0.735,0.39,0.871,0.456,0.552,-0.289,0.545,0.363,0.563,0.042,0.384,-0.157,0.502,0.748,0.362,0.553,-0.104,-0.361,-0.232,-0.417,0.255,-0.259,0.077,-0.223,0.398,0.305,-0.095,0.0,0.424,-0.547,0.631,0.642,-0.039,0.615,0.609,-0.642,-0.158,0.552,0.371,0.441,-0.056,0.271,0.552,-0.127,0.709,0.145,0.355,0.425,0.04,0.409,-0.271,0.5,-0.39,0.555,-0.218,-0.026,0.334,-0.6,-0.097,0.193,-0.216,0.708,-0.502,-0.202,0.261,0.413,0.673,0.297,0.43,0.554,0.289,0.57,-0.117,0.556,-0.254,0.144,-0.623,0.335,0.297,-0.026,0.136,-0.138,-0.321,0.479,0.637,0.453,-0.037,0.131,0.612,-0.098,0.15,0.17,-0.474,0.672,0.443,0.476,0.424,0.743,-0.448,0.158,0.178,0.367,0.309,0.611,0.182,0.33,0.451,0.129,-0.366,0.275,0.368,-0.256,0.138,0.293,0.45,-0.391,0.254,0.501,-0.129,0.456,0.208,0.517,0.424,-0.266,-0.574,-0.415,0.398,0.188,0.389,0.425,0.642,0.049,0.371,-0.029,0.441,0.308,0.393,0.047,-0.063,0.399,-0.322,-0.353,0.296,0.546,0.149,0.03,0.02,0.307,0.308,0.634,0.183,0.594,0.378,-0.477,0.585,-0.077,0.253,-0.018,-0.081,0.391,0.619,0.265,0.582,-0.314,0.387,0.166,-0.112,0.433,0.331,-0.372,0.309,0.261,-0.005,0.248,0.155,0.486,0.513,-0.084,0.641,0.246,0.568,-0.388,0.06,0.583,0.209,0.421,0.219,0.433,0.549,0.357,0.432,0.57,-0.553,0.231,-0.13,0.578,0.452,-0.336,0.215
CG,0.683,0.446,0.487,0.545,0.877,-0.215,-0.141,0.417,0.113,0.754,-0.177,0.541,0.54,0.275,0.68,0.87,0.141,-0.194,-0.259,0.528,-0.019,0.158,-0.551,-0.374,0.599,0.85,0.735,-0.665,0.424,0.0,-0.213,0.464,0.243,0.672,0.679,0.405,-0.293,0.556,0.761,0.396,0.852,-0.478,0.883,0.561,-0.658,0.36,-0.423,-0.111,0.728,-0.079,0.579,0.524,0.917,-0.646,0.837,0.527,0.504,0.824,-0.404,-0.61,0.754,-0.74,0.638,0.295,0.385,-0.033,-0.397,0.613,0.332,0.776,0.805,-0.114,0.83,-0.126,0.753,0.227,0.539,-0.098,0.716,0.79,0.699,0.62,0.626,-0.039,0.843,0.837,0.76,0.321,-0.552,0.599,-0.367,-0.366,-0.47,-0.78,0.688,0.821,0.826,0.702,0.1,-0.62,-0.03,0.697,0.692,0.589,0.776,-0.513,0.9,0.843,-0.37,-0.665,0.772,0.004,-0.474,-0.278,0.614,0.887,-0.739,0.067,0.846,-0.608,0.897,-0.123,0.882,0.548,-0.658,-0.634,0.133,0.817,-0.388,0.898,0.798,0.281,-0.422,0.893,0.655,0.156,-0.404,0.875,-0.235,-0.014,-0.019,-0.267,-0.818,0.867,0.381,-0.552,-0.097,0.742,0.723,0.645,0.08,0.295,0.164,-0.103,0.147,0.764,0.171,0.804,-0.694,0.583,0.734,0.815,-0.239,0.423,-0.337,0.203,0.782,-0.398,0.082,0.513,0.003,0.828,0.724,0.728,-0.179,0.009,0.259,0.623,0.414,0.771,0.868,0.229,-0.648,0.664,0.022,0.882,0.849,-0.072,0.781,0.53,0.816,0.618,0.423,-0.295,0.142,-0.143,-0.01,-0.332,-0.194,-0.281
