,ACET,ADAP,ADI,ADPT,ADTN,AGEN,ALGN,ALLK,AMD,AMWD,ARDX,ARQT,ASTE,AUPH,AVXL,AZTA,BAND,BECN,BFC,BGC,BHF,BHFAL,BKNG,BL,BOKF,BRKR,CACC,CAR,CDNA,CG,CGBD,CHI,CHTR,CHX,CLNE,CME,CNOB,CNXN,CPRX,CSGP,CSGS,CSIQ,CVCO,CVLT,CYRX,DDOG,DOOO,DSGX,DTIL,ECPG,EEFT,EFSC,ENTG,ESPR,ETSY,EXC,FAMI,FFIV,FITB,FIZZ,FMBH,FOX,FTNT,FULT,GABC,GEN,GH,GMAB,GNPX,GO,GOGL,GOOG,GPRO,GSHD,GSM,GWAV,HAIN,HBAN,HEPA,HURN,HWKN,IBIO,ICFI,IGMS,IMKTA,INCY,INO,IRDM,IRTC,IRWD,ITCI,JACK,JD,JJSF,KALA,KHC,KLAC,KRRO,KRYS,LANC,LBTYA,LIVN,LKCO,LNTH,LOGI,LPRO,LRCX,LSCC,LSTR,MAR,MARA,MCHP,MEOH,META,MGTX,MKSI,MMYT,MORN,MRUS,MTLS,MTSI,MVIS,MXL,NBIX,NFE,NMIH,NMRK,NNDM,NSIT,NTCT,NVAX,OCUL,ODP,OLED,ONB,OTEX,PACB,PATK,PAYX,PEP,PERI,PI,PLYA,PRDO,PRGS,PTGX,QCOM,QCRH,QDEL,QFIN,RGEN,RILY,RPAY,RPD,SABR,SEDG,SHEN,SIRI,SLNO,SNDL,SNEX,SONO,SPT,SSNC,STGW,STKL,STRL,STX,SWTX,SYNA,TFSL,TIGR,TNXP,TOWN,TRI,TRIP,TRMB,TRNS,TRS,TSCO,TSEM,TVTX,TXRH,VC,VCEL,VECO,VIAV,VICR,VIR,VRTX,VSTM,VTRS,WDFC,WSBC,WSC,WYNN,XENE,XNCR,XRAY,ZS
ACET,0.0,0.46,0.677,0.672,0.542,0.345,0.741,0.56,0.036,0.76,0.193,0.709,0.593,-0.638,0.798,0.816,0.23,0.716,0.803,0.021,0.821,0.717,0.81,0.694,0.659,0.716,0.723,0.685,0.609,0.831,0.72,0.741,0.5,0.144,0.309,0.314,0.561,0.755,-0.482,0.396,0.333,0.49,0.831,-0.166,0.549,0.687,0.786,0.448,0.261,0.77,0.57,0.446,0.824,-0.357,-0.114,0.805,-0.152,0.175,0.694,0.817,0.543,0.801,0.379,0.72,0.744,-0.251,0.07,0.843,-0.716,-0.011,0.457,0.737,0.795,0.492,0.773,0.691,0.495,0.629,0.721,0.433,0.795,0.716,0.305,0.61,0.311,0.63,0.537,0.688,0.409,0.075,0.512,0.635,0.641,0.774,0.581,0.67,0.766,0.438,-0.551,0.743,-0.364,0.809,0.461,0.554,0.764,0.187,0.761,0.789,0.836,0.656,0.232,0.745,0.629,0.712,0.627,0.754,0.661,0.258,-0.285,0.783,0.565,0.082,0.667,0.663,0.614,0.667,0.693,0.665,0.253,0.466,0.607,0.619,0.766,0.059,0.705,0.605,0.649,0.838,0.599,-0.28,0.778,0.796,0.717,0.828,0.581,0.666,0.189,0.678,-0.0,0.712,0.342,0.806,0.699,-0.082,0.712,0.716,0.843,0.276,0.394,0.763,0.753,0.643,0.602,0.411,0.565,0.747,0.572,0.735,0.731,-0.186,0.704,0.803,-0.556,0.61,0.039,0.676,0.823,-0.642,0.534,0.702,0.582,0.422,0.796,0.777,-0.511,0.14,0.235,0.763,0.339,0.181,-0.031,0.098,0.828,0.347,0.807,0.548,0.164,-0.014,0.69,0.358
ADAP,0.46,0.0,0.682,0.411,0.552,0.932,0.71,0.031,-0.078,0.72,-0.286,0.837,0.604,-0.721,0.427,0.549,0.428,0.64,0.563,-0.121,0.519,0.774,0.601,0.883,0.529,0.567,0.793,0.828,0.754,0.747,0.702,0.846,0.827,0.525,0.385,0.247,0.426,0.604,-0.325,0.243,0.46,0.303,0.586,0.129,0.503,0.495,0.769,0.853,0.07,0.447,0.66,0.429,0.672,-0.306,0.233,0.782,-0.151,0.41,0.659,0.647,0.377,0.69,0.385,0.412,0.55,0.329,-0.225,0.566,-0.575,-0.263,0.322,0.711,0.734,0.483,0.327,0.621,0.581,0.594,0.483,0.542,0.722,0.575,0.391,0.494,0.181,0.706,0.418,0.735,0.199,-0.392,0.102,0.533,0.673,0.481,0.721,0.741,0.611,0.277,-0.665,0.696,0.233,0.65,0.56,0.693,0.737,0.117,0.679,0.686,0.63,0.521,0.365,0.756,0.566,0.556,-0.011,0.646,0.61,0.804,-0.284,0.793,0.627,0.093,0.628,0.577,0.387,0.565,0.639,0.502,0.308,0.525,0.43,0.495,0.729,0.012,0.508,0.835,0.395,0.539,0.713,-0.015,0.515,0.582,0.746,0.599,0.671,0.401,0.583,0.493,-0.045,0.485,0.08,0.777,0.754,0.449,0.49,0.794,0.629,0.642,0.017,0.578,0.719,0.597,0.757,0.581,0.242,0.84,0.494,0.67,0.597,0.072,0.499,0.508,-0.547,0.447,0.521,0.543,0.517,-0.576,0.508,0.842,0.169,0.29,0.666,0.588,-0.23,0.107,0.507,0.718,0.437,0.368,0.23,0.423,0.666,0.224,0.72,0.474,-0.073,-0.511,0.686,0.971
ADI,0.677,0.682,0.0,0.667,0.733,0.652,0.926,0.386,0.032,0.919,0.111,0.79,0.82,-0.728,0.636,0.867,0.169,0.89,0.789,0.347,0.823,0.755,0.867,0.873,0.885,0.713,0.888,0.893,0.767,0.914,0.855,0.914,0.798,0.587,0.646,0.26,0.788,0.886,-0.175,0.522,0.699,0.772,0.859,0.192,0.253,0.437,0.915,0.76,0.353,0.496,0.944,0.717,0.896,-0.428,-0.26,0.864,-0.09,0.457,0.874,0.839,0.733,0.877,0.293,0.806,0.853,0.028,-0.247,0.563,-0.7,-0.223,0.736,0.903,0.813,0.761,0.539,0.707,0.336,0.848,0.717,0.605,0.875,0.587,0.638,0.564,0.105,0.694,0.372,0.93,0.12,-0.046,0.311,0.586,0.652,0.686,0.739,0.863,0.841,0.394,-0.756,0.715,-0.11,0.885,0.721,0.753,0.707,0.17,0.886,0.883,0.879,0.868,0.278,0.93,0.898,0.851,0.417,0.939,0.906,0.429,-0.127,0.864,0.922,0.261,0.944,0.598,0.653,0.87,0.83,0.776,0.645,0.749,0.406,0.487,0.857,0.497,0.844,0.887,0.685,0.848,0.881,-0.345,0.811,0.893,0.834,0.747,0.911,0.316,0.729,0.823,-0.263,0.422,0.14,0.878,0.728,0.354,0.889,0.847,0.86,0.609,0.477,0.724,0.831,0.782,0.781,0.811,0.679,0.75,0.842,0.917,0.627,0.313,0.784,0.775,-0.527,0.789,0.595,0.87,0.833,-0.478,0.821,0.753,0.509,0.557,0.929,0.823,-0.359,0.345,0.677,0.895,0.516,0.114,0.45,0.529,0.812,0.622,0.91,0.849,0.162,-0.253,0.864,0.641
ADPT,0.672,0.411,0.667,0.0,0.587,0.258,0.708,0.804,0.519,0.703,0.586,0.639,0.41,-0.407,0.797,0.803,0.502,0.637,0.695,0.076,0.775,0.527,0.767,0.637,0.543,0.77,0.645,0.542,0.703,0.7,0.516,0.639,0.478,0.237,0.289,0.436,0.37,0.721,-0.282,0.661,0.232,0.668,0.671,-0.305,0.436,0.736,0.624,0.455,0.576,0.7,0.555,0.231,0.832,-0.184,-0.187,0.678,0.031,0.098,0.494,0.715,0.325,0.723,0.695,0.509,0.576,-0.317,0.401,0.709,-0.617,0.355,0.727,0.734,0.703,0.525,0.775,0.728,0.273,0.398,0.806,0.133,0.627,0.752,0.188,0.275,0.36,0.533,0.702,0.643,0.462,0.465,0.796,0.473,0.762,0.468,0.714,0.666,0.739,0.781,-0.404,0.47,-0.319,0.647,0.39,0.354,0.769,0.424,0.663,0.766,0.816,0.745,0.3,0.564,0.754,0.824,0.583,0.616,0.569,0.002,-0.187,0.624,0.616,0.202,0.592,0.889,0.854,0.514,0.461,0.778,0.209,0.373,0.768,0.51,0.648,0.319,0.475,0.55,0.811,0.845,0.505,-0.165,0.599,0.708,0.697,0.839,0.585,0.594,0.276,0.479,0.246,0.537,0.681,0.697,0.772,-0.072,0.58,0.741,0.726,0.094,0.615,0.622,0.541,0.564,0.795,0.429,0.838,0.568,0.508,0.767,0.778,-0.234,0.514,0.73,-0.201,0.438,0.187,0.572,0.813,-0.438,0.455,0.5,0.48,0.644,0.738,0.852,-0.23,0.232,0.172,0.736,0.761,0.56,0.305,0.028,0.713,0.142,0.732,0.573,0.556,0.053,0.505,0.311
ADTN,0.542,0.552,0.733,0.587,0.0,0.559,0.715,0.238,-0.045,0.766,0.091,0.628,0.776,-0.568,0.489,0.73,0.264,0.756,0.618,0.35,0.749,0.58,0.704,0.735,0.766,0.62,0.746,0.734,0.647,0.736,0.763,0.755,0.721,0.544,0.634,0.343,0.722,0.777,-0.008,0.46,0.613,0.67,0.726,0.311,0.22,0.299,0.717,0.763,0.32,0.4,0.751,0.639,0.695,-0.212,-0.162,0.69,-0.076,0.552,0.744,0.687,0.663,0.758,0.406,0.702,0.741,0.066,-0.15,0.549,-0.438,-0.136,0.595,0.793,0.656,0.71,0.372,0.521,0.416,0.736,0.53,0.63,0.728,0.444,0.627,0.617,0.174,0.586,0.223,0.75,0.213,-0.154,0.225,0.544,0.507,0.577,0.63,0.678,0.615,0.393,-0.516,0.574,0.067,0.732,0.459,0.691,0.552,0.109,0.674,0.766,0.703,0.758,0.293,0.703,0.77,0.674,0.455,0.772,0.772,0.331,0.034,0.702,0.81,-0.092,0.692,0.542,0.569,0.796,0.669,0.553,0.608,0.716,0.272,0.538,0.642,0.542,0.718,0.752,0.575,0.688,0.741,-0.16,0.684,0.81,0.586,0.634,0.79,0.254,0.488,0.73,-0.203,0.288,0.038,0.721,0.545,0.489,0.713,0.614,0.776,0.549,0.317,0.621,0.742,0.705,0.657,0.768,0.53,0.593,0.745,0.821,0.49,0.282,0.73,0.574,-0.353,0.698,0.478,0.721,0.767,-0.282,0.727,0.626,0.466,0.299,0.78,0.639,-0.229,0.494,0.638,0.7,0.362,0.058,0.41,0.597,0.682,0.573,0.752,0.736,0.143,-0.064,0.727,0.54
AGEN,0.345,0.932,0.652,0.258,0.559,0.0,0.667,-0.139,-0.228,0.684,-0.399,0.777,0.676,-0.69,0.304,0.46,0.253,0.65,0.495,-0.007,0.463,0.724,0.525,0.853,0.572,0.463,0.77,0.837,0.725,0.692,0.725,0.811,0.845,0.58,0.489,0.189,0.512,0.57,-0.173,0.177,0.591,0.29,0.557,0.329,0.412,0.296,0.74,0.883,-0.028,0.269,0.69,0.557,0.55,-0.335,0.192,0.714,-0.185,0.522,0.695,0.613,0.463,0.636,0.194,0.447,0.558,0.427,-0.424,0.432,-0.491,-0.453,0.243,0.665,0.667,0.481,0.142,0.517,0.551,0.664,0.355,0.665,0.697,0.451,0.515,0.544,0.059,0.704,0.228,0.722,0.058,-0.537,-0.093,0.514,0.525,0.496,0.631,0.715,0.486,0.086,-0.682,0.709,0.365,0.627,0.496,0.748,0.581,-0.054,0.598,0.606,0.544,0.483,0.245,0.73,0.516,0.463,-0.043,0.627,0.625,0.879,-0.233,0.761,0.647,0.101,0.635,0.403,0.259,0.601,0.618,0.389,0.441,0.611,0.253,0.501,0.7,0.064,0.557,0.846,0.279,0.448,0.745,-0.007,0.504,0.56,0.668,0.467,0.699,0.224,0.631,0.538,-0.195,0.396,-0.133,0.719,0.593,0.58,0.507,0.719,0.582,0.781,-0.064,0.542,0.704,0.582,0.634,0.651,0.106,0.775,0.536,0.599,0.435,0.238,0.535,0.433,-0.538,0.507,0.617,0.562,0.44,-0.487,0.562,0.836,0.107,0.243,0.626,0.483,-0.173,0.161,0.656,0.647,0.283,0.227,0.244,0.582,0.594,0.364,0.668,0.486,-0.183,-0.536,0.712,0.963
ALGN,0.741,0.71,0.926,0.708,0.715,0.667,0.0,0.395,-0.047,0.973,0.045,0.881,0.804,-0.863,0.687,0.86,0.184,0.94,0.915,0.282,0.83,0.819,0.956,0.924,0.886,0.828,0.921,0.934,0.856,0.96,0.921,0.928,0.836,0.411,0.53,0.23,0.774,0.921,-0.349,0.523,0.691,0.7,0.935,0.076,0.389,0.516,0.943,0.751,0.273,0.53,0.907,0.712,0.895,-0.622,-0.266,0.869,-0.309,0.32,0.909,0.93,0.736,0.954,0.285,0.824,0.905,-0.056,-0.251,0.685,-0.859,-0.243,0.716,0.895,0.914,0.635,0.609,0.815,0.307,0.847,0.752,0.593,0.94,0.773,0.631,0.589,0.007,0.761,0.45,0.926,0.082,-0.035,0.35,0.587,0.722,0.687,0.789,0.908,0.849,0.457,-0.86,0.759,-0.132,0.872,0.599,0.786,0.796,0.208,0.821,0.849,0.925,0.919,0.208,0.903,0.905,0.894,0.403,0.891,0.927,0.463,-0.344,0.933,0.834,0.277,0.867,0.701,0.607,0.881,0.795,0.818,0.615,0.769,0.528,0.639,0.937,0.337,0.855,0.889,0.689,0.914,0.916,-0.407,0.872,0.911,0.86,0.821,0.895,0.359,0.545,0.847,-0.302,0.506,0.256,0.923,0.836,0.234,0.892,0.893,0.926,0.57,0.501,0.876,0.898,0.827,0.787,0.751,0.722,0.786,0.85,0.889,0.728,0.09,0.775,0.848,-0.534,0.814,0.493,0.923,0.885,-0.644,0.835,0.839,0.354,0.51,0.945,0.896,-0.528,0.131,0.569,0.924,0.548,0.182,0.259,0.428,0.932,0.568,0.955,0.727,0.28,-0.369,0.931,0.645
ALLK,0.56,0.031,0.386,0.804,0.238,-0.139,0.395,0.0,0.612,0.379,0.748,0.332,0.091,-0.081,0.766,0.606,0.304,0.316,0.445,-0.072,0.564,0.281,0.501,0.257,0.258,0.51,0.307,0.183,0.339,0.422,0.175,0.294,0.048,-0.091,0.02,0.234,0.115,0.403,-0.298,0.453,-0.089,0.431,0.405,-0.493,0.291,0.677,0.33,-0.003,0.474,0.674,0.227,-0.052,0.598,0.029,-0.255,0.409,0.232,-0.143,0.175,0.457,0.08,0.411,0.601,0.3,0.31,-0.518,0.616,0.568,-0.428,0.506,0.48,0.437,0.426,0.257,0.755,0.524,0.185,0.089,0.674,-0.177,0.323,0.51,-0.166,0.102,0.438,0.276,0.644,0.302,0.521,0.668,0.836,0.329,0.511,0.352,0.41,0.314,0.496,0.642,-0.089,0.226,-0.529,0.429,0.168,0.008,0.532,0.366,0.428,0.54,0.592,0.443,0.226,0.257,0.449,0.594,0.702,0.344,0.247,-0.322,-0.109,0.312,0.272,0.171,0.329,0.695,0.759,0.231,0.188,0.596,-0.088,0.037,0.698,0.223,0.35,0.118,0.235,0.14,0.719,0.635,0.118,-0.2,0.342,0.467,0.442,0.669,0.233,0.629,0.005,0.226,0.427,0.496,0.704,0.405,0.49,-0.4,0.337,0.453,0.444,-0.294,0.62,0.312,0.22,0.289,0.522,0.041,0.691,0.34,0.197,0.477,0.607,-0.351,0.274,0.581,-0.105,0.161,-0.207,0.298,0.616,-0.288,0.125,0.167,0.489,0.607,0.455,0.611,-0.143,0.143,-0.18,0.422,0.61,0.472,0.14,-0.278,0.43,-0.063,0.452,0.288,0.476,0.326,0.181,-0.087
AMD,0.036,-0.078,0.032,0.519,-0.045,-0.228,-0.047,0.612,0.0,-0.063,0.787,-0.009,-0.336,0.407,0.296,0.156,0.485,-0.122,-0.072,-0.146,0.11,-0.164,0.012,-0.063,-0.202,0.129,-0.067,-0.214,0.089,-0.075,-0.267,-0.084,-0.194,0.032,-0.147,0.384,-0.332,-0.015,0.028,0.526,-0.312,0.216,-0.128,-0.405,0.095,0.393,-0.137,-0.084,0.524,0.286,-0.142,-0.439,0.211,0.37,0.034,0.018,0.365,-0.15,-0.295,-0.047,-0.37,-0.036,0.587,-0.209,-0.206,-0.125,0.734,0.137,0.072,0.746,0.282,0.108,-0.042,0.007,0.283,0.135,-0.077,-0.351,0.302,-0.48,-0.167,0.161,-0.413,-0.334,0.338,-0.06,0.527,-0.072,0.41,0.713,0.669,0.018,0.305,-0.227,0.171,-0.017,0.216,0.459,0.349,-0.194,-0.216,-0.07,-0.071,-0.366,0.231,0.348,0.158,0.138,0.123,0.054,0.198,-0.155,0.094,0.226,0.227,-0.026,-0.229,-0.387,0.065,-0.127,0.068,0.222,0.001,0.442,0.561,-0.223,-0.26,0.245,-0.284,-0.255,0.446,-0.11,-0.097,0.127,-0.273,-0.114,0.354,0.156,-0.235,0.175,-0.125,-0.017,0.076,0.22,-0.061,0.333,0.035,-0.288,0.698,0.091,0.678,-0.056,0.211,-0.216,-0.177,0.172,-0.085,-0.41,0.357,-0.174,-0.276,-0.117,0.313,-0.117,0.359,-0.045,-0.199,0.153,0.305,-0.259,-0.212,0.052,0.336,-0.3,-0.048,-0.215,0.079,0.15,-0.235,-0.22,0.262,0.451,-0.021,0.237,0.355,0.173,-0.258,0.066,0.578,0.649,0.359,-0.354,-0.082,-0.398,-0.024,0.078,0.511,0.301,-0.291,-0.11
AMWD,0.76,0.72,0.919,0.703,0.766,0.684,0.973,0.379,-0.063,0.0,0.023,0.882,0.837,-0.857,0.691,0.871,0.21,0.942,0.909,0.302,0.853,0.845,0.942,0.935,0.904,0.828,0.944,0.955,0.85,0.969,0.932,0.945,0.846,0.437,0.558,0.243,0.801,0.938,-0.32,0.503,0.689,0.696,0.951,0.122,0.388,0.509,0.959,0.773,0.298,0.569,0.905,0.739,0.905,-0.583,-0.224,0.889,-0.294,0.385,0.931,0.947,0.77,0.961,0.305,0.849,0.932,-0.034,-0.247,0.703,-0.827,-0.263,0.707,0.913,0.928,0.688,0.594,0.815,0.369,0.874,0.747,0.649,0.956,0.75,0.643,0.641,0.071,0.768,0.423,0.945,0.12,-0.086,0.339,0.65,0.711,0.735,0.759,0.894,0.851,0.498,-0.834,0.797,-0.131,0.907,0.615,0.815,0.787,0.187,0.851,0.854,0.921,0.911,0.237,0.909,0.887,0.889,0.428,0.908,0.943,0.486,-0.323,0.94,0.836,0.19,0.859,0.695,0.601,0.903,0.831,0.793,0.617,0.782,0.499,0.637,0.945,0.333,0.888,0.888,0.678,0.921,0.917,-0.345,0.88,0.932,0.846,0.835,0.905,0.396,0.525,0.879,-0.279,0.514,0.227,0.934,0.829,0.257,0.888,0.88,0.945,0.599,0.471,0.876,0.926,0.873,0.783,0.767,0.702,0.809,0.873,0.918,0.733,0.089,0.825,0.843,-0.588,0.835,0.465,0.917,0.894,-0.642,0.849,0.867,0.378,0.469,0.965,0.896,-0.519,0.202,0.602,0.936,0.505,0.202,0.287,0.457,0.946,0.602,0.966,0.765,0.227,-0.335,0.938,0.659
ARDX,0.193,-0.286,0.111,0.586,0.091,-0.399,0.045,0.748,0.787,0.023,0.0,-0.034,-0.138,0.373,0.437,0.287,0.229,0.031,0.078,0.085,0.28,-0.17,0.162,-0.107,0.019,0.132,-0.075,-0.189,0.047,0.019,-0.143,-0.069,-0.237,-0.022,0.001,0.315,-0.045,0.154,0.133,0.539,-0.139,0.409,0.079,-0.283,-0.02,0.287,-0.047,-0.139,0.522,0.275,-0.031,-0.2,0.253,0.296,-0.293,0.038,0.346,-0.081,-0.156,0.096,-0.108,0.052,0.438,0.066,0.008,-0.324,0.634,0.172,0.014,0.663,0.367,0.193,-0.013,0.114,0.363,0.12,-0.126,-0.176,0.385,-0.331,-0.018,0.145,-0.194,-0.147,0.287,0.025,0.37,-0.019,0.351,0.782,0.676,0.001,0.182,-0.033,0.119,0.012,0.176,0.453,0.291,-0.149,-0.442,0.074,-0.077,-0.267,0.145,0.338,0.123,0.209,0.263,0.204,0.002,-0.099,0.216,0.317,0.599,0.103,-0.05,-0.603,0.198,-0.067,0.169,0.148,0.086,0.391,0.599,-0.035,-0.182,0.288,-0.069,-0.055,0.356,0.002,-0.029,0.293,-0.038,-0.106,0.429,0.301,-0.147,-0.061,0.108,0.163,0.023,0.268,0.045,0.269,-0.061,-0.031,0.453,0.108,0.554,-0.023,0.117,-0.277,0.085,0.102,0.088,-0.403,0.531,-0.017,-0.171,0.062,0.203,-0.036,0.504,-0.133,0.021,0.23,0.217,-0.149,0.027,0.17,0.36,-0.046,-0.158,0.001,0.248,0.191,-0.025,-0.252,0.42,0.509,0.107,0.289,0.199,0.333,-0.163,0.058,0.457,0.349,0.344,-0.244,0.042,-0.101,0.055,0.182,0.605,0.562,-0.155,-0.353
ARQT,0.709,0.837,0.79,0.639,0.628,0.777,0.881,0.332,-0.009,0.882,-0.034,0.0,0.683,-0.812,0.713,0.751,0.329,0.801,0.856,0.018,0.728,0.829,0.851,0.926,0.722,0.773,0.879,0.898,0.806,0.898,0.811,0.884,0.813,0.319,0.353,0.301,0.597,0.788,-0.47,0.386,0.524,0.518,0.827,-0.016,0.515,0.631,0.871,0.739,0.095,0.595,0.721,0.555,0.828,-0.528,-0.089,0.859,-0.322,0.262,0.785,0.886,0.557,0.875,0.374,0.662,0.787,0.109,-0.142,0.765,-0.829,-0.205,0.485,0.826,0.913,0.469,0.597,0.844,0.493,0.697,0.689,0.539,0.885,0.783,0.441,0.587,0.119,0.814,0.585,0.826,0.18,-0.155,0.333,0.582,0.763,0.664,0.74,0.825,0.766,0.409,-0.788,0.778,-0.079,0.814,0.5,0.707,0.876,0.217,0.767,0.807,0.866,0.742,0.226,0.817,0.733,0.789,0.342,0.793,0.763,0.598,-0.459,0.9,0.715,0.209,0.713,0.758,0.593,0.715,0.693,0.732,0.41,0.628,0.621,0.603,0.884,0.062,0.705,0.827,0.574,0.817,0.808,-0.287,0.759,0.781,0.808,0.803,0.774,0.491,0.413,0.702,-0.12,0.643,0.265,0.898,0.874,0.175,0.698,0.897,0.837,0.516,0.345,0.779,0.853,0.751,0.805,0.579,0.545,0.855,0.665,0.818,0.752,-0.097,0.677,0.769,-0.559,0.65,0.324,0.751,0.767,-0.719,0.668,0.877,0.299,0.401,0.839,0.828,-0.486,0.031,0.462,0.871,0.565,0.361,0.162,0.319,0.889,0.371,0.881,0.585,0.219,-0.441,0.832,0.771
ASTE,0.593,0.604,0.82,0.41,0.776,0.676,0.804,0.091,-0.336,0.837,-0.138,0.683,0.0,-0.718,0.42,0.663,-0.076,0.906,0.714,0.499,0.762,0.737,0.729,0.799,0.933,0.572,0.825,0.872,0.713,0.822,0.884,0.828,0.856,0.625,0.824,0.241,0.947,0.877,0.043,0.37,0.841,0.655,0.836,0.534,0.222,0.119,0.846,0.771,0.162,0.271,0.889,0.933,0.679,-0.457,-0.195,0.779,-0.263,0.688,0.943,0.779,0.909,0.793,0.015,0.904,0.902,0.213,-0.517,0.47,-0.517,-0.503,0.493,0.827,0.707,0.751,0.248,0.533,0.378,0.959,0.462,0.92,0.861,0.446,0.869,0.802,0.017,0.742,0.015,0.865,-0.02,-0.426,-0.018,0.592,0.395,0.73,0.483,0.792,0.587,0.187,-0.726,0.78,0.053,0.868,0.524,0.94,0.491,-0.062,0.706,0.705,0.756,0.754,0.071,0.862,0.739,0.614,0.406,0.874,0.898,0.577,-0.083,0.815,0.83,0.068,0.815,0.35,0.37,0.898,0.848,0.491,0.825,0.902,0.107,0.573,0.801,0.48,0.934,0.873,0.424,0.689,0.921,-0.218,0.794,0.847,0.601,0.549,0.898,0.118,0.606,0.934,-0.443,0.383,-0.232,0.777,0.455,0.556,0.857,0.632,0.828,0.821,0.192,0.735,0.897,0.751,0.482,0.89,0.404,0.636,0.901,0.787,0.328,0.396,0.922,0.624,-0.51,0.938,0.614,0.86,0.727,-0.337,0.922,0.792,0.379,0.342,0.853,0.599,-0.31,0.467,0.816,0.734,0.173,-0.078,0.332,0.798,0.761,0.854,0.791,0.783,-0.074,-0.25,0.913,0.586
AUPH,-0.638,-0.721,-0.728,-0.407,-0.568,-0.69,-0.863,-0.081,0.407,-0.857,0.373,-0.812,-0.718,0.0,-0.488,-0.636,-0.069,-0.798,-0.837,-0.136,-0.607,-0.795,-0.822,-0.849,-0.753,-0.731,-0.836,-0.888,-0.686,-0.854,-0.871,-0.827,-0.795,-0.217,-0.336,-0.0,-0.666,-0.745,0.518,-0.184,-0.597,-0.426,-0.825,-0.069,-0.381,-0.413,-0.861,-0.645,0.013,-0.424,-0.758,-0.665,-0.701,0.752,0.168,-0.73,0.467,-0.194,-0.847,-0.826,-0.667,-0.849,-0.093,-0.69,-0.814,0.001,0.439,-0.6,0.855,0.454,-0.484,-0.68,-0.87,-0.415,-0.477,-0.748,-0.323,-0.782,-0.533,-0.596,-0.856,-0.673,-0.58,-0.563,0.127,-0.638,-0.332,-0.789,0.075,0.322,-0.092,-0.468,-0.593,-0.628,-0.638,-0.764,-0.694,-0.268,0.916,-0.731,0.047,-0.719,-0.518,-0.753,-0.695,-0.118,-0.649,-0.649,-0.733,-0.721,-0.186,-0.813,-0.694,-0.691,-0.122,-0.718,-0.839,-0.599,0.489,-0.862,-0.592,-0.141,-0.658,-0.507,-0.285,-0.785,-0.76,-0.672,-0.493,-0.648,-0.38,-0.56,-0.857,-0.057,-0.753,-0.762,-0.426,-0.728,-0.838,0.426,-0.741,-0.735,-0.745,-0.664,-0.735,-0.278,-0.337,-0.753,0.457,-0.45,-0.074,-0.835,-0.75,-0.164,-0.736,-0.75,-0.8,-0.561,-0.279,-0.828,-0.887,-0.717,-0.617,-0.577,-0.47,-0.759,-0.723,-0.683,-0.617,0.019,-0.66,-0.741,0.656,-0.713,-0.347,-0.813,-0.713,0.749,-0.717,-0.847,-0.112,-0.128,-0.781,-0.708,0.71,0.137,-0.453,-0.81,-0.289,0.015,0.012,-0.356,-0.862,-0.482,-0.83,-0.509,-0.061,0.569,-0.889,-0.662
AVXL,0.798,0.427,0.636,0.797,0.489,0.304,0.687,0.766,0.296,0.691,0.437,0.713,0.42,-0.488,0.0,0.806,0.242,0.583,0.71,-0.142,0.709,0.616,0.758,0.63,0.531,0.622,0.602,0.574,0.558,0.755,0.559,0.659,0.403,0.015,0.186,0.113,0.41,0.655,-0.502,0.34,0.206,0.537,0.732,-0.337,0.448,0.796,0.669,0.354,0.211,0.752,0.47,0.268,0.791,-0.206,-0.271,0.675,0.041,-0.013,0.496,0.767,0.316,0.691,0.508,0.535,0.61,-0.265,0.321,0.799,-0.707,0.16,0.42,0.709,0.747,0.366,0.834,0.781,0.474,0.406,0.859,0.185,0.712,0.66,0.12,0.398,0.311,0.652,0.713,0.558,0.391,0.295,0.649,0.505,0.63,0.63,0.619,0.567,0.635,0.496,-0.49,0.547,-0.486,0.682,0.304,0.375,0.805,0.297,0.631,0.799,0.833,0.601,0.1,0.568,0.613,0.805,0.76,0.648,0.548,0.1,-0.218,0.682,0.524,0.174,0.528,0.803,0.796,0.508,0.433,0.786,0.123,0.332,0.736,0.517,0.649,0.039,0.527,0.489,0.725,0.819,0.467,-0.425,0.69,0.704,0.658,0.828,0.542,0.688,0.125,0.525,0.143,0.671,0.522,0.728,0.755,-0.23,0.596,0.733,0.722,0.025,0.602,0.665,0.574,0.649,0.696,0.244,0.655,0.681,0.445,0.725,0.776,-0.267,0.538,0.751,-0.44,0.426,-0.106,0.581,0.77,-0.651,0.401,0.561,0.592,0.582,0.705,0.773,-0.488,0.093,0.094,0.684,0.55,0.391,0.14,-0.022,0.769,0.151,0.727,0.404,0.44,0.034,0.539,0.311
AZTA,0.816,0.549,0.867,0.803,0.73,0.46,0.86,0.606,0.156,0.871,0.287,0.751,0.663,-0.636,0.806,0.0,0.357,0.799,0.804,0.166,0.873,0.745,0.883,0.796,0.762,0.771,0.821,0.781,0.725,0.893,0.79,0.847,0.619,0.356,0.452,0.343,0.641,0.83,-0.33,0.544,0.443,0.694,0.866,-0.086,0.42,0.667,0.856,0.637,0.435,0.732,0.774,0.508,0.916,-0.317,-0.176,0.845,-0.056,0.282,0.763,0.858,0.603,0.88,0.519,0.734,0.788,-0.259,0.083,0.767,-0.729,0.027,0.705,0.845,0.829,0.686,0.754,0.717,0.46,0.706,0.781,0.421,0.838,0.712,0.4,0.543,0.319,0.64,0.538,0.829,0.41,0.177,0.548,0.682,0.724,0.751,0.791,0.785,0.862,0.545,-0.595,0.693,-0.217,0.851,0.613,0.593,0.774,0.292,0.851,0.92,0.887,0.841,0.347,0.815,0.842,0.863,0.608,0.848,0.791,0.229,-0.111,0.828,0.784,0.09,0.834,0.747,0.742,0.788,0.707,0.783,0.384,0.574,0.613,0.574,0.809,0.342,0.751,0.743,0.817,0.911,0.704,-0.275,0.796,0.897,0.828,0.881,0.735,0.573,0.468,0.728,-0.055,0.573,0.394,0.871,0.777,0.1,0.82,0.809,0.902,0.362,0.534,0.751,0.762,0.74,0.813,0.606,0.729,0.762,0.695,0.878,0.791,0.042,0.717,0.83,-0.502,0.659,0.285,0.788,0.903,-0.557,0.637,0.706,0.621,0.557,0.91,0.878,-0.39,0.278,0.406,0.854,0.544,0.249,0.235,0.251,0.836,0.419,0.91,0.729,0.263,-0.003,0.744,0.487
BAND,0.23,0.428,0.169,0.502,0.264,0.253,0.184,0.304,0.485,0.21,0.229,0.329,-0.076,-0.069,0.242,0.357,0.0,0.09,0.131,-0.371,0.253,0.271,0.204,0.334,-0.095,0.417,0.292,0.168,0.383,0.212,0.094,0.294,0.184,0.212,-0.091,0.56,-0.246,0.139,-0.259,0.369,-0.252,0.007,0.086,-0.355,0.513,0.612,0.192,0.363,0.422,0.547,0.074,-0.326,0.407,0.214,0.54,0.359,0.124,0.061,0.02,0.187,-0.219,0.273,0.827,-0.151,-0.032,-0.126,0.562,0.471,-0.158,0.509,0.283,0.26,0.29,0.245,0.373,0.241,0.436,-0.075,0.233,-0.183,0.136,0.454,-0.263,0.006,0.598,0.108,0.55,0.221,0.717,0.228,0.516,0.369,0.623,0.076,0.57,0.286,0.427,0.622,0.081,0.21,0.224,0.167,0.262,-0.041,0.487,0.351,0.344,0.374,0.228,0.171,0.63,0.195,0.205,0.221,-0.074,0.107,0.007,0.141,-0.058,0.222,0.183,-0.23,0.203,0.595,0.417,0.016,0.103,0.213,-0.338,-0.119,0.571,0.247,0.242,-0.071,-0.121,0.257,0.447,0.247,0.016,0.449,-0.017,0.153,0.423,0.468,0.032,0.576,0.181,-0.132,0.581,0.356,0.588,0.307,0.49,0.072,-0.056,0.358,0.247,-0.017,-0.074,0.113,0.125,0.061,0.605,0.057,0.229,0.403,-0.092,0.286,0.563,-0.274,-0.029,0.196,-0.064,-0.18,0.074,-0.061,0.256,-0.138,-0.144,0.278,0.157,0.153,0.232,0.353,0.224,0.073,-0.102,0.334,0.507,0.659,0.013,-0.225,0.188,-0.417,0.282,0.155,0.114,0.039,0.008,0.426
BECN,0.716,0.64,0.89,0.637,0.756,0.65,0.94,0.316,-0.122,0.942,0.031,0.801,0.906,-0.798,0.583,0.799,0.09,0.0,0.877,0.438,0.863,0.797,0.892,0.885,0.943,0.799,0.919,0.918,0.863,0.916,0.929,0.889,0.861,0.51,0.704,0.3,0.875,0.951,-0.161,0.56,0.774,0.73,0.923,0.268,0.382,0.355,0.92,0.769,0.292,0.445,0.926,0.837,0.826,-0.599,-0.232,0.853,-0.329,0.519,0.96,0.912,0.866,0.933,0.191,0.914,0.947,0.016,-0.359,0.621,-0.744,-0.315,0.674,0.885,0.866,0.712,0.48,0.718,0.312,0.927,0.63,0.753,0.922,0.705,0.765,0.719,0.039,0.76,0.282,0.934,0.072,-0.158,0.263,0.642,0.621,0.736,0.666,0.912,0.777,0.404,-0.807,0.823,-0.041,0.895,0.544,0.875,0.683,0.115,0.806,0.789,0.885,0.902,0.147,0.908,0.869,0.788,0.431,0.901,0.935,0.504,-0.289,0.89,0.846,0.229,0.883,0.582,0.528,0.937,0.83,0.693,0.737,0.86,0.388,0.684,0.933,0.459,0.929,0.898,0.622,0.871,0.949,-0.277,0.851,0.93,0.774,0.743,0.916,0.277,0.557,0.917,-0.329,0.511,0.093,0.882,0.683,0.382,0.908,0.808,0.924,0.707,0.381,0.849,0.927,0.791,0.659,0.85,0.633,0.728,0.91,0.867,0.58,0.174,0.894,0.809,-0.484,0.915,0.573,0.932,0.862,-0.503,0.904,0.853,0.371,0.477,0.954,0.829,-0.396,0.291,0.676,0.89,0.413,0.125,0.263,0.59,0.888,0.718,0.915,0.8,0.162,-0.285,0.953,0.594
BFC,0.803,0.563,0.789,0.695,0.618,0.495,0.915,0.445,-0.072,0.909,0.078,0.856,0.714,-0.837,0.71,0.804,0.131,0.877,0.0,0.286,0.806,0.758,0.943,0.813,0.835,0.872,0.852,0.838,0.76,0.9,0.849,0.798,0.731,0.187,0.379,0.239,0.716,0.881,-0.462,0.486,0.569,0.67,0.916,-0.073,0.437,0.546,0.86,0.564,0.198,0.59,0.75,0.66,0.831,-0.695,-0.323,0.8,-0.414,0.172,0.847,0.933,0.724,0.932,0.239,0.828,0.906,-0.173,-0.181,0.745,-0.884,-0.178,0.653,0.773,0.917,0.488,0.687,0.85,0.246,0.768,0.704,0.525,0.892,0.836,0.542,0.555,-0.001,0.694,0.516,0.834,0.07,0.027,0.442,0.517,0.714,0.721,0.637,0.832,0.816,0.474,-0.807,0.745,-0.263,0.832,0.428,0.684,0.789,0.275,0.745,0.749,0.905,0.88,0.148,0.803,0.818,0.835,0.457,0.804,0.856,0.33,-0.514,0.854,0.684,0.241,0.721,0.708,0.57,0.807,0.74,0.789,0.521,0.664,0.593,0.608,0.902,0.219,0.822,0.731,0.616,0.925,0.827,-0.432,0.852,0.864,0.757,0.828,0.77,0.422,0.269,0.824,-0.294,0.604,0.326,0.871,0.809,-0.014,0.823,0.823,0.912,0.434,0.527,0.868,0.88,0.76,0.685,0.598,0.746,0.712,0.796,0.817,0.71,-0.162,0.771,0.891,-0.49,0.796,0.258,0.879,0.882,-0.68,0.779,0.783,0.328,0.381,0.889,0.901,-0.629,-0.007,0.404,0.885,0.519,0.174,0.081,0.256,0.942,0.527,0.9,0.656,0.354,-0.28,0.871,0.457
BGC,0.021,-0.121,0.347,0.076,0.35,-0.007,0.282,-0.072,-0.146,0.302,0.085,0.018,0.499,-0.136,-0.142,0.166,-0.371,0.438,0.286,0.0,0.32,0.008,0.266,0.111,0.585,0.16,0.246,0.261,0.182,0.173,0.335,0.136,0.28,0.412,0.578,0.154,0.644,0.427,0.512,0.427,0.65,0.554,0.325,0.548,-0.378,-0.465,0.221,0.2,0.3,-0.251,0.47,0.665,0.124,-0.356,-0.477,0.128,-0.246,0.425,0.445,0.237,0.673,0.262,-0.36,0.585,0.478,0.034,-0.529,-0.218,-0.019,-0.251,0.525,0.261,0.074,0.444,-0.162,0.008,-0.457,0.533,0.049,0.466,0.238,0.008,0.69,0.219,-0.354,0.063,-0.384,0.394,-0.416,-0.011,-0.097,0.049,-0.087,0.182,-0.076,0.273,0.189,0.018,-0.217,0.106,0.005,0.316,0.187,0.378,-0.181,-0.087,0.207,0.043,0.194,0.505,-0.144,0.256,0.441,0.225,0.146,0.354,0.495,-0.089,0.055,0.133,0.426,0.264,0.369,-0.169,0.031,0.492,0.376,0.086,0.786,0.597,-0.312,0.043,0.232,0.693,0.555,0.257,0.069,0.259,0.443,-0.148,0.364,0.373,0.026,-0.01,0.472,-0.44,0.285,0.557,-0.508,-0.301,-0.264,0.103,-0.083,0.334,0.49,0.058,0.272,0.436,0.309,0.24,0.272,0.339,-0.072,0.628,0.377,-0.173,0.664,0.279,-0.184,0.434,0.49,0.17,0.116,0.642,0.51,0.496,0.24,0.236,0.665,0.038,0.042,0.133,0.33,0.227,-0.021,0.398,0.609,0.215,0.043,-0.364,0.467,0.565,0.17,0.788,0.215,0.588,0.138,0.033,0.377,-0.11
BHF,0.821,0.519,0.823,0.775,0.749,0.463,0.83,0.564,0.11,0.853,0.28,0.728,0.762,-0.607,0.709,0.873,0.253,0.863,0.806,0.32,0.0,0.713,0.865,0.772,0.837,0.788,0.844,0.784,0.773,0.873,0.787,0.815,0.667,0.455,0.563,0.492,0.724,0.871,-0.201,0.629,0.543,0.718,0.864,0.07,0.452,0.547,0.854,0.65,0.496,0.676,0.786,0.624,0.88,-0.338,-0.202,0.861,-0.082,0.456,0.826,0.849,0.699,0.875,0.458,0.833,0.837,-0.21,-0.037,0.735,-0.641,0.021,0.692,0.864,0.802,0.71,0.661,0.69,0.434,0.785,0.729,0.566,0.834,0.716,0.511,0.663,0.326,0.651,0.441,0.86,0.365,0.068,0.526,0.684,0.699,0.778,0.665,0.803,0.811,0.543,-0.572,0.753,-0.146,0.899,0.525,0.674,0.71,0.215,0.835,0.853,0.901,0.86,0.31,0.822,0.852,0.775,0.603,0.861,0.806,0.268,-0.189,0.822,0.783,0.135,0.823,0.686,0.719,0.823,0.77,0.693,0.523,0.683,0.564,0.577,0.828,0.387,0.819,0.768,0.768,0.903,0.746,-0.168,0.79,0.93,0.774,0.85,0.78,0.529,0.436,0.796,-0.036,0.602,0.262,0.847,0.671,0.196,0.835,0.78,0.906,0.496,0.449,0.747,0.811,0.722,0.717,0.713,0.686,0.721,0.767,0.862,0.672,0.023,0.84,0.829,-0.458,0.766,0.372,0.808,0.922,-0.438,0.722,0.725,0.576,0.532,0.919,0.85,-0.29,0.416,0.496,0.823,0.514,0.206,0.241,0.396,0.829,0.549,0.898,0.796,0.173,0.01,0.796,0.45
BHFAL,0.717,0.774,0.755,0.527,0.58,0.724,0.819,0.281,-0.164,0.845,-0.17,0.829,0.737,-0.795,0.616,0.745,0.271,0.797,0.758,0.008,0.713,0.0,0.757,0.878,0.707,0.695,0.844,0.864,0.769,0.874,0.836,0.876,0.767,0.377,0.441,0.215,0.617,0.759,-0.398,0.3,0.485,0.389,0.804,0.068,0.498,0.551,0.867,0.716,0.174,0.56,0.731,0.584,0.772,-0.424,0.107,0.84,-0.275,0.358,0.815,0.836,0.618,0.832,0.306,0.686,0.775,0.101,-0.183,0.728,-0.726,-0.321,0.383,0.799,0.845,0.56,0.509,0.725,0.585,0.749,0.57,0.638,0.856,0.684,0.468,0.741,0.208,0.8,0.396,0.791,0.261,-0.282,0.201,0.773,0.622,0.7,0.662,0.783,0.724,0.404,-0.684,0.809,-0.04,0.822,0.517,0.78,0.768,0.12,0.771,0.752,0.785,0.642,0.22,0.829,0.633,0.684,0.334,0.765,0.736,0.66,-0.293,0.867,0.618,0.039,0.729,0.604,0.449,0.744,0.75,0.596,0.375,0.62,0.47,0.686,0.863,0.041,0.744,0.798,0.531,0.735,0.776,-0.147,0.698,0.759,0.771,0.726,0.709,0.473,0.435,0.713,-0.113,0.639,0.187,0.856,0.738,0.27,0.684,0.766,0.824,0.573,0.169,0.79,0.867,0.676,0.679,0.59,0.388,0.883,0.632,0.749,0.708,0.015,0.704,0.709,-0.694,0.663,0.324,0.707,0.726,-0.655,0.627,0.923,0.31,0.357,0.826,0.718,-0.429,0.122,0.422,0.819,0.322,0.296,0.031,0.347,0.839,0.406,0.838,0.543,-0.041,-0.386,0.816,0.729
BKNG,0.81,0.601,0.867,0.767,0.704,0.525,0.956,0.501,0.012,0.942,0.162,0.851,0.729,-0.822,0.758,0.883,0.204,0.892,0.943,0.266,0.865,0.757,0.0,0.851,0.858,0.87,0.881,0.865,0.786,0.944,0.872,0.856,0.724,0.262,0.412,0.263,0.729,0.889,-0.441,0.545,0.577,0.727,0.941,-0.064,0.423,0.598,0.915,0.643,0.308,0.636,0.821,0.639,0.901,-0.625,-0.352,0.85,-0.281,0.2,0.857,0.939,0.685,0.952,0.355,0.817,0.891,-0.222,-0.128,0.749,-0.878,-0.108,0.742,0.854,0.924,0.543,0.731,0.839,0.294,0.785,0.775,0.494,0.911,0.823,0.518,0.525,0.053,0.678,0.56,0.877,0.138,0.099,0.487,0.52,0.764,0.728,0.75,0.853,0.864,0.493,-0.805,0.734,-0.263,0.853,0.513,0.662,0.809,0.311,0.801,0.851,0.947,0.937,0.222,0.848,0.909,0.908,0.503,0.862,0.894,0.289,-0.413,0.91,0.778,0.235,0.802,0.755,0.684,0.853,0.737,0.858,0.528,0.68,0.625,0.613,0.904,0.29,0.817,0.794,0.72,0.967,0.825,-0.457,0.9,0.929,0.831,0.879,0.83,0.452,0.366,0.814,-0.247,0.563,0.35,0.902,0.847,0.042,0.891,0.867,0.942,0.425,0.599,0.873,0.865,0.798,0.775,0.65,0.799,0.748,0.813,0.874,0.773,-0.074,0.759,0.917,-0.506,0.769,0.321,0.918,0.935,-0.682,0.776,0.767,0.441,0.433,0.92,0.94,-0.591,0.086,0.436,0.905,0.586,0.155,0.194,0.285,0.945,0.508,0.955,0.711,0.371,-0.246,0.882,0.51
BL,0.694,0.883,0.873,0.637,0.735,0.853,0.924,0.257,-0.063,0.935,-0.107,0.926,0.799,-0.849,0.63,0.796,0.334,0.885,0.813,0.111,0.772,0.878,0.851,0.0,0.797,0.783,0.952,0.964,0.881,0.937,0.9,0.973,0.906,0.505,0.528,0.288,0.683,0.855,-0.34,0.438,0.634,0.575,0.857,0.133,0.494,0.55,0.939,0.874,0.229,0.548,0.857,0.646,0.864,-0.496,-0.013,0.906,-0.252,0.431,0.875,0.891,0.643,0.911,0.378,0.711,0.822,0.135,-0.238,0.717,-0.769,-0.297,0.568,0.896,0.913,0.633,0.512,0.782,0.513,0.807,0.673,0.653,0.917,0.733,0.58,0.649,0.131,0.814,0.465,0.917,0.194,-0.239,0.259,0.67,0.738,0.681,0.812,0.89,0.797,0.418,-0.815,0.825,0.037,0.86,0.614,0.824,0.835,0.13,0.832,0.846,0.857,0.792,0.303,0.904,0.801,0.803,0.287,0.856,0.853,0.687,-0.317,0.943,0.805,0.17,0.821,0.695,0.566,0.816,0.792,0.73,0.516,0.724,0.516,0.664,0.923,0.21,0.774,0.934,0.612,0.819,0.895,-0.201,0.776,0.843,0.868,0.789,0.872,0.433,0.582,0.76,-0.172,0.564,0.184,0.94,0.84,0.381,0.769,0.919,0.875,0.666,0.296,0.812,0.901,0.777,0.83,0.743,0.523,0.889,0.752,0.866,0.729,0.082,0.738,0.762,-0.614,0.716,0.542,0.811,0.799,-0.655,0.744,0.934,0.319,0.429,0.904,0.82,-0.41,0.184,0.603,0.912,0.491,0.303,0.261,0.479,0.887,0.463,0.929,0.687,0.095,-0.442,0.895,0.851
BOKF,0.659,0.529,0.885,0.543,0.766,0.572,0.886,0.258,-0.202,0.904,0.019,0.722,0.933,-0.753,0.531,0.762,-0.095,0.943,0.835,0.585,0.837,0.707,0.858,0.797,0.0,0.68,0.856,0.885,0.71,0.872,0.905,0.828,0.801,0.496,0.711,0.22,0.958,0.926,-0.059,0.497,0.83,0.799,0.914,0.386,0.177,0.2,0.881,0.703,0.255,0.339,0.919,0.92,0.763,-0.589,-0.413,0.78,-0.286,0.535,0.955,0.865,0.928,0.878,0.049,0.965,0.966,0.043,-0.466,0.497,-0.661,-0.391,0.674,0.851,0.777,0.71,0.4,0.648,0.216,0.961,0.601,0.791,0.892,0.545,0.827,0.697,-0.075,0.694,0.151,0.904,-0.082,-0.193,0.156,0.548,0.479,0.727,0.53,0.809,0.715,0.271,-0.782,0.733,-0.116,0.887,0.529,0.849,0.55,0.064,0.769,0.739,0.843,0.894,0.065,0.868,0.87,0.768,0.484,0.922,0.964,0.394,-0.199,0.837,0.867,0.204,0.852,0.439,0.495,0.954,0.84,0.658,0.834,0.897,0.23,0.53,0.846,0.52,0.974,0.833,0.545,0.829,0.931,-0.405,0.872,0.925,0.655,0.645,0.934,0.141,0.529,0.97,-0.457,0.366,-0.06,0.802,0.563,0.366,0.946,0.714,0.877,0.699,0.463,0.798,0.891,0.82,0.561,0.872,0.628,0.608,0.963,0.853,0.447,0.287,0.92,0.764,-0.477,0.963,0.544,0.958,0.829,-0.417,0.957,0.74,0.402,0.394,0.915,0.761,-0.448,0.379,0.747,0.818,0.32,-0.085,0.373,0.669,0.833,0.854,0.865,0.853,0.144,-0.239,0.94,0.486
BRKR,0.716,0.567,0.713,0.77,0.62,0.463,0.828,0.51,0.129,0.828,0.132,0.773,0.572,-0.731,0.622,0.771,0.417,0.799,0.872,0.16,0.788,0.695,0.87,0.783,0.68,0.0,0.857,0.748,0.811,0.813,0.721,0.734,0.702,0.208,0.317,0.385,0.509,0.784,-0.521,0.601,0.365,0.598,0.767,-0.238,0.605,0.667,0.771,0.54,0.352,0.713,0.678,0.45,0.839,-0.57,-0.094,0.801,-0.274,0.17,0.743,0.836,0.553,0.891,0.519,0.656,0.754,-0.273,0.057,0.788,-0.813,0.046,0.683,0.705,0.91,0.453,0.735,0.843,0.332,0.625,0.607,0.362,0.752,0.899,0.338,0.428,0.248,0.521,0.67,0.8,0.315,0.117,0.632,0.515,0.879,0.663,0.71,0.841,0.875,0.647,-0.677,0.75,-0.121,0.754,0.375,0.558,0.843,0.379,0.774,0.75,0.84,0.841,0.444,0.751,0.794,0.749,0.311,0.696,0.729,0.319,-0.576,0.773,0.613,0.143,0.69,0.824,0.645,0.713,0.67,0.775,0.329,0.47,0.747,0.567,0.85,0.246,0.639,0.689,0.727,0.88,0.706,-0.156,0.648,0.806,0.804,0.894,0.656,0.584,0.303,0.636,-0.028,0.672,0.491,0.847,0.819,-0.01,0.652,0.831,0.85,0.349,0.417,0.717,0.806,0.559,0.778,0.539,0.758,0.73,0.633,0.781,0.776,-0.304,0.659,0.902,-0.43,0.618,0.287,0.742,0.89,-0.602,0.598,0.756,0.341,0.325,0.832,0.896,-0.401,-0.016,0.252,0.886,0.67,0.389,0.028,0.15,0.849,0.292,0.869,0.648,0.293,-0.215,0.749,0.478
CACC,0.723,0.793,0.888,0.645,0.746,0.77,0.921,0.307,-0.067,0.944,-0.075,0.879,0.825,-0.836,0.602,0.821,0.292,0.919,0.852,0.246,0.844,0.844,0.881,0.952,0.856,0.857,0.0,0.96,0.882,0.94,0.904,0.943,0.895,0.516,0.576,0.352,0.737,0.885,-0.335,0.508,0.628,0.636,0.868,0.127,0.526,0.529,0.941,0.811,0.282,0.613,0.886,0.702,0.884,-0.527,-0.055,0.938,-0.226,0.481,0.925,0.901,0.727,0.946,0.382,0.791,0.871,0.013,-0.25,0.718,-0.766,-0.251,0.641,0.871,0.93,0.678,0.566,0.784,0.494,0.863,0.638,0.673,0.905,0.757,0.585,0.643,0.212,0.725,0.457,0.963,0.228,-0.205,0.342,0.673,0.785,0.78,0.769,0.93,0.866,0.439,-0.802,0.886,0.051,0.917,0.605,0.817,0.8,0.159,0.893,0.859,0.88,0.863,0.384,0.94,0.858,0.774,0.301,0.884,0.883,0.61,-0.378,0.929,0.823,0.153,0.872,0.686,0.581,0.877,0.861,0.719,0.559,0.715,0.537,0.604,0.939,0.308,0.836,0.916,0.67,0.859,0.895,-0.163,0.769,0.909,0.875,0.835,0.868,0.475,0.581,0.815,-0.168,0.604,0.167,0.951,0.788,0.334,0.811,0.905,0.915,0.683,0.308,0.778,0.935,0.742,0.807,0.786,0.597,0.861,0.796,0.881,0.698,0.052,0.825,0.844,-0.583,0.783,0.54,0.862,0.87,-0.594,0.779,0.917,0.388,0.389,0.946,0.854,-0.366,0.222,0.608,0.942,0.528,0.25,0.242,0.5,0.885,0.542,0.96,0.795,0.059,-0.333,0.913,0.753
CAR,0.685,0.828,0.893,0.542,0.734,0.837,0.934,0.183,-0.214,0.955,-0.189,0.898,0.872,-0.888,0.574,0.781,0.168,0.918,0.838,0.261,0.784,0.864,0.865,0.964,0.885,0.748,0.96,0.0,0.841,0.948,0.947,0.965,0.905,0.51,0.589,0.226,0.796,0.874,-0.289,0.386,0.725,0.596,0.897,0.238,0.413,0.428,0.963,0.849,0.17,0.49,0.906,0.776,0.83,-0.576,-0.118,0.897,-0.294,0.476,0.948,0.902,0.766,0.919,0.222,0.809,0.893,0.108,-0.405,0.639,-0.768,-0.413,0.578,0.874,0.901,0.669,0.467,0.746,0.455,0.907,0.634,0.746,0.942,0.679,0.677,0.686,0.05,0.78,0.333,0.95,0.075,-0.308,0.161,0.649,0.666,0.749,0.735,0.889,0.78,0.316,-0.866,0.849,0.039,0.898,0.632,0.873,0.734,0.079,0.829,0.818,0.845,0.827,0.246,0.937,0.822,0.774,0.288,0.888,0.921,0.672,-0.322,0.952,0.825,0.169,0.856,0.58,0.476,0.89,0.862,0.679,0.629,0.795,0.406,0.617,0.932,0.261,0.876,0.934,0.565,0.813,0.936,-0.275,0.825,0.882,0.838,0.746,0.898,0.341,0.588,0.859,-0.329,0.514,0.041,0.929,0.766,0.388,0.85,0.869,0.894,0.742,0.304,0.825,0.94,0.827,0.745,0.794,0.514,0.852,0.839,0.852,0.643,0.168,0.817,0.772,-0.648,0.819,0.549,0.888,0.799,-0.639,0.83,0.927,0.318,0.374,0.923,0.799,-0.464,0.198,0.686,0.898,0.402,0.13,0.254,0.564,0.889,0.617,0.937,0.74,0.028,-0.439,0.951,0.798
CDNA,0.609,0.754,0.767,0.703,0.647,0.725,0.856,0.339,0.089,0.85,0.047,0.806,0.713,-0.686,0.558,0.725,0.383,0.863,0.76,0.182,0.773,0.769,0.786,0.881,0.71,0.811,0.882,0.841,0.0,0.831,0.787,0.857,0.835,0.542,0.59,0.436,0.59,0.822,-0.232,0.602,0.565,0.526,0.756,0.046,0.628,0.541,0.821,0.801,0.352,0.55,0.797,0.564,0.79,-0.43,0.07,0.859,-0.244,0.414,0.795,0.791,0.578,0.838,0.427,0.654,0.728,-0.023,-0.113,0.673,-0.673,-0.103,0.59,0.809,0.827,0.646,0.518,0.7,0.413,0.713,0.613,0.566,0.8,0.825,0.502,0.532,0.233,0.72,0.456,0.866,0.28,-0.056,0.421,0.618,0.788,0.629,0.787,0.935,0.743,0.524,-0.682,0.781,0.115,0.781,0.496,0.755,0.763,0.177,0.738,0.771,0.806,0.803,0.286,0.801,0.777,0.696,0.261,0.716,0.733,0.577,-0.36,0.825,0.722,0.239,0.787,0.739,0.566,0.705,0.684,0.619,0.477,0.645,0.604,0.719,0.854,0.29,0.687,0.885,0.644,0.777,0.808,0.019,0.663,0.788,0.845,0.782,0.761,0.45,0.572,0.668,-0.057,0.59,0.296,0.865,0.77,0.343,0.685,0.85,0.837,0.643,0.203,0.751,0.792,0.659,0.75,0.725,0.569,0.783,0.681,0.761,0.683,-0.008,0.69,0.703,-0.396,0.666,0.586,0.731,0.759,-0.517,0.678,0.856,0.296,0.578,0.846,0.806,-0.168,0.172,0.521,0.836,0.602,0.464,0.193,0.416,0.804,0.392,0.852,0.623,0.187,-0.282,0.778,0.715
CG,0.831,0.747,0.914,0.7,0.736,0.692,0.96,0.422,-0.075,0.969,0.019,0.898,0.822,-0.854,0.755,0.893,0.212,0.916,0.9,0.173,0.873,0.874,0.944,0.937,0.872,0.813,0.94,0.948,0.831,0.0,0.925,0.96,0.814,0.405,0.526,0.249,0.76,0.904,-0.398,0.442,0.614,0.656,0.945,0.053,0.475,0.601,0.976,0.759,0.25,0.646,0.869,0.689,0.922,-0.518,-0.193,0.928,-0.22,0.353,0.912,0.943,0.717,0.954,0.352,0.825,0.899,-0.07,-0.192,0.778,-0.828,-0.244,0.621,0.915,0.942,0.656,0.671,0.812,0.496,0.852,0.766,0.634,0.959,0.756,0.566,0.666,0.158,0.792,0.487,0.925,0.209,-0.107,0.362,0.665,0.739,0.792,0.778,0.887,0.85,0.424,-0.82,0.835,-0.156,0.926,0.608,0.794,0.831,0.186,0.866,0.914,0.943,0.864,0.255,0.934,0.864,0.866,0.485,0.917,0.905,0.503,-0.303,0.97,0.82,0.154,0.863,0.715,0.63,0.875,0.84,0.795,0.526,0.718,0.562,0.654,0.939,0.249,0.86,0.889,0.698,0.917,0.879,-0.35,0.882,0.938,0.877,0.867,0.865,0.495,0.5,0.843,-0.219,0.625,0.216,0.966,0.831,0.211,0.885,0.898,0.954,0.571,0.437,0.866,0.93,0.822,0.798,0.706,0.645,0.879,0.801,0.902,0.757,0.045,0.816,0.872,-0.64,0.787,0.4,0.896,0.911,-0.694,0.778,0.887,0.492,0.484,0.96,0.882,-0.519,0.188,0.537,0.928,0.482,0.184,0.199,0.411,0.947,0.537,0.978,0.727,0.151,-0.291,0.92,0.676
CGBD,0.72,0.702,0.855,0.516,0.763,0.725,0.921,0.175,-0.267,0.932,-0.143,0.811,0.884,-0.871,0.559,0.79,0.094,0.929,0.849,0.335,0.787,0.836,0.872,0.9,0.905,0.721,0.904,0.947,0.787,0.925,0.0,0.911,0.836,0.458,0.598,0.204,0.837,0.878,-0.253,0.396,0.751,0.618,0.919,0.259,0.359,0.365,0.936,0.813,0.188,0.424,0.893,0.812,0.782,-0.59,-0.191,0.826,-0.332,0.461,0.95,0.901,0.819,0.93,0.157,0.854,0.91,0.035,-0.424,0.623,-0.749,-0.394,0.589,0.843,0.859,0.652,0.453,0.684,0.396,0.931,0.604,0.746,0.924,0.655,0.74,0.714,-0.022,0.745,0.26,0.9,0.034,-0.263,0.14,0.656,0.585,0.732,0.708,0.862,0.76,0.281,-0.816,0.808,0.032,0.851,0.548,0.857,0.66,0.051,0.774,0.779,0.822,0.838,0.151,0.897,0.821,0.765,0.362,0.872,0.926,0.57,-0.255,0.931,0.801,0.135,0.84,0.521,0.44,0.934,0.829,0.645,0.662,0.821,0.344,0.662,0.916,0.307,0.903,0.884,0.565,0.812,0.919,-0.336,0.868,0.899,0.778,0.701,0.874,0.259,0.506,0.884,-0.398,0.477,0.05,0.882,0.698,0.371,0.888,0.793,0.9,0.705,0.336,0.86,0.923,0.813,0.665,0.792,0.516,0.784,0.857,0.818,0.609,0.209,0.828,0.776,-0.57,0.852,0.511,0.917,0.803,-0.577,0.845,0.873,0.345,0.36,0.911,0.783,-0.5,0.196,0.652,0.852,0.306,0.005,0.184,0.553,0.876,0.667,0.909,0.72,0.065,-0.331,0.945,0.675
CHI,0.741,0.846,0.914,0.639,0.755,0.811,0.928,0.294,-0.084,0.945,-0.069,0.884,0.828,-0.827,0.659,0.847,0.294,0.889,0.798,0.136,0.815,0.876,0.856,0.973,0.828,0.734,0.943,0.965,0.857,0.96,0.911,0.0,0.867,0.554,0.591,0.276,0.727,0.875,-0.288,0.422,0.647,0.593,0.884,0.171,0.464,0.54,0.962,0.867,0.257,0.577,0.888,0.672,0.893,-0.424,-0.039,0.926,-0.173,0.472,0.892,0.88,0.679,0.909,0.37,0.753,0.838,0.078,-0.243,0.709,-0.735,-0.294,0.586,0.921,0.884,0.735,0.537,0.729,0.547,0.845,0.72,0.675,0.935,0.679,0.598,0.679,0.192,0.806,0.401,0.932,0.238,-0.222,0.25,0.71,0.703,0.722,0.815,0.881,0.807,0.404,-0.788,0.822,-0.0,0.9,0.7,0.836,0.791,0.106,0.866,0.895,0.871,0.799,0.308,0.941,0.822,0.808,0.364,0.899,0.874,0.636,-0.189,0.946,0.844,0.126,0.874,0.659,0.569,0.843,0.846,0.716,0.534,0.74,0.472,0.649,0.907,0.262,0.819,0.944,0.653,0.825,0.886,-0.219,0.808,0.878,0.874,0.799,0.875,0.449,0.628,0.8,-0.181,0.549,0.135,0.944,0.802,0.398,0.827,0.89,0.898,0.678,0.3,0.815,0.9,0.823,0.816,0.765,0.529,0.893,0.773,0.885,0.715,0.171,0.774,0.749,-0.644,0.744,0.534,0.825,0.822,-0.624,0.756,0.911,0.427,0.486,0.934,0.807,-0.397,0.277,0.637,0.904,0.44,0.223,0.288,0.504,0.883,0.517,0.941,0.725,0.051,-0.349,0.893,0.81
