,ACET,ADAP,ADI,ADPT,ADTN,AGEN,ALGN,ALLK,AMD,AMWD,ARDX,ARQT,ASTE,AUPH,AVXL,AZTA,BAND,BECN,BFC,BGC,BHF,BHFAL,BKNG,BL,BOKF,BRKR,CACC,CAR,CDNA,CG,CGBD,CHI,CHTR,CHX,CLNE,CME,CNOB,CNXN,CPRX,CSGP,CSGS,CSIQ,CVCO,CVLT,CYRX,DDOG,DOOO,DSGX,DTIL,ECPG,EEFT,EFSC,ENTG,ESPR,ETSY,EXC,FAMI,FFIV,FITB,FIZZ,FMBH,FOX,FTNT,FULT,GABC,GEN,GH,GMAB,GNPX,GO,GOGL,GOOG,GPRO,GSHD,GSM,GWAV,HAIN,HBAN,HEPA,HURN,HWKN,IBIO,ICFI,IGMS,IMKTA,INCY,INO,IRDM,IRTC,IRWD,ITCI,JACK,JD,JJSF,KALA,KHC,KLAC,KRRO,KRYS,LANC,LBTYA,LIVN,LKCO,LNTH,LOGI,LPRO,LRCX,LSCC,LSTR,MAR,MARA,MCHP,MEOH,META,MGTX,MKSI,MMYT,MORN,MRUS,MTLS,MTSI,MVIS,MXL,NBIX,NFE,NMIH,NMRK,NNDM,NSIT,NTCT,NVAX,OCUL,ODP,OLED,ONB,OTEX,PACB,PATK,PAYX,PEP,PERI,PI,PLYA,PRDO,PRGS,PTGX,QCOM,QCRH,QDEL,QFIN,RGEN,RILY,RPAY,RPD,SABR,SEDG,SHEN,SIRI,SLNO,SNDL,SNEX,SONO,SPT,SSNC,STGW,STKL,STRL,STX,SWTX,SYNA,TFSL,TIGR,TNXP,TOWN,TRI,TRIP,TRMB,TRNS,TRS,TSCO,TSEM,TVTX,TXRH,VC,VCEL,VECO,VIAV,VICR,VIR,VRTX,VSTM,VTRS,WDFC,WSBC,WSC,WYNN,XENE,XNCR,XRAY,ZS
ACET,0.0,0.919,0.791,0.604,0.614,0.878,0.725,0.894,0.925,0.04,0.914,0.063,0.041,0.894,0.774,0.852,0.804,0.57,-0.293,0.421,-0.167,0.745,0.647,0.872,0.244,0.243,0.46,0.026,0.603,0.378,0.692,0.875,0.886,0.386,0.429,0.667,0.301,0.353,0.903,0.624,0.841,0.597,-0.187,0.625,0.602,0.91,0.705,0.847,0.897,0.363,0.045,0.114,0.798,0.724,0.886,0.592,0.029,0.772,0.464,0.795,0.308,0.673,0.609,-0.234,0.212,0.756,0.681,0.805,-0.409,-0.172,0.8,0.862,0.747,0.191,0.515,-0.053,0.348,0.13,-0.575,0.625,0.333,-0.424,-0.027,0.418,0.053,0.817,0.395,0.579,0.84,0.472,0.825,0.84,0.857,0.685,0.741,0.857,0.79,-0.373,0.811,0.515,0.739,0.732,-0.482,0.826,0.813,0.732,0.72,0.798,0.663,0.575,-0.497,0.757,0.176,0.821,0.787,0.752,-0.012,0.881,0.575,0.557,0.819,0.585,0.699,0.809,0.76,-0.198,-0.177,0.599,0.82,0.337,0.831,0.581,0.656,0.693,0.316,0.794,0.156,0.44,0.633,0.739,0.444,0.825,0.759,0.656,0.79,0.651,0.79,0.309,0.657,-0.451,0.754,0.508,0.664,0.643,0.256,0.753,0.597,0.746,0.755,-0.262,0.212,0.413,0.016,0.86,-0.404,0.84,-0.261,0.624,0.383,0.549,-0.265,0.651,0.68,0.306,0.719,0.449,0.53,0.045,0.099,0.809,0.783,0.109,0.543,0.358,0.882,0.557,0.636,0.387,-0.378,0.779,0.768,0.726,-0.495,-0.073,-0.04,0.778,0.709,0.03,0.754,0.788
ADAP,0.919,0.0,0.813,0.653,0.639,0.933,0.724,0.924,0.934,-0.016,0.938,0.066,0.113,0.909,0.751,0.879,0.873,0.566,-0.291,0.384,-0.234,0.733,0.632,0.868,0.246,0.213,0.428,-0.007,0.617,0.347,0.673,0.866,0.922,0.4,0.435,0.665,0.276,0.291,0.91,0.571,0.863,0.582,-0.249,0.621,0.578,0.921,0.714,0.873,0.9,0.301,0.0,0.094,0.799,0.769,0.927,0.55,-0.036,0.803,0.496,0.782,0.295,0.697,0.59,-0.291,0.23,0.746,0.688,0.84,-0.404,-0.034,0.798,0.882,0.736,0.177,0.456,-0.062,0.405,0.084,-0.67,0.637,0.321,-0.498,-0.118,0.421,0.133,0.877,0.458,0.577,0.835,0.406,0.806,0.881,0.873,0.65,0.751,0.876,0.791,-0.432,0.838,0.418,0.747,0.719,-0.6,0.79,0.839,0.74,0.708,0.805,0.674,0.543,-0.472,0.777,0.18,0.819,0.784,0.767,-0.01,0.911,0.602,0.561,0.836,0.591,0.749,0.813,0.767,-0.272,-0.242,0.501,0.821,0.349,0.842,0.545,0.688,0.649,0.277,0.816,0.2,0.448,0.651,0.768,0.457,0.83,0.789,0.706,0.834,0.548,0.817,0.294,0.682,-0.468,0.811,0.459,0.715,0.609,0.217,0.753,0.653,0.723,0.75,-0.287,0.173,0.417,-0.016,0.88,-0.434,0.907,-0.342,0.605,0.389,0.586,-0.331,0.679,0.725,0.314,0.715,0.403,0.505,0.032,0.099,0.85,0.815,0.167,0.557,0.297,0.908,0.539,0.628,0.355,-0.398,0.834,0.82,0.655,-0.566,-0.104,-0.093,0.763,0.753,-0.022,0.712,0.786
ADI,0.791,0.813,0.0,0.319,0.747,0.752,0.846,0.882,0.856,0.301,0.774,0.199,0.305,0.812,0.738,0.848,0.917,0.669,0.137,0.586,0.108,0.847,0.863,0.833,0.633,0.467,0.603,0.257,0.657,0.655,0.679,0.892,0.903,0.617,0.525,0.842,0.52,0.582,0.853,0.782,0.941,0.835,-0.07,0.757,0.734,0.823,0.812,0.886,0.737,0.404,0.254,0.341,0.95,0.669,0.915,0.792,0.24,0.951,0.693,0.865,0.67,0.927,0.736,-0.001,0.385,0.775,0.462,0.854,-0.332,0.181,0.803,0.947,0.787,-0.023,0.581,-0.249,0.149,0.38,-0.572,0.825,0.402,-0.572,0.292,0.547,0.393,0.84,0.388,0.733,0.654,0.33,0.897,0.878,0.829,0.798,0.631,0.922,0.925,-0.445,0.782,0.269,0.942,0.912,-0.569,0.783,0.801,0.708,0.92,0.91,0.889,0.726,-0.21,0.975,0.539,0.918,0.831,0.949,0.28,0.837,0.445,0.563,0.951,0.505,0.927,0.904,0.838,-0.034,-0.151,0.469,0.909,0.696,0.729,0.728,0.868,0.856,0.521,0.882,0.109,0.709,0.877,0.883,0.662,0.769,0.698,0.817,0.952,0.688,0.931,0.495,0.467,-0.284,0.726,0.548,0.785,0.44,0.549,0.945,0.664,0.857,0.782,-0.329,0.491,0.704,-0.103,0.937,-0.455,0.749,-0.315,0.774,0.578,0.783,-0.453,0.513,0.605,0.589,0.799,0.496,0.805,0.072,0.415,0.851,0.947,0.415,0.79,0.498,0.825,0.75,0.882,0.496,-0.343,0.804,0.71,0.716,-0.57,0.204,-0.022,0.847,0.893,0.244,0.752,0.724
ADPT,0.604,0.653,0.319,0.0,0.285,0.745,0.241,0.479,0.62,-0.514,0.681,-0.236,0.091,0.71,0.545,0.649,0.47,0.051,-0.586,-0.128,-0.649,0.275,0.134,0.538,-0.274,-0.242,-0.201,-0.511,0.367,-0.246,0.117,0.4,0.585,-0.046,0.221,0.228,-0.22,-0.02,0.585,0.053,0.438,0.035,-0.512,0.424,0.355,0.677,0.185,0.59,0.581,-0.258,-0.399,-0.295,0.309,0.409,0.55,0.062,-0.413,0.282,-0.077,0.372,-0.232,0.177,0.292,-0.602,0.025,0.49,0.687,0.59,-0.351,-0.103,0.582,0.527,0.283,0.209,0.197,0.098,0.701,-0.385,-0.558,0.084,0.15,-0.344,-0.362,0.303,0.098,0.63,0.535,0.087,0.662,0.405,0.352,0.575,0.577,0.184,0.614,0.481,0.343,-0.39,0.648,0.432,0.172,0.265,-0.443,0.385,0.687,0.564,0.198,0.479,0.174,0.029,-0.599,0.207,-0.239,0.512,0.486,0.288,-0.489,0.616,0.531,0.529,0.428,0.458,0.38,0.252,0.232,-0.657,-0.499,0.216,0.427,-0.125,0.653,0.011,0.225,0.104,-0.139,0.503,0.166,-0.132,0.325,0.376,-0.12,0.54,0.415,0.312,0.358,0.295,0.426,-0.247,0.797,-0.108,0.758,0.086,0.442,0.418,-0.265,0.223,0.626,0.194,0.372,-0.46,-0.181,-0.108,0.153,0.492,-0.358,0.687,-0.332,0.215,0.011,0.201,-0.187,0.566,0.241,-0.166,0.495,-0.025,0.119,-0.057,-0.407,0.622,0.329,-0.04,0.08,-0.244,0.586,0.008,0.062,0.34,-0.159,0.669,0.688,0.101,-0.272,-0.384,-0.385,0.251,0.248,-0.141,0.316,0.588
ADTN,0.614,0.639,0.747,0.285,0.0,0.645,0.567,0.685,0.635,-0.063,0.549,-0.043,0.515,0.703,0.466,0.648,0.771,0.311,0.163,0.2,-0.047,0.53,0.582,0.666,0.592,0.203,0.335,-0.073,0.394,0.298,0.427,0.654,0.728,0.642,0.621,0.79,0.426,0.57,0.718,0.519,0.806,0.422,-0.301,0.753,0.574,0.734,0.535,0.789,0.511,0.118,0.03,0.349,0.741,0.48,0.771,0.577,0.05,0.834,0.586,0.756,0.588,0.724,0.676,0.033,0.581,0.688,0.356,0.827,-0.587,0.362,0.735,0.752,0.544,-0.233,0.369,-0.357,0.406,0.342,-0.587,0.703,0.131,-0.767,0.453,0.717,0.467,0.816,0.491,0.613,0.477,0.103,0.729,0.763,0.579,0.577,0.72,0.823,0.637,-0.61,0.618,0.176,0.726,0.768,-0.423,0.534,0.794,0.55,0.65,0.807,0.698,0.338,-0.308,0.679,0.441,0.742,0.667,0.729,-0.076,0.656,0.277,0.657,0.811,0.397,0.813,0.773,0.644,-0.197,-0.398,0.286,0.828,0.652,0.779,0.498,0.73,0.523,0.586,0.824,-0.039,0.534,0.77,0.815,0.335,0.565,0.409,0.8,0.781,0.554,0.749,0.315,0.493,-0.027,0.668,0.31,0.486,0.151,0.226,0.655,0.726,0.486,0.661,-0.504,0.052,0.22,-0.248,0.8,-0.632,0.635,-0.443,0.72,0.313,0.596,-0.574,0.318,0.408,0.585,0.805,0.025,0.74,0.057,0.437,0.78,0.769,0.515,0.552,0.21,0.714,0.317,0.581,0.495,-0.258,0.814,0.672,0.477,-0.564,0.351,-0.194,0.486,0.698,0.183,0.696,0.598
AGEN,0.878,0.933,0.752,0.745,0.645,0.0,0.72,0.877,0.881,-0.118,0.895,0.1,0.128,0.924,0.772,0.86,0.867,0.497,-0.325,0.331,-0.303,0.702,0.555,0.836,0.189,0.172,0.285,-0.111,0.643,0.224,0.568,0.814,0.886,0.355,0.508,0.6,0.256,0.299,0.924,0.432,0.807,0.49,-0.282,0.701,0.606,0.92,0.652,0.853,0.86,0.187,-0.037,0.073,0.749,0.784,0.909,0.478,-0.118,0.749,0.47,0.701,0.273,0.643,0.505,-0.331,0.315,0.688,0.764,0.877,-0.38,-0.01,0.761,0.84,0.701,0.241,0.362,0.033,0.527,0.064,-0.727,0.575,0.36,-0.522,-0.085,0.449,0.208,0.88,0.611,0.49,0.865,0.407,0.774,0.883,0.8,0.573,0.742,0.848,0.736,-0.43,0.87,0.428,0.663,0.674,-0.613,0.738,0.873,0.728,0.633,0.761,0.588,0.472,-0.481,0.701,0.182,0.816,0.783,0.724,-0.102,0.893,0.668,0.575,0.792,0.514,0.729,0.753,0.721,-0.383,-0.307,0.352,0.807,0.293,0.894,0.418,0.651,0.544,0.283,0.793,0.271,0.392,0.68,0.691,0.381,0.876,0.717,0.702,0.791,0.52,0.737,0.264,0.772,-0.393,0.848,0.417,0.717,0.605,0.133,0.687,0.73,0.61,0.657,-0.353,0.11,0.324,0.119,0.868,-0.385,0.941,-0.355,0.531,0.396,0.543,-0.312,0.646,0.601,0.283,0.704,0.288,0.509,0.158,0.037,0.847,0.735,0.229,0.575,0.211,0.918,0.454,0.56,0.401,-0.278,0.847,0.892,0.57,-0.491,-0.081,-0.092,0.693,0.669,0.035,0.673,0.728
ALGN,0.725,0.724,0.846,0.241,0.567,0.72,0.0,0.8,0.757,0.469,0.673,0.438,-0.055,0.666,0.775,0.752,0.841,0.814,0.074,0.744,0.307,0.868,0.793,0.792,0.497,0.7,0.752,0.507,0.835,0.741,0.788,0.878,0.772,0.415,0.526,0.66,0.65,0.507,0.818,0.69,0.767,0.807,0.282,0.63,0.61,0.694,0.832,0.669,0.788,0.694,0.579,0.388,0.896,0.804,0.8,0.779,0.205,0.815,0.809,0.626,0.615,0.863,0.478,0.17,0.447,0.633,0.648,0.714,-0.07,0.076,0.541,0.774,0.815,0.343,0.391,0.059,0.037,0.536,-0.426,0.783,0.658,-0.24,0.26,0.248,0.132,0.625,0.386,0.71,0.746,0.405,0.859,0.755,0.674,0.786,0.355,0.753,0.892,-0.047,0.688,0.46,0.853,0.747,-0.456,0.789,0.594,0.481,0.878,0.67,0.771,0.882,-0.028,0.888,0.434,0.775,0.761,0.878,0.51,0.756,0.612,0.232,0.741,0.285,0.699,0.888,0.882,0.226,0.229,0.406,0.758,0.482,0.616,0.592,0.785,0.874,0.554,0.695,0.456,0.799,0.831,0.614,0.764,0.82,0.77,0.639,0.825,0.607,0.693,0.733,0.41,-0.457,0.494,0.622,0.793,0.706,0.71,0.886,0.487,0.843,0.529,0.065,0.522,0.728,0.265,0.837,-0.015,0.691,-0.038,0.637,0.714,0.697,-0.031,0.541,0.592,0.512,0.497,0.689,0.707,0.357,0.398,0.689,0.736,0.253,0.925,0.731,0.801,0.833,0.888,0.38,-0.088,0.55,0.636,0.812,-0.228,0.226,0.369,0.917,0.736,0.319,0.754,0.486
ALLK,0.894,0.924,0.882,0.479,0.685,0.877,0.8,0.0,0.897,0.16,0.897,0.2,0.156,0.876,0.771,0.841,0.909,0.67,-0.154,0.54,-0.055,0.839,0.711,0.856,0.459,0.258,0.542,0.16,0.612,0.474,0.772,0.927,0.91,0.599,0.563,0.721,0.495,0.441,0.947,0.65,0.91,0.686,-0.147,0.703,0.711,0.907,0.871,0.89,0.87,0.414,0.079,0.291,0.836,0.785,0.953,0.675,0.104,0.904,0.635,0.86,0.507,0.773,0.555,-0.106,0.358,0.721,0.61,0.877,-0.382,-0.111,0.788,0.899,0.823,0.131,0.488,-0.129,0.231,0.298,-0.697,0.778,0.358,-0.5,0.052,0.49,0.22,0.868,0.452,0.656,0.787,0.249,0.875,0.901,0.84,0.701,0.719,0.918,0.823,-0.478,0.872,0.323,0.879,0.817,-0.625,0.866,0.815,0.76,0.767,0.831,0.753,0.652,-0.449,0.88,0.404,0.879,0.805,0.815,0.083,0.917,0.565,0.584,0.912,0.555,0.815,0.865,0.875,-0.143,-0.169,0.48,0.913,0.541,0.843,0.631,0.782,0.712,0.463,0.82,0.147,0.62,0.715,0.788,0.591,0.879,0.749,0.82,0.908,0.566,0.836,0.446,0.607,-0.497,0.758,0.588,0.752,0.568,0.358,0.864,0.606,0.822,0.856,-0.294,0.255,0.568,-0.099,0.934,-0.434,0.885,-0.239,0.675,0.48,0.613,-0.398,0.541,0.682,0.51,0.75,0.457,0.671,0.064,0.286,0.859,0.871,0.324,0.681,0.388,0.93,0.601,0.753,0.424,-0.496,0.789,0.825,0.77,-0.62,0.091,0.035,0.843,0.829,0.047,0.807,0.763
AMD,0.925,0.934,0.856,0.62,0.635,0.881,0.757,0.897,0.0,-0.008,0.939,-0.023,0.032,0.901,0.824,0.94,0.877,0.542,-0.316,0.364,-0.217,0.815,0.679,0.947,0.225,0.293,0.452,0.004,0.684,0.415,0.668,0.914,0.96,0.32,0.373,0.706,0.276,0.347,0.917,0.684,0.893,0.611,-0.188,0.628,0.613,0.937,0.714,0.89,0.906,0.344,0.08,0.037,0.868,0.722,0.935,0.606,-0.005,0.829,0.476,0.821,0.302,0.724,0.674,-0.306,0.144,0.88,0.713,0.856,-0.403,-0.027,0.837,0.939,0.713,0.186,0.56,-0.022,0.374,0.097,-0.62,0.668,0.408,-0.452,-0.074,0.377,0.089,0.877,0.472,0.614,0.878,0.393,0.843,0.9,0.938,0.68,0.7,0.894,0.885,-0.367,0.871,0.538,0.784,0.768,-0.534,0.837,0.85,0.73,0.825,0.863,0.713,0.61,-0.418,0.801,0.117,0.889,0.803,0.84,0.05,0.955,0.632,0.557,0.863,0.602,0.781,0.828,0.784,-0.208,-0.182,0.611,0.829,0.333,0.828,0.54,0.7,0.768,0.244,0.849,0.216,0.442,0.711,0.797,0.464,0.833,0.809,0.66,0.85,0.648,0.881,0.277,0.729,-0.409,0.821,0.475,0.813,0.683,0.323,0.812,0.667,0.798,0.762,-0.274,0.211,0.497,0.055,0.904,-0.427,0.881,-0.358,0.653,0.394,0.672,-0.274,0.753,0.634,0.251,0.732,0.471,0.579,-0.064,0.053,0.889,0.834,0.05,0.584,0.367,0.912,0.601,0.679,0.364,-0.358,0.836,0.806,0.666,-0.459,-0.145,-0.11,0.801,0.74,-0.079,0.737,0.85
AMWD,0.04,-0.016,0.301,-0.514,-0.063,-0.118,0.469,0.16,-0.008,0.0,-0.076,0.699,-0.114,-0.107,0.148,0.001,0.092,0.69,0.565,0.783,0.855,0.355,0.527,0.035,0.592,0.621,0.746,0.924,0.247,0.797,0.492,0.249,-0.009,0.372,0.171,0.204,0.633,0.418,0.023,0.484,0.147,0.666,0.661,0.042,0.211,-0.129,0.506,-0.027,0.106,0.723,0.731,0.641,0.319,0.129,0.033,0.556,0.618,0.244,0.58,0.106,0.611,0.435,0.041,0.698,0.294,-0.138,-0.143,-0.101,0.4,-0.102,-0.082,0.098,0.456,0.128,0.234,-0.097,-0.742,0.686,0.282,0.445,0.389,0.246,0.413,-0.166,0.01,-0.199,-0.379,0.42,-0.102,0.113,0.211,-0.061,-0.004,0.475,-0.273,0.037,0.326,0.316,-0.074,-0.054,0.427,0.277,0.068,0.263,-0.219,-0.063,0.389,0.044,0.398,0.635,0.398,0.457,0.553,0.118,0.175,0.305,0.798,-0.042,-0.062,-0.29,0.139,-0.124,0.134,0.313,0.343,0.75,0.64,0.129,0.151,0.46,-0.236,0.549,0.289,0.519,0.488,0.021,0.102,0.673,0.266,0.053,0.728,0.165,0.193,0.173,0.201,0.217,0.13,0.755,-0.487,-0.273,-0.328,0.544,0.172,0.171,0.758,0.441,-0.217,0.482,0.105,0.425,0.798,0.697,-0.011,0.122,0.395,-0.153,0.482,0.258,0.454,0.238,0.193,-0.175,0.291,0.564,-0.075,0.636,0.336,0.337,0.645,-0.091,0.248,0.287,0.535,0.719,-0.028,0.695,0.618,0.174,0.019,-0.243,-0.22,0.546,0.012,0.514,0.678,0.464,0.339,0.496,0.278,-0.21
ARDX,0.914,0.938,0.774,0.681,0.549,0.895,0.673,0.897,0.939,-0.076,0.0,-0.013,0.016,0.896,0.77,0.86,0.834,0.54,-0.374,0.347,-0.299,0.727,0.582,0.89,0.14,0.203,0.372,-0.078,0.622,0.325,0.643,0.85,0.926,0.309,0.384,0.638,0.201,0.231,0.893,0.555,0.825,0.575,-0.236,0.568,0.571,0.9,0.698,0.834,0.872,0.253,-0.052,-0.01,0.754,0.725,0.886,0.501,-0.045,0.758,0.392,0.758,0.19,0.607,0.533,-0.384,0.113,0.773,0.699,0.817,-0.34,-0.167,0.793,0.869,0.663,0.25,0.496,0.012,0.449,-0.016,-0.65,0.583,0.335,-0.404,-0.212,0.369,0.087,0.843,0.45,0.541,0.869,0.436,0.772,0.854,0.904,0.608,0.707,0.853,0.772,-0.368,0.857,0.452,0.698,0.681,-0.55,0.793,0.826,0.761,0.687,0.779,0.639,0.517,-0.453,0.728,0.141,0.803,0.754,0.718,-0.046,0.911,0.636,0.551,0.8,0.595,0.674,0.72,0.748,-0.281,-0.221,0.544,0.767,0.253,0.793,0.48,0.645,0.629,0.169,0.785,0.185,0.345,0.606,0.729,0.365,0.803,0.809,0.608,0.782,0.545,0.789,0.207,0.751,-0.513,0.843,0.455,0.725,0.645,0.17,0.73,0.649,0.75,0.742,-0.274,0.177,0.424,0.016,0.844,-0.417,0.89,-0.317,0.524,0.403,0.559,-0.276,0.734,0.628,0.201,0.679,0.457,0.444,-0.034,-0.004,0.813,0.747,0.052,0.49,0.261,0.898,0.532,0.575,0.308,-0.412,0.801,0.785,0.632,-0.513,-0.219,-0.131,0.754,0.659,-0.05,0.653,0.829
ARQT,0.063,0.066,0.199,-0.236,-0.043,0.1,0.438,0.2,-0.023,0.699,-0.013,0.0,-0.154,-0.016,0.3,0.031,0.165,0.61,0.379,0.674,0.665,0.37,0.331,0.033,0.423,0.464,0.509,0.678,0.32,0.547,0.43,0.242,-0.029,0.305,0.386,0.049,0.613,0.469,0.145,0.225,0.071,0.456,0.58,0.274,0.359,-0.04,0.475,0.012,0.197,0.55,0.563,0.587,0.237,0.256,0.066,0.47,0.384,0.184,0.528,0.048,0.516,0.326,-0.199,0.559,0.469,-0.203,0.107,0.043,0.43,-0.177,-0.087,0.055,0.519,0.338,0.057,0.11,-0.442,0.613,0.128,0.368,0.511,0.143,0.356,-0.044,0.076,-0.124,-0.057,0.315,0.044,0.071,0.234,0.007,-0.068,0.404,-0.178,0.029,0.254,0.28,0.102,0.019,0.298,0.229,0.017,0.312,-0.092,0.037,0.241,0.029,0.27,0.469,0.185,0.346,0.503,0.151,0.2,0.242,0.492,0.009,0.191,-0.196,0.099,-0.166,0.1,0.225,0.344,0.454,0.491,-0.091,0.196,0.309,-0.071,0.324,0.212,0.322,0.514,-0.02,0.259,0.591,0.229,-0.054,0.626,0.372,0.14,0.249,0.14,0.255,0.007,0.737,-0.191,-0.274,-0.162,0.523,0.216,0.245,0.507,0.332,-0.015,0.296,0.043,0.309,0.531,0.44,0.189,0.138,0.45,0.056,0.544,0.192,0.509,0.135,0.232,-0.156,0.215,0.532,-0.021,0.404,0.294,0.635,0.537,-0.034,0.147,0.383,0.542,0.591,0.085,0.535,0.504,0.295,0.109,-0.167,0.014,0.5,0.065,0.532,0.679,0.353,0.239,0.506,0.294,-0.288
ASTE,0.041,0.113,0.305,0.091,0.515,0.128,-0.055,0.156,0.032,-0.114,0.016,-0.154,0.0,0.267,-0.114,0.111,0.221,-0.123,0.466,-0.056,-0.143,-0.067,0.295,-0.038,0.577,-0.28,-0.16,-0.236,-0.276,-0.085,-0.212,0.011,0.178,0.595,0.285,0.419,0.002,0.289,0.091,0.069,0.346,0.152,-0.612,0.374,0.289,0.223,0.012,0.423,-0.18,-0.461,-0.41,0.256,0.155,-0.151,0.247,0.12,0.145,0.306,0.023,0.362,0.39,0.326,0.509,0.012,0.333,0.102,-0.328,0.322,-0.55,0.484,0.435,0.274,0.022,-0.766,0.146,-0.681,0.184,-0.024,-0.346,0.175,-0.389,-0.746,0.43,0.723,0.787,0.412,0.056,0.018,-0.241,-0.059,0.084,0.278,0.141,0.128,0.551,0.336,0.027,-0.797,0.11,-0.39,0.24,0.324,-0.384,-0.123,0.405,0.387,0.054,0.387,0.317,-0.219,-0.232,0.23,0.526,0.25,0.289,0.181,-0.329,0.05,-0.389,0.666,0.403,0.351,0.502,0.176,-0.024,-0.436,-0.724,-0.12,0.367,0.636,0.299,0.288,0.381,-0.079,0.272,0.448,-0.485,0.08,0.334,0.483,-0.082,-0.05,-0.194,0.514,0.33,0.079,0.356,-0.183,-0.069,0.513,0.308,-0.103,-0.1,-0.611,-0.151,0.153,0.369,-0.044,0.354,-0.772,0.059,-0.01,-0.595,0.264,-0.669,0.073,-0.437,0.31,-0.137,0.14,-0.832,-0.257,0.066,0.469,0.563,-0.39,0.382,-0.17,0.403,0.283,0.404,0.688,0.009,-0.385,0.057,-0.133,0.092,0.478,-0.303,0.485,0.175,-0.124,-0.644,0.33,-0.54,-0.106,0.396,0.279,0.116,0.327
AUPH,0.894,0.909,0.812,0.71,0.703,0.924,0.666,0.876,0.901,-0.107,0.896,-0.016,0.267,0.0,0.744,0.871,0.848,0.421,-0.246,0.286,-0.31,0.674,0.608,0.838,0.284,0.114,0.264,-0.156,0.533,0.26,0.519,0.813,0.923,0.444,0.448,0.728,0.192,0.359,0.893,0.556,0.884,0.532,-0.406,0.72,0.662,0.935,0.633,0.919,0.8,0.1,-0.129,0.068,0.776,0.65,0.921,0.521,-0.034,0.795,0.421,0.814,0.32,0.68,0.663,-0.346,0.26,0.753,0.616,0.882,-0.492,0.002,0.856,0.9,0.66,0.035,0.499,-0.171,0.484,0.034,-0.685,0.591,0.208,-0.628,-0.035,0.566,0.293,0.912,0.52,0.48,0.77,0.402,0.775,0.877,0.849,0.624,0.816,0.905,0.757,-0.569,0.833,0.349,0.709,0.766,-0.566,0.71,0.925,0.787,0.674,0.867,0.658,0.425,-0.513,0.741,0.256,0.85,0.807,0.734,-0.154,0.878,0.504,0.697,0.872,0.625,0.811,0.759,0.688,-0.41,-0.407,0.484,0.85,0.42,0.894,0.557,0.667,0.573,0.295,0.858,0.052,0.352,0.697,0.826,0.364,0.795,0.64,0.759,0.825,0.595,0.843,0.17,0.715,-0.301,0.887,0.434,0.673,0.474,0.149,0.707,0.761,0.635,0.765,-0.487,0.172,0.37,-0.087,0.891,-0.591,0.871,-0.473,0.625,0.32,0.598,-0.489,0.58,0.639,0.331,0.825,0.246,0.575,-0.038,0.087,0.88,0.824,0.291,0.503,0.16,0.864,0.45,0.566,0.454,-0.335,0.908,0.846,0.55,-0.605,-0.073,-0.253,0.657,0.75,0.044,0.689,0.84
AVXL,0.774,0.751,0.738,0.545,0.466,0.772,0.775,0.771,0.824,0.148,0.77,0.3,-0.114,0.744,0.0,0.861,0.767,0.615,-0.233,0.459,0.014,0.848,0.644,0.849,0.236,0.375,0.458,0.181,0.774,0.484,0.667,0.861,0.775,0.268,0.547,0.549,0.442,0.538,0.828,0.637,0.73,0.589,0.083,0.695,0.716,0.786,0.748,0.756,0.856,0.439,0.26,0.186,0.771,0.638,0.774,0.676,0.141,0.699,0.523,0.691,0.401,0.659,0.412,-0.081,0.31,0.688,0.765,0.784,-0.134,-0.142,0.69,0.816,0.804,0.406,0.506,0.142,0.23,0.297,-0.385,0.665,0.618,-0.283,0.069,0.288,0.123,0.675,0.489,0.616,0.815,0.374,0.807,0.752,0.737,0.668,0.523,0.714,0.847,-0.163,0.859,0.628,0.698,0.725,-0.37,0.883,0.695,0.638,0.755,0.741,0.629,0.683,-0.337,0.728,0.163,0.857,0.818,0.758,0.145,0.822,0.717,0.463,0.737,0.462,0.684,0.675,0.742,-0.039,0.032,0.461,0.758,0.289,0.656,0.461,0.609,0.744,0.361,0.678,0.34,0.557,0.696,0.591,0.557,0.881,0.708,0.622,0.695,0.733,0.714,0.474,0.695,-0.355,0.686,0.645,0.816,0.753,0.474,0.767,0.641,0.763,0.632,-0.162,0.335,0.508,0.251,0.806,-0.14,0.788,0.016,0.615,0.519,0.64,-0.043,0.63,0.453,0.338,0.632,0.497,0.641,0.225,0.147,0.784,0.7,0.127,0.702,0.532,0.812,0.645,0.725,0.543,-0.167,0.639,0.733,0.711,-0.172,0.057,0.166,0.774,0.641,0.112,0.721,0.56
AZTA,0.852,0.879,0.848,0.649,0.648,0.86,0.752,0.841,0.94,0.001,0.86,0.031,0.111,0.871,0.861,0.0,0.863,0.521,-0.23,0.354,-0.184,0.815,0.676,0.912,0.26,0.273,0.397,0.002,0.738,0.411,0.62,0.876,0.921,0.336,0.443,0.673,0.319,0.435,0.883,0.644,0.863,0.588,-0.163,0.711,0.649,0.904,0.692,0.892,0.885,0.294,0.118,0.097,0.851,0.69,0.899,0.631,-0.033,0.811,0.499,0.783,0.357,0.748,0.651,-0.23,0.265,0.838,0.751,0.87,-0.357,0.089,0.832,0.935,0.763,0.194,0.518,-0.041,0.389,0.172,-0.592,0.669,0.458,-0.464,0.053,0.413,0.197,0.866,0.542,0.635,0.846,0.42,0.85,0.885,0.871,0.683,0.674,0.86,0.895,-0.382,0.895,0.544,0.776,0.76,-0.517,0.831,0.864,0.737,0.82,0.878,0.7,0.62,-0.418,0.785,0.142,0.92,0.831,0.859,0.059,0.926,0.643,0.562,0.848,0.592,0.818,0.785,0.736,-0.212,-0.214,0.496,0.834,0.364,0.803,0.465,0.719,0.749,0.316,0.844,0.274,0.509,0.789,0.781,0.472,0.839,0.733,0.692,0.84,0.673,0.882,0.308,0.73,-0.232,0.835,0.485,0.849,0.649,0.373,0.805,0.734,0.761,0.717,-0.335,0.235,0.462,0.116,0.895,-0.388,0.879,-0.303,0.701,0.413,0.738,-0.256,0.681,0.525,0.294,0.755,0.385,0.653,0.016,0.099,0.935,0.816,0.154,0.63,0.368,0.889,0.582,0.704,0.499,-0.296,0.843,0.827,0.612,-0.353,-0.038,-0.063,0.769,0.766,0.039,0.739,0.757
BAND,0.804,0.873,0.917,0.47,0.771,0.867,0.841,0.909,0.877,0.092,0.834,0.165,0.221,0.848,0.767,0.863,0.0,0.611,-0.039,0.483,-0.072,0.815,0.707,0.87,0.465,0.391,0.487,0.103,0.71,0.477,0.66,0.891,0.932,0.51,0.564,0.757,0.473,0.468,0.933,0.608,0.899,0.675,-0.133,0.767,0.695,0.887,0.782,0.879,0.794,0.348,0.171,0.233,0.898,0.799,0.957,0.663,0.061,0.927,0.661,0.804,0.538,0.835,0.595,-0.13,0.4,0.79,0.637,0.928,-0.372,0.169,0.763,0.918,0.737,0.109,0.418,-0.096,0.369,0.289,-0.71,0.772,0.46,-0.578,0.168,0.519,0.327,0.904,0.584,0.676,0.787,0.279,0.891,0.94,0.824,0.696,0.648,0.937,0.865,-0.438,0.866,0.338,0.866,0.822,-0.632,0.776,0.859,0.731,0.832,0.853,0.786,0.654,-0.306,0.882,0.412,0.897,0.803,0.895,0.136,0.902,0.59,0.563,0.904,0.442,0.867,0.886,0.854,-0.17,-0.208,0.364,0.891,0.541,0.847,0.533,0.834,0.738,0.457,0.865,0.275,0.622,0.843,0.809,0.54,0.838,0.729,0.799,0.934,0.581,0.851,0.437,0.655,-0.361,0.801,0.456,0.824,0.528,0.39,0.865,0.715,0.762,0.716,-0.312,0.249,0.562,0.041,0.949,-0.421,0.879,-0.351,0.67,0.556,0.713,-0.397,0.611,0.562,0.472,0.747,0.408,0.725,0.114,0.261,0.881,0.854,0.343,0.765,0.397,0.924,0.622,0.771,0.413,-0.316,0.836,0.85,0.653,-0.529,0.099,-0.03,0.811,0.801,0.127,0.742,0.728
BECN,0.57,0.566,0.669,0.051,0.311,0.497,0.814,0.67,0.542,0.69,0.54,0.61,-0.123,0.421,0.615,0.521,0.611,0.0,0.183,0.85,0.47,0.75,0.754,0.574,0.516,0.64,0.844,0.702,0.667,0.765,0.827,0.717,0.526,0.427,0.505,0.463,0.692,0.449,0.596,0.591,0.561,0.868,0.467,0.379,0.469,0.447,0.844,0.459,0.626,0.764,0.611,0.516,0.691,0.643,0.565,0.698,0.416,0.633,0.717,0.444,0.556,0.686,0.237,0.333,0.42,0.35,0.464,0.451,0.163,-0.131,0.386,0.573,0.784,0.401,0.31,0.098,-0.228,0.558,-0.249,0.701,0.643,0.028,0.2,0.044,0.045,0.364,0.083,0.707,0.526,0.309,0.657,0.529,0.537,0.691,0.191,0.523,0.698,0.087,0.517,0.33,0.738,0.562,-0.376,0.715,0.303,0.371,0.704,0.447,0.678,0.871,-0.001,0.77,0.514,0.574,0.62,0.701,0.613,0.544,0.505,0.064,0.548,0.202,0.453,0.673,0.774,0.438,0.392,0.28,0.579,0.405,0.314,0.568,0.687,0.758,0.494,0.497,0.401,0.786,0.603,0.365,0.763,0.673,0.752,0.458,0.628,0.458,0.499,0.781,0.163,-0.545,0.25,0.631,0.603,0.612,0.687,0.8,0.231,0.818,0.468,0.226,0.662,0.712,0.185,0.599,0.21,0.489,0.319,0.46,0.655,0.467,0.123,0.407,0.526,0.54,0.279,0.825,0.506,0.392,0.5,0.425,0.573,0.189,0.789,0.743,0.588,0.847,0.843,0.352,-0.248,0.266,0.373,0.838,-0.223,0.289,0.527,0.879,0.573,0.332,0.638,0.274
BFC,-0.293,-0.291,0.137,-0.586,0.163,-0.325,0.074,-0.154,-0.316,0.565,-0.374,0.379,0.466,-0.246,-0.233,-0.23,-0.039,0.183,0.0,0.298,0.635,-0.062,0.316,-0.236,0.706,0.338,0.289,0.431,-0.117,0.439,-0.046,-0.115,-0.177,0.453,0.244,0.266,0.38,0.404,-0.244,0.198,0.032,0.344,0.242,0.106,0.09,-0.3,0.088,-0.084,-0.347,0.111,0.352,0.588,0.113,-0.253,-0.155,0.321,0.521,0.136,0.347,-0.005,0.608,0.304,0.147,0.643,0.42,-0.233,-0.508,-0.121,0.146,0.411,-0.096,-0.048,0.055,-0.398,0.065,-0.426,-0.433,0.502,0.227,0.272,-0.038,-0.194,0.699,0.175,0.46,-0.175,-0.297,0.21,-0.482,-0.092,-0.021,-0.178,-0.255,0.215,-0.172,-0.046,0.029,-0.021,-0.293,-0.432,0.198,0.184,0.133,-0.179,-0.167,-0.122,0.143,0.012,0.259,0.086,0.408,0.199,0.644,-0.046,0.023,0.114,0.399,-0.328,-0.458,-0.042,0.05,-0.215,0.142,0.081,0.007,0.407,0.12,-0.186,0.042,0.599,-0.281,0.333,0.259,0.128,0.479,0.039,-0.23,0.414,0.267,0.13,0.28,-0.239,-0.208,0.194,0.063,0.086,0.049,0.391,-0.557,0.236,-0.289,0.166,-0.147,-0.452,0.355,0.137,-0.045,0.018,-0.045,-0.004,0.503,0.317,-0.319,-0.039,0.019,-0.372,0.11,0.207,0.189,0.173,-0.216,-0.464,-0.034,0.595,0.046,0.026,0.322,0.218,0.72,-0.171,0.144,0.603,0.249,0.229,-0.277,0.271,0.302,0.192,0.104,-0.133,-0.314,0.057,-0.134,0.66,0.184,-0.04,0.194,0.637,0.034,-0.289
BGC,0.421,0.384,0.586,-0.128,0.2,0.331,0.744,0.54,0.364,0.783,0.347,0.674,-0.056,0.286,0.459,0.354,0.483,0.85,0.298,0.0,0.545,0.628,0.707,0.368,0.582,0.598,0.783,0.781,0.506,0.746,0.677,0.574,0.368,0.446,0.379,0.37,0.655,0.428,0.46,0.51,0.447,0.83,0.431,0.336,0.428,0.298,0.731,0.347,0.44,0.728,0.587,0.501,0.569,0.525,0.447,0.62,0.431,0.532,0.65,0.372,0.588,0.648,0.199,0.391,0.336,0.195,0.244,0.316,0.19,-0.14,0.244,0.427,0.672,0.216,0.263,-0.036,-0.409,0.562,-0.137,0.565,0.558,0.063,0.279,0.051,0.095,0.233,-0.025,0.504,0.334,0.247,0.532,0.405,0.377,0.635,0.075,0.406,0.559,0.059,0.335,0.171,0.669,0.498,-0.385,0.542,0.194,0.348,0.572,0.326,0.618,0.809,0.135,0.703,0.593,0.444,0.506,0.585,0.652,0.38,0.299,-0.003,0.456,0.096,0.395,0.593,0.621,0.42,0.384,0.218,0.481,0.461,0.203,0.579,0.594,0.666,0.498,0.366,0.283,0.728,0.51,0.264,0.75,0.542,0.52,0.398,0.572,0.357,0.364,0.72,-0.081,-0.38,0.095,0.54,0.456,0.429,0.694,0.709,0.057,0.718,0.356,0.21,0.689,0.751,0.14,0.488,0.217,0.311,0.279,0.357,0.624,0.359,0.038,0.199,0.456,0.552,0.192,0.764,0.479,0.344,0.53,0.249,0.481,0.275,0.742,0.685,0.415,0.767,0.762,0.308,-0.213,0.131,0.223,0.736,-0.2,0.335,0.535,0.772,0.543,0.388,0.482,0.183
BHF,-0.167,-0.234,0.108,-0.649,-0.047,-0.303,0.307,-0.055,-0.217,0.855,-0.299,0.665,-0.143,-0.31,0.014,-0.184,-0.072,0.47,0.635,0.545,0.0,0.2,0.329,-0.082,0.568,0.611,0.668,0.856,0.146,0.717,0.378,0.092,-0.197,0.326,0.26,0.147,0.7,0.51,-0.13,0.396,-0.011,0.396,0.773,0.048,0.177,-0.307,0.355,-0.219,-0.082,0.676,0.784,0.752,0.181,-0.046,-0.172,0.553,0.582,0.124,0.589,-0.009,0.622,0.282,-0.113,0.912,0.472,-0.215,-0.231,-0.208,0.425,-0.044,-0.23,-0.098,0.297,0.108,0.15,-0.038,-0.669,0.818,0.447,0.42,0.345,0.271,0.56,-0.115,0.01,-0.379,-0.374,0.441,-0.265,-0.023,0.123,-0.247,-0.252,0.395,-0.408,-0.123,0.174,0.419,-0.223,-0.049,0.28,0.181,0.362,0.159,-0.354,-0.281,0.258,-0.063,0.285,0.459,0.48,0.258,0.483,-0.03,0.013,0.151,0.697,-0.234,-0.137,-0.366,-0.02,-0.313,-0.012,0.161,0.254,0.868,0.738,0.045,0.043,0.429,-0.372,0.424,0.107,0.39,0.622,-0.146,0.03,0.643,0.161,-0.055,0.642,0.004,-0.026,0.093,-0.013,0.242,-0.04,0.789,-0.512,-0.176,-0.468,0.532,0.008,0.04,0.726,0.246,-0.203,0.272,-0.026,0.486,0.636,0.479,-0.05,-0.039,0.428,-0.341,0.628,0.286,0.4,0.155,0.306,-0.303,0.111,0.6,-0.151,0.427,0.337,0.429,0.722,-0.2,0.072,0.317,0.465,0.733,-0.189,0.515,0.493,0.194,0.234,-0.381,-0.367,0.448,0.199,0.722,0.699,0.223,0.158,0.56,0.25,-0.437
BHFAL,0.745,0.733,0.847,0.275,0.53,0.702,0.868,0.839,0.815,0.355,0.727,0.37,-0.067,0.674,0.848,0.815,0.815,0.75,-0.062,0.628,0.2,0.0,0.748,0.836,0.451,0.518,0.671,0.39,0.776,0.668,0.805,0.932,0.79,0.436,0.52,0.613,0.651,0.591,0.848,0.737,0.792,0.738,0.22,0.672,0.723,0.746,0.866,0.737,0.827,0.63,0.427,0.352,0.855,0.725,0.814,0.8,0.236,0.831,0.698,0.747,0.599,0.792,0.455,0.113,0.385,0.714,0.64,0.765,-0.139,-0.066,0.654,0.83,0.839,0.305,0.522,0.074,0.027,0.496,-0.469,0.811,0.668,-0.263,0.225,0.331,0.091,0.676,0.396,0.735,0.764,0.243,0.875,0.79,0.74,0.765,0.454,0.774,0.904,-0.159,0.824,0.5,0.869,0.8,-0.438,0.911,0.635,0.579,0.868,0.753,0.766,0.829,-0.223,0.87,0.356,0.863,0.766,0.868,0.338,0.83,0.64,0.365,0.797,0.396,0.742,0.82,0.89,0.152,0.144,0.495,0.821,0.475,0.634,0.56,0.726,0.866,0.52,0.695,0.324,0.735,0.75,0.645,0.736,0.864,0.733,0.669,0.809,0.691,0.756,0.651,0.519,-0.416,0.579,0.653,0.837,0.7,0.665,0.9,0.52,0.888,0.698,-0.068,0.415,0.677,0.188,0.845,-0.141,0.746,0.004,0.692,0.615,0.668,-0.091,0.547,0.507,0.492,0.608,0.627,0.761,0.226,0.334,0.772,0.766,0.182,0.82,0.669,0.832,0.77,0.87,0.457,-0.286,0.594,0.682,0.814,-0.253,0.209,0.274,0.893,0.755,0.108,0.781,0.565
BKNG,0.647,0.632,0.863,0.134,0.582,0.555,0.793,0.711,0.679,0.527,0.582,0.331,0.295,0.608,0.644,0.676,0.707,0.754,0.316,0.707,0.329,0.748,0.0,0.675,0.703,0.541,0.748,0.517,0.513,0.755,0.668,0.788,0.7,0.543,0.451,0.791,0.523,0.63,0.635,0.819,0.817,0.901,0.066,0.542,0.623,0.633,0.751,0.743,0.579,0.529,0.379,0.46,0.859,0.444,0.723,0.805,0.486,0.797,0.615,0.739,0.681,0.914,0.733,0.23,0.368,0.596,0.298,0.621,-0.28,0.185,0.73,0.802,0.738,-0.096,0.586,-0.309,-0.099,0.433,-0.312,0.768,0.416,-0.403,0.371,0.394,0.339,0.607,0.012,0.662,0.448,0.372,0.709,0.695,0.728,0.846,0.514,0.746,0.82,-0.301,0.55,0.36,0.86,0.792,-0.461,0.678,0.56,0.579,0.838,0.75,0.897,0.748,-0.118,0.88,0.533,0.753,0.823,0.837,0.402,0.624,0.234,0.475,0.788,0.422,0.772,0.813,0.712,0.179,0.02,0.519,0.766,0.677,0.479,0.797,0.846,0.851,0.508,0.814,0.065,0.712,0.792,0.736,0.683,0.613,0.672,0.663,0.796,0.679,0.803,0.568,0.16,-0.171,0.434,0.617,0.613,0.359,0.664,0.87,0.482,0.827,0.678,-0.216,0.692,0.738,-0.116,0.773,-0.226,0.481,-0.058,0.736,0.441,0.644,-0.292,0.436,0.62,0.649,0.657,0.631,0.733,0.09,0.586,0.615,0.848,0.346,0.733,0.584,0.6,0.796,0.878,0.595,-0.307,0.597,0.407,0.774,-0.464,0.3,0.085,0.8,0.815,0.334,0.717,0.589
BL,0.872,0.868,0.833,0.538,0.666,0.836,0.792,0.856,0.947,0.035,0.89,0.033,-0.038,0.838,0.849,0.912,0.87,0.574,-0.236,0.368,-0.082,0.836,0.675,0.0,0.264,0.414,0.516,0.067,0.747,0.5,0.728,0.929,0.937,0.328,0.485,0.749,0.393,0.459,0.898,0.731,0.878,0.606,-0.038,0.662,0.648,0.885,0.759,0.828,0.883,0.426,0.216,0.152,0.885,0.702,0.882,0.69,0.062,0.847,0.588,0.795,0.375,0.732,0.611,-0.147,0.279,0.884,0.73,0.842,-0.33,0.024,0.788,0.917,0.724,0.276,0.594,0.006,0.372,0.249,-0.514,0.75,0.483,-0.405,0.035,0.358,0.091,0.811,0.487,0.728,0.867,0.366,0.873,0.847,0.872,0.71,0.616,0.879,0.907,-0.257,0.857,0.58,0.796,0.785,-0.374,0.873,0.814,0.654,0.864,0.85,0.73,0.648,-0.335,0.794,0.144,0.887,0.796,0.842,0.118,0.918,0.655,0.493,0.833,0.473,0.752,0.825,0.838,-0.05,-0.043,0.605,0.818,0.354,0.771,0.541,0.713,0.81,0.364,0.822,0.271,0.533,0.767,0.775,0.533,0.826,0.807,0.655,0.826,0.698,0.856,0.412,0.738,-0.439,0.777,0.589,0.829,0.724,0.43,0.811,0.702,0.81,0.72,-0.173,0.245,0.52,0.088,0.89,-0.347,0.839,-0.231,0.717,0.464,0.735,-0.169,0.737,0.601,0.325,0.7,0.498,0.642,0.041,0.158,0.873,0.809,0.082,0.646,0.492,0.902,0.654,0.728,0.38,-0.238,0.778,0.767,0.726,-0.34,-0.012,0.016,0.793,0.705,0.016,0.798,0.743
BOKF,0.244,0.246,0.633,-0.274,0.592,0.189,0.497,0.459,0.225,0.592,0.14,0.423,0.577,0.284,0.236,0.26,0.465,0.516,0.706,0.582,0.568,0.451,0.703,0.264,0.0,0.362,0.588,0.519,0.159,0.634,0.422,0.444,0.342,0.876,0.613,0.658,0.713,0.717,0.346,0.58,0.579,0.663,0.078,0.565,0.594,0.28,0.614,0.47,0.156,0.35,0.319,0.786,0.565,0.174,0.425,0.714,0.577,0.666,0.689,0.576,0.905,0.72,0.462,0.591,0.669,0.22,-0.148,0.425,-0.19,0.224,0.426,0.475,0.528,-0.387,0.381,-0.507,-0.311,0.692,-0.189,0.724,0.13,-0.495,0.725,0.564,0.572,0.359,-0.012,0.593,-0.027,-0.073,0.493,0.381,0.245,0.605,0.328,0.51,0.471,-0.416,0.266,-0.208,0.717,0.693,-0.268,0.365,0.326,0.341,0.538,0.531,0.702,0.445,0.028,0.686,0.857,0.507,0.485,0.552,0.331,0.243,-0.108,0.392,0.621,0.158,0.654,0.582,0.522,0.279,-0.031,0.139,0.641,0.93,0.261,0.712,0.631,0.518,0.791,0.503,-0.255,0.747,0.625,0.58,0.636,0.325,0.144,0.71,0.59,0.423,0.533,0.605,-0.164,0.002,0.176,0.493,0.264,-0.144,0.566,0.642,0.301,0.505,0.563,-0.281,0.544,0.581,-0.453,0.521,-0.318,0.165,0.015,0.641,0.377,0.423,-0.51,-0.186,0.35,0.925,0.545,0.234,0.774,0.164,0.859,0.375,0.661,0.777,0.61,0.408,0.283,0.505,0.705,0.539,-0.276,0.348,0.197,0.534,-0.535,0.757,0.165,0.436,0.685,0.485,0.559,0.201
BRKR,0.243,0.213,0.467,-0.242,0.203,0.172,0.7,0.258,0.293,0.621,0.203,0.464,-0.28,0.114,0.375,0.273,0.391,0.64,0.338,0.598,0.611,0.518,0.541,0.414,0.362,0.0,0.728,0.642,0.677,0.799,0.527,0.455,0.317,0.114,0.245,0.368,0.539,0.358,0.291,0.518,0.306,0.658,0.655,0.209,0.222,0.117,0.474,0.105,0.329,0.722,0.863,0.338,0.591,0.441,0.26,0.595,0.365,0.423,0.678,0.158,0.471,0.578,0.197,0.401,0.282,0.284,0.279,0.184,0.311,0.172,0.048,0.316,0.42,0.411,0.255,0.157,-0.204,0.558,0.093,0.518,0.639,0.143,0.344,-0.118,-0.095,0.074,0.024,0.592,0.336,0.395,0.461,0.217,0.228,0.561,-0.2,0.278,0.587,0.481,0.148,0.275,0.497,0.398,0.052,0.38,0.056,0.01,0.651,0.217,0.508,0.707,0.525,0.538,0.345,0.292,0.282,0.559,0.791,0.234,0.302,-0.28,0.248,-0.072,0.246,0.541,0.554,0.649,0.611,0.247,0.253,0.26,0.033,0.386,0.441,0.712,0.393,0.254,0.492,0.638,0.547,0.239,0.654,0.336,0.491,0.149,0.364,0.406,0.3,0.729,-0.019,-0.341,-0.015,0.423,0.465,0.496,0.747,0.535,0.128,0.587,0.02,0.464,0.624,0.624,0.339,0.334,0.349,0.143,0.181,0.338,0.722,0.477,0.339,0.297,0.327,0.317,0.009,0.68,0.408,0.485,0.417,0.162,0.315,0.039,0.691,0.838,0.29,0.794,0.667,0.056,0.271,0.051,0.076,0.564,0.16,0.27,0.547,0.599,0.335,0.458,0.377,-0.006
CACC,0.46,0.428,0.603,-0.201,0.335,0.285,0.752,0.542,0.452,0.746,0.372,0.509,-0.16,0.264,0.458,0.397,0.487,0.844,0.289,0.783,0.668,0.671,0.748,0.516,0.588,0.728,0.0,0.807,0.541,0.882,0.823,0.665,0.434,0.404,0.376,0.563,0.73,0.512,0.452,0.742,0.532,0.775,0.541,0.276,0.391,0.319,0.756,0.341,0.516,0.882,0.741,0.621,0.683,0.451,0.441,0.795,0.489,0.615,0.748,0.468,0.604,0.68,0.333,0.554,0.398,0.383,0.265,0.309,0.071,-0.085,0.324,0.477,0.644,0.237,0.417,-0.035,-0.36,0.659,-0.041,0.748,0.564,0.057,0.33,0.059,-0.099,0.22,-0.145,0.739,0.357,0.253,0.586,0.384,0.444,0.774,0.079,0.459,0.664,0.165,0.302,0.36,0.729,0.558,-0.12,0.631,0.163,0.201,0.707,0.408,0.72,0.83,0.142,0.705,0.441,0.454,0.485,0.63,0.677,0.407,0.285,-0.016,0.48,0.11,0.396,0.678,0.749,0.65,0.544,0.486,0.511,0.468,0.166,0.664,0.577,0.819,0.57,0.434,0.218,0.791,0.532,0.402,0.793,0.471,0.615,0.378,0.534,0.53,0.47,0.828,-0.035,-0.475,0.06,0.666,0.462,0.507,0.802,0.728,0.151,0.781,0.446,0.331,0.652,0.697,0.015,0.511,0.158,0.248,0.318,0.564,0.543,0.449,0.166,0.335,0.567,0.596,0.241,0.803,0.537,0.258,0.633,0.304,0.542,0.132,0.727,0.849,0.432,0.814,0.814,0.287,-0.144,0.154,0.126,0.863,-0.148,0.406,0.54,0.774,0.553,0.336,0.658,0.207
CAR,0.026,-0.007,0.257,-0.511,-0.073,-0.111,0.507,0.16,0.004,0.924,-0.078,0.678,-0.236,-0.156,0.181,0.002,0.103,0.702,0.431,0.781,0.856,0.39,0.517,0.067,0.519,0.642,0.807,0.0,0.291,0.765,0.559,0.289,-0.018,0.258,0.184,0.157,0.682,0.373,0.046,0.447,0.112,0.6,0.729,-0.005,0.169,-0.11,0.506,-0.061,0.132,0.834,0.789,0.621,0.3,0.195,0.038,0.539,0.579,0.228,0.581,0.076,0.544,0.418,-0.015,0.722,0.304,-0.078,-0.033,-0.096,0.366,-0.091,-0.103,0.065,0.428,0.206,0.13,0.036,-0.711,0.707,0.268,0.448,0.468,0.342,0.354,-0.223,-0.111,-0.212,-0.364,0.429,-0.025,0.069,0.235,-0.015,0.014,0.472,-0.312,0.022,0.308,0.376,-0.052,0.127,0.421,0.22,0.015,0.311,-0.272,-0.122,0.38,-0.002,0.39,0.709,0.356,0.415,0.44,0.092,0.17,0.308,0.796,0.002,0.031,-0.326,0.091,-0.178,0.071,0.327,0.393,0.794,0.73,0.156,0.134,0.34,-0.231,0.461,0.29,0.539,0.477,0.003,0.242,0.678,0.224,-0.023,0.72,0.181,0.266,0.11,0.187,0.191,0.072,0.787,-0.442,-0.279,-0.377,0.516,0.195,0.275,0.799,0.431,-0.272,0.492,0.078,0.512,0.684,0.65,0.126,0.122,0.503,-0.131,0.584,0.265,0.42,0.187,0.335,-0.032,0.273,0.507,-0.146,0.706,0.319,0.337,0.598,-0.094,0.186,0.123,0.574,0.777,0.017,0.638,0.605,0.148,0.013,-0.289,-0.212,0.593,0.132,0.478,0.719,0.508,0.285,0.343,0.332,-0.203
CDNA,0.603,0.617,0.657,0.367,0.394,0.643,0.835,0.612,0.684,0.247,0.622,0.32,-0.276,0.533,0.774,0.738,0.71,0.667,-0.117,0.506,0.146,0.776,0.513,0.747,0.159,0.677,0.541,0.291,0.0,0.577,0.626,0.722,0.664,0.121,0.462,0.403,0.495,0.32,0.715,0.469,0.545,0.596,0.373,0.538,0.46,0.563,0.651,0.488,0.757,0.556,0.587,0.158,0.731,0.776,0.628,0.586,-0.02,0.613,0.656,0.381,0.327,0.608,0.24,0.005,0.33,0.591,0.804,0.62,0.156,0.047,0.364,0.64,0.673,0.633,0.27,0.321,0.181,0.381,-0.328,0.597,0.764,-0.014,0.104,0.038,-0.031,0.503,0.558,0.655,0.805,0.434,0.751,0.623,0.561,0.561,0.172,0.554,0.796,0.186,0.685,0.533,0.631,0.538,-0.313,0.709,0.486,0.337,0.76,0.514,0.532,0.77,0.076,0.667,0.167,0.665,0.564,0.766,0.485,0.691,0.794,0.043,0.53,0.226,0.497,0.646,0.736,0.209,0.278,0.23,0.552,0.148,0.495,0.245,0.58,0.744,0.331,0.505,0.678,0.632,0.716,0.397,0.588,0.739,0.734,0.393,0.621,0.505,0.532,0.587,0.574,-0.409,0.506,0.427,0.811,0.82,0.58,0.723,0.495,0.727,0.294,0.187,0.371,0.531,0.513,0.654,0.146,0.679,0.017,0.423,0.773,0.662,0.232,0.624,0.31,0.197,0.3,0.601,0.52,0.455,0.11,0.633,0.494,0.025,0.782,0.657,0.735,0.716,0.709,0.259,0.06,0.444,0.634,0.592,0.074,0.043,0.39,0.793,0.483,0.256,0.564,0.316
CG,0.378,0.347,0.655,-0.246,0.298,0.224,0.741,0.474,0.415,0.797,0.325,0.547,-0.085,0.26,0.484,0.411,0.477,0.765,0.439,0.746,0.717,0.668,0.755,0.5,0.634,0.799,0.882,0.765,0.577,0.0,0.718,0.623,0.429,0.421,0.334,0.605,0.684,0.589,0.386,0.802,0.532,0.823,0.563,0.365,0.47,0.252,0.728,0.334,0.44,0.77,0.767,0.586,0.705,0.359,0.403,0.838,0.529,0.626,0.765,0.476,0.698,0.718,0.364,0.545,0.364,0.362,0.16,0.297,0.179,0.021,0.292,0.505,0.637,0.19,0.527,-0.106,-0.41,0.678,0.06,0.763,0.519,-0.027,0.435,0.089,0.085,0.192,-0.099,0.736,0.269,0.279,0.579,0.316,0.394,0.783,0.011,0.444,0.72,0.179,0.297,0.216,0.733,0.625,-0.015,0.584,0.187,0.219,0.77,0.461,0.715,0.798,0.292,0.748,0.533,0.492,0.466,0.663,0.755,0.352,0.21,-0.018,0.497,0.125,0.472,0.625,0.698,0.652,0.534,0.445,0.483,0.571,0.098,0.706,0.573,0.852,0.585,0.405,0.166,0.803,0.61,0.468,0.85,0.438,0.513,0.421,0.539,0.573,0.532,0.808,-0.078,-0.368,0.108,0.697,0.527,0.414,0.883,0.748,0.218,0.781,0.4,0.279,0.804,0.819,-0.018,0.497,0.106,0.201,0.223,0.593,0.647,0.622,0.08,0.23,0.506,0.619,0.288,0.729,0.617,0.282,0.666,0.311,0.588,0.266,0.747,0.873,0.352,0.903,0.854,0.309,-0.008,0.17,0.11,0.763,-0.093,0.449,0.504,0.712,0.597,0.493,0.577,0.158
CGBD,0.692,0.673,0.679,0.117,0.427,0.568,0.788,0.772,0.668,0.492,0.643,0.43,-0.212,0.519,0.667,0.62,0.66,0.827,-0.046,0.677,0.378,0.805,0.668,0.728,0.422,0.527,0.823,0.559,0.626,0.718,0.0,0.845,0.63,0.427,0.473,0.558,0.706,0.485,0.698,0.701,0.654,0.683,0.388,0.441,0.518,0.589,0.877,0.543,0.767,0.805,0.517,0.474,0.722,0.696,0.654,0.761,0.264,0.73,0.743,0.631,0.523,0.672,0.31,0.298,0.39,0.509,0.532,0.538,-0.075,-0.213,0.489,0.64,0.804,0.347,0.42,0.069,-0.096,0.593,-0.309,0.79,0.553,-0.061,0.154,0.158,-0.129,0.461,0.14,0.79,0.639,0.258,0.766,0.597,0.605,0.762,0.314,0.651,0.745,-0.01,0.624,0.455,0.789,0.625,-0.244,0.875,0.417,0.438,0.739,0.565,0.657,0.829,-0.229,0.757,0.324,0.644,0.604,0.695,0.422,0.686,0.507,0.147,0.62,0.279,0.499,0.757,0.877,0.409,0.389,0.51,0.662,0.398,0.468,0.589,0.626,0.801,0.556,0.529,0.317,0.757,0.552,0.497,0.756,0.725,0.738,0.538,0.672,0.57,0.599,0.744,0.314,-0.579,0.334,0.744,0.658,0.681,0.651,0.768,0.271,0.83,0.632,0.182,0.433,0.601,0.06,0.678,0.019,0.587,0.241,0.654,0.513,0.502,0.084,0.465,0.623,0.509,0.403,0.693,0.556,0.209,0.433,0.558,0.639,0.094,0.714,0.753,0.703,0.751,0.805,0.305,-0.359,0.358,0.473,0.93,-0.237,0.26,0.467,0.854,0.636,0.129,0.8,0.391
CHI,0.875,0.866,0.892,0.4,0.654,0.814,0.878,0.927,0.914,0.249,0.85,0.242,0.011,0.813,0.861,0.876,0.891,0.717,-0.115,0.574,0.092,0.932,0.788,0.929,0.444,0.455,0.665,0.289,0.722,0.623,0.845,0.0,0.902,0.473,0.538,0.757,0.571,0.557,0.922,0.795,0.899,0.728,0.055,0.695,0.719,0.874,0.876,0.848,0.899,0.578,0.304,0.324,0.911,0.747,0.911,0.806,0.179,0.899,0.688,0.855,0.556,0.831,0.602,0.025,0.366,0.794,0.659,0.843,-0.333,-0.044,0.784,0.915,0.837,0.209,0.579,-0.03,0.163,0.415,-0.541,0.839,0.536,-0.399,0.166,0.421,0.1,0.791,0.369,0.754,0.818,0.324,0.913,0.87,0.842,0.818,0.629,0.897,0.925,-0.288,0.861,0.542,0.9,0.85,-0.464,0.938,0.76,0.687,0.885,0.845,0.81,0.771,-0.356,0.895,0.313,0.898,0.844,0.881,0.205,0.907,0.581,0.498,0.878,0.488,0.796,0.901,0.921,0.044,0.03,0.609,0.887,0.501,0.76,0.652,0.793,0.868,0.512,0.822,0.242,0.686,0.773,0.777,0.684,0.879,0.804,0.75,0.876,0.732,0.854,0.575,0.579,-0.451,0.679,0.689,0.819,0.687,0.56,0.893,0.595,0.892,0.796,-0.164,0.36,0.624,0.054,0.93,-0.295,0.814,-0.123,0.772,0.523,0.681,-0.198,0.626,0.679,0.501,0.719,0.577,0.747,0.117,0.325,0.845,0.859,0.192,0.764,0.597,0.907,0.738,0.842,0.46,-0.353,0.73,0.737,0.857,-0.408,0.146,0.138,0.892,0.823,0.083,0.878,0.716
