,ACET,ADAP,ADI,ADPT,ADTN,AGEN,ALGN,ALLK,AMD,AMWD,ARDX,ARQT,ASTE,AUPH,AVXL,AZTA,BAND,BECN,BFC,BGC,BHF,BHFAL,BKNG,BL,BOKF,BRKR,CACC,CAR,CDNA,CG,CGBD,CHI,CHTR,CHX,CLNE,CME,CNOB,CNXN,CPRX,CSGP,CSGS,CSIQ,CVCO,CVLT,CYRX,DDOG,DOOO,DSGX,DTIL,ECPG,EEFT,EFSC,ENTG,ESPR,ETSY,EXC,FAMI,FFIV,FITB,FIZZ,FMBH,FOX,FTNT,FULT,GABC,GEN,GH,GMAB,GNPX,GO,GOGL,GOOG,GPRO,GSHD,GSM,GWAV,HAIN,HBAN,HEPA,HURN,HWKN,IBIO,ICFI,IGMS,IMKTA,INCY,INO,IRDM,IRTC,IRWD,ITCI,JACK,JD,JJSF,KALA,KHC,KLAC,KRRO,KRYS,LANC,LBTYA,LIVN,LKCO,LNTH,LOGI,LPRO,LRCX,LSCC,LSTR,MAR,MARA,MCHP,MEOH,META,MGTX,MKSI,MMYT,MORN,MRUS,MTLS,MTSI,MVIS,MXL,NBIX,NFE,NMIH,NMRK,NNDM,NSIT,NTCT,NVAX,OCUL,ODP,OLED,ONB,OTEX,PACB,PATK,PAYX,PEP,PERI,PI,PLYA,PRDO,PRGS,PTGX,QCOM,QCRH,QDEL,QFIN,RGEN,RILY,RPAY,RPD,SABR,SEDG,SHEN,SIRI,SLNO,SNDL,SNEX,SONO,SPT,SSNC,STGW,STKL,STRL,STX,SWTX,SYNA,TFSL,TIGR,TNXP,TOWN,TRI,TRIP,TRMB,TRNS,TRS,TSCO,TSEM,TVTX,TXRH,VC,VCEL,VECO,VIAV,VICR,VIR,VRTX,VSTM,VTRS,WDFC,WSBC,WSC,WYNN,XENE,XNCR,XRAY,ZS
ACET,0.0,-0.418,0.192,-0.379,0.354,-0.375,-0.406,0.041,-0.07,0.364,0.106,0.244,0.29,-0.156,-0.259,0.476,-0.33,0.701,0.214,0.306,0.076,0.275,0.381,-0.05,0.489,0.4,-0.251,0.358,0.432,0.285,0.465,0.281,0.24,0.372,0.29,0.282,0.386,-0.533,0.098,-0.015,0.405,-0.176,0.152,0.234,0.06,-0.536,-0.437,-0.143,0.424,-0.041,0.427,0.455,0.019,0.384,-0.11,-0.027,-0.076,0.456,0.286,0.492,0.242,0.124,-0.037,0.472,0.433,-0.35,-0.201,-0.55,-0.128,-0.551,0.273,-0.056,0.025,0.243,0.141,0.012,0.586,0.312,0.016,0.375,0.452,0.017,0.426,0.188,0.388,-0.195,0.361,0.495,0.003,0.596,0.198,0.267,0.147,0.406,0.477,0.184,0.297,0.201,-0.097,0.477,0.476,0.13,-0.105,0.318,-0.278,0.439,0.282,0.177,0.508,0.372,0.094,0.211,0.247,-0.493,-0.073,0.22,0.543,-0.435,0.214,0.341,-0.015,0.11,-0.008,-0.378,0.098,0.042,0.216,0.099,0.466,0.367,-0.008,0.163,0.386,0.028,0.54,0.289,0.251,0.09,0.377,0.583,0.338,0.237,0.067,-0.041,0.231,-0.021,0.081,0.532,-0.439,0.434,0.008,0.144,-0.672,0.175,0.321,0.04,-0.157,0.451,0.266,-0.23,0.435,0.235,-0.019,0.235,0.629,0.473,0.455,0.178,0.607,-0.207,0.193,0.497,0.365,0.489,-0.425,0.409,0.176,0.59,0.252,-0.257,0.185,0.601,-0.196,0.33,0.351,0.229,0.294,-0.296,-0.276,-0.054,0.166,0.306,0.529,0.457,0.538,0.173,-0.228,0.206,0.169,-0.021
ADAP,-0.418,0.0,-0.471,0.621,-0.322,0.679,0.048,-0.153,-0.372,-0.012,-0.406,-0.626,-0.722,-0.066,0.521,-0.698,0.296,-0.587,-0.568,-0.692,-0.587,-0.652,-0.587,-0.266,-0.722,-0.679,0.17,-0.55,-0.555,-0.603,-0.792,-0.685,-0.357,-0.817,-0.668,-0.706,-0.751,0.561,-0.389,0.742,-0.664,-0.127,0.251,-0.654,0.043,0.391,0.09,0.068,-0.701,-0.587,-0.75,-0.688,-0.547,-0.337,-0.203,0.413,-0.403,-0.693,-0.664,-0.681,-0.735,-0.687,-0.213,-0.683,-0.699,0.712,-0.064,0.449,0.08,0.767,-0.651,-0.148,-0.005,0.179,-0.605,-0.319,-0.671,-0.763,0.52,-0.735,-0.193,0.49,-0.384,-0.618,-0.379,0.525,-0.182,-0.776,0.539,-0.722,0.12,-0.642,0.204,-0.053,-0.289,-0.514,-0.664,-0.535,-0.301,-0.079,-0.78,-0.285,-0.444,-0.721,0.296,0.069,-0.691,-0.532,-0.665,-0.694,-0.605,-0.617,-0.726,0.436,0.462,-0.682,-0.796,0.63,-0.672,-0.712,-0.43,-0.606,-0.35,0.32,-0.483,0.017,-0.703,-0.535,-0.744,-0.695,-0.242,-0.584,-0.667,-0.508,-0.713,-0.665,-0.377,-0.346,-0.626,-0.614,-0.522,-0.62,-0.535,0.325,-0.384,-0.014,-0.242,-0.579,0.68,-0.714,0.6,-0.601,0.584,-0.558,-0.703,-0.487,0.091,-0.673,0.3,-0.171,-0.744,-0.65,0.091,-0.677,-0.464,-0.69,-0.81,-0.674,-0.499,0.233,-0.718,-0.577,-0.125,-0.797,0.754,-0.753,-0.58,-0.326,-0.516,0.118,-0.627,-0.505,-0.176,-0.756,-0.287,-0.624,-0.607,0.125,0.146,0.069,-0.506,-0.629,0.048,-0.767,-0.683,-0.618,0.23,-0.052,-0.468,-0.215
ADI,0.192,-0.471,0.0,-0.2,0.497,-0.388,0.326,0.418,0.63,-0.266,0.634,0.716,0.755,0.391,-0.518,0.754,-0.201,0.441,0.719,0.756,0.595,0.391,0.732,0.438,0.61,0.652,0.26,0.708,0.387,0.731,0.712,0.712,0.427,0.596,0.556,0.843,0.689,-0.173,0.624,-0.22,0.692,0.49,-0.607,0.635,0.334,-0.156,0.259,0.174,0.602,0.449,0.715,0.643,0.74,0.368,0.356,-0.344,0.511,0.814,0.677,0.583,0.669,0.672,0.457,0.576,0.505,-0.625,0.38,-0.08,0.518,-0.605,0.624,0.582,0.262,-0.242,0.613,0.43,0.545,0.748,-0.577,0.488,-0.087,-0.282,0.287,0.58,0.496,-0.217,0.417,0.692,-0.25,0.615,-0.247,0.598,-0.327,-0.056,0.404,0.499,0.731,0.662,0.572,-0.093,0.593,0.629,0.602,0.697,-0.211,-0.248,0.826,0.771,0.577,0.819,0.59,0.841,0.692,-0.102,-0.066,0.712,0.586,-0.181,0.607,0.634,0.7,0.585,0.365,-0.067,0.465,-0.079,0.81,0.644,0.72,0.801,0.636,0.753,0.359,0.654,0.6,0.723,0.774,0.13,0.814,0.696,0.399,0.805,0.747,-0.15,0.68,0.192,0.48,0.334,-0.613,0.52,-0.181,0.576,-0.136,0.596,0.752,0.546,0.009,0.581,-0.326,0.697,0.74,0.502,0.293,0.561,0.514,0.643,0.608,0.798,0.252,-0.267,0.686,0.205,0.494,0.646,-0.454,0.757,0.825,0.188,0.439,0.225,0.77,0.327,0.508,0.648,0.701,0.68,0.431,0.113,0.065,0.598,0.745,0.465,-0.004,0.641,0.585,0.777,0.299,-0.05,0.741,0.286
ADPT,-0.379,0.621,-0.2,0.0,-0.067,0.544,0.302,-0.214,-0.165,-0.45,-0.256,-0.481,-0.617,-0.075,0.492,-0.505,0.427,-0.705,-0.265,-0.564,-0.469,-0.595,-0.585,-0.103,-0.755,-0.667,0.381,-0.514,-0.484,-0.554,-0.635,-0.544,-0.113,-0.76,-0.554,-0.477,-0.669,0.656,-0.198,0.396,-0.541,0.053,0.059,-0.582,0.359,0.303,0.311,0.076,-0.638,-0.309,-0.703,-0.657,-0.335,-0.389,-0.066,0.193,-0.302,-0.574,-0.586,-0.602,-0.599,-0.454,-0.169,-0.701,-0.668,0.737,0.387,0.556,0.318,0.655,-0.599,0.073,0.127,-0.215,-0.348,-0.174,-0.602,-0.633,0.325,-0.72,-0.431,0.462,-0.463,-0.539,-0.128,0.524,-0.019,-0.668,0.422,-0.591,-0.198,-0.528,0.107,-0.288,-0.396,-0.351,-0.52,-0.3,-0.091,-0.296,-0.666,-0.131,-0.174,-0.557,0.387,-0.159,-0.435,-0.442,-0.585,-0.595,-0.396,-0.439,-0.572,0.6,0.494,-0.493,-0.78,0.654,-0.51,-0.541,-0.235,-0.406,-0.196,0.301,-0.418,-0.158,-0.521,-0.382,-0.674,-0.578,-0.049,-0.332,-0.753,-0.332,-0.722,-0.439,0.096,-0.382,-0.507,-0.405,-0.391,-0.306,-0.338,0.313,-0.174,0.123,0.032,-0.618,0.7,-0.634,0.613,-0.531,0.584,-0.408,-0.62,-0.388,0.158,-0.664,-0.076,0.156,-0.594,-0.534,0.288,-0.583,-0.446,-0.513,-0.635,-0.433,-0.485,0.128,-0.595,-0.799,0.038,-0.74,0.732,-0.589,-0.382,-0.27,-0.466,0.254,-0.407,-0.435,-0.142,-0.639,-0.208,-0.51,-0.594,0.206,0.315,0.176,-0.231,-0.619,-0.062,-0.752,-0.656,-0.526,0.376,-0.157,-0.285,0.039
ADTN,0.354,-0.322,0.497,-0.067,0.0,-0.441,0.457,0.337,0.597,-0.228,0.608,0.561,0.456,0.48,0.109,0.501,0.265,0.302,0.526,0.595,0.245,0.46,0.253,0.629,0.225,0.477,0.219,0.267,0.398,0.605,0.561,0.595,0.668,0.417,0.493,0.541,0.335,-0.313,0.602,-0.28,0.31,0.527,-0.423,0.485,-0.132,0.252,0.514,0.504,0.437,0.518,0.405,0.23,0.517,0.212,0.589,-0.416,0.561,0.341,0.297,0.579,0.505,0.617,0.717,0.162,0.191,-0.194,0.43,0.253,0.443,-0.287,0.445,0.684,0.423,0.018,0.617,0.419,0.472,0.442,-0.623,0.424,-0.114,-0.29,0.099,0.413,0.17,0.215,0.623,0.542,-0.343,0.231,-0.305,0.477,0.146,-0.305,0.25,0.683,0.628,0.485,0.643,-0.155,0.539,0.277,0.588,0.468,0.369,-0.337,0.651,0.539,0.389,0.504,0.565,0.573,0.441,0.282,-0.002,0.611,0.292,-0.425,0.531,0.519,0.634,0.588,0.617,0.292,0.623,-0.036,0.498,0.644,0.457,0.599,0.683,0.681,0.334,0.597,0.266,0.669,0.489,0.477,0.43,0.516,0.553,0.611,0.508,0.317,0.5,0.364,0.551,0.033,-0.119,0.26,-0.136,0.531,0.078,0.663,0.529,0.525,-0.247,0.476,-0.354,0.526,0.464,0.48,0.423,0.536,0.382,0.579,0.398,0.653,0.575,-0.063,0.467,0.06,0.507,0.413,-0.357,0.448,0.575,0.225,0.114,0.516,0.644,0.076,0.131,0.519,0.312,0.633,0.38,0.443,0.447,0.546,0.727,0.346,0.093,0.337,0.222,0.391,0.349,0.233,0.318,0.718
AGEN,-0.375,0.679,-0.388,0.544,-0.441,0.0,-0.162,-0.228,-0.636,-0.109,-0.454,-0.741,-0.58,-0.406,0.335,-0.565,-0.122,-0.52,-0.576,-0.717,-0.343,-0.667,-0.36,-0.596,-0.465,-0.757,0.318,-0.299,-0.714,-0.577,-0.728,-0.781,-0.632,-0.74,-0.758,-0.58,-0.492,0.718,-0.46,0.61,-0.343,-0.29,0.515,-0.778,0.354,-0.071,-0.234,-0.461,-0.733,-0.618,-0.645,-0.352,-0.589,-0.088,-0.587,0.624,-0.586,-0.499,-0.36,-0.751,-0.618,-0.672,-0.572,-0.344,-0.309,0.593,-0.223,0.054,0.018,0.537,-0.799,-0.332,0.01,-0.266,-0.767,-0.409,-0.665,-0.563,0.7,-0.555,0.171,0.676,0.024,-0.662,-0.055,0.402,-0.201,-0.749,0.561,-0.429,0.325,-0.75,-0.261,0.327,-0.304,-0.762,-0.792,-0.677,-0.486,0.201,-0.766,0.029,-0.486,-0.686,-0.135,-0.006,-0.733,-0.61,-0.403,-0.6,-0.712,-0.717,-0.663,0.159,0.667,-0.758,-0.645,0.816,-0.773,-0.846,-0.605,-0.732,-0.675,-0.074,-0.748,0.251,-0.556,-0.667,-0.614,-0.645,-0.497,-0.699,-0.671,-0.669,-0.441,-0.762,-0.214,-0.664,-0.45,-0.458,-0.684,-0.612,-0.606,0.341,-0.094,-0.1,-0.232,-0.131,0.449,-0.74,0.463,-0.724,0.313,-0.78,-0.706,-0.725,0.568,-0.738,0.322,-0.209,-0.52,-0.835,-0.27,-0.796,-0.356,-0.73,-0.59,-0.68,-0.564,-0.013,-0.704,-0.669,-0.225,-0.594,0.669,-0.552,-0.58,0.039,-0.008,-0.2,-0.677,-0.218,-0.114,-0.775,-0.074,-0.747,-0.724,-0.337,-0.299,-0.096,-0.597,-0.709,0.109,-0.58,-0.523,-0.497,-0.018,-0.145,-0.278,-0.581
ALGN,-0.406,0.048,0.326,0.302,0.457,-0.162,0.0,0.299,0.636,-0.454,0.479,0.369,0.127,0.693,0.299,-0.043,0.666,-0.357,0.351,0.236,0.284,0.117,-0.099,0.616,-0.226,0.171,0.432,0.026,0.042,0.254,0.057,0.301,0.398,0.094,0.247,0.264,-0.016,0.217,0.442,-0.2,-0.103,0.552,-0.501,0.326,-0.14,0.71,0.914,0.732,0.047,0.621,-0.016,-0.235,0.45,-0.246,0.595,-0.415,0.602,-0.098,0.068,0.058,0.2,0.461,0.626,-0.302,-0.276,0.166,0.654,0.725,0.612,0.316,0.227,0.625,0.235,-0.215,0.58,0.484,-0.144,0.15,-0.565,-0.009,-0.537,-0.3,-0.319,0.147,-0.185,0.309,0.105,0.04,-0.305,-0.336,-0.512,0.226,0.083,-0.743,-0.217,0.495,0.308,0.388,0.673,-0.637,0.059,0.126,0.605,0.169,0.506,-0.614,0.356,0.347,-0.199,0.138,0.52,0.391,0.159,0.686,-0.003,0.38,-0.195,0.048,0.322,0.212,0.618,0.532,0.636,0.759,0.446,-0.034,0.294,0.45,-0.008,0.202,0.619,0.493,-0.113,0.537,-0.251,0.33,0.235,0.436,0.017,-0.144,0.085,0.358,0.481,0.32,0.116,0.21,0.258,-0.477,0.25,-0.078,-0.08,0.316,0.689,0.437,0.209,0.44,-0.142,0.058,-0.491,0.709,0.013,0.254,0.459,0.28,-0.197,0.072,-0.067,0.454,-0.017,0.265,0.303,-0.348,0.213,-0.121,0.108,0.046,0.472,-0.33,-0.188,0.713,0.487,-0.571,0.516,0.231,-0.143,0.348,0.122,0.692,0.633,0.593,0.456,-0.021,-0.461,-0.102,-0.259,0.22,0.658,-0.126,0.261,0.665
ALLK,0.041,-0.153,0.418,-0.214,0.337,-0.228,0.299,0.0,0.334,-0.161,0.634,0.63,0.552,0.424,-0.243,0.368,-0.115,0.261,0.467,0.496,0.596,0.376,0.38,0.474,0.348,0.362,-0.189,0.403,0.066,0.438,0.389,0.486,0.137,0.451,0.57,0.454,0.488,-0.065,0.633,-0.02,0.437,0.612,-0.351,0.514,-0.005,0.192,0.332,0.438,0.483,0.422,0.446,0.387,0.407,-0.146,0.377,-0.214,0.591,0.456,0.448,0.246,0.508,0.461,0.41,0.327,0.258,-0.395,0.397,0.006,0.025,-0.203,0.543,0.135,-0.212,-0.233,0.462,0.192,0.284,0.479,-0.517,0.521,-0.103,-0.556,0.259,0.523,0.213,0.024,0.023,0.371,0.067,0.227,-0.227,0.406,0.022,-0.072,-0.018,0.498,0.441,0.568,0.493,-0.081,0.224,0.411,0.585,0.408,-0.011,-0.194,0.376,0.453,0.324,0.525,0.51,0.476,0.54,-0.094,-0.162,0.424,0.378,-0.211,0.396,0.39,0.525,0.494,0.442,0.252,0.502,0.061,0.564,0.437,0.484,0.482,0.492,0.471,0.368,0.429,0.365,0.459,0.053,0.385,0.531,0.304,0.285,0.335,0.56,0.042,0.301,0.519,-0.041,0.152,-0.39,0.416,-0.322,0.534,0.122,0.418,0.538,0.561,0.027,0.466,-0.293,0.342,0.435,0.354,0.364,0.414,0.267,0.271,0.465,0.455,0.157,0.094,0.553,0.196,0.007,0.349,-0.306,0.379,0.593,0.183,0.249,0.389,0.426,-0.136,0.521,0.475,0.325,0.466,0.462,0.237,0.104,0.385,0.405,0.197,-0.106,0.42,0.357,0.451,0.385,0.401,0.479,0.242
AMD,-0.07,-0.372,0.63,-0.165,0.597,-0.636,0.636,0.334,0.0,-0.24,0.675,0.753,0.561,0.794,-0.103,0.562,0.401,0.138,0.707,0.74,0.318,0.582,0.262,0.874,0.224,0.707,0.09,0.167,0.624,0.658,0.648,0.83,0.759,0.587,0.659,0.691,0.347,-0.446,0.632,-0.399,0.227,0.562,-0.793,0.752,-0.278,0.44,0.657,0.692,0.628,0.773,0.551,0.197,0.884,0.144,0.856,-0.77,0.798,0.378,0.273,0.706,0.594,0.822,0.88,0.104,0.065,-0.449,0.547,0.465,0.579,-0.319,0.717,0.705,0.309,0.139,0.822,0.525,0.548,0.516,-0.871,0.38,-0.474,-0.606,-0.254,0.669,-0.032,0.091,0.451,0.639,-0.629,0.232,-0.611,0.773,0.002,-0.675,0.342,0.83,0.84,0.727,0.869,-0.501,0.669,0.049,0.765,0.698,0.434,-0.414,0.838,0.815,0.353,0.567,0.874,0.826,0.654,0.322,-0.422,0.848,0.349,-0.536,0.841,0.774,0.86,0.864,0.833,0.347,0.803,-0.38,0.607,0.842,0.47,0.661,0.882,0.887,0.478,0.928,0.184,0.798,0.473,0.607,0.438,0.407,0.641,0.846,0.718,-0.102,0.288,0.289,0.596,-0.208,-0.215,0.353,-0.33,0.791,0.139,0.893,0.667,0.784,-0.497,0.619,-0.518,0.774,0.476,0.797,0.386,0.797,0.218,0.733,0.383,0.846,0.405,-0.109,0.696,0.217,0.529,0.442,-0.528,0.501,0.711,-0.219,-0.067,0.667,0.865,-0.049,0.282,0.732,0.231,0.829,0.506,0.629,0.694,0.599,0.837,0.594,-0.243,0.414,0.29,0.562,0.382,0.111,0.318,0.766
AMWD,0.364,-0.012,-0.266,-0.45,-0.228,-0.109,-0.454,-0.161,-0.24,0.0,-0.327,-0.141,-0.056,-0.226,-0.084,-0.049,-0.116,0.435,-0.316,-0.133,-0.157,0.109,0.045,-0.281,0.217,0.221,-0.33,0.027,0.385,-0.045,0.031,-0.03,0.011,0.143,-0.029,-0.202,-0.021,-0.398,-0.419,0.187,-0.091,-0.46,0.523,0.036,-0.412,-0.245,-0.484,-0.128,0.059,-0.12,0.101,0.082,-0.122,0.113,-0.237,0.247,-0.251,0.022,-0.017,0.169,-0.074,-0.145,-0.169,0.156,0.169,-0.145,-0.599,-0.429,-0.418,-0.111,0.053,-0.396,-0.047,0.637,-0.173,-0.195,0.177,-0.079,0.319,0.061,0.46,0.005,0.221,-0.078,-0.133,-0.229,-0.238,0.096,-0.014,0.19,0.331,0.14,0.257,0.321,0.373,-0.043,-0.005,-0.177,-0.423,0.504,0.16,-0.447,-0.519,-0.003,-0.246,0.762,-0.114,-0.031,0.156,-0.014,-0.147,-0.103,-0.092,-0.393,-0.313,-0.019,0.247,-0.307,-0.064,0.116,-0.244,-0.127,-0.077,-0.267,-0.047,0.235,-0.23,-0.154,0.059,-0.033,-0.397,-0.29,0.375,-0.137,0.173,-0.093,-0.387,0.265,-0.007,-0.002,0.083,-0.234,-0.293,-0.227,-0.345,-0.388,-0.101,0.22,-0.21,0.124,-0.089,-0.054,-0.46,-0.116,-0.035,-0.093,-0.26,0.27,0.413,-0.534,-0.013,0.064,-0.44,0.096,0.138,0.051,0.047,-0.213,0.167,0.167,-0.08,0.587,-0.088,0.123,-0.1,-0.003,-0.227,0.103,-0.024,-0.344,-0.134,0.347,-0.209,0.049,-0.232,0.01,0.254,-0.069,-0.245,-0.453,-0.384,0.187,0.392,0.149,0.324,-0.099,-0.594,0.092,-0.306,-0.269
ARDX,0.106,-0.406,0.634,-0.256,0.608,-0.454,0.479,0.634,0.675,-0.327,0.0,0.87,0.748,0.677,-0.117,0.689,0.01,0.308,0.8,0.816,0.686,0.617,0.434,0.785,0.446,0.626,-0.137,0.427,0.311,0.689,0.696,0.771,0.402,0.672,0.835,0.781,0.645,-0.308,0.935,-0.352,0.609,0.748,-0.731,0.756,-0.053,0.188,0.494,0.438,0.756,0.666,0.658,0.51,0.666,0.067,0.703,-0.649,0.76,0.577,0.545,0.586,0.774,0.781,0.654,0.398,0.342,-0.548,0.567,0.16,0.312,-0.446,0.746,0.472,-0.055,-0.142,0.782,0.27,0.579,0.705,-0.824,0.677,-0.219,-0.6,0.12,0.803,0.349,0.093,0.481,0.663,-0.268,0.409,-0.471,0.631,-0.176,-0.284,0.183,0.718,0.747,0.849,0.849,-0.359,0.567,0.491,0.849,0.691,0.204,-0.409,0.73,0.674,0.472,0.683,0.813,0.714,0.793,-0.009,-0.187,0.738,0.514,-0.465,0.74,0.644,0.749,0.828,0.691,0.207,0.786,-0.198,0.796,0.786,0.679,0.73,0.831,0.853,0.489,0.752,0.481,0.757,0.394,0.453,0.6,0.503,0.496,0.727,0.833,0.114,0.575,0.635,0.209,0.187,-0.436,0.485,-0.438,0.809,0.022,0.761,0.774,0.783,-0.065,0.656,-0.479,0.643,0.698,0.667,0.512,0.682,0.494,0.631,0.662,0.798,0.508,-0.154,0.803,0.223,0.378,0.595,-0.623,0.652,0.827,0.145,0.29,0.596,0.766,0.005,0.365,0.763,0.48,0.754,0.567,0.294,0.319,0.581,0.842,0.488,-0.203,0.609,0.377,0.625,0.508,0.475,0.625,0.477
ARQT,0.244,-0.626,0.716,-0.481,0.561,-0.741,0.369,0.63,0.753,-0.141,0.87,0.0,0.874,0.659,-0.385,0.779,-0.027,0.506,0.827,0.932,0.716,0.729,0.597,0.783,0.63,0.833,-0.219,0.541,0.58,0.791,0.856,0.933,0.547,0.859,0.925,0.879,0.765,-0.508,0.848,-0.502,0.663,0.649,-0.723,0.929,-0.126,0.092,0.399,0.477,0.892,0.758,0.839,0.625,0.816,0.127,0.697,-0.677,0.805,0.747,0.646,0.751,0.868,0.878,0.678,0.544,0.463,-0.76,0.477,-0.003,0.196,-0.615,0.938,0.43,-0.049,-0.04,0.895,0.439,0.712,0.825,-0.874,0.756,-0.182,-0.762,0.165,0.904,0.305,-0.229,0.34,0.841,-0.443,0.561,-0.466,0.84,-0.104,-0.29,0.313,0.821,0.909,0.93,0.792,-0.28,0.769,0.406,0.802,0.861,0.043,-0.253,0.883,0.793,0.593,0.844,0.894,0.898,0.915,-0.196,-0.482,0.904,0.735,-0.639,0.899,0.871,0.847,0.904,0.749,0.083,0.865,-0.206,0.88,0.864,0.819,0.861,0.782,0.924,0.702,0.863,0.629,0.893,0.412,0.588,0.736,0.601,0.662,0.821,0.901,-0.2,0.472,0.436,0.251,0.265,-0.648,0.707,-0.564,0.911,-0.186,0.874,0.925,0.903,-0.259,0.834,-0.464,0.59,0.804,0.854,0.415,0.866,0.506,0.786,0.782,0.907,0.518,-0.13,0.932,0.525,0.316,0.745,-0.751,0.796,0.899,0.106,0.304,0.417,0.875,0.185,0.443,0.93,0.437,0.895,0.768,0.317,0.281,0.438,0.843,0.693,-0.214,0.778,0.631,0.776,0.297,0.325,0.654,0.53
ASTE,0.29,-0.722,0.755,-0.617,0.456,-0.58,0.127,0.552,0.561,-0.056,0.748,0.874,0.0,0.406,-0.592,0.863,-0.377,0.679,0.784,0.919,0.814,0.733,0.821,0.504,0.857,0.824,-0.099,0.754,0.501,0.872,0.906,0.865,0.352,0.911,0.813,0.939,0.931,-0.443,0.704,-0.526,0.864,0.504,-0.533,0.849,-0.048,-0.199,0.133,0.128,0.839,0.662,0.946,0.85,0.778,0.34,0.409,-0.442,0.633,0.891,0.864,0.732,0.944,0.846,0.494,0.815,0.773,-0.884,0.187,-0.309,0.09,-0.804,0.849,0.339,0.038,-0.181,0.737,0.407,0.717,0.958,-0.724,0.888,0.096,-0.622,0.472,0.863,0.419,-0.362,0.298,0.882,-0.444,0.734,-0.177,0.797,-0.376,0.061,0.377,0.63,0.831,0.752,0.582,-0.0,0.804,0.597,0.694,0.899,-0.282,-0.197,0.847,0.767,0.792,0.95,0.74,0.836,0.951,-0.416,-0.397,0.848,0.86,-0.559,0.809,0.787,0.713,0.748,0.478,-0.195,0.701,0.0,0.95,0.8,0.932,0.931,0.569,0.806,0.773,0.736,0.852,0.819,0.436,0.401,0.905,0.708,0.621,0.762,0.843,-0.244,0.681,0.282,0.272,0.59,-0.846,0.72,-0.685,0.841,-0.344,0.732,0.956,0.745,0.002,0.812,-0.347,0.467,0.943,0.733,0.088,0.811,0.572,0.746,0.901,0.876,0.449,-0.293,0.932,0.556,0.224,0.915,-0.796,0.943,0.858,0.28,0.664,0.108,0.807,0.42,0.491,0.901,0.607,0.838,0.73,0.048,-0.07,0.304,0.746,0.716,-0.128,0.934,0.798,0.916,0.009,0.184,0.754,0.267
AUPH,-0.156,-0.066,0.391,-0.075,0.48,-0.406,0.693,0.424,0.794,-0.226,0.677,0.659,0.406,0.0,0.1,0.315,0.519,-0.04,0.511,0.563,0.316,0.361,0.044,0.87,0.055,0.532,-0.03,0.015,0.449,0.462,0.391,0.644,0.541,0.397,0.541,0.505,0.23,-0.215,0.647,-0.26,0.111,0.582,-0.724,0.664,-0.366,0.613,0.741,0.771,0.48,0.665,0.337,0.022,0.693,-0.093,0.85,-0.745,0.755,0.149,0.155,0.419,0.465,0.656,0.779,-0.063,-0.125,-0.276,0.623,0.619,0.471,-0.035,0.614,0.467,0.127,0.071,0.744,0.465,0.281,0.36,-0.753,0.257,-0.514,-0.601,-0.287,0.596,-0.106,0.219,0.302,0.404,-0.425,0.001,-0.682,0.555,-0.033,-0.707,0.182,0.66,0.595,0.695,0.824,-0.681,0.394,0.082,0.704,0.483,0.51,-0.414,0.572,0.525,0.115,0.345,0.753,0.635,0.51,0.277,-0.381,0.642,0.137,-0.323,0.695,0.545,0.789,0.752,0.792,0.427,0.732,-0.347,0.468,0.723,0.261,0.419,0.801,0.742,0.328,0.811,0.032,0.614,0.225,0.562,0.19,0.084,0.432,0.606,0.664,0.009,0.144,0.356,0.229,-0.325,-0.046,0.132,-0.3,0.674,0.302,0.712,0.501,0.749,-0.347,0.433,-0.463,0.714,0.317,0.641,0.462,0.613,0.039,0.447,0.193,0.66,0.298,0.088,0.578,0.117,0.372,0.211,-0.353,0.32,0.607,-0.302,-0.162,0.708,0.637,-0.218,0.36,0.572,0.069,0.649,0.42,0.638,0.705,0.531,0.672,0.439,-0.399,0.249,0.07,0.416,0.574,0.23,0.317,0.703
AVXL,-0.259,0.521,-0.518,0.492,0.109,0.335,0.299,-0.243,-0.103,-0.084,-0.117,-0.385,-0.592,0.1,0.0,-0.536,0.595,-0.531,-0.365,-0.44,-0.432,-0.253,-0.703,0.077,-0.7,-0.482,0.051,-0.611,-0.298,-0.391,-0.516,-0.401,0.039,-0.508,-0.306,-0.517,-0.62,0.232,-0.139,0.238,-0.609,0.016,0.191,-0.417,-0.201,0.502,0.33,0.269,-0.422,-0.127,-0.613,-0.636,-0.384,-0.326,0.13,0.037,-0.133,-0.697,-0.584,-0.35,-0.435,-0.297,0.066,-0.696,-0.6,0.73,0.194,0.555,0.12,0.659,-0.425,0.029,-0.013,0.201,-0.231,-0.231,-0.402,-0.57,0.152,-0.41,-0.162,0.212,-0.396,-0.389,-0.305,0.629,0.005,-0.52,0.166,-0.637,-0.143,-0.406,0.346,-0.334,-0.302,-0.084,-0.388,-0.303,-0.002,-0.26,-0.443,-0.429,-0.144,-0.529,0.625,-0.119,-0.434,-0.406,-0.506,-0.619,-0.213,-0.465,-0.508,0.608,0.281,-0.382,-0.631,0.188,-0.332,-0.407,-0.23,-0.178,0.136,0.495,-0.121,0.073,-0.542,-0.291,-0.605,-0.514,-0.046,-0.283,-0.434,-0.228,-0.667,-0.352,-0.333,0.066,-0.645,-0.468,-0.206,-0.369,-0.37,0.617,-0.35,0.211,-0.061,-0.55,0.73,-0.554,0.336,-0.28,0.49,-0.201,-0.525,-0.216,-0.005,-0.425,0.019,-0.095,-0.561,-0.301,0.25,-0.332,-0.304,-0.391,-0.54,-0.396,-0.006,0.308,-0.446,-0.465,0.005,-0.595,0.431,-0.61,-0.409,-0.187,-0.507,0.377,-0.329,-0.55,-0.315,-0.45,-0.497,-0.35,-0.329,0.349,0.419,0.007,-0.225,-0.354,-0.037,-0.625,-0.682,-0.615,0.372,0.296,-0.474,0.184
AZTA,0.476,-0.698,0.754,-0.505,0.501,-0.565,-0.043,0.368,0.562,-0.049,0.689,0.779,0.863,0.315,-0.536,0.0,-0.391,0.704,0.773,0.889,0.543,0.702,0.744,0.478,0.778,0.818,-0.151,0.591,0.619,0.797,0.941,0.839,0.45,0.829,0.755,0.893,0.806,-0.621,0.657,-0.37,0.804,0.373,-0.523,0.743,0.067,-0.364,-0.039,0.034,0.865,0.483,0.912,0.814,0.713,0.513,0.405,-0.492,0.495,0.87,0.68,0.864,0.824,0.752,0.469,0.752,0.668,-0.83,0.178,-0.331,0.203,-0.904,0.752,0.37,0.129,-0.029,0.617,0.246,0.896,0.829,-0.626,0.767,0.125,-0.435,0.351,0.801,0.512,-0.216,0.565,0.914,-0.402,0.835,-0.164,0.747,-0.298,0.106,0.575,0.596,0.844,0.705,0.538,0.091,0.852,0.449,0.569,0.846,-0.189,-0.046,0.858,0.793,0.841,0.854,0.684,0.782,0.866,-0.395,-0.276,0.791,0.831,-0.61,0.784,0.796,0.579,0.68,0.398,-0.315,0.607,-0.216,0.818,0.708,0.891,0.88,0.597,0.774,0.715,0.666,0.801,0.795,0.613,0.257,0.833,0.886,0.662,0.842,0.679,-0.205,0.693,0.288,0.472,0.569,-0.756,0.68,-0.425,0.755,-0.526,0.733,0.863,0.601,-0.111,0.829,-0.258,0.41,0.922,0.7,0.124,0.75,0.735,0.895,0.849,0.805,0.648,-0.497,0.786,0.528,0.516,0.906,-0.854,0.875,0.73,0.393,0.533,0.124,0.779,0.569,0.134,0.837,0.738,0.786,0.585,-0.052,-0.01,0.367,0.777,0.714,0.156,0.867,0.756,0.747,-0.016,0.289,0.57,0.249
BAND,-0.33,0.296,-0.201,0.427,0.265,-0.122,0.666,-0.115,0.401,-0.116,0.01,-0.027,-0.377,0.519,0.595,-0.391,0.0,-0.543,-0.111,-0.162,-0.352,-0.152,-0.656,0.479,-0.644,-0.106,0.141,-0.566,0.156,-0.195,-0.274,-0.013,0.475,-0.273,-0.067,-0.243,-0.539,0.088,0.022,-0.062,-0.614,0.187,-0.208,0.01,-0.357,0.769,0.721,0.708,-0.21,0.286,-0.418,-0.694,0.103,-0.431,0.553,-0.37,0.265,-0.556,-0.543,-0.1,-0.247,0.068,0.438,-0.743,-0.699,0.479,0.514,0.842,0.373,0.599,-0.057,0.326,0.19,0.227,0.266,0.198,-0.264,-0.396,-0.22,-0.431,-0.584,-0.114,-0.667,-0.145,-0.455,0.435,0.044,-0.255,-0.197,-0.575,-0.53,0.011,0.444,-0.841,-0.215,0.304,0.004,0.084,0.343,-0.609,-0.153,-0.501,0.155,-0.205,0.8,-0.222,-0.011,-0.064,-0.473,-0.383,0.207,0.004,-0.26,0.746,-0.118,0.063,-0.515,0.001,0.09,0.033,0.254,0.225,0.541,0.648,0.239,-0.268,-0.288,0.11,-0.471,-0.268,0.295,0.13,-0.248,0.252,-0.665,0.041,-0.071,0.421,-0.501,-0.4,0.026,0.019,-0.012,0.189,-0.425,0.041,0.173,-0.82,0.67,-0.372,0.215,0.009,0.556,0.192,-0.262,0.206,-0.465,-0.174,-0.36,0.287,-0.435,0.118,0.418,0.067,-0.457,-0.101,-0.436,0.01,-0.037,0.413,-0.153,-0.308,0.143,-0.491,0.324,-0.418,-0.049,-0.496,-0.737,0.623,0.077,-0.532,-0.085,-0.103,-0.581,0.051,-0.086,0.745,0.815,0.18,0.09,-0.116,-0.268,-0.51,-0.532,-0.346,0.424,-0.055,-0.338,0.676
BECN,0.701,-0.587,0.441,-0.705,0.302,-0.52,-0.357,0.261,0.138,0.435,0.308,0.506,0.679,-0.04,-0.531,0.704,-0.543,0.0,0.427,0.6,0.442,0.581,0.733,0.07,0.839,0.68,-0.201,0.668,0.521,0.65,0.73,0.564,0.297,0.724,0.534,0.586,0.73,-0.614,0.257,-0.192,0.7,0.001,-0.005,0.547,-0.086,-0.536,-0.374,-0.116,0.67,0.237,0.777,0.778,0.35,0.494,0.007,-0.031,0.179,0.778,0.667,0.678,0.623,0.438,0.159,0.808,0.79,-0.694,-0.29,-0.678,-0.174,-0.778,0.58,0.091,-0.032,0.237,0.309,0.1,0.747,0.679,-0.246,0.718,0.496,-0.257,0.595,0.521,0.454,-0.403,0.273,0.759,-0.207,0.755,0.266,0.591,-0.051,0.464,0.54,0.387,0.58,0.353,0.065,0.515,0.72,0.296,0.125,0.622,-0.435,0.353,0.543,0.504,0.8,0.738,0.318,0.512,0.605,-0.597,-0.319,0.514,0.856,-0.584,0.464,0.6,0.235,0.343,0.157,-0.386,0.354,0.225,0.548,0.356,0.79,0.685,0.116,0.368,0.733,0.306,0.854,0.515,0.208,0.303,0.761,0.743,0.502,0.42,0.39,-0.163,0.42,-0.026,0.189,0.76,-0.79,0.724,-0.401,0.484,-0.666,0.405,0.678,0.331,-0.047,0.743,0.158,-0.096,0.742,0.491,-0.134,0.553,0.715,0.634,0.77,0.457,0.557,-0.209,0.572,0.746,0.264,0.815,-0.66,0.738,0.469,0.494,0.572,-0.258,0.461,0.637,0.119,0.631,0.47,0.535,0.6,-0.161,-0.348,-0.024,0.322,0.617,0.401,0.812,0.833,0.587,-0.324,0.211,0.426,-0.055
BFC,0.214,-0.568,0.719,-0.265,0.526,-0.576,0.351,0.467,0.707,-0.316,0.8,0.827,0.784,0.511,-0.365,0.773,-0.111,0.427,0.0,0.845,0.607,0.672,0.564,0.661,0.568,0.698,0.001,0.507,0.444,0.744,0.802,0.808,0.506,0.734,0.764,0.844,0.694,-0.425,0.753,-0.45,0.65,0.529,-0.683,0.766,-0.022,-0.001,0.355,0.321,0.763,0.681,0.76,0.579,0.745,0.245,0.587,-0.602,0.679,0.693,0.61,0.7,0.766,0.807,0.591,0.511,0.44,-0.646,0.412,0.009,0.328,-0.611,0.758,0.524,0.029,-0.104,0.755,0.35,0.672,0.765,-0.789,0.654,-0.207,-0.553,0.122,0.792,0.334,-0.114,0.477,0.772,-0.438,0.516,-0.381,0.739,-0.232,-0.238,0.31,0.712,0.799,0.784,0.744,-0.232,0.716,0.442,0.791,0.812,0.062,-0.357,0.821,0.74,0.597,0.786,0.786,0.782,0.842,-0.079,-0.329,0.8,0.622,-0.515,0.793,0.731,0.698,0.777,0.594,0.026,0.701,-0.246,0.822,0.774,0.738,0.795,0.735,0.844,0.581,0.769,0.561,0.795,0.513,0.408,0.706,0.637,0.623,0.814,0.833,-0.059,0.558,0.402,0.395,0.276,-0.551,0.562,-0.476,0.796,-0.155,0.772,0.821,0.703,-0.119,0.694,-0.405,0.614,0.731,0.74,0.301,0.745,0.48,0.752,0.702,0.845,0.456,-0.281,0.817,0.309,0.421,0.702,-0.679,0.751,0.817,0.114,0.353,0.395,0.817,0.199,0.344,0.805,0.505,0.792,0.585,0.234,0.251,0.48,0.829,0.616,-0.125,0.684,0.529,0.739,0.283,0.223,0.611,0.453
BGC,0.306,-0.692,0.756,-0.564,0.595,-0.717,0.236,0.496,0.74,-0.133,0.816,0.932,0.919,0.563,-0.44,0.889,-0.162,0.6,0.845,0.0,0.677,0.783,0.69,0.687,0.741,0.875,-0.132,0.603,0.618,0.894,0.946,0.947,0.561,0.902,0.887,0.938,0.834,-0.585,0.778,-0.541,0.748,0.577,-0.69,0.898,-0.132,-0.058,0.271,0.311,0.902,0.696,0.918,0.731,0.814,0.334,0.623,-0.619,0.749,0.818,0.718,0.854,0.919,0.903,0.676,0.672,0.612,-0.829,0.313,-0.111,0.234,-0.766,0.9,0.496,0.12,-0.042,0.825,0.397,0.81,0.895,-0.855,0.829,-0.056,-0.66,0.274,0.897,0.339,-0.237,0.457,0.925,-0.536,0.675,-0.314,0.844,-0.201,-0.149,0.438,0.783,0.932,0.837,0.723,-0.144,0.866,0.452,0.78,0.903,-0.019,-0.261,0.927,0.844,0.72,0.901,0.848,0.903,0.942,-0.224,-0.414,0.915,0.796,-0.683,0.91,0.871,0.783,0.865,0.648,-0.06,0.819,-0.179,0.923,0.869,0.9,0.942,0.741,0.925,0.765,0.84,0.738,0.915,0.494,0.5,0.8,0.733,0.735,0.866,0.856,-0.19,0.617,0.373,0.396,0.415,-0.695,0.719,-0.561,0.916,-0.294,0.885,0.951,0.826,-0.211,0.859,-0.412,0.544,0.885,0.835,0.273,0.878,0.618,0.868,0.828,0.937,0.62,-0.285,0.937,0.532,0.41,0.875,-0.842,0.868,0.878,0.23,0.445,0.312,0.892,0.331,0.326,0.939,0.581,0.924,0.743,0.212,0.176,0.44,0.882,0.752,-0.088,0.864,0.684,0.824,0.179,0.277,0.65,0.455
BHF,0.076,-0.587,0.595,-0.469,0.245,-0.343,0.284,0.596,0.318,-0.157,0.686,0.716,0.814,0.316,-0.432,0.543,-0.352,0.442,0.607,0.677,0.0,0.536,0.694,0.313,0.729,0.562,-0.05,0.784,0.129,0.664,0.603,0.594,0.033,0.739,0.682,0.74,0.866,-0.071,0.624,-0.483,0.771,0.505,-0.365,0.673,0.055,-0.134,0.212,0.082,0.591,0.611,0.705,0.728,0.519,0.069,0.214,-0.236,0.538,0.707,0.887,0.351,0.797,0.661,0.264,0.716,0.702,-0.637,0.223,-0.279,-0.005,-0.494,0.645,0.171,-0.173,-0.455,0.624,0.315,0.336,0.857,-0.567,0.775,0.129,-0.519,0.531,0.642,0.408,-0.386,-0.053,0.578,-0.239,0.496,-0.09,0.5,-0.361,0.108,0.006,0.436,0.548,0.624,0.438,-0.078,0.464,0.703,0.613,0.631,-0.361,-0.289,0.573,0.52,0.493,0.764,0.566,0.615,0.755,-0.339,-0.219,0.593,0.658,-0.247,0.538,0.493,0.582,0.599,0.358,0.01,0.515,0.274,0.865,0.556,0.744,0.705,0.362,0.585,0.498,0.501,0.715,0.561,0.224,0.312,0.708,0.378,0.247,0.467,0.771,-0.056,0.567,0.259,-0.084,0.573,-0.696,0.607,-0.637,0.616,-0.103,0.462,0.761,0.587,0.285,0.56,-0.332,0.376,0.739,0.45,0.106,0.539,0.409,0.349,0.737,0.667,0.203,0.004,0.816,0.348,-0.072,0.656,-0.504,0.742,0.788,0.255,0.675,0.085,0.593,0.136,0.717,0.677,0.395,0.574,0.612,-0.008,-0.223,0.239,0.496,0.391,-0.291,0.753,0.562,0.781,0.19,0.096,0.837,0.072
BHFAL,0.275,-0.652,0.391,-0.595,0.46,-0.667,0.117,0.376,0.582,0.109,0.617,0.729,0.733,0.361,-0.253,0.702,-0.152,0.581,0.672,0.783,0.536,0.0,0.552,0.543,0.643,0.763,-0.192,0.441,0.606,0.734,0.816,0.78,0.443,0.857,0.776,0.696,0.654,-0.68,0.572,-0.521,0.533,0.367,-0.399,0.776,-0.379,-0.026,0.133,0.229,0.754,0.674,0.797,0.597,0.653,0.337,0.494,-0.489,0.609,0.582,0.593,0.801,0.784,0.774,0.609,0.578,0.544,-0.66,0.082,-0.166,0.019,-0.652,0.728,0.347,0.06,0.139,0.659,0.296,0.729,0.728,-0.696,0.807,0.116,-0.633,0.233,0.751,0.08,-0.175,0.305,0.796,-0.629,0.505,-0.105,0.777,-0.053,-0.077,0.404,0.713,0.794,0.605,0.589,0.026,0.813,0.155,0.555,0.788,-0.001,-0.185,0.731,0.718,0.631,0.715,0.743,0.634,0.78,-0.213,-0.469,0.78,0.712,-0.784,0.782,0.755,0.568,0.75,0.586,0.044,0.741,-0.041,0.686,0.724,0.746,0.772,0.54,0.679,0.815,0.687,0.618,0.699,0.19,0.604,0.616,0.566,0.715,0.646,0.616,-0.077,0.423,0.257,0.357,0.405,-0.587,0.605,-0.674,0.796,-0.306,0.788,0.805,0.661,-0.225,0.8,-0.272,0.287,0.708,0.76,-0.001,0.823,0.535,0.756,0.715,0.721,0.618,-0.257,0.772,0.572,0.239,0.769,-0.815,0.699,0.6,0.225,0.407,0.211,0.734,0.284,0.175,0.818,0.31,0.784,0.686,0.185,0.129,0.244,0.651,0.727,-0.071,0.764,0.576,0.647,-0.104,0.356,0.366,0.362
BKNG,0.381,-0.587,0.732,-0.585,0.253,-0.36,-0.099,0.38,0.262,0.045,0.434,0.597,0.821,0.044,-0.703,0.744,-0.656,0.733,0.564,0.69,0.694,0.552,0.0,0.059,0.904,0.665,0.127,0.908,0.332,0.726,0.73,0.586,0.092,0.728,0.494,0.778,0.865,-0.314,0.402,-0.246,0.836,0.186,-0.261,0.576,0.231,-0.485,-0.209,-0.183,0.588,0.309,0.846,0.886,0.528,0.579,-0.05,-0.044,0.279,0.896,0.893,0.565,0.714,0.53,0.192,0.915,0.842,-0.769,-0.125,-0.574,0.071,-0.803,0.562,0.27,0.119,-0.201,0.387,0.369,0.559,0.854,-0.346,0.72,0.36,-0.261,0.635,0.535,0.406,-0.49,0.179,0.722,-0.28,0.738,0.239,0.537,-0.405,0.434,0.45,0.286,0.6,0.433,0.241,0.348,0.646,0.68,0.344,0.71,-0.658,-0.031,0.653,0.648,0.724,0.895,0.376,0.638,0.699,-0.531,-0.139,0.564,0.821,-0.292,0.479,0.521,0.422,0.377,0.041,-0.307,0.289,0.245,0.786,0.481,0.841,0.804,0.276,0.498,0.556,0.4,0.891,0.533,0.489,0.052,0.904,0.688,0.371,0.566,0.587,-0.214,0.688,-0.003,0.225,0.766,-0.903,0.655,-0.43,0.487,-0.418,0.424,0.798,0.342,0.204,0.609,0.043,0.29,0.821,0.389,-0.168,0.494,0.612,0.566,0.726,0.621,0.281,-0.408,0.662,0.459,0.219,0.829,-0.606,0.862,0.651,0.405,0.791,-0.282,0.587,0.536,0.527,0.636,0.714,0.545,0.505,-0.269,-0.441,0.301,0.476,0.472,0.068,0.852,0.8,0.87,-0.164,-0.044,0.738,-0.103
BL,-0.05,-0.266,0.438,-0.103,0.629,-0.596,0.616,0.474,0.874,-0.281,0.785,0.783,0.504,0.87,0.077,0.478,0.479,0.07,0.661,0.687,0.313,0.543,0.059,0.0,0.094,0.581,-0.163,-0.003,0.511,0.534,0.56,0.77,0.692,0.514,0.731,0.583,0.283,-0.401,0.781,-0.396,0.183,0.704,-0.79,0.733,-0.344,0.567,0.736,0.78,0.645,0.743,0.444,0.105,0.743,-0.11,0.97,-0.842,0.846,0.261,0.143,0.588,0.577,0.762,0.864,-0.018,-0.062,-0.361,0.697,0.547,0.386,-0.183,0.725,0.54,0.063,0.139,0.823,0.381,0.495,0.414,-0.889,0.395,-0.542,-0.713,-0.305,0.736,-0.003,0.21,0.449,0.548,-0.446,0.124,-0.745,0.694,0.103,-0.719,0.17,0.838,0.748,0.803,0.912,-0.624,0.536,0.034,0.811,0.601,0.603,-0.41,0.696,0.63,0.26,0.433,0.863,0.698,0.639,0.288,-0.433,0.759,0.262,-0.557,0.803,0.707,0.825,0.866,0.914,0.393,0.891,-0.459,0.53,0.821,0.391,0.541,0.903,0.851,0.458,0.868,0.094,0.756,0.277,0.67,0.303,0.301,0.626,0.703,0.712,-0.006,0.214,0.549,0.354,-0.29,-0.104,0.31,-0.357,0.811,0.192,0.856,0.6,0.866,-0.471,0.581,-0.6,0.676,0.416,0.788,0.603,0.753,0.165,0.63,0.387,0.746,0.446,0.015,0.664,0.21,0.384,0.334,-0.497,0.396,0.651,-0.206,-0.174,0.799,0.739,-0.165,0.188,0.693,0.126,0.769,0.522,0.67,0.776,0.515,0.811,0.551,-0.302,0.331,0.168,0.405,0.509,0.397,0.266,0.82
BOKF,0.489,-0.722,0.61,-0.755,0.225,-0.465,-0.226,0.348,0.224,0.217,0.446,0.63,0.857,0.055,-0.7,0.778,-0.644,0.839,0.568,0.741,0.729,0.643,0.904,0.094,0.0,0.744,-0.121,0.862,0.456,0.737,0.811,0.651,0.142,0.846,0.607,0.766,0.939,-0.484,0.385,-0.39,0.866,0.132,-0.186,0.67,0.039,-0.543,-0.291,-0.21,0.709,0.374,0.909,0.942,0.505,0.527,0.01,-0.12,0.313,0.904,0.911,0.647,0.786,0.581,0.154,0.977,0.918,-0.867,-0.191,-0.664,-0.099,-0.87,0.664,0.088,0.017,-0.098,0.431,0.271,0.678,0.897,-0.368,0.831,0.421,-0.361,0.69,0.648,0.446,-0.569,0.15,0.817,-0.322,0.828,0.192,0.617,-0.352,0.444,0.482,0.355,0.638,0.484,0.194,0.36,0.74,0.556,0.319,0.754,-0.599,0.084,0.649,0.595,0.798,0.879,0.438,0.636,0.777,-0.667,-0.319,0.624,0.924,-0.489,0.569,0.619,0.383,0.449,0.129,-0.447,0.39,0.208,0.799,0.503,0.903,0.806,0.203,0.501,0.744,0.425,0.976,0.598,0.348,0.207,0.851,0.688,0.472,0.549,0.585,-0.313,0.588,0.016,0.135,0.851,-0.926,0.728,-0.557,0.576,-0.612,0.463,0.821,0.424,0.133,0.736,0.022,0.139,0.87,0.522,-0.203,0.61,0.669,0.633,0.843,0.626,0.411,-0.293,0.748,0.673,0.157,0.914,-0.741,0.888,0.653,0.458,0.774,-0.29,0.569,0.647,0.379,0.738,0.601,0.623,0.664,-0.275,-0.438,0.073,0.443,0.617,0.113,0.955,0.874,0.82,-0.249,0.104,0.69,-0.1
BRKR,0.4,-0.679,0.652,-0.667,0.477,-0.757,0.171,0.362,0.707,0.221,0.626,0.833,0.824,0.532,-0.482,0.818,-0.106,0.68,0.698,0.875,0.562,0.763,0.665,0.581,0.744,0.0,-0.147,0.57,0.824,0.832,0.908,0.922,0.599,0.917,0.799,0.835,0.742,-0.73,0.536,-0.447,0.602,0.287,-0.502,0.902,-0.299,-0.098,0.134,0.335,0.867,0.707,0.894,0.651,0.825,0.4,0.522,-0.581,0.65,0.746,0.659,0.902,0.813,0.84,0.624,0.631,0.568,-0.827,0.111,-0.183,0.185,-0.748,0.88,0.392,0.163,0.219,0.78,0.46,0.814,0.809,-0.71,0.738,0.036,-0.629,0.246,0.792,0.2,-0.322,0.327,0.931,-0.611,0.683,-0.255,0.895,-0.106,-0.143,0.603,0.761,0.923,0.745,0.58,-0.03,0.926,0.205,0.555,0.895,-0.101,0.011,0.898,0.844,0.718,0.847,0.817,0.885,0.846,-0.293,-0.574,0.914,0.83,-0.745,0.886,0.916,0.718,0.816,0.62,-0.079,0.751,-0.138,0.782,0.796,0.829,0.866,0.593,0.804,0.838,0.824,0.707,0.853,0.402,0.598,0.729,0.659,0.719,0.807,0.724,-0.295,0.394,0.064,0.421,0.382,-0.723,0.716,-0.553,0.84,-0.413,0.836,0.895,0.736,-0.388,0.919,-0.236,0.418,0.808,0.864,0.036,0.911,0.563,0.875,0.743,0.862,0.629,-0.211,0.863,0.708,0.429,0.842,-0.832,0.825,0.785,0.144,0.35,0.192,0.866,0.44,0.316,0.938,0.4,0.906,0.776,0.233,0.146,0.3,0.706,0.812,0.003,0.845,0.749,0.784,-0.041,0.179,0.493,0.408
CACC,-0.251,0.17,0.26,0.381,0.219,0.318,0.432,-0.189,0.09,-0.33,-0.137,-0.219,-0.099,-0.03,0.051,-0.151,0.141,-0.201,0.001,-0.132,-0.05,-0.192,0.127,-0.163,-0.121,-0.147,0.0,0.198,-0.19,0.098,-0.149,-0.175,0.086,-0.234,-0.404,0.045,-0.117,0.43,-0.155,0.103,-0.086,-0.046,0.041,-0.201,0.26,0.089,0.269,-0.024,-0.421,0.042,-0.167,-0.137,0.089,0.276,-0.19,0.286,-0.05,-0.085,0.108,-0.173,-0.123,0.017,0.088,-0.093,-0.024,0.32,0.035,0.236,0.579,0.179,-0.344,0.57,0.602,-0.292,-0.094,0.362,-0.325,-0.008,0.092,-0.251,-0.065,0.419,0.028,-0.374,-0.153,0.165,0.106,-0.16,-0.155,-0.239,0.193,-0.147,-0.201,-0.066,-0.007,-0.124,-0.115,-0.284,0.051,0.055,-0.105,0.273,0.04,-0.07,-0.046,-0.381,0.053,0.037,-0.08,0.038,-0.146,0.011,-0.221,0.499,0.431,-0.053,-0.279,0.46,-0.196,-0.239,0.077,-0.157,-0.158,0.242,-0.261,0.332,0.01,-0.022,-0.158,0.021,0.05,-0.023,-0.362,-0.005,-0.139,-0.106,0.414,-0.203,0.069,-0.026,-0.152,0.081,-0.007,0.342,0.299,-0.321,0.443,-0.1,0.18,-0.319,0.21,-0.255,0.422,-0.104,-0.102,-0.281,0.297,-0.316,0.038,0.411,-0.105,-0.294,-0.157,-0.187,-0.189,-0.161,-0.26,0.072,-0.292,-0.103,-0.176,-0.563,0.244,-0.15,0.375,-0.001,0.061,-0.079,0.2,-0.008,0.103,-0.122,0.341,-0.222,0.101,-0.087,-0.336,0.131,0.022,0.387,0.055,-0.284,-0.035,-0.202,-0.206,0.159,0.102,-0.563,0.165,0.073
CAR,0.358,-0.55,0.708,-0.514,0.267,-0.299,0.026,0.403,0.167,0.027,0.427,0.541,0.754,0.015,-0.611,0.591,-0.566,0.668,0.507,0.603,0.784,0.441,0.908,-0.003,0.862,0.57,0.198,0.0,0.194,0.673,0.622,0.481,0.029,0.654,0.444,0.697,0.851,-0.13,0.373,-0.259,0.809,0.209,-0.18,0.522,0.258,-0.441,-0.12,-0.166,0.472,0.308,0.733,0.823,0.403,0.435,-0.113,0.061,0.252,0.827,0.931,0.405,0.658,0.477,0.118,0.863,0.817,-0.633,-0.068,-0.549,0.068,-0.656,0.482,0.249,0.068,-0.309,0.388,0.358,0.386,0.83,-0.284,0.657,0.36,-0.197,0.691,0.417,0.454,-0.528,0.052,0.62,-0.174,0.63,0.263,0.415,-0.335,0.428,0.294,0.238,0.494,0.388,0.178,0.293,0.512,0.753,0.301,0.592,-0.655,-0.075,0.57,0.526,0.577,0.833,0.307,0.58,0.602,-0.458,-0.054,0.492,0.728,-0.16,0.364,0.428,0.384,0.327,0.044,-0.194,0.238,0.404,0.775,0.4,0.771,0.729,0.189,0.425,0.429,0.313,0.841,0.471,0.446,0.067,0.817,0.558,0.236,0.45,0.594,-0.119,0.657,-0.035,0.091,0.752,-0.808,0.611,-0.371,0.378,-0.305,0.324,0.721,0.303,0.326,0.509,0.011,0.258,0.737,0.29,-0.097,0.405,0.561,0.396,0.67,0.562,0.19,-0.173,0.629,0.375,0.116,0.713,-0.435,0.787,0.686,0.395,0.776,-0.263,0.516,0.433,0.64,0.546,0.588,0.471,0.497,-0.235,-0.495,0.247,0.387,0.343,0.015,0.771,0.685,0.812,-0.026,-0.11,0.831,-0.112
CDNA,0.432,-0.555,0.387,-0.484,0.398,-0.714,0.042,0.066,0.624,0.385,0.311,0.58,0.501,0.449,-0.298,0.619,0.156,0.521,0.444,0.618,0.129,0.606,0.332,0.511,0.456,0.824,-0.19,0.194,0.0,0.555,0.724,0.746,0.724,0.675,0.556,0.563,0.384,-0.777,0.269,-0.378,0.265,0.033,-0.324,0.707,-0.356,-0.061,0.052,0.322,0.674,0.55,0.64,0.349,0.693,0.365,0.501,-0.585,0.431,0.455,0.27,0.832,0.527,0.641,0.539,0.329,0.27,-0.595,0.113,-0.053,0.183,-0.574,0.679,0.291,0.229,0.428,0.618,0.358,0.732,0.469,-0.49,0.411,-0.031,-0.489,-0.035,0.584,0.036,-0.205,0.336,0.759,-0.639,0.527,-0.299,0.79,0.068,-0.273,0.694,0.642,0.754,0.563,0.406,-0.058,0.827,-0.195,0.284,0.686,0.072,0.213,0.723,0.632,0.556,0.523,0.652,0.663,0.584,-0.199,-0.635,0.751,0.602,-0.717,0.772,0.844,0.524,0.647,0.574,-0.145,0.589,-0.319,0.418,0.616,0.511,0.581,0.431,0.609,0.724,0.696,0.42,0.673,0.369,0.552,0.416,0.539,0.731,0.685,0.413,-0.382,0.098,-0.097,0.513,0.126,-0.441,0.464,-0.333,0.627,-0.49,0.714,0.6,0.564,-0.567,0.753,-0.182,0.256,0.539,0.784,-0.02,0.786,0.351,0.81,0.498,0.627,0.587,-0.208,0.56,0.659,0.474,0.609,-0.687,0.569,0.461,0.019,0.02,0.127,0.674,0.492,-0.031,0.727,0.153,0.736,0.588,0.289,0.321,0.087,0.526,0.765,0.07,0.567,0.567,0.461,-0.195,0.126,0.122,0.483
CG,0.285,-0.603,0.731,-0.554,0.605,-0.577,0.254,0.438,0.658,-0.045,0.689,0.791,0.872,0.462,-0.391,0.797,-0.195,0.65,0.744,0.894,0.664,0.734,0.726,0.534,0.737,0.832,0.098,0.673,0.555,0.0,0.869,0.849,0.551,0.847,0.734,0.884,0.786,-0.492,0.606,-0.418,0.7,0.479,-0.493,0.789,-0.175,-0.075,0.249,0.259,0.763,0.68,0.856,0.711,0.774,0.408,0.471,-0.395,0.673,0.774,0.755,0.795,0.864,0.86,0.647,0.671,0.675,-0.729,0.14,-0.163,0.283,-0.694,0.767,0.59,0.251,-0.03,0.705,0.416,0.714,0.86,-0.744,0.799,0.109,-0.517,0.386,0.729,0.288,-0.176,0.403,0.851,-0.544,0.596,-0.137,0.787,-0.207,-0.059,0.464,0.732,0.85,0.64,0.605,0.024,0.829,0.454,0.68,0.829,-0.095,-0.225,0.862,0.816,0.769,0.891,0.731,0.844,0.83,-0.123,-0.279,0.852,0.748,-0.577,0.788,0.767,0.723,0.756,0.57,0.014,0.713,0.097,0.858,0.765,0.856,0.935,0.625,0.804,0.74,0.759,0.73,0.81,0.434,0.5,0.831,0.736,0.678,0.764,0.746,-0.021,0.64,0.187,0.524,0.45,-0.681,0.652,-0.558,0.818,-0.213,0.778,0.878,0.696,-0.145,0.803,-0.328,0.494,0.838,0.697,0.102,0.813,0.561,0.76,0.764,0.876,0.563,-0.241,0.852,0.468,0.398,0.842,-0.718,0.842,0.842,0.278,0.538,0.248,0.855,0.29,0.409,0.846,0.547,0.864,0.668,0.239,0.085,0.417,0.76,0.706,0.004,0.821,0.669,0.825,0.077,0.137,0.619,0.382
CGBD,0.465,-0.792,0.712,-0.635,0.561,-0.728,0.057,0.389,0.648,0.031,0.696,0.856,0.906,0.391,-0.516,0.941,-0.274,0.73,0.802,0.946,0.603,0.816,0.73,0.56,0.811,0.908,-0.149,0.622,0.724,0.869,0.0,0.928,0.565,0.934,0.835,0.914,0.838,-0.709,0.648,-0.536,0.765,0.371,-0.529,0.86,-0.127,-0.244,0.063,0.164,0.911,0.651,0.952,0.785,0.783,0.476,0.488,-0.557,0.619,0.849,0.725,0.926,0.889,0.864,0.567,0.742,0.682,-0.859,0.161,-0.288,0.164,-0.88,0.861,0.41,0.134,0.046,0.749,0.361,0.902,0.887,-0.73,0.833,0.089,-0.583,0.34,0.85,0.383,-0.301,0.477,0.982,-0.569,0.782,-0.21,0.865,-0.204,-0.02,0.571,0.733,0.924,0.753,0.589,0.032,0.949,0.364,0.63,0.922,-0.134,-0.101,0.922,0.824,0.829,0.9,0.791,0.853,0.92,-0.354,-0.454,0.904,0.886,-0.749,0.881,0.901,0.664,0.795,0.551,-0.22,0.734,-0.16,0.864,0.804,0.923,0.932,0.609,0.84,0.835,0.773,0.805,0.876,0.52,0.47,0.822,0.82,0.768,0.861,0.747,-0.237,0.59,0.229,0.466,0.529,-0.767,0.747,-0.567,0.854,-0.506,0.838,0.931,0.711,-0.227,0.906,-0.303,0.408,0.913,0.835,0.096,0.883,0.675,0.931,0.881,0.891,0.679,-0.363,0.886,0.642,0.441,0.941,-0.905,0.905,0.794,0.31,0.501,0.153,0.865,0.517,0.21,0.94,0.581,0.899,0.727,0.08,0.063,0.3,0.8,0.807,0.047,0.911,0.781,0.801,-0.04,0.248,0.568,0.371
