,ACET,ADAP,ADI,ADPT,ADTN,AGEN,ALGN,ALLK,AMD,AMWD,ARDX,ARQT,ASTE,AUPH,AVXL,AZTA,BAND,BECN,BFC,BGC,BHF,BHFAL,BKNG,BL,BOKF,BRKR,CACC,CAR,CDNA,CG,CGBD,CHI,CHTR,CHX,CLNE,CME,CNOB,CNXN,CPRX,CSGP,CSGS,CSIQ,CVCO,CVLT,CYRX,DDOG,DOOO,DSGX,DTIL,ECPG,EEFT,EFSC,ENTG,ESPR,ETSY,EXC,FAMI,FFIV,FITB,FIZZ,FMBH,FOX,FTNT,FULT,GABC,GEN,GH,GMAB,GNPX,GO,GOGL,GOOG,GPRO,GSHD,GSM,GWAV,HAIN,HBAN,HEPA,HURN,HWKN,IBIO,ICFI,IGMS,IMKTA,INCY,INO,IRDM,IRTC,IRWD,ITCI,JACK,JD,JJSF,KALA,KHC,KLAC,KRRO,KRYS,LANC,LBTYA,LIVN,LKCO,LNTH,LOGI,LPRO,LRCX,LSCC,LSTR,MAR,MARA,MCHP,MEOH,META,MGTX,MKSI,MMYT,MORN,MRUS,MTLS,MTSI,MVIS,MXL,NBIX,NFE,NMIH,NMRK,NNDM,NSIT,NTCT,NVAX,OCUL,ODP,OLED,ONB,OTEX,PACB,PATK,PAYX,PEP,PERI,PI,PLYA,PRDO,PRGS,PTGX,QCOM,QCRH,QDEL,QFIN,RGEN,RILY,RPAY,RPD,SABR,SEDG,SHEN,SIRI,SLNO,SNDL,SNEX,SONO,SPT,SSNC,STGW,STKL,STRL,STX,SWTX,SYNA,TFSL,TIGR,TNXP,TOWN,TRI,TRIP,TRMB,TRNS,TRS,TSCO,TSEM,TVTX,TXRH,VC,VCEL,VECO,VIAV,VICR,VIR,VRTX,VSTM,VTRS,WDFC,WSBC,WSC,WYNN,XENE,XNCR,XRAY,ZS
ACET,0.0,0.683,0.057,0.579,0.472,0.261,0.017,0.155,0.073,0.437,0.307,0.539,0.002,0.725,0.663,0.389,0.19,-0.24,-0.395,0.202,-0.43,-0.046,-0.586,-0.163,0.054,0.469,0.24,-0.625,0.62,0.485,-0.123,0.315,0.23,0.074,0.46,0.104,-0.487,0.275,0.685,0.096,0.319,-0.282,0.358,0.199,-0.424,0.383,-0.331,-0.183,0.666,-0.294,0.072,0.105,0.526,-0.133,0.475,-0.032,0.573,0.33,-0.341,-0.482,0.235,-0.457,0.312,-0.235,0.062,-0.264,-0.036,0.534,0.27,0.412,0.42,-0.206,0.39,-0.114,0.606,0.008,0.388,-0.214,0.51,0.367,0.418,0.317,0.327,0.197,0.504,0.607,0.629,-0.031,-0.426,0.383,0.045,-0.363,-0.495,-0.699,0.473,0.31,0.326,0.674,0.301,-0.422,-0.237,0.447,0.324,0.406,0.53,-0.385,0.417,0.435,-0.464,-0.517,0.645,-0.124,-0.414,-0.322,0.48,0.356,-0.504,-0.037,0.667,-0.357,0.495,0.139,0.451,0.248,-0.261,-0.316,0.122,0.651,-0.432,0.462,0.676,0.197,-0.404,0.449,0.019,-0.011,0.019,0.462,-0.219,-0.08,-0.148,0.11,-0.556,0.331,0.024,-0.505,-0.166,0.204,0.493,0.389,0.386,-0.11,0.137,-0.097,-0.05,0.461,-0.037,0.276,-0.159,0.57,0.142,0.55,-0.11,0.158,-0.301,0.44,0.292,-0.133,0.068,0.05,-0.256,0.537,0.396,0.184,-0.146,-0.3,0.096,0.565,-0.173,0.319,0.45,0.226,-0.506,0.425,0.174,0.428,0.388,-0.067,0.548,0.349,0.753,0.325,0.118,-0.554,-0.189,-0.35,0.062,0.117,-0.207,-0.194
ADAP,0.683,0.0,0.126,0.678,0.562,0.182,-0.252,0.269,0.115,0.499,0.224,0.509,-0.059,0.579,0.56,0.366,0.287,-0.312,-0.393,-0.003,-0.41,-0.114,-0.576,-0.324,0.083,0.425,0.365,-0.521,0.667,0.489,-0.253,0.325,0.205,0.129,0.607,0.177,-0.522,0.032,0.641,0.166,0.4,-0.33,0.39,0.313,-0.517,0.534,-0.354,-0.129,0.661,-0.125,0.192,0.071,0.596,-0.269,0.563,-0.02,0.327,0.407,-0.428,-0.496,0.316,-0.497,0.418,-0.166,0.141,-0.133,0.039,0.515,0.309,0.411,0.517,-0.156,0.469,-0.209,0.615,-0.025,0.317,-0.293,0.547,0.425,0.391,0.353,0.214,0.02,0.557,0.618,0.623,-0.013,-0.233,0.595,-0.064,-0.303,-0.279,-0.65,0.456,0.351,0.362,0.681,0.522,-0.539,-0.225,0.296,0.442,0.315,0.543,-0.314,0.424,0.448,-0.414,-0.583,0.518,0.027,-0.438,-0.28,0.486,0.39,-0.531,-0.118,0.656,-0.39,0.509,-0.106,0.543,0.249,-0.357,-0.483,-0.158,0.602,-0.297,0.475,0.58,0.272,-0.476,0.443,0.121,-0.022,0.063,0.533,-0.246,-0.254,0.078,-0.143,-0.567,0.329,0.145,-0.285,-0.205,0.32,0.576,0.364,0.305,-0.075,0.257,-0.027,-0.309,0.471,-0.212,0.244,-0.141,0.396,0.285,0.513,-0.084,0.256,-0.284,0.161,0.252,-0.274,0.393,0.198,-0.23,0.501,0.269,0.23,-0.116,-0.229,0.162,0.514,-0.102,0.47,0.452,0.315,-0.558,0.256,0.339,0.427,0.424,-0.156,0.537,0.37,0.7,0.411,0.172,-0.49,-0.132,-0.436,0.224,0.156,-0.39,-0.164
ADI,0.057,0.126,0.0,0.358,0.542,-0.377,-0.27,0.41,0.739,0.502,-0.708,0.07,0.662,-0.298,0.308,0.726,0.628,0.612,-0.057,0.42,0.424,0.638,0.399,0.319,0.534,0.717,0.43,0.132,0.33,0.594,-0.256,0.792,0.727,0.592,0.385,0.756,0.172,0.438,0.152,0.862,0.662,0.292,0.51,0.809,0.015,0.448,0.391,0.744,0.162,0.627,0.827,0.326,0.638,-0.464,0.463,0.63,-0.104,0.579,-0.07,0.179,0.457,-0.153,0.742,0.364,-0.088,0.774,0.015,0.544,0.572,0.608,0.504,0.795,0.569,0.422,0.469,0.246,0.052,-0.202,0.15,0.356,0.287,0.187,0.563,-0.679,0.326,0.583,0.235,0.596,0.147,0.277,-0.595,0.344,0.439,-0.138,0.371,0.722,0.784,-0.011,0.608,-0.04,0.792,0.477,0.375,0.436,0.679,0.24,0.633,0.827,0.365,0.059,0.286,0.777,0.125,0.67,-0.05,0.683,-0.067,0.716,0.35,0.023,0.711,0.185,0.64,0.66,-0.543,-0.328,-0.085,0.309,0.544,0.662,0.21,0.564,0.477,0.615,0.57,0.861,-0.213,0.433,0.497,0.622,0.504,-0.398,-0.259,0.583,0.888,0.183,0.599,0.452,0.13,0.31,0.508,0.8,0.6,0.75,-0.143,0.699,0.355,0.741,-0.253,0.11,0.667,0.658,0.542,0.885,0.453,0.337,0.438,0.204,0.291,0.802,0.531,0.35,0.503,0.441,0.476,0.753,0.88,0.367,0.754,0.625,0.639,0.425,-0.022,0.442,-0.181,0.602,0.71,0.618,0.269,0.825,0.189,0.43,0.787,0.159,0.765,0.553,0.491,-0.321,0.232,0.565
ADPT,0.579,0.678,0.358,0.0,0.704,0.217,-0.42,0.389,0.334,0.765,-0.01,0.597,0.01,0.555,0.735,0.548,0.555,-0.158,-0.496,-0.044,-0.438,0.187,-0.457,-0.174,0.018,0.711,0.555,-0.346,0.877,0.588,-0.476,0.672,0.567,0.196,0.717,0.469,-0.692,0.109,0.643,0.427,0.587,-0.277,0.499,0.652,-0.446,0.788,-0.123,0.227,0.722,0.072,0.475,-0.064,0.763,-0.596,0.726,0.032,0.084,0.597,-0.614,-0.382,0.365,-0.512,0.741,-0.277,0.018,0.07,0.253,0.838,0.298,0.612,0.705,0.18,0.684,-0.184,0.682,-0.046,0.299,-0.631,0.643,0.545,0.393,0.295,0.253,-0.274,0.666,0.687,0.687,-0.015,0.011,0.716,-0.235,-0.085,-0.064,-0.731,0.687,0.533,0.559,0.672,0.781,-0.636,0.037,0.366,0.599,0.476,0.77,-0.139,0.542,0.632,-0.108,-0.581,0.505,0.298,-0.391,-0.042,0.403,0.556,-0.657,0.131,0.724,-0.379,0.703,-0.079,0.737,0.347,-0.51,-0.623,-0.417,0.724,0.059,0.66,0.617,0.476,-0.32,0.605,0.223,0.365,0.097,0.64,-0.117,-0.164,0.217,-0.427,-0.594,0.41,0.397,-0.018,0.014,0.349,0.628,0.586,0.594,0.183,0.592,0.281,-0.551,0.704,-0.145,0.41,-0.309,0.391,0.546,0.722,0.182,0.565,-0.295,0.234,0.281,-0.259,0.417,0.473,-0.313,0.568,0.353,0.242,0.237,0.124,0.459,0.495,0.069,0.682,0.552,0.606,-0.584,0.23,0.423,0.524,0.62,0.029,0.679,0.532,0.722,0.547,0.505,-0.586,0.24,-0.148,0.493,0.208,-0.357,0.088
ADTN,0.472,0.562,0.542,0.704,0.0,-0.382,-0.627,0.673,0.332,0.862,-0.259,0.708,0.489,0.116,0.808,0.883,0.421,-0.019,-0.173,0.398,0.006,0.136,-0.42,-0.444,0.611,0.866,0.909,-0.629,0.579,0.886,-0.688,0.598,0.38,0.738,0.876,0.721,-0.377,0.401,0.821,0.54,0.937,-0.468,0.854,0.751,-0.769,0.614,-0.397,0.194,0.781,0.305,0.737,0.494,0.926,-0.859,0.954,0.484,0.365,0.927,-0.684,-0.659,0.756,-0.864,0.857,0.305,0.352,0.337,-0.385,0.756,0.667,0.851,0.945,0.113,0.954,-0.185,0.828,0.37,0.535,-0.502,0.848,0.912,0.81,0.607,0.604,-0.497,0.912,0.888,0.908,0.262,-0.442,0.854,-0.592,-0.405,-0.311,-0.782,0.729,0.891,0.877,0.728,0.494,-0.775,0.138,0.693,0.901,0.655,0.862,-0.468,0.925,0.798,-0.188,-0.715,0.854,0.321,-0.639,-0.101,0.63,0.917,-0.784,0.001,0.92,-0.746,0.939,-0.287,0.966,0.665,-0.806,-0.876,-0.186,0.861,-0.144,0.905,0.856,0.453,-0.327,0.952,0.738,0.372,-0.542,0.962,-0.324,-0.073,0.277,-0.654,-0.911,0.853,0.601,-0.386,-0.156,0.831,0.857,0.8,0.269,0.324,0.452,0.14,-0.113,0.857,0.181,0.793,-0.678,0.758,0.851,0.851,-0.079,0.623,-0.201,0.081,0.783,-0.551,0.51,0.575,0.105,0.921,0.803,0.798,-0.134,0.263,0.44,0.796,0.527,0.931,0.925,0.341,-0.753,0.436,-0.016,0.919,0.925,-0.088,0.922,0.643,0.822,0.838,0.483,-0.424,0.381,-0.113,0.397,-0.409,-0.495,-0.113
AGEN,0.261,0.182,-0.377,0.217,-0.382,0.0,0.464,-0.51,-0.335,-0.278,0.514,-0.205,-0.688,0.553,-0.133,-0.533,-0.135,-0.477,-0.402,-0.507,-0.564,-0.064,-0.298,0.151,-0.711,-0.312,-0.484,0.078,0.334,-0.344,0.306,-0.194,-0.049,-0.761,-0.284,-0.573,-0.441,-0.381,-0.069,-0.445,-0.527,0.004,-0.527,-0.37,0.28,-0.002,0.07,-0.351,-0.01,-0.654,-0.555,-0.605,-0.21,0.472,-0.338,-0.707,-0.005,-0.547,0.119,0.142,-0.42,0.361,-0.357,-0.739,-0.23,-0.643,0.625,-0.127,-0.577,-0.477,-0.314,-0.261,-0.449,-0.166,-0.201,-0.601,-0.29,0.023,-0.235,-0.487,-0.382,-0.233,-0.507,0.635,-0.237,-0.324,-0.223,-0.441,0.221,-0.193,0.617,0.22,-0.022,-0.104,-0.044,-0.532,-0.522,0.039,0.081,0.071,-0.37,-0.436,-0.419,-0.399,-0.27,0.239,-0.517,-0.335,-0.206,0.004,-0.309,-0.327,0.224,-0.215,-0.051,-0.548,0.122,-0.05,-0.169,0.346,-0.366,0.276,-0.355,-0.629,0.503,0.409,-0.211,-0.068,-0.151,-0.365,-0.196,-0.01,-0.196,-0.46,-0.732,-0.355,0.719,-0.413,0.093,-0.272,-0.128,0.46,0.304,-0.629,-0.495,0.159,-0.068,-0.605,-0.225,-0.46,0.059,-0.399,-0.183,-0.165,-0.316,-0.367,-0.519,-0.592,0.383,-0.33,-0.538,-0.25,-0.051,-0.336,-0.36,0.196,-0.649,0.226,-0.343,-0.361,-0.608,-0.381,-0.472,-0.617,0.113,-0.466,-0.226,-0.303,-0.811,-0.447,-0.481,0.13,0.076,-0.145,0.716,-0.502,-0.511,-0.08,-0.287,-0.373,0.021,-0.438,-0.206,-0.201,-0.512,-0.286,0.035,0.804,0.071,-0.096
ALGN,0.017,-0.252,-0.27,-0.42,-0.627,0.464,0.0,-0.581,-0.357,-0.595,0.336,-0.447,-0.201,0.108,-0.409,-0.553,-0.331,-0.153,0.246,-0.028,-0.084,-0.132,0.069,0.368,-0.406,-0.49,-0.703,0.239,-0.179,-0.346,0.766,-0.431,-0.124,-0.597,-0.549,-0.681,0.227,0.07,-0.316,-0.477,-0.661,0.209,-0.469,-0.663,0.472,-0.439,0.178,-0.351,-0.289,-0.527,-0.671,-0.199,-0.435,0.79,-0.593,-0.237,0.202,-0.715,0.598,0.306,-0.414,0.584,-0.678,-0.293,-0.174,-0.414,0.22,-0.553,-0.449,-0.501,-0.688,-0.206,-0.712,0.203,-0.513,-0.379,-0.189,0.647,-0.522,-0.638,-0.325,-0.182,-0.253,0.753,-0.494,-0.49,-0.548,0.13,0.0,-0.674,0.708,0.364,-0.068,0.346,-0.332,-0.651,-0.589,-0.336,-0.411,0.549,-0.253,-0.274,-0.715,-0.369,-0.541,0.169,-0.539,-0.343,-0.04,0.379,-0.394,-0.408,0.479,-0.121,-0.185,-0.601,0.379,0.109,-0.489,0.535,-0.522,0.401,-0.626,-0.534,0.793,0.768,0.427,-0.394,-0.198,-0.437,-0.407,-0.282,0.133,-0.521,-0.614,-0.35,0.501,-0.56,0.318,0.135,-0.181,0.851,0.527,-0.566,-0.506,-0.079,0.083,-0.576,-0.549,-0.624,-0.178,-0.19,-0.434,-0.2,0.374,-0.584,-0.003,-0.459,0.404,-0.346,-0.716,-0.447,-0.096,-0.507,-0.074,0.411,-0.398,0.433,-0.641,-0.433,-0.199,-0.509,-0.422,-0.493,0.097,-0.409,-0.285,-0.351,-0.494,-0.701,-0.522,-0.34,0.513,0.277,0.103,-0.506,-0.658,0.171,-0.604,-0.435,-0.34,-0.754,-0.234,0.249,-0.461,-0.057,-0.444,0.426,0.451,-0.03
ALLK,0.155,0.269,0.41,0.389,0.673,-0.51,-0.581,0.0,0.449,0.605,-0.315,0.421,0.477,-0.09,0.604,0.687,0.357,0.134,-0.07,0.362,0.234,0.286,-0.092,-0.245,0.485,0.543,0.724,-0.343,0.366,0.57,-0.534,0.467,0.358,0.717,0.621,0.719,-0.119,0.291,0.477,0.462,0.654,-0.195,0.591,0.538,-0.485,0.501,-0.213,0.386,0.586,0.313,0.681,0.378,0.49,-0.704,0.639,0.4,0.064,0.686,-0.515,-0.387,0.574,-0.588,0.671,0.306,0.148,0.58,-0.265,0.615,0.629,0.677,0.719,0.143,0.748,-0.191,0.694,0.503,0.269,-0.4,0.576,0.632,0.572,0.535,0.316,-0.545,0.56,0.649,0.652,0.31,-0.233,0.675,-0.388,-0.239,-0.113,-0.42,0.592,0.644,0.608,0.386,0.399,-0.512,0.226,0.587,0.81,0.61,0.588,-0.134,0.613,0.48,0.212,-0.372,0.605,0.239,-0.528,0.072,0.521,0.686,-0.427,0.091,0.625,-0.512,0.58,-0.149,0.648,0.682,-0.488,-0.739,0.05,0.589,0.032,0.508,0.512,0.442,-0.028,0.718,0.623,0.385,-0.531,0.659,-0.218,-0.062,0.432,-0.566,-0.559,0.676,0.614,-0.063,-0.051,0.649,0.543,0.643,0.266,0.302,0.443,0.164,0.059,0.703,0.417,0.698,-0.368,0.557,0.616,0.592,0.053,0.5,-0.079,-0.156,0.686,-0.43,0.72,0.465,0.163,0.675,0.627,0.658,-0.194,0.37,0.333,0.417,0.565,0.693,0.645,0.364,-0.405,0.329,-0.168,0.636,0.699,0.112,0.67,0.472,0.462,0.631,0.542,-0.3,0.373,0.064,0.427,-0.389,-0.341,0.029
AMD,0.073,0.115,0.739,0.334,0.332,-0.335,-0.357,0.449,0.0,0.449,-0.681,0.064,0.501,-0.021,0.214,0.607,0.849,0.748,-0.177,0.296,0.206,0.608,0.519,0.52,0.235,0.578,0.181,0.287,0.24,0.333,-0.091,0.842,0.698,0.45,0.283,0.665,0.162,0.368,-0.083,0.857,0.458,0.552,0.382,0.698,0.179,0.545,0.548,0.881,0.059,0.683,0.717,0.086,0.384,-0.317,0.351,0.364,-0.296,0.478,-0.132,0.335,0.16,-0.031,0.672,0.134,-0.429,0.767,0.115,0.632,0.57,0.558,0.331,0.822,0.439,0.533,0.434,0.309,0.028,-0.419,-0.033,0.165,0.026,-0.042,0.376,-0.727,0.062,0.423,0.091,0.455,0.376,0.118,-0.533,0.373,0.591,-0.009,0.35,0.534,0.611,-0.217,0.685,0.141,0.746,0.336,0.206,0.414,0.671,0.367,0.411,0.638,0.479,0.2,0.145,0.787,0.183,0.737,-0.295,0.53,0.11,0.694,0.206,0.235,0.517,0.147,0.467,0.699,-0.442,-0.298,-0.068,0.119,0.699,0.434,0.018,0.364,0.542,0.376,0.332,0.859,0.021,0.231,0.436,0.57,0.458,-0.246,-0.076,0.47,0.809,0.33,0.772,0.193,-0.011,0.336,0.8,0.601,0.763,0.849,-0.293,0.679,0.449,0.545,0.026,-0.01,0.472,0.51,0.848,0.839,0.611,0.223,0.307,0.356,0.399,0.731,0.436,0.161,0.22,0.128,0.495,0.689,0.852,0.176,0.657,0.483,0.476,0.459,0.104,0.204,-0.314,0.376,0.583,0.74,0.114,0.79,-0.027,0.238,0.808,-0.057,0.678,0.573,0.558,-0.273,0.259,0.818
AMWD,0.437,0.499,0.502,0.765,0.862,-0.278,-0.595,0.605,0.449,0.0,-0.262,0.668,0.426,0.267,0.786,0.835,0.557,0.128,-0.142,0.374,-0.095,0.258,-0.296,-0.257,0.476,0.867,0.792,-0.442,0.585,0.79,-0.558,0.728,0.528,0.644,0.798,0.739,-0.359,0.33,0.696,0.633,0.85,-0.276,0.82,0.778,-0.613,0.648,-0.207,0.316,0.694,0.373,0.73,0.342,0.86,-0.819,0.876,0.426,0.205,0.883,-0.624,-0.481,0.649,-0.705,0.845,0.199,0.139,0.337,-0.175,0.829,0.615,0.812,0.875,0.247,0.895,-0.099,0.779,0.314,0.59,-0.566,0.708,0.814,0.652,0.476,0.553,-0.526,0.781,0.82,0.773,0.212,-0.245,0.75,-0.585,-0.226,-0.158,-0.676,0.648,0.821,0.838,0.627,0.599,-0.649,0.223,0.645,0.765,0.694,0.866,-0.326,0.838,0.791,-0.093,-0.557,0.721,0.44,-0.477,0.01,0.429,0.857,-0.695,0.097,0.79,-0.592,0.877,-0.227,0.912,0.653,-0.781,-0.769,-0.219,0.778,0.085,0.842,0.763,0.38,-0.22,0.851,0.634,0.479,-0.321,0.859,-0.188,0.023,0.282,-0.577,-0.767,0.766,0.603,-0.228,0.045,0.708,0.729,0.826,0.451,0.418,0.569,0.283,-0.243,0.859,0.149,0.744,-0.608,0.625,0.812,0.839,0.156,0.7,-0.082,0.096,0.662,-0.357,0.484,0.661,0.096,0.788,0.653,0.619,0.076,0.349,0.528,0.67,0.49,0.867,0.829,0.496,-0.591,0.349,-0.063,0.825,0.87,0.032,0.826,0.666,0.736,0.749,0.529,-0.459,0.463,0.056,0.399,-0.291,-0.34,0.057
ARDX,0.307,0.224,-0.708,-0.01,-0.259,0.514,0.336,-0.315,-0.681,-0.262,0.0,0.228,-0.644,0.561,-0.017,-0.513,-0.467,-0.683,-0.003,-0.389,-0.554,-0.609,-0.621,-0.427,-0.417,-0.444,-0.243,-0.317,0.072,-0.303,0.151,-0.566,-0.437,-0.544,-0.101,-0.599,-0.358,-0.395,0.234,-0.701,-0.439,-0.446,-0.289,-0.594,-0.2,-0.161,-0.525,-0.772,0.173,-0.698,-0.674,-0.273,-0.239,0.339,-0.212,-0.45,0.278,-0.362,-0.004,-0.357,-0.267,-0.022,-0.501,-0.384,0.247,-0.789,0.135,-0.276,-0.472,-0.406,-0.27,-0.703,-0.355,-0.467,-0.237,-0.359,0.071,0.191,0.137,-0.156,-0.09,-0.031,-0.358,0.737,-0.05,-0.22,0.049,-0.414,-0.253,0.017,0.619,-0.319,-0.497,-0.111,-0.161,-0.514,-0.526,0.386,-0.308,-0.206,-0.788,-0.269,-0.179,-0.239,-0.394,-0.346,-0.344,-0.448,-0.54,-0.278,-0.044,-0.678,-0.208,-0.7,0.337,-0.446,-0.175,-0.636,-0.061,-0.16,-0.367,-0.179,-0.337,-0.57,0.401,0.214,0.08,-0.012,-0.609,-0.326,0.1,-0.325,-0.671,-0.305,-0.459,-0.743,0.249,-0.158,-0.423,-0.538,-0.398,0.386,0.006,-0.435,-0.75,-0.259,-0.618,-0.305,0.143,-0.144,-0.281,-0.652,-0.502,-0.624,0.104,-0.468,-0.472,-0.54,0.166,0.074,-0.495,-0.347,-0.572,-0.662,-0.535,-0.037,-0.324,-0.216,-0.18,-0.619,-0.535,-0.112,-0.321,-0.278,-0.328,-0.779,-0.656,-0.061,-0.736,-0.381,-0.382,-0.157,-0.119,-0.098,0.42,-0.358,-0.483,-0.581,-0.005,-0.558,0.189,-0.243,-0.643,-0.269,-0.722,-0.648,-0.325,0.481,-0.296,-0.595
ARQT,0.539,0.509,0.07,0.597,0.708,-0.205,-0.447,0.421,0.064,0.668,0.228,0.0,0.063,0.488,0.76,0.541,0.29,-0.196,-0.028,0.199,-0.447,-0.344,-0.589,-0.491,0.278,0.55,0.631,-0.611,0.431,0.584,-0.576,0.315,0.165,0.379,0.776,0.352,-0.542,0.267,0.779,0.2,0.633,-0.561,0.714,0.396,-0.789,0.425,-0.538,-0.097,0.679,0.15,0.285,0.319,0.643,-0.574,0.781,0.227,0.289,0.712,-0.752,-0.754,0.392,-0.838,0.512,0.054,0.26,-0.055,-0.386,0.559,0.375,0.621,0.597,-0.135,0.71,-0.152,0.518,0.322,0.694,-0.557,0.821,0.799,0.537,0.296,0.491,-0.147,0.777,0.637,0.808,0.046,-0.416,0.699,-0.358,-0.538,-0.465,-0.641,0.496,0.515,0.54,0.813,0.285,-0.739,-0.235,0.411,0.66,0.602,0.599,-0.7,0.683,0.458,-0.378,-0.757,0.729,0.092,-0.754,-0.426,0.517,0.64,-0.832,-0.354,0.719,-0.743,0.643,-0.447,0.645,0.418,-0.6,-0.756,-0.231,0.634,-0.308,0.658,0.835,0.029,-0.608,0.65,0.402,0.072,-0.373,0.764,-0.606,-0.276,-0.092,-0.405,-0.807,0.638,0.163,-0.455,-0.412,0.521,0.832,0.72,0.277,-0.03,0.36,-0.069,-0.127,0.563,0.123,0.433,-0.434,0.74,0.566,0.542,-0.214,0.224,-0.249,0.11,0.577,-0.574,0.335,0.096,-0.167,0.71,0.495,0.48,-0.17,-0.173,0.011,0.759,0.169,0.656,0.574,0.027,-0.688,0.201,-0.058,0.613,0.593,-0.401,0.818,0.35,0.712,0.557,0.073,-0.703,0.136,-0.407,0.241,-0.325,-0.683,-0.224
ASTE,0.002,-0.059,0.662,0.01,0.489,-0.688,-0.201,0.477,0.501,0.426,-0.644,0.063,0.0,-0.413,0.276,0.721,0.306,0.553,0.264,0.734,0.649,0.404,0.303,0.08,0.766,0.582,0.45,-0.091,-0.022,0.589,-0.056,0.47,0.354,0.8,0.349,0.625,0.489,0.621,0.175,0.636,0.602,0.154,0.583,0.494,-0.18,0.179,0.126,0.455,0.177,0.542,0.662,0.672,0.478,-0.439,0.425,0.727,0.276,0.557,0.062,-0.022,0.617,-0.266,0.474,0.687,0.115,0.671,-0.443,0.304,0.722,0.61,0.45,0.39,0.496,0.275,0.431,0.528,0.249,0.118,0.162,0.434,0.538,0.438,0.636,-0.516,0.287,0.493,0.26,0.665,-0.247,0.128,-0.536,0.063,0.053,-0.118,0.218,0.658,0.668,-0.014,0.094,-0.025,0.518,0.647,0.367,0.461,0.491,-0.095,0.628,0.65,0.2,0.06,0.445,0.442,0.005,0.34,0.103,0.651,-0.108,0.406,0.348,-0.212,0.571,0.03,0.523,0.694,-0.466,-0.267,0.317,0.315,0.196,0.556,0.255,0.218,0.363,0.616,0.713,0.535,-0.503,0.486,0.248,0.516,0.272,-0.23,-0.318,0.669,0.639,-0.225,0.378,0.639,0.164,0.437,0.16,0.615,0.307,0.323,0.325,0.57,0.52,0.782,-0.417,0.365,0.545,0.529,0.247,0.573,0.355,0.116,0.733,-0.001,0.242,0.658,0.657,0.482,0.605,0.653,0.057,0.566,0.547,0.367,0.83,0.488,0.69,0.093,-0.01,0.578,-0.54,0.674,0.631,0.432,0.306,0.59,0.183,0.389,0.501,0.253,0.566,0.472,0.024,-0.614,0.248,0.249
AUPH,0.725,0.579,-0.298,0.555,0.116,0.553,0.108,-0.09,-0.021,0.267,0.561,0.488,-0.413,0.0,0.448,-0.01,0.213,-0.34,-0.381,-0.164,-0.778,-0.272,-0.568,-0.061,-0.408,0.158,-0.099,-0.342,0.536,0.102,0.079,0.148,0.117,-0.324,0.289,-0.224,-0.6,0.01,0.415,-0.151,-0.052,-0.156,0.097,-0.065,-0.236,0.341,-0.206,-0.255,0.472,-0.368,-0.268,-0.259,0.221,0.115,0.234,-0.396,0.26,0.041,-0.331,-0.32,-0.123,-0.221,0.035,-0.578,-0.19,-0.511,0.212,0.387,-0.07,0.14,0.091,-0.27,0.086,-0.076,0.255,-0.216,0.327,-0.323,0.263,0.081,0.02,-0.022,-0.015,0.363,0.221,0.236,0.333,-0.218,-0.092,0.199,0.279,-0.234,-0.309,-0.479,0.267,-0.092,-0.05,0.501,0.298,-0.287,-0.439,0.067,0.011,0.157,0.288,-0.249,0.034,0.088,-0.42,-0.41,0.279,-0.169,-0.276,-0.406,0.194,0.003,-0.379,-0.208,0.348,-0.116,0.142,-0.001,0.125,-0.074,-0.004,-0.12,-0.107,0.314,-0.298,0.132,0.38,-0.109,-0.494,0.046,-0.381,-0.193,0.438,0.151,-0.296,-0.273,-0.203,0.318,-0.264,-0.03,-0.261,-0.267,-0.143,-0.208,0.307,0.174,0.447,-0.357,0.195,-0.127,-0.3,0.167,-0.186,-0.17,0.164,0.268,-0.146,0.22,0.018,-0.067,-0.315,0.311,-0.06,-0.014,0.017,-0.174,-0.523,0.161,-0.096,-0.274,-0.006,-0.527,-0.092,0.269,-0.497,0.039,0.043,0.138,-0.326,0.091,0.315,0.011,0.018,-0.153,0.267,0.069,0.444,-0.036,-0.049,-0.704,-0.364,-0.489,0.031,0.405,-0.261,-0.088
AVXL,0.663,0.56,0.308,0.735,0.808,-0.133,-0.409,0.604,0.214,0.786,-0.017,0.76,0.276,0.448,0.0,0.729,0.333,-0.093,-0.228,0.368,-0.239,0.075,-0.492,-0.283,0.371,0.753,0.696,-0.626,0.709,0.768,-0.587,0.537,0.409,0.512,0.823,0.566,-0.509,0.394,0.849,0.365,0.726,-0.404,0.722,0.57,-0.676,0.513,-0.343,0.121,0.818,0.109,0.475,0.351,0.765,-0.626,0.82,0.287,0.365,0.74,-0.671,-0.629,0.577,-0.773,0.664,0.027,0.156,0.13,-0.249,0.756,0.484,0.757,0.781,-0.002,0.838,-0.135,0.785,0.277,0.603,-0.518,0.779,0.773,0.639,0.479,0.507,-0.259,0.841,0.84,0.885,0.139,-0.414,0.728,-0.36,-0.444,-0.423,-0.799,0.647,0.697,0.684,0.803,0.462,-0.702,0.01,0.676,0.75,0.67,0.761,-0.448,0.772,0.641,-0.219,-0.684,0.837,0.202,-0.705,-0.224,0.569,0.757,-0.784,-0.008,0.879,-0.688,0.773,-0.069,0.777,0.588,-0.63,-0.756,-0.111,0.832,-0.224,0.755,0.888,0.363,-0.326,0.812,0.45,0.294,-0.355,0.815,-0.357,-0.076,0.068,-0.386,-0.832,0.736,0.427,-0.432,-0.211,0.581,0.738,0.698,0.409,0.227,0.483,0.052,-0.122,0.779,0.232,0.667,-0.438,0.766,0.624,0.825,-0.078,0.465,-0.255,0.255,0.658,-0.426,0.397,0.305,-0.103,0.833,0.733,0.562,-0.117,0.026,0.238,0.778,0.26,0.755,0.711,0.269,-0.701,0.416,-0.012,0.77,0.764,-0.098,0.874,0.559,0.834,0.697,0.381,-0.624,0.255,-0.237,0.297,-0.239,-0.453,-0.132
AZTA,0.389,0.366,0.726,0.548,0.883,-0.533,-0.553,0.687,0.607,0.835,-0.513,0.541,0.721,-0.01,0.729,0.0,0.563,0.388,-0.054,0.659,0.244,0.372,-0.053,-0.101,0.738,0.931,0.78,-0.399,0.45,0.871,-0.519,0.774,0.53,0.867,0.752,0.864,-0.038,0.599,0.62,0.782,0.937,-0.112,0.884,0.824,-0.533,0.515,-0.103,0.473,0.591,0.558,0.871,0.608,0.854,-0.774,0.841,0.657,0.281,0.914,-0.459,-0.377,0.729,-0.686,0.871,0.473,0.162,0.583,-0.391,0.754,0.802,0.907,0.852,0.399,0.915,0.143,0.831,0.509,0.453,-0.399,0.599,0.81,0.716,0.514,0.75,-0.647,0.732,0.889,0.721,0.467,-0.327,0.611,-0.734,-0.207,-0.105,-0.558,0.635,0.962,0.973,0.445,0.501,-0.482,0.464,0.805,0.752,0.764,0.891,-0.291,0.95,0.896,0.003,-0.392,0.785,0.559,-0.407,0.198,0.362,0.974,-0.543,0.29,0.785,-0.538,0.939,-0.112,0.926,0.878,-0.825,-0.732,0.035,0.729,0.122,0.896,0.713,0.407,0.042,0.934,0.812,0.644,-0.556,0.859,-0.03,0.308,0.302,-0.537,-0.742,0.943,0.789,-0.306,0.196,0.802,0.619,0.754,0.447,0.578,0.583,0.391,0.02,0.936,0.442,0.949,-0.61,0.676,0.86,0.9,0.237,0.809,0.17,0.166,0.844,-0.247,0.451,0.725,0.419,0.837,0.83,0.789,0.021,0.529,0.648,0.739,0.769,0.882,0.955,0.367,-0.469,0.522,-0.336,0.944,0.976,0.272,0.76,0.84,0.628,0.754,0.646,-0.231,0.613,0.255,0.382,-0.582,-0.156,0.187
BAND,0.19,0.287,0.628,0.555,0.421,-0.135,-0.331,0.357,0.849,0.557,-0.467,0.29,0.306,0.213,0.333,0.563,0.0,0.498,-0.197,0.167,-0.153,0.403,0.234,0.348,0.084,0.618,0.218,0.191,0.377,0.446,-0.13,0.846,0.732,0.299,0.438,0.55,-0.149,0.341,0.101,0.763,0.477,0.309,0.498,0.684,-0.027,0.685,0.385,0.709,0.218,0.561,0.593,0.003,0.528,-0.382,0.508,0.26,-0.28,0.545,-0.353,0.127,0.215,-0.192,0.699,-0.048,-0.326,0.543,0.147,0.688,0.48,0.568,0.377,0.705,0.488,0.457,0.438,0.158,0.235,-0.574,0.15,0.277,0.072,-0.084,0.38,-0.564,0.248,0.443,0.214,0.412,0.369,0.286,-0.441,0.335,0.475,-0.176,0.479,0.487,0.601,-0.004,0.792,-0.071,0.523,0.21,0.243,0.436,0.735,0.156,0.448,0.681,0.31,-0.075,0.199,0.729,0.079,0.497,-0.165,0.54,-0.175,0.537,0.309,0.112,0.588,-0.081,0.545,0.54,-0.436,-0.397,-0.294,0.225,0.584,0.563,0.166,0.269,0.226,0.402,0.231,0.721,0.195,0.351,0.233,0.36,0.457,-0.257,-0.22,0.446,0.677,0.261,0.593,0.172,0.211,0.396,0.802,0.457,0.83,0.797,-0.482,0.668,0.312,0.433,-0.038,0.029,0.515,0.501,0.733,0.768,0.406,0.342,0.29,0.197,0.377,0.661,0.169,0.2,0.119,0.067,0.554,0.441,0.779,0.273,0.47,0.572,0.478,0.414,-0.056,0.212,-0.118,0.395,0.564,0.515,0.228,0.69,0.134,0.226,0.764,-0.327,0.565,0.308,0.624,-0.139,-0.011,0.741
BECN,-0.24,-0.312,0.612,-0.158,-0.019,-0.477,-0.153,0.134,0.748,0.128,-0.683,-0.196,0.553,-0.34,-0.093,0.388,0.498,0.0,0.178,0.455,0.493,0.543,0.829,0.662,0.379,0.299,-0.08,0.531,-0.214,0.074,0.137,0.555,0.453,0.421,-0.082,0.51,0.625,0.349,-0.377,0.736,0.208,0.761,0.181,0.445,0.421,0.014,0.662,0.785,-0.383,0.789,0.529,0.256,0.051,-0.05,-0.052,0.498,-0.364,0.224,0.31,0.592,0.046,0.254,0.281,0.422,-0.39,0.705,-0.0,0.167,0.395,0.248,-0.019,0.816,0.128,0.729,0.047,0.308,-0.096,-0.007,-0.389,-0.042,-0.18,-0.242,0.43,-0.616,-0.248,0.139,-0.267,0.472,0.379,-0.287,-0.568,0.417,0.631,0.438,-0.173,0.356,0.416,-0.513,0.262,0.499,0.847,0.219,-0.145,0.298,0.276,0.387,0.229,0.394,0.46,0.601,-0.103,0.788,0.448,0.784,-0.606,0.317,0.436,0.661,-0.187,0.371,0.218,0.243,0.127,0.583,-0.327,0.089,0.156,-0.26,0.747,0.179,-0.239,0.033,0.773,0.108,0.32,0.775,-0.098,-0.068,0.621,0.859,0.226,-0.038,0.227,0.329,0.638,0.313,0.809,0.082,-0.355,0.032,0.49,0.675,0.481,0.734,-0.012,0.358,0.481,0.438,0.127,-0.17,0.301,0.225,0.78,0.629,0.901,0.18,0.19,0.606,0.103,0.522,0.785,-0.121,0.109,0.064,0.494,0.73,0.652,0.015,0.706,0.145,0.213,0.138,0.496,0.096,-0.637,0.184,0.323,0.744,-0.209,0.618,-0.358,0.038,0.464,0.348,0.73,0.809,0.182,-0.467,0.592,0.762
BFC,-0.395,-0.393,-0.057,-0.496,-0.173,-0.402,0.246,-0.07,-0.177,-0.142,-0.003,-0.028,0.264,-0.381,-0.228,-0.054,-0.197,0.178,0.0,0.322,0.277,-0.219,0.221,-0.055,0.281,-0.182,-0.045,0.124,-0.478,-0.04,0.186,-0.294,-0.137,0.165,-0.158,-0.06,0.46,0.183,-0.132,-0.096,-0.065,-0.008,0.138,-0.259,-0.029,-0.434,-0.069,-0.124,-0.203,0.173,-0.11,0.325,-0.165,0.102,-0.13,0.423,0.018,-0.04,0.222,-0.025,0.104,0.055,-0.285,0.386,0.131,0.106,-0.372,-0.424,0.009,-0.072,-0.24,-0.041,-0.143,0.142,-0.317,0.259,0.198,0.383,-0.129,0.037,0.1,0.057,0.186,0.091,-0.119,-0.15,-0.244,0.346,-0.22,-0.222,-0.018,0.062,-0.079,0.384,-0.288,-0.083,-0.056,-0.198,-0.447,0.239,0.02,0.082,-0.138,0.048,-0.287,-0.234,0.03,-0.076,0.057,0.211,-0.09,-0.004,0.075,-0.113,-0.065,-0.003,0.046,-0.169,-0.282,-0.075,-0.156,-0.236,-0.19,0.013,0.143,0.143,0.347,-0.23,-0.023,-0.042,-0.133,-0.406,0.048,-0.032,0.159,-0.109,-0.271,-0.032,0.017,0.18,0.001,0.132,0.122,0.077,-0.111,-0.151,-0.052,0.111,-0.139,-0.027,-0.354,0.126,-0.258,-0.146,0.53,-0.224,0.348,0.101,-0.117,0.001,-0.033,-0.221,-0.15,-0.205,0.171,-0.182,0.219,-0.015,-0.134,-0.065,0.283,-0.092,-0.04,0.17,-0.084,0.018,-0.179,-0.02,0.239,-0.151,-0.06,-0.392,0.263,0.204,-0.476,0.009,-0.13,-0.069,-0.16,-0.175,-0.256,-0.173,-0.183,0.251,0.044,0.129,-0.349,-0.371,0.14,-0.085
BGC,0.202,-0.003,0.42,-0.044,0.398,-0.507,-0.028,0.362,0.296,0.374,-0.389,0.199,0.734,-0.164,0.368,0.659,0.167,0.455,0.322,0.0,0.469,0.203,0.131,0.115,0.769,0.519,0.322,-0.2,-0.022,0.555,0.025,0.338,0.182,0.735,0.319,0.427,0.449,0.74,0.333,0.441,0.495,0.113,0.615,0.28,-0.294,-0.134,-0.07,0.178,0.249,0.391,0.434,0.856,0.408,-0.252,0.344,0.647,0.462,0.465,0.063,-0.191,0.582,-0.341,0.261,0.659,0.189,0.347,-0.593,0.152,0.655,0.555,0.37,0.144,0.438,0.357,0.467,0.483,0.355,0.209,0.12,0.471,0.584,0.482,0.732,-0.204,0.35,0.518,0.308,0.57,-0.469,0.052,-0.454,-0.189,-0.268,-0.128,0.161,0.583,0.581,0.092,-0.048,-0.039,0.333,0.709,0.269,0.676,0.389,-0.323,0.633,0.539,-0.135,0.003,0.583,0.299,-0.122,0.023,0.129,0.616,-0.177,0.177,0.377,-0.316,0.5,0.071,0.436,0.661,-0.399,-0.204,0.529,0.343,-0.072,0.514,0.416,-0.115,0.191,0.563,0.596,0.336,-0.52,0.48,0.082,0.474,0.12,0.029,-0.35,0.704,0.418,-0.524,0.183,0.565,0.221,0.279,0.102,0.449,0.215,0.085,0.531,0.515,0.622,0.73,-0.395,0.572,0.418,0.522,0.096,0.378,0.31,0.189,0.754,0.033,0.039,0.345,0.61,0.519,0.647,0.627,-0.189,0.334,0.288,0.563,0.603,0.313,0.615,-0.117,-0.029,0.622,-0.665,0.659,0.538,0.335,0.325,0.485,0.287,0.335,0.296,0.08,0.354,0.355,-0.138,-0.688,0.199,0.057
BHF,-0.43,-0.41,0.424,-0.438,0.006,-0.564,-0.084,0.234,0.206,-0.095,-0.554,-0.447,0.649,-0.778,-0.239,0.244,-0.153,0.493,0.277,0.469,0.0,0.451,0.555,0.155,0.626,0.085,0.159,0.248,-0.359,0.043,0.058,0.054,0.011,0.534,-0.179,0.371,0.763,0.173,-0.262,0.338,0.171,0.285,0.027,0.176,0.199,-0.271,0.225,0.317,-0.293,0.384,0.429,0.494,-0.058,-0.119,-0.144,0.538,-0.002,0.072,0.494,0.318,0.277,0.199,0.077,0.739,0.211,0.597,-0.218,-0.175,0.389,0.075,0.079,0.282,0.041,0.124,0.039,0.334,-0.318,0.484,-0.236,-0.002,0.194,0.268,0.216,-0.377,-0.164,0.036,-0.192,0.379,-0.029,-0.175,-0.32,0.191,0.21,0.351,-0.193,0.284,0.226,-0.394,-0.223,0.3,0.522,0.286,0.052,0.097,-0.066,0.239,0.14,0.139,0.32,0.467,-0.034,0.229,0.303,0.435,-0.121,0.17,0.406,0.335,-0.151,0.075,0.048,0.175,0.045,0.324,-0.099,0.146,0.424,-0.098,0.264,0.001,-0.221,0.155,0.565,0.154,0.525,0.316,-0.461,-0.011,0.447,0.459,0.186,-0.177,0.191,0.2,0.382,0.094,0.318,0.368,-0.262,-0.052,-0.218,0.499,-0.112,0.148,0.451,0.075,0.282,0.399,-0.174,-0.054,0.184,0.061,0.107,0.257,0.391,-0.2,0.247,0.17,0.042,0.379,0.701,0.048,0.311,0.429,-0.05,0.641,0.268,-0.115,0.62,0.031,0.188,0.074,0.327,0.196,-0.401,0.191,0.175,0.387,-0.139,0.196,-0.235,0.166,0.182,0.768,0.395,0.64,-0.117,-0.421,0.49,0.105
BHFAL,-0.046,-0.114,0.638,0.187,0.136,-0.064,-0.132,0.286,0.608,0.258,-0.609,-0.344,0.404,-0.272,0.075,0.372,0.403,0.543,-0.219,0.203,0.451,0.0,0.513,0.49,0.191,0.388,0.152,0.307,0.261,0.2,-0.04,0.61,0.584,0.293,-0.014,0.575,0.218,0.073,-0.145,0.634,0.253,0.481,0.043,0.533,0.369,0.29,0.565,0.686,-0.051,0.307,0.604,-0.038,0.215,-0.237,0.063,0.219,-0.246,0.167,0.149,0.489,0.161,0.232,0.451,0.116,-0.269,0.611,0.383,0.392,0.279,0.21,0.275,0.645,0.228,0.219,0.321,0.066,-0.337,-0.114,-0.165,-0.071,-0.009,0.097,0.066,-0.512,-0.056,0.236,-0.054,0.226,0.315,0.029,-0.275,0.52,0.491,0.03,0.182,0.383,0.379,-0.264,0.462,0.203,0.755,0.269,0.107,0.151,0.34,0.586,0.174,0.429,0.524,0.354,-0.029,0.537,0.372,0.713,-0.186,0.26,0.288,0.755,0.068,0.318,0.279,0.459,0.276,0.381,-0.178,0.006,0.011,0.129,0.593,0.181,-0.131,0.578,0.666,0.229,0.252,0.687,0.017,0.015,0.652,0.529,0.471,-0.217,0.114,0.164,0.656,0.435,0.664,0.122,-0.234,0.056,0.441,0.659,0.35,0.63,-0.132,0.41,0.155,0.428,-0.045,-0.141,0.296,0.381,0.592,0.661,0.363,0.105,0.032,0.372,0.132,0.638,0.387,0.047,0.264,0.118,0.415,0.739,0.7,-0.11,0.427,0.246,0.266,0.627,0.237,0.228,-0.011,0.215,0.334,0.69,-0.006,0.486,-0.014,0.173,0.665,0.29,0.542,0.699,0.401,0.032,0.509,0.511
BKNG,-0.586,-0.576,0.399,-0.457,-0.42,-0.298,0.069,-0.092,0.519,-0.296,-0.621,-0.589,0.303,-0.568,-0.492,-0.053,0.234,0.829,0.221,0.131,0.555,0.513,0.0,0.756,0.077,-0.136,-0.38,0.814,-0.423,-0.331,0.301,0.22,0.27,0.079,-0.463,0.208,0.702,0.043,-0.753,0.432,-0.181,0.839,-0.269,0.15,0.746,-0.203,0.821,0.696,-0.697,0.591,0.236,-0.042,-0.369,0.242,-0.453,0.228,-0.596,-0.212,0.543,0.854,-0.243,0.635,-0.052,0.24,-0.471,0.619,0.224,-0.193,0.054,-0.159,-0.376,0.736,-0.273,0.626,-0.325,0.107,-0.446,0.178,-0.7,-0.45,-0.509,-0.43,0.026,-0.44,-0.607,-0.294,-0.655,0.304,0.614,-0.556,-0.258,0.633,0.798,0.739,-0.437,-0.055,-0.011,-0.818,0.057,0.747,0.783,-0.139,-0.425,-0.122,-0.166,0.679,-0.227,-0.019,0.643,0.856,-0.537,0.581,0.673,0.847,-0.771,-0.129,0.754,0.661,-0.583,0.669,-0.235,0.366,-0.3,0.209,0.08,0.402,0.118,-0.601,0.801,-0.252,-0.666,0.029,0.915,-0.308,0.01,0.575,0.091,-0.491,0.743,0.724,0.237,0.076,0.629,-0.109,0.397,0.603,0.769,-0.258,-0.722,-0.357,0.234,0.536,0.237,0.644,-0.015,-0.07,0.339,0.064,0.387,-0.589,-0.059,-0.189,0.705,0.318,0.826,0.029,-0.207,0.695,-0.058,0.272,0.615,-0.527,-0.221,-0.241,0.518,0.661,0.423,-0.429,0.451,-0.23,-0.233,0.041,0.753,-0.154,-0.459,-0.251,-0.102,0.693,-0.599,0.223,-0.729,-0.267,0.297,0.6,0.553,0.803,0.105,-0.201,0.702,0.741
BL,-0.163,-0.324,0.319,-0.174,-0.444,0.151,0.368,-0.245,0.52,-0.257,-0.427,-0.491,0.08,-0.061,-0.283,-0.101,0.348,0.662,-0.055,0.115,0.155,0.49,0.756,0.0,-0.225,-0.064,-0.579,0.721,-0.053,-0.278,0.481,0.335,0.395,-0.205,-0.385,0.018,0.388,0.131,-0.6,0.334,-0.3,0.888,-0.317,0.072,0.801,-0.066,0.899,0.621,-0.492,0.315,0.021,-0.186,-0.284,0.483,-0.428,-0.077,-0.436,-0.348,0.482,0.819,-0.375,0.656,-0.084,-0.19,-0.682,0.341,0.432,-0.036,-0.07,-0.1,-0.43,0.658,-0.321,0.732,-0.222,-0.156,-0.374,0.09,-0.71,-0.556,-0.581,-0.446,0.006,-0.132,-0.556,-0.23,-0.568,0.245,0.601,-0.605,0.008,0.642,0.683,0.505,-0.287,-0.177,-0.095,-0.651,0.227,0.754,0.623,-0.08,-0.56,-0.09,-0.056,0.719,-0.286,0.032,0.466,0.744,-0.433,0.482,0.642,0.721,-0.76,-0.201,0.664,0.751,-0.438,0.764,-0.203,0.669,-0.315,0.146,0.224,0.471,0.106,-0.477,0.657,-0.226,-0.538,0.072,0.836,-0.356,-0.336,0.552,0.46,-0.515,0.734,0.668,0.144,0.416,0.605,-0.196,0.273,0.451,0.799,-0.498,-0.722,-0.445,0.539,0.432,0.373,0.647,-0.148,-0.004,0.317,-0.045,0.533,-0.521,-0.265,-0.029,0.786,0.296,0.666,0.406,-0.299,0.827,-0.223,0.116,0.285,-0.509,-0.257,-0.49,0.591,0.404,0.413,-0.286,0.098,-0.322,-0.283,0.061,0.676,-0.025,-0.247,-0.319,-0.163,0.788,-0.583,0.264,-0.551,-0.432,0.355,0.275,0.364,0.597,0.138,0.09,0.711,0.797
BOKF,0.054,0.083,0.534,0.018,0.611,-0.711,-0.406,0.485,0.235,0.476,-0.417,0.278,0.766,-0.408,0.371,0.738,0.084,0.379,0.281,0.769,0.626,0.191,0.077,-0.225,0.0,0.583,0.631,-0.305,-0.041,0.631,-0.347,0.332,0.122,0.903,0.442,0.65,0.423,0.476,0.417,0.535,0.725,-0.132,0.678,0.498,-0.48,-0.032,-0.227,0.181,0.258,0.517,0.665,0.888,0.552,-0.557,0.499,0.803,0.341,0.675,-0.046,-0.309,0.751,-0.507,0.452,0.89,0.464,0.478,-0.623,0.204,0.724,0.583,0.594,0.171,0.621,0.095,0.494,0.542,0.316,0.135,0.373,0.686,0.685,0.565,0.747,-0.47,0.532,0.624,0.454,0.446,-0.472,0.376,-0.677,-0.297,-0.208,-0.183,0.165,0.778,0.736,0.247,0.004,-0.278,0.385,0.671,0.54,0.604,0.442,-0.397,0.774,0.59,-0.143,-0.158,0.59,0.377,-0.265,0.06,0.293,0.749,-0.285,0.061,0.477,-0.531,0.628,-0.205,0.619,0.682,-0.67,-0.415,0.266,0.417,-0.042,0.605,0.491,0.086,0.072,0.711,0.9,0.346,-0.782,0.637,-0.001,0.364,0.179,-0.412,-0.514,0.792,0.539,-0.41,0.025,0.852,0.43,0.447,-0.079,0.515,0.129,0.078,0.368,0.544,0.376,0.816,-0.6,0.558,0.693,0.559,-0.056,0.473,0.268,-0.065,0.769,-0.222,0.288,0.494,0.732,0.646,0.753,0.881,-0.221,0.48,0.346,0.597,0.78,0.577,0.727,0.02,-0.213,0.444,-0.541,0.786,0.695,0.073,0.5,0.546,0.379,0.628,0.234,0.237,0.469,0.31,-0.028,-0.754,0.006,-0.101
BRKR,0.469,0.425,0.717,0.711,0.866,-0.312,-0.49,0.543,0.578,0.867,-0.444,0.55,0.582,0.158,0.753,0.931,0.618,0.299,-0.182,0.519,0.085,0.388,-0.136,-0.064,0.583,0.0,0.719,-0.379,0.589,0.856,-0.478,0.836,0.609,0.708,0.738,0.789,-0.192,0.554,0.636,0.764,0.895,-0.12,0.828,0.853,-0.49,0.585,-0.061,0.445,0.616,0.457,0.812,0.45,0.903,-0.743,0.838,0.547,0.272,0.863,-0.467,-0.35,0.667,-0.634,0.875,0.299,0.093,0.449,-0.212,0.821,0.716,0.871,0.846,0.412,0.878,0.143,0.817,0.318,0.406,-0.443,0.599,0.762,0.661,0.463,0.699,-0.577,0.747,0.87,0.705,0.375,-0.22,0.614,-0.653,-0.138,-0.08,-0.633,0.663,0.907,0.932,0.492,0.603,-0.51,0.424,0.739,0.691,0.717,0.929,-0.241,0.895,0.916,-0.041,-0.434,0.731,0.565,-0.344,0.18,0.326,0.912,-0.585,0.34,0.795,-0.469,0.954,-0.074,0.934,0.75,-0.795,-0.669,-0.108,0.749,0.144,0.915,0.712,0.433,-0.019,0.884,0.678,0.641,-0.352,0.817,0.016,0.264,0.276,-0.496,-0.718,0.834,0.731,-0.257,0.238,0.702,0.619,0.697,0.536,0.565,0.629,0.43,-0.171,0.918,0.308,0.844,-0.591,0.599,0.828,0.915,0.286,0.824,0.077,0.236,0.693,-0.184,0.374,0.746,0.266,0.781,0.742,0.649,0.151,0.483,0.697,0.708,0.613,0.862,0.905,0.468,-0.5,0.492,-0.155,0.889,0.935,0.266,0.74,0.829,0.682,0.703,0.676,-0.308,0.559,0.213,0.411,-0.364,-0.13,0.202
CACC,0.24,0.365,0.43,0.555,0.909,-0.484,-0.703,0.724,0.181,0.792,-0.243,0.631,0.45,-0.099,0.696,0.78,0.218,-0.08,-0.045,0.322,0.159,0.152,-0.38,-0.579,0.631,0.719,0.0,-0.584,0.419,0.755,-0.789,0.44,0.249,0.753,0.779,0.741,-0.311,0.233,0.733,0.452,0.894,-0.57,0.767,0.681,-0.767,0.483,-0.457,0.142,0.674,0.292,0.73,0.467,0.769,-0.931,0.85,0.489,0.253,0.872,-0.652,-0.65,0.733,-0.825,0.78,0.413,0.489,0.359,-0.382,0.626,0.566,0.723,0.915,0.033,0.906,-0.38,0.717,0.451,0.42,-0.444,0.856,0.901,0.783,0.602,0.479,-0.518,0.849,0.759,0.837,0.153,-0.438,0.859,-0.581,-0.402,-0.327,-0.659,0.627,0.824,0.777,0.678,0.326,-0.788,0.107,0.614,0.946,0.588,0.672,-0.45,0.833,0.624,-0.067,-0.656,0.744,0.203,-0.661,-0.135,0.662,0.824,-0.745,-0.124,0.789,-0.807,0.791,-0.364,0.868,0.575,-0.744,-0.86,-0.184,0.804,-0.132,0.758,0.77,0.44,-0.322,0.893,0.813,0.297,-0.69,0.907,-0.37,-0.19,0.22,-0.813,-0.834,0.771,0.52,-0.276,-0.289,0.871,0.818,0.814,0.055,0.319,0.297,0.02,-0.013,0.713,0.112,0.748,-0.766,0.708,0.843,0.705,-0.227,0.507,-0.266,-0.174,0.733,-0.685,0.516,0.509,0.097,0.88,0.784,0.861,-0.21,0.338,0.282,0.633,0.544,0.878,0.809,0.356,-0.698,0.299,-0.015,0.84,0.826,-0.232,0.904,0.468,0.732,0.857,0.344,-0.27,0.407,-0.053,0.336,-0.426,-0.527,-0.257
CAR,-0.625,-0.521,0.132,-0.346,-0.629,0.078,0.239,-0.343,0.287,-0.442,-0.317,-0.611,-0.091,-0.342,-0.626,-0.399,0.191,0.531,0.124,-0.2,0.248,0.307,0.814,0.721,-0.305,-0.379,-0.584,0.0,-0.35,-0.569,0.46,0.056,0.217,-0.323,-0.535,-0.116,0.447,-0.215,-0.829,0.169,-0.469,0.757,-0.507,-0.056,0.813,-0.201,0.811,0.493,-0.729,0.36,-0.077,-0.315,-0.513,0.428,-0.602,-0.077,-0.757,-0.465,0.575,0.885,-0.47,0.807,-0.251,-0.082,-0.465,0.317,0.517,-0.326,-0.251,-0.395,-0.589,0.578,-0.508,0.51,-0.545,-0.2,-0.512,0.195,-0.776,-0.649,-0.718,-0.599,-0.224,-0.148,-0.722,-0.529,-0.795,0.149,0.843,-0.596,0.056,0.759,0.84,0.8,-0.521,-0.393,-0.334,-0.796,0.112,0.744,0.5,-0.484,-0.615,-0.284,-0.367,0.72,-0.527,-0.242,0.57,0.834,-0.782,0.406,0.769,0.659,-0.824,-0.445,0.757,0.508,-0.754,0.799,-0.462,0.302,-0.515,-0.163,0.36,0.568,-0.072,-0.731,0.776,-0.451,-0.815,-0.118,0.708,-0.581,-0.341,0.352,0.491,-0.673,0.683,0.459,0.19,0.216,0.826,-0.467,0.092,0.766,0.644,-0.541,-0.776,-0.546,0.211,0.292,0.202,0.539,-0.237,-0.315,0.032,-0.309,0.614,-0.817,-0.291,-0.42,0.642,0.083,0.624,0.069,-0.518,0.718,-0.154,0.053,0.24,-0.779,-0.595,-0.578,0.652,0.397,0.233,-0.604,0.062,-0.455,-0.556,0.024,0.805,-0.32,-0.101,-0.564,-0.414,0.537,-0.76,-0.061,-0.796,-0.474,0.124,0.516,0.34,0.598,0.042,0.18,0.61,0.688
CDNA,0.62,0.667,0.33,0.877,0.579,0.334,-0.179,0.366,0.24,0.585,0.072,0.431,-0.022,0.536,0.709,0.45,0.377,-0.214,-0.478,-0.022,-0.359,0.261,-0.423,-0.053,-0.041,0.589,0.419,-0.35,0.0,0.523,-0.371,0.549,0.532,0.088,0.57,0.372,-0.638,0.085,0.616,0.279,0.438,-0.21,0.321,0.496,-0.299,0.669,-0.076,0.169,0.712,-0.126,0.345,-0.095,0.637,-0.375,0.558,-0.065,0.176,0.383,-0.462,-0.311,0.305,-0.37,0.597,-0.381,-0.041,0.046,0.322,0.74,0.208,0.493,0.601,0.108,0.551,-0.194,0.659,-0.133,0.151,-0.456,0.518,0.364,0.346,0.366,0.127,-0.105,0.559,0.651,0.617,-0.014,-0.066,0.596,-0.034,-0.054,-0.118,-0.7,0.64,0.416,0.419,0.634,0.687,-0.521,0.03,0.416,0.502,0.361,0.626,-0.009,0.42,0.529,-0.078,-0.473,0.485,0.171,-0.369,-0.024,0.454,0.427,-0.509,0.225,0.686,-0.283,0.568,0.2,0.586,0.307,-0.303,-0.478,-0.24,0.69,-0.037,0.514,0.554,0.61,-0.188,0.521,0.073,0.298,0.12,0.506,-0.023,-0.123,0.233,-0.229,-0.497,0.304,0.334,-0.058,-0.013,0.225,0.458,0.393,0.56,0.164,0.453,0.19,-0.367,0.609,-0.083,0.371,-0.177,0.363,0.329,0.702,0.104,0.46,-0.355,0.307,0.21,-0.171,0.318,0.336,-0.351,0.511,0.387,0.175,0.121,0.052,0.364,0.432,-0.06,0.51,0.44,0.581,-0.515,0.316,0.477,0.419,0.498,0.137,0.579,0.466,0.699,0.448,0.489,-0.513,0.107,-0.167,0.436,0.301,-0.224,0.017
CG,0.485,0.489,0.594,0.588,0.886,-0.344,-0.346,0.57,0.333,0.79,-0.303,0.584,0.589,0.102,0.768,0.871,0.446,0.074,-0.04,0.555,0.043,0.2,-0.331,-0.278,0.631,0.856,0.755,-0.569,0.523,0.0,-0.463,0.617,0.476,0.691,0.765,0.653,-0.22,0.552,0.761,0.551,0.861,-0.367,0.878,0.655,-0.649,0.496,-0.283,0.198,0.687,0.278,0.654,0.56,0.908,-0.697,0.872,0.564,0.433,0.828,-0.516,-0.559,0.776,-0.75,0.747,0.352,0.295,0.33,-0.408,0.648,0.645,0.804,0.826,0.17,0.845,0.004,0.759,0.321,0.584,-0.31,0.709,0.804,0.771,0.587,0.674,-0.362,0.847,0.846,0.767,0.437,-0.474,0.677,-0.506,-0.254,-0.298,-0.69,0.677,0.839,0.854,0.606,0.417,-0.609,0.209,0.707,0.718,0.629,0.812,-0.451,0.902,0.849,-0.121,-0.608,0.799,0.348,-0.486,-0.06,0.561,0.879,-0.718,0.16,0.837,-0.606,0.9,-0.169,0.891,0.626,-0.685,-0.7,-0.031,0.799,-0.136,0.905,0.801,0.398,-0.202,0.907,0.684,0.388,-0.433,0.885,-0.175,0.109,0.279,-0.418,-0.823,0.839,0.59,-0.45,-0.024,0.771,0.716,0.674,0.269,0.419,0.413,0.189,0.027,0.794,0.281,0.808,-0.66,0.698,0.776,0.821,-0.022,0.615,-0.118,0.29,0.789,-0.386,0.339,0.58,0.179,0.846,0.786,0.764,-0.045,0.228,0.491,0.764,0.525,0.852,0.895,0.24,-0.594,0.627,-0.117,0.913,0.852,0.047,0.789,0.657,0.743,0.668,0.539,-0.338,0.386,-0.039,0.285,-0.403,-0.322,-0.03
CGBD,-0.123,-0.253,-0.256,-0.476,-0.688,0.306,0.766,-0.534,-0.091,-0.558,0.151,-0.576,-0.056,0.079,-0.587,-0.519,-0.13,0.137,0.186,0.025,0.058,-0.04,0.301,0.481,-0.347,-0.478,-0.789,0.46,-0.371,-0.463,0.0,-0.314,-0.125,-0.464,-0.582,-0.599,0.471,0.034,-0.548,-0.274,-0.699,0.53,-0.48,-0.585,0.586,-0.36,0.369,-0.148,-0.44,-0.259,-0.532,-0.144,-0.513,0.757,-0.642,-0.222,0.05,-0.676,0.756,0.518,-0.421,0.703,-0.65,-0.148,-0.31,-0.248,0.245,-0.512,-0.243,-0.453,-0.712,-0.067,-0.743,0.351,-0.482,-0.324,-0.282,0.662,-0.725,-0.707,-0.425,-0.242,-0.222,0.516,-0.701,-0.534,-0.673,0.21,0.215,-0.757,0.553,0.428,0.185,0.539,-0.482,-0.635,-0.564,-0.568,-0.305,0.702,-0.102,-0.284,-0.792,-0.342,-0.481,0.313,-0.588,-0.31,0.011,0.613,-0.498,-0.205,0.707,0.065,-0.44,-0.6,0.598,0.185,-0.597,0.68,-0.536,0.332,-0.623,-0.395,0.668,0.821,0.467,-0.559,0.029,-0.501,-0.604,-0.451,0.27,-0.61,-0.563,-0.238,0.606,-0.628,0.437,0.26,-0.08,0.859,0.689,-0.562,-0.398,0.059,0.365,-0.576,-0.65,-0.588,-0.045,-0.159,-0.258,-0.044,0.226,-0.508,-0.026,-0.476,0.532,-0.469,-0.689,-0.486,0.217,-0.357,0.21,0.275,-0.384,0.633,-0.389,-0.235,0.051,-0.622,-0.587,-0.575,0.195,-0.228,-0.099,-0.476,-0.323,-0.733,-0.489,-0.25,0.704,0.152,-0.063,-0.546,-0.627,0.349,-0.733,-0.33,-0.508,-0.776,-0.192,0.347,-0.358,0.146,-0.494,0.333,0.633,0.213
