,ACET,ADAP,ADI,ADPT,ADTN,AGEN,ALGN,ALLK,AMD,AMWD,ARDX,ARQT,ASTE,AUPH,AVXL,AZTA,BAND,BECN,BFC,BGC,BHF,BHFAL,BKNG,BL,BOKF,BRKR,CACC,CAR,CDNA,CG,CGBD,CHI,CHTR,CHX,CLNE,CME,CNOB,CNXN,CPRX,CSGP,CSGS,CSIQ,CVCO,CVLT,CYRX,DDOG,DOOO,DSGX,DTIL,ECPG,EEFT,EFSC,ENTG,ESPR,ETSY,EXC,FAMI,FFIV,FITB,FIZZ,FMBH,FOX,FTNT,FULT,GABC,GEN,GH,GMAB,GNPX,GO,GOGL,GOOG,GPRO,GSHD,GSM,GWAV,HAIN,HBAN,HEPA,HURN,HWKN,IBIO,ICFI,IGMS,IMKTA,INCY,INO,IRDM,IRTC,IRWD,ITCI,JACK,JD,JJSF,KALA,KHC,KLAC,KRRO,KRYS,LANC,LBTYA,LIVN,LKCO,LNTH,LOGI,LPRO,LRCX,LSCC,LSTR,MAR,MARA,MCHP,MEOH,META,MGTX,MKSI,MMYT,MORN,MRUS,MTLS,MTSI,MVIS,MXL,NBIX,NFE,NMIH,NMRK,NNDM,NSIT,NTCT,NVAX,OCUL,ODP,OLED,ONB,OTEX,PACB,PATK,PAYX,PEP,PERI,PI,PLYA,PRDO,PRGS,PTGX,QCOM,QCRH,QDEL,QFIN,RGEN,RILY,RPAY,RPD,SABR,SEDG,SHEN,SIRI,SLNO,SNDL,SNEX,SONO,SPT,SSNC,STGW,STKL,STRL,STX,SWTX,SYNA,TFSL,TIGR,TNXP,TOWN,TRI,TRIP,TRMB,TRNS,TRS,TSCO,TSEM,TVTX,TXRH,VC,VCEL,VECO,VIAV,VICR,VIR,VRTX,VSTM,VTRS,WDFC,WSBC,WSC,WYNN,XENE,XNCR,XRAY,ZS
ACET,0.0,-0.152,0.564,0.023,0.649,0.159,-0.014,0.273,0.602,0.415,0.458,0.704,0.495,-0.342,-0.365,0.573,-0.432,0.691,0.492,0.422,0.223,0.725,0.636,0.292,0.57,0.492,0.351,0.605,0.598,0.669,0.639,0.715,0.43,0.42,0.712,0.705,0.523,-0.051,0.565,0.287,0.631,0.454,0.292,0.604,0.491,-0.189,-0.539,0.028,0.704,0.068,0.583,0.568,0.446,0.324,-0.014,0.452,0.544,0.518,0.429,0.754,0.483,0.184,0.417,0.52,0.525,-0.502,0.037,0.158,0.017,-0.645,0.792,0.37,0.579,-0.061,0.507,0.242,0.848,0.397,0.16,0.722,0.57,0.411,0.597,0.309,0.57,-0.095,0.676,0.576,0.382,0.518,0.57,0.646,0.273,0.52,0.552,0.169,0.501,0.592,-0.135,0.62,0.769,0.51,-0.039,0.731,-0.242,0.615,0.516,0.415,0.753,0.604,0.57,0.572,0.573,0.265,0.421,0.502,0.688,0.097,0.681,0.693,0.265,0.271,0.015,-0.403,0.219,0.502,0.498,0.547,0.638,0.82,0.621,0.515,0.598,0.328,0.586,0.771,0.663,-0.085,0.466,0.738,0.624,0.762,0.426,0.15,0.678,0.486,0.527,0.414,-0.525,0.784,0.502,0.421,-0.366,0.639,0.574,-0.016,0.391,0.676,0.531,0.2,0.705,0.536,0.382,0.726,0.094,0.774,0.542,0.551,0.557,0.299,0.48,0.651,0.415,0.578,0.165,0.617,0.449,0.078,0.45,-0.157,0.37,0.63,0.259,0.508,0.621,0.455,0.68,0.035,-0.235,0.461,0.674,0.5,0.341,0.562,0.536,0.45,0.273,0.531,0.375,-0.014
ADAP,-0.152,0.0,0.353,0.068,0.472,0.486,0.87,0.574,0.374,0.422,0.455,-0.357,-0.111,-0.492,0.299,0.202,-0.117,0.295,-0.101,0.209,0.241,-0.02,0.18,0.595,0.118,0.356,-0.073,-0.407,0.065,0.29,0.128,0.164,0.487,0.199,-0.123,-0.012,0.013,0.546,0.38,0.67,0.227,0.085,0.55,0.359,0.1,0.108,0.267,0.75,-0.048,-0.329,0.132,0.123,0.442,-0.744,0.073,0.601,0.154,0.158,0.25,-0.109,0.142,0.153,-0.186,0.056,0.158,0.367,0.319,0.691,-0.195,0.248,0.056,0.571,0.206,0.561,-0.004,0.304,-0.201,0.189,-0.432,0.04,0.345,-0.282,0.312,-0.59,0.204,-0.121,-0.191,0.233,0.367,0.179,0.265,-0.113,0.535,0.229,0.219,0.613,0.396,0.207,-0.261,-0.051,-0.057,-0.3,-0.409,-0.239,0.277,0.362,0.342,0.457,-0.155,0.208,-0.205,0.35,0.017,0.468,0.442,0.337,0.126,0.586,-0.31,-0.287,0.548,-0.411,0.717,0.268,-0.318,0.346,0.257,0.048,0.352,-0.133,0.227,0.37,0.221,0.419,0.067,0.163,-0.124,0.464,0.401,0.22,0.017,0.06,0.303,0.518,0.319,0.485,0.366,0.235,0.009,-0.24,0.495,0.388,0.716,0.301,0.175,-0.628,0.255,0.179,0.497,0.377,0.077,-0.062,0.255,0.236,0.197,-0.202,-0.298,0.354,0.069,0.351,-0.33,-0.137,-0.351,-0.026,0.777,0.077,0.471,0.23,0.336,0.346,0.402,0.051,0.315,0.227,0.27,0.374,0.222,0.366,-0.252,0.527,0.006,0.13,0.248,-0.007,0.1,0.243,0.74,0.331,0.252,0.007
ADI,0.564,0.353,0.0,-0.138,0.817,0.561,0.381,0.831,0.728,0.79,0.913,0.343,0.421,-0.859,-0.407,0.927,-0.798,0.888,0.479,0.894,0.769,0.367,0.935,0.815,0.876,0.924,-0.0,0.35,0.752,0.933,0.912,0.916,0.868,0.813,0.712,0.741,0.738,0.51,0.899,0.849,0.93,0.579,0.841,0.884,0.749,-0.481,-0.584,0.245,0.81,-0.523,0.9,0.876,0.952,-0.297,-0.417,0.886,0.448,0.919,0.854,0.553,0.739,0.332,-0.168,0.825,0.837,-0.587,0.416,0.579,-0.34,-0.648,0.813,0.891,0.793,0.391,0.387,0.688,0.508,0.83,-0.517,0.714,0.884,-0.169,0.912,-0.21,0.829,-0.684,0.32,0.916,0.741,0.911,0.776,0.417,0.544,0.91,0.461,0.418,0.949,0.895,-0.719,0.31,0.675,0.439,-0.598,0.411,-0.45,0.903,0.963,0.935,0.45,0.949,0.198,0.99,0.84,0.223,0.806,0.95,0.91,0.794,0.49,0.161,0.894,-0.429,0.297,-0.553,-0.441,0.63,0.958,0.745,0.958,0.654,0.48,0.958,0.877,0.877,0.838,0.885,0.789,0.143,0.946,0.864,0.271,0.864,0.732,0.202,0.914,0.908,0.951,0.871,-0.796,0.654,0.878,0.888,0.033,0.865,0.915,-0.499,0.739,0.89,0.912,0.788,0.882,0.455,0.381,0.79,0.481,0.583,0.163,0.967,0.361,0.347,0.375,0.671,-0.332,0.767,0.662,0.89,0.966,0.601,0.901,-0.369,0.865,0.869,0.729,0.887,0.953,0.922,0.848,-0.036,-0.814,0.869,0.819,0.677,0.706,0.771,0.882,0.913,0.692,0.646,0.686,-0.432
ADPT,0.023,0.068,-0.138,0.0,-0.06,-0.052,0.283,-0.093,0.091,-0.389,-0.111,-0.025,-0.451,0.216,0.322,-0.255,0.489,-0.298,-0.091,-0.347,-0.413,-0.024,-0.278,-0.053,-0.438,-0.328,0.206,-0.12,-0.104,-0.197,-0.331,-0.214,-0.115,-0.559,-0.406,-0.362,-0.484,0.286,0.019,-0.128,-0.224,0.231,-0.203,-0.174,0.103,0.497,0.462,0.259,-0.338,0.146,-0.377,-0.406,-0.163,-0.102,0.564,-0.169,-0.002,-0.216,-0.438,-0.407,-0.448,-0.604,0.305,-0.483,-0.47,0.42,0.531,0.306,0.167,0.461,-0.192,-0.159,-0.111,-0.397,0.169,-0.16,-0.232,-0.494,0.38,-0.303,-0.34,0.287,-0.288,-0.107,-0.111,0.295,-0.102,-0.368,0.329,-0.289,-0.374,-0.202,0.175,-0.331,-0.28,-0.302,-0.229,0.001,0.369,-0.293,-0.382,-0.073,0.267,-0.219,0.413,-0.062,-0.211,-0.231,-0.241,-0.297,-0.233,-0.156,-0.329,0.579,-0.005,-0.199,-0.342,-0.036,-0.129,0.11,-0.168,0.338,0.074,0.394,0.145,-0.186,-0.291,-0.34,-0.233,-0.203,0.125,-0.217,-0.313,-0.148,-0.456,-0.032,-0.011,-0.069,-0.28,-0.228,-0.082,-0.208,-0.081,-0.096,-0.183,-0.03,-0.107,-0.403,0.432,-0.124,0.099,-0.299,0.422,-0.098,-0.364,0.127,-0.044,-0.315,-0.213,0.055,-0.262,-0.209,0.5,-0.132,-0.495,-0.327,-0.299,-0.254,-0.231,0.406,-0.426,-0.368,0.017,-0.523,0.268,-0.324,-0.164,-0.311,-0.367,0.317,-0.214,-0.192,-0.076,-0.401,-0.202,-0.207,-0.174,0.338,0.37,-0.073,-0.297,-0.504,-0.117,-0.521,-0.342,-0.329,0.108,0.031,-0.306,0.551
ADTN,0.649,0.472,0.817,-0.06,0.0,0.559,0.537,0.673,0.807,0.759,0.785,0.356,0.431,-0.725,-0.111,0.725,-0.533,0.875,0.306,0.632,0.498,0.591,0.746,0.758,0.677,0.757,0.205,0.246,0.644,0.882,0.746,0.814,0.808,0.628,0.602,0.652,0.56,0.372,0.806,0.736,0.779,0.551,0.758,0.795,0.5,-0.18,-0.343,0.466,0.653,-0.186,0.692,0.678,0.801,-0.249,-0.056,0.869,0.633,0.63,0.65,0.618,0.642,0.451,0.154,0.588,0.683,-0.271,0.259,0.65,-0.246,-0.465,0.762,0.783,0.744,0.387,0.383,0.476,0.589,0.586,-0.294,0.734,0.83,0.044,0.838,-0.137,0.692,-0.276,0.437,0.755,0.559,0.683,0.735,0.55,0.591,0.682,0.682,0.623,0.798,0.685,-0.411,0.507,0.683,0.247,-0.376,0.484,-0.072,0.837,0.778,0.755,0.56,0.753,0.408,0.824,0.606,0.477,0.703,0.784,0.767,0.562,0.435,0.383,0.7,-0.16,0.557,-0.297,-0.105,0.769,0.716,0.645,0.876,0.647,0.617,0.797,0.792,0.675,0.649,0.851,0.546,0.322,0.774,0.84,0.513,0.759,0.587,0.525,0.871,0.848,0.811,0.64,-0.549,0.525,0.796,0.75,0.11,0.817,0.712,-0.42,0.591,0.794,0.863,0.539,0.744,0.469,0.465,0.859,0.31,0.573,0.311,0.821,0.518,0.478,0.261,0.543,0.002,0.596,0.696,0.684,0.784,0.32,0.733,0.032,0.644,0.677,0.499,0.704,0.78,0.75,0.829,0.286,-0.478,0.747,0.643,0.679,0.515,0.584,0.641,0.657,0.737,0.772,0.525,-0.07
AGEN,0.159,0.486,0.561,-0.052,0.559,0.0,0.613,0.535,0.327,0.411,0.621,0.092,0.304,-0.475,0.015,0.404,-0.371,0.503,0.053,0.395,0.622,0.224,0.467,0.572,0.427,0.435,0.138,0.127,0.165,0.609,0.364,0.391,0.476,0.399,0.103,0.431,0.418,0.737,0.613,0.534,0.55,0.457,0.59,0.458,0.321,-0.086,0.008,0.301,0.216,-0.141,0.384,0.459,0.556,-0.367,-0.214,0.666,0.468,0.379,0.559,0.062,0.486,0.368,-0.042,0.392,0.481,-0.031,0.297,0.548,-0.101,-0.111,0.342,0.58,0.385,0.125,0.137,0.337,-0.006,0.466,-0.271,0.429,0.635,-0.052,0.61,-0.22,0.518,-0.211,-0.012,0.389,0.404,0.383,0.505,0.076,0.137,0.454,0.347,0.319,0.458,0.372,-0.293,0.166,0.142,0.33,-0.113,0.137,-0.105,0.399,0.461,0.479,0.184,0.46,-0.03,0.519,0.369,0.287,0.642,0.478,0.406,0.625,0.044,0.058,0.554,-0.314,0.345,-0.164,-0.195,0.644,0.552,0.38,0.555,0.29,0.102,0.488,0.423,0.484,0.381,0.43,0.197,0.103,0.539,0.416,0.15,0.332,0.544,0.521,0.619,0.59,0.498,0.482,-0.335,0.086,0.436,0.481,0.388,0.339,0.433,-0.352,0.678,0.371,0.584,0.594,0.48,-0.073,0.235,0.417,0.075,-0.017,0.07,0.55,0.049,0.399,0.171,0.061,-0.251,0.301,0.664,0.431,0.585,0.221,0.613,0.072,0.367,0.328,0.638,0.394,0.48,0.427,0.504,0.245,-0.416,0.499,0.239,0.39,0.207,0.33,0.318,0.497,0.639,0.386,0.574,-0.267
ALGN,-0.014,0.87,0.381,0.283,0.537,0.613,0.0,0.487,0.506,0.34,0.425,-0.141,-0.078,-0.367,0.318,0.129,0.011,0.302,-0.173,0.1,0.212,0.142,0.208,0.557,0.07,0.276,0.218,-0.19,0.049,0.373,0.077,0.193,0.433,0.055,-0.2,0.024,-0.026,0.701,0.431,0.551,0.227,0.383,0.48,0.369,0.151,0.367,0.422,0.831,-0.117,-0.095,0.075,0.063,0.428,-0.587,0.243,0.601,0.427,0.114,0.206,-0.16,0.1,0.03,0.116,-0.024,0.096,0.39,0.405,0.801,-0.118,0.322,0.162,0.498,0.298,0.287,0.151,0.338,-0.197,0.085,-0.202,0.102,0.334,-0.063,0.34,-0.499,0.192,-0.013,-0.2,0.146,0.445,0.088,0.258,-0.045,0.509,0.147,0.262,0.442,0.332,0.225,-0.075,0.029,-0.087,-0.111,-0.17,-0.112,0.315,0.368,0.291,0.382,-0.106,0.2,-0.144,0.372,-0.022,0.688,0.461,0.311,0.115,0.516,-0.264,-0.025,0.472,-0.165,0.656,0.335,-0.1,0.506,0.235,0.113,0.36,0.029,0.368,0.315,0.201,0.358,0.006,0.281,-0.047,0.396,0.33,0.195,0.158,0.061,0.352,0.529,0.38,0.512,0.371,0.128,0.051,-0.111,0.532,0.297,0.837,0.314,0.148,-0.402,0.343,0.153,0.505,0.486,0.105,-0.104,0.473,0.323,-0.08,-0.249,-0.222,0.337,-0.069,0.633,-0.282,-0.163,-0.23,-0.127,0.883,0.065,0.442,0.009,0.287,0.441,0.27,0.016,0.473,0.124,0.248,0.31,0.324,0.569,-0.115,0.533,-0.068,0.075,0.108,-0.099,0.039,0.223,0.777,0.33,0.254,0.207
ALLK,0.273,0.574,0.831,-0.093,0.673,0.535,0.487,0.0,0.582,0.712,0.866,-0.011,0.143,-0.84,-0.165,0.774,-0.641,0.676,0.288,0.784,0.683,0.153,0.734,0.857,0.681,0.826,-0.217,0.011,0.641,0.713,0.705,0.689,0.861,0.719,0.479,0.472,0.512,0.518,0.822,0.918,0.741,0.249,0.837,0.763,0.581,-0.393,-0.414,0.369,0.602,-0.666,0.727,0.692,0.863,-0.556,-0.403,0.806,0.192,0.763,0.696,0.312,0.573,0.26,-0.367,0.637,0.65,-0.3,0.504,0.639,-0.294,-0.35,0.524,0.91,0.588,0.578,0.159,0.661,0.221,0.706,-0.67,0.457,0.733,-0.382,0.724,-0.454,0.664,-0.553,0.12,0.772,0.637,0.786,0.695,0.183,0.624,0.79,0.284,0.507,0.853,0.746,-0.683,0.042,0.454,0.144,-0.703,0.104,-0.3,0.765,0.844,0.877,0.228,0.764,0.03,0.823,0.653,0.262,0.735,0.814,0.682,0.874,0.294,-0.149,0.901,-0.573,0.451,-0.299,-0.627,0.457,0.797,0.509,0.785,0.318,0.316,0.849,0.709,0.876,0.632,0.629,0.498,0.278,0.869,0.677,0.035,0.609,0.605,0.245,0.721,0.825,0.814,0.753,-0.57,0.335,0.789,0.844,0.257,0.733,0.74,-0.729,0.659,0.687,0.825,0.685,0.643,0.297,0.262,0.591,0.517,0.327,-0.126,0.816,0.33,0.215,0.076,0.436,-0.527,0.567,0.694,0.694,0.867,0.651,0.795,-0.28,0.854,0.681,0.619,0.772,0.797,0.82,0.603,-0.046,-0.772,0.843,0.625,0.526,0.693,0.571,0.699,0.769,0.725,0.668,0.595,-0.42
AMD,0.602,0.374,0.728,0.091,0.807,0.327,0.506,0.582,0.0,0.678,0.599,0.376,0.279,-0.551,-0.165,0.602,-0.356,0.71,0.206,0.498,0.29,0.651,0.67,0.668,0.531,0.672,0.285,0.277,0.688,0.78,0.639,0.783,0.695,0.469,0.475,0.494,0.349,0.278,0.667,0.608,0.605,0.55,0.581,0.745,0.367,0.086,-0.256,0.544,0.53,-0.097,0.583,0.502,0.74,-0.109,0.165,0.704,0.698,0.523,0.451,0.575,0.46,0.162,0.369,0.415,0.477,-0.304,0.205,0.686,-0.139,-0.372,0.749,0.673,0.777,0.27,0.482,0.523,0.54,0.385,-0.198,0.599,0.651,-0.001,0.663,-0.098,0.479,-0.237,0.282,0.624,0.446,0.549,0.649,0.618,0.651,0.523,0.598,0.443,0.721,0.582,-0.269,0.423,0.643,0.153,-0.344,0.504,-0.016,0.802,0.691,0.699,0.464,0.655,0.518,0.772,0.497,0.643,0.483,0.716,0.672,0.427,0.534,0.51,0.61,0.037,0.509,-0.138,0.031,0.65,0.578,0.662,0.748,0.653,0.737,0.658,0.724,0.64,0.47,0.833,0.489,0.329,0.625,0.667,0.55,0.675,0.458,0.286,0.736,0.696,0.762,0.427,-0.419,0.591,0.729,0.646,0.202,0.834,0.613,-0.213,0.382,0.722,0.749,0.488,0.607,0.568,0.42,0.872,0.069,0.528,0.19,0.712,0.338,0.593,0.189,0.597,-0.026,0.432,0.635,0.549,0.646,0.134,0.542,0.069,0.572,0.585,0.489,0.59,0.645,0.672,0.787,0.397,-0.307,0.67,0.48,0.552,0.417,0.426,0.545,0.567,0.542,0.613,0.264,0.188
AMWD,0.415,0.422,0.79,-0.389,0.759,0.411,0.34,0.712,0.678,0.0,0.774,0.149,0.377,-0.81,-0.212,0.813,-0.656,0.855,0.363,0.822,0.603,0.378,0.758,0.798,0.778,0.904,-0.069,0.105,0.796,0.821,0.836,0.83,0.853,0.866,0.665,0.57,0.598,0.155,0.664,0.808,0.72,0.296,0.879,0.806,0.291,-0.421,-0.5,0.37,0.729,-0.447,0.823,0.735,0.874,-0.342,-0.309,0.82,0.411,0.734,0.755,0.694,0.707,0.568,-0.155,0.718,0.773,-0.446,0.101,0.506,-0.349,-0.547,0.683,0.833,0.767,0.679,0.206,0.618,0.511,0.754,-0.658,0.671,0.847,-0.345,0.793,-0.241,0.531,-0.573,0.316,0.878,0.33,0.773,0.743,0.544,0.585,0.773,0.504,0.715,0.902,0.598,-0.651,0.367,0.735,0.052,-0.701,0.372,-0.221,0.826,0.873,0.877,0.408,0.821,0.452,0.833,0.714,0.178,0.579,0.898,0.793,0.637,0.498,0.051,0.833,-0.471,0.551,-0.43,-0.398,0.598,0.783,0.785,0.843,0.52,0.476,0.849,0.904,0.856,0.738,0.725,0.429,0.605,0.856,0.752,0.299,0.717,0.475,0.306,0.731,0.751,0.855,0.796,-0.681,0.407,0.664,0.919,0.036,0.845,0.825,-0.539,0.449,0.891,0.835,0.504,0.732,0.627,0.051,0.794,0.554,0.623,0.076,0.861,0.524,0.18,0.318,0.719,-0.255,0.752,0.496,0.751,0.829,0.616,0.81,-0.218,0.839,0.718,0.518,0.891,0.758,0.898,0.78,0.145,-0.68,0.732,0.678,0.797,0.732,0.721,0.8,0.79,0.481,0.651,0.431,-0.334
ARDX,0.458,0.455,0.913,-0.111,0.785,0.621,0.425,0.866,0.599,0.774,0.0,0.156,0.269,-0.875,-0.181,0.894,-0.737,0.815,0.43,0.874,0.718,0.275,0.826,0.868,0.786,0.896,-0.183,0.134,0.712,0.843,0.836,0.814,0.874,0.789,0.641,0.61,0.641,0.476,0.929,0.895,0.872,0.369,0.89,0.833,0.664,-0.491,-0.546,0.259,0.761,-0.622,0.833,0.81,0.911,-0.438,-0.406,0.832,0.282,0.863,0.786,0.469,0.676,0.293,-0.303,0.745,0.77,-0.417,0.51,0.617,-0.349,-0.522,0.654,0.909,0.641,0.484,0.224,0.632,0.41,0.786,-0.595,0.636,0.863,-0.237,0.83,-0.315,0.782,-0.601,0.37,0.873,0.696,0.877,0.733,0.276,0.562,0.89,0.384,0.458,0.914,0.817,-0.681,0.152,0.593,0.284,-0.651,0.243,-0.336,0.85,0.919,0.912,0.347,0.854,0.116,0.892,0.769,0.23,0.847,0.899,0.815,0.851,0.423,-0.029,0.895,-0.522,0.386,-0.462,-0.566,0.525,0.891,0.633,0.888,0.449,0.353,0.937,0.81,0.884,0.757,0.753,0.647,0.211,0.911,0.799,0.108,0.761,0.691,0.321,0.829,0.915,0.894,0.866,-0.702,0.432,0.84,0.899,0.118,0.816,0.843,-0.676,0.758,0.805,0.881,0.691,0.805,0.412,0.32,0.692,0.487,0.489,-0.01,0.901,0.48,0.228,0.225,0.56,-0.404,0.706,0.638,0.82,0.945,0.673,0.875,-0.365,0.879,0.819,0.643,0.852,0.896,0.891,0.722,-0.069,-0.824,0.849,0.792,0.635,0.75,0.688,0.786,0.84,0.736,0.767,0.623,-0.461
ARQT,0.704,-0.357,0.343,-0.025,0.356,0.092,-0.141,-0.011,0.376,0.149,0.156,0.0,0.673,-0.04,-0.56,0.305,-0.352,0.504,0.402,0.171,0.219,0.712,0.532,-0.088,0.463,0.204,0.656,0.864,0.298,0.485,0.412,0.496,0.035,0.25,0.505,0.698,0.53,-0.032,0.325,-0.075,0.457,0.491,-0.042,0.374,0.449,-0.102,-0.387,-0.236,0.462,0.384,0.413,0.447,0.19,0.598,-0.102,0.235,0.543,0.32,0.382,0.536,0.426,0.196,0.57,0.441,0.418,-0.551,-0.182,-0.163,0.126,-0.579,0.692,0.049,0.323,-0.389,0.559,0.17,0.648,0.306,0.463,0.642,0.321,0.457,0.41,0.629,0.348,-0.017,0.346,0.308,0.16,0.253,0.451,0.66,-0.167,0.308,0.475,-0.125,0.194,0.357,0.142,0.7,0.565,0.722,0.311,0.829,-0.483,0.294,0.238,0.106,0.689,0.461,0.446,0.335,0.466,0.037,0.12,0.233,0.53,-0.149,0.562,0.805,-0.033,0.453,-0.31,-0.341,0.437,0.511,0.336,0.463,0.402,0.812,0.447,0.22,0.355,0.036,0.487,0.544,0.563,-0.344,0.224,0.474,0.611,0.58,0.485,0.005,0.482,0.163,0.22,0.215,-0.544,0.749,0.138,0.117,-0.43,0.332,0.447,0.369,0.363,0.425,0.259,0.216,0.562,0.364,0.197,0.517,-0.115,0.557,0.707,0.319,0.098,0.187,0.705,0.527,0.505,0.451,-0.051,0.492,0.192,-0.247,0.287,-0.27,0.06,0.401,0.354,0.256,0.384,0.155,0.503,-0.017,-0.07,0.145,0.416,0.36,-0.051,0.475,0.369,0.369,-0.007,0.147,0.434,-0.045
ASTE,0.495,-0.111,0.421,-0.451,0.431,0.304,-0.078,0.143,0.279,0.377,0.269,0.673,0.0,-0.3,-0.621,0.43,-0.647,0.651,0.442,0.33,0.526,0.569,0.615,0.025,0.679,0.38,0.436,0.683,0.204,0.544,0.533,0.53,0.129,0.535,0.536,0.861,0.824,0.101,0.305,0.125,0.618,0.386,0.198,0.498,0.353,-0.394,-0.457,-0.242,0.503,0.231,0.563,0.673,0.355,0.26,-0.368,0.493,0.422,0.411,0.685,0.564,0.774,0.71,0.217,0.694,0.732,-0.591,-0.368,-0.204,-0.119,-0.69,0.674,0.178,0.357,-0.11,0.496,0.269,0.589,0.628,0.155,0.783,0.531,0.219,0.653,0.552,0.496,-0.178,0.223,0.487,0.047,0.402,0.529,0.678,-0.301,0.493,0.638,0.177,0.331,0.353,-0.175,0.787,0.639,0.616,0.138,0.797,-0.565,0.335,0.367,0.278,0.806,0.575,0.424,0.43,0.616,-0.285,0.175,0.356,0.637,0.032,0.436,0.526,0.176,0.137,-0.141,-0.541,0.255,0.642,0.504,0.586,0.56,0.755,0.178,0.351,0.512,0.157,0.711,0.51,0.443,-0.188,0.456,0.598,0.575,0.627,0.591,0.147,0.633,0.237,0.289,0.464,-0.694,0.515,0.094,0.322,-0.414,0.319,0.587,0.048,0.487,0.514,0.371,0.314,0.683,0.341,-0.129,0.581,0.258,0.538,0.825,0.495,0.139,0.018,0.872,0.515,0.287,0.692,0.034,0.626,0.358,0.012,0.575,-0.285,0.216,0.482,0.398,0.471,0.495,0.303,0.567,-0.106,-0.309,0.189,0.464,0.627,0.004,0.736,0.523,0.546,0.09,0.144,0.664,-0.376
AUPH,-0.342,-0.492,-0.859,0.216,-0.725,-0.475,-0.367,-0.84,-0.551,-0.81,-0.875,-0.04,-0.3,0.0,0.264,-0.879,0.772,-0.808,-0.44,-0.863,-0.683,-0.184,-0.764,-0.847,-0.772,-0.879,0.313,0.036,-0.689,-0.756,-0.822,-0.772,-0.865,-0.825,-0.662,-0.556,-0.625,-0.389,-0.802,-0.905,-0.812,-0.273,-0.917,-0.782,-0.617,0.588,0.565,-0.261,-0.74,0.697,-0.824,-0.793,-0.906,0.611,0.431,-0.849,-0.162,-0.825,-0.772,-0.49,-0.679,-0.402,0.425,-0.742,-0.774,0.414,-0.424,-0.529,0.457,0.546,-0.581,-0.878,-0.605,-0.618,-0.186,-0.604,-0.401,-0.795,0.673,-0.585,-0.837,0.382,-0.797,0.373,-0.726,0.677,-0.299,-0.879,-0.604,-0.869,-0.643,-0.287,-0.556,-0.855,-0.417,-0.592,-0.918,-0.799,0.799,-0.157,-0.578,-0.075,0.741,-0.189,0.32,-0.824,-0.915,-0.915,-0.29,-0.815,-0.115,-0.852,-0.741,-0.077,-0.741,-0.885,-0.778,-0.83,-0.331,0.132,-0.906,0.614,-0.438,0.543,0.624,-0.427,-0.841,-0.596,-0.873,-0.363,-0.288,-0.92,-0.794,-0.852,-0.742,-0.676,-0.559,-0.313,-0.923,-0.791,-0.101,-0.74,-0.592,-0.193,-0.761,-0.867,-0.856,-0.872,0.697,-0.319,-0.804,-0.897,-0.062,-0.774,-0.808,0.805,-0.601,-0.781,-0.845,-0.631,-0.734,-0.437,-0.232,-0.654,-0.617,-0.518,0.021,-0.881,-0.434,-0.049,-0.159,-0.531,0.462,-0.715,-0.62,-0.763,-0.91,-0.731,-0.866,0.334,-0.877,-0.785,-0.511,-0.863,-0.863,-0.89,-0.655,0.097,0.83,-0.795,-0.761,-0.687,-0.775,-0.686,-0.796,-0.796,-0.67,-0.664,-0.564,0.5
AVXL,-0.365,0.299,-0.407,0.322,-0.111,0.015,0.318,-0.165,-0.165,-0.212,-0.181,-0.56,-0.621,0.264,0.0,-0.452,0.628,-0.428,-0.465,-0.392,-0.395,-0.247,-0.569,0.028,-0.578,-0.379,-0.178,-0.578,-0.315,-0.367,-0.496,-0.478,-0.094,-0.448,-0.496,-0.649,-0.626,-0.032,-0.23,-0.09,-0.507,-0.241,-0.095,-0.42,-0.46,0.487,0.597,0.392,-0.511,0.063,-0.549,-0.556,-0.327,-0.263,0.462,-0.257,-0.149,-0.52,-0.499,-0.406,-0.447,-0.265,0.023,-0.615,-0.529,0.798,0.159,0.253,0.181,0.697,-0.552,-0.128,-0.313,0.13,-0.467,-0.319,-0.46,-0.517,-0.034,-0.458,-0.293,-0.053,-0.409,-0.404,-0.364,0.434,-0.146,-0.435,-0.161,-0.447,-0.373,-0.435,0.194,-0.46,-0.237,0.152,-0.319,-0.433,0.352,-0.39,-0.486,-0.59,0.058,-0.562,0.73,-0.287,-0.377,-0.299,-0.475,-0.538,-0.208,-0.406,-0.599,0.391,-0.119,-0.355,-0.54,-0.102,-0.476,-0.299,-0.183,-0.016,0.515,0.619,0.024,-0.155,-0.489,-0.481,-0.426,-0.579,-0.054,-0.352,-0.4,-0.21,-0.597,-0.402,-0.583,0.343,-0.39,-0.431,-0.233,-0.558,-0.444,0.408,-0.416,-0.134,-0.276,-0.422,0.676,-0.597,-0.129,-0.265,0.455,-0.272,-0.536,-0.052,-0.255,-0.429,-0.239,-0.327,-0.549,-0.32,0.158,-0.349,-0.203,-0.491,-0.484,-0.413,0.052,0.15,-0.645,-0.546,0.004,-0.582,0.091,-0.574,-0.326,-0.142,-0.405,0.603,-0.292,-0.517,-0.367,-0.44,-0.487,-0.318,-0.341,0.396,0.414,-0.22,-0.483,-0.324,-0.154,-0.621,-0.557,-0.541,0.125,0.168,-0.484,0.488
AZTA,0.573,0.202,0.927,-0.255,0.725,0.404,0.129,0.774,0.602,0.813,0.894,0.305,0.43,-0.879,-0.452,0.0,-0.874,0.88,0.56,0.957,0.72,0.335,0.912,0.754,0.915,0.954,-0.19,0.281,0.842,0.863,0.975,0.924,0.834,0.909,0.849,0.747,0.775,0.253,0.835,0.806,0.926,0.376,0.837,0.856,0.692,-0.685,-0.792,0.033,0.938,-0.608,0.964,0.926,0.916,-0.247,-0.5,0.777,0.235,0.955,0.847,0.694,0.776,0.393,-0.283,0.892,0.882,-0.7,0.329,0.382,-0.404,-0.798,0.76,0.835,0.74,0.456,0.311,0.615,0.633,0.884,-0.574,0.747,0.874,-0.237,0.868,-0.14,0.807,-0.736,0.461,0.973,0.6,0.975,0.75,0.445,0.476,0.963,0.41,0.41,0.952,0.859,-0.783,0.285,0.786,0.356,-0.692,0.41,-0.52,0.89,0.971,0.926,0.507,0.941,0.306,0.927,0.914,0.012,0.743,0.949,0.936,0.72,0.624,0.082,0.849,-0.465,0.21,-0.7,-0.523,0.454,0.943,0.745,0.928,0.613,0.376,0.961,0.911,0.869,0.901,0.826,0.805,0.153,0.937,0.888,0.203,0.915,0.632,0.086,0.851,0.838,0.921,0.944,-0.855,0.623,0.779,0.924,-0.204,0.874,0.942,-0.559,0.665,0.93,0.835,0.617,0.914,0.572,0.183,0.759,0.614,0.741,0.175,0.948,0.55,0.052,0.416,0.779,-0.315,0.894,0.417,0.931,0.918,0.725,0.906,-0.538,0.912,0.947,0.544,0.957,0.96,0.938,0.761,-0.236,-0.877,0.787,0.928,0.739,0.808,0.866,0.936,0.902,0.51,0.663,0.6,-0.545
BAND,-0.432,-0.117,-0.798,0.489,-0.533,-0.371,0.011,-0.641,-0.356,-0.656,-0.737,-0.352,-0.647,0.772,0.628,-0.874,0.0,-0.798,-0.612,-0.849,-0.819,-0.282,-0.884,-0.491,-0.933,-0.825,0.141,-0.396,-0.569,-0.731,-0.876,-0.782,-0.577,-0.901,-0.783,-0.839,-0.917,-0.241,-0.679,-0.639,-0.891,-0.253,-0.656,-0.755,-0.664,0.797,0.821,0.201,-0.843,0.497,-0.914,-0.947,-0.759,0.141,0.721,-0.692,-0.118,-0.868,-0.921,-0.594,-0.846,-0.522,0.369,-0.955,-0.929,0.77,-0.084,-0.088,0.412,0.847,-0.7,-0.649,-0.538,-0.333,-0.329,-0.572,-0.549,-0.95,0.46,-0.753,-0.786,0.229,-0.831,-0.045,-0.759,0.709,-0.307,-0.874,-0.426,-0.875,-0.709,-0.404,-0.118,-0.92,-0.422,-0.276,-0.781,-0.758,0.733,-0.364,-0.719,-0.499,0.528,-0.484,0.76,-0.664,-0.818,-0.769,-0.533,-0.882,-0.18,-0.784,-0.907,0.334,-0.582,-0.774,-0.886,-0.595,-0.5,-0.033,-0.692,0.442,0.046,0.761,0.449,-0.447,-0.892,-0.671,-0.831,-0.598,-0.139,-0.815,-0.78,-0.674,-0.94,-0.65,-0.723,0.099,-0.848,-0.786,-0.188,-0.831,-0.714,-0.048,-0.786,-0.644,-0.705,-0.912,0.932,-0.563,-0.532,-0.773,0.342,-0.648,-0.909,0.494,-0.7,-0.785,-0.707,-0.587,-0.868,-0.434,0.067,-0.601,-0.654,-0.642,-0.353,-0.844,-0.376,0.138,-0.622,-0.698,0.271,-0.92,-0.232,-0.914,-0.795,-0.63,-0.904,0.676,-0.765,-0.846,-0.559,-0.874,-0.877,-0.761,-0.64,0.465,0.878,-0.622,-0.848,-0.709,-0.571,-0.932,-0.882,-0.897,-0.38,-0.42,-0.774,0.778
BECN,0.691,0.295,0.888,-0.298,0.875,0.503,0.302,0.676,0.71,0.855,0.815,0.504,0.651,-0.808,-0.428,0.88,-0.798,0.0,0.527,0.798,0.684,0.582,0.908,0.688,0.897,0.875,0.151,0.424,0.731,0.935,0.914,0.921,0.776,0.848,0.805,0.856,0.816,0.277,0.809,0.733,0.914,0.498,0.78,0.879,0.597,-0.484,-0.617,0.211,0.852,-0.288,0.898,0.888,0.861,-0.15,-0.35,0.881,0.523,0.81,0.866,0.766,0.84,0.566,0.02,0.848,0.9,-0.577,0.129,0.409,-0.299,-0.735,0.878,0.777,0.754,0.392,0.419,0.568,0.721,0.833,-0.347,0.878,0.916,-0.022,0.933,0.025,0.784,-0.504,0.491,0.913,0.515,0.833,0.839,0.654,0.414,0.864,0.67,0.555,0.878,0.774,-0.563,0.606,0.838,0.419,-0.454,0.632,-0.4,0.868,0.883,0.831,0.675,0.919,0.445,0.895,0.838,0.141,0.678,0.872,0.938,0.573,0.583,0.352,0.739,-0.251,0.329,-0.562,-0.207,0.746,0.871,0.788,0.961,0.777,0.537,0.88,0.906,0.733,0.889,0.883,0.692,0.231,0.887,0.933,0.49,0.913,0.711,0.338,0.929,0.81,0.851,0.84,-0.823,0.653,0.728,0.84,-0.132,0.855,0.91,-0.438,0.674,0.926,0.882,0.573,0.921,0.586,0.261,0.885,0.484,0.746,0.427,0.919,0.527,0.245,0.548,0.754,-0.015,0.855,0.507,0.889,0.863,0.466,0.89,-0.287,0.759,0.835,0.595,0.878,0.903,0.838,0.873,0.038,-0.681,0.753,0.832,0.823,0.608,0.845,0.849,0.85,0.582,0.669,0.685,-0.383
BFC,0.492,-0.101,0.479,-0.091,0.306,0.053,-0.173,0.288,0.206,0.363,0.43,0.402,0.442,-0.44,-0.465,0.56,-0.612,0.527,0.0,0.519,0.429,0.239,0.552,0.208,0.598,0.463,-0.022,0.4,0.405,0.439,0.577,0.49,0.319,0.513,0.56,0.563,0.597,0.021,0.407,0.306,0.576,0.138,0.321,0.451,0.466,-0.551,-0.589,-0.237,0.606,-0.25,0.586,0.593,0.404,0.048,-0.414,0.365,0.04,0.573,0.548,0.445,0.503,0.254,-0.159,0.611,0.556,-0.548,0.038,-0.078,-0.185,-0.608,0.511,0.322,0.254,0.102,0.353,0.242,0.486,0.562,-0.136,0.478,0.44,0.012,0.471,0.202,0.537,-0.42,0.379,0.547,0.328,0.54,0.406,0.392,0.03,0.562,0.248,0.098,0.446,0.561,-0.39,0.285,0.516,0.395,-0.252,0.441,-0.478,0.437,0.491,0.41,0.421,0.573,0.13,0.465,0.626,-0.241,0.257,0.462,0.584,0.253,0.444,0.148,0.317,-0.16,-0.125,-0.535,-0.213,0.219,0.535,0.421,0.497,0.459,0.129,0.475,0.48,0.365,0.602,0.454,0.554,-0.113,0.49,0.524,0.17,0.588,0.536,-0.055,0.453,0.352,0.42,0.548,-0.615,0.449,0.306,0.427,-0.397,0.397,0.575,-0.211,0.42,0.507,0.38,0.294,0.57,0.429,0.024,0.395,0.374,0.527,0.299,0.483,0.269,-0.096,0.506,0.501,0.0,0.603,0.036,0.603,0.456,0.342,0.496,-0.463,0.454,0.581,0.289,0.535,0.533,0.453,0.447,-0.277,-0.489,0.307,0.597,0.405,0.403,0.592,0.568,0.545,0.145,0.273,0.453,-0.439
BGC,0.422,0.209,0.894,-0.347,0.632,0.395,0.1,0.784,0.498,0.822,0.874,0.171,0.33,-0.863,-0.392,0.957,-0.849,0.798,0.519,0.0,0.793,0.167,0.865,0.762,0.9,0.943,-0.286,0.227,0.803,0.809,0.932,0.845,0.834,0.925,0.786,0.639,0.745,0.258,0.77,0.817,0.856,0.31,0.856,0.774,0.618,-0.719,-0.76,0.006,0.881,-0.722,0.938,0.891,0.892,-0.301,-0.624,0.732,0.169,0.942,0.853,0.587,0.734,0.371,-0.443,0.885,0.856,-0.689,0.317,0.369,-0.37,-0.723,0.656,0.85,0.705,0.531,0.147,0.649,0.466,0.902,-0.714,0.637,0.838,-0.389,0.812,-0.262,0.727,-0.821,0.35,0.952,0.568,0.959,0.714,0.314,0.476,0.948,0.312,0.401,0.938,0.798,-0.872,0.137,0.678,0.316,-0.779,0.267,-0.545,0.802,0.954,0.923,0.342,0.917,0.168,0.895,0.878,-0.066,0.723,0.938,0.874,0.784,0.51,-0.103,0.886,-0.633,0.208,-0.687,-0.667,0.391,0.945,0.716,0.859,0.49,0.285,0.943,0.871,0.901,0.872,0.719,0.716,0.222,0.927,0.771,0.036,0.798,0.57,0.043,0.75,0.795,0.896,0.96,-0.834,0.535,0.737,0.927,-0.168,0.806,0.921,-0.577,0.614,0.879,0.797,0.645,0.831,0.494,0.102,0.634,0.692,0.629,0.016,0.913,0.464,-0.001,0.377,0.723,-0.452,0.859,0.388,0.895,0.906,0.836,0.892,-0.577,0.917,0.884,0.585,0.955,0.899,0.937,0.705,-0.272,-0.934,0.77,0.878,0.69,0.856,0.843,0.926,0.906,0.479,0.595,0.579,-0.645
BHF,0.223,0.241,0.769,-0.413,0.498,0.622,0.212,0.683,0.29,0.603,0.718,0.219,0.526,-0.683,-0.395,0.72,-0.819,0.684,0.429,0.793,0.0,0.113,0.791,0.552,0.842,0.722,-0.042,0.387,0.404,0.724,0.71,0.609,0.58,0.807,0.516,0.689,0.844,0.527,0.657,0.657,0.785,0.369,0.683,0.62,0.58,-0.627,-0.515,-0.067,0.61,-0.485,0.772,0.833,0.724,-0.255,-0.779,0.719,0.239,0.744,0.922,0.273,0.806,0.489,-0.414,0.852,0.842,-0.557,0.179,0.259,-0.195,-0.559,0.548,0.7,0.484,0.309,0.138,0.61,0.169,0.906,-0.532,0.607,0.751,-0.308,0.779,-0.157,0.681,-0.679,0.018,0.742,0.488,0.737,0.681,0.186,0.104,0.82,0.377,0.269,0.702,0.647,-0.726,0.186,0.426,0.557,-0.466,0.288,-0.65,0.544,0.737,0.71,0.31,0.804,-0.076,0.739,0.778,-0.204,0.617,0.711,0.742,0.738,0.219,-0.1,0.748,-0.598,0.099,-0.587,-0.533,0.583,0.871,0.596,0.729,0.455,0.069,0.734,0.662,0.686,0.815,0.525,0.541,0.008,0.808,0.584,0.021,0.597,0.709,0.201,0.712,0.627,0.668,0.844,-0.791,0.404,0.505,0.711,-0.054,0.505,0.812,-0.421,0.761,0.632,0.687,0.737,0.729,0.155,0.017,0.46,0.606,0.283,0.177,0.773,0.088,0.045,0.56,0.439,-0.398,0.729,0.418,0.804,0.776,0.635,0.887,-0.489,0.656,0.635,0.789,0.762,0.734,0.682,0.616,-0.246,-0.838,0.596,0.628,0.609,0.504,0.784,0.749,0.868,0.512,0.366,0.83,-0.755
BHFAL,0.725,-0.02,0.367,-0.024,0.591,0.224,0.142,0.153,0.651,0.378,0.275,0.712,0.569,-0.184,-0.247,0.335,-0.282,0.582,0.239,0.167,0.113,0.0,0.498,0.18,0.41,0.322,0.566,0.532,0.426,0.584,0.445,0.576,0.229,0.312,0.461,0.614,0.402,-0.053,0.428,0.125,0.462,0.433,0.173,0.537,0.192,0.119,-0.28,0.127,0.432,0.418,0.41,0.41,0.345,0.385,0.197,0.415,0.701,0.231,0.331,0.664,0.473,0.312,0.689,0.351,0.397,-0.309,-0.188,0.205,0.05,-0.456,0.699,0.224,0.466,-0.152,0.565,0.184,0.709,0.247,0.315,0.729,0.484,0.367,0.492,0.481,0.295,0.167,0.398,0.374,0.0,0.249,0.579,0.756,0.094,0.306,0.689,0.204,0.329,0.317,0.164,0.746,0.683,0.357,0.175,0.814,-0.105,0.435,0.32,0.266,0.728,0.428,0.744,0.396,0.417,0.347,0.172,0.344,0.537,-0.07,0.669,0.826,0.107,0.469,0.139,-0.15,0.494,0.64,0.312,0.569,0.517,0.769,0.571,0.287,0.52,0.184,0.404,0.628,0.343,0.02,0.287,0.554,0.8,0.592,0.405,0.314,0.603,0.343,0.36,0.203,-0.379,0.561,0.251,0.294,-0.19,0.555,0.436,0.138,0.352,0.51,0.442,0.102,0.552,0.53,0.135,0.763,-0.147,0.591,0.627,0.401,0.356,0.333,0.504,0.531,0.453,0.418,0.155,0.432,0.262,-0.236,0.361,0.01,0.156,0.41,0.259,0.336,0.408,0.275,0.619,0.259,0.006,0.252,0.371,0.528,-0.021,0.424,0.307,0.331,0.169,0.466,0.271,0.201
BKNG,0.636,0.18,0.935,-0.278,0.746,0.467,0.208,0.734,0.67,0.758,0.826,0.532,0.615,-0.764,-0.569,0.912,-0.884,0.908,0.552,0.865,0.791,0.498,0.0,0.635,0.952,0.898,0.113,0.55,0.732,0.917,0.931,0.933,0.722,0.864,0.791,0.877,0.864,0.353,0.824,0.714,0.95,0.515,0.722,0.889,0.722,-0.537,-0.712,0.053,0.868,-0.387,0.956,0.943,0.88,-0.072,-0.523,0.819,0.436,0.915,0.911,0.663,0.826,0.417,-0.075,0.922,0.91,-0.746,0.198,0.347,-0.312,-0.79,0.883,0.771,0.758,0.277,0.477,0.698,0.622,0.892,-0.385,0.839,0.871,-0.11,0.92,0.015,0.775,-0.645,0.34,0.914,0.569,0.891,0.842,0.56,0.348,0.933,0.523,0.312,0.883,0.845,-0.636,0.464,0.799,0.578,-0.488,0.606,-0.656,0.832,0.91,0.86,0.617,0.984,0.315,0.936,0.92,0.046,0.687,0.891,0.967,0.636,0.615,0.285,0.771,-0.292,0.095,-0.623,-0.318,0.654,0.949,0.807,0.944,0.788,0.456,0.893,0.889,0.779,0.93,0.868,0.814,0.023,0.911,0.873,0.355,0.914,0.783,0.133,0.917,0.781,0.858,0.877,-0.92,0.757,0.717,0.84,-0.156,0.838,0.976,-0.385,0.753,0.902,0.85,0.721,0.943,0.514,0.186,0.812,0.473,0.693,0.346,0.941,0.377,0.196,0.603,0.779,-0.2,0.878,0.451,0.962,0.882,0.52,0.915,-0.533,0.809,0.889,0.742,0.899,0.949,0.854,0.845,-0.169,-0.805,0.796,0.851,0.716,0.607,0.897,0.918,0.956,0.514,0.561,0.753,-0.531
BL,0.292,0.595,0.815,-0.053,0.758,0.572,0.557,0.857,0.668,0.798,0.868,-0.088,0.025,-0.847,0.028,0.754,-0.491,0.688,0.208,0.762,0.552,0.18,0.635,0.0,0.585,0.823,-0.274,-0.157,0.714,0.748,0.699,0.702,0.951,0.671,0.465,0.346,0.362,0.458,0.797,0.908,0.66,0.316,0.905,0.728,0.44,-0.273,-0.32,0.527,0.581,-0.615,0.663,0.584,0.887,-0.606,-0.194,0.785,0.333,0.685,0.582,0.367,0.486,0.25,-0.287,0.508,0.562,-0.188,0.545,0.811,-0.36,-0.287,0.515,0.946,0.647,0.676,0.105,0.597,0.239,0.584,-0.732,0.415,0.756,-0.408,0.68,-0.506,0.586,-0.549,0.218,0.763,0.605,0.739,0.601,0.214,0.758,0.693,0.336,0.629,0.876,0.697,-0.668,0.013,0.449,-0.059,-0.736,0.062,-0.019,0.826,0.846,0.879,0.139,0.69,0.15,0.816,0.571,0.402,0.707,0.854,0.646,0.838,0.292,-0.103,0.913,-0.61,0.653,-0.286,-0.572,0.453,0.734,0.577,0.774,0.247,0.4,0.858,0.748,0.902,0.519,0.664,0.422,0.471,0.825,0.651,0.104,0.58,0.459,0.331,0.685,0.9,0.875,0.701,-0.455,0.269,0.839,0.878,0.313,0.793,0.666,-0.673,0.521,0.712,0.864,0.595,0.579,0.426,0.367,0.649,0.421,0.359,-0.204,0.809,0.389,0.32,-0.076,0.436,-0.491,0.489,0.754,0.608,0.858,0.618,0.728,-0.083,0.81,0.644,0.506,0.757,0.723,0.848,0.663,0.193,-0.669,0.796,0.582,0.593,0.714,0.457,0.64,0.675,0.747,0.737,0.38,-0.221
BOKF,0.57,0.118,0.876,-0.438,0.677,0.427,0.07,0.681,0.531,0.778,0.786,0.463,0.679,-0.772,-0.578,0.915,-0.933,0.897,0.598,0.9,0.842,0.41,0.952,0.585,0.0,0.89,0.006,0.517,0.702,0.864,0.946,0.889,0.68,0.935,0.836,0.876,0.94,0.245,0.737,0.676,0.932,0.405,0.72,0.841,0.647,-0.683,-0.782,-0.09,0.895,-0.435,0.972,0.98,0.834,-0.082,-0.628,0.775,0.339,0.903,0.959,0.689,0.889,0.541,-0.206,0.986,0.969,-0.795,0.085,0.209,-0.328,-0.849,0.827,0.727,0.712,0.337,0.371,0.655,0.621,0.967,-0.449,0.845,0.86,-0.177,0.914,0.054,0.759,-0.699,0.351,0.942,0.471,0.905,0.803,0.532,0.24,0.95,0.52,0.345,0.859,0.787,-0.717,0.458,0.809,0.545,-0.528,0.582,-0.684,0.761,0.888,0.825,0.621,0.964,0.315,0.881,0.952,-0.15,0.625,0.869,0.958,0.604,0.592,0.18,0.748,-0.382,0.073,-0.748,-0.377,0.596,0.951,0.807,0.91,0.732,0.323,0.874,0.893,0.753,0.986,0.794,0.762,0.059,0.902,0.845,0.303,0.895,0.733,0.09,0.865,0.722,0.809,0.928,-0.942,0.674,0.621,0.844,-0.299,0.776,0.974,-0.416,0.715,0.896,0.792,0.642,0.934,0.532,0.044,0.753,0.609,0.718,0.373,0.92,0.407,0.041,0.687,0.789,-0.205,0.951,0.318,0.967,0.852,0.614,0.936,-0.582,0.794,0.891,0.648,0.933,0.919,0.846,0.8,-0.279,-0.846,0.695,0.876,0.782,0.637,0.97,0.936,0.946,0.43,0.528,0.77,-0.649
BRKR,0.492,0.356,0.924,-0.328,0.757,0.435,0.276,0.826,0.672,0.904,0.896,0.204,0.38,-0.879,-0.379,0.954,-0.825,0.875,0.463,0.943,0.722,0.322,0.898,0.823,0.89,0.0,-0.178,0.201,0.839,0.873,0.94,0.915,0.884,0.92,0.768,0.683,0.718,0.272,0.796,0.874,0.869,0.332,0.884,0.89,0.566,-0.572,-0.685,0.219,0.86,-0.599,0.94,0.873,0.952,-0.325,-0.465,0.829,0.308,0.913,0.844,0.667,0.743,0.423,-0.282,0.846,0.856,-0.624,0.277,0.492,-0.434,-0.694,0.758,0.894,0.786,0.604,0.289,0.716,0.544,0.866,-0.68,0.703,0.876,-0.333,0.868,-0.252,0.702,-0.724,0.342,0.967,0.541,0.933,0.773,0.451,0.577,0.929,0.434,0.533,0.977,0.804,-0.785,0.266,0.766,0.245,-0.761,0.376,-0.447,0.898,0.975,0.966,0.432,0.934,0.321,0.943,0.859,0.096,0.713,0.969,0.906,0.751,0.557,0.022,0.908,-0.522,0.337,-0.581,-0.53,0.508,0.926,0.792,0.928,0.569,0.436,0.966,0.934,0.924,0.855,0.808,0.683,0.316,0.95,0.839,0.225,0.841,0.615,0.157,0.834,0.852,0.934,0.914,-0.813,0.566,0.789,0.967,-0.037,0.896,0.936,-0.594,0.604,0.934,0.894,0.65,0.85,0.593,0.132,0.784,0.606,0.671,0.086,0.958,0.514,0.136,0.355,0.768,-0.376,0.839,0.505,0.89,0.941,0.708,0.905,-0.454,0.939,0.881,0.608,0.969,0.923,0.969,0.794,-0.116,-0.858,0.843,0.839,0.752,0.788,0.825,0.916,0.918,0.562,0.658,0.584,-0.502
CACC,0.351,-0.073,-0.0,0.206,0.205,0.138,0.218,-0.217,0.285,-0.069,-0.183,0.656,0.436,0.313,-0.178,-0.19,0.141,0.151,-0.022,-0.286,-0.042,0.566,0.113,-0.274,0.006,-0.178,0.0,0.636,-0.125,0.202,-0.08,0.076,-0.205,-0.2,-0.109,0.301,0.123,0.15,-0.013,-0.262,0.045,0.529,-0.254,0.061,-0.007,0.434,0.297,0.153,-0.133,0.705,-0.082,-0.032,-0.105,0.484,0.289,0.117,0.636,-0.164,0.039,0.096,0.109,0.13,0.787,-0.034,0.02,-0.002,-0.295,0.003,0.349,0.007,0.327,-0.192,0.183,-0.485,0.443,-0.05,0.187,-0.11,0.641,0.301,0.012,0.582,0.132,0.465,-0.027,0.375,-0.039,-0.155,-0.011,-0.24,0.161,0.431,-0.208,-0.153,0.358,-0.103,-0.17,-0.093,0.473,0.588,0.102,0.5,0.615,0.536,0.006,-0.021,-0.154,-0.214,0.403,0.045,0.272,0.012,-0.047,0.36,-0.08,-0.12,0.052,-0.304,0.11,0.709,-0.256,0.623,-0.071,0.2,0.692,0.548,-0.058,0.145,0.051,0.515,0.383,-0.179,-0.005,-0.239,0.014,0.239,0.051,-0.092,-0.131,0.062,0.581,0.081,0.222,0.225,0.194,-0.115,-0.09,-0.239,-0.019,0.328,-0.091,-0.235,0.084,-0.011,-0.006,0.553,0.111,0.014,0.002,0.118,0.127,-0.024,0.189,0.268,-0.366,0.006,0.535,-0.039,-0.218,0.52,0.427,0.039,0.575,-0.066,0.128,0.015,-0.114,-0.576,-0.061,0.287,-0.3,-0.111,0.286,-0.181,-0.052,-0.18,0.268,0.45,0.374,-0.064,-0.171,-0.009,-0.389,-0.004,-0.095,-0.009,0.002,-0.107,0.186,0.36
CAR,0.605,-0.407,0.35,-0.12,0.246,0.127,-0.19,0.011,0.277,0.105,0.134,0.864,0.683,0.036,-0.578,0.281,-0.396,0.424,0.4,0.227,0.387,0.532,0.55,-0.157,0.517,0.201,0.636,0.0,0.194,0.461,0.395,0.435,-0.024,0.263,0.428,0.691,0.612,0.072,0.259,-0.098,0.46,0.542,-0.075,0.318,0.407,-0.15,-0.379,-0.333,0.414,0.304,0.416,0.478,0.159,0.638,-0.285,0.214,0.499,0.351,0.468,0.408,0.462,0.187,0.441,0.512,0.455,-0.624,-0.232,-0.217,0.203,-0.563,0.63,0.015,0.35,-0.46,0.474,0.208,0.487,0.392,0.383,0.595,0.296,0.408,0.433,0.566,0.362,-0.121,0.207,0.296,0.188,0.258,0.447,0.505,-0.257,0.344,0.35,-0.266,0.165,0.324,0.035,0.596,0.47,0.87,0.302,0.73,-0.6,0.199,0.224,0.103,0.616,0.48,0.286,0.343,0.479,-0.069,0.133,0.217,0.505,-0.097,0.462,0.674,-0.013,0.37,-0.426,-0.356,0.339,0.511,0.398,0.446,0.359,0.804,0.339,0.187,0.324,0.04,0.531,0.488,0.568,-0.407,0.224,0.376,0.452,0.499,0.494,-0.061,0.454,0.087,0.207,0.254,-0.552,0.755,0.095,0.087,-0.411,0.254,0.464,0.419,0.414,0.384,0.197,0.306,0.547,0.201,0.106,0.41,-0.01,0.43,0.645,0.317,-0.013,0.236,0.812,0.493,0.393,0.465,-0.086,0.51,0.197,-0.14,0.309,-0.334,0.056,0.369,0.479,0.257,0.371,0.149,0.486,-0.113,-0.168,0.158,0.38,0.263,-0.046,0.529,0.391,0.427,-0.033,0.019,0.506,-0.206
CDNA,0.598,0.065,0.752,-0.104,0.644,0.165,0.049,0.641,0.688,0.796,0.712,0.298,0.204,-0.689,-0.315,0.842,-0.569,0.731,0.405,0.803,0.404,0.426,0.732,0.714,0.702,0.839,-0.125,0.194,0.0,0.755,0.852,0.865,0.798,0.744,0.765,0.517,0.478,-0.006,0.676,0.657,0.683,0.31,0.708,0.76,0.435,-0.406,-0.666,0.15,0.837,-0.455,0.807,0.679,0.805,-0.107,-0.199,0.582,0.314,0.775,0.565,0.738,0.548,0.241,-0.055,0.649,0.635,-0.61,0.277,0.431,-0.304,-0.647,0.714,0.727,0.772,0.451,0.305,0.54,0.646,0.613,-0.506,0.626,0.7,-0.254,0.652,-0.113,0.519,-0.572,0.45,0.838,0.395,0.801,0.627,0.539,0.601,0.739,0.334,0.386,0.85,0.696,-0.577,0.227,0.778,0.144,-0.646,0.408,-0.283,0.83,0.843,0.8,0.437,0.775,0.552,0.792,0.757,0.212,0.522,0.862,0.781,0.516,0.764,0.196,0.708,-0.289,0.287,-0.517,-0.361,0.322,0.725,0.757,0.761,0.556,0.515,0.809,0.866,0.826,0.675,0.781,0.643,0.368,0.741,0.728,0.265,0.79,0.342,-0.038,0.657,0.702,0.846,0.702,-0.647,0.604,0.675,0.84,-0.171,0.895,0.777,-0.377,0.372,0.869,0.707,0.419,0.746,0.734,0.141,0.772,0.395,0.767,0.045,0.782,0.567,0.116,0.264,0.817,-0.23,0.717,0.296,0.753,0.73,0.565,0.662,-0.415,0.799,0.827,0.376,0.837,0.759,0.855,0.716,-0.024,-0.617,0.656,0.77,0.665,0.761,0.663,0.791,0.709,0.287,0.671,0.243,-0.208
CG,0.669,0.29,0.933,-0.197,0.882,0.609,0.373,0.713,0.78,0.821,0.843,0.485,0.544,-0.756,-0.367,0.863,-0.731,0.935,0.439,0.809,0.724,0.584,0.917,0.748,0.864,0.873,0.202,0.461,0.755,0.0,0.893,0.921,0.809,0.802,0.717,0.801,0.752,0.402,0.855,0.743,0.899,0.638,0.788,0.862,0.601,-0.363,-0.542,0.249,0.795,-0.283,0.868,0.852,0.896,-0.118,-0.324,0.873,0.644,0.805,0.837,0.67,0.786,0.451,0.067,0.801,0.84,-0.569,0.217,0.555,-0.226,-0.661,0.87,0.827,0.835,0.31,0.42,0.619,0.606,0.785,-0.377,0.836,0.924,-0.056,0.929,-0.057,0.753,-0.512,0.389,0.879,0.571,0.822,0.853,0.579,0.458,0.844,0.626,0.46,0.887,0.778,-0.56,0.508,0.76,0.482,-0.434,0.582,-0.375,0.87,0.893,0.848,0.587,0.919,0.414,0.936,0.815,0.286,0.745,0.9,0.916,0.642,0.588,0.368,0.785,-0.262,0.336,-0.497,-0.22,0.787,0.902,0.813,0.952,0.783,0.567,0.883,0.909,0.793,0.832,0.913,0.702,0.204,0.873,0.868,0.453,0.867,0.686,0.353,0.941,0.849,0.911,0.802,-0.778,0.682,0.777,0.843,-0.027,0.874,0.892,-0.345,0.701,0.905,0.903,0.678,0.903,0.509,0.318,0.884,0.386,0.642,0.326,0.932,0.427,0.383,0.496,0.705,-0.115,0.778,0.591,0.872,0.886,0.453,0.881,-0.259,0.746,0.817,0.709,0.853,0.893,0.849,0.913,0.102,-0.678,0.778,0.772,0.758,0.591,0.782,0.824,0.863,0.616,0.67,0.646,-0.311
CGBD,0.639,0.128,0.912,-0.331,0.746,0.364,0.077,0.705,0.639,0.836,0.836,0.412,0.533,-0.822,-0.496,0.975,-0.876,0.914,0.577,0.932,0.71,0.445,0.931,0.699,0.946,0.94,-0.08,0.395,0.852,0.893,0.0,0.956,0.797,0.919,0.891,0.808,0.82,0.179,0.792,0.73,0.927,0.424,0.782,0.87,0.644,-0.646,-0.806,0.006,0.956,-0.484,0.976,0.938,0.89,-0.111,-0.471,0.768,0.344,0.93,0.864,0.777,0.815,0.462,-0.172,0.916,0.91,-0.759,0.205,0.332,-0.391,-0.85,0.843,0.785,0.779,0.415,0.38,0.6,0.717,0.889,-0.5,0.817,0.874,-0.192,0.889,-0.011,0.781,-0.703,0.483,0.981,0.519,0.948,0.779,0.565,0.424,0.942,0.487,0.41,0.93,0.838,-0.726,0.415,0.865,0.408,-0.626,0.54,-0.537,0.87,0.947,0.889,0.596,0.954,0.429,0.921,0.938,-0.005,0.661,0.939,0.97,0.618,0.692,0.206,0.789,-0.369,0.189,-0.726,-0.394,0.526,0.936,0.819,0.936,0.716,0.43,0.931,0.954,0.83,0.933,0.865,0.809,0.152,0.908,0.901,0.341,0.946,0.632,0.09,0.872,0.808,0.91,0.918,-0.881,0.7,0.731,0.904,-0.292,0.892,0.957,-0.441,0.644,0.963,0.833,0.586,0.94,0.654,0.146,0.822,0.59,0.813,0.305,0.945,0.549,0.097,0.53,0.853,-0.213,0.931,0.355,0.951,0.886,0.644,0.899,-0.527,0.864,0.946,0.533,0.963,0.944,0.921,0.823,-0.211,-0.823,0.733,0.932,0.794,0.736,0.909,0.949,0.905,0.448,0.639,0.606,-0.502
