,ACET,ADAP,ADI,ADPT,ADTN,AGEN,ALGN,ALLK,AMD,AMWD,ARDX,ARQT,ASTE,AUPH,AVXL,AZTA,BAND,BECN,BFC,BGC,BHF,BHFAL,BKNG,BL,BOKF,BRKR,CACC,CAR,CDNA,CG,CGBD,CHI,CHTR,CHX,CLNE,CME,CNOB,CNXN,CPRX,CSGP,CSGS,CSIQ,CVCO,CVLT,CYRX,DDOG,DOOO,DSGX,DTIL,ECPG,EEFT,EFSC,ENTG,ESPR,ETSY,EXC,FAMI,FFIV,FITB,FIZZ,FMBH,FOX,FTNT,FULT,GABC,GEN,GH,GMAB,GNPX,GO,GOGL,GOOG,GPRO,GSHD,GSM,GWAV,HAIN,HBAN,HEPA,HURN,HWKN,IBIO,ICFI,IGMS,IMKTA,INCY,INO,IRDM,IRTC,IRWD,ITCI,JACK,JD,JJSF,KALA,KHC,KLAC,KRRO,KRYS,LANC,LBTYA,LIVN,LKCO,LNTH,LOGI,LPRO,LRCX,LSCC,LSTR,MAR,MARA,MCHP,MEOH,META,MGTX,MKSI,MMYT,MORN,MRUS,MTLS,MTSI,MVIS,MXL,NBIX,NFE,NMIH,NMRK,NNDM,NSIT,NTCT,NVAX,OCUL,ODP,OLED,ONB,OTEX,PACB,PATK,PAYX,PEP,PERI,PI,PLYA,PRDO,PRGS,PTGX,QCOM,QCRH,QDEL,QFIN,RGEN,RILY,RPAY,RPD,SABR,SEDG,SHEN,SIRI,SLNO,SNDL,SNEX,SONO,SPT,SSNC,STGW,STKL,STRL,STX,SWTX,SYNA,TFSL,TIGR,TNXP,TOWN,TRI,TRIP,TRMB,TRNS,TRS,TSCO,TSEM,TVTX,TXRH,VC,VCEL,VECO,VIAV,VICR,VIR,VRTX,VSTM,VTRS,WDFC,WSBC,WSC,WYNN,XENE,XNCR,XRAY,ZS
ACET,0.0,0.813,0.128,0.866,0.717,-0.726,0.607,0.196,-0.037,0.613,0.366,-0.436,0.176,0.753,0.696,0.632,0.923,0.431,-0.054,-0.578,0.782,-0.094,0.297,0.793,-0.343,0.584,0.763,-0.267,0.837,0.482,0.783,0.778,0.171,-0.123,0.211,-0.126,-0.548,-0.51,-0.589,0.758,-0.632,0.466,0.413,-0.642,0.811,0.852,0.465,0.888,0.056,0.744,0.032,-0.588,0.743,0.726,0.826,-0.136,-0.06,0.49,-0.464,0.352,-0.491,0.103,0.89,-0.533,-0.478,-0.327,0.847,0.899,0.734,0.752,-0.589,0.911,0.677,0.84,0.826,0.528,0.668,-0.547,0.705,-0.799,-0.264,0.536,-0.755,0.297,0.646,-0.674,0.086,-0.597,0.913,0.67,0.785,0.843,0.653,0.273,0.845,-0.054,0.442,0.714,0.783,0.776,0.707,-0.618,-0.165,-0.651,0.833,0.148,-0.027,0.912,0.463,0.008,0.811,0.388,0.427,0.839,0.359,0.26,-0.059,-0.018,-0.349,0.364,0.737,0.704,-0.042,0.832,0.668,0.576,0.082,0.416,-0.491,-0.444,0.688,0.799,0.493,0.433,-0.648,0.759,0.745,0.763,-0.483,-0.048,0.077,0.692,0.063,0.852,-0.344,0.873,0.638,-0.386,0.86,0.638,0.79,-0.245,0.689,0.15,0.125,0.795,-0.562,-0.502,0.735,0.063,0.612,0.239,0.891,0.683,0.372,0.843,-0.642,0.205,0.656,-0.19,0.608,0.384,0.216,-0.676,-0.8,-0.419,0.619,-0.168,-0.619,0.833,0.744,0.368,-0.076,0.802,0.786,0.53,-0.603,0.821,0.253,0.703,-0.57,0.014,0.21,-0.79,0.715,0.068,0.4,0.602,-0.263,0.863
ADAP,0.813,0.0,0.332,0.908,0.65,-0.497,0.626,0.623,0.403,0.596,0.661,-0.012,0.064,0.525,0.892,0.686,0.768,0.355,0.272,-0.619,0.769,0.125,0.53,0.859,-0.301,0.78,0.754,-0.085,0.735,0.705,0.605,0.856,0.2,-0.135,-0.026,0.198,-0.52,-0.276,-0.577,0.622,-0.652,0.504,0.449,-0.73,0.818,0.922,0.458,0.651,0.36,0.912,0.041,-0.637,0.855,0.682,0.697,0.246,0.262,0.334,-0.351,0.655,-0.533,0.382,0.91,-0.439,-0.339,-0.581,0.913,0.897,0.442,0.865,-0.333,0.709,0.826,0.571,0.935,0.785,0.749,-0.501,0.642,-0.667,0.014,0.706,-0.758,0.264,0.791,-0.386,0.551,-0.199,0.852,0.875,0.962,0.698,0.909,0.252,0.853,0.239,0.678,0.852,0.664,0.771,0.365,-0.305,-0.049,-0.479,0.949,0.34,0.331,0.832,0.757,0.183,0.841,0.52,0.499,0.742,0.506,0.319,-0.015,-0.343,-0.17,0.66,0.552,0.412,0.179,0.945,0.851,0.417,0.154,0.644,-0.578,-0.471,0.907,0.573,0.537,0.295,-0.528,0.627,0.858,0.811,-0.333,0.128,0.195,0.71,0.446,0.939,-0.274,0.921,0.531,-0.409,0.87,0.708,0.892,-0.018,0.849,0.068,0.007,0.882,-0.21,-0.638,0.685,0.084,0.551,0.15,0.923,0.432,0.475,0.911,-0.563,0.498,0.858,-0.324,0.503,0.749,0.111,-0.581,-0.656,-0.241,0.829,-0.325,-0.525,0.814,0.749,0.502,0.258,0.814,0.617,0.418,-0.598,0.797,0.675,0.805,-0.28,-0.194,0.559,-0.733,0.805,0.16,0.486,0.718,-0.196,0.81
ADI,0.128,0.332,0.0,0.374,0.466,0.306,0.66,0.515,0.463,0.652,0.592,0.555,0.651,0.058,0.467,0.693,-0.067,0.668,0.554,0.313,0.55,0.148,0.722,0.4,0.647,0.461,0.594,0.761,0.14,0.764,0.368,0.588,0.238,0.527,0.464,0.399,0.517,0.59,0.125,0.432,0.329,0.757,0.786,0.12,0.007,0.1,0.726,0.226,0.557,0.311,0.733,0.377,0.65,0.13,-0.084,0.688,0.228,0.487,0.622,0.64,0.431,0.753,0.164,0.547,0.614,0.215,0.177,0.082,-0.092,0.217,0.446,0.346,0.498,0.211,0.213,0.464,0.052,0.528,0.39,0.27,0.77,0.25,0.203,0.034,0.226,-0.008,0.406,0.458,0.045,0.396,0.349,0.258,0.28,0.419,0.261,0.714,0.654,0.337,-0.001,0.338,-0.288,0.45,0.53,0.374,0.278,0.313,0.682,0.348,0.758,0.778,0.11,0.892,0.701,0.368,0.577,0.888,0.764,-0.119,0.282,0.743,0.481,-0.108,0.854,0.29,0.582,0.62,0.764,0.535,0.426,0.465,0.176,0.115,0.602,0.66,0.476,0.354,0.482,0.586,0.615,0.093,0.704,0.675,0.472,0.337,0.689,0.064,0.619,0.507,0.085,0.091,0.18,0.549,0.38,0.174,0.642,0.52,0.526,0.207,0.364,0.078,0.583,0.552,0.282,0.448,0.634,0.117,0.42,0.88,0.239,0.5,0.298,0.592,-0.06,0.419,0.306,0.637,0.63,0.256,0.49,0.121,0.512,0.514,0.785,0.402,0.252,0.453,0.381,0.439,0.532,0.016,-0.153,0.491,0.712,0.264,0.649,0.862,0.554,0.359,0.712,0.095
ADPT,0.866,0.908,0.374,0.0,0.796,-0.51,0.739,0.527,0.316,0.71,0.636,-0.14,0.266,0.616,0.806,0.724,0.845,0.552,0.252,-0.513,0.867,0.048,0.537,0.931,-0.184,0.801,0.85,-0.041,0.856,0.726,0.764,0.9,0.363,-0.064,0.146,0.188,-0.427,-0.293,-0.472,0.783,-0.559,0.647,0.567,-0.612,0.796,0.868,0.527,0.818,0.325,0.792,0.196,-0.525,0.867,0.685,0.746,0.126,0.119,0.524,-0.269,0.687,-0.41,0.397,0.926,-0.396,-0.281,-0.396,0.896,0.905,0.574,0.862,-0.355,0.83,0.837,0.722,0.877,0.738,0.701,-0.415,0.675,-0.69,-0.004,0.716,-0.678,0.353,0.722,-0.45,0.363,-0.281,0.864,0.855,0.913,0.807,0.836,0.188,0.924,0.245,0.645,0.854,0.715,0.822,0.518,-0.377,-0.123,-0.476,0.921,0.317,0.222,0.876,0.763,0.256,0.809,0.558,0.583,0.833,0.534,0.384,0.124,-0.252,-0.184,0.647,0.71,0.547,0.207,0.954,0.83,0.614,0.221,0.631,-0.425,-0.31,0.818,0.755,0.644,0.504,-0.502,0.782,0.881,0.875,-0.224,0.109,0.252,0.816,0.317,0.927,-0.18,0.85,0.656,-0.314,0.854,0.622,0.883,-0.105,0.811,0.272,0.163,0.895,-0.299,-0.5,0.771,0.184,0.693,0.25,0.951,0.658,0.49,0.857,-0.507,0.483,0.781,-0.172,0.658,0.681,0.225,-0.534,-0.615,-0.196,0.86,-0.197,-0.466,0.899,0.766,0.571,0.281,0.877,0.758,0.551,-0.488,0.873,0.585,0.803,-0.444,0.031,0.523,-0.689,0.857,0.25,0.634,0.695,-0.072,0.877
ADTN,0.717,0.65,0.466,0.796,0.0,-0.354,0.669,0.278,0.099,0.713,0.502,-0.229,0.589,0.527,0.57,0.747,0.664,0.632,0.135,-0.256,0.829,-0.116,0.475,0.76,0.079,0.641,0.797,0.121,0.665,0.676,0.81,0.843,0.368,0.181,0.402,0.165,-0.087,-0.107,-0.221,0.71,-0.265,0.701,0.637,-0.242,0.55,0.571,0.569,0.846,0.335,0.597,0.4,-0.202,0.763,0.665,0.598,0.126,0.103,0.681,-0.0,0.489,-0.083,0.439,0.765,-0.138,-0.053,-0.115,0.684,0.696,0.558,0.669,-0.233,0.796,0.631,0.763,0.604,0.447,0.588,-0.096,0.543,-0.416,0.113,0.394,-0.385,0.406,0.592,-0.513,0.102,-0.218,0.7,0.519,0.654,0.763,0.551,0.299,0.774,0.242,0.585,0.708,0.639,0.672,0.439,-0.279,0.043,-0.202,0.646,0.246,0.256,0.808,0.622,0.38,0.699,0.628,0.646,0.701,0.525,0.56,0.375,-0.171,0.061,0.549,0.764,0.344,0.32,0.721,0.662,0.812,0.446,0.427,-0.103,0.005,0.454,0.678,0.552,0.737,-0.241,0.755,0.779,0.738,-0.008,0.085,0.352,0.859,0.085,0.732,0.065,0.601,0.736,-0.024,0.605,0.346,0.596,-0.005,0.527,0.476,0.351,0.683,-0.143,-0.199,0.604,0.09,0.798,0.438,0.771,0.794,0.475,0.625,-0.25,0.58,0.508,0.229,0.661,0.429,0.189,-0.275,-0.402,-0.009,0.804,0.128,-0.194,0.66,0.767,0.371,0.329,0.666,0.718,0.727,-0.164,0.716,0.332,0.469,-0.453,0.428,0.438,-0.41,0.772,0.446,0.474,0.676,0.166,0.69
AGEN,-0.726,-0.497,0.306,-0.51,-0.354,0.0,-0.307,0.138,0.388,-0.357,0.142,0.594,0.17,-0.37,-0.269,-0.184,-0.775,-0.103,0.147,0.537,-0.382,0.098,-0.096,-0.483,0.481,-0.38,-0.446,0.44,-0.567,0.0,-0.52,-0.291,-0.103,0.388,0.107,0.436,0.657,0.66,0.722,-0.469,0.683,-0.046,-0.068,0.656,-0.553,-0.633,-0.179,-0.597,0.283,-0.458,0.18,0.612,-0.348,-0.323,-0.594,0.462,0.315,-0.125,0.579,-0.001,0.496,0.163,-0.635,0.618,0.563,0.424,-0.535,-0.672,-0.47,-0.408,0.522,-0.586,-0.45,-0.618,-0.596,-0.361,-0.353,0.641,-0.455,0.794,0.53,-0.397,0.68,-0.058,-0.307,0.671,0.115,0.7,-0.657,-0.348,-0.454,-0.516,-0.416,-0.04,-0.53,0.36,-0.048,-0.442,-0.466,-0.343,-0.735,0.714,0.331,0.842,-0.568,-0.087,0.407,-0.58,-0.019,0.199,-0.637,0.085,-0.186,-0.626,0.228,0.194,0.285,-0.145,0.636,0.021,-0.426,-0.59,0.469,-0.53,-0.253,-0.293,0.275,-0.222,0.542,0.586,-0.484,-0.506,-0.177,-0.059,0.712,-0.428,-0.378,-0.45,0.638,0.266,0.248,-0.271,0.068,-0.582,0.508,-0.635,-0.187,0.451,-0.613,-0.501,-0.575,0.356,-0.522,0.166,0.086,-0.409,0.733,0.527,-0.494,-0.149,-0.393,-0.011,-0.64,-0.372,-0.221,-0.581,0.616,0.189,-0.451,0.468,-0.321,-0.13,-0.155,0.691,0.815,0.523,-0.259,0.224,0.676,-0.575,-0.274,0.218,0.46,-0.595,-0.382,-0.114,0.748,-0.575,-0.012,-0.441,0.49,0.276,0.14,0.738,-0.387,0.27,-0.092,-0.108,0.4,-0.58
ALGN,0.607,0.626,0.66,0.739,0.669,-0.307,0.0,0.322,0.15,0.928,0.467,0.144,0.514,0.272,0.599,0.704,0.474,0.849,0.571,0.032,0.787,-0.002,0.854,0.724,0.366,0.73,0.894,0.443,0.678,0.684,0.709,0.718,0.485,0.212,0.473,0.036,0.079,0.131,-0.302,0.796,-0.039,0.837,0.847,-0.35,0.41,0.496,0.767,0.666,0.271,0.488,0.681,0.016,0.8,0.208,0.273,0.235,-0.135,0.462,0.231,0.648,0.11,0.623,0.539,0.102,0.242,-0.173,0.475,0.505,0.267,0.452,0.118,0.735,0.815,0.616,0.603,0.727,0.152,0.067,0.722,-0.331,0.386,0.625,-0.185,-0.001,0.278,-0.397,0.238,-0.042,0.434,0.694,0.654,0.538,0.579,0.348,0.629,0.505,0.558,0.606,0.244,0.55,0.326,-0.119,0.09,-0.159,0.651,0.341,0.227,0.713,0.734,0.713,0.432,0.721,0.89,0.811,0.403,0.623,0.614,-0.026,-0.333,0.719,0.765,0.478,0.446,0.652,0.708,0.818,0.459,0.69,0.129,0.133,0.537,0.533,0.757,0.749,-0.026,0.742,0.73,0.91,0.281,-0.194,0.584,0.841,0.402,0.709,0.358,0.424,0.653,0.219,0.421,0.381,0.563,0.26,0.749,0.065,0.659,0.82,-0.038,-0.105,0.769,0.428,0.868,0.549,0.692,0.752,0.842,0.428,0.02,0.608,0.513,0.031,0.601,0.68,0.316,-0.033,-0.19,0.398,0.766,0.051,0.076,0.515,0.539,0.481,0.456,0.864,0.471,0.427,-0.105,0.852,0.591,0.373,-0.439,0.319,0.623,-0.225,0.887,0.583,0.786,0.326,0.48,0.446
ALLK,0.196,0.623,0.515,0.527,0.278,0.138,0.322,0.0,0.825,0.255,0.732,0.58,0.006,0.161,0.702,0.455,0.177,0.144,0.434,-0.329,0.42,0.42,0.468,0.562,-0.042,0.601,0.36,0.217,0.215,0.682,0.153,0.568,0.106,-0.069,-0.23,0.623,-0.164,0.205,-0.163,0.22,-0.3,0.312,0.29,-0.325,0.358,0.508,0.257,0.058,0.609,0.593,0.045,-0.33,0.581,0.365,0.205,0.613,0.54,0.092,0.012,0.726,-0.251,0.507,0.468,-0.033,0.043,-0.351,0.55,0.435,-0.078,0.582,0.146,0.204,0.533,-0.008,0.532,0.628,0.493,-0.102,0.288,-0.099,0.365,0.495,-0.338,0.311,0.59,0.258,0.793,0.444,0.358,0.681,0.645,0.277,0.677,0.077,0.435,0.462,0.648,0.542,0.261,0.379,-0.256,0.29,0.146,0.049,0.569,0.411,0.66,0.325,0.777,0.283,0.388,0.471,0.295,0.274,0.595,0.331,0.076,-0.479,0.317,0.681,0.121,-0.158,0.479,0.587,0.701,0.071,0.259,0.552,-0.307,-0.136,0.648,0.069,0.384,0.025,-0.037,0.204,0.576,0.45,0.054,0.333,0.263,0.396,0.65,0.538,0.02,0.468,0.248,-0.19,0.494,0.439,0.572,0.272,0.53,0.098,-0.09,0.53,0.344,-0.41,0.279,-0.027,0.169,-0.013,0.478,-0.034,0.314,0.549,-0.15,0.661,0.644,-0.134,0.101,0.779,-0.137,-0.128,-0.098,0.066,0.681,-0.26,-0.131,0.402,0.43,0.587,0.601,0.394,0.229,0.18,-0.184,0.357,0.779,0.538,0.154,-0.246,0.651,-0.233,0.505,0.282,0.342,0.5,0.057,0.408
AMD,-0.037,0.403,0.463,0.316,0.099,0.388,0.15,0.825,0.0,0.05,0.786,0.578,-0.096,0.037,0.46,0.299,-0.01,0.027,0.415,-0.145,0.227,0.409,0.293,0.326,-0.0,0.401,0.167,0.212,0.105,0.576,-0.085,0.416,0.083,0.05,-0.241,0.75,-0.053,0.243,0.14,0.058,-0.136,0.247,0.162,-0.108,0.219,0.263,0.024,-0.112,0.749,0.371,-0.015,-0.203,0.379,0.233,0.125,0.608,0.519,0.007,0.109,0.652,-0.174,0.468,0.244,0.039,0.11,-0.162,0.344,0.206,-0.077,0.48,0.188,-0.045,0.292,-0.273,0.271,0.436,0.36,-0.002,-0.04,0.052,0.34,0.316,-0.168,0.299,0.41,0.432,0.795,0.544,0.143,0.569,0.464,0.116,0.536,-0.086,0.264,0.425,0.644,0.389,0.207,0.339,-0.406,0.392,0.06,0.272,0.363,0.252,0.773,0.051,0.63,0.227,0.216,0.38,0.086,0.017,0.558,0.288,0.057,-0.639,0.42,0.544,-0.102,-0.198,0.53,0.388,0.493,-0.044,0.245,0.422,-0.205,0.004,0.43,-0.056,0.22,-0.035,0.082,0.006,0.381,0.229,0.233,0.485,0.242,0.239,0.5,0.276,0.049,0.257,0.135,-0.172,0.284,0.13,0.381,0.138,0.313,0.247,-0.221,0.344,0.456,-0.271,0.157,-0.124,-0.042,-0.163,0.233,-0.131,0.054,0.329,-0.059,0.55,0.516,-0.044,0.028,0.623,-0.072,-0.0,0.164,0.127,0.47,-0.248,0.027,0.274,0.289,0.592,0.638,0.147,0.11,0.091,0.016,0.159,0.704,0.474,0.37,-0.197,0.614,-0.059,0.277,0.235,0.342,0.488,0.061,0.267
AMWD,0.613,0.596,0.652,0.71,0.713,-0.357,0.928,0.255,0.05,0.0,0.386,0.082,0.619,0.238,0.544,0.713,0.446,0.879,0.549,0.104,0.834,-0.007,0.841,0.687,0.446,0.703,0.924,0.522,0.64,0.673,0.704,0.715,0.457,0.326,0.533,0.013,0.162,0.182,-0.272,0.794,0.009,0.828,0.92,-0.283,0.355,0.454,0.87,0.68,0.273,0.515,0.733,0.096,0.808,0.214,0.243,0.28,-0.128,0.552,0.312,0.625,0.222,0.651,0.518,0.201,0.33,-0.146,0.434,0.473,0.246,0.379,0.182,0.743,0.811,0.707,0.559,0.66,0.127,0.162,0.758,-0.258,0.446,0.584,-0.121,0.007,0.311,-0.459,0.143,-0.045,0.422,0.595,0.608,0.571,0.507,0.44,0.57,0.499,0.505,0.612,0.226,0.529,0.331,-0.047,0.247,-0.158,0.589,0.318,0.2,0.697,0.712,0.734,0.427,0.741,0.903,0.8,0.375,0.658,0.668,0.067,-0.327,0.699,0.768,0.412,0.429,0.588,0.66,0.852,0.576,0.64,0.186,0.186,0.456,0.517,0.776,0.739,0.064,0.705,0.694,0.926,0.274,-0.14,0.57,0.866,0.414,0.709,0.423,0.412,0.609,0.345,0.408,0.345,0.488,0.328,0.726,0.029,0.707,0.772,-0.015,-0.006,0.699,0.472,0.948,0.698,0.66,0.791,0.849,0.403,0.118,0.649,0.475,0.054,0.668,0.607,0.227,0.046,-0.179,0.382,0.759,0.151,0.142,0.498,0.552,0.38,0.482,0.866,0.473,0.532,-0.039,0.843,0.49,0.279,-0.517,0.375,0.62,-0.148,0.91,0.684,0.679,0.307,0.514,0.396
ARDX,0.366,0.661,0.592,0.636,0.502,0.142,0.467,0.732,0.786,0.386,0.0,0.321,0.223,0.345,0.688,0.642,0.332,0.359,0.39,-0.275,0.588,0.228,0.43,0.594,0.015,0.558,0.526,0.18,0.461,0.793,0.291,0.761,0.164,0.21,0.074,0.634,-0.068,0.112,0.011,0.387,-0.202,0.552,0.477,-0.208,0.499,0.491,0.31,0.356,0.746,0.595,0.174,-0.249,0.69,0.555,0.429,0.54,0.443,0.377,0.051,0.746,-0.172,0.562,0.554,-0.047,0.03,-0.154,0.617,0.495,0.251,0.703,-0.067,0.398,0.5,0.195,0.503,0.514,0.586,-0.081,0.234,-0.176,0.345,0.414,-0.334,0.421,0.625,0.063,0.633,0.234,0.483,0.708,0.691,0.495,0.664,0.197,0.608,0.424,0.792,0.671,0.515,0.686,-0.086,0.116,0.124,0.138,0.603,0.233,0.733,0.454,0.8,0.319,0.483,0.646,0.343,0.355,0.747,0.55,0.203,-0.577,0.365,0.711,0.31,0.073,0.62,0.66,0.678,0.351,0.366,0.48,-0.212,0.016,0.556,0.36,0.474,0.334,-0.07,0.398,0.712,0.545,0.149,0.418,0.354,0.624,0.373,0.565,0.054,0.517,0.527,-0.129,0.535,0.314,0.569,0.083,0.481,0.393,0.015,0.641,0.281,-0.294,0.427,-0.103,0.343,0.098,0.55,0.314,0.267,0.539,-0.197,0.664,0.592,0.133,0.368,0.646,0.103,-0.145,-0.094,0.067,0.702,-0.054,-0.06,0.542,0.617,0.729,0.633,0.423,0.503,0.467,-0.064,0.47,0.672,0.629,0.057,0.092,0.694,-0.271,0.574,0.378,0.485,0.77,0.113,0.542
ARQT,-0.436,-0.012,0.555,-0.14,-0.229,0.594,0.144,0.58,0.578,0.082,0.321,0.0,0.051,-0.429,0.156,0.16,-0.551,0.119,0.644,0.354,-0.038,0.323,0.489,-0.096,0.454,0.231,0.004,0.666,-0.332,0.36,-0.318,-0.015,-0.068,0.262,-0.046,0.524,0.42,0.743,0.17,-0.163,0.361,0.102,0.261,0.095,-0.243,-0.157,0.207,-0.498,0.465,0.064,0.271,0.342,0.128,-0.338,-0.504,0.731,0.244,-0.202,0.57,0.397,0.363,0.567,-0.273,0.582,0.619,-0.109,-0.176,-0.316,-0.651,-0.133,0.72,-0.322,0.194,-0.484,-0.059,0.277,-0.246,0.503,-0.045,0.574,0.725,0.189,0.367,-0.235,-0.003,0.449,0.63,0.738,-0.38,0.193,0.051,-0.319,0.132,0.174,-0.224,0.68,0.337,0.01,-0.457,-0.163,-0.734,0.742,0.425,0.535,-0.064,0.318,0.595,-0.243,0.404,0.564,-0.291,0.382,0.231,-0.22,0.225,0.354,0.375,-0.19,0.251,0.454,-0.258,-0.551,0.592,-0.078,0.192,-0.123,0.357,0.267,0.288,0.303,0.109,-0.423,0.254,-0.067,0.603,-0.27,0.05,0.064,0.544,0.234,0.351,0.019,0.679,-0.055,0.501,-0.251,-0.123,0.403,-0.261,-0.007,-0.09,0.719,0.159,-0.294,0.163,0.064,0.819,0.151,-0.176,0.055,-0.024,0.056,-0.2,-0.339,0.352,-0.187,0.527,0.524,0.107,0.045,-0.322,0.503,-0.234,0.569,0.553,0.621,0.213,0.002,0.535,-0.294,-0.097,0.243,0.67,-0.052,-0.312,-0.264,0.308,-0.094,0.573,-0.192,0.308,-0.103,0.597,0.464,0.143,0.427,0.201,-0.067,0.525,-0.394
ASTE,0.176,0.064,0.651,0.266,0.589,0.17,0.514,0.006,-0.096,0.619,0.223,0.051,0.0,0.203,0.105,0.51,0.008,0.773,0.216,0.451,0.543,-0.132,0.427,0.257,0.71,0.186,0.514,0.619,0.198,0.468,0.484,0.443,0.328,0.653,0.763,0.173,0.643,0.48,0.334,0.465,0.48,0.646,0.743,0.405,-0.072,-0.125,0.678,0.446,0.242,0.051,0.795,0.561,0.413,0.163,-0.036,0.357,-0.027,0.722,0.622,0.301,0.618,0.488,0.08,0.563,0.563,0.395,0.008,0.006,0.13,0.022,0.29,0.428,0.203,0.527,-0.034,0.007,-0.039,0.608,0.356,0.285,0.575,0.043,0.36,0.167,0.112,-0.218,-0.258,0.146,0.048,-0.015,0.059,0.343,-0.074,0.426,0.151,0.508,0.244,0.198,0.071,0.245,0.021,0.247,0.48,0.365,-0.007,0.042,0.215,0.315,0.421,0.633,0.006,0.673,0.634,0.277,0.395,0.716,0.727,0.208,0.221,0.427,0.57,-0.009,0.56,0.071,0.251,0.725,0.716,0.095,0.611,0.662,-0.17,0.295,0.525,0.765,0.481,0.494,0.283,0.426,0.539,0.082,0.595,0.632,0.008,0.164,0.665,-0.081,0.599,0.654,-0.018,-0.097,-0.074,0.35,0.032,0.392,0.764,0.255,0.275,0.543,0.176,0.266,0.665,0.726,0.14,0.703,0.459,-0.064,0.465,0.569,-0.146,0.652,0.521,0.071,0.089,0.461,0.271,0.512,0.403,0.589,0.524,0.094,0.384,0.288,0.522,0.268,0.425,0.697,0.538,0.297,0.043,-0.183,-0.355,0.861,0.351,0.35,0.464,0.762,0.301,0.24,0.669,0.021
AUPH,0.753,0.525,0.058,0.616,0.527,-0.37,0.272,0.161,0.037,0.238,0.345,-0.429,0.203,0.0,0.503,0.473,0.725,0.223,-0.41,-0.491,0.553,-0.036,-0.093,0.563,-0.375,0.236,0.424,-0.382,0.624,0.301,0.576,0.623,0.067,-0.11,0.292,0.001,-0.432,-0.409,-0.217,0.577,-0.512,0.263,0.146,-0.304,0.647,0.581,0.217,0.724,0.044,0.479,-0.119,-0.481,0.479,0.794,0.756,-0.126,0.095,0.493,-0.46,0.098,-0.454,-0.171,0.672,-0.487,-0.525,-0.009,0.671,0.682,0.765,0.591,-0.637,0.721,0.265,0.661,0.502,0.123,0.668,-0.446,0.477,-0.551,-0.312,0.198,-0.599,0.512,0.623,-0.399,-0.072,-0.507,0.766,0.379,0.493,0.699,0.363,0.162,0.609,-0.142,0.298,0.443,0.796,0.636,0.54,-0.518,-0.191,-0.358,0.525,-0.061,0.013,0.705,0.249,-0.226,0.586,0.258,0.111,0.535,0.481,0.211,-0.201,0.067,0.004,0.105,0.619,0.529,-0.032,0.577,0.511,0.357,0.02,0.07,-0.402,-0.305,0.389,0.66,0.241,0.363,-0.549,0.666,0.479,0.426,-0.445,0.136,0.017,0.451,-0.224,0.525,-0.342,0.653,0.667,-0.417,0.709,0.469,0.517,-0.346,0.235,0.442,0.005,0.475,-0.45,-0.296,0.437,-0.162,0.28,0.096,0.59,0.538,0.008,0.656,-0.606,0.074,0.326,0.058,0.45,0.072,0.152,-0.58,-0.603,-0.506,0.351,-0.041,-0.557,0.647,0.686,0.449,-0.153,0.42,0.802,0.586,-0.378,0.457,0.012,0.583,-0.386,0.171,-0.032,-0.605,0.378,-0.006,0.158,0.611,-0.355,0.752
AVXL,0.696,0.892,0.467,0.806,0.57,-0.269,0.599,0.702,0.46,0.544,0.688,0.156,0.105,0.503,0.0,0.707,0.582,0.342,0.249,-0.544,0.695,0.189,0.529,0.771,-0.185,0.643,0.662,0.02,0.58,0.732,0.506,0.819,0.08,-0.061,0.065,0.155,-0.381,-0.135,-0.492,0.511,-0.522,0.537,0.461,-0.643,0.669,0.844,0.487,0.525,0.329,0.825,0.1,-0.504,0.827,0.665,0.511,0.309,0.374,0.276,-0.269,0.629,-0.441,0.38,0.774,-0.309,-0.232,-0.438,0.823,0.758,0.326,0.728,-0.252,0.646,0.758,0.468,0.867,0.747,0.682,-0.372,0.699,-0.503,0.138,0.546,-0.623,0.206,0.716,-0.247,0.593,-0.115,0.713,0.811,0.856,0.612,0.772,0.319,0.75,0.261,0.63,0.668,0.535,0.649,0.213,-0.174,0.049,-0.344,0.862,0.336,0.39,0.8,0.767,0.199,0.624,0.571,0.487,0.695,0.682,0.427,0.06,-0.293,-0.005,0.697,0.535,0.319,0.292,0.831,0.871,0.37,0.185,0.678,-0.467,-0.398,0.823,0.468,0.529,0.316,-0.381,0.552,0.824,0.751,-0.246,0.021,0.302,0.661,0.518,0.826,-0.108,0.791,0.522,-0.29,0.759,0.694,0.769,0.154,0.768,0.017,0.121,0.844,-0.078,-0.583,0.659,-0.022,0.46,0.173,0.814,0.338,0.477,0.836,-0.44,0.563,0.774,-0.189,0.387,0.739,0.024,-0.445,-0.527,-0.119,0.775,-0.279,-0.408,0.632,0.775,0.633,0.333,0.71,0.517,0.39,-0.477,0.714,0.623,0.667,-0.223,-0.135,0.551,-0.588,0.748,0.234,0.449,0.643,-0.114,0.702
AZTA,0.632,0.686,0.693,0.724,0.747,-0.184,0.704,0.455,0.299,0.713,0.642,0.16,0.51,0.473,0.707,0.0,0.452,0.639,0.323,-0.197,0.796,0.052,0.596,0.641,0.14,0.694,0.832,0.337,0.512,0.854,0.656,0.837,0.017,0.43,0.412,0.339,-0.008,0.138,-0.317,0.69,-0.202,0.664,0.728,-0.349,0.591,0.597,0.755,0.633,0.485,0.755,0.383,-0.129,0.885,0.577,0.495,0.483,0.146,0.681,0.162,0.588,-0.002,0.675,0.661,0.075,0.116,-0.154,0.685,0.589,0.312,0.628,-0.073,0.665,0.736,0.587,0.623,0.516,0.536,0.074,0.586,-0.187,0.336,0.534,-0.336,0.151,0.661,-0.511,0.416,-0.082,0.608,0.609,0.703,0.752,0.588,0.595,0.708,0.518,0.817,0.689,0.527,0.751,0.12,-0.034,0.333,-0.095,0.654,0.33,0.556,0.745,0.738,0.511,0.592,0.867,0.618,0.577,0.568,0.819,0.407,-0.095,0.094,0.744,0.643,0.148,0.603,0.68,0.691,0.708,0.547,0.462,-0.091,-0.041,0.548,0.587,0.769,0.648,-0.054,0.547,0.817,0.786,0.044,0.253,0.356,0.856,0.386,0.728,0.175,0.587,0.731,0.105,0.583,0.483,0.605,0.348,0.651,0.174,0.388,0.791,0.2,-0.15,0.483,-0.09,0.72,0.375,0.684,0.606,0.575,0.6,-0.115,0.712,0.592,0.264,0.376,0.601,-0.027,-0.087,-0.264,0.089,0.785,0.117,-0.051,0.568,0.809,0.5,0.538,0.645,0.692,0.56,-0.178,0.692,0.452,0.38,-0.502,0.272,0.662,-0.306,0.838,0.618,0.51,0.702,0.282,0.545
BAND,0.923,0.768,-0.067,0.845,0.664,-0.775,0.474,0.177,-0.01,0.446,0.332,-0.551,0.008,0.725,0.582,0.452,0.0,0.25,-0.13,-0.694,0.65,-0.079,0.148,0.794,-0.525,0.549,0.627,-0.477,0.848,0.353,0.726,0.686,0.277,-0.338,-0.001,-0.109,-0.702,-0.678,-0.573,0.66,-0.76,0.341,0.21,-0.65,0.81,0.843,0.216,0.85,0.012,0.652,-0.14,-0.736,0.603,0.712,0.897,-0.311,-0.063,0.387,-0.63,0.329,-0.641,-0.042,0.914,-0.732,-0.65,-0.384,0.855,0.937,0.782,0.8,-0.69,0.811,0.583,0.747,0.79,0.49,0.731,-0.721,0.522,-0.92,-0.452,0.511,-0.842,0.407,0.622,-0.576,0.062,-0.626,0.931,0.646,0.747,0.781,0.682,0.011,0.855,-0.202,0.362,0.708,0.832,0.729,0.793,-0.728,-0.4,-0.724,0.821,0.122,-0.132,0.818,0.365,-0.164,0.858,0.165,0.273,0.773,0.251,0.016,-0.226,-0.15,-0.333,0.225,0.624,0.71,-0.21,0.849,0.583,0.446,-0.124,0.366,-0.633,-0.537,0.685,0.762,0.334,0.291,-0.812,0.726,0.671,0.632,-0.572,-0.008,-0.086,0.557,-0.077,0.8,-0.543,0.871,0.53,-0.599,0.865,0.583,0.825,-0.49,0.609,0.272,-0.107,0.675,-0.689,-0.622,0.702,0.07,0.482,0.036,0.889,0.59,0.19,0.841,-0.792,0.053,0.644,-0.307,0.596,0.331,0.29,-0.825,-0.866,-0.564,0.556,-0.255,-0.765,0.89,0.625,0.272,-0.212,0.721,0.736,0.438,-0.696,0.735,0.252,0.812,-0.455,-0.095,0.096,-0.889,0.578,-0.148,0.358,0.585,-0.431,0.928
BECN,0.431,0.355,0.668,0.552,0.632,-0.103,0.849,0.144,0.027,0.879,0.359,0.119,0.773,0.223,0.342,0.639,0.25,0.0,0.494,0.33,0.756,-0.049,0.74,0.516,0.612,0.559,0.802,0.601,0.549,0.584,0.62,0.583,0.436,0.506,0.731,0.12,0.389,0.357,0.02,0.765,0.272,0.794,0.885,-0.003,0.238,0.198,0.823,0.607,0.29,0.291,0.818,0.346,0.65,0.112,0.115,0.334,-0.202,0.642,0.51,0.519,0.443,0.648,0.313,0.411,0.479,0.086,0.228,0.25,0.182,0.216,0.282,0.617,0.601,0.62,0.292,0.41,-0.04,0.399,0.59,-0.008,0.527,0.482,0.148,0.031,0.184,-0.355,-0.016,0.043,0.25,0.405,0.407,0.483,0.28,0.421,0.416,0.608,0.405,0.454,0.13,0.447,0.222,0.072,0.285,0.098,0.344,0.186,0.195,0.519,0.601,0.785,0.193,0.76,0.847,0.578,0.376,0.701,0.727,0.177,-0.198,0.606,0.695,0.313,0.552,0.378,0.475,0.854,0.639,0.419,0.437,0.458,0.225,0.548,0.768,0.84,0.278,0.661,0.549,0.765,0.473,-0.012,0.575,0.795,0.308,0.481,0.582,0.17,0.6,0.512,0.225,0.183,0.264,0.385,0.471,0.201,0.817,0.607,0.138,0.316,0.485,0.507,0.867,0.68,0.419,0.81,0.736,0.161,0.314,0.583,0.232,0.272,0.613,0.421,0.273,0.277,0.102,0.515,0.611,0.36,0.357,0.361,0.44,0.455,0.546,0.674,0.502,0.558,0.226,0.664,0.339,0.107,-0.499,0.596,0.54,0.087,0.757,0.749,0.647,0.242,0.668,0.224
BFC,-0.054,0.272,0.554,0.252,0.135,0.147,0.571,0.434,0.415,0.549,0.39,0.644,0.216,-0.41,0.249,0.323,-0.13,0.494,0.0,0.321,0.319,0.171,0.79,0.272,0.499,0.568,0.453,0.672,0.193,0.517,0.09,0.24,0.382,0.265,0.069,0.374,0.315,0.524,-0.038,0.228,0.262,0.467,0.582,-0.156,0.015,0.098,0.448,-0.045,0.444,0.227,0.52,0.255,0.377,-0.299,-0.233,0.547,0.009,0.013,0.534,0.658,0.354,0.762,0.037,0.439,0.58,-0.282,0.037,0.01,-0.377,0.103,0.61,0.033,0.553,-0.039,0.224,0.6,-0.221,0.35,0.199,0.173,0.653,0.564,0.195,-0.251,-0.006,0.135,0.525,0.509,-0.116,0.483,0.355,-0.012,0.417,0.185,0.14,0.724,0.423,0.332,-0.272,0.126,-0.223,0.43,0.258,0.225,0.265,0.354,0.4,0.046,0.599,0.778,0.013,0.481,0.575,0.214,0.132,0.361,0.551,-0.218,-0.159,0.669,0.071,-0.09,0.521,0.251,0.354,0.259,0.412,0.529,0.259,0.277,0.348,-0.031,0.52,0.228,0.399,0.105,0.329,0.487,0.564,0.075,0.464,0.378,0.702,0.297,0.46,-0.0,0.033,0.395,-0.053,0.085,0.22,0.541,0.54,-0.262,0.355,0.418,0.487,0.072,0.249,0.491,0.449,0.266,0.184,0.129,0.65,0.006,0.414,0.56,0.335,-0.126,0.186,0.675,0.124,0.39,0.325,0.636,0.482,-0.0,0.446,0.103,0.018,0.283,0.679,0.447,-0.101,-0.088,0.162,0.364,0.729,0.083,0.017,-0.019,0.723,0.219,0.516,0.512,0.582,0.033,0.58,-0.115
BGC,-0.578,-0.619,0.313,-0.513,-0.256,0.537,0.032,-0.329,-0.145,0.104,-0.275,0.354,0.451,-0.491,-0.544,-0.197,-0.694,0.33,0.321,0.0,-0.185,0.013,0.179,-0.501,0.863,-0.315,-0.127,0.723,-0.364,-0.167,-0.268,-0.4,0.193,0.558,0.528,0.047,0.886,0.712,0.654,-0.138,0.893,0.103,0.296,0.682,-0.689,-0.758,0.22,-0.358,0.049,-0.579,0.617,0.939,-0.302,-0.647,-0.707,0.283,-0.241,0.022,0.865,-0.105,0.907,0.238,-0.723,0.867,0.863,0.549,-0.762,-0.758,-0.418,-0.706,0.741,-0.345,-0.295,-0.233,-0.665,-0.322,-0.809,0.874,-0.222,0.758,0.607,-0.274,0.916,-0.331,-0.585,0.317,-0.292,0.496,-0.737,-0.449,-0.57,-0.467,-0.572,0.119,-0.609,0.387,-0.276,-0.467,-0.656,-0.421,-0.366,0.633,0.383,0.666,-0.655,-0.082,0.01,-0.506,-0.152,0.532,-0.693,0.14,0.177,-0.34,-0.102,0.246,0.651,0.337,0.036,-0.049,-0.135,-0.246,0.352,-0.639,-0.365,0.117,0.514,-0.216,0.907,0.81,-0.642,-0.344,0.02,0.255,0.878,-0.24,-0.424,-0.183,0.799,-0.027,0.362,-0.11,0.045,-0.537,0.797,-0.768,-0.151,0.87,-0.735,-0.564,-0.701,0.463,-0.384,-0.075,0.585,-0.39,0.505,0.843,-0.312,0.333,0.098,0.408,-0.634,0.051,0.167,-0.784,0.922,0.097,-0.566,0.419,-0.0,-0.253,0.079,0.907,0.852,0.769,-0.304,0.471,0.917,-0.575,-0.405,-0.092,0.353,-0.278,-0.377,-0.044,0.832,-0.31,-0.148,-0.693,0.052,0.532,0.029,0.906,-0.169,0.514,0.058,-0.472,0.733,-0.723
BHF,0.782,0.769,0.55,0.867,0.829,-0.382,0.787,0.42,0.227,0.834,0.588,-0.038,0.543,0.553,0.695,0.796,0.65,0.756,0.319,-0.185,0.0,0.065,0.628,0.782,0.155,0.722,0.922,0.246,0.773,0.745,0.74,0.866,0.366,0.272,0.45,0.246,-0.091,-0.014,-0.284,0.838,-0.249,0.723,0.766,-0.373,0.643,0.672,0.746,0.803,0.399,0.726,0.454,-0.192,0.889,0.596,0.558,0.326,0.062,0.688,0.077,0.622,-0.054,0.547,0.765,-0.032,0.038,-0.207,0.705,0.721,0.473,0.677,-0.123,0.83,0.764,0.779,0.702,0.591,0.514,-0.063,0.7,-0.408,0.26,0.636,-0.393,0.296,0.669,-0.465,0.24,-0.164,0.722,0.693,0.782,0.795,0.656,0.42,0.753,0.409,0.619,0.784,0.582,0.754,0.421,-0.14,0.152,-0.255,0.747,0.261,0.294,0.828,0.763,0.486,0.659,0.739,0.721,0.75,0.586,0.611,0.355,-0.045,-0.147,0.681,0.763,0.442,0.415,0.775,0.776,0.769,0.522,0.518,-0.1,-0.005,0.628,0.7,0.728,0.671,-0.166,0.775,0.844,0.896,0.002,0.177,0.377,0.916,0.373,0.844,0.127,0.684,0.723,0.056,0.71,0.533,0.648,0.16,0.699,0.24,0.437,0.827,-0.091,-0.149,0.628,0.234,0.843,0.492,0.794,0.782,0.598,0.671,-0.186,0.607,0.619,0.044,0.719,0.569,0.201,-0.204,-0.361,0.025,0.849,0.113,-0.148,0.739,0.772,0.559,0.451,0.829,0.765,0.715,-0.2,0.831,0.5,0.544,-0.529,0.305,0.555,-0.392,0.908,0.532,0.566,0.622,0.213,0.66
BHFAL,-0.094,0.125,0.148,0.048,-0.116,0.098,-0.002,0.42,0.409,-0.007,0.228,0.323,-0.132,-0.036,0.189,0.052,-0.079,-0.049,0.171,0.013,0.065,0.0,0.109,0.088,0.021,0.112,0.02,0.105,-0.024,0.09,-0.14,0.065,0.016,-0.025,-0.094,0.273,-0.017,0.153,0.105,-0.018,-0.11,-0.041,0.041,-0.091,-0.047,0.101,-0.031,-0.138,0.431,0.119,-0.038,-0.075,0.112,0.092,-0.013,0.283,0.236,-0.175,0.07,0.258,-0.031,0.151,0.042,0.07,0.118,-0.093,0.086,0.021,-0.139,0.038,0.213,-0.057,0.08,-0.198,0.083,0.187,0.058,0.015,0.023,0.086,0.167,0.135,-0.025,0.294,0.187,0.412,0.327,0.329,0.037,0.22,0.139,0.089,0.174,-0.066,-0.023,0.107,0.161,0.136,0.081,-0.049,-0.193,0.298,0.016,0.172,0.097,0.198,0.301,-0.048,0.184,0.066,-0.038,0.02,0.013,0.012,0.276,0.021,-0.024,-0.124,0.225,0.164,-0.14,-0.133,0.184,0.084,0.191,-0.119,0.089,0.09,-0.125,-0.05,0.185,-0.106,0.009,-0.153,0.11,-0.124,0.152,0.063,0.035,0.235,0.039,-0.02,0.347,0.066,0.031,0.059,-0.131,-0.024,0.147,0.154,0.184,0.144,0.122,-0.014,-0.095,0.028,0.209,-0.128,-0.009,0.095,-0.011,-0.098,0.033,-0.171,0.056,0.144,0.03,0.192,0.322,-0.19,-0.015,0.239,-0.011,0.06,0.094,0.042,0.129,-0.111,0.026,0.074,-0.006,0.23,0.266,0.101,-0.101,0.004,-0.065,0.057,0.303,0.202,0.261,-0.27,0.179,0.037,0.076,0.117,-0.081,0.039,-0.059,0.09
BKNG,0.297,0.53,0.722,0.537,0.475,-0.096,0.854,0.468,0.293,0.841,0.43,0.489,0.427,-0.093,0.529,0.596,0.148,0.74,0.79,0.179,0.628,0.109,0.0,0.547,0.51,0.755,0.765,0.67,0.399,0.678,0.422,0.54,0.412,0.285,0.314,0.181,0.238,0.427,-0.271,0.562,0.106,0.727,0.802,-0.3,0.231,0.355,0.755,0.312,0.357,0.469,0.698,0.157,0.715,-0.048,-0.046,0.534,0.022,0.254,0.453,0.672,0.252,0.801,0.335,0.342,0.48,-0.319,0.293,0.281,-0.141,0.28,0.481,0.421,0.814,0.313,0.5,0.759,-0.015,0.271,0.583,-0.032,0.625,0.632,0.009,-0.23,0.221,-0.209,0.474,0.294,0.176,0.613,0.57,0.253,0.562,0.38,0.404,0.715,0.552,0.503,-0.081,0.328,-0.023,0.233,0.287,0.005,0.517,0.473,0.39,0.474,0.774,0.876,0.259,0.736,0.893,0.568,0.305,0.614,0.669,-0.077,-0.265,0.796,0.506,0.117,0.552,0.492,0.644,0.605,0.518,0.753,0.219,0.182,0.512,0.215,0.717,0.553,0.228,0.463,0.612,0.799,0.429,-0.12,0.604,0.699,0.714,0.597,0.525,0.254,0.379,0.374,0.219,0.308,0.399,0.588,0.734,-0.187,0.626,0.688,0.317,-0.02,0.52,0.465,0.758,0.49,0.492,0.443,0.906,0.266,0.282,0.734,0.49,-0.069,0.367,0.812,0.126,0.225,0.07,0.616,0.761,0.026,0.297,0.265,0.374,0.331,0.651,0.727,0.166,0.206,0.012,0.685,0.73,0.164,-0.245,0.152,0.782,0.017,0.828,0.675,0.71,0.157,0.614,0.151
BL,0.793,0.859,0.4,0.931,0.76,-0.483,0.724,0.562,0.326,0.687,0.594,-0.096,0.257,0.563,0.771,0.641,0.794,0.516,0.272,-0.501,0.782,0.088,0.547,0.0,-0.156,0.803,0.779,-0.033,0.782,0.678,0.762,0.876,0.453,-0.201,0.075,0.156,-0.387,-0.238,-0.443,0.744,-0.513,0.677,0.526,-0.536,0.675,0.789,0.474,0.77,0.348,0.693,0.232,-0.506,0.814,0.594,0.66,0.078,0.125,0.406,-0.264,0.691,-0.389,0.36,0.87,-0.394,-0.258,-0.361,0.828,0.853,0.504,0.816,-0.265,0.811,0.794,0.664,0.813,0.761,0.624,-0.411,0.665,-0.655,0.025,0.625,-0.628,0.414,0.6,-0.363,0.343,-0.15,0.782,0.821,0.864,0.709,0.807,0.094,0.834,0.22,0.621,0.815,0.633,0.692,0.46,-0.375,-0.145,-0.395,0.886,0.32,0.25,0.822,0.744,0.281,0.768,0.496,0.622,0.856,0.458,0.355,0.167,-0.284,-0.13,0.597,0.704,0.483,0.204,0.903,0.836,0.603,0.176,0.706,-0.375,-0.233,0.755,0.609,0.564,0.479,-0.475,0.796,0.801,0.839,-0.141,-0.007,0.335,0.746,0.282,0.868,-0.116,0.77,0.641,-0.329,0.782,0.579,0.875,-0.114,0.768,0.304,0.161,0.849,-0.29,-0.516,0.813,0.279,0.652,0.255,0.927,0.638,0.54,0.811,-0.469,0.545,0.734,-0.177,0.598,0.711,0.184,-0.528,-0.569,-0.113,0.849,-0.2,-0.433,0.824,0.677,0.498,0.259,0.86,0.63,0.511,-0.435,0.863,0.595,0.776,-0.294,0.032,0.521,-0.651,0.806,0.249,0.604,0.604,-0.005,0.837
BOKF,-0.343,-0.301,0.647,-0.184,0.079,0.481,0.366,-0.042,-0.0,0.446,0.015,0.454,0.71,-0.375,-0.185,0.14,-0.525,0.612,0.499,0.863,0.155,0.021,0.51,-0.156,0.0,-0.024,0.209,0.904,-0.193,0.215,-0.006,-0.019,0.323,0.661,0.611,0.133,0.925,0.803,0.511,0.127,0.833,0.468,0.623,0.572,-0.525,-0.518,0.541,-0.112,0.194,-0.307,0.882,0.896,0.076,-0.438,-0.613,0.471,-0.086,0.269,0.935,0.206,0.907,0.543,-0.443,0.915,0.943,0.444,-0.501,-0.507,-0.381,-0.455,0.781,-0.065,0.023,0.006,-0.381,-0.022,-0.598,0.903,0.103,0.658,0.818,-0.081,0.794,-0.23,-0.351,0.204,-0.137,0.535,-0.521,-0.197,-0.274,-0.217,-0.318,0.281,-0.328,0.596,-0.001,-0.199,-0.535,-0.215,-0.337,0.651,0.543,0.619,-0.356,0.065,0.214,-0.175,0.252,0.782,-0.48,0.489,0.541,-0.044,0.167,0.566,0.853,0.233,0.109,0.343,0.167,-0.223,0.597,-0.347,-0.001,0.42,0.695,0.117,0.901,0.85,-0.401,-0.205,0.315,0.502,0.88,0.057,-0.076,0.168,0.873,-0.086,0.61,0.272,0.245,-0.213,0.947,-0.544,0.134,0.934,-0.5,-0.377,-0.461,0.608,-0.108,0.008,0.81,-0.049,0.562,0.746,-0.05,0.383,0.409,0.642,-0.306,0.293,0.477,-0.531,0.898,0.484,-0.345,0.504,0.216,0.07,0.059,0.875,0.746,0.894,0.104,0.548,0.912,-0.386,-0.099,0.124,0.623,0.025,-0.176,0.235,0.798,0.008,0.095,-0.546,-0.046,0.67,0.329,0.801,0.207,0.78,0.269,-0.259,0.9,-0.509
BRKR,0.584,0.78,0.461,0.801,0.641,-0.38,0.73,0.601,0.401,0.703,0.558,0.231,0.186,0.236,0.643,0.694,0.549,0.559,0.568,-0.315,0.722,0.112,0.755,0.803,-0.024,0.0,0.809,0.22,0.626,0.722,0.59,0.715,0.284,-0.009,0.034,0.347,-0.272,0.04,-0.527,0.701,-0.375,0.577,0.569,-0.601,0.658,0.713,0.557,0.528,0.463,0.761,0.259,-0.365,0.817,0.318,0.459,0.37,0.048,0.308,0.009,0.706,-0.216,0.653,0.732,-0.139,-0.009,-0.562,0.715,0.692,0.166,0.707,0.058,0.574,0.915,0.423,0.766,0.808,0.439,-0.176,0.528,-0.398,0.218,0.828,-0.474,0.08,0.572,-0.41,0.591,0.048,0.603,0.827,0.866,0.553,0.87,0.268,0.732,0.527,0.763,0.83,0.389,0.619,0.174,-0.135,0.018,-0.281,0.814,0.449,0.429,0.655,0.757,0.554,0.701,0.61,0.675,0.645,0.273,0.435,0.278,-0.25,-0.232,0.701,0.503,0.202,0.361,0.822,0.733,0.535,0.296,0.687,-0.276,-0.215,0.806,0.496,0.71,0.413,-0.252,0.562,0.782,0.831,0.001,0.164,0.275,0.708,0.604,0.846,0.007,0.658,0.462,-0.146,0.613,0.561,0.803,0.259,0.869,0.007,0.171,0.83,0.083,-0.389,0.566,0.3,0.686,0.191,0.78,0.444,0.695,0.667,-0.228,0.619,0.79,-0.265,0.33,0.87,0.057,-0.264,-0.342,0.088,0.884,-0.201,-0.211,0.664,0.55,0.359,0.45,0.819,0.477,0.232,-0.403,0.803,0.745,0.583,-0.305,-0.128,0.745,-0.472,0.856,0.389,0.659,0.494,0.196,0.57
CACC,0.763,0.754,0.594,0.85,0.797,-0.446,0.894,0.36,0.167,0.924,0.526,0.004,0.514,0.424,0.662,0.832,0.627,0.802,0.453,-0.127,0.922,0.02,0.765,0.779,0.209,0.809,0.0,0.33,0.762,0.76,0.772,0.827,0.374,0.268,0.449,0.156,-0.061,0.021,-0.4,0.881,-0.226,0.781,0.818,-0.441,0.623,0.658,0.824,0.78,0.344,0.723,0.534,-0.142,0.915,0.442,0.507,0.314,-0.034,0.634,0.135,0.64,-0.004,0.631,0.725,0.003,0.11,-0.262,0.664,0.683,0.403,0.617,-0.035,0.813,0.871,0.754,0.719,0.678,0.394,-0.026,0.722,-0.412,0.282,0.702,-0.368,0.107,0.561,-0.554,0.28,-0.143,0.654,0.719,0.784,0.737,0.691,0.47,0.761,0.471,0.664,0.751,0.472,0.746,0.416,-0.167,0.155,-0.292,0.755,0.343,0.293,0.825,0.766,0.608,0.648,0.777,0.814,0.805,0.448,0.654,0.471,-0.027,-0.277,0.73,0.789,0.464,0.437,0.772,0.757,0.822,0.523,0.623,-0.048,-0.029,0.637,0.678,0.795,0.717,-0.147,0.769,0.841,0.958,0.057,0.047,0.421,0.927,0.422,0.859,0.193,0.644,0.698,0.109,0.633,0.512,0.67,0.221,0.795,0.109,0.528,0.876,-0.071,-0.156,0.703,0.288,0.918,0.502,0.801,0.795,0.753,0.614,-0.128,0.622,0.636,0.001,0.665,0.661,0.241,-0.162,-0.346,0.142,0.853,0.064,-0.089,0.692,0.719,0.454,0.444,0.901,0.675,0.576,-0.229,0.91,0.542,0.479,-0.578,0.262,0.614,-0.371,0.966,0.595,0.687,0.536,0.31,0.606
CAR,-0.267,-0.085,0.761,-0.041,0.121,0.44,0.443,0.217,0.212,0.522,0.18,0.666,0.619,-0.382,0.02,0.337,-0.477,0.601,0.672,0.723,0.246,0.105,0.67,-0.033,0.904,0.22,0.33,0.0,-0.166,0.449,0.032,0.129,0.209,0.671,0.476,0.306,0.798,0.857,0.313,0.163,0.671,0.462,0.705,0.343,-0.353,-0.31,0.645,-0.146,0.37,-0.034,0.791,0.738,0.273,-0.363,-0.521,0.684,0.026,0.268,0.912,0.413,0.785,0.737,-0.288,0.883,0.928,0.226,-0.303,-0.362,-0.467,-0.268,0.823,-0.046,0.261,-0.027,-0.164,0.19,-0.442,0.853,0.202,0.631,0.895,0.155,0.625,-0.284,-0.137,0.147,0.194,0.597,-0.404,0.04,-0.048,-0.112,-0.067,0.365,-0.171,0.772,0.265,-0.005,-0.46,-0.082,-0.47,0.723,0.637,0.551,-0.159,0.258,0.428,-0.095,0.451,0.867,-0.319,0.642,0.582,0.011,0.224,0.663,0.841,0.124,0.123,0.554,0.127,-0.329,0.698,-0.153,0.173,0.394,0.758,0.266,0.718,0.677,-0.147,-0.176,0.5,0.424,0.836,0.011,0.102,0.311,0.8,0.071,0.623,0.372,0.512,-0.015,0.876,-0.356,0.131,0.854,-0.346,-0.213,-0.237,0.754,0.155,-0.126,0.704,0.137,0.713,0.56,-0.004,0.308,0.449,0.623,-0.156,0.201,0.589,-0.331,0.834,0.651,-0.076,0.391,0.107,0.339,-0.07,0.816,0.652,0.867,0.295,0.352,0.835,-0.252,0.025,0.2,0.776,0.156,-0.137,0.148,0.62,0.119,0.345,-0.42,-0.088,0.455,0.589,0.676,0.378,0.84,0.384,-0.104,0.886,-0.409
CDNA,0.837,0.735,0.14,0.856,0.665,-0.567,0.678,0.215,0.105,0.64,0.461,-0.332,0.198,0.624,0.58,0.512,0.848,0.549,0.193,-0.364,0.773,-0.024,0.399,0.782,-0.193,0.626,0.762,-0.166,0.0,0.461,0.692,0.712,0.489,-0.111,0.278,0.029,-0.409,-0.413,-0.36,0.78,-0.473,0.544,0.465,-0.546,0.766,0.73,0.381,0.842,0.157,0.584,0.166,-0.438,0.653,0.553,0.73,-0.087,-0.122,0.417,-0.299,0.453,-0.355,0.177,0.781,-0.432,-0.329,-0.337,0.721,0.798,0.695,0.703,-0.439,0.805,0.655,0.755,0.725,0.544,0.503,-0.451,0.565,-0.726,-0.161,0.655,-0.589,0.302,0.518,-0.441,0.104,-0.394,0.776,0.738,0.761,0.702,0.697,0.122,0.797,0.104,0.392,0.687,0.677,0.762,0.74,-0.506,-0.338,-0.466,0.77,0.147,-0.044,0.77,0.522,0.179,0.665,0.346,0.49,0.776,0.392,0.178,0.058,-0.124,-0.394,0.404,0.675,0.763,0.043,0.816,0.637,0.552,0.096,0.419,-0.336,-0.263,0.679,0.82,0.471,0.505,-0.532,0.811,0.714,0.762,-0.224,0.046,0.169,0.689,0.122,0.787,-0.235,0.729,0.565,-0.3,0.729,0.544,0.731,-0.261,0.658,0.267,0.185,0.743,-0.47,-0.349,0.723,0.331,0.652,0.218,0.795,0.73,0.397,0.682,-0.496,0.179,0.602,-0.264,0.748,0.422,0.476,-0.53,-0.569,-0.221,0.62,-0.146,-0.441,0.859,0.603,0.522,0.055,0.821,0.728,0.467,-0.439,0.792,0.428,0.764,-0.466,0.084,0.294,-0.645,0.705,0.091,0.605,0.545,-0.133,0.786
CG,0.482,0.705,0.764,0.726,0.676,0.0,0.684,0.682,0.576,0.673,0.793,0.36,0.468,0.301,0.732,0.854,0.353,0.584,0.517,-0.167,0.745,0.09,0.678,0.678,0.215,0.722,0.76,0.449,0.461,0.0,0.525,0.85,0.169,0.374,0.208,0.548,0.046,0.231,-0.214,0.543,-0.152,0.667,0.727,-0.306,0.491,0.555,0.65,0.45,0.626,0.704,0.386,-0.116,0.845,0.494,0.38,0.618,0.31,0.556,0.229,0.816,-0.016,0.767,0.602,0.125,0.206,-0.205,0.645,0.541,0.203,0.674,0.067,0.531,0.736,0.396,0.624,0.635,0.524,0.104,0.5,-0.15,0.463,0.576,-0.295,0.226,0.623,-0.217,0.593,0.175,0.486,0.724,0.727,0.615,0.68,0.383,0.678,0.635,0.846,0.694,0.435,0.707,-0.048,0.17,0.302,0.01,0.656,0.406,0.676,0.596,0.911,0.568,0.512,0.847,0.616,0.493,0.658,0.739,0.424,-0.337,0.204,0.895,0.452,0.057,0.699,0.699,0.744,0.582,0.572,0.606,-0.086,0.037,0.6,0.441,0.74,0.499,0.044,0.478,0.796,0.741,0.2,0.318,0.459,0.831,0.518,0.712,0.215,0.531,0.594,0.08,0.518,0.325,0.606,0.308,0.683,0.213,0.294,0.774,0.321,-0.215,0.523,-0.001,0.612,0.347,0.652,0.467,0.535,0.586,-0.051,0.796,0.648,0.206,0.397,0.751,-0.018,-0.024,-0.129,0.214,0.859,-0.045,0.036,0.563,0.73,0.642,0.731,0.625,0.561,0.466,-0.076,0.641,0.691,0.457,-0.278,0.186,0.828,-0.222,0.817,0.601,0.641,0.695,0.324,0.514
CGBD,0.783,0.605,0.368,0.764,0.81,-0.52,0.709,0.153,-0.085,0.704,0.291,-0.318,0.484,0.576,0.506,0.656,0.726,0.62,0.09,-0.268,0.74,-0.14,0.422,0.762,-0.006,0.59,0.772,0.032,0.692,0.525,0.0,0.73,0.345,-0.018,0.353,-0.066,-0.2,-0.213,-0.399,0.78,-0.302,0.606,0.58,-0.338,0.561,0.58,0.596,0.87,0.106,0.502,0.348,-0.234,0.688,0.536,0.627,-0.078,-0.058,0.64,-0.118,0.446,-0.138,0.317,0.715,-0.23,-0.159,-0.04,0.63,0.696,0.561,0.61,-0.325,0.836,0.63,0.807,0.605,0.444,0.463,-0.181,0.656,-0.53,-0.041,0.467,-0.428,0.301,0.44,-0.618,-0.03,-0.376,0.675,0.512,0.595,0.775,0.483,0.187,0.763,0.208,0.484,0.595,0.587,0.628,0.589,-0.456,-0.073,-0.397,0.632,0.194,0.027,0.777,0.489,0.279,0.619,0.528,0.611,0.804,0.289,0.433,0.284,0.132,-0.154,0.411,0.829,0.513,0.161,0.684,0.589,0.762,0.31,0.381,-0.118,-0.077,0.446,0.726,0.599,0.665,-0.348,0.773,0.692,0.736,-0.123,-0.079,0.283,0.749,0.016,0.682,-0.028,0.569,0.736,-0.094,0.616,0.459,0.659,-0.106,0.561,0.329,0.378,0.703,-0.375,-0.201,0.645,0.222,0.721,0.463,0.754,0.787,0.493,0.598,-0.321,0.373,0.457,0.151,0.584,0.369,0.227,-0.358,-0.519,-0.087,0.629,0.066,-0.298,0.707,0.666,0.332,0.088,0.754,0.701,0.546,-0.297,0.745,0.222,0.447,-0.644,0.324,0.257,-0.485,0.705,0.331,0.519,0.515,0.106,0.699
