,ACET,ADAP,ADI,ADPT,ADTN,AGEN,ALGN,ALLK,AMD,AMWD,ARDX,ARQT,ASTE,AUPH,AVXL,AZTA,BAND,BECN,BFC,BGC,BHF,BHFAL,BKNG,BL,BOKF,BRKR,CACC,CAR,CDNA,CG,CGBD,CHI,CHTR,CHX,CLNE,CME,CNOB,CNXN,CPRX,CSGP,CSGS,CSIQ,CVCO,CVLT,CYRX,DDOG,DOOO,DSGX,DTIL,ECPG,EEFT,EFSC,ENTG,ESPR,ETSY,EXC,FAMI,FFIV,FITB,FIZZ,FMBH,FOX,FTNT,FULT,GABC,GEN,GH,GMAB,GNPX,GO,GOGL,GOOG,GPRO,GSHD,GSM,GWAV,HAIN,HBAN,HEPA,HURN,HWKN,IBIO,ICFI,IGMS,IMKTA,INCY,INO,IRDM,IRTC,IRWD,ITCI,JACK,JD,JJSF,KALA,KHC,KLAC,KRRO,KRYS,LANC,LBTYA,LIVN,LKCO,LNTH,LOGI,LPRO,LRCX,LSCC,LSTR,MAR,MARA,MCHP,MEOH,META,MGTX,MKSI,MMYT,MORN,MRUS,MTLS,MTSI,MVIS,MXL,NBIX,NFE,NMIH,NMRK,NNDM,NSIT,NTCT,NVAX,OCUL,ODP,OLED,ONB,OTEX,PACB,PATK,PAYX,PEP,PERI,PI,PLYA,PRDO,PRGS,PTGX,QCOM,QCRH,QDEL,QFIN,RGEN,RILY,RPAY,RPD,SABR,SEDG,SHEN,SIRI,SLNO,SNDL,SNEX,SONO,SPT,SSNC,STGW,STKL,STRL,STX,SWTX,SYNA,TFSL,TIGR,TNXP,TOWN,TRI,TRIP,TRMB,TRNS,TRS,TSCO,TSEM,TVTX,TXRH,VC,VCEL,VECO,VIAV,VICR,VIR,VRTX,VSTM,VTRS,WDFC,WSBC,WSC,WYNN,XENE,XNCR,XRAY,ZS
ACET,0.0,0.525,-0.262,0.292,-0.268,-0.037,0.025,-0.377,-0.483,-0.588,0.51,0.373,-0.428,0.392,0.424,-0.319,-0.209,-0.381,-0.223,0.193,-0.474,-0.514,-0.414,0.573,-0.654,-0.132,-0.451,-0.374,0.615,0.496,-0.462,-0.43,-0.344,-0.573,-0.381,-0.312,-0.508,-0.517,0.654,-0.391,-0.353,-0.324,-0.305,-0.289,0.613,0.51,-0.576,-0.17,0.594,-0.528,-0.414,-0.505,-0.458,0.748,-0.287,0.155,-0.367,0.474,-0.583,0.147,-0.504,-0.114,0.447,-0.358,-0.222,-0.544,-0.298,-0.218,-0.347,-0.302,-0.447,0.308,0.296,-0.25,-0.312,0.539,-0.341,-0.635,0.272,-0.27,-0.583,0.68,-0.417,0.538,-0.574,0.672,0.744,-0.474,-0.405,0.075,0.678,-0.148,0.242,-0.367,0.578,-0.6,-0.175,-0.498,0.008,-0.651,0.333,0.277,0.723,0.269,-0.259,-0.419,-0.214,0.348,-0.63,-0.416,-0.382,0.52,-0.424,-0.273,0.207,-0.196,0.465,0.244,0.589,0.154,0.124,0.681,0.299,0.649,-0.519,-0.468,-0.512,0.49,-0.405,0.416,0.158,0.568,0.394,-0.487,-0.425,0.264,-0.539,-0.101,-0.411,-0.572,-0.042,0.38,-0.454,0.102,-0.2,0.006,-0.381,-0.626,0.385,0.443,-0.054,-0.37,0.112,-0.08,-0.277,-0.491,-0.536,-0.55,0.224,0.517,-0.213,0.532,-0.075,-0.534,0.014,-0.495,-0.518,0.353,-0.23,-0.473,-0.582,-0.308,0.649,-0.548,-0.457,-0.713,-0.574,-0.472,-0.586,-0.396,0.232,0.703,-0.516,-0.536,0.285,0.041,-0.224,-0.241,-0.065,0.648,-0.116,0.311,-0.177,-0.587,-0.604,-0.295,0.456,0.237,-0.051,0.337
ADAP,0.525,0.0,-0.685,-0.127,0.097,-0.411,-0.044,-0.528,-0.71,-0.851,0.681,0.664,-0.739,0.236,0.628,-0.699,-0.334,-0.645,-0.299,-0.155,-0.603,-0.798,-0.716,0.645,-0.654,-0.135,-0.757,-0.435,0.41,0.851,-0.725,-0.779,-0.77,-0.812,-0.775,-0.016,-0.702,-0.807,0.789,-0.564,-0.727,-0.693,-0.643,-0.505,0.696,0.664,-0.484,-0.556,0.655,-0.876,-0.578,-0.613,-0.415,0.783,-0.722,0.08,-0.337,0.587,-0.739,0.489,-0.692,0.447,0.626,-0.407,-0.141,-0.818,-0.373,-0.503,0.042,-0.375,-0.764,0.447,0.391,-0.636,-0.301,0.405,-0.229,-0.585,-0.079,-0.601,-0.798,0.793,-0.759,0.422,-0.43,0.794,0.784,-0.778,-0.842,-0.404,0.642,-0.247,-0.042,-0.406,0.517,-0.58,-0.319,-0.323,0.289,-0.786,0.598,0.608,0.743,0.65,-0.467,-0.498,-0.478,0.165,-0.837,-0.649,-0.762,0.57,-0.514,-0.727,0.134,-0.15,0.826,0.324,0.677,0.335,-0.159,0.62,0.196,0.802,-0.849,-0.745,-0.728,0.593,-0.775,0.802,-0.269,0.424,0.841,-0.803,-0.596,0.144,-0.741,0.173,-0.584,-0.186,0.298,0.493,-0.711,0.293,-0.587,-0.343,-0.708,-0.795,0.249,0.479,-0.395,-0.746,-0.412,-0.329,-0.515,-0.843,-0.896,-0.581,0.121,0.56,-0.559,0.869,-0.103,-0.863,-0.171,-0.477,-0.847,0.578,-0.634,-0.724,-0.733,-0.505,0.671,-0.672,-0.833,-0.769,-0.869,-0.075,-0.616,-0.477,0.596,0.846,-0.836,-0.794,0.342,-0.3,-0.64,-0.495,-0.524,0.739,-0.522,0.022,-0.63,-0.749,-0.828,-0.532,0.704,0.234,-0.303,0.256
ADI,-0.262,-0.685,0.0,0.511,-0.324,0.333,0.129,0.276,0.54,0.656,-0.538,-0.39,0.589,-0.113,-0.403,0.635,0.315,0.538,0.226,0.036,0.427,0.671,0.55,-0.432,0.341,0.23,0.521,0.261,-0.216,-0.59,0.4,0.768,0.68,0.586,0.416,-0.098,0.468,0.682,-0.67,0.614,0.738,0.595,0.631,0.556,-0.575,-0.269,0.521,0.521,-0.501,0.617,0.465,0.366,0.249,-0.564,0.625,-0.008,0.332,-0.635,0.554,-0.443,0.543,-0.482,-0.409,0.142,-0.036,0.582,0.406,0.44,-0.184,0.155,0.883,-0.216,-0.296,0.563,-0.185,-0.297,0.158,0.218,0.059,0.603,0.715,-0.633,0.618,-0.236,0.228,-0.464,-0.643,0.64,0.577,0.39,-0.435,0.245,0.442,0.142,-0.411,0.373,0.463,0.098,-0.099,0.623,-0.186,-0.651,-0.459,-0.611,0.624,0.295,0.599,0.157,0.68,0.474,0.586,-0.048,0.419,0.651,0.119,0.26,-0.658,-0.164,-0.496,-0.317,0.305,-0.355,-0.029,-0.56,0.612,0.644,0.587,-0.463,0.608,-0.62,0.188,-0.383,-0.639,0.691,0.399,-0.212,0.642,0.087,0.579,0.116,-0.428,-0.495,0.634,-0.339,0.54,0.332,0.698,0.605,-0.11,-0.115,0.399,0.65,0.436,0.454,0.514,0.647,0.683,0.442,-0.107,-0.336,0.378,-0.64,0.171,0.734,0.262,0.391,0.669,-0.612,0.604,0.466,0.552,0.632,-0.505,0.353,0.699,0.632,0.633,-0.125,0.4,0.281,-0.736,-0.547,0.703,0.585,0.141,0.532,0.58,0.641,0.548,-0.428,0.434,0.258,0.666,0.471,0.646,0.595,-0.61,-0.179,0.434,-0.035
ADPT,0.292,-0.127,0.511,0.0,-0.27,0.337,0.116,0.036,0.098,0.05,0.004,-0.162,0.233,0.363,0.255,0.357,0.183,0.213,0.063,0.148,-0.105,0.146,0.106,0.296,-0.329,0.074,-0.084,-0.109,0.639,-0.151,0.078,0.411,0.375,-0.022,0.089,-0.251,-0.133,0.244,-0.068,0.165,0.334,0.375,0.261,0.124,0.207,0.324,0.07,0.345,0.035,0.134,0.155,-0.235,-0.088,0.187,0.343,0.111,0.112,-0.036,-0.182,-0.35,-0.098,-0.336,0.178,-0.285,-0.291,0.124,0.18,0.448,-0.249,-0.094,0.359,0.068,0.275,0.333,-0.411,0.166,-0.032,-0.415,0.239,0.198,0.074,0.084,0.194,0.349,-0.4,0.235,0.139,0.111,0.233,0.509,0.286,0.184,0.711,-0.101,0.216,0.035,0.517,-0.47,-0.14,-0.026,0.065,-0.322,0.141,-0.378,0.458,-0.105,0.354,0.461,0.054,0.013,0.265,0.272,0.059,0.321,0.133,0.224,-0.214,-0.108,-0.057,0.043,0.287,0.356,0.506,0.12,0.171,0.108,-0.114,0.068,0.167,-0.22,0.328,0.327,-0.176,0.243,-0.145,0.265,0.17,-0.162,0.214,-0.296,-0.093,-0.094,-0.115,-0.277,0.517,0.21,0.329,-0.149,0.473,0.207,0.35,0.227,0.583,0.54,0.235,0.283,0.153,-0.189,0.083,0.193,0.237,0.023,0.558,0.183,0.133,-0.032,0.212,-0.205,0.229,0.109,-0.13,0.409,0.155,-0.242,0.246,-0.029,0.137,-0.4,-0.33,0.227,-0.31,0.056,0.177,0.053,0.1,0.533,0.259,0.395,0.493,0.222,0.454,0.421,0.422,-0.169,-0.006,0.125,-0.067,0.131,0.22,0.472
ADTN,-0.268,0.097,-0.324,-0.27,0.0,-0.377,-0.525,-0.152,0.353,0.205,-0.267,-0.356,0.036,-0.177,0.349,0.153,0.446,0.357,0.114,0.121,-0.062,0.031,-0.24,0.2,0.186,0.427,0.147,-0.249,-0.045,-0.144,0.098,-0.006,0.081,0.117,0.126,-0.142,-0.099,0.095,-0.091,0.125,-0.005,-0.195,0.178,0.187,0.069,0.091,0.207,0.26,-0.309,-0.031,-0.092,-0.107,0.58,-0.222,0.169,-0.234,-0.252,-0.075,0.051,-0.174,-0.157,0.467,0.336,-0.16,-0.241,0.18,0.1,-0.126,0.497,0.568,-0.081,-0.435,0.46,0.232,0.352,-0.14,0.548,0.221,0.128,0.007,-0.052,-0.091,0.136,-0.357,0.077,-0.266,-0.133,0.119,0.136,-0.349,-0.235,0.52,0.029,-0.027,-0.336,0.143,-0.1,0.157,0.029,-0.002,0.059,-0.113,-0.32,-0.196,0.045,-0.149,0.172,0.122,0.037,-0.247,0.206,-0.409,-0.272,-0.076,-0.624,0.438,-0.191,0.254,0.03,-0.22,0.076,0.125,0.049,-0.204,0.121,0.03,-0.165,0.481,-0.049,-0.122,0.241,-0.078,-0.116,0.234,-0.195,0.385,-0.249,0.149,-0.167,0.471,0.721,-0.193,-0.156,-0.307,-0.059,-0.287,0.082,0.045,0.342,-0.607,0.294,0.151,-0.229,0.196,-0.054,0.102,-0.023,-0.025,-0.255,-0.422,-0.26,0.239,0.133,-0.041,0.375,0.46,0.064,-0.064,0.088,0.251,-0.124,-0.311,-0.109,-0.045,-0.18,0.109,-0.028,0.383,-0.133,0.298,0.254,-0.218,0.152,0.182,0.042,-0.134,0.173,0.132,-0.357,-0.325,-0.082,-0.17,-0.244,-0.083,0.01,-0.512,-0.125,-0.42,0.244,0.266
AGEN,-0.037,-0.411,0.333,0.337,-0.377,0.0,0.661,0.753,-0.097,0.247,0.154,-0.212,0.523,0.552,-0.394,0.299,-0.386,-0.029,-0.106,0.415,0.642,0.324,0.7,-0.563,0.323,-0.258,0.145,0.636,0.056,-0.444,0.596,0.483,0.42,0.37,0.479,0.565,0.581,0.37,-0.316,-0.157,0.486,0.751,0.21,-0.248,-0.001,-0.563,-0.245,-0.055,0.111,0.486,0.643,0.578,-0.451,-0.031,0.304,0.466,0.525,0.225,0.349,-0.385,0.521,-0.455,-0.673,0.65,0.603,0.425,0.196,0.764,0.039,-0.336,0.2,0.294,-0.576,0.133,-0.054,-0.221,-0.509,0.341,-0.04,0.306,0.451,-0.187,0.38,0.515,-0.052,-0.053,-0.137,0.135,0.452,0.874,-0.01,-0.516,-0.174,0.634,0.381,0.152,0.621,0.201,-0.228,0.54,-0.705,-0.001,-0.036,-0.135,0.205,0.69,0.045,-0.429,0.437,0.775,0.228,0.129,0.673,0.536,0.621,-0.428,-0.154,-0.73,-0.548,0.233,-0.23,-0.254,0.288,-0.081,0.353,0.449,0.518,-0.526,0.589,-0.36,0.014,0.305,-0.266,0.201,0.64,-0.27,0.736,-0.405,0.735,-0.396,-0.471,0.236,0.35,0.33,0.745,0.712,0.197,0.249,-0.377,0.348,-0.14,0.217,0.708,0.016,0.469,0.525,0.58,0.286,0.669,0.225,0.853,-0.463,0.298,0.484,-0.532,-0.389,0.522,0.194,0.015,0.297,0.525,0.671,-0.038,0.593,0.675,0.222,0.518,-0.287,0.409,0.372,-0.076,-0.223,0.238,0.373,-0.461,0.409,0.262,-0.194,0.876,-0.001,0.628,0.083,0.677,0.578,0.483,0.696,0.005,0.618,0.148,-0.468
ALGN,0.025,-0.044,0.129,0.116,-0.525,0.661,0.0,0.637,-0.479,-0.173,0.501,0.316,0.188,0.467,-0.267,-0.242,-0.677,-0.451,-0.255,0.211,0.376,-0.056,0.564,-0.429,0.092,-0.63,-0.178,0.698,0.033,0.121,0.259,0.067,-0.094,0.037,0.102,0.708,0.292,-0.054,0.067,-0.428,0.038,0.526,-0.3,-0.469,0.099,-0.404,-0.293,-0.476,0.491,0.163,0.466,0.402,-0.718,0.209,-0.242,0.338,0.418,0.427,0.063,0.23,0.281,-0.441,-0.528,0.498,0.705,-0.082,-0.108,0.564,0.012,-0.636,-0.087,0.755,-0.626,-0.408,-0.13,-0.107,-0.632,0.09,-0.179,-0.161,0.07,0.027,-0.075,0.572,0.158,0.251,0.103,-0.168,-0.019,0.55,0.253,-0.687,-0.331,0.468,0.478,0.078,0.282,0.111,0.132,0.219,-0.356,0.465,0.169,0.36,-0.056,0.528,-0.372,-0.401,0.122,0.584,-0.254,0.288,0.637,0.076,0.782,-0.667,0.335,-0.715,-0.299,0.632,-0.575,-0.236,-0.055,0.211,-0.051,-0.003,0.307,-0.581,0.178,0.133,-0.344,0.345,0.137,-0.239,0.419,-0.404,0.47,-0.142,0.458,-0.371,-0.477,0.582,0.218,0.735,0.296,0.434,-0.271,-0.013,-0.569,0.75,-0.624,-0.289,0.296,-0.391,0.204,0.102,0.157,0.268,0.669,0.491,0.615,-0.175,0.061,0.138,-0.775,-0.668,0.06,0.482,-0.357,-0.09,0.265,0.441,0.083,0.352,0.306,0.087,0.198,-0.066,0.372,-0.012,0.148,0.15,-0.239,0.018,-0.42,-0.092,-0.26,-0.473,0.521,0.323,0.291,0.126,0.221,0.345,0.133,0.581,0.388,0.767,-0.308,-0.557
ALLK,-0.377,-0.528,0.276,0.036,-0.152,0.753,0.637,0.0,0.019,0.373,0.061,-0.202,0.596,0.176,-0.46,0.167,-0.33,0.01,0.069,0.335,0.726,0.339,0.81,-0.74,0.564,-0.357,0.285,0.841,-0.32,-0.442,0.712,0.457,0.316,0.571,0.575,0.66,0.682,0.403,-0.372,-0.163,0.396,0.791,0.114,-0.211,-0.229,-0.792,-0.025,-0.141,0.028,0.585,0.761,0.76,-0.261,-0.294,0.188,0.13,0.493,0.163,0.507,-0.192,0.622,-0.348,-0.777,0.735,0.753,0.426,0.092,0.748,0.301,-0.225,0.224,0.276,-0.655,0.003,0.244,-0.398,-0.329,0.601,-0.087,0.138,0.468,-0.375,0.382,0.237,0.409,-0.318,-0.358,0.293,0.481,0.692,-0.187,-0.412,-0.409,0.769,0.121,0.438,0.363,0.499,-0.003,0.669,-0.774,0.147,-0.357,-0.015,0.047,0.838,-0.098,-0.544,0.607,0.857,0.218,-0.183,0.823,0.342,0.454,-0.451,-0.178,-0.811,-0.647,0.39,-0.498,-0.532,0.005,-0.295,0.452,0.425,0.641,-0.672,0.574,-0.313,-0.102,0.162,-0.351,0.251,0.714,-0.366,0.747,-0.226,0.739,-0.068,-0.316,0.283,0.516,0.47,0.58,0.504,0.11,0.431,-0.651,0.128,-0.316,0.155,0.493,-0.224,0.495,0.585,0.641,0.632,0.608,0.001,0.842,-0.539,0.049,0.562,-0.545,-0.226,0.572,0.209,-0.042,0.39,0.595,0.565,-0.251,0.773,0.628,0.524,0.614,0.166,0.722,0.415,0.026,-0.407,0.28,0.558,-0.609,0.041,0.181,-0.24,0.687,-0.21,0.599,-0.052,0.414,0.749,0.606,0.663,0.042,0.523,-0.04,-0.685
AMD,-0.483,-0.71,0.54,0.098,0.353,-0.097,-0.479,0.019,0.0,0.87,-0.955,-0.824,0.575,-0.358,-0.32,0.831,0.842,0.929,0.417,0.062,0.284,0.797,0.295,-0.228,0.575,0.501,0.82,-0.082,-0.283,-0.764,0.536,0.742,0.8,0.731,0.651,-0.407,0.439,0.813,-0.751,0.863,0.692,0.267,0.827,0.814,-0.607,-0.252,0.735,0.873,-0.901,0.693,0.247,0.297,0.858,-0.824,0.853,-0.248,0.052,-0.824,0.635,-0.574,0.462,-0.173,-0.105,0.016,-0.311,0.803,0.441,0.173,0.128,0.83,0.768,-0.76,0.146,0.856,0.289,-0.379,0.738,0.43,0.312,0.673,0.669,-0.741,0.765,-0.772,0.293,-0.834,-0.747,0.825,0.788,-0.066,-0.777,0.746,0.336,0.02,-0.845,0.462,0.249,0.116,-0.346,0.574,-0.189,-0.873,-0.72,-0.872,0.665,0.09,0.799,0.159,0.698,0.202,0.877,-0.692,0.032,0.659,-0.585,0.68,-0.92,0.225,-0.464,-0.697,0.564,-0.415,-0.117,-0.886,0.821,0.689,0.451,-0.112,0.604,-0.838,0.538,-0.602,-0.863,0.909,0.275,0.272,0.355,0.07,0.273,0.486,0.15,-0.845,0.526,-0.766,0.403,0.096,0.857,0.731,0.212,-0.786,0.807,0.898,0.135,0.706,0.392,0.728,0.683,0.361,-0.559,-0.851,0.086,-0.603,0.167,0.711,0.658,0.876,0.723,-0.853,0.851,0.808,0.5,0.205,-0.623,0.328,0.562,0.681,0.684,0.132,0.261,0.498,-0.663,-0.807,0.902,0.713,-0.04,0.334,0.751,0.811,0.123,-0.865,0.239,-0.021,0.442,0.439,0.663,0.057,-0.878,-0.736,0.51,0.273
AMWD,-0.588,-0.851,0.656,0.05,0.205,0.247,-0.173,0.373,0.87,0.0,-0.862,-0.811,0.788,-0.239,-0.579,0.863,0.588,0.858,0.359,0.23,0.664,0.906,0.613,-0.598,0.814,0.425,0.901,0.301,-0.483,-0.896,0.768,0.879,0.863,0.926,0.787,-0.056,0.761,0.921,-0.912,0.732,0.853,0.497,0.878,0.692,-0.677,-0.57,0.631,0.716,-0.846,0.863,0.577,0.647,0.669,-0.899,0.867,-0.104,0.269,-0.742,0.883,-0.655,0.761,-0.305,-0.473,0.401,0.073,0.93,0.498,0.435,0.223,0.639,0.836,-0.623,-0.22,0.804,0.277,-0.549,0.473,0.721,0.161,0.789,0.902,-0.881,0.909,-0.591,0.386,-0.909,-0.898,0.851,0.877,0.211,-0.856,0.415,0.142,0.338,-0.712,0.523,0.44,0.433,-0.337,0.862,-0.49,-0.783,-0.795,-0.8,0.646,0.482,0.745,-0.136,0.906,0.578,0.883,-0.609,0.415,0.778,-0.291,0.446,-0.901,-0.101,-0.689,-0.572,0.359,-0.628,-0.118,-0.933,0.912,0.907,0.762,-0.434,0.842,-0.892,0.383,-0.549,-0.905,0.938,0.618,-0.029,0.675,0.074,0.641,0.404,-0.095,-0.701,0.753,-0.496,0.625,0.345,0.87,0.905,-0.151,-0.635,0.61,0.922,0.332,0.524,0.643,0.875,0.897,0.625,-0.213,-0.766,0.418,-0.8,0.149,0.919,0.408,0.707,0.913,-0.683,0.791,0.844,0.794,0.459,-0.719,0.684,0.807,0.85,0.867,0.107,0.607,0.57,-0.624,-0.921,0.963,0.911,-0.154,0.461,0.833,0.619,0.424,-0.909,0.384,0.021,0.678,0.76,0.918,0.437,-0.843,-0.46,0.561,-0.122
ARDX,0.51,0.681,-0.538,0.004,-0.267,0.154,0.501,0.061,-0.955,-0.862,0.0,0.758,-0.542,0.438,0.402,-0.799,-0.797,-0.887,-0.358,0.04,-0.315,-0.817,-0.279,0.292,-0.611,-0.485,-0.826,0.074,0.383,0.739,-0.478,-0.7,-0.75,-0.727,-0.567,0.382,-0.486,-0.783,0.796,-0.876,-0.683,-0.159,-0.821,-0.831,0.688,0.245,-0.74,-0.821,0.947,-0.668,-0.232,-0.331,-0.851,0.873,-0.804,0.244,-0.103,0.904,-0.686,0.531,-0.517,0.142,0.149,-0.062,0.292,-0.766,-0.439,-0.072,-0.074,-0.793,-0.778,0.782,-0.053,-0.815,-0.238,0.385,-0.697,-0.476,-0.214,-0.733,-0.718,0.767,-0.756,0.827,-0.29,0.864,0.8,-0.775,-0.706,0.173,0.85,-0.675,-0.29,0.012,0.886,-0.396,-0.23,-0.202,0.355,-0.586,0.155,0.893,0.688,0.841,-0.651,-0.105,-0.803,-0.082,-0.69,-0.2,-0.82,0.66,-0.055,-0.635,0.564,-0.68,0.878,-0.297,0.465,0.777,-0.604,0.472,0.229,0.904,-0.788,-0.724,-0.508,0.189,-0.589,0.813,-0.445,0.735,0.804,-0.866,-0.312,-0.151,-0.359,-0.109,-0.269,-0.496,-0.047,0.91,-0.558,0.751,-0.319,-0.055,-0.864,-0.772,-0.124,0.762,-0.771,-0.891,-0.031,-0.665,-0.412,-0.653,-0.653,-0.38,0.581,0.854,-0.025,0.633,-0.114,-0.692,-0.663,-0.888,-0.687,0.884,-0.855,-0.736,-0.564,-0.201,0.629,-0.352,-0.549,-0.691,-0.655,-0.094,-0.318,-0.39,0.711,0.818,-0.889,-0.678,-0.023,-0.312,-0.729,-0.8,-0.066,0.905,-0.07,0.033,-0.459,-0.465,-0.682,-0.142,0.935,0.781,-0.518,-0.201
ARQT,0.373,0.664,-0.39,-0.162,-0.356,-0.212,0.316,-0.202,-0.824,-0.811,0.758,0.0,-0.666,-0.022,0.352,-0.88,-0.644,-0.822,-0.339,-0.399,-0.419,-0.725,-0.434,0.257,-0.605,-0.436,-0.775,-0.073,0.113,0.854,-0.723,-0.769,-0.818,-0.747,-0.817,0.247,-0.531,-0.812,0.707,-0.618,-0.762,-0.342,-0.806,-0.586,0.282,0.389,-0.377,-0.811,0.706,-0.768,-0.436,-0.43,-0.629,0.636,-0.901,0.136,-0.086,0.508,-0.646,0.817,-0.489,0.258,0.204,-0.239,0.067,-0.844,-0.238,-0.368,-0.201,-0.68,-0.62,0.689,-0.105,-0.854,-0.317,0.326,-0.448,-0.524,-0.42,-0.677,-0.625,0.619,-0.841,0.433,-0.074,0.736,0.577,-0.75,-0.882,-0.236,0.644,-0.545,-0.256,-0.245,0.535,-0.385,-0.402,-0.161,0.642,-0.588,0.493,0.767,0.599,0.849,-0.61,-0.3,-0.704,0.024,-0.677,-0.368,-0.92,0.597,-0.143,-0.748,0.429,-0.441,0.869,0.036,0.541,0.553,-0.421,0.352,-0.178,0.765,-0.822,-0.762,-0.452,0.1,-0.784,0.859,-0.634,0.26,0.87,-0.841,-0.442,-0.387,-0.393,0.169,-0.447,-0.15,-0.156,0.587,-0.452,0.583,-0.672,-0.361,-0.782,-0.662,-0.203,0.655,-0.732,-0.857,-0.498,-0.646,-0.549,-0.778,-0.735,-0.328,0.253,0.686,-0.391,0.615,-0.211,-0.733,-0.486,-0.605,-0.811,0.593,-0.783,-0.876,-0.504,-0.22,0.509,-0.467,-0.684,-0.558,-0.709,0.086,-0.247,-0.626,0.506,0.783,-0.855,-0.789,0.24,-0.435,-0.869,-0.548,-0.38,0.777,-0.446,-0.119,-0.596,-0.526,-0.675,-0.13,0.707,0.48,-0.533,-0.175
ASTE,-0.428,-0.739,0.589,0.233,0.036,0.523,0.188,0.596,0.575,0.788,-0.542,-0.666,0.0,0.052,-0.439,0.72,0.271,0.588,0.247,0.376,0.75,0.771,0.776,-0.605,0.702,0.096,0.685,0.555,-0.225,-0.785,0.865,0.848,0.776,0.847,0.786,0.194,0.78,0.807,-0.782,0.438,0.837,0.647,0.688,0.366,-0.454,-0.585,0.36,0.464,-0.519,0.813,0.791,0.714,0.266,-0.651,0.722,0.068,0.431,-0.411,0.768,-0.615,0.764,-0.444,-0.547,0.561,0.356,0.755,0.266,0.671,0.196,0.266,0.716,-0.313,-0.365,0.583,0.099,-0.511,0.13,0.641,0.236,0.679,0.788,-0.722,0.887,-0.156,0.253,-0.665,-0.678,0.657,0.834,0.456,-0.609,0.129,0.094,0.553,-0.345,0.451,0.575,0.425,-0.296,0.824,-0.563,-0.524,-0.583,-0.642,0.563,0.664,0.536,-0.213,0.865,0.744,0.736,-0.459,0.662,0.695,0.066,0.127,-0.662,-0.443,-0.782,-0.232,0.11,-0.436,0.017,-0.699,0.861,0.831,0.761,-0.466,0.838,-0.807,0.33,-0.195,-0.763,0.755,0.701,-0.158,0.756,-0.089,0.781,0.133,-0.206,-0.354,0.676,-0.169,0.792,0.449,0.695,0.735,-0.245,-0.243,0.323,0.728,0.55,0.381,0.789,0.878,0.879,0.621,0.177,-0.457,0.709,-0.661,0.295,0.849,0.075,0.357,0.891,-0.385,0.57,0.686,0.745,0.612,-0.556,0.724,0.814,0.748,0.796,-0.045,0.6,0.548,-0.48,-0.78,0.776,0.842,-0.275,0.441,0.7,0.379,0.701,-0.659,0.579,0.188,0.764,0.777,0.846,0.619,-0.556,-0.133,0.551,-0.247
AUPH,0.392,0.236,-0.113,0.363,-0.177,0.552,0.467,0.176,-0.358,-0.239,0.438,-0.022,0.052,0.0,0.036,0.061,-0.332,-0.225,-0.312,0.457,0.07,-0.123,0.126,0.102,-0.162,-0.104,-0.231,0.144,0.529,0.043,0.181,0.077,0.069,-0.179,0.083,0.272,-0.015,-0.068,0.185,-0.36,0.072,0.159,-0.015,-0.405,0.586,0.036,-0.454,-0.135,0.419,-0.022,0.149,-0.007,-0.513,0.482,0.024,0.415,0.064,0.53,-0.162,-0.266,-0.088,-0.243,-0.024,0.159,0.224,-0.042,-0.097,0.464,0.112,-0.347,-0.255,0.411,0.003,-0.016,-0.295,0.094,-0.467,-0.158,0.153,0.021,-0.111,0.298,-0.016,0.664,-0.534,0.444,0.424,-0.306,0.014,0.532,0.397,-0.411,0.075,0.198,0.635,-0.255,0.478,-0.233,-0.272,-0.089,-0.244,0.19,0.409,0.042,0.175,0.156,-0.041,-0.072,-0.155,0.163,-0.055,0.39,0.109,0.198,0.48,-0.275,0.196,-0.325,0.004,0.24,-0.088,0.221,0.514,0.392,-0.143,0.014,-0.101,0.064,0.139,0.027,0.087,0.663,0.114,-0.186,0.093,0.152,0.094,-0.262,0.248,-0.559,-0.012,0.408,-0.212,0.246,0.425,0.457,-0.093,-0.308,0.13,0.531,-0.089,-0.112,0.494,0.032,0.157,0.023,-0.046,-0.209,0.488,0.476,0.376,0.14,0.312,-0.037,-0.382,-0.539,0.003,0.421,-0.185,-0.018,-0.062,0.253,0.278,-0.029,0.149,-0.349,-0.037,-0.419,-0.251,0.265,0.27,0.292,-0.207,-0.107,-0.237,0.304,0.015,-0.343,0.485,0.407,0.352,0.267,0.296,-0.052,-0.11,0.107,0.331,0.542,-0.03,0.037
AVXL,0.424,0.628,-0.403,0.255,0.349,-0.394,-0.267,-0.46,-0.32,-0.579,0.402,0.352,-0.439,0.036,0.0,-0.399,0.035,-0.278,-0.096,-0.141,-0.617,-0.541,-0.649,0.759,-0.689,0.011,-0.61,-0.533,0.597,0.567,-0.548,-0.478,-0.44,-0.607,-0.508,-0.336,-0.709,-0.53,0.57,-0.313,-0.455,-0.408,-0.407,-0.244,0.524,0.747,-0.201,-0.188,0.381,-0.647,-0.48,-0.708,-0.103,0.564,-0.378,-0.089,-0.301,0.342,-0.723,0.272,-0.681,0.394,0.733,-0.614,-0.435,-0.586,-0.172,-0.305,-0.08,-0.137,-0.429,0.14,0.63,-0.32,-0.219,0.371,0.087,-0.657,0.043,-0.5,-0.673,0.584,-0.478,0.291,-0.317,0.582,0.61,-0.463,-0.473,-0.264,0.546,0.223,0.309,-0.436,0.317,-0.277,-0.23,-0.46,0.28,-0.69,0.586,0.298,0.417,0.275,-0.257,-0.589,-0.233,0.485,-0.604,-0.648,-0.414,0.308,-0.491,-0.568,-0.15,0.15,0.435,0.269,0.558,0.258,-0.01,0.738,0.255,0.586,-0.491,-0.615,-0.724,0.717,-0.645,0.488,0.025,0.414,0.532,-0.399,-0.711,0.297,-0.627,0.099,-0.56,-0.083,0.467,0.23,-0.671,-0.056,-0.328,-0.436,-0.403,-0.688,0.592,0.131,-0.055,-0.453,-0.249,0.031,-0.398,-0.458,-0.625,-0.557,-0.074,0.316,-0.47,0.799,0.206,-0.65,0.111,-0.129,-0.552,0.255,-0.365,-0.484,-0.76,-0.367,0.467,-0.714,-0.671,-0.526,-0.629,-0.049,-0.682,-0.262,0.366,0.567,-0.511,-0.562,0.38,-0.177,-0.421,-0.047,-0.375,0.526,-0.168,0.215,-0.507,-0.738,-0.692,-0.6,0.443,-0.012,-0.032,0.556
AZTA,-0.319,-0.699,0.635,0.357,0.153,0.299,-0.242,0.167,0.831,0.863,-0.799,-0.88,0.72,0.061,-0.399,0.0,0.667,0.868,0.279,0.344,0.456,0.848,0.464,-0.295,0.558,0.496,0.786,0.058,-0.082,-0.88,0.686,0.906,0.951,0.75,0.734,-0.23,0.562,0.892,-0.819,0.729,0.883,0.429,0.937,0.681,-0.401,-0.296,0.497,0.856,-0.771,0.785,0.43,0.411,0.605,-0.666,0.97,-0.021,0.183,-0.647,0.673,-0.843,0.55,-0.364,-0.231,0.194,-0.134,0.878,0.45,0.451,0.099,0.624,0.786,-0.635,0.045,0.961,0.05,-0.38,0.457,0.439,0.322,0.885,0.786,-0.681,0.889,-0.404,-0.014,-0.681,-0.659,0.748,0.869,0.322,-0.666,0.471,0.452,0.184,-0.528,0.313,0.615,0.12,-0.526,0.665,-0.412,-0.889,-0.552,-0.95,0.803,0.288,0.877,0.099,0.723,0.399,0.931,-0.437,0.195,0.898,-0.293,0.561,-0.902,0.012,-0.552,-0.666,0.589,-0.359,0.192,-0.756,0.838,0.86,0.525,-0.227,0.811,-0.929,0.561,-0.344,-0.873,0.92,0.449,0.25,0.542,-0.093,0.548,0.165,-0.044,-0.711,0.515,-0.673,0.75,0.414,0.934,0.688,0.216,-0.526,0.813,0.96,0.505,0.772,0.616,0.83,0.794,0.32,-0.24,-0.633,0.374,-0.645,0.367,0.812,0.485,0.629,0.86,-0.679,0.837,0.845,0.626,0.468,-0.497,0.431,0.775,0.601,0.765,-0.185,0.243,0.586,-0.63,-0.76,0.914,0.774,-0.095,0.674,0.904,0.696,0.514,-0.73,0.446,0.136,0.799,0.528,0.748,0.294,-0.808,-0.437,0.617,0.214
BAND,-0.209,-0.334,0.315,0.183,0.446,-0.386,-0.677,-0.33,0.842,0.588,-0.797,-0.644,0.271,-0.332,0.035,0.667,0.0,0.825,0.406,-0.001,-0.085,0.533,-0.112,0.203,0.238,0.605,0.574,-0.46,-0.019,-0.431,0.197,0.495,0.586,0.394,0.356,-0.649,0.057,0.545,-0.444,0.762,0.44,-0.059,0.694,0.812,-0.314,0.186,0.675,0.829,-0.738,0.345,-0.086,-0.092,0.889,-0.528,0.684,-0.363,-0.126,-0.727,0.278,-0.407,0.107,0.017,0.341,-0.35,-0.589,0.519,0.351,-0.055,0.172,0.868,0.525,-0.709,0.548,0.748,0.169,-0.201,0.861,0.085,0.375,0.485,0.331,-0.436,0.492,-0.712,0.097,-0.529,-0.424,0.617,0.491,-0.281,-0.541,0.855,0.522,-0.348,-0.755,0.248,0.162,-0.14,-0.241,0.177,0.155,-0.774,-0.46,-0.746,0.601,-0.244,0.774,0.446,0.334,-0.211,0.705,-0.524,-0.333,0.403,-0.704,0.859,-0.706,0.529,-0.082,-0.658,0.699,-0.107,0.042,-0.605,0.515,0.392,0.052,0.216,0.268,-0.568,0.596,-0.461,-0.591,0.701,-0.113,0.51,-0.035,0.293,-0.034,0.484,0.411,-0.808,0.197,-0.886,0.187,-0.116,0.693,0.416,0.533,-0.739,0.885,0.712,-0.041,0.782,0.148,0.408,0.303,0.064,-0.667,-0.769,-0.267,-0.201,0.207,0.373,0.807,0.882,0.39,-0.754,0.732,0.586,0.117,-0.058,-0.367,-0.068,0.191,0.383,0.348,0.13,-0.102,0.356,-0.485,-0.461,0.635,0.42,0.224,0.313,0.585,0.804,-0.154,-0.601,-0.023,0.065,0.162,0.022,0.29,-0.3,-0.694,-0.776,0.438,0.624
BECN,-0.381,-0.645,0.538,0.213,0.357,-0.029,-0.451,0.01,0.929,0.858,-0.887,-0.822,0.588,-0.225,-0.278,0.868,0.825,0.0,0.353,0.208,0.346,0.777,0.254,-0.169,0.538,0.589,0.767,-0.098,-0.166,-0.751,0.547,0.764,0.809,0.706,0.662,-0.404,0.416,0.812,-0.704,0.825,0.737,0.24,0.856,0.813,-0.45,-0.18,0.677,0.889,-0.855,0.667,0.246,0.27,0.815,-0.735,0.891,-0.186,0.045,-0.775,0.615,-0.661,0.437,-0.225,-0.027,0.03,-0.312,0.8,0.548,0.239,0.143,0.825,0.749,-0.762,0.227,0.902,0.235,-0.338,0.698,0.41,0.362,0.708,0.657,-0.657,0.797,-0.647,0.193,-0.753,-0.671,0.798,0.767,0.013,-0.714,0.703,0.45,0.022,-0.74,0.383,0.36,0.092,-0.35,0.551,-0.187,-0.879,-0.667,-0.89,0.687,0.085,0.836,0.204,0.646,0.201,0.899,-0.63,0.04,0.683,-0.537,0.698,-0.881,0.203,-0.407,-0.698,0.573,-0.331,-0.015,-0.815,0.779,0.719,0.426,-0.083,0.618,-0.815,0.637,-0.488,-0.835,0.919,0.273,0.303,0.342,0.102,0.344,0.43,0.168,-0.806,0.491,-0.766,0.501,0.179,0.857,0.684,0.268,-0.733,0.84,0.895,0.234,0.748,0.44,0.716,0.658,0.299,-0.483,-0.791,0.106,-0.53,0.263,0.715,0.664,0.817,0.711,-0.77,0.863,0.772,0.474,0.225,-0.55,0.313,0.559,0.619,0.652,0.039,0.204,0.494,-0.627,-0.741,0.868,0.709,0.036,0.461,0.803,0.781,0.212,-0.805,0.263,0.12,0.525,0.396,0.644,0.051,-0.837,-0.689,0.573,0.322
BFC,-0.223,-0.299,0.226,0.063,0.114,-0.106,-0.255,0.069,0.417,0.359,-0.358,-0.339,0.247,-0.312,-0.096,0.279,0.406,0.353,0.0,0.099,0.072,0.27,0.154,-0.077,0.283,0.123,0.389,-0.032,-0.177,-0.265,0.22,0.273,0.272,0.347,0.335,-0.249,0.198,0.332,-0.234,0.358,0.269,0.081,0.307,0.339,-0.243,-0.196,0.364,0.356,-0.32,0.288,0.114,0.181,0.388,-0.297,0.323,-0.087,-0.036,-0.345,0.249,-0.151,0.236,-0.081,-0.057,0.059,-0.049,0.339,0.044,0.037,0.216,0.425,0.335,-0.354,0.089,0.29,0.291,-0.208,0.382,0.2,0.265,0.173,0.199,-0.29,0.302,-0.366,0.243,-0.367,-0.244,0.462,0.341,-0.029,-0.268,0.402,0.08,0.045,-0.345,0.306,0.005,0.062,-0.153,0.199,-0.038,-0.31,-0.301,-0.301,0.15,0.055,0.269,0.045,0.298,0.1,0.366,-0.35,-0.014,0.202,-0.253,0.23,-0.345,0.102,-0.174,-0.206,0.158,-0.172,-0.104,-0.389,0.353,0.251,0.199,-0.009,0.27,-0.323,0.348,-0.186,-0.367,0.33,0.138,0.199,0.116,0.074,0.101,0.244,0.147,-0.329,0.299,-0.277,0.152,0.069,0.295,0.365,0.081,-0.37,0.33,0.352,0.064,0.21,0.17,0.279,0.257,0.146,-0.237,-0.436,0.078,-0.265,-0.144,0.308,0.359,0.411,0.292,-0.381,0.376,0.387,0.148,-0.041,-0.309,0.188,0.206,0.327,0.297,0.116,0.181,0.267,-0.301,-0.342,0.382,0.354,0.039,0.097,0.337,0.242,0.042,-0.356,0.114,-0.014,0.072,0.223,0.258,-0.006,-0.306,-0.338,0.186,0.104
BGC,0.193,-0.155,0.036,0.148,0.121,0.415,0.211,0.335,0.062,0.23,0.04,-0.399,0.376,0.457,-0.141,0.344,-0.001,0.208,0.099,0.0,0.346,0.112,0.363,-0.105,0.254,0.042,0.285,0.292,0.135,-0.297,0.504,0.306,0.324,0.313,0.544,0.096,0.292,0.257,-0.098,-0.067,0.36,0.241,0.264,0.02,0.331,-0.332,-0.264,0.245,0.111,0.341,0.376,0.35,-0.076,0.061,0.356,0.163,-0.179,0.209,0.27,-0.489,0.219,-0.422,-0.128,0.373,0.362,0.274,-0.137,0.407,0.124,0.141,0.058,-0.105,-0.001,0.31,0.098,-0.091,-0.083,0.272,0.456,0.256,0.132,-0.047,0.428,0.287,-0.11,-0.083,0.043,0.287,0.439,0.494,-0.013,-0.067,0.065,0.331,0.227,0.033,0.242,0.176,-0.381,0.217,-0.375,-0.052,-0.021,-0.257,0.119,0.372,0.124,-0.048,0.215,0.358,0.377,-0.11,0.179,0.365,0.129,-0.17,-0.146,-0.275,-0.114,0.038,-0.076,-0.003,0.298,-0.109,0.261,0.351,0.217,-0.035,0.485,-0.296,0.445,0.433,-0.362,0.239,0.38,0.302,0.15,-0.132,0.374,-0.296,0.052,0.229,0.225,0.133,0.554,0.577,0.131,0.201,0.018,0.025,0.145,0.253,0.615,0.043,0.447,0.323,0.305,0.177,0.387,0.005,0.527,-0.161,0.008,0.316,0.033,-0.158,0.357,0.208,0.257,0.361,0.193,0.08,-0.007,0.349,0.342,0.104,0.255,-0.297,0.131,0.252,0.07,-0.148,0.173,0.459,-0.226,0.296,0.511,-0.184,0.484,-0.105,0.471,0.3,0.385,0.282,0.25,0.103,0.04,0.171,0.289,-0.081
BHF,-0.474,-0.603,0.427,-0.105,-0.062,0.642,0.376,0.726,0.284,0.664,-0.315,-0.419,0.75,0.07,-0.617,0.456,-0.085,0.346,0.072,0.346,0.0,0.646,0.782,-0.857,0.83,-0.027,0.555,0.772,-0.522,-0.632,0.78,0.637,0.534,0.796,0.666,0.557,0.916,0.606,-0.697,0.204,0.693,0.556,0.471,0.112,-0.415,-0.765,0.171,0.097,-0.359,0.69,0.793,0.914,0.027,-0.597,0.457,0.192,0.531,-0.229,0.857,-0.44,0.888,-0.316,-0.758,0.874,0.687,0.631,0.367,0.59,0.271,0.029,0.508,-0.107,-0.648,0.297,0.165,-0.573,-0.149,0.858,-0.083,0.558,0.78,-0.647,0.701,-0.057,0.392,-0.611,-0.665,0.457,0.601,0.434,-0.597,-0.279,-0.272,0.73,-0.2,0.358,0.477,0.677,-0.2,0.877,-0.699,-0.238,-0.515,-0.303,0.295,0.862,0.271,-0.6,0.806,0.891,0.453,-0.258,0.817,0.546,0.326,-0.166,-0.399,-0.577,-0.748,-0.101,-0.179,-0.649,-0.096,-0.579,0.643,0.793,0.892,-0.661,0.764,-0.56,0.0,-0.204,-0.524,0.527,0.904,-0.464,0.819,-0.011,0.857,0.073,-0.389,-0.134,0.749,0.171,0.636,0.556,0.437,0.738,-0.635,-0.079,-0.039,0.492,0.393,0.011,0.735,0.683,0.791,0.692,0.386,-0.294,0.742,-0.683,0.043,0.757,-0.235,0.087,0.756,-0.125,0.306,0.493,0.873,0.613,-0.5,0.92,0.753,0.704,0.695,0.031,0.839,0.417,-0.292,-0.662,0.574,0.735,-0.322,0.31,0.495,0.023,0.665,-0.57,0.435,0.058,0.672,0.911,0.855,0.782,-0.373,0.112,0.399,-0.642
BHFAL,-0.514,-0.798,0.671,0.146,0.031,0.324,-0.056,0.339,0.797,0.906,-0.817,-0.725,0.771,-0.123,-0.541,0.848,0.533,0.777,0.27,0.112,0.646,0.0,0.608,-0.575,0.745,0.288,0.799,0.308,-0.336,-0.836,0.749,0.895,0.866,0.862,0.721,-0.013,0.757,0.904,-0.914,0.717,0.864,0.51,0.848,0.624,-0.662,-0.464,0.639,0.652,-0.828,0.846,0.563,0.613,0.551,-0.844,0.842,-0.051,0.435,-0.731,0.811,-0.601,0.762,-0.354,-0.454,0.386,0.059,0.865,0.569,0.511,0.146,0.5,0.824,-0.478,-0.251,0.756,0.095,-0.524,0.398,0.62,0.073,0.816,0.917,-0.853,0.867,-0.519,0.273,-0.811,-0.833,0.716,0.82,0.231,-0.813,0.302,0.186,0.297,-0.644,0.421,0.591,0.289,-0.348,0.824,-0.492,-0.778,-0.676,-0.803,0.776,0.473,0.778,-0.146,0.867,0.582,0.816,-0.523,0.455,0.809,-0.19,0.447,-0.831,-0.102,-0.696,-0.564,0.412,-0.637,-0.123,-0.856,0.897,0.888,0.747,-0.51,0.799,-0.901,0.305,-0.539,-0.823,0.88,0.607,-0.099,0.739,-0.019,0.634,0.307,-0.203,-0.729,0.694,-0.493,0.648,0.349,0.898,0.825,-0.123,-0.446,0.588,0.897,0.276,0.607,0.649,0.878,0.868,0.53,-0.184,-0.66,0.418,-0.775,0.319,0.882,0.27,0.612,0.885,-0.697,0.738,0.787,0.822,0.616,-0.638,0.623,0.829,0.789,0.869,0.043,0.525,0.555,-0.658,-0.857,0.911,0.786,-0.201,0.484,0.728,0.655,0.501,-0.829,0.357,0.046,0.752,0.732,0.888,0.528,-0.854,-0.379,0.495,-0.061
BKNG,-0.414,-0.716,0.55,0.106,-0.24,0.7,0.564,0.81,0.295,0.613,-0.279,-0.434,0.776,0.126,-0.649,0.464,-0.112,0.254,0.154,0.363,0.782,0.608,0.0,-0.775,0.716,-0.262,0.609,0.821,-0.352,-0.628,0.836,0.683,0.59,0.764,0.736,0.475,0.843,0.646,-0.629,0.193,0.669,0.758,0.409,0.09,-0.417,-0.816,0.129,0.196,-0.224,0.834,0.867,0.851,-0.069,-0.51,0.466,0.19,0.459,-0.177,0.726,-0.352,0.819,-0.587,-0.821,0.756,0.654,0.641,0.108,0.716,0.122,-0.032,0.552,0.069,-0.678,0.28,0.174,-0.464,-0.225,0.667,0.096,0.472,0.702,-0.607,0.68,0.019,0.375,-0.541,-0.576,0.523,0.706,0.621,-0.429,-0.207,-0.205,0.7,-0.115,0.428,0.459,0.491,-0.276,0.81,-0.701,-0.217,-0.434,-0.322,0.359,0.833,0.224,-0.478,0.799,0.937,0.48,-0.297,0.819,0.639,0.365,-0.251,-0.422,-0.655,-0.784,0.057,-0.19,-0.623,-0.128,-0.564,0.702,0.701,0.855,-0.738,0.833,-0.601,0.061,-0.073,-0.626,0.505,0.839,-0.26,0.834,-0.175,0.828,-0.086,-0.471,-0.042,0.745,0.242,0.699,0.605,0.423,0.685,-0.568,0.054,-0.041,0.482,0.55,0.053,0.729,0.744,0.818,0.684,0.389,-0.195,0.888,-0.787,0.051,0.803,-0.228,-0.021,0.766,-0.15,0.35,0.601,0.796,0.609,-0.448,0.842,0.865,0.727,0.805,-0.066,0.778,0.441,-0.378,-0.616,0.568,0.746,-0.534,0.211,0.475,0.051,0.738,-0.459,0.551,0.137,0.696,0.878,0.802,0.816,-0.311,0.226,0.22,-0.564
BL,0.573,0.645,-0.432,0.296,0.2,-0.563,-0.429,-0.74,-0.228,-0.598,0.292,0.257,-0.605,0.102,0.759,-0.295,0.203,-0.169,-0.077,-0.105,-0.857,-0.575,-0.775,0.0,-0.8,0.124,-0.526,-0.783,0.738,0.574,-0.652,-0.513,-0.404,-0.728,-0.517,-0.586,-0.871,-0.533,0.649,-0.169,-0.541,-0.591,-0.322,-0.088,0.624,0.888,-0.22,0.039,0.341,-0.645,-0.7,-0.888,0.032,0.636,-0.297,-0.159,-0.568,0.266,-0.807,0.22,-0.845,0.27,0.931,-0.816,-0.683,-0.576,-0.251,-0.473,-0.226,0.038,-0.445,0.023,0.868,-0.148,-0.232,0.544,0.163,-0.813,0.268,-0.425,-0.749,0.685,-0.515,0.162,-0.552,0.626,0.707,-0.431,-0.484,-0.357,0.601,0.346,0.5,-0.665,0.263,-0.427,-0.292,-0.68,0.045,-0.855,0.679,0.135,0.548,0.15,-0.14,-0.836,-0.108,0.674,-0.764,-0.875,-0.309,0.254,-0.792,-0.457,-0.341,0.297,0.357,0.577,0.731,0.041,0.274,0.771,0.331,0.587,-0.555,-0.661,-0.882,0.776,-0.659,0.46,0.184,0.385,0.448,-0.387,-0.846,0.64,-0.83,0.038,-0.758,-0.178,0.467,0.11,-0.781,-0.274,-0.416,-0.433,-0.324,-0.739,0.818,0.059,0.182,-0.373,-0.228,0.189,-0.51,-0.58,-0.744,-0.752,-0.337,0.284,-0.64,0.769,0.131,-0.69,0.344,-0.071,-0.654,0.114,-0.191,-0.416,-0.864,-0.555,0.56,-0.898,-0.712,-0.681,-0.686,-0.185,-0.911,-0.298,0.268,0.64,-0.502,-0.634,0.355,-0.115,-0.312,0.055,-0.528,0.544,-0.302,0.168,-0.51,-0.907,-0.814,-0.809,0.363,-0.156,-0.181,0.819
BOKF,-0.654,-0.654,0.341,-0.329,0.186,0.323,0.092,0.564,0.575,0.814,-0.611,-0.605,0.702,-0.162,-0.689,0.558,0.238,0.538,0.283,0.254,0.83,0.745,0.716,-0.8,0.0,0.091,0.806,0.587,-0.677,-0.7,0.819,0.655,0.604,0.9,0.747,0.334,0.917,0.73,-0.783,0.439,0.677,0.399,0.597,0.348,-0.573,-0.793,0.423,0.325,-0.609,0.786,0.696,0.894,0.397,-0.804,0.562,0.038,0.363,-0.455,0.933,-0.416,0.883,-0.199,-0.664,0.754,0.516,0.772,0.327,0.424,0.422,0.41,0.549,-0.335,-0.49,0.438,0.399,-0.645,0.228,0.95,0.034,0.6,0.804,-0.781,0.76,-0.457,0.52,-0.855,-0.799,0.635,0.699,0.155,-0.828,0.032,-0.327,0.593,-0.539,0.466,0.34,0.687,-0.31,0.884,-0.617,-0.398,-0.659,-0.437,0.385,0.742,0.42,-0.569,0.864,0.755,0.598,-0.583,0.602,0.58,-0.048,0.103,-0.562,-0.291,-0.752,-0.311,0.004,-0.801,-0.261,-0.827,0.758,0.822,0.87,-0.584,0.794,-0.681,0.128,-0.47,-0.679,0.644,0.839,-0.217,0.694,0.083,0.701,0.374,-0.153,-0.398,0.786,-0.067,0.497,0.424,0.559,0.885,-0.536,-0.413,0.187,0.656,0.171,0.148,0.661,0.715,0.792,0.726,0.061,-0.599,0.54,-0.769,-0.054,0.8,0.05,0.416,0.782,-0.358,0.502,0.726,0.881,0.406,-0.618,0.903,0.733,0.825,0.795,0.201,0.823,0.517,-0.372,-0.813,0.721,0.832,-0.392,0.164,0.593,0.186,0.383,-0.827,0.242,-0.094,0.533,0.921,0.898,0.564,-0.58,-0.207,0.363,-0.496
BRKR,-0.132,-0.135,0.23,0.074,0.427,-0.258,-0.63,-0.357,0.501,0.425,-0.485,-0.436,0.096,-0.104,0.011,0.496,0.605,0.589,0.123,0.042,-0.027,0.288,-0.262,0.124,0.091,0.0,0.309,-0.466,-0.106,-0.342,-0.002,0.284,0.351,0.176,0.087,-0.49,-0.041,0.319,-0.323,0.497,0.291,-0.178,0.577,0.567,-0.171,0.2,0.35,0.546,-0.559,0.072,-0.18,-0.152,0.626,-0.303,0.47,-0.117,-0.25,-0.487,0.202,-0.509,-0.031,0.189,0.24,-0.278,-0.507,0.363,0.372,-0.149,0.116,0.536,0.334,-0.632,0.405,0.594,-0.013,-0.099,0.514,0.07,0.08,0.388,0.278,-0.278,0.308,-0.425,-0.153,-0.292,-0.315,0.318,0.223,-0.177,-0.345,0.516,0.443,-0.299,-0.449,-0.0,0.148,-0.01,-0.11,0.128,0.157,-0.602,-0.336,-0.495,0.371,-0.258,0.587,0.333,0.143,-0.236,0.442,-0.102,-0.342,0.264,-0.489,0.645,-0.502,0.433,0.106,-0.642,0.561,0.061,0.226,-0.286,0.19,0.322,-0.045,0.329,0.138,-0.312,0.321,-0.32,-0.313,0.466,-0.131,0.225,-0.072,0.295,0.008,0.369,0.297,-0.593,0.046,-0.709,0.1,-0.051,0.482,0.227,0.392,-0.587,0.666,0.472,0.019,0.475,0.025,0.171,0.148,-0.023,-0.476,-0.468,-0.323,-0.037,0.084,0.205,0.629,0.62,0.23,-0.455,0.453,0.264,0.044,-0.075,-0.326,-0.102,0.06,0.09,0.074,-0.041,-0.159,0.213,-0.255,-0.263,0.444,0.227,0.503,0.571,0.496,0.493,-0.117,-0.362,-0.044,0.001,0.164,-0.08,0.168,-0.246,-0.477,-0.536,0.518,0.373
CACC,-0.451,-0.757,0.521,-0.084,0.147,0.145,-0.178,0.285,0.82,0.901,-0.826,-0.775,0.685,-0.231,-0.61,0.786,0.574,0.767,0.389,0.285,0.555,0.799,0.609,-0.526,0.806,0.309,0.0,0.261,-0.489,-0.77,0.744,0.751,0.783,0.876,0.811,-0.156,0.737,0.833,-0.772,0.698,0.763,0.325,0.79,0.663,-0.588,-0.602,0.5,0.731,-0.712,0.844,0.514,0.652,0.614,-0.793,0.8,-0.075,0.057,-0.682,0.835,-0.55,0.746,-0.422,-0.434,0.416,0.125,0.842,0.303,0.296,0.148,0.669,0.722,-0.577,-0.226,0.738,0.389,-0.469,0.419,0.679,0.386,0.747,0.767,-0.755,0.858,-0.602,0.377,-0.876,-0.764,0.844,0.844,0.147,-0.807,0.391,0.042,0.282,-0.67,0.393,0.259,0.44,-0.481,0.737,-0.421,-0.712,-0.627,-0.713,0.544,0.44,0.667,-0.196,0.815,0.539,0.824,-0.654,0.286,0.745,-0.249,0.362,-0.799,-0.012,-0.599,-0.57,0.393,-0.632,-0.207,-0.914,0.848,0.835,0.749,-0.378,0.829,-0.827,0.463,-0.491,-0.905,0.818,0.637,0.11,0.513,0.118,0.53,0.276,-0.115,-0.635,0.765,-0.434,0.509,0.432,0.761,0.885,-0.172,-0.581,0.584,0.881,0.301,0.438,0.612,0.753,0.787,0.566,-0.253,-0.729,0.398,-0.803,-0.069,0.842,0.483,0.621,0.803,-0.653,0.846,0.845,0.744,0.243,-0.619,0.654,0.741,0.77,0.803,-0.026,0.596,0.477,-0.642,-0.797,0.876,0.867,-0.199,0.334,0.812,0.502,0.324,-0.855,0.272,0.098,0.595,0.728,0.824,0.377,-0.755,-0.486,0.509,-0.111
CAR,-0.374,-0.435,0.261,-0.109,-0.249,0.636,0.698,0.841,-0.082,0.301,0.074,-0.073,0.555,0.144,-0.533,0.058,-0.46,-0.098,-0.032,0.292,0.772,0.308,0.821,-0.783,0.587,-0.466,0.261,0.0,-0.406,-0.315,0.648,0.343,0.197,0.526,0.459,0.735,0.705,0.304,-0.368,-0.121,0.341,0.588,0.033,-0.255,-0.221,-0.759,-0.071,-0.266,0.077,0.529,0.821,0.794,-0.34,-0.299,0.049,0.148,0.509,0.138,0.547,-0.062,0.659,-0.341,-0.787,0.817,0.84,0.278,-0.049,0.594,0.203,-0.336,0.25,0.304,-0.765,-0.129,0.094,-0.406,-0.457,0.633,-0.177,0.174,0.45,-0.393,0.372,0.236,0.411,-0.308,-0.374,0.191,0.344,0.51,-0.23,-0.533,-0.462,0.787,0.146,0.366,0.252,0.603,-0.023,0.637,-0.653,0.219,-0.282,0.092,-0.006,0.866,-0.19,-0.637,0.576,0.865,0.096,-0.113,0.908,0.236,0.532,-0.555,-0.039,-0.798,-0.614,0.386,-0.576,-0.545,-0.188,-0.269,0.391,0.437,0.717,-0.728,0.539,-0.223,-0.244,0.092,-0.238,0.137,0.758,-0.53,0.693,-0.099,0.715,-0.133,-0.426,0.316,0.553,0.622,0.459,0.425,0.026,0.433,-0.78,0.27,-0.477,0.077,0.361,-0.363,0.606,0.461,0.536,0.634,0.634,0.063,0.804,-0.528,-0.046,0.521,-0.545,-0.296,0.489,0.202,-0.059,0.219,0.631,0.532,-0.281,0.779,0.572,0.536,0.509,0.11,0.786,0.252,-0.021,-0.396,0.202,0.513,-0.557,-0.047,0.113,-0.317,0.604,-0.225,0.467,0.063,0.402,0.759,0.581,0.779,0.036,0.472,-0.03,-0.779
CDNA,0.615,0.41,-0.216,0.639,-0.045,0.056,0.033,-0.32,-0.283,-0.483,0.383,0.113,-0.225,0.529,0.597,-0.082,-0.019,-0.166,-0.177,0.135,-0.522,-0.336,-0.352,0.738,-0.677,-0.106,-0.489,-0.406,0.0,0.316,-0.262,-0.181,-0.117,-0.537,-0.222,-0.28,-0.569,-0.284,0.467,-0.245,-0.218,-0.113,-0.18,-0.256,0.685,0.637,-0.352,0.047,0.408,-0.332,-0.28,-0.617,-0.275,0.663,-0.072,0.127,-0.171,0.412,-0.664,-0.004,-0.575,-0.081,0.589,-0.494,-0.39,-0.333,-0.128,0.069,-0.283,-0.183,-0.298,0.237,0.565,-0.043,-0.332,0.47,-0.156,-0.703,0.303,-0.221,-0.495,0.605,-0.263,0.525,-0.7,0.65,0.691,-0.411,-0.193,0.19,0.67,0.081,0.499,-0.298,0.521,-0.358,0.181,-0.705,-0.134,-0.582,0.274,0.093,0.585,0.009,0.088,-0.469,-0.041,0.46,-0.528,-0.437,-0.149,0.295,-0.373,-0.098,0.008,0.072,0.262,0.138,0.378,0.185,0.182,0.697,0.516,0.573,-0.305,-0.403,-0.614,0.478,-0.306,0.204,0.265,0.605,0.295,-0.267,-0.516,0.529,-0.38,-0.298,-0.333,-0.489,0.19,0.228,-0.66,-0.107,0.101,-0.046,-0.162,-0.663,0.717,0.34,0.144,-0.229,0.24,0.314,-0.208,-0.217,-0.406,-0.684,0.06,0.447,-0.099,0.522,0.519,-0.399,0.003,-0.339,-0.341,0.186,-0.16,-0.244,-0.583,-0.093,0.595,-0.614,-0.279,-0.595,-0.355,-0.408,-0.772,-0.06,0.17,0.522,-0.366,-0.45,0.033,0.139,-0.168,0.011,0.04,0.577,0.103,0.327,-0.045,-0.607,-0.56,-0.394,0.333,0.214,-0.105,0.661
CG,0.496,0.851,-0.59,-0.151,-0.144,-0.444,0.121,-0.442,-0.764,-0.896,0.739,0.854,-0.785,0.043,0.567,-0.88,-0.431,-0.751,-0.265,-0.297,-0.632,-0.836,-0.628,0.574,-0.7,-0.342,-0.77,-0.315,0.316,0.0,-0.785,-0.864,-0.881,-0.843,-0.787,-0.013,-0.704,-0.873,0.867,-0.571,-0.842,-0.603,-0.812,-0.527,0.53,0.587,-0.416,-0.667,0.748,-0.857,-0.556,-0.606,-0.502,0.771,-0.875,0.047,-0.327,0.555,-0.782,0.802,-0.649,0.297,0.531,-0.418,-0.088,-0.918,-0.395,-0.517,-0.17,-0.502,-0.725,0.597,0.244,-0.821,-0.221,0.437,-0.291,-0.648,-0.135,-0.784,-0.843,0.767,-0.868,0.373,-0.167,0.793,0.772,-0.746,-0.893,-0.414,0.707,-0.305,-0.137,-0.432,0.495,-0.438,-0.505,-0.339,0.415,-0.817,0.668,0.727,0.707,0.82,-0.585,-0.511,-0.652,0.137,-0.824,-0.606,-0.869,0.52,-0.404,-0.846,0.22,-0.287,0.887,0.238,0.702,0.524,-0.299,0.505,-0.065,0.812,-0.877,-0.868,-0.669,0.394,-0.853,0.927,-0.415,0.363,0.876,-0.874,-0.605,-0.011,-0.691,0.28,-0.648,-0.191,0.113,0.562,-0.612,0.434,-0.725,-0.422,-0.816,-0.769,0.085,0.559,-0.571,-0.862,-0.513,-0.5,-0.603,-0.884,-0.908,-0.475,0.054,0.617,-0.533,0.779,-0.232,-0.854,-0.253,-0.54,-0.927,0.537,-0.682,-0.835,-0.736,-0.504,0.584,-0.659,-0.841,-0.688,-0.841,-0.005,-0.472,-0.595,0.495,0.888,-0.909,-0.847,0.287,-0.473,-0.822,-0.507,-0.566,0.803,-0.526,0.075,-0.745,-0.722,-0.861,-0.443,0.75,0.295,-0.489,0.135
