,ACET,ADAP,ADI,ADPT,ADTN,AGEN,ALGN,ALLK,AMD,AMWD,ARDX,ARQT,ASTE,AUPH,AVXL,AZTA,BAND,BECN,BFC,BGC,BHF,BHFAL,BKNG,BL,BOKF,BRKR,CACC,CAR,CDNA,CG,CGBD,CHI,CHTR,CHX,CLNE,CME,CNOB,CNXN,CPRX,CSGP,CSGS,CSIQ,CVCO,CVLT,CYRX,DDOG,DOOO,DSGX,DTIL,ECPG,EEFT,EFSC,ENTG,ESPR,ETSY,EXC,FAMI,FFIV,FITB,FIZZ,FMBH,FOX,FTNT,FULT,GABC,GEN,GH,GMAB,GNPX,GO,GOGL,GOOG,GPRO,GSHD,GSM,GWAV,HAIN,HBAN,HEPA,HURN,HWKN,IBIO,ICFI,IGMS,IMKTA,INCY,INO,IRDM,IRTC,IRWD,ITCI,JACK,JD,JJSF,KALA,KHC,KLAC,KRRO,KRYS,LANC,LBTYA,LIVN,LKCO,LNTH,LOGI,LPRO,LRCX,LSCC,LSTR,MAR,MARA,MCHP,MEOH,META,MGTX,MKSI,MMYT,MORN,MRUS,MTLS,MTSI,MVIS,MXL,NBIX,NFE,NMIH,NMRK,NNDM,NSIT,NTCT,NVAX,OCUL,ODP,OLED,ONB,OTEX,PACB,PATK,PAYX,PEP,PERI,PI,PLYA,PRDO,PRGS,PTGX,QCOM,QCRH,QDEL,QFIN,RGEN,RILY,RPAY,RPD,SABR,SEDG,SHEN,SIRI,SLNO,SNDL,SNEX,SONO,SPT,SSNC,STGW,STKL,STRL,STX,SWTX,SYNA,TFSL,TIGR,TNXP,TOWN,TRI,TRIP,TRMB,TRNS,TRS,TSCO,TSEM,TVTX,TXRH,VC,VCEL,VECO,VIAV,VICR,VIR,VRTX,VSTM,VTRS,WDFC,WSBC,WSC,WYNN,XENE,XNCR,XRAY,ZS
ACET,0.0,0.241,-0.516,-0.5,0.537,-0.726,-0.576,-0.704,-0.15,-0.557,0.088,-0.058,-0.484,-0.245,0.226,-0.104,-0.008,0.038,-0.181,0.583,-0.464,-0.483,-0.573,0.697,-0.432,0.562,0.161,-0.737,0.039,0.476,-0.324,-0.609,-0.441,-0.373,-0.467,-0.798,-0.533,-0.282,0.649,-0.15,-0.445,-0.699,-0.126,0.15,0.373,0.493,-0.679,0.152,0.565,-0.585,-0.464,-0.51,0.27,0.751,-0.227,0.293,-0.584,0.399,-0.366,-0.159,-0.601,-0.079,0.629,-0.34,-0.443,-0.487,-0.554,-0.618,-0.53,0.681,-0.6,-0.614,0.613,-0.003,0.143,0.626,-0.025,-0.385,0.683,-0.259,-0.48,0.78,-0.144,0.329,-0.587,0.486,0.766,-0.204,-0.431,-0.57,0.592,0.357,-0.498,-0.632,0.199,-0.648,-0.579,-0.567,-0.567,-0.662,0.539,0.149,0.798,0.147,-0.43,-0.762,0.072,0.626,-0.683,-0.622,-0.133,-0.415,-0.778,-0.388,-0.607,0.149,0.469,0.74,0.698,-0.431,0.51,0.706,0.18,0.533,-0.532,-0.392,-0.41,0.818,-0.554,0.442,0.391,0.037,0.046,-0.323,-0.375,0.642,-0.824,0.217,-0.667,-0.293,0.277,0.166,-0.473,-0.277,-0.551,-0.488,-0.309,-0.398,0.614,-0.139,0.262,-0.208,-0.354,-0.268,0.126,-0.559,-0.587,-0.206,-0.521,0.538,-0.582,0.58,-0.584,-0.649,0.757,-0.209,-0.575,0.155,-0.061,-0.235,-0.65,-0.654,0.788,-0.453,-0.67,-0.656,-0.697,-0.572,-0.529,-0.664,0.465,0.713,-0.435,-0.292,0.196,0.287,0.327,-0.055,-0.503,0.435,-0.113,0.149,-0.476,-0.612,-0.661,-0.634,0.066,-0.701,0.44,0.242
ADAP,0.241,0.0,-0.521,-0.027,0.27,-0.295,-0.57,-0.501,-0.566,-0.621,0.529,0.617,-0.66,-0.31,0.633,-0.616,0.089,-0.475,-0.117,-0.362,-0.659,-0.645,-0.774,0.539,-0.743,0.024,-0.729,-0.45,0.278,0.647,-0.847,-0.524,-0.552,-0.813,-0.612,-0.149,-0.701,-0.795,0.607,-0.296,-0.616,-0.51,-0.506,-0.184,0.495,0.662,-0.035,-0.303,0.286,-0.715,-0.722,-0.693,0.031,0.555,-0.558,-0.338,-0.374,0.177,-0.718,0.495,-0.601,0.608,0.633,-0.632,-0.486,-0.688,-0.046,-0.581,-0.091,-0.123,-0.431,0.084,0.435,-0.439,-0.175,0.192,0.236,-0.626,-0.15,-0.443,-0.73,0.488,-0.733,-0.15,-0.176,0.744,0.482,-0.698,-0.645,-0.48,0.491,0.231,0.205,-0.485,0.161,-0.348,-0.376,-0.181,0.338,-0.685,0.546,0.317,0.359,0.446,-0.365,-0.27,-0.375,0.266,-0.646,-0.718,-0.668,0.41,-0.515,-0.623,-0.387,0.139,0.526,0.44,0.544,0.044,0.005,0.503,-0.025,0.675,-0.644,-0.693,-0.717,0.363,-0.627,0.59,-0.18,0.137,0.791,-0.663,-0.738,0.075,-0.378,0.181,-0.587,0.143,0.428,0.111,-0.598,-0.088,-0.557,-0.245,-0.53,-0.766,0.284,-0.087,-0.121,-0.596,-0.431,-0.097,-0.581,-0.676,-0.763,-0.611,-0.112,0.073,-0.705,0.728,-0.048,-0.6,0.127,-0.001,-0.686,0.25,-0.392,-0.792,-0.608,-0.516,0.459,-0.723,-0.652,-0.657,-0.579,0.205,-0.593,-0.264,0.258,0.623,-0.667,-0.784,0.59,-0.384,-0.554,-0.139,-0.702,0.702,-0.66,-0.087,-0.59,-0.713,-0.635,-0.628,0.552,-0.108,-0.255,0.388
ADI,-0.516,-0.521,0.0,0.616,-0.484,0.582,0.438,0.521,0.685,0.844,-0.623,-0.307,0.665,0.312,-0.305,0.626,0.434,0.568,0.338,-0.204,0.527,0.792,0.651,-0.557,0.538,-0.134,0.369,0.514,0.007,-0.63,0.512,0.843,0.762,0.669,0.56,0.402,0.623,0.718,-0.8,0.64,0.807,0.68,0.685,0.48,-0.438,-0.358,0.673,0.424,-0.709,0.71,0.614,0.508,0.309,-0.786,0.673,-0.059,0.497,-0.72,0.594,-0.267,0.696,-0.3,-0.489,0.27,0.195,0.748,0.567,0.692,0.385,-0.12,0.911,0.294,-0.402,0.523,-0.319,-0.532,0.305,0.361,-0.265,0.638,0.765,-0.822,0.588,-0.319,0.368,-0.63,-0.803,0.648,0.644,0.605,-0.698,0.043,0.476,0.426,-0.535,0.539,0.761,0.362,0.29,0.749,-0.37,-0.646,-0.662,-0.614,0.776,0.576,0.604,-0.194,0.802,0.632,0.587,0.34,0.647,0.701,0.51,0.318,-0.749,-0.425,-0.601,-0.017,0.055,-0.551,0.03,-0.751,0.714,0.731,0.594,-0.603,0.735,-0.701,0.056,-0.149,-0.536,0.784,0.462,-0.341,0.718,0.066,0.776,0.274,-0.352,-0.546,0.687,-0.185,0.726,0.497,0.766,0.671,-0.306,0.067,0.325,0.729,0.508,0.561,0.273,0.754,0.753,0.367,0.333,-0.575,0.573,-0.668,0.51,0.829,-0.206,0.598,0.776,-0.569,0.594,0.587,0.69,0.756,-0.777,0.462,0.784,0.809,0.759,0.215,0.491,0.642,-0.7,-0.722,0.816,0.636,0.033,0.283,0.291,0.567,0.714,-0.616,0.32,0.249,0.759,0.606,0.78,0.712,-0.602,0.328,0.095,-0.002
ADPT,-0.5,-0.027,0.616,0.0,-0.335,0.734,0.055,0.449,0.592,0.62,-0.333,-0.182,0.464,0.567,0.219,0.412,0.769,0.426,0.29,-0.549,0.076,0.523,0.294,-0.184,0.013,-0.36,-0.168,0.366,0.646,-0.555,0.2,0.786,0.717,0.213,0.551,0.422,0.202,0.335,-0.529,0.43,0.557,0.647,0.455,0.291,0.137,0.005,0.821,0.495,-0.706,0.535,0.21,0.055,0.376,-0.498,0.608,-0.515,0.286,-0.542,0.027,-0.068,0.333,0.031,-0.081,-0.211,-0.15,0.546,0.738,0.67,0.5,-0.193,0.706,0.47,-0.014,0.492,-0.353,-0.539,0.607,-0.127,-0.321,0.428,0.27,-0.628,0.235,-0.374,0.22,-0.256,-0.508,0.291,0.628,0.668,-0.368,0.34,0.904,0.309,-0.245,0.456,0.711,0.196,0.65,0.366,-0.337,-0.603,-0.641,-0.618,0.757,0.625,0.345,-0.123,0.551,0.272,0.434,0.548,0.427,0.554,0.152,0.383,-0.748,-0.39,-0.488,0.187,0.001,-0.252,0.172,-0.467,0.601,0.341,0.023,-0.508,0.575,-0.639,0.186,0.351,-0.249,0.557,-0.064,-0.071,0.698,-0.239,0.507,0.14,0.14,-0.523,0.261,-0.4,0.717,0.623,0.602,0.093,0.011,-0.342,0.471,0.534,0.625,0.842,-0.258,0.636,0.482,-0.246,0.5,-0.761,0.4,-0.326,0.836,0.645,-0.299,0.689,0.582,-0.462,0.488,0.352,0.331,0.524,-0.515,-0.025,0.614,0.418,0.652,0.462,-0.029,0.847,-0.662,-0.552,0.581,0.21,0.142,-0.118,-0.098,0.535,0.483,-0.287,0.114,0.174,0.556,0.218,0.512,0.253,-0.175,0.507,-0.303,0.518
ADTN,0.537,0.27,-0.484,-0.335,0.0,-0.502,-0.388,-0.427,-0.225,-0.488,0.337,-0.11,-0.269,-0.066,0.58,-0.128,-0.161,-0.036,-0.228,0.484,-0.3,-0.5,-0.451,0.575,-0.414,0.468,-0.161,-0.498,0.197,0.336,-0.215,-0.488,-0.367,-0.326,-0.367,-0.463,-0.49,-0.261,0.479,-0.34,-0.332,-0.414,-0.229,-0.173,0.457,0.418,-0.578,-0.036,0.497,-0.521,-0.262,-0.427,0.147,0.619,-0.22,0.224,-0.399,0.591,-0.369,-0.21,-0.578,0.204,0.518,-0.25,-0.279,-0.402,-0.44,-0.366,-0.303,0.348,-0.507,-0.495,0.556,-0.058,0.133,0.463,-0.018,-0.25,0.38,-0.329,-0.446,0.625,-0.122,0.609,-0.468,0.49,0.604,-0.273,-0.323,-0.368,0.593,0.352,-0.376,-0.317,0.412,-0.332,-0.41,-0.372,-0.385,-0.493,0.366,0.287,0.44,0.153,-0.404,-0.566,-0.101,0.489,-0.52,-0.475,-0.151,-0.267,-0.506,-0.398,-0.525,0.074,0.411,0.327,0.468,-0.096,0.094,0.751,0.368,0.589,-0.428,-0.371,-0.456,0.743,-0.485,0.386,0.2,0.299,0.185,-0.227,-0.363,0.461,-0.607,0.045,-0.473,-0.13,0.53,0.381,-0.582,-0.076,-0.311,-0.458,-0.36,-0.466,0.594,-0.277,0.034,-0.317,-0.187,-0.235,0.077,-0.359,-0.435,-0.19,-0.292,0.519,-0.348,0.682,-0.247,-0.581,0.431,-0.261,-0.407,0.381,-0.303,-0.217,-0.585,-0.446,0.591,-0.356,-0.557,-0.495,-0.577,-0.35,-0.487,-0.429,0.589,0.464,-0.398,-0.199,0.123,0.16,0.178,-0.098,-0.334,0.415,0.172,0.078,-0.398,-0.504,-0.552,-0.584,0.263,-0.441,0.43,0.169
AGEN,-0.726,-0.295,0.582,0.734,-0.502,0.0,0.474,0.827,0.415,0.795,-0.207,-0.196,0.644,0.659,-0.228,0.37,0.32,0.227,0.213,-0.487,0.53,0.668,0.659,-0.706,0.5,-0.569,0.002,0.761,0.221,-0.758,0.499,0.842,0.757,0.517,0.773,0.803,0.641,0.412,-0.717,0.203,0.667,0.878,0.423,0.0,-0.133,-0.561,0.713,0.199,-0.679,0.762,0.49,0.569,-0.164,-0.759,0.597,-0.376,0.506,-0.394,0.437,-0.07,0.717,-0.065,-0.62,0.346,0.401,0.753,0.763,0.813,0.636,-0.461,0.678,0.642,-0.567,0.344,-0.095,-0.757,0.124,0.406,-0.493,0.52,0.543,-0.834,0.353,-0.235,0.475,-0.586,-0.774,0.347,0.755,0.902,-0.639,-0.227,0.716,0.712,-0.079,0.541,0.746,0.599,0.665,0.735,-0.741,-0.389,-0.808,-0.454,0.609,0.923,0.129,-0.611,0.812,0.715,0.409,0.504,0.757,0.695,0.59,-0.092,-0.749,-0.75,-0.77,0.301,-0.324,-0.663,0.011,-0.689,0.737,0.571,0.447,-0.818,0.805,-0.749,-0.044,0.286,-0.328,0.554,0.428,-0.452,0.939,-0.402,0.788,0.067,-0.22,-0.268,0.587,0.064,0.823,0.804,0.527,0.433,-0.514,-0.154,0.098,0.533,0.69,0.557,-0.165,0.788,0.776,0.072,0.788,-0.782,0.758,-0.679,0.733,0.835,-0.706,0.307,0.784,-0.185,0.356,0.489,0.74,0.677,-0.701,0.501,0.854,0.611,0.874,0.562,0.459,0.886,-0.566,-0.789,0.663,0.452,-0.173,-0.205,-0.119,0.139,0.716,-0.552,0.238,-0.053,0.709,0.688,0.826,0.624,-0.131,0.833,-0.356,-0.058
ALGN,-0.576,-0.57,0.438,0.055,-0.388,0.474,0.0,0.775,0.089,0.518,-0.012,-0.029,0.549,0.096,-0.513,0.126,-0.313,0.051,0.185,-0.028,0.678,0.487,0.765,-0.772,0.708,-0.491,0.248,0.727,-0.324,-0.346,0.602,0.437,0.317,0.627,0.503,0.677,0.688,0.407,-0.468,-0.03,0.406,0.692,0.114,-0.169,-0.546,-0.751,0.288,-0.252,-0.177,0.602,0.663,0.739,-0.465,-0.646,0.165,0.009,0.592,-0.115,0.604,0.124,0.649,-0.351,-0.762,0.649,0.673,0.479,0.204,0.614,0.448,-0.381,0.417,0.471,-0.738,-0.094,0.266,-0.393,-0.224,0.659,-0.336,0.179,0.555,-0.616,0.279,-0.007,0.64,-0.546,-0.63,0.376,0.37,0.48,-0.398,-0.478,-0.01,0.595,-0.108,0.603,0.423,0.444,0.222,0.706,-0.586,0.139,-0.638,-0.004,0.228,0.552,-0.049,-0.485,0.627,0.775,0.197,-0.087,0.761,0.357,0.688,-0.318,-0.241,-0.712,-0.592,0.404,-0.527,-0.716,-0.306,-0.523,0.521,0.419,0.694,-0.693,0.476,-0.358,-0.237,-0.069,-0.268,0.35,0.657,-0.56,0.601,-0.042,0.643,0.284,-0.452,0.209,0.601,0.614,0.415,0.203,0.164,0.617,-0.712,0.519,-0.429,0.165,0.171,-0.122,0.266,0.55,0.633,0.621,0.382,-0.231,0.647,-0.614,0.198,0.582,-0.663,-0.198,0.532,0.109,-0.015,0.42,0.697,0.583,-0.562,0.751,0.571,0.726,0.649,0.432,0.782,0.351,-0.119,-0.551,0.344,0.553,-0.548,-0.137,-0.072,-0.088,0.559,-0.432,0.314,-0.123,0.378,0.757,0.617,0.691,-0.125,0.556,-0.212,-0.634
ALLK,-0.704,-0.501,0.521,0.449,-0.427,0.827,0.775,0.0,0.248,0.727,-0.014,-0.159,0.707,0.447,-0.349,0.25,-0.041,0.122,0.27,-0.247,0.711,0.586,0.808,-0.832,0.682,-0.603,0.126,0.874,-0.079,-0.643,0.676,0.709,0.575,0.682,0.748,0.826,0.762,0.451,-0.624,-0.022,0.589,0.884,0.286,-0.22,-0.314,-0.777,0.507,-0.101,-0.399,0.753,0.711,0.771,-0.424,-0.74,0.398,-0.259,0.602,-0.137,0.587,-0.035,0.757,-0.179,-0.8,0.607,0.67,0.661,0.48,0.842,0.678,-0.526,0.57,0.604,-0.718,0.099,0.155,-0.628,-0.148,0.648,-0.442,0.325,0.577,-0.776,0.362,0.028,0.625,-0.639,-0.74,0.407,0.646,0.826,-0.505,-0.419,0.361,0.822,0.075,0.683,0.627,0.645,0.479,0.813,-0.828,-0.052,-0.834,-0.207,0.38,0.861,-0.016,-0.647,0.827,0.869,0.334,0.211,0.895,0.516,0.746,-0.297,-0.54,-0.89,-0.768,0.5,-0.566,-0.741,-0.057,-0.63,0.714,0.551,0.64,-0.801,0.721,-0.588,-0.132,0.302,-0.354,0.483,0.629,-0.566,0.847,-0.264,0.83,0.151,-0.303,0.095,0.641,0.45,0.716,0.541,0.34,0.56,-0.705,0.119,-0.235,0.346,0.564,0.166,0.118,0.768,0.804,0.458,0.722,-0.526,0.856,-0.692,0.472,0.786,-0.784,0.002,0.768,0.056,0.121,0.507,0.762,0.712,-0.71,0.745,0.775,0.756,0.829,0.562,0.742,0.737,-0.29,-0.753,0.559,0.619,-0.45,-0.196,-0.091,-0.057,0.773,-0.516,0.444,-0.083,0.568,0.83,0.81,0.736,-0.018,0.818,-0.313,-0.439
AMD,-0.15,-0.566,0.685,0.592,-0.225,0.415,0.089,0.248,0.0,0.729,-0.83,-0.711,0.629,0.583,-0.149,0.873,0.658,0.848,0.304,0.055,0.295,0.757,0.469,-0.153,0.351,0.043,0.538,0.153,0.416,-0.676,0.602,0.762,0.842,0.587,0.658,0.02,0.445,0.793,-0.631,0.766,0.784,0.472,0.817,0.553,-0.128,-0.143,0.409,0.836,-0.678,0.679,0.451,0.268,0.593,-0.486,0.9,0.12,0.26,-0.583,0.405,-0.562,0.455,-0.485,-0.153,0.102,-0.087,0.772,0.4,0.569,0.102,0.362,0.722,-0.111,-0.002,0.842,-0.162,-0.25,0.416,0.14,0.223,0.695,0.592,-0.5,0.737,-0.185,-0.093,-0.537,-0.419,0.678,0.778,0.527,-0.48,0.413,0.376,0.237,-0.372,0.31,0.667,-0.057,-0.077,0.492,-0.3,-0.863,-0.35,-0.892,0.801,0.274,0.793,0.032,0.597,0.4,0.854,-0.054,0.299,0.798,0.101,0.494,-0.826,-0.171,-0.465,-0.333,0.443,-0.202,0.278,-0.678,0.762,0.688,0.383,-0.236,0.683,-0.818,0.538,0.034,-0.767,0.87,0.325,0.219,0.446,-0.188,0.508,-0.087,-0.147,-0.67,0.393,-0.574,0.741,0.407,0.873,0.491,0.208,-0.246,0.759,0.905,0.585,0.763,0.346,0.749,0.668,0.091,0.035,-0.472,0.492,-0.54,0.499,0.683,0.133,0.607,0.717,-0.763,0.817,0.794,0.453,0.535,-0.402,0.254,0.676,0.489,0.627,-0.178,0.09,0.577,-0.683,-0.596,0.853,0.579,-0.142,0.462,0.555,0.722,0.669,-0.612,0.466,0.331,0.766,0.382,0.564,0.364,-0.733,-0.027,0.305,0.365
AMWD,-0.557,-0.621,0.844,0.62,-0.488,0.795,0.518,0.727,0.729,0.0,-0.616,-0.525,0.858,0.631,-0.428,0.757,0.372,0.628,0.295,-0.116,0.734,0.907,0.806,-0.71,0.741,-0.228,0.476,0.665,0.076,-0.854,0.769,0.953,0.904,0.847,0.832,0.561,0.84,0.8,-0.902,0.52,0.935,0.79,0.804,0.314,-0.352,-0.588,0.581,0.458,-0.773,0.895,0.747,0.73,0.13,-0.86,0.845,-0.071,0.544,-0.594,0.766,-0.444,0.862,-0.415,-0.651,0.519,0.405,0.926,0.598,0.838,0.474,-0.14,0.883,0.259,-0.531,0.64,-0.163,-0.63,0.114,0.597,-0.211,0.796,0.864,-0.881,0.763,-0.16,0.302,-0.801,-0.858,0.677,0.856,0.826,-0.786,-0.122,0.495,0.644,-0.289,0.537,0.854,0.513,0.268,0.896,-0.687,-0.671,-0.744,-0.719,0.782,0.761,0.577,-0.434,0.934,0.825,0.749,0.233,0.774,0.873,0.595,0.161,-0.873,-0.617,-0.781,-0.05,0.002,-0.652,0.127,-0.879,0.906,0.907,0.734,-0.708,0.941,-0.898,0.17,0.062,-0.689,0.872,0.685,-0.348,0.843,-0.155,0.918,0.041,-0.415,-0.471,0.739,-0.104,0.924,0.654,0.837,0.774,-0.401,-0.048,0.351,0.861,0.721,0.586,0.337,0.92,0.939,0.388,0.514,-0.664,0.819,-0.815,0.579,0.968,-0.366,0.435,0.958,-0.466,0.663,0.765,0.872,0.808,-0.772,0.685,0.945,0.809,0.91,0.183,0.598,0.775,-0.676,-0.888,0.942,0.796,-0.191,0.288,0.378,0.427,0.908,-0.814,0.462,0.226,0.94,0.818,0.946,0.801,-0.579,0.479,0.093,-0.123
ARDX,0.088,0.529,-0.623,-0.333,0.337,-0.207,-0.012,-0.014,-0.83,-0.616,0.0,0.623,-0.511,-0.33,0.335,-0.809,-0.475,-0.735,-0.149,-0.081,-0.322,-0.733,-0.395,0.18,-0.416,-0.156,-0.622,-0.067,-0.145,0.555,-0.488,-0.591,-0.675,-0.558,-0.418,0.101,-0.463,-0.741,0.647,-0.782,-0.709,-0.215,-0.781,-0.63,0.336,0.1,-0.273,-0.72,0.684,-0.561,-0.393,-0.285,-0.561,0.514,-0.759,-0.251,-0.26,0.713,-0.503,0.552,-0.472,0.481,0.179,-0.181,0.084,-0.634,-0.25,-0.32,0.091,-0.369,-0.643,0.28,0.088,-0.743,0.283,0.15,-0.232,-0.218,-0.205,-0.756,-0.665,0.44,-0.738,0.306,0.184,0.589,0.433,-0.549,-0.564,-0.244,0.612,-0.244,-0.188,-0.084,0.581,-0.107,-0.532,0.031,0.244,-0.44,0.141,0.877,0.138,0.804,-0.705,-0.14,-0.817,0.011,-0.484,-0.327,-0.723,0.104,-0.221,-0.695,-0.064,-0.48,0.66,-0.046,0.375,0.576,-0.583,0.222,-0.085,0.675,-0.617,-0.722,-0.466,0.198,-0.575,0.694,-0.386,0.354,0.665,-0.732,-0.382,-0.099,-0.305,0.085,-0.415,0.136,0.351,0.788,-0.4,0.558,-0.528,-0.271,-0.845,-0.573,-0.129,0.123,-0.676,-0.857,-0.358,-0.605,-0.451,-0.542,-0.542,-0.151,0.102,0.333,-0.328,0.541,-0.301,-0.546,-0.256,-0.554,-0.573,0.816,-0.8,-0.625,-0.476,-0.434,0.338,-0.264,-0.56,-0.434,-0.465,0.367,-0.142,-0.296,0.676,0.541,-0.759,-0.497,0.06,-0.53,-0.613,-0.675,-0.49,0.714,-0.192,-0.349,-0.727,-0.36,-0.505,-0.445,0.911,0.249,-0.422,-0.211
ARQT,-0.058,0.617,-0.307,-0.182,-0.11,-0.196,-0.029,-0.159,-0.711,-0.525,0.623,0.0,-0.534,-0.618,0.272,-0.829,-0.259,-0.714,-0.145,-0.497,-0.365,-0.494,-0.417,0.085,-0.418,-0.28,-0.653,-0.052,-0.21,0.644,-0.692,-0.467,-0.587,-0.599,-0.592,0.152,-0.399,-0.719,0.437,-0.37,-0.626,-0.239,-0.684,-0.317,-0.088,0.286,0.143,-0.682,0.308,-0.552,-0.486,-0.34,-0.36,0.211,-0.772,-0.256,-0.098,0.096,-0.474,0.855,-0.306,0.504,0.182,-0.322,-0.097,-0.644,0.072,-0.37,0.055,-0.462,-0.351,0.475,-0.069,-0.767,-0.112,0.019,0.048,-0.351,-0.452,-0.536,-0.468,0.203,-0.785,-0.319,0.324,0.505,0.156,-0.628,-0.657,-0.428,0.279,-0.25,0.027,-0.233,0.005,-0.12,-0.372,0.081,0.48,-0.372,0.397,0.604,0.134,0.733,-0.394,-0.09,-0.598,-0.023,-0.384,-0.353,-0.856,0.315,-0.125,-0.625,0.065,-0.18,0.625,0.161,0.323,0.368,-0.343,0.047,-0.51,0.495,-0.568,-0.636,-0.344,-0.038,-0.585,0.632,-0.612,-0.175,0.814,-0.699,-0.452,-0.395,-0.125,0.29,-0.38,0.415,0.065,0.252,-0.203,0.357,-0.62,-0.241,-0.61,-0.464,-0.251,0.382,-0.589,-0.719,-0.637,-0.377,-0.547,-0.557,-0.552,-0.205,0.03,0.133,-0.515,0.436,-0.115,-0.443,-0.258,-0.154,-0.596,0.356,-0.631,-0.81,-0.288,-0.237,0.167,-0.385,-0.481,-0.249,-0.373,0.453,-0.081,-0.288,0.264,0.482,-0.673,-0.684,0.336,-0.588,-0.814,-0.35,-0.579,0.603,-0.628,-0.358,-0.602,-0.359,-0.385,-0.217,0.573,0.165,-0.479,-0.079
ASTE,-0.484,-0.66,0.665,0.464,-0.269,0.644,0.549,0.707,0.629,0.858,-0.511,-0.534,0.0,0.523,-0.332,0.67,0.215,0.551,0.251,0.038,0.756,0.786,0.816,-0.644,0.735,-0.245,0.477,0.67,0.063,-0.784,0.855,0.818,0.776,0.856,0.788,0.494,0.8,0.765,-0.8,0.356,0.845,0.714,0.667,0.17,-0.329,-0.586,0.397,0.332,-0.58,0.812,0.836,0.738,0.02,-0.765,0.722,0.026,0.543,-0.381,0.737,-0.44,0.777,-0.412,-0.604,0.59,0.498,0.792,0.356,0.791,0.448,-0.121,0.731,0.136,-0.502,0.511,-0.079,-0.523,-0.013,0.638,-0.045,0.674,0.773,-0.758,0.817,0.089,0.253,-0.772,-0.732,0.622,0.805,0.697,-0.667,-0.128,0.295,0.678,-0.163,0.488,0.715,0.492,0.148,0.836,-0.633,-0.478,-0.656,-0.616,0.615,0.655,0.448,-0.371,0.87,0.81,0.711,-0.036,0.771,0.705,0.533,0.032,-0.706,-0.657,-0.778,0.048,-0.097,-0.458,0.111,-0.792,0.884,0.827,0.727,-0.547,0.825,-0.819,0.21,0.135,-0.673,0.797,0.69,-0.33,0.703,-0.19,0.842,0.032,-0.308,-0.262,0.656,0.048,0.845,0.468,0.697,0.723,-0.372,0.027,0.194,0.731,0.661,0.413,0.468,0.881,0.887,0.478,0.5,-0.506,0.839,-0.661,0.495,0.831,-0.338,0.319,0.894,-0.293,0.511,0.695,0.761,0.717,-0.669,0.716,0.808,0.782,0.773,0.132,0.599,0.631,-0.474,-0.854,0.828,0.823,-0.295,0.247,0.399,0.303,0.867,-0.791,0.56,0.239,0.822,0.79,0.846,0.748,-0.469,0.353,0.216,-0.218
AUPH,-0.245,-0.31,0.312,0.567,-0.066,0.659,0.096,0.447,0.583,0.631,-0.33,-0.618,0.523,0.0,-0.142,0.688,0.422,0.565,0.051,0.021,0.33,0.528,0.38,-0.254,0.291,-0.066,0.209,0.289,0.471,-0.779,0.548,0.673,0.756,0.421,0.726,0.32,0.373,0.502,-0.529,0.213,0.613,0.538,0.608,0.111,0.227,-0.293,0.282,0.556,-0.553,0.617,0.267,0.302,0.198,-0.361,0.771,-0.153,0.16,-0.142,0.316,-0.569,0.342,-0.207,-0.235,0.191,0.099,0.694,0.469,0.641,0.324,0.09,0.406,0.036,-0.067,0.764,-0.054,-0.367,0.179,0.246,-0.013,0.621,0.411,-0.439,0.513,0.1,-0.164,-0.383,-0.36,0.358,0.73,0.745,-0.322,0.065,0.492,0.425,0.207,0.186,0.622,0.189,0.174,0.457,-0.637,-0.549,-0.456,-0.727,0.575,0.482,0.38,-0.181,0.482,0.388,0.689,0.148,0.289,0.757,0.108,0.132,-0.746,-0.411,-0.451,-0.159,0.101,-0.257,0.46,-0.473,0.596,0.554,0.188,-0.329,0.672,-0.758,0.376,0.466,-0.549,0.644,0.296,0.127,0.519,-0.502,0.496,-0.258,-0.006,-0.272,0.199,-0.332,0.77,0.588,0.596,0.244,0.072,-0.451,0.526,0.652,0.739,0.585,0.03,0.656,0.594,-0.139,0.387,-0.474,0.56,-0.424,0.562,0.584,-0.243,0.258,0.652,-0.163,0.469,0.673,0.446,0.445,-0.285,0.286,0.642,0.221,0.598,0.091,0.015,0.683,-0.302,-0.565,0.628,0.458,-0.224,0.194,0.323,0.252,0.649,-0.463,0.467,0.052,0.687,0.393,0.54,0.208,-0.253,0.393,-0.046,0.214
AVXL,0.226,0.633,-0.305,0.219,0.58,-0.228,-0.513,-0.349,-0.149,-0.428,0.335,0.272,-0.332,-0.142,0.0,-0.313,0.33,-0.119,0.024,-0.213,-0.573,-0.421,-0.596,0.622,-0.715,0.079,-0.593,-0.439,0.56,0.424,-0.522,-0.276,-0.273,-0.569,-0.353,-0.256,-0.629,-0.472,0.439,-0.166,-0.334,-0.256,-0.292,-0.074,0.49,0.702,0.049,-0.024,0.18,-0.497,-0.474,-0.685,0.304,0.46,-0.246,-0.258,-0.245,0.15,-0.706,0.236,-0.557,0.481,0.678,-0.665,-0.578,-0.46,0.001,-0.256,-0.006,0.053,-0.236,-0.03,0.614,-0.194,-0.152,0.203,0.487,-0.66,-0.002,-0.399,-0.602,0.397,-0.416,0.062,-0.166,0.626,0.456,-0.4,-0.31,-0.255,0.519,0.597,0.23,-0.4,0.174,-0.105,-0.177,-0.343,0.224,-0.567,0.469,0.139,0.187,0.132,-0.13,-0.298,-0.131,0.463,-0.438,-0.588,-0.315,0.191,-0.394,-0.453,-0.439,0.356,0.247,0.273,0.397,0.136,0.061,0.639,0.163,0.552,-0.325,-0.539,-0.659,0.465,-0.48,0.334,0.102,0.351,0.484,-0.266,-0.717,0.257,-0.301,0.122,-0.449,0.138,0.669,0.024,-0.572,-0.279,-0.249,-0.269,-0.271,-0.682,0.551,-0.312,0.124,-0.34,-0.227,0.154,-0.356,-0.296,-0.499,-0.505,-0.139,0.041,-0.47,0.702,0.177,-0.434,0.222,0.238,-0.401,0.077,-0.224,-0.447,-0.616,-0.3,0.391,-0.68,-0.48,-0.405,-0.386,0.111,-0.624,-0.063,0.191,0.431,-0.39,-0.51,0.44,-0.205,-0.344,0.19,-0.41,0.568,-0.2,0.159,-0.431,-0.651,-0.524,-0.589,0.381,-0.168,-0.015,0.576
AZTA,-0.104,-0.616,0.626,0.412,-0.128,0.37,0.126,0.25,0.873,0.757,-0.809,-0.829,0.67,0.688,-0.313,0.0,0.48,0.867,0.2,0.284,0.466,0.761,0.489,-0.244,0.487,0.244,0.645,0.142,0.234,-0.764,0.691,0.728,0.835,0.684,0.623,0.042,0.537,0.857,-0.702,0.619,0.834,0.412,0.919,0.503,-0.153,-0.238,0.201,0.744,-0.652,0.67,0.51,0.396,0.523,-0.493,0.921,0.206,0.292,-0.471,0.588,-0.8,0.478,-0.483,-0.256,0.288,0.034,0.809,0.272,0.55,0.132,0.394,0.64,-0.318,-0.054,0.932,-0.187,-0.217,0.225,0.352,0.199,0.841,0.728,-0.491,0.842,0.052,-0.253,-0.579,-0.46,0.664,0.724,0.533,-0.521,0.198,0.211,0.265,-0.219,0.225,0.689,0.021,-0.232,0.576,-0.425,-0.822,-0.329,-0.917,0.73,0.25,0.842,0.024,0.572,0.457,0.912,-0.101,0.294,0.847,0.135,0.446,-0.801,-0.189,-0.449,-0.492,0.465,-0.216,0.433,-0.646,0.722,0.825,0.478,-0.207,0.706,-0.828,0.496,0.009,-0.8,0.902,0.482,0.153,0.393,-0.166,0.58,-0.144,-0.22,-0.573,0.371,-0.504,0.76,0.337,0.886,0.587,0.163,-0.242,0.725,0.931,0.608,0.61,0.533,0.722,0.706,0.213,0.051,-0.351,0.516,-0.539,0.384,0.656,0.137,0.482,0.761,-0.56,0.739,0.843,0.545,0.558,-0.365,0.412,0.668,0.46,0.582,-0.291,0.167,0.468,-0.467,-0.624,0.864,0.712,-0.185,0.667,0.743,0.611,0.738,-0.695,0.534,0.278,0.842,0.467,0.605,0.429,-0.795,-0.038,0.446,0.145
BAND,-0.008,0.089,0.434,0.769,-0.161,0.32,-0.313,-0.041,0.658,0.372,-0.475,-0.259,0.215,0.422,0.33,0.48,0.0,0.571,0.295,-0.294,-0.225,0.371,-0.047,0.244,-0.244,0.016,-0.012,-0.134,0.731,-0.285,-0.004,0.528,0.571,-0.003,0.305,-0.067,-0.084,0.253,-0.253,0.577,0.405,0.233,0.519,0.573,0.273,0.384,0.562,0.728,-0.554,0.257,-0.075,-0.275,0.73,-0.146,0.602,-0.336,0.047,-0.578,-0.176,-0.142,0.05,-0.08,0.334,-0.475,-0.491,0.359,0.482,0.292,0.184,0.281,0.498,0.088,0.378,0.605,-0.351,-0.232,0.76,-0.427,0.07,0.405,0.072,-0.251,0.209,-0.375,-0.128,-0.004,-0.128,0.282,0.41,0.33,-0.15,0.656,0.695,-0.143,-0.336,0.124,0.491,-0.212,0.301,0.004,0.048,-0.716,-0.198,-0.658,0.678,0.16,0.554,0.284,0.202,-0.106,0.484,0.316,-0.033,0.439,-0.159,0.66,-0.595,0.104,-0.095,-0.18,0.469,0.093,0.284,-0.253,0.358,0.203,-0.185,-0.099,0.303,-0.467,0.464,0.218,-0.249,0.489,-0.296,0.308,0.271,0.015,0.153,0.018,0.275,-0.676,0.035,-0.753,0.451,0.341,0.584,-0.042,0.443,-0.387,0.801,0.552,0.392,0.871,-0.195,0.347,0.182,-0.383,0.049,-0.592,0.034,-0.065,0.594,0.347,0.207,0.806,0.295,-0.627,0.623,0.288,0.02,0.212,-0.146,-0.322,0.302,0.102,0.331,0.098,-0.342,0.499,-0.585,-0.183,0.438,0.056,0.351,0.149,0.118,0.71,0.224,-0.096,-0.018,0.352,0.373,-0.145,0.162,-0.075,-0.326,0.027,-0.016,0.804
BECN,0.038,-0.475,0.568,0.426,-0.036,0.227,0.051,0.122,0.848,0.628,-0.735,-0.714,0.551,0.565,-0.119,0.867,0.571,0.0,0.187,0.29,0.356,0.645,0.3,-0.035,0.321,0.299,0.529,-0.002,0.364,-0.543,0.555,0.619,0.699,0.557,0.535,-0.104,0.358,0.75,-0.478,0.678,0.727,0.282,0.803,0.592,0.013,-0.021,0.226,0.771,-0.548,0.519,0.364,0.213,0.619,-0.331,0.842,0.195,0.202,-0.485,0.426,-0.683,0.338,-0.493,0.002,0.131,-0.134,0.653,0.318,0.451,0.074,0.52,0.578,-0.333,0.157,0.849,-0.113,-0.09,0.385,0.176,0.333,0.652,0.537,-0.314,0.74,0.007,-0.208,-0.404,-0.272,0.656,0.593,0.371,-0.363,0.393,0.222,0.106,-0.281,0.187,0.59,-0.137,-0.216,0.393,-0.198,-0.776,-0.257,-0.833,0.671,0.098,0.825,0.192,0.426,0.292,0.853,-0.167,0.176,0.677,0.044,0.538,-0.661,-0.069,-0.271,-0.449,0.48,-0.064,0.379,-0.523,0.602,0.663,0.343,-0.074,0.531,-0.663,0.648,0.044,-0.707,0.836,0.32,0.266,0.254,0.003,0.449,-0.041,-0.048,-0.562,0.293,-0.566,0.638,0.24,0.776,0.457,0.291,-0.221,0.752,0.813,0.477,0.63,0.465,0.598,0.534,0.12,-0.1,-0.315,0.339,-0.351,0.361,0.541,0.262,0.524,0.585,-0.588,0.755,0.699,0.351,0.424,-0.254,0.238,0.495,0.368,0.452,-0.295,0.035,0.366,-0.472,-0.423,0.719,0.572,-0.047,0.613,0.664,0.678,0.606,-0.533,0.463,0.436,0.679,0.274,0.433,0.248,-0.715,-0.193,0.461,0.318
BFC,-0.181,-0.117,0.338,0.29,-0.228,0.213,0.185,0.27,0.304,0.295,-0.149,-0.145,0.251,0.051,0.024,0.2,0.295,0.187,0.0,-0.097,0.092,0.294,0.229,-0.13,0.139,-0.171,0.116,0.114,0.129,-0.105,0.175,0.311,0.263,0.232,0.246,0.179,0.194,0.201,-0.159,0.207,0.281,0.299,0.245,0.101,-0.111,-0.147,0.321,0.138,-0.174,0.227,0.189,0.144,0.171,-0.183,0.26,-0.071,0.23,-0.241,0.099,-0.026,0.253,-0.096,-0.146,0.054,0.004,0.275,0.086,0.249,0.38,0.011,0.386,0.135,-0.071,0.122,0.024,-0.12,0.268,0.054,0.006,0.138,0.156,-0.229,0.133,-0.208,0.179,-0.09,-0.181,0.326,0.197,0.282,-0.043,0.227,0.214,0.119,-0.095,0.441,0.335,0.034,0.142,0.19,-0.07,-0.174,-0.255,-0.214,0.231,0.196,0.246,0.013,0.256,0.204,0.236,0.139,0.209,0.19,0.314,0.214,-0.292,-0.163,-0.161,0.055,0.003,-0.149,0.113,-0.205,0.324,0.187,0.17,-0.164,0.231,-0.272,0.201,0.167,-0.145,0.243,0.119,-0.054,0.259,0.076,0.283,0.242,0.093,-0.152,0.193,-0.049,0.273,0.083,0.246,0.205,-0.044,0.024,0.149,0.236,0.117,0.195,0.122,0.277,0.238,0.107,0.026,-0.327,0.225,-0.211,0.147,0.314,-0.093,0.294,0.284,-0.275,0.261,0.294,0.186,0.247,-0.267,0.145,0.234,0.276,0.339,0.216,0.147,0.381,-0.23,-0.219,0.297,0.261,-0.026,0.094,0.044,0.241,0.305,-0.083,0.181,0.087,0.169,0.17,0.194,0.189,-0.135,0.138,-0.008,0.055
BGC,0.583,-0.362,-0.204,-0.549,0.484,-0.487,-0.028,-0.247,0.055,-0.116,-0.081,-0.497,0.038,0.021,-0.213,0.284,-0.294,0.29,-0.097,0.0,0.146,-0.141,0.013,0.218,0.182,0.557,0.584,-0.276,-0.261,0.04,0.323,-0.271,-0.128,0.24,-0.006,-0.518,0.013,0.236,0.204,-0.084,-0.003,-0.328,0.157,0.118,0.116,-0.1,-0.726,0.173,0.454,-0.082,0.163,0.111,0.099,0.354,0.078,0.558,-0.305,0.402,0.251,-0.559,-0.161,-0.441,0.094,0.287,0.107,-0.035,-0.634,-0.191,-0.382,0.641,-0.309,-0.739,0.237,0.231,0.301,0.456,-0.304,0.239,0.687,0.023,0.039,0.409,0.398,0.645,-0.381,-0.014,0.372,0.32,-0.016,-0.2,0.232,0.043,-0.686,-0.166,0.273,-0.237,-0.312,-0.233,-0.79,-0.092,0.099,0.101,0.418,-0.068,-0.296,-0.466,0.183,0.364,-0.206,-0.033,0.315,-0.669,-0.296,-0.032,-0.235,-0.093,0.186,0.24,0.282,-0.31,0.22,0.322,0.299,0.095,-0.104,0.133,0.138,0.504,-0.082,0.091,0.429,0.057,-0.42,0.112,0.274,0.464,-0.523,0.169,-0.145,-0.311,0.031,0.347,-0.06,0.063,-0.101,-0.311,-0.063,0.201,0.289,-0.004,0.122,0.09,0.018,-0.388,0.619,-0.107,-0.043,0.35,-0.355,0.551,0.016,0.107,-0.576,-0.219,0.537,-0.369,-0.065,0.229,0.091,0.274,-0.172,-0.269,0.353,0.202,-0.218,-0.138,-0.305,-0.665,0.003,-0.479,0.445,0.196,-0.04,0.387,-0.249,0.555,0.73,-0.142,0.03,-0.064,0.462,0.215,-0.057,-0.024,-0.187,-0.166,-0.159,-0.524,0.639,-0.249
BHF,-0.464,-0.659,0.527,0.076,-0.3,0.53,0.678,0.711,0.295,0.734,-0.322,-0.365,0.756,0.33,-0.573,0.466,-0.225,0.356,0.092,0.146,0.0,0.672,0.783,-0.833,0.928,-0.178,0.488,0.718,-0.405,-0.628,0.782,0.583,0.527,0.88,0.626,0.573,0.919,0.633,-0.718,0.158,0.709,0.567,0.497,-0.04,-0.481,-0.757,0.168,-0.038,-0.406,0.674,0.814,0.929,-0.316,-0.751,0.468,0.178,0.591,-0.224,0.93,-0.372,0.852,-0.345,-0.782,0.899,0.757,0.661,0.288,0.611,0.404,-0.251,0.54,0.103,-0.718,0.252,0.101,-0.458,-0.396,0.929,-0.195,0.575,0.825,-0.668,0.689,0.171,0.358,-0.804,-0.738,0.493,0.551,0.534,-0.684,-0.541,-0.015,0.718,-0.08,0.403,0.537,0.621,0.02,0.883,-0.688,-0.205,-0.581,-0.29,0.327,0.611,0.256,-0.593,0.787,0.888,0.471,-0.055,0.796,0.544,0.723,-0.232,-0.437,-0.658,-0.693,0.016,-0.268,-0.644,-0.012,-0.689,0.677,0.817,0.907,-0.576,0.694,-0.571,-0.055,-0.087,-0.502,0.601,0.918,-0.565,0.618,-0.037,0.825,0.016,-0.571,-0.047,0.726,0.356,0.622,0.352,0.461,0.832,-0.657,0.239,-0.153,0.511,0.418,0.02,0.552,0.676,0.808,0.642,0.447,-0.285,0.776,-0.698,0.168,0.704,-0.447,-0.052,0.756,-0.073,0.253,0.527,0.851,0.67,-0.612,0.931,0.688,0.754,0.634,0.098,0.85,0.393,-0.265,-0.732,0.647,0.778,-0.364,0.252,0.348,0.007,0.771,-0.768,0.468,0.091,0.688,0.911,0.822,0.855,-0.403,0.369,0.237,-0.635
BHFAL,-0.483,-0.645,0.792,0.523,-0.5,0.668,0.487,0.586,0.757,0.907,-0.733,-0.494,0.786,0.528,-0.421,0.761,0.371,0.645,0.294,-0.141,0.672,0.0,0.721,-0.631,0.697,-0.203,0.463,0.547,0.101,-0.775,0.727,0.881,0.854,0.788,0.704,0.468,0.786,0.799,-0.887,0.582,0.881,0.698,0.792,0.336,-0.471,-0.453,0.558,0.448,-0.828,0.827,0.673,0.636,0.22,-0.857,0.808,-0.017,0.606,-0.669,0.705,-0.404,0.799,-0.409,-0.57,0.45,0.283,0.861,0.586,0.76,0.368,-0.08,0.835,0.205,-0.475,0.623,-0.234,-0.543,0.142,0.524,-0.225,0.801,0.876,-0.819,0.733,-0.25,0.187,-0.765,-0.805,0.554,0.746,0.691,-0.771,-0.104,0.402,0.509,-0.406,0.446,0.836,0.338,0.166,0.823,-0.595,-0.697,-0.629,-0.737,0.812,0.605,0.652,-0.348,0.845,0.731,0.705,0.114,0.697,0.834,0.499,0.276,-0.804,-0.477,-0.715,-0.19,0.142,-0.624,0.051,-0.831,0.869,0.864,0.707,-0.648,0.81,-0.882,0.127,-0.118,-0.627,0.843,0.616,-0.352,0.763,-0.192,0.802,0.094,-0.446,-0.607,0.628,-0.203,0.819,0.489,0.872,0.718,-0.303,0.046,0.388,0.845,0.507,0.602,0.38,0.874,0.867,0.343,0.339,-0.577,0.683,-0.759,0.595,0.872,-0.322,0.461,0.879,-0.588,0.628,0.728,0.845,0.825,-0.645,0.607,0.866,0.747,0.853,0.137,0.501,0.67,-0.647,-0.837,0.901,0.684,-0.249,0.318,0.339,0.556,0.841,-0.824,0.392,0.163,0.898,0.739,0.863,0.775,-0.724,0.335,0.112,-0.069
BKNG,-0.573,-0.774,0.651,0.294,-0.451,0.659,0.765,0.808,0.469,0.806,-0.395,-0.417,0.816,0.38,-0.596,0.489,-0.047,0.3,0.229,0.013,0.783,0.721,0.0,-0.807,0.871,-0.437,0.563,0.83,-0.225,-0.726,0.855,0.722,0.67,0.883,0.793,0.58,0.878,0.693,-0.754,0.232,0.726,0.759,0.461,0.036,-0.471,-0.842,0.33,0.182,-0.424,0.893,0.863,0.887,-0.257,-0.802,0.554,0.013,0.486,-0.288,0.807,-0.24,0.861,-0.516,-0.843,0.733,0.701,0.769,0.278,0.753,0.363,-0.27,0.651,0.345,-0.724,0.304,0.128,-0.543,-0.281,0.754,-0.129,0.538,0.761,-0.788,0.692,-0.009,0.482,-0.873,-0.778,0.626,0.771,0.723,-0.674,-0.348,0.171,0.754,-0.158,0.506,0.548,0.588,0.127,0.871,-0.716,-0.274,-0.66,-0.386,0.465,0.717,0.215,-0.581,0.887,0.942,0.55,-0.036,0.827,0.687,0.641,-0.262,-0.594,-0.734,-0.804,0.208,-0.305,-0.735,-0.136,-0.847,0.811,0.761,0.84,-0.717,0.85,-0.712,-0.007,0.067,-0.668,0.647,0.817,-0.375,0.721,-0.237,0.837,-0.053,-0.526,-0.076,0.812,0.345,0.727,0.542,0.516,0.818,-0.626,0.181,-0.075,0.587,0.59,0.195,0.402,0.808,0.889,0.588,0.541,-0.425,0.926,-0.856,0.29,0.836,-0.455,0.002,0.835,-0.176,0.41,0.716,0.841,0.636,-0.73,0.854,0.856,0.867,0.82,0.169,0.804,0.55,-0.454,-0.83,0.734,0.823,-0.506,0.042,0.283,0.055,0.79,-0.787,0.495,0.128,0.733,0.925,0.878,0.851,-0.36,0.498,0.0,-0.463
BL,0.697,0.539,-0.557,-0.184,0.575,-0.706,-0.772,-0.832,-0.153,-0.71,0.18,0.085,-0.644,-0.254,0.622,-0.244,0.244,-0.035,-0.13,0.218,-0.833,-0.631,-0.807,0.0,-0.843,0.456,-0.284,-0.858,0.455,0.611,-0.618,-0.611,-0.491,-0.738,-0.578,-0.779,-0.88,-0.481,0.717,-0.091,-0.599,-0.714,-0.311,0.122,0.605,0.866,-0.405,0.185,0.455,-0.695,-0.711,-0.891,0.526,0.841,-0.328,0.021,-0.651,0.303,-0.789,0.047,-0.87,0.211,0.944,-0.774,-0.778,-0.643,-0.413,-0.648,-0.524,0.529,-0.558,-0.478,0.947,-0.058,-0.07,0.63,0.333,-0.807,0.483,-0.459,-0.75,0.804,-0.414,0.097,-0.601,0.774,0.847,-0.381,-0.516,-0.628,0.743,0.657,-0.165,-0.766,0.145,-0.514,-0.541,-0.729,-0.344,-0.887,0.739,0.105,0.705,0.13,-0.313,-0.796,-0.03,0.776,-0.824,-0.911,-0.252,-0.198,-0.875,-0.523,-0.843,0.38,0.451,0.765,0.764,-0.24,0.455,0.845,0.259,0.715,-0.634,-0.669,-0.829,0.811,-0.702,0.532,0.289,0.16,0.317,-0.405,-0.8,0.766,-0.797,0.144,-0.832,-0.148,0.604,0.04,-0.783,-0.487,-0.571,-0.492,-0.353,-0.747,0.88,-0.329,0.318,-0.373,-0.391,-0.02,-0.202,-0.645,-0.79,-0.563,-0.626,0.451,-0.764,0.804,-0.272,-0.747,0.72,0.04,-0.714,0.028,-0.134,-0.415,-0.891,-0.692,0.749,-0.856,-0.76,-0.751,-0.742,-0.4,-0.891,-0.521,0.356,0.753,-0.567,-0.598,0.33,0.061,0.001,0.128,-0.697,0.672,-0.255,0.124,-0.611,-0.921,-0.859,-0.904,0.242,-0.657,0.135,0.667
BOKF,-0.432,-0.743,0.538,0.013,-0.414,0.5,0.708,0.682,0.351,0.741,-0.416,-0.418,0.735,0.291,-0.715,0.487,-0.244,0.321,0.139,0.182,0.928,0.697,0.871,-0.843,0.0,-0.232,0.659,0.715,-0.45,-0.622,0.838,0.567,0.537,0.914,0.658,0.5,0.959,0.684,-0.711,0.217,0.703,0.543,0.506,-0.006,-0.543,-0.849,0.122,0.046,-0.371,0.75,0.856,0.971,-0.321,-0.741,0.483,0.257,0.512,-0.246,0.961,-0.349,0.894,-0.476,-0.854,0.925,0.776,0.699,0.193,0.572,0.251,-0.194,0.541,0.108,-0.773,0.262,0.176,-0.434,-0.458,0.938,-0.091,0.59,0.836,-0.651,0.729,0.101,0.351,-0.872,-0.718,0.556,0.593,0.545,-0.709,-0.536,-0.077,0.7,-0.128,0.374,0.477,0.605,-0.078,0.877,-0.667,-0.233,-0.483,-0.291,0.316,0.596,0.27,-0.628,0.799,0.918,0.493,-0.132,0.758,0.598,0.698,-0.263,-0.44,-0.604,-0.707,-0.021,-0.199,-0.72,-0.078,-0.774,0.694,0.831,0.958,-0.605,0.752,-0.603,-0.026,-0.145,-0.599,0.571,0.971,-0.482,0.586,-0.078,0.798,-0.042,-0.672,-0.081,0.773,0.374,0.595,0.394,0.474,0.898,-0.673,0.26,-0.128,0.566,0.423,0.006,0.578,0.669,0.815,0.673,0.397,-0.251,0.816,-0.817,0.088,0.723,-0.374,-0.105,0.748,-0.152,0.362,0.626,0.875,0.611,-0.593,0.968,0.731,0.76,0.674,-0.011,0.875,0.356,-0.338,-0.728,0.675,0.817,-0.465,0.248,0.415,-0.002,0.749,-0.815,0.455,0.13,0.705,0.951,0.828,0.888,-0.472,0.332,0.223,-0.661
BRKR,0.562,0.024,-0.134,-0.36,0.468,-0.569,-0.491,-0.603,0.043,-0.228,-0.156,-0.28,-0.245,-0.066,0.079,0.244,0.016,0.299,-0.171,0.557,-0.178,-0.203,-0.437,0.456,-0.232,0.0,0.238,-0.663,-0.106,0.183,-0.169,-0.31,-0.19,-0.138,-0.396,-0.683,-0.317,0.073,0.211,0.132,-0.104,-0.545,0.226,0.33,0.102,0.404,-0.505,0.235,0.166,-0.4,-0.266,-0.331,0.476,0.442,0.034,0.466,-0.362,0.084,-0.068,-0.524,-0.388,-0.028,0.401,-0.194,-0.378,-0.166,-0.341,-0.407,-0.429,0.544,-0.25,-0.75,0.516,0.294,-0.142,0.434,0.053,-0.171,0.399,0.021,-0.038,0.448,0.113,0.304,-0.625,0.289,0.387,0.024,-0.28,-0.411,0.243,0.239,-0.42,-0.506,-0.028,-0.427,-0.226,-0.435,-0.6,-0.298,0.438,-0.187,0.488,-0.103,-0.143,-0.643,0.394,0.539,-0.404,-0.422,0.128,-0.22,-0.566,-0.129,-0.432,0.36,0.157,0.568,0.521,-0.599,0.57,0.516,0.458,0.352,-0.36,-0.016,-0.233,0.66,-0.318,0.236,0.259,-0.222,-0.081,0.023,-0.152,0.411,-0.57,0.35,-0.312,-0.061,0.143,-0.141,-0.342,-0.481,-0.245,-0.362,0.045,-0.096,0.536,-0.248,0.397,0.061,-0.168,-0.103,0.283,-0.325,-0.291,-0.02,-0.562,0.456,-0.436,0.37,-0.4,-0.373,0.681,0.069,-0.265,-0.062,0.066,-0.035,-0.366,-0.301,0.357,-0.257,-0.393,-0.414,-0.498,-0.656,-0.374,-0.477,0.259,0.399,-0.077,-0.051,0.358,0.767,0.55,0.181,-0.21,0.172,0.084,0.155,-0.121,-0.401,-0.373,-0.356,-0.251,-0.651,0.66,0.139
CACC,0.161,-0.729,0.369,-0.168,-0.161,0.002,0.248,0.126,0.538,0.476,-0.622,-0.653,0.477,0.209,-0.593,0.645,-0.012,0.529,0.116,0.584,0.488,0.463,0.563,-0.284,0.659,0.238,0.0,0.149,-0.317,-0.413,0.701,0.302,0.416,0.715,0.474,-0.208,0.573,0.702,-0.384,0.393,0.531,0.083,0.577,0.366,-0.326,-0.49,-0.243,0.487,-0.101,0.523,0.563,0.568,0.122,-0.267,0.53,0.499,-0.006,-0.203,0.693,-0.568,0.486,-0.767,-0.393,0.557,0.349,0.515,-0.189,0.213,-0.244,0.455,0.3,-0.407,-0.255,0.519,0.23,0.011,-0.29,0.521,0.547,0.534,0.572,-0.205,0.783,0.157,-0.089,-0.643,-0.226,0.693,0.497,0.219,-0.395,-0.081,-0.323,0.194,-0.176,-0.011,0.133,0.12,-0.578,0.44,-0.241,-0.402,0.041,-0.431,0.219,0.04,0.502,-0.108,0.407,0.487,0.642,-0.479,0.17,0.532,0.216,-0.016,-0.341,-0.062,-0.285,-0.401,0.333,-0.255,0.051,-0.592,0.464,0.66,0.669,-0.059,0.523,-0.458,0.413,-0.169,-0.825,0.538,0.684,0.158,0.049,0.09,0.371,-0.345,-0.471,-0.191,0.527,-0.06,0.346,0.196,0.471,0.735,-0.093,0.057,0.317,0.648,0.357,0.017,0.692,0.404,0.499,0.505,-0.116,0.051,0.468,-0.563,-0.255,0.411,0.341,-0.035,0.464,-0.335,0.621,0.688,0.441,0.17,-0.198,0.58,0.42,0.406,0.305,-0.589,0.446,-0.015,-0.287,-0.334,0.565,0.73,-0.317,0.564,0.801,0.148,0.468,-0.61,0.46,0.384,0.519,0.52,0.424,0.447,-0.601,-0.266,0.56,-0.294
CAR,-0.737,-0.45,0.514,0.366,-0.498,0.761,0.727,0.874,0.153,0.665,-0.067,-0.052,0.67,0.289,-0.439,0.142,-0.134,-0.002,0.114,-0.276,0.718,0.547,0.83,-0.858,0.715,-0.663,0.149,0.0,-0.219,-0.586,0.619,0.63,0.488,0.661,0.676,0.8,0.756,0.376,-0.651,0.054,0.529,0.748,0.178,-0.192,-0.322,-0.77,0.478,-0.133,-0.368,0.739,0.734,0.806,-0.489,-0.79,0.29,-0.295,0.52,-0.194,0.629,0.069,0.781,-0.185,-0.792,0.649,0.748,0.537,0.405,0.701,0.532,-0.61,0.573,0.614,-0.789,0.011,0.021,-0.688,-0.292,0.677,-0.439,0.362,0.558,-0.792,0.391,-0.062,0.659,-0.72,-0.784,0.347,0.599,0.692,-0.635,-0.525,0.354,0.833,-0.011,0.53,0.464,0.769,0.478,0.783,-0.73,-0.02,-0.75,-0.127,0.32,0.876,-0.145,-0.732,0.826,0.859,0.23,0.236,0.913,0.446,0.706,-0.455,-0.437,-0.852,-0.771,0.504,-0.622,-0.772,-0.269,-0.691,0.662,0.553,0.679,-0.842,0.718,-0.522,-0.262,0.169,-0.308,0.379,0.654,-0.634,0.801,-0.236,0.776,0.022,-0.423,0.092,0.718,0.546,0.625,0.586,0.265,0.589,-0.809,0.219,-0.365,0.296,0.518,0.092,0.112,0.678,0.726,0.426,0.784,-0.507,0.832,-0.713,0.388,0.75,-0.725,-0.056,0.7,0.026,0.14,0.357,0.769,0.609,-0.722,0.732,0.747,0.777,0.742,0.506,0.787,0.6,-0.376,-0.782,0.501,0.587,-0.384,-0.31,-0.109,-0.164,0.644,-0.622,0.322,0.008,0.549,0.844,0.815,0.793,-0.012,0.749,-0.321,-0.472
CDNA,0.039,0.278,0.007,0.646,0.197,0.221,-0.324,-0.079,0.416,0.076,-0.145,-0.21,0.063,0.471,0.56,0.234,0.731,0.364,0.129,-0.261,-0.405,0.101,-0.225,0.455,-0.45,-0.106,-0.317,-0.219,0.0,-0.129,-0.092,0.262,0.321,-0.248,0.204,-0.058,-0.32,-0.001,0.02,0.221,0.106,0.15,0.201,0.175,0.552,0.481,0.343,0.516,-0.312,0.071,-0.232,-0.459,0.566,0.124,0.368,-0.378,-0.061,-0.139,-0.454,-0.053,-0.251,0.124,0.495,-0.558,-0.574,0.123,0.328,0.201,0.102,0.223,0.171,0.066,0.551,0.392,-0.181,-0.032,0.657,-0.521,0.079,0.1,-0.237,0.031,-0.022,-0.165,-0.289,0.277,0.165,-0.065,0.251,0.218,0.226,0.679,0.591,-0.143,0.006,0.067,0.312,-0.348,0.272,-0.238,0.04,-0.397,-0.066,-0.472,0.439,0.022,0.255,0.324,-0.069,-0.304,0.263,0.17,-0.177,0.2,-0.423,0.529,-0.35,0.104,0.031,-0.036,0.28,0.314,0.352,0.066,0.178,-0.118,-0.476,0.08,0.06,-0.286,0.421,0.47,-0.015,0.224,-0.484,0.466,0.097,-0.304,-0.109,-0.042,0.525,-0.349,-0.373,-0.592,0.294,0.153,0.278,-0.412,0.604,-0.519,0.601,0.232,0.268,0.706,-0.322,0.197,-0.044,-0.608,0.021,-0.367,-0.07,0.218,0.621,0.069,0.085,0.477,0.069,-0.31,0.293,0.143,-0.221,0.026,0.181,-0.474,0.068,-0.184,0.147,0.158,-0.608,0.405,-0.228,-0.023,0.128,-0.179,0.104,-0.097,-0.089,0.513,0.011,0.137,-0.001,0.155,0.12,-0.336,-0.109,-0.381,-0.02,0.06,-0.195,0.822
CG,0.476,0.647,-0.63,-0.555,0.336,-0.758,-0.346,-0.643,-0.676,-0.854,0.555,0.644,-0.784,-0.779,0.424,-0.764,-0.285,-0.543,-0.105,0.04,-0.628,-0.775,-0.726,0.611,-0.622,0.183,-0.413,-0.586,-0.129,0.0,-0.761,-0.862,-0.87,-0.742,-0.799,-0.455,-0.704,-0.756,0.842,-0.364,-0.84,-0.721,-0.703,-0.214,0.184,0.571,-0.398,-0.5,0.703,-0.846,-0.622,-0.632,-0.053,0.725,-0.834,0.074,-0.447,0.372,-0.646,0.592,-0.667,0.319,0.602,-0.464,-0.366,-0.888,-0.489,-0.796,-0.42,0.073,-0.655,-0.123,0.442,-0.706,0.136,0.544,0.004,-0.524,0.14,-0.755,-0.751,0.756,-0.735,-0.03,-0.087,0.764,0.704,-0.577,-0.883,-0.814,0.689,0.133,-0.406,-0.665,0.073,-0.355,-0.725,-0.392,-0.153,-0.793,0.778,0.63,0.637,0.752,-0.679,-0.672,-0.444,0.406,-0.806,-0.741,-0.761,-0.119,-0.621,-0.884,-0.391,0.015,0.86,0.595,0.753,0.077,0.011,0.52,-0.228,0.793,-0.833,-0.824,-0.569,0.568,-0.894,0.904,-0.232,-0.15,0.717,-0.793,-0.593,0.16,-0.728,0.495,-0.791,0.182,0.294,0.374,-0.587,0.158,-0.889,-0.666,-0.753,-0.611,0.266,0.211,-0.381,-0.799,-0.808,-0.555,-0.247,-0.869,-0.887,-0.201,-0.549,0.553,-0.799,0.753,-0.532,-0.825,0.338,-0.324,-0.906,0.305,-0.543,-0.787,-0.728,-0.667,0.626,-0.6,-0.888,-0.612,-0.794,-0.101,-0.411,-0.706,0.504,0.862,-0.87,-0.714,0.3,-0.23,-0.423,-0.255,-0.844,0.804,-0.52,-0.06,-0.872,-0.728,-0.851,-0.644,0.493,-0.453,-0.056,0.061
