,ACET,ADAP,ADI,ADPT,ADTN,AGEN,ALGN,ALLK,AMD,AMWD,ARDX,ARQT,ASTE,AUPH,AVXL,AZTA,BAND,BECN,BFC,BGC,BHF,BHFAL,BKNG,BL,BOKF,BRKR,CACC,CAR,CDNA,CG,CGBD,CHI,CHTR,CHX,CLNE,CME,CNOB,CNXN,CPRX,CSGP,CSGS,CSIQ,CVCO,CVLT,CYRX,DDOG,DOOO,DSGX,DTIL,ECPG,EEFT,EFSC,ENTG,ESPR,ETSY,EXC,FAMI,FFIV,FITB,FIZZ,FMBH,FOX,FTNT,FULT,GABC,GEN,GH,GMAB,GNPX,GO,GOGL,GOOG,GPRO,GSHD,GSM,GWAV,HAIN,HBAN,HEPA,HURN,HWKN,IBIO,ICFI,IGMS,IMKTA,INCY,INO,IRDM,IRTC,IRWD,ITCI,JACK,JD,JJSF,KALA,KHC,KLAC,KRRO,KRYS,LANC,LBTYA,LIVN,LKCO,LNTH,LOGI,LPRO,LRCX,LSCC,LSTR,MAR,MARA,MCHP,MEOH,META,MGTX,MKSI,MMYT,MORN,MRUS,MTLS,MTSI,MVIS,MXL,NBIX,NFE,NMIH,NMRK,NNDM,NSIT,NTCT,NVAX,OCUL,ODP,OLED,ONB,OTEX,PACB,PATK,PAYX,PEP,PERI,PI,PLYA,PRDO,PRGS,PTGX,QCOM,QCRH,QDEL,QFIN,RGEN,RILY,RPAY,RPD,SABR,SEDG,SHEN,SIRI,SLNO,SNDL,SNEX,SONO,SPT,SSNC,STGW,STKL,STRL,STX,SWTX,SYNA,TFSL,TIGR,TNXP,TOWN,TRI,TRIP,TRMB,TRNS,TRS,TSCO,TSEM,TVTX,TXRH,VC,VCEL,VECO,VIAV,VICR,VIR,VRTX,VSTM,VTRS,WDFC,WSBC,WSC,WYNN,XENE,XNCR,XRAY,ZS
ACET,0.0,0.93,0.328,0.591,-0.563,0.564,-0.443,0.662,-0.318,0.838,0.698,0.658,0.152,-0.069,0.848,0.384,0.516,0.035,0.083,0.757,0.305,0.787,-0.025,0.087,0.184,-0.617,-0.691,-0.443,0.528,-0.036,0.079,0.301,0.209,0.566,0.935,-0.501,-0.231,-0.337,-0.541,-0.579,0.687,0.697,-0.351,0.318,0.284,-0.286,-0.545,-0.277,0.967,0.023,0.167,0.459,-0.12,0.923,0.005,-0.85,0.773,-0.608,0.525,0.073,-0.115,0.528,-0.758,0.052,-0.519,0.894,0.903,-0.73,0.742,0.418,0.664,-0.747,0.779,-0.137,0.617,0.235,-0.27,0.084,0.927,0.321,-0.149,0.834,-0.206,0.49,-0.594,0.942,0.065,-0.33,0.921,-0.712,0.961,0.043,0.307,0.572,0.958,0.764,-0.339,0.868,0.925,-0.529,0.08,-0.358,0.882,0.697,0.842,0.784,-0.135,0.01,0.414,-0.275,0.28,0.477,-0.017,-0.31,0.901,0.724,0.351,0.607,0.759,0.74,0.269,0.868,-0.332,0.732,0.972,0.125,-0.561,0.935,0.024,-0.108,0.327,0.903,-0.235,-0.19,0.725,-0.012,0.373,-0.685,-0.769,-0.944,0.501,0.74,0.733,0.642,0.36,-0.424,-0.472,-0.477,-0.553,0.65,-0.541,0.891,-0.3,-0.749,0.31,0.664,0.736,0.172,0.954,0.77,-0.551,0.683,0.236,-0.637,-0.087,0.908,0.558,0.156,-0.048,0.656,0.496,0.908,0.78,-0.013,-0.799,0.311,-0.154,-0.154,-0.659,0.414,0.295,0.789,-0.148,0.534,0.291,0.069,0.739,-0.472,0.776,-0.327,0.926,0.219,0.619,0.662,-0.332,0.938,0.769,0.883,-0.409,-0.482
ADAP,0.93,0.0,0.344,0.644,-0.528,0.615,-0.396,0.66,-0.273,0.826,0.617,0.711,0.213,0.047,0.809,0.483,0.537,0.084,0.226,0.791,0.383,0.727,-0.016,0.105,0.261,-0.543,-0.602,-0.396,0.536,-0.026,0.175,0.283,0.167,0.554,0.904,-0.392,-0.111,-0.309,-0.359,-0.516,0.707,0.694,-0.321,0.278,0.291,-0.225,-0.499,-0.157,0.941,0.129,0.176,0.524,-0.039,0.917,-0.007,-0.774,0.789,-0.574,0.561,0.123,-0.01,0.445,-0.692,0.16,-0.394,0.782,0.882,-0.62,0.795,0.484,0.618,-0.751,0.814,-0.144,0.581,0.281,-0.221,0.167,0.87,0.308,-0.112,0.865,-0.068,0.535,-0.466,0.901,0.206,-0.225,0.875,-0.578,0.928,0.013,0.435,0.445,0.914,0.682,-0.294,0.856,0.919,-0.548,0.121,-0.309,0.857,0.676,0.792,0.856,-0.108,0.083,0.366,-0.22,0.22,0.484,0.013,-0.383,0.892,0.698,0.342,0.625,0.768,0.78,0.327,0.915,-0.248,0.709,0.94,0.148,-0.495,0.945,0.044,-0.049,0.394,0.9,-0.193,-0.129,0.693,0.015,0.416,-0.599,-0.723,-0.893,0.48,0.721,0.748,0.647,0.396,-0.274,-0.404,-0.373,-0.487,0.655,-0.477,0.819,-0.217,-0.681,0.295,0.695,0.673,0.206,0.952,0.817,-0.448,0.692,0.22,-0.559,-0.087,0.874,0.586,0.065,0.0,0.642,0.57,0.932,0.817,0.074,-0.697,0.276,-0.105,-0.085,-0.616,0.3,0.338,0.759,-0.174,0.534,0.369,0.089,0.745,-0.372,0.759,-0.367,0.938,0.296,0.543,0.676,-0.269,0.918,0.791,0.868,-0.339,-0.433
ADI,0.328,0.344,0.0,0.179,0.15,0.046,0.548,0.198,0.6,0.59,0.239,0.012,0.772,0.558,0.226,0.685,0.225,0.703,0.238,0.661,0.851,0.591,0.581,0.366,0.859,0.145,-0.001,0.406,0.553,0.704,0.43,0.853,0.291,0.829,0.529,0.383,0.602,0.513,0.156,-0.313,0.303,0.78,0.374,-0.149,0.694,0.323,0.387,0.404,0.305,0.673,0.809,0.788,0.65,0.217,-0.081,-0.139,0.37,0.271,0.728,0.365,0.706,0.626,-0.095,0.512,0.362,0.261,0.237,-0.003,0.287,-0.144,0.763,-0.027,0.611,-0.073,0.851,-0.082,-0.283,0.757,0.462,0.717,0.665,0.119,0.203,-0.346,-0.154,0.452,-0.018,0.27,0.467,-0.03,0.423,0.569,0.091,0.128,0.395,-0.002,0.578,0.535,0.272,-0.334,0.71,0.366,0.516,0.562,0.06,0.396,0.519,0.79,0.66,0.65,0.668,0.938,0.603,0.247,0.239,0.438,0.788,0.583,0.364,0.569,0.796,0.499,0.615,0.146,0.384,0.857,0.319,0.488,0.686,0.425,-0.212,0.169,0.49,0.641,0.465,0.657,0.622,0.165,0.168,-0.429,0.76,0.815,0.625,0.785,0.545,0.083,0.554,0.363,-0.207,0.024,0.311,0.606,0.489,-0.06,0.729,0.775,0.335,0.317,0.403,0.498,0.185,0.84,0.44,0.295,0.132,0.375,0.837,0.69,0.546,0.797,0.393,0.402,0.01,0.387,-0.008,0.703,0.715,0.272,0.264,0.253,0.871,0.527,0.135,0.896,0.505,0.804,0.601,0.494,0.122,0.091,0.297,0.775,0.124,0.555,0.554,0.379,0.037,0.287,0.425,0.169
ADPT,0.591,0.644,0.179,0.0,0.033,0.427,-0.183,0.793,0.064,0.47,0.029,0.376,0.126,0.152,0.332,0.606,0.73,0.061,0.162,0.399,0.147,0.436,0.11,0.562,0.111,-0.07,-0.023,0.072,0.72,0.17,0.252,0.163,0.417,0.151,0.591,-0.144,-0.138,0.035,0.092,-0.088,0.299,0.474,0.081,0.518,0.512,0.336,-0.104,0.285,0.514,-0.022,0.104,0.126,0.253,0.39,0.5,-0.251,0.45,-0.176,0.089,0.176,-0.026,0.201,-0.14,-0.241,-0.182,0.342,0.649,-0.113,0.796,0.039,0.221,-0.238,0.556,0.333,0.299,0.084,0.057,-0.005,0.547,0.213,0.064,0.505,-0.231,0.428,-0.287,0.497,0.573,0.325,0.428,-0.029,0.492,0.352,0.005,0.204,0.428,0.448,0.045,0.475,0.501,-0.586,0.328,0.136,0.486,0.512,0.445,0.307,0.195,0.333,-0.109,-0.051,0.338,0.307,0.08,0.03,0.738,0.446,0.04,0.524,0.687,0.578,0.503,0.683,0.039,0.709,0.613,0.101,-0.059,0.631,0.291,-0.258,0.673,0.469,0.116,0.237,0.096,0.226,0.661,-0.045,-0.53,-0.485,0.585,0.424,0.554,0.397,0.556,0.252,-0.118,-0.041,0.227,0.257,-0.064,0.415,0.064,-0.077,0.341,0.621,0.58,0.097,0.557,0.437,0.111,0.437,0.608,-0.139,0.249,0.463,0.286,-0.229,0.319,0.421,0.123,0.508,0.364,-0.112,-0.163,0.331,0.14,0.18,-0.181,-0.066,0.347,0.445,-0.06,0.279,0.35,0.313,0.168,-0.051,0.738,-0.182,0.51,0.269,0.029,0.091,-0.064,0.436,0.689,0.428,0.048,0.112
ADTN,-0.563,-0.528,0.15,0.033,0.0,-0.504,0.532,-0.038,0.669,-0.357,-0.855,-0.691,0.25,0.35,-0.637,0.342,0.133,0.374,-0.172,-0.382,0.122,-0.362,0.611,0.663,0.232,0.828,0.798,0.908,0.292,0.511,0.409,0.236,0.289,-0.214,-0.4,0.742,0.317,0.762,0.622,0.474,-0.567,-0.157,0.791,0.078,0.422,0.866,0.87,0.807,-0.653,0.207,0.261,-0.204,0.72,-0.779,0.598,0.819,-0.568,0.838,-0.264,0.29,0.291,-0.001,0.826,-0.075,0.628,-0.685,-0.602,0.73,-0.077,-0.735,-0.292,0.88,-0.21,0.652,-0.112,-0.401,0.212,0.208,-0.475,0.053,0.436,-0.695,-0.096,-0.432,0.293,-0.607,0.293,0.853,-0.597,0.884,-0.618,0.686,-0.64,-0.273,-0.642,-0.464,0.682,-0.521,-0.73,-0.101,0.558,0.847,-0.46,-0.195,-0.671,-0.657,0.674,0.574,-0.342,0.699,0.415,0.054,0.452,0.786,-0.387,-0.232,0.029,-0.179,-0.23,-0.367,0.378,-0.305,0.644,-0.228,-0.533,0.259,0.853,-0.456,0.63,0.148,0.011,-0.695,0.765,0.707,-0.661,0.631,0.437,0.887,0.57,0.591,0.294,-0.211,-0.072,-0.247,0.454,0.596,0.66,0.667,0.836,-0.626,0.736,-0.465,0.666,0.92,0.447,-0.017,-0.194,0.285,-0.59,-0.374,0.801,-0.111,0.58,0.81,0.64,-0.607,-0.114,-0.068,0.711,-0.204,-0.416,-0.621,-0.773,0.141,0.856,0.364,0.658,0.327,0.905,-0.283,0.187,-0.402,0.495,-0.034,0.215,0.59,-0.607,0.749,-0.265,0.291,-0.649,0.334,-0.729,-0.568,0.656,-0.61,-0.38,-0.71,0.853,0.84
AGEN,0.564,0.615,0.046,0.427,-0.504,0.0,-0.28,0.144,-0.479,0.431,0.407,0.844,0.038,-0.279,0.602,0.358,0.196,0.078,0.302,0.552,0.103,0.26,-0.257,-0.048,0.011,-0.273,-0.426,-0.553,0.022,-0.332,0.202,-0.088,-0.267,0.298,0.446,-0.294,-0.124,-0.566,-0.321,-0.041,0.446,0.227,-0.679,0.551,-0.077,-0.305,-0.388,-0.238,0.622,-0.137,-0.204,0.157,-0.062,0.61,0.004,-0.636,0.597,-0.72,0.338,-0.4,-0.227,0.123,-0.388,0.188,-0.538,0.53,0.769,-0.246,0.542,0.477,0.22,-0.511,0.511,-0.367,0.203,0.292,-0.126,0.064,0.44,-0.122,-0.341,0.669,0.068,0.753,0.054,0.556,-0.036,-0.19,0.413,-0.442,0.579,-0.24,0.635,0.126,0.513,0.369,-0.288,0.374,0.681,-0.134,-0.064,-0.52,0.525,0.092,0.766,0.641,-0.011,-0.116,-0.008,-0.447,-0.283,0.202,-0.004,-0.42,0.564,0.594,0.236,0.26,0.394,0.263,0.084,0.524,-0.348,0.626,0.513,-0.221,-0.622,0.482,-0.245,0.186,0.392,0.702,-0.165,-0.237,0.42,-0.368,-0.008,-0.483,-0.466,-0.469,0.007,0.244,0.471,0.248,0.117,-0.055,-0.298,-0.59,-0.292,0.447,-0.664,0.38,-0.218,-0.437,-0.121,0.315,0.095,-0.247,0.583,0.378,-0.358,0.404,-0.06,-0.519,-0.446,0.523,0.224,0.001,-0.345,0.513,0.498,0.575,0.747,0.039,-0.475,-0.289,-0.214,-0.077,-0.552,0.257,0.077,0.183,-0.139,0.094,0.027,-0.136,0.472,-0.412,0.258,-0.619,0.635,-0.066,0.125,0.426,-0.078,0.625,0.517,0.605,-0.554,-0.254
ALGN,-0.443,-0.396,0.548,-0.183,0.532,-0.28,0.0,-0.277,0.845,-0.159,-0.354,-0.468,0.615,0.598,-0.516,0.262,-0.304,0.629,0.236,-0.026,0.412,0.038,0.341,0.328,0.582,0.723,0.564,0.675,0.1,0.791,0.254,0.484,0.288,0.305,-0.274,0.645,0.771,0.751,0.608,0.355,-0.38,0.123,0.606,-0.3,0.511,0.553,0.815,0.674,-0.474,0.489,0.663,0.33,0.664,-0.532,-0.122,0.532,-0.35,0.683,0.164,0.291,0.72,-0.012,0.535,0.278,0.68,-0.473,-0.44,0.682,-0.3,-0.458,0.117,0.468,-0.093,-0.075,0.318,-0.397,0.11,0.579,-0.262,0.459,0.819,-0.523,0.396,-0.673,0.4,-0.34,-0.076,0.588,-0.289,0.509,-0.37,0.409,-0.161,-0.415,-0.417,-0.607,0.887,-0.142,-0.394,0.089,0.554,0.651,-0.225,0.019,-0.534,-0.228,0.519,0.743,0.23,0.753,0.305,0.472,0.448,0.325,-0.45,-0.27,0.32,0.208,-0.311,0.005,0.514,-0.214,0.902,-0.308,-0.418,0.631,0.732,-0.319,0.621,0.405,-0.472,-0.543,0.537,0.828,-0.231,0.602,0.322,0.76,0.78,0.306,0.211,0.149,-0.094,0.229,0.111,0.596,0.898,0.637,0.307,-0.702,0.757,-0.201,0.501,0.559,0.296,0.221,-0.408,-0.022,-0.373,-0.181,0.708,0.125,0.192,0.819,0.021,-0.374,0.285,0.504,0.542,0.18,-0.123,-0.396,-0.577,0.282,0.675,0.321,0.807,0.6,0.714,-0.212,0.542,-0.141,0.024,0.349,0.244,0.648,-0.085,0.843,-0.544,0.175,-0.487,0.445,-0.328,-0.125,0.787,-0.455,-0.549,-0.483,0.705,0.599
ALLK,0.662,0.66,0.198,0.793,-0.038,0.144,-0.277,0.0,0.04,0.599,0.182,0.19,0.186,0.203,0.439,0.46,0.649,0.066,-0.034,0.422,0.227,0.619,0.241,0.486,0.206,-0.239,-0.187,0.079,0.775,0.254,0.134,0.337,0.543,0.251,0.706,-0.178,-0.156,0.098,-0.055,-0.303,0.376,0.545,0.176,0.329,0.532,0.237,-0.179,0.175,0.603,0.061,0.242,0.247,0.131,0.477,0.438,-0.288,0.427,-0.118,0.234,0.309,-0.011,0.418,-0.287,-0.172,-0.101,0.436,0.556,-0.344,0.714,-0.016,0.393,-0.298,0.591,0.356,0.41,0.004,-0.018,0.086,0.701,0.35,0.018,0.481,-0.371,0.31,-0.481,0.568,0.422,0.133,0.58,-0.153,0.577,0.402,-0.153,0.426,0.567,0.63,-0.077,0.582,0.546,-0.659,0.251,0.19,0.577,0.712,0.424,0.33,0.035,0.233,0.08,0.062,0.539,0.304,0.108,0.075,0.741,0.417,0.099,0.5,0.644,0.678,0.379,0.727,-0.04,0.648,0.701,0.237,-0.035,0.726,0.351,-0.248,0.429,0.507,0.032,0.136,0.284,0.352,0.677,-0.152,-0.558,-0.62,0.655,0.541,0.547,0.422,0.565,-0.096,-0.244,0.008,0.018,0.295,-0.042,0.545,-0.04,-0.224,0.486,0.595,0.721,0.274,0.636,0.559,-0.026,0.429,0.616,-0.182,0.371,0.571,0.364,-0.138,0.382,0.335,0.17,0.568,0.335,-0.031,-0.301,0.565,0.105,0.144,-0.202,0.145,0.243,0.604,0.024,0.366,0.456,0.292,0.263,-0.134,0.804,0.002,0.535,0.351,0.287,0.232,-0.15,0.508,0.711,0.466,0.073,-0.049
AMD,-0.318,-0.273,0.6,0.064,0.669,-0.479,0.845,0.04,0.0,-0.068,-0.422,-0.603,0.547,0.784,-0.511,0.37,0.06,0.487,0.129,-0.053,0.417,0.117,0.472,0.53,0.561,0.643,0.608,0.852,0.427,0.875,0.188,0.558,0.5,0.243,-0.117,0.636,0.641,0.908,0.707,0.179,-0.365,0.288,0.855,-0.328,0.705,0.735,0.769,0.766,-0.388,0.494,0.719,0.32,0.733,-0.493,0.094,0.572,-0.281,0.805,0.058,0.524,0.711,0.071,0.506,0.067,0.742,-0.454,-0.414,0.564,-0.099,-0.554,0.172,0.478,0.002,0.266,0.358,-0.419,0.119,0.451,-0.15,0.563,0.876,-0.439,0.177,-0.747,0.103,-0.24,0.282,0.683,-0.185,0.591,-0.298,0.58,-0.333,-0.309,-0.321,-0.499,0.889,-0.041,-0.39,-0.191,0.635,0.846,-0.176,0.274,-0.589,-0.292,0.538,0.863,0.196,0.822,0.57,0.498,0.407,0.455,-0.285,-0.256,0.249,0.31,-0.036,0.196,0.662,-0.071,0.95,-0.256,-0.265,0.709,0.867,-0.135,0.758,0.135,-0.22,-0.525,0.554,0.921,-0.272,0.779,0.584,0.788,0.563,0.21,0.49,0.283,-0.006,0.316,0.319,0.588,0.866,0.8,0.456,-0.565,0.903,-0.081,0.548,0.589,0.499,0.381,-0.049,0.151,-0.276,-0.038,0.735,0.199,0.452,0.842,0.326,-0.325,0.34,0.382,0.756,0.17,-0.262,-0.276,-0.627,0.159,0.634,0.568,0.847,0.53,0.743,-0.316,0.657,0.042,0.022,0.467,0.359,0.786,-0.136,0.876,-0.183,0.329,-0.42,0.624,-0.286,-0.175,0.648,-0.395,-0.426,-0.411,0.871,0.622
AMWD,0.838,0.826,0.59,0.47,-0.357,0.431,-0.159,0.599,-0.068,0.0,0.608,0.503,0.501,0.198,0.707,0.575,0.41,0.414,0.149,0.875,0.672,0.77,0.269,0.165,0.568,-0.398,-0.545,-0.152,0.583,0.224,0.264,0.568,0.187,0.749,0.881,-0.097,0.149,-0.058,-0.341,-0.505,0.741,0.786,-0.122,0.181,0.435,-0.124,-0.259,-0.066,0.845,0.348,0.44,0.705,0.152,0.78,-0.021,-0.628,0.707,-0.373,0.786,0.176,0.243,0.715,-0.591,0.435,-0.146,0.726,0.734,-0.536,0.624,0.307,0.795,-0.532,0.794,-0.146,0.749,0.215,-0.281,0.503,0.841,0.527,0.08,0.636,0.029,0.286,-0.384,0.878,-0.053,-0.16,0.835,-0.507,0.878,0.258,0.319,0.509,0.855,0.672,-0.09,0.787,0.796,-0.426,0.284,-0.105,0.863,0.748,0.654,0.752,0.049,0.251,0.61,0.102,0.457,0.663,0.315,-0.117,0.771,0.737,0.563,0.63,0.665,0.765,0.467,0.836,-0.045,0.583,0.857,0.472,-0.27,0.886,0.335,0.23,0.095,0.773,0.071,0.068,0.809,0.296,0.465,-0.436,-0.457,-0.833,0.646,0.838,0.786,0.735,0.553,-0.348,-0.153,-0.136,-0.521,0.539,-0.31,0.894,0.012,-0.581,0.551,0.736,0.644,0.32,0.863,0.778,-0.349,0.829,0.325,-0.332,0.074,0.851,0.781,0.333,0.186,0.741,0.687,0.827,0.584,0.37,-0.564,0.519,0.156,-0.023,-0.364,0.54,0.482,0.783,0.052,0.749,0.462,0.342,0.806,-0.179,0.581,-0.145,0.806,0.546,0.523,0.821,0.021,0.852,0.613,0.782,-0.133,-0.336
ARDX,0.698,0.617,0.239,0.029,-0.855,0.407,-0.354,0.182,-0.422,0.608,0.0,0.558,0.061,-0.15,0.762,-0.088,-0.045,-0.091,0.175,0.601,0.212,0.622,-0.229,-0.45,0.126,-0.789,-0.847,-0.69,0.007,-0.197,-0.267,0.192,-0.129,0.573,0.647,-0.561,-0.135,-0.508,-0.636,-0.646,0.661,0.467,-0.584,-0.101,-0.103,-0.696,-0.69,-0.66,0.756,0.006,0.12,0.488,-0.463,0.821,-0.493,-0.859,0.642,-0.652,0.567,-0.147,-0.06,0.412,-0.866,0.253,-0.481,0.831,0.658,-0.769,0.146,0.525,0.667,-0.78,0.454,-0.608,0.477,0.377,-0.345,0.103,0.698,0.29,-0.225,0.707,-0.001,0.257,-0.441,0.776,-0.359,-0.783,0.8,-0.897,0.787,-0.316,0.483,0.464,0.81,0.531,-0.487,0.711,0.782,-0.04,-0.265,-0.652,0.707,0.434,0.686,0.725,-0.463,-0.283,0.603,-0.366,0.016,0.289,-0.123,-0.499,0.495,0.422,0.347,0.304,0.338,0.562,-0.094,0.507,-0.438,0.301,0.689,0.13,-0.705,0.655,-0.276,0.05,-0.155,0.736,-0.509,-0.46,0.862,-0.28,-0.147,-0.821,-0.486,-0.776,0.093,0.548,0.339,0.513,-0.183,-0.704,-0.457,-0.508,-0.909,0.611,-0.595,0.726,-0.414,-0.923,-0.044,0.294,0.406,-0.095,0.727,0.546,-0.743,0.449,-0.29,-0.672,-0.465,0.768,0.446,0.383,-0.426,0.494,0.55,0.741,0.684,0.02,-0.865,0.06,-0.353,-0.268,-0.729,0.51,0.087,0.609,-0.265,0.381,-0.004,-0.219,0.818,-0.578,0.362,-0.053,0.724,-0.018,0.773,0.773,-0.426,0.752,0.368,0.798,-0.669,-0.761
ARQT,0.658,0.711,0.012,0.376,-0.691,0.844,-0.468,0.19,-0.603,0.503,0.558,0.0,-0.008,-0.271,0.69,0.21,0.181,-0.059,0.227,0.621,0.133,0.295,-0.333,-0.226,-0.031,-0.57,-0.593,-0.701,-0.014,-0.443,0.169,-0.139,-0.346,0.312,0.561,-0.435,-0.159,-0.681,-0.377,-0.33,0.659,0.288,-0.707,0.292,-0.188,-0.504,-0.599,-0.437,0.729,-0.001,-0.225,0.281,-0.312,0.773,-0.169,-0.746,0.658,-0.791,0.39,-0.184,-0.216,0.113,-0.623,0.204,-0.51,0.655,0.795,-0.494,0.501,0.742,0.208,-0.725,0.556,-0.43,0.188,0.525,-0.118,0.013,0.532,-0.097,-0.414,0.759,0.189,0.766,-0.031,0.617,0.007,-0.379,0.568,-0.586,0.662,-0.342,0.657,0.233,0.641,0.551,-0.511,0.534,0.79,-0.141,-0.134,-0.67,0.574,0.203,0.722,0.742,-0.282,-0.299,0.117,-0.542,-0.314,0.123,-0.137,-0.567,0.677,0.501,0.183,0.261,0.411,0.352,-0.068,0.59,-0.497,0.475,0.621,-0.227,-0.727,0.59,-0.363,0.075,0.361,0.762,-0.254,-0.446,0.571,-0.492,-0.082,-0.665,-0.608,-0.569,-0.006,0.25,0.498,0.378,0.024,-0.197,-0.516,-0.577,-0.512,0.61,-0.716,0.48,-0.251,-0.66,-0.141,0.316,0.254,-0.068,0.675,0.491,-0.557,0.422,-0.208,-0.714,-0.465,0.683,0.284,-0.054,-0.398,0.459,0.601,0.684,0.817,0.08,-0.665,-0.269,-0.395,-0.175,-0.695,0.206,0.005,0.43,-0.186,0.165,-0.038,-0.342,0.555,-0.56,0.413,-0.52,0.806,-0.077,0.373,0.575,-0.335,0.724,0.631,0.765,-0.672,-0.504
ASTE,0.152,0.213,0.772,0.126,0.25,0.038,0.615,0.186,0.547,0.501,0.061,-0.008,0.0,0.639,0.123,0.622,-0.093,0.886,0.165,0.584,0.819,0.511,0.572,0.431,0.893,0.354,0.085,0.425,0.463,0.753,0.535,0.826,0.349,0.758,0.396,0.503,0.769,0.542,0.291,-0.071,0.22,0.572,0.412,-0.103,0.68,0.388,0.516,0.543,0.149,0.748,0.837,0.772,0.645,0.058,0.013,0.048,0.098,0.354,0.719,0.414,0.715,0.498,0.094,0.615,0.565,0.097,0.073,0.213,0.152,-0.129,0.589,0.079,0.514,-0.174,0.759,-0.102,0.059,0.847,0.368,0.725,0.577,-0.014,0.375,-0.234,0.202,0.234,-0.13,0.4,0.328,0.138,0.231,0.585,-0.045,0.083,0.227,0.027,0.555,0.41,0.178,-0.203,0.692,0.468,0.404,0.501,-0.031,0.338,0.43,0.701,0.554,0.75,0.606,0.767,0.7,0.274,0.187,0.244,0.674,0.395,-0.006,0.428,0.604,0.451,0.615,0.136,0.193,0.807,0.454,0.304,0.818,0.608,-0.398,0.043,0.61,0.644,0.391,0.69,0.588,0.332,0.4,-0.286,0.618,0.589,0.505,0.64,0.513,0.25,0.526,0.482,-0.109,-0.285,0.408,0.361,0.564,0.114,0.709,0.622,0.035,0.298,0.24,0.441,0.4,0.619,0.403,0.399,0.074,0.297,0.798,0.623,0.646,0.607,0.456,0.189,-0.145,0.711,0.2,0.683,0.778,0.613,0.429,0.229,0.58,0.416,0.262,0.703,0.59,0.705,0.45,0.54,-0.049,0.038,0.149,0.729,0.086,0.457,0.727,0.182,0.008,0.078,0.491,0.328
AUPH,-0.069,0.047,0.558,0.152,0.35,-0.279,0.598,0.203,0.784,0.198,-0.15,-0.271,0.639,0.0,-0.213,0.396,0.004,0.451,0.14,0.171,0.519,0.282,0.358,0.439,0.623,0.372,0.233,0.566,0.511,0.766,0.153,0.614,0.359,0.403,0.14,0.55,0.682,0.661,0.675,-0.067,-0.11,0.458,0.656,-0.46,0.712,0.535,0.447,0.594,-0.085,0.616,0.748,0.556,0.537,-0.163,-0.003,0.337,-0.124,0.564,0.277,0.637,0.684,0.167,0.191,0.212,0.759,-0.216,-0.18,0.351,0.003,-0.193,0.294,0.123,0.22,-0.013,0.465,-0.25,0.162,0.508,0.122,0.682,0.642,-0.094,0.297,-0.472,0.112,0.019,0.312,0.453,0.123,0.382,-0.031,0.399,-0.072,-0.226,-0.021,-0.232,0.566,0.24,-0.05,-0.358,0.49,0.671,0.081,0.558,-0.402,0.072,0.188,0.684,0.302,0.707,0.499,0.467,0.328,0.184,0.043,-0.247,0.316,0.306,0.024,0.459,0.5,0.213,0.74,-0.174,-0.031,0.687,0.669,0.14,0.699,0.191,-0.244,-0.209,0.41,0.724,0.053,0.702,0.591,0.504,0.362,-0.07,0.509,0.379,0.108,0.53,0.289,0.43,0.625,0.749,0.188,-0.36,0.753,0.099,0.48,0.309,0.51,0.516,0.016,0.187,0.007,0.298,0.523,0.322,0.344,0.591,0.099,0.001,0.55,0.4,0.733,0.231,0.024,0.012,-0.338,0.382,0.358,0.556,0.723,0.591,0.518,-0.283,0.505,0.323,-0.036,0.551,0.524,0.601,0.121,0.622,0.014,0.249,-0.093,0.771,0.051,0.133,0.481,-0.137,-0.16,-0.072,0.658,0.387
AVXL,0.848,0.809,0.226,0.332,-0.637,0.602,-0.516,0.439,-0.511,0.707,0.762,0.69,0.123,-0.213,0.0,0.278,0.277,0.016,0.071,0.682,0.238,0.642,0.049,-0.027,0.146,-0.645,-0.788,-0.598,0.315,-0.215,0.118,0.289,-0.007,0.555,0.828,-0.486,-0.301,-0.551,-0.657,-0.58,0.654,0.574,-0.582,0.315,0.081,-0.403,-0.574,-0.408,0.873,0.001,0.063,0.374,-0.203,0.867,0.009,-0.88,0.724,-0.647,0.579,-0.167,-0.267,0.577,-0.735,0.181,-0.566,0.912,0.852,-0.701,0.579,0.379,0.612,-0.657,0.687,-0.253,0.54,0.248,-0.386,0.091,0.837,0.12,-0.412,0.784,-0.263,0.6,-0.48,0.836,-0.189,-0.486,0.852,-0.754,0.89,-0.04,0.359,0.568,0.901,0.653,-0.504,0.752,0.841,-0.386,-0.016,-0.499,0.875,0.493,0.834,0.803,-0.16,-0.18,0.301,-0.309,0.171,0.356,0.095,-0.238,0.756,0.721,0.471,0.279,0.498,0.528,0.043,0.771,-0.516,0.681,0.843,-0.0,-0.705,0.797,-0.13,0.067,0.139,0.892,-0.25,-0.386,0.759,-0.145,0.174,-0.781,-0.651,-0.85,0.318,0.585,0.68,0.508,0.239,-0.6,-0.572,-0.624,-0.683,0.662,-0.667,0.769,-0.221,-0.749,0.227,0.491,0.516,0.158,0.856,0.738,-0.616,0.614,0.128,-0.744,-0.26,0.834,0.424,0.211,-0.202,0.589,0.54,0.837,0.788,0.06,-0.81,0.191,-0.231,-0.162,-0.64,0.574,0.041,0.613,0.081,0.356,0.301,-0.077,0.74,-0.592,0.57,-0.306,0.862,0.068,0.541,0.655,-0.267,0.905,0.707,0.852,-0.563,-0.482
AZTA,0.384,0.483,0.685,0.606,0.342,0.358,0.262,0.46,0.37,0.575,-0.088,0.21,0.622,0.396,0.278,0.0,0.561,0.674,0.223,0.622,0.699,0.392,0.632,0.684,0.677,0.298,0.116,0.423,0.73,0.488,0.701,0.62,0.235,0.54,0.535,0.434,0.378,0.365,0.23,-0.035,0.264,0.66,0.268,0.365,0.701,0.573,0.385,0.598,0.346,0.48,0.505,0.468,0.774,0.205,0.443,-0.065,0.344,0.137,0.543,0.173,0.356,0.567,0.095,0.345,0.205,0.191,0.421,0.177,0.689,-0.183,0.472,0.087,0.707,0.276,0.607,-0.06,-0.201,0.607,0.427,0.359,0.338,0.21,-0.002,0.171,-0.014,0.39,0.272,0.571,0.316,0.206,0.402,0.662,0.087,0.066,0.323,0.125,0.456,0.379,0.289,-0.555,0.741,0.411,0.512,0.436,0.23,0.378,0.688,0.728,0.141,0.502,0.556,0.714,0.648,0.364,0.496,0.643,0.612,0.471,0.52,0.436,0.809,0.645,0.427,0.485,0.434,0.515,0.271,0.529,0.66,0.387,0.287,0.291,0.619,0.611,0.203,0.604,0.791,0.233,-0.055,-0.352,0.77,0.606,0.784,0.536,0.862,0.292,0.382,0.252,0.197,0.113,0.148,0.459,0.592,0.168,0.758,0.783,0.359,0.351,0.426,0.491,0.313,0.783,0.734,0.231,0.336,0.333,0.612,0.199,0.614,0.697,0.38,0.404,0.15,0.397,0.123,0.556,0.648,0.285,0.27,0.157,0.645,0.334,0.352,0.619,0.617,0.757,0.344,0.377,0.313,-0.167,0.368,0.688,-0.227,0.318,0.573,0.411,0.383,0.269,0.411,0.407
BAND,0.516,0.537,0.225,0.73,0.133,0.196,-0.304,0.649,0.06,0.41,-0.045,0.181,-0.093,0.004,0.277,0.561,0.0,-0.073,0.005,0.309,0.152,0.24,0.239,0.485,0.017,-0.142,0.003,0.17,0.656,0.037,0.227,0.095,0.266,0.022,0.488,-0.093,-0.301,0.058,-0.037,-0.181,0.295,0.452,0.134,0.421,0.368,0.311,-0.106,0.187,0.452,-0.052,-0.007,0.018,0.262,0.35,0.489,-0.202,0.454,-0.123,0.008,0.148,-0.106,0.26,-0.132,-0.237,-0.243,0.285,0.476,-0.256,0.79,-0.044,0.191,-0.126,0.5,0.609,0.192,0.048,-0.212,-0.098,0.365,0.007,0.037,0.391,-0.324,0.265,-0.524,0.444,0.613,0.265,0.315,-0.013,0.437,0.369,-0.009,0.238,0.379,0.34,0.013,0.308,0.316,-0.587,0.273,0.117,0.345,0.391,0.331,0.193,0.294,0.291,-0.105,-0.062,0.333,0.289,0.086,0.137,0.582,0.532,0.063,0.442,0.821,0.419,0.533,0.513,0.008,0.502,0.555,0.043,-0.036,0.564,0.165,-0.367,0.776,0.385,0.093,0.181,0.037,0.209,0.546,-0.1,-0.61,-0.349,0.592,0.411,0.548,0.253,0.643,0.056,-0.092,-0.05,0.235,0.498,-0.122,0.45,0.073,-0.071,0.411,0.513,0.764,0.286,0.463,0.383,-0.048,0.447,0.598,-0.12,0.501,0.289,0.161,-0.286,0.248,0.353,0.008,0.459,0.315,-0.217,-0.196,0.285,0.053,-0.247,-0.162,0.031,0.402,0.337,0.045,0.312,0.254,0.32,0.136,-0.044,0.744,-0.122,0.452,0.271,-0.072,0.076,-0.162,0.462,0.564,0.415,0.109,0.041
BECN,0.035,0.084,0.703,0.061,0.374,0.078,0.629,0.066,0.487,0.414,-0.091,-0.059,0.886,0.451,0.016,0.674,-0.073,0.0,0.153,0.528,0.802,0.333,0.643,0.439,0.873,0.52,0.202,0.501,0.36,0.685,0.693,0.739,0.181,0.638,0.232,0.6,0.751,0.507,0.239,0.135,0.121,0.45,0.375,0.064,0.593,0.459,0.629,0.601,0.019,0.664,0.697,0.619,0.736,-0.075,0.113,0.161,0.027,0.363,0.685,0.207,0.63,0.528,0.259,0.676,0.505,-0.022,0.015,0.376,0.127,-0.225,0.489,0.265,0.418,-0.105,0.621,-0.169,-0.036,0.888,0.21,0.482,0.518,-0.188,0.31,-0.162,0.356,0.114,-0.244,0.502,0.113,0.24,0.116,0.621,-0.041,0.016,0.068,-0.083,0.607,0.183,0.034,-0.109,0.67,0.462,0.286,0.263,-0.046,0.216,0.591,0.681,0.422,0.759,0.5,0.707,0.782,0.391,0.06,0.332,0.673,0.309,-0.046,0.219,0.607,0.304,0.611,0.105,0.063,0.685,0.47,0.154,0.764,0.738,-0.364,-0.026,0.711,0.653,0.246,0.664,0.512,0.422,0.491,-0.117,0.528,0.451,0.507,0.45,0.57,0.265,0.605,0.432,0.026,-0.304,0.34,0.248,0.645,0.265,0.684,0.502,-0.097,0.315,0.103,0.242,0.437,0.573,0.441,0.474,0.167,0.166,0.611,0.524,0.607,0.565,0.474,0.045,-0.187,0.732,0.34,0.555,0.804,0.519,0.515,0.275,0.534,0.204,0.431,0.577,0.531,0.692,0.313,0.581,-0.223,-0.021,0.038,0.661,-0.146,0.361,0.838,0.093,-0.065,-0.041,0.514,0.459
BFC,0.083,0.226,0.238,0.162,-0.172,0.302,0.236,-0.034,0.129,0.149,0.175,0.227,0.165,0.14,0.071,0.223,0.005,0.153,0.0,0.27,0.202,0.138,-0.151,-0.031,0.231,-0.016,-0.055,-0.069,0.029,0.144,0.038,0.015,-0.105,0.259,0.103,-0.018,0.302,-0.002,0.094,0.014,0.183,0.233,-0.108,-0.07,0.109,-0.048,-0.042,0.061,0.116,0.195,0.208,0.255,0.097,0.169,-0.334,-0.143,0.253,-0.163,0.183,0.009,0.295,-0.078,-0.156,0.212,-0.0,0.057,0.223,0.08,0.101,0.216,0.242,-0.239,0.192,-0.273,0.18,0.146,0.018,0.213,0.087,0.11,0.225,0.276,0.427,0.022,0.198,0.16,0.113,0.052,0.131,-0.071,0.178,-0.133,0.494,-0.264,0.095,-0.158,0.191,0.203,0.267,0.032,-0.03,-0.047,0.184,0.066,0.175,0.314,0.022,0.226,0.185,0.018,-0.112,0.221,0.018,-0.339,0.046,0.094,0.15,0.361,0.186,0.308,0.278,0.185,0.245,0.065,0.136,0.206,-0.017,0.206,0.025,0.19,0.096,0.131,-0.12,0.189,0.189,-0.051,0.063,0.015,-0.006,-0.122,0.008,0.209,0.111,0.269,-0.084,0.188,0.223,0.052,-0.097,0.138,-0.009,0.135,0.043,-0.107,-0.103,0.277,-0.042,-0.278,0.207,0.129,0.11,0.232,-0.079,0.073,-0.253,0.11,0.197,0.103,-0.108,0.273,0.286,0.236,0.239,0.149,-0.016,-0.07,0.098,0.103,-0.14,-0.111,0.286,0.067,-0.339,0.226,0.116,0.127,0.264,0.144,-0.017,-0.198,0.19,0.042,0.044,0.231,0.088,0.125,0.028,0.173,-0.089,-0.06
BGC,0.757,0.791,0.661,0.399,-0.382,0.552,-0.026,0.422,-0.053,0.875,0.601,0.621,0.584,0.171,0.682,0.622,0.309,0.528,0.27,0.0,0.743,0.717,0.245,0.088,0.624,-0.332,-0.483,-0.185,0.448,0.223,0.435,0.555,0.058,0.811,0.83,-0.07,0.287,-0.093,-0.278,-0.423,0.764,0.783,-0.192,0.176,0.378,-0.151,-0.18,-0.03,0.788,0.452,0.458,0.77,0.207,0.752,-0.127,-0.628,0.724,-0.395,0.855,0.148,0.319,0.629,-0.544,0.556,-0.117,0.692,0.717,-0.441,0.568,0.401,0.775,-0.537,0.841,-0.3,0.764,0.294,-0.306,0.596,0.769,0.465,0.135,0.597,0.225,0.32,-0.213,0.808,-0.1,-0.097,0.784,-0.5,0.831,0.235,0.421,0.425,0.79,0.518,-0.014,0.775,0.782,-0.334,0.327,-0.188,0.814,0.643,0.634,0.828,0.115,0.298,0.632,0.097,0.357,0.742,0.368,-0.2,0.707,0.722,0.65,0.64,0.559,0.722,0.49,0.82,0.038,0.515,0.787,0.5,-0.265,0.828,0.293,0.36,0.058,0.715,0.12,0.108,0.802,0.178,0.411,-0.385,-0.355,-0.771,0.575,0.797,0.805,0.787,0.485,-0.204,-0.051,-0.14,-0.552,0.469,-0.331,0.843,0.09,-0.556,0.5,0.753,0.504,0.216,0.812,0.745,-0.271,0.856,0.234,-0.293,-0.062,0.798,0.8,0.379,0.152,0.86,0.754,0.804,0.584,0.458,-0.518,0.412,0.204,0.044,-0.323,0.461,0.543,0.726,0.046,0.751,0.426,0.327,0.866,-0.071,0.421,-0.259,0.819,0.488,0.46,0.847,0.132,0.823,0.535,0.761,-0.16,-0.291
BHF,0.305,0.383,0.851,0.147,0.122,0.103,0.412,0.227,0.417,0.672,0.212,0.133,0.819,0.519,0.238,0.699,0.152,0.802,0.202,0.743,0.0,0.48,0.615,0.273,0.934,0.117,-0.044,0.368,0.472,0.576,0.559,0.774,0.09,0.804,0.508,0.486,0.685,0.42,0.175,-0.232,0.431,0.678,0.29,-0.136,0.556,0.242,0.34,0.344,0.336,0.785,0.735,0.858,0.571,0.263,-0.066,-0.104,0.364,0.178,0.864,0.337,0.698,0.663,-0.113,0.76,0.448,0.213,0.221,-0.011,0.292,-0.012,0.686,-0.057,0.619,-0.132,0.727,0.079,-0.222,0.91,0.417,0.626,0.501,0.148,0.344,-0.149,0.042,0.406,-0.048,0.24,0.417,0.025,0.409,0.543,0.188,0.162,0.375,0.135,0.414,0.451,0.299,-0.264,0.631,0.288,0.521,0.497,0.084,0.471,0.404,0.62,0.604,0.649,0.57,0.781,0.695,0.183,0.285,0.451,0.75,0.461,0.296,0.508,0.652,0.529,0.48,0.111,0.361,0.809,0.298,0.49,0.647,0.603,-0.206,0.228,0.533,0.508,0.558,0.595,0.53,0.148,0.176,-0.384,0.654,0.684,0.674,0.67,0.614,0.038,0.456,0.395,-0.224,0.099,0.194,0.555,0.523,-0.08,0.735,0.68,0.28,0.401,0.413,0.481,0.132,0.793,0.353,0.269,0.203,0.43,0.844,0.505,0.521,0.701,0.652,0.407,0.077,0.676,0.002,0.633,0.623,0.2,0.26,0.343,0.691,0.501,0.274,0.815,0.473,0.664,0.579,0.421,0.1,0.072,0.355,0.799,0.101,0.678,0.553,0.413,0.104,0.312,0.36,0.088
BHFAL,0.787,0.727,0.591,0.436,-0.362,0.26,0.038,0.619,0.117,0.77,0.622,0.295,0.511,0.282,0.642,0.392,0.24,0.333,0.138,0.717,0.48,0.0,0.145,0.218,0.494,-0.328,-0.483,-0.138,0.605,0.46,0.073,0.652,0.542,0.752,0.848,-0.288,0.13,0.079,-0.311,-0.482,0.499,0.815,0.007,0.104,0.593,-0.043,-0.179,0.033,0.744,0.271,0.596,0.663,0.149,0.683,-0.11,-0.611,0.553,-0.21,0.637,0.254,0.254,0.586,-0.558,0.149,-0.157,0.718,0.649,-0.457,0.512,0.139,0.833,-0.548,0.692,-0.237,0.861,-0.054,-0.191,0.35,0.912,0.664,0.28,0.541,-0.095,0.057,-0.493,0.803,-0.092,-0.125,0.874,-0.554,0.803,0.234,0.097,0.502,0.816,0.52,0.076,0.906,0.747,-0.482,0.32,0.006,0.834,0.829,0.581,0.697,0.027,0.358,0.648,0.151,0.557,0.725,0.188,-0.146,0.645,0.518,0.481,0.721,0.505,0.836,0.461,0.79,0.089,0.573,0.806,0.523,-0.181,0.803,0.391,0.036,-0.102,0.633,-0.074,0.182,0.68,0.361,0.572,-0.357,-0.335,-0.889,0.633,0.877,0.617,0.798,0.329,-0.254,-0.105,-0.137,-0.525,0.242,-0.102,0.839,-0.124,-0.541,0.489,0.769,0.531,0.19,0.798,0.754,-0.2,0.685,0.343,-0.257,-0.076,0.791,0.711,0.485,0.242,0.709,0.408,0.741,0.455,0.12,-0.509,0.613,0.256,0.283,-0.323,0.371,0.489,0.817,-0.159,0.699,0.511,0.387,0.742,-0.068,0.505,-0.148,0.664,0.423,0.633,0.607,0.016,0.695,0.496,0.611,-0.042,-0.217
BKNG,-0.025,-0.016,0.581,0.11,0.611,-0.257,0.341,0.241,0.472,0.269,-0.229,-0.333,0.572,0.358,0.049,0.632,0.239,0.643,-0.151,0.245,0.615,0.145,0.0,0.603,0.657,0.407,0.264,0.67,0.556,0.54,0.627,0.736,0.223,0.397,0.222,0.649,0.35,0.537,0.224,-0.04,-0.038,0.381,0.501,0.085,0.573,0.636,0.63,0.563,-0.073,0.466,0.555,0.329,0.699,-0.215,0.531,0.291,-0.017,0.557,0.446,0.204,0.352,0.674,0.338,0.332,0.466,-0.063,-0.089,0.248,0.19,-0.617,0.335,0.541,0.335,0.439,0.439,-0.203,-0.32,0.632,0.138,0.343,0.296,-0.277,-0.24,-0.216,-0.05,0.004,-0.015,0.486,0.042,0.38,0.029,0.884,-0.404,0.157,0.003,-0.091,0.444,0.034,-0.193,-0.316,0.696,0.597,0.209,0.218,-0.22,-0.09,0.672,0.583,0.067,0.772,0.76,0.497,0.799,0.8,0.05,0.334,0.646,-0.001,0.087,0.069,0.539,0.23,0.421,0.132,0.043,0.593,0.497,0.139,0.715,0.452,-0.161,-0.131,0.77,0.547,0.028,0.76,0.62,0.428,0.324,-0.018,0.662,0.352,0.505,0.246,0.756,0.02,0.439,0.462,0.243,-0.183,0.404,0.169,0.742,0.397,0.831,0.403,0.213,0.566,0.006,0.18,0.39,0.499,0.711,0.445,0.592,-0.006,0.39,0.268,0.733,0.339,0.115,-0.034,-0.344,0.418,0.345,0.739,0.697,0.216,0.646,0.296,0.384,0.1,0.784,0.427,0.525,0.741,0.056,0.492,0.03,0.376,-0.074,0.612,-0.343,0.088,0.682,0.035,-0.003,-0.101,0.604,0.508
BL,0.087,0.105,0.366,0.562,0.663,-0.048,0.328,0.486,0.53,0.165,-0.45,-0.226,0.431,0.439,-0.027,0.684,0.485,0.439,-0.031,0.088,0.273,0.218,0.603,0.0,0.364,0.532,0.355,0.631,0.785,0.613,0.491,0.517,0.52,0.176,0.236,0.418,0.216,0.529,0.366,0.133,-0.204,0.391,0.573,0.372,0.801,0.866,0.576,0.767,-0.034,0.242,0.461,0.093,0.745,-0.213,0.759,0.298,-0.105,0.511,0.043,0.357,0.184,0.315,0.403,-0.129,0.332,-0.079,0.071,0.405,0.466,-0.536,0.133,0.432,0.362,0.544,0.359,-0.374,0.094,0.273,0.189,0.28,0.315,-0.121,-0.241,-0.024,-0.029,-0.002,0.382,0.765,0.037,0.45,0.025,0.779,-0.46,0.032,-0.025,-0.022,0.511,0.106,-0.078,-0.603,0.641,0.735,0.192,0.363,-0.104,-0.091,0.607,0.665,-0.192,0.568,0.637,0.402,0.47,0.64,0.273,0.187,0.319,0.246,0.207,0.177,0.627,0.355,0.498,0.359,0.096,0.323,0.536,0.169,0.739,0.059,0.222,-0.091,0.651,0.701,-0.25,0.719,0.833,0.506,0.1,-0.06,0.706,0.264,0.427,0.277,0.693,0.442,0.407,0.373,0.557,-0.318,0.489,0.091,0.585,0.544,0.712,0.549,0.204,0.334,0.055,0.221,0.608,0.37,0.911,0.452,0.462,-0.013,0.232,0.086,0.791,0.273,-0.142,-0.038,-0.271,0.138,0.426,0.603,0.691,0.498,0.549,-0.073,0.331,0.135,0.427,0.297,0.613,0.687,-0.156,0.48,0.248,0.005,-0.053,0.495,-0.36,-0.223,0.546,-0.039,0.209,-0.118,0.627,0.742
BOKF,0.184,0.261,0.859,0.111,0.232,0.011,0.582,0.206,0.561,0.568,0.126,-0.031,0.893,0.623,0.146,0.677,0.017,0.873,0.231,0.624,0.934,0.494,0.657,0.364,0.0,0.296,0.075,0.48,0.486,0.727,0.555,0.855,0.226,0.795,0.41,0.548,0.771,0.543,0.274,-0.141,0.262,0.636,0.4,-0.172,0.654,0.374,0.482,0.493,0.188,0.774,0.827,0.82,0.667,0.105,-0.032,0.029,0.209,0.335,0.82,0.354,0.756,0.634,0.042,0.719,0.555,0.109,0.11,0.164,0.185,-0.174,0.681,0.074,0.518,-0.127,0.759,-0.075,-0.143,0.943,0.372,0.689,0.591,0.016,0.295,-0.266,0.125,0.309,-0.101,0.34,0.336,0.139,0.293,0.591,0.082,0.047,0.265,-0.011,0.561,0.396,0.186,-0.237,0.693,0.447,0.461,0.484,-0.025,0.359,0.477,0.727,0.578,0.783,0.628,0.803,0.758,0.288,0.162,0.345,0.751,0.433,0.143,0.478,0.679,0.449,0.618,0.091,0.241,0.863,0.422,0.374,0.756,0.652,-0.346,0.095,0.59,0.636,0.456,0.72,0.584,0.298,0.36,-0.311,0.645,0.667,0.57,0.645,0.573,0.117,0.574,0.495,-0.137,-0.118,0.368,0.443,0.6,0.07,0.731,0.656,0.133,0.337,0.296,0.405,0.303,0.722,0.409,0.412,0.16,0.329,0.807,0.616,0.617,0.647,0.545,0.272,-0.082,0.675,0.16,0.7,0.77,0.409,0.403,0.299,0.685,0.428,0.288,0.78,0.563,0.757,0.498,0.538,-0.019,0.137,0.192,0.827,0.048,0.558,0.692,0.252,0.0,0.152,0.485,0.243
BRKR,-0.617,-0.543,0.145,-0.07,0.828,-0.273,0.723,-0.239,0.643,-0.398,-0.789,-0.57,0.354,0.372,-0.645,0.298,-0.142,0.52,-0.016,-0.332,0.117,-0.328,0.407,0.532,0.296,0.0,0.788,0.766,0.094,0.542,0.433,0.213,0.21,-0.154,-0.507,0.71,0.496,0.668,0.633,0.653,-0.628,-0.206,0.604,0.051,0.38,0.783,0.887,0.83,-0.688,0.222,0.266,-0.13,0.728,-0.77,0.366,0.778,-0.589,0.738,-0.17,0.134,0.361,-0.158,0.875,0.094,0.611,-0.705,-0.557,0.917,-0.185,-0.612,-0.284,0.774,-0.289,0.299,-0.067,-0.519,0.249,0.317,-0.506,0.026,0.491,-0.677,0.114,-0.385,0.543,-0.596,0.064,0.826,-0.63,0.808,-0.625,0.475,-0.374,-0.487,-0.68,-0.655,0.755,-0.523,-0.656,0.039,0.485,0.738,-0.471,-0.296,-0.596,-0.512,0.65,0.582,-0.274,0.662,0.168,0.122,0.44,0.573,-0.484,-0.267,0.05,-0.137,-0.408,-0.37,0.359,-0.368,0.707,-0.21,-0.62,0.203,0.782,-0.557,0.549,0.334,-0.189,-0.647,0.664,0.735,-0.614,0.553,0.299,0.885,0.748,0.592,0.092,-0.238,-0.173,-0.226,0.26,0.706,0.742,0.585,0.736,-0.768,0.7,-0.545,0.582,0.899,0.244,-0.053,-0.526,0.063,-0.613,-0.401,0.839,-0.164,0.367,0.833,0.267,-0.616,-0.117,0.095,0.564,-0.153,-0.297,-0.657,-0.678,0.243,0.909,0.153,0.716,0.555,0.848,-0.281,0.177,-0.489,0.327,-0.092,0.222,0.517,-0.512,0.757,-0.542,0.07,-0.67,0.267,-0.707,-0.516,0.799,-0.652,-0.453,-0.729,0.764,0.892
CACC,-0.691,-0.602,-0.001,-0.023,0.798,-0.426,0.564,-0.187,0.608,-0.545,-0.847,-0.593,0.085,0.233,-0.788,0.116,0.003,0.202,-0.055,-0.483,-0.044,-0.483,0.264,0.355,0.075,0.788,0.0,0.774,-0.021,0.34,0.226,-0.062,0.244,-0.402,-0.596,0.577,0.302,0.646,0.748,0.581,-0.567,-0.364,0.651,-0.044,0.163,0.685,0.755,0.687,-0.725,0.138,0.021,-0.289,0.533,-0.803,0.332,0.841,-0.492,0.711,-0.416,0.162,0.335,-0.377,0.907,-0.11,0.575,-0.811,-0.625,0.762,-0.204,-0.566,-0.474,0.737,-0.424,0.504,-0.329,-0.356,0.331,0.069,-0.635,-0.086,0.486,-0.66,0.11,-0.442,0.397,-0.695,0.367,0.742,-0.726,0.868,-0.735,0.366,-0.41,-0.509,-0.762,-0.579,0.654,-0.61,-0.739,0.177,0.423,0.649,-0.653,-0.365,-0.721,-0.701,0.553,0.478,-0.4,0.472,0.093,-0.072,0.208,0.467,-0.566,-0.399,-0.25,-0.147,-0.291,-0.388,0.268,-0.486,0.606,-0.316,-0.639,0.126,0.748,-0.592,0.359,-0.002,0.065,-0.749,0.517,0.565,-0.731,0.358,0.176,0.884,0.591,0.705,-0.021,-0.356,-0.326,-0.362,0.141,0.735,0.611,0.625,0.807,-0.617,0.686,-0.632,0.437,0.852,0.047,-0.203,-0.345,0.039,-0.657,-0.569,0.772,-0.332,0.247,0.741,0.388,-0.713,-0.254,-0.185,0.42,-0.326,-0.45,-0.66,-0.718,-0.013,0.848,0.064,0.458,0.33,0.731,-0.458,0.217,-0.5,0.139,-0.211,-0.054,0.386,-0.643,0.714,-0.356,0.206,-0.711,0.122,-0.717,-0.622,0.495,-0.729,-0.443,-0.768,0.721,0.702
CAR,-0.443,-0.396,0.406,0.072,0.908,-0.553,0.675,0.079,0.852,-0.152,-0.69,-0.701,0.425,0.566,-0.598,0.423,0.17,0.501,-0.069,-0.185,0.368,-0.138,0.67,0.631,0.48,0.766,0.774,0.0,0.418,0.723,0.368,0.445,0.407,0.014,-0.251,0.771,0.506,0.898,0.693,0.333,-0.444,0.076,0.902,-0.118,0.592,0.861,0.872,0.829,-0.522,0.399,0.498,0.079,0.779,-0.654,0.415,0.763,-0.393,0.864,-0.047,0.417,0.547,0.119,0.727,0.063,0.744,-0.607,-0.522,0.651,-0.048,-0.717,-0.041,0.742,-0.1,0.575,0.111,-0.449,0.099,0.425,-0.319,0.309,0.674,-0.614,0.002,-0.598,0.168,-0.421,0.313,0.821,-0.413,0.807,-0.456,0.74,-0.522,-0.272,-0.492,-0.444,0.808,-0.316,-0.591,-0.177,0.659,0.918,-0.313,0.06,-0.658,-0.506,0.681,0.759,-0.088,0.844,0.578,0.292,0.528,0.704,-0.332,-0.185,0.15,0.086,-0.073,-0.074,0.583,-0.182,0.815,-0.215,-0.383,0.549,0.922,-0.275,0.76,0.172,-0.086,-0.609,0.728,0.844,-0.471,0.8,0.562,0.894,0.58,0.413,0.443,0.059,0.01,0.013,0.513,0.56,0.784,0.811,0.693,-0.567,0.84,-0.253,0.659,0.793,0.571,0.191,-0.063,0.309,-0.419,-0.216,0.803,0.074,0.593,0.88,0.655,-0.468,0.138,0.084,0.813,-0.027,-0.295,-0.445,-0.725,0.228,0.79,0.551,0.789,0.388,0.885,-0.243,0.462,-0.165,0.365,0.246,0.331,0.761,-0.39,0.857,-0.195,0.384,-0.544,0.556,-0.545,-0.351,0.69,-0.497,-0.355,-0.573,0.946,0.745
CDNA,0.528,0.536,0.553,0.72,0.292,0.022,0.1,0.775,0.427,0.583,0.007,-0.014,0.463,0.511,0.315,0.73,0.656,0.36,0.029,0.448,0.472,0.605,0.556,0.785,0.486,0.094,-0.021,0.418,0.0,0.6,0.36,0.666,0.603,0.456,0.658,0.168,0.148,0.42,0.133,-0.277,0.184,0.745,0.448,0.207,0.863,0.588,0.207,0.522,0.414,0.323,0.602,0.394,0.545,0.255,0.517,-0.092,0.277,0.233,0.334,0.462,0.225,0.557,-0.073,-0.053,0.172,0.319,0.408,-0.061,0.673,-0.282,0.511,-0.021,0.633,0.415,0.647,-0.19,-0.137,0.327,0.606,0.546,0.324,0.267,-0.289,0.007,-0.428,0.474,0.398,0.44,0.517,0.065,0.485,0.699,-0.245,0.247,0.443,0.302,0.311,0.554,0.345,-0.775,0.594,0.522,0.572,0.758,0.195,0.282,0.385,0.627,0.173,0.449,0.776,0.599,0.379,0.383,0.629,0.417,0.44,0.545,0.593,0.637,0.7,0.694,0.348,0.544,0.561,0.512,0.297,0.633,0.683,-0.057,0.263,0.31,0.385,0.554,0.185,0.714,0.922,0.135,-0.258,-0.522,0.896,0.671,0.652,0.615,0.748,0.113,0.177,0.27,0.164,0.06,0.293,0.56,0.341,0.062,0.796,0.816,0.625,0.418,0.508,0.595,0.273,0.649,0.857,0.167,0.451,0.403,0.553,0.159,0.732,0.505,0.094,0.428,0.079,0.129,-0.019,0.779,0.545,0.308,0.188,0.063,0.505,0.568,0.224,0.617,0.702,0.685,0.272,0.232,0.606,0.065,0.372,0.646,0.08,0.186,0.26,0.387,0.479,0.329,0.442,0.31
CG,-0.036,-0.026,0.704,0.17,0.511,-0.332,0.791,0.254,0.875,0.224,-0.197,-0.443,0.753,0.766,-0.215,0.488,0.037,0.685,0.144,0.223,0.576,0.46,0.54,0.613,0.727,0.542,0.34,0.723,0.6,0.0,0.292,0.783,0.613,0.508,0.174,0.519,0.669,0.824,0.466,0.061,-0.173,0.529,0.753,-0.196,0.87,0.681,0.688,0.734,-0.122,0.565,0.897,0.521,0.727,-0.24,0.106,0.337,-0.156,0.655,0.339,0.525,0.698,0.335,0.295,0.185,0.634,-0.153,-0.158,0.419,0.057,-0.487,0.44,0.294,0.249,0.105,0.643,-0.459,0.038,0.626,0.193,0.712,0.818,-0.284,0.136,-0.58,0.024,0.023,0.069,0.613,0.114,0.344,-0.003,0.661,-0.322,-0.093,-0.034,-0.244,0.814,0.248,-0.097,-0.35,0.675,0.793,0.157,0.508,-0.303,-0.006,0.505,0.864,0.381,0.854,0.708,0.68,0.522,0.426,-0.029,-0.043,0.447,0.481,0.028,0.404,0.705,0.208,0.865,0.013,0.012,0.801,0.739,0.113,0.876,0.263,-0.347,-0.241,0.539,0.9,-0.006,0.87,0.736,0.611,0.475,-0.105,0.644,0.506,0.233,0.536,0.439,0.409,0.734,0.654,0.232,-0.526,0.763,0.19,0.509,0.391,0.681,0.595,0.032,0.217,0.006,0.226,0.65,0.405,0.58,0.698,0.268,-0.012,0.533,0.51,0.808,0.385,-0.028,-0.061,-0.42,0.336,0.455,0.737,0.906,0.68,0.622,-0.085,0.636,0.283,0.106,0.623,0.607,0.827,0.109,0.739,-0.093,0.216,-0.177,0.683,-0.051,0.044,0.693,-0.141,-0.178,-0.201,0.777,0.57
CGBD,0.079,0.175,0.43,0.252,0.409,0.202,0.254,0.134,0.188,0.264,-0.267,0.169,0.535,0.153,0.118,0.701,0.227,0.693,0.038,0.435,0.559,0.073,0.627,0.491,0.555,0.433,0.226,0.368,0.36,0.292,0.0,0.435,-0.018,0.32,0.229,0.464,0.379,0.25,0.153,0.112,0.138,0.298,0.198,0.297,0.382,0.479,0.499,0.558,0.037,0.467,0.295,0.308,0.624,-0.038,0.4,0.13,0.078,0.229,0.459,0.204,0.266,0.387,0.273,0.469,0.29,-0.009,0.123,0.313,0.388,-0.11,0.151,0.277,0.438,0.186,0.325,0.013,-0.081,0.578,0.137,0.091,0.174,-0.089,0.118,0.195,0.322,0.035,0.019,0.57,0.035,0.302,0.089,0.604,-0.071,0.039,0.035,-0.014,0.338,0.075,0.02,-0.242,0.625,0.306,0.217,0.059,0.0,0.168,0.571,0.435,0.016,0.464,0.316,0.455,0.651,0.412,0.236,0.418,0.534,0.119,0.075,0.025,0.453,0.339,0.298,0.212,0.089,0.294,0.258,0.161,0.462,0.526,0.075,0.025,0.737,0.407,0.046,0.395,0.484,0.304,0.174,-0.034,0.452,0.216,0.611,0.258,0.652,0.304,0.288,0.215,0.205,-0.112,0.116,0.121,0.644,0.315,0.567,0.407,0.033,0.452,0.084,0.202,0.365,0.493,0.502,0.24,0.296,0.12,0.32,0.128,0.512,0.396,0.373,0.051,-0.051,0.541,0.29,0.351,0.524,0.277,0.408,0.148,0.309,0.103,0.6,0.303,0.398,0.447,0.11,0.37,0.001,-0.16,0.181,0.473,-0.381,0.159,0.61,0.152,0.203,0.034,0.359,0.468
