,ACET,ADAP,ADI,ADPT,ADTN,AGEN,ALGN,ALLK,AMD,AMWD,ARDX,ARQT,ASTE,AUPH,AVXL,AZTA,BAND,BECN,BFC,BGC,BHF,BHFAL,BKNG,BL,BOKF,BRKR,CACC,CAR,CDNA,CG,CGBD,CHI,CHTR,CHX,CLNE,CME,CNOB,CNXN,CPRX,CSGP,CSGS,CSIQ,CVCO,CVLT,CYRX,DDOG,DOOO,DSGX,DTIL,ECPG,EEFT,EFSC,ENTG,ESPR,ETSY,EXC,FAMI,FFIV,FITB,FIZZ,FMBH,FOX,FTNT,FULT,GABC,GEN,GH,GMAB,GNPX,GO,GOGL,GOOG,GPRO,GSHD,GSM,GWAV,HAIN,HBAN,HEPA,HURN,HWKN,IBIO,ICFI,IGMS,IMKTA,INCY,INO,IRDM,IRTC,IRWD,ITCI,JACK,JD,JJSF,KALA,KHC,KLAC,KRRO,KRYS,LANC,LBTYA,LIVN,LKCO,LNTH,LOGI,LPRO,LRCX,LSCC,LSTR,MAR,MARA,MCHP,MEOH,META,MGTX,MKSI,MMYT,MORN,MRUS,MTLS,MTSI,MVIS,MXL,NBIX,NFE,NMIH,NMRK,NNDM,NSIT,NTCT,NVAX,OCUL,ODP,OLED,ONB,OTEX,PACB,PATK,PAYX,PEP,PERI,PI,PLYA,PRDO,PRGS,PTGX,QCOM,QCRH,QDEL,QFIN,RGEN,RILY,RPAY,RPD,SABR,SEDG,SHEN,SIRI,SLNO,SNDL,SNEX,SONO,SPT,SSNC,STGW,STKL,STRL,STX,SWTX,SYNA,TFSL,TIGR,TNXP,TOWN,TRI,TRIP,TRMB,TRNS,TRS,TSCO,TSEM,TVTX,TXRH,VC,VCEL,VECO,VIAV,VICR,VIR,VRTX,VSTM,VTRS,WDFC,WSBC,WSC,WYNN,XENE,XNCR,XRAY,ZS
ACET,0.0,-0.722,-0.137,-0.257,-0.302,-0.343,-0.086,-0.646,-0.81,-0.303,0.691,-0.596,-0.016,-0.359,-0.427,-0.832,0.036,-0.082,-0.279,0.08,-0.343,0.667,-0.198,-0.652,-0.184,-0.359,0.138,-0.784,-0.0,-0.699,0.513,-0.576,-0.738,0.155,-0.666,0.677,-0.674,-0.46,-0.762,-0.494,0.897,-0.878,0.79,0.657,-0.372,-0.459,-0.44,-0.763,-0.592,-0.561,0.663,0.367,-0.519,-0.828,-0.861,-0.056,-0.596,-0.285,-0.092,-0.728,-0.514,-0.53,-0.472,-0.336,-0.612,-0.491,-0.636,-0.41,-0.54,-0.327,0.525,-0.014,-0.219,0.17,0.163,0.393,-0.644,-0.526,-0.388,-0.42,0.484,-0.089,0.009,-0.551,0.662,0.194,-0.811,0.381,-0.53,-0.385,-0.773,-0.634,-0.845,-0.151,-0.766,-0.476,-0.265,-0.652,0.497,-0.388,-0.3,-0.548,-0.743,-0.461,0.247,-0.586,0.776,-0.427,0.203,0.434,-0.827,0.761,-0.637,-0.33,0.492,0.032,-0.338,0.374,0.061,-0.33,0.127,-0.639,0.523,-0.633,-0.475,-0.049,-0.596,-0.661,-0.258,0.383,-0.555,-0.101,-0.398,0.217,-0.484,-0.561,-0.6,-0.68,-0.202,0.825,-0.691,0.427,0.045,0.77,-0.714,-0.519,0.29,-0.598,-0.446,-0.596,-0.738,-0.528,-0.075,-0.793,0.489,-0.705,-0.456,-0.082,-0.716,-0.639,-0.523,-0.724,-0.669,-0.128,0.288,-0.118,-0.44,0.427,-0.073,0.438,-0.693,-0.464,-0.761,-0.493,-0.278,-0.432,-0.144,-0.447,-0.405,0.757,0.594,-0.646,-0.006,-0.478,-0.347,-0.411,0.798,-0.917,0.505,0.837,-0.769,-0.455,0.546,-0.276,0.471,-0.283,-0.578,-0.814,0.25,-0.828
ADAP,-0.722,0.0,0.465,0.652,0.716,0.766,0.532,0.752,0.789,0.573,-0.755,0.851,0.422,0.586,0.812,0.903,0.411,0.444,0.464,0.315,0.658,-0.57,0.57,0.898,0.474,0.526,0.205,0.702,0.427,0.877,-0.111,0.808,0.646,0.292,0.914,-0.318,0.633,0.695,0.817,0.744,-0.806,0.905,-0.749,-0.287,0.781,0.858,0.807,0.889,0.893,0.281,-0.262,-0.142,0.631,0.75,0.915,0.382,0.845,0.687,0.324,0.863,0.665,0.8,0.763,0.44,0.638,0.808,0.805,0.775,0.818,0.347,-0.508,0.475,0.566,0.312,0.285,-0.417,0.65,0.761,0.697,0.645,-0.073,0.114,0.359,0.724,-0.615,-0.08,0.916,0.091,0.569,0.718,0.848,0.836,0.79,0.455,0.862,0.667,0.647,0.842,-0.516,0.594,0.459,0.742,0.902,0.795,0.094,0.837,-0.612,0.776,0.178,-0.053,0.853,-0.529,0.862,0.724,-0.061,0.45,0.626,-0.085,0.295,0.809,0.319,0.878,-0.105,0.903,0.78,0.407,0.632,0.922,0.587,0.09,0.618,0.601,0.704,0.241,0.59,0.826,0.885,0.304,0.564,-0.632,0.889,0.053,0.369,-0.463,0.813,0.83,0.055,0.637,0.371,0.878,0.684,0.572,0.47,0.942,-0.099,0.928,0.705,0.288,0.857,0.872,0.661,0.856,0.896,0.553,0.148,0.535,0.717,-0.294,0.415,-0.482,0.821,0.838,0.88,0.632,0.563,0.775,0.572,0.671,0.743,-0.466,-0.362,0.877,0.482,0.703,0.747,0.723,-0.453,0.876,-0.697,-0.857,0.896,0.705,-0.149,0.377,-0.049,0.645,0.843,0.831,0.133,0.858
ADI,-0.137,0.465,0.0,0.464,0.65,0.609,0.8,0.13,0.249,0.67,-0.06,0.565,0.523,0.676,0.571,0.529,0.218,0.616,0.619,0.589,0.552,0.215,0.742,0.627,0.599,0.376,0.384,0.119,0.499,0.673,0.531,0.579,0.318,0.624,0.569,0.13,0.41,0.528,0.437,0.645,-0.226,0.37,-0.227,0.027,0.697,0.664,0.712,0.583,0.564,-0.039,0.113,0.409,0.687,0.099,0.298,0.072,0.54,0.64,0.544,0.55,0.466,0.542,0.39,0.3,0.345,0.164,0.085,0.717,0.531,-0.347,-0.315,0.816,0.692,0.282,0.353,-0.535,-0.002,0.525,0.63,0.485,0.314,-0.053,0.532,0.618,-0.352,-0.474,0.349,0.582,0.378,0.683,0.151,0.664,0.224,0.259,0.399,0.228,0.857,0.512,-0.246,0.274,0.241,0.467,0.491,0.649,-0.01,0.614,-0.113,0.83,0.233,0.484,0.421,0.241,0.531,0.424,0.304,0.755,0.696,0.489,0.417,0.628,0.847,0.652,0.508,0.344,0.746,0.403,0.25,0.413,0.587,0.337,0.018,0.438,0.669,0.588,0.215,0.701,0.605,0.041,0.449,-0.082,0.539,0.533,0.62,0.09,0.659,0.697,0.439,0.449,0.282,0.628,0.1,0.434,0.581,0.501,0.583,0.627,0.471,0.249,0.577,0.578,0.378,0.497,0.627,0.305,0.594,0.66,0.587,0.271,0.425,-0.017,0.467,0.613,0.339,0.471,0.649,0.687,0.845,0.784,0.537,0.186,0.421,0.408,0.721,0.636,0.74,0.572,0.137,0.373,-0.476,-0.267,0.546,0.425,-0.086,0.4,0.482,0.629,0.51,0.476,0.496,0.406
ADPT,-0.257,0.652,0.464,0.0,0.638,0.827,0.724,0.616,0.216,0.687,-0.353,0.845,0.678,0.787,0.801,0.478,0.828,0.773,0.321,0.474,0.723,-0.136,0.686,0.78,0.497,0.569,0.618,0.078,0.742,0.689,0.215,0.745,0.357,0.748,0.741,0.164,0.358,0.548,0.38,0.788,-0.329,0.427,-0.505,0.105,0.862,0.746,0.759,0.663,0.719,0.1,0.304,0.114,0.375,0.302,0.425,0.429,0.786,0.739,0.444,0.692,0.539,0.782,0.588,0.275,0.321,0.476,0.557,0.816,0.905,-0.071,-0.539,0.658,0.819,0.468,0.442,-0.361,0.424,0.654,0.875,0.659,0.408,0.063,0.528,0.556,-0.224,-0.067,0.524,0.649,0.463,0.821,0.36,0.746,0.244,0.685,0.667,0.694,0.581,0.765,-0.414,0.679,0.609,0.608,0.726,0.78,0.138,0.843,-0.456,0.731,0.601,0.224,0.389,-0.186,0.648,0.635,0.509,0.755,0.755,0.281,0.707,0.753,0.529,0.824,0.334,0.76,0.786,0.642,0.291,0.791,0.643,0.585,0.095,0.711,0.61,0.793,0.231,0.724,0.841,-0.065,0.615,-0.17,0.749,0.46,0.644,0.121,0.627,0.756,0.152,0.39,0.246,0.748,0.126,0.307,0.832,0.635,0.461,0.64,0.688,0.767,0.736,0.84,0.593,0.747,0.729,0.491,0.722,0.743,0.641,-0.097,0.558,-0.634,0.621,0.832,0.672,0.397,0.24,0.801,0.654,0.601,0.781,-0.074,0.009,0.514,0.692,0.712,0.642,0.401,0.06,0.505,-0.511,-0.377,0.725,0.802,0.148,0.429,0.072,0.751,0.895,0.478,0.646,0.434
ADTN,-0.302,0.716,0.65,0.638,0.0,0.855,0.831,0.445,0.336,0.69,-0.568,0.744,0.801,0.629,0.703,0.588,0.313,0.697,0.521,0.522,0.851,-0.252,0.835,0.771,0.745,0.302,0.477,0.421,0.314,0.769,0.24,0.834,0.355,0.653,0.809,0.172,0.527,0.778,0.589,0.726,-0.354,0.59,-0.447,0.12,0.767,0.774,0.803,0.73,0.796,0.071,0.282,0.273,0.47,0.31,0.571,0.578,0.777,0.818,0.613,0.742,0.684,0.851,0.67,0.671,0.68,0.553,0.356,0.748,0.707,0.178,-0.57,0.811,0.77,0.473,0.487,-0.473,0.557,0.863,0.565,0.746,0.489,-0.274,0.806,0.553,-0.171,-0.343,0.523,0.448,0.134,0.79,0.501,0.804,0.511,0.728,0.434,0.643,0.641,0.777,-0.571,0.767,0.66,0.796,0.644,0.86,0.225,0.742,-0.4,0.848,0.529,0.538,0.449,-0.201,0.768,0.84,0.344,0.754,0.839,0.352,0.493,0.693,0.693,0.715,0.316,0.762,0.764,0.744,0.708,0.619,0.778,0.545,0.352,0.568,0.871,0.57,0.657,0.86,0.7,-0.078,0.862,-0.063,0.667,0.453,0.766,0.123,0.726,0.792,0.451,0.711,-0.055,0.825,0.202,0.447,0.722,0.686,0.316,0.783,0.833,0.345,0.69,0.763,0.716,0.566,0.707,0.791,0.416,0.841,0.901,-0.278,0.34,-0.491,0.779,0.82,0.624,0.783,0.594,0.84,0.646,0.829,0.869,-0.05,-0.065,0.652,0.849,0.814,0.885,0.657,0.171,0.543,-0.831,-0.602,0.691,0.799,0.237,0.631,0.416,0.861,0.714,0.511,0.574,0.51
AGEN,-0.343,0.766,0.609,0.827,0.855,0.0,0.829,0.637,0.305,0.772,-0.551,0.877,0.843,0.808,0.825,0.606,0.558,0.756,0.453,0.434,0.843,-0.294,0.797,0.871,0.624,0.5,0.509,0.26,0.516,0.819,0.121,0.917,0.353,0.699,0.86,0.087,0.479,0.762,0.542,0.806,-0.359,0.614,-0.623,0.102,0.908,0.851,0.894,0.813,0.806,0.194,0.297,0.123,0.421,0.34,0.583,0.535,0.855,0.851,0.507,0.799,0.69,0.893,0.753,0.529,0.571,0.558,0.472,0.854,0.873,0.119,-0.729,0.818,0.894,0.391,0.39,-0.532,0.591,0.824,0.783,0.77,0.502,-0.194,0.691,0.528,-0.182,-0.276,0.605,0.532,0.257,0.891,0.481,0.874,0.487,0.782,0.576,0.73,0.672,0.847,-0.606,0.814,0.709,0.793,0.738,0.912,0.285,0.869,-0.507,0.903,0.608,0.348,0.49,-0.292,0.752,0.869,0.469,0.823,0.917,0.403,0.745,0.787,0.665,0.83,0.38,0.828,0.817,0.745,0.596,0.731,0.757,0.624,0.309,0.707,0.803,0.721,0.454,0.902,0.865,-0.09,0.815,-0.139,0.755,0.543,0.731,0.148,0.768,0.847,0.349,0.638,0.159,0.89,0.237,0.476,0.879,0.753,0.36,0.795,0.849,0.491,0.813,0.887,0.715,0.671,0.813,0.747,0.563,0.88,0.87,-0.302,0.516,-0.645,0.778,0.889,0.707,0.676,0.499,0.879,0.722,0.84,0.877,-0.024,-0.111,0.648,0.837,0.838,0.89,0.516,0.109,0.606,-0.759,-0.598,0.794,0.888,0.172,0.609,0.202,0.872,0.888,0.561,0.681,0.587
ALGN,-0.086,0.532,0.8,0.724,0.831,0.829,0.0,0.23,0.099,0.795,-0.244,0.703,0.806,0.758,0.668,0.431,0.459,0.827,0.554,0.661,0.798,0.067,0.889,0.718,0.728,0.389,0.628,0.1,0.557,0.686,0.535,0.745,0.273,0.833,0.7,0.342,0.405,0.686,0.413,0.752,-0.189,0.353,-0.287,0.24,0.834,0.759,0.771,0.616,0.689,-0.071,0.454,0.409,0.487,0.037,0.335,0.422,0.719,0.759,0.646,0.649,0.589,0.771,0.523,0.485,0.473,0.305,0.192,0.817,0.718,-0.204,-0.484,0.926,0.841,0.511,0.551,-0.464,0.276,0.733,0.69,0.709,0.624,-0.25,0.826,0.611,-0.136,-0.405,0.358,0.72,0.149,0.812,0.231,0.756,0.218,0.654,0.383,0.505,0.688,0.704,-0.478,0.644,0.566,0.673,0.543,0.826,0.244,0.724,-0.272,0.864,0.563,0.635,0.279,0.042,0.641,0.682,0.547,0.903,0.874,0.524,0.647,0.684,0.849,0.702,0.521,0.567,0.822,0.732,0.426,0.545,0.795,0.647,0.062,0.625,0.776,0.803,0.354,0.816,0.674,-0.187,0.78,0.081,0.58,0.639,0.883,0.326,0.679,0.792,0.434,0.553,0.037,0.743,-0.04,0.379,0.839,0.525,0.658,0.663,0.691,0.448,0.632,0.716,0.616,0.529,0.65,0.634,0.723,0.922,0.786,-0.044,0.455,-0.393,0.622,0.783,0.456,0.614,0.561,0.825,0.775,0.807,0.813,0.204,0.252,0.497,0.914,0.827,0.87,0.517,0.341,0.35,-0.699,-0.355,0.599,0.715,0.269,0.558,0.536,0.864,0.693,0.39,0.764,0.331
ALLK,-0.646,0.752,0.13,0.616,0.445,0.637,0.23,0.0,0.594,0.353,-0.705,0.714,0.352,0.499,0.646,0.678,0.378,0.266,0.142,-0.001,0.436,-0.654,0.29,0.679,0.199,0.515,0.118,0.425,0.26,0.663,-0.43,0.697,0.436,0.139,0.68,-0.321,0.403,0.445,0.559,0.498,-0.593,0.743,-0.779,-0.29,0.549,0.586,0.624,0.739,0.662,0.46,-0.229,-0.315,0.387,0.702,0.725,0.284,0.688,0.559,0.084,0.677,0.472,0.603,0.637,0.254,0.435,0.57,0.733,0.575,0.718,0.34,-0.626,0.249,0.509,0.104,0.056,-0.358,0.674,0.547,0.584,0.472,-0.066,0.133,0.138,0.342,-0.384,0.041,0.762,-0.033,0.496,0.551,0.687,0.659,0.689,0.446,0.685,0.593,0.432,0.686,-0.442,0.557,0.454,0.606,0.78,0.591,0.099,0.696,-0.588,0.535,0.179,-0.297,0.67,-0.588,0.599,0.589,0.057,0.32,0.499,-0.041,0.379,0.533,0.1,0.697,-0.056,0.82,0.494,0.314,0.465,0.72,0.304,0.099,0.566,0.444,0.448,0.2,0.362,0.598,0.759,0.229,0.392,-0.575,0.712,0.016,0.089,-0.359,0.568,0.537,-0.039,0.429,0.384,0.692,0.613,0.378,0.412,0.761,-0.227,0.68,0.593,0.304,0.717,0.721,0.541,0.703,0.688,0.414,0.066,0.343,0.52,-0.371,0.413,-0.571,0.647,0.593,0.769,0.4,0.22,0.526,0.346,0.475,0.488,-0.41,-0.505,0.63,0.246,0.471,0.467,0.361,-0.439,0.765,-0.437,-0.668,0.747,0.64,-0.169,0.313,-0.383,0.421,0.758,0.674,0.12,0.699
AMD,-0.81,0.789,0.249,0.216,0.336,0.305,0.099,0.594,0.0,0.153,-0.663,0.478,-0.102,0.254,0.533,0.871,0.079,-0.075,0.258,-0.0,0.179,-0.648,0.124,0.581,0.111,0.514,-0.247,0.799,0.123,0.644,-0.302,0.435,0.624,-0.228,0.597,-0.588,0.446,0.305,0.762,0.399,-0.881,0.854,-0.619,-0.471,0.352,0.607,0.428,0.686,0.61,0.359,-0.708,-0.392,0.711,0.804,0.897,-0.011,0.515,0.37,-0.04,0.585,0.313,0.38,0.579,0.116,0.405,0.643,0.78,0.478,0.434,0.325,-0.179,0.081,0.148,0.036,-0.037,-0.25,0.481,0.369,0.344,0.227,-0.558,0.357,-0.106,0.579,-0.773,0.124,0.883,-0.356,0.625,0.263,0.847,0.518,0.816,-0.036,0.735,0.245,0.477,0.499,-0.198,0.153,0.018,0.452,0.707,0.376,-0.024,0.48,-0.461,0.448,-0.348,-0.425,0.878,-0.521,0.573,0.356,-0.439,-0.019,0.173,-0.289,-0.145,0.525,-0.004,0.581,-0.362,0.622,0.475,-0.116,0.429,0.678,0.149,-0.428,0.722,0.247,0.369,-0.266,0.381,0.497,0.591,0.475,0.165,-0.844,0.637,-0.308,-0.122,-0.798,0.558,0.511,-0.028,0.383,0.514,0.554,0.928,0.555,-0.068,0.797,-0.487,0.728,0.294,-0.067,0.61,0.531,0.347,0.687,0.691,0.194,-0.279,0.023,0.323,-0.257,0.246,-0.072,0.513,0.429,0.671,0.322,0.564,0.353,0.31,0.355,0.293,-0.571,-0.457,0.711,-0.019,0.307,0.378,0.568,-0.777,0.812,-0.358,-0.776,0.647,0.24,-0.44,-0.016,-0.185,0.148,0.483,0.769,-0.414,0.868
AMWD,-0.303,0.573,0.67,0.687,0.69,0.772,0.795,0.353,0.153,0.0,-0.298,0.817,0.728,0.77,0.598,0.525,0.373,0.863,0.679,0.655,0.86,0.059,0.865,0.797,0.793,0.298,0.69,0.233,0.536,0.766,0.281,0.804,0.612,0.719,0.718,0.118,0.733,0.835,0.572,0.847,-0.348,0.471,-0.485,-0.124,0.853,0.601,0.848,0.718,0.619,0.022,0.238,0.407,0.44,0.172,0.405,0.471,0.702,0.665,0.714,0.8,0.829,0.844,0.344,0.665,0.658,0.353,0.161,0.713,0.733,-0.12,-0.625,0.69,0.756,0.187,0.297,-0.57,0.398,0.822,0.727,0.861,0.399,-0.315,0.724,0.648,-0.251,-0.518,0.416,0.587,0.313,0.9,0.252,0.848,0.269,0.664,0.542,0.7,0.541,0.756,-0.658,0.717,0.722,0.683,0.605,0.859,-0.086,0.841,-0.611,0.816,0.463,0.439,0.384,-0.243,0.775,0.561,0.215,0.758,0.872,0.336,0.536,0.532,0.587,0.78,0.169,0.605,0.787,0.737,0.452,0.605,0.857,0.431,-0.061,0.372,0.803,0.668,0.513,0.847,0.722,0.244,0.674,-0.078,0.724,0.318,0.697,0.107,0.824,0.822,0.047,0.765,0.246,0.72,-0.0,0.321,0.782,0.601,0.539,0.691,0.84,0.578,0.706,0.799,0.781,0.58,0.699,0.479,0.582,0.781,0.821,-0.046,0.165,-0.599,0.789,0.808,0.581,0.764,0.343,0.874,0.601,0.787,0.824,-0.063,0.213,0.551,0.806,0.888,0.792,0.456,0.116,0.551,-0.777,-0.471,0.737,0.787,0.087,0.772,0.194,0.871,0.733,0.591,0.705,0.363
ARDX,0.691,-0.755,-0.06,-0.353,-0.568,-0.551,-0.244,-0.705,-0.663,-0.298,0.0,-0.565,-0.357,-0.28,-0.567,-0.693,-0.123,-0.164,-0.104,0.015,-0.475,0.822,-0.301,-0.637,-0.256,-0.342,0.017,-0.725,0.017,-0.617,0.426,-0.662,-0.481,0.013,-0.684,0.429,-0.465,-0.546,-0.637,-0.41,0.701,-0.81,0.74,0.255,-0.456,-0.559,-0.53,-0.703,-0.597,-0.314,0.244,0.356,-0.328,-0.671,-0.829,-0.455,-0.654,-0.43,-0.049,-0.685,-0.488,-0.63,-0.652,-0.444,-0.609,-0.728,-0.649,-0.45,-0.549,-0.516,0.526,-0.203,-0.325,-0.155,-0.038,0.287,-0.812,-0.604,-0.266,-0.444,0.118,0.02,-0.256,-0.354,0.397,0.025,-0.751,0.256,-0.183,-0.391,-0.787,-0.608,-0.804,-0.453,-0.524,-0.62,-0.244,-0.659,0.491,-0.615,-0.49,-0.634,-0.668,-0.544,-0.19,-0.566,0.621,-0.478,-0.109,0.171,-0.642,0.764,-0.659,-0.696,0.186,-0.153,-0.435,0.226,-0.121,-0.431,0.001,-0.537,0.293,-0.799,-0.42,-0.309,-0.683,-0.638,-0.337,0.017,-0.708,-0.22,-0.512,0.032,-0.629,-0.615,-0.598,-0.207,-0.548,0.495,-0.629,0.141,-0.132,0.417,-0.556,-0.491,-0.005,-0.55,-0.183,-0.676,-0.663,-0.297,-0.267,-0.755,0.424,-0.719,-0.609,-0.045,-0.638,-0.623,-0.636,-0.555,-0.619,-0.586,0.229,-0.314,-0.615,0.603,-0.015,0.539,-0.693,-0.589,-0.763,-0.577,-0.357,-0.502,-0.117,-0.449,-0.577,0.477,0.652,-0.704,-0.242,-0.481,-0.541,-0.386,0.411,-0.732,0.653,0.877,-0.638,-0.591,-0.015,-0.294,0.178,-0.438,-0.592,-0.554,0.04,-0.662
ARQT,-0.596,0.851,0.565,0.845,0.744,0.877,0.703,0.714,0.478,0.817,-0.565,0.0,0.645,0.845,0.799,0.776,0.525,0.737,0.544,0.467,0.827,-0.297,0.778,0.957,0.627,0.493,0.469,0.418,0.577,0.917,0.023,0.917,0.663,0.611,0.925,-0.119,0.711,0.782,0.721,0.887,-0.616,0.739,-0.74,-0.252,0.916,0.789,0.906,0.907,0.853,0.246,-0.004,0.085,0.527,0.564,0.705,0.415,0.891,0.784,0.54,0.925,0.804,0.925,0.629,0.537,0.664,0.571,0.575,0.866,0.923,0.088,-0.714,0.624,0.796,0.229,0.287,-0.584,0.604,0.853,0.873,0.818,0.198,-0.089,0.544,0.733,-0.462,-0.349,0.728,0.413,0.568,0.934,0.584,0.933,0.573,0.654,0.823,0.781,0.645,0.912,-0.656,0.753,0.664,0.772,0.877,0.912,-0.072,0.975,-0.727,0.865,0.395,0.149,0.675,-0.455,0.881,0.675,0.16,0.661,0.858,0.137,0.543,0.737,0.449,0.961,0.065,0.868,0.89,0.628,0.564,0.871,0.744,0.339,0.258,0.583,0.816,0.572,0.525,0.919,0.933,0.304,0.651,-0.43,0.92,0.213,0.578,-0.18,0.902,0.923,0.041,0.73,0.337,0.896,0.355,0.463,0.761,0.867,0.258,0.861,0.864,0.602,0.921,0.975,0.771,0.857,0.904,0.506,0.478,0.724,0.835,-0.222,0.412,-0.693,0.884,0.922,0.861,0.703,0.368,0.925,0.64,0.797,0.856,-0.359,-0.13,0.742,0.685,0.877,0.795,0.571,-0.221,0.819,-0.755,-0.696,0.95,0.881,-0.126,0.639,-0.035,0.829,0.951,0.79,0.512,0.686
ASTE,-0.016,0.422,0.523,0.678,0.801,0.843,0.806,0.352,-0.102,0.728,-0.357,0.645,0.0,0.639,0.587,0.233,0.402,0.808,0.366,0.487,0.844,-0.065,0.804,0.62,0.696,0.192,0.641,0.046,0.337,0.567,0.274,0.773,0.133,0.812,0.62,0.359,0.374,0.704,0.253,0.654,0.017,0.284,-0.349,0.342,0.724,0.559,0.718,0.533,0.538,0.068,0.635,0.351,0.142,-0.024,0.21,0.638,0.659,0.694,0.599,0.578,0.588,0.771,0.506,0.624,0.514,0.346,0.084,0.595,0.653,0.039,-0.652,0.809,0.833,0.393,0.415,-0.415,0.472,0.742,0.531,0.727,0.779,-0.439,0.832,0.247,0.2,-0.395,0.22,0.666,-0.121,0.762,0.14,0.688,0.178,0.866,0.2,0.678,0.418,0.648,-0.542,0.819,0.801,0.652,0.421,0.775,0.268,0.655,-0.34,0.726,0.791,0.662,0.099,-0.082,0.58,0.777,0.621,0.813,0.871,0.535,0.758,0.517,0.696,0.554,0.525,0.584,0.606,0.874,0.555,0.408,0.759,0.825,0.036,0.479,0.73,0.795,0.447,0.721,0.583,-0.272,0.844,0.28,0.492,0.667,0.824,0.523,0.552,0.628,0.416,0.56,-0.136,0.668,-0.176,0.248,0.912,0.416,0.555,0.527,0.804,0.497,0.541,0.652,0.654,0.333,0.499,0.765,0.602,0.899,0.829,-0.228,0.289,-0.617,0.622,0.695,0.435,0.663,0.294,0.762,0.541,0.74,0.813,0.24,0.1,0.352,0.907,0.745,0.77,0.327,0.504,0.273,-0.705,-0.339,0.507,0.818,0.454,0.726,0.349,0.874,0.637,0.214,0.866,0.202
AUPH,-0.359,0.586,0.676,0.787,0.629,0.808,0.758,0.499,0.254,0.77,-0.28,0.845,0.639,0.0,0.711,0.572,0.535,0.7,0.391,0.373,0.664,-0.052,0.721,0.815,0.5,0.616,0.424,0.058,0.574,0.801,0.133,0.8,0.475,0.655,0.705,-0.013,0.439,0.534,0.483,0.816,-0.356,0.471,-0.603,-0.063,0.837,0.746,0.805,0.784,0.624,0.214,0.108,0.08,0.483,0.252,0.44,0.165,0.701,0.804,0.406,0.735,0.551,0.767,0.567,0.281,0.366,0.269,0.33,0.875,0.807,-0.269,-0.677,0.754,0.871,0.092,0.095,-0.729,0.399,0.625,0.84,0.605,0.308,-0.085,0.478,0.593,-0.329,-0.368,0.499,0.601,0.484,0.829,0.233,0.834,0.321,0.536,0.608,0.544,0.695,0.718,-0.47,0.573,0.518,0.577,0.649,0.757,-0.029,0.842,-0.579,0.849,0.377,0.241,0.428,-0.228,0.614,0.559,0.361,0.718,0.858,0.466,0.726,0.657,0.612,0.817,0.342,0.625,0.847,0.496,0.301,0.628,0.627,0.451,-0.0,0.494,0.752,0.722,0.156,0.846,0.838,0.098,0.588,-0.205,0.691,0.43,0.598,0.077,0.789,0.817,0.265,0.524,0.398,0.729,0.183,0.392,0.796,0.693,0.464,0.663,0.7,0.635,0.807,0.842,0.57,0.669,0.834,0.396,0.667,0.709,0.701,-0.163,0.452,-0.54,0.623,0.766,0.577,0.468,0.375,0.806,0.724,0.781,0.681,-0.056,0.055,0.432,0.678,0.755,0.76,0.281,0.012,0.602,-0.565,-0.419,0.762,0.738,-0.184,0.489,0.127,0.692,0.814,0.542,0.648,0.554
AVXL,-0.427,0.812,0.571,0.801,0.703,0.825,0.668,0.646,0.533,0.598,-0.567,0.799,0.587,0.711,0.0,0.695,0.671,0.583,0.273,0.331,0.671,-0.379,0.631,0.856,0.443,0.677,0.354,0.362,0.583,0.817,0.089,0.794,0.401,0.538,0.826,-0.113,0.371,0.573,0.499,0.779,-0.513,0.675,-0.65,0.042,0.837,0.893,0.806,0.799,0.75,0.203,0.046,-0.069,0.57,0.498,0.642,0.385,0.827,0.748,0.297,0.742,0.494,0.766,0.812,0.265,0.356,0.687,0.668,0.823,0.835,0.104,-0.494,0.678,0.771,0.438,0.332,-0.446,0.496,0.639,0.804,0.546,0.212,0.232,0.404,0.561,-0.382,-0.004,0.743,0.413,0.487,0.715,0.557,0.795,0.517,0.547,0.723,0.637,0.708,0.746,-0.257,0.581,0.516,0.635,0.799,0.766,0.208,0.827,-0.428,0.823,0.429,0.135,0.616,-0.28,0.691,0.792,0.322,0.645,0.717,0.221,0.594,0.86,0.525,0.841,0.266,0.797,0.778,0.457,0.442,0.831,0.572,0.41,0.371,0.671,0.644,0.587,0.334,0.797,0.888,-0.02,0.636,-0.326,0.804,0.416,0.529,-0.096,0.695,0.77,0.299,0.405,0.404,0.85,0.468,0.472,0.677,0.82,0.216,0.811,0.66,0.512,0.837,0.85,0.572,0.786,0.853,0.579,0.477,0.661,0.673,-0.161,0.547,-0.48,0.654,0.849,0.748,0.445,0.537,0.798,0.724,0.706,0.749,-0.083,-0.158,0.602,0.626,0.64,0.736,0.54,-0.13,0.651,-0.541,-0.601,0.771,0.73,0.066,0.292,0.067,0.695,0.862,0.584,0.391,0.694
AZTA,-0.832,0.903,0.529,0.478,0.588,0.606,0.431,0.678,0.871,0.525,-0.693,0.776,0.233,0.572,0.695,0.0,0.19,0.319,0.502,0.263,0.51,-0.503,0.497,0.849,0.411,0.523,0.048,0.746,0.316,0.879,-0.151,0.727,0.754,0.132,0.844,-0.487,0.69,0.622,0.888,0.674,-0.894,0.937,-0.759,-0.498,0.673,0.756,0.724,0.902,0.814,0.336,-0.508,-0.147,0.76,0.811,0.927,0.128,0.755,0.587,0.273,0.847,0.647,0.687,0.614,0.365,0.64,0.608,0.697,0.733,0.704,0.206,-0.484,0.365,0.472,0.106,0.112,-0.488,0.525,0.668,0.628,0.546,-0.285,0.143,0.217,0.78,-0.805,-0.241,0.914,-0.066,0.699,0.645,0.819,0.804,0.839,0.244,0.856,0.491,0.68,0.78,-0.475,0.43,0.299,0.673,0.893,0.698,-0.116,0.785,-0.633,0.735,-0.087,-0.185,0.945,-0.542,0.805,0.515,-0.276,0.319,0.552,-0.137,0.098,0.667,0.255,0.849,-0.216,0.776,0.753,0.211,0.547,0.825,0.457,-0.18,0.579,0.382,0.662,0.074,0.537,0.789,0.819,0.531,0.387,-0.782,0.86,-0.12,0.217,-0.643,0.849,0.788,-0.018,0.661,0.497,0.813,0.769,0.583,0.306,0.935,-0.171,0.91,0.594,0.168,0.854,0.809,0.606,0.862,0.879,0.299,0.032,0.376,0.64,-0.223,0.302,-0.326,0.781,0.729,0.832,0.6,0.582,0.695,0.529,0.671,0.587,-0.567,-0.309,0.827,0.336,0.654,0.66,0.686,-0.635,0.939,-0.633,-0.844,0.895,0.554,-0.406,0.327,-0.092,0.506,0.746,0.915,-0.04,0.893
BAND,0.036,0.411,0.218,0.828,0.313,0.558,0.459,0.378,0.079,0.373,-0.123,0.525,0.402,0.535,0.671,0.19,0.0,0.498,0.042,0.32,0.394,-0.022,0.354,0.478,0.172,0.558,0.468,-0.156,0.81,0.347,0.249,0.368,0.084,0.562,0.42,0.202,-0.041,0.191,0.029,0.518,-0.113,0.115,-0.229,0.313,0.638,0.575,0.461,0.316,0.394,-0.107,0.343,-0.013,0.153,0.121,0.174,0.301,0.468,0.514,0.126,0.313,0.165,0.435,0.46,-0.105,-0.11,0.435,0.52,0.577,0.621,-0.063,-0.152,0.436,0.544,0.491,0.364,-0.068,0.174,0.247,0.696,0.269,0.306,0.323,0.204,0.306,-0.084,0.33,0.32,0.609,0.377,0.482,0.15,0.37,-0.04,0.439,0.472,0.45,0.396,0.388,-0.002,0.351,0.329,0.227,0.425,0.427,0.272,0.517,-0.138,0.424,0.525,0.091,0.165,0.017,0.302,0.433,0.511,0.531,0.389,0.227,0.615,0.675,0.345,0.511,0.346,0.481,0.498,0.347,-0.076,0.606,0.345,0.531,-0.03,0.674,0.26,0.689,-0.099,0.369,0.582,-0.287,0.359,-0.023,0.466,0.473,0.419,0.201,0.243,0.455,0.141,-0.046,0.228,0.419,0.057,0.102,0.599,0.363,0.413,0.303,0.318,0.679,0.426,0.523,0.241,0.494,0.475,0.318,0.667,0.467,0.256,0.063,0.519,-0.377,0.215,0.58,0.397,-0.027,0.104,0.495,0.473,0.204,0.474,0.12,0.088,0.242,0.431,0.323,0.329,0.186,0.141,0.168,-0.126,-0.061,0.365,0.477,0.289,0.018,0.089,0.405,0.621,0.132,0.448,0.207
BECN,-0.082,0.444,0.616,0.773,0.697,0.756,0.827,0.266,-0.075,0.863,-0.164,0.737,0.808,0.7,0.583,0.319,0.498,0.0,0.56,0.699,0.87,0.168,0.899,0.677,0.798,0.188,0.785,0.051,0.566,0.621,0.465,0.715,0.357,0.902,0.661,0.344,0.562,0.745,0.342,0.754,-0.122,0.273,-0.298,0.122,0.8,0.531,0.73,0.549,0.593,-0.03,0.495,0.544,0.271,0.031,0.194,0.494,0.689,0.62,0.787,0.654,0.706,0.791,0.299,0.616,0.531,0.252,0.106,0.659,0.731,-0.176,-0.55,0.72,0.793,0.386,0.509,-0.407,0.272,0.777,0.711,0.807,0.621,-0.302,0.8,0.534,-0.043,-0.483,0.239,0.741,0.189,0.862,0.12,0.717,0.08,0.748,0.424,0.655,0.476,0.698,-0.547,0.72,0.73,0.636,0.517,0.811,-0.042,0.755,-0.406,0.713,0.674,0.623,0.19,-0.05,0.654,0.545,0.463,0.82,0.844,0.385,0.628,0.533,0.657,0.695,0.36,0.548,0.747,0.846,0.394,0.549,0.827,0.646,-0.175,0.494,0.727,0.815,0.448,0.721,0.633,0.01,0.658,0.105,0.619,0.486,0.857,0.339,0.65,0.729,0.145,0.599,-0.012,0.662,-0.241,0.265,0.865,0.423,0.704,0.551,0.752,0.693,0.605,0.715,0.669,0.517,0.54,0.476,0.747,0.856,0.761,0.006,0.29,-0.585,0.674,0.758,0.485,0.649,0.222,0.84,0.593,0.697,0.833,0.071,0.279,0.396,0.882,0.822,0.701,0.433,0.326,0.338,-0.667,-0.254,0.613,0.789,0.265,0.74,0.295,0.896,0.7,0.387,0.828,0.173
BFC,-0.279,0.464,0.619,0.321,0.521,0.453,0.554,0.142,0.258,0.679,-0.104,0.544,0.366,0.391,0.273,0.502,0.042,0.56,0.0,0.685,0.583,0.147,0.678,0.529,0.752,0.043,0.389,0.365,0.361,0.561,0.39,0.492,0.512,0.444,0.56,0.127,0.726,0.695,0.639,0.507,-0.368,0.423,-0.136,-0.309,0.534,0.4,0.589,0.487,0.598,-0.079,-0.006,0.541,0.51,0.264,0.392,0.252,0.459,0.424,0.712,0.555,0.718,0.524,0.093,0.61,0.678,0.177,0.124,0.479,0.42,0.046,-0.253,0.453,0.388,0.158,0.441,-0.224,0.137,0.647,0.439,0.671,0.166,-0.24,0.539,0.676,-0.363,-0.534,0.364,0.288,0.33,0.661,0.346,0.567,0.335,0.31,0.399,0.296,0.499,0.551,-0.537,0.397,0.327,0.57,0.501,0.646,-0.111,0.525,-0.284,0.566,0.082,0.362,0.468,-0.035,0.666,0.24,-0.05,0.489,0.532,0.133,0.076,0.39,0.476,0.566,0.045,0.366,0.626,0.507,0.404,0.447,0.627,0.052,0.11,0.3,0.61,0.255,0.547,0.572,0.418,0.386,0.357,-0.235,0.55,0.089,0.497,-0.125,0.611,0.655,-0.112,0.685,-0.012,0.499,0.047,0.443,0.372,0.425,0.363,0.575,0.515,0.131,0.461,0.489,0.537,0.444,0.447,0.225,0.3,0.516,0.582,0.162,0.165,-0.117,0.636,0.508,0.406,0.688,0.448,0.627,0.428,0.577,0.536,-0.2,0.334,0.594,0.588,0.715,0.582,0.687,-0.062,0.427,-0.64,-0.362,0.542,0.392,-0.025,0.637,0.271,0.589,0.429,0.616,0.305,0.305
BGC,0.08,0.315,0.589,0.474,0.522,0.434,0.661,-0.001,-0.0,0.655,0.015,0.467,0.487,0.373,0.331,0.263,0.32,0.699,0.685,0.0,0.61,0.355,0.764,0.417,0.765,-0.023,0.737,0.14,0.534,0.389,0.684,0.363,0.385,0.668,0.416,0.497,0.49,0.611,0.379,0.529,-0.112,0.104,0.063,0.036,0.581,0.342,0.521,0.278,0.447,-0.4,0.349,0.716,0.429,-0.041,0.128,0.324,0.399,0.42,0.767,0.415,0.561,0.492,-0.03,0.495,0.455,0.162,-0.008,0.48,0.371,-0.168,-0.031,0.523,0.369,0.538,0.668,-0.041,-0.032,0.563,0.433,0.646,0.402,-0.175,0.707,0.623,-0.203,-0.297,0.146,0.579,0.222,0.616,0.151,0.441,-0.035,0.438,0.268,0.293,0.437,0.464,-0.294,0.394,0.356,0.427,0.356,0.6,-0.079,0.484,-0.109,0.518,0.278,0.591,0.19,0.193,0.576,0.222,0.234,0.624,0.486,0.284,0.125,0.398,0.553,0.474,0.215,0.331,0.589,0.592,0.144,0.405,0.666,0.316,-0.15,0.391,0.562,0.508,0.441,0.471,0.353,0.089,0.408,0.065,0.438,0.254,0.645,0.179,0.407,0.592,0.023,0.454,-0.073,0.376,-0.207,0.133,0.466,0.218,0.679,0.422,0.483,0.343,0.266,0.418,0.534,0.335,0.342,0.304,0.614,0.611,0.551,0.361,0.158,-0.107,0.454,0.532,0.306,0.517,0.337,0.63,0.472,0.441,0.548,0.074,0.592,0.466,0.698,0.621,0.549,0.606,0.268,0.161,-0.517,-0.101,0.353,0.379,0.354,0.535,0.572,0.64,0.365,0.345,0.511,-0.02
BHF,-0.343,0.658,0.552,0.723,0.851,0.843,0.798,0.436,0.179,0.86,-0.475,0.827,0.844,0.664,0.671,0.51,0.394,0.87,0.583,0.61,0.0,-0.144,0.915,0.813,0.859,0.16,0.699,0.384,0.408,0.785,0.244,0.875,0.496,0.783,0.833,0.196,0.718,0.892,0.539,0.849,-0.345,0.532,-0.493,0.015,0.83,0.646,0.818,0.721,0.723,0.135,0.359,0.396,0.343,0.28,0.475,0.687,0.812,0.698,0.792,0.813,0.841,0.937,0.516,0.811,0.764,0.519,0.264,0.66,0.779,0.13,-0.656,0.72,0.775,0.398,0.47,-0.433,0.582,0.947,0.671,0.914,0.533,-0.347,0.838,0.565,-0.096,-0.447,0.447,0.539,0.131,0.877,0.409,0.849,0.398,0.856,0.525,0.836,0.466,0.833,-0.662,0.883,0.87,0.783,0.654,0.914,0.002,0.828,-0.585,0.803,0.651,0.563,0.392,-0.293,0.839,0.757,0.311,0.748,0.894,0.281,0.557,0.595,0.566,0.768,0.181,0.732,0.774,0.881,0.713,0.673,0.917,0.583,0.107,0.506,0.828,0.654,0.708,0.85,0.712,0.115,0.825,-0.025,0.753,0.372,0.831,0.152,0.789,0.802,0.147,0.793,-0.042,0.813,-0.003,0.419,0.822,0.639,0.443,0.732,0.917,0.568,0.732,0.829,0.833,0.608,0.675,0.682,0.513,0.886,0.918,-0.211,0.239,-0.717,0.877,0.859,0.677,0.845,0.351,0.919,0.547,0.804,0.954,-0.128,-0.005,0.584,0.869,0.921,0.803,0.573,0.165,0.562,-0.867,-0.574,0.744,0.922,0.249,0.831,0.205,0.968,0.781,0.54,0.713,0.41
BHFAL,0.667,-0.57,0.215,-0.136,-0.252,-0.294,0.067,-0.654,-0.648,0.059,0.822,-0.297,-0.065,-0.052,-0.379,-0.503,-0.022,0.168,0.147,0.355,-0.144,0.0,0.084,-0.369,0.083,-0.363,0.298,-0.626,0.221,-0.365,0.646,-0.406,-0.256,0.314,-0.437,0.533,-0.188,-0.224,-0.436,-0.146,0.603,-0.683,0.644,0.231,-0.141,-0.387,-0.225,-0.493,-0.388,-0.537,0.385,0.613,-0.197,-0.611,-0.727,-0.238,-0.428,-0.177,0.263,-0.423,-0.158,-0.326,-0.616,-0.161,-0.34,-0.619,-0.688,-0.205,-0.325,-0.578,0.386,0.059,-0.091,-0.003,0.126,0.1,-0.747,-0.3,-0.057,-0.147,0.284,-0.111,0.083,-0.08,0.263,-0.228,-0.683,0.506,-0.068,-0.074,-0.751,-0.332,-0.754,-0.224,-0.386,-0.387,-0.016,-0.4,0.306,-0.374,-0.252,-0.432,-0.474,-0.26,-0.331,-0.279,0.466,-0.186,0.075,0.451,-0.529,0.721,-0.367,-0.52,0.227,0.133,-0.135,0.328,-0.047,-0.239,0.219,-0.28,0.346,-0.599,-0.14,-0.014,-0.564,-0.451,-0.034,0.174,-0.81,-0.147,-0.165,0.27,-0.371,-0.313,-0.377,-0.12,-0.288,0.521,-0.371,0.251,0.16,0.476,-0.281,-0.196,0.032,-0.265,-0.194,-0.419,-0.733,-0.333,0.005,-0.577,0.695,-0.494,-0.298,0.169,-0.436,-0.368,-0.346,-0.39,-0.41,-0.421,0.454,-0.043,-0.284,0.667,-0.086,0.376,-0.419,-0.258,-0.584,-0.265,-0.216,-0.141,0.071,-0.181,-0.273,0.429,0.835,-0.496,0.099,-0.166,-0.243,-0.195,0.515,-0.591,0.338,0.738,-0.417,-0.334,0.086,0.002,0.403,-0.099,-0.374,-0.392,0.299,-0.642
BKNG,-0.198,0.57,0.742,0.686,0.835,0.797,0.889,0.29,0.124,0.865,-0.301,0.778,0.804,0.721,0.631,0.497,0.354,0.899,0.678,0.764,0.915,0.084,0.0,0.767,0.892,0.157,0.694,0.262,0.497,0.756,0.463,0.795,0.46,0.847,0.768,0.308,0.666,0.827,0.518,0.81,-0.266,0.436,-0.351,0.015,0.832,0.646,0.808,0.666,0.7,-0.007,0.374,0.567,0.46,0.176,0.373,0.499,0.75,0.71,0.84,0.736,0.777,0.847,0.395,0.713,0.685,0.331,0.132,0.728,0.708,-0.08,-0.534,0.812,0.785,0.442,0.54,-0.463,0.339,0.866,0.681,0.844,0.565,-0.325,0.859,0.656,-0.189,-0.553,0.365,0.649,0.22,0.882,0.296,0.806,0.296,0.713,0.462,0.618,0.615,0.771,-0.567,0.727,0.686,0.73,0.611,0.879,-0.05,0.789,-0.422,0.84,0.546,0.675,0.375,-0.088,0.776,0.635,0.371,0.816,0.891,0.419,0.517,0.61,0.711,0.755,0.318,0.611,0.831,0.815,0.535,0.596,0.871,0.556,-0.005,0.529,0.855,0.71,0.597,0.837,0.676,0.091,0.735,-0.001,0.685,0.451,0.882,0.207,0.759,0.827,0.224,0.732,-0.032,0.764,-0.071,0.388,0.8,0.568,0.641,0.703,0.818,0.513,0.682,0.768,0.742,0.578,0.656,0.566,0.659,0.895,0.881,-0.021,0.298,-0.491,0.775,0.82,0.552,0.788,0.462,0.924,0.674,0.829,0.863,-0.016,0.252,0.544,0.929,0.905,0.842,0.606,0.234,0.472,-0.799,-0.428,0.687,0.785,0.207,0.78,0.419,0.939,0.715,0.515,0.739,0.337
BL,-0.652,0.898,0.627,0.78,0.771,0.871,0.718,0.679,0.581,0.797,-0.637,0.957,0.62,0.815,0.856,0.849,0.478,0.677,0.529,0.417,0.813,-0.369,0.767,0.0,0.61,0.549,0.394,0.52,0.538,0.968,0.017,0.933,0.681,0.547,0.959,-0.214,0.705,0.778,0.743,0.914,-0.694,0.825,-0.783,-0.267,0.926,0.866,0.92,0.954,0.856,0.287,-0.078,0.021,0.608,0.622,0.776,0.415,0.912,0.771,0.486,0.946,0.778,0.927,0.722,0.521,0.667,0.655,0.6,0.87,0.912,0.119,-0.695,0.66,0.789,0.267,0.265,-0.601,0.621,0.844,0.846,0.771,0.136,-0.026,0.51,0.739,-0.529,-0.332,0.802,0.354,0.552,0.885,0.638,0.96,0.662,0.589,0.842,0.775,0.695,0.91,-0.6,0.714,0.64,0.768,0.904,0.9,-0.018,0.965,-0.706,0.909,0.361,0.14,0.756,-0.472,0.893,0.744,0.104,0.632,0.848,0.119,0.509,0.788,0.468,0.966,0.044,0.86,0.888,0.56,0.609,0.884,0.732,0.289,0.342,0.574,0.812,0.519,0.541,0.949,0.953,0.302,0.669,-0.467,0.943,0.225,0.566,-0.255,0.932,0.922,0.095,0.72,0.402,0.944,0.464,0.518,0.714,0.935,0.188,0.928,0.839,0.513,0.959,0.982,0.754,0.888,0.951,0.537,0.405,0.718,0.836,-0.229,0.376,-0.631,0.887,0.944,0.875,0.708,0.499,0.929,0.677,0.835,0.859,-0.353,-0.175,0.748,0.67,0.863,0.831,0.604,-0.267,0.858,-0.773,-0.778,0.956,0.855,-0.135,0.569,-0.014,0.818,0.941,0.803,0.427,0.786
BOKF,-0.184,0.474,0.599,0.497,0.745,0.624,0.728,0.199,0.111,0.793,-0.256,0.627,0.696,0.5,0.443,0.411,0.172,0.798,0.752,0.765,0.859,0.083,0.892,0.61,0.0,-0.004,0.691,0.354,0.317,0.627,0.449,0.669,0.486,0.706,0.639,0.319,0.738,0.809,0.532,0.67,-0.239,0.376,-0.23,-0.036,0.659,0.461,0.68,0.543,0.596,-0.015,0.302,0.652,0.396,0.141,0.328,0.519,0.614,0.569,0.889,0.649,0.802,0.732,0.227,0.828,0.756,0.289,0.044,0.514,0.528,0.036,-0.411,0.626,0.579,0.348,0.494,-0.318,0.319,0.836,0.458,0.839,0.48,-0.41,0.828,0.579,-0.116,-0.528,0.307,0.501,0.104,0.75,0.296,0.683,0.271,0.66,0.339,0.547,0.436,0.659,-0.546,0.66,0.662,0.681,0.494,0.791,-0.095,0.641,-0.401,0.675,0.414,0.683,0.306,-0.112,0.748,0.5,0.204,0.647,0.735,0.328,0.322,0.436,0.584,0.602,0.185,0.515,0.685,0.8,0.583,0.474,0.856,0.404,0.028,0.336,0.789,0.5,0.709,0.698,0.504,0.185,0.652,0.012,0.589,0.284,0.769,0.159,0.651,0.702,0.103,0.783,-0.132,0.616,-0.102,0.391,0.618,0.44,0.524,0.617,0.766,0.384,0.525,0.609,0.72,0.428,0.499,0.517,0.464,0.759,0.819,-0.004,0.134,-0.407,0.746,0.644,0.474,0.83,0.397,0.788,0.485,0.713,0.775,-0.031,0.26,0.524,0.827,0.821,0.719,0.632,0.216,0.403,-0.787,-0.403,0.57,0.668,0.249,0.826,0.416,0.836,0.527,0.491,0.608,0.227
BRKR,-0.359,0.526,0.376,0.569,0.302,0.5,0.389,0.515,0.514,0.298,-0.342,0.493,0.192,0.616,0.677,0.523,0.558,0.188,0.043,-0.023,0.16,-0.363,0.157,0.549,-0.004,0.0,0.026,0.103,0.418,0.537,-0.064,0.465,0.28,0.133,0.437,-0.321,0.021,0.112,0.341,0.462,-0.441,0.464,-0.54,-0.01,0.517,0.698,0.515,0.599,0.423,0.206,-0.212,-0.416,0.556,0.33,0.503,-0.041,0.508,0.53,-0.204,0.46,0.081,0.383,0.646,-0.233,-0.051,0.401,0.635,0.693,0.578,-0.1,-0.335,0.412,0.526,0.093,-0.066,-0.416,0.325,0.185,0.566,0.127,-0.117,0.415,-0.033,0.381,-0.447,0.242,0.66,0.2,0.525,0.377,0.361,0.512,0.343,0.154,0.534,0.253,0.542,0.422,-0.044,0.201,0.118,0.316,0.559,0.399,0.345,0.531,-0.326,0.535,0.022,-0.269,0.447,-0.246,0.321,0.433,0.186,0.343,0.385,0.178,0.472,0.581,0.326,0.564,0.203,0.525,0.512,-0.013,0.035,0.54,0.157,0.083,0.364,0.376,0.338,0.35,-0.141,0.519,0.671,-0.068,0.306,-0.405,0.507,0.244,0.088,-0.187,0.43,0.478,0.245,0.05,0.696,0.498,0.583,0.277,0.372,0.615,-0.015,0.535,0.264,0.336,0.588,0.556,0.258,0.567,0.684,0.282,0.287,0.254,0.263,-0.194,0.464,-0.198,0.271,0.455,0.493,0.017,0.425,0.374,0.518,0.401,0.318,0.005,-0.166,0.394,0.206,0.278,0.432,0.12,-0.256,0.481,-0.151,-0.376,0.517,0.337,-0.162,-0.142,-0.047,0.216,0.582,0.407,0.105,0.608
CACC,0.138,0.205,0.384,0.618,0.477,0.509,0.628,0.118,-0.247,0.69,0.017,0.469,0.641,0.424,0.354,0.048,0.468,0.785,0.389,0.737,0.699,0.298,0.694,0.394,0.691,0.026,0.0,-0.055,0.483,0.34,0.52,0.446,0.273,0.772,0.358,0.537,0.392,0.576,0.14,0.587,0.062,-0.014,-0.055,0.212,0.589,0.288,0.51,0.248,0.312,-0.224,0.574,0.594,0.175,-0.171,-0.029,0.53,0.43,0.412,0.717,0.402,0.522,0.56,0.043,0.502,0.339,0.168,-0.064,0.385,0.475,-0.17,-0.276,0.517,0.499,0.49,0.568,-0.099,0.128,0.565,0.459,0.689,0.588,-0.219,0.714,0.347,0.115,-0.186,0.035,0.684,0.018,0.616,-0.022,0.455,-0.169,0.672,0.207,0.545,0.233,0.463,-0.302,0.581,0.643,0.402,0.287,0.609,-0.001,0.511,-0.229,0.461,0.603,0.593,-0.037,0.109,0.488,0.337,0.473,0.671,0.562,0.389,0.417,0.3,0.483,0.44,0.299,0.359,0.459,0.735,0.167,0.349,0.725,0.584,-0.267,0.356,0.47,0.697,0.33,0.43,0.372,-0.068,0.506,0.275,0.391,0.392,0.688,0.407,0.368,0.459,0.041,0.396,-0.061,0.363,-0.383,0.055,0.651,0.137,0.678,0.286,0.563,0.615,0.273,0.452,0.569,0.29,0.277,0.387,0.674,0.682,0.543,0.221,0.145,-0.453,0.435,0.524,0.292,0.444,0.066,0.594,0.39,0.42,0.625,0.213,0.404,0.237,0.692,0.585,0.432,0.301,0.437,0.088,-0.448,-0.019,0.323,0.58,0.489,0.582,0.337,0.7,0.444,0.175,0.734,-0.119
CAR,-0.784,0.702,0.119,0.078,0.421,0.26,0.1,0.425,0.799,0.233,-0.725,0.418,0.046,0.058,0.362,0.746,-0.156,0.051,0.365,0.14,0.384,-0.626,0.262,0.52,0.354,0.103,-0.055,0.0,-0.127,0.582,-0.274,0.457,0.69,-0.167,0.605,-0.452,0.688,0.551,0.772,0.401,-0.816,0.813,-0.526,-0.474,0.281,0.414,0.353,0.603,0.558,0.326,-0.522,-0.159,0.515,0.717,0.829,0.297,0.507,0.22,0.225,0.613,0.518,0.48,0.409,0.529,0.715,0.669,0.547,0.26,0.349,0.537,-0.231,0.012,0.035,0.097,0.088,-0.114,0.599,0.567,0.136,0.45,-0.4,0.029,0.16,0.514,-0.565,-0.075,0.731,-0.422,0.282,0.263,0.845,0.496,0.801,0.196,0.58,0.432,0.177,0.55,-0.382,0.388,0.298,0.566,0.605,0.437,-0.122,0.413,-0.562,0.345,-0.194,-0.166,0.741,-0.633,0.68,0.395,-0.537,-0.079,0.203,-0.383,-0.287,0.308,-0.091,0.464,-0.556,0.596,0.38,0.152,0.703,0.582,0.362,-0.372,0.657,0.079,0.433,-0.349,0.761,0.48,0.415,0.572,0.322,-0.64,0.587,-0.434,0.043,-0.695,0.566,0.463,-0.17,0.621,0.164,0.506,0.681,0.508,-0.065,0.675,-0.485,0.682,0.437,-0.096,0.506,0.471,0.566,0.538,0.518,0.327,-0.415,0.12,0.49,-0.378,-0.066,-0.239,0.666,0.412,0.67,0.615,0.45,0.396,0.064,0.362,0.445,-0.639,-0.476,0.718,0.087,0.426,0.38,0.633,-0.625,0.751,-0.59,-0.834,0.589,0.345,-0.19,0.295,-0.105,0.317,0.381,0.701,-0.329,0.679
CDNA,-0.0,0.427,0.499,0.742,0.314,0.516,0.557,0.26,0.123,0.536,0.017,0.577,0.337,0.574,0.583,0.316,0.81,0.566,0.361,0.534,0.408,0.221,0.497,0.538,0.317,0.418,0.483,-0.127,0.0,0.433,0.447,0.369,0.239,0.621,0.459,0.22,0.173,0.313,0.184,0.575,-0.183,0.162,-0.142,0.101,0.71,0.56,0.559,0.354,0.471,-0.214,0.239,0.241,0.356,0.147,0.178,0.186,0.459,0.506,0.346,0.371,0.334,0.413,0.288,-0.001,0.03,0.3,0.381,0.621,0.586,-0.221,-0.089,0.5,0.537,0.408,0.441,-0.144,-0.059,0.303,0.772,0.362,0.245,0.212,0.262,0.529,-0.264,0.005,0.29,0.661,0.548,0.586,0.107,0.43,-0.028,0.258,0.539,0.339,0.6,0.401,-0.11,0.224,0.195,0.234,0.475,0.473,0.026,0.58,-0.091,0.543,0.372,0.17,0.318,0.181,0.401,0.269,0.377,0.621,0.442,0.247,0.474,0.695,0.458,0.607,0.354,0.366,0.601,0.338,-0.106,0.596,0.426,0.381,-0.155,0.64,0.333,0.678,-0.049,0.436,0.6,-0.049,0.243,-0.118,0.533,0.441,0.437,0.079,0.391,0.56,0.06,0.113,0.279,0.469,0.0,0.18,0.57,0.377,0.581,0.378,0.308,0.572,0.451,0.535,0.227,0.552,0.504,0.125,0.714,0.478,0.274,0.377,0.488,-0.192,0.278,0.619,0.346,0.104,0.219,0.57,0.62,0.308,0.45,0.086,0.387,0.308,0.494,0.44,0.4,0.366,0.065,0.222,-0.172,-0.047,0.438,0.392,0.095,0.153,0.179,0.459,0.604,0.317,0.44,0.216
CG,-0.699,0.877,0.673,0.689,0.769,0.819,0.686,0.663,0.644,0.766,-0.617,0.917,0.567,0.801,0.817,0.879,0.347,0.621,0.561,0.389,0.785,-0.365,0.756,0.968,0.627,0.537,0.34,0.582,0.433,0.0,0.006,0.926,0.713,0.49,0.933,-0.237,0.742,0.768,0.789,0.894,-0.708,0.85,-0.768,-0.299,0.855,0.842,0.898,0.973,0.832,0.349,-0.163,0.039,0.701,0.628,0.795,0.359,0.881,0.777,0.508,0.937,0.765,0.892,0.713,0.548,0.696,0.614,0.564,0.836,0.86,0.091,-0.678,0.661,0.761,0.183,0.204,-0.639,0.616,0.842,0.795,0.753,0.08,-0.024,0.492,0.735,-0.541,-0.366,0.802,0.293,0.556,0.84,0.643,0.958,0.709,0.541,0.82,0.709,0.72,0.881,-0.57,0.671,0.606,0.781,0.889,0.874,-0.08,0.93,-0.707,0.916,0.267,0.153,0.785,-0.455,0.887,0.713,0.048,0.596,0.831,0.179,0.449,0.737,0.492,0.944,0.041,0.823,0.881,0.516,0.658,0.834,0.725,0.207,0.356,0.489,0.83,0.437,0.569,0.955,0.922,0.371,0.655,-0.495,0.924,0.188,0.527,-0.3,0.954,0.899,0.136,0.755,0.414,0.925,0.502,0.6,0.644,0.944,0.154,0.937,0.819,0.456,0.95,0.95,0.755,0.859,0.951,0.513,0.33,0.671,0.836,-0.238,0.359,-0.548,0.888,0.879,0.843,0.737,0.577,0.896,0.688,0.871,0.812,-0.358,-0.169,0.736,0.635,0.852,0.821,0.619,-0.307,0.888,-0.769,-0.79,0.95,0.808,-0.227,0.588,0.008,0.78,0.886,0.844,0.367,0.825
CGBD,0.513,-0.111,0.531,0.215,0.24,0.121,0.535,-0.43,-0.302,0.281,0.426,0.023,0.274,0.133,0.089,-0.151,0.249,0.465,0.39,0.684,0.244,0.646,0.463,0.017,0.449,-0.064,0.52,-0.274,0.447,0.006,0.0,-0.03,-0.102,0.613,0.013,0.647,-0.014,0.13,-0.088,0.172,0.308,-0.336,0.499,0.41,0.244,0.142,0.157,-0.138,0.091,-0.496,0.498,0.68,0.214,-0.424,-0.324,0.112,0.032,0.212,0.537,-0.053,0.09,0.068,-0.152,0.081,-0.063,-0.12,-0.269,0.228,0.044,-0.439,0.321,0.464,0.242,0.457,0.584,0.107,-0.459,0.097,0.195,0.17,0.466,-0.048,0.439,0.27,0.084,-0.156,-0.243,0.664,-0.012,0.231,-0.3,0.026,-0.44,0.12,-0.118,-0.101,0.341,-0.031,0.169,-0.044,-0.015,-0.014,-0.071,0.188,0.045,0.061,0.397,0.226,0.262,0.698,-0.209,0.667,0.098,-0.035,0.431,0.494,0.18,0.414,0.133,0.233,0.592,0.084,0.539,-0.131,0.293,0.322,-0.193,-0.009,0.351,0.38,-0.389,0.26,0.21,0.497,-0.027,0.088,-0.004,-0.285,0.168,0.399,0.028,0.501,0.542,0.451,-0.007,0.219,0.322,-0.033,-0.21,0.041,-0.459,0.002,0.288,-0.188,0.781,-0.001,0.009,0.233,-0.083,0.001,0.011,-0.015,-0.027,0.058,0.627,0.387,0.119,0.592,0.224,0.282,-0.049,0.164,-0.193,0.049,0.253,0.25,0.409,0.133,0.205,0.495,0.781,-0.045,0.496,0.212,0.218,0.305,0.533,-0.331,-0.056,0.365,-0.102,-0.011,0.367,0.129,0.712,0.302,-0.006,-0.126,0.439,-0.315
