,ACET,ADAP,ADI,ADPT,ADTN,AGEN,ALGN,ALLK,AMD,AMWD,ARDX,ARQT,ASTE,AUPH,AVXL,AZTA,BAND,BECN,BFC,BGC,BHF,BHFAL,BKNG,BL,BOKF,BRKR,CACC,CAR,CDNA,CG,CGBD,CHI,CHTR,CHX,CLNE,CME,CNOB,CNXN,CPRX,CSGP,CSGS,CSIQ,CVCO,CVLT,CYRX,DDOG,DOOO,DSGX,DTIL,ECPG,EEFT,EFSC,ENTG,ESPR,ETSY,EXC,FAMI,FFIV,FITB,FIZZ,FMBH,FOX,FTNT,FULT,GABC,GEN,GH,GMAB,GNPX,GO,GOGL,GOOG,GPRO,GSHD,GSM,GWAV,HAIN,HBAN,HEPA,HURN,HWKN,IBIO,ICFI,IGMS,IMKTA,INCY,INO,IRDM,IRTC,IRWD,ITCI,JACK,JD,JJSF,KALA,KHC,KLAC,KRRO,KRYS,LANC,LBTYA,LIVN,LKCO,LNTH,LOGI,LPRO,LRCX,LSCC,LSTR,MAR,MARA,MCHP,MEOH,META,MGTX,MKSI,MMYT,MORN,MRUS,MTLS,MTSI,MVIS,MXL,NBIX,NFE,NMIH,NMRK,NNDM,NSIT,NTCT,NVAX,OCUL,ODP,OLED,ONB,OTEX,PACB,PATK,PAYX,PEP,PERI,PI,PLYA,PRDO,PRGS,PTGX,QCOM,QCRH,QDEL,QFIN,RGEN,RILY,RPAY,RPD,SABR,SEDG,SHEN,SIRI,SLNO,SNDL,SNEX,SONO,SPT,SSNC,STGW,STKL,STRL,STX,SWTX,SYNA,TFSL,TIGR,TNXP,TOWN,TRI,TRIP,TRMB,TRNS,TRS,TSCO,TSEM,TVTX,TXRH,VC,VCEL,VECO,VIAV,VICR,VIR,VRTX,VSTM,VTRS,WDFC,WSBC,WSC,WYNN,XENE,XNCR,XRAY,ZS
ACET,0.0,-0.169,0.52,0.128,0.881,0.151,0.92,-0.869,0.787,0.765,0.078,-0.021,0.784,0.188,0.873,0.678,-0.603,0.851,0.817,-0.738,0.554,0.13,0.397,0.47,0.835,0.814,0.732,0.747,-0.868,0.749,-0.389,0.814,-0.637,0.074,-0.063,0.698,0.834,0.852,0.775,-0.898,0.665,0.119,0.775,-0.261,-0.021,0.728,-0.019,0.686,0.392,0.796,-0.395,0.396,0.881,0.515,0.524,0.879,-0.152,0.859,-0.513,0.806,0.834,-0.419,0.434,0.327,0.729,-0.869,-0.394,-0.477,-0.353,0.592,-0.639,0.854,0.644,-0.775,-0.546,-0.548,-0.211,-0.448,-0.2,0.778,-0.335,-0.111,0.848,0.622,0.828,-0.138,0.527,0.655,0.815,-0.511,-0.003,0.197,-0.018,0.791,0.615,0.738,0.886,-0.225,-0.678,-0.851,-0.594,0.631,-0.224,0.809,-0.79,-0.462,0.833,0.844,0.591,0.365,0.665,0.797,0.072,0.612,-0.746,0.855,0.814,0.613,0.428,0.743,0.855,0.224,0.893,-0.852,-0.672,-0.772,0.743,-0.02,0.808,0.867,0.82,-0.148,-0.466,-0.206,0.506,0.636,0.638,0.225,0.56,0.776,0.718,0.879,-0.214,-0.302,0.752,0.79,0.767,0.816,0.167,0.268,-0.151,0.884,-0.741,0.565,-0.733,0.766,-0.74,0.879,0.183,0.528,0.219,0.813,0.667,0.802,0.682,-0.708,0.85,0.805,0.803,0.865,0.201,-0.758,-0.186,0.77,0.291,-0.554,0.117,0.85,0.693,0.754,0.854,0.822,0.538,0.868,-0.77,0.906,0.359,0.804,-0.851,0.545,0.748,0.471,0.665,-0.536,0.717,0.667,0.558,0.13,-0.545,0.823
ADAP,-0.169,0.0,-0.336,0.774,-0.313,0.601,-0.053,0.438,-0.346,-0.079,0.693,0.753,-0.287,0.316,0.032,0.295,0.685,-0.312,0.058,0.457,-0.46,0.809,0.591,0.511,-0.032,-0.294,-0.094,-0.008,0.098,-0.334,0.66,-0.201,-0.009,0.873,0.754,-0.485,-0.188,-0.158,-0.655,0.083,0.054,-0.247,-0.38,0.153,0.6,-0.308,0.381,-0.579,0.035,-0.215,0.073,0.259,-0.319,0.617,-0.567,-0.309,0.421,-0.452,-0.13,-0.29,-0.074,0.196,0.025,-0.04,-0.262,0.186,0.544,0.754,0.633,-0.758,0.422,-0.135,-0.672,0.171,0.396,0.704,0.878,-0.465,0.47,0.043,0.241,0.68,-0.195,-0.187,-0.346,0.406,-0.399,0.236,-0.182,0.714,0.795,0.323,-0.73,0.147,-0.097,0.003,-0.212,0.696,0.408,-0.032,0.015,0.119,0.303,-0.279,0.092,0.482,-0.399,-0.254,-0.096,0.69,0.298,-0.17,0.613,-0.226,0.325,-0.425,-0.028,-0.303,0.001,0.268,-0.258,0.031,-0.162,0.357,0.706,0.425,-0.489,0.742,-0.189,-0.0,-0.028,0.123,0.792,0.617,-0.365,-0.19,0.372,-0.595,-0.475,-0.02,-0.064,-0.164,0.767,0.277,-0.084,-0.514,-0.406,0.07,-0.794,-0.859,0.399,-0.221,-0.216,0.089,0.416,-0.318,0.128,-0.356,0.439,-0.759,0.255,0.02,-0.102,-0.16,0.108,0.668,-0.253,-0.505,0.104,-0.283,0.14,-0.096,0.491,-0.075,-0.391,0.602,0.154,-0.342,-0.413,-0.399,-0.263,0.029,0.095,-0.149,0.388,-0.076,0.347,-0.425,0.085,0.174,-0.647,0.165,-0.197,0.1,-0.479,-0.334,0.55,0.607,0.564,-0.31
ADI,0.52,-0.336,0.0,0.041,0.781,-0.082,0.615,-0.75,0.845,0.782,-0.373,-0.291,0.819,-0.129,0.687,0.385,-0.529,0.836,0.458,-0.795,0.838,0.048,0.331,0.386,0.736,0.705,0.751,0.587,-0.518,0.774,-0.301,0.846,0.007,-0.232,-0.435,0.647,0.553,0.738,0.713,-0.374,0.777,-0.316,0.834,0.26,-0.133,0.841,0.295,0.798,0.23,0.749,0.165,0.653,0.693,0.089,0.768,0.541,-0.551,0.674,0.227,0.827,0.698,0.049,0.754,0.749,0.825,-0.393,-0.704,-0.363,-0.684,0.745,-0.528,0.408,0.834,-0.283,-0.221,-0.688,-0.307,0.233,-0.149,0.589,0.22,-0.165,0.722,0.877,0.815,0.028,0.135,0.654,0.721,-0.336,-0.358,0.489,0.281,0.604,0.822,0.67,0.713,-0.008,-0.582,-0.647,-0.201,0.707,-0.777,0.831,-0.448,-0.171,0.818,0.833,0.426,0.06,0.517,0.866,0.19,0.761,-0.683,0.811,0.283,0.211,0.216,0.335,0.739,0.565,0.563,-0.767,-0.514,-0.744,0.854,-0.449,0.856,0.703,0.304,-0.017,-0.286,-0.615,0.928,0.885,0.4,0.329,0.696,0.531,0.198,0.528,-0.411,-0.253,0.666,0.744,0.861,0.588,0.197,0.63,-0.601,0.698,-0.485,0.611,-0.52,0.201,-0.177,0.802,0.254,0.603,0.501,0.592,0.613,0.464,0.65,-0.5,0.793,0.729,0.467,0.796,0.585,-0.201,-0.225,0.787,0.488,-0.313,0.212,0.814,0.897,0.783,0.796,0.455,0.602,0.681,-0.679,0.658,-0.018,0.709,-0.685,0.696,0.692,0.669,0.473,0.217,0.781,0.73,0.373,-0.261,-0.679,0.79
ADPT,0.128,0.774,0.041,0.0,0.087,0.456,0.254,0.121,0.019,0.311,0.724,0.677,0.026,0.454,0.43,0.561,0.423,0.088,0.389,0.13,-0.009,0.886,0.675,0.712,0.324,0.054,0.286,0.299,-0.226,0.12,0.696,0.176,-0.203,0.836,0.648,-0.044,0.191,0.238,-0.287,-0.181,0.385,-0.064,-0.068,0.057,0.691,0.018,0.523,-0.325,0.174,0.21,-0.072,0.483,0.067,0.726,-0.126,0.074,0.383,-0.125,-0.133,0.114,0.294,0.139,0.285,0.188,0.068,-0.094,0.427,0.65,0.416,-0.456,0.154,0.179,-0.325,-0.069,0.172,0.44,0.645,-0.482,0.426,0.444,0.229,0.741,0.234,0.092,0.063,0.557,-0.264,0.55,0.204,0.503,0.739,0.401,-0.582,0.485,0.26,0.35,0.175,0.643,0.245,-0.352,-0.185,0.394,0.11,0.085,-0.202,0.458,-0.023,0.182,0.333,0.837,0.495,0.262,0.757,0.16,0.086,-0.012,0.239,0.026,0.254,0.621,0.166,0.174,0.225,-0.023,0.432,0.072,-0.109,0.66,0.206,0.379,0.185,-0.045,0.609,0.497,0.028,0.123,0.704,-0.378,-0.025,0.329,0.213,0.224,0.756,0.305,0.266,-0.153,-0.01,0.48,-0.592,-0.667,0.212,0.189,-0.505,0.452,0.082,-0.037,-0.097,0.057,0.608,-0.485,0.47,0.362,0.027,0.14,0.474,0.416,0.124,-0.12,0.396,0.084,0.287,-0.27,0.369,0.27,-0.268,0.543,0.216,0.021,-0.029,-0.017,0.101,0.385,0.39,0.243,0.147,0.295,0.46,-0.015,-0.243,0.523,-0.241,0.262,0.207,0.067,-0.176,0.067,0.742,0.733,0.191,0.049
ADTN,0.881,-0.313,0.781,0.087,0.0,-0.059,0.912,-0.931,0.93,0.876,-0.091,-0.203,0.907,0.166,0.903,0.702,-0.73,0.959,0.789,-0.892,0.759,0.111,0.389,0.47,0.903,0.905,0.84,0.782,-0.872,0.913,-0.384,0.93,-0.51,-0.07,-0.259,0.854,0.846,0.92,0.835,-0.83,0.79,0.005,0.902,-0.16,0.018,0.874,0.064,0.836,0.282,0.923,-0.312,0.473,0.953,0.37,0.791,0.881,-0.306,0.926,-0.294,0.928,0.891,-0.37,0.634,0.485,0.843,-0.811,-0.547,-0.527,-0.57,0.732,-0.755,0.823,0.829,-0.723,-0.586,-0.71,-0.291,-0.246,-0.26,0.791,-0.228,-0.184,0.951,0.789,0.962,0.008,0.433,0.667,0.912,-0.572,-0.188,0.336,0.058,0.81,0.805,0.779,0.957,-0.201,-0.728,-0.882,-0.559,0.721,-0.461,0.929,-0.794,-0.41,0.962,0.968,0.627,0.305,0.624,0.93,0.076,0.77,-0.769,0.961,0.74,0.619,0.396,0.689,0.956,0.29,0.907,-0.921,-0.721,-0.898,0.92,-0.241,0.931,0.905,0.705,-0.229,-0.451,-0.436,0.759,0.84,0.65,0.282,0.767,0.811,0.622,0.894,-0.323,-0.26,0.849,0.89,0.943,0.851,0.248,0.454,-0.348,0.957,-0.776,0.71,-0.793,0.69,-0.686,0.966,0.207,0.604,0.309,0.824,0.71,0.819,0.783,-0.723,0.951,0.887,0.814,0.971,0.301,-0.66,-0.243,0.847,0.444,-0.549,0.231,0.963,0.86,0.92,0.958,0.81,0.652,0.93,-0.836,0.937,0.258,0.902,-0.896,0.7,0.842,0.522,0.756,-0.356,0.853,0.817,0.546,-0.03,-0.723,0.945
AGEN,0.151,0.601,-0.082,0.456,-0.059,0.0,0.131,0.022,-0.108,0.069,0.435,0.541,-0.005,-0.16,0.198,0.112,0.531,-0.024,0.112,0.12,-0.219,0.452,0.422,0.482,0.154,-0.085,0.144,0.102,-0.046,-0.204,0.267,0.029,0.053,0.58,0.528,-0.318,-0.03,0.041,-0.195,-0.06,0.171,-0.304,-0.034,0.369,0.092,-0.06,0.447,-0.182,0.349,-0.035,0.341,0.5,-0.124,0.619,-0.435,-0.103,0.06,-0.194,-0.016,-0.033,0.096,0.313,0.117,0.312,0.041,-0.059,0.072,0.389,0.447,-0.27,0.33,-0.014,-0.271,0.121,0.31,0.384,0.531,-0.237,0.569,0.161,0.27,0.621,-0.047,0.05,-0.089,0.103,0.036,0.484,0.057,0.471,0.435,0.28,-0.264,0.252,0.116,0.173,-0.068,0.555,-0.078,-0.219,-0.03,0.302,0.051,0.011,0.081,0.245,-0.158,-0.022,-0.042,0.335,0.397,0.045,0.583,0.147,-0.101,-0.119,-0.024,-0.395,0.201,0.21,-0.095,0.356,-0.013,0.065,0.372,0.104,-0.235,0.452,0.065,0.183,0.129,0.69,0.357,0.426,-0.127,-0.03,0.255,-0.294,-0.436,0.074,-0.068,-0.042,0.318,-0.055,0.034,-0.215,-0.129,0.158,-0.501,-0.384,0.132,-0.034,-0.138,0.088,0.258,-0.244,0.194,0.011,0.475,-0.275,0.344,0.241,0.222,-0.038,0.143,0.263,-0.021,-0.236,0.074,-0.049,0.345,-0.133,0.501,0.25,-0.248,0.218,-0.042,-0.085,-0.099,-0.151,-0.038,0.078,0.125,0.093,0.082,0.13,0.28,-0.139,-0.077,0.232,-0.272,0.414,-0.243,0.172,-0.15,-0.225,0.415,0.354,0.312,-0.126
ALGN,0.92,-0.053,0.615,0.254,0.912,0.131,0.0,-0.866,0.865,0.846,0.131,0.001,0.874,0.319,0.928,0.811,-0.604,0.895,0.875,-0.797,0.545,0.293,0.584,0.587,0.922,0.874,0.763,0.775,-0.908,0.825,-0.324,0.88,-0.635,0.208,0.012,0.701,0.909,0.898,0.68,-0.918,0.805,0.018,0.833,-0.249,0.171,0.817,0.07,0.703,0.347,0.881,-0.377,0.484,0.905,0.547,0.583,0.876,-0.155,0.85,-0.5,0.843,0.917,-0.486,0.579,0.393,0.807,-0.829,-0.38,-0.433,-0.386,0.52,-0.633,0.863,0.632,-0.763,-0.552,-0.52,-0.046,-0.513,-0.257,0.82,-0.273,-0.083,0.91,0.717,0.888,0.028,0.424,0.714,0.845,-0.448,0.049,0.397,-0.203,0.843,0.706,0.771,0.955,-0.112,-0.69,-0.912,-0.649,0.732,-0.264,0.879,-0.867,-0.424,0.88,0.901,0.585,0.504,0.763,0.868,0.151,0.623,-0.723,0.864,0.852,0.654,0.324,0.827,0.901,0.25,0.937,-0.847,-0.606,-0.798,0.774,-0.015,0.882,0.906,0.772,-0.237,-0.35,-0.27,0.589,0.757,0.737,0.141,0.579,0.822,0.714,0.909,-0.176,-0.301,0.811,0.809,0.832,0.884,-0.008,0.196,-0.17,0.929,-0.847,0.719,-0.708,0.728,-0.742,0.875,0.241,0.408,0.312,0.853,0.741,0.861,0.78,-0.645,0.919,0.799,0.92,0.929,0.299,-0.816,-0.138,0.837,0.389,-0.512,0.195,0.897,0.726,0.811,0.929,0.869,0.688,0.911,-0.817,0.948,0.321,0.838,-0.924,0.664,0.655,0.587,0.763,-0.484,0.78,0.699,0.694,0.112,-0.583,0.903
ALLK,-0.869,0.438,-0.75,0.121,-0.931,0.022,-0.866,0.0,-0.899,-0.816,0.224,0.299,-0.926,0.004,-0.807,-0.515,0.755,-0.949,-0.682,0.916,-0.705,0.097,-0.298,-0.376,-0.846,-0.871,-0.759,-0.674,0.826,-0.834,0.581,-0.885,0.453,0.204,0.344,-0.78,-0.814,-0.886,-0.902,0.801,-0.742,-0.003,-0.94,0.082,0.187,-0.891,-0.015,-0.903,-0.363,-0.86,0.178,-0.465,-0.906,-0.246,-0.719,-0.861,0.453,-0.904,0.255,-0.877,-0.839,0.375,-0.585,-0.527,-0.884,0.803,0.695,0.693,0.591,-0.845,0.673,-0.746,-0.879,0.669,0.564,0.742,0.381,0.152,0.341,-0.705,0.23,0.323,-0.867,-0.805,-0.939,0.162,-0.511,-0.586,-0.821,0.614,0.366,-0.294,-0.196,-0.704,-0.711,-0.71,-0.901,0.365,0.858,0.807,0.528,-0.653,0.448,-0.932,0.721,0.573,-0.949,-0.907,-0.487,-0.095,-0.577,-0.867,0.042,-0.716,0.848,-0.958,-0.661,-0.558,-0.299,-0.534,-0.876,-0.276,-0.842,0.894,0.813,0.888,-0.908,0.399,-0.9,-0.81,-0.636,0.109,0.622,0.529,-0.73,-0.791,-0.434,-0.355,-0.681,-0.707,-0.545,-0.809,0.548,0.443,-0.766,-0.917,-0.912,-0.731,-0.275,-0.602,0.405,-0.901,0.613,-0.591,0.734,-0.661,0.593,-0.939,-0.05,-0.708,-0.275,-0.753,-0.766,-0.8,-0.668,0.846,-0.93,-0.914,-0.693,-0.942,-0.386,0.627,0.334,-0.838,-0.544,0.69,-0.077,-0.948,-0.871,-0.893,-0.923,-0.707,-0.583,-0.892,0.92,-0.866,-0.098,-0.875,0.876,-0.543,-0.827,-0.596,-0.663,0.323,-0.916,-0.723,-0.398,0.215,0.723,-0.911
AMD,0.787,-0.346,0.845,0.019,0.93,-0.108,0.865,-0.899,0.0,0.858,-0.229,-0.299,0.97,0.099,0.836,0.593,-0.758,0.948,0.725,-0.94,0.749,0.055,0.435,0.393,0.858,0.886,0.756,0.686,-0.765,0.918,-0.478,0.946,-0.341,-0.169,-0.339,0.776,0.761,0.85,0.807,-0.721,0.833,-0.086,0.961,-0.117,-0.016,0.941,0.005,0.879,0.261,0.923,-0.197,0.484,0.895,0.195,0.814,0.784,-0.339,0.904,-0.243,0.901,0.846,-0.378,0.71,0.512,0.898,-0.645,-0.652,-0.546,-0.692,0.737,-0.66,0.732,0.864,-0.592,-0.478,-0.74,-0.297,-0.148,-0.396,0.729,-0.076,-0.285,0.881,0.861,0.954,-0.039,0.329,0.649,0.842,-0.565,-0.288,0.465,0.07,0.726,0.809,0.728,0.905,-0.191,-0.727,-0.808,-0.507,0.733,-0.584,0.954,-0.749,-0.424,0.959,0.953,0.485,0.214,0.661,0.907,0.032,0.672,-0.771,0.924,0.657,0.556,0.164,0.563,0.889,0.378,0.796,-0.911,-0.741,-0.9,0.926,-0.351,0.939,0.825,0.564,-0.229,-0.498,-0.611,0.821,0.896,0.529,0.243,0.716,0.7,0.556,0.762,-0.452,-0.412,0.736,0.932,0.966,0.733,0.177,0.543,-0.482,0.877,-0.693,0.739,-0.712,0.599,-0.56,0.91,0.189,0.649,0.334,0.701,0.742,0.732,0.731,-0.738,0.963,0.898,0.764,0.953,0.386,-0.529,-0.244,0.814,0.549,-0.562,0.188,0.971,0.914,0.878,0.961,0.688,0.669,0.827,-0.864,0.849,0.04,0.909,-0.87,0.659,0.79,0.632,0.727,-0.257,0.928,0.81,0.453,-0.217,-0.814,0.977
AMWD,0.765,-0.079,0.782,0.311,0.876,0.069,0.846,-0.816,0.858,0.0,0.061,-0.03,0.882,0.191,0.903,0.665,-0.511,0.923,0.786,-0.797,0.759,0.349,0.623,0.689,0.914,0.753,0.838,0.702,-0.764,0.887,-0.189,0.927,-0.366,0.123,-0.143,0.692,0.788,0.92,0.651,-0.715,0.888,-0.12,0.859,-0.015,0.179,0.868,0.262,0.662,0.34,0.892,-0.092,0.675,0.816,0.462,0.668,0.788,-0.176,0.762,-0.201,0.892,0.893,-0.188,0.718,0.638,0.878,-0.68,-0.527,-0.341,-0.483,0.567,-0.522,0.717,0.691,-0.541,-0.369,-0.483,-0.045,-0.228,-0.124,0.834,0.071,-0.009,0.869,0.854,0.908,0.189,0.168,0.803,0.847,-0.337,-0.056,0.572,-0.07,0.885,0.822,0.882,0.881,-0.016,-0.628,-0.833,-0.501,0.82,-0.508,0.918,-0.735,-0.273,0.879,0.928,0.568,0.457,0.773,0.934,0.323,0.703,-0.718,0.86,0.64,0.46,0.299,0.674,0.844,0.41,0.779,-0.848,-0.584,-0.81,0.845,-0.134,0.941,0.895,0.527,-0.174,-0.299,-0.395,0.801,0.807,0.672,0.165,0.669,0.811,0.574,0.757,-0.155,-0.28,0.745,0.795,0.837,0.847,-0.069,0.287,-0.468,0.871,-0.765,0.787,-0.614,0.505,-0.522,0.853,0.354,0.462,0.571,0.799,0.693,0.712,0.893,-0.553,0.907,0.814,0.782,0.897,0.566,-0.561,-0.118,0.865,0.366,-0.309,0.065,0.896,0.868,0.775,0.903,0.753,0.772,0.863,-0.739,0.888,0.155,0.775,-0.919,0.749,0.618,0.679,0.739,-0.148,0.764,0.763,0.678,0.063,-0.647,0.871
ARDX,0.078,0.693,-0.373,0.724,-0.091,0.435,0.131,0.224,-0.229,0.061,0.0,0.693,-0.182,0.539,0.213,0.422,0.426,-0.121,0.314,0.283,-0.274,0.703,0.462,0.554,0.127,-0.146,0.074,0.124,-0.199,-0.078,0.586,-0.079,-0.387,0.825,0.8,-0.134,0.126,0.056,-0.392,-0.247,0.056,0.175,-0.257,-0.215,0.619,-0.204,0.285,-0.497,0.23,0.013,-0.301,0.119,-0.047,0.685,-0.389,0.09,0.552,-0.219,-0.398,-0.112,0.115,-0.099,-0.083,-0.175,-0.161,-0.13,0.623,0.495,0.596,-0.581,0.227,0.167,-0.529,-0.207,-0.022,0.599,0.651,-0.675,0.39,0.242,-0.098,0.679,0.038,-0.257,-0.105,0.378,-0.03,0.212,0.046,0.31,0.796,0.071,-0.643,0.312,-0.049,0.13,0.028,0.385,0.265,-0.203,-0.318,0.128,0.459,-0.119,-0.219,0.173,-0.213,-0.068,0.297,0.723,0.313,-0.05,0.453,-0.152,0.193,-0.2,0.231,0.129,0.246,0.547,-0.019,-0.227,0.157,0.131,0.348,0.155,-0.331,0.774,-0.067,0.172,0.222,-0.11,0.433,0.663,-0.347,-0.266,0.513,-0.488,-0.223,0.234,0.33,0.185,0.768,0.219,0.043,-0.254,-0.265,0.313,-0.528,-0.787,0.439,0.054,-0.379,0.169,0.048,0.101,-0.256,-0.128,0.345,-0.566,0.214,0.249,-0.063,0.183,0.252,0.336,-0.081,-0.225,0.286,-0.098,-0.017,-0.367,0.365,0.006,-0.418,0.355,0.006,-0.163,-0.309,-0.219,-0.088,0.361,0.093,0.087,0.251,0.173,0.467,-0.139,-0.075,0.169,-0.382,-0.04,0.207,-0.217,-0.329,-0.229,0.549,0.787,0.351,-0.145
ARQT,-0.021,0.753,-0.291,0.677,-0.203,0.541,0.001,0.299,-0.299,-0.03,0.693,0.0,-0.255,0.348,0.15,0.26,0.576,-0.193,0.108,0.433,-0.298,0.576,0.396,0.427,0.098,-0.212,0.05,0.15,-0.043,-0.276,0.512,-0.167,-0.089,0.779,0.817,-0.199,-0.032,-0.027,-0.388,0.004,0.003,-0.116,-0.319,0.048,0.492,-0.332,0.399,-0.489,0.308,-0.203,-0.006,0.3,-0.178,0.645,-0.517,-0.065,0.345,-0.324,-0.043,-0.095,0.097,0.231,-0.151,0.078,-0.169,0.013,0.542,0.618,0.535,-0.514,0.274,-0.14,-0.577,-0.052,0.269,0.652,0.648,-0.341,0.579,0.099,0.177,0.681,-0.081,-0.255,-0.208,0.217,0.0,0.225,0.02,0.477,0.791,0.001,-0.378,0.269,-0.034,0.133,-0.12,0.598,0.35,-0.099,0.086,0.14,0.245,-0.23,-0.018,0.202,-0.335,-0.172,0.217,0.511,0.311,-0.091,0.559,-0.181,0.102,-0.261,-0.059,-0.163,0.396,0.321,-0.13,0.016,-0.017,0.167,0.496,0.3,-0.397,0.824,-0.121,0.142,0.265,0.055,0.537,0.683,-0.245,-0.274,0.392,-0.478,-0.369,0.037,0.098,0.01,0.696,0.279,0.017,-0.367,-0.373,0.207,-0.473,-0.659,0.557,-0.055,-0.197,-0.001,0.127,-0.176,0.087,-0.158,0.546,-0.539,0.439,0.234,-0.036,-0.006,0.116,0.513,-0.192,-0.316,0.057,-0.225,0.12,-0.062,0.432,0.05,-0.507,0.371,0.203,-0.243,-0.297,-0.323,-0.173,0.231,-0.018,-0.048,0.327,0.054,0.577,-0.275,0.088,0.09,-0.418,0.149,-0.021,0.155,-0.413,-0.266,0.547,0.74,0.636,-0.246
ASTE,0.784,-0.287,0.819,0.026,0.907,-0.005,0.874,-0.926,0.97,0.882,-0.182,-0.255,0.0,0.069,0.835,0.556,-0.71,0.957,0.722,-0.946,0.714,0.076,0.517,0.47,0.883,0.862,0.755,0.651,-0.767,0.897,-0.485,0.945,-0.326,-0.114,-0.291,0.721,0.77,0.867,0.785,-0.737,0.877,-0.134,0.988,-0.046,-0.017,0.96,0.054,0.864,0.336,0.924,-0.092,0.568,0.861,0.241,0.724,0.777,-0.351,0.862,-0.236,0.89,0.866,-0.357,0.729,0.593,0.953,-0.66,-0.707,-0.561,-0.637,0.731,-0.564,0.709,0.84,-0.557,-0.434,-0.671,-0.207,-0.161,-0.361,0.739,-0.023,-0.249,0.863,0.9,0.958,-0.017,0.32,0.681,0.829,-0.513,-0.3,0.551,0.026,0.756,0.807,0.752,0.893,-0.192,-0.795,-0.818,-0.548,0.774,-0.565,0.98,-0.733,-0.486,0.949,0.939,0.411,0.234,0.719,0.902,0.084,0.659,-0.806,0.907,0.645,0.504,0.129,0.544,0.843,0.395,0.777,-0.885,-0.744,-0.899,0.911,-0.365,0.956,0.82,0.528,-0.149,-0.502,-0.611,0.82,0.886,0.486,0.214,0.643,0.704,0.544,0.732,-0.484,-0.49,0.708,0.922,0.942,0.727,0.061,0.514,-0.514,0.867,-0.674,0.756,-0.647,0.563,-0.518,0.897,0.205,0.624,0.418,0.708,0.812,0.749,0.765,-0.748,0.972,0.892,0.756,0.949,0.519,-0.566,-0.233,0.854,0.553,-0.566,0.09,0.972,0.923,0.843,0.956,0.678,0.716,0.845,-0.893,0.859,-0.016,0.878,-0.907,0.645,0.712,0.738,0.716,-0.218,0.946,0.75,0.48,-0.226,-0.781,0.959
AUPH,0.188,0.316,-0.129,0.454,0.166,-0.16,0.319,0.004,0.099,0.191,0.539,0.348,0.069,0.0,0.332,0.628,-0.143,0.126,0.437,0.022,-0.105,0.43,0.39,0.306,0.317,0.227,0.088,0.274,-0.431,0.247,0.234,0.1,-0.619,0.498,0.507,0.224,0.374,0.271,-0.095,-0.444,0.189,0.378,-0.015,-0.571,0.629,0.073,-0.123,-0.182,0.166,0.21,-0.672,-0.052,0.28,0.327,0.086,0.377,0.504,0.113,-0.543,0.132,0.364,-0.536,0.009,-0.257,0.066,-0.29,0.516,0.118,0.057,-0.278,-0.167,0.327,-0.222,-0.523,-0.377,0.19,0.319,-0.684,-0.276,0.309,-0.311,0.063,0.335,-0.098,0.17,0.315,0.017,0.079,0.178,-0.12,0.573,0.023,-0.585,0.316,0.012,0.127,0.338,-0.024,0.161,-0.258,-0.416,0.113,0.349,0.092,-0.558,-0.206,0.103,0.152,0.426,0.613,0.337,0.128,0.007,-0.201,0.011,0.106,0.443,0.646,0.102,0.583,0.273,-0.455,0.414,-0.1,-0.014,-0.057,0.027,0.471,0.112,0.266,0.381,-0.736,0.135,0.216,-0.072,0.022,0.52,-0.417,0.208,0.32,0.572,0.411,0.453,0.184,0.25,0.116,0.032,0.453,-0.26,-0.493,0.439,0.333,-0.469,0.264,-0.298,0.464,-0.535,0.054,0.039,-0.304,0.095,0.306,0.085,0.48,0.311,0.026,0.194,0.166,0.543,0.187,-0.177,-0.502,-0.068,0.142,-0.025,-0.033,0.06,0.132,-0.043,0.1,0.217,0.584,0.311,0.186,-0.09,0.294,0.259,0.216,-0.242,0.149,-0.079,-0.097,0.58,-0.443,0.024,0.072,0.477,0.536,-0.007,0.218
AVXL,0.873,0.032,0.687,0.43,0.903,0.198,0.928,-0.807,0.836,0.903,0.213,0.15,0.835,0.332,0.0,0.816,-0.478,0.902,0.856,-0.741,0.633,0.414,0.62,0.699,0.957,0.823,0.882,0.847,-0.888,0.833,-0.144,0.898,-0.54,0.28,0.075,0.717,0.839,0.933,0.66,-0.834,0.851,-0.023,0.791,-0.107,0.247,0.788,0.259,0.611,0.445,0.882,-0.28,0.645,0.883,0.645,0.588,0.842,-0.129,0.777,-0.347,0.893,0.941,-0.29,0.653,0.533,0.813,-0.781,-0.341,-0.222,-0.354,0.486,-0.572,0.779,0.587,-0.694,-0.425,-0.411,-0.007,-0.43,-0.064,0.902,-0.091,0.116,0.929,0.733,0.886,0.128,0.323,0.828,0.906,-0.335,0.157,0.426,-0.157,0.934,0.803,0.848,0.924,0.067,-0.582,-0.94,-0.573,0.825,-0.387,0.869,-0.811,-0.28,0.833,0.927,0.684,0.568,0.822,0.925,0.35,0.688,-0.719,0.859,0.728,0.549,0.489,0.844,0.9,0.328,0.897,-0.856,-0.505,-0.785,0.753,0.089,0.918,0.978,0.759,-0.207,-0.224,-0.191,0.667,0.75,0.833,0.06,0.627,0.839,0.664,0.878,-0.02,-0.222,0.841,0.748,0.808,0.954,-0.042,0.147,-0.197,0.936,-0.878,0.766,-0.703,0.601,-0.638,0.887,0.441,0.363,0.528,0.908,0.701,0.812,0.873,-0.52,0.902,0.775,0.867,0.894,0.423,-0.707,-0.088,0.887,0.261,-0.341,0.215,0.877,0.769,0.788,0.906,0.907,0.701,0.912,-0.715,0.967,0.411,0.812,-0.9,0.779,0.64,0.637,0.759,-0.289,0.705,0.695,0.792,0.284,-0.539,0.867
AZTA,0.678,0.295,0.385,0.561,0.702,0.112,0.811,-0.515,0.593,0.665,0.422,0.26,0.556,0.628,0.816,0.0,-0.327,0.626,0.8,-0.467,0.302,0.595,0.631,0.658,0.764,0.686,0.59,0.687,-0.826,0.616,0.086,0.633,-0.714,0.524,0.331,0.556,0.716,0.733,0.304,-0.795,0.642,0.098,0.479,-0.347,0.564,0.531,0.133,0.355,0.172,0.677,-0.571,0.361,0.728,0.669,0.436,0.693,0.122,0.583,-0.51,0.6,0.762,-0.481,0.471,0.161,0.487,-0.678,0.096,-0.058,-0.117,0.115,-0.578,0.743,0.26,-0.739,-0.516,-0.202,0.263,-0.695,-0.112,0.697,-0.326,0.141,0.791,0.428,0.631,0.303,0.23,0.607,0.671,-0.174,0.417,0.31,-0.513,0.752,0.535,0.601,0.784,0.14,-0.317,-0.8,-0.544,0.581,-0.007,0.582,-0.802,-0.115,0.6,0.678,0.64,0.76,0.642,0.664,0.275,0.456,-0.398,0.598,0.775,0.637,0.369,0.913,0.767,-0.017,0.835,-0.567,-0.208,-0.501,0.484,0.354,0.638,0.774,0.729,-0.414,0.092,0.091,0.331,0.585,0.913,-0.193,0.479,0.743,0.665,0.832,0.269,0.092,0.781,0.473,0.573,0.87,-0.162,-0.215,0.18,0.786,-0.895,0.646,-0.581,0.62,-0.74,0.605,0.297,-0.011,0.24,0.788,0.493,0.771,0.7,-0.229,0.671,0.48,0.901,0.695,0.074,-0.782,0.047,0.644,0.18,-0.195,0.438,0.615,0.4,0.652,0.693,0.868,0.59,0.745,-0.516,0.795,0.547,0.591,-0.717,0.684,0.379,0.332,0.69,-0.496,0.427,0.536,0.834,0.432,-0.285,0.674
BAND,-0.603,0.685,-0.529,0.423,-0.73,0.531,-0.604,0.755,-0.758,-0.511,0.426,0.576,-0.71,-0.143,-0.478,-0.327,0.0,-0.704,-0.481,0.768,-0.584,0.393,0.018,0.106,-0.533,-0.739,-0.409,-0.449,0.603,-0.731,0.705,-0.644,0.421,0.535,0.562,-0.739,-0.625,-0.61,-0.797,0.624,-0.425,-0.216,-0.721,0.445,0.242,-0.703,0.464,-0.788,-0.106,-0.645,0.418,0.047,-0.744,0.222,-0.783,-0.71,0.253,-0.833,0.346,-0.641,-0.574,0.563,-0.284,-0.091,-0.625,0.593,0.532,0.812,0.796,-0.758,0.734,-0.608,-0.807,0.621,0.666,0.814,0.612,0.085,0.716,-0.406,0.417,0.701,-0.663,-0.56,-0.736,0.287,-0.424,-0.14,-0.553,0.811,0.518,-0.027,-0.213,-0.348,-0.376,-0.397,-0.704,0.67,0.615,0.464,0.439,-0.265,0.335,-0.68,0.665,0.652,-0.785,-0.668,-0.302,0.143,-0.205,-0.569,0.507,-0.387,0.591,-0.762,-0.593,-0.726,-0.014,-0.278,-0.698,0.021,-0.643,0.72,0.883,0.729,-0.796,0.532,-0.605,-0.48,-0.467,0.454,0.738,0.689,-0.571,-0.581,-0.133,-0.375,-0.708,-0.474,-0.553,-0.632,0.631,0.34,-0.458,-0.849,-0.753,-0.43,-0.49,-0.642,0.33,-0.682,0.377,-0.351,0.726,-0.727,0.623,-0.678,0.272,-0.698,0.112,-0.389,-0.432,-0.642,-0.334,0.862,-0.717,-0.819,-0.533,-0.747,0.03,0.438,0.496,-0.463,-0.569,0.712,-0.017,-0.767,-0.672,-0.723,-0.737,-0.49,-0.369,-0.57,0.771,-0.565,0.138,-0.804,0.613,-0.187,-0.792,-0.162,-0.654,0.494,-0.806,-0.69,-0.011,0.421,0.762,-0.78
BECN,0.851,-0.312,0.836,0.088,0.959,-0.024,0.895,-0.949,0.948,0.923,-0.121,-0.193,0.957,0.126,0.902,0.626,-0.704,0.0,0.766,-0.906,0.783,0.091,0.457,0.515,0.922,0.894,0.834,0.748,-0.843,0.916,-0.424,0.957,-0.431,-0.083,-0.258,0.803,0.835,0.946,0.85,-0.785,0.854,-0.025,0.948,-0.085,0.001,0.931,0.123,0.847,0.361,0.929,-0.168,0.572,0.917,0.32,0.762,0.867,-0.335,0.887,-0.229,0.944,0.918,-0.32,0.689,0.591,0.929,-0.756,-0.62,-0.544,-0.613,0.762,-0.644,0.758,0.848,-0.644,-0.49,-0.671,-0.273,-0.179,-0.288,0.813,-0.093,-0.2,0.93,0.861,0.98,0.0,0.388,0.718,0.88,-0.531,-0.236,0.434,0.099,0.817,0.807,0.807,0.941,-0.21,-0.764,-0.853,-0.516,0.756,-0.518,0.97,-0.778,-0.45,0.966,0.971,0.572,0.263,0.702,0.955,0.109,0.754,-0.828,0.972,0.676,0.564,0.322,0.635,0.919,0.359,0.862,-0.924,-0.742,-0.893,0.929,-0.278,0.971,0.891,0.634,-0.182,-0.483,-0.497,0.824,0.865,0.581,0.269,0.736,0.766,0.61,0.831,-0.39,-0.37,0.802,0.918,0.939,0.824,0.166,0.498,-0.432,0.944,-0.718,0.718,-0.73,0.632,-0.584,0.957,0.227,0.648,0.442,0.817,0.767,0.804,0.798,-0.736,0.975,0.925,0.769,0.971,0.471,-0.593,-0.243,0.896,0.491,-0.542,0.124,0.978,0.928,0.898,0.975,0.78,0.699,0.912,-0.883,0.914,0.139,0.911,-0.92,0.677,0.801,0.66,0.757,-0.233,0.906,0.808,0.534,-0.094,-0.748,0.958
BFC,0.817,0.058,0.458,0.389,0.789,0.112,0.875,-0.682,0.725,0.786,0.314,0.108,0.722,0.437,0.856,0.8,-0.481,0.766,0.0,-0.629,0.47,0.381,0.611,0.645,0.81,0.734,0.643,0.671,-0.83,0.768,-0.089,0.774,-0.666,0.335,0.163,0.628,0.823,0.798,0.531,-0.851,0.68,0.156,0.671,-0.383,0.332,0.69,0.048,0.501,0.27,0.789,-0.427,0.394,0.767,0.573,0.495,0.811,0.126,0.702,-0.546,0.732,0.829,-0.453,0.483,0.264,0.666,-0.735,-0.183,-0.288,-0.241,0.326,-0.483,0.843,0.471,-0.677,-0.474,-0.344,0.068,-0.576,-0.172,0.771,-0.236,0.025,0.82,0.56,0.767,0.197,0.34,0.702,0.744,-0.329,0.179,0.42,-0.303,0.806,0.567,0.726,0.829,-0.036,-0.555,-0.797,-0.599,0.634,-0.104,0.741,-0.827,-0.293,0.726,0.774,0.586,0.61,0.744,0.742,0.252,0.522,-0.54,0.723,0.851,0.646,0.284,0.834,0.795,0.163,0.841,-0.713,-0.484,-0.675,0.643,0.195,0.751,0.808,0.678,-0.288,-0.262,-0.109,0.462,0.618,0.767,-0.005,0.48,0.787,0.801,0.834,0.035,-0.201,0.679,0.671,0.67,0.823,-0.086,0.004,-0.099,0.837,-0.82,0.709,-0.609,0.721,-0.722,0.734,0.29,0.288,0.31,0.781,0.613,0.799,0.752,-0.446,0.789,0.694,0.895,0.795,0.221,-0.736,0.025,0.712,0.218,-0.346,0.165,0.768,0.587,0.663,0.803,0.835,0.652,0.812,-0.667,0.86,0.306,0.748,-0.845,0.593,0.553,0.43,0.77,-0.486,0.611,0.649,0.681,0.229,-0.497,0.784
BGC,-0.738,0.457,-0.795,0.13,-0.892,0.12,-0.797,0.916,-0.94,-0.797,0.283,0.433,-0.946,0.022,-0.741,-0.467,0.768,-0.906,-0.629,0.0,-0.716,0.05,-0.348,-0.316,-0.786,-0.809,-0.723,-0.59,0.708,-0.888,0.56,-0.897,0.271,0.272,0.448,-0.756,-0.713,-0.789,-0.807,0.685,-0.774,0.096,-0.962,0.088,0.119,-0.921,0.049,-0.876,-0.279,-0.902,0.147,-0.431,-0.844,-0.117,-0.777,-0.742,0.372,-0.889,0.227,-0.854,-0.756,0.403,-0.649,-0.493,-0.889,0.661,0.761,0.635,0.699,-0.785,0.635,-0.699,-0.883,0.557,0.528,0.775,0.328,0.081,0.387,-0.644,0.074,0.309,-0.823,-0.834,-0.931,0.068,-0.334,-0.561,-0.808,0.646,0.423,-0.428,-0.11,-0.642,-0.769,-0.679,-0.85,0.267,0.783,0.773,0.574,-0.716,0.593,-0.943,0.681,0.499,-0.935,-0.906,-0.395,-0.103,-0.554,-0.834,0.042,-0.635,0.754,-0.884,-0.596,-0.511,-0.11,-0.429,-0.808,-0.324,-0.726,0.873,0.817,0.945,-0.907,0.51,-0.895,-0.744,-0.457,0.145,0.593,0.692,-0.785,-0.845,-0.394,-0.264,-0.691,-0.701,-0.489,-0.698,0.559,0.504,-0.644,-0.92,-0.955,-0.646,-0.189,-0.613,0.589,-0.815,0.596,-0.697,0.691,-0.556,0.537,-0.872,-0.121,-0.657,-0.256,-0.613,-0.699,-0.69,-0.689,0.817,-0.925,-0.875,-0.689,-0.912,-0.381,0.519,0.292,-0.747,-0.529,0.615,-0.046,-0.936,-0.904,-0.846,-0.899,-0.598,-0.608,-0.791,0.847,-0.799,0.066,-0.874,0.828,-0.605,-0.765,-0.573,-0.692,0.266,-0.923,-0.749,-0.341,0.313,0.868,-0.923
BHF,0.554,-0.46,0.838,-0.009,0.759,-0.219,0.545,-0.705,0.749,0.759,-0.274,-0.298,0.714,-0.105,0.633,0.302,-0.584,0.783,0.47,-0.716,0.0,-0.045,0.155,0.29,0.684,0.611,0.721,0.529,-0.48,0.765,-0.251,0.776,-0.075,-0.317,-0.483,0.719,0.581,0.723,0.748,-0.396,0.64,-0.117,0.743,0.099,-0.183,0.736,0.191,0.693,0.252,0.7,0.065,0.513,0.687,0.065,0.734,0.614,-0.42,0.693,0.195,0.806,0.672,0.088,0.547,0.639,0.745,-0.408,-0.618,-0.427,-0.637,0.771,-0.573,0.441,0.83,-0.349,-0.295,-0.673,-0.445,0.269,-0.101,0.601,0.117,-0.174,0.699,0.764,0.785,0.007,0.192,0.539,0.714,-0.427,-0.362,0.266,0.399,0.594,0.76,0.71,0.672,-0.143,-0.494,-0.561,-0.215,0.584,-0.671,0.754,-0.451,-0.236,0.772,0.798,0.552,0.028,0.348,0.795,0.119,0.711,-0.628,0.781,0.338,0.298,0.338,0.331,0.703,0.47,0.561,-0.767,-0.611,-0.721,0.837,-0.431,0.77,0.672,0.33,-0.117,-0.442,-0.543,0.882,0.69,0.338,0.502,0.743,0.58,0.29,0.556,-0.342,-0.117,0.588,0.736,0.778,0.582,0.397,0.63,-0.581,0.678,-0.415,0.503,-0.594,0.332,-0.272,0.797,0.237,0.645,0.437,0.562,0.407,0.434,0.641,-0.586,0.715,0.751,0.419,0.743,0.452,-0.184,-0.267,0.691,0.335,-0.26,0.058,0.762,0.841,0.693,0.729,0.461,0.531,0.657,-0.565,0.642,0.022,0.679,-0.635,0.538,0.759,0.444,0.541,0.103,0.687,0.791,0.276,-0.127,-0.654,0.691
BHFAL,0.13,0.809,0.048,0.886,0.111,0.452,0.293,0.097,0.055,0.349,0.703,0.576,0.076,0.43,0.414,0.595,0.393,0.091,0.381,0.05,-0.045,0.0,0.764,0.704,0.335,0.019,0.324,0.308,-0.21,0.151,0.626,0.199,-0.149,0.829,0.544,-0.079,0.169,0.222,-0.354,-0.213,0.43,-0.236,-0.009,0.091,0.674,0.061,0.482,-0.298,0.097,0.251,-0.084,0.458,0.075,0.754,-0.134,0.046,0.352,-0.055,-0.225,0.141,0.278,0.065,0.322,0.157,0.086,-0.116,0.33,0.618,0.367,-0.489,0.099,0.219,-0.32,-0.097,0.095,0.399,0.736,-0.528,0.407,0.434,0.246,0.706,0.235,0.152,0.085,0.565,-0.395,0.521,0.253,0.415,0.74,0.487,-0.723,0.502,0.31,0.371,0.203,0.661,0.206,-0.391,-0.314,0.504,0.023,0.132,-0.234,0.416,0.014,0.204,0.24,0.9,0.511,0.258,0.699,0.095,0.095,-0.036,0.256,-0.027,0.163,0.576,0.154,0.158,0.199,-0.042,0.396,-0.009,-0.079,0.576,0.229,0.396,0.141,-0.069,0.656,0.364,0.017,0.167,0.71,-0.439,-0.03,0.4,0.158,0.203,0.743,0.24,0.242,-0.137,0.038,0.449,-0.706,-0.684,0.093,0.168,-0.581,0.509,0.052,-0.074,-0.172,0.045,0.59,-0.542,0.427,0.31,0.088,0.121,0.545,0.371,0.148,-0.124,0.461,0.121,0.262,-0.311,0.298,0.228,-0.263,0.499,0.164,0.058,-0.008,-0.018,0.127,0.354,0.408,0.219,0.149,0.32,0.401,-0.046,-0.285,0.578,-0.298,0.269,0.209,-0.01,-0.162,0.046,0.78,0.665,0.133,0.078
BKNG,0.397,0.591,0.331,0.675,0.389,0.422,0.584,-0.298,0.435,0.623,0.462,0.396,0.517,0.39,0.62,0.631,0.018,0.457,0.611,-0.348,0.155,0.764,0.0,0.797,0.617,0.356,0.427,0.408,-0.454,0.448,0.197,0.555,-0.203,0.635,0.362,0.149,0.414,0.512,-0.004,-0.455,0.745,-0.272,0.433,0.008,0.523,0.509,0.277,0.102,0.279,0.563,0.005,0.639,0.326,0.624,0.087,0.318,0.239,0.253,-0.341,0.407,0.589,-0.155,0.544,0.391,0.541,-0.328,-0.087,0.184,-0.01,-0.126,0.008,0.42,0.055,-0.248,-0.015,0.105,0.631,-0.521,0.035,0.604,0.282,0.378,0.466,0.531,0.443,0.436,-0.221,0.709,0.417,0.143,0.42,0.804,-0.659,0.689,0.484,0.59,0.479,0.394,-0.246,-0.588,-0.48,0.696,-0.169,0.534,-0.508,0.015,0.376,0.483,0.179,0.798,0.808,0.514,0.582,0.227,-0.31,0.301,0.466,0.161,-0.072,0.585,0.36,0.287,0.394,-0.339,-0.034,-0.326,0.289,0.291,0.576,0.573,0.236,-0.073,0.267,-0.04,0.344,0.507,0.626,-0.412,0.084,0.528,0.435,0.352,0.296,-0.138,0.36,0.3,0.38,0.576,-0.736,-0.353,-0.182,0.437,-0.643,0.735,-0.075,0.164,-0.267,0.327,0.488,-0.195,0.562,0.494,0.501,0.414,0.704,-0.021,0.53,0.27,0.674,0.474,0.556,-0.461,0.244,0.561,0.105,0.123,0.045,0.439,0.385,0.246,0.49,0.499,0.739,0.444,-0.343,0.538,0.104,0.303,-0.64,0.623,-0.078,0.658,0.441,-0.075,0.324,0.332,0.789,0.291,-0.216,0.467
BL,0.47,0.511,0.386,0.712,0.47,0.482,0.587,-0.376,0.393,0.689,0.554,0.427,0.47,0.306,0.699,0.658,0.106,0.515,0.645,-0.316,0.29,0.704,0.797,0.0,0.659,0.387,0.578,0.479,-0.553,0.443,0.313,0.583,-0.319,0.651,0.433,0.24,0.498,0.617,0.115,-0.488,0.677,-0.155,0.41,0.154,0.499,0.484,0.549,0.158,0.266,0.541,0.014,0.704,0.428,0.76,0.135,0.435,0.1,0.242,-0.188,0.462,0.621,0.003,0.611,0.49,0.495,-0.394,-0.045,0.184,0.141,0.001,-0.05,0.454,0.125,-0.27,-0.021,0.121,0.521,-0.453,0.277,0.659,0.174,0.495,0.53,0.487,0.479,0.428,-0.007,0.781,0.488,0.227,0.399,0.654,-0.429,0.764,0.566,0.638,0.531,0.417,-0.344,-0.653,-0.344,0.648,-0.114,0.53,-0.444,0.115,0.414,0.527,0.478,0.731,0.767,0.595,0.718,0.487,-0.371,0.416,0.42,0.143,0.288,0.695,0.475,0.285,0.512,-0.38,0.015,-0.346,0.334,0.361,0.592,0.646,0.356,0.02,0.223,0.195,0.329,0.466,0.721,-0.218,0.187,0.569,0.394,0.485,0.326,-0.098,0.574,0.261,0.367,0.687,-0.484,-0.282,-0.098,0.541,-0.672,0.623,-0.157,0.188,-0.275,0.438,0.487,-0.072,0.63,0.689,0.519,0.503,0.735,0.025,0.514,0.314,0.594,0.499,0.574,-0.508,0.314,0.645,0.082,0.092,0.119,0.446,0.401,0.379,0.498,0.605,0.638,0.621,-0.365,0.614,0.34,0.3,-0.638,0.673,0.073,0.627,0.401,-0.012,0.292,0.29,0.82,0.408,-0.128,0.443
BOKF,0.835,-0.032,0.736,0.324,0.903,0.154,0.922,-0.846,0.858,0.914,0.127,0.098,0.883,0.317,0.957,0.764,-0.533,0.922,0.81,-0.786,0.684,0.335,0.617,0.659,0.0,0.835,0.855,0.798,-0.874,0.836,-0.244,0.913,-0.487,0.209,0.026,0.731,0.841,0.933,0.683,-0.809,0.881,-0.095,0.85,-0.072,0.177,0.832,0.255,0.671,0.484,0.874,-0.207,0.697,0.886,0.552,0.587,0.857,-0.236,0.788,-0.253,0.914,0.972,-0.273,0.646,0.631,0.889,-0.761,-0.426,-0.338,-0.441,0.569,-0.588,0.702,0.639,-0.702,-0.452,-0.464,-0.006,-0.334,-0.129,0.845,-0.081,0.012,0.924,0.784,0.923,0.088,0.341,0.793,0.897,-0.395,0.079,0.448,-0.107,0.913,0.825,0.863,0.925,0.009,-0.637,-0.911,-0.556,0.831,-0.444,0.905,-0.811,-0.407,0.865,0.926,0.663,0.481,0.799,0.922,0.279,0.655,-0.79,0.869,0.675,0.541,0.428,0.771,0.884,0.33,0.877,-0.876,-0.557,-0.806,0.799,-0.018,0.935,0.954,0.727,-0.225,-0.287,-0.317,0.762,0.777,0.741,0.081,0.628,0.832,0.625,0.849,-0.142,-0.259,0.822,0.8,0.83,0.923,-0.03,0.247,-0.237,0.931,-0.825,0.735,-0.709,0.575,-0.587,0.899,0.385,0.395,0.568,0.901,0.742,0.819,0.868,-0.583,0.922,0.817,0.844,0.919,0.514,-0.68,-0.123,0.937,0.346,-0.424,0.157,0.9,0.813,0.793,0.936,0.881,0.742,0.893,-0.77,0.949,0.321,0.823,-0.909,0.725,0.625,0.706,0.779,-0.214,0.765,0.702,0.761,0.18,-0.554,0.884
BRKR,0.814,-0.294,0.705,0.054,0.905,-0.085,0.874,-0.871,0.886,0.753,-0.146,-0.212,0.862,0.227,0.823,0.686,-0.739,0.894,0.734,-0.809,0.611,0.019,0.356,0.387,0.835,0.0,0.678,0.731,-0.856,0.803,-0.447,0.844,-0.561,-0.081,-0.155,0.769,0.793,0.851,0.788,-0.792,0.734,0.108,0.841,-0.254,0.06,0.838,-0.065,0.839,0.232,0.823,-0.347,0.389,0.898,0.26,0.747,0.832,-0.303,0.86,-0.314,0.813,0.851,-0.468,0.598,0.392,0.797,-0.748,-0.439,-0.56,-0.572,0.688,-0.707,0.742,0.766,-0.714,-0.565,-0.678,-0.293,-0.295,-0.409,0.749,-0.334,-0.312,0.894,0.713,0.881,-0.011,0.504,0.58,0.771,-0.516,-0.189,0.305,0.013,0.679,0.672,0.629,0.896,-0.264,-0.73,-0.767,-0.45,0.564,-0.311,0.843,-0.777,-0.439,0.886,0.87,0.559,0.231,0.58,0.823,-0.035,0.667,-0.739,0.894,0.726,0.669,0.281,0.658,0.903,0.19,0.883,-0.815,-0.66,-0.754,0.826,-0.185,0.837,0.794,0.736,-0.267,-0.438,-0.384,0.668,0.809,0.584,0.203,0.686,0.671,0.632,0.853,-0.408,-0.251,0.809,0.842,0.871,0.774,0.256,0.433,-0.159,0.909,-0.673,0.617,-0.684,0.734,-0.635,0.874,0.092,0.57,0.203,0.783,0.75,0.846,0.609,-0.682,0.898,0.819,0.773,0.908,0.241,-0.671,-0.186,0.823,0.618,-0.625,0.305,0.888,0.759,0.899,0.913,0.777,0.63,0.86,-0.874,0.837,0.213,0.876,-0.817,0.602,0.777,0.522,0.7,-0.395,0.852,0.742,0.463,-0.126,-0.654,0.923
CACC,0.732,-0.094,0.751,0.286,0.84,0.144,0.763,-0.759,0.756,0.838,0.074,0.05,0.755,0.088,0.882,0.59,-0.409,0.834,0.643,-0.723,0.721,0.324,0.427,0.578,0.855,0.678,0.0,0.861,-0.71,0.765,-0.148,0.831,-0.279,0.113,-0.121,0.7,0.689,0.834,0.661,-0.636,0.759,-0.227,0.744,0.14,0.038,0.705,0.409,0.598,0.444,0.793,-0.084,0.654,0.785,0.575,0.565,0.721,-0.344,0.728,-0.1,0.898,0.8,-0.024,0.625,0.618,0.744,-0.653,-0.487,-0.178,-0.382,0.565,-0.561,0.604,0.615,-0.538,-0.329,-0.453,-0.115,-0.16,0.124,0.813,0.022,0.167,0.812,0.735,0.821,0.04,0.252,0.721,0.906,-0.356,0.044,0.327,0.06,0.852,0.846,0.85,0.804,0.104,-0.499,-0.862,-0.492,0.834,-0.605,0.81,-0.61,-0.233,0.77,0.869,0.642,0.374,0.653,0.898,0.34,0.706,-0.677,0.795,0.484,0.33,0.608,0.631,0.809,0.432,0.732,-0.841,-0.485,-0.8,0.737,-0.089,0.858,0.924,0.614,-0.09,-0.224,-0.292,0.718,0.683,0.684,0.193,0.69,0.807,0.384,0.748,-0.065,-0.246,0.736,0.664,0.77,0.821,0.061,0.294,-0.371,0.809,-0.756,0.659,-0.698,0.351,-0.468,0.847,0.462,0.394,0.564,0.768,0.579,0.605,0.82,-0.503,0.794,0.706,0.655,0.8,0.466,-0.497,-0.222,0.782,0.189,-0.264,0.152,0.805,0.777,0.707,0.807,0.738,0.543,0.822,-0.558,0.866,0.397,0.701,-0.769,0.75,0.641,0.586,0.63,-0.055,0.617,0.606,0.666,0.233,-0.516,0.75
CAR,0.747,-0.008,0.587,0.299,0.782,0.102,0.775,-0.674,0.686,0.702,0.124,0.15,0.651,0.274,0.847,0.687,-0.449,0.748,0.671,-0.59,0.529,0.308,0.408,0.479,0.798,0.731,0.861,0.0,-0.751,0.64,-0.223,0.74,-0.442,0.177,0.028,0.657,0.685,0.781,0.589,-0.691,0.628,-0.089,0.607,-0.124,0.117,0.591,0.212,0.53,0.354,0.67,-0.297,0.466,0.75,0.59,0.475,0.725,-0.185,0.724,-0.293,0.8,0.786,-0.192,0.448,0.379,0.614,-0.675,-0.26,-0.195,-0.36,0.433,-0.633,0.638,0.482,-0.662,-0.425,-0.4,-0.085,-0.358,-0.013,0.768,-0.195,0.03,0.774,0.581,0.713,-0.071,0.329,0.611,0.795,-0.335,0.192,0.177,-0.087,0.773,0.646,0.743,0.777,0.04,-0.416,-0.789,-0.429,0.645,-0.376,0.676,-0.705,-0.286,0.679,0.759,0.616,0.413,0.613,0.776,0.18,0.568,-0.625,0.724,0.607,0.477,0.566,0.692,0.791,0.302,0.764,-0.771,-0.432,-0.639,0.618,0.102,0.732,0.881,0.779,-0.226,-0.181,-0.165,0.537,0.589,0.7,0.08,0.601,0.728,0.528,0.797,-0.012,-0.166,0.708,0.594,0.656,0.804,0.059,0.146,-0.072,0.792,-0.751,0.518,-0.687,0.494,-0.568,0.748,0.353,0.293,0.38,0.765,0.499,0.663,0.655,-0.446,0.712,0.634,0.703,0.747,0.251,-0.564,-0.15,0.707,0.233,-0.32,0.281,0.723,0.607,0.667,0.767,0.792,0.472,0.75,-0.566,0.807,0.513,0.677,-0.72,0.592,0.6,0.461,0.632,-0.251,0.54,0.59,0.68,0.263,-0.364,0.719
CDNA,-0.868,0.098,-0.518,-0.226,-0.872,-0.046,-0.908,0.826,-0.765,-0.764,-0.199,-0.043,-0.767,-0.431,-0.888,-0.826,0.603,-0.843,-0.83,0.708,-0.48,-0.21,-0.454,-0.553,-0.874,-0.856,-0.71,-0.751,0.0,-0.758,0.274,-0.783,0.781,-0.209,-0.085,-0.759,-0.866,-0.891,-0.676,0.931,-0.686,-0.214,-0.73,0.343,-0.219,-0.732,-0.016,-0.638,-0.373,-0.808,0.517,-0.405,-0.906,-0.527,-0.583,-0.919,0.123,-0.789,0.5,-0.782,-0.89,0.55,-0.487,-0.303,-0.722,0.883,0.231,0.425,0.342,-0.509,0.671,-0.833,-0.569,0.861,0.661,0.452,0.089,0.551,0.279,-0.782,0.395,0.105,-0.912,-0.578,-0.843,-0.059,-0.505,-0.605,-0.803,0.472,-0.068,-0.222,0.181,-0.787,-0.599,-0.679,-0.912,0.202,0.649,0.87,0.596,-0.606,0.116,-0.786,0.882,0.459,-0.806,-0.825,-0.67,-0.457,-0.645,-0.793,-0.091,-0.593,0.703,-0.846,-0.797,-0.73,-0.449,-0.812,-0.896,0.044,-0.95,0.778,0.593,0.728,-0.715,-0.066,-0.794,-0.856,-0.828,0.346,0.351,0.144,-0.495,-0.648,-0.729,-0.011,-0.64,-0.802,-0.755,-0.936,0.123,0.178,-0.845,-0.74,-0.747,-0.901,-0.101,-0.159,-0.002,-0.952,0.817,-0.615,0.754,-0.8,0.783,-0.83,-0.143,-0.374,-0.257,-0.879,-0.677,-0.944,-0.708,0.615,-0.852,-0.768,-0.867,-0.871,-0.187,0.844,0.156,-0.809,-0.359,0.544,-0.241,-0.827,-0.64,-0.825,-0.864,-0.944,-0.575,-0.904,0.805,-0.917,-0.419,-0.819,0.865,-0.588,-0.653,-0.446,-0.769,0.518,-0.706,-0.633,-0.659,-0.203,0.499,-0.844
CG,0.749,-0.334,0.774,0.12,0.913,-0.204,0.825,-0.834,0.918,0.887,-0.078,-0.276,0.897,0.247,0.833,0.616,-0.731,0.916,0.768,-0.888,0.765,0.151,0.448,0.443,0.836,0.803,0.765,0.64,-0.758,0.0,-0.294,0.901,-0.413,-0.1,-0.311,0.821,0.809,0.854,0.75,-0.734,0.814,0.052,0.89,-0.206,0.118,0.889,0.009,0.738,0.255,0.951,-0.283,0.427,0.869,0.225,0.82,0.814,-0.158,0.845,-0.3,0.889,0.825,-0.401,0.664,0.449,0.853,-0.676,-0.548,-0.474,-0.623,0.65,-0.605,0.776,0.792,-0.596,-0.523,-0.655,-0.264,-0.21,-0.35,0.769,-0.075,-0.184,0.9,0.79,0.943,0.128,0.243,0.618,0.851,-0.584,-0.217,0.453,-0.005,0.764,0.771,0.74,0.906,-0.227,-0.618,-0.789,-0.635,0.732,-0.501,0.922,-0.768,-0.39,0.929,0.94,0.529,0.339,0.639,0.895,0.069,0.639,-0.632,0.888,0.688,0.649,0.193,0.623,0.87,0.285,0.807,-0.874,-0.751,-0.9,0.915,-0.32,0.912,0.814,0.487,-0.35,-0.461,-0.554,0.793,0.82,0.583,0.248,0.81,0.783,0.628,0.789,-0.288,-0.298,0.689,0.899,0.92,0.764,0.136,0.414,-0.516,0.876,-0.735,0.813,-0.725,0.636,-0.634,0.87,0.209,0.589,0.363,0.663,0.643,0.739,0.821,-0.694,0.935,0.895,0.787,0.913,0.344,-0.57,-0.314,0.744,0.419,-0.44,0.078,0.936,0.883,0.817,0.908,0.726,0.701,0.829,-0.754,0.86,0.026,0.896,-0.869,0.674,0.752,0.48,0.845,-0.293,0.848,0.799,0.465,-0.057,-0.834,0.928
CGBD,-0.389,0.66,-0.301,0.696,-0.384,0.267,-0.324,0.581,-0.478,-0.189,0.586,0.512,-0.485,0.234,-0.144,0.086,0.705,-0.424,-0.089,0.56,-0.251,0.626,0.197,0.313,-0.244,-0.447,-0.148,-0.223,0.274,-0.294,0.0,-0.364,0.091,0.618,0.529,-0.383,-0.292,-0.283,-0.609,0.313,-0.158,-0.02,-0.529,0.195,0.51,-0.432,0.428,-0.666,-0.125,-0.283,0.079,0.086,-0.412,0.339,-0.374,-0.4,0.396,-0.575,0.152,-0.36,-0.278,0.366,-0.023,-0.085,-0.437,0.383,0.616,0.813,0.632,-0.672,0.454,-0.244,-0.594,0.365,0.392,0.606,0.565,-0.144,0.556,-0.09,0.281,0.708,-0.262,-0.345,-0.43,0.612,-0.425,0.06,-0.254,0.702,0.577,0.116,-0.393,-0.046,-0.148,-0.162,-0.355,0.616,0.597,0.169,0.168,-0.068,0.307,-0.418,0.324,0.676,-0.489,-0.331,0.022,0.493,-0.03,-0.239,0.585,-0.117,0.549,-0.47,-0.23,-0.33,0.104,0.128,-0.313,-0.05,-0.279,0.474,0.727,0.466,-0.467,0.556,-0.32,-0.182,-0.296,0.071,0.743,0.632,-0.323,-0.296,0.259,-0.336,-0.243,-0.108,-0.233,-0.26,0.825,0.589,-0.161,-0.589,-0.456,-0.055,-0.411,-0.699,0.25,-0.321,-0.001,0.019,0.436,-0.4,0.246,-0.404,0.36,-0.603,0.161,-0.157,-0.351,-0.332,0.015,0.764,-0.413,-0.551,-0.137,-0.428,-0.019,0.154,0.342,-0.257,-0.505,0.791,0.127,-0.466,-0.441,-0.422,-0.437,-0.138,-0.064,-0.244,0.62,-0.238,0.231,-0.477,0.293,0.124,-0.514,-0.222,-0.234,0.272,-0.591,-0.328,0.226,0.636,0.47,-0.465
