,ACET,ADAP,ADI,ADPT,ADTN,AGEN,ALGN,ALLK,AMD,AMWD,ARDX,ARQT,ASTE,AUPH,AVXL,AZTA,BAND,BECN,BFC,BGC,BHF,BHFAL,BKNG,BL,BOKF,BRKR,CACC,CAR,CDNA,CG,CGBD,CHI,CHTR,CHX,CLNE,CME,CNOB,CNXN,CPRX,CSGP,CSGS,CSIQ,CVCO,CVLT,CYRX,DDOG,DOOO,DSGX,DTIL,ECPG,EEFT,EFSC,ENTG,ESPR,ETSY,EXC,FAMI,FFIV,FITB,FIZZ,FMBH,FOX,FTNT,FULT,GABC,GEN,GH,GMAB,GNPX,GO,GOGL,GOOG,GPRO,GSHD,GSM,GWAV,HAIN,HBAN,HEPA,HURN,HWKN,IBIO,ICFI,IGMS,IMKTA,INCY,INO,IRDM,IRTC,IRWD,ITCI,JACK,JD,JJSF,KALA,KHC,KLAC,KRRO,KRYS,LANC,LBTYA,LIVN,LKCO,LNTH,LOGI,LPRO,LRCX,LSCC,LSTR,MAR,MARA,MCHP,MEOH,META,MGTX,MKSI,MMYT,MORN,MRUS,MTLS,MTSI,MVIS,MXL,NBIX,NFE,NMIH,NMRK,NNDM,NSIT,NTCT,NVAX,OCUL,ODP,OLED,ONB,OTEX,PACB,PATK,PAYX,PEP,PERI,PI,PLYA,PRDO,PRGS,PTGX,QCOM,QCRH,QDEL,QFIN,RGEN,RILY,RPAY,RPD,SABR,SEDG,SHEN,SIRI,SLNO,SNDL,SNEX,SONO,SPT,SSNC,STGW,STKL,STRL,STX,SWTX,SYNA,TFSL,TIGR,TNXP,TOWN,TRI,TRIP,TRMB,TRNS,TRS,TSCO,TSEM,TVTX,TXRH,VC,VCEL,VECO,VIAV,VICR,VIR,VRTX,VSTM,VTRS,WDFC,WSBC,WSC,WYNN,XENE,XNCR,XRAY,ZS
ACET,0.0,0.15,-0.064,0.4,0.413,0.002,0.191,0.482,-0.086,0.128,0.033,0.303,-0.156,-0.568,0.492,0.194,0.226,0.145,0.038,0.07,0.021,0.272,-0.077,0.668,-0.192,0.003,-0.146,-0.324,0.147,0.294,0.165,0.486,0.108,-0.066,0.213,0.018,-0.161,-0.147,-0.345,0.577,0.264,0.275,0.277,0.249,-0.037,0.382,0.554,0.416,0.413,-0.017,0.267,-0.031,-0.058,-0.102,0.469,0.426,0.243,-0.021,-0.054,0.435,0.007,-0.172,0.456,-0.226,-0.083,0.625,0.1,-0.042,0.518,0.387,-0.096,-0.233,0.035,0.209,-0.212,-0.153,0.201,-0.132,0.215,0.373,0.004,-0.124,-0.145,-0.067,-0.179,0.115,-0.012,0.167,0.687,0.085,0.28,0.198,-0.025,0.593,0.145,0.361,-0.165,-0.036,0.019,-0.084,0.046,0.812,0.012,0.269,0.086,-0.157,-0.298,0.17,-0.063,0.169,0.122,-0.241,0.388,0.065,0.71,-0.149,-0.032,0.244,-0.138,0.179,0.052,0.613,0.332,0.159,0.024,-0.03,0.282,0.22,0.171,0.212,0.052,-0.013,-0.071,0.116,-0.148,-0.075,0.043,0.102,0.581,0.22,0.304,-0.032,0.285,0.273,0.141,0.402,0.019,0.213,-0.229,-0.346,0.196,0.323,0.639,0.424,0.194,0.22,-0.215,0.138,0.017,-0.212,0.093,0.512,0.263,0.029,0.213,-0.019,0.191,0.147,0.317,-0.092,-0.072,-0.032,-0.068,-0.007,-0.083,-0.256,0.086,-0.303,0.063,0.477,-0.174,0.398,0.435,0.002,-0.047,0.151,0.16,0.346,-0.056,0.592,0.043,0.033,-0.012,-0.116,-0.118,0.539,0.258,-0.047,-0.186,0.463
ADAP,0.15,0.0,0.766,0.287,0.682,-0.834,0.831,0.169,-0.25,0.375,-0.278,-0.679,0.439,-0.503,-0.378,-0.609,-0.671,0.818,-0.319,-0.835,0.764,-0.292,0.727,-0.011,0.537,0.538,0.303,-0.061,0.769,0.786,0.141,0.609,-0.479,0.784,0.93,0.658,0.07,0.573,-0.699,0.601,-0.328,0.938,0.185,0.795,0.346,-0.364,0.233,0.572,0.706,-0.637,0.846,0.114,0.519,0.264,-0.043,-0.25,-0.078,0.729,0.724,-0.249,0.456,0.521,0.677,0.4,0.563,0.715,0.676,0.715,0.301,0.203,0.651,-0.009,-0.233,0.321,0.463,0.784,0.878,0.691,0.716,0.818,0.629,0.375,-0.144,-0.435,0.442,0.505,-0.774,0.933,0.306,-0.57,0.922,0.814,0.842,0.053,-0.317,-0.533,0.594,-0.271,0.63,0.527,0.236,0.234,0.834,0.088,0.906,0.655,0.316,0.563,0.628,-0.21,0.824,0.381,0.465,-0.692,0.502,0.632,0.765,0.875,0.516,0.914,0.929,0.551,0.885,0.551,0.654,-0.131,-0.762,0.84,0.71,0.81,-0.43,-0.294,0.733,0.018,0.559,-0.627,0.889,0.231,-0.443,-0.409,0.655,0.554,0.706,0.045,0.813,-0.134,0.708,0.058,-0.19,0.527,0.824,0.895,0.554,0.753,0.735,0.771,-0.07,-0.551,0.792,0.685,0.866,0.684,-0.415,-0.36,0.701,0.848,0.43,-0.885,-0.69,0.866,0.537,0.9,0.835,0.632,-0.056,0.655,0.781,-0.279,0.749,0.346,0.674,0.603,-0.184,0.519,0.868,0.444,0.917,0.719,-0.724,0.081,0.433,0.775,0.522,0.603,0.788,-0.485,0.818,0.395,0.604,0.515
ADI,-0.064,0.766,0.0,0.084,0.723,-0.532,0.893,-0.286,0.244,0.725,0.107,-0.593,0.849,-0.214,-0.32,-0.441,-0.699,0.866,0.112,-0.487,0.912,-0.733,0.804,-0.412,0.893,0.902,0.359,0.419,0.697,0.736,0.443,0.451,-0.648,0.931,0.75,0.942,0.584,0.848,-0.227,0.224,-0.084,0.691,0.474,0.641,0.691,-0.277,0.312,0.328,0.521,-0.779,0.809,0.611,0.817,0.633,-0.143,0.027,0.241,0.926,0.952,-0.7,0.745,0.714,0.306,0.829,0.855,0.397,0.802,0.706,-0.219,-0.252,0.928,0.378,0.178,0.187,0.811,0.836,0.663,0.953,0.37,0.568,0.825,0.522,0.449,-0.18,0.497,0.736,-0.64,0.879,-0.093,-0.224,0.666,0.833,0.716,-0.074,-0.098,-0.816,0.941,0.105,0.902,0.465,0.608,-0.03,0.75,0.262,0.882,0.841,0.785,0.384,0.917,0.08,0.927,0.844,0.049,-0.758,0.247,0.96,0.766,0.613,0.678,0.857,0.882,0.149,0.6,0.778,0.754,0.403,-0.532,0.527,0.852,0.827,-0.108,0.016,0.945,0.458,0.848,-0.675,0.872,0.489,-0.587,-0.606,0.493,0.777,0.59,-0.226,0.921,-0.342,0.931,0.456,0.056,0.757,0.856,0.671,0.051,0.287,0.822,0.86,0.304,-0.591,0.925,0.9,0.83,0.534,-0.193,-0.307,0.44,0.869,0.779,-0.779,-0.804,0.886,0.857,0.902,0.855,0.909,-0.176,0.951,0.956,0.153,0.815,0.418,0.936,0.308,0.054,0.89,0.918,0.612,0.849,0.784,-0.376,-0.017,0.606,0.728,0.816,0.874,0.958,-0.605,0.483,0.699,0.908,0.137
ADPT,0.4,0.287,0.084,0.0,0.414,-0.141,0.23,0.697,-0.154,0.073,0.38,-0.168,-0.113,-0.128,0.372,0.449,0.329,0.288,0.208,-0.182,0.007,-0.117,-0.199,0.711,-0.109,0.136,-0.264,-0.206,0.667,0.417,0.338,0.745,0.132,-0.078,0.361,0.076,-0.432,-0.35,-0.421,0.446,-0.365,0.419,0.143,0.637,0.042,0.654,0.086,0.701,0.742,-0.368,0.081,-0.238,0.319,0.091,0.733,-0.094,-0.205,0.262,0.084,0.249,-0.188,-0.363,0.756,-0.144,-0.246,0.614,0.561,-0.208,0.625,0.001,-0.014,-0.068,0.162,0.118,-0.219,-0.086,0.27,0.011,0.404,0.207,-0.137,0.321,-0.131,0.126,-0.598,0.463,-0.059,0.304,0.485,0.272,0.244,0.388,-0.066,0.614,0.532,0.074,0.062,-0.487,0.166,-0.328,-0.43,0.615,0.279,0.499,0.084,0.068,-0.14,-0.277,0.195,-0.136,0.278,-0.156,0.161,-0.315,0.578,0.063,-0.089,0.02,0.469,0.362,0.271,0.733,0.361,0.363,0.289,-0.085,-0.122,0.54,-0.08,0.51,-0.02,0.282,0.142,0.24,-0.166,-0.308,0.377,-0.291,0.486,-0.005,0.713,0.284,0.166,0.476,0.087,0.801,-0.054,-0.187,0.171,-0.403,0.408,0.265,0.606,0.587,0.079,0.237,-0.507,-0.342,0.124,0.006,0.107,0.639,0.278,0.115,0.469,0.003,0.148,-0.022,0.266,-0.052,-0.075,0.1,0.08,-0.003,-0.536,-0.09,0.221,-0.669,0.243,0.734,-0.084,0.707,0.61,0.088,0.124,0.376,0.174,0.386,0.14,0.616,0.523,-0.151,0.222,-0.16,0.038,0.177,0.522,0.408,-0.146,0.852
ADTN,0.413,0.682,0.723,0.414,0.0,-0.459,0.731,0.155,0.085,0.578,0.184,-0.361,0.594,-0.406,0.011,-0.094,-0.41,0.774,0.172,-0.323,0.732,-0.504,0.525,0.085,0.602,0.715,0.092,0.147,0.731,0.818,0.553,0.711,-0.466,0.666,0.722,0.754,0.317,0.491,-0.364,0.533,0.056,0.717,0.536,0.776,0.457,0.05,0.434,0.525,0.69,-0.731,0.743,0.448,0.592,0.446,0.236,0.239,0.201,0.766,0.725,-0.265,0.524,0.444,0.572,0.539,0.619,0.704,0.748,0.413,0.179,0.044,0.63,0.263,0.232,0.253,0.447,0.557,0.689,0.679,0.389,0.656,0.626,0.464,0.314,-0.119,0.212,0.683,-0.481,0.811,0.384,-0.137,0.701,0.845,0.47,0.349,0.084,-0.428,0.652,-0.069,0.707,0.207,0.443,0.469,0.639,0.562,0.692,0.471,0.444,0.234,0.725,0.048,0.824,0.48,0.184,-0.583,0.632,0.694,0.504,0.521,0.602,0.772,0.76,0.5,0.633,0.732,0.653,0.29,-0.207,0.512,0.717,0.859,-0.081,-0.01,0.766,0.458,0.59,-0.603,0.754,0.449,-0.117,-0.362,0.589,0.639,0.578,0.244,0.812,0.096,0.649,0.459,-0.039,0.295,0.775,0.738,0.419,0.507,0.741,0.782,0.072,-0.488,0.746,0.58,0.748,0.763,-0.0,-0.266,0.533,0.626,0.741,-0.551,-0.465,0.641,0.634,0.677,0.683,0.73,-0.294,0.595,0.809,-0.149,0.749,0.669,0.668,0.528,0.378,0.718,0.678,0.541,0.78,0.855,-0.284,0.259,0.591,0.444,0.66,0.642,0.694,-0.112,0.488,0.618,0.61,0.427
AGEN,0.002,-0.834,-0.532,-0.141,-0.459,0.0,-0.554,-0.302,0.527,-0.052,0.529,0.661,-0.172,0.369,0.577,0.627,0.746,-0.639,0.654,0.899,-0.591,0.035,-0.709,0.001,-0.288,-0.213,-0.307,0.064,-0.621,-0.658,0.227,-0.498,0.18,-0.557,-0.794,-0.396,0.148,-0.39,0.819,-0.668,0.477,-0.794,0.146,-0.669,0.054,0.541,0.028,-0.482,-0.393,0.394,-0.686,0.179,-0.21,0.093,0.184,0.34,0.25,-0.493,-0.478,0.033,-0.181,-0.496,-0.649,-0.142,-0.399,-0.542,-0.366,-0.621,-0.346,-0.332,-0.368,0.018,0.458,-0.126,-0.198,-0.593,-0.851,-0.45,-0.74,-0.778,-0.443,-0.103,0.381,0.274,-0.512,-0.191,0.904,-0.733,-0.356,0.792,-0.874,-0.6,-0.781,-0.027,0.617,0.315,-0.327,0.314,-0.288,-0.673,0.014,-0.157,-0.692,0.258,-0.756,-0.46,-0.075,-0.618,-0.383,0.168,-0.579,-0.106,-0.511,0.415,-0.302,-0.404,-0.684,-0.815,-0.389,-0.663,-0.756,-0.483,-0.855,-0.21,-0.484,0.438,0.712,-0.792,-0.46,-0.614,0.598,0.617,-0.507,0.32,-0.363,0.383,-0.685,-0.003,0.463,0.067,-0.394,-0.285,-0.737,-0.099,-0.621,0.211,-0.498,0.239,0.47,-0.349,-0.492,-0.853,-0.558,-0.781,-0.65,-0.485,0.254,0.343,-0.504,-0.441,-0.75,-0.393,0.72,0.164,-0.675,-0.77,-0.087,0.865,0.649,-0.789,-0.259,-0.725,-0.652,-0.405,-0.288,-0.486,-0.511,0.309,-0.668,-0.016,-0.505,-0.522,0.37,-0.212,-0.721,0.031,-0.809,-0.418,0.859,0.026,-0.095,-0.669,-0.308,-0.406,-0.623,0.352,-0.79,-0.086,-0.351,-0.454
ALGN,0.191,0.831,0.893,0.23,0.731,-0.554,0.0,-0.101,0.111,0.652,0.051,-0.542,0.682,-0.494,-0.147,-0.482,-0.547,0.832,0.034,-0.519,0.809,-0.514,0.719,-0.106,0.714,0.814,0.338,0.131,0.702,0.724,0.437,0.551,-0.594,0.836,0.804,0.86,0.387,0.728,-0.404,0.422,-0.089,0.783,0.46,0.683,0.678,-0.175,0.451,0.516,0.655,-0.716,0.829,0.449,0.749,0.518,0.008,0.044,0.235,0.851,0.853,-0.466,0.657,0.554,0.461,0.624,0.682,0.618,0.773,0.708,-0.025,-0.12,0.846,0.222,0.018,0.378,0.725,0.783,0.654,0.823,0.453,0.669,0.753,0.448,0.274,-0.368,0.377,0.692,-0.609,0.888,0.08,-0.197,0.724,0.801,0.716,0.043,-0.071,-0.664,0.797,-0.043,0.835,0.418,0.483,0.197,0.664,0.3,0.908,0.773,0.556,0.463,0.817,0.025,0.917,0.681,0.298,-0.689,0.499,0.785,0.732,0.74,0.543,0.903,0.846,0.388,0.688,0.776,0.65,0.285,-0.549,0.641,0.834,0.799,-0.166,0.0,0.812,0.425,0.667,-0.69,0.86,0.4,-0.326,-0.512,0.615,0.624,0.598,-0.167,0.862,-0.158,0.852,0.343,0.039,0.653,0.912,0.739,0.321,0.469,0.803,0.878,0.19,-0.537,0.873,0.79,0.815,0.686,-0.1,-0.323,0.503,0.818,0.709,-0.697,-0.65,0.786,0.724,0.874,0.76,0.779,-0.209,0.784,0.904,0.016,0.692,0.535,0.747,0.432,0.09,0.751,0.844,0.669,0.821,0.837,-0.448,0.195,0.612,0.707,0.741,0.712,0.865,-0.484,0.587,0.58,0.786,0.324
ALLK,0.482,0.169,-0.286,0.697,0.155,-0.302,-0.101,0.0,-0.581,-0.344,-0.179,-0.043,-0.531,-0.187,0.195,0.272,0.207,0.043,-0.319,-0.277,-0.205,0.452,-0.189,0.822,-0.512,-0.378,-0.258,-0.408,0.361,0.192,-0.155,0.574,0.523,-0.346,0.242,-0.343,-0.734,-0.559,-0.611,0.696,-0.284,0.323,-0.26,0.461,-0.564,0.297,-0.084,0.584,0.396,0.11,-0.009,-0.613,-0.247,-0.458,0.444,-0.119,-0.448,-0.164,-0.297,0.702,-0.477,-0.373,0.73,-0.574,-0.442,0.504,-0.0,-0.301,0.87,0.493,-0.441,-0.198,-0.328,0.002,-0.559,-0.278,0.308,-0.392,0.469,0.338,-0.336,-0.175,-0.578,0.159,-0.399,-0.074,-0.108,0.082,0.699,-0.135,0.308,0.117,-0.119,0.717,0.028,0.568,-0.426,-0.492,-0.32,-0.006,-0.653,0.614,0.162,-0.009,-0.083,-0.271,-0.609,0.039,-0.279,-0.033,-0.091,-0.611,0.461,0.145,0.449,-0.375,-0.175,0.132,0.091,0.09,0.035,0.723,0.432,-0.199,0.068,-0.615,-0.039,0.493,-0.288,0.196,-0.193,-0.199,-0.286,-0.346,-0.442,0.143,0.08,-0.446,0.486,0.487,0.393,-0.232,0.296,0.636,-0.146,0.663,-0.304,-0.519,-0.314,-0.675,-0.002,0.306,0.807,0.69,-0.065,-0.083,-0.627,0.089,-0.297,-0.385,-0.035,0.299,-0.15,0.387,0.518,-0.074,-0.311,0.037,0.422,-0.141,-0.451,-0.154,-0.14,-0.348,0.045,-0.456,-0.17,-0.693,0.068,0.221,-0.342,0.63,0.207,-0.407,-0.101,-0.244,0.087,0.017,-0.168,0.521,-0.052,-0.154,-0.217,-0.413,-0.257,0.462,0.559,-0.091,-0.531,0.778
AMD,-0.086,-0.25,0.244,-0.154,0.085,0.527,0.111,-0.581,0.0,0.307,0.617,0.28,0.391,0.307,0.313,0.284,0.223,-0.066,0.638,0.461,0.033,-0.509,-0.104,-0.365,0.327,0.472,0.11,0.426,-0.158,0.029,0.329,-0.104,-0.185,0.12,-0.323,0.295,0.579,0.222,0.696,-0.513,0.431,-0.353,0.306,-0.298,0.524,0.376,0.407,-0.232,-0.093,-0.302,-0.108,0.578,0.478,0.498,0.151,0.408,0.571,0.248,0.176,-0.55,0.203,-0.076,-0.384,0.414,0.194,-0.281,0.272,0.072,-0.651,-0.632,0.389,0.366,0.642,0.197,0.35,0.095,-0.375,0.226,-0.473,-0.455,0.039,0.218,0.657,0.172,-0.094,0.488,0.324,-0.115,-0.309,0.523,-0.416,-0.111,-0.225,-0.234,0.493,-0.372,0.469,0.435,0.325,-0.413,0.452,-0.223,-0.211,0.332,-0.052,0.112,0.528,-0.331,0.245,0.196,0.103,0.508,-0.704,-0.105,-0.164,0.368,-0.045,-0.388,0.161,-0.095,-0.083,-0.447,-0.416,0.466,-0.09,0.747,0.288,-0.445,0.11,-0.022,0.272,0.54,0.242,0.757,0.186,-0.177,-0.096,0.22,-0.011,-0.306,-0.222,0.383,-0.233,-0.401,0.068,-0.176,0.295,0.569,0.313,0.266,0.065,-0.374,-0.579,-0.576,0.035,0.052,0.263,-0.286,0.244,0.19,-0.155,-0.019,0.619,0.004,-0.507,-0.168,0.444,0.278,-0.071,-0.079,0.249,-0.05,-0.016,0.216,-0.385,0.277,0.229,0.482,-0.116,0.243,0.232,-0.394,0.424,0.461,-0.014,0.376,-0.173,0.176,0.562,0.115,0.274,-0.07,0.426,0.177,0.088,-0.141,-0.471,0.342,0.318,-0.357
AMWD,0.128,0.375,0.725,0.073,0.578,-0.052,0.652,-0.344,0.307,0.0,0.287,-0.286,0.814,-0.287,0.067,-0.092,-0.351,0.698,0.462,0.003,0.679,-0.68,0.462,-0.306,0.774,0.81,0.026,0.352,0.412,0.386,0.682,0.219,-0.593,0.676,0.455,0.799,0.683,0.69,0.041,0.049,0.122,0.41,0.847,0.446,0.758,-0.036,0.337,0.103,0.37,-0.509,0.591,0.734,0.697,0.688,-0.022,0.204,0.369,0.639,0.772,-0.637,0.828,0.571,0.051,0.792,0.726,0.303,0.608,0.336,-0.301,-0.245,0.702,0.24,0.428,0.104,0.731,0.493,0.288,0.769,0.068,0.37,0.741,0.525,0.647,-0.142,0.239,0.547,-0.217,0.572,-0.208,0.22,0.336,0.647,0.316,0.024,0.129,-0.602,0.726,0.19,0.795,0.206,0.672,0.07,0.404,0.49,0.549,0.647,0.727,0.212,0.793,0.162,0.701,0.794,0.082,-0.574,0.343,0.74,0.444,0.323,0.371,0.58,0.539,0.052,0.28,0.634,0.685,0.587,-0.129,0.217,0.703,0.599,0.356,0.265,0.696,0.587,0.736,-0.531,0.538,0.667,-0.27,-0.6,0.411,0.569,0.245,-0.17,0.677,-0.178,0.618,0.651,0.364,0.498,0.702,0.392,-0.09,0.024,0.549,0.768,0.558,-0.212,0.696,0.69,0.586,0.477,0.114,-0.322,0.185,0.537,0.812,-0.372,-0.407,0.478,0.843,0.555,0.489,0.79,-0.297,0.656,0.725,0.244,0.583,0.524,0.667,0.244,0.286,0.761,0.581,0.687,0.494,0.638,0.027,-0.022,0.551,0.366,0.582,0.738,0.674,-0.376,0.172,0.658,0.73,-0.026
ARDX,0.033,-0.278,0.107,0.38,0.184,0.529,0.051,-0.179,0.617,0.287,0.0,0.257,0.304,0.289,0.48,0.605,0.47,-0.03,0.816,0.509,-0.068,-0.557,-0.321,0.05,0.207,0.422,-0.232,0.307,0.169,0.032,0.594,0.177,-0.145,-0.073,-0.22,0.236,0.296,-0.084,0.492,-0.367,0.144,-0.255,0.378,-0.013,0.492,0.714,0.19,0.06,0.205,-0.363,-0.239,0.422,0.419,0.56,0.453,0.304,0.36,0.287,0.139,-0.281,0.051,-0.253,-0.116,0.295,-0.029,-0.091,0.416,-0.276,-0.275,-0.634,0.221,0.317,0.648,-0.017,0.12,-0.133,-0.355,0.143,-0.352,-0.437,-0.063,0.389,0.657,0.375,-0.57,0.521,0.415,-0.097,-0.199,0.785,-0.411,0.044,-0.398,0.139,0.84,-0.208,0.323,0.122,0.326,-0.627,0.112,0.094,-0.157,0.67,-0.21,0.013,0.347,-0.67,0.326,0.13,0.123,0.322,-0.547,-0.222,0.057,0.259,-0.343,-0.53,0.375,-0.026,-0.128,-0.086,-0.391,0.519,-0.032,0.694,0.366,-0.27,-0.057,0.125,0.454,0.705,0.188,0.776,0.032,-0.24,0.042,0.037,0.339,-0.267,0.128,0.354,-0.342,-0.031,-0.036,0.406,-0.005,0.354,0.537,-0.05,0.151,-0.355,-0.318,-0.359,-0.049,0.071,0.081,-0.307,0.126,0.14,-0.197,0.157,0.718,0.016,-0.237,-0.265,0.418,0.348,0.178,-0.297,0.173,-0.145,-0.092,0.14,-0.677,0.125,0.177,-0.017,-0.071,0.6,0.032,-0.09,0.748,0.404,-0.126,0.476,-0.251,0.222,0.691,0.263,0.612,-0.386,0.443,0.031,0.008,0.04,-0.302,0.536,0.142,-0.002
ARQT,0.303,-0.679,-0.593,-0.168,-0.361,0.661,-0.542,-0.043,0.28,-0.286,0.257,0.0,-0.347,0.227,0.421,0.499,0.599,-0.597,0.286,0.691,-0.559,0.338,-0.55,0.225,-0.463,-0.404,-0.211,-0.064,-0.573,-0.428,-0.133,-0.282,0.34,-0.557,-0.606,-0.479,-0.037,-0.411,0.51,-0.322,0.452,-0.612,-0.09,-0.607,-0.248,0.4,0.135,-0.221,-0.303,0.478,-0.574,-0.02,-0.424,-0.132,0.167,0.455,0.176,-0.528,-0.567,0.404,-0.333,-0.44,-0.411,-0.38,-0.407,-0.304,-0.499,-0.45,-0.012,0.053,-0.505,-0.009,0.123,-0.111,-0.489,-0.596,-0.561,-0.596,-0.472,-0.522,-0.42,-0.413,0.062,0.321,-0.31,-0.309,0.582,-0.637,0.077,0.4,-0.586,-0.579,-0.573,0.142,0.311,0.553,-0.505,0.51,-0.393,-0.427,-0.06,0.138,-0.611,-0.016,-0.618,-0.568,-0.312,-0.312,-0.516,0.257,-0.555,-0.342,-0.256,0.57,-0.178,-0.517,-0.592,-0.566,-0.477,-0.608,-0.708,-0.164,-0.578,-0.336,-0.585,0.163,0.686,-0.599,-0.401,-0.573,0.276,0.223,-0.591,0.052,-0.467,0.551,-0.646,-0.081,0.539,0.365,-0.446,-0.449,-0.41,-0.099,-0.534,0.233,-0.438,0.099,0.032,-0.49,-0.601,-0.575,-0.199,-0.464,-0.466,-0.495,-0.003,0.491,-0.595,-0.614,-0.656,-0.37,0.515,0.26,-0.397,-0.626,-0.234,0.75,0.633,-0.655,-0.474,-0.68,-0.639,-0.504,0.063,-0.583,-0.537,0.216,-0.568,-0.088,-0.549,-0.507,0.303,-0.322,-0.659,-0.273,-0.628,-0.357,0.535,0.148,-0.307,-0.496,-0.367,-0.481,-0.651,0.6,-0.575,-0.333,-0.489,-0.291
ASTE,-0.156,0.439,0.849,-0.113,0.594,-0.172,0.682,-0.531,0.391,0.814,0.304,-0.347,0.0,-0.029,-0.241,-0.269,-0.571,0.712,0.446,-0.063,0.836,-0.842,0.651,-0.588,0.971,0.898,0.269,0.573,0.425,0.463,0.645,0.134,-0.749,0.848,0.482,0.916,0.853,0.858,0.161,-0.126,0.165,0.411,0.668,0.406,0.791,-0.242,0.257,0.001,0.324,-0.622,0.599,0.883,0.711,0.762,-0.252,0.21,0.323,0.769,0.916,-0.764,0.888,0.769,-0.092,0.978,0.903,0.118,0.632,0.446,-0.444,-0.367,0.831,0.463,0.398,-0.033,0.844,0.672,0.391,0.923,0.006,0.313,0.867,0.538,0.756,-0.085,0.426,0.555,-0.313,0.644,-0.367,0.037,0.351,0.688,0.464,-0.13,0.053,-0.781,0.87,0.35,0.879,0.312,0.814,-0.175,0.545,0.436,0.621,0.727,0.904,0.165,0.898,0.211,0.775,0.939,-0.087,-0.643,0.043,0.898,0.544,0.307,0.509,0.621,0.618,-0.143,0.228,0.656,0.629,0.71,-0.22,0.145,0.807,0.612,0.198,0.212,0.843,0.559,0.903,-0.554,0.649,0.7,-0.549,-0.716,0.329,0.703,0.285,-0.274,0.785,-0.33,0.772,0.702,0.318,0.725,0.659,0.372,-0.274,-0.114,0.659,0.781,0.628,-0.348,0.776,0.865,0.668,0.336,-0.021,-0.403,0.214,0.669,0.85,-0.514,-0.641,0.657,0.948,0.677,0.667,0.915,-0.253,0.874,0.811,0.363,0.683,0.376,0.85,-0.007,0.121,0.917,0.685,0.639,0.591,0.678,-0.091,-0.237,0.561,0.517,0.699,0.925,0.841,-0.479,0.074,0.73,0.94,-0.233
AUPH,-0.568,-0.503,-0.214,-0.128,-0.406,0.369,-0.494,-0.187,0.307,-0.287,0.289,0.227,-0.029,0.0,-0.152,0.408,0.177,-0.337,0.267,0.36,-0.261,-0.183,-0.262,-0.301,-0.068,-0.171,0.031,0.474,-0.226,-0.286,-0.078,-0.292,0.219,-0.271,-0.468,-0.273,0.075,-0.226,0.591,-0.601,0.015,-0.503,-0.311,-0.341,-0.207,0.14,-0.397,-0.318,-0.359,0.18,-0.531,0.051,-0.047,0.021,-0.089,-0.003,-0.211,-0.187,-0.237,-0.092,-0.282,-0.153,-0.417,0.027,-0.149,-0.664,-0.173,-0.414,-0.276,-0.379,-0.215,0.335,0.268,-0.418,-0.178,-0.285,-0.321,-0.2,-0.372,-0.622,-0.284,-0.035,0.225,0.624,-0.174,-0.121,0.331,-0.424,-0.394,0.216,-0.538,-0.319,-0.38,-0.098,0.259,0.036,-0.073,0.304,-0.196,-0.231,-0.146,-0.47,-0.179,-0.119,-0.498,-0.152,0.171,-0.499,-0.195,0.193,-0.373,0.007,-0.627,0.176,-0.728,-0.059,-0.28,-0.677,0.127,-0.45,-0.349,-0.489,-0.506,-0.267,-0.168,0.209,0.229,-0.432,-0.419,-0.29,0.062,0.323,-0.189,0.018,-0.101,0.4,-0.296,-0.178,-0.139,0.055,-0.37,0.003,-0.318,0.022,-0.373,0.036,-0.198,-0.078,0.164,-0.144,-0.468,-0.587,-0.561,-0.539,-0.375,-0.426,0.014,0.051,-0.37,-0.174,-0.487,-0.538,0.084,0.339,-0.23,-0.321,-0.222,0.337,0.188,-0.268,-0.209,-0.367,-0.249,-0.229,0.028,-0.085,-0.301,0.244,-0.174,-0.3,-0.106,-0.45,0.076,-0.066,-0.288,-0.257,-0.405,-0.377,0.454,-0.242,-0.123,-0.315,-0.107,-0.169,-0.239,0.078,-0.439,0.097,-0.145,-0.353
AVXL,0.492,-0.378,-0.32,0.372,0.011,0.577,-0.147,0.195,0.313,0.067,0.48,0.421,-0.241,-0.152,0.0,0.588,0.742,-0.28,0.463,0.531,-0.444,0.14,-0.599,0.517,-0.34,-0.049,-0.391,-0.356,-0.174,-0.166,0.266,0.139,0.231,-0.451,-0.355,-0.191,-0.182,-0.421,0.202,0.02,0.312,-0.267,0.184,-0.158,0.093,0.759,0.457,0.13,0.12,0.023,-0.32,-0.046,0.056,-0.026,0.607,0.374,0.302,-0.208,-0.322,0.171,-0.212,-0.623,0.043,-0.276,-0.43,0.172,-0.009,-0.385,0.08,-0.147,-0.272,-0.189,0.267,0.252,-0.19,-0.429,-0.466,-0.335,-0.204,-0.302,-0.384,-0.001,0.164,-0.009,-0.662,0.15,0.539,-0.298,0.25,0.726,-0.386,-0.279,-0.576,0.277,0.607,0.307,-0.202,-0.059,-0.163,-0.659,-0.158,0.488,-0.436,0.42,-0.355,-0.376,-0.253,-0.438,-0.206,0.009,-0.189,-0.223,-0.141,0.181,0.45,-0.274,-0.484,-0.395,-0.18,-0.257,-0.378,0.213,-0.319,0.172,-0.286,0.241,0.442,-0.227,-0.295,-0.187,0.334,0.493,-0.28,0.507,-0.434,-0.056,-0.339,-0.147,0.771,0.109,0.014,-0.148,-0.372,0.119,-0.32,0.494,-0.32,0.081,0.28,-0.481,-0.055,-0.314,0.128,-0.103,-0.311,-0.108,-0.157,0.046,-0.226,-0.338,-0.365,0.249,0.804,0.152,-0.324,-0.561,0.112,0.601,0.59,-0.577,-0.273,-0.435,-0.477,-0.266,-0.471,-0.443,-0.197,-0.097,-0.445,0.52,-0.48,0.0,0.607,-0.136,-0.453,0.23,-0.431,0.074,0.584,0.481,0.091,-0.507,-0.049,-0.429,-0.451,0.408,-0.248,0.087,-0.344,0.184
AZTA,0.194,-0.609,-0.441,0.449,-0.094,0.627,-0.482,0.272,0.284,-0.092,0.605,0.499,-0.269,0.408,0.588,0.0,0.728,-0.34,0.554,0.634,-0.498,-0.041,-0.687,0.394,-0.349,-0.194,-0.472,0.089,-0.093,-0.22,0.255,0.076,0.39,-0.577,-0.475,-0.354,-0.176,-0.599,0.413,-0.235,0.133,-0.466,0.129,-0.152,-0.154,0.794,-0.083,-0.007,-0.018,0.118,-0.572,-0.075,-0.063,0.045,0.574,0.225,0.008,-0.284,-0.409,0.256,-0.375,-0.581,-0.047,-0.257,-0.472,-0.144,-0.053,-0.721,0.106,-0.224,-0.421,0.08,0.495,-0.206,-0.435,-0.626,-0.476,-0.428,-0.29,-0.522,-0.494,0.052,0.204,0.558,-0.732,0.062,0.584,-0.481,0.101,0.706,-0.564,-0.297,-0.733,0.391,0.683,0.387,-0.267,0.018,-0.274,-0.691,-0.303,0.23,-0.421,0.422,-0.634,-0.417,-0.13,-0.691,-0.24,0.12,-0.359,-0.251,-0.383,0.272,0.017,-0.283,-0.654,-0.746,0.014,-0.458,-0.491,0.031,-0.476,-0.079,-0.208,0.217,0.625,-0.359,-0.526,-0.188,0.442,0.49,-0.346,0.331,-0.406,0.268,-0.411,-0.204,0.633,0.223,-0.065,-0.093,-0.44,0.323,-0.473,0.635,-0.493,0.011,0.305,-0.688,-0.34,-0.515,-0.124,-0.264,-0.437,-0.377,-0.192,0.154,-0.439,-0.461,-0.556,-0.064,0.633,0.359,-0.243,-0.644,-0.063,0.672,0.668,-0.667,-0.352,-0.605,-0.529,-0.374,-0.388,-0.477,-0.343,-0.164,-0.291,0.314,-0.44,0.012,0.731,-0.177,-0.535,-0.037,-0.548,-0.213,0.795,0.344,0.105,-0.764,-0.141,-0.453,-0.508,0.541,-0.372,0.124,-0.457,0.112
BAND,0.226,-0.671,-0.699,0.329,-0.41,0.746,-0.547,0.207,0.223,-0.351,0.47,0.599,-0.571,0.177,0.742,0.728,0.0,-0.673,0.403,0.624,-0.81,0.327,-0.92,0.542,-0.66,-0.44,-0.457,-0.375,-0.393,-0.498,0.03,-0.135,0.431,-0.793,-0.65,-0.609,-0.423,-0.775,0.379,-0.304,0.12,-0.59,-0.11,-0.435,-0.176,0.805,0.019,-0.043,-0.119,0.327,-0.735,-0.334,-0.267,-0.177,0.6,0.12,0.029,-0.548,-0.696,0.407,-0.591,-0.89,-0.144,-0.573,-0.799,-0.15,-0.272,-0.663,0.107,-0.153,-0.581,-0.272,0.23,0.096,-0.558,-0.708,-0.739,-0.699,-0.408,-0.665,-0.754,-0.117,-0.071,0.172,-0.845,-0.152,0.774,-0.691,0.075,0.72,-0.72,-0.604,-0.781,0.167,0.686,0.509,-0.531,-0.143,-0.496,-0.861,-0.487,0.235,-0.694,0.261,-0.75,-0.614,-0.468,-0.687,-0.552,-0.143,-0.595,-0.509,-0.298,0.402,0.051,-0.629,-0.769,-0.73,-0.327,-0.605,-0.707,0.024,-0.629,-0.199,-0.583,0.038,0.521,-0.45,-0.713,-0.525,0.311,0.5,-0.633,0.191,-0.747,0.303,-0.634,-0.429,0.826,0.268,-0.168,-0.38,-0.676,0.172,-0.749,0.627,-0.711,-0.203,0.341,-0.667,-0.446,-0.693,-0.069,-0.294,-0.725,-0.572,-0.313,0.168,-0.587,-0.649,-0.77,-0.118,0.766,0.229,-0.478,-0.88,-0.334,0.85,0.808,-0.897,-0.624,-0.741,-0.745,-0.687,-0.411,-0.742,-0.609,-0.168,-0.733,0.206,-0.789,-0.155,0.475,-0.488,-0.778,-0.018,-0.8,-0.387,0.73,0.336,-0.063,-0.795,-0.384,-0.776,-0.781,0.482,-0.453,-0.223,-0.668,0.101
BECN,0.145,0.818,0.866,0.288,0.774,-0.639,0.832,0.043,-0.066,0.698,-0.03,-0.597,0.712,-0.337,-0.28,-0.34,-0.673,0.0,0.01,-0.534,0.898,-0.554,0.736,-0.142,0.769,0.727,0.257,0.275,0.78,0.792,0.447,0.561,-0.595,0.859,0.877,0.825,0.394,0.713,-0.467,0.46,-0.177,0.861,0.525,0.832,0.522,-0.263,0.27,0.443,0.669,-0.666,0.838,0.452,0.713,0.47,-0.01,-0.046,0.032,0.816,0.884,-0.44,0.714,0.676,0.524,0.68,0.766,0.609,0.76,0.551,0.121,0.012,0.718,0.19,0.134,0.104,0.631,0.693,0.812,0.848,0.549,0.754,0.826,0.506,0.247,-0.201,0.419,0.573,-0.694,0.935,0.148,-0.295,0.81,0.891,0.697,0.147,-0.175,-0.629,0.746,-0.056,0.801,0.509,0.482,0.226,0.802,0.3,0.849,0.782,0.627,0.459,0.832,0.03,0.92,0.642,0.387,-0.732,0.454,0.824,0.752,0.7,0.595,0.886,0.913,0.425,0.769,0.624,0.84,0.207,-0.538,0.713,0.832,0.898,-0.123,-0.102,0.844,0.283,0.803,-0.644,0.88,0.538,-0.441,-0.534,0.648,0.702,0.672,0.048,0.888,-0.101,0.77,0.367,0.018,0.514,0.842,0.816,0.352,0.553,0.829,0.907,0.203,-0.408,0.812,0.793,0.9,0.702,-0.292,-0.316,0.661,0.876,0.688,-0.782,-0.633,0.835,0.759,0.862,0.805,0.833,-0.146,0.768,0.896,-0.111,0.905,0.495,0.803,0.575,0.082,0.746,0.909,0.564,0.899,0.828,-0.451,0.038,0.531,0.678,0.622,0.795,0.88,-0.393,0.654,0.643,0.756,0.357
BFC,0.038,-0.319,0.112,0.208,0.172,0.654,0.034,-0.319,0.638,0.462,0.816,0.286,0.446,0.267,0.463,0.554,0.403,0.01,0.0,0.669,0.042,-0.573,-0.267,-0.093,0.326,0.453,-0.195,0.345,0.015,-0.064,0.744,-0.013,-0.256,0.022,-0.23,0.292,0.5,0.073,0.609,-0.466,0.364,-0.246,0.568,-0.055,0.561,0.589,0.264,-0.114,0.151,-0.221,-0.172,0.627,0.371,0.604,0.312,0.454,0.376,0.186,0.213,-0.343,0.314,-0.078,-0.3,0.445,0.132,-0.149,0.315,-0.349,-0.333,-0.501,0.209,0.316,0.686,-0.078,0.244,-0.123,-0.361,0.21,-0.458,-0.383,0.123,0.362,0.781,0.262,-0.418,0.396,0.518,-0.097,-0.295,0.798,-0.425,0.083,-0.402,0.154,0.765,-0.195,0.296,0.312,0.359,-0.537,0.364,0.046,-0.121,0.7,-0.22,0.044,0.436,-0.602,0.331,0.23,0.12,0.422,-0.468,-0.157,-0.004,0.259,-0.286,-0.516,0.205,-0.033,-0.154,-0.205,-0.453,0.4,0.087,0.806,0.437,-0.379,0.075,0.078,0.611,0.791,0.178,0.737,0.18,-0.187,-0.024,0.317,0.259,-0.395,0.164,0.324,-0.38,-0.082,0.019,0.301,0.04,0.565,0.631,-0.008,0.16,-0.374,-0.409,-0.51,-0.082,0.169,0.374,-0.097,0.124,0.175,-0.156,0.145,0.693,-0.09,-0.285,-0.24,0.529,0.382,0.237,-0.277,0.345,-0.164,-0.097,0.238,-0.628,0.113,0.164,0.184,-0.021,0.538,0.073,-0.2,0.654,0.449,-0.134,0.559,-0.241,0.255,0.735,0.13,0.487,-0.305,0.289,0.172,0.018,0.12,-0.428,0.566,0.233,-0.193
BGC,0.07,-0.835,-0.487,-0.182,-0.323,0.899,-0.519,-0.277,0.461,0.003,0.509,0.691,-0.063,0.36,0.531,0.634,0.624,-0.534,0.669,0.0,-0.466,0.004,-0.6,-0.001,-0.204,-0.163,-0.263,0.158,-0.619,-0.564,0.282,-0.45,0.15,-0.496,-0.738,-0.297,0.262,-0.307,0.766,-0.58,0.566,-0.731,0.235,-0.588,0.02,0.471,0.094,-0.485,-0.428,0.41,-0.579,0.3,-0.228,0.054,0.143,0.542,0.256,-0.449,-0.392,0.06,-0.08,-0.338,-0.639,-0.051,-0.266,-0.493,-0.39,-0.655,-0.354,-0.271,-0.376,0.123,0.484,-0.256,-0.169,-0.6,-0.744,-0.385,-0.752,-0.66,-0.276,-0.154,0.498,0.364,-0.422,-0.246,0.807,-0.665,-0.277,0.729,-0.794,-0.511,-0.776,0.09,0.516,0.331,-0.303,0.395,-0.258,-0.559,0.137,-0.046,-0.668,0.301,-0.705,-0.459,-0.024,-0.558,-0.302,0.333,-0.497,-0.055,-0.426,0.457,-0.287,-0.342,-0.614,-0.776,-0.385,-0.639,-0.726,-0.456,-0.8,-0.216,-0.426,0.524,0.828,-0.819,-0.345,-0.541,0.585,0.552,-0.446,0.345,-0.252,0.358,-0.658,0.155,0.486,0.104,-0.416,-0.282,-0.627,-0.019,-0.509,0.214,-0.441,0.364,0.376,-0.366,-0.51,-0.751,-0.509,-0.756,-0.499,-0.377,0.343,0.466,-0.494,-0.413,-0.629,-0.357,0.623,0.178,-0.612,-0.673,0.011,0.842,0.625,-0.726,-0.18,-0.701,-0.646,-0.273,-0.189,-0.43,-0.452,0.373,-0.521,0.006,-0.436,-0.552,0.425,-0.137,-0.683,-0.044,-0.716,-0.304,0.8,-0.003,-0.154,-0.62,-0.271,-0.285,-0.541,0.511,-0.826,-0.053,-0.275,-0.517
BHF,0.021,0.764,0.912,0.007,0.732,-0.591,0.809,-0.205,0.033,0.679,-0.068,-0.559,0.836,-0.261,-0.444,-0.498,-0.81,0.898,0.042,-0.466,0.0,-0.622,0.867,-0.394,0.884,0.785,0.422,0.44,0.637,0.744,0.411,0.394,-0.673,0.954,0.789,0.896,0.609,0.859,-0.308,0.289,-0.032,0.753,0.49,0.675,0.553,-0.427,0.299,0.241,0.491,-0.62,0.873,0.641,0.632,0.51,-0.21,0.092,0.156,0.807,0.944,-0.556,0.82,0.851,0.295,0.821,0.928,0.415,0.671,0.628,-0.078,-0.024,0.803,0.285,0.103,0.028,0.735,0.781,0.775,0.925,0.389,0.69,0.923,0.442,0.368,-0.153,0.622,0.524,-0.673,0.898,0.015,-0.388,0.764,0.864,0.755,0.044,-0.272,-0.702,0.794,0.176,0.833,0.602,0.682,0.049,0.811,0.217,0.846,0.808,0.712,0.482,0.846,0.159,0.88,0.742,0.23,-0.701,0.232,0.867,0.817,0.684,0.559,0.83,0.876,0.165,0.668,0.602,0.778,0.321,-0.45,0.526,0.91,0.797,-0.091,-0.148,0.885,0.245,0.911,-0.598,0.829,0.645,-0.625,-0.563,0.493,0.711,0.682,-0.123,0.948,-0.364,0.876,0.529,-0.041,0.705,0.779,0.764,0.133,0.331,0.856,0.873,0.354,-0.379,0.839,0.837,0.897,0.529,-0.379,-0.379,0.533,0.911,0.733,-0.801,-0.763,0.909,0.884,0.884,0.863,0.929,-0.038,0.876,0.885,0.114,0.891,0.315,0.895,0.322,-0.055,0.839,0.903,0.506,0.905,0.774,-0.487,-0.115,0.449,0.796,0.623,0.94,0.938,-0.433,0.491,0.582,0.873,0.097
BHFAL,0.272,-0.292,-0.733,-0.117,-0.504,0.035,-0.514,0.452,-0.509,-0.68,-0.557,0.338,-0.842,-0.183,0.14,-0.041,0.327,-0.554,-0.573,0.004,-0.622,0.0,-0.382,0.524,-0.84,-0.853,-0.069,-0.621,-0.499,-0.4,-0.652,-0.199,0.559,-0.641,-0.311,-0.784,-0.701,-0.594,-0.271,0.27,0.027,-0.232,-0.548,-0.363,-0.763,-0.064,-0.084,-0.018,-0.329,0.741,-0.34,-0.731,-0.748,-0.825,0.023,-0.04,-0.317,-0.737,-0.776,0.781,-0.642,-0.489,0.047,-0.867,-0.662,0.0,-0.725,-0.254,0.457,0.627,-0.762,-0.493,-0.562,0.052,-0.644,-0.545,-0.204,-0.801,0.059,-0.028,-0.579,-0.68,-0.727,-0.111,-0.099,-0.689,0.157,-0.473,0.4,-0.247,-0.127,-0.564,-0.229,0.142,-0.333,0.771,-0.853,-0.182,-0.759,0.018,-0.555,0.23,-0.443,-0.557,-0.419,-0.613,-0.87,0.175,-0.846,-0.079,-0.65,-0.847,0.398,0.644,0.022,-0.845,-0.319,-0.015,-0.671,-0.477,-0.507,0.177,-0.049,-0.709,-0.547,-0.711,0.169,-0.075,-0.507,-0.57,-0.288,-0.357,-0.79,-0.664,-0.712,0.57,-0.566,-0.422,0.43,0.674,-0.329,-0.771,-0.088,0.252,-0.593,0.132,-0.585,-0.551,-0.417,-0.549,-0.575,-0.161,0.4,0.187,-0.458,-0.555,-0.4,0.54,-0.678,-0.754,-0.45,-0.288,-0.155,0.331,-0.092,-0.44,-0.739,0.382,0.531,-0.456,-0.785,-0.53,-0.546,-0.746,0.51,-0.789,-0.698,-0.148,-0.585,-0.455,-0.736,-0.057,-0.345,-0.853,-0.541,-0.628,-0.387,-0.525,-0.19,0.098,-0.706,-0.244,-0.728,-0.722,-0.705,0.511,-0.005,-0.772,-0.777,0.12
BKNG,-0.077,0.727,0.804,-0.199,0.525,-0.709,0.719,-0.189,-0.104,0.462,-0.321,-0.55,0.651,-0.262,-0.599,-0.687,-0.92,0.736,-0.267,-0.6,0.867,-0.382,0.0,-0.421,0.706,0.599,0.512,0.416,0.494,0.62,0.087,0.305,-0.405,0.838,0.708,0.739,0.471,0.83,-0.398,0.395,-0.044,0.642,0.206,0.498,0.295,-0.636,0.208,0.231,0.245,-0.44,0.827,0.415,0.398,0.276,-0.465,0.064,0.125,0.675,0.78,-0.41,0.634,0.882,0.24,0.621,0.836,0.28,0.406,0.75,-0.097,0.124,0.7,0.381,-0.197,0.016,0.631,0.746,0.764,0.765,0.448,0.717,0.8,0.121,0.196,-0.114,0.792,0.346,-0.794,0.774,0.004,-0.588,0.763,0.696,0.826,-0.033,-0.564,-0.516,0.629,0.223,0.631,0.847,0.55,-0.079,0.737,-0.178,0.859,0.675,0.504,0.666,0.662,0.3,0.716,0.582,0.283,-0.413,0.081,0.716,0.793,0.771,0.421,0.706,0.756,0.079,0.691,0.383,0.607,0.081,-0.459,0.519,0.806,0.633,-0.245,-0.365,0.704,-0.003,0.757,-0.387,0.717,0.417,-0.69,-0.228,0.286,0.435,0.756,-0.27,0.859,-0.571,0.845,0.254,-0.344,0.691,0.598,0.765,0.15,0.332,0.853,0.681,0.3,-0.23,0.679,0.685,0.822,0.243,-0.619,-0.167,0.502,0.923,0.484,-0.839,-0.787,0.918,0.683,0.792,0.78,0.757,0.345,0.809,0.728,0.215,0.765,0.01,0.818,0.2,-0.273,0.614,0.838,0.151,0.856,0.531,-0.678,-0.086,0.199,0.823,0.56,0.804,0.849,-0.425,0.521,0.348,0.716,0.011
BL,0.668,-0.011,-0.412,0.711,0.085,0.001,-0.106,0.822,-0.365,-0.306,0.05,0.225,-0.588,-0.301,0.517,0.394,0.542,-0.142,-0.093,-0.001,-0.394,0.524,-0.421,0.0,-0.622,-0.378,-0.295,-0.544,0.174,0.086,-0.048,0.518,0.464,-0.488,0.062,-0.399,-0.696,-0.629,-0.46,0.557,-0.139,0.151,-0.124,0.244,-0.392,0.577,0.186,0.579,0.383,0.179,-0.129,-0.559,-0.228,-0.412,0.668,0.086,-0.219,-0.252,-0.423,0.736,-0.517,-0.605,0.604,-0.652,-0.606,0.533,-0.025,-0.343,0.766,0.405,-0.484,-0.313,-0.166,0.14,-0.575,-0.468,0.04,-0.512,0.299,0.152,-0.437,-0.219,-0.467,0.081,-0.58,-0.045,0.124,-0.08,0.699,0.156,0.082,-0.046,-0.242,0.645,0.291,0.604,-0.498,-0.412,-0.312,-0.307,-0.587,0.755,-0.13,0.138,-0.209,-0.411,-0.665,-0.107,-0.361,-0.023,-0.175,-0.643,0.397,0.231,0.555,-0.493,-0.32,-0.01,-0.094,-0.022,-0.161,0.723,0.224,-0.102,-0.153,-0.391,0.178,0.306,-0.339,0.022,-0.083,0.079,-0.411,-0.106,-0.6,0.118,-0.094,-0.435,0.798,0.475,0.347,-0.3,0.058,0.513,-0.293,0.758,-0.391,-0.381,-0.141,-0.7,-0.028,0.1,0.76,0.54,-0.165,-0.125,-0.594,0.146,-0.341,-0.511,-0.215,0.367,0.241,0.297,0.281,-0.307,-0.266,0.322,0.611,-0.398,-0.543,-0.305,-0.344,-0.445,-0.111,-0.596,-0.257,-0.591,-0.197,0.396,-0.555,0.474,0.402,-0.418,-0.3,-0.05,-0.138,0.037,0.067,0.657,-0.016,-0.323,-0.231,-0.587,-0.443,0.613,0.339,-0.162,-0.608,0.729
BOKF,-0.192,0.537,0.893,-0.109,0.602,-0.288,0.714,-0.512,0.327,0.774,0.207,-0.463,0.971,-0.068,-0.34,-0.349,-0.66,0.769,0.326,-0.204,0.884,-0.84,0.706,-0.622,0.0,0.882,0.324,0.568,0.481,0.526,0.579,0.157,-0.777,0.91,0.558,0.924,0.813,0.881,0.06,-0.078,0.068,0.486,0.617,0.459,0.778,-0.324,0.203,0.013,0.354,-0.67,0.656,0.826,0.721,0.746,-0.287,0.077,0.28,0.798,0.95,-0.791,0.889,0.805,-0.03,0.975,0.927,0.145,0.668,0.52,-0.408,-0.347,0.86,0.414,0.359,-0.029,0.846,0.741,0.477,0.965,0.091,0.37,0.875,0.559,0.65,-0.15,0.496,0.563,-0.415,0.714,-0.336,-0.082,0.438,0.717,0.558,-0.184,-0.042,-0.838,0.9,0.276,0.884,0.375,0.79,-0.212,0.628,0.375,0.692,0.785,0.909,0.23,0.903,0.12,0.815,0.933,-0.056,-0.699,0.049,0.93,0.621,0.401,0.526,0.679,0.71,-0.12,0.32,0.658,0.675,0.622,-0.337,0.24,0.837,0.653,0.126,0.099,0.893,0.481,0.953,-0.609,0.713,0.677,-0.647,-0.749,0.365,0.761,0.345,-0.275,0.829,-0.382,0.812,0.657,0.26,0.775,0.696,0.448,-0.241,-0.026,0.705,0.796,0.574,-0.42,0.83,0.918,0.738,0.365,-0.121,-0.435,0.268,0.744,0.818,-0.627,-0.737,0.748,0.952,0.759,0.757,0.934,-0.241,0.925,0.854,0.3,0.735,0.324,0.904,0.068,0.039,0.915,0.772,0.627,0.674,0.681,-0.2,-0.261,0.563,0.589,0.696,0.958,0.894,-0.568,0.163,0.693,0.96,-0.183
BRKR,0.003,0.538,0.902,0.136,0.715,-0.213,0.814,-0.378,0.472,0.81,0.422,-0.404,0.898,-0.171,-0.049,-0.194,-0.44,0.727,0.453,-0.163,0.785,-0.853,0.599,-0.378,0.882,0.0,0.189,0.446,0.592,0.604,0.672,0.398,-0.623,0.8,0.534,0.95,0.709,0.763,0.027,0.059,0.088,0.476,0.642,0.522,0.834,-0.003,0.409,0.253,0.476,-0.806,0.653,0.762,0.823,0.787,-0.001,0.209,0.43,0.881,0.901,-0.732,0.749,0.578,0.15,0.87,0.783,0.31,0.809,0.522,-0.358,-0.436,0.914,0.472,0.392,0.218,0.804,0.679,0.41,0.903,0.118,0.348,0.736,0.592,0.695,-0.094,0.24,0.811,-0.354,0.71,-0.184,0.132,0.409,0.737,0.446,-0.018,0.196,-0.769,0.936,0.168,0.907,0.18,0.675,0.022,0.557,0.534,0.7,0.706,0.811,0.116,0.934,0.152,0.854,0.884,-0.143,-0.69,0.283,0.919,0.518,0.358,0.657,0.717,0.685,0.041,0.333,0.874,0.625,0.665,-0.263,0.278,0.763,0.742,0.16,0.275,0.892,0.714,0.77,-0.696,0.732,0.507,-0.372,-0.636,0.444,0.755,0.354,-0.257,0.822,-0.203,0.813,0.608,0.255,0.66,0.822,0.457,-0.109,0.05,0.706,0.796,0.407,-0.577,0.867,0.841,0.678,0.517,0.12,-0.336,0.228,0.643,0.889,-0.524,-0.634,0.643,0.876,0.716,0.686,0.88,-0.404,0.871,0.896,0.194,0.665,0.592,0.829,0.188,0.322,0.935,0.718,0.732,0.628,0.771,-0.051,0.1,0.716,0.482,0.869,0.816,0.84,-0.502,0.232,0.796,0.876,0.031
CACC,-0.146,0.303,0.359,-0.264,0.092,-0.307,0.338,-0.258,0.11,0.026,-0.232,-0.211,0.269,0.031,-0.391,-0.472,-0.457,0.257,-0.195,-0.263,0.422,-0.069,0.512,-0.295,0.324,0.189,0.0,0.36,0.052,0.367,-0.221,-0.029,-0.219,0.451,0.208,0.279,0.305,0.424,-0.074,0.039,-0.061,0.219,-0.13,0.016,0.154,-0.371,0.243,-0.093,0.021,-0.061,0.333,0.252,0.287,-0.034,-0.207,0.106,0.106,0.252,0.312,-0.251,0.25,0.378,-0.015,0.298,0.389,-0.015,0.16,0.49,-0.134,-0.003,0.345,0.043,-0.055,0.105,0.291,0.406,0.313,0.323,0.151,0.162,0.354,0.004,0.023,-0.013,0.55,0.068,-0.361,0.319,0.029,-0.43,0.278,0.131,0.539,-0.125,-0.357,-0.357,0.287,0.311,0.306,0.383,0.328,-0.146,0.301,-0.275,0.367,0.444,0.294,0.378,0.18,0.235,0.222,0.287,0.013,-0.2,-0.177,0.317,0.604,0.314,0.131,0.224,0.341,-0.141,0.308,0.111,0.091,0.117,-0.184,0.208,0.376,0.137,-0.368,-0.251,0.302,-0.039,0.361,-0.135,0.216,0.243,-0.427,-0.137,0.008,0.32,0.433,-0.215,0.35,-0.467,0.506,0.225,-0.234,0.556,0.139,0.252,-0.046,0.063,0.463,0.242,0.023,-0.112,0.282,0.272,0.332,0.068,-0.315,-0.05,0.119,0.403,0.087,-0.299,-0.367,0.486,0.263,0.392,0.362,0.302,0.287,0.412,0.282,0.336,0.209,-0.208,0.341,-0.125,-0.284,0.327,0.397,0.062,0.376,0.253,-0.352,-0.122,-0.086,0.607,0.158,0.392,0.385,-0.142,0.18,-0.064,0.387,-0.094
CAR,-0.324,-0.061,0.419,-0.206,0.147,0.064,0.131,-0.408,0.426,0.352,0.307,-0.064,0.573,0.474,-0.356,0.089,-0.375,0.275,0.345,0.158,0.44,-0.621,0.416,-0.544,0.568,0.446,0.36,0.0,0.126,0.213,0.254,-0.028,-0.15,0.383,0.002,0.415,0.673,0.431,0.375,-0.319,0.083,-0.099,0.257,0.01,0.263,-0.088,-0.032,-0.243,-0.135,-0.216,0.163,0.605,0.342,0.45,-0.206,0.256,0.228,0.357,0.438,-0.462,0.386,0.513,-0.288,0.622,0.537,-0.377,0.256,0.091,-0.448,-0.427,0.43,0.588,0.505,-0.394,0.37,0.219,0.095,0.455,-0.197,-0.097,0.39,0.199,0.591,0.565,0.298,0.259,-0.099,0.14,-0.339,0.044,-0.038,0.242,0.117,0.015,0.022,-0.378,0.482,0.51,0.411,0.254,0.475,-0.366,0.246,0.066,0.123,0.401,0.659,-0.063,0.453,0.563,0.226,0.582,-0.414,-0.162,-0.452,0.532,0.241,-0.146,0.381,0.076,0.178,-0.462,-0.042,0.198,0.342,0.531,0.214,-0.156,0.318,0.215,0.287,0.124,0.393,0.28,0.569,-0.025,0.178,0.355,-0.452,-0.155,-0.076,0.456,0.222,-0.282,0.326,-0.354,0.454,0.468,0.033,0.367,0.086,-0.016,-0.525,-0.389,0.396,0.178,0.372,-0.065,0.218,0.343,0.177,-0.168,-0.146,0.12,-0.0,0.306,0.358,-0.141,-0.315,0.301,0.477,0.171,0.314,0.472,0.066,0.53,0.339,0.395,0.411,-0.05,0.532,-0.205,0.211,0.547,0.309,0.063,0.198,0.109,0.178,-0.118,0.204,0.204,0.392,0.54,0.419,-0.113,-0.144,0.35,0.449,-0.336
CDNA,0.147,0.769,0.697,0.667,0.731,-0.621,0.702,0.361,-0.158,0.412,0.169,-0.573,0.425,-0.226,-0.174,-0.093,-0.393,0.78,0.015,-0.619,0.637,-0.499,0.494,0.174,0.481,0.592,0.052,0.126,0.0,0.767,0.39,0.789,-0.3,0.578,0.833,0.614,-0.0,0.332,-0.56,0.521,-0.435,0.801,0.256,0.899,0.334,0.068,0.081,0.733,0.822,-0.72,0.594,0.114,0.621,0.424,0.247,-0.196,-0.142,0.77,0.669,-0.196,0.312,0.32,0.749,0.388,0.41,0.637,0.829,0.358,0.385,-0.029,0.562,0.215,0.026,0.108,0.317,0.522,0.736,0.615,0.673,0.602,0.465,0.511,0.057,-0.013,0.028,0.695,-0.594,0.819,0.278,-0.173,0.716,0.852,0.548,0.33,0.132,-0.442,0.59,-0.29,0.648,0.25,0.028,0.313,0.786,0.355,0.667,0.604,0.353,0.179,0.702,-0.086,0.775,0.371,0.243,-0.698,0.482,0.639,0.475,0.51,0.792,0.843,0.802,0.634,0.733,0.627,0.743,0.007,-0.54,0.811,0.481,0.898,-0.157,0.023,0.697,0.242,0.447,-0.539,0.899,0.069,-0.198,-0.327,0.79,0.635,0.572,0.228,0.67,0.258,0.556,0.005,0.023,0.229,0.799,0.709,0.503,0.676,0.611,0.676,-0.174,-0.598,0.653,0.596,0.663,0.69,-0.171,-0.114,0.759,0.667,0.473,-0.679,-0.442,0.642,0.476,0.715,0.705,0.553,-0.309,0.578,0.737,-0.438,0.776,0.611,0.59,0.733,0.276,0.572,0.736,0.491,0.752,0.69,-0.329,0.286,0.722,0.415,0.625,0.474,0.684,-0.322,0.786,0.667,0.469,0.675
CG,0.294,0.786,0.736,0.417,0.818,-0.658,0.724,0.192,0.029,0.386,0.032,-0.428,0.463,-0.286,-0.166,-0.22,-0.498,0.792,-0.064,-0.564,0.744,-0.4,0.62,0.086,0.526,0.604,0.367,0.213,0.767,0.0,0.208,0.788,-0.346,0.693,0.759,0.679,0.17,0.458,-0.532,0.543,-0.185,0.772,0.244,0.765,0.325,-0.009,0.464,0.585,0.692,-0.722,0.764,0.261,0.63,0.294,0.309,0.087,0.159,0.776,0.681,-0.24,0.363,0.39,0.711,0.43,0.555,0.703,0.786,0.578,0.26,0.072,0.621,0.114,0.091,0.277,0.343,0.598,0.804,0.645,0.617,0.638,0.541,0.404,0.066,-0.026,0.294,0.702,-0.7,0.858,0.528,-0.375,0.795,0.764,0.676,0.256,-0.1,-0.505,0.64,-0.052,0.651,0.294,0.307,0.456,0.737,0.262,0.769,0.578,0.406,0.282,0.65,0.024,0.804,0.373,0.157,-0.639,0.533,0.703,0.696,0.605,0.677,0.77,0.843,0.515,0.789,0.703,0.589,0.112,-0.398,0.696,0.658,0.85,-0.315,-0.172,0.768,0.299,0.543,-0.621,0.765,0.269,-0.248,-0.292,0.558,0.713,0.77,0.083,0.816,-0.03,0.722,0.274,-0.229,0.372,0.733,0.813,0.474,0.647,0.81,0.697,-0.223,-0.585,0.745,0.536,0.781,0.759,-0.169,-0.213,0.575,0.681,0.559,-0.685,-0.567,0.747,0.495,0.769,0.752,0.658,-0.154,0.627,0.796,-0.226,0.769,0.551,0.63,0.565,0.249,0.669,0.806,0.418,0.855,0.809,-0.409,0.325,0.468,0.621,0.626,0.564,0.71,-0.167,0.677,0.465,0.542,0.569
CGBD,0.165,0.141,0.443,0.338,0.553,0.227,0.437,-0.155,0.329,0.682,0.594,-0.133,0.645,-0.078,0.266,0.255,0.03,0.447,0.744,0.282,0.411,-0.652,0.087,-0.048,0.579,0.672,-0.221,0.254,0.39,0.208,0.0,0.248,-0.526,0.385,0.283,0.57,0.514,0.338,0.214,-0.07,0.254,0.233,0.76,0.408,0.673,0.313,0.206,0.205,0.469,-0.452,0.275,0.655,0.509,0.712,0.161,0.259,0.182,0.495,0.557,-0.362,0.579,0.242,-0.004,0.614,0.418,0.2,0.545,-0.113,-0.118,-0.319,0.459,0.387,0.538,-0.054,0.509,0.179,0.101,0.523,-0.179,0.115,0.484,0.516,0.702,-0.039,-0.193,0.501,0.178,0.359,-0.224,0.513,0.055,0.548,-0.03,0.239,0.574,-0.351,0.506,0.04,0.625,-0.165,0.477,0.126,0.273,0.807,0.194,0.293,0.538,-0.242,0.625,0.123,0.516,0.593,-0.031,-0.426,0.282,0.499,-0.001,-0.027,0.394,0.431,0.274,0.09,-0.013,0.569,0.519,0.677,0.11,0.014,0.457,0.485,0.52,0.595,0.473,0.669,0.492,-0.393,0.441,0.476,0.072,-0.538,0.517,0.462,-0.095,0.144,0.384,0.302,0.324,0.575,0.58,0.175,0.572,0.082,-0.08,-0.121,0.256,0.568,0.531,-0.243,0.447,0.521,0.277,0.443,0.41,-0.248,0.164,0.22,0.721,-0.042,-0.075,0.115,0.627,0.248,0.315,0.552,-0.561,0.385,0.526,0.046,0.377,0.656,0.408,0.165,0.542,0.631,0.246,0.738,0.216,0.55,0.316,0.097,0.704,-0.046,0.492,0.476,0.383,-0.076,-0.057,0.763,0.51,0.016
