,ACET,ADAP,ADI,ADPT,ADTN,AGEN,ALGN,ALLK,AMD,AMWD,ARDX,ARQT,ASTE,AUPH,AVXL,AZTA,BAND,BECN,BFC,BGC,BHF,BHFAL,BKNG,BL,BOKF,BRKR,CACC,CAR,CDNA,CG,CGBD,CHI,CHTR,CHX,CLNE,CME,CNOB,CNXN,CPRX,CSGP,CSGS,CSIQ,CVCO,CVLT,CYRX,DDOG,DOOO,DSGX,DTIL,ECPG,EEFT,EFSC,ENTG,ESPR,ETSY,EXC,FAMI,FFIV,FITB,FIZZ,FMBH,FOX,FTNT,FULT,GABC,GEN,GH,GMAB,GNPX,GO,GOGL,GOOG,GPRO,GSHD,GSM,GWAV,HAIN,HBAN,HEPA,HURN,HWKN,IBIO,ICFI,IGMS,IMKTA,INCY,INO,IRDM,IRTC,IRWD,ITCI,JACK,JD,JJSF,KALA,KHC,KLAC,KRRO,KRYS,LANC,LBTYA,LIVN,LKCO,LNTH,LOGI,LPRO,LRCX,LSCC,LSTR,MAR,MARA,MCHP,MEOH,META,MGTX,MKSI,MMYT,MORN,MRUS,MTLS,MTSI,MVIS,MXL,NBIX,NFE,NMIH,NMRK,NNDM,NSIT,NTCT,NVAX,OCUL,ODP,OLED,ONB,OTEX,PACB,PATK,PAYX,PEP,PERI,PI,PLYA,PRDO,PRGS,PTGX,QCOM,QCRH,QDEL,QFIN,RGEN,RILY,RPAY,RPD,SABR,SEDG,SHEN,SIRI,SLNO,SNDL,SNEX,SONO,SPT,SSNC,STGW,STKL,STRL,STX,SWTX,SYNA,TFSL,TIGR,TNXP,TOWN,TRI,TRIP,TRMB,TRNS,TRS,TSCO,TSEM,TVTX,TXRH,VC,VCEL,VECO,VIAV,VICR,VIR,VRTX,VSTM,VTRS,WDFC,WSBC,WSC,WYNN,XENE,XNCR,XRAY,ZS
ACET,0.0,0.162,0.369,0.473,-0.033,-0.169,0.23,-0.034,0.606,0.635,0.331,-0.28,0.455,0.029,-0.298,0.211,-0.34,0.513,0.383,0.554,0.429,0.227,0.274,0.451,0.273,0.291,-0.54,-0.069,0.324,0.194,0.239,0.334,0.599,0.282,0.175,0.092,-0.048,0.458,-0.005,0.22,0.798,0.529,0.247,-0.347,0.147,0.208,0.387,0.198,0.19,0.187,0.367,0.387,0.394,-0.485,0.097,0.419,0.3,0.093,0.213,-0.447,0.407,-0.08,0.235,0.342,-0.009,-0.315,0.01,0.378,-0.418,-0.36,0.409,0.243,-0.382,0.155,0.062,0.284,-0.33,0.162,0.464,0.604,0.01,-0.107,0.299,-0.118,-0.425,0.379,-0.67,-0.153,0.434,0.055,0.095,0.548,0.545,-0.067,-0.278,-0.042,0.219,-0.315,0.07,0.259,0.418,0.236,0.05,-0.282,-0.213,0.073,0.481,0.375,0.414,0.33,-0.209,0.52,0.198,0.475,0.268,0.446,0.296,0.349,-0.037,0.133,0.196,-0.147,0.401,0.177,0.092,0.317,0.73,0.003,0.639,-0.051,-0.601,0.354,0.09,0.351,0.408,0.291,0.143,0.492,-0.046,0.27,-0.19,0.118,0.306,0.555,0.12,0.287,0.359,0.186,-0.18,-0.208,0.387,-0.19,0.421,0.454,0.473,0.297,0.66,-0.21,0.193,-0.548,0.165,0.203,-0.062,0.471,-0.148,-0.288,0.403,-0.477,-0.009,0.392,0.431,-0.022,-0.055,0.434,0.14,0.025,0.531,0.195,0.298,0.33,0.248,0.324,0.155,0.324,-0.111,0.41,0.117,0.507,-0.384,0.659,0.161,0.165,-0.264,0.475,0.246,0.661,0.256,0.314,0.374,0.171
ADAP,0.162,0.0,0.452,0.251,-0.481,-0.525,0.657,-0.194,0.561,0.567,0.045,0.176,0.364,-0.464,-0.393,-0.298,-0.63,0.456,0.038,0.486,0.282,-0.069,0.715,-0.192,0.111,0.043,-0.5,-0.604,0.174,0.059,-0.167,-0.056,-0.071,0.726,-0.136,0.661,0.151,-0.068,-0.428,-0.07,0.259,-0.319,-0.139,-0.444,-0.412,0.07,-0.242,-0.456,-0.394,0.26,0.702,0.337,-0.059,-0.187,-0.213,0.073,-0.205,-0.289,0.467,-0.669,0.483,-0.434,0.024,0.169,0.356,-0.055,-0.042,0.294,-0.598,-0.657,0.529,-0.477,-0.342,-0.052,-0.199,-0.27,-0.492,0.486,0.239,0.379,0.382,-0.458,-0.182,-0.334,-0.687,-0.036,-0.479,-0.451,-0.131,0.738,0.184,0.07,-0.204,-0.286,0.02,-0.405,-0.016,-0.499,-0.277,0.009,0.177,0.412,0.713,-0.406,-0.262,0.234,0.015,0.564,0.04,0.646,0.421,0.47,0.59,-0.461,0.741,-0.023,-0.122,-0.276,-0.479,0.23,0.214,-0.475,0.702,-0.135,0.684,0.674,-0.003,-0.571,-0.004,-0.267,-0.315,0.821,-0.087,0.287,0.316,-0.419,0.243,0.171,0.494,0.535,-0.142,-0.283,0.39,0.387,0.727,-0.046,-0.078,0.524,-0.57,-0.604,0.281,-0.244,0.599,-0.185,0.694,0.631,0.41,-0.572,0.746,-0.098,0.705,-0.296,-0.484,0.624,-0.512,-0.482,0.134,-0.682,-0.613,0.064,0.297,-0.525,-0.25,0.414,-0.515,0.289,0.587,-0.512,0.296,0.051,-0.201,0.65,0.581,0.462,-0.405,0.211,-0.353,0.612,-0.645,0.019,0.773,0.515,-0.203,0.618,0.529,0.483,0.063,0.334,0.508,-0.035
ADI,0.369,0.452,0.0,0.849,0.187,-0.217,0.724,-0.247,0.288,0.749,0.421,0.005,0.907,-0.19,-0.017,0.491,-0.187,0.893,0.686,0.274,0.892,-0.472,0.36,0.155,0.777,0.753,-0.417,-0.066,0.845,0.777,0.594,0.635,-0.017,0.713,0.328,0.71,0.603,0.574,0.047,-0.327,0.149,0.219,0.481,-0.017,0.255,0.577,0.398,0.061,0.336,-0.25,0.407,0.729,0.724,-0.536,0.54,0.683,0.307,0.34,0.906,-0.495,0.58,-0.221,0.574,0.809,0.501,-0.17,0.683,0.741,-0.634,-0.734,0.903,0.066,0.047,0.538,0.42,0.404,-0.399,0.897,0.749,0.239,0.279,0.162,0.518,0.356,-0.531,0.511,-0.465,0.177,0.377,0.257,0.558,0.71,0.209,-0.292,0.486,-0.813,0.706,-0.167,0.317,-0.417,0.121,0.652,0.275,0.119,0.056,0.737,0.747,0.185,0.796,0.472,0.617,0.931,0.06,-0.355,0.678,0.741,0.594,-0.403,0.175,0.767,0.825,0.072,0.544,0.457,0.284,0.768,0.25,-0.09,0.568,0.424,-0.292,0.518,0.625,0.917,0.809,0.193,0.818,0.577,-0.073,0.066,0.116,0.448,0.812,0.517,0.317,0.661,0.611,0.593,-0.23,-0.15,0.838,0.388,0.088,0.301,0.702,0.277,0.266,-0.69,0.709,-0.012,0.507,0.515,0.139,0.214,-0.167,-0.268,0.847,-0.486,-0.085,0.646,0.789,0.162,0.344,0.803,-0.451,0.731,0.807,-0.017,0.872,0.752,0.563,0.659,0.861,0.933,0.222,0.862,0.417,0.879,-0.298,0.267,0.675,-0.026,0.01,0.719,0.918,0.407,0.674,0.839,0.879,0.656
ADPT,0.473,0.251,0.849,0.0,0.346,-0.039,0.512,-0.042,0.194,0.602,0.485,-0.073,0.815,0.065,0.141,0.707,0.019,0.746,0.595,0.068,0.898,-0.311,0.107,0.403,0.742,0.771,-0.359,0.072,0.91,0.863,0.715,0.763,0.256,0.449,0.29,0.332,0.505,0.623,0.147,-0.407,0.104,0.339,0.461,0.008,0.475,0.648,0.558,0.253,0.554,-0.354,0.183,0.608,0.912,-0.724,0.735,0.82,0.533,0.485,0.718,-0.356,0.442,-0.195,0.672,0.802,0.164,-0.464,0.725,0.883,-0.486,-0.635,0.793,0.249,-0.035,0.713,0.514,0.674,-0.362,0.651,0.907,0.137,0.001,0.327,0.554,0.524,-0.393,0.632,-0.469,0.316,0.561,-0.087,0.595,0.832,0.45,-0.315,0.339,-0.733,0.837,-0.105,0.424,-0.436,-0.068,0.634,-0.077,0.174,-0.003,0.746,0.907,0.082,0.86,0.243,0.332,0.868,-0.159,-0.115,0.452,0.885,0.782,-0.298,0.37,0.683,0.84,0.234,0.365,0.551,-0.043,0.546,0.416,0.164,0.6,0.517,-0.31,0.31,0.686,0.923,0.706,0.521,0.795,0.454,-0.404,-0.014,-0.024,0.626,0.819,0.53,0.019,0.852,0.769,0.396,-0.047,0.072,0.911,0.439,-0.034,0.586,0.451,-0.048,0.173,-0.677,0.398,-0.191,0.182,0.678,0.35,0.034,-0.073,-0.178,0.836,-0.411,0.252,0.548,0.758,0.384,0.424,0.624,-0.205,0.535,0.603,0.251,0.802,0.864,0.654,0.64,0.683,0.782,0.376,0.86,0.482,0.72,-0.193,0.425,0.448,-0.282,-0.056,0.533,0.776,0.335,0.843,0.736,0.679,0.829
ADTN,-0.033,-0.481,0.187,0.346,0.0,0.827,-0.264,0.221,-0.438,-0.321,0.588,-0.211,0.217,0.722,0.868,0.84,0.848,-0.005,0.502,-0.632,0.252,-0.577,-0.773,0.527,0.615,0.693,0.515,0.867,0.511,0.574,0.802,0.725,0.092,-0.405,0.713,-0.293,0.414,0.584,0.808,-0.177,-0.396,0.61,0.489,0.798,0.898,0.612,0.643,0.828,0.871,-0.86,-0.764,0.201,0.637,0.116,0.788,0.36,0.763,0.912,0.185,0.69,-0.267,0.51,0.558,0.5,-0.051,-0.062,0.737,0.191,0.413,0.404,0.014,0.804,0.668,0.457,0.651,0.735,0.585,0.064,0.264,-0.345,-0.328,0.816,0.778,0.887,0.665,0.715,0.458,0.962,0.417,-0.766,0.285,0.544,0.547,0.221,0.596,-0.05,0.751,0.734,0.883,-0.377,-0.145,-0.052,-0.616,0.871,0.644,0.23,0.591,-0.803,0.658,-0.654,0.179,0.078,-0.909,0.273,-0.424,0.686,0.547,0.0,0.926,0.584,0.461,0.908,-0.635,0.791,-0.799,-0.277,0.172,0.869,0.464,0.922,0.366,-0.579,0.797,0.413,0.187,0.662,0.56,-0.05,-0.784,-0.78,0.534,0.869,0.04,-0.353,-0.676,0.646,0.748,-0.302,0.757,0.86,0.348,0.732,-0.832,0.526,-0.392,-0.624,-0.468,0.155,-0.303,0.373,-0.61,0.872,0.936,-0.805,0.802,0.725,0.55,0.611,0.831,0.507,0.252,0.929,0.762,0.155,0.318,0.445,-0.008,0.698,0.222,0.601,0.816,-0.373,0.001,0.122,0.926,0.496,0.895,-0.187,0.765,0.309,-0.494,-0.859,0.676,-0.268,0.034,-0.549,0.479,0.495,0.001,0.596
AGEN,-0.169,-0.525,-0.217,-0.039,0.827,0.0,-0.443,0.339,-0.49,-0.596,0.449,-0.023,-0.153,0.778,0.874,0.567,0.816,-0.32,0.164,-0.661,-0.133,-0.338,-0.843,0.492,0.281,0.351,0.699,0.817,0.141,0.203,0.511,0.433,0.043,-0.642,0.608,-0.504,0.214,0.312,0.833,0.043,-0.365,0.437,0.306,0.762,0.69,0.347,0.48,0.761,0.677,-0.689,-0.889,-0.021,0.264,0.389,0.498,0.124,0.619,0.706,-0.154,0.826,-0.442,0.629,0.273,0.153,-0.224,0.088,0.378,-0.126,0.759,0.676,-0.354,0.751,0.652,0.161,0.537,0.507,0.72,-0.313,-0.066,-0.311,-0.325,0.692,0.507,0.701,0.868,0.477,0.703,0.815,0.128,-0.773,0.11,0.246,0.458,0.348,0.296,0.328,0.425,0.831,0.731,-0.097,-0.157,-0.289,-0.659,0.787,0.558,-0.046,0.247,-0.778,0.291,-0.8,-0.065,-0.259,-0.846,0.42,-0.579,0.329,0.246,0.233,0.776,0.293,0.11,0.862,-0.819,0.535,-0.832,-0.512,0.085,0.869,0.251,0.712,0.547,-0.681,0.474,0.024,-0.127,0.517,0.218,-0.26,-0.64,-0.708,0.519,0.595,-0.283,-0.535,-0.74,0.374,0.497,-0.502,0.821,0.885,0.018,0.55,-0.771,0.387,-0.627,-0.661,-0.494,0.432,-0.543,0.417,-0.741,0.561,0.8,-0.816,0.891,0.884,0.196,0.765,0.822,0.226,-0.066,0.795,0.527,-0.159,0.586,0.101,-0.29,0.68,-0.19,0.205,0.579,-0.567,-0.324,-0.264,0.809,0.124,0.655,-0.527,0.823,0.229,-0.714,-0.772,0.64,-0.481,-0.327,-0.634,0.177,0.171,-0.36,0.234
ALGN,0.23,0.657,0.724,0.512,-0.264,-0.443,0.0,-0.179,0.268,0.733,-0.018,0.331,0.621,-0.575,-0.309,0.018,-0.523,0.725,0.207,0.448,0.635,-0.129,0.713,-0.042,0.384,0.339,-0.503,-0.472,0.539,0.419,0.167,0.147,-0.078,0.771,-0.086,0.732,0.446,0.113,-0.281,-0.12,0.222,-0.257,0.226,-0.285,-0.23,0.13,0.198,-0.253,-0.041,0.201,0.642,0.529,0.241,-0.468,0.056,0.483,-0.156,-0.164,0.698,-0.697,0.64,-0.41,0.142,0.369,0.478,-0.017,0.224,0.532,-0.673,-0.782,0.806,-0.277,-0.267,0.325,0.196,0.017,-0.598,0.726,0.471,0.345,0.509,-0.354,0.052,-0.004,-0.657,-0.006,-0.448,-0.217,0.033,0.597,0.246,0.382,-0.159,-0.454,0.171,-0.62,0.236,-0.358,-0.083,-0.068,0.07,0.496,0.422,-0.322,-0.243,0.611,0.284,0.571,0.334,0.751,0.485,0.728,0.487,-0.436,0.758,0.291,0.211,-0.27,-0.318,0.464,0.472,-0.312,0.731,-0.056,0.544,0.844,0.011,-0.514,0.213,-0.022,-0.242,0.661,0.084,0.618,0.55,-0.096,0.536,0.515,0.436,0.443,-0.159,-0.115,0.66,0.494,0.472,0.338,0.215,0.615,-0.524,-0.448,0.589,-0.062,0.447,-0.074,0.768,0.429,0.353,-0.671,0.644,0.033,0.622,-0.026,-0.262,0.521,-0.415,-0.435,0.455,-0.621,-0.364,0.205,0.471,-0.31,-0.193,0.541,-0.354,0.393,0.623,-0.205,0.573,0.295,0.094,0.688,0.746,0.696,-0.209,0.403,-0.086,0.747,-0.59,0.087,0.778,0.322,-0.27,0.661,0.767,0.575,0.4,0.508,0.655,0.254
ALLK,-0.034,-0.194,-0.247,-0.042,0.221,0.339,-0.179,0.0,-0.157,-0.332,0.053,0.189,-0.317,0.33,0.345,0.212,0.384,-0.285,-0.199,-0.386,-0.233,0.055,-0.313,0.459,-0.209,-0.005,0.198,0.242,-0.003,0.006,-0.033,0.094,0.26,-0.476,-0.077,-0.363,-0.115,-0.222,0.313,0.277,-0.09,0.111,0.031,0.304,0.243,0.167,0.144,0.332,0.219,-0.204,-0.385,-0.314,0.039,0.037,0.14,-0.022,0.238,0.14,-0.316,0.268,-0.33,-0.055,0.301,-0.222,-0.395,0.001,0.046,-0.116,0.351,0.256,-0.187,0.311,0.13,0.205,0.211,0.157,0.102,-0.413,-0.068,-0.279,-0.189,0.23,-0.054,0.251,0.322,0.091,0.344,0.25,-0.086,-0.313,-0.199,-0.063,-0.007,0.039,0.038,0.247,0.03,0.284,0.099,0.019,-0.491,-0.171,-0.4,0.135,0.146,-0.007,-0.076,-0.145,-0.105,-0.273,-0.266,-0.227,-0.307,0.237,-0.349,-0.003,0.079,0.251,0.24,-0.088,-0.051,0.221,-0.294,0.057,-0.393,-0.401,-0.096,0.309,-0.176,0.144,0.34,-0.324,-0.039,-0.127,-0.388,0.176,-0.075,-0.328,-0.09,-0.193,-0.019,0.095,-0.025,-0.229,-0.41,0.074,0.134,-0.366,0.312,0.35,-0.03,0.044,-0.195,0.347,-0.331,-0.356,-0.397,0.051,-0.4,0.217,-0.482,0.066,0.26,-0.192,0.235,0.313,-0.142,0.292,0.429,-0.062,-0.339,0.234,-0.021,-0.34,0.383,-0.237,-0.287,0.343,-0.221,-0.127,0.11,-0.214,-0.214,-0.276,0.253,-0.202,0.011,-0.344,0.238,0.325,-0.343,-0.2,0.134,-0.408,-0.246,-0.225,0.236,-0.165,-0.478,0.199
AMD,0.606,0.561,0.288,0.194,-0.438,-0.49,0.268,-0.157,0.0,0.552,0.328,-0.218,0.262,-0.165,-0.499,-0.277,-0.566,0.398,0.274,0.661,0.094,0.068,0.506,-0.003,-0.014,0.024,-0.525,-0.328,-0.05,-0.123,-0.218,0.083,0.376,0.458,0.019,0.406,-0.217,0.091,-0.343,0.284,0.691,0.212,-0.117,-0.488,-0.276,0.167,-0.143,-0.224,-0.371,0.263,0.612,0.265,0.0,-0.099,-0.274,0.044,0.039,-0.15,0.189,-0.579,0.348,-0.227,0.202,0.112,0.16,-0.019,-0.169,0.095,-0.49,-0.388,0.329,-0.169,-0.39,-0.296,-0.347,-0.228,-0.333,0.184,0.175,0.563,0.111,-0.292,-0.001,-0.485,-0.616,0.209,-0.668,-0.496,0.046,0.49,0.081,0.108,0.131,0.029,-0.177,-0.044,-0.085,-0.585,-0.191,0.235,0.487,0.278,0.62,-0.418,-0.172,-0.169,0.065,0.48,0.046,0.47,0.089,0.34,0.456,0.138,0.501,0.009,-0.114,0.181,-0.313,-0.05,0.038,-0.438,0.557,0.058,0.521,0.332,0.475,-0.287,0.258,-0.334,-0.589,0.664,-0.103,0.083,0.223,-0.376,-0.069,0.129,0.344,0.49,-0.059,-0.171,0.124,0.423,0.581,-0.172,-0.099,0.307,-0.411,-0.528,0.087,-0.381,0.628,0.155,0.569,0.662,0.639,-0.271,0.568,-0.466,0.492,-0.217,-0.475,0.695,-0.405,-0.408,0.089,-0.621,-0.485,0.32,0.263,-0.395,-0.18,0.387,-0.236,0.151,0.625,-0.318,0.191,0.03,-0.116,0.415,0.347,0.286,-0.382,0.166,-0.212,0.511,-0.547,0.449,0.443,0.541,-0.119,0.538,0.232,0.533,0.013,0.183,0.383,-0.144
AMWD,0.635,0.567,0.749,0.602,-0.321,-0.596,0.733,-0.332,0.552,0.0,0.101,0.007,0.794,-0.503,-0.521,0.054,-0.683,0.882,0.447,0.743,0.736,0.006,0.754,-0.003,0.443,0.337,-0.79,-0.502,0.49,0.372,0.168,0.168,0.105,0.87,-0.013,0.705,0.344,0.344,-0.342,-0.128,0.6,0.087,0.331,-0.486,-0.161,0.128,0.151,-0.301,-0.069,0.327,0.806,0.658,0.351,-0.635,0.036,0.487,-0.038,-0.169,0.705,-0.834,0.838,-0.423,0.142,0.532,0.538,-0.175,0.138,0.569,-0.848,-0.822,0.79,-0.267,-0.413,0.232,0.039,0.045,-0.694,0.735,0.546,0.612,0.481,-0.334,0.168,-0.202,-0.825,0.094,-0.795,-0.35,0.223,0.586,0.31,0.5,0.079,-0.418,-0.035,-0.591,0.217,-0.514,-0.121,0.026,0.401,0.587,0.486,-0.431,-0.341,0.474,0.442,0.689,0.433,0.8,0.317,0.842,0.582,-0.243,0.817,0.384,0.33,-0.136,-0.36,0.336,0.444,-0.467,0.846,-0.022,0.621,0.845,0.393,-0.496,0.482,-0.146,-0.581,0.771,0.103,0.595,0.75,-0.058,0.397,0.754,0.307,0.448,-0.226,-0.049,0.664,0.729,0.58,0.281,0.199,0.747,-0.559,-0.58,0.596,-0.13,0.588,0.053,0.893,0.655,0.68,-0.628,0.712,-0.339,0.739,0.059,-0.353,0.684,-0.552,-0.629,0.555,-0.805,-0.424,0.374,0.68,-0.338,-0.151,0.74,-0.423,0.323,0.785,-0.198,0.699,0.397,0.108,0.766,0.67,0.76,-0.31,0.555,-0.081,0.937,-0.74,0.21,0.771,0.446,-0.451,0.891,0.761,0.82,0.321,0.495,0.806,0.245
ARDX,0.331,0.045,0.421,0.485,0.588,0.449,-0.018,0.053,0.328,0.101,0.0,-0.275,0.461,0.633,0.525,0.557,0.337,0.321,0.734,-0.117,0.306,-0.601,-0.356,0.466,0.593,0.718,0.131,0.536,0.452,0.478,0.598,0.795,0.22,0.015,0.791,0.155,0.313,0.622,0.519,0.05,0.105,0.699,0.401,0.45,0.625,0.836,0.393,0.557,0.495,-0.719,-0.254,0.497,0.59,0.085,0.564,0.464,0.791,0.806,0.401,0.203,0.036,0.307,0.72,0.627,0.122,-0.002,0.632,0.235,0.102,0.027,0.261,0.597,0.337,0.145,0.356,0.464,0.278,0.24,0.359,0.1,-0.109,0.622,0.773,0.489,0.152,0.894,-0.038,0.541,0.253,-0.309,0.505,0.619,0.636,0.247,0.454,-0.149,0.667,0.288,0.773,-0.262,0.24,0.313,-0.019,0.596,0.507,0.154,0.578,-0.435,0.688,-0.326,0.367,0.364,-0.541,0.215,0.051,0.629,0.405,0.092,0.695,0.561,0.513,0.544,-0.224,0.894,-0.302,0.025,0.555,0.649,0.624,0.668,0.025,0.06,0.76,0.451,0.375,0.215,0.545,-0.028,-0.48,-0.39,0.588,0.721,0.122,-0.057,-0.129,0.476,0.63,0.042,0.498,0.459,0.461,0.549,-0.365,0.555,0.04,-0.033,0.008,-0.159,0.253,0.063,-0.148,0.656,0.526,-0.26,0.465,0.454,0.621,0.036,0.386,0.752,0.517,0.605,0.706,0.485,0.12,0.619,0.532,0.362,0.383,0.602,0.676,0.04,0.37,0.429,0.65,0.636,0.665,0.244,0.292,0.61,-0.037,-0.383,0.633,0.226,0.289,-0.152,0.462,0.671,0.35,0.454
ARQT,-0.28,0.176,0.005,-0.073,-0.211,-0.023,0.331,0.189,-0.218,0.007,-0.275,0.0,-0.054,-0.242,0.011,-0.063,-0.105,0.037,-0.347,-0.112,-0.034,0.107,0.173,0.071,-0.131,-0.087,-0.114,-0.276,0.038,0.045,-0.162,-0.176,-0.457,0.118,-0.247,0.17,0.237,-0.338,0.097,0.173,-0.076,-0.375,0.287,0.071,-0.152,-0.115,-0.05,-0.16,-0.066,0.133,0.07,-0.121,-0.121,-0.038,-0.088,0.028,-0.221,-0.272,0.045,-0.217,0.122,-0.311,-0.189,-0.14,0.031,0.258,-0.051,0.06,0.086,-0.2,0.101,-0.115,0.086,0.133,0.357,-0.145,-0.356,0.004,-0.041,-0.204,0.537,-0.088,-0.385,-0.053,-0.027,-0.329,0.364,-0.075,-0.5,0.119,-0.005,-0.117,-0.217,-0.4,-0.066,-0.208,-0.093,0.103,-0.164,-0.112,-0.386,-0.042,-0.024,-0.033,-0.163,0.394,-0.181,0.324,-0.203,0.09,0.058,0.107,0.163,-0.332,0.186,-0.162,-0.082,0.092,-0.21,0.029,0.136,-0.166,0.045,-0.324,0.129,0.094,-0.363,-0.245,-0.276,-0.105,0.556,0.062,-0.149,-0.026,-0.076,-0.142,0.045,0.07,0.277,-0.009,-0.114,-0.216,0.138,0.026,-0.035,-0.06,-0.006,0.194,0.032,0.051,0.164,-0.026,0.09,-0.162,0.014,0.024,-0.182,-0.253,0.071,0.458,0.102,-0.192,-0.087,0.018,-0.082,0.046,-0.092,-0.143,-0.028,-0.146,-0.2,-0.1,-0.216,-0.169,0.218,-0.18,-0.082,0.01,-0.025,-0.307,0.007,0.153,0.088,0.078,-0.038,-0.097,-0.287,-0.025,-0.166,-0.175,0.206,0.149,-0.228,-0.022,0.125,0.009,0.045,-0.159,-0.139,-0.022
ASTE,0.455,0.364,0.907,0.815,0.217,-0.153,0.621,-0.317,0.262,0.794,0.461,-0.054,0.0,-0.122,0.028,0.485,-0.239,0.902,0.769,0.367,0.925,-0.453,0.326,0.136,0.857,0.75,-0.436,-0.04,0.772,0.702,0.662,0.574,-0.016,0.733,0.42,0.681,0.691,0.719,0.052,-0.376,0.238,0.326,0.584,-0.028,0.318,0.503,0.391,0.029,0.332,-0.231,0.394,0.866,0.708,-0.528,0.494,0.754,0.393,0.351,0.931,-0.458,0.745,-0.071,0.426,0.908,0.636,-0.227,0.606,0.701,-0.611,-0.646,0.793,0.07,-0.002,0.412,0.407,0.422,-0.335,0.879,0.697,0.397,0.363,0.179,0.632,0.326,-0.477,0.484,-0.499,0.204,0.378,0.218,0.669,0.781,0.28,-0.243,0.363,-0.731,0.682,-0.069,0.391,-0.271,0.335,0.741,0.256,0.153,0.05,0.674,0.775,0.187,0.825,0.438,0.598,0.916,0.074,-0.281,0.678,0.745,0.61,-0.307,0.172,0.732,0.757,0.078,0.48,0.45,0.247,0.75,0.44,-0.032,0.721,0.422,-0.316,0.512,0.631,0.853,0.92,0.213,0.772,0.639,-0.155,0.006,0.154,0.456,0.74,0.518,0.321,0.656,0.584,0.68,-0.145,-0.116,0.824,0.416,0.079,0.212,0.659,0.33,0.399,-0.583,0.64,-0.07,0.503,0.53,0.137,0.157,-0.108,-0.202,0.908,-0.495,0.003,0.62,0.931,0.184,0.332,0.9,-0.39,0.678,0.784,0.062,0.902,0.794,0.542,0.639,0.781,0.909,0.238,0.889,0.432,0.882,-0.297,0.232,0.599,-0.063,-0.029,0.823,0.89,0.445,0.575,0.844,0.906,0.563
AUPH,0.029,-0.464,-0.19,0.065,0.722,0.778,-0.575,0.33,-0.165,-0.503,0.633,-0.242,-0.122,0.0,0.762,0.556,0.746,-0.287,0.265,-0.574,-0.169,-0.311,-0.824,0.595,0.183,0.348,0.496,0.764,0.087,0.194,0.419,0.53,0.251,-0.611,0.62,-0.506,0.069,0.322,0.705,0.137,-0.2,0.636,0.232,0.676,0.727,0.548,0.316,0.709,0.568,-0.721,-0.743,-0.105,0.345,0.282,0.507,0.116,0.759,0.751,-0.212,0.698,-0.428,0.434,0.466,0.173,-0.362,0.036,0.401,-0.107,0.637,0.566,-0.369,0.76,0.446,0.11,0.326,0.463,0.583,-0.379,-0.027,-0.275,-0.422,0.744,0.51,0.549,0.681,0.636,0.415,0.696,0.144,-0.769,0.164,0.249,0.644,0.358,0.193,0.274,0.422,0.607,0.707,-0.207,-0.093,-0.168,-0.511,0.705,0.578,-0.111,0.275,-0.707,0.303,-0.806,-0.095,-0.205,-0.832,0.473,-0.6,0.337,0.299,0.309,0.793,0.196,0.147,0.723,-0.721,0.661,-0.746,-0.562,0.364,0.92,0.256,0.615,0.358,-0.548,0.509,-0.014,-0.152,0.415,0.136,-0.329,-0.695,-0.678,0.497,0.65,-0.265,-0.466,-0.618,0.262,0.475,-0.461,0.84,0.816,0.048,0.521,-0.675,0.549,-0.584,-0.493,-0.427,0.273,-0.406,0.15,-0.701,0.6,0.754,-0.67,0.732,0.75,0.175,0.522,0.745,0.328,-0.007,0.78,0.649,-0.136,0.539,0.089,-0.13,0.622,-0.117,0.24,0.524,-0.429,-0.258,-0.19,0.759,0.177,0.562,-0.41,0.656,0.459,-0.669,-0.648,0.609,-0.424,-0.309,-0.546,0.195,0.132,-0.314,0.317
AVXL,-0.298,-0.393,-0.017,0.141,0.868,0.874,-0.309,0.345,-0.499,-0.521,0.525,0.011,0.028,0.762,0.0,0.659,0.84,-0.2,0.3,-0.745,0.017,-0.568,-0.78,0.474,0.431,0.534,0.611,0.771,0.293,0.37,0.623,0.563,-0.063,-0.489,0.65,-0.298,0.442,0.362,0.74,-0.068,-0.518,0.43,0.396,0.859,0.794,0.532,0.414,0.696,0.678,-0.858,-0.81,0.073,0.413,0.304,0.622,0.244,0.709,0.807,0.081,0.762,-0.316,0.473,0.419,0.334,-0.072,0.066,0.6,0.009,0.606,0.503,-0.189,0.704,0.653,0.269,0.592,0.539,0.6,-0.097,0.034,-0.399,-0.185,0.782,0.609,0.805,0.763,0.55,0.669,0.911,0.095,-0.702,0.307,0.318,0.365,0.252,0.526,0.051,0.589,0.858,0.828,-0.315,-0.255,-0.06,-0.54,0.877,0.691,0.175,0.329,-0.776,0.411,-0.719,0.246,-0.097,-0.875,0.162,-0.456,0.425,0.346,0.061,0.843,0.512,0.33,0.883,-0.734,0.672,-0.753,-0.396,0.039,0.856,0.221,0.828,0.632,-0.549,0.651,0.195,-0.008,0.456,0.456,-0.303,-0.663,-0.777,0.608,0.702,-0.091,-0.569,-0.643,0.455,0.59,-0.312,0.839,0.899,0.229,0.729,-0.82,0.331,-0.534,-0.58,-0.605,0.198,-0.359,0.541,-0.643,0.668,0.865,-0.866,0.84,0.884,0.355,0.648,0.821,0.306,0.084,0.857,0.677,-0.024,0.382,0.327,-0.164,0.636,0.062,0.376,0.649,-0.395,-0.043,-0.038,0.898,0.294,0.684,-0.361,0.761,0.207,-0.518,-0.798,0.726,-0.38,-0.086,-0.713,0.355,0.343,-0.206,0.434
AZTA,0.211,-0.298,0.491,0.707,0.84,0.567,0.018,0.212,-0.277,0.054,0.557,-0.063,0.485,0.556,0.659,0.0,0.627,0.349,0.553,-0.479,0.586,-0.455,-0.506,0.666,0.717,0.817,0.125,0.609,0.796,0.848,0.859,0.841,0.168,-0.129,0.547,-0.137,0.535,0.615,0.695,-0.242,-0.215,0.604,0.65,0.582,0.89,0.718,0.723,0.726,0.91,-0.726,-0.459,0.322,0.904,-0.357,0.938,0.605,0.769,0.817,0.404,0.287,0.017,0.132,0.712,0.674,-0.055,-0.248,0.859,0.564,0.097,-0.034,0.362,0.722,0.446,0.752,0.791,0.835,0.125,0.281,0.627,-0.274,-0.2,0.759,0.712,0.852,0.293,0.719,0.141,0.82,0.501,-0.65,0.388,0.725,0.619,-0.132,0.491,-0.422,0.898,0.476,0.774,-0.544,-0.261,0.203,-0.572,0.659,0.415,0.604,0.83,-0.452,0.819,-0.366,0.174,0.477,-0.722,0.138,-0.139,0.891,0.82,-0.074,0.814,0.671,0.759,0.701,-0.289,0.743,-0.617,0.005,0.276,0.687,0.543,0.843,0.195,-0.316,0.84,0.703,0.414,0.778,0.727,0.246,-0.761,-0.629,0.265,0.909,0.433,0.028,-0.563,0.836,0.914,-0.046,0.561,0.693,0.704,0.701,-0.616,0.714,-0.084,-0.49,-0.34,-0.27,-0.086,0.216,-0.403,0.959,0.859,-0.564,0.502,0.427,0.738,0.212,0.754,0.577,0.451,0.868,0.729,0.309,0.221,0.434,0.216,0.686,0.512,0.756,0.913,0.06,0.266,0.438,0.847,0.73,0.785,0.178,0.396,0.433,-0.185,-0.736,0.327,-0.008,0.367,-0.208,0.764,0.577,0.227,0.876
BAND,-0.34,-0.63,-0.187,0.019,0.848,0.816,-0.523,0.384,-0.566,-0.683,0.337,-0.105,-0.239,0.746,0.84,0.627,0.0,-0.416,0.132,-0.874,-0.167,-0.362,-0.899,0.464,0.167,0.355,0.692,0.832,0.179,0.298,0.465,0.469,0.055,-0.724,0.449,-0.572,0.107,0.186,0.733,-0.053,-0.564,0.396,0.224,0.809,0.744,0.413,0.388,0.767,0.685,-0.769,-0.913,-0.264,0.349,0.313,0.593,0.017,0.554,0.731,-0.234,0.856,-0.623,0.416,0.422,0.065,-0.378,0.053,0.511,-0.069,0.661,0.643,-0.316,0.729,0.653,0.34,0.482,0.524,0.643,-0.321,-0.01,-0.628,-0.486,0.771,0.43,0.727,0.829,0.468,0.696,0.845,0.206,-0.853,-0.002,0.145,0.373,0.249,0.498,0.176,0.447,0.726,0.663,-0.362,-0.426,-0.358,-0.715,0.787,0.641,0.001,0.225,-0.846,0.255,-0.833,-0.059,-0.31,-0.934,0.306,-0.701,0.33,0.292,0.091,0.843,0.25,0.162,0.838,-0.822,0.573,-0.879,-0.638,-0.111,0.849,0.036,0.706,0.555,-0.785,0.511,0.043,-0.273,0.539,0.236,-0.393,-0.706,-0.774,0.435,0.658,-0.245,-0.571,-0.816,0.341,0.466,-0.611,0.803,0.909,0.018,0.565,-0.873,0.46,-0.698,-0.78,-0.723,0.319,-0.547,0.445,-0.816,0.622,0.866,-0.874,0.778,0.755,0.117,0.8,0.804,0.2,-0.199,0.843,0.642,-0.298,0.443,0.148,-0.383,0.638,-0.151,0.239,0.559,-0.588,-0.31,-0.26,0.817,0.096,0.642,-0.563,0.872,0.166,-0.691,-0.829,0.658,-0.67,-0.328,-0.793,0.281,0.07,-0.415,0.431
BECN,0.513,0.456,0.893,0.746,-0.005,-0.32,0.725,-0.285,0.398,0.882,0.321,0.037,0.902,-0.287,-0.2,0.349,-0.416,0.0,0.628,0.509,0.863,-0.306,0.516,0.096,0.702,0.608,-0.575,-0.216,0.698,0.65,0.439,0.446,-0.003,0.81,0.233,0.731,0.595,0.504,-0.058,-0.218,0.372,0.215,0.518,-0.148,0.1,0.409,0.325,-0.094,0.188,-0.022,0.574,0.798,0.576,-0.573,0.371,0.632,0.196,0.139,0.869,-0.626,0.771,-0.274,0.409,0.739,0.586,-0.105,0.483,0.631,-0.674,-0.768,0.842,-0.047,-0.091,0.389,0.297,0.246,-0.52,0.858,0.639,0.419,0.459,0.002,0.414,0.154,-0.624,0.327,-0.587,-0.01,0.277,0.381,0.495,0.657,0.185,-0.382,0.22,-0.725,0.518,-0.264,0.191,-0.229,0.339,0.672,0.355,-0.075,-0.134,0.674,0.649,0.397,0.671,0.591,0.527,0.924,0.268,-0.303,0.747,0.615,0.539,-0.256,-0.024,0.594,0.718,-0.135,0.659,0.271,0.44,0.819,0.366,-0.229,0.588,0.208,-0.356,0.608,0.442,0.784,0.88,0.088,0.635,0.762,0.072,0.164,0.021,0.29,0.755,0.586,0.408,0.523,0.465,0.749,-0.312,-0.29,0.752,0.205,0.277,0.212,0.802,0.475,0.439,-0.653,0.704,-0.131,0.616,0.378,-0.035,0.391,-0.285,-0.351,0.77,-0.624,-0.194,0.583,0.795,-0.018,0.172,0.819,-0.383,0.553,0.822,-0.056,0.86,0.599,0.416,0.723,0.818,0.895,0.051,0.756,0.243,0.924,-0.483,0.266,0.677,0.192,-0.204,0.848,0.863,0.625,0.493,0.704,0.878,0.474
BFC,0.383,0.038,0.686,0.595,0.502,0.164,0.207,-0.199,0.274,0.447,0.734,-0.347,0.769,0.265,0.3,0.553,0.132,0.628,0.0,0.144,0.614,-0.665,-0.072,0.21,0.805,0.807,-0.101,0.4,0.575,0.583,0.684,0.72,0.125,0.338,0.702,0.471,0.528,0.764,0.323,-0.143,0.173,0.678,0.554,0.313,0.533,0.674,0.433,0.349,0.451,-0.543,0.024,0.735,0.652,-0.089,0.525,0.562,0.597,0.636,0.712,-0.018,0.38,0.248,0.611,0.83,0.524,0.037,0.672,0.34,-0.263,-0.184,0.484,0.414,0.303,0.209,0.353,0.433,0.114,0.639,0.417,0.256,0.088,0.458,0.864,0.428,-0.096,0.735,-0.241,0.449,0.44,-0.06,0.527,0.703,0.397,0.144,0.559,-0.375,0.673,0.213,0.639,-0.253,0.438,0.469,0.151,0.46,0.478,0.31,0.678,-0.256,0.811,0.042,0.553,0.585,-0.303,0.036,0.297,0.712,0.519,-0.108,0.496,0.658,0.608,0.369,0.076,0.747,-0.042,0.341,0.506,0.364,0.752,0.615,-0.184,0.21,0.753,0.635,0.702,0.2,0.645,0.359,-0.314,-0.31,0.532,0.659,0.347,0.122,0.08,0.523,0.581,0.35,0.205,0.192,0.558,0.534,-0.24,0.342,0.347,0.192,0.181,-0.211,0.452,0.051,0.173,0.673,0.378,-0.099,0.255,0.166,0.829,-0.091,0.195,0.839,0.77,0.448,0.577,0.791,-0.216,0.773,0.694,0.221,0.704,0.76,0.667,0.201,0.558,0.683,0.495,0.795,0.698,0.562,0.117,0.41,0.186,-0.232,0.406,0.526,0.576,0.068,0.498,0.819,0.686,0.503
BGC,0.554,0.486,0.274,0.068,-0.632,-0.661,0.448,-0.386,0.661,0.743,-0.117,-0.112,0.367,-0.574,-0.745,-0.479,-0.874,0.509,0.144,0.0,0.256,0.282,0.785,-0.306,0.014,-0.189,-0.612,-0.575,-0.118,-0.225,-0.265,-0.26,0.135,0.693,-0.185,0.561,-0.075,0.089,-0.566,0.087,0.725,-0.104,-0.109,-0.698,-0.576,-0.282,-0.198,-0.559,-0.517,0.661,0.828,0.443,-0.199,-0.249,-0.464,0.109,-0.327,-0.503,0.288,-0.748,0.634,-0.16,-0.258,0.112,0.467,-0.006,-0.425,0.066,-0.609,-0.512,0.318,-0.506,-0.487,-0.364,-0.41,-0.347,-0.445,0.357,0.056,0.824,0.411,-0.611,-0.13,-0.584,-0.726,-0.207,-0.735,-0.686,0.05,0.737,0.11,0.057,-0.145,-0.032,-0.396,-0.061,-0.294,-0.581,-0.457,0.485,0.684,0.387,0.665,-0.626,-0.497,-0.098,-0.02,0.704,-0.053,0.783,0.054,0.368,0.803,-0.041,0.653,-0.136,-0.136,0.027,-0.66,-0.142,-0.122,-0.655,0.781,-0.373,0.757,0.617,0.408,-0.643,0.28,-0.515,-0.679,0.709,-0.35,0.049,0.434,-0.392,-0.181,0.501,0.596,0.718,-0.239,-0.476,0.269,0.6,0.757,-0.217,-0.311,0.593,-0.718,-0.811,0.001,-0.445,0.807,-0.248,0.723,0.779,0.878,-0.142,0.514,-0.509,0.766,-0.425,-0.732,0.841,-0.575,-0.652,0.073,-0.657,-0.674,0.052,0.371,-0.685,-0.511,0.494,-0.354,-0.001,0.513,-0.478,0.251,-0.064,-0.366,0.49,0.314,0.297,-0.673,0.064,-0.344,0.609,-0.699,0.025,0.561,0.729,-0.49,0.76,0.315,0.845,-0.248,0.095,0.529,-0.373
BHF,0.429,0.282,0.892,0.898,0.252,-0.133,0.635,-0.233,0.094,0.736,0.306,-0.034,0.925,-0.169,0.017,0.586,-0.167,0.863,0.614,0.256,0.0,-0.322,0.285,0.179,0.827,0.705,-0.405,-0.052,0.872,0.805,0.706,0.577,0.052,0.645,0.258,0.517,0.65,0.659,0.049,-0.499,0.1,0.219,0.509,-0.076,0.328,0.443,0.486,0.056,0.434,-0.183,0.331,0.773,0.791,-0.715,0.613,0.805,0.343,0.316,0.863,-0.452,0.649,-0.133,0.438,0.855,0.458,-0.413,0.629,0.835,-0.595,-0.693,0.811,0.057,-0.031,0.615,0.479,0.542,-0.386,0.836,0.827,0.275,0.211,0.175,0.539,0.436,-0.468,0.42,-0.496,0.229,0.521,0.114,0.611,0.775,0.267,-0.35,0.315,-0.783,0.735,-0.111,0.316,-0.337,0.13,0.716,0.061,0.106,-0.079,0.781,0.848,0.18,0.828,0.434,0.446,0.916,0.036,-0.28,0.598,0.803,0.727,-0.424,0.187,0.693,0.793,0.121,0.483,0.368,0.139,0.737,0.347,-0.042,0.635,0.436,-0.345,0.398,0.604,0.922,0.863,0.426,0.778,0.659,-0.246,0.046,-0.047,0.487,0.849,0.6,0.191,0.792,0.643,0.597,-0.206,-0.092,0.857,0.415,0.048,0.31,0.604,0.116,0.299,-0.628,0.482,-0.117,0.399,0.573,0.194,0.102,-0.152,-0.271,0.865,-0.446,0.092,0.476,0.868,0.228,0.291,0.772,-0.363,0.568,0.627,0.103,0.881,0.831,0.549,0.673,0.719,0.86,0.242,0.858,0.435,0.824,-0.282,0.17,0.555,-0.171,-0.179,0.712,0.879,0.465,0.68,0.764,0.834,0.68
BHFAL,0.227,-0.069,-0.472,-0.311,-0.577,-0.338,-0.129,0.055,0.068,0.006,-0.601,0.107,-0.453,-0.311,-0.568,-0.455,-0.362,-0.306,-0.665,0.282,-0.322,0.0,0.286,0.007,-0.662,-0.683,-0.308,-0.478,-0.427,-0.498,-0.542,-0.55,0.313,-0.18,-0.628,-0.429,-0.582,-0.422,-0.395,0.243,0.406,-0.329,-0.415,-0.606,-0.481,-0.672,-0.204,-0.269,-0.354,0.772,0.251,-0.464,-0.407,-0.291,-0.502,-0.231,-0.445,-0.626,-0.599,-0.299,-0.084,-0.291,-0.53,-0.608,-0.504,-0.25,-0.752,-0.079,0.004,-0.01,-0.276,-0.277,-0.6,-0.116,-0.331,-0.254,-0.366,-0.539,-0.137,0.245,-0.12,-0.554,-0.635,-0.578,-0.216,-0.554,-0.25,-0.6,-0.077,0.1,-0.434,-0.383,-0.029,-0.204,-0.806,0.401,-0.578,-0.416,-0.661,0.527,-0.088,-0.291,-0.137,-0.706,-0.627,-0.33,-0.372,0.531,-0.562,0.225,-0.764,-0.258,0.485,0.349,-0.116,-0.449,-0.325,0.355,-0.572,-0.639,-0.574,-0.496,0.207,-0.716,0.11,-0.174,0.027,-0.381,-0.287,-0.708,-0.306,0.015,-0.773,-0.448,-0.402,0.062,-0.62,0.018,0.309,0.554,-0.666,-0.636,-0.154,0.275,-0.001,-0.364,-0.42,-0.216,-0.385,-0.377,-0.353,-0.637,0.569,-0.072,-0.037,0.025,0.338,0.118,-0.366,-0.467,-0.04,-0.578,-0.467,0.446,-0.408,-0.441,-0.584,-0.204,-0.219,-0.606,-0.448,-0.486,-0.619,-0.497,0.317,-0.817,-0.385,-0.075,-0.51,-0.545,-0.55,-0.003,-0.519,-0.504,-0.617,-0.55,-0.619,-0.228,-0.385,-0.062,-0.095,0.369,-0.674,-0.184,-0.443,0.415,-0.326,-0.683,-0.408,-0.408
BKNG,0.274,0.715,0.36,0.107,-0.773,-0.843,0.713,-0.313,0.506,0.754,-0.356,0.173,0.326,-0.824,-0.78,-0.506,-0.899,0.516,-0.072,0.785,0.285,0.286,0.0,-0.349,-0.079,-0.202,-0.719,-0.844,0.009,-0.11,-0.387,-0.372,-0.038,0.789,-0.468,0.678,0.038,-0.219,-0.714,0.046,0.479,-0.423,-0.15,-0.699,-0.689,-0.317,-0.302,-0.681,-0.584,0.714,0.955,0.278,-0.236,-0.38,-0.471,0.05,-0.562,-0.672,0.369,-0.884,0.661,-0.571,-0.269,-0.013,0.441,0.009,-0.335,0.185,-0.77,-0.738,0.507,-0.68,-0.575,-0.12,-0.358,-0.467,-0.738,0.479,0.124,0.535,0.549,-0.765,-0.372,-0.615,-0.868,-0.44,-0.666,-0.747,-0.139,0.901,-0.033,-0.073,-0.401,-0.416,-0.243,-0.335,-0.331,-0.681,-0.603,0.259,0.293,0.365,0.717,-0.774,-0.539,0.181,-0.159,0.876,-0.166,0.945,0.203,0.437,0.915,-0.414,0.754,-0.22,-0.18,-0.187,-0.811,-0.07,0.006,-0.814,0.918,-0.523,0.883,0.731,-0.005,-0.886,-0.08,-0.614,-0.489,0.836,-0.431,0.136,0.321,-0.469,-0.028,0.465,0.775,0.766,-0.418,-0.591,0.39,0.56,0.789,-0.237,-0.332,0.648,-0.834,-0.874,0.128,-0.513,0.849,-0.392,0.838,0.793,0.601,-0.486,0.636,-0.249,0.845,-0.525,-0.764,0.884,-0.785,-0.777,-0.016,-0.787,-0.811,-0.107,0.219,-0.803,-0.572,0.354,-0.505,0.021,0.462,-0.584,0.282,-0.146,-0.465,0.656,0.473,0.393,-0.755,0.005,-0.589,0.66,-0.884,-0.126,0.794,0.798,-0.607,0.68,0.469,0.787,-0.114,0.048,0.49,-0.224
BL,0.451,-0.192,0.155,0.403,0.527,0.492,-0.042,0.459,-0.003,-0.003,0.466,0.071,0.136,0.595,0.474,0.666,0.464,0.096,0.21,-0.306,0.179,0.007,-0.349,0.0,0.238,0.489,-0.027,0.392,0.444,0.427,0.456,0.602,0.427,-0.301,0.393,-0.328,0.175,0.329,0.577,0.32,0.202,0.587,0.447,0.413,0.659,0.52,0.565,0.734,0.645,-0.394,-0.336,-0.006,0.553,-0.239,0.539,0.396,0.656,0.555,-0.013,0.191,-0.069,-0.05,0.521,0.234,-0.362,-0.115,0.398,0.305,0.218,0.087,0.138,0.748,0.176,0.509,0.574,0.549,-0.004,-0.177,0.377,-0.039,-0.142,0.473,0.393,0.448,0.258,0.557,0.113,0.511,0.236,-0.541,0.075,0.497,0.731,-0.127,0.111,0.007,0.492,0.353,0.532,-0.088,-0.227,-0.065,-0.518,0.326,0.307,0.278,0.468,-0.143,0.431,-0.316,-0.188,0.263,-0.488,0.488,-0.273,0.541,0.502,0.451,0.528,0.363,0.378,0.433,-0.235,0.469,-0.541,-0.209,0.43,0.593,0.396,0.447,0.187,-0.209,0.374,0.318,0.039,0.615,0.372,0.098,-0.42,-0.344,0.1,0.502,0.17,0.003,-0.535,0.445,0.711,-0.252,0.522,0.59,0.456,0.297,-0.26,0.721,-0.077,-0.281,-0.153,-0.158,-0.219,0.113,-0.483,0.58,0.632,-0.241,0.448,0.399,0.356,0.114,0.623,0.381,0.08,0.601,0.415,0.015,0.616,0.045,0.128,0.744,0.1,0.308,0.618,-0.04,-0.01,0.111,0.556,0.384,0.392,-0.014,0.193,0.716,-0.314,-0.424,0.215,-0.164,0.009,-0.022,0.496,0.228,-0.131,0.562
BOKF,0.273,0.111,0.777,0.742,0.615,0.281,0.384,-0.209,-0.014,0.443,0.593,-0.131,0.857,0.183,0.431,0.717,0.167,0.702,0.805,0.014,0.827,-0.662,-0.079,0.238,0.0,0.868,-0.069,0.357,0.801,0.78,0.878,0.729,-0.022,0.418,0.648,0.43,0.773,0.804,0.377,-0.42,-0.067,0.47,0.645,0.334,0.606,0.614,0.588,0.356,0.617,-0.562,-0.042,0.806,0.783,-0.292,0.702,0.7,0.617,0.66,0.846,-0.023,0.471,0.237,0.52,0.935,0.543,-0.194,0.786,0.593,-0.277,-0.3,0.607,0.361,0.358,0.454,0.602,0.627,0.065,0.756,0.614,0.172,0.159,0.46,0.833,0.665,-0.044,0.651,-0.145,0.602,0.494,-0.126,0.638,0.809,0.384,-0.05,0.562,-0.58,0.864,0.308,0.702,-0.357,0.251,0.55,-0.034,0.52,0.314,0.609,0.847,-0.244,0.912,0.066,0.618,0.719,-0.328,-0.139,0.361,0.861,0.679,-0.301,0.512,0.856,0.798,0.487,0.095,0.678,-0.141,0.503,0.362,0.33,0.757,0.76,-0.068,0.145,0.843,0.845,0.837,0.431,0.858,0.466,-0.445,-0.351,0.381,0.733,0.572,0.219,-0.016,0.793,0.759,0.439,0.188,0.269,0.754,0.635,-0.303,0.321,0.354,-0.011,0.101,-0.337,0.373,0.169,0.149,0.775,0.498,-0.264,0.294,0.209,0.941,-0.081,0.342,0.688,0.843,0.529,0.559,0.792,-0.221,0.769,0.607,0.316,0.797,0.878,0.768,0.315,0.629,0.74,0.591,0.895,0.753,0.581,0.123,0.237,0.255,-0.433,0.303,0.54,0.702,0.068,0.619,0.904,0.717,0.633
BRKR,0.291,0.043,0.753,0.771,0.693,0.351,0.339,-0.005,0.024,0.337,0.718,-0.087,0.75,0.348,0.534,0.817,0.355,0.608,0.807,-0.189,0.705,-0.683,-0.202,0.489,0.868,0.0,-0.037,0.455,0.846,0.831,0.843,0.871,0.097,0.221,0.682,0.319,0.671,0.713,0.508,-0.171,-0.019,0.615,0.696,0.506,0.747,0.793,0.68,0.598,0.754,-0.715,-0.166,0.612,0.851,-0.254,0.778,0.684,0.713,0.794,0.716,0.076,0.291,0.108,0.732,0.827,0.305,-0.074,0.888,0.547,-0.188,-0.243,0.634,0.607,0.338,0.592,0.666,0.691,0.026,0.602,0.622,-0.031,0.093,0.579,0.851,0.716,0.046,0.797,-0.053,0.688,0.384,-0.289,0.496,0.859,0.509,-0.086,0.657,-0.529,0.896,0.356,0.806,-0.457,0.038,0.365,-0.169,0.565,0.454,0.608,0.813,-0.295,0.919,-0.092,0.545,0.677,-0.502,0.001,0.187,0.899,0.676,-0.082,0.684,0.869,0.819,0.55,-0.044,0.841,-0.295,0.314,0.325,0.481,0.668,0.796,0.081,0.046,0.887,0.832,0.628,0.459,0.905,0.347,-0.494,-0.468,0.44,0.802,0.492,0.055,-0.235,0.788,0.874,0.224,0.385,0.458,0.821,0.621,-0.405,0.502,0.238,-0.113,-0.091,-0.392,0.302,0.226,-0.075,0.854,0.673,-0.308,0.399,0.326,0.925,-0.027,0.467,0.797,0.67,0.669,0.675,0.627,-0.005,0.745,0.591,0.492,0.71,0.832,0.882,0.204,0.579,0.699,0.709,0.862,0.749,0.481,0.207,0.52,0.143,-0.493,0.451,0.319,0.606,-0.078,0.75,0.874,0.545,0.767
CACC,-0.54,-0.5,-0.417,-0.359,0.515,0.699,-0.503,0.198,-0.525,-0.79,0.131,-0.114,-0.436,0.496,0.611,0.125,0.692,-0.575,-0.101,-0.612,-0.405,-0.308,-0.719,-0.027,-0.069,-0.037,0.0,0.708,-0.235,-0.122,0.152,0.059,-0.166,-0.625,0.319,-0.433,-0.044,-0.001,0.465,-0.027,-0.592,0.049,-0.095,0.581,0.279,0.106,0.013,0.352,0.211,-0.467,-0.759,-0.208,-0.118,0.644,0.17,-0.174,0.185,0.38,-0.335,0.829,-0.63,0.704,0.015,-0.15,-0.173,0.153,0.126,-0.419,0.76,0.726,-0.57,0.338,0.6,-0.167,0.082,0.069,0.816,-0.361,-0.357,-0.46,-0.378,0.423,0.184,0.415,0.801,0.137,0.722,0.506,-0.075,-0.541,0.006,-0.191,-0.004,0.557,0.301,0.407,0.054,0.587,0.361,-0.041,-0.159,-0.32,-0.353,0.628,0.506,-0.285,-0.164,-0.79,-0.092,-0.681,-0.03,-0.57,-0.649,0.146,-0.609,-0.118,-0.133,-0.065,0.514,-0.04,-0.218,0.656,-0.765,0.253,-0.573,-0.573,-0.21,0.568,-0.159,0.411,0.508,-0.654,0.203,-0.289,-0.397,0.114,-0.13,-0.544,-0.383,-0.473,0.503,0.27,-0.459,-0.644,-0.456,0.001,0.027,-0.541,0.542,0.585,-0.4,0.377,-0.692,0.044,-0.696,-0.579,-0.558,0.618,-0.503,0.371,-0.537,0.178,0.453,-0.712,0.661,0.666,-0.186,0.858,0.453,-0.118,-0.297,0.44,0.31,-0.361,0.269,0.044,-0.512,0.175,-0.382,-0.091,0.126,-0.624,-0.39,-0.438,0.48,-0.238,0.407,-0.683,0.855,-0.178,-0.654,-0.582,0.611,-0.584,-0.451,-0.69,-0.188,-0.111,-0.451,-0.102
CAR,-0.069,-0.604,-0.066,0.072,0.867,0.817,-0.472,0.242,-0.328,-0.502,0.536,-0.276,-0.04,0.764,0.771,0.609,0.832,-0.216,0.4,-0.575,-0.052,-0.478,-0.844,0.392,0.357,0.455,0.708,0.0,0.164,0.269,0.586,0.563,0.122,-0.573,0.667,-0.411,0.142,0.462,0.756,0.034,-0.3,0.637,0.345,0.736,0.763,0.496,0.48,0.771,0.661,-0.759,-0.8,0.042,0.399,0.386,0.55,0.162,0.647,0.801,-0.081,0.788,-0.457,0.727,0.436,0.274,-0.138,0.052,0.499,-0.116,0.585,0.62,-0.256,0.787,0.7,0.117,0.458,0.512,0.767,-0.177,0.012,-0.34,-0.422,0.744,0.656,0.677,0.767,0.617,0.533,0.814,0.282,-0.79,0.145,0.308,0.467,0.507,0.458,0.246,0.501,0.7,0.744,-0.186,-0.025,-0.202,-0.539,0.826,0.668,-0.093,0.344,-0.851,0.41,-0.73,0.031,-0.2,-0.893,0.438,-0.585,0.425,0.284,0.167,0.855,0.298,0.18,0.865,-0.749,0.691,-0.783,-0.509,0.198,0.875,0.369,0.748,0.365,-0.664,0.613,0.105,-0.042,0.48,0.221,-0.258,-0.693,-0.724,0.616,0.725,-0.229,-0.465,-0.642,0.363,0.508,-0.472,0.756,0.81,0.024,0.565,-0.776,0.499,-0.534,-0.588,-0.42,0.467,-0.402,0.29,-0.648,0.674,0.78,-0.762,0.825,0.776,0.296,0.746,0.757,0.416,0.042,0.826,0.639,-0.018,0.408,0.302,-0.138,0.568,-0.032,0.34,0.641,-0.57,-0.207,-0.119,0.804,0.237,0.821,-0.396,0.89,0.3,-0.67,-0.772,0.738,-0.412,-0.225,-0.593,0.219,0.257,-0.195,0.298
CDNA,0.324,0.174,0.845,0.91,0.511,0.141,0.539,-0.003,-0.05,0.49,0.452,0.038,0.772,0.087,0.293,0.796,0.179,0.698,0.575,-0.118,0.872,-0.427,0.009,0.444,0.801,0.846,-0.235,0.164,0.0,0.944,0.774,0.775,0.105,0.364,0.36,0.32,0.612,0.578,0.342,-0.38,-0.062,0.297,0.556,0.232,0.55,0.653,0.675,0.4,0.705,-0.468,0.014,0.571,0.882,-0.61,0.81,0.757,0.495,0.558,0.734,-0.197,0.344,-0.168,0.668,0.776,0.188,-0.3,0.831,0.818,-0.369,-0.535,0.786,0.359,0.154,0.832,0.656,0.714,-0.266,0.675,0.825,-0.034,0.045,0.396,0.593,0.671,-0.212,0.617,-0.225,0.491,0.503,-0.155,0.472,0.83,0.422,-0.359,0.511,-0.732,0.874,0.091,0.535,-0.538,-0.187,0.466,-0.198,0.316,0.103,0.817,0.869,-0.063,0.886,0.124,0.394,0.811,-0.289,-0.177,0.36,0.908,0.769,-0.324,0.468,0.788,0.878,0.363,0.216,0.581,-0.16,0.521,0.209,0.225,0.536,0.654,-0.087,0.163,0.751,0.943,0.664,0.572,0.9,0.49,-0.4,-0.198,0.074,0.68,0.748,0.37,-0.143,0.895,0.842,0.311,0.088,0.236,0.914,0.531,-0.223,0.523,0.378,-0.173,-0.038,-0.641,0.334,0.083,0.072,0.755,0.511,-0.128,0.096,-0.021,0.857,-0.23,0.328,0.587,0.66,0.49,0.496,0.571,-0.122,0.592,0.533,0.371,0.747,0.837,0.752,0.462,0.639,0.765,0.512,0.851,0.58,0.613,-0.044,0.357,0.361,-0.389,0.076,0.398,0.748,0.169,0.847,0.779,0.612,0.871
CG,0.194,0.059,0.777,0.863,0.574,0.203,0.419,0.006,-0.123,0.372,0.478,0.045,0.702,0.194,0.37,0.848,0.298,0.65,0.583,-0.225,0.805,-0.498,-0.11,0.427,0.78,0.831,-0.122,0.269,0.944,0.0,0.76,0.787,0.048,0.285,0.359,0.258,0.63,0.521,0.425,-0.385,-0.191,0.318,0.577,0.369,0.598,0.718,0.633,0.416,0.722,-0.564,-0.078,0.522,0.885,-0.535,0.892,0.705,0.524,0.609,0.683,-0.095,0.25,-0.151,0.736,0.758,0.161,-0.201,0.902,0.739,-0.245,-0.45,0.693,0.389,0.282,0.819,0.666,0.692,-0.189,0.628,0.762,-0.191,0.01,0.531,0.591,0.735,-0.105,0.618,-0.123,0.573,0.463,-0.252,0.485,0.768,0.424,-0.352,0.541,-0.743,0.883,0.155,0.59,-0.657,-0.226,0.458,-0.245,0.432,0.183,0.824,0.843,-0.182,0.861,0.002,0.405,0.729,-0.404,-0.217,0.26,0.887,0.833,-0.358,0.572,0.73,0.911,0.414,0.114,0.63,-0.215,0.425,0.181,0.314,0.468,0.713,0.032,0.042,0.81,0.891,0.624,0.56,0.846,0.44,-0.468,-0.33,0.153,0.771,0.692,0.28,-0.213,0.859,0.824,0.297,0.207,0.35,0.852,0.619,-0.367,0.569,0.278,-0.234,-0.205,-0.62,0.299,0.161,0.001,0.826,0.591,-0.246,0.149,0.071,0.807,-0.137,0.385,0.616,0.608,0.582,0.611,0.519,-0.094,0.587,0.468,0.393,0.746,0.806,0.773,0.414,0.635,0.744,0.615,0.817,0.627,0.524,0.053,0.313,0.263,-0.449,0.133,0.315,0.706,0.071,0.821,0.705,0.554,0.906
CGBD,0.239,-0.167,0.594,0.715,0.802,0.511,0.167,-0.033,-0.218,0.168,0.598,-0.162,0.662,0.419,0.623,0.859,0.465,0.439,0.684,-0.265,0.706,-0.542,-0.387,0.456,0.878,0.843,0.152,0.586,0.774,0.76,0.0,0.822,0.109,0.069,0.699,0.07,0.628,0.844,0.555,-0.386,-0.163,0.568,0.611,0.448,0.812,0.633,0.686,0.594,0.796,-0.682,-0.337,0.578,0.87,-0.283,0.817,0.735,0.766,0.812,0.593,0.225,0.193,0.383,0.553,0.824,0.208,-0.344,0.792,0.608,-0.024,-0.075,0.419,0.597,0.393,0.566,0.737,0.796,0.235,0.471,0.636,0.014,-0.123,0.646,0.861,0.808,0.203,0.729,0.024,0.773,0.589,-0.473,0.597,0.799,0.553,0.039,0.535,-0.409,0.914,0.446,0.789,-0.337,0.049,0.381,-0.37,0.659,0.441,0.532,0.871,-0.447,0.903,-0.203,0.368,0.551,-0.588,0.095,0.042,0.896,0.742,-0.168,0.725,0.803,0.705,0.727,-0.194,0.754,-0.48,0.196,0.378,0.6,0.748,0.869,0.035,-0.15,0.854,0.774,0.592,0.712,0.808,0.243,-0.697,-0.467,0.366,0.832,0.449,0.096,-0.333,0.877,0.865,0.089,0.403,0.54,0.704,0.73,-0.509,0.507,0.039,-0.353,-0.054,-0.184,0.042,0.16,-0.204,0.879,0.718,-0.502,0.498,0.397,0.855,0.165,0.643,0.567,0.687,0.77,0.67,0.539,0.046,0.613,0.344,0.521,0.607,0.885,0.862,0.118,0.356,0.53,0.765,0.822,0.863,0.311,0.376,0.304,-0.036,-0.721,0.387,0.22,0.489,-0.122,0.698,0.772,0.464,0.728
