,ACET,ADAP,ADI,ADPT,ADTN,AGEN,ALGN,ALLK,AMD,AMWD,ARDX,ARQT,ASTE,AUPH,AVXL,AZTA,BAND,BECN,BFC,BGC,BHF,BHFAL,BKNG,BL,BOKF,BRKR,CACC,CAR,CDNA,CG,CGBD,CHI,CHTR,CHX,CLNE,CME,CNOB,CNXN,CPRX,CSGP,CSGS,CSIQ,CVCO,CVLT,CYRX,DDOG,DOOO,DSGX,DTIL,ECPG,EEFT,EFSC,ENTG,ESPR,ETSY,EXC,FAMI,FFIV,FITB,FIZZ,FMBH,FOX,FTNT,FULT,GABC,GEN,GH,GMAB,GNPX,GO,GOGL,GOOG,GPRO,GSHD,GSM,GWAV,HAIN,HBAN,HEPA,HURN,HWKN,IBIO,ICFI,IGMS,IMKTA,INCY,INO,IRDM,IRTC,IRWD,ITCI,JACK,JD,JJSF,KALA,KHC,KLAC,KRRO,KRYS,LANC,LBTYA,LIVN,LKCO,LNTH,LOGI,LPRO,LRCX,LSCC,LSTR,MAR,MARA,MCHP,MEOH,META,MGTX,MKSI,MMYT,MORN,MRUS,MTLS,MTSI,MVIS,MXL,NBIX,NFE,NMIH,NMRK,NNDM,NSIT,NTCT,NVAX,OCUL,ODP,OLED,ONB,OTEX,PACB,PATK,PAYX,PEP,PERI,PI,PLYA,PRDO,PRGS,PTGX,QCOM,QCRH,QDEL,QFIN,RGEN,RILY,RPAY,RPD,SABR,SEDG,SHEN,SIRI,SLNO,SNDL,SNEX,SONO,SPT,SSNC,STGW,STKL,STRL,STX,SWTX,SYNA,TFSL,TIGR,TNXP,TOWN,TRI,TRIP,TRMB,TRNS,TRS,TSCO,TSEM,TVTX,TXRH,VC,VCEL,VECO,VIAV,VICR,VIR,VRTX,VSTM,VTRS,WDFC,WSBC,WSC,WYNN,XENE,XNCR,XRAY,ZS
ACET,0.0,-0.561,0.085,-0.315,-0.211,-0.36,-0.098,-0.681,-0.577,-0.259,0.657,-0.489,-0.249,-0.381,-0.417,-0.745,-0.155,-0.154,-0.082,0.2,-0.363,0.646,-0.192,-0.552,-0.132,-0.318,-0.001,-0.598,-0.041,-0.616,0.606,-0.584,-0.602,-0.071,-0.558,0.622,-0.538,-0.39,-0.538,-0.447,0.864,-0.828,0.803,0.141,-0.322,-0.429,-0.381,-0.703,-0.465,-0.748,0.273,0.307,-0.173,-0.748,-0.734,-0.251,-0.508,-0.17,0.002,-0.627,-0.408,-0.498,-0.606,-0.337,-0.517,-0.461,-0.582,-0.321,-0.499,-0.133,0.623,-0.094,-0.275,0.082,0.093,0.298,-0.713,-0.471,-0.358,-0.371,0.095,-0.095,0.005,-0.363,0.466,0.185,-0.731,0.099,-0.295,-0.337,-0.669,-0.561,-0.765,-0.36,-0.639,-0.533,-0.067,-0.581,0.493,-0.495,-0.459,-0.445,-0.62,-0.398,0.102,-0.501,0.74,-0.367,-0.2,0.265,-0.525,0.784,-0.504,-0.437,0.177,-0.033,-0.396,0.255,-0.304,-0.314,0.199,-0.51,0.382,-0.578,-0.37,-0.198,-0.608,-0.516,-0.261,-0.066,-0.371,-0.2,-0.282,-0.067,-0.343,-0.502,-0.533,-0.474,-0.299,0.741,-0.511,0.24,-0.127,0.63,-0.638,-0.395,0.256,-0.508,-0.111,-0.549,-0.519,-0.322,-0.285,-0.719,0.258,-0.598,-0.462,-0.233,-0.643,-0.519,-0.462,-0.593,-0.569,-0.276,0.076,-0.211,-0.407,0.413,-0.12,0.531,-0.586,-0.4,-0.669,-0.424,0.021,-0.372,-0.026,-0.414,-0.408,0.582,0.739,-0.484,-0.097,-0.41,-0.29,-0.2,0.695,-0.874,0.444,0.793,-0.665,-0.495,0.378,-0.333,0.6,-0.3,-0.524,-0.611,-0.05,-0.799
ADAP,-0.561,0.0,0.193,0.831,0.401,0.906,0.652,0.874,0.218,0.682,-0.54,0.904,0.74,0.733,0.88,0.654,0.756,0.649,0.423,0.478,0.712,-0.251,0.754,0.908,0.624,0.396,0.573,0.232,0.652,0.829,0.077,0.84,0.611,0.704,0.946,-0.332,0.594,0.705,0.488,0.738,-0.52,0.78,-0.759,0.574,0.829,0.837,0.847,0.738,0.931,0.399,0.438,0.254,0.092,0.721,0.5,0.624,0.885,0.284,0.323,0.834,0.733,0.839,0.807,0.529,0.617,0.733,0.715,0.838,0.895,-0.263,-0.389,0.544,0.444,0.543,0.554,-0.068,0.842,0.703,0.803,0.749,0.543,0.359,0.362,0.793,-0.416,-0.122,0.774,0.567,0.428,0.796,0.782,0.855,0.452,0.783,0.836,0.844,0.377,0.856,-0.534,0.721,0.616,0.798,0.888,0.852,0.126,0.803,-0.71,0.711,0.677,0.324,0.858,-0.46,0.859,0.662,0.4,0.525,0.719,-0.064,0.735,0.85,0.01,0.882,-0.026,0.899,0.772,0.667,0.395,0.928,0.714,0.737,0.142,0.818,0.527,0.676,0.354,0.764,0.873,-0.064,0.547,-0.401,0.886,0.173,0.705,-0.16,0.725,0.798,-0.49,0.567,-0.269,0.745,0.186,-0.022,0.779,0.902,0.408,0.812,0.835,0.593,0.877,0.783,0.733,0.852,0.877,0.641,0.559,0.676,0.708,-0.06,0.438,-0.821,0.869,0.832,0.856,0.588,-0.039,0.821,0.323,0.623,0.804,-0.649,-0.371,0.836,0.684,0.644,0.721,0.672,-0.277,0.791,-0.657,-0.728,0.738,0.895,0.18,0.586,-0.207,0.681,0.91,0.884,0.607,0.669
ADI,0.085,0.193,0.0,0.297,0.626,0.294,0.667,0.158,0.032,0.514,-0.021,0.327,0.562,0.532,0.385,0.422,0.132,0.479,0.431,0.383,0.472,0.203,0.477,0.408,0.426,0.346,0.297,-0.129,0.282,0.531,0.419,0.494,0.12,0.441,0.294,0.315,0.254,0.414,0.279,0.522,0.085,0.213,-0.199,0.158,0.525,0.511,0.568,0.526,0.258,-0.026,0.345,0.281,0.604,-0.123,0.146,0.157,0.292,0.692,0.467,0.419,0.32,0.399,0.369,0.263,0.195,0.095,-0.095,0.469,0.303,-0.151,-0.457,0.826,0.748,0.163,0.166,-0.589,0.006,0.435,0.387,0.342,0.495,-0.181,0.549,0.431,0.02,-0.39,0.192,0.523,0.215,0.5,-0.107,0.491,0.086,0.281,0.177,0.195,0.826,0.333,-0.188,0.301,0.357,0.223,0.289,0.446,0.124,0.502,-0.038,0.757,0.412,0.515,0.071,0.321,0.343,0.497,0.604,0.744,0.631,0.768,0.562,0.433,0.867,0.415,0.807,0.246,0.564,0.403,0.253,0.153,0.424,0.493,-0.087,0.223,0.651,0.529,0.134,0.613,0.475,-0.217,0.525,0.28,0.266,0.825,0.444,0.577,0.535,0.537,0.374,0.354,0.291,0.548,-0.062,0.318,0.522,0.341,0.491,0.516,0.405,0.257,0.371,0.414,0.275,0.245,0.467,0.429,0.456,0.574,0.532,0.177,0.372,-0.047,0.265,0.44,0.21,0.394,0.528,0.489,0.847,0.715,0.383,0.392,0.434,0.242,0.616,0.523,0.642,0.341,0.526,0.238,-0.372,-0.122,0.446,0.279,0.08,0.387,0.454,0.556,0.31,0.202,0.563,0.272
ADPT,-0.315,0.831,0.297,0.0,0.38,0.882,0.789,0.782,-0.105,0.805,-0.266,0.938,0.8,0.857,0.889,0.444,0.923,0.856,0.469,0.693,0.77,0.058,0.827,0.897,0.671,0.459,0.808,-0.14,0.872,0.786,0.375,0.81,0.579,0.885,0.884,-0.053,0.548,0.667,0.387,0.826,-0.31,0.514,-0.623,0.655,0.919,0.789,0.858,0.657,0.855,0.217,0.671,0.414,0.082,0.498,0.233,0.605,0.901,0.329,0.469,0.821,0.727,0.861,0.63,0.433,0.457,0.521,0.593,0.907,0.959,-0.444,-0.367,0.644,0.606,0.674,0.686,-0.05,0.656,0.684,0.94,0.798,0.717,0.356,0.474,0.922,-0.302,-0.161,0.592,0.832,0.577,0.899,0.488,0.849,0.123,0.851,0.843,0.841,0.421,0.86,-0.489,0.746,0.684,0.706,0.873,0.88,0.067,0.886,-0.658,0.732,0.832,0.426,0.738,-0.235,0.819,0.558,0.669,0.735,0.793,0.095,0.879,0.844,0.169,0.939,0.184,0.816,0.857,0.752,0.167,0.932,0.778,0.882,-0.181,0.846,0.525,0.918,0.159,0.744,0.893,-0.112,0.532,-0.202,0.902,0.35,0.823,0.157,0.695,0.854,-0.522,0.46,-0.185,0.704,-0.155,-0.094,0.919,0.759,0.707,0.712,0.82,0.86,0.857,0.856,0.742,0.903,0.84,0.499,0.86,0.789,0.682,0.2,0.489,-0.85,0.803,0.889,0.806,0.467,-0.198,0.887,0.419,0.614,0.853,-0.527,-0.057,0.691,0.783,0.73,0.674,0.554,-0.03,0.634,-0.573,-0.438,0.748,0.904,0.28,0.614,-0.106,0.765,0.941,0.784,0.822,0.418
ADTN,-0.211,0.401,0.626,0.38,0.0,0.336,0.68,0.372,0.276,0.506,-0.557,0.437,0.675,0.438,0.458,0.63,0.153,0.516,0.426,0.353,0.719,-0.291,0.512,0.534,0.522,0.268,0.31,0.393,0.156,0.641,0.219,0.669,0.249,0.388,0.492,0.312,0.431,0.636,0.61,0.596,-0.348,0.512,-0.382,0.148,0.562,0.64,0.588,0.69,0.45,0.087,0.378,0.103,0.427,0.17,0.595,0.563,0.474,0.803,0.546,0.613,0.497,0.642,0.608,0.56,0.531,0.481,0.25,0.469,0.423,0.275,-0.627,0.78,0.794,0.352,0.31,-0.48,0.405,0.763,0.341,0.516,0.507,-0.328,0.746,0.549,0.093,-0.277,0.486,0.335,0.006,0.558,0.35,0.597,0.478,0.558,0.317,0.46,0.6,0.572,-0.494,0.677,0.66,0.374,0.474,0.596,0.33,0.607,-0.269,0.74,0.58,0.483,0.135,-0.158,0.585,0.854,0.481,0.697,0.694,0.47,0.512,0.52,0.692,0.489,0.447,0.596,0.618,0.615,0.728,0.37,0.558,0.535,0.302,0.314,0.827,0.43,0.632,0.75,0.533,-0.208,0.86,0.11,0.403,0.628,0.543,0.404,0.642,0.677,0.34,0.618,0.048,0.762,0.113,0.459,0.548,0.541,0.213,0.729,0.608,0.293,0.484,0.578,0.545,0.395,0.542,0.795,0.266,0.702,0.77,-0.204,0.267,-0.276,0.516,0.639,0.514,0.672,0.532,0.607,0.631,0.742,0.65,0.123,-0.058,0.594,0.655,0.728,0.728,0.549,0.399,0.478,-0.725,-0.54,0.646,0.46,0.313,0.508,0.421,0.742,0.444,0.263,0.502,0.452
AGEN,-0.36,0.906,0.294,0.882,0.336,0.0,0.782,0.759,-0.089,0.796,-0.331,0.927,0.834,0.821,0.861,0.461,0.804,0.783,0.523,0.664,0.74,0.029,0.879,0.891,0.748,0.328,0.734,-0.027,0.736,0.787,0.289,0.827,0.578,0.861,0.928,-0.196,0.614,0.739,0.402,0.743,-0.254,0.608,-0.648,0.69,0.868,0.772,0.875,0.648,0.922,0.272,0.643,0.506,0.035,0.539,0.247,0.597,0.885,0.227,0.451,0.819,0.792,0.848,0.648,0.571,0.63,0.524,0.5,0.906,0.903,-0.489,-0.354,0.622,0.459,0.601,0.65,-0.037,0.731,0.701,0.842,0.837,0.75,0.293,0.489,0.84,-0.304,-0.293,0.574,0.746,0.377,0.88,0.61,0.862,0.23,0.835,0.729,0.816,0.377,0.858,-0.558,0.735,0.628,0.854,0.833,0.902,0.082,0.807,-0.69,0.739,0.742,0.501,0.843,-0.305,0.845,0.541,0.544,0.641,0.794,0.089,0.8,0.79,0.095,0.884,0.101,0.81,0.806,0.758,0.243,0.871,0.795,0.862,-0.091,0.855,0.539,0.825,0.258,0.764,0.835,-0.126,0.535,-0.185,0.863,0.252,0.841,0.09,0.705,0.824,-0.555,0.593,-0.375,0.668,-0.079,-0.162,0.876,0.792,0.657,0.724,0.875,0.655,0.853,0.781,0.781,0.805,0.833,0.57,0.756,0.754,0.748,0.102,0.413,-0.858,0.875,0.828,0.762,0.612,-0.134,0.868,0.324,0.657,0.823,-0.603,-0.143,0.767,0.811,0.697,0.768,0.634,-0.071,0.656,-0.67,-0.551,0.674,0.935,0.272,0.689,-0.092,0.733,0.897,0.885,0.782,0.462
ALGN,-0.098,0.652,0.667,0.789,0.68,0.782,0.0,0.522,-0.16,0.861,-0.274,0.785,0.935,0.823,0.745,0.441,0.623,0.86,0.568,0.747,0.843,0.129,0.894,0.797,0.799,0.378,0.754,-0.096,0.639,0.77,0.529,0.83,0.449,0.858,0.761,0.238,0.541,0.777,0.413,0.816,-0.098,0.43,-0.476,0.584,0.888,0.789,0.867,0.685,0.74,0.021,0.782,0.52,0.284,0.162,0.235,0.601,0.759,0.581,0.654,0.788,0.732,0.84,0.589,0.599,0.57,0.404,0.249,0.863,0.765,-0.367,-0.514,0.916,0.769,0.602,0.617,-0.312,0.527,0.794,0.741,0.81,0.887,-0.042,0.823,0.861,-0.026,-0.382,0.437,0.821,0.206,0.874,0.324,0.836,0.131,0.812,0.516,0.688,0.591,0.799,-0.565,0.78,0.725,0.709,0.681,0.881,0.233,0.824,-0.5,0.895,0.8,0.728,0.471,-0.077,0.778,0.707,0.8,0.9,0.918,0.5,0.851,0.723,0.579,0.788,0.495,0.72,0.871,0.847,0.346,0.658,0.84,0.915,-0.12,0.681,0.782,0.89,0.334,0.872,0.779,-0.324,0.796,0.189,0.682,0.66,0.898,0.575,0.742,0.875,-0.126,0.634,-0.167,0.752,-0.223,0.029,0.914,0.652,0.753,0.755,0.844,0.623,0.717,0.748,0.765,0.637,0.765,0.744,0.789,0.923,0.862,0.069,0.43,-0.64,0.738,0.83,0.628,0.687,0.203,0.873,0.649,0.815,0.842,-0.118,0.169,0.671,0.946,0.848,0.902,0.574,0.432,0.486,-0.758,-0.423,0.673,0.794,0.447,0.714,0.337,0.893,0.771,0.592,0.925,0.323
ALLK,-0.681,0.874,0.158,0.782,0.372,0.759,0.522,0.0,0.356,0.549,-0.58,0.827,0.603,0.688,0.803,0.758,0.655,0.543,0.314,0.274,0.598,-0.408,0.575,0.831,0.433,0.516,0.419,0.231,0.563,0.798,-0.124,0.808,0.517,0.539,0.857,-0.352,0.506,0.58,0.526,0.647,-0.667,0.824,-0.804,0.361,0.723,0.787,0.746,0.783,0.842,0.559,0.238,0.04,0.227,0.802,0.62,0.485,0.831,0.343,0.202,0.797,0.618,0.745,0.799,0.364,0.513,0.608,0.808,0.762,0.867,-0.139,-0.516,0.465,0.515,0.427,0.44,-0.13,0.759,0.636,0.772,0.627,0.381,0.358,0.228,0.725,-0.512,-0.11,0.852,0.401,0.567,0.716,0.78,0.799,0.597,0.678,0.858,0.728,0.45,0.829,-0.512,0.671,0.562,0.685,0.915,0.752,0.145,0.787,-0.658,0.655,0.557,0.056,0.779,-0.511,0.746,0.622,0.388,0.493,0.666,-0.071,0.711,0.77,0.05,0.849,0.032,0.866,0.717,0.536,0.406,0.875,0.546,0.564,0.295,0.709,0.449,0.565,0.273,0.706,0.86,0.04,0.467,-0.621,0.823,0.158,0.52,-0.288,0.704,0.713,-0.402,0.484,-0.082,0.781,0.331,0.149,0.691,0.885,0.238,0.794,0.698,0.534,0.873,0.776,0.651,0.893,0.818,0.499,0.448,0.573,0.605,-0.106,0.546,-0.723,0.782,0.75,0.848,0.464,-0.028,0.712,0.341,0.577,0.685,-0.594,-0.49,0.784,0.518,0.61,0.603,0.56,-0.439,0.857,-0.532,-0.705,0.803,0.784,-0.015,0.467,-0.365,0.581,0.872,0.829,0.466,0.752
AMD,-0.577,0.218,0.032,-0.105,0.276,-0.089,-0.16,0.356,0.0,-0.242,-0.623,-0.029,-0.13,-0.043,0.171,0.686,-0.137,-0.331,-0.248,-0.518,-0.069,-0.794,-0.278,0.102,-0.29,0.465,-0.485,0.675,-0.244,0.261,-0.584,0.166,0.055,-0.384,0.092,-0.34,-0.085,-0.067,0.401,0.055,-0.694,0.6,-0.379,-0.265,-0.044,0.361,0.021,0.438,0.082,0.456,-0.576,-0.673,0.536,0.438,0.811,-0.016,0.03,0.411,-0.356,0.148,-0.172,0.021,0.607,-0.133,0.008,0.503,0.588,0.016,0.015,0.511,-0.259,0.03,0.186,-0.187,-0.336,-0.296,0.266,0.064,-0.081,-0.174,-0.429,0.094,-0.215,-0.056,-0.398,0.364,0.638,-0.407,0.183,-0.149,0.524,0.102,0.739,-0.14,0.25,-0.019,0.305,0.075,0.042,0.026,-0.012,0.025,0.213,-0.056,0.302,0.088,-0.088,0.183,-0.188,-0.463,0.095,-0.387,0.059,0.415,-0.183,-0.126,-0.03,0.023,-0.015,0.211,0.098,0.055,0.003,0.297,0.064,-0.237,0.473,0.116,-0.18,-0.273,0.744,-0.071,0.138,-0.319,0.156,0.202,0.223,0.03,0.223,-0.594,0.024,0.028,-0.309,-0.535,0.189,0.072,0.418,0.032,0.428,0.346,0.916,0.589,-0.169,0.433,-0.61,0.386,-0.022,-0.207,0.188,0.121,-0.049,0.165,0.275,0.299,-0.438,-0.143,0.063,-0.454,0.255,0.141,0.019,0.036,0.243,0.014,0.536,-0.072,0.238,0.131,-0.008,0.047,-0.594,0.285,-0.227,-0.031,0.107,0.116,-0.484,0.48,-0.055,-0.547,0.3,-0.067,-0.311,-0.254,-0.182,-0.089,0.062,0.102,-0.41,0.745
AMWD,-0.259,0.682,0.514,0.805,0.506,0.796,0.861,0.549,-0.242,0.0,-0.21,0.865,0.884,0.839,0.726,0.418,0.644,0.922,0.702,0.75,0.887,0.19,0.895,0.858,0.839,0.261,0.823,-0.066,0.7,0.811,0.417,0.85,0.71,0.859,0.798,0.041,0.787,0.858,0.486,0.868,-0.206,0.471,-0.573,0.499,0.896,0.663,0.889,0.693,0.704,0.153,0.702,0.56,0.101,0.265,0.178,0.667,0.798,0.38,0.691,0.857,0.879,0.885,0.469,0.707,0.666,0.403,0.217,0.781,0.82,-0.391,-0.534,0.742,0.675,0.455,0.534,-0.291,0.601,0.816,0.812,0.893,0.784,-0.007,0.688,0.885,-0.061,-0.512,0.418,0.815,0.31,0.928,0.273,0.887,0.103,0.851,0.648,0.829,0.403,0.813,-0.674,0.806,0.826,0.68,0.704,0.897,-0.03,0.867,-0.709,0.809,0.815,0.629,0.584,-0.233,0.842,0.585,0.535,0.801,0.906,0.286,0.841,0.664,0.336,0.848,0.194,0.667,0.827,0.849,0.345,0.726,0.897,0.842,-0.318,0.604,0.707,0.872,0.383,0.841,0.784,0.079,0.666,0.084,0.807,0.397,0.858,0.367,0.835,0.873,-0.416,0.737,-0.139,0.698,-0.335,-0.015,0.921,0.669,0.753,0.714,0.901,0.756,0.783,0.814,0.836,0.691,0.768,0.555,0.77,0.855,0.825,0.165,0.201,-0.795,0.846,0.852,0.677,0.742,-0.074,0.908,0.446,0.777,0.874,-0.345,0.127,0.627,0.878,0.878,0.788,0.493,0.218,0.592,-0.771,-0.458,0.737,0.865,0.296,0.847,0.05,0.88,0.805,0.719,0.919,0.31
ARDX,0.657,-0.54,-0.021,-0.266,-0.557,-0.331,-0.274,-0.58,-0.623,-0.21,0.0,-0.371,-0.404,-0.23,-0.449,-0.748,-0.127,-0.158,-0.014,0.087,-0.431,0.797,-0.23,-0.485,-0.189,-0.311,0.009,-0.715,0.026,-0.529,0.405,-0.575,-0.341,-0.058,-0.515,0.338,-0.339,-0.466,-0.578,-0.341,0.792,-0.791,0.649,-0.01,-0.356,-0.549,-0.404,-0.658,-0.444,-0.353,0.032,0.311,-0.22,-0.563,-0.854,-0.484,-0.46,-0.377,-0.003,-0.571,-0.347,-0.512,-0.695,-0.387,-0.521,-0.681,-0.6,-0.333,-0.405,-0.367,0.535,-0.286,-0.369,-0.19,-0.077,0.237,-0.67,-0.553,-0.181,-0.321,-0.086,0.052,-0.294,-0.334,0.351,0.031,-0.726,0.111,0.029,-0.286,-0.743,-0.49,-0.803,-0.412,-0.397,-0.48,-0.202,-0.55,0.439,-0.582,-0.491,-0.441,-0.543,-0.417,-0.335,-0.455,0.477,-0.44,-0.283,0.051,-0.348,0.718,-0.528,-0.727,-0.01,-0.191,-0.413,0.14,-0.261,-0.391,-0.057,-0.388,0.151,-0.683,-0.371,-0.318,-0.692,-0.461,-0.28,-0.18,-0.642,-0.189,-0.468,-0.07,-0.58,-0.565,-0.484,0.034,-0.608,0.425,-0.389,-0.042,-0.205,0.292,-0.5,-0.406,-0.055,-0.469,-0.01,-0.663,-0.567,-0.265,-0.295,-0.669,0.284,-0.681,-0.478,-0.061,-0.519,-0.462,-0.507,-0.429,-0.503,-0.653,0.123,-0.327,-0.554,0.499,-0.056,0.381,-0.519,-0.49,-0.627,-0.518,-0.292,-0.397,-0.101,-0.419,-0.497,0.283,0.69,-0.657,-0.253,-0.438,-0.504,-0.335,0.285,-0.673,0.603,0.861,-0.559,-0.429,-0.143,-0.237,0.139,-0.414,-0.439,-0.346,-0.067,-0.644
ARQT,-0.489,0.904,0.327,0.938,0.437,0.927,0.785,0.827,-0.029,0.865,-0.371,0.0,0.843,0.897,0.885,0.578,0.81,0.85,0.565,0.645,0.839,-0.027,0.878,0.969,0.741,0.378,0.745,0.016,0.778,0.893,0.243,0.911,0.704,0.865,0.963,-0.195,0.723,0.788,0.521,0.863,-0.417,0.668,-0.748,0.562,0.93,0.796,0.923,0.774,0.904,0.35,0.584,0.41,0.07,0.607,0.347,0.636,0.941,0.338,0.517,0.918,0.852,0.932,0.683,0.599,0.647,0.555,0.553,0.91,0.966,-0.392,-0.505,0.655,0.613,0.542,0.598,-0.182,0.773,0.79,0.929,0.87,0.697,0.247,0.499,0.938,-0.331,-0.357,0.651,0.761,0.523,0.95,0.567,0.936,0.298,0.881,0.864,0.903,0.415,0.918,-0.637,0.812,0.752,0.785,0.908,0.939,-0.027,0.93,-0.794,0.797,0.801,0.446,0.824,-0.382,0.911,0.61,0.521,0.698,0.873,0.066,0.87,0.824,0.125,0.976,0.074,0.851,0.883,0.783,0.349,0.932,0.835,0.849,-0.133,0.8,0.629,0.864,0.318,0.844,0.919,0.061,0.586,-0.278,0.95,0.262,0.833,0.048,0.837,0.912,-0.548,0.654,-0.224,0.775,-0.095,-0.04,0.934,0.862,0.639,0.799,0.923,0.796,0.939,0.9,0.821,0.906,0.906,0.548,0.767,0.808,0.793,0.101,0.401,-0.914,0.924,0.918,0.87,0.647,-0.177,0.941,0.387,0.733,0.896,-0.625,-0.164,0.761,0.805,0.81,0.757,0.595,-0.129,0.783,-0.71,-0.607,0.836,0.969,0.153,0.752,-0.181,0.816,0.964,0.898,0.82,0.543
ASTE,-0.249,0.74,0.562,0.8,0.675,0.834,0.935,0.603,-0.13,0.884,-0.404,0.843,0.0,0.787,0.767,0.502,0.61,0.89,0.636,0.754,0.917,0.032,0.932,0.853,0.877,0.249,0.77,0.081,0.601,0.811,0.43,0.89,0.563,0.866,0.853,0.104,0.709,0.881,0.5,0.826,-0.214,0.553,-0.568,0.561,0.894,0.753,0.897,0.725,0.806,0.156,0.758,0.546,0.172,0.309,0.301,0.698,0.828,0.486,0.701,0.863,0.842,0.907,0.59,0.742,0.738,0.494,0.301,0.827,0.818,-0.292,-0.554,0.827,0.718,0.589,0.638,-0.234,0.65,0.883,0.739,0.887,0.868,-0.055,0.81,0.863,-0.06,-0.475,0.499,0.761,0.175,0.915,0.452,0.894,0.244,0.89,0.582,0.801,0.483,0.875,-0.662,0.871,0.819,0.772,0.756,0.935,0.134,0.861,-0.614,0.864,0.843,0.722,0.573,-0.221,0.889,0.723,0.659,0.823,0.932,0.315,0.815,0.724,0.446,0.832,0.328,0.794,0.87,0.913,0.472,0.737,0.882,0.906,-0.069,0.671,0.804,0.844,0.51,0.884,0.798,-0.151,0.786,0.086,0.771,0.521,0.918,0.436,0.799,0.895,-0.256,0.745,-0.284,0.795,-0.212,0.034,0.932,0.711,0.691,0.809,0.928,0.635,0.785,0.794,0.854,0.693,0.775,0.745,0.729,0.921,0.929,0.036,0.328,-0.741,0.861,0.869,0.731,0.807,0.088,0.932,0.498,0.822,0.91,-0.292,0.051,0.746,0.962,0.891,0.897,0.667,0.307,0.598,-0.853,-0.558,0.737,0.877,0.449,0.83,0.199,0.938,0.816,0.676,0.899,0.372
AUPH,-0.381,0.733,0.532,0.857,0.438,0.821,0.823,0.688,-0.043,0.839,-0.23,0.897,0.787,0.0,0.804,0.562,0.725,0.793,0.474,0.563,0.728,0.086,0.81,0.887,0.637,0.539,0.648,-0.175,0.722,0.863,0.274,0.849,0.651,0.8,0.811,-0.125,0.565,0.635,0.451,0.85,-0.31,0.529,-0.694,0.466,0.89,0.795,0.872,0.784,0.745,0.303,0.5,0.327,0.228,0.395,0.278,0.399,0.798,0.491,0.437,0.836,0.695,0.833,0.634,0.411,0.458,0.356,0.398,0.926,0.867,-0.494,-0.562,0.76,0.729,0.368,0.386,-0.425,0.607,0.666,0.881,0.728,0.64,0.173,0.471,0.911,-0.401,-0.38,0.556,0.785,0.569,0.886,0.329,0.894,0.198,0.737,0.749,0.719,0.569,0.806,-0.53,0.682,0.636,0.656,0.781,0.838,-0.027,0.887,-0.719,0.847,0.675,0.429,0.655,-0.265,0.753,0.548,0.596,0.738,0.883,0.348,0.919,0.756,0.322,0.897,0.288,0.719,0.908,0.651,0.205,0.771,0.736,0.788,-0.229,0.67,0.683,0.867,0.093,0.858,0.892,-0.003,0.567,-0.187,0.8,0.421,0.764,0.206,0.832,0.893,-0.33,0.561,-0.003,0.716,-0.077,0.026,0.897,0.789,0.673,0.727,0.815,0.766,0.876,0.841,0.699,0.799,0.907,0.464,0.798,0.775,0.74,0.076,0.443,-0.754,0.756,0.825,0.705,0.515,-0.027,0.867,0.546,0.768,0.768,-0.391,-0.014,0.575,0.77,0.771,0.778,0.379,0.008,0.704,-0.612,-0.458,0.786,0.835,0.006,0.635,-0.03,0.732,0.868,0.749,0.831,0.531
AVXL,-0.417,0.88,0.385,0.889,0.458,0.861,0.745,0.803,0.171,0.726,-0.449,0.885,0.767,0.804,0.0,0.627,0.835,0.736,0.369,0.553,0.738,-0.155,0.76,0.915,0.598,0.554,0.644,0.082,0.748,0.858,0.245,0.841,0.525,0.761,0.897,-0.205,0.496,0.664,0.449,0.807,-0.442,0.692,-0.722,0.626,0.889,0.894,0.869,0.759,0.832,0.297,0.506,0.248,0.246,0.599,0.419,0.591,0.893,0.384,0.335,0.833,0.651,0.839,0.817,0.406,0.44,0.681,0.664,0.884,0.902,-0.298,-0.385,0.687,0.626,0.656,0.588,-0.154,0.683,0.668,0.874,0.701,0.612,0.431,0.407,0.817,-0.395,-0.074,0.755,0.7,0.539,0.817,0.61,0.86,0.339,0.778,0.839,0.801,0.532,0.827,-0.359,0.7,0.654,0.691,0.887,0.849,0.179,0.865,-0.608,0.803,0.764,0.358,0.788,-0.296,0.809,0.715,0.588,0.691,0.777,0.124,0.848,0.902,0.22,0.916,0.21,0.835,0.823,0.639,0.3,0.917,0.709,0.81,0.033,0.804,0.552,0.814,0.226,0.792,0.918,-0.155,0.593,-0.286,0.887,0.398,0.741,0.032,0.723,0.839,-0.374,0.437,-0.049,0.789,0.121,0.041,0.841,0.873,0.541,0.831,0.799,0.712,0.894,0.857,0.705,0.886,0.906,0.613,0.717,0.752,0.711,0.132,0.503,-0.765,0.784,0.887,0.835,0.481,0.024,0.864,0.503,0.698,0.828,-0.449,-0.198,0.731,0.737,0.665,0.743,0.62,-0.124,0.721,-0.581,-0.596,0.774,0.858,0.255,0.509,-0.102,0.729,0.9,0.784,0.678,0.618
AZTA,-0.745,0.654,0.422,0.444,0.63,0.461,0.441,0.758,0.686,0.418,-0.748,0.578,0.502,0.562,0.627,0.0,0.263,0.326,0.222,-0.014,0.536,-0.591,0.375,0.692,0.286,0.551,0.068,0.518,0.208,0.799,-0.309,0.758,0.469,0.244,0.654,-0.347,0.448,0.531,0.658,0.609,-0.767,0.893,-0.798,0.012,0.577,0.757,0.632,0.908,0.593,0.558,-0.07,-0.228,0.495,0.664,0.866,0.349,0.574,0.645,0.151,0.729,0.48,0.628,0.847,0.347,0.49,0.607,0.632,0.563,0.587,0.183,-0.734,0.535,0.671,0.091,0.04,-0.537,0.619,0.63,0.496,0.425,0.159,0.028,0.276,0.548,-0.502,-0.188,0.846,0.144,0.416,0.531,0.653,0.708,0.807,0.444,0.656,0.535,0.625,0.665,-0.464,0.575,0.529,0.488,0.72,0.569,0.162,0.699,-0.547,0.733,0.383,-0.011,0.485,-0.534,0.606,0.763,0.207,0.438,0.64,0.177,0.551,0.626,0.322,0.647,0.168,0.739,0.639,0.366,0.663,0.58,0.395,0.322,0.467,0.343,0.634,0.307,0.411,0.774,0.753,0.105,0.609,-0.546,0.567,0.316,0.314,-0.251,0.78,0.648,0.116,0.56,0.242,0.853,0.6,0.481,0.503,0.86,-0.054,0.838,0.592,0.288,0.745,0.656,0.501,0.656,0.766,0.58,0.121,0.473,0.643,-0.354,0.405,-0.418,0.609,0.631,0.708,0.531,0.393,0.575,0.539,0.691,0.561,-0.236,-0.493,0.643,0.403,0.588,0.638,0.441,-0.325,0.876,-0.58,-0.803,0.815,0.547,-0.18,0.366,-0.175,0.532,0.636,0.581,0.269,0.899
BAND,-0.155,0.756,0.132,0.923,0.153,0.804,0.623,0.655,-0.137,0.644,-0.127,0.81,0.61,0.725,0.835,0.263,0.0,0.701,0.32,0.645,0.571,0.133,0.678,0.758,0.511,0.455,0.737,-0.258,0.922,0.596,0.401,0.592,0.445,0.789,0.748,-0.092,0.321,0.467,0.172,0.673,-0.198,0.339,-0.469,0.729,0.808,0.698,0.711,0.437,0.728,0.07,0.622,0.368,-0.036,0.44,0.086,0.496,0.767,0.162,0.268,0.61,0.538,0.678,0.532,0.208,0.215,0.516,0.608,0.807,0.834,-0.465,-0.077,0.47,0.388,0.696,0.655,0.15,0.529,0.435,0.865,0.605,0.588,0.543,0.247,0.779,-0.325,0.106,0.496,0.788,0.589,0.732,0.417,0.653,-0.046,0.702,0.768,0.716,0.31,0.665,-0.235,0.533,0.477,0.559,0.731,0.709,0.107,0.706,-0.5,0.544,0.718,0.313,0.707,-0.126,0.647,0.396,0.581,0.573,0.567,-0.008,0.761,0.813,0.013,0.797,0.109,0.674,0.697,0.561,-0.09,0.875,0.622,0.79,-0.237,0.842,0.293,0.836,-0.046,0.528,0.761,-0.212,0.329,-0.18,0.799,0.273,0.691,0.096,0.462,0.689,-0.571,0.195,-0.186,0.491,-0.136,-0.229,0.77,0.625,0.669,0.512,0.63,0.791,0.703,0.698,0.56,0.794,0.72,0.355,0.826,0.616,0.452,0.296,0.461,-0.738,0.615,0.758,0.67,0.21,-0.273,0.735,0.291,0.368,0.686,-0.498,-0.005,0.559,0.626,0.487,0.495,0.47,-0.072,0.441,-0.344,-0.259,0.53,0.763,0.336,0.376,-0.108,0.545,0.819,0.654,0.669,0.292
BECN,-0.154,0.649,0.479,0.856,0.516,0.783,0.86,0.543,-0.331,0.922,-0.158,0.85,0.89,0.793,0.736,0.326,0.701,0.0,0.653,0.825,0.895,0.236,0.917,0.816,0.856,0.196,0.882,-0.121,0.73,0.75,0.536,0.801,0.589,0.923,0.792,0.157,0.732,0.823,0.423,0.825,-0.111,0.391,-0.483,0.561,0.881,0.625,0.841,0.612,0.722,0.099,0.791,0.638,0.046,0.246,0.087,0.656,0.815,0.355,0.763,0.809,0.837,0.87,0.415,0.684,0.618,0.364,0.236,0.777,0.831,-0.393,-0.466,0.72,0.679,0.595,0.677,-0.175,0.53,0.814,0.82,0.887,0.852,0.032,0.729,0.88,0.003,-0.471,0.363,0.861,0.336,0.926,0.259,0.827,0.018,0.875,0.645,0.805,0.383,0.812,-0.606,0.803,0.817,0.67,0.713,0.889,-0.052,0.855,-0.613,0.752,0.889,0.694,0.55,-0.138,0.82,0.553,0.643,0.824,0.873,0.252,0.83,0.676,0.356,0.843,0.255,0.675,0.829,0.895,0.299,0.747,0.881,0.898,-0.348,0.669,0.679,0.912,0.387,0.772,0.762,-0.002,0.619,0.104,0.799,0.432,0.915,0.441,0.739,0.852,-0.417,0.647,-0.234,0.68,-0.439,-0.033,0.93,0.594,0.815,0.671,0.862,0.82,0.751,0.805,0.799,0.716,0.705,0.519,0.847,0.877,0.804,0.235,0.279,-0.781,0.812,0.848,0.683,0.683,-0.144,0.91,0.442,0.718,0.886,-0.339,0.17,0.6,0.904,0.849,0.732,0.563,0.277,0.508,-0.712,-0.346,0.714,0.859,0.381,0.827,0.094,0.898,0.803,0.669,0.935,0.21
BFC,-0.082,0.423,0.431,0.469,0.426,0.523,0.568,0.314,-0.248,0.702,-0.014,0.565,0.636,0.474,0.369,0.222,0.32,0.653,0.0,0.674,0.661,0.233,0.657,0.528,0.746,-0.034,0.562,-0.016,0.433,0.533,0.431,0.566,0.388,0.607,0.529,0.228,0.691,0.702,0.479,0.504,-0.003,0.294,-0.2,0.272,0.559,0.355,0.625,0.414,0.516,0.04,0.548,0.599,0.046,0.166,0.089,0.531,0.509,0.293,0.695,0.54,0.717,0.576,0.195,0.68,0.625,0.19,0.027,0.45,0.486,-0.117,-0.334,0.548,0.454,0.304,0.495,-0.097,0.35,0.64,0.487,0.693,0.639,-0.169,0.582,0.571,0.193,-0.513,0.207,0.56,0.126,0.685,0.176,0.563,0.115,0.6,0.307,0.503,0.3,0.534,-0.581,0.574,0.583,0.491,0.46,0.657,0.027,0.53,-0.359,0.531,0.562,0.572,0.408,-0.003,0.625,0.376,0.37,0.607,0.625,0.29,0.5,0.415,0.338,0.539,0.219,0.382,0.537,0.692,0.386,0.419,0.665,0.566,-0.185,0.422,0.53,0.558,0.425,0.539,0.432,0.131,0.466,0.138,0.54,0.32,0.624,0.354,0.535,0.611,-0.326,0.63,-0.28,0.449,-0.385,0.14,0.607,0.366,0.566,0.486,0.632,0.401,0.449,0.507,0.582,0.361,0.419,0.408,0.507,0.657,0.611,0.258,0.137,-0.451,0.62,0.524,0.409,0.667,0.028,0.623,0.29,0.603,0.595,-0.211,0.28,0.526,0.679,0.696,0.555,0.544,0.268,0.327,-0.626,-0.252,0.495,0.548,0.273,0.779,0.124,0.637,0.472,0.531,0.652,0.128
BGC,0.2,0.478,0.383,0.693,0.353,0.664,0.747,0.274,-0.518,0.75,0.087,0.645,0.754,0.563,0.553,-0.014,0.645,0.825,0.674,0.0,0.705,0.452,0.825,0.572,0.803,-0.043,0.877,-0.264,0.713,0.477,0.799,0.522,0.36,0.86,0.582,0.399,0.51,0.666,0.22,0.593,0.234,0.055,-0.094,0.723,0.691,0.421,0.643,0.252,0.555,-0.192,0.906,0.782,-0.03,0.024,-0.202,0.613,0.615,0.175,0.719,0.507,0.66,0.633,0.182,0.573,0.452,0.263,0.032,0.607,0.594,-0.422,-0.04,0.615,0.389,0.705,0.79,0.146,0.322,0.573,0.622,0.746,0.866,0.082,0.672,0.67,0.242,-0.303,0.077,0.85,0.125,0.731,0.103,0.561,-0.249,0.754,0.35,0.594,0.25,0.552,-0.367,0.582,0.587,0.514,0.464,0.718,0.024,0.561,-0.304,0.534,0.756,0.799,0.469,0.19,0.65,0.337,0.632,0.726,0.622,0.303,0.596,0.556,0.302,0.602,0.299,0.428,0.609,0.782,0.099,0.556,0.781,0.837,-0.448,0.619,0.468,0.821,0.272,0.498,0.479,-0.192,0.476,0.385,0.622,0.4,0.842,0.584,0.407,0.656,-0.428,0.424,-0.42,0.372,-0.621,-0.184,0.749,0.303,0.888,0.402,0.657,0.64,0.438,0.564,0.647,0.433,0.453,0.43,0.812,0.769,0.609,0.472,0.192,-0.57,0.59,0.639,0.419,0.5,-0.143,0.714,0.291,0.502,0.698,-0.214,0.451,0.47,0.812,0.634,0.563,0.567,0.473,0.147,-0.53,-0.066,0.365,0.651,0.598,0.693,0.358,0.697,0.555,0.482,0.836,-0.112
BHF,-0.363,0.712,0.472,0.77,0.719,0.74,0.843,0.598,-0.069,0.887,-0.431,0.839,0.917,0.728,0.738,0.536,0.571,0.895,0.661,0.705,0.0,-0.042,0.886,0.862,0.869,0.165,0.773,0.23,0.562,0.853,0.354,0.902,0.653,0.815,0.847,0.127,0.828,0.921,0.589,0.889,-0.358,0.596,-0.6,0.43,0.872,0.708,0.86,0.761,0.743,0.224,0.686,0.483,0.138,0.381,0.385,0.802,0.83,0.494,0.786,0.901,0.89,0.948,0.589,0.825,0.783,0.564,0.324,0.715,0.804,-0.122,-0.609,0.766,0.739,0.563,0.603,-0.259,0.687,0.959,0.741,0.918,0.785,-0.087,0.802,0.857,0.044,-0.455,0.523,0.702,0.19,0.898,0.459,0.885,0.314,0.916,0.665,0.878,0.393,0.877,-0.691,0.927,0.939,0.688,0.759,0.919,0.027,0.885,-0.685,0.825,0.886,0.663,0.532,-0.32,0.915,0.769,0.543,0.79,0.912,0.235,0.779,0.687,0.383,0.838,0.171,0.78,0.837,0.921,0.621,0.758,0.916,0.845,-0.092,0.621,0.791,0.782,0.641,0.875,0.777,0.055,0.811,0.044,0.807,0.426,0.886,0.327,0.85,0.89,-0.283,0.801,-0.217,0.822,-0.23,0.173,0.887,0.726,0.605,0.819,0.93,0.705,0.794,0.844,0.882,0.726,0.758,0.72,0.657,0.911,0.922,0.034,0.251,-0.779,0.895,0.898,0.791,0.843,0.048,0.934,0.462,0.815,0.952,-0.344,-0.041,0.729,0.889,0.943,0.808,0.66,0.218,0.67,-0.88,-0.613,0.816,0.879,0.384,0.873,0.085,0.972,0.806,0.672,0.85,0.414
BHFAL,0.646,-0.251,0.203,0.058,-0.291,0.029,0.129,-0.408,-0.794,0.19,0.797,-0.027,0.032,0.086,-0.155,-0.591,0.133,0.236,0.233,0.452,-0.042,0.0,0.218,-0.139,0.215,-0.337,0.36,-0.735,0.306,-0.22,0.652,-0.233,-0.082,0.353,-0.167,0.382,-0.027,-0.081,-0.433,-0.021,0.786,-0.629,0.471,0.268,0.025,-0.297,-0.028,-0.419,-0.135,-0.502,0.43,0.646,-0.267,-0.451,-0.842,-0.143,-0.145,-0.22,0.314,-0.242,0.05,-0.137,-0.54,-0.037,-0.19,-0.503,-0.596,-0.002,-0.082,-0.551,0.375,0.048,-0.123,0.07,0.197,0.143,-0.432,-0.2,0.106,0.046,0.314,0.018,0.095,0.037,0.298,-0.256,-0.663,0.484,0.081,0.092,-0.66,-0.14,-0.801,-0.042,-0.221,-0.133,-0.022,-0.205,0.198,-0.237,-0.159,-0.117,-0.27,-0.054,-0.422,-0.12,0.231,-0.101,0.101,0.469,-0.126,0.638,-0.166,-0.483,0.216,0.143,-0.031,0.239,0.011,-0.111,0.075,-0.067,0.238,-0.388,-0.028,0.092,-0.578,-0.186,0.095,0.222,-0.83,0.028,-0.109,0.303,-0.338,-0.206,-0.192,-0.032,-0.282,0.585,-0.079,0.148,0.214,0.523,-0.186,-0.061,-0.196,-0.146,-0.243,-0.366,-0.782,-0.45,0.108,-0.41,0.651,-0.416,-0.074,0.241,-0.227,-0.167,-0.138,-0.203,-0.224,-0.381,0.445,0.028,-0.157,0.561,-0.074,0.058,-0.16,-0.105,-0.382,-0.153,-0.312,0.021,0.032,-0.117,-0.113,0.111,0.794,-0.404,0.179,-0.088,-0.14,-0.101,0.484,-0.5,0.231,0.681,-0.323,-0.058,0.094,0.136,0.296,-0.02,-0.117,-0.107,0.342,-0.636
BKNG,-0.192,0.754,0.477,0.827,0.512,0.879,0.894,0.575,-0.278,0.895,-0.23,0.878,0.932,0.81,0.76,0.375,0.678,0.917,0.657,0.825,0.886,0.218,0.0,0.851,0.921,0.13,0.833,-0.046,0.686,0.787,0.51,0.838,0.598,0.949,0.868,0.099,0.736,0.84,0.39,0.815,-0.089,0.464,-0.505,0.622,0.882,0.681,0.873,0.627,0.816,0.142,0.802,0.701,0.062,0.337,0.118,0.669,0.836,0.337,0.746,0.813,0.869,0.883,0.497,0.747,0.716,0.405,0.221,0.828,0.822,-0.455,-0.418,0.756,0.595,0.605,0.687,-0.15,0.634,0.821,0.793,0.903,0.895,0.059,0.74,0.863,-0.039,-0.5,0.379,0.842,0.244,0.918,0.389,0.86,0.11,0.888,0.603,0.803,0.396,0.84,-0.599,0.803,0.761,0.798,0.736,0.92,-0.055,0.82,-0.63,0.788,0.834,0.79,0.652,-0.166,0.863,0.576,0.634,0.765,0.889,0.278,0.79,0.702,0.297,0.841,0.228,0.726,0.85,0.904,0.338,0.75,0.899,0.928,-0.276,0.734,0.707,0.884,0.433,0.81,0.757,-0.076,0.657,0.117,0.806,0.4,0.962,0.395,0.746,0.858,-0.428,0.712,-0.417,0.684,-0.355,-0.1,0.922,0.671,0.814,0.704,0.916,0.707,0.78,0.758,0.834,0.705,0.751,0.611,0.813,0.881,0.858,0.146,0.305,-0.794,0.87,0.839,0.685,0.755,-0.048,0.936,0.424,0.751,0.88,-0.42,0.118,0.66,0.946,0.834,0.812,0.64,0.253,0.546,-0.777,-0.44,0.66,0.904,0.389,0.863,0.145,0.888,0.832,0.746,0.933,0.284
BL,-0.552,0.908,0.408,0.897,0.534,0.891,0.797,0.831,0.102,0.858,-0.485,0.969,0.853,0.887,0.915,0.692,0.758,0.816,0.528,0.572,0.862,-0.139,0.851,0.0,0.711,0.452,0.687,0.131,0.723,0.951,0.178,0.953,0.71,0.806,0.966,-0.227,0.717,0.802,0.558,0.912,-0.52,0.76,-0.821,0.495,0.949,0.865,0.948,0.863,0.875,0.39,0.52,0.311,0.169,0.636,0.471,0.66,0.942,0.426,0.484,0.952,0.83,0.953,0.78,0.597,0.648,0.637,0.574,0.893,0.953,-0.291,-0.589,0.719,0.691,0.54,0.535,-0.276,0.797,0.82,0.909,0.84,0.652,0.226,0.511,0.91,-0.371,-0.331,0.739,0.712,0.495,0.925,0.596,0.968,0.411,0.857,0.875,0.914,0.49,0.929,-0.618,0.828,0.792,0.755,0.928,0.932,0.045,0.955,-0.788,0.867,0.811,0.422,0.799,-0.43,0.918,0.737,0.511,0.714,0.901,0.11,0.885,0.855,0.198,0.978,0.105,0.871,0.883,0.753,0.443,0.921,0.821,0.826,-0.036,0.762,0.677,0.833,0.364,0.903,0.954,0.048,0.661,-0.293,0.947,0.34,0.804,0.023,0.891,0.919,-0.441,0.664,-0.098,0.861,0.029,0.058,0.921,0.927,0.56,0.883,0.928,0.752,0.967,0.928,0.819,0.919,0.951,0.63,0.707,0.829,0.827,0.043,0.382,-0.874,0.92,0.951,0.903,0.673,-0.036,0.953,0.472,0.797,0.908,-0.555,-0.217,0.764,0.801,0.833,0.806,0.59,-0.125,0.842,-0.749,-0.702,0.885,0.952,0.157,0.719,-0.164,0.843,0.96,0.863,0.782,0.653
BOKF,-0.132,0.624,0.426,0.671,0.522,0.748,0.799,0.433,-0.29,0.839,-0.189,0.741,0.877,0.637,0.598,0.286,0.511,0.856,0.746,0.803,0.869,0.215,0.921,0.711,0.0,-0.014,0.796,0.08,0.517,0.675,0.515,0.747,0.578,0.85,0.746,0.204,0.798,0.842,0.422,0.712,-0.022,0.394,-0.366,0.525,0.754,0.535,0.76,0.532,0.704,0.098,0.759,0.749,0.041,0.238,0.09,0.693,0.713,0.318,0.837,0.722,0.867,0.795,0.363,0.854,0.783,0.358,0.102,0.643,0.67,-0.318,-0.37,0.664,0.51,0.509,0.632,-0.099,0.568,0.825,0.61,0.895,0.847,-0.1,0.778,0.741,0.168,-0.522,0.297,0.739,0.063,0.817,0.342,0.752,0.097,0.838,0.447,0.719,0.271,0.739,-0.592,0.772,0.762,0.725,0.594,0.845,-0.063,0.696,-0.565,0.678,0.751,0.839,0.499,-0.152,0.819,0.515,0.523,0.668,0.793,0.287,0.646,0.552,0.315,0.694,0.19,0.628,0.745,0.92,0.437,0.606,0.887,0.816,-0.227,0.582,0.708,0.73,0.579,0.718,0.604,-0.006,0.66,0.218,0.688,0.341,0.894,0.446,0.664,0.77,-0.35,0.779,-0.456,0.587,-0.393,-0.011,0.802,0.536,0.725,0.634,0.859,0.592,0.638,0.631,0.808,0.539,0.597,0.611,0.661,0.802,0.839,0.111,0.193,-0.675,0.817,0.701,0.591,0.823,0.0,0.833,0.337,0.69,0.82,-0.311,0.171,0.629,0.898,0.802,0.741,0.667,0.34,0.448,-0.797,-0.405,0.567,0.793,0.447,0.904,0.23,0.851,0.675,0.652,0.848,0.178
BRKR,-0.318,0.396,0.346,0.459,0.268,0.328,0.378,0.516,0.465,0.261,-0.311,0.378,0.249,0.539,0.554,0.551,0.455,0.196,-0.034,-0.043,0.165,-0.337,0.13,0.452,-0.014,0.0,0.091,-0.045,0.347,0.484,-0.069,0.426,0.22,0.168,0.336,-0.256,-0.066,0.083,0.254,0.414,-0.456,0.431,-0.522,0.175,0.445,0.666,0.444,0.583,0.321,0.244,-0.051,-0.343,0.546,0.277,0.48,0.039,0.387,0.479,-0.234,0.417,0.044,0.336,0.65,-0.22,-0.118,0.365,0.61,0.568,0.459,-0.112,-0.355,0.433,0.522,0.133,-0.025,-0.364,0.313,0.157,0.45,0.106,0.039,0.376,-0.024,0.426,-0.555,0.292,0.686,0.256,0.539,0.319,0.298,0.447,0.287,0.213,0.493,0.253,0.531,0.364,-0.032,0.231,0.184,0.214,0.489,0.326,0.435,0.483,-0.293,0.508,0.176,-0.203,0.283,-0.223,0.258,0.455,0.378,0.368,0.376,0.259,0.566,0.517,0.308,0.468,0.335,0.48,0.472,0.045,0.02,0.432,0.14,0.239,0.278,0.31,0.302,0.374,-0.224,0.483,0.605,-0.252,0.332,-0.395,0.378,0.382,0.126,-0.06,0.397,0.426,0.101,-0.008,0.553,0.477,0.524,0.189,0.379,0.565,0.061,0.514,0.255,0.343,0.499,0.455,0.224,0.506,0.616,0.341,0.292,0.265,0.238,-0.142,0.472,-0.219,0.217,0.396,0.448,-0.025,0.292,0.317,0.499,0.37,0.287,0.036,-0.187,0.37,0.212,0.248,0.401,0.027,-0.18,0.464,-0.117,-0.332,0.48,0.294,-0.065,-0.095,-0.075,0.207,0.465,0.306,0.2,0.597
CACC,-0.001,0.573,0.297,0.808,0.31,0.734,0.754,0.419,-0.485,0.823,0.009,0.745,0.77,0.648,0.644,0.068,0.737,0.882,0.562,0.877,0.773,0.36,0.833,0.687,0.796,0.091,0.0,-0.211,0.748,0.572,0.637,0.633,0.528,0.891,0.679,0.23,0.605,0.703,0.248,0.717,0.042,0.183,-0.307,0.697,0.779,0.499,0.711,0.372,0.616,-0.009,0.855,0.689,-0.041,0.153,-0.121,0.672,0.732,0.136,0.688,0.648,0.73,0.74,0.271,0.582,0.476,0.32,0.154,0.659,0.743,-0.471,-0.187,0.576,0.425,0.7,0.775,0.104,0.457,0.638,0.732,0.821,0.817,0.192,0.613,0.739,0.137,-0.276,0.222,0.851,0.225,0.794,0.189,0.677,-0.184,0.836,0.539,0.753,0.19,0.68,-0.422,0.684,0.712,0.572,0.588,0.792,-0.028,0.686,-0.502,0.568,0.829,0.684,0.531,0.001,0.728,0.373,0.624,0.703,0.682,0.174,0.691,0.582,0.194,0.727,0.167,0.541,0.657,0.812,0.115,0.685,0.836,0.858,-0.421,0.662,0.447,0.86,0.252,0.56,0.605,-0.069,0.477,0.224,0.737,0.318,0.858,0.429,0.536,0.687,-0.537,0.477,-0.332,0.46,-0.551,-0.191,0.819,0.42,0.833,0.475,0.726,0.778,0.587,0.665,0.732,0.62,0.553,0.414,0.836,0.775,0.632,0.4,0.207,-0.737,0.691,0.723,0.567,0.51,-0.261,0.778,0.277,0.52,0.78,-0.346,0.253,0.496,0.789,0.679,0.545,0.498,0.299,0.313,-0.552,-0.177,0.493,0.776,0.509,0.706,0.128,0.753,0.695,0.586,0.865,0.009
CAR,-0.598,0.232,-0.129,-0.14,0.393,-0.027,-0.096,0.231,0.675,-0.066,-0.715,0.016,0.081,-0.175,0.082,0.518,-0.258,-0.121,-0.016,-0.264,0.23,-0.735,-0.046,0.131,0.08,-0.045,-0.211,0.0,-0.39,0.263,-0.494,0.256,0.285,-0.243,0.195,-0.215,0.35,0.299,0.493,0.128,-0.642,0.603,-0.327,-0.217,-0.036,0.176,0.028,0.376,0.131,0.424,-0.295,-0.331,0.234,0.405,0.723,0.37,0.119,0.201,0.042,0.272,0.159,0.208,0.417,0.42,0.482,0.554,0.332,-0.131,0.027,0.615,-0.317,-0.025,0.059,-0.052,-0.125,-0.099,0.455,0.378,-0.181,0.148,-0.195,-0.184,0.147,-0.042,0.032,0.066,0.471,-0.402,-0.273,-0.061,0.592,0.168,0.73,0.151,0.15,0.241,-0.087,0.219,-0.234,0.341,0.352,0.198,0.187,0.096,0.129,0.092,-0.282,0.113,0.023,-0.102,0.088,-0.567,0.285,0.474,-0.331,-0.144,0.066,-0.144,-0.136,0.04,-0.036,0.033,-0.325,0.337,0.021,0.12,0.8,0.122,0.123,-0.157,0.628,-0.129,0.26,-0.329,0.703,0.241,0.097,0.264,0.419,-0.293,0.094,-0.193,-0.06,-0.415,0.273,0.093,0.197,0.407,0.003,0.332,0.541,0.508,-0.1,0.354,-0.531,0.4,0.21,-0.165,0.161,0.14,0.283,0.094,0.149,0.468,-0.481,0.017,0.317,-0.51,-0.137,-0.08,0.284,0.102,0.334,0.445,0.355,0.067,-0.078,0.186,0.225,-0.133,-0.609,0.384,-0.043,0.184,0.165,0.31,-0.304,0.47,-0.408,-0.678,0.292,0.114,0.03,0.161,-0.107,0.167,0.053,0.145,-0.258,0.507
CDNA,-0.041,0.652,0.282,0.872,0.156,0.736,0.639,0.563,-0.244,0.7,0.026,0.778,0.601,0.722,0.748,0.208,0.922,0.73,0.433,0.713,0.562,0.306,0.686,0.723,0.517,0.347,0.748,-0.39,0.0,0.574,0.492,0.558,0.403,0.808,0.679,0.037,0.354,0.485,0.168,0.673,-0.064,0.246,-0.371,0.664,0.813,0.619,0.726,0.393,0.652,-0.033,0.665,0.469,0.003,0.327,-0.026,0.467,0.707,0.193,0.373,0.564,0.561,0.624,0.41,0.225,0.195,0.386,0.436,0.755,0.769,-0.478,-0.078,0.527,0.432,0.646,0.663,0.085,0.366,0.415,0.872,0.604,0.63,0.416,0.287,0.765,-0.222,-0.058,0.354,0.851,0.626,0.749,0.226,0.618,-0.142,0.633,0.713,0.651,0.411,0.599,-0.264,0.466,0.445,0.476,0.664,0.675,0.018,0.7,-0.401,0.581,0.726,0.37,0.652,0.055,0.609,0.329,0.622,0.662,0.587,0.12,0.759,0.783,0.125,0.776,0.243,0.536,0.668,0.562,-0.129,0.78,0.618,0.785,-0.385,0.791,0.3,0.871,-0.084,0.513,0.722,-0.144,0.278,-0.075,0.76,0.383,0.667,0.206,0.472,0.678,-0.528,0.214,-0.133,0.476,-0.292,-0.206,0.779,0.534,0.774,0.459,0.596,0.773,0.64,0.681,0.491,0.724,0.659,0.268,0.868,0.629,0.423,0.465,0.433,-0.649,0.558,0.739,0.559,0.223,-0.252,0.725,0.401,0.398,0.634,-0.388,0.219,0.47,0.646,0.512,0.479,0.448,0.043,0.357,-0.3,-0.133,0.515,0.691,0.282,0.438,-0.041,0.562,0.758,0.615,0.72,0.192
CG,-0.616,0.829,0.531,0.786,0.641,0.787,0.77,0.798,0.261,0.811,-0.529,0.893,0.811,0.863,0.858,0.799,0.596,0.75,0.533,0.477,0.853,-0.22,0.787,0.951,0.675,0.484,0.572,0.263,0.574,0.0,0.119,0.963,0.708,0.702,0.901,-0.191,0.734,0.791,0.665,0.907,-0.579,0.812,-0.82,0.362,0.879,0.861,0.912,0.944,0.792,0.467,0.387,0.221,0.363,0.605,0.585,0.614,0.875,0.562,0.503,0.95,0.782,0.919,0.819,0.61,0.66,0.625,0.536,0.828,0.874,-0.174,-0.684,0.773,0.775,0.418,0.404,-0.436,0.754,0.844,0.824,0.793,0.572,0.125,0.534,0.855,-0.343,-0.365,0.765,0.618,0.479,0.868,0.573,0.957,0.531,0.788,0.829,0.835,0.585,0.887,-0.602,0.81,0.802,0.703,0.889,0.885,0.042,0.937,-0.762,0.913,0.737,0.402,0.72,-0.425,0.885,0.793,0.473,0.72,0.908,0.266,0.846,0.8,0.339,0.929,0.187,0.832,0.878,0.703,0.587,0.825,0.791,0.729,0.047,0.633,0.759,0.738,0.43,0.946,0.931,0.124,0.73,-0.313,0.876,0.398,0.73,0.018,0.944,0.91,-0.256,0.712,0.033,0.905,0.134,0.263,0.854,0.939,0.461,0.924,0.892,0.682,0.944,0.921,0.797,0.857,0.95,0.66,0.589,0.806,0.858,-0.023,0.384,-0.758,0.879,0.896,0.862,0.713,0.146,0.905,0.571,0.883,0.869,-0.43,-0.227,0.743,0.757,0.854,0.819,0.566,-0.118,0.892,-0.766,-0.744,0.931,0.872,0.042,0.715,-0.108,0.833,0.882,0.823,0.709,0.746
CGBD,0.606,0.077,0.419,0.375,0.219,0.289,0.529,-0.124,-0.584,0.417,0.405,0.243,0.43,0.274,0.245,-0.309,0.401,0.536,0.431,0.799,0.354,0.652,0.51,0.178,0.515,-0.069,0.637,-0.494,0.492,0.119,0.0,0.118,-0.04,0.615,0.159,0.593,0.089,0.258,-0.087,0.28,0.58,-0.349,0.299,0.608,0.362,0.156,0.319,-0.097,0.177,-0.461,0.752,0.693,0.012,-0.356,-0.489,0.301,0.233,0.133,0.547,0.08,0.247,0.229,-0.086,0.195,0.003,-0.008,-0.243,0.323,0.208,-0.394,0.245,0.48,0.252,0.559,0.589,0.159,-0.136,0.184,0.32,0.333,0.652,0.058,0.47,0.321,0.353,-0.099,-0.236,0.714,0.043,0.381,-0.287,0.162,-0.558,0.355,-0.011,0.17,0.255,0.111,0.069,0.152,0.193,0.129,0.082,0.341,0.047,0.202,0.16,0.272,0.473,0.728,0.098,0.605,0.238,0.074,0.616,0.55,0.282,0.417,0.316,0.308,0.398,0.237,0.502,0.038,0.301,0.44,-0.201,0.153,0.451,0.596,-0.524,0.351,0.233,0.606,-0.036,0.153,0.14,-0.386,0.217,0.599,0.243,0.508,0.552,0.737,0.024,0.319,-0.099,0.025,-0.233,0.048,-0.656,-0.223,0.428,-0.085,0.792,0.039,0.249,0.419,0.046,0.205,0.211,0.077,0.117,0.183,0.662,0.495,0.245,0.596,0.162,-0.121,0.127,0.287,-0.009,0.117,-0.016,0.36,0.336,0.237,0.316,0.181,0.728,0.059,0.545,0.264,0.259,0.316,0.676,-0.289,-0.125,0.352,-0.0,0.225,0.536,0.315,0.571,0.371,0.173,0.065,0.601,-0.398
