,ACET,ADAP,ADI,ADPT,ADTN,AGEN,ALGN,ALLK,AMD,AMWD,ARDX,ARQT,ASTE,AUPH,AVXL,AZTA,BAND,BECN,BFC,BGC,BHF,BHFAL,BKNG,BL,BOKF,BRKR,CACC,CAR,CDNA,CG,CGBD,CHI,CHTR,CHX,CLNE,CME,CNOB,CNXN,CPRX,CSGP,CSGS,CSIQ,CVCO,CVLT,CYRX,DDOG,DOOO,DSGX,DTIL,ECPG,EEFT,EFSC,ENTG,ESPR,ETSY,EXC,FAMI,FFIV,FITB,FIZZ,FMBH,FOX,FTNT,FULT,GABC,GEN,GH,GMAB,GNPX,GO,GOGL,GOOG,GPRO,GSHD,GSM,GWAV,HAIN,HBAN,HEPA,HURN,HWKN,IBIO,ICFI,IGMS,IMKTA,INCY,INO,IRDM,IRTC,IRWD,ITCI,JACK,JD,JJSF,KALA,KHC,KLAC,KRRO,KRYS,LANC,LBTYA,LIVN,LKCO,LNTH,LOGI,LPRO,LRCX,LSCC,LSTR,MAR,MARA,MCHP,MEOH,META,MGTX,MKSI,MMYT,MORN,MRUS,MTLS,MTSI,MVIS,MXL,NBIX,NFE,NMIH,NMRK,NNDM,NSIT,NTCT,NVAX,OCUL,ODP,OLED,ONB,OTEX,PACB,PATK,PAYX,PEP,PERI,PI,PLYA,PRDO,PRGS,PTGX,QCOM,QCRH,QDEL,QFIN,RGEN,RILY,RPAY,RPD,SABR,SEDG,SHEN,SIRI,SLNO,SNDL,SNEX,SONO,SPT,SSNC,STGW,STKL,STRL,STX,SWTX,SYNA,TFSL,TIGR,TNXP,TOWN,TRI,TRIP,TRMB,TRNS,TRS,TSCO,TSEM,TVTX,TXRH,VC,VCEL,VECO,VIAV,VICR,VIR,VRTX,VSTM,VTRS,WDFC,WSBC,WSC,WYNN,XENE,XNCR,XRAY,ZS
ACET,0.0,0.582,0.702,0.572,-0.356,0.191,0.349,0.201,0.758,0.591,0.406,0.136,0.483,0.044,0.234,0.813,-0.013,0.822,0.637,0.759,0.558,-0.334,0.551,0.166,0.71,0.662,-0.066,0.25,0.435,0.59,0.699,0.633,0.076,0.427,0.55,-0.302,0.199,0.815,0.205,0.085,0.793,0.532,0.616,0.461,0.456,0.386,0.67,0.469,0.028,0.488,0.856,0.683,0.23,-0.387,0.568,0.083,0.875,0.792,0.537,-0.354,0.498,0.173,0.706,0.772,0.557,0.011,0.676,0.254,0.398,0.124,0.754,0.392,-0.712,0.635,0.167,0.652,0.454,0.53,0.58,0.282,0.575,0.39,0.605,0.287,0.265,-0.409,-0.092,-0.566,-0.063,-0.202,0.65,0.596,0.734,0.261,0.222,0.551,0.804,0.355,0.35,0.504,0.598,0.64,0.689,0.484,0.511,0.374,0.758,0.698,0.735,0.482,0.65,0.805,0.552,0.437,0.141,0.077,0.269,0.441,-0.366,0.545,0.666,0.694,0.702,0.441,0.602,0.399,0.576,0.179,0.719,0.571,0.122,0.467,0.187,0.294,0.616,0.403,0.841,0.724,-0.014,-0.422,0.567,0.786,0.61,0.518,0.67,0.802,-0.341,0.364,-0.196,0.643,0.48,0.5,0.413,-0.228,0.073,0.732,0.461,-0.302,0.534,0.621,0.037,0.709,0.69,0.237,0.256,0.173,0.185,0.254,0.364,0.682,0.337,0.49,0.642,0.732,-0.202,0.563,0.604,0.465,0.605,0.776,0.631,-0.181,0.397,0.324,0.468,0.813,0.602,0.756,0.037,-0.194,0.534,0.473,0.436,0.445,0.464,0.661,-0.232,0.586,0.327,0.641
ADAP,0.582,0.0,0.279,0.241,-0.709,0.797,0.816,0.811,0.367,0.4,0.642,0.756,0.346,0.015,0.723,0.688,0.508,0.843,0.41,0.768,0.528,-0.146,0.614,0.717,0.843,0.091,-0.236,0.36,0.625,0.893,0.878,0.919,-0.45,0.594,0.926,0.299,0.81,0.506,0.803,0.261,0.672,0.297,0.884,0.847,0.277,0.834,0.923,0.592,0.458,0.76,0.672,0.874,-0.438,0.215,0.836,0.501,0.649,0.512,0.817,-0.299,0.555,-0.0,0.905,0.73,0.884,0.402,0.674,-0.204,0.866,0.111,0.6,0.81,-0.598,0.853,0.724,0.479,0.396,0.524,0.822,0.12,0.91,0.836,0.703,0.833,0.771,-0.618,0.402,-0.07,-0.613,-0.015,0.935,0.416,0.66,0.418,0.815,0.462,0.45,0.862,0.281,0.817,0.137,0.899,0.593,0.891,0.843,0.824,0.257,0.73,0.405,0.73,0.909,0.662,0.683,0.029,0.463,-0.563,-0.014,0.622,-0.609,0.869,0.819,0.883,0.249,0.468,0.862,0.244,0.898,0.438,0.779,0.692,0.75,0.422,0.181,-0.215,0.521,0.82,0.791,0.875,0.681,-0.253,0.932,0.827,0.833,0.859,0.568,0.73,-0.73,0.792,0.081,0.828,0.628,0.903,0.754,-0.232,0.481,0.764,0.655,-0.38,0.95,0.805,0.642,0.862,0.863,0.464,0.828,0.669,-0.049,0.661,0.849,0.9,-0.338,0.868,0.898,0.859,0.384,0.865,0.862,0.905,0.574,0.525,0.864,0.471,0.903,0.402,0.868,0.599,0.756,0.592,0.36,-0.739,0.804,0.857,0.69,0.389,0.759,0.87,0.192,0.914,-0.038,0.774
ADI,0.702,0.279,0.0,0.843,-0.186,-0.199,0.204,-0.169,0.562,0.783,0.002,-0.037,0.728,-0.388,-0.096,0.737,-0.372,0.667,0.504,0.488,0.733,-0.065,0.725,-0.14,0.523,0.816,-0.297,-0.185,0.595,0.377,0.417,0.303,0.247,0.583,0.109,0.031,0.027,0.586,-0.156,-0.235,0.546,0.184,0.296,0.016,0.21,0.008,0.454,0.121,0.153,0.458,0.816,0.418,0.644,-0.769,0.465,0.122,0.508,0.398,0.51,-0.699,0.616,-0.098,0.375,0.628,0.301,-0.226,0.681,0.724,-0.052,-0.4,0.794,0.013,-0.505,0.482,0.021,0.661,-0.049,0.76,0.257,0.314,0.287,-0.046,0.232,-0.004,-0.216,-0.14,-0.323,-0.549,0.248,0.15,0.294,0.668,0.466,-0.193,-0.094,0.053,0.891,-0.019,0.17,0.048,0.388,0.407,0.484,0.023,0.052,0.29,0.924,0.686,0.813,0.531,0.321,0.87,0.606,0.159,0.398,0.551,0.482,0.136,-0.404,0.439,0.598,0.313,0.909,-0.02,0.532,0.749,0.202,-0.403,0.436,0.35,-0.216,0.62,0.295,0.797,0.762,0.169,0.625,0.516,-0.175,-0.128,0.129,0.438,0.561,0.324,0.521,0.778,0.118,0.269,-0.599,0.218,0.611,0.112,0.357,-0.032,0.163,0.477,0.304,-0.567,0.192,0.183,0.108,0.362,0.276,0.31,-0.142,-0.292,0.588,-0.212,-0.068,0.356,0.65,0.109,0.224,0.507,-0.369,0.267,0.444,0.099,0.75,0.704,0.439,-0.151,0.153,0.592,0.073,0.814,0.266,0.838,-0.439,0.119,0.536,0.196,-0.138,0.637,0.514,0.462,-0.029,0.325,0.613,0.589
ADPT,0.572,0.241,0.843,0.0,-0.205,-0.163,0.214,-0.101,0.634,0.907,0.211,-0.084,0.904,-0.283,-0.063,0.608,-0.499,0.577,0.609,0.371,0.842,0.277,0.693,0.025,0.505,0.649,-0.51,-0.33,0.707,0.362,0.364,0.289,0.412,0.71,0.099,0.181,0.06,0.6,-0.108,-0.243,0.501,0.335,0.201,-0.124,0.326,0.152,0.396,0.09,0.384,0.395,0.731,0.4,0.629,-0.795,0.518,0.424,0.335,0.361,0.54,-0.828,0.758,-0.255,0.307,0.689,0.154,-0.333,0.558,0.817,-0.108,-0.644,0.623,0.013,-0.521,0.381,-0.012,0.753,-0.297,0.709,0.32,0.533,0.165,-0.031,0.347,0.079,-0.308,0.124,-0.554,-0.46,0.323,0.22,0.232,0.824,0.454,-0.251,-0.083,-0.206,0.713,-0.105,0.185,0.039,0.349,0.389,0.2,-0.074,-0.078,0.284,0.864,0.557,0.891,0.55,0.156,0.801,0.657,0.228,0.554,0.581,0.575,0.035,-0.255,0.435,0.504,0.138,0.779,0.267,0.453,0.758,0.17,-0.285,0.473,0.23,-0.274,0.801,0.626,0.782,0.826,0.288,0.486,0.459,-0.189,0.187,0.054,0.38,0.508,0.393,0.542,0.721,0.176,0.359,-0.571,0.027,0.722,0.04,0.536,0.247,0.393,0.453,0.471,-0.696,0.151,0.035,0.253,0.262,0.134,0.571,-0.166,-0.368,0.829,-0.398,0.009,0.234,0.66,0.038,0.131,0.502,-0.276,0.207,0.466,0.107,0.771,0.741,0.358,0.071,0.213,0.722,-0.028,0.74,0.164,0.866,-0.595,0.213,0.583,0.173,-0.312,0.82,0.595,0.465,0.31,0.395,0.785,0.587
ADTN,-0.356,-0.709,-0.186,-0.205,0.0,-0.685,-0.815,-0.603,-0.125,-0.272,-0.339,-0.761,-0.204,0.21,-0.713,-0.518,-0.497,-0.598,-0.284,-0.7,-0.345,0.175,-0.598,-0.593,-0.65,0.035,0.328,-0.21,-0.525,-0.78,-0.761,-0.771,0.563,-0.502,-0.649,-0.39,-0.761,-0.23,-0.688,-0.39,-0.543,-0.11,-0.787,-0.705,-0.095,-0.691,-0.698,-0.388,-0.324,-0.647,-0.542,-0.696,0.428,-0.131,-0.694,-0.459,-0.521,-0.167,-0.747,0.385,-0.432,0.226,-0.739,-0.505,-0.683,-0.425,-0.635,0.231,-0.742,0.057,-0.519,-0.74,0.365,-0.787,-0.72,-0.389,-0.175,-0.472,-0.57,0.152,-0.768,-0.746,-0.493,-0.535,-0.642,0.674,-0.386,0.013,0.695,0.264,-0.756,-0.284,-0.503,-0.224,-0.728,-0.269,-0.346,-0.76,0.084,-0.602,0.114,-0.734,-0.464,-0.705,-0.683,-0.807,-0.136,-0.707,-0.201,-0.675,-0.714,-0.501,-0.487,0.192,-0.499,0.421,0.218,-0.62,0.617,-0.619,-0.745,-0.704,-0.231,-0.277,-0.721,-0.095,-0.76,-0.217,-0.573,-0.316,-0.723,-0.285,-0.119,0.236,-0.331,-0.591,-0.643,-0.647,-0.656,0.307,-0.701,-0.65,-0.75,-0.663,-0.38,-0.454,0.68,-0.685,-0.025,-0.7,-0.69,-0.766,-0.628,0.266,-0.482,-0.531,-0.468,0.426,-0.708,-0.677,-0.599,-0.769,-0.676,-0.363,-0.682,-0.663,0.117,-0.464,-0.59,-0.687,0.388,-0.766,-0.747,-0.597,-0.449,-0.699,-0.649,-0.785,-0.511,-0.238,-0.737,-0.553,-0.798,-0.515,-0.725,-0.471,-0.572,-0.45,-0.194,0.75,-0.695,-0.769,-0.404,-0.228,-0.667,-0.693,-0.268,-0.616,0.113,-0.688
AGEN,0.191,0.797,-0.199,-0.163,-0.685,0.0,0.855,0.914,0.042,0.053,0.629,0.826,0.019,0.095,0.926,0.332,0.763,0.488,0.267,0.615,0.19,-0.037,0.319,0.834,0.647,-0.378,-0.173,0.535,0.412,0.784,0.733,0.823,-0.581,0.362,0.855,0.404,0.878,0.207,0.942,0.509,0.503,0.226,0.759,0.832,0.152,0.879,0.708,0.62,0.478,0.628,0.265,0.727,-0.783,0.592,0.683,0.548,0.415,0.259,0.657,-0.051,0.26,-0.006,0.769,0.428,0.756,0.543,0.387,-0.574,0.937,0.242,0.246,0.892,-0.253,0.687,0.817,0.19,0.384,0.227,0.655,0.0,0.746,0.933,0.668,0.798,0.928,-0.564,0.58,0.305,-0.764,-0.219,0.78,0.136,0.477,0.507,0.948,0.406,0.015,0.903,0.083,0.852,-0.117,0.714,0.351,0.88,0.823,0.74,-0.186,0.422,0.03,0.561,0.696,0.243,0.365,-0.028,0.362,-0.771,-0.369,0.621,-0.447,0.645,0.561,0.722,-0.152,0.476,0.6,-0.141,0.852,0.61,0.633,0.493,0.888,0.108,0.123,-0.622,0.177,0.798,0.463,0.629,0.872,-0.154,0.843,0.626,0.616,0.771,0.34,0.296,-0.838,0.708,0.278,0.719,0.408,0.871,0.653,-0.165,0.57,0.509,0.538,-0.133,0.869,0.692,0.717,0.724,0.709,0.444,0.934,0.866,-0.31,0.769,0.783,0.74,-0.69,0.877,0.808,0.63,0.67,0.803,0.693,0.907,0.242,0.113,0.724,0.695,0.895,0.264,0.866,0.254,0.701,0.211,0.569,-0.864,0.57,0.832,0.697,0.138,0.556,0.703,0.306,0.746,-0.307,0.522
ALGN,0.349,0.816,0.204,0.214,-0.815,0.855,0.0,0.782,0.114,0.409,0.48,0.793,0.358,-0.242,0.871,0.544,0.557,0.689,0.414,0.753,0.523,-0.016,0.689,0.731,0.83,-0.077,-0.362,0.348,0.708,0.93,0.84,0.863,-0.485,0.688,0.779,0.55,0.915,0.338,0.806,0.371,0.645,0.144,0.8,0.752,0.138,0.809,0.818,0.544,0.589,0.834,0.577,0.844,-0.497,0.194,0.862,0.642,0.511,0.245,0.9,-0.435,0.571,-0.209,0.828,0.623,0.829,0.426,0.675,-0.214,0.838,-0.087,0.576,0.829,-0.423,0.866,0.794,0.418,0.194,0.625,0.666,0.067,0.8,0.837,0.684,0.737,0.756,-0.623,0.374,0.17,-0.644,-0.117,0.796,0.44,0.549,0.255,0.881,0.259,0.319,0.82,0.078,0.75,-0.075,0.821,0.475,0.778,0.735,0.864,0.147,0.683,0.339,0.839,0.737,0.566,0.635,-0.12,0.575,-0.46,-0.242,0.584,-0.668,0.77,0.774,0.748,0.256,0.326,0.807,0.234,0.834,0.259,0.721,0.537,0.761,0.353,0.254,-0.235,0.5,0.832,0.65,0.799,0.823,-0.115,0.796,0.69,0.844,0.843,0.504,0.56,-0.776,0.851,-0.058,0.707,0.711,0.829,0.775,-0.156,0.717,0.602,0.569,-0.471,0.863,0.671,0.812,0.797,0.738,0.628,0.803,0.666,-0.01,0.56,0.633,0.803,-0.403,0.845,0.803,0.758,0.511,0.855,0.805,0.894,0.595,0.34,0.824,0.705,0.943,0.612,0.795,0.529,0.687,0.552,0.251,-0.787,0.814,0.885,0.468,0.427,0.78,0.86,0.366,0.798,-0.011,0.748
ALLK,0.201,0.811,-0.169,-0.101,-0.603,0.914,0.782,0.0,0.092,0.136,0.648,0.815,0.104,0.134,0.805,0.357,0.679,0.529,0.236,0.499,0.256,0.067,0.316,0.869,0.62,-0.342,-0.234,0.437,0.447,0.757,0.66,0.776,-0.538,0.398,0.868,0.419,0.86,0.223,0.916,0.451,0.42,0.292,0.755,0.804,0.286,0.89,0.698,0.631,0.528,0.595,0.288,0.67,-0.72,0.554,0.668,0.571,0.361,0.253,0.624,-0.097,0.371,-0.111,0.722,0.46,0.734,0.513,0.381,-0.476,0.863,0.183,0.21,0.824,-0.31,0.654,0.771,0.183,0.311,0.21,0.731,-0.005,0.767,0.894,0.632,0.866,0.862,-0.498,0.54,0.277,-0.722,-0.069,0.744,0.147,0.422,0.426,0.888,0.288,-0.014,0.838,0.184,0.795,-0.185,0.685,0.259,0.846,0.791,0.741,-0.195,0.415,0.053,0.537,0.68,0.278,0.448,-0.06,0.344,-0.786,-0.224,0.551,-0.406,0.729,0.555,0.652,-0.203,0.465,0.572,-0.09,0.793,0.605,0.602,0.516,0.87,0.185,0.148,-0.568,0.204,0.806,0.468,0.649,0.837,-0.091,0.831,0.574,0.582,0.804,0.283,0.332,-0.758,0.744,0.352,0.67,0.421,0.821,0.658,-0.037,0.564,0.58,0.544,-0.225,0.855,0.659,0.683,0.653,0.686,0.476,0.869,0.772,-0.219,0.716,0.865,0.707,-0.673,0.806,0.753,0.646,0.627,0.755,0.697,0.871,0.261,0.164,0.703,0.647,0.876,0.266,0.815,0.239,0.6,0.261,0.505,-0.764,0.608,0.81,0.663,0.162,0.606,0.661,0.356,0.778,-0.259,0.549
AMD,0.758,0.367,0.562,0.634,-0.125,0.042,0.114,0.092,0.0,0.585,0.627,-0.069,0.555,0.317,0.061,0.604,-0.203,0.595,0.712,0.475,0.501,0.025,0.283,0.132,0.484,0.55,-0.151,0.174,0.311,0.319,0.451,0.452,0.405,0.313,0.379,-0.275,-0.011,0.787,0.061,0.047,0.655,0.754,0.33,0.136,0.611,0.337,0.43,0.415,0.077,0.224,0.615,0.475,0.399,-0.383,0.424,0.228,0.601,0.808,0.323,-0.383,0.472,0.224,0.494,0.686,0.253,-0.218,0.385,0.422,0.163,0.002,0.454,0.227,-0.569,0.308,0.012,0.6,0.227,0.268,0.464,0.585,0.265,0.252,0.566,0.149,0.017,0.101,-0.319,-0.474,0.17,-0.139,0.438,0.58,0.675,0.271,0.009,0.314,0.655,0.102,0.46,0.363,0.636,0.486,0.369,0.239,0.245,0.133,0.737,0.432,0.727,0.286,0.324,0.646,0.367,0.715,0.174,0.23,0.36,0.324,0.095,0.371,0.416,0.373,0.478,0.662,0.299,0.284,0.392,0.357,0.639,0.42,-0.117,0.554,0.513,0.339,0.563,0.312,0.486,0.434,-0.229,-0.093,0.312,0.601,0.361,0.421,0.604,0.63,-0.067,0.226,-0.122,0.312,0.38,0.259,0.423,0.187,0.079,0.611,0.537,-0.255,0.319,0.255,0.009,0.41,0.357,0.31,0.1,-0.02,0.42,-0.024,0.336,0.41,0.487,0.271,0.371,0.574,-0.142,0.305,0.487,0.245,0.494,0.717,0.454,-0.119,0.217,0.282,0.252,0.689,0.398,0.646,-0.111,0.122,0.336,0.206,0.222,0.563,0.335,0.451,0.002,0.445,0.451,0.424
AMWD,0.591,0.4,0.783,0.907,-0.272,0.053,0.409,0.136,0.585,0.0,0.31,0.043,0.949,-0.312,0.118,0.657,-0.376,0.688,0.676,0.435,0.944,0.325,0.761,0.255,0.674,0.564,-0.537,-0.2,0.82,0.554,0.477,0.422,0.322,0.822,0.292,0.243,0.248,0.681,0.065,-0.163,0.557,0.387,0.332,0.038,0.414,0.334,0.543,0.256,0.564,0.587,0.779,0.541,0.451,-0.675,0.659,0.542,0.362,0.407,0.678,-0.815,0.85,-0.279,0.438,0.793,0.339,-0.287,0.603,0.714,0.072,-0.583,0.647,0.157,-0.642,0.51,0.109,0.761,-0.223,0.802,0.509,0.554,0.3,0.157,0.538,0.334,-0.09,0.005,-0.494,-0.343,0.223,0.28,0.333,0.868,0.447,-0.196,0.124,-0.161,0.623,0.045,0.247,0.216,0.325,0.495,0.212,0.1,0.075,0.398,0.768,0.566,0.905,0.698,0.266,0.834,0.812,0.179,0.559,0.38,0.452,0.053,-0.365,0.584,0.577,0.262,0.726,0.334,0.532,0.783,0.298,-0.219,0.628,0.395,-0.111,0.794,0.651,0.659,0.892,0.527,0.56,0.66,0.027,0.223,0.24,0.487,0.584,0.597,0.592,0.764,-0.067,0.539,-0.524,0.137,0.74,0.183,0.653,0.277,0.566,0.546,0.51,-0.723,0.367,0.165,0.402,0.377,0.283,0.742,0.037,-0.253,0.804,-0.233,0.159,0.386,0.489,0.195,0.28,0.645,-0.219,0.374,0.594,0.285,0.794,0.791,0.478,0.201,0.403,0.755,0.115,0.754,0.264,0.928,-0.484,0.073,0.726,0.33,-0.175,0.862,0.703,0.601,0.355,0.576,0.778,0.684
ARDX,0.406,0.642,0.002,0.211,-0.339,0.629,0.48,0.648,0.627,0.31,0.0,0.388,0.339,0.505,0.535,0.382,0.289,0.494,0.561,0.477,0.345,0.196,0.154,0.64,0.561,-0.066,-0.171,0.439,0.356,0.544,0.563,0.676,0.01,0.354,0.72,0.112,0.478,0.548,0.594,0.286,0.561,0.658,0.498,0.472,0.515,0.782,0.565,0.596,0.432,0.335,0.331,0.63,-0.257,0.241,0.618,0.579,0.445,0.659,0.473,-0.186,0.408,0.168,0.637,0.605,0.44,0.071,0.269,-0.111,0.607,0.116,0.219,0.631,-0.446,0.394,0.422,0.348,0.257,0.097,0.595,0.515,0.458,0.67,0.738,0.602,0.52,-0.014,0.07,0.082,-0.307,-0.165,0.634,0.437,0.661,0.496,0.524,0.337,0.212,0.516,0.472,0.67,0.327,0.639,0.257,0.603,0.531,0.397,0.194,0.308,0.4,0.366,0.451,0.378,0.314,0.499,0.305,-0.358,0.004,0.488,0.078,0.524,0.42,0.513,-0.04,0.863,0.381,0.003,0.654,0.775,0.726,0.545,0.421,0.477,0.549,-0.259,0.367,0.671,0.348,0.508,0.335,0.081,0.622,0.645,0.44,0.659,0.5,0.437,-0.466,0.519,0.286,0.469,0.378,0.6,0.624,0.204,0.406,0.608,0.653,-0.183,0.644,0.395,0.449,0.524,0.513,0.51,0.612,0.48,0.131,0.363,0.733,0.577,-0.136,0.608,0.586,0.63,0.443,0.537,0.669,0.631,0.314,0.436,0.592,0.436,0.62,0.266,0.613,0.423,0.54,0.386,0.27,-0.308,0.44,0.504,0.51,0.465,0.435,0.623,0.294,0.678,0.054,0.41
ARQT,0.136,0.756,-0.037,-0.084,-0.761,0.826,0.793,0.815,-0.069,0.043,0.388,0.0,-0.004,-0.1,0.753,0.441,0.706,0.487,0.037,0.537,0.15,-0.063,0.441,0.729,0.514,-0.27,-0.338,0.269,0.472,0.713,0.662,0.75,-0.774,0.356,0.698,0.574,0.877,-0.02,0.881,0.564,0.412,0.027,0.817,0.807,0.042,0.755,0.683,0.542,0.423,0.584,0.302,0.593,-0.648,0.47,0.627,0.469,0.339,-0.003,0.639,-0.237,0.275,-0.226,0.699,0.317,0.689,0.658,0.508,-0.457,0.82,0.052,0.316,0.812,-0.081,0.724,0.93,0.115,0.171,0.253,0.562,-0.263,0.822,0.801,0.334,0.649,0.759,-0.629,0.748,0.214,-0.854,-0.115,0.729,0.008,0.429,0.246,0.827,0.242,0.119,0.869,-0.062,0.622,-0.406,0.659,0.353,0.787,0.752,0.881,-0.16,0.603,-0.055,0.537,0.69,0.337,0.339,-0.308,0.503,-0.664,-0.2,0.691,-0.58,0.657,0.695,0.645,-0.088,0.177,0.655,-0.077,0.768,0.371,0.452,0.361,0.938,0.135,0.001,-0.467,0.126,0.626,0.502,0.547,0.885,-0.299,0.723,0.519,0.658,0.665,0.122,0.29,-0.607,0.683,0.298,0.701,0.559,0.819,0.609,-0.206,0.501,0.494,0.413,-0.343,0.745,0.678,0.688,0.662,0.637,0.291,0.783,0.829,-0.297,0.628,0.724,0.665,-0.686,0.792,0.703,0.503,0.755,0.676,0.665,0.814,0.298,-0.047,0.764,0.681,0.815,0.411,0.829,0.277,0.555,0.207,0.388,-0.84,0.593,0.817,0.525,0.044,0.664,0.623,0.376,0.626,-0.362,0.601
ASTE,0.483,0.346,0.728,0.904,-0.204,0.019,0.358,0.104,0.555,0.949,0.339,-0.004,0.0,-0.276,0.086,0.529,-0.423,0.599,0.653,0.349,0.946,0.427,0.685,0.207,0.626,0.481,-0.542,-0.223,0.795,0.474,0.391,0.343,0.389,0.858,0.23,0.34,0.217,0.636,0.026,-0.303,0.475,0.325,0.196,-0.084,0.367,0.28,0.454,0.131,0.573,0.51,0.688,0.486,0.483,-0.661,0.606,0.605,0.27,0.364,0.645,-0.827,0.853,-0.259,0.344,0.772,0.265,-0.341,0.481,0.762,0.005,-0.655,0.585,0.087,-0.571,0.387,0.067,0.743,-0.303,0.766,0.416,0.662,0.191,0.1,0.491,0.31,-0.16,0.145,-0.553,-0.247,0.295,0.352,0.261,0.865,0.402,-0.192,0.085,-0.275,0.574,-0.03,0.272,0.148,0.335,0.466,0.153,0.015,-0.033,0.323,0.746,0.472,0.883,0.656,0.181,0.768,0.782,0.197,0.617,0.414,0.478,-0.026,-0.274,0.538,0.488,0.165,0.665,0.316,0.477,0.803,0.223,-0.221,0.57,0.36,-0.182,0.813,0.727,0.683,0.914,0.488,0.437,0.561,-0.016,0.387,0.162,0.391,0.54,0.555,0.618,0.727,0.011,0.506,-0.565,0.028,0.701,0.105,0.663,0.317,0.579,0.451,0.527,-0.702,0.312,0.054,0.453,0.26,0.153,0.753,-0.012,-0.321,0.872,-0.317,0.116,0.295,0.534,0.13,0.177,0.598,-0.21,0.305,0.558,0.214,0.762,0.769,0.395,0.255,0.354,0.741,0.037,0.689,0.2,0.877,-0.515,0.135,0.699,0.263,-0.257,0.934,0.672,0.546,0.434,0.525,0.804,0.576
AUPH,0.044,0.015,-0.388,-0.283,0.21,0.095,-0.242,0.134,0.317,-0.312,0.505,-0.1,-0.276,0.0,0.001,-0.105,0.123,-0.148,0.023,-0.114,-0.371,-0.025,-0.528,0.121,-0.187,-0.148,0.251,0.295,-0.408,-0.187,-0.096,0.012,0.165,-0.407,0.161,-0.415,-0.115,0.074,0.073,0.244,0.023,0.438,-0.045,0.094,0.367,0.186,-0.156,0.205,-0.216,-0.439,-0.251,-0.104,-0.138,0.332,-0.156,-0.092,0.117,0.418,-0.343,0.425,-0.206,0.282,0.023,-0.066,-0.172,0.062,-0.275,-0.31,0.097,0.449,-0.366,0.09,-0.004,-0.248,-0.1,-0.182,0.289,-0.612,0.009,0.182,-0.066,0.13,0.116,0.009,0.146,0.259,0.069,0.043,-0.073,-0.292,0.038,-0.174,0.248,0.354,-0.079,0.292,-0.173,0.03,0.425,0.133,0.225,-0.033,-0.047,0.123,0.13,-0.24,-0.194,-0.245,-0.165,-0.452,-0.035,-0.24,-0.386,0.456,-0.39,-0.239,-0.01,0.21,0.522,-0.121,-0.204,0.003,-0.393,0.479,-0.302,-0.412,0.085,0.744,0.021,0.084,0.037,-0.099,0.046,-0.393,-0.306,-0.079,-0.159,-0.185,-0.168,-0.128,0.084,0.067,-0.281,-0.111,-0.056,-0.204,-0.015,-0.177,0.647,0.091,-0.301,0.08,-0.163,0.164,-0.326,0.141,0.002,0.304,0.0,0.012,-0.314,-0.042,0.092,-0.197,0.112,0.224,-0.243,0.112,0.313,-0.026,-0.075,0.06,0.051,-0.074,0.234,-0.128,-0.012,0.012,-0.336,-0.095,-0.081,-0.124,-0.116,-0.415,0.147,-0.159,-0.033,-0.277,0.26,0.144,-0.348,-0.099,0.338,-0.197,-0.315,-0.139,-0.196,-0.038,-0.302,-0.205
AVXL,0.234,0.723,-0.096,-0.063,-0.713,0.926,0.871,0.805,0.061,0.118,0.535,0.753,0.086,0.001,0.0,0.363,0.693,0.504,0.321,0.683,0.233,-0.118,0.365,0.691,0.665,-0.266,-0.216,0.474,0.442,0.769,0.747,0.796,-0.543,0.429,0.799,0.39,0.828,0.219,0.871,0.494,0.611,0.246,0.732,0.772,0.164,0.807,0.665,0.545,0.429,0.645,0.338,0.715,-0.667,0.423,0.661,0.457,0.468,0.26,0.694,-0.132,0.315,-0.097,0.751,0.454,0.744,0.501,0.463,-0.489,0.899,0.167,0.36,0.858,-0.244,0.716,0.749,0.249,0.325,0.322,0.597,-0.002,0.726,0.917,0.663,0.68,0.847,-0.599,0.49,0.231,-0.708,-0.292,0.752,0.19,0.488,0.409,0.896,0.353,0.115,0.841,0.047,0.818,-0.096,0.698,0.434,0.798,0.769,0.74,-0.077,0.49,0.102,0.592,0.692,0.298,0.383,-0.04,0.36,-0.639,-0.362,0.631,-0.492,0.611,0.571,0.71,0.031,0.398,0.641,-0.085,0.814,0.495,0.624,0.422,0.81,0.095,0.109,-0.516,0.242,0.711,0.495,0.617,0.778,-0.244,0.768,0.612,0.655,0.712,0.385,0.328,-0.823,0.667,0.145,0.713,0.459,0.798,0.653,-0.293,0.579,0.523,0.509,-0.207,0.804,0.662,0.675,0.742,0.688,0.408,0.815,0.793,-0.266,0.678,0.656,0.693,-0.567,0.864,0.81,0.626,0.563,0.782,0.67,0.893,0.349,0.16,0.706,0.657,0.85,0.354,0.807,0.33,0.661,0.283,0.471,-0.836,0.588,0.854,0.586,0.167,0.582,0.69,0.328,0.673,-0.255,0.541
AZTA,0.813,0.688,0.737,0.608,-0.518,0.332,0.544,0.357,0.604,0.657,0.382,0.441,0.529,-0.105,0.363,0.0,0.156,0.855,0.594,0.76,0.608,-0.149,0.764,0.356,0.731,0.589,-0.417,0.116,0.66,0.719,0.774,0.743,-0.122,0.538,0.576,0.069,0.472,0.575,0.403,0.267,0.806,0.478,0.772,0.555,0.471,0.528,0.777,0.608,0.305,0.624,0.871,0.702,0.159,-0.336,0.746,0.26,0.753,0.553,0.704,-0.576,0.636,-0.179,0.812,0.742,0.639,0.208,0.865,0.231,0.475,-0.105,0.801,0.563,-0.566,0.82,0.503,0.598,0.193,0.624,0.594,0.123,0.716,0.484,0.522,0.334,0.315,-0.467,0.112,-0.398,-0.282,-0.128,0.69,0.532,0.785,0.054,0.394,0.358,0.807,0.516,0.254,0.476,0.242,0.729,0.658,0.529,0.599,0.679,0.683,0.908,0.672,0.656,0.693,0.896,0.59,0.191,0.423,0.037,0.322,0.64,-0.527,0.704,0.886,0.697,0.66,0.344,0.741,0.416,0.695,0.123,0.698,0.48,0.346,0.582,0.227,0.285,0.638,0.523,0.858,0.766,0.275,-0.456,0.588,0.804,0.779,0.64,0.469,0.775,-0.29,0.536,-0.138,0.686,0.757,0.6,0.594,-0.107,0.343,0.861,0.522,-0.588,0.619,0.623,0.306,0.773,0.728,0.377,0.363,0.301,0.234,0.242,0.466,0.743,0.146,0.612,0.68,0.755,0.12,0.633,0.794,0.6,0.744,0.615,0.825,0.166,0.566,0.619,0.618,0.883,0.606,0.803,-0.092,-0.343,0.663,0.633,0.329,0.475,0.718,0.754,0.072,0.651,0.219,0.893
BAND,-0.013,0.508,-0.372,-0.499,-0.497,0.763,0.557,0.679,-0.203,-0.376,0.289,0.706,-0.423,0.123,0.693,0.156,0.0,0.189,0.022,0.449,-0.271,-0.326,0.033,0.505,0.265,-0.423,0.053,0.635,-0.018,0.459,0.494,0.573,-0.66,-0.066,0.59,0.212,0.646,-0.118,0.729,0.476,0.24,0.068,0.592,0.761,0.052,0.559,0.402,0.498,0.088,0.348,0.025,0.393,-0.768,0.762,0.336,0.069,0.323,0.089,0.288,0.281,-0.142,0.094,0.548,-0.01,0.578,0.582,0.28,-0.8,0.762,0.52,0.1,0.753,0.046,0.483,0.707,-0.224,0.456,-0.075,0.235,-0.383,0.571,0.714,0.309,0.385,0.826,-0.591,0.779,0.441,-0.77,-0.405,0.566,-0.27,0.308,0.473,0.794,0.521,-0.095,0.818,-0.06,0.604,-0.201,0.428,0.409,0.737,0.78,0.496,-0.381,0.294,-0.36,0.263,0.573,-0.059,-0.082,-0.092,0.03,-0.746,-0.539,0.695,-0.291,0.308,0.338,0.602,-0.326,0.165,0.372,-0.517,0.646,0.548,0.279,0.281,0.826,-0.233,-0.292,-0.766,-0.251,0.408,0.219,0.27,0.712,-0.441,0.634,0.416,0.386,0.363,0.008,-0.038,-0.683,0.33,0.424,0.665,0.085,0.687,0.224,-0.377,0.181,0.334,0.205,0.189,0.58,0.532,0.427,0.555,0.591,-0.034,0.796,0.866,-0.689,0.83,0.57,0.571,-0.749,0.733,0.626,0.287,0.65,0.615,0.39,0.666,0.016,-0.202,0.511,0.465,0.578,-0.044,0.765,0.042,0.546,-0.155,0.703,-0.824,0.172,0.576,0.707,-0.316,0.158,0.404,-0.029,0.331,-0.711,0.294
BECN,0.822,0.843,0.667,0.577,-0.598,0.488,0.689,0.529,0.595,0.688,0.494,0.487,0.599,-0.148,0.504,0.855,0.189,0.0,0.599,0.824,0.739,-0.179,0.756,0.433,0.894,0.496,-0.246,0.252,0.699,0.856,0.848,0.832,-0.166,0.689,0.772,0.133,0.575,0.73,0.5,0.127,0.801,0.408,0.799,0.658,0.374,0.634,0.892,0.533,0.355,0.774,0.92,0.865,-0.007,-0.235,0.831,0.39,0.786,0.647,0.827,-0.511,0.716,0.001,0.859,0.864,0.811,0.19,0.841,0.179,0.622,-0.032,0.835,0.603,-0.751,0.862,0.494,0.667,0.345,0.738,0.765,0.247,0.824,0.63,0.704,0.614,0.495,-0.552,0.107,-0.372,-0.311,0.02,0.841,0.657,0.711,0.241,0.54,0.423,0.748,0.614,0.363,0.664,0.342,0.851,0.69,0.689,0.674,0.705,0.638,0.842,0.717,0.779,0.845,0.901,0.799,0.161,0.423,-0.175,0.198,0.522,-0.592,0.836,0.856,0.817,0.614,0.381,0.872,0.497,0.762,0.177,0.81,0.722,0.434,0.57,0.249,0.185,0.735,0.689,0.898,0.922,0.371,-0.282,0.785,0.839,0.862,0.798,0.698,0.927,-0.537,0.699,-0.208,0.752,0.704,0.719,0.686,-0.216,0.392,0.83,0.607,-0.516,0.802,0.696,0.455,0.826,0.812,0.478,0.533,0.35,0.213,0.414,0.588,0.855,0.094,0.71,0.808,0.893,0.051,0.784,0.828,0.73,0.769,0.776,0.84,0.202,0.738,0.534,0.68,0.837,0.685,0.863,0.085,-0.468,0.833,0.745,0.494,0.57,0.773,0.861,0.074,0.82,0.262,0.833
BFC,0.637,0.41,0.504,0.609,-0.284,0.267,0.414,0.236,0.712,0.676,0.561,0.037,0.653,0.023,0.321,0.594,0.022,0.599,0.0,0.614,0.643,0.112,0.48,0.288,0.682,0.361,-0.314,0.309,0.5,0.557,0.626,0.581,0.344,0.528,0.463,-0.006,0.255,0.787,0.219,-0.006,0.682,0.68,0.396,0.214,0.525,0.443,0.546,0.475,0.363,0.512,0.67,0.645,0.211,-0.295,0.626,0.421,0.575,0.685,0.565,-0.487,0.572,0.094,0.599,0.747,0.435,-0.149,0.501,0.32,0.306,-0.107,0.541,0.401,-0.566,0.482,0.185,0.619,0.188,0.532,0.455,0.612,0.291,0.382,0.782,0.269,0.188,-0.049,-0.327,-0.164,0.135,-0.154,0.483,0.686,0.636,0.231,0.306,0.267,0.577,0.267,0.274,0.495,0.597,0.577,0.39,0.326,0.369,0.263,0.667,0.478,0.762,0.599,0.367,0.637,0.515,0.588,0.331,0.179,0.192,0.346,-0.151,0.438,0.487,0.457,0.524,0.615,0.439,0.332,0.513,0.258,0.771,0.466,0.003,0.596,0.543,0.262,0.683,0.572,0.491,0.578,0.064,0.027,0.41,0.681,0.533,0.594,0.704,0.616,-0.313,0.431,-0.344,0.347,0.497,0.369,0.59,0.143,0.447,0.632,0.608,-0.294,0.47,0.275,0.345,0.543,0.418,0.588,0.283,0.069,0.426,0.109,0.293,0.541,0.343,0.418,0.468,0.715,-0.073,0.57,0.632,0.422,0.652,0.753,0.552,0.173,0.441,0.521,0.351,0.741,0.561,0.732,-0.079,-0.133,0.518,0.367,0.204,0.694,0.484,0.635,0.158,0.559,0.492,0.584
BGC,0.759,0.768,0.488,0.371,-0.7,0.615,0.753,0.499,0.475,0.435,0.477,0.537,0.349,-0.114,0.683,0.76,0.449,0.824,0.614,0.0,0.484,-0.364,0.644,0.396,0.859,0.319,-0.172,0.459,0.54,0.842,0.934,0.89,-0.297,0.551,0.764,0.092,0.617,0.635,0.594,0.246,0.859,0.357,0.822,0.738,0.255,0.643,0.829,0.565,0.217,0.741,0.791,0.891,-0.201,-0.042,0.785,0.267,0.881,0.628,0.8,-0.363,0.472,0.09,0.912,0.736,0.822,0.291,0.807,-0.092,0.763,0.149,0.81,0.769,-0.576,0.881,0.578,0.562,0.501,0.619,0.593,0.158,0.784,0.739,0.739,0.467,0.633,-0.666,0.248,-0.176,-0.462,-0.346,0.883,0.509,0.793,0.391,0.669,0.617,0.708,0.751,0.173,0.757,0.363,0.853,0.814,0.768,0.783,0.693,0.535,0.828,0.545,0.744,0.845,0.731,0.544,0.225,0.379,-0.221,-0.086,0.713,-0.583,0.662,0.81,0.906,0.543,0.406,0.843,0.227,0.859,0.304,0.829,0.63,0.536,0.374,0.135,-0.056,0.562,0.631,0.839,0.803,0.441,-0.453,0.79,0.879,0.876,0.718,0.716,0.745,-0.674,0.612,-0.177,0.849,0.631,0.809,0.627,-0.405,0.377,0.737,0.62,-0.308,0.775,0.748,0.46,0.931,0.844,0.348,0.641,0.579,-0.059,0.561,0.517,0.894,-0.038,0.837,0.879,0.849,0.199,0.867,0.787,0.804,0.684,0.597,0.853,0.269,0.751,0.481,0.792,0.804,0.849,0.682,0.264,-0.67,0.699,0.8,0.592,0.406,0.63,0.883,-0.015,0.728,0.037,0.769
BHF,0.558,0.528,0.733,0.842,-0.345,0.19,0.523,0.256,0.501,0.944,0.345,0.15,0.946,-0.371,0.233,0.608,-0.271,0.739,0.643,0.484,0.0,0.313,0.801,0.317,0.768,0.474,-0.482,-0.126,0.858,0.648,0.545,0.495,0.229,0.907,0.403,0.367,0.368,0.673,0.187,-0.246,0.537,0.278,0.368,0.123,0.291,0.39,0.633,0.213,0.621,0.698,0.782,0.638,0.309,-0.552,0.72,0.624,0.368,0.392,0.777,-0.786,0.862,-0.22,0.497,0.833,0.467,-0.217,0.594,0.628,0.194,-0.559,0.686,0.234,-0.677,0.564,0.192,0.779,-0.159,0.883,0.567,0.553,0.379,0.25,0.586,0.491,0.044,-0.09,-0.405,-0.269,0.148,0.351,0.427,0.859,0.429,-0.095,0.276,-0.138,0.6,0.161,0.247,0.314,0.332,0.587,0.274,0.21,0.157,0.473,0.713,0.571,0.877,0.795,0.377,0.831,0.904,0.119,0.622,0.229,0.388,0.034,-0.467,0.672,0.608,0.352,0.676,0.305,0.642,0.82,0.37,-0.204,0.658,0.48,-0.002,0.762,0.607,0.585,0.934,0.631,0.585,0.738,0.16,0.297,0.364,0.504,0.675,0.692,0.673,0.834,-0.186,0.635,-0.578,0.207,0.732,0.285,0.732,0.172,0.626,0.529,0.584,-0.683,0.501,0.245,0.547,0.422,0.337,0.788,0.176,-0.166,0.743,-0.096,0.245,0.473,0.385,0.298,0.356,0.723,-0.187,0.489,0.656,0.383,0.802,0.82,0.527,0.289,0.522,0.726,0.198,0.724,0.36,0.921,-0.359,-0.073,0.824,0.426,-0.075,0.894,0.763,0.683,0.392,0.679,0.735,0.681
BHFAL,-0.334,-0.146,-0.065,0.277,0.175,-0.037,-0.016,0.067,0.025,0.325,0.196,-0.063,0.427,-0.025,-0.118,-0.149,-0.326,-0.179,0.112,-0.364,0.313,0.0,0.051,0.289,-0.065,-0.275,-0.491,-0.288,0.337,-0.076,-0.204,-0.139,0.384,0.269,-0.171,0.509,0.028,-0.083,0.023,-0.049,-0.155,0.166,-0.262,-0.415,0.121,0.121,-0.099,0.063,0.628,0.01,-0.196,-0.141,0.145,-0.129,0.071,0.616,-0.496,-0.266,0.032,-0.425,0.244,-0.326,-0.207,0.059,-0.326,-0.187,-0.263,0.362,-0.279,-0.645,-0.284,-0.095,0.15,-0.217,0.0,0.142,-0.619,0.035,0.023,0.404,-0.329,-0.151,0.037,0.111,-0.311,0.633,-0.422,0.214,0.29,0.366,-0.317,0.223,-0.099,-0.264,-0.068,-0.666,-0.289,-0.293,-0.07,-0.196,-0.209,-0.16,-0.603,-0.335,-0.386,-0.01,-0.06,-0.256,0.171,0.101,-0.47,-0.05,0.112,0.102,0.371,0.222,0.265,-0.29,0.25,0.05,-0.142,-0.474,-0.21,0.241,-0.241,0.219,-0.188,-0.066,-0.008,-0.231,-0.21,0.28,0.648,0.227,0.18,0.245,-0.344,-0.104,0.057,0.768,-0.275,-0.253,-0.11,0.163,-0.132,-0.107,0.346,0.106,-0.155,-0.509,0.185,-0.302,0.372,0.812,0.543,-0.136,0.256,-0.288,-0.135,-0.401,0.365,-0.353,-0.423,0.626,-0.158,-0.333,0.626,-0.455,-0.052,-0.296,0.049,-0.252,-0.359,-0.064,0.203,-0.202,0.091,-0.162,-0.007,-0.053,-0.086,0.421,0.001,0.356,-0.323,-0.122,-0.206,0.076,-0.396,0.319,0.054,-0.14,-0.52,0.412,0.201,-0.044,0.687,0.098,0.465,-0.021
BKNG,0.551,0.614,0.725,0.693,-0.598,0.319,0.689,0.316,0.283,0.761,0.154,0.441,0.685,-0.528,0.365,0.764,0.033,0.756,0.48,0.644,0.801,0.051,0.0,0.383,0.772,0.421,-0.546,-0.137,0.874,0.763,0.693,0.623,-0.127,0.813,0.427,0.444,0.6,0.407,0.366,0.048,0.581,0.093,0.618,0.403,0.116,0.437,0.739,0.328,0.522,0.794,0.827,0.692,0.106,-0.419,0.777,0.503,0.479,0.198,0.872,-0.763,0.777,-0.415,0.65,0.699,0.622,0.153,0.815,0.374,0.372,-0.453,0.787,0.442,-0.509,0.806,0.477,0.656,-0.095,0.905,0.531,0.147,0.612,0.364,0.453,0.424,0.214,-0.468,-0.033,-0.205,-0.197,0.183,0.555,0.63,0.514,-0.163,0.446,0.002,0.649,0.41,0.045,0.361,0.07,0.661,0.445,0.365,0.386,0.74,0.588,0.824,0.658,0.869,0.567,0.845,0.802,-0.132,0.68,0.103,0.303,0.319,-0.753,0.724,0.843,0.532,0.707,0.115,0.802,0.69,0.542,-0.241,0.578,0.371,0.294,0.635,0.292,0.434,0.773,0.596,0.769,0.77,0.429,-0.074,0.466,0.6,0.814,0.65,0.484,0.765,-0.274,0.708,-0.456,0.455,0.859,0.484,0.686,-0.072,0.631,0.636,0.476,-0.771,0.553,0.502,0.568,0.635,0.54,0.608,0.311,0.15,0.421,0.091,0.274,0.608,0.121,0.479,0.516,0.706,0.065,0.618,0.713,0.536,0.838,0.576,0.678,0.391,0.639,0.802,0.421,0.744,0.473,0.827,-0.283,-0.377,0.824,0.63,0.038,0.644,0.836,0.751,0.337,0.655,0.449,0.855
BL,0.166,0.717,-0.14,0.025,-0.593,0.834,0.731,0.869,0.132,0.255,0.64,0.729,0.207,0.121,0.691,0.356,0.505,0.433,0.288,0.396,0.317,0.289,0.383,0.0,0.582,-0.353,-0.415,0.261,0.532,0.705,0.612,0.716,-0.391,0.418,0.731,0.427,0.801,0.222,0.838,0.496,0.399,0.337,0.679,0.655,0.299,0.897,0.657,0.65,0.625,0.549,0.254,0.604,-0.615,0.426,0.668,0.72,0.225,0.171,0.595,-0.238,0.407,-0.22,0.652,0.452,0.551,0.412,0.311,-0.33,0.726,-0.016,0.106,0.755,-0.27,0.584,0.72,0.281,0.098,0.199,0.709,0.098,0.62,0.766,0.623,0.803,0.704,-0.311,0.342,0.236,-0.591,-0.041,0.619,0.235,0.42,0.313,0.786,0.138,-0.059,0.702,0.067,0.682,-0.201,0.605,0.036,0.701,0.637,0.692,-0.153,0.358,0.122,0.528,0.494,0.28,0.441,-0.011,0.438,-0.619,-0.111,0.469,-0.366,0.672,0.553,0.504,-0.167,0.576,0.454,-0.013,0.722,0.522,0.617,0.369,0.735,0.304,0.369,-0.427,0.243,0.844,0.419,0.605,0.791,0.061,0.692,0.567,0.506,0.776,0.231,0.257,-0.618,0.732,0.293,0.493,0.508,0.709,0.726,0.222,0.677,0.521,0.562,-0.322,0.742,0.567,0.688,0.584,0.563,0.623,0.773,0.657,-0.003,0.501,0.79,0.591,-0.605,0.67,0.641,0.574,0.646,0.649,0.673,0.774,0.255,0.137,0.647,0.73,0.819,0.38,0.681,0.245,0.526,0.286,0.302,-0.625,0.578,0.703,0.466,0.258,0.615,0.617,0.478,0.757,-0.049,0.561
BOKF,0.71,0.843,0.523,0.505,-0.65,0.647,0.83,0.62,0.484,0.674,0.561,0.514,0.626,-0.187,0.665,0.731,0.265,0.894,0.682,0.859,0.768,-0.065,0.772,0.582,0.0,0.278,-0.327,0.323,0.756,0.929,0.902,0.873,-0.164,0.79,0.8,0.268,0.704,0.722,0.608,0.106,0.788,0.358,0.758,0.651,0.31,0.717,0.891,0.53,0.493,0.842,0.827,0.946,-0.167,-0.122,0.888,0.552,0.73,0.592,0.928,-0.517,0.724,-0.05,0.874,0.904,0.846,0.202,0.737,0.101,0.706,-0.071,0.772,0.685,-0.705,0.858,0.555,0.721,0.329,0.781,0.754,0.376,0.763,0.721,0.844,0.719,0.595,-0.534,0.067,-0.153,-0.318,-0.013,0.831,0.685,0.699,0.309,0.69,0.367,0.617,0.666,0.301,0.756,0.354,0.891,0.616,0.717,0.678,0.715,0.541,0.75,0.695,0.864,0.788,0.801,0.826,0.185,0.534,-0.228,0.062,0.477,-0.629,0.838,0.823,0.81,0.548,0.457,0.849,0.496,0.813,0.219,0.902,0.715,0.478,0.558,0.356,0.086,0.793,0.835,0.84,0.938,0.519,-0.106,0.805,0.85,0.886,0.891,0.795,0.848,-0.674,0.823,-0.28,0.715,0.709,0.767,0.795,-0.157,0.601,0.755,0.69,-0.477,0.853,0.706,0.626,0.843,0.776,0.651,0.647,0.427,0.229,0.448,0.585,0.865,-0.008,0.775,0.811,0.947,0.125,0.878,0.87,0.802,0.761,0.741,0.832,0.411,0.842,0.586,0.701,0.791,0.766,0.828,0.13,-0.575,0.889,0.816,0.478,0.667,0.791,0.923,0.199,0.888,0.314,0.807
BRKR,0.662,0.091,0.816,0.649,0.035,-0.378,-0.077,-0.342,0.55,0.564,-0.066,-0.27,0.481,-0.148,-0.266,0.589,-0.423,0.496,0.361,0.319,0.474,-0.275,0.421,-0.353,0.278,0.0,-0.023,-0.141,0.23,0.129,0.193,0.101,0.346,0.265,-0.015,-0.314,-0.231,0.52,-0.375,-0.249,0.421,0.187,0.109,-0.064,0.275,-0.189,0.199,-0.022,-0.166,0.126,0.654,0.192,0.715,-0.734,0.206,-0.186,0.498,0.484,0.203,-0.402,0.401,0.026,0.208,0.424,0.124,-0.312,0.512,0.609,-0.186,-0.165,0.635,-0.168,-0.482,0.232,-0.233,0.397,0.028,0.459,0.082,0.182,0.135,-0.186,0.089,-0.201,-0.289,-0.074,-0.345,-0.583,0.327,0.032,0.13,0.496,0.344,-0.222,-0.297,0.156,0.778,-0.175,0.394,-0.099,0.512,0.207,0.475,-0.083,-0.038,-0.001,0.81,0.478,0.634,0.205,0.207,0.666,0.336,0.239,0.004,0.541,0.39,0.072,-0.147,0.144,0.352,0.207,0.769,-0.028,0.308,0.516,0.008,-0.322,0.222,0.246,-0.353,0.435,0.108,0.692,0.495,-0.11,0.457,0.307,-0.451,-0.272,0.003,0.294,0.293,0.029,0.352,0.597,0.201,0.001,-0.375,0.164,0.308,-0.037,0.008,-0.142,-0.207,0.379,0.05,-0.369,0.019,0.061,-0.257,0.193,0.222,0.005,-0.274,-0.369,0.394,-0.258,-0.138,0.204,0.727,-0.027,0.099,0.283,-0.497,0.053,0.188,-0.077,0.513,0.613,0.206,-0.425,-0.098,0.242,-0.028,0.639,0.057,0.608,-0.409,0.321,0.253,-0.015,-0.089,0.386,0.174,0.217,-0.326,0.06,0.403,0.345
CACC,-0.066,-0.236,-0.297,-0.51,0.328,-0.173,-0.362,-0.234,-0.151,-0.537,-0.171,-0.338,-0.542,0.251,-0.216,-0.417,0.053,-0.246,-0.314,-0.172,-0.482,-0.491,-0.546,-0.415,-0.327,-0.023,0.0,0.451,-0.681,-0.341,-0.289,-0.309,0.025,-0.547,-0.098,-0.626,-0.417,-0.021,-0.296,-0.128,-0.267,-0.213,-0.288,-0.027,-0.222,-0.354,-0.319,-0.257,-0.606,-0.33,-0.31,-0.211,-0.094,0.316,-0.452,-0.516,0.015,0.167,-0.499,0.738,-0.574,0.716,-0.276,-0.337,-0.131,-0.097,-0.371,-0.327,-0.08,0.696,-0.246,-0.278,0.003,-0.368,-0.406,-0.373,0.552,-0.4,-0.25,-0.19,-0.205,-0.192,-0.178,-0.185,0.08,-0.079,0.135,-0.094,0.1,-0.215,-0.158,-0.296,-0.301,0.419,-0.235,0.462,-0.228,-0.153,0.139,-0.024,0.295,-0.292,0.089,-0.016,-0.046,-0.535,-0.257,-0.435,-0.342,-0.479,-0.077,-0.423,-0.387,0.131,-0.685,-0.192,-0.376,-0.233,0.331,-0.414,-0.486,-0.015,-0.268,-0.207,-0.317,-0.332,-0.264,0.104,-0.276,0.086,-0.16,-0.512,-0.491,-0.269,-0.435,-0.394,-0.214,-0.252,-0.311,-0.147,-0.035,-0.21,-0.412,-0.415,-0.033,-0.224,-0.092,-0.455,0.204,-0.008,-0.71,-0.133,-0.623,-0.299,-0.691,-0.364,-0.395,0.75,-0.192,-0.049,-0.526,-0.207,-0.048,-0.561,-0.064,-0.037,-0.498,0.292,-0.176,-0.136,0.014,-0.192,-0.112,-0.297,-0.299,-0.189,-0.48,-0.284,-0.5,-0.152,-0.387,-0.576,-0.37,-0.743,-0.145,-0.376,-0.082,-0.444,0.544,0.152,-0.463,-0.343,0.349,-0.453,-0.636,-0.347,-0.738,-0.352,-0.342,-0.568
CAR,0.25,0.36,-0.185,-0.33,-0.21,0.535,0.348,0.437,0.174,-0.2,0.439,0.269,-0.223,0.295,0.474,0.116,0.635,0.252,0.309,0.459,-0.126,-0.288,-0.137,0.261,0.323,-0.141,0.451,0.0,-0.168,0.351,0.43,0.473,-0.21,-0.088,0.547,-0.214,0.271,0.349,0.418,0.289,0.379,0.339,0.375,0.535,0.286,0.401,0.322,0.468,-0.073,0.263,0.124,0.432,-0.404,0.537,0.257,0.024,0.472,0.503,0.146,0.33,-0.141,0.6,0.471,0.203,0.464,0.221,0.142,-0.536,0.58,0.661,0.163,0.539,-0.224,0.268,0.343,-0.071,0.688,-0.072,0.222,0.013,0.344,0.544,0.493,0.277,0.664,-0.347,0.395,0.178,-0.361,-0.535,0.471,0.024,0.39,0.725,0.511,0.691,0.038,0.527,0.231,0.584,0.338,0.378,0.48,0.618,0.612,0.103,-0.08,0.118,-0.018,0.156,0.43,0.008,-0.074,0.436,-0.215,-0.49,-0.495,0.502,0.052,0.141,0.144,0.56,-0.192,0.359,0.203,-0.371,0.503,0.59,0.452,0.472,0.421,-0.201,-0.081,-0.532,-0.084,0.359,0.192,0.297,0.292,-0.267,0.582,0.468,0.249,0.331,0.339,0.115,-0.62,0.161,0.27,0.56,-0.13,0.515,0.098,-0.192,-0.061,0.273,0.241,0.452,0.499,0.418,0.168,0.452,0.508,0.028,0.611,0.551,-0.461,0.721,0.416,0.55,-0.289,0.586,0.52,0.359,0.274,0.533,0.322,0.443,0.005,0.118,0.402,0.099,0.357,-0.181,0.572,0.169,0.603,-0.007,0.782,-0.44,0.08,0.339,0.746,-0.08,-0.039,0.393,-0.339,0.274,-0.4,0.074
CDNA,0.435,0.625,0.595,0.707,-0.525,0.412,0.708,0.447,0.311,0.82,0.356,0.472,0.795,-0.408,0.442,0.66,-0.018,0.699,0.5,0.54,0.858,0.337,0.874,0.532,0.756,0.23,-0.681,-0.168,0.0,0.743,0.631,0.622,-0.083,0.894,0.47,0.61,0.616,0.413,0.464,0.066,0.555,0.201,0.559,0.312,0.201,0.578,0.724,0.416,0.786,0.78,0.698,0.666,0.038,-0.354,0.819,0.708,0.31,0.165,0.866,-0.818,0.804,-0.444,0.598,0.723,0.524,0.072,0.687,0.397,0.38,-0.6,0.632,0.474,-0.445,0.722,0.499,0.681,-0.25,0.821,0.601,0.348,0.534,0.42,0.528,0.55,0.199,-0.214,-0.105,-0.099,-0.174,0.296,0.513,0.707,0.497,-0.135,0.478,-0.176,0.491,0.389,0.028,0.385,-0.03,0.623,0.236,0.334,0.297,0.752,0.51,0.683,0.704,0.844,0.449,0.777,0.816,-0.087,0.801,0.066,0.309,0.251,-0.611,0.766,0.745,0.416,0.546,0.278,0.718,0.686,0.524,-0.12,0.626,0.382,0.303,0.719,0.559,0.375,0.79,0.713,0.615,0.739,0.48,0.168,0.427,0.54,0.759,0.743,0.48,0.719,-0.248,0.725,-0.409,0.313,0.885,0.439,0.845,0.135,0.824,0.566,0.597,-0.79,0.573,0.377,0.741,0.549,0.419,0.801,0.334,0.122,0.586,0.022,0.337,0.522,0.047,0.445,0.461,0.696,0.194,0.565,0.756,0.566,0.755,0.553,0.667,0.557,0.682,0.869,0.384,0.674,0.425,0.81,-0.293,-0.329,0.846,0.629,-0.047,0.744,0.896,0.754,0.595,0.743,0.526,0.794
CG,0.59,0.893,0.377,0.362,-0.78,0.784,0.93,0.757,0.319,0.554,0.544,0.713,0.474,-0.187,0.769,0.719,0.459,0.856,0.557,0.842,0.648,-0.076,0.763,0.705,0.929,0.129,-0.341,0.351,0.743,0.0,0.91,0.926,-0.372,0.722,0.85,0.362,0.853,0.548,0.751,0.306,0.745,0.299,0.874,0.791,0.292,0.825,0.911,0.601,0.545,0.87,0.759,0.937,-0.364,0.051,0.926,0.598,0.677,0.464,0.934,-0.474,0.666,-0.15,0.921,0.786,0.886,0.345,0.776,-0.093,0.824,-0.047,0.701,0.816,-0.645,0.934,0.712,0.568,0.295,0.703,0.78,0.141,0.87,0.823,0.785,0.763,0.736,-0.656,0.272,-0.023,-0.561,-0.108,0.878,0.574,0.656,0.284,0.824,0.37,0.49,0.807,0.189,0.784,0.12,0.897,0.578,0.819,0.785,0.85,0.34,0.78,0.517,0.873,0.834,0.732,0.755,-0.005,0.531,-0.402,-0.076,0.597,-0.681,0.845,0.862,0.846,0.387,0.434,0.874,0.339,0.88,0.275,0.834,0.652,0.693,0.476,0.279,-0.112,0.624,0.873,0.808,0.931,0.706,-0.197,0.878,0.829,0.899,0.91,0.614,0.731,-0.76,0.878,-0.081,0.789,0.752,0.864,0.785,-0.184,0.648,0.755,0.637,-0.511,0.928,0.756,0.703,0.887,0.848,0.64,0.78,0.604,0.071,0.557,0.686,0.915,-0.259,0.86,0.876,0.888,0.345,0.899,0.874,0.904,0.692,0.555,0.887,0.536,0.942,0.606,0.82,0.69,0.757,0.72,0.216,-0.719,0.884,0.891,0.54,0.511,0.812,0.937,0.25,0.885,0.098,0.852
CGBD,0.699,0.878,0.417,0.364,-0.761,0.733,0.84,0.66,0.451,0.477,0.563,0.662,0.391,-0.096,0.747,0.774,0.494,0.848,0.626,0.934,0.545,-0.204,0.693,0.612,0.902,0.193,-0.289,0.43,0.631,0.91,0.0,0.961,-0.34,0.596,0.851,0.229,0.737,0.615,0.742,0.317,0.84,0.405,0.904,0.795,0.285,0.781,0.921,0.648,0.371,0.805,0.769,0.925,-0.309,0.061,0.85,0.449,0.782,0.557,0.859,-0.406,0.541,0.01,0.953,0.779,0.867,0.397,0.772,-0.134,0.825,0.091,0.734,0.841,-0.561,0.917,0.717,0.577,0.452,0.617,0.729,0.159,0.848,0.818,0.787,0.636,0.701,-0.657,0.309,-0.148,-0.519,-0.24,0.926,0.495,0.796,0.408,0.782,0.55,0.606,0.823,0.167,0.833,0.271,0.906,0.701,0.838,0.849,0.793,0.434,0.821,0.532,0.797,0.87,0.728,0.629,0.193,0.481,-0.35,-0.017,0.719,-0.641,0.791,0.863,0.907,0.44,0.489,0.866,0.241,0.941,0.373,0.882,0.63,0.642,0.422,0.206,-0.117,0.579,0.782,0.855,0.859,0.603,-0.344,0.867,0.909,0.902,0.84,0.676,0.749,-0.718,0.732,-0.108,0.856,0.69,0.878,0.769,-0.256,0.505,0.795,0.704,-0.363,0.865,0.798,0.599,0.948,0.855,0.483,0.736,0.644,-0.026,0.612,0.682,0.919,-0.184,0.887,0.912,0.898,0.326,0.927,0.884,0.886,0.677,0.584,0.914,0.44,0.862,0.531,0.845,0.757,0.871,0.69,0.292,-0.744,0.781,0.865,0.626,0.438,0.758,0.922,0.145,0.86,0.068,0.839
