,ACET,ADAP,ADI,ADPT,ADTN,AGEN,ALGN,ALLK,AMD,AMWD,ARDX,ARQT,ASTE,AUPH,AVXL,AZTA,BAND,BECN,BFC,BGC,BHF,BHFAL,BKNG,BL,BOKF,BRKR,CACC,CAR,CDNA,CG,CGBD,CHI,CHTR,CHX,CLNE,CME,CNOB,CNXN,CPRX,CSGP,CSGS,CSIQ,CVCO,CVLT,CYRX,DDOG,DOOO,DSGX,DTIL,ECPG,EEFT,EFSC,ENTG,ESPR,ETSY,EXC,FAMI,FFIV,FITB,FIZZ,FMBH,FOX,FTNT,FULT,GABC,GEN,GH,GMAB,GNPX,GO,GOGL,GOOG,GPRO,GSHD,GSM,GWAV,HAIN,HBAN,HEPA,HURN,HWKN,IBIO,ICFI,IGMS,IMKTA,INCY,INO,IRDM,IRTC,IRWD,ITCI,JACK,JD,JJSF,KALA,KHC,KLAC,KRRO,KRYS,LANC,LBTYA,LIVN,LKCO,LNTH,LOGI,LPRO,LRCX,LSCC,LSTR,MAR,MARA,MCHP,MEOH,META,MGTX,MKSI,MMYT,MORN,MRUS,MTLS,MTSI,MVIS,MXL,NBIX,NFE,NMIH,NMRK,NNDM,NSIT,NTCT,NVAX,OCUL,ODP,OLED,ONB,OTEX,PACB,PATK,PAYX,PEP,PERI,PI,PLYA,PRDO,PRGS,PTGX,QCOM,QCRH,QDEL,QFIN,RGEN,RILY,RPAY,RPD,SABR,SEDG,SHEN,SIRI,SLNO,SNDL,SNEX,SONO,SPT,SSNC,STGW,STKL,STRL,STX,SWTX,SYNA,TFSL,TIGR,TNXP,TOWN,TRI,TRIP,TRMB,TRNS,TRS,TSCO,TSEM,TVTX,TXRH,VC,VCEL,VECO,VIAV,VICR,VIR,VRTX,VSTM,VTRS,WDFC,WSBC,WSC,WYNN,XENE,XNCR,XRAY,ZS
ACET,0.0,0.897,0.672,0.842,-0.671,-0.131,0.85,0.852,0.835,0.512,0.599,0.536,0.781,0.477,0.839,0.834,0.853,-0.418,0.478,0.282,-0.694,-0.096,0.922,0.848,-0.427,0.641,-0.689,0.653,0.891,-0.314,0.813,0.617,-0.62,-0.763,0.812,-0.688,-0.203,-0.405,-0.413,0.709,0.688,0.837,0.655,0.753,0.376,0.626,0.65,0.862,0.396,-0.65,0.621,-0.106,0.819,0.727,0.85,0.029,0.498,0.588,-0.687,0.734,0.501,-0.031,-0.065,-0.364,0.749,-0.504,0.885,-0.153,0.875,0.541,-0.118,0.729,0.859,0.769,-0.085,-0.735,0.538,-0.538,0.823,0.285,0.482,-0.374,-0.034,0.403,-0.281,0.766,0.516,0.698,0.278,-0.15,-0.533,0.302,0.855,-0.516,0.84,-0.748,0.78,0.684,0.891,-0.42,-0.676,0.448,0.403,0.897,0.709,0.848,0.823,0.796,-0.351,0.83,0.804,0.807,-0.024,0.495,0.838,0.684,0.938,0.562,-0.093,0.837,0.796,0.548,0.84,0.573,0.785,0.814,-0.831,0.822,0.585,0.142,0.871,0.688,-0.397,0.88,-0.159,0.732,0.831,0.361,-0.22,-0.52,0.863,0.62,0.266,0.021,0.594,-0.017,0.871,0.659,-0.459,0.699,0.891,-0.622,0.508,0.591,0.789,0.828,-0.584,0.752,0.857,0.846,-0.64,0.822,0.781,0.516,-0.691,0.294,-0.529,0.054,0.349,0.863,-0.597,0.869,0.696,-0.661,-0.433,0.724,0.859,0.337,-0.448,0.262,0.836,0.789,0.603,0.483,0.91,0.797,0.497,0.928,0.824,0.395,0.482,-0.806,0.638,-0.693,0.839,0.642,0.713,0.871,-0.139,0.852
ADAP,0.897,0.0,0.573,0.899,-0.685,-0.03,0.828,0.916,0.843,0.39,0.72,0.367,0.826,0.642,0.907,0.82,0.829,-0.575,0.394,0.244,-0.717,-0.233,0.9,0.883,-0.484,0.507,-0.72,0.709,0.861,-0.499,0.827,0.528,-0.758,-0.762,0.822,-0.617,-0.333,-0.437,-0.312,0.701,0.583,0.83,0.623,0.745,0.173,0.728,0.544,0.815,0.508,-0.701,0.7,-0.299,0.743,0.741,0.92,0.033,0.546,0.578,-0.75,0.71,0.416,-0.116,-0.225,-0.418,0.694,-0.364,0.879,-0.109,0.918,0.409,-0.203,0.633,0.829,0.734,-0.019,-0.771,0.587,-0.591,0.904,0.196,0.272,-0.585,-0.063,0.452,-0.48,0.744,0.59,0.616,0.237,-0.023,-0.506,0.124,0.789,-0.552,0.899,-0.822,0.724,0.618,0.901,-0.584,-0.743,0.481,0.245,0.836,0.642,0.799,0.764,0.791,-0.471,0.804,0.753,0.776,0.001,0.403,0.817,0.678,0.95,0.419,0.181,0.861,0.766,0.631,0.843,0.704,0.842,0.811,-0.847,0.866,0.645,0.25,0.885,0.607,-0.48,0.861,-0.222,0.65,0.889,0.242,-0.377,-0.653,0.767,0.631,0.26,0.037,0.65,0.043,0.816,0.511,-0.44,0.797,0.894,-0.642,0.587,0.714,0.863,0.886,-0.573,0.688,0.861,0.911,-0.579,0.818,0.829,0.523,-0.663,0.449,-0.647,0.223,0.434,0.858,-0.48,0.942,0.706,-0.751,-0.621,0.706,0.864,0.337,-0.595,0.07,0.773,0.789,0.484,0.36,0.937,0.782,0.536,0.882,0.905,0.325,0.568,-0.746,0.688,-0.757,0.815,0.664,0.632,0.936,-0.296,0.888
ADI,0.672,0.573,0.0,0.674,-0.306,0.063,0.799,0.516,0.77,0.417,0.609,0.265,0.42,0.298,0.665,0.781,0.735,-0.29,0.279,0.525,-0.534,0.308,0.654,0.631,-0.102,0.726,-0.468,0.301,0.797,-0.172,0.671,0.562,-0.436,-0.491,0.491,-0.451,-0.096,-0.135,-0.22,0.723,0.45,0.805,0.679,0.731,0.51,0.633,0.467,0.601,0.404,-0.295,0.602,-0.089,0.812,0.363,0.57,0.103,0.586,0.699,-0.547,0.659,0.337,0.212,0.333,-0.146,0.505,-0.324,0.622,0.227,0.699,0.419,0.076,0.58,0.695,0.514,0.111,-0.39,0.173,-0.386,0.613,0.013,0.374,-0.082,0.154,0.071,-0.076,0.57,0.628,0.735,0.381,0.032,-0.361,0.092,0.714,-0.29,0.539,-0.525,0.887,0.323,0.61,-0.27,-0.572,0.17,0.207,0.538,0.841,0.605,0.888,0.878,-0.395,0.529,0.515,0.88,0.064,0.218,0.495,0.873,0.65,0.261,-0.173,0.709,0.831,0.589,0.826,0.526,0.712,0.334,-0.515,0.671,0.363,0.304,0.615,0.229,-0.22,0.768,0.085,0.632,0.686,0.404,0.196,-0.305,0.607,0.738,0.117,0.149,0.694,0.2,0.703,0.496,0.046,0.724,0.652,-0.34,0.46,0.517,0.526,0.73,-0.115,0.719,0.601,0.573,-0.505,0.63,0.579,0.352,-0.383,0.343,-0.304,0.074,0.449,0.622,-0.367,0.624,0.479,-0.434,-0.207,0.468,0.649,0.581,-0.34,0.243,0.769,0.47,0.192,0.368,0.613,0.695,0.637,0.804,0.639,0.231,0.367,-0.563,0.392,-0.285,0.8,0.439,0.661,0.594,-0.153,0.676
ADPT,0.842,0.899,0.674,0.0,-0.626,-0.132,0.916,0.936,0.946,0.52,0.882,0.295,0.877,0.531,0.881,0.943,0.925,-0.505,0.417,0.496,-0.77,-0.192,0.9,0.953,-0.464,0.574,-0.855,0.68,0.875,-0.527,0.748,0.619,-0.817,-0.816,0.823,-0.592,-0.417,-0.534,-0.387,0.836,0.628,0.936,0.756,0.722,0.22,0.818,0.602,0.817,0.518,-0.748,0.806,-0.294,0.832,0.815,0.927,-0.041,0.718,0.774,-0.841,0.871,0.351,0.181,-0.291,-0.277,0.741,-0.369,0.902,-0.091,0.846,0.428,-0.414,0.568,0.875,0.771,-0.056,-0.773,0.519,-0.628,0.864,0.007,0.337,-0.508,0.041,0.414,-0.456,0.834,0.623,0.758,0.507,-0.06,-0.538,0.04,0.764,-0.556,0.948,-0.901,0.881,0.556,0.933,-0.643,-0.793,0.52,0.175,0.768,0.65,0.756,0.853,0.904,-0.554,0.837,0.736,0.91,0.118,0.228,0.842,0.792,0.88,0.388,0.138,0.963,0.895,0.816,0.939,0.814,0.815,0.635,-0.81,0.942,0.535,0.402,0.93,0.52,-0.542,0.875,-0.152,0.682,0.979,0.396,-0.383,-0.692,0.642,0.768,0.411,-0.03,0.82,-0.038,0.833,0.569,-0.277,0.826,0.923,-0.515,0.681,0.829,0.931,0.946,-0.427,0.824,0.884,0.924,-0.624,0.881,0.906,0.486,-0.72,0.472,-0.705,0.172,0.453,0.887,-0.419,0.951,0.524,-0.76,-0.718,0.766,0.898,0.233,-0.647,0.119,0.83,0.784,0.313,0.474,0.927,0.866,0.679,0.912,0.931,0.318,0.367,-0.738,0.765,-0.693,0.898,0.549,0.589,0.938,-0.464,0.967
ADTN,-0.671,-0.685,-0.306,-0.626,0.0,0.534,-0.504,-0.652,-0.632,-0.488,-0.403,-0.683,-0.585,-0.338,-0.603,-0.542,-0.657,0.375,-0.217,-0.16,0.659,0.216,-0.708,-0.677,0.632,-0.38,0.69,-0.341,-0.601,0.228,-0.463,-0.62,0.707,0.842,-0.87,0.783,0.325,0.524,0.746,-0.491,-0.662,-0.623,-0.159,-0.389,-0.463,-0.189,-0.696,-0.801,0.081,0.733,-0.204,0.032,-0.489,-0.56,-0.713,0.511,-0.406,-0.355,0.704,-0.593,-0.313,0.157,0.299,0.537,-0.788,0.711,-0.815,0.653,-0.601,-0.634,0.505,-0.465,-0.65,-0.795,0.432,0.802,-0.308,0.677,-0.513,-0.361,-0.478,0.326,-0.109,0.102,0.076,-0.415,0.007,-0.363,0.025,0.596,0.814,-0.356,-0.758,0.688,-0.734,0.771,-0.516,-0.772,-0.751,0.489,0.714,-0.452,-0.608,-0.77,-0.44,-0.746,-0.479,-0.481,0.058,-0.719,-0.841,-0.439,-0.108,-0.268,-0.597,-0.218,-0.64,-0.726,0.117,-0.659,-0.547,-0.388,-0.55,-0.206,-0.396,-0.746,0.92,-0.657,-0.172,0.349,-0.721,-0.763,0.188,-0.719,0.297,-0.526,-0.593,-0.368,0.401,0.717,-0.654,-0.475,-0.092,0.385,-0.285,0.492,-0.652,-0.596,0.731,-0.3,-0.785,0.844,-0.083,-0.282,-0.509,-0.479,0.762,-0.595,-0.775,-0.638,0.781,-0.799,-0.516,-0.054,0.798,0.052,0.386,0.377,0.2,-0.781,0.798,-0.696,-0.469,0.693,0.379,-0.76,-0.704,0.098,0.521,-0.405,-0.677,-0.91,-0.644,-0.597,-0.765,-0.414,0.047,-0.665,-0.504,-0.023,-0.058,0.892,-0.438,0.753,-0.639,-0.304,-0.518,-0.615,0.397,-0.664
AGEN,-0.131,-0.03,0.063,-0.132,0.534,0.0,-0.064,-0.142,-0.229,-0.712,-0.064,-0.708,-0.255,0.438,0.03,-0.168,-0.296,-0.338,-0.078,-0.234,0.244,-0.005,-0.298,-0.29,0.306,-0.305,0.46,0.019,-0.075,-0.296,0.101,-0.564,0.185,0.519,-0.536,0.564,0.169,0.515,0.862,-0.195,-0.579,-0.232,0.053,0.183,-0.495,0.334,-0.669,-0.493,0.613,0.515,0.149,-0.312,-0.173,-0.379,-0.222,0.812,-0.11,-0.113,0.244,-0.382,-0.07,-0.301,0.37,0.051,-0.59,0.774,-0.413,0.798,0.1,-0.656,0.706,-0.163,-0.259,-0.596,0.659,0.441,0.113,0.235,0.113,-0.272,-0.633,-0.277,-0.269,0.224,-0.394,-0.122,0.505,-0.111,-0.22,0.899,0.667,-0.622,-0.334,0.452,-0.3,0.391,-0.164,-0.634,-0.325,0.11,0.248,-0.409,-0.525,-0.367,0.029,-0.343,-0.082,-0.027,-0.472,-0.454,-0.565,-0.047,-0.367,0.032,-0.302,0.23,-0.06,-0.773,0.526,-0.242,-0.188,-0.109,-0.113,0.224,0.24,-0.217,0.426,-0.235,0.289,0.498,-0.315,-0.611,-0.078,-0.238,0.128,-0.414,-0.141,-0.592,0.218,0.358,-0.217,-0.158,-0.365,0.593,-0.02,0.885,-0.26,-0.516,0.418,0.351,-0.349,0.328,0.382,0.12,-0.119,0.05,0.504,-0.344,-0.393,-0.163,0.643,-0.453,-0.125,0.244,0.643,0.62,0.037,0.67,0.647,-0.412,0.663,-0.123,0.206,0.285,-0.014,-0.585,-0.356,0.681,0.068,-0.719,-0.368,-0.559,-0.473,-0.781,-0.248,-0.052,0.33,-0.194,0.116,0.147,0.597,0.544,-0.153,0.383,-0.222,0.096,-0.087,-0.05,0.219,-0.224
ALGN,0.85,0.828,0.799,0.916,-0.504,-0.064,0.0,0.877,0.908,0.549,0.799,0.343,0.791,0.425,0.867,0.946,0.91,-0.388,0.432,0.552,-0.676,0.049,0.881,0.888,-0.299,0.684,-0.703,0.639,0.934,-0.335,0.802,0.665,-0.66,-0.699,0.755,-0.595,-0.199,-0.38,-0.324,0.799,0.616,0.931,0.802,0.779,0.368,0.766,0.6,0.797,0.504,-0.59,0.793,-0.141,0.925,0.705,0.837,0.049,0.647,0.733,-0.725,0.829,0.491,0.188,-0.039,-0.169,0.719,-0.394,0.852,0.023,0.837,0.477,-0.196,0.672,0.902,0.733,0.076,-0.683,0.501,-0.513,0.822,0.098,0.44,-0.349,0.076,0.354,-0.29,0.803,0.693,0.833,0.497,-0.027,-0.487,0.122,0.812,-0.469,0.836,-0.772,0.92,0.52,0.878,-0.483,-0.705,0.461,0.239,0.774,0.78,0.798,0.927,0.937,-0.461,0.823,0.72,0.934,0.206,0.338,0.793,0.866,0.865,0.409,0.021,0.913,0.908,0.73,0.955,0.742,0.843,0.606,-0.715,0.878,0.578,0.39,0.866,0.482,-0.408,0.885,-0.018,0.769,0.915,0.494,-0.153,-0.542,0.732,0.827,0.404,0.103,0.829,0.069,0.881,0.643,-0.193,0.822,0.881,-0.445,0.618,0.732,0.851,0.906,-0.329,0.8,0.821,0.866,-0.61,0.847,0.884,0.509,-0.628,0.425,-0.535,0.165,0.556,0.852,-0.432,0.883,0.584,-0.614,-0.51,0.715,0.861,0.347,-0.475,0.214,0.874,0.704,0.362,0.506,0.874,0.885,0.702,0.926,0.883,0.374,0.402,-0.71,0.703,-0.565,0.918,0.642,0.637,0.876,-0.262,0.907
ALLK,0.852,0.916,0.516,0.936,-0.652,-0.142,0.877,0.0,0.871,0.492,0.799,0.342,0.905,0.535,0.867,0.875,0.854,-0.487,0.465,0.401,-0.733,-0.251,0.906,0.933,-0.503,0.517,-0.778,0.743,0.834,-0.482,0.737,0.569,-0.755,-0.77,0.843,-0.587,-0.35,-0.533,-0.371,0.734,0.616,0.858,0.657,0.69,0.148,0.749,0.578,0.811,0.519,-0.763,0.779,-0.27,0.777,0.825,0.928,-0.053,0.615,0.62,-0.773,0.788,0.433,0.015,-0.321,-0.318,0.739,-0.362,0.889,-0.181,0.832,0.408,-0.361,0.588,0.858,0.759,-0.026,-0.795,0.562,-0.599,0.861,0.132,0.362,-0.535,-0.005,0.499,-0.483,0.809,0.556,0.684,0.419,-0.065,-0.512,0.111,0.757,-0.567,0.935,-0.861,0.763,0.606,0.928,-0.634,-0.749,0.573,0.216,0.822,0.571,0.772,0.768,0.793,-0.474,0.86,0.754,0.796,0.142,0.319,0.863,0.677,0.899,0.438,0.138,0.906,0.807,0.715,0.865,0.764,0.792,0.743,-0.815,0.89,0.632,0.322,0.901,0.586,-0.509,0.819,-0.201,0.665,0.93,0.366,-0.446,-0.673,0.681,0.712,0.426,-0.017,0.722,-0.045,0.804,0.573,-0.386,0.771,0.905,-0.525,0.658,0.793,0.921,0.886,-0.521,0.729,0.871,0.932,-0.574,0.847,0.91,0.536,-0.712,0.435,-0.679,0.169,0.45,0.879,-0.424,0.944,0.604,-0.718,-0.675,0.77,0.882,0.173,-0.609,0.117,0.779,0.794,0.416,0.456,0.934,0.831,0.577,0.858,0.916,0.378,0.433,-0.73,0.796,-0.726,0.819,0.646,0.53,0.936,-0.348,0.933
AMD,0.835,0.843,0.77,0.946,-0.632,-0.229,0.908,0.871,0.0,0.654,0.861,0.426,0.812,0.363,0.859,0.954,0.954,-0.4,0.353,0.552,-0.764,-0.061,0.913,0.953,-0.451,0.696,-0.841,0.575,0.886,-0.398,0.737,0.755,-0.79,-0.847,0.846,-0.687,-0.427,-0.577,-0.514,0.886,0.657,0.971,0.728,0.682,0.389,0.75,0.731,0.864,0.391,-0.765,0.74,-0.265,0.869,0.774,0.912,-0.165,0.722,0.768,-0.828,0.883,0.302,0.275,-0.19,-0.292,0.774,-0.509,0.926,-0.155,0.815,0.562,-0.375,0.626,0.885,0.847,-0.117,-0.757,0.361,-0.612,0.831,0.036,0.421,-0.325,0.076,0.319,-0.321,0.747,0.592,0.749,0.505,-0.189,-0.609,0.212,0.855,-0.648,0.921,-0.906,0.915,0.658,0.921,-0.622,-0.813,0.537,0.234,0.777,0.719,0.791,0.885,0.932,-0.431,0.845,0.796,0.931,0.219,0.176,0.861,0.8,0.879,0.486,-0.023,0.967,0.955,0.82,0.962,0.713,0.746,0.599,-0.819,0.947,0.47,0.302,0.942,0.54,-0.479,0.919,-0.173,0.788,0.965,0.512,-0.313,-0.71,0.685,0.816,0.439,-0.124,0.787,-0.116,0.842,0.607,-0.255,0.771,0.934,-0.53,0.559,0.762,0.866,0.91,-0.502,0.854,0.93,0.915,-0.714,0.904,0.846,0.431,-0.751,0.287,-0.629,0.034,0.372,0.909,-0.542,0.914,0.515,-0.787,-0.577,0.816,0.921,0.243,-0.642,0.284,0.907,0.805,0.354,0.567,0.903,0.844,0.617,0.941,0.847,0.221,0.328,-0.804,0.684,-0.689,0.921,0.554,0.658,0.864,-0.418,0.967
AMWD,0.512,0.39,0.417,0.52,-0.488,-0.712,0.549,0.492,0.654,0.0,0.458,0.746,0.587,-0.306,0.413,0.636,0.705,0.307,0.355,0.542,-0.443,0.17,0.669,0.662,-0.211,0.657,-0.67,0.35,0.544,0.203,0.402,0.877,-0.414,-0.7,0.738,-0.74,-0.187,-0.602,-0.812,0.629,0.765,0.664,0.519,0.208,0.599,0.145,0.918,0.774,-0.272,-0.656,0.313,0.217,0.662,0.641,0.578,-0.504,0.416,0.512,-0.444,0.731,0.274,0.526,-0.228,0.068,0.822,-0.838,0.723,-0.511,0.324,0.842,-0.493,0.514,0.635,0.846,-0.361,-0.602,0.133,-0.232,0.332,0.26,0.746,0.184,0.292,0.102,0.272,0.449,0.092,0.469,0.518,-0.676,-0.726,0.7,0.65,-0.571,0.619,-0.637,0.6,0.754,0.661,-0.217,-0.527,0.494,0.406,0.656,0.432,0.618,0.554,0.537,0.26,0.774,0.779,0.539,0.48,0.055,0.695,0.322,0.486,0.779,-0.432,0.636,0.654,0.485,0.598,0.188,0.245,0.41,-0.588,0.623,0.14,-0.056,0.688,0.628,-0.099,0.647,0.018,0.841,0.561,0.813,-0.129,-0.429,0.54,0.554,0.712,-0.362,0.503,-0.623,0.624,0.747,-0.283,0.136,0.674,-0.257,-0.025,0.267,0.543,0.429,-0.511,0.716,0.739,0.588,-0.798,0.748,0.516,0.153,-0.794,-0.362,-0.227,-0.353,-0.193,0.722,-0.719,0.489,0.054,-0.48,-0.128,0.839,0.736,-0.327,-0.195,0.788,0.779,0.699,0.539,0.865,0.586,0.504,0.192,0.632,0.314,0.057,-0.225,-0.723,0.422,-0.474,0.638,0.365,0.47,0.432,-0.111,0.611
ARDX,0.599,0.72,0.609,0.882,-0.403,-0.064,0.799,0.799,0.861,0.458,0.0,0.034,0.784,0.363,0.73,0.854,0.799,-0.489,0.196,0.569,-0.692,-0.207,0.717,0.856,-0.41,0.497,-0.788,0.489,0.682,-0.595,0.546,0.533,-0.743,-0.696,0.64,-0.395,-0.515,-0.573,-0.289,0.828,0.437,0.857,0.699,0.565,0.043,0.841,0.484,0.617,0.551,-0.69,0.813,-0.405,0.68,0.738,0.823,-0.064,0.727,0.79,-0.794,0.799,0.159,0.363,-0.376,-0.165,0.557,-0.187,0.731,-0.017,0.675,0.244,-0.433,0.315,0.681,0.621,-0.05,-0.582,0.279,-0.565,0.772,-0.234,0.13,-0.406,0.033,0.399,-0.534,0.701,0.599,0.613,0.607,0.048,-0.385,-0.105,0.578,-0.52,0.832,-0.83,0.79,0.373,0.758,-0.692,-0.75,0.477,-0.092,0.509,0.476,0.522,0.708,0.831,-0.606,0.662,0.518,0.841,0.202,-0.065,0.69,0.762,0.715,0.132,0.27,0.876,0.834,0.903,0.858,0.86,0.667,0.361,-0.596,0.85,0.473,0.547,0.766,0.238,-0.609,0.708,-0.172,0.564,0.916,0.341,-0.42,-0.665,0.358,0.748,0.48,-0.019,0.837,0.021,0.618,0.369,-0.006,0.802,0.762,-0.295,0.713,0.881,0.854,0.878,-0.2,0.719,0.742,0.825,-0.468,0.714,0.769,0.365,-0.6,0.459,-0.698,0.181,0.492,0.704,-0.205,0.815,0.302,-0.729,-0.729,0.66,0.762,0.197,-0.734,-0.007,0.688,0.576,-0.022,0.312,0.733,0.76,0.732,0.732,0.802,0.139,0.307,-0.518,0.727,-0.589,0.745,0.42,0.43,0.793,-0.545,0.877
ARQT,0.536,0.367,0.265,0.295,-0.683,-0.708,0.343,0.342,0.426,0.746,0.034,0.0,0.314,-0.157,0.346,0.381,0.535,0.244,0.292,0.178,-0.325,0.195,0.562,0.441,-0.266,0.484,-0.417,0.247,0.494,0.407,0.396,0.764,-0.286,-0.598,0.711,-0.855,0.003,-0.354,-0.815,0.309,0.708,0.434,0.161,0.151,0.794,-0.197,0.842,0.744,-0.492,-0.473,-0.08,0.347,0.492,0.369,0.409,-0.539,0.124,0.155,-0.278,0.451,0.344,0.048,0.021,-0.227,0.756,-0.947,0.64,-0.619,0.325,0.9,-0.279,0.599,0.562,0.778,-0.376,-0.591,0.166,-0.216,0.197,0.599,0.766,0.197,0.22,-0.137,0.467,0.223,-0.116,0.321,0.033,-0.824,-0.777,0.829,0.697,-0.545,0.434,-0.447,0.365,0.865,0.562,-0.061,-0.359,0.334,0.768,0.718,0.454,0.716,0.394,0.31,0.467,0.645,0.835,0.265,0.314,0.352,0.546,0.047,0.433,0.943,-0.545,0.411,0.394,0.09,0.353,-0.184,0.136,0.591,-0.649,0.431,-0.02,-0.544,0.554,0.811,0.184,0.593,-0.066,0.691,0.298,0.646,-0.034,-0.371,0.726,0.319,0.284,-0.422,0.084,-0.648,0.594,0.721,-0.607,-0.069,0.572,-0.536,-0.353,-0.139,0.243,0.17,-0.752,0.502,0.625,0.406,-0.797,0.647,0.322,0.015,-0.668,-0.53,0.003,-0.503,-0.378,0.647,-0.92,0.38,0.327,-0.339,0.132,0.685,0.577,-0.275,-0.015,0.839,0.656,0.739,0.866,0.812,0.532,0.253,-0.244,0.546,0.158,0.049,-0.17,-0.803,0.128,-0.484,0.522,0.315,0.538,0.293,0.082,0.396
ASTE,0.781,0.826,0.42,0.877,-0.585,-0.255,0.791,0.905,0.812,0.587,0.784,0.314,0.0,0.37,0.755,0.809,0.817,-0.371,0.475,0.46,-0.703,-0.243,0.861,0.901,-0.471,0.507,-0.827,0.69,0.728,-0.489,0.652,0.58,-0.721,-0.793,0.804,-0.544,-0.369,-0.618,-0.424,0.777,0.7,0.815,0.716,0.624,0.058,0.679,0.602,0.768,0.407,-0.785,0.78,-0.205,0.693,0.923,0.889,-0.049,0.657,0.688,-0.767,0.824,0.405,0.169,-0.438,-0.148,0.76,-0.383,0.85,-0.278,0.73,0.412,-0.473,0.452,0.768,0.734,-0.155,-0.773,0.551,-0.569,0.795,0.093,0.384,-0.542,0.019,0.461,-0.447,0.788,0.437,0.603,0.491,-0.134,-0.541,0.151,0.627,-0.509,0.913,-0.847,0.71,0.546,0.873,-0.52,-0.758,0.526,0.173,0.758,0.463,0.654,0.675,0.718,-0.355,0.859,0.704,0.741,0.123,0.162,0.801,0.595,0.814,0.417,0.165,0.863,0.772,0.738,0.809,0.713,0.689,0.677,-0.76,0.848,0.611,0.372,0.848,0.539,-0.558,0.741,-0.133,0.677,0.867,0.401,-0.449,-0.599,0.542,0.673,0.554,-0.009,0.752,-0.183,0.71,0.616,-0.323,0.644,0.861,-0.436,0.613,0.78,0.922,0.826,-0.451,0.76,0.834,0.857,-0.605,0.815,0.804,0.463,-0.781,0.334,-0.64,0.13,0.285,0.818,-0.404,0.858,0.349,-0.704,-0.656,0.795,0.848,0.027,-0.569,0.172,0.741,0.744,0.38,0.454,0.876,0.769,0.577,0.771,0.831,0.374,0.256,-0.674,0.873,-0.661,0.724,0.489,0.45,0.88,-0.297,0.874
AUPH,0.477,0.642,0.298,0.531,-0.338,0.438,0.425,0.535,0.363,-0.306,0.363,-0.157,0.37,0.0,0.614,0.357,0.332,-0.681,0.318,0.018,-0.372,-0.304,0.381,0.405,-0.241,0.074,-0.227,0.492,0.467,-0.55,0.513,-0.059,-0.44,-0.237,0.294,-0.045,-0.099,0.08,0.255,0.293,0.099,0.366,0.269,0.631,-0.178,0.58,-0.099,0.227,0.653,-0.15,0.498,-0.336,0.276,0.225,0.461,0.364,0.369,0.313,-0.405,0.271,0.292,-0.476,0.06,-0.34,0.164,0.232,0.352,0.268,0.674,-0.166,0.059,0.206,0.342,0.095,0.279,-0.341,0.494,-0.352,0.61,0.001,-0.147,-0.789,-0.021,0.227,-0.59,0.404,0.514,0.359,-0.085,0.405,-0.065,-0.385,0.287,-0.037,0.438,-0.359,0.348,0.03,0.437,-0.352,-0.377,0.008,0.029,0.337,0.387,0.317,0.379,0.43,-0.608,0.259,0.202,0.394,-0.358,0.286,0.247,0.466,0.529,-0.136,0.47,0.405,0.323,0.331,0.41,0.572,0.686,0.469,-0.438,0.435,0.435,0.291,0.355,0.109,-0.252,0.393,-0.053,0.011,0.459,-0.279,-0.187,-0.286,0.336,0.317,-0.267,0.29,0.368,0.462,0.347,0.092,-0.187,0.694,0.397,-0.389,0.597,0.52,0.458,0.555,-0.111,0.265,0.316,0.437,-0.025,0.317,0.449,0.364,-0.089,0.721,-0.428,0.445,0.506,0.349,0.065,0.588,0.627,-0.274,-0.515,0.135,0.34,0.52,-0.431,-0.408,0.227,0.316,0.108,-0.222,0.523,0.344,0.363,0.415,0.683,0.374,0.63,-0.237,0.427,-0.26,0.402,0.354,0.32,0.603,-0.232,0.447
AVXL,0.839,0.907,0.665,0.881,-0.603,0.03,0.867,0.867,0.859,0.413,0.73,0.346,0.755,0.614,0.0,0.844,0.852,-0.494,0.457,0.399,-0.617,-0.034,0.869,0.848,-0.296,0.559,-0.639,0.77,0.912,-0.347,0.884,0.606,-0.743,-0.699,0.787,-0.645,-0.183,-0.273,-0.259,0.704,0.574,0.85,0.693,0.793,0.294,0.727,0.567,0.789,0.476,-0.58,0.712,-0.209,0.823,0.605,0.86,0.114,0.582,0.613,-0.685,0.715,0.504,-0.091,-0.038,-0.271,0.709,-0.379,0.845,0.013,0.927,0.478,-0.147,0.697,0.873,0.703,0.133,-0.687,0.594,-0.451,0.902,0.249,0.325,-0.509,0.135,0.295,-0.345,0.631,0.708,0.711,0.233,-0.018,-0.556,0.156,0.796,-0.488,0.829,-0.779,0.804,0.542,0.893,-0.48,-0.693,0.39,0.299,0.813,0.795,0.817,0.833,0.873,-0.432,0.808,0.742,0.822,0.163,0.393,0.773,0.795,0.909,0.383,0.173,0.859,0.809,0.694,0.88,0.672,0.873,0.744,-0.796,0.884,0.617,0.31,0.867,0.476,-0.288,0.889,-0.016,0.66,0.873,0.386,-0.191,-0.632,0.743,0.74,0.268,0.108,0.743,0.072,0.839,0.573,-0.393,0.854,0.852,-0.572,0.57,0.67,0.82,0.861,-0.461,0.708,0.834,0.879,-0.581,0.827,0.844,0.544,-0.561,0.436,-0.479,0.305,0.522,0.858,-0.464,0.947,0.747,-0.621,-0.522,0.688,0.844,0.387,-0.514,0.16,0.815,0.743,0.471,0.388,0.91,0.792,0.563,0.894,0.919,0.293,0.565,-0.745,0.671,-0.593,0.854,0.682,0.702,0.908,-0.224,0.869
AZTA,0.834,0.82,0.781,0.943,-0.542,-0.168,0.946,0.875,0.954,0.636,0.854,0.381,0.809,0.357,0.844,0.0,0.951,-0.377,0.405,0.55,-0.722,-0.016,0.906,0.933,-0.374,0.679,-0.814,0.62,0.91,-0.365,0.77,0.717,-0.722,-0.794,0.793,-0.659,-0.367,-0.527,-0.444,0.844,0.653,0.957,0.802,0.686,0.375,0.771,0.691,0.842,0.426,-0.696,0.768,-0.211,0.921,0.769,0.88,-0.046,0.7,0.776,-0.779,0.879,0.353,0.301,-0.159,-0.221,0.749,-0.466,0.892,-0.076,0.8,0.548,-0.316,0.645,0.891,0.803,-0.066,-0.699,0.443,-0.541,0.821,0.048,0.408,-0.31,0.064,0.379,-0.303,0.802,0.622,0.785,0.581,-0.122,-0.543,0.175,0.806,-0.573,0.894,-0.855,0.932,0.59,0.905,-0.559,-0.764,0.522,0.194,0.775,0.725,0.772,0.915,0.945,-0.46,0.842,0.76,0.954,0.198,0.229,0.849,0.846,0.852,0.445,-0.002,0.954,0.941,0.797,0.961,0.74,0.774,0.569,-0.757,0.916,0.508,0.37,0.918,0.501,-0.486,0.9,-0.119,0.781,0.949,0.522,-0.273,-0.623,0.684,0.81,0.462,-0.075,0.824,-0.07,0.861,0.616,-0.217,0.785,0.91,-0.441,0.603,0.757,0.891,0.924,-0.415,0.849,0.879,0.895,-0.658,0.873,0.863,0.488,-0.706,0.344,-0.631,0.113,0.44,0.881,-0.49,0.899,0.483,-0.725,-0.595,0.78,0.901,0.278,-0.57,0.258,0.901,0.746,0.342,0.554,0.885,0.88,0.696,0.946,0.859,0.296,0.343,-0.751,0.697,-0.655,0.932,0.617,0.641,0.876,-0.358,0.942
BAND,0.853,0.829,0.735,0.925,-0.657,-0.296,0.91,0.854,0.954,0.705,0.799,0.535,0.817,0.332,0.852,0.951,0.0,-0.335,0.396,0.581,-0.758,-0.013,0.907,0.945,-0.461,0.67,-0.857,0.591,0.917,-0.304,0.748,0.838,-0.765,-0.871,0.868,-0.772,-0.388,-0.578,-0.571,0.876,0.733,0.967,0.748,0.659,0.486,0.658,0.798,0.894,0.268,-0.755,0.681,-0.153,0.885,0.79,0.891,-0.166,0.73,0.793,-0.829,0.921,0.346,0.279,-0.154,-0.286,0.839,-0.611,0.948,-0.215,0.809,0.662,-0.4,0.627,0.907,0.888,-0.147,-0.776,0.425,-0.607,0.794,0.118,0.498,-0.297,0.1,0.255,-0.205,0.747,0.561,0.755,0.525,-0.3,-0.698,0.29,0.857,-0.626,0.917,-0.902,0.908,0.715,0.942,-0.551,-0.805,0.455,0.342,0.816,0.763,0.829,0.863,0.929,-0.335,0.883,0.858,0.9,0.216,0.191,0.854,0.749,0.864,0.552,-0.033,0.967,0.943,0.787,0.935,0.642,0.721,0.617,-0.836,0.949,0.414,0.224,0.945,0.593,-0.408,0.935,-0.153,0.839,0.924,0.566,-0.3,-0.683,0.737,0.822,0.498,-0.143,0.776,-0.21,0.865,0.703,-0.29,0.706,0.947,-0.539,0.463,0.666,0.869,0.873,-0.52,0.902,0.933,0.893,-0.8,0.933,0.827,0.358,-0.799,0.192,-0.585,-0.019,0.306,0.921,-0.64,0.903,0.489,-0.756,-0.55,0.864,0.929,0.155,-0.578,0.38,0.937,0.841,0.463,0.62,0.919,0.789,0.543,0.949,0.828,0.277,0.229,-0.851,0.69,-0.692,0.935,0.527,0.723,0.863,-0.343,0.946
BECN,-0.418,-0.575,-0.29,-0.505,0.375,-0.338,-0.388,-0.487,-0.4,0.307,-0.489,0.244,-0.371,-0.681,-0.494,-0.377,-0.335,0.0,0.107,0.052,0.505,0.411,-0.362,-0.411,0.507,-0.001,0.34,-0.19,-0.376,0.799,-0.347,0.065,0.526,0.386,-0.252,0.09,0.429,0.207,-0.137,-0.328,-0.017,-0.385,-0.17,-0.477,0.264,-0.637,0.083,-0.216,-0.636,0.34,-0.451,0.575,-0.195,-0.31,-0.494,-0.225,-0.387,-0.301,0.623,-0.234,-0.013,0.308,0.175,0.6,-0.051,-0.225,-0.341,-0.092,-0.576,0.232,0.009,-0.051,-0.289,-0.127,0.022,0.285,-0.272,0.671,-0.596,0.192,0.369,0.61,0.341,-0.198,0.711,-0.359,-0.38,-0.204,0.037,-0.367,0.005,0.476,-0.278,0.231,-0.462,0.45,-0.318,-0.03,-0.367,0.57,0.493,-0.142,0.146,-0.238,-0.242,-0.233,-0.302,-0.402,0.769,-0.176,-0.134,-0.413,0.371,-0.069,-0.232,-0.417,-0.498,0.219,-0.504,-0.438,-0.359,-0.39,-0.412,-0.563,-0.509,-0.327,0.436,-0.407,-0.412,-0.252,-0.347,-0.055,0.568,-0.352,0.412,0.032,-0.494,0.351,0.452,0.435,-0.19,-0.309,0.289,-0.093,-0.287,-0.364,-0.253,0.113,0.162,-0.658,-0.423,0.507,-0.604,-0.566,-0.436,-0.568,0.145,-0.202,-0.317,-0.429,0.049,-0.268,-0.313,-0.199,0.17,-0.617,0.587,-0.211,-0.45,-0.274,-0.023,-0.531,-0.449,0.565,0.628,-0.118,-0.284,-0.555,0.682,0.545,-0.201,-0.262,0.127,0.293,-0.442,-0.332,-0.373,-0.375,-0.587,-0.093,-0.579,0.234,-0.405,0.475,-0.296,-0.201,-0.255,-0.571,0.472,-0.46
BFC,0.478,0.394,0.279,0.417,-0.217,-0.078,0.432,0.465,0.353,0.355,0.196,0.292,0.475,0.318,0.457,0.405,0.396,0.107,0.0,0.351,-0.154,0.094,0.476,0.4,0.084,0.35,-0.255,0.691,0.459,0.093,0.503,0.29,-0.167,-0.244,0.39,-0.232,0.26,-0.019,-0.11,0.342,0.52,0.399,0.507,0.496,0.139,0.274,0.302,0.408,0.205,-0.212,0.474,0.234,0.482,0.374,0.376,0.189,0.344,0.351,-0.165,0.474,0.58,-0.108,0.149,0.23,0.511,-0.221,0.408,0.049,0.423,0.307,-0.065,0.455,0.458,0.312,0.247,-0.364,0.483,0.01,0.415,0.306,0.539,-0.306,0.333,0.226,-0.029,0.524,0.316,0.449,0.154,-0.032,-0.285,0.233,0.335,0.029,0.388,-0.295,0.425,0.246,0.486,0.125,-0.233,0.047,0.262,0.527,0.43,0.381,0.458,0.392,0.006,0.506,0.416,0.393,0.01,0.33,0.404,0.363,0.434,0.336,-0.096,0.367,0.39,0.258,0.4,0.284,0.515,0.432,-0.374,0.398,0.423,0.251,0.405,0.279,0.085,0.37,0.334,0.384,0.352,0.308,0.142,0.027,0.416,0.361,0.272,0.271,0.48,-0.041,0.441,0.591,-0.242,0.334,0.408,-0.025,0.311,0.303,0.462,0.386,-0.148,0.496,0.391,0.385,-0.284,0.434,0.516,0.486,-0.313,0.243,-0.103,0.278,0.169,0.453,-0.186,0.425,0.283,0.013,-0.11,0.366,0.469,0.042,0.049,0.305,0.404,0.361,0.47,0.344,0.488,0.389,0.311,0.445,0.495,0.66,0.187,-0.352,0.478,-0.036,0.41,0.366,0.346,0.465,0.242,0.385
BGC,0.282,0.244,0.525,0.496,-0.16,-0.234,0.552,0.401,0.552,0.542,0.569,0.178,0.46,0.018,0.399,0.55,0.581,0.052,0.351,0.0,-0.412,0.314,0.374,0.512,-0.129,0.46,-0.452,0.277,0.449,-0.014,0.284,0.636,-0.392,-0.385,0.404,-0.293,-0.093,-0.247,-0.313,0.657,0.461,0.622,0.573,0.361,0.321,0.381,0.473,0.362,0.115,-0.297,0.573,-0.004,0.505,0.384,0.386,-0.176,0.769,0.694,-0.482,0.698,0.178,0.397,0.08,0.188,0.516,-0.3,0.454,-0.065,0.328,0.355,-0.343,0.143,0.471,0.417,0.118,-0.344,0.102,-0.278,0.377,-0.162,0.449,-0.053,0.437,-0.1,0.035,0.396,0.381,0.513,0.553,-0.179,-0.451,0.084,0.38,-0.213,0.427,-0.484,0.65,0.194,0.469,-0.191,-0.494,0.002,0.183,0.281,0.523,0.291,0.518,0.623,-0.099,0.447,0.391,0.571,0.486,-0.331,0.33,0.537,0.289,0.178,-0.017,0.584,0.691,0.727,0.589,0.452,0.396,0.027,-0.325,0.583,0.119,0.315,0.414,-0.007,-0.016,0.46,0.205,0.517,0.485,0.649,0.071,-0.265,0.117,0.824,0.484,0.115,0.707,-0.179,0.338,0.547,0.269,0.419,0.458,0.034,0.29,0.467,0.463,0.449,0.048,0.671,0.479,0.411,-0.515,0.525,0.479,0.152,-0.42,0.05,-0.168,-0.036,0.194,0.459,-0.237,0.409,0.01,-0.202,-0.197,0.512,0.492,-0.075,-0.278,0.396,0.539,0.367,-0.019,0.378,0.434,0.369,0.382,0.441,0.428,0.277,-0.13,-0.361,0.491,-0.003,0.529,0.11,0.398,0.375,-0.18,0.529
BHF,-0.694,-0.717,-0.534,-0.77,0.659,0.244,-0.676,-0.733,-0.764,-0.443,-0.692,-0.325,-0.703,-0.372,-0.617,-0.722,-0.758,0.505,-0.154,-0.412,0.0,0.229,-0.705,-0.788,0.708,-0.48,0.765,-0.337,-0.655,0.531,-0.469,-0.559,0.694,0.797,-0.701,0.526,0.566,0.61,0.482,-0.755,-0.534,-0.766,-0.446,-0.543,-0.195,-0.601,-0.563,-0.682,-0.317,0.757,-0.589,0.328,-0.562,-0.706,-0.786,0.263,-0.684,-0.684,0.848,-0.731,-0.146,-0.118,0.291,0.491,-0.619,0.388,-0.778,0.301,-0.671,-0.375,0.38,-0.316,-0.644,-0.665,0.29,0.649,-0.222,0.77,-0.632,0.106,-0.26,0.353,0.092,-0.241,0.394,-0.635,-0.316,-0.444,-0.344,0.185,0.524,-0.025,-0.634,0.559,-0.803,0.81,-0.678,-0.531,-0.736,0.66,0.805,-0.324,-0.164,-0.614,-0.476,-0.547,-0.591,-0.686,0.466,-0.641,-0.612,-0.684,0.022,-0.002,-0.634,-0.518,-0.701,-0.36,-0.023,-0.783,-0.752,-0.684,-0.742,-0.622,-0.586,-0.514,0.762,-0.761,-0.369,-0.141,-0.723,-0.438,0.519,-0.709,0.447,-0.52,-0.758,-0.237,0.429,0.643,-0.499,-0.644,-0.278,0.171,-0.558,0.156,-0.577,-0.432,0.231,-0.582,-0.79,0.551,-0.472,-0.668,-0.704,-0.737,0.474,-0.739,-0.771,-0.725,0.634,-0.733,-0.614,-0.18,0.735,-0.226,0.642,0.161,-0.174,-0.692,0.486,-0.726,-0.353,0.792,0.576,-0.676,-0.742,-0.149,0.694,-0.14,-0.694,-0.711,-0.226,-0.33,-0.754,-0.578,-0.432,-0.719,-0.679,-0.158,-0.257,0.68,-0.596,0.676,-0.683,-0.327,-0.513,-0.725,0.483,-0.797
BHFAL,-0.096,-0.233,0.308,-0.192,0.216,-0.005,0.049,-0.251,-0.061,0.17,-0.207,0.195,-0.243,-0.304,-0.034,-0.016,-0.013,0.411,0.094,0.314,0.229,0.0,-0.067,-0.194,0.508,0.228,0.325,-0.017,0.139,0.63,0.187,0.218,0.316,0.224,-0.088,-0.144,0.539,0.518,0.05,-0.063,0.174,-0.024,0.206,0.155,0.472,-0.232,0.08,-0.009,-0.291,0.425,-0.12,0.396,0.227,-0.38,-0.251,0.126,-0.03,-0.021,0.304,-0.06,0.294,-0.012,0.654,0.395,0.097,-0.219,-0.096,0.2,-0.051,0.334,0.326,0.263,0.101,-0.045,0.339,0.168,-0.008,0.329,-0.183,0.417,0.354,0.374,0.49,-0.446,0.656,-0.191,0.107,0.211,0.0,-0.09,-0.169,0.234,0.038,0.258,-0.297,0.266,0.173,-0.143,-0.097,0.496,0.172,-0.301,0.348,0.03,0.416,0.093,0.229,0.097,0.45,-0.001,0.031,0.06,0.446,0.104,-0.203,0.199,-0.164,0.125,-0.329,-0.091,0.035,-0.063,0.037,-0.301,0.054,-0.067,0.145,-0.072,-0.043,-0.082,-0.114,-0.2,0.621,0.091,0.526,0.261,-0.2,0.48,0.776,0.307,0.087,0.244,-0.043,0.348,0.107,-0.031,0.114,0.303,0.226,-0.11,-0.124,0.14,-0.296,-0.325,-0.279,-0.214,0.25,0.082,-0.11,-0.23,-0.175,0.023,-0.059,0.074,0.217,-0.193,0.643,0.068,-0.046,-0.013,-0.161,-0.159,0.039,0.428,0.601,-0.084,-0.043,0.073,0.453,0.497,0.185,-0.12,0.153,0.199,-0.109,-0.012,-0.07,0.018,-0.149,0.014,-0.17,-0.016,-0.157,0.438,0.063,0.051,0.162,-0.194,0.528,-0.186
BKNG,0.922,0.9,0.654,0.9,-0.708,-0.298,0.881,0.906,0.913,0.669,0.717,0.562,0.861,0.381,0.869,0.906,0.907,-0.362,0.476,0.374,-0.705,-0.067,0.0,0.936,-0.404,0.713,-0.791,0.708,0.9,-0.286,0.831,0.705,-0.688,-0.849,0.919,-0.76,-0.252,-0.501,-0.528,0.761,0.784,0.901,0.699,0.723,0.379,0.64,0.747,0.949,0.323,-0.758,0.688,-0.108,0.883,0.804,0.934,-0.11,0.558,0.622,-0.731,0.814,0.502,0.079,-0.197,-0.275,0.852,-0.593,0.956,-0.247,0.847,0.636,-0.308,0.755,0.916,0.868,-0.171,-0.798,0.544,-0.542,0.825,0.325,0.538,-0.357,0.096,0.382,-0.26,0.784,0.479,0.728,0.404,-0.246,-0.649,0.37,0.872,-0.594,0.92,-0.858,0.838,0.732,0.963,-0.49,-0.744,0.618,0.368,0.936,0.694,0.886,0.865,0.83,-0.289,0.944,0.884,0.848,0.15,0.427,0.886,0.703,0.93,0.644,-0.108,0.909,0.853,0.643,0.901,0.613,0.775,0.821,-0.887,0.892,0.612,0.178,0.949,0.719,-0.402,0.922,-0.116,0.82,0.908,0.513,-0.278,-0.632,0.832,0.713,0.413,-0.079,0.71,-0.172,0.914,0.711,-0.482,0.693,0.96,-0.622,0.49,0.662,0.866,0.859,-0.605,0.802,0.93,0.912,-0.731,0.924,0.847,0.529,-0.782,0.257,-0.564,0.042,0.284,0.956,-0.64,0.931,0.614,-0.732,-0.508,0.85,0.958,0.212,-0.505,0.357,0.914,0.872,0.609,0.636,0.957,0.855,0.523,0.953,0.838,0.311,0.391,-0.868,0.739,-0.746,0.889,0.692,0.642,0.912,-0.236,0.922
BL,0.848,0.883,0.631,0.953,-0.677,-0.29,0.888,0.933,0.953,0.662,0.856,0.441,0.901,0.405,0.848,0.933,0.945,-0.411,0.4,0.512,-0.788,-0.194,0.936,0.0,-0.506,0.653,-0.894,0.635,0.848,-0.449,0.708,0.735,-0.804,-0.883,0.894,-0.672,-0.433,-0.657,-0.543,0.879,0.726,0.953,0.697,0.67,0.283,0.733,0.742,0.88,0.388,-0.85,0.767,-0.241,0.821,0.864,0.97,-0.193,0.731,0.775,-0.849,0.908,0.336,0.22,-0.313,-0.291,0.82,-0.506,0.955,-0.269,0.813,0.542,-0.463,0.551,0.865,0.857,-0.198,-0.802,0.428,-0.634,0.846,0.071,0.437,-0.409,0.076,0.398,-0.404,0.79,0.514,0.702,0.547,-0.225,-0.638,0.233,0.806,-0.641,0.981,-0.946,0.854,0.697,0.954,-0.643,-0.85,0.565,0.218,0.809,0.635,0.773,0.809,0.87,-0.403,0.906,0.826,0.873,0.157,0.166,0.87,0.708,0.894,0.51,0.055,0.975,0.914,0.814,0.93,0.749,0.744,0.676,-0.863,0.957,0.545,0.297,0.944,0.616,-0.513,0.884,-0.206,0.772,0.967,0.472,-0.437,-0.729,0.679,0.781,0.528,-0.15,0.789,-0.171,0.817,0.637,-0.31,0.739,0.961,-0.535,0.598,0.802,0.938,0.912,-0.546,0.859,0.95,0.949,-0.717,0.922,0.849,0.413,-0.832,0.29,-0.691,0.018,0.307,0.922,-0.536,0.942,0.486,-0.816,-0.662,0.891,0.958,0.129,-0.673,0.26,0.885,0.85,0.412,0.557,0.94,0.806,0.564,0.91,0.866,0.301,0.305,-0.81,0.806,-0.75,0.884,0.583,0.615,0.917,-0.407,0.987
BOKF,-0.427,-0.484,-0.102,-0.464,0.632,0.306,-0.299,-0.503,-0.451,-0.211,-0.41,-0.266,-0.471,-0.241,-0.296,-0.374,-0.461,0.507,0.084,-0.129,0.708,0.508,-0.404,-0.506,0.0,-0.057,0.603,-0.024,-0.303,0.565,-0.085,-0.329,0.586,0.65,-0.503,0.421,0.755,0.706,0.495,-0.447,-0.223,-0.433,-0.014,-0.102,-0.065,-0.279,-0.378,-0.417,-0.109,0.687,-0.193,0.514,-0.145,-0.567,-0.508,0.442,-0.454,-0.322,0.759,-0.432,0.189,-0.002,0.472,0.791,-0.33,0.295,-0.523,0.548,-0.342,-0.159,0.44,0.0,-0.338,-0.5,0.426,0.553,-0.048,0.848,-0.393,0.212,-0.009,0.281,0.364,-0.144,0.416,-0.377,0.051,-0.109,-0.135,0.283,0.353,0.05,-0.437,0.614,-0.575,0.652,-0.272,-0.486,-0.463,0.706,0.592,-0.284,-0.159,-0.342,-0.065,-0.314,-0.187,-0.293,0.344,-0.34,-0.431,-0.292,0.125,0.15,-0.437,-0.086,-0.43,-0.255,-0.151,-0.497,-0.411,-0.387,-0.345,-0.309,-0.163,-0.313,0.576,-0.471,-0.052,0.178,-0.464,-0.396,0.569,-0.385,0.794,-0.222,-0.459,0.012,0.763,0.665,-0.243,-0.313,-0.087,0.369,-0.086,0.307,-0.25,-0.117,0.286,-0.227,-0.542,0.545,-0.165,-0.384,-0.433,-0.419,0.604,-0.368,-0.521,-0.45,0.448,-0.434,-0.304,0.04,0.604,0.044,0.658,0.371,0.061,-0.433,0.437,-0.435,-0.166,0.744,0.543,-0.455,-0.399,0.069,0.738,0.067,-0.322,-0.559,-0.111,-0.156,-0.49,-0.203,-0.026,-0.361,-0.359,-0.033,-0.082,0.504,-0.305,0.722,-0.318,-0.005,-0.263,-0.433,0.576,-0.507
BRKR,0.641,0.507,0.726,0.574,-0.38,-0.305,0.684,0.517,0.696,0.657,0.497,0.484,0.507,0.074,0.559,0.679,0.67,-0.001,0.35,0.46,-0.48,0.228,0.713,0.653,-0.057,0.0,-0.495,0.378,0.656,0.053,0.578,0.644,-0.34,-0.551,0.618,-0.533,-0.006,-0.256,-0.45,0.638,0.6,0.716,0.547,0.58,0.537,0.421,0.651,0.698,0.168,-0.421,0.521,0.122,0.751,0.447,0.608,-0.129,0.436,0.541,-0.415,0.638,0.368,0.282,0.135,-0.001,0.637,-0.524,0.669,-0.05,0.563,0.593,-0.103,0.608,0.655,0.622,-0.149,-0.38,0.146,-0.226,0.474,0.225,0.605,0.084,0.36,0.123,0.036,0.504,0.336,0.611,0.394,-0.241,-0.49,0.454,0.7,-0.366,0.569,-0.537,0.734,0.516,0.628,-0.169,-0.489,0.411,0.321,0.637,0.642,0.626,0.737,0.674,-0.093,0.68,0.632,0.706,0.173,0.252,0.582,0.614,0.641,0.546,-0.433,0.633,0.713,0.463,0.709,0.373,0.532,0.505,-0.559,0.607,0.359,0.1,0.638,0.461,-0.098,0.692,0.108,0.705,0.622,0.537,0.151,-0.327,0.627,0.614,0.332,-0.056,0.583,-0.061,0.662,0.598,-0.163,0.467,0.656,-0.316,0.305,0.446,0.515,0.583,-0.303,0.664,0.654,0.601,-0.576,0.678,0.545,0.33,-0.511,0.05,-0.226,-0.139,0.178,0.677,-0.491,0.579,0.392,-0.415,-0.097,0.639,0.727,0.221,-0.224,0.5,0.764,0.574,0.421,0.597,0.607,0.678,0.451,0.728,0.482,0.133,0.209,-0.634,0.496,-0.346,0.72,0.53,0.523,0.534,-0.063,0.658
CACC,-0.689,-0.72,-0.468,-0.855,0.69,0.46,-0.703,-0.778,-0.841,-0.67,-0.788,-0.417,-0.827,-0.227,-0.639,-0.814,-0.857,0.34,-0.255,-0.452,0.765,0.325,-0.791,-0.894,0.603,-0.495,0.0,-0.44,-0.659,0.49,-0.464,-0.697,0.802,0.913,-0.816,0.637,0.617,0.798,0.673,-0.816,-0.68,-0.841,-0.563,-0.418,-0.24,-0.584,-0.733,-0.797,-0.194,0.896,-0.597,0.221,-0.647,-0.885,-0.859,0.351,-0.695,-0.759,0.869,-0.88,-0.122,-0.389,0.537,0.32,-0.763,0.534,-0.864,0.428,-0.602,-0.521,0.679,-0.349,-0.71,-0.823,0.448,0.77,-0.318,0.684,-0.662,0.078,-0.361,0.322,0.014,-0.299,0.353,-0.711,-0.272,-0.546,-0.582,0.375,0.647,-0.187,-0.652,0.638,-0.913,0.93,-0.732,-0.668,-0.834,0.663,0.799,-0.554,-0.146,-0.657,-0.41,-0.616,-0.626,-0.721,0.366,-0.789,-0.74,-0.736,-0.098,0.018,-0.766,-0.509,-0.696,-0.496,-0.01,-0.886,-0.8,-0.76,-0.779,-0.636,-0.489,-0.495,0.79,-0.848,-0.281,-0.213,-0.846,-0.6,0.591,-0.742,0.322,-0.648,-0.849,-0.423,0.576,0.737,-0.475,-0.619,-0.556,0.364,-0.664,0.398,-0.667,-0.528,0.317,-0.52,-0.859,0.495,-0.458,-0.695,-0.846,-0.776,0.521,-0.817,-0.859,-0.807,0.714,-0.839,-0.701,-0.185,0.874,-0.14,0.738,0.155,-0.083,-0.801,0.543,-0.787,-0.189,0.854,0.729,-0.853,-0.832,0.11,0.675,-0.251,-0.761,-0.804,-0.294,-0.574,-0.804,-0.654,-0.453,-0.762,-0.683,-0.15,-0.035,0.745,-0.701,0.77,-0.754,-0.322,-0.499,-0.77,0.571,-0.873
CAR,0.653,0.709,0.301,0.68,-0.341,0.019,0.639,0.743,0.575,0.35,0.489,0.247,0.69,0.492,0.77,0.62,0.591,-0.19,0.691,0.277,-0.337,-0.017,0.708,0.635,-0.024,0.378,-0.44,0.0,0.665,-0.107,0.763,0.36,-0.414,-0.434,0.606,-0.422,0.079,-0.085,-0.061,0.409,0.539,0.549,0.649,0.617,0.048,0.551,0.374,0.603,0.394,-0.404,0.629,-0.051,0.665,0.533,0.654,0.259,0.3,0.364,-0.321,0.516,0.563,-0.138,-0.117,0.069,0.578,-0.226,0.609,0.103,0.679,0.365,-0.147,0.663,0.689,0.496,0.267,-0.522,0.741,-0.072,0.688,0.376,0.34,-0.492,0.219,0.504,-0.278,0.601,0.57,0.562,0.242,0.071,-0.354,0.234,0.479,-0.183,0.636,-0.507,0.536,0.381,0.731,-0.172,-0.329,0.365,0.201,0.716,0.514,0.623,0.611,0.571,-0.215,0.721,0.558,0.555,0.204,0.521,0.673,0.557,0.695,0.353,0.104,0.602,0.495,0.45,0.61,0.555,0.712,0.674,-0.546,0.65,0.627,0.381,0.693,0.426,-0.108,0.588,0.18,0.501,0.641,0.359,-0.071,-0.32,0.564,0.451,0.377,0.242,0.612,0.018,0.681,0.521,-0.417,0.609,0.604,-0.235,0.503,0.541,0.725,0.629,-0.325,0.504,0.605,0.692,-0.341,0.601,0.79,0.726,-0.362,0.403,-0.312,0.563,0.446,0.684,-0.247,0.741,0.586,-0.273,-0.397,0.505,0.674,0.122,-0.146,0.18,0.556,0.534,0.512,0.357,0.727,0.68,0.488,0.638,0.754,0.483,0.458,-0.479,0.644,-0.376,0.582,0.686,0.364,0.757,0.068,0.625
CDNA,0.891,0.861,0.797,0.875,-0.601,-0.075,0.934,0.834,0.886,0.544,0.682,0.494,0.728,0.467,0.912,0.91,0.917,-0.376,0.459,0.449,-0.655,0.139,0.9,0.848,-0.303,0.656,-0.659,0.665,0.0,-0.229,0.906,0.713,-0.671,-0.717,0.803,-0.738,-0.152,-0.298,-0.371,0.749,0.666,0.894,0.766,0.803,0.506,0.658,0.656,0.853,0.365,-0.547,0.659,-0.1,0.922,0.622,0.824,0.049,0.598,0.656,-0.684,0.777,0.525,0.028,0.077,-0.253,0.774,-0.521,0.885,-0.022,0.9,0.606,-0.121,0.77,0.938,0.779,0.091,-0.719,0.546,-0.488,0.819,0.305,0.487,-0.349,0.134,0.244,-0.161,0.714,0.678,0.796,0.337,-0.12,-0.605,0.237,0.868,-0.493,0.816,-0.76,0.891,0.6,0.903,-0.429,-0.709,0.374,0.406,0.864,0.876,0.883,0.926,0.921,-0.336,0.84,0.81,0.883,0.183,0.422,0.792,0.82,0.889,0.51,-0.031,0.881,0.871,0.649,0.919,0.598,0.848,0.73,-0.797,0.874,0.551,0.218,0.888,0.546,-0.265,0.953,-0.005,0.811,0.858,0.498,-0.091,-0.565,0.849,0.799,0.304,0.071,0.732,0.002,0.921,0.696,-0.325,0.774,0.895,-0.557,0.465,0.584,0.779,0.846,-0.468,0.804,0.853,0.848,-0.704,0.879,0.841,0.5,-0.626,0.338,-0.43,0.154,0.45,0.891,-0.591,0.9,0.69,-0.6,-0.411,0.719,0.877,0.377,-0.437,0.316,0.909,0.773,0.541,0.532,0.914,0.826,0.552,0.961,0.871,0.332,0.429,-0.81,0.608,-0.582,0.939,0.666,0.755,0.864,-0.152,0.863
CG,-0.314,-0.499,-0.172,-0.527,0.228,-0.296,-0.335,-0.482,-0.398,0.203,-0.595,0.407,-0.489,-0.55,-0.347,-0.365,-0.304,0.799,0.093,-0.014,0.531,0.63,-0.286,-0.449,0.565,0.053,0.49,-0.107,-0.229,0.0,-0.151,0.106,0.565,0.375,-0.179,-0.104,0.64,0.466,-0.106,-0.454,0.037,-0.378,-0.228,-0.336,0.497,-0.713,0.105,-0.113,-0.687,0.473,-0.543,0.648,-0.084,-0.488,-0.503,-0.153,-0.489,-0.45,0.657,-0.318,0.176,-0.0,0.46,0.437,-0.006,-0.344,-0.294,-0.045,-0.419,0.375,0.217,0.198,-0.178,-0.092,0.108,0.295,-0.145,0.658,-0.536,0.514,0.413,0.612,0.434,-0.406,0.877,-0.437,-0.337,-0.135,-0.232,-0.412,-0.099,0.599,-0.097,0.242,-0.51,0.499,-0.266,0.048,-0.306,0.687,0.531,-0.175,0.441,-0.063,-0.003,-0.02,-0.191,-0.346,0.818,-0.136,-0.001,-0.395,0.415,0.216,-0.249,-0.35,-0.406,0.344,-0.6,-0.441,-0.355,-0.507,-0.391,-0.702,-0.403,-0.148,0.304,-0.4,-0.398,-0.495,-0.312,0.029,0.793,-0.225,0.475,0.049,-0.522,0.408,0.645,0.443,0.032,-0.23,-0.027,-0.038,-0.357,-0.323,-0.107,0.197,-0.079,-0.575,-0.364,0.255,-0.723,-0.727,-0.533,-0.59,0.055,-0.241,-0.297,-0.433,-0.026,-0.209,-0.308,-0.12,0.27,-0.62,0.756,-0.19,-0.394,-0.188,-0.217,-0.447,-0.108,0.629,0.79,-0.151,-0.266,-0.336,0.757,0.65,-0.108,-0.17,0.358,0.328,-0.355,-0.324,-0.496,-0.265,-0.554,-0.119,-0.383,0.077,-0.486,0.453,-0.227,-0.04,-0.108,-0.521,0.587,-0.475
CGBD,0.813,0.827,0.671,0.748,-0.463,0.101,0.802,0.737,0.737,0.402,0.546,0.396,0.652,0.513,0.884,0.77,0.748,-0.347,0.503,0.284,-0.469,0.187,0.831,0.708,-0.085,0.578,-0.464,0.763,0.906,-0.151,0.0,0.537,-0.536,-0.547,0.687,-0.636,0.03,-0.089,-0.161,0.577,0.605,0.729,0.76,0.796,0.339,0.608,0.506,0.752,0.386,-0.383,0.609,-0.08,0.832,0.486,0.746,0.276,0.418,0.489,-0.472,0.577,0.598,-0.151,0.133,-0.115,0.659,-0.392,0.751,0.134,0.88,0.523,0.08,0.794,0.823,0.618,0.242,-0.577,0.673,-0.258,0.804,0.464,0.379,-0.429,0.174,0.296,-0.159,0.602,0.71,0.663,0.168,0.049,-0.484,0.241,0.724,-0.34,0.687,-0.585,0.732,0.457,0.802,-0.259,-0.551,0.308,0.328,0.824,0.829,0.803,0.83,0.794,-0.263,0.756,0.69,0.749,0.158,0.533,0.685,0.769,0.849,0.419,0.044,0.716,0.701,0.499,0.805,0.525,0.874,0.788,-0.689,0.748,0.691,0.271,0.783,0.462,-0.153,0.86,0.143,0.718,0.734,0.411,0.049,-0.404,0.806,0.653,0.219,0.233,0.671,0.125,0.843,0.595,-0.352,0.749,0.754,-0.466,0.443,0.498,0.693,0.75,-0.391,0.645,0.732,0.774,-0.543,0.737,0.754,0.638,-0.44,0.399,-0.295,0.377,0.476,0.785,-0.471,0.83,0.74,-0.442,-0.311,0.567,0.788,0.466,-0.259,0.249,0.784,0.634,0.576,0.38,0.828,0.771,0.544,0.857,0.825,0.339,0.579,-0.664,0.544,-0.457,0.803,0.759,0.676,0.815,0.073,0.718
