,ACET,ADAP,ADI,ADPT,ADTN,AGEN,ALGN,ALLK,AMD,AMWD,ARDX,ARQT,ASTE,AUPH,AVXL,AZTA,BAND,BECN,BFC,BGC,BHF,BHFAL,BKNG,BL,BOKF,BRKR,CACC,CAR,CDNA,CG,CGBD,CHI,CHTR,CHX,CLNE,CME,CNOB,CNXN,CPRX,CSGP,CSGS,CSIQ,CVCO,CVLT,CYRX,DDOG,DOOO,DSGX,DTIL,ECPG,EEFT,EFSC,ENTG,ESPR,ETSY,EXC,FAMI,FFIV,FITB,FIZZ,FMBH,FOX,FTNT,FULT,GABC,GEN,GH,GMAB,GNPX,GO,GOGL,GOOG,GPRO,GSHD,GSM,GWAV,HAIN,HBAN,HEPA,HURN,HWKN,IBIO,ICFI,IGMS,IMKTA,INCY,INO,IRDM,IRTC,IRWD,ITCI,JACK,JD,JJSF,KALA,KHC,KLAC,KRRO,KRYS,LANC,LBTYA,LIVN,LKCO,LNTH,LOGI,LPRO,LRCX,LSCC,LSTR,MAR,MARA,MCHP,MEOH,META,MGTX,MKSI,MMYT,MORN,MRUS,MTLS,MTSI,MVIS,MXL,NBIX,NFE,NMIH,NMRK,NNDM,NSIT,NTCT,NVAX,OCUL,ODP,OLED,ONB,OTEX,PACB,PATK,PAYX,PEP,PERI,PI,PLYA,PRDO,PRGS,PTGX,QCOM,QCRH,QDEL,QFIN,RGEN,RILY,RPAY,RPD,SABR,SEDG,SHEN,SIRI,SLNO,SNDL,SNEX,SONO,SPT,SSNC,STGW,STKL,STRL,STX,SWTX,SYNA,TFSL,TIGR,TNXP,TOWN,TRI,TRIP,TRMB,TRNS,TRS,TSCO,TSEM,TVTX,TXRH,VC,VCEL,VECO,VIAV,VICR,VIR,VRTX,VSTM,VTRS,WDFC,WSBC,WSC,WYNN,XENE,XNCR,XRAY,ZS
ACET,0.0,0.706,0.372,0.837,0.726,-0.334,-0.544,0.793,-0.069,0.78,-0.104,0.604,0.322,0.664,0.197,0.784,0.599,0.021,0.391,0.699,0.641,0.115,0.586,-0.133,0.59,-0.708,-0.275,0.763,0.853,-0.092,-0.193,-0.223,-0.091,0.708,0.875,0.522,0.447,0.798,0.617,-0.03,0.421,0.308,0.699,0.435,0.713,-0.188,-0.456,-0.37,0.431,0.578,0.532,0.706,0.631,0.814,0.031,-0.552,0.729,0.154,0.317,0.841,0.539,0.744,-0.86,0.192,0.586,0.463,0.621,-0.541,0.75,-0.191,0.606,-0.886,0.843,0.603,0.039,0.604,0.621,-0.131,0.826,0.763,0.54,0.792,-0.008,0.099,-0.22,0.805,0.745,0.742,0.901,0.019,0.709,0.705,0.021,0.804,0.827,0.884,0.508,0.813,0.511,-0.835,0.749,0.763,0.756,0.117,0.279,0.366,0.564,0.373,0.401,-0.023,0.791,0.806,-0.007,-0.203,0.745,0.76,0.293,0.043,0.825,0.746,0.517,0.859,-0.189,0.656,0.909,0.746,0.617,0.746,0.794,0.009,0.39,0.73,0.431,0.519,0.707,0.055,0.63,0.039,-0.764,-0.859,0.207,0.833,0.726,0.785,0.559,-0.372,-0.422,0.512,0.132,0.744,-0.07,0.397,0.136,-0.844,0.679,0.669,-0.368,-0.057,0.797,0.635,0.176,0.307,0.648,-0.588,0.236,0.87,0.434,-0.286,0.408,-0.166,0.463,0.812,0.85,0.162,-0.796,0.843,-0.293,-0.548,0.476,-0.572,0.522,0.835,-0.368,0.643,0.47,0.827,0.687,-0.515,0.814,-0.362,0.801,0.756,-0.066,0.633,0.25,0.852,0.407,0.743,0.797,-0.565
ADAP,0.706,0.0,0.727,0.838,0.744,0.098,-0.22,0.592,0.277,0.572,0.432,0.451,0.737,0.633,0.445,0.804,0.852,0.365,0.365,0.712,0.74,0.35,0.285,0.335,0.672,-0.318,0.32,0.551,0.84,0.32,0.003,0.033,0.326,0.527,0.554,0.478,0.399,0.721,0.661,-0.392,0.682,0.605,0.75,0.55,0.743,0.267,-0.015,0.116,0.789,0.515,0.274,0.495,0.666,0.451,0.512,-0.431,0.619,0.6,0.671,0.804,0.388,0.611,-0.52,0.316,0.378,0.397,0.824,-0.756,0.747,-0.359,0.801,-0.644,0.697,0.712,0.493,0.324,0.445,0.463,0.711,0.694,0.787,0.766,-0.475,0.248,-0.486,0.734,0.894,0.786,0.821,0.562,0.369,0.5,0.41,0.703,0.622,0.661,0.74,0.727,0.789,-0.557,0.748,0.795,0.65,0.55,0.022,0.64,0.774,0.829,0.6,-0.244,0.889,0.81,-0.07,0.319,0.875,0.806,0.498,0.371,0.667,0.823,0.859,0.535,0.356,0.307,0.626,0.59,0.434,0.844,0.872,-0.244,0.682,0.785,0.77,0.836,0.493,0.564,0.914,0.335,-0.371,-0.637,0.726,0.875,0.724,0.409,0.783,-0.033,0.069,0.695,0.546,0.547,0.01,0.738,-0.092,-0.588,0.254,0.848,-0.167,0.39,0.896,0.751,-0.1,0.613,0.678,-0.131,0.578,0.673,0.659,-0.034,0.543,0.162,0.547,0.843,0.66,0.291,-0.536,0.739,0.181,-0.327,0.212,-0.057,0.852,0.739,0.181,0.791,0.362,0.816,0.803,0.002,0.603,0.12,0.363,0.773,0.244,0.587,0.11,0.589,0.442,0.389,0.534,-0.357
ADI,0.372,0.727,0.0,0.49,0.509,0.444,0.221,0.073,0.649,0.217,0.604,0.241,0.682,0.22,0.345,0.59,0.75,0.475,0.033,0.434,0.659,0.358,0.003,0.506,0.448,0.095,0.605,0.196,0.455,0.444,0.265,0.369,0.378,0.213,0.122,0.24,0.139,0.365,0.336,-0.692,0.768,0.815,0.552,0.206,0.428,0.378,0.455,0.467,0.829,0.292,-0.132,0.2,0.69,0.002,0.749,-0.213,0.249,0.686,0.733,0.429,0.105,0.268,-0.13,0.217,0.025,0.328,0.61,-0.643,0.328,-0.282,0.656,-0.226,0.387,0.49,0.627,-0.039,0.069,0.712,0.223,0.306,0.787,0.347,-0.589,0.243,-0.596,0.356,0.667,0.506,0.431,0.65,-0.023,0.095,0.691,0.258,0.171,0.302,0.861,0.308,0.685,-0.141,0.46,0.386,0.28,0.623,-0.277,0.685,0.862,0.906,0.564,-0.298,0.708,0.699,0.163,0.696,0.573,0.641,0.427,0.634,0.302,0.498,0.919,0.123,0.738,-0.192,0.196,0.218,0.013,0.49,0.626,-0.218,0.761,0.414,0.844,0.881,0.145,0.674,0.807,0.447,0.086,-0.157,0.852,0.598,0.488,0.06,0.753,0.334,0.615,0.45,0.736,0.229,0.149,0.786,0.075,-0.222,-0.137,0.803,0.055,0.717,0.577,0.36,-0.435,0.877,0.477,0.223,0.651,0.274,0.658,0.419,0.375,0.636,0.295,0.556,0.233,0.12,-0.078,0.305,0.592,-0.141,0.109,0.374,0.906,0.301,0.575,0.703,-0.09,0.561,0.676,0.45,0.216,0.493,-0.037,0.631,0.107,0.316,0.213,0.25,0.288,-0.007,0.196,-0.101
ADPT,0.837,0.838,0.49,0.0,0.854,-0.233,-0.459,0.826,-0.098,0.833,0.006,0.633,0.538,0.804,0.386,0.913,0.755,0.244,0.556,0.812,0.727,0.104,0.473,0.013,0.766,-0.66,0.025,0.748,0.951,0.059,-0.018,-0.314,-0.002,0.722,0.818,0.65,0.586,0.832,0.808,-0.013,0.579,0.406,0.66,0.678,0.901,0.037,-0.343,-0.234,0.528,0.629,0.471,0.726,0.77,0.731,0.206,-0.594,0.827,0.353,0.533,0.927,0.615,0.762,-0.748,0.42,0.646,0.377,0.847,-0.656,0.891,-0.061,0.747,-0.85,0.88,0.722,0.15,0.607,0.595,0.155,0.838,0.829,0.572,0.9,-0.282,0.108,-0.201,0.888,0.889,0.922,0.899,0.363,0.581,0.783,0.261,0.812,0.836,0.85,0.688,0.883,0.621,-0.751,0.87,0.893,0.877,0.194,0.181,0.563,0.735,0.616,0.546,-0.151,0.814,0.864,-0.002,-0.016,0.845,0.882,0.544,0.102,0.848,0.824,0.695,0.806,-0.039,0.589,0.858,0.786,0.704,0.934,0.834,-0.083,0.499,0.858,0.653,0.721,0.738,0.244,0.789,0.095,-0.691,-0.847,0.474,0.914,0.833,0.663,0.609,-0.342,-0.293,0.721,0.276,0.789,-0.118,0.47,0.09,-0.746,0.597,0.771,-0.452,-0.009,0.921,0.803,0.169,0.421,0.733,-0.352,0.245,0.819,0.42,-0.322,0.434,-0.133,0.666,0.919,0.835,0.372,-0.747,0.873,-0.176,-0.58,0.429,-0.391,0.686,0.769,-0.185,0.736,0.584,0.909,0.849,-0.391,0.867,-0.271,0.661,0.712,0.001,0.754,0.269,0.822,0.38,0.665,0.703,-0.463
ADTN,0.726,0.744,0.509,0.854,0.0,-0.284,-0.351,0.808,-0.205,0.883,-0.054,0.648,0.607,0.863,0.369,0.942,0.701,0.412,0.665,0.911,0.849,-0.119,0.641,-0.134,0.907,-0.716,0.034,0.82,0.871,-0.118,0.065,-0.422,-0.185,0.848,0.81,0.851,0.758,0.906,0.871,0.127,0.532,0.228,0.587,0.688,0.828,-0.1,-0.264,-0.373,0.418,0.803,0.585,0.832,0.764,0.779,0.034,-0.601,0.863,0.366,0.673,0.88,0.744,0.9,-0.754,0.689,0.773,0.181,0.699,-0.616,0.895,0.044,0.827,-0.755,0.91,0.691,0.114,0.695,0.591,0.237,0.779,0.889,0.621,0.896,-0.15,-0.06,-0.025,0.913,0.843,0.89,0.804,0.472,0.595,0.864,0.378,0.818,0.872,0.802,0.702,0.853,0.437,-0.658,0.945,0.898,0.873,0.024,0.022,0.531,0.778,0.592,0.761,0.007,0.665,0.876,0.094,-0.074,0.757,0.925,0.704,-0.085,0.893,0.649,0.644,0.752,-0.056,0.547,0.798,0.89,0.815,0.929,0.783,0.159,0.422,0.843,0.722,0.679,0.86,0.165,0.65,0.143,-0.717,-0.771,0.358,0.913,0.858,0.696,0.555,-0.449,-0.26,0.817,0.072,0.868,-0.466,0.458,0.185,-0.741,0.666,0.63,-0.508,-0.064,0.882,0.768,0.148,0.435,0.569,-0.194,0.157,0.758,0.494,-0.261,0.449,-0.203,0.818,0.892,0.834,0.518,-0.782,0.879,-0.24,-0.722,0.591,-0.436,0.72,0.704,-0.109,0.821,0.687,0.941,0.886,-0.433,0.872,-0.35,0.689,0.773,-0.189,0.91,0.384,0.863,0.208,0.721,0.772,-0.548
AGEN,-0.334,0.098,0.444,-0.233,-0.284,0.0,0.813,-0.528,0.637,-0.486,0.672,-0.034,0.321,-0.308,0.225,-0.184,-0.04,0.444,-0.292,-0.23,-0.048,0.443,-0.404,0.679,-0.181,0.705,0.539,-0.49,-0.257,0.594,0.52,0.729,0.461,-0.306,-0.507,-0.332,-0.227,-0.409,-0.254,-0.556,0.072,0.377,-0.139,-0.151,-0.202,0.579,0.861,0.74,0.368,-0.205,-0.376,-0.347,0.004,-0.616,0.6,0.179,-0.456,0.387,0.305,-0.325,-0.333,-0.406,0.589,-0.123,-0.452,0.209,0.133,0.085,-0.321,-0.132,-0.073,0.481,-0.339,-0.28,0.636,-0.523,-0.341,0.609,-0.286,-0.3,0.207,-0.303,-0.344,0.536,-0.213,-0.391,-0.138,-0.169,-0.227,0.33,-0.419,-0.505,0.249,-0.424,-0.494,-0.441,0.187,-0.337,0.373,0.385,-0.217,-0.319,-0.343,0.49,-0.126,0.299,0.141,0.373,-0.134,0.001,-0.004,-0.07,0.277,0.691,0.036,-0.211,0.11,0.443,-0.498,-0.09,0.252,-0.489,0.742,-0.462,-0.499,-0.473,-0.543,-0.262,0.022,-0.103,0.205,-0.19,0.321,0.305,-0.479,0.479,0.201,0.528,0.677,0.407,0.439,-0.204,-0.116,-0.425,0.17,0.798,0.738,-0.182,0.471,-0.584,0.419,0.269,0.068,0.572,-0.602,0.214,0.365,0.591,-0.16,-0.168,-0.255,0.482,-0.018,0.394,0.222,-0.262,0.275,0.728,0.192,0.744,-0.188,-0.262,-0.431,-0.116,0.605,-0.362,0.797,0.637,-0.157,0.645,0.216,-0.253,0.771,0.012,-0.484,-0.26,-0.104,0.731,-0.506,0.618,-0.56,-0.057,0.147,-0.35,0.102,-0.459,0.13,-0.533,-0.467,0.54
ALGN,-0.544,-0.22,0.221,-0.459,-0.351,0.813,0.0,-0.595,0.322,-0.546,0.485,-0.026,0.167,-0.384,0.191,-0.298,-0.293,0.436,-0.258,-0.233,-0.144,0.077,-0.349,0.429,-0.204,0.663,0.359,-0.583,-0.477,0.334,0.558,0.549,0.162,-0.342,-0.571,-0.242,-0.14,-0.494,-0.263,-0.24,-0.109,0.135,-0.487,-0.189,-0.381,0.369,0.827,0.528,0.033,-0.154,-0.312,-0.369,-0.174,-0.597,0.249,0.375,-0.522,0.275,0.229,-0.499,-0.325,-0.382,0.679,-0.001,-0.394,-0.046,-0.168,0.422,-0.475,0.157,-0.244,0.656,-0.443,-0.564,0.37,-0.45,-0.309,0.494,-0.444,-0.42,-0.061,-0.452,-0.03,0.374,0.064,-0.507,-0.385,-0.266,-0.463,0.188,-0.542,-0.486,0.224,-0.603,-0.566,-0.552,0.058,-0.446,0.005,0.566,-0.287,-0.47,-0.45,0.126,-0.264,0.097,-0.018,0.122,-0.177,0.069,-0.338,-0.19,0.231,0.505,-0.225,-0.336,0.091,0.109,-0.61,-0.465,-0.034,-0.526,0.539,-0.502,-0.637,-0.443,-0.524,-0.426,-0.232,0.237,-0.197,-0.429,0.176,0.075,-0.437,0.238,-0.131,0.428,0.689,0.579,0.122,-0.407,-0.313,-0.401,-0.059,0.608,0.624,-0.288,0.137,-0.615,0.188,-0.044,0.261,0.676,-0.576,-0.059,0.234,0.365,-0.377,-0.334,-0.142,0.27,-0.248,0.533,-0.108,-0.419,0.01,0.723,-0.04,0.528,-0.168,-0.453,-0.475,-0.043,0.644,-0.53,0.628,0.588,-0.016,0.492,-0.028,-0.393,0.688,-0.207,-0.36,-0.389,-0.211,0.576,-0.608,0.425,-0.537,-0.217,-0.077,-0.352,0.306,-0.569,-0.141,-0.522,-0.535,0.605
ALLK,0.793,0.592,0.073,0.826,0.808,-0.528,-0.595,0.0,-0.491,0.903,-0.274,0.669,0.354,0.904,0.336,0.777,0.499,0.157,0.699,0.801,0.599,-0.138,0.714,-0.284,0.763,-0.876,-0.304,0.857,0.864,-0.227,-0.093,-0.572,-0.253,0.828,0.916,0.752,0.703,0.839,0.821,0.401,0.229,-0.061,0.497,0.688,0.778,-0.223,-0.608,-0.619,0.168,0.712,0.772,0.83,0.476,0.926,-0.266,-0.601,0.862,0.031,0.339,0.859,0.779,0.89,-0.846,0.515,0.831,0.214,0.591,-0.422,0.88,0.035,0.619,-0.837,0.858,0.592,-0.112,0.787,0.66,-0.134,0.901,0.884,0.363,0.881,0.082,-0.05,0.133,0.914,0.672,0.795,0.837,0.125,0.765,0.927,-0.042,0.874,0.939,0.841,0.34,0.899,0.332,-0.807,0.835,0.879,0.897,-0.129,0.299,0.265,0.401,0.247,0.46,0.124,0.52,0.676,-0.052,-0.439,0.722,0.71,0.49,-0.3,0.904,0.644,0.3,0.866,-0.436,0.835,0.907,0.89,0.883,0.838,0.666,0.134,0.152,0.823,0.332,0.364,0.884,-0.097,0.455,-0.05,-0.898,-0.911,0.017,0.801,0.749,0.845,0.331,-0.636,-0.679,0.69,-0.191,0.845,-0.416,0.21,0.124,-0.803,0.825,0.431,-0.53,-0.388,0.792,0.755,0.446,0.054,0.576,-0.468,-0.039,0.845,0.235,-0.569,0.424,-0.517,0.706,0.774,0.903,0.466,-0.893,0.922,-0.541,-0.644,0.533,-0.717,0.379,0.807,-0.467,0.59,0.832,0.792,0.64,-0.736,0.931,-0.61,0.871,0.583,-0.102,0.823,0.295,0.878,0.305,0.867,0.813,-0.553
AMD,-0.069,0.277,0.649,-0.098,-0.205,0.637,0.322,-0.491,0.0,-0.427,0.735,-0.351,0.216,-0.416,0.085,-0.123,0.341,0.111,-0.523,-0.268,0.028,0.7,-0.438,0.72,-0.271,0.648,0.602,-0.358,-0.102,0.646,0.169,0.821,0.7,-0.418,-0.433,-0.484,-0.544,-0.277,-0.384,-0.915,0.397,0.71,0.37,-0.32,-0.139,0.556,0.627,0.825,0.66,-0.341,-0.553,-0.412,0.123,-0.567,0.846,0.151,-0.413,0.436,0.201,-0.219,-0.488,-0.395,0.392,-0.421,-0.606,0.325,0.19,-0.316,-0.298,-0.507,0.07,0.289,-0.281,0.16,0.663,-0.623,-0.429,0.501,-0.279,-0.308,0.476,-0.298,-0.55,0.362,-0.699,-0.279,0.12,-0.187,-0.074,0.306,-0.293,-0.569,0.279,-0.219,-0.448,-0.262,0.26,-0.337,0.532,0.224,-0.266,-0.239,-0.361,0.808,-0.149,0.315,0.248,0.502,0.044,-0.225,0.37,0.042,0.136,0.832,0.132,-0.059,-0.191,0.874,-0.294,0.241,0.525,-0.463,0.824,-0.54,-0.305,-0.469,-0.606,-0.176,0.131,-0.533,0.678,-0.113,0.296,0.418,-0.534,0.681,0.429,0.342,0.591,0.329,0.658,-0.016,-0.104,-0.453,0.461,0.777,0.805,-0.136,0.781,-0.42,0.624,0.634,-0.133,0.304,-0.607,0.433,0.645,0.887,-0.02,-0.21,-0.619,0.666,0.177,0.297,0.733,-0.214,0.454,0.51,0.24,0.89,-0.392,-0.083,-0.388,-0.401,0.487,-0.257,0.822,0.427,-0.461,0.746,0.43,-0.104,0.658,0.201,-0.697,-0.131,-0.025,0.841,-0.419,0.84,-0.559,0.149,0.347,-0.4,-0.318,-0.328,0.331,-0.511,-0.3,0.252
AMWD,0.78,0.572,0.217,0.833,0.883,-0.486,-0.546,0.903,-0.427,0.0,-0.364,0.674,0.407,0.896,0.162,0.861,0.5,0.249,0.703,0.824,0.722,-0.198,0.71,-0.344,0.845,-0.899,-0.217,0.907,0.844,-0.28,-0.056,-0.6,-0.336,0.909,0.907,0.846,0.774,0.882,0.819,0.341,0.368,-0.006,0.533,0.617,0.813,-0.296,-0.49,-0.608,0.194,0.782,0.695,0.928,0.673,0.896,-0.2,-0.684,0.907,0.033,0.463,0.863,0.861,0.898,-0.888,0.64,0.893,0.184,0.637,-0.526,0.892,0.119,0.66,-0.867,0.922,0.661,-0.116,0.771,0.593,-0.035,0.817,0.923,0.448,0.864,0.019,-0.13,0.159,0.901,0.713,0.828,0.797,0.225,0.748,0.939,0.163,0.851,0.939,0.87,0.48,0.855,0.316,-0.773,0.896,0.894,0.924,-0.158,0.17,0.333,0.572,0.317,0.597,0.117,0.543,0.761,0.137,-0.361,0.667,0.81,0.591,-0.251,0.922,0.625,0.399,0.836,-0.391,0.735,0.896,0.9,0.919,0.852,0.71,0.183,0.26,0.853,0.495,0.442,0.928,-0.099,0.479,-0.002,-0.883,-0.871,0.096,0.823,0.848,0.825,0.351,-0.61,-0.541,0.761,-0.153,0.916,-0.494,0.257,0.175,-0.836,0.855,0.463,-0.633,-0.336,0.781,0.726,0.343,0.162,0.522,-0.459,-0.025,0.844,0.348,-0.471,0.378,-0.419,0.782,0.848,0.844,0.509,-0.855,0.909,-0.489,-0.759,0.675,-0.622,0.491,0.676,-0.386,0.708,0.73,0.877,0.732,-0.679,0.966,-0.589,0.836,0.671,-0.211,0.921,0.417,0.948,0.198,0.844,0.86,-0.643
ARDX,-0.104,0.432,0.604,0.006,-0.054,0.672,0.485,-0.274,0.735,-0.364,0.0,-0.179,0.496,-0.134,0.48,-0.015,0.448,0.391,-0.273,-0.019,0.082,0.652,-0.345,0.883,-0.034,0.616,0.58,-0.36,0.05,0.813,0.349,0.754,0.778,-0.318,-0.376,-0.299,-0.307,-0.188,-0.107,-0.698,0.346,0.654,0.232,0.116,0.035,0.784,0.651,0.808,0.633,-0.166,-0.271,-0.373,0.039,-0.459,0.759,0.111,-0.307,0.681,0.386,-0.084,-0.392,-0.188,0.442,-0.208,-0.489,0.338,0.316,-0.197,-0.113,-0.45,0.265,0.333,-0.219,0.078,0.841,-0.521,-0.28,0.681,-0.033,-0.156,0.452,-0.13,-0.554,0.399,-0.621,-0.078,0.164,0.051,0.06,0.505,-0.297,-0.371,0.253,-0.125,-0.302,-0.258,0.336,-0.076,0.578,0.203,-0.062,-0.047,-0.223,0.804,-0.102,0.456,0.249,0.662,0.173,-0.214,0.314,0.136,-0.07,0.824,0.35,0.023,0.094,0.697,-0.229,0.224,0.525,-0.386,0.873,-0.361,-0.277,-0.306,-0.457,0.027,0.206,-0.442,0.455,-0.004,0.391,0.551,-0.4,0.81,0.536,0.406,0.554,0.2,0.681,0.125,-0.04,-0.316,0.5,0.627,0.678,0.015,0.669,-0.415,0.479,0.657,-0.101,0.37,-0.592,0.512,0.569,0.84,0.159,0.042,-0.323,0.641,0.366,0.502,0.59,-0.145,0.333,0.482,0.385,0.721,-0.149,-0.042,-0.194,-0.049,0.367,-0.112,0.844,0.534,-0.417,0.612,0.456,0.115,0.774,0.217,-0.282,-0.054,0.093,0.759,-0.354,0.715,-0.497,0.13,0.468,-0.258,-0.151,-0.35,0.386,-0.444,-0.277,0.478
ARQT,0.604,0.451,0.241,0.633,0.648,-0.034,-0.026,0.669,-0.351,0.674,-0.179,0.0,0.439,0.717,0.258,0.717,0.258,0.382,0.621,0.77,0.649,-0.254,0.704,-0.248,0.704,-0.641,-0.168,0.646,0.607,-0.22,0.22,-0.35,-0.423,0.801,0.736,0.721,0.767,0.645,0.747,0.328,0.198,-0.055,0.135,0.515,0.569,-0.19,-0.137,-0.495,0.117,0.748,0.686,0.759,0.49,0.716,-0.223,-0.451,0.714,0.026,0.505,0.64,0.677,0.745,-0.62,0.572,0.725,0.211,0.528,-0.148,0.676,0.235,0.457,-0.597,0.758,0.191,-0.015,0.722,0.576,0.054,0.698,0.697,0.378,0.721,0.237,0.202,0.336,0.653,0.473,0.713,0.66,0.098,0.545,0.75,0.16,0.554,0.722,0.632,0.491,0.745,0.262,-0.559,0.801,0.603,0.702,-0.227,0.052,0.357,0.512,0.239,0.258,0.226,0.332,0.672,0.24,-0.285,0.566,0.608,0.624,-0.361,0.633,0.373,0.295,0.722,-0.212,0.629,0.641,0.761,0.659,0.636,0.581,0.436,0.001,0.614,0.499,0.399,0.737,-0.208,0.342,0.303,-0.639,-0.65,-0.007,0.595,0.71,0.789,0.278,-0.308,-0.389,0.5,-0.187,0.621,-0.394,0.099,0.447,-0.547,0.668,0.42,-0.581,-0.339,0.623,0.6,0.375,0.207,0.328,-0.404,-0.23,0.706,0.335,-0.106,0.349,-0.214,0.705,0.612,0.73,0.474,-0.617,0.684,-0.308,-0.402,0.802,-0.614,0.375,0.627,-0.112,0.504,0.65,0.681,0.578,-0.558,0.67,-0.493,0.743,0.549,-0.425,0.706,0.612,0.694,0.197,0.733,0.573,-0.317
ASTE,0.322,0.737,0.682,0.538,0.607,0.321,0.167,0.354,0.216,0.407,0.496,0.439,0.0,0.579,0.474,0.643,0.593,0.755,0.374,0.599,0.748,0.247,0.168,0.349,0.735,-0.114,0.488,0.316,0.526,0.373,0.203,0.047,0.325,0.494,0.254,0.515,0.521,0.497,0.634,-0.254,0.642,0.439,0.414,0.511,0.527,0.218,0.336,0.18,0.679,0.537,0.246,0.413,0.527,0.219,0.505,-0.383,0.39,0.58,0.881,0.55,0.352,0.509,-0.255,0.58,0.37,0.122,0.62,-0.591,0.526,-0.122,0.794,-0.364,0.512,0.401,0.578,0.157,0.297,0.776,0.447,0.556,0.683,0.552,-0.462,0.337,-0.218,0.556,0.66,0.616,0.55,0.811,0.104,0.347,0.64,0.474,0.401,0.404,0.693,0.537,0.65,-0.203,0.652,0.616,0.517,0.466,-0.269,0.802,0.675,0.817,0.708,-0.135,0.515,0.609,0.146,0.351,0.675,0.608,0.586,0.277,0.402,0.48,0.722,0.196,0.436,0.124,0.252,0.439,0.312,0.643,0.699,-0.059,0.48,0.644,0.793,0.736,0.419,0.49,0.74,0.553,-0.093,-0.342,0.668,0.617,0.584,0.241,0.537,0.12,0.268,0.67,0.419,0.325,-0.221,0.677,-0.055,-0.309,0.082,0.6,-0.257,0.43,0.719,0.552,-0.138,0.576,0.39,0.14,0.382,0.389,0.705,0.191,0.508,0.217,0.629,0.62,0.433,0.573,-0.218,0.527,0.346,-0.075,0.311,0.153,0.74,0.415,0.572,0.693,0.314,0.595,0.669,0.177,0.395,0.244,0.134,0.552,0.205,0.571,0.339,0.35,0.404,0.164,0.311,-0.177
AUPH,0.664,0.633,0.22,0.804,0.863,-0.308,-0.384,0.904,-0.416,0.896,-0.134,0.717,0.579,0.0,0.402,0.828,0.521,0.438,0.757,0.862,0.677,-0.063,0.701,-0.122,0.896,-0.777,-0.117,0.8,0.859,-0.064,0.116,-0.496,-0.157,0.893,0.82,0.835,0.818,0.821,0.864,0.374,0.294,-0.048,0.444,0.831,0.853,-0.053,-0.336,-0.483,0.23,0.773,0.804,0.853,0.581,0.815,-0.132,-0.729,0.857,0.14,0.562,0.838,0.814,0.895,-0.741,0.69,0.845,0.23,0.697,-0.468,0.916,0.083,0.736,-0.742,0.861,0.601,0.125,0.705,0.536,0.129,0.888,0.936,0.461,0.868,-0.081,-0.048,0.198,0.922,0.677,0.855,0.823,0.368,0.722,0.927,0.121,0.854,0.912,0.748,0.482,0.91,0.396,-0.736,0.918,0.918,0.909,-0.029,0.241,0.456,0.533,0.424,0.605,0.195,0.486,0.721,0.078,-0.271,0.766,0.747,0.742,-0.226,0.865,0.629,0.41,0.732,-0.246,0.78,0.799,0.854,0.892,0.885,0.707,0.132,0.223,0.891,0.523,0.518,0.867,0.032,0.546,0.069,-0.784,-0.872,0.158,0.829,0.853,0.785,0.357,-0.525,-0.497,0.781,-0.174,0.785,-0.508,0.34,0.113,-0.671,0.767,0.487,-0.539,-0.285,0.823,0.822,0.404,0.203,0.571,-0.34,-0.065,0.803,0.351,-0.404,0.554,-0.363,0.828,0.783,0.81,0.664,-0.791,0.925,-0.352,-0.556,0.593,-0.56,0.507,0.709,-0.19,0.714,0.843,0.816,0.694,-0.581,0.892,-0.543,0.728,0.595,-0.063,0.892,0.392,0.852,0.322,0.779,0.776,-0.424
AVXL,0.197,0.445,0.345,0.386,0.369,0.225,0.191,0.336,0.085,0.162,0.48,0.258,0.474,0.402,0.0,0.325,0.438,0.41,0.128,0.352,0.239,0.323,0.046,0.484,0.333,0.023,0.08,0.065,0.443,0.51,0.392,0.231,0.407,0.177,0.17,0.173,0.155,0.166,0.348,-0.104,0.184,0.358,0.171,0.577,0.469,0.452,0.17,0.257,0.435,0.183,0.246,0.121,0.255,0.134,0.304,-0.291,0.126,0.471,0.386,0.285,0.107,0.305,0.018,0.135,0.054,0.341,0.477,-0.17,0.321,-0.089,0.434,-0.074,0.214,0.182,0.495,0.011,0.124,0.37,0.393,0.303,0.241,0.319,-0.352,0.256,-0.232,0.426,0.34,0.444,0.39,0.422,0.149,0.238,0.033,0.236,0.21,0.153,0.368,0.37,0.521,-0.265,0.355,0.361,0.4,0.386,0.241,0.569,0.312,0.533,0.294,-0.054,0.317,0.408,-0.112,0.352,0.604,0.294,0.39,0.237,0.215,0.291,0.394,0.151,0.287,0.293,0.19,0.21,0.108,0.384,0.37,-0.167,0.172,0.355,0.372,0.557,0.168,0.507,0.528,0.007,-0.038,-0.3,0.435,0.408,0.268,0.205,0.395,0.108,0.045,0.207,0.194,0.04,0.133,0.407,0.075,0.016,-0.001,0.509,0.077,0.261,0.459,0.4,0.078,0.503,0.57,0.206,0.108,0.191,0.087,0.045,0.547,0.192,0.207,0.22,0.295,0.25,-0.15,0.309,0.323,0.099,-0.065,0.014,0.359,0.383,0.265,0.352,0.363,0.256,0.406,0.098,0.201,0.074,0.071,0.166,0.196,0.177,0.221,0.141,0.417,0.137,0.16,0.248
AZTA,0.784,0.804,0.59,0.913,0.942,-0.184,-0.298,0.777,-0.123,0.861,-0.015,0.717,0.643,0.828,0.325,0.0,0.717,0.396,0.651,0.9,0.855,-0.064,0.565,-0.089,0.886,-0.682,0.094,0.785,0.889,-0.073,0.048,-0.363,-0.159,0.827,0.808,0.812,0.74,0.901,0.863,0.027,0.62,0.342,0.587,0.661,0.842,-0.082,-0.227,-0.306,0.496,0.797,0.509,0.814,0.832,0.746,0.141,-0.569,0.861,0.387,0.684,0.92,0.711,0.846,-0.763,0.626,0.74,0.259,0.756,-0.631,0.872,-0.005,0.828,-0.809,0.929,0.665,0.137,0.667,0.626,0.259,0.783,0.856,0.636,0.896,-0.19,0.062,-0.092,0.881,0.879,0.941,0.85,0.445,0.534,0.817,0.451,0.794,0.851,0.844,0.802,0.874,0.52,-0.656,0.942,0.9,0.868,0.083,-0.009,0.575,0.857,0.65,0.696,-0.1,0.74,0.934,0.083,-0.023,0.775,0.959,0.685,-0.008,0.852,0.696,0.712,0.792,0.01,0.506,0.802,0.861,0.758,0.933,0.853,0.142,0.453,0.849,0.775,0.75,0.823,0.178,0.728,0.228,-0.677,-0.765,0.44,0.918,0.869,0.691,0.588,-0.368,-0.194,0.809,0.187,0.849,-0.336,0.473,0.179,-0.765,0.614,0.71,-0.567,-0.015,0.902,0.782,0.12,0.455,0.602,-0.277,0.196,0.8,0.536,-0.156,0.394,-0.125,0.798,0.945,0.834,0.493,-0.749,0.859,-0.167,-0.662,0.622,-0.39,0.762,0.709,-0.071,0.802,0.619,0.978,0.928,-0.386,0.872,-0.285,0.686,0.796,-0.15,0.88,0.462,0.845,0.248,0.677,0.738,-0.514
BAND,0.599,0.852,0.75,0.755,0.701,-0.04,-0.293,0.499,0.341,0.5,0.448,0.258,0.593,0.521,0.438,0.717,0.0,0.231,0.284,0.603,0.629,0.286,0.209,0.378,0.565,-0.263,0.361,0.467,0.761,0.325,0.022,0.023,0.349,0.358,0.433,0.382,0.244,0.592,0.555,-0.434,0.693,0.662,0.727,0.501,0.703,0.362,-0.045,0.172,0.737,0.357,0.159,0.346,0.642,0.346,0.535,-0.419,0.559,0.594,0.554,0.682,0.278,0.519,-0.414,0.214,0.23,0.347,0.735,-0.768,0.641,-0.382,0.781,-0.492,0.574,0.794,0.462,0.25,0.207,0.429,0.536,0.541,0.741,0.617,-0.567,-0.008,-0.609,0.685,0.84,0.686,0.702,0.583,0.291,0.424,0.439,0.595,0.5,0.53,0.737,0.621,0.66,-0.466,0.625,0.669,0.547,0.537,-0.049,0.569,0.754,0.838,0.604,-0.343,0.809,0.749,-0.125,0.411,0.774,0.768,0.445,0.492,0.651,0.74,0.889,0.388,0.429,0.186,0.531,0.469,0.33,0.773,0.661,-0.414,0.748,0.645,0.659,0.823,0.367,0.595,0.86,0.127,-0.306,-0.509,0.742,0.83,0.601,0.307,0.742,-0.081,0.165,0.609,0.575,0.535,0.034,0.77,-0.082,-0.495,0.164,0.823,0.002,0.453,0.803,0.623,-0.205,0.667,0.731,0.044,0.66,0.478,0.473,-0.107,0.454,0.244,0.408,0.746,0.551,0.239,-0.468,0.614,0.21,-0.413,0.021,0.04,0.859,0.621,0.191,0.748,0.304,0.725,0.746,0.093,0.545,0.195,0.243,0.631,0.228,0.489,-0.005,0.497,0.407,0.296,0.435,-0.266
BECN,0.021,0.365,0.475,0.244,0.412,0.444,0.436,0.157,0.111,0.249,0.391,0.382,0.755,0.438,0.41,0.396,0.231,0.0,0.331,0.444,0.547,0.182,0.198,0.345,0.617,0.033,0.425,0.198,0.265,0.392,0.584,0.152,0.16,0.395,0.067,0.423,0.514,0.22,0.404,-0.019,0.327,0.173,0.159,0.431,0.323,0.293,0.516,0.187,0.363,0.499,0.272,0.384,0.355,0.043,0.288,-0.272,0.171,0.424,0.803,0.214,0.39,0.383,0.011,0.651,0.319,0.104,0.472,-0.187,0.307,0.166,0.52,-0.014,0.289,0.107,0.521,0.032,0.061,0.74,0.28,0.386,0.519,0.258,-0.237,0.369,0.141,0.309,0.275,0.408,0.206,0.65,0.082,0.247,0.433,0.216,0.19,0.11,0.465,0.254,0.45,-0.039,0.452,0.357,0.341,0.266,-0.112,0.588,0.453,0.562,0.592,0.296,0.147,0.385,0.465,0.335,0.436,0.32,0.596,0.133,0.162,0.23,0.427,-0.009,0.391,0.047,0.053,0.249,0.245,0.333,0.476,0.2,0.23,0.419,0.644,0.54,0.305,0.378,0.423,0.611,0.067,-0.154,0.394,0.319,0.48,0.169,0.308,0.235,0.307,0.513,0.145,0.093,-0.25,0.469,0.271,0.055,0.063,0.352,-0.141,0.291,0.356,0.305,0.063,0.521,0.244,0.341,0.091,0.253,0.49,0.276,0.526,0.295,0.578,0.264,0.15,0.562,0.049,0.302,0.417,0.097,0.378,0.183,0.507,0.187,0.621,0.538,0.222,0.295,0.376,0.203,0.175,0.128,0.017,0.36,-0.014,0.463,0.462,0.183,0.239,0.086,0.212,0.086
BFC,0.391,0.365,0.033,0.556,0.665,-0.292,-0.258,0.699,-0.523,0.703,-0.273,0.621,0.374,0.757,0.128,0.651,0.284,0.331,0.0,0.672,0.476,-0.387,0.658,-0.305,0.71,-0.708,-0.107,0.686,0.587,-0.338,0.12,-0.613,-0.434,0.748,0.649,0.745,0.775,0.632,0.709,0.513,0.072,-0.268,0.146,0.603,0.532,-0.179,-0.372,-0.58,-0.093,0.734,0.684,0.723,0.364,0.675,-0.346,-0.466,0.765,0.066,0.343,0.631,0.787,0.699,-0.59,0.702,0.784,0.01,0.431,-0.226,0.707,0.143,0.49,-0.523,0.667,0.4,-0.119,0.72,0.488,-0.025,0.62,0.67,0.247,0.71,0.172,-0.112,0.404,0.642,0.426,0.641,0.53,0.183,0.546,0.799,0.128,0.64,0.729,0.493,0.303,0.682,0.052,-0.473,0.694,0.67,0.684,-0.332,0.101,0.116,0.363,0.179,0.399,0.21,0.185,0.489,0.118,-0.409,0.408,0.57,0.667,-0.491,0.668,0.362,0.185,0.604,-0.291,0.568,0.577,0.724,0.822,0.652,0.449,0.31,0.006,0.631,0.301,0.25,0.732,-0.268,0.192,0.096,-0.681,-0.589,-0.062,0.553,0.648,0.643,0.08,-0.555,-0.459,0.687,-0.323,0.717,-0.613,0.042,0.236,-0.514,0.67,0.179,-0.58,-0.472,0.534,0.656,0.509,-0.065,0.297,-0.289,-0.198,0.602,0.181,-0.335,0.21,-0.455,0.757,0.582,0.631,0.624,-0.639,0.68,-0.487,-0.549,0.67,-0.553,0.304,0.464,-0.237,0.451,0.773,0.623,0.501,-0.594,0.729,-0.57,0.661,0.345,-0.303,0.761,0.364,0.646,0.013,0.682,0.531,-0.36
BGC,0.699,0.712,0.434,0.812,0.911,-0.23,-0.233,0.801,-0.268,0.824,-0.019,0.77,0.599,0.862,0.352,0.9,0.603,0.444,0.672,0.0,0.833,-0.115,0.728,-0.127,0.898,-0.701,0.018,0.779,0.836,-0.09,0.144,-0.381,-0.207,0.844,0.822,0.862,0.803,0.891,0.887,0.211,0.486,0.165,0.481,0.738,0.772,-0.067,-0.211,-0.409,0.355,0.866,0.678,0.829,0.639,0.788,-0.046,-0.474,0.856,0.305,0.685,0.843,0.727,0.892,-0.716,0.69,0.781,0.236,0.677,-0.463,0.869,0.079,0.731,-0.707,0.896,0.561,0.115,0.718,0.645,0.231,0.831,0.87,0.595,0.869,0.008,0.041,0.078,0.862,0.763,0.895,0.812,0.368,0.599,0.868,0.3,0.799,0.862,0.792,0.651,0.865,0.418,-0.612,0.947,0.857,0.807,0.011,0.035,0.488,0.701,0.503,0.645,0.087,0.601,0.838,0.119,-0.118,0.752,0.83,0.699,-0.159,0.844,0.62,0.552,0.77,-0.087,0.613,0.793,0.921,0.811,0.891,0.764,0.272,0.292,0.796,0.681,0.635,0.864,0.097,0.596,0.274,-0.708,-0.752,0.247,0.84,0.827,0.772,0.548,-0.42,-0.336,0.789,-0.008,0.795,-0.42,0.404,0.246,-0.685,0.677,0.615,-0.498,-0.128,0.85,0.769,0.27,0.379,0.53,-0.238,0.045,0.768,0.462,-0.254,0.466,-0.216,0.831,0.826,0.844,0.565,-0.769,0.867,-0.246,-0.586,0.647,-0.506,0.631,0.764,-0.083,0.748,0.735,0.896,0.826,-0.473,0.801,-0.401,0.708,0.753,-0.147,0.884,0.441,0.813,0.262,0.754,0.782,-0.468
BHF,0.641,0.74,0.659,0.727,0.849,-0.048,-0.144,0.599,0.028,0.722,0.082,0.649,0.748,0.677,0.239,0.855,0.629,0.547,0.476,0.833,0.0,-0.05,0.537,-0.072,0.875,-0.521,0.285,0.727,0.698,-0.039,0.063,-0.242,-0.106,0.748,0.627,0.785,0.697,0.808,0.809,-0.087,0.725,0.346,0.605,0.414,0.605,-0.156,0.004,-0.226,0.595,0.792,0.401,0.76,0.684,0.602,0.208,-0.374,0.688,0.382,0.86,0.749,0.65,0.778,-0.631,0.695,0.683,0.102,0.624,-0.648,0.71,0.039,0.767,-0.662,0.81,0.565,0.163,0.527,0.551,0.493,0.596,0.777,0.788,0.771,-0.136,0.182,-0.093,0.749,0.832,0.753,0.681,0.568,0.402,0.643,0.604,0.686,0.684,0.751,0.724,0.673,0.546,-0.418,0.861,0.746,0.705,0.177,-0.268,0.6,0.793,0.633,0.776,-0.001,0.642,0.804,0.278,0.074,0.698,0.821,0.547,0.078,0.732,0.597,0.718,0.57,0.095,0.31,0.618,0.778,0.611,0.782,0.815,0.196,0.518,0.742,0.822,0.671,0.755,0.23,0.669,0.511,-0.484,-0.551,0.456,0.768,0.771,0.558,0.668,-0.159,-0.009,0.798,0.271,0.714,-0.39,0.573,0.188,-0.683,0.475,0.62,-0.43,0.174,0.832,0.564,-0.07,0.565,0.377,-0.072,0.336,0.664,0.733,-0.089,0.434,-0.0,0.789,0.828,0.697,0.475,-0.551,0.742,-0.039,-0.546,0.597,-0.205,0.786,0.623,0.181,0.835,0.418,0.842,0.827,-0.199,0.686,-0.045,0.539,0.858,-0.16,0.833,0.405,0.72,0.3,0.576,0.672,-0.606
BHFAL,0.115,0.35,0.358,0.104,-0.119,0.443,0.077,-0.138,0.7,-0.198,0.652,-0.254,0.247,-0.063,0.323,-0.064,0.286,0.182,-0.387,-0.115,-0.05,0.0,-0.287,0.779,-0.139,0.437,0.293,-0.23,0.168,0.858,0.22,0.739,0.852,-0.213,-0.174,-0.422,-0.406,-0.137,-0.269,-0.598,0.235,0.545,0.463,0.111,0.186,0.672,0.391,0.683,0.586,-0.238,-0.159,-0.221,0.102,-0.315,0.704,-0.153,-0.294,0.338,0.134,-0.048,-0.332,-0.193,0.223,-0.402,-0.401,0.593,0.399,-0.256,-0.046,-0.455,0.154,0.073,-0.121,0.22,0.739,-0.529,-0.262,0.333,0.139,-0.03,0.375,-0.137,-0.527,0.45,-0.508,-0.029,0.12,0.018,0.199,0.223,0.072,-0.3,-0.145,0.095,-0.177,-0.061,0.105,-0.051,0.675,-0.12,-0.116,0.03,-0.08,0.848,0.378,0.44,0.073,0.424,0.06,0.003,0.435,0.067,0.073,0.612,0.387,-0.07,-0.114,0.778,-0.141,0.477,0.377,-0.242,0.541,-0.048,-0.018,-0.308,-0.324,-0.002,0.29,-0.596,0.524,0.158,0.179,0.419,-0.347,0.704,0.536,0.167,0.325,-0.073,0.518,0.119,0.052,-0.175,0.405,0.59,0.365,-0.061,0.532,-0.367,0.674,0.615,-0.21,0.234,-0.315,0.494,0.561,0.663,0.133,0.042,-0.211,0.515,0.475,0.029,0.501,0.076,0.334,0.208,0.557,0.636,-0.272,-0.025,-0.194,-0.234,0.273,0.039,0.674,0.555,-0.447,0.464,0.247,0.144,0.43,0.222,-0.368,-0.071,-0.046,0.548,-0.198,0.49,-0.355,0.119,0.611,-0.287,-0.322,-0.133,0.649,-0.285,-0.043,0.348
BKNG,0.586,0.285,0.003,0.473,0.641,-0.404,-0.349,0.714,-0.438,0.71,-0.345,0.704,0.168,0.701,0.046,0.565,0.209,0.198,0.658,0.728,0.537,-0.287,0.0,-0.382,0.633,-0.774,-0.319,0.815,0.575,-0.381,0.146,-0.443,-0.492,0.809,0.79,0.729,0.683,0.681,0.591,0.524,0.038,-0.34,0.276,0.45,0.449,-0.276,-0.373,-0.693,-0.109,0.756,0.88,0.81,0.281,0.812,-0.503,-0.478,0.733,-0.159,0.278,0.568,0.759,0.781,-0.69,0.542,0.776,0.172,0.331,-0.124,0.675,0.157,0.359,-0.539,0.717,0.367,-0.142,0.773,0.463,-0.221,0.704,0.735,0.387,0.652,0.455,-0.115,0.446,0.672,0.366,0.539,0.586,-0.117,0.819,0.813,-0.146,0.671,0.784,0.581,0.17,0.647,0.048,-0.611,0.697,0.57,0.62,-0.328,0.26,0.015,0.257,-0.023,0.331,0.571,0.216,0.517,0.299,-0.484,0.438,0.484,0.51,-0.461,0.762,0.393,0.08,0.689,-0.421,0.755,0.741,0.787,0.79,0.538,0.449,0.418,0.038,0.564,0.225,0.155,0.775,-0.338,0.113,0.095,-0.803,-0.683,-0.298,0.546,0.694,0.871,0.251,-0.502,-0.604,0.527,-0.46,0.693,-0.547,0.114,0.457,-0.579,0.866,0.209,-0.329,-0.479,0.49,0.506,0.482,0.077,0.271,-0.425,-0.223,0.689,0.255,-0.397,0.396,-0.369,0.626,0.485,0.668,0.397,-0.718,0.757,-0.546,-0.549,0.695,-0.755,0.242,0.625,-0.343,0.537,0.683,0.591,0.388,-0.71,0.681,-0.676,0.82,0.556,-0.405,0.723,0.312,0.799,0.173,0.893,0.783,-0.478
BL,-0.133,0.335,0.506,0.013,-0.134,0.679,0.429,-0.284,0.72,-0.344,0.883,-0.248,0.349,-0.122,0.484,-0.089,0.378,0.345,-0.305,-0.127,-0.072,0.779,-0.382,0.0,-0.108,0.627,0.515,-0.387,0.07,0.901,0.463,0.781,0.853,-0.35,-0.389,-0.393,-0.359,-0.292,-0.223,-0.636,0.246,0.592,0.227,0.155,0.114,0.907,0.628,0.854,0.548,-0.271,-0.251,-0.366,0.066,-0.509,0.763,-0.022,-0.341,0.599,0.255,-0.144,-0.372,-0.285,0.497,-0.283,-0.501,0.496,0.39,-0.158,-0.127,-0.367,0.184,0.363,-0.271,0.124,0.853,-0.579,-0.406,0.584,-0.042,-0.149,0.354,-0.205,-0.625,0.355,-0.556,-0.118,0.07,0.026,0.035,0.423,-0.196,-0.369,0.082,-0.148,-0.338,-0.305,0.233,-0.127,0.588,0.132,-0.136,-0.072,-0.186,0.821,0.171,0.416,0.161,0.591,0.084,-0.092,0.274,0.069,0.041,0.815,0.342,-0.057,0.098,0.767,-0.264,0.255,0.462,-0.412,0.81,-0.255,-0.259,-0.414,-0.455,-0.04,0.148,-0.557,0.469,0.011,0.285,0.516,-0.458,0.835,0.512,0.237,0.544,0.149,0.634,0.072,-0.027,-0.323,0.414,0.663,0.629,-0.058,0.6,-0.472,0.62,0.608,-0.088,0.469,-0.549,0.498,0.631,0.77,0.067,0.032,-0.193,0.624,0.472,0.452,0.481,-0.135,0.188,0.423,0.452,0.763,-0.228,-0.116,-0.29,-0.118,0.443,-0.129,0.862,0.587,-0.5,0.642,0.359,0.021,0.68,0.185,-0.318,-0.138,-0.002,0.744,-0.341,0.623,-0.547,0.01,0.525,-0.321,-0.169,-0.332,0.463,-0.458,-0.273,0.599
BOKF,0.59,0.672,0.448,0.766,0.907,-0.181,-0.204,0.763,-0.271,0.845,-0.034,0.704,0.735,0.896,0.333,0.886,0.565,0.617,0.71,0.898,0.875,-0.139,0.633,-0.108,0.0,-0.664,0.148,0.766,0.774,-0.075,0.185,-0.445,-0.184,0.862,0.703,0.904,0.877,0.828,0.899,0.227,0.534,0.106,0.448,0.704,0.748,-0.106,-0.137,-0.37,0.359,0.855,0.627,0.861,0.666,0.705,0.011,-0.571,0.811,0.319,0.807,0.814,0.804,0.867,-0.667,0.856,0.845,0.094,0.659,-0.545,0.838,0.172,0.822,-0.676,0.847,0.559,0.146,0.647,0.552,0.405,0.734,0.884,0.606,0.833,-0.134,0.025,0.134,0.857,0.748,0.858,0.719,0.566,0.511,0.837,0.463,0.752,0.812,0.733,0.656,0.815,0.417,-0.525,0.937,0.868,0.838,0.009,-0.08,0.555,0.702,0.571,0.787,0.12,0.502,0.783,0.215,-0.107,0.705,0.828,0.762,-0.135,0.795,0.55,0.563,0.641,-0.057,0.52,0.673,0.846,0.81,0.864,0.753,0.249,0.327,0.837,0.732,0.625,0.882,0.116,0.595,0.314,-0.624,-0.691,0.314,0.806,0.852,0.667,0.457,-0.406,-0.222,0.879,0.006,0.776,-0.558,0.431,0.195,-0.652,0.621,0.524,-0.567,-0.088,0.826,0.714,0.201,0.366,0.458,-0.111,0.058,0.732,0.514,-0.22,0.461,-0.217,0.935,0.822,0.753,0.721,-0.658,0.837,-0.184,-0.593,0.665,-0.363,0.666,0.611,0.045,0.783,0.697,0.851,0.81,-0.394,0.817,-0.328,0.627,0.716,-0.147,0.954,0.51,0.785,0.232,0.657,0.718,-0.497
BRKR,-0.708,-0.318,0.095,-0.66,-0.716,0.705,0.663,-0.876,0.648,-0.899,0.616,-0.641,-0.114,-0.777,0.023,-0.682,-0.263,0.033,-0.708,-0.701,-0.521,0.437,-0.774,0.627,-0.664,0.0,0.457,-0.883,-0.682,0.573,0.244,0.783,0.574,-0.84,-0.903,-0.783,-0.703,-0.794,-0.716,-0.558,-0.114,0.286,-0.33,-0.468,-0.599,0.545,0.725,0.857,0.103,-0.687,-0.734,-0.844,-0.418,-0.951,0.519,0.55,-0.867,0.246,-0.158,-0.753,-0.803,-0.823,0.921,-0.523,-0.881,-0.042,-0.35,0.332,-0.772,-0.15,-0.423,0.829,-0.828,-0.498,0.42,-0.853,-0.609,0.368,-0.722,-0.79,-0.19,-0.774,-0.301,0.295,-0.321,-0.781,-0.513,-0.644,-0.667,0.098,-0.749,-0.916,0.045,-0.772,-0.908,-0.794,-0.22,-0.774,-0.002,0.738,-0.746,-0.744,-0.79,0.432,-0.168,-0.035,-0.315,0.03,-0.364,-0.153,-0.321,-0.559,-0.005,0.666,-0.427,-0.629,-0.411,0.513,-0.871,-0.429,-0.089,-0.858,0.668,-0.772,-0.858,-0.874,-0.913,-0.687,-0.471,-0.283,0.005,-0.675,-0.17,-0.109,-0.893,0.438,-0.163,0.171,0.97,0.8,0.241,-0.635,-0.67,-0.845,-0.111,0.786,0.773,-0.587,0.419,-0.905,0.609,0.031,-0.151,0.854,-0.93,-0.174,0.677,0.626,-0.595,-0.606,-0.43,0.167,-0.294,0.602,0.221,-0.731,-0.139,0.616,-0.171,0.673,-0.639,-0.689,-0.805,-0.412,0.906,-0.805,0.785,0.813,-0.68,0.831,-0.204,-0.597,0.647,-0.463,-0.769,-0.72,-0.53,0.89,-0.909,0.772,-0.925,-0.489,0.328,-0.81,-0.311,-0.894,-0.049,-0.909,-0.812,0.708
CACC,-0.275,0.32,0.605,0.025,0.034,0.539,0.359,-0.304,0.602,-0.217,0.58,-0.168,0.488,-0.117,0.08,0.094,0.361,0.425,-0.107,0.018,0.285,0.293,-0.319,0.515,0.148,0.457,0.0,-0.185,-0.054,0.434,0.29,0.344,0.466,-0.215,-0.402,-0.003,-0.047,-0.06,0.045,-0.547,0.538,0.446,0.193,-0.046,-0.044,0.447,0.588,0.616,0.54,-0.012,-0.446,-0.162,0.174,-0.465,0.707,0.233,-0.146,0.516,0.55,-0.031,-0.114,-0.208,0.387,0.216,-0.2,-0.099,0.211,-0.351,-0.096,-0.089,0.271,0.256,-0.133,0.205,0.454,-0.348,-0.223,0.817,-0.251,-0.085,0.462,-0.086,-0.549,0.259,-0.35,-0.124,0.272,0.012,-0.124,0.722,-0.417,-0.29,0.658,-0.131,-0.308,-0.152,0.376,-0.188,0.399,0.431,-0.004,-0.033,-0.177,0.558,-0.469,0.355,0.37,0.591,0.309,-0.2,0.174,0.043,0.197,0.684,0.126,0.108,0.152,0.556,-0.164,0.167,0.533,-0.408,0.72,-0.535,-0.328,-0.195,-0.254,0.071,0.157,-0.24,0.605,0.051,0.504,0.437,-0.212,0.583,0.376,0.57,0.506,0.356,0.658,0.036,0.043,-0.467,0.356,0.546,0.753,0.328,0.665,-0.19,0.159,0.512,-0.14,0.248,-0.523,0.253,0.3,0.659,0.111,-0.071,-0.489,0.514,0.017,0.593,0.543,-0.186,0.455,0.308,0.129,0.572,0.143,0.073,-0.291,0.117,0.411,-0.144,0.624,0.167,-0.264,0.757,0.527,-0.191,0.727,0.269,-0.363,0.028,0.173,0.72,-0.212,0.744,-0.507,0.164,0.273,0.008,-0.131,-0.254,0.173,-0.435,-0.272,0.096
CAR,0.763,0.551,0.196,0.748,0.82,-0.49,-0.583,0.857,-0.358,0.907,-0.36,0.646,0.316,0.8,0.065,0.785,0.467,0.198,0.686,0.779,0.727,-0.23,0.815,-0.387,0.766,-0.883,-0.185,0.0,0.79,-0.352,-0.091,-0.556,-0.403,0.879,0.885,0.804,0.707,0.864,0.742,0.319,0.3,-0.08,0.593,0.451,0.658,-0.346,-0.518,-0.657,0.173,0.778,0.713,0.902,0.536,0.886,-0.277,-0.575,0.872,-0.052,0.399,0.799,0.872,0.88,-0.882,0.596,0.857,0.18,0.559,-0.509,0.853,0.017,0.577,-0.805,0.873,0.67,-0.164,0.783,0.536,-0.096,0.774,0.868,0.546,0.835,0.164,-0.136,0.169,0.846,0.677,0.71,0.735,0.101,0.802,0.883,0.085,0.841,0.907,0.804,0.38,0.772,0.276,-0.755,0.83,0.818,0.842,-0.16,0.164,0.178,0.506,0.225,0.549,0.265,0.512,0.693,0.22,-0.391,0.615,0.741,0.5,-0.269,0.938,0.641,0.363,0.804,-0.386,0.69,0.89,0.885,0.893,0.771,0.691,0.189,0.302,0.807,0.409,0.34,0.877,-0.155,0.383,0.075,-0.881,-0.82,0.025,0.768,0.839,0.823,0.41,-0.548,-0.535,0.754,-0.185,0.905,-0.532,0.302,0.233,-0.839,0.877,0.389,-0.494,-0.341,0.72,0.673,0.306,0.166,0.42,-0.456,0.084,0.82,0.419,-0.503,0.408,-0.39,0.722,0.785,0.796,0.403,-0.839,0.895,-0.535,-0.769,0.655,-0.646,0.493,0.721,-0.387,0.736,0.663,0.818,0.627,-0.677,0.898,-0.548,0.856,0.715,-0.263,0.88,0.244,0.945,0.212,0.901,0.894,-0.735
CDNA,0.853,0.84,0.455,0.951,0.871,-0.257,-0.477,0.864,-0.102,0.844,0.05,0.607,0.526,0.859,0.443,0.889,0.761,0.265,0.587,0.836,0.698,0.168,0.575,0.07,0.774,-0.682,-0.054,0.79,0.0,0.101,0.027,-0.269,0.049,0.758,0.842,0.652,0.581,0.85,0.762,0.024,0.489,0.33,0.703,0.741,0.911,0.094,-0.358,-0.27,0.503,0.654,0.607,0.747,0.7,0.767,0.138,-0.676,0.829,0.343,0.502,0.916,0.648,0.815,-0.77,0.41,0.648,0.49,0.847,-0.649,0.922,-0.178,0.776,-0.822,0.876,0.769,0.24,0.588,0.538,0.109,0.911,0.875,0.617,0.891,-0.25,0.023,-0.199,0.93,0.844,0.913,0.944,0.313,0.713,0.819,0.131,0.883,0.882,0.822,0.628,0.913,0.606,-0.832,0.876,0.936,0.886,0.235,0.311,0.534,0.683,0.593,0.598,-0.024,0.801,0.868,-0.027,-0.043,0.889,0.858,0.594,0.097,0.894,0.844,0.66,0.792,-0.045,0.685,0.899,0.799,0.748,0.93,0.84,-0.125,0.487,0.904,0.59,0.714,0.747,0.268,0.778,0.044,-0.737,-0.906,0.413,0.947,0.862,0.743,0.622,-0.378,-0.354,0.725,0.153,0.78,-0.167,0.551,0.064,-0.737,0.654,0.767,-0.36,-0.027,0.921,0.86,0.241,0.429,0.789,-0.379,0.252,0.85,0.435,-0.33,0.573,-0.141,0.647,0.887,0.833,0.392,-0.799,0.933,-0.182,-0.556,0.416,-0.448,0.682,0.832,-0.192,0.791,0.656,0.897,0.811,-0.423,0.874,-0.341,0.691,0.726,0.063,0.764,0.232,0.858,0.442,0.725,0.804,-0.433
CG,-0.092,0.32,0.444,0.059,-0.118,0.594,0.334,-0.227,0.646,-0.28,0.813,-0.22,0.373,-0.064,0.51,-0.073,0.325,0.392,-0.338,-0.09,-0.039,0.858,-0.381,0.901,-0.075,0.573,0.434,-0.352,0.101,0.0,0.443,0.76,0.852,-0.301,-0.335,-0.39,-0.339,-0.238,-0.209,-0.567,0.251,0.602,0.243,0.233,0.189,0.849,0.581,0.794,0.542,-0.241,-0.214,-0.315,0.106,-0.454,0.744,-0.098,-0.332,0.479,0.279,-0.117,-0.344,-0.229,0.42,-0.262,-0.466,0.535,0.422,-0.166,-0.073,-0.343,0.204,0.274,-0.22,0.102,0.846,-0.592,-0.365,0.569,0.042,-0.126,0.329,-0.192,-0.641,0.384,-0.499,-0.053,0.065,0.067,0.078,0.417,-0.14,-0.331,0.026,-0.066,-0.284,-0.233,0.248,-0.07,0.609,0.063,-0.101,-0.023,-0.112,0.823,0.236,0.54,0.159,0.562,0.109,-0.07,0.288,0.082,0.048,0.766,0.353,-0.061,0.084,0.77,-0.238,0.307,0.421,-0.374,0.72,-0.187,-0.199,-0.366,-0.386,0.004,0.197,-0.556,0.421,0.076,0.271,0.526,-0.402,0.789,0.546,0.191,0.486,0.063,0.628,0.086,0.023,-0.275,0.403,0.604,0.533,-0.055,0.557,-0.448,0.613,0.611,-0.143,0.419,-0.469,0.502,0.538,0.719,0.12,0.076,-0.179,0.601,0.474,0.323,0.432,-0.084,0.169,0.357,0.486,0.717,-0.191,-0.095,-0.264,-0.029,0.389,-0.076,0.833,0.629,-0.46,0.585,0.307,0.034,0.655,0.194,-0.279,-0.118,0.004,0.675,-0.292,0.558,-0.499,-0.01,0.598,-0.287,-0.157,-0.286,0.535,-0.416,-0.193,0.578
CGBD,-0.193,0.003,0.265,-0.018,0.065,0.52,0.558,-0.093,0.169,-0.056,0.349,0.22,0.203,0.116,0.392,0.048,0.022,0.584,0.12,0.144,0.063,0.22,0.146,0.463,0.185,0.244,0.29,-0.091,0.027,0.443,0.0,0.37,0.108,0.075,-0.131,0.055,0.145,-0.152,0.0,0.014,-0.034,0.081,-0.186,0.299,0.128,0.567,0.542,0.319,0.012,0.174,0.177,0.101,0.169,-0.206,0.153,-0.187,-0.066,0.272,0.35,-0.113,0.131,0.004,0.328,0.267,-0.013,0.329,0.291,0.212,0.015,0.27,0.094,0.348,-0.042,-0.103,0.5,-0.111,-0.272,0.421,0.055,0.028,0.191,-0.102,-0.125,0.224,0.221,-0.017,-0.13,0.154,-0.05,0.236,0.047,0.039,0.026,-0.163,-0.119,-0.273,0.221,-0.03,0.192,0.071,0.1,-0.065,0.041,0.12,0.202,0.233,0.173,0.268,0.074,0.443,-0.091,0.152,0.512,0.384,0.161,-0.013,0.514,0.119,-0.097,-0.023,0.122,-0.157,0.421,0.023,-0.12,-0.082,-0.018,-0.023,0.024,0.168,0.083,0.026,0.305,0.351,-0.02,0.246,0.13,0.246,0.211,0.034,0.136,0.032,0.242,0.079,0.09,0.309,0.32,0.084,0.017,-0.224,0.08,0.197,0.548,0.434,-0.079,0.243,0.227,0.148,-0.057,0.034,0.269,0.458,0.28,0.342,-0.175,0.027,-0.012,0.344,0.369,0.477,0.185,-0.16,-0.186,0.256,0.251,-0.02,0.476,0.284,0.138,0.195,0.186,-0.08,0.466,0.211,0.009,-0.053,0.031,0.257,-0.106,0.029,-0.147,0.009,-0.149,0.061,0.378,-0.062,0.116,-0.064,-0.065,0.508
