,ACET,ADAP,ADI,ADPT,ADTN,AGEN,ALGN,ALLK,AMD,AMWD,ARDX,ARQT,ASTE,AUPH,AVXL,AZTA,BAND,BECN,BFC,BGC,BHF,BHFAL,BKNG,BL,BOKF,BRKR,CACC,CAR,CDNA,CG,CGBD,CHI,CHTR,CHX,CLNE,CME,CNOB,CNXN,CPRX,CSGP,CSGS,CSIQ,CVCO,CVLT,CYRX,DDOG,DOOO,DSGX,DTIL,ECPG,EEFT,EFSC,ENTG,ESPR,ETSY,EXC,FAMI,FFIV,FITB,FIZZ,FMBH,FOX,FTNT,FULT,GABC,GEN,GH,GMAB,GNPX,GO,GOGL,GOOG,GPRO,GSHD,GSM,GWAV,HAIN,HBAN,HEPA,HURN,HWKN,IBIO,ICFI,IGMS,IMKTA,INCY,INO,IRDM,IRTC,IRWD,ITCI,JACK,JD,JJSF,KALA,KHC,KLAC,KRRO,KRYS,LANC,LBTYA,LIVN,LKCO,LNTH,LOGI,LPRO,LRCX,LSCC,LSTR,MAR,MARA,MCHP,MEOH,META,MGTX,MKSI,MMYT,MORN,MRUS,MTLS,MTSI,MVIS,MXL,NBIX,NFE,NMIH,NMRK,NNDM,NSIT,NTCT,NVAX,OCUL,ODP,OLED,ONB,OTEX,PACB,PATK,PAYX,PEP,PERI,PI,PLYA,PRDO,PRGS,PTGX,QCOM,QCRH,QDEL,QFIN,RGEN,RILY,RPAY,RPD,SABR,SEDG,SHEN,SIRI,SLNO,SNDL,SNEX,SONO,SPT,SSNC,STGW,STKL,STRL,STX,SWTX,SYNA,TFSL,TIGR,TNXP,TOWN,TRI,TRIP,TRMB,TRNS,TRS,TSCO,TSEM,TVTX,TXRH,VC,VCEL,VECO,VIAV,VICR,VIR,VRTX,VSTM,VTRS,WDFC,WSBC,WSC,WYNN,XENE,XNCR,XRAY,ZS
ACET,0.0,0.131,0.614,0.342,-0.605,-0.629,-0.307,0.264,0.553,0.373,-0.431,-0.253,-0.101,0.295,0.488,0.581,0.596,0.582,-0.13,0.12,0.292,0.607,-0.272,0.606,0.501,0.308,-0.178,0.366,0.487,0.534,0.602,0.354,0.185,0.25,0.276,0.52,0.049,-0.347,-0.272,0.637,-0.225,0.568,0.374,0.413,0.58,0.529,0.375,0.422,-0.223,0.292,0.024,0.26,0.623,-0.127,0.517,0.631,-0.192,0.556,0.423,0.213,0.17,0.198,0.421,0.202,0.25,0.415,0.098,0.674,-0.314,0.489,-0.362,0.292,0.323,-0.2,-0.115,0.127,0.147,0.506,0.57,-0.167,0.137,-0.188,0.069,-0.379,-0.553,0.176,0.351,0.693,0.292,-0.561,0.635,0.221,0.421,-0.606,-0.276,-0.335,0.188,0.189,-0.094,-0.398,0.15,0.25,-0.222,-0.173,0.286,0.382,0.193,0.598,0.676,-0.249,0.411,0.238,-0.57,0.357,0.67,0.214,-0.191,0.437,0.041,0.719,0.111,-0.1,0.576,-0.071,0.022,0.385,0.248,0.335,0.462,0.1,-0.192,0.018,0.537,0.595,0.438,0.524,0.394,-0.586,0.144,0.295,0.074,0.214,-0.569,-0.62,0.291,0.159,0.669,0.291,-0.299,0.431,0.174,0.478,-0.072,0.473,0.164,0.514,-0.316,-0.002,-0.239,0.267,0.121,0.41,0.52,0.52,0.199,-0.531,-0.412,0.225,0.307,-0.025,0.033,-0.536,0.527,-0.198,0.381,-0.237,0.722,0.103,0.185,0.601,0.585,-0.522,-0.461,0.403,0.078,0.279,0.244,0.332,0.292,0.677,-0.155,0.438,-0.567,0.122,0.65,0.328,-0.156,0.114,0.147,0.504
ADAP,0.131,0.0,0.248,0.744,0.472,0.178,0.262,0.672,0.006,-0.015,0.029,-0.031,0.212,0.441,0.75,0.43,0.631,0.148,0.077,-0.36,-0.219,0.648,0.31,0.295,-0.232,0.299,-0.236,-0.185,-0.108,-0.082,-0.022,0.002,-0.115,-0.198,0.45,-0.081,-0.507,0.289,-0.365,-0.056,-0.532,0.19,0.32,0.272,0.103,-0.005,0.73,0.551,0.449,-0.306,-0.077,-0.379,0.301,0.326,0.202,0.023,-0.582,0.136,-0.479,-0.318,-0.354,-0.461,-0.099,-0.409,-0.365,-0.025,0.447,-0.138,0.456,0.11,-0.127,0.195,0.624,-0.226,0.224,-0.206,-0.513,-0.355,0.599,0.425,-0.359,0.444,-0.28,0.493,-0.226,0.39,0.782,0.555,-0.026,0.059,-0.197,0.402,0.039,0.06,0.468,-0.185,0.628,0.796,0.237,-0.379,0.235,0.431,0.336,0.404,0.755,0.657,0.74,0.156,0.172,-0.129,-0.149,0.514,-0.152,0.452,-0.132,0.568,-0.259,0.051,-0.068,0.23,0.034,0.47,0.214,-0.438,-0.027,-0.101,-0.202,0.669,-0.233,0.229,0.627,0.327,0.186,0.654,-0.445,0.606,0.196,-0.21,-0.523,-0.106,-0.22,0.507,-0.387,-0.386,0.469,-0.011,0.285,0.238,0.305,0.085,0.529,-0.088,0.426,0.153,0.453,0.201,-0.545,-0.184,0.358,0.394,-0.251,0.723,0.573,-0.138,-0.237,0.285,-0.211,0.376,0.646,0.246,-0.197,0.151,0.517,-0.443,0.059,0.243,0.314,-0.271,-0.631,0.355,0.517,-0.325,0.221,0.086,-0.391,0.237,0.343,-0.183,0.611,0.232,0.451,-0.027,0.097,-0.426,0.04,0.032,-0.469,-0.106,0.457,0.096
ADI,0.614,0.248,0.0,0.545,-0.464,-0.589,-0.175,0.29,0.746,0.582,-0.428,-0.599,-0.12,0.348,0.546,0.828,0.67,0.676,-0.271,0.15,0.481,0.656,-0.126,0.707,0.641,0.592,0.022,0.49,0.435,0.709,0.675,0.721,0.12,0.26,0.367,0.699,0.174,-0.208,-0.071,0.748,-0.083,0.58,0.352,0.453,0.853,0.58,0.468,0.601,-0.221,0.303,-0.159,0.361,0.879,-0.325,0.857,0.77,-0.5,0.862,0.507,0.283,0.217,0.196,0.673,0.32,0.263,0.831,0.201,0.736,-0.407,0.584,-0.52,0.66,0.303,0.111,-0.398,0.274,-0.078,0.584,0.407,-0.347,0.178,-0.203,0.188,-0.361,-0.546,0.146,0.522,0.728,0.335,-0.263,0.655,0.467,0.647,-0.616,-0.372,-0.453,0.516,0.286,0.081,-0.247,0.439,0.288,-0.108,-0.157,0.661,0.466,0.434,0.894,0.925,-0.115,0.573,0.473,-0.619,0.463,0.798,0.254,-0.15,0.844,0.193,0.89,0.545,-0.066,0.865,-0.007,0.223,0.323,0.189,0.621,0.459,0.279,-0.122,-0.105,0.657,0.828,0.536,0.841,0.473,-0.798,0.227,0.5,0.242,0.35,-0.531,-0.55,0.69,0.287,0.866,0.395,-0.17,0.737,0.303,0.63,-0.159,0.722,-0.202,0.544,-0.702,-0.062,-0.374,0.478,0.434,0.533,0.666,0.743,0.392,-0.581,-0.392,0.349,0.283,0.204,0.103,-0.351,0.389,-0.334,0.634,-0.227,0.926,0.274,0.281,0.802,0.867,-0.209,-0.405,0.531,0.26,0.383,0.183,0.258,0.482,0.825,-0.217,0.645,-0.727,0.044,0.74,0.267,-0.147,0.235,0.356,0.681
ADPT,0.342,0.744,0.545,0.0,0.252,-0.082,0.274,0.518,0.229,0.144,-0.015,-0.043,0.315,0.482,0.822,0.705,0.74,0.25,-0.05,-0.269,-0.092,0.657,0.019,0.416,0.086,0.567,-0.261,-0.107,0.042,0.151,0.127,0.207,0.219,-0.206,0.311,0.092,-0.374,0.24,-0.338,0.188,-0.405,0.218,0.469,0.595,0.391,0.141,0.684,0.564,0.371,-0.245,-0.13,-0.201,0.522,0.212,0.47,0.337,-0.504,0.43,-0.159,-0.187,-0.088,-0.29,0.131,-0.19,-0.041,0.321,0.568,0.236,0.293,0.234,-0.169,0.293,0.624,-0.121,0.14,-0.143,-0.482,-0.042,0.506,0.192,-0.274,0.32,-0.266,0.285,-0.393,0.488,0.697,0.742,-0.017,-0.13,0.081,0.603,0.157,-0.094,0.296,-0.244,0.749,0.744,0.286,-0.318,0.466,0.337,0.319,0.385,0.802,0.761,0.708,0.517,0.479,-0.332,-0.019,0.678,-0.483,0.598,0.164,0.611,-0.379,0.337,-0.121,0.548,0.458,0.474,0.596,-0.434,-0.064,-0.111,-0.05,0.802,-0.059,0.35,0.419,-0.018,0.222,0.718,-0.02,0.759,0.634,-0.457,-0.299,0.035,-0.191,0.65,-0.417,-0.469,0.708,-0.16,0.635,0.276,0.332,0.285,0.654,0.098,0.388,0.307,0.236,0.187,-0.485,0.16,0.239,0.548,-0.034,0.8,0.658,0.115,-0.131,0.038,-0.152,0.494,0.646,0.466,-0.18,0.097,0.511,-0.395,0.174,-0.066,0.615,-0.21,-0.299,0.609,0.732,-0.273,0.044,0.122,-0.122,0.16,0.498,-0.16,0.513,0.507,0.351,0.336,-0.224,-0.402,0.352,-0.056,-0.463,-0.092,0.642,0.239
ADTN,-0.605,0.472,-0.464,0.252,0.0,0.745,0.605,0.23,-0.609,-0.367,0.594,0.427,0.461,0.039,0.136,-0.254,-0.066,-0.509,0.301,-0.401,-0.542,-0.134,0.363,-0.444,-0.63,-0.021,-0.193,-0.654,-0.595,-0.64,-0.667,-0.492,-0.046,-0.456,-0.032,-0.682,-0.474,0.668,-0.134,-0.713,-0.202,-0.531,0.084,0.0,-0.596,-0.62,0.185,-0.099,0.635,-0.534,-0.037,-0.548,-0.43,0.52,-0.478,-0.586,-0.11,-0.383,-0.657,-0.497,-0.293,-0.53,-0.606,-0.476,-0.303,-0.442,0.35,-0.738,0.73,-0.451,0.365,-0.273,0.248,-0.077,0.475,-0.412,-0.517,-0.679,-0.06,0.61,-0.47,0.565,-0.404,0.776,0.339,0.297,0.157,-0.196,-0.426,0.456,-0.732,0.287,-0.521,0.753,0.725,0.328,0.273,0.429,0.304,0.133,0.052,-0.039,0.562,0.57,0.156,0.19,0.308,-0.434,-0.581,0.005,-0.649,0.218,0.326,0.063,-0.801,0.314,-0.104,-0.501,-0.242,-0.524,0.011,0.558,-0.349,-0.364,-0.181,-0.497,-0.356,0.169,-0.602,0.143,0.649,0.101,-0.479,-0.171,-0.561,-0.122,-0.003,0.54,-0.572,-0.469,-0.38,0.248,0.323,0.376,0.029,-0.37,-0.367,0.018,0.643,-0.442,0.33,-0.556,0.516,-0.476,0.297,-0.507,0.144,0.069,0.65,0.129,-0.405,0.171,-0.161,-0.687,-0.446,0.768,0.418,0.154,0.25,0.365,-0.179,0.653,-0.116,0.005,-0.482,0.302,-0.452,-0.458,-0.608,-0.278,-0.185,0.183,0.67,-0.443,-0.343,-0.214,0.296,-0.495,0.041,-0.482,0.624,-0.286,0.624,-0.441,-0.578,-0.411,-0.272,-0.308,0.334,-0.549
AGEN,-0.629,0.178,-0.589,-0.082,0.745,0.0,0.453,-0.121,-0.632,-0.447,0.472,0.354,0.242,-0.415,-0.138,-0.51,-0.32,-0.508,0.282,-0.27,-0.456,-0.435,0.401,-0.546,-0.662,-0.158,-0.011,-0.54,-0.49,-0.633,-0.659,-0.449,-0.157,-0.259,-0.056,-0.587,-0.23,0.458,0.088,-0.713,-0.048,-0.585,-0.238,-0.253,-0.669,-0.602,-0.067,-0.241,0.436,-0.47,0.3,-0.401,-0.676,0.357,-0.575,-0.657,0.081,-0.593,-0.603,-0.359,-0.327,-0.299,-0.533,-0.403,-0.401,-0.601,0.06,-0.759,0.525,-0.477,0.45,-0.152,0.012,0.152,0.326,-0.288,-0.288,-0.626,-0.149,0.341,-0.293,0.432,-0.224,0.571,0.298,0.03,-0.028,-0.393,-0.321,0.597,-0.701,-0.044,-0.445,0.657,0.468,0.412,-0.136,0.144,0.07,0.19,-0.049,-0.038,0.371,0.364,-0.08,-0.016,0.036,-0.596,-0.727,0.149,-0.46,-0.061,0.524,0.034,-0.762,-0.013,0.177,-0.583,-0.135,-0.606,-0.184,0.402,-0.553,-0.132,-0.087,-0.458,-0.392,0.025,-0.513,0.126,0.434,0.458,-0.466,-0.299,-0.523,-0.338,-0.278,0.582,-0.393,-0.371,-0.143,-0.055,0.473,0.571,-0.294,-0.278,-0.516,-0.133,0.362,-0.542,0.017,-0.574,0.393,-0.492,0.253,-0.487,0.308,0.048,0.476,-0.028,-0.35,-0.092,-0.26,-0.649,-0.474,0.593,0.416,-0.319,-0.04,0.104,-0.124,0.517,-0.18,0.139,-0.457,0.431,-0.611,-0.342,-0.527,-0.535,-0.371,0.191,0.562,-0.351,-0.154,-0.118,-0.069,-0.229,-0.142,-0.556,0.432,-0.503,0.603,-0.283,-0.589,-0.325,-0.022,-0.22,0.05,-0.572
ALGN,-0.307,0.262,-0.175,0.274,0.605,0.453,0.0,0.056,-0.735,-0.611,0.851,0.517,0.898,0.285,0.331,0.183,0.23,-0.66,0.596,-0.818,-0.806,-0.184,-0.208,-0.648,-0.644,0.544,-0.69,-0.893,-0.862,-0.77,-0.783,-0.651,0.539,-0.879,-0.528,-0.78,-0.792,0.783,-0.638,-0.742,-0.611,-0.738,0.519,0.386,-0.503,-0.827,0.384,-0.419,0.936,-0.878,-0.197,-0.814,-0.248,0.863,-0.477,-0.598,-0.17,-0.261,-0.443,-0.87,-0.624,-0.853,-0.754,-0.707,-0.106,-0.131,0.811,-0.634,0.864,-0.764,0.724,-0.515,0.676,-0.436,0.73,-0.853,-0.875,-0.634,0.167,0.595,-0.865,0.902,-0.883,0.868,-0.212,0.799,0.24,0.218,-0.902,-0.07,-0.697,0.545,-0.744,0.773,0.865,0.205,0.6,0.578,0.829,-0.284,0.458,-0.344,0.946,0.934,0.239,0.521,0.554,-0.293,-0.281,-0.469,-0.844,0.726,-0.288,0.552,-0.595,0.734,-0.707,-0.494,-0.775,-0.414,0.337,0.912,0.149,-0.792,-0.692,-0.913,-0.534,0.26,-0.788,-0.075,0.791,-0.268,-0.684,-0.045,-0.302,-0.159,0.406,0.253,-0.819,-0.795,-0.829,0.743,0.274,0.123,0.042,-0.815,0.073,0.021,0.698,-0.499,0.742,-0.604,0.781,-0.695,0.296,-0.802,0.11,0.449,0.883,0.27,-0.719,0.477,-0.139,-0.724,-0.755,0.782,0.042,0.462,0.537,0.813,-0.759,0.832,0.233,-0.495,-0.764,-0.252,-0.115,-0.876,-0.556,0.222,0.219,-0.167,0.839,-0.803,-0.472,-0.664,0.595,-0.842,0.089,-0.305,0.905,0.117,0.39,-0.902,-0.612,-0.879,-0.749,-0.855,0.762,-0.773
ALLK,0.264,0.672,0.29,0.518,0.23,-0.121,0.056,0.0,0.116,0.091,-0.083,-0.238,0.012,0.548,0.542,0.305,0.506,0.272,0.084,-0.191,0.012,0.675,0.22,0.339,-0.1,0.18,-0.236,-0.023,0.005,0.104,0.153,0.026,-0.377,-0.001,0.524,0.049,-0.334,0.152,-0.285,0.086,-0.374,0.402,0.195,0.137,0.164,0.082,0.604,0.607,0.175,-0.068,-0.199,-0.197,0.469,0.225,0.187,0.048,-0.315,0.322,-0.328,-0.187,-0.128,-0.301,-0.029,-0.287,-0.173,0.133,0.366,-0.013,0.179,0.226,-0.337,0.134,0.426,-0.172,0.082,-0.071,-0.235,-0.215,0.442,0.491,-0.257,0.267,-0.083,0.292,-0.137,0.39,0.718,0.432,0.107,0.017,-0.048,0.339,0.171,-0.113,0.289,-0.194,0.429,0.593,0.035,-0.411,0.056,0.191,0.105,0.144,0.497,0.472,0.547,0.174,0.164,-0.108,-0.064,0.32,-0.196,0.211,-0.03,0.501,-0.095,0.129,0.132,0.259,-0.157,0.135,0.133,-0.322,0.201,0.182,-0.265,0.45,-0.084,0.104,0.436,0.222,0.222,0.556,-0.292,0.509,0.222,-0.156,-0.358,0.018,-0.195,0.277,-0.529,-0.456,0.287,0.228,0.222,0.231,0.248,0.311,0.364,0.002,0.072,0.189,0.288,0.303,-0.566,-0.483,0.236,0.511,-0.109,0.46,0.447,0.037,0.074,0.146,-0.182,0.361,0.531,0.087,0.025,-0.012,0.414,-0.325,0.175,0.077,0.307,-0.082,-0.382,0.33,0.412,-0.307,-0.029,0.199,-0.337,0.226,0.459,-0.104,0.688,0.279,0.324,0.144,0.063,-0.169,0.122,0.223,-0.438,-0.052,0.328,0.191
AMD,0.553,0.006,0.746,0.229,-0.609,-0.632,-0.735,0.116,0.0,0.828,-0.832,-0.729,-0.659,-0.001,0.16,0.431,0.283,0.882,-0.575,0.686,0.847,0.546,0.083,0.913,0.854,0.028,0.512,0.894,0.863,0.977,0.932,0.927,-0.247,0.733,0.61,0.964,0.661,-0.602,0.443,0.97,0.397,0.845,-0.123,0.114,0.914,0.938,0.045,0.695,-0.73,0.795,0.055,0.786,0.728,-0.805,0.919,0.918,-0.185,0.743,0.629,0.796,0.628,0.709,0.962,0.708,0.29,0.643,-0.391,0.904,-0.812,0.902,-0.799,0.804,-0.257,0.385,-0.755,0.756,0.509,0.81,0.109,-0.634,0.709,-0.746,0.72,-0.796,-0.176,-0.443,0.177,0.32,0.831,-0.064,0.885,-0.017,0.92,-0.874,-0.807,-0.376,-0.052,-0.198,-0.504,0.103,0.017,0.461,-0.67,-0.687,0.302,-0.041,-0.078,0.822,0.787,0.247,0.919,-0.158,-0.184,-0.04,0.894,-0.316,0.381,0.894,0.663,0.862,0.218,-0.615,0.476,0.53,0.648,0.792,0.54,0.28,0.813,0.32,-0.59,0.098,0.894,0.554,0.576,0.688,0.097,-0.651,0.714,0.879,0.737,-0.246,-0.456,-0.398,0.463,0.682,0.522,0.279,-0.514,0.813,-0.276,0.838,-0.583,0.964,-0.352,0.874,-0.49,-0.235,-0.826,0.164,0.824,0.049,0.563,0.958,0.749,-0.857,-0.164,-0.096,-0.183,-0.348,0.606,-0.737,0.067,0.158,0.936,0.037,0.673,0.774,0.581,0.379,0.405,0.035,-0.795,0.88,0.552,0.716,-0.259,0.73,0.229,0.741,-0.74,0.355,-0.707,0.634,0.903,0.749,0.413,0.739,-0.259,0.974
AMWD,0.373,-0.015,0.582,0.144,-0.367,-0.447,-0.611,0.091,0.828,0.0,-0.599,-0.597,-0.518,-0.006,0.029,0.284,0.098,0.73,-0.523,0.685,0.797,0.4,0.208,0.726,0.826,-0.051,0.628,0.774,0.692,0.84,0.778,0.818,-0.231,0.717,0.594,0.8,0.684,-0.344,0.502,0.784,0.52,0.642,0.015,0.073,0.706,0.73,-0.016,0.527,-0.654,0.802,0.002,0.828,0.557,-0.718,0.735,0.764,-0.19,0.713,0.684,0.732,0.704,0.703,0.813,0.774,0.491,0.576,-0.398,0.689,-0.695,0.759,-0.737,0.709,-0.306,0.451,-0.634,0.675,0.474,0.793,0.025,-0.496,0.721,-0.703,0.701,-0.662,0.082,-0.468,0.047,0.155,0.722,0.123,0.773,0.14,0.766,-0.633,-0.659,-0.194,-0.062,-0.218,-0.409,0.375,0.008,0.42,-0.547,-0.621,0.207,-0.175,-0.148,0.692,0.608,0.437,0.745,-0.21,0.035,-0.189,0.674,-0.33,0.411,0.79,0.654,0.646,0.248,-0.573,0.341,0.578,0.615,0.751,0.545,0.205,0.765,0.357,-0.549,0.04,0.795,0.387,0.638,0.577,0.062,-0.323,0.67,0.812,0.71,-0.298,-0.175,-0.129,0.42,0.623,0.341,0.416,-0.346,0.691,-0.308,0.733,-0.519,0.806,-0.353,0.694,-0.296,-0.165,-0.733,0.154,0.803,-0.043,0.34,0.827,0.741,-0.655,0.158,-0.035,-0.252,-0.258,0.724,-0.563,-0.146,0.344,0.811,0.148,0.517,0.738,0.571,0.228,0.257,0.29,-0.565,0.773,0.537,0.686,-0.221,0.684,0.095,0.563,-0.658,0.421,-0.563,0.67,0.759,0.668,0.517,0.762,-0.172,0.792
ARDX,-0.431,0.029,-0.428,-0.015,0.594,0.472,0.851,-0.083,-0.832,-0.599,0.0,0.657,0.805,0.2,-0.02,-0.139,-0.11,-0.838,0.45,-0.703,-0.729,-0.453,-0.212,-0.821,-0.601,0.196,-0.528,-0.833,-0.865,-0.807,-0.812,-0.744,0.442,-0.769,-0.597,-0.857,-0.656,0.68,-0.499,-0.809,-0.369,-0.806,0.423,0.087,-0.686,-0.884,0.028,-0.659,0.76,-0.727,-0.329,-0.669,-0.463,0.784,-0.699,-0.727,0.0,-0.401,-0.361,-0.804,-0.494,-0.701,-0.816,-0.558,-0.04,-0.272,0.564,-0.731,0.788,-0.838,0.711,-0.7,0.391,-0.345,0.746,-0.755,-0.672,-0.587,-0.019,0.584,-0.716,0.737,-0.768,0.773,0.026,0.575,-0.106,-0.109,-0.88,-0.034,-0.685,0.37,-0.84,0.787,0.782,0.168,0.332,0.306,0.729,-0.083,0.22,-0.494,0.823,0.758,-0.121,0.175,0.202,-0.507,-0.488,-0.343,-0.864,0.416,-0.047,0.17,-0.686,0.473,-0.555,-0.629,-0.712,-0.617,0.184,0.682,-0.111,-0.565,-0.711,-0.795,-0.501,-0.067,-0.711,-0.271,0.56,-0.351,-0.835,-0.381,-0.273,-0.458,0.226,0.486,-0.666,-0.821,-0.754,0.454,0.417,0.338,-0.146,-0.698,-0.258,-0.147,0.621,-0.576,0.457,-0.702,0.563,-0.836,0.184,-0.876,0.359,0.355,0.78,0.076,-0.696,0.109,-0.49,-0.779,-0.642,0.767,0.142,0.39,0.266,0.606,-0.615,0.818,-0.058,-0.184,-0.845,-0.242,-0.407,-0.772,-0.392,-0.093,-0.125,0.089,0.82,-0.862,-0.523,-0.699,0.463,-0.792,-0.177,-0.527,0.753,0.01,0.403,-0.68,-0.708,-0.804,-0.479,-0.709,0.559,-0.878
ARQT,-0.253,-0.031,-0.599,-0.043,0.427,0.354,0.517,-0.238,-0.729,-0.597,0.657,0.0,0.649,0.078,-0.023,-0.225,-0.103,-0.673,0.425,-0.428,-0.766,-0.428,-0.119,-0.64,-0.56,0.005,-0.509,-0.739,-0.472,-0.731,-0.672,-0.784,0.548,-0.561,-0.637,-0.759,-0.551,0.467,-0.503,-0.632,-0.297,-0.68,0.24,0.17,-0.73,-0.617,-0.028,-0.609,0.593,-0.595,0.054,-0.537,-0.523,0.585,-0.734,-0.564,0.202,-0.611,-0.369,-0.596,-0.326,-0.504,-0.725,-0.524,-0.055,-0.631,0.254,-0.505,0.669,-0.645,0.751,-0.708,0.261,-0.494,0.827,-0.612,-0.339,-0.451,-0.098,0.508,-0.44,0.507,-0.636,0.545,0.003,0.359,-0.344,-0.142,-0.68,-0.272,-0.491,0.037,-0.865,0.66,0.613,0.268,0.091,0.162,0.461,-0.044,-0.067,-0.218,0.465,0.599,-0.255,0.138,0.033,-0.473,-0.509,-0.278,-0.716,0.156,0.072,0.067,-0.605,0.256,-0.422,-0.766,-0.722,-0.595,0.014,0.504,-0.227,-0.4,-0.761,-0.616,-0.034,-0.344,-0.4,-0.147,0.349,-0.29,-0.713,-0.511,-0.301,-0.527,0.134,0.454,-0.428,-0.775,-0.615,0.247,0.265,0.267,-0.102,-0.722,-0.262,-0.149,0.232,-0.787,0.342,-0.513,0.621,-0.769,0.542,-0.715,0.679,0.39,0.592,-0.35,-0.705,0.021,-0.314,-0.736,-0.578,0.532,0.11,0.314,0.255,0.351,-0.521,0.397,0.087,0.063,-0.825,0.03,-0.404,-0.68,-0.357,-0.273,-0.318,-0.116,0.664,-0.748,-0.295,-0.632,0.369,-0.489,-0.482,-0.6,0.563,-0.337,0.501,-0.477,-0.499,-0.624,-0.247,-0.569,0.251,-0.737
ASTE,-0.101,0.212,-0.12,0.315,0.461,0.242,0.898,0.012,-0.659,-0.518,0.805,0.649,0.0,0.416,0.371,0.301,0.323,-0.562,0.579,-0.747,-0.786,-0.113,-0.315,-0.568,-0.468,0.576,-0.75,-0.843,-0.75,-0.683,-0.663,-0.646,0.722,-0.827,-0.588,-0.717,-0.769,0.765,-0.749,-0.609,-0.599,-0.69,0.671,0.501,-0.446,-0.739,0.399,-0.474,0.878,-0.795,-0.21,-0.719,-0.146,0.828,-0.425,-0.447,-0.183,-0.146,-0.256,-0.84,-0.468,-0.798,-0.72,-0.593,0.08,-0.116,0.779,-0.472,0.823,-0.671,0.683,-0.577,0.702,-0.583,0.783,-0.853,-0.789,-0.444,0.245,0.589,-0.779,0.825,-0.889,0.779,-0.254,0.824,0.149,0.327,-0.892,-0.299,-0.538,0.623,-0.766,0.715,0.807,0.172,0.62,0.586,0.85,-0.251,0.435,-0.276,0.86,0.908,0.167,0.554,0.495,-0.188,-0.136,-0.499,-0.808,0.737,-0.41,0.515,-0.459,0.735,-0.818,-0.462,-0.863,-0.33,0.371,0.866,0.266,-0.782,-0.818,-0.83,-0.339,0.159,-0.614,-0.02,0.668,-0.427,-0.627,-0.045,-0.159,-0.138,0.51,0.129,-0.756,-0.8,-0.858,0.78,0.204,0.045,0.151,-0.865,0.193,0.151,0.559,-0.533,0.79,-0.456,0.808,-0.677,0.402,-0.772,0.217,0.581,0.836,0.166,-0.714,0.509,-0.152,-0.646,-0.672,0.654,0.038,0.624,0.626,0.814,-0.755,0.652,0.307,-0.41,-0.771,-0.316,0.016,-0.883,-0.483,0.31,0.272,-0.269,0.773,-0.762,-0.459,-0.688,0.706,-0.79,-0.015,-0.251,0.844,0.219,0.297,-0.84,-0.478,-0.868,-0.711,-0.829,0.796,-0.718
AUPH,0.295,0.441,0.348,0.482,0.039,-0.415,0.285,0.548,-0.001,-0.006,0.2,0.078,0.416,0.0,0.539,0.59,0.547,0.009,0.078,-0.462,-0.192,0.526,-0.37,0.137,0.052,0.457,-0.405,-0.18,-0.188,-0.016,0.048,-0.115,0.296,-0.386,-0.082,-0.109,-0.52,0.191,-0.609,0.035,-0.51,0.128,0.665,0.405,0.206,-0.047,0.543,0.143,0.37,-0.245,-0.579,-0.336,0.511,0.396,0.169,0.112,-0.375,0.365,-0.061,-0.396,-0.201,-0.467,-0.137,-0.262,0.057,0.302,0.6,0.1,0.318,-0.078,-0.103,-0.243,0.595,-0.476,0.283,-0.375,-0.434,-0.105,0.443,0.366,-0.44,0.365,-0.443,0.32,-0.262,0.564,0.488,0.604,-0.268,-0.517,-0.038,0.464,-0.141,0.003,0.382,-0.312,0.69,0.52,0.516,-0.42,0.351,-0.012,0.338,0.377,0.429,0.498,0.501,0.219,0.394,-0.52,-0.274,0.575,-0.556,0.302,0.095,0.663,-0.667,0.144,-0.359,0.252,0.172,0.343,0.477,-0.562,-0.375,-0.155,-0.13,0.282,-0.144,-0.17,0.396,-0.371,-0.032,0.392,-0.067,0.345,0.494,-0.364,-0.418,-0.246,-0.51,0.61,-0.478,-0.585,0.433,-0.188,0.395,0.182,0.338,0.16,0.602,-0.02,0.199,-0.013,0.142,-0.011,-0.409,0.053,0.301,0.314,-0.287,0.574,0.234,-0.035,-0.133,0.222,-0.388,0.75,0.606,0.385,-0.402,0.145,0.409,-0.484,-0.079,-0.477,0.434,-0.353,-0.206,0.617,0.513,-0.268,0.134,-0.173,-0.487,-0.229,0.551,-0.393,0.496,0.304,0.373,0.399,-0.153,-0.426,0.067,-0.216,-0.583,-0.314,0.543,0.001
AVXL,0.488,0.75,0.546,0.822,0.136,-0.138,0.331,0.542,0.16,0.029,-0.02,-0.023,0.371,0.539,0.0,0.762,0.889,0.268,0.131,-0.384,-0.2,0.712,-0.075,0.371,-0.029,0.669,-0.462,-0.17,-0.02,0.055,0.102,0.07,0.28,-0.262,0.259,0.055,-0.514,0.232,-0.573,0.154,-0.667,0.223,0.55,0.655,0.324,0.085,0.868,0.513,0.447,-0.315,-0.043,-0.33,0.54,0.335,0.386,0.285,-0.538,0.368,-0.157,-0.301,-0.286,-0.422,0.015,-0.343,-0.072,0.269,0.631,0.187,0.342,0.169,-0.036,0.212,0.823,-0.383,0.234,-0.296,-0.547,-0.077,0.725,0.25,-0.422,0.461,-0.401,0.352,-0.587,0.61,0.811,0.87,-0.133,-0.356,0.067,0.581,0.076,-0.068,0.355,-0.236,0.751,0.794,0.382,-0.536,0.544,0.358,0.383,0.465,0.804,0.873,0.815,0.468,0.495,-0.455,-0.071,0.77,-0.566,0.784,0.183,0.73,-0.504,0.209,-0.297,0.499,0.335,0.57,0.634,-0.607,-0.207,-0.169,-0.109,0.749,-0.094,0.234,0.548,0.062,0.273,0.796,-0.051,0.72,0.581,-0.493,-0.459,-0.123,-0.331,0.741,-0.513,-0.58,0.586,-0.223,0.708,0.398,0.237,0.178,0.745,0.143,0.504,0.218,0.419,0.17,-0.531,0.092,0.309,0.526,-0.233,0.917,0.698,0.036,-0.226,0.072,-0.333,0.529,0.796,0.474,-0.364,0.027,0.769,-0.621,0.07,-0.108,0.66,-0.367,-0.395,0.749,0.816,-0.557,0.143,0.065,-0.19,0.089,0.565,-0.215,0.61,0.473,0.463,0.326,-0.163,-0.516,0.273,-0.106,-0.649,-0.288,0.622,0.165
AZTA,0.581,0.43,0.828,0.705,-0.254,-0.51,0.183,0.305,0.431,0.284,-0.139,-0.225,0.301,0.59,0.762,0.0,0.872,0.453,0.021,-0.184,0.041,0.659,-0.247,0.498,0.351,0.786,-0.34,0.078,0.143,0.351,0.344,0.348,0.475,-0.153,0.073,0.344,-0.246,0.104,-0.465,0.46,-0.429,0.288,0.632,0.716,0.633,0.292,0.706,0.41,0.221,-0.083,-0.179,-0.052,0.795,0.057,0.655,0.561,-0.561,0.668,0.275,-0.112,-0.026,-0.226,0.305,-0.039,0.207,0.619,0.537,0.519,0.016,0.309,-0.176,0.319,0.652,-0.334,0.012,-0.153,-0.409,0.304,0.548,-0.031,-0.172,0.168,-0.242,0.004,-0.648,0.496,0.601,0.895,-0.054,-0.5,0.393,0.64,0.239,-0.284,0.031,-0.349,0.776,0.57,0.437,-0.392,0.575,0.274,0.236,0.29,0.729,0.726,0.678,0.763,0.848,-0.355,0.167,0.768,-0.792,0.686,0.557,0.602,-0.574,0.542,-0.231,0.692,0.612,0.335,0.909,-0.41,-0.184,-0.069,0.171,0.613,0.17,0.288,0.228,-0.275,0.401,0.786,0.314,0.768,0.647,-0.76,-0.159,0.08,-0.172,0.715,-0.491,-0.61,0.743,-0.165,0.93,0.453,0.026,0.357,0.678,0.443,0.29,0.405,0.129,0.229,-0.577,0.245,0.026,0.406,0.042,0.81,0.67,0.378,0.033,-0.244,-0.418,0.634,0.634,0.509,-0.298,-0.145,0.629,-0.567,0.254,-0.313,0.908,-0.152,-0.026,0.922,0.933,-0.445,-0.061,0.177,-0.001,0.058,0.48,-0.08,0.458,0.647,0.163,0.586,-0.474,-0.361,0.492,-0.11,-0.48,-0.159,0.611,0.373
BAND,0.596,0.631,0.67,0.74,-0.066,-0.32,0.23,0.506,0.283,0.098,-0.11,-0.103,0.323,0.547,0.889,0.872,0.0,0.442,0.2,-0.294,-0.154,0.758,-0.075,0.467,0.102,0.699,-0.517,-0.084,0.081,0.18,0.234,0.148,0.333,-0.198,0.177,0.19,-0.441,0.177,-0.604,0.315,-0.644,0.297,0.546,0.689,0.428,0.201,0.87,0.508,0.343,-0.196,-0.03,-0.247,0.724,0.21,0.477,0.418,-0.516,0.505,-0.018,-0.259,-0.161,-0.398,0.103,-0.279,-0.031,0.325,0.576,0.331,0.193,0.299,-0.095,0.257,0.791,-0.499,0.173,-0.254,-0.466,0.073,0.678,0.224,-0.32,0.336,-0.348,0.197,-0.683,0.612,0.771,0.911,-0.083,-0.491,0.216,0.619,0.125,-0.164,0.214,-0.239,0.753,0.779,0.367,-0.535,0.492,0.374,0.277,0.397,0.746,0.893,0.801,0.608,0.655,-0.395,0.04,0.778,-0.734,0.75,0.346,0.71,-0.536,0.292,-0.288,0.568,0.372,0.453,0.733,-0.559,-0.203,-0.1,0.059,0.626,0.047,0.366,0.451,-0.022,0.358,0.829,0.029,0.758,0.52,-0.68,-0.372,-0.07,-0.288,0.734,-0.603,-0.639,0.671,-0.185,0.85,0.48,0.03,0.197,0.76,0.333,0.453,0.285,0.456,0.221,-0.557,0.074,0.213,0.404,-0.171,0.883,0.754,0.167,-0.093,-0.101,-0.449,0.598,0.831,0.458,-0.358,-0.166,0.809,-0.6,0.127,-0.12,0.801,-0.309,-0.337,0.841,0.888,-0.705,0.021,0.148,-0.153,0.089,0.61,-0.117,0.56,0.538,0.36,0.354,-0.233,-0.459,0.363,-0.083,-0.619,-0.272,0.599,0.271
BECN,0.582,0.148,0.676,0.25,-0.509,-0.508,-0.66,0.272,0.882,0.73,-0.838,-0.673,-0.562,0.009,0.268,0.453,0.442,0.0,-0.304,0.625,0.669,0.645,0.27,0.895,0.668,0.088,0.334,0.74,0.799,0.845,0.839,0.789,-0.304,0.705,0.645,0.879,0.536,-0.432,0.292,0.87,0.216,0.787,-0.154,0.17,0.775,0.84,0.28,0.752,-0.594,0.682,0.279,0.623,0.739,-0.692,0.823,0.832,-0.213,0.69,0.45,0.648,0.551,0.53,0.793,0.504,0.179,0.431,-0.324,0.759,-0.685,0.919,-0.731,0.79,-0.118,0.165,-0.639,0.625,0.451,0.667,0.2,-0.396,0.611,-0.586,0.639,-0.628,-0.176,-0.307,0.335,0.384,0.772,-0.039,0.742,0.05,0.817,-0.709,-0.664,-0.191,-0.015,0.006,-0.499,0.032,0.002,0.599,-0.637,-0.546,0.343,0.138,0.091,0.752,0.704,0.325,0.813,-0.091,-0.198,0.052,0.757,-0.183,0.347,0.733,0.587,0.749,0.052,-0.503,0.373,0.378,0.626,0.722,0.536,0.267,0.739,0.542,-0.376,0.252,0.932,0.641,0.372,0.723,0.006,-0.659,0.508,0.757,0.634,-0.174,-0.478,-0.395,0.455,0.583,0.554,0.474,-0.548,0.605,-0.131,0.86,-0.36,0.866,-0.018,0.825,-0.496,-0.311,-0.648,0.147,0.659,0.171,0.653,0.815,0.684,-0.752,-0.108,-0.061,0.042,-0.314,0.554,-0.82,0.261,0.085,0.826,0.237,0.696,0.64,0.283,0.383,0.456,-0.244,-0.693,0.896,0.479,0.711,-0.111,0.713,0.31,0.649,-0.563,0.216,-0.447,0.521,0.793,0.695,0.28,0.6,-0.209,0.897
BFC,-0.13,0.077,-0.271,-0.05,0.301,0.282,0.596,0.084,-0.575,-0.523,0.45,0.425,0.579,0.078,0.131,0.021,0.2,-0.304,0.0,-0.454,-0.686,-0.079,-0.016,-0.435,-0.591,0.328,-0.661,-0.686,-0.522,-0.589,-0.526,-0.581,0.34,-0.58,-0.448,-0.543,-0.537,0.563,-0.501,-0.512,-0.474,-0.476,0.213,0.298,-0.488,-0.54,0.325,-0.291,0.623,-0.574,0.208,-0.622,-0.168,0.574,-0.479,-0.457,0.155,-0.273,-0.38,-0.6,-0.358,-0.642,-0.633,-0.607,-0.05,-0.346,0.468,-0.468,0.551,-0.464,0.61,-0.407,0.446,-0.56,0.548,-0.618,-0.428,-0.474,0.088,0.516,-0.539,0.583,-0.589,0.556,-0.154,0.608,0.118,0.085,-0.595,-0.089,-0.535,0.223,-0.607,0.605,0.574,0.424,0.212,0.399,0.407,-0.217,0.122,-0.183,0.495,0.643,-0.03,0.402,0.343,-0.281,-0.32,-0.187,-0.604,0.382,-0.248,0.372,-0.474,0.492,-0.417,-0.535,-0.542,-0.419,-0.05,0.539,-0.043,-0.521,-0.435,-0.556,-0.198,-0.043,-0.506,0.172,0.534,-0.042,-0.447,-0.114,-0.322,-0.261,0.078,0.196,-0.573,-0.588,-0.599,0.421,0.204,0.06,-0.12,-0.58,0.041,0.114,0.181,-0.565,0.493,-0.316,0.656,-0.567,0.531,-0.542,0.243,0.23,0.653,-0.104,-0.609,0.235,-0.024,-0.572,-0.496,0.505,0.06,0.192,0.496,0.49,-0.541,0.331,0.297,-0.251,-0.613,0.038,-0.101,-0.629,-0.535,0.064,0.051,-0.471,0.518,-0.538,-0.236,-0.494,0.538,-0.465,-0.032,-0.276,0.648,-0.105,0.535,-0.554,-0.512,-0.542,-0.55,-0.723,0.384,-0.554
BGC,0.12,-0.36,0.15,-0.269,-0.401,-0.27,-0.818,-0.191,0.686,0.685,-0.703,-0.428,-0.747,-0.462,-0.384,-0.184,-0.294,0.625,-0.454,0.0,0.785,0.003,0.35,0.549,0.633,-0.453,0.702,0.774,0.813,0.732,0.652,0.681,-0.407,0.863,0.441,0.731,0.91,-0.479,0.757,0.669,0.808,0.511,-0.537,-0.21,0.439,0.723,-0.417,0.324,-0.839,0.858,0.359,0.879,0.186,-0.906,0.452,0.558,0.223,0.315,0.548,0.895,0.82,0.877,0.736,0.77,0.355,0.193,-0.789,0.562,-0.829,0.729,-0.556,0.609,-0.731,0.55,-0.69,0.855,0.828,0.712,-0.379,-0.601,0.942,-0.899,0.908,-0.796,0.33,-0.777,-0.374,-0.331,0.814,0.306,0.659,-0.349,0.658,-0.545,-0.83,0.02,-0.573,-0.591,-0.74,0.545,-0.353,0.381,-0.839,-0.819,-0.27,-0.527,-0.544,0.398,0.215,0.648,0.782,-0.66,0.383,-0.496,0.488,-0.743,0.759,0.504,0.748,0.324,-0.038,-0.827,-0.106,0.857,0.73,0.8,0.702,-0.231,0.805,0.37,-0.787,0.148,0.624,-0.06,0.487,0.15,-0.245,-0.078,0.894,0.786,0.877,-0.703,0.038,0.205,0.084,0.649,-0.033,0.146,-0.611,0.408,-0.666,0.686,-0.615,0.643,-0.307,0.606,0.093,-0.24,-0.835,-0.214,0.83,-0.526,0.118,0.697,0.799,-0.731,0.314,-0.432,-0.573,-0.555,0.854,-0.702,-0.392,0.692,0.694,0.407,0.109,0.869,0.644,-0.274,-0.244,0.344,-0.634,0.751,0.767,0.619,-0.455,0.819,-0.313,0.173,-0.838,-0.037,-0.265,0.906,0.597,0.733,0.808,0.828,-0.627,0.691
BHF,0.292,-0.219,0.481,-0.092,-0.542,-0.456,-0.806,0.012,0.847,0.797,-0.729,-0.766,-0.786,-0.192,-0.2,0.041,-0.154,0.669,-0.686,0.785,0.0,0.243,0.103,0.68,0.811,-0.288,0.75,0.944,0.765,0.905,0.839,0.874,-0.492,0.836,0.626,0.878,0.839,-0.622,0.705,0.802,0.67,0.734,-0.304,-0.258,0.73,0.802,-0.295,0.488,-0.883,0.877,-0.032,0.892,0.417,-0.852,0.691,0.684,-0.068,0.592,0.65,0.882,0.67,0.863,0.889,0.85,0.334,0.573,-0.603,0.684,-0.882,0.765,-0.814,0.705,-0.572,0.684,-0.862,0.87,0.659,0.759,-0.093,-0.705,0.809,-0.845,0.88,-0.821,0.148,-0.685,-0.069,-0.062,0.857,0.234,0.741,-0.197,0.894,-0.803,-0.861,-0.341,-0.363,-0.474,-0.659,0.316,-0.133,0.277,-0.744,-0.868,-0.027,-0.429,-0.412,0.507,0.479,0.426,0.893,-0.483,0.174,-0.377,0.712,-0.603,0.643,0.798,0.814,0.611,-0.006,-0.788,0.141,0.755,0.769,0.873,0.367,0.09,0.758,0.1,-0.764,0.166,0.732,0.256,0.569,0.378,-0.111,-0.337,0.816,0.912,0.845,-0.563,-0.198,-0.109,0.135,0.846,0.122,0.076,-0.479,0.795,-0.621,0.644,-0.819,0.826,-0.609,0.787,-0.356,-0.338,-0.886,0.125,0.891,-0.331,0.169,0.877,0.825,-0.778,0.024,-0.36,-0.534,-0.572,0.793,-0.613,-0.327,0.391,0.898,0.064,0.31,0.895,0.697,0.023,0.056,0.383,-0.778,0.851,0.536,0.711,-0.489,0.723,0.087,0.515,-0.855,0.307,-0.64,0.829,0.709,0.818,0.643,0.863,-0.471,0.832
BHFAL,0.607,0.648,0.656,0.657,-0.134,-0.435,-0.184,0.675,0.546,0.4,-0.453,-0.428,-0.113,0.526,0.712,0.659,0.758,0.645,-0.079,0.003,0.243,0.0,-0.002,0.764,0.327,0.383,-0.108,0.305,0.364,0.478,0.57,0.407,-0.114,0.128,0.536,0.444,-0.129,-0.171,-0.23,0.528,-0.35,0.699,0.355,0.424,0.625,0.531,0.713,0.8,-0.046,0.194,-0.133,0.045,0.792,-0.084,0.639,0.603,-0.413,0.632,0.016,0.144,0.071,-0.045,0.382,0.032,-0.041,0.381,0.282,0.482,-0.115,0.578,-0.568,0.422,0.462,-0.176,-0.224,0.129,-0.056,0.169,0.641,0.084,-0.016,-0.041,0.058,-0.088,-0.353,0.256,0.791,0.753,0.382,-0.273,0.331,0.334,0.477,-0.45,-0.057,-0.215,0.482,0.547,-0.097,-0.352,0.264,0.459,-0.136,-0.042,0.692,0.592,0.537,0.577,0.644,-0.234,0.319,0.379,-0.486,0.396,0.449,0.422,-0.17,0.511,0.197,0.719,0.041,0.045,0.522,-0.232,0.229,0.379,0.138,0.588,0.25,0.298,0.172,0.197,0.617,0.826,0.006,0.799,0.29,-0.659,-0.08,0.357,0.05,0.358,-0.716,-0.781,0.577,0.311,0.625,0.364,-0.025,0.533,0.367,0.391,-0.024,0.607,0.193,0.633,-0.691,-0.227,-0.116,0.421,0.153,0.654,0.764,0.429,0.174,-0.227,-0.377,0.31,0.53,0.036,0.067,-0.377,0.552,-0.378,0.522,-0.074,0.717,0.141,-0.168,0.668,0.687,-0.486,-0.399,0.481,-0.131,0.415,0.32,0.167,0.744,0.74,-0.001,0.361,-0.355,-0.028,0.55,0.396,-0.337,0.139,0.238,0.604
BKNG,-0.272,0.31,-0.126,0.019,0.363,0.401,-0.208,0.22,0.083,0.208,-0.212,-0.119,-0.315,-0.37,-0.075,-0.247,-0.075,0.27,-0.016,0.35,0.103,-0.002,0.0,0.153,-0.148,-0.292,0.313,0.104,0.204,0.043,-0.007,0.186,-0.538,0.431,0.489,0.135,0.237,0.171,0.381,0.01,0.269,0.058,-0.52,-0.266,-0.158,0.1,0.012,0.372,-0.127,0.182,0.485,0.191,-0.116,-0.298,0.012,-0.051,-0.132,-0.118,-0.251,0.204,0.164,0.129,0.116,0.005,-0.284,-0.291,-0.394,-0.193,-0.08,0.299,-0.14,0.456,-0.256,0.218,-0.096,0.355,0.127,-0.056,-0.207,0.099,0.333,-0.155,0.396,0.034,0.279,-0.352,0.009,-0.31,0.337,0.629,0.0,-0.066,0.185,0.079,-0.058,0.135,-0.134,0.053,-0.303,0.278,-0.36,0.416,-0.212,-0.183,0.114,-0.12,0.095,-0.001,-0.238,0.752,0.188,-0.26,0.521,-0.236,-0.219,-0.245,0.554,-0.019,0.443,-0.15,-0.117,-0.218,-0.39,0.365,0.505,0.215,0.147,0.007,0.141,0.506,0.069,0.441,0.288,0.069,-0.265,0.19,-0.419,0.258,0.102,0.222,0.424,-0.35,0.16,0.423,0.136,0.298,-0.216,0.188,-0.191,-0.103,-0.2,0.171,0.041,0.176,0.306,0.205,-0.046,-0.472,-0.113,-0.128,0.215,-0.127,0.217,0.015,0.281,-0.073,0.356,-0.156,-0.099,-0.235,0.463,-0.179,-0.087,0.292,0.204,0.916,-0.137,0.269,-0.246,-0.408,-0.155,0.164,0.101,0.369,0.316,0.478,-0.191,0.38,-0.129,-0.267,-0.098,-0.519,0.407,0.26,0.003,0.33,0.366,0.388,-0.195,0.175
BL,0.606,0.295,0.707,0.416,-0.444,-0.546,-0.648,0.339,0.913,0.726,-0.821,-0.64,-0.568,0.137,0.371,0.498,0.467,0.895,-0.435,0.549,0.68,0.764,0.153,0.0,0.694,0.114,0.357,0.761,0.826,0.869,0.885,0.806,-0.27,0.618,0.667,0.854,0.438,-0.504,0.264,0.892,0.181,0.897,-0.032,0.204,0.854,0.923,0.274,0.855,-0.556,0.66,0.076,0.59,0.773,-0.649,0.879,0.877,-0.258,0.689,0.377,0.657,0.49,0.515,0.838,0.509,0.114,0.496,-0.24,0.822,-0.638,0.899,-0.797,0.757,-0.058,0.209,-0.615,0.643,0.412,0.604,0.307,-0.422,0.571,-0.587,0.577,-0.623,-0.229,-0.289,0.405,0.471,0.797,-0.104,0.746,0.038,0.829,-0.795,-0.612,-0.344,0.074,0.049,-0.481,-0.045,-0.002,0.555,-0.59,-0.542,0.485,0.177,0.106,0.784,0.746,0.166,0.792,-0.049,-0.242,0.088,0.775,-0.117,0.277,0.782,0.591,0.86,0.096,-0.457,0.454,0.356,0.591,0.753,0.512,0.381,0.707,0.38,-0.36,0.243,0.88,0.682,0.33,0.783,0.114,-0.663,0.511,0.781,0.602,-0.102,-0.618,-0.574,0.546,0.62,0.552,0.294,-0.421,0.729,-0.093,0.731,-0.406,0.94,-0.082,0.91,-0.563,-0.275,-0.658,0.193,0.633,0.26,0.739,0.831,0.583,-0.709,-0.258,-0.029,0.071,-0.286,0.492,-0.734,0.267,0.04,0.883,0.131,0.711,0.629,0.317,0.44,0.482,-0.168,-0.724,0.846,0.372,0.695,-0.105,0.657,0.392,0.754,-0.554,0.253,-0.576,0.486,0.852,0.742,0.227,0.632,-0.173,0.953
BOKF,0.501,-0.232,0.641,0.086,-0.63,-0.662,-0.644,-0.1,0.854,0.826,-0.601,-0.56,-0.468,0.052,-0.029,0.351,0.102,0.668,-0.591,0.633,0.811,0.327,-0.148,0.694,0.0,-0.004,0.52,0.813,0.703,0.89,0.857,0.818,-0.029,0.641,0.377,0.829,0.689,-0.511,0.39,0.861,0.498,0.64,0.057,0.07,0.795,0.78,-0.167,0.363,-0.726,0.773,-0.112,0.836,0.585,-0.716,0.775,0.853,-0.141,0.745,0.862,0.716,0.733,0.734,0.839,0.884,0.563,0.688,-0.382,0.845,-0.774,0.709,-0.72,0.569,-0.337,0.401,-0.663,0.648,0.508,0.918,0.023,-0.641,0.689,-0.742,0.626,-0.783,-0.051,-0.43,-0.08,0.224,0.646,-0.148,0.837,0.103,0.746,-0.755,-0.763,-0.347,-0.104,-0.323,-0.373,0.284,0.045,0.228,-0.569,-0.659,0.076,-0.189,-0.314,0.699,0.727,0.18,0.78,-0.197,-0.2,-0.174,0.853,-0.386,0.246,0.837,0.508,0.736,0.294,-0.586,0.487,0.527,0.432,0.71,0.515,0.105,0.779,0.172,-0.703,-0.167,0.677,0.307,0.761,0.467,0.153,-0.541,0.729,0.77,0.612,-0.249,-0.267,-0.267,0.388,0.551,0.416,0.313,-0.428,0.73,-0.314,0.745,-0.599,0.771,-0.501,0.641,-0.253,0.029,-0.785,0.088,0.788,-0.093,0.229,0.889,0.737,-0.782,-0.052,-0.042,-0.287,-0.285,0.565,-0.605,-0.152,0.327,0.768,-0.179,0.555,0.676,0.721,0.334,0.288,0.209,-0.694,0.706,0.465,0.493,-0.251,0.594,0.031,0.624,-0.739,0.541,-0.783,0.65,0.805,0.561,0.475,0.683,-0.183,0.782
BRKR,0.308,0.299,0.592,0.567,-0.021,-0.158,0.544,0.18,0.028,-0.051,0.196,0.005,0.576,0.457,0.669,0.786,0.699,0.088,0.328,-0.453,-0.288,0.383,-0.292,0.114,-0.004,0.0,-0.521,-0.296,-0.209,-0.036,-0.037,0.022,0.571,-0.438,-0.212,-0.022,-0.438,0.353,-0.571,0.067,-0.51,-0.101,0.62,0.694,0.263,-0.102,0.66,0.16,0.493,-0.428,-0.137,-0.34,0.489,0.348,0.291,0.213,-0.419,0.412,0.041,-0.382,-0.252,-0.458,-0.034,-0.296,0.123,0.432,0.731,0.178,0.266,-0.074,0.153,0.093,0.706,-0.345,0.243,-0.439,-0.588,-0.006,0.426,0.129,-0.451,0.463,-0.5,0.291,-0.596,0.687,0.531,0.724,-0.391,-0.378,0.014,0.654,-0.094,0.113,0.302,-0.094,0.767,0.584,0.607,-0.383,0.641,0.018,0.501,0.546,0.655,0.75,0.698,0.476,0.505,-0.472,-0.17,0.843,-0.73,0.767,0.203,0.701,-0.657,0.239,-0.478,0.369,0.598,0.588,0.748,-0.593,-0.389,-0.419,-0.099,0.522,-0.15,0.209,0.47,-0.29,0.022,0.56,0.159,0.494,0.634,-0.484,-0.398,-0.212,-0.422,0.798,-0.263,-0.373,0.588,-0.442,0.752,0.362,0.316,0.081,0.819,0.1,0.481,0.038,0.168,-0.166,-0.354,0.34,0.334,0.381,-0.238,0.768,0.469,0.038,-0.274,0.069,-0.282,0.577,0.646,0.726,-0.518,0.183,0.537,-0.648,-0.086,-0.347,0.662,-0.443,-0.224,0.773,0.799,-0.405,0.252,-0.184,-0.07,-0.255,0.573,-0.348,0.391,0.404,0.463,0.493,-0.202,-0.611,0.13,-0.463,-0.635,-0.48,0.739,-0.025
CACC,-0.178,-0.236,0.022,-0.261,-0.193,-0.011,-0.69,-0.236,0.512,0.628,-0.528,-0.509,-0.75,-0.405,-0.462,-0.34,-0.517,0.334,-0.661,0.702,0.75,-0.108,0.313,0.357,0.52,-0.521,0.0,0.714,0.541,0.554,0.466,0.616,-0.546,0.744,0.499,0.56,0.816,-0.492,0.872,0.413,0.782,0.381,-0.495,-0.497,0.33,0.524,-0.531,0.247,-0.746,0.701,0.102,0.743,-0.068,-0.765,0.361,0.353,0.036,0.168,0.366,0.779,0.56,0.81,0.628,0.748,0.106,0.153,-0.703,0.299,-0.661,0.49,-0.605,0.515,-0.756,0.773,-0.721,0.766,0.63,0.473,-0.391,-0.624,0.771,-0.764,0.846,-0.619,0.524,-0.874,-0.301,-0.45,0.736,0.523,0.39,-0.411,0.632,-0.446,-0.678,-0.07,-0.521,-0.598,-0.664,0.633,-0.238,0.273,-0.663,-0.774,-0.186,-0.674,-0.564,0.107,0.044,0.594,0.653,-0.697,0.601,-0.632,0.284,-0.775,0.762,0.464,0.801,0.186,-0.153,-0.714,-0.282,0.804,0.721,0.652,0.327,-0.113,0.517,0.097,-0.644,0.26,0.475,-0.111,0.259,0.072,-0.437,0.06,0.725,0.754,0.852,-0.732,0.136,0.272,-0.081,0.716,-0.31,-0.009,-0.274,0.431,-0.758,0.367,-0.698,0.552,-0.587,0.528,-0.064,-0.236,-0.744,-0.139,0.772,-0.528,-0.11,0.518,0.62,-0.461,0.338,-0.524,-0.721,-0.647,0.799,-0.363,-0.595,0.579,0.667,0.273,-0.155,0.823,0.488,-0.407,-0.344,0.662,-0.538,0.634,0.495,0.645,-0.755,0.679,-0.129,0.104,-0.784,-0.094,-0.263,0.797,0.343,0.667,0.862,0.887,-0.636,0.535
CAR,0.366,-0.185,0.49,-0.107,-0.654,-0.54,-0.893,-0.023,0.894,0.774,-0.833,-0.739,-0.843,-0.18,-0.17,0.078,-0.084,0.74,-0.686,0.774,0.944,0.305,0.104,0.761,0.813,-0.296,0.714,0.0,0.853,0.924,0.902,0.87,-0.466,0.853,0.607,0.925,0.813,-0.755,0.638,0.875,0.582,0.824,-0.344,-0.25,0.762,0.891,-0.272,0.518,-0.912,0.901,0.026,0.882,0.465,-0.887,0.727,0.75,-0.051,0.533,0.623,0.888,0.61,0.856,0.921,0.805,0.241,0.492,-0.656,0.765,-0.912,0.817,-0.817,0.693,-0.55,0.551,-0.856,0.878,0.717,0.765,-0.033,-0.72,0.834,-0.873,0.875,-0.89,0.059,-0.714,-0.063,-0.005,0.902,0.088,0.81,-0.319,0.907,-0.885,-0.916,-0.38,-0.383,-0.472,-0.679,0.218,-0.206,0.357,-0.822,-0.899,-0.004,-0.386,-0.399,0.534,0.547,0.412,0.943,-0.5,0.11,-0.357,0.79,-0.602,0.605,0.771,0.798,0.65,-0.075,-0.834,0.156,0.759,0.729,0.905,0.464,0.015,0.814,0.087,-0.778,0.207,0.8,0.281,0.504,0.388,-0.191,-0.434,0.828,0.906,0.855,-0.567,-0.296,-0.239,0.147,0.849,0.159,0.064,-0.615,0.762,-0.62,0.702,-0.811,0.869,-0.491,0.876,-0.361,-0.375,-0.942,-0.012,0.848,-0.296,0.26,0.912,0.797,-0.845,-0.117,-0.364,-0.488,-0.622,0.728,-0.736,-0.188,0.337,0.916,0.096,0.362,0.906,0.679,0.057,0.066,0.248,-0.843,0.874,0.505,0.72,-0.547,0.792,0.091,0.538,-0.905,0.183,-0.653,0.831,0.755,0.867,0.641,0.866,-0.546,0.897
CDNA,0.487,-0.108,0.435,0.042,-0.595,-0.49,-0.862,0.005,0.863,0.692,-0.865,-0.472,-0.75,-0.188,-0.02,0.143,0.081,0.799,-0.522,0.813,0.765,0.364,0.204,0.826,0.703,-0.209,0.541,0.853,0.0,0.866,0.864,0.767,-0.307,0.826,0.535,0.874,0.711,-0.657,0.512,0.889,0.493,0.791,-0.353,-0.002,0.691,0.938,-0.14,0.599,-0.794,0.802,0.292,0.807,0.49,-0.858,0.671,0.791,0.055,0.448,0.486,0.854,0.648,0.798,0.874,0.655,0.194,0.288,-0.617,0.827,-0.833,0.869,-0.679,0.691,-0.435,0.38,-0.646,0.82,0.739,0.728,-0.031,-0.607,0.847,-0.832,0.792,-0.856,-0.087,-0.622,-0.052,0.101,0.88,-0.036,0.832,-0.301,0.78,-0.806,-0.839,-0.246,-0.35,-0.351,-0.703,0.158,-0.254,0.498,-0.849,-0.781,0.064,-0.194,-0.295,0.618,0.529,0.355,0.897,-0.444,0.052,-0.221,0.745,-0.503,0.571,0.632,0.671,0.668,-0.044,-0.731,0.175,0.682,0.639,0.847,0.688,-0.005,0.898,0.327,-0.689,0.246,0.787,0.295,0.444,0.436,-0.074,-0.445,0.812,0.825,0.796,-0.489,-0.419,-0.277,0.295,0.672,0.274,0.096,-0.675,0.569,-0.44,0.739,-0.581,0.842,-0.141,0.85,-0.173,-0.3,-0.86,-0.12,0.714,-0.165,0.5,0.835,0.694,-0.871,-0.126,-0.275,-0.295,-0.525,0.664,-0.876,0.022,0.381,0.825,0.283,0.444,0.789,0.55,0.051,0.099,0.033,-0.781,0.836,0.626,0.688,-0.361,0.877,-0.032,0.5,-0.794,0.001,-0.504,0.765,0.853,0.821,0.582,0.778,-0.515,0.893
CG,0.534,-0.082,0.709,0.151,-0.64,-0.633,-0.77,0.104,0.977,0.84,-0.807,-0.731,-0.683,-0.016,0.055,0.351,0.18,0.845,-0.589,0.732,0.905,0.478,0.043,0.869,0.89,-0.036,0.554,0.924,0.866,0.0,0.95,0.93,-0.282,0.772,0.592,0.968,0.723,-0.616,0.489,0.965,0.48,0.836,-0.135,0.04,0.894,0.925,-0.043,0.632,-0.792,0.831,0.018,0.84,0.689,-0.826,0.872,0.892,-0.145,0.748,0.684,0.826,0.674,0.77,0.96,0.774,0.366,0.654,-0.438,0.89,-0.859,0.886,-0.822,0.774,-0.34,0.464,-0.786,0.79,0.578,0.844,0.051,-0.661,0.755,-0.793,0.767,-0.834,-0.105,-0.485,0.103,0.249,0.841,-0.02,0.879,-0.042,0.921,-0.883,-0.841,-0.372,-0.135,-0.27,-0.544,0.16,-0.009,0.399,-0.712,-0.747,0.194,-0.127,-0.187,0.772,0.743,0.273,0.927,-0.24,-0.137,-0.124,0.885,-0.388,0.435,0.898,0.696,0.836,0.165,-0.68,0.428,0.596,0.666,0.843,0.526,0.224,0.837,0.269,-0.673,0.081,0.849,0.478,0.631,0.611,0.094,-0.598,0.767,0.905,0.759,-0.325,-0.414,-0.349,0.398,0.728,0.453,0.234,-0.524,0.837,-0.356,0.807,-0.661,0.938,-0.422,0.857,-0.438,-0.254,-0.859,0.158,0.847,-0.059,0.463,0.975,0.793,-0.876,-0.136,-0.145,-0.258,-0.396,0.657,-0.733,-0.039,0.248,0.934,0.012,0.623,0.811,0.643,0.311,0.335,0.111,-0.822,0.881,0.556,0.694,-0.279,0.74,0.186,0.719,-0.783,0.392,-0.73,0.703,0.897,0.769,0.471,0.773,-0.287,0.952
