,ACET,ADAP,ADI,ADPT,ADTN,AGEN,ALGN,ALLK,AMD,AMWD,ARDX,ARQT,ASTE,AUPH,AVXL,AZTA,BAND,BECN,BFC,BGC,BHF,BHFAL,BKNG,BL,BOKF,BRKR,CACC,CAR,CDNA,CG,CGBD,CHI,CHTR,CHX,CLNE,CME,CNOB,CNXN,CPRX,CSGP,CSGS,CSIQ,CVCO,CVLT,CYRX,DDOG,DOOO,DSGX,DTIL,ECPG,EEFT,EFSC,ENTG,ESPR,ETSY,EXC,FAMI,FFIV,FITB,FIZZ,FMBH,FOX,FTNT,FULT,GABC,GEN,GH,GMAB,GNPX,GO,GOGL,GOOG,GPRO,GSHD,GSM,GWAV,HAIN,HBAN,HEPA,HURN,HWKN,IBIO,ICFI,IGMS,IMKTA,INCY,INO,IRDM,IRTC,IRWD,ITCI,JACK,JD,JJSF,KALA,KHC,KLAC,KRRO,KRYS,LANC,LBTYA,LIVN,LKCO,LNTH,LOGI,LPRO,LRCX,LSCC,LSTR,MAR,MARA,MCHP,MEOH,META,MGTX,MKSI,MMYT,MORN,MRUS,MTLS,MTSI,MVIS,MXL,NBIX,NFE,NMIH,NMRK,NNDM,NSIT,NTCT,NVAX,OCUL,ODP,OLED,ONB,OTEX,PACB,PATK,PAYX,PEP,PERI,PI,PLYA,PRDO,PRGS,PTGX,QCOM,QCRH,QDEL,QFIN,RGEN,RILY,RPAY,RPD,SABR,SEDG,SHEN,SIRI,SLNO,SNDL,SNEX,SONO,SPT,SSNC,STGW,STKL,STRL,STX,SWTX,SYNA,TFSL,TIGR,TNXP,TOWN,TRI,TRIP,TRMB,TRNS,TRS,TSCO,TSEM,TVTX,TXRH,VC,VCEL,VECO,VIAV,VICR,VIR,VRTX,VSTM,VTRS,WDFC,WSBC,WSC,WYNN,XENE,XNCR,XRAY,ZS
ACET,0.0,0.864,-0.462,-0.248,-0.773,-0.494,-0.017,0.879,-0.682,0.862,-0.336,-0.809,0.014,0.189,-0.781,-0.437,-0.449,0.245,0.036,-0.899,0.301,-0.837,0.029,0.192,-0.106,-0.495,0.519,-0.759,-0.675,-0.708,-0.585,-0.763,0.583,-0.681,-0.747,-0.048,-0.263,0.474,-0.199,-0.234,0.459,-0.224,-0.628,-0.72,-0.739,-0.44,0.612,-0.776,-0.673,-0.838,-0.658,-0.116,-0.574,-0.628,0.077,-0.314,-0.671,-0.449,0.369,-0.707,-0.16,0.608,-0.681,0.293,0.008,-0.757,0.29,-0.716,-0.384,0.23,-0.443,-0.68,-0.698,-0.858,-0.859,-0.833,-0.531,0.452,-0.73,0.813,-0.428,-0.285,-0.383,-0.896,-0.756,-0.356,-0.772,-0.518,0.823,0.718,-0.532,-0.429,-0.171,-0.766,-0.793,0.178,-0.279,-0.777,0.555,-0.789,0.148,0.657,-0.743,-0.812,-0.8,-0.723,-0.398,-0.242,0.684,-0.452,-0.589,-0.263,0.078,-0.628,-0.808,0.371,-0.629,0.485,-0.217,0.031,-0.601,-0.894,-0.622,-0.362,0.566,-0.604,-0.551,-0.861,-0.606,-0.849,-0.801,-0.668,-0.858,-0.469,0.438,-0.854,-0.604,0.719,-0.619,-0.488,-0.412,-0.211,-0.656,-0.768,-0.815,-0.458,-0.525,-0.333,0.649,-0.807,-0.406,0.691,-0.495,-0.634,-0.756,0.28,-0.21,-0.801,-0.644,-0.827,0.73,-0.167,-0.786,0.58,-0.117,-0.461,-0.884,-0.216,-0.573,-0.8,-0.182,-0.854,-0.838,0.125,-0.654,-0.494,-0.49,-0.018,0.237,0.339,0.013,0.769,-0.076,-0.846,-0.734,-0.759,-0.493,-0.649,-0.332,0.476,-0.675,-0.219,-0.756,0.286,-0.155,0.031,-0.305,0.844,0.81,-0.675
ADAP,0.864,0.0,-0.567,-0.376,-0.819,-0.575,-0.249,0.819,-0.656,0.774,-0.375,-0.836,0.269,0.248,-0.81,-0.448,-0.568,0.388,-0.023,-0.847,0.486,-0.752,-0.131,-0.035,0.068,-0.698,0.424,-0.754,-0.761,-0.738,-0.495,-0.785,0.358,-0.522,-0.79,-0.106,-0.14,0.353,-0.302,-0.425,0.262,-0.305,-0.522,-0.787,-0.754,-0.565,0.672,-0.816,-0.71,-0.809,-0.732,-0.004,-0.669,-0.74,-0.017,-0.479,-0.71,-0.613,0.509,-0.66,-0.036,0.497,-0.766,0.445,0.192,-0.794,0.098,-0.833,-0.321,0.309,-0.557,-0.784,-0.77,-0.825,-0.793,-0.862,-0.491,0.608,-0.757,0.815,-0.403,-0.488,-0.408,-0.865,-0.662,-0.386,-0.812,-0.622,0.772,0.653,-0.623,-0.553,-0.084,-0.691,-0.767,0.165,-0.435,-0.706,0.447,-0.813,0.026,0.53,-0.79,-0.701,-0.75,-0.661,-0.448,-0.299,0.768,-0.497,-0.623,-0.348,0.281,-0.683,-0.818,0.338,-0.7,0.315,-0.109,0.18,-0.634,-0.855,-0.678,-0.555,0.555,-0.615,-0.513,-0.798,-0.685,-0.847,-0.846,-0.531,-0.819,-0.53,0.523,-0.861,-0.687,0.799,-0.778,-0.609,-0.529,-0.251,-0.638,-0.726,-0.858,-0.61,-0.61,-0.3,0.512,-0.859,-0.547,0.682,-0.593,-0.745,-0.68,0.159,-0.099,-0.826,-0.582,-0.716,0.741,-0.15,-0.838,0.374,-0.192,-0.524,-0.792,-0.026,-0.579,-0.854,0.01,-0.841,-0.804,0.266,-0.636,-0.419,-0.577,-0.108,0.358,0.277,-0.17,0.672,-0.096,-0.796,-0.727,-0.815,-0.609,-0.667,-0.404,0.569,-0.784,-0.165,-0.721,0.402,-0.314,0.081,-0.43,0.827,0.796,-0.716
ADI,-0.462,-0.567,0.0,0.741,0.649,0.634,0.71,-0.54,0.882,-0.691,0.619,0.74,-0.453,0.289,0.61,0.905,0.597,-0.454,-0.203,0.701,-0.494,0.692,0.785,0.351,0.058,0.763,-0.081,0.442,0.884,0.609,0.315,0.825,0.042,0.428,0.529,0.387,0.073,0.134,0.344,0.79,-0.343,0.86,0.696,0.914,0.775,0.929,-0.401,0.613,0.887,0.812,0.809,0.047,0.956,0.377,0.311,0.359,0.661,0.693,-0.416,0.724,0.182,-0.262,0.879,-0.608,0.023,0.887,0.527,0.817,0.722,-0.681,0.749,0.897,0.835,0.724,0.625,0.631,0.104,-0.428,0.544,-0.707,0.566,0.711,-0.01,0.693,0.351,0.542,0.685,0.802,-0.561,-0.324,0.712,0.274,0.609,0.688,0.581,0.132,0.946,0.492,-0.356,0.531,-0.421,-0.265,0.707,0.68,0.808,0.836,0.932,0.867,-0.758,0.663,0.691,0.924,-0.688,0.919,0.807,0.424,0.88,-0.499,-0.316,0.225,0.954,0.636,0.919,0.693,-0.032,0.585,0.059,0.758,0.913,0.782,0.645,0.445,0.53,0.929,-0.584,0.724,0.846,-0.794,0.789,0.829,0.907,0.81,0.258,0.543,0.724,0.808,0.934,0.506,-0.285,0.774,0.78,-0.472,0.672,0.821,0.675,0.647,0.244,0.735,0.512,0.608,-0.702,0.599,0.764,-0.007,-0.213,0.591,0.528,-0.299,0.797,0.725,0.043,0.78,0.752,-0.483,0.848,0.534,0.881,0.679,-0.466,-0.415,0.74,-0.766,0.13,0.719,0.844,0.876,0.955,0.936,0.321,-0.54,0.901,-0.501,0.513,-0.355,0.679,0.421,0.738,-0.673,-0.67,0.85
ADPT,-0.248,-0.376,0.741,0.0,0.467,0.551,0.792,-0.154,0.602,-0.431,0.676,0.586,-0.554,0.439,0.48,0.774,0.704,-0.489,-0.098,0.436,-0.465,0.372,0.629,0.649,-0.157,0.622,0.214,0.387,0.694,0.452,0.04,0.673,0.294,0.107,0.237,0.266,-0.279,0.261,0.4,0.795,0.076,0.758,0.38,0.692,0.576,0.846,-0.088,0.354,0.614,0.55,0.54,-0.157,0.775,0.311,0.239,0.27,0.29,0.543,-0.442,0.428,-0.06,0.075,0.663,-0.651,-0.051,0.6,0.752,0.658,0.413,-0.307,0.546,0.674,0.652,0.544,0.346,0.377,0.268,-0.407,0.446,-0.445,0.354,0.724,-0.072,0.413,-0.046,0.223,0.43,0.722,-0.219,-0.185,0.581,0.118,0.324,0.374,0.338,-0.008,0.8,0.331,-0.051,0.261,-0.217,0.13,0.694,0.381,0.432,0.509,0.727,0.735,-0.48,0.557,0.679,0.754,-0.503,0.7,0.516,0.362,0.61,-0.137,-0.238,-0.043,0.696,0.364,0.772,0.699,-0.035,0.43,-0.042,0.493,0.73,0.557,0.406,0.207,0.271,0.722,-0.608,0.487,0.709,-0.592,0.573,0.674,0.699,0.668,0.31,0.385,0.526,0.726,0.76,0.238,0.119,0.509,0.739,-0.238,0.415,0.707,0.477,0.628,-0.166,0.422,0.25,0.268,-0.615,0.55,0.621,0.3,-0.165,0.291,0.181,-0.461,0.601,0.498,-0.206,0.517,0.493,-0.564,0.618,0.461,0.674,0.369,-0.429,-0.108,0.813,-0.488,0.076,0.392,0.652,0.645,0.771,0.624,0.111,-0.691,0.724,-0.361,0.347,-0.451,0.74,0.392,0.472,-0.33,-0.482,0.765
ADTN,-0.773,-0.819,0.649,0.467,0.0,0.691,0.419,-0.76,0.688,-0.754,0.549,0.891,-0.247,-0.256,0.864,0.557,0.663,-0.361,0.029,0.838,-0.493,0.73,0.22,0.259,0.022,0.8,-0.458,0.807,0.833,0.832,0.585,0.739,-0.249,0.441,0.825,0.25,0.278,-0.333,0.538,0.514,-0.217,0.445,0.596,0.823,0.884,0.651,-0.722,0.889,0.825,0.825,0.847,0.123,0.729,0.752,0.161,0.578,0.787,0.744,-0.536,0.631,0.236,-0.368,0.874,-0.403,-0.16,0.803,-0.011,0.867,0.516,-0.363,0.643,0.857,0.819,0.859,0.795,0.833,0.503,-0.665,0.816,-0.766,0.458,0.588,0.417,0.879,0.649,0.548,0.836,0.777,-0.677,-0.516,0.791,0.739,0.114,0.654,0.849,-0.221,0.581,0.833,-0.2,0.892,0.094,-0.422,0.831,0.742,0.75,0.699,0.518,0.369,-0.747,0.57,0.651,0.435,-0.334,0.77,0.816,-0.22,0.688,-0.294,0.193,-0.036,0.738,0.85,0.74,0.662,-0.339,0.79,0.506,0.851,0.763,0.884,0.885,0.635,0.884,0.604,-0.34,0.901,0.833,-0.763,0.827,0.643,0.725,0.315,0.72,0.836,0.919,0.699,0.701,0.243,-0.37,0.869,0.709,-0.721,0.792,0.857,0.611,-0.014,0.139,0.882,0.483,0.638,-0.647,0.197,0.888,-0.269,0.313,0.642,0.811,0.126,0.751,0.92,0.057,0.831,0.862,-0.125,0.618,0.413,0.642,0.262,-0.347,-0.073,0.324,-0.617,0.373,0.787,0.837,0.862,0.662,0.726,0.535,-0.557,0.788,0.137,0.76,-0.323,0.516,-0.112,0.487,-0.685,-0.774,0.753
AGEN,-0.494,-0.575,0.634,0.551,0.691,0.0,0.625,-0.502,0.584,-0.673,0.741,0.76,-0.513,-0.082,0.794,0.522,0.816,-0.609,-0.187,0.659,-0.679,0.576,0.207,0.425,-0.224,0.834,-0.148,0.621,0.827,0.604,0.549,0.604,-0.275,0.126,0.752,-0.077,-0.025,-0.324,0.683,0.703,-0.037,0.576,0.321,0.702,0.849,0.746,-0.66,0.778,0.739,0.732,0.765,-0.278,0.636,0.767,0.34,0.726,0.793,0.739,-0.747,0.41,-0.056,-0.16,0.828,-0.606,-0.394,0.697,0.13,0.842,0.567,-0.283,0.824,0.784,0.791,0.705,0.693,0.704,0.582,-0.803,0.842,-0.692,0.172,0.719,0.353,0.674,0.417,0.506,0.844,0.814,-0.514,-0.44,0.887,0.677,0.063,0.297,0.818,-0.5,0.571,0.771,-0.066,0.753,0.167,-0.217,0.734,0.555,0.608,0.514,0.417,0.332,-0.625,0.447,0.671,0.393,-0.382,0.584,0.68,-0.198,0.69,-0.35,0.386,-0.246,0.692,0.684,0.707,0.814,-0.219,0.831,0.264,0.665,0.664,0.731,0.808,0.364,0.659,0.743,-0.465,0.782,0.888,-0.726,0.782,0.396,0.706,0.268,0.701,0.749,0.792,0.678,0.664,-0.021,-0.084,0.797,0.847,-0.638,0.559,0.843,0.447,0.169,-0.186,0.771,0.367,0.431,-0.494,0.092,0.799,-0.01,0.391,0.669,0.552,-0.054,0.746,0.771,-0.267,0.69,0.693,-0.454,0.456,0.326,0.434,0.364,-0.553,-0.189,0.467,-0.438,0.269,0.504,0.761,0.784,0.595,0.601,0.452,-0.518,0.708,0.079,0.59,-0.575,0.71,-0.129,0.561,-0.466,-0.663,0.728
ALGN,-0.017,-0.249,0.71,0.792,0.419,0.625,0.0,-0.041,0.431,-0.237,0.715,0.464,-0.667,0.233,0.389,0.621,0.658,-0.497,-0.137,0.248,-0.568,0.185,0.673,0.746,-0.232,0.761,0.288,0.297,0.656,0.384,0.031,0.47,0.453,-0.17,0.271,0.175,-0.269,0.294,0.543,0.843,0.28,0.767,0.203,0.608,0.525,0.805,-0.21,0.352,0.544,0.412,0.567,-0.234,0.674,0.38,0.236,0.481,0.336,0.67,-0.515,0.183,-0.083,0.286,0.639,-0.601,-0.206,0.503,0.751,0.63,0.342,-0.374,0.657,0.664,0.591,0.355,0.215,0.297,0.187,-0.531,0.434,-0.277,0.225,0.86,0.036,0.253,-0.12,0.317,0.399,0.736,-0.05,-0.04,0.667,0.314,0.154,0.123,0.29,-0.087,0.804,0.255,0.1,0.265,0.023,0.294,0.566,0.197,0.281,0.33,0.598,0.615,-0.404,0.531,0.55,0.674,-0.539,0.585,0.397,0.314,0.536,-0.064,-0.146,-0.165,0.609,0.24,0.657,0.815,0.145,0.426,-0.052,0.322,0.676,0.435,0.365,0.041,0.211,0.695,-0.424,0.4,0.696,-0.507,0.636,0.545,0.738,0.55,0.278,0.335,0.486,0.68,0.683,0.151,0.3,0.461,0.765,-0.189,0.467,0.707,0.239,0.678,-0.201,0.381,0.053,0.005,-0.37,0.405,0.525,0.527,0.024,0.392,0.062,-0.395,0.6,0.448,-0.302,0.364,0.334,-0.523,0.411,0.276,0.605,0.48,-0.461,0.046,0.877,-0.247,0.265,0.227,0.532,0.567,0.706,0.496,0.157,-0.564,0.642,-0.311,0.235,-0.446,0.849,0.205,0.533,-0.139,-0.289,0.619
ALLK,0.879,0.819,-0.54,-0.154,-0.76,-0.502,-0.041,0.0,-0.72,0.85,-0.207,-0.741,0.053,0.352,-0.765,-0.418,-0.391,0.335,0.026,-0.869,0.336,-0.849,-0.039,0.208,-0.065,-0.542,0.684,-0.587,-0.683,-0.593,-0.711,-0.706,0.607,-0.715,-0.806,-0.085,-0.377,0.491,-0.284,-0.246,0.543,-0.249,-0.595,-0.719,-0.738,-0.446,0.733,-0.845,-0.726,-0.809,-0.662,-0.119,-0.603,-0.613,-0.081,-0.464,-0.79,-0.551,0.413,-0.683,-0.171,0.716,-0.715,0.305,0.133,-0.782,0.296,-0.714,-0.499,0.461,-0.573,-0.696,-0.643,-0.805,-0.84,-0.902,-0.398,0.484,-0.729,0.866,-0.368,-0.278,-0.388,-0.912,-0.834,-0.47,-0.793,-0.478,0.915,0.506,-0.553,-0.455,-0.284,-0.753,-0.778,0.116,-0.345,-0.707,0.629,-0.83,0.177,0.766,-0.631,-0.79,-0.833,-0.731,-0.436,-0.271,0.823,-0.3,-0.49,-0.3,0.238,-0.61,-0.82,0.262,-0.657,0.542,-0.146,-0.049,-0.63,-0.889,-0.597,-0.342,0.516,-0.575,-0.409,-0.823,-0.563,-0.803,-0.847,-0.562,-0.839,-0.542,0.376,-0.863,-0.613,0.789,-0.694,-0.55,-0.494,-0.185,-0.481,-0.743,-0.791,-0.487,-0.539,-0.323,0.766,-0.848,-0.455,0.803,-0.647,-0.603,-0.663,0.216,-0.327,-0.822,-0.692,-0.834,0.623,-0.034,-0.719,0.601,-0.219,-0.644,-0.92,-0.161,-0.529,-0.822,-0.174,-0.837,-0.87,0.138,-0.618,-0.293,-0.508,-0.296,0.321,0.508,-0.016,0.709,0.066,-0.825,-0.691,-0.755,-0.502,-0.71,-0.492,0.333,-0.661,-0.138,-0.624,0.286,-0.108,0.129,-0.419,0.87,0.795,-0.581
AMD,-0.682,-0.656,0.882,0.602,0.688,0.584,0.431,-0.72,0.0,-0.846,0.464,0.809,-0.141,0.222,0.671,0.881,0.562,-0.311,-0.099,0.867,-0.314,0.892,0.568,0.106,0.239,0.63,-0.239,0.595,0.814,0.659,0.559,0.865,-0.241,0.709,0.581,0.331,0.277,-0.096,0.25,0.632,-0.534,0.722,0.772,0.881,0.802,0.807,-0.404,0.676,0.874,0.903,0.784,0.193,0.893,0.416,0.279,0.293,0.722,0.529,-0.313,0.85,0.265,-0.512,0.844,-0.414,0.148,0.906,0.214,0.783,0.729,-0.544,0.717,0.834,0.792,0.837,0.831,0.748,0.249,-0.326,0.613,-0.825,0.672,0.505,0.144,0.832,0.621,0.514,0.729,0.737,-0.733,-0.466,0.628,0.258,0.71,0.854,0.691,0.136,0.762,0.613,-0.53,0.626,-0.473,-0.501,0.707,0.874,0.92,0.916,0.866,0.755,-0.762,0.591,0.656,0.789,-0.436,0.861,0.871,0.274,0.865,-0.555,-0.231,0.261,0.924,0.782,0.904,0.501,-0.147,0.584,0.229,0.851,0.848,0.854,0.706,0.616,0.659,0.855,-0.528,0.826,0.787,-0.779,0.749,0.803,0.753,0.711,0.374,0.699,0.765,0.699,0.877,0.581,-0.574,0.823,0.645,-0.537,0.638,0.756,0.86,0.39,0.386,0.806,0.718,0.836,-0.682,0.52,0.793,-0.235,-0.157,0.617,0.727,-0.09,0.748,0.764,0.262,0.869,0.873,-0.304,0.915,0.619,0.827,0.555,-0.296,-0.507,0.506,-0.874,0.012,0.855,0.878,0.891,0.869,0.948,0.26,-0.472,0.824,-0.282,0.635,-0.216,0.488,0.41,0.57,-0.795,-0.728,0.82
AMWD,0.862,0.774,-0.691,-0.431,-0.754,-0.673,-0.237,0.85,-0.846,0.0,-0.469,-0.849,0.172,-0.011,-0.819,-0.663,-0.589,0.423,0.137,-0.927,0.388,-0.927,-0.205,0.048,-0.142,-0.625,0.426,-0.666,-0.809,-0.716,-0.689,-0.85,0.516,-0.689,-0.777,-0.17,-0.269,0.359,-0.339,-0.462,0.515,-0.488,-0.706,-0.842,-0.86,-0.662,0.583,-0.818,-0.833,-0.928,-0.766,-0.078,-0.747,-0.615,-0.14,-0.427,-0.806,-0.599,0.443,-0.809,-0.199,0.537,-0.828,0.418,0.051,-0.889,0.062,-0.816,-0.634,0.373,-0.662,-0.786,-0.792,-0.911,-0.896,-0.868,-0.464,0.492,-0.781,0.873,-0.473,-0.439,-0.224,-0.917,-0.736,-0.488,-0.874,-0.663,0.84,0.626,-0.69,-0.363,-0.367,-0.803,-0.856,0.175,-0.49,-0.801,0.572,-0.772,0.252,0.601,-0.774,-0.913,-0.909,-0.831,-0.598,-0.486,0.786,-0.467,-0.682,-0.499,0.318,-0.733,-0.875,0.11,-0.809,0.587,-0.108,-0.083,-0.811,-0.891,-0.792,-0.518,0.438,-0.717,-0.368,-0.919,-0.744,-0.912,-0.853,-0.652,-0.825,-0.746,0.497,-0.911,-0.788,0.84,-0.743,-0.588,-0.628,-0.435,-0.58,-0.801,-0.854,-0.626,-0.708,-0.345,0.59,-0.878,-0.638,0.717,-0.568,-0.75,-0.789,-0.036,-0.246,-0.877,-0.696,-0.885,0.743,-0.279,-0.846,0.443,-0.063,-0.615,-0.868,-0.039,-0.716,-0.847,-0.193,-0.927,-0.911,0.295,-0.777,-0.557,-0.599,-0.304,0.378,0.482,-0.267,0.832,-0.037,-0.875,-0.86,-0.879,-0.696,-0.808,-0.35,0.471,-0.787,-0.009,-0.74,0.339,-0.329,-0.094,-0.515,0.862,0.855,-0.79
ARDX,-0.336,-0.375,0.619,0.676,0.549,0.741,0.715,-0.207,0.464,-0.469,0.0,0.644,-0.576,0.246,0.595,0.573,0.754,-0.524,-0.252,0.465,-0.559,0.349,0.401,0.596,-0.176,0.734,0.197,0.535,0.702,0.537,0.156,0.563,0.13,-0.02,0.458,0.028,-0.251,0.064,0.506,0.79,0.18,0.709,0.311,0.63,0.648,0.747,-0.308,0.47,0.607,0.598,0.645,-0.278,0.605,0.548,0.202,0.433,0.464,0.575,-0.582,0.327,-0.089,0.156,0.671,-0.604,-0.196,0.565,0.417,0.702,0.381,-0.144,0.575,0.676,0.729,0.571,0.427,0.422,0.405,-0.607,0.599,-0.426,0.216,0.773,0.171,0.434,0.038,0.319,0.586,0.799,-0.204,-0.429,0.731,0.426,0.081,0.234,0.507,-0.387,0.616,0.588,0.053,0.446,0.076,0.144,0.716,0.379,0.424,0.432,0.481,0.464,-0.348,0.605,0.731,0.514,-0.34,0.588,0.505,0.01,0.624,-0.169,0.188,-0.207,0.632,0.403,0.688,0.787,-0.06,0.646,0.135,0.519,0.676,0.575,0.513,0.347,0.381,0.634,-0.533,0.545,0.747,-0.543,0.607,0.4,0.627,0.45,0.577,0.525,0.621,0.64,0.637,0.075,0.223,0.57,0.746,-0.311,0.333,0.774,0.405,0.403,-0.263,0.537,0.188,0.223,-0.555,0.35,0.665,0.259,0.071,0.351,0.256,-0.156,0.675,0.556,-0.278,0.547,0.457,-0.52,0.468,0.468,0.479,0.246,-0.452,0.034,0.617,-0.41,0.353,0.386,0.658,0.643,0.636,0.499,0.13,-0.626,0.662,-0.119,0.546,-0.535,0.762,0.149,0.437,-0.27,-0.478,0.742
ARQT,-0.809,-0.836,0.74,0.586,0.891,0.76,0.464,-0.741,0.809,-0.849,0.644,0.0,-0.264,-0.001,0.879,0.691,0.727,-0.365,-0.02,0.928,-0.518,0.844,0.311,0.217,0.116,0.803,-0.276,0.843,0.892,0.838,0.554,0.864,-0.27,0.536,0.8,0.216,0.236,-0.249,0.498,0.641,-0.289,0.588,0.671,0.89,0.902,0.776,-0.598,0.833,0.881,0.939,0.886,0.107,0.808,0.731,0.198,0.504,0.793,0.669,-0.506,0.737,0.218,-0.37,0.897,-0.444,-0.037,0.898,0.071,0.915,0.601,-0.319,0.711,0.903,0.893,0.917,0.888,0.841,0.509,-0.592,0.818,-0.853,0.573,0.664,0.403,0.906,0.643,0.543,0.885,0.853,-0.718,-0.667,0.818,0.596,0.295,0.743,0.861,-0.193,0.636,0.867,-0.308,0.83,-0.075,-0.436,0.879,0.857,0.849,0.804,0.63,0.495,-0.727,0.68,0.782,0.55,-0.293,0.827,0.911,-0.149,0.824,-0.398,0.082,-0.035,0.843,0.875,0.864,0.721,-0.3,0.824,0.468,0.904,0.838,0.932,0.861,0.692,0.845,0.718,-0.508,0.93,0.888,-0.791,0.842,0.701,0.723,0.484,0.747,0.881,0.929,0.722,0.783,0.382,-0.401,0.914,0.726,-0.612,0.668,0.91,0.789,0.105,0.171,0.913,0.622,0.751,-0.736,0.357,0.954,-0.215,0.126,0.619,0.794,0.026,0.826,0.888,0.106,0.902,0.899,-0.244,0.777,0.6,0.714,0.246,-0.313,-0.192,0.4,-0.756,0.262,0.857,0.928,0.934,0.779,0.816,0.414,-0.592,0.859,0.051,0.843,-0.351,0.607,0.123,0.545,-0.739,-0.813,0.88
ASTE,0.014,0.269,-0.453,-0.554,-0.247,-0.513,-0.667,0.053,-0.141,0.172,-0.576,-0.264,0.0,-0.099,-0.349,-0.267,-0.569,0.773,0.34,-0.096,0.723,0.035,-0.365,-0.609,0.674,-0.596,-0.189,-0.001,-0.508,-0.158,0.17,-0.319,-0.21,0.322,-0.257,0.16,0.673,-0.196,-0.361,-0.631,-0.396,-0.521,0.023,-0.42,-0.331,-0.586,0.29,-0.295,-0.342,-0.24,-0.281,0.698,-0.408,-0.414,-0.23,-0.433,-0.25,-0.594,0.722,-0.038,0.477,-0.203,-0.453,0.861,0.602,-0.325,-0.575,-0.497,-0.043,0.212,-0.373,-0.461,-0.493,-0.228,0.017,-0.267,-0.245,0.694,-0.41,0.269,0.268,-0.69,0.135,-0.144,0.295,-0.07,-0.341,-0.49,0.066,0.057,-0.52,-0.21,0.192,0.121,-0.187,0.403,-0.483,-0.174,-0.05,-0.203,-0.157,-0.228,-0.47,0.097,-0.106,-0.089,-0.254,-0.348,0.424,-0.243,-0.508,-0.358,0.63,-0.315,-0.226,-0.031,-0.43,0.056,-0.026,0.383,-0.339,-0.111,-0.397,-0.67,0.22,-0.269,0.263,-0.186,-0.407,-0.264,-0.335,0.231,-0.062,-0.465,0.611,-0.258,-0.485,0.508,-0.434,-0.28,-0.44,-0.21,-0.188,-0.111,-0.316,-0.511,-0.394,0.305,-0.425,-0.352,-0.656,0.349,-0.166,-0.528,0.012,-0.416,0.527,-0.202,0.072,0.068,0.443,-0.021,-0.331,-0.283,-0.113,-0.151,0.059,0.575,-0.263,-0.335,0.741,-0.264,-0.141,0.848,-0.165,0.08,-0.262,-0.287,0.787,0.116,-0.565,0.125,0.003,-0.021,-0.256,-0.354,-0.402,-0.227,-0.289,0.581,-0.512,0.232,-0.16,0.818,-0.463,0.09,-0.388,0.157,0.36,-0.499
AUPH,0.189,0.248,0.289,0.439,-0.256,-0.082,0.233,0.352,0.222,-0.011,0.246,-0.001,-0.099,0.0,-0.228,0.493,0.027,0.104,-0.304,-0.051,0.196,0.015,0.57,0.105,0.33,-0.133,0.634,-0.135,0.062,-0.038,-0.401,0.244,0.349,0.061,-0.402,0.182,-0.217,0.594,-0.274,0.311,-0.119,0.475,0.322,0.127,-0.071,0.318,0.618,-0.416,0.075,0.101,-0.024,0.094,0.232,-0.452,0.023,-0.493,-0.25,-0.264,0.282,0.215,0.123,0.323,-0.023,-0.104,0.523,0.115,0.571,-0.077,0.225,-0.031,-0.114,0.021,0.137,-0.003,-0.103,-0.313,-0.278,0.41,-0.325,0.124,0.35,0.141,-0.493,-0.189,-0.361,-0.141,-0.176,0.15,0.245,-0.111,-0.111,-0.552,0.523,0.168,-0.247,0.302,0.322,-0.192,-0.014,-0.458,-0.584,0.331,0.042,0.067,0.092,0.259,0.451,0.578,0.21,0.419,0.241,0.545,-0.125,0.239,0.027,0.663,0.229,-0.238,-0.482,0.387,0.279,-0.228,0.281,0.041,0.399,-0.033,-0.284,0.034,0.259,-0.02,-0.332,0.13,-0.336,0.268,-0.287,-0.178,0.04,0.105,-0.202,0.117,0.13,0.704,-0.227,-0.199,-0.179,0.108,0.255,0.357,0.206,-0.156,0.022,0.455,-0.31,0.021,0.274,0.697,0.106,-0.14,0.05,0.031,-0.217,0.752,-0.021,0.287,-0.779,-0.364,-0.314,-0.353,0.191,-0.25,0.192,0.03,-0.1,-0.252,0.369,0.513,0.246,0.112,0.068,-0.129,0.436,-0.323,0.001,0.037,0.154,0.04,0.338,0.21,-0.479,-0.142,0.15,-0.657,0.026,0.099,0.269,0.866,0.162,0.077,0.057,0.287
AVXL,-0.781,-0.81,0.61,0.48,0.864,0.794,0.389,-0.765,0.671,-0.819,0.595,0.879,-0.349,-0.228,0.0,0.546,0.788,-0.56,-0.0,0.848,-0.572,0.751,0.097,0.29,-0.131,0.789,-0.42,0.767,0.813,0.707,0.641,0.751,-0.366,0.441,0.856,0.113,0.129,-0.362,0.57,0.592,-0.157,0.458,0.475,0.783,0.872,0.679,-0.693,0.907,0.766,0.836,0.75,-0.085,0.719,0.823,0.212,0.672,0.786,0.711,-0.689,0.594,0.012,-0.383,0.854,-0.519,-0.288,0.776,-0.016,0.892,0.467,-0.27,0.72,0.812,0.799,0.89,0.812,0.879,0.626,-0.754,0.907,-0.832,0.289,0.601,0.42,0.876,0.601,0.421,0.87,0.755,-0.721,-0.594,0.81,0.651,0.07,0.567,0.861,-0.403,0.509,0.858,-0.321,0.865,0.081,-0.453,0.893,0.728,0.723,0.628,0.447,0.354,-0.759,0.423,0.758,0.37,-0.294,0.668,0.813,-0.292,0.698,-0.305,0.281,-0.211,0.71,0.834,0.772,0.683,-0.471,0.789,0.411,0.825,0.699,0.859,0.917,0.496,0.841,0.634,-0.487,0.911,0.831,-0.834,0.815,0.572,0.646,0.246,0.784,0.874,0.903,0.718,0.699,0.1,-0.366,0.901,0.763,-0.728,0.652,0.847,0.598,-0.044,-0.069,0.85,0.533,0.664,-0.66,0.07,0.868,-0.256,0.392,0.635,0.777,0.019,0.656,0.929,-0.101,0.844,0.859,-0.331,0.586,0.327,0.527,0.259,-0.413,-0.186,0.359,-0.585,0.131,0.727,0.801,0.858,0.626,0.674,0.48,-0.626,0.784,0.202,0.727,-0.504,0.487,-0.178,0.437,-0.685,-0.824,0.766
AZTA,-0.437,-0.448,0.905,0.774,0.557,0.522,0.621,-0.418,0.881,-0.663,0.573,0.691,-0.267,0.493,0.546,0.0,0.569,-0.294,-0.179,0.656,-0.249,0.677,0.765,0.335,0.212,0.585,0.025,0.478,0.756,0.569,0.274,0.823,0.081,0.496,0.351,0.457,0.085,0.21,0.211,0.753,-0.362,0.838,0.738,0.825,0.702,0.869,-0.146,0.449,0.786,0.764,0.677,0.171,0.916,0.218,0.259,0.162,0.507,0.471,-0.256,0.737,0.256,-0.21,0.767,-0.473,0.244,0.796,0.561,0.683,0.675,-0.508,0.606,0.768,0.758,0.729,0.602,0.493,0.112,-0.223,0.425,-0.591,0.653,0.589,-0.106,0.602,0.287,0.361,0.533,0.742,-0.438,-0.367,0.555,0.112,0.692,0.716,0.476,0.212,0.883,0.425,-0.369,0.362,-0.535,-0.173,0.693,0.715,0.75,0.833,0.945,0.922,-0.582,0.69,0.686,0.932,-0.52,0.873,0.724,0.535,0.798,-0.467,-0.378,0.335,0.916,0.523,0.917,0.552,0.098,0.503,0.088,0.714,0.871,0.725,0.49,0.496,0.42,0.869,-0.537,0.623,0.742,-0.654,0.62,0.779,0.798,0.89,0.266,0.509,0.612,0.761,0.921,0.558,-0.272,0.631,0.666,-0.276,0.54,0.715,0.735,0.689,0.243,0.639,0.489,0.607,-0.659,0.738,0.686,0.039,-0.348,0.407,0.441,-0.255,0.734,0.61,0.196,0.718,0.693,-0.382,0.883,0.66,0.826,0.574,-0.268,-0.369,0.76,-0.773,0.132,0.693,0.82,0.797,0.92,0.88,0.086,-0.554,0.817,-0.513,0.503,-0.208,0.626,0.597,0.563,-0.578,-0.591,0.817
BAND,-0.449,-0.568,0.597,0.704,0.663,0.816,0.658,-0.391,0.562,-0.589,0.754,0.727,-0.569,0.027,0.788,0.569,0.0,-0.708,-0.101,0.59,-0.618,0.492,0.234,0.653,-0.296,0.79,0.032,0.631,0.723,0.519,0.452,0.607,-0.02,0.087,0.57,-0.053,-0.175,-0.19,0.664,0.818,0.206,0.633,0.203,0.648,0.745,0.782,-0.431,0.649,0.637,0.652,0.638,-0.343,0.652,0.762,0.33,0.661,0.599,0.624,-0.779,0.358,-0.187,-0.053,0.744,-0.651,-0.402,0.607,0.299,0.802,0.356,-0.159,0.737,0.697,0.723,0.667,0.561,0.619,0.648,-0.773,0.78,-0.618,0.138,0.761,0.331,0.573,0.23,0.242,0.677,0.819,-0.412,-0.406,0.785,0.561,0.039,0.286,0.634,-0.438,0.581,0.64,-0.09,0.608,0.15,-0.086,0.814,0.479,0.468,0.418,0.421,0.388,-0.552,0.375,0.732,0.421,-0.37,0.54,0.57,-0.144,0.635,-0.117,0.187,-0.356,0.621,0.533,0.752,0.754,-0.239,0.667,0.203,0.56,0.636,0.639,0.688,0.238,0.503,0.681,-0.599,0.69,0.812,-0.692,0.707,0.462,0.614,0.317,0.659,0.701,0.716,0.779,0.677,-0.037,0.018,0.717,0.855,-0.53,0.479,0.823,0.47,0.247,-0.303,0.628,0.359,0.349,-0.532,0.124,0.715,0.123,0.4,0.508,0.374,-0.292,0.572,0.708,-0.368,0.61,0.615,-0.557,0.449,0.268,0.422,0.335,-0.505,-0.052,0.623,-0.364,0.072,0.414,0.667,0.717,0.62,0.534,0.219,-0.715,0.694,0.085,0.593,-0.638,0.683,-0.045,0.363,-0.368,-0.654,0.732
BECN,0.245,0.388,-0.454,-0.489,-0.361,-0.609,-0.497,0.335,-0.311,0.423,-0.524,-0.365,0.773,0.104,-0.56,-0.294,-0.708,0.0,0.294,-0.299,0.637,-0.234,-0.159,-0.485,0.613,-0.597,0.083,-0.105,-0.536,-0.132,-0.252,-0.359,0.096,0.142,-0.429,0.225,0.437,0.114,-0.519,-0.569,-0.223,-0.443,0.041,-0.445,-0.491,-0.574,0.446,-0.503,-0.41,-0.379,-0.31,0.66,-0.429,-0.57,-0.236,-0.613,-0.422,-0.595,0.863,-0.141,0.444,0.049,-0.534,0.818,0.7,-0.389,-0.31,-0.584,-0.179,0.289,-0.58,-0.462,-0.451,-0.378,-0.207,-0.495,-0.458,0.775,-0.614,0.467,0.325,-0.558,-0.098,-0.362,0.002,-0.108,-0.491,-0.477,0.32,0.124,-0.602,-0.29,0.117,-0.03,-0.384,0.509,-0.405,-0.34,0.209,-0.395,-0.141,0.041,-0.549,-0.15,-0.251,-0.167,-0.24,-0.253,0.561,-0.001,-0.485,-0.278,0.558,-0.278,-0.313,0.11,-0.431,0.192,-0.209,0.412,-0.383,-0.323,-0.449,-0.566,0.428,-0.342,0.219,-0.303,-0.351,-0.371,-0.527,0.143,-0.245,-0.549,0.61,-0.45,-0.567,0.692,-0.496,-0.247,-0.433,-0.094,-0.253,-0.329,-0.443,-0.556,-0.422,0.325,-0.122,-0.518,-0.751,0.621,-0.264,-0.539,-0.087,-0.215,0.462,-0.348,-0.159,-0.159,0.422,0.158,-0.383,-0.021,-0.387,-0.398,-0.173,0.511,-0.281,-0.489,0.667,-0.396,-0.382,0.815,-0.164,0.124,-0.159,-0.442,0.834,0.326,-0.474,0.177,0.21,-0.123,-0.355,-0.442,-0.375,-0.323,-0.282,0.567,-0.513,0.047,-0.246,0.866,-0.395,0.274,-0.326,0.278,0.578,-0.485
BFC,0.036,-0.023,-0.203,-0.098,0.029,-0.187,-0.137,0.026,-0.099,0.137,-0.252,-0.02,0.34,-0.304,-0.0,-0.179,-0.101,0.294,0.0,0.011,0.207,-0.01,-0.229,0.043,0.239,-0.066,-0.141,0.177,-0.23,0.022,0.218,-0.156,0.089,0.199,-0.006,0.227,0.39,-0.041,0.099,-0.128,0.178,-0.141,-0.197,-0.159,-0.188,-0.207,0.042,-0.003,-0.134,-0.13,-0.064,0.313,-0.107,0.124,-0.077,0.046,-0.109,-0.08,0.279,-0.068,0.117,-0.062,-0.163,0.44,0.129,-0.151,-0.165,-0.079,-0.225,0.275,-0.025,-0.127,-0.202,-0.105,0.051,0.018,-0.024,0.152,0.0,0.042,0.173,-0.039,0.199,0.0,0.124,-0.079,-0.099,-0.169,-0.009,0.162,-0.108,0.057,-0.084,0.001,-0.084,0.143,-0.169,-0.005,0.039,0.033,0.187,-0.115,-0.107,-0.005,-0.165,-0.192,-0.163,-0.205,0.078,-0.254,-0.094,-0.23,0.36,-0.175,-0.066,-0.171,-0.172,0.522,-0.184,-0.176,-0.191,-0.053,-0.12,-0.143,-0.078,-0.175,0.216,-0.144,-0.155,-0.071,-0.05,-0.064,0.061,-0.295,0.392,-0.024,-0.164,0.174,0.053,0.134,-0.215,-0.218,0.123,0.109,-0.016,-0.137,-0.161,0.1,-0.15,-0.088,-0.202,0.187,0.013,-0.098,-0.002,-0.242,0.12,-0.084,0.079,0.004,0.277,-0.237,-0.061,0.109,0.214,0.107,0.053,0.323,-0.267,-0.019,0.288,-0.119,-0.047,0.422,-0.084,-0.101,-0.013,-0.221,0.498,0.354,-0.104,0.193,-0.169,0.019,-0.175,-0.084,-0.094,-0.173,0.002,0.065,-0.188,0.465,-0.048,0.397,-0.177,-0.175,-0.25,0.059,0.254,-0.193
BGC,-0.899,-0.847,0.701,0.436,0.838,0.659,0.248,-0.869,0.867,-0.927,0.465,0.928,-0.096,-0.051,0.848,0.656,0.59,-0.299,0.011,0.0,-0.407,0.946,0.232,-0.01,0.194,0.673,-0.432,0.804,0.826,0.803,0.677,0.868,-0.467,0.738,0.819,0.239,0.364,-0.351,0.351,0.484,-0.479,0.501,0.735,0.862,0.86,0.675,-0.616,0.849,0.861,0.956,0.835,0.186,0.769,0.669,0.159,0.428,0.819,0.589,-0.393,0.836,0.244,-0.569,0.852,-0.346,0.047,0.909,-0.103,0.857,0.618,-0.371,0.666,0.842,0.837,0.933,0.959,0.898,0.491,-0.484,0.787,-0.919,0.595,0.487,0.365,0.966,0.788,0.533,0.891,0.711,-0.862,-0.676,0.699,0.496,0.393,0.845,0.875,-0.11,0.527,0.846,-0.513,0.848,-0.205,-0.651,0.798,0.921,0.929,0.861,0.611,0.462,-0.778,0.559,0.712,0.498,-0.244,0.781,0.935,-0.163,0.824,-0.495,0.047,0.06,0.821,0.934,0.814,0.542,-0.416,0.758,0.495,0.941,0.779,0.945,0.877,0.716,0.886,0.686,-0.473,0.951,0.797,-0.803,0.799,0.685,0.638,0.435,0.665,0.863,0.905,0.644,0.73,0.44,-0.631,0.922,0.601,-0.682,0.633,0.805,0.85,-0.007,0.301,0.922,0.744,0.903,-0.731,0.298,0.907,-0.424,0.088,0.637,0.909,0.122,0.738,0.885,0.241,0.949,0.935,-0.173,0.816,0.591,0.688,0.245,-0.259,-0.348,0.238,-0.853,0.114,0.934,0.884,0.914,0.726,0.838,0.396,-0.489,0.808,0.073,0.811,-0.257,0.383,0.115,0.503,-0.875,-0.842,0.826
BHF,0.301,0.486,-0.494,-0.465,-0.493,-0.679,-0.568,0.336,-0.314,0.388,-0.559,-0.518,0.723,0.196,-0.572,-0.249,-0.618,0.637,0.207,-0.407,0.0,-0.255,-0.184,-0.463,0.577,-0.747,0.128,-0.295,-0.659,-0.431,-0.156,-0.416,0.052,0.103,-0.619,0.096,0.315,0.173,-0.536,-0.537,-0.152,-0.417,-0.102,-0.555,-0.584,-0.594,0.637,-0.627,-0.532,-0.454,-0.579,0.477,-0.459,-0.665,-0.304,-0.603,-0.557,-0.737,0.766,-0.23,0.288,0.075,-0.649,0.714,0.607,-0.497,-0.24,-0.699,-0.249,0.295,-0.57,-0.637,-0.6,-0.44,-0.334,-0.539,-0.404,0.82,-0.642,0.543,0.089,-0.644,-0.18,-0.462,-0.151,-0.428,-0.635,-0.599,0.351,0.222,-0.732,-0.548,0.184,-0.092,-0.569,0.456,-0.465,-0.499,0.003,-0.584,-0.29,0.098,-0.54,-0.199,-0.362,-0.262,-0.24,-0.204,0.605,-0.295,-0.476,-0.264,0.556,-0.432,-0.464,0.256,-0.522,0.117,-0.202,0.355,-0.454,-0.47,-0.463,-0.772,0.314,-0.534,-0.042,-0.432,-0.483,-0.504,-0.631,-0.066,-0.443,-0.499,0.485,-0.544,-0.666,0.615,-0.675,-0.399,-0.544,-0.087,-0.448,-0.416,-0.571,-0.53,-0.449,0.202,-0.127,-0.603,-0.728,0.587,-0.438,-0.695,-0.141,-0.123,0.299,-0.517,-0.125,-0.192,0.477,0.104,-0.586,-0.023,-0.333,-0.465,-0.33,0.302,-0.482,-0.587,0.542,-0.462,-0.419,0.577,-0.272,-0.002,-0.372,-0.225,0.671,0.089,-0.342,0.258,-0.166,-0.274,-0.462,-0.557,-0.44,-0.387,-0.54,0.458,-0.575,-0.026,-0.375,0.676,-0.496,0.271,-0.418,0.366,0.527,-0.573
BHFAL,-0.837,-0.752,0.692,0.372,0.73,0.576,0.185,-0.849,0.892,-0.927,0.349,0.844,0.035,0.015,0.751,0.677,0.492,-0.234,-0.01,0.946,-0.255,0.0,0.258,-0.114,0.338,0.571,-0.407,0.698,0.751,0.739,0.702,0.83,-0.463,0.784,0.732,0.281,0.457,-0.331,0.269,0.426,-0.605,0.472,0.742,0.811,0.806,0.626,-0.515,0.769,0.824,0.912,0.782,0.273,0.747,0.535,0.175,0.337,0.78,0.492,-0.267,0.852,0.308,-0.583,0.787,-0.24,0.143,0.877,-0.121,0.767,0.674,-0.404,0.662,0.767,0.74,0.874,0.936,0.832,0.386,-0.333,0.685,-0.869,0.641,0.374,0.292,0.911,0.813,0.549,0.822,0.632,-0.843,-0.634,0.611,0.367,0.52,0.878,0.816,-0.002,0.505,0.758,-0.578,0.749,-0.323,-0.657,0.69,0.951,0.937,0.873,0.652,0.489,-0.724,0.505,0.618,0.527,-0.228,0.748,0.888,-0.04,0.782,-0.552,-0.025,0.186,0.81,0.894,0.782,0.434,-0.328,0.67,0.457,0.897,0.722,0.88,0.792,0.716,0.816,0.688,-0.409,0.89,0.734,-0.746,0.724,0.641,0.605,0.483,0.523,0.806,0.818,0.571,0.717,0.524,-0.714,0.855,0.529,-0.603,0.593,0.703,0.859,0.036,0.414,0.879,0.767,0.919,-0.656,0.356,0.827,-0.431,-0.004,0.65,0.88,0.142,0.707,0.802,0.365,0.894,0.91,-0.112,0.821,0.62,0.666,0.303,-0.172,-0.438,0.226,-0.839,0.044,0.918,0.851,0.865,0.696,0.843,0.295,-0.347,0.735,-0.004,0.728,-0.152,0.312,0.197,0.502,-0.861,-0.768,0.731
BKNG,0.029,-0.131,0.785,0.629,0.22,0.207,0.673,-0.039,0.568,-0.205,0.401,0.311,-0.365,0.57,0.097,0.765,0.234,-0.159,-0.229,0.232,-0.184,0.258,0.0,0.381,0.131,0.432,0.303,0.062,0.513,0.294,-0.183,0.507,0.479,0.138,0.022,0.477,-0.089,0.539,0.004,0.645,-0.16,0.752,0.51,0.58,0.311,0.685,0.077,0.081,0.498,0.384,0.448,0.114,0.695,-0.104,0.177,-0.039,0.171,0.326,-0.049,0.433,0.203,0.104,0.485,-0.404,0.284,0.517,0.755,0.39,0.463,-0.581,0.367,0.545,0.486,0.272,0.145,0.118,-0.287,-0.016,0.032,-0.205,0.52,0.513,-0.307,0.188,-0.102,0.326,0.185,0.524,-0.056,-0.07,0.315,-0.085,0.638,0.407,0.052,0.397,0.848,0.0,-0.12,0.004,-0.474,0.172,0.325,0.273,0.422,0.551,0.843,0.866,-0.321,0.637,0.409,0.913,-0.614,0.686,0.392,0.77,0.559,-0.259,-0.607,0.366,0.667,0.13,0.614,0.437,0.292,0.166,-0.163,0.318,0.67,0.343,0.104,0.221,0.024,0.634,-0.391,0.221,0.457,-0.356,0.386,0.651,0.655,0.863,-0.15,0.05,0.254,0.514,0.698,0.548,0.042,0.287,0.448,0.036,0.328,0.453,0.386,0.873,0.217,0.27,0.169,0.19,-0.408,0.739,0.338,0.342,-0.551,0.164,0.027,-0.375,0.512,0.239,0.078,0.35,0.264,-0.382,0.627,0.467,0.749,0.574,-0.258,-0.243,0.762,-0.494,0.206,0.351,0.475,0.466,0.761,0.63,-0.027,-0.305,0.594,-0.76,0.137,-0.118,0.578,0.674,0.557,-0.272,-0.195,0.549
BL,0.192,-0.035,0.351,0.649,0.259,0.425,0.746,0.208,0.106,0.048,0.596,0.217,-0.609,0.105,0.29,0.335,0.653,-0.485,0.043,-0.01,-0.463,-0.114,0.381,0.0,-0.43,0.539,0.333,0.18,0.327,0.155,-0.111,0.149,0.532,-0.379,0.089,0.081,-0.407,0.217,0.453,0.701,0.589,0.525,-0.134,0.254,0.272,0.535,-0.069,0.163,0.231,0.089,0.255,-0.363,0.366,0.338,0.355,0.383,0.088,0.435,-0.522,-0.085,-0.268,0.394,0.357,-0.523,-0.361,0.122,0.621,0.377,0.053,-0.027,0.349,0.341,0.327,0.143,-0.058,0.051,0.202,-0.501,0.303,-0.075,-0.079,0.642,0.046,-0.0,-0.364,0.063,0.134,0.549,0.18,0.077,0.456,0.33,-0.109,-0.179,0.081,-0.277,0.524,0.142,0.363,0.122,0.289,0.457,0.414,-0.112,-0.067,-0.028,0.257,0.322,-0.132,0.24,0.42,0.333,-0.368,0.265,0.064,0.179,0.205,0.355,-0.041,-0.299,0.268,-0.038,0.39,0.597,0.125,0.231,-0.126,0.039,0.336,0.132,0.159,-0.132,-0.031,0.316,-0.316,0.144,0.436,-0.204,0.342,0.299,0.429,0.237,0.261,0.185,0.239,0.532,0.432,-0.215,0.552,0.185,0.616,-0.053,0.272,0.49,-0.049,0.47,-0.514,0.097,-0.139,-0.249,-0.158,0.085,0.257,0.575,0.252,0.132,-0.199,-0.333,0.219,0.252,-0.545,0.069,0.072,-0.447,0.081,-0.024,0.247,0.269,-0.328,0.35,0.701,0.113,0.171,-0.101,0.213,0.26,0.355,0.14,0.075,-0.462,0.329,-0.109,0.119,-0.452,0.607,-0.019,0.143,0.172,-0.086,0.355
BOKF,-0.106,0.068,0.058,-0.157,0.022,-0.224,-0.232,-0.065,0.239,-0.142,-0.176,0.116,0.674,0.33,-0.131,0.212,-0.296,0.613,0.239,0.194,0.577,0.338,0.131,-0.43,0.0,-0.222,0.032,0.183,-0.078,0.187,0.212,0.088,-0.065,0.506,-0.105,0.4,0.763,0.113,-0.181,-0.16,-0.487,0.042,0.433,0.035,-0.02,-0.061,0.275,-0.142,0.129,0.172,0.134,0.811,0.052,-0.29,-0.06,-0.379,0.035,-0.288,0.684,0.342,0.692,-0.095,-0.078,0.663,0.797,0.126,-0.203,-0.137,0.353,0.033,-0.067,-0.044,-0.024,0.052,0.259,-0.102,-0.27,0.613,-0.24,0.009,0.693,-0.171,0.028,0.088,0.357,0.154,-0.046,-0.052,-0.105,-0.137,-0.147,-0.178,0.509,0.456,0.021,0.481,-0.018,0.059,-0.127,-0.087,-0.421,-0.222,-0.133,0.426,0.261,0.323,0.216,0.142,0.194,0.233,-0.068,0.165,0.339,0.143,0.163,0.266,0.073,-0.218,-0.331,0.505,0.176,0.077,0.087,-0.267,0.355,0.088,0.278,0.159,0.107,0.086,-0.134,0.484,0.094,-0.011,0.366,0.014,-0.065,0.223,-0.102,0.07,-0.016,0.361,-0.056,0.143,-0.009,-0.134,0.026,0.648,-0.377,-0.047,-0.291,0.323,-0.005,-0.092,0.398,0.072,0.711,0.115,0.351,0.328,0.092,0.48,0.031,-0.157,-0.419,0.037,0.193,0.366,0.187,-0.11,0.871,0.075,0.121,0.639,0.288,0.486,0.168,-0.007,0.663,0.019,-0.099,-0.288,0.125,0.331,0.165,0.058,0.142,0.209,-0.228,0.312,-0.065,-0.1,0.228,0.761,-0.037,0.523,0.091,-0.092,0.089,-0.011
BRKR,-0.495,-0.698,0.763,0.622,0.8,0.834,0.761,-0.542,0.63,-0.625,0.734,0.803,-0.596,-0.133,0.789,0.585,0.79,-0.597,-0.066,0.673,-0.747,0.571,0.432,0.539,-0.222,0.0,-0.136,0.64,0.87,0.717,0.417,0.681,0.034,0.145,0.761,0.175,-0.002,-0.132,0.643,0.801,0.067,0.667,0.379,0.825,0.827,0.823,-0.674,0.806,0.787,0.738,0.86,-0.165,0.773,0.8,0.245,0.709,0.752,0.871,-0.712,0.465,-0.027,-0.088,0.902,-0.627,-0.351,0.767,0.303,0.928,0.459,-0.4,0.823,0.892,0.836,0.707,0.636,0.749,0.452,-0.814,0.819,-0.681,0.317,0.865,0.353,0.698,0.373,0.582,0.819,0.881,-0.499,-0.423,0.912,0.699,0.073,0.413,0.743,-0.339,0.731,0.701,-0.123,0.765,0.202,-0.141,0.801,0.543,0.621,0.548,0.555,0.461,-0.716,0.575,0.709,0.544,-0.525,0.723,0.713,-0.1,0.752,-0.166,0.099,-0.264,0.762,0.684,0.783,0.918,-0.249,0.739,0.291,0.677,0.792,0.783,0.806,0.372,0.681,0.734,-0.483,0.809,0.909,-0.788,0.923,0.656,0.799,0.377,0.645,0.719,0.857,0.765,0.762,0.142,-0.058,0.839,0.893,-0.611,0.679,0.939,0.466,0.27,-0.094,0.788,0.348,0.405,-0.602,0.177,0.843,0.119,0.304,0.666,0.554,-0.168,0.749,0.836,-0.237,0.726,0.696,-0.454,0.56,0.342,0.669,0.392,-0.525,-0.068,0.602,-0.485,0.322,0.6,0.765,0.851,0.756,0.674,0.434,-0.601,0.814,0.009,0.615,-0.549,0.735,-0.101,0.6,-0.543,-0.646,0.79
CACC,0.519,0.424,-0.081,0.214,-0.458,-0.148,0.288,0.684,-0.239,0.426,0.197,-0.276,-0.189,0.634,-0.42,0.025,0.032,0.083,-0.141,-0.432,0.128,-0.407,0.303,0.333,0.032,-0.136,0.0,-0.215,-0.245,-0.243,-0.539,-0.202,0.59,-0.445,-0.541,-0.162,-0.418,0.455,-0.185,0.259,0.483,0.221,-0.29,-0.241,-0.386,0.04,0.662,-0.607,-0.32,-0.297,-0.252,-0.206,-0.129,-0.295,0.01,-0.297,-0.494,-0.347,0.175,-0.325,-0.205,0.683,-0.307,-0.007,0.202,-0.277,0.433,-0.261,-0.29,0.315,-0.187,-0.236,-0.143,-0.403,-0.414,-0.54,-0.146,0.256,-0.377,0.448,-0.063,0.169,-0.191,-0.574,-0.678,-0.35,-0.4,0.028,0.559,0.033,-0.225,-0.323,0.01,-0.378,-0.503,0.036,0.054,-0.396,0.314,-0.574,-0.033,0.654,-0.158,-0.388,-0.404,-0.294,-0.012,0.119,0.56,0.18,0.068,0.121,0.154,-0.178,-0.371,0.327,-0.138,0.312,-0.254,-0.174,-0.175,-0.528,-0.06,0.024,0.418,-0.259,-0.17,-0.43,-0.082,-0.382,-0.535,-0.29,-0.582,-0.106,-0.145,-0.453,-0.19,0.411,-0.307,-0.233,-0.211,0.247,-0.155,-0.319,-0.387,-0.154,-0.065,0.037,0.579,-0.372,-0.121,0.651,-0.515,-0.138,-0.093,0.443,-0.3,-0.426,-0.21,-0.517,0.174,0.308,-0.277,0.716,-0.341,-0.443,-0.682,-0.249,-0.175,-0.476,-0.184,-0.39,-0.51,-0.218,-0.131,0.154,-0.1,-0.156,0.147,0.3,0.361,0.25,0.047,-0.43,-0.258,-0.279,-0.02,-0.282,-0.616,-0.06,-0.178,-0.248,-0.194,0.003,0.214,0.475,-0.173,0.482,0.414,-0.07
CAR,-0.759,-0.754,0.442,0.387,0.807,0.621,0.297,-0.587,0.595,-0.666,0.535,0.843,-0.001,-0.135,0.767,0.478,0.631,-0.105,0.177,0.804,-0.295,0.698,0.062,0.18,0.183,0.64,-0.215,0.0,0.647,0.804,0.56,0.688,-0.253,0.477,0.695,0.179,0.31,-0.367,0.372,0.467,-0.108,0.331,0.495,0.658,0.727,0.513,-0.481,0.699,0.623,0.756,0.736,0.201,0.577,0.709,0.011,0.442,0.621,0.455,-0.332,0.55,0.203,-0.292,0.684,-0.157,0.085,0.662,-0.135,0.742,0.327,-0.024,0.532,0.694,0.726,0.797,0.836,0.698,0.587,-0.467,0.723,-0.645,0.553,0.49,0.532,0.749,0.61,0.34,0.718,0.685,-0.565,-0.706,0.602,0.651,0.09,0.589,0.751,-0.204,0.371,0.788,-0.199,0.754,0.1,-0.363,0.776,0.732,0.635,0.595,0.373,0.236,-0.452,0.586,0.638,0.272,0.063,0.603,0.72,-0.352,0.584,-0.133,0.203,-0.174,0.585,0.744,0.673,0.539,-0.275,0.726,0.7,0.725,0.655,0.791,0.718,0.64,0.793,0.437,-0.292,0.789,0.666,-0.543,0.691,0.491,0.478,0.255,0.862,0.834,0.825,0.583,0.577,0.342,-0.372,0.741,0.473,-0.414,0.53,0.733,0.712,-0.147,0.075,0.778,0.495,0.597,-0.538,0.245,0.832,-0.126,0.252,0.46,0.711,0.302,0.628,0.768,0.194,0.741,0.72,0.036,0.585,0.61,0.527,-0.063,-0.006,0.1,0.219,-0.545,0.355,0.736,0.736,0.756,0.553,0.558,0.195,-0.539,0.636,0.333,0.76,-0.148,0.47,0.006,0.259,-0.585,-0.596,0.665
CDNA,-0.675,-0.761,0.884,0.694,0.833,0.827,0.656,-0.683,0.814,-0.809,0.702,0.892,-0.508,0.062,0.813,0.756,0.723,-0.536,-0.23,0.826,-0.659,0.751,0.513,0.327,-0.078,0.87,-0.245,0.647,0.0,0.769,0.435,0.873,-0.185,0.387,0.769,0.193,0.046,-0.139,0.517,0.721,-0.299,0.695,0.66,0.957,0.929,0.895,-0.653,0.825,0.932,0.906,0.904,-0.065,0.889,0.646,0.268,0.547,0.806,0.809,-0.617,0.708,0.135,-0.324,0.966,-0.672,-0.168,0.938,0.3,0.95,0.691,-0.558,0.785,0.976,0.937,0.858,0.767,0.803,0.397,-0.68,0.786,-0.83,0.464,0.756,0.215,0.849,0.504,0.609,0.887,0.882,-0.674,-0.507,0.875,0.535,0.319,0.654,0.819,-0.166,0.798,0.744,-0.272,0.773,-0.151,-0.351,0.851,0.73,0.849,0.819,0.738,0.636,-0.833,0.688,0.764,0.702,-0.585,0.9,0.905,0.031,0.878,-0.522,0.051,0.019,0.909,0.828,0.888,0.821,-0.255,0.803,0.276,0.88,0.906,0.912,0.86,0.552,0.76,0.873,-0.612,0.888,0.956,-0.889,0.88,0.72,0.882,0.581,0.56,0.726,0.896,0.811,0.86,0.335,-0.286,0.914,0.849,-0.68,0.727,0.939,0.68,0.325,0.098,0.884,0.524,0.656,-0.788,0.422,0.932,-0.156,0.048,0.669,0.708,-0.137,0.891,0.884,-0.083,0.881,0.857,-0.472,0.767,0.521,0.775,0.46,-0.577,-0.344,0.557,-0.76,0.27,0.773,0.934,0.95,0.854,0.884,0.501,-0.613,0.954,-0.202,0.678,-0.513,0.71,0.155,0.751,-0.743,-0.824,0.918
CG,-0.708,-0.738,0.609,0.452,0.832,0.604,0.384,-0.593,0.659,-0.716,0.537,0.838,-0.158,-0.038,0.707,0.569,0.519,-0.132,0.022,0.803,-0.431,0.739,0.294,0.155,0.187,0.717,-0.243,0.804,0.769,0.0,0.438,0.746,-0.165,0.469,0.726,0.404,0.27,-0.217,0.342,0.48,-0.251,0.445,0.628,0.791,0.783,0.606,-0.516,0.746,0.76,0.786,0.845,0.226,0.678,0.65,0.109,0.334,0.694,0.634,-0.283,0.72,0.309,-0.245,0.797,-0.268,0.061,0.778,0.031,0.8,0.448,-0.207,0.528,0.801,0.813,0.807,0.774,0.722,0.456,-0.478,0.68,-0.664,0.607,0.561,0.267,0.786,0.591,0.571,0.785,0.731,-0.571,-0.66,0.692,0.609,0.141,0.672,0.799,-0.138,0.526,0.771,-0.187,0.756,0.065,-0.322,0.737,0.737,0.741,0.707,0.532,0.392,-0.573,0.708,0.643,0.455,-0.25,0.751,0.777,-0.179,0.717,-0.208,0.064,0.006,0.721,0.781,0.705,0.661,-0.279,0.722,0.62,0.806,0.781,0.867,0.75,0.674,0.803,0.538,-0.295,0.813,0.768,-0.623,0.783,0.614,0.629,0.391,0.705,0.741,0.832,0.572,0.668,0.375,-0.3,0.767,0.574,-0.487,0.595,0.809,0.687,0.029,0.194,0.837,0.447,0.654,-0.655,0.355,0.889,-0.143,0.058,0.538,0.745,0.208,0.748,0.79,0.205,0.784,0.737,-0.047,0.71,0.641,0.688,0.018,-0.172,0.016,0.297,-0.664,0.495,0.819,0.813,0.831,0.673,0.674,0.346,-0.458,0.728,0.119,0.765,-0.183,0.475,0.071,0.467,-0.71,-0.634,0.75
CGBD,-0.585,-0.495,0.315,0.04,0.585,0.549,0.031,-0.711,0.559,-0.689,0.156,0.554,0.17,-0.401,0.641,0.274,0.452,-0.252,0.218,0.677,-0.156,0.702,-0.183,-0.111,0.212,0.417,-0.539,0.56,0.435,0.438,0.0,0.374,-0.605,0.551,0.671,0.017,0.573,-0.571,0.513,0.196,-0.341,0.179,0.297,0.419,0.609,0.295,-0.578,0.715,0.535,0.596,0.521,0.177,0.365,0.611,0.228,0.6,0.722,0.415,-0.301,0.449,0.233,-0.524,0.524,0.019,-0.164,0.519,-0.412,0.521,0.469,-0.188,0.652,0.44,0.388,0.576,0.758,0.709,0.491,-0.397,0.666,-0.627,0.266,0.193,0.505,0.693,0.795,0.389,0.659,0.376,-0.703,-0.235,0.5,0.493,0.196,0.462,0.71,-0.185,0.146,0.644,-0.38,0.711,0.036,-0.652,0.399,0.689,0.577,0.442,0.183,0.044,-0.543,-0.039,0.285,0.063,0.025,0.279,0.564,-0.314,0.445,-0.319,0.298,-0.066,0.435,0.68,0.42,0.211,-0.301,0.542,0.424,0.562,0.338,0.581,0.708,0.395,0.696,0.447,-0.015,0.697,0.517,-0.541,0.581,0.28,0.346,-0.008,0.501,0.754,0.628,0.348,0.336,0.143,-0.613,0.648,0.402,-0.62,0.526,0.438,0.489,-0.25,0.299,0.653,0.591,0.643,-0.139,-0.184,0.525,-0.386,0.532,0.756,0.741,0.283,0.383,0.639,0.279,0.575,0.688,0.099,0.331,0.176,0.211,0.308,-0.072,-0.279,0.029,-0.356,-0.092,0.547,0.511,0.558,0.31,0.461,0.372,-0.144,0.341,0.403,0.483,-0.052,0.139,-0.256,0.227,-0.512,-0.513,0.319
