,ACET,ADAP,ADI,ADPT,ADTN,AGEN,ALGN,ALLK,AMD,AMWD,ARDX,ARQT,ASTE,AUPH,AVXL,AZTA,BAND,BECN,BFC,BGC,BHF,BHFAL,BKNG,BL,BOKF,BRKR,CACC,CAR,CDNA,CG,CGBD,CHI,CHTR,CHX,CLNE,CME,CNOB,CNXN,CPRX,CSGP,CSGS,CSIQ,CVCO,CVLT,CYRX,DDOG,DOOO,DSGX,DTIL,ECPG,EEFT,EFSC,ENTG,ESPR,ETSY,EXC,FAMI,FFIV,FITB,FIZZ,FMBH,FOX,FTNT,FULT,GABC,GEN,GH,GMAB,GNPX,GO,GOGL,GOOG,GPRO,GSHD,GSM,GWAV,HAIN,HBAN,HEPA,HURN,HWKN,IBIO,ICFI,IGMS,IMKTA,INCY,INO,IRDM,IRTC,IRWD,ITCI,JACK,JD,JJSF,KALA,KHC,KLAC,KRRO,KRYS,LANC,LBTYA,LIVN,LKCO,LNTH,LOGI,LPRO,LRCX,LSCC,LSTR,MAR,MARA,MCHP,MEOH,META,MGTX,MKSI,MMYT,MORN,MRUS,MTLS,MTSI,MVIS,MXL,NBIX,NFE,NMIH,NMRK,NNDM,NSIT,NTCT,NVAX,OCUL,ODP,OLED,ONB,OTEX,PACB,PATK,PAYX,PEP,PERI,PI,PLYA,PRDO,PRGS,PTGX,QCOM,QCRH,QDEL,QFIN,RGEN,RILY,RPAY,RPD,SABR,SEDG,SHEN,SIRI,SLNO,SNDL,SNEX,SONO,SPT,SSNC,STGW,STKL,STRL,STX,SWTX,SYNA,TFSL,TIGR,TNXP,TOWN,TRI,TRIP,TRMB,TRNS,TRS,TSCO,TSEM,TVTX,TXRH,VC,VCEL,VECO,VIAV,VICR,VIR,VRTX,VSTM,VTRS,WDFC,WSBC,WSC,WYNN,XENE,XNCR,XRAY,ZS
ACET,0.0,0.268,-0.489,0.755,0.789,0.845,0.171,0.813,0.525,0.514,0.222,0.841,-0.106,0.824,-0.062,0.06,0.647,0.372,0.538,-0.373,0.152,-0.54,0.243,0.621,0.696,-0.623,0.479,-0.491,0.382,-0.13,-0.658,0.009,0.203,0.688,0.46,0.087,0.553,0.277,-0.494,0.062,0.46,-0.492,-0.525,0.624,0.798,0.5,-0.721,0.632,0.819,0.36,0.778,-0.157,-0.545,0.792,0.751,-0.561,0.761,-0.702,0.08,0.682,-0.61,0.849,0.032,0.237,0.49,-0.259,-0.181,0.391,0.879,-0.497,0.386,-0.262,-0.023,0.832,-0.473,0.225,-0.017,0.329,0.795,0.405,0.748,0.751,0.012,0.61,-0.555,-0.483,0.841,0.301,0.244,0.494,0.728,-0.187,0.482,0.621,0.76,-0.737,-0.639,0.849,0.62,0.687,0.163,0.604,0.226,-0.63,-0.581,0.421,-0.638,-0.015,-0.497,0.48,-0.272,-0.446,0.647,-0.587,0.87,-0.53,0.838,0.776,0.705,0.787,0.741,0.543,0.539,-0.475,0.154,0.743,0.617,0.825,0.183,0.71,0.598,0.856,-0.415,-0.455,0.624,0.194,0.389,0.477,-0.478,-0.87,0.787,0.638,0.667,0.409,0.126,0.854,-0.201,-0.19,0.673,0.705,0.459,0.375,0.803,0.617,0.676,0.578,0.614,-0.021,0.892,0.871,-0.679,0.721,0.701,-0.308,0.593,0.077,-0.046,-0.267,0.501,0.355,0.489,0.796,0.37,0.479,-0.478,0.336,-0.4,-0.351,0.723,-0.72,0.476,0.79,-0.083,0.659,-0.468,0.528,0.707,0.731,0.373,0.549,-0.376,0.561,-0.5,0.191,-0.197,0.739,0.659,0.757,0.034,0.768
ADAP,0.268,0.0,0.347,0.594,0.438,0.508,0.553,0.424,0.647,0.412,0.664,0.462,0.185,0.498,0.318,0.623,0.596,0.509,0.437,0.328,0.468,0.152,0.191,0.731,0.187,0.174,-0.017,0.184,0.729,0.427,0.036,0.634,-0.336,0.168,0.524,-0.239,0.191,0.175,0.188,0.621,-0.124,0.358,0.223,0.602,0.484,0.689,0.069,0.734,0.546,-0.005,0.232,0.122,0.29,0.497,0.594,0.003,0.27,0.007,0.169,0.218,-0.047,0.176,0.363,0.067,0.11,0.308,0.554,0.664,0.313,0.027,0.118,0.409,0.184,0.227,0.019,0.07,0.184,0.244,0.486,0.318,0.332,0.436,0.312,0.567,-0.158,0.308,0.533,0.528,0.629,0.447,0.505,0.092,0.382,0.056,0.566,-0.132,0.239,0.232,0.625,-0.018,0.29,0.234,0.092,0.206,0.289,0.687,0.234,0.559,-0.16,0.369,0.461,0.427,0.309,0.204,0.324,0.217,0.359,0.411,0.524,0.592,0.362,0.679,0.585,-0.198,0.3,0.369,0.233,0.329,0.353,0.544,0.376,0.419,0.107,0.268,0.071,0.403,0.828,0.385,-0.293,-0.197,0.623,0.638,0.293,0.552,0.536,0.406,0.561,0.345,0.333,0.366,0.648,0.621,0.468,0.598,0.28,0.679,0.369,0.397,0.283,0.175,-0.104,0.528,0.708,0.398,0.257,0.316,0.337,0.398,0.476,0.656,0.006,0.505,0.2,0.22,0.275,0.204,0.324,-0.317,0.249,0.056,0.597,0.517,0.088,0.479,0.125,0.545,0.526,0.413,0.291,0.339,0.459,0.08,0.205,0.162,0.32,0.399,0.446,0.476,0.315,0.613
ADI,-0.489,0.347,0.0,-0.008,-0.118,-0.313,0.564,-0.385,0.327,-0.078,0.546,-0.437,0.532,-0.147,0.588,0.722,-0.042,0.338,-0.173,0.776,0.432,0.789,0.255,0.07,-0.487,0.861,-0.493,0.793,0.484,0.68,0.767,0.677,-0.517,-0.428,0.138,-0.03,-0.517,0.025,0.623,0.717,-0.634,0.574,0.788,0.026,-0.231,0.342,0.815,0.13,-0.315,-0.276,-0.521,0.268,0.945,-0.245,-0.17,0.736,-0.365,0.851,0.199,-0.414,0.623,-0.621,0.537,-0.054,-0.089,0.683,0.816,0.379,-0.546,0.606,-0.18,0.771,0.408,-0.609,0.567,-0.303,0.278,-0.046,-0.402,-0.075,-0.281,-0.344,0.398,-0.181,0.278,0.899,-0.321,0.225,0.181,-0.022,-0.292,0.483,-0.116,-0.467,-0.197,0.701,0.948,-0.495,-0.021,-0.585,0.142,-0.206,0.039,0.727,0.851,0.346,0.954,0.804,0.606,0.164,0.789,0.968,-0.33,0.845,-0.461,0.93,-0.311,-0.23,-0.068,-0.204,-0.221,0.101,0.277,0.359,0.348,-0.309,-0.135,-0.455,0.335,-0.049,-0.155,-0.467,0.605,0.877,-0.468,0.425,0.417,0.085,0.367,0.652,-0.11,0.102,-0.08,0.08,0.504,-0.513,0.92,0.464,-0.206,-0.257,0.272,0.199,-0.192,-0.007,-0.17,0.028,-0.159,0.55,-0.375,-0.504,0.572,-0.015,0.016,0.828,0.066,0.442,0.438,0.762,0.067,0.471,-0.555,-0.301,-0.067,-0.214,0.835,0.128,0.893,-0.044,-0.49,0.726,0.399,-0.238,0.364,0.084,0.489,-0.044,-0.053,-0.334,-0.212,0.108,0.802,-0.208,0.397,0.229,0.682,-0.172,-0.254,-0.32,0.552,-0.193
ADPT,0.755,0.594,-0.008,0.0,0.79,0.801,0.536,0.72,0.823,0.575,0.658,0.744,0.159,0.872,0.288,0.515,0.769,0.678,0.516,0.108,0.516,-0.162,0.409,0.818,0.531,-0.197,0.165,-0.116,0.766,0.266,-0.337,0.494,-0.082,0.557,0.618,-0.02,0.385,0.277,-0.177,0.461,0.118,-0.194,-0.178,0.761,0.802,0.832,-0.35,0.861,0.759,0.111,0.6,-0.009,-0.072,0.734,0.782,-0.227,0.593,-0.34,0.283,0.524,-0.349,0.636,0.321,0.257,0.5,0.074,0.338,0.682,0.729,-0.306,0.363,0.235,0.203,0.621,-0.252,0.049,0.099,0.387,0.767,0.469,0.715,0.681,0.243,0.676,-0.505,-0.086,0.817,0.517,0.35,0.626,0.7,0.084,0.511,0.435,0.833,-0.48,-0.188,0.689,0.804,0.377,0.345,0.558,0.277,-0.266,-0.146,0.71,-0.173,0.471,-0.257,0.668,0.206,0.041,0.576,-0.15,0.768,-0.065,0.805,0.759,0.79,0.806,0.773,0.731,0.836,-0.411,0.447,0.756,0.636,0.709,0.428,0.794,0.628,0.714,-0.153,-0.028,0.439,0.486,0.784,0.593,-0.457,-0.656,0.901,0.853,0.78,0.548,0.438,0.704,0.315,0.133,0.588,0.744,0.715,0.654,0.866,0.738,0.682,0.7,0.627,0.301,0.773,0.711,-0.441,0.862,0.898,0.169,0.71,0.295,0.21,0.143,0.607,0.704,0.257,0.825,0.406,0.457,-0.057,0.436,0.081,-0.414,0.59,-0.391,0.779,0.81,0.125,0.847,-0.196,0.615,0.776,0.67,0.494,0.555,0.127,0.476,-0.262,0.375,0.198,0.783,0.645,0.755,0.364,0.874
ADTN,0.789,0.438,-0.118,0.79,0.0,0.861,0.567,0.798,0.809,0.771,0.533,0.78,0.368,0.902,0.245,0.463,0.666,0.759,0.623,0.014,0.465,-0.228,0.588,0.685,0.766,-0.228,0.297,-0.129,0.618,0.163,-0.302,0.216,-0.181,0.819,0.588,0.295,0.589,0.574,-0.417,0.349,0.342,-0.368,-0.156,0.823,0.888,0.63,-0.436,0.743,0.826,0.359,0.76,0.236,-0.15,0.816,0.693,-0.236,0.794,-0.394,0.449,0.612,-0.36,0.642,0.462,0.54,0.668,0.1,0.148,0.697,0.801,-0.204,0.395,0.114,0.079,0.768,-0.087,0.102,0.298,0.632,0.769,0.644,0.883,0.838,0.429,0.543,-0.425,-0.124,0.852,0.581,0.361,0.65,0.785,-0.06,0.491,0.666,0.712,-0.498,-0.293,0.818,0.812,0.636,0.191,0.763,0.186,-0.476,-0.355,0.697,-0.316,0.391,-0.092,0.715,0.077,-0.098,0.748,-0.381,0.882,-0.161,0.882,0.839,0.751,0.786,0.899,0.618,0.778,-0.109,0.198,0.805,0.743,0.812,0.587,0.853,0.496,0.699,-0.048,-0.102,0.729,0.348,0.63,0.768,-0.341,-0.707,0.84,0.821,0.792,0.682,0.55,0.734,0.167,0.206,0.509,0.742,0.451,0.604,0.888,0.675,0.831,0.693,0.826,0.244,0.801,0.787,-0.43,0.864,0.732,0.051,0.718,0.213,0.348,0.205,0.73,0.579,0.552,0.837,0.272,0.696,-0.157,0.649,0.037,-0.409,0.745,-0.389,0.736,0.862,0.365,0.8,-0.437,0.666,0.873,0.834,0.418,0.622,-0.032,0.485,-0.296,0.572,0.302,0.89,0.791,0.818,0.394,0.713
AGEN,0.845,0.508,-0.313,0.801,0.861,0.0,0.359,0.872,0.673,0.731,0.463,0.915,0.087,0.875,-0.062,0.333,0.701,0.573,0.697,-0.074,0.374,-0.474,0.439,0.781,0.802,-0.395,0.476,-0.362,0.524,-0.065,-0.536,0.147,-0.142,0.789,0.457,0.216,0.722,0.492,-0.538,0.214,0.424,-0.388,-0.244,0.808,0.84,0.56,-0.648,0.767,0.922,0.301,0.88,0.05,-0.364,0.907,0.766,-0.529,0.801,-0.632,0.267,0.76,-0.532,0.739,0.21,0.376,0.421,0.044,-0.015,0.502,0.877,-0.415,0.349,0.019,-0.128,0.811,-0.385,0.371,0.145,0.577,0.879,0.679,0.858,0.832,0.316,0.637,-0.584,-0.305,0.89,0.498,0.325,0.498,0.845,-0.265,0.603,0.728,0.807,-0.67,-0.485,0.886,0.779,0.641,0.073,0.77,0.105,-0.567,-0.498,0.588,-0.471,0.187,-0.366,0.61,-0.04,-0.294,0.828,-0.53,0.874,-0.435,0.829,0.921,0.817,0.83,0.854,0.565,0.63,-0.362,0.055,0.813,0.674,0.845,0.261,0.816,0.476,0.87,-0.181,-0.362,0.697,0.152,0.599,0.669,-0.588,-0.858,0.875,0.703,0.685,0.674,0.451,0.876,-0.002,0.074,0.688,0.7,0.495,0.646,0.841,0.746,0.813,0.642,0.809,-0.001,0.803,0.815,-0.601,0.807,0.726,-0.104,0.554,0.016,0.175,0.006,0.691,0.494,0.633,0.905,0.189,0.659,-0.285,0.407,-0.198,-0.483,0.862,-0.606,0.59,0.938,0.139,0.733,-0.486,0.783,0.827,0.884,0.41,0.524,-0.071,0.407,-0.214,0.372,0.068,0.901,0.867,0.877,0.158,0.866
ALGN,0.171,0.553,0.564,0.536,0.567,0.359,0.0,0.294,0.841,0.583,0.759,0.23,0.728,0.561,0.545,0.789,0.522,0.789,0.441,0.603,0.619,0.51,0.628,0.515,0.169,0.56,-0.183,0.618,0.837,0.684,0.395,0.624,-0.58,0.324,0.515,0.178,0.039,0.481,0.106,0.781,-0.343,0.315,0.398,0.636,0.532,0.724,0.321,0.619,0.369,0.128,0.177,0.512,0.609,0.427,0.39,0.421,0.369,0.308,0.485,0.093,0.197,-0.09,0.858,0.337,0.339,0.568,0.782,0.827,0.115,0.471,0.012,0.662,0.268,0.153,0.398,-0.159,0.308,0.438,0.27,0.453,0.458,0.364,0.708,0.157,-0.063,0.561,0.369,0.785,0.565,0.455,0.383,0.196,0.258,0.146,0.218,0.112,0.506,0.182,0.671,-0.068,0.137,0.276,0.069,0.313,0.365,0.704,0.45,0.815,0.358,0.58,0.707,0.582,0.319,0.312,0.286,0.543,0.371,0.447,0.336,0.522,0.509,0.572,0.665,0.349,0.179,0.34,0.32,0.302,0.658,0.417,0.154,0.075,0.499,0.549,0.149,0.459,0.816,0.64,-0.02,-0.003,0.551,0.625,0.422,0.427,0.767,0.057,0.706,0.493,0.133,0.329,0.511,0.671,0.53,0.465,0.461,0.661,0.518,0.519,0.216,0.189,0.106,0.566,0.498,0.68,0.47,0.401,0.76,0.701,0.694,0.579,-0.013,0.45,0.039,0.285,0.452,0.586,0.698,-0.418,0.142,0.319,0.765,0.479,0.624,0.554,0.025,0.437,0.462,0.391,0.172,0.449,0.497,0.042,0.123,0.561,0.772,0.486,0.434,0.36,0.753,0.353
ALLK,0.813,0.424,-0.385,0.72,0.798,0.872,0.294,0.0,0.581,0.696,0.265,0.92,0.041,0.787,-0.185,0.127,0.758,0.442,0.731,-0.199,0.161,-0.47,0.403,0.728,0.739,-0.481,0.613,-0.421,0.379,-0.148,-0.552,-0.002,-0.073,0.841,0.338,0.261,0.772,0.525,-0.602,0.148,0.436,-0.326,-0.343,0.771,0.855,0.509,-0.705,0.686,0.903,0.423,0.882,0.026,-0.435,0.875,0.719,-0.627,0.705,-0.704,0.156,0.796,-0.607,0.674,0.202,0.312,0.317,-0.085,-0.122,0.416,0.842,-0.387,0.161,-0.102,-0.293,0.889,-0.38,0.431,0.123,0.492,0.82,0.675,0.791,0.755,0.215,0.521,-0.515,-0.386,0.851,0.527,0.302,0.443,0.834,-0.409,0.657,0.734,0.688,-0.701,-0.507,0.843,0.742,0.623,-0.037,0.727,-0.089,-0.586,-0.579,0.443,-0.545,0.057,-0.499,0.437,-0.189,-0.361,0.845,-0.641,0.837,-0.493,0.754,0.827,0.701,0.755,0.822,0.505,0.513,-0.299,-0.033,0.761,0.558,0.795,0.23,0.681,0.379,0.767,-0.157,-0.461,0.662,-0.012,0.504,0.63,-0.54,-0.818,0.792,0.612,0.531,0.498,0.394,0.832,-0.111,0.002,0.662,0.584,0.316,0.526,0.838,0.792,0.708,0.715,0.789,-0.104,0.711,0.752,-0.682,0.638,0.644,-0.293,0.346,-0.078,0.21,0.007,0.711,0.358,0.681,0.831,0.101,0.593,-0.456,0.271,-0.329,-0.512,0.833,-0.631,0.407,0.862,0.046,0.545,-0.597,0.759,0.68,0.905,0.431,0.488,-0.215,0.304,-0.132,0.252,-0.025,0.777,0.855,0.794,0.035,0.805
AMD,0.525,0.647,0.327,0.823,0.809,0.673,0.841,0.581,0.0,0.667,0.813,0.558,0.53,0.809,0.483,0.764,0.694,0.847,0.51,0.393,0.613,0.21,0.632,0.729,0.417,0.209,-0.001,0.262,0.886,0.558,0.045,0.621,-0.37,0.534,0.648,0.174,0.236,0.472,-0.066,0.735,-0.042,-0.021,0.135,0.829,0.783,0.849,-0.018,0.842,0.632,0.198,0.459,0.318,0.318,0.664,0.638,0.154,0.599,-0.004,0.437,0.341,-0.097,0.32,0.716,0.38,0.552,0.439,0.593,0.867,0.494,0.092,0.223,0.518,0.275,0.472,0.093,-0.06,0.235,0.483,0.605,0.549,0.7,0.634,0.605,0.471,-0.29,0.265,0.707,0.7,0.457,0.628,0.608,0.161,0.38,0.368,0.586,-0.206,0.18,0.51,0.836,0.238,0.288,0.512,0.183,-0.057,0.109,0.873,0.15,0.757,0.076,0.698,0.493,0.36,0.528,0.081,0.626,0.279,0.682,0.706,0.646,0.728,0.75,0.73,0.869,0.039,0.344,0.619,0.57,0.591,0.675,0.727,0.44,0.466,0.19,0.292,0.384,0.55,0.86,0.716,-0.223,-0.368,0.813,0.847,0.69,0.572,0.711,0.435,0.594,0.335,0.382,0.606,0.649,0.728,0.806,0.705,0.669,0.738,0.689,0.54,0.575,0.509,-0.176,0.829,0.761,0.495,0.694,0.379,0.532,0.512,0.742,0.744,0.179,0.721,0.247,0.44,0.264,0.631,0.454,-0.461,0.421,-0.051,0.906,0.736,0.415,0.795,-0.162,0.621,0.739,0.628,0.348,0.59,0.328,0.332,-0.109,0.566,0.577,0.738,0.616,0.657,0.627,0.669
AMWD,0.514,0.412,-0.078,0.575,0.771,0.731,0.583,0.696,0.667,0.0,0.465,0.702,0.558,0.741,-0.042,0.451,0.693,0.78,0.795,0.271,0.546,-0.216,0.752,0.66,0.73,-0.022,0.362,0.064,0.551,0.062,-0.222,0.196,-0.525,0.826,0.364,0.414,0.738,0.798,-0.576,0.254,0.138,-0.132,0.066,0.832,0.751,0.439,-0.37,0.651,0.759,0.284,0.764,0.527,-0.026,0.759,0.49,-0.272,0.7,-0.348,0.585,0.673,-0.31,0.302,0.575,0.635,0.359,0.173,0.248,0.498,0.59,-0.101,0.078,0.245,-0.254,0.633,0.035,0.351,0.223,0.783,0.634,0.86,0.883,0.687,0.665,0.249,-0.499,-0.098,0.699,0.824,0.339,0.461,0.818,-0.356,0.682,0.793,0.42,-0.326,-0.152,0.745,0.853,0.429,-0.179,0.71,-0.127,-0.27,-0.394,0.507,-0.196,0.344,-0.041,0.635,0.282,-0.118,0.892,-0.406,0.694,-0.125,0.655,0.822,0.63,0.657,0.855,0.442,0.576,0.06,-0.199,0.773,0.498,0.642,0.503,0.671,0.085,0.525,0.329,-0.153,0.725,-0.011,0.624,0.911,-0.429,-0.594,0.726,0.612,0.557,0.67,0.688,0.508,0.134,0.418,0.341,0.573,0.242,0.793,0.756,0.586,0.817,0.681,0.905,-0.077,0.495,0.574,-0.291,0.651,0.481,0.12,0.385,-0.106,0.704,0.431,0.8,0.386,0.672,0.786,-0.102,0.815,-0.184,0.547,0.143,-0.58,0.813,-0.255,0.484,0.852,0.486,0.621,-0.52,0.823,0.64,0.886,0.358,0.369,0.106,0.128,0.05,0.676,0.522,0.826,0.887,0.724,0.517,0.58
ARDX,0.222,0.664,0.546,0.658,0.533,0.463,0.759,0.265,0.813,0.465,0.0,0.267,0.488,0.569,0.563,0.908,0.442,0.773,0.328,0.642,0.759,0.353,0.468,0.62,0.203,0.447,-0.231,0.456,0.876,0.576,0.258,0.758,-0.482,0.217,0.545,-0.013,0.034,0.307,0.232,0.767,-0.234,0.172,0.429,0.595,0.446,0.75,0.255,0.694,0.352,-0.145,0.173,0.343,0.502,0.397,0.457,0.341,0.362,0.252,0.463,0.074,0.201,0.103,0.595,0.29,0.367,0.56,0.777,0.727,0.241,0.164,0.227,0.732,0.413,0.071,0.11,-0.139,0.25,0.39,0.411,0.41,0.447,0.35,0.631,0.462,-0.164,0.442,0.421,0.512,0.402,0.426,0.336,0.364,0.194,0.086,0.519,0.024,0.406,0.228,0.654,0.002,0.349,0.379,0.21,0.27,0.399,0.813,0.433,0.839,0.257,0.646,0.729,0.577,0.273,0.415,0.32,0.459,0.425,0.491,0.582,0.502,0.474,0.645,0.781,-0.079,0.44,0.393,0.45,0.288,0.556,0.59,0.374,0.276,0.257,0.482,0.138,0.626,0.844,0.494,-0.277,-0.103,0.613,0.681,0.54,0.571,0.757,0.24,0.759,0.538,0.229,0.439,0.744,0.767,0.53,0.525,0.438,0.458,0.461,0.557,0.32,0.175,0.099,0.716,0.67,0.719,0.579,0.49,0.461,0.599,0.523,0.776,-0.044,0.483,0.233,0.333,0.552,0.502,0.664,-0.329,0.206,0.229,0.879,0.519,0.448,0.73,0.184,0.422,0.608,0.327,0.214,0.376,0.693,0.189,0.123,0.503,0.639,0.563,0.404,0.442,0.679,0.531
ARQT,0.841,0.462,-0.437,0.744,0.78,0.915,0.23,0.92,0.558,0.702,0.267,0.0,-0.042,0.804,-0.227,0.136,0.753,0.444,0.733,-0.19,0.206,-0.549,0.346,0.754,0.763,-0.532,0.556,-0.483,0.406,-0.2,-0.669,0.034,-0.074,0.794,0.366,0.164,0.773,0.426,-0.62,0.101,0.421,-0.366,-0.377,0.766,0.837,0.525,-0.751,0.705,0.926,0.285,0.897,-0.045,-0.472,0.877,0.727,-0.668,0.736,-0.754,0.154,0.806,-0.663,0.734,0.102,0.288,0.31,-0.139,-0.137,0.383,0.873,-0.535,0.244,-0.125,-0.279,0.88,-0.436,0.428,-0.01,0.482,0.857,0.655,0.807,0.781,0.161,0.569,-0.649,-0.447,0.885,0.488,0.267,0.454,0.874,-0.406,0.679,0.753,0.757,-0.757,-0.569,0.884,0.742,0.598,-0.018,0.696,-0.006,-0.611,-0.617,0.45,-0.577,0.024,-0.548,0.452,-0.187,-0.416,0.836,-0.656,0.859,-0.54,0.772,0.855,0.759,0.793,0.812,0.528,0.507,-0.404,-0.012,0.792,0.515,0.818,0.175,0.713,0.412,0.871,-0.224,-0.502,0.661,-0.019,0.507,0.618,-0.641,-0.9,0.831,0.632,0.561,0.553,0.32,0.884,-0.157,-0.06,0.681,0.641,0.348,0.534,0.81,0.731,0.732,0.699,0.753,-0.16,0.748,0.785,-0.701,0.671,0.682,-0.279,0.386,-0.127,0.147,-0.073,0.649,0.366,0.658,0.888,0.15,0.608,-0.482,0.26,-0.364,-0.507,0.862,-0.71,0.397,0.894,-0.033,0.584,-0.56,0.785,0.713,0.899,0.435,0.405,-0.198,0.324,-0.207,0.242,-0.05,0.807,0.856,0.853,0.002,0.852
ASTE,-0.106,0.185,0.532,0.159,0.368,0.087,0.728,0.041,0.53,0.558,0.488,-0.042,0.0,0.302,0.441,0.614,0.236,0.718,0.186,0.657,0.622,0.429,0.767,0.16,0.162,0.605,-0.151,0.738,0.462,0.548,0.535,0.347,-0.626,0.313,0.231,0.473,0.1,0.623,-0.03,0.457,-0.317,0.216,0.46,0.412,0.286,0.265,0.386,0.239,0.086,0.279,0.062,0.779,0.623,0.149,0.004,0.488,0.256,0.467,0.72,-0.011,0.328,-0.342,0.857,0.605,0.35,0.523,0.62,0.504,-0.098,0.546,-0.097,0.556,0.143,-0.005,0.67,-0.185,0.412,0.608,-0.011,0.459,0.398,0.173,0.76,-0.197,0.073,0.506,0.09,0.665,0.212,0.267,0.198,0.134,0.159,0.201,-0.174,0.387,0.534,0.068,0.445,-0.075,-0.065,0.212,-0.059,0.295,0.25,0.421,0.461,0.681,0.663,0.519,0.673,0.469,0.291,0.239,0.118,0.603,0.203,0.265,0.072,0.112,0.407,0.188,0.451,0.566,-0.062,0.3,0.272,0.082,0.684,0.276,-0.166,-0.223,0.731,0.527,0.289,0.174,0.434,0.669,0.281,0.165,0.209,0.367,0.334,0.332,0.697,-0.247,0.571,0.618,-0.168,0.19,0.087,0.524,0.302,0.101,0.411,0.295,0.483,0.337,0.011,0.043,0.384,0.295,0.072,0.562,0.308,0.2,0.872,0.796,0.526,0.363,0.146,0.169,-0.145,0.428,0.4,0.631,0.73,-0.303,0.112,0.448,0.458,0.248,0.779,0.362,-0.1,0.26,0.237,0.276,0.029,0.181,0.392,-0.035,0.132,0.796,0.903,0.317,0.27,0.074,0.793,-0.064
AUPH,0.824,0.498,-0.147,0.872,0.902,0.875,0.561,0.787,0.809,0.741,0.569,0.804,0.302,0.0,0.253,0.444,0.748,0.739,0.644,0.054,0.587,-0.273,0.554,0.714,0.753,-0.28,0.271,-0.089,0.689,0.147,-0.371,0.275,-0.188,0.744,0.663,0.184,0.545,0.511,-0.35,0.334,0.188,-0.282,-0.233,0.781,0.892,0.686,-0.415,0.769,0.869,0.313,0.745,0.204,-0.165,0.846,0.792,-0.278,0.83,-0.415,0.462,0.585,-0.328,0.671,0.372,0.528,0.634,0.025,0.234,0.667,0.822,-0.267,0.436,0.082,0.159,0.728,-0.102,0.032,0.158,0.625,0.814,0.578,0.885,0.845,0.374,0.585,-0.571,-0.17,0.905,0.608,0.418,0.701,0.865,0.022,0.519,0.612,0.751,-0.528,-0.301,0.833,0.877,0.523,0.237,0.643,0.329,-0.39,-0.327,0.668,-0.319,0.394,-0.157,0.793,0.188,-0.106,0.707,-0.318,0.89,-0.159,0.933,0.848,0.728,0.885,0.9,0.758,0.841,-0.238,0.22,0.889,0.756,0.87,0.507,0.847,0.598,0.766,-0.037,-0.101,0.692,0.375,0.698,0.719,-0.386,-0.771,0.933,0.882,0.851,0.65,0.451,0.752,0.169,0.212,0.598,0.853,0.62,0.673,0.915,0.626,0.853,0.733,0.756,0.153,0.885,0.863,-0.4,0.895,0.827,0.101,0.742,0.303,0.338,0.161,0.747,0.634,0.468,0.92,0.402,0.679,-0.202,0.679,0.05,-0.446,0.724,-0.433,0.759,0.906,0.313,0.887,-0.309,0.629,0.836,0.8,0.433,0.594,-0.039,0.556,-0.406,0.579,0.273,0.878,0.762,0.855,0.452,0.772
AVXL,-0.062,0.318,0.588,0.288,0.245,-0.062,0.545,-0.185,0.483,-0.042,0.563,-0.227,0.441,0.253,0.0,0.597,-0.053,0.493,-0.271,0.326,0.536,0.526,0.104,0.064,-0.062,0.416,-0.677,0.572,0.533,0.726,0.567,0.527,-0.057,-0.163,0.67,-0.239,-0.42,-0.084,0.691,0.495,-0.246,0.238,0.281,0.083,0.138,0.441,0.623,0.173,-0.09,-0.008,-0.381,0.313,0.586,-0.107,0.183,0.726,0.04,0.624,0.447,-0.486,0.589,-0.04,0.39,0.304,0.607,0.263,0.607,0.667,-0.041,0.404,0.503,0.33,0.896,-0.216,0.583,-0.76,0.346,0.103,0.012,-0.264,0.033,0.184,0.228,0.278,0.328,0.529,0.094,0.084,0.378,0.531,-0.052,0.865,-0.369,-0.422,0.191,0.324,0.498,-0.177,0.194,-0.113,0.724,-0.139,0.639,0.357,0.654,0.558,0.491,0.702,0.563,0.44,0.534,0.679,-0.334,0.658,0.073,0.71,0.263,-0.131,0.038,0.167,0.056,0.523,0.609,0.247,0.715,0.082,0.341,0.088,0.711,0.32,0.502,-0.099,0.09,0.815,-0.039,0.847,0.413,0.034,0.436,0.278,0.2,0.532,0.458,0.307,0.211,-0.103,0.658,0.444,-0.233,0.333,0.478,0.114,0.154,-0.104,0.03,0.181,-0.098,0.792,0.2,0.054,0.527,0.424,0.396,0.644,0.615,0.855,0.178,0.373,0.045,0.596,-0.42,0.034,0.6,0.016,0.548,0.631,0.663,0.323,-0.337,0.538,0.671,-0.069,0.466,0.46,0.586,-0.254,0.359,-0.214,0.195,0.24,0.401,0.443,-0.298,0.399,0.468,0.052,-0.207,0.056,0.56,-0.032
AZTA,0.06,0.623,0.722,0.515,0.463,0.333,0.789,0.127,0.764,0.451,0.908,0.136,0.614,0.444,0.597,0.0,0.367,0.79,0.268,0.75,0.783,0.464,0.57,0.526,0.12,0.621,-0.266,0.586,0.855,0.65,0.426,0.802,-0.611,0.126,0.496,0.078,-0.029,0.36,0.277,0.805,-0.338,0.252,0.633,0.563,0.32,0.658,0.398,0.605,0.26,-0.163,0.048,0.396,0.691,0.317,0.288,0.458,0.218,0.436,0.524,0.029,0.312,-0.11,0.665,0.327,0.311,0.672,0.824,0.709,0.061,0.307,0.163,0.793,0.4,-0.084,0.322,-0.163,0.347,0.426,0.205,0.385,0.335,0.245,0.662,0.279,-0.093,0.635,0.281,0.537,0.355,0.364,0.257,0.385,0.202,0.046,0.344,0.268,0.583,0.117,0.528,-0.099,0.262,0.34,0.198,0.352,0.495,0.771,0.609,0.932,0.426,0.646,0.811,0.724,0.212,0.51,0.164,0.638,0.287,0.401,0.485,0.35,0.374,0.496,0.727,0.114,0.409,0.287,0.371,0.132,0.574,0.526,0.195,0.12,0.45,0.627,0.08,0.582,0.801,0.542,-0.075,0.06,0.468,0.588,0.463,0.574,0.808,0.063,0.868,0.611,0.137,0.286,0.602,0.685,0.39,0.408,0.413,0.401,0.4,0.575,0.186,0.064,0.241,0.594,0.498,0.796,0.541,0.469,0.546,0.748,0.474,0.764,-0.096,0.321,0.142,0.317,0.675,0.506,0.806,-0.291,0.113,0.348,0.822,0.387,0.541,0.64,0.211,0.42,0.512,0.233,0.083,0.375,0.773,0.129,0.179,0.576,0.78,0.478,0.318,0.303,0.75,0.343
BAND,0.647,0.596,-0.042,0.769,0.666,0.701,0.522,0.758,0.694,0.693,0.442,0.753,0.236,0.748,-0.053,0.367,0.0,0.539,0.73,0.158,0.354,-0.136,0.543,0.794,0.406,-0.133,0.5,-0.065,0.663,0.15,-0.377,0.385,-0.28,0.576,0.34,0.142,0.505,0.454,-0.403,0.453,-0.083,-0.03,-0.11,0.789,0.764,0.676,-0.39,0.848,0.8,0.196,0.66,0.019,-0.047,0.802,0.654,-0.371,0.506,-0.405,0.155,0.722,-0.551,0.385,0.421,0.144,0.169,0.071,0.329,0.508,0.532,-0.205,-0.108,0.251,-0.218,0.626,-0.219,0.326,0.029,0.388,0.587,0.637,0.639,0.542,0.257,0.363,-0.589,-0.083,0.723,0.771,0.4,0.436,0.758,-0.343,0.801,0.578,0.526,-0.371,-0.112,0.639,0.81,0.192,-0.098,0.519,-0.146,-0.142,-0.268,0.511,-0.155,0.353,-0.417,0.481,0.223,-0.039,0.714,-0.294,0.612,-0.123,0.595,0.761,0.703,0.709,0.709,0.546,0.583,-0.265,0.019,0.673,0.354,0.56,0.231,0.573,0.227,0.551,0.152,-0.207,0.359,0.072,0.716,0.738,-0.468,-0.592,0.78,0.628,0.45,0.332,0.511,0.535,0.225,0.06,0.616,0.505,0.474,0.695,0.767,0.786,0.637,0.794,0.72,0.016,0.532,0.545,-0.569,0.572,0.688,0.052,0.318,-0.053,0.466,0.277,0.75,0.446,0.344,0.729,0.006,0.396,-0.165,0.213,0.043,-0.713,0.613,-0.413,0.501,0.811,0.042,0.579,-0.448,0.766,0.484,0.756,0.257,0.494,0.017,0.096,-0.003,0.282,0.265,0.661,0.739,0.625,0.343,0.735
BECN,0.372,0.509,0.338,0.678,0.759,0.573,0.789,0.442,0.847,0.78,0.773,0.444,0.718,0.739,0.493,0.79,0.539,0.0,0.494,0.517,0.826,0.172,0.752,0.59,0.549,0.267,-0.089,0.415,0.794,0.502,0.132,0.507,-0.531,0.571,0.619,0.275,0.348,0.583,-0.099,0.528,-0.109,-0.014,0.256,0.727,0.656,0.644,0.05,0.635,0.542,0.117,0.412,0.571,0.357,0.56,0.441,0.196,0.565,0.068,0.768,0.265,0.062,0.19,0.681,0.69,0.597,0.341,0.599,0.747,0.422,0.087,0.309,0.516,0.277,0.346,0.3,-0.1,0.277,0.739,0.497,0.619,0.738,0.561,0.729,0.333,-0.31,0.258,0.577,0.713,0.342,0.587,0.587,0.203,0.348,0.432,0.471,-0.093,0.207,0.511,0.801,0.22,0.197,0.551,0.217,0.017,0.059,0.742,0.192,0.752,0.328,0.848,0.589,0.332,0.561,0.075,0.569,0.347,0.647,0.644,0.595,0.581,0.738,0.603,0.847,0.107,0.26,0.681,0.593,0.514,0.766,0.713,0.302,0.373,0.353,0.329,0.535,0.444,0.78,0.792,-0.178,-0.335,0.715,0.807,0.746,0.706,0.749,0.339,0.538,0.579,0.201,0.608,0.473,0.75,0.701,0.474,0.737,0.592,0.692,0.38,0.505,0.46,0.036,0.782,0.591,0.542,0.689,0.345,0.685,0.619,0.695,0.689,0.315,0.638,0.201,0.692,0.226,0.765,0.562,-0.395,0.491,0.055,0.819,0.68,0.673,0.826,-0.114,0.571,0.7,0.599,0.321,0.398,0.418,0.321,-0.098,0.832,0.742,0.76,0.613,0.61,0.802,0.485
BFC,0.538,0.437,-0.173,0.516,0.623,0.697,0.441,0.731,0.51,0.795,0.328,0.733,0.186,0.644,-0.271,0.268,0.73,0.494,0.0,0.126,0.293,-0.268,0.484,0.639,0.589,-0.154,0.518,-0.143,0.476,-0.135,-0.405,0.126,-0.449,0.656,0.245,0.223,0.665,0.648,-0.553,0.236,0.076,-0.026,-0.009,0.706,0.638,0.43,-0.449,0.654,0.768,0.117,0.748,0.174,-0.183,0.795,0.543,-0.475,0.565,-0.506,0.187,0.718,-0.415,0.345,0.33,0.27,0.058,0.055,0.146,0.363,0.54,-0.171,-0.067,0.124,-0.404,0.587,-0.216,0.545,0.082,0.494,0.578,0.736,0.685,0.547,0.392,0.293,-0.562,-0.133,0.631,0.697,0.413,0.284,0.782,-0.494,0.716,0.696,0.449,-0.451,-0.241,0.686,0.699,0.348,-0.299,0.632,-0.223,-0.23,-0.417,0.314,-0.272,0.142,-0.325,0.416,0.129,-0.186,0.784,-0.436,0.563,-0.314,0.503,0.759,0.599,0.677,0.678,0.457,0.376,-0.126,-0.278,0.578,0.29,0.547,0.144,0.489,0.074,0.568,0.204,-0.318,0.504,-0.122,0.559,0.673,-0.599,-0.608,0.657,0.421,0.302,0.472,0.545,0.578,0.009,0.168,0.547,0.392,0.317,0.666,0.615,0.676,0.639,0.677,0.726,-0.247,0.433,0.494,-0.505,0.485,0.482,0.015,0.137,-0.157,0.486,0.213,0.733,0.264,0.536,0.706,-0.178,0.594,-0.307,0.211,-0.075,-0.642,0.751,-0.384,0.331,0.8,0.179,0.446,-0.45,0.777,0.486,0.793,0.177,0.414,0.023,0.008,0.142,0.29,0.21,0.668,0.836,0.685,0.269,0.625
BGC,-0.373,0.328,0.776,0.108,0.014,-0.074,0.603,-0.199,0.393,0.271,0.642,-0.19,0.657,0.054,0.326,0.75,0.158,0.517,0.126,0.0,0.639,0.58,0.566,0.196,-0.217,0.816,-0.227,0.73,0.536,0.452,0.527,0.594,-0.815,-0.11,-0.013,0.258,-0.152,0.28,0.235,0.658,-0.671,0.39,0.733,0.239,-0.087,0.349,0.549,0.244,-0.105,-0.363,-0.16,0.423,0.796,-0.014,-0.166,0.497,-0.098,0.593,0.422,-0.116,0.389,-0.562,0.581,0.17,-0.103,0.703,0.81,0.268,-0.368,0.386,-0.278,0.86,0.093,-0.43,0.465,-0.067,0.122,0.322,-0.231,0.366,0.024,-0.229,0.659,-0.241,-0.096,0.715,-0.182,0.479,0.045,-0.084,-0.056,0.181,0.144,-0.066,-0.158,0.519,0.771,-0.201,0.225,-0.528,-0.159,0.094,-0.146,0.582,0.522,0.322,0.797,0.767,0.543,0.373,0.871,0.696,0.051,0.559,-0.28,0.713,-0.179,0.101,0.134,-0.11,0.053,0.131,0.306,0.281,0.041,-0.011,-0.004,-0.299,0.258,0.03,-0.319,-0.319,0.801,0.6,-0.211,0.126,0.515,0.409,-0.016,0.341,0.058,0.138,0.046,0.181,0.686,-0.386,0.758,0.543,-0.028,-0.13,0.244,0.534,0.003,0.102,0.173,0.085,0.184,0.217,-0.294,-0.343,0.376,0.085,0.032,0.778,0.078,0.148,0.662,0.836,0.362,0.408,-0.18,-0.02,-0.274,0.131,0.694,0.202,0.848,-0.394,-0.095,0.476,0.387,0.084,0.542,0.233,0.19,0.236,0.011,-0.019,-0.262,0.016,0.853,-0.354,0.5,0.499,0.845,0.142,0.079,-0.096,0.665,-0.034
BHF,0.152,0.468,0.432,0.516,0.465,0.374,0.619,0.161,0.613,0.546,0.759,0.206,0.622,0.587,0.536,0.783,0.354,0.826,0.293,0.639,0.0,0.167,0.599,0.411,0.393,0.344,-0.216,0.539,0.717,0.42,0.226,0.565,-0.565,0.26,0.555,0.097,0.183,0.438,0.143,0.45,-0.303,0.144,0.38,0.451,0.354,0.491,0.257,0.466,0.341,-0.095,0.18,0.544,0.436,0.351,0.33,0.277,0.375,0.256,0.798,0.059,0.309,0.054,0.457,0.645,0.469,0.323,0.681,0.538,0.233,0.086,0.358,0.517,0.435,0.009,0.378,-0.25,0.268,0.688,0.298,0.391,0.499,0.368,0.591,0.284,-0.296,0.33,0.375,0.518,0.292,0.484,0.436,0.418,0.241,0.163,0.366,0.142,0.32,0.305,0.606,0.006,0.273,0.338,0.408,0.243,0.245,0.589,0.348,0.734,0.438,0.837,0.74,0.434,0.307,0.319,0.326,0.46,0.48,0.425,0.44,0.409,0.485,0.536,0.774,-0.035,0.336,0.565,0.527,0.3,0.585,0.601,0.308,0.232,0.422,0.448,0.373,0.486,0.679,0.574,-0.097,-0.169,0.533,0.668,0.66,0.649,0.601,0.17,0.602,0.703,0.138,0.56,0.574,0.695,0.463,0.207,0.568,0.344,0.423,0.285,0.376,0.286,0.303,0.637,0.505,0.631,0.599,0.481,0.549,0.608,0.463,0.71,0.122,0.447,0.306,0.611,0.359,0.689,0.665,-0.244,0.295,0.205,0.717,0.479,0.626,0.762,0.217,0.34,0.536,0.306,0.199,0.24,0.558,0.311,-0.065,0.797,0.712,0.556,0.368,0.404,0.817,0.306
BHFAL,-0.54,0.152,0.789,-0.162,-0.228,-0.474,0.51,-0.47,0.21,-0.216,0.353,-0.549,0.429,-0.273,0.526,0.464,-0.136,0.172,-0.268,0.58,0.167,0.0,0.105,-0.148,-0.583,0.812,-0.585,0.751,0.328,0.74,0.781,0.484,-0.348,-0.44,0.03,-0.03,-0.59,-0.101,0.594,0.6,-0.625,0.509,0.54,-0.124,-0.247,0.229,0.799,-0.032,-0.456,-0.193,-0.598,0.265,0.853,-0.405,-0.307,0.828,-0.369,0.761,0.097,-0.561,0.531,-0.67,0.488,-0.129,-0.067,0.477,0.667,0.277,-0.641,0.644,-0.299,0.668,0.36,-0.55,0.526,-0.33,0.06,-0.165,-0.467,-0.176,-0.399,-0.421,0.345,-0.294,0.429,0.734,-0.431,0.168,0.148,-0.112,-0.459,0.409,-0.346,-0.508,-0.383,0.571,0.869,-0.626,-0.089,-0.645,0.105,-0.395,-0.07,0.716,0.791,0.223,0.831,0.614,0.53,-0.064,0.613,0.789,-0.456,0.75,-0.5,0.836,-0.416,-0.354,-0.299,-0.264,-0.314,0.003,0.069,0.502,0.227,-0.44,-0.226,-0.481,0.275,-0.34,-0.229,-0.595,0.45,0.736,-0.533,0.329,0.236,-0.07,0.441,0.696,-0.251,-0.029,-0.223,-0.216,0.299,-0.635,0.671,0.314,-0.4,-0.369,0.052,0.015,-0.262,-0.109,-0.312,-0.035,-0.275,0.553,-0.5,-0.562,0.498,-0.181,-0.139,0.695,-0.01,0.307,0.374,0.543,0.0,0.116,-0.552,-0.386,-0.157,-0.392,0.749,0.063,0.752,0.033,-0.63,0.707,0.231,-0.37,0.283,-0.108,0.43,-0.229,-0.27,-0.422,-0.251,-0.114,0.567,-0.363,0.295,0.088,0.55,-0.319,-0.371,-0.411,0.389,-0.338
BKNG,0.243,0.191,0.255,0.409,0.588,0.439,0.628,0.403,0.632,0.752,0.468,0.346,0.767,0.554,0.104,0.57,0.543,0.752,0.484,0.566,0.599,0.105,0.0,0.391,0.414,0.308,0.291,0.346,0.512,0.24,0.078,0.256,-0.674,0.604,0.11,0.719,0.423,0.726,-0.434,0.398,-0.2,-0.183,0.278,0.658,0.492,0.334,-0.074,0.445,0.458,0.216,0.489,0.519,0.298,0.54,0.125,0.041,0.47,0.018,0.626,0.467,-0.135,-0.051,0.7,0.586,0.293,0.44,0.404,0.407,0.219,0.124,-0.13,0.512,-0.178,0.3,0.27,0.15,0.22,0.745,0.218,0.797,0.635,0.32,0.727,-0.134,-0.424,0.234,0.347,0.759,-0.006,0.252,0.467,-0.185,0.516,0.635,0.082,0.062,0.208,0.475,0.619,0.103,-0.307,0.608,-0.18,-0.082,-0.172,0.399,0.166,0.578,0.316,0.685,0.482,0.148,0.669,-0.131,0.38,0.238,0.405,0.641,0.431,0.284,0.667,0.18,0.534,0.279,-0.185,0.573,0.448,0.31,0.443,0.429,-0.187,0.137,0.638,0.098,0.479,-0.044,0.497,0.902,-0.103,-0.277,0.46,0.444,0.5,0.385,0.733,0.103,0.376,0.373,0.286,0.298,0.088,0.658,0.539,0.423,0.774,0.375,0.76,0.027,0.275,0.343,-0.112,0.439,0.196,0.305,0.385,-0.073,0.746,0.682,0.773,0.375,0.453,0.449,-0.21,0.616,0.155,0.554,0.466,-0.65,0.517,-0.092,0.485,0.595,0.657,0.54,-0.488,0.604,0.355,0.606,0.009,0.34,0.255,0.015,0.063,0.808,0.76,0.668,0.6,0.384,0.678,0.254
BL,0.621,0.731,0.07,0.818,0.685,0.781,0.515,0.728,0.729,0.66,0.62,0.754,0.16,0.714,0.064,0.526,0.794,0.59,0.639,0.196,0.411,-0.148,0.391,0.0,0.449,-0.082,0.278,-0.106,0.735,0.195,-0.257,0.533,-0.249,0.51,0.492,-0.034,0.486,0.36,-0.218,0.53,0.134,-0.013,0.056,0.845,0.74,0.77,-0.351,0.884,0.757,0.114,0.596,0.06,0.003,0.744,0.749,-0.298,0.522,-0.325,0.188,0.625,-0.367,0.434,0.353,0.154,0.212,0.206,0.333,0.609,0.61,-0.237,0.136,0.31,-0.032,0.552,-0.271,0.353,0.166,0.355,0.722,0.587,0.625,0.626,0.347,0.624,-0.447,-0.005,0.733,0.608,0.481,0.388,0.686,-0.159,0.666,0.478,0.739,-0.398,-0.083,0.581,0.744,0.299,0.166,0.531,0.011,-0.179,-0.099,0.703,-0.075,0.438,-0.361,0.457,0.257,0.097,0.65,-0.165,0.608,-0.096,0.599,0.753,0.804,0.747,0.657,0.63,0.637,-0.346,0.23,0.611,0.451,0.579,0.304,0.72,0.365,0.691,-0.017,-0.054,0.355,0.277,0.833,0.627,-0.55,-0.545,0.834,0.686,0.51,0.613,0.574,0.656,0.356,0.207,0.562,0.518,0.617,0.739,0.723,0.818,0.587,0.768,0.672,0.182,0.529,0.487,-0.434,0.719,0.798,0.14,0.427,0.11,0.321,0.242,0.611,0.641,0.323,0.755,0.143,0.427,0.005,0.233,0.055,-0.452,0.607,-0.293,0.609,0.781,0.102,0.66,-0.238,0.799,0.712,0.706,0.422,0.44,0.297,0.182,0.081,0.237,0.234,0.704,0.702,0.673,0.239,0.897
BOKF,0.696,0.187,-0.487,0.531,0.766,0.802,0.169,0.739,0.417,0.73,0.203,0.763,0.162,0.753,-0.062,0.12,0.406,0.549,0.589,-0.217,0.393,-0.583,0.414,0.449,0.0,-0.504,0.376,-0.331,0.224,-0.229,-0.454,-0.147,-0.066,0.848,0.465,0.267,0.83,0.578,-0.576,-0.173,0.572,-0.432,-0.316,0.6,0.722,0.217,-0.619,0.401,0.77,0.391,0.803,0.335,-0.487,0.723,0.574,-0.498,0.803,-0.626,0.548,0.59,-0.333,0.71,0.092,0.741,0.579,-0.215,-0.229,0.312,0.866,-0.404,0.544,-0.269,-0.076,0.776,-0.153,0.213,0.197,0.765,0.788,0.584,0.868,0.839,0.3,0.511,-0.443,-0.491,0.783,0.359,0.215,0.547,0.81,-0.169,0.412,0.736,0.627,-0.604,-0.617,0.876,0.643,0.79,0.099,0.724,0.233,-0.641,-0.645,0.36,-0.632,-0.021,-0.176,0.629,-0.172,-0.467,0.767,-0.631,0.869,-0.488,0.835,0.734,0.558,0.686,0.806,0.429,0.511,-0.199,-0.043,0.836,0.686,0.859,0.381,0.737,0.442,0.768,-0.167,-0.395,0.951,0.056,0.307,0.58,-0.414,-0.819,0.694,0.594,0.706,0.729,0.263,0.797,-0.26,0.255,0.384,0.755,0.202,0.462,0.71,0.393,0.794,0.462,0.71,-0.165,0.773,0.834,-0.34,0.691,0.488,-0.242,0.512,0.034,0.169,-0.059,0.52,0.315,0.8,0.796,0.288,0.882,-0.504,0.6,-0.273,-0.208,0.87,-0.517,0.371,0.772,0.341,0.634,-0.418,0.557,0.736,0.798,0.469,0.303,-0.261,0.54,-0.378,0.55,0.051,0.816,0.751,0.825,0.177,0.576
BRKR,-0.623,0.174,0.861,-0.197,-0.228,-0.395,0.56,-0.481,0.209,-0.022,0.447,-0.532,0.605,-0.28,0.416,0.621,-0.133,0.267,-0.154,0.816,0.344,0.812,0.308,-0.082,-0.504,0.0,-0.455,0.846,0.36,0.634,0.828,0.549,-0.595,-0.376,-0.065,0.108,-0.468,0.117,0.479,0.6,-0.633,0.575,0.797,-0.002,-0.299,0.145,0.797,0.003,-0.424,-0.235,-0.514,0.426,0.914,-0.309,-0.349,0.78,-0.355,0.834,0.227,-0.434,0.606,-0.77,0.619,-0.027,-0.183,0.754,0.747,0.25,-0.665,0.749,-0.364,0.796,0.204,-0.62,0.575,-0.221,0.225,0.014,-0.497,0.025,-0.301,-0.412,0.526,-0.366,0.386,0.853,-0.461,0.297,0.135,-0.172,-0.397,0.279,-0.179,-0.386,-0.446,0.747,0.921,-0.571,-0.071,-0.613,-0.059,-0.224,-0.161,0.754,0.755,0.198,0.909,0.664,0.641,0.044,0.789,0.824,-0.295,0.746,-0.543,0.843,-0.454,-0.237,-0.233,-0.304,-0.261,-0.075,0.035,0.546,0.039,-0.385,-0.248,-0.525,0.249,-0.246,-0.407,-0.629,0.705,0.767,-0.454,0.197,0.297,0.104,0.305,0.727,-0.254,-0.121,-0.233,-0.06,0.529,-0.679,0.748,0.471,-0.383,-0.397,0.075,0.241,-0.274,-0.099,-0.2,-0.055,-0.094,0.439,-0.567,-0.599,0.589,-0.157,-0.213,0.773,-0.087,0.193,0.547,0.734,0.076,0.182,-0.446,-0.364,-0.303,-0.23,0.833,0.082,0.864,-0.089,-0.479,0.779,0.214,-0.296,0.481,-0.102,0.362,-0.069,-0.241,-0.343,-0.31,-0.053,0.748,-0.437,0.523,0.233,0.734,-0.222,-0.251,-0.406,0.532,-0.345
CACC,0.479,-0.017,-0.493,0.165,0.297,0.476,-0.183,0.613,-0.001,0.362,-0.231,0.556,-0.151,0.271,-0.677,-0.266,0.5,-0.089,0.518,-0.227,-0.216,-0.585,0.291,0.278,0.376,-0.455,0.0,-0.522,-0.152,-0.57,-0.609,-0.319,-0.038,0.505,-0.313,0.446,0.634,0.387,-0.752,-0.163,0.278,-0.333,-0.292,0.357,0.299,-0.06,-0.722,0.254,0.535,0.286,0.687,-0.248,-0.56,0.602,0.223,-0.8,0.287,-0.678,-0.237,0.802,-0.718,0.334,-0.071,-0.052,-0.224,-0.1,-0.4,-0.239,0.392,-0.34,-0.298,-0.239,-0.728,0.528,-0.498,0.685,-0.014,0.211,0.289,0.525,0.356,0.211,-0.079,-0.0,-0.495,-0.413,0.33,0.251,-0.112,-0.099,0.449,-0.751,0.669,0.654,0.152,-0.379,-0.51,0.558,0.201,0.365,-0.58,0.541,-0.487,-0.513,-0.715,-0.171,-0.529,-0.344,-0.558,0.047,-0.377,-0.555,0.644,-0.717,0.337,-0.637,0.219,0.526,0.362,0.214,0.372,-0.116,-0.102,-0.299,-0.497,0.343,0.099,0.313,-0.378,0.162,-0.176,0.369,0.038,-0.718,0.34,-0.571,-0.029,0.387,-0.497,-0.56,0.244,-0.077,-0.02,-0.0,0.128,0.437,-0.388,-0.304,0.634,0.041,-0.105,0.225,0.308,0.472,0.403,0.206,0.516,-0.544,0.274,0.369,-0.704,0.016,0.04,-0.547,-0.205,-0.53,0.025,-0.142,0.409,-0.111,0.583,0.325,-0.35,0.272,-0.53,-0.237,-0.511,-0.608,0.64,-0.686,-0.179,0.472,-0.213,-0.012,-0.736,0.507,0.061,0.571,-0.143,0.298,-0.408,-0.084,0.096,-0.071,-0.25,0.366,0.548,0.312,-0.249,0.341
CAR,-0.491,0.184,0.793,-0.116,-0.129,-0.362,0.618,-0.421,0.262,0.064,0.456,-0.483,0.738,-0.089,0.572,0.586,-0.065,0.415,-0.143,0.73,0.539,0.751,0.346,-0.106,-0.331,0.846,-0.522,0.0,0.412,0.713,0.811,0.498,-0.55,-0.277,0.179,0.041,-0.402,0.183,0.507,0.514,-0.656,0.614,0.635,-0.031,-0.161,0.187,0.815,-0.021,-0.345,-0.076,-0.481,0.603,0.874,-0.261,-0.192,0.789,-0.189,0.804,0.471,-0.518,0.669,-0.64,0.629,0.219,0.057,0.538,0.81,0.338,-0.545,0.743,-0.172,0.651,0.408,-0.528,0.728,-0.423,0.231,0.188,-0.367,-0.024,-0.139,-0.262,0.542,-0.287,0.36,0.755,-0.323,0.372,0.26,0.049,-0.234,0.455,-0.208,-0.401,-0.39,0.67,0.854,-0.465,0.085,-0.514,0.082,-0.279,0.063,0.801,0.727,0.242,0.811,0.679,0.742,0.265,0.833,0.785,-0.275,0.726,-0.38,0.872,-0.232,-0.217,-0.26,-0.142,-0.135,0.106,0.225,0.512,0.099,-0.187,-0.111,-0.338,0.45,-0.123,-0.18,-0.545,0.686,0.803,-0.268,0.312,0.339,0.156,0.427,0.62,-0.102,0.112,-0.019,0.027,0.461,-0.597,0.714,0.576,-0.395,-0.134,0.179,0.277,-0.131,-0.184,-0.091,0.057,-0.07,0.457,-0.343,-0.413,0.684,-0.016,-0.088,0.782,0.07,0.412,0.653,0.734,0.126,0.259,-0.39,-0.249,-0.062,-0.059,0.688,0.345,0.901,-0.057,-0.436,0.8,0.326,-0.203,0.593,0.077,0.441,-0.153,-0.136,-0.28,-0.172,-0.04,0.609,-0.191,0.269,0.429,0.769,-0.147,-0.21,-0.32,0.732,-0.339
CDNA,0.382,0.729,0.484,0.766,0.618,0.524,0.837,0.379,0.886,0.551,0.876,0.406,0.462,0.689,0.533,0.855,0.663,0.794,0.476,0.536,0.717,0.328,0.512,0.735,0.224,0.36,-0.152,0.412,0.0,0.623,0.136,0.791,-0.455,0.273,0.65,-0.052,0.069,0.34,0.162,0.789,-0.307,0.191,0.316,0.707,0.588,0.861,0.169,0.818,0.515,-0.061,0.248,0.264,0.469,0.54,0.568,0.257,0.408,0.156,0.409,0.218,0.036,0.165,0.618,0.246,0.389,0.428,0.775,0.82,0.301,0.134,0.187,0.634,0.371,0.202,0.121,-0.112,0.184,0.374,0.44,0.417,0.49,0.451,0.539,0.468,-0.284,0.412,0.54,0.675,0.54,0.514,0.486,0.27,0.367,0.169,0.546,-0.039,0.355,0.326,0.744,-0.003,0.314,0.347,0.26,0.237,0.322,0.803,0.36,0.818,0.12,0.669,0.689,0.522,0.342,0.319,0.414,0.423,0.507,0.569,0.634,0.653,0.536,0.732,0.814,-0.076,0.426,0.483,0.437,0.379,0.56,0.627,0.389,0.377,0.245,0.432,0.159,0.616,0.932,0.599,-0.237,-0.215,0.734,0.77,0.591,0.532,0.684,0.305,0.716,0.411,0.316,0.499,0.768,0.751,0.636,0.594,0.511,0.678,0.502,0.508,0.425,0.327,-0.049,0.746,0.763,0.645,0.632,0.466,0.52,0.536,0.614,0.758,-0.046,0.582,0.267,0.326,0.417,0.505,0.588,-0.4,0.256,0.1,0.876,0.607,0.383,0.766,0.111,0.53,0.62,0.417,0.252,0.496,0.545,0.225,-0.007,0.479,0.599,0.594,0.472,0.518,0.693,0.608
CG,-0.13,0.427,0.68,0.266,0.163,-0.065,0.684,-0.148,0.558,0.062,0.576,-0.2,0.548,0.147,0.726,0.65,0.15,0.502,-0.135,0.452,0.42,0.74,0.24,0.195,-0.229,0.634,-0.57,0.713,0.623,0.0,0.66,0.644,-0.198,-0.138,0.446,-0.108,-0.377,0.018,0.522,0.657,-0.393,0.37,0.345,0.208,0.193,0.499,0.597,0.302,-0.108,0.067,-0.343,0.371,0.749,-0.079,0.097,0.749,-0.007,0.591,0.337,-0.395,0.395,-0.266,0.617,0.124,0.326,0.423,0.723,0.652,-0.239,0.547,0.022,0.624,0.567,-0.176,0.451,-0.444,0.164,0.085,-0.044,-0.041,-0.0,0.024,0.439,0.131,0.387,0.596,0.004,0.345,0.361,0.276,-0.13,0.502,-0.239,-0.318,0.012,0.31,0.673,-0.281,0.284,-0.299,0.42,-0.181,0.214,0.552,0.676,0.585,0.631,0.756,0.461,0.293,0.623,0.728,-0.202,0.617,-0.047,0.758,0.05,-0.005,0.024,0.139,0.066,0.349,0.463,0.303,0.441,-0.013,0.157,-0.056,0.6,0.131,0.189,-0.22,0.214,0.722,-0.197,0.612,0.522,0.179,0.377,0.378,0.18,0.42,0.251,0.095,0.414,-0.264,0.721,0.374,-0.264,0.081,0.37,0.277,0.174,0.135,0.017,0.298,0.032,0.806,-0.033,-0.126,0.388,0.293,0.266,0.695,0.415,0.474,0.428,0.506,0.176,0.419,-0.371,-0.011,0.179,-0.119,0.661,0.372,0.72,0.002,-0.339,0.554,0.591,-0.013,0.366,0.311,0.33,0.012,0.165,-0.103,0.094,0.114,0.464,0.028,0.006,0.3,0.579,0.045,-0.097,-0.075,0.571,0.026
CGBD,-0.658,0.036,0.767,-0.337,-0.302,-0.536,0.395,-0.552,0.045,-0.222,0.258,-0.669,0.535,-0.371,0.567,0.426,-0.377,0.132,-0.405,0.527,0.226,0.781,0.078,-0.257,-0.454,0.828,-0.609,0.811,0.136,0.66,0.0,0.384,-0.283,-0.445,0.076,-0.042,-0.52,-0.002,0.644,0.412,-0.39,0.577,0.673,-0.202,-0.346,-0.017,0.854,-0.234,-0.561,-0.01,-0.679,0.491,0.822,-0.478,-0.34,0.855,-0.393,0.871,0.272,-0.664,0.787,-0.69,0.476,0.088,-0.01,0.518,0.558,0.207,-0.643,0.81,-0.119,0.494,0.445,-0.62,0.694,-0.431,0.359,-0.045,-0.496,-0.268,-0.397,-0.358,0.371,-0.272,0.699,0.721,-0.503,0.043,0.197,-0.117,-0.503,0.518,-0.47,-0.568,-0.458,0.748,0.828,-0.675,-0.236,-0.443,0.223,-0.418,0.05,0.693,0.791,0.164,0.784,0.531,0.696,-0.051,0.588,0.779,-0.504,0.758,-0.533,0.829,-0.418,-0.454,-0.449,-0.349,-0.373,-0.086,-0.011,0.598,0.192,-0.457,-0.177,-0.474,0.352,-0.273,-0.205,-0.668,0.488,0.823,-0.374,0.323,0.1,-0.138,0.584,0.814,-0.366,-0.132,-0.213,-0.054,0.271,-0.668,0.624,0.531,-0.59,-0.355,-0.016,-0.026,-0.372,-0.3,-0.347,-0.16,-0.3,0.556,-0.52,-0.572,0.78,-0.208,-0.269,0.622,-0.039,0.409,0.347,0.554,-0.155,0.137,-0.469,-0.488,-0.047,-0.264,0.725,0.187,0.733,0.302,-0.632,0.89,0.121,-0.496,0.48,-0.176,0.543,-0.351,-0.246,-0.497,-0.199,-0.181,0.548,-0.225,0.283,0.168,0.554,-0.376,-0.458,-0.5,0.38,-0.479
