,ACET,ADAP,ADI,ADPT,ADTN,AGEN,ALGN,ALLK,AMD,AMWD,ARDX,ARQT,ASTE,AUPH,AVXL,AZTA,BAND,BECN,BFC,BGC,BHF,BHFAL,BKNG,BL,BOKF,BRKR,CACC,CAR,CDNA,CG,CGBD,CHI,CHTR,CHX,CLNE,CME,CNOB,CNXN,CPRX,CSGP,CSGS,CSIQ,CVCO,CVLT,CYRX,DDOG,DOOO,DSGX,DTIL,ECPG,EEFT,EFSC,ENTG,ESPR,ETSY,EXC,FAMI,FFIV,FITB,FIZZ,FMBH,FOX,FTNT,FULT,GABC,GEN,GH,GMAB,GNPX,GO,GOGL,GOOG,GPRO,GSHD,GSM,GWAV,HAIN,HBAN,HEPA,HURN,HWKN,IBIO,ICFI,IGMS,IMKTA,INCY,INO,IRDM,IRTC,IRWD,ITCI,JACK,JD,JJSF,KALA,KHC,KLAC,KRRO,KRYS,LANC,LBTYA,LIVN,LKCO,LNTH,LOGI,LPRO,LRCX,LSCC,LSTR,MAR,MARA,MCHP,MEOH,META,MGTX,MKSI,MMYT,MORN,MRUS,MTLS,MTSI,MVIS,MXL,NBIX,NFE,NMIH,NMRK,NNDM,NSIT,NTCT,NVAX,OCUL,ODP,OLED,ONB,OTEX,PACB,PATK,PAYX,PEP,PERI,PI,PLYA,PRDO,PRGS,PTGX,QCOM,QCRH,QDEL,QFIN,RGEN,RILY,RPAY,RPD,SABR,SEDG,SHEN,SIRI,SLNO,SNDL,SNEX,SONO,SPT,SSNC,STGW,STKL,STRL,STX,SWTX,SYNA,TFSL,TIGR,TNXP,TOWN,TRI,TRIP,TRMB,TRNS,TRS,TSCO,TSEM,TVTX,TXRH,VC,VCEL,VECO,VIAV,VICR,VIR,VRTX,VSTM,VTRS,WDFC,WSBC,WSC,WYNN,XENE,XNCR,XRAY,ZS
ACET,0.0,0.779,0.187,0.583,-0.504,-0.081,0.567,0.758,0.642,0.34,0.072,0.501,0.607,0.11,0.384,0.465,0.767,-0.134,0.537,-0.094,-0.383,0.047,0.741,0.811,-0.252,0.344,-0.338,0.396,0.424,0.038,0.691,0.344,-0.238,-0.56,0.626,-0.507,0.325,-0.056,-0.206,0.609,0.548,0.661,0.045,0.115,0.356,0.065,0.401,0.735,-0.009,-0.338,0.152,0.265,0.425,0.46,0.772,0.171,0.778,0.323,-0.499,0.283,0.509,-0.393,0.13,-0.129,0.546,-0.392,0.782,-0.178,0.63,0.415,0.293,0.433,0.421,0.531,-0.03,-0.507,0.446,-0.347,0.558,0.564,0.409,-0.191,0.177,-0.102,0.13,0.506,0.045,0.339,-0.131,-0.092,-0.386,0.402,0.747,-0.3,0.708,-0.481,0.436,0.448,0.8,0.083,-0.374,0.125,0.393,0.553,0.234,0.601,0.339,0.33,0.07,0.558,0.626,0.265,-0.023,0.359,0.506,0.25,0.469,0.466,-0.164,0.678,0.416,0.05,0.391,-0.002,0.544,0.707,-0.683,0.405,0.215,-0.275,0.787,0.523,-0.021,0.711,0.14,0.506,0.614,0.246,0.107,-0.132,0.74,0.439,-0.063,0.128,0.083,-0.044,0.673,0.574,-0.537,0.155,0.802,-0.515,0.121,0.008,0.492,0.417,-0.437,0.34,0.728,0.25,-0.428,0.605,0.252,0.404,-0.257,0.098,-0.129,-0.079,-0.019,0.717,-0.516,0.255,0.462,-0.225,-0.091,0.479,0.675,0.257,-0.028,0.296,0.673,0.592,0.653,0.18,0.73,0.241,-0.03,0.573,0.598,0.42,-0.033,-0.661,0.277,-0.382,0.611,0.172,0.427,0.781,0.435,0.194
ADAP,0.779,0.0,0.1,0.638,-0.506,0.089,0.458,0.825,0.561,0.039,0.3,0.336,0.604,0.421,0.589,0.383,0.625,-0.332,0.427,-0.062,-0.373,-0.018,0.652,0.764,-0.26,0.119,-0.23,0.515,0.414,-0.159,0.712,0.194,-0.443,-0.421,0.604,-0.38,0.235,0.023,-0.044,0.487,0.391,0.591,0.105,0.183,0.153,0.165,0.23,0.594,0.131,-0.233,0.226,0.03,0.293,0.381,0.839,0.17,0.85,0.209,-0.522,0.288,0.497,-0.621,0.098,-0.219,0.486,-0.209,0.707,-0.118,0.753,0.233,0.227,0.333,0.423,0.418,0.166,-0.515,0.578,-0.351,0.784,0.503,0.21,-0.491,0.07,0.035,-0.115,0.437,0.183,0.243,-0.308,0.019,-0.297,0.168,0.626,-0.2,0.798,-0.555,0.274,0.397,0.769,-0.091,-0.474,0.016,0.366,0.592,0.271,0.576,0.262,0.309,0.012,0.512,0.565,0.2,-0.068,0.368,0.433,0.21,0.54,0.279,0.195,0.678,0.358,0.23,0.384,0.15,0.613,0.804,-0.7,0.557,0.336,-0.144,0.71,0.459,0.028,0.651,0.056,0.396,0.657,0.053,-0.057,-0.239,0.664,0.423,-0.065,0.322,0.164,0.02,0.57,0.383,-0.469,0.259,0.757,-0.559,0.143,0.17,0.611,0.478,-0.434,0.276,0.688,0.456,-0.331,0.572,0.327,0.371,-0.248,0.232,-0.19,0.138,0.095,0.663,-0.359,0.443,0.598,-0.279,-0.184,0.42,0.624,0.254,-0.212,0.09,0.5,0.503,0.595,0.031,0.817,0.2,-0.034,0.496,0.711,0.338,0.039,-0.551,0.441,-0.427,0.496,0.254,0.37,0.856,0.273,0.315
ADI,0.187,0.1,0.0,0.633,0.363,0.612,0.82,0.079,0.692,-0.446,0.658,-0.173,-0.395,0.599,0.606,0.806,0.257,-0.382,-0.111,0.505,-0.269,0.521,0.559,0.113,0.298,0.755,0.71,0.235,0.869,0.154,0.119,0.337,0.469,0.339,-0.2,0.289,0.006,0.741,0.449,0.661,-0.321,0.681,0.72,0.877,0.266,0.765,-0.24,-0.021,0.711,0.719,0.718,-0.098,0.856,-0.449,0.028,0.445,0.377,0.877,0.033,0.589,0.277,-0.11,0.95,-0.413,-0.076,0.408,0.182,0.8,0.611,-0.22,0.702,0.856,0.718,-0.109,0.525,0.457,-0.084,0.037,0.226,-0.152,0.18,0.207,-0.567,0.496,-0.253,0.349,0.77,0.669,-0.218,0.423,0.408,-0.333,0.406,0.63,-0.11,0.436,0.894,-0.305,-0.008,-0.036,-0.438,-0.141,0.309,0.266,0.894,0.549,0.932,0.937,-0.635,0.306,0.003,0.957,-0.589,0.835,0.505,0.913,0.761,-0.359,-0.49,0.524,0.873,0.499,0.9,0.659,0.646,0.101,0.084,0.579,0.643,0.645,0.157,-0.291,0.078,0.558,-0.211,0.29,0.678,-0.441,0.784,0.628,0.61,0.811,-0.481,0.282,0.74,0.794,0.551,0.283,0.36,0.854,0.205,0.114,0.528,0.606,0.314,0.804,0.38,0.74,0.002,0.49,0.004,0.333,0.702,0.556,-0.188,0.474,0.064,0.305,0.785,0.215,0.203,0.697,0.686,-0.171,0.698,-0.15,0.405,0.778,-0.174,-0.29,0.498,-0.443,-0.003,0.143,0.363,0.856,0.813,0.836,0.431,-0.593,0.837,-0.074,0.085,0.144,0.7,0.796,0.757,-0.08,-0.072,0.742
ADPT,0.583,0.638,0.633,0.0,-0.129,0.395,0.857,0.727,0.799,-0.3,0.666,0.082,0.242,0.737,0.771,0.826,0.579,-0.458,0.308,0.356,-0.428,0.277,0.804,0.596,-0.039,0.482,0.267,0.635,0.845,-0.004,0.441,0.33,-0.006,-0.055,0.294,-0.029,0.101,0.489,0.251,0.635,0.06,0.772,0.594,0.712,0.239,0.613,-0.041,0.366,0.568,0.315,0.656,0.001,0.778,0.057,0.529,0.361,0.777,0.669,-0.338,0.692,0.546,-0.469,0.601,-0.406,0.304,0.165,0.592,0.44,0.811,-0.031,0.406,0.787,0.818,0.218,0.479,-0.093,0.484,-0.215,0.612,0.216,0.326,-0.291,-0.351,0.432,-0.281,0.656,0.614,0.712,-0.255,0.239,0.066,-0.213,0.598,0.362,0.515,-0.1,0.766,0.031,0.561,-0.096,-0.507,0.116,0.542,0.583,0.722,0.776,0.793,0.782,-0.447,0.637,0.382,0.756,-0.433,0.879,0.695,0.689,0.824,-0.027,-0.154,0.822,0.763,0.56,0.82,0.593,0.772,0.594,-0.4,0.788,0.617,0.382,0.605,0.187,0.049,0.728,-0.13,0.377,0.927,-0.244,0.398,0.264,0.794,0.782,-0.307,0.357,0.641,0.498,0.791,0.494,-0.125,0.709,0.634,-0.261,0.486,0.544,0.729,0.815,-0.025,0.706,0.401,0.658,-0.197,0.655,0.845,0.655,-0.375,0.498,-0.145,0.306,0.595,0.625,-0.05,0.817,0.83,-0.221,0.265,0.208,0.657,0.501,-0.207,-0.167,0.576,0.049,0.402,0.232,0.822,0.768,0.527,0.857,0.792,-0.154,0.572,-0.407,0.449,-0.204,0.778,0.666,0.641,0.531,0.013,0.75
ADTN,-0.504,-0.506,0.363,-0.129,0.0,0.645,0.117,-0.451,-0.231,-0.491,0.396,-0.735,-0.49,0.17,-0.031,0.095,-0.497,-0.026,-0.228,0.255,0.369,0.183,-0.305,-0.572,0.576,0.132,0.728,0.034,0.099,-0.063,-0.296,-0.334,0.741,0.876,-0.866,0.786,-0.037,0.509,0.758,-0.043,-0.661,-0.22,0.481,0.354,-0.44,0.564,-0.654,-0.759,0.576,0.707,0.522,-0.287,0.147,-0.44,-0.613,0.587,-0.409,0.368,0.667,-0.061,-0.186,0.354,0.414,0.159,-0.698,0.754,-0.712,0.73,-0.133,-0.649,0.461,0.092,-0.053,-0.739,0.494,0.755,-0.218,0.543,-0.198,-0.608,-0.376,0.215,-0.457,0.618,-0.391,0.034,0.545,0.143,0.304,0.701,0.83,-0.533,-0.564,0.734,-0.71,0.896,0.104,-0.737,-0.685,0.1,0.381,-0.32,-0.516,-0.425,0.195,-0.381,0.218,0.242,-0.503,-0.391,-0.749,0.343,-0.385,0.137,-0.071,0.449,0.047,-0.779,0.024,-0.336,0.088,0.155,0.155,0.551,0.123,-0.607,0.894,-0.179,0.354,0.769,-0.613,-0.801,-0.159,-0.407,-0.021,-0.272,-0.079,-0.511,0.42,0.734,-0.305,-0.013,-0.021,0.356,0.442,0.625,-0.317,-0.387,0.861,0.421,-0.677,0.822,0.515,0.501,0.022,0.257,0.837,0.014,-0.725,-0.026,0.708,-0.571,0.18,0.363,0.465,0.444,0.007,0.598,0.624,-0.644,0.815,0.023,-0.057,0.37,0.298,-0.689,-0.401,0.399,0.16,-0.558,-0.374,-0.886,-0.676,-0.38,-0.49,0.337,0.686,-0.059,-0.039,-0.353,0.472,0.812,-0.053,0.671,-0.185,0.326,0.034,-0.475,0.0,0.102
AGEN,-0.081,0.089,0.612,0.395,0.645,0.0,0.465,0.013,0.163,-0.814,0.721,-0.745,-0.36,0.723,0.473,0.38,-0.231,-0.598,-0.173,0.168,0.004,0.171,0.059,-0.25,0.34,0.193,0.813,0.264,0.493,-0.401,0.061,-0.313,0.362,0.697,-0.643,0.701,-0.076,0.722,0.906,0.214,-0.707,0.14,0.559,0.666,-0.403,0.881,-0.74,-0.568,0.871,0.753,0.73,-0.546,0.362,-0.521,-0.143,0.798,0.182,0.531,0.189,0.075,0.026,-0.237,0.653,-0.266,-0.593,0.853,-0.348,0.864,0.488,-0.726,0.771,0.358,0.251,-0.666,0.733,0.611,0.066,0.174,0.321,-0.47,-0.453,-0.227,-0.615,0.641,-0.682,0.181,0.826,0.281,-0.24,0.891,0.787,-0.75,-0.182,0.717,-0.313,0.658,0.377,-0.713,-0.361,-0.161,-0.132,-0.464,-0.292,-0.121,0.532,-0.009,0.502,0.587,-0.811,-0.209,-0.556,0.604,-0.677,0.482,0.115,0.738,0.498,-0.857,0.232,0.092,0.391,0.469,0.516,0.815,0.609,-0.132,0.458,0.217,0.663,0.818,-0.278,-0.741,-0.204,0.05,-0.171,-0.247,0.409,-0.78,0.464,0.611,0.096,0.333,-0.452,0.545,0.578,0.89,0.011,-0.313,0.579,0.818,-0.266,0.395,0.777,0.761,0.301,0.692,0.653,0.223,-0.427,0.325,0.615,-0.261,0.464,0.574,0.351,0.802,-0.148,0.743,0.873,-0.333,0.718,0.464,0.518,0.022,0.252,-0.635,-0.117,0.806,-0.264,-0.787,-0.141,-0.732,-0.492,-0.558,0.018,0.567,0.802,0.341,0.488,-0.391,0.726,0.517,0.093,0.383,0.18,0.595,0.404,-0.031,-0.083,0.428
ALGN,0.567,0.458,0.82,0.857,0.117,0.465,0.0,0.526,0.814,-0.218,0.605,0.057,0.069,0.567,0.707,0.89,0.576,-0.326,0.249,0.404,-0.325,0.453,0.787,0.491,0.171,0.693,0.43,0.512,0.917,0.15,0.448,0.403,0.258,0.091,0.133,0.037,0.207,0.586,0.331,0.748,-0.001,0.824,0.67,0.77,0.336,0.663,-0.045,0.299,0.611,0.443,0.722,0.084,0.915,-0.078,0.365,0.474,0.669,0.854,-0.143,0.665,0.545,-0.253,0.783,-0.295,0.218,0.195,0.495,0.576,0.762,-0.026,0.64,0.896,0.832,0.143,0.529,0.072,0.289,-0.062,0.455,0.157,0.373,0.01,-0.373,0.437,-0.174,0.62,0.707,0.782,-0.132,0.331,0.191,-0.149,0.59,0.443,0.279,0.142,0.903,-0.075,0.409,0.002,-0.43,-0.008,0.445,0.491,0.805,0.747,0.913,0.891,-0.463,0.578,0.284,0.884,-0.413,0.889,0.71,0.846,0.818,-0.092,-0.35,0.757,0.861,0.491,0.908,0.598,0.811,0.427,-0.187,0.705,0.66,0.472,0.506,0.035,0.088,0.743,-0.056,0.484,0.874,-0.222,0.645,0.444,0.831,0.875,-0.292,0.375,0.727,0.625,0.802,0.533,0.077,0.758,0.534,-0.051,0.528,0.533,0.617,0.849,0.16,0.762,0.309,0.539,-0.145,0.585,0.812,0.712,-0.263,0.484,-0.001,0.321,0.694,0.526,0.01,0.701,0.78,-0.107,0.468,0.105,0.639,0.644,-0.054,-0.122,0.687,-0.1,0.316,0.24,0.667,0.85,0.666,0.909,0.704,-0.21,0.654,-0.307,0.316,-0.006,0.836,0.742,0.757,0.378,0.159,0.701
ALLK,0.758,0.825,0.079,0.727,-0.451,0.013,0.526,0.0,0.572,0.076,0.309,0.336,0.704,0.386,0.535,0.48,0.618,-0.224,0.561,0.057,-0.386,-0.018,0.702,0.838,-0.269,0.158,-0.229,0.62,0.43,-0.088,0.551,0.211,-0.308,-0.37,0.599,-0.299,0.207,-0.029,-0.068,0.486,0.402,0.584,0.179,0.224,0.143,0.191,0.227,0.583,0.179,-0.255,0.329,0.129,0.384,0.509,0.801,0.122,0.799,0.246,-0.46,0.449,0.542,-0.558,0.079,-0.186,0.518,-0.167,0.711,-0.104,0.632,0.199,0.099,0.382,0.503,0.43,0.204,-0.489,0.557,-0.312,0.67,0.46,0.366,-0.425,0.032,0.2,-0.135,0.609,0.177,0.388,-0.09,-0.02,-0.243,0.141,0.557,-0.093,0.836,-0.498,0.33,0.372,0.791,-0.087,-0.398,0.236,0.417,0.614,0.242,0.594,0.317,0.297,-0.017,0.645,0.556,0.255,-0.093,0.457,0.574,0.193,0.529,0.321,0.079,0.718,0.374,0.293,0.41,0.224,0.548,0.771,-0.638,0.577,0.379,-0.044,0.713,0.537,0.024,0.564,0.024,0.396,0.715,0.078,-0.071,-0.135,0.649,0.436,0.05,0.254,0.238,0.03,0.618,0.484,-0.439,0.234,0.753,-0.407,0.253,0.261,0.735,0.473,-0.401,0.373,0.645,0.504,-0.278,0.615,0.502,0.431,-0.358,0.231,-0.229,0.105,0.133,0.692,-0.276,0.479,0.566,-0.19,-0.146,0.475,0.659,0.1,-0.134,0.105,0.488,0.459,0.603,0.195,0.82,0.321,0.042,0.496,0.719,0.352,0.074,-0.523,0.577,-0.396,0.492,0.292,0.293,0.834,0.26,0.393
AMD,0.642,0.561,0.692,0.799,-0.231,0.163,0.814,0.572,0.0,-0.011,0.48,0.425,0.15,0.443,0.734,0.872,0.797,-0.214,0.212,0.447,-0.402,0.458,0.862,0.705,-0.019,0.671,0.158,0.413,0.821,0.301,0.497,0.658,-0.028,-0.237,0.452,-0.311,0.131,0.29,-0.073,0.849,0.225,0.937,0.506,0.593,0.612,0.399,0.336,0.607,0.305,0.174,0.426,0.199,0.836,0.054,0.572,0.102,0.749,0.698,-0.337,0.765,0.499,-0.241,0.659,-0.375,0.48,-0.17,0.745,0.275,0.747,0.313,0.391,0.824,0.819,0.517,0.319,-0.138,0.205,-0.183,0.58,0.342,0.539,0.083,-0.236,0.245,0.048,0.476,0.508,0.699,-0.172,-0.076,-0.153,0.163,0.863,0.12,0.544,-0.248,0.814,0.361,0.618,-0.033,-0.565,0.186,0.667,0.683,0.77,0.884,0.792,0.808,-0.162,0.699,0.618,0.743,-0.223,0.757,0.741,0.634,0.798,0.249,-0.447,0.883,0.894,0.504,0.84,0.307,0.6,0.581,-0.502,0.818,0.464,0.173,0.749,0.387,0.192,0.879,-0.112,0.686,0.882,0.029,0.423,0.123,0.927,0.84,-0.146,0.167,0.518,0.311,0.867,0.609,-0.155,0.535,0.755,-0.352,0.169,0.289,0.54,0.69,-0.258,0.77,0.635,0.684,-0.473,0.771,0.663,0.44,-0.505,0.118,0.045,-0.005,0.405,0.748,-0.356,0.728,0.776,-0.338,0.472,0.459,0.782,0.441,-0.139,0.182,0.837,0.194,0.595,0.483,0.799,0.678,0.359,0.923,0.544,-0.166,0.436,-0.634,0.285,-0.302,0.875,0.609,0.707,0.409,0.153,0.723
AMWD,0.34,0.039,-0.446,-0.3,-0.491,-0.814,-0.218,0.076,-0.011,0.0,-0.68,0.773,0.398,-0.766,-0.398,-0.199,0.415,0.708,0.359,-0.19,0.006,-0.094,0.107,0.38,-0.217,-0.027,-0.746,-0.116,-0.31,0.509,0.199,0.404,-0.238,-0.653,0.61,-0.749,0.216,-0.616,-0.787,0.042,0.767,0.047,-0.415,-0.612,0.456,-0.748,0.782,0.654,-0.806,-0.709,-0.604,0.595,-0.14,0.509,0.253,-0.514,-0.053,-0.266,-0.079,-0.081,0.044,0.262,-0.47,0.348,0.607,-0.868,0.428,-0.73,-0.315,0.801,-0.435,-0.148,-0.147,0.674,-0.588,-0.589,0.052,-0.031,-0.213,0.548,0.48,0.313,0.658,-0.566,0.743,-0.073,-0.651,-0.166,0.305,-0.715,-0.744,0.881,0.31,-0.717,0.305,-0.524,-0.185,0.679,0.464,0.33,0.147,0.278,0.191,0.09,-0.405,0.093,-0.334,-0.396,0.783,0.284,0.585,-0.443,0.667,-0.388,0.072,-0.507,-0.364,0.842,-0.277,0.019,-0.238,-0.435,-0.355,-0.739,-0.368,0.175,-0.409,-0.187,-0.513,-0.75,0.428,0.658,0.199,0.137,0.298,0.429,-0.271,0.844,-0.25,-0.416,0.12,-0.195,0.509,-0.465,-0.455,-0.764,0.158,0.425,-0.508,-0.676,0.331,-0.265,-0.661,-0.729,-0.153,-0.499,-0.6,-0.157,0.522,-0.337,-0.588,0.291,-0.403,-0.308,-0.235,-0.709,0.171,-0.568,-0.756,0.403,-0.743,-0.473,-0.438,0.063,-0.187,0.614,0.283,-0.58,0.413,0.842,0.345,0.715,0.567,0.479,0.049,-0.447,-0.656,-0.15,-0.272,0.504,-0.663,-0.526,-0.167,-0.269,0.016,-0.44,-0.187,0.163,0.423,-0.42
ARDX,0.072,0.3,0.658,0.666,0.396,0.721,0.605,0.309,0.48,-0.68,0.0,-0.42,-0.143,0.777,0.615,0.628,0.075,-0.561,-0.076,0.348,-0.156,0.149,0.37,0.144,0.159,0.357,0.61,0.38,0.638,-0.241,0.056,-0.026,0.285,0.45,-0.286,0.494,-0.149,0.555,0.622,0.472,-0.474,0.479,0.634,0.736,-0.153,0.84,-0.458,-0.236,0.841,0.606,0.77,-0.366,0.556,-0.231,0.142,0.516,0.398,0.617,-0.011,0.461,0.181,-0.224,0.649,-0.401,-0.267,0.639,0.014,0.72,0.576,-0.511,0.528,0.533,0.531,-0.279,0.599,0.384,0.128,0.004,0.465,-0.296,-0.147,-0.147,-0.655,0.731,-0.652,0.448,0.783,0.505,-0.149,0.593,0.584,-0.57,0.137,0.641,0.059,0.326,0.533,-0.341,-0.028,-0.249,-0.294,-0.062,0.08,0.165,0.627,0.334,0.65,0.695,-0.667,0.173,-0.154,0.736,-0.654,0.681,0.467,0.708,0.697,-0.556,0.089,0.455,0.621,0.549,0.671,0.812,0.58,0.114,0.165,0.546,0.67,0.734,0.066,-0.297,-0.164,0.257,-0.309,0.004,0.703,-0.65,0.347,0.483,0.371,0.502,-0.296,0.403,0.636,0.759,0.295,-0.029,0.389,0.812,0.08,0.162,0.693,0.803,0.567,0.798,0.378,0.463,-0.099,0.593,0.322,0.116,0.687,0.586,-0.062,0.656,-0.237,0.537,0.828,0.039,0.484,0.714,0.661,-0.179,0.307,-0.241,0.216,0.627,-0.35,-0.581,0.114,-0.51,-0.153,-0.137,0.343,0.698,0.745,0.572,0.556,-0.411,0.732,0.178,0.354,0.061,0.391,0.687,0.457,0.121,-0.176,0.708
ARQT,0.501,0.336,-0.173,0.082,-0.735,-0.745,0.057,0.336,0.425,0.773,-0.42,0.0,0.433,-0.41,0.088,0.159,0.749,0.475,0.318,0.12,-0.199,0.17,0.448,0.656,-0.25,0.165,-0.644,0.065,0.072,0.608,0.383,0.763,-0.43,-0.781,0.888,-0.909,0.208,-0.48,-0.866,0.339,0.806,0.442,-0.166,-0.287,0.774,-0.6,0.959,0.917,-0.661,-0.573,-0.456,0.646,0.16,0.486,0.525,-0.617,0.302,-0.062,-0.33,0.359,0.312,0.059,-0.195,0.067,0.88,-0.936,0.8,-0.642,0.089,0.936,-0.394,0.175,0.261,0.971,-0.404,-0.676,0.144,-0.171,0.126,0.724,0.723,0.239,0.454,-0.463,0.725,0.022,-0.389,0.086,0.045,-0.858,-0.863,0.856,0.705,-0.627,0.643,-0.762,0.095,0.918,0.739,0.171,-0.271,0.41,0.652,0.58,0.017,0.562,-0.021,-0.039,0.717,0.629,0.926,-0.157,0.581,-0.036,0.375,-0.306,0.044,0.943,-0.376,0.469,0.18,-0.093,0.042,-0.601,-0.143,0.546,-0.749,0.337,-0.308,-0.656,0.764,0.904,0.402,0.563,0.171,0.725,0.139,0.789,-0.164,-0.513,0.516,0.228,0.419,-0.332,-0.204,-0.642,0.514,0.663,-0.645,-0.433,0.726,-0.545,-0.679,-0.594,0.065,-0.227,-0.792,0.268,0.856,0.172,-0.901,0.724,-0.045,-0.266,-0.608,-0.71,0.248,-0.628,-0.551,0.771,-0.925,0.017,0.032,-0.195,0.07,0.896,0.614,-0.465,0.22,0.893,0.684,0.813,0.87,0.763,0.504,-0.164,-0.555,0.249,-0.082,0.271,-0.419,-0.878,0.051,-0.497,0.392,-0.131,0.138,0.333,0.294,0.015
ASTE,0.607,0.604,-0.395,0.242,-0.49,-0.36,0.069,0.704,0.15,0.398,-0.143,0.433,0.0,-0.109,0.127,0.04,0.431,0.147,0.618,-0.129,-0.085,-0.139,0.405,0.634,-0.229,-0.103,-0.557,0.452,-0.061,-0.022,0.512,0.082,-0.355,-0.514,0.618,-0.432,0.331,-0.395,-0.322,0.167,0.641,0.169,-0.096,-0.223,0.011,-0.258,0.402,0.569,-0.252,-0.534,-0.026,0.361,-0.031,0.831,0.623,-0.022,0.416,-0.13,-0.291,0.15,0.462,-0.233,-0.397,0.249,0.575,-0.422,0.533,-0.489,0.216,0.372,-0.211,-0.052,0.073,0.456,-0.135,-0.643,0.588,-0.149,0.448,0.588,0.359,-0.409,0.319,-0.07,0.133,0.388,-0.258,0.031,0.113,-0.275,-0.43,0.423,0.259,-0.337,0.727,-0.582,-0.124,0.458,0.668,0.183,-0.089,0.319,0.246,0.508,-0.221,0.24,-0.145,-0.213,0.435,0.477,0.5,-0.224,0.252,-0.003,0.257,-0.25,0.09,0.517,0.18,0.318,-0.061,-0.088,-0.064,-0.208,0.139,0.649,-0.536,0.163,0.055,-0.332,0.554,0.61,-0.062,0.229,0.273,0.341,0.223,0.388,-0.321,-0.311,0.26,-0.007,0.386,0.155,-0.087,-0.411,0.291,0.442,-0.581,-0.283,0.553,-0.336,-0.095,-0.12,0.492,-0.012,-0.484,0.047,0.567,0.145,-0.308,0.385,0.039,0.199,-0.276,-0.103,-0.074,-0.061,-0.309,0.501,-0.373,0.021,0.029,0.015,-0.334,0.544,0.383,-0.299,0.183,0.349,0.268,0.594,0.612,0.194,0.529,-0.057,-0.296,0.045,0.301,0.623,-0.368,-0.416,0.552,-0.309,0.076,-0.152,-0.137,0.705,0.458,-0.072
AUPH,0.11,0.421,0.599,0.737,0.17,0.723,0.567,0.386,0.443,-0.766,0.777,-0.41,-0.109,0.0,0.742,0.529,0.048,-0.69,-0.026,0.306,-0.273,0.132,0.407,0.155,0.112,0.299,0.596,0.478,0.668,-0.315,0.155,-0.057,0.063,0.347,-0.14,0.424,-0.078,0.679,0.618,0.346,-0.413,0.419,0.578,0.784,-0.178,0.791,-0.488,-0.175,0.806,0.607,0.736,-0.396,0.481,-0.308,0.231,0.488,0.54,0.516,-0.135,0.439,0.283,-0.527,0.621,-0.459,-0.158,0.617,0.116,0.677,0.72,-0.493,0.46,0.524,0.527,-0.28,0.609,0.275,0.261,-0.08,0.523,-0.17,-0.128,-0.472,-0.529,0.576,-0.647,0.326,0.741,0.453,-0.424,0.563,0.44,-0.615,0.16,0.619,0.164,0.204,0.503,-0.359,0.083,-0.26,-0.451,-0.162,0.197,0.265,0.661,0.393,0.612,0.668,-0.714,0.224,-0.098,0.65,-0.668,0.715,0.346,0.665,0.729,-0.524,0.121,0.461,0.56,0.612,0.669,0.796,0.697,0.325,-0.064,0.614,0.674,0.644,0.097,-0.273,-0.013,0.356,-0.24,-0.063,0.689,-0.665,0.342,0.364,0.389,0.571,-0.507,0.467,0.641,0.741,0.325,0.009,0.178,0.841,0.183,-0.045,0.654,0.786,0.53,0.779,0.298,0.465,-0.026,0.626,0.238,0.224,0.699,0.534,-0.086,0.703,-0.198,0.538,0.772,0.149,0.404,0.81,0.778,-0.191,0.237,-0.202,0.262,0.641,-0.446,-0.597,0.117,-0.36,-0.065,-0.195,0.493,0.643,0.649,0.572,0.666,-0.433,0.743,0.054,0.41,0.027,0.436,0.705,0.497,0.249,-0.286,0.719
AVXL,0.384,0.589,0.606,0.771,-0.031,0.473,0.707,0.535,0.734,-0.398,0.615,0.088,0.127,0.742,0.0,0.732,0.523,-0.372,0.234,0.524,-0.194,0.469,0.663,0.462,0.269,0.439,0.399,0.669,0.79,0.136,0.526,0.4,-0.078,0.084,0.245,-0.029,0.253,0.559,0.297,0.594,-0.009,0.74,0.671,0.701,0.293,0.571,0.043,0.294,0.533,0.439,0.607,0.052,0.701,-0.132,0.454,0.366,0.686,0.651,-0.136,0.681,0.607,-0.402,0.668,-0.254,0.315,0.16,0.483,0.46,0.846,0.03,0.445,0.726,0.76,0.19,0.614,0.012,0.423,0.061,0.727,0.256,0.306,-0.205,-0.313,0.416,-0.201,0.316,0.734,0.612,-0.359,0.197,0.077,-0.137,0.52,0.41,0.427,-0.079,0.645,0.078,0.449,-0.026,-0.506,-0.079,0.52,0.685,0.816,0.729,0.708,0.78,-0.302,0.585,0.363,0.682,-0.281,0.768,0.606,0.67,0.806,-0.1,-0.062,0.76,0.776,0.673,0.818,0.514,0.73,0.597,-0.335,0.876,0.644,0.467,0.525,0.094,0.351,0.698,0.017,0.437,0.814,-0.192,0.424,0.176,0.703,0.783,-0.154,0.542,0.724,0.485,0.661,0.399,-0.066,0.678,0.524,-0.18,0.344,0.502,0.628,0.731,0.004,0.704,0.416,0.816,-0.192,0.596,0.747,0.528,-0.301,0.367,0.141,0.406,0.64,0.533,-0.002,0.858,0.869,-0.12,0.4,0.235,0.578,0.496,-0.11,-0.089,0.563,-0.056,0.418,0.228,0.755,0.693,0.485,0.771,0.681,-0.25,0.564,-0.346,0.523,-0.024,0.685,0.725,0.658,0.467,0.085,0.755
AZTA,0.465,0.383,0.806,0.826,0.095,0.38,0.89,0.48,0.872,-0.199,0.628,0.159,0.04,0.529,0.732,0.0,0.622,-0.243,0.191,0.519,-0.285,0.538,0.793,0.497,0.185,0.677,0.376,0.509,0.897,0.278,0.414,0.53,0.246,0.038,0.165,-0.04,0.12,0.477,0.191,0.781,0.027,0.848,0.733,0.729,0.451,0.604,0.105,0.353,0.517,0.441,0.63,0.13,0.938,-0.056,0.353,0.342,0.628,0.848,-0.113,0.798,0.489,-0.119,0.765,-0.313,0.284,0.102,0.517,0.515,0.696,0.1,0.521,0.888,0.842,0.263,0.481,0.11,0.268,0.017,0.49,0.174,0.417,0.115,-0.417,0.494,-0.087,0.567,0.672,0.754,-0.034,0.166,0.14,-0.064,0.608,0.421,0.331,0.061,0.878,0.056,0.41,0.021,-0.468,0.128,0.51,0.605,0.834,0.76,0.903,0.893,-0.357,0.629,0.367,0.886,-0.386,0.859,0.756,0.792,0.805,-0.017,-0.406,0.801,0.921,0.506,0.916,0.523,0.662,0.407,-0.216,0.758,0.611,0.467,0.547,0.123,0.135,0.754,-0.12,0.564,0.866,-0.15,0.561,0.421,0.816,0.848,-0.162,0.281,0.713,0.52,0.804,0.525,0.069,0.676,0.552,-0.041,0.389,0.485,0.641,0.811,0.057,0.849,0.372,0.678,-0.227,0.62,0.789,0.632,-0.4,0.313,-0.001,0.24,0.627,0.556,-0.066,0.765,0.734,-0.196,0.515,0.233,0.654,0.551,-0.06,-0.019,0.722,-0.111,0.379,0.396,0.679,0.845,0.635,0.928,0.551,-0.293,0.626,-0.364,0.321,-0.088,0.832,0.783,0.714,0.295,0.113,0.772
BAND,0.767,0.625,0.257,0.579,-0.497,-0.231,0.576,0.618,0.797,0.415,0.075,0.749,0.431,0.048,0.523,0.622,0.0,0.09,0.401,0.245,-0.293,0.358,0.736,0.8,-0.141,0.388,-0.311,0.402,0.536,0.452,0.663,0.742,-0.265,-0.562,0.721,-0.718,0.258,-0.067,-0.403,0.644,0.567,0.785,0.212,0.132,0.757,-0.07,0.678,0.857,-0.175,-0.223,0.019,0.442,0.591,0.361,0.636,-0.088,0.656,0.371,-0.4,0.562,0.498,-0.143,0.244,-0.128,0.717,-0.595,0.869,-0.175,0.549,0.694,0.086,0.572,0.614,0.804,0.04,-0.495,0.399,-0.184,0.499,0.644,0.612,0.059,0.14,-0.119,0.425,0.345,0.148,0.492,-0.034,-0.409,-0.542,0.541,0.868,-0.275,0.69,-0.56,0.523,0.677,0.847,0.114,-0.343,0.224,0.687,0.704,0.433,0.823,0.437,0.461,0.267,0.726,0.839,0.328,0.214,0.426,0.642,0.25,0.483,0.624,-0.302,0.811,0.571,0.223,0.494,-0.138,0.366,0.647,-0.675,0.641,0.074,-0.268,0.927,0.681,0.283,0.854,0.11,0.784,0.627,0.471,0.139,-0.232,0.842,0.597,0.148,0.022,0.191,-0.171,0.843,0.694,-0.466,0.084,0.853,-0.51,-0.225,-0.186,0.449,0.321,-0.536,0.533,0.826,0.432,-0.706,0.809,0.377,0.212,-0.452,-0.227,0.101,-0.186,-0.007,0.859,-0.693,0.392,0.5,-0.212,0.159,0.68,0.747,0.054,0.125,0.548,0.859,0.585,0.825,0.583,0.774,0.294,-0.08,0.671,0.408,0.213,-0.035,-0.818,0.207,-0.416,0.743,0.237,0.489,0.598,0.348,0.344
BECN,-0.134,-0.332,-0.382,-0.458,-0.026,-0.598,-0.326,-0.224,-0.214,0.708,-0.561,0.475,0.147,-0.69,-0.372,-0.243,0.09,0.0,0.277,0.173,0.386,0.132,-0.205,-0.019,0.263,-0.042,-0.393,-0.05,-0.379,0.696,-0.011,0.303,0.059,-0.099,0.234,-0.35,0.325,-0.369,-0.52,-0.145,0.435,-0.173,-0.164,-0.503,0.336,-0.646,0.554,0.254,-0.637,-0.28,-0.453,0.691,-0.156,0.241,-0.198,-0.432,-0.419,-0.184,0.494,-0.019,0.053,0.571,-0.349,0.654,0.395,-0.56,0.013,-0.441,-0.512,0.566,-0.452,-0.188,-0.215,0.369,-0.238,-0.244,-0.079,0.512,-0.375,0.276,0.463,0.444,0.539,-0.29,0.71,-0.174,-0.415,-0.1,0.509,-0.559,-0.424,0.635,-0.046,-0.31,-0.081,-0.112,-0.247,0.399,0.074,0.453,0.441,0.234,0.068,0.015,-0.334,-0.11,-0.32,-0.371,0.748,0.107,0.256,-0.412,0.733,-0.388,-0.041,-0.418,-0.476,0.542,-0.287,-0.224,-0.267,-0.267,-0.355,-0.575,-0.451,-0.138,0.088,-0.232,-0.463,-0.353,0.063,0.334,0.409,-0.151,0.467,0.338,-0.439,0.749,-0.05,-0.161,-0.151,-0.252,0.726,-0.203,-0.189,-0.593,-0.06,0.274,-0.062,-0.627,-0.11,0.249,-0.594,-0.594,-0.243,-0.58,-0.168,-0.116,0.147,-0.232,-0.301,0.039,-0.266,-0.272,-0.059,-0.631,0.437,-0.298,-0.517,0.089,-0.318,-0.451,-0.515,0.479,0.071,0.391,0.008,-0.664,0.735,0.722,0.094,0.286,0.275,0.52,-0.245,-0.315,-0.409,-0.313,-0.491,0.286,-0.534,-0.095,-0.152,0.24,-0.112,-0.337,-0.328,-0.226,0.379,-0.391
BFC,0.537,0.427,-0.111,0.308,-0.228,-0.173,0.249,0.561,0.212,0.359,-0.076,0.318,0.618,-0.026,0.234,0.191,0.401,0.277,0.0,0.094,0.118,0.072,0.4,0.485,0.209,0.099,-0.291,0.648,0.085,0.26,0.597,0.101,-0.076,-0.211,0.438,-0.257,0.629,-0.032,-0.1,0.169,0.539,0.282,0.057,-0.066,0.102,-0.089,0.295,0.484,-0.111,-0.263,0.175,0.516,0.206,0.439,0.432,0.172,0.366,0.181,0.076,0.213,0.591,-0.191,-0.085,0.423,0.505,-0.284,0.402,-0.163,0.261,0.335,0.023,0.219,0.153,0.293,0.139,-0.414,0.503,0.219,0.356,0.52,0.485,-0.241,0.435,-0.043,0.221,0.454,-0.041,0.202,0.08,-0.083,-0.283,0.374,0.262,-0.09,0.454,-0.256,0.157,0.26,0.591,0.381,0.107,0.066,0.171,0.443,-0.013,0.253,0.099,0.041,0.273,0.419,0.388,0.001,0.237,0.193,0.278,0.038,0.103,0.418,-0.093,0.261,0.088,0.012,0.114,-0.056,0.373,0.45,-0.353,0.169,0.112,-0.127,0.468,0.377,0.271,0.277,0.555,0.295,0.267,0.413,0.114,0.009,0.317,0.158,0.245,0.279,0.215,-0.188,0.403,0.504,-0.446,-0.073,0.403,-0.021,0.06,-0.039,0.435,0.125,-0.149,0.228,0.439,0.104,-0.172,0.362,0.239,0.44,-0.038,0.098,0.082,0.202,-0.089,0.48,-0.191,0.038,0.133,0.398,-0.145,0.352,0.432,-0.1,0.493,0.374,0.345,0.416,0.52,0.27,0.438,0.098,-0.049,0.196,0.39,0.592,-0.197,-0.298,0.328,0.129,0.29,0.034,0.053,0.603,0.512,-0.025
BGC,-0.094,-0.062,0.505,0.356,0.255,0.168,0.404,0.057,0.447,-0.19,0.348,0.12,-0.129,0.306,0.524,0.519,0.245,0.173,0.094,0.0,0.006,0.612,0.317,0.062,0.45,0.445,0.438,0.385,0.492,0.569,0.042,0.482,0.274,0.33,0.017,0.106,0.197,0.441,0.121,0.339,-0.052,0.464,0.702,0.509,0.376,0.291,0.111,0.093,0.289,0.558,0.43,0.355,0.56,-0.161,-0.1,0.027,0.049,0.537,0.293,0.731,0.352,0.168,0.566,0.057,0.245,0.089,0.131,0.425,0.262,0.083,0.083,0.571,0.586,0.152,0.52,0.253,0.067,0.375,0.144,0.015,0.489,0.28,-0.255,0.429,0.133,0.234,0.525,0.565,0.026,-0.051,0.127,-0.013,0.257,0.508,-0.006,0.211,0.487,0.045,0.074,0.269,-0.084,0.089,0.5,0.424,0.636,0.48,0.534,0.552,-0.071,0.421,0.208,0.522,-0.021,0.539,0.449,0.429,0.428,-0.03,-0.406,0.402,0.602,0.49,0.565,0.294,0.211,0.112,0.085,0.599,0.327,0.499,0.175,0.039,0.497,0.292,0.092,0.448,0.387,0.05,0.482,0.398,0.343,0.575,0.194,0.372,0.652,0.291,0.401,0.367,0.263,0.353,0.131,0.214,0.024,0.274,0.25,0.316,0.22,0.615,0.096,0.613,-0.174,0.362,0.627,0.249,-0.32,-0.018,0.391,0.161,0.468,0.249,0.085,0.563,0.389,0.187,0.703,0.166,0.308,0.069,0.29,0.15,0.346,-0.313,0.222,0.548,0.286,0.579,0.447,0.477,0.1,-0.4,0.412,-0.086,0.293,0.274,0.432,0.527,0.319,-0.119,0.004,0.649
BHF,-0.383,-0.373,-0.269,-0.428,0.369,0.004,-0.325,-0.386,-0.402,0.006,-0.156,-0.199,-0.085,-0.273,-0.194,-0.285,-0.293,0.386,0.118,0.006,0.0,0.08,-0.466,-0.403,0.601,-0.285,0.038,0.009,-0.398,0.178,0.028,-0.255,0.135,0.388,-0.292,0.21,0.386,-0.007,0.145,-0.39,-0.075,-0.401,-0.072,-0.317,-0.115,-0.2,-0.083,-0.318,-0.147,0.129,-0.157,0.258,-0.257,-0.135,-0.45,0.125,-0.467,-0.182,0.65,-0.266,-0.04,0.394,-0.193,0.651,-0.18,0.079,-0.476,-0.02,-0.379,-0.07,-0.103,-0.345,-0.389,-0.258,0.168,0.121,0.01,0.662,-0.157,-0.018,-0.082,0.095,0.286,-0.096,0.187,-0.228,-0.041,-0.068,0.385,0.054,0.136,0.05,-0.427,0.111,-0.406,0.297,-0.3,-0.178,-0.304,0.246,0.586,-0.009,-0.317,-0.187,-0.279,-0.376,-0.267,-0.288,0.27,-0.34,-0.295,-0.278,0.359,-0.344,-0.375,-0.123,-0.443,-0.116,0.242,-0.412,-0.344,-0.209,-0.33,-0.181,-0.23,-0.391,0.481,-0.363,-0.242,0.079,-0.346,-0.222,0.176,-0.396,0.571,-0.145,-0.391,0.206,-0.006,0.008,-0.45,-0.339,0.314,0.15,0.0,-0.134,-0.317,-0.171,0.223,-0.271,-0.47,0.487,-0.084,-0.212,-0.234,-0.345,0.357,-0.276,-0.359,-0.272,0.354,-0.387,-0.25,-0.023,0.504,0.0,0.268,0.256,-0.069,-0.343,0.341,-0.374,-0.332,0.653,-0.13,-0.204,-0.437,-0.198,0.52,0.039,-0.323,-0.186,-0.247,-0.051,-0.45,-0.221,-0.093,-0.435,-0.342,0.23,-0.288,0.443,-0.102,0.585,-0.301,-0.266,-0.342,-0.215,0.17,-0.419
BHFAL,0.047,-0.018,0.521,0.277,0.183,0.171,0.453,-0.018,0.458,-0.094,0.149,0.17,-0.139,0.132,0.469,0.538,0.358,0.132,0.072,0.612,0.08,0.0,0.318,0.049,0.574,0.459,0.4,0.312,0.487,0.603,0.35,0.458,0.327,0.205,0.038,-0.074,0.395,0.489,0.109,0.323,0.097,0.415,0.536,0.42,0.506,0.204,0.164,0.207,0.134,0.479,0.295,0.387,0.609,-0.318,-0.073,0.165,0.079,0.54,0.311,0.473,0.445,0.079,0.611,0.162,0.268,-0.057,0.172,0.367,0.317,0.257,0.316,0.558,0.481,0.153,0.472,0.18,0.127,0.365,0.121,0.298,0.459,0.281,-0.043,0.112,0.356,0.143,0.46,0.558,0.079,-0.027,-0.026,0.044,0.259,0.418,-0.085,0.226,0.563,-0.025,0.099,0.324,-0.085,-0.028,0.419,0.473,0.625,0.453,0.586,0.534,0.064,0.34,0.195,0.493,0.139,0.471,0.194,0.519,0.287,0.059,-0.406,0.372,0.53,0.417,0.571,0.134,0.328,0.157,0.021,0.449,0.284,0.317,0.222,-0.034,0.555,0.459,0.263,0.544,0.306,0.201,0.674,0.305,0.396,0.608,0.029,0.394,0.595,0.23,0.518,0.419,0.197,0.244,0.17,0.122,-0.016,0.067,0.068,0.225,0.209,0.613,0.114,0.359,-0.279,0.397,0.453,0.32,-0.094,0.045,0.601,0.198,0.336,0.281,-0.062,0.361,0.386,0.258,0.662,0.123,0.312,0.194,0.417,0.26,0.538,-0.161,0.257,0.455,0.266,0.525,0.336,0.474,0.07,-0.181,0.252,-0.159,0.123,0.318,0.481,0.412,0.349,-0.043,0.325,0.344
BKNG,0.741,0.652,0.559,0.804,-0.305,0.059,0.787,0.702,0.862,0.107,0.37,0.448,0.405,0.407,0.663,0.793,0.736,-0.205,0.4,0.317,-0.466,0.318,0.0,0.818,-0.086,0.655,0.038,0.573,0.789,0.243,0.541,0.591,0.005,-0.365,0.578,-0.341,0.205,0.259,-0.099,0.823,0.439,0.87,0.497,0.584,0.421,0.357,0.338,0.682,0.269,0.038,0.486,0.244,0.79,0.269,0.74,0.154,0.803,0.652,-0.378,0.721,0.626,-0.389,0.516,-0.317,0.599,-0.197,0.833,0.162,0.749,0.324,0.317,0.81,0.809,0.517,0.166,-0.24,0.406,-0.24,0.57,0.519,0.58,-0.072,-0.137,0.252,-0.01,0.584,0.361,0.615,-0.143,-0.07,-0.238,0.247,0.765,0.127,0.669,-0.32,0.755,0.329,0.742,0.067,-0.622,0.243,0.637,0.716,0.666,0.855,0.731,0.685,-0.106,0.867,0.674,0.665,-0.261,0.771,0.761,0.544,0.799,0.324,-0.394,0.871,0.78,0.395,0.777,0.307,0.661,0.771,-0.625,0.784,0.591,0.127,0.788,0.473,0.149,0.85,-0.06,0.674,0.84,0.056,0.371,0.156,0.912,0.804,-0.101,0.17,0.528,0.242,0.866,0.743,-0.327,0.495,0.839,-0.384,0.235,0.339,0.705,0.683,-0.31,0.76,0.69,0.606,-0.512,0.831,0.641,0.568,-0.6,0.149,-0.027,0.031,0.286,0.832,-0.4,0.713,0.694,-0.335,0.338,0.552,0.912,0.363,-0.143,0.207,0.83,0.297,0.714,0.45,0.897,0.637,0.31,0.877,0.645,-0.062,0.431,-0.679,0.516,-0.36,0.782,0.637,0.661,0.579,0.274,0.68
BL,0.811,0.764,0.113,0.596,-0.572,-0.25,0.491,0.838,0.705,0.38,0.144,0.656,0.634,0.155,0.462,0.497,0.8,-0.019,0.485,0.062,-0.403,0.049,0.818,0.0,-0.301,0.366,-0.376,0.467,0.427,0.19,0.558,0.535,-0.301,-0.608,0.801,-0.567,0.199,-0.182,-0.385,0.683,0.632,0.712,0.1,0.149,0.436,-0.001,0.577,0.831,-0.066,-0.402,0.141,0.299,0.443,0.542,0.902,-0.132,0.794,0.284,-0.474,0.506,0.49,-0.37,0.098,-0.189,0.702,-0.476,0.903,-0.272,0.567,0.519,0.02,0.443,0.526,0.716,-0.072,-0.558,0.399,-0.306,0.596,0.636,0.562,-0.148,0.154,0.024,0.112,0.449,0.024,0.363,-0.024,-0.326,-0.491,0.509,0.774,-0.286,0.897,-0.667,0.384,0.665,0.903,-0.0,-0.481,0.396,0.561,0.662,0.275,0.707,0.327,0.298,0.225,0.8,0.813,0.238,0.041,0.388,0.642,0.126,0.528,0.598,-0.162,0.784,0.464,0.238,0.417,0.001,0.411,0.814,-0.784,0.621,0.262,-0.256,0.87,0.761,0.127,0.713,0.019,0.647,0.674,0.309,-0.053,-0.255,0.784,0.488,0.172,0.003,0.148,-0.149,0.704,0.642,-0.527,0.106,0.898,-0.539,-0.009,0.058,0.635,0.369,-0.633,0.44,0.869,0.464,-0.569,0.781,0.352,0.294,-0.551,-0.108,-0.119,-0.182,-0.075,0.868,-0.584,0.427,0.506,-0.332,-0.005,0.768,0.853,0.019,-0.113,0.414,0.728,0.636,0.812,0.435,0.845,0.228,-0.135,0.573,0.511,0.299,-0.002,-0.773,0.488,-0.541,0.577,0.286,0.372,0.743,0.349,0.39
BOKF,-0.252,-0.26,0.298,-0.039,0.576,0.34,0.171,-0.269,-0.019,-0.217,0.159,-0.25,-0.229,0.112,0.269,0.185,-0.141,0.263,0.209,0.45,0.601,0.574,-0.086,-0.301,0.0,0.248,0.496,0.338,0.142,0.418,0.215,-0.021,0.467,0.615,-0.341,0.374,0.635,0.56,0.439,-0.003,-0.11,0.018,0.468,0.267,0.023,0.252,-0.181,-0.254,0.275,0.589,0.363,0.369,0.281,-0.404,-0.338,0.423,-0.187,0.422,0.833,0.128,0.352,0.273,0.412,0.626,-0.075,0.289,-0.318,0.458,0.064,-0.111,0.334,0.218,0.082,-0.326,0.54,0.368,0.059,0.85,-0.013,0.028,0.173,0.179,0.065,0.225,0.126,-0.021,0.451,0.311,0.201,0.312,0.329,-0.085,-0.245,0.574,-0.41,0.582,0.23,-0.357,-0.237,0.412,0.301,-0.224,-0.101,0.12,0.303,-0.038,0.281,0.257,-0.019,-0.034,-0.255,0.262,0.104,0.186,-0.066,0.402,0.029,-0.275,-0.155,-0.091,0.186,0.204,0.253,0.243,0.264,-0.156,0.453,0.069,0.257,0.491,-0.205,-0.397,0.482,-0.031,0.619,0.107,0.006,0.045,0.627,0.474,-0.052,0.223,0.125,0.502,0.573,0.324,0.035,0.12,0.404,0.225,-0.32,0.585,0.239,0.203,-0.016,0.112,0.635,0.264,-0.263,0.131,0.293,-0.091,0.222,0.384,0.361,0.276,0.545,0.495,0.389,-0.165,0.453,0.088,0.12,0.74,0.393,-0.231,-0.065,0.208,0.612,0.03,0.053,-0.433,-0.14,0.093,-0.147,0.316,0.405,0.086,0.006,-0.094,0.194,0.374,0.138,0.843,0.138,0.302,0.107,-0.178,0.307,0.072
BRKR,0.344,0.119,0.755,0.482,0.132,0.193,0.693,0.158,0.671,-0.027,0.357,0.165,-0.103,0.299,0.439,0.677,0.388,-0.042,0.099,0.445,-0.285,0.459,0.655,0.366,0.248,0.0,0.38,0.25,0.672,0.398,0.191,0.498,0.433,0.042,0.112,0.028,0.188,0.465,0.088,0.739,0.064,0.682,0.5,0.638,0.427,0.443,0.131,0.281,0.384,0.377,0.533,0.253,0.759,-0.187,0.244,0.185,0.439,0.798,0.052,0.601,0.361,0.002,0.723,-0.19,0.227,0.046,0.397,0.461,0.49,0.115,0.491,0.74,0.607,0.159,0.208,0.279,-0.102,0.097,0.134,0.13,0.474,0.364,-0.176,0.283,0.004,0.332,0.434,0.561,-0.008,0.087,0.077,0.101,0.499,0.387,0.093,0.172,0.775,0.003,0.213,0.149,-0.36,0.103,0.412,0.364,0.677,0.551,0.749,0.697,-0.26,0.507,0.261,0.731,-0.346,0.645,0.519,0.647,0.63,0.046,-0.673,0.51,0.748,0.342,0.733,0.384,0.494,0.293,-0.131,0.505,0.477,0.319,0.32,0.052,0.248,0.574,-0.038,0.46,0.578,-0.097,0.697,0.424,0.646,0.721,-0.196,0.082,0.567,0.475,0.566,0.496,0.127,0.536,0.364,0.032,0.317,0.398,0.299,0.573,0.122,0.706,0.271,0.397,-0.225,0.5,0.521,0.448,-0.318,0.162,0.163,-0.0,0.433,0.412,-0.077,0.512,0.525,-0.117,0.644,0.212,0.62,0.468,0.004,0.104,0.637,-0.106,0.285,0.374,0.421,0.69,0.52,0.741,0.267,-0.353,0.549,-0.298,0.229,0.071,0.675,0.635,0.64,0.021,0.143,0.59
CACC,-0.338,-0.23,0.71,0.267,0.728,0.813,0.43,-0.229,0.158,-0.746,0.61,-0.644,-0.557,0.596,0.399,0.376,-0.311,-0.393,-0.291,0.438,0.038,0.4,0.038,-0.376,0.496,0.38,0.0,0.172,0.51,-0.058,-0.151,-0.105,0.536,0.772,-0.647,0.714,-0.04,0.789,0.783,0.207,-0.691,0.12,0.647,0.761,-0.235,0.771,-0.641,-0.582,0.791,0.874,0.718,-0.345,0.44,-0.682,-0.355,0.562,-0.03,0.598,0.396,0.23,0.06,-0.075,0.767,-0.191,-0.495,0.785,-0.384,0.912,0.312,-0.635,0.618,0.451,0.333,-0.606,0.713,0.757,-0.202,0.324,0.058,-0.458,-0.206,0.032,-0.586,0.602,-0.483,0.066,0.797,0.353,-0.199,0.684,0.718,-0.672,-0.208,0.842,-0.501,0.777,0.449,-0.708,-0.487,-0.068,-0.138,-0.386,-0.081,-0.104,0.633,0.051,0.581,0.619,-0.688,-0.115,-0.518,0.661,-0.554,0.53,0.115,0.717,0.461,-0.775,-0.067,0.005,0.453,0.534,0.564,0.726,0.461,-0.242,0.542,0.256,0.637,0.861,-0.377,-0.722,0.05,0.016,-0.153,-0.141,0.296,-0.664,0.653,0.706,0.068,0.455,-0.402,0.443,0.695,0.868,0.017,-0.142,0.685,0.778,-0.351,0.508,0.631,0.684,0.128,0.55,0.698,0.376,-0.496,0.321,0.463,-0.18,0.515,0.454,0.174,0.597,0.138,0.585,0.827,-0.324,0.684,0.489,0.437,0.109,0.604,-0.553,-0.083,0.649,-0.131,-0.609,-0.076,-0.823,-0.456,-0.264,-0.084,0.635,0.814,0.349,0.24,-0.642,0.804,0.491,0.036,0.508,0.173,0.645,0.4,-0.36,-0.149,0.489
CAR,0.396,0.515,0.235,0.635,0.034,0.264,0.512,0.62,0.413,-0.116,0.38,0.065,0.452,0.478,0.669,0.509,0.402,-0.05,0.648,0.385,0.009,0.312,0.573,0.467,0.338,0.25,0.172,0.0,0.499,0.242,0.579,0.201,0.076,0.073,0.269,-0.015,0.483,0.431,0.283,0.333,0.258,0.42,0.526,0.432,0.02,0.368,0.037,0.286,0.323,0.2,0.566,0.269,0.534,0.14,0.451,0.437,0.486,0.477,0.137,0.497,0.657,-0.376,0.337,0.159,0.378,0.091,0.375,0.289,0.595,0.088,0.227,0.549,0.525,0.119,0.548,-0.094,0.662,0.316,0.6,0.425,0.348,-0.343,0.04,0.383,-0.117,0.471,0.479,0.476,-0.035,0.192,-0.029,0.051,0.218,0.389,0.421,-0.04,0.42,0.024,0.54,0.285,-0.085,-0.031,0.314,0.567,0.46,0.486,0.456,0.453,-0.063,0.602,0.298,0.396,-0.055,0.607,0.488,0.439,0.522,0.034,0.038,0.515,0.397,0.547,0.498,0.405,0.644,0.544,-0.236,0.592,0.546,0.374,0.486,0.131,0.366,0.421,0.309,0.332,0.572,0.034,0.359,0.253,0.471,0.493,0.147,0.547,0.653,0.234,0.548,0.491,-0.185,0.425,0.379,0.082,0.369,0.391,0.755,0.496,0.063,0.517,0.333,0.514,-0.078,0.452,0.656,0.733,-0.109,0.367,0.136,0.61,0.391,0.496,0.048,0.569,0.559,0.276,0.132,0.247,0.551,0.167,0.272,0.057,0.396,0.066,0.468,0.18,0.648,0.497,0.347,0.482,0.658,0.16,0.298,-0.185,0.617,0.155,0.432,0.517,0.319,0.598,0.434,0.412
CDNA,0.424,0.414,0.869,0.845,0.099,0.493,0.917,0.43,0.821,-0.31,0.638,0.072,-0.061,0.668,0.79,0.897,0.536,-0.379,0.085,0.492,-0.398,0.487,0.789,0.427,0.142,0.672,0.51,0.499,0.0,0.189,0.364,0.52,0.196,0.102,0.135,0.003,0.055,0.645,0.299,0.746,-0.063,0.815,0.77,0.866,0.365,0.678,-0.032,0.267,0.606,0.543,0.683,-0.007,0.92,-0.205,0.35,0.388,0.625,0.828,-0.158,0.728,0.493,-0.316,0.854,-0.445,0.229,0.205,0.507,0.625,0.797,-0.007,0.562,0.946,0.912,0.175,0.527,0.153,0.243,-0.072,0.465,0.155,0.331,0.002,-0.473,0.469,-0.197,0.45,0.765,0.729,-0.288,0.264,0.143,-0.185,0.583,0.487,0.266,0.123,0.896,-0.062,0.367,-0.044,-0.591,-0.078,0.546,0.51,0.935,0.802,0.932,0.956,-0.487,0.629,0.32,0.911,-0.453,0.929,0.735,0.842,0.894,-0.133,-0.349,0.772,0.906,0.624,0.958,0.599,0.753,0.465,-0.232,0.826,0.705,0.523,0.502,0.011,0.177,0.786,-0.188,0.505,0.846,-0.279,0.634,0.425,0.831,0.932,-0.325,0.315,0.758,0.641,0.787,0.505,0.093,0.821,0.515,-0.104,0.433,0.539,0.584,0.842,0.091,0.821,0.324,0.677,-0.252,0.631,0.841,0.612,-0.407,0.394,0.067,0.318,0.707,0.534,-0.039,0.865,0.822,-0.254,0.59,0.134,0.67,0.63,-0.183,-0.14,0.678,-0.171,0.344,0.277,0.7,0.861,0.665,0.95,0.676,-0.463,0.771,-0.353,0.304,-0.083,0.837,0.846,0.828,0.256,0.06,0.831
CG,0.038,-0.159,0.154,-0.004,-0.063,-0.401,0.15,-0.088,0.301,0.509,-0.241,0.608,-0.022,-0.315,0.136,0.278,0.452,0.696,0.26,0.569,0.178,0.603,0.243,0.19,0.418,0.398,-0.058,0.242,0.189,0.0,0.209,0.715,0.149,-0.118,0.374,-0.437,0.396,0.064,-0.42,0.236,0.457,0.325,0.253,0.002,0.715,-0.329,0.636,0.476,-0.376,0.063,-0.13,0.751,0.399,-0.025,-0.032,-0.316,-0.096,0.286,0.387,0.458,0.33,0.371,0.212,0.373,0.585,-0.533,0.331,-0.089,-0.044,0.685,-0.19,0.39,0.326,0.538,0.04,-0.077,0.011,0.48,-0.137,0.458,0.7,0.505,0.348,-0.177,0.74,-0.027,0.0,0.329,0.255,-0.546,-0.455,0.608,0.355,-0.011,0.027,-0.078,0.313,0.424,0.3,0.503,0.092,0.202,0.528,0.383,0.288,0.427,0.246,0.209,0.533,0.489,0.519,0.124,0.541,0.159,0.294,0.06,0.013,0.537,-0.563,0.248,0.284,0.144,0.208,-0.325,-0.07,0.116,-0.138,0.297,-0.157,-0.119,0.381,0.374,0.708,0.359,0.4,0.636,0.015,0.671,0.396,0.038,0.327,0.354,0.43,-0.069,0.265,-0.279,0.439,0.598,-0.093,-0.174,0.228,0.095,-0.462,-0.376,-0.031,-0.164,-0.139,0.428,0.354,0.157,-0.56,0.48,0.185,0.002,-0.299,-0.495,0.621,-0.172,-0.162,0.455,-0.441,0.086,0.025,0.336,0.513,0.522,0.411,-0.323,0.64,0.762,0.559,0.232,0.534,0.782,0.181,0.143,-0.096,0.264,-0.217,-0.037,-0.108,-0.401,-0.028,0.189,0.386,0.14,0.156,-0.114,0.36,0.097
CGBD,0.691,0.712,0.119,0.441,-0.296,0.061,0.448,0.551,0.497,0.199,0.056,0.383,0.512,0.155,0.526,0.414,0.663,-0.011,0.597,0.042,0.028,0.35,0.541,0.558,0.215,0.191,-0.151,0.579,0.364,0.209,0.0,0.253,-0.268,-0.277,0.5,-0.459,0.631,0.145,-0.015,0.379,0.508,0.505,0.181,0.082,0.343,0.035,0.335,0.592,-0.045,-0.099,0.13,0.372,0.396,0.195,0.597,0.337,0.633,0.31,-0.099,0.186,0.653,-0.361,0.186,0.244,0.517,-0.327,0.568,-0.065,0.622,0.43,0.327,0.364,0.339,0.374,0.294,-0.411,0.604,0.1,0.636,0.718,0.356,-0.274,0.362,-0.146,0.271,0.313,0.225,0.329,-0.082,0.009,-0.362,0.322,0.501,-0.122,0.523,-0.328,0.342,0.283,0.689,0.208,-0.192,-0.141,0.305,0.617,0.298,0.508,0.296,0.317,0.241,0.447,0.502,0.183,0.237,0.29,0.258,0.307,0.332,0.35,0.056,0.509,0.313,0.142,0.362,-0.033,0.622,0.675,-0.503,0.407,0.252,-0.142,0.669,0.333,0.331,0.678,0.496,0.519,0.467,0.347,0.241,-0.149,0.599,0.459,0.07,0.416,0.278,-0.061,0.625,0.507,-0.37,0.115,0.597,-0.272,0.025,-0.086,0.398,0.302,-0.215,0.335,0.601,0.282,-0.334,0.519,0.228,0.458,0.033,0.178,0.202,0.255,0.037,0.607,-0.342,0.243,0.457,0.179,-0.051,0.351,0.553,0.244,0.289,0.326,0.615,0.455,0.624,0.14,0.643,0.204,-0.016,0.444,0.553,0.474,-0.109,-0.459,0.281,0.004,0.556,0.196,0.318,0.758,0.608,0.078
