,ACET,ADAP,ADI,ADPT,ADTN,AGEN,ALGN,ALLK,AMD,AMWD,ARDX,ARQT,ASTE,AUPH,AVXL,AZTA,BAND,BECN,BFC,BGC,BHF,BHFAL,BKNG,BL,BOKF,BRKR,CACC,CAR,CDNA,CG,CGBD,CHI,CHTR,CHX,CLNE,CME,CNOB,CNXN,CPRX,CSGP,CSGS,CSIQ,CVCO,CVLT,CYRX,DDOG,DOOO,DSGX,DTIL,ECPG,EEFT,EFSC,ENTG,ESPR,ETSY,EXC,FAMI,FFIV,FITB,FIZZ,FMBH,FOX,FTNT,FULT,GABC,GEN,GH,GMAB,GNPX,GO,GOGL,GOOG,GPRO,GSHD,GSM,GWAV,HAIN,HBAN,HEPA,HURN,HWKN,IBIO,ICFI,IGMS,IMKTA,INCY,INO,IRDM,IRTC,IRWD,ITCI,JACK,JD,JJSF,KALA,KHC,KLAC,KRRO,KRYS,LANC,LBTYA,LIVN,LKCO,LNTH,LOGI,LPRO,LRCX,LSCC,LSTR,MAR,MARA,MCHP,MEOH,META,MGTX,MKSI,MMYT,MORN,MRUS,MTLS,MTSI,MVIS,MXL,NBIX,NFE,NMIH,NMRK,NNDM,NSIT,NTCT,NVAX,OCUL,ODP,OLED,ONB,OTEX,PACB,PATK,PAYX,PEP,PERI,PI,PLYA,PRDO,PRGS,PTGX,QCOM,QCRH,QDEL,QFIN,RGEN,RILY,RPAY,RPD,SABR,SEDG,SHEN,SIRI,SLNO,SNDL,SNEX,SONO,SPT,SSNC,STGW,STKL,STRL,STX,SWTX,SYNA,TFSL,TIGR,TNXP,TOWN,TRI,TRIP,TRMB,TRNS,TRS,TSCO,TSEM,TVTX,TXRH,VC,VCEL,VECO,VIAV,VICR,VIR,VRTX,VSTM,VTRS,WDFC,WSBC,WSC,WYNN,XENE,XNCR,XRAY,ZS
ACET,0.0,0.92,-0.68,-0.475,-0.715,-0.733,-0.131,0.898,-0.823,0.906,-0.51,-0.781,0.596,0.5,-0.881,0.041,-0.746,0.673,0.044,-0.76,0.478,-0.875,0.656,-0.198,0.372,-0.667,0.326,-0.3,-0.795,-0.836,-0.415,-0.891,0.56,-0.462,-0.761,0.002,0.183,0.431,-0.384,-0.571,-0.32,0.163,-0.237,-0.814,-0.823,-0.762,0.567,-0.832,-0.333,-0.865,0.149,0.357,-0.857,-0.737,-0.03,-0.362,-0.445,-0.341,0.682,-0.194,0.427,0.555,-0.874,0.58,0.506,-0.443,0.511,-0.834,0.358,-0.272,-0.528,-0.841,-0.7,-0.896,-0.703,-0.796,-0.666,0.73,-0.837,0.919,0.357,-0.298,-0.646,-0.726,-0.066,-0.065,-0.745,-0.71,0.775,0.755,-0.72,-0.555,0.221,-0.569,-0.592,0.717,-0.024,-0.853,0.661,-0.795,-0.194,0.128,-0.837,-0.771,-0.644,-0.826,-0.098,0.031,0.816,-0.058,-0.783,0.307,0.438,-0.751,-0.904,0.799,-0.837,-0.284,-0.245,0.523,-0.795,-0.796,-0.819,-0.509,0.538,-0.384,-0.371,-0.786,0.153,-0.852,-0.655,0.219,-0.718,-0.295,0.607,-0.921,-0.671,0.87,-0.674,-0.526,-0.16,0.23,-0.646,-0.868,-0.748,-0.746,-0.681,-0.333,0.524,-0.913,-0.677,0.641,-0.556,-0.838,-0.478,0.329,0.524,-0.634,-0.36,-0.519,0.819,0.521,-0.92,0.694,-0.315,-0.052,-0.524,0.384,-0.235,-0.904,0.501,-0.738,-0.617,0.522,-0.655,0.015,-0.25,0.099,0.544,0.676,-0.031,0.607,0.542,-0.418,-0.875,-0.741,-0.671,-0.741,-0.094,0.744,-0.86,0.18,-0.807,0.612,0.143,0.526,0.431,0.798,0.872,-0.852
ADAP,0.92,0.0,-0.639,-0.559,-0.658,-0.788,-0.308,0.798,-0.67,0.77,-0.561,-0.694,0.78,0.586,-0.92,0.219,-0.855,0.808,0.054,-0.598,0.592,-0.729,0.642,-0.376,0.526,-0.784,0.199,-0.187,-0.758,-0.813,-0.284,-0.817,0.347,-0.25,-0.736,-0.005,0.344,0.341,-0.461,-0.703,-0.549,0.245,0.035,-0.718,-0.76,-0.845,0.532,-0.818,-0.14,-0.722,0.322,0.503,-0.894,-0.786,-0.082,-0.466,-0.329,-0.381,0.789,0.064,0.574,0.421,-0.882,0.68,0.681,-0.258,0.385,-0.868,0.563,-0.278,-0.582,-0.841,-0.655,-0.936,-0.517,-0.722,-0.672,0.841,-0.847,0.908,0.591,-0.409,-0.677,-0.555,0.168,0.026,-0.677,-0.737,0.66,0.704,-0.768,-0.612,0.427,-0.321,-0.439,0.814,-0.06,-0.778,0.609,-0.756,-0.356,-0.061,-0.87,-0.561,-0.417,-0.635,0.065,0.09,0.801,0.041,-0.83,0.401,0.568,-0.657,-0.821,0.854,-0.82,-0.51,-0.165,0.703,-0.675,-0.648,-0.809,-0.618,0.497,-0.344,-0.345,-0.578,0.276,-0.74,-0.573,0.466,-0.573,-0.156,0.664,-0.872,-0.631,0.919,-0.714,-0.521,-0.103,0.348,-0.631,-0.838,-0.664,-0.847,-0.675,-0.3,0.363,-0.906,-0.76,0.567,-0.536,-0.897,-0.236,0.221,0.718,-0.512,-0.178,-0.265,0.821,0.663,-0.931,0.57,-0.388,0.025,-0.321,0.563,-0.064,-0.91,0.704,-0.563,-0.447,0.655,-0.484,0.214,-0.099,0.016,0.647,0.708,-0.183,0.348,0.636,-0.184,-0.798,-0.661,-0.642,-0.532,-0.065,0.848,-0.877,0.27,-0.739,0.724,0.085,0.654,0.529,0.673,0.827,-0.835
ADI,-0.68,-0.639,0.0,0.422,0.827,0.692,0.338,-0.631,0.487,-0.712,0.652,0.848,-0.351,-0.371,0.611,0.402,0.559,-0.408,-0.075,0.791,-0.348,0.626,-0.148,0.171,-0.164,0.742,-0.13,0.665,0.838,0.707,0.39,0.828,-0.287,0.257,0.682,0.056,-0.077,-0.232,0.344,0.508,0.223,0.135,0.248,0.911,0.77,0.515,-0.479,0.743,0.559,0.83,0.275,-0.206,0.789,0.714,-0.116,0.63,0.502,0.633,-0.405,0.302,-0.176,-0.171,0.749,-0.3,-0.318,0.76,-0.231,0.834,-0.074,0.032,0.602,0.877,0.863,0.535,0.659,0.734,0.722,-0.536,0.773,-0.541,-0.155,0.537,0.469,0.723,0.178,0.151,0.774,0.672,-0.582,-0.778,0.668,0.616,-0.371,0.483,0.646,-0.374,0.64,0.729,-0.37,0.773,0.472,-0.046,0.731,0.569,0.646,0.591,0.481,0.288,-0.524,0.538,0.708,0.266,-0.074,0.855,0.782,-0.454,0.657,0.044,0.514,-0.479,0.857,0.772,0.825,0.576,-0.592,0.715,0.595,0.721,0.44,0.884,0.749,0.09,0.751,0.671,-0.399,0.808,0.74,-0.549,0.795,0.642,0.527,-0.015,0.817,0.729,0.875,0.447,0.883,0.239,-0.226,0.768,0.593,-0.605,0.362,0.631,0.464,-0.45,-0.381,0.754,0.286,0.391,-0.505,-0.189,0.705,-0.127,0.402,0.258,0.604,0.037,0.504,0.762,-0.278,0.774,0.716,-0.314,0.67,0.251,0.582,-0.327,-0.364,-0.128,0.395,-0.563,0.028,0.592,0.647,0.91,0.809,0.728,0.117,-0.539,0.818,0.259,0.715,-0.389,0.373,-0.381,-0.117,-0.629,-0.604,0.736
ADPT,-0.475,-0.559,0.422,0.0,0.314,0.582,0.692,-0.215,0.441,-0.36,0.676,0.411,-0.699,-0.069,0.628,-0.02,0.78,-0.764,-0.076,0.134,-0.566,0.269,-0.23,0.807,-0.65,0.559,0.282,-0.001,0.529,0.445,-0.18,0.543,0.264,-0.282,0.28,-0.101,-0.671,-0.106,0.442,0.795,0.737,0.252,-0.252,0.432,0.461,0.809,-0.075,0.366,-0.069,0.314,-0.326,-0.663,0.631,0.503,0.083,0.218,-0.148,0.23,-0.72,-0.296,-0.669,0.116,0.614,-0.737,-0.607,-0.072,0.383,0.582,-0.598,0.578,0.251,0.527,0.381,0.614,0.04,0.307,0.529,-0.682,0.568,-0.494,-0.578,0.544,0.331,0.113,-0.569,-0.27,0.275,0.732,-0.064,-0.399,0.562,0.292,-0.442,-0.116,0.091,-0.679,0.289,0.465,-0.127,0.271,0.339,0.585,0.727,0.133,-0.101,0.192,0.012,0.187,-0.389,-0.016,0.689,-0.126,-0.533,0.463,0.284,-0.482,0.465,0.704,0.037,-0.633,0.366,0.182,0.617,0.657,-0.314,0.056,-0.043,0.243,-0.215,0.345,0.171,-0.454,0.096,0.13,-0.699,0.451,0.551,-0.639,0.359,0.364,0.051,-0.028,0.379,0.481,0.34,0.669,0.545,-0.074,0.292,0.499,0.773,-0.187,0.248,0.715,0.019,0.345,-0.791,0.04,-0.165,-0.215,-0.682,-0.36,0.62,-0.085,0.194,-0.345,-0.219,-0.685,0.005,0.52,-0.737,0.229,0.08,-0.755,0.187,-0.135,0.034,-0.222,-0.646,-0.36,0.552,-0.009,-0.467,-0.231,0.565,0.297,0.474,0.083,-0.208,-0.764,0.632,-0.347,0.394,-0.742,0.175,-0.349,-0.52,-0.134,-0.532,0.713
ADTN,-0.715,-0.658,0.827,0.314,0.0,0.731,0.25,-0.733,0.467,-0.716,0.572,0.879,-0.312,-0.615,0.679,0.28,0.594,-0.39,0.066,0.823,-0.321,0.634,-0.411,0.17,-0.115,0.756,-0.426,0.709,0.828,0.74,0.614,0.711,-0.452,0.321,0.763,0.103,0.108,-0.326,0.566,0.422,0.192,-0.055,0.238,0.847,0.876,0.487,-0.642,0.867,0.653,0.823,0.275,-0.083,0.725,0.777,0.042,0.715,0.68,0.688,-0.421,0.272,-0.05,-0.312,0.775,-0.223,-0.366,0.693,-0.421,0.829,0.034,-0.018,0.697,0.847,0.819,0.568,0.718,0.779,0.741,-0.572,0.812,-0.599,-0.134,0.464,0.578,0.818,0.33,0.202,0.801,0.616,-0.657,-0.622,0.742,0.795,-0.444,0.486,0.758,-0.387,0.488,0.795,-0.283,0.902,0.55,-0.211,0.713,0.635,0.647,0.581,0.241,0.018,-0.635,0.339,0.616,0.014,-0.1,0.771,0.809,-0.559,0.581,0.034,0.629,-0.429,0.827,0.812,0.763,0.529,-0.498,0.791,0.616,0.747,0.358,0.892,0.849,0.08,0.86,0.572,-0.22,0.849,0.766,-0.563,0.822,0.589,0.639,-0.247,0.855,0.808,0.906,0.528,0.76,0.186,-0.319,0.786,0.615,-0.751,0.618,0.646,0.347,-0.592,-0.325,0.839,0.289,0.444,-0.423,-0.334,0.715,-0.307,0.66,0.43,0.723,0.045,0.539,0.83,-0.238,0.742,0.806,-0.143,0.513,0.03,0.389,0.048,-0.315,-0.097,0.255,-0.438,0.019,0.59,0.668,0.904,0.712,0.767,0.362,-0.522,0.758,0.345,0.753,-0.303,0.368,-0.57,-0.081,-0.587,-0.664,0.656
AGEN,-0.733,-0.788,0.692,0.582,0.731,0.0,0.585,-0.638,0.58,-0.71,0.81,0.788,-0.695,-0.542,0.86,-0.126,0.868,-0.765,-0.093,0.585,-0.721,0.624,-0.56,0.548,-0.505,0.906,-0.082,0.357,0.886,0.804,0.368,0.676,-0.26,-0.052,0.819,-0.144,-0.294,-0.44,0.722,0.793,0.578,0.117,-0.112,0.749,0.871,0.842,-0.672,0.847,0.383,0.727,0.055,-0.54,0.735,0.929,0.209,0.634,0.571,0.612,-0.782,-0.077,-0.494,-0.167,0.92,-0.623,-0.709,0.357,-0.276,0.917,-0.315,0.378,0.731,0.891,0.778,0.76,0.575,0.733,0.741,-0.882,0.914,-0.777,-0.487,0.707,0.684,0.574,-0.053,0.222,0.834,0.892,-0.502,-0.691,0.944,0.853,-0.6,0.089,0.685,-0.805,0.23,0.889,-0.237,0.826,0.691,0.154,0.821,0.514,0.384,0.46,-0.182,-0.253,-0.681,0.122,0.773,-0.388,-0.486,0.605,0.722,-0.855,0.78,0.461,0.535,-0.734,0.727,0.656,0.765,0.885,-0.428,0.551,0.318,0.603,-0.074,0.746,0.708,-0.264,0.65,0.414,-0.541,0.855,0.911,-0.789,0.84,0.351,0.389,-0.398,0.773,0.85,0.788,0.758,0.659,0.025,-0.035,0.877,0.91,-0.608,0.555,0.925,0.177,-0.181,-0.676,0.656,0.098,0.15,-0.665,-0.62,0.904,-0.318,0.631,0.196,0.328,-0.411,0.407,0.861,-0.652,0.593,0.469,-0.574,0.3,-0.117,0.084,-0.057,-0.648,-0.391,0.287,-0.199,-0.315,0.179,0.817,0.732,0.646,0.454,0.178,-0.702,0.818,-0.017,0.756,-0.692,0.29,-0.706,-0.219,-0.473,-0.752,0.827
ALGN,-0.131,-0.308,0.338,0.692,0.25,0.585,0.0,0.037,0.037,-0.033,0.71,0.239,-0.603,-0.197,0.401,-0.123,0.602,-0.576,-0.093,-0.104,-0.565,-0.079,-0.015,0.783,-0.553,0.631,0.405,0.037,0.442,0.294,-0.187,0.199,0.51,-0.636,0.233,-0.188,-0.557,0.024,0.567,0.724,0.78,0.349,-0.465,0.282,0.334,0.612,-0.158,0.272,-0.089,0.081,-0.111,-0.594,0.39,0.494,0.02,0.446,-0.063,0.459,-0.576,-0.556,-0.519,0.451,0.465,-0.523,-0.577,-0.117,0.486,0.478,-0.498,0.383,0.384,0.458,0.307,0.328,-0.127,0.151,0.428,-0.613,0.46,-0.169,-0.548,0.776,0.34,-0.101,-0.534,-0.124,0.209,0.63,0.208,-0.174,0.563,0.442,-0.694,-0.505,0.05,-0.52,0.424,0.285,0.162,0.209,0.646,0.703,0.498,-0.178,-0.338,-0.182,-0.189,-0.016,-0.171,0.1,0.459,-0.125,-0.379,0.221,0.057,-0.384,0.265,0.609,0.245,-0.655,0.16,0.005,0.382,0.768,-0.073,0.141,0.011,-0.022,-0.064,0.163,0.133,-0.44,0.035,0.203,-0.384,0.26,0.508,-0.395,0.438,0.147,0.261,-0.179,0.362,0.325,0.292,0.486,0.371,-0.161,0.565,0.329,0.671,-0.079,0.239,0.568,-0.279,0.357,-0.655,0.012,-0.406,-0.558,-0.316,-0.324,0.41,0.306,0.385,-0.12,-0.31,-0.461,0.129,0.352,-0.623,0.004,-0.11,-0.55,-0.191,-0.222,0.009,-0.058,-0.519,-0.008,0.679,0.356,-0.137,-0.379,0.313,0.203,0.358,-0.203,-0.108,-0.545,0.439,-0.113,0.195,-0.56,0.478,-0.425,-0.225,0.199,-0.186,0.44
ALLK,0.898,0.798,-0.631,-0.215,-0.733,-0.638,0.037,0.0,-0.759,0.874,-0.287,-0.736,0.405,0.689,-0.775,0.071,-0.555,0.528,-0.064,-0.805,0.386,-0.865,0.684,-0.013,0.264,-0.587,0.57,-0.337,-0.734,-0.703,-0.608,-0.78,0.717,-0.585,-0.813,-0.014,-0.052,0.525,-0.371,-0.378,-0.113,0.246,-0.27,-0.779,-0.767,-0.54,0.702,-0.866,-0.471,-0.831,-0.015,0.206,-0.72,-0.712,-0.091,-0.461,-0.628,-0.442,0.541,-0.299,0.275,0.701,-0.785,0.406,0.453,-0.569,0.659,-0.756,0.159,-0.073,-0.56,-0.778,-0.621,-0.737,-0.774,-0.887,-0.584,0.617,-0.793,0.862,0.247,-0.183,-0.633,-0.832,-0.334,-0.197,-0.783,-0.541,0.904,0.615,-0.621,-0.579,0.145,-0.632,-0.67,0.546,0.013,-0.789,0.674,-0.85,-0.196,0.394,-0.668,-0.768,-0.739,-0.774,-0.078,0.15,0.865,0.034,-0.61,0.338,0.311,-0.65,-0.893,0.722,-0.741,-0.115,-0.324,0.402,-0.718,-0.864,-0.668,-0.373,0.596,-0.415,-0.388,-0.794,0.071,-0.825,-0.768,0.09,-0.807,-0.331,0.424,-0.892,-0.608,0.77,-0.723,-0.546,-0.231,0.391,-0.585,-0.805,-0.769,-0.581,-0.579,-0.284,0.697,-0.88,-0.54,0.761,-0.651,-0.674,-0.468,0.568,0.312,-0.725,-0.49,-0.638,0.639,0.577,-0.782,0.696,-0.454,-0.299,-0.712,0.165,-0.215,-0.859,0.321,-0.781,-0.721,0.324,-0.588,0.091,-0.291,-0.069,0.427,0.6,0.127,0.575,0.443,-0.551,-0.733,-0.742,-0.544,-0.791,-0.301,0.519,-0.738,-0.032,-0.684,0.453,0.218,0.592,0.237,0.869,0.789,-0.646
AMD,-0.823,-0.67,0.487,0.441,0.467,0.58,0.037,-0.759,0.0,-0.837,0.326,0.629,-0.349,-0.273,0.688,0.037,0.574,-0.536,-0.077,0.633,-0.393,0.873,-0.582,0.19,-0.345,0.386,-0.256,0.199,0.622,0.617,0.424,0.755,-0.547,0.466,0.621,-0.157,-0.167,-0.612,0.219,0.467,0.121,0.09,0.348,0.648,0.671,0.633,-0.441,0.626,0.342,0.741,-0.007,-0.326,0.61,0.543,0.111,0.12,0.401,0.096,-0.584,0.314,-0.393,-0.601,0.728,-0.535,-0.374,0.388,-0.431,0.598,-0.224,0.393,0.327,0.638,0.488,0.703,0.712,0.717,0.463,-0.555,0.655,-0.795,-0.13,0.107,0.504,0.653,0.178,0.109,0.625,0.653,-0.668,-0.605,0.486,0.363,0.128,0.58,0.567,-0.585,-0.126,0.723,-0.541,0.59,-0.034,-0.179,0.649,0.792,0.632,0.8,0.131,-0.001,-0.676,-0.036,0.558,-0.297,-0.351,0.594,0.72,-0.639,0.713,0.23,0.21,-0.285,0.644,0.702,0.63,0.346,-0.46,0.124,0.072,0.759,-0.189,0.659,0.532,-0.009,0.584,0.363,-0.588,0.76,0.608,-0.724,0.476,0.387,0.013,-0.083,0.396,0.699,0.582,0.54,0.525,0.13,-0.551,0.746,0.548,-0.521,0.511,0.665,0.634,-0.162,-0.308,0.525,0.464,0.583,-0.701,-0.39,0.748,-0.639,0.192,0.023,0.441,-0.298,0.224,0.696,-0.325,0.711,0.561,-0.452,0.618,0.148,0.311,-0.138,-0.459,-0.673,-0.14,-0.592,-0.493,0.407,0.815,0.525,0.475,0.663,-0.013,-0.511,0.635,-0.199,0.591,-0.536,-0.276,-0.292,-0.363,-0.727,-0.763,0.685
AMWD,0.906,0.77,-0.712,-0.36,-0.716,-0.71,-0.033,0.874,-0.837,0.0,-0.47,-0.821,0.393,0.425,-0.782,-0.125,-0.628,0.541,0.03,-0.844,0.403,-0.931,0.617,-0.088,0.228,-0.595,0.387,-0.422,-0.789,-0.799,-0.594,-0.865,0.672,-0.546,-0.804,-0.018,0.018,0.536,-0.37,-0.456,-0.128,0.019,-0.359,-0.853,-0.841,-0.62,0.584,-0.829,-0.537,-0.914,-0.115,0.237,-0.744,-0.743,-0.044,-0.384,-0.616,-0.429,0.542,-0.425,0.255,0.542,-0.823,0.433,0.405,-0.631,0.566,-0.793,0.119,-0.26,-0.533,-0.796,-0.723,-0.744,-0.832,-0.858,-0.632,0.61,-0.823,0.829,0.152,-0.278,-0.524,-0.835,-0.3,-0.213,-0.845,-0.651,0.815,0.751,-0.684,-0.527,0.16,-0.674,-0.758,0.583,-0.013,-0.879,0.599,-0.807,-0.202,0.273,-0.75,-0.891,-0.783,-0.816,-0.165,-0.001,0.756,-0.105,-0.693,0.215,0.288,-0.724,-0.882,0.703,-0.799,-0.125,-0.383,0.4,-0.855,-0.865,-0.772,-0.479,0.618,-0.463,-0.368,-0.878,-0.045,-0.9,-0.766,-0.026,-0.812,-0.484,0.475,-0.912,-0.74,0.754,-0.709,-0.468,-0.257,0.175,-0.662,-0.836,-0.818,-0.588,-0.668,-0.204,0.535,-0.864,-0.624,0.69,-0.5,-0.729,-0.598,0.438,0.348,-0.761,-0.482,-0.689,0.703,0.424,-0.843,0.609,-0.357,-0.222,-0.68,0.165,-0.373,-0.848,0.289,-0.86,-0.735,0.38,-0.717,-0.169,-0.316,0.208,0.433,0.523,0.023,0.681,0.353,-0.615,-0.844,-0.803,-0.673,-0.792,-0.141,0.547,-0.778,-0.039,-0.785,0.481,0.118,0.468,0.242,0.851,0.828,-0.777
ARDX,-0.51,-0.561,0.652,0.676,0.572,0.81,0.71,-0.287,0.326,-0.47,0.0,0.674,-0.621,-0.13,0.654,0.118,0.763,-0.597,-0.183,0.397,-0.564,0.324,-0.19,0.594,-0.392,0.762,0.259,0.405,0.74,0.639,0.068,0.602,0.062,-0.22,0.511,-0.134,-0.415,-0.087,0.562,0.8,0.642,0.35,-0.095,0.634,0.662,0.745,-0.301,0.533,0.253,0.584,0.049,-0.502,0.636,0.718,0.055,0.465,0.26,0.466,-0.604,-0.122,-0.414,0.203,0.691,-0.519,-0.492,0.284,0.088,0.744,-0.313,0.477,0.497,0.725,0.744,0.57,0.325,0.426,0.659,-0.68,0.699,-0.468,-0.368,0.779,0.496,0.316,-0.275,-0.03,0.582,0.815,-0.157,-0.648,0.767,0.606,-0.584,-0.049,0.425,-0.634,0.435,0.7,-0.038,0.534,0.584,0.432,0.749,0.29,0.171,0.298,0.009,0.083,-0.322,0.397,0.755,-0.046,-0.297,0.573,0.502,-0.575,0.642,0.402,0.413,-0.658,0.641,0.372,0.73,0.82,-0.257,0.532,0.3,0.429,0.127,0.584,0.447,-0.177,0.386,0.393,-0.515,0.592,0.748,-0.548,0.61,0.262,0.381,-0.022,0.728,0.65,0.628,0.638,0.645,0.048,0.319,0.615,0.766,-0.269,0.221,0.762,0.155,0.07,-0.663,0.418,-0.083,-0.064,-0.574,-0.25,0.706,0.01,0.361,-0.06,0.079,-0.353,0.429,0.618,-0.56,0.451,0.258,-0.54,0.294,0.121,0.131,-0.324,-0.487,-0.108,0.54,-0.165,-0.12,0.068,0.652,0.614,0.685,0.275,-0.059,-0.685,0.725,-0.032,0.67,-0.584,0.518,-0.37,-0.214,-0.176,-0.511,0.788
ARQT,-0.781,-0.694,0.848,0.411,0.879,0.788,0.239,-0.736,0.629,-0.821,0.674,0.0,-0.326,-0.431,0.729,0.32,0.667,-0.446,0.014,0.881,-0.398,0.777,-0.46,0.207,-0.156,0.749,-0.282,0.705,0.86,0.742,0.572,0.82,-0.5,0.37,0.786,-0.067,0.005,-0.397,0.531,0.541,0.194,0.137,0.271,0.873,0.889,0.595,-0.557,0.832,0.666,0.927,0.288,-0.203,0.741,0.814,0.084,0.615,0.666,0.542,-0.491,0.333,-0.171,-0.326,0.798,-0.323,-0.363,0.726,-0.441,0.863,0.012,0.155,0.693,0.87,0.856,0.62,0.825,0.814,0.748,-0.595,0.851,-0.699,-0.098,0.523,0.624,0.847,0.297,0.204,0.853,0.718,-0.685,-0.783,0.772,0.71,-0.303,0.539,0.785,-0.464,0.398,0.881,-0.344,0.861,0.437,-0.192,0.785,0.767,0.723,0.663,0.258,0.058,-0.597,0.371,0.721,0.005,-0.075,0.79,0.879,-0.625,0.684,0.049,0.589,-0.482,0.899,0.836,0.855,0.591,-0.532,0.729,0.519,0.805,0.327,0.903,0.821,0.124,0.813,0.616,-0.413,0.889,0.831,-0.606,0.791,0.556,0.467,-0.114,0.863,0.87,0.907,0.524,0.793,0.159,-0.328,0.839,0.65,-0.664,0.477,0.707,0.541,-0.513,-0.367,0.845,0.421,0.544,-0.527,-0.307,0.79,-0.307,0.543,0.347,0.67,-0.025,0.57,0.818,-0.279,0.821,0.825,-0.287,0.66,0.178,0.381,-0.146,-0.341,-0.201,0.218,-0.558,-0.083,0.623,0.779,0.91,0.743,0.79,0.236,-0.546,0.8,0.278,0.832,-0.415,0.358,-0.453,-0.15,-0.632,-0.739,0.783
ASTE,0.596,0.78,-0.351,-0.699,-0.312,-0.695,-0.603,0.405,-0.349,0.393,-0.621,-0.326,0.0,0.377,-0.785,0.482,-0.827,0.909,0.132,-0.106,0.724,-0.279,0.415,-0.671,0.747,-0.703,-0.176,0.236,-0.55,-0.601,0.193,-0.502,-0.1,0.248,-0.447,0.032,0.676,0.059,-0.455,-0.821,-0.863,0.095,0.381,-0.409,-0.454,-0.878,0.322,-0.517,0.238,-0.309,0.588,0.755,-0.702,-0.622,-0.158,-0.31,0.032,-0.31,0.854,0.47,0.772,0.043,-0.708,0.831,0.805,0.19,-0.076,-0.663,0.815,-0.503,-0.335,-0.614,-0.418,-0.822,0.006,-0.361,-0.517,0.868,-0.648,0.688,0.87,-0.54,-0.463,-0.065,0.643,0.207,-0.362,-0.719,0.214,0.454,-0.683,-0.444,0.622,0.228,-0.065,0.905,-0.01,-0.534,0.342,-0.418,-0.459,-0.521,-0.718,-0.065,0.115,-0.227,0.358,0.117,0.595,0.172,-0.768,0.506,0.79,-0.355,-0.414,0.739,-0.675,-0.798,0.062,0.776,-0.328,-0.188,-0.566,-0.715,0.282,-0.069,-0.043,-0.186,0.525,-0.362,-0.198,0.778,-0.146,0.155,0.694,-0.539,-0.46,0.815,-0.48,-0.305,0.064,0.366,-0.386,-0.559,-0.313,-0.837,-0.427,-0.121,-0.161,-0.638,-0.79,0.25,-0.323,-0.851,0.206,-0.269,0.91,-0.055,0.242,0.256,0.777,0.704,-0.746,0.332,-0.234,0.354,0.211,0.852,0.203,-0.656,0.931,-0.159,0.084,0.844,-0.081,0.452,0.172,0.077,0.792,0.633,-0.379,-0.069,0.708,0.348,-0.562,-0.286,-0.449,-0.008,0.046,0.856,-0.697,0.529,-0.5,0.837,0.093,0.62,0.555,0.264,0.582,-0.721
AUPH,0.5,0.586,-0.371,-0.069,-0.615,-0.542,-0.197,0.689,-0.273,0.425,-0.13,-0.431,0.377,0.0,-0.564,0.337,-0.446,0.473,-0.215,-0.422,0.465,-0.409,0.625,-0.17,0.377,-0.624,0.619,-0.201,-0.523,-0.42,-0.526,-0.307,0.395,-0.123,-0.687,-0.013,-0.037,0.401,-0.556,-0.261,-0.249,0.431,0.203,-0.448,-0.578,-0.343,0.779,-0.778,-0.29,-0.38,-0.008,0.243,-0.452,-0.659,-0.184,-0.702,-0.567,-0.644,0.5,0.092,0.258,0.49,-0.6,0.306,0.609,-0.258,0.451,-0.608,0.181,0.179,-0.65,-0.582,-0.337,-0.469,-0.399,-0.668,-0.476,0.615,-0.641,0.569,0.447,-0.243,-0.562,-0.54,-0.232,-0.237,-0.571,-0.335,0.601,0.175,-0.577,-0.699,0.504,-0.111,-0.489,0.398,-0.066,-0.476,0.333,-0.743,-0.551,0.27,-0.419,-0.293,-0.291,-0.212,0.291,0.466,0.759,0.311,-0.284,0.49,0.36,-0.293,-0.537,0.639,-0.358,-0.244,-0.409,0.465,-0.304,-0.567,-0.337,-0.395,0.429,-0.343,-0.294,-0.348,0.111,-0.493,-0.664,0.314,-0.595,-0.194,0.152,-0.63,-0.464,0.589,-0.73,-0.44,-0.34,0.789,-0.401,-0.545,-0.573,-0.482,-0.314,-0.038,0.398,-0.643,-0.501,0.725,-0.75,-0.488,0.112,0.556,0.303,-0.52,-0.118,-0.186,0.266,0.753,-0.509,0.408,-0.768,-0.525,-0.492,0.172,-0.064,-0.681,0.396,-0.345,-0.482,0.204,-0.006,0.546,-0.037,-0.514,0.424,0.326,0.015,-0.047,0.29,-0.174,-0.356,-0.486,-0.22,-0.364,-0.54,0.359,-0.469,-0.176,-0.318,0.369,0.002,0.867,0.07,0.482,0.498,-0.268
AVXL,-0.881,-0.92,0.611,0.628,0.679,0.86,0.401,-0.775,0.688,-0.782,0.654,0.729,-0.785,-0.564,0.0,-0.189,0.916,-0.861,-0.016,0.582,-0.655,0.716,-0.681,0.509,-0.568,0.805,-0.196,0.188,0.787,0.801,0.314,0.789,-0.312,0.163,0.772,0.034,-0.34,-0.371,0.609,0.79,0.605,-0.101,-0.061,0.72,0.809,0.893,-0.556,0.845,0.187,0.718,-0.274,-0.535,0.877,0.838,0.194,0.502,0.382,0.431,-0.849,-0.082,-0.592,-0.351,0.921,-0.715,-0.713,0.232,-0.301,0.885,-0.509,0.405,0.609,0.844,0.647,0.934,0.516,0.74,0.7,-0.891,0.893,-0.905,-0.597,0.491,0.684,0.569,-0.167,-0.01,0.706,0.814,-0.606,-0.696,0.844,0.673,-0.479,0.242,0.515,-0.876,0.077,0.859,-0.504,0.767,0.437,0.113,0.907,0.575,0.373,0.584,-0.137,-0.107,-0.804,-0.088,0.861,-0.445,-0.604,0.631,0.787,-0.866,0.81,0.578,0.249,-0.708,0.706,0.629,0.827,0.713,-0.479,0.372,0.263,0.619,-0.288,0.731,0.607,-0.446,0.6,0.161,-0.652,0.874,0.738,-0.93,0.727,0.485,0.209,-0.353,0.676,0.884,0.694,0.891,0.691,0.173,-0.248,0.915,0.865,-0.557,0.602,0.942,0.187,-0.143,-0.759,0.519,0.135,0.227,-0.824,-0.698,0.943,-0.542,0.495,-0.013,0.294,-0.602,0.123,0.933,-0.717,0.593,0.454,-0.662,0.405,-0.259,0.062,0.027,-0.661,-0.621,0.263,-0.268,-0.611,0.14,0.846,0.659,0.664,0.502,0.105,-0.842,0.875,-0.234,0.743,-0.755,-0.017,-0.71,-0.479,-0.584,-0.857,0.86
AZTA,0.041,0.219,0.402,-0.02,0.28,-0.126,-0.123,0.071,0.037,-0.125,0.118,0.32,0.482,0.337,-0.189,0.0,-0.16,0.432,0.056,0.393,0.446,0.118,0.414,-0.24,0.493,-0.071,0.038,0.697,0.043,0.014,0.241,0.249,-0.016,0.337,-0.102,0.238,0.325,0.163,-0.208,-0.134,-0.355,0.348,0.449,0.267,0.12,-0.251,0.259,-0.05,0.42,0.283,0.473,0.429,0.091,-0.08,-0.256,0.082,0.113,0.021,0.4,0.557,0.45,0.108,-0.093,0.432,0.522,0.551,0.102,0.012,0.443,-0.119,0.037,0.04,0.295,-0.231,0.32,0.041,0.212,0.364,-0.024,0.277,0.595,0.008,-0.178,0.275,0.384,-0.067,0.059,-0.048,-0.01,-0.269,-0.138,-0.074,0.246,0.48,0.201,0.452,0.609,0.017,0.005,0.027,-0.083,-0.168,0.041,0.292,0.379,0.184,0.818,0.674,0.298,0.649,0.026,0.824,0.613,0.35,0.096,0.432,-0.084,-0.454,0.174,0.255,0.381,0.167,0.281,-0.181,-0.035,0.419,0.432,0.257,0.779,0.3,0.158,0.597,0.193,0.579,0.204,0.041,0.079,0.32,0.056,0.341,0.292,0.58,0.334,0.052,0.257,-0.273,0.443,0.13,-0.066,-0.096,-0.191,0.041,-0.222,-0.225,0.502,-0.252,0.301,0.32,0.245,0.364,0.215,0.61,-0.138,0.364,-0.086,0.187,0.371,0.578,0.398,-0.061,0.51,0.312,0.428,0.376,0.559,0.638,0.527,-0.372,0.458,0.491,0.315,-0.441,0.56,0.595,-0.021,0.385,0.372,0.397,-0.212,0.144,0.044,0.541,0.173,0.383,0.428,0.421,0.092,-0.07,0.116,0.036
BAND,-0.746,-0.855,0.559,0.78,0.594,0.868,0.602,-0.555,0.574,-0.628,0.763,0.667,-0.827,-0.446,0.916,-0.16,0.0,-0.887,-0.004,0.441,-0.686,0.557,-0.575,0.713,-0.631,0.842,0.069,0.203,0.715,0.716,0.205,0.692,-0.077,-0.047,0.635,-0.075,-0.488,-0.278,0.659,0.908,0.785,0.048,-0.272,0.607,0.732,0.943,-0.394,0.722,0.083,0.598,-0.313,-0.649,0.831,0.838,0.222,0.523,0.243,0.393,-0.875,-0.245,-0.667,-0.137,0.854,-0.744,-0.751,0.098,-0.105,0.861,-0.603,0.513,0.621,0.773,0.619,0.866,0.376,0.596,0.755,-0.903,0.854,-0.801,-0.65,0.634,0.665,0.384,-0.347,-0.133,0.595,0.857,-0.416,-0.65,0.839,0.656,-0.57,0.031,0.381,-0.865,0.167,0.757,-0.363,0.653,0.536,0.317,0.902,0.406,0.163,0.385,-0.194,-0.081,-0.642,-0.077,0.864,-0.406,-0.571,0.535,0.631,-0.815,0.733,0.719,0.203,-0.824,0.599,0.456,0.834,0.776,-0.383,0.342,0.239,0.428,-0.263,0.614,0.476,-0.541,0.411,0.177,-0.704,0.769,0.718,-0.852,0.687,0.434,0.129,-0.308,0.671,0.826,0.607,0.902,0.677,0.1,-0.011,0.824,0.899,-0.422,0.476,0.937,0.108,0.016,-0.855,0.388,0.034,0.012,-0.758,-0.658,0.88,-0.316,0.52,-0.076,0.077,-0.678,0.064,0.833,-0.803,0.424,0.306,-0.739,0.304,-0.279,-0.04,-0.013,-0.672,-0.498,0.471,-0.086,-0.592,-0.045,0.743,0.581,0.645,0.307,-0.057,-0.885,0.818,-0.217,0.703,-0.798,0.151,-0.65,-0.56,-0.388,-0.755,0.847
BECN,0.673,0.808,-0.408,-0.764,-0.39,-0.765,-0.576,0.528,-0.536,0.541,-0.597,-0.446,0.909,0.473,-0.861,0.432,-0.887,0.0,0.066,-0.237,0.8,-0.455,0.587,-0.723,0.829,-0.723,-0.004,0.14,-0.642,-0.58,-0.01,-0.583,0.047,0.18,-0.593,0.099,0.643,0.291,-0.568,-0.83,-0.789,0.02,0.354,-0.505,-0.583,-0.914,0.45,-0.644,0.051,-0.419,0.43,0.803,-0.708,-0.736,-0.215,-0.379,-0.126,-0.386,0.946,0.32,0.819,0.181,-0.799,0.902,0.881,0.064,0.009,-0.748,0.716,-0.51,-0.43,-0.679,-0.442,-0.824,-0.177,-0.552,-0.581,0.935,-0.757,0.798,0.83,-0.536,-0.529,-0.27,0.466,0.122,-0.509,-0.765,0.363,0.475,-0.739,-0.513,0.59,0.106,-0.257,0.914,0.021,-0.638,0.363,-0.528,-0.443,-0.351,-0.802,-0.233,-0.025,-0.283,0.354,0.192,0.738,0.309,-0.761,0.57,0.794,-0.404,-0.506,0.832,-0.692,-0.78,-0.088,0.783,-0.393,-0.359,-0.621,-0.76,0.466,-0.062,0.042,-0.339,0.481,-0.459,-0.384,0.672,-0.286,-0.003,0.774,-0.662,-0.617,0.913,-0.578,-0.342,0.008,0.447,-0.396,-0.645,-0.452,-0.865,-0.479,0.037,-0.033,-0.748,-0.886,0.432,-0.479,-0.887,0.07,-0.138,0.874,-0.196,0.069,0.077,0.829,0.781,-0.813,0.422,-0.404,0.178,0.062,0.825,0.116,-0.753,0.914,-0.333,-0.127,0.88,-0.123,0.439,0.127,0.009,0.867,0.666,-0.319,-0.013,0.746,0.221,-0.665,-0.368,-0.446,-0.142,-0.035,0.831,-0.748,0.424,-0.511,0.919,0.109,0.722,0.499,0.401,0.747,-0.759
BFC,0.044,0.054,-0.075,-0.076,0.066,-0.093,-0.093,-0.064,-0.077,0.03,-0.183,0.014,0.132,-0.215,-0.016,0.056,-0.004,0.066,0.0,0.092,0.217,0.036,-0.158,-0.033,0.214,0.051,-0.15,0.133,-0.184,-0.11,0.369,-0.109,-0.033,0.217,-0.039,0.094,0.309,0.092,0.2,-0.038,0.032,-0.074,-0.246,-0.118,-0.086,-0.122,0.047,0.048,-0.079,-0.029,-0.082,0.187,0.025,0.079,-0.035,0.279,0.007,0.009,0.128,-0.059,0.127,-0.091,-0.118,0.275,0.043,-0.031,-0.042,0.004,-0.003,-0.01,0.317,-0.118,-0.185,-0.049,0.058,0.064,0.069,0.096,0.033,0.037,0.052,0.004,0.108,0.045,0.164,-0.172,-0.059,-0.123,-0.11,0.167,-0.019,-0.06,0.035,0.044,-0.068,0.144,0.019,-0.067,-0.213,0.038,0.101,-0.125,-0.114,0.005,-0.084,-0.147,-0.022,-0.061,-0.025,-0.32,-0.053,-0.015,0.255,-0.239,-0.011,0.045,-0.114,0.078,-0.125,-0.113,-0.092,-0.055,-0.002,-0.191,-0.067,0.049,0.189,-0.154,-0.002,-0.035,0.005,-0.125,0.032,0.022,0.269,0.029,-0.118,0.06,0.117,0.261,-0.084,-0.171,0.088,0.084,0.007,-0.064,-0.028,0.164,-0.227,-0.04,-0.039,0.005,-0.034,-0.105,-0.025,-0.162,0.108,-0.032,0.134,0.064,0.304,-0.176,-0.14,0.075,0.285,0.317,0.104,0.097,-0.24,-0.013,0.145,-0.094,0.089,0.191,-0.063,-0.152,-0.135,0.323,0.265,0.122,0.173,0.139,-0.087,0.041,-0.226,0.042,0.071,-0.051,-0.022,-0.002,-0.119,0.382,-0.044,0.194,0.023,-0.11,-0.1,0.073,0.152,-0.164
BGC,-0.76,-0.598,0.791,0.134,0.823,0.585,-0.104,-0.805,0.633,-0.844,0.397,0.881,-0.106,-0.422,0.582,0.393,0.441,-0.237,0.092,0.0,-0.161,0.828,-0.425,-0.134,0.089,0.548,-0.435,0.747,0.714,0.68,0.734,0.777,-0.704,0.668,0.722,0.085,0.272,-0.385,0.317,0.267,-0.069,0.002,0.418,0.828,0.774,0.361,-0.538,0.779,0.692,0.933,0.341,0.056,0.637,0.678,-0.014,0.54,0.718,0.458,-0.238,0.568,0.03,-0.502,0.654,-0.076,-0.128,0.833,-0.639,0.732,0.168,-0.026,0.634,0.731,0.771,0.499,0.912,0.819,0.69,-0.368,0.727,-0.639,0.101,0.259,0.518,0.911,0.547,0.236,0.821,0.477,-0.821,-0.729,0.569,0.563,-0.066,0.755,0.788,-0.26,0.266,0.778,-0.522,0.839,0.258,-0.479,0.592,0.829,0.877,0.739,0.367,0.062,-0.577,0.337,0.567,0.078,0.098,0.695,0.874,-0.489,0.636,-0.174,0.478,-0.295,0.869,0.887,0.74,0.306,-0.587,0.724,0.631,0.827,0.391,0.912,0.825,0.26,0.87,0.615,-0.221,0.84,0.645,-0.475,0.721,0.581,0.395,-0.115,0.797,0.776,0.863,0.352,0.694,0.308,-0.594,0.754,0.406,-0.695,0.372,0.507,0.668,-0.711,-0.123,0.872,0.602,0.777,-0.387,-0.22,0.644,-0.406,0.451,0.446,0.861,0.19,0.488,0.723,-0.02,0.862,0.876,-0.057,0.766,0.27,0.448,-0.15,-0.134,-0.189,0.015,-0.747,-0.03,0.816,0.639,0.916,0.702,0.898,0.218,-0.365,0.656,0.411,0.774,-0.161,0.162,-0.332,-0.078,-0.769,-0.644,0.633
BHF,0.478,0.592,-0.348,-0.566,-0.321,-0.721,-0.565,0.386,-0.393,0.403,-0.564,-0.398,0.724,0.465,-0.655,0.446,-0.686,0.8,0.217,-0.161,0.0,-0.306,0.523,-0.658,0.85,-0.651,0.073,0.121,-0.652,-0.452,0.029,-0.395,0.11,0.326,-0.642,0.346,0.637,0.445,-0.543,-0.636,-0.578,-0.118,0.268,-0.455,-0.56,-0.725,0.594,-0.596,-0.138,-0.338,0.087,0.816,-0.443,-0.679,-0.329,-0.36,-0.289,-0.49,0.85,0.257,0.708,0.134,-0.711,0.829,0.876,-0.035,0.035,-0.649,0.464,-0.324,-0.356,-0.638,-0.445,-0.572,-0.176,-0.506,-0.432,0.862,-0.653,0.648,0.727,-0.527,-0.402,-0.278,0.298,-0.163,-0.547,-0.665,0.279,0.315,-0.7,-0.58,0.613,0.237,-0.404,0.758,-0.021,-0.58,0.085,-0.521,-0.502,-0.244,-0.617,-0.125,-0.069,-0.178,0.449,0.335,0.659,0.2,-0.527,0.551,0.723,-0.335,-0.418,0.775,-0.55,-0.527,-0.361,0.61,-0.305,-0.366,-0.399,-0.79,0.401,-0.096,0.159,-0.346,0.311,-0.373,-0.453,0.421,-0.299,-0.126,0.664,-0.548,-0.656,0.722,-0.551,-0.181,-0.164,0.53,-0.3,-0.486,-0.427,-0.622,-0.313,0.315,-0.161,-0.632,-0.797,0.515,-0.491,-0.744,0.127,-0.059,0.668,-0.266,0.121,0.093,0.659,0.728,-0.67,0.326,-0.445,0.011,0.001,0.59,-0.108,-0.62,0.805,-0.319,-0.138,0.775,0.019,0.392,0.052,0.021,0.847,0.467,-0.104,-0.043,0.435,0.186,-0.564,-0.302,-0.2,-0.089,-0.325,0.566,-0.599,0.287,-0.371,0.849,0.011,0.697,0.252,0.316,0.641,-0.622
BHFAL,-0.875,-0.729,0.626,0.269,0.634,0.624,-0.079,-0.865,0.873,-0.931,0.324,0.777,-0.279,-0.409,0.716,0.118,0.557,-0.455,0.036,0.828,-0.306,0.0,-0.632,0.007,-0.15,0.514,-0.388,0.403,0.679,0.721,0.613,0.809,-0.68,0.617,0.748,-0.001,0.069,-0.55,0.304,0.386,0.025,-0.078,0.379,0.744,0.771,0.555,-0.51,0.764,0.493,0.867,0.095,-0.153,0.689,0.643,0.081,0.323,0.581,0.26,-0.486,0.432,-0.239,-0.604,0.747,-0.358,-0.301,0.579,-0.65,0.708,-0.064,0.194,0.533,0.714,0.605,0.71,0.861,0.811,0.568,-0.518,0.733,-0.816,-0.056,0.143,0.556,0.812,0.36,0.23,0.773,0.581,-0.817,-0.741,0.586,0.471,0.013,0.723,0.705,-0.513,-0.046,0.806,-0.619,0.751,0.081,-0.34,0.669,0.906,0.805,0.839,0.194,-0.043,-0.683,0.062,0.603,-0.222,-0.205,0.667,0.866,-0.653,0.714,0.077,0.315,-0.313,0.794,0.84,0.717,0.351,-0.539,0.418,0.372,0.825,-0.008,0.814,0.687,0.056,0.758,0.421,-0.448,0.867,0.644,-0.694,0.627,0.445,0.154,-0.137,0.569,0.812,0.733,0.507,0.612,0.268,-0.681,0.822,0.514,-0.607,0.491,0.645,0.642,-0.465,-0.251,0.737,0.558,0.717,-0.618,-0.377,0.779,-0.635,0.31,0.257,0.67,-0.124,0.347,0.775,-0.209,0.796,0.74,-0.298,0.714,0.181,0.296,-0.112,-0.321,-0.544,-0.113,-0.671,-0.373,0.618,0.797,0.729,0.565,0.808,0.08,-0.46,0.682,0.024,0.729,-0.411,-0.151,-0.393,-0.249,-0.833,-0.772,0.679
BKNG,0.656,0.642,-0.148,-0.23,-0.411,-0.56,-0.015,0.684,-0.582,0.617,-0.19,-0.46,0.415,0.625,-0.681,0.414,-0.575,0.587,-0.158,-0.425,0.523,-0.632,0.0,-0.241,0.388,-0.44,0.501,-0.035,-0.447,-0.47,-0.51,-0.377,0.572,-0.288,-0.652,0.165,0.06,0.589,-0.541,-0.339,-0.239,0.189,0.082,-0.359,-0.597,-0.538,0.596,-0.676,-0.27,-0.481,0.122,0.328,-0.399,-0.633,-0.345,-0.298,-0.502,-0.297,0.597,-0.028,0.39,0.55,-0.591,0.46,0.603,-0.096,0.544,-0.539,0.217,-0.274,-0.46,-0.455,-0.289,-0.609,-0.494,-0.617,-0.375,0.616,-0.611,0.777,0.394,-0.169,-0.51,-0.525,-0.153,-0.123,-0.555,-0.403,0.639,0.268,-0.571,-0.493,0.263,-0.23,-0.509,0.597,0.392,-0.623,0.403,-0.605,-0.173,0.303,-0.509,-0.531,-0.332,-0.389,0.468,0.53,0.731,0.502,-0.39,0.738,0.442,-0.204,-0.571,0.793,-0.493,-0.309,-0.236,0.41,-0.353,-0.529,-0.4,-0.368,0.353,-0.128,-0.001,-0.477,0.377,-0.45,-0.534,0.294,-0.498,-0.05,0.363,-0.637,-0.494,0.668,-0.484,-0.159,-0.03,0.58,-0.318,-0.632,-0.453,-0.578,-0.181,0.079,0.425,-0.656,-0.553,0.588,-0.61,-0.596,-0.14,0.301,0.341,-0.422,-0.304,-0.382,0.508,0.723,-0.621,0.704,-0.53,-0.256,-0.355,0.414,-0.013,-0.643,0.433,-0.398,-0.43,0.352,-0.14,0.394,0.256,-0.337,0.428,0.539,0.241,0.122,0.593,-0.141,-0.57,-0.359,-0.149,-0.353,-0.336,0.44,-0.42,0.08,-0.482,0.48,0.286,0.664,0.277,0.515,0.717,-0.429
BL,-0.198,-0.376,0.171,0.807,0.17,0.548,0.783,-0.013,0.19,-0.088,0.594,0.207,-0.671,-0.17,0.509,-0.24,0.713,-0.723,-0.033,-0.134,-0.658,0.007,-0.241,0.0,-0.747,0.544,0.29,-0.116,0.371,0.223,-0.244,0.237,0.405,-0.546,0.252,-0.214,-0.695,-0.12,0.499,0.774,0.79,0.294,-0.45,0.181,0.326,0.709,-0.134,0.275,-0.132,0.045,-0.285,-0.72,0.388,0.458,0.329,0.277,-0.108,0.261,-0.732,-0.51,-0.678,0.235,0.489,-0.718,-0.699,-0.288,0.46,0.446,-0.556,0.546,0.199,0.383,0.232,0.444,-0.156,0.151,0.345,-0.686,0.442,-0.352,-0.661,0.562,0.294,-0.082,-0.629,-0.231,0.158,0.649,0.121,-0.184,0.509,0.379,-0.58,-0.464,0.018,-0.637,0.207,0.315,0.134,0.18,0.472,0.624,0.569,-0.152,-0.337,-0.111,-0.332,-0.027,-0.292,-0.18,0.497,-0.334,-0.566,0.206,0.081,-0.446,0.283,0.779,0.094,-0.585,0.108,-0.044,0.396,0.683,-0.116,-0.007,-0.218,0.021,-0.294,0.082,0.089,-0.515,-0.071,0.006,-0.586,0.264,0.469,-0.493,0.283,0.142,0.084,-0.183,0.239,0.326,0.183,0.628,0.344,-0.327,0.492,0.352,0.736,-0.105,0.343,0.613,-0.282,0.441,-0.755,-0.064,-0.331,-0.457,-0.482,-0.471,0.445,0.047,0.375,-0.292,-0.396,-0.683,-0.083,0.398,-0.777,0.006,-0.098,-0.705,-0.178,-0.398,-0.202,0.041,-0.628,-0.191,0.53,0.363,-0.384,-0.468,0.346,0.079,0.201,-0.205,-0.06,-0.594,0.444,-0.327,0.194,-0.721,0.199,-0.452,-0.388,0.118,-0.375,0.485
BOKF,0.372,0.526,-0.164,-0.65,-0.115,-0.505,-0.553,0.264,-0.345,0.228,-0.392,-0.156,0.747,0.377,-0.568,0.493,-0.631,0.829,0.214,0.089,0.85,-0.15,0.388,-0.747,0.0,-0.489,0.011,0.345,-0.443,-0.245,0.262,-0.326,-0.083,0.409,-0.417,0.315,0.842,0.309,-0.36,-0.631,-0.648,-0.059,0.347,-0.266,-0.344,-0.687,0.369,-0.401,0.129,-0.098,0.344,0.92,-0.403,-0.472,-0.252,-0.169,0.025,-0.281,0.877,0.396,0.847,0.12,-0.575,0.935,0.866,0.213,-0.196,-0.474,0.678,-0.339,-0.122,-0.456,-0.223,-0.544,0.077,-0.354,-0.277,0.805,-0.483,0.55,0.812,-0.375,-0.255,-0.068,0.525,0.088,-0.271,-0.543,0.109,0.172,-0.471,-0.337,0.522,0.335,-0.091,0.706,0.037,-0.335,0.11,-0.276,-0.301,-0.373,-0.566,0.072,0.165,-0.054,0.416,0.167,0.606,0.375,-0.458,0.526,0.817,-0.229,-0.215,0.623,-0.402,-0.678,-0.094,0.554,-0.072,-0.137,-0.297,-0.629,0.351,0.232,0.364,-0.152,0.468,-0.159,-0.207,0.584,-0.031,0.073,0.772,-0.368,-0.414,0.712,-0.333,-0.18,0.035,0.446,-0.036,-0.287,-0.193,-0.633,-0.237,0.379,-0.194,-0.476,-0.69,0.343,-0.444,-0.628,0.252,-0.273,0.726,0.021,0.272,0.25,0.68,0.687,-0.533,0.285,-0.273,0.251,0.249,0.755,0.192,-0.501,0.873,-0.15,0.056,0.891,0.101,0.516,0.083,-0.021,0.89,0.561,-0.164,-0.182,0.591,0.39,-0.411,-0.051,-0.063,0.097,-0.146,0.594,-0.517,0.509,-0.131,0.923,0.191,0.617,0.367,0.233,0.549,-0.507
BRKR,-0.667,-0.784,0.742,0.559,0.756,0.906,0.631,-0.587,0.386,-0.595,0.762,0.749,-0.703,-0.624,0.805,-0.071,0.842,-0.723,0.051,0.548,-0.651,0.514,-0.44,0.544,-0.489,0.0,-0.081,0.405,0.806,0.744,0.325,0.654,-0.13,-0.054,0.756,-0.04,-0.308,-0.23,0.691,0.785,0.651,0.01,-0.226,0.725,0.793,0.77,-0.576,0.836,0.282,0.65,-0.043,-0.506,0.801,0.902,0.105,0.772,0.458,0.692,-0.733,-0.18,-0.476,-0.058,0.863,-0.552,-0.696,0.339,-0.189,0.931,-0.408,0.222,0.796,0.873,0.74,0.728,0.463,0.696,0.781,-0.853,0.899,-0.68,-0.548,0.733,0.676,0.514,-0.144,0.103,0.737,0.797,-0.458,-0.66,0.906,0.797,-0.72,0.036,0.54,-0.714,0.402,0.767,-0.298,0.804,0.787,0.232,0.823,0.365,0.288,0.319,-0.096,-0.108,-0.633,0.141,0.783,-0.238,-0.386,0.6,0.681,-0.75,0.669,0.502,0.47,-0.811,0.684,0.582,0.792,0.848,-0.473,0.614,0.458,0.46,0.04,0.727,0.659,-0.377,0.592,0.377,-0.485,0.823,0.784,-0.74,0.877,0.518,0.398,-0.427,0.811,0.82,0.768,0.71,0.73,0.103,-0.005,0.833,0.86,-0.571,0.489,0.855,0.033,-0.256,-0.726,0.586,0.017,0.03,-0.564,-0.633,0.821,-0.138,0.671,0.212,0.309,-0.385,0.289,0.851,-0.66,0.506,0.458,-0.561,0.298,-0.23,0.134,0.004,-0.591,-0.276,0.483,-0.116,-0.274,0.157,0.646,0.751,0.671,0.377,0.153,-0.739,0.805,0.084,0.691,-0.654,0.382,-0.77,-0.309,-0.419,-0.631,0.766
CACC,0.326,0.199,-0.13,0.282,-0.426,-0.082,0.405,0.57,-0.256,0.387,0.259,-0.282,-0.176,0.619,-0.196,0.038,0.069,-0.004,-0.15,-0.435,0.073,-0.388,0.501,0.29,0.011,-0.081,0.0,-0.215,-0.262,-0.146,-0.541,-0.19,0.678,-0.461,-0.485,-0.099,-0.326,0.454,-0.156,0.309,0.402,0.364,-0.357,-0.308,-0.381,0.122,0.611,-0.514,-0.504,-0.307,-0.294,-0.165,-0.077,-0.217,-0.009,-0.226,-0.567,-0.376,0.05,-0.405,-0.168,0.639,-0.248,-0.037,0.13,-0.388,0.525,-0.205,-0.316,0.401,-0.177,-0.237,-0.138,-0.111,-0.455,-0.528,-0.045,0.111,-0.263,0.298,-0.088,0.249,-0.085,-0.652,-0.611,-0.402,-0.394,0.118,0.549,-0.021,-0.161,-0.264,0.024,-0.463,-0.532,-0.046,0.149,-0.292,0.205,-0.487,-0.021,0.659,-0.097,-0.411,-0.531,-0.334,0.009,0.249,0.55,0.24,0.11,0.212,0.052,-0.225,-0.407,0.24,-0.057,0.322,-0.391,-0.165,-0.251,-0.536,-0.018,0.068,0.424,-0.192,-0.066,-0.478,-0.125,-0.38,-0.568,-0.262,-0.572,-0.186,-0.138,-0.376,-0.202,0.229,-0.307,-0.259,-0.354,0.46,-0.096,-0.204,-0.391,-0.037,-0.045,0.154,0.557,-0.285,-0.053,0.673,-0.545,-0.029,-0.099,0.661,-0.216,-0.489,-0.24,-0.59,0.064,0.302,-0.165,0.534,-0.373,-0.49,-0.699,-0.244,-0.234,-0.356,-0.148,-0.457,-0.61,-0.184,-0.164,0.162,-0.178,-0.365,0.09,0.153,0.495,0.301,-0.04,-0.531,-0.206,-0.3,0.069,-0.49,-0.659,-0.104,-0.151,-0.268,-0.095,-0.017,0.223,0.451,-0.208,0.524,0.357,-0.011
CAR,-0.3,-0.187,0.665,-0.001,0.709,0.357,0.037,-0.337,0.199,-0.422,0.405,0.705,0.236,-0.201,0.188,0.697,0.203,0.14,0.133,0.747,0.121,0.403,-0.035,-0.116,0.345,0.405,-0.215,0.0,0.453,0.355,0.648,0.458,-0.33,0.392,0.399,0.044,0.385,-0.164,0.231,0.119,-0.152,0.197,0.3,0.574,0.536,0.033,-0.258,0.455,0.674,0.637,0.599,0.269,0.335,0.448,-0.121,0.564,0.585,0.407,0.103,0.468,0.307,-0.092,0.3,0.278,0.165,0.776,-0.318,0.469,0.4,-0.177,0.568,0.463,0.646,0.06,0.695,0.479,0.533,-0.041,0.428,-0.133,0.385,0.315,0.303,0.649,0.561,0.133,0.53,0.241,-0.409,-0.496,0.329,0.471,-0.101,0.5,0.608,0.15,0.578,0.429,-0.103,0.559,0.322,-0.357,0.343,0.516,0.612,0.34,0.502,0.219,-0.102,0.574,0.277,0.445,0.497,0.5,0.513,-0.094,0.222,-0.358,0.569,-0.144,0.638,0.566,0.554,0.179,-0.294,0.784,0.68,0.497,0.759,0.637,0.626,0.473,0.62,0.726,0.091,0.479,0.466,-0.018,0.542,0.415,0.557,0.112,0.74,0.476,0.698,0.063,0.598,0.171,-0.256,0.375,0.147,-0.406,0.161,0.154,0.547,-0.642,0.085,0.739,0.402,0.494,0.055,0.177,0.254,0.147,0.471,0.53,0.689,0.509,0.599,0.376,0.254,0.605,0.744,0.254,0.539,0.432,0.473,-0.118,0.222,0.37,0.255,-0.446,0.444,0.741,0.265,0.767,0.568,0.644,0.102,-0.108,0.367,0.714,0.492,0.165,0.6,-0.068,0.131,-0.334,-0.231,0.297
CDNA,-0.795,-0.758,0.838,0.529,0.828,0.886,0.442,-0.734,0.622,-0.789,0.74,0.86,-0.55,-0.523,0.787,0.043,0.715,-0.642,-0.184,0.714,-0.652,0.679,-0.447,0.371,-0.443,0.806,-0.262,0.453,0.0,0.81,0.368,0.794,-0.413,0.102,0.854,-0.161,-0.245,-0.49,0.581,0.607,0.332,0.105,0.174,0.916,0.914,0.725,-0.74,0.872,0.586,0.836,0.239,-0.452,0.746,0.854,0.115,0.571,0.621,0.68,-0.678,0.179,-0.359,-0.306,0.914,-0.578,-0.605,0.617,-0.308,0.909,-0.149,0.187,0.614,0.962,0.861,0.685,0.667,0.818,0.7,-0.787,0.89,-0.754,-0.352,0.612,0.594,0.759,0.119,0.309,0.895,0.824,-0.623,-0.702,0.861,0.782,-0.507,0.33,0.778,-0.645,0.348,0.889,-0.248,0.87,0.53,-0.026,0.81,0.598,0.607,0.635,0.084,-0.091,-0.746,0.296,0.725,-0.173,-0.405,0.815,0.834,-0.758,0.76,0.188,0.645,-0.561,0.809,0.825,0.752,0.781,-0.579,0.586,0.354,0.805,0.138,0.867,0.829,-0.02,0.789,0.565,-0.556,0.888,0.925,-0.76,0.827,0.441,0.528,-0.279,0.741,0.795,0.887,0.64,0.716,0.035,-0.16,0.886,0.803,-0.756,0.61,0.837,0.362,-0.355,-0.51,0.768,0.22,0.352,-0.704,-0.452,0.884,-0.404,0.531,0.26,0.537,-0.199,0.565,0.876,-0.516,0.774,0.652,-0.506,0.464,0.049,0.353,-0.178,-0.648,-0.358,0.165,-0.458,-0.164,0.41,0.852,0.825,0.674,0.687,0.326,-0.617,0.897,0.05,0.747,-0.638,0.252,-0.601,-0.06,-0.649,-0.809,0.843
CG,-0.836,-0.813,0.707,0.445,0.74,0.804,0.294,-0.703,0.617,-0.799,0.639,0.742,-0.601,-0.42,0.801,0.014,0.716,-0.58,-0.11,0.68,-0.452,0.721,-0.47,0.223,-0.245,0.744,-0.146,0.355,0.81,0.0,0.376,0.77,-0.382,0.264,0.718,0.149,-0.121,-0.308,0.465,0.593,0.371,-0.097,0.16,0.788,0.827,0.724,-0.52,0.789,0.317,0.786,-0.054,-0.263,0.802,0.75,0.051,0.427,0.494,0.46,-0.568,0.141,-0.27,-0.272,0.858,-0.443,-0.463,0.423,-0.375,0.831,-0.301,0.284,0.604,0.828,0.756,0.814,0.617,0.684,0.685,-0.69,0.8,-0.74,-0.325,0.44,0.564,0.601,0.02,0.153,0.752,0.733,-0.574,-0.748,0.78,0.667,-0.416,0.381,0.625,-0.698,0.166,0.826,-0.45,0.77,0.447,0.067,0.748,0.654,0.538,0.704,0.079,-0.05,-0.635,0.242,0.734,-0.205,-0.41,0.69,0.783,-0.724,0.816,0.308,0.349,-0.532,0.812,0.689,0.765,0.632,-0.4,0.543,0.518,0.681,-0.035,0.829,0.625,-0.203,0.698,0.36,-0.413,0.839,0.739,-0.74,0.728,0.392,0.349,-0.2,0.752,0.81,0.728,0.701,0.677,0.329,-0.259,0.822,0.713,-0.549,0.467,0.827,0.332,-0.228,-0.532,0.66,0.153,0.347,-0.675,-0.424,0.885,-0.458,0.364,0.106,0.456,-0.298,0.382,0.833,-0.452,0.63,0.5,-0.399,0.542,0.073,0.22,-0.181,-0.474,-0.45,0.193,-0.453,-0.28,0.356,0.834,0.771,0.754,0.622,0.081,-0.697,0.801,-0.079,0.795,-0.488,0.095,-0.521,-0.3,-0.623,-0.717,0.804
