,ACET,ADAP,ADI,ADPT,ADTN,AGEN,ALGN,ALLK,AMD,AMWD,ARDX,ARQT,ASTE,AUPH,AVXL,AZTA,BAND,BECN,BFC,BGC,BHF,BHFAL,BKNG,BL,BOKF,BRKR,CACC,CAR,CDNA,CG,CGBD,CHI,CHTR,CHX,CLNE,CME,CNOB,CNXN,CPRX,CSGP,CSGS,CSIQ,CVCO,CVLT,CYRX,DDOG,DOOO,DSGX,DTIL,ECPG,EEFT,EFSC,ENTG,ESPR,ETSY,EXC,FAMI,FFIV,FITB,FIZZ,FMBH,FOX,FTNT,FULT,GABC,GEN,GH,GMAB,GNPX,GO,GOGL,GOOG,GPRO,GSHD,GSM,GWAV,HAIN,HBAN,HEPA,HURN,HWKN,IBIO,ICFI,IGMS,IMKTA,INCY,INO,IRDM,IRTC,IRWD,ITCI,JACK,JD,JJSF,KALA,KHC,KLAC,KRRO,KRYS,LANC,LBTYA,LIVN,LKCO,LNTH,LOGI,LPRO,LRCX,LSCC,LSTR,MAR,MARA,MCHP,MEOH,META,MGTX,MKSI,MMYT,MORN,MRUS,MTLS,MTSI,MVIS,MXL,NBIX,NFE,NMIH,NMRK,NNDM,NSIT,NTCT,NVAX,OCUL,ODP,OLED,ONB,OTEX,PACB,PATK,PAYX,PEP,PERI,PI,PLYA,PRDO,PRGS,PTGX,QCOM,QCRH,QDEL,QFIN,RGEN,RILY,RPAY,RPD,SABR,SEDG,SHEN,SIRI,SLNO,SNDL,SNEX,SONO,SPT,SSNC,STGW,STKL,STRL,STX,SWTX,SYNA,TFSL,TIGR,TNXP,TOWN,TRI,TRIP,TRMB,TRNS,TRS,TSCO,TSEM,TVTX,TXRH,VC,VCEL,VECO,VIAV,VICR,VIR,VRTX,VSTM,VTRS,WDFC,WSBC,WSC,WYNN,XENE,XNCR,XRAY,ZS
ACET,0.0,0.009,-0.704,-0.125,0.859,0.633,0.149,-0.825,0.841,0.602,0.859,-0.463,0.882,-0.751,0.866,-0.659,0.48,0.637,0.691,0.687,0.924,0.669,-0.408,-0.668,0.441,0.792,0.312,-0.221,0.783,0.251,0.53,-0.358,0.813,0.601,-0.072,0.799,0.175,0.894,0.864,-0.544,0.635,0.543,0.626,0.814,-0.372,-0.612,-0.39,-0.643,0.398,0.169,0.885,0.635,-0.844,0.484,-0.436,-0.182,0.81,0.128,-0.26,-0.82,0.912,-0.217,0.789,0.907,0.707,0.777,0.059,0.809,0.864,0.697,0.387,0.735,0.674,-0.259,0.555,0.648,-0.616,0.7,0.629,-0.427,0.885,0.79,0.919,-0.024,0.84,0.347,0.849,0.419,-0.886,0.522,-0.412,0.895,0.638,0.892,0.841,-0.202,-0.803,0.828,0.771,0.882,0.348,0.506,0.532,0.446,0.787,0.102,0.07,-0.663,0.843,-0.645,0.83,-0.464,-0.627,0.636,-0.392,-0.352,0.809,0.079,0.547,0.289,-0.124,0.876,0.715,0.117,0.823,0.749,0.066,0.794,0.893,0.398,0.555,0.705,0.859,0.813,0.766,0.876,0.76,0.667,0.881,0.539,0.903,0.189,-0.203,0.871,0.244,0.702,0.819,0.586,-0.838,0.673,-0.683,0.875,0.473,0.506,-0.292,0.693,-0.006,0.844,-0.345,0.799,0.93,0.759,-0.64,0.908,-0.439,0.871,0.648,0.768,0.395,0.69,0.823,0.569,0.915,0.783,0.3,0.174,0.718,0.809,0.875,-0.807,-0.576,-0.429,0.766,0.839,0.876,0.797,0.752,-0.393,-0.069,0.776,-0.294,0.887,0.94,0.847,-0.649,0.853,0.59,0.327,0.537,0.487
ADAP,0.009,0.0,0.178,0.179,-0.144,0.437,0.31,0.291,-0.188,-0.19,-0.137,-0.105,-0.187,0.245,0.119,0.21,0.117,0.077,-0.143,-0.004,0.046,-0.317,0.189,0.485,-0.17,0.244,0.25,-0.004,-0.224,-0.101,-0.1,0.495,-0.104,-0.167,0.118,-0.188,0.139,-0.098,-0.341,0.456,-0.238,-0.073,-0.372,-0.016,-0.057,0.066,0.516,0.433,0.049,-0.171,-0.177,-0.005,-0.105,-0.545,-0.071,0.242,0.202,-0.145,0.034,0.131,0.091,-0.173,0.073,-0.006,-0.064,0.327,0.152,-0.233,-0.122,-0.118,0.197,0.028,-0.309,0.31,0.163,-0.035,0.073,0.205,0.496,-0.056,-0.241,-0.329,-0.091,-0.075,0.258,-0.535,-0.161,0.47,-0.098,-0.239,0.087,-0.059,0.366,0.148,-0.112,0.376,0.04,-0.193,-0.066,-0.099,0.473,0.06,-0.276,0.039,0.07,0.407,-0.271,0.076,-0.276,-0.048,-0.203,-0.011,0.209,0.06,-0.4,0.232,0.11,0.494,0.055,0.276,0.389,-0.121,0.246,-0.247,-0.103,-0.146,0.412,0.086,-0.057,-0.293,0.449,0.332,-0.31,-0.124,0.02,0.012,-0.147,-0.199,-0.172,0.038,-0.057,-0.166,0.235,-0.125,0.028,0.063,0.006,-0.18,0.177,0.457,0.188,-0.053,0.049,-0.079,0.01,-0.397,-0.026,-0.371,-0.299,-0.221,0.006,-0.261,0.235,-0.15,0.562,0.174,-0.233,-0.089,-0.691,-0.141,-0.26,0.097,-0.058,0.045,0.092,0.087,0.012,-0.216,-0.283,0.24,-0.085,0.466,0.033,-0.117,-0.05,0.361,-0.078,0.121,-0.185,-0.357,0.015,-0.053,-0.108,-0.169,-0.281,0.278,-0.125,-0.487,0.04,0.118
ADI,-0.704,0.178,0.0,-0.219,-0.64,-0.457,-0.102,0.818,-0.624,-0.439,-0.758,0.617,-0.778,0.874,-0.539,0.801,-0.619,-0.506,-0.391,-0.246,-0.714,-0.689,0.76,0.687,0.043,-0.747,-0.484,0.559,-0.798,-0.291,-0.121,0.523,-0.873,-0.295,0.56,-0.37,0.295,-0.762,-0.687,0.472,-0.416,-0.644,-0.603,-0.653,0.582,0.623,0.418,0.791,-0.412,0.005,-0.795,-0.081,0.835,-0.597,0.442,0.144,-0.777,0.041,0.723,0.814,-0.504,0.454,-0.568,-0.6,-0.314,-0.63,-0.368,-0.817,-0.775,-0.828,-0.22,-0.572,-0.448,0.576,-0.271,-0.349,0.74,-0.142,-0.474,0.631,-0.666,-0.745,-0.729,0.112,-0.736,-0.791,-0.832,-0.521,0.79,-0.15,0.501,-0.643,-0.639,-0.763,-0.834,0.475,0.924,-0.633,-0.701,-0.79,0.164,-0.496,-0.629,-0.218,-0.58,-0.239,0.356,0.847,-0.661,0.891,-0.76,0.875,0.785,-0.67,0.561,0.823,-0.431,-0.033,-0.634,-0.436,0.598,-0.798,-0.407,0.024,-0.728,-0.388,0.438,-0.604,-0.84,0.08,-0.44,-0.342,-0.742,-0.844,-0.319,-0.776,-0.901,-0.306,-0.744,-0.59,-0.817,0.092,0.733,-0.718,0.295,-0.625,-0.721,-0.172,0.639,-0.639,0.724,-0.768,-0.04,-0.555,0.704,-0.547,-0.069,-0.811,0.381,-0.813,-0.741,-0.9,0.717,-0.75,0.202,-0.734,-0.503,-0.525,-0.562,-0.393,-0.549,-0.625,-0.819,-0.292,-0.501,0.353,-0.781,-0.678,-0.665,0.881,0.845,0.843,-0.3,-0.529,-0.83,-0.497,-0.782,0.687,-0.304,-0.823,0.493,-0.866,-0.792,-0.53,0.636,-0.742,-0.722,-0.247,-0.488,-0.479
ADPT,-0.125,0.179,-0.219,0.0,-0.24,0.061,0.602,0.203,-0.22,-0.325,0.136,0.134,-0.196,0.026,0.103,0.053,0.111,-0.2,-0.223,-0.112,-0.133,0.157,-0.093,0.352,-0.405,0.156,0.521,-0.038,-0.011,0.181,-0.149,0.265,0.023,-0.434,-0.194,-0.4,-0.081,-0.147,-0.207,0.419,-0.155,0.049,-0.147,-0.026,0.201,0.249,0.421,0.257,0.695,-0.232,-0.095,-0.35,0.054,-0.014,0.242,0.171,0.089,-0.329,-0.346,0.115,-0.244,-0.014,-0.03,-0.291,-0.083,0.021,0.831,0.101,0.133,0.048,-0.094,-0.175,-0.054,0.303,0.161,-0.085,0.103,-0.385,0.096,0.037,-0.27,-0.073,-0.2,0.185,0.254,0.125,0.069,0.332,0.01,-0.269,0.33,-0.13,0.325,-0.081,0.033,-0.06,-0.029,-0.091,0.272,-0.158,-0.027,0.228,0.055,0.267,-0.063,0.561,-0.357,0.048,-0.119,-0.193,0.113,-0.291,0.11,-0.106,-0.371,-0.311,-0.015,0.56,0.078,0.619,0.093,-0.008,0.04,-0.255,-0.061,-0.38,-0.167,0.255,-0.067,-0.692,0.426,0.104,-0.231,0.051,-0.27,-0.039,0.196,-0.476,-0.167,0.19,0.036,-0.01,-0.29,-0.285,-0.335,-0.145,-0.11,-0.212,0.447,0.393,0.264,-0.115,0.035,0.276,-0.205,-0.112,0.454,-0.017,0.15,0.095,-0.123,0.145,0.241,-0.223,0.382,0.028,-0.264,0.085,-0.188,0.006,-0.27,0.232,0.058,-0.402,0.265,-0.459,0.022,-0.086,-0.247,0.137,-0.186,-0.098,-0.188,-0.318,0.124,0.09,0.099,0.161,0.015,-0.127,0.051,0.081,-0.043,-0.401,0.018,0.019,0.24,-0.008,-0.075,0.367
ADTN,0.859,-0.144,-0.64,-0.24,0.0,0.578,0.011,-0.881,0.914,0.81,0.834,-0.411,0.928,-0.753,0.731,-0.69,0.433,0.775,0.659,0.741,0.867,0.646,-0.421,-0.734,0.47,0.708,0.167,-0.258,0.863,0.279,0.634,-0.412,0.797,0.728,-0.052,0.776,0.214,0.918,0.862,-0.702,0.637,0.571,0.783,0.832,-0.461,-0.588,-0.483,-0.72,0.213,0.14,0.899,0.643,-0.74,0.586,-0.453,-0.222,0.722,0.318,-0.22,-0.834,0.846,-0.212,0.813,0.909,0.648,0.677,-0.133,0.811,0.791,0.689,0.453,0.76,0.737,-0.4,0.371,0.633,-0.657,0.667,0.451,-0.335,0.94,0.827,0.924,-0.024,0.715,0.384,0.841,0.317,-0.825,0.514,-0.495,0.886,0.478,0.856,0.85,-0.366,-0.707,0.806,0.644,0.911,0.169,0.467,0.587,0.343,0.823,-0.005,0.236,-0.629,0.851,-0.614,0.819,-0.348,-0.692,0.599,-0.177,-0.242,0.708,-0.17,0.528,0.164,-0.182,0.891,0.704,0.143,0.869,0.836,-0.014,0.69,0.872,0.575,0.35,0.607,0.885,0.837,0.722,0.859,0.724,0.83,0.917,0.433,0.895,0.262,-0.311,0.896,0.169,0.695,0.807,0.584,-0.866,0.528,-0.729,0.892,0.415,0.451,-0.299,0.781,-0.109,0.836,-0.357,0.774,0.865,0.812,-0.641,0.923,-0.559,0.825,0.66,0.717,0.552,0.674,0.832,0.511,0.866,0.776,0.229,0.203,0.768,0.83,0.895,-0.816,-0.512,-0.516,0.689,0.939,0.817,0.698,0.759,-0.426,0.024,0.833,-0.328,0.813,0.856,0.894,-0.553,0.757,0.535,0.236,0.566,0.444
AGEN,0.633,0.437,-0.457,0.061,0.578,0.0,0.204,-0.565,0.478,0.537,0.611,-0.382,0.574,-0.466,0.611,-0.397,0.367,0.566,0.424,0.391,0.572,0.34,-0.388,-0.341,0.069,0.713,0.161,-0.341,0.596,-0.023,0.291,-0.032,0.617,0.238,-0.222,0.389,0.054,0.622,0.447,-0.286,0.068,0.355,0.405,0.475,-0.425,-0.37,-0.232,-0.283,0.18,-0.002,0.512,0.305,-0.699,0.25,-0.42,-0.131,0.705,-0.087,-0.434,-0.541,0.569,-0.311,0.632,0.537,0.332,0.646,0.124,0.571,0.594,0.465,0.288,0.438,0.283,-0.119,0.196,0.506,-0.504,0.392,0.655,-0.481,0.514,0.566,0.632,0.243,0.641,0.086,0.654,0.534,-0.695,0.244,-0.299,0.555,0.589,0.75,0.635,-0.084,-0.598,0.549,0.443,0.672,0.183,0.166,0.174,0.255,0.701,0.119,-0.158,-0.559,0.459,-0.629,0.431,-0.435,-0.509,0.45,-0.312,-0.241,0.429,0.069,0.413,0.203,-0.029,0.565,0.521,0.064,0.456,0.435,0.064,0.513,0.62,0.088,0.468,0.68,0.52,0.596,0.372,0.589,0.582,0.437,0.607,0.319,0.608,0.031,-0.281,0.579,-0.07,0.425,0.614,0.168,-0.476,0.61,-0.424,0.576,0.171,0.144,-0.392,0.398,-0.046,0.393,-0.509,0.405,0.56,0.497,-0.442,0.601,-0.148,0.7,0.201,0.353,0.066,0.3,0.402,0.439,0.632,0.464,0.214,-0.087,0.634,0.372,0.454,-0.53,-0.6,-0.238,0.409,0.59,0.592,0.663,0.408,-0.385,-0.052,0.465,-0.249,0.531,0.581,0.493,-0.653,0.771,0.315,-0.056,0.22,0.309
ALGN,0.149,0.31,-0.102,0.602,0.011,0.204,0.0,0.099,-0.029,-0.184,0.192,0.116,-0.035,-0.021,0.262,-0.01,0.218,-0.001,-0.071,0.213,0.098,0.204,0.075,0.405,-0.182,0.344,0.401,0.084,0.043,0.249,0.038,0.407,0.081,-0.142,-0.013,-0.077,0.111,-0.02,-0.091,0.407,0.102,0.068,0.004,0.162,0.138,0.271,0.305,0.283,0.579,-0.255,0.086,-0.048,-0.045,-0.144,0.197,0.346,0.232,-0.013,-0.078,-0.047,0.073,-0.019,0.183,-0.006,0.08,0.284,0.599,0.062,0.17,0.057,0.165,0.153,0.067,0.329,0.303,-0.009,0.111,0.05,0.431,0.054,-0.057,-0.03,0.047,0.047,0.386,-0.118,0.107,0.311,-0.169,-0.114,0.222,0.093,0.372,0.14,0.126,0.343,-0.017,0.042,0.305,0.026,0.335,0.413,0.126,0.374,0.064,0.501,-0.134,0.079,-0.023,-0.105,0.226,-0.119,0.074,0.047,-0.404,-0.147,0.259,0.688,0.131,0.544,0.249,0.063,0.316,-0.168,0.082,-0.045,0.221,0.395,0.069,-0.264,0.606,0.317,-0.089,0.135,0.034,0.186,0.139,-0.206,0.053,0.396,0.187,0.064,-0.001,-0.081,-0.007,0.065,0.079,-0.03,0.18,0.456,0.186,0.051,0.255,0.389,-0.043,-0.019,0.19,0.038,-0.063,0.095,0.122,0.091,0.223,0.012,0.288,0.143,-0.148,0.184,-0.306,0.239,-0.13,0.241,0.164,-0.05,0.33,-0.016,0.125,0.117,-0.033,0.127,-0.112,0.056,0.181,-0.071,0.201,0.284,0.157,0.203,-0.137,-0.13,-0.043,0.169,0.113,-0.151,-0.077,0.2,0.194,-0.067,0.215,0.388
ALLK,-0.825,0.291,0.818,0.203,-0.881,-0.565,0.099,0.0,-0.874,-0.78,-0.835,0.514,-0.952,0.886,-0.626,0.791,-0.447,-0.664,-0.606,-0.514,-0.806,-0.684,0.624,0.88,-0.305,-0.704,-0.111,0.431,-0.934,-0.214,-0.418,0.634,-0.875,-0.568,0.353,-0.705,0.083,-0.932,-0.904,0.805,-0.53,-0.609,-0.814,-0.748,0.596,0.619,0.691,0.881,-0.142,-0.097,-0.877,-0.408,0.811,-0.716,0.466,0.344,-0.748,-0.19,0.483,0.9,-0.698,0.295,-0.761,-0.802,-0.497,-0.6,0.044,-0.875,-0.813,-0.774,-0.31,-0.707,-0.679,0.573,-0.188,-0.589,0.743,-0.422,-0.384,0.533,-0.905,-0.909,-0.903,0.029,-0.645,-0.645,-0.911,-0.282,0.851,-0.461,0.572,-0.835,-0.463,-0.843,-0.892,0.515,0.841,-0.811,-0.609,-0.935,0.084,-0.342,-0.624,-0.239,-0.791,0.133,-0.026,0.78,-0.853,0.756,-0.798,0.57,0.835,-0.64,0.191,0.512,-0.559,0.299,-0.54,-0.11,0.472,-0.886,-0.488,-0.089,-0.799,-0.708,0.234,-0.621,-0.919,-0.396,-0.266,-0.422,-0.941,-0.889,-0.56,-0.842,-0.84,-0.711,-0.94,-0.431,-0.879,-0.16,0.558,-0.891,0.034,-0.664,-0.803,-0.428,0.888,-0.461,0.806,-0.891,-0.207,-0.43,0.509,-0.811,0.126,-0.883,0.393,-0.793,-0.824,-0.9,0.758,-0.937,0.591,-0.75,-0.594,-0.616,-0.723,-0.574,-0.785,-0.515,-0.862,-0.623,-0.272,0.066,-0.82,-0.803,-0.882,0.935,0.668,0.757,-0.525,-0.846,-0.819,-0.551,-0.729,0.631,-0.167,-0.931,0.422,-0.823,-0.869,-0.847,0.567,-0.738,-0.562,-0.296,-0.462,-0.392
AMD,0.841,-0.188,-0.624,-0.22,0.914,0.478,-0.029,-0.874,0.0,0.765,0.833,-0.382,0.926,-0.746,0.726,-0.672,0.372,0.71,0.648,0.764,0.868,0.667,-0.348,-0.727,0.545,0.676,0.171,-0.176,0.869,0.307,0.644,-0.503,0.754,0.741,0.022,0.806,0.22,0.936,0.894,-0.752,0.716,0.587,0.735,0.879,-0.363,-0.525,-0.459,-0.75,0.225,0.152,0.857,0.664,-0.661,0.579,-0.307,-0.292,0.685,0.337,-0.168,-0.83,0.822,-0.147,0.857,0.916,0.691,0.611,-0.115,0.818,0.775,0.667,0.466,0.807,0.814,-0.358,0.416,0.679,-0.604,0.681,0.365,-0.301,0.936,0.816,0.895,-0.105,0.685,0.361,0.81,0.261,-0.812,0.541,-0.445,0.909,0.488,0.808,0.79,-0.46,-0.661,0.792,0.608,0.859,0.229,0.472,0.589,0.378,0.835,-0.059,0.318,-0.517,0.899,-0.56,0.857,-0.258,-0.647,0.573,-0.109,-0.169,0.759,-0.182,0.473,0.182,-0.125,0.903,0.714,0.041,0.862,0.836,0.047,0.745,0.878,0.555,0.374,0.55,0.873,0.829,0.759,0.864,0.699,0.825,0.918,0.391,0.884,0.367,-0.271,0.852,0.201,0.684,0.786,0.654,-0.874,0.525,-0.678,0.913,0.525,0.566,-0.261,0.858,-0.116,0.861,-0.277,0.798,0.855,0.8,-0.57,0.907,-0.577,0.774,0.686,0.778,0.596,0.794,0.878,0.501,0.847,0.811,0.192,0.217,0.734,0.87,0.913,-0.781,-0.412,-0.499,0.703,0.932,0.807,0.714,0.763,-0.329,-0.031,0.831,-0.319,0.813,0.861,0.921,-0.469,0.692,0.501,0.3,0.55,0.529
AMWD,0.602,-0.19,-0.439,-0.325,0.81,0.537,-0.184,-0.78,0.765,0.0,0.657,-0.216,0.746,-0.547,0.488,-0.472,0.178,0.627,0.614,0.586,0.583,0.34,-0.326,-0.644,0.455,0.442,-0.083,-0.16,0.774,0.006,0.561,-0.521,0.562,0.521,-0.079,0.659,0.233,0.761,0.711,-0.807,0.41,0.346,0.766,0.53,-0.409,-0.377,-0.534,-0.663,-0.085,0.106,0.674,0.538,-0.513,0.641,-0.32,-0.427,0.48,0.259,-0.173,-0.694,0.6,-0.054,0.674,0.665,0.521,0.376,-0.282,0.654,0.569,0.421,0.247,0.47,0.605,-0.401,-0.029,0.603,-0.504,0.442,0.181,-0.204,0.733,0.732,0.71,0.218,0.403,0.329,0.724,0.124,-0.631,0.538,-0.379,0.722,0.134,0.63,0.653,-0.385,-0.522,0.721,0.374,0.768,0.037,0.131,0.366,0.21,0.715,-0.266,0.212,-0.475,0.704,-0.434,0.537,-0.211,-0.542,0.312,0.187,-0.129,0.452,-0.47,0.272,-0.153,-0.16,0.651,0.417,0.079,0.607,0.709,-0.017,0.371,0.648,0.551,0.076,0.41,0.739,0.604,0.573,0.569,0.499,0.835,0.742,0.074,0.63,0.373,-0.321,0.72,0.132,0.376,0.525,0.477,-0.71,0.198,-0.542,0.692,0.287,0.133,-0.21,0.733,-0.06,0.632,-0.334,0.493,0.581,0.648,-0.48,0.709,-0.604,0.58,0.43,0.473,0.581,0.414,0.675,0.165,0.598,0.647,-0.085,0.064,0.574,0.575,0.725,-0.647,-0.356,-0.477,0.509,0.785,0.561,0.483,0.484,-0.345,0.005,0.668,-0.135,0.532,0.573,0.797,-0.323,0.496,0.232,0.228,0.268,0.287
ARDX,0.859,-0.137,-0.758,0.136,0.834,0.611,0.192,-0.835,0.833,0.657,0.0,-0.323,0.854,-0.764,0.819,-0.647,0.419,0.6,0.662,0.691,0.813,0.741,-0.477,-0.665,0.364,0.745,0.331,-0.218,0.871,0.287,0.574,-0.391,0.806,0.527,-0.153,0.678,0.161,0.869,0.856,-0.587,0.561,0.534,0.72,0.811,-0.301,-0.488,-0.359,-0.644,0.503,0.085,0.867,0.527,-0.745,0.652,-0.303,-0.277,0.773,0.113,-0.368,-0.773,0.754,-0.15,0.812,0.791,0.667,0.647,0.2,0.894,0.914,0.689,0.318,0.627,0.739,-0.241,0.436,0.663,-0.592,0.502,0.449,-0.352,0.844,0.849,0.867,0.157,0.811,0.468,0.91,0.375,-0.848,0.51,-0.309,0.835,0.587,0.802,0.873,-0.415,-0.757,0.832,0.797,0.868,0.145,0.49,0.579,0.536,0.807,0.124,0.118,-0.625,0.879,-0.684,0.879,-0.473,-0.631,0.522,-0.286,-0.4,0.697,-0.001,0.507,0.342,-0.126,0.892,0.66,0.105,0.792,0.67,-0.12,0.79,0.842,0.299,0.47,0.657,0.857,0.845,0.647,0.822,0.819,0.638,0.864,0.485,0.901,0.291,-0.385,0.773,0.083,0.59,0.75,0.556,-0.708,0.653,-0.622,0.835,0.47,0.532,-0.381,0.774,0.14,0.884,-0.229,0.823,0.805,0.87,-0.583,0.846,-0.485,0.805,0.561,0.803,0.495,0.709,0.769,0.584,0.912,0.654,0.272,-0.072,0.747,0.803,0.842,-0.773,-0.591,-0.592,0.626,0.788,0.873,0.731,0.781,-0.35,-0.017,0.809,-0.239,0.863,0.892,0.771,-0.524,0.751,0.625,0.379,0.438,0.571
ARQT,-0.463,-0.105,0.617,0.134,-0.411,-0.382,0.116,0.514,-0.382,-0.216,-0.323,0.0,-0.576,0.67,-0.152,0.766,-0.789,-0.679,0.025,0.03,-0.622,-0.389,0.734,0.478,0.284,-0.632,-0.356,0.76,-0.462,-0.363,0.214,0.168,-0.731,-0.459,0.394,-0.07,0.529,-0.517,-0.312,0.144,-0.232,-0.739,-0.283,-0.507,0.738,0.853,0.225,0.564,0.035,0.075,-0.51,0.093,0.745,0.009,0.697,-0.358,-0.585,-0.157,0.548,0.533,-0.335,0.781,-0.253,-0.529,0.115,-0.69,0.105,-0.376,-0.378,-0.793,-0.56,-0.61,0.049,0.725,-0.309,0.019,0.791,-0.267,-0.615,0.773,-0.479,-0.358,-0.537,0.577,-0.46,-0.488,-0.356,-0.704,0.465,0.307,0.815,-0.309,-0.641,-0.659,-0.504,0.149,0.653,-0.134,-0.393,-0.52,0.161,-0.428,-0.507,0.371,-0.338,-0.386,0.27,0.742,-0.27,0.754,-0.366,0.602,0.746,-0.852,0.642,0.498,-0.158,0.028,-0.782,-0.382,0.558,-0.58,-0.409,-0.184,-0.619,-0.247,0.416,-0.264,-0.639,0.033,-0.249,-0.202,-0.394,-0.662,-0.041,-0.638,-0.591,-0.197,-0.46,-0.636,-0.533,0.58,0.486,-0.557,0.402,-0.786,-0.757,0.213,0.577,-0.471,0.783,-0.595,0.281,-0.374,0.712,-0.118,0.488,-0.389,0.46,-0.557,-0.52,-0.459,0.755,-0.579,-0.159,-0.624,-0.635,-0.077,-0.32,-0.054,-0.274,-0.661,-0.564,-0.136,-0.665,-0.043,-0.702,-0.367,-0.361,0.703,0.75,0.488,-0.036,-0.363,-0.585,-0.316,-0.627,0.784,-0.5,-0.61,0.761,-0.606,-0.535,-0.293,0.815,-0.72,-0.647,0.275,-0.632,0.001
ASTE,0.882,-0.187,-0.778,-0.196,0.928,0.574,-0.035,-0.952,0.926,0.746,0.854,-0.576,0.0,-0.898,0.687,-0.845,0.562,0.801,0.594,0.637,0.924,0.731,-0.598,-0.821,0.34,0.789,0.236,-0.43,0.927,0.37,0.459,-0.513,0.914,0.73,-0.194,0.714,-0.016,0.964,0.901,-0.703,0.657,0.718,0.802,0.876,-0.584,-0.712,-0.539,-0.834,0.215,0.099,0.933,0.507,-0.841,0.584,-0.505,-0.161,0.798,0.321,-0.379,-0.897,0.786,-0.36,0.806,0.922,0.54,0.744,-0.071,0.857,0.839,0.839,0.51,0.83,0.681,-0.548,0.379,0.547,-0.781,0.609,0.509,-0.516,0.959,0.869,0.963,-0.141,0.75,0.551,0.876,0.406,-0.864,0.396,-0.637,0.872,0.593,0.908,0.898,-0.441,-0.812,0.773,0.696,0.95,0.062,0.525,0.684,0.238,0.802,0.046,0.145,-0.756,0.87,-0.758,0.868,-0.495,-0.826,0.745,-0.287,-0.407,0.65,-0.171,0.66,0.267,-0.352,0.957,0.679,0.173,0.912,0.788,-0.168,0.726,0.959,0.467,0.357,0.552,0.935,0.934,0.641,0.933,0.85,0.764,0.961,0.545,0.941,0.108,-0.458,0.934,0.009,0.794,0.899,0.48,-0.916,0.574,-0.855,0.961,0.299,0.542,-0.497,0.797,-0.186,0.9,-0.383,0.869,0.906,0.882,-0.775,0.982,-0.504,0.851,0.746,0.705,0.648,0.655,0.827,0.636,0.928,0.699,0.378,0.115,0.872,0.872,0.922,-0.928,-0.654,-0.659,0.592,0.901,0.898,0.675,0.843,-0.587,0.178,0.94,-0.505,0.901,0.925,0.879,-0.659,0.826,0.67,0.225,0.638,0.436
AUPH,-0.751,0.245,0.874,0.026,-0.753,-0.466,-0.021,0.886,-0.746,-0.547,-0.764,0.67,-0.898,0.0,-0.493,0.941,-0.69,-0.719,-0.357,-0.39,-0.831,-0.737,0.79,0.767,-0.017,-0.762,-0.298,0.611,-0.865,-0.502,-0.127,0.48,-0.923,-0.571,0.446,-0.462,0.334,-0.834,-0.766,0.534,-0.553,-0.771,-0.761,-0.762,0.685,0.753,0.523,0.847,-0.223,0.119,-0.868,-0.179,0.841,-0.547,0.462,0.018,-0.797,-0.322,0.552,0.848,-0.552,0.516,-0.63,-0.751,-0.249,-0.729,-0.05,-0.74,-0.743,-0.917,-0.511,-0.753,-0.473,0.685,-0.296,-0.27,0.834,-0.39,-0.5,0.596,-0.794,-0.789,-0.835,0.25,-0.7,-0.769,-0.804,-0.496,0.792,-0.111,0.744,-0.678,-0.644,-0.814,-0.853,0.459,0.805,-0.599,-0.66,-0.848,0.164,-0.534,-0.798,-0.068,-0.588,-0.185,0.016,0.856,-0.695,0.849,-0.784,0.667,0.875,-0.839,0.444,0.658,-0.416,0.07,-0.76,-0.433,0.576,-0.875,-0.517,-0.168,-0.829,-0.536,0.446,-0.641,-0.881,-0.23,-0.309,-0.352,-0.842,-0.931,-0.369,-0.867,-0.897,-0.502,-0.825,-0.606,-0.869,0.148,0.651,-0.79,0.223,-0.788,-0.859,-0.192,0.813,-0.55,0.888,-0.872,-0.036,-0.546,0.722,-0.607,0.219,-0.828,0.375,-0.844,-0.8,-0.862,0.821,-0.882,0.307,-0.752,-0.673,-0.554,-0.66,-0.456,-0.581,-0.718,-0.857,-0.403,-0.536,0.03,-0.886,-0.787,-0.767,0.92,0.78,0.82,-0.351,-0.666,-0.843,-0.506,-0.844,0.753,-0.463,-0.899,0.633,-0.866,-0.857,-0.659,0.692,-0.785,-0.783,-0.13,-0.673,-0.333
AVXL,0.866,0.119,-0.539,0.103,0.731,0.611,0.262,-0.626,0.726,0.488,0.819,-0.152,0.687,-0.493,0.0,-0.346,0.186,0.394,0.766,0.763,0.746,0.593,-0.096,-0.46,0.593,0.659,0.302,0.088,0.637,0.105,0.685,-0.238,0.602,0.419,0.118,0.788,0.452,0.757,0.776,-0.435,0.538,0.272,0.415,0.723,-0.029,-0.327,-0.198,-0.368,0.636,0.265,0.732,0.739,-0.623,0.459,-0.205,-0.317,0.668,-0.03,-0.107,-0.615,0.884,0.087,0.777,0.744,0.857,0.589,0.261,0.777,0.836,0.439,0.151,0.517,0.762,0.139,0.604,0.744,-0.313,0.639,0.495,-0.157,0.744,0.676,0.755,0.226,0.801,0.113,0.774,0.285,-0.778,0.674,-0.015,0.853,0.551,0.71,0.699,-0.19,-0.632,0.849,0.74,0.708,0.502,0.362,0.283,0.739,0.775,0.074,0.107,-0.388,0.808,-0.43,0.779,-0.29,-0.329,0.321,-0.264,-0.187,0.884,0.228,0.265,0.246,0.201,0.729,0.673,0.014,0.636,0.645,0.26,0.829,0.718,0.293,0.66,0.729,0.707,0.615,0.822,0.697,0.614,0.584,0.744,0.368,0.783,0.458,-0.01,0.694,0.389,0.438,0.59,0.749,-0.582,0.665,-0.346,0.691,0.712,0.432,-0.013,0.67,0.315,0.738,-0.163,0.664,0.794,0.656,-0.328,0.704,-0.462,0.741,0.411,0.837,0.206,0.753,0.775,0.431,0.798,0.785,0.101,0.095,0.488,0.722,0.753,-0.556,-0.346,-0.19,0.849,0.745,0.729,0.823,0.578,-0.035,-0.395,0.569,0.005,0.727,0.799,0.748,-0.408,0.684,0.373,0.465,0.244,0.585
AZTA,-0.659,0.21,0.801,0.053,-0.69,-0.397,-0.01,0.791,-0.672,-0.472,-0.647,0.766,-0.845,0.941,-0.346,0.0,-0.824,-0.801,-0.179,-0.301,-0.798,-0.721,0.856,0.707,0.136,-0.758,-0.331,0.745,-0.792,-0.583,-0.032,0.368,-0.909,-0.623,0.426,-0.301,0.453,-0.742,-0.641,0.399,-0.505,-0.894,-0.713,-0.722,0.756,0.82,0.441,0.786,-0.144,0.178,-0.779,-0.059,0.817,-0.38,0.578,-0.205,-0.758,-0.356,0.57,0.781,-0.458,0.689,-0.512,-0.717,-0.1,-0.754,0.007,-0.638,-0.654,-0.958,-0.659,-0.794,-0.321,0.764,-0.321,-0.132,0.892,-0.364,-0.54,0.679,-0.735,-0.683,-0.784,0.398,-0.639,-0.719,-0.671,-0.584,0.683,0.09,0.859,-0.56,-0.665,-0.797,-0.806,0.378,0.744,-0.42,-0.626,-0.773,0.214,-0.623,-0.814,0.148,-0.506,-0.318,0.01,0.846,-0.563,0.861,-0.711,0.635,0.919,-0.908,0.497,0.613,-0.309,0.067,-0.886,-0.502,0.623,-0.84,-0.536,-0.229,-0.839,-0.491,0.483,-0.56,-0.826,-0.209,-0.241,-0.373,-0.731,-0.912,-0.223,-0.856,-0.858,-0.443,-0.751,-0.702,-0.814,0.335,0.667,-0.732,0.363,-0.87,-0.887,-0.026,0.751,-0.542,0.936,-0.833,0.111,-0.539,0.79,-0.51,0.408,-0.723,0.416,-0.826,-0.723,-0.777,0.857,-0.838,0.16,-0.748,-0.734,-0.405,-0.618,-0.372,-0.492,-0.787,-0.805,-0.294,-0.688,-0.044,-0.908,-0.707,-0.676,0.882,0.787,0.759,-0.195,-0.613,-0.821,-0.425,-0.845,0.808,-0.58,-0.867,0.782,-0.822,-0.777,-0.542,0.767,-0.773,-0.857,0.055,-0.792,-0.249
BAND,0.48,0.117,-0.619,0.111,0.433,0.367,0.218,-0.447,0.372,0.178,0.419,-0.789,0.562,-0.69,0.186,-0.824,0.0,0.733,-0.117,0.114,0.653,0.511,-0.776,-0.338,-0.396,0.72,0.554,-0.75,0.49,0.556,-0.19,0.034,0.731,0.501,-0.34,-0.035,-0.469,0.452,0.274,0.066,0.3,0.856,0.429,0.563,-0.685,-0.746,-0.054,-0.464,0.208,-0.272,0.577,-0.137,-0.737,0.016,-0.591,0.571,0.68,0.226,-0.541,-0.538,0.311,-0.842,0.281,0.529,-0.113,0.801,0.128,0.367,0.441,0.837,0.729,0.677,-0.031,-0.615,0.464,-0.104,-0.795,0.277,0.706,-0.686,0.442,0.333,0.559,-0.5,0.618,0.503,0.384,0.821,-0.496,-0.391,-0.767,0.273,0.751,0.666,0.613,-0.056,-0.601,0.124,0.571,0.522,-0.122,0.74,0.624,-0.272,0.292,0.68,-0.192,-0.727,0.251,-0.777,0.48,-0.613,-0.729,0.893,-0.729,-0.522,0.188,0.269,0.93,0.695,-0.478,0.613,0.555,0.197,0.689,0.267,-0.426,0.387,0.597,-0.045,0.345,0.45,0.38,0.711,0.004,0.696,0.671,0.161,0.456,0.798,0.612,-0.616,-0.5,0.502,-0.447,0.826,0.777,-0.253,-0.472,0.632,-0.765,0.607,-0.247,0.496,-0.757,0.106,-0.433,0.414,-0.48,0.638,0.536,0.516,-0.726,0.582,0.293,0.687,0.627,0.203,0.238,0.142,0.202,0.795,0.63,0.063,0.852,0.061,0.769,0.416,0.374,-0.628,-0.782,-0.481,0.019,0.338,0.693,0.401,0.741,-0.728,0.591,0.554,-0.802,0.686,0.566,0.203,-0.839,0.74,0.833,-0.32,0.845,0.188
BECN,0.637,0.077,-0.506,-0.2,0.775,0.566,-0.001,-0.664,0.71,0.627,0.6,-0.679,0.801,-0.719,0.394,-0.801,0.733,0.0,0.219,0.501,0.807,0.537,-0.606,-0.527,0.065,0.729,0.285,-0.573,0.714,0.472,0.255,-0.129,0.783,0.806,-0.053,0.356,-0.078,0.742,0.536,-0.362,0.486,0.809,0.666,0.759,-0.682,-0.749,-0.232,-0.592,0.009,-0.041,0.723,0.32,-0.716,0.194,-0.607,0.266,0.683,0.475,-0.288,-0.681,0.582,-0.598,0.599,0.813,0.218,0.79,-0.262,0.538,0.56,0.802,0.81,0.809,0.325,-0.607,0.368,0.246,-0.799,0.623,0.611,-0.515,0.745,0.561,0.787,-0.31,0.625,0.315,0.557,0.603,-0.623,-0.015,-0.767,0.582,0.618,0.809,0.699,-0.217,-0.561,0.382,0.513,0.743,0.041,0.627,0.636,-0.111,0.608,0.337,0.213,-0.647,0.537,-0.691,0.604,-0.321,-0.754,0.799,-0.348,-0.174,0.397,-0.087,0.796,0.389,-0.258,0.792,0.737,0.273,0.834,0.681,-0.184,0.517,0.752,0.433,0.256,0.577,0.628,0.808,0.379,0.809,0.645,0.657,0.713,0.571,0.75,-0.213,-0.385,0.753,-0.182,0.857,0.864,0.156,-0.728,0.546,-0.822,0.807,0.077,0.432,-0.562,0.47,-0.456,0.565,-0.486,0.699,0.693,0.609,-0.712,0.789,-0.117,0.795,0.762,0.422,0.388,0.402,0.54,0.679,0.743,0.505,0.532,0.292,0.855,0.62,0.643,-0.714,-0.613,-0.433,0.314,0.734,0.748,0.607,0.784,-0.594,0.376,0.722,-0.676,0.723,0.679,0.618,-0.747,0.79,0.672,-0.215,0.799,0.218
BFC,0.691,-0.143,-0.391,-0.223,0.659,0.424,-0.071,-0.606,0.648,0.614,0.662,0.025,0.594,-0.357,0.766,-0.179,-0.117,0.219,0.0,0.665,0.553,0.32,0.035,-0.51,0.761,0.327,-0.023,0.281,0.551,-0.105,0.653,-0.526,0.376,0.334,0.117,0.857,0.509,0.668,0.751,-0.678,0.526,0.015,0.473,0.46,0.035,-0.194,-0.404,-0.467,0.259,0.317,0.633,0.785,-0.424,0.6,-0.023,-0.599,0.403,0.05,0.085,-0.558,0.751,0.346,0.623,0.615,0.853,0.272,-0.01,0.64,0.611,0.16,-0.115,0.287,0.713,0.004,0.206,0.736,-0.13,0.526,0.164,0.039,0.637,0.682,0.617,0.394,0.456,0.161,0.711,-0.097,-0.609,0.841,0.036,0.768,0.136,0.485,0.508,-0.212,-0.485,0.822,0.524,0.636,0.397,0.04,0.161,0.64,0.591,-0.367,0.175,-0.279,0.76,-0.184,0.561,-0.141,-0.171,0.083,0.138,-0.081,0.677,-0.18,-0.036,-0.175,0.139,0.518,0.361,0.043,0.461,0.632,0.276,0.506,0.544,0.479,0.32,0.42,0.704,0.384,0.832,0.441,0.379,0.69,0.626,-0.024,0.54,0.621,0.045,0.635,0.522,0.141,0.318,0.819,-0.588,0.23,-0.235,0.55,0.635,0.177,0.165,0.695,0.391,0.667,-0.035,0.422,0.632,0.514,-0.218,0.577,-0.667,0.489,0.335,0.672,0.371,0.546,0.75,0.007,0.543,0.78,-0.301,0.104,0.247,0.601,0.723,-0.483,-0.136,-0.255,0.796,0.671,0.496,0.57,0.344,0.023,-0.388,0.485,0.235,0.502,0.596,0.798,-0.118,0.388,0.078,0.687,0.029,0.402
BGC,0.687,-0.004,-0.246,-0.112,0.741,0.391,0.213,-0.514,0.764,0.586,0.691,0.03,0.637,-0.39,0.763,-0.301,0.114,0.501,0.665,0.0,0.679,0.503,0.066,-0.355,0.698,0.451,0.113,0.233,0.569,0.289,0.744,-0.167,0.434,0.616,0.419,0.777,0.58,0.658,0.704,-0.446,0.678,0.291,0.54,0.701,0.052,-0.196,-0.163,-0.296,0.383,0.196,0.663,0.835,-0.351,0.365,-0.025,-0.206,0.485,0.354,0.26,-0.482,0.767,0.21,0.687,0.761,0.791,0.457,-0.064,0.551,0.627,0.307,0.381,0.574,0.804,0.109,0.493,0.608,-0.208,0.793,0.326,0.151,0.709,0.557,0.68,0.14,0.587,-0.043,0.572,0.106,-0.588,0.617,-0.07,0.801,0.376,0.558,0.555,-0.108,-0.285,0.669,0.558,0.613,0.526,0.42,0.38,0.609,0.637,-0.01,0.561,-0.128,0.724,-0.174,0.693,0.118,-0.213,0.243,0.034,0.154,0.775,0.034,0.211,0.166,0.362,0.643,0.71,0.117,0.628,0.787,0.391,0.741,0.566,0.633,0.379,0.633,0.652,0.513,0.814,0.607,0.399,0.752,0.657,0.22,0.664,0.568,0.168,0.603,0.478,0.397,0.504,0.792,-0.582,0.432,-0.326,0.657,0.762,0.367,0.127,0.707,0.122,0.633,-0.027,0.557,0.683,0.503,-0.231,0.642,-0.504,0.603,0.49,0.78,0.235,0.774,0.716,0.339,0.632,0.825,0.001,0.429,0.407,0.73,0.734,-0.364,-0.063,-0.103,0.827,0.752,0.571,0.717,0.518,0.131,-0.31,0.466,0.015,0.564,0.654,0.77,-0.195,0.477,0.278,0.342,0.386,0.485
BHF,0.924,0.046,-0.714,-0.133,0.867,0.572,0.098,-0.806,0.868,0.583,0.813,-0.622,0.924,-0.831,0.746,-0.798,0.653,0.807,0.553,0.679,0.0,0.682,-0.495,-0.634,0.338,0.835,0.411,-0.34,0.806,0.456,0.409,-0.332,0.862,0.749,-0.049,0.685,0.074,0.913,0.803,-0.483,0.734,0.719,0.645,0.91,-0.505,-0.742,-0.289,-0.694,0.327,0.031,0.919,0.564,-0.853,0.358,-0.475,0.017,0.835,0.345,-0.24,-0.843,0.852,-0.378,0.771,0.965,0.572,0.872,-0.023,0.739,0.786,0.81,0.63,0.874,0.602,-0.434,0.593,0.48,-0.725,0.764,0.67,-0.46,0.888,0.721,0.927,-0.266,0.858,0.393,0.782,0.561,-0.862,0.311,-0.611,0.858,0.75,0.913,0.821,-0.247,-0.765,0.681,0.753,0.867,0.316,0.653,0.668,0.271,0.73,0.27,0.14,-0.688,0.799,-0.706,0.852,-0.447,-0.692,0.797,-0.469,-0.326,0.754,0.098,0.706,0.456,-0.165,0.928,0.822,0.136,0.939,0.746,-0.011,0.795,0.922,0.411,0.546,0.648,0.824,0.881,0.703,0.948,0.773,0.691,0.864,0.612,0.929,0.045,-0.273,0.879,0.138,0.849,0.904,0.482,-0.882,0.724,-0.796,0.947,0.405,0.63,-0.424,0.635,-0.161,0.83,-0.375,0.848,0.945,0.765,-0.696,0.931,-0.289,0.907,0.793,0.751,0.421,0.663,0.771,0.689,0.921,0.731,0.446,0.293,0.817,0.853,0.86,-0.834,-0.618,-0.483,0.674,0.827,0.916,0.811,0.889,-0.477,0.122,0.808,-0.491,0.933,0.932,0.821,-0.733,0.897,0.698,0.164,0.754,0.485
BHFAL,0.669,-0.317,-0.689,0.157,0.646,0.34,0.204,-0.684,0.667,0.34,0.741,-0.389,0.731,-0.737,0.593,-0.721,0.511,0.537,0.32,0.503,0.682,0.0,-0.533,-0.609,0.12,0.695,0.375,-0.397,0.739,0.478,0.368,-0.279,0.768,0.492,-0.231,0.447,-0.115,0.675,0.704,-0.364,0.532,0.632,0.587,0.743,-0.334,-0.504,-0.317,-0.575,0.53,0.076,0.696,0.261,-0.617,0.435,-0.37,0.054,0.63,0.136,-0.428,-0.651,0.544,-0.341,0.606,0.635,0.395,0.582,0.25,0.754,0.775,0.761,0.385,0.648,0.571,-0.309,0.487,0.373,-0.6,0.34,0.396,-0.431,0.738,0.698,0.735,-0.119,0.678,0.509,0.681,0.343,-0.642,0.22,-0.408,0.634,0.556,0.665,0.754,-0.373,-0.64,0.593,0.7,0.677,0.009,0.589,0.637,0.279,0.597,0.25,0.123,-0.547,0.685,-0.654,0.84,-0.429,-0.686,0.576,-0.352,-0.473,0.542,0.108,0.621,0.439,-0.284,0.795,0.587,0.213,0.713,0.484,-0.254,0.735,0.736,0.251,0.381,0.504,0.709,0.805,0.372,0.776,0.793,0.432,0.765,0.679,0.803,0.052,-0.455,0.628,-0.117,0.664,0.733,0.342,-0.559,0.553,-0.625,0.704,0.259,0.622,-0.478,0.679,-0.112,0.797,-0.202,0.823,0.687,0.765,-0.599,0.745,-0.363,0.645,0.557,0.623,0.477,0.702,0.605,0.699,0.788,0.38,0.524,-0.017,0.72,0.757,0.716,-0.699,-0.525,-0.581,0.38,0.624,0.796,0.478,0.759,-0.364,0.127,0.776,-0.426,0.77,0.767,0.53,-0.514,0.615,0.76,0.245,0.523,0.449
BKNG,-0.408,0.189,0.76,-0.093,-0.421,-0.388,0.075,0.624,-0.348,-0.326,-0.477,0.734,-0.598,0.79,-0.096,0.856,-0.776,-0.606,0.035,0.066,-0.495,-0.533,0.0,0.63,0.456,-0.592,-0.279,0.904,-0.616,-0.398,0.2,0.244,-0.791,-0.294,0.661,0.036,0.674,-0.481,-0.392,0.23,-0.084,-0.764,-0.576,-0.39,0.763,0.725,0.424,0.653,-0.039,0.181,-0.537,0.283,0.741,-0.391,0.588,-0.195,-0.616,-0.054,0.806,0.559,-0.144,0.78,-0.245,-0.383,0.183,-0.563,-0.105,-0.512,-0.514,-0.853,-0.417,-0.451,-0.003,0.765,-0.06,0.012,0.854,0.03,-0.423,0.76,-0.452,-0.559,-0.544,0.204,-0.432,-0.793,-0.53,-0.582,0.478,0.28,0.771,-0.234,-0.523,-0.604,-0.677,0.345,0.696,-0.225,-0.478,-0.609,0.545,-0.387,-0.631,0.307,-0.32,-0.302,0.28,0.884,-0.299,0.882,-0.421,0.769,0.882,-0.771,0.495,0.739,0.069,0.154,-0.816,-0.403,0.797,-0.604,-0.197,-0.278,-0.546,-0.184,0.745,-0.241,-0.596,0.102,-0.022,-0.241,-0.537,-0.736,0.142,-0.583,-0.794,-0.134,-0.51,-0.616,-0.577,0.567,0.808,-0.506,0.663,-0.645,-0.697,0.294,0.464,-0.387,0.818,-0.555,0.471,-0.258,0.909,-0.253,0.327,-0.493,0.427,-0.635,-0.433,-0.656,0.839,-0.587,-0.015,-0.579,-0.491,-0.086,-0.531,-0.007,-0.215,-0.684,-0.608,0.062,-0.678,0.315,-0.783,-0.346,-0.395,0.761,0.874,0.787,0.164,-0.325,-0.614,-0.155,-0.609,0.914,-0.721,-0.721,0.731,-0.61,-0.544,-0.23,0.733,-0.62,-0.781,0.168,-0.532,-0.04
BL,-0.668,0.485,0.687,0.352,-0.734,-0.341,0.405,0.88,-0.727,-0.644,-0.665,0.478,-0.821,0.767,-0.46,0.707,-0.338,-0.527,-0.51,-0.355,-0.634,-0.609,0.63,0.0,-0.297,-0.466,0.071,0.456,-0.76,-0.161,-0.366,0.611,-0.768,-0.552,0.297,-0.616,0.191,-0.753,-0.845,0.769,-0.383,-0.557,-0.709,-0.561,0.476,0.675,0.758,0.821,-0.016,-0.278,-0.721,-0.346,0.684,-0.725,0.513,0.353,-0.547,-0.084,0.437,0.676,-0.556,0.274,-0.516,-0.666,-0.396,-0.379,0.182,-0.766,-0.731,-0.705,-0.182,-0.523,-0.571,0.566,-0.155,-0.479,0.706,-0.306,-0.152,0.5,-0.826,-0.839,-0.772,0.001,-0.404,-0.655,-0.731,-0.119,0.607,-0.427,0.568,-0.631,-0.278,-0.661,-0.769,0.568,0.722,-0.682,-0.495,-0.789,0.301,-0.17,-0.529,-0.092,-0.627,0.271,-0.117,0.73,-0.736,0.622,-0.634,0.462,0.795,-0.558,0.063,0.449,-0.341,0.49,-0.465,0.076,0.555,-0.757,-0.258,-0.295,-0.645,-0.619,0.402,-0.407,-0.739,-0.422,0.064,-0.275,-0.872,-0.732,-0.4,-0.651,-0.744,-0.618,-0.787,-0.337,-0.701,-0.03,0.468,-0.793,0.098,-0.565,-0.703,-0.375,0.774,-0.205,0.797,-0.713,-0.03,-0.201,0.418,-0.724,0.169,-0.775,0.199,-0.732,-0.643,-0.769,0.812,-0.807,0.674,-0.598,-0.629,-0.449,-0.783,-0.424,-0.749,-0.473,-0.731,-0.5,-0.227,0.077,-0.653,-0.641,-0.773,0.858,0.542,0.678,-0.366,-0.741,-0.646,-0.289,-0.55,0.648,-0.24,-0.9,0.384,-0.657,-0.747,-0.735,0.476,-0.545,-0.527,-0.332,-0.313,-0.133
BOKF,0.441,-0.17,0.043,-0.405,0.47,0.069,-0.182,-0.305,0.545,0.455,0.364,0.284,0.34,-0.017,0.593,0.136,-0.396,0.065,0.761,0.698,0.338,0.12,0.456,-0.297,0.0,-0.015,-0.207,0.612,0.244,-0.143,0.756,-0.338,0.03,0.414,0.546,0.837,0.78,0.429,0.569,-0.587,0.535,-0.197,0.218,0.355,0.35,0.046,-0.219,-0.204,0.102,0.473,0.371,0.917,-0.013,0.373,0.163,-0.565,0.029,0.196,0.542,-0.232,0.638,0.62,0.466,0.495,0.837,-0.015,-0.284,0.34,0.316,-0.135,-0.111,0.186,0.725,0.263,0.24,0.649,0.186,0.619,-0.113,0.402,0.494,0.359,0.369,0.284,0.169,-0.21,0.327,-0.404,-0.266,0.87,0.253,0.597,-0.14,0.167,0.153,-0.116,-0.061,0.599,0.182,0.306,0.525,-0.059,-0.022,0.618,0.407,-0.483,0.536,0.177,0.606,0.266,0.364,0.375,0.159,-0.192,0.43,0.393,0.655,-0.224,-0.328,-0.384,0.468,0.276,0.313,0.049,0.263,0.623,0.542,0.337,0.25,0.67,0.118,0.245,0.441,0.078,0.845,0.188,-0.022,0.683,0.39,-0.236,0.27,0.783,0.454,0.416,0.807,-0.026,0.071,0.934,-0.426,-0.038,0.029,0.301,0.819,0.104,0.582,0.563,0.32,0.423,0.211,0.189,0.395,0.19,0.076,0.329,-0.698,0.177,0.282,0.613,0.21,0.586,0.706,-0.221,0.253,0.82,-0.508,0.422,-0.075,0.455,0.558,-0.13,0.337,0.14,0.786,0.55,0.177,0.42,0.108,0.401,-0.601,0.212,0.411,0.199,0.341,0.699,0.228,0.053,-0.233,0.631,-0.084,0.256
BRKR,0.792,0.244,-0.747,0.156,0.708,0.713,0.344,-0.704,0.676,0.442,0.745,-0.632,0.789,-0.762,0.659,-0.758,0.72,0.729,0.327,0.451,0.835,0.695,-0.592,-0.466,-0.015,0.0,0.561,-0.548,0.774,0.356,0.282,-0.137,0.847,0.469,-0.342,0.399,-0.121,0.776,0.576,-0.249,0.423,0.699,0.525,0.808,-0.603,-0.628,-0.129,-0.514,0.416,-0.133,0.753,0.235,-0.88,0.22,-0.562,0.155,0.901,0.119,-0.569,-0.787,0.683,-0.607,0.775,0.744,0.335,0.923,0.27,0.735,0.756,0.82,0.548,0.767,0.38,-0.359,0.51,0.373,-0.764,0.463,0.748,-0.67,0.704,0.614,0.807,-0.238,0.915,0.358,0.731,0.727,-0.866,0.075,-0.558,0.685,0.797,0.91,0.812,-0.274,-0.818,0.575,0.683,0.787,0.187,0.665,0.529,0.244,0.752,0.473,-0.182,-0.739,0.614,-0.86,0.776,-0.645,-0.755,0.774,-0.669,-0.469,0.618,0.312,0.771,0.598,-0.235,0.842,0.764,0.031,0.789,0.47,-0.151,0.742,0.869,0.067,0.684,0.697,0.643,0.867,0.427,0.917,0.822,0.4,0.801,0.728,0.885,-0.135,-0.491,0.711,-0.162,0.824,0.868,0.172,-0.625,0.878,-0.678,0.816,0.19,0.619,-0.626,0.482,-0.201,0.665,-0.573,0.75,0.794,0.755,-0.603,0.804,-0.058,0.886,0.51,0.586,0.206,0.535,0.515,0.77,0.858,0.457,0.607,-0.042,0.89,0.679,0.645,-0.762,-0.774,-0.489,0.42,0.676,0.886,0.762,0.841,-0.542,0.13,0.712,-0.56,0.871,0.795,0.538,-0.845,0.928,0.728,-0.085,0.653,0.578
CACC,0.312,0.25,-0.484,0.521,0.167,0.161,0.401,-0.111,0.171,-0.083,0.331,-0.356,0.236,-0.298,0.302,-0.331,0.554,0.285,-0.023,0.113,0.411,0.375,-0.279,0.071,-0.207,0.561,0.0,-0.222,0.238,0.241,0.034,0.05,0.379,0.109,-0.14,-0.075,0.016,0.263,0.039,0.226,0.262,0.37,-0.0,0.468,-0.196,-0.306,0.523,-0.124,0.582,-0.09,0.345,-0.024,-0.415,-0.124,-0.275,0.336,0.43,-0.099,-0.332,-0.332,0.265,-0.384,0.285,0.282,0.141,0.555,0.515,0.34,0.334,0.424,0.265,0.296,0.055,-0.107,0.511,0.033,-0.354,0.098,0.43,-0.326,0.147,0.03,0.232,-0.267,0.653,0.185,0.221,0.622,-0.382,-0.197,-0.114,0.235,0.582,0.376,0.276,-0.099,-0.459,0.112,0.448,0.234,0.252,0.71,0.209,0.219,0.213,0.795,-0.375,-0.285,0.228,-0.485,0.449,-0.494,-0.208,0.355,-0.713,-0.337,0.361,0.597,0.458,0.701,0.006,0.387,0.546,-0.175,0.446,-0.007,-0.128,0.414,0.377,-0.357,0.629,0.374,0.084,0.372,0.157,0.438,0.36,-0.07,0.212,0.527,0.406,-0.185,-0.267,0.193,-0.167,0.419,0.346,-0.012,-0.085,0.713,-0.208,0.307,0.178,0.642,-0.38,-0.024,0.166,0.326,-0.304,0.459,0.345,0.374,-0.177,0.202,0.42,0.475,0.298,0.412,-0.171,0.251,0.146,0.426,0.406,0.006,0.526,-0.186,0.362,0.265,0.162,-0.275,-0.473,-0.259,0.093,0.06,0.527,0.496,0.634,-0.12,0.044,0.214,-0.292,0.584,0.335,-0.01,-0.463,0.458,0.529,-0.106,0.477,0.559
CAR,-0.221,-0.004,0.559,-0.038,-0.258,-0.341,0.084,0.431,-0.176,-0.16,-0.218,0.76,-0.43,0.611,0.088,0.745,-0.75,-0.573,0.281,0.233,-0.34,-0.397,0.904,0.456,0.612,-0.548,-0.222,0.0,-0.429,-0.343,0.312,0.048,-0.655,-0.216,0.657,0.234,0.76,-0.309,-0.153,0.037,0.102,-0.729,-0.379,-0.267,0.819,0.657,0.294,0.446,0.111,0.21,-0.304,0.442,0.624,-0.092,0.662,-0.382,-0.516,-0.031,0.795,0.395,-0.003,0.9,-0.135,-0.235,0.399,-0.523,-0.035,-0.31,-0.312,-0.763,-0.457,-0.416,0.215,0.713,-0.007,0.181,0.799,0.109,-0.436,0.81,-0.288,-0.319,-0.386,0.381,-0.302,-0.581,-0.291,-0.606,0.328,0.485,0.785,-0.048,-0.464,-0.512,-0.513,0.254,0.545,0.006,-0.257,-0.428,0.549,-0.323,-0.478,0.497,-0.242,-0.362,0.338,0.774,-0.056,0.801,-0.229,0.666,0.824,-0.734,0.531,0.593,0.199,0.093,-0.803,-0.376,0.778,-0.443,-0.129,-0.245,-0.391,-0.035,0.682,-0.106,-0.459,0.176,0.019,-0.172,-0.303,-0.592,0.328,-0.474,-0.63,0.024,-0.36,-0.608,-0.414,0.729,0.756,-0.368,0.769,-0.639,-0.62,0.499,0.299,-0.352,0.715,-0.4,0.639,-0.152,0.891,-0.063,0.537,-0.223,0.514,-0.452,-0.277,-0.453,0.713,-0.433,-0.197,-0.461,-0.342,0.141,-0.321,0.136,-0.014,-0.669,-0.427,0.207,-0.735,0.282,-0.72,-0.169,-0.178,0.601,0.787,0.567,0.359,-0.212,-0.447,-0.037,-0.455,0.886,-0.728,-0.549,0.783,-0.421,-0.332,-0.034,0.736,-0.541,-0.675,0.458,-0.494,0.06
CDNA,0.783,-0.224,-0.798,-0.011,0.863,0.596,0.043,-0.934,0.869,0.774,0.871,-0.462,0.927,-0.865,0.637,-0.792,0.49,0.714,0.551,0.569,0.806,0.739,-0.616,-0.76,0.244,0.774,0.238,-0.429,0.0,0.353,0.445,-0.532,0.865,0.571,-0.33,0.62,-0.036,0.917,0.847,-0.711,0.582,0.656,0.838,0.788,-0.529,-0.578,-0.524,-0.809,0.253,-0.038,0.866,0.383,-0.763,0.668,-0.399,-0.25,0.764,0.264,-0.477,-0.874,0.653,-0.319,0.829,0.78,0.492,0.654,0.07,0.884,0.82,0.783,0.418,0.714,0.658,-0.521,0.238,0.551,-0.713,0.422,0.394,-0.469,0.87,0.882,0.874,-0.009,0.724,0.6,0.91,0.366,-0.846,0.385,-0.546,0.821,0.52,0.834,0.882,-0.552,-0.783,0.787,0.662,0.904,-0.03,0.465,0.67,0.28,0.788,0.051,0.065,-0.718,0.857,-0.77,0.839,-0.534,-0.799,0.632,-0.19,-0.463,0.571,-0.154,0.604,0.286,-0.34,0.904,0.592,0.101,0.824,0.655,-0.248,0.678,0.895,0.353,0.368,0.501,0.877,0.911,0.53,0.865,0.854,0.705,0.927,0.46,0.903,0.187,-0.599,0.817,-0.068,0.669,0.793,0.394,-0.787,0.556,-0.74,0.897,0.266,0.529,-0.556,0.81,-0.116,0.881,-0.371,0.806,0.788,0.916,-0.657,0.901,-0.521,0.785,0.58,0.655,0.68,0.61,0.718,0.577,0.876,0.579,0.325,-0.059,0.87,0.815,0.841,-0.876,-0.648,-0.746,0.48,0.814,0.875,0.6,0.807,-0.539,0.193,0.902,-0.413,0.84,0.84,0.779,-0.561,0.737,0.625,0.244,0.512,0.5
CG,0.251,-0.101,-0.291,0.181,0.279,-0.023,0.249,-0.214,0.307,0.006,0.287,-0.363,0.37,-0.502,0.105,-0.583,0.556,0.472,-0.105,0.289,0.456,0.478,-0.398,-0.161,-0.143,0.356,0.241,-0.343,0.353,0.0,-0.066,0.105,0.441,0.479,-0.001,0.021,-0.261,0.275,0.268,0.066,0.55,0.63,0.374,0.462,-0.202,-0.413,-0.047,-0.278,0.245,-0.308,0.379,0.003,-0.238,-0.006,-0.041,0.492,0.268,0.576,-0.022,-0.22,0.117,-0.335,0.179,0.378,-0.047,0.455,0.075,0.148,0.274,0.551,0.726,0.551,0.123,-0.342,0.391,-0.18,-0.323,0.377,0.347,-0.043,0.325,0.25,0.343,-0.432,0.356,0.354,0.184,0.401,-0.157,-0.283,-0.499,0.219,0.493,0.303,0.311,-0.023,-0.098,0.003,0.451,0.253,0.009,0.588,0.769,-0.128,0.011,0.455,0.344,-0.251,0.21,-0.318,0.411,-0.078,-0.354,0.597,-0.285,-0.199,0.137,0.219,0.63,0.633,-0.157,0.428,0.39,0.302,0.501,0.211,-0.217,0.429,0.325,0.21,0.177,0.153,0.284,0.487,0.053,0.467,0.408,0.151,0.282,0.56,0.42,-0.242,-0.226,0.232,-0.153,0.532,0.471,-0.026,-0.301,0.309,-0.451,0.423,0.036,0.514,-0.409,0.184,-0.295,0.376,0.113,0.485,0.371,0.31,-0.329,0.373,0.057,0.341,0.558,0.238,0.299,0.279,0.124,0.623,0.409,0.089,0.581,0.404,0.468,0.48,0.281,-0.305,-0.255,-0.315,0.056,0.2,0.425,0.133,0.533,-0.244,0.515,0.384,-0.456,0.405,0.407,0.172,-0.291,0.328,0.652,-0.093,0.679,0.061
CGBD,0.53,-0.1,-0.121,-0.149,0.634,0.291,0.038,-0.418,0.644,0.561,0.574,0.214,0.459,-0.127,0.685,-0.032,-0.19,0.255,0.653,0.744,0.409,0.368,0.2,-0.366,0.756,0.282,0.034,0.312,0.445,-0.066,0.0,-0.153,0.244,0.42,0.338,0.725,0.679,0.52,0.592,-0.524,0.404,0.015,0.349,0.525,0.199,-0.01,-0.133,-0.176,0.289,0.413,0.429,0.801,-0.191,0.453,-0.044,-0.45,0.243,0.033,0.201,-0.324,0.682,0.348,0.664,0.551,0.814,0.172,-0.059,0.584,0.559,0.105,0.029,0.297,0.75,0.265,0.324,0.78,-0.054,0.518,0.016,0.181,0.602,0.495,0.521,0.336,0.391,-0.169,0.463,-0.129,-0.439,0.779,0.183,0.652,0.045,0.389,0.398,-0.24,-0.242,0.656,0.334,0.478,0.388,0.137,0.069,0.665,0.669,-0.206,0.445,-0.002,0.677,-0.045,0.546,0.175,-0.103,-0.055,0.23,0.278,0.67,-0.141,-0.057,-0.153,0.38,0.483,0.497,0.082,0.383,0.611,0.353,0.485,0.4,0.54,0.207,0.549,0.523,0.316,0.731,0.392,0.23,0.649,0.564,0.067,0.492,0.682,0.201,0.464,0.502,0.159,0.288,0.802,-0.373,0.259,-0.089,0.396,0.723,0.233,0.308,0.66,0.252,0.515,-0.002,0.382,0.449,0.428,-0.049,0.452,-0.634,0.411,0.254,0.666,0.176,0.723,0.728,0.076,0.458,0.727,-0.201,0.168,0.208,0.502,0.597,-0.256,0.071,0.003,0.667,0.681,0.383,0.494,0.298,0.255,-0.532,0.38,0.228,0.371,0.474,0.642,-0.01,0.25,0.041,0.372,0.031,0.451
