,ACET,ADAP,ADI,ADPT,ADTN,AGEN,ALGN,ALLK,AMD,AMWD,ARDX,ARQT,ASTE,AUPH,AVXL,AZTA,BAND,BECN,BFC,BGC,BHF,BHFAL,BKNG,BL,BOKF,BRKR,CACC,CAR,CDNA,CG,CGBD,CHI,CHTR,CHX,CLNE,CME,CNOB,CNXN,CPRX,CSGP,CSGS,CSIQ,CVCO,CVLT,CYRX,DDOG,DOOO,DSGX,DTIL,ECPG,EEFT,EFSC,ENTG,ESPR,ETSY,EXC,FAMI,FFIV,FITB,FIZZ,FMBH,FOX,FTNT,FULT,GABC,GEN,GH,GMAB,GNPX,GO,GOGL,GOOG,GPRO,GSHD,GSM,GWAV,HAIN,HBAN,HEPA,HURN,HWKN,IBIO,ICFI,IGMS,IMKTA,INCY,INO,IRDM,IRTC,IRWD,ITCI,JACK,JD,JJSF,KALA,KHC,KLAC,KRRO,KRYS,LANC,LBTYA,LIVN,LKCO,LNTH,LOGI,LPRO,LRCX,LSCC,LSTR,MAR,MARA,MCHP,MEOH,META,MGTX,MKSI,MMYT,MORN,MRUS,MTLS,MTSI,MVIS,MXL,NBIX,NFE,NMIH,NMRK,NNDM,NSIT,NTCT,NVAX,OCUL,ODP,OLED,ONB,OTEX,PACB,PATK,PAYX,PEP,PERI,PI,PLYA,PRDO,PRGS,PTGX,QCOM,QCRH,QDEL,QFIN,RGEN,RILY,RPAY,RPD,SABR,SEDG,SHEN,SIRI,SLNO,SNDL,SNEX,SONO,SPT,SSNC,STGW,STKL,STRL,STX,SWTX,SYNA,TFSL,TIGR,TNXP,TOWN,TRI,TRIP,TRMB,TRNS,TRS,TSCO,TSEM,TVTX,TXRH,VC,VCEL,VECO,VIAV,VICR,VIR,VRTX,VSTM,VTRS,WDFC,WSBC,WSC,WYNN,XENE,XNCR,XRAY,ZS
ACET,0.0,0.08,0.606,0.698,0.21,-0.318,-0.173,-0.204,0.732,0.687,0.366,-0.448,0.67,0.101,-0.325,0.405,-0.48,0.548,0.599,0.177,0.6,0.274,0.224,-0.086,0.344,0.742,-0.21,-0.128,0.352,0.067,0.049,0.054,0.73,0.313,0.01,-0.097,-0.332,0.737,-0.325,-0.267,0.487,0.494,-0.143,-0.411,0.316,0.034,0.146,0.049,0.126,0.116,0.484,0.211,0.675,-0.579,0.215,0.188,0.457,0.51,0.15,-0.402,0.442,0.07,0.144,0.623,-0.123,-0.583,0.28,0.622,-0.342,-0.338,0.517,-0.176,-0.578,-0.04,-0.36,0.435,-0.249,0.293,0.326,0.685,-0.203,-0.241,0.343,-0.036,-0.403,0.767,-0.679,-0.328,0.624,0.16,-0.029,0.677,0.33,-0.113,-0.346,-0.137,0.658,-0.393,0.319,-0.103,0.611,0.14,0.121,-0.28,-0.336,-0.194,0.815,0.194,0.826,0.194,-0.152,0.637,0.322,0.353,0.11,0.582,0.457,-0.155,0.137,0.187,0.147,-0.12,0.467,0.411,0.074,0.444,-0.094,-0.07,0.455,0.212,-0.536,0.432,0.634,0.607,0.603,0.107,0.349,0.361,-0.452,0.4,-0.125,0.346,0.133,0.238,0.218,0.578,0.331,0.044,-0.272,-0.319,0.244,-0.299,0.28,0.504,0.146,0.275,0.366,-0.285,0.025,-0.491,-0.005,-0.025,-0.068,0.422,-0.267,-0.509,0.762,-0.451,-0.074,0.077,0.623,-0.233,-0.103,0.424,-0.291,-0.046,0.301,-0.155,0.403,0.743,0.091,-0.226,-0.093,0.267,-0.265,0.669,0.021,0.607,-0.403,0.645,0.213,-0.096,-0.281,0.536,0.182,0.288,0.043,0.289,0.564,0.225
ADAP,0.08,0.0,0.042,0.16,-0.455,0.6,0.711,0.706,0.172,0.314,0.557,0.635,0.335,-0.042,0.554,0.279,0.224,0.705,0.19,0.606,0.443,0.175,0.402,0.671,0.678,-0.271,-0.374,0.038,0.561,0.75,0.582,0.73,-0.311,0.486,0.777,0.523,0.726,0.195,0.622,0.038,0.293,0.066,0.693,0.525,0.036,0.755,0.589,0.097,0.339,0.645,0.368,0.743,-0.412,0.264,0.647,0.605,0.22,0.076,0.692,-0.313,0.476,-0.117,0.75,0.509,0.757,0.07,0.533,-0.084,0.624,-0.229,0.349,0.454,-0.371,0.631,0.54,0.123,-0.124,0.343,0.846,0.229,0.81,0.582,0.438,0.72,0.441,-0.199,0.199,0.15,-0.438,0.261,0.869,0.284,0.235,0.198,0.69,-0.038,0.118,0.612,0.061,0.546,-0.103,0.782,0.541,0.667,0.59,0.706,-0.0,0.57,0.198,0.639,0.879,0.458,0.469,-0.175,0.498,-0.502,-0.104,0.182,-0.335,0.774,0.681,0.744,0.004,0.287,0.472,0.201,0.704,0.134,0.549,0.417,0.554,0.381,0.382,-0.165,0.386,0.58,0.556,0.712,0.653,0.334,0.778,0.565,0.753,0.811,0.244,0.453,-0.525,0.718,-0.025,0.42,0.509,0.65,0.727,0.095,0.641,0.416,0.59,-0.37,0.888,0.591,0.677,0.658,0.359,0.546,0.575,0.329,0.156,0.305,0.339,0.764,-0.289,0.54,0.744,0.713,0.237,0.76,0.764,0.601,0.417,0.286,0.561,0.677,0.859,0.377,0.532,0.364,0.389,0.382,0.063,-0.559,0.627,0.55,0.322,0.38,0.639,0.782,0.472,0.876,0.053,0.555
ADI,0.606,0.042,0.0,0.841,-0.254,-0.599,-0.076,-0.503,0.52,0.868,-0.21,-0.378,0.859,-0.564,-0.484,0.172,-0.807,0.58,0.371,0.154,0.782,0.023,0.759,-0.387,0.276,0.723,-0.403,-0.687,0.467,0.025,-0.164,-0.234,0.347,0.722,-0.377,0.463,-0.236,0.39,-0.538,-0.551,0.145,-0.185,-0.302,-0.68,-0.27,-0.266,-0.165,-0.507,-0.243,0.41,0.825,0.163,0.765,-0.834,0.072,0.154,-0.106,-0.221,0.483,-0.816,0.692,-0.352,-0.102,0.635,0.124,-0.479,0.455,0.867,-0.616,-0.824,0.789,-0.571,-0.379,-0.029,-0.386,0.158,-0.665,0.799,0.119,0.487,-0.145,-0.525,-0.172,-0.297,-0.755,0.325,-0.719,-0.667,0.6,0.644,-0.155,0.439,-0.174,-0.511,-0.45,-0.751,0.676,-0.619,-0.258,-0.507,0.34,0.272,0.273,-0.589,-0.625,0.038,0.791,0.552,0.705,0.526,-0.083,0.839,0.733,-0.345,0.595,0.679,0.617,-0.594,-0.491,0.19,0.39,-0.45,0.901,-0.282,0.544,0.882,-0.349,-0.716,0.057,-0.182,-0.638,0.734,0.413,0.916,0.807,-0.217,0.522,0.292,-0.255,0.646,-0.418,-0.185,0.358,0.201,0.587,0.471,0.439,0.32,-0.766,-0.7,0.388,-0.358,0.368,0.204,0.357,0.475,0.201,-0.678,-0.118,-0.549,0.396,-0.318,-0.545,0.545,-0.624,-0.816,0.817,-0.778,-0.555,-0.19,0.797,-0.565,-0.396,0.421,-0.632,0.001,0.281,-0.494,0.73,0.609,-0.192,-0.066,-0.06,0.689,-0.622,0.742,-0.338,0.858,-0.801,0.485,0.609,0.097,-0.774,0.795,0.596,0.239,0.064,0.13,0.9,0.297
ADPT,0.698,0.16,0.841,0.0,-0.177,-0.354,0.095,-0.279,0.511,0.874,0.074,-0.251,0.918,-0.358,-0.254,0.43,-0.604,0.622,0.482,0.301,0.876,0.348,0.638,-0.107,0.497,0.679,-0.525,-0.519,0.667,0.236,0.197,0.06,0.471,0.663,-0.148,0.305,-0.044,0.567,-0.313,-0.463,0.367,0.084,-0.082,-0.525,0.068,0.001,0.112,-0.233,0.087,0.384,0.713,0.355,0.734,-0.826,0.362,0.453,0.217,0.076,0.568,-0.775,0.775,-0.336,0.091,0.79,0.053,-0.536,0.588,0.884,-0.406,-0.791,0.832,-0.271,-0.501,0.207,-0.191,0.484,-0.681,0.677,0.297,0.602,-0.066,-0.29,0.157,-0.068,-0.565,0.437,-0.709,-0.4,0.522,0.354,0.068,0.719,0.18,-0.447,-0.262,-0.637,0.832,-0.402,-0.018,-0.231,0.29,0.393,0.115,-0.402,-0.453,0.195,0.904,0.625,0.876,0.559,-0.039,0.882,0.598,-0.079,0.577,0.703,0.631,-0.318,-0.267,0.384,0.493,-0.218,0.737,0.077,0.346,0.74,-0.085,-0.407,0.357,0.005,-0.488,0.698,0.68,0.846,0.832,0.111,0.703,0.392,-0.286,0.625,-0.241,0.182,0.524,0.365,0.383,0.706,0.391,0.359,-0.575,-0.449,0.664,-0.194,0.505,0.379,0.439,0.33,0.426,-0.701,0.001,-0.45,0.32,-0.003,-0.242,0.555,-0.39,-0.593,0.95,-0.668,-0.199,-0.022,0.716,-0.272,-0.172,0.519,-0.362,0.083,0.401,-0.182,0.772,0.766,0.076,0.129,0.109,0.691,-0.352,0.864,-0.114,0.839,-0.704,0.403,0.582,0.021,-0.686,0.775,0.628,0.43,0.385,0.343,0.766,0.534
ADTN,0.21,-0.455,-0.254,-0.177,0.0,-0.087,-0.493,-0.092,-0.208,-0.385,-0.05,-0.307,-0.36,0.496,-0.257,0.299,0.241,-0.39,-0.188,-0.534,-0.308,0.278,-0.67,-0.098,-0.24,0.268,0.412,0.41,-0.236,-0.36,-0.041,-0.196,0.427,-0.684,-0.118,-0.845,-0.374,0.156,-0.14,0.089,-0.043,0.345,-0.193,-0.007,0.516,-0.336,0.109,0.526,0.298,-0.551,-0.596,-0.396,0.225,0.024,-0.147,-0.273,0.258,0.575,-0.658,0.62,-0.473,0.472,-0.319,-0.312,-0.587,-0.112,-0.395,-0.027,-0.135,0.578,-0.383,0.055,0.146,-0.212,-0.148,0.319,0.472,-0.587,-0.217,-0.01,-0.417,-0.179,0.09,0.015,0.09,0.368,0.125,0.322,0.316,-0.527,-0.371,0.019,0.255,0.131,-0.311,0.548,0.162,-0.088,0.54,0.075,0.056,-0.579,-0.597,-0.091,-0.082,-0.469,0.121,-0.579,0.022,-0.646,-0.491,-0.343,-0.643,0.632,-0.684,0.262,0.161,0.227,0.682,-0.165,-0.457,-0.101,-0.368,0.151,-0.791,-0.375,-0.211,0.44,-0.027,0.344,-0.173,-0.568,-0.146,0.005,-0.347,0.1,-0.17,-0.281,-0.519,-0.433,-0.202,0.099,-0.529,-0.431,-0.62,0.085,0.424,-0.651,0.425,0.156,-0.34,-0.256,-0.563,0.183,-0.604,-0.607,-0.255,0.544,-0.4,-0.163,-0.809,-0.14,0.329,-0.61,0.007,0.105,-0.065,0.236,0.379,-0.209,-0.014,-0.026,-0.229,-0.427,0.202,-0.507,-0.479,-0.031,-0.534,-0.025,0.028,-0.561,-0.558,-0.651,0.073,-0.255,0.166,-0.492,0.382,0.387,-0.722,-0.685,0.248,-0.517,-0.647,-0.449,-0.197,-0.268,-0.366,-0.241
AGEN,-0.318,0.6,-0.599,-0.354,-0.087,0.0,0.765,0.929,-0.329,-0.286,0.583,0.804,-0.254,0.316,0.913,0.309,0.836,0.133,0.045,0.486,-0.098,0.401,-0.225,0.911,0.485,-0.674,-0.128,0.636,0.32,0.723,0.764,0.86,-0.388,-0.156,0.854,0.053,0.809,-0.034,0.941,0.553,0.359,0.295,0.828,0.886,0.359,0.818,0.721,0.633,0.68,0.279,-0.365,0.561,-0.767,0.686,0.642,0.576,0.369,0.3,0.28,0.27,-0.109,0.1,0.752,0.022,0.414,0.406,0.223,-0.584,0.967,0.349,-0.149,0.904,0.05,0.713,0.83,0.252,0.296,-0.259,0.574,-0.088,0.674,0.927,0.64,0.819,0.936,-0.316,0.654,0.736,-0.72,-0.458,0.747,0.108,0.502,0.48,0.924,0.484,-0.23,0.95,0.269,0.876,-0.41,0.389,0.021,0.923,0.881,0.61,-0.402,0.095,-0.166,0.176,0.555,-0.153,-0.249,0.284,-0.014,-0.666,-0.503,0.699,0.206,0.528,0.35,0.916,-0.609,0.499,-0.161,-0.469,0.885,0.674,0.575,0.537,0.888,-0.32,0.188,-0.679,-0.185,0.786,0.162,0.442,0.714,-0.166,0.858,0.706,0.428,0.594,-0.384,0.125,-0.678,0.335,0.51,0.887,0.313,0.802,0.331,0.127,0.368,-0.184,0.38,0.156,0.762,0.843,0.213,0.884,0.777,0.123,0.949,0.88,-0.282,0.794,0.727,0.771,-0.797,0.956,0.893,0.284,0.781,0.589,0.446,0.93,-0.146,-0.193,0.777,0.692,0.744,-0.08,0.934,-0.101,0.726,-0.272,0.629,-0.778,0.03,0.328,0.683,-0.246,0.108,0.53,0.528,0.613,-0.562,0.39
ALGN,-0.173,0.711,-0.076,0.095,-0.493,0.765,0.0,0.739,-0.158,0.247,0.395,0.735,0.261,-0.197,0.814,0.293,0.41,0.491,0.228,0.721,0.393,0.332,0.369,0.771,0.754,-0.438,-0.436,0.194,0.678,0.915,0.746,0.796,-0.361,0.417,0.671,0.515,0.885,0.06,0.726,0.264,0.425,0.012,0.75,0.588,0.067,0.768,0.643,0.255,0.533,0.679,0.182,0.788,-0.504,0.251,0.756,0.771,0.205,-0.028,0.759,-0.306,0.396,-0.278,0.762,0.39,0.674,0.238,0.621,-0.156,0.731,-0.236,0.398,0.631,-0.181,0.841,0.704,0.255,-0.195,0.344,0.664,0.089,0.74,0.725,0.556,0.706,0.581,-0.395,0.274,0.408,-0.541,-0.033,0.735,0.371,0.295,0.106,0.838,-0.07,0.016,0.693,-0.006,0.621,-0.344,0.67,0.275,0.651,0.595,0.809,-0.095,0.532,0.161,0.673,0.63,0.323,0.294,-0.104,0.454,-0.388,-0.336,0.343,-0.28,0.675,0.683,0.729,-0.054,0.236,0.283,0.086,0.762,0.149,0.605,0.368,0.663,0.144,0.403,-0.238,0.311,0.705,0.517,0.7,0.795,0.271,0.703,0.562,0.784,0.806,0.027,0.344,-0.671,0.726,0.008,0.526,0.645,0.687,0.643,0.157,0.754,0.123,0.478,-0.369,0.801,0.662,0.621,0.801,0.466,0.568,0.661,0.481,0.127,0.36,0.362,0.742,-0.438,0.706,0.76,0.585,0.451,0.76,0.672,0.746,0.381,0.088,0.669,0.864,0.913,0.47,0.62,0.281,0.501,0.267,0.123,-0.701,0.545,0.564,0.191,0.263,0.59,0.796,0.645,0.743,-0.044,0.632
ALLK,-0.204,0.706,-0.503,-0.279,-0.092,0.929,0.739,0.0,-0.231,-0.184,0.603,0.827,-0.164,0.309,0.817,0.39,0.782,0.291,0.045,0.436,-0.018,0.357,-0.161,0.922,0.508,-0.56,-0.185,0.566,0.367,0.748,0.727,0.854,-0.386,-0.079,0.893,0.088,0.818,0.002,0.913,0.484,0.347,0.322,0.898,0.903,0.425,0.843,0.744,0.613,0.659,0.294,-0.249,0.56,-0.698,0.639,0.649,0.554,0.389,0.308,0.309,0.19,0.022,0.017,0.787,0.095,0.487,0.378,0.339,-0.507,0.922,0.303,-0.055,0.864,-0.063,0.738,0.808,0.232,0.219,-0.211,0.686,-0.108,0.801,0.905,0.61,0.854,0.888,-0.313,0.63,0.679,-0.712,-0.347,0.789,0.145,0.474,0.408,0.901,0.402,-0.177,0.929,0.327,0.821,-0.428,0.445,0.1,0.929,0.9,0.66,-0.35,0.22,-0.122,0.225,0.67,-0.033,-0.137,0.232,0.018,-0.678,-0.384,0.691,0.157,0.611,0.443,0.928,-0.57,0.483,-0.091,-0.4,0.866,0.624,0.583,0.576,0.891,-0.23,0.195,-0.611,-0.118,0.776,0.284,0.527,0.7,-0.189,0.896,0.727,0.473,0.657,-0.353,0.217,-0.644,0.414,0.529,0.89,0.37,0.773,0.359,0.171,0.369,-0.078,0.409,0.034,0.819,0.888,0.228,0.872,0.786,0.157,0.916,0.815,-0.215,0.751,0.756,0.831,-0.754,0.919,0.905,0.384,0.727,0.612,0.509,0.923,-0.041,-0.1,0.797,0.651,0.767,-0.036,0.927,-0.03,0.647,-0.165,0.559,-0.719,0.132,0.35,0.67,-0.192,0.19,0.564,0.531,0.671,-0.527,0.481
AMD,0.732,0.172,0.52,0.511,-0.208,-0.329,-0.158,-0.231,0.0,0.602,0.454,-0.367,0.557,0.06,-0.263,-0.004,-0.555,0.484,0.632,0.334,0.386,-0.135,0.356,-0.162,0.178,0.466,-0.249,-0.245,0.069,-0.048,-0.16,0.016,0.51,0.441,-0.025,0.234,-0.309,0.469,-0.286,-0.169,0.46,0.387,-0.193,-0.409,-0.044,0.109,-0.104,-0.242,-0.272,0.111,0.607,0.226,0.447,-0.34,-0.019,0.051,0.316,0.225,0.2,-0.493,0.442,-0.017,0.216,0.537,0.112,-0.336,0.095,0.388,-0.304,-0.354,0.375,-0.26,-0.385,-0.256,-0.356,0.032,-0.23,0.318,0.208,0.624,-0.113,-0.185,0.163,-0.247,-0.445,0.662,-0.6,-0.539,0.411,0.405,0.059,0.345,0.179,0.01,-0.279,-0.202,0.374,-0.389,0.07,-0.127,0.709,0.293,0.479,-0.261,-0.266,-0.208,0.546,0.273,0.507,0.239,0.025,0.51,0.444,0.127,0.33,0.329,0.327,-0.187,-0.079,-0.017,0.148,-0.186,0.513,0.367,0.405,0.397,-0.026,-0.174,0.294,-0.115,-0.47,0.599,0.505,0.399,0.541,-0.195,0.058,0.174,-0.23,0.447,-0.104,0.164,0.095,0.215,0.547,0.198,0.159,0.208,-0.351,-0.404,0.077,-0.277,0.429,0.375,0.239,0.651,0.387,-0.303,0.068,-0.421,0.278,-0.131,-0.372,0.528,-0.31,-0.464,0.492,-0.502,-0.321,0.062,0.562,-0.293,-0.094,0.476,-0.374,0.126,0.415,-0.256,0.445,0.491,-0.084,-0.079,0.016,0.367,-0.332,0.547,-0.116,0.605,-0.469,0.484,0.329,0.232,-0.21,0.642,0.261,0.258,-0.048,0.189,0.596,0.012
AMWD,0.687,0.314,0.868,0.874,-0.385,-0.286,0.247,-0.184,0.602,0.0,0.126,-0.209,0.968,-0.472,-0.151,0.276,-0.643,0.787,0.625,0.485,0.907,0.123,0.803,-0.054,0.584,0.584,-0.561,-0.523,0.663,0.381,0.117,0.111,0.355,0.848,-0.031,0.527,0.033,0.54,-0.265,-0.427,0.418,0.043,-0.023,-0.435,-0.09,0.125,0.096,-0.339,-0.008,0.59,0.894,0.486,0.566,-0.714,0.367,0.405,0.142,-0.039,0.709,-0.864,0.844,-0.411,0.255,0.829,0.341,-0.468,0.666,0.75,-0.314,-0.819,0.904,-0.281,-0.6,0.237,-0.203,0.269,-0.673,0.844,0.4,0.612,0.087,-0.2,0.209,-0.017,-0.499,0.305,-0.724,-0.48,0.439,0.573,0.134,0.686,0.031,-0.415,-0.123,-0.653,0.615,-0.357,-0.117,-0.203,0.38,0.501,0.403,-0.308,-0.352,0.222,0.76,0.668,0.823,0.736,0.144,0.914,0.815,-0.238,0.66,0.51,0.46,-0.393,-0.472,0.368,0.544,-0.124,0.831,0.044,0.609,0.828,-0.026,-0.535,0.402,-0.005,-0.424,0.807,0.646,0.746,0.922,0.082,0.642,0.6,-0.037,0.702,-0.084,0.175,0.581,0.509,0.586,0.579,0.097,0.56,-0.663,-0.468,0.582,-0.138,0.616,0.306,0.63,0.586,0.41,-0.763,0.224,-0.353,0.559,0.048,-0.298,0.804,-0.332,-0.626,0.876,-0.633,-0.361,0.164,0.644,-0.261,-0.032,0.694,-0.46,0.31,0.572,-0.149,0.862,0.744,0.055,0.209,0.29,0.807,-0.358,0.856,-0.14,0.97,-0.74,0.303,0.772,0.321,-0.601,0.899,0.724,0.579,0.277,0.438,0.854,0.521
ARDX,0.366,0.557,-0.21,0.074,-0.05,0.583,0.395,0.603,0.454,0.126,0.0,0.336,0.143,0.55,0.5,0.322,0.323,0.395,0.508,0.554,0.127,0.324,-0.125,0.649,0.463,-0.16,-0.177,0.442,0.257,0.502,0.519,0.734,0.151,0.046,0.737,0.015,0.367,0.404,0.556,0.362,0.642,0.65,0.523,0.471,0.413,0.782,0.534,0.455,0.438,0.111,0.008,0.601,-0.255,0.326,0.555,0.526,0.683,0.635,0.238,-0.005,0.143,0.191,0.748,0.4,0.234,0.016,0.197,-0.204,0.595,0.151,0.028,0.601,-0.293,0.334,0.377,0.291,0.15,-0.169,0.603,0.462,0.41,0.643,0.718,0.533,0.476,0.397,0.1,0.295,-0.266,-0.219,0.671,0.417,0.69,0.473,0.479,0.399,0.116,0.506,0.476,0.656,0.233,0.472,0.227,0.606,0.537,0.257,0.1,0.146,0.286,0.137,0.378,0.185,-0.046,0.489,0.091,-0.274,-0.114,0.522,0.361,0.371,0.303,0.636,-0.261,0.862,0.006,-0.198,0.702,0.633,0.748,0.5,0.381,0.133,0.591,-0.313,0.166,0.542,0.122,0.442,0.275,0.127,0.651,0.8,0.314,0.559,-0.045,0.297,-0.371,0.319,0.363,0.507,0.291,0.517,0.442,0.438,0.314,0.216,0.58,-0.005,0.614,0.332,0.194,0.64,0.484,0.373,0.587,0.443,0.14,0.324,0.496,0.675,-0.221,0.601,0.675,0.514,0.465,0.432,0.607,0.612,0.109,0.24,0.598,0.419,0.541,0.084,0.605,0.296,0.54,0.124,0.256,-0.17,0.123,0.304,0.499,0.193,0.141,0.588,0.368,0.617,-0.117,0.302
ARQT,-0.448,0.635,-0.378,-0.251,-0.307,0.804,0.735,0.827,-0.367,-0.209,0.336,0.0,-0.185,0.059,0.727,0.336,0.675,0.196,-0.175,0.353,-0.062,0.324,0.021,0.799,0.335,-0.599,-0.339,0.294,0.4,0.649,0.62,0.736,-0.656,-0.004,0.652,0.349,0.846,-0.314,0.873,0.542,0.205,0.026,0.893,0.806,0.154,0.712,0.621,0.433,0.528,0.325,-0.204,0.42,-0.658,0.558,0.549,0.538,0.043,-0.098,0.373,0.002,0.012,-0.201,0.649,-0.025,0.447,0.555,0.389,-0.446,0.805,0.065,-0.004,0.748,0.228,0.728,0.918,0.082,-0.043,-0.113,0.5,-0.312,0.843,0.765,0.226,0.66,0.708,-0.476,0.751,0.545,-0.828,-0.226,0.694,-0.066,0.347,0.174,0.809,0.133,-0.164,0.861,0.032,0.568,-0.682,0.417,0.046,0.781,0.757,0.827,-0.419,0.43,-0.265,0.255,0.615,0.017,-0.101,-0.054,0.239,-0.621,-0.291,0.628,-0.064,0.574,0.592,0.722,-0.469,0.161,0.042,-0.297,0.765,0.391,0.315,0.303,0.926,-0.167,0.076,-0.513,-0.153,0.583,0.303,0.363,0.807,-0.208,0.698,0.455,0.534,0.543,-0.305,0.087,-0.447,0.44,0.416,0.771,0.475,0.748,0.395,0.058,0.405,-0.048,0.283,-0.137,0.66,0.879,0.351,0.715,0.566,0.111,0.745,0.769,-0.25,0.578,0.581,0.635,-0.759,0.797,0.708,0.207,0.734,0.495,0.491,0.775,-0.011,-0.351,0.742,0.753,0.722,0.159,0.813,-0.059,0.477,-0.176,0.388,-0.787,0.203,0.438,0.424,-0.191,0.358,0.472,0.615,0.513,-0.478,0.487
ASTE,0.67,0.335,0.859,0.918,-0.36,-0.254,0.261,-0.164,0.557,0.968,0.143,-0.185,0.0,-0.448,-0.123,0.298,-0.618,0.778,0.592,0.488,0.95,0.191,0.759,-0.041,0.636,0.56,-0.542,-0.511,0.693,0.392,0.207,0.143,0.355,0.847,0.004,0.502,0.077,0.617,-0.245,-0.508,0.382,0.001,-0.023,-0.445,-0.058,0.123,0.108,-0.348,0.008,0.575,0.857,0.533,0.579,-0.733,0.415,0.488,0.213,0.013,0.74,-0.853,0.866,-0.343,0.233,0.891,0.332,-0.533,0.64,0.809,-0.281,-0.819,0.883,-0.271,-0.604,0.252,-0.174,0.357,-0.636,0.83,0.445,0.682,0.079,-0.159,0.252,0.044,-0.475,0.319,-0.712,-0.434,0.452,0.539,0.219,0.708,0.052,-0.368,-0.113,-0.656,0.705,-0.325,-0.099,-0.147,0.36,0.583,0.376,-0.271,-0.346,0.258,0.819,0.656,0.859,0.732,0.17,0.931,0.802,-0.231,0.694,0.519,0.487,-0.405,-0.442,0.436,0.557,-0.081,0.806,0.045,0.566,0.828,0.005,-0.486,0.452,0.079,-0.413,0.808,0.7,0.759,0.944,0.142,0.699,0.566,-0.08,0.756,-0.073,0.205,0.633,0.546,0.586,0.671,0.109,0.568,-0.675,-0.441,0.628,-0.061,0.626,0.27,0.607,0.499,0.474,-0.754,0.23,-0.34,0.556,0.071,-0.281,0.744,-0.306,-0.594,0.908,-0.613,-0.295,0.146,0.675,-0.223,-0.009,0.718,-0.449,0.312,0.54,-0.128,0.874,0.808,0.075,0.242,0.304,0.79,-0.315,0.896,-0.092,0.962,-0.704,0.257,0.785,0.24,-0.605,0.914,0.752,0.585,0.331,0.48,0.857,0.539
AUPH,0.101,-0.042,-0.564,-0.358,0.496,0.316,-0.197,0.309,0.06,-0.472,0.55,0.059,-0.448,0.0,0.16,0.207,0.477,-0.288,-0.007,-0.187,-0.486,0.221,-0.723,0.324,-0.193,-0.117,0.255,0.588,-0.32,-0.116,0.121,0.231,0.214,-0.632,0.334,-0.617,-0.033,0.082,0.272,0.467,0.204,0.628,0.171,0.391,0.583,0.269,0.181,0.585,0.296,-0.58,-0.563,-0.155,-0.191,0.423,0.048,-0.05,0.584,0.704,-0.528,0.601,-0.402,0.38,0.176,-0.237,-0.385,0.165,-0.303,-0.415,0.322,0.652,-0.603,0.43,0.079,-0.089,0.143,0.151,0.507,-0.781,-0.001,0.037,-0.028,0.328,0.316,0.19,0.428,0.4,0.316,0.425,-0.19,-0.601,0.102,-0.045,0.605,0.445,0.059,0.689,-0.097,0.307,0.645,0.361,0.071,-0.211,-0.247,0.351,0.371,-0.22,-0.185,-0.404,-0.164,-0.607,-0.104,-0.389,-0.662,0.669,-0.579,-0.205,-0.106,0.601,0.742,-0.048,-0.253,0.269,-0.618,0.605,-0.58,-0.617,0.289,0.827,0.183,0.351,0.243,-0.432,0.042,-0.47,-0.465,0.196,-0.306,-0.174,-0.168,-0.5,0.252,0.418,-0.364,-0.172,-0.493,-0.122,0.007,-0.37,0.761,0.524,-0.215,0.194,-0.279,0.297,-0.421,-0.227,-0.021,0.475,0.015,0.161,-0.534,0.231,0.533,-0.385,0.394,0.508,-0.286,0.4,0.568,0.149,-0.305,0.381,0.255,-0.231,0.527,-0.228,-0.064,0.325,-0.514,-0.19,0.262,-0.146,-0.142,-0.563,0.484,-0.247,0.269,-0.503,0.497,0.104,-0.605,-0.252,0.595,-0.467,-0.539,-0.177,-0.077,-0.036,-0.572,-0.125
AVXL,-0.325,0.554,-0.484,-0.254,-0.257,0.913,0.814,0.817,-0.263,-0.151,0.5,0.727,-0.123,0.16,0.0,0.202,0.681,0.166,0.121,0.6,-0.007,0.299,-0.078,0.785,0.509,-0.643,-0.236,0.467,0.363,0.702,0.708,0.788,-0.402,0.027,0.771,0.207,0.783,-0.052,0.867,0.502,0.445,0.244,0.738,0.749,0.24,0.783,0.584,0.461,0.559,0.372,-0.204,0.567,-0.707,0.54,0.58,0.534,0.302,0.164,0.405,0.109,0.023,-0.079,0.7,0.104,0.47,0.368,0.279,-0.497,0.9,0.17,-0.015,0.798,0.059,0.691,0.724,0.207,0.123,-0.086,0.543,-0.046,0.644,0.904,0.607,0.695,0.798,-0.365,0.498,0.585,-0.664,-0.347,0.7,0.114,0.392,0.355,0.886,0.261,-0.229,0.826,0.113,0.805,-0.379,0.426,0.177,0.779,0.757,0.638,-0.355,0.185,-0.116,0.288,0.558,-0.082,-0.095,0.138,0.104,-0.599,-0.489,0.569,0.042,0.489,0.36,0.803,-0.392,0.404,0.004,-0.341,0.81,0.498,0.536,0.365,0.792,-0.206,0.206,-0.589,-0.064,0.67,0.175,0.434,0.703,-0.106,0.734,0.591,0.48,0.583,-0.215,0.079,-0.721,0.403,0.321,0.738,0.35,0.708,0.434,-0.015,0.499,-0.051,0.379,0.013,0.712,0.772,0.338,0.843,0.613,0.226,0.784,0.743,-0.214,0.626,0.536,0.642,-0.681,0.865,0.868,0.333,0.623,0.615,0.468,0.859,0.015,-0.15,0.658,0.74,0.756,0.093,0.775,-0.027,0.595,-0.131,0.466,-0.775,0.166,0.462,0.484,-0.114,0.244,0.533,0.583,0.558,-0.397,0.385
AZTA,0.405,0.279,0.172,0.43,0.299,0.309,0.293,0.39,-0.004,0.276,0.322,0.336,0.298,0.207,0.202,0.0,0.283,0.371,0.223,0.103,0.391,0.782,0.036,0.543,0.459,0.318,-0.473,0.152,0.661,0.471,0.622,0.522,0.241,-0.046,0.326,-0.16,0.367,0.291,0.357,0.251,0.48,0.517,0.558,0.252,0.692,0.37,0.661,0.637,0.75,0.147,-0.017,0.279,0.249,-0.202,0.655,0.548,0.454,0.451,0.227,-0.155,0.287,-0.183,0.464,0.355,-0.063,-0.058,0.565,0.282,0.225,-0.128,0.352,0.484,-0.162,0.636,0.494,0.66,-0.275,-0.025,0.487,0.151,0.294,0.293,0.427,0.433,0.205,0.25,0.089,0.374,-0.031,-0.362,0.258,0.495,0.669,-0.159,0.224,0.014,0.62,0.322,0.439,0.29,-0.279,0.205,-0.347,0.227,0.256,0.465,0.453,0.454,0.499,0.17,0.05,0.473,-0.125,0.421,0.068,0.269,0.357,0.495,0.298,0.614,0.581,0.326,-0.084,0.407,-0.311,-0.001,0.431,0.356,0.527,0.421,0.228,-0.014,0.496,0.243,0.238,0.652,0.649,0.435,0.042,-0.117,0.225,0.67,0.409,0.413,-0.454,0.605,0.248,0.108,0.254,0.421,0.674,0.245,0.277,0.62,0.26,-0.133,0.361,-0.297,0.264,0.223,-0.109,0.532,0.577,0.122,0.313,0.234,0.504,0.087,0.599,0.374,-0.084,0.449,0.307,0.25,0.467,0.066,0.407,0.481,0.194,0.283,0.737,0.298,0.24,0.207,0.465,0.491,0.409,0.179,-0.012,0.027,0.028,-0.13,-0.03,0.04,0.278,0.381,0.631,0.46,-0.083,0.753
BAND,-0.48,0.224,-0.807,-0.604,0.241,0.836,0.41,0.782,-0.555,-0.643,0.323,0.675,-0.618,0.477,0.681,0.283,0.0,-0.264,-0.187,0.066,-0.47,0.379,-0.568,0.742,0.078,-0.664,0.104,0.77,-0.007,0.372,0.564,0.602,-0.352,-0.579,0.617,-0.308,0.567,-0.243,0.806,0.635,0.099,0.333,0.679,0.873,0.477,0.519,0.56,0.763,0.633,-0.081,-0.711,0.132,-0.727,0.791,0.357,0.253,0.237,0.324,-0.178,0.627,-0.473,0.214,0.453,-0.376,0.074,0.515,-0.056,-0.727,0.814,0.667,-0.494,0.851,0.317,0.497,0.742,0.171,0.492,-0.618,0.237,-0.381,0.439,0.76,0.425,0.611,0.914,-0.322,0.816,0.847,-0.663,-0.701,0.423,-0.169,0.45,0.502,0.733,0.678,-0.377,0.874,0.316,0.734,-0.523,-0.032,-0.326,0.795,0.836,0.347,-0.571,-0.204,-0.439,-0.227,0.264,-0.51,-0.635,0.439,-0.396,-0.625,-0.491,0.799,0.469,0.256,0.035,0.713,-0.867,0.385,-0.52,-0.778,0.671,0.792,0.27,0.428,0.835,-0.675,-0.137,-0.788,-0.57,0.618,-0.103,0.086,0.496,-0.526,0.643,0.525,0.041,0.187,-0.698,-0.126,-0.448,-0.07,0.739,0.916,0.025,0.62,-0.087,0.085,-0.04,-0.459,0.087,0.482,0.41,0.78,-0.207,0.676,0.814,-0.314,0.857,0.928,-0.537,0.907,0.788,0.512,-0.891,0.852,0.647,-0.133,0.847,0.26,0.058,0.785,-0.48,-0.448,0.632,0.375,0.36,-0.443,0.879,-0.416,0.65,-0.653,0.832,-0.651,-0.408,0.005,0.761,-0.661,-0.294,0.11,0.305,0.234,-0.841,0.185
BECN,0.548,0.705,0.58,0.622,-0.39,0.133,0.491,0.291,0.484,0.787,0.395,0.196,0.778,-0.288,0.166,0.371,-0.264,0.0,0.492,0.558,0.819,0.217,0.642,0.309,0.735,0.304,-0.484,-0.241,0.706,0.65,0.365,0.472,0.116,0.719,0.442,0.541,0.364,0.498,0.163,-0.222,0.462,0.132,0.372,0.054,0.013,0.468,0.444,-0.087,0.217,0.676,0.738,0.693,0.178,-0.326,0.58,0.573,0.243,0.11,0.749,-0.65,0.761,-0.248,0.571,0.784,0.595,-0.215,0.718,0.441,0.131,-0.562,0.786,0.076,-0.622,0.497,0.147,0.298,-0.432,0.675,0.777,0.493,0.536,0.215,0.409,0.451,-0.047,0.107,-0.327,-0.256,0.079,0.481,0.552,0.617,0.17,-0.133,0.257,-0.367,0.474,0.094,0.094,0.183,0.197,0.687,0.565,0.187,0.103,0.484,0.508,0.663,0.664,0.739,0.602,0.833,0.729,-0.147,0.573,0.033,0.295,-0.12,-0.375,0.675,0.678,0.364,0.471,0.206,0.574,0.603,0.35,-0.214,0.558,0.328,0.03,0.618,0.581,0.396,0.768,0.394,0.705,0.821,0.283,0.59,0.416,0.442,0.721,0.754,0.41,0.702,-0.196,0.695,-0.379,0.0,0.581,0.253,0.717,0.249,0.645,0.533,0.551,-0.632,0.63,0.14,0.616,0.386,0.082,0.747,0.112,-0.222,0.64,-0.185,0.01,0.544,0.251,0.154,0.415,0.802,-0.143,0.547,0.736,0.25,0.726,0.663,0.379,0.397,0.61,0.621,0.08,0.694,0.148,0.803,-0.368,-0.052,0.765,0.486,-0.145,0.712,0.746,0.74,0.414,0.739,0.547,0.595
BFC,0.599,0.19,0.371,0.482,-0.188,0.045,0.228,0.045,0.632,0.625,0.508,-0.175,0.592,-0.007,0.121,0.223,-0.187,0.492,0.0,0.608,0.509,0.205,0.334,0.192,0.5,0.236,-0.402,0.051,0.351,0.377,0.291,0.374,0.484,0.414,0.238,0.233,0.035,0.588,0.027,-0.067,0.63,0.507,0.083,-0.125,0.131,0.341,0.218,0.054,0.156,0.348,0.492,0.527,0.232,-0.22,0.383,0.391,0.417,0.347,0.403,-0.435,0.419,-0.072,0.502,0.625,0.248,-0.201,0.338,0.266,0.024,-0.294,0.441,0.11,-0.407,0.185,-0.056,0.305,-0.183,0.378,0.349,0.667,-0.012,0.165,0.605,0.081,-0.104,0.48,-0.506,-0.14,0.334,0.143,0.236,0.553,0.352,0.098,0.135,-0.086,0.316,-0.047,0.086,0.215,0.563,0.385,0.313,0.014,0.056,0.018,0.504,0.273,0.635,0.447,0.062,0.475,0.373,0.292,0.303,0.262,0.195,0.038,-0.011,0.145,0.271,0.135,0.37,0.535,0.292,0.271,0.289,0.024,0.64,0.13,-0.23,0.433,0.617,0.243,0.6,0.268,0.206,0.48,0.051,0.477,0.169,0.504,0.328,0.493,0.323,0.309,-0.157,0.366,-0.299,-0.118,0.292,0.072,0.486,0.451,0.502,0.45,0.534,-0.239,0.312,-0.174,0.352,0.307,-0.024,0.687,0.039,-0.224,0.531,-0.199,-0.094,0.374,0.322,0.091,0.234,0.659,-0.121,0.439,0.569,0.123,0.529,0.567,0.237,0.213,0.303,0.46,-0.014,0.625,0.298,0.595,-0.26,0.147,0.374,0.312,-0.103,0.595,0.339,0.529,0.238,0.414,0.513,0.377
BGC,0.177,0.606,0.154,0.301,-0.534,0.486,0.721,0.436,0.334,0.485,0.554,0.353,0.488,-0.187,0.6,0.103,0.066,0.558,0.608,0.0,0.487,0.2,0.473,0.508,0.729,-0.295,-0.501,0.057,0.566,0.72,0.566,0.683,-0.037,0.608,0.553,0.606,0.54,0.311,0.501,0.073,0.603,0.194,0.441,0.237,-0.097,0.7,0.426,0.045,0.272,0.675,0.418,0.817,-0.282,0.072,0.591,0.623,0.27,0.062,0.754,-0.492,0.445,-0.197,0.741,0.595,0.612,0.041,0.456,-0.005,0.479,-0.385,0.494,0.428,-0.271,0.53,0.357,0.238,-0.2,0.483,0.57,0.495,0.435,0.546,0.641,0.418,0.256,0.041,-0.16,0.068,-0.198,0.164,0.645,0.461,0.327,0.188,0.612,-0.139,0.121,0.386,-0.127,0.499,0.169,0.686,0.476,0.398,0.344,0.519,0.182,0.471,0.393,0.718,0.483,0.421,0.459,-0.002,0.58,-0.155,-0.145,0.138,-0.308,0.453,0.534,0.515,0.213,0.425,0.495,0.255,0.646,0.026,0.709,0.186,0.271,0.399,0.592,-0.052,0.55,0.485,0.322,0.637,0.571,0.532,0.511,0.523,0.728,0.787,0.386,0.298,-0.527,0.679,-0.304,0.155,0.498,0.445,0.798,0.194,0.852,0.415,0.748,-0.351,0.673,0.29,0.741,0.648,0.116,0.793,0.379,0.155,0.318,0.071,0.022,0.637,-0.08,0.445,0.603,0.787,0.131,0.791,0.768,0.493,0.522,0.317,0.454,0.706,0.786,0.59,0.288,0.491,0.504,0.517,-0.098,-0.441,0.609,0.687,0.04,0.568,0.593,0.843,0.514,0.731,0.327,0.468
BHF,0.6,0.443,0.782,0.876,-0.308,-0.098,0.393,-0.018,0.386,0.907,0.127,-0.062,0.95,-0.486,-0.007,0.391,-0.47,0.819,0.509,0.487,0.0,0.313,0.734,0.087,0.756,0.482,-0.494,-0.413,0.793,0.534,0.364,0.253,0.293,0.802,0.136,0.456,0.217,0.63,-0.113,-0.502,0.329,-0.029,0.1,-0.304,-0.0,0.185,0.28,-0.238,0.176,0.687,0.781,0.617,0.473,-0.66,0.547,0.59,0.207,0.051,0.792,-0.773,0.841,-0.278,0.293,0.881,0.405,-0.532,0.699,0.77,-0.14,-0.758,0.898,-0.146,-0.654,0.423,-0.049,0.456,-0.573,0.835,0.578,0.613,0.184,-0.062,0.338,0.247,-0.31,0.169,-0.598,-0.29,0.382,0.458,0.323,0.737,0.058,-0.328,0.036,-0.583,0.711,-0.17,-0.065,-0.007,0.243,0.609,0.322,-0.122,-0.219,0.373,0.777,0.645,0.856,0.799,0.279,0.922,0.776,-0.208,0.646,0.417,0.414,-0.37,-0.433,0.589,0.603,0.096,0.7,0.031,0.492,0.791,0.095,-0.422,0.512,0.226,-0.275,0.707,0.67,0.707,0.909,0.335,0.807,0.682,0.008,0.75,0.075,0.3,0.726,0.642,0.469,0.799,0.017,0.597,-0.636,-0.296,0.675,0.058,0.644,0.241,0.635,0.364,0.501,-0.706,0.356,-0.189,0.549,0.205,-0.11,0.709,-0.144,-0.475,0.878,-0.437,-0.137,0.263,0.545,-0.079,0.118,0.735,-0.356,0.397,0.542,0.019,0.839,0.837,0.197,0.3,0.406,0.727,-0.177,0.856,0.041,0.903,-0.568,0.113,0.785,0.198,-0.504,0.832,0.764,0.654,0.42,0.607,0.762,0.613
BHFAL,0.274,0.175,0.023,0.348,0.278,0.401,0.332,0.357,-0.135,0.123,0.324,0.324,0.191,0.221,0.299,0.782,0.379,0.217,0.205,0.2,0.313,0.0,-0.096,0.553,0.454,0.082,-0.315,0.331,0.58,0.466,0.719,0.587,0.227,-0.13,0.367,-0.204,0.375,0.378,0.408,0.288,0.481,0.465,0.496,0.264,0.624,0.391,0.625,0.63,0.762,0.174,-0.163,0.327,0.12,-0.118,0.656,0.666,0.474,0.503,0.187,-0.052,0.093,0.008,0.397,0.335,-0.151,-0.055,0.404,0.216,0.32,-0.042,0.22,0.571,-0.11,0.63,0.478,0.713,-0.117,-0.089,0.395,0.206,0.175,0.356,0.518,0.445,0.303,0.253,0.104,0.472,-0.057,-0.527,0.321,0.492,0.731,0.024,0.291,0.143,0.536,0.374,0.351,0.411,-0.227,0.161,-0.401,0.307,0.285,0.402,0.378,0.23,0.446,0.149,-0.025,0.308,-0.265,0.533,-0.033,0.205,0.122,0.493,0.376,0.535,0.373,0.408,-0.212,0.433,-0.396,-0.133,0.475,0.479,0.574,0.433,0.255,-0.137,0.531,0.085,0.131,0.72,0.471,0.353,0.042,0.018,0.286,0.651,0.409,0.387,-0.47,0.551,0.135,0.057,0.238,0.446,0.589,0.395,0.29,0.539,0.228,-0.317,0.406,-0.081,0.234,0.215,-0.106,0.577,0.613,0.095,0.409,0.313,0.393,0.209,0.599,0.372,-0.143,0.528,0.356,0.194,0.547,0.087,0.316,0.511,0.089,0.232,0.705,0.308,0.26,0.124,0.481,0.411,0.569,0.043,0.168,-0.098,-0.063,-0.142,0.065,-0.023,0.148,0.388,0.602,0.43,-0.121,0.601
BKNG,0.224,0.402,0.759,0.638,-0.67,-0.225,0.369,-0.161,0.356,0.803,-0.125,0.021,0.759,-0.723,-0.078,0.036,-0.568,0.642,0.334,0.473,0.734,-0.096,0.0,-0.065,0.451,0.248,-0.586,-0.683,0.578,0.371,0.026,0.047,-0.03,0.906,-0.112,0.825,0.241,0.096,-0.151,-0.363,0.122,-0.341,0.022,-0.313,-0.465,0.09,-0.037,-0.537,-0.201,0.724,0.889,0.436,0.265,-0.503,0.254,0.317,-0.256,-0.509,0.81,-0.886,0.788,-0.604,0.209,0.583,0.541,-0.174,0.657,0.529,-0.236,-0.88,0.802,-0.298,-0.322,0.271,-0.056,-0.061,-0.729,0.93,0.261,0.29,0.251,-0.208,-0.095,-0.089,-0.451,-0.129,-0.473,-0.474,0.158,0.743,0.153,0.302,-0.232,-0.493,0.03,-0.782,0.333,-0.238,-0.462,-0.28,0.12,0.537,0.504,-0.264,-0.253,0.424,0.399,0.772,0.443,0.842,0.321,0.763,0.878,-0.612,0.821,0.253,0.328,-0.478,-0.806,0.353,0.634,-0.142,0.795,-0.285,0.823,0.818,-0.015,-0.722,0.087,-0.269,-0.213,0.809,0.325,0.58,0.761,-0.054,0.578,0.477,0.294,0.665,-0.072,-0.098,0.64,0.443,0.689,0.303,0.009,0.689,-0.742,-0.469,0.527,-0.041,0.642,0.018,0.74,0.69,0.29,-0.82,0.243,-0.122,0.779,0.001,-0.423,0.771,-0.31,-0.499,0.559,-0.555,-0.527,0.119,0.424,-0.273,-0.053,0.595,-0.45,0.439,0.546,-0.186,0.829,0.395,-0.062,0.397,0.41,0.872,-0.355,0.63,-0.233,0.841,-0.74,-0.022,0.84,0.527,-0.605,0.814,0.824,0.54,0.255,0.365,0.758,0.46
BL,-0.086,0.671,-0.387,-0.107,-0.098,0.911,0.771,0.922,-0.162,-0.054,0.649,0.799,-0.041,0.324,0.785,0.543,0.742,0.309,0.192,0.508,0.087,0.553,-0.065,0.0,0.569,-0.46,-0.346,0.527,0.498,0.81,0.817,0.932,-0.267,-0.04,0.851,0.102,0.829,0.099,0.894,0.55,0.494,0.427,0.908,0.84,0.493,0.886,0.801,0.674,0.754,0.342,-0.18,0.601,-0.564,0.505,0.797,0.694,0.466,0.36,0.38,0.065,0.098,-0.066,0.856,0.19,0.381,0.339,0.467,-0.388,0.872,0.167,0.039,0.909,-0.087,0.82,0.852,0.351,0.07,-0.159,0.657,0.004,0.724,0.87,0.66,0.798,0.811,-0.159,0.532,0.697,-0.642,-0.411,0.765,0.287,0.66,0.319,0.874,0.358,-0.021,0.894,0.334,0.775,-0.378,0.465,-0.011,0.875,0.849,0.692,-0.194,0.331,0.043,0.295,0.535,0.11,-0.147,0.321,0.085,-0.494,-0.293,0.742,0.197,0.664,0.564,0.88,-0.483,0.58,-0.105,-0.345,0.91,0.635,0.683,0.538,0.823,-0.14,0.391,-0.492,-0.02,0.855,0.373,0.592,0.669,-0.105,0.846,0.833,0.569,0.696,-0.359,0.266,-0.524,0.432,0.498,0.848,0.54,0.794,0.447,0.387,0.47,-0.023,0.475,-0.064,0.786,0.768,0.257,0.929,0.817,0.279,0.908,0.772,-0.037,0.635,0.749,0.855,-0.674,0.925,0.87,0.408,0.784,0.6,0.617,0.929,0.048,-0.041,0.893,0.733,0.786,0.108,0.918,0.156,0.699,-0.064,0.439,-0.627,0.144,0.352,0.56,-0.092,0.25,0.671,0.615,0.707,-0.436,0.634
BOKF,0.344,0.678,0.276,0.497,-0.24,0.485,0.754,0.508,0.178,0.584,0.463,0.335,0.636,-0.193,0.509,0.459,0.078,0.735,0.5,0.729,0.756,0.454,0.451,0.569,0.0,-0.009,-0.466,0.082,0.8,0.85,0.74,0.69,0.123,0.571,0.588,0.353,0.618,0.553,0.412,-0.125,0.496,0.18,0.484,0.235,0.219,0.59,0.64,0.198,0.527,0.703,0.416,0.878,-0.054,-0.144,0.793,0.771,0.472,0.287,0.809,-0.449,0.626,-0.115,0.661,0.777,0.584,-0.225,0.62,0.292,0.423,-0.367,0.645,0.387,-0.525,0.701,0.392,0.569,-0.195,0.534,0.767,0.563,0.476,0.464,0.732,0.675,0.296,0.012,-0.169,0.221,-0.014,0.109,0.653,0.704,0.353,0.066,0.533,-0.137,0.478,0.389,0.174,0.533,0.081,0.721,0.296,0.409,0.299,0.558,0.447,0.505,0.635,0.752,0.515,0.626,0.496,0.072,0.496,0.009,0.014,0.084,-0.228,0.78,0.657,0.597,0.242,0.338,0.263,0.392,0.585,0.053,0.817,0.565,0.232,0.379,0.673,0.196,0.693,0.743,0.725,0.813,0.393,0.543,0.547,0.675,0.815,0.872,0.198,0.721,-0.411,0.7,-0.257,0.25,0.674,0.458,0.736,0.304,0.748,0.187,0.648,-0.427,0.705,0.3,0.54,0.669,0.348,0.667,0.431,0.12,0.566,0.096,0.285,0.679,0.031,0.471,0.581,0.812,0.124,0.703,0.703,0.543,0.584,0.611,0.59,0.607,0.746,0.504,0.367,0.649,0.496,0.589,-0.101,-0.319,0.638,0.35,0.013,0.577,0.621,0.837,0.59,0.854,0.326,0.651
BRKR,0.742,-0.271,0.723,0.679,0.268,-0.674,-0.438,-0.56,0.466,0.584,-0.16,-0.599,0.56,-0.117,-0.643,0.318,-0.664,0.304,0.236,-0.295,0.482,0.082,0.248,-0.46,-0.009,0.0,-0.084,-0.419,0.178,-0.263,-0.312,-0.406,0.649,0.207,-0.449,-0.171,-0.535,0.422,-0.686,-0.418,0.109,0.118,-0.436,-0.646,0.148,-0.456,-0.163,-0.177,-0.093,-0.124,0.432,-0.198,0.909,-0.787,-0.082,-0.098,0.141,0.204,-0.047,-0.358,0.393,-0.09,-0.302,0.351,-0.351,-0.571,0.192,0.764,-0.705,-0.387,0.465,-0.552,-0.38,-0.255,-0.543,0.293,-0.394,0.292,-0.055,0.364,-0.39,-0.615,-0.149,-0.332,-0.682,0.568,-0.658,-0.472,0.732,0.247,-0.442,0.459,-0.033,-0.447,-0.699,-0.353,0.667,-0.695,0.237,-0.517,0.411,-0.146,-0.122,-0.651,-0.692,-0.34,0.771,0.167,0.632,-0.012,-0.403,0.547,0.274,0.091,0.037,0.779,0.624,-0.368,0.059,-0.036,0.03,-0.539,0.602,-0.076,-0.006,0.535,-0.534,-0.381,-0.045,-0.044,-0.729,0.358,0.304,0.829,0.474,-0.26,0.33,0.062,-0.668,0.242,-0.54,-0.115,-0.115,-0.183,0.123,0.426,0.636,-0.151,-0.324,-0.552,0.144,-0.598,-0.07,0.342,-0.156,0.12,-0.1,-0.34,-0.397,-0.691,-0.244,-0.455,-0.288,0.106,-0.614,-0.729,0.719,-0.671,-0.273,-0.378,0.766,-0.588,-0.523,0.026,-0.47,-0.439,-0.084,-0.508,0.345,0.55,-0.229,-0.477,-0.46,0.185,-0.564,0.47,-0.416,0.488,-0.57,0.853,0.092,-0.351,-0.57,0.394,0.07,-0.157,-0.144,-0.159,0.557,0.079
CACC,-0.21,-0.374,-0.403,-0.525,0.412,-0.128,-0.436,-0.185,-0.249,-0.561,-0.177,-0.339,-0.542,0.255,-0.236,-0.473,0.104,-0.484,-0.402,-0.501,-0.494,-0.315,-0.586,-0.346,-0.466,-0.084,0.0,0.407,-0.68,-0.479,-0.378,-0.431,0.055,-0.517,-0.131,-0.565,-0.432,-0.035,-0.274,-0.102,-0.478,-0.17,-0.444,-0.032,-0.066,-0.399,-0.323,-0.033,-0.272,-0.428,-0.46,-0.363,-0.111,0.316,-0.483,-0.454,-0.06,0.192,-0.634,0.673,-0.583,0.717,-0.508,-0.467,-0.295,-0.142,-0.713,-0.289,-0.088,0.644,-0.595,-0.224,0.049,-0.548,-0.374,-0.269,0.688,-0.449,-0.349,-0.197,-0.381,-0.213,-0.159,-0.112,0.125,-0.057,0.148,0.038,0.123,-0.205,-0.302,-0.304,-0.352,0.41,-0.257,0.534,-0.392,-0.156,0.186,0.003,0.193,-0.451,-0.127,-0.021,-0.081,-0.634,-0.34,-0.803,-0.398,-0.565,-0.255,-0.605,-0.39,0.138,-0.628,-0.213,-0.366,-0.196,0.356,-0.475,-0.754,-0.095,-0.37,-0.155,-0.387,-0.34,-0.386,0.154,-0.331,0.145,-0.137,-0.436,-0.473,-0.282,-0.503,-0.269,-0.584,-0.42,-0.352,-0.161,-0.081,-0.32,-0.644,-0.515,-0.145,-0.278,-0.066,-0.539,0.224,-0.025,-0.757,-0.189,-0.661,-0.246,-0.697,-0.442,-0.437,0.717,-0.3,-0.148,-0.494,-0.407,-0.006,-0.565,-0.023,0.017,-0.484,0.322,-0.002,-0.296,-0.049,-0.218,-0.221,-0.488,-0.123,-0.339,-0.668,-0.276,-0.619,-0.2,-0.422,-0.571,-0.474,-0.728,-0.131,-0.605,-0.096,-0.542,0.509,0.193,-0.529,-0.492,0.387,-0.449,-0.687,-0.542,-0.672,-0.438,-0.323,-0.725
CAR,-0.128,0.038,-0.687,-0.519,0.41,0.636,0.194,0.566,-0.245,-0.523,0.442,0.294,-0.511,0.588,0.467,0.152,0.77,-0.241,0.051,0.057,-0.413,0.331,-0.683,0.527,0.082,-0.419,0.407,0.0,-0.186,0.215,0.411,0.457,0.022,-0.598,0.531,-0.529,0.205,0.13,0.524,0.516,0.217,0.524,0.39,0.618,0.551,0.376,0.456,0.734,0.511,-0.175,-0.632,0.137,-0.475,0.676,0.229,0.169,0.442,0.608,-0.345,0.66,-0.509,0.615,0.329,-0.237,-0.063,0.199,-0.289,-0.593,0.614,0.766,-0.496,0.67,0.1,0.176,0.42,0.215,0.715,-0.631,0.179,-0.087,0.121,0.57,0.564,0.47,0.771,0.039,0.522,0.674,-0.317,-0.721,0.262,0.031,0.46,0.718,0.468,0.844,-0.286,0.593,0.465,0.682,-0.053,-0.12,-0.266,0.643,0.617,-0.074,-0.341,-0.471,-0.211,-0.331,0.022,-0.5,-0.63,0.691,-0.549,-0.416,-0.522,0.652,0.657,0.037,-0.232,0.587,-0.764,0.536,-0.6,-0.705,0.487,0.785,0.422,0.543,0.491,-0.637,0.033,-0.645,-0.468,0.526,-0.312,0.06,0.178,-0.336,0.545,0.546,-0.169,0.126,-0.552,-0.085,-0.409,-0.222,0.643,0.702,-0.212,0.379,-0.168,0.288,-0.202,-0.46,0.098,0.705,0.298,0.437,-0.331,0.483,0.672,-0.241,0.71,0.691,-0.384,0.798,0.663,0.455,-0.596,0.649,0.482,-0.096,0.64,0.165,-0.021,0.564,-0.52,-0.228,0.486,0.081,0.143,-0.542,0.659,-0.339,0.677,-0.554,0.87,-0.28,-0.494,-0.174,0.793,-0.518,-0.495,0.058,0.009,0.138,-0.649,-0.112
CDNA,0.352,0.561,0.467,0.667,-0.236,0.32,0.678,0.367,0.069,0.663,0.257,0.4,0.693,-0.32,0.363,0.661,-0.007,0.706,0.351,0.566,0.793,0.58,0.578,0.498,0.8,0.178,-0.68,-0.186,0.0,0.762,0.664,0.594,0.031,0.578,0.372,0.444,0.575,0.33,0.366,-0.046,0.479,0.1,0.54,0.138,0.186,0.492,0.637,0.209,0.602,0.683,0.441,0.672,0.133,-0.355,0.794,0.771,0.2,0.058,0.8,-0.612,0.656,-0.436,0.558,0.677,0.388,-0.118,0.859,0.444,0.256,-0.612,0.787,0.343,-0.335,0.807,0.438,0.58,-0.572,0.58,0.653,0.358,0.483,0.304,0.444,0.506,0.073,0.017,-0.142,0.137,-0.05,0.132,0.486,0.685,0.397,-0.276,0.399,-0.411,0.594,0.282,0.027,0.271,-0.206,0.556,0.073,0.195,0.133,0.745,0.519,0.749,0.675,0.725,0.36,0.764,0.455,-0.048,0.606,0.22,0.279,0.119,-0.274,0.786,0.799,0.373,0.332,0.177,0.272,0.487,0.455,-0.084,0.603,0.323,0.2,0.414,0.64,0.397,0.667,0.624,0.885,0.749,0.36,0.425,0.304,0.528,0.841,0.73,0.05,0.755,-0.054,0.596,-0.264,0.158,0.896,0.34,0.685,0.325,0.754,0.158,0.541,-0.666,0.501,0.234,0.499,0.589,0.286,0.618,0.232,0.013,0.694,-0.102,0.226,0.477,0.056,0.355,0.392,0.639,0.191,0.467,0.68,0.459,0.64,0.492,0.61,0.609,0.621,0.688,0.275,0.715,0.327,0.618,-0.302,-0.223,0.624,0.319,-0.295,0.517,0.757,0.771,0.765,0.736,0.346,0.838
CG,0.067,0.75,0.025,0.236,-0.36,0.723,0.915,0.748,-0.048,0.381,0.502,0.649,0.392,-0.116,0.702,0.471,0.372,0.65,0.377,0.72,0.534,0.466,0.371,0.81,0.85,-0.263,-0.479,0.215,0.762,0.0,0.774,0.847,-0.18,0.427,0.736,0.412,0.842,0.261,0.681,0.199,0.492,0.182,0.77,0.575,0.235,0.803,0.737,0.338,0.641,0.689,0.256,0.858,-0.363,0.141,0.877,0.83,0.36,0.18,0.767,-0.333,0.478,-0.256,0.838,0.537,0.643,0.092,0.715,-0.028,0.68,-0.255,0.499,0.641,-0.407,0.891,0.642,0.414,-0.217,0.369,0.779,0.21,0.738,0.701,0.688,0.781,0.56,-0.243,0.15,0.405,-0.42,-0.051,0.765,0.554,0.398,0.087,0.789,-0.038,0.174,0.657,0.141,0.618,-0.229,0.695,0.232,0.654,0.58,0.768,0.087,0.556,0.357,0.697,0.638,0.468,0.331,0.014,0.412,-0.296,-0.183,0.351,-0.169,0.761,0.728,0.776,-0.035,0.381,0.251,0.14,0.766,0.199,0.732,0.501,0.588,0.204,0.537,-0.126,0.422,0.815,0.624,0.854,0.688,0.314,0.762,0.722,0.822,0.888,-0.009,0.517,-0.584,0.753,0.033,0.534,0.711,0.682,0.657,0.269,0.755,0.161,0.559,-0.408,0.865,0.592,0.558,0.852,0.562,0.634,0.675,0.406,0.299,0.323,0.435,0.862,-0.345,0.708,0.787,0.693,0.419,0.739,0.737,0.762,0.453,0.289,0.745,0.774,0.909,0.47,0.631,0.432,0.551,0.385,0.081,-0.559,0.568,0.505,0.198,0.335,0.588,0.878,0.654,0.84,0.024,0.743
CGBD,0.049,0.582,-0.164,0.197,-0.041,0.764,0.746,0.727,-0.16,0.117,0.519,0.62,0.207,0.121,0.708,0.622,0.564,0.365,0.291,0.566,0.364,0.719,0.026,0.817,0.74,-0.312,-0.378,0.411,0.664,0.774,0.0,0.87,-0.053,0.091,0.725,0.091,0.734,0.34,0.748,0.233,0.478,0.354,0.758,0.544,0.473,0.709,0.799,0.565,0.767,0.458,-0.077,0.685,-0.298,0.197,0.815,0.818,0.472,0.379,0.505,-0.086,0.229,0.033,0.701,0.42,0.329,0.072,0.472,-0.043,0.699,-0.021,0.236,0.761,-0.158,0.816,0.754,0.587,0.007,0.046,0.692,0.237,0.502,0.72,0.744,0.763,0.601,-0.063,0.272,0.585,-0.317,-0.368,0.726,0.456,0.625,0.241,0.739,0.192,0.289,0.72,0.247,0.756,-0.271,0.542,-0.062,0.67,0.637,0.666,0.142,0.345,0.34,0.441,0.422,0.269,-0.031,0.33,0.225,-0.201,-0.091,0.525,0.124,0.733,0.559,0.768,-0.275,0.514,-0.125,-0.125,0.818,0.497,0.788,0.585,0.57,-0.058,0.519,-0.182,0.21,0.92,0.544,0.551,0.455,0.152,0.657,0.818,0.683,0.736,-0.266,0.571,-0.375,0.389,0.182,0.642,0.64,0.682,0.54,0.37,0.516,-0.172,0.64,-0.123,0.644,0.562,0.274,0.868,0.658,0.288,0.708,0.563,0.234,0.467,0.688,0.684,-0.376,0.804,0.728,0.5,0.594,0.583,0.562,0.803,0.213,0.27,0.828,0.709,0.695,0.214,0.734,0.357,0.757,0.105,0.304,-0.568,0.23,0.145,0.287,0.087,0.399,0.695,0.759,0.781,-0.159,0.698
