,ACET,ADAP,ADI,ADPT,ADTN,AGEN,ALGN,ALLK,AMD,AMWD,ARDX,ARQT,ASTE,AUPH,AVXL,AZTA,BAND,BECN,BFC,BGC,BHF,BHFAL,BKNG,BL,BOKF,BRKR,CACC,CAR,CDNA,CG,CGBD,CHI,CHTR,CHX,CLNE,CME,CNOB,CNXN,CPRX,CSGP,CSGS,CSIQ,CVCO,CVLT,CYRX,DDOG,DOOO,DSGX,DTIL,ECPG,EEFT,EFSC,ENTG,ESPR,ETSY,EXC,FAMI,FFIV,FITB,FIZZ,FMBH,FOX,FTNT,FULT,GABC,GEN,GH,GMAB,GNPX,GO,GOGL,GOOG,GPRO,GSHD,GSM,GWAV,HAIN,HBAN,HEPA,HURN,HWKN,IBIO,ICFI,IGMS,IMKTA,INCY,INO,IRDM,IRTC,IRWD,ITCI,JACK,JD,JJSF,KALA,KHC,KLAC,KRRO,KRYS,LANC,LBTYA,LIVN,LKCO,LNTH,LOGI,LPRO,LRCX,LSCC,LSTR,MAR,MARA,MCHP,MEOH,META,MGTX,MKSI,MMYT,MORN,MRUS,MTLS,MTSI,MVIS,MXL,NBIX,NFE,NMIH,NMRK,NNDM,NSIT,NTCT,NVAX,OCUL,ODP,OLED,ONB,OTEX,PACB,PATK,PAYX,PEP,PERI,PI,PLYA,PRDO,PRGS,PTGX,QCOM,QCRH,QDEL,QFIN,RGEN,RILY,RPAY,RPD,SABR,SEDG,SHEN,SIRI,SLNO,SNDL,SNEX,SONO,SPT,SSNC,STGW,STKL,STRL,STX,SWTX,SYNA,TFSL,TIGR,TNXP,TOWN,TRI,TRIP,TRMB,TRNS,TRS,TSCO,TSEM,TVTX,TXRH,VC,VCEL,VECO,VIAV,VICR,VIR,VRTX,VSTM,VTRS,WDFC,WSBC,WSC,WYNN,XENE,XNCR,XRAY,ZS
ACET,0.0,-0.261,0.29,-0.112,-0.118,0.221,-0.328,0.727,0.124,0.469,0.597,0.005,-0.274,-0.111,0.901,0.313,-0.222,0.646,0.573,-0.019,0.113,0.534,0.06,0.258,0.172,-0.049,-0.207,0.851,0.258,0.383,0.559,0.21,-0.089,0.566,0.458,0.544,0.274,0.678,-0.07,0.501,0.443,0.533,0.628,0.533,0.002,-0.188,0.134,0.883,-0.564,-0.356,0.282,0.168,0.691,0.732,0.036,0.293,-0.043,0.403,0.218,0.152,0.166,-0.283,-0.115,-0.092,0.575,-0.549,-0.211,0.792,0.556,0.667,0.446,0.508,-0.221,0.059,-0.144,-0.117,-0.342,0.266,0.01,-0.038,0.318,0.827,0.616,-0.022,0.553,0.704,0.848,0.575,0.493,0.798,0.719,0.617,-0.115,-0.37,0.65,-0.602,0.431,-0.102,0.817,-0.56,0.044,0.29,0.002,0.431,-0.0,0.295,-0.029,0.236,0.768,0.301,0.542,0.812,0.39,0.385,0.568,0.599,0.041,0.491,0.388,0.534,0.432,0.405,0.162,0.704,0.161,-0.385,-0.314,0.608,0.625,0.562,0.276,0.359,0.78,0.525,-0.102,0.334,-0.029,-0.055,0.685,-0.213,0.142,0.036,-0.11,0.665,0.505,0.541,-0.316,0.54,0.702,-0.141,0.081,0.72,-0.343,0.284,0.208,0.344,0.438,0.343,-0.151,0.173,0.069,-0.031,0.741,0.664,0.394,0.325,0.179,-0.452,0.813,0.455,-0.45,0.359,0.427,0.164,0.589,0.188,0.521,0.434,0.518,0.556,0.851,-0.399,-0.164,-0.224,-0.323,0.639,0.265,-0.127,0.071,0.688,0.544,-0.168,-0.613,-0.006,0.613,-0.242,0.258,-0.324,-0.491,-0.313
ADAP,-0.261,0.0,0.654,0.851,0.828,-0.43,0.905,0.291,0.726,-0.826,-0.748,0.296,0.948,0.837,-0.176,0.615,0.774,-0.479,-0.147,0.789,0.801,-0.328,0.755,0.392,-0.077,0.751,0.81,-0.513,0.735,0.522,-0.543,0.479,0.781,-0.818,-0.684,0.203,0.326,-0.77,-0.012,0.299,-0.827,-0.578,0.09,0.054,0.744,0.885,0.711,-0.427,0.644,0.786,0.629,0.271,0.363,-0.528,0.127,-0.877,0.702,0.304,0.563,0.373,-0.28,0.318,0.495,0.565,-0.624,-0.078,0.807,-0.273,0.249,-0.747,-0.011,0.159,0.823,0.909,-0.247,0.644,0.891,0.49,-0.463,0.561,-0.73,-0.202,-0.177,0.259,-0.803,-0.767,-0.255,-0.404,-0.109,-0.686,-0.464,0.336,0.823,0.478,-0.711,0.542,0.649,0.941,-0.191,0.635,0.781,0.278,0.776,-0.777,0.613,0.02,0.897,0.652,-0.147,0.546,0.041,0.06,-0.328,0.59,0.057,0.249,0.742,0.446,-0.197,0.389,0.447,-0.601,0.792,-0.452,-0.596,0.889,0.859,0.47,-0.549,-0.301,0.455,-0.142,-0.042,-0.473,0.537,0.451,0.493,0.622,-0.667,0.778,0.571,0.8,0.043,-0.664,-0.072,-0.364,0.828,0.257,0.172,0.807,0.629,-0.549,0.929,-0.333,0.767,-0.693,0.421,-0.626,0.784,0.736,0.666,0.753,-0.247,-0.354,-0.675,0.3,0.181,0.838,-0.406,0.292,0.433,0.541,-0.567,-0.028,-0.639,0.678,0.326,-0.051,0.155,-0.846,-0.42,0.79,0.84,0.936,0.254,-0.383,0.639,0.682,0.867,-0.745,-0.092,0.844,0.769,0.283,0.172,0.904,0.301,0.96,0.875,0.827
ADI,0.29,0.654,0.0,0.745,0.681,-0.107,0.677,0.648,0.861,-0.306,-0.144,0.42,0.69,0.491,0.434,0.876,0.417,0.206,0.194,0.859,0.773,0.352,0.641,0.73,0.078,0.842,0.799,0.147,0.87,0.907,0.051,0.783,0.551,-0.508,-0.251,0.736,0.417,-0.148,0.142,0.701,-0.398,-0.163,0.652,0.681,0.802,0.74,0.876,0.145,0.133,0.423,0.639,0.466,0.738,-0.024,0.447,-0.481,0.756,0.744,0.668,0.627,0.069,0.412,0.704,0.472,-0.103,-0.148,0.647,0.343,0.676,-0.139,0.289,0.706,0.772,0.76,-0.157,0.145,0.681,0.582,-0.103,0.772,-0.238,0.262,0.286,0.105,-0.215,-0.219,0.209,0.108,0.43,-0.124,0.155,0.666,0.786,0.456,-0.29,0.189,0.921,0.705,0.366,0.29,0.766,0.687,0.728,-0.225,0.835,0.376,0.891,0.939,0.528,0.752,0.597,0.594,0.118,0.95,0.275,0.787,0.842,0.83,0.296,0.71,0.83,-0.141,0.907,0.138,-0.126,0.603,0.623,0.829,0.132,0.244,0.701,0.063,0.56,0.021,0.395,0.734,0.53,0.806,0.004,0.683,0.723,0.868,0.249,0.019,0.59,0.244,0.662,0.608,0.656,0.674,0.861,0.115,0.655,0.078,0.749,-0.242,0.384,-0.323,0.645,0.857,0.812,0.873,0.429,0.356,-0.22,0.647,0.421,0.586,0.032,0.775,0.284,0.85,0.004,0.102,-0.009,0.584,0.829,0.539,0.61,-0.373,0.217,0.552,0.758,0.646,0.27,0.241,0.895,0.339,0.731,-0.125,0.071,0.453,0.35,0.368,0.713,0.758,0.562,0.623,0.434,0.677
ADPT,-0.112,0.851,0.745,0.0,0.851,-0.114,0.94,0.389,0.839,-0.535,-0.479,0.616,0.849,0.559,0.007,0.847,0.476,-0.238,-0.256,0.836,0.622,-0.01,0.5,0.738,-0.159,0.91,0.896,-0.37,0.877,0.666,-0.351,0.723,0.694,-0.708,-0.292,0.263,0.099,-0.597,0.347,0.409,-0.559,-0.187,0.205,0.362,0.913,0.958,0.663,-0.22,0.667,0.638,0.428,0.064,0.424,-0.432,0.556,-0.651,0.854,0.566,0.404,0.685,-0.334,0.488,0.744,0.33,-0.399,0.048,0.964,-0.038,0.544,-0.489,0.21,0.542,0.916,0.846,-0.059,0.312,0.914,0.261,-0.087,0.774,-0.54,-0.065,-0.295,0.469,-0.658,-0.652,-0.05,0.02,0.323,-0.6,-0.298,0.263,0.898,0.571,-0.697,0.421,0.641,0.782,-0.02,0.661,0.689,0.538,0.667,-0.411,0.8,0.444,0.922,0.843,0.121,0.463,0.428,0.086,-0.054,0.75,0.319,0.537,0.832,0.613,0.203,0.624,0.71,-0.197,0.881,-0.165,-0.19,0.713,0.835,0.603,-0.302,-0.173,0.696,0.235,0.075,-0.057,0.373,0.747,0.829,0.83,-0.407,0.637,0.865,0.923,0.433,-0.481,0.167,-0.078,0.915,0.129,0.259,0.898,0.825,-0.439,0.892,0.142,0.616,-0.283,0.248,-0.408,0.83,0.798,0.584,0.875,0.122,-0.197,-0.414,0.667,0.386,0.769,-0.223,0.595,0.445,0.716,-0.301,-0.175,-0.349,0.478,0.583,0.208,0.21,-0.697,-0.286,0.765,0.816,0.763,0.597,0.05,0.743,0.405,0.646,-0.641,0.03,0.528,0.752,0.198,0.208,0.89,0.573,0.89,0.789,0.825
ADTN,-0.118,0.828,0.681,0.851,0.0,-0.18,0.87,0.366,0.82,-0.509,-0.524,0.552,0.844,0.611,-0.024,0.724,0.612,-0.245,-0.089,0.796,0.716,-0.045,0.659,0.566,0.141,0.832,0.818,-0.377,0.716,0.634,-0.373,0.613,0.72,-0.665,-0.405,0.231,0.353,-0.569,0.284,0.361,-0.556,-0.338,0.298,0.238,0.799,0.885,0.681,-0.256,0.622,0.704,0.507,0.359,0.428,-0.435,0.371,-0.628,0.808,0.488,0.558,0.523,-0.025,0.465,0.602,0.581,-0.387,0.042,0.831,-0.116,0.371,-0.526,0.268,0.412,0.893,0.832,-0.035,0.398,0.878,0.49,-0.147,0.623,-0.522,-0.118,-0.169,0.401,-0.616,-0.604,-0.163,-0.052,0.121,-0.574,-0.25,0.365,0.809,0.555,-0.595,0.463,0.643,0.805,0.014,0.651,0.755,0.389,0.688,-0.539,0.749,0.333,0.874,0.761,0.056,0.571,0.276,0.123,-0.151,0.641,0.299,0.504,0.794,0.551,0.154,0.583,0.619,-0.32,0.837,-0.232,-0.335,0.82,0.902,0.547,-0.31,-0.057,0.624,0.13,0.074,-0.212,0.61,0.653,0.698,0.76,-0.423,0.663,0.763,0.871,0.374,-0.472,0.172,-0.063,0.874,0.332,0.153,0.806,0.694,-0.364,0.852,-0.055,0.662,-0.37,0.272,-0.439,0.732,0.759,0.639,0.837,-0.043,-0.194,-0.324,0.485,0.476,0.788,-0.18,0.512,0.563,0.529,-0.29,0.15,-0.429,0.593,0.504,0.234,0.303,-0.643,-0.321,0.816,0.799,0.81,0.481,-0.053,0.741,0.492,0.715,-0.595,0.026,0.605,0.747,0.438,0.23,0.891,0.499,0.85,0.759,0.79
AGEN,0.221,-0.43,-0.107,-0.114,-0.18,0.0,-0.198,0.132,-0.255,0.63,0.643,0.235,-0.315,-0.488,0.264,0.094,-0.424,0.158,0.012,-0.253,-0.52,0.242,-0.52,0.183,-0.034,-0.044,-0.059,0.135,-0.065,-0.089,0.319,0.219,-0.621,0.414,0.725,0.039,-0.488,0.512,0.451,-0.121,0.696,0.678,0.029,0.502,0.067,-0.162,-0.391,0.25,-0.007,-0.103,-0.604,-0.36,-0.211,0.239,0.463,0.556,0.03,0.442,-0.533,0.367,0.128,0.417,0.061,-0.545,0.478,0.091,-0.025,0.056,0.254,0.476,0.455,0.287,-0.091,-0.416,0.649,-0.611,-0.245,-0.455,0.661,0.036,0.489,0.178,-0.072,0.381,0.484,0.316,0.368,0.687,0.6,0.284,0.158,-0.291,-0.133,-0.058,0.053,-0.038,-0.235,-0.42,0.077,-0.233,-0.467,0.096,-0.165,0.554,0.023,0.339,-0.205,-0.02,0.297,-0.486,0.397,-0.051,0.458,-0.036,0.282,0.333,-0.326,-0.044,0.322,-0.013,0.266,0.724,-0.159,0.226,0.749,-0.477,-0.171,-0.052,0.376,0.432,0.03,0.298,0.155,0.64,-0.472,0.342,0.271,0.063,0.542,-0.248,0.047,-0.12,0.288,0.265,0.28,0.289,-0.044,-0.214,-0.122,-0.009,-0.139,0.425,-0.198,0.741,-0.561,0.509,-0.537,0.551,-0.011,0.002,-0.274,-0.157,0.344,0.153,0.439,0.244,0.152,-0.171,0.335,0.21,0.125,0.077,0.631,-0.316,0.654,-0.529,0.067,0.157,0.193,0.478,0.309,-0.176,-0.445,-0.472,0.357,0.615,0.066,-0.24,-0.466,0.312,0.163,-0.54,-0.163,-0.334,0.122,-0.167,0.461,-0.296,-0.266,-0.189
ALGN,-0.328,0.905,0.677,0.94,0.87,-0.198,0.0,0.193,0.763,-0.661,-0.641,0.554,0.932,0.638,-0.225,0.733,0.582,-0.411,-0.325,0.804,0.63,-0.141,0.535,0.569,-0.166,0.892,0.916,-0.563,0.759,0.554,-0.51,0.63,0.67,-0.858,-0.484,0.192,0.098,-0.74,0.27,0.271,-0.673,-0.416,0.089,0.213,0.88,0.97,0.646,-0.459,0.734,0.751,0.386,0.111,0.246,-0.638,0.453,-0.722,0.819,0.448,0.383,0.582,-0.272,0.551,0.731,0.4,-0.531,0.125,0.938,-0.27,0.324,-0.66,0.039,0.341,0.941,0.806,0.006,0.365,0.973,0.252,-0.14,0.73,-0.619,-0.307,-0.361,0.38,-0.747,-0.81,-0.315,-0.189,0.156,-0.765,-0.482,0.139,0.915,0.665,-0.84,0.602,0.551,0.822,-0.224,0.756,0.677,0.425,0.678,-0.556,0.76,0.269,0.92,0.742,-0.052,0.41,0.194,-0.097,-0.189,0.627,0.12,0.368,0.782,0.445,0.047,0.412,0.555,-0.377,0.81,-0.403,-0.286,0.832,0.898,0.411,-0.451,-0.225,0.536,0.024,-0.085,-0.25,0.435,0.605,0.749,0.802,-0.564,0.745,0.727,0.87,0.36,-0.629,0.043,-0.249,0.963,0.07,0.069,0.912,0.748,-0.57,0.969,-0.037,0.587,-0.458,0.141,-0.545,0.828,0.718,0.63,0.864,-0.127,-0.349,-0.534,0.483,0.307,0.902,-0.468,0.439,0.584,0.581,-0.426,-0.15,-0.497,0.442,0.395,0.091,0.134,-0.817,-0.495,0.872,0.834,0.841,0.596,-0.174,0.678,0.49,0.674,-0.775,-0.167,0.624,0.884,0.214,0.129,0.952,0.433,0.947,0.903,0.888
ALLK,0.727,0.291,0.648,0.389,0.366,0.132,0.193,0.0,0.494,0.071,0.246,0.3,0.262,0.283,0.836,0.636,0.237,0.418,0.438,0.453,0.523,0.317,0.465,0.582,0.152,0.419,0.272,0.515,0.672,0.716,0.397,0.593,0.328,0.108,0.172,0.637,0.468,0.283,0.08,0.649,-0.007,0.246,0.691,0.614,0.452,0.353,0.593,0.589,-0.066,0.112,0.544,0.373,0.791,0.525,0.182,-0.169,0.452,0.654,0.516,0.342,0.099,-0.004,0.247,0.299,0.209,-0.435,0.308,0.58,0.795,0.215,0.623,0.678,0.315,0.533,-0.168,0.099,0.175,0.535,-0.039,0.319,0.096,0.785,0.491,0.347,0.108,0.302,0.704,0.421,0.422,0.369,0.537,0.755,0.307,-0.103,0.218,-0.283,0.745,0.402,0.76,-0.225,0.484,0.432,0.492,0.003,0.464,0.364,0.476,0.633,0.673,0.594,0.698,0.787,0.325,0.703,0.626,0.759,0.471,0.766,0.416,0.719,0.703,0.203,0.61,0.486,-0.047,0.146,0.201,0.885,0.388,0.441,0.663,0.309,0.656,0.235,0.137,0.684,0.305,0.354,0.342,0.182,0.511,0.542,0.06,0.313,0.598,0.492,0.218,0.686,0.756,0.265,0.506,0.488,0.165,0.252,0.56,0.008,0.489,-0.053,0.317,0.668,0.475,0.439,0.657,0.537,0.109,0.495,0.456,0.052,0.63,0.586,-0.163,0.661,0.271,0.249,0.317,0.51,0.767,0.341,0.567,0.116,0.632,0.155,0.345,0.262,-0.09,0.438,0.724,0.257,0.486,0.252,0.651,0.198,-0.173,0.222,0.722,0.31,0.569,0.232,-0.037,0.27
AMD,0.124,0.726,0.861,0.839,0.82,-0.255,0.763,0.494,0.0,-0.405,-0.336,0.542,0.714,0.481,0.231,0.848,0.377,0.123,0.08,0.882,0.777,0.246,0.62,0.725,0.193,0.83,0.815,-0.025,0.823,0.855,-0.114,0.682,0.758,-0.585,-0.3,0.45,0.419,-0.366,0.315,0.635,-0.483,-0.19,0.519,0.445,0.777,0.813,0.81,0.041,0.324,0.405,0.656,0.434,0.703,-0.203,0.474,-0.533,0.766,0.586,0.701,0.617,-0.003,0.349,0.712,0.57,-0.167,0.021,0.757,0.284,0.572,-0.28,0.259,0.654,0.838,0.853,-0.25,0.288,0.792,0.583,-0.165,0.764,-0.38,0.103,0.093,0.182,-0.452,-0.392,0.054,0.063,0.312,-0.335,0.03,0.545,0.787,0.525,-0.37,0.198,0.818,0.711,0.266,0.516,0.841,0.636,0.612,-0.279,0.838,0.499,0.884,0.926,0.321,0.742,0.508,0.415,-0.006,0.87,0.386,0.692,0.941,0.802,0.329,0.768,0.779,-0.218,0.923,0.081,-0.229,0.703,0.754,0.743,-0.038,0.06,0.748,0.261,0.394,-0.003,0.606,0.704,0.626,0.835,-0.194,0.587,0.863,0.917,0.42,-0.163,0.418,0.141,0.751,0.474,0.528,0.697,0.879,-0.169,0.733,0.048,0.767,-0.153,0.475,-0.349,0.651,0.774,0.7,0.902,0.305,0.158,-0.226,0.712,0.539,0.602,-0.026,0.755,0.368,0.709,-0.187,0.172,-0.244,0.644,0.777,0.533,0.427,-0.528,-0.028,0.622,0.857,0.719,0.435,0.199,0.767,0.267,0.681,-0.357,0.065,0.48,0.517,0.538,0.446,0.768,0.519,0.709,0.546,0.672
AMWD,0.469,-0.826,-0.306,-0.535,-0.509,0.63,-0.661,0.071,-0.405,0.0,0.913,0.003,-0.744,-0.814,0.492,-0.177,-0.698,0.649,0.177,-0.468,-0.658,0.571,-0.652,0.065,0.198,-0.406,-0.505,0.608,-0.372,-0.163,0.648,0.013,-0.624,0.761,0.872,0.107,-0.275,0.875,0.271,0.055,0.92,0.774,0.234,0.388,-0.321,-0.589,-0.47,0.602,-0.529,-0.612,-0.596,-0.154,-0.138,0.592,0.281,0.918,-0.283,0.188,-0.424,0.057,0.395,0.026,-0.135,-0.469,0.815,0.134,-0.513,0.467,0.183,0.897,0.33,0.242,-0.495,-0.675,0.43,-0.773,-0.648,-0.347,0.698,-0.197,0.797,0.414,0.268,0.03,0.888,0.766,0.512,0.751,0.496,0.712,0.626,-0.129,-0.535,-0.245,0.591,-0.483,-0.359,-0.745,0.403,-0.468,-0.623,0.022,-0.579,0.842,-0.259,0.395,-0.581,-0.256,0.485,-0.394,0.388,0.137,0.616,-0.194,0.258,0.181,-0.478,-0.038,0.483,-0.042,-0.019,0.86,-0.471,0.643,0.802,-0.774,-0.584,-0.089,0.718,0.578,-0.103,0.344,0.278,0.669,-0.484,0.016,-0.093,-0.226,0.878,-0.553,-0.188,-0.453,0.298,0.771,0.439,0.589,-0.541,-0.048,0.055,-0.542,-0.298,0.729,-0.73,0.656,-0.659,0.834,-0.418,0.742,-0.477,-0.338,-0.413,-0.419,0.532,0.53,0.807,0.107,0.179,-0.618,0.595,0.142,-0.203,-0.147,0.733,0.056,0.877,-0.626,0.106,0.39,0.171,0.919,0.568,-0.547,-0.655,-0.849,0.03,0.671,-0.243,-0.705,-0.71,0.757,0.227,-0.863,-0.607,-0.122,0.068,-0.642,0.177,-0.79,-0.779,-0.603
ARDX,0.597,-0.748,-0.144,-0.479,-0.524,0.643,-0.641,0.246,-0.336,0.913,0.0,-0.001,-0.684,-0.722,0.64,-0.072,-0.683,0.704,0.327,-0.403,-0.529,0.58,-0.574,0.12,0.147,-0.325,-0.435,0.732,-0.222,-0.013,0.752,0.092,-0.607,0.763,0.831,0.329,-0.223,0.933,0.211,0.168,0.885,0.748,0.301,0.541,-0.261,-0.56,-0.328,0.69,-0.613,-0.626,-0.441,-0.084,0.038,0.714,0.264,0.843,-0.276,0.306,-0.334,0.084,0.38,-0.016,-0.098,-0.456,0.832,-0.016,-0.491,0.568,0.328,0.913,0.349,0.333,-0.472,-0.578,0.355,-0.738,-0.642,-0.249,0.58,-0.123,0.814,0.572,0.437,-0.02,0.912,0.82,0.635,0.746,0.579,0.823,0.687,0.014,-0.485,-0.273,0.62,-0.507,-0.191,-0.667,0.501,-0.559,-0.523,0.19,-0.481,0.848,-0.207,0.346,-0.48,-0.136,0.633,-0.285,0.469,0.311,0.706,-0.029,0.291,0.271,-0.414,0.095,0.454,0.049,0.108,0.809,-0.346,0.693,0.76,-0.763,-0.604,0.071,0.82,0.655,-0.039,0.306,0.452,0.709,-0.52,0.107,-0.153,-0.192,0.938,-0.464,-0.179,-0.372,0.145,0.835,0.556,0.611,-0.53,0.073,0.272,-0.509,-0.195,0.824,-0.674,0.649,-0.521,0.723,-0.256,0.711,-0.433,-0.229,-0.25,-0.349,0.667,0.653,0.71,0.191,0.173,-0.597,0.633,0.193,-0.273,0.024,0.779,0.027,0.947,-0.525,0.22,0.371,0.353,0.898,0.741,-0.569,-0.593,-0.793,-0.064,0.723,-0.095,-0.618,-0.577,0.829,0.264,-0.762,-0.692,-0.133,0.301,-0.594,0.207,-0.747,-0.779,-0.572
ARQT,0.005,0.296,0.42,0.616,0.552,0.235,0.554,0.3,0.542,0.003,-0.001,0.0,0.389,0.001,0.126,0.621,-0.134,0.196,-0.17,0.454,0.18,0.303,-0.003,0.681,-0.078,0.687,0.535,-0.067,0.527,0.556,0.133,0.606,0.325,-0.282,0.224,0.188,-0.049,-0.163,0.682,0.297,-0.006,0.15,0.227,0.413,0.61,0.607,0.364,0.021,0.475,0.091,0.023,0.002,0.239,-0.134,0.718,-0.063,0.574,0.51,0.118,0.481,-0.046,0.347,0.744,0.112,0.069,0.309,0.678,0.172,0.564,-0.102,0.372,0.7,0.624,0.37,0.236,-0.21,0.512,-0.031,0.4,0.626,0.069,0.089,-0.185,0.544,-0.236,-0.245,0.025,0.434,0.548,-0.264,0.054,-0.015,0.447,0.447,-0.359,0.109,0.281,0.187,0.237,0.399,0.34,0.672,0.145,0.186,0.659,0.708,0.5,0.638,0.386,0.227,0.535,-0.035,0.305,0.514,0.592,0.513,0.543,0.482,0.656,0.483,0.594,0.268,0.569,0.199,0.3,0.281,0.45,0.365,0.205,0.154,0.629,0.604,0.089,0.418,0.142,0.725,0.728,0.688,0.046,0.143,0.749,0.641,0.702,-0.071,0.424,0.331,0.634,-0.019,0.187,0.446,0.707,-0.162,0.445,0.564,0.189,0.256,-0.095,-0.101,0.367,0.406,0.357,0.662,0.439,0.119,0.165,0.746,0.637,0.367,-0.022,0.525,0.332,0.378,0.098,0.057,0.109,0.05,0.571,0.299,0.136,-0.25,-0.071,0.484,0.519,0.244,0.778,0.461,0.529,-0.127,0.068,-0.287,0.223,-0.03,0.375,0.23,0.239,0.471,0.477,0.4,0.337,0.447
ASTE,-0.274,0.948,0.69,0.849,0.844,-0.315,0.932,0.262,0.714,-0.744,-0.684,0.389,0.0,0.772,-0.187,0.645,0.713,-0.436,-0.164,0.783,0.771,-0.246,0.702,0.413,-0.042,0.839,0.875,-0.526,0.709,0.554,-0.508,0.54,0.689,-0.847,-0.632,0.244,0.301,-0.732,0.068,0.292,-0.767,-0.566,0.115,0.139,0.796,0.909,0.71,-0.479,0.669,0.792,0.54,0.294,0.297,-0.56,0.239,-0.802,0.724,0.383,0.543,0.405,-0.17,0.44,0.592,0.563,-0.57,0.005,0.831,-0.325,0.247,-0.716,0.011,0.232,0.884,0.841,-0.07,0.498,0.913,0.454,-0.321,0.621,-0.641,-0.243,-0.192,0.274,-0.735,-0.773,-0.301,-0.353,-0.02,-0.709,-0.45,0.272,0.837,0.54,-0.755,0.581,0.638,0.879,-0.207,0.635,0.745,0.329,0.77,-0.709,0.69,0.077,0.919,0.686,-0.085,0.521,0.07,0.009,-0.318,0.604,0.045,0.304,0.743,0.452,-0.121,0.338,0.47,-0.531,0.799,-0.479,-0.464,0.911,0.902,0.414,-0.507,-0.18,0.488,-0.147,-0.036,-0.429,0.554,0.523,0.561,0.709,-0.617,0.784,0.583,0.815,0.14,-0.637,0.017,-0.303,0.894,0.252,0.122,0.83,0.674,-0.505,0.943,-0.246,0.704,-0.652,0.257,-0.639,0.791,0.732,0.691,0.806,-0.221,-0.299,-0.573,0.336,0.246,0.875,-0.432,0.321,0.548,0.524,-0.464,0.004,-0.566,0.587,0.345,-0.002,0.194,-0.818,-0.44,0.838,0.851,0.92,0.362,-0.322,0.698,0.628,0.811,-0.738,-0.101,0.782,0.81,0.295,0.227,0.947,0.345,0.945,0.885,0.859
AUPH,-0.111,0.837,0.491,0.559,0.611,-0.488,0.638,0.283,0.481,-0.814,-0.722,0.001,0.772,0.0,-0.115,0.358,0.827,-0.497,0.046,0.572,0.791,-0.436,0.843,0.059,-0.058,0.46,0.52,-0.392,0.535,0.326,-0.52,0.202,0.621,-0.609,-0.766,0.174,0.447,-0.619,-0.299,0.205,-0.799,-0.623,0.109,-0.107,0.428,0.62,0.584,-0.33,0.419,0.728,0.713,0.324,0.385,-0.359,-0.27,-0.85,0.435,0.118,0.561,0.084,-0.231,0.029,0.105,0.552,-0.605,-0.349,0.494,-0.297,0.062,-0.697,-0.091,-0.051,0.508,0.785,-0.36,0.795,0.604,0.565,-0.64,0.198,-0.725,-0.097,-0.002,0.042,-0.669,-0.543,-0.17,-0.542,-0.342,-0.454,-0.389,0.433,0.58,0.119,-0.441,0.393,0.627,0.853,-0.137,0.281,0.698,-0.017,0.769,-0.843,0.36,-0.315,0.686,0.397,-0.173,0.554,-0.183,0.199,-0.505,0.373,-0.028,0.127,0.499,0.239,-0.422,0.233,0.258,-0.723,0.61,-0.467,-0.781,0.764,0.604,0.388,-0.585,-0.276,0.23,-0.323,0.004,-0.548,0.531,0.206,0.159,0.295,-0.63,0.66,0.286,0.535,-0.367,-0.616,-0.215,-0.389,0.524,0.382,0.138,0.607,0.325,-0.388,0.706,-0.59,0.785,-0.832,0.521,-0.633,0.504,0.587,0.556,0.478,-0.352,-0.319,-0.668,-0.025,-0.083,0.601,-0.313,0.052,0.167,0.354,-0.568,0.053,-0.643,0.77,0.124,-0.211,0.138,-0.69,-0.247,0.544,0.602,0.854,-0.145,-0.507,0.507,0.837,0.894,-0.533,0.014,0.939,0.497,0.166,0.26,0.702,0.048,0.778,0.745,0.594
AVXL,0.901,-0.176,0.434,0.007,-0.024,0.264,-0.225,0.836,0.231,0.492,0.64,0.126,-0.187,-0.115,0.0,0.406,-0.152,0.724,0.525,0.155,0.169,0.577,0.117,0.469,0.178,0.093,-0.073,0.834,0.394,0.528,0.665,0.447,-0.012,0.481,0.485,0.658,0.295,0.697,0.061,0.664,0.388,0.533,0.736,0.694,0.147,-0.063,0.31,0.858,-0.482,-0.282,0.282,0.276,0.693,0.782,0.183,0.269,0.15,0.58,0.29,0.263,0.235,-0.109,0.086,0.016,0.579,-0.381,-0.09,0.802,0.731,0.65,0.54,0.652,-0.062,0.129,-0.1,-0.238,-0.235,0.34,0.163,0.142,0.437,0.896,0.661,0.116,0.559,0.69,0.874,0.636,0.544,0.746,0.797,0.672,-0.035,-0.283,0.572,-0.573,0.52,-0.023,0.877,-0.507,0.131,0.39,0.122,0.416,0.197,0.393,0.097,0.391,0.837,0.389,0.737,0.844,0.556,0.521,0.584,0.693,0.164,0.633,0.492,0.586,0.556,0.496,0.279,0.768,0.258,-0.286,-0.216,0.736,0.714,0.601,0.448,0.338,0.765,0.511,-0.132,0.473,0.066,0.124,0.735,-0.107,0.265,0.191,0.051,0.707,0.704,0.676,-0.185,0.617,0.767,-0.103,0.27,0.802,-0.266,0.413,0.229,0.366,0.344,0.307,-0.048,0.367,0.215,0.131,0.834,0.768,0.417,0.429,0.356,-0.323,0.809,0.557,-0.381,0.525,0.519,0.24,0.672,0.194,0.705,0.508,0.593,0.559,0.898,-0.225,-0.04,-0.203,-0.208,0.657,0.461,-0.113,0.113,0.669,0.589,-0.208,-0.55,0.106,0.711,-0.113,0.437,-0.241,-0.47,-0.124
AZTA,0.313,0.615,0.876,0.847,0.724,0.094,0.733,0.636,0.848,-0.177,-0.072,0.621,0.645,0.358,0.406,0.0,0.27,0.141,0.011,0.802,0.574,0.362,0.412,0.865,0.004,0.864,0.786,0.064,0.907,0.831,-0.019,0.87,0.513,-0.429,-0.006,0.595,0.163,-0.166,0.386,0.641,-0.218,0.087,0.517,0.715,0.912,0.794,0.678,0.192,0.308,0.42,0.414,0.179,0.652,-0.104,0.674,-0.349,0.822,0.821,0.431,0.807,-0.086,0.509,0.765,0.248,0.005,-0.092,0.788,0.35,0.766,-0.066,0.407,0.789,0.797,0.727,0.009,0.064,0.718,0.33,0.074,0.817,-0.254,0.239,0.043,0.385,-0.244,-0.273,0.281,0.361,0.644,-0.187,0.068,0.469,0.822,0.527,-0.402,0.202,0.771,0.621,0.318,0.418,0.618,0.725,0.578,-0.076,0.818,0.63,0.854,0.932,0.545,0.521,0.702,0.419,0.238,0.921,0.5,0.824,0.788,0.81,0.441,0.78,0.899,0.091,0.877,0.188,0.068,0.468,0.65,0.799,0.113,0.235,0.756,0.335,0.483,0.256,0.271,0.893,0.788,0.841,0.05,0.58,0.868,0.881,0.466,-0.053,0.517,0.208,0.738,0.354,0.557,0.778,0.85,0.003,0.671,0.349,0.571,-0.022,0.284,-0.154,0.724,0.827,0.648,0.851,0.492,0.195,-0.164,0.831,0.523,0.573,0.107,0.844,0.366,0.865,0.028,-0.101,0.072,0.408,0.821,0.517,0.507,-0.333,0.13,0.562,0.67,0.546,0.531,0.413,0.837,0.206,0.569,-0.229,0.122,0.308,0.458,0.245,0.531,0.723,0.71,0.64,0.478,0.636
BAND,-0.222,0.774,0.417,0.476,0.612,-0.424,0.582,0.237,0.377,-0.698,-0.683,-0.134,0.713,0.827,-0.152,0.27,0.0,-0.551,-0.034,0.543,0.681,-0.41,0.84,0.056,0.037,0.394,0.479,-0.46,0.42,0.233,-0.509,0.214,0.516,-0.591,-0.732,0.111,0.458,-0.58,-0.307,0.108,-0.762,-0.618,0.067,-0.124,0.421,0.57,0.544,-0.389,0.414,0.861,0.565,0.361,0.208,-0.381,-0.278,-0.79,0.518,0.084,0.526,0.082,-0.101,0.192,0.068,0.581,-0.702,-0.261,0.422,-0.391,-0.006,-0.665,-0.005,-0.168,0.513,0.662,-0.24,0.682,0.594,0.557,-0.474,0.145,-0.645,-0.171,-0.091,0.084,-0.588,-0.527,-0.247,-0.538,-0.423,-0.501,-0.392,0.396,0.557,0.175,-0.473,0.481,0.502,0.836,-0.203,0.326,0.59,-0.21,0.818,-0.919,0.327,-0.369,0.605,0.312,-0.305,0.453,-0.167,0.114,-0.479,0.27,-0.201,0.075,0.434,0.162,-0.402,0.146,0.152,-0.639,0.478,-0.516,-0.697,0.761,0.617,0.321,-0.592,-0.299,0.19,-0.492,-0.127,-0.714,0.461,0.149,0.159,0.252,-0.616,0.68,0.203,0.467,-0.248,-0.56,-0.222,-0.363,0.492,0.378,-0.012,0.575,0.222,-0.296,0.634,-0.583,0.631,-0.791,0.297,-0.621,0.587,0.598,0.489,0.422,-0.461,-0.358,-0.599,-0.178,-0.052,0.636,-0.283,-0.01,0.325,0.29,-0.478,0.092,-0.619,0.655,0.039,-0.192,0.09,-0.605,-0.313,0.624,0.513,0.789,-0.165,-0.596,0.459,0.84,0.829,-0.514,-0.066,0.798,0.553,0.182,0.097,0.695,0.109,0.718,0.641,0.683
BECN,0.646,-0.479,0.206,-0.238,-0.245,0.158,-0.411,0.418,0.123,0.649,0.704,0.196,-0.436,-0.497,0.724,0.141,-0.551,0.0,0.431,0.014,-0.047,0.77,-0.176,0.341,0.328,-0.043,-0.195,0.886,0.013,0.439,0.801,0.226,-0.076,0.46,0.529,0.491,0.27,0.735,0.2,0.534,0.497,0.447,0.686,0.52,-0.122,-0.284,0.187,0.723,-0.607,-0.689,0.063,0.338,0.451,0.722,0.279,0.532,-0.074,0.297,0.215,0.053,0.499,-0.167,0.182,0.047,0.693,0.071,-0.304,0.85,0.469,0.715,0.292,0.602,-0.18,-0.2,-0.086,-0.56,-0.362,0.191,0.396,0.153,0.701,0.647,0.634,-0.177,0.664,0.712,0.536,0.565,0.479,0.716,0.893,0.42,-0.27,-0.131,0.679,-0.65,0.209,-0.381,0.799,-0.436,0.021,0.451,-0.299,0.704,0.165,0.504,-0.166,0.225,0.763,0.313,0.608,0.58,0.532,0.315,0.384,0.46,0.103,0.455,0.687,0.391,0.258,0.524,0.024,0.841,0.48,-0.379,-0.369,0.366,0.866,0.61,0.347,0.42,0.671,0.549,-0.064,0.193,-0.089,0.114,0.776,-0.338,0.139,-0.003,0.301,0.893,0.8,0.843,-0.346,0.439,0.604,-0.437,0.254,0.734,-0.5,0.444,-0.015,0.652,0.073,0.345,-0.389,-0.032,0.101,0.065,0.831,0.929,0.704,0.381,0.436,-0.488,0.623,0.456,-0.357,0.148,0.628,0.434,0.703,-0.075,0.593,0.677,0.388,0.621,0.741,-0.387,-0.076,-0.44,-0.033,0.7,0.148,-0.585,-0.276,0.75,0.357,-0.556,-0.631,0.319,0.521,-0.361,0.179,-0.512,-0.68,-0.307
BFC,0.573,-0.147,0.194,-0.256,-0.089,0.012,-0.325,0.438,0.08,0.177,0.327,-0.17,-0.164,0.046,0.525,0.011,-0.034,0.431,0.0,-0.042,0.288,0.181,0.252,-0.083,0.571,-0.155,-0.174,0.565,-0.013,0.276,0.456,-0.041,-0.008,0.337,0.043,0.395,0.572,0.481,-0.184,0.237,0.213,0.046,0.425,0.211,-0.2,-0.259,0.181,0.502,-0.494,-0.237,0.4,0.547,0.519,0.538,-0.272,0.147,-0.17,0.17,0.455,-0.124,0.532,-0.259,-0.241,0.329,0.368,-0.349,-0.349,0.432,0.116,0.321,0.318,0.159,-0.201,0.047,-0.159,0.077,-0.293,0.578,-0.199,-0.124,0.325,0.482,0.712,-0.26,0.367,0.511,0.431,0.132,0.015,0.567,0.491,0.5,-0.215,-0.29,0.509,-0.284,0.354,-0.069,0.511,-0.448,0.162,0.083,0.086,0.116,-0.034,-0.048,-0.052,0.069,0.398,0.381,0.164,0.65,0.108,0.163,0.278,0.326,0.016,0.32,0.04,0.224,0.206,-0.013,0.079,0.353,-0.125,-0.077,-0.132,0.325,0.44,0.494,0.047,-0.005,0.554,0.083,0.281,0.094,-0.384,-0.129,0.383,-0.081,-0.104,-0.069,-0.311,0.458,0.375,0.305,-0.288,0.677,0.484,-0.271,-0.045,0.577,-0.222,-0.13,0.266,-0.017,0.467,0.134,-0.222,0.083,0.179,-0.081,0.305,0.551,0.237,0.006,0.221,-0.317,0.51,0.122,-0.15,0.059,0.28,0.511,0.261,0.319,0.255,0.296,0.556,0.332,0.591,-0.31,-0.057,-0.048,-0.466,0.278,0.182,0.037,0.171,0.529,0.292,0.074,-0.478,0.391,0.529,-0.18,0.057,-0.247,-0.334,-0.294
BGC,-0.019,0.789,0.859,0.836,0.796,-0.253,0.804,0.453,0.882,-0.468,-0.403,0.454,0.783,0.572,0.155,0.802,0.543,0.014,-0.042,0.0,0.788,0.155,0.7,0.684,0.131,0.832,0.851,-0.134,0.802,0.813,-0.161,0.729,0.743,-0.697,-0.418,0.465,0.421,-0.438,0.246,0.609,-0.618,-0.34,0.517,0.438,0.801,0.842,0.857,-0.104,0.413,0.562,0.598,0.447,0.569,-0.238,0.43,-0.637,0.825,0.567,0.662,0.58,0.02,0.466,0.708,0.587,-0.303,0.095,0.755,0.144,0.542,-0.422,0.17,0.55,0.873,0.823,-0.298,0.259,0.842,0.557,-0.134,0.774,-0.435,0.049,0.022,0.174,-0.502,-0.493,-0.075,-0.08,0.214,-0.428,-0.014,0.545,0.833,0.555,-0.48,0.316,0.813,0.808,0.163,0.516,0.854,0.558,0.734,-0.427,0.873,0.369,0.914,0.879,0.254,0.728,0.448,0.344,-0.092,0.83,0.187,0.599,0.877,0.692,0.213,0.648,0.674,-0.298,0.883,-0.016,-0.234,0.771,0.787,0.678,-0.137,-0.015,0.741,0.066,0.35,-0.163,0.508,0.636,0.588,0.86,-0.29,0.731,0.769,0.914,0.348,-0.238,0.402,0.129,0.758,0.478,0.447,0.733,0.854,-0.159,0.765,-0.043,0.738,-0.314,0.306,-0.434,0.694,0.839,0.756,0.912,0.192,0.116,-0.313,0.586,0.443,0.715,-0.155,0.673,0.391,0.719,-0.186,0.12,-0.27,0.635,0.705,0.426,0.331,-0.589,-0.083,0.684,0.846,0.755,0.414,0.015,0.792,0.388,0.743,-0.411,-0.013,0.527,0.591,0.484,0.457,0.838,0.486,0.796,0.622,0.8
BHF,0.113,0.801,0.773,0.622,0.716,-0.52,0.63,0.523,0.777,-0.658,-0.529,0.18,0.771,0.791,0.169,0.574,0.681,-0.047,0.288,0.788,0.0,-0.056,0.93,0.327,0.267,0.648,0.648,-0.04,0.666,0.741,-0.193,0.402,0.787,-0.597,-0.66,0.44,0.75,-0.442,-0.138,0.511,-0.734,-0.57,0.493,0.157,0.534,0.676,0.888,-0.088,0.237,0.509,0.925,0.688,0.718,-0.13,-0.056,-0.766,0.541,0.316,0.907,0.181,0.095,0.049,0.351,0.813,-0.374,-0.24,0.523,0.1,0.313,-0.504,0.104,0.32,0.664,0.889,-0.468,0.61,0.663,0.854,-0.547,0.449,-0.491,0.133,0.286,-0.046,-0.524,-0.37,-0.044,-0.358,-0.144,-0.286,-0.0,0.728,0.628,0.25,-0.243,0.196,0.876,0.838,0.24,0.276,0.945,0.35,0.771,-0.629,0.633,0.001,0.813,0.704,0.145,0.903,0.152,0.514,-0.334,0.691,0.154,0.445,0.809,0.642,-0.042,0.558,0.493,-0.607,0.818,-0.148,-0.658,0.829,0.67,0.65,-0.216,-0.027,0.562,-0.095,0.351,-0.428,0.733,0.416,0.216,0.543,-0.4,0.641,0.51,0.749,-0.081,-0.26,0.228,-0.001,0.563,0.718,0.513,0.542,0.646,-0.138,0.67,-0.444,0.968,-0.617,0.655,-0.619,0.507,0.706,0.769,0.724,0.029,0.124,-0.403,0.285,0.284,0.546,-0.084,0.395,0.212,0.509,-0.328,0.398,-0.474,0.91,0.535,0.188,0.41,-0.608,-0.008,0.549,0.837,0.872,-0.067,-0.204,0.714,0.601,0.911,-0.327,0.126,0.801,0.371,0.579,0.542,0.739,0.204,0.717,0.551,0.623
BHFAL,0.534,-0.328,0.352,-0.01,-0.045,0.242,-0.141,0.317,0.246,0.571,0.58,0.303,-0.246,-0.436,0.577,0.362,-0.41,0.77,0.181,0.155,-0.056,0.0,-0.173,0.483,0.174,0.175,0.038,0.661,0.175,0.451,0.554,0.418,-0.112,0.234,0.455,0.549,0.046,0.57,0.323,0.471,0.441,0.439,0.59,0.66,0.176,-0.067,0.21,0.568,-0.499,-0.391,-0.031,0.184,0.373,0.397,0.499,0.438,0.191,0.456,0.109,0.367,0.372,0.195,0.381,-0.083,0.528,0.111,-0.081,0.731,0.465,0.649,0.279,0.625,0.05,-0.126,0.099,-0.602,-0.09,0.043,0.499,0.37,0.472,0.375,0.368,-0.144,0.551,0.48,0.393,0.614,0.671,0.497,0.618,0.296,0.069,0.189,0.346,-0.325,0.232,-0.219,0.577,-0.126,0.005,0.542,-0.121,0.621,0.306,0.562,0.03,0.361,0.738,0.208,0.613,0.437,0.548,0.418,0.255,0.556,0.212,0.439,0.666,0.422,0.401,0.498,0.147,0.662,0.564,-0.265,-0.177,0.401,0.748,0.577,0.327,0.309,0.6,0.551,-0.109,0.33,0.193,0.299,0.685,-0.053,0.279,0.152,0.44,0.731,0.746,0.689,-0.097,0.273,0.492,-0.056,0.355,0.58,-0.243,0.507,-0.035,0.602,-0.095,0.327,-0.055,0.111,0.193,0.232,0.739,0.696,0.521,0.489,0.369,-0.162,0.382,0.586,-0.053,0.34,0.523,0.149,0.64,-0.168,0.59,0.747,0.414,0.447,0.539,-0.153,-0.032,-0.295,0.213,0.693,0.255,-0.499,-0.172,0.551,0.044,-0.468,-0.298,0.188,0.441,-0.118,0.322,-0.303,-0.415,-0.084
BKNG,0.06,0.755,0.641,0.5,0.659,-0.52,0.535,0.465,0.62,-0.652,-0.574,-0.003,0.702,0.843,0.117,0.412,0.84,-0.176,0.252,0.7,0.93,-0.173,0.0,0.171,0.252,0.49,0.52,-0.119,0.539,0.56,-0.26,0.273,0.688,-0.534,-0.711,0.32,0.762,-0.431,-0.238,0.392,-0.755,-0.587,0.43,0.025,0.409,0.581,0.782,-0.124,0.227,0.618,0.874,0.656,0.599,-0.121,-0.25,-0.783,0.495,0.196,0.845,0.063,0.091,0.011,0.142,0.797,-0.476,-0.312,0.405,-0.036,0.188,-0.542,0.111,0.131,0.552,0.808,-0.468,0.695,0.563,0.839,-0.574,0.24,-0.538,0.101,0.248,-0.057,-0.505,-0.334,-0.075,-0.449,-0.329,-0.28,-0.057,0.71,0.539,0.096,-0.202,0.21,0.795,0.836,0.159,0.171,0.863,0.064,0.838,-0.775,0.501,-0.199,0.702,0.543,-0.012,0.831,0.023,0.484,-0.459,0.516,0.033,0.339,0.66,0.462,-0.194,0.432,0.36,-0.643,0.694,-0.234,-0.742,0.805,0.603,0.568,-0.335,-0.124,0.424,-0.259,0.234,-0.557,0.697,0.274,0.108,0.385,-0.459,0.604,0.371,0.619,-0.223,-0.319,0.074,-0.08,0.457,0.71,0.35,0.495,0.439,-0.109,0.587,-0.567,0.902,-0.69,0.578,-0.625,0.459,0.68,0.65,0.581,-0.143,0.018,-0.416,0.045,0.126,0.495,-0.076,0.233,0.166,0.396,-0.351,0.381,-0.53,0.923,0.365,0.074,0.296,-0.553,-0.03,0.507,0.696,0.846,-0.223,-0.354,0.617,0.744,0.923,-0.306,0.139,0.83,0.345,0.467,0.447,0.689,0.109,0.672,0.52,0.603
BL,0.258,0.392,0.73,0.738,0.566,0.183,0.569,0.582,0.725,0.065,0.12,0.681,0.413,0.059,0.469,0.865,0.056,0.341,-0.083,0.684,0.327,0.483,0.171,0.0,-0.049,0.758,0.633,0.156,0.802,0.76,0.223,0.901,0.421,-0.255,0.263,0.505,0.033,0.007,0.564,0.641,-0.044,0.3,0.511,0.742,0.804,0.667,0.581,0.291,0.262,0.201,0.194,0.078,0.505,0.077,0.798,-0.124,0.773,0.795,0.28,0.781,-0.073,0.497,0.804,0.133,0.144,0.141,0.703,0.45,0.838,0.1,0.483,0.864,0.681,0.528,0.071,-0.222,0.568,0.162,0.382,0.82,0.061,0.338,0.003,0.509,-0.083,-0.096,0.353,0.544,0.696,-0.098,0.235,0.354,0.63,0.453,-0.28,0.008,0.564,0.392,0.414,0.341,0.442,0.715,0.368,0.156,0.776,0.781,0.658,0.839,0.584,0.392,0.879,0.332,0.486,0.811,0.524,0.765,0.704,0.778,0.664,0.726,0.822,0.374,0.709,0.417,0.321,0.274,0.459,0.752,0.315,0.225,0.794,0.456,0.367,0.372,0.056,0.854,0.789,0.792,0.218,0.341,0.862,0.768,0.68,0.154,0.635,0.427,0.611,0.233,0.507,0.566,0.839,0.111,0.446,0.601,0.33,0.275,0.082,-0.017,0.59,0.731,0.482,0.75,0.643,0.321,0.059,0.858,0.644,0.398,0.223,0.794,0.24,0.809,0.196,-0.059,0.26,0.179,0.855,0.565,0.404,-0.124,0.2,0.47,0.552,0.27,0.604,0.545,0.739,-0.069,0.27,-0.088,0.21,-0.031,0.314,0.224,0.395,0.542,0.761,0.43,0.248,0.55
BOKF,0.172,-0.077,0.078,-0.159,0.141,-0.034,-0.166,0.152,0.193,0.198,0.147,-0.078,-0.042,-0.058,0.178,0.004,0.037,0.328,0.571,0.131,0.267,0.174,0.252,-0.049,0.0,-0.058,-0.017,0.248,-0.163,0.244,0.209,-0.006,0.163,0.102,-0.033,0.104,0.607,0.226,0.091,0.147,0.111,-0.073,0.334,0.05,-0.11,-0.142,0.158,0.164,-0.195,-0.065,0.233,0.701,0.245,0.194,-0.073,0.163,0.004,0.086,0.501,-0.046,0.768,0.079,-0.082,0.595,0.3,0.11,-0.197,0.201,-0.058,0.158,0.32,0.084,0.034,0.037,-0.063,-0.0,-0.039,0.622,0.007,0.009,0.224,0.16,0.418,-0.186,0.177,0.217,0.052,0.097,-0.123,0.184,0.37,0.325,-0.118,0.049,0.277,-0.028,0.18,-0.048,0.241,-0.032,0.24,-0.003,0.049,0.012,0.138,0.152,-0.009,0.083,0.119,0.332,0.071,0.311,-0.056,0.085,0.166,0.207,0.142,0.262,0.13,0.181,0.068,-0.022,0.046,0.156,-0.041,0.161,0.177,0.093,0.205,0.423,0.162,0.026,0.329,-0.094,0.587,0.078,-0.169,0.09,0.181,0.03,0.024,0.027,0.134,0.274,0.327,0.257,-0.08,0.548,0.193,-0.193,0.015,0.344,-0.098,-0.129,0.136,0.107,0.199,0.136,-0.115,0.055,0.132,0.047,0.054,0.377,0.364,0.05,0.452,-0.096,0.33,0.164,0.318,-0.114,0.228,0.709,0.065,0.254,0.199,0.376,0.369,0.176,0.177,-0.088,0.079,0.042,-0.116,0.145,0.101,-0.104,0.092,0.23,0.107,0.0,-0.09,0.804,0.202,-0.049,0.15,-0.113,-0.167,-0.152
BRKR,-0.049,0.751,0.842,0.91,0.832,-0.044,0.892,0.419,0.83,-0.406,-0.325,0.687,0.839,0.46,0.093,0.864,0.394,-0.043,-0.155,0.832,0.648,0.175,0.49,0.758,-0.058,0.0,0.93,-0.23,0.836,0.784,-0.191,0.792,0.598,-0.695,-0.25,0.446,0.197,-0.443,0.373,0.48,-0.463,-0.223,0.357,0.515,0.923,0.924,0.758,-0.19,0.545,0.553,0.423,0.255,0.449,-0.349,0.633,-0.526,0.848,0.662,0.487,0.65,-0.077,0.553,0.858,0.416,-0.259,0.122,0.894,0.024,0.564,-0.378,0.229,0.659,0.945,0.762,0.084,0.113,0.875,0.334,0.054,0.845,-0.327,-0.013,-0.119,0.363,-0.466,-0.538,-0.063,0.073,0.411,-0.492,-0.146,0.315,0.855,0.621,-0.617,0.39,0.69,0.694,0.084,0.573,0.702,0.672,0.64,-0.288,0.894,0.483,0.929,0.906,0.298,0.55,0.493,0.157,0.025,0.818,0.297,0.623,0.857,0.69,0.33,0.605,0.738,-0.131,0.892,-0.107,-0.063,0.722,0.804,0.596,-0.104,0.047,0.735,0.194,0.188,-0.015,0.414,0.797,0.787,0.909,-0.241,0.657,0.83,0.927,0.501,-0.288,0.405,0.105,0.906,0.267,0.319,0.82,0.904,-0.252,0.832,0.198,0.604,-0.241,0.128,-0.427,0.759,0.788,0.712,0.946,0.239,0.035,-0.238,0.702,0.492,0.763,-0.208,0.646,0.519,0.706,-0.111,0.006,-0.19,0.425,0.679,0.338,0.39,-0.588,-0.177,0.781,0.842,0.712,0.613,0.149,0.848,0.305,0.609,-0.478,0.018,0.441,0.665,0.32,0.405,0.894,0.582,0.79,0.682,0.822
CACC,-0.207,0.81,0.799,0.896,0.818,-0.059,0.916,0.272,0.815,-0.505,-0.435,0.535,0.875,0.52,-0.073,0.786,0.479,-0.195,-0.174,0.851,0.648,0.038,0.52,0.633,-0.017,0.93,0.0,-0.378,0.762,0.699,-0.322,0.716,0.572,-0.809,-0.397,0.376,0.167,-0.542,0.294,0.39,-0.552,-0.343,0.275,0.442,0.894,0.908,0.711,-0.362,0.571,0.659,0.386,0.242,0.331,-0.492,0.579,-0.601,0.839,0.608,0.461,0.67,-0.065,0.654,0.816,0.426,-0.358,0.186,0.861,-0.129,0.403,-0.482,0.102,0.482,0.952,0.74,0.062,0.182,0.92,0.337,-0.033,0.842,-0.439,-0.212,-0.167,0.238,-0.541,-0.686,-0.212,-0.099,0.304,-0.612,-0.31,0.252,0.891,0.716,-0.731,0.56,0.639,0.751,-0.127,0.683,0.696,0.563,0.685,-0.413,0.854,0.36,0.931,0.845,0.118,0.479,0.341,0.058,-0.094,0.759,0.111,0.525,0.816,0.587,0.137,0.48,0.656,-0.278,0.837,-0.277,-0.128,0.792,0.879,0.48,-0.27,-0.028,0.604,0.014,0.14,-0.154,0.45,0.672,0.717,0.909,-0.376,0.772,0.739,0.885,0.418,-0.416,0.29,-0.077,0.915,0.23,0.218,0.843,0.817,-0.344,0.904,0.061,0.569,-0.36,0.095,-0.429,0.809,0.769,0.701,0.911,0.035,-0.091,-0.362,0.595,0.363,0.859,-0.378,0.592,0.62,0.654,-0.213,-0.097,-0.307,0.407,0.547,0.323,0.348,-0.681,-0.306,0.793,0.816,0.76,0.61,0.004,0.766,0.37,0.644,-0.585,-0.182,0.515,0.775,0.315,0.312,0.924,0.547,0.839,0.764,0.841
CAR,0.851,-0.513,0.147,-0.37,-0.377,0.135,-0.563,0.515,-0.025,0.608,0.732,-0.067,-0.526,-0.392,0.834,0.064,-0.46,0.886,0.565,-0.134,-0.04,0.661,-0.119,0.156,0.248,-0.23,-0.378,0.0,-0.004,0.325,0.793,0.07,-0.19,0.632,0.497,0.535,0.284,0.821,-0.093,0.459,0.523,0.479,0.641,0.463,-0.253,-0.439,0.096,0.867,-0.793,-0.676,0.16,0.268,0.545,0.838,0.009,0.476,-0.234,0.205,0.181,-0.051,0.374,-0.368,-0.118,-0.083,0.667,-0.323,-0.472,0.898,0.416,0.78,0.288,0.436,-0.398,-0.212,-0.232,-0.375,-0.533,0.21,0.144,-0.074,0.589,0.774,0.719,-0.275,0.728,0.849,0.698,0.515,0.402,0.909,0.899,0.544,-0.342,-0.341,0.833,-0.72,0.239,-0.349,0.845,-0.636,-0.054,0.319,-0.246,0.635,-0.076,0.27,-0.262,0.084,0.766,0.272,0.5,0.74,0.488,0.246,0.343,0.411,-0.059,0.371,0.486,0.369,0.191,0.439,-0.065,0.843,0.311,-0.525,-0.544,0.416,0.831,0.575,0.179,0.29,0.761,0.502,-0.196,0.076,-0.277,-0.15,0.807,-0.355,-0.05,-0.152,-0.05,0.909,0.632,0.716,-0.549,0.495,0.702,-0.477,0.036,0.829,-0.603,0.272,0.036,0.505,0.275,0.382,-0.433,-0.084,0.023,-0.143,0.794,0.872,0.56,0.208,0.18,-0.616,0.736,0.349,-0.556,0.158,0.563,0.312,0.701,0.006,0.461,0.504,0.418,0.697,0.892,-0.569,-0.251,-0.461,-0.367,0.636,0.064,-0.43,-0.186,0.878,0.4,-0.439,-0.813,0.12,0.56,-0.483,0.061,-0.584,-0.765,-0.461
CDNA,0.258,0.735,0.87,0.877,0.716,-0.065,0.759,0.672,0.823,-0.372,-0.222,0.527,0.709,0.535,0.394,0.907,0.42,0.013,-0.013,0.802,0.666,0.175,0.539,0.802,-0.163,0.836,0.762,-0.004,0.0,0.794,-0.07,0.802,0.605,-0.466,-0.143,0.531,0.198,-0.28,0.244,0.629,-0.415,-0.01,0.455,0.587,0.869,0.829,0.747,0.139,0.352,0.49,0.558,0.154,0.677,-0.081,0.476,-0.547,0.779,0.722,0.487,0.684,-0.284,0.351,0.658,0.285,-0.162,-0.193,0.808,0.271,0.756,-0.213,0.328,0.688,0.766,0.844,-0.156,0.267,0.716,0.382,-0.131,0.719,-0.372,0.298,0.043,0.401,-0.385,-0.31,0.299,0.188,0.455,-0.232,-0.01,0.523,0.803,0.359,-0.409,0.152,0.816,0.742,0.298,0.345,0.683,0.636,0.699,-0.255,0.742,0.417,0.882,0.897,0.429,0.58,0.616,0.452,0.16,0.891,0.458,0.722,0.799,0.788,0.271,0.733,0.849,-0.066,0.91,0.103,-0.161,0.529,0.611,0.848,0.0,0.039,0.727,0.239,0.363,0.107,0.234,0.808,0.691,0.752,-0.108,0.586,0.822,0.891,0.279,-0.167,0.376,0.107,0.723,0.38,0.583,0.777,0.824,-0.085,0.718,0.201,0.695,-0.223,0.435,-0.303,0.75,0.879,0.637,0.818,0.403,0.101,-0.339,0.727,0.372,0.577,0.045,0.707,0.209,0.905,-0.152,-0.116,-0.089,0.548,0.77,0.312,0.439,-0.446,0.124,0.597,0.721,0.638,0.354,0.229,0.847,0.413,0.694,-0.308,0.201,0.48,0.43,0.156,0.529,0.767,0.618,0.722,0.543,0.7
CG,0.383,0.522,0.907,0.666,0.634,-0.089,0.554,0.716,0.855,-0.163,-0.013,0.556,0.554,0.326,0.528,0.831,0.233,0.439,0.276,0.813,0.741,0.451,0.56,0.76,0.244,0.784,0.699,0.325,0.794,0.0,0.258,0.76,0.594,-0.38,-0.107,0.705,0.526,-0.035,0.248,0.736,-0.288,-0.084,0.765,0.663,0.702,0.652,0.887,0.258,0.079,0.188,0.637,0.558,0.802,0.139,0.491,-0.362,0.691,0.699,0.723,0.531,0.223,0.283,0.705,0.538,0.054,-0.061,0.572,0.525,0.719,-0.036,0.389,0.809,0.71,0.701,-0.225,0.037,0.586,0.621,-0.002,0.755,-0.047,0.4,0.363,0.129,-0.145,-0.087,0.252,0.227,0.466,-0.006,0.375,0.722,0.646,0.414,-0.116,-0.012,0.866,0.577,0.573,0.218,0.796,0.775,0.563,-0.051,0.842,0.549,0.781,0.936,0.637,0.81,0.698,0.623,0.205,0.935,0.445,0.816,0.868,0.894,0.535,0.809,0.791,-0.039,0.861,0.334,-0.04,0.518,0.539,0.839,0.311,0.328,0.829,0.284,0.644,0.114,0.429,0.748,0.51,0.796,0.114,0.488,0.763,0.851,0.391,0.192,0.731,0.476,0.56,0.666,0.753,0.496,0.895,0.204,0.503,0.184,0.721,-0.057,0.408,-0.279,0.489,0.747,0.764,0.861,0.597,0.529,0.005,0.728,0.606,0.416,0.193,0.805,0.199,0.742,0.143,0.305,0.085,0.569,0.914,0.603,0.591,-0.265,0.31,0.439,0.755,0.533,0.302,0.402,0.86,0.14,0.582,-0.022,0.228,0.288,0.198,0.551,0.733,0.627,0.554,0.498,0.256,0.568
CGBD,0.559,-0.543,0.051,-0.351,-0.373,0.319,-0.51,0.397,-0.114,0.648,0.752,0.133,-0.508,-0.52,0.665,-0.019,-0.509,0.801,0.456,-0.161,-0.193,0.554,-0.26,0.223,0.209,-0.191,-0.322,0.793,-0.07,0.258,0.0,0.121,-0.298,0.568,0.601,0.387,0.158,0.779,0.144,0.245,0.559,0.5,0.465,0.439,-0.24,-0.391,0.039,0.707,-0.565,-0.628,-0.09,0.186,0.267,0.8,0.138,0.539,-0.178,0.235,0.015,-0.07,0.39,-0.194,-0.006,-0.098,0.609,-0.044,-0.369,0.686,0.433,0.669,0.421,0.432,-0.319,-0.332,-0.045,-0.561,-0.489,0.053,0.417,-0.017,0.758,0.666,0.541,-0.012,0.679,0.77,0.537,0.538,0.376,0.736,0.815,0.281,-0.384,-0.257,0.659,-0.579,0.042,-0.438,0.724,-0.547,-0.149,0.314,-0.275,0.659,-0.003,0.33,-0.299,0.051,0.658,0.108,0.542,0.49,0.584,0.133,0.294,0.329,-0.112,0.257,0.602,0.179,0.155,0.581,-0.12,0.814,0.5,-0.493,-0.484,0.274,0.817,0.537,0.187,0.321,0.506,0.485,-0.308,0.142,-0.19,-0.066,0.751,-0.394,-0.016,-0.141,0.141,0.829,0.649,0.71,-0.423,0.331,0.487,-0.505,0.057,0.754,-0.566,0.462,-0.173,0.553,-0.051,0.35,-0.393,-0.073,-0.03,-0.121,0.739,0.802,0.602,0.196,0.291,-0.538,0.607,0.223,-0.385,0.073,0.603,0.302,0.734,-0.18,0.39,0.37,0.258,0.653,0.758,-0.452,-0.225,-0.526,-0.145,0.622,0.053,-0.51,-0.376,0.762,0.4,-0.573,-0.691,0.123,0.433,-0.432,0.119,-0.55,-0.699,-0.367
