,ACET,ADAP,ADI,ADPT,ADTN,AGEN,ALGN,ALLK,AMD,AMWD,ARDX,ARQT,ASTE,AUPH,AVXL,AZTA,BAND,BECN,BFC,BGC,BHF,BHFAL,BKNG,BL,BOKF,BRKR,CACC,CAR,CDNA,CG,CGBD,CHI,CHTR,CHX,CLNE,CME,CNOB,CNXN,CPRX,CSGP,CSGS,CSIQ,CVCO,CVLT,CYRX,DDOG,DOOO,DSGX,DTIL,ECPG,EEFT,EFSC,ENTG,ESPR,ETSY,EXC,FAMI,FFIV,FITB,FIZZ,FMBH,FOX,FTNT,FULT,GABC,GEN,GH,GMAB,GNPX,GO,GOGL,GOOG,GPRO,GSHD,GSM,GWAV,HAIN,HBAN,HEPA,HURN,HWKN,IBIO,ICFI,IGMS,IMKTA,INCY,INO,IRDM,IRTC,IRWD,ITCI,JACK,JD,JJSF,KALA,KHC,KLAC,KRRO,KRYS,LANC,LBTYA,LIVN,LKCO,LNTH,LOGI,LPRO,LRCX,LSCC,LSTR,MAR,MARA,MCHP,MEOH,META,MGTX,MKSI,MMYT,MORN,MRUS,MTLS,MTSI,MVIS,MXL,NBIX,NFE,NMIH,NMRK,NNDM,NSIT,NTCT,NVAX,OCUL,ODP,OLED,ONB,OTEX,PACB,PATK,PAYX,PEP,PERI,PI,PLYA,PRDO,PRGS,PTGX,QCOM,QCRH,QDEL,QFIN,RGEN,RILY,RPAY,RPD,SABR,SEDG,SHEN,SIRI,SLNO,SNDL,SNEX,SONO,SPT,SSNC,STGW,STKL,STRL,STX,SWTX,SYNA,TFSL,TIGR,TNXP,TOWN,TRI,TRIP,TRMB,TRNS,TRS,TSCO,TSEM,TVTX,TXRH,VC,VCEL,VECO,VIAV,VICR,VIR,VRTX,VSTM,VTRS,WDFC,WSBC,WSC,WYNN,XENE,XNCR,XRAY,ZS
ACET,0.0,0.486,0.021,0.201,0.64,0.101,0.301,-0.632,0.374,0.338,-0.354,0.817,0.392,0.574,-0.246,0.439,0.209,0.725,0.579,0.394,0.432,0.453,0.753,0.113,0.165,0.203,0.054,-0.524,0.411,0.382,0.438,0.311,0.504,-0.002,0.18,0.333,0.263,-0.237,0.255,0.162,0.539,0.073,0.316,0.473,-0.278,0.03,0.769,0.445,-0.379,0.783,0.384,0.16,-0.092,-0.033,-0.177,0.631,0.177,0.485,0.257,-0.151,0.38,0.433,0.165,0.432,0.082,0.598,0.331,0.472,0.545,-0.056,0.709,-0.059,0.03,-0.103,0.418,-0.407,0.692,0.295,0.109,0.689,0.685,-0.448,0.386,0.087,-0.011,0.426,-0.49,0.296,0.622,0.674,0.654,0.588,-0.589,0.733,-0.341,0.407,0.597,0.349,0.056,0.561,0.059,0.689,-0.57,0.55,0.506,0.365,0.57,0.223,0.297,0.617,-0.32,0.338,0.268,0.154,0.727,0.693,0.395,0.307,0.42,0.356,0.516,-0.264,0.386,0.447,0.636,0.332,0.724,-0.197,0.72,0.46,-0.445,0.684,0.647,0.761,0.362,0.17,-0.071,0.648,0.671,0.367,0.521,0.378,0.743,0.303,0.311,0.704,0.247,0.328,-0.28,0.432,-0.058,0.667,0.764,0.079,0.602,-0.316,-0.13,-0.112,-0.645,0.474,0.127,0.385,-0.135,0.625,0.127,0.881,0.094,0.703,-0.361,0.27,0.229,-0.336,-0.349,0.338,-0.018,0.743,0.174,0.44,0.77,0.23,0.671,0.658,0.665,0.491,0.6,0.844,0.717,0.529,-0.5,0.61,-0.453,0.524,0.24,0.371,0.545,0.615,0.763,0.762,0.621,0.067
ADAP,0.486,0.0,-0.11,0.757,0.564,0.848,0.583,-0.195,0.612,-0.313,0.123,0.397,-0.264,0.811,0.551,0.453,0.745,0.262,0.031,0.137,-0.217,0.686,0.297,0.674,-0.556,0.347,0.512,0.135,0.657,0.486,-0.216,0.522,0.725,-0.497,0.516,-0.032,-0.461,0.257,0.77,0.628,0.072,0.42,0.105,0.265,0.228,0.604,0.371,0.554,0.418,0.272,-0.355,-0.565,-0.118,0.557,0.535,-0.176,-0.403,0.235,-0.484,0.466,-0.302,-0.139,0.53,-0.268,-0.546,0.156,0.79,0.804,-0.071,0.421,0.003,0.478,0.042,0.463,0.669,0.014,0.114,-0.416,0.494,0.179,0.193,0.287,-0.394,0.445,0.219,0.498,0.363,0.616,0.587,0.382,0.648,-0.043,-0.277,0.377,0.157,-0.274,0.185,0.483,0.625,-0.065,0.047,0.351,0.111,0.666,0.589,0.849,0.326,0.426,-0.091,0.132,0.296,0.394,0.139,0.258,0.526,0.165,0.681,0.669,0.69,0.868,0.504,0.412,0.511,0.671,0.447,-0.359,0.228,0.32,-0.024,0.578,0.356,0.883,-0.08,0.137,-0.387,0.397,0.587,0.001,0.404,-0.375,0.638,0.636,0.118,-0.406,0.467,0.156,-0.099,-0.339,0.385,0.437,0.636,0.085,0.145,0.691,0.039,0.137,0.444,0.589,0.066,0.722,-0.504,0.59,0.525,0.139,0.608,0.693,-0.431,0.265,0.427,0.444,-0.529,0.128,0.298,-0.372,0.232,0.126,0.555,0.468,0.08,-0.194,0.12,0.757,0.019,-0.227,0.768,0.15,0.166,0.402,0.119,0.367,0.349,-0.135,0.54,-0.384,0.61,0.504,0.415,0.632,-0.009,0.647
ADI,0.021,-0.11,0.0,0.18,0.331,-0.011,0.549,0.054,0.41,0.646,0.343,0.007,0.178,0.099,0.322,0.693,0.208,0.337,-0.229,0.338,-0.049,0.052,-0.117,0.352,0.05,0.626,0.182,0.443,0.148,0.584,-0.016,0.517,-0.083,0.046,0.468,0.513,-0.201,0.584,0.07,0.446,0.188,0.535,0.868,0.285,0.638,0.355,0.166,0.357,0.319,0.09,0.285,0.055,0.877,0.393,0.345,0.127,-0.029,0.259,-0.128,0.128,-0.141,-0.327,0.261,-0.16,-0.006,-0.367,0.003,0.139,-0.062,0.032,-0.121,0.629,0.517,0.53,0.526,0.302,-0.104,-0.194,-0.183,-0.077,0.048,0.266,0.296,0.601,-0.118,-0.509,0.036,0.164,-0.226,-0.021,-0.093,-0.046,0.291,-0.342,0.415,-0.364,0.319,-0.65,0.455,-0.33,0.685,0.265,0.328,0.206,0.292,0.15,0.616,0.708,0.777,0.116,0.61,0.698,-0.343,0.516,0.198,0.254,0.518,0.325,0.065,0.034,0.572,0.439,0.699,0.261,0.252,-0.14,0.369,0.37,0.132,0.407,-0.185,0.04,0.058,0.354,-0.178,0.565,0.4,0.008,0.182,0.071,0.425,0.465,0.199,-0.065,0.567,0.069,0.777,-0.145,-0.339,0.423,0.217,0.2,0.332,0.364,-0.039,0.697,0.008,0.078,0.21,-0.215,0.203,0.515,0.437,-0.052,0.372,-0.013,0.551,-0.042,0.189,0.667,0.289,0.582,0.315,-0.083,0.746,0.001,0.566,0.402,0.175,0.8,0.223,-0.052,0.186,0.234,-0.004,0.154,0.222,0.477,0.012,-0.324,0.24,-0.252,-0.141,-0.137,0.383,0.341,-0.125,-0.185,0.111,0.284
ADPT,0.201,0.757,0.18,0.0,0.415,0.835,0.686,0.253,0.493,-0.304,0.555,-0.059,-0.53,0.574,0.799,0.486,0.934,-0.03,-0.419,-0.067,-0.638,0.631,-0.213,0.816,-0.803,0.583,0.626,0.518,0.588,0.423,-0.64,0.588,0.529,-0.694,0.49,-0.124,-0.822,0.589,0.578,0.805,-0.298,0.74,0.335,0.027,0.684,0.756,0.055,0.514,0.768,-0.153,-0.54,-0.786,0.135,0.843,0.805,-0.452,-0.637,0.046,-0.828,0.544,-0.719,-0.635,0.506,-0.717,-0.819,-0.395,0.868,0.686,-0.414,0.641,-0.472,0.708,-0.078,0.727,0.622,0.477,-0.231,-0.797,0.179,-0.163,-0.249,0.641,-0.598,0.663,0.076,0.096,0.688,0.558,0.16,-0.103,0.278,-0.479,0.226,-0.12,0.611,-0.684,-0.17,0.111,0.902,-0.537,0.1,0.058,0.489,0.395,0.454,0.73,0.209,0.549,0.11,-0.292,0.604,0.375,-0.421,0.276,0.286,-0.197,0.673,0.704,0.532,0.819,0.358,0.751,0.578,0.759,0.089,-0.752,-0.007,0.633,-0.366,0.491,0.655,0.675,-0.496,-0.132,-0.795,0.444,0.909,-0.41,0.084,-0.67,0.502,0.565,-0.257,-0.682,0.493,-0.318,-0.125,-0.764,0.597,0.418,0.9,-0.246,-0.117,0.866,-0.413,0.612,0.558,0.69,0.438,0.302,-0.711,0.644,0.773,-0.314,0.634,0.322,-0.479,-0.21,0.757,0.566,-0.681,0.561,0.673,-0.758,0.569,-0.33,0.743,0.316,-0.245,0.017,-0.269,0.42,-0.346,-0.579,0.408,-0.219,-0.171,0.339,0.56,-0.169,0.703,-0.634,0.344,-0.762,0.462,0.23,-0.055,0.161,-0.396,0.742
ADTN,0.64,0.564,0.331,0.415,0.0,0.465,0.781,-0.56,0.884,0.39,-0.291,0.735,0.202,0.867,0.245,0.799,0.479,0.778,0.39,0.691,0.135,0.765,0.55,0.533,-0.146,0.758,0.588,-0.175,0.588,0.789,0.166,0.755,0.819,-0.489,0.218,0.701,-0.139,0.341,0.738,0.702,0.483,0.257,0.617,0.788,0.221,0.626,0.84,0.908,0.095,0.63,0.039,-0.187,0.314,0.299,0.422,0.443,-0.297,0.855,-0.154,-0.081,-0.008,0.072,0.779,0.126,-0.238,0.359,0.521,0.819,-0.034,0.32,0.335,0.529,0.093,0.411,0.793,-0.195,0.5,-0.122,-0.076,0.61,0.655,-0.182,0.174,0.558,0.265,0.501,-0.203,0.662,0.648,0.676,0.836,0.384,-0.495,0.581,-0.239,0.003,0.751,0.119,0.416,0.269,0.484,0.836,-0.288,0.903,0.686,0.722,0.891,0.758,0.56,0.571,0.248,0.827,0.119,0.746,0.906,0.731,0.735,0.832,0.854,0.671,0.868,0.08,0.825,0.603,0.617,-0.008,0.828,-0.155,0.464,0.874,-0.202,0.594,0.259,0.644,-0.02,0.761,0.33,0.523,0.863,0.233,0.911,0.856,0.466,-0.083,0.854,0.507,0.435,0.05,-0.287,0.666,0.413,0.719,0.536,0.607,0.216,0.153,0.121,0.489,-0.409,0.445,-0.017,0.609,0.427,0.569,0.735,0.687,0.166,0.675,-0.121,0.813,-0.005,-0.012,-0.045,0.023,0.516,0.453,0.735,0.84,0.629,0.496,0.644,0.823,0.518,0.264,0.777,0.571,0.73,0.889,-0.249,0.549,-0.113,0.145,0.403,-0.027,0.878,0.637,0.738,0.767,0.544,0.65
AGEN,0.101,0.848,-0.011,0.835,0.465,0.0,0.638,0.138,0.627,-0.423,0.34,0.065,-0.487,0.68,0.804,0.395,0.84,0.022,-0.265,0.047,-0.526,0.667,-0.097,0.788,-0.76,0.492,0.653,0.414,0.588,0.436,-0.555,0.55,0.682,-0.691,0.474,-0.074,-0.724,0.585,0.825,0.782,-0.211,0.534,0.122,0.138,0.525,0.783,0.128,0.559,0.743,-0.105,-0.629,-0.783,0.047,0.742,0.806,-0.466,-0.653,0.182,-0.759,0.554,-0.614,-0.439,0.642,-0.589,-0.745,-0.159,0.828,0.752,-0.438,0.653,-0.402,0.682,-0.043,0.682,0.617,0.247,-0.188,-0.707,0.291,-0.051,-0.118,0.555,-0.642,0.598,0.321,0.381,0.672,0.627,0.329,0.098,0.432,-0.374,0.003,0.07,0.382,-0.545,-0.045,0.316,0.807,-0.353,0.099,0.11,0.411,0.528,0.447,0.808,0.221,0.52,-0.069,-0.197,0.563,0.413,-0.127,0.407,0.331,-0.118,0.624,0.749,0.69,0.872,0.39,0.652,0.513,0.664,0.152,-0.652,-0.007,0.441,-0.353,0.542,0.667,0.659,-0.489,-0.184,-0.698,0.512,0.78,-0.295,0.186,-0.577,0.543,0.622,-0.296,-0.595,0.518,-0.226,-0.168,-0.616,0.552,0.353,0.868,-0.17,-0.2,0.861,-0.383,0.444,0.561,0.831,0.374,0.47,-0.65,0.551,0.741,-0.129,0.727,0.32,-0.461,-0.054,0.669,0.529,-0.733,0.356,0.603,-0.649,0.438,-0.284,0.721,0.418,-0.236,-0.151,-0.172,0.602,-0.324,-0.518,0.59,-0.226,-0.099,0.355,0.483,0.067,0.66,-0.494,0.415,-0.689,0.533,0.221,0.109,0.349,-0.279,0.807
ALGN,0.301,0.583,0.549,0.686,0.781,0.638,0.0,-0.188,0.805,0.234,0.262,0.313,-0.121,0.795,0.665,0.886,0.78,0.487,-0.085,0.493,-0.268,0.716,0.138,0.872,-0.511,0.891,0.668,0.392,0.571,0.857,-0.205,0.935,0.632,-0.568,0.539,0.516,-0.574,0.665,0.697,0.916,0.073,0.695,0.737,0.549,0.702,0.886,0.452,0.874,0.557,0.251,-0.129,-0.528,0.58,0.638,0.758,-0.016,-0.514,0.529,-0.562,0.312,-0.427,-0.382,0.836,-0.351,-0.57,-0.164,0.61,0.844,-0.36,0.444,-0.144,0.877,0.192,0.745,0.912,0.258,-0.047,-0.564,0.023,0.142,0.199,0.348,-0.14,0.872,-0.033,0.08,0.275,0.708,0.343,0.28,0.56,-0.076,-0.003,0.055,0.289,-0.521,0.407,-0.115,0.752,-0.285,0.581,0.587,0.237,0.767,0.635,0.804,0.735,0.899,0.559,0.254,0.677,0.823,-0.21,0.708,0.646,0.329,0.877,0.866,0.743,0.755,0.819,0.54,0.91,0.617,0.526,-0.413,0.533,0.259,-0.004,0.813,0.163,0.545,-0.151,0.311,-0.467,0.885,0.709,0.033,0.572,-0.247,0.878,0.874,0.174,-0.486,0.899,0.142,0.338,-0.384,-0.048,0.72,0.725,0.314,0.303,0.865,-0.049,0.617,0.273,0.668,0.16,0.351,-0.289,0.733,0.8,0.097,0.89,0.419,-0.007,0.221,0.358,0.928,-0.257,0.485,0.347,-0.416,0.853,0.06,0.912,0.761,0.235,0.469,0.206,0.555,0.163,-0.081,0.625,0.114,0.305,0.753,0.075,0.109,0.38,-0.347,0.364,-0.473,0.764,0.594,0.297,0.356,0.095,0.871
ALLK,-0.632,-0.195,0.054,0.253,-0.56,0.138,-0.188,0.0,-0.374,-0.486,0.753,-0.841,-0.682,-0.503,0.367,-0.334,0.175,-0.815,-0.828,-0.692,-0.759,-0.297,-0.929,0.09,-0.462,-0.063,-0.032,0.623,-0.215,-0.445,-0.769,-0.299,-0.353,-0.132,-0.003,-0.601,-0.561,0.348,-0.25,0.053,-0.763,0.274,-0.148,-0.727,0.456,0.015,-0.798,-0.44,0.598,-0.861,-0.589,-0.419,0.059,0.434,0.315,-0.757,-0.275,-0.588,-0.554,0.447,-0.661,-0.683,-0.29,-0.773,-0.429,-0.777,0.105,-0.346,-0.431,0.396,-0.83,0.121,-0.212,0.203,-0.325,0.698,-0.698,-0.591,-0.241,-0.758,-0.889,0.634,-0.611,0.107,0.032,-0.514,0.733,-0.383,-0.72,-0.864,-0.731,-0.861,0.699,-0.808,0.741,-0.582,-0.831,-0.351,0.317,-0.757,-0.273,-0.827,0.694,-0.635,-0.449,-0.292,-0.57,-0.149,-0.188,-0.939,0.378,-0.355,-0.671,-0.261,-0.703,-0.859,-0.263,-0.165,-0.448,-0.145,-0.533,0.574,-0.234,0.037,-0.768,-0.676,-0.802,0.568,-0.761,-0.441,0.706,-0.28,-0.764,-0.753,-0.67,-0.287,0.368,-0.862,-0.863,-0.65,-0.518,-0.375,-0.833,-0.394,-0.368,-0.876,-0.355,-0.717,0.659,-0.368,0.346,-0.855,-0.737,0.126,-0.819,0.471,0.208,0.125,0.763,-0.565,-0.494,-0.181,0.215,-0.886,-0.198,-0.637,-0.351,-0.906,0.636,-0.19,-0.47,0.542,0.659,-0.672,0.134,-0.889,0.019,-0.528,-0.839,-0.196,-0.851,-0.565,-0.873,-0.694,-0.594,-0.749,-0.821,-0.504,0.834,-0.884,0.687,-0.775,-0.397,-0.648,-0.451,-0.693,-0.858,-0.755,-0.837,-0.019
AMD,0.374,0.612,0.41,0.493,0.884,0.627,0.805,-0.374,0.0,0.291,-0.145,0.549,0.128,0.842,0.504,0.794,0.534,0.63,0.167,0.65,0.015,0.702,0.357,0.61,-0.233,0.743,0.694,0.103,0.6,0.851,-0.003,0.767,0.742,-0.483,0.419,0.624,-0.302,0.585,0.849,0.787,0.369,0.352,0.576,0.69,0.397,0.736,0.671,0.857,0.363,0.444,-0.092,-0.302,0.415,0.483,0.611,0.157,-0.371,0.738,-0.304,0.097,-0.159,-0.087,0.811,-0.064,-0.287,0.166,0.541,0.78,-0.159,0.402,0.097,0.729,0.264,0.628,0.848,-0.042,0.303,-0.272,0.101,0.428,0.471,0.095,0.024,0.628,0.404,0.42,0.06,0.71,0.525,0.548,0.704,0.177,-0.347,0.388,-0.032,-0.196,0.642,0.026,0.588,0.057,0.601,0.662,0.043,0.868,0.693,0.81,0.821,0.852,0.475,0.405,0.512,0.903,0.155,0.844,0.753,0.564,0.82,0.896,0.839,0.693,0.878,0.349,0.858,0.619,0.547,-0.187,0.638,0.079,0.238,0.861,0.008,0.567,0.057,0.437,-0.215,0.845,0.512,0.311,0.713,0.037,0.892,0.931,0.261,-0.2,0.887,0.295,0.466,-0.111,-0.155,0.632,0.552,0.489,0.332,0.738,0.036,0.377,0.354,0.642,-0.128,0.469,-0.089,0.671,0.606,0.43,0.875,0.549,0.18,0.484,0.138,0.857,-0.121,0.167,0.253,-0.116,0.601,0.237,0.843,0.833,0.366,0.418,0.501,0.762,0.291,0.107,0.731,0.327,0.539,0.827,-0.043,0.384,0.173,-0.043,0.417,-0.206,0.854,0.606,0.519,0.626,0.364,0.748
AMWD,0.338,-0.313,0.646,-0.304,0.39,-0.423,0.234,-0.486,0.291,0.0,-0.325,0.456,0.764,0.098,-0.299,0.491,-0.276,0.692,0.385,0.663,0.584,-0.028,0.427,-0.146,0.607,0.324,-0.059,-0.212,-0.03,0.491,0.547,0.273,-0.049,0.348,0.123,0.792,0.458,0.117,-0.087,0.051,0.618,0.016,0.695,0.509,-0.017,-0.076,0.538,0.278,-0.371,0.541,0.756,0.574,0.554,-0.176,-0.214,0.686,0.428,0.475,0.496,-0.394,0.474,0.319,0.068,0.508,0.533,0.232,-0.31,-0.019,0.334,-0.393,0.491,0.101,0.459,0.018,0.266,-0.26,0.453,0.456,-0.21,0.495,0.538,-0.345,0.81,0.109,-0.119,-0.188,-0.608,0.058,0.062,0.389,0.144,0.536,-0.231,0.215,-0.249,0.319,0.69,-0.382,-0.121,0.341,0.592,0.569,-0.282,0.273,0.334,-0.046,0.663,0.357,0.773,0.611,0.017,0.558,0.191,0.423,0.377,0.701,0.242,0.123,0.047,-0.231,0.508,-0.204,0.418,0.036,0.501,0.47,0.714,-0.206,0.707,0.354,-0.716,-0.072,0.622,0.734,0.478,0.341,-0.227,0.617,0.513,0.645,0.364,0.283,0.635,0.496,0.417,0.54,0.795,0.494,-0.792,0.333,-0.356,0.66,0.708,-0.127,0.491,0.075,-0.222,-0.309,-0.418,-0.033,0.65,0.281,-0.144,0.547,0.107,0.212,0.834,0.484,-0.473,0.367,0.733,-0.076,-0.306,0.563,0.277,0.557,0.179,0.508,0.673,0.783,0.694,0.106,0.694,0.76,0.11,0.593,0.671,0.58,-0.539,0.21,-0.415,0.432,-0.163,0.516,0.401,0.462,0.318,0.165,0.675,-0.133
ARDX,-0.354,0.123,0.343,0.555,-0.291,0.34,0.262,0.753,-0.145,-0.325,0.0,-0.652,-0.653,-0.156,0.625,0.106,0.54,-0.522,-0.813,-0.487,-0.746,-0.038,-0.729,0.503,-0.623,0.23,0.085,0.81,0.082,-0.035,-0.682,0.167,-0.238,-0.173,0.487,-0.436,-0.722,0.491,-0.085,0.345,-0.677,0.738,0.19,-0.498,0.729,0.337,-0.603,-0.106,0.753,-0.624,-0.391,-0.566,0.352,0.656,0.513,-0.705,-0.337,-0.505,-0.689,0.675,-0.721,-0.747,-0.022,-0.831,-0.597,-0.826,0.317,0.031,-0.383,0.381,-0.745,0.466,0.031,0.473,0.139,0.769,-0.782,-0.736,0.011,-0.723,-0.76,0.822,-0.572,0.481,-0.328,-0.606,0.791,-0.05,-0.531,-0.691,-0.498,-0.78,0.779,-0.797,0.943,-0.797,-0.638,-0.311,0.617,-0.865,-0.054,-0.513,0.81,-0.321,-0.098,0.062,-0.262,0.19,0.02,-0.683,0.621,-0.059,-0.691,-0.11,-0.417,-0.686,0.194,0.058,-0.206,0.175,-0.144,0.78,0.141,0.204,-0.299,-0.714,-0.519,0.798,-0.685,-0.144,0.652,0.091,-0.661,-0.51,-0.769,0.075,0.654,-0.81,-0.58,-0.766,-0.112,-0.032,-0.52,-0.577,-0.016,-0.644,-0.186,-0.792,0.553,0.069,0.548,-0.678,-0.394,0.414,-0.555,0.721,0.197,0.251,0.853,-0.255,-0.532,0.241,0.529,-0.832,0.115,-0.32,-0.363,-0.782,0.797,0.157,-0.479,0.811,0.702,-0.765,0.475,-0.679,0.303,-0.233,-0.62,-0.017,-0.713,-0.366,-0.652,-0.597,-0.287,-0.597,-0.681,-0.242,0.677,-0.799,0.802,-0.817,-0.207,-0.745,-0.165,-0.206,-0.7,-0.617,-0.761,0.295
ARQT,0.817,0.397,0.007,-0.059,0.735,0.065,0.313,-0.841,0.549,0.456,-0.652,0.0,0.572,0.654,-0.318,0.483,-0.012,0.881,0.753,0.639,0.655,0.455,0.895,0.023,0.329,0.224,0.076,-0.654,0.405,0.547,0.645,0.368,0.588,0.041,0.116,0.613,0.43,-0.191,0.421,0.172,0.74,-0.165,0.294,0.711,-0.394,0.042,0.913,0.521,-0.469,0.884,0.455,0.3,-0.018,-0.187,-0.214,0.761,0.254,0.741,0.413,-0.241,0.537,0.625,0.327,0.642,0.258,0.794,0.173,0.506,0.523,-0.111,0.823,-0.011,0.147,-0.155,0.453,-0.614,0.813,0.455,0.126,0.849,0.91,-0.611,0.539,0.051,0.187,0.579,-0.645,0.346,0.765,0.906,0.782,0.779,-0.83,0.878,-0.618,0.572,0.845,0.359,-0.104,0.755,0.301,0.856,-0.669,0.722,0.572,0.403,0.705,0.28,0.36,0.842,-0.286,0.488,0.536,0.384,0.787,0.908,0.388,0.391,0.544,0.283,0.654,-0.389,0.414,0.311,0.758,0.524,0.875,-0.467,0.827,0.573,-0.596,0.534,0.739,0.858,0.54,0.345,-0.249,0.875,0.876,0.609,0.629,0.488,0.813,0.454,0.441,0.875,0.38,0.563,-0.553,0.393,-0.188,0.873,0.784,0.042,0.685,-0.412,-0.124,-0.067,-0.765,0.571,0.369,0.294,-0.182,0.874,0.26,0.836,0.303,0.934,-0.565,0.341,0.38,-0.521,-0.485,0.537,-0.023,0.862,0.174,0.649,0.879,0.296,0.885,0.756,0.819,0.677,0.718,0.884,0.924,0.652,-0.675,0.84,-0.591,0.715,0.306,0.528,0.672,0.672,0.911,0.905,0.879,0.099
ASTE,0.392,-0.264,0.178,-0.53,0.202,-0.487,-0.121,-0.682,0.128,0.764,-0.653,0.572,0.0,0.032,-0.546,0.157,-0.517,0.654,0.675,0.622,0.883,-0.155,0.671,-0.42,0.818,-0.12,-0.242,-0.512,-0.15,0.268,0.777,-0.005,-0.089,0.549,0.015,0.586,0.779,-0.252,-0.106,-0.305,0.716,-0.31,0.229,0.451,-0.477,-0.355,0.569,0.074,-0.66,0.625,0.82,0.76,0.123,-0.528,-0.524,0.73,0.608,0.358,0.787,-0.526,0.788,0.701,-0.117,0.808,0.77,0.594,-0.453,-0.17,0.58,-0.598,0.753,-0.28,0.452,-0.298,0.035,-0.593,0.642,0.788,0.085,0.695,0.669,-0.559,0.868,-0.292,-0.052,0.099,-0.771,0.07,0.215,0.588,0.22,0.753,-0.483,0.506,-0.57,0.655,0.689,-0.008,-0.425,0.682,0.363,0.519,-0.5,0.224,0.177,-0.136,0.426,0.009,0.339,0.747,-0.383,0.259,0.603,0.211,0.346,0.722,0.004,-0.134,-0.017,-0.309,0.31,-0.52,0.056,-0.191,0.537,0.76,0.611,-0.414,0.794,0.152,-0.793,-0.076,0.808,0.7,0.79,0.062,-0.538,0.776,0.51,0.75,0.171,0.092,0.735,0.713,0.126,0.711,0.573,0.804,-0.799,0.125,-0.638,0.673,0.71,-0.435,0.732,-0.35,-0.237,-0.479,-0.626,0.179,0.765,0.064,-0.454,0.776,-0.12,0.315,0.779,0.621,-0.679,-0.003,0.788,-0.462,-0.525,0.85,-0.187,0.75,-0.197,0.33,0.706,0.383,0.759,0.156,0.781,0.855,0.181,0.668,0.683,0.359,-0.734,0.512,-0.658,0.765,-0.039,0.814,0.209,0.477,0.498,0.342,0.797,-0.385
AUPH,0.574,0.811,0.099,0.574,0.867,0.68,0.795,-0.503,0.842,0.098,-0.156,0.654,0.032,0.0,0.412,0.715,0.636,0.611,0.306,0.571,0.007,0.831,0.521,0.692,-0.368,0.628,0.619,-0.024,0.68,0.757,0.041,0.743,0.859,-0.538,0.419,0.458,-0.298,0.317,0.849,0.731,0.295,0.375,0.404,0.676,0.237,0.722,0.688,0.854,0.235,0.544,-0.106,-0.414,0.14,0.386,0.524,0.174,-0.371,0.658,-0.324,0.181,-0.138,0.019,0.808,-0.033,-0.413,0.331,0.677,0.934,-0.128,0.353,0.22,0.569,0.082,0.448,0.813,-0.133,0.314,-0.274,0.221,0.482,0.501,0.013,-0.101,0.54,0.186,0.563,0.043,0.77,0.74,0.624,0.876,0.242,-0.447,0.556,-0.133,-0.131,0.577,0.349,0.503,0.151,0.332,0.732,-0.14,0.925,0.71,0.867,0.691,0.654,0.263,0.478,0.289,0.693,0.231,0.606,0.82,0.54,0.773,0.843,0.893,0.852,0.793,0.205,0.719,0.613,0.674,-0.146,0.636,-0.027,0.251,0.832,0.05,0.745,0.109,0.443,-0.183,0.715,0.446,0.327,0.769,-0.047,0.889,0.855,0.361,-0.268,0.787,0.419,0.169,-0.098,-0.026,0.639,0.541,0.502,0.394,0.708,0.213,0.137,0.236,0.61,-0.21,0.678,-0.265,0.652,0.531,0.455,0.795,0.741,-0.121,0.579,0.1,0.707,-0.275,0.019,0.041,-0.157,0.434,0.37,0.715,0.794,0.437,0.156,0.455,0.888,0.355,0.058,0.899,0.363,0.523,0.736,-0.156,0.568,0.081,0.037,0.564,-0.199,0.851,0.667,0.677,0.785,0.338,0.762
AVXL,-0.246,0.551,0.322,0.799,0.245,0.804,0.665,0.367,0.504,-0.299,0.625,-0.318,-0.546,0.412,0.0,0.425,0.798,-0.173,-0.587,-0.016,-0.693,0.439,-0.42,0.803,-0.759,0.554,0.685,0.811,0.383,0.459,-0.676,0.596,0.297,-0.612,0.526,-0.065,-0.866,0.781,0.587,0.77,-0.349,0.699,0.282,-0.009,0.849,0.833,-0.155,0.447,0.933,-0.334,-0.582,-0.774,0.369,0.841,0.933,-0.663,-0.703,-0.06,-0.855,0.551,-0.757,-0.742,0.573,-0.78,-0.721,-0.604,0.597,0.517,-0.642,0.564,-0.703,0.855,0.113,0.91,0.593,0.543,-0.531,-0.845,0.252,-0.418,-0.4,0.84,-0.636,0.699,0.087,-0.068,0.831,0.531,-0.047,-0.237,0.094,-0.617,0.444,-0.405,0.687,-0.857,-0.206,-0.14,0.871,-0.728,0.28,-0.094,0.771,0.306,0.314,0.68,0.143,0.623,0.037,-0.374,0.87,0.442,-0.359,0.384,0.078,-0.34,0.613,0.622,0.453,0.651,0.331,0.859,0.548,0.477,-0.002,-0.786,-0.181,0.687,-0.602,0.43,0.701,0.376,-0.672,-0.379,-0.861,0.558,0.929,-0.564,-0.048,-0.729,0.445,0.569,-0.447,-0.784,0.515,-0.488,-0.017,-0.776,0.502,0.372,0.903,-0.389,-0.362,0.863,-0.535,0.806,0.586,0.811,0.684,0.214,-0.588,0.544,0.92,-0.439,0.753,-0.054,-0.318,-0.396,0.874,0.589,-0.672,0.733,0.802,-0.77,0.669,-0.547,0.753,0.298,-0.484,0.021,-0.377,0.216,-0.503,-0.624,0.252,-0.514,-0.372,0.249,0.614,-0.336,0.882,-0.767,0.282,-0.834,0.325,0.152,-0.291,-0.109,-0.524,0.798
AZTA,0.439,0.453,0.693,0.486,0.799,0.395,0.886,-0.334,0.794,0.491,0.106,0.483,0.157,0.715,0.425,0.0,0.549,0.639,0.045,0.62,0.008,0.585,0.303,0.685,-0.2,0.854,0.515,0.222,0.537,0.909,0.078,0.868,0.511,-0.313,0.547,0.645,-0.304,0.521,0.563,0.764,0.343,0.624,0.847,0.63,0.554,0.674,0.59,0.798,0.317,0.44,0.167,-0.212,0.692,0.454,0.526,0.261,-0.225,0.629,-0.27,0.159,-0.146,-0.192,0.708,-0.083,-0.278,-0.006,0.422,0.713,-0.082,0.251,0.122,0.758,0.34,0.577,0.912,0.116,0.176,-0.285,-0.009,0.265,0.409,0.12,0.176,0.745,-0.007,0.024,-0.012,0.636,0.326,0.431,0.548,0.176,-0.119,0.153,0.151,-0.311,0.616,-0.198,0.591,-0.09,0.727,0.721,0.058,0.772,0.631,0.651,0.879,0.916,0.723,0.446,0.557,0.883,-0.106,0.729,0.722,0.562,0.844,0.749,0.616,0.571,0.926,0.376,0.955,0.532,0.621,-0.139,0.708,0.188,0.261,0.814,-0.163,0.52,0.17,0.598,-0.178,0.843,0.541,0.265,0.654,0.035,0.894,0.866,0.444,-0.216,0.893,0.398,0.627,-0.114,-0.298,0.702,0.463,0.525,0.539,0.671,0.178,0.508,0.14,0.4,-0.049,0.282,0.004,0.727,0.629,0.287,0.733,0.505,0.263,0.386,0.112,0.933,0.065,0.416,0.169,-0.132,0.794,0.307,0.806,0.765,0.451,0.647,0.471,0.536,0.43,0.235,0.578,0.392,0.526,0.815,-0.158,0.181,0.129,-0.105,0.29,-0.183,0.786,0.705,0.409,0.41,0.339,0.662
BAND,0.209,0.745,0.208,0.934,0.479,0.84,0.78,0.175,0.534,-0.276,0.54,-0.012,-0.517,0.636,0.798,0.549,0.0,0.047,-0.37,0.031,-0.624,0.663,-0.155,0.883,-0.83,0.651,0.629,0.519,0.53,0.47,-0.591,0.68,0.581,-0.705,0.493,-0.034,-0.827,0.585,0.617,0.835,-0.291,0.763,0.376,0.132,0.71,0.817,0.091,0.626,0.753,-0.103,-0.486,-0.812,0.228,0.779,0.818,-0.42,-0.691,0.121,-0.835,0.511,-0.69,-0.592,0.615,-0.683,-0.848,-0.366,0.814,0.749,-0.464,0.647,-0.447,0.738,-0.074,0.726,0.698,0.466,-0.28,-0.812,0.121,-0.152,-0.196,0.606,-0.577,0.74,-0.041,0.093,0.644,0.603,0.186,-0.049,0.36,-0.445,0.218,-0.118,0.557,-0.699,-0.082,0.114,0.87,-0.512,0.167,0.169,0.432,0.489,0.431,0.751,0.289,0.621,0.143,-0.184,0.613,0.429,-0.387,0.363,0.367,-0.134,0.713,0.734,0.586,0.844,0.439,0.702,0.625,0.688,0.184,-0.727,0.063,0.512,-0.365,0.532,0.59,0.617,-0.481,-0.099,-0.758,0.55,0.864,-0.372,0.166,-0.658,0.561,0.603,-0.207,-0.727,0.568,-0.238,-0.111,-0.724,0.493,0.481,0.901,-0.158,-0.051,0.883,-0.331,0.592,0.476,0.741,0.427,0.313,-0.688,0.624,0.814,-0.266,0.703,0.325,-0.457,-0.152,0.684,0.638,-0.655,0.557,0.597,-0.738,0.645,-0.277,0.777,0.38,-0.18,0.03,-0.256,0.433,-0.264,-0.532,0.459,-0.198,-0.128,0.375,0.44,-0.116,0.648,-0.619,0.381,-0.759,0.484,0.299,0.021,0.186,-0.351,0.815
BECN,0.725,0.262,0.337,-0.03,0.778,0.022,0.487,-0.815,0.63,0.692,-0.522,0.881,0.654,0.611,-0.173,0.639,0.047,0.0,0.691,0.778,0.647,0.452,0.814,0.119,0.383,0.409,0.151,-0.444,0.36,0.709,0.617,0.553,0.473,0.07,0.253,0.811,0.384,0.029,0.397,0.281,0.74,0.01,0.549,0.773,-0.151,0.178,0.919,0.646,-0.344,0.855,0.569,0.341,0.282,-0.087,-0.088,0.769,0.201,0.767,0.387,-0.263,0.492,0.514,0.416,0.587,0.305,0.611,0.106,0.487,0.408,-0.171,0.721,0.205,0.326,0.082,0.573,-0.504,0.696,0.402,0.065,0.799,0.876,-0.473,0.648,0.247,0.065,0.368,-0.613,0.412,0.621,0.835,0.676,0.741,-0.617,0.698,-0.461,0.428,0.911,0.1,0.029,0.611,0.53,0.889,-0.503,0.724,0.603,0.418,0.856,0.488,0.576,0.872,-0.068,0.689,0.426,0.554,0.792,0.928,0.531,0.45,0.553,0.252,0.768,-0.249,0.583,0.283,0.815,0.48,0.958,-0.353,0.816,0.65,-0.639,0.442,0.685,0.874,0.472,0.551,-0.125,0.843,0.908,0.621,0.719,0.598,0.825,0.399,0.608,0.815,0.593,0.522,-0.692,0.564,-0.121,0.9,0.835,0.132,0.652,-0.122,-0.114,-0.017,-0.641,0.465,0.464,0.44,-0.02,0.834,0.399,0.71,0.53,0.853,-0.482,0.532,0.507,-0.3,-0.37,0.53,0.255,0.801,0.34,0.771,0.904,0.577,0.892,0.646,0.837,0.72,0.632,0.828,0.916,0.766,-0.656,0.691,-0.479,0.596,0.229,0.488,0.721,0.758,0.794,0.736,0.876,0.189
BFC,0.579,0.031,-0.229,-0.419,0.39,-0.265,-0.085,-0.828,0.167,0.385,-0.813,0.753,0.675,0.306,-0.587,0.045,-0.37,0.691,0.0,0.53,0.795,0.207,0.866,-0.297,0.604,-0.133,-0.163,-0.784,0.094,0.144,0.769,-0.002,0.283,0.258,-0.174,0.455,0.735,-0.511,0.128,-0.264,0.648,-0.455,-0.053,0.605,-0.674,-0.225,0.713,0.25,-0.739,0.743,0.522,0.557,-0.245,-0.605,-0.487,0.793,0.349,0.535,0.701,-0.492,0.749,0.852,0.099,0.842,0.553,0.902,-0.136,0.148,0.491,-0.414,0.874,-0.381,0.121,-0.449,0.017,-0.797,0.734,0.738,0.081,0.809,0.834,-0.786,0.593,-0.303,0.1,0.576,-0.794,0.2,0.632,0.788,0.56,0.891,-0.682,0.85,-0.846,0.773,0.715,0.431,-0.493,0.887,-0.001,0.612,-0.81,0.403,0.2,0.01,0.392,-0.111,0.024,0.793,-0.613,0.14,0.661,0.148,0.532,0.762,0.001,-0.025,0.298,0.006,0.269,-0.744,-0.04,-0.164,0.546,0.77,0.655,-0.684,0.804,0.208,-0.679,0.143,0.734,0.646,0.771,0.056,-0.579,0.862,0.677,0.752,0.246,0.143,0.707,0.586,0.13,0.79,0.215,0.808,-0.563,0.205,-0.511,0.789,0.597,-0.342,0.739,-0.634,-0.389,-0.256,-0.851,0.372,0.504,0.036,-0.466,0.872,-0.075,0.52,0.364,0.844,-0.759,-0.068,0.516,-0.721,-0.774,0.774,-0.364,0.826,-0.217,0.338,0.815,0.121,0.774,0.449,0.785,0.694,0.429,0.747,0.751,0.288,-0.764,0.838,-0.792,0.845,0.239,0.753,0.308,0.408,0.811,0.691,0.821,-0.18
BGC,0.394,0.137,0.338,-0.067,0.691,0.047,0.493,-0.692,0.65,0.663,-0.487,0.639,0.622,0.571,-0.016,0.62,0.031,0.778,0.53,0.0,0.501,0.408,0.636,0.191,0.311,0.492,0.367,-0.203,0.204,0.696,0.515,0.549,0.418,-0.023,0.163,0.845,0.277,0.142,0.43,0.307,0.637,0.085,0.499,0.78,0.011,0.329,0.757,0.688,-0.211,0.668,0.473,0.254,0.401,-0.115,0.114,0.578,0.048,0.733,0.265,-0.394,0.374,0.373,0.581,0.468,0.254,0.442,-0.02,0.42,0.064,-0.128,0.488,0.289,0.319,0.214,0.556,-0.347,0.485,0.279,-0.024,0.641,0.706,-0.319,0.527,0.251,0.076,0.326,-0.477,0.548,0.458,0.672,0.631,0.6,-0.391,0.517,-0.438,0.219,0.852,-0.001,0.015,0.426,0.628,0.799,-0.344,0.724,0.445,0.39,0.777,0.556,0.508,0.772,0.095,0.675,0.45,0.691,0.747,0.791,0.496,0.473,0.563,0.268,0.723,-0.2,0.552,0.077,0.675,0.363,0.811,-0.348,0.553,0.622,-0.532,0.187,0.464,0.638,0.35,0.652,-0.025,0.659,0.805,0.498,0.706,0.642,0.617,0.19,0.679,0.628,0.57,0.446,-0.63,0.59,-0.025,0.79,0.615,0.181,0.498,0.025,-0.017,0.209,-0.482,0.334,0.429,0.427,0.181,0.746,0.547,0.434,0.543,0.681,-0.406,0.583,0.403,-0.119,-0.32,0.434,0.361,0.597,0.422,0.741,0.676,0.503,0.735,0.526,0.696,0.558,0.52,0.526,0.707,0.737,-0.549,0.558,-0.339,0.404,0.321,0.355,0.635,0.679,0.67,0.542,0.698,0.319
BHF,0.432,-0.217,-0.049,-0.638,0.135,-0.526,-0.268,-0.759,0.015,0.584,-0.746,0.655,0.883,0.007,-0.693,0.008,-0.624,0.647,0.795,0.501,0.0,-0.149,0.791,-0.54,0.875,-0.315,-0.422,-0.706,-0.044,0.133,0.913,-0.121,-0.086,0.633,-0.056,0.464,0.909,-0.505,-0.156,-0.472,0.747,-0.48,-0.012,0.407,-0.703,-0.504,0.568,-0.051,-0.805,0.695,0.812,0.839,-0.08,-0.678,-0.709,0.805,0.679,0.355,0.916,-0.481,0.906,0.891,-0.205,0.947,0.836,0.756,-0.448,-0.181,0.713,-0.608,0.89,-0.44,0.338,-0.518,-0.082,-0.759,0.688,0.926,0.169,0.698,0.774,-0.734,0.847,-0.439,-0.013,0.271,-0.865,-0.024,0.394,0.681,0.247,0.89,-0.59,0.646,-0.722,0.847,0.666,0.19,-0.596,0.853,0.219,0.488,-0.65,0.184,0.137,-0.181,0.3,-0.18,0.131,0.803,-0.564,0.081,0.714,0.031,0.296,0.728,-0.09,-0.271,-0.053,-0.344,0.199,-0.689,-0.115,-0.338,0.529,0.928,0.581,-0.55,0.831,0.041,-0.837,-0.035,0.884,0.698,0.925,-0.058,-0.698,0.862,0.505,0.837,0.079,-0.028,0.794,0.811,-0.03,0.802,0.391,0.943,-0.778,0.037,-0.764,0.702,0.666,-0.579,0.839,-0.57,-0.311,-0.561,-0.751,0.277,0.804,-0.067,-0.615,0.826,-0.265,0.384,0.613,0.73,-0.8,-0.178,0.817,-0.647,-0.715,0.944,-0.404,0.853,-0.407,0.215,0.753,0.218,0.778,0.162,0.81,0.869,0.193,0.732,0.712,0.174,-0.839,0.664,-0.812,0.937,0.06,0.942,0.124,0.437,0.57,0.441,0.855,-0.484
BHFAL,0.453,0.686,0.052,0.631,0.765,0.667,0.716,-0.297,0.702,-0.028,-0.038,0.455,-0.155,0.831,0.439,0.585,0.663,0.452,0.207,0.408,-0.149,0.0,0.309,0.622,-0.415,0.672,0.687,-0.028,0.696,0.589,-0.108,0.704,0.807,-0.684,0.232,0.342,-0.371,0.327,0.735,0.722,0.148,0.383,0.344,0.49,0.316,0.716,0.608,0.821,0.31,0.355,-0.283,-0.464,0.081,0.409,0.588,0.131,-0.566,0.643,-0.408,0.136,-0.264,-0.07,0.786,-0.156,-0.515,0.2,0.789,0.854,-0.26,0.503,0.065,0.559,-0.144,0.477,0.643,-0.096,0.242,-0.36,-0.004,0.401,0.337,0.027,-0.257,0.558,0.245,0.601,0.125,0.714,0.633,0.452,0.708,0.135,-0.228,0.436,-0.036,-0.184,0.373,0.326,0.538,0.094,0.201,0.499,-0.084,0.717,0.507,0.725,0.546,0.586,0.222,0.24,0.289,0.546,-0.047,0.571,0.679,0.34,0.652,0.804,0.867,0.799,0.605,0.215,0.603,0.576,0.366,-0.229,0.507,-0.036,0.123,0.693,0.207,0.667,-0.126,0.241,-0.307,0.667,0.5,0.23,0.604,-0.082,0.747,0.729,0.14,-0.336,0.682,0.163,-0.028,-0.206,0.114,0.653,0.638,0.383,0.14,0.679,-0.036,0.244,0.239,0.68,-0.19,0.421,-0.329,0.568,0.534,0.287,0.711,0.564,-0.168,0.378,0.169,0.666,-0.351,0.078,0.121,-0.264,0.488,0.127,0.699,0.639,0.311,0.24,0.264,0.755,0.126,-0.187,0.644,0.208,0.36,0.589,0.1,0.383,0.13,-0.115,0.514,-0.292,0.731,0.406,0.51,0.626,0.203,0.758
BKNG,0.753,0.297,-0.117,-0.213,0.55,-0.097,0.138,-0.929,0.357,0.427,-0.729,0.895,0.671,0.521,-0.42,0.303,-0.155,0.814,0.866,0.636,0.791,0.309,0.0,-0.105,0.482,-0.021,-0.043,-0.662,0.269,0.391,0.784,0.209,0.392,0.223,0.074,0.511,0.604,-0.427,0.262,-0.085,0.774,-0.264,0.1,0.674,-0.545,-0.08,0.812,0.389,-0.629,0.901,0.593,0.455,-0.167,-0.416,-0.373,0.772,0.352,0.559,0.593,-0.354,0.704,0.764,0.203,0.797,0.449,0.855,-0.024,0.362,0.553,-0.365,0.9,-0.188,0.249,-0.273,0.323,-0.735,0.753,0.637,0.304,0.789,0.917,-0.664,0.597,-0.148,0.024,0.564,-0.733,0.349,0.766,0.903,0.733,0.889,-0.746,0.889,-0.726,0.655,0.824,0.445,-0.303,0.811,0.19,0.795,-0.731,0.628,0.471,0.293,0.545,0.089,0.129,0.93,-0.455,0.311,0.73,0.19,0.71,0.872,0.296,0.149,0.416,0.187,0.508,-0.572,0.206,0.015,0.794,0.695,0.786,-0.51,0.816,0.422,-0.698,0.4,0.833,0.794,0.698,0.202,-0.387,0.874,0.82,0.641,0.488,0.354,0.882,0.465,0.305,0.922,0.317,0.736,-0.573,0.348,-0.369,0.836,0.778,-0.155,0.871,-0.542,-0.192,-0.174,-0.799,0.625,0.448,0.238,-0.284,0.909,0.119,0.764,0.296,0.943,-0.638,0.125,0.476,-0.596,-0.673,0.7,-0.227,0.949,-0.058,0.483,0.864,0.116,0.858,0.606,0.885,0.712,0.621,0.836,0.836,0.446,-0.844,0.914,-0.701,0.831,0.427,0.684,0.481,0.719,0.897,0.827,0.844,-0.035
BL,0.113,0.674,0.352,0.816,0.533,0.788,0.872,0.09,0.61,-0.146,0.503,0.023,-0.42,0.692,0.803,0.685,0.883,0.119,-0.297,0.191,-0.54,0.622,-0.105,0.0,-0.748,0.741,0.64,0.591,0.578,0.608,-0.445,0.763,0.538,-0.631,0.568,0.13,-0.766,0.625,0.658,0.854,-0.235,0.813,0.462,0.31,0.77,0.916,0.114,0.684,0.734,-0.035,-0.394,-0.749,0.429,0.696,0.848,-0.359,-0.641,0.239,-0.768,0.54,-0.646,-0.555,0.771,-0.604,-0.767,-0.326,0.709,0.798,-0.508,0.571,-0.394,0.829,0.063,0.729,0.786,0.438,-0.349,-0.766,0.124,-0.152,-0.114,0.571,-0.495,0.823,-0.077,0.037,0.583,0.686,0.234,0.032,0.408,-0.348,0.22,-0.14,0.48,-0.718,0.067,0.004,0.814,-0.512,0.312,0.287,0.429,0.583,0.445,0.758,0.409,0.747,0.232,-0.058,0.696,0.561,-0.326,0.495,0.428,-0.032,0.757,0.735,0.618,0.834,0.571,0.666,0.717,0.548,0.296,-0.612,0.159,0.444,-0.352,0.606,0.474,0.535,-0.419,-0.024,-0.682,0.716,0.846,-0.312,0.251,-0.558,0.682,0.716,-0.112,-0.687,0.711,-0.112,0.05,-0.605,0.324,0.576,0.857,-0.028,0.001,0.905,-0.249,0.656,0.325,0.76,0.421,0.295,-0.549,0.675,0.9,-0.204,0.791,0.261,-0.331,-0.071,0.61,0.747,-0.557,0.645,0.49,-0.667,0.749,-0.2,0.825,0.485,-0.093,0.132,-0.143,0.419,-0.151,-0.389,0.549,-0.183,-0.06,0.464,0.32,-0.074,0.607,-0.583,0.403,-0.703,0.539,0.388,0.08,0.171,-0.275,0.915
BOKF,0.165,-0.556,0.05,-0.803,-0.146,-0.76,-0.511,-0.462,-0.233,0.607,-0.623,0.329,0.818,-0.368,-0.759,-0.2,-0.83,0.383,0.604,0.311,0.875,-0.415,0.482,-0.748,0.0,-0.422,-0.524,-0.593,-0.311,-0.125,0.808,-0.378,-0.404,0.756,-0.23,0.346,0.937,-0.501,-0.445,-0.658,0.624,-0.559,-0.053,0.149,-0.654,-0.688,0.303,-0.31,-0.801,0.462,0.777,0.967,-0.02,-0.724,-0.774,0.71,0.721,0.151,0.959,-0.584,0.881,0.774,-0.445,0.87,0.958,0.544,-0.665,-0.536,0.655,-0.677,0.71,-0.56,0.312,-0.566,-0.368,-0.606,0.537,0.942,-0.042,0.457,0.519,-0.675,0.842,-0.562,0.012,0.016,-0.825,-0.309,0.027,0.375,-0.123,0.726,-0.329,0.352,-0.593,0.8,0.447,-0.069,-0.699,0.704,0.128,0.175,-0.531,-0.178,-0.162,-0.52,0.102,-0.316,0.127,0.518,-0.557,-0.084,0.508,-0.089,-0.01,0.494,-0.357,-0.51,-0.359,-0.648,-0.062,-0.684,-0.298,-0.5,0.177,0.881,0.337,-0.474,0.702,-0.229,-0.813,-0.335,0.756,0.486,0.894,-0.263,-0.761,0.682,0.179,0.849,-0.221,-0.286,0.569,0.851,-0.25,0.539,0.417,0.885,-0.728,-0.131,-0.87,0.493,0.444,-0.762,0.619,-0.486,-0.401,-0.696,-0.632,-0.116,0.874,-0.255,-0.714,0.589,-0.499,0.024,0.739,0.431,-0.764,-0.343,0.887,-0.53,-0.633,0.939,-0.442,0.597,-0.542,-0.051,0.545,0.287,0.591,-0.177,0.601,0.791,-0.21,0.554,0.48,-0.054,-0.663,0.326,-0.755,0.801,-0.215,0.932,-0.152,0.108,0.252,0.083,0.665,-0.697
BRKR,0.203,0.347,0.626,0.583,0.758,0.492,0.891,-0.063,0.743,0.324,0.23,0.224,-0.12,0.628,0.554,0.854,0.651,0.409,-0.133,0.492,-0.315,0.672,-0.021,0.741,-0.422,0.0,0.678,0.326,0.474,0.741,-0.242,0.839,0.57,-0.624,0.29,0.57,-0.533,0.677,0.579,0.874,0.059,0.627,0.794,0.523,0.726,0.81,0.431,0.836,0.506,0.141,-0.169,-0.445,0.671,0.555,0.736,0.075,-0.531,0.632,-0.526,0.114,-0.438,-0.431,0.81,-0.353,-0.526,-0.21,0.534,0.691,-0.432,0.506,-0.194,0.81,0.041,0.678,0.756,0.315,0.001,-0.541,-0.339,0.131,0.16,0.239,-0.092,0.809,0.084,0.05,0.198,0.602,0.172,0.177,0.433,-0.098,0.075,-0.026,0.251,-0.5,0.379,-0.252,0.681,-0.281,0.577,0.507,0.178,0.635,0.429,0.577,0.739,0.901,0.69,0.13,0.658,0.793,-0.406,0.799,0.593,0.307,0.704,0.823,0.663,0.608,0.734,0.465,0.874,0.567,0.263,-0.403,0.512,0.151,0.004,0.73,0.121,0.341,-0.218,0.287,-0.441,0.85,0.659,0.037,0.48,-0.123,0.778,0.787,0.051,-0.418,0.859,0.041,0.397,-0.374,-0.085,0.646,0.679,0.347,0.197,0.784,-0.228,0.649,0.179,0.629,0.09,0.003,-0.21,0.625,0.748,0.052,0.778,0.226,0.122,0.135,0.249,0.943,-0.177,0.522,0.331,-0.398,0.9,-0.056,0.909,0.689,0.215,0.645,0.189,0.444,0.111,-0.096,0.423,0.104,0.302,0.76,0.183,-0.034,0.307,-0.399,0.206,-0.444,0.687,0.357,0.224,0.235,0.099,0.793
CACC,0.054,0.512,0.182,0.626,0.588,0.653,0.668,-0.032,0.694,-0.059,0.085,0.076,-0.242,0.619,0.685,0.515,0.629,0.151,-0.163,0.367,-0.422,0.687,-0.043,0.64,-0.524,0.678,0.0,0.361,0.389,0.56,-0.352,0.631,0.6,-0.746,0.131,0.316,-0.581,0.553,0.673,0.748,-0.021,0.381,0.337,0.319,0.577,0.824,0.296,0.738,0.555,0.072,-0.474,-0.592,0.223,0.57,0.807,-0.194,-0.69,0.38,-0.599,0.034,-0.492,-0.445,0.781,-0.396,-0.557,-0.198,0.551,0.629,-0.57,0.462,-0.319,0.66,-0.057,0.723,0.588,0.215,-0.028,-0.56,0.006,0.041,0.009,0.326,-0.363,0.583,0.32,0.317,0.373,0.642,0.247,0.129,0.517,-0.2,0.027,0.054,0.163,-0.509,0.199,-0.004,0.601,-0.294,0.3,0.29,0.245,0.569,0.359,0.696,0.423,0.657,0.17,-0.014,0.558,0.573,-0.125,0.571,0.489,0.079,0.56,0.774,0.754,0.664,0.509,0.422,0.604,0.511,0.101,-0.504,0.224,0.21,-0.218,0.618,0.349,0.381,-0.373,-0.08,-0.521,0.633,0.679,-0.093,0.368,-0.314,0.65,0.702,-0.172,-0.598,0.656,-0.168,0.083,-0.445,0.207,0.567,0.758,0.091,-0.138,0.755,-0.342,0.476,0.435,0.831,0.121,0.245,-0.393,0.47,0.745,0.004,0.812,0.165,-0.158,0.058,0.422,0.673,-0.487,0.375,0.417,-0.44,0.578,-0.214,0.753,0.518,-0.067,0.156,0.039,0.532,-0.145,-0.374,0.413,-0.157,0.043,0.557,0.322,0.084,0.419,-0.413,0.382,-0.526,0.525,0.263,0.207,0.279,-0.109,0.808
CAR,-0.524,0.135,0.443,0.518,-0.175,0.414,0.392,0.623,0.103,-0.212,0.81,-0.654,-0.512,-0.024,0.811,0.222,0.519,-0.444,-0.784,-0.203,-0.706,-0.028,-0.662,0.591,-0.593,0.326,0.361,0.0,0.021,0.193,-0.66,0.292,-0.182,-0.253,0.475,-0.208,-0.753,0.657,0.128,0.453,-0.517,0.667,0.247,-0.272,0.84,0.546,-0.535,0.059,0.839,-0.568,-0.406,-0.575,0.468,0.679,0.707,-0.764,-0.449,-0.404,-0.714,0.548,-0.705,-0.805,0.21,-0.789,-0.522,-0.829,0.188,0.086,-0.598,0.31,-0.815,0.655,0.193,0.729,0.309,0.733,-0.8,-0.752,0.152,-0.726,-0.674,0.898,-0.535,0.531,-0.214,-0.553,0.816,0.16,-0.461,-0.587,-0.344,-0.757,0.739,-0.776,0.837,-0.898,-0.428,-0.45,0.65,-0.914,0.217,-0.371,0.891,-0.097,0.006,0.271,-0.112,0.398,0.024,-0.538,0.826,0.19,-0.459,0.119,-0.297,-0.562,0.344,0.216,-0.047,0.24,0.042,0.819,0.302,0.154,-0.19,-0.734,-0.441,0.766,-0.736,0.07,0.606,-0.007,-0.671,-0.526,-0.781,0.279,0.748,-0.78,-0.416,-0.759,0.086,0.211,-0.522,-0.707,0.216,-0.62,0.005,-0.743,0.443,0.144,0.628,-0.61,-0.432,0.555,-0.539,0.821,0.388,0.474,0.876,-0.119,-0.46,0.317,0.736,-0.701,0.405,-0.402,-0.204,-0.684,0.838,0.325,-0.475,0.872,0.744,-0.715,0.575,-0.668,0.464,-0.021,-0.666,-0.006,-0.597,-0.282,-0.586,-0.574,-0.16,-0.689,-0.637,-0.059,0.593,-0.679,0.876,-0.83,-0.003,-0.763,-0.054,-0.041,-0.64,-0.571,-0.717,0.471
CDNA,0.411,0.657,0.148,0.588,0.588,0.588,0.571,-0.215,0.6,-0.03,0.082,0.405,-0.15,0.68,0.383,0.537,0.53,0.36,0.094,0.204,-0.044,0.696,0.269,0.578,-0.311,0.474,0.389,0.021,0.0,0.52,-0.007,0.532,0.549,-0.42,0.437,0.16,-0.306,0.293,0.554,0.56,0.135,0.454,0.288,0.42,0.293,0.552,0.422,0.509,0.308,0.336,-0.131,-0.351,0.139,0.402,0.404,0.092,-0.3,0.503,-0.304,0.4,-0.223,-0.045,0.568,-0.146,-0.411,0.114,0.766,0.726,-0.006,0.516,0.08,0.524,-0.031,0.322,0.603,-0.054,0.13,-0.274,0.168,0.248,0.311,0.091,-0.235,0.481,0.189,0.456,0.168,0.592,0.668,0.399,0.47,0.153,-0.155,0.329,0.106,-0.134,0.251,0.29,0.524,0.053,0.21,0.368,0.06,0.553,0.616,0.661,0.402,0.504,0.198,0.178,0.299,0.45,-0.056,0.364,0.494,0.251,0.64,0.594,0.611,0.667,0.528,0.305,0.526,0.518,0.349,-0.086,0.389,0.201,0.097,0.569,0.201,0.7,-0.013,0.304,-0.253,0.568,0.502,0.157,0.408,-0.087,0.601,0.607,0.193,-0.117,0.587,0.193,0.034,-0.15,0.154,0.461,0.5,0.252,0.168,0.586,0.022,0.31,0.247,0.466,-0.105,0.428,-0.244,0.616,0.468,0.182,0.528,0.562,-0.231,0.322,0.227,0.525,-0.263,0.167,0.191,-0.231,0.35,0.193,0.537,0.416,0.255,0.179,0.232,0.586,0.087,-0.126,0.622,0.232,0.331,0.398,0.103,0.296,0.166,-0.049,0.544,-0.224,0.598,0.397,0.326,0.497,0.14,0.618
CG,0.382,0.486,0.584,0.423,0.789,0.436,0.857,-0.445,0.851,0.491,-0.035,0.547,0.268,0.757,0.459,0.909,0.47,0.709,0.144,0.696,0.133,0.589,0.391,0.608,-0.125,0.741,0.56,0.193,0.52,0.0,0.144,0.886,0.539,-0.261,0.573,0.725,-0.225,0.563,0.663,0.752,0.415,0.489,0.749,0.646,0.455,0.666,0.651,0.789,0.299,0.498,0.176,-0.167,0.609,0.449,0.511,0.244,-0.18,0.618,-0.198,0.144,-0.069,-0.083,0.711,0.003,-0.179,0.073,0.379,0.706,-0.065,0.185,0.159,0.766,0.423,0.617,0.899,-0.017,0.233,-0.196,0.185,0.371,0.474,0.134,0.23,0.662,0.075,0.124,-0.014,0.666,0.424,0.528,0.591,0.228,-0.243,0.253,0.061,-0.207,0.667,-0.139,0.553,0.005,0.791,0.735,0.093,0.818,0.724,0.757,0.855,0.86,0.626,0.529,0.57,0.912,0.126,0.738,0.687,0.601,0.843,0.783,0.682,0.551,0.927,0.365,0.901,0.52,0.71,-0.074,0.728,0.151,0.307,0.862,-0.157,0.538,0.202,0.568,-0.127,0.855,0.475,0.358,0.741,0.074,0.922,0.891,0.459,-0.138,0.88,0.418,0.597,-0.033,-0.368,0.679,0.418,0.532,0.514,0.649,0.23,0.455,0.266,0.429,-0.07,0.492,0.087,0.695,0.58,0.401,0.824,0.528,0.318,0.467,0.111,0.876,0.081,0.277,0.18,-0.037,0.706,0.348,0.772,0.883,0.452,0.583,0.543,0.623,0.437,0.282,0.66,0.361,0.567,0.862,-0.2,0.319,0.144,0.009,0.328,-0.111,0.84,0.766,0.442,0.492,0.433,0.643
CGBD,0.438,-0.216,-0.016,-0.64,0.166,-0.555,-0.205,-0.769,-0.003,0.547,-0.682,0.645,0.777,0.041,-0.676,0.078,-0.591,0.617,0.769,0.515,0.913,-0.108,0.784,-0.445,0.808,-0.242,-0.352,-0.66,-0.007,0.144,0.0,-0.059,-0.117,0.604,-0.085,0.468,0.851,-0.57,-0.2,-0.463,0.729,-0.399,0.005,0.443,-0.632,-0.435,0.549,0.01,-0.801,0.757,0.808,0.783,-0.013,-0.702,-0.672,0.824,0.628,0.39,0.87,-0.499,0.883,0.858,-0.109,0.93,0.756,0.708,-0.462,-0.117,0.668,-0.548,0.895,-0.427,0.263,-0.541,-0.032,-0.702,0.587,0.867,0.108,0.593,0.774,-0.768,0.779,-0.344,-0.131,0.234,-0.886,-0.014,0.413,0.681,0.291,0.898,-0.512,0.587,-0.711,0.771,0.679,0.141,-0.638,0.805,0.201,0.527,-0.676,0.202,0.09,-0.191,0.322,-0.125,0.14,0.814,-0.536,0.067,0.636,0.023,0.351,0.713,-0.068,-0.289,-0.036,-0.326,0.242,-0.73,-0.08,-0.429,0.528,0.938,0.605,-0.583,0.762,0.026,-0.891,-0.038,0.877,0.673,0.908,0.011,-0.672,0.843,0.507,0.819,0.136,-0.008,0.849,0.719,0.001,0.845,0.363,0.923,-0.795,0.17,-0.731,0.753,0.661,-0.574,0.86,-0.551,-0.445,-0.509,-0.775,0.209,0.806,-0.068,-0.538,0.764,-0.228,0.374,0.534,0.715,-0.822,-0.114,0.793,-0.53,-0.787,0.904,-0.326,0.855,-0.398,0.158,0.785,0.231,0.762,0.129,0.817,0.85,0.169,0.732,0.671,0.143,-0.884,0.621,-0.848,0.899,0.114,0.898,0.081,0.448,0.6,0.406,0.812,-0.392
