,ACET,ADAP,ADI,ADPT,ADTN,AGEN,ALGN,ALLK,AMD,AMWD,ARDX,ARQT,ASTE,AUPH,AVXL,AZTA,BAND,BECN,BFC,BGC,BHF,BHFAL,BKNG,BL,BOKF,BRKR,CACC,CAR,CDNA,CG,CGBD,CHI,CHTR,CHX,CLNE,CME,CNOB,CNXN,CPRX,CSGP,CSGS,CSIQ,CVCO,CVLT,CYRX,DDOG,DOOO,DSGX,DTIL,ECPG,EEFT,EFSC,ENTG,ESPR,ETSY,EXC,FAMI,FFIV,FITB,FIZZ,FMBH,FOX,FTNT,FULT,GABC,GEN,GH,GMAB,GNPX,GO,GOGL,GOOG,GPRO,GSHD,GSM,GWAV,HAIN,HBAN,HEPA,HURN,HWKN,IBIO,ICFI,IGMS,IMKTA,INCY,INO,IRDM,IRTC,IRWD,ITCI,JACK,JD,JJSF,KALA,KHC,KLAC,KRRO,KRYS,LANC,LBTYA,LIVN,LKCO,LNTH,LOGI,LPRO,LRCX,LSCC,LSTR,MAR,MARA,MCHP,MEOH,META,MGTX,MKSI,MMYT,MORN,MRUS,MTLS,MTSI,MVIS,MXL,NBIX,NFE,NMIH,NMRK,NNDM,NSIT,NTCT,NVAX,OCUL,ODP,OLED,ONB,OTEX,PACB,PATK,PAYX,PEP,PERI,PI,PLYA,PRDO,PRGS,PTGX,QCOM,QCRH,QDEL,QFIN,RGEN,RILY,RPAY,RPD,SABR,SEDG,SHEN,SIRI,SLNO,SNDL,SNEX,SONO,SPT,SSNC,STGW,STKL,STRL,STX,SWTX,SYNA,TFSL,TIGR,TNXP,TOWN,TRI,TRIP,TRMB,TRNS,TRS,TSCO,TSEM,TVTX,TXRH,VC,VCEL,VECO,VIAV,VICR,VIR,VRTX,VSTM,VTRS,WDFC,WSBC,WSC,WYNN,XENE,XNCR,XRAY,ZS
ACET,0.0,0.046,0.549,0.027,-0.62,-0.633,0.654,-0.206,0.476,-0.323,-0.785,-0.334,-0.055,0.512,0.355,0.882,-0.075,-0.132,-0.845,-0.423,-0.726,0.715,-0.525,-0.644,-0.784,0.625,-0.74,0.263,0.86,0.765,-0.791,0.529,0.184,-0.709,-0.242,-0.142,-0.142,-0.854,-0.886,0.078,0.099,-0.681,-0.015,-0.28,-0.107,0.344,-0.579,0.131,-0.425,0.316,0.015,-0.705,0.275,-0.761,-0.028,-0.621,0.473,0.276,-0.633,-0.84,-0.337,-0.633,0.549,-0.688,-0.747,0.731,0.313,-0.275,-0.844,0.781,0.272,0.143,0.373,-0.353,-0.874,0.678,-0.497,-0.613,-0.38,-0.679,-0.745,-0.43,-0.833,-0.349,0.096,-0.23,-0.489,-0.073,0.211,-0.194,0.86,-0.902,0.292,-0.902,0.52,-0.659,0.602,0.297,0.497,-0.661,0.491,-0.452,0.26,-0.598,0.56,0.28,0.55,0.708,-0.136,-0.376,0.006,0.161,-0.611,0.017,-0.039,0.707,-0.542,0.159,0.926,0.715,0.106,0.684,0.633,-0.529,-0.854,-0.704,-0.266,0.336,-0.519,0.714,0.83,-0.47,0.156,0.086,-0.598,0.502,-0.269,-0.565,-0.71,-0.731,-0.077,-0.358,0.05,0.602,-0.832,0.742,0.337,-0.695,0.69,-0.35,0.334,-0.085,0.891,0.6,-0.066,0.388,-0.485,0.611,0.206,-0.65,-0.787,0.929,-0.12,0.243,-0.686,-0.798,-0.779,0.312,0.807,0.548,-0.325,0.153,0.663,-0.541,-0.297,-0.616,-0.091,-0.791,-0.543,-0.811,0.502,-0.266,-0.552,0.225,0.409,-0.497,-0.215,-0.404,0.824,-0.42,-0.523,-0.477,-0.878,-0.743,-0.396,0.428,-0.125,-0.136,0.428,-0.226
ADAP,0.046,0.0,0.41,0.85,-0.172,0.45,0.301,0.444,0.389,0.205,0.338,0.657,0.323,0.226,0.659,-0.003,0.019,-0.148,-0.164,0.711,0.499,-0.046,0.365,0.282,0.377,-0.46,0.127,0.462,0.232,-0.169,0.371,0.269,0.563,0.078,0.681,0.293,0.403,0.105,0.277,0.621,-0.766,0.239,0.581,0.547,0.602,0.611,0.33,0.694,0.471,-0.741,0.382,0.315,0.002,0.125,0.582,0.212,0.401,0.471,0.462,0.097,0.217,0.405,-0.432,0.304,0.271,-0.166,0.5,0.554,0.169,-0.005,0.263,0.49,0.421,0.384,0.235,0.013,0.117,0.468,0.688,-0.091,0.435,0.494,0.335,0.648,-0.034,0.36,0.657,0.632,-0.127,0.673,0.231,0.262,-0.069,0.218,0.337,0.462,0.023,0.3,0.64,0.09,0.204,0.131,0.467,0.439,0.327,0.545,0.182,0.2,0.353,0.247,0.631,0.333,0.073,0.642,0.847,0.196,0.603,0.455,0.209,0.078,0.568,0.406,0.169,0.596,0.312,0.527,0.348,0.271,-0.19,-0.443,-0.186,0.682,0.522,0.516,0.249,0.059,0.673,0.303,0.367,0.013,0.59,0.724,0.619,-0.542,0.164,0.448,0.246,0.079,-0.445,0.185,0.54,0.538,-0.16,0.176,0.74,-0.094,0.569,0.201,0.466,0.508,0.475,-0.073,0.82,0.309,-0.303,0.338,0.129,0.348,0.316,0.138,0.473,0.241,-0.278,0.226,0.611,0.602,0.338,0.453,-0.029,0.079,0.414,0.779,0.513,0.172,-0.368,0.353,0.389,0.318,0.23,0.55,0.545,0.555,0.191,0.278,0.779,0.497,0.77,0.475,0.441,0.631
ADI,0.549,0.41,0.0,0.587,-0.188,0.022,0.926,-0.377,0.904,0.51,-0.451,-0.03,0.712,0.806,0.844,0.752,0.507,0.284,-0.428,0.092,-0.159,0.706,0.335,-0.185,-0.04,0.525,-0.23,0.63,0.779,0.673,-0.301,0.892,0.845,-0.669,0.177,0.335,0.677,-0.512,-0.433,0.786,-0.005,-0.621,0.61,0.538,0.61,0.684,0.226,0.564,0.353,0.075,0.742,0.082,0.612,-0.73,0.691,0.131,0.81,0.832,0.183,-0.4,0.485,0.202,0.529,0.098,0.046,0.622,0.631,0.345,-0.284,0.553,0.496,0.851,0.894,0.525,-0.382,0.661,0.102,0.21,0.153,-0.576,-0.162,-0.229,-0.33,0.409,0.179,0.482,0.229,0.464,0.428,0.366,0.728,-0.391,-0.205,-0.443,0.717,-0.28,0.781,0.131,0.581,-0.63,0.938,-0.04,0.789,-0.139,0.964,0.82,0.905,0.929,0.564,0.387,0.728,0.834,-0.659,0.725,0.633,0.933,-0.077,0.832,0.662,0.872,0.728,0.799,0.828,-0.202,-0.433,-0.124,0.43,0.876,-0.12,0.489,0.565,0.016,0.756,0.733,0.237,0.82,0.41,0.306,-0.02,-0.125,0.547,0.212,0.756,0.276,-0.217,0.878,0.876,0.064,0.496,-0.21,0.806,0.696,0.519,0.912,0.604,0.612,0.159,0.913,0.798,-0.062,-0.245,0.573,0.333,0.872,-0.378,-0.121,-0.452,0.899,0.557,0.914,0.534,0.236,0.666,0.287,0.4,-0.038,0.693,-0.157,0.111,-0.237,0.84,0.036,0.201,0.75,0.44,0.016,0.547,0.328,0.785,0.185,-0.015,0.31,-0.257,0.032,0.266,0.883,-0.038,0.502,0.903,0.495
ADPT,0.027,0.85,0.587,0.0,-0.049,0.429,0.521,0.135,0.582,0.476,0.271,0.561,0.619,0.454,0.844,0.079,0.246,-0.008,-0.194,0.685,0.519,0.139,0.614,0.346,0.495,-0.241,0.217,0.653,0.352,-0.063,0.374,0.538,0.771,-0.049,0.75,0.453,0.664,0.058,0.248,0.862,-0.604,0.111,0.763,0.75,0.84,0.805,0.558,0.761,0.565,-0.613,0.671,0.474,0.191,-0.062,0.856,0.383,0.61,0.626,0.657,0.131,0.501,0.628,-0.197,0.487,0.442,-0.078,0.672,0.706,0.202,0.064,0.516,0.757,0.675,0.637,0.254,0.177,0.209,0.67,0.771,-0.196,0.469,0.386,0.308,0.841,-0.05,0.577,0.753,0.666,0.095,0.71,0.349,0.255,-0.284,0.177,0.558,0.443,0.151,0.189,0.552,-0.023,0.47,0.185,0.654,0.519,0.559,0.783,0.372,0.397,0.626,0.531,0.879,0.526,-0.04,0.886,0.872,0.354,0.54,0.746,0.232,0.31,0.616,0.54,0.289,0.541,0.306,0.502,0.607,0.595,-0.144,-0.274,-0.156,0.734,0.699,0.734,0.492,0.26,0.877,0.527,0.452,0.113,0.779,0.683,0.837,-0.516,0.217,0.554,0.48,0.3,-0.281,0.123,0.784,0.767,-0.167,0.407,0.871,0.18,0.643,0.462,0.676,0.555,0.455,-0.016,0.868,0.627,-0.285,0.399,0.068,0.609,0.297,0.35,0.72,0.26,-0.099,0.482,0.744,0.651,0.611,0.47,0.138,0.165,0.588,0.741,0.697,0.465,-0.257,0.323,0.56,0.481,0.369,0.657,0.584,0.752,0.246,0.427,0.839,0.676,0.64,0.64,0.686,0.873
ADTN,-0.62,-0.172,-0.188,-0.049,0.0,0.543,-0.299,0.067,-0.185,0.389,0.414,0.024,0.183,-0.048,-0.185,-0.44,0.35,0.462,0.617,0.174,0.373,-0.444,0.476,0.444,0.544,-0.073,0.551,-0.126,-0.439,-0.3,0.461,-0.126,-0.056,0.463,0.109,0.119,0.289,0.577,0.541,0.043,0.389,0.36,0.036,0.307,0.122,-0.177,0.575,-0.093,0.346,0.204,0.153,0.579,0.114,0.407,0.049,0.5,-0.33,-0.024,0.486,0.549,0.427,0.455,0.028,0.528,0.562,-0.353,-0.073,0.237,0.539,-0.519,-0.123,0.068,-0.13,0.419,0.549,-0.252,0.573,0.453,0.129,0.565,0.426,0.214,0.499,0.184,0.136,0.373,0.348,0.133,0.044,0.135,-0.59,0.56,-0.284,0.51,-0.309,0.388,-0.162,-0.337,-0.329,0.238,-0.15,0.622,-0.203,0.524,-0.245,-0.049,-0.19,-0.24,0.261,0.452,0.069,0.165,0.344,0.017,-0.006,-0.308,0.225,-0.014,-0.614,-0.292,0.12,-0.419,-0.184,0.208,0.507,0.403,0.332,-0.082,0.647,-0.176,-0.433,0.249,-0.016,0.116,0.56,-0.091,0.138,0.559,0.561,0.694,0.167,0.153,0.051,-0.115,0.623,-0.453,0.006,0.608,-0.158,0.101,-0.171,0.144,-0.512,-0.121,0.017,-0.073,0.315,-0.276,-0.052,0.34,0.468,-0.561,0.023,0.031,0.756,0.557,0.52,0.014,-0.62,-0.12,0.292,-0.203,-0.186,0.453,0.228,0.309,0.288,0.51,0.671,0.668,-0.33,0.034,0.379,0.079,0.065,0.416,0.363,0.377,-0.485,0.286,0.297,0.348,0.64,0.544,0.206,-0.204,-0.118,0.295,-0.115,0.223
AGEN,-0.633,0.45,0.022,0.429,0.543,0.0,-0.178,0.379,-0.022,0.527,0.666,0.363,0.342,-0.019,0.229,-0.442,0.317,0.281,0.593,0.606,0.696,-0.564,0.684,0.625,0.763,-0.438,0.615,0.156,-0.335,-0.418,0.768,-0.087,0.242,0.541,0.48,0.258,0.46,0.623,0.769,0.385,-0.267,0.497,0.31,0.565,0.48,0.117,0.758,0.272,0.745,-0.376,0.264,0.749,0.096,0.541,0.405,0.66,-0.169,0.176,0.749,0.682,0.454,0.71,-0.35,0.665,0.706,-0.461,0.25,0.628,0.767,-0.625,-0.059,0.309,0.089,0.67,0.758,-0.327,0.601,0.726,0.511,0.441,0.714,0.62,0.7,0.578,-0.024,0.473,0.85,0.548,0.067,0.463,-0.516,0.782,-0.186,0.72,-0.078,0.66,-0.157,-0.095,0.03,0.374,-0.061,0.635,0.03,0.656,-0.085,0.218,-0.06,-0.199,0.372,0.572,0.451,0.348,0.459,0.369,0.536,-0.207,0.636,0.186,-0.478,-0.308,0.517,-0.203,-0.122,0.551,0.765,0.728,0.507,0.066,0.424,-0.619,-0.521,0.661,0.237,0.328,0.637,-0.103,0.567,0.73,0.768,0.71,0.517,0.669,0.391,-0.489,0.763,-0.166,0.103,0.617,-0.504,0.334,0.124,0.426,-0.613,-0.074,0.465,-0.199,0.611,-0.223,0.202,0.734,0.743,-0.687,0.467,0.122,0.558,0.864,0.644,0.145,-0.431,-0.085,0.562,0.092,-0.381,0.565,0.519,0.676,0.42,0.793,0.564,0.702,-0.112,0.499,0.706,0.124,-0.201,0.748,0.508,0.586,-0.365,0.573,0.766,0.67,0.793,0.693,0.672,0.127,0.34,0.579,0.031,0.556
ALGN,0.654,0.301,0.926,0.521,-0.299,-0.178,0.0,-0.455,0.911,0.434,-0.486,-0.087,0.622,0.802,0.803,0.81,0.459,0.243,-0.533,0.047,-0.236,0.799,0.236,-0.201,-0.156,0.586,-0.251,0.647,0.843,0.714,-0.405,0.857,0.778,-0.703,0.141,0.373,0.567,-0.565,-0.561,0.696,0.001,-0.65,0.548,0.421,0.562,0.719,0.086,0.539,0.237,0.101,0.673,-0.025,0.623,-0.792,0.644,0.038,0.87,0.791,0.073,-0.417,0.384,0.092,0.54,0.001,-0.063,0.636,0.67,0.275,-0.378,0.667,0.51,0.786,0.862,0.402,-0.482,0.677,-0.042,0.109,0.08,-0.636,-0.276,-0.231,-0.407,0.292,0.104,0.326,0.104,0.411,0.541,0.277,0.822,-0.476,-0.094,-0.515,0.758,-0.38,0.808,0.239,0.565,-0.603,0.91,-0.158,0.738,-0.172,0.953,0.773,0.893,0.922,0.535,0.337,0.62,0.734,-0.653,0.667,0.503,0.927,-0.128,0.787,0.758,0.89,0.598,0.876,0.858,-0.265,-0.523,-0.238,0.424,0.884,-0.148,0.582,0.64,-0.059,0.708,0.703,0.132,0.779,0.344,0.187,-0.149,-0.231,0.477,0.131,0.688,0.334,-0.299,0.891,0.869,-0.003,0.553,-0.205,0.813,0.604,0.601,0.886,0.511,0.645,0.071,0.894,0.724,-0.167,-0.35,0.68,0.268,0.813,-0.442,-0.25,-0.485,0.881,0.641,0.904,0.43,0.273,0.682,0.209,0.325,-0.114,0.618,-0.276,-0.002,-0.329,0.854,0.008,0.142,0.747,0.507,-0.068,0.428,0.288,0.825,0.092,-0.085,0.179,-0.365,-0.069,0.189,0.881,-0.072,0.402,0.889,0.405
ALLK,-0.206,0.444,-0.377,0.135,0.067,0.379,-0.455,0.0,-0.428,-0.352,0.502,0.462,-0.432,-0.439,-0.118,-0.466,-0.471,-0.218,0.057,0.353,0.337,-0.629,-0.136,0.271,0.15,-0.663,0.143,-0.219,-0.243,-0.557,0.411,-0.419,-0.278,0.587,0.409,-0.231,-0.286,0.392,0.481,-0.189,-0.527,0.631,-0.085,-0.111,-0.12,-0.098,0.046,0.107,-0.069,-0.525,-0.354,0.018,-0.415,0.688,-0.217,-0.136,-0.456,-0.235,0.067,0.177,-0.338,-0.042,-0.626,-0.03,-0.044,-0.49,-0.037,0.129,0.153,-0.362,-0.229,-0.318,-0.404,-0.211,0.364,-0.287,0.153,0.022,0.271,0.463,0.378,0.534,0.341,0.023,0.076,-0.091,0.297,0.057,-0.485,0.215,-0.303,0.374,0.147,0.332,-0.181,0.565,-0.484,0.144,0.215,0.347,-0.579,0.256,-0.428,0.378,-0.479,-0.181,-0.53,-0.443,-0.184,-0.228,-0.118,-0.357,0.542,-0.184,0.135,-0.501,0.39,-0.411,-0.217,-0.583,-0.075,-0.308,-0.4,0.565,0.459,0.426,-0.238,-0.548,-0.088,-0.646,-0.428,0.488,-0.178,-0.187,-0.146,-0.459,0.092,-0.122,0.246,0.065,-0.005,0.263,-0.12,-0.418,0.154,-0.272,-0.496,-0.211,-0.579,0.119,-0.259,-0.217,-0.404,-0.498,-0.015,-0.631,0.188,-0.564,-0.239,0.253,0.378,-0.389,0.381,-0.448,-0.015,0.243,0.355,-0.404,-0.127,-0.546,-0.249,-0.107,-0.641,-0.291,0.071,0.37,-0.358,0.345,-0.136,0.191,-0.463,0.511,0.051,-0.5,-0.565,0.22,-0.112,-0.174,-0.3,0.224,0.331,0.085,0.213,-0.014,0.257,-0.354,0.685,-0.052,-0.346,0.043
AMD,0.476,0.389,0.904,0.582,-0.185,-0.022,0.911,-0.428,0.0,0.544,-0.337,0.029,0.728,0.773,0.777,0.673,0.509,0.373,-0.327,0.168,-0.052,0.699,0.387,-0.039,0.03,0.447,-0.089,0.568,0.66,0.639,-0.282,0.741,0.815,-0.615,0.145,0.481,0.679,-0.4,-0.381,0.728,-0.086,-0.517,0.616,0.537,0.565,0.645,0.238,0.562,0.418,-0.009,0.711,0.146,0.71,-0.661,0.666,0.229,0.87,0.852,0.216,-0.244,0.502,0.222,0.381,0.184,0.122,0.534,0.556,0.33,-0.18,0.53,0.375,0.828,0.836,0.542,-0.315,0.594,0.113,0.259,0.126,-0.48,-0.09,-0.114,-0.193,0.368,0.2,0.384,0.238,0.539,0.511,0.406,0.653,-0.299,-0.138,-0.317,0.667,-0.318,0.809,0.277,0.552,-0.52,0.853,-0.028,0.763,-0.116,0.905,0.688,0.895,0.869,0.566,0.434,0.652,0.812,-0.588,0.703,0.607,0.868,-0.003,0.835,0.629,0.77,0.708,0.831,0.831,-0.202,-0.391,-0.045,0.485,0.866,0.043,0.439,0.533,0.027,0.721,0.79,0.287,0.76,0.413,0.328,0.029,-0.039,0.5,0.32,0.746,0.239,-0.101,0.793,0.923,0.182,0.415,-0.145,0.773,0.682,0.437,0.805,0.565,0.635,0.202,0.802,0.718,-0.057,-0.162,0.511,0.274,0.802,-0.288,-0.081,-0.306,0.882,0.513,0.886,0.547,0.274,0.616,0.366,0.481,-0.006,0.712,-0.079,0.176,-0.157,0.817,0.062,0.277,0.701,0.482,0.122,0.575,0.469,0.666,0.156,0.006,0.253,-0.176,0.128,0.316,0.845,-0.054,0.495,0.825,0.451
AMWD,-0.323,0.205,0.51,0.476,0.389,0.527,0.434,-0.352,0.544,0.0,0.262,0.196,0.822,0.351,0.519,0.048,0.629,0.611,0.393,0.453,0.458,0.147,0.864,0.443,0.673,0.088,0.56,0.403,0.038,0.046,0.321,0.418,0.706,-0.083,0.375,0.655,0.864,0.322,0.274,0.688,-0.001,-0.096,0.679,0.821,0.733,0.33,0.788,0.477,0.769,-0.121,0.788,0.787,0.502,-0.105,0.72,0.786,0.461,0.661,0.755,0.417,0.892,0.769,0.113,0.78,0.769,-0.023,0.387,0.523,0.528,-0.032,0.242,0.769,0.587,0.906,0.4,0.041,0.657,0.774,0.445,0.089,0.495,0.158,0.431,0.646,0.186,0.718,0.61,0.531,0.427,0.547,-0.055,0.415,-0.493,0.381,0.294,0.189,0.369,-0.089,0.152,-0.1,0.563,0.367,0.5,0.391,0.495,0.558,0.487,0.341,0.779,0.83,0.668,0.749,-0.162,0.68,0.578,0.334,0.333,0.738,-0.129,0.252,0.615,0.189,0.326,0.205,0.283,0.47,0.786,0.652,0.513,-0.029,-0.105,0.335,0.654,0.73,0.871,0.465,0.592,0.892,0.655,0.641,0.571,0.474,0.74,-0.102,0.602,0.197,0.704,0.819,-0.026,0.006,0.527,0.806,-0.189,0.407,0.556,0.344,0.604,0.379,0.663,0.447,0.402,-0.197,0.324,0.689,0.323,0.585,0.323,0.728,-0.12,0.518,0.864,0.017,0.194,0.872,0.708,0.483,0.838,0.523,0.742,0.6,0.436,0.233,0.696,0.597,0.311,0.474,0.838,0.803,0.054,0.592,0.442,0.7,0.586,0.771,0.579,0.522,-0.056,0.657,0.571,0.643
ARDX,-0.785,0.338,-0.451,0.271,0.414,0.666,-0.486,0.502,-0.337,0.262,0.0,0.658,-0.026,-0.46,-0.094,-0.8,-0.072,0.076,0.638,0.776,0.849,-0.716,0.502,0.831,0.78,-0.827,0.808,-0.071,-0.635,-0.805,0.783,-0.509,-0.031,0.744,0.54,0.359,0.161,0.886,0.854,0.068,-0.505,0.813,0.217,0.377,0.24,-0.08,0.558,0.272,0.492,-0.674,0.017,0.708,-0.27,0.83,0.172,0.517,-0.277,-0.069,0.657,0.843,0.268,0.58,-0.79,0.672,0.69,-0.776,-0.059,0.358,0.838,-0.588,-0.239,-0.023,-0.235,0.336,0.904,-0.633,0.445,0.648,0.616,0.697,0.839,0.734,0.921,0.438,-0.05,0.216,0.657,0.348,-0.207,0.478,-0.662,0.921,-0.146,0.929,-0.295,0.764,-0.542,0.11,-0.07,0.698,-0.519,0.411,-0.258,0.763,-0.479,-0.106,-0.515,-0.6,0.22,0.373,0.087,-0.117,0.678,0.141,0.274,-0.665,0.754,-0.072,-0.677,-0.734,0.037,-0.42,-0.521,0.8,0.899,0.881,0.373,-0.312,0.4,-0.825,-0.813,0.705,-0.036,0.133,0.543,-0.526,0.408,0.513,0.781,0.651,0.296,0.638,0.158,-0.728,0.826,-0.499,-0.273,0.583,-0.84,0.329,-0.1,0.202,-0.836,-0.572,0.268,-0.563,0.632,-0.621,-0.139,0.737,0.879,-0.784,0.475,-0.245,0.472,0.734,0.799,-0.239,-0.45,-0.535,0.361,-0.098,-0.802,0.472,0.472,0.819,0.086,0.88,0.391,0.785,-0.322,0.668,0.674,-0.29,-0.464,0.565,0.258,0.485,-0.675,0.614,0.749,0.52,0.855,0.71,0.663,-0.263,0.559,0.245,-0.286,0.353
ARQT,-0.334,0.657,-0.03,0.561,0.024,0.363,-0.087,0.462,0.029,0.196,0.658,0.0,0.091,-0.182,0.285,-0.453,-0.154,-0.054,0.205,0.829,0.688,-0.234,0.441,0.58,0.594,-0.737,0.466,0.008,-0.226,-0.565,0.442,-0.125,0.369,0.254,0.679,0.511,0.361,0.521,0.518,0.349,-0.729,0.498,0.56,0.513,0.363,0.225,0.387,0.556,0.449,-0.84,0.356,0.533,-0.338,0.402,0.38,0.22,0.212,0.353,0.547,0.353,0.343,0.47,-0.684,0.558,0.504,-0.421,0.013,0.28,0.427,-0.05,-0.063,0.271,0.127,0.309,0.542,-0.321,0.373,0.536,0.715,0.364,0.725,0.411,0.682,0.584,0.247,0.284,0.558,0.296,-0.438,0.731,-0.097,0.549,-0.378,0.543,0.012,0.492,-0.312,0.205,0.445,0.238,-0.21,0.012,0.14,0.481,-0.039,0.177,-0.185,-0.198,0.366,0.212,0.358,0.089,0.154,0.415,0.606,-0.269,0.657,0.287,-0.216,-0.355,0.184,-0.054,-0.271,0.799,0.501,0.81,0.359,0.008,0.053,-0.619,-0.509,0.657,0.239,0.424,0.45,-0.182,0.517,0.347,0.635,0.266,0.411,0.664,0.448,-0.673,0.456,-0.047,-0.002,0.369,-0.688,0.006,0.264,0.494,-0.522,-0.247,0.524,-0.473,0.618,-0.186,0.256,0.527,0.651,-0.329,0.705,0.122,-0.1,0.394,0.28,0.055,0.011,-0.212,0.427,-0.187,-0.573,0.39,0.695,0.771,0.138,0.703,0.164,0.449,0.075,0.73,0.56,-0.175,-0.47,0.233,0.425,0.426,-0.21,0.648,0.428,0.539,0.496,0.545,0.7,0.033,0.75,0.324,0.137,0.512
ASTE,-0.055,0.323,0.712,0.619,0.183,0.342,0.622,-0.432,0.728,0.822,-0.026,0.091,0.0,0.554,0.696,0.259,0.545,0.424,0.052,0.281,0.292,0.341,0.755,0.21,0.483,0.244,0.311,0.647,0.283,0.255,0.153,0.69,0.798,-0.296,0.351,0.514,0.852,-0.014,0.064,0.814,-0.043,-0.264,0.727,0.793,0.75,0.559,0.665,0.506,0.63,-0.073,0.832,0.572,0.565,-0.342,0.788,0.661,0.609,0.701,0.635,0.108,0.815,0.662,0.271,0.613,0.569,0.15,0.462,0.548,0.245,0.108,0.501,0.854,0.739,0.812,0.153,0.266,0.427,0.66,0.415,-0.208,0.314,-0.002,0.163,0.674,0.109,0.757,0.517,0.514,0.442,0.54,0.252,0.125,-0.493,0.088,0.458,0.107,0.459,-0.128,0.245,-0.288,0.782,0.266,0.698,0.226,0.699,0.691,0.629,0.575,0.773,0.774,0.809,0.751,-0.33,0.78,0.642,0.562,0.177,0.859,0.143,0.528,0.638,0.438,0.459,0.081,0.062,0.248,0.717,0.792,0.183,0.122,0.075,0.295,0.734,0.753,0.701,0.604,0.648,0.756,0.428,0.371,0.557,0.393,0.774,-0.078,0.281,0.443,0.767,0.587,0.131,-0.074,0.688,0.794,-0.017,0.603,0.625,0.628,0.532,0.653,0.76,0.317,0.2,0.048,0.368,0.83,0.031,0.372,0.108,0.806,0.064,0.643,0.827,0.116,0.373,0.722,0.647,0.345,0.864,0.302,0.548,0.3,0.623,0.194,0.575,0.719,0.25,0.242,0.731,0.62,0.322,0.484,0.294,0.657,0.286,0.557,0.503,0.673,-0.025,0.656,0.744,0.692
AUPH,0.512,0.226,0.806,0.454,-0.048,-0.019,0.802,-0.439,0.773,0.351,-0.46,-0.182,0.554,0.0,0.673,0.695,0.621,0.278,-0.378,-0.017,-0.261,0.659,0.253,-0.143,-0.141,0.629,-0.252,0.508,0.687,0.709,-0.329,0.774,0.637,-0.594,-0.06,0.25,0.515,-0.559,-0.448,0.612,0.234,-0.597,0.331,0.356,0.408,0.588,0.152,0.353,0.284,0.298,0.571,-0.021,0.597,-0.691,0.555,0.033,0.709,0.636,0.062,-0.317,0.348,0.112,0.62,-0.02,-0.038,0.663,0.562,0.329,-0.26,0.431,0.363,0.696,0.789,0.434,-0.388,0.604,0.02,0.088,-0.059,-0.547,-0.296,-0.213,-0.341,0.246,0.093,0.304,0.148,0.394,0.562,0.143,0.636,-0.396,-0.03,-0.444,0.656,-0.385,0.728,0.12,0.41,-0.557,0.781,-0.032,0.635,-0.15,0.832,0.631,0.82,0.829,0.325,0.33,0.556,0.739,-0.547,0.565,0.4,0.813,-0.167,0.659,0.596,0.832,0.595,0.756,0.741,-0.352,-0.429,-0.223,0.394,0.818,-0.044,0.58,0.587,-0.079,0.448,0.576,0.12,0.743,0.289,0.21,-0.104,-0.078,0.522,0.147,0.552,0.341,-0.189,0.783,0.757,0.036,0.603,-0.135,0.697,0.502,0.488,0.894,0.439,0.567,-0.056,0.789,0.585,-0.136,-0.272,0.536,0.148,0.726,-0.162,-0.162,-0.481,0.706,0.428,0.801,0.389,0.289,0.698,0.215,0.25,-0.203,0.577,-0.216,0.084,-0.272,0.682,-0.087,0.156,0.716,0.538,-0.007,0.339,0.299,0.677,0.0,-0.061,0.125,-0.271,-0.086,0.13,0.775,-0.177,0.508,0.697,0.349
AVXL,0.355,0.659,0.844,0.844,-0.185,0.229,0.803,-0.118,0.777,0.519,-0.094,0.285,0.696,0.673,0.0,0.484,0.341,0.082,-0.383,0.418,0.172,0.466,0.487,0.078,0.208,0.168,-0.014,0.753,0.7,0.333,-0.011,0.781,0.884,-0.422,0.548,0.457,0.711,-0.255,-0.14,0.91,-0.364,-0.299,0.784,0.673,0.799,0.871,0.384,0.74,0.515,-0.29,0.763,0.303,0.403,-0.46,0.871,0.248,0.776,0.774,0.426,-0.157,0.51,0.403,0.214,0.299,0.235,0.274,0.78,0.478,-0.03,0.371,0.571,0.87,0.865,0.595,-0.069,0.434,0.121,0.446,0.517,-0.467,0.148,0.102,-0.048,0.671,0.026,0.54,0.531,0.609,0.312,0.58,0.628,-0.11,-0.261,-0.156,0.746,0.061,0.5,0.227,0.669,-0.344,0.771,-0.001,0.705,0.215,0.824,0.887,0.685,0.731,0.636,0.477,0.874,0.694,-0.41,0.859,0.788,0.685,0.213,0.859,0.553,0.664,0.703,0.719,0.585,0.222,-0.092,0.159,0.612,0.805,-0.222,0.117,0.262,0.378,0.771,0.812,0.377,0.564,0.69,0.416,0.212,-0.039,0.71,0.461,0.848,-0.12,-0.017,0.819,0.72,0.17,0.119,-0.08,0.917,0.785,0.226,0.732,0.805,0.445,0.432,0.743,0.788,0.276,0.06,0.367,0.664,0.801,-0.38,0.102,-0.212,0.791,0.541,0.675,0.664,0.25,0.319,0.407,0.588,0.359,0.649,0.138,0.085,-0.06,0.809,0.472,0.472,0.619,0.122,0.122,0.537,0.433,0.672,0.497,0.337,0.563,-0.028,0.228,0.586,0.847,0.355,0.652,0.883,0.737
AZTA,0.882,-0.003,0.752,0.079,-0.44,-0.442,0.81,-0.466,0.673,0.048,-0.8,-0.453,0.259,0.695,0.484,0.0,0.261,0.11,-0.652,-0.396,-0.687,0.803,-0.265,-0.616,-0.621,0.789,-0.602,0.403,0.874,0.904,-0.743,0.674,0.406,-0.809,-0.287,0.017,0.14,-0.826,-0.868,0.263,0.255,-0.848,0.117,-0.074,0.097,0.375,-0.362,0.171,-0.136,0.446,0.237,-0.472,0.528,-0.886,0.171,-0.34,0.615,0.449,-0.448,-0.704,-0.044,-0.421,0.719,-0.477,-0.516,0.812,0.443,-0.152,-0.648,0.746,0.28,0.374,0.563,-0.034,-0.804,0.737,-0.314,-0.417,-0.37,-0.731,-0.695,-0.435,-0.766,-0.221,0.119,-0.021,-0.337,0.083,0.466,-0.131,0.81,-0.818,0.204,-0.812,0.578,-0.718,0.822,0.245,0.446,-0.718,0.749,-0.335,0.435,-0.575,0.748,0.43,0.798,0.849,0.058,-0.122,0.185,0.466,-0.729,0.182,0.093,0.891,-0.53,0.385,0.891,0.861,0.364,0.749,0.82,-0.635,-0.839,-0.668,-0.031,0.592,-0.304,0.803,0.908,-0.514,0.326,0.259,-0.332,0.709,-0.154,-0.263,-0.574,-0.505,0.076,-0.292,0.232,0.714,-0.651,0.815,0.61,-0.409,0.81,-0.297,0.474,0.15,0.935,0.821,0.065,0.574,-0.387,0.769,0.397,-0.527,-0.749,0.875,-0.181,0.464,-0.472,-0.609,-0.692,0.553,0.754,0.804,-0.049,0.232,0.863,-0.248,-0.173,-0.589,0.204,-0.707,-0.268,-0.656,0.676,-0.343,-0.389,0.481,0.664,-0.324,0.013,-0.125,0.872,-0.335,-0.407,-0.323,-0.708,-0.523,-0.307,0.638,-0.343,0.073,0.585,-0.109
BAND,-0.075,0.019,0.507,0.246,0.35,0.317,0.459,-0.471,0.509,0.629,-0.072,-0.154,0.545,0.621,0.341,0.261,0.0,0.489,0.275,0.16,0.091,0.354,0.519,0.194,0.29,0.405,0.126,0.291,0.183,0.385,0.124,0.402,0.516,-0.218,-0.101,0.282,0.576,-0.073,0.01,0.477,0.397,-0.308,0.206,0.447,0.46,0.296,0.383,0.124,0.567,0.297,0.534,0.374,0.602,-0.332,0.507,0.373,0.441,0.496,0.389,0.235,0.542,0.468,0.425,0.324,0.401,0.409,0.438,0.444,0.203,-0.021,0.046,0.576,0.554,0.654,0.016,0.253,0.248,0.414,-0.027,-0.174,-0.003,0.006,0.057,0.318,-0.072,0.307,0.326,0.432,0.577,0.05,0.07,0.116,-0.038,0.055,0.287,-0.147,0.572,-0.031,-0.074,-0.089,0.518,0.275,0.53,0.079,0.54,0.451,0.638,0.43,0.388,0.543,0.427,0.762,-0.218,0.51,0.376,0.492,0.224,0.51,-0.028,0.445,0.587,0.355,0.579,-0.239,-0.019,0.104,0.511,0.655,0.513,0.29,0.228,0.019,0.402,0.515,0.451,0.451,0.338,0.537,0.209,0.345,0.603,0.324,0.483,0.176,0.36,0.305,0.672,0.482,0.33,0.297,0.448,0.561,0.075,0.6,0.455,0.303,0.099,0.429,0.366,0.221,0.125,-0.035,0.06,0.582,0.391,0.342,-0.071,0.622,-0.13,0.626,0.553,0.38,0.379,0.553,0.267,0.02,0.696,0.156,0.382,0.167,0.35,-0.192,0.427,0.766,0.493,0.466,0.503,0.577,0.18,0.059,0.135,0.303,0.209,0.359,0.263,0.594,-0.405,0.402,0.424,0.374
BECN,-0.132,-0.148,0.284,-0.008,0.462,0.281,0.243,-0.218,0.373,0.611,0.076,-0.054,0.424,0.278,0.082,0.11,0.489,0.0,0.405,0.087,0.072,0.097,0.45,0.357,0.271,0.289,0.476,-0.038,-0.031,0.248,-0.039,0.15,0.255,-0.054,-0.101,0.442,0.514,0.207,0.05,0.21,0.339,-0.118,0.209,0.373,0.103,-0.129,0.526,0.235,0.394,0.244,0.388,0.414,0.627,-0.054,0.171,0.445,0.165,0.498,0.286,0.254,0.562,0.262,0.234,0.409,0.378,0.248,0.002,0.178,0.287,0.044,-0.148,0.405,0.313,0.539,0.177,0.151,0.692,0.292,-0.118,0.352,0.22,-0.005,0.226,0.04,0.602,0.371,0.196,0.245,0.454,0.236,-0.142,0.181,-0.255,0.162,0.118,-0.137,0.492,-0.059,0.068,-0.331,0.275,0.376,0.066,0.038,0.253,0.144,0.404,0.323,0.452,0.559,0.164,0.611,-0.145,0.157,0.118,0.245,-0.057,0.311,-0.108,0.134,0.391,0.069,0.323,-0.16,0.009,0.244,0.342,0.328,0.757,0.274,0.15,-0.026,0.206,0.454,0.51,0.562,0.014,0.538,0.433,0.657,0.203,0.194,0.364,0.366,0.446,-0.006,0.548,0.532,0.324,-0.295,0.096,0.363,-0.017,0.273,0.005,0.22,0.166,0.138,0.301,-0.096,0.091,-0.033,-0.112,0.357,0.466,0.21,0.206,0.432,-0.208,0.421,0.345,-0.19,0.401,0.451,0.389,-0.01,0.569,0.229,0.735,0.527,0.076,-0.185,0.25,0.276,0.591,0.31,0.617,0.541,-0.081,0.123,0.027,0.149,0.371,0.388,0.087,0.149,-0.31,0.343,0.195,0.134
BFC,-0.845,-0.164,-0.428,-0.194,0.617,0.593,-0.533,0.057,-0.327,0.393,0.638,0.205,0.052,-0.378,-0.383,-0.652,0.275,0.405,0.0,0.336,0.528,-0.533,0.456,0.581,0.655,-0.422,0.704,-0.341,-0.757,-0.486,0.554,-0.535,-0.146,0.493,-0.043,0.243,0.179,0.763,0.698,-0.145,0.086,0.462,-0.048,0.238,-0.017,-0.468,0.484,-0.157,0.508,-0.109,-0.003,0.658,-0.016,0.575,-0.058,0.603,-0.399,-0.128,0.473,0.801,0.372,0.473,-0.384,0.612,0.689,-0.462,-0.34,0.123,0.82,-0.605,-0.534,-0.106,-0.316,0.372,0.71,-0.506,0.533,0.471,0.115,0.687,0.562,0.328,0.744,0.158,0.045,0.169,0.369,0.142,-0.049,0.134,-0.84,0.772,-0.152,0.817,-0.504,0.328,-0.281,-0.161,-0.419,0.518,-0.398,0.426,-0.27,0.351,-0.458,-0.344,-0.313,-0.528,0.083,0.357,-0.142,0.037,0.392,-0.099,-0.004,-0.523,0.412,-0.143,-0.815,-0.6,0.079,-0.58,-0.387,0.28,0.62,0.589,0.251,-0.267,0.746,-0.468,-0.547,0.191,-0.161,-0.024,0.56,-0.314,0.042,0.54,0.638,0.794,0.048,0.339,-0.069,-0.273,0.847,-0.65,-0.122,0.717,-0.429,0.313,-0.333,0.097,-0.669,-0.445,-0.016,-0.361,0.366,-0.548,-0.232,0.5,0.625,-0.757,-0.099,-0.214,0.81,0.67,0.682,-0.219,-0.722,-0.327,0.298,-0.111,-0.392,0.557,0.231,0.391,0.148,0.675,0.613,0.775,-0.414,0.027,0.422,-0.177,-0.004,0.559,0.298,0.536,-0.763,0.277,0.375,0.273,0.823,0.699,0.252,-0.343,-0.148,0.126,-0.404,0.025
BGC,-0.423,0.711,0.092,0.685,0.174,0.606,0.047,0.353,0.168,0.453,0.776,0.829,0.281,-0.017,0.418,-0.396,0.16,0.087,0.336,0.0,0.812,-0.262,0.649,0.723,0.752,-0.664,0.636,0.286,-0.18,-0.479,0.613,-0.036,0.491,0.348,0.708,0.613,0.515,0.581,0.604,0.534,-0.668,0.514,0.594,0.694,0.604,0.404,0.586,0.666,0.703,-0.792,0.449,0.72,-0.052,0.408,0.603,0.475,0.269,0.438,0.741,0.614,0.482,0.675,-0.614,0.699,0.7,-0.432,0.32,0.524,0.636,-0.192,0.027,0.456,0.283,0.569,0.656,-0.291,0.37,0.76,0.798,0.327,0.757,0.639,0.774,0.728,-0.003,0.416,0.796,0.671,-0.091,0.739,-0.178,0.702,-0.214,0.692,0.108,0.608,-0.151,0.311,0.359,0.418,-0.053,0.25,0.257,0.685,0.075,0.368,-0.032,-0.109,0.488,0.51,0.498,0.308,0.29,0.617,0.723,-0.161,0.839,0.419,-0.253,-0.265,0.433,0.105,-0.077,0.786,0.658,0.87,0.609,0.17,0.238,-0.616,-0.522,0.777,0.412,0.568,0.619,-0.155,0.681,0.607,0.744,0.456,0.686,0.866,0.616,-0.69,0.672,0.062,0.188,0.562,-0.667,0.279,0.427,0.626,-0.545,-0.089,0.719,-0.344,0.762,-0.116,0.296,0.768,0.788,-0.418,0.797,0.226,0.126,0.614,0.477,0.233,-0.026,-0.066,0.664,0.08,-0.535,0.601,0.724,0.867,0.406,0.821,0.296,0.558,0.219,0.802,0.828,0.1,-0.312,0.557,0.528,0.685,-0.209,0.756,0.761,0.699,0.669,0.71,0.898,0.281,0.676,0.507,0.231,0.675
BHF,-0.726,0.499,-0.159,0.519,0.373,0.696,-0.236,0.337,-0.052,0.458,0.849,0.688,0.292,-0.261,0.172,-0.687,0.091,0.072,0.528,0.812,0.0,-0.516,0.734,0.783,0.902,-0.721,0.747,0.128,-0.494,-0.687,0.834,-0.208,0.236,0.616,0.703,0.437,0.433,0.808,0.842,0.368,-0.546,0.722,0.485,0.634,0.524,0.202,0.718,0.381,0.628,-0.708,0.315,0.82,-0.123,0.64,0.457,0.676,-0.052,0.164,0.86,0.777,0.468,0.796,-0.662,0.808,0.81,-0.666,0.087,0.564,0.765,-0.541,0.051,0.272,0.018,0.575,0.856,-0.47,0.48,0.858,0.763,0.505,0.923,0.673,0.872,0.705,-0.09,0.405,0.787,0.512,-0.142,0.609,-0.478,0.888,-0.332,0.845,-0.122,0.797,-0.404,-0.019,0.015,0.576,-0.211,0.459,0.124,0.801,-0.185,0.146,-0.276,-0.366,0.449,0.587,0.409,0.123,0.539,0.455,0.523,-0.408,0.819,0.238,-0.572,-0.479,0.239,-0.218,-0.333,0.818,0.871,0.899,0.572,-0.018,0.368,-0.779,-0.777,0.829,0.266,0.391,0.705,-0.322,0.671,0.681,0.824,0.606,0.463,0.754,0.444,-0.827,0.803,-0.292,-0.003,0.684,-0.813,0.349,0.151,0.46,-0.814,-0.344,0.519,-0.27,0.772,-0.316,0.14,0.802,0.901,-0.734,0.647,0.077,0.355,0.818,0.717,0.077,-0.419,-0.274,0.612,0.017,-0.685,0.655,0.666,0.919,0.34,0.917,0.473,0.735,-0.105,0.711,0.84,0.009,-0.491,0.635,0.491,0.603,-0.492,0.72,0.757,0.749,0.834,0.829,0.82,0.019,0.574,0.435,0.02,0.637
BHFAL,0.715,-0.046,0.706,0.139,-0.444,-0.564,0.799,-0.629,0.699,0.147,-0.716,-0.234,0.341,0.659,0.466,0.803,0.354,0.097,-0.533,-0.262,-0.516,0.0,-0.092,-0.454,-0.441,0.672,-0.498,0.303,0.729,0.752,-0.701,0.676,0.53,-0.881,-0.231,0.197,0.29,-0.715,-0.764,0.357,0.245,-0.827,0.279,0.099,0.181,0.409,-0.269,0.199,-0.088,0.322,0.459,-0.312,0.386,-0.919,0.293,-0.233,0.765,0.546,-0.287,-0.64,0.173,-0.214,0.623,-0.252,-0.296,0.793,0.29,-0.131,-0.581,0.809,0.304,0.475,0.643,0.052,-0.716,0.651,-0.259,-0.242,-0.22,-0.681,-0.543,-0.599,-0.606,-0.01,0.126,0.089,-0.332,0.045,0.325,-0.009,0.807,-0.706,-0.056,-0.688,0.563,-0.691,0.698,0.156,0.335,-0.66,0.735,-0.488,0.615,-0.534,0.781,0.465,0.743,0.787,0.194,-0.017,0.252,0.46,-0.85,0.346,0.137,0.801,-0.429,0.55,0.717,0.84,0.232,0.682,0.682,-0.503,-0.783,-0.506,0.087,0.678,-0.202,0.773,0.737,-0.425,0.41,0.372,-0.121,0.696,-0.029,-0.147,-0.427,-0.444,0.156,-0.236,0.362,0.53,-0.516,0.735,0.652,-0.199,0.702,-0.307,0.57,0.327,0.721,0.743,0.204,0.558,-0.235,0.812,0.475,-0.434,-0.599,0.808,-0.102,0.626,-0.517,-0.568,-0.745,0.602,0.611,0.761,0.128,0.151,0.753,-0.025,0.039,-0.429,0.303,-0.54,-0.214,-0.548,0.699,-0.329,-0.222,0.519,0.558,-0.409,0.148,0.038,0.746,-0.173,-0.477,-0.157,-0.589,-0.301,-0.2,0.586,-0.352,0.105,0.639,0.023
BKNG,-0.525,0.365,0.335,0.614,0.476,0.684,0.236,-0.136,0.387,0.864,0.502,0.441,0.755,0.253,0.487,-0.265,0.519,0.45,0.456,0.649,0.734,-0.092,0.0,0.676,0.878,-0.193,0.695,0.34,-0.16,-0.252,0.578,0.317,0.634,0.187,0.584,0.666,0.864,0.524,0.557,0.717,-0.183,0.24,0.71,0.912,0.767,0.393,0.919,0.494,0.831,-0.346,0.78,0.911,0.273,0.152,0.762,0.844,0.319,0.574,0.937,0.591,0.89,0.934,-0.12,0.923,0.908,-0.257,0.302,0.679,0.665,-0.254,0.278,0.735,0.496,0.935,0.641,-0.121,0.689,0.942,0.659,0.266,0.753,0.3,0.665,0.836,0.099,0.744,0.789,0.569,0.218,0.674,-0.194,0.652,-0.602,0.583,0.192,0.478,0.06,-0.201,0.134,0.092,0.35,0.47,0.455,0.616,0.33,0.508,0.246,0.144,0.783,0.887,0.739,0.622,0.075,0.741,0.655,0.089,0.549,0.686,-0.334,0.05,0.563,0.061,0.07,0.496,0.569,0.717,0.875,0.534,0.465,-0.312,-0.425,0.625,0.584,0.728,0.945,0.254,0.762,0.949,0.85,0.724,0.652,0.662,0.753,-0.456,0.751,0.058,0.524,0.887,-0.321,0.08,0.511,0.823,-0.523,0.203,0.657,0.207,0.77,0.221,0.591,0.664,0.672,-0.435,0.555,0.621,0.352,0.749,0.456,0.574,-0.299,0.263,0.921,-0.027,-0.117,0.923,0.833,0.736,0.804,0.778,0.746,0.726,0.284,0.439,0.896,0.5,-0.014,0.543,0.827,0.836,-0.148,0.737,0.595,0.871,0.763,0.897,0.751,0.404,0.212,0.742,0.475,0.818
BL,-0.644,0.282,-0.185,0.346,0.444,0.625,-0.201,0.271,-0.039,0.443,0.831,0.58,0.21,-0.143,0.078,-0.616,0.194,0.357,0.581,0.723,0.783,-0.454,0.676,0.0,0.792,-0.52,0.775,-0.044,-0.464,-0.522,0.669,-0.241,0.155,0.55,0.47,0.513,0.423,0.732,0.738,0.27,-0.312,0.635,0.331,0.543,0.325,0.067,0.716,0.315,0.62,-0.493,0.307,0.747,0.059,0.571,0.344,0.56,-0.039,0.232,0.74,0.758,0.49,0.679,-0.509,0.753,0.743,-0.478,0.01,0.481,0.734,-0.464,-0.145,0.268,0.052,0.542,0.778,-0.386,0.589,0.73,0.497,0.648,0.778,0.556,0.814,0.512,0.103,0.3,0.692,0.43,0.091,0.499,-0.482,0.817,-0.288,0.777,-0.085,0.56,-0.214,0.041,-0.034,0.406,-0.253,0.476,-0.075,0.663,-0.162,0.059,-0.176,-0.264,0.401,0.597,0.279,0.218,0.458,0.341,0.367,-0.369,0.684,0.202,-0.564,-0.427,0.213,-0.2,-0.243,0.606,0.727,0.853,0.544,0.031,0.573,-0.549,-0.602,0.687,0.087,0.442,0.675,-0.166,0.462,0.639,0.828,0.74,0.482,0.716,0.39,-0.543,0.847,-0.323,0.086,0.708,-0.553,0.194,0.104,0.406,-0.759,-0.269,0.366,-0.283,0.58,-0.341,0.082,0.59,0.784,-0.625,0.466,0.092,0.502,0.686,0.617,0.076,-0.49,-0.201,0.496,-0.102,-0.496,0.626,0.611,0.715,0.372,0.844,0.578,0.789,-0.202,0.474,0.778,0.0,-0.225,0.582,0.521,0.661,-0.502,0.551,0.58,0.566,0.801,0.754,0.646,-0.058,0.353,0.407,-0.051,0.515
BOKF,-0.784,0.377,-0.04,0.495,0.544,0.763,-0.156,0.15,0.03,0.673,0.78,0.594,0.483,-0.141,0.208,-0.621,0.29,0.271,0.655,0.752,0.902,-0.441,0.878,0.792,0.0,-0.562,0.807,0.129,-0.483,-0.596,0.814,-0.071,0.37,0.503,0.628,0.527,0.616,0.788,0.841,0.462,-0.347,0.57,0.54,0.766,0.604,0.168,0.865,0.346,0.753,-0.545,0.5,0.946,0.022,0.525,0.538,0.818,0.001,0.281,0.952,0.778,0.71,0.923,-0.482,0.939,0.959,-0.595,0.105,0.6,0.82,-0.514,0.056,0.415,0.129,0.745,0.865,-0.406,0.655,0.945,0.717,0.535,0.901,0.522,0.876,0.769,0.001,0.594,0.818,0.476,-0.045,0.638,-0.506,0.893,-0.491,0.848,-0.101,0.721,-0.276,-0.166,-0.047,0.447,-0.054,0.557,0.181,0.768,-0.065,0.233,-0.135,-0.258,0.595,0.707,0.506,0.301,0.389,0.527,0.556,-0.302,0.749,0.381,-0.629,-0.363,0.347,-0.236,-0.248,0.715,0.829,0.888,0.701,0.145,0.494,-0.647,-0.719,0.746,0.371,0.488,0.891,-0.161,0.686,0.856,0.92,0.77,0.516,0.712,0.512,-0.691,0.881,-0.294,0.161,0.871,-0.658,0.275,0.215,0.607,-0.795,-0.202,0.543,-0.133,0.821,-0.181,0.285,0.807,0.882,-0.735,0.564,0.267,0.473,0.896,0.692,0.234,-0.511,-0.129,0.764,-0.057,-0.51,0.838,0.724,0.882,0.545,0.94,0.662,0.846,-0.041,0.554,0.876,0.182,-0.298,0.635,0.673,0.739,-0.458,0.766,0.7,0.846,0.911,0.961,0.796,0.089,0.363,0.512,0.14,0.695
BRKR,0.625,-0.46,0.525,-0.241,-0.073,-0.438,0.586,-0.663,0.447,0.088,-0.827,-0.737,0.244,0.629,0.168,0.789,0.405,0.289,-0.422,-0.664,-0.721,0.672,-0.193,-0.52,-0.562,0.0,-0.515,0.176,0.609,0.86,-0.67,0.584,0.136,-0.648,-0.518,-0.136,0.088,-0.711,-0.749,0.083,0.731,-0.797,-0.13,-0.158,-0.076,0.135,-0.237,-0.189,-0.233,0.839,0.168,-0.415,0.56,-0.797,0.001,-0.249,0.328,0.227,-0.408,-0.561,0.021,-0.345,0.956,-0.411,-0.426,0.79,0.21,-0.163,-0.58,0.477,0.262,0.236,0.394,-0.012,-0.713,0.633,-0.168,-0.396,-0.599,-0.545,-0.709,-0.607,-0.761,-0.345,0.104,-0.034,-0.467,-0.142,0.568,-0.415,0.532,-0.73,0.074,-0.761,0.357,-0.719,0.709,-0.117,-0.02,-0.68,0.639,-0.125,0.23,-0.558,0.566,0.227,0.654,0.693,0.017,0.006,0.028,0.392,-0.595,-0.006,-0.252,0.715,-0.676,0.222,0.544,0.783,0.133,0.435,0.65,-0.823,-0.76,-0.74,-0.044,0.506,-0.05,0.911,0.779,-0.625,0.097,0.099,-0.236,0.677,-0.3,-0.177,-0.526,-0.274,-0.061,-0.506,0.016,0.817,-0.503,0.471,0.508,-0.241,0.938,-0.312,0.205,-0.019,0.738,0.715,-0.206,0.673,-0.538,0.649,0.223,-0.627,-0.751,0.671,-0.462,0.412,-0.117,-0.523,-0.612,0.437,0.292,0.692,-0.124,0.106,0.907,-0.168,-0.319,-0.728,0.213,-0.705,-0.016,-0.475,0.342,-0.674,-0.407,0.52,0.723,-0.321,-0.02,-0.181,0.594,-0.495,-0.564,-0.372,-0.583,-0.452,-0.552,0.368,-0.715,0.019,0.381,-0.198
CACC,-0.74,0.127,-0.23,0.217,0.551,0.615,-0.251,0.143,-0.089,0.56,0.808,0.466,0.311,-0.252,-0.014,-0.602,0.126,0.476,0.704,0.636,0.747,-0.498,0.695,0.775,0.807,-0.515,0.0,0.063,-0.549,-0.544,0.595,-0.277,0.141,0.527,0.414,0.565,0.423,0.825,0.686,0.208,-0.241,0.552,0.349,0.552,0.301,-0.069,0.738,0.374,0.589,-0.416,0.272,0.828,0.048,0.594,0.302,0.731,-0.126,0.176,0.715,0.822,0.574,0.653,-0.491,0.823,0.813,-0.574,-0.077,0.353,0.867,-0.408,-0.142,0.213,-0.018,0.561,0.855,-0.449,0.651,0.724,0.518,0.674,0.81,0.508,0.864,0.447,0.184,0.474,0.605,0.373,0.066,0.552,-0.581,0.829,-0.349,0.85,-0.164,0.573,-0.26,-0.001,-0.074,0.421,-0.209,0.439,-0.133,0.652,-0.243,0.006,-0.249,-0.327,0.486,0.666,0.186,0.149,0.432,0.239,0.245,-0.433,0.523,0.163,-0.596,-0.494,0.159,-0.302,-0.33,0.587,0.746,0.793,0.571,-0.059,0.608,-0.509,-0.633,0.544,0.122,0.313,0.762,-0.165,0.382,0.758,0.852,0.857,0.294,0.544,0.317,-0.47,0.872,-0.404,0.041,0.808,-0.535,0.072,0.026,0.37,-0.703,-0.331,0.232,-0.245,0.684,-0.372,0.072,0.596,0.724,-0.628,0.324,0.028,0.582,0.69,0.794,0.022,-0.453,-0.241,0.55,-0.211,-0.447,0.695,0.574,0.705,0.376,0.818,0.696,0.921,-0.138,0.465,0.704,-0.072,-0.09,0.493,0.479,0.694,-0.593,0.636,0.654,0.554,0.906,0.826,0.571,-0.132,0.287,0.396,-0.087,0.396
CAR,0.263,0.462,0.63,0.653,-0.126,0.156,0.647,-0.219,0.568,0.403,-0.071,0.008,0.647,0.508,0.753,0.403,0.291,-0.038,-0.341,0.286,0.128,0.303,0.34,-0.044,0.129,0.176,0.063,0.0,0.573,0.31,0.081,0.65,0.623,-0.238,0.4,0.241,0.437,-0.251,-0.146,0.728,-0.238,-0.223,0.519,0.474,0.699,0.81,0.253,0.621,0.319,-0.156,0.491,0.213,0.414,-0.339,0.737,0.261,0.561,0.454,0.339,-0.024,0.317,0.336,0.219,0.186,0.16,0.147,0.788,0.461,-0.011,0.202,0.65,0.633,0.673,0.433,-0.042,0.287,-0.158,0.384,0.442,-0.539,0.01,0.219,-0.103,0.492,-0.31,0.442,0.407,0.592,0.413,0.324,0.48,-0.098,0.021,-0.119,0.598,0.18,0.373,0.217,0.346,-0.043,0.679,0.023,0.606,0.25,0.622,0.768,0.499,0.537,0.509,0.519,0.662,0.454,-0.122,0.699,0.529,0.545,0.215,0.622,0.434,0.558,0.499,0.665,0.499,0.119,-0.001,-0.007,0.511,0.599,-0.262,0.106,0.174,0.291,0.639,0.524,0.236,0.294,0.589,0.37,0.03,-0.091,0.574,0.33,0.591,-0.165,-0.05,0.659,0.494,0.093,0.093,0.181,0.72,0.5,0.212,0.58,0.665,0.434,0.322,0.592,0.486,0.305,0.032,0.276,0.526,0.546,-0.246,0.11,0.002,0.59,0.461,0.478,0.532,0.465,0.203,0.298,0.269,0.263,0.535,0.029,-0.004,-0.106,0.707,0.399,0.415,0.626,0.053,0.138,0.233,0.27,0.504,0.336,0.434,0.431,-0.06,0.134,0.473,0.762,0.27,0.403,0.676,0.575
CDNA,0.86,0.232,0.779,0.352,-0.439,-0.335,0.843,-0.243,0.66,0.038,-0.635,-0.226,0.283,0.687,0.7,0.874,0.183,-0.031,-0.757,-0.18,-0.494,0.729,-0.16,-0.464,-0.483,0.609,-0.549,0.573,0.0,0.737,-0.568,0.77,0.51,-0.697,0.045,0.012,0.204,-0.742,-0.705,0.47,0.03,-0.657,0.306,0.079,0.316,0.66,-0.238,0.368,-0.093,0.213,0.35,-0.365,0.435,-0.786,0.379,-0.321,0.648,0.499,-0.267,-0.66,-0.007,-0.266,0.606,-0.369,-0.433,0.663,0.661,0.009,-0.625,0.676,0.49,0.486,0.66,0.013,-0.668,0.704,-0.329,-0.243,-0.075,-0.738,-0.518,-0.283,-0.668,0.036,0.019,0.084,-0.115,0.213,0.347,0.033,0.887,-0.718,0.1,-0.736,0.747,-0.441,0.689,0.275,0.579,-0.603,0.74,-0.294,0.493,-0.322,0.779,0.655,0.723,0.851,0.195,-0.03,0.396,0.433,-0.606,0.387,0.267,0.838,-0.339,0.485,0.903,0.859,0.392,0.806,0.758,-0.315,-0.663,-0.504,0.093,0.616,-0.443,0.622,0.735,-0.204,0.469,0.41,-0.25,0.61,0.112,-0.2,-0.451,-0.541,0.278,-0.13,0.395,0.445,-0.606,0.896,0.572,-0.408,0.625,-0.248,0.644,0.271,0.754,0.805,0.301,0.534,-0.178,0.797,0.48,-0.325,-0.582,0.832,0.177,0.548,-0.611,-0.511,-0.65,0.605,0.773,0.737,0.067,0.256,0.66,-0.194,-0.025,-0.313,0.243,-0.547,-0.342,-0.621,0.706,-0.035,-0.2,0.507,0.401,-0.282,0.063,-0.104,0.902,-0.104,-0.206,-0.079,-0.654,-0.436,-0.073,0.694,-0.015,0.17,0.724,0.172
CG,0.765,-0.169,0.673,-0.063,-0.3,-0.418,0.714,-0.557,0.639,0.046,-0.805,-0.565,0.255,0.709,0.333,0.904,0.385,0.248,-0.486,-0.479,-0.687,0.752,-0.252,-0.522,-0.596,0.86,-0.544,0.31,0.737,0.0,-0.705,0.562,0.291,-0.756,-0.518,-0.077,0.113,-0.82,-0.797,0.191,0.435,-0.824,-0.054,-0.137,-0.054,0.257,-0.307,0.026,-0.116,0.602,0.179,-0.448,0.675,-0.857,0.108,-0.324,0.514,0.394,-0.435,-0.593,-0.045,-0.397,0.776,-0.456,-0.478,0.888,0.303,-0.145,-0.584,0.583,0.146,0.318,0.514,-0.011,-0.756,0.72,-0.288,-0.401,-0.555,-0.66,-0.728,-0.464,-0.737,-0.312,0.119,-0.124,-0.341,0.104,0.595,-0.286,0.694,-0.764,0.28,-0.747,0.5,-0.764,0.886,0.238,0.202,-0.647,0.69,-0.267,0.385,-0.642,0.697,0.295,0.817,0.812,0.008,-0.047,0.089,0.506,-0.655,0.116,-0.018,0.862,-0.542,0.318,0.743,0.839,0.32,0.711,0.836,-0.789,-0.821,-0.662,-0.073,0.556,-0.105,0.856,0.924,-0.565,0.18,0.23,-0.306,0.701,-0.258,-0.229,-0.575,-0.381,0.079,-0.258,0.151,0.757,-0.536,0.682,0.612,-0.325,0.899,-0.2,0.333,0.059,0.828,0.798,0.008,0.572,-0.518,0.683,0.257,-0.578,-0.743,0.783,-0.335,0.424,-0.232,-0.565,-0.661,0.491,0.506,0.799,-0.089,0.313,0.902,-0.194,-0.264,-0.695,0.224,-0.685,-0.166,-0.596,0.523,-0.533,-0.36,0.499,0.72,-0.219,0.006,-0.053,0.722,-0.504,-0.464,-0.411,-0.657,-0.487,-0.391,0.557,-0.543,0.023,0.43,-0.173
CGBD,-0.791,0.371,-0.301,0.374,0.461,0.768,-0.405,0.411,-0.282,0.321,0.783,0.442,0.153,-0.329,-0.011,-0.743,0.124,-0.039,0.554,0.613,0.834,-0.701,0.578,0.669,0.814,-0.67,0.595,0.081,-0.568,-0.705,0.0,-0.302,0.008,0.772,0.555,0.075,0.196,0.731,0.923,0.19,-0.374,0.771,0.161,0.407,0.426,0.085,0.631,0.099,0.503,-0.528,0.084,0.67,-0.148,0.735,0.298,0.573,-0.313,-0.124,0.769,0.771,0.264,0.757,-0.587,0.622,0.685,-0.727,0.141,0.615,0.695,-0.793,0.002,0.054,-0.172,0.444,0.826,-0.544,0.356,0.742,0.596,0.458,0.749,0.703,0.751,0.567,-0.331,0.251,0.762,0.364,-0.115,0.286,-0.629,0.893,-0.135,0.799,-0.257,0.851,-0.489,-0.164,-0.25,0.708,-0.322,0.559,-0.017,0.781,-0.334,0.055,-0.378,-0.521,0.246,0.451,0.308,-0.013,0.754,0.287,0.383,-0.483,0.81,0.001,-0.704,-0.538,0.16,-0.343,-0.38,0.671,0.922,0.751,0.382,-0.156,0.322,-0.827,-0.786,0.785,0.126,0.125,0.527,-0.506,0.593,0.575,0.662,0.533,0.398,0.623,0.198,-0.793,0.729,-0.44,-0.205,0.536,-0.778,0.585,-0.074,0.225,-0.829,-0.412,0.394,-0.326,0.571,-0.433,-0.045,0.802,0.864,-0.886,0.506,-0.1,0.47,0.906,0.748,-0.069,-0.603,-0.395,0.412,0.179,-0.742,0.48,0.385,0.764,0.22,0.806,0.35,0.642,-0.335,0.545,0.716,0.042,-0.593,0.715,0.302,0.382,-0.532,0.488,0.72,0.667,0.757,0.674,0.681,-0.066,0.441,0.239,-0.166,0.541
