,ACET,ADAP,ADI,ADPT,ADTN,AGEN,ALGN,ALLK,AMD,AMWD,ARDX,ARQT,ASTE,AUPH,AVXL,AZTA,BAND,BECN,BFC,BGC,BHF,BHFAL,BKNG,BL,BOKF,BRKR,CACC,CAR,CDNA,CG,CGBD,CHI,CHTR,CHX,CLNE,CME,CNOB,CNXN,CPRX,CSGP,CSGS,CSIQ,CVCO,CVLT,CYRX,DDOG,DOOO,DSGX,DTIL,ECPG,EEFT,EFSC,ENTG,ESPR,ETSY,EXC,FAMI,FFIV,FITB,FIZZ,FMBH,FOX,FTNT,FULT,GABC,GEN,GH,GMAB,GNPX,GO,GOGL,GOOG,GPRO,GSHD,GSM,GWAV,HAIN,HBAN,HEPA,HURN,HWKN,IBIO,ICFI,IGMS,IMKTA,INCY,INO,IRDM,IRTC,IRWD,ITCI,JACK,JD,JJSF,KALA,KHC,KLAC,KRRO,KRYS,LANC,LBTYA,LIVN,LKCO,LNTH,LOGI,LPRO,LRCX,LSCC,LSTR,MAR,MARA,MCHP,MEOH,META,MGTX,MKSI,MMYT,MORN,MRUS,MTLS,MTSI,MVIS,MXL,NBIX,NFE,NMIH,NMRK,NNDM,NSIT,NTCT,NVAX,OCUL,ODP,OLED,ONB,OTEX,PACB,PATK,PAYX,PEP,PERI,PI,PLYA,PRDO,PRGS,PTGX,QCOM,QCRH,QDEL,QFIN,RGEN,RILY,RPAY,RPD,SABR,SEDG,SHEN,SIRI,SLNO,SNDL,SNEX,SONO,SPT,SSNC,STGW,STKL,STRL,STX,SWTX,SYNA,TFSL,TIGR,TNXP,TOWN,TRI,TRIP,TRMB,TRNS,TRS,TSCO,TSEM,TVTX,TXRH,VC,VCEL,VECO,VIAV,VICR,VIR,VRTX,VSTM,VTRS,WDFC,WSBC,WSC,WYNN,XENE,XNCR,XRAY,ZS
ACET,0.0,0.235,0.009,0.476,-0.357,-0.308,0.465,0.034,-0.037,-0.185,-0.726,0.597,0.482,0.064,0.589,-0.361,0.246,0.088,-0.374,0.289,-0.115,-0.193,0.14,0.213,0.4,0.561,0.495,0.649,0.108,-0.025,-0.091,0.047,0.105,0.67,0.851,-0.061,-0.345,-0.551,-0.137,0.711,-0.349,0.284,0.469,0.52,-0.019,0.32,-0.008,0.52,-0.049,0.008,0.091,-0.271,0.268,0.458,-0.007,-0.197,-0.011,-0.179,0.32,-0.386,0.06,-0.337,0.298,0.506,0.207,-0.159,0.105,-0.19,0.609,-0.064,0.829,-0.048,0.268,0.088,0.783,0.117,0.378,0.194,-0.359,-0.528,-0.176,-0.02,-0.397,0.284,-0.323,-0.238,0.683,-0.139,-0.223,0.065,0.142,0.445,-0.079,-0.692,0.506,-0.679,0.079,0.619,0.112,0.188,0.221,-0.176,-0.253,-0.221,0.337,0.196,0.565,-0.093,0.095,-0.041,0.48,0.121,0.259,0.157,0.103,-0.06,0.486,0.158,0.555,0.514,0.346,0.524,0.223,0.076,0.129,0.602,0.415,0.704,-0.242,-0.669,0.703,0.159,-0.122,0.183,0.298,0.016,0.096,0.049,0.062,-0.502,-0.15,-0.31,0.359,0.131,0.002,0.614,0.009,0.177,0.621,0.324,0.778,0.281,-0.253,0.044,0.081,-0.071,-0.497,0.127,-0.247,-0.085,-0.284,-0.024,0.418,0.259,0.015,-0.175,0.279,0.445,0.283,0.224,0.405,-0.136,0.617,0.003,-0.278,0.244,0.361,-0.058,0.01,-0.533,-0.411,0.672,-0.161,0.084,0.044,0.197,-0.255,0.453,0.231,-0.601,0.137,0.388,-0.066,0.19,0.135,0.074,-0.168,0.449,0.008,-0.08
ADAP,0.235,0.0,0.859,0.378,-0.485,0.582,0.719,0.853,0.834,0.823,0.238,0.328,0.366,-0.556,0.281,0.675,0.691,0.763,0.602,0.628,-0.362,0.773,0.731,0.785,-0.441,0.666,0.835,0.016,-0.777,0.551,0.878,0.9,0.827,0.706,0.264,0.692,0.596,0.43,0.661,0.39,0.197,0.813,0.451,0.652,-0.441,0.349,0.697,0.546,0.584,0.61,0.857,-0.522,0.758,-0.638,0.802,0.552,-0.239,0.733,0.711,0.679,-0.45,0.474,0.682,0.51,0.307,0.577,0.489,0.748,0.0,-0.735,0.122,0.839,0.761,0.471,-0.304,-0.386,0.719,-0.31,-0.653,-0.445,-0.719,-0.562,-0.598,0.724,0.619,0.43,0.27,0.055,-0.296,0.307,0.457,-0.263,0.782,0.313,0.583,-0.109,0.903,-0.216,0.51,0.628,0.885,0.742,0.475,-0.602,0.908,0.457,0.849,0.846,0.816,0.789,-0.595,0.886,0.686,0.923,-0.805,0.369,0.68,0.774,0.038,0.052,0.914,-0.383,0.848,-0.406,-0.822,-0.377,0.749,-0.167,0.761,0.404,0.126,-0.695,0.838,0.854,-0.585,0.606,0.871,0.875,0.867,0.269,0.816,0.296,0.23,0.929,0.801,0.094,0.819,0.845,0.172,0.805,0.386,0.563,0.699,-0.411,0.382,0.907,0.093,0.861,0.508,0.735,0.645,0.817,0.85,0.783,0.601,-0.783,0.201,0.818,0.546,0.894,0.584,0.703,-0.147,-0.015,0.745,-0.617,0.686,0.852,0.863,0.426,0.591,-0.063,-0.116,0.836,-0.657,0.88,-0.599,0.777,0.758,0.172,-0.056,0.831,0.882,0.453,0.692,0.728,-0.608,0.779,0.751,0.39
ADI,0.009,0.859,0.0,0.357,-0.407,0.626,0.671,0.884,0.959,0.929,0.397,0.072,0.436,-0.49,-0.018,0.841,0.798,0.887,0.816,0.738,-0.073,0.924,0.85,0.883,-0.457,0.604,0.751,-0.168,-0.869,0.789,0.938,0.816,0.929,0.526,-0.02,0.739,0.842,0.691,0.881,0.2,0.509,0.695,0.546,0.716,-0.424,0.264,0.908,0.463,0.446,0.711,0.961,-0.286,0.853,-0.822,0.923,0.815,-0.233,0.918,0.826,0.773,-0.36,0.733,0.666,0.635,0.386,0.661,0.69,0.909,-0.083,-0.753,0.006,0.938,0.735,0.553,-0.515,-0.394,0.538,-0.093,-0.706,-0.3,-0.615,-0.59,-0.439,0.678,0.836,0.584,-0.029,0.219,-0.153,0.489,0.488,-0.578,0.838,0.599,0.284,0.27,0.981,-0.305,0.651,0.55,0.911,0.921,0.551,-0.394,0.9,0.491,0.782,0.972,0.947,0.907,-0.788,0.978,0.819,0.933,-0.778,0.623,0.7,0.864,-0.146,-0.101,0.835,-0.559,0.924,-0.28,-0.756,-0.389,0.815,-0.385,0.928,0.657,-0.183,-0.712,0.951,0.925,-0.558,0.764,0.856,0.97,0.962,0.543,0.946,0.656,0.323,0.895,0.966,-0.176,0.932,0.905,-0.007,0.775,0.193,0.737,0.867,-0.393,0.582,0.943,0.346,0.909,0.534,0.799,0.895,0.931,0.773,0.849,0.576,-0.702,0.206,0.74,0.495,0.951,0.59,0.835,-0.409,0.008,0.923,-0.642,0.756,0.892,0.963,0.731,0.825,-0.33,0.029,0.921,-0.587,0.88,-0.526,0.765,0.783,0.41,0.09,0.812,0.919,0.59,0.713,0.851,-0.332,0.561,0.818,0.471
ADPT,0.476,0.378,0.357,0.0,-0.036,0.342,0.759,0.258,0.427,0.301,-0.214,0.487,0.436,-0.021,0.526,0.246,0.537,0.54,0.061,0.435,0.23,0.274,0.523,0.606,0.048,0.572,0.71,0.309,-0.16,0.546,0.242,0.443,0.521,0.521,0.594,0.279,0.248,-0.009,0.076,0.703,0.149,0.509,0.489,0.64,0.146,0.682,0.356,0.728,0.442,0.316,0.474,-0.08,0.578,-0.022,0.407,0.184,0.216,0.35,0.646,0.247,-0.16,0.287,0.56,0.463,0.347,0.197,0.633,0.189,0.47,-0.291,0.446,0.431,0.452,0.628,0.234,-0.208,0.474,-0.104,-0.199,-0.565,0.025,0.179,-0.31,0.684,0.087,0.082,0.542,-0.046,0.187,-0.096,0.062,0.249,0.368,-0.172,0.487,-0.445,0.418,0.345,0.064,0.165,0.485,0.25,0.293,-0.083,0.553,0.736,0.634,0.355,0.364,0.458,0.089,0.443,0.486,0.452,-0.332,0.42,0.671,0.627,0.36,0.586,0.539,0.365,0.593,-0.374,-0.176,0.268,0.674,0.34,0.167,-0.066,0.58,0.088,0.301,0.487,-0.223,0.478,0.521,0.438,0.386,-0.236,0.303,0.147,0.689,0.311,0.353,0.509,0.416,0.304,0.635,0.582,0.716,0.426,0.344,0.182,0.435,0.285,0.218,0.294,0.338,0.436,0.095,0.461,0.66,0.629,0.342,-0.557,-0.025,0.572,0.671,0.517,0.683,0.376,0.319,0.384,0.157,0.251,0.658,0.368,0.295,0.019,0.148,0.489,0.176,0.439,0.177,0.518,-0.124,0.658,0.334,-0.303,0.361,0.352,0.356,0.3,0.14,0.433,-0.145,0.419,0.414,0.511
ADTN,-0.357,-0.485,-0.407,-0.036,0.0,0.223,-0.134,-0.508,-0.234,-0.22,0.125,-0.14,-0.496,0.456,0.059,-0.034,-0.301,-0.254,-0.29,-0.343,0.538,-0.331,-0.35,-0.409,0.176,-0.466,-0.337,-0.078,0.553,-0.083,-0.439,-0.318,-0.299,-0.514,-0.258,-0.181,-0.056,0.113,-0.412,-0.155,0.278,-0.292,-0.447,-0.293,0.725,0.266,-0.429,-0.046,0.191,-0.127,-0.329,0.482,-0.2,0.137,-0.299,-0.296,0.717,-0.107,-0.279,-0.037,-0.065,0.107,-0.174,-0.518,-0.189,-0.282,-0.072,-0.423,0.016,0.578,-0.278,-0.25,-0.175,0.165,-0.004,0.03,-0.208,-0.214,0.833,0.234,0.702,0.79,0.693,-0.055,-0.355,-0.251,0.018,-0.257,0.707,-0.544,-0.514,0.247,-0.258,-0.006,-0.267,-0.037,-0.413,-0.138,-0.361,-0.668,-0.412,-0.257,0.122,0.541,-0.506,0.232,-0.512,-0.291,-0.438,-0.189,0.321,-0.437,-0.447,-0.426,0.326,0.154,-0.324,-0.215,-0.04,0.382,-0.478,0.376,-0.31,-0.18,0.347,-0.054,-0.391,-0.064,-0.312,0.118,0.12,0.683,-0.263,-0.442,-0.082,-0.081,-0.173,-0.389,-0.342,-0.191,-0.278,-0.008,0.128,-0.575,-0.411,0.154,-0.215,-0.528,0.042,-0.385,-0.088,-0.37,-0.091,0.598,-0.027,-0.384,0.37,-0.514,0.15,-0.015,-0.296,-0.204,-0.328,-0.272,0.116,0.209,-0.638,-0.337,0.214,-0.396,-0.056,-0.151,0.184,0.317,-0.373,0.504,-0.248,-0.314,-0.507,0.075,-0.01,0.163,0.102,-0.392,0.739,-0.305,0.778,-0.209,-0.653,0.028,0.304,-0.616,-0.314,-0.365,-0.694,-0.373,0.422,-0.418,-0.189,0.388
AGEN,-0.308,0.582,0.626,0.342,0.223,0.0,0.566,0.52,0.763,0.751,0.524,0.18,-0.072,-0.389,0.226,0.848,0.508,0.584,0.545,0.344,0.037,0.642,0.536,0.583,-0.492,0.29,0.487,-0.088,-0.517,0.576,0.643,0.752,0.69,0.254,-0.097,0.507,0.709,0.63,0.445,0.142,0.47,0.556,-0.061,0.382,-0.053,0.524,0.441,0.457,0.811,0.489,0.645,-0.2,0.577,-0.688,0.691,0.339,0.331,0.738,0.465,0.897,-0.543,0.671,0.507,0.017,0.159,0.327,0.478,0.58,-0.187,-0.325,-0.341,0.778,0.548,0.512,-0.566,-0.635,0.493,-0.528,-0.002,-0.205,-0.269,0.009,-0.182,0.725,0.543,0.258,0.186,0.047,0.203,-0.093,0.049,-0.164,0.76,0.588,0.211,-0.009,0.663,-0.422,0.196,0.241,0.612,0.669,0.833,-0.304,0.542,0.565,0.391,0.738,0.553,0.685,-0.516,0.614,0.383,0.653,-0.71,0.454,0.388,0.637,-0.119,0.252,0.59,-0.298,0.658,-0.777,-0.64,-0.622,0.425,-0.332,0.663,0.674,0.031,-0.29,0.723,0.624,-0.836,0.573,0.792,0.644,0.627,0.19,0.708,0.34,0.18,0.498,0.586,-0.04,0.705,0.417,0.066,0.592,0.184,0.341,0.794,-0.118,0.372,0.671,0.449,0.522,0.874,0.818,0.548,0.765,0.572,0.598,0.742,-0.715,-0.372,0.518,0.731,0.597,0.506,0.788,-0.075,0.282,0.615,-0.312,0.487,0.724,0.575,0.617,0.732,-0.127,-0.013,0.573,-0.179,0.636,-0.156,0.528,0.374,0.241,0.033,0.331,0.773,0.144,0.223,0.563,-0.39,0.312,0.65,0.684
ALGN,0.465,0.719,0.671,0.759,-0.134,0.566,0.0,0.587,0.746,0.621,-0.099,0.476,0.414,-0.142,0.562,0.533,0.771,0.718,0.271,0.666,0.073,0.533,0.756,0.816,-0.211,0.692,0.926,0.217,-0.406,0.684,0.576,0.658,0.839,0.658,0.528,0.529,0.452,0.228,0.377,0.658,0.353,0.675,0.544,0.847,0.039,0.78,0.56,0.844,0.634,0.623,0.783,-0.351,0.873,-0.363,0.686,0.404,0.219,0.653,0.833,0.499,-0.427,0.512,0.837,0.546,0.272,0.389,0.764,0.476,0.483,-0.487,0.398,0.746,0.826,0.684,0.045,-0.439,0.698,-0.249,-0.391,-0.706,-0.333,-0.023,-0.445,0.925,0.334,0.192,0.566,-0.108,0.208,0.04,0.144,0.047,0.624,0.017,0.642,-0.381,0.735,0.071,0.327,0.248,0.834,0.534,0.52,-0.254,0.842,0.772,0.848,0.672,0.687,0.748,-0.173,0.74,0.684,0.775,-0.56,0.636,0.861,0.819,0.328,0.59,0.779,0.095,0.849,-0.528,-0.515,-0.05,0.865,0.128,0.477,0.15,0.546,-0.15,0.639,0.748,-0.519,0.759,0.803,0.739,0.714,-0.105,0.635,0.294,0.557,0.623,0.657,0.413,0.751,0.599,0.527,0.818,0.781,0.612,0.638,0.073,0.659,0.613,0.248,0.624,0.51,0.744,0.361,0.784,0.915,0.885,0.691,-0.773,-0.111,0.841,0.831,0.806,0.813,0.647,0.252,0.175,0.426,-0.067,0.877,0.642,0.597,0.26,0.475,0.354,-0.039,0.657,-0.11,0.784,-0.261,0.941,0.51,-0.144,0.31,0.669,0.659,0.366,0.284,0.697,-0.311,0.636,0.736,0.701
ALLK,0.034,0.853,0.884,0.258,-0.508,0.52,0.587,0.0,0.842,0.798,0.302,0.091,0.399,-0.495,-0.054,0.756,0.762,0.665,0.62,0.769,-0.323,0.865,0.82,0.845,-0.578,0.48,0.657,-0.132,-0.815,0.636,0.885,0.758,0.837,0.535,0.065,0.632,0.633,0.526,0.757,0.163,0.313,0.607,0.464,0.606,-0.49,0.224,0.852,0.352,0.388,0.653,0.865,-0.551,0.734,-0.762,0.863,0.707,-0.26,0.714,0.63,0.71,-0.395,0.632,0.611,0.47,0.209,0.516,0.581,0.877,-0.072,-0.719,-0.03,0.86,0.689,0.421,-0.504,-0.528,0.473,-0.13,-0.688,-0.303,-0.767,-0.654,-0.589,0.628,0.817,0.471,0.025,0.258,-0.23,0.54,0.499,-0.467,0.863,0.519,0.359,0.171,0.894,-0.291,0.631,0.614,0.854,0.792,0.548,-0.453,0.87,0.335,0.728,0.877,0.869,0.79,-0.729,0.894,0.703,0.897,-0.772,0.459,0.694,0.708,-0.091,-0.115,0.782,-0.607,0.811,-0.268,-0.782,-0.472,0.717,-0.341,0.8,0.503,-0.127,-0.774,0.864,0.85,-0.595,0.635,0.788,0.886,0.843,0.369,0.872,0.481,0.149,0.919,0.905,-0.18,0.819,0.834,-0.1,0.83,0.188,0.608,0.788,-0.425,0.607,0.881,0.161,0.829,0.474,0.722,0.762,0.806,0.694,0.784,0.508,-0.716,0.231,0.609,0.39,0.867,0.426,0.799,-0.302,-0.239,0.833,-0.692,0.638,0.803,0.87,0.536,0.719,-0.292,-0.077,0.743,-0.644,0.775,-0.599,0.636,0.809,0.271,0.139,0.807,0.801,0.414,0.694,0.876,-0.344,0.652,0.708,0.299
AMD,-0.037,0.834,0.959,0.427,-0.234,0.763,0.746,0.842,0.0,0.935,0.428,0.075,0.385,-0.494,0.048,0.907,0.81,0.868,0.758,0.703,0.004,0.908,0.878,0.898,-0.515,0.568,0.778,-0.136,-0.808,0.834,0.895,0.818,0.952,0.483,-0.024,0.697,0.86,0.706,0.803,0.202,0.537,0.688,0.432,0.718,-0.299,0.407,0.854,0.516,0.571,0.69,0.954,-0.315,0.869,-0.837,0.958,0.754,-0.066,0.938,0.8,0.836,-0.484,0.817,0.667,0.516,0.323,0.596,0.747,0.876,-0.023,-0.703,-0.018,0.952,0.736,0.627,-0.535,-0.514,0.523,-0.225,-0.552,-0.354,-0.546,-0.433,-0.423,0.777,0.806,0.533,0.039,0.113,-0.008,0.384,0.436,-0.496,0.899,0.607,0.284,0.182,0.971,-0.269,0.536,0.472,0.914,0.91,0.68,-0.357,0.879,0.596,0.746,0.98,0.918,0.914,-0.747,0.955,0.793,0.918,-0.811,0.673,0.722,0.867,-0.17,0.043,0.825,-0.506,0.936,-0.424,-0.759,-0.48,0.788,-0.343,0.894,0.687,-0.087,-0.587,0.952,0.906,-0.695,0.788,0.895,0.962,0.921,0.427,0.954,0.671,0.348,0.826,0.922,-0.132,0.927,0.802,0.016,0.819,0.259,0.702,0.93,-0.322,0.638,0.92,0.399,0.844,0.638,0.909,0.838,0.966,0.785,0.86,0.663,-0.779,0.028,0.735,0.641,0.928,0.62,0.917,-0.323,0.036,0.886,-0.523,0.746,0.883,0.904,0.737,0.877,-0.279,0.002,0.886,-0.445,0.868,-0.436,0.79,0.706,0.367,0.153,0.721,0.921,0.463,0.608,0.883,-0.293,0.496,0.811,0.602
AMWD,-0.185,0.823,0.929,0.301,-0.22,0.751,0.621,0.798,0.935,0.0,0.563,0.009,0.204,-0.466,0.004,0.9,0.682,0.858,0.85,0.57,-0.057,0.925,0.772,0.778,-0.521,0.484,0.69,-0.318,-0.832,0.761,0.931,0.846,0.883,0.349,-0.155,0.763,0.89,0.803,0.8,0.127,0.574,0.689,0.405,0.582,-0.275,0.323,0.797,0.441,0.598,0.728,0.911,-0.24,0.784,-0.883,0.873,0.787,-0.138,0.947,0.747,0.887,-0.465,0.774,0.638,0.439,0.316,0.729,0.654,0.881,-0.183,-0.736,-0.203,0.931,0.712,0.615,-0.66,-0.41,0.532,-0.314,-0.499,-0.256,-0.494,-0.444,-0.295,0.687,0.814,0.568,-0.08,0.112,-0.022,0.294,0.336,-0.533,0.81,0.661,0.294,0.281,0.922,-0.458,0.488,0.418,0.848,0.919,0.624,-0.318,0.802,0.544,0.633,0.961,0.865,0.926,-0.826,0.898,0.675,0.886,-0.803,0.648,0.565,0.833,-0.222,-0.106,0.749,-0.568,0.849,-0.402,-0.84,-0.532,0.706,-0.519,0.933,0.78,-0.199,-0.682,0.964,0.814,-0.694,0.789,0.865,0.935,0.922,0.561,0.959,0.64,0.264,0.846,0.886,-0.182,0.911,0.811,-0.072,0.67,0.107,0.54,0.921,-0.306,0.514,0.954,0.472,0.831,0.66,0.836,0.864,0.925,0.726,0.789,0.666,-0.713,0.024,0.651,0.516,0.87,0.533,0.812,-0.464,0.071,0.918,-0.63,0.661,0.914,0.892,0.805,0.884,-0.363,0.061,0.882,-0.541,0.846,-0.358,0.681,0.613,0.486,0.049,0.665,0.946,0.481,0.579,0.753,-0.371,0.504,0.861,0.613
ARDX,-0.726,0.238,0.397,-0.214,0.125,0.524,-0.099,0.302,0.428,0.563,0.0,-0.405,-0.211,-0.327,-0.421,0.604,0.136,0.348,0.646,0.027,0.097,0.515,0.163,0.141,-0.425,-0.204,-0.026,-0.566,-0.459,0.348,0.459,0.378,0.243,-0.279,-0.678,0.347,0.612,0.72,0.421,-0.431,0.402,0.08,-0.175,-0.142,-0.169,-0.212,0.352,-0.284,0.28,0.316,0.352,0.094,0.102,-0.686,0.363,0.447,-0.169,0.536,0.101,0.624,-0.185,0.582,-0.002,-0.161,0.078,0.413,0.171,0.492,-0.523,-0.326,-0.645,0.398,0.108,0.19,-0.786,-0.074,-0.016,-0.303,0.014,0.322,-0.093,-0.257,0.155,0.017,0.524,0.498,-0.571,0.092,0.061,0.154,0.209,-0.512,0.432,0.726,-0.27,0.564,0.362,-0.574,0.155,0.132,0.18,0.529,0.307,-0.043,0.102,0.17,-0.077,0.468,0.28,0.429,-0.72,0.302,0.098,0.251,-0.454,0.231,-0.153,0.196,-0.52,-0.494,0.113,-0.602,0.207,-0.11,-0.457,-0.667,-0.005,-0.686,0.566,0.85,-0.59,-0.406,0.509,0.232,-0.449,0.226,0.274,0.394,0.354,0.648,0.498,0.481,-0.067,0.268,0.323,-0.425,0.365,0.281,-0.427,0.031,-0.577,0.001,0.545,-0.228,0.033,0.484,0.526,0.236,0.395,0.437,0.558,0.422,0.014,0.122,0.233,-0.152,-0.08,0.035,-0.005,0.241,-0.035,0.417,-0.715,0.049,0.592,-0.442,0.034,0.44,0.407,0.718,0.628,-0.63,0.096,0.406,-0.268,0.277,-0.005,-0.014,0.127,0.681,-0.079,0.018,0.471,0.111,0.215,0.253,-0.072,-0.119,0.338,0.237
ARQT,0.597,0.328,0.072,0.487,-0.14,0.18,0.476,0.091,0.075,0.009,-0.405,0.0,0.183,-0.038,0.826,-0.074,0.219,0.182,-0.181,0.12,-0.246,-0.077,0.042,0.212,0.227,0.483,0.446,0.592,0.017,-0.073,0.075,0.386,0.176,0.646,0.778,-0.018,-0.195,-0.378,-0.137,0.79,-0.275,0.496,0.174,0.336,-0.074,0.488,-0.079,0.588,0.421,0.136,0.135,-0.227,0.292,0.307,0.002,-0.33,0.224,-0.058,0.288,0.039,0.037,-0.289,0.422,0.238,0.247,-0.13,0.051,-0.108,0.283,0.038,0.377,0.185,0.379,0.169,0.489,-0.178,0.689,-0.135,-0.09,-0.4,-0.143,0.099,-0.321,0.425,-0.2,-0.28,0.821,0.158,-0.157,-0.255,-0.068,0.625,0.111,-0.395,0.614,-0.727,0.153,0.168,0.162,0.304,0.225,-0.062,0.177,-0.429,0.354,0.299,0.517,0.03,0.084,0.1,0.377,0.156,0.138,0.257,-0.131,-0.135,0.328,0.306,0.628,0.596,0.461,0.51,0.312,-0.445,-0.078,0.286,0.367,0.545,-0.063,-0.362,0.715,0.072,0.001,0.29,-0.021,0.114,0.358,0.108,0.164,-0.414,-0.042,-0.508,0.249,0.217,0.055,0.656,0.187,0.191,0.739,0.349,0.652,0.174,-0.085,0.063,-0.074,0.095,-0.206,0.205,0.256,0.08,-0.231,0.121,0.514,0.333,0.372,-0.337,0.111,0.558,0.411,0.278,0.567,-0.027,0.634,0.386,-0.144,0.084,0.437,0.248,0.121,-0.378,-0.281,0.693,-0.005,0.174,-0.044,0.354,-0.264,0.458,0.268,-0.542,-0.044,0.344,0.205,0.204,0.11,0.012,-0.533,0.56,0.254,0.155
ASTE,0.482,0.366,0.436,0.436,-0.496,-0.072,0.414,0.399,0.385,0.204,-0.211,0.183,0.0,-0.412,0.045,0.108,0.573,0.458,0.255,0.46,0.064,0.299,0.48,0.567,0.065,0.62,0.534,0.39,-0.408,0.373,0.278,0.25,0.403,0.582,0.303,0.086,0.216,-0.045,0.435,0.338,-0.134,0.277,0.451,0.568,-0.469,0.032,0.504,0.21,-0.203,0.087,0.429,-0.107,0.413,-0.071,0.434,0.275,-0.339,0.228,0.518,0.01,0.152,0.15,0.163,0.736,0.431,0.035,0.449,0.311,0.199,-0.391,0.606,0.262,0.214,0.194,0.183,-0.037,0.264,0.488,-0.691,-0.248,-0.357,-0.469,-0.516,0.22,0.298,0.166,0.094,0.288,-0.414,0.634,0.696,-0.183,0.327,0.001,0.038,-0.007,0.457,0.464,0.438,0.594,0.482,0.335,0.052,-0.378,0.537,0.21,0.606,0.332,0.525,0.225,-0.176,0.492,0.711,0.364,-0.201,0.114,0.515,0.425,-0.022,-0.012,0.532,-0.108,0.52,0.2,-0.012,0.281,0.566,0.376,0.279,-0.027,0.046,-0.214,0.244,0.545,0.146,0.168,0.24,0.429,0.342,0.105,0.275,0.288,0.308,0.375,0.441,-0.044,0.248,0.445,0.209,0.493,0.299,0.696,0.161,-0.462,0.22,0.289,-0.164,0.48,-0.098,0.242,0.299,0.326,0.375,0.388,-0.054,-0.243,0.635,0.511,0.153,0.503,0.393,0.285,-0.019,0.008,0.323,-0.111,0.417,0.314,0.468,0.005,0.076,-0.043,0.047,0.515,-0.182,0.387,-0.602,0.492,0.645,-0.169,0.082,0.522,0.303,0.475,0.639,0.49,-0.011,0.209,0.181,-0.117
AUPH,0.064,-0.556,-0.49,-0.021,0.456,-0.389,-0.142,-0.495,-0.494,-0.466,-0.327,-0.038,-0.412,0.0,0.088,-0.449,-0.374,-0.378,-0.544,-0.14,0.393,-0.511,-0.425,-0.435,0.453,-0.45,-0.335,-0.109,0.692,-0.218,-0.544,-0.57,-0.392,-0.419,0.086,-0.162,-0.429,-0.299,-0.51,0.058,0.24,-0.393,0.085,-0.163,0.702,0.11,-0.383,-0.016,-0.183,0.087,-0.38,0.424,-0.177,0.437,-0.571,-0.179,0.432,-0.347,-0.167,-0.475,0.277,-0.224,0.127,-0.183,-0.22,-0.132,-0.091,-0.532,0.414,0.536,0.064,-0.401,-0.074,-0.009,0.407,0.323,-0.241,0.155,0.482,0.013,0.672,0.648,0.55,-0.202,-0.499,-0.217,0.085,-0.189,0.648,-0.486,-0.721,0.345,-0.562,-0.437,0.023,-0.107,-0.541,-0.065,-0.173,-0.764,-0.481,-0.535,-0.362,0.792,-0.451,0.049,-0.355,-0.518,-0.479,-0.236,0.573,-0.511,-0.427,-0.469,0.617,0.21,-0.154,-0.279,0.559,0.319,-0.579,0.563,-0.422,0.198,0.449,0.454,-0.204,0.04,-0.527,-0.352,0.295,0.595,-0.464,-0.528,0.38,-0.043,-0.388,-0.473,-0.359,-0.25,-0.472,-0.16,0.192,-0.512,-0.415,0.383,-0.247,-0.345,0.255,-0.449,0.088,-0.356,-0.375,0.921,0.13,-0.542,0.237,-0.542,-0.343,-0.381,-0.451,-0.393,-0.282,-0.212,-0.112,0.451,-0.372,-0.351,-0.14,-0.405,-0.046,-0.481,0.289,0.129,-0.59,0.493,-0.078,-0.53,-0.584,-0.249,-0.319,0.454,0.169,-0.537,0.58,-0.372,0.723,-0.218,-0.64,-0.119,0.418,-0.379,-0.563,-0.119,-0.753,-0.453,0.484,-0.169,-0.181,0.154
AVXL,0.589,0.281,-0.018,0.526,0.059,0.226,0.562,-0.054,0.048,0.004,-0.421,0.826,0.045,0.088,0.0,-0.117,0.137,0.148,-0.279,-0.004,-0.16,-0.163,0.009,0.133,0.173,0.479,0.483,0.488,0.195,-0.097,-0.021,0.306,0.177,0.51,0.753,0.04,-0.209,-0.373,-0.263,0.782,-0.185,0.464,0.104,0.345,0.202,0.654,-0.215,0.716,0.533,0.078,0.086,-0.189,0.276,0.353,-0.049,-0.372,0.389,-0.037,0.271,-0.01,-0.158,-0.263,0.465,0.123,0.119,-0.101,0.093,-0.236,0.468,0.064,0.441,0.134,0.426,0.253,0.549,-0.164,0.725,-0.342,0.1,-0.544,0.005,0.359,-0.194,0.52,-0.379,-0.316,0.877,-0.151,0.08,-0.501,-0.271,0.675,-0.0,-0.53,0.679,-0.829,0.073,0.174,-0.063,0.038,0.223,-0.155,0.143,-0.307,0.283,0.414,0.442,-0.031,-0.026,0.089,0.486,0.072,0.042,0.197,-0.057,-0.013,0.277,0.31,0.635,0.786,0.387,0.667,0.26,-0.535,-0.058,0.261,0.318,0.552,-0.139,-0.395,0.849,0.27,-0.03,0.158,-0.134,0.173,0.325,0.051,0.11,-0.562,-0.077,-0.494,0.26,0.095,-0.048,0.741,0.148,0.048,0.811,0.26,0.749,0.075,-0.086,0.267,-0.045,0.025,-0.12,0.107,0.275,0.157,-0.347,0.135,0.517,0.308,0.46,-0.32,-0.154,0.56,0.541,0.197,0.566,-0.058,0.74,0.394,-0.256,0.271,0.393,0.185,-0.021,-0.383,-0.257,0.808,-0.018,0.081,0.115,0.313,-0.034,0.508,0.044,-0.597,-0.069,0.192,0.141,0.004,-0.113,-0.069,-0.541,0.483,0.228,0.337
AZTA,-0.361,0.675,0.841,0.246,-0.034,0.848,0.533,0.756,0.907,0.9,0.604,-0.074,0.108,-0.449,-0.117,0.0,0.645,0.724,0.765,0.55,0.007,0.881,0.759,0.736,-0.606,0.305,0.534,-0.298,-0.747,0.758,0.843,0.747,0.823,0.215,-0.268,0.63,0.874,0.829,0.72,-0.017,0.599,0.562,0.211,0.473,-0.211,0.351,0.74,0.34,0.613,0.651,0.822,-0.233,0.706,-0.915,0.875,0.702,0.017,0.884,0.586,0.93,-0.501,0.847,0.532,0.231,0.173,0.572,0.622,0.858,-0.292,-0.593,-0.352,0.897,0.592,0.568,-0.759,-0.586,0.344,-0.349,-0.305,-0.128,-0.427,-0.322,-0.238,0.658,0.854,0.532,-0.11,0.161,0.101,0.263,0.266,-0.521,0.872,0.798,0.144,0.314,0.841,-0.478,0.399,0.337,0.746,0.874,0.786,-0.224,0.675,0.504,0.478,0.921,0.778,0.841,-0.807,0.811,0.571,0.798,-0.794,0.624,0.525,0.723,-0.305,-0.062,0.63,-0.602,0.771,-0.479,-0.781,-0.651,0.558,-0.556,0.883,0.83,-0.257,-0.588,0.903,0.755,-0.78,0.725,0.835,0.841,0.805,0.48,0.916,0.666,0.197,0.712,0.821,-0.278,0.846,0.643,-0.183,0.672,0.03,0.472,0.944,-0.26,0.576,0.858,0.5,0.689,0.726,0.847,0.832,0.881,0.594,0.707,0.647,-0.712,-0.15,0.488,0.554,0.755,0.432,0.901,-0.428,0.055,0.872,-0.55,0.536,0.824,0.787,0.826,0.925,-0.417,0.081,0.738,-0.412,0.719,-0.268,0.544,0.537,0.498,0.11,0.51,0.864,0.326,0.464,0.772,-0.217,0.358,0.755,0.629
BAND,0.246,0.691,0.798,0.537,-0.301,0.508,0.771,0.762,0.81,0.682,0.136,0.219,0.573,-0.374,0.137,0.645,0.0,0.694,0.505,0.738,0.022,0.722,0.809,0.885,-0.376,0.607,0.774,0.119,-0.614,0.77,0.698,0.628,0.838,0.584,0.243,0.455,0.564,0.415,0.612,0.399,0.369,0.523,0.491,0.776,-0.235,0.482,0.749,0.548,0.379,0.636,0.828,-0.375,0.792,-0.569,0.807,0.564,-0.031,0.686,0.745,0.598,-0.307,0.637,0.628,0.57,0.311,0.334,0.813,0.686,0.214,-0.604,0.2,0.796,0.746,0.554,-0.238,-0.457,0.503,-0.059,-0.568,-0.42,-0.547,-0.348,-0.451,0.733,0.611,0.307,0.204,0.187,0.025,0.467,0.466,-0.26,0.765,0.324,0.308,-0.003,0.828,-0.003,0.57,0.481,0.882,0.736,0.536,-0.34,0.863,0.547,0.795,0.779,0.826,0.735,-0.487,0.829,0.74,0.803,-0.629,0.585,0.773,0.754,0.005,0.195,0.745,-0.278,0.876,-0.302,-0.536,-0.17,0.821,-0.064,0.66,0.349,0.119,-0.408,0.739,0.846,-0.488,0.706,0.738,0.824,0.745,0.182,0.742,0.47,0.404,0.697,0.801,-0.006,0.754,0.704,0.176,0.831,0.425,0.712,0.715,-0.239,0.656,0.699,0.191,0.707,0.456,0.751,0.585,0.8,0.75,0.837,0.593,-0.7,0.154,0.721,0.563,0.849,0.585,0.752,-0.088,-0.048,0.653,-0.346,0.814,0.687,0.739,0.435,0.598,-0.069,-0.049,0.726,-0.287,0.74,-0.446,0.818,0.712,0.008,0.298,0.763,0.704,0.398,0.511,0.869,-0.197,0.483,0.694,0.462
BECN,0.088,0.763,0.887,0.54,-0.254,0.584,0.718,0.665,0.868,0.858,0.348,0.182,0.458,-0.378,0.148,0.724,0.694,0.0,0.767,0.585,0.127,0.786,0.754,0.804,-0.237,0.626,0.812,-0.121,-0.725,0.787,0.807,0.776,0.857,0.496,0.063,0.712,0.804,0.653,0.745,0.354,0.479,0.742,0.614,0.717,-0.263,0.358,0.8,0.544,0.507,0.656,0.885,-0.035,0.831,-0.65,0.793,0.724,-0.211,0.878,0.898,0.662,-0.283,0.666,0.661,0.698,0.484,0.68,0.702,0.739,0.014,-0.711,0.142,0.832,0.671,0.703,-0.35,-0.212,0.592,-0.084,-0.564,-0.31,-0.329,-0.396,-0.266,0.657,0.666,0.541,0.063,0.156,-0.062,0.302,0.397,-0.424,0.686,0.439,0.342,0.17,0.881,-0.197,0.488,0.425,0.808,0.823,0.439,-0.303,0.82,0.657,0.76,0.858,0.822,0.875,-0.62,0.889,0.807,0.815,-0.683,0.637,0.664,0.897,-0.07,0.029,0.794,-0.296,0.891,-0.263,-0.627,-0.178,0.827,-0.257,0.816,0.598,-0.034,-0.505,0.833,0.84,-0.427,0.775,0.788,0.894,0.888,0.488,0.828,0.636,0.563,0.768,0.834,0.033,0.851,0.81,0.206,0.653,0.272,0.699,0.764,-0.241,0.473,0.846,0.449,0.801,0.483,0.737,0.767,0.858,0.79,0.808,0.526,-0.64,0.183,0.774,0.546,0.879,0.727,0.692,-0.346,0.272,0.794,-0.412,0.762,0.845,0.859,0.677,0.694,-0.163,0.206,0.932,-0.403,0.876,-0.373,0.793,0.652,0.356,0.093,0.675,0.855,0.663,0.616,0.693,-0.298,0.51,0.815,0.595
BFC,-0.374,0.602,0.816,0.061,-0.29,0.545,0.271,0.62,0.758,0.85,0.646,-0.181,0.255,-0.544,-0.279,0.765,0.505,0.767,0.0,0.36,-0.005,0.839,0.551,0.575,-0.431,0.351,0.405,-0.412,-0.842,0.62,0.832,0.659,0.662,0.164,-0.428,0.613,0.886,0.815,0.86,-0.142,0.481,0.468,0.301,0.35,-0.457,-0.069,0.716,0.128,0.282,0.517,0.714,0.025,0.534,-0.828,0.713,0.759,-0.404,0.834,0.585,0.743,-0.183,0.621,0.318,0.462,0.382,0.668,0.476,0.812,-0.442,-0.665,-0.283,0.725,0.403,0.386,-0.734,-0.156,0.3,-0.055,-0.55,0.04,-0.402,-0.593,-0.15,0.313,0.81,0.585,-0.399,0.282,-0.244,0.424,0.452,-0.736,0.599,0.794,-0.029,0.586,0.759,-0.477,0.492,0.481,0.624,0.85,0.433,-0.326,0.579,0.255,0.398,0.813,0.765,0.705,-0.899,0.743,0.624,0.662,-0.648,0.442,0.259,0.663,-0.435,-0.469,0.554,-0.708,0.649,-0.155,-0.631,-0.44,0.495,-0.594,0.912,0.832,-0.553,-0.716,0.798,0.669,-0.427,0.567,0.596,0.768,0.765,0.808,0.805,0.654,0.082,0.692,0.776,-0.486,0.703,0.711,-0.275,0.372,-0.245,0.52,0.73,-0.503,0.231,0.812,0.427,0.751,0.471,0.598,0.889,0.733,0.438,0.507,0.374,-0.424,0.264,0.447,0.148,0.672,0.295,0.605,-0.698,0.103,0.918,-0.69,0.43,0.789,0.828,0.832,0.766,-0.651,0.149,0.81,-0.589,0.634,-0.41,0.406,0.582,0.607,-0.169,0.535,0.823,0.563,0.662,0.556,-0.267,0.22,0.653,0.323
BGC,0.289,0.628,0.738,0.435,-0.343,0.344,0.666,0.769,0.703,0.57,0.027,0.12,0.46,-0.14,-0.004,0.55,0.738,0.585,0.36,0.0,0.064,0.627,0.76,0.804,-0.154,0.455,0.627,0.122,-0.582,0.7,0.647,0.523,0.714,0.568,0.27,0.558,0.522,0.33,0.567,0.331,0.392,0.456,0.598,0.715,-0.265,0.296,0.81,0.45,0.197,0.697,0.79,-0.296,0.787,-0.515,0.719,0.634,0.007,0.611,0.741,0.466,-0.143,0.584,0.663,0.63,0.304,0.38,0.664,0.653,0.187,-0.471,0.189,0.718,0.673,0.393,-0.155,-0.329,0.378,0.198,-0.625,-0.331,-0.505,-0.398,-0.493,0.613,0.601,0.394,0.143,0.213,-0.016,0.481,0.351,-0.293,0.688,0.301,0.28,0.075,0.74,-0.027,0.637,0.383,0.724,0.625,0.389,-0.154,0.768,0.462,0.726,0.693,0.766,0.705,-0.423,0.748,0.708,0.748,-0.514,0.551,0.818,0.629,0.183,0.13,0.642,-0.294,0.731,-0.153,-0.456,-0.101,0.808,-0.119,0.572,0.278,0.062,-0.406,0.668,0.759,-0.286,0.576,0.665,0.718,0.737,0.249,0.679,0.46,0.42,0.656,0.783,0.071,0.741,0.746,0.136,0.783,0.409,0.654,0.628,-0.115,0.728,0.597,0.229,0.663,0.306,0.598,0.609,0.678,0.655,0.788,0.362,-0.558,0.19,0.582,0.479,0.783,0.542,0.673,-0.089,-0.055,0.575,-0.341,0.754,0.561,0.701,0.393,0.556,-0.026,-0.088,0.616,-0.304,0.682,-0.411,0.682,0.675,0.134,0.471,0.74,0.574,0.54,0.465,0.793,-0.085,0.56,0.611,0.311
BHF,-0.115,-0.362,-0.073,0.23,0.538,0.037,0.073,-0.323,0.004,-0.057,0.097,-0.246,0.064,0.393,-0.16,0.007,0.022,0.127,-0.005,0.064,0.0,-0.139,-0.047,-0.031,0.373,-0.153,-0.061,-0.079,0.196,0.397,-0.24,-0.26,-0.056,-0.285,-0.211,-0.081,0.219,0.154,-0.056,-0.082,0.421,-0.293,0.044,0.053,0.407,0.054,0.026,-0.052,-0.142,0.094,0.028,0.631,0.072,0.035,-0.064,0.112,0.353,0.162,0.211,-0.086,0.216,0.308,-0.04,0.16,0.297,-0.013,0.319,-0.176,0.151,0.213,0.048,-0.088,-0.1,0.222,0.077,0.27,-0.239,0.281,0.233,0.074,0.6,0.459,0.402,-0.053,-0.117,0.074,-0.216,-0.139,0.522,-0.068,-0.141,-0.072,-0.122,0.056,-0.398,0.221,-0.117,0.15,-0.132,-0.444,-0.155,-0.002,-0.044,0.559,-0.191,0.385,-0.171,-0.07,-0.058,0.063,0.111,-0.118,0.093,-0.229,0.229,0.397,-0.015,0.022,-0.027,0.131,-0.263,0.217,-0.021,0.167,0.388,0.249,0.068,-0.034,-0.09,0.18,-0.059,0.547,-0.085,-0.1,0.195,0.085,-0.132,-0.066,-0.084,0.141,-0.075,0.388,0.502,-0.39,-0.081,0.08,-0.012,-0.155,0.126,-0.175,-0.039,0.12,0.055,0.403,0.19,-0.243,0.447,-0.241,-0.08,0.028,0.041,0.001,-0.156,-0.008,-0.11,0.198,-0.219,-0.088,0.128,-0.078,0.201,0.006,-0.091,0.34,-0.111,0.516,0.116,-0.176,-0.14,0.217,0.109,0.009,0.137,0.019,0.61,-0.056,0.434,0.024,-0.272,0.161,0.405,-0.257,-0.153,0.14,-0.345,-0.018,0.579,-0.441,-0.026,0.287
BHFAL,-0.193,0.773,0.924,0.274,-0.331,0.642,0.533,0.865,0.908,0.925,0.515,-0.077,0.299,-0.511,-0.163,0.881,0.722,0.786,0.839,0.627,-0.139,0.0,0.827,0.815,-0.576,0.452,0.619,-0.344,-0.868,0.761,0.932,0.771,0.859,0.323,-0.176,0.721,0.859,0.772,0.825,0.058,0.52,0.603,0.458,0.581,-0.357,0.236,0.874,0.373,0.465,0.678,0.881,-0.309,0.741,-0.889,0.913,0.843,-0.244,0.876,0.676,0.845,-0.422,0.774,0.55,0.449,0.257,0.676,0.666,0.955,-0.182,-0.781,-0.19,0.907,0.616,0.583,-0.706,-0.441,0.364,-0.213,-0.586,-0.181,-0.579,-0.559,-0.358,0.612,0.896,0.593,-0.167,0.208,-0.114,0.463,0.44,-0.628,0.828,0.705,0.229,0.37,0.911,-0.392,0.548,0.497,0.831,0.915,0.612,-0.321,0.8,0.409,0.611,0.954,0.888,0.873,-0.873,0.909,0.69,0.879,-0.804,0.616,0.581,0.803,-0.307,-0.217,0.716,-0.666,0.824,-0.27,-0.813,-0.508,0.682,-0.518,0.927,0.738,-0.303,-0.757,0.945,0.81,-0.645,0.749,0.804,0.923,0.887,0.57,0.961,0.678,0.207,0.865,0.919,-0.299,0.862,0.801,-0.207,0.695,0.048,0.547,0.911,-0.398,0.58,0.927,0.383,0.817,0.599,0.796,0.882,0.872,0.655,0.777,0.549,-0.703,0.136,0.54,0.385,0.851,0.405,0.828,-0.52,-0.092,0.957,-0.668,0.606,0.868,0.89,0.785,0.873,-0.448,0.075,0.821,-0.575,0.777,-0.433,0.593,0.68,0.471,0.105,0.669,0.881,0.453,0.657,0.823,-0.255,0.471,0.782,0.471
BKNG,0.14,0.731,0.85,0.523,-0.35,0.536,0.756,0.82,0.878,0.772,0.163,0.042,0.48,-0.425,0.009,0.759,0.809,0.754,0.551,0.76,-0.047,0.827,0.0,0.922,-0.483,0.599,0.785,-0.067,-0.719,0.823,0.773,0.65,0.911,0.472,0.14,0.624,0.692,0.536,0.678,0.267,0.445,0.592,0.587,0.783,-0.223,0.478,0.852,0.56,0.433,0.582,0.864,-0.429,0.819,-0.687,0.924,0.748,-0.117,0.778,0.754,0.656,-0.5,0.759,0.616,0.542,0.181,0.55,0.765,0.838,0.139,-0.728,0.128,0.837,0.643,0.618,-0.404,-0.537,0.363,-0.147,-0.597,-0.423,-0.527,-0.398,-0.505,0.76,0.748,0.483,0.089,0.079,0.014,0.441,0.423,-0.442,0.808,0.427,0.331,0.103,0.873,-0.005,0.424,0.406,0.891,0.791,0.582,-0.243,0.853,0.519,0.729,0.871,0.851,0.831,-0.605,0.89,0.758,0.857,-0.722,0.663,0.834,0.787,-0.157,0.114,0.739,-0.417,0.85,-0.266,-0.674,-0.313,0.793,-0.21,0.732,0.448,0.001,-0.53,0.832,0.819,-0.586,0.774,0.775,0.876,0.807,0.229,0.87,0.669,0.39,0.779,0.867,-0.076,0.785,0.686,-0.022,0.849,0.399,0.636,0.848,-0.289,0.776,0.787,0.259,0.746,0.477,0.776,0.708,0.836,0.757,0.862,0.5,-0.777,0.023,0.592,0.605,0.834,0.511,0.849,-0.234,-0.123,0.763,-0.359,0.702,0.723,0.791,0.57,0.754,-0.175,0.038,0.747,-0.385,0.74,-0.422,0.733,0.653,0.235,0.291,0.673,0.733,0.388,0.564,0.913,-0.138,0.511,0.712,0.52
BL,0.213,0.785,0.883,0.606,-0.409,0.583,0.816,0.845,0.898,0.778,0.141,0.212,0.567,-0.435,0.133,0.736,0.885,0.804,0.575,0.804,-0.031,0.815,0.922,0.0,-0.406,0.661,0.832,0.048,-0.755,0.821,0.813,0.75,0.932,0.637,0.252,0.578,0.681,0.459,0.675,0.396,0.354,0.662,0.563,0.808,-0.365,0.463,0.859,0.596,0.453,0.648,0.915,-0.423,0.858,-0.641,0.903,0.669,-0.097,0.768,0.829,0.692,-0.37,0.68,0.704,0.637,0.337,0.477,0.802,0.81,0.169,-0.721,0.21,0.885,0.703,0.571,-0.316,-0.544,0.523,-0.072,-0.662,-0.493,-0.602,-0.431,-0.616,0.796,0.731,0.412,0.203,0.203,-0.083,0.444,0.442,-0.324,0.857,0.401,0.382,0.015,0.917,-0.019,0.521,0.549,0.92,0.805,0.615,-0.393,0.939,0.567,0.844,0.88,0.897,0.827,-0.566,0.934,0.847,0.901,-0.754,0.597,0.86,0.842,0.029,0.154,0.859,-0.368,0.932,-0.392,-0.648,-0.248,0.888,-0.112,0.74,0.41,0.085,-0.538,0.821,0.936,-0.551,0.745,0.824,0.908,0.836,0.218,0.85,0.532,0.435,0.811,0.897,-0.015,0.838,0.774,0.163,0.927,0.455,0.775,0.812,-0.312,0.697,0.798,0.24,0.813,0.515,0.797,0.691,0.876,0.826,0.908,0.535,-0.794,0.152,0.746,0.619,0.911,0.648,0.856,-0.125,-0.002,0.762,-0.388,0.811,0.79,0.852,0.491,0.688,-0.098,-0.017,0.811,-0.421,0.827,-0.575,0.808,0.815,0.093,0.232,0.78,0.811,0.478,0.62,0.933,-0.298,0.56,0.748,0.472
BOKF,0.4,-0.441,-0.457,0.048,0.176,-0.492,-0.211,-0.578,-0.515,-0.521,-0.425,0.227,0.065,0.453,0.173,-0.606,-0.376,-0.237,-0.431,-0.154,0.373,-0.576,-0.483,-0.406,0.0,-0.077,-0.235,0.414,0.472,-0.315,-0.53,-0.369,-0.501,0.013,0.295,-0.307,-0.407,-0.492,-0.407,0.303,-0.263,-0.18,0.091,-0.144,0.176,-0.134,-0.362,-0.057,-0.35,-0.198,-0.407,0.584,-0.233,0.668,-0.552,-0.389,0.136,-0.452,-0.082,-0.579,0.621,-0.503,-0.172,0.192,0.331,-0.274,-0.344,-0.55,0.139,0.481,0.335,-0.498,-0.302,-0.192,0.646,0.543,-0.086,0.56,0.176,0.247,0.509,0.301,0.263,-0.381,-0.502,-0.162,0.198,0.173,-0.039,-0.153,-0.169,0.461,-0.537,-0.503,-0.124,-0.196,-0.463,0.369,-0.11,-0.201,-0.488,-0.437,-0.523,0.298,-0.393,-0.044,-0.151,-0.532,-0.431,-0.404,0.61,-0.437,-0.239,-0.45,0.6,-0.262,-0.188,-0.311,0.404,0.184,-0.279,0.594,-0.341,0.402,0.595,0.731,-0.151,0.46,-0.509,-0.457,0.251,0.489,-0.542,-0.353,0.801,-0.418,-0.387,-0.484,-0.364,-0.144,-0.575,-0.329,0.27,-0.468,-0.452,0.432,-0.375,-0.222,0.421,-0.385,0.152,-0.171,-0.593,0.315,-0.35,-0.535,-0.142,-0.366,-0.418,-0.532,-0.427,-0.522,-0.251,-0.316,-0.417,0.5,0.237,-0.147,-0.172,-0.338,0.116,-0.593,0.329,0.51,-0.547,0.465,-0.133,-0.438,-0.4,-0.442,-0.603,0.466,0.224,-0.262,0.376,-0.242,0.22,-0.202,-0.296,-0.186,0.144,-0.289,-0.471,0.227,-0.211,-0.53,0.216,-0.096,-0.333,-0.255
BRKR,0.561,0.666,0.604,0.572,-0.466,0.29,0.692,0.48,0.568,0.484,-0.204,0.483,0.62,-0.45,0.479,0.305,0.607,0.626,0.351,0.455,-0.153,0.452,0.599,0.661,-0.077,0.0,0.786,0.344,-0.508,0.411,0.514,0.582,0.655,0.731,0.51,0.392,0.352,0.069,0.473,0.598,0.088,0.666,0.53,0.746,-0.314,0.428,0.473,0.68,0.308,0.261,0.606,-0.275,0.617,-0.18,0.57,0.281,-0.135,0.469,0.706,0.299,-0.19,0.156,0.507,0.705,0.408,0.281,0.474,0.421,0.218,-0.504,0.506,0.552,0.552,0.38,0.143,-0.227,0.662,0.004,-0.644,-0.505,-0.437,-0.316,-0.514,0.631,0.278,0.155,0.445,0.07,-0.312,0.267,0.395,-0.065,0.418,-0.035,0.47,-0.294,0.639,0.236,0.336,0.557,0.726,0.444,0.287,-0.515,0.749,0.39,0.802,0.533,0.614,0.49,-0.19,0.654,0.654,0.653,-0.444,0.268,0.635,0.701,0.138,0.278,0.792,0.0,0.708,-0.245,-0.345,0.151,0.724,0.313,0.466,0.002,0.302,-0.32,0.492,0.678,-0.194,0.453,0.604,0.608,0.605,-0.008,0.473,0.145,0.354,0.603,0.567,0.211,0.518,0.597,0.449,0.628,0.596,0.636,0.359,-0.35,0.249,0.528,-0.095,0.668,0.296,0.443,0.357,0.58,0.735,0.635,0.427,-0.555,0.315,0.788,0.498,0.685,0.608,0.404,0.13,0.157,0.414,-0.213,0.631,0.585,0.611,0.109,0.222,0.193,-0.009,0.652,-0.348,0.65,-0.542,0.753,0.622,-0.214,-0.102,0.674,0.583,0.473,0.594,0.494,-0.47,0.565,0.496,0.247
CACC,0.495,0.835,0.751,0.71,-0.337,0.487,0.926,0.657,0.778,0.69,-0.026,0.446,0.534,-0.335,0.483,0.534,0.774,0.812,0.405,0.627,-0.061,0.619,0.785,0.832,-0.235,0.786,0.0,0.183,-0.55,0.683,0.674,0.74,0.85,0.727,0.497,0.584,0.496,0.28,0.487,0.651,0.247,0.773,0.641,0.859,-0.138,0.626,0.641,0.767,0.573,0.575,0.818,-0.378,0.843,-0.401,0.736,0.484,-0.061,0.674,0.854,0.492,-0.422,0.477,0.764,0.646,0.345,0.488,0.7,0.572,0.359,-0.677,0.423,0.751,0.773,0.694,-0.007,-0.328,0.709,-0.23,-0.555,-0.627,-0.442,-0.254,-0.506,0.844,0.42,0.321,0.469,-0.066,-0.03,0.181,0.347,-0.071,0.654,0.042,0.656,-0.305,0.816,0.107,0.366,0.42,0.881,0.613,0.4,-0.398,0.902,0.699,0.922,0.727,0.737,0.765,-0.309,0.823,0.738,0.832,-0.641,0.549,0.848,0.847,0.202,0.379,0.862,-0.018,0.885,-0.369,-0.597,-0.032,0.89,0.115,0.573,0.186,0.422,-0.35,0.705,0.794,-0.458,0.724,0.805,0.825,0.776,0.024,0.695,0.343,0.556,0.757,0.707,0.358,0.748,0.706,0.449,0.811,0.667,0.622,0.636,-0.143,0.539,0.73,0.145,0.719,0.417,0.714,0.459,0.784,0.929,0.86,0.603,-0.775,0.095,0.868,0.699,0.865,0.777,0.637,0.072,0.113,0.543,-0.213,0.825,0.726,0.711,0.286,0.46,0.229,0.009,0.789,-0.3,0.849,-0.405,0.927,0.614,-0.061,0.156,0.744,0.728,0.459,0.504,0.717,-0.403,0.688,0.734,0.573
CAR,0.649,0.016,-0.168,0.309,-0.078,-0.088,0.217,-0.132,-0.136,-0.318,-0.566,0.592,0.39,-0.109,0.488,-0.298,0.119,-0.121,-0.412,0.122,-0.079,-0.344,-0.067,0.048,0.414,0.344,0.183,0.0,0.182,-0.205,-0.243,-0.007,-0.091,0.586,0.672,-0.293,-0.382,-0.55,-0.235,0.542,-0.45,0.113,-0.046,0.251,-0.134,0.233,-0.215,0.273,-0.043,-0.234,-0.124,-0.142,0.028,0.472,-0.083,-0.503,0.198,-0.325,0.02,-0.265,0.173,-0.378,0.012,0.185,0.125,-0.494,-0.11,-0.301,0.259,0.306,0.531,-0.158,0.007,-0.198,0.648,-0.117,0.27,0.265,-0.047,-0.182,-0.076,0.099,-0.318,0.127,-0.312,-0.401,0.654,0.116,-0.245,0.03,0.177,0.567,-0.039,-0.459,0.145,-0.617,-0.08,0.59,0.057,0.308,-0.0,-0.26,0.023,-0.304,0.085,0.007,0.28,-0.217,-0.06,-0.285,0.506,-0.079,0.105,-0.049,0.151,-0.385,0.253,-0.085,0.432,0.541,0.222,0.446,0.052,-0.149,0.303,0.381,0.115,0.809,-0.313,-0.531,0.565,0.303,-0.292,0.099,0.246,-0.28,0.017,-0.168,-0.162,-0.529,-0.295,-0.459,0.095,-0.136,-0.167,0.391,-0.18,-0.077,0.491,0.23,0.562,0.202,-0.33,-0.083,-0.159,-0.247,-0.494,-0.02,-0.044,-0.122,-0.376,-0.166,0.142,-0.01,-0.02,-0.072,0.189,0.278,0.292,-0.012,0.257,-0.113,0.666,0.241,-0.352,0.273,0.112,-0.154,-0.13,-0.54,-0.466,0.52,-0.17,-0.081,0.169,-0.033,-0.281,0.193,0.198,-0.631,0.008,0.154,-0.108,0.072,0.093,-0.041,-0.171,0.186,-0.194,-0.2
CDNA,0.108,-0.777,-0.869,-0.16,0.553,-0.517,-0.406,-0.815,-0.808,-0.832,-0.459,0.017,-0.408,0.692,0.195,-0.747,-0.614,-0.725,-0.842,-0.582,0.196,-0.868,-0.719,-0.755,0.472,-0.508,-0.55,0.182,0.0,-0.628,-0.909,-0.777,-0.738,-0.434,0.152,-0.576,-0.783,-0.612,-0.832,-0.016,-0.273,-0.562,-0.359,-0.492,0.658,0.016,-0.814,-0.212,-0.283,-0.521,-0.805,0.32,-0.608,0.791,-0.829,-0.718,0.443,-0.76,-0.617,-0.744,0.281,-0.574,-0.383,-0.538,-0.318,-0.574,-0.476,-0.897,0.331,0.806,0.131,-0.789,-0.452,-0.289,0.61,0.346,-0.366,0.072,0.758,0.135,0.678,0.75,0.542,-0.439,-0.863,-0.502,0.201,-0.291,0.437,-0.569,-0.569,0.602,-0.771,-0.659,-0.136,-0.349,-0.862,0.241,-0.507,-0.685,-0.76,-0.861,-0.49,0.502,-0.768,-0.225,-0.597,-0.869,-0.868,-0.722,0.86,-0.853,-0.73,-0.812,0.808,-0.324,-0.485,-0.655,0.312,0.38,-0.735,0.744,-0.731,0.209,0.746,0.449,-0.615,0.411,-0.878,-0.642,0.39,0.835,-0.835,-0.815,0.476,-0.509,-0.693,-0.842,-0.8,-0.584,-0.851,-0.533,-0.088,-0.847,-0.851,0.373,-0.726,-0.801,0.239,-0.655,0.002,-0.595,-0.748,0.662,-0.332,-0.862,-0.173,-0.849,-0.465,-0.611,-0.853,-0.75,-0.563,-0.634,-0.342,0.658,-0.349,-0.535,-0.264,-0.777,-0.354,-0.73,0.512,0.067,-0.922,0.72,-0.501,-0.824,-0.915,-0.635,-0.713,0.517,0.031,-0.834,0.747,-0.709,0.694,-0.48,-0.8,-0.41,0.138,-0.723,-0.863,-0.537,-0.801,-0.743,0.389,-0.435,-0.659,-0.186
CG,-0.025,0.551,0.789,0.546,-0.083,0.576,0.684,0.636,0.834,0.761,0.348,-0.073,0.373,-0.218,-0.097,0.758,0.77,0.787,0.62,0.7,0.397,0.761,0.823,0.821,-0.315,0.411,0.683,-0.205,-0.628,0.0,0.681,0.564,0.815,0.277,-0.038,0.597,0.801,0.653,0.614,0.195,0.629,0.444,0.552,0.684,-0.027,0.41,0.817,0.449,0.386,0.657,0.841,-0.073,0.77,-0.693,0.815,0.762,0.007,0.843,0.786,0.66,-0.323,0.85,0.573,0.535,0.362,0.555,0.861,0.731,0.103,-0.636,-0.006,0.78,0.566,0.717,-0.439,-0.311,0.267,-0.093,-0.424,-0.293,-0.233,-0.187,-0.223,0.663,0.68,0.511,-0.072,0.036,0.233,0.319,0.299,-0.456,0.72,0.5,0.144,0.253,0.783,-0.093,0.353,0.202,0.74,0.78,0.494,-0.006,0.708,0.666,0.595,0.811,0.76,0.838,-0.598,0.782,0.7,0.715,-0.634,0.802,0.701,0.762,-0.157,0.054,0.562,-0.331,0.788,-0.225,-0.522,-0.211,0.779,-0.334,0.7,0.581,-0.087,-0.322,0.786,0.72,-0.491,0.783,0.688,0.828,0.747,0.392,0.808,0.767,0.585,0.598,0.787,-0.044,0.767,0.626,0.018,0.668,0.233,0.579,0.854,-0.078,0.738,0.683,0.492,0.588,0.454,0.745,0.724,0.809,0.635,0.787,0.445,-0.638,-0.077,0.507,0.541,0.766,0.558,0.796,-0.351,0.075,0.715,-0.199,0.72,0.65,0.711,0.693,0.769,-0.211,0.104,0.748,-0.125,0.71,-0.171,0.658,0.479,0.357,0.391,0.518,0.676,0.481,0.364,0.82,0.047,0.287,0.691,0.623
CGBD,-0.091,0.878,0.938,0.242,-0.439,0.643,0.576,0.885,0.895,0.931,0.459,0.075,0.278,-0.544,-0.021,0.843,0.698,0.807,0.832,0.647,-0.24,0.932,0.773,0.813,-0.53,0.514,0.674,-0.243,-0.909,0.681,0.0,0.865,0.865,0.469,-0.052,0.737,0.807,0.692,0.822,0.154,0.413,0.708,0.451,0.57,-0.483,0.217,0.827,0.402,0.517,0.708,0.895,-0.361,0.754,-0.843,0.867,0.766,-0.296,0.855,0.71,0.835,-0.387,0.645,0.626,0.501,0.298,0.716,0.567,0.927,-0.213,-0.81,-0.136,0.921,0.69,0.474,-0.613,-0.425,0.532,-0.228,-0.656,-0.244,-0.667,-0.627,-0.464,0.63,0.858,0.564,-0.036,0.24,-0.231,0.402,0.416,-0.537,0.826,0.632,0.382,0.256,0.937,-0.407,0.577,0.58,0.858,0.905,0.577,-0.459,0.856,0.388,0.699,0.945,0.894,0.87,-0.829,0.925,0.702,0.935,-0.848,0.496,0.595,0.792,-0.167,-0.186,0.811,-0.629,0.839,-0.363,-0.861,-0.497,0.726,-0.471,0.932,0.671,-0.218,-0.813,0.932,0.868,-0.619,0.711,0.852,0.927,0.921,0.542,0.948,0.523,0.186,0.935,0.919,-0.2,0.89,0.864,-0.08,0.733,0.12,0.583,0.851,-0.445,0.465,0.959,0.319,0.893,0.593,0.766,0.862,0.879,0.739,0.785,0.569,-0.727,0.187,0.658,0.411,0.882,0.479,0.79,-0.431,-0.017,0.931,-0.716,0.652,0.915,0.947,0.697,0.796,-0.372,0.026,0.869,-0.729,0.847,-0.557,0.648,0.761,0.411,-0.036,0.775,0.937,0.531,0.715,0.785,-0.476,0.603,0.829,0.425
