,ACET,ADAP,ADI,ADPT,ADTN,AGEN,ALGN,ALLK,AMD,AMWD,ARDX,ARQT,ASTE,AUPH,AVXL,AZTA,BAND,BECN,BFC,BGC,BHF,BHFAL,BKNG,BL,BOKF,BRKR,CACC,CAR,CDNA,CG,CGBD,CHI,CHTR,CHX,CLNE,CME,CNOB,CNXN,CPRX,CSGP,CSGS,CSIQ,CVCO,CVLT,CYRX,DDOG,DOOO,DSGX,DTIL,ECPG,EEFT,EFSC,ENTG,ESPR,ETSY,EXC,FAMI,FFIV,FITB,FIZZ,FMBH,FOX,FTNT,FULT,GABC,GEN,GH,GMAB,GNPX,GO,GOGL,GOOG,GPRO,GSHD,GSM,GWAV,HAIN,HBAN,HEPA,HURN,HWKN,IBIO,ICFI,IGMS,IMKTA,INCY,INO,IRDM,IRTC,IRWD,ITCI,JACK,JD,JJSF,KALA,KHC,KLAC,KRRO,KRYS,LANC,LBTYA,LIVN,LKCO,LNTH,LOGI,LPRO,LRCX,LSCC,LSTR,MAR,MARA,MCHP,MEOH,META,MGTX,MKSI,MMYT,MORN,MRUS,MTLS,MTSI,MVIS,MXL,NBIX,NFE,NMIH,NMRK,NNDM,NSIT,NTCT,NVAX,OCUL,ODP,OLED,ONB,OTEX,PACB,PATK,PAYX,PEP,PERI,PI,PLYA,PRDO,PRGS,PTGX,QCOM,QCRH,QDEL,QFIN,RGEN,RILY,RPAY,RPD,SABR,SEDG,SHEN,SIRI,SLNO,SNDL,SNEX,SONO,SPT,SSNC,STGW,STKL,STRL,STX,SWTX,SYNA,TFSL,TIGR,TNXP,TOWN,TRI,TRIP,TRMB,TRNS,TRS,TSCO,TSEM,TVTX,TXRH,VC,VCEL,VECO,VIAV,VICR,VIR,VRTX,VSTM,VTRS,WDFC,WSBC,WSC,WYNN,XENE,XNCR,XRAY,ZS
ACET,0.0,0.638,0.545,0.571,0.041,-0.145,0.593,-0.279,0.45,-0.331,-0.551,-0.153,0.348,0.508,0.567,0.696,0.131,0.206,-0.8,0.152,-0.149,0.568,0.18,-0.136,-0.112,0.582,-0.051,0.55,0.762,0.546,-0.351,0.629,0.429,-0.259,0.561,0.176,0.313,-0.345,-0.725,0.406,-0.453,-0.458,0.444,0.37,0.468,0.596,0.234,0.528,-0.128,-0.009,0.398,-0.002,0.266,-0.577,0.376,0.078,0.481,0.42,0.149,-0.289,0.237,0.019,0.624,0.046,-0.126,0.677,0.431,0.313,-0.473,0.65,0.716,0.45,0.515,0.229,-0.658,0.606,0.142,0.15,0.537,-0.166,0.128,-0.288,-0.439,0.402,0.259,0.435,0.039,0.238,-0.038,0.406,0.816,-0.384,-0.245,-0.614,0.498,0.301,0.341,0.05,0.624,-0.555,0.503,0.295,0.494,0.275,0.545,0.598,0.395,0.557,0.357,0.281,0.472,0.303,-0.068,0.456,0.384,0.562,-0.422,0.436,0.864,0.659,0.323,0.63,0.427,0.41,-0.292,-0.023,0.251,0.41,-0.053,0.509,0.521,0.285,0.503,0.367,0.103,0.454,0.421,0.184,0.135,-0.067,0.343,0.176,0.439,0.281,-0.295,0.746,0.375,0.001,0.582,-0.28,0.576,0.376,0.772,0.496,0.37,0.549,0.345,0.671,0.46,-0.056,-0.092,0.852,0.67,0.481,-0.647,-0.408,-0.236,0.445,0.773,0.43,0.307,0.097,0.479,0.088,0.319,0.187,0.351,-0.114,0.121,-0.13,0.523,0.545,0.137,0.406,0.188,0.079,0.276,0.091,0.741,0.379,0.13,0.35,-0.352,-0.198,0.318,0.508,0.548,0.361,0.584,0.405
ADAP,0.638,0.0,0.885,0.897,0.498,0.56,0.822,-0.515,0.803,-0.062,-0.333,-0.231,0.792,0.853,0.872,0.87,0.678,0.627,-0.365,0.593,0.444,0.589,0.688,0.282,0.5,0.826,0.383,0.813,0.847,0.817,0.181,0.876,0.784,-0.029,0.838,0.359,0.746,0.092,-0.184,0.627,-0.242,-0.533,0.764,0.773,0.851,0.802,0.728,0.724,0.505,0.388,0.739,0.562,0.731,-0.538,0.691,0.631,0.746,0.764,0.693,0.174,0.656,0.565,0.857,0.552,0.441,0.806,0.642,0.672,0.143,0.35,0.823,0.802,0.806,0.748,-0.123,0.715,0.606,0.677,0.677,0.154,0.612,0.056,0.114,0.754,0.543,0.782,0.661,0.595,0.287,0.727,0.587,0.248,-0.399,-0.047,0.458,0.661,0.772,0.054,0.785,-0.678,0.816,0.726,0.822,0.702,0.833,0.865,0.816,0.844,0.7,0.716,0.845,0.785,0.192,0.734,0.851,0.884,-0.149,0.744,0.673,0.784,0.84,0.765,0.822,0.579,0.304,0.521,0.651,0.753,0.418,0.625,0.834,0.506,0.793,0.743,0.598,0.783,0.767,0.699,0.617,0.458,0.737,0.695,0.803,0.548,0.305,0.878,0.773,0.515,0.748,-0.054,0.81,0.757,0.621,0.854,0.731,0.848,0.748,0.83,0.739,0.499,0.469,0.538,0.866,0.792,-0.06,0.319,0.288,0.811,0.474,0.819,0.748,0.277,0.801,0.584,0.707,0.709,0.78,0.504,0.605,0.372,0.739,0.618,0.624,0.77,0.566,0.612,0.715,0.576,0.787,0.651,0.636,0.813,0.265,0.364,0.801,0.857,0.177,0.792,0.843,0.788
ADI,0.545,0.885,0.0,0.967,0.657,0.546,0.96,-0.741,0.963,0.114,-0.346,-0.062,0.955,0.951,0.952,0.938,0.841,0.81,-0.254,0.734,0.617,0.8,0.89,0.468,0.713,0.959,0.621,0.87,0.884,0.931,0.124,0.978,0.963,-0.153,0.931,0.65,0.942,0.282,-0.211,0.661,0.002,-0.678,0.956,0.95,0.97,0.863,0.882,0.861,0.641,0.502,0.952,0.79,0.866,-0.698,0.823,0.803,0.928,0.955,0.874,0.332,0.892,0.75,0.957,0.805,0.693,0.933,0.517,0.65,0.297,0.567,0.876,0.971,0.958,0.916,0.016,0.775,0.777,0.861,0.776,0.295,0.79,-0.084,0.335,0.863,0.719,0.927,0.722,0.622,0.317,0.906,0.619,0.372,-0.608,0.121,0.496,0.605,0.933,0.14,0.832,-0.803,0.947,0.793,0.942,0.737,0.977,0.961,0.965,0.971,0.919,0.88,0.931,0.939,0.084,0.864,0.898,0.986,-0.213,0.939,0.616,0.86,0.912,0.833,0.928,0.656,0.291,0.719,0.848,0.933,0.62,0.827,0.938,0.417,0.907,0.938,0.842,0.941,0.849,0.89,0.81,0.65,0.826,0.81,0.964,0.711,0.512,0.91,0.952,0.768,0.887,-0.141,0.953,0.94,0.613,0.972,0.827,0.955,0.905,0.94,0.885,0.54,0.593,0.62,0.899,0.972,0.043,0.36,0.379,0.956,0.466,0.975,0.935,0.164,0.95,0.827,0.914,0.896,0.949,0.685,0.791,0.585,0.895,0.532,0.81,0.892,0.78,0.703,0.901,0.798,0.819,0.834,0.618,0.953,0.473,0.621,0.914,0.941,-0.033,0.917,0.981,0.92
ADPT,0.571,0.897,0.967,0.0,0.655,0.54,0.936,-0.723,0.948,0.01,-0.315,-0.113,0.928,0.959,0.947,0.913,0.816,0.796,-0.301,0.706,0.617,0.747,0.857,0.48,0.687,0.954,0.615,0.896,0.898,0.921,0.196,0.965,0.921,-0.061,0.939,0.579,0.904,0.245,-0.17,0.626,-0.08,-0.595,0.913,0.911,0.962,0.883,0.88,0.818,0.598,0.499,0.905,0.747,0.873,-0.638,0.805,0.766,0.922,0.907,0.862,0.363,0.843,0.728,0.924,0.765,0.638,0.896,0.553,0.679,0.288,0.492,0.911,0.939,0.938,0.89,0.009,0.789,0.747,0.846,0.741,0.291,0.783,0.02,0.294,0.837,0.685,0.887,0.754,0.617,0.371,0.862,0.624,0.398,-0.527,0.122,0.502,0.68,0.917,0.19,0.786,-0.755,0.897,0.826,0.925,0.793,0.95,0.933,0.937,0.96,0.884,0.87,0.92,0.895,0.203,0.843,0.863,0.957,-0.203,0.902,0.636,0.836,0.883,0.863,0.911,0.643,0.364,0.7,0.819,0.921,0.604,0.813,0.926,0.499,0.846,0.912,0.798,0.907,0.864,0.864,0.785,0.631,0.84,0.825,0.939,0.677,0.487,0.903,0.923,0.736,0.888,-0.082,0.936,0.896,0.571,0.961,0.801,0.952,0.87,0.909,0.83,0.557,0.587,0.595,0.91,0.937,0.047,0.365,0.4,0.944,0.444,0.945,0.896,0.237,0.917,0.791,0.867,0.875,0.93,0.659,0.76,0.555,0.856,0.59,0.815,0.873,0.738,0.714,0.867,0.767,0.834,0.767,0.667,0.926,0.436,0.553,0.913,0.933,0.023,0.908,0.947,0.92
ADTN,0.041,0.498,0.657,0.655,0.0,0.671,0.557,-0.576,0.778,-0.002,-0.135,0.163,0.664,0.711,0.529,0.548,0.686,0.904,0.25,0.606,0.715,0.461,0.758,0.672,0.778,0.673,0.856,0.576,0.481,0.612,0.475,0.64,0.625,0.36,0.724,0.464,0.778,0.788,0.228,0.03,0.471,-0.222,0.753,0.782,0.675,0.56,0.85,0.58,0.535,0.875,0.706,0.79,0.801,-0.146,0.364,0.718,0.721,0.734,0.754,0.786,0.775,0.593,0.496,0.801,0.688,0.53,-0.0,0.311,0.554,0.205,0.529,0.657,0.613,0.757,0.46,0.43,0.851,0.703,0.348,0.759,0.884,0.218,0.707,0.402,0.741,0.706,0.664,0.328,0.113,0.748,-0.0,0.763,-0.327,0.654,-0.031,0.653,0.809,0.237,0.569,-0.513,0.567,0.855,0.626,0.633,0.592,0.545,0.651,0.724,0.769,0.725,0.496,0.702,0.49,0.4,0.462,0.607,-0.103,0.552,0.024,0.289,0.768,0.466,0.712,0.601,0.608,0.897,0.7,0.713,0.949,0.784,0.634,0.093,0.477,0.726,0.781,0.705,0.423,0.841,0.854,0.821,0.46,0.8,0.729,0.819,0.81,0.416,0.778,0.843,0.566,0.116,0.562,0.628,0.19,0.717,0.447,0.585,0.785,0.45,0.495,0.574,0.867,0.163,0.52,0.645,0.556,0.48,0.816,0.763,-0.025,0.711,0.706,0.062,0.669,0.773,0.705,0.741,0.785,0.793,0.878,0.759,0.62,0.209,0.717,0.592,0.847,0.876,0.853,0.869,0.35,0.554,0.555,0.68,0.745,0.62,0.659,0.593,-0.237,0.789,0.635,0.711
AGEN,-0.145,0.56,0.546,0.54,0.671,0.0,0.425,-0.266,0.555,0.289,0.089,0.025,0.612,0.583,0.521,0.413,0.673,0.632,0.4,0.57,0.701,0.117,0.673,0.522,0.717,0.458,0.632,0.484,0.354,0.521,0.584,0.445,0.527,0.31,0.486,0.349,0.612,0.538,0.483,0.215,0.243,-0.131,0.504,0.604,0.565,0.398,0.69,0.444,0.755,0.583,0.496,0.698,0.658,-0.003,0.444,0.726,0.43,0.531,0.69,0.634,0.585,0.656,0.411,0.64,0.657,0.333,0.288,0.541,0.676,-0.16,0.316,0.556,0.492,0.703,0.591,0.297,0.648,0.67,0.334,0.462,0.652,0.461,0.624,0.468,0.443,0.586,0.858,0.457,0.426,0.556,-0.144,0.724,-0.155,0.619,0.085,0.593,0.637,0.136,0.448,-0.323,0.494,0.632,0.44,0.615,0.469,0.463,0.602,0.505,0.556,0.628,0.54,0.682,0.34,0.441,0.594,0.515,0.159,0.455,0.031,0.274,0.719,0.363,0.559,0.445,0.675,0.702,0.596,0.541,0.651,0.353,0.509,0.339,0.451,0.573,0.641,0.545,0.518,0.707,0.678,0.729,0.56,0.723,0.56,0.507,0.72,0.371,0.59,0.64,0.376,0.184,0.421,0.537,0.039,0.568,0.476,0.46,0.631,0.334,0.461,0.66,0.745,-0.144,0.432,0.48,0.63,0.795,0.7,0.544,-0.114,0.574,0.603,0.231,0.538,0.614,0.576,0.659,0.631,0.753,0.66,0.64,0.415,0.39,0.664,0.511,0.607,0.718,0.621,0.649,0.242,0.507,0.712,0.625,0.755,0.614,0.662,0.535,-0.128,0.696,0.456,0.558
ALGN,0.593,0.822,0.96,0.936,0.557,0.425,0.0,-0.732,0.931,0.188,-0.344,-0.05,0.93,0.932,0.948,0.928,0.819,0.728,-0.322,0.752,0.6,0.849,0.861,0.455,0.66,0.961,0.572,0.881,0.891,0.937,0.071,0.949,0.944,-0.224,0.888,0.687,0.894,0.186,-0.314,0.689,-0.043,-0.693,0.915,0.906,0.955,0.888,0.809,0.865,0.61,0.374,0.929,0.736,0.819,-0.767,0.878,0.758,0.911,0.927,0.842,0.295,0.85,0.754,0.949,0.759,0.659,0.932,0.604,0.698,0.22,0.624,0.873,0.961,0.96,0.87,-0.065,0.764,0.675,0.847,0.806,0.172,0.691,-0.09,0.26,0.875,0.611,0.868,0.676,0.612,0.431,0.851,0.713,0.293,-0.561,0.044,0.586,0.519,0.895,0.185,0.788,-0.745,0.953,0.697,0.916,0.725,0.98,0.966,0.949,0.931,0.9,0.873,0.919,0.903,0.021,0.909,0.867,0.971,-0.142,0.947,0.678,0.907,0.838,0.901,0.907,0.586,0.192,0.629,0.867,0.926,0.542,0.81,0.912,0.459,0.912,0.927,0.799,0.895,0.875,0.831,0.722,0.57,0.856,0.753,0.944,0.617,0.447,0.927,0.922,0.717,0.872,-0.128,0.968,0.923,0.621,0.936,0.844,0.952,0.849,0.952,0.877,0.486,0.505,0.669,0.901,0.958,-0.041,0.296,0.286,0.915,0.514,0.95,0.91,0.215,0.91,0.798,0.874,0.862,0.919,0.596,0.712,0.506,0.892,0.565,0.823,0.914,0.732,0.619,0.832,0.75,0.839,0.808,0.583,0.906,0.39,0.594,0.899,0.947,-0.008,0.862,0.974,0.894
ALLK,-0.279,-0.515,-0.741,-0.723,-0.576,-0.266,-0.732,0.0,-0.809,-0.019,0.109,0.163,-0.745,-0.731,-0.655,-0.701,-0.747,-0.737,0.127,-0.693,-0.591,-0.726,-0.754,-0.515,-0.655,-0.765,-0.666,-0.684,-0.585,-0.669,-0.058,-0.74,-0.751,0.086,-0.72,-0.67,-0.777,-0.423,0.169,-0.488,-0.115,0.555,-0.804,-0.775,-0.784,-0.632,-0.731,-0.6,-0.545,-0.499,-0.799,-0.735,-0.745,0.58,-0.591,-0.702,-0.836,-0.785,-0.729,-0.432,-0.78,-0.592,-0.68,-0.761,-0.659,-0.683,-0.245,-0.352,-0.43,-0.513,-0.643,-0.743,-0.741,-0.737,-0.124,-0.462,-0.654,-0.717,-0.471,-0.34,-0.736,0.114,-0.466,-0.604,-0.645,-0.661,-0.465,-0.553,-0.233,-0.717,-0.386,-0.448,0.515,-0.319,-0.207,-0.384,-0.792,-0.255,-0.527,0.541,-0.68,-0.659,-0.802,-0.582,-0.747,-0.685,-0.762,-0.773,-0.756,-0.733,-0.631,-0.707,-0.199,-0.577,-0.612,-0.727,0.174,-0.754,-0.275,-0.582,-0.708,-0.599,-0.763,-0.445,-0.35,-0.663,-0.727,-0.771,-0.629,-0.735,-0.723,-0.12,-0.642,-0.754,-0.74,-0.712,-0.587,-0.781,-0.719,-0.603,-0.59,-0.73,-0.766,-0.629,-0.575,-0.612,-0.808,-0.781,-0.676,0.05,-0.752,-0.748,-0.431,-0.755,-0.602,-0.761,-0.731,-0.674,-0.599,-0.472,-0.55,-0.472,-0.554,-0.763,-0.208,-0.261,-0.443,-0.806,-0.307,-0.779,-0.797,-0.059,-0.733,-0.772,-0.745,-0.782,-0.778,-0.636,-0.676,-0.596,-0.744,-0.189,-0.705,-0.702,-0.754,-0.643,-0.763,-0.776,-0.517,-0.596,-0.496,-0.727,-0.504,-0.606,-0.738,-0.735,0.39,-0.702,-0.746,-0.698
AMD,0.45,0.803,0.963,0.948,0.778,0.555,0.931,-0.809,0.0,0.075,-0.277,-0.039,0.934,0.955,0.894,0.896,0.877,0.903,-0.145,0.775,0.715,0.795,0.923,0.611,0.775,0.967,0.752,0.866,0.831,0.907,0.213,0.95,0.928,-0.009,0.946,0.684,0.957,0.466,-0.134,0.542,0.128,-0.582,0.973,0.971,0.966,0.863,0.93,0.853,0.652,0.641,0.957,0.848,0.935,-0.613,0.758,0.837,0.969,0.97,0.905,0.514,0.921,0.753,0.891,0.869,0.743,0.88,0.421,0.598,0.402,0.535,0.845,0.952,0.936,0.933,0.133,0.725,0.838,0.884,0.686,0.44,0.875,0.004,0.477,0.78,0.767,0.896,0.722,0.61,0.314,0.912,0.494,0.514,-0.552,0.292,0.39,0.632,0.982,0.249,0.783,-0.745,0.896,0.87,0.932,0.787,0.943,0.91,0.952,0.982,0.944,0.917,0.858,0.929,0.239,0.792,0.809,0.947,-0.173,0.904,0.482,0.763,0.929,0.814,0.955,0.658,0.419,0.822,0.884,0.954,0.768,0.895,0.917,0.34,0.841,0.96,0.882,0.932,0.798,0.942,0.878,0.742,0.794,0.891,0.973,0.794,0.655,0.831,0.989,0.864,0.862,-0.044,0.927,0.913,0.536,0.969,0.776,0.938,0.929,0.864,0.812,0.583,0.716,0.558,0.855,0.949,0.201,0.391,0.542,0.984,0.369,0.977,0.941,0.169,0.927,0.889,0.92,0.927,0.978,0.763,0.873,0.68,0.899,0.447,0.87,0.887,0.877,0.82,0.95,0.898,0.733,0.788,0.645,0.928,0.582,0.667,0.919,0.924,-0.15,0.935,0.955,0.933
AMWD,-0.331,-0.062,0.114,0.01,-0.002,0.289,0.188,-0.019,0.075,0.0,0.043,0.359,0.273,0.088,0.219,0.036,0.283,-0.02,0.359,0.314,0.358,0.154,0.308,0.144,0.364,0.043,0.103,0.099,-0.01,0.199,0.232,-0.007,0.258,-0.36,-0.081,0.339,0.201,0.023,0.169,0.216,0.251,-0.208,0.108,0.171,0.151,0.085,0.092,0.178,0.532,-0.182,0.204,0.303,0.08,-0.262,0.474,0.311,0.04,0.145,0.305,0.191,0.232,0.538,0.134,0.285,0.443,0.071,0.289,0.285,0.289,-0.006,-0.136,0.241,0.222,0.262,0.338,-0.075,0.035,0.357,0.352,-0.204,-0.006,0.125,0.241,0.373,-0.156,0.123,0.373,0.154,0.437,0.062,-0.026,0.148,-0.151,0.243,0.216,-0.228,0.14,-0.024,-0.014,0.031,0.311,-0.178,0.07,0.014,0.202,0.18,0.266,-0.002,0.157,0.216,0.265,0.286,-0.395,0.392,0.28,0.166,0.456,0.29,-0.056,0.244,0.117,0.157,0.083,-0.136,-0.065,0.121,0.34,0.209,0.081,-0.056,0.135,0.128,0.272,0.233,0.299,0.093,0.307,0.19,0.075,0.147,0.37,0.125,0.169,-0.137,0.279,0.065,0.149,0.219,-0.049,0.099,0.16,0.254,-0.127,0.109,0.401,0.109,0.089,0.157,0.298,0.279,0.158,-0.163,0.044,0.183,0.228,0.438,0.025,0.018,-0.069,0.181,0.262,0.095,0.141,0.308,0.19,0.267,0.169,0.196,0.09,0.14,0.155,0.125,0.361,0.292,0.11,0.019,0.113,0.192,0.039,0.27,0.115,0.242,0.326,0.492,0.26,0.205,-0.242,0.102,0.124,0.166
ARDX,-0.551,-0.333,-0.346,-0.315,-0.135,0.089,-0.344,0.109,-0.277,0.043,0.0,-0.413,-0.192,-0.312,-0.393,-0.444,-0.029,-0.049,0.493,0.164,0.218,-0.527,-0.071,0.295,0.08,-0.283,0.179,-0.37,-0.554,-0.34,-0.016,-0.417,-0.317,0.379,-0.364,0.078,-0.202,0.28,0.487,0.053,0.208,0.435,-0.338,-0.255,-0.301,-0.514,-0.063,-0.331,0.152,0.049,-0.296,0.092,-0.028,0.56,-0.268,0.121,-0.336,-0.212,-0.061,0.109,-0.16,-0.108,-0.37,0.007,0.118,-0.433,-0.102,-0.078,0.52,-0.495,-0.425,-0.27,-0.365,-0.082,0.462,-0.292,-0.012,-0.022,-0.535,0.248,0.001,0.345,0.418,-0.308,-0.032,-0.232,-0.04,0.187,0.445,-0.178,-0.549,0.417,0.155,0.412,-0.143,-0.104,-0.163,0.117,-0.362,0.336,-0.424,-0.05,-0.374,0.155,-0.395,-0.445,-0.225,-0.316,-0.246,0.014,-0.342,-0.103,0.262,-0.34,-0.172,-0.381,0.187,-0.279,-0.478,-0.499,-0.176,-0.417,-0.2,-0.278,0.432,0.076,-0.121,-0.383,-0.011,-0.431,-0.484,0.088,-0.328,-0.203,-0.015,-0.241,-0.31,-0.089,0.024,0.23,-0.136,-0.084,-0.266,-0.15,0.257,-0.437,-0.197,0.043,-0.192,-0.097,-0.385,-0.175,-0.489,-0.377,-0.39,-0.299,-0.211,-0.493,-0.39,-0.099,-0.047,-0.546,-0.474,-0.322,0.528,0.284,0.213,-0.226,-0.51,-0.25,-0.153,-0.096,-0.249,-0.061,-0.13,-0.06,-0.2,0.211,0.004,0.328,-0.48,-0.195,-0.069,-0.324,-0.079,-0.073,-0.177,-0.078,-0.584,-0.191,0.184,-0.262,0.357,0.226,-0.112,-0.329,-0.405,-0.166,-0.423,-0.384
ARQT,-0.153,-0.231,-0.062,-0.113,0.163,0.025,-0.05,0.163,-0.039,0.359,-0.413,0.0,-0.009,-0.03,-0.01,-0.089,-0.1,-0.016,0.306,-0.116,0.011,0.12,0.032,0.005,0.11,-0.085,0.048,-0.093,0.028,-0.005,0.155,-0.055,0.052,-0.228,-0.067,0.107,0.058,0.102,-0.037,-0.414,0.387,-0.047,0.052,0.062,-0.082,0.008,-0.058,0.091,0.028,0.016,0.065,0.026,-0.153,-0.114,0.036,-0.084,0.014,-0.025,0.009,0.258,0.128,0.158,-0.063,0.104,0.133,0.028,-0.367,-0.206,-0.104,0.197,-0.068,0.029,0.049,-0.022,0.116,-0.12,0.015,0.006,0.275,0.046,-0.024,-0.184,0.057,0.02,-0.039,0.046,0.031,-0.461,-0.219,0.032,-0.059,-0.059,-0.13,0.114,-0.152,-0.186,-0.062,-0.163,0.114,-0.085,0.065,-0.174,-0.086,-0.337,0.009,-0.047,-0.05,-0.068,0.084,-0.091,-0.022,-0.032,-0.334,0.089,-0.162,-0.057,0.029,0.03,-0.087,-0.012,-0.107,-0.017,-0.19,0.195,-0.333,0.057,0.092,0.124,0.138,0.164,0.012,-0.345,-0.037,0.07,0.094,0.007,-0.03,-0.011,0.005,0.019,-0.127,-0.028,-0.028,0.046,0.094,-0.09,-0.032,0.064,-0.125,0.033,-0.021,0.018,-0.133,-0.015,0.031,-0.102,0.058,0.026,0.125,-0.0,0.186,0.027,0.012,0.018,-0.022,-0.086,-0.016,-0.108,-0.024,-0.052,-0.005,-0.158,0.002,0.101,0.019,-0.035,-0.003,-0.025,0.034,-0.058,0.108,-0.064,0.05,-0.02,0.048,-0.08,0.036,0.048,-0.001,0.092,-0.362,-0.012,0.067,0.106,-0.147,-0.1,0.107,-0.021,0.031,0.057
ASTE,0.348,0.792,0.955,0.928,0.664,0.612,0.93,-0.745,0.934,0.273,-0.192,-0.009,0.0,0.926,0.926,0.842,0.904,0.811,-0.078,0.804,0.75,0.744,0.959,0.569,0.848,0.92,0.701,0.817,0.772,0.894,0.191,0.914,0.975,-0.154,0.859,0.736,0.966,0.343,-0.064,0.685,0.111,-0.653,0.931,0.957,0.947,0.794,0.913,0.819,0.776,0.488,0.959,0.89,0.875,-0.653,0.874,0.885,0.893,0.948,0.956,0.417,0.94,0.878,0.91,0.896,0.837,0.87,0.497,0.686,0.461,0.483,0.796,0.981,0.949,0.969,0.195,0.709,0.803,0.953,0.762,0.331,0.818,-0.02,0.481,0.899,0.698,0.925,0.805,0.631,0.467,0.898,0.525,0.497,-0.641,0.271,0.48,0.553,0.929,0.116,0.742,-0.751,0.93,0.761,0.904,0.764,0.954,0.907,0.978,0.913,0.929,0.926,0.939,0.975,0.044,0.896,0.916,0.941,-0.106,0.965,0.492,0.815,0.886,0.785,0.889,0.6,0.372,0.787,0.913,0.933,0.655,0.759,0.884,0.452,0.885,0.963,0.931,0.928,0.866,0.929,0.853,0.743,0.873,0.838,0.953,0.65,0.635,0.822,0.952,0.853,0.854,-0.132,0.925,0.973,0.446,0.938,0.828,0.935,0.906,0.892,0.887,0.588,0.647,0.472,0.823,0.969,0.197,0.518,0.418,0.926,0.324,0.961,0.974,0.147,0.943,0.91,0.943,0.958,0.965,0.787,0.827,0.688,0.844,0.486,0.888,0.896,0.787,0.692,0.907,0.838,0.723,0.858,0.646,0.973,0.617,0.786,0.948,0.914,-0.183,0.915,0.938,0.91
AUPH,0.508,0.853,0.951,0.959,0.711,0.583,0.932,-0.731,0.955,0.088,-0.312,-0.03,0.926,0.0,0.935,0.903,0.832,0.821,-0.213,0.766,0.658,0.765,0.895,0.566,0.728,0.944,0.682,0.893,0.866,0.926,0.209,0.95,0.917,-0.062,0.912,0.643,0.92,0.329,-0.166,0.574,0.014,-0.605,0.934,0.942,0.944,0.892,0.894,0.864,0.658,0.551,0.924,0.787,0.88,-0.637,0.809,0.801,0.919,0.926,0.869,0.454,0.875,0.756,0.904,0.81,0.693,0.885,0.503,0.669,0.364,0.514,0.846,0.948,0.946,0.903,0.115,0.741,0.77,0.857,0.736,0.336,0.803,0.023,0.398,0.827,0.682,0.898,0.776,0.603,0.382,0.892,0.562,0.442,-0.516,0.225,0.491,0.62,0.931,0.221,0.821,-0.741,0.913,0.807,0.903,0.761,0.944,0.925,0.936,0.958,0.892,0.889,0.893,0.906,0.183,0.833,0.833,0.94,-0.171,0.902,0.58,0.82,0.907,0.871,0.908,0.69,0.377,0.75,0.887,0.939,0.666,0.853,0.93,0.418,0.814,0.931,0.83,0.911,0.836,0.895,0.818,0.688,0.833,0.858,0.955,0.698,0.576,0.884,0.939,0.791,0.861,-0.061,0.943,0.892,0.541,0.966,0.805,0.934,0.898,0.889,0.824,0.597,0.651,0.588,0.888,0.933,0.135,0.383,0.454,0.929,0.435,0.943,0.923,0.193,0.927,0.841,0.88,0.897,0.949,0.703,0.803,0.591,0.899,0.562,0.863,0.879,0.818,0.739,0.886,0.845,0.789,0.804,0.681,0.918,0.513,0.603,0.913,0.932,0.009,0.944,0.947,0.927
AVXL,0.567,0.872,0.952,0.947,0.529,0.521,0.948,-0.655,0.894,0.219,-0.393,-0.01,0.926,0.935,0.0,0.912,0.776,0.67,-0.307,0.699,0.558,0.786,0.833,0.394,0.634,0.908,0.509,0.9,0.914,0.943,0.132,0.931,0.939,-0.273,0.85,0.603,0.871,0.099,-0.252,0.692,-0.143,-0.689,0.885,0.884,0.933,0.899,0.793,0.86,0.657,0.328,0.894,0.704,0.78,-0.763,0.914,0.731,0.873,0.873,0.823,0.285,0.813,0.761,0.95,0.722,0.63,0.915,0.637,0.687,0.247,0.532,0.848,0.947,0.968,0.856,-0.023,0.751,0.636,0.825,0.852,0.092,0.658,-0.052,0.213,0.917,0.551,0.856,0.757,0.608,0.407,0.808,0.693,0.259,-0.536,0.044,0.604,0.529,0.859,0.183,0.777,-0.723,0.956,0.655,0.886,0.679,0.967,0.966,0.938,0.91,0.841,0.827,0.961,0.881,-0.019,0.923,0.885,0.961,-0.142,0.937,0.704,0.933,0.84,0.893,0.851,0.591,0.199,0.598,0.826,0.916,0.482,0.75,0.945,0.487,0.876,0.895,0.762,0.87,0.904,0.805,0.689,0.538,0.89,0.76,0.916,0.559,0.42,0.946,0.875,0.663,0.833,-0.082,0.961,0.895,0.591,0.943,0.898,0.935,0.822,0.952,0.875,0.575,0.512,0.647,0.914,0.932,-0.045,0.326,0.261,0.86,0.534,0.918,0.888,0.259,0.908,0.769,0.834,0.849,0.884,0.578,0.663,0.446,0.892,0.657,0.815,0.875,0.668,0.595,0.784,0.713,0.868,0.809,0.627,0.918,0.374,0.554,0.899,0.937,0.071,0.871,0.943,0.905
AZTA,0.696,0.87,0.938,0.913,0.548,0.413,0.928,-0.701,0.896,0.036,-0.444,-0.089,0.842,0.903,0.912,0.0,0.722,0.699,-0.4,0.645,0.427,0.809,0.745,0.303,0.517,0.923,0.499,0.888,0.925,0.907,0.014,0.938,0.884,-0.191,0.89,0.584,0.826,0.161,-0.44,0.583,-0.152,-0.719,0.891,0.854,0.916,0.864,0.746,0.853,0.5,0.408,0.849,0.629,0.759,-0.733,0.747,0.664,0.893,0.862,0.712,0.25,0.765,0.576,0.905,0.641,0.508,0.91,0.56,0.576,0.161,0.656,0.868,0.88,0.903,0.788,-0.159,0.756,0.633,0.704,0.79,0.159,0.644,-0.078,0.164,0.754,0.611,0.84,0.579,0.569,0.245,0.822,0.681,0.195,-0.462,-0.019,0.502,0.525,0.85,0.23,0.833,-0.746,0.905,0.703,0.883,0.642,0.92,0.938,0.876,0.919,0.812,0.754,0.838,0.816,0.066,0.786,0.792,0.938,-0.273,0.852,0.737,0.849,0.836,0.86,0.87,0.601,0.16,0.548,0.755,0.873,0.499,0.824,0.932,0.312,0.834,0.825,0.685,0.856,0.781,0.766,0.665,0.494,0.754,0.696,0.887,0.695,0.349,0.945,0.861,0.621,0.842,-0.102,0.931,0.832,0.814,0.929,0.761,0.883,0.813,0.917,0.815,0.498,0.46,0.735,0.867,0.877,-0.103,0.178,0.294,0.876,0.684,0.898,0.831,0.214,0.892,0.689,0.783,0.752,0.849,0.486,0.663,0.408,0.92,0.615,0.685,0.823,0.734,0.618,0.778,0.692,0.882,0.77,0.601,0.825,0.3,0.417,0.818,0.918,0.089,0.835,0.939,0.83
BAND,0.131,0.678,0.841,0.816,0.686,0.673,0.819,-0.747,0.877,0.283,-0.029,-0.1,0.904,0.832,0.776,0.722,0.0,0.799,0.147,0.823,0.848,0.625,0.928,0.642,0.894,0.806,0.739,0.735,0.612,0.787,0.369,0.773,0.866,0.02,0.763,0.685,0.886,0.52,0.127,0.557,0.219,-0.484,0.828,0.885,0.902,0.707,0.855,0.666,0.833,0.583,0.857,0.898,0.901,-0.495,0.754,0.909,0.821,0.859,0.932,0.582,0.866,0.869,0.754,0.878,0.877,0.664,0.47,0.654,0.598,0.281,0.631,0.867,0.805,0.929,0.318,0.578,0.752,0.933,0.568,0.399,0.789,0.172,0.615,0.77,0.592,0.782,0.795,0.695,0.506,0.783,0.266,0.666,-0.432,0.482,0.324,0.525,0.912,0.241,0.568,-0.512,0.795,0.786,0.836,0.795,0.826,0.774,0.914,0.808,0.846,0.877,0.789,0.916,0.207,0.776,0.833,0.837,0.12,0.839,0.254,0.637,0.881,0.691,0.89,0.472,0.545,0.799,0.886,0.861,0.748,0.665,0.768,0.356,0.808,0.888,0.889,0.786,0.8,0.914,0.826,0.762,0.818,0.881,0.856,0.632,0.77,0.659,0.912,0.89,0.687,0.136,0.812,0.872,0.315,0.84,0.755,0.843,0.865,0.711,0.715,0.709,0.747,0.226,0.684,0.84,0.433,0.695,0.596,0.877,0.118,0.898,0.913,0.297,0.791,0.911,0.848,0.937,0.913,0.844,0.802,0.705,0.748,0.312,0.896,0.882,0.826,0.817,0.87,0.876,0.535,0.714,0.695,0.883,0.717,0.83,0.924,0.865,-0.413,0.834,0.82,0.824
BECN,0.206,0.627,0.81,0.796,0.904,0.632,0.728,-0.737,0.903,-0.02,-0.049,-0.016,0.811,0.821,0.67,0.699,0.799,0.0,0.104,0.715,0.76,0.574,0.878,0.74,0.813,0.841,0.915,0.659,0.598,0.72,0.267,0.792,0.765,0.264,0.858,0.667,0.9,0.748,0.091,0.321,0.377,-0.363,0.882,0.897,0.806,0.624,0.955,0.727,0.604,0.844,0.846,0.882,0.918,-0.286,0.496,0.84,0.851,0.897,0.855,0.656,0.889,0.647,0.684,0.893,0.761,0.698,0.118,0.431,0.577,0.38,0.684,0.812,0.759,0.882,0.38,0.572,0.954,0.814,0.423,0.75,0.975,0.094,0.71,0.536,0.899,0.836,0.665,0.513,0.238,0.888,0.176,0.729,-0.523,0.533,0.148,0.666,0.922,0.239,0.698,-0.704,0.678,0.93,0.755,0.78,0.745,0.687,0.799,0.873,0.891,0.875,0.648,0.85,0.422,0.534,0.624,0.75,-0.247,0.723,0.192,0.452,0.861,0.554,0.837,0.671,0.611,0.95,0.789,0.811,0.916,0.842,0.725,0.224,0.632,0.865,0.888,0.878,0.563,0.944,0.969,0.903,0.587,0.874,0.863,0.9,0.812,0.58,0.912,0.915,0.78,-0.116,0.719,0.793,0.326,0.827,0.504,0.756,0.893,0.614,0.656,0.479,0.806,0.338,0.64,0.803,0.465,0.45,0.754,0.911,0.101,0.853,0.835,-0.025,0.834,0.86,0.885,0.864,0.904,0.881,0.963,0.877,0.706,0.28,0.788,0.689,0.927,0.869,0.952,0.91,0.457,0.705,0.612,0.802,0.776,0.701,0.79,0.713,-0.258,0.898,0.778,0.791
BFC,-0.8,-0.365,-0.254,-0.301,0.25,0.4,-0.322,0.127,-0.145,0.359,0.493,0.306,-0.078,-0.213,-0.307,-0.4,0.147,0.104,0.0,0.15,0.369,-0.33,0.105,0.302,0.379,-0.304,0.339,-0.321,-0.486,-0.258,0.37,-0.356,-0.129,0.235,-0.309,0.139,-0.007,0.6,0.65,-0.339,0.664,0.297,-0.143,-0.034,-0.191,-0.381,0.042,-0.217,0.382,0.315,-0.118,0.297,0.018,0.43,-0.201,0.256,-0.194,-0.111,0.098,0.534,0.085,0.17,-0.37,0.244,0.411,-0.392,-0.382,-0.217,0.644,-0.392,-0.476,-0.147,-0.243,0.069,0.689,-0.325,0.143,0.111,-0.291,0.414,0.132,0.311,0.653,-0.192,-0.02,-0.085,0.167,-0.072,0.092,-0.06,-0.756,0.594,0.115,0.778,-0.434,-0.143,-0.036,0.078,-0.253,0.318,-0.253,0.007,-0.26,-0.039,-0.287,-0.379,-0.122,-0.252,-0.075,0.014,-0.278,0.009,0.076,-0.218,-0.161,-0.294,0.331,-0.18,-0.685,-0.479,-0.002,-0.391,-0.167,-0.067,0.368,0.294,0.07,-0.138,0.352,-0.195,-0.302,-0.321,-0.214,-0.053,0.199,-0.158,-0.251,0.107,0.183,0.38,-0.149,0.106,-0.166,0.042,0.565,-0.465,-0.057,0.289,-0.302,0.246,-0.295,-0.065,-0.556,-0.22,-0.185,-0.293,0.043,-0.417,-0.217,0.282,0.385,-0.635,-0.416,-0.211,0.765,0.496,0.466,-0.151,-0.597,-0.14,-0.005,-0.052,-0.163,0.213,-0.023,0.083,-0.044,0.4,0.185,0.382,-0.229,-0.332,0.099,-0.181,0.179,0.179,0.039,0.204,-0.561,-0.014,0.076,-0.102,0.621,0.469,-0.059,-0.238,-0.565,-0.026,-0.281,-0.201
BGC,0.152,0.593,0.734,0.706,0.606,0.57,0.752,-0.693,0.775,0.314,0.164,-0.116,0.804,0.766,0.699,0.645,0.823,0.715,0.15,0.0,0.801,0.578,0.844,0.651,0.788,0.739,0.723,0.681,0.541,0.746,0.219,0.668,0.758,0.018,0.624,0.739,0.795,0.464,0.058,0.579,0.227,-0.409,0.738,0.796,0.767,0.613,0.779,0.662,0.811,0.52,0.769,0.849,0.802,-0.441,0.72,0.864,0.717,0.793,0.825,0.547,0.806,0.755,0.688,0.826,0.83,0.661,0.483,0.529,0.621,0.291,0.551,0.793,0.756,0.823,0.326,0.492,0.658,0.867,0.545,0.361,0.706,0.184,0.623,0.699,0.537,0.726,0.722,0.675,0.617,0.741,0.259,0.617,-0.412,0.47,0.336,0.407,0.826,0.3,0.605,-0.453,0.738,0.648,0.698,0.723,0.735,0.683,0.82,0.732,0.745,0.883,0.679,0.841,0.195,0.688,0.724,0.734,0.123,0.764,0.279,0.579,0.776,0.665,0.792,0.447,0.469,0.723,0.868,0.727,0.661,0.614,0.645,0.352,0.721,0.82,0.833,0.704,0.634,0.811,0.746,0.734,0.77,0.776,0.798,0.55,0.716,0.638,0.82,0.817,0.647,-0.019,0.723,0.818,0.293,0.726,0.688,0.743,0.782,0.635,0.594,0.63,0.636,0.297,0.583,0.746,0.395,0.504,0.521,0.762,0.204,0.803,0.867,0.178,0.756,0.834,0.758,0.854,0.817,0.762,0.731,0.685,0.682,0.418,0.845,0.743,0.753,0.656,0.755,0.798,0.446,0.703,0.732,0.755,0.684,0.817,0.847,0.763,-0.317,0.79,0.713,0.679
BHF,-0.149,0.444,0.617,0.617,0.715,0.701,0.6,-0.591,0.715,0.358,0.218,0.011,0.75,0.658,0.558,0.427,0.848,0.76,0.369,0.801,0.0,0.354,0.856,0.799,0.91,0.629,0.807,0.569,0.351,0.624,0.542,0.539,0.639,0.304,0.585,0.616,0.747,0.663,0.426,0.38,0.424,-0.125,0.638,0.736,0.687,0.524,0.805,0.525,0.789,0.628,0.69,0.883,0.843,-0.169,0.61,0.86,0.618,0.705,0.893,0.756,0.751,0.844,0.517,0.846,0.871,0.443,0.309,0.595,0.697,0.008,0.432,0.703,0.621,0.829,0.604,0.346,0.714,0.899,0.368,0.527,0.77,0.4,0.766,0.579,0.528,0.607,0.807,0.596,0.608,0.625,-0.011,0.832,-0.301,0.68,0.154,0.55,0.793,0.217,0.373,-0.313,0.583,0.703,0.607,0.792,0.609,0.545,0.74,0.623,0.728,0.854,0.605,0.799,0.402,0.603,0.615,0.615,0.288,0.646,-0.028,0.38,0.733,0.511,0.73,0.384,0.719,0.84,0.81,0.684,0.798,0.508,0.533,0.401,0.584,0.782,0.832,0.618,0.606,0.83,0.785,0.823,0.703,0.861,0.704,0.497,0.89,0.377,0.77,0.857,0.492,0.193,0.563,0.692,-0.033,0.638,0.583,0.657,0.701,0.44,0.491,0.607,0.824,-0.058,0.513,0.645,0.683,0.767,0.734,0.707,-0.186,0.716,0.766,0.265,0.597,0.84,0.722,0.842,0.791,0.883,0.788,0.791,0.505,0.215,0.891,0.724,0.717,0.796,0.766,0.817,0.242,0.532,0.651,0.729,0.83,0.859,0.814,0.66,-0.428,0.7,0.582,0.692
BHFAL,0.568,0.589,0.8,0.747,0.461,0.117,0.849,-0.726,0.795,0.154,-0.527,0.12,0.744,0.765,0.786,0.809,0.625,0.574,-0.33,0.578,0.354,0.0,0.672,0.293,0.481,0.798,0.412,0.725,0.785,0.767,-0.07,0.822,0.83,-0.424,0.738,0.594,0.751,0.119,-0.476,0.48,0.043,-0.763,0.837,0.78,0.793,0.793,0.615,0.74,0.404,0.279,0.841,0.563,0.596,-0.86,0.713,0.551,0.85,0.795,0.63,0.179,0.742,0.59,0.807,0.634,0.52,0.866,0.366,0.367,0.048,0.793,0.739,0.796,0.835,0.651,-0.209,0.629,0.519,0.633,0.748,0.083,0.528,-0.363,0.131,0.754,0.494,0.724,0.392,0.364,0.094,0.723,0.703,0.098,-0.56,-0.023,0.446,0.257,0.724,0.16,0.653,-0.654,0.844,0.491,0.824,0.414,0.853,0.828,0.766,0.8,0.749,0.641,0.728,0.676,-0.171,0.756,0.638,0.812,-0.201,0.828,0.574,0.819,0.631,0.76,0.723,0.528,-0.083,0.471,0.707,0.821,0.46,0.825,0.82,0.154,0.781,0.764,0.657,0.739,0.673,0.655,0.551,0.36,0.644,0.547,0.807,0.555,0.294,0.789,0.776,0.6,0.728,-0.107,0.861,0.776,0.608,0.8,0.756,0.798,0.721,0.868,0.747,0.394,0.377,0.751,0.729,0.845,-0.2,0.019,0.102,0.764,0.564,0.792,0.765,0.097,0.765,0.683,0.713,0.69,0.75,0.392,0.542,0.306,0.863,0.335,0.622,0.752,0.644,0.442,0.705,0.652,0.767,0.717,0.289,0.751,0.204,0.461,0.675,0.779,-0.088,0.687,0.863,0.754
BKNG,0.18,0.688,0.89,0.857,0.758,0.673,0.861,-0.754,0.923,0.308,-0.071,0.032,0.959,0.895,0.833,0.745,0.928,0.878,0.105,0.844,0.856,0.672,0.0,0.724,0.924,0.874,0.819,0.743,0.649,0.824,0.298,0.844,0.914,-0.018,0.832,0.776,0.966,0.542,0.079,0.575,0.285,-0.516,0.917,0.956,0.903,0.725,0.945,0.783,0.836,0.595,0.945,0.953,0.906,-0.531,0.795,0.934,0.873,0.944,0.978,0.576,0.961,0.898,0.819,0.961,0.909,0.774,0.375,0.636,0.598,0.394,0.691,0.942,0.892,0.981,0.368,0.61,0.867,0.969,0.645,0.48,0.89,0.049,0.664,0.818,0.735,0.878,0.822,0.617,0.475,0.886,0.34,0.663,-0.626,0.464,0.368,0.528,0.942,0.13,0.695,-0.698,0.852,0.794,0.855,0.772,0.887,0.816,0.945,0.878,0.923,0.95,0.858,0.968,0.148,0.804,0.842,0.87,-0.044,0.909,0.301,0.689,0.898,0.701,0.876,0.604,0.506,0.895,0.938,0.917,0.784,0.756,0.812,0.381,0.806,0.967,0.968,0.906,0.791,0.971,0.919,0.843,0.817,0.894,0.936,0.691,0.791,0.696,0.958,0.942,0.789,-0.089,0.85,0.936,0.302,0.892,0.758,0.882,0.908,0.777,0.82,0.61,0.76,0.336,0.731,0.921,0.396,0.601,0.576,0.914,0.156,0.937,0.961,0.09,0.899,0.961,0.949,0.981,0.969,0.892,0.905,0.8,0.794,0.349,0.934,0.864,0.861,0.774,0.943,0.923,0.573,0.806,0.647,0.938,0.767,0.863,0.927,0.86,-0.3,0.913,0.876,0.89
BL,-0.136,0.282,0.468,0.48,0.672,0.522,0.455,-0.515,0.611,0.144,0.295,0.005,0.569,0.566,0.394,0.303,0.642,0.74,0.302,0.651,0.799,0.293,0.724,0.0,0.746,0.555,0.78,0.365,0.234,0.441,0.372,0.447,0.458,0.348,0.53,0.567,0.642,0.721,0.351,0.233,0.464,-0.038,0.575,0.641,0.507,0.414,0.739,0.482,0.591,0.662,0.59,0.736,0.731,-0.062,0.372,0.67,0.552,0.622,0.711,0.657,0.659,0.602,0.401,0.745,0.704,0.354,0.049,0.396,0.645,0.038,0.311,0.559,0.489,0.668,0.579,0.288,0.706,0.692,0.161,0.677,0.75,0.221,0.763,0.37,0.589,0.501,0.591,0.432,0.458,0.568,-0.1,0.743,-0.351,0.639,0.107,0.398,0.669,0.23,0.317,-0.372,0.406,0.663,0.429,0.653,0.457,0.399,0.558,0.561,0.609,0.717,0.419,0.624,0.403,0.375,0.382,0.438,0.088,0.503,-0.149,0.226,0.599,0.34,0.584,0.403,0.66,0.833,0.653,0.574,0.766,0.531,0.386,0.297,0.324,0.674,0.709,0.574,0.38,0.709,0.762,0.783,0.519,0.729,0.618,0.566,0.836,0.234,0.654,0.779,0.475,0.022,0.446,0.531,-0.133,0.527,0.336,0.53,0.592,0.292,0.366,0.396,0.739,0.004,0.39,0.526,0.641,0.513,0.678,0.596,-0.248,0.569,0.598,-0.029,0.525,0.713,0.656,0.699,0.654,0.804,0.769,0.776,0.405,0.048,0.736,0.489,0.688,0.688,0.695,0.771,0.115,0.426,0.486,0.559,0.76,0.682,0.593,0.438,-0.407,0.625,0.458,0.605
BOKF,-0.112,0.5,0.713,0.687,0.778,0.717,0.66,-0.655,0.775,0.364,0.08,0.11,0.848,0.728,0.634,0.517,0.894,0.813,0.379,0.788,0.91,0.481,0.924,0.746,0.0,0.685,0.824,0.554,0.417,0.644,0.45,0.645,0.777,0.095,0.651,0.689,0.863,0.656,0.344,0.402,0.477,-0.349,0.76,0.841,0.755,0.531,0.872,0.565,0.838,0.646,0.804,0.946,0.83,-0.312,0.645,0.906,0.709,0.794,0.937,0.674,0.89,0.893,0.605,0.938,0.954,0.555,0.214,0.523,0.701,0.172,0.486,0.789,0.703,0.9,0.544,0.445,0.818,0.929,0.471,0.58,0.84,0.178,0.78,0.681,0.645,0.761,0.811,0.503,0.459,0.76,0.067,0.799,-0.519,0.653,0.169,0.486,0.829,0.102,0.49,-0.503,0.678,0.74,0.697,0.7,0.7,0.607,0.808,0.697,0.812,0.845,0.686,0.866,0.201,0.662,0.718,0.687,0.118,0.753,0.025,0.453,0.788,0.508,0.739,0.482,0.597,0.896,0.857,0.774,0.819,0.604,0.619,0.299,0.66,0.843,0.937,0.74,0.646,0.898,0.871,0.866,0.696,0.832,0.78,0.604,0.874,0.449,0.834,0.933,0.594,0.043,0.659,0.818,0.057,0.724,0.618,0.705,0.816,0.563,0.657,0.645,0.824,0.048,0.523,0.764,0.599,0.752,0.66,0.778,-0.116,0.789,0.857,0.096,0.733,0.921,0.825,0.903,0.857,0.92,0.851,0.829,0.597,0.186,0.865,0.744,0.79,0.763,0.863,0.877,0.352,0.689,0.588,0.828,0.858,0.934,0.819,0.691,-0.473,0.786,0.692,0.748
BRKR,0.582,0.826,0.959,0.954,0.673,0.458,0.961,-0.765,0.967,0.043,-0.283,-0.085,0.92,0.944,0.908,0.923,0.806,0.841,-0.304,0.739,0.629,0.798,0.874,0.555,0.685,0.0,0.672,0.853,0.868,0.907,0.087,0.962,0.914,-0.054,0.949,0.681,0.917,0.332,-0.257,0.611,0.031,-0.618,0.944,0.932,0.945,0.854,0.887,0.859,0.569,0.526,0.932,0.769,0.883,-0.638,0.767,0.775,0.943,0.956,0.853,0.37,0.874,0.696,0.919,0.794,0.65,0.92,0.488,0.653,0.276,0.6,0.895,0.948,0.937,0.89,0.002,0.766,0.794,0.84,0.713,0.364,0.809,-0.041,0.35,0.783,0.755,0.896,0.66,0.596,0.373,0.898,0.622,0.391,-0.575,0.123,0.493,0.61,0.937,0.209,0.818,-0.8,0.896,0.82,0.902,0.79,0.951,0.926,0.931,0.972,0.923,0.895,0.873,0.904,0.182,0.81,0.813,0.948,-0.249,0.908,0.613,0.81,0.87,0.844,0.925,0.639,0.312,0.736,0.851,0.923,0.651,0.871,0.898,0.435,0.844,0.938,0.824,0.938,0.807,0.877,0.82,0.674,0.798,0.804,0.959,0.754,0.524,0.879,0.953,0.771,0.91,-0.169,0.936,0.905,0.603,0.947,0.734,0.943,0.879,0.901,0.84,0.455,0.586,0.646,0.878,0.951,0.048,0.292,0.411,0.961,0.455,0.957,0.9,0.134,0.936,0.809,0.907,0.865,0.944,0.667,0.813,0.618,0.868,0.529,0.809,0.869,0.806,0.708,0.898,0.796,0.795,0.794,0.595,0.897,0.468,0.582,0.888,0.909,-0.034,0.905,0.961,0.899
CACC,-0.051,0.383,0.621,0.615,0.856,0.632,0.572,-0.666,0.752,0.103,0.179,0.048,0.701,0.682,0.509,0.499,0.739,0.915,0.339,0.723,0.807,0.412,0.819,0.78,0.824,0.672,0.0,0.543,0.392,0.599,0.288,0.582,0.637,0.31,0.643,0.709,0.786,0.817,0.209,0.202,0.492,-0.244,0.727,0.773,0.645,0.449,0.862,0.62,0.649,0.805,0.71,0.884,0.824,-0.131,0.428,0.835,0.702,0.761,0.791,0.78,0.815,0.628,0.484,0.879,0.807,0.513,0.007,0.331,0.767,0.255,0.479,0.682,0.626,0.801,0.612,0.388,0.862,0.773,0.298,0.768,0.897,0.218,0.86,0.411,0.777,0.708,0.646,0.464,0.371,0.778,-0.014,0.828,-0.403,0.735,0.065,0.548,0.805,0.339,0.525,-0.501,0.524,0.791,0.57,0.712,0.577,0.495,0.666,0.696,0.79,0.826,0.478,0.746,0.422,0.417,0.458,0.557,-0.153,0.598,0.014,0.265,0.719,0.429,0.677,0.574,0.669,0.922,0.778,0.681,0.905,0.714,0.557,0.137,0.463,0.754,0.859,0.726,0.421,0.878,0.912,0.943,0.508,0.809,0.718,0.785,0.902,0.394,0.786,0.912,0.634,-0.073,0.57,0.682,0.121,0.662,0.388,0.581,0.792,0.414,0.494,0.489,0.79,0.157,0.426,0.645,0.657,0.505,0.816,0.749,-0.041,0.703,0.756,-0.032,0.694,0.841,0.775,0.804,0.792,0.889,0.897,0.922,0.574,0.237,0.776,0.555,0.897,0.785,0.818,0.883,0.231,0.638,0.63,0.657,0.895,0.767,0.694,0.563,-0.36,0.799,0.591,0.626
CAR,0.55,0.813,0.87,0.896,0.576,0.484,0.881,-0.684,0.866,0.099,-0.37,-0.093,0.817,0.893,0.9,0.888,0.735,0.659,-0.321,0.681,0.569,0.725,0.743,0.365,0.554,0.853,0.543,0.0,0.882,0.942,0.272,0.859,0.827,-0.063,0.815,0.487,0.773,0.151,-0.257,0.529,-0.197,-0.573,0.806,0.806,0.898,0.934,0.733,0.827,0.534,0.396,0.785,0.642,0.79,-0.645,0.82,0.666,0.853,0.78,0.755,0.433,0.702,0.666,0.826,0.633,0.525,0.815,0.64,0.642,0.259,0.444,0.841,0.837,0.893,0.772,0.03,0.635,0.537,0.76,0.765,0.088,0.618,0.168,0.206,0.742,0.45,0.734,0.708,0.628,0.407,0.705,0.617,0.303,-0.255,0.14,0.472,0.646,0.842,0.363,0.672,-0.515,0.882,0.671,0.863,0.699,0.879,0.904,0.853,0.861,0.788,0.795,0.82,0.776,0.254,0.809,0.731,0.896,-0.034,0.797,0.646,0.822,0.802,0.918,0.859,0.499,0.33,0.545,0.795,0.861,0.532,0.766,0.927,0.373,0.776,0.798,0.659,0.738,0.811,0.763,0.606,0.481,0.818,0.788,0.845,0.534,0.432,0.887,0.821,0.622,0.726,0.169,0.886,0.755,0.618,0.903,0.862,0.856,0.74,0.833,0.687,0.646,0.55,0.596,0.868,0.81,0.054,0.301,0.409,0.821,0.56,0.843,0.816,0.464,0.779,0.707,0.688,0.781,0.825,0.499,0.612,0.381,0.891,0.683,0.804,0.864,0.672,0.688,0.71,0.721,0.782,0.648,0.734,0.808,0.33,0.429,0.87,0.937,0.104,0.802,0.857,0.853
CDNA,0.762,0.847,0.884,0.898,0.481,0.354,0.891,-0.585,0.831,-0.01,-0.554,0.028,0.772,0.866,0.914,0.925,0.612,0.598,-0.486,0.541,0.351,0.785,0.649,0.234,0.417,0.868,0.392,0.882,0.0,0.911,0.04,0.904,0.823,-0.221,0.841,0.448,0.742,0.007,-0.431,0.527,-0.22,-0.633,0.809,0.779,0.858,0.905,0.66,0.807,0.382,0.324,0.783,0.5,0.686,-0.739,0.752,0.533,0.831,0.773,0.637,0.201,0.673,0.532,0.89,0.539,0.389,0.888,0.569,0.567,-0.005,0.6,0.899,0.833,0.875,0.683,-0.245,0.756,0.513,0.634,0.817,0.052,0.54,-0.101,0.013,0.76,0.502,0.771,0.577,0.493,0.216,0.73,0.764,0.07,-0.406,-0.132,0.566,0.57,0.771,0.243,0.796,-0.688,0.863,0.619,0.826,0.584,0.89,0.92,0.81,0.874,0.76,0.682,0.825,0.726,0.048,0.808,0.722,0.898,-0.264,0.803,0.822,0.879,0.737,0.901,0.788,0.637,0.05,0.437,0.68,0.833,0.401,0.796,0.896,0.405,0.795,0.776,0.58,0.778,0.794,0.662,0.555,0.371,0.742,0.643,0.819,0.589,0.221,0.955,0.778,0.492,0.804,-0.064,0.901,0.752,0.707,0.879,0.776,0.856,0.746,0.912,0.774,0.46,0.403,0.779,0.921,0.833,-0.239,0.078,0.196,0.8,0.64,0.826,0.744,0.27,0.811,0.587,0.693,0.667,0.768,0.374,0.535,0.256,0.857,0.697,0.648,0.784,0.598,0.538,0.683,0.583,0.896,0.699,0.516,0.778,0.148,0.293,0.742,0.859,0.266,0.77,0.896,0.818
CG,0.546,0.817,0.931,0.921,0.612,0.521,0.937,-0.669,0.907,0.199,-0.34,-0.005,0.894,0.926,0.943,0.907,0.787,0.72,-0.258,0.746,0.624,0.767,0.824,0.441,0.644,0.907,0.599,0.942,0.911,0.0,0.181,0.9,0.901,-0.135,0.84,0.603,0.856,0.205,-0.236,0.61,-0.054,-0.606,0.871,0.881,0.921,0.914,0.802,0.885,0.611,0.452,0.87,0.729,0.844,-0.688,0.867,0.74,0.866,0.87,0.821,0.402,0.798,0.726,0.91,0.727,0.628,0.884,0.613,0.662,0.277,0.511,0.845,0.925,0.934,0.846,0.049,0.735,0.629,0.834,0.823,0.172,0.674,0.066,0.287,0.821,0.557,0.837,0.755,0.663,0.428,0.81,0.637,0.318,-0.41,0.134,0.574,0.613,0.896,0.35,0.761,-0.635,0.931,0.693,0.868,0.726,0.933,0.949,0.919,0.915,0.867,0.861,0.879,0.876,0.123,0.886,0.801,0.944,-0.114,0.89,0.671,0.867,0.844,0.928,0.897,0.597,0.265,0.624,0.858,0.895,0.57,0.811,0.919,0.46,0.849,0.894,0.764,0.831,0.842,0.817,0.699,0.577,0.879,0.79,0.912,0.611,0.487,0.92,0.887,0.688,0.832,0.002,0.936,0.854,0.594,0.933,0.872,0.904,0.82,0.892,0.786,0.618,0.561,0.635,0.914,0.895,0.051,0.319,0.386,0.867,0.519,0.915,0.882,0.345,0.868,0.776,0.798,0.839,0.886,0.593,0.69,0.477,0.898,0.684,0.841,0.89,0.735,0.678,0.797,0.764,0.81,0.776,0.691,0.875,0.417,0.558,0.9,0.937,0.082,0.867,0.919,0.891
CGBD,-0.351,0.181,0.124,0.196,0.475,0.584,0.071,-0.058,0.213,0.232,-0.016,0.155,0.191,0.209,0.132,0.014,0.369,0.267,0.37,0.219,0.542,-0.07,0.298,0.372,0.45,0.087,0.288,0.272,0.04,0.181,0.0,0.07,0.112,0.496,0.201,-0.144,0.189,0.4,0.625,-0.232,0.195,0.251,0.117,0.206,0.256,0.277,0.304,0.032,0.367,0.352,0.124,0.294,0.352,0.199,0.165,0.283,0.156,0.103,0.393,0.634,0.172,0.473,-0.015,0.259,0.303,-0.082,0.182,0.331,0.332,-0.484,0.052,0.128,0.125,0.278,0.502,-0.08,0.219,0.359,0.05,0.221,0.29,0.639,0.336,0.118,-0.039,0.036,0.58,0.117,0.258,0.019,-0.329,0.599,0.256,0.555,-0.209,0.44,0.298,0.094,-0.064,0.195,0.16,0.329,0.2,0.319,0.122,0.127,0.224,0.125,0.189,0.243,0.179,0.222,0.569,0.139,0.176,0.174,0.586,0.047,-0.327,-0.019,0.331,0.186,0.284,-0.039,0.603,0.38,0.279,0.274,0.49,0.098,0.212,0.172,0.112,0.205,0.223,0.046,0.269,0.316,0.217,0.269,0.279,0.483,0.192,0.086,0.49,-0.042,0.222,0.307,-0.129,0.689,0.052,0.091,-0.262,0.215,0.308,0.133,0.159,-0.032,0.025,0.585,0.614,-0.465,0.161,0.091,0.586,0.683,0.615,0.205,-0.404,0.201,0.182,0.497,0.013,0.29,0.088,0.3,0.261,0.337,0.258,0.205,0.112,0.034,0.427,0.366,0.207,0.586,0.271,0.366,0.013,-0.111,0.358,0.262,0.375,0.262,0.333,0.275,-0.167,0.205,0.091,0.34
CHI,0.629,0.876,0.978,0.965,0.64,0.445,0.949,-0.74,0.95,-0.007,-0.417,-0.055,0.914,0.95,0.931,0.938,0.773,0.792,-0.356,0.668,0.539,0.822,0.844,0.447,0.645,0.962,0.582,0.859,0.904,0.9,0.07,0.0,0.931,-0.159,0.953,0.609,0.914,0.233,-0.303,0.619,-0.038,-0.678,0.953,0.93,0.947,0.878,0.855,0.848,0.533,0.477,0.939,0.719,0.823,-0.719,0.772,0.723,0.938,0.934,0.821,0.282,0.862,0.681,0.946,0.755,0.61,0.94,0.462,0.613,0.196,0.622,0.912,0.944,0.946,0.864,-0.073,0.786,0.756,0.799,0.763,0.294,0.771,-0.167,0.265,0.828,0.726,0.907,0.645,0.55,0.232,0.89,0.685,0.297,-0.624,0.044,0.487,0.599,0.896,0.095,0.839,-0.837,0.92,0.787,0.943,0.697,0.966,0.948,0.92,0.97,0.897,0.833,0.905,0.878,0.086,0.829,0.843,0.963,-0.3,0.914,0.656,0.862,0.865,0.833,0.894,0.692,0.243,0.682,0.802,0.927,0.585,0.861,0.931,0.385,0.858,0.91,0.79,0.936,0.817,0.849,0.78,0.593,0.769,0.772,0.944,0.706,0.436,0.91,0.924,0.726,0.905,-0.178,0.951,0.897,0.631,0.965,0.777,0.953,0.884,0.947,0.872,0.463,0.545,0.693,0.907,0.961,-0.048,0.248,0.324,0.944,0.498,0.942,0.891,0.109,0.938,0.78,0.885,0.846,0.921,0.62,0.765,0.523,0.894,0.497,0.759,0.86,0.751,0.66,0.877,0.764,0.836,0.797,0.55,0.92,0.383,0.525,0.858,0.914,0.033,0.888,0.981,0.916
