,ACET,ADAP,ADI,ADPT,ADTN,AGEN,ALGN,ALLK,AMD,AMWD,ARDX,ARQT,ASTE,AUPH,AVXL,AZTA,BAND,BECN,BFC,BGC,BHF,BHFAL,BKNG,BL,BOKF,BRKR,CACC,CAR,CDNA,CG,CGBD,CHI,CHTR,CHX,CLNE,CME,CNOB,CNXN,CPRX,CSGP,CSGS,CSIQ,CVCO,CVLT,CYRX,DDOG,DOOO,DSGX,DTIL,ECPG,EEFT,EFSC,ENTG,ESPR,ETSY,EXC,FAMI,FFIV,FITB,FIZZ,FMBH,FOX,FTNT,FULT,GABC,GEN,GH,GMAB,GNPX,GO,GOGL,GOOG,GPRO,GSHD,GSM,GWAV,HAIN,HBAN,HEPA,HURN,HWKN,IBIO,ICFI,IGMS,IMKTA,INCY,INO,IRDM,IRTC,IRWD,ITCI,JACK,JD,JJSF,KALA,KHC,KLAC,KRRO,KRYS,LANC,LBTYA,LIVN,LKCO,LNTH,LOGI,LPRO,LRCX,LSCC,LSTR,MAR,MARA,MCHP,MEOH,META,MGTX,MKSI,MMYT,MORN,MRUS,MTLS,MTSI,MVIS,MXL,NBIX,NFE,NMIH,NMRK,NNDM,NSIT,NTCT,NVAX,OCUL,ODP,OLED,ONB,OTEX,PACB,PATK,PAYX,PEP,PERI,PI,PLYA,PRDO,PRGS,PTGX,QCOM,QCRH,QDEL,QFIN,RGEN,RILY,RPAY,RPD,SABR,SEDG,SHEN,SIRI,SLNO,SNDL,SNEX,SONO,SPT,SSNC,STGW,STKL,STRL,STX,SWTX,SYNA,TFSL,TIGR,TNXP,TOWN,TRI,TRIP,TRMB,TRNS,TRS,TSCO,TSEM,TVTX,TXRH,VC,VCEL,VECO,VIAV,VICR,VIR,VRTX,VSTM,VTRS,WDFC,WSBC,WSC,WYNN,XENE,XNCR,XRAY,ZS
ACET,0.0,-0.145,0.045,-0.279,-0.631,-0.627,0.112,0.111,-0.112,-0.74,-0.625,-0.341,-0.297,0.135,-0.046,0.826,-0.467,-0.343,-0.78,-0.394,-0.65,0.497,-0.728,-0.59,-0.627,0.416,-0.789,-0.185,0.798,0.517,-0.633,-0.013,-0.219,-0.618,-0.328,-0.461,-0.456,-0.763,-0.756,-0.249,0.145,-0.492,-0.398,-0.517,-0.512,-0.137,-0.747,-0.213,-0.652,0.288,-0.565,-0.656,-0.012,-0.744,-0.427,-0.755,-0.048,-0.227,-0.749,-0.527,-0.881,-0.803,0.359,-0.82,-0.753,0.626,-0.027,-0.526,-0.849,0.771,0.046,-0.357,-0.217,-0.641,-0.757,0.399,-0.825,-0.72,-0.488,-0.543,-0.65,-0.392,-0.727,-0.586,-0.064,-0.033,-0.555,-0.223,-0.102,-0.254,0.725,-0.73,0.645,-0.816,0.167,-0.499,0.09,0.192,0.184,-0.719,-0.002,-0.558,0.008,-0.543,0.043,-0.206,0.016,0.124,-0.453,-0.617,-0.419,-0.319,-0.299,-0.415,-0.332,0.365,-0.434,-0.535,0.711,0.632,-0.251,0.137,0.311,-0.454,-0.673,-0.548,-0.424,-0.336,-0.554,0.506,0.752,-0.439,-0.307,-0.39,-0.668,0.372,-0.486,-0.895,-0.697,-0.682,-0.328,-0.3,-0.383,0.515,-0.76,0.357,-0.106,-0.916,0.51,-0.301,-0.199,-0.421,0.826,0.273,-0.315,0.049,-0.513,0.188,-0.402,-0.538,-0.625,0.906,-0.281,-0.296,-0.62,-0.773,-0.603,-0.303,0.635,0.144,-0.538,0.221,0.434,-0.819,-0.502,-0.559,-0.505,-0.559,-0.693,-0.847,-0.047,-0.313,-0.583,-0.252,0.145,-0.468,-0.519,-0.58,0.756,-0.58,-0.594,-0.659,-0.85,-0.771,-0.407,-0.126,-0.147,-0.484,-0.064,-0.458
ADAP,-0.145,0.0,0.75,0.939,0.128,0.369,0.65,0.695,0.741,0.49,0.74,0.784,-0.391,-0.242,0.689,-0.233,0.349,0.317,0.21,0.87,0.769,0.261,0.668,0.653,0.696,-0.759,0.16,0.668,0.117,-0.293,0.724,0.501,0.448,0.583,0.842,0.312,0.756,0.486,0.684,0.676,-0.895,0.729,0.826,0.474,0.8,0.818,0.572,0.802,0.657,-0.904,0.321,0.626,-0.21,0.547,0.815,0.337,0.808,0.749,0.684,0.593,0.307,0.418,-0.797,0.568,0.537,-0.275,0.661,0.515,0.439,-0.243,-0.061,0.775,0.784,0.678,0.621,-0.582,0.398,0.713,0.771,0.285,0.728,0.789,0.685,0.807,0.457,-0.593,0.819,0.682,-0.22,0.174,0.367,0.686,-0.439,0.588,0.418,0.56,0.408,0.555,0.81,0.715,0.286,0.123,-0.117,0.712,0.718,0.812,0.549,0.619,0.554,0.569,0.836,0.708,-0.297,0.816,0.943,0.359,0.786,0.604,0.418,-0.335,0.772,0.711,0.352,0.821,0.723,0.823,-0.267,0.69,0.194,-0.64,-0.5,0.865,0.79,0.82,0.58,-0.395,0.832,0.316,0.688,0.472,0.824,0.776,0.853,-0.744,0.574,0.759,0.034,0.236,-0.836,0.109,0.844,0.831,-0.484,0.109,0.894,-0.271,0.776,0.507,0.741,0.604,0.788,-0.335,0.907,0.485,0.167,0.614,0.437,0.689,0.424,0.269,0.751,-0.199,-0.635,0.512,0.828,0.829,0.627,0.794,0.263,0.352,0.619,0.882,0.752,0.445,-0.402,0.681,0.727,0.668,-0.049,0.662,0.738,0.711,0.527,0.603,0.866,0.857,0.913,0.564,0.687,0.819
ADI,0.045,0.75,0.0,0.762,0.175,0.189,0.878,0.328,0.862,0.52,0.434,0.446,-0.276,-0.394,0.425,0.205,0.5,0.562,0.196,0.635,0.505,0.55,0.557,0.396,0.638,-0.241,0.027,0.821,0.356,0.27,0.651,0.808,0.046,0.395,0.69,-0.179,0.755,0.265,0.478,0.835,-0.551,0.562,0.689,0.11,0.648,0.835,0.533,0.767,0.437,-0.581,-0.016,0.602,0.284,0.087,0.781,0.35,0.624,0.79,0.465,0.638,0.123,0.114,-0.427,0.394,0.446,0.071,0.732,0.377,0.207,-0.291,-0.051,0.835,0.847,0.605,0.439,-0.53,0.217,0.518,0.353,0.204,0.541,0.508,0.395,0.51,0.514,-0.687,0.634,0.819,0.217,-0.242,0.402,0.5,-0.331,0.311,0.48,0.199,0.784,0.451,0.602,0.491,0.608,0.264,-0.333,0.59,0.922,0.807,0.871,0.887,0.626,0.616,0.766,0.844,-0.602,0.569,0.73,0.824,0.742,0.475,0.498,0.069,0.874,0.853,0.74,0.44,0.56,0.594,-0.43,0.708,0.343,-0.15,-0.153,0.633,0.74,0.713,0.578,0.07,0.625,0.222,0.53,0.498,0.74,0.802,0.788,-0.308,0.442,0.813,-0.116,0.122,-0.5,0.024,0.794,0.76,-0.171,0.183,0.777,0.14,0.644,0.807,0.52,0.251,0.58,-0.113,0.672,0.236,0.355,0.483,0.488,0.828,0.409,0.742,0.699,-0.132,-0.158,0.43,0.662,0.544,0.746,0.61,0.391,0.155,0.773,0.544,0.664,0.72,0.064,0.764,0.692,0.613,0.08,0.256,0.47,0.468,0.282,0.483,0.762,0.902,0.61,0.336,0.623,0.666
ADPT,-0.279,0.939,0.762,0.0,0.281,0.368,0.699,0.585,0.808,0.63,0.816,0.756,-0.376,-0.31,0.654,-0.336,0.445,0.438,0.299,0.915,0.85,0.29,0.799,0.752,0.817,-0.724,0.275,0.765,0.041,-0.312,0.845,0.6,0.388,0.711,0.92,0.3,0.863,0.589,0.797,0.772,-0.866,0.825,0.9,0.492,0.888,0.906,0.735,0.86,0.684,-0.912,0.356,0.743,-0.156,0.593,0.921,0.448,0.807,0.792,0.803,0.727,0.427,0.505,-0.788,0.695,0.652,-0.333,0.712,0.582,0.531,-0.388,0.016,0.875,0.87,0.784,0.745,-0.67,0.508,0.833,0.807,0.361,0.826,0.818,0.761,0.879,0.502,-0.664,0.895,0.759,-0.114,0.062,0.296,0.797,-0.601,0.673,0.459,0.622,0.462,0.489,0.699,0.825,0.358,0.215,-0.191,0.837,0.759,0.895,0.599,0.684,0.666,0.729,0.927,0.788,-0.295,0.877,0.923,0.345,0.834,0.659,0.344,-0.369,0.813,0.744,0.333,0.859,0.852,0.891,-0.283,0.811,0.304,-0.628,-0.61,0.953,0.836,0.889,0.723,-0.42,0.928,0.428,0.791,0.614,0.91,0.848,0.932,-0.787,0.687,0.71,-0.01,0.366,-0.871,0.06,0.925,0.919,-0.611,0.083,0.954,-0.193,0.857,0.58,0.758,0.64,0.871,-0.445,0.947,0.549,0.312,0.725,0.545,0.764,0.311,0.287,0.865,-0.305,-0.635,0.646,0.9,0.905,0.753,0.886,0.41,0.481,0.637,0.903,0.867,0.557,-0.395,0.759,0.815,0.761,-0.14,0.701,0.805,0.809,0.641,0.718,0.942,0.887,0.91,0.603,0.69,0.925
ADTN,-0.631,0.128,0.175,0.281,0.0,0.403,0.158,-0.025,0.283,0.633,0.475,0.209,-0.011,-0.086,-0.013,-0.427,0.614,0.509,0.626,0.384,0.467,-0.176,0.61,0.498,0.556,-0.13,0.504,0.316,-0.407,-0.166,0.555,0.262,0.03,0.562,0.345,0.182,0.517,0.589,0.583,0.344,0.031,0.457,0.374,0.355,0.424,0.315,0.623,0.303,0.489,-0.137,0.313,0.588,0.143,0.442,0.427,0.553,0.062,0.286,0.573,0.525,0.624,0.48,-0.096,0.606,0.572,-0.318,0.205,0.292,0.569,-0.613,-0.121,0.427,0.351,0.589,0.587,-0.37,0.684,0.563,0.266,0.481,0.466,0.309,0.526,0.395,0.29,-0.221,0.455,0.337,0.19,-0.096,-0.444,0.592,-0.517,0.561,-0.111,0.324,0.225,-0.095,-0.066,0.558,0.18,0.563,-0.067,0.567,0.17,0.315,0.243,0.222,0.448,0.581,0.388,0.473,-0.002,0.319,0.258,-0.021,0.388,0.3,-0.363,-0.317,0.403,0.111,0.068,0.325,0.556,0.461,0.118,0.401,0.625,-0.171,-0.473,0.373,0.332,0.442,0.595,-0.189,0.374,0.634,0.573,0.658,0.418,0.385,0.373,-0.25,0.648,-0.115,0.059,0.652,-0.3,0.089,0.317,0.447,-0.541,0.05,0.378,0.009,0.435,0.077,0.203,0.38,0.506,-0.592,0.283,0.268,0.743,0.6,0.522,0.413,-0.424,0.181,0.518,-0.335,-0.259,0.641,0.42,0.43,0.529,0.52,0.646,0.659,0.134,0.209,0.517,0.404,0.139,0.504,0.555,0.529,-0.546,0.345,0.418,0.455,0.639,0.611,0.418,0.264,0.123,0.368,0.148,0.449
AGEN,-0.627,0.369,0.189,0.368,0.403,0.0,-0.086,0.281,0.049,0.524,0.484,0.32,0.244,0.032,0.523,-0.51,0.464,-0.002,0.585,0.354,0.498,-0.545,0.552,0.428,0.432,-0.455,0.389,0.053,-0.266,-0.491,0.516,-0.063,0.606,0.389,0.265,0.354,0.308,0.507,0.655,0.163,-0.243,0.295,0.307,0.468,0.579,0.115,0.503,0.1,0.746,-0.289,0.705,0.445,-0.033,0.598,0.38,0.451,0.121,0.237,0.619,0.265,0.768,0.777,-0.311,0.578,0.576,-0.448,0.391,0.67,0.688,-0.591,-0.018,0.291,0.182,0.533,0.529,-0.203,0.593,0.566,0.518,0.178,0.452,0.505,0.531,0.635,-0.147,0.172,0.679,0.188,-0.033,0.563,-0.45,0.531,-0.212,0.63,-0.038,0.416,-0.118,-0.017,0.125,0.533,0.059,0.58,0.048,0.401,0.112,0.33,0.05,-0.096,0.17,0.401,0.492,0.306,0.402,0.549,0.555,-0.146,0.352,0.594,-0.378,-0.227,0.29,-0.121,0.053,0.451,0.491,0.434,0.512,0.406,0.268,-0.587,-0.454,0.436,0.376,0.398,0.448,-0.269,0.515,0.712,0.512,0.36,0.41,0.179,0.404,-0.487,0.531,0.015,0.495,0.635,-0.421,0.682,0.203,0.37,-0.599,0.155,0.362,-0.197,0.396,-0.123,0.598,0.568,0.484,-0.727,0.343,0.483,0.352,0.677,0.303,0.37,-0.326,0.074,0.37,0.261,-0.421,0.57,0.369,0.498,0.308,0.423,0.284,0.492,0.015,0.408,0.436,0.138,-0.239,0.416,0.393,0.471,-0.235,0.633,0.685,0.687,0.631,0.529,0.324,0.348,0.25,0.724,0.422,0.425
ALGN,0.112,0.65,0.878,0.699,0.158,-0.086,0.0,0.247,0.889,0.494,0.432,0.47,-0.355,-0.471,0.259,0.253,0.397,0.695,0.119,0.613,0.459,0.674,0.507,0.418,0.617,-0.152,0.104,0.853,0.357,0.351,0.594,0.839,-0.175,0.371,0.712,-0.16,0.753,0.276,0.386,0.851,-0.529,0.597,0.69,0.009,0.552,0.858,0.497,0.824,0.294,-0.565,-0.202,0.602,0.33,0.04,0.762,0.333,0.665,0.749,0.379,0.676,-0.006,-0.034,-0.421,0.356,0.394,0.065,0.661,0.199,0.128,-0.154,-0.087,0.82,0.84,0.561,0.413,-0.525,0.19,0.443,0.273,0.312,0.535,0.46,0.371,0.377,0.671,-0.782,0.501,0.807,0.348,-0.373,0.49,0.475,-0.395,0.256,0.525,0.111,0.84,0.521,0.586,0.448,0.526,0.141,-0.342,0.586,0.877,0.719,0.868,0.915,0.737,0.605,0.68,0.79,-0.711,0.429,0.574,0.808,0.738,0.399,0.553,-0.017,0.834,0.923,0.674,0.4,0.516,0.564,-0.49,0.665,0.389,-0.018,-0.115,0.579,0.667,0.697,0.562,0.065,0.542,0.127,0.51,0.526,0.664,0.836,0.739,-0.201,0.423,0.745,-0.304,0.09,-0.461,-0.254,0.792,0.72,-0.118,0.026,0.708,0.21,0.617,0.784,0.409,0.138,0.536,0.019,0.621,0.053,0.341,0.374,0.537,0.792,0.462,0.694,0.652,-0.331,-0.113,0.378,0.671,0.499,0.724,0.577,0.44,0.192,0.793,0.501,0.654,0.754,0.169,0.723,0.674,0.585,0.016,0.135,0.335,0.327,0.223,0.46,0.746,0.796,0.592,0.151,0.51,0.625
ALLK,0.111,0.695,0.328,0.585,-0.025,0.281,0.247,0.0,0.267,0.026,0.462,0.509,-0.476,0.191,0.728,-0.173,0.084,-0.135,-0.116,0.579,0.413,0.007,0.24,0.419,0.213,-0.704,-0.119,0.196,0.29,-0.465,0.276,0.033,0.668,0.301,0.504,0.356,0.281,0.174,0.338,0.145,-0.708,0.348,0.433,0.513,0.478,0.444,0.117,0.414,0.403,-0.663,0.42,0.132,-0.501,0.46,0.369,-0.166,0.544,0.296,0.367,0.065,0.038,0.292,-0.515,0.158,0.048,-0.136,0.494,0.301,0.142,0.132,-0.047,0.299,0.342,0.27,0.244,-0.107,0.229,0.361,0.616,-0.031,0.304,0.627,0.333,0.538,0.177,-0.247,0.527,0.135,-0.52,0.335,0.459,0.308,-0.056,0.275,0.367,0.54,0.003,0.501,0.71,0.361,0.051,-0.134,0.248,0.32,0.313,0.514,0.11,0.227,0.1,0.086,0.447,0.257,0.069,0.635,0.65,-0.003,0.32,0.227,0.442,-0.192,0.313,0.352,0.172,0.645,0.308,0.471,-0.165,0.364,-0.182,-0.658,-0.257,0.564,0.505,0.493,0.07,-0.39,0.534,-0.013,0.283,0.004,0.531,0.284,0.45,-0.597,0.198,0.57,0.332,-0.123,-0.521,0.182,0.483,0.416,-0.25,0.333,0.562,-0.599,0.333,0.108,0.515,0.586,0.353,-0.099,0.678,0.595,-0.24,0.269,-0.068,0.297,0.414,-0.055,0.296,0.009,-0.679,0.055,0.375,0.538,0.093,0.423,-0.216,0.125,0.103,0.655,0.307,-0.009,-0.563,0.226,0.312,0.225,0.233,0.537,0.511,0.43,0.235,0.169,0.423,0.492,0.711,0.39,0.558,0.517
AMD,-0.112,0.741,0.862,0.808,0.283,0.049,0.889,0.267,0.0,0.632,0.633,0.556,-0.411,-0.463,0.266,0.006,0.511,0.763,0.356,0.782,0.66,0.609,0.693,0.618,0.778,-0.369,0.239,0.852,0.078,0.169,0.726,0.736,-0.047,0.571,0.781,0.039,0.888,0.477,0.588,0.873,-0.661,0.749,0.808,0.186,0.629,0.9,0.647,0.886,0.521,-0.716,-0.059,0.734,0.241,0.265,0.831,0.47,0.723,0.861,0.569,0.828,0.198,0.126,-0.607,0.564,0.559,-0.056,0.542,0.258,0.377,-0.329,-0.231,0.9,0.895,0.697,0.612,-0.714,0.412,0.639,0.39,0.437,0.701,0.611,0.609,0.525,0.769,-0.878,0.661,0.883,0.226,-0.35,0.295,0.677,-0.517,0.506,0.402,0.252,0.854,0.527,0.615,0.653,0.479,0.184,-0.359,0.682,0.848,0.729,0.89,0.918,0.721,0.734,0.737,0.907,-0.661,0.566,0.712,0.669,0.809,0.419,0.472,-0.267,0.919,0.912,0.615,0.542,0.699,0.76,-0.547,0.742,0.542,-0.23,-0.304,0.71,0.731,0.828,0.713,-0.074,0.671,0.259,0.682,0.704,0.774,0.935,0.834,-0.391,0.636,0.695,-0.162,0.289,-0.649,-0.194,0.883,0.864,-0.335,-0.014,0.841,0.098,0.76,0.68,0.413,0.313,0.723,-0.22,0.707,0.216,0.522,0.566,0.654,0.788,0.345,0.617,0.83,-0.446,-0.25,0.579,0.815,0.663,0.837,0.785,0.58,0.38,0.771,0.605,0.784,0.703,0.102,0.849,0.823,0.778,-0.217,0.286,0.495,0.462,0.473,0.649,0.875,0.848,0.662,0.314,0.411,0.725
AMWD,-0.74,0.49,0.52,0.63,0.633,0.524,0.494,0.026,0.632,0.0,0.771,0.526,0.034,-0.415,0.207,-0.45,0.657,0.732,0.767,0.69,0.788,-0.017,0.898,0.71,0.886,-0.412,0.716,0.669,-0.398,-0.183,0.88,0.484,0.103,0.731,0.684,0.304,0.829,0.816,0.844,0.696,-0.427,0.716,0.749,0.415,0.771,0.606,0.909,0.657,0.758,-0.552,0.318,0.91,0.255,0.618,0.796,0.844,0.422,0.656,0.834,0.857,0.749,0.625,-0.528,0.892,0.873,-0.48,0.474,0.496,0.821,-0.732,-0.141,0.773,0.676,0.879,0.876,-0.688,0.827,0.851,0.54,0.623,0.84,0.636,0.817,0.673,0.472,-0.451,0.771,0.686,0.339,-0.044,-0.369,0.886,-0.727,0.842,0.17,0.445,0.488,0.176,0.227,0.859,0.352,0.554,-0.256,0.775,0.504,0.606,0.565,0.457,0.779,0.86,0.726,0.768,-0.191,0.575,0.632,0.228,0.781,0.646,-0.214,-0.539,0.732,0.424,0.212,0.589,0.861,0.777,0.047,0.675,0.743,-0.424,-0.625,0.668,0.665,0.736,0.899,-0.234,0.7,0.837,0.872,0.894,0.662,0.74,0.751,-0.479,0.894,0.16,-0.032,0.834,-0.678,0.119,0.631,0.783,-0.678,-0.155,0.673,0.065,0.79,0.299,0.586,0.522,0.817,-0.739,0.565,0.256,0.78,0.9,0.85,0.758,-0.198,0.383,0.844,-0.396,-0.369,0.92,0.793,0.747,0.848,0.801,0.847,0.817,0.518,0.547,0.847,0.64,0.083,0.855,0.859,0.854,-0.587,0.564,0.725,0.729,0.854,0.918,0.779,0.616,0.436,0.504,0.36,0.722
ARDX,-0.625,0.74,0.434,0.816,0.475,0.484,0.432,0.462,0.633,0.771,0.0,0.797,-0.32,-0.319,0.433,-0.647,0.488,0.53,0.631,0.929,0.931,-0.014,0.895,0.931,0.879,-0.81,0.64,0.595,-0.365,-0.53,0.841,0.32,0.382,0.824,0.838,0.605,0.839,0.871,0.892,0.642,-0.759,0.867,0.863,0.602,0.804,0.704,0.818,0.785,0.825,-0.863,0.475,0.853,-0.188,0.866,0.825,0.606,0.652,0.719,0.891,0.803,0.695,0.651,-0.834,0.893,0.806,-0.536,0.447,0.482,0.836,-0.458,-0.201,0.78,0.719,0.83,0.929,-0.728,0.811,0.909,0.815,0.643,0.923,0.833,0.961,0.844,0.575,-0.544,0.876,0.65,-0.08,0.198,-0.113,0.946,-0.72,0.931,0.221,0.642,0.316,0.437,0.553,0.957,0.074,0.271,-0.16,0.847,0.438,0.679,0.393,0.432,0.674,0.786,0.756,0.714,-0.112,0.774,0.799,-0.038,0.807,0.607,-0.023,-0.752,0.696,0.471,0.076,0.902,0.924,0.963,-0.05,0.658,0.538,-0.705,-0.783,0.872,0.69,0.874,0.829,-0.575,0.824,0.655,0.94,0.8,0.819,0.781,0.846,-0.784,0.909,0.332,0.038,0.699,-0.91,0.002,0.784,0.879,-0.809,-0.15,0.841,-0.333,0.87,0.159,0.609,0.715,0.928,-0.671,0.828,0.48,0.539,0.816,0.684,0.61,0.05,0.061,0.872,-0.513,-0.744,0.843,0.904,0.951,0.73,0.943,0.614,0.815,0.469,0.84,0.895,0.42,-0.261,0.75,0.845,0.874,-0.539,0.813,0.86,0.815,0.907,0.895,0.879,0.644,0.785,0.625,0.42,0.835
ARQT,-0.341,0.784,0.446,0.756,0.209,0.32,0.47,0.509,0.556,0.526,0.797,0.0,-0.218,-0.354,0.485,-0.458,0.211,0.37,0.331,0.783,0.787,0.088,0.682,0.703,0.709,-0.739,0.49,0.53,-0.144,-0.38,0.681,0.362,0.268,0.611,0.774,0.472,0.667,0.664,0.686,0.603,-0.758,0.777,0.778,0.404,0.672,0.637,0.617,0.709,0.595,-0.799,0.384,0.689,-0.148,0.678,0.711,0.45,0.661,0.702,0.678,0.625,0.439,0.436,-0.809,0.684,0.629,-0.456,0.436,0.443,0.548,-0.207,-0.119,0.673,0.628,0.604,0.707,-0.573,0.504,0.692,0.729,0.531,0.792,0.683,0.771,0.706,0.489,-0.425,0.708,0.596,-0.194,0.311,0.141,0.719,-0.57,0.678,0.293,0.461,0.265,0.511,0.696,0.719,-0.035,0.146,-0.205,0.707,0.457,0.583,0.335,0.387,0.622,0.577,0.666,0.557,-0.153,0.641,0.757,0.065,0.81,0.667,0.079,-0.602,0.594,0.496,0.088,0.814,0.723,0.805,0.035,0.48,0.314,-0.568,-0.618,0.776,0.591,0.751,0.641,-0.52,0.704,0.463,0.757,0.536,0.657,0.686,0.755,-0.699,0.651,0.407,-0.12,0.466,-0.816,-0.005,0.665,0.725,-0.607,-0.259,0.696,-0.277,0.738,0.178,0.595,0.473,0.774,-0.416,0.783,0.241,0.234,0.572,0.542,0.553,0.258,0.07,0.671,-0.347,-0.644,0.62,0.821,0.801,0.569,0.74,0.402,0.516,0.593,0.816,0.745,0.367,-0.292,0.606,0.684,0.687,-0.308,0.691,0.654,0.645,0.607,0.683,0.767,0.581,0.835,0.494,0.498,0.694
ASTE,-0.297,-0.391,-0.276,-0.376,-0.011,0.244,-0.355,-0.476,-0.411,0.034,-0.32,-0.218,0.0,0.065,-0.102,-0.088,-0.184,-0.187,0.032,-0.501,-0.213,-0.522,-0.126,-0.352,-0.172,0.341,0.332,-0.19,-0.188,0.083,-0.119,-0.103,-0.127,-0.256,-0.367,-0.211,-0.352,-0.092,-0.087,-0.229,0.461,-0.291,-0.283,-0.108,-0.12,-0.443,0.034,-0.447,-0.128,0.489,0.176,-0.101,0.468,-0.131,-0.263,0.307,-0.487,-0.366,-0.083,-0.25,0.247,0.176,0.357,0.026,0.016,-0.284,-0.162,0.191,0.019,-0.296,0.355,-0.294,-0.414,-0.201,-0.107,0.342,-0.063,-0.137,-0.199,-0.097,-0.164,-0.324,-0.208,-0.153,-0.56,0.72,-0.196,-0.305,0.286,0.276,-0.512,-0.215,0.04,-0.09,-0.182,-0.162,-0.329,-0.495,-0.53,-0.207,0.109,0.416,0.089,-0.185,-0.311,-0.317,-0.318,-0.485,-0.056,-0.105,-0.15,-0.377,0.409,-0.268,-0.294,-0.148,-0.193,0.311,-0.618,0.219,-0.354,-0.451,-0.261,-0.324,-0.215,-0.38,0.684,-0.29,-0.065,0.176,0.034,-0.325,-0.206,-0.355,-0.076,0.205,-0.223,0.378,-0.181,-0.147,-0.478,-0.404,-0.319,0.21,-0.176,-0.552,0.035,0.248,0.32,0.368,-0.54,-0.412,-0.029,-0.227,-0.487,0.49,-0.209,-0.227,0.052,-0.206,-0.241,-0.181,-0.428,-0.289,-0.044,-0.005,0.115,-0.132,-0.487,-0.051,-0.287,0.421,0.293,0.034,-0.273,-0.295,-0.119,-0.393,0.086,0.009,-0.137,-0.315,-0.233,-0.092,0.095,-0.208,-0.269,-0.251,-0.061,-0.092,-0.139,-0.041,-0.096,-0.051,-0.366,-0.408,-0.439,-0.056,-0.006,-0.288
AUPH,0.135,-0.242,-0.394,-0.31,-0.086,0.032,-0.471,0.191,-0.463,-0.415,-0.319,-0.354,0.065,0.0,0.197,0.037,0.005,-0.477,-0.337,-0.268,-0.349,-0.276,-0.402,-0.204,-0.559,0.061,-0.305,-0.461,0.03,-0.116,-0.453,-0.553,0.424,-0.359,-0.461,0.218,-0.483,-0.472,-0.309,-0.651,0.222,-0.483,-0.475,0.424,-0.293,-0.399,-0.381,-0.457,-0.065,0.275,0.239,-0.537,-0.319,-0.141,-0.418,-0.466,-0.081,-0.595,-0.214,-0.624,-0.268,0.101,0.438,-0.416,-0.541,0.271,-0.171,-0.077,-0.196,0.197,-0.07,-0.509,-0.397,-0.269,-0.374,0.604,-0.129,-0.254,-0.13,-0.502,-0.507,-0.086,-0.347,-0.175,-0.489,0.439,-0.222,-0.706,-0.234,0.075,-0.011,-0.361,0.484,-0.281,-0.069,0.169,-0.451,-0.06,-0.304,-0.339,0.015,-0.36,0.822,-0.467,-0.286,-0.284,-0.379,-0.462,-0.493,-0.556,-0.274,-0.417,0.438,-0.02,-0.221,-0.32,-0.5,-0.213,-0.055,0.287,-0.467,-0.316,-0.264,-0.262,-0.431,-0.365,0.156,-0.095,-0.384,-0.144,0.264,-0.305,-0.335,-0.336,-0.602,0.283,-0.24,-0.172,-0.447,-0.487,-0.227,-0.536,-0.464,0.038,-0.339,-0.171,0.529,-0.326,0.384,0.386,-0.419,-0.454,0.199,0.66,-0.286,-0.4,-0.564,-0.294,-0.089,0.282,-0.413,0.12,-0.222,0.327,-0.362,-0.215,-0.669,-0.407,-0.167,-0.306,-0.425,0.525,0.004,-0.397,-0.47,-0.334,-0.551,-0.363,-0.531,-0.11,-0.584,-0.265,-0.43,-0.467,-0.273,-0.411,-0.423,-0.499,0.282,-0.191,-0.135,-0.26,-0.225,-0.426,-0.443,-0.311,-0.33,-0.03,-0.19,-0.188
AVXL,-0.046,0.689,0.425,0.654,-0.013,0.523,0.259,0.728,0.266,0.207,0.433,0.485,-0.102,0.197,0.0,-0.184,0.136,-0.18,-0.091,0.51,0.447,-0.087,0.346,0.381,0.275,-0.612,0.002,0.301,0.323,-0.41,0.377,0.135,0.745,0.26,0.499,0.346,0.317,0.157,0.437,0.215,-0.656,0.308,0.475,0.543,0.649,0.467,0.3,0.362,0.54,-0.581,0.581,0.231,-0.315,0.383,0.501,0.049,0.541,0.268,0.493,0.106,0.232,0.476,-0.418,0.285,0.19,-0.259,0.69,0.489,0.303,-0.14,0.177,0.363,0.402,0.381,0.334,-0.121,0.203,0.466,0.686,-0.158,0.349,0.684,0.33,0.677,-0.106,-0.091,0.659,0.175,-0.291,0.379,0.332,0.341,-0.103,0.338,0.442,0.583,-0.02,0.37,0.538,0.418,0.298,0.031,0.209,0.406,0.418,0.624,0.165,0.199,0.162,0.186,0.637,0.275,0.147,0.739,0.702,0.079,0.361,0.582,0.313,0.004,0.329,0.312,0.132,0.62,0.384,0.43,0.08,0.526,-0.216,-0.68,-0.28,0.602,0.528,0.502,0.182,-0.295,0.644,0.244,0.322,0.046,0.545,0.266,0.497,-0.657,0.24,0.569,0.387,0.053,-0.496,0.416,0.471,0.429,-0.332,0.457,0.567,-0.351,0.378,0.256,0.698,0.633,0.393,-0.232,0.664,0.646,-0.154,0.416,0.015,0.384,0.303,0.041,0.362,0.247,-0.524,0.223,0.397,0.568,0.185,0.408,-0.155,0.173,0.226,0.701,0.382,0.065,-0.592,0.273,0.302,0.261,0.301,0.628,0.69,0.601,0.305,0.259,0.453,0.562,0.64,0.611,0.72,0.603
AZTA,0.826,-0.233,0.205,-0.336,-0.427,-0.51,0.253,-0.173,0.006,-0.45,-0.647,-0.458,-0.088,0.037,-0.184,0.0,-0.205,-0.059,-0.527,-0.439,-0.667,0.521,-0.614,-0.643,-0.51,0.643,-0.623,-0.024,0.727,0.792,-0.526,0.151,-0.401,-0.639,-0.362,-0.592,-0.332,-0.697,-0.712,-0.097,0.319,-0.53,-0.381,-0.602,-0.467,-0.127,-0.585,-0.178,-0.536,0.424,-0.705,-0.476,0.35,-0.854,-0.341,-0.474,-0.098,-0.168,-0.716,-0.356,-0.783,-0.805,0.491,-0.715,-0.609,0.662,0.068,-0.531,-0.689,0.549,-0.098,-0.241,-0.13,-0.481,-0.668,0.356,-0.692,-0.677,-0.639,-0.44,-0.605,-0.411,-0.699,-0.652,-0.003,-0.065,-0.519,-0.084,0.276,-0.432,0.496,-0.643,0.611,-0.735,0.148,-0.635,0.337,0.164,0.034,-0.669,0.24,-0.341,-0.078,-0.506,0.159,-0.192,0.261,0.235,-0.276,-0.47,-0.364,-0.132,-0.49,-0.518,-0.356,0.612,-0.338,-0.441,0.593,0.671,-0.069,0.197,0.482,-0.611,-0.619,-0.559,-0.366,-0.222,-0.274,0.673,0.84,-0.527,-0.273,-0.383,-0.5,0.64,-0.518,-0.666,-0.61,-0.458,-0.321,-0.202,-0.344,0.733,-0.621,0.312,-0.179,-0.708,0.599,-0.227,-0.19,-0.365,0.9,0.285,-0.323,0.287,-0.464,0.296,-0.387,-0.574,-0.592,0.798,-0.409,-0.473,-0.292,-0.616,-0.359,-0.132,0.53,0.47,-0.435,0.264,0.68,-0.644,-0.464,-0.612,-0.304,-0.538,-0.4,-0.714,0.13,-0.439,-0.499,-0.017,0.523,-0.254,-0.399,-0.436,0.658,-0.688,-0.563,-0.678,-0.749,-0.627,-0.361,-0.037,-0.341,-0.473,-0.124,-0.473
BAND,-0.467,0.349,0.5,0.445,0.614,0.464,0.397,0.084,0.511,0.657,0.488,0.211,-0.184,0.005,0.136,-0.205,0.0,0.608,0.636,0.525,0.494,0.17,0.646,0.574,0.572,-0.156,0.271,0.41,-0.225,0.034,0.614,0.336,0.171,0.488,0.365,0.112,0.627,0.416,0.59,0.481,-0.135,0.423,0.372,0.357,0.486,0.459,0.597,0.424,0.663,-0.296,0.252,0.575,0.211,0.314,0.572,0.406,0.42,0.488,0.581,0.578,0.457,0.487,-0.169,0.51,0.509,0.138,0.439,0.454,0.531,-0.599,-0.35,0.593,0.603,0.724,0.534,-0.414,0.643,0.592,0.216,0.34,0.467,0.451,0.51,0.453,0.372,-0.446,0.592,0.468,0.36,-0.247,-0.208,0.624,-0.296,0.523,0.125,0.237,0.52,0.146,0.063,0.55,0.318,0.404,-0.02,0.472,0.536,0.493,0.629,0.456,0.433,0.609,0.551,0.751,-0.189,0.502,0.5,0.349,0.559,0.328,-0.128,-0.137,0.625,0.394,0.44,0.271,0.555,0.563,-0.11,0.736,0.703,-0.214,-0.255,0.453,0.406,0.586,0.556,0.216,0.496,0.539,0.571,0.646,0.677,0.561,0.559,-0.253,0.691,0.254,0.242,0.506,-0.31,0.364,0.511,0.61,-0.418,0.343,0.589,-0.126,0.397,0.326,0.347,0.459,0.573,-0.549,0.397,0.412,0.743,0.676,0.373,0.615,-0.274,0.537,0.595,-0.016,-0.188,0.595,0.503,0.433,0.652,0.594,0.545,0.536,0.234,0.223,0.62,0.588,0.164,0.729,0.641,0.623,-0.342,0.177,0.442,0.444,0.582,0.576,0.539,0.606,0.165,0.406,0.173,0.568
BECN,-0.343,0.317,0.562,0.438,0.509,-0.002,0.695,-0.135,0.763,0.732,0.53,0.37,-0.187,-0.477,-0.18,-0.059,0.608,0.0,0.612,0.549,0.504,0.439,0.642,0.547,0.713,-0.071,0.539,0.706,-0.193,0.315,0.623,0.618,-0.357,0.507,0.524,0.045,0.765,0.557,0.505,0.736,-0.238,0.63,0.583,0.079,0.394,0.61,0.68,0.693,0.417,-0.369,-0.171,0.758,0.516,0.213,0.639,0.649,0.389,0.687,0.467,0.838,0.316,0.104,-0.333,0.595,0.613,-0.029,0.275,0.082,0.46,-0.419,-0.383,0.732,0.697,0.655,0.612,-0.611,0.549,0.533,0.11,0.678,0.613,0.348,0.563,0.262,0.773,-0.688,0.434,0.744,0.51,-0.457,-0.123,0.64,-0.565,0.52,0.22,0.072,0.816,0.306,0.221,0.571,0.324,0.321,-0.372,0.557,0.577,0.442,0.771,0.71,0.771,0.738,0.464,0.794,-0.599,0.236,0.353,0.511,0.682,0.307,0.04,-0.36,0.752,0.66,0.433,0.286,0.602,0.599,-0.314,0.526,0.839,0.059,-0.259,0.419,0.472,0.63,0.734,0.112,0.38,0.446,0.661,0.848,0.531,0.783,0.604,-0.079,0.705,0.24,-0.279,0.525,-0.38,-0.289,0.597,0.661,-0.329,-0.222,0.54,0.23,0.609,0.437,0.119,0.141,0.595,-0.284,0.372,-0.083,0.779,0.524,0.761,0.656,-0.022,0.583,0.701,-0.54,-0.01,0.657,0.653,0.444,0.82,0.632,0.813,0.571,0.608,0.25,0.683,0.706,0.491,0.793,0.76,0.748,-0.53,0.098,0.292,0.278,0.522,0.682,0.662,0.514,0.273,0.098,0.076,0.49
BFC,-0.78,0.21,0.196,0.299,0.626,0.585,0.119,-0.116,0.356,0.767,0.631,0.331,0.032,-0.337,-0.091,-0.527,0.636,0.612,0.0,0.475,0.595,-0.207,0.728,0.614,0.695,-0.314,0.696,0.28,-0.619,-0.225,0.621,0.121,0.036,0.555,0.329,0.32,0.585,0.774,0.699,0.451,-0.152,0.536,0.434,0.273,0.41,0.237,0.684,0.362,0.707,-0.306,0.301,0.738,0.244,0.588,0.472,0.711,0.12,0.485,0.623,0.7,0.792,0.534,-0.404,0.772,0.782,-0.332,0.079,0.336,0.833,-0.653,-0.391,0.51,0.383,0.66,0.721,-0.548,0.794,0.634,0.284,0.639,0.651,0.406,0.744,0.44,0.426,-0.254,0.563,0.507,0.288,0.1,-0.64,0.739,-0.505,0.799,-0.15,0.179,0.305,0.031,0.051,0.681,-0.028,0.548,-0.254,0.506,0.13,0.223,0.32,0.198,0.456,0.716,0.372,0.578,-0.054,0.32,0.381,-0.048,0.534,0.37,-0.459,-0.572,0.512,0.079,0.116,0.371,0.649,0.606,0.172,0.366,0.819,-0.285,-0.512,0.389,0.318,0.513,0.752,-0.169,0.382,0.745,0.743,0.814,0.442,0.507,0.494,-0.279,0.831,-0.132,0.112,0.866,-0.463,0.179,0.35,0.551,-0.637,-0.273,0.407,-0.01,0.574,-0.098,0.204,0.371,0.641,-0.72,0.255,0.137,0.833,0.699,0.69,0.409,-0.412,0.213,0.604,-0.317,-0.253,0.82,0.561,0.512,0.623,0.627,0.79,0.758,0.244,0.266,0.629,0.398,0.262,0.651,0.64,0.773,-0.734,0.426,0.521,0.505,0.808,0.785,0.49,0.31,0.146,0.462,-0.004,0.388
BGC,-0.394,0.87,0.635,0.915,0.384,0.354,0.613,0.579,0.782,0.69,0.929,0.783,-0.501,-0.268,0.51,-0.439,0.525,0.549,0.475,0.0,0.898,0.236,0.841,0.88,0.85,-0.792,0.421,0.707,-0.164,-0.377,0.825,0.451,0.39,0.779,0.891,0.499,0.897,0.718,0.82,0.715,-0.855,0.86,0.897,0.6,0.813,0.853,0.75,0.891,0.785,-0.934,0.373,0.797,-0.213,0.712,0.884,0.453,0.79,0.793,0.834,0.795,0.491,0.519,-0.822,0.767,0.689,-0.322,0.547,0.438,0.673,-0.352,-0.218,0.859,0.847,0.833,0.831,-0.722,0.684,0.872,0.791,0.522,0.867,0.863,0.875,0.834,0.657,-0.718,0.875,0.724,-0.123,0.033,0.142,0.889,-0.632,0.804,0.329,0.635,0.481,0.554,0.685,0.901,0.237,0.141,-0.124,0.816,0.648,0.796,0.576,0.636,0.671,0.753,0.822,0.826,-0.294,0.843,0.885,0.201,0.838,0.542,0.254,-0.598,0.813,0.692,0.264,0.881,0.885,0.97,-0.297,0.761,0.459,-0.673,-0.657,0.913,0.779,0.925,0.758,-0.459,0.855,0.477,0.872,0.735,0.924,0.871,0.906,-0.772,0.829,0.592,0.044,0.481,-0.902,-0.037,0.908,0.943,-0.66,0.045,0.955,-0.367,0.858,0.391,0.627,0.72,0.905,-0.504,0.926,0.547,0.457,0.754,0.585,0.69,0.246,0.211,0.909,-0.482,-0.708,0.729,0.909,0.933,0.749,0.96,0.514,0.666,0.563,0.862,0.894,0.494,-0.283,0.798,0.872,0.845,-0.36,0.711,0.823,0.758,0.784,0.805,0.944,0.817,0.86,0.577,0.492,0.901
BHF,-0.65,0.769,0.505,0.85,0.467,0.498,0.459,0.413,0.66,0.788,0.931,0.787,-0.213,-0.349,0.447,-0.667,0.494,0.504,0.595,0.898,0.0,-0.001,0.938,0.878,0.919,-0.782,0.606,0.635,-0.379,-0.498,0.91,0.414,0.351,0.859,0.873,0.499,0.865,0.866,0.939,0.689,-0.757,0.904,0.901,0.609,0.864,0.742,0.872,0.768,0.808,-0.855,0.512,0.878,-0.137,0.825,0.862,0.668,0.614,0.721,0.944,0.809,0.7,0.706,-0.81,0.92,0.835,-0.553,0.441,0.582,0.788,-0.586,-0.057,0.816,0.726,0.866,0.929,-0.713,0.783,0.958,0.828,0.599,0.968,0.808,0.935,0.897,0.497,-0.525,0.893,0.678,-0.073,0.175,-0.114,0.951,-0.794,0.901,0.215,0.671,0.314,0.303,0.495,0.957,0.188,0.379,-0.145,0.875,0.498,0.706,0.426,0.452,0.72,0.833,0.839,0.733,-0.09,0.82,0.835,0.045,0.846,0.681,-0.06,-0.672,0.718,0.49,0.092,0.894,0.953,0.952,-0.031,0.692,0.525,-0.721,-0.826,0.914,0.754,0.883,0.859,-0.535,0.882,0.694,0.935,0.778,0.809,0.796,0.881,-0.84,0.887,0.328,0.025,0.708,-0.939,0.078,0.777,0.889,-0.851,-0.164,0.852,-0.198,0.896,0.269,0.688,0.702,0.945,-0.735,0.849,0.503,0.529,0.873,0.715,0.697,-0.036,0.135,0.901,-0.444,-0.736,0.867,0.923,0.962,0.771,0.941,0.649,0.775,0.482,0.828,0.921,0.491,-0.341,0.795,0.876,0.857,-0.528,0.791,0.844,0.875,0.884,0.92,0.899,0.683,0.782,0.633,0.502,0.889
BHFAL,0.497,0.261,0.55,0.29,-0.176,-0.545,0.674,0.007,0.609,-0.017,-0.014,0.088,-0.522,-0.276,-0.087,0.521,0.17,0.439,-0.207,0.236,-0.001,0.0,0.01,0.02,0.136,0.153,-0.32,0.497,0.428,0.585,0.066,0.556,-0.363,0.01,0.258,-0.322,0.35,-0.199,-0.129,0.455,-0.222,0.162,0.228,-0.275,-0.004,0.514,0.009,0.461,-0.17,-0.208,-0.538,0.097,0.163,-0.395,0.286,-0.141,0.427,0.415,-0.132,0.311,-0.492,-0.508,-0.091,-0.156,-0.096,0.545,0.213,-0.238,-0.292,0.218,-0.217,0.384,0.513,0.096,-0.061,-0.281,-0.255,-0.051,-0.163,0.036,0.043,0.027,-0.072,-0.109,0.549,-0.717,-0.018,0.471,0.171,-0.648,0.637,-0.003,-0.001,-0.215,0.37,-0.214,0.717,0.4,0.336,-0.032,0.348,-0.347,-0.294,0.076,0.598,0.321,0.666,0.738,0.248,0.156,0.157,0.449,-0.757,0.012,0.116,0.692,0.247,-0.165,0.691,0.192,0.448,0.722,0.532,-0.039,0.049,0.143,-0.758,0.284,0.12,0.33,0.287,0.144,0.163,0.224,0.087,0.34,0.066,-0.406,0.006,0.133,0.306,0.47,0.28,0.16,-0.016,0.633,-0.374,-0.372,-0.023,-0.456,0.479,0.318,0.319,0.133,0.335,0.126,0.12,0.659,-0.138,-0.205,0.083,0.443,0.209,-0.11,0.088,-0.143,0.044,0.264,0.522,0.486,0.254,-0.254,0.265,-0.104,0.211,0.01,0.3,0.172,0.071,-0.257,0.505,0.062,0.164,0.438,0.27,0.27,0.2,0.169,0.18,-0.317,-0.152,-0.199,-0.217,-0.061,0.317,0.426,0.219,-0.229,-0.019,0.156
BKNG,-0.728,0.668,0.557,0.799,0.61,0.552,0.507,0.24,0.693,0.898,0.895,0.682,-0.126,-0.402,0.346,-0.614,0.646,0.642,0.728,0.841,0.938,0.01,0.0,0.865,0.966,-0.606,0.654,0.682,-0.404,-0.369,0.956,0.517,0.225,0.863,0.827,0.382,0.912,0.872,0.965,0.768,-0.597,0.888,0.849,0.528,0.861,0.745,0.951,0.747,0.823,-0.729,0.467,0.948,0.053,0.764,0.892,0.779,0.531,0.738,0.948,0.885,0.77,0.717,-0.674,0.952,0.904,-0.515,0.501,0.614,0.827,-0.725,-0.074,0.873,0.766,0.928,0.952,-0.746,0.829,0.962,0.719,0.656,0.95,0.73,0.921,0.857,0.49,-0.536,0.892,0.742,0.119,0.061,-0.234,0.974,-0.82,0.903,0.188,0.567,0.416,0.213,0.372,0.954,0.267,0.545,-0.231,0.892,0.535,0.71,0.522,0.514,0.782,0.933,0.858,0.812,-0.143,0.763,0.769,0.144,0.874,0.702,-0.158,-0.586,0.781,0.482,0.18,0.785,0.972,0.919,0.013,0.76,0.664,-0.579,-0.79,0.863,0.742,0.869,0.938,-0.421,0.856,0.79,0.969,0.885,0.816,0.825,0.878,-0.716,0.946,0.277,-0.005,0.806,-0.845,0.12,0.775,0.9,-0.847,-0.152,0.831,-0.036,0.894,0.339,0.649,0.652,0.949,-0.785,0.77,0.447,0.705,0.926,0.802,0.772,-0.161,0.264,0.925,-0.422,-0.59,0.942,0.917,0.906,0.876,0.935,0.781,0.82,0.525,0.723,0.96,0.638,-0.156,0.876,0.912,0.911,-0.588,0.71,0.814,0.868,0.911,0.967,0.887,0.703,0.651,0.652,0.469,0.881
BL,-0.59,0.653,0.396,0.752,0.498,0.428,0.418,0.419,0.618,0.71,0.931,0.703,-0.352,-0.204,0.381,-0.643,0.574,0.547,0.614,0.88,0.878,0.02,0.865,0.0,0.827,-0.708,0.563,0.517,-0.378,-0.445,0.805,0.28,0.345,0.798,0.746,0.568,0.805,0.779,0.868,0.592,-0.669,0.84,0.762,0.619,0.712,0.678,0.792,0.711,0.81,-0.786,0.488,0.788,-0.107,0.79,0.78,0.517,0.636,0.666,0.865,0.754,0.645,0.657,-0.716,0.833,0.736,-0.386,0.385,0.483,0.764,-0.513,-0.258,0.752,0.703,0.82,0.864,-0.641,0.801,0.881,0.691,0.622,0.841,0.784,0.887,0.787,0.554,-0.567,0.838,0.587,0.039,0.089,-0.108,0.905,-0.66,0.861,0.216,0.581,0.355,0.404,0.428,0.886,0.075,0.292,-0.075,0.762,0.451,0.609,0.437,0.452,0.619,0.769,0.724,0.726,-0.077,0.769,0.732,-0.0,0.766,0.564,-0.051,-0.64,0.661,0.483,0.132,0.788,0.857,0.918,-0.067,0.723,0.591,-0.643,-0.699,0.836,0.595,0.882,0.763,-0.441,0.769,0.603,0.884,0.777,0.827,0.754,0.798,-0.733,0.898,0.284,0.15,0.667,-0.805,0.057,0.739,0.829,-0.818,-0.04,0.809,-0.316,0.753,0.162,0.506,0.696,0.867,-0.657,0.775,0.541,0.574,0.784,0.583,0.608,-0.1,0.116,0.815,-0.441,-0.69,0.804,0.833,0.864,0.702,0.902,0.593,0.796,0.339,0.701,0.874,0.438,-0.245,0.748,0.831,0.836,-0.533,0.656,0.748,0.738,0.852,0.843,0.815,0.615,0.666,0.563,0.329,0.831
BOKF,-0.627,0.696,0.638,0.817,0.556,0.432,0.617,0.213,0.778,0.886,0.879,0.709,-0.172,-0.559,0.275,-0.51,0.572,0.713,0.695,0.85,0.919,0.136,0.966,0.827,0.0,-0.567,0.632,0.766,-0.328,-0.258,0.961,0.625,0.091,0.843,0.87,0.276,0.947,0.863,0.919,0.862,-0.623,0.915,0.902,0.402,0.834,0.8,0.935,0.825,0.741,-0.75,0.33,0.973,0.129,0.683,0.912,0.775,0.538,0.826,0.892,0.945,0.705,0.578,-0.724,0.931,0.911,-0.484,0.492,0.537,0.753,-0.651,-0.075,0.925,0.816,0.882,0.93,-0.809,0.764,0.921,0.668,0.698,0.962,0.699,0.898,0.798,0.61,-0.63,0.85,0.85,0.151,-0.008,-0.148,0.951,-0.835,0.858,0.221,0.489,0.54,0.263,0.446,0.932,0.287,0.522,-0.363,0.915,0.604,0.73,0.604,0.626,0.835,0.948,0.842,0.855,-0.297,0.7,0.766,0.255,0.916,0.661,-0.059,-0.582,0.839,0.583,0.266,0.775,0.965,0.924,-0.107,0.713,0.679,-0.479,-0.745,0.86,0.772,0.885,0.976,-0.423,0.825,0.705,0.966,0.91,0.813,0.902,0.91,-0.646,0.916,0.344,-0.14,0.745,-0.854,-0.023,0.822,0.934,-0.767,-0.26,0.84,0.041,0.942,0.42,0.603,0.528,0.947,-0.68,0.774,0.332,0.703,0.868,0.863,0.797,-0.043,0.334,0.953,-0.536,-0.528,0.921,0.939,0.894,0.927,0.936,0.82,0.753,0.648,0.723,0.962,0.702,-0.067,0.891,0.939,0.931,-0.558,0.665,0.749,0.815,0.847,0.957,0.931,0.736,0.69,0.543,0.478,0.848
BRKR,0.416,-0.759,-0.241,-0.724,-0.13,-0.455,-0.152,-0.704,-0.369,-0.412,-0.81,-0.739,0.341,0.061,-0.612,0.643,-0.156,-0.071,-0.314,-0.792,-0.782,0.153,-0.606,-0.708,-0.567,0.0,-0.37,-0.3,0.286,0.741,-0.576,0.01,-0.683,-0.632,-0.666,-0.709,-0.53,-0.617,-0.694,-0.29,0.865,-0.641,-0.675,-0.676,-0.666,-0.477,-0.496,-0.56,-0.688,0.881,-0.589,-0.492,0.533,-0.844,-0.567,-0.288,-0.607,-0.468,-0.719,-0.416,-0.498,-0.615,0.873,-0.626,-0.493,0.522,-0.302,-0.461,-0.628,0.187,0.106,-0.467,-0.445,-0.564,-0.668,0.465,-0.572,-0.719,-0.876,-0.315,-0.693,-0.8,-0.776,-0.797,-0.29,0.298,-0.741,-0.318,0.493,-0.451,-0.051,-0.697,0.431,-0.743,-0.172,-0.743,0.04,-0.414,-0.609,-0.754,0.052,0.035,-0.072,-0.581,-0.235,-0.534,-0.076,-0.145,-0.326,-0.42,-0.587,-0.388,-0.152,-0.774,-0.776,0.254,-0.533,-0.478,-0.088,0.684,-0.412,-0.277,0.116,-0.878,-0.686,-0.782,0.032,-0.427,-0.114,0.901,0.691,-0.767,-0.596,-0.646,-0.46,0.679,-0.728,-0.407,-0.655,-0.393,-0.623,-0.48,-0.632,0.893,-0.596,-0.337,-0.243,-0.385,0.858,-0.153,-0.579,-0.643,0.672,0.026,-0.694,0.585,-0.656,0.018,-0.623,-0.743,-0.715,0.536,-0.771,-0.611,-0.073,-0.607,-0.313,-0.345,-0.172,0.249,-0.612,0.256,0.852,-0.518,-0.677,-0.829,-0.363,-0.733,-0.171,-0.55,-0.22,-0.829,-0.604,-0.035,0.63,-0.426,-0.562,-0.567,0.273,-0.833,-0.794,-0.728,-0.69,-0.596,-0.665,-0.505,-0.803,-0.551,-0.417,-0.672
CACC,-0.789,0.16,0.027,0.275,0.504,0.389,0.104,-0.119,0.239,0.716,0.64,0.49,0.332,-0.305,0.002,-0.623,0.271,0.539,0.696,0.421,0.606,-0.32,0.654,0.563,0.632,-0.37,0.0,0.358,-0.595,-0.302,0.552,0.138,0.019,0.511,0.388,0.44,0.477,0.778,0.625,0.374,-0.204,0.543,0.5,0.37,0.434,0.225,0.719,0.402,0.535,-0.315,0.39,0.701,0.251,0.631,0.455,0.763,0.118,0.342,0.626,0.601,0.758,0.534,-0.423,0.807,0.713,-0.615,0.043,0.293,0.782,-0.483,-0.112,0.428,0.281,0.541,0.751,-0.401,0.725,0.626,0.418,0.665,0.674,0.384,0.708,0.441,0.332,-0.026,0.47,0.341,0.237,0.224,-0.577,0.675,-0.649,0.769,-0.027,0.317,0.119,0.073,0.007,0.668,0.02,0.415,-0.117,0.56,0.027,0.21,0.098,0.034,0.602,0.641,0.356,0.337,0.081,0.303,0.274,-0.228,0.509,0.573,-0.52,-0.659,0.309,0.073,-0.194,0.465,0.618,0.546,0.367,0.21,0.614,-0.308,-0.631,0.4,0.327,0.45,0.698,-0.313,0.382,0.826,0.703,0.712,0.282,0.392,0.429,-0.366,0.727,-0.263,-0.067,0.853,-0.477,-0.042,0.236,0.425,-0.68,-0.459,0.282,0.038,0.581,-0.161,0.294,0.366,0.576,-0.627,0.293,0.025,0.584,0.607,0.757,0.317,-0.337,-0.02,0.54,-0.406,-0.357,0.784,0.552,0.539,0.538,0.524,0.728,0.845,0.289,0.371,0.586,0.25,0.099,0.482,0.536,0.622,-0.726,0.531,0.544,0.508,0.763,0.767,0.448,0.1,0.252,0.336,0.089,0.407
CAR,-0.185,0.668,0.821,0.765,0.316,0.053,0.853,0.196,0.852,0.669,0.595,0.53,-0.19,-0.461,0.301,-0.024,0.41,0.706,0.28,0.707,0.635,0.497,0.682,0.517,0.766,-0.3,0.358,0.0,0.124,0.142,0.732,0.868,-0.106,0.547,0.819,-0.003,0.851,0.473,0.57,0.885,-0.572,0.707,0.832,0.248,0.702,0.892,0.715,0.878,0.425,-0.635,-0.033,0.768,0.211,0.261,0.864,0.575,0.606,0.76,0.598,0.781,0.252,0.197,-0.478,0.595,0.584,-0.184,0.631,0.277,0.375,-0.339,0.046,0.88,0.877,0.695,0.645,-0.648,0.365,0.66,0.486,0.432,0.708,0.518,0.552,0.567,0.58,-0.701,0.615,0.819,0.224,-0.285,0.255,0.643,-0.643,0.474,0.479,0.364,0.705,0.377,0.499,0.664,0.586,0.218,-0.311,0.752,0.798,0.805,0.744,0.83,0.855,0.766,0.789,0.79,-0.621,0.539,0.629,0.592,0.799,0.523,0.329,-0.213,0.825,0.819,0.4,0.575,0.718,0.682,-0.37,0.67,0.406,-0.193,-0.409,0.686,0.752,0.737,0.732,-0.129,0.677,0.409,0.687,0.69,0.709,0.865,0.791,-0.407,0.589,0.627,-0.391,0.319,-0.618,-0.239,0.835,0.807,-0.348,-0.048,0.779,0.192,0.782,0.769,0.509,0.347,0.698,-0.201,0.719,0.151,0.454,0.564,0.702,0.764,0.327,0.476,0.824,-0.45,-0.257,0.603,0.769,0.677,0.831,0.72,0.609,0.447,0.835,0.624,0.777,0.756,0.035,0.742,0.75,0.669,-0.207,0.399,0.547,0.54,0.465,0.662,0.843,0.769,0.66,0.28,0.542,0.751
CDNA,0.798,0.117,0.356,0.041,-0.407,-0.266,0.357,0.29,0.078,-0.398,-0.365,-0.144,-0.188,0.03,0.323,0.727,-0.225,-0.193,-0.619,-0.164,-0.379,0.428,-0.404,-0.378,-0.328,0.286,-0.595,0.124,0.0,0.436,-0.296,0.282,-0.069,-0.394,-0.008,-0.475,-0.181,-0.519,-0.422,0.057,-0.016,-0.251,-0.088,-0.363,-0.081,0.159,-0.393,0.018,-0.363,0.1,-0.352,-0.336,0.11,-0.552,-0.053,-0.462,0.107,0.016,-0.42,-0.295,-0.596,-0.512,0.248,-0.52,-0.461,0.421,0.477,-0.193,-0.595,0.479,0.203,-0.038,0.082,-0.331,-0.453,0.244,-0.596,-0.403,-0.187,-0.424,-0.351,-0.117,-0.495,-0.225,-0.059,-0.084,-0.164,0.037,0.034,-0.131,0.721,-0.459,0.407,-0.561,0.47,-0.272,0.211,0.269,0.353,-0.422,0.218,-0.234,-0.089,-0.176,0.316,0.214,0.212,0.321,-0.153,-0.304,-0.007,-0.059,-0.313,-0.107,-0.022,0.528,-0.141,-0.15,0.708,0.664,0.028,0.302,0.46,-0.153,-0.358,-0.303,-0.248,-0.015,-0.419,0.333,0.544,-0.121,0.029,-0.074,-0.359,0.315,-0.126,-0.55,-0.39,-0.444,-0.022,-0.07,-0.039,0.311,-0.502,0.576,-0.095,-0.662,0.295,-0.136,0.077,-0.135,0.571,0.367,-0.028,0.145,-0.195,0.413,-0.021,-0.3,-0.339,0.692,0.029,-0.133,-0.442,-0.437,-0.336,0.078,0.621,0.371,-0.257,0.272,0.296,-0.523,-0.216,-0.24,-0.202,-0.302,-0.493,-0.636,0.178,0.006,-0.263,0.011,0.098,-0.176,-0.248,-0.309,0.77,-0.245,-0.21,-0.263,-0.598,-0.477,-0.117,0.179,0.107,-0.155,0.379,-0.112
CG,0.517,-0.293,0.27,-0.312,-0.166,-0.491,0.351,-0.465,0.169,-0.183,-0.53,-0.38,0.083,-0.116,-0.41,0.792,0.034,0.315,-0.225,-0.377,-0.498,0.585,-0.369,-0.445,-0.258,0.741,-0.302,0.142,0.436,0.0,-0.312,0.335,-0.637,-0.469,-0.329,-0.618,-0.109,-0.513,-0.496,0.11,0.425,-0.345,-0.29,-0.595,-0.444,-0.041,-0.25,-0.075,-0.423,0.458,-0.695,-0.189,0.686,-0.812,-0.175,-0.143,-0.13,0.013,-0.524,-0.063,-0.556,-0.676,0.487,-0.438,-0.314,0.653,-0.056,-0.417,-0.487,0.191,-0.215,-0.045,0.026,-0.24,-0.427,0.189,-0.466,-0.473,-0.721,-0.11,-0.405,-0.474,-0.504,-0.598,0.153,-0.171,-0.422,0.122,0.582,-0.596,0.274,-0.424,0.356,-0.531,0.153,-0.651,0.562,0.097,-0.18,-0.486,0.298,-0.099,-0.23,-0.362,0.28,-0.191,0.465,0.365,0.021,-0.165,-0.266,0.085,-0.597,-0.509,-0.359,0.706,-0.132,-0.248,0.31,0.579,0.08,0.314,0.502,-0.639,-0.427,-0.405,-0.32,-0.096,0.097,0.793,0.708,-0.446,-0.268,-0.228,-0.204,0.784,-0.465,-0.37,-0.38,-0.106,-0.237,0.002,-0.22,0.723,-0.337,0.159,-0.305,-0.364,0.574,-0.255,-0.133,-0.234,0.628,0.107,-0.25,0.493,-0.335,0.367,-0.445,-0.618,-0.407,0.589,-0.416,-0.544,0.1,-0.42,-0.078,0.023,0.169,0.622,-0.234,0.144,0.779,-0.322,-0.295,-0.548,0.004,-0.375,0.013,-0.462,0.232,-0.528,-0.261,0.245,0.72,-0.011,-0.171,-0.172,0.276,-0.745,-0.559,-0.611,-0.544,-0.35,-0.219,-0.027,-0.429,-0.468,-0.271,-0.365
CGBD,-0.633,0.724,0.651,0.845,0.555,0.516,0.594,0.276,0.726,0.88,0.841,0.681,-0.119,-0.453,0.377,-0.526,0.614,0.623,0.621,0.825,0.91,0.066,0.956,0.805,0.961,-0.576,0.552,0.732,-0.296,-0.312,0.0,0.614,0.203,0.838,0.865,0.258,0.909,0.806,0.943,0.802,-0.62,0.874,0.871,0.475,0.906,0.788,0.931,0.769,0.753,-0.74,0.422,0.919,0.083,0.692,0.911,0.74,0.544,0.768,0.928,0.866,0.712,0.681,-0.679,0.9,0.881,-0.49,0.577,0.667,0.706,-0.711,0.018,0.891,0.793,0.895,0.89,-0.73,0.762,0.939,0.713,0.592,0.926,0.712,0.853,0.86,0.477,-0.559,0.89,0.776,0.119,0.018,-0.128,0.935,-0.806,0.817,0.254,0.584,0.459,0.192,0.408,0.915,0.351,0.566,-0.265,0.902,0.644,0.784,0.575,0.571,0.812,0.903,0.902,0.826,-0.186,0.774,0.816,0.27,0.898,0.716,-0.086,-0.501,0.81,0.551,0.257,0.772,0.952,0.898,-0.065,0.778,0.6,-0.552,-0.75,0.89,0.822,0.868,0.92,-0.408,0.886,0.736,0.923,0.833,0.825,0.845,0.902,-0.701,0.87,0.357,-0.058,0.71,-0.845,0.137,0.797,0.909,-0.778,-0.142,0.846,0.003,0.9,0.464,0.717,0.595,0.936,-0.74,0.8,0.44,0.619,0.916,0.787,0.852,-0.098,0.335,0.918,-0.394,-0.572,0.884,0.908,0.891,0.898,0.906,0.737,0.722,0.562,0.722,0.941,0.702,-0.21,0.883,0.926,0.859,-0.457,0.669,0.766,0.88,0.822,0.92,0.909,0.771,0.686,0.572,0.58,0.897
