,ACET,ADAP,ADI,ADPT,ADTN,AGEN,ALGN,ALLK,AMD,AMWD,ARDX,ARQT,ASTE,AUPH,AVXL,AZTA,BAND,BECN,BFC,BGC,BHF,BHFAL,BKNG,BL,BOKF,BRKR,CACC,CAR,CDNA,CG,CGBD,CHI,CHTR,CHX,CLNE,CME,CNOB,CNXN,CPRX,CSGP,CSGS,CSIQ,CVCO,CVLT,CYRX,DDOG,DOOO,DSGX,DTIL,ECPG,EEFT,EFSC,ENTG,ESPR,ETSY,EXC,FAMI,FFIV,FITB,FIZZ,FMBH,FOX,FTNT,FULT,GABC,GEN,GH,GMAB,GNPX,GO,GOGL,GOOG,GPRO,GSHD,GSM,GWAV,HAIN,HBAN,HEPA,HURN,HWKN,IBIO,ICFI,IGMS,IMKTA,INCY,INO,IRDM,IRTC,IRWD,ITCI,JACK,JD,JJSF,KALA,KHC,KLAC,KRRO,KRYS,LANC,LBTYA,LIVN,LKCO,LNTH,LOGI,LPRO,LRCX,LSCC,LSTR,MAR,MARA,MCHP,MEOH,META,MGTX,MKSI,MMYT,MORN,MRUS,MTLS,MTSI,MVIS,MXL,NBIX,NFE,NMIH,NMRK,NNDM,NSIT,NTCT,NVAX,OCUL,ODP,OLED,ONB,OTEX,PACB,PATK,PAYX,PEP,PERI,PI,PLYA,PRDO,PRGS,PTGX,QCOM,QCRH,QDEL,QFIN,RGEN,RILY,RPAY,RPD,SABR,SEDG,SHEN,SIRI,SLNO,SNDL,SNEX,SONO,SPT,SSNC,STGW,STKL,STRL,STX,SWTX,SYNA,TFSL,TIGR,TNXP,TOWN,TRI,TRIP,TRMB,TRNS,TRS,TSCO,TSEM,TVTX,TXRH,VC,VCEL,VECO,VIAV,VICR,VIR,VRTX,VSTM,VTRS,WDFC,WSBC,WSC,WYNN,XENE,XNCR,XRAY,ZS
ACET,0.0,0.927,0.859,0.728,-0.396,0.058,0.089,0.843,0.819,0.767,-0.591,0.84,0.642,-0.784,0.748,0.415,0.887,0.766,0.838,0.573,-0.047,0.215,0.743,0.708,0.343,0.875,0.681,0.33,-0.732,0.51,0.854,0.776,0.693,0.773,0.761,0.244,0.269,-0.004,0.792,0.571,-0.547,0.832,0.086,0.872,-0.691,-0.289,0.651,0.624,0.181,0.138,0.672,0.247,-0.233,-0.256,0.684,0.466,-0.53,0.171,0.52,0.636,-0.517,0.447,-0.066,0.745,0.697,0.36,0.464,0.842,0.244,-0.731,0.879,-0.19,0.185,0.444,0.477,-0.523,0.771,0.395,-0.696,0.151,-0.288,-0.831,-0.801,0.454,0.553,0.664,0.769,0.55,-0.71,0.751,0.857,0.067,0.821,0.094,-0.196,0.087,0.89,0.796,0.556,0.851,0.909,0.797,0.026,-0.841,0.862,-0.05,0.924,0.837,0.885,0.284,-0.757,0.884,0.903,-0.131,-0.851,-0.341,0.615,0.761,-0.545,-0.313,0.922,-0.542,0.845,0.599,-0.243,0.345,-0.16,0.748,0.767,-0.27,0.289,-0.786,0.826,0.851,0.238,0.221,0.752,0.819,0.687,0.152,0.542,0.491,0.223,0.891,0.683,-0.007,0.297,-0.323,0.656,0.816,0.694,0.27,0.358,-0.802,-0.309,0.845,-0.557,0.744,-0.485,0.626,0.533,0.712,0.392,0.652,0.099,-0.523,0.794,0.358,0.114,0.782,0.609,0.779,-0.177,0.52,0.74,-0.688,0.279,0.045,0.076,0.052,-0.382,-0.406,0.25,0.903,-0.615,0.601,-0.835,0.802,0.892,0.048,0.457,0.89,0.763,0.526,0.858,0.869,-0.704,0.663,0.133,-0.541
ADAP,0.927,0.0,0.907,0.769,-0.338,0.21,0.11,0.937,0.892,0.878,-0.649,0.852,0.65,-0.761,0.83,0.567,0.888,0.798,0.853,0.648,-0.083,0.317,0.835,0.784,0.363,0.891,0.734,0.345,-0.747,0.544,0.944,0.869,0.796,0.803,0.793,0.399,0.344,0.066,0.818,0.614,-0.482,0.892,0.074,0.889,-0.654,-0.201,0.705,0.729,0.331,0.213,0.726,0.268,-0.178,-0.427,0.757,0.545,-0.471,0.236,0.553,0.759,-0.614,0.497,0.028,0.743,0.691,0.438,0.509,0.905,0.287,-0.699,0.787,-0.136,0.265,0.515,0.332,-0.677,0.843,0.355,-0.659,0.098,-0.293,-0.802,-0.824,0.585,0.634,0.681,0.833,0.573,-0.661,0.725,0.801,0.086,0.89,0.213,-0.153,0.121,0.939,0.756,0.589,0.844,0.96,0.849,0.18,-0.845,0.909,-0.027,0.94,0.916,0.934,0.392,-0.794,0.924,0.908,-0.13,-0.897,-0.293,0.689,0.824,-0.536,-0.253,0.955,-0.588,0.866,0.511,-0.343,0.248,-0.164,0.666,0.835,-0.19,0.351,-0.83,0.898,0.878,0.146,0.311,0.849,0.876,0.772,0.155,0.654,0.537,0.22,0.96,0.761,-0.004,0.385,-0.346,0.679,0.864,0.775,0.219,0.494,-0.781,-0.22,0.936,-0.494,0.794,-0.463,0.739,0.597,0.795,0.467,0.736,0.217,-0.604,0.767,0.333,0.215,0.825,0.64,0.866,-0.178,0.557,0.83,-0.755,0.329,0.118,0.032,0.123,-0.264,-0.394,0.249,0.907,-0.639,0.626,-0.827,0.849,0.898,0.036,0.496,0.925,0.861,0.543,0.861,0.905,-0.769,0.766,0.212,-0.467
ADI,0.859,0.907,0.0,0.694,-0.399,0.423,0.416,0.941,0.941,0.907,-0.635,0.82,0.487,-0.622,0.906,0.703,0.776,0.783,0.731,0.662,-0.09,0.427,0.861,0.887,0.188,0.779,0.765,0.266,-0.784,0.603,0.922,0.804,0.814,0.632,0.825,0.45,0.53,0.117,0.826,0.477,-0.323,0.749,0.243,0.8,-0.565,0.083,0.653,0.808,0.473,0.284,0.834,0.094,0.112,-0.583,0.877,0.562,-0.327,0.554,0.568,0.673,-0.507,0.601,0.279,0.653,0.563,0.443,0.599,0.846,0.23,-0.696,0.749,0.219,0.499,0.407,0.28,-0.662,0.732,0.252,-0.74,-0.131,-0.395,-0.644,-0.763,0.758,0.62,0.497,0.713,0.403,-0.517,0.548,0.637,0.086,0.888,0.169,-0.002,-0.076,0.901,0.567,0.465,0.703,0.921,0.817,0.359,-0.687,0.898,0.203,0.896,0.96,0.911,0.564,-0.678,0.974,0.859,0.16,-0.783,-0.047,0.802,0.734,-0.249,0.013,0.885,-0.412,0.969,0.235,-0.497,0.179,0.114,0.567,0.753,-0.044,0.436,-0.699,0.943,0.954,-0.036,0.443,0.868,0.904,0.825,0.073,0.841,0.36,0.249,0.902,0.756,0.126,0.643,-0.049,0.547,0.89,0.829,0.445,0.684,-0.594,0.032,0.898,-0.405,0.896,-0.212,0.725,0.654,0.813,0.691,0.802,0.438,-0.738,0.565,0.627,0.415,0.936,0.542,0.853,0.072,0.396,0.842,-0.623,0.525,0.341,0.263,0.124,-0.002,-0.128,0.135,0.847,-0.587,0.825,-0.722,0.869,0.82,0.009,0.354,0.872,0.87,0.438,0.702,0.807,-0.723,0.787,0.415,-0.218
ADPT,0.728,0.769,0.694,0.0,0.138,0.238,0.015,0.63,0.8,0.824,-0.326,0.737,0.841,-0.574,0.763,0.605,0.815,0.914,0.856,0.768,0.455,0.251,0.841,0.71,0.677,0.874,0.799,0.581,-0.377,0.819,0.756,0.877,0.83,0.871,0.691,0.459,0.551,0.393,0.703,0.823,-0.193,0.886,0.199,0.903,-0.34,-0.133,0.849,0.772,0.39,0.44,0.742,0.655,-0.143,-0.207,0.58,0.706,-0.245,0.172,0.781,0.881,-0.406,0.612,0.067,0.869,0.826,0.536,0.748,0.832,0.504,-0.384,0.652,-0.329,0.202,0.801,0.501,-0.56,0.889,0.605,-0.278,0.251,0.267,-0.534,-0.524,0.513,0.713,0.831,0.887,0.729,-0.339,0.784,0.668,0.564,0.723,0.465,-0.463,0.446,0.878,0.752,0.708,0.732,0.806,0.809,0.11,-0.619,0.845,0.263,0.869,0.791,0.842,0.51,-0.507,0.768,0.848,-0.427,-0.84,-0.097,0.645,0.927,-0.58,-0.136,0.85,-0.223,0.75,0.579,0.07,0.57,-0.195,0.683,0.869,0.196,0.555,-0.575,0.719,0.723,0.428,0.487,0.828,0.804,0.762,0.451,0.453,0.791,0.623,0.757,0.828,0.169,0.325,-0.55,0.902,0.606,0.736,0.103,0.481,-0.637,-0.137,0.813,-0.12,0.499,-0.655,0.82,0.634,0.856,0.329,0.802,0.143,-0.321,0.767,0.05,0.308,0.696,0.837,0.825,-0.411,0.819,0.753,-0.428,0.464,0.031,-0.264,0.491,-0.269,-0.343,0.584,0.892,-0.164,0.506,-0.571,0.816,0.781,0.294,0.778,0.786,0.776,0.774,0.771,0.875,-0.37,0.556,0.234,-0.305
ADTN,-0.396,-0.338,-0.399,0.138,0.0,0.147,-0.161,-0.432,-0.146,-0.065,0.378,-0.345,0.253,0.427,-0.1,0.178,-0.203,0.072,-0.143,0.281,0.768,0.091,-0.014,-0.185,0.496,-0.101,0.126,0.494,0.746,0.362,-0.279,0.014,0.106,0.113,-0.19,0.28,0.268,0.707,-0.136,0.374,0.668,-0.059,0.213,-0.022,0.697,0.221,0.22,0.12,0.219,0.528,0.032,0.605,0.19,0.041,-0.239,0.288,0.547,-0.122,0.363,0.215,0.213,0.045,0.213,0.116,0.033,0.111,0.314,-0.125,0.51,0.741,-0.356,-0.281,0.099,0.468,0.22,0.033,0.117,0.344,0.733,0.218,0.857,0.511,0.61,-0.026,0.184,0.142,0.15,0.165,0.674,0.063,-0.342,0.715,-0.33,0.489,-0.491,0.564,-0.119,-0.205,0.309,-0.292,-0.267,-0.037,0.05,0.457,-0.105,0.424,-0.182,-0.21,-0.188,0.23,0.595,-0.29,-0.25,-0.469,0.167,0.423,-0.126,0.125,-0.016,0.353,-0.233,0.583,-0.275,-0.005,0.586,0.338,-0.015,-0.137,0.088,0.712,0.467,0.416,-0.249,-0.32,0.325,0.405,0.017,-0.113,0.06,0.479,-0.246,0.423,0.535,-0.306,0.147,0.343,0.016,-0.253,0.28,-0.507,0.006,-0.246,0.026,0.355,0.27,-0.14,0.679,-0.446,-0.266,0.214,0.151,0.15,-0.171,0.102,0.158,0.454,-0.134,-0.498,0.308,-0.203,0.259,-0.092,-0.237,0.311,-0.095,0.388,0.244,-0.005,-0.559,0.736,0.18,0.14,0.389,-0.179,0.753,-0.202,0.56,-0.031,-0.295,0.415,0.474,-0.203,-0.095,0.334,-0.241,-0.156,0.686,-0.19,0.164,0.4
AGEN,0.058,0.21,0.423,0.238,0.147,0.0,0.642,0.311,0.545,0.491,-0.127,0.178,-0.072,-0.026,0.556,0.792,0.134,0.258,0.061,0.267,0.085,0.416,0.487,0.53,-0.177,0.111,0.367,0.025,-0.246,0.454,0.296,0.267,0.443,0.021,0.28,0.311,0.697,0.347,0.242,0.024,0.234,0.121,0.077,0.197,0.154,0.675,0.155,0.585,0.738,0.195,0.429,-0.17,0.477,-0.752,0.673,0.207,0.484,0.72,0.224,0.346,-0.371,0.624,0.441,0.009,-0.043,0.117,0.496,0.25,0.131,-0.09,0.062,0.556,0.49,0.128,-0.284,-0.614,0.14,-0.188,-0.017,-0.438,-0.125,0.24,-0.131,0.796,0.235,-0.093,0.213,-0.172,0.21,-0.128,-0.085,0.148,0.466,0.266,0.18,-0.309,0.285,-0.038,-0.064,-0.056,0.318,0.349,0.848,0.019,0.293,0.558,0.173,0.507,0.308,0.511,-0.078,0.394,0.215,0.399,-0.184,0.469,0.476,0.2,0.161,0.684,0.205,0.09,0.479,-0.507,-0.401,-0.327,0.373,-0.004,0.207,0.478,0.429,0.131,0.483,0.394,-0.558,0.454,0.476,0.39,0.357,-0.264,0.686,-0.005,0.15,0.167,0.272,0.213,0.613,0.246,0.012,0.421,0.548,0.426,0.832,0.094,0.539,0.306,0.068,0.385,0.397,0.559,0.312,0.445,0.547,0.428,0.709,-0.64,-0.214,0.456,0.851,0.451,0.076,0.535,0.595,-0.048,0.345,0.102,0.416,0.443,0.311,0.199,0.644,0.302,-0.146,0.169,0.161,0.497,0.018,0.389,0.083,-0.063,0.021,0.139,0.423,-0.064,-0.077,0.209,-0.081,0.209,0.465,0.479
ALGN,0.089,0.11,0.416,0.015,-0.161,0.642,0.0,0.297,0.378,0.354,-0.171,0.041,-0.281,0.132,0.494,0.508,-0.059,0.14,-0.167,0.159,-0.115,0.372,0.37,0.449,-0.426,-0.039,0.366,-0.141,-0.233,0.278,0.212,0.076,0.285,-0.192,0.375,0.358,0.612,0.169,0.19,-0.175,0.25,-0.09,0.439,-0.011,0.143,0.74,0.019,0.434,0.613,0.177,0.4,-0.424,0.665,-0.545,0.557,0.208,0.368,0.794,0.161,-0.037,-0.082,0.484,0.621,-0.093,-0.236,0.229,0.39,0.088,0.094,-0.241,0.185,0.811,0.679,-0.123,-0.065,-0.134,-0.033,-0.286,-0.333,-0.674,-0.357,0.245,-0.084,0.674,0.039,-0.274,-0.064,-0.431,0.252,-0.311,-0.202,-0.04,0.245,-0.249,0.439,-0.555,0.137,-0.233,-0.24,-0.194,0.197,0.162,0.492,0.178,0.22,0.648,0.11,0.364,0.155,0.551,0.111,0.363,0.067,0.8,0.036,0.574,0.488,-0.019,0.507,0.69,0.071,0.357,0.465,-0.559,-0.557,-0.257,0.691,-0.09,-0.019,0.288,0.466,0.167,0.395,0.336,-0.526,0.407,0.296,0.296,0.31,-0.286,0.685,-0.385,0.076,0.145,0.136,0.424,0.726,0.679,-0.177,0.299,0.435,0.672,0.656,0.28,0.634,0.218,0.06,0.478,0.541,0.309,0.176,0.286,0.706,0.348,0.661,-0.565,-0.354,0.756,0.676,0.49,-0.147,0.21,0.644,-0.342,0.244,0.186,0.514,0.578,0.71,0.025,0.638,0.543,-0.24,0.094,0.002,0.696,0.097,0.351,-0.033,0.007,-0.191,0.077,0.234,-0.218,-0.21,0.003,-0.107,0.271,0.57,0.557
ALLK,0.843,0.937,0.941,0.63,-0.432,0.311,0.297,0.0,0.867,0.851,-0.713,0.807,0.482,-0.66,0.83,0.607,0.764,0.704,0.723,0.623,-0.214,0.396,0.794,0.804,0.173,0.773,0.682,0.251,-0.788,0.462,0.924,0.796,0.746,0.653,0.797,0.433,0.392,0.037,0.824,0.457,-0.408,0.758,0.156,0.761,-0.637,-0.053,0.616,0.712,0.374,0.214,0.74,0.076,0.003,-0.544,0.808,0.501,-0.377,0.396,0.482,0.644,-0.527,0.474,0.181,0.617,0.539,0.401,0.479,0.829,0.174,-0.67,0.721,0.12,0.415,0.351,0.228,-0.649,0.744,0.251,-0.756,-0.076,-0.455,-0.726,-0.8,0.651,0.594,0.495,0.697,0.429,-0.612,0.574,0.675,-0.02,0.859,0.16,-0.005,-0.047,0.865,0.568,0.489,0.75,0.896,0.777,0.293,-0.743,0.865,0.032,0.86,0.906,0.883,0.443,-0.721,0.923,0.829,0.114,-0.776,-0.195,0.71,0.698,-0.297,-0.12,0.878,-0.526,0.885,0.292,-0.477,0.114,0.025,0.549,0.739,-0.138,0.337,-0.783,0.894,0.897,-0.016,0.32,0.822,0.844,0.771,0.075,0.76,0.328,0.123,0.931,0.723,0.012,0.534,-0.086,0.517,0.862,0.746,0.388,0.552,-0.648,-0.08,0.898,-0.473,0.887,-0.241,0.669,0.601,0.739,0.58,0.707,0.341,-0.679,0.611,0.529,0.292,0.871,0.492,0.788,0.039,0.368,0.82,-0.75,0.4,0.28,0.234,0.053,-0.099,-0.245,0.094,0.809,-0.68,0.735,-0.773,0.803,0.838,-0.013,0.344,0.877,0.823,0.411,0.738,0.786,-0.785,0.813,0.317,-0.339
AMD,0.819,0.892,0.941,0.8,-0.146,0.545,0.378,0.867,0.0,0.948,-0.572,0.775,0.593,-0.617,0.939,0.813,0.809,0.839,0.748,0.74,0.103,0.464,0.928,0.908,0.32,0.822,0.84,0.416,-0.66,0.745,0.896,0.863,0.898,0.722,0.814,0.499,0.64,0.266,0.821,0.6,-0.233,0.797,0.202,0.862,-0.435,0.13,0.734,0.882,0.571,0.356,0.856,0.249,0.104,-0.602,0.911,0.615,-0.19,0.525,0.668,0.795,-0.566,0.688,0.258,0.705,0.612,0.442,0.719,0.872,0.388,-0.569,0.731,0.108,0.469,0.555,0.323,-0.763,0.803,0.32,-0.559,-0.072,-0.193,-0.558,-0.7,0.817,0.681,0.576,0.815,0.452,-0.399,0.609,0.643,0.258,0.911,0.317,-0.144,0.055,0.935,0.632,0.535,0.696,0.934,0.878,0.449,-0.654,0.923,0.31,0.9,0.977,0.924,0.601,-0.605,0.956,0.871,0.014,-0.826,0.011,0.808,0.818,-0.363,0.106,0.899,-0.336,0.958,0.254,-0.351,0.225,0.072,0.631,0.818,0.117,0.571,-0.605,0.943,0.926,0.006,0.525,0.928,0.933,0.846,0.138,0.819,0.517,0.374,0.86,0.805,0.174,0.619,-0.183,0.654,0.851,0.907,0.405,0.753,-0.587,0.058,0.913,-0.3,0.815,-0.288,0.876,0.686,0.906,0.648,0.85,0.47,-0.702,0.58,0.499,0.558,0.919,0.639,0.942,0.036,0.506,0.863,-0.531,0.55,0.324,0.119,0.291,0.026,-0.157,0.229,0.869,-0.389,0.779,-0.653,0.921,0.803,0.086,0.496,0.85,0.908,0.516,0.706,0.847,-0.598,0.717,0.418,-0.159
AMWD,0.767,0.878,0.907,0.824,-0.065,0.491,0.354,0.851,0.948,0.0,-0.576,0.746,0.623,-0.524,0.953,0.816,0.763,0.87,0.761,0.793,0.159,0.522,0.944,0.876,0.411,0.821,0.887,0.451,-0.573,0.786,0.92,0.905,0.934,0.743,0.826,0.639,0.674,0.396,0.81,0.687,-0.11,0.826,0.35,0.86,-0.326,0.174,0.794,0.944,0.64,0.507,0.889,0.346,0.152,-0.601,0.834,0.76,-0.173,0.509,0.752,0.847,-0.519,0.651,0.368,0.756,0.643,0.605,0.751,0.897,0.448,-0.519,0.626,0.09,0.551,0.662,0.3,-0.716,0.849,0.374,-0.501,-0.049,-0.086,-0.509,-0.6,0.821,0.747,0.63,0.846,0.505,-0.307,0.605,0.547,0.368,0.826,0.343,-0.163,0.159,0.93,0.546,0.597,0.648,0.911,0.878,0.376,-0.578,0.932,0.352,0.895,0.965,0.909,0.714,-0.543,0.929,0.808,-0.03,-0.804,0.107,0.806,0.865,-0.328,0.096,0.872,-0.248,0.916,0.278,-0.383,0.326,0.09,0.525,0.861,0.174,0.651,-0.653,0.945,0.866,0.086,0.651,0.955,0.943,0.916,0.269,0.824,0.569,0.457,0.896,0.87,0.271,0.672,-0.194,0.71,0.764,0.911,0.29,0.768,-0.523,0.121,0.95,-0.183,0.784,-0.348,0.865,0.748,0.93,0.681,0.918,0.525,-0.633,0.574,0.402,0.527,0.911,0.69,0.881,-0.082,0.567,0.889,-0.55,0.624,0.356,0.044,0.421,0.046,-0.1,0.348,0.857,-0.392,0.793,-0.562,0.918,0.754,0.186,0.573,0.858,0.919,0.61,0.684,0.821,-0.58,0.812,0.523,-0.09
ARDX,-0.591,-0.649,-0.635,-0.326,0.378,-0.127,-0.171,-0.713,-0.572,-0.576,0.0,-0.49,-0.295,0.55,-0.473,-0.456,-0.512,-0.385,-0.464,-0.423,0.338,-0.454,-0.517,-0.582,-0.063,-0.556,-0.444,-0.273,0.664,-0.232,-0.701,-0.598,-0.483,-0.467,-0.606,-0.265,-0.254,0.007,-0.645,-0.309,0.393,-0.505,-0.107,-0.489,0.55,0.078,-0.409,-0.45,-0.195,-0.096,-0.468,0.023,0.022,0.383,-0.6,-0.264,0.322,-0.152,-0.314,-0.422,0.29,-0.099,-0.062,-0.406,-0.32,-0.185,-0.164,-0.644,0.052,0.527,-0.48,-0.109,-0.208,-0.135,-0.06,0.554,-0.496,-0.174,0.668,0.0,0.448,0.632,0.655,-0.395,-0.503,-0.3,-0.461,-0.302,0.546,-0.417,-0.479,0.085,-0.612,-0.181,0.015,0.042,-0.593,-0.385,-0.307,-0.588,-0.631,-0.648,-0.259,0.556,-0.641,0.087,-0.569,-0.638,-0.589,-0.182,0.484,-0.664,-0.518,-0.181,0.541,0.277,-0.441,-0.42,0.208,0.209,-0.623,0.431,-0.609,-0.179,0.411,-0.121,-0.146,-0.402,-0.546,0.205,-0.159,0.722,-0.635,-0.67,-0.026,-0.145,-0.574,-0.6,-0.511,-0.083,-0.558,-0.125,0.082,-0.714,-0.482,0.111,-0.337,-0.052,-0.272,-0.579,-0.547,-0.35,-0.304,0.511,0.212,-0.658,0.447,-0.757,0.1,-0.328,-0.487,-0.45,-0.393,-0.415,-0.122,0.526,-0.456,-0.399,-0.144,-0.614,-0.222,-0.493,-0.061,-0.143,-0.672,0.671,-0.159,-0.351,-0.256,0.013,0.184,0.218,-0.081,-0.547,0.689,-0.556,0.63,-0.519,-0.644,0.085,-0.109,-0.63,-0.612,-0.247,-0.589,-0.459,0.688,-0.628,-0.244,0.317
ARQT,0.84,0.852,0.82,0.737,-0.345,0.178,0.041,0.807,0.775,0.746,-0.49,0.0,0.61,-0.699,0.686,0.467,0.839,0.754,0.87,0.541,0.012,0.109,0.713,0.673,0.377,0.795,0.573,0.214,-0.719,0.479,0.82,0.733,0.665,0.715,0.66,0.235,0.327,0.005,0.703,0.539,-0.491,0.853,0.006,0.812,-0.673,-0.253,0.601,0.619,0.215,0.169,0.591,0.297,-0.229,-0.286,0.58,0.448,-0.46,0.184,0.444,0.712,-0.468,0.552,-0.063,0.703,0.73,0.336,0.46,0.799,0.137,-0.612,0.681,-0.158,0.128,0.478,0.256,-0.572,0.74,0.348,-0.559,0.21,-0.225,-0.728,-0.721,0.451,0.563,0.657,0.756,0.643,-0.647,0.676,0.772,0.153,0.821,0.284,-0.146,0.155,0.829,0.738,0.57,0.803,0.839,0.736,0.187,-0.803,0.765,-0.095,0.844,0.807,0.877,0.306,-0.807,0.798,0.879,-0.179,-0.817,-0.311,0.649,0.776,-0.513,-0.303,0.863,-0.586,0.786,0.527,-0.226,0.268,-0.299,0.618,0.729,-0.157,0.174,-0.709,0.744,0.787,0.218,0.219,0.735,0.712,0.662,0.167,0.496,0.489,0.22,0.826,0.668,-0.071,0.293,-0.416,0.643,0.824,0.618,0.14,0.408,-0.755,-0.229,0.779,-0.463,0.659,-0.464,0.621,0.481,0.664,0.34,0.672,0.15,-0.499,0.753,0.223,0.063,0.699,0.651,0.782,-0.194,0.609,0.69,-0.666,0.279,-0.05,0.015,0.059,-0.299,-0.438,0.26,0.856,-0.523,0.492,-0.784,0.733,0.831,0.06,0.533,0.828,0.754,0.539,0.799,0.884,-0.613,0.607,0.094,-0.485
ASTE,0.642,0.65,0.487,0.841,0.253,-0.072,-0.281,0.482,0.593,0.623,-0.295,0.61,0.0,-0.515,0.526,0.365,0.702,0.821,0.825,0.801,0.554,0.186,0.664,0.501,0.895,0.832,0.716,0.78,-0.184,0.68,0.621,0.826,0.739,0.931,0.553,0.39,0.365,0.397,0.692,0.925,-0.116,0.828,0.182,0.82,-0.331,-0.39,0.887,0.572,0.1,0.513,0.644,0.854,-0.222,-0.009,0.341,0.682,-0.368,-0.133,0.804,0.833,-0.154,0.271,-0.033,0.937,0.871,0.416,0.56,0.759,0.54,-0.112,0.529,-0.555,0.082,0.824,0.678,-0.43,0.889,0.828,-0.227,0.508,0.385,-0.592,-0.409,0.224,0.787,0.875,0.886,0.895,-0.331,0.916,0.694,0.64,0.49,0.605,-0.703,0.741,0.79,0.695,0.888,0.775,0.644,0.69,-0.123,-0.574,0.747,0.022,0.795,0.579,0.743,0.372,-0.35,0.589,0.726,-0.69,-0.747,-0.249,0.432,0.891,-0.642,-0.31,0.763,-0.217,0.521,0.721,0.352,0.726,-0.351,0.717,0.865,0.184,0.487,-0.606,0.489,0.571,0.718,0.378,0.687,0.655,0.701,0.726,0.171,0.904,0.621,0.66,0.836,0.064,0.135,-0.66,0.937,0.353,0.534,-0.068,0.152,-0.632,-0.307,0.698,0.001,0.345,-0.871,0.667,0.685,0.748,0.123,0.688,-0.051,0.016,0.818,-0.182,0.07,0.517,0.912,0.629,-0.624,0.918,0.704,-0.486,0.404,-0.016,-0.517,0.612,-0.438,-0.479,0.647,0.786,-0.158,0.288,-0.536,0.664,0.755,0.409,0.843,0.754,0.671,0.927,0.814,0.765,-0.263,0.508,0.093,-0.45
AUPH,-0.784,-0.761,-0.622,-0.574,0.427,-0.026,0.132,-0.66,-0.617,-0.524,0.55,-0.699,-0.515,0.0,-0.449,-0.263,-0.855,-0.47,-0.764,-0.292,0.206,0.071,-0.544,-0.424,-0.205,-0.785,-0.344,-0.287,0.745,-0.217,-0.65,-0.599,-0.408,-0.655,-0.484,0.02,-0.116,0.17,-0.656,-0.332,0.805,-0.679,0.368,-0.725,0.842,0.495,-0.365,-0.327,0.041,0.283,-0.33,-0.171,0.609,0.065,-0.546,-0.075,0.543,0.092,-0.255,-0.556,0.527,-0.354,0.526,-0.552,-0.622,-0.03,-0.104,-0.714,0.147,0.681,-0.754,0.363,0.244,-0.187,-0.154,0.579,-0.574,-0.373,0.55,-0.386,0.343,0.862,0.824,-0.178,-0.398,-0.622,-0.595,-0.52,0.875,-0.728,-0.901,0.123,-0.729,-0.215,0.345,-0.101,-0.7,-0.893,-0.306,-0.87,-0.78,-0.636,-0.026,0.947,-0.644,0.414,-0.695,-0.641,-0.699,0.136,0.818,-0.669,-0.774,0.187,0.795,0.724,-0.271,-0.563,0.776,0.532,-0.799,0.717,-0.63,-0.616,0.076,-0.136,0.368,-0.788,-0.601,0.36,0.068,0.749,-0.622,-0.644,-0.215,0.207,-0.526,-0.534,-0.337,-0.033,-0.269,-0.326,0.143,-0.69,-0.441,0.447,0.138,0.458,-0.424,-0.678,-0.392,-0.188,-0.084,0.96,0.676,-0.604,0.795,-0.599,0.424,-0.418,-0.255,-0.4,0.025,-0.288,0.211,0.43,-0.814,-0.166,0.111,-0.436,-0.418,-0.685,0.189,-0.449,-0.531,0.67,0.178,0.211,-0.091,0.126,0.621,0.742,-0.182,-0.76,0.621,-0.236,0.905,-0.531,-0.833,-0.047,-0.295,-0.666,-0.506,-0.308,-0.839,-0.784,0.753,-0.34,0.253,0.789
AVXL,0.748,0.83,0.906,0.763,-0.1,0.556,0.494,0.83,0.939,0.953,-0.473,0.686,0.526,-0.449,0.0,0.801,0.685,0.846,0.664,0.73,0.148,0.513,0.921,0.861,0.292,0.734,0.887,0.36,-0.542,0.774,0.849,0.825,0.908,0.63,0.806,0.601,0.681,0.39,0.746,0.583,-0.049,0.735,0.386,0.791,-0.247,0.285,0.722,0.942,0.712,0.473,0.906,0.225,0.26,-0.648,0.867,0.732,-0.126,0.647,0.702,0.737,-0.524,0.699,0.45,0.656,0.527,0.594,0.775,0.808,0.459,-0.542,0.627,0.223,0.639,0.602,0.304,-0.644,0.751,0.287,-0.495,-0.197,-0.135,-0.415,-0.549,0.884,0.647,0.522,0.763,0.347,-0.231,0.493,0.479,0.291,0.782,0.2,-0.072,0.01,0.877,0.466,0.486,0.542,0.863,0.781,0.373,-0.496,0.88,0.456,0.85,0.936,0.848,0.763,-0.481,0.912,0.763,0.079,-0.753,0.221,0.809,0.788,-0.216,0.234,0.802,-0.158,0.915,0.159,-0.441,0.229,0.173,0.476,0.763,0.208,0.698,-0.53,0.939,0.836,-0.057,0.68,0.918,0.924,0.884,0.154,0.87,0.488,0.472,0.827,0.813,0.368,0.733,-0.082,0.625,0.753,0.896,0.356,0.824,-0.418,0.242,0.898,-0.137,0.761,-0.235,0.856,0.707,0.911,0.756,0.898,0.602,-0.693,0.445,0.527,0.607,0.912,0.62,0.846,0.049,0.454,0.828,-0.421,0.671,0.419,0.129,0.367,0.18,0.035,0.238,0.794,-0.31,0.844,-0.474,0.894,0.666,0.16,0.483,0.786,0.849,0.5,0.566,0.757,-0.515,0.78,0.555,0.027
AZTA,0.415,0.567,0.703,0.605,0.178,0.792,0.508,0.607,0.813,0.816,-0.456,0.467,0.365,-0.263,0.801,0.0,0.472,0.649,0.443,0.674,0.215,0.565,0.811,0.757,0.216,0.53,0.726,0.411,-0.357,0.731,0.67,0.683,0.786,0.467,0.618,0.559,0.786,0.544,0.621,0.474,0.156,0.546,0.305,0.593,-0.03,0.478,0.59,0.868,0.776,0.487,0.763,0.205,0.387,-0.739,0.826,0.588,0.208,0.633,0.621,0.698,-0.424,0.642,0.49,0.465,0.33,0.437,0.705,0.657,0.318,-0.232,0.343,0.317,0.598,0.5,0.079,-0.762,0.585,0.211,-0.218,-0.186,0.002,-0.136,-0.335,0.87,0.654,0.34,0.627,0.259,0.008,0.313,0.212,0.398,0.673,0.505,-0.099,0.018,0.683,0.252,0.37,0.328,0.645,0.697,0.699,-0.25,0.691,0.548,0.596,0.803,0.659,0.705,-0.244,0.722,0.536,0.144,-0.54,0.339,0.706,0.613,-0.093,0.45,0.589,-0.004,0.754,-0.103,-0.351,0.102,0.28,0.295,0.661,0.488,0.672,-0.309,0.765,0.694,-0.159,0.678,0.834,0.742,0.743,0.123,0.817,0.382,0.42,0.585,0.691,0.307,0.736,0.015,0.457,0.577,0.821,0.383,0.854,-0.205,0.37,0.712,0.023,0.623,-0.031,0.784,0.675,0.797,0.66,0.759,0.671,-0.632,0.214,0.428,0.798,0.748,0.461,0.769,0.208,0.344,0.717,-0.257,0.607,0.488,0.119,0.478,0.374,0.121,0.233,0.565,-0.098,0.714,-0.249,0.721,0.462,0.147,0.383,0.556,0.746,0.385,0.349,0.538,-0.285,0.598,0.6,0.251
BAND,0.887,0.888,0.776,0.815,-0.203,0.134,-0.059,0.764,0.809,0.763,-0.512,0.839,0.702,-0.855,0.685,0.472,0.0,0.734,0.913,0.592,0.088,0.069,0.726,0.625,0.445,0.912,0.592,0.425,-0.652,0.55,0.813,0.792,0.683,0.842,0.646,0.233,0.303,0.08,0.774,0.616,-0.574,0.859,-0.139,0.933,-0.675,-0.37,0.637,0.605,0.165,0.109,0.595,0.417,-0.448,-0.218,0.61,0.415,-0.42,0.058,0.535,0.789,-0.558,0.553,-0.233,0.769,0.785,0.269,0.473,0.86,0.201,-0.612,0.788,-0.374,0.041,0.505,0.353,-0.634,0.829,0.496,-0.483,0.36,-0.113,-0.802,-0.752,0.397,0.575,0.787,0.829,0.68,-0.688,0.835,0.873,0.186,0.832,0.335,-0.4,0.272,0.888,0.901,0.588,0.885,0.929,0.831,0.088,-0.899,0.84,-0.133,0.888,0.813,0.886,0.189,-0.801,0.814,0.912,-0.316,-0.909,-0.442,0.509,0.825,-0.724,-0.385,0.924,-0.59,0.794,0.683,-0.046,0.366,-0.334,0.767,0.82,-0.149,0.226,-0.747,0.792,0.785,0.32,0.161,0.757,0.753,0.623,0.231,0.415,0.592,0.194,0.829,0.693,-0.18,0.141,-0.539,0.725,0.756,0.638,0.172,0.319,-0.894,-0.448,0.794,-0.578,0.651,-0.584,0.685,0.481,0.706,0.169,0.608,0.044,-0.44,0.888,0.154,0.075,0.659,0.68,0.845,-0.281,0.674,0.683,-0.697,0.166,-0.137,-0.062,0.146,-0.503,-0.613,0.353,0.919,-0.48,0.416,-0.834,0.794,0.905,0.147,0.598,0.861,0.724,0.568,0.879,0.947,-0.655,0.522,0.013,-0.628
BECN,0.766,0.798,0.783,0.914,0.072,0.258,0.14,0.704,0.839,0.87,-0.385,0.754,0.821,-0.47,0.846,0.649,0.734,0.0,0.823,0.836,0.425,0.398,0.886,0.797,0.665,0.836,0.897,0.573,-0.398,0.844,0.817,0.901,0.916,0.831,0.77,0.551,0.589,0.47,0.747,0.844,-0.051,0.881,0.412,0.872,-0.298,-0.007,0.907,0.863,0.481,0.586,0.865,0.595,0.085,-0.347,0.649,0.82,-0.296,0.322,0.83,0.849,-0.33,0.555,0.292,0.884,0.771,0.619,0.78,0.85,0.571,-0.39,0.628,-0.134,0.402,0.826,0.556,-0.543,0.885,0.574,-0.38,0.152,0.177,-0.51,-0.477,0.625,0.799,0.741,0.899,0.693,-0.274,0.73,0.608,0.559,0.704,0.407,-0.343,0.389,0.909,0.616,0.747,0.69,0.804,0.812,0.124,-0.546,0.879,0.336,0.91,0.834,0.867,0.692,-0.448,0.839,0.823,-0.318,-0.817,0.053,0.75,0.931,-0.411,-0.008,0.851,-0.161,0.804,0.465,-0.083,0.575,-0.082,0.611,0.882,0.231,0.653,-0.596,0.777,0.798,0.365,0.649,0.877,0.873,0.894,0.471,0.595,0.775,0.718,0.814,0.902,0.332,0.529,-0.393,0.878,0.636,0.802,0.137,0.577,-0.523,0.041,0.88,-0.009,0.582,-0.593,0.819,0.785,0.916,0.557,0.919,0.303,-0.391,0.663,0.195,0.389,0.804,0.857,0.804,-0.337,0.765,0.856,-0.442,0.651,0.256,-0.213,0.537,-0.098,-0.167,0.534,0.876,-0.242,0.661,-0.524,0.853,0.766,0.28,0.74,0.829,0.859,0.802,0.737,0.831,-0.385,0.725,0.418,-0.162
BFC,0.838,0.853,0.731,0.856,-0.143,0.061,-0.167,0.723,0.748,0.761,-0.464,0.87,0.825,-0.764,0.664,0.443,0.913,0.823,0.0,0.656,0.231,0.084,0.733,0.602,0.641,0.904,0.629,0.477,-0.578,0.582,0.82,0.848,0.737,0.882,0.609,0.268,0.353,0.191,0.759,0.733,-0.445,0.926,-0.007,0.915,-0.629,-0.401,0.739,0.643,0.162,0.263,0.629,0.582,-0.378,-0.143,0.511,0.557,-0.514,0.018,0.609,0.863,-0.413,0.465,-0.152,0.86,0.893,0.404,0.489,0.878,0.236,-0.519,0.656,-0.412,0.044,0.646,0.371,-0.6,0.861,0.615,-0.433,0.453,0.015,-0.78,-0.662,0.355,0.723,0.862,0.891,0.831,-0.642,0.875,0.83,0.357,0.744,0.47,-0.465,0.439,0.891,0.838,0.713,0.898,0.857,0.782,0.005,-0.837,0.817,-0.147,0.899,0.78,0.895,0.292,-0.75,0.771,0.886,-0.464,-0.919,-0.394,0.531,0.897,-0.711,-0.419,0.913,-0.537,0.728,0.716,-0.006,0.5,-0.42,0.719,0.877,-0.042,0.256,-0.788,0.723,0.737,0.465,0.254,0.783,0.731,0.7,0.421,0.371,0.724,0.356,0.838,0.791,-0.119,0.17,-0.631,0.819,0.685,0.594,-0.003,0.292,-0.852,-0.397,0.804,-0.388,0.563,-0.712,0.667,0.602,0.724,0.188,0.694,0.019,-0.317,0.903,-0.002,0.006,0.623,0.838,0.805,-0.438,0.834,0.747,-0.686,0.26,-0.096,-0.224,0.283,-0.475,-0.597,0.493,0.914,-0.468,0.383,-0.784,0.722,0.896,0.271,0.716,0.865,0.754,0.737,0.903,0.947,-0.583,0.597,0.04,-0.599
BGC,0.573,0.648,0.662,0.768,0.281,0.267,0.159,0.623,0.74,0.793,-0.423,0.541,0.801,-0.292,0.73,0.674,0.592,0.836,0.656,0.0,0.504,0.494,0.794,0.717,0.698,0.752,0.862,0.79,-0.211,0.82,0.738,0.864,0.884,0.813,0.737,0.688,0.639,0.569,0.807,0.857,0.179,0.714,0.499,0.769,-0.16,0.029,0.928,0.787,0.428,0.779,0.874,0.66,0.222,-0.37,0.575,0.844,-0.074,0.281,0.934,0.817,-0.107,0.387,0.45,0.863,0.667,0.58,0.768,0.782,0.634,-0.073,0.483,-0.094,0.555,0.744,0.637,-0.504,0.883,0.704,-0.349,0.147,0.256,-0.408,-0.361,0.558,0.857,0.677,0.831,0.68,-0.079,0.72,0.424,0.667,0.544,0.575,-0.494,0.529,0.823,0.406,0.852,0.595,0.679,0.762,0.189,-0.362,0.854,0.399,0.799,0.724,0.778,0.711,-0.166,0.732,0.678,-0.29,-0.642,0.134,0.65,0.841,-0.232,0.083,0.733,0.022,0.692,0.348,0.079,0.62,0.115,0.524,0.88,0.423,0.763,-0.522,0.669,0.72,0.464,0.683,0.836,0.81,0.909,0.676,0.538,0.716,0.662,0.716,0.945,0.346,0.613,-0.235,0.841,0.406,0.743,0.267,0.492,-0.361,0.113,0.794,0.162,0.587,-0.553,0.787,0.855,0.903,0.512,0.872,0.379,-0.191,0.574,0.195,0.445,0.767,0.791,0.675,-0.292,0.698,0.832,-0.435,0.762,0.374,-0.226,0.724,-0.036,-0.097,0.503,0.739,-0.172,0.652,-0.391,0.808,0.692,0.389,0.745,0.807,0.791,0.843,0.629,0.663,-0.285,0.7,0.545,-0.07
BHF,-0.047,-0.083,-0.09,0.455,0.768,0.085,-0.115,-0.214,0.103,0.159,0.338,0.012,0.554,0.206,0.148,0.215,0.088,0.425,0.231,0.504,0.0,0.016,0.214,0.074,0.718,0.198,0.37,0.573,0.48,0.637,-0.033,0.258,0.361,0.363,0.032,0.259,0.443,0.632,0.084,0.584,0.523,0.213,0.299,0.266,0.396,0.041,0.492,0.295,0.174,0.63,0.333,0.783,0.126,0.118,-0.108,0.51,0.25,-0.002,0.611,0.436,0.244,0.246,0.232,0.476,0.44,0.31,0.537,0.123,0.583,0.47,-0.043,-0.323,0.134,0.647,0.516,-0.023,0.356,0.609,0.427,0.289,0.835,0.246,0.328,0.08,0.396,0.432,0.39,0.433,0.442,0.34,-0.035,0.873,-0.107,0.523,-0.606,0.655,0.191,0.104,0.492,0.015,0.003,0.143,-0.081,0.19,0.163,0.435,0.177,0.038,0.137,0.41,0.347,-0.003,0.123,-0.584,-0.132,0.349,0.113,0.428,-0.13,0.204,0.085,0.461,0.03,0.236,0.622,0.615,-0.114,0.175,0.329,0.65,0.539,0.222,-0.038,-0.002,0.538,0.481,0.241,0.146,0.304,0.643,-0.135,0.642,0.777,-0.061,0.417,0.384,0.133,-0.409,0.592,-0.235,0.171,-0.173,0.105,0.093,0.177,0.062,0.584,-0.265,-0.52,0.36,0.382,0.399,-0.036,0.395,0.082,0.38,0.167,-0.353,0.232,0.046,0.611,0.159,-0.4,0.617,0.142,0.322,0.47,-0.018,-0.558,0.762,0.025,0.027,0.535,0.19,0.6,0.022,0.248,0.21,0.04,0.512,0.679,0.1,0.141,0.622,0.054,0.193,0.491,-0.025,0.179,0.187
BHFAL,0.215,0.317,0.427,0.251,0.091,0.416,0.372,0.396,0.464,0.522,-0.454,0.109,0.186,0.071,0.513,0.565,0.069,0.398,0.084,0.494,0.016,0.0,0.482,0.628,0.09,0.229,0.598,0.334,-0.202,0.513,0.453,0.495,0.554,0.248,0.563,0.531,0.456,0.345,0.373,0.402,0.347,0.215,0.591,0.242,0.179,0.463,0.525,0.584,0.526,0.53,0.584,0.018,0.608,-0.598,0.571,0.504,0.163,0.434,0.481,0.296,-0.097,0.033,0.62,0.248,0.016,0.312,0.491,0.381,0.455,-0.07,0.103,0.401,0.597,0.348,0.141,-0.302,0.351,-0.002,-0.299,-0.415,-0.047,-0.023,-0.151,0.633,0.464,-0.024,0.306,0.0,0.145,0.054,-0.033,0.215,0.322,0.128,0.128,-0.034,0.373,-0.129,0.294,0.087,0.302,0.492,0.433,0.06,0.471,0.523,0.321,0.465,0.31,0.643,0.084,0.448,0.18,0.238,-0.179,0.436,0.507,0.309,0.209,0.402,0.265,0.172,0.406,-0.283,-0.387,0.145,0.569,0.017,0.372,0.195,0.604,-0.234,0.461,0.47,-0.177,0.677,0.481,0.599,0.575,0.141,0.667,0.193,0.411,0.411,0.46,0.542,0.671,0.347,0.21,0.258,0.616,0.286,0.621,0.138,0.442,0.514,0.267,0.48,0.142,0.403,0.637,0.52,0.711,0.541,0.532,-0.454,-0.06,0.397,0.629,0.623,0.167,0.303,0.158,-0.019,0.61,-0.165,0.63,0.771,0.066,0.375,0.419,0.493,0.066,0.209,-0.119,0.646,-0.022,0.457,0.197,-0.143,0.065,0.338,0.59,0.264,0.125,0.066,-0.194,0.59,0.731,0.389
BKNG,0.743,0.835,0.861,0.841,-0.014,0.487,0.37,0.794,0.928,0.944,-0.517,0.713,0.664,-0.544,0.921,0.811,0.726,0.886,0.733,0.794,0.214,0.482,0.0,0.869,0.43,0.829,0.911,0.508,-0.515,0.8,0.868,0.891,0.927,0.753,0.844,0.611,0.686,0.422,0.793,0.705,-0.097,0.819,0.362,0.833,-0.32,0.186,0.802,0.913,0.654,0.46,0.866,0.374,0.157,-0.522,0.84,0.732,-0.162,0.469,0.764,0.824,-0.498,0.663,0.317,0.75,0.611,0.603,0.746,0.88,0.474,-0.473,0.646,0.054,0.494,0.66,0.367,-0.702,0.835,0.412,-0.466,-0.021,-0.03,-0.483,-0.587,0.77,0.755,0.638,0.839,0.516,-0.276,0.626,0.576,0.412,0.808,0.369,-0.218,0.173,0.912,0.586,0.592,0.655,0.874,0.871,0.369,-0.552,0.906,0.387,0.872,0.93,0.867,0.698,-0.464,0.908,0.798,-0.055,-0.802,0.068,0.809,0.842,-0.373,0.143,0.861,-0.169,0.886,0.286,-0.284,0.336,0.089,0.605,0.849,0.248,0.679,-0.595,0.883,0.854,0.124,0.62,0.932,0.906,0.881,0.277,0.779,0.583,0.508,0.844,0.858,0.292,0.616,-0.214,0.712,0.727,0.889,0.326,0.73,-0.524,0.117,0.919,-0.139,0.746,-0.36,0.877,0.733,0.92,0.657,0.891,0.456,-0.589,0.562,0.375,0.579,0.867,0.689,0.874,-0.109,0.581,0.89,-0.45,0.619,0.34,0.043,0.453,0.042,-0.122,0.393,0.86,-0.337,0.775,-0.553,0.901,0.746,0.237,0.596,0.805,0.879,0.617,0.689,0.809,-0.507,0.749,0.481,-0.083
BL,0.708,0.784,0.887,0.71,-0.185,0.53,0.449,0.804,0.908,0.876,-0.582,0.673,0.501,-0.424,0.861,0.757,0.625,0.797,0.602,0.717,0.074,0.628,0.869,0.0,0.25,0.689,0.832,0.34,-0.64,0.744,0.846,0.809,0.858,0.607,0.836,0.509,0.623,0.205,0.717,0.561,-0.113,0.672,0.366,0.694,-0.365,0.242,0.733,0.825,0.549,0.418,0.835,0.148,0.311,-0.593,0.868,0.599,-0.146,0.557,0.631,0.666,-0.398,0.523,0.408,0.619,0.488,0.426,0.756,0.761,0.44,-0.521,0.613,0.265,0.528,0.492,0.317,-0.641,0.71,0.18,-0.625,-0.262,-0.241,-0.438,-0.651,0.815,0.637,0.377,0.679,0.355,-0.288,0.445,0.492,0.254,0.847,0.241,0.043,-0.018,0.824,0.454,0.484,0.575,0.805,0.844,0.489,-0.495,0.853,0.438,0.799,0.892,0.821,0.664,-0.459,0.891,0.761,0.137,-0.675,0.132,0.847,0.698,-0.141,0.179,0.783,-0.229,0.883,0.067,-0.403,0.232,0.265,0.486,0.71,0.073,0.567,-0.521,0.831,0.921,-0.051,0.576,0.821,0.895,0.816,0.109,0.841,0.41,0.444,0.784,0.734,0.277,0.7,-0.002,0.572,0.811,0.894,0.461,0.776,-0.395,0.212,0.843,-0.135,0.795,-0.14,0.777,0.696,0.851,0.785,0.839,0.461,-0.696,0.413,0.555,0.607,0.928,0.514,0.815,0.096,0.358,0.869,-0.419,0.665,0.508,0.156,0.241,0.164,0.045,0.146,0.748,-0.38,0.829,-0.572,0.852,0.715,-0.103,0.359,0.766,0.915,0.462,0.591,0.681,-0.561,0.696,0.55,-0.003
BOKF,0.343,0.363,0.188,0.677,0.496,-0.177,-0.426,0.173,0.32,0.411,-0.063,0.377,0.895,-0.205,0.292,0.216,0.445,0.665,0.641,0.698,0.718,0.09,0.43,0.25,0.0,0.588,0.533,0.76,0.151,0.589,0.372,0.633,0.579,0.769,0.293,0.386,0.292,0.51,0.44,0.883,0.14,0.656,0.242,0.603,-0.046,-0.34,0.78,0.427,0.047,0.631,0.453,0.957,-0.165,0.127,0.027,0.664,-0.231,-0.236,0.733,0.727,0.054,0.108,0.04,0.807,0.76,0.437,0.457,0.539,0.58,0.189,0.209,-0.602,0.025,0.837,0.607,-0.254,0.728,0.799,0.083,0.575,0.638,-0.318,-0.07,0.04,0.698,0.785,0.748,0.851,-0.047,0.754,0.4,0.786,0.188,0.654,-0.725,0.896,0.544,0.446,0.851,0.51,0.351,0.456,-0.234,-0.285,0.497,0.044,0.547,0.307,0.494,0.346,-0.083,0.296,0.435,-0.813,-0.507,-0.087,0.237,0.749,-0.505,-0.254,0.489,-0.016,0.226,0.647,0.487,0.763,-0.407,0.442,0.699,0.331,0.448,-0.386,0.213,0.267,0.803,0.414,0.487,0.407,0.563,0.835,-0.055,0.908,0.685,0.406,0.701,0.14,0.058,-0.694,0.872,0.044,0.337,-0.314,0.017,-0.371,-0.2,0.461,0.282,0.032,-0.887,0.504,0.574,0.578,-0.02,0.57,-0.077,0.305,0.629,-0.44,-0.018,0.258,0.875,0.389,-0.736,0.91,0.492,-0.291,0.374,-0.076,-0.711,0.74,-0.363,-0.366,0.718,0.528,0.07,0.075,-0.225,0.417,0.472,0.524,0.869,0.516,0.472,0.913,0.576,0.534,0.027,0.347,0.078,-0.273
BRKR,0.875,0.891,0.779,0.874,-0.101,0.111,-0.039,0.773,0.822,0.821,-0.556,0.795,0.832,-0.785,0.734,0.53,0.912,0.836,0.904,0.752,0.198,0.229,0.829,0.689,0.588,0.0,0.751,0.601,-0.574,0.65,0.851,0.898,0.791,0.919,0.753,0.376,0.401,0.228,0.849,0.767,-0.397,0.906,0.094,0.95,-0.592,-0.308,0.803,0.692,0.237,0.297,0.726,0.535,-0.292,-0.211,0.649,0.587,-0.425,0.076,0.711,0.848,-0.457,0.47,-0.076,0.882,0.818,0.425,0.552,0.928,0.331,-0.522,0.769,-0.354,0.147,0.634,0.496,-0.64,0.909,0.633,-0.516,0.342,0.006,-0.78,-0.712,0.435,0.736,0.843,0.897,0.754,-0.592,0.9,0.835,0.345,0.784,0.405,-0.479,0.376,0.94,0.843,0.708,0.906,0.913,0.859,0.058,-0.809,0.913,-0.016,0.937,0.836,0.908,0.357,-0.655,0.851,0.905,-0.357,-0.914,-0.348,0.581,0.893,-0.671,-0.326,0.954,-0.451,0.795,0.674,-0.014,0.516,-0.224,0.828,0.917,-0.02,0.411,-0.798,0.805,0.81,0.436,0.304,0.828,0.834,0.756,0.406,0.464,0.693,0.37,0.88,0.834,-0.027,0.248,-0.496,0.833,0.68,0.702,0.185,0.355,-0.827,-0.349,0.874,-0.39,0.669,-0.659,0.736,0.645,0.805,0.282,0.721,0.095,-0.377,0.883,0.151,0.152,0.725,0.766,0.83,-0.389,0.744,0.81,-0.674,0.33,0.014,-0.143,0.337,-0.433,-0.515,0.465,0.948,-0.472,0.518,-0.782,0.821,0.921,0.244,0.664,0.902,0.791,0.725,0.92,0.919,-0.615,0.64,0.152,-0.542
CACC,0.681,0.734,0.765,0.799,0.126,0.367,0.366,0.682,0.84,0.887,-0.444,0.573,0.716,-0.344,0.887,0.726,0.592,0.897,0.629,0.862,0.37,0.598,0.911,0.832,0.533,0.751,0.0,0.62,-0.334,0.876,0.782,0.871,0.938,0.735,0.834,0.699,0.699,0.525,0.754,0.788,0.112,0.736,0.581,0.77,-0.128,0.223,0.881,0.903,0.61,0.662,0.915,0.474,0.318,-0.456,0.742,0.853,-0.148,0.46,0.882,0.753,-0.317,0.513,0.484,0.794,0.596,0.647,0.818,0.793,0.656,-0.332,0.582,0.065,0.606,0.76,0.565,-0.503,0.828,0.483,-0.437,-0.069,0.117,-0.376,-0.423,0.748,0.767,0.599,0.804,0.485,-0.096,0.598,0.458,0.534,0.633,0.315,-0.258,0.28,0.855,0.446,0.666,0.548,0.758,0.794,0.216,-0.381,0.886,0.531,0.836,0.822,0.783,0.803,-0.243,0.829,0.692,-0.106,-0.683,0.242,0.774,0.831,-0.231,0.199,0.759,0.046,0.803,0.266,-0.181,0.509,0.214,0.537,0.821,0.295,0.841,-0.507,0.786,0.767,0.243,0.754,0.87,0.909,0.918,0.442,0.722,0.641,0.689,0.776,0.883,0.493,0.681,-0.137,0.758,0.542,0.864,0.302,0.677,-0.346,0.219,0.875,0.077,0.651,-0.421,0.839,0.795,0.932,0.708,0.923,0.467,-0.447,0.48,0.362,0.577,0.867,0.72,0.733,-0.193,0.569,0.869,-0.349,0.772,0.473,-0.07,0.603,0.085,0.047,0.43,0.781,-0.197,0.8,-0.387,0.884,0.645,0.277,0.617,0.772,0.842,0.704,0.605,0.678,-0.364,0.755,0.589,0.045
CAR,0.33,0.345,0.266,0.581,0.494,0.025,-0.141,0.251,0.416,0.451,-0.273,0.214,0.78,-0.287,0.36,0.411,0.425,0.573,0.477,0.79,0.573,0.334,0.508,0.34,0.76,0.601,0.62,0.0,0.073,0.624,0.4,0.673,0.603,0.731,0.44,0.506,0.46,0.611,0.648,0.797,0.184,0.502,0.316,0.588,-0.044,-0.171,0.762,0.473,0.165,0.596,0.567,0.769,-0.026,-0.033,0.307,0.606,-0.059,-0.086,0.828,0.661,0.08,0.084,0.135,0.741,0.563,0.323,0.449,0.594,0.51,0.203,0.301,-0.368,0.2,0.631,0.625,-0.353,0.705,0.831,-0.085,0.435,0.485,-0.324,-0.139,0.176,0.771,0.649,0.675,0.667,-0.034,0.737,0.364,0.697,0.219,0.669,-0.805,0.732,0.574,0.378,0.751,0.515,0.394,0.543,-0.033,-0.241,0.606,0.184,0.534,0.381,0.474,0.377,0.091,0.412,0.391,-0.497,-0.473,-0.072,0.205,0.638,-0.382,-0.075,0.498,0.136,0.354,0.441,0.434,0.696,-0.012,0.559,0.718,0.461,0.62,-0.399,0.333,0.385,0.664,0.42,0.541,0.512,0.606,0.802,0.142,0.699,0.552,0.428,0.744,0.161,0.201,-0.342,0.709,-0.001,0.421,0.103,0.096,-0.336,-0.196,0.509,0.187,0.29,-0.647,0.522,0.69,0.601,0.092,0.525,0.045,0.137,0.533,-0.11,0.24,0.381,0.676,0.411,-0.462,0.66,0.606,-0.307,0.432,0.248,-0.41,0.808,-0.291,-0.271,0.608,0.506,-0.0,0.291,-0.239,0.503,0.51,0.551,0.673,0.531,0.476,0.778,0.547,0.422,-0.073,0.388,0.269,-0.194
CDNA,-0.732,-0.747,-0.784,-0.377,0.746,-0.246,-0.233,-0.788,-0.66,-0.573,0.664,-0.719,-0.184,0.745,-0.542,-0.357,-0.652,-0.398,-0.578,-0.211,0.48,-0.202,-0.515,-0.64,0.151,-0.574,-0.334,0.073,0.0,-0.163,-0.732,-0.516,-0.402,-0.366,-0.556,-0.043,-0.198,0.37,-0.577,-0.092,0.686,-0.517,0.16,-0.53,0.815,0.162,-0.25,-0.383,-0.114,0.229,-0.41,0.234,0.19,0.368,-0.681,-0.077,0.504,-0.284,-0.107,-0.365,0.485,-0.322,0.137,-0.34,-0.359,-0.06,-0.142,-0.619,0.237,0.847,-0.648,-0.18,-0.055,0.024,0.069,0.546,-0.392,0.042,0.817,0.076,0.694,0.713,0.877,-0.429,-0.305,-0.241,-0.387,-0.215,0.791,-0.344,-0.635,0.342,-0.793,0.042,-0.205,0.315,-0.615,-0.577,-0.087,-0.662,-0.73,-0.592,-0.298,0.767,-0.601,0.21,-0.618,-0.71,-0.675,-0.075,0.821,-0.733,-0.689,-0.295,0.644,0.414,-0.473,-0.397,0.302,0.285,-0.698,0.703,-0.72,-0.177,0.572,0.089,0.018,-0.48,-0.431,0.455,0.106,0.676,-0.702,-0.759,0.188,0.082,-0.512,-0.584,-0.398,0.262,-0.592,-0.007,0.229,-0.715,-0.352,0.265,-0.241,-0.0,-0.168,-0.857,-0.508,-0.374,-0.371,0.677,0.28,-0.604,0.73,-0.77,-0.011,-0.324,-0.295,-0.375,-0.386,-0.37,-0.072,0.778,-0.489,-0.538,-0.075,-0.623,-0.183,-0.64,-0.194,-0.109,-0.577,0.617,-0.034,-0.152,-0.43,0.367,0.203,0.307,0.113,-0.627,0.79,-0.522,0.838,-0.517,-0.709,0.295,0.038,-0.632,-0.611,-0.074,-0.626,-0.615,0.868,-0.502,-0.07,0.468
CG,0.51,0.544,0.603,0.819,0.362,0.454,0.278,0.462,0.745,0.786,-0.232,0.479,0.68,-0.217,0.774,0.731,0.55,0.844,0.582,0.82,0.637,0.513,0.8,0.744,0.589,0.65,0.876,0.624,-0.163,0.0,0.622,0.772,0.854,0.671,0.681,0.589,0.729,0.61,0.586,0.788,0.241,0.637,0.504,0.711,0.052,0.263,0.833,0.847,0.595,0.678,0.83,0.578,0.281,-0.388,0.605,0.787,0.076,0.427,0.865,0.763,-0.222,0.554,0.442,0.74,0.6,0.571,0.904,0.674,0.679,-0.158,0.422,-0.017,0.5,0.798,0.517,-0.467,0.754,0.498,-0.158,0.006,0.371,-0.164,-0.238,0.683,0.701,0.563,0.752,0.49,0.075,0.527,0.324,0.73,0.541,0.45,-0.357,0.366,0.738,0.409,0.622,0.41,0.625,0.737,0.266,-0.241,0.755,0.629,0.707,0.703,0.667,0.76,-0.122,0.67,0.605,-0.235,-0.594,0.346,0.662,0.789,-0.233,0.271,0.623,0.172,0.686,0.222,0.044,0.578,0.188,0.455,0.746,0.453,0.805,-0.276,0.653,0.645,0.273,0.786,0.786,0.797,0.796,0.466,0.58,0.696,0.805,0.574,0.8,0.52,0.598,-0.235,0.77,0.413,0.78,0.204,0.679,-0.24,0.257,0.7,0.212,0.437,-0.403,0.798,0.735,0.877,0.564,0.858,0.433,-0.325,0.405,0.197,0.606,0.721,0.717,0.69,-0.201,0.615,0.725,-0.123,0.764,0.371,-0.199,0.681,0.1,0.084,0.507,0.685,0.094,0.663,-0.222,0.78,0.513,0.28,0.67,0.616,0.735,0.709,0.457,0.61,-0.13,0.542,0.558,0.141
CGBD,0.854,0.944,0.922,0.756,-0.279,0.296,0.212,0.924,0.896,0.92,-0.701,0.82,0.621,-0.65,0.849,0.67,0.813,0.817,0.82,0.738,-0.033,0.453,0.868,0.846,0.372,0.851,0.782,0.4,-0.732,0.622,0.0,0.905,0.844,0.772,0.844,0.513,0.48,0.191,0.847,0.642,-0.329,0.858,0.242,0.85,-0.572,-0.065,0.751,0.805,0.444,0.373,0.797,0.281,-0.009,-0.498,0.782,0.647,-0.395,0.336,0.636,0.789,-0.5,0.47,0.208,0.754,0.653,0.554,0.574,0.93,0.296,-0.648,0.695,0.005,0.403,0.53,0.295,-0.68,0.84,0.368,-0.67,0.045,-0.259,-0.721,-0.756,0.657,0.735,0.633,0.827,0.573,-0.547,0.665,0.668,0.193,0.856,0.303,-0.116,0.14,0.933,0.633,0.611,0.785,0.925,0.887,0.268,-0.731,0.93,0.096,0.919,0.937,0.932,0.532,-0.683,0.939,0.852,-0.035,-0.858,-0.158,0.74,0.821,-0.395,-0.137,0.924,-0.464,0.886,0.379,-0.4,0.301,-0.011,0.573,0.861,-0.048,0.444,-0.817,0.909,0.908,0.146,0.456,0.896,0.902,0.854,0.241,0.759,0.504,0.304,0.968,0.828,0.11,0.544,-0.221,0.675,0.823,0.825,0.287,0.589,-0.668,-0.092,0.952,-0.357,0.843,-0.383,0.749,0.708,0.83,0.591,0.818,0.327,-0.625,0.687,0.381,0.319,0.877,0.638,0.844,-0.125,0.542,0.899,-0.709,0.481,0.28,0.081,0.237,-0.143,-0.264,0.289,0.882,-0.65,0.731,-0.753,0.857,0.868,0.094,0.487,0.923,0.905,0.586,0.806,0.844,-0.757,0.833,0.404,-0.324
