,ACET,ADAP,ADI,ADPT,ADTN,AGEN,ALGN,ALLK,AMD,AMWD,ARDX,ARQT,ASTE,AUPH,AVXL,AZTA,BAND,BECN,BFC,BGC,BHF,BHFAL,BKNG,BL,BOKF,BRKR,CACC,CAR,CDNA,CG,CGBD,CHI,CHTR,CHX,CLNE,CME,CNOB,CNXN,CPRX,CSGP,CSGS,CSIQ,CVCO,CVLT,CYRX,DDOG,DOOO,DSGX,DTIL,ECPG,EEFT,EFSC,ENTG,ESPR,ETSY,EXC,FAMI,FFIV,FITB,FIZZ,FMBH,FOX,FTNT,FULT,GABC,GEN,GH,GMAB,GNPX,GO,GOGL,GOOG,GPRO,GSHD,GSM,GWAV,HAIN,HBAN,HEPA,HURN,HWKN,IBIO,ICFI,IGMS,IMKTA,INCY,INO,IRDM,IRTC,IRWD,ITCI,JACK,JD,JJSF,KALA,KHC,KLAC,KRRO,KRYS,LANC,LBTYA,LIVN,LKCO,LNTH,LOGI,LPRO,LRCX,LSCC,LSTR,MAR,MARA,MCHP,MEOH,META,MGTX,MKSI,MMYT,MORN,MRUS,MTLS,MTSI,MVIS,MXL,NBIX,NFE,NMIH,NMRK,NNDM,NSIT,NTCT,NVAX,OCUL,ODP,OLED,ONB,OTEX,PACB,PATK,PAYX,PEP,PERI,PI,PLYA,PRDO,PRGS,PTGX,QCOM,QCRH,QDEL,QFIN,RGEN,RILY,RPAY,RPD,SABR,SEDG,SHEN,SIRI,SLNO,SNDL,SNEX,SONO,SPT,SSNC,STGW,STKL,STRL,STX,SWTX,SYNA,TFSL,TIGR,TNXP,TOWN,TRI,TRIP,TRMB,TRNS,TRS,TSCO,TSEM,TVTX,TXRH,VC,VCEL,VECO,VIAV,VICR,VIR,VRTX,VSTM,VTRS,WDFC,WSBC,WSC,WYNN,XENE,XNCR,XRAY,ZS
ACET,0.0,0.344,0.482,0.429,-0.249,0.393,0.664,-0.145,0.371,0.252,0.718,-0.1,0.479,0.152,0.434,0.554,0.643,0.624,-0.333,0.544,0.687,0.379,0.751,0.746,0.468,0.534,0.304,0.614,0.452,0.477,0.445,0.578,0.369,0.598,0.477,0.469,0.358,0.192,0.755,0.604,0.213,0.176,-0.02,-0.068,0.544,0.419,0.734,0.486,0.677,0.208,0.561,0.179,0.629,0.045,0.685,0.535,0.364,0.488,0.715,-0.135,-0.068,0.478,0.823,-0.04,-0.021,0.296,0.873,0.688,0.671,0.151,0.556,0.345,0.448,0.058,0.583,0.501,0.441,0.734,0.271,-0.121,0.147,-0.068,-0.109,0.791,0.351,0.284,0.36,0.302,0.599,0.68,0.597,0.668,0.237,0.153,0.616,0.087,0.648,0.641,0.301,0.529,0.365,0.748,0.677,0.775,0.667,0.648,0.47,0.44,0.243,0.725,0.776,0.432,0.498,0.326,0.629,0.399,0.348,0.638,0.42,0.574,0.737,0.323,0.441,0.286,0.455,0.355,0.565,0.276,-0.204,0.458,0.531,0.655,0.551,0.138,0.115,0.478,0.775,0.216,0.456,0.052,0.82,0.543,0.467,0.106,0.273,0.063,0.324,0.303,0.77,0.234,0.663,0.002,0.497,0.532,0.267,0.755,0.113,0.38,0.589,0.564,0.156,0.762,0.446,0.448,0.621,0.64,0.382,0.482,0.861,0.437,0.223,0.476,0.492,0.142,0.697,0.847,0.452,0.407,0.225,0.575,0.349,0.541,0.585,0.679,0.559,0.514,0.777,0.499,0.157,0.427,0.617,0.589,0.501,0.041,0.652,0.061,0.452,0.442,0.721,0.677
ADAP,0.344,0.0,0.813,0.964,0.662,0.934,0.829,-0.75,0.937,0.906,-0.088,0.757,0.948,-0.362,0.401,0.913,0.859,0.557,0.235,0.81,0.63,0.114,0.695,0.799,0.061,0.939,0.932,0.781,0.814,0.94,0.867,0.882,0.964,0.851,0.852,0.951,0.496,0.901,0.754,0.598,0.903,0.91,0.723,0.445,0.926,0.795,0.551,0.869,0.867,0.952,0.885,-0.071,0.777,0.748,0.654,0.92,0.935,0.902,0.548,0.835,0.519,0.716,0.35,-0.104,0.213,0.947,0.335,0.849,0.846,0.93,0.679,0.952,0.936,0.871,0.878,0.943,0.926,0.272,0.813,-0.07,0.001,-0.346,-0.8,0.064,0.918,0.897,0.914,0.366,0.812,0.748,0.918,0.235,0.941,0.82,0.845,0.921,0.845,0.82,0.162,0.813,0.961,0.809,0.743,0.809,0.685,0.817,0.953,0.794,0.474,0.744,0.708,0.583,0.936,0.951,0.711,0.958,0.767,0.838,0.903,0.8,0.45,0.871,0.808,0.374,0.958,0.164,0.778,0.785,0.604,-0.288,0.863,0.362,0.156,0.877,-0.205,0.927,0.456,0.923,0.89,0.731,0.43,0.495,0.815,0.846,0.944,0.612,0.891,0.828,0.785,0.545,0.763,0.447,0.954,0.916,0.888,0.453,0.934,0.868,0.821,0.797,0.864,0.658,-0.144,0.964,-0.179,0.726,0.886,0.945,0.583,0.897,0.763,0.846,0.967,0.17,0.801,0.534,0.934,0.58,0.78,0.399,0.913,0.855,0.391,0.329,0.143,0.82,0.649,0.767,0.915,0.18,0.888,0.899,0.66,-0.447,0.22,-0.609,0.746,0.111,0.79,-0.141
ADI,0.482,0.813,0.0,0.87,0.402,0.854,0.879,-0.475,0.936,0.906,0.187,0.501,0.913,-0.052,0.537,0.927,0.9,0.836,0.354,0.891,0.876,0.434,0.881,0.892,0.492,0.878,0.833,0.801,0.731,0.926,0.895,0.919,0.872,0.924,0.945,0.867,0.781,0.777,0.717,0.597,0.778,0.667,0.679,0.532,0.914,0.873,0.78,0.819,0.838,0.781,0.949,0.372,0.929,0.545,0.848,0.902,0.758,0.812,0.827,0.532,0.659,0.861,0.661,0.335,0.528,0.807,0.605,0.888,0.861,0.681,0.744,0.85,0.856,0.707,0.866,0.741,0.823,0.646,0.68,0.194,0.379,-0.085,-0.395,0.355,0.786,0.816,0.783,0.458,0.872,0.867,0.785,0.571,0.81,0.788,0.827,0.702,0.946,0.838,0.319,0.873,0.837,0.818,0.844,0.836,0.791,0.927,0.929,0.943,0.522,0.87,0.797,0.902,0.86,0.854,0.68,0.883,0.675,0.908,0.701,0.83,0.775,0.796,0.918,0.684,0.848,0.535,0.884,0.671,0.591,0.043,0.857,0.593,0.57,0.867,0.282,0.87,0.75,0.809,0.944,0.699,0.71,0.815,0.887,0.703,0.839,0.453,0.928,0.897,0.847,0.659,0.881,0.632,0.866,0.895,0.829,0.7,0.735,0.898,0.809,0.832,0.748,0.844,0.365,0.915,0.278,0.803,0.919,0.901,0.704,0.877,0.882,0.944,0.818,0.563,0.905,0.752,0.863,0.737,0.828,0.634,0.874,0.832,0.777,0.681,0.542,0.892,0.85,0.842,0.68,0.403,0.868,0.925,0.883,-0.029,0.638,-0.255,0.713,0.363,0.854,0.283
ADPT,0.429,0.964,0.87,0.0,0.618,0.965,0.877,-0.691,0.96,0.912,-0.012,0.727,0.964,-0.249,0.545,0.94,0.896,0.68,0.252,0.82,0.695,0.16,0.777,0.854,0.159,0.97,0.938,0.86,0.89,0.965,0.891,0.9,0.961,0.88,0.896,0.954,0.558,0.898,0.796,0.623,0.896,0.89,0.726,0.501,0.957,0.847,0.629,0.916,0.92,0.918,0.912,-0.002,0.841,0.77,0.757,0.926,0.924,0.922,0.64,0.778,0.536,0.769,0.45,-0.008,0.25,0.948,0.451,0.89,0.872,0.874,0.692,0.962,0.954,0.867,0.902,0.924,0.93,0.389,0.802,-0.023,0.07,-0.365,-0.733,0.216,0.903,0.936,0.943,0.372,0.846,0.843,0.932,0.331,0.935,0.823,0.85,0.872,0.902,0.869,0.301,0.82,0.948,0.856,0.777,0.855,0.771,0.868,0.968,0.853,0.564,0.823,0.783,0.686,0.961,0.953,0.768,0.968,0.805,0.886,0.92,0.857,0.567,0.888,0.857,0.484,0.955,0.275,0.813,0.815,0.604,-0.199,0.893,0.382,0.27,0.894,-0.115,0.942,0.605,0.916,0.929,0.733,0.526,0.606,0.858,0.849,0.936,0.643,0.904,0.856,0.822,0.552,0.831,0.44,0.963,0.942,0.889,0.532,0.9,0.916,0.842,0.852,0.868,0.755,0.012,0.966,-0.032,0.788,0.903,0.954,0.689,0.936,0.767,0.898,0.966,0.242,0.85,0.641,0.948,0.629,0.782,0.495,0.941,0.914,0.549,0.425,0.311,0.879,0.734,0.833,0.893,0.346,0.909,0.943,0.776,-0.384,0.325,-0.483,0.801,0.207,0.856,-0.026
ADTN,-0.249,0.662,0.402,0.618,0.0,0.675,0.298,-0.552,0.622,0.684,-0.731,0.959,0.546,-0.188,0.308,0.474,0.336,0.222,0.373,0.248,0.037,-0.19,0.121,0.209,-0.324,0.563,0.747,0.538,0.659,0.525,0.469,0.342,0.631,0.339,0.455,0.497,0.183,0.825,0.256,0.046,0.823,0.721,0.85,0.75,0.481,0.602,0.05,0.563,0.379,0.757,0.434,-0.328,0.247,0.625,0.106,0.427,0.701,0.62,-0.049,0.92,0.554,0.309,-0.21,-0.129,0.079,0.675,-0.332,0.252,0.281,0.82,0.292,0.691,0.623,0.723,0.434,0.566,0.673,-0.326,0.691,0.082,-0.015,-0.463,-0.706,-0.393,0.628,0.632,0.757,0.11,0.218,0.308,0.443,-0.182,0.769,0.8,0.278,0.828,0.352,0.279,0.222,0.241,0.676,0.318,0.199,0.186,0.403,0.322,0.562,0.526,0.612,0.156,0.22,0.179,0.605,0.706,0.196,0.667,0.489,0.316,0.562,0.378,-0.009,0.728,0.425,-0.056,0.52,-0.038,0.277,0.761,0.862,-0.387,0.445,-0.339,-0.231,0.739,-0.335,0.624,-0.078,0.782,0.53,0.7,-0.252,0.02,0.539,0.792,0.751,0.738,0.636,0.57,0.163,0.486,0.178,0.356,0.557,0.547,0.581,-0.271,0.825,0.58,0.413,0.433,0.835,0.091,-0.477,0.565,-0.57,0.196,0.528,0.563,0.039,0.576,0.489,0.458,0.601,0.046,0.209,-0.086,0.669,0.082,0.642,-0.032,0.646,0.471,-0.065,-0.265,-0.196,0.535,0.15,0.557,0.86,0.008,0.304,0.427,0.283,-0.625,-0.363,-0.531,0.493,-0.138,0.319,-0.477
AGEN,0.393,0.934,0.854,0.965,0.675,0.0,0.837,-0.661,0.952,0.926,-0.109,0.785,0.943,-0.171,0.557,0.935,0.852,0.695,0.313,0.804,0.693,0.238,0.749,0.819,0.182,0.944,0.96,0.868,0.908,0.944,0.904,0.886,0.957,0.879,0.896,0.911,0.618,0.912,0.729,0.491,0.937,0.835,0.784,0.589,0.95,0.884,0.646,0.883,0.884,0.937,0.902,0.01,0.788,0.694,0.711,0.893,0.94,0.898,0.627,0.789,0.605,0.792,0.396,0.036,0.275,0.922,0.364,0.836,0.826,0.89,0.749,0.945,0.957,0.832,0.904,0.892,0.963,0.364,0.875,0.028,0.158,-0.326,-0.704,0.193,0.852,0.9,0.972,0.329,0.778,0.833,0.876,0.365,0.936,0.893,0.831,0.878,0.872,0.806,0.364,0.776,0.959,0.832,0.767,0.796,0.8,0.852,0.944,0.858,0.612,0.764,0.753,0.645,0.939,0.958,0.647,0.955,0.77,0.838,0.871,0.792,0.547,0.925,0.802,0.456,0.913,0.32,0.813,0.871,0.695,-0.094,0.901,0.34,0.242,0.898,-0.075,0.956,0.59,0.938,0.913,0.732,0.497,0.587,0.865,0.884,0.941,0.645,0.92,0.893,0.78,0.672,0.789,0.496,0.948,0.946,0.893,0.46,0.905,0.884,0.869,0.881,0.901,0.72,-0.004,0.952,-0.047,0.739,0.922,0.945,0.671,0.905,0.779,0.884,0.95,0.312,0.802,0.6,0.961,0.548,0.817,0.404,0.959,0.904,0.504,0.381,0.338,0.901,0.743,0.872,0.905,0.369,0.848,0.923,0.766,-0.379,0.3,-0.534,0.814,0.264,0.854,0.001
ALGN,0.664,0.829,0.879,0.877,0.298,0.837,0.0,-0.528,0.886,0.794,0.307,0.418,0.922,-0.16,0.486,0.941,0.939,0.773,0.149,0.897,0.831,0.321,0.909,0.949,0.381,0.915,0.818,0.807,0.776,0.916,0.846,0.919,0.854,0.9,0.868,0.918,0.645,0.697,0.819,0.69,0.715,0.676,0.543,0.332,0.925,0.781,0.753,0.807,0.929,0.751,0.944,0.179,0.92,0.498,0.881,0.935,0.807,0.839,0.833,0.482,0.447,0.832,0.707,0.102,0.26,0.796,0.685,0.943,0.897,0.675,0.681,0.851,0.887,0.684,0.895,0.838,0.857,0.645,0.638,-0.101,0.09,-0.13,-0.523,0.437,0.797,0.825,0.796,0.37,0.897,0.857,0.883,0.557,0.794,0.677,0.882,0.668,0.955,0.914,0.269,0.884,0.844,0.955,0.861,0.928,0.834,0.952,0.918,0.83,0.462,0.911,0.876,0.773,0.863,0.837,0.818,0.869,0.699,0.933,0.793,0.883,0.75,0.728,0.849,0.592,0.843,0.404,0.888,0.666,0.355,0.049,0.889,0.642,0.448,0.748,0.056,0.882,0.795,0.749,0.881,0.573,0.742,0.688,0.81,0.631,0.777,0.387,0.847,0.798,0.939,0.524,0.91,0.35,0.891,0.903,0.764,0.759,0.687,0.85,0.866,0.852,0.673,0.919,0.3,0.908,0.264,0.816,0.84,0.911,0.831,0.893,0.709,0.884,0.888,0.35,0.941,0.825,0.861,0.64,0.698,0.638,0.802,0.892,0.678,0.672,0.532,0.864,0.882,0.8,0.682,0.43,0.93,0.949,0.832,-0.152,0.55,-0.251,0.704,0.333,0.961,0.301
ALLK,-0.145,-0.75,-0.475,-0.691,-0.552,-0.661,-0.528,0.0,-0.636,-0.583,0.198,-0.579,-0.643,0.499,-0.276,-0.592,-0.554,-0.231,0.034,-0.474,-0.268,0.153,-0.329,-0.484,0.274,-0.674,-0.657,-0.463,-0.556,-0.634,-0.537,-0.567,-0.689,-0.516,-0.515,-0.706,-0.092,-0.663,-0.551,-0.478,-0.67,-0.762,-0.492,-0.222,-0.637,-0.447,-0.205,-0.579,-0.578,-0.719,-0.549,0.393,-0.466,-0.571,-0.304,-0.638,-0.682,-0.688,-0.187,-0.711,-0.175,-0.325,-0.099,0.37,0.131,-0.74,-0.092,-0.579,-0.594,-0.746,-0.392,-0.71,-0.637,-0.725,-0.575,-0.729,-0.646,0.054,-0.557,0.314,0.286,0.389,0.794,0.111,-0.727,-0.688,-0.67,-0.317,-0.497,-0.414,-0.715,0.118,-0.642,-0.505,-0.581,-0.736,-0.521,-0.58,0.031,-0.49,-0.676,-0.511,-0.389,-0.536,-0.421,-0.479,-0.676,-0.464,-0.151,-0.408,-0.452,-0.236,-0.676,-0.693,-0.528,-0.694,-0.56,-0.567,-0.74,-0.602,-0.123,-0.599,-0.551,-0.071,-0.705,0.179,-0.408,-0.554,-0.364,0.448,-0.553,-0.079,0.17,-0.578,0.493,-0.604,-0.181,-0.666,-0.593,-0.542,-0.148,-0.16,-0.473,-0.601,-0.689,-0.537,-0.584,-0.465,-0.474,-0.188,-0.434,-0.154,-0.687,-0.598,-0.603,-0.18,-0.742,-0.59,-0.497,-0.452,-0.583,-0.351,0.377,-0.685,0.386,-0.392,-0.56,-0.673,-0.33,-0.652,-0.393,-0.471,-0.726,0.24,-0.483,-0.233,-0.639,-0.336,-0.419,-0.228,-0.633,-0.551,-0.075,0.014,0.133,-0.5,-0.3,-0.473,-0.724,-0.131,-0.611,-0.603,-0.334,0.588,0.08,0.66,-0.441,0.147,-0.466,0.351
AMD,0.371,0.937,0.936,0.96,0.622,0.952,0.886,-0.636,0.0,0.959,-0.034,0.711,0.965,-0.181,0.506,0.961,0.901,0.741,0.357,0.857,0.747,0.273,0.8,0.857,0.265,0.947,0.947,0.842,0.839,0.972,0.923,0.917,0.962,0.904,0.948,0.933,0.683,0.906,0.726,0.557,0.908,0.829,0.798,0.598,0.954,0.904,0.665,0.895,0.88,0.926,0.951,0.134,0.87,0.674,0.769,0.929,0.91,0.895,0.694,0.756,0.657,0.828,0.478,0.141,0.378,0.914,0.427,0.874,0.854,0.862,0.714,0.949,0.951,0.859,0.904,0.867,0.933,0.436,0.803,0.065,0.182,-0.248,-0.643,0.183,0.878,0.909,0.918,0.389,0.838,0.826,0.862,0.397,0.943,0.882,0.84,0.865,0.926,0.851,0.276,0.843,0.949,0.846,0.797,0.817,0.788,0.903,0.98,0.925,0.565,0.814,0.764,0.766,0.935,0.954,0.69,0.97,0.765,0.884,0.837,0.842,0.629,0.902,0.898,0.559,0.922,0.39,0.856,0.817,0.69,-0.128,0.907,0.419,0.349,0.943,0.027,0.954,0.614,0.932,0.952,0.756,0.537,0.671,0.896,0.85,0.945,0.576,0.968,0.929,0.813,0.67,0.84,0.549,0.944,0.955,0.9,0.546,0.891,0.924,0.853,0.868,0.884,0.774,0.114,0.973,0.026,0.771,0.951,0.961,0.641,0.941,0.851,0.935,0.936,0.408,0.862,0.639,0.945,0.643,0.863,0.495,0.952,0.88,0.6,0.488,0.385,0.923,0.777,0.879,0.865,0.325,0.887,0.941,0.816,-0.277,0.388,-0.429,0.762,0.25,0.868,0.059
AMWD,0.252,0.906,0.906,0.912,0.684,0.926,0.794,-0.583,0.959,0.0,-0.139,0.756,0.938,-0.213,0.457,0.906,0.818,0.682,0.412,0.824,0.706,0.245,0.707,0.762,0.239,0.898,0.945,0.785,0.781,0.925,0.891,0.865,0.941,0.859,0.897,0.889,0.672,0.914,0.657,0.497,0.931,0.797,0.836,0.634,0.893,0.865,0.588,0.819,0.779,0.923,0.916,0.172,0.806,0.653,0.676,0.894,0.857,0.856,0.617,0.78,0.723,0.792,0.404,0.187,0.467,0.898,0.312,0.783,0.784,0.878,0.702,0.929,0.906,0.828,0.842,0.802,0.9,0.366,0.799,0.146,0.266,-0.215,-0.597,0.047,0.873,0.876,0.883,0.356,0.769,0.753,0.794,0.347,0.916,0.917,0.774,0.892,0.841,0.762,0.248,0.792,0.927,0.739,0.73,0.724,0.716,0.833,0.933,0.882,0.594,0.717,0.668,0.726,0.879,0.947,0.566,0.939,0.672,0.832,0.762,0.76,0.514,0.881,0.848,0.516,0.869,0.354,0.802,0.774,0.777,-0.148,0.831,0.375,0.34,0.944,0.078,0.913,0.511,0.934,0.938,0.823,0.447,0.608,0.864,0.85,0.945,0.615,0.95,0.914,0.728,0.682,0.747,0.675,0.898,0.899,0.887,0.444,0.917,0.909,0.797,0.795,0.884,0.654,0.048,0.945,-0.061,0.687,0.939,0.932,0.536,0.882,0.898,0.89,0.87,0.439,0.792,0.512,0.927,0.577,0.906,0.471,0.912,0.842,0.507,0.405,0.274,0.848,0.689,0.81,0.859,0.269,0.799,0.888,0.779,-0.265,0.348,-0.488,0.706,0.189,0.768,-0.02
ARDX,0.718,-0.088,0.187,-0.012,-0.731,-0.109,0.307,0.198,-0.034,-0.139,0.0,-0.634,0.061,0.164,0.069,0.131,0.289,0.338,-0.384,0.31,0.507,0.368,0.47,0.418,0.574,0.067,-0.206,0.073,-0.133,0.082,0.099,0.252,-0.062,0.274,0.147,0.098,0.219,-0.311,0.368,0.469,-0.322,-0.235,-0.477,-0.483,0.112,-0.06,0.462,0.027,0.259,-0.266,0.185,0.441,0.371,-0.225,0.459,0.179,-0.172,-0.014,0.574,-0.584,-0.27,0.201,0.696,0.17,0.063,-0.119,0.836,0.385,0.342,-0.37,0.2,-0.131,-0.044,-0.298,0.157,-0.009,-0.088,0.756,-0.247,-0.059,0.132,0.283,0.355,0.754,-0.074,-0.104,-0.202,0.157,0.363,0.315,0.187,0.591,-0.252,-0.342,0.296,-0.385,0.287,0.337,0.037,0.3,-0.113,0.305,0.365,0.44,0.181,0.297,0.053,0.061,-0.263,0.455,0.394,0.319,0.028,-0.159,0.382,-0.073,-0.037,0.303,-0.031,0.2,0.516,-0.165,0.166,0.383,0.073,0.33,0.284,-0.313,-0.578,0.429,0.114,0.697,0.613,-0.27,0.371,-0.032,0.573,-0.273,0.075,-0.309,0.727,0.451,0.048,-0.364,-0.21,-0.37,-0.098,-0.053,0.445,-0.156,0.403,-0.067,0.032,0.05,-0.089,0.75,-0.359,0.001,0.135,0.117,-0.355,0.502,0.66,0.033,0.761,0.379,0.023,0.047,0.521,0.017,-0.017,0.135,-0.003,0.154,0.414,0.628,-0.081,0.322,-0.154,0.52,-0.085,0.134,0.526,0.711,0.477,0.039,0.443,-0.006,-0.389,0.272,0.319,0.191,0.239,0.491,0.754,0.398,0.021,0.363,0.285,0.688
ARQT,-0.1,0.757,0.501,0.727,0.959,0.785,0.418,-0.579,0.711,0.756,-0.634,0.0,0.655,-0.216,0.356,0.6,0.464,0.304,0.39,0.378,0.182,-0.092,0.263,0.348,-0.228,0.657,0.824,0.633,0.768,0.638,0.591,0.482,0.735,0.47,0.555,0.611,0.287,0.875,0.386,0.118,0.878,0.786,0.838,0.713,0.614,0.696,0.189,0.662,0.511,0.844,0.549,-0.279,0.357,0.666,0.231,0.549,0.802,0.69,0.092,0.944,0.585,0.422,-0.118,-0.128,0.129,0.754,-0.214,0.388,0.404,0.885,0.443,0.768,0.726,0.768,0.567,0.681,0.757,-0.193,0.797,0.101,0.023,-0.466,-0.748,-0.281,0.686,0.702,0.844,0.108,0.358,0.436,0.556,-0.072,0.85,0.862,0.412,0.872,0.472,0.417,0.27,0.374,0.771,0.449,0.338,0.34,0.475,0.437,0.661,0.588,0.647,0.295,0.334,0.245,0.686,0.786,0.273,0.752,0.585,0.437,0.664,0.457,0.091,0.799,0.478,0.044,0.643,0.007,0.412,0.85,0.849,-0.325,0.578,-0.185,-0.164,0.803,-0.31,0.73,0.055,0.845,0.626,0.722,-0.099,0.14,0.623,0.855,0.831,0.751,0.715,0.668,0.306,0.571,0.323,0.388,0.673,0.67,0.679,-0.116,0.876,0.645,0.561,0.56,0.891,0.214,-0.443,0.672,-0.5,0.346,0.64,0.659,0.178,0.649,0.564,0.557,0.713,0.097,0.349,0.066,0.768,0.196,0.691,0.009,0.743,0.585,0.039,-0.144,-0.082,0.638,0.281,0.642,0.911,0.046,0.439,0.545,0.397,-0.61,-0.249,-0.598,0.62,-0.045,0.449,-0.417
ASTE,0.479,0.948,0.913,0.964,0.546,0.943,0.922,-0.643,0.965,0.938,0.061,0.655,0.0,-0.279,0.505,0.964,0.924,0.708,0.24,0.886,0.777,0.234,0.82,0.895,0.227,0.974,0.937,0.842,0.833,0.969,0.899,0.939,0.957,0.92,0.911,0.972,0.606,0.88,0.812,0.677,0.884,0.832,0.72,0.47,0.968,0.852,0.668,0.874,0.904,0.908,0.967,0.08,0.898,0.653,0.775,0.976,0.898,0.929,0.703,0.71,0.546,0.806,0.558,0.036,0.306,0.931,0.501,0.908,0.911,0.858,0.717,0.964,0.948,0.832,0.92,0.909,0.935,0.464,0.769,-0.026,0.131,-0.273,-0.656,0.201,0.929,0.915,0.898,0.391,0.875,0.824,0.925,0.392,0.916,0.837,0.878,0.86,0.929,0.879,0.246,0.883,0.95,0.884,0.833,0.882,0.791,0.924,0.984,0.87,0.558,0.84,0.822,0.723,0.937,0.962,0.74,0.972,0.737,0.941,0.858,0.886,0.625,0.845,0.89,0.504,0.944,0.288,0.852,0.776,0.574,-0.139,0.893,0.509,0.332,0.888,-0.035,0.955,0.648,0.9,0.96,0.762,0.599,0.629,0.875,0.788,0.938,0.568,0.94,0.871,0.877,0.596,0.851,0.505,0.961,0.961,0.873,0.606,0.886,0.938,0.862,0.846,0.827,0.79,0.077,0.991,0.032,0.786,0.924,0.984,0.717,0.943,0.822,0.925,0.95,0.309,0.898,0.675,0.961,0.638,0.835,0.575,0.912,0.905,0.553,0.497,0.334,0.885,0.785,0.838,0.846,0.33,0.915,0.971,0.815,-0.317,0.416,-0.479,0.73,0.186,0.888,0.078
AUPH,0.152,-0.362,-0.052,-0.249,-0.188,-0.171,-0.16,0.499,-0.181,-0.213,0.164,-0.216,-0.279,0.0,0.071,-0.128,-0.075,0.294,0.165,-0.158,0.097,0.49,0.136,-0.07,0.512,-0.238,-0.187,0.144,-0.008,-0.148,-0.034,-0.157,-0.223,-0.061,-0.016,-0.38,0.293,-0.234,-0.231,-0.423,-0.191,-0.408,-0.147,0.233,-0.186,0.066,0.302,-0.018,-0.047,-0.296,-0.134,0.447,-0.178,-0.192,0.165,-0.342,-0.177,-0.259,0.182,-0.395,0.144,0.168,0.091,0.493,0.205,-0.434,0.143,-0.164,-0.177,-0.401,0.147,-0.333,-0.128,-0.46,-0.052,-0.338,-0.127,0.277,0.0,0.466,0.509,0.162,0.448,0.493,-0.444,-0.363,-0.128,0.113,-0.127,0.159,-0.297,0.553,-0.236,-0.088,-0.17,-0.419,-0.062,-0.17,0.375,-0.251,-0.2,-0.039,0.005,-0.151,0.21,-0.041,-0.245,0.049,0.249,0.055,-0.079,0.146,-0.109,-0.308,-0.15,-0.261,-0.023,-0.263,-0.314,-0.315,0.271,0.059,-0.209,0.093,-0.33,0.67,0.054,-0.088,0.056,0.709,-0.019,-0.078,0.497,-0.181,0.504,-0.126,0.183,-0.16,-0.194,-0.435,0.142,0.296,0.09,-0.057,-0.285,-0.318,-0.163,0.019,-0.097,0.282,0.016,0.015,-0.231,-0.125,-0.132,-0.006,-0.416,-0.261,-0.071,0.125,-0.032,0.104,0.539,-0.294,0.604,0.103,-0.09,-0.259,0.104,-0.266,-0.134,-0.067,-0.261,0.447,-0.076,0.222,-0.17,-0.011,-0.102,-0.171,-0.141,-0.095,0.333,0.331,0.479,0.026,0.185,0.064,-0.263,0.17,-0.222,-0.174,0.018,0.471,0.29,0.597,0.162,0.662,0.007,0.544
AVXL,0.434,0.401,0.537,0.545,0.308,0.557,0.486,-0.276,0.506,0.457,0.069,0.356,0.505,0.071,0.0,0.475,0.435,0.715,-0.094,0.282,0.396,-0.069,0.446,0.518,0.112,0.593,0.457,0.623,0.627,0.448,0.337,0.392,0.388,0.436,0.522,0.455,0.269,0.518,0.543,0.517,0.475,0.37,0.537,0.563,0.522,0.595,0.412,0.454,0.494,0.338,0.491,-0.071,0.627,0.286,0.424,0.456,0.38,0.646,0.383,0.266,0.148,0.291,0.553,0.069,-0.015,0.561,0.462,0.46,0.481,0.332,0.27,0.555,0.443,0.476,0.4,0.397,0.515,0.362,0.294,-0.039,0.171,-0.486,-0.172,0.462,0.498,0.618,0.564,0.25,0.329,0.584,0.497,0.212,0.43,0.452,0.328,0.33,0.589,0.459,0.648,0.274,0.392,0.498,0.377,0.455,0.658,0.529,0.536,0.654,0.581,0.431,0.717,0.491,0.56,0.551,0.49,0.568,0.369,0.603,0.402,0.695,0.634,0.449,0.628,0.242,0.434,0.145,0.296,0.57,0.316,-0.056,0.351,0.039,0.21,0.443,0.053,0.525,0.623,0.382,0.612,0.561,0.36,0.328,0.498,0.295,0.507,0.664,0.494,0.367,0.442,0.25,0.393,0.248,0.455,0.516,0.253,0.27,0.401,0.659,0.392,0.409,0.395,0.584,0.228,0.488,0.215,0.334,0.371,0.532,0.531,0.675,0.387,0.551,0.477,0.138,0.409,0.418,0.541,0.147,0.431,0.642,0.567,0.488,0.525,0.237,0.46,0.614,0.506,0.668,0.424,0.712,0.415,0.518,0.537,-0.252,0.318,-0.063,0.375,0.029,0.535,0.337
AZTA,0.554,0.913,0.927,0.94,0.474,0.935,0.941,-0.592,0.961,0.906,0.131,0.6,0.964,-0.128,0.475,0.0,0.959,0.764,0.274,0.919,0.832,0.384,0.892,0.939,0.358,0.946,0.914,0.865,0.841,0.982,0.948,0.971,0.955,0.952,0.946,0.939,0.709,0.829,0.8,0.588,0.849,0.781,0.668,0.461,0.982,0.889,0.791,0.905,0.946,0.891,0.976,0.174,0.887,0.608,0.854,0.949,0.913,0.876,0.787,0.64,0.579,0.866,0.57,0.101,0.339,0.858,0.561,0.939,0.912,0.809,0.794,0.91,0.963,0.75,0.97,0.894,0.932,0.547,0.812,0.038,0.22,-0.188,-0.611,0.321,0.837,0.844,0.885,0.408,0.904,0.888,0.898,0.531,0.889,0.82,0.923,0.791,0.962,0.901,0.253,0.896,0.947,0.921,0.887,0.915,0.828,0.956,0.968,0.891,0.532,0.897,0.818,0.76,0.932,0.91,0.745,0.94,0.793,0.912,0.844,0.838,0.697,0.867,0.852,0.556,0.93,0.451,0.925,0.784,0.553,0.028,0.964,0.561,0.416,0.862,0.039,0.96,0.697,0.885,0.932,0.635,0.684,0.724,0.896,0.801,0.894,0.455,0.926,0.911,0.909,0.677,0.919,0.467,0.965,0.976,0.9,0.684,0.808,0.869,0.91,0.928,0.826,0.851,0.17,0.967,0.161,0.863,0.945,0.955,0.768,0.903,0.794,0.924,0.949,0.401,0.937,0.771,0.946,0.693,0.809,0.496,0.922,0.908,0.648,0.604,0.486,0.925,0.871,0.873,0.805,0.31,0.936,0.97,0.827,-0.226,0.494,-0.421,0.798,0.377,0.937,0.182
BAND,0.643,0.859,0.9,0.896,0.336,0.852,0.939,-0.554,0.901,0.818,0.289,0.464,0.924,-0.075,0.435,0.959,0.0,0.771,0.194,0.895,0.846,0.391,0.935,0.959,0.391,0.914,0.836,0.849,0.788,0.954,0.911,0.952,0.906,0.932,0.92,0.917,0.648,0.744,0.83,0.658,0.752,0.741,0.533,0.352,0.94,0.802,0.798,0.894,0.956,0.793,0.947,0.195,0.892,0.58,0.896,0.923,0.853,0.837,0.818,0.523,0.463,0.86,0.659,0.069,0.28,0.77,0.673,0.962,0.937,0.711,0.763,0.851,0.915,0.666,0.951,0.862,0.864,0.606,0.718,0.009,0.154,-0.174,-0.56,0.412,0.806,0.785,0.804,0.498,0.945,0.879,0.909,0.582,0.816,0.7,0.905,0.691,0.956,0.937,0.165,0.891,0.885,0.942,0.912,0.952,0.836,0.951,0.926,0.838,0.459,0.949,0.828,0.764,0.906,0.835,0.827,0.879,0.772,0.917,0.823,0.833,0.727,0.803,0.829,0.56,0.896,0.473,0.916,0.69,0.419,0.068,0.936,0.613,0.5,0.771,0.035,0.911,0.75,0.81,0.9,0.525,0.75,0.753,0.864,0.725,0.814,0.333,0.841,0.837,0.956,0.596,0.954,0.353,0.922,0.931,0.841,0.768,0.711,0.829,0.866,0.9,0.747,0.891,0.268,0.912,0.284,0.905,0.891,0.913,0.817,0.85,0.703,0.904,0.904,0.349,0.974,0.852,0.882,0.743,0.72,0.551,0.853,0.891,0.699,0.694,0.514,0.879,0.885,0.811,0.716,0.339,0.943,0.947,0.835,-0.174,0.56,-0.29,0.748,0.412,0.928,0.268
BECN,0.624,0.557,0.836,0.68,0.222,0.695,0.773,-0.231,0.741,0.682,0.338,0.304,0.708,0.294,0.715,0.764,0.771,0.0,0.168,0.678,0.806,0.418,0.837,0.809,0.591,0.737,0.645,0.799,0.679,0.732,0.713,0.726,0.636,0.774,0.834,0.642,0.748,0.59,0.645,0.503,0.603,0.392,0.565,0.586,0.73,0.788,0.774,0.67,0.755,0.507,0.807,0.392,0.842,0.285,0.812,0.681,0.568,0.693,0.829,0.243,0.486,0.763,0.771,0.408,0.366,0.571,0.709,0.744,0.72,0.408,0.633,0.639,0.688,0.449,0.707,0.511,0.703,0.752,0.512,0.185,0.402,-0.107,-0.147,0.624,0.552,0.623,0.657,0.395,0.675,0.835,0.637,0.705,0.584,0.616,0.632,0.399,0.857,0.729,0.505,0.606,0.619,0.787,0.733,0.717,0.88,0.838,0.733,0.864,0.565,0.783,0.822,0.819,0.72,0.652,0.61,0.697,0.498,0.78,0.486,0.728,0.864,0.683,0.777,0.622,0.594,0.656,0.746,0.599,0.447,0.31,0.698,0.457,0.679,0.609,0.388,0.741,0.865,0.586,0.804,0.465,0.72,0.769,0.761,0.498,0.618,0.375,0.706,0.727,0.752,0.615,0.778,0.466,0.651,0.745,0.554,0.654,0.455,0.751,0.698,0.748,0.573,0.888,0.6,0.692,0.554,0.7,0.718,0.729,0.754,0.752,0.64,0.81,0.639,0.572,0.786,0.778,0.702,0.498,0.675,0.694,0.723,0.722,0.845,0.736,0.748,0.838,0.879,0.82,0.462,0.627,0.697,0.769,0.828,0.076,0.701,0.071,0.593,0.471,0.831,0.6
BFC,-0.333,0.235,0.354,0.252,0.373,0.313,0.149,0.034,0.357,0.412,-0.384,0.39,0.24,0.165,-0.094,0.274,0.194,0.168,0.0,0.337,0.235,0.408,0.214,0.085,0.342,0.128,0.362,0.127,0.216,0.32,0.426,0.264,0.358,0.266,0.352,0.172,0.544,0.286,-0.244,-0.359,0.357,0.199,0.383,0.453,0.256,0.32,0.218,0.243,0.13,0.376,0.236,0.419,0.088,0.389,0.256,0.169,0.295,0.017,0.241,0.379,0.766,0.506,-0.219,0.557,0.665,0.179,-0.202,0.108,0.009,0.275,0.306,0.23,0.33,0.337,0.258,0.105,0.251,0.073,0.414,0.407,0.314,0.325,-0.107,-0.172,0.069,0.261,0.284,0.084,0.248,0.196,-0.002,0.226,0.39,0.457,0.131,0.322,0.186,0.074,0.117,0.289,0.327,0.066,0.223,0.016,0.099,0.171,0.236,0.306,0.239,0.198,-0.123,0.432,0.175,0.265,-0.064,0.222,0.308,0.044,0.175,-0.023,0.029,0.376,0.144,0.485,0.183,0.465,0.4,0.257,0.646,0.05,0.351,0.083,0.178,0.533,0.386,0.26,0.038,0.411,0.241,0.217,0.025,0.346,0.311,0.507,0.276,0.015,0.394,0.544,0.085,0.499,0.256,0.467,0.227,0.23,0.493,0.02,0.316,0.23,0.248,0.377,0.457,0.097,0.133,0.253,-0.038,0.227,0.453,0.196,-0.061,0.156,0.471,0.326,0.169,0.612,0.16,0.042,0.232,0.368,0.388,-0.243,0.318,0.261,0.271,0.181,0.218,0.269,0.14,0.202,0.3,-0.039,0.137,0.198,0.33,0.255,0.078,-0.067,0.385,0.383,0.146,-0.188
BGC,0.544,0.81,0.891,0.82,0.248,0.804,0.897,-0.474,0.857,0.824,0.31,0.378,0.886,-0.158,0.282,0.919,0.895,0.678,0.337,0.0,0.911,0.53,0.894,0.9,0.537,0.817,0.771,0.683,0.623,0.907,0.924,0.962,0.869,0.949,0.881,0.871,0.777,0.642,0.69,0.553,0.679,0.614,0.471,0.249,0.898,0.733,0.806,0.755,0.853,0.767,0.918,0.398,0.85,0.515,0.857,0.91,0.758,0.698,0.872,0.455,0.607,0.899,0.59,0.263,0.502,0.742,0.628,0.915,0.858,0.647,0.802,0.766,0.847,0.615,0.901,0.772,0.796,0.683,0.686,0.088,0.276,0.099,-0.444,0.355,0.703,0.731,0.705,0.372,0.93,0.827,0.801,0.64,0.738,0.674,0.919,0.654,0.892,0.837,0.171,0.957,0.839,0.828,0.888,0.885,0.68,0.899,0.869,0.774,0.309,0.896,0.722,0.792,0.796,0.771,0.675,0.796,0.673,0.852,0.721,0.716,0.644,0.725,0.773,0.681,0.848,0.511,0.959,0.544,0.425,0.102,0.894,0.778,0.522,0.745,0.243,0.817,0.693,0.738,0.834,0.512,0.785,0.779,0.802,0.647,0.733,0.242,0.829,0.863,0.902,0.595,0.916,0.552,0.864,0.851,0.858,0.799,0.663,0.762,0.85,0.855,0.644,0.821,0.306,0.891,0.271,0.836,0.909,0.859,0.733,0.762,0.817,0.861,0.819,0.514,0.924,0.787,0.798,0.761,0.717,0.489,0.783,0.845,0.672,0.722,0.472,0.772,0.836,0.691,0.606,0.253,0.91,0.908,0.788,0.051,0.648,-0.349,0.711,0.454,0.856,0.228
BHF,0.687,0.63,0.876,0.695,0.037,0.693,0.831,-0.268,0.747,0.706,0.507,0.182,0.777,0.097,0.396,0.832,0.846,0.806,0.235,0.911,0.0,0.657,0.94,0.899,0.74,0.724,0.628,0.696,0.552,0.803,0.836,0.897,0.714,0.917,0.848,0.729,0.835,0.508,0.673,0.548,0.534,0.389,0.361,0.248,0.815,0.721,0.895,0.674,0.79,0.572,0.87,0.577,0.861,0.324,0.887,0.8,0.587,0.613,0.963,0.19,0.523,0.88,0.775,0.429,0.564,0.584,0.781,0.861,0.834,0.427,0.822,0.619,0.713,0.417,0.821,0.605,0.678,0.878,0.557,0.244,0.484,0.128,-0.152,0.576,0.559,0.578,0.575,0.411,0.853,0.846,0.689,0.801,0.57,0.568,0.832,0.426,0.867,0.783,0.292,0.865,0.675,0.796,0.89,0.851,0.728,0.884,0.761,0.77,0.359,0.895,0.786,0.834,0.703,0.638,0.585,0.674,0.528,0.828,0.535,0.672,0.817,0.626,0.743,0.729,0.717,0.649,0.905,0.442,0.309,0.346,0.796,0.839,0.742,0.603,0.472,0.727,0.852,0.581,0.782,0.395,0.919,0.901,0.766,0.478,0.603,0.136,0.735,0.783,0.882,0.632,0.901,0.588,0.73,0.779,0.701,0.869,0.461,0.683,0.797,0.804,0.501,0.874,0.573,0.771,0.558,0.837,0.828,0.758,0.802,0.667,0.767,0.843,0.671,0.637,0.908,0.889,0.69,0.747,0.651,0.605,0.693,0.744,0.818,0.875,0.649,0.751,0.909,0.69,0.395,0.394,0.825,0.848,0.82,0.265,0.864,-0.119,0.659,0.551,0.841,0.545
BHFAL,0.379,0.114,0.434,0.16,-0.19,0.238,0.321,0.153,0.273,0.245,0.368,-0.092,0.234,0.49,-0.069,0.384,0.391,0.418,0.408,0.53,0.657,0.0,0.583,0.429,0.786,0.154,0.191,0.291,0.121,0.344,0.51,0.464,0.277,0.506,0.421,0.151,0.708,0.051,0.112,-0.105,0.105,-0.078,-0.006,0.076,0.333,0.376,0.708,0.311,0.331,0.181,0.379,0.721,0.289,0.004,0.544,0.245,0.202,0.031,0.662,-0.148,0.443,0.624,0.353,0.566,0.584,0.011,0.432,0.372,0.316,-0.009,0.632,0.063,0.28,-0.1,0.452,0.126,0.227,0.641,0.353,0.486,0.66,0.479,0.208,0.463,-0.044,-0.01,0.134,0.173,0.451,0.465,0.123,0.784,0.138,0.243,0.429,-0.015,0.377,0.259,0.17,0.459,0.264,0.328,0.535,0.365,0.316,0.411,0.232,0.333,0.086,0.501,0.219,0.481,0.212,0.094,0.07,0.138,0.278,0.228,0.073,0.046,0.493,0.296,0.188,0.513,0.224,0.775,0.604,0.078,0.181,0.683,0.486,0.633,0.639,0.213,0.622,0.259,0.432,0.207,0.226,-0.133,0.657,0.695,0.426,0.223,0.117,-0.356,0.306,0.492,0.412,0.567,0.517,0.393,0.265,0.331,0.421,0.564,-0.013,0.101,0.394,0.52,0.189,0.444,0.563,0.244,0.602,0.538,0.449,0.205,0.427,0.074,0.392,0.365,0.178,0.73,0.45,0.601,0.217,0.54,0.281,0.01,0.262,0.28,0.572,0.7,0.578,0.351,0.576,0.301,-0.014,0.046,0.337,0.332,0.408,0.566,0.67,0.111,0.436,0.772,0.4,0.495
BKNG,0.751,0.695,0.881,0.777,0.121,0.749,0.909,-0.329,0.8,0.707,0.47,0.263,0.82,0.136,0.446,0.892,0.935,0.837,0.214,0.894,0.94,0.583,0.0,0.956,0.643,0.805,0.697,0.814,0.695,0.866,0.866,0.913,0.776,0.916,0.879,0.786,0.765,0.573,0.761,0.581,0.591,0.512,0.398,0.3,0.868,0.767,0.914,0.803,0.905,0.623,0.894,0.423,0.876,0.441,0.957,0.831,0.706,0.698,0.946,0.28,0.482,0.902,0.77,0.287,0.413,0.62,0.809,0.92,0.871,0.494,0.791,0.696,0.811,0.477,0.893,0.712,0.754,0.81,0.618,0.123,0.325,-0.006,-0.311,0.622,0.623,0.65,0.675,0.443,0.915,0.908,0.783,0.786,0.668,0.59,0.862,0.481,0.93,0.868,0.294,0.864,0.751,0.909,0.921,0.923,0.833,0.932,0.816,0.807,0.433,0.978,0.831,0.835,0.8,0.69,0.754,0.743,0.691,0.861,0.668,0.747,0.851,0.704,0.766,0.679,0.771,0.65,0.932,0.562,0.311,0.307,0.885,0.746,0.686,0.655,0.298,0.806,0.868,0.655,0.81,0.377,0.894,0.869,0.834,0.577,0.653,0.178,0.756,0.798,0.94,0.617,0.965,0.392,0.81,0.85,0.746,0.869,0.508,0.731,0.841,0.897,0.602,0.944,0.518,0.803,0.543,0.911,0.834,0.799,0.878,0.74,0.683,0.871,0.771,0.53,0.955,0.959,0.764,0.749,0.64,0.579,0.746,0.835,0.842,0.858,0.694,0.835,0.957,0.773,0.515,0.429,0.885,0.891,0.841,0.102,0.758,-0.073,0.735,0.591,0.929,0.51
BL,0.746,0.799,0.892,0.854,0.209,0.819,0.949,-0.484,0.857,0.762,0.418,0.348,0.895,-0.07,0.518,0.939,0.959,0.809,0.085,0.9,0.899,0.429,0.956,0.0,0.46,0.899,0.764,0.832,0.739,0.908,0.867,0.949,0.835,0.935,0.904,0.884,0.66,0.677,0.862,0.717,0.673,0.64,0.486,0.29,0.929,0.8,0.852,0.839,0.942,0.715,0.938,0.233,0.934,0.475,0.909,0.91,0.781,0.822,0.873,0.396,0.398,0.822,0.765,0.092,0.264,0.755,0.783,0.97,0.945,0.617,0.747,0.802,0.861,0.602,0.923,0.818,0.829,0.715,0.639,-0.013,0.225,-0.141,-0.449,0.527,0.76,0.748,0.745,0.441,0.915,0.896,0.885,0.627,0.733,0.636,0.917,0.598,0.965,0.92,0.248,0.89,0.821,0.943,0.922,0.97,0.837,0.967,0.898,0.838,0.431,0.95,0.902,0.77,0.87,0.79,0.81,0.842,0.709,0.938,0.761,0.861,0.826,0.725,0.85,0.583,0.873,0.472,0.895,0.64,0.306,0.138,0.894,0.695,0.526,0.69,0.103,0.875,0.831,0.713,0.877,0.496,0.847,0.77,0.833,0.606,0.759,0.316,0.807,0.789,0.967,0.565,0.95,0.357,0.887,0.911,0.766,0.84,0.628,0.806,0.862,0.876,0.637,0.933,0.35,0.886,0.384,0.89,0.846,0.888,0.881,0.843,0.688,0.892,0.867,0.364,0.969,0.903,0.841,0.708,0.687,0.638,0.827,0.856,0.745,0.742,0.587,0.869,0.931,0.829,0.615,0.401,0.941,0.946,0.818,-0.105,0.665,-0.26,0.706,0.408,0.949,0.403
BOKF,0.468,0.061,0.492,0.159,-0.324,0.182,0.381,0.274,0.265,0.239,0.574,-0.228,0.227,0.512,0.112,0.358,0.391,0.591,0.342,0.537,0.74,0.786,0.643,0.46,0.0,0.155,0.112,0.278,0.107,0.317,0.45,0.446,0.199,0.494,0.452,0.162,0.821,-0.011,0.162,0.039,0.023,-0.191,-0.025,0.107,0.307,0.351,0.718,0.22,0.325,0.037,0.404,0.892,0.421,-0.051,0.619,0.259,0.073,0.015,0.801,-0.302,0.505,0.635,0.55,0.789,0.708,0.002,0.606,0.398,0.302,-0.143,0.564,0.042,0.221,-0.112,0.359,0.017,0.164,0.869,0.173,0.535,0.646,0.5,0.386,0.648,-0.067,0.045,0.075,0.172,0.449,0.514,0.1,0.89,0.076,0.168,0.363,-0.134,0.437,0.315,0.327,0.458,0.148,0.356,0.51,0.381,0.361,0.448,0.223,0.385,0.114,0.551,0.346,0.648,0.179,0.071,0.152,0.109,0.144,0.312,-0.017,0.133,0.615,0.221,0.263,0.708,0.154,0.831,0.603,0.017,0.103,0.678,0.386,0.715,0.851,0.172,0.863,0.216,0.632,0.091,0.288,-0.077,0.731,0.796,0.384,0.07,0.047,-0.274,0.268,0.459,0.438,0.49,0.558,0.482,0.178,0.273,0.275,0.67,-0.111,0.184,0.43,0.465,0.088,0.569,0.825,0.228,0.811,0.523,0.424,0.194,0.462,0.126,0.451,0.426,0.113,0.84,0.492,0.659,0.151,0.542,0.258,0.307,0.204,0.307,0.766,0.864,0.721,0.361,0.638,0.293,-0.144,0.279,0.355,0.341,0.506,0.766,0.865,0.39,0.387,0.741,0.437,0.709
BRKR,0.534,0.939,0.878,0.97,0.563,0.944,0.915,-0.674,0.947,0.898,0.067,0.657,0.974,-0.238,0.593,0.946,0.914,0.737,0.128,0.817,0.724,0.154,0.805,0.899,0.155,0.0,0.93,0.893,0.873,0.95,0.857,0.901,0.935,0.889,0.893,0.958,0.528,0.883,0.852,0.711,0.889,0.843,0.728,0.495,0.953,0.846,0.655,0.897,0.928,0.881,0.939,-0.027,0.889,0.658,0.771,0.946,0.902,0.967,0.664,0.706,0.454,0.751,0.577,-0.057,0.176,0.932,0.529,0.907,0.912,0.853,0.674,0.965,0.946,0.818,0.904,0.925,0.949,0.432,0.748,-0.104,0.071,-0.376,-0.693,0.258,0.934,0.912,0.922,0.425,0.834,0.84,0.952,0.359,0.9,0.8,0.862,0.846,0.926,0.883,0.282,0.813,0.935,0.903,0.807,0.886,0.843,0.91,0.975,0.876,0.587,0.833,0.862,0.683,0.968,0.958,0.794,0.976,0.748,0.934,0.888,0.912,0.642,0.859,0.895,0.428,0.936,0.263,0.799,0.796,0.535,-0.145,0.873,0.416,0.304,0.844,-0.128,0.958,0.662,0.889,0.947,0.74,0.575,0.582,0.859,0.785,0.929,0.624,0.901,0.817,0.874,0.546,0.83,0.407,0.963,0.952,0.829,0.564,0.874,0.93,0.846,0.842,0.821,0.798,0.056,0.968,0.029,0.771,0.879,0.977,0.752,0.957,0.742,0.897,0.965,0.208,0.88,0.679,0.961,0.566,0.793,0.593,0.918,0.907,0.544,0.446,0.325,0.89,0.786,0.865,0.862,0.398,0.906,0.962,0.775,-0.413,0.367,-0.461,0.731,0.174,0.899,0.094
CACC,0.304,0.932,0.833,0.938,0.747,0.96,0.818,-0.657,0.947,0.945,-0.206,0.824,0.937,-0.187,0.457,0.914,0.836,0.645,0.362,0.771,0.628,0.191,0.697,0.764,0.112,0.93,0.0,0.854,0.887,0.932,0.874,0.843,0.958,0.83,0.858,0.901,0.571,0.936,0.68,0.459,0.972,0.86,0.83,0.63,0.91,0.863,0.573,0.875,0.845,0.957,0.895,-0.025,0.745,0.689,0.678,0.874,0.947,0.899,0.554,0.842,0.638,0.77,0.348,0.011,0.273,0.901,0.265,0.781,0.781,0.932,0.683,0.957,0.964,0.839,0.881,0.881,0.965,0.267,0.871,0.033,0.131,-0.332,-0.743,0.05,0.882,0.878,0.957,0.36,0.744,0.758,0.845,0.304,0.96,0.923,0.777,0.931,0.831,0.771,0.272,0.751,0.969,0.806,0.739,0.739,0.789,0.826,0.933,0.845,0.667,0.713,0.691,0.626,0.925,0.966,0.616,0.958,0.755,0.801,0.85,0.763,0.479,0.919,0.788,0.377,0.877,0.292,0.783,0.861,0.743,-0.129,0.873,0.278,0.221,0.927,-0.121,0.959,0.496,0.977,0.902,0.764,0.394,0.526,0.848,0.912,0.957,0.624,0.935,0.883,0.741,0.681,0.734,0.484,0.932,0.925,0.89,0.376,0.942,0.876,0.84,0.849,0.941,0.654,-0.065,0.939,-0.132,0.7,0.907,0.939,0.597,0.891,0.775,0.86,0.933,0.29,0.777,0.518,0.967,0.522,0.852,0.366,0.919,0.872,0.424,0.324,0.239,0.87,0.69,0.839,0.942,0.276,0.8,0.894,0.74,-0.432,0.206,-0.534,0.775,0.202,0.819,-0.071
CAR,0.614,0.781,0.801,0.86,0.538,0.868,0.807,-0.463,0.842,0.785,0.073,0.633,0.842,0.144,0.623,0.865,0.849,0.799,0.127,0.683,0.696,0.291,0.814,0.832,0.278,0.893,0.854,0.0,0.915,0.854,0.799,0.791,0.823,0.812,0.832,0.772,0.56,0.813,0.8,0.524,0.825,0.701,0.67,0.606,0.854,0.884,0.741,0.914,0.894,0.762,0.849,0.055,0.77,0.578,0.773,0.781,0.845,0.877,0.658,0.575,0.469,0.747,0.577,0.038,0.186,0.747,0.535,0.793,0.804,0.722,0.721,0.827,0.886,0.612,0.866,0.812,0.89,0.462,0.773,0.099,0.253,-0.397,-0.55,0.413,0.763,0.733,0.883,0.424,0.725,0.87,0.821,0.52,0.817,0.778,0.744,0.694,0.861,0.787,0.437,0.662,0.845,0.879,0.778,0.808,0.922,0.851,0.851,0.862,0.765,0.812,0.826,0.645,0.915,0.826,0.692,0.866,0.743,0.799,0.767,0.768,0.719,0.881,0.763,0.345,0.794,0.453,0.753,0.822,0.552,0.139,0.838,0.315,0.447,0.755,-0.012,0.909,0.68,0.821,0.833,0.577,0.57,0.638,0.881,0.764,0.825,0.542,0.814,0.778,0.791,0.662,0.774,0.35,0.86,0.904,0.741,0.494,0.716,0.797,0.816,0.879,0.825,0.772,0.173,0.821,0.216,0.787,0.798,0.846,0.778,0.825,0.63,0.835,0.86,0.311,0.805,0.735,0.906,0.503,0.743,0.476,0.837,0.839,0.6,0.491,0.454,0.892,0.833,0.902,0.779,0.414,0.77,0.859,0.743,-0.321,0.391,-0.243,0.801,0.381,0.886,0.288
CDNA,0.452,0.814,0.731,0.89,0.659,0.908,0.776,-0.556,0.839,0.781,-0.133,0.768,0.833,-0.008,0.627,0.841,0.788,0.679,0.216,0.623,0.552,0.121,0.695,0.739,0.107,0.873,0.887,0.915,0.0,0.843,0.762,0.739,0.84,0.729,0.771,0.801,0.481,0.843,0.724,0.424,0.864,0.788,0.712,0.616,0.853,0.838,0.597,0.866,0.861,0.817,0.791,-0.112,0.684,0.669,0.682,0.761,0.895,0.858,0.522,0.718,0.489,0.682,0.377,-0.057,0.103,0.798,0.345,0.734,0.712,0.798,0.641,0.875,0.898,0.724,0.827,0.834,0.894,0.284,0.816,0.006,0.087,-0.454,-0.682,0.283,0.764,0.826,0.947,0.297,0.676,0.811,0.807,0.344,0.881,0.82,0.695,0.772,0.805,0.738,0.455,0.618,0.862,0.822,0.667,0.732,0.84,0.775,0.839,0.791,0.769,0.715,0.737,0.561,0.885,0.867,0.674,0.873,0.783,0.746,0.832,0.744,0.548,0.862,0.678,0.302,0.781,0.287,0.701,0.91,0.608,-0.032,0.823,0.174,0.202,0.8,-0.169,0.901,0.584,0.852,0.816,0.635,0.401,0.493,0.805,0.828,0.848,0.653,0.81,0.76,0.699,0.608,0.706,0.268,0.852,0.876,0.747,0.358,0.786,0.804,0.808,0.833,0.878,0.69,-0.024,0.817,-0.0,0.704,0.767,0.83,0.676,0.842,0.591,0.788,0.881,0.195,0.713,0.59,0.907,0.43,0.69,0.358,0.851,0.86,0.48,0.324,0.398,0.875,0.702,0.855,0.873,0.434,0.729,0.819,0.716,-0.457,0.187,-0.372,0.819,0.28,0.83,0.06
CG,0.477,0.94,0.926,0.965,0.525,0.944,0.916,-0.634,0.972,0.925,0.082,0.638,0.969,-0.148,0.448,0.982,0.954,0.732,0.32,0.907,0.803,0.344,0.866,0.908,0.317,0.95,0.932,0.854,0.843,0.0,0.959,0.963,0.98,0.947,0.948,0.954,0.679,0.851,0.778,0.58,0.872,0.834,0.677,0.464,0.974,0.86,0.741,0.92,0.941,0.912,0.961,0.155,0.865,0.701,0.848,0.945,0.92,0.878,0.75,0.697,0.599,0.868,0.513,0.096,0.351,0.881,0.517,0.932,0.906,0.83,0.782,0.93,0.97,0.794,0.962,0.9,0.928,0.497,0.823,0.055,0.182,-0.212,-0.659,0.269,0.86,0.877,0.899,0.434,0.916,0.881,0.914,0.486,0.912,0.823,0.911,0.831,0.942,0.896,0.241,0.893,0.961,0.888,0.866,0.897,0.804,0.928,0.974,0.881,0.523,0.891,0.776,0.77,0.952,0.923,0.765,0.948,0.817,0.897,0.882,0.822,0.63,0.892,0.854,0.566,0.945,0.433,0.917,0.766,0.592,-0.056,0.955,0.513,0.4,0.89,0.011,0.953,0.653,0.918,0.939,0.656,0.634,0.722,0.894,0.847,0.908,0.484,0.925,0.913,0.887,0.64,0.911,0.483,0.971,0.958,0.932,0.644,0.848,0.889,0.884,0.911,0.859,0.82,0.138,0.973,0.1,0.866,0.959,0.96,0.73,0.903,0.806,0.933,0.952,0.374,0.926,0.732,0.942,0.722,0.81,0.481,0.935,0.923,0.638,0.576,0.413,0.897,0.816,0.835,0.84,0.315,0.94,0.968,0.825,-0.245,0.457,-0.438,0.817,0.359,0.896,0.087
CGBD,0.445,0.867,0.895,0.891,0.469,0.904,0.846,-0.537,0.923,0.891,0.099,0.591,0.899,-0.034,0.337,0.948,0.911,0.713,0.426,0.924,0.836,0.51,0.866,0.867,0.45,0.857,0.874,0.799,0.762,0.959,0.0,0.955,0.947,0.946,0.946,0.865,0.777,0.784,0.679,0.417,0.822,0.729,0.612,0.447,0.929,0.84,0.796,0.882,0.892,0.875,0.917,0.287,0.788,0.644,0.84,0.877,0.88,0.756,0.786,0.622,0.679,0.912,0.448,0.21,0.458,0.782,0.491,0.885,0.845,0.759,0.858,0.825,0.929,0.691,0.951,0.822,0.88,0.541,0.856,0.185,0.292,-0.065,-0.573,0.291,0.73,0.767,0.837,0.378,0.89,0.864,0.823,0.596,0.845,0.804,0.898,0.749,0.889,0.84,0.226,0.874,0.922,0.831,0.875,0.848,0.751,0.883,0.898,0.833,0.442,0.873,0.683,0.754,0.88,0.834,0.641,0.862,0.785,0.805,0.804,0.685,0.597,0.89,0.762,0.62,0.889,0.566,0.951,0.717,0.621,0.098,0.962,0.555,0.478,0.841,0.137,0.901,0.624,0.875,0.865,0.53,0.666,0.785,0.875,0.836,0.836,0.347,0.874,0.939,0.843,0.72,0.912,0.541,0.915,0.914,0.942,0.662,0.768,0.784,0.884,0.938,0.83,0.781,0.205,0.91,0.179,0.872,0.972,0.891,0.698,0.788,0.795,0.897,0.885,0.495,0.898,0.737,0.875,0.737,0.794,0.354,0.901,0.879,0.658,0.63,0.462,0.858,0.824,0.795,0.759,0.252,0.893,0.914,0.799,-0.103,0.514,-0.409,0.831,0.508,0.859,0.134
CHI,0.578,0.882,0.919,0.9,0.342,0.886,0.919,-0.567,0.917,0.865,0.252,0.482,0.939,-0.157,0.392,0.971,0.952,0.726,0.264,0.962,0.897,0.464,0.913,0.949,0.446,0.901,0.843,0.791,0.739,0.963,0.955,0.0,0.927,0.975,0.938,0.924,0.732,0.751,0.789,0.609,0.768,0.716,0.555,0.325,0.965,0.818,0.821,0.857,0.923,0.836,0.96,0.266,0.887,0.578,0.867,0.946,0.846,0.809,0.84,0.542,0.547,0.878,0.604,0.142,0.395,0.817,0.625,0.956,0.93,0.733,0.83,0.849,0.912,0.688,0.959,0.854,0.868,0.63,0.764,0.071,0.257,-0.083,-0.538,0.353,0.788,0.79,0.798,0.418,0.935,0.874,0.886,0.582,0.816,0.742,0.953,0.723,0.941,0.898,0.186,0.942,0.901,0.888,0.914,0.935,0.763,0.943,0.932,0.831,0.4,0.917,0.8,0.767,0.887,0.849,0.721,0.88,0.747,0.91,0.803,0.794,0.688,0.803,0.826,0.618,0.927,0.47,0.944,0.672,0.462,0.063,0.943,0.688,0.476,0.793,0.115,0.904,0.718,0.821,0.903,0.564,0.773,0.783,0.853,0.732,0.832,0.337,0.875,0.886,0.928,0.644,0.947,0.498,0.932,0.935,0.892,0.775,0.746,0.824,0.899,0.902,0.737,0.85,0.233,0.946,0.23,0.891,0.944,0.924,0.782,0.836,0.796,0.92,0.902,0.428,0.957,0.809,0.881,0.766,0.765,0.511,0.882,0.879,0.676,0.683,0.479,0.862,0.872,0.794,0.705,0.291,0.956,0.964,0.82,-0.105,0.601,-0.421,0.765,0.406,0.904,0.221
CHTR,0.369,0.964,0.872,0.961,0.631,0.957,0.854,-0.689,0.962,0.941,-0.062,0.735,0.957,-0.223,0.388,0.955,0.906,0.636,0.358,0.869,0.714,0.277,0.776,0.835,0.199,0.935,0.958,0.823,0.84,0.98,0.947,0.927,0.0,0.904,0.907,0.944,0.613,0.886,0.73,0.512,0.922,0.882,0.713,0.487,0.949,0.829,0.655,0.908,0.898,0.961,0.92,0.058,0.787,0.741,0.755,0.924,0.95,0.867,0.642,0.795,0.615,0.824,0.374,0.015,0.313,0.894,0.377,0.877,0.851,0.907,0.762,0.94,0.975,0.828,0.941,0.919,0.941,0.354,0.871,0.025,0.119,-0.245,-0.747,0.127,0.875,0.877,0.922,0.393,0.865,0.815,0.899,0.381,0.938,0.854,0.88,0.899,0.878,0.849,0.175,0.849,0.985,0.831,0.81,0.837,0.747,0.861,0.957,0.835,0.51,0.813,0.69,0.675,0.941,0.941,0.703,0.951,0.812,0.838,0.905,0.766,0.494,0.917,0.797,0.479,0.945,0.348,0.87,0.793,0.66,-0.136,0.937,0.415,0.286,0.906,-0.09,0.95,0.529,0.955,0.911,0.684,0.515,0.62,0.865,0.904,0.934,0.525,0.914,0.903,0.826,0.636,0.841,0.482,0.976,0.939,0.954,0.527,0.909,0.863,0.865,0.887,0.9,0.71,-0.017,0.966,-0.055,0.802,0.954,0.95,0.639,0.874,0.788,0.884,0.959,0.301,0.861,0.618,0.95,0.652,0.808,0.367,0.938,0.908,0.507,0.436,0.281,0.855,0.728,0.798,0.902,0.234,0.893,0.928,0.754,-0.347,0.316,-0.552,0.799,0.297,0.835,-0.065
CHX,0.598,0.851,0.924,0.88,0.339,0.879,0.9,-0.516,0.904,0.859,0.274,0.47,0.92,-0.061,0.436,0.952,0.932,0.774,0.266,0.949,0.917,0.506,0.916,0.935,0.494,0.889,0.83,0.812,0.729,0.947,0.946,0.975,0.904,0.0,0.942,0.888,0.765,0.733,0.768,0.59,0.763,0.676,0.549,0.361,0.941,0.825,0.845,0.85,0.91,0.81,0.95,0.327,0.881,0.569,0.875,0.92,0.817,0.8,0.86,0.508,0.566,0.896,0.626,0.213,0.433,0.794,0.642,0.94,0.916,0.698,0.858,0.822,0.892,0.648,0.95,0.821,0.867,0.669,0.76,0.125,0.324,-0.069,-0.482,0.414,0.763,0.764,0.798,0.449,0.919,0.902,0.865,0.639,0.784,0.734,0.93,0.698,0.937,0.867,0.279,0.916,0.883,0.874,0.902,0.916,0.788,0.929,0.918,0.855,0.44,0.915,0.809,0.796,0.888,0.83,0.702,0.866,0.723,0.889,0.776,0.77,0.714,0.821,0.827,0.627,0.903,0.526,0.946,0.64,0.484,0.114,0.92,0.674,0.541,0.779,0.189,0.891,0.735,0.806,0.893,0.554,0.786,0.805,0.864,0.716,0.811,0.356,0.87,0.887,0.923,0.649,0.93,0.56,0.911,0.914,0.876,0.756,0.719,0.813,0.874,0.895,0.728,0.859,0.288,0.925,0.278,0.883,0.94,0.914,0.79,0.823,0.809,0.909,0.875,0.477,0.943,0.816,0.869,0.744,0.764,0.529,0.869,0.876,0.703,0.704,0.487,0.853,0.879,0.791,0.684,0.339,0.921,0.951,0.814,-0.048,0.646,-0.374,0.783,0.46,0.892,0.267
CLNE,0.477,0.852,0.945,0.896,0.455,0.896,0.868,-0.515,0.948,0.897,0.147,0.555,0.911,-0.016,0.522,0.946,0.92,0.834,0.352,0.881,0.848,0.421,0.879,0.904,0.452,0.893,0.858,0.832,0.771,0.948,0.946,0.938,0.907,0.942,0.0,0.871,0.771,0.82,0.721,0.543,0.817,0.71,0.693,0.551,0.932,0.889,0.785,0.87,0.887,0.825,0.945,0.285,0.888,0.596,0.848,0.885,0.84,0.824,0.806,0.582,0.637,0.874,0.581,0.248,0.433,0.811,0.569,0.893,0.868,0.717,0.774,0.854,0.905,0.734,0.915,0.78,0.88,0.597,0.763,0.161,0.312,-0.132,-0.489,0.349,0.771,0.815,0.831,0.431,0.861,0.871,0.832,0.57,0.839,0.802,0.847,0.715,0.941,0.852,0.284,0.844,0.885,0.853,0.873,0.848,0.818,0.926,0.927,0.925,0.503,0.872,0.789,0.829,0.9,0.86,0.683,0.896,0.739,0.872,0.757,0.8,0.729,0.862,0.875,0.646,0.882,0.556,0.902,0.744,0.612,0.058,0.906,0.518,0.511,0.849,0.18,0.919,0.715,0.848,0.929,0.605,0.687,0.792,0.891,0.772,0.859,0.428,0.901,0.922,0.853,0.71,0.907,0.548,0.886,0.926,0.862,0.676,0.756,0.866,0.852,0.894,0.807,0.856,0.303,0.917,0.261,0.847,0.947,0.916,0.721,0.873,0.807,0.949,0.873,0.506,0.902,0.75,0.878,0.702,0.831,0.534,0.925,0.859,0.735,0.661,0.543,0.921,0.86,0.874,0.73,0.385,0.889,0.928,0.844,-0.105,0.574,-0.31,0.751,0.403,0.881,0.258
CME,0.469,0.951,0.867,0.954,0.497,0.911,0.918,-0.706,0.933,0.889,0.098,0.611,0.972,-0.38,0.455,0.939,0.917,0.642,0.172,0.871,0.729,0.151,0.786,0.884,0.162,0.958,0.901,0.772,0.801,0.954,0.865,0.924,0.944,0.888,0.871,0.0,0.532,0.834,0.824,0.708,0.836,0.853,0.65,0.356,0.948,0.763,0.61,0.833,0.902,0.884,0.934,0.008,0.875,0.656,0.757,0.971,0.883,0.902,0.668,0.706,0.466,0.754,0.524,-0.058,0.211,0.922,0.496,0.924,0.901,0.847,0.663,0.951,0.925,0.83,0.897,0.913,0.901,0.429,0.725,-0.132,0.002,-0.261,-0.705,0.188,0.921,0.914,0.865,0.38,0.883,0.795,0.944,0.331,0.888,0.763,0.885,0.849,0.907,0.897,0.158,0.885,0.926,0.869,0.804,0.891,0.734,0.893,0.965,0.805,0.44,0.825,0.795,0.676,0.914,0.937,0.794,0.944,0.734,0.932,0.887,0.876,0.551,0.791,0.85,0.487,0.944,0.206,0.829,0.728,0.484,-0.214,0.872,0.511,0.253,0.834,-0.129,0.919,0.616,0.863,0.934,0.722,0.576,0.573,0.8,0.758,0.9,0.546,0.882,0.813,0.879,0.498,0.843,0.401,0.949,0.916,0.848,0.62,0.868,0.906,0.842,0.8,0.777,0.774,0.019,0.973,-0.021,0.775,0.883,0.963,0.696,0.922,0.757,0.881,0.949,0.198,0.892,0.653,0.919,0.638,0.761,0.565,0.886,0.901,0.518,0.469,0.289,0.832,0.737,0.767,0.827,0.331,0.93,0.951,0.771,-0.358,0.372,-0.514,0.693,0.15,0.857,0.002
CNOB,0.358,0.496,0.781,0.558,0.183,0.618,0.645,-0.092,0.683,0.672,0.219,0.287,0.606,0.293,0.269,0.709,0.648,0.748,0.544,0.777,0.835,0.708,0.765,0.66,0.821,0.528,0.571,0.56,0.481,0.679,0.777,0.732,0.613,0.765,0.771,0.532,0.0,0.467,0.344,0.136,0.504,0.246,0.47,0.468,0.661,0.719,0.774,0.546,0.595,0.524,0.728,0.717,0.642,0.259,0.726,0.591,0.516,0.404,0.853,0.232,0.802,0.866,0.477,0.708,0.755,0.444,0.465,0.628,0.556,0.362,0.749,0.482,0.619,0.357,0.665,0.393,0.587,0.748,0.581,0.476,0.615,0.293,-0.048,0.425,0.331,0.458,0.53,0.247,0.643,0.714,0.412,0.785,0.542,0.635,0.631,0.374,0.707,0.557,0.385,0.693,0.583,0.603,0.677,0.561,0.592,0.714,0.611,0.711,0.376,0.686,0.523,0.781,0.541,0.525,0.3,0.537,0.432,0.571,0.347,0.416,0.654,0.633,0.569,0.767,0.518,0.804,0.833,0.463,0.549,0.431,0.712,0.629,0.689,0.621,0.657,0.617,0.66,0.562,0.644,0.338,0.671,0.851,0.689,0.529,0.509,0.115,0.688,0.842,0.612,0.776,0.738,0.684,0.56,0.649,0.66,0.619,0.394,0.547,0.719,0.745,0.545,0.701,0.576,0.626,0.485,0.66,0.784,0.584,0.53,0.522,0.774,0.732,0.514,0.883,0.687,0.662,0.567,0.639,0.655,0.33,0.626,0.609,0.757,0.764,0.687,0.714,0.776,0.639,0.353,0.285,0.618,0.663,0.732,0.413,0.712,0.006,0.642,0.654,0.69,0.448
CNXN,0.192,0.901,0.777,0.898,0.825,0.912,0.697,-0.663,0.906,0.914,-0.311,0.875,0.88,-0.234,0.518,0.829,0.744,0.59,0.286,0.642,0.508,0.051,0.573,0.677,-0.011,0.883,0.936,0.813,0.843,0.851,0.784,0.751,0.886,0.733,0.82,0.834,0.467,0.0,0.659,0.469,0.953,0.857,0.906,0.711,0.836,0.871,0.456,0.84,0.744,0.923,0.821,-0.114,0.699,0.674,0.519,0.801,0.902,0.908,0.411,0.872,0.597,0.626,0.286,-0.048,0.214,0.905,0.169,0.684,0.72,0.917,0.579,0.936,0.882,0.86,0.78,0.827,0.906,0.142,0.804,0.074,0.134,-0.437,-0.714,-0.061,0.889,0.863,0.917,0.314,0.625,0.656,0.791,0.145,0.937,0.93,0.663,0.919,0.757,0.685,0.249,0.646,0.907,0.712,0.625,0.64,0.714,0.75,0.884,0.824,0.663,0.589,0.65,0.527,0.881,0.94,0.53,0.937,0.68,0.755,0.781,0.76,0.443,0.879,0.795,0.265,0.848,0.173,0.639,0.898,0.791,-0.242,0.763,0.132,0.113,0.907,-0.181,0.915,0.384,0.94,0.877,0.825,0.266,0.423,0.825,0.868,0.972,0.718,0.9,0.828,0.615,0.658,0.618,0.473,0.854,0.886,0.802,0.252,0.949,0.877,0.732,0.735,0.929,0.541,-0.161,0.886,-0.204,0.594,0.829,0.886,0.48,0.874,0.738,0.816,0.876,0.22,0.66,0.389,0.929,0.446,0.882,0.383,0.909,0.758,0.338,0.19,0.147,0.858,0.586,0.857,0.926,0.228,0.711,0.818,0.664,-0.513,0.103,-0.545,0.669,0.018,0.714,-0.12
CPRX,0.755,0.754,0.717,0.796,0.256,0.729,0.819,-0.551,0.726,0.657,0.368,0.386,0.812,-0.231,0.543,0.8,0.83,0.645,-0.244,0.69,0.673,0.112,0.761,0.862,0.162,0.852,0.68,0.8,0.724,0.778,0.679,0.789,0.73,0.768,0.721,0.824,0.344,0.659,0.0,0.812,0.628,0.674,0.407,0.181,0.808,0.667,0.651,0.764,0.852,0.632,0.809,-0.072,0.824,0.446,0.699,0.845,0.708,0.85,0.625,0.412,0.137,0.549,0.701,-0.223,-0.017,0.745,0.692,0.859,0.868,0.62,0.61,0.772,0.752,0.534,0.791,0.81,0.739,0.499,0.561,-0.152,0.026,-0.38,-0.527,0.434,0.796,0.699,0.699,0.325,0.773,0.786,0.894,0.397,0.649,0.54,0.783,0.585,0.834,0.856,0.223,0.72,0.727,0.855,0.74,0.91,0.746,0.812,0.807,0.682,0.417,0.794,0.864,0.529,0.812,0.732,0.8,0.787,0.613,0.883,0.749,0.842,0.654,0.624,0.74,0.294,0.813,0.153,0.668,0.626,0.173,-0.015,0.723,0.505,0.341,0.551,-0.171,0.784,0.659,0.625,0.796,0.537,0.656,0.512,0.713,0.491,0.722,0.468,0.666,0.559,0.839,0.332,0.759,0.18,0.806,0.811,0.586,0.679,0.616,0.76,0.736,0.683,0.558,0.767,0.086,0.793,0.201,0.763,0.653,0.811,0.802,0.783,0.503,0.729,0.82,0.029,0.836,0.739,0.799,0.512,0.574,0.677,0.706,0.783,0.516,0.506,0.344,0.736,0.774,0.716,0.62,0.381,0.839,0.834,0.656,-0.363,0.45,-0.33,0.585,0.148,0.812,0.267
CSGP,0.604,0.598,0.597,0.623,0.046,0.491,0.69,-0.478,0.557,0.497,0.469,0.118,0.677,-0.423,0.517,0.588,0.658,0.503,-0.359,0.553,0.548,-0.105,0.581,0.717,0.039,0.711,0.459,0.524,0.424,0.58,0.417,0.609,0.512,0.59,0.543,0.708,0.136,0.469,0.812,0.0,0.399,0.53,0.276,0.026,0.614,0.426,0.395,0.516,0.627,0.411,0.648,-0.07,0.797,0.336,0.539,0.728,0.42,0.732,0.497,0.24,-0.08,0.34,0.745,-0.21,-0.054,0.653,0.7,0.72,0.775,0.419,0.276,0.629,0.499,0.505,0.525,0.61,0.502,0.46,0.175,-0.336,-0.108,-0.365,-0.338,0.322,0.748,0.633,0.44,0.397,0.643,0.525,0.76,0.154,0.436,0.269,0.603,0.429,0.671,0.698,0.07,0.602,0.492,0.644,0.561,0.743,0.524,0.661,0.669,0.544,0.212,0.633,0.78,0.489,0.624,0.592,0.758,0.637,0.376,0.82,0.553,0.835,0.586,0.331,0.763,0.282,0.666,-0.073,0.431,0.309,-0.05,-0.281,0.432,0.485,0.279,0.399,-0.145,0.552,0.587,0.388,0.672,0.532,0.57,0.349,0.502,0.203,0.549,0.413,0.51,0.325,0.714,0.008,0.578,0.178,0.608,0.587,0.367,0.611,0.473,0.689,0.435,0.365,0.265,0.645,0.141,0.648,0.158,0.518,0.444,0.674,0.623,0.705,0.43,0.581,0.6,-0.098,0.682,0.569,0.566,0.405,0.414,0.838,0.492,0.554,0.407,0.402,0.164,0.495,0.534,0.485,0.388,0.367,0.704,0.677,0.52,-0.271,0.442,-0.212,0.242,-0.18,0.592,0.22
CSGS,0.213,0.903,0.778,0.896,0.823,0.937,0.715,-0.67,0.908,0.931,-0.322,0.878,0.884,-0.191,0.475,0.849,0.752,0.603,0.357,0.679,0.534,0.105,0.591,0.673,0.023,0.889,0.972,0.825,0.864,0.872,0.822,0.768,0.922,0.763,0.817,0.836,0.504,0.953,0.628,0.399,0.0,0.854,0.867,0.694,0.85,0.84,0.492,0.835,0.767,0.945,0.826,-0.102,0.674,0.681,0.567,0.811,0.916,0.88,0.44,0.874,0.629,0.684,0.255,-0.031,0.239,0.884,0.156,0.691,0.707,0.947,0.655,0.932,0.918,0.831,0.813,0.84,0.938,0.149,0.872,0.048,0.12,-0.375,-0.751,-0.034,0.865,0.846,0.946,0.356,0.645,0.694,0.792,0.206,0.936,0.925,0.698,0.938,0.759,0.686,0.272,0.649,0.935,0.717,0.65,0.65,0.748,0.738,0.889,0.82,0.679,0.61,0.63,0.553,0.893,0.949,0.531,0.934,0.695,0.731,0.81,0.709,0.395,0.921,0.746,0.284,0.834,0.225,0.692,0.872,0.8,-0.19,0.798,0.143,0.153,0.907,-0.165,0.926,0.402,0.965,0.865,0.787,0.279,0.437,0.811,0.911,0.957,0.683,0.901,0.836,0.644,0.665,0.636,0.51,0.885,0.875,0.842,0.245,0.951,0.847,0.784,0.784,0.946,0.55,-0.16,0.893,-0.222,0.613,0.864,0.901,0.497,0.853,0.74,0.803,0.891,0.233,0.684,0.398,0.94,0.423,0.85,0.307,0.902,0.809,0.33,0.199,0.143,0.83,0.602,0.817,0.951,0.243,0.711,0.825,0.662,-0.503,0.108,-0.59,0.727,0.123,0.732,-0.135
CSIQ,0.176,0.91,0.667,0.89,0.721,0.835,0.676,-0.762,0.829,0.797,-0.235,0.786,0.832,-0.408,0.37,0.781,0.741,0.392,0.199,0.614,0.389,-0.078,0.512,0.64,-0.191,0.843,0.86,0.701,0.788,0.834,0.729,0.716,0.882,0.676,0.71,0.853,0.246,0.857,0.674,0.53,0.854,0.0,0.661,0.407,0.8,0.669,0.365,0.843,0.763,0.898,0.719,-0.291,0.622,0.834,0.527,0.787,0.88,0.835,0.303,0.888,0.375,0.519,0.149,-0.302,0.016,0.875,0.176,0.714,0.702,0.907,0.48,0.898,0.851,0.878,0.772,0.88,0.811,0.012,0.743,-0.125,-0.142,-0.481,-0.876,-0.078,0.884,0.852,0.849,0.318,0.695,0.615,0.844,0.007,0.883,0.727,0.697,0.91,0.701,0.725,0.068,0.656,0.879,0.658,0.581,0.685,0.566,0.66,0.849,0.68,0.466,0.606,0.55,0.446,0.861,0.864,0.697,0.884,0.799,0.698,0.912,0.719,0.269,0.789,0.701,0.206,0.883,0.015,0.598,0.756,0.56,-0.468,0.746,0.106,-0.039,0.82,-0.428,0.82,0.263,0.873,0.772,0.692,0.22,0.329,0.69,0.84,0.886,0.643,0.773,0.671,0.626,0.358,0.617,0.236,0.871,0.796,0.82,0.288,0.904,0.782,0.644,0.663,0.837,0.488,-0.326,0.838,-0.344,0.631,0.736,0.828,0.431,0.815,0.568,0.708,0.884,-0.063,0.651,0.369,0.849,0.494,0.659,0.269,0.832,0.751,0.262,0.12,0.013,0.688,0.448,0.652,0.925,0.092,0.743,0.759,0.542,-0.633,-0.006,-0.634,0.66,-0.012,0.621,-0.357
CVCO,-0.02,0.723,0.679,0.726,0.85,0.784,0.543,-0.492,0.798,0.836,-0.477,0.838,0.72,-0.147,0.537,0.668,0.533,0.565,0.383,0.471,0.361,-0.006,0.398,0.486,-0.025,0.728,0.83,0.67,0.712,0.677,0.612,0.555,0.713,0.549,0.693,0.65,0.47,0.906,0.407,0.276,0.867,0.661,0.0,0.867,0.666,0.813,0.294,0.634,0.521,0.783,0.681,-0.064,0.574,0.483,0.35,0.618,0.734,0.767,0.292,0.803,0.665,0.518,0.191,0.125,0.281,0.783,-0.008,0.463,0.504,0.795,0.384,0.81,0.726,0.781,0.564,0.602,0.783,0.054,0.656,0.118,0.202,-0.364,-0.533,-0.178,0.735,0.76,0.801,0.234,0.389,0.481,0.544,0.048,0.832,0.9,0.443,0.818,0.607,0.475,0.306,0.45,0.747,0.529,0.426,0.381,0.616,0.605,0.735,0.771,0.68,0.373,0.506,0.479,0.705,0.838,0.307,0.803,0.484,0.591,0.55,0.64,0.382,0.763,0.716,0.241,0.625,0.179,0.471,0.827,0.871,-0.23,0.578,-0.039,0.038,0.853,-0.047,0.774,0.292,0.831,0.76,0.833,0.082,0.303,0.701,0.763,0.852,0.721,0.825,0.755,0.396,0.67,0.414,0.524,0.664,0.727,0.639,0.046,0.851,0.791,0.575,0.582,0.836,0.401,-0.107,0.734,-0.242,0.343,0.698,0.736,0.277,0.78,0.711,0.705,0.685,0.332,0.45,0.188,0.786,0.256,0.846,0.325,0.793,0.58,0.267,0.06,0.155,0.769,0.452,0.801,0.81,0.246,0.493,0.65,0.57,-0.43,0.011,-0.401,0.485,-0.06,0.568,-0.102
CVLT,-0.068,0.445,0.532,0.501,0.75,0.589,0.332,-0.222,0.598,0.634,-0.483,0.713,0.47,0.233,0.563,0.461,0.352,0.586,0.453,0.249,0.248,0.076,0.3,0.29,0.107,0.495,0.63,0.606,0.616,0.464,0.447,0.325,0.487,0.361,0.551,0.356,0.468,0.711,0.181,0.026,0.694,0.407,0.867,0.0,0.436,0.726,0.263,0.5,0.345,0.536,0.475,0.073,0.389,0.341,0.269,0.345,0.524,0.544,0.229,0.583,0.667,0.445,0.134,0.326,0.331,0.497,-0.049,0.238,0.253,0.538,0.309,0.559,0.529,0.531,0.375,0.327,0.588,0.062,0.536,0.297,0.325,-0.299,-0.266,-0.044,0.443,0.535,0.643,0.166,0.198,0.397,0.289,0.159,0.631,0.753,0.177,0.542,0.442,0.268,0.455,0.179,0.519,0.367,0.272,0.165,0.584,0.419,0.502,0.684,0.716,0.251,0.354,0.444,0.52,0.601,0.135,0.578,0.38,0.357,0.304,0.415,0.376,0.667,0.523,0.205,0.348,0.358,0.332,0.72,0.865,0.003,0.407,-0.211,0.18,0.693,0.157,0.585,0.264,0.637,0.561,0.622,-0.002,0.291,0.613,0.625,0.622,0.608,0.637,0.622,0.2,0.669,0.262,0.493,0.424,0.53,0.442,-0.094,0.583,0.591,0.402,0.479,0.719,0.306,0.079,0.472,-0.046,0.214,0.52,0.496,0.179,0.564,0.548,0.54,0.437,0.455,0.265,0.135,0.587,0.1,0.684,0.199,0.605,0.421,0.306,0.058,0.271,0.655,0.377,0.707,0.603,0.327,0.249,0.42,0.479,-0.229,0.016,-0.076,0.425,0.102,0.422,0.064
CYRX,0.544,0.926,0.914,0.957,0.481,0.95,0.925,-0.637,0.954,0.893,0.112,0.614,0.968,-0.186,0.522,0.982,0.94,0.73,0.256,0.898,0.815,0.333,0.868,0.929,0.307,0.953,0.91,0.854,0.853,0.974,0.929,0.965,0.949,0.941,0.932,0.948,0.661,0.836,0.808,0.614,0.85,0.8,0.666,0.436,0.0,0.873,0.764,0.894,0.937,0.89,0.956,0.108,0.884,0.642,0.823,0.952,0.908,0.89,0.755,0.656,0.538,0.83,0.558,0.054,0.303,0.894,0.545,0.935,0.921,0.815,0.785,0.925,0.952,0.788,0.955,0.91,0.926,0.519,0.81,0.007,0.177,-0.242,-0.641,0.32,0.855,0.873,0.896,0.416,0.886,0.879,0.912,0.466,0.892,0.81,0.92,0.803,0.952,0.891,0.288,0.894,0.937,0.902,0.874,0.911,0.811,0.935,0.971,0.873,0.533,0.878,0.839,0.739,0.94,0.925,0.743,0.945,0.793,0.922,0.865,0.86,0.682,0.853,0.856,0.535,0.947,0.363,0.888,0.789,0.53,-0.038,0.939,0.542,0.352,0.86,-0.006,0.949,0.702,0.877,0.931,0.664,0.672,0.697,0.868,0.789,0.902,0.501,0.924,0.879,0.897,0.636,0.897,0.459,0.965,0.971,0.886,0.659,0.828,0.882,0.906,0.905,0.811,0.839,0.121,0.974,0.108,0.845,0.93,0.959,0.762,0.916,0.788,0.929,0.955,0.342,0.912,0.75,0.94,0.69,0.783,0.506,0.926,0.898,0.623,0.558,0.447,0.916,0.84,0.862,0.814,0.347,0.935,0.97,0.811,-0.266,0.47,-0.474,0.803,0.314,0.918,0.15
DDOG,0.419,0.795,0.873,0.847,0.602,0.884,0.781,-0.447,0.904,0.865,-0.06,0.696,0.852,0.066,0.595,0.889,0.802,0.788,0.32,0.733,0.721,0.376,0.767,0.8,0.351,0.846,0.863,0.884,0.838,0.86,0.84,0.818,0.829,0.825,0.889,0.763,0.719,0.871,0.667,0.426,0.84,0.669,0.813,0.726,0.873,0.0,0.73,0.855,0.795,0.823,0.88,0.192,0.79,0.508,0.699,0.787,0.84,0.842,0.668,0.631,0.662,0.762,0.506,0.219,0.387,0.795,0.413,0.748,0.767,0.744,0.734,0.834,0.864,0.697,0.839,0.748,0.872,0.462,0.796,0.257,0.409,-0.286,-0.467,0.272,0.74,0.757,0.864,0.338,0.691,0.804,0.719,0.477,0.857,0.893,0.728,0.732,0.862,0.724,0.441,0.701,0.853,0.802,0.75,0.717,0.822,0.858,0.873,0.923,0.707,0.728,0.769,0.698,0.856,0.854,0.52,0.885,0.702,0.789,0.662,0.761,0.737,0.869,0.828,0.443,0.801,0.476,0.774,0.869,0.712,0.097,0.835,0.346,0.388,0.867,0.139,0.912,0.615,0.846,0.865,0.679,0.53,0.671,0.912,0.769,0.881,0.557,0.922,0.896,0.705,0.806,0.745,0.559,0.834,0.928,0.785,0.469,0.764,0.825,0.813,0.85,0.85,0.731,0.181,0.86,0.156,0.714,0.857,0.854,0.64,0.852,0.791,0.881,0.826,0.512,0.757,0.643,0.902,0.552,0.859,0.44,0.893,0.749,0.604,0.485,0.496,0.951,0.802,0.959,0.769,0.293,0.749,0.848,0.762,-0.212,0.414,-0.306,0.76,0.313,0.841,0.252
DOOO,0.734,0.551,0.78,0.629,0.05,0.646,0.753,-0.205,0.665,0.588,0.462,0.189,0.668,0.302,0.412,0.791,0.798,0.774,0.218,0.806,0.895,0.708,0.914,0.852,0.718,0.655,0.573,0.741,0.597,0.741,0.796,0.821,0.655,0.845,0.785,0.61,0.774,0.456,0.651,0.395,0.492,0.365,0.294,0.263,0.764,0.73,0.0,0.716,0.793,0.517,0.767,0.473,0.735,0.343,0.876,0.688,0.598,0.557,0.888,0.152,0.466,0.809,0.688,0.332,0.417,0.478,0.754,0.799,0.747,0.374,0.836,0.536,0.699,0.291,0.829,0.584,0.652,0.791,0.622,0.271,0.49,0.04,-0.183,0.682,0.44,0.463,0.566,0.414,0.788,0.873,0.63,0.853,0.518,0.522,0.783,0.349,0.823,0.707,0.383,0.751,0.642,0.769,0.86,0.819,0.754,0.812,0.682,0.729,0.404,0.877,0.735,0.762,0.695,0.542,0.591,0.611,0.653,0.704,0.524,0.571,0.819,0.64,0.616,0.571,0.658,0.708,0.865,0.487,0.274,0.465,0.805,0.708,0.703,0.533,0.385,0.697,0.778,0.539,0.667,0.245,0.876,0.844,0.753,0.484,0.533,0.074,0.655,0.719,0.821,0.624,0.861,0.412,0.695,0.742,0.665,0.805,0.364,0.564,0.768,0.851,0.511,0.838,0.5,0.669,0.593,0.865,0.736,0.657,0.812,0.578,0.603,0.745,0.647,0.573,0.836,0.902,0.661,0.691,0.543,0.422,0.649,0.7,0.804,0.828,0.705,0.742,0.911,0.701,0.402,0.34,0.747,0.755,0.696,0.195,0.773,-0.093,0.74,0.701,0.818,0.565
DSGX,0.486,0.869,0.819,0.916,0.563,0.883,0.807,-0.579,0.895,0.819,0.027,0.662,0.874,-0.018,0.454,0.905,0.894,0.67,0.243,0.755,0.674,0.311,0.803,0.839,0.22,0.897,0.875,0.914,0.866,0.92,0.882,0.857,0.908,0.85,0.87,0.833,0.546,0.84,0.764,0.516,0.835,0.843,0.634,0.5,0.894,0.855,0.716,0.0,0.915,0.858,0.847,0.037,0.753,0.747,0.786,0.822,0.91,0.851,0.625,0.688,0.499,0.76,0.428,-0.033,0.216,0.796,0.477,0.85,0.833,0.795,0.717,0.857,0.924,0.722,0.923,0.889,0.877,0.373,0.823,0.092,0.163,-0.359,-0.687,0.28,0.808,0.777,0.877,0.431,0.822,0.84,0.867,0.423,0.866,0.769,0.821,0.782,0.861,0.829,0.247,0.767,0.906,0.848,0.79,0.84,0.792,0.845,0.893,0.834,0.6,0.842,0.722,0.646,0.935,0.837,0.741,0.893,0.862,0.786,0.883,0.753,0.613,0.895,0.78,0.398,0.906,0.428,0.804,0.795,0.559,-0.035,0.909,0.339,0.368,0.825,-0.112,0.911,0.566,0.884,0.83,0.557,0.546,0.67,0.871,0.854,0.863,0.476,0.836,0.827,0.802,0.599,0.84,0.319,0.925,0.923,0.882,0.536,0.791,0.788,0.806,0.896,0.867,0.73,0.067,0.87,0.101,0.847,0.863,0.865,0.699,0.821,0.647,0.846,0.912,0.262,0.837,0.705,0.9,0.668,0.735,0.359,0.89,0.843,0.582,0.471,0.366,0.869,0.764,0.843,0.835,0.23,0.85,0.879,0.738,-0.349,0.332,-0.376,0.834,0.371,0.843,0.071
DTIL,0.677,0.867,0.838,0.92,0.379,0.884,0.929,-0.578,0.88,0.779,0.259,0.511,0.904,-0.047,0.494,0.946,0.956,0.755,0.13,0.853,0.79,0.331,0.905,0.942,0.325,0.928,0.845,0.894,0.861,0.941,0.892,0.923,0.898,0.91,0.887,0.902,0.595,0.744,0.852,0.627,0.767,0.763,0.521,0.345,0.937,0.795,0.793,0.915,0.0,0.798,0.908,0.078,0.844,0.639,0.892,0.89,0.883,0.857,0.776,0.554,0.412,0.821,0.597,-0.014,0.17,0.795,0.659,0.948,0.909,0.72,0.75,0.849,0.934,0.667,0.952,0.893,0.897,0.563,0.762,-0.053,0.1,-0.256,-0.635,0.47,0.781,0.796,0.86,0.42,0.9,0.92,0.937,0.561,0.816,0.687,0.906,0.695,0.939,0.915,0.298,0.836,0.893,0.95,0.877,0.951,0.858,0.923,0.911,0.819,0.506,0.934,0.844,0.703,0.936,0.831,0.856,0.88,0.822,0.875,0.879,0.816,0.696,0.834,0.783,0.497,0.898,0.438,0.888,0.732,0.392,0.066,0.938,0.527,0.43,0.736,-0.059,0.915,0.736,0.809,0.859,0.486,0.713,0.705,0.84,0.747,0.803,0.412,0.805,0.804,0.927,0.548,0.927,0.274,0.932,0.924,0.83,0.709,0.711,0.805,0.88,0.921,0.764,0.883,0.194,0.894,0.234,0.905,0.856,0.899,0.857,0.856,0.634,0.866,0.938,0.255,0.934,0.836,0.891,0.668,0.675,0.498,0.863,0.921,0.663,0.627,0.494,0.869,0.871,0.818,0.756,0.384,0.942,0.938,0.78,-0.261,0.486,-0.327,0.822,0.434,0.944,0.222
ECPG,0.208,0.952,0.781,0.918,0.757,0.937,0.751,-0.719,0.926,0.923,-0.266,0.844,0.908,-0.296,0.338,0.891,0.793,0.507,0.376,0.767,0.572,0.181,0.623,0.715,0.037,0.881,0.957,0.762,0.817,0.912,0.875,0.836,0.961,0.81,0.825,0.884,0.524,0.923,0.632,0.411,0.945,0.898,0.783,0.536,0.89,0.823,0.517,0.858,0.798,0.0,0.847,-0.06,0.675,0.73,0.593,0.853,0.952,0.847,0.476,0.891,0.619,0.715,0.204,-0.064,0.26,0.899,0.168,0.754,0.759,0.96,0.69,0.925,0.932,0.868,0.868,0.898,0.923,0.166,0.879,0.027,0.099,-0.3,-0.797,-0.059,0.864,0.848,0.922,0.314,0.731,0.693,0.823,0.203,0.95,0.895,0.799,0.949,0.776,0.738,0.148,0.755,0.969,0.734,0.693,0.709,0.651,0.765,0.912,0.782,0.541,0.658,0.59,0.534,0.888,0.935,0.56,0.935,0.767,0.74,0.864,0.695,0.373,0.901,0.736,0.337,0.909,0.211,0.757,0.828,0.732,-0.237,0.866,0.263,0.099,0.914,-0.197,0.918,0.353,0.962,0.845,0.722,0.331,0.474,0.805,0.919,0.952,0.591,0.907,0.871,0.689,0.647,0.699,0.484,0.931,0.905,0.922,0.339,0.95,0.806,0.796,0.806,0.922,0.557,-0.204,0.925,-0.257,0.673,0.898,0.905,0.487,0.842,0.763,0.8,0.928,0.231,0.725,0.444,0.931,0.537,0.819,0.233,0.914,0.805,0.326,0.242,0.134,0.814,0.595,0.774,0.943,0.092,0.786,0.846,0.634,-0.459,0.128,-0.666,0.753,0.154,0.737,-0.215
EEFT,0.561,0.885,0.949,0.912,0.434,0.902,0.944,-0.549,0.951,0.916,0.185,0.549,0.967,-0.134,0.491,0.976,0.947,0.807,0.236,0.918,0.87,0.379,0.894,0.938,0.404,0.939,0.895,0.849,0.791,0.961,0.917,0.96,0.92,0.95,0.945,0.934,0.728,0.821,0.809,0.648,0.826,0.719,0.681,0.475,0.956,0.88,0.767,0.847,0.908,0.847,0.0,0.245,0.93,0.527,0.842,0.957,0.851,0.884,0.818,0.58,0.583,0.868,0.666,0.175,0.393,0.851,0.595,0.923,0.919,0.766,0.774,0.902,0.924,0.725,0.928,0.837,0.91,0.613,0.74,0.071,0.268,-0.149,-0.512,0.322,0.85,0.835,0.842,0.406,0.886,0.865,0.88,0.552,0.86,0.817,0.89,0.759,0.963,0.894,0.254,0.892,0.91,0.914,0.881,0.898,0.841,0.967,0.961,0.903,0.54,0.882,0.853,0.792,0.906,0.907,0.712,0.93,0.695,0.946,0.765,0.859,0.736,0.825,0.891,0.583,0.893,0.446,0.908,0.736,0.546,0.05,0.907,0.609,0.484,0.843,0.129,0.943,0.733,0.853,0.959,0.68,0.706,0.735,0.892,0.732,0.886,0.454,0.931,0.898,0.906,0.686,0.898,0.545,0.923,0.959,0.845,0.701,0.788,0.899,0.888,0.873,0.783,0.865,0.252,0.963,0.207,0.833,0.933,0.96,0.764,0.909,0.84,0.941,0.906,0.453,0.944,0.769,0.93,0.67,0.845,0.616,0.891,0.886,0.663,0.648,0.48,0.917,0.885,0.861,0.748,0.357,0.92,0.971,0.855,-0.157,0.565,-0.357,0.727,0.31,0.929,0.266
EFSC,0.179,-0.071,0.372,-0.002,-0.328,0.01,0.179,0.393,0.134,0.172,0.441,-0.279,0.08,0.447,-0.071,0.174,0.195,0.392,0.419,0.398,0.577,0.721,0.423,0.233,0.892,-0.027,-0.025,0.055,-0.112,0.155,0.287,0.266,0.058,0.327,0.285,0.008,0.717,-0.114,-0.072,-0.07,-0.102,-0.291,-0.064,0.073,0.108,0.192,0.473,0.037,0.078,-0.06,0.245,0.0,0.264,-0.095,0.414,0.108,-0.11,-0.157,0.618,-0.327,0.514,0.507,0.37,0.893,0.831,-0.119,0.402,0.2,0.122,-0.23,0.383,-0.097,0.028,-0.173,0.15,-0.162,-0.029,0.714,-0.009,0.601,0.69,0.598,0.536,0.403,-0.167,-0.071,-0.099,0.111,0.298,0.285,-0.106,0.699,-0.04,0.077,0.183,-0.197,0.229,0.114,0.157,0.328,-0.0,0.106,0.291,0.149,0.106,0.257,0.07,0.248,0.011,0.344,0.083,0.556,-0.014,-0.059,-0.055,-0.037,-0.039,0.141,-0.191,-0.044,0.421,0.067,0.166,0.685,0.004,0.751,0.427,-0.181,0.138,0.532,0.19,0.61,0.767,0.121,0.934,0.024,0.406,-0.018,0.15,-0.074,0.531,0.661,0.247,-0.019,-0.066,-0.327,0.165,0.357,0.224,0.383,0.354,0.572,0.008,0.092,0.182,0.486,-0.182,0.059,0.168,0.225,-0.026,0.323,0.771,0.082,0.67,0.31,0.303,0.036,0.175,-0.028,0.45,0.266,-0.094,0.873,0.296,0.42,-0.016,0.451,0.211,0.211,0.057,0.119,0.604,0.713,0.541,0.156,0.384,0.087,-0.264,0.115,0.153,0.156,0.379,0.878,0.756,0.443,0.176,0.584,0.181,0.529
ENTG,0.629,0.777,0.929,0.841,0.247,0.788,0.92,-0.466,0.87,0.806,0.371,0.357,0.898,-0.178,0.627,0.887,0.892,0.842,0.088,0.85,0.861,0.289,0.876,0.934,0.421,0.889,0.745,0.77,0.684,0.865,0.788,0.887,0.787,0.881,0.888,0.875,0.642,0.699,0.824,0.797,0.674,0.622,0.574,0.389,0.884,0.79,0.735,0.753,0.844,0.675,0.93,0.264,0.0,0.446,0.831,0.917,0.682,0.839,0.83,0.409,0.423,0.752,0.807,0.192,0.339,0.804,0.747,0.91,0.897,0.605,0.63,0.823,0.789,0.68,0.81,0.735,0.779,0.708,0.521,-0.001,0.211,-0.164,-0.355,0.454,0.804,0.814,0.713,0.412,0.852,0.826,0.832,0.516,0.725,0.649,0.805,0.606,0.953,0.881,0.296,0.847,0.757,0.862,0.827,0.888,0.789,0.93,0.905,0.883,0.446,0.869,0.912,0.835,0.826,0.816,0.762,0.857,0.589,0.972,0.678,0.921,0.83,0.665,0.942,0.639,0.83,0.381,0.805,0.611,0.362,-0.018,0.773,0.642,0.535,0.734,0.19,0.831,0.827,0.677,0.92,0.667,0.765,0.724,0.798,0.527,0.777,0.45,0.84,0.756,0.89,0.486,0.863,0.497,0.824,0.862,0.684,0.778,0.654,0.894,0.776,0.747,0.595,0.901,0.389,0.884,0.329,0.767,0.811,0.891,0.775,0.904,0.774,0.905,0.807,0.4,0.914,0.79,0.813,0.634,0.732,0.803,0.806,0.805,0.751,0.689,0.54,0.847,0.861,0.805,0.588,0.482,0.887,0.914,0.848,-0.078,0.667,-0.203,0.585,0.205,0.881,0.386
ESPR,0.045,0.748,0.545,0.77,0.625,0.694,0.498,-0.571,0.674,0.653,-0.225,0.666,0.653,-0.192,0.286,0.608,0.58,0.285,0.389,0.515,0.324,0.004,0.441,0.475,-0.051,0.658,0.689,0.578,0.669,0.701,0.644,0.578,0.741,0.569,0.596,0.656,0.259,0.674,0.446,0.336,0.681,0.834,0.483,0.341,0.642,0.508,0.343,0.747,0.639,0.73,0.527,-0.095,0.446,0.0,0.511,0.592,0.701,0.6,0.27,0.763,0.439,0.513,-0.003,-0.069,0.189,0.71,0.135,0.573,0.517,0.696,0.434,0.7,0.701,0.751,0.631,0.692,0.629,0.032,0.636,0.03,-0.053,-0.4,-0.702,0.005,0.654,0.732,0.709,0.28,0.629,0.58,0.663,0.063,0.736,0.559,0.557,0.724,0.543,0.538,0.176,0.544,0.72,0.457,0.449,0.53,0.394,0.473,0.668,0.54,0.419,0.568,0.342,0.48,0.736,0.671,0.618,0.687,0.788,0.493,0.804,0.492,0.172,0.698,0.532,0.331,0.737,0.138,0.532,0.543,0.531,-0.429,0.63,0.064,0.068,0.726,-0.226,0.618,0.19,0.726,0.589,0.509,0.184,0.358,0.599,0.78,0.685,0.528,0.601,0.589,0.468,0.236,0.548,0.287,0.706,0.605,0.771,0.211,0.72,0.628,0.479,0.589,0.736,0.38,-0.229,0.656,-0.254,0.604,0.644,0.618,0.322,0.615,0.512,0.574,0.696,0.046,0.503,0.318,0.648,0.516,0.487,0.122,0.69,0.684,0.317,0.142,0.015,0.508,0.313,0.454,0.772,0.114,0.606,0.596,0.43,-0.352,0.027,-0.437,0.704,0.158,0.444,-0.414
ETSY,0.685,0.654,0.848,0.757,0.106,0.711,0.881,-0.304,0.769,0.676,0.459,0.231,0.775,0.165,0.424,0.854,0.896,0.812,0.256,0.857,0.887,0.544,0.957,0.909,0.619,0.771,0.678,0.773,0.682,0.848,0.84,0.867,0.755,0.875,0.848,0.757,0.726,0.519,0.699,0.539,0.567,0.527,0.35,0.269,0.823,0.699,0.876,0.786,0.892,0.593,0.842,0.414,0.831,0.511,0.0,0.782,0.67,0.647,0.909,0.276,0.47,0.874,0.703,0.294,0.392,0.586,0.788,0.893,0.814,0.456,0.715,0.663,0.793,0.469,0.863,0.663,0.714,0.775,0.584,0.122,0.3,-0.003,-0.315,0.618,0.574,0.643,0.65,0.454,0.902,0.906,0.753,0.762,0.629,0.53,0.828,0.458,0.893,0.842,0.311,0.821,0.721,0.847,0.875,0.887,0.795,0.882,0.782,0.782,0.43,0.964,0.762,0.87,0.78,0.645,0.785,0.707,0.724,0.8,0.685,0.699,0.789,0.678,0.733,0.718,0.733,0.683,0.914,0.498,0.287,0.274,0.859,0.679,0.695,0.636,0.28,0.757,0.841,0.634,0.765,0.325,0.852,0.869,0.771,0.586,0.603,0.166,0.708,0.759,0.896,0.516,0.952,0.347,0.782,0.782,0.744,0.846,0.473,0.694,0.784,0.87,0.589,0.921,0.527,0.754,0.525,0.92,0.801,0.758,0.854,0.711,0.625,0.824,0.736,0.492,0.931,0.919,0.714,0.754,0.576,0.543,0.717,0.838,0.864,0.844,0.694,0.768,0.897,0.704,0.502,0.45,0.856,0.853,0.824,0.107,0.734,-0.05,0.75,0.636,0.879,0.434
EXC,0.535,0.92,0.902,0.926,0.427,0.893,0.935,-0.638,0.929,0.894,0.179,0.549,0.976,-0.342,0.456,0.949,0.923,0.681,0.169,0.91,0.8,0.245,0.831,0.91,0.259,0.946,0.874,0.781,0.761,0.945,0.877,0.946,0.924,0.92,0.885,0.971,0.591,0.801,0.845,0.728,0.811,0.787,0.618,0.345,0.952,0.787,0.688,0.822,0.89,0.853,0.957,0.108,0.917,0.592,0.782,0.0,0.841,0.888,0.737,0.626,0.483,0.783,0.615,0.022,0.295,0.898,0.568,0.933,0.919,0.808,0.72,0.923,0.903,0.772,0.902,0.886,0.882,0.521,0.708,-0.072,0.094,-0.21,-0.608,0.251,0.902,0.878,0.829,0.378,0.901,0.813,0.921,0.415,0.854,0.753,0.896,0.803,0.929,0.899,0.186,0.908,0.905,0.879,0.843,0.914,0.751,0.912,0.965,0.826,0.438,0.856,0.826,0.727,0.896,0.917,0.762,0.933,0.7,0.957,0.828,0.877,0.63,0.768,0.876,0.536,0.931,0.263,0.856,0.695,0.46,-0.125,0.871,0.607,0.364,0.825,-0.015,0.908,0.666,0.828,0.938,0.729,0.658,0.619,0.827,0.697,0.883,0.495,0.9,0.816,0.902,0.519,0.86,0.484,0.938,0.924,0.832,0.684,0.824,0.903,0.853,0.808,0.734,0.806,0.105,0.973,0.071,0.788,0.89,0.963,0.732,0.91,0.801,0.891,0.923,0.29,0.921,0.705,0.914,0.64,0.776,0.616,0.862,0.894,0.559,0.543,0.337,0.837,0.799,0.775,0.773,0.337,0.933,0.959,0.795,-0.26,0.475,-0.475,0.687,0.182,0.876,0.117
FAMI,0.364,0.935,0.758,0.924,0.701,0.94,0.807,-0.682,0.91,0.857,-0.172,0.802,0.898,-0.177,0.38,0.913,0.853,0.568,0.295,0.758,0.587,0.202,0.706,0.781,0.073,0.902,0.947,0.845,0.895,0.92,0.88,0.846,0.95,0.817,0.84,0.883,0.516,0.902,0.708,0.42,0.916,0.88,0.734,0.524,0.908,0.84,0.598,0.91,0.883,0.952,0.851,-0.11,0.682,0.701,0.67,0.841,0.0,0.864,0.529,0.826,0.555,0.744,0.277,-0.127,0.144,0.854,0.273,0.8,0.783,0.916,0.698,0.914,0.971,0.797,0.916,0.931,0.954,0.221,0.899,-0.018,0.042,-0.336,-0.821,0.088,0.83,0.824,0.946,0.322,0.762,0.757,0.867,0.308,0.946,0.862,0.815,0.891,0.818,0.792,0.196,0.748,0.974,0.84,0.749,0.777,0.759,0.812,0.901,0.779,0.575,0.733,0.665,0.523,0.921,0.91,0.658,0.923,0.826,0.752,0.9,0.724,0.455,0.914,0.708,0.303,0.898,0.278,0.794,0.889,0.652,-0.107,0.918,0.272,0.128,0.86,-0.248,0.954,0.45,0.945,0.83,0.616,0.402,0.496,0.836,0.913,0.918,0.534,0.871,0.857,0.757,0.67,0.762,0.307,0.939,0.931,0.891,0.406,0.891,0.789,0.858,0.885,0.929,0.648,-0.143,0.905,-0.122,0.747,0.873,0.899,0.617,0.84,0.656,0.814,0.962,0.192,0.772,0.564,0.944,0.539,0.768,0.235,0.909,0.855,0.384,0.315,0.253,0.868,0.69,0.835,0.935,0.168,0.82,0.868,0.662,-0.487,0.146,-0.56,0.8,0.267,0.831,-0.088
FFIV,0.488,0.902,0.812,0.922,0.62,0.898,0.839,-0.688,0.895,0.856,-0.014,0.69,0.929,-0.259,0.646,0.876,0.837,0.693,0.017,0.698,0.613,0.031,0.698,0.822,0.015,0.967,0.899,0.877,0.858,0.878,0.756,0.809,0.867,0.8,0.824,0.902,0.404,0.908,0.85,0.732,0.88,0.835,0.767,0.544,0.89,0.842,0.557,0.851,0.857,0.847,0.884,-0.157,0.839,0.6,0.647,0.888,0.864,0.0,0.532,0.715,0.362,0.621,0.558,-0.16,0.058,0.923,0.453,0.818,0.872,0.843,0.585,0.952,0.885,0.802,0.828,0.888,0.916,0.315,0.708,-0.137,0.045,-0.5,-0.69,0.186,0.948,0.886,0.9,0.404,0.724,0.761,0.919,0.239,0.869,0.797,0.772,0.838,0.865,0.81,0.298,0.703,0.887,0.849,0.718,0.809,0.83,0.853,0.935,0.851,0.632,0.723,0.854,0.587,0.937,0.941,0.739,0.962,0.694,0.897,0.826,0.918,0.615,0.817,0.882,0.264,0.883,0.134,0.673,0.817,0.534,-0.202,0.777,0.282,0.204,0.808,-0.226,0.927,0.576,0.858,0.915,0.78,0.462,0.461,0.828,0.726,0.93,0.706,0.874,0.735,0.783,0.505,0.71,0.365,0.903,0.917,0.735,0.442,0.873,0.92,0.756,0.741,0.802,0.72,-0.041,0.92,-0.053,0.668,0.783,0.946,0.689,0.951,0.68,0.841,0.921,0.102,0.786,0.577,0.946,0.454,0.791,0.616,0.874,0.819,0.435,0.323,0.236,0.864,0.706,0.865,0.863,0.379,0.822,0.9,0.704,-0.527,0.262,-0.475,0.649,0.022,0.83,0.074
FITB,0.715,0.548,0.827,0.64,-0.049,0.627,0.833,-0.187,0.694,0.617,0.574,0.092,0.703,0.182,0.383,0.787,0.818,0.829,0.241,0.872,0.963,0.662,0.946,0.873,0.801,0.664,0.554,0.658,0.522,0.75,0.786,0.84,0.642,0.86,0.806,0.668,0.853,0.411,0.625,0.497,0.44,0.303,0.292,0.229,0.755,0.668,0.888,0.625,0.776,0.476,0.818,0.618,0.83,0.27,0.909,0.737,0.529,0.532,0.0,0.1,0.508,0.883,0.785,0.498,0.548,0.497,0.822,0.834,0.764,0.323,0.752,0.541,0.667,0.346,0.764,0.529,0.616,0.932,0.478,0.214,0.428,0.184,-0.09,0.673,0.452,0.531,0.523,0.355,0.832,0.834,0.631,0.854,0.51,0.476,0.773,0.319,0.847,0.771,0.332,0.813,0.601,0.799,0.841,0.82,0.721,0.848,0.698,0.722,0.298,0.901,0.755,0.844,0.64,0.552,0.609,0.596,0.513,0.775,0.488,0.629,0.834,0.57,0.689,0.798,0.63,0.72,0.894,0.395,0.24,0.42,0.771,0.836,0.779,0.538,0.524,0.663,0.888,0.501,0.715,0.292,0.927,0.897,0.715,0.418,0.498,0.063,0.659,0.745,0.855,0.581,0.9,0.486,0.661,0.717,0.634,0.892,0.351,0.622,0.767,0.793,0.435,0.908,0.678,0.695,0.656,0.816,0.762,0.68,0.815,0.621,0.686,0.783,0.615,0.674,0.883,0.92,0.612,0.717,0.563,0.592,0.625,0.734,0.872,0.925,0.753,0.728,0.925,0.656,0.315,0.456,0.798,0.797,0.81,0.349,0.876,0.054,0.635,0.633,0.845,0.607
FIZZ,-0.135,0.835,0.532,0.778,0.92,0.789,0.482,-0.711,0.756,0.78,-0.584,0.944,0.71,-0.395,0.266,0.64,0.523,0.243,0.379,0.455,0.19,-0.148,0.28,0.396,-0.302,0.706,0.842,0.575,0.718,0.697,0.622,0.542,0.795,0.508,0.582,0.706,0.232,0.872,0.412,0.24,0.874,0.888,0.803,0.583,0.656,0.631,0.152,0.688,0.554,0.891,0.58,-0.327,0.409,0.763,0.276,0.626,0.826,0.715,0.1,0.0,0.526,0.433,-0.127,-0.209,0.098,0.818,-0.179,0.471,0.476,0.929,0.381,0.821,0.758,0.868,0.601,0.748,0.76,-0.216,0.757,-0.049,-0.117,-0.452,-0.849,-0.358,0.77,0.778,0.829,0.177,0.458,0.421,0.636,-0.161,0.875,0.806,0.494,0.936,0.505,0.492,0.097,0.472,0.816,0.464,0.371,0.406,0.416,0.47,0.72,0.58,0.498,0.349,0.321,0.283,0.723,0.823,0.4,0.792,0.651,0.492,0.762,0.522,0.049,0.773,0.548,0.109,0.729,-0.061,0.446,0.778,0.77,-0.502,0.616,-0.122,-0.217,0.834,-0.408,0.732,0.033,0.874,0.657,0.738,-0.075,0.138,0.601,0.874,0.853,0.703,0.734,0.666,0.369,0.446,0.385,0.334,0.736,0.681,0.752,-0.038,0.931,0.686,0.54,0.551,0.872,0.241,-0.485,0.731,-0.566,0.381,0.669,0.707,0.174,0.7,0.577,0.573,0.767,0.002,0.41,0.075,0.77,0.29,0.67,0.041,0.767,0.617,0.038,-0.136,-0.15,0.603,0.25,0.587,0.941,-0.003,0.535,0.597,0.398,-0.649,-0.256,-0.675,0.578,-0.111,0.453,-0.544
FMBH,-0.068,0.519,0.659,0.536,0.554,0.605,0.447,-0.175,0.657,0.723,-0.27,0.585,0.546,0.144,0.148,0.579,0.463,0.486,0.766,0.607,0.523,0.443,0.482,0.398,0.505,0.454,0.638,0.469,0.489,0.599,0.679,0.547,0.615,0.566,0.637,0.466,0.802,0.597,0.137,-0.08,0.629,0.375,0.665,0.667,0.538,0.662,0.466,0.499,0.412,0.619,0.583,0.514,0.423,0.439,0.47,0.483,0.555,0.362,0.508,0.526,0.0,0.722,0.09,0.623,0.77,0.483,0.028,0.404,0.316,0.523,0.574,0.524,0.604,0.488,0.525,0.366,0.573,0.319,0.628,0.529,0.49,0.198,-0.224,-0.01,0.371,0.501,0.574,0.143,0.466,0.501,0.285,0.443,0.648,0.753,0.416,0.566,0.506,0.353,0.324,0.537,0.603,0.387,0.453,0.303,0.427,0.504,0.547,0.635,0.483,0.442,0.249,0.629,0.493,0.567,0.143,0.536,0.429,0.382,0.356,0.277,0.316,0.663,0.468,0.564,0.453,0.59,0.653,0.535,0.833,0.127,0.585,0.275,0.391,0.75,0.472,0.572,0.29,0.66,0.57,0.519,0.239,0.566,0.643,0.677,0.577,0.308,0.695,0.814,0.35,0.755,0.485,0.723,0.504,0.547,0.673,0.213,0.56,0.533,0.587,0.619,0.699,0.367,0.207,0.569,0.057,0.439,0.73,0.514,0.201,0.465,0.783,0.615,0.465,0.767,0.447,0.294,0.559,0.473,0.707,0.076,0.602,0.536,0.45,0.373,0.321,0.605,0.472,0.558,0.524,0.109,0.42,0.513,0.565,0.194,0.294,-0.137,0.602,0.421,0.468,0.013
FOX,0.478,0.716,0.861,0.769,0.309,0.792,0.832,-0.325,0.828,0.792,0.201,0.422,0.806,0.168,0.291,0.866,0.86,0.763,0.506,0.899,0.88,0.624,0.902,0.822,0.635,0.751,0.77,0.747,0.682,0.868,0.912,0.878,0.824,0.896,0.874,0.754,0.866,0.626,0.549,0.34,0.684,0.519,0.518,0.445,0.83,0.762,0.809,0.76,0.821,0.715,0.868,0.507,0.752,0.513,0.874,0.783,0.744,0.621,0.883,0.433,0.722,0.0,0.53,0.459,0.599,0.618,0.549,0.812,0.75,0.58,0.813,0.699,0.835,0.536,0.86,0.66,0.783,0.688,0.72,0.25,0.382,0.112,-0.344,0.401,0.58,0.664,0.724,0.368,0.859,0.84,0.691,0.742,0.739,0.712,0.8,0.582,0.842,0.76,0.278,0.827,0.802,0.807,0.84,0.77,0.756,0.852,0.793,0.786,0.46,0.878,0.637,0.823,0.765,0.722,0.587,0.731,0.674,0.738,0.641,0.593,0.665,0.787,0.688,0.74,0.723,0.716,0.955,0.579,0.564,0.279,0.892,0.643,0.625,0.761,0.379,0.799,0.726,0.755,0.787,0.427,0.728,0.834,0.839,0.729,0.683,0.187,0.803,0.911,0.82,0.746,0.892,0.564,0.787,0.818,0.846,0.684,0.597,0.706,0.819,0.902,0.721,0.811,0.446,0.8,0.379,0.826,0.903,0.784,0.702,0.689,0.785,0.844,0.741,0.677,0.86,0.793,0.766,0.713,0.723,0.373,0.765,0.843,0.732,0.754,0.596,0.801,0.851,0.721,0.594,0.343,0.8,0.849,0.822,0.16,0.634,-0.135,0.775,0.634,0.844,0.312
FTNT,0.823,0.35,0.661,0.45,-0.21,0.396,0.707,-0.099,0.478,0.404,0.696,-0.118,0.558,0.091,0.553,0.57,0.659,0.771,-0.219,0.59,0.775,0.353,0.77,0.765,0.55,0.577,0.348,0.577,0.377,0.513,0.448,0.604,0.374,0.626,0.581,0.524,0.477,0.286,0.701,0.745,0.255,0.149,0.191,0.134,0.558,0.506,0.688,0.428,0.597,0.204,0.666,0.37,0.807,-0.003,0.703,0.615,0.277,0.558,0.785,-0.127,0.09,0.53,0.0,0.234,0.213,0.384,0.897,0.682,0.708,0.136,0.459,0.433,0.422,0.18,0.52,0.386,0.431,0.834,0.145,-0.021,0.284,-0.045,0.075,0.683,0.462,0.41,0.324,0.393,0.612,0.64,0.555,0.635,0.286,0.256,0.558,0.132,0.714,0.637,0.295,0.577,0.353,0.697,0.684,0.716,0.693,0.725,0.551,0.603,0.302,0.716,0.835,0.668,0.501,0.425,0.597,0.477,0.253,0.768,0.286,0.712,0.87,0.29,0.681,0.481,0.445,0.393,0.561,0.245,-0.05,0.333,0.458,0.699,0.688,0.29,0.356,0.497,0.864,0.251,0.616,0.318,0.831,0.626,0.547,0.068,0.363,0.134,0.474,0.389,0.749,0.288,0.658,0.281,0.465,0.549,0.259,0.783,0.187,0.578,0.52,0.481,0.165,0.815,0.649,0.521,0.665,0.575,0.446,0.561,0.784,0.568,0.457,0.624,0.433,0.357,0.731,0.805,0.473,0.441,0.415,0.864,0.4,0.52,0.713,0.76,0.605,0.574,0.788,0.563,0.131,0.573,0.616,0.642,0.663,0.185,0.799,0.181,0.298,0.253,0.702,0.763
FULT,-0.04,-0.104,0.335,-0.008,-0.129,0.036,0.102,0.37,0.141,0.187,0.17,-0.128,0.036,0.493,0.069,0.101,0.069,0.408,0.557,0.263,0.429,0.566,0.287,0.092,0.789,-0.057,0.011,0.038,-0.057,0.096,0.21,0.142,0.015,0.213,0.248,-0.058,0.708,-0.048,-0.223,-0.21,-0.031,-0.302,0.125,0.326,0.054,0.219,0.332,-0.033,-0.014,-0.064,0.175,0.893,0.192,-0.069,0.294,0.022,-0.127,-0.16,0.498,-0.209,0.623,0.459,0.234,0.0,0.845,-0.081,0.198,0.053,-0.029,-0.207,0.247,-0.072,0.012,-0.072,0.032,-0.255,-0.019,0.576,-0.007,0.621,0.661,0.494,0.525,0.289,-0.198,0.003,-0.037,0.029,0.136,0.218,-0.204,0.561,0.006,0.16,0.006,-0.151,0.162,-0.007,0.349,0.172,-0.031,0.007,0.14,-0.033,0.109,0.162,0.038,0.272,0.136,0.2,0.023,0.552,-0.037,-0.02,-0.155,-0.036,-0.07,0.053,-0.248,-0.059,0.353,0.092,0.158,0.675,-0.094,0.702,0.314,-0.086,0.325,0.44,0.1,0.361,0.641,0.202,0.943,0.001,0.354,0.016,0.138,0.058,0.323,0.55,0.223,0.031,-0.043,-0.152,0.195,0.365,0.049,0.405,0.211,0.617,-0.069,0.036,0.128,0.25,-0.125,0.107,0.103,0.172,0.047,0.242,0.721,0.043,0.537,0.148,0.255,-0.002,0.049,0.01,0.461,0.24,-0.137,0.902,0.14,0.24,-0.028,0.303,0.239,0.166,0.069,0.083,0.547,0.539,0.521,0.165,0.285,0.12,-0.196,0.241,0.034,0.091,0.359,0.809,0.587,0.48,0.157,0.476,0.115,0.429
GABC,-0.021,0.213,0.528,0.25,0.079,0.275,0.26,0.131,0.378,0.467,0.063,0.129,0.306,0.205,-0.015,0.339,0.28,0.366,0.665,0.502,0.564,0.584,0.413,0.264,0.708,0.176,0.273,0.186,0.103,0.351,0.458,0.395,0.313,0.433,0.433,0.211,0.755,0.214,-0.017,-0.054,0.239,0.016,0.281,0.331,0.303,0.387,0.417,0.216,0.17,0.26,0.393,0.831,0.339,0.189,0.392,0.295,0.144,0.058,0.548,0.098,0.77,0.599,0.213,0.845,0.0,0.196,0.184,0.256,0.199,0.129,0.46,0.193,0.26,0.169,0.277,0.06,0.193,0.518,0.255,0.631,0.653,0.421,0.23,0.104,0.103,0.206,0.165,0.123,0.373,0.326,0.04,0.496,0.272,0.385,0.258,0.183,0.313,0.182,0.191,0.433,0.255,0.149,0.346,0.182,0.153,0.323,0.284,0.402,0.209,0.359,0.103,0.621,0.187,0.244,-0.034,0.217,0.133,0.253,0.032,0.101,0.333,0.291,0.33,0.689,0.229,0.616,0.497,0.075,0.482,0.255,0.325,0.496,0.609,0.465,0.8,0.233,0.32,0.303,0.352,0.288,0.386,0.633,0.417,0.295,0.247,-0.02,0.433,0.564,0.237,0.528,0.386,0.778,0.227,0.279,0.432,0.337,0.204,0.301,0.316,0.346,0.291,0.275,0.493,0.319,0.334,0.338,0.516,0.246,0.117,0.179,0.698,0.427,0.126,0.868,0.343,0.301,0.222,0.516,0.466,0.156,0.292,0.269,0.507,0.528,0.359,0.303,0.36,0.238,0.084,0.061,0.272,0.318,0.465,0.617,0.57,0.111,0.34,0.409,0.239,0.212
GEN,0.296,0.947,0.807,0.948,0.675,0.922,0.796,-0.74,0.914,0.898,-0.119,0.754,0.931,-0.434,0.561,0.858,0.77,0.571,0.179,0.742,0.584,0.011,0.62,0.755,0.002,0.932,0.901,0.747,0.798,0.881,0.782,0.817,0.894,0.794,0.811,0.922,0.444,0.905,0.745,0.653,0.884,0.875,0.783,0.497,0.894,0.795,0.478,0.796,0.795,0.899,0.851,-0.119,0.804,0.71,0.586,0.898,0.854,0.923,0.497,0.818,0.483,0.618,0.384,-0.081,0.196,0.0,0.324,0.792,0.808,0.887,0.567,0.958,0.872,0.909,0.787,0.876,0.885,0.262,0.719,-0.09,0.024,-0.408,-0.728,0.052,0.929,0.944,0.894,0.3,0.722,0.71,0.876,0.136,0.9,0.815,0.764,0.903,0.816,0.767,0.291,0.753,0.895,0.74,0.655,0.746,0.657,0.779,0.933,0.8,0.519,0.665,0.744,0.588,0.898,0.954,0.663,0.951,0.69,0.853,0.846,0.858,0.472,0.799,0.861,0.376,0.92,0.067,0.675,0.78,0.604,-0.365,0.76,0.301,0.099,0.869,-0.186,0.879,0.477,0.87,0.897,0.847,0.391,0.439,0.769,0.765,0.941,0.743,0.89,0.773,0.705,0.461,0.679,0.486,0.899,0.875,0.802,0.404,0.934,0.919,0.744,0.703,0.803,0.63,-0.139,0.944,-0.211,0.625,0.821,0.926,0.56,0.935,0.769,0.829,0.916,0.143,0.728,0.46,0.907,0.503,0.779,0.523,0.898,0.808,0.39,0.253,0.142,0.8,0.601,0.777,0.882,0.292,0.829,0.878,0.669,-0.474,0.215,-0.599,0.667,-0.037,0.745,-0.14
GH,0.873,0.335,0.605,0.451,-0.332,0.364,0.685,-0.092,0.427,0.312,0.836,-0.214,0.501,0.143,0.462,0.561,0.673,0.709,-0.202,0.628,0.781,0.432,0.809,0.783,0.606,0.529,0.265,0.535,0.345,0.517,0.491,0.625,0.377,0.642,0.569,0.496,0.465,0.169,0.692,0.7,0.156,0.176,-0.008,-0.049,0.545,0.413,0.754,0.477,0.659,0.168,0.595,0.402,0.747,0.135,0.788,0.568,0.273,0.453,0.822,-0.179,0.028,0.549,0.897,0.198,0.184,0.324,0.0,0.738,0.697,0.059,0.485,0.345,0.414,0.127,0.559,0.402,0.372,0.871,0.151,-0.04,0.232,0.019,0.03,0.818,0.353,0.361,0.279,0.355,0.699,0.703,0.581,0.716,0.217,0.115,0.623,0.048,0.698,0.675,0.266,0.603,0.337,0.683,0.702,0.778,0.61,0.694,0.502,0.523,0.132,0.802,0.754,0.657,0.492,0.318,0.706,0.404,0.376,0.696,0.374,0.623,0.818,0.287,0.593,0.554,0.479,0.49,0.618,0.156,-0.174,0.345,0.516,0.746,0.707,0.21,0.329,0.433,0.85,0.193,0.525,0.104,0.911,0.701,0.507,0.081,0.261,0.007,0.359,0.364,0.778,0.17,0.743,0.151,0.477,0.503,0.321,0.894,0.092,0.471,0.493,0.532,0.116,0.831,0.665,0.47,0.743,0.687,0.435,0.49,0.828,0.481,0.349,0.567,0.434,0.306,0.755,0.89,0.398,0.55,0.267,0.732,0.385,0.549,0.79,0.834,0.661,0.495,0.776,0.47,0.078,0.506,0.675,0.617,0.617,0.25,0.843,0.201,0.382,0.453,0.681,0.691
GMAB,0.688,0.849,0.888,0.89,0.252,0.836,0.943,-0.579,0.874,0.783,0.385,0.388,0.908,-0.164,0.46,0.939,0.962,0.744,0.108,0.915,0.861,0.372,0.92,0.97,0.398,0.907,0.781,0.793,0.734,0.932,0.885,0.956,0.877,0.94,0.893,0.924,0.628,0.684,0.859,0.72,0.691,0.714,0.463,0.238,0.935,0.748,0.799,0.85,0.948,0.754,0.923,0.2,0.91,0.573,0.893,0.933,0.8,0.818,0.834,0.471,0.404,0.812,0.682,0.053,0.256,0.792,0.738,0.0,0.946,0.666,0.747,0.822,0.872,0.655,0.926,0.862,0.826,0.655,0.662,-0.062,0.131,-0.136,-0.542,0.476,0.787,0.791,0.771,0.447,0.946,0.891,0.921,0.568,0.754,0.623,0.94,0.653,0.952,0.931,0.212,0.915,0.843,0.919,0.891,0.977,0.78,0.934,0.916,0.809,0.351,0.947,0.85,0.759,0.887,0.803,0.85,0.852,0.739,0.929,0.839,0.852,0.722,0.749,0.835,0.598,0.911,0.423,0.899,0.614,0.323,0.032,0.906,0.674,0.482,0.715,0.04,0.859,0.77,0.744,0.878,0.516,0.799,0.75,0.81,0.649,0.768,0.369,0.803,0.789,0.965,0.483,0.948,0.353,0.914,0.892,0.811,0.818,0.677,0.813,0.847,0.858,0.654,0.898,0.269,0.908,0.287,0.884,0.862,0.9,0.839,0.845,0.692,0.877,0.894,0.307,0.966,0.856,0.839,0.749,0.664,0.61,0.836,0.887,0.713,0.694,0.497,0.832,0.869,0.767,0.661,0.389,0.97,0.948,0.807,-0.14,0.606,-0.321,0.734,0.395,0.911,0.254
GNPX,0.671,0.846,0.861,0.872,0.281,0.826,0.897,-0.594,0.854,0.784,0.342,0.404,0.911,-0.177,0.481,0.912,0.937,0.72,0.009,0.858,0.834,0.316,0.871,0.945,0.302,0.912,0.781,0.804,0.712,0.906,0.845,0.93,0.851,0.916,0.868,0.901,0.556,0.72,0.868,0.775,0.707,0.702,0.504,0.253,0.921,0.767,0.747,0.833,0.909,0.759,0.919,0.122,0.897,0.517,0.814,0.919,0.783,0.872,0.764,0.476,0.316,0.75,0.708,-0.029,0.199,0.808,0.697,0.946,0.0,0.679,0.728,0.829,0.841,0.649,0.896,0.857,0.827,0.594,0.649,-0.067,0.164,-0.249,-0.532,0.396,0.834,0.763,0.758,0.522,0.881,0.838,0.92,0.484,0.735,0.637,0.924,0.667,0.916,0.9,0.176,0.86,0.835,0.895,0.868,0.942,0.782,0.925,0.908,0.799,0.407,0.884,0.872,0.685,0.886,0.818,0.788,0.864,0.677,0.936,0.786,0.865,0.728,0.737,0.86,0.476,0.905,0.331,0.824,0.614,0.318,-0.002,0.853,0.617,0.442,0.693,-0.025,0.861,0.733,0.748,0.879,0.549,0.757,0.696,0.806,0.621,0.799,0.39,0.805,0.75,0.93,0.492,0.887,0.382,0.901,0.905,0.772,0.747,0.702,0.815,0.796,0.801,0.644,0.849,0.213,0.905,0.228,0.828,0.831,0.912,0.818,0.849,0.692,0.865,0.877,0.24,0.932,0.807,0.85,0.692,0.692,0.641,0.825,0.813,0.621,0.622,0.407,0.818,0.829,0.778,0.666,0.326,0.932,0.939,0.764,-0.223,0.573,-0.381,0.66,0.267,0.878,0.27
GO,0.151,0.93,0.681,0.874,0.82,0.89,0.675,-0.746,0.862,0.878,-0.37,0.885,0.858,-0.401,0.332,0.809,0.711,0.408,0.275,0.647,0.427,-0.009,0.494,0.617,-0.143,0.853,0.932,0.722,0.798,0.83,0.759,0.733,0.907,0.698,0.717,0.847,0.362,0.917,0.62,0.419,0.947,0.907,0.795,0.538,0.815,0.744,0.374,0.795,0.72,0.96,0.766,-0.23,0.605,0.696,0.456,0.808,0.916,0.843,0.323,0.929,0.523,0.58,0.136,-0.207,0.129,0.887,0.059,0.666,0.679,0.0,0.583,0.916,0.88,0.855,0.774,0.885,0.89,0.011,0.834,-0.072,-0.037,-0.411,-0.849,-0.181,0.884,0.825,0.903,0.295,0.625,0.584,0.792,0.041,0.929,0.863,0.693,0.976,0.687,0.671,0.095,0.655,0.922,0.668,0.58,0.629,0.598,0.667,0.86,0.702,0.541,0.539,0.546,0.4,0.843,0.927,0.518,0.907,0.682,0.692,0.838,0.67,0.25,0.849,0.675,0.178,0.853,0.032,0.622,0.831,0.709,-0.349,0.761,0.135,-0.032,0.866,-0.338,0.876,0.253,0.931,0.793,0.776,0.182,0.294,0.723,0.88,0.936,0.666,0.845,0.757,0.607,0.555,0.568,0.411,0.88,0.836,0.83,0.193,0.969,0.778,0.738,0.704,0.894,0.433,-0.357,0.875,-0.402,0.544,0.803,0.864,0.397,0.808,0.682,0.714,0.895,0.073,0.628,0.304,0.905,0.396,0.768,0.208,0.851,0.753,0.16,0.064,-0.029,0.735,0.484,0.711,0.96,0.063,0.699,0.772,0.54,-0.607,-0.04,-0.715,0.661,-0.014,0.656,-0.315
GOGL,0.556,0.679,0.744,0.692,0.292,0.749,0.681,-0.392,0.714,0.702,0.2,0.443,0.717,0.147,0.27,0.794,0.763,0.633,0.306,0.802,0.822,0.632,0.791,0.747,0.564,0.674,0.683,0.721,0.641,0.782,0.858,0.83,0.762,0.858,0.774,0.663,0.749,0.579,0.61,0.276,0.655,0.48,0.384,0.309,0.785,0.734,0.836,0.717,0.75,0.69,0.774,0.383,0.63,0.434,0.715,0.72,0.698,0.585,0.752,0.381,0.574,0.813,0.459,0.247,0.46,0.567,0.485,0.747,0.728,0.583,0.0,0.609,0.744,0.401,0.838,0.674,0.726,0.587,0.797,0.284,0.412,0.03,-0.365,0.439,0.523,0.508,0.685,0.346,0.751,0.808,0.663,0.706,0.64,0.661,0.806,0.536,0.747,0.656,0.311,0.737,0.741,0.721,0.794,0.751,0.679,0.734,0.716,0.678,0.402,0.765,0.627,0.608,0.718,0.646,0.44,0.669,0.606,0.667,0.594,0.478,0.565,0.772,0.544,0.469,0.716,0.55,0.852,0.563,0.474,0.324,0.821,0.604,0.544,0.617,0.264,0.746,0.587,0.674,0.691,0.348,0.684,0.727,0.773,0.639,0.649,0.225,0.707,0.775,0.753,0.721,0.775,0.584,0.75,0.773,0.757,0.594,0.546,0.567,0.83,0.828,0.649,0.674,0.227,0.738,0.275,0.784,0.83,0.722,0.654,0.566,0.7,0.732,0.71,0.517,0.773,0.722,0.731,0.604,0.633,0.253,0.704,0.731,0.563,0.629,0.417,0.723,0.778,0.654,0.561,0.221,0.721,0.751,0.626,0.064,0.573,-0.354,0.813,0.59,0.738,0.301
GOOG,0.345,0.952,0.85,0.962,0.691,0.945,0.851,-0.71,0.949,0.929,-0.131,0.768,0.964,-0.333,0.555,0.91,0.851,0.639,0.23,0.766,0.619,0.063,0.696,0.802,0.042,0.965,0.957,0.827,0.875,0.93,0.825,0.849,0.94,0.822,0.854,0.951,0.482,0.936,0.772,0.629,0.932,0.898,0.81,0.559,0.925,0.834,0.536,0.857,0.849,0.925,0.902,-0.097,0.823,0.7,0.663,0.923,0.914,0.952,0.541,0.821,0.524,0.699,0.433,-0.072,0.193,0.958,0.345,0.822,0.829,0.916,0.609,0.0,0.937,0.891,0.856,0.904,0.936,0.275,0.771,-0.078,0.043,-0.406,-0.743,0.068,0.956,0.951,0.931,0.369,0.776,0.754,0.9,0.215,0.95,0.87,0.789,0.926,0.865,0.81,0.247,0.781,0.945,0.815,0.723,0.788,0.765,0.846,0.963,0.849,0.61,0.729,0.763,0.637,0.935,0.989,0.716,0.983,0.749,0.882,0.872,0.876,0.52,0.846,0.863,0.375,0.914,0.161,0.74,0.842,0.641,-0.274,0.831,0.306,0.16,0.91,-0.183,0.946,0.531,0.932,0.943,0.839,0.42,0.483,0.834,0.833,0.969,0.684,0.929,0.82,0.771,0.558,0.74,0.432,0.936,0.925,0.84,0.432,0.945,0.949,0.803,0.782,0.878,0.687,-0.083,0.962,-0.139,0.688,0.863,0.96,0.614,0.953,0.768,0.877,0.945,0.187,0.793,0.531,0.965,0.531,0.826,0.511,0.919,0.871,0.439,0.315,0.226,0.866,0.673,0.834,0.925,0.337,0.838,0.916,0.747,-0.483,0.225,-0.544,0.696,0.059,0.814,-0.069
GPRO,0.448,0.936,0.856,0.954,0.623,0.957,0.887,-0.637,0.951,0.906,-0.044,0.726,0.948,-0.128,0.443,0.963,0.915,0.688,0.33,0.847,0.713,0.28,0.811,0.861,0.221,0.946,0.964,0.886,0.898,0.97,0.929,0.912,0.975,0.892,0.905,0.925,0.619,0.882,0.752,0.499,0.918,0.851,0.726,0.529,0.952,0.864,0.699,0.924,0.934,0.932,0.924,0.028,0.789,0.701,0.793,0.903,0.971,0.885,0.667,0.758,0.604,0.835,0.422,0.012,0.26,0.872,0.414,0.872,0.841,0.88,0.744,0.937,0.0,0.791,0.954,0.918,0.97,0.383,0.876,0.013,0.124,-0.272,-0.739,0.202,0.85,0.861,0.942,0.382,0.844,0.843,0.896,0.434,0.94,0.859,0.861,0.867,0.898,0.85,0.267,0.822,0.982,0.887,0.823,0.849,0.827,0.888,0.947,0.851,0.601,0.834,0.746,0.679,0.956,0.933,0.729,0.948,0.836,0.835,0.895,0.786,0.566,0.92,0.788,0.448,0.914,0.389,0.875,0.843,0.638,-0.046,0.949,0.397,0.295,0.888,-0.095,0.975,0.587,0.946,0.899,0.648,0.534,0.619,0.882,0.894,0.921,0.515,0.912,0.9,0.84,0.675,0.849,0.402,0.966,0.954,0.916,0.532,0.875,0.857,0.896,0.932,0.913,0.759,0.023,0.948,0.016,0.823,0.927,0.943,0.706,0.887,0.739,0.887,0.968,0.306,0.866,0.668,0.965,0.622,0.804,0.372,0.927,0.92,0.532,0.462,0.363,0.896,0.787,0.856,0.9,0.276,0.882,0.933,0.763,-0.365,0.316,-0.475,0.825,0.342,0.897,0.032
GSHD,0.058,0.871,0.707,0.867,0.723,0.832,0.684,-0.725,0.859,0.828,-0.298,0.768,0.832,-0.46,0.476,0.75,0.666,0.449,0.337,0.615,0.417,-0.1,0.477,0.602,-0.112,0.818,0.839,0.612,0.724,0.794,0.691,0.688,0.828,0.648,0.734,0.83,0.357,0.86,0.534,0.505,0.831,0.878,0.781,0.531,0.788,0.697,0.291,0.722,0.667,0.868,0.725,-0.173,0.68,0.751,0.469,0.772,0.797,0.802,0.346,0.868,0.488,0.536,0.18,-0.072,0.169,0.909,0.127,0.655,0.649,0.855,0.401,0.891,0.791,0.0,0.67,0.784,0.787,0.083,0.631,-0.115,-0.104,-0.385,-0.739,-0.115,0.855,0.924,0.828,0.226,0.612,0.547,0.745,-0.037,0.882,0.765,0.614,0.872,0.698,0.665,0.174,0.648,0.816,0.61,0.53,0.581,0.522,0.659,0.846,0.733,0.461,0.534,0.567,0.525,0.79,0.887,0.577,0.875,0.657,0.713,0.804,0.765,0.327,0.734,0.778,0.371,0.82,0.006,0.56,0.743,0.639,-0.514,0.673,0.12,-0.045,0.871,-0.247,0.783,0.332,0.826,0.795,0.793,0.192,0.339,0.652,0.766,0.877,0.705,0.823,0.717,0.562,0.393,0.572,0.401,0.798,0.772,0.752,0.242,0.9,0.843,0.621,0.604,0.783,0.508,-0.189,0.843,-0.339,0.486,0.75,0.82,0.347,0.876,0.691,0.747,0.826,0.104,0.587,0.296,0.796,0.433,0.708,0.369,0.831,0.691,0.311,0.116,0.086,0.715,0.422,0.678,0.862,0.212,0.7,0.744,0.585,-0.486,0.032,-0.545,0.571,-0.125,0.615,-0.296
GSM,0.583,0.878,0.866,0.902,0.434,0.904,0.895,-0.575,0.904,0.842,0.157,0.567,0.92,-0.052,0.4,0.97,0.951,0.707,0.258,0.901,0.821,0.452,0.893,0.923,0.359,0.904,0.881,0.866,0.827,0.962,0.951,0.959,0.941,0.95,0.915,0.897,0.665,0.78,0.791,0.525,0.813,0.772,0.564,0.375,0.955,0.839,0.829,0.923,0.952,0.868,0.928,0.15,0.81,0.631,0.863,0.902,0.916,0.828,0.764,0.601,0.525,0.86,0.52,0.032,0.277,0.787,0.559,0.926,0.896,0.774,0.838,0.856,0.954,0.67,0.0,0.894,0.912,0.518,0.848,0.055,0.219,-0.175,-0.632,0.35,0.783,0.767,0.856,0.429,0.908,0.891,0.894,0.578,0.844,0.773,0.932,0.754,0.92,0.878,0.219,0.883,0.939,0.905,0.905,0.922,0.819,0.924,0.918,0.828,0.507,0.905,0.772,0.705,0.924,0.849,0.741,0.89,0.838,0.851,0.856,0.755,0.651,0.867,0.762,0.488,0.918,0.478,0.931,0.749,0.498,0.095,0.975,0.556,0.414,0.797,-0.011,0.936,0.658,0.865,0.869,0.515,0.7,0.727,0.875,0.807,0.845,0.354,0.864,0.875,0.912,0.667,0.922,0.382,0.952,0.948,0.908,0.69,0.76,0.787,0.898,0.95,0.815,0.822,0.141,0.919,0.188,0.907,0.923,0.913,0.79,0.821,0.706,0.883,0.931,0.346,0.927,0.797,0.917,0.71,0.741,0.392,0.886,0.897,0.623,0.611,0.462,0.876,0.857,0.822,0.785,0.265,0.91,0.938,0.779,-0.228,0.482,-0.442,0.831,0.471,0.912,0.176
GWAV,0.501,0.943,0.741,0.924,0.566,0.892,0.838,-0.729,0.867,0.802,-0.009,0.681,0.909,-0.338,0.397,0.894,0.862,0.511,0.105,0.772,0.605,0.126,0.712,0.818,0.017,0.925,0.881,0.812,0.834,0.9,0.822,0.854,0.919,0.821,0.78,0.913,0.393,0.827,0.81,0.61,0.84,0.88,0.602,0.327,0.91,0.748,0.584,0.889,0.893,0.898,0.837,-0.162,0.735,0.692,0.663,0.886,0.931,0.888,0.529,0.748,0.366,0.66,0.386,-0.255,0.06,0.876,0.402,0.862,0.857,0.885,0.674,0.904,0.918,0.784,0.894,0.0,0.9,0.26,0.789,-0.171,-0.067,-0.374,-0.828,0.151,0.886,0.827,0.89,0.371,0.797,0.744,0.93,0.25,0.877,0.734,0.867,0.856,0.824,0.819,0.144,0.796,0.923,0.852,0.757,0.857,0.711,0.808,0.908,0.727,0.479,0.763,0.739,0.493,0.916,0.888,0.749,0.91,0.779,0.818,0.948,0.806,0.47,0.821,0.74,0.256,0.936,0.13,0.745,0.768,0.454,-0.205,0.871,0.371,0.124,0.778,-0.321,0.905,0.489,0.86,0.815,0.62,0.474,0.464,0.766,0.789,0.877,0.547,0.817,0.738,0.829,0.475,0.765,0.254,0.955,0.906,0.83,0.484,0.859,0.789,0.821,0.811,0.794,0.662,-0.161,0.913,-0.126,0.733,0.818,0.905,0.661,0.848,0.623,0.786,0.968,0.05,0.802,0.6,0.911,0.559,0.675,0.359,0.85,0.833,0.365,0.314,0.163,0.793,0.664,0.755,0.876,0.181,0.871,0.88,0.629,-0.511,0.19,-0.597,0.744,0.16,0.824,-0.081
HAIN,0.441,0.926,0.823,0.93,0.673,0.963,0.857,-0.646,0.933,0.9,-0.088,0.757,0.935,-0.127,0.515,0.932,0.864,0.703,0.251,0.796,0.678,0.227,0.754,0.829,0.164,0.949,0.965,0.89,0.894,0.928,0.88,0.868,0.941,0.867,0.88,0.901,0.587,0.906,0.739,0.502,0.938,0.811,0.783,0.588,0.926,0.872,0.652,0.877,0.897,0.923,0.91,-0.029,0.779,0.629,0.714,0.882,0.954,0.916,0.616,0.76,0.573,0.783,0.431,-0.019,0.193,0.885,0.372,0.826,0.827,0.89,0.726,0.936,0.97,0.787,0.912,0.9,0.0,0.347,0.863,-0.02,0.127,-0.316,-0.72,0.186,0.86,0.855,0.959,0.365,0.757,0.813,0.881,0.396,0.925,0.889,0.825,0.87,0.874,0.802,0.324,0.76,0.967,0.874,0.779,0.798,0.853,0.87,0.935,0.861,0.643,0.758,0.779,0.612,0.948,0.947,0.665,0.953,0.747,0.826,0.846,0.787,0.562,0.925,0.791,0.356,0.882,0.324,0.814,0.867,0.666,-0.044,0.894,0.33,0.247,0.854,-0.119,0.978,0.57,0.931,0.895,0.689,0.477,0.538,0.862,0.858,0.932,0.587,0.908,0.873,0.805,0.692,0.773,0.435,0.938,0.945,0.852,0.442,0.884,0.858,0.877,0.887,0.903,0.728,-0.016,0.937,-0.035,0.737,0.895,0.949,0.683,0.9,0.736,0.865,0.959,0.276,0.81,0.601,0.97,0.492,0.822,0.399,0.924,0.887,0.452,0.382,0.304,0.899,0.767,0.878,0.906,0.312,0.829,0.911,0.719,-0.418,0.269,-0.513,0.781,0.26,0.885,0.06
HBAN,0.734,0.272,0.646,0.389,-0.326,0.364,0.645,0.054,0.436,0.366,0.756,-0.193,0.464,0.277,0.362,0.547,0.606,0.752,0.073,0.683,0.878,0.641,0.81,0.715,0.869,0.432,0.267,0.462,0.284,0.497,0.541,0.63,0.354,0.669,0.597,0.429,0.748,0.142,0.499,0.46,0.149,0.012,0.054,0.062,0.519,0.462,0.791,0.373,0.563,0.166,0.613,0.714,0.708,0.032,0.775,0.521,0.221,0.315,0.932,-0.216,0.319,0.688,0.834,0.576,0.518,0.262,0.871,0.655,0.594,0.011,0.587,0.275,0.383,0.083,0.518,0.26,0.347,0.0,0.196,0.254,0.481,0.277,0.221,0.782,0.215,0.297,0.251,0.265,0.641,0.684,0.414,0.855,0.214,0.214,0.568,0.012,0.665,0.587,0.362,0.624,0.306,0.611,0.676,0.658,0.558,0.667,0.456,0.535,0.165,0.746,0.665,0.739,0.395,0.287,0.454,0.34,0.253,0.62,0.215,0.475,0.81,0.298,0.53,0.755,0.387,0.679,0.694,0.138,-0.001,0.529,0.51,0.84,0.839,0.261,0.67,0.404,0.865,0.194,0.509,0.111,0.917,0.822,0.501,0.1,0.231,-0.072,0.412,0.5,0.692,0.397,0.725,0.427,0.394,0.474,0.349,0.867,0.057,0.423,0.554,0.553,0.133,0.804,0.818,0.449,0.81,0.653,0.514,0.442,0.733,0.407,0.516,0.592,0.345,0.655,0.712,0.847,0.35,0.586,0.35,0.646,0.373,0.513,0.847,0.932,0.762,0.514,0.806,0.457,-0.0,0.487,0.602,0.585,0.672,0.551,0.957,0.278,0.427,0.581,0.66,0.763
HEPA,0.271,0.813,0.68,0.802,0.691,0.875,0.638,-0.557,0.803,0.799,-0.247,0.797,0.769,0.0,0.294,0.812,0.718,0.512,0.414,0.686,0.557,0.353,0.618,0.639,0.173,0.748,0.871,0.773,0.816,0.823,0.856,0.764,0.871,0.76,0.763,0.725,0.581,0.804,0.561,0.175,0.872,0.743,0.656,0.536,0.81,0.796,0.622,0.823,0.762,0.879,0.74,-0.009,0.521,0.636,0.584,0.708,0.899,0.708,0.478,0.757,0.628,0.72,0.145,-0.007,0.255,0.719,0.151,0.662,0.649,0.834,0.797,0.771,0.876,0.631,0.848,0.789,0.863,0.196,0.0,0.178,0.211,-0.241,-0.702,0.093,0.656,0.659,0.873,0.293,0.65,0.732,0.704,0.383,0.834,0.846,0.723,0.805,0.694,0.636,0.296,0.649,0.888,0.686,0.675,0.644,0.682,0.678,0.773,0.702,0.563,0.625,0.523,0.472,0.812,0.79,0.447,0.793,0.762,0.588,0.758,0.501,0.352,0.9,0.533,0.273,0.777,0.364,0.754,0.827,0.711,0.043,0.848,0.219,0.188,0.787,-0.104,0.854,0.361,0.886,0.714,0.515,0.352,0.505,0.775,0.889,0.821,0.446,0.79,0.824,0.617,0.73,0.656,0.429,0.83,0.823,0.864,0.301,0.799,0.639,0.811,0.848,0.896,0.528,-0.146,0.79,-0.11,0.694,0.827,0.78,0.519,0.668,0.634,0.724,0.833,0.302,0.655,0.472,0.854,0.51,0.722,0.054,0.836,0.766,0.344,0.285,0.237,0.771,0.626,0.739,0.851,0.121,0.683,0.743,0.592,-0.355,0.157,-0.57,0.84,0.406,0.709,-0.089
HURN,-0.121,-0.07,0.194,-0.023,0.082,0.028,-0.101,0.314,0.065,0.146,-0.059,0.101,-0.026,0.466,-0.039,0.038,0.009,0.185,0.407,0.088,0.244,0.486,0.123,-0.013,0.535,-0.104,0.033,0.099,0.006,0.055,0.185,0.071,0.025,0.125,0.161,-0.132,0.476,0.074,-0.152,-0.336,0.048,-0.125,0.118,0.297,0.007,0.257,0.271,0.092,-0.053,0.027,0.071,0.601,-0.001,0.03,0.122,-0.072,-0.018,-0.137,0.214,-0.049,0.529,0.25,-0.021,0.621,0.631,-0.09,-0.04,-0.062,-0.067,-0.072,0.284,-0.078,0.013,-0.115,0.055,-0.171,-0.02,0.254,0.178,0.0,0.768,0.222,0.353,0.048,-0.168,-0.13,-0.014,0.022,0.033,0.14,-0.21,0.375,0.036,0.245,-0.056,-0.035,0.033,-0.073,0.216,0.071,0.016,-0.089,0.092,-0.085,0.012,0.038,-0.017,0.18,0.267,0.059,-0.083,0.25,-0.019,-0.053,-0.274,-0.036,-0.004,-0.086,-0.197,-0.199,0.173,0.146,0.017,0.256,-0.031,0.527,0.187,0.063,0.374,0.406,0.071,0.128,0.434,0.158,0.63,0.028,0.052,0.087,0.049,0.018,0.116,0.425,0.185,0.144,0.041,-0.107,0.133,0.286,-0.087,0.46,0.08,0.487,-0.06,0.049,0.154,0.052,-0.044,-0.01,0.103,0.139,0.18,-0.009,0.316,-0.013,0.292,0.188,0.184,-0.061,-0.06,-0.112,0.314,0.151,-0.105,0.643,0.034,0.091,0.023,0.306,0.24,-0.122,0.106,-0.039,0.304,0.301,0.24,0.124,0.149,0.121,-0.073,-0.166,-0.058,-0.001,0.177,0.491,0.336,0.189,0.26,0.387,-0.024,0.201
HWKN,0.147,0.001,0.379,0.07,-0.015,0.158,0.09,0.286,0.182,0.266,0.132,0.023,0.131,0.509,0.171,0.22,0.154,0.402,0.314,0.276,0.484,0.66,0.325,0.225,0.646,0.071,0.131,0.253,0.087,0.182,0.292,0.257,0.119,0.324,0.312,0.002,0.615,0.134,0.026,-0.108,0.12,-0.142,0.202,0.325,0.177,0.409,0.49,0.163,0.1,0.099,0.268,0.69,0.211,-0.053,0.3,0.094,0.042,0.045,0.428,-0.117,0.49,0.382,0.284,0.661,0.653,0.024,0.232,0.131,0.164,-0.037,0.412,0.043,0.124,-0.104,0.219,-0.067,0.127,0.481,0.211,0.768,0.0,0.232,0.409,0.23,-0.047,-0.025,0.073,0.182,0.167,0.337,-0.054,0.54,0.071,0.318,0.185,-0.006,0.224,0.058,0.321,0.23,0.129,0.085,0.3,0.114,0.222,0.278,0.132,0.357,0.346,0.23,0.151,0.408,0.121,0.079,-0.146,0.1,0.066,0.132,-0.144,0.01,0.451,0.209,0.208,0.366,0.09,0.65,0.331,0.11,0.344,0.578,0.213,0.348,0.554,0.213,0.71,0.164,0.299,0.164,0.225,0.116,0.404,0.555,0.353,0.158,0.14,-0.059,0.275,0.4,0.134,0.575,0.24,0.569,0.1,0.215,0.247,0.265,0.0,0.127,0.195,0.281,0.185,0.21,0.467,0.142,0.48,0.292,0.301,0.103,0.218,0.049,0.443,0.289,0.003,0.738,0.217,0.306,0.177,0.374,0.371,0.111,0.237,0.1,0.459,0.457,0.461,0.275,0.383,0.316,-0.05,0.043,0.099,0.205,0.346,0.509,0.572,0.11,0.285,0.492,0.176,0.445
IBIO,-0.068,-0.346,-0.085,-0.365,-0.463,-0.326,-0.13,0.389,-0.248,-0.215,0.283,-0.466,-0.273,0.162,-0.486,-0.188,-0.174,-0.107,0.325,0.099,0.128,0.479,-0.006,-0.141,0.5,-0.376,-0.332,-0.397,-0.454,-0.212,-0.065,-0.083,-0.245,-0.069,-0.132,-0.261,0.293,-0.437,-0.38,-0.365,-0.375,-0.481,-0.364,-0.299,-0.242,-0.286,0.04,-0.359,-0.256,-0.3,-0.149,0.598,-0.164,-0.4,-0.003,-0.21,-0.336,-0.5,0.184,-0.452,0.198,0.112,-0.045,0.494,0.421,-0.408,0.019,-0.136,-0.249,-0.411,0.03,-0.406,-0.272,-0.385,-0.175,-0.374,-0.316,0.277,-0.241,0.222,0.232,0.0,0.469,0.079,-0.454,-0.384,-0.405,-0.137,-0.069,-0.156,-0.377,0.332,-0.341,-0.245,-0.094,-0.387,-0.173,-0.207,-0.224,0.046,-0.288,-0.199,-0.046,-0.172,-0.281,-0.137,-0.29,-0.205,-0.411,-0.077,-0.298,0.073,-0.393,-0.387,-0.314,-0.388,-0.355,-0.252,-0.366,-0.382,-0.08,-0.299,-0.275,0.299,-0.308,0.369,0.083,-0.437,-0.155,0.421,-0.115,0.376,0.258,-0.269,0.545,-0.319,-0.013,-0.326,-0.268,-0.406,0.163,0.172,-0.252,-0.294,-0.404,-0.569,-0.215,-0.031,-0.097,0.041,-0.024,0.107,-0.304,-0.288,-0.137,0.193,-0.411,-0.339,-0.11,-0.118,-0.35,-0.069,0.418,-0.259,0.332,-0.09,-0.085,-0.293,-0.149,-0.378,-0.034,-0.162,-0.349,0.429,-0.081,0.007,-0.37,0.098,-0.156,-0.155,-0.323,-0.232,0.115,0.3,0.187,-0.23,-0.021,-0.331,-0.485,-0.194,-0.173,-0.208,-0.054,0.682,0.295,0.297,-0.181,0.341,-0.157,0.228
ICFI,-0.109,-0.8,-0.395,-0.733,-0.706,-0.704,-0.523,0.794,-0.643,-0.597,0.355,-0.748,-0.656,0.448,-0.172,-0.611,-0.56,-0.147,-0.107,-0.444,-0.152,0.208,-0.311,-0.449,0.386,-0.693,-0.743,-0.55,-0.682,-0.659,-0.573,-0.538,-0.747,-0.482,-0.489,-0.705,-0.048,-0.714,-0.527,-0.338,-0.751,-0.876,-0.533,-0.266,-0.641,-0.467,-0.183,-0.687,-0.635,-0.797,-0.512,0.536,-0.355,-0.702,-0.315,-0.608,-0.821,-0.69,-0.09,-0.849,-0.224,-0.344,0.075,0.525,0.23,-0.728,0.03,-0.542,-0.532,-0.849,-0.365,-0.743,-0.739,-0.739,-0.632,-0.828,-0.72,0.221,-0.702,0.353,0.409,0.469,0.0,0.192,-0.73,-0.681,-0.765,-0.22,-0.493,-0.419,-0.733,0.139,-0.752,-0.574,-0.576,-0.829,-0.486,-0.554,0.009,-0.469,-0.764,-0.552,-0.406,-0.525,-0.428,-0.457,-0.664,-0.425,-0.309,-0.408,-0.378,-0.143,-0.718,-0.718,-0.564,-0.713,-0.69,-0.477,-0.857,-0.527,-0.004,-0.691,-0.436,0.055,-0.72,0.166,-0.43,-0.667,-0.432,0.468,-0.626,0.059,0.282,-0.622,0.661,-0.679,-0.061,-0.757,-0.536,-0.485,-0.013,-0.071,-0.487,-0.748,-0.715,-0.555,-0.57,-0.488,-0.477,-0.229,-0.425,0.003,-0.744,-0.63,-0.666,-0.071,-0.809,-0.554,-0.564,-0.558,-0.718,-0.295,0.543,-0.674,0.52,-0.428,-0.561,-0.67,-0.313,-0.631,-0.312,-0.477,-0.794,0.299,-0.452,-0.188,-0.698,-0.273,-0.445,-0.009,-0.64,-0.616,0.027,0.121,0.195,-0.508,-0.261,-0.479,-0.868,0.021,-0.591,-0.581,-0.273,0.773,0.29,0.686,-0.558,0.059,-0.495,0.494
IGMS,0.791,0.064,0.355,0.216,-0.393,0.193,0.437,0.111,0.183,0.047,0.754,-0.281,0.201,0.493,0.462,0.321,0.412,0.624,-0.172,0.355,0.576,0.463,0.622,0.527,0.648,0.258,0.05,0.413,0.283,0.269,0.291,0.353,0.127,0.414,0.349,0.188,0.425,-0.061,0.434,0.322,-0.034,-0.078,-0.178,-0.044,0.32,0.272,0.682,0.28,0.47,-0.059,0.322,0.403,0.454,0.005,0.618,0.251,0.088,0.186,0.673,-0.358,-0.01,0.401,0.683,0.289,0.104,0.052,0.818,0.476,0.396,-0.181,0.439,0.068,0.202,-0.115,0.35,0.151,0.186,0.782,0.093,0.048,0.23,0.079,0.192,0.0,0.004,0.115,0.165,0.187,0.419,0.616,0.301,0.756,0.008,-0.04,0.378,-0.218,0.483,0.418,0.525,0.297,0.096,0.488,0.459,0.517,0.521,0.438,0.234,0.349,0.145,0.591,0.572,0.497,0.285,0.06,0.478,0.145,0.242,0.385,0.166,0.317,0.7,0.193,0.274,0.429,0.182,0.534,0.439,0.066,-0.228,0.532,0.334,0.505,0.657,-0.01,0.405,0.213,0.739,-0.03,0.242,-0.167,0.728,0.576,0.319,-0.063,-0.001,-0.054,0.129,0.182,0.519,0.119,0.521,0.051,0.221,0.269,0.088,0.649,-0.181,0.187,0.36,0.406,-0.019,0.691,0.683,0.184,0.77,0.514,0.211,0.214,0.669,0.24,0.127,0.327,0.21,0.319,0.477,0.756,0.165,0.301,0.018,0.47,0.175,0.369,0.71,0.726,0.717,0.355,0.636,0.324,-0.09,0.564,0.395,0.335,0.398,0.374,0.723,0.392,0.408,0.608,0.507,0.753
IMKTA,0.351,0.918,0.786,0.903,0.628,0.852,0.797,-0.727,0.878,0.873,-0.074,0.686,0.929,-0.444,0.498,0.837,0.806,0.552,0.069,0.703,0.559,-0.044,0.623,0.76,-0.067,0.934,0.882,0.763,0.764,0.86,0.73,0.788,0.875,0.763,0.771,0.921,0.331,0.889,0.796,0.748,0.865,0.884,0.735,0.443,0.855,0.74,0.44,0.808,0.781,0.864,0.85,-0.167,0.804,0.654,0.574,0.902,0.83,0.948,0.452,0.77,0.371,0.58,0.462,-0.198,0.103,0.929,0.353,0.787,0.834,0.884,0.523,0.956,0.85,0.855,0.783,0.886,0.86,0.215,0.656,-0.168,-0.047,-0.454,-0.73,0.004,0.0,0.892,0.839,0.396,0.733,0.653,0.893,0.103,0.869,0.768,0.748,0.896,0.8,0.782,0.117,0.741,0.875,0.763,0.667,0.766,0.688,0.792,0.921,0.779,0.54,0.67,0.748,0.55,0.888,0.941,0.711,0.943,0.647,0.876,0.831,0.881,0.471,0.754,0.862,0.262,0.893,0.01,0.635,0.728,0.521,-0.385,0.725,0.295,0.128,0.825,-0.271,0.875,0.458,0.854,0.895,0.836,0.379,0.39,0.766,0.721,0.93,0.677,0.857,0.698,0.748,0.414,0.666,0.397,0.89,0.863,0.753,0.403,0.916,0.911,0.702,0.655,0.774,0.613,-0.145,0.921,-0.194,0.615,0.781,0.93,0.548,0.913,0.706,0.804,0.892,0.042,0.757,0.471,0.906,0.48,0.774,0.579,0.828,0.783,0.334,0.245,0.068,0.766,0.586,0.744,0.865,0.246,0.796,0.862,0.659,-0.54,0.187,-0.557,0.566,-0.108,0.733,-0.097
INCY,0.284,0.897,0.816,0.936,0.632,0.9,0.825,-0.688,0.909,0.876,-0.104,0.702,0.915,-0.363,0.618,0.844,0.785,0.623,0.261,0.731,0.578,-0.01,0.65,0.748,0.045,0.912,0.878,0.733,0.826,0.877,0.767,0.79,0.877,0.764,0.815,0.914,0.458,0.863,0.699,0.633,0.846,0.852,0.76,0.535,0.873,0.757,0.463,0.777,0.796,0.848,0.835,-0.071,0.814,0.732,0.643,0.878,0.824,0.886,0.531,0.778,0.501,0.664,0.41,0.003,0.206,0.944,0.361,0.791,0.763,0.825,0.508,0.951,0.861,0.924,0.767,0.827,0.855,0.297,0.659,-0.13,-0.025,-0.384,-0.681,0.115,0.892,0.0,0.884,0.301,0.753,0.723,0.856,0.176,0.893,0.784,0.721,0.848,0.83,0.775,0.318,0.738,0.863,0.75,0.644,0.735,0.692,0.789,0.917,0.81,0.524,0.702,0.723,0.667,0.872,0.936,0.732,0.926,0.723,0.852,0.845,0.872,0.493,0.774,0.852,0.483,0.857,0.133,0.692,0.77,0.6,-0.354,0.762,0.282,0.142,0.88,-0.132,0.855,0.55,0.842,0.902,0.824,0.397,0.461,0.771,0.756,0.89,0.718,0.87,0.768,0.715,0.426,0.709,0.429,0.868,0.843,0.78,0.426,0.883,0.945,0.713,0.707,0.793,0.689,-0.02,0.91,-0.12,0.618,0.803,0.904,0.579,0.946,0.745,0.841,0.882,0.186,0.733,0.493,0.877,0.499,0.745,0.558,0.874,0.859,0.48,0.306,0.266,0.804,0.606,0.768,0.858,0.461,0.812,0.868,0.746,-0.404,0.233,-0.456,0.656,0.029,0.758,-0.1
INO,0.36,0.914,0.783,0.943,0.757,0.972,0.796,-0.67,0.918,0.883,-0.202,0.844,0.898,-0.128,0.564,0.885,0.804,0.657,0.284,0.705,0.575,0.134,0.675,0.745,0.075,0.922,0.957,0.883,0.947,0.899,0.837,0.798,0.922,0.798,0.831,0.865,0.53,0.917,0.699,0.44,0.946,0.849,0.801,0.643,0.896,0.864,0.566,0.877,0.86,0.922,0.842,-0.099,0.713,0.709,0.65,0.829,0.946,0.9,0.523,0.829,0.574,0.724,0.324,-0.037,0.165,0.894,0.279,0.771,0.758,0.903,0.685,0.931,0.942,0.828,0.856,0.89,0.959,0.251,0.873,-0.014,0.073,-0.405,-0.765,0.165,0.839,0.884,0.0,0.319,0.703,0.798,0.851,0.297,0.941,0.885,0.754,0.883,0.825,0.758,0.41,0.681,0.939,0.816,0.687,0.733,0.807,0.792,0.91,0.834,0.678,0.7,0.719,0.573,0.932,0.94,0.645,0.94,0.769,0.771,0.877,0.763,0.487,0.939,0.75,0.339,0.858,0.265,0.741,0.905,0.715,-0.126,0.857,0.193,0.168,0.878,-0.176,0.939,0.515,0.932,0.862,0.717,0.369,0.486,0.839,0.891,0.925,0.714,0.885,0.84,0.716,0.632,0.708,0.414,0.915,0.91,0.837,0.33,0.9,0.85,0.83,0.843,0.925,0.665,-0.085,0.902,-0.129,0.674,0.854,0.908,0.62,0.893,0.702,0.823,0.94,0.225,0.728,0.526,0.951,0.451,0.774,0.348,0.917,0.879,0.422,0.278,0.272,0.882,0.678,0.86,0.944,0.352,0.782,0.862,0.698,-0.477,0.16,-0.497,0.821,0.228,0.821,-0.056
IRDM,0.302,0.366,0.458,0.372,0.11,0.329,0.37,-0.317,0.389,0.356,0.157,0.108,0.391,0.113,0.25,0.408,0.498,0.395,0.084,0.372,0.411,0.173,0.443,0.441,0.172,0.425,0.36,0.424,0.297,0.434,0.378,0.418,0.393,0.449,0.431,0.38,0.247,0.314,0.325,0.397,0.356,0.318,0.234,0.166,0.416,0.338,0.414,0.431,0.42,0.314,0.406,0.111,0.412,0.28,0.454,0.378,0.322,0.404,0.355,0.177,0.143,0.368,0.393,0.029,0.123,0.3,0.355,0.447,0.522,0.295,0.346,0.369,0.382,0.226,0.429,0.371,0.365,0.265,0.293,0.022,0.182,-0.137,-0.22,0.187,0.396,0.301,0.319,0.0,0.425,0.403,0.401,0.243,0.303,0.25,0.419,0.334,0.431,0.369,-0.011,0.416,0.372,0.354,0.441,0.433,0.449,0.424,0.432,0.446,0.277,0.454,0.407,0.434,0.47,0.359,0.432,0.399,0.353,0.415,0.341,0.396,0.392,0.398,0.452,0.17,0.408,0.26,0.38,0.207,0.158,-0.017,0.37,0.245,0.351,0.336,0.046,0.395,0.369,0.379,0.409,0.224,0.378,0.405,0.408,0.332,0.35,0.073,0.385,0.329,0.471,0.226,0.422,0.208,0.423,0.377,0.39,0.331,0.306,0.361,0.3,0.387,0.308,0.396,0.189,0.396,0.204,0.417,0.394,0.421,0.398,0.363,0.304,0.441,0.363,0.119,0.457,0.396,0.376,0.506,0.305,0.294,0.366,0.322,0.366,0.332,0.162,0.353,0.368,0.354,0.296,0.167,0.393,0.424,0.379,-0.063,0.326,-0.127,0.286,0.205,0.361,0.175
IRTC,0.599,0.812,0.872,0.846,0.218,0.778,0.897,-0.497,0.838,0.769,0.363,0.358,0.875,-0.127,0.329,0.904,0.945,0.675,0.248,0.93,0.853,0.451,0.915,0.915,0.449,0.834,0.744,0.725,0.676,0.916,0.89,0.935,0.865,0.919,0.861,0.883,0.643,0.625,0.773,0.643,0.645,0.695,0.389,0.198,0.886,0.691,0.788,0.822,0.9,0.731,0.886,0.298,0.852,0.629,0.902,0.901,0.762,0.724,0.832,0.458,0.466,0.859,0.612,0.136,0.373,0.722,0.699,0.946,0.881,0.625,0.751,0.776,0.844,0.612,0.908,0.797,0.757,0.641,0.65,0.033,0.167,-0.069,-0.493,0.419,0.733,0.753,0.703,0.425,0.0,0.861,0.862,0.599,0.738,0.591,0.901,0.626,0.904,0.893,0.142,0.922,0.827,0.851,0.883,0.936,0.694,0.885,0.87,0.752,0.306,0.958,0.724,0.794,0.829,0.753,0.834,0.798,0.777,0.87,0.793,0.752,0.657,0.709,0.772,0.656,0.869,0.47,0.93,0.536,0.337,0.026,0.897,0.712,0.518,0.728,0.118,0.805,0.702,0.725,0.835,0.468,0.784,0.76,0.819,0.657,0.72,0.25,0.774,0.791,0.929,0.474,0.95,0.395,0.878,0.841,0.847,0.823,0.638,0.774,0.793,0.839,0.65,0.85,0.284,0.863,0.301,0.905,0.856,0.843,0.776,0.767,0.712,0.84,0.83,0.373,0.951,0.844,0.795,0.797,0.631,0.518,0.778,0.882,0.716,0.729,0.482,0.759,0.816,0.672,0.628,0.305,0.936,0.9,0.789,-0.035,0.617,-0.281,0.733,0.462,0.839,0.19
IRWD,0.68,0.748,0.867,0.843,0.308,0.833,0.857,-0.414,0.826,0.753,0.315,0.436,0.824,0.159,0.584,0.888,0.879,0.835,0.196,0.827,0.846,0.465,0.908,0.896,0.514,0.84,0.758,0.87,0.811,0.881,0.864,0.874,0.815,0.902,0.871,0.795,0.714,0.656,0.786,0.525,0.694,0.615,0.481,0.397,0.879,0.804,0.873,0.84,0.92,0.693,0.865,0.285,0.826,0.58,0.906,0.813,0.757,0.761,0.834,0.421,0.501,0.84,0.64,0.218,0.326,0.71,0.703,0.891,0.838,0.584,0.808,0.754,0.843,0.547,0.891,0.744,0.813,0.684,0.732,0.14,0.337,-0.156,-0.419,0.616,0.653,0.723,0.798,0.403,0.861,0.0,0.814,0.706,0.716,0.668,0.85,0.57,0.923,0.844,0.494,0.79,0.797,0.864,0.848,0.886,0.845,0.883,0.845,0.852,0.542,0.918,0.816,0.805,0.87,0.745,0.77,0.799,0.751,0.823,0.746,0.733,0.768,0.805,0.751,0.598,0.8,0.594,0.889,0.658,0.431,0.222,0.877,0.552,0.581,0.7,0.195,0.83,0.791,0.722,0.832,0.468,0.765,0.799,0.847,0.672,0.721,0.406,0.775,0.799,0.865,0.576,0.897,0.428,0.845,0.853,0.776,0.718,0.592,0.766,0.826,0.889,0.703,0.89,0.359,0.819,0.38,0.886,0.822,0.82,0.844,0.788,0.69,0.846,0.82,0.442,0.887,0.854,0.824,0.675,0.643,0.532,0.822,0.885,0.792,0.712,0.622,0.847,0.893,0.8,0.645,0.479,0.861,0.882,0.8,-0.051,0.636,-0.2,0.858,0.585,0.885,0.353
ITCI,0.597,0.918,0.785,0.932,0.443,0.876,0.883,-0.715,0.862,0.794,0.187,0.556,0.925,-0.297,0.497,0.898,0.909,0.637,-0.002,0.801,0.689,0.123,0.783,0.885,0.1,0.952,0.845,0.821,0.807,0.914,0.823,0.886,0.899,0.865,0.832,0.944,0.412,0.791,0.894,0.76,0.792,0.844,0.544,0.289,0.912,0.719,0.63,0.867,0.937,0.823,0.88,-0.106,0.832,0.663,0.753,0.921,0.867,0.919,0.631,0.636,0.285,0.691,0.555,-0.204,0.04,0.876,0.581,0.921,0.92,0.792,0.663,0.9,0.896,0.745,0.894,0.93,0.881,0.414,0.704,-0.21,-0.054,-0.377,-0.733,0.301,0.893,0.856,0.851,0.401,0.862,0.814,0.0,0.348,0.816,0.663,0.881,0.773,0.881,0.894,0.184,0.801,0.89,0.892,0.802,0.925,0.776,0.862,0.921,0.751,0.424,0.841,0.826,0.588,0.933,0.875,0.855,0.909,0.764,0.901,0.911,0.865,0.562,0.789,0.805,0.365,0.931,0.184,0.776,0.7,0.366,-0.159,0.849,0.454,0.265,0.722,-0.243,0.892,0.619,0.811,0.873,0.599,0.602,0.538,0.785,0.711,0.845,0.534,0.785,0.715,0.891,0.408,0.833,0.267,0.935,0.893,0.792,0.617,0.799,0.844,0.801,0.793,0.73,0.781,0.003,0.917,0.033,0.796,0.808,0.93,0.776,0.881,0.609,0.82,0.946,0.049,0.878,0.698,0.894,0.577,0.664,0.563,0.841,0.893,0.486,0.453,0.259,0.795,0.74,0.747,0.802,0.361,0.928,0.925,0.701,-0.437,0.355,-0.487,0.707,0.177,0.85,0.054
JACK,0.668,0.235,0.571,0.331,-0.182,0.365,0.557,0.118,0.397,0.347,0.591,-0.072,0.392,0.553,0.212,0.531,0.582,0.705,0.226,0.64,0.801,0.784,0.786,0.627,0.89,0.359,0.304,0.52,0.344,0.486,0.596,0.582,0.381,0.639,0.57,0.331,0.785,0.145,0.397,0.154,0.206,0.007,0.048,0.159,0.466,0.477,0.853,0.423,0.561,0.203,0.552,0.699,0.516,0.063,0.762,0.415,0.308,0.239,0.854,-0.161,0.443,0.742,0.635,0.561,0.496,0.136,0.716,0.568,0.484,0.041,0.706,0.215,0.434,-0.037,0.578,0.25,0.396,0.855,0.383,0.375,0.54,0.332,0.139,0.756,0.103,0.176,0.297,0.243,0.599,0.706,0.348,0.0,0.235,0.297,0.538,0.02,0.594,0.507,0.378,0.537,0.36,0.588,0.672,0.584,0.61,0.614,0.383,0.503,0.251,0.714,0.514,0.662,0.398,0.231,0.38,0.291,0.347,0.453,0.211,0.275,0.69,0.433,0.344,0.597,0.311,0.851,0.744,0.21,0.153,0.726,0.583,0.698,0.838,0.255,0.633,0.424,0.721,0.263,0.418,-0.045,0.803,0.799,0.559,0.236,0.201,-0.168,0.378,0.548,0.635,0.55,0.694,0.367,0.385,0.456,0.406,0.735,0.037,0.306,0.578,0.658,0.27,0.716,0.733,0.377,0.788,0.683,0.528,0.381,0.687,0.284,0.434,0.533,0.337,0.699,0.656,0.812,0.37,0.527,0.338,0.345,0.35,0.526,0.774,0.886,0.749,0.505,0.792,0.451,0.08,0.36,0.508,0.507,0.588,0.512,0.823,0.272,0.558,0.84,0.635,0.717
JD,0.237,0.941,0.81,0.935,0.769,0.936,0.794,-0.642,0.943,0.916,-0.252,0.85,0.916,-0.236,0.43,0.889,0.816,0.584,0.39,0.738,0.57,0.138,0.668,0.733,0.076,0.9,0.96,0.817,0.881,0.912,0.845,0.816,0.938,0.784,0.839,0.888,0.542,0.937,0.649,0.436,0.936,0.883,0.832,0.631,0.892,0.857,0.518,0.866,0.816,0.95,0.86,-0.04,0.725,0.736,0.629,0.854,0.946,0.869,0.51,0.875,0.648,0.739,0.286,0.006,0.272,0.9,0.217,0.754,0.735,0.929,0.64,0.95,0.94,0.882,0.844,0.877,0.925,0.214,0.834,0.036,0.071,-0.341,-0.752,0.008,0.869,0.893,0.941,0.303,0.738,0.716,0.816,0.235,0.0,0.912,0.742,0.926,0.816,0.749,0.229,0.744,0.951,0.779,0.698,0.708,0.717,0.792,0.92,0.824,0.634,0.693,0.651,0.6,0.902,0.954,0.62,0.946,0.778,0.777,0.843,0.753,0.458,0.894,0.772,0.383,0.876,0.24,0.752,0.88,0.747,-0.228,0.855,0.251,0.137,0.943,-0.142,0.935,0.438,0.955,0.876,0.768,0.335,0.483,0.846,0.91,0.953,0.633,0.924,0.872,0.697,0.674,0.71,0.449,0.906,0.913,0.876,0.347,0.933,0.873,0.815,0.817,0.943,0.619,-0.113,0.92,-0.181,0.677,0.879,0.901,0.52,0.886,0.771,0.858,0.922,0.285,0.733,0.488,0.941,0.522,0.836,0.318,0.914,0.837,0.405,0.289,0.223,0.869,0.639,0.827,0.943,0.213,0.787,0.854,0.695,-0.432,0.144,-0.5,0.763,0.143,0.781,-0.126
JJSF,0.153,0.82,0.788,0.823,0.8,0.893,0.677,-0.505,0.882,0.917,-0.342,0.862,0.837,-0.088,0.452,0.82,0.7,0.616,0.457,0.674,0.568,0.243,0.59,0.636,0.168,0.8,0.923,0.778,0.82,0.823,0.804,0.742,0.854,0.734,0.802,0.763,0.635,0.93,0.54,0.269,0.925,0.727,0.9,0.753,0.81,0.893,0.522,0.769,0.687,0.895,0.817,0.077,0.649,0.559,0.53,0.753,0.862,0.797,0.476,0.806,0.753,0.712,0.256,0.16,0.385,0.815,0.115,0.623,0.637,0.863,0.661,0.87,0.859,0.765,0.773,0.734,0.889,0.214,0.846,0.245,0.318,-0.245,-0.574,-0.04,0.768,0.784,0.885,0.25,0.591,0.668,0.663,0.297,0.912,0.0,0.639,0.868,0.737,0.616,0.324,0.66,0.881,0.674,0.628,0.571,0.706,0.746,0.832,0.827,0.721,0.561,0.586,0.568,0.8,0.893,0.385,0.872,0.622,0.688,0.661,0.642,0.455,0.872,0.708,0.336,0.754,0.327,0.702,0.889,0.87,-0.048,0.776,0.2,0.187,0.908,0.03,0.889,0.404,0.919,0.842,0.788,0.283,0.494,0.822,0.862,0.918,0.612,0.914,0.89,0.576,0.81,0.606,0.584,0.797,0.86,0.804,0.253,0.881,0.819,0.763,0.769,0.93,0.53,-0.052,0.845,-0.129,0.582,0.85,0.833,0.439,0.799,0.807,0.819,0.806,0.445,0.635,0.389,0.903,0.453,0.899,0.286,0.872,0.733,0.381,0.267,0.266,0.859,0.626,0.841,0.868,0.202,0.642,0.78,0.707,-0.331,0.174,-0.483,0.709,0.178,0.715,-0.025
KALA,0.616,0.845,0.827,0.85,0.278,0.831,0.882,-0.581,0.84,0.774,0.296,0.412,0.878,-0.17,0.328,0.923,0.905,0.632,0.131,0.919,0.832,0.429,0.862,0.917,0.363,0.862,0.777,0.744,0.695,0.911,0.898,0.953,0.88,0.93,0.847,0.885,0.631,0.663,0.783,0.603,0.698,0.697,0.443,0.177,0.92,0.728,0.783,0.821,0.906,0.799,0.89,0.183,0.805,0.557,0.828,0.896,0.815,0.772,0.773,0.494,0.416,0.8,0.558,0.006,0.258,0.764,0.623,0.94,0.924,0.693,0.806,0.789,0.861,0.614,0.932,0.867,0.825,0.568,0.723,-0.056,0.185,-0.094,-0.576,0.378,0.748,0.721,0.754,0.419,0.901,0.85,0.881,0.538,0.742,0.639,0.0,0.677,0.885,0.858,0.13,0.898,0.861,0.858,0.87,0.926,0.713,0.891,0.879,0.745,0.328,0.883,0.761,0.658,0.857,0.783,0.74,0.823,0.736,0.849,0.817,0.742,0.623,0.757,0.751,0.506,0.9,0.403,0.894,0.587,0.337,0.049,0.915,0.663,0.392,0.686,-0.004,0.84,0.65,0.758,0.812,0.458,0.751,0.705,0.779,0.683,0.756,0.301,0.787,0.789,0.913,0.539,0.903,0.38,0.918,0.883,0.851,0.746,0.682,0.727,0.848,0.853,0.657,0.803,0.152,0.892,0.175,0.851,0.867,0.873,0.767,0.774,0.695,0.824,0.879,0.296,0.911,0.791,0.829,0.705,0.661,0.442,0.817,0.835,0.588,0.616,0.402,0.783,0.81,0.719,0.673,0.238,0.927,0.915,0.704,-0.158,0.54,-0.473,0.739,0.42,0.859,0.175
KHC,0.087,0.921,0.702,0.872,0.828,0.878,0.668,-0.736,0.865,0.892,-0.385,0.872,0.86,-0.419,0.33,0.791,0.691,0.399,0.322,0.654,0.426,-0.015,0.481,0.598,-0.134,0.846,0.931,0.694,0.772,0.831,0.749,0.723,0.899,0.698,0.715,0.849,0.374,0.919,0.585,0.429,0.938,0.91,0.818,0.542,0.803,0.732,0.349,0.782,0.695,0.949,0.759,-0.197,0.606,0.724,0.458,0.803,0.891,0.838,0.319,0.936,0.566,0.582,0.132,-0.151,0.183,0.903,0.048,0.653,0.667,0.976,0.536,0.926,0.867,0.872,0.754,0.856,0.87,0.012,0.805,-0.035,-0.006,-0.387,-0.829,-0.218,0.896,0.848,0.883,0.334,0.626,0.57,0.773,0.02,0.926,0.868,0.677,0.0,0.674,0.642,0.117,0.679,0.912,0.63,0.563,0.603,0.575,0.662,0.858,0.709,0.551,0.53,0.527,0.445,0.836,0.926,0.522,0.902,0.68,0.688,0.828,0.678,0.24,0.827,0.706,0.211,0.846,0.034,0.617,0.793,0.727,-0.398,0.733,0.139,-0.032,0.89,-0.294,0.856,0.242,0.939,0.802,0.822,0.169,0.311,0.719,0.878,0.934,0.671,0.86,0.765,0.585,0.528,0.554,0.442,0.863,0.809,0.84,0.188,0.985,0.81,0.698,0.674,0.89,0.423,-0.333,0.877,-0.406,0.532,0.801,0.859,0.376,0.812,0.718,0.732,0.869,0.103,0.616,0.279,0.889,0.444,0.789,0.244,0.841,0.742,0.183,0.069,-0.048,0.712,0.453,0.692,0.95,0.086,0.688,0.777,0.568,-0.571,-0.022,-0.694,0.641,-0.037,0.627,-0.349
KLAC,0.648,0.845,0.946,0.902,0.352,0.872,0.955,-0.521,0.926,0.841,0.287,0.472,0.929,-0.062,0.589,0.962,0.956,0.857,0.186,0.892,0.867,0.377,0.93,0.965,0.437,0.926,0.831,0.861,0.805,0.942,0.889,0.941,0.878,0.937,0.941,0.907,0.707,0.757,0.834,0.671,0.759,0.701,0.607,0.442,0.952,0.862,0.823,0.861,0.939,0.776,0.963,0.229,0.953,0.543,0.893,0.929,0.818,0.865,0.847,0.505,0.506,0.842,0.714,0.162,0.313,0.816,0.698,0.952,0.916,0.687,0.747,0.865,0.898,0.698,0.92,0.824,0.874,0.665,0.694,0.033,0.224,-0.173,-0.486,0.483,0.8,0.83,0.825,0.431,0.904,0.923,0.881,0.594,0.816,0.737,0.885,0.674,0.0,0.917,0.339,0.878,0.861,0.933,0.885,0.931,0.864,0.968,0.949,0.92,0.513,0.928,0.897,0.835,0.909,0.856,0.806,0.904,0.742,0.945,0.78,0.887,0.818,0.8,0.895,0.61,0.88,0.478,0.902,0.723,0.456,0.065,0.904,0.599,0.509,0.795,0.128,0.912,0.805,0.783,0.932,0.608,0.758,0.765,0.872,0.676,0.827,0.444,0.887,0.848,0.927,0.602,0.928,0.443,0.904,0.936,0.798,0.76,0.704,0.883,0.868,0.882,0.729,0.934,0.325,0.924,0.303,0.863,0.881,0.926,0.814,0.917,0.767,0.933,0.897,0.422,0.948,0.838,0.892,0.69,0.753,0.646,0.879,0.885,0.764,0.699,0.588,0.927,0.917,0.87,0.703,0.436,0.931,0.952,0.856,-0.135,0.608,-0.261,0.752,0.38,0.947,0.341
KRRO,0.641,0.82,0.838,0.869,0.279,0.806,0.914,-0.58,0.851,0.762,0.337,0.417,0.879,-0.17,0.459,0.901,0.937,0.729,0.074,0.837,0.783,0.259,0.868,0.92,0.315,0.883,0.771,0.787,0.738,0.896,0.84,0.898,0.849,0.867,0.852,0.897,0.557,0.685,0.856,0.698,0.686,0.725,0.475,0.268,0.891,0.724,0.707,0.829,0.915,0.738,0.894,0.114,0.881,0.538,0.842,0.899,0.792,0.81,0.771,0.492,0.353,0.76,0.637,-0.007,0.182,0.767,0.675,0.931,0.9,0.671,0.656,0.81,0.85,0.665,0.878,0.819,0.802,0.587,0.636,-0.073,0.058,-0.207,-0.554,0.418,0.782,0.775,0.758,0.369,0.893,0.844,0.894,0.507,0.749,0.616,0.858,0.642,0.917,0.0,0.155,0.84,0.816,0.911,0.831,0.93,0.768,0.901,0.883,0.777,0.368,0.894,0.808,0.701,0.846,0.783,0.824,0.839,0.696,0.899,0.813,0.824,0.679,0.732,0.804,0.568,0.862,0.38,0.841,0.652,0.321,0.006,0.865,0.576,0.442,0.694,-0.034,0.841,0.731,0.731,0.855,0.508,0.711,0.691,0.763,0.64,0.759,0.371,0.765,0.75,0.907,0.456,0.904,0.281,0.876,0.871,0.763,0.766,0.671,0.794,0.817,0.818,0.659,0.859,0.242,0.868,0.243,0.844,0.812,0.869,0.794,0.838,0.629,0.837,0.869,0.236,0.936,0.803,0.824,0.674,0.633,0.598,0.809,0.857,0.674,0.638,0.492,0.807,0.836,0.749,0.664,0.349,0.927,0.909,0.795,-0.217,0.525,-0.284,0.683,0.335,0.89,0.231
KRYS,0.301,0.162,0.319,0.301,0.222,0.364,0.269,0.031,0.276,0.248,0.037,0.27,0.246,0.375,0.648,0.253,0.165,0.505,0.117,0.171,0.292,0.17,0.294,0.248,0.327,0.282,0.272,0.437,0.455,0.241,0.226,0.186,0.175,0.279,0.284,0.158,0.385,0.249,0.223,0.07,0.272,0.068,0.306,0.455,0.288,0.441,0.383,0.247,0.298,0.148,0.254,0.157,0.296,0.176,0.311,0.186,0.196,0.298,0.332,0.097,0.324,0.278,0.295,0.349,0.191,0.291,0.266,0.212,0.176,0.095,0.311,0.247,0.267,0.174,0.219,0.144,0.324,0.362,0.296,0.216,0.321,-0.224,0.009,0.525,0.117,0.318,0.41,-0.011,0.142,0.494,0.184,0.378,0.229,0.324,0.13,0.117,0.339,0.155,0.0,0.116,0.2,0.287,0.189,0.2,0.458,0.273,0.264,0.421,0.531,0.262,0.436,0.388,0.327,0.264,0.191,0.27,0.232,0.248,0.16,0.284,0.442,0.349,0.282,0.261,0.149,0.299,0.254,0.359,0.305,0.248,0.211,0.03,0.3,0.278,0.317,0.281,0.445,0.21,0.289,0.29,0.227,0.305,0.371,0.176,0.234,0.486,0.317,0.3,0.184,0.253,0.203,0.341,0.205,0.263,0.13,0.09,0.154,0.339,0.31,0.326,0.284,0.391,0.281,0.235,0.246,0.222,0.225,0.25,0.389,0.348,0.322,0.319,0.237,0.357,0.185,0.285,0.302,0.082,0.247,0.301,0.297,0.343,0.413,0.234,0.398,0.393,0.373,0.437,0.224,0.548,0.194,0.27,0.343,0.068,0.278,0.138,0.491,0.296,0.357,0.325
LANC,0.529,0.813,0.873,0.82,0.241,0.776,0.884,-0.49,0.843,0.792,0.3,0.374,0.883,-0.251,0.274,0.896,0.891,0.606,0.289,0.957,0.865,0.459,0.864,0.89,0.458,0.813,0.751,0.662,0.618,0.893,0.874,0.942,0.849,0.916,0.844,0.885,0.693,0.646,0.72,0.602,0.649,0.656,0.45,0.179,0.894,0.701,0.751,0.767,0.836,0.755,0.892,0.328,0.847,0.544,0.821,0.908,0.748,0.703,0.813,0.472,0.537,0.827,0.577,0.172,0.433,0.753,0.603,0.915,0.86,0.655,0.737,0.781,0.822,0.648,0.883,0.796,0.76,0.624,0.649,0.071,0.23,0.046,-0.469,0.297,0.741,0.738,0.681,0.416,0.922,0.79,0.801,0.537,0.744,0.66,0.898,0.679,0.878,0.84,0.116,0.0,0.815,0.811,0.863,0.887,0.629,0.886,0.867,0.746,0.313,0.872,0.724,0.753,0.782,0.765,0.69,0.792,0.663,0.861,0.746,0.745,0.628,0.669,0.773,0.641,0.868,0.406,0.906,0.546,0.364,0.008,0.864,0.772,0.445,0.739,0.161,0.801,0.665,0.725,0.826,0.55,0.753,0.747,0.754,0.626,0.74,0.245,0.819,0.814,0.893,0.529,0.894,0.463,0.853,0.84,0.835,0.795,0.675,0.766,0.823,0.809,0.626,0.787,0.244,0.886,0.221,0.83,0.871,0.843,0.705,0.761,0.781,0.865,0.816,0.433,0.908,0.758,0.786,0.829,0.692,0.505,0.77,0.806,0.65,0.683,0.424,0.757,0.791,0.667,0.605,0.211,0.902,0.902,0.795,-0.004,0.597,-0.367,0.688,0.362,0.829,0.176
LBTYA,0.365,0.961,0.837,0.948,0.676,0.959,0.844,-0.676,0.949,0.927,-0.113,0.771,0.95,-0.2,0.392,0.947,0.885,0.619,0.327,0.839,0.675,0.264,0.751,0.821,0.148,0.935,0.969,0.845,0.862,0.961,0.922,0.901,0.985,0.883,0.885,0.926,0.583,0.907,0.727,0.492,0.935,0.879,0.747,0.519,0.937,0.853,0.642,0.906,0.893,0.969,0.91,-0.0,0.757,0.72,0.721,0.905,0.974,0.887,0.601,0.816,0.603,0.802,0.353,-0.031,0.255,0.895,0.337,0.843,0.835,0.922,0.741,0.945,0.982,0.816,0.939,0.923,0.967,0.306,0.888,0.016,0.129,-0.288,-0.764,0.096,0.875,0.863,0.939,0.372,0.827,0.797,0.89,0.36,0.951,0.881,0.861,0.912,0.861,0.816,0.2,0.815,0.0,0.838,0.793,0.813,0.764,0.857,0.947,0.829,0.565,0.781,0.692,0.622,0.945,0.946,0.681,0.956,0.82,0.816,0.886,0.756,0.494,0.922,0.78,0.397,0.931,0.319,0.847,0.835,0.675,-0.119,0.93,0.369,0.223,0.899,-0.139,0.966,0.491,0.964,0.893,0.684,0.473,0.558,0.879,0.909,0.947,0.537,0.918,0.898,0.801,0.671,0.801,0.449,0.968,0.948,0.937,0.474,0.916,0.852,0.856,0.888,0.923,0.687,-0.076,0.955,-0.087,0.78,0.927,0.944,0.638,0.875,0.764,0.863,0.965,0.275,0.828,0.593,0.97,0.591,0.822,0.33,0.933,0.893,0.443,0.386,0.259,0.865,0.722,0.828,0.928,0.197,0.862,0.914,0.713,-0.404,0.258,-0.57,0.794,0.272,0.839,-0.067
LIVN,0.748,0.809,0.818,0.856,0.318,0.832,0.955,-0.511,0.846,0.739,0.305,0.449,0.884,-0.039,0.498,0.921,0.942,0.787,0.066,0.828,0.796,0.328,0.909,0.943,0.356,0.903,0.806,0.879,0.822,0.888,0.831,0.888,0.831,0.874,0.853,0.869,0.603,0.712,0.855,0.644,0.717,0.658,0.529,0.367,0.902,0.802,0.769,0.848,0.95,0.734,0.914,0.106,0.862,0.457,0.847,0.879,0.84,0.849,0.799,0.464,0.387,0.807,0.697,0.007,0.149,0.74,0.683,0.919,0.895,0.668,0.721,0.815,0.887,0.61,0.905,0.852,0.874,0.611,0.686,-0.089,0.085,-0.199,-0.552,0.488,0.763,0.75,0.816,0.354,0.851,0.864,0.892,0.588,0.779,0.674,0.858,0.63,0.933,0.911,0.287,0.811,0.838,0.0,0.863,0.928,0.89,0.937,0.88,0.803,0.506,0.9,0.886,0.667,0.871,0.803,0.796,0.847,0.7,0.892,0.791,0.839,0.759,0.771,0.781,0.469,0.823,0.423,0.858,0.729,0.35,0.156,0.896,0.567,0.443,0.685,-0.019,0.9,0.781,0.747,0.847,0.481,0.723,0.664,0.822,0.645,0.765,0.379,0.794,0.775,0.933,0.586,0.894,0.248,0.876,0.918,0.726,0.713,0.654,0.789,0.885,0.884,0.699,0.907,0.266,0.866,0.303,0.827,0.808,0.884,0.868,0.848,0.611,0.85,0.893,0.294,0.92,0.85,0.869,0.584,0.676,0.573,0.796,0.875,0.638,0.648,0.537,0.893,0.908,0.844,0.687,0.408,0.9,0.922,0.79,-0.225,0.501,-0.22,0.732,0.385,0.977,0.365
LKCO,0.677,0.743,0.844,0.777,0.199,0.767,0.861,-0.389,0.797,0.73,0.365,0.338,0.833,0.005,0.377,0.887,0.912,0.733,0.223,0.888,0.89,0.535,0.921,0.922,0.51,0.807,0.739,0.778,0.667,0.866,0.875,0.914,0.81,0.902,0.873,0.804,0.677,0.625,0.74,0.561,0.65,0.581,0.426,0.272,0.874,0.75,0.86,0.79,0.877,0.693,0.881,0.291,0.827,0.449,0.875,0.843,0.749,0.718,0.841,0.371,0.453,0.84,0.684,0.14,0.346,0.655,0.702,0.891,0.868,0.58,0.794,0.723,0.823,0.53,0.905,0.757,0.779,0.676,0.675,0.092,0.3,-0.046,-0.406,0.459,0.667,0.644,0.687,0.441,0.883,0.848,0.802,0.672,0.698,0.628,0.87,0.563,0.885,0.831,0.189,0.863,0.793,0.863,0.0,0.9,0.781,0.898,0.824,0.779,0.406,0.907,0.787,0.738,0.807,0.726,0.704,0.767,0.687,0.833,0.698,0.725,0.738,0.705,0.742,0.558,0.812,0.533,0.897,0.582,0.34,0.246,0.878,0.702,0.558,0.666,0.164,0.827,0.749,0.7,0.807,0.412,0.818,0.771,0.802,0.613,0.708,0.194,0.765,0.778,0.924,0.62,0.907,0.388,0.837,0.853,0.771,0.795,0.582,0.716,0.84,0.873,0.631,0.856,0.355,0.823,0.385,0.866,0.835,0.821,0.823,0.726,0.675,0.855,0.798,0.427,0.921,0.855,0.787,0.71,0.665,0.486,0.766,0.8,0.698,0.739,0.535,0.792,0.877,0.747,0.574,0.318,0.875,0.879,0.77,-0.034,0.648,-0.275,0.723,0.497,0.876,0.38
LNTH,0.775,0.809,0.836,0.855,0.186,0.796,0.928,-0.536,0.817,0.724,0.44,0.34,0.882,-0.151,0.455,0.915,0.952,0.717,0.016,0.885,0.851,0.365,0.923,0.97,0.381,0.886,0.739,0.808,0.732,0.897,0.848,0.935,0.837,0.916,0.848,0.891,0.561,0.64,0.91,0.743,0.65,0.685,0.381,0.165,0.911,0.717,0.819,0.84,0.951,0.709,0.898,0.149,0.888,0.53,0.887,0.914,0.777,0.809,0.82,0.406,0.303,0.77,0.716,-0.033,0.182,0.746,0.778,0.977,0.942,0.629,0.751,0.788,0.849,0.581,0.922,0.857,0.798,0.658,0.644,-0.085,0.114,-0.172,-0.525,0.517,0.766,0.735,0.733,0.433,0.936,0.886,0.925,0.584,0.708,0.571,0.926,0.603,0.931,0.93,0.2,0.887,0.813,0.928,0.9,0.0,0.784,0.918,0.878,0.757,0.363,0.951,0.866,0.705,0.863,0.761,0.855,0.82,0.734,0.92,0.819,0.834,0.729,0.703,0.784,0.523,0.887,0.383,0.873,0.599,0.225,0.08,0.884,0.692,0.483,0.643,-0.004,0.842,0.771,0.693,0.838,0.456,0.825,0.719,0.785,0.592,0.731,0.316,0.749,0.721,0.971,0.448,0.937,0.278,0.894,0.878,0.761,0.841,0.624,0.771,0.841,0.846,0.608,0.892,0.252,0.869,0.324,0.901,0.809,0.869,0.883,0.805,0.618,0.835,0.876,0.235,0.965,0.885,0.825,0.714,0.612,0.605,0.781,0.869,0.685,0.699,0.495,0.798,0.878,0.74,0.624,0.366,0.951,0.926,0.77,-0.17,0.61,-0.319,0.717,0.391,0.912,0.307
LOGI,0.667,0.685,0.791,0.771,0.403,0.8,0.834,-0.421,0.788,0.716,0.181,0.475,0.791,0.21,0.658,0.828,0.836,0.88,0.099,0.68,0.728,0.316,0.833,0.837,0.361,0.843,0.789,0.922,0.84,0.804,0.751,0.763,0.747,0.788,0.818,0.734,0.592,0.714,0.746,0.524,0.748,0.566,0.616,0.584,0.811,0.822,0.754,0.792,0.858,0.651,0.841,0.106,0.789,0.394,0.795,0.751,0.759,0.83,0.721,0.416,0.427,0.756,0.693,0.109,0.153,0.657,0.61,0.78,0.782,0.598,0.679,0.765,0.827,0.522,0.819,0.711,0.853,0.558,0.682,0.012,0.222,-0.281,-0.428,0.521,0.688,0.692,0.807,0.449,0.694,0.845,0.776,0.61,0.717,0.706,0.713,0.575,0.864,0.768,0.458,0.629,0.764,0.89,0.781,0.784,0.0,0.867,0.805,0.852,0.678,0.797,0.866,0.696,0.849,0.766,0.687,0.802,0.635,0.8,0.663,0.777,0.78,0.795,0.754,0.387,0.68,0.501,0.756,0.745,0.473,0.255,0.79,0.363,0.508,0.67,0.072,0.862,0.784,0.73,0.815,0.505,0.634,0.636,0.829,0.638,0.731,0.441,0.774,0.728,0.809,0.645,0.769,0.317,0.78,0.84,0.638,0.547,0.607,0.772,0.793,0.84,0.72,0.851,0.342,0.771,0.351,0.727,0.746,0.827,0.823,0.807,0.578,0.824,0.787,0.349,0.806,0.764,0.838,0.447,0.696,0.572,0.767,0.814,0.647,0.579,0.564,0.88,0.875,0.88,0.664,0.575,0.735,0.836,0.783,-0.219,0.48,-0.125,0.702,0.413,0.905,0.464
LPRO,0.648,0.817,0.927,0.868,0.322,0.852,0.952,-0.479,0.903,0.833,0.297,0.437,0.924,-0.041,0.529,0.956,0.951,0.838,0.171,0.899,0.884,0.411,0.932,0.967,0.448,0.91,0.826,0.851,0.775,0.928,0.883,0.943,0.861,0.929,0.926,0.893,0.714,0.75,0.812,0.661,0.738,0.66,0.605,0.419,0.935,0.858,0.812,0.845,0.923,0.765,0.967,0.257,0.93,0.473,0.882,0.912,0.812,0.853,0.848,0.47,0.504,0.852,0.725,0.162,0.323,0.779,0.694,0.934,0.925,0.667,0.734,0.846,0.888,0.659,0.924,0.808,0.87,0.667,0.678,0.038,0.278,-0.137,-0.457,0.438,0.792,0.789,0.792,0.424,0.885,0.883,0.862,0.614,0.792,0.746,0.891,0.662,0.968,0.901,0.273,0.886,0.857,0.937,0.898,0.918,0.867,0.0,0.921,0.895,0.521,0.911,0.88,0.796,0.879,0.84,0.763,0.879,0.694,0.936,0.741,0.866,0.817,0.778,0.877,0.58,0.854,0.505,0.901,0.704,0.439,0.124,0.904,0.633,0.51,0.768,0.136,0.909,0.804,0.78,0.915,0.577,0.772,0.774,0.875,0.665,0.808,0.378,0.874,0.855,0.932,0.65,0.925,0.424,0.89,0.937,0.792,0.766,0.69,0.859,0.862,0.883,0.716,0.915,0.353,0.912,0.337,0.844,0.881,0.916,0.826,0.885,0.756,0.933,0.87,0.44,0.948,0.843,0.885,0.692,0.788,0.638,0.854,0.858,0.733,0.71,0.59,0.912,0.916,0.874,0.672,0.397,0.914,0.957,0.868,-0.116,0.617,-0.246,0.708,0.385,0.955,0.383
LRCX,0.47,0.953,0.929,0.968,0.562,0.944,0.918,-0.676,0.98,0.933,0.053,0.661,0.984,-0.245,0.536,0.968,0.926,0.733,0.236,0.869,0.761,0.232,0.816,0.898,0.223,0.975,0.933,0.851,0.839,0.974,0.898,0.932,0.957,0.918,0.927,0.965,0.611,0.884,0.807,0.669,0.889,0.849,0.735,0.502,0.971,0.873,0.682,0.893,0.911,0.912,0.961,0.07,0.905,0.668,0.782,0.965,0.901,0.935,0.698,0.72,0.547,0.793,0.551,0.038,0.284,0.933,0.502,0.916,0.908,0.86,0.716,0.963,0.947,0.846,0.918,0.908,0.935,0.456,0.773,-0.017,0.132,-0.29,-0.664,0.234,0.921,0.917,0.91,0.432,0.87,0.845,0.921,0.383,0.92,0.832,0.879,0.858,0.949,0.883,0.264,0.867,0.947,0.88,0.824,0.878,0.805,0.921,0.0,0.911,0.547,0.841,0.829,0.748,0.956,0.96,0.762,0.985,0.767,0.932,0.866,0.894,0.654,0.867,0.916,0.504,0.95,0.307,0.847,0.787,0.586,-0.155,0.897,0.467,0.332,0.899,-0.044,0.955,0.642,0.901,0.959,0.755,0.585,0.638,0.878,0.796,0.942,0.588,0.951,0.872,0.867,0.589,0.849,0.5,0.966,0.961,0.875,0.592,0.879,0.932,0.854,0.848,0.835,0.803,0.082,0.988,0.024,0.788,0.92,0.984,0.697,0.961,0.817,0.924,0.959,0.307,0.892,0.675,0.958,0.641,0.823,0.565,0.934,0.892,0.581,0.493,0.352,0.907,0.788,0.861,0.856,0.333,0.919,0.961,0.797,-0.325,0.409,-0.47,0.751,0.203,0.884,0.079
LSCC,0.44,0.794,0.943,0.853,0.526,0.858,0.83,-0.464,0.925,0.882,0.061,0.588,0.87,0.049,0.654,0.891,0.838,0.864,0.306,0.774,0.77,0.333,0.807,0.838,0.385,0.876,0.845,0.862,0.791,0.881,0.833,0.831,0.835,0.855,0.925,0.805,0.711,0.824,0.682,0.544,0.82,0.68,0.771,0.684,0.873,0.923,0.729,0.834,0.819,0.782,0.903,0.248,0.883,0.54,0.782,0.826,0.779,0.851,0.722,0.58,0.635,0.786,0.603,0.272,0.402,0.8,0.523,0.809,0.799,0.702,0.678,0.849,0.851,0.733,0.828,0.727,0.861,0.535,0.702,0.18,0.357,-0.205,-0.425,0.349,0.779,0.81,0.834,0.446,0.752,0.852,0.751,0.503,0.824,0.827,0.745,0.709,0.92,0.777,0.421,0.746,0.829,0.803,0.779,0.757,0.852,0.895,0.911,0.0,0.655,0.789,0.811,0.842,0.882,0.86,0.653,0.9,0.68,0.845,0.682,0.826,0.788,0.843,0.917,0.546,0.803,0.508,0.797,0.762,0.656,0.017,0.81,0.382,0.488,0.864,0.197,0.889,0.695,0.813,0.912,0.704,0.579,0.721,0.889,0.718,0.858,0.558,0.924,0.865,0.771,0.681,0.786,0.586,0.838,0.891,0.768,0.542,0.739,0.882,0.771,0.817,0.797,0.809,0.304,0.872,0.208,0.727,0.861,0.886,0.648,0.908,0.823,0.916,0.821,0.504,0.813,0.674,0.876,0.581,0.84,0.587,0.889,0.782,0.714,0.561,0.518,0.921,0.811,0.908,0.734,0.41,0.786,0.868,0.81,-0.149,0.508,-0.236,0.717,0.312,0.844,0.289
LSTR,0.243,0.474,0.522,0.564,0.612,0.612,0.462,-0.151,0.565,0.594,-0.263,0.647,0.558,0.249,0.581,0.532,0.459,0.565,0.239,0.309,0.359,0.086,0.433,0.431,0.114,0.587,0.667,0.765,0.769,0.523,0.442,0.4,0.51,0.44,0.503,0.44,0.376,0.663,0.417,0.212,0.679,0.466,0.68,0.716,0.533,0.707,0.404,0.6,0.506,0.541,0.54,0.011,0.446,0.419,0.43,0.438,0.575,0.632,0.298,0.498,0.483,0.46,0.302,0.136,0.209,0.519,0.132,0.351,0.407,0.541,0.402,0.61,0.601,0.461,0.507,0.479,0.643,0.165,0.563,0.267,0.346,-0.411,-0.309,0.145,0.54,0.524,0.678,0.277,0.306,0.542,0.424,0.251,0.634,0.721,0.328,0.551,0.513,0.368,0.531,0.313,0.565,0.506,0.406,0.363,0.678,0.521,0.547,0.655,0.0,0.399,0.534,0.438,0.608,0.625,0.308,0.616,0.448,0.464,0.423,0.489,0.481,0.631,0.497,0.099,0.43,0.275,0.398,0.702,0.605,0.078,0.466,-0.03,0.247,0.62,0.05,0.652,0.407,0.624,0.576,0.588,0.165,0.341,0.62,0.595,0.638,0.572,0.633,0.548,0.375,0.585,0.363,0.359,0.516,0.608,0.439,0.054,0.553,0.593,0.521,0.548,0.702,0.41,0.044,0.517,0.019,0.425,0.504,0.547,0.39,0.586,0.5,0.573,0.523,0.301,0.401,0.322,0.67,0.195,0.624,0.287,0.557,0.517,0.318,0.175,0.28,0.649,0.478,0.687,0.626,0.299,0.328,0.514,0.528,-0.288,0.115,-0.13,0.584,0.145,0.549,0.171
MAR,0.725,0.744,0.87,0.823,0.156,0.764,0.911,-0.408,0.814,0.717,0.455,0.295,0.84,0.055,0.431,0.897,0.949,0.783,0.198,0.896,0.895,0.501,0.978,0.95,0.551,0.833,0.713,0.812,0.715,0.891,0.873,0.917,0.813,0.915,0.872,0.825,0.686,0.589,0.794,0.633,0.61,0.606,0.373,0.251,0.878,0.728,0.877,0.842,0.934,0.658,0.882,0.344,0.869,0.568,0.964,0.856,0.733,0.723,0.901,0.349,0.442,0.878,0.716,0.2,0.359,0.665,0.802,0.947,0.884,0.539,0.765,0.729,0.834,0.534,0.905,0.763,0.758,0.746,0.625,0.059,0.23,-0.077,-0.408,0.591,0.67,0.702,0.7,0.454,0.958,0.918,0.841,0.714,0.693,0.561,0.883,0.53,0.928,0.894,0.262,0.872,0.781,0.9,0.907,0.951,0.797,0.911,0.841,0.789,0.399,0.0,0.805,0.828,0.838,0.71,0.842,0.769,0.766,0.866,0.756,0.763,0.784,0.721,0.774,0.668,0.821,0.586,0.926,0.547,0.294,0.182,0.896,0.707,0.636,0.674,0.196,0.805,0.818,0.679,0.815,0.393,0.858,0.832,0.83,0.617,0.672,0.226,0.745,0.777,0.947,0.513,0.973,0.351,0.848,0.846,0.785,0.857,0.551,0.75,0.814,0.886,0.622,0.923,0.428,0.821,0.46,0.935,0.832,0.815,0.866,0.76,0.664,0.85,0.809,0.428,0.963,0.939,0.777,0.77,0.612,0.566,0.761,0.876,0.814,0.809,0.616,0.8,0.907,0.733,0.57,0.414,0.919,0.898,0.814,0.025,0.7,-0.13,0.763,0.56,0.903,0.379
MARA,0.776,0.708,0.797,0.783,0.22,0.753,0.876,-0.452,0.764,0.668,0.394,0.334,0.822,-0.079,0.717,0.818,0.828,0.822,-0.123,0.722,0.786,0.219,0.831,0.902,0.346,0.862,0.691,0.826,0.737,0.776,0.683,0.8,0.69,0.809,0.789,0.795,0.523,0.65,0.864,0.78,0.63,0.55,0.506,0.354,0.839,0.769,0.735,0.722,0.844,0.59,0.853,0.083,0.912,0.342,0.762,0.826,0.665,0.854,0.755,0.321,0.249,0.637,0.835,0.023,0.103,0.744,0.754,0.85,0.872,0.546,0.627,0.763,0.746,0.567,0.772,0.739,0.779,0.665,0.523,-0.083,0.151,-0.298,-0.378,0.572,0.748,0.723,0.719,0.407,0.724,0.816,0.826,0.514,0.651,0.586,0.761,0.527,0.897,0.808,0.436,0.724,0.692,0.886,0.787,0.866,0.866,0.88,0.829,0.811,0.534,0.805,0.0,0.673,0.816,0.758,0.738,0.8,0.543,0.915,0.651,0.904,0.842,0.64,0.84,0.403,0.755,0.28,0.703,0.641,0.237,0.088,0.708,0.547,0.455,0.587,0.059,0.81,0.841,0.598,0.827,0.564,0.738,0.62,0.738,0.439,0.711,0.484,0.747,0.628,0.863,0.459,0.774,0.334,0.769,0.829,0.545,0.688,0.573,0.805,0.786,0.723,0.536,0.888,0.322,0.807,0.339,0.714,0.689,0.838,0.842,0.855,0.606,0.83,0.79,0.243,0.836,0.794,0.787,0.493,0.629,0.772,0.728,0.746,0.65,0.605,0.504,0.83,0.857,0.815,0.557,0.537,0.815,0.859,0.74,-0.197,0.587,-0.198,0.603,0.187,0.896,0.493
MCHP,0.432,0.583,0.902,0.686,0.179,0.645,0.773,-0.236,0.766,0.726,0.319,0.245,0.723,0.146,0.491,0.76,0.764,0.819,0.432,0.792,0.834,0.481,0.835,0.77,0.648,0.683,0.626,0.645,0.561,0.77,0.754,0.767,0.675,0.796,0.829,0.676,0.781,0.527,0.529,0.489,0.553,0.446,0.479,0.444,0.739,0.698,0.762,0.646,0.703,0.534,0.792,0.556,0.835,0.48,0.87,0.727,0.523,0.587,0.844,0.283,0.629,0.823,0.668,0.552,0.621,0.588,0.657,0.759,0.685,0.4,0.608,0.637,0.679,0.525,0.705,0.493,0.612,0.739,0.472,0.25,0.408,0.073,-0.143,0.497,0.55,0.667,0.573,0.434,0.794,0.805,0.588,0.662,0.6,0.568,0.658,0.445,0.835,0.701,0.388,0.753,0.622,0.667,0.738,0.705,0.696,0.796,0.748,0.842,0.438,0.828,0.673,0.0,0.69,0.636,0.641,0.675,0.589,0.757,0.515,0.683,0.779,0.609,0.8,0.813,0.629,0.662,0.812,0.427,0.449,0.135,0.704,0.595,0.714,0.724,0.5,0.661,0.775,0.593,0.781,0.508,0.724,0.843,0.75,0.513,0.596,0.262,0.762,0.758,0.734,0.501,0.813,0.598,0.659,0.683,0.671,0.716,0.479,0.753,0.635,0.717,0.555,0.83,0.597,0.713,0.469,0.746,0.766,0.708,0.637,0.718,0.774,0.825,0.597,0.662,0.801,0.742,0.638,0.71,0.643,0.63,0.674,0.72,0.882,0.787,0.66,0.725,0.776,0.659,0.446,0.493,0.725,0.763,0.826,0.251,0.746,0.041,0.625,0.482,0.726,0.401
MEOH,0.498,0.936,0.86,0.961,0.605,0.939,0.863,-0.676,0.935,0.879,0.028,0.686,0.937,-0.109,0.56,0.932,0.906,0.72,0.175,0.796,0.703,0.212,0.8,0.87,0.179,0.968,0.925,0.915,0.885,0.952,0.88,0.887,0.941,0.888,0.9,0.914,0.541,0.881,0.812,0.624,0.893,0.861,0.705,0.52,0.94,0.856,0.695,0.935,0.936,0.888,0.906,-0.014,0.826,0.736,0.78,0.896,0.921,0.937,0.64,0.723,0.493,0.765,0.501,-0.037,0.187,0.898,0.492,0.887,0.886,0.843,0.718,0.935,0.956,0.79,0.924,0.916,0.948,0.395,0.812,-0.019,0.121,-0.393,-0.718,0.285,0.888,0.872,0.932,0.47,0.829,0.87,0.933,0.398,0.902,0.8,0.857,0.836,0.909,0.846,0.327,0.782,0.945,0.871,0.807,0.863,0.849,0.879,0.956,0.882,0.608,0.838,0.816,0.69,0.0,0.927,0.794,0.959,0.831,0.865,0.893,0.842,0.621,0.913,0.851,0.395,0.931,0.335,0.811,0.798,0.579,-0.112,0.889,0.354,0.323,0.85,-0.121,0.949,0.607,0.909,0.909,0.672,0.549,0.609,0.889,0.835,0.918,0.6,0.889,0.828,0.841,0.58,0.823,0.409,0.956,0.938,0.864,0.522,0.856,0.884,0.833,0.873,0.868,0.778,0.034,0.94,0.03,0.813,0.881,0.947,0.725,0.916,0.722,0.889,0.961,0.227,0.853,0.681,0.951,0.601,0.772,0.486,0.925,0.894,0.553,0.449,0.314,0.883,0.772,0.857,0.883,0.344,0.888,0.927,0.726,-0.395,0.35,-0.452,0.811,0.271,0.866,0.069
META,0.326,0.951,0.854,0.953,0.706,0.958,0.837,-0.693,0.954,0.947,-0.159,0.786,0.962,-0.308,0.551,0.91,0.835,0.652,0.265,0.771,0.638,0.094,0.69,0.79,0.071,0.958,0.966,0.826,0.867,0.923,0.834,0.849,0.941,0.83,0.86,0.937,0.525,0.94,0.732,0.592,0.949,0.864,0.838,0.601,0.925,0.854,0.542,0.837,0.831,0.935,0.907,-0.059,0.816,0.671,0.645,0.917,0.91,0.941,0.552,0.823,0.567,0.722,0.425,-0.02,0.244,0.954,0.318,0.803,0.818,0.927,0.646,0.989,0.933,0.887,0.849,0.888,0.947,0.287,0.79,-0.053,0.079,-0.387,-0.718,0.06,0.941,0.936,0.94,0.359,0.753,0.745,0.875,0.231,0.954,0.893,0.783,0.926,0.856,0.783,0.264,0.765,0.946,0.803,0.726,0.761,0.766,0.84,0.96,0.86,0.625,0.71,0.758,0.636,0.927,0.0,0.658,0.982,0.715,0.872,0.84,0.851,0.52,0.865,0.856,0.384,0.902,0.177,0.744,0.845,0.683,-0.249,0.827,0.31,0.176,0.921,-0.133,0.951,0.535,0.936,0.941,0.846,0.415,0.487,0.843,0.839,0.974,0.69,0.943,0.842,0.76,0.613,0.725,0.51,0.931,0.928,0.842,0.401,0.951,0.938,0.818,0.788,0.883,0.673,-0.073,0.965,-0.148,0.661,0.884,0.963,0.59,0.945,0.806,0.878,0.936,0.238,0.779,0.516,0.966,0.494,0.847,0.488,0.924,0.86,0.421,0.306,0.219,0.87,0.674,0.843,0.922,0.333,0.82,0.909,0.732,-0.452,0.234,-0.557,0.7,0.065,0.811,-0.051
MGTX,0.629,0.711,0.68,0.768,0.196,0.647,0.818,-0.528,0.69,0.566,0.382,0.273,0.74,-0.15,0.49,0.745,0.827,0.61,-0.064,0.675,0.585,0.07,0.754,0.81,0.152,0.794,0.616,0.692,0.674,0.765,0.641,0.721,0.703,0.702,0.683,0.794,0.3,0.53,0.8,0.758,0.531,0.697,0.307,0.135,0.743,0.52,0.591,0.741,0.856,0.56,0.712,-0.055,0.762,0.618,0.785,0.762,0.658,0.739,0.609,0.4,0.143,0.587,0.597,-0.155,-0.034,0.663,0.706,0.85,0.788,0.518,0.44,0.716,0.729,0.577,0.741,0.749,0.665,0.454,0.447,-0.274,-0.146,-0.314,-0.564,0.478,0.711,0.732,0.645,0.432,0.834,0.77,0.855,0.38,0.62,0.385,0.74,0.522,0.806,0.824,0.191,0.69,0.681,0.796,0.704,0.855,0.687,0.763,0.762,0.653,0.308,0.842,0.738,0.641,0.794,0.658,0.0,0.718,0.736,0.786,0.795,0.794,0.596,0.577,0.711,0.407,0.747,0.245,0.681,0.475,0.118,-0.156,0.714,0.427,0.322,0.548,-0.181,0.688,0.641,0.578,0.716,0.399,0.602,0.503,0.654,0.509,0.596,0.367,0.584,0.519,0.83,0.145,0.786,0.037,0.767,0.693,0.609,0.666,0.531,0.72,0.606,0.664,0.522,0.797,0.175,0.714,0.216,0.749,0.594,0.73,0.742,0.76,0.424,0.675,0.768,0.005,0.805,0.735,0.685,0.568,0.425,0.586,0.652,0.791,0.603,0.528,0.385,0.638,0.667,0.589,0.593,0.42,0.835,0.764,0.618,-0.284,0.4,-0.165,0.593,0.271,0.749,0.141
MKSI,0.399,0.958,0.883,0.968,0.667,0.955,0.869,-0.694,0.97,0.939,-0.073,0.752,0.972,-0.261,0.568,0.94,0.879,0.697,0.222,0.796,0.674,0.138,0.743,0.842,0.109,0.976,0.958,0.866,0.873,0.948,0.862,0.88,0.951,0.866,0.896,0.944,0.537,0.937,0.787,0.637,0.934,0.884,0.803,0.578,0.945,0.885,0.611,0.893,0.88,0.935,0.93,-0.037,0.857,0.687,0.707,0.933,0.923,0.962,0.596,0.792,0.536,0.731,0.477,-0.036,0.217,0.951,0.404,0.852,0.864,0.907,0.669,0.983,0.948,0.875,0.89,0.91,0.953,0.34,0.793,-0.036,0.1,-0.388,-0.713,0.145,0.943,0.926,0.94,0.399,0.798,0.799,0.909,0.291,0.946,0.872,0.823,0.902,0.904,0.839,0.27,0.792,0.956,0.847,0.767,0.82,0.802,0.879,0.985,0.9,0.616,0.769,0.8,0.675,0.959,0.982,0.718,0.0,0.763,0.897,0.865,0.879,0.593,0.887,0.895,0.4,0.935,0.234,0.778,0.848,0.645,-0.215,0.861,0.34,0.241,0.912,-0.133,0.967,0.564,0.927,0.949,0.8,0.476,0.545,0.871,0.829,0.975,0.665,0.948,0.85,0.803,0.598,0.777,0.481,0.956,0.956,0.856,0.476,0.924,0.935,0.826,0.82,0.88,0.731,-0.025,0.974,-0.078,0.728,0.893,0.977,0.644,0.965,0.789,0.897,0.96,0.236,0.828,0.588,0.976,0.543,0.841,0.521,0.941,0.87,0.49,0.375,0.274,0.9,0.728,0.875,0.912,0.311,0.863,0.929,0.75,-0.439,0.291,-0.521,0.731,0.118,0.848,0.006
MMYT,0.348,0.767,0.675,0.805,0.489,0.77,0.699,-0.56,0.765,0.672,-0.037,0.585,0.737,-0.023,0.369,0.793,0.772,0.498,0.308,0.673,0.528,0.278,0.691,0.709,0.144,0.748,0.755,0.743,0.783,0.817,0.785,0.747,0.812,0.723,0.739,0.734,0.432,0.68,0.613,0.376,0.695,0.799,0.484,0.38,0.793,0.702,0.653,0.862,0.822,0.767,0.695,-0.039,0.589,0.788,0.724,0.7,0.826,0.694,0.513,0.651,0.429,0.674,0.253,-0.07,0.133,0.69,0.376,0.739,0.677,0.682,0.606,0.749,0.836,0.657,0.838,0.779,0.747,0.253,0.762,-0.004,0.066,-0.355,-0.69,0.242,0.647,0.723,0.769,0.353,0.777,0.751,0.764,0.347,0.778,0.622,0.736,0.68,0.742,0.696,0.232,0.663,0.82,0.7,0.687,0.734,0.635,0.694,0.767,0.68,0.448,0.766,0.543,0.589,0.831,0.715,0.736,0.763,0.0,0.631,0.823,0.615,0.466,0.763,0.606,0.369,0.797,0.358,0.731,0.685,0.462,-0.104,0.837,0.256,0.188,0.745,-0.175,0.765,0.424,0.775,0.681,0.415,0.456,0.537,0.752,0.793,0.72,0.361,0.708,0.708,0.675,0.464,0.742,0.173,0.821,0.778,0.834,0.472,0.67,0.656,0.661,0.816,0.768,0.638,-0.045,0.739,0.023,0.789,0.723,0.717,0.6,0.702,0.505,0.698,0.809,0.17,0.701,0.624,0.771,0.613,0.543,0.162,0.774,0.771,0.515,0.389,0.363,0.713,0.612,0.674,0.776,0.216,0.752,0.734,0.566,-0.328,0.229,-0.385,0.784,0.411,0.699,-0.081
MORN,0.638,0.838,0.908,0.886,0.316,0.838,0.933,-0.567,0.884,0.832,0.303,0.437,0.941,-0.263,0.603,0.912,0.917,0.78,0.044,0.852,0.828,0.228,0.861,0.938,0.312,0.934,0.801,0.799,0.746,0.897,0.805,0.91,0.838,0.889,0.872,0.932,0.571,0.755,0.883,0.82,0.731,0.698,0.591,0.357,0.922,0.789,0.704,0.786,0.875,0.74,0.946,0.141,0.972,0.493,0.8,0.957,0.752,0.897,0.775,0.492,0.382,0.738,0.768,0.053,0.253,0.853,0.696,0.929,0.936,0.692,0.667,0.882,0.835,0.713,0.851,0.818,0.826,0.62,0.588,-0.086,0.132,-0.252,-0.477,0.385,0.876,0.852,0.771,0.415,0.87,0.823,0.901,0.453,0.777,0.688,0.849,0.688,0.945,0.899,0.248,0.861,0.816,0.892,0.833,0.92,0.8,0.936,0.932,0.845,0.464,0.866,0.915,0.757,0.865,0.872,0.786,0.897,0.631,0.0,0.753,0.94,0.757,0.699,0.916,0.542,0.877,0.276,0.801,0.663,0.37,-0.069,0.806,0.619,0.435,0.752,0.049,0.872,0.783,0.737,0.944,0.704,0.729,0.658,0.815,0.585,0.829,0.502,0.852,0.752,0.913,0.485,0.86,0.444,0.879,0.901,0.722,0.739,0.732,0.916,0.808,0.763,0.644,0.871,0.249,0.927,0.223,0.772,0.828,0.932,0.792,0.919,0.756,0.9,0.863,0.291,0.922,0.773,0.871,0.621,0.743,0.771,0.824,0.848,0.657,0.611,0.451,0.853,0.837,0.807,0.672,0.468,0.91,0.947,0.834,-0.211,0.577,-0.325,0.612,0.157,0.89,0.292
MRUS,0.42,0.903,0.701,0.92,0.562,0.871,0.793,-0.74,0.837,0.762,-0.031,0.664,0.858,-0.314,0.402,0.844,0.823,0.486,0.175,0.721,0.535,0.073,0.668,0.761,-0.017,0.888,0.85,0.767,0.832,0.882,0.804,0.803,0.905,0.776,0.757,0.887,0.347,0.781,0.749,0.553,0.81,0.912,0.55,0.304,0.865,0.662,0.524,0.883,0.879,0.864,0.765,-0.191,0.678,0.804,0.685,0.828,0.9,0.826,0.488,0.762,0.356,0.641,0.286,-0.248,0.032,0.846,0.374,0.839,0.786,0.838,0.594,0.872,0.895,0.804,0.856,0.948,0.846,0.215,0.758,-0.197,-0.144,-0.366,-0.857,0.166,0.831,0.845,0.877,0.341,0.793,0.746,0.911,0.211,0.843,0.661,0.817,0.828,0.78,0.813,0.16,0.746,0.886,0.791,0.698,0.819,0.663,0.741,0.866,0.682,0.423,0.756,0.651,0.515,0.893,0.84,0.795,0.865,0.823,0.753,0.0,0.757,0.38,0.806,0.692,0.335,0.905,0.158,0.72,0.718,0.445,-0.265,0.851,0.28,0.104,0.762,-0.353,0.842,0.461,0.841,0.773,0.561,0.43,0.465,0.704,0.818,0.818,0.556,0.75,0.702,0.778,0.355,0.76,0.176,0.926,0.832,0.84,0.461,0.831,0.763,0.752,0.788,0.783,0.642,-0.151,0.859,-0.138,0.734,0.787,0.853,0.638,0.814,0.544,0.739,0.932,-0.004,0.763,0.566,0.848,0.574,0.595,0.316,0.835,0.858,0.41,0.289,0.18,0.732,0.595,0.682,0.867,0.261,0.845,0.843,0.624,-0.51,0.151,-0.552,0.762,0.22,0.762,-0.19
MTLS,0.574,0.8,0.83,0.857,0.378,0.792,0.883,-0.602,0.842,0.76,0.2,0.457,0.886,-0.315,0.695,0.838,0.833,0.728,-0.023,0.716,0.672,0.046,0.747,0.861,0.133,0.912,0.763,0.768,0.744,0.822,0.685,0.794,0.766,0.77,0.8,0.876,0.416,0.76,0.842,0.835,0.709,0.719,0.64,0.415,0.86,0.761,0.571,0.753,0.816,0.695,0.859,-0.044,0.921,0.492,0.699,0.877,0.724,0.918,0.629,0.522,0.277,0.593,0.712,-0.059,0.101,0.858,0.623,0.852,0.865,0.67,0.478,0.876,0.786,0.765,0.755,0.806,0.787,0.475,0.501,-0.199,0.01,-0.382,-0.527,0.317,0.881,0.872,0.763,0.396,0.752,0.733,0.865,0.275,0.753,0.642,0.742,0.678,0.887,0.824,0.284,0.745,0.756,0.839,0.725,0.834,0.777,0.866,0.894,0.826,0.489,0.763,0.904,0.683,0.842,0.851,0.794,0.879,0.615,0.94,0.757,0.0,0.728,0.642,0.925,0.417,0.824,0.143,0.656,0.681,0.345,-0.195,0.716,0.429,0.273,0.731,-0.097,0.825,0.716,0.697,0.886,0.727,0.595,0.528,0.752,0.537,0.808,0.609,0.815,0.655,0.82,0.366,0.748,0.304,0.825,0.847,0.626,0.609,0.728,0.914,0.701,0.673,0.612,0.811,0.167,0.87,0.131,0.647,0.713,0.887,0.727,0.942,0.645,0.842,0.835,0.148,0.808,0.663,0.83,0.531,0.684,0.774,0.788,0.763,0.582,0.456,0.393,0.824,0.731,0.81,0.684,0.481,0.837,0.88,0.76,-0.355,0.419,-0.297,0.525,0.004,0.834,0.223
MTSI,0.737,0.45,0.775,0.567,-0.009,0.547,0.75,-0.123,0.629,0.514,0.516,0.091,0.625,0.271,0.634,0.697,0.727,0.864,0.029,0.644,0.817,0.493,0.851,0.826,0.615,0.642,0.479,0.719,0.548,0.63,0.597,0.688,0.494,0.714,0.729,0.551,0.654,0.443,0.654,0.586,0.395,0.269,0.382,0.376,0.682,0.737,0.819,0.613,0.696,0.373,0.736,0.421,0.83,0.172,0.789,0.63,0.455,0.615,0.834,0.049,0.316,0.665,0.87,0.353,0.333,0.472,0.818,0.722,0.728,0.25,0.565,0.52,0.566,0.327,0.651,0.47,0.562,0.81,0.352,0.173,0.451,-0.08,-0.004,0.7,0.471,0.493,0.487,0.392,0.657,0.768,0.562,0.69,0.458,0.455,0.623,0.24,0.818,0.679,0.442,0.628,0.494,0.759,0.738,0.729,0.78,0.817,0.654,0.788,0.481,0.784,0.842,0.779,0.621,0.52,0.596,0.593,0.466,0.757,0.38,0.728,0.0,0.488,0.761,0.564,0.552,0.581,0.676,0.468,0.19,0.36,0.628,0.601,0.671,0.493,0.4,0.63,0.873,0.414,0.677,0.348,0.817,0.765,0.704,0.293,0.499,0.192,0.641,0.601,0.745,0.526,0.752,0.353,0.573,0.698,0.442,0.748,0.289,0.629,0.617,0.672,0.39,0.872,0.644,0.603,0.652,0.69,0.586,0.623,0.773,0.668,0.565,0.739,0.546,0.534,0.755,0.857,0.591,0.55,0.549,0.697,0.591,0.567,0.832,0.787,0.77,0.769,0.876,0.77,0.29,0.492,0.668,0.708,0.735,0.178,0.773,0.149,0.517,0.42,0.797,0.736
MVIS,0.323,0.871,0.796,0.888,0.728,0.925,0.728,-0.599,0.902,0.881,-0.165,0.799,0.845,0.059,0.449,0.867,0.803,0.683,0.376,0.725,0.626,0.296,0.704,0.725,0.221,0.859,0.919,0.881,0.862,0.892,0.89,0.803,0.917,0.821,0.862,0.791,0.633,0.879,0.624,0.331,0.921,0.789,0.763,0.667,0.853,0.869,0.64,0.895,0.834,0.901,0.825,0.067,0.665,0.698,0.678,0.768,0.914,0.817,0.57,0.773,0.663,0.787,0.29,0.092,0.291,0.799,0.287,0.749,0.737,0.849,0.772,0.846,0.92,0.734,0.867,0.821,0.925,0.298,0.9,0.146,0.209,-0.299,-0.691,0.193,0.754,0.774,0.939,0.398,0.709,0.805,0.789,0.433,0.894,0.872,0.757,0.827,0.8,0.732,0.349,0.669,0.922,0.771,0.705,0.703,0.795,0.778,0.867,0.843,0.631,0.721,0.64,0.609,0.913,0.865,0.577,0.887,0.763,0.699,0.806,0.642,0.488,0.0,0.714,0.374,0.827,0.45,0.789,0.832,0.771,-0.012,0.872,0.217,0.322,0.858,-0.033,0.91,0.475,0.927,0.82,0.601,0.398,0.598,0.876,0.915,0.877,0.58,0.858,0.886,0.699,0.722,0.732,0.505,0.885,0.883,0.875,0.351,0.84,0.774,0.812,0.879,0.932,0.642,0.011,0.86,-0.026,0.722,0.895,0.864,0.575,0.802,0.723,0.821,0.885,0.358,0.735,0.555,0.906,0.518,0.793,0.259,0.899,0.836,0.481,0.365,0.289,0.855,0.698,0.836,0.887,0.254,0.756,0.823,0.669,-0.336,0.245,-0.422,0.842,0.389,0.783,0.002
MXL,0.441,0.808,0.918,0.857,0.425,0.802,0.849,-0.551,0.898,0.848,0.166,0.478,0.89,-0.209,0.628,0.852,0.829,0.777,0.144,0.773,0.743,0.188,0.766,0.85,0.263,0.895,0.788,0.763,0.678,0.854,0.762,0.826,0.797,0.827,0.875,0.85,0.569,0.795,0.74,0.763,0.746,0.701,0.716,0.523,0.856,0.828,0.616,0.78,0.783,0.736,0.891,0.166,0.942,0.532,0.733,0.876,0.708,0.882,0.689,0.548,0.468,0.688,0.681,0.158,0.33,0.861,0.593,0.835,0.86,0.675,0.544,0.863,0.788,0.778,0.762,0.74,0.791,0.53,0.533,0.017,0.208,-0.275,-0.436,0.274,0.862,0.852,0.75,0.452,0.772,0.751,0.805,0.344,0.772,0.708,0.751,0.706,0.895,0.804,0.282,0.773,0.78,0.781,0.742,0.784,0.754,0.877,0.916,0.917,0.497,0.774,0.84,0.8,0.851,0.856,0.711,0.895,0.606,0.916,0.692,0.925,0.761,0.714,0.0,0.545,0.839,0.313,0.716,0.643,0.497,-0.172,0.729,0.453,0.42,0.816,0.098,0.829,0.689,0.748,0.912,0.762,0.6,0.646,0.818,0.601,0.841,0.564,0.886,0.767,0.784,0.479,0.768,0.536,0.826,0.855,0.712,0.6,0.752,0.92,0.686,0.694,0.67,0.789,0.268,0.888,0.155,0.671,0.804,0.896,0.647,0.932,0.798,0.888,0.803,0.353,0.821,0.648,0.827,0.588,0.788,0.745,0.836,0.743,0.65,0.522,0.389,0.838,0.742,0.83,0.676,0.404,0.829,0.885,0.787,-0.198,0.511,-0.27,0.558,0.08,0.798,0.225
NBIX,0.286,0.374,0.684,0.484,-0.056,0.456,0.592,-0.071,0.559,0.516,0.383,0.044,0.504,0.093,0.242,0.556,0.56,0.622,0.485,0.681,0.729,0.513,0.679,0.583,0.708,0.428,0.377,0.345,0.302,0.566,0.62,0.618,0.479,0.627,0.646,0.487,0.767,0.265,0.294,0.282,0.284,0.206,0.241,0.205,0.535,0.443,0.571,0.398,0.497,0.337,0.583,0.685,0.639,0.331,0.718,0.536,0.303,0.264,0.798,0.109,0.564,0.74,0.481,0.675,0.689,0.376,0.554,0.598,0.476,0.178,0.469,0.375,0.448,0.371,0.488,0.256,0.356,0.755,0.273,0.256,0.366,0.299,0.055,0.429,0.262,0.483,0.339,0.17,0.656,0.598,0.365,0.597,0.383,0.336,0.506,0.211,0.61,0.568,0.261,0.641,0.397,0.469,0.558,0.523,0.387,0.58,0.504,0.546,0.099,0.668,0.403,0.813,0.395,0.384,0.407,0.4,0.369,0.542,0.335,0.417,0.564,0.374,0.545,0.0,0.44,0.652,0.695,0.204,0.292,0.208,0.555,0.645,0.654,0.51,0.613,0.4,0.677,0.365,0.549,0.269,0.677,0.774,0.495,0.351,0.338,0.039,0.506,0.637,0.543,0.38,0.699,0.519,0.433,0.456,0.54,0.698,0.257,0.498,0.483,0.55,0.315,0.667,0.661,0.499,0.511,0.594,0.62,0.46,0.498,0.456,0.624,0.611,0.372,0.704,0.632,0.616,0.358,0.653,0.434,0.457,0.493,0.573,0.805,0.757,0.673,0.496,0.617,0.411,0.174,0.435,0.588,0.573,0.72,0.493,0.727,0.158,0.457,0.516,0.538,0.331
NFE,0.455,0.958,0.848,0.955,0.52,0.913,0.843,-0.705,0.922,0.869,0.073,0.643,0.944,-0.33,0.434,0.93,0.896,0.594,0.183,0.848,0.717,0.224,0.771,0.873,0.154,0.936,0.877,0.794,0.781,0.945,0.889,0.927,0.945,0.903,0.882,0.944,0.518,0.848,0.813,0.666,0.834,0.883,0.625,0.348,0.947,0.801,0.658,0.906,0.898,0.909,0.893,0.004,0.83,0.737,0.733,0.931,0.898,0.883,0.63,0.729,0.453,0.723,0.445,-0.094,0.229,0.92,0.479,0.911,0.905,0.853,0.716,0.914,0.914,0.82,0.918,0.936,0.882,0.387,0.777,-0.031,0.09,-0.308,-0.72,0.182,0.893,0.857,0.858,0.408,0.869,0.8,0.931,0.311,0.876,0.754,0.9,0.846,0.88,0.862,0.149,0.868,0.931,0.823,0.812,0.887,0.68,0.854,0.95,0.803,0.43,0.821,0.755,0.629,0.931,0.902,0.747,0.935,0.797,0.877,0.905,0.824,0.552,0.827,0.839,0.44,0.0,0.232,0.807,0.735,0.497,-0.216,0.886,0.473,0.246,0.832,-0.15,0.909,0.542,0.87,0.888,0.665,0.58,0.605,0.818,0.794,0.911,0.527,0.867,0.818,0.844,0.517,0.839,0.416,0.963,0.93,0.895,0.6,0.864,0.847,0.817,0.822,0.794,0.716,-0.044,0.955,-0.034,0.815,0.891,0.93,0.669,0.876,0.737,0.862,0.952,0.188,0.861,0.652,0.909,0.685,0.749,0.453,0.917,0.842,0.507,0.437,0.247,0.825,0.715,0.779,0.833,0.193,0.924,0.925,0.7,-0.37,0.363,-0.582,0.746,0.185,0.813,-0.043
NMIH,0.355,0.164,0.535,0.275,-0.038,0.32,0.404,0.179,0.39,0.354,0.33,0.007,0.288,0.67,0.145,0.451,0.473,0.656,0.465,0.511,0.649,0.775,0.65,0.472,0.831,0.263,0.292,0.453,0.287,0.433,0.566,0.47,0.348,0.526,0.556,0.206,0.804,0.173,0.153,-0.073,0.225,0.015,0.179,0.358,0.363,0.476,0.708,0.428,0.438,0.211,0.446,0.751,0.381,0.138,0.683,0.263,0.278,0.134,0.72,-0.061,0.59,0.716,0.393,0.702,0.616,0.067,0.49,0.423,0.331,0.032,0.55,0.161,0.389,0.006,0.478,0.13,0.324,0.679,0.364,0.527,0.65,0.369,0.166,0.534,0.01,0.133,0.265,0.26,0.47,0.594,0.184,0.851,0.24,0.327,0.403,0.034,0.478,0.38,0.299,0.406,0.319,0.423,0.533,0.383,0.501,0.505,0.307,0.508,0.275,0.586,0.28,0.662,0.335,0.177,0.245,0.234,0.358,0.276,0.158,0.143,0.581,0.45,0.313,0.652,0.232,0.0,0.651,0.21,0.352,0.66,0.54,0.448,0.787,0.329,0.671,0.354,0.564,0.318,0.35,-0.058,0.607,0.806,0.514,0.367,0.181,-0.188,0.36,0.597,0.439,0.605,0.607,0.373,0.31,0.381,0.452,0.545,0.046,0.241,0.433,0.616,0.348,0.564,0.736,0.285,0.707,0.584,0.518,0.276,0.48,0.212,0.415,0.479,0.236,0.81,0.516,0.638,0.293,0.54,0.38,0.148,0.38,0.414,0.768,0.764,0.746,0.475,0.652,0.441,0.092,0.257,0.383,0.405,0.565,0.535,0.682,0.344,0.508,0.87,0.494,0.55
NMRK,0.565,0.778,0.884,0.813,0.277,0.813,0.888,-0.408,0.856,0.802,0.284,0.412,0.852,0.054,0.296,0.925,0.916,0.746,0.4,0.959,0.905,0.604,0.932,0.895,0.603,0.799,0.783,0.753,0.701,0.917,0.951,0.944,0.87,0.946,0.902,0.829,0.833,0.639,0.668,0.431,0.692,0.598,0.471,0.332,0.888,0.774,0.865,0.804,0.888,0.757,0.908,0.427,0.805,0.532,0.914,0.856,0.794,0.673,0.894,0.446,0.653,0.955,0.561,0.314,0.497,0.675,0.618,0.899,0.824,0.622,0.852,0.74,0.875,0.56,0.931,0.745,0.814,0.694,0.754,0.187,0.331,0.083,-0.43,0.439,0.635,0.692,0.741,0.38,0.93,0.889,0.776,0.744,0.752,0.702,0.894,0.617,0.902,0.841,0.254,0.906,0.847,0.858,0.897,0.873,0.756,0.901,0.847,0.797,0.398,0.926,0.703,0.812,0.811,0.744,0.681,0.778,0.731,0.801,0.72,0.656,0.676,0.789,0.716,0.695,0.807,0.651,0.0,0.604,0.479,0.237,0.942,0.709,0.586,0.748,0.275,0.84,0.719,0.762,0.818,0.425,0.779,0.831,0.844,0.711,0.717,0.204,0.817,0.899,0.892,0.685,0.946,0.503,0.853,0.859,0.87,0.779,0.621,0.728,0.877,0.923,0.715,0.856,0.365,0.852,0.356,0.9,0.916,0.833,0.765,0.733,0.769,0.864,0.817,0.577,0.93,0.835,0.807,0.769,0.708,0.408,0.8,0.876,0.739,0.776,0.584,0.821,0.886,0.736,0.625,0.289,0.886,0.893,0.814,0.074,0.648,-0.253,0.808,0.619,0.886,0.29
NNDM,0.276,0.785,0.671,0.815,0.761,0.871,0.666,-0.554,0.817,0.774,-0.313,0.85,0.776,-0.088,0.57,0.784,0.69,0.599,0.257,0.544,0.442,0.078,0.562,0.64,0.017,0.796,0.861,0.822,0.91,0.766,0.717,0.672,0.793,0.64,0.744,0.728,0.463,0.898,0.626,0.309,0.872,0.756,0.827,0.72,0.789,0.869,0.487,0.795,0.732,0.828,0.736,-0.181,0.611,0.543,0.498,0.695,0.889,0.817,0.395,0.778,0.535,0.579,0.245,-0.086,0.075,0.78,0.156,0.614,0.614,0.831,0.563,0.842,0.843,0.743,0.749,0.768,0.867,0.138,0.827,0.063,0.11,-0.437,-0.667,0.066,0.728,0.77,0.905,0.207,0.536,0.658,0.7,0.21,0.88,0.889,0.587,0.793,0.723,0.652,0.359,0.546,0.835,0.729,0.582,0.599,0.745,0.704,0.787,0.762,0.702,0.547,0.641,0.427,0.798,0.845,0.475,0.848,0.685,0.663,0.718,0.681,0.468,0.832,0.643,0.204,0.735,0.21,0.604,0.0,0.715,-0.068,0.755,0.061,0.046,0.804,-0.209,0.881,0.424,0.846,0.77,0.674,0.25,0.376,0.762,0.811,0.872,0.647,0.81,0.767,0.559,0.703,0.581,0.283,0.778,0.851,0.7,0.231,0.811,0.758,0.765,0.766,0.889,0.552,-0.142,0.777,-0.117,0.564,0.73,0.781,0.515,0.799,0.572,0.745,0.832,0.206,0.591,0.419,0.88,0.338,0.746,0.251,0.853,0.721,0.342,0.18,0.325,0.875,0.621,0.886,0.866,0.267,0.632,0.733,0.642,-0.523,0.046,-0.447,0.685,0.136,0.746,-0.004
NSIT,-0.204,0.604,0.591,0.604,0.862,0.695,0.355,-0.364,0.69,0.777,-0.578,0.849,0.574,0.056,0.316,0.553,0.419,0.447,0.646,0.425,0.309,0.181,0.311,0.306,0.103,0.535,0.743,0.552,0.608,0.592,0.621,0.462,0.66,0.484,0.612,0.484,0.549,0.791,0.173,-0.05,0.8,0.56,0.871,0.865,0.53,0.712,0.274,0.559,0.392,0.732,0.546,0.138,0.362,0.531,0.287,0.46,0.652,0.534,0.24,0.77,0.833,0.564,-0.05,0.325,0.482,0.604,-0.174,0.323,0.318,0.709,0.474,0.641,0.638,0.639,0.498,0.454,0.666,-0.001,0.711,0.374,0.344,-0.155,-0.432,-0.228,0.521,0.6,0.715,0.158,0.337,0.431,0.366,0.153,0.747,0.87,0.337,0.727,0.456,0.321,0.305,0.364,0.675,0.35,0.34,0.225,0.473,0.439,0.586,0.656,0.605,0.294,0.237,0.449,0.579,0.683,0.118,0.645,0.462,0.37,0.445,0.345,0.19,0.771,0.497,0.292,0.497,0.352,0.479,0.715,0.0,-0.089,0.54,-0.088,0.118,0.815,0.128,0.641,0.133,0.787,0.615,0.672,-0.007,0.337,0.66,0.805,0.727,0.579,0.723,0.767,0.248,0.729,0.338,0.636,0.547,0.589,0.67,-0.058,0.746,0.612,0.482,0.556,0.841,0.237,-0.093,0.594,-0.234,0.317,0.683,0.58,0.119,0.557,0.697,0.589,0.539,0.493,0.333,0.092,0.664,0.28,0.767,0.043,0.7,0.519,0.237,0.053,0.116,0.633,0.338,0.634,0.732,0.115,0.347,0.496,0.496,-0.219,-0.012,-0.345,0.552,0.166,0.398,-0.209
NTCT,0.458,-0.288,0.043,-0.199,-0.387,-0.094,0.049,0.448,-0.128,-0.148,0.429,-0.325,-0.139,0.709,-0.056,0.028,0.068,0.31,0.05,0.102,0.346,0.683,0.307,0.138,0.678,-0.145,-0.129,0.139,-0.032,-0.056,0.098,0.063,-0.136,0.114,0.058,-0.214,0.431,-0.242,-0.015,-0.281,-0.19,-0.468,-0.23,0.003,-0.038,0.097,0.465,-0.035,0.066,-0.237,0.05,0.532,-0.018,-0.429,0.274,-0.125,-0.107,-0.202,0.42,-0.502,0.127,0.279,0.333,0.44,0.255,-0.365,0.345,0.032,-0.002,-0.349,0.324,-0.274,-0.046,-0.514,0.095,-0.205,-0.044,0.529,0.043,0.406,0.578,0.421,0.468,0.532,-0.385,-0.354,-0.126,-0.017,0.026,0.222,-0.159,0.726,-0.228,-0.048,0.049,-0.398,0.065,0.006,0.248,0.008,-0.119,0.156,0.246,0.08,0.255,0.124,-0.155,0.017,0.078,0.182,0.088,0.135,-0.112,-0.249,-0.156,-0.215,-0.104,-0.069,-0.265,-0.195,0.36,-0.012,-0.172,0.208,-0.216,0.66,0.237,-0.068,-0.089,0.0,0.127,0.364,0.577,-0.219,0.548,-0.035,0.367,-0.149,-0.098,-0.418,0.45,0.394,0.089,-0.132,-0.245,-0.429,-0.096,0.102,0.129,0.389,0.179,0.018,-0.121,0.0,-0.076,0.317,-0.387,-0.222,0.17,0.242,-0.112,0.239,0.607,-0.154,0.731,0.206,0.019,-0.136,0.374,-0.235,-0.06,0.01,-0.153,0.506,0.14,0.405,-0.08,0.112,-0.041,-0.027,-0.113,0.023,0.356,0.511,0.573,0.104,0.416,0.117,-0.33,0.17,-0.031,0.011,0.175,0.537,0.491,0.425,0.172,0.71,0.202,0.715
NVAX,0.531,0.863,0.857,0.893,0.445,0.901,0.889,-0.553,0.907,0.831,0.114,0.578,0.893,-0.019,0.351,0.964,0.936,0.698,0.351,0.894,0.796,0.486,0.885,0.894,0.386,0.873,0.873,0.838,0.823,0.955,0.962,0.943,0.937,0.92,0.906,0.872,0.712,0.763,0.723,0.432,0.798,0.746,0.578,0.407,0.939,0.835,0.805,0.909,0.938,0.866,0.907,0.19,0.773,0.63,0.859,0.871,0.918,0.777,0.771,0.616,0.585,0.892,0.458,0.1,0.325,0.76,0.516,0.906,0.853,0.761,0.821,0.831,0.949,0.673,0.975,0.871,0.894,0.51,0.848,0.071,0.213,-0.115,-0.626,0.334,0.725,0.762,0.857,0.37,0.897,0.877,0.849,0.583,0.855,0.776,0.915,0.733,0.904,0.865,0.211,0.864,0.93,0.896,0.878,0.884,0.79,0.904,0.897,0.81,0.466,0.896,0.708,0.704,0.889,0.827,0.714,0.861,0.837,0.806,0.851,0.716,0.628,0.872,0.729,0.555,0.886,0.54,0.942,0.755,0.54,0.127,0.0,0.538,0.405,0.813,0.022,0.915,0.645,0.868,0.839,0.477,0.673,0.739,0.866,0.838,0.817,0.327,0.854,0.907,0.876,0.694,0.926,0.367,0.936,0.935,0.924,0.671,0.741,0.762,0.892,0.967,0.826,0.811,0.17,0.897,0.19,0.887,0.927,0.878,0.76,0.799,0.704,0.865,0.915,0.413,0.903,0.784,0.892,0.717,0.735,0.321,0.888,0.895,0.641,0.611,0.512,0.884,0.85,0.822,0.778,0.259,0.905,0.92,0.783,-0.182,0.452,-0.388,0.847,0.534,0.909,0.148
OCUL,0.655,0.362,0.593,0.382,-0.339,0.34,0.642,-0.079,0.419,0.375,0.697,-0.185,0.509,-0.078,0.039,0.561,0.613,0.457,0.083,0.778,0.839,0.633,0.746,0.695,0.715,0.416,0.278,0.315,0.174,0.513,0.555,0.688,0.415,0.674,0.518,0.511,0.629,0.132,0.505,0.485,0.143,0.106,-0.039,-0.211,0.542,0.346,0.708,0.339,0.527,0.263,0.609,0.61,0.642,0.064,0.679,0.607,0.272,0.282,0.836,-0.122,0.275,0.643,0.699,0.361,0.496,0.301,0.746,0.674,0.617,0.135,0.604,0.306,0.397,0.12,0.556,0.371,0.33,0.84,0.219,0.128,0.348,0.376,0.059,0.505,0.295,0.282,0.193,0.245,0.712,0.552,0.454,0.698,0.251,0.2,0.663,0.139,0.599,0.576,0.03,0.772,0.369,0.567,0.702,0.692,0.363,0.633,0.467,0.382,-0.03,0.707,0.547,0.595,0.354,0.31,0.427,0.34,0.256,0.619,0.28,0.429,0.601,0.217,0.453,0.645,0.473,0.448,0.709,0.061,-0.088,0.364,0.538,0.0,0.631,0.266,0.485,0.388,0.667,0.225,0.468,0.138,0.876,0.691,0.441,0.111,0.257,-0.192,0.417,0.472,0.721,0.33,0.706,0.382,0.451,0.472,0.433,0.883,0.148,0.376,0.57,0.509,0.107,0.66,0.538,0.503,0.569,0.638,0.531,0.456,0.646,0.343,0.534,0.534,0.384,0.505,0.72,0.758,0.358,0.67,0.341,0.496,0.321,0.486,0.613,0.82,0.492,0.401,0.693,0.311,0.041,0.18,0.643,0.594,0.561,0.455,0.825,-0.019,0.37,0.439,0.589,0.507
ODP,0.551,0.156,0.57,0.27,-0.231,0.242,0.448,0.17,0.349,0.34,0.613,-0.164,0.332,0.497,0.21,0.416,0.5,0.679,0.178,0.522,0.742,0.639,0.686,0.526,0.851,0.304,0.221,0.447,0.202,0.4,0.478,0.476,0.286,0.541,0.511,0.253,0.689,0.113,0.341,0.279,0.153,-0.039,0.038,0.18,0.352,0.388,0.703,0.368,0.43,0.099,0.484,0.767,0.535,0.068,0.695,0.364,0.128,0.204,0.779,-0.217,0.391,0.625,0.688,0.641,0.609,0.099,0.707,0.482,0.442,-0.032,0.544,0.16,0.295,-0.045,0.414,0.124,0.247,0.839,0.188,0.434,0.554,0.258,0.282,0.657,0.128,0.142,0.168,0.351,0.518,0.581,0.265,0.838,0.137,0.187,0.392,-0.032,0.509,0.442,0.3,0.445,0.223,0.443,0.558,0.483,0.508,0.51,0.332,0.488,0.247,0.636,0.455,0.714,0.323,0.176,0.322,0.241,0.188,0.435,0.104,0.273,0.671,0.322,0.42,0.654,0.246,0.787,0.586,0.046,0.118,0.577,0.405,0.631,0.0,0.241,0.718,0.307,0.686,0.194,0.401,0.048,0.731,0.804,0.474,0.136,0.164,-0.129,0.33,0.44,0.527,0.382,0.603,0.49,0.282,0.347,0.307,0.666,0.006,0.307,0.417,0.478,0.177,0.619,0.818,0.306,0.787,0.583,0.459,0.32,0.565,0.245,0.458,0.481,0.205,0.683,0.601,0.695,0.259,0.517,0.327,0.504,0.262,0.413,0.775,0.846,0.611,0.396,0.673,0.35,-0.023,0.382,0.43,0.433,0.589,0.58,0.851,0.395,0.407,0.636,0.489,0.695
OLED,0.138,0.877,0.867,0.894,0.739,0.898,0.748,-0.578,0.943,0.944,-0.27,0.803,0.888,-0.181,0.443,0.862,0.771,0.609,0.533,0.745,0.603,0.213,0.655,0.69,0.172,0.844,0.927,0.755,0.8,0.89,0.841,0.793,0.906,0.779,0.849,0.834,0.621,0.907,0.551,0.399,0.907,0.82,0.853,0.693,0.86,0.867,0.533,0.825,0.736,0.914,0.843,0.121,0.734,0.726,0.636,0.825,0.86,0.808,0.538,0.834,0.75,0.761,0.29,0.202,0.465,0.869,0.21,0.715,0.693,0.866,0.617,0.91,0.888,0.871,0.797,0.778,0.854,0.261,0.787,0.158,0.213,-0.269,-0.622,-0.01,0.825,0.88,0.878,0.336,0.728,0.7,0.722,0.255,0.943,0.908,0.686,0.89,0.795,0.694,0.278,0.739,0.899,0.685,0.666,0.643,0.67,0.768,0.899,0.864,0.62,0.674,0.587,0.724,0.85,0.921,0.548,0.912,0.745,0.752,0.762,0.731,0.493,0.858,0.816,0.51,0.832,0.329,0.748,0.804,0.815,-0.219,0.813,0.266,0.241,0.0,0.039,0.875,0.449,0.933,0.877,0.815,0.349,0.563,0.855,0.879,0.927,0.611,0.953,0.901,0.642,0.669,0.694,0.598,0.86,0.866,0.884,0.351,0.908,0.879,0.731,0.781,0.914,0.597,0.005,0.894,-0.119,0.644,0.891,0.87,0.458,0.864,0.856,0.856,0.837,0.433,0.708,0.46,0.891,0.59,0.857,0.351,0.892,0.788,0.489,0.33,0.276,0.84,0.612,0.806,0.88,0.236,0.739,0.828,0.747,-0.282,0.232,-0.433,0.726,0.174,0.716,-0.111
ONB,0.115,-0.205,0.282,-0.115,-0.335,-0.075,0.056,0.493,0.027,0.078,0.371,-0.31,-0.035,0.504,0.053,0.039,0.035,0.388,0.386,0.243,0.472,0.622,0.298,0.103,0.863,-0.128,-0.121,-0.012,-0.169,0.011,0.137,0.115,-0.09,0.189,0.18,-0.129,0.657,-0.181,-0.171,-0.145,-0.165,-0.428,-0.047,0.157,-0.006,0.139,0.385,-0.112,-0.059,-0.197,0.129,0.934,0.19,-0.226,0.28,-0.015,-0.248,-0.226,0.524,-0.408,0.472,0.379,0.356,0.943,0.8,-0.186,0.329,0.04,-0.025,-0.338,0.264,-0.183,-0.095,-0.247,-0.011,-0.321,-0.119,0.67,-0.104,0.63,0.71,0.545,0.661,0.405,-0.271,-0.132,-0.176,0.046,0.118,0.195,-0.243,0.633,-0.142,0.03,-0.004,-0.294,0.128,-0.034,0.317,0.161,-0.139,-0.019,0.164,-0.004,0.072,0.136,-0.044,0.197,0.05,0.196,0.059,0.5,-0.121,-0.133,-0.181,-0.133,-0.175,0.049,-0.353,-0.097,0.4,-0.033,0.098,0.613,-0.15,0.671,0.275,-0.209,0.128,0.548,0.022,0.485,0.718,0.039,0.0,-0.079,0.385,-0.132,0.072,-0.048,0.428,0.552,0.154,-0.148,-0.152,-0.269,0.086,0.238,0.072,0.335,0.19,0.582,-0.141,-0.03,0.01,0.348,-0.267,0.018,0.072,0.105,-0.117,0.245,0.781,-0.035,0.668,0.149,0.164,-0.07,0.103,-0.088,0.387,0.182,-0.22,0.865,0.142,0.296,-0.112,0.288,0.154,0.227,-0.039,0.005,0.554,0.608,0.531,0.084,0.309,0.047,-0.354,0.219,0.003,0.04,0.304,0.883,0.707,0.512,0.078,0.482,0.083,0.587
OTEX,0.478,0.927,0.87,0.942,0.624,0.956,0.882,-0.604,0.954,0.913,-0.032,0.73,0.955,-0.126,0.525,0.96,0.911,0.741,0.26,0.817,0.727,0.259,0.806,0.875,0.216,0.958,0.959,0.909,0.901,0.953,0.901,0.904,0.95,0.891,0.919,0.919,0.617,0.915,0.784,0.552,0.926,0.82,0.774,0.585,0.949,0.912,0.697,0.911,0.915,0.918,0.943,0.024,0.831,0.618,0.757,0.908,0.954,0.927,0.663,0.732,0.572,0.799,0.497,0.001,0.233,0.879,0.433,0.859,0.861,0.876,0.746,0.946,0.975,0.783,0.936,0.905,0.978,0.404,0.854,0.028,0.164,-0.319,-0.679,0.213,0.875,0.855,0.939,0.395,0.805,0.83,0.892,0.424,0.935,0.889,0.84,0.856,0.912,0.841,0.281,0.801,0.966,0.9,0.827,0.842,0.862,0.909,0.955,0.889,0.652,0.805,0.81,0.661,0.949,0.951,0.688,0.967,0.765,0.872,0.842,0.825,0.63,0.91,0.829,0.4,0.909,0.354,0.84,0.881,0.641,-0.035,0.915,0.388,0.307,0.875,-0.079,0.0,0.616,0.93,0.931,0.697,0.537,0.602,0.892,0.85,0.948,0.549,0.93,0.89,0.841,0.719,0.825,0.438,0.949,0.976,0.861,0.52,0.874,0.884,0.898,0.9,0.902,0.769,0.043,0.952,0.039,0.792,0.916,0.961,0.708,0.913,0.757,0.91,0.959,0.314,0.861,0.661,0.981,0.563,0.85,0.451,0.939,0.886,0.523,0.459,0.371,0.936,0.807,0.909,0.884,0.311,0.862,0.935,0.779,-0.38,0.338,-0.47,0.775,0.263,0.908,0.118
PACB,0.775,0.456,0.75,0.605,-0.078,0.59,0.795,-0.181,0.614,0.511,0.573,0.055,0.648,0.183,0.623,0.697,0.75,0.865,0.038,0.693,0.852,0.432,0.868,0.831,0.632,0.662,0.496,0.68,0.584,0.653,0.624,0.718,0.529,0.735,0.715,0.616,0.66,0.384,0.659,0.587,0.402,0.263,0.292,0.264,0.702,0.615,0.778,0.566,0.736,0.353,0.733,0.406,0.827,0.19,0.841,0.666,0.45,0.576,0.888,0.033,0.29,0.726,0.864,0.354,0.32,0.477,0.85,0.77,0.733,0.253,0.587,0.531,0.587,0.332,0.658,0.489,0.57,0.865,0.361,0.052,0.299,-0.013,-0.061,0.739,0.458,0.55,0.515,0.369,0.702,0.791,0.619,0.721,0.438,0.404,0.65,0.242,0.805,0.731,0.445,0.665,0.491,0.781,0.749,0.771,0.784,0.804,0.642,0.695,0.407,0.818,0.841,0.775,0.607,0.535,0.641,0.564,0.424,0.783,0.461,0.716,0.873,0.475,0.689,0.677,0.542,0.564,0.719,0.424,0.133,0.367,0.645,0.667,0.686,0.449,0.385,0.616,0.0,0.411,0.691,0.326,0.87,0.784,0.621,0.313,0.452,0.184,0.581,0.585,0.806,0.438,0.804,0.309,0.586,0.657,0.452,0.801,0.299,0.637,0.68,0.692,0.355,0.906,0.688,0.618,0.667,0.695,0.616,0.644,0.852,0.648,0.524,0.742,0.562,0.477,0.8,0.875,0.571,0.562,0.463,0.722,0.574,0.686,0.845,0.806,0.782,0.71,0.867,0.674,0.277,0.681,0.706,0.752,0.823,0.194,0.794,0.124,0.537,0.477,0.826,0.687
PATK,0.216,0.923,0.809,0.916,0.782,0.938,0.749,-0.666,0.932,0.934,-0.273,0.845,0.9,-0.16,0.382,0.885,0.81,0.586,0.411,0.738,0.581,0.207,0.655,0.713,0.091,0.889,0.977,0.821,0.852,0.918,0.875,0.821,0.955,0.806,0.848,0.863,0.562,0.94,0.625,0.388,0.965,0.873,0.831,0.637,0.877,0.846,0.539,0.884,0.809,0.962,0.853,-0.018,0.677,0.726,0.634,0.828,0.945,0.858,0.501,0.874,0.66,0.755,0.251,0.016,0.303,0.87,0.193,0.744,0.748,0.931,0.674,0.932,0.946,0.826,0.865,0.86,0.931,0.194,0.886,0.087,0.164,-0.326,-0.757,-0.03,0.854,0.842,0.932,0.379,0.725,0.722,0.811,0.263,0.955,0.919,0.758,0.939,0.783,0.731,0.21,0.725,0.964,0.747,0.7,0.693,0.73,0.78,0.901,0.813,0.624,0.679,0.598,0.593,0.909,0.936,0.578,0.927,0.775,0.737,0.841,0.697,0.414,0.927,0.748,0.365,0.87,0.318,0.762,0.846,0.787,-0.149,0.868,0.225,0.194,0.933,-0.132,0.93,0.411,0.0,0.871,0.734,0.342,0.526,0.846,0.957,0.949,0.587,0.912,0.893,0.685,0.701,0.713,0.473,0.911,0.898,0.919,0.328,0.946,0.84,0.793,0.834,0.968,0.586,-0.108,0.91,-0.16,0.696,0.903,0.897,0.534,0.836,0.762,0.836,0.905,0.298,0.738,0.469,0.939,0.566,0.849,0.272,0.92,0.832,0.397,0.289,0.198,0.843,0.636,0.812,0.945,0.196,0.772,0.859,0.706,-0.432,0.161,-0.549,0.767,0.225,0.754,-0.146
PAYX,0.456,0.89,0.944,0.929,0.53,0.913,0.881,-0.593,0.952,0.938,0.075,0.626,0.96,-0.194,0.612,0.932,0.9,0.804,0.241,0.834,0.782,0.226,0.81,0.877,0.288,0.947,0.902,0.833,0.816,0.939,0.865,0.903,0.911,0.893,0.929,0.934,0.644,0.877,0.796,0.672,0.865,0.772,0.76,0.561,0.931,0.865,0.667,0.83,0.859,0.845,0.959,0.15,0.92,0.589,0.765,0.938,0.83,0.915,0.715,0.657,0.57,0.787,0.616,0.138,0.352,0.897,0.525,0.878,0.879,0.793,0.691,0.943,0.899,0.795,0.869,0.815,0.895,0.509,0.714,0.049,0.225,-0.268,-0.536,0.242,0.895,0.902,0.862,0.409,0.835,0.832,0.873,0.418,0.876,0.842,0.812,0.802,0.932,0.855,0.289,0.826,0.893,0.847,0.807,0.838,0.815,0.915,0.959,0.912,0.576,0.815,0.827,0.781,0.909,0.941,0.716,0.949,0.681,0.944,0.773,0.886,0.677,0.82,0.912,0.549,0.888,0.35,0.818,0.77,0.615,-0.098,0.839,0.468,0.401,0.877,0.072,0.931,0.691,0.871,0.0,0.796,0.598,0.658,0.869,0.754,0.924,0.588,0.926,0.863,0.839,0.625,0.831,0.547,0.9,0.927,0.815,0.6,0.844,0.961,0.814,0.802,0.81,0.807,0.176,0.956,0.119,0.763,0.9,0.956,0.694,0.938,0.837,0.934,0.888,0.381,0.881,0.663,0.931,0.616,0.85,0.66,0.918,0.874,0.637,0.536,0.42,0.903,0.797,0.858,0.794,0.443,0.873,0.943,0.861,-0.253,0.481,-0.389,0.679,0.191,0.856,0.164
PEP,0.052,0.731,0.699,0.733,0.7,0.732,0.573,-0.542,0.756,0.823,-0.309,0.722,0.762,-0.435,0.561,0.635,0.525,0.465,0.217,0.512,0.395,-0.133,0.377,0.496,-0.077,0.74,0.764,0.577,0.635,0.656,0.53,0.564,0.684,0.554,0.605,0.722,0.338,0.825,0.537,0.532,0.787,0.692,0.833,0.622,0.664,0.679,0.245,0.557,0.486,0.722,0.68,-0.074,0.667,0.509,0.325,0.729,0.616,0.78,0.292,0.738,0.519,0.427,0.318,0.058,0.288,0.847,0.104,0.516,0.549,0.776,0.348,0.839,0.648,0.793,0.515,0.62,0.689,0.111,0.515,0.018,0.116,-0.406,-0.485,-0.167,0.836,0.824,0.717,0.224,0.468,0.468,0.599,-0.045,0.768,0.788,0.458,0.822,0.608,0.508,0.29,0.55,0.684,0.481,0.412,0.456,0.505,0.577,0.755,0.704,0.588,0.393,0.564,0.508,0.672,0.846,0.399,0.8,0.415,0.704,0.561,0.727,0.348,0.601,0.762,0.269,0.665,-0.058,0.425,0.674,0.672,-0.418,0.477,0.138,0.048,0.815,-0.048,0.697,0.326,0.734,0.796,0.0,0.149,0.245,0.632,0.602,0.835,0.78,0.807,0.618,0.448,0.41,0.389,0.58,0.66,0.669,0.577,0.147,0.846,0.857,0.516,0.435,0.685,0.383,-0.154,0.765,-0.292,0.324,0.635,0.749,0.29,0.794,0.77,0.675,0.657,0.207,0.489,0.184,0.761,0.3,0.769,0.535,0.707,0.599,0.239,0.056,0.013,0.641,0.394,0.647,0.745,0.309,0.53,0.669,0.593,-0.405,0.093,-0.479,0.412,-0.264,0.506,-0.166
PERI,0.82,0.43,0.71,0.526,-0.252,0.497,0.742,-0.148,0.537,0.447,0.727,-0.099,0.599,0.142,0.36,0.684,0.75,0.72,0.025,0.785,0.919,0.657,0.894,0.847,0.731,0.575,0.394,0.57,0.401,0.634,0.666,0.773,0.515,0.786,0.687,0.576,0.671,0.266,0.656,0.57,0.279,0.22,0.082,-0.002,0.672,0.53,0.876,0.546,0.713,0.331,0.706,0.531,0.765,0.184,0.852,0.658,0.402,0.462,0.927,-0.075,0.239,0.728,0.831,0.323,0.386,0.391,0.911,0.799,0.757,0.182,0.684,0.42,0.534,0.192,0.7,0.474,0.477,0.917,0.352,0.116,0.404,0.163,-0.013,0.728,0.379,0.397,0.369,0.378,0.784,0.765,0.602,0.803,0.335,0.283,0.751,0.169,0.758,0.711,0.227,0.753,0.473,0.723,0.818,0.825,0.634,0.772,0.585,0.579,0.165,0.858,0.738,0.724,0.549,0.415,0.602,0.476,0.456,0.729,0.43,0.595,0.817,0.398,0.6,0.677,0.58,0.607,0.779,0.25,-0.007,0.45,0.673,0.876,0.731,0.349,0.428,0.537,0.87,0.342,0.598,0.149,0.0,0.833,0.596,0.25,0.369,-0.052,0.502,0.558,0.833,0.411,0.844,0.318,0.579,0.619,0.518,0.948,0.208,0.502,0.647,0.685,0.247,0.852,0.651,0.584,0.722,0.789,0.615,0.576,0.856,0.5,0.5,0.672,0.515,0.489,0.829,0.934,0.497,0.706,0.406,0.605,0.504,0.622,0.82,0.901,0.715,0.597,0.861,0.543,0.165,0.425,0.741,0.721,0.706,0.329,0.904,0.029,0.517,0.585,0.753,0.654
PI,0.543,0.495,0.815,0.606,0.02,0.587,0.688,-0.16,0.671,0.608,0.451,0.14,0.629,0.296,0.328,0.724,0.753,0.769,0.346,0.779,0.901,0.695,0.869,0.77,0.796,0.582,0.526,0.638,0.493,0.722,0.785,0.783,0.62,0.805,0.792,0.573,0.851,0.423,0.512,0.349,0.437,0.329,0.303,0.291,0.697,0.671,0.844,0.67,0.705,0.474,0.735,0.661,0.724,0.358,0.869,0.619,0.496,0.461,0.897,0.138,0.566,0.834,0.626,0.55,0.633,0.439,0.701,0.75,0.696,0.294,0.727,0.483,0.619,0.339,0.727,0.464,0.538,0.822,0.505,0.425,0.555,0.172,-0.071,0.576,0.39,0.461,0.486,0.405,0.76,0.799,0.538,0.799,0.483,0.494,0.705,0.311,0.765,0.691,0.305,0.747,0.558,0.664,0.771,0.719,0.636,0.774,0.638,0.721,0.341,0.832,0.62,0.843,0.609,0.487,0.503,0.545,0.537,0.658,0.465,0.528,0.765,0.598,0.646,0.774,0.605,0.806,0.831,0.376,0.337,0.394,0.739,0.691,0.804,0.563,0.552,0.602,0.784,0.526,0.658,0.245,0.833,0.0,0.69,0.49,0.485,0.048,0.635,0.754,0.73,0.603,0.86,0.513,0.612,0.668,0.67,0.802,0.344,0.56,0.68,0.764,0.484,0.791,0.675,0.628,0.628,0.817,0.763,0.602,0.689,0.537,0.662,0.775,0.541,0.706,0.806,0.838,0.552,0.822,0.559,0.462,0.628,0.627,0.904,0.882,0.722,0.689,0.819,0.623,0.306,0.342,0.72,0.727,0.8,0.367,0.84,0.072,0.662,0.679,0.724,0.516
PLYA,0.467,0.815,0.887,0.858,0.539,0.865,0.81,-0.473,0.896,0.864,0.048,0.623,0.875,0.09,0.498,0.896,0.864,0.761,0.311,0.802,0.766,0.426,0.834,0.833,0.384,0.859,0.848,0.881,0.805,0.894,0.875,0.853,0.865,0.864,0.891,0.8,0.689,0.825,0.713,0.502,0.811,0.69,0.701,0.613,0.868,0.912,0.753,0.871,0.84,0.805,0.892,0.247,0.798,0.599,0.771,0.827,0.836,0.828,0.715,0.601,0.643,0.839,0.547,0.223,0.417,0.769,0.507,0.81,0.806,0.723,0.773,0.834,0.882,0.652,0.875,0.766,0.862,0.501,0.775,0.185,0.353,-0.252,-0.487,0.319,0.766,0.771,0.839,0.408,0.819,0.847,0.785,0.559,0.846,0.822,0.779,0.719,0.872,0.763,0.371,0.754,0.879,0.822,0.802,0.785,0.829,0.875,0.878,0.889,0.62,0.83,0.738,0.75,0.889,0.843,0.654,0.871,0.752,0.815,0.704,0.752,0.704,0.876,0.818,0.495,0.818,0.514,0.844,0.762,0.66,0.089,0.866,0.441,0.474,0.855,0.154,0.892,0.621,0.846,0.869,0.632,0.596,0.69,0.0,0.775,0.85,0.49,0.891,0.885,0.783,0.732,0.806,0.561,0.863,0.906,0.832,0.548,0.748,0.841,0.791,0.867,0.841,0.757,0.213,0.867,0.218,0.789,0.877,0.866,0.695,0.824,0.798,0.882,0.832,0.489,0.823,0.722,0.899,0.62,0.827,0.466,0.858,0.841,0.624,0.561,0.449,0.888,0.813,0.884,0.765,0.323,0.805,0.871,0.765,-0.154,0.47,-0.253,0.776,0.394,0.833,0.228
PRDO,0.106,0.846,0.703,0.849,0.792,0.884,0.631,-0.601,0.85,0.85,-0.364,0.855,0.788,-0.057,0.295,0.801,0.725,0.498,0.507,0.647,0.478,0.223,0.577,0.606,0.07,0.785,0.912,0.764,0.828,0.847,0.836,0.732,0.904,0.716,0.772,0.758,0.529,0.868,0.491,0.203,0.911,0.84,0.763,0.625,0.789,0.769,0.484,0.854,0.747,0.919,0.732,-0.019,0.527,0.78,0.586,0.697,0.913,0.726,0.418,0.874,0.677,0.729,0.068,0.031,0.295,0.765,0.081,0.649,0.621,0.88,0.639,0.833,0.894,0.766,0.807,0.789,0.858,0.1,0.889,0.144,0.158,-0.294,-0.748,-0.063,0.721,0.756,0.891,0.332,0.657,0.672,0.711,0.236,0.91,0.862,0.683,0.878,0.676,0.64,0.176,0.626,0.909,0.645,0.613,0.592,0.638,0.665,0.796,0.718,0.595,0.617,0.439,0.513,0.835,0.839,0.509,0.829,0.793,0.585,0.818,0.537,0.293,0.915,0.601,0.351,0.794,0.367,0.711,0.811,0.805,-0.132,0.838,0.111,0.136,0.879,-0.148,0.85,0.313,0.957,0.754,0.602,0.25,0.49,0.775,0.0,0.862,0.514,0.808,0.858,0.58,0.689,0.657,0.396,0.844,0.812,0.915,0.233,0.874,0.712,0.725,0.817,0.96,0.479,-0.15,0.802,-0.191,0.663,0.851,0.779,0.437,0.712,0.66,0.734,0.832,0.286,0.637,0.402,0.853,0.532,0.756,0.066,0.877,0.782,0.357,0.218,0.191,0.762,0.54,0.732,0.913,0.131,0.676,0.751,0.619,-0.405,0.066,-0.518,0.784,0.324,0.659,-0.247
PRGS,0.273,0.944,0.839,0.936,0.751,0.941,0.777,-0.689,0.945,0.945,-0.21,0.831,0.938,-0.285,0.507,0.894,0.814,0.618,0.276,0.733,0.603,0.117,0.653,0.759,0.047,0.929,0.957,0.825,0.848,0.908,0.836,0.832,0.934,0.811,0.859,0.9,0.509,0.972,0.722,0.549,0.957,0.886,0.852,0.622,0.902,0.881,0.533,0.863,0.803,0.952,0.886,-0.066,0.777,0.685,0.603,0.883,0.918,0.93,0.498,0.853,0.577,0.683,0.363,-0.043,0.247,0.941,0.261,0.768,0.799,0.936,0.649,0.969,0.921,0.877,0.845,0.877,0.932,0.231,0.821,0.041,0.14,-0.404,-0.715,-0.001,0.93,0.89,0.925,0.35,0.72,0.721,0.845,0.201,0.953,0.918,0.756,0.934,0.827,0.759,0.234,0.74,0.947,0.765,0.708,0.731,0.731,0.808,0.942,0.858,0.638,0.672,0.711,0.596,0.918,0.974,0.596,0.975,0.72,0.829,0.818,0.808,0.499,0.877,0.841,0.338,0.911,0.181,0.717,0.872,0.727,-0.245,0.817,0.257,0.164,0.927,-0.152,0.948,0.452,0.949,0.924,0.835,0.369,0.485,0.85,0.862,0.0,0.677,0.941,0.851,0.707,0.65,0.697,0.516,0.915,0.929,0.853,0.366,0.957,0.905,0.787,0.774,0.917,0.616,-0.129,0.945,-0.175,0.676,0.878,0.939,0.539,0.911,0.792,0.86,0.923,0.235,0.751,0.475,0.962,0.513,0.867,0.428,0.935,0.804,0.392,0.279,0.184,0.87,0.648,0.853,0.929,0.214,0.79,0.876,0.706,-0.478,0.2,-0.587,0.701,0.049,0.768,-0.088
PTGX,0.063,0.612,0.453,0.643,0.738,0.645,0.387,-0.537,0.576,0.615,-0.37,0.751,0.568,-0.318,0.664,0.455,0.333,0.375,0.015,0.242,0.136,-0.356,0.178,0.316,-0.274,0.624,0.624,0.542,0.653,0.484,0.347,0.337,0.525,0.356,0.428,0.546,0.115,0.718,0.468,0.413,0.683,0.643,0.721,0.608,0.501,0.557,0.074,0.476,0.412,0.591,0.454,-0.327,0.45,0.528,0.166,0.495,0.534,0.706,0.063,0.703,0.308,0.187,0.134,-0.152,-0.02,0.743,0.007,0.369,0.39,0.666,0.225,0.684,0.515,0.705,0.354,0.547,0.587,-0.072,0.446,-0.107,-0.059,-0.569,-0.555,-0.054,0.677,0.718,0.714,0.073,0.25,0.406,0.534,-0.168,0.633,0.612,0.301,0.671,0.444,0.371,0.486,0.245,0.537,0.379,0.194,0.316,0.441,0.378,0.588,0.558,0.572,0.226,0.484,0.262,0.6,0.69,0.367,0.665,0.361,0.502,0.556,0.609,0.192,0.58,0.564,0.039,0.527,-0.188,0.204,0.647,0.579,-0.429,0.327,-0.192,-0.129,0.611,-0.269,0.549,0.184,0.587,0.588,0.78,-0.052,0.048,0.49,0.514,0.677,0.0,0.569,0.407,0.27,0.204,0.201,0.359,0.533,0.513,0.386,-0.089,0.712,0.681,0.388,0.309,0.592,0.262,-0.304,0.575,-0.395,0.16,0.425,0.59,0.227,0.688,0.475,0.465,0.576,-0.067,0.267,0.049,0.625,0.044,0.536,0.412,0.591,0.5,0.101,-0.174,-0.079,0.524,0.212,0.559,0.706,0.344,0.384,0.478,0.348,-0.58,-0.141,-0.413,0.432,-0.272,0.367,-0.257
QCOM,0.324,0.891,0.928,0.904,0.636,0.92,0.847,-0.584,0.968,0.95,-0.098,0.715,0.94,-0.163,0.494,0.926,0.841,0.706,0.394,0.829,0.735,0.306,0.756,0.807,0.268,0.901,0.935,0.814,0.81,0.925,0.874,0.875,0.914,0.87,0.901,0.882,0.688,0.9,0.666,0.51,0.901,0.773,0.825,0.637,0.924,0.922,0.655,0.836,0.805,0.907,0.931,0.165,0.84,0.601,0.708,0.9,0.871,0.874,0.659,0.734,0.695,0.803,0.474,0.195,0.433,0.89,0.359,0.803,0.805,0.845,0.707,0.929,0.912,0.823,0.864,0.817,0.908,0.412,0.79,0.133,0.275,-0.215,-0.57,0.129,0.857,0.87,0.885,0.385,0.774,0.775,0.785,0.378,0.924,0.914,0.787,0.86,0.887,0.765,0.317,0.819,0.918,0.794,0.765,0.749,0.774,0.874,0.951,0.924,0.633,0.745,0.747,0.762,0.889,0.943,0.584,0.948,0.708,0.852,0.75,0.815,0.641,0.858,0.886,0.506,0.867,0.36,0.817,0.81,0.723,-0.096,0.854,0.417,0.33,0.953,0.086,0.93,0.581,0.912,0.926,0.807,0.502,0.635,0.891,0.808,0.941,0.569,0.0,0.917,0.754,0.718,0.763,0.622,0.896,0.933,0.862,0.482,0.878,0.906,0.82,0.824,0.869,0.719,0.098,0.947,0.003,0.706,0.916,0.935,0.591,0.915,0.886,0.917,0.88,0.463,0.803,0.583,0.935,0.606,0.889,0.48,0.906,0.812,0.545,0.452,0.357,0.91,0.749,0.876,0.84,0.285,0.808,0.906,0.796,-0.242,0.378,-0.439,0.735,0.198,0.829,0.085
QCRH,0.303,0.828,0.897,0.856,0.57,0.893,0.798,-0.465,0.929,0.914,-0.053,0.668,0.871,0.019,0.367,0.911,0.837,0.727,0.544,0.863,0.783,0.492,0.798,0.789,0.459,0.817,0.883,0.778,0.76,0.913,0.939,0.886,0.903,0.887,0.922,0.813,0.842,0.828,0.559,0.325,0.836,0.671,0.755,0.622,0.879,0.896,0.719,0.827,0.804,0.871,0.898,0.357,0.756,0.589,0.759,0.816,0.857,0.735,0.745,0.666,0.814,0.911,0.389,0.365,0.564,0.773,0.364,0.789,0.75,0.757,0.775,0.82,0.9,0.717,0.875,0.738,0.873,0.5,0.824,0.286,0.4,-0.031,-0.488,0.182,0.698,0.768,0.84,0.329,0.791,0.799,0.715,0.548,0.872,0.89,0.789,0.765,0.848,0.75,0.3,0.814,0.898,0.775,0.778,0.721,0.728,0.855,0.872,0.865,0.548,0.777,0.628,0.758,0.828,0.842,0.519,0.85,0.708,0.752,0.702,0.655,0.601,0.886,0.767,0.637,0.818,0.597,0.899,0.767,0.767,0.102,0.907,0.472,0.44,0.901,0.238,0.89,0.585,0.893,0.863,0.618,0.558,0.754,0.885,0.858,0.851,0.407,0.917,0.0,0.739,0.826,0.827,0.624,0.851,0.895,0.911,0.538,0.785,0.799,0.837,0.895,0.873,0.715,0.224,0.883,0.149,0.77,0.957,0.851,0.596,0.791,0.861,0.887,0.826,0.629,0.808,0.635,0.868,0.689,0.862,0.333,0.899,0.818,0.63,0.566,0.482,0.89,0.782,0.841,0.758,0.235,0.799,0.87,0.809,-0.054,0.456,-0.332,0.783,0.456,0.82,0.121
QDEL,0.77,0.785,0.847,0.822,0.163,0.78,0.939,-0.474,0.813,0.728,0.445,0.306,0.877,-0.097,0.442,0.909,0.956,0.752,0.085,0.902,0.882,0.412,0.94,0.967,0.438,0.874,0.741,0.791,0.699,0.887,0.843,0.928,0.826,0.923,0.853,0.879,0.612,0.615,0.839,0.714,0.644,0.626,0.396,0.2,0.897,0.705,0.821,0.802,0.927,0.689,0.906,0.224,0.89,0.468,0.896,0.902,0.757,0.783,0.855,0.369,0.35,0.82,0.749,0.049,0.237,0.705,0.778,0.965,0.93,0.607,0.753,0.771,0.84,0.562,0.912,0.829,0.805,0.692,0.617,-0.087,0.134,-0.097,-0.477,0.519,0.748,0.715,0.716,0.471,0.929,0.865,0.891,0.635,0.697,0.576,0.913,0.585,0.927,0.907,0.184,0.893,0.801,0.933,0.924,0.971,0.809,0.932,0.867,0.771,0.375,0.947,0.863,0.734,0.841,0.76,0.83,0.803,0.675,0.913,0.778,0.82,0.745,0.699,0.784,0.543,0.844,0.439,0.892,0.559,0.248,0.129,0.876,0.721,0.527,0.642,0.072,0.841,0.806,0.685,0.839,0.448,0.833,0.73,0.783,0.58,0.707,0.27,0.754,0.739,0.0,0.492,0.937,0.317,0.876,0.864,0.745,0.831,0.605,0.765,0.845,0.85,0.593,0.907,0.33,0.862,0.363,0.864,0.824,0.87,0.866,0.794,0.651,0.847,0.848,0.311,0.966,0.888,0.81,0.692,0.628,0.607,0.759,0.86,0.693,0.726,0.511,0.794,0.886,0.731,0.596,0.394,0.925,0.92,0.784,-0.1,0.637,-0.266,0.686,0.429,0.921,0.365
QFIN,0.234,0.545,0.659,0.552,0.486,0.672,0.524,-0.188,0.67,0.682,-0.156,0.571,0.596,0.282,0.25,0.677,0.596,0.615,0.499,0.595,0.632,0.567,0.617,0.565,0.49,0.546,0.681,0.662,0.608,0.64,0.72,0.644,0.636,0.649,0.71,0.498,0.776,0.658,0.332,0.008,0.665,0.358,0.67,0.669,0.636,0.806,0.624,0.599,0.548,0.647,0.686,0.383,0.486,0.236,0.516,0.519,0.67,0.505,0.581,0.446,0.755,0.746,0.288,0.405,0.528,0.461,0.17,0.483,0.492,0.555,0.721,0.558,0.675,0.393,0.667,0.475,0.692,0.397,0.73,0.46,0.575,0.041,-0.229,0.119,0.414,0.426,0.632,0.226,0.474,0.576,0.408,0.55,0.674,0.81,0.539,0.528,0.602,0.456,0.253,0.529,0.671,0.586,0.62,0.448,0.645,0.65,0.589,0.681,0.585,0.513,0.459,0.501,0.58,0.613,0.145,0.598,0.464,0.485,0.355,0.366,0.526,0.722,0.479,0.38,0.517,0.605,0.685,0.703,0.729,0.389,0.694,0.33,0.382,0.669,0.335,0.719,0.438,0.701,0.625,0.41,0.411,0.603,0.732,0.689,0.65,0.204,0.718,0.826,0.492,0.0,0.568,0.552,0.575,0.711,0.657,0.313,0.543,0.518,0.714,0.745,0.737,0.493,0.221,0.611,0.212,0.563,0.744,0.594,0.43,0.502,0.675,0.693,0.563,0.68,0.555,0.484,0.676,0.439,0.761,0.097,0.683,0.536,0.441,0.451,0.462,0.762,0.678,0.755,0.54,0.118,0.481,0.608,0.6,0.04,0.363,-0.205,0.613,0.46,0.641,0.303
RGEN,0.663,0.763,0.881,0.831,0.178,0.789,0.91,-0.434,0.84,0.747,0.403,0.323,0.851,0.016,0.393,0.919,0.954,0.778,0.256,0.916,0.901,0.517,0.965,0.95,0.558,0.83,0.734,0.774,0.706,0.911,0.912,0.947,0.841,0.93,0.907,0.843,0.738,0.618,0.759,0.578,0.636,0.617,0.414,0.262,0.897,0.745,0.861,0.84,0.927,0.699,0.898,0.354,0.863,0.548,0.952,0.86,0.762,0.71,0.9,0.385,0.485,0.892,0.658,0.211,0.386,0.679,0.743,0.948,0.887,0.568,0.775,0.74,0.849,0.572,0.922,0.765,0.773,0.725,0.656,0.08,0.24,-0.024,-0.425,0.521,0.666,0.709,0.708,0.422,0.95,0.897,0.833,0.694,0.71,0.606,0.903,0.554,0.928,0.904,0.203,0.894,0.801,0.894,0.907,0.937,0.769,0.925,0.849,0.786,0.363,0.973,0.774,0.813,0.823,0.725,0.786,0.777,0.742,0.86,0.76,0.748,0.752,0.732,0.768,0.699,0.839,0.607,0.946,0.581,0.338,0.179,0.926,0.706,0.603,0.694,0.19,0.825,0.804,0.713,0.831,0.389,0.844,0.86,0.806,0.657,0.697,0.201,0.763,0.827,0.937,0.568,0.0,0.361,0.857,0.865,0.82,0.861,0.581,0.747,0.847,0.902,0.651,0.915,0.42,0.841,0.435,0.934,0.879,0.827,0.833,0.76,0.676,0.869,0.821,0.455,0.968,0.906,0.78,0.8,0.641,0.524,0.8,0.864,0.809,0.809,0.637,0.829,0.902,0.748,0.582,0.369,0.933,0.912,0.841,0.021,0.687,-0.192,0.751,0.558,0.907,0.35
RILY,0.002,0.447,0.632,0.44,0.356,0.496,0.35,-0.154,0.549,0.675,-0.067,0.388,0.505,0.015,0.248,0.467,0.353,0.466,0.467,0.552,0.588,0.393,0.392,0.357,0.482,0.407,0.484,0.35,0.268,0.483,0.541,0.498,0.482,0.56,0.548,0.401,0.684,0.473,0.18,0.178,0.51,0.236,0.524,0.493,0.459,0.559,0.412,0.319,0.274,0.484,0.545,0.572,0.497,0.287,0.347,0.484,0.307,0.365,0.486,0.334,0.723,0.564,0.281,0.617,0.778,0.486,0.151,0.353,0.382,0.411,0.584,0.432,0.402,0.401,0.382,0.254,0.435,0.427,0.429,0.487,0.569,0.107,0.003,0.051,0.397,0.429,0.414,0.208,0.395,0.428,0.267,0.367,0.449,0.584,0.38,0.442,0.443,0.281,0.341,0.463,0.449,0.248,0.388,0.278,0.317,0.424,0.5,0.586,0.359,0.351,0.334,0.598,0.409,0.51,0.037,0.481,0.173,0.444,0.176,0.304,0.353,0.505,0.536,0.519,0.416,0.373,0.503,0.283,0.636,0.018,0.367,0.382,0.49,0.598,0.582,0.438,0.309,0.473,0.547,0.58,0.318,0.513,0.561,0.396,0.516,0.359,0.622,0.624,0.317,0.552,0.361,0.0,0.411,0.447,0.508,0.229,0.475,0.515,0.429,0.376,0.449,0.315,0.246,0.531,0.056,0.322,0.626,0.501,0.161,0.436,0.846,0.549,0.34,0.681,0.401,0.234,0.459,0.352,0.64,0.333,0.488,0.395,0.372,0.359,0.139,0.435,0.387,0.409,0.343,0.137,0.368,0.458,0.452,0.286,0.478,-0.21,0.417,0.153,0.323,0.117
RPAY,0.497,0.954,0.866,0.963,0.557,0.948,0.891,-0.687,0.944,0.898,0.032,0.673,0.961,-0.231,0.455,0.965,0.922,0.651,0.227,0.864,0.73,0.265,0.81,0.887,0.178,0.963,0.932,0.86,0.852,0.971,0.915,0.932,0.976,0.911,0.886,0.949,0.56,0.854,0.806,0.608,0.885,0.871,0.664,0.424,0.965,0.834,0.695,0.925,0.932,0.931,0.923,0.008,0.824,0.706,0.782,0.938,0.939,0.903,0.661,0.736,0.504,0.787,0.465,-0.069,0.227,0.899,0.477,0.914,0.901,0.88,0.75,0.936,0.966,0.798,0.952,0.955,0.938,0.394,0.83,-0.06,0.1,-0.304,-0.744,0.221,0.89,0.868,0.915,0.423,0.878,0.845,0.935,0.385,0.906,0.797,0.918,0.863,0.904,0.876,0.205,0.853,0.968,0.876,0.837,0.894,0.78,0.89,0.966,0.838,0.516,0.848,0.769,0.659,0.956,0.931,0.767,0.956,0.821,0.879,0.926,0.825,0.573,0.885,0.826,0.433,0.963,0.31,0.853,0.778,0.547,-0.121,0.936,0.451,0.282,0.86,-0.141,0.949,0.586,0.911,0.9,0.66,0.579,0.612,0.863,0.844,0.915,0.533,0.896,0.851,0.876,0.575,0.857,0.411,0.0,0.955,0.917,0.578,0.873,0.856,0.866,0.888,0.843,0.755,-0.004,0.966,-0.011,0.812,0.917,0.956,0.717,0.895,0.744,0.869,0.975,0.23,0.884,0.685,0.955,0.637,0.763,0.424,0.923,0.905,0.521,0.445,0.307,0.861,0.764,0.825,0.878,0.261,0.92,0.947,0.736,-0.387,0.347,-0.547,0.794,0.287,0.874,0.006
RPD,0.532,0.916,0.895,0.942,0.547,0.946,0.903,-0.598,0.955,0.899,0.05,0.67,0.961,-0.125,0.516,0.976,0.931,0.745,0.23,0.851,0.779,0.331,0.85,0.911,0.273,0.952,0.925,0.904,0.876,0.958,0.914,0.935,0.939,0.914,0.926,0.916,0.649,0.886,0.811,0.587,0.875,0.796,0.727,0.53,0.971,0.928,0.742,0.923,0.924,0.905,0.959,0.092,0.862,0.605,0.782,0.924,0.931,0.917,0.717,0.681,0.547,0.818,0.549,0.036,0.279,0.875,0.503,0.892,0.905,0.836,0.773,0.925,0.954,0.772,0.948,0.906,0.945,0.474,0.823,0.049,0.215,-0.288,-0.63,0.269,0.863,0.843,0.91,0.377,0.841,0.853,0.893,0.456,0.913,0.86,0.883,0.809,0.936,0.871,0.263,0.84,0.948,0.918,0.853,0.878,0.84,0.937,0.961,0.891,0.608,0.846,0.829,0.683,0.938,0.928,0.693,0.956,0.778,0.901,0.832,0.847,0.698,0.883,0.855,0.456,0.93,0.381,0.859,0.851,0.589,0.0,0.935,0.472,0.347,0.866,-0.03,0.976,0.657,0.898,0.927,0.669,0.619,0.668,0.906,0.812,0.929,0.513,0.933,0.895,0.864,0.711,0.865,0.447,0.955,0.0,0.871,0.598,0.836,0.874,0.892,0.907,0.855,0.806,0.102,0.959,0.103,0.82,0.92,0.952,0.739,0.913,0.773,0.918,0.951,0.355,0.887,0.73,0.967,0.625,0.835,0.483,0.932,0.869,0.579,0.522,0.435,0.951,0.844,0.916,0.838,0.288,0.896,0.953,0.796,-0.311,0.416,-0.439,0.779,0.287,0.925,0.173
SABR,0.267,0.888,0.829,0.889,0.581,0.893,0.764,-0.603,0.9,0.887,-0.089,0.679,0.873,-0.132,0.253,0.9,0.841,0.554,0.493,0.858,0.701,0.421,0.746,0.766,0.275,0.829,0.89,0.741,0.747,0.932,0.942,0.892,0.954,0.876,0.862,0.848,0.66,0.802,0.586,0.367,0.842,0.82,0.639,0.442,0.886,0.785,0.665,0.882,0.83,0.922,0.845,0.182,0.684,0.771,0.744,0.832,0.891,0.735,0.634,0.752,0.673,0.846,0.259,0.128,0.432,0.802,0.321,0.811,0.772,0.83,0.757,0.84,0.916,0.752,0.908,0.83,0.852,0.349,0.864,0.154,0.247,-0.137,-0.666,0.088,0.753,0.78,0.837,0.39,0.847,0.776,0.792,0.406,0.876,0.804,0.851,0.84,0.798,0.763,0.13,0.835,0.937,0.726,0.771,0.761,0.638,0.792,0.875,0.768,0.439,0.785,0.545,0.671,0.864,0.842,0.609,0.856,0.834,0.722,0.84,0.626,0.442,0.875,0.712,0.54,0.895,0.452,0.87,0.7,0.67,-0.076,0.924,0.433,0.307,0.884,0.01,0.861,0.452,0.919,0.815,0.577,0.518,0.67,0.832,0.915,0.853,0.386,0.862,0.911,0.745,0.657,0.82,0.508,0.917,0.871,0.0,0.518,0.836,0.753,0.787,0.877,0.867,0.632,0.016,0.891,-0.022,0.801,0.935,0.85,0.574,0.753,0.774,0.822,0.868,0.398,0.8,0.597,0.865,0.734,0.762,0.213,0.893,0.84,0.52,0.452,0.297,0.779,0.674,0.721,0.826,0.116,0.833,0.863,0.714,-0.208,0.339,-0.52,0.81,0.414,0.747,-0.118
SEDG,0.755,0.453,0.7,0.532,-0.271,0.46,0.759,-0.18,0.546,0.444,0.75,-0.116,0.606,-0.006,0.27,0.684,0.768,0.654,0.02,0.799,0.869,0.564,0.869,0.84,0.67,0.564,0.376,0.494,0.358,0.644,0.662,0.775,0.527,0.756,0.676,0.62,0.619,0.252,0.679,0.611,0.245,0.288,0.046,-0.094,0.659,0.469,0.805,0.536,0.709,0.339,0.701,0.486,0.778,0.211,0.846,0.684,0.406,0.442,0.892,-0.038,0.213,0.684,0.783,0.25,0.337,0.404,0.894,0.818,0.747,0.193,0.594,0.432,0.532,0.242,0.69,0.484,0.442,0.867,0.301,0.052,0.265,0.193,-0.071,0.649,0.403,0.426,0.33,0.331,0.823,0.718,0.617,0.735,0.347,0.253,0.746,0.188,0.76,0.766,0.09,0.795,0.474,0.713,0.795,0.841,0.547,0.766,0.592,0.542,0.054,0.857,0.688,0.716,0.522,0.401,0.666,0.476,0.472,0.739,0.461,0.609,0.748,0.351,0.6,0.698,0.6,0.545,0.779,0.231,-0.058,0.317,0.671,0.883,0.666,0.351,0.348,0.52,0.801,0.328,0.6,0.147,0.948,0.802,0.548,0.233,0.366,-0.089,0.482,0.538,0.831,0.313,0.861,0.229,0.578,0.598,0.518,0.0,0.217,0.513,0.621,0.644,0.23,0.84,0.601,0.588,0.662,0.801,0.6,0.57,0.795,0.51,0.47,0.661,0.526,0.419,0.85,0.9,0.474,0.747,0.375,0.613,0.49,0.615,0.811,0.901,0.688,0.562,0.816,0.484,0.168,0.338,0.776,0.706,0.706,0.289,0.858,0.029,0.453,0.513,0.729,0.554
SHEN,0.113,0.934,0.735,0.9,0.825,0.905,0.687,-0.742,0.891,0.917,-0.359,0.876,0.886,-0.416,0.401,0.808,0.711,0.455,0.316,0.663,0.461,-0.013,0.508,0.628,-0.111,0.874,0.942,0.716,0.786,0.848,0.768,0.746,0.909,0.719,0.756,0.868,0.394,0.949,0.616,0.473,0.951,0.904,0.851,0.583,0.828,0.764,0.364,0.791,0.711,0.95,0.788,-0.182,0.654,0.72,0.473,0.824,0.891,0.873,0.351,0.931,0.56,0.597,0.187,-0.125,0.204,0.934,0.092,0.677,0.702,0.969,0.546,0.945,0.875,0.9,0.76,0.859,0.884,0.057,0.799,-0.044,0.0,-0.411,-0.809,-0.181,0.916,0.883,0.9,0.306,0.638,0.592,0.799,0.037,0.933,0.881,0.682,0.985,0.704,0.671,0.154,0.675,0.916,0.654,0.582,0.624,0.607,0.69,0.879,0.739,0.553,0.551,0.573,0.479,0.856,0.951,0.531,0.924,0.67,0.732,0.831,0.728,0.289,0.84,0.752,0.257,0.864,0.046,0.621,0.811,0.746,-0.387,0.741,0.148,0.006,0.908,-0.267,0.874,0.299,0.946,0.844,0.846,0.208,0.344,0.748,0.874,0.957,0.712,0.878,0.785,0.605,0.543,0.581,0.475,0.873,0.836,0.836,0.217,0.0,0.856,0.708,0.685,0.894,0.465,-0.283,0.9,-0.364,0.543,0.823,0.887,0.415,0.849,0.742,0.77,0.881,0.124,0.639,0.307,0.903,0.444,0.816,0.318,0.872,0.762,0.23,0.098,-0.004,0.75,0.485,0.732,0.95,0.16,0.716,0.805,0.607,-0.563,0.023,-0.672,0.635,-0.051,0.652,-0.302
SIRI,0.38,0.868,0.898,0.916,0.58,0.884,0.85,-0.59,0.924,0.909,0.001,0.645,0.938,-0.261,0.659,0.869,0.829,0.751,0.23,0.762,0.683,0.101,0.731,0.806,0.184,0.93,0.876,0.797,0.804,0.889,0.784,0.824,0.863,0.813,0.866,0.906,0.547,0.877,0.76,0.689,0.847,0.782,0.791,0.591,0.882,0.825,0.564,0.788,0.805,0.806,0.899,0.059,0.894,0.628,0.694,0.903,0.789,0.92,0.622,0.686,0.533,0.706,0.578,0.107,0.301,0.919,0.471,0.813,0.815,0.778,0.567,0.949,0.857,0.843,0.787,0.789,0.858,0.423,0.639,-0.01,0.127,-0.339,-0.554,0.187,0.911,0.945,0.85,0.361,0.774,0.766,0.844,0.306,0.873,0.819,0.727,0.81,0.883,0.794,0.339,0.766,0.852,0.789,0.716,0.771,0.772,0.859,0.932,0.882,0.593,0.75,0.805,0.753,0.884,0.938,0.72,0.935,0.656,0.916,0.763,0.914,0.629,0.774,0.92,0.498,0.847,0.241,0.728,0.758,0.612,-0.222,0.762,0.376,0.307,0.879,0.018,0.884,0.637,0.84,0.961,0.857,0.502,0.56,0.841,0.712,0.905,0.681,0.906,0.799,0.765,0.518,0.747,0.515,0.856,0.874,0.753,0.513,0.856,0.0,0.738,0.725,0.785,0.751,0.125,0.924,0.038,0.67,0.831,0.925,0.64,0.956,0.812,0.907,0.857,0.313,0.8,0.577,0.903,0.548,0.834,0.695,0.872,0.843,0.583,0.434,0.344,0.857,0.709,0.827,0.804,0.476,0.821,0.902,0.814,-0.313,0.385,-0.355,0.624,0.062,0.802,0.087
SLNO,0.589,0.821,0.809,0.842,0.413,0.869,0.866,-0.497,0.853,0.797,0.135,0.561,0.862,-0.071,0.392,0.91,0.866,0.698,0.248,0.85,0.797,0.394,0.841,0.862,0.43,0.846,0.84,0.816,0.808,0.884,0.884,0.899,0.865,0.874,0.852,0.842,0.719,0.732,0.736,0.435,0.784,0.644,0.575,0.402,0.906,0.813,0.768,0.806,0.88,0.796,0.888,0.168,0.776,0.479,0.784,0.853,0.858,0.756,0.767,0.54,0.587,0.819,0.52,0.103,0.316,0.744,0.493,0.847,0.796,0.738,0.83,0.803,0.896,0.621,0.898,0.821,0.877,0.554,0.811,0.103,0.195,-0.11,-0.564,0.36,0.702,0.713,0.83,0.3,0.793,0.826,0.801,0.578,0.815,0.763,0.848,0.698,0.868,0.817,0.31,0.823,0.856,0.885,0.84,0.841,0.793,0.862,0.854,0.771,0.521,0.814,0.786,0.635,0.833,0.818,0.606,0.826,0.661,0.808,0.752,0.701,0.617,0.812,0.686,0.483,0.817,0.433,0.877,0.765,0.482,0.17,0.892,0.57,0.417,0.731,0.072,0.898,0.68,0.793,0.814,0.516,0.647,0.68,0.791,0.725,0.787,0.388,0.82,0.837,0.845,0.714,0.847,0.429,0.866,0.892,0.787,0.621,0.708,0.738,0.0,0.908,0.759,0.785,0.165,0.872,0.177,0.796,0.883,0.855,0.746,0.773,0.708,0.854,0.879,0.396,0.858,0.734,0.859,0.587,0.715,0.383,0.82,0.853,0.569,0.582,0.449,0.867,0.851,0.806,0.716,0.302,0.851,0.881,0.737,-0.167,0.459,-0.382,0.806,0.422,0.908,0.251
SNDL,0.564,0.797,0.832,0.852,0.433,0.881,0.852,-0.452,0.868,0.795,0.117,0.56,0.846,0.125,0.409,0.928,0.9,0.748,0.377,0.855,0.804,0.52,0.897,0.876,0.465,0.842,0.849,0.879,0.833,0.911,0.938,0.902,0.887,0.895,0.894,0.8,0.745,0.735,0.683,0.365,0.784,0.663,0.582,0.479,0.905,0.85,0.851,0.896,0.921,0.806,0.873,0.225,0.747,0.589,0.87,0.808,0.885,0.741,0.793,0.551,0.619,0.902,0.481,0.172,0.346,0.703,0.532,0.858,0.801,0.704,0.828,0.782,0.932,0.604,0.95,0.811,0.887,0.553,0.848,0.139,0.281,-0.118,-0.558,0.406,0.655,0.707,0.843,0.387,0.839,0.889,0.793,0.658,0.817,0.769,0.853,0.674,0.882,0.818,0.326,0.809,0.888,0.884,0.873,0.846,0.84,0.883,0.848,0.817,0.548,0.886,0.723,0.717,0.873,0.788,0.664,0.82,0.816,0.763,0.788,0.673,0.672,0.879,0.694,0.55,0.822,0.616,0.923,0.766,0.556,0.242,0.967,0.509,0.478,0.781,0.105,0.9,0.692,0.834,0.802,0.435,0.685,0.764,0.867,0.817,0.774,0.309,0.824,0.895,0.85,0.745,0.902,0.376,0.888,0.907,0.877,0.644,0.685,0.725,0.908,0.0,0.816,0.812,0.247,0.845,0.28,0.873,0.903,0.836,0.789,0.758,0.675,0.86,0.872,0.469,0.869,0.802,0.866,0.674,0.717,0.302,0.859,0.877,0.677,0.629,0.567,0.883,0.88,0.846,0.737,0.314,0.846,0.887,0.778,-0.129,0.481,-0.294,0.865,0.607,0.917,0.253
SNEX,0.156,0.864,0.748,0.868,0.835,0.901,0.673,-0.583,0.884,0.884,-0.355,0.891,0.827,-0.032,0.395,0.826,0.747,0.573,0.457,0.644,0.501,0.189,0.602,0.637,0.088,0.821,0.941,0.825,0.878,0.859,0.83,0.737,0.9,0.728,0.807,0.777,0.545,0.929,0.558,0.265,0.946,0.837,0.836,0.719,0.811,0.85,0.511,0.867,0.764,0.922,0.783,-0.026,0.595,0.736,0.589,0.734,0.929,0.802,0.435,0.872,0.699,0.721,0.165,0.047,0.291,0.803,0.116,0.654,0.644,0.894,0.649,0.878,0.913,0.783,0.815,0.794,0.903,0.133,0.896,0.18,0.185,-0.35,-0.718,-0.019,0.774,0.793,0.925,0.308,0.65,0.703,0.73,0.27,0.943,0.93,0.657,0.89,0.729,0.659,0.284,0.626,0.923,0.699,0.631,0.608,0.72,0.716,0.835,0.797,0.702,0.622,0.536,0.555,0.868,0.883,0.522,0.88,0.768,0.644,0.783,0.612,0.39,0.932,0.67,0.315,0.794,0.348,0.715,0.889,0.841,-0.112,0.826,0.107,0.177,0.914,-0.117,0.902,0.355,0.968,0.81,0.685,0.247,0.484,0.841,0.96,0.917,0.592,0.869,0.873,0.593,0.737,0.651,0.449,0.843,0.855,0.867,0.23,0.894,0.785,0.759,0.816,0.0,0.532,-0.125,0.831,-0.159,0.668,0.851,0.825,0.467,0.783,0.709,0.788,0.856,0.315,0.658,0.418,0.905,0.489,0.822,0.179,0.89,0.794,0.374,0.248,0.215,0.835,0.596,0.814,0.938,0.174,0.682,0.775,0.658,-0.424,0.09,-0.472,0.793,0.257,0.708,-0.143
SONO,0.762,0.658,0.844,0.755,0.091,0.72,0.919,-0.351,0.774,0.654,0.502,0.214,0.79,0.104,0.584,0.851,0.891,0.888,0.097,0.821,0.874,0.444,0.944,0.933,0.569,0.798,0.654,0.772,0.69,0.82,0.781,0.85,0.71,0.859,0.856,0.774,0.701,0.541,0.767,0.645,0.55,0.488,0.401,0.306,0.839,0.731,0.838,0.73,0.883,0.557,0.865,0.323,0.901,0.38,0.921,0.806,0.648,0.72,0.908,0.241,0.367,0.811,0.815,0.242,0.275,0.63,0.831,0.898,0.849,0.433,0.674,0.687,0.759,0.508,0.822,0.662,0.728,0.804,0.528,-0.009,0.21,-0.069,-0.295,0.691,0.613,0.689,0.665,0.396,0.85,0.89,0.781,0.716,0.619,0.53,0.803,0.423,0.934,0.859,0.391,0.787,0.687,0.907,0.856,0.892,0.851,0.915,0.803,0.809,0.41,0.923,0.888,0.83,0.778,0.673,0.797,0.731,0.638,0.871,0.642,0.811,0.872,0.642,0.789,0.667,0.716,0.564,0.856,0.552,0.237,0.239,0.811,0.66,0.619,0.597,0.245,0.769,0.906,0.586,0.807,0.383,0.852,0.791,0.757,0.479,0.616,0.262,0.719,0.715,0.907,0.493,0.915,0.315,0.755,0.806,0.632,0.84,0.465,0.751,0.785,0.812,0.532,0.0,0.543,0.772,0.538,0.834,0.747,0.791,0.876,0.794,0.61,0.841,0.751,0.445,0.909,0.916,0.722,0.642,0.581,0.692,0.719,0.81,0.846,0.827,0.74,0.833,0.93,0.768,0.484,0.567,0.866,0.86,0.83,0.049,0.733,-0.022,0.665,0.489,0.923,0.549
SPT,0.446,-0.144,0.365,0.012,-0.477,-0.004,0.3,0.377,0.114,0.048,0.66,-0.443,0.077,0.539,0.228,0.17,0.268,0.6,0.133,0.306,0.573,0.563,0.518,0.35,0.825,0.056,-0.065,0.173,-0.024,0.138,0.205,0.233,-0.017,0.288,0.303,0.019,0.576,-0.161,0.086,0.141,-0.16,-0.326,-0.107,0.079,0.121,0.181,0.5,0.067,0.194,-0.204,0.252,0.771,0.389,-0.229,0.527,0.105,-0.143,-0.041,0.678,-0.485,0.207,0.446,0.649,0.721,0.493,-0.139,0.665,0.269,0.213,-0.357,0.227,-0.083,0.023,-0.189,0.141,-0.161,-0.016,0.818,-0.146,0.316,0.467,0.418,0.543,0.683,-0.145,-0.02,-0.085,0.189,0.284,0.359,0.003,0.733,-0.113,-0.052,0.152,-0.333,0.325,0.242,0.281,0.244,-0.076,0.266,0.355,0.252,0.342,0.353,0.082,0.304,0.044,0.428,0.322,0.597,0.034,-0.073,0.175,-0.025,-0.045,0.249,-0.151,0.167,0.644,0.011,0.268,0.661,-0.044,0.736,0.365,-0.142,-0.093,0.607,0.17,0.538,0.818,0.005,0.781,0.043,0.688,-0.108,0.176,-0.154,0.651,0.675,0.213,-0.15,-0.129,-0.304,0.098,0.224,0.33,0.221,0.42,0.246,-0.004,0.102,0.016,0.601,-0.283,0.125,0.165,0.247,-0.125,0.543,0.0,0.048,0.891,0.31,0.19,0.068,0.426,0.086,0.223,0.306,-0.067,0.668,0.366,0.585,-0.027,0.36,0.097,0.479,0.04,0.159,0.756,0.79,0.752,0.232,0.511,0.199,-0.322,0.473,0.21,0.213,0.49,0.731,0.809,0.669,0.105,0.556,0.331,0.811
SSNC,0.448,0.964,0.915,0.966,0.565,0.952,0.908,-0.685,0.973,0.945,0.033,0.672,0.991,-0.294,0.488,0.967,0.912,0.692,0.253,0.891,0.771,0.244,0.803,0.886,0.228,0.968,0.939,0.821,0.817,0.973,0.91,0.946,0.966,0.925,0.917,0.973,0.626,0.886,0.793,0.648,0.893,0.838,0.734,0.472,0.974,0.86,0.669,0.87,0.894,0.925,0.963,0.082,0.884,0.656,0.754,0.973,0.905,0.92,0.695,0.731,0.569,0.8,0.521,0.043,0.319,0.944,0.47,0.908,0.905,0.875,0.738,0.962,0.948,0.843,0.919,0.913,0.937,0.449,0.79,-0.013,0.142,-0.259,-0.674,0.184,0.921,0.91,0.902,0.396,0.863,0.819,0.917,0.377,0.92,0.845,0.892,0.877,0.924,0.868,0.235,0.886,0.955,0.866,0.823,0.869,0.771,0.912,0.988,0.872,0.517,0.821,0.807,0.713,0.94,0.965,0.714,0.974,0.739,0.927,0.859,0.87,0.603,0.86,0.888,0.499,0.955,0.285,0.852,0.777,0.594,-0.154,0.897,0.503,0.306,0.894,-0.035,0.952,0.618,0.91,0.956,0.765,0.584,0.628,0.867,0.802,0.945,0.575,0.947,0.883,0.862,0.611,0.841,0.531,0.966,0.959,0.891,0.588,0.9,0.924,0.872,0.845,0.831,0.772,0.048,0.0,-0.006,0.774,0.937,0.984,0.684,0.937,0.838,0.922,0.956,0.317,0.884,0.653,0.956,0.647,0.836,0.539,0.928,0.888,0.54,0.478,0.311,0.885,0.773,0.835,0.854,0.3,0.92,0.967,0.788,-0.315,0.404,-0.523,0.742,0.188,0.873,0.046
STGW,0.621,-0.179,0.278,-0.032,-0.57,-0.047,0.264,0.386,0.026,-0.061,0.761,-0.5,0.032,0.604,0.215,0.161,0.284,0.554,-0.038,0.271,0.558,0.602,0.543,0.384,0.811,0.029,-0.132,0.216,-0.0,0.1,0.179,0.23,-0.055,0.278,0.261,-0.021,0.485,-0.204,0.201,0.158,-0.222,-0.344,-0.242,-0.046,0.108,0.156,0.593,0.101,0.234,-0.257,0.207,0.67,0.329,-0.254,0.525,0.071,-0.122,-0.053,0.656,-0.566,0.057,0.379,0.665,0.537,0.334,-0.211,0.743,0.287,0.228,-0.402,0.275,-0.139,0.016,-0.339,0.188,-0.126,-0.035,0.81,-0.11,0.292,0.48,0.332,0.52,0.77,-0.194,-0.12,-0.129,0.204,0.301,0.38,0.033,0.788,-0.181,-0.129,0.175,-0.406,0.303,0.243,0.246,0.221,-0.087,0.303,0.385,0.324,0.351,0.337,0.024,0.208,0.019,0.46,0.339,0.469,0.03,-0.148,0.216,-0.078,0.023,0.223,-0.138,0.131,0.652,-0.026,0.155,0.511,-0.034,0.707,0.356,-0.117,-0.234,0.731,0.19,0.569,0.787,-0.119,0.668,0.039,0.667,-0.16,0.119,-0.292,0.722,0.628,0.218,-0.191,-0.175,-0.395,0.003,0.149,0.363,0.212,0.435,0.056,-0.011,0.103,-0.022,0.662,-0.364,0.038,0.177,0.28,-0.159,0.538,0.891,-0.006,0.0,0.4,0.118,0.012,0.54,-0.003,0.065,0.233,-0.061,0.534,0.375,0.663,-0.031,0.374,0.009,0.408,0.004,0.154,0.72,0.8,0.783,0.214,0.558,0.207,-0.357,0.419,0.207,0.191,0.415,0.657,0.808,0.616,0.122,0.639,0.345,0.872
STKL,0.64,0.726,0.803,0.788,0.196,0.739,0.816,-0.392,0.771,0.687,0.379,0.346,0.786,0.103,0.334,0.863,0.905,0.7,0.227,0.836,0.837,0.538,0.911,0.89,0.523,0.771,0.7,0.787,0.704,0.866,0.872,0.891,0.802,0.883,0.847,0.775,0.66,0.594,0.763,0.518,0.613,0.631,0.343,0.214,0.845,0.714,0.865,0.847,0.905,0.673,0.833,0.31,0.767,0.604,0.92,0.788,0.747,0.668,0.816,0.381,0.439,0.826,0.575,0.148,0.338,0.625,0.687,0.884,0.828,0.544,0.784,0.688,0.823,0.486,0.907,0.733,0.737,0.653,0.694,0.188,0.292,-0.09,-0.428,0.514,0.615,0.618,0.674,0.417,0.905,0.886,0.796,0.683,0.677,0.582,0.851,0.532,0.863,0.844,0.222,0.83,0.78,0.827,0.866,0.901,0.727,0.844,0.788,0.727,0.425,0.935,0.714,0.746,0.813,0.661,0.749,0.728,0.789,0.772,0.734,0.647,0.69,0.722,0.671,0.594,0.815,0.584,0.9,0.564,0.317,0.206,0.887,0.638,0.583,0.644,0.149,0.792,0.695,0.696,0.763,0.324,0.789,0.817,0.789,0.663,0.676,0.16,0.706,0.77,0.864,0.563,0.934,0.322,0.812,0.82,0.801,0.801,0.543,0.67,0.796,0.873,0.668,0.834,0.31,0.774,0.4,0.0,0.816,0.759,0.796,0.676,0.608,0.808,0.787,0.397,0.915,0.869,0.754,0.8,0.605,0.416,0.755,0.816,0.749,0.775,0.565,0.766,0.858,0.691,0.578,0.261,0.868,0.84,0.743,-0.011,0.642,-0.223,0.799,0.58,0.833,0.298
STRL,0.382,0.886,0.919,0.903,0.528,0.922,0.84,-0.56,0.951,0.939,0.023,0.64,0.924,-0.09,0.371,0.945,0.891,0.718,0.453,0.909,0.828,0.449,0.834,0.846,0.424,0.879,0.907,0.798,0.767,0.959,0.972,0.944,0.954,0.94,0.947,0.883,0.784,0.829,0.653,0.444,0.864,0.736,0.698,0.52,0.93,0.857,0.736,0.863,0.856,0.898,0.933,0.303,0.811,0.644,0.801,0.89,0.873,0.783,0.762,0.669,0.73,0.903,0.446,0.255,0.516,0.821,0.435,0.862,0.831,0.803,0.83,0.863,0.927,0.75,0.923,0.818,0.895,0.514,0.827,0.184,0.301,-0.085,-0.561,0.211,0.781,0.803,0.854,0.394,0.856,0.822,0.808,0.528,0.879,0.85,0.867,0.801,0.881,0.812,0.225,0.871,0.927,0.808,0.835,0.809,0.746,0.881,0.92,0.861,0.504,0.832,0.689,0.766,0.881,0.884,0.594,0.893,0.723,0.828,0.787,0.713,0.586,0.895,0.804,0.62,0.891,0.518,0.916,0.73,0.683,0.019,0.927,0.531,0.459,0.891,0.164,0.916,0.616,0.903,0.9,0.635,0.615,0.763,0.877,0.851,0.878,0.425,0.916,0.957,0.824,0.744,0.879,0.626,0.917,0.92,0.935,0.6,0.823,0.831,0.883,0.903,0.851,0.747,0.19,0.937,0.118,0.816,0.0,0.913,0.638,0.822,0.864,0.914,0.881,0.521,0.876,0.678,0.892,0.706,0.841,0.396,0.912,0.868,0.624,0.579,0.407,0.87,0.792,0.81,0.782,0.268,0.868,0.919,0.81,-0.111,0.488,-0.422,0.786,0.406,0.842,0.105
STX,0.482,0.945,0.901,0.954,0.563,0.945,0.911,-0.673,0.961,0.932,0.047,0.659,0.984,-0.259,0.532,0.955,0.913,0.729,0.196,0.859,0.758,0.205,0.799,0.888,0.194,0.977,0.939,0.846,0.83,0.96,0.891,0.924,0.95,0.914,0.916,0.963,0.584,0.886,0.811,0.674,0.901,0.828,0.736,0.496,0.959,0.854,0.657,0.865,0.899,0.905,0.96,0.036,0.891,0.618,0.758,0.963,0.899,0.946,0.68,0.707,0.514,0.784,0.561,-0.002,0.246,0.926,0.49,0.9,0.912,0.864,0.722,0.96,0.943,0.82,0.913,0.905,0.949,0.442,0.78,-0.061,0.103,-0.293,-0.67,0.214,0.93,0.904,0.908,0.421,0.843,0.82,0.93,0.381,0.901,0.833,0.873,0.859,0.926,0.869,0.25,0.843,0.944,0.884,0.821,0.869,0.827,0.916,0.984,0.886,0.547,0.815,0.838,0.708,0.947,0.963,0.73,0.977,0.717,0.932,0.853,0.887,0.623,0.864,0.896,0.46,0.93,0.276,0.833,0.781,0.58,-0.136,0.878,0.456,0.32,0.87,-0.07,0.961,0.644,0.897,0.956,0.749,0.576,0.602,0.866,0.779,0.939,0.59,0.935,0.851,0.87,0.594,0.827,0.501,0.956,0.952,0.85,0.57,0.887,0.925,0.855,0.836,0.825,0.791,0.068,0.984,0.012,0.759,0.913,0.0,0.709,0.95,0.794,0.918,0.952,0.272,0.884,0.654,0.96,0.585,0.834,0.579,0.917,0.894,0.529,0.468,0.313,0.888,0.78,0.85,0.852,0.359,0.899,0.962,0.793,-0.358,0.395,-0.498,0.72,0.174,0.884,0.097
SWTX,0.861,0.583,0.704,0.689,0.039,0.671,0.831,-0.33,0.641,0.536,0.521,0.178,0.717,0.104,0.531,0.768,0.817,0.754,-0.061,0.733,0.802,0.427,0.878,0.881,0.462,0.752,0.597,0.778,0.676,0.73,0.698,0.782,0.639,0.79,0.721,0.696,0.53,0.48,0.802,0.623,0.497,0.431,0.277,0.179,0.762,0.64,0.812,0.699,0.857,0.487,0.764,0.175,0.775,0.322,0.854,0.732,0.617,0.689,0.815,0.174,0.201,0.702,0.784,0.049,0.117,0.56,0.828,0.839,0.818,0.397,0.654,0.614,0.706,0.347,0.79,0.661,0.683,0.733,0.519,-0.06,0.218,-0.149,-0.313,0.669,0.548,0.579,0.62,0.398,0.776,0.844,0.776,0.687,0.52,0.439,0.767,0.376,0.814,0.794,0.389,0.705,0.638,0.868,0.823,0.883,0.823,0.826,0.697,0.648,0.39,0.866,0.842,0.637,0.725,0.59,0.742,0.644,0.6,0.792,0.638,0.727,0.773,0.575,0.647,0.498,0.669,0.48,0.765,0.515,0.119,0.374,0.76,0.646,0.565,0.458,0.103,0.708,0.852,0.534,0.694,0.29,0.856,0.689,0.695,0.437,0.539,0.227,0.591,0.596,0.866,0.43,0.833,0.161,0.717,0.739,0.574,0.795,0.415,0.64,0.746,0.789,0.467,0.876,0.426,0.684,0.54,0.796,0.638,0.709,0.0,0.66,0.445,0.722,0.703,0.264,0.848,0.893,0.686,0.579,0.476,0.611,0.632,0.791,0.708,0.715,0.625,0.719,0.884,0.71,0.437,0.559,0.797,0.82,0.743,-0.06,0.656,-0.093,0.651,0.505,0.87,0.516
SYNA,0.437,0.897,0.877,0.936,0.576,0.905,0.893,-0.652,0.941,0.882,0.017,0.649,0.943,-0.266,0.675,0.903,0.85,0.752,0.156,0.762,0.667,0.074,0.74,0.843,0.126,0.957,0.891,0.825,0.842,0.903,0.788,0.836,0.874,0.823,0.873,0.922,0.522,0.874,0.783,0.705,0.853,0.815,0.78,0.564,0.916,0.852,0.578,0.821,0.856,0.842,0.909,-0.028,0.904,0.615,0.711,0.91,0.84,0.951,0.621,0.7,0.465,0.689,0.568,0.01,0.179,0.935,0.481,0.845,0.849,0.808,0.566,0.953,0.887,0.876,0.821,0.848,0.9,0.407,0.668,-0.112,0.049,-0.378,-0.631,0.24,0.913,0.946,0.893,0.363,0.767,0.788,0.881,0.284,0.886,0.799,0.774,0.812,0.917,0.838,0.348,0.761,0.875,0.848,0.726,0.805,0.807,0.885,0.961,0.908,0.586,0.76,0.855,0.718,0.916,0.945,0.76,0.965,0.702,0.919,0.814,0.942,0.668,0.802,0.932,0.456,0.876,0.212,0.733,0.799,0.557,-0.235,0.799,0.343,0.245,0.864,-0.088,0.913,0.648,0.836,0.938,0.794,0.5,0.537,0.824,0.712,0.911,0.688,0.915,0.791,0.794,0.502,0.76,0.436,0.895,0.913,0.753,0.51,0.849,0.956,0.773,0.758,0.783,0.794,0.086,0.937,-0.003,0.676,0.822,0.95,0.66,0.0,0.758,0.891,0.914,0.236,0.808,0.604,0.919,0.506,0.794,0.65,0.894,0.838,0.557,0.411,0.366,0.893,0.732,0.866,0.832,0.435,0.851,0.909,0.77,-0.388,0.339,-0.392,0.658,0.066,0.856,0.099
TFSL,0.223,0.763,0.882,0.767,0.489,0.779,0.709,-0.393,0.851,0.898,-0.017,0.564,0.822,-0.134,0.387,0.794,0.703,0.64,0.471,0.817,0.767,0.392,0.683,0.688,0.451,0.742,0.775,0.63,0.591,0.806,0.795,0.796,0.788,0.809,0.807,0.757,0.774,0.738,0.503,0.43,0.74,0.568,0.711,0.548,0.788,0.791,0.603,0.647,0.634,0.763,0.84,0.45,0.774,0.512,0.625,0.801,0.656,0.68,0.686,0.577,0.783,0.785,0.457,0.461,0.698,0.769,0.349,0.692,0.692,0.682,0.7,0.768,0.739,0.691,0.706,0.623,0.736,0.516,0.634,0.314,0.443,-0.034,-0.312,0.127,0.706,0.745,0.702,0.304,0.712,0.69,0.609,0.434,0.771,0.807,0.695,0.718,0.767,0.629,0.322,0.781,0.764,0.611,0.675,0.618,0.578,0.756,0.817,0.823,0.5,0.664,0.606,0.774,0.722,0.806,0.424,0.789,0.505,0.756,0.544,0.645,0.565,0.723,0.798,0.624,0.737,0.415,0.769,0.572,0.697,-0.06,0.704,0.534,0.458,0.856,0.387,0.757,0.524,0.762,0.837,0.77,0.5,0.662,0.798,0.66,0.792,0.475,0.886,0.861,0.651,0.675,0.676,0.846,0.744,0.773,0.774,0.47,0.742,0.812,0.708,0.675,0.709,0.61,0.223,0.838,0.065,0.608,0.864,0.794,0.445,0.758,0.0,0.828,0.693,0.654,0.715,0.508,0.769,0.599,0.841,0.479,0.778,0.699,0.555,0.504,0.306,0.74,0.654,0.693,0.638,0.241,0.709,0.782,0.722,0.068,0.513,-0.335,0.631,0.219,0.666,0.11
TIGR,0.476,0.846,0.944,0.898,0.458,0.884,0.884,-0.471,0.935,0.89,0.135,0.557,0.925,-0.067,0.551,0.924,0.904,0.81,0.326,0.861,0.843,0.365,0.871,0.892,0.426,0.897,0.86,0.835,0.788,0.933,0.897,0.92,0.884,0.909,0.949,0.881,0.732,0.816,0.729,0.581,0.803,0.708,0.705,0.54,0.929,0.881,0.745,0.846,0.866,0.8,0.941,0.266,0.905,0.574,0.824,0.891,0.814,0.841,0.783,0.573,0.615,0.844,0.624,0.24,0.427,0.829,0.567,0.877,0.865,0.714,0.732,0.877,0.887,0.747,0.883,0.786,0.865,0.592,0.724,0.151,0.289,-0.162,-0.477,0.327,0.804,0.841,0.823,0.441,0.84,0.846,0.82,0.533,0.858,0.819,0.824,0.732,0.933,0.837,0.319,0.865,0.863,0.85,0.855,0.835,0.824,0.933,0.924,0.916,0.573,0.85,0.83,0.825,0.889,0.878,0.675,0.897,0.698,0.9,0.739,0.842,0.739,0.821,0.888,0.611,0.862,0.479,0.864,0.745,0.589,0.01,0.865,0.534,0.481,0.856,0.182,0.91,0.742,0.836,0.934,0.675,0.672,0.775,0.882,0.734,0.86,0.465,0.917,0.887,0.847,0.693,0.869,0.549,0.869,0.918,0.822,0.661,0.77,0.907,0.854,0.86,0.788,0.841,0.306,0.922,0.233,0.808,0.914,0.918,0.722,0.891,0.828,0.0,0.856,0.495,0.884,0.737,0.883,0.705,0.839,0.598,0.894,0.838,0.723,0.642,0.51,0.909,0.837,0.861,0.725,0.411,0.873,0.933,0.877,-0.115,0.564,-0.274,0.729,0.314,0.882,0.274
TNXP,0.492,0.967,0.818,0.966,0.601,0.95,0.888,-0.726,0.936,0.87,-0.003,0.713,0.95,-0.261,0.477,0.949,0.904,0.639,0.169,0.819,0.671,0.178,0.771,0.867,0.113,0.965,0.933,0.86,0.881,0.952,0.885,0.902,0.959,0.875,0.873,0.949,0.514,0.876,0.82,0.6,0.891,0.884,0.685,0.437,0.955,0.826,0.647,0.912,0.938,0.928,0.906,-0.094,0.807,0.696,0.736,0.923,0.962,0.921,0.615,0.767,0.465,0.741,0.433,-0.137,0.126,0.916,0.434,0.894,0.877,0.895,0.71,0.945,0.968,0.826,0.931,0.968,0.959,0.345,0.833,-0.105,0.003,-0.349,-0.794,0.21,0.892,0.882,0.94,0.363,0.83,0.82,0.946,0.337,0.922,0.806,0.879,0.869,0.897,0.869,0.237,0.816,0.965,0.893,0.798,0.876,0.787,0.87,0.959,0.821,0.523,0.809,0.79,0.597,0.961,0.936,0.768,0.96,0.809,0.863,0.932,0.835,0.546,0.885,0.803,0.372,0.952,0.236,0.817,0.832,0.539,-0.153,0.915,0.384,0.205,0.837,-0.22,0.959,0.562,0.905,0.888,0.657,0.515,0.541,0.832,0.832,0.923,0.576,0.88,0.826,0.848,0.563,0.821,0.34,0.975,0.951,0.868,0.526,0.881,0.857,0.879,0.872,0.856,0.751,-0.067,0.956,-0.061,0.787,0.881,0.952,0.703,0.914,0.693,0.856,0.0,0.159,0.851,0.644,0.953,0.57,0.746,0.418,0.921,0.895,0.468,0.397,0.28,0.875,0.75,0.832,0.903,0.266,0.91,0.927,0.702,-0.461,0.267,-0.553,0.787,0.219,0.884,-0.011
TOWN,0.142,0.17,0.563,0.242,0.046,0.312,0.35,0.24,0.408,0.439,0.154,0.097,0.309,0.447,0.138,0.401,0.349,0.572,0.612,0.514,0.637,0.73,0.53,0.364,0.84,0.208,0.29,0.311,0.195,0.374,0.495,0.428,0.301,0.477,0.506,0.198,0.883,0.22,0.029,-0.098,0.233,-0.063,0.332,0.455,0.342,0.512,0.573,0.262,0.255,0.231,0.453,0.873,0.4,0.046,0.492,0.29,0.192,0.102,0.674,0.002,0.767,0.677,0.357,0.902,0.868,0.143,0.306,0.307,0.24,0.073,0.517,0.187,0.306,0.104,0.346,0.05,0.276,0.655,0.302,0.643,0.738,0.429,0.299,0.319,0.042,0.186,0.225,0.119,0.373,0.442,0.049,0.699,0.285,0.445,0.296,0.103,0.422,0.236,0.357,0.433,0.275,0.294,0.427,0.235,0.349,0.44,0.307,0.504,0.301,0.428,0.243,0.662,0.227,0.238,0.005,0.236,0.17,0.291,-0.004,0.148,0.534,0.358,0.353,0.704,0.188,0.81,0.577,0.206,0.493,0.506,0.413,0.505,0.683,0.433,0.865,0.314,0.477,0.298,0.381,0.207,0.489,0.706,0.489,0.286,0.235,-0.067,0.463,0.629,0.311,0.68,0.455,0.681,0.23,0.355,0.398,0.419,0.124,0.313,0.396,0.469,0.315,0.445,0.668,0.317,0.534,0.397,0.521,0.272,0.264,0.236,0.654,0.495,0.159,0.0,0.399,0.449,0.277,0.481,0.508,0.203,0.346,0.31,0.648,0.659,0.625,0.459,0.549,0.408,0.067,0.201,0.291,0.359,0.556,0.651,0.653,0.269,0.393,0.592,0.398,0.481
TRI,0.697,0.801,0.905,0.85,0.209,0.802,0.941,-0.483,0.862,0.792,0.414,0.349,0.898,-0.076,0.409,0.937,0.974,0.786,0.16,0.924,0.908,0.45,0.955,0.969,0.492,0.88,0.777,0.805,0.713,0.926,0.898,0.957,0.861,0.943,0.902,0.892,0.687,0.66,0.836,0.682,0.684,0.651,0.45,0.265,0.912,0.757,0.836,0.837,0.934,0.725,0.944,0.296,0.914,0.503,0.931,0.921,0.772,0.786,0.883,0.41,0.447,0.86,0.731,0.14,0.343,0.728,0.755,0.966,0.932,0.628,0.773,0.793,0.866,0.587,0.927,0.802,0.81,0.712,0.655,0.034,0.217,-0.081,-0.452,0.477,0.757,0.733,0.728,0.457,0.951,0.887,0.878,0.656,0.733,0.635,0.911,0.616,0.948,0.936,0.185,0.908,0.828,0.92,0.921,0.965,0.806,0.948,0.892,0.813,0.401,0.963,0.836,0.801,0.853,0.779,0.805,0.828,0.701,0.922,0.763,0.808,0.755,0.735,0.821,0.632,0.861,0.516,0.93,0.591,0.333,0.14,0.903,0.72,0.601,0.708,0.142,0.861,0.8,0.738,0.881,0.489,0.829,0.806,0.823,0.637,0.751,0.267,0.803,0.808,0.966,0.555,0.968,0.401,0.884,0.887,0.8,0.85,0.639,0.8,0.858,0.869,0.658,0.909,0.366,0.884,0.375,0.915,0.876,0.884,0.848,0.808,0.715,0.884,0.851,0.399,0.0,0.885,0.83,0.756,0.691,0.617,0.802,0.877,0.751,0.773,0.55,0.827,0.911,0.759,0.615,0.368,0.945,0.941,0.849,-0.059,0.674,-0.25,0.715,0.447,0.922,0.35
TRIP,0.847,0.534,0.752,0.641,-0.086,0.6,0.825,-0.233,0.639,0.512,0.628,0.066,0.675,0.222,0.418,0.771,0.852,0.778,0.042,0.787,0.889,0.601,0.959,0.903,0.659,0.679,0.518,0.735,0.59,0.732,0.737,0.809,0.618,0.816,0.75,0.653,0.662,0.389,0.739,0.569,0.398,0.369,0.188,0.135,0.75,0.643,0.902,0.705,0.836,0.444,0.769,0.42,0.79,0.318,0.919,0.705,0.564,0.577,0.92,0.075,0.294,0.793,0.805,0.24,0.301,0.46,0.89,0.856,0.807,0.304,0.722,0.531,0.668,0.296,0.797,0.6,0.601,0.847,0.472,0.091,0.306,0.007,-0.188,0.756,0.471,0.493,0.526,0.396,0.844,0.854,0.698,0.812,0.488,0.389,0.791,0.279,0.838,0.803,0.285,0.758,0.593,0.85,0.855,0.885,0.764,0.843,0.675,0.674,0.322,0.939,0.794,0.742,0.681,0.516,0.735,0.588,0.624,0.773,0.566,0.663,0.857,0.555,0.648,0.616,0.652,0.638,0.835,0.419,0.092,0.405,0.784,0.758,0.695,0.46,0.296,0.661,0.875,0.469,0.663,0.184,0.934,0.838,0.722,0.402,0.475,0.049,0.583,0.635,0.888,0.484,0.906,0.234,0.685,0.73,0.597,0.9,0.307,0.577,0.734,0.802,0.418,0.916,0.585,0.653,0.663,0.869,0.678,0.654,0.893,0.604,0.508,0.737,0.644,0.449,0.885,0.0,0.618,0.695,0.457,0.559,0.598,0.724,0.838,0.88,0.739,0.718,0.917,0.667,0.338,0.436,0.803,0.78,0.739,0.176,0.798,0.057,0.65,0.631,0.856,0.614
TRMB,0.452,0.934,0.863,0.948,0.669,0.961,0.861,-0.639,0.945,0.927,-0.081,0.768,0.961,-0.17,0.541,0.946,0.882,0.702,0.232,0.798,0.69,0.217,0.764,0.841,0.151,0.961,0.967,0.906,0.907,0.942,0.875,0.881,0.95,0.869,0.878,0.919,0.567,0.929,0.799,0.566,0.94,0.849,0.786,0.587,0.94,0.902,0.661,0.9,0.891,0.931,0.93,-0.016,0.813,0.648,0.714,0.914,0.944,0.946,0.612,0.77,0.559,0.766,0.473,-0.028,0.222,0.907,0.398,0.839,0.85,0.905,0.731,0.965,0.965,0.796,0.917,0.911,0.97,0.35,0.854,0.023,0.177,-0.37,-0.698,0.165,0.906,0.877,0.951,0.376,0.795,0.824,0.894,0.37,0.941,0.903,0.829,0.889,0.892,0.824,0.302,0.786,0.97,0.869,0.787,0.825,0.838,0.885,0.958,0.876,0.67,0.777,0.787,0.638,0.951,0.966,0.685,0.976,0.771,0.871,0.848,0.83,0.591,0.906,0.827,0.358,0.909,0.293,0.807,0.88,0.664,-0.08,0.892,0.358,0.259,0.891,-0.112,0.981,0.571,0.939,0.931,0.761,0.497,0.552,0.899,0.853,0.962,0.625,0.935,0.868,0.81,0.676,0.78,0.459,0.955,0.967,0.865,0.474,0.903,0.903,0.859,0.866,0.905,0.722,-0.027,0.956,-0.031,0.754,0.892,0.96,0.686,0.919,0.769,0.883,0.953,0.277,0.83,0.618,0.0,0.545,0.851,0.458,0.929,0.889,0.478,0.392,0.311,0.909,0.767,0.891,0.913,0.299,0.842,0.929,0.759,-0.426,0.294,-0.513,0.775,0.216,0.871,0.049
TRNS,0.407,0.58,0.737,0.629,0.082,0.548,0.64,-0.336,0.643,0.577,0.322,0.196,0.638,-0.011,0.147,0.693,0.743,0.498,0.368,0.761,0.747,0.54,0.749,0.708,0.542,0.566,0.522,0.503,0.43,0.722,0.737,0.766,0.652,0.744,0.702,0.638,0.639,0.446,0.512,0.405,0.423,0.494,0.256,0.1,0.69,0.552,0.691,0.668,0.668,0.537,0.67,0.451,0.634,0.516,0.754,0.64,0.539,0.454,0.717,0.29,0.473,0.713,0.441,0.303,0.516,0.503,0.55,0.749,0.692,0.396,0.604,0.531,0.622,0.433,0.71,0.559,0.492,0.586,0.51,0.306,0.374,0.098,-0.273,0.301,0.48,0.499,0.451,0.506,0.797,0.675,0.577,0.527,0.522,0.453,0.705,0.444,0.69,0.674,0.082,0.829,0.591,0.584,0.71,0.714,0.447,0.692,0.641,0.581,0.195,0.77,0.493,0.71,0.601,0.494,0.568,0.543,0.613,0.621,0.574,0.531,0.55,0.518,0.588,0.653,0.685,0.54,0.769,0.338,0.28,0.112,0.717,0.67,0.517,0.59,0.288,0.563,0.562,0.566,0.616,0.3,0.706,0.822,0.62,0.532,0.513,0.044,0.606,0.689,0.692,0.439,0.8,0.352,0.637,0.625,0.734,0.747,0.444,0.548,0.587,0.674,0.489,0.642,0.36,0.647,0.374,0.8,0.706,0.585,0.579,0.506,0.599,0.705,0.57,0.481,0.756,0.695,0.545,0.0,0.516,0.343,0.608,0.585,0.718,0.706,0.471,0.583,0.646,0.498,0.38,0.096,0.738,0.702,0.703,0.185,0.624,-0.141,0.62,0.496,0.607,0.171
TRS,0.225,0.78,0.828,0.782,0.642,0.817,0.698,-0.419,0.863,0.906,-0.154,0.691,0.835,-0.102,0.431,0.809,0.72,0.675,0.388,0.717,0.651,0.281,0.64,0.687,0.258,0.793,0.852,0.743,0.69,0.81,0.794,0.765,0.808,0.764,0.831,0.761,0.655,0.882,0.574,0.414,0.85,0.659,0.846,0.684,0.783,0.859,0.543,0.735,0.675,0.819,0.845,0.211,0.732,0.487,0.576,0.776,0.768,0.791,0.563,0.67,0.707,0.723,0.415,0.239,0.466,0.779,0.267,0.664,0.692,0.768,0.633,0.826,0.804,0.708,0.741,0.675,0.822,0.35,0.722,0.24,0.371,-0.156,-0.445,0.018,0.774,0.745,0.774,0.305,0.631,0.643,0.664,0.338,0.836,0.899,0.661,0.789,0.753,0.633,0.247,0.692,0.822,0.676,0.665,0.612,0.696,0.788,0.823,0.84,0.624,0.612,0.629,0.643,0.772,0.847,0.425,0.841,0.543,0.743,0.595,0.684,0.549,0.793,0.788,0.434,0.749,0.38,0.708,0.746,0.767,-0.041,0.735,0.341,0.327,0.857,0.154,0.85,0.463,0.849,0.85,0.769,0.406,0.559,0.827,0.756,0.867,0.536,0.889,0.862,0.628,0.761,0.641,0.64,0.763,0.835,0.762,0.375,0.816,0.834,0.715,0.717,0.822,0.581,0.097,0.836,0.009,0.605,0.841,0.834,0.476,0.794,0.841,0.839,0.746,0.508,0.691,0.457,0.851,0.516,0.0,0.45,0.834,0.695,0.463,0.389,0.287,0.826,0.668,0.818,0.743,0.23,0.672,0.801,0.724,-0.194,0.336,-0.377,0.606,0.145,0.714,0.099
TSCO,0.575,0.399,0.634,0.495,-0.032,0.404,0.638,-0.228,0.495,0.471,0.52,0.009,0.575,-0.171,0.642,0.496,0.551,0.694,-0.243,0.489,0.605,0.01,0.579,0.638,0.307,0.593,0.366,0.476,0.358,0.481,0.354,0.511,0.367,0.529,0.534,0.565,0.33,0.383,0.677,0.838,0.307,0.269,0.325,0.199,0.506,0.44,0.422,0.359,0.498,0.233,0.616,0.211,0.803,0.122,0.543,0.616,0.235,0.616,0.592,0.041,0.076,0.373,0.864,0.166,0.156,0.523,0.732,0.61,0.641,0.208,0.253,0.511,0.372,0.369,0.392,0.359,0.399,0.646,0.054,-0.122,0.111,-0.155,-0.009,0.47,0.579,0.558,0.348,0.294,0.518,0.532,0.563,0.345,0.318,0.286,0.442,0.244,0.646,0.598,0.301,0.505,0.33,0.573,0.486,0.605,0.572,0.638,0.565,0.587,0.287,0.566,0.772,0.63,0.486,0.488,0.586,0.521,0.162,0.771,0.316,0.774,0.697,0.259,0.745,0.457,0.453,0.148,0.408,0.251,0.043,-0.027,0.321,0.496,0.504,0.351,0.227,0.451,0.722,0.272,0.66,0.535,0.605,0.462,0.466,0.066,0.428,0.412,0.48,0.333,0.607,0.097,0.524,0.333,0.424,0.483,0.213,0.613,0.318,0.695,0.383,0.302,0.179,0.692,0.479,0.539,0.408,0.416,0.396,0.579,0.611,0.65,0.479,0.598,0.418,0.203,0.617,0.559,0.458,0.343,0.45,0.0,0.407,0.495,0.6,0.547,0.404,0.513,0.59,0.495,0.209,0.613,0.566,0.607,0.641,0.023,0.621,0.103,0.182,-0.072,0.567,0.493
TSEM,0.349,0.913,0.874,0.941,0.646,0.959,0.802,-0.633,0.952,0.912,-0.085,0.743,0.912,-0.141,0.567,0.922,0.853,0.723,0.318,0.783,0.693,0.262,0.746,0.827,0.204,0.918,0.919,0.837,0.851,0.935,0.901,0.882,0.938,0.869,0.925,0.886,0.626,0.909,0.706,0.492,0.902,0.832,0.793,0.605,0.926,0.893,0.649,0.89,0.863,0.914,0.891,0.057,0.806,0.69,0.717,0.862,0.909,0.874,0.625,0.767,0.602,0.765,0.4,0.069,0.292,0.898,0.385,0.836,0.825,0.851,0.704,0.919,0.927,0.831,0.886,0.85,0.924,0.373,0.836,0.106,0.237,-0.323,-0.64,0.175,0.828,0.874,0.917,0.366,0.778,0.822,0.841,0.35,0.914,0.872,0.817,0.841,0.879,0.809,0.297,0.77,0.933,0.796,0.766,0.781,0.767,0.854,0.934,0.889,0.557,0.761,0.728,0.674,0.925,0.924,0.652,0.941,0.774,0.824,0.835,0.788,0.591,0.899,0.836,0.493,0.917,0.38,0.8,0.853,0.7,-0.113,0.888,0.321,0.262,0.892,-0.039,0.939,0.574,0.92,0.918,0.707,0.504,0.628,0.858,0.877,0.935,0.591,0.906,0.899,0.759,0.683,0.8,0.488,0.923,0.932,0.893,0.49,0.872,0.872,0.82,0.859,0.89,0.719,0.04,0.928,0.004,0.755,0.912,0.917,0.632,0.894,0.778,0.894,0.921,0.346,0.802,0.598,0.929,0.608,0.834,0.407,0.0,0.846,0.572,0.417,0.387,0.906,0.74,0.89,0.863,0.322,0.849,0.9,0.772,-0.335,0.343,-0.501,0.768,0.271,0.821,0.02
TVTX,0.541,0.855,0.832,0.914,0.471,0.904,0.892,-0.551,0.88,0.842,0.134,0.585,0.905,-0.095,0.488,0.908,0.891,0.722,0.261,0.845,0.744,0.28,0.835,0.856,0.307,0.907,0.872,0.839,0.86,0.923,0.879,0.879,0.908,0.876,0.859,0.901,0.609,0.758,0.783,0.554,0.809,0.751,0.58,0.421,0.898,0.749,0.7,0.843,0.921,0.805,0.886,0.119,0.805,0.684,0.838,0.894,0.855,0.819,0.734,0.617,0.536,0.843,0.52,0.083,0.269,0.808,0.549,0.887,0.813,0.753,0.731,0.871,0.92,0.691,0.897,0.833,0.887,0.513,0.766,-0.039,0.1,-0.232,-0.616,0.369,0.783,0.859,0.879,0.322,0.882,0.885,0.893,0.526,0.837,0.733,0.835,0.742,0.885,0.857,0.343,0.806,0.893,0.875,0.8,0.869,0.814,0.858,0.892,0.782,0.517,0.876,0.746,0.72,0.894,0.86,0.791,0.87,0.771,0.848,0.858,0.763,0.567,0.836,0.743,0.573,0.842,0.414,0.876,0.721,0.519,0.023,0.895,0.486,0.413,0.788,0.005,0.886,0.686,0.832,0.874,0.599,0.622,0.627,0.841,0.782,0.804,0.5,0.812,0.818,0.86,0.536,0.864,0.395,0.905,0.869,0.84,0.615,0.762,0.843,0.853,0.877,0.794,0.81,0.159,0.888,0.154,0.816,0.868,0.894,0.791,0.838,0.699,0.838,0.895,0.31,0.877,0.724,0.889,0.585,0.695,0.495,0.846,0.0,0.607,0.548,0.434,0.821,0.804,0.766,0.789,0.494,0.876,0.915,0.804,-0.231,0.428,-0.338,0.805,0.414,0.875,0.109
TXRH,0.585,0.391,0.777,0.549,-0.065,0.504,0.678,-0.075,0.6,0.507,0.526,0.039,0.553,0.333,0.525,0.648,0.699,0.845,0.271,0.672,0.818,0.572,0.842,0.745,0.766,0.544,0.424,0.6,0.48,0.638,0.658,0.676,0.507,0.703,0.735,0.518,0.757,0.338,0.516,0.407,0.33,0.262,0.267,0.306,0.623,0.604,0.804,0.582,0.663,0.326,0.663,0.604,0.751,0.317,0.864,0.559,0.384,0.435,0.872,0.038,0.45,0.732,0.713,0.547,0.507,0.39,0.79,0.713,0.621,0.16,0.563,0.439,0.532,0.311,0.623,0.365,0.452,0.847,0.344,0.304,0.459,0.115,0.027,0.71,0.334,0.48,0.422,0.366,0.716,0.792,0.486,0.774,0.405,0.381,0.588,0.183,0.764,0.674,0.413,0.65,0.443,0.638,0.698,0.685,0.647,0.733,0.581,0.714,0.318,0.814,0.65,0.882,0.553,0.421,0.603,0.49,0.515,0.657,0.41,0.582,0.832,0.481,0.65,0.805,0.507,0.768,0.739,0.342,0.237,0.356,0.641,0.613,0.775,0.489,0.554,0.523,0.845,0.397,0.637,0.239,0.82,0.904,0.624,0.357,0.392,0.101,0.545,0.63,0.693,0.441,0.809,0.372,0.521,0.579,0.52,0.811,0.23,0.583,0.569,0.677,0.374,0.846,0.756,0.54,0.72,0.749,0.624,0.529,0.708,0.557,0.555,0.723,0.468,0.648,0.751,0.838,0.478,0.718,0.463,0.6,0.572,0.607,0.0,0.881,0.849,0.662,0.801,0.605,0.227,0.544,0.663,0.657,0.79,0.371,0.841,0.245,0.568,0.64,0.698,0.59
VC,0.679,0.329,0.681,0.425,-0.265,0.381,0.672,0.014,0.488,0.405,0.711,-0.144,0.497,0.331,0.237,0.604,0.694,0.736,0.181,0.722,0.875,0.7,0.858,0.742,0.864,0.446,0.324,0.491,0.324,0.576,0.63,0.683,0.436,0.704,0.661,0.469,0.764,0.19,0.506,0.402,0.199,0.12,0.06,0.058,0.558,0.485,0.828,0.471,0.627,0.242,0.648,0.713,0.689,0.142,0.844,0.543,0.315,0.323,0.925,-0.136,0.373,0.754,0.76,0.539,0.528,0.253,0.834,0.694,0.622,0.064,0.629,0.315,0.462,0.116,0.611,0.314,0.382,0.932,0.285,0.301,0.457,0.3,0.121,0.726,0.245,0.306,0.278,0.332,0.729,0.712,0.453,0.886,0.289,0.267,0.616,0.069,0.699,0.638,0.234,0.683,0.386,0.648,0.739,0.699,0.579,0.71,0.493,0.561,0.175,0.809,0.605,0.787,0.449,0.306,0.528,0.375,0.389,0.611,0.289,0.456,0.787,0.365,0.522,0.757,0.437,0.764,0.776,0.18,0.053,0.511,0.611,0.82,0.846,0.33,0.608,0.459,0.806,0.289,0.536,0.056,0.901,0.882,0.561,0.218,0.279,-0.174,0.452,0.566,0.726,0.451,0.809,0.359,0.445,0.522,0.452,0.901,0.098,0.434,0.582,0.629,0.248,0.827,0.79,0.478,0.8,0.775,0.579,0.468,0.715,0.411,0.504,0.642,0.397,0.659,0.773,0.88,0.392,0.706,0.389,0.547,0.417,0.548,0.881,0.0,0.785,0.555,0.818,0.465,0.081,0.377,0.653,0.609,0.705,0.521,0.928,0.272,0.493,0.672,0.679,0.698
VCEL,0.559,0.143,0.542,0.311,-0.196,0.338,0.532,0.133,0.385,0.274,0.477,-0.082,0.334,0.479,0.46,0.486,0.514,0.748,0.218,0.472,0.649,0.578,0.694,0.587,0.721,0.325,0.239,0.454,0.398,0.413,0.462,0.479,0.281,0.487,0.543,0.289,0.687,0.147,0.344,0.164,0.143,0.013,0.155,0.271,0.447,0.496,0.705,0.366,0.494,0.134,0.48,0.541,0.54,0.015,0.694,0.337,0.253,0.236,0.753,-0.15,0.321,0.596,0.605,0.521,0.359,0.142,0.661,0.497,0.407,-0.029,0.417,0.226,0.363,0.086,0.462,0.163,0.304,0.762,0.237,0.24,0.461,0.187,0.195,0.717,0.068,0.266,0.272,0.162,0.482,0.622,0.259,0.749,0.223,0.266,0.402,-0.048,0.588,0.492,0.398,0.424,0.259,0.537,0.535,0.495,0.564,0.59,0.352,0.518,0.28,0.616,0.504,0.66,0.314,0.219,0.385,0.274,0.363,0.451,0.18,0.393,0.77,0.289,0.389,0.673,0.247,0.746,0.584,0.325,0.116,0.573,0.512,0.492,0.611,0.276,0.531,0.371,0.782,0.198,0.42,0.013,0.715,0.722,0.449,0.191,0.184,-0.079,0.357,0.482,0.511,0.462,0.637,0.139,0.307,0.435,0.297,0.688,-0.004,0.344,0.449,0.567,0.215,0.74,0.752,0.311,0.783,0.565,0.407,0.313,0.625,0.366,0.306,0.51,0.28,0.625,0.55,0.739,0.311,0.471,0.287,0.404,0.387,0.434,0.849,0.785,0.0,0.57,0.729,0.537,0.047,0.519,0.436,0.454,0.664,0.4,0.72,0.36,0.396,0.669,0.61,0.712
VECO,0.514,0.82,0.892,0.879,0.535,0.901,0.864,-0.5,0.923,0.848,0.039,0.638,0.885,0.026,0.614,0.925,0.879,0.838,0.269,0.772,0.751,0.351,0.835,0.869,0.361,0.89,0.87,0.892,0.875,0.897,0.858,0.862,0.855,0.853,0.921,0.832,0.714,0.858,0.736,0.495,0.83,0.688,0.769,0.655,0.916,0.951,0.742,0.869,0.869,0.814,0.917,0.156,0.847,0.508,0.768,0.837,0.868,0.864,0.728,0.603,0.605,0.801,0.574,0.165,0.303,0.8,0.495,0.832,0.818,0.735,0.723,0.866,0.896,0.715,0.876,0.793,0.899,0.514,0.771,0.124,0.275,-0.23,-0.508,0.355,0.766,0.804,0.882,0.353,0.759,0.847,0.795,0.505,0.869,0.859,0.783,0.712,0.927,0.807,0.393,0.757,0.865,0.893,0.792,0.798,0.88,0.912,0.907,0.921,0.649,0.8,0.83,0.725,0.883,0.87,0.638,0.9,0.713,0.853,0.732,0.824,0.769,0.855,0.838,0.496,0.825,0.475,0.821,0.875,0.633,0.104,0.884,0.401,0.396,0.84,0.084,0.936,0.71,0.843,0.903,0.641,0.597,0.689,0.888,0.762,0.87,0.524,0.91,0.89,0.794,0.762,0.829,0.435,0.861,0.951,0.779,0.562,0.75,0.857,0.867,0.883,0.835,0.833,0.232,0.885,0.214,0.766,0.87,0.888,0.719,0.893,0.74,0.909,0.875,0.459,0.827,0.718,0.909,0.583,0.826,0.513,0.906,0.821,0.662,0.555,0.57,0.0,0.867,0.964,0.767,0.405,0.821,0.896,0.826,-0.227,0.439,-0.273,0.759,0.338,0.915,0.301
VIAV,0.777,0.649,0.85,0.734,0.15,0.743,0.882,-0.3,0.777,0.689,0.443,0.281,0.785,0.185,0.506,0.871,0.885,0.879,0.14,0.836,0.909,0.576,0.957,0.931,0.638,0.786,0.69,0.833,0.702,0.816,0.824,0.872,0.728,0.879,0.86,0.737,0.776,0.586,0.774,0.534,0.602,0.448,0.452,0.377,0.84,0.802,0.911,0.764,0.871,0.595,0.885,0.384,0.861,0.313,0.897,0.799,0.69,0.706,0.925,0.25,0.472,0.851,0.788,0.285,0.36,0.601,0.776,0.869,0.829,0.484,0.778,0.673,0.787,0.422,0.857,0.664,0.767,0.806,0.626,0.149,0.383,-0.021,-0.261,0.636,0.586,0.606,0.678,0.368,0.816,0.893,0.74,0.792,0.639,0.626,0.81,0.453,0.917,0.836,0.373,0.791,0.722,0.908,0.877,0.878,0.875,0.916,0.788,0.811,0.478,0.907,0.857,0.776,0.772,0.674,0.667,0.728,0.612,0.837,0.595,0.731,0.876,0.698,0.742,0.617,0.715,0.652,0.886,0.621,0.338,0.416,0.85,0.693,0.673,0.612,0.309,0.807,0.867,0.636,0.797,0.394,0.861,0.819,0.813,0.54,0.648,0.212,0.749,0.782,0.886,0.678,0.902,0.387,0.764,0.844,0.674,0.816,0.485,0.709,0.851,0.88,0.596,0.93,0.511,0.773,0.558,0.858,0.792,0.78,0.884,0.732,0.654,0.837,0.75,0.549,0.911,0.917,0.767,0.646,0.668,0.59,0.74,0.804,0.801,0.818,0.729,0.867,0.0,0.829,0.496,0.46,0.832,0.865,0.826,0.069,0.736,-0.072,0.71,0.568,0.94,0.595
VICR,0.499,0.767,0.842,0.833,0.557,0.872,0.8,-0.473,0.879,0.81,-0.006,0.642,0.838,0.064,0.668,0.873,0.811,0.82,0.202,0.691,0.69,0.301,0.773,0.829,0.293,0.865,0.839,0.902,0.855,0.835,0.795,0.794,0.798,0.791,0.874,0.767,0.639,0.857,0.716,0.485,0.817,0.652,0.801,0.707,0.862,0.959,0.701,0.843,0.818,0.774,0.861,0.087,0.805,0.454,0.704,0.775,0.835,0.865,0.656,0.587,0.558,0.721,0.563,0.12,0.238,0.777,0.47,0.767,0.778,0.711,0.654,0.834,0.856,0.678,0.822,0.755,0.878,0.457,0.739,0.121,0.316,-0.331,-0.479,0.324,0.744,0.768,0.86,0.354,0.672,0.8,0.747,0.451,0.827,0.841,0.719,0.692,0.87,0.749,0.437,0.667,0.828,0.844,0.747,0.74,0.88,0.874,0.861,0.908,0.687,0.733,0.815,0.659,0.857,0.843,0.589,0.875,0.674,0.807,0.682,0.81,0.77,0.836,0.83,0.411,0.779,0.441,0.736,0.886,0.634,0.117,0.822,0.311,0.35,0.806,0.047,0.909,0.674,0.812,0.858,0.647,0.543,0.623,0.884,0.732,0.853,0.559,0.876,0.841,0.731,0.755,0.748,0.409,0.825,0.916,0.721,0.484,0.732,0.827,0.806,0.846,0.814,0.768,0.199,0.835,0.207,0.691,0.81,0.85,0.71,0.866,0.693,0.861,0.832,0.408,0.759,0.667,0.891,0.498,0.818,0.495,0.89,0.766,0.605,0.465,0.537,0.964,0.829,0.0,0.747,0.41,0.751,0.852,0.774,-0.289,0.389,-0.267,0.702,0.295,0.876,0.313
VIR,0.157,0.915,0.68,0.893,0.86,0.905,0.682,-0.724,0.865,0.859,-0.389,0.911,0.846,-0.263,0.424,0.805,0.716,0.462,0.3,0.606,0.395,-0.014,0.515,0.615,-0.144,0.862,0.942,0.779,0.873,0.84,0.759,0.705,0.902,0.684,0.73,0.827,0.353,0.926,0.62,0.388,0.951,0.925,0.81,0.603,0.814,0.769,0.402,0.835,0.756,0.943,0.748,-0.264,0.588,0.772,0.502,0.773,0.935,0.863,0.315,0.941,0.524,0.594,0.131,-0.196,0.084,0.882,0.078,0.661,0.666,0.96,0.561,0.925,0.9,0.862,0.785,0.876,0.906,-0.0,0.851,-0.073,-0.05,-0.485,-0.868,-0.09,0.865,0.858,0.944,0.296,0.628,0.645,0.802,0.08,0.943,0.868,0.673,0.95,0.703,0.664,0.224,0.605,0.928,0.687,0.574,0.624,0.664,0.672,0.856,0.734,0.626,0.57,0.557,0.446,0.883,0.922,0.593,0.912,0.776,0.672,0.867,0.684,0.29,0.887,0.676,0.174,0.833,0.092,0.625,0.866,0.732,-0.33,0.778,0.041,-0.023,0.88,-0.354,0.884,0.277,0.945,0.794,0.745,0.165,0.306,0.765,0.913,0.929,0.706,0.84,0.758,0.596,0.54,0.582,0.343,0.878,0.838,0.826,0.168,0.95,0.804,0.716,0.737,0.938,0.484,-0.322,0.854,-0.357,0.578,0.782,0.852,0.437,0.832,0.638,0.725,0.903,0.067,0.615,0.338,0.913,0.38,0.743,0.209,0.863,0.789,0.227,0.081,0.047,0.767,0.496,0.747,0.0,0.167,0.694,0.767,0.55,-0.629,-0.055,-0.627,0.725,0.062,0.674,-0.3
VRTX,0.427,0.18,0.403,0.346,0.008,0.369,0.43,-0.131,0.325,0.269,0.272,0.046,0.33,0.17,0.712,0.31,0.339,0.627,-0.039,0.253,0.394,0.046,0.429,0.401,0.279,0.398,0.276,0.414,0.434,0.315,0.252,0.291,0.234,0.339,0.385,0.331,0.285,0.228,0.381,0.367,0.243,0.092,0.246,0.327,0.347,0.293,0.34,0.23,0.384,0.092,0.357,0.115,0.482,0.114,0.45,0.337,0.168,0.379,0.456,-0.003,0.109,0.343,0.573,0.241,0.061,0.292,0.506,0.389,0.326,0.063,0.221,0.337,0.276,0.212,0.265,0.181,0.312,0.487,0.121,-0.166,0.043,-0.194,0.021,0.564,0.246,0.461,0.352,0.167,0.305,0.479,0.361,0.36,0.213,0.202,0.238,0.086,0.436,0.349,0.548,0.211,0.197,0.408,0.318,0.366,0.575,0.397,0.333,0.41,0.299,0.414,0.537,0.493,0.344,0.333,0.42,0.311,0.216,0.468,0.261,0.481,0.492,0.254,0.404,0.435,0.193,0.257,0.289,0.267,0.115,0.17,0.259,0.18,0.382,0.236,0.219,0.311,0.681,0.196,0.443,0.309,0.425,0.342,0.323,0.131,0.214,0.344,0.285,0.235,0.394,0.118,0.369,0.137,0.261,0.288,0.116,0.338,0.16,0.476,0.302,0.314,0.174,0.567,0.473,0.3,0.419,0.261,0.268,0.359,0.559,0.435,0.241,0.411,0.266,0.201,0.368,0.436,0.299,0.096,0.23,0.613,0.322,0.494,0.544,0.377,0.519,0.405,0.46,0.41,0.167,0.0,0.324,0.409,0.551,0.059,0.417,0.199,0.259,0.22,0.448,0.431
VSTM,0.617,0.888,0.868,0.909,0.304,0.848,0.93,-0.611,0.887,0.799,0.319,0.439,0.915,-0.222,0.415,0.936,0.943,0.697,0.137,0.91,0.825,0.337,0.885,0.941,0.355,0.906,0.8,0.77,0.729,0.94,0.893,0.956,0.893,0.921,0.889,0.93,0.618,0.711,0.839,0.704,0.711,0.743,0.493,0.249,0.935,0.749,0.747,0.85,0.942,0.786,0.92,0.153,0.887,0.606,0.856,0.933,0.82,0.822,0.798,0.535,0.42,0.8,0.616,0.034,0.272,0.829,0.675,0.97,0.932,0.699,0.721,0.838,0.882,0.7,0.91,0.871,0.829,0.602,0.683,-0.058,0.099,-0.173,-0.591,0.395,0.796,0.812,0.782,0.393,0.936,0.861,0.928,0.508,0.787,0.642,0.927,0.688,0.931,0.927,0.194,0.902,0.862,0.9,0.875,0.951,0.735,0.914,0.919,0.786,0.328,0.919,0.815,0.725,0.888,0.82,0.835,0.863,0.752,0.91,0.845,0.837,0.668,0.756,0.829,0.588,0.924,0.383,0.886,0.632,0.347,-0.031,0.905,0.643,0.43,0.739,0.003,0.862,0.706,0.772,0.873,0.53,0.741,0.72,0.805,0.676,0.79,0.384,0.808,0.799,0.925,0.481,0.933,0.368,0.92,0.896,0.833,0.776,0.716,0.821,0.851,0.846,0.682,0.866,0.21,0.92,0.207,0.868,0.868,0.899,0.797,0.851,0.709,0.873,0.91,0.291,0.945,0.803,0.842,0.738,0.672,0.566,0.849,0.876,0.663,0.653,0.436,0.821,0.832,0.751,0.694,0.324,0.0,0.942,0.779,-0.175,0.547,-0.367,0.742,0.341,0.892,0.175
VTRS,0.589,0.899,0.925,0.943,0.427,0.923,0.949,-0.603,0.941,0.888,0.191,0.545,0.971,-0.174,0.518,0.97,0.947,0.769,0.198,0.908,0.848,0.332,0.891,0.946,0.341,0.962,0.894,0.859,0.819,0.968,0.914,0.964,0.928,0.951,0.928,0.951,0.663,0.818,0.834,0.677,0.825,0.759,0.65,0.42,0.97,0.848,0.755,0.879,0.938,0.846,0.971,0.156,0.914,0.596,0.853,0.959,0.868,0.9,0.797,0.597,0.513,0.849,0.642,0.091,0.318,0.878,0.617,0.948,0.939,0.772,0.751,0.916,0.933,0.744,0.938,0.88,0.911,0.585,0.743,-0.001,0.205,-0.208,-0.581,0.335,0.862,0.868,0.862,0.424,0.9,0.882,0.925,0.507,0.854,0.78,0.915,0.777,0.952,0.909,0.27,0.902,0.914,0.922,0.879,0.926,0.836,0.957,0.961,0.868,0.514,0.898,0.859,0.763,0.927,0.909,0.764,0.929,0.734,0.947,0.843,0.88,0.708,0.823,0.885,0.573,0.925,0.405,0.893,0.733,0.496,0.011,0.92,0.594,0.433,0.828,0.04,0.935,0.752,0.859,0.943,0.669,0.721,0.727,0.871,0.751,0.876,0.478,0.906,0.87,0.92,0.608,0.912,0.458,0.947,0.953,0.863,0.706,0.805,0.902,0.881,0.887,0.775,0.86,0.213,0.967,0.191,0.84,0.919,0.962,0.82,0.909,0.782,0.933,0.927,0.359,0.941,0.78,0.929,0.702,0.801,0.607,0.9,0.915,0.657,0.609,0.454,0.896,0.865,0.852,0.767,0.409,0.942,0.0,0.859,-0.221,0.533,-0.397,0.759,0.318,0.932,0.207
WDFC,0.501,0.66,0.883,0.776,0.283,0.766,0.832,-0.334,0.816,0.779,0.239,0.397,0.815,0.018,0.537,0.827,0.835,0.828,0.33,0.788,0.82,0.408,0.841,0.818,0.506,0.775,0.74,0.743,0.716,0.825,0.799,0.82,0.754,0.814,0.844,0.771,0.732,0.664,0.656,0.52,0.662,0.542,0.57,0.479,0.811,0.762,0.696,0.738,0.78,0.634,0.855,0.379,0.848,0.43,0.824,0.795,0.662,0.704,0.81,0.398,0.565,0.822,0.663,0.359,0.465,0.669,0.617,0.807,0.764,0.54,0.626,0.747,0.763,0.585,0.779,0.629,0.719,0.672,0.592,0.177,0.346,-0.054,-0.273,0.398,0.659,0.746,0.698,0.379,0.789,0.8,0.701,0.588,0.695,0.707,0.704,0.568,0.856,0.795,0.343,0.795,0.713,0.79,0.77,0.77,0.783,0.868,0.797,0.81,0.528,0.814,0.74,0.826,0.726,0.732,0.618,0.75,0.566,0.834,0.624,0.76,0.735,0.669,0.787,0.72,0.7,0.565,0.814,0.642,0.496,0.175,0.783,0.561,0.589,0.747,0.304,0.779,0.823,0.706,0.861,0.593,0.706,0.8,0.765,0.619,0.706,0.348,0.796,0.809,0.784,0.6,0.841,0.452,0.736,0.796,0.714,0.706,0.607,0.814,0.737,0.778,0.658,0.83,0.49,0.788,0.415,0.743,0.81,0.793,0.743,0.77,0.722,0.877,0.702,0.556,0.849,0.739,0.759,0.703,0.724,0.641,0.772,0.804,0.79,0.705,0.664,0.826,0.826,0.774,0.55,0.551,0.779,0.859,0.0,0.039,0.629,-0.081,0.634,0.401,0.835,0.368
WSBC,0.041,-0.447,-0.029,-0.384,-0.625,-0.379,-0.152,0.588,-0.277,-0.265,0.491,-0.61,-0.317,0.471,-0.252,-0.226,-0.174,0.076,0.255,0.051,0.265,0.566,0.102,-0.105,0.766,-0.413,-0.432,-0.321,-0.457,-0.245,-0.103,-0.105,-0.347,-0.048,-0.105,-0.358,0.413,-0.513,-0.363,-0.271,-0.503,-0.633,-0.43,-0.229,-0.266,-0.212,0.195,-0.349,-0.261,-0.459,-0.157,0.878,-0.078,-0.352,0.107,-0.26,-0.487,-0.527,0.349,-0.649,0.194,0.16,0.185,0.809,0.617,-0.474,0.25,-0.14,-0.223,-0.607,0.064,-0.483,-0.365,-0.486,-0.228,-0.511,-0.418,0.551,-0.355,0.491,0.509,0.682,0.773,0.374,-0.54,-0.404,-0.477,-0.063,-0.035,-0.051,-0.437,0.512,-0.432,-0.331,-0.158,-0.571,-0.135,-0.217,0.068,-0.004,-0.404,-0.225,-0.034,-0.17,-0.219,-0.116,-0.325,-0.149,-0.288,0.025,-0.197,0.251,-0.395,-0.452,-0.284,-0.439,-0.328,-0.211,-0.51,-0.355,0.178,-0.336,-0.198,0.493,-0.37,0.535,0.074,-0.523,-0.219,0.537,-0.182,0.455,0.58,-0.282,0.883,-0.38,0.194,-0.432,-0.253,-0.405,0.329,0.367,-0.154,-0.405,-0.478,-0.58,-0.242,-0.054,-0.1,0.04,0.021,0.286,-0.387,-0.311,-0.208,0.289,-0.563,-0.313,-0.167,-0.129,-0.424,0.049,0.731,-0.315,0.657,-0.011,-0.111,-0.358,-0.06,-0.388,0.068,-0.115,-0.461,0.651,-0.059,0.176,-0.426,0.185,-0.194,0.023,-0.335,-0.231,0.371,0.521,0.4,-0.227,0.069,-0.289,-0.629,0.059,-0.175,-0.221,0.039,0.0,0.591,0.621,-0.128,0.457,-0.156,0.504
WSC,0.652,0.22,0.638,0.325,-0.363,0.3,0.55,0.08,0.388,0.348,0.754,-0.249,0.416,0.29,0.318,0.494,0.56,0.701,0.078,0.648,0.864,0.67,0.758,0.665,0.865,0.367,0.206,0.391,0.187,0.457,0.514,0.601,0.316,0.646,0.574,0.372,0.712,0.103,0.45,0.442,0.108,-0.006,0.011,0.016,0.47,0.414,0.773,0.332,0.486,0.128,0.565,0.756,0.667,0.027,0.734,0.475,0.146,0.262,0.876,-0.256,0.294,0.634,0.799,0.587,0.57,0.215,0.843,0.606,0.573,-0.04,0.573,0.225,0.316,0.032,0.482,0.19,0.269,0.957,0.157,0.336,0.572,0.295,0.29,0.723,0.187,0.233,0.16,0.326,0.617,0.636,0.355,0.823,0.144,0.174,0.54,-0.022,0.608,0.525,0.278,0.597,0.258,0.501,0.648,0.61,0.48,0.617,0.409,0.508,0.115,0.7,0.587,0.746,0.35,0.234,0.4,0.291,0.229,0.577,0.151,0.419,0.773,0.245,0.511,0.727,0.363,0.682,0.648,0.046,-0.012,0.491,0.452,0.825,0.851,0.232,0.707,0.338,0.794,0.161,0.481,0.093,0.904,0.84,0.47,0.066,0.2,-0.141,0.378,0.456,0.637,0.363,0.687,0.478,0.347,0.416,0.339,0.858,0.023,0.385,0.459,0.481,0.09,0.733,0.809,0.404,0.808,0.642,0.488,0.395,0.656,0.339,0.513,0.564,0.267,0.653,0.674,0.798,0.294,0.624,0.336,0.621,0.343,0.428,0.841,0.928,0.72,0.439,0.736,0.389,-0.055,0.417,0.547,0.533,0.629,0.591,0.0,0.244,0.359,0.562,0.552,0.737
WYNN,0.061,-0.609,-0.255,-0.483,-0.531,-0.534,-0.251,0.66,-0.429,-0.488,0.398,-0.598,-0.479,0.597,-0.063,-0.421,-0.29,0.071,-0.067,-0.349,-0.119,0.111,-0.073,-0.26,0.39,-0.461,-0.534,-0.243,-0.372,-0.438,-0.409,-0.421,-0.552,-0.374,-0.31,-0.514,0.006,-0.545,-0.33,-0.212,-0.59,-0.634,-0.401,-0.076,-0.474,-0.306,-0.093,-0.376,-0.327,-0.666,-0.357,0.443,-0.203,-0.437,-0.05,-0.475,-0.56,-0.475,0.054,-0.675,-0.137,-0.135,0.181,0.48,0.111,-0.599,0.201,-0.321,-0.381,-0.715,-0.354,-0.544,-0.475,-0.545,-0.442,-0.597,-0.513,0.278,-0.57,0.189,0.11,0.297,0.686,0.392,-0.557,-0.456,-0.497,-0.127,-0.281,-0.2,-0.487,0.272,-0.5,-0.483,-0.473,-0.694,-0.261,-0.284,0.138,-0.367,-0.57,-0.22,-0.275,-0.319,-0.125,-0.246,-0.47,-0.236,-0.13,-0.13,-0.198,0.041,-0.452,-0.557,-0.165,-0.521,-0.385,-0.325,-0.552,-0.297,0.149,-0.422,-0.27,0.158,-0.582,0.344,-0.253,-0.447,-0.345,0.425,-0.388,-0.019,0.395,-0.433,0.512,-0.47,0.124,-0.549,-0.389,-0.479,0.029,0.072,-0.253,-0.518,-0.587,-0.413,-0.439,-0.332,-0.266,-0.205,-0.192,-0.21,-0.547,-0.439,-0.52,0.029,-0.672,-0.355,-0.382,-0.294,-0.472,-0.022,0.669,-0.523,0.616,-0.223,-0.422,-0.498,-0.093,-0.392,-0.335,-0.274,-0.553,0.269,-0.25,0.057,-0.513,-0.141,-0.377,0.103,-0.501,-0.338,0.245,0.272,0.36,-0.273,-0.072,-0.267,-0.627,0.199,-0.367,-0.397,-0.081,0.621,0.244,0.0,-0.323,0.228,-0.217,0.526
XENE,0.452,0.746,0.713,0.801,0.493,0.814,0.704,-0.441,0.762,0.706,0.021,0.62,0.73,0.162,0.375,0.798,0.748,0.593,0.385,0.711,0.659,0.436,0.735,0.706,0.387,0.731,0.775,0.801,0.819,0.817,0.831,0.765,0.799,0.783,0.751,0.693,0.642,0.669,0.585,0.242,0.727,0.66,0.485,0.425,0.803,0.76,0.74,0.834,0.822,0.753,0.727,0.176,0.585,0.704,0.75,0.687,0.8,0.649,0.635,0.578,0.602,0.775,0.298,0.157,0.34,0.667,0.382,0.734,0.66,0.661,0.813,0.696,0.825,0.571,0.831,0.744,0.781,0.427,0.84,0.26,0.285,-0.181,-0.558,0.408,0.566,0.656,0.821,0.286,0.733,0.858,0.707,0.558,0.763,0.709,0.739,0.641,0.752,0.683,0.491,0.688,0.794,0.732,0.723,0.717,0.702,0.708,0.751,0.717,0.584,0.763,0.603,0.625,0.811,0.7,0.593,0.731,0.784,0.612,0.762,0.525,0.517,0.842,0.558,0.457,0.746,0.508,0.808,0.685,0.552,0.172,0.847,0.37,0.407,0.726,0.078,0.775,0.537,0.767,0.679,0.412,0.517,0.662,0.776,0.784,0.701,0.432,0.735,0.783,0.686,0.613,0.751,0.417,0.794,0.779,0.81,0.453,0.635,0.624,0.806,0.865,0.793,0.665,0.105,0.742,0.122,0.799,0.786,0.72,0.651,0.658,0.631,0.729,0.787,0.393,0.715,0.65,0.775,0.62,0.606,0.182,0.768,0.805,0.568,0.493,0.396,0.759,0.71,0.702,0.725,0.259,0.742,0.759,0.634,-0.128,0.359,-0.323,0.0,0.581,0.75,0.082
XNCR,0.442,0.111,0.363,0.207,-0.138,0.264,0.333,0.147,0.25,0.189,0.363,-0.045,0.186,0.662,0.029,0.377,0.412,0.471,0.383,0.454,0.551,0.772,0.591,0.408,0.741,0.174,0.202,0.381,0.28,0.359,0.508,0.406,0.297,0.46,0.403,0.15,0.654,0.018,0.148,-0.18,0.123,-0.012,-0.06,0.102,0.314,0.313,0.701,0.371,0.434,0.154,0.31,0.584,0.205,0.158,0.636,0.182,0.267,0.022,0.633,-0.111,0.421,0.634,0.253,0.476,0.409,-0.037,0.453,0.395,0.267,-0.014,0.59,0.059,0.342,-0.125,0.471,0.16,0.26,0.581,0.406,0.387,0.492,0.341,0.059,0.608,-0.108,0.029,0.228,0.205,0.462,0.585,0.177,0.84,0.143,0.178,0.42,-0.037,0.38,0.335,0.296,0.362,0.272,0.385,0.497,0.391,0.413,0.385,0.203,0.312,0.145,0.56,0.187,0.482,0.271,0.065,0.271,0.118,0.411,0.157,0.22,0.004,0.42,0.389,0.08,0.516,0.185,0.87,0.619,0.136,0.166,0.71,0.534,0.439,0.636,0.174,0.482,0.263,0.477,0.225,0.191,-0.264,0.585,0.679,0.394,0.324,0.049,-0.272,0.198,0.456,0.429,0.46,0.558,0.153,0.287,0.287,0.414,0.513,-0.051,0.062,0.422,0.607,0.257,0.489,0.556,0.188,0.639,0.58,0.406,0.174,0.505,0.066,0.219,0.314,0.219,0.592,0.447,0.631,0.216,0.496,0.145,-0.072,0.271,0.414,0.64,0.672,0.669,0.338,0.568,0.295,0.062,0.22,0.341,0.318,0.401,0.457,0.562,0.228,0.581,0.0,0.433,0.437
XRAY,0.721,0.79,0.854,0.856,0.319,0.854,0.961,-0.466,0.868,0.768,0.285,0.449,0.888,0.007,0.535,0.937,0.928,0.831,0.146,0.856,0.841,0.4,0.929,0.949,0.437,0.899,0.819,0.886,0.83,0.896,0.859,0.904,0.835,0.892,0.881,0.857,0.69,0.714,0.812,0.592,0.732,0.621,0.568,0.422,0.918,0.841,0.818,0.843,0.944,0.737,0.929,0.181,0.881,0.444,0.879,0.876,0.831,0.83,0.845,0.453,0.468,0.844,0.702,0.115,0.239,0.745,0.681,0.911,0.878,0.656,0.738,0.814,0.897,0.615,0.912,0.824,0.885,0.66,0.709,-0.024,0.176,-0.157,-0.495,0.507,0.733,0.758,0.821,0.361,0.839,0.885,0.85,0.635,0.781,0.715,0.859,0.627,0.947,0.89,0.357,0.829,0.839,0.977,0.876,0.912,0.905,0.955,0.884,0.844,0.549,0.903,0.896,0.726,0.866,0.811,0.749,0.848,0.699,0.89,0.762,0.834,0.797,0.783,0.798,0.538,0.813,0.494,0.886,0.746,0.398,0.202,0.909,0.589,0.489,0.716,0.083,0.908,0.826,0.754,0.856,0.506,0.753,0.724,0.833,0.659,0.768,0.367,0.829,0.82,0.921,0.641,0.907,0.323,0.874,0.925,0.747,0.729,0.652,0.802,0.908,0.917,0.708,0.923,0.331,0.873,0.345,0.833,0.842,0.884,0.87,0.856,0.666,0.882,0.884,0.398,0.922,0.856,0.871,0.607,0.714,0.567,0.821,0.875,0.698,0.679,0.61,0.915,0.94,0.876,0.674,0.448,0.892,0.932,0.835,-0.156,0.552,-0.217,0.75,0.433,0.0,0.408
ZS,0.677,-0.141,0.283,-0.026,-0.477,0.001,0.301,0.351,0.059,-0.02,0.688,-0.417,0.078,0.544,0.337,0.182,0.268,0.6,-0.188,0.228,0.545,0.495,0.51,0.403,0.709,0.094,-0.071,0.288,0.06,0.087,0.134,0.221,-0.065,0.267,0.258,0.002,0.448,-0.12,0.267,0.22,-0.135,-0.357,-0.102,0.064,0.15,0.252,0.565,0.071,0.222,-0.215,0.266,0.529,0.386,-0.414,0.434,0.117,-0.088,0.074,0.607,-0.544,0.013,0.312,0.763,0.429,0.212,-0.14,0.691,0.254,0.27,-0.315,0.301,-0.069,0.032,-0.296,0.176,-0.081,0.06,0.763,-0.089,0.201,0.445,0.228,0.494,0.753,-0.097,-0.1,-0.056,0.175,0.19,0.353,0.054,0.717,-0.126,-0.025,0.175,-0.349,0.341,0.231,0.325,0.176,-0.067,0.365,0.38,0.307,0.464,0.383,0.079,0.289,0.171,0.379,0.493,0.401,0.069,-0.051,0.141,0.006,-0.081,0.292,-0.19,0.223,0.736,0.002,0.225,0.331,-0.043,0.55,0.29,-0.004,-0.209,0.715,0.148,0.507,0.695,-0.111,0.587,0.118,0.687,-0.146,0.164,-0.166,0.654,0.516,0.228,-0.247,-0.088,-0.257,0.085,0.121,0.365,0.303,0.35,0.117,0.006,0.173,-0.118,0.554,-0.302,0.087,0.251,0.253,-0.143,0.549,0.811,0.046,0.872,0.298,0.105,0.097,0.516,0.099,0.11,0.274,-0.011,0.481,0.35,0.614,0.049,0.171,0.099,0.493,0.02,0.109,0.59,0.698,0.712,0.301,0.595,0.313,-0.3,0.431,0.175,0.207,0.368,0.504,0.737,0.526,0.082,0.437,0.408,0.0
