,ACET,ADAP,ADI,ADPT,ADTN,AGEN,ALGN,ALLK,AMD,AMWD,ARDX,ARQT,ASTE,AUPH,AVXL,AZTA,BAND,BECN,BFC,BGC,BHF,BHFAL,BKNG,BL,BOKF,BRKR,CACC,CAR,CDNA,CG,CGBD,CHI,CHTR,CHX,CLNE,CME,CNOB,CNXN,CPRX,CSGP,CSGS,CSIQ,CVCO,CVLT,CYRX,DDOG,DOOO,DSGX,DTIL,ECPG,EEFT,EFSC,ENTG,ESPR,ETSY,EXC,FAMI,FFIV,FITB,FIZZ,FMBH,FOX,FTNT,FULT,GABC,GEN,GH,GMAB,GNPX,GO,GOGL,GOOG,GPRO,GSHD,GSM,GWAV,HAIN,HBAN,HEPA,HURN,HWKN,IBIO,ICFI,IGMS,IMKTA,INCY,INO,IRDM,IRTC,IRWD,ITCI,JACK,JD,JJSF,KALA,KHC,KLAC,KRRO,KRYS,LANC,LBTYA,LIVN,LKCO,LNTH,LOGI,LPRO,LRCX,LSCC,LSTR,MAR,MARA,MCHP,MEOH,META,MGTX,MKSI,MMYT,MORN,MRUS,MTLS,MTSI,MVIS,MXL,NBIX,NFE,NMIH,NMRK,NNDM,NSIT,NTCT,NVAX,OCUL,ODP,OLED,ONB,OTEX,PACB,PATK,PAYX,PEP,PERI,PI,PLYA,PRDO,PRGS,PTGX,QCOM,QCRH,QDEL,QFIN,RGEN,RILY,RPAY,RPD,SABR,SEDG,SHEN,SIRI,SLNO,SNDL,SNEX,SONO,SPT,SSNC,STGW,STKL,STRL,STX,SWTX,SYNA,TFSL,TIGR,TNXP,TOWN,TRI,TRIP,TRMB,TRNS,TRS,TSCO,TSEM,TVTX,TXRH,VC,VCEL,VECO,VIAV,VICR,VIR,VRTX,VSTM,VTRS,WDFC,WSBC,WSC,WYNN,XENE,XNCR,XRAY,ZS
ACET,0.0,0.247,0.219,-0.067,0.292,0.614,0.014,0.765,0.538,0.398,0.529,0.034,0.455,0.34,-0.23,0.733,-0.072,0.751,0.479,0.382,0.357,0.554,0.44,0.081,0.24,0.609,0.177,0.428,0.405,0.53,0.528,0.269,-0.054,0.682,0.558,0.6,0.294,0.636,0.199,0.403,0.059,0.318,0.172,0.559,0.765,0.683,0.103,0.619,0.399,0.531,0.07,0.077,0.573,0.144,0.696,-0.081,-0.345,0.677,0.338,0.466,0.225,0.299,0.397,0.086,-0.013,0.042,0.34,-0.091,-0.118,-0.083,-0.149,0.797,0.362,0.365,0.746,-0.05,0.465,0.013,-0.007,0.455,0.536,0.256,0.488,0.057,0.559,-0.163,-0.137,0.052,0.523,0.695,0.109,0.315,0.627,0.331,-0.091,0.182,0.434,0.51,0.638,0.085,0.067,0.674,0.494,0.554,0.232,0.1,0.485,0.449,0.326,0.604,-0.135,0.185,0.553,0.388,0.189,0.252,0.237,-0.046,0.689,-0.083,0.402,0.471,0.676,0.518,0.562,0.683,-0.09,0.436,0.696,-0.403,-0.135,0.621,0.254,0.426,0.262,0.283,-0.305,0.526,0.674,0.339,0.483,0.742,0.702,0.032,0.56,0.597,0.617,0.348,-0.185,0.632,0.362,0.234,-0.279,0.103,0.286,0.397,-0.098,0.161,-0.369,-0.083,0.588,0.648,0.544,0.189,-0.295,0.592,0.411,0.293,-0.292,0.515,0.057,0.68,0.195,0.06,0.484,0.167,0.233,0.225,0.721,0.882,0.519,0.079,0.716,0.548,0.013,0.581,0.52,0.357,0.198,0.064,0.056,-0.058,0.656,0.208,0.64,0.71,0.631,-0.043,0.469,0.706
ADAP,0.247,0.0,0.031,-0.238,0.236,0.295,-0.134,0.497,0.14,0.276,0.427,0.468,0.166,0.575,0.099,0.029,-0.044,0.37,0.006,-0.113,-0.03,-0.004,0.219,0.294,-0.175,0.35,-0.314,-0.277,0.182,-0.017,-0.065,0.202,-0.132,0.357,0.295,0.038,-0.171,0.011,-0.009,0.067,-0.225,0.376,-0.087,0.275,0.329,0.356,-0.504,0.508,0.242,-0.053,-0.121,-0.128,0.087,0.409,0.036,-0.224,-0.198,-0.085,-0.038,-0.295,-0.124,-0.142,0.234,-0.179,-0.174,-0.043,0.061,0.225,0.082,-0.228,-0.027,0.189,-0.17,0.188,0.184,-0.052,-0.286,-0.185,-0.171,-0.016,-0.04,0.582,-0.003,0.42,-0.301,-0.218,-0.088,0.087,0.178,0.626,0.034,0.104,0.5,-0.14,0.023,-0.237,0.082,0.246,0.488,-0.334,-0.229,0.224,0.611,0.117,-0.097,0.015,-0.044,0.123,-0.346,0.054,-0.31,-0.155,0.483,-0.017,0.037,-0.138,0.193,-0.239,0.509,0.0,0.136,0.242,0.063,0.339,0.158,0.248,-0.351,0.528,0.241,-0.088,-0.173,0.598,0.108,-0.051,-0.088,0.233,-0.361,-0.156,0.117,-0.434,0.263,0.505,0.13,0.035,0.256,-0.018,0.037,0.079,-0.131,0.459,0.099,0.004,0.211,0.149,0.108,0.392,0.011,-0.161,0.03,-0.172,0.425,0.15,0.338,0.021,-0.344,-0.014,0.215,-0.137,0.006,-0.001,-0.157,0.567,-0.32,-0.148,0.228,-0.04,-0.092,-0.149,0.062,0.154,-0.064,0.172,0.117,0.259,-0.075,0.09,0.15,0.126,0.167,-0.008,0.44,-0.014,0.088,-0.079,0.122,0.236,0.527,-0.103,0.019,0.268
ADI,0.219,0.031,0.0,0.243,0.706,0.645,0.698,-0.008,0.813,0.703,0.489,0.3,0.789,0.385,0.384,0.71,0.862,0.51,0.619,0.549,0.929,0.663,0.833,0.54,0.865,0.685,0.624,0.497,0.753,0.839,0.676,0.628,0.794,0.432,0.533,0.288,0.857,0.33,0.837,0.772,0.841,0.513,0.267,0.62,0.506,0.48,0.49,0.429,0.482,0.722,0.917,0.849,0.826,0.182,0.426,0.85,-0.237,0.627,0.892,0.663,0.795,0.848,0.697,0.878,0.786,0.764,0.661,0.623,0.184,0.255,0.761,0.528,0.658,0.587,0.582,-0.485,0.568,0.886,0.753,0.751,0.194,-0.195,0.72,0.476,0.435,0.625,0.307,0.789,0.719,0.034,0.385,-0.227,0.204,0.311,-0.328,-0.284,0.919,-0.105,0.67,-0.327,0.852,0.713,0.087,0.786,0.867,0.764,0.888,0.889,0.518,0.76,0.348,0.95,0.693,0.605,0.304,0.929,0.604,0.772,0.24,0.392,0.881,0.704,0.39,0.433,0.734,0.759,0.432,0.537,0.544,0.341,0.506,-0.203,-0.063,0.849,0.907,0.752,0.4,0.151,0.718,0.258,0.733,0.214,0.647,0.813,0.599,0.75,0.765,0.762,-0.177,0.294,0.898,0.909,0.605,0.778,0.914,0.539,0.561,0.846,-0.464,0.182,0.543,0.594,0.558,0.872,0.568,0.599,0.772,0.743,-0.418,0.825,0.88,0.414,0.297,0.866,0.688,0.7,0.924,-0.109,0.576,0.151,0.692,-0.054,0.522,0.737,0.495,0.629,0.851,0.775,0.81,0.804,0.666,0.844,0.518,0.812,0.679,0.688,0.021,0.126,0.781,0.51
ADPT,-0.067,-0.238,0.243,0.0,-0.312,0.317,0.718,0.085,0.012,-0.246,0.357,-0.39,-0.243,-0.023,0.692,0.165,0.391,-0.004,-0.339,0.467,0.317,-0.174,-0.102,-0.479,0.312,-0.131,0.696,0.629,0.432,0.16,0.292,-0.268,0.164,-0.474,-0.364,-0.32,0.118,0.244,0.427,-0.141,0.159,-0.577,0.715,-0.355,-0.05,-0.074,0.732,-0.391,0.252,-0.058,0.265,-0.024,0.275,0.388,0.422,0.244,0.655,0.343,-0.022,0.266,-0.134,0.453,-0.122,0.158,-0.106,0.329,-0.043,0.447,0.573,-0.255,0.14,0.104,0.597,0.33,-0.024,0.506,0.494,0.314,0.348,-0.078,0.093,-0.298,-0.201,0.235,0.303,0.632,0.752,-0.095,-0.048,-0.415,0.51,0.456,-0.559,-0.066,0.527,0.61,0.075,0.34,-0.006,0.598,0.257,-0.051,-0.085,-0.042,0.502,0.518,0.165,0.032,0.269,-0.053,0.831,0.253,0.027,0.632,0.632,0.347,-0.301,0.479,-0.53,0.811,0.132,-0.245,0.325,-0.493,-0.164,-0.091,0.797,-0.258,0.038,0.222,0.666,-0.141,0.565,0.419,0.107,-0.268,0.825,0.47,-0.149,0.553,0.118,-0.371,-0.015,-0.014,-0.364,0.191,-0.01,-0.248,0.568,-0.529,0.043,0.034,-0.222,0.313,0.128,-0.531,-0.334,0.234,0.256,0.761,-0.464,0.155,-0.269,-0.025,0.235,0.192,-0.232,0.491,0.449,0.342,0.055,-0.377,0.342,0.039,-0.302,0.577,0.326,0.487,-0.189,-0.047,-0.14,0.399,-0.166,-0.166,0.789,0.399,0.121,-0.249,-0.017,0.052,-0.101,0.138,-0.341,-0.122,-0.204,0.189,0.067,0.832,-0.057,-0.218
ADTN,0.292,0.236,0.706,-0.312,0.0,0.385,0.182,-0.044,0.739,0.838,0.16,0.525,0.89,0.352,-0.151,0.609,0.525,0.462,0.825,0.328,0.634,0.778,0.904,0.861,0.573,0.788,0.071,0.065,0.467,0.684,0.393,0.777,0.659,0.776,0.813,0.65,0.719,0.088,0.403,0.91,0.686,0.861,-0.259,0.934,0.634,0.589,0.041,0.702,0.114,0.796,0.649,0.803,0.607,-0.206,0.2,0.573,-0.709,0.401,0.843,0.441,0.829,0.453,0.806,0.676,0.784,0.495,0.746,0.224,-0.28,0.494,0.484,0.431,0.183,0.396,0.608,-0.817,0.237,0.576,0.357,0.773,0.094,0.119,0.859,0.26,0.3,0.133,-0.312,0.826,0.708,0.266,-0.117,-0.529,0.623,0.433,-0.728,-0.673,0.803,-0.299,0.662,-0.66,0.605,0.819,0.169,0.792,0.44,0.328,0.715,0.769,0.378,0.778,-0.328,0.694,0.677,0.122,-0.227,0.59,0.801,0.448,0.615,-0.188,0.713,0.891,0.142,0.824,0.802,0.795,-0.212,0.672,0.398,0.208,-0.059,-0.04,-0.474,0.49,0.759,0.866,-0.212,-0.146,0.814,-0.065,0.593,0.556,0.647,0.766,0.903,0.563,0.75,0.898,-0.584,0.658,0.84,0.807,0.719,0.566,0.779,0.893,0.758,0.635,-0.638,-0.416,0.867,0.549,0.786,0.868,0.465,0.56,0.888,0.357,-0.714,0.543,0.781,0.63,0.047,0.785,0.879,0.207,0.625,-0.404,0.71,0.281,0.783,-0.432,0.703,0.763,-0.095,0.295,0.7,0.926,0.702,0.714,0.729,0.714,0.808,0.861,0.841,0.536,-0.023,-0.46,0.865,0.721
AGEN,0.614,0.295,0.645,0.317,0.385,0.0,0.507,0.634,0.699,0.494,0.809,0.165,0.511,0.513,0.284,0.767,0.513,0.737,0.443,0.549,0.686,0.515,0.648,0.194,0.592,0.694,0.509,0.566,0.805,0.73,0.59,0.393,0.356,0.5,0.507,0.348,0.588,0.596,0.684,0.546,0.431,0.319,0.499,0.482,0.727,0.728,0.389,0.531,0.61,0.595,0.553,0.39,0.815,0.433,0.758,0.367,-0.151,0.74,0.58,0.556,0.407,0.737,0.544,0.459,0.286,0.45,0.48,0.474,0.241,-0.112,0.31,0.814,0.714,0.544,0.673,-0.11,0.603,0.464,0.542,0.467,0.33,0.171,0.514,0.452,0.497,0.34,0.391,0.358,0.681,0.409,0.48,0.235,0.383,0.308,0.02,0.087,0.7,0.348,0.837,-0.036,0.397,0.705,0.475,0.682,0.716,0.617,0.686,0.71,0.354,0.678,0.325,0.588,0.725,0.726,0.603,0.652,0.298,0.437,0.493,0.418,0.741,0.525,0.672,0.414,0.62,0.73,0.329,0.519,0.723,-0.131,0.42,0.297,0.287,0.758,0.564,0.548,0.224,0.471,0.665,0.274,0.794,0.462,0.764,0.306,0.514,0.781,0.714,0.497,-0.146,0.416,0.667,0.554,0.124,0.595,0.676,0.388,0.056,0.518,-0.282,0.268,0.496,0.778,0.604,0.514,0.034,0.634,0.538,0.513,-0.172,0.769,0.427,0.57,0.487,0.404,0.553,0.608,0.651,0.272,0.546,0.533,0.518,0.261,0.537,0.704,0.496,0.791,0.718,0.515,0.569,0.365,0.445,0.412,0.487,0.412,0.616,0.872,0.524,0.296,0.576,0.619
ALGN,0.014,-0.134,0.698,0.718,0.182,0.507,0.0,-0.034,0.444,0.207,0.49,-0.117,0.264,0.218,0.727,0.447,0.79,0.243,0.101,0.526,0.729,0.17,0.401,-0.001,0.777,0.238,0.817,0.733,0.752,0.603,0.548,0.035,0.49,-0.134,-0.022,-0.077,0.596,0.368,0.83,0.333,0.598,-0.131,0.643,0.081,0.125,0.239,0.709,0.036,0.568,0.298,0.745,0.503,0.625,0.462,0.464,0.693,0.383,0.581,0.49,0.521,0.409,0.746,0.281,0.68,0.404,0.713,0.268,0.724,0.573,-0.038,0.673,0.314,0.773,0.418,0.29,0.046,0.679,0.768,0.667,0.374,0.099,-0.386,0.22,0.388,0.506,0.846,0.728,0.415,0.457,-0.259,0.709,0.215,-0.338,0.245,0.227,0.256,0.537,0.178,0.356,0.279,0.693,0.335,0.029,0.452,0.838,0.863,0.597,0.534,0.535,0.383,0.793,0.71,0.337,0.805,0.65,0.776,0.085,0.773,-0.276,0.836,0.579,0.243,0.374,-0.183,0.381,0.307,0.824,-0.009,0.375,0.436,0.698,-0.316,0.375,0.776,0.633,0.243,0.853,0.381,0.289,0.546,0.473,-0.224,0.327,0.457,0.051,0.606,0.372,0.292,0.283,-0.292,0.527,0.558,0.231,0.722,0.613,-0.054,0.067,0.622,-0.146,0.704,-0.047,0.404,0.117,0.472,0.447,0.353,0.22,0.658,0.164,0.688,0.512,-0.054,0.365,0.557,0.165,0.821,0.8,0.343,0.17,-0.006,0.22,0.293,0.149,0.206,0.911,0.617,0.584,0.273,0.471,0.505,0.26,0.539,0.031,0.392,0.218,0.444,0.098,0.67,0.419,0.075
ALLK,0.765,0.497,-0.008,0.085,-0.044,0.634,-0.034,0.0,0.248,0.15,0.731,-0.008,0.063,0.475,-0.003,0.397,-0.2,0.692,0.051,0.157,0.098,0.099,0.146,-0.163,-0.038,0.368,0.077,0.243,0.325,0.175,0.294,0.055,-0.34,0.387,0.301,0.169,-0.061,0.555,0.021,0.001,-0.324,0.066,0.339,0.203,0.59,0.55,-0.099,0.461,0.479,0.125,-0.203,-0.299,0.34,0.502,0.609,-0.357,-0.015,0.393,-0.042,0.08,-0.191,0.112,0.15,-0.231,-0.413,-0.138,0.006,0.062,0.128,-0.476,-0.343,0.655,0.254,0.276,0.478,0.307,0.222,-0.24,-0.156,0.001,0.401,0.48,0.025,0.266,0.183,-0.2,0.115,-0.276,0.283,0.711,0.223,0.58,0.479,-0.036,0.312,0.333,0.115,0.731,0.562,0.167,-0.287,0.365,0.677,0.204,0.086,0.078,0.117,0.185,-0.1,0.22,-0.011,-0.15,0.506,0.403,0.362,-0.014,-0.082,-0.283,0.535,0.136,0.194,0.13,0.585,0.229,0.21,0.425,-0.063,0.386,0.589,-0.491,0.004,0.867,0.549,0.213,-0.061,0.038,-0.258,0.521,0.274,0.072,0.413,0.634,0.459,-0.234,0.224,0.304,0.253,-0.048,0.044,0.479,0.064,-0.108,-0.398,-0.035,0.073,0.117,-0.434,-0.183,-0.002,0.114,0.341,0.422,0.321,-0.164,-0.593,0.25,0.11,0.085,0.141,0.283,-0.29,0.618,0.132,-0.315,0.13,0.164,-0.04,0.312,0.311,0.66,0.057,0.35,0.331,0.366,0.113,0.504,0.28,-0.017,-0.019,-0.227,0.049,-0.276,0.23,-0.219,0.264,0.592,0.825,0.201,0.08,0.4
AMD,0.538,0.14,0.813,0.012,0.739,0.699,0.444,0.248,0.0,0.75,0.563,0.159,0.858,0.292,-0.046,0.872,0.596,0.795,0.781,0.48,0.801,0.76,0.876,0.444,0.696,0.846,0.516,0.549,0.708,0.884,0.758,0.568,0.535,0.632,0.728,0.535,0.849,0.606,0.673,0.819,0.657,0.581,0.276,0.784,0.753,0.762,0.386,0.697,0.463,0.74,0.727,0.652,0.931,0.086,0.677,0.522,-0.394,0.78,0.809,0.697,0.732,0.709,0.639,0.654,0.587,0.454,0.565,0.268,-0.066,0.097,0.551,0.82,0.682,0.553,0.849,-0.472,0.533,0.598,0.574,0.76,0.537,-0.128,0.793,0.237,0.61,0.2,0.088,0.624,0.751,0.318,0.276,-0.067,0.481,0.287,-0.332,-0.266,0.921,0.076,0.745,-0.327,0.605,0.841,0.395,0.828,0.752,0.647,0.896,0.943,0.512,0.892,0.142,0.803,0.77,0.586,0.126,0.811,0.53,0.447,0.539,0.17,0.926,0.783,0.685,0.608,0.835,0.861,0.225,0.693,0.791,-0.038,0.269,0.062,-0.044,0.843,0.829,0.739,0.074,0.375,0.884,0.202,0.862,0.526,0.9,0.577,0.778,0.836,0.935,0.769,-0.439,0.526,0.863,0.848,0.367,0.589,0.865,0.685,0.376,0.626,-0.606,0.029,0.747,0.817,0.762,0.732,0.24,0.731,0.793,0.658,-0.544,0.907,0.71,0.599,0.293,0.684,0.786,0.62,0.79,0.04,0.79,0.563,0.795,0.073,0.755,0.869,0.289,0.794,0.912,0.828,0.683,0.504,0.489,0.537,0.717,0.694,0.809,0.839,0.327,-0.091,0.855,0.74
AMWD,0.398,0.276,0.703,-0.246,0.838,0.494,0.207,0.15,0.75,0.0,0.385,0.393,0.84,0.516,-0.0,0.639,0.513,0.612,0.68,0.415,0.709,0.779,0.882,0.698,0.585,0.741,0.185,0.153,0.486,0.742,0.547,0.745,0.621,0.754,0.823,0.513,0.631,0.245,0.439,0.766,0.564,0.758,-0.079,0.821,0.615,0.536,0.055,0.648,0.3,0.779,0.622,0.705,0.644,-0.03,0.319,0.519,-0.523,0.476,0.806,0.525,0.703,0.534,0.764,0.613,0.648,0.533,0.626,0.224,-0.2,0.286,0.443,0.515,0.306,0.581,0.727,-0.674,0.315,0.562,0.353,0.787,0.192,0.2,0.747,0.297,0.292,0.193,-0.155,0.677,0.697,0.437,0.093,-0.292,0.599,0.32,-0.561,-0.548,0.798,-0.078,0.749,-0.557,0.628,0.77,0.227,0.765,0.446,0.361,0.758,0.754,0.38,0.815,-0.177,0.652,0.749,0.262,-0.067,0.566,0.782,0.414,0.583,-0.065,0.729,0.747,0.315,0.761,0.795,0.852,-0.053,0.677,0.571,0.222,-0.022,0.133,-0.175,0.555,0.706,0.739,-0.173,0.066,0.784,0.017,0.613,0.637,0.723,0.777,0.788,0.589,0.707,0.765,-0.384,0.675,0.79,0.788,0.534,0.521,0.79,0.793,0.651,0.602,-0.624,-0.248,0.835,0.517,0.7,0.741,0.388,0.621,0.873,0.528,-0.599,0.585,0.672,0.722,-0.024,0.653,0.779,0.405,0.593,-0.34,0.74,0.4,0.749,-0.245,0.77,0.769,0.01,0.402,0.717,0.833,0.692,0.623,0.625,0.638,0.715,0.726,0.786,0.679,0.158,-0.297,0.729,0.699
ARDX,0.529,0.427,0.489,0.357,0.16,0.809,0.49,0.731,0.563,0.385,0.0,-0.005,0.302,0.592,0.404,0.556,0.377,0.784,0.133,0.305,0.56,0.233,0.43,-0.038,0.437,0.482,0.528,0.532,0.691,0.507,0.608,0.16,0.081,0.271,0.312,0.012,0.34,0.658,0.525,0.228,0.121,0.106,0.574,0.258,0.536,0.589,0.252,0.455,0.792,0.263,0.334,0.113,0.655,0.697,0.693,0.191,0.171,0.597,0.308,0.379,0.145,0.52,0.3,0.266,-0.029,0.329,0.14,0.507,0.393,-0.46,0.217,0.706,0.638,0.537,0.596,0.172,0.486,0.297,0.287,0.279,0.445,0.125,0.168,0.499,0.32,0.293,0.518,0.093,0.51,0.438,0.63,0.507,0.241,-0.033,0.31,0.229,0.479,0.602,0.699,0.079,0.225,0.477,0.612,0.436,0.578,0.605,0.486,0.554,0.13,0.434,0.428,0.345,0.71,0.76,0.577,0.463,0.063,0.173,0.32,0.576,0.587,0.294,0.666,0.141,0.455,0.578,0.404,0.465,0.763,-0.104,0.457,0.506,0.605,0.636,0.393,0.244,0.225,0.569,0.399,0.192,0.69,0.403,0.606,0.215,0.254,0.6,0.431,0.171,0.145,0.281,0.438,0.336,-0.05,0.407,0.505,0.178,-0.196,0.201,-0.164,0.46,0.36,0.529,0.387,0.19,-0.219,0.376,0.32,0.496,0.136,0.648,0.165,0.557,0.234,0.138,0.227,0.676,0.458,0.268,0.383,0.437,0.201,0.503,0.359,0.522,0.574,0.771,0.656,0.238,0.366,0.152,0.343,0.147,0.194,0.097,0.35,0.759,0.72,0.454,0.311,0.369
ARQT,0.034,0.468,0.3,-0.39,0.525,0.165,-0.117,-0.008,0.159,0.393,-0.005,0.0,0.402,0.466,0.035,0.043,0.206,0.041,0.282,-0.1,0.144,0.317,0.404,0.764,0.082,0.481,-0.396,-0.448,0.038,0.102,-0.21,0.609,0.323,0.507,0.456,0.166,0.128,-0.421,0.072,0.393,0.26,0.735,-0.485,0.477,0.279,0.199,-0.451,0.443,0.001,0.307,0.201,0.423,0.059,0.007,-0.323,0.265,-0.614,-0.164,0.366,-0.1,0.317,0.061,0.591,0.274,0.461,0.319,0.542,0.368,0.039,0.462,0.174,-0.039,-0.317,0.139,-0.042,-0.527,-0.272,0.219,0.057,0.272,-0.391,0.445,0.37,0.603,-0.346,0.043,-0.258,0.553,0.335,0.323,-0.226,-0.541,0.513,0.168,-0.501,-0.614,0.318,-0.27,0.408,-0.681,0.153,0.323,0.074,0.356,-0.0,-0.087,0.162,0.253,-0.217,0.186,-0.467,0.199,0.392,-0.264,-0.157,0.092,0.588,0.152,0.52,-0.262,0.201,0.56,-0.348,0.565,0.307,0.336,-0.478,0.474,-0.035,0.199,-0.157,0.117,-0.511,-0.065,0.219,0.61,-0.3,-0.617,0.294,-0.446,0.185,0.337,0.046,0.424,0.475,0.028,0.167,0.476,-0.296,0.51,0.377,0.258,0.672,0.345,0.267,0.624,0.619,0.278,0.017,-0.536,0.54,0.017,0.413,0.485,0.203,-0.014,0.503,-0.141,-0.39,-0.069,0.344,0.493,-0.224,0.356,0.559,-0.254,0.19,-0.467,0.144,-0.209,0.267,-0.417,0.132,0.345,-0.296,-0.188,0.185,0.468,0.448,0.522,0.657,0.454,0.329,0.461,0.362,0.062,-0.095,-0.437,0.329,0.336
ASTE,0.455,0.166,0.789,-0.243,0.89,0.511,0.264,0.063,0.858,0.84,0.302,0.402,0.0,0.36,-0.109,0.751,0.564,0.598,0.855,0.399,0.743,0.828,0.904,0.721,0.667,0.807,0.251,0.277,0.543,0.815,0.582,0.729,0.634,0.782,0.784,0.631,0.791,0.324,0.557,0.892,0.712,0.796,-0.081,0.895,0.667,0.617,0.167,0.705,0.313,0.824,0.708,0.79,0.744,-0.093,0.354,0.614,-0.628,0.582,0.882,0.589,0.857,0.581,0.77,0.72,0.761,0.528,0.7,0.235,-0.175,0.398,0.567,0.586,0.379,0.458,0.739,-0.71,0.407,0.629,0.47,0.855,0.283,-0.019,0.888,0.238,0.458,0.184,-0.193,0.783,0.767,0.357,0.05,-0.363,0.587,0.424,-0.62,-0.498,0.878,-0.166,0.713,-0.511,0.665,0.838,0.218,0.848,0.562,0.443,0.832,0.862,0.51,0.868,-0.151,0.769,0.714,0.281,-0.083,0.714,0.743,0.461,0.598,-0.084,0.797,0.874,0.36,0.759,0.864,0.877,-0.035,0.686,0.576,0.137,0.034,-0.018,-0.321,0.655,0.819,0.831,-0.114,0.049,0.886,0.122,0.692,0.537,0.762,0.733,0.871,0.702,0.849,0.883,-0.487,0.636,0.867,0.86,0.57,0.547,0.819,0.841,0.665,0.684,-0.642,-0.254,0.846,0.631,0.756,0.844,0.402,0.628,0.929,0.506,-0.683,0.695,0.78,0.651,0.114,0.777,0.87,0.357,0.718,-0.241,0.813,0.407,0.85,-0.266,0.758,0.823,0.044,0.497,0.818,0.913,0.734,0.698,0.616,0.659,0.817,0.84,0.883,0.664,0.1,-0.326,0.869,0.739
AUPH,0.34,0.575,0.385,-0.023,0.352,0.513,0.218,0.475,0.292,0.516,0.592,0.466,0.36,0.0,0.386,0.281,0.354,0.435,0.093,0.217,0.4,0.281,0.479,0.451,0.312,0.471,-0.023,-0.007,0.423,0.348,0.24,0.441,0.2,0.487,0.434,0.087,0.135,0.056,0.284,0.282,0.078,0.465,0.028,0.384,0.401,0.422,-0.274,0.564,0.519,0.3,0.252,0.277,0.345,0.517,0.173,0.25,-0.183,0.211,0.356,0.094,0.193,0.264,0.578,0.285,0.176,0.48,0.405,0.554,0.349,-0.022,0.209,0.309,0.1,0.467,0.345,-0.139,0.172,0.295,0.077,0.284,-0.165,0.525,0.209,0.656,-0.061,0.284,0.17,0.36,0.611,0.595,0.288,0.044,0.487,0.156,-0.088,-0.191,0.396,0.278,0.737,-0.271,0.239,0.423,0.417,0.437,0.226,0.249,0.327,0.391,-0.024,0.354,-0.042,0.212,0.655,0.313,0.294,0.243,0.441,0.186,0.452,0.256,0.383,0.427,0.119,0.377,0.492,0.538,-0.042,0.407,0.432,0.305,0.1,0.441,0.213,0.29,0.277,0.401,-0.058,-0.058,0.353,-0.065,0.413,0.509,0.344,0.365,0.38,0.329,0.2,0.352,0.109,0.5,0.415,0.288,0.335,0.487,0.436,0.46,0.243,0.287,-0.064,-0.007,0.511,0.223,0.439,0.339,-0.023,0.19,0.461,0.177,-0.032,0.244,0.194,0.702,-0.123,0.19,0.39,0.269,0.321,-0.117,0.33,0.153,0.17,-0.064,0.323,0.402,0.188,0.278,0.479,0.365,0.471,0.424,0.579,0.332,0.28,0.271,0.395,0.513,0.456,0.085,0.302,0.418
AVXL,-0.23,0.099,0.384,0.692,-0.151,0.284,0.727,-0.003,-0.046,-0.0,0.404,0.035,-0.109,0.386,0.0,0.001,0.567,-0.088,-0.39,0.333,0.401,-0.194,0.013,-0.104,0.408,-0.089,0.488,0.328,0.399,0.147,0.163,-0.052,0.316,-0.35,-0.305,-0.463,0.07,-0.037,0.541,-0.114,0.221,-0.283,0.475,-0.285,-0.172,-0.197,0.353,-0.266,0.47,-0.071,0.387,0.197,0.17,0.618,0.04,0.451,0.552,0.102,0.123,0.104,-0.025,0.456,0.065,0.355,0.115,0.582,0.072,0.769,0.685,-0.117,0.397,-0.118,0.36,0.368,-0.138,0.26,0.301,0.505,0.371,0.036,-0.266,-0.062,-0.201,0.556,-0.037,0.807,0.749,0.183,0.1,-0.224,0.639,0.217,-0.44,-0.026,0.37,0.267,0.151,0.191,0.162,0.262,0.413,-0.077,-0.135,0.049,0.442,0.515,0.181,0.096,0.119,-0.062,0.697,0.301,0.131,0.499,0.642,0.358,0.02,0.575,-0.433,0.797,0.16,-0.124,-0.003,-0.377,-0.023,-0.015,0.664,-0.146,0.02,0.564,0.599,-0.137,0.475,0.338,0.207,-0.056,0.765,0.065,-0.16,0.299,0.075,-0.359,-0.148,0.314,-0.331,0.136,-0.14,-0.087,0.659,-0.391,0.142,0.165,0.167,0.495,0.219,-0.304,-0.025,0.357,0.254,0.637,-0.312,-0.078,-0.23,0.141,0.32,-0.014,-0.049,0.417,0.419,0.199,0.17,-0.141,0.017,0.208,-0.188,0.554,0.383,0.129,-0.255,-0.347,-0.18,0.318,-0.226,-0.135,0.76,0.203,0.156,-0.113,0.28,0.368,0.255,0.389,-0.373,0.056,-0.179,0.111,0.016,0.737,-0.081,-0.243
AZTA,0.733,0.029,0.71,0.165,0.609,0.767,0.447,0.397,0.872,0.639,0.556,0.043,0.751,0.281,0.001,0.0,0.504,0.741,0.731,0.699,0.769,0.815,0.789,0.319,0.684,0.817,0.547,0.663,0.742,0.89,0.735,0.521,0.532,0.675,0.691,0.691,0.775,0.63,0.645,0.793,0.612,0.45,0.319,0.733,0.848,0.76,0.522,0.583,0.404,0.815,0.642,0.577,0.919,0.023,0.803,0.458,-0.371,0.881,0.769,0.821,0.633,0.765,0.633,0.576,0.495,0.429,0.666,0.17,-0.065,0.173,0.313,0.86,0.716,0.638,0.868,-0.341,0.723,0.534,0.517,0.784,0.513,-0.03,0.806,0.108,0.756,0.232,0.091,0.522,0.755,0.325,0.238,0.015,0.487,0.506,-0.318,-0.046,0.865,0.176,0.734,-0.075,0.591,0.883,0.28,0.839,0.706,0.532,0.901,0.842,0.635,0.915,0.175,0.743,0.659,0.621,0.246,0.757,0.519,0.507,0.547,0.16,0.824,0.74,0.751,0.606,0.812,0.841,0.255,0.531,0.739,-0.083,0.239,0.141,0.068,0.839,0.729,0.613,0.095,0.484,0.91,0.453,0.75,0.582,0.885,0.459,0.731,0.896,0.93,0.69,-0.29,0.528,0.797,0.742,0.135,0.556,0.745,0.561,0.258,0.669,-0.616,0.042,0.646,0.896,0.739,0.662,0.242,0.89,0.703,0.687,-0.545,0.9,0.619,0.565,0.418,0.595,0.72,0.569,0.724,0.14,0.847,0.74,0.837,0.035,0.86,0.77,0.313,0.789,0.834,0.742,0.623,0.466,0.371,0.471,0.788,0.653,0.827,0.892,0.315,0.01,0.81,0.831
BAND,-0.072,-0.044,0.862,0.391,0.525,0.513,0.79,-0.2,0.596,0.513,0.377,0.206,0.564,0.354,0.567,0.504,0.0,0.233,0.361,0.533,0.808,0.439,0.668,0.436,0.81,0.489,0.605,0.449,0.741,0.701,0.454,0.441,0.796,0.171,0.299,0.112,0.744,0.16,0.817,0.62,0.778,0.319,0.345,0.357,0.277,0.343,0.528,0.229,0.401,0.523,0.913,0.785,0.675,0.218,0.311,0.861,-0.032,0.452,0.74,0.527,0.642,0.812,0.559,0.837,0.735,0.809,0.606,0.728,0.307,0.246,0.815,0.295,0.629,0.513,0.356,-0.354,0.503,0.878,0.808,0.575,-0.063,-0.244,0.511,0.433,0.327,0.763,0.508,0.783,0.623,-0.196,0.465,-0.254,-0.031,0.324,-0.217,-0.258,0.763,-0.19,0.512,-0.227,0.834,0.476,-0.101,0.617,0.838,0.808,0.729,0.733,0.469,0.589,0.516,0.872,0.464,0.584,0.391,0.853,0.51,0.873,-0.002,0.57,0.772,0.517,0.226,0.188,0.579,0.497,0.579,0.27,0.34,0.531,0.662,-0.426,-0.012,0.781,0.776,0.617,0.636,0.032,0.471,0.231,0.61,-0.056,0.441,0.718,0.369,0.623,0.526,0.59,0.011,0.026,0.805,0.823,0.669,0.878,0.825,0.361,0.453,0.82,-0.325,0.333,0.268,0.471,0.444,0.782,0.628,0.448,0.573,0.647,-0.251,0.693,0.814,0.181,0.346,0.806,0.491,0.739,0.882,-0.039,0.306,-0.076,0.459,-0.013,0.298,0.486,0.624,0.507,0.689,0.637,0.825,0.733,0.584,0.864,0.248,0.697,0.434,0.51,-0.12,0.257,0.602,0.329
BECN,0.751,0.37,0.51,-0.004,0.462,0.737,0.243,0.692,0.795,0.612,0.784,0.041,0.598,0.435,-0.088,0.741,0.233,0.0,0.538,0.301,0.58,0.516,0.636,0.159,0.411,0.71,0.412,0.494,0.614,0.651,0.73,0.351,0.089,0.593,0.638,0.396,0.505,0.787,0.419,0.491,0.2,0.387,0.38,0.616,0.756,0.778,0.172,0.717,0.612,0.499,0.325,0.215,0.77,0.364,0.759,0.118,-0.202,0.705,0.467,0.474,0.362,0.457,0.436,0.289,0.105,0.181,0.235,0.17,-0.036,-0.314,0.196,0.905,0.593,0.451,0.876,-0.11,0.436,0.226,0.239,0.472,0.686,0.106,0.469,0.276,0.48,-0.033,0.117,0.199,0.604,0.609,0.309,0.313,0.546,0.035,0.022,-0.005,0.626,0.49,0.757,-0.143,0.214,0.741,0.68,0.609,0.522,0.491,0.615,0.713,0.236,0.665,0.076,0.403,0.81,0.611,0.232,0.488,0.22,0.039,0.61,0.196,0.719,0.531,0.8,0.476,0.634,0.799,0.125,0.699,0.895,-0.302,0.163,0.555,0.344,0.658,0.524,0.445,-0.137,0.596,0.69,0.129,0.818,0.696,0.842,0.26,0.61,0.669,0.713,0.435,-0.265,0.574,0.571,0.481,-0.008,0.301,0.603,0.49,-0.025,0.218,-0.424,0.122,0.686,0.711,0.632,0.335,-0.206,0.569,0.562,0.496,-0.227,0.738,0.268,0.734,0.196,0.245,0.531,0.527,0.461,0.183,0.721,0.735,0.495,0.287,0.648,0.771,0.242,0.815,0.779,0.496,0.381,0.135,0.311,0.13,0.555,0.282,0.655,0.845,0.726,0.039,0.581,0.624
BFC,0.479,0.006,0.619,-0.339,0.825,0.443,0.101,0.051,0.781,0.68,0.133,0.282,0.855,0.093,-0.39,0.731,0.361,0.538,0.0,0.335,0.578,0.815,0.804,0.629,0.531,0.752,0.183,0.235,0.448,0.724,0.478,0.647,0.521,0.77,0.752,0.753,0.782,0.356,0.412,0.872,0.645,0.741,-0.129,0.856,0.667,0.629,0.195,0.649,0.12,0.806,0.568,0.689,0.658,-0.307,0.398,0.45,-0.711,0.549,0.789,0.569,0.813,0.486,0.627,0.585,0.688,0.263,0.631,-0.024,-0.419,0.396,0.397,0.632,0.34,0.244,0.704,-0.698,0.363,0.451,0.419,0.747,0.346,-0.095,0.895,-0.036,0.504,-0.047,-0.316,0.631,0.66,0.277,-0.132,-0.412,0.607,0.455,-0.627,-0.48,0.761,-0.272,0.576,-0.487,0.506,0.806,0.165,0.778,0.47,0.298,0.718,0.77,0.442,0.813,-0.259,0.669,0.525,0.194,-0.144,0.609,0.619,0.319,0.644,-0.278,0.705,0.803,0.372,0.763,0.773,0.76,-0.145,0.608,0.514,-0.132,-0.034,-0.062,-0.436,0.546,0.725,0.798,-0.245,0.085,0.87,0.067,0.622,0.515,0.747,0.537,0.87,0.67,0.878,0.859,-0.693,0.64,0.769,0.749,0.422,0.357,0.687,0.78,0.549,0.581,-0.713,-0.362,0.789,0.679,0.749,0.761,0.302,0.659,0.771,0.341,-0.763,0.633,0.717,0.545,0.292,0.703,0.837,0.198,0.58,-0.199,0.799,0.495,0.844,-0.292,0.73,0.815,-0.112,0.429,0.677,0.856,0.593,0.516,0.428,0.522,0.871,0.783,0.84,0.599,0.023,-0.456,0.831,0.741
BGC,0.382,-0.113,0.549,0.467,0.328,0.549,0.526,0.157,0.48,0.415,0.305,-0.1,0.399,0.217,0.333,0.699,0.533,0.301,0.335,0.0,0.614,0.541,0.495,0.155,0.551,0.471,0.529,0.574,0.587,0.649,0.484,0.351,0.605,0.315,0.373,0.484,0.494,0.302,0.55,0.504,0.51,0.138,0.396,0.35,0.506,0.344,0.606,0.117,0.161,0.588,0.558,0.462,0.649,-0.026,0.579,0.413,-0.076,0.602,0.552,0.622,0.349,0.736,0.457,0.457,0.397,0.436,0.581,0.187,0.03,0.26,0.234,0.476,0.617,0.666,0.519,-0.136,0.605,0.511,0.508,0.561,0.147,-0.014,0.524,0.038,0.548,0.439,0.257,0.438,0.473,0.045,0.241,-0.011,0.165,0.483,-0.21,0.058,0.625,0.099,0.449,0.127,0.574,0.531,-0.105,0.507,0.573,0.431,0.691,0.53,0.605,0.636,0.368,0.61,0.305,0.515,0.365,0.616,0.473,0.694,0.119,0.323,0.562,0.374,0.517,0.3,0.456,0.498,0.446,0.175,0.368,0.202,0.346,-0.064,0.193,0.679,0.476,0.341,0.38,0.348,0.54,0.521,0.397,0.279,0.49,0.381,0.339,0.578,0.594,0.405,0.086,0.214,0.541,0.575,0.106,0.572,0.524,0.214,0.188,0.697,-0.328,0.194,0.218,0.647,0.417,0.508,0.476,0.767,0.441,0.7,-0.344,0.658,0.476,0.209,0.32,0.464,0.417,0.553,0.554,0.144,0.458,0.462,0.57,-0.003,0.595,0.405,0.402,0.526,0.468,0.452,0.542,0.386,0.216,0.527,0.414,0.484,0.471,0.628,-0.01,0.238,0.459,0.546
BHF,0.357,-0.03,0.929,0.317,0.634,0.686,0.729,0.098,0.801,0.709,0.56,0.144,0.743,0.4,0.401,0.769,0.808,0.58,0.578,0.614,0.0,0.653,0.81,0.382,0.93,0.621,0.74,0.667,0.77,0.906,0.8,0.494,0.694,0.42,0.468,0.306,0.868,0.482,0.849,0.709,0.775,0.384,0.396,0.583,0.504,0.473,0.593,0.43,0.602,0.75,0.891,0.799,0.86,0.259,0.555,0.817,-0.107,0.767,0.884,0.76,0.777,0.885,0.633,0.882,0.703,0.796,0.582,0.583,0.239,0.167,0.711,0.608,0.753,0.6,0.694,-0.373,0.74,0.895,0.667,0.783,0.304,-0.227,0.67,0.435,0.593,0.675,0.365,0.662,0.736,0.095,0.529,-0.035,0.153,0.352,-0.202,-0.101,0.885,0.065,0.696,-0.143,0.87,0.737,0.129,0.81,0.883,0.774,0.918,0.849,0.646,0.803,0.435,0.91,0.677,0.725,0.393,0.922,0.533,0.754,0.205,0.468,0.844,0.617,0.511,0.359,0.774,0.793,0.535,0.425,0.655,0.337,0.492,-0.133,0.124,0.896,0.926,0.618,0.432,0.367,0.736,0.464,0.717,0.217,0.728,0.765,0.539,0.838,0.75,0.71,-0.063,0.244,0.855,0.863,0.406,0.721,0.894,0.433,0.431,0.82,-0.49,0.307,0.499,0.604,0.494,0.794,0.524,0.665,0.714,0.812,-0.305,0.862,0.807,0.419,0.303,0.811,0.612,0.774,0.925,0.024,0.645,0.295,0.675,0.032,0.588,0.679,0.577,0.714,0.879,0.704,0.724,0.753,0.518,0.746,0.53,0.756,0.7,0.762,0.167,0.262,0.772,0.498
BHFAL,0.554,-0.004,0.663,-0.174,0.778,0.515,0.17,0.099,0.76,0.779,0.233,0.317,0.828,0.281,-0.194,0.815,0.439,0.516,0.815,0.541,0.653,0.0,0.83,0.639,0.578,0.799,0.209,0.28,0.477,0.786,0.548,0.765,0.681,0.831,0.85,0.76,0.702,0.238,0.441,0.889,0.692,0.721,-0.16,0.848,0.725,0.603,0.268,0.567,0.105,0.91,0.614,0.729,0.676,-0.352,0.42,0.54,-0.686,0.619,0.84,0.754,0.737,0.578,0.773,0.594,0.705,0.449,0.813,0.021,-0.305,0.528,0.29,0.569,0.349,0.58,0.717,-0.688,0.469,0.515,0.405,0.87,0.251,0.03,0.934,0.047,0.527,0.127,-0.279,0.695,0.728,0.283,-0.083,-0.378,0.612,0.583,-0.727,-0.407,0.826,-0.178,0.633,-0.408,0.656,0.83,0.042,0.828,0.458,0.224,0.824,0.744,0.539,0.891,-0.195,0.717,0.622,0.201,-0.111,0.585,0.773,0.483,0.633,-0.233,0.692,0.832,0.359,0.825,0.825,0.804,-0.081,0.551,0.457,0.086,-0.054,-0.016,-0.357,0.569,0.678,0.729,-0.164,0.076,0.904,0.234,0.52,0.62,0.742,0.615,0.854,0.7,0.848,0.813,-0.465,0.67,0.805,0.77,0.383,0.505,0.689,0.76,0.666,0.709,-0.681,-0.349,0.775,0.678,0.756,0.781,0.445,0.82,0.827,0.516,-0.799,0.634,0.725,0.578,0.204,0.685,0.84,0.25,0.614,-0.249,0.868,0.536,0.945,-0.395,0.887,0.726,-0.074,0.392,0.682,0.875,0.673,0.625,0.473,0.603,0.889,0.815,0.868,0.656,-0.035,-0.388,0.823,0.852
BKNG,0.44,0.219,0.833,-0.102,0.904,0.648,0.401,0.146,0.876,0.882,0.43,0.404,0.904,0.479,0.013,0.789,0.668,0.636,0.804,0.495,0.81,0.83,0.0,0.736,0.75,0.869,0.314,0.32,0.694,0.878,0.583,0.728,0.688,0.765,0.817,0.626,0.845,0.319,0.615,0.93,0.741,0.773,0.035,0.89,0.726,0.739,0.223,0.762,0.345,0.878,0.779,0.827,0.821,-0.016,0.477,0.646,-0.561,0.644,0.925,0.612,0.848,0.672,0.857,0.758,0.762,0.637,0.765,0.371,-0.093,0.333,0.583,0.648,0.476,0.549,0.76,-0.696,0.474,0.694,0.534,0.826,0.186,0.077,0.879,0.343,0.482,0.302,-0.04,0.798,0.86,0.344,0.174,-0.313,0.579,0.491,-0.554,-0.489,0.928,-0.109,0.837,-0.487,0.702,0.906,0.29,0.914,0.662,0.544,0.872,0.899,0.511,0.925,-0.063,0.819,0.784,0.429,0.049,0.76,0.752,0.571,0.605,0.059,0.879,0.897,0.399,0.768,0.914,0.902,0.048,0.653,0.627,0.193,0.136,-0.004,-0.233,0.725,0.853,0.882,-0.015,0.096,0.912,0.119,0.775,0.582,0.839,0.733,0.896,0.791,0.868,0.909,-0.502,0.637,0.938,0.886,0.614,0.721,0.923,0.841,0.624,0.744,-0.643,-0.156,0.849,0.739,0.838,0.893,0.421,0.706,0.896,0.531,-0.624,0.766,0.813,0.685,0.236,0.806,0.911,0.484,0.8,-0.166,0.786,0.43,0.822,-0.26,0.789,0.85,0.178,0.566,0.865,0.946,0.793,0.719,0.695,0.739,0.814,0.858,0.887,0.784,0.174,-0.224,0.915,0.801
BL,0.081,0.294,0.54,-0.479,0.861,0.194,-0.001,-0.163,0.444,0.698,-0.038,0.764,0.721,0.451,-0.104,0.319,0.436,0.159,0.629,0.155,0.382,0.639,0.736,0.0,0.363,0.654,-0.262,-0.311,0.25,0.423,0.016,0.809,0.631,0.72,0.725,0.514,0.466,-0.3,0.218,0.761,0.566,0.925,-0.522,0.771,0.433,0.403,-0.273,0.607,-0.036,0.634,0.488,0.741,0.304,-0.262,-0.159,0.506,-0.801,0.04,0.694,0.166,0.671,0.255,0.805,0.55,0.765,0.457,0.776,0.266,-0.255,0.631,0.396,0.114,-0.154,0.256,0.265,-0.859,-0.058,0.45,0.257,0.592,-0.316,0.31,0.718,0.33,-0.056,0.093,-0.395,0.836,0.617,0.258,-0.261,-0.738,0.643,0.436,-0.822,-0.828,0.609,-0.471,0.538,-0.798,0.466,0.593,-0.017,0.621,0.187,0.083,0.468,0.556,0.116,0.554,-0.503,0.504,0.493,-0.168,-0.299,0.358,0.851,0.381,0.588,-0.341,0.487,0.813,-0.22,0.796,0.636,0.586,-0.418,0.546,0.109,0.304,-0.173,-0.094,-0.642,0.193,0.525,0.858,-0.313,-0.556,0.607,-0.316,0.356,0.472,0.344,0.683,0.785,0.3,0.482,0.804,-0.531,0.662,0.681,0.624,0.854,0.542,0.58,0.887,0.847,0.56,-0.443,-0.601,0.767,0.289,0.699,0.791,0.442,0.294,0.776,0.059,-0.7,0.216,0.665,0.589,-0.089,0.678,0.814,-0.065,0.433,-0.584,0.474,-0.015,0.597,-0.633,0.489,0.578,-0.293,-0.044,0.438,0.821,0.697,0.719,0.78,0.711,0.654,0.793,0.648,0.278,-0.224,-0.604,0.649,0.608
BOKF,0.24,-0.175,0.865,0.312,0.573,0.592,0.777,-0.038,0.696,0.585,0.437,0.082,0.667,0.312,0.408,0.684,0.81,0.411,0.531,0.551,0.93,0.578,0.75,0.363,0.0,0.504,0.72,0.66,0.737,0.866,0.7,0.386,0.675,0.319,0.341,0.292,0.89,0.401,0.83,0.692,0.826,0.303,0.338,0.505,0.353,0.424,0.597,0.356,0.565,0.725,0.913,0.841,0.762,0.205,0.467,0.875,-0.068,0.737,0.872,0.737,0.823,0.822,0.597,0.935,0.75,0.845,0.556,0.591,0.308,0.259,0.764,0.486,0.703,0.479,0.562,-0.408,0.787,0.942,0.674,0.751,0.171,-0.31,0.644,0.358,0.653,0.753,0.373,0.657,0.738,-0.037,0.589,-0.067,0.017,0.512,-0.21,-0.063,0.805,-0.008,0.59,-0.029,0.896,0.646,0.049,0.798,0.858,0.759,0.855,0.768,0.726,0.751,0.457,0.9,0.525,0.68,0.389,0.901,0.46,0.794,0.083,0.467,0.747,0.583,0.366,0.259,0.769,0.674,0.557,0.219,0.542,0.41,0.455,-0.32,0.044,0.833,0.922,0.577,0.514,0.309,0.677,0.543,0.598,0.059,0.646,0.713,0.472,0.841,0.671,0.698,-0.074,0.105,0.796,0.821,0.409,0.732,0.83,0.356,0.434,0.826,-0.496,0.347,0.382,0.549,0.414,0.775,0.56,0.545,0.602,0.689,-0.227,0.785,0.808,0.268,0.387,0.842,0.559,0.709,0.939,0.09,0.571,0.187,0.622,-0.046,0.501,0.542,0.627,0.611,0.808,0.659,0.681,0.783,0.466,0.725,0.506,0.774,0.649,0.634,0.06,0.285,0.746,0.406
BRKR,0.609,0.35,0.685,-0.131,0.788,0.694,0.238,0.368,0.846,0.741,0.482,0.481,0.807,0.471,-0.089,0.817,0.489,0.71,0.752,0.471,0.621,0.799,0.869,0.654,0.504,0.0,0.173,0.249,0.618,0.744,0.468,0.735,0.53,0.826,0.87,0.658,0.668,0.333,0.477,0.843,0.526,0.785,0.016,0.868,0.909,0.824,0.094,0.806,0.282,0.762,0.563,0.603,0.797,0.013,0.538,0.375,-0.646,0.599,0.751,0.538,0.605,0.578,0.784,0.507,0.553,0.392,0.777,0.25,-0.162,0.24,0.315,0.741,0.404,0.612,0.73,-0.555,0.311,0.435,0.423,0.711,0.289,0.253,0.824,0.331,0.376,0.048,-0.094,0.695,0.772,0.508,0.034,-0.268,0.748,0.379,-0.514,-0.451,0.864,0.035,0.83,-0.513,0.443,0.874,0.365,0.823,0.528,0.387,0.774,0.847,0.284,0.841,-0.163,0.645,0.79,0.354,0.032,0.602,0.713,0.378,0.795,-0.031,0.828,0.906,0.495,0.829,0.811,0.85,-0.105,0.782,0.659,-0.052,0.097,0.264,-0.199,0.631,0.657,0.84,-0.156,0.081,0.891,-0.02,0.771,0.747,0.795,0.522,0.888,0.701,0.86,0.792,-0.472,0.771,0.848,0.725,0.476,0.613,0.747,0.853,0.455,0.574,-0.523,-0.284,0.872,0.792,0.913,0.727,0.15,0.704,0.825,0.443,-0.685,0.708,0.629,0.789,0.169,0.6,0.906,0.35,0.629,-0.132,0.755,0.553,0.792,-0.126,0.788,0.862,0.041,0.583,0.789,0.867,0.733,0.507,0.623,0.554,0.798,0.706,0.832,0.788,0.3,-0.322,0.824,0.907
CACC,0.177,-0.314,0.624,0.696,0.071,0.509,0.817,0.077,0.516,0.185,0.528,-0.396,0.251,-0.023,0.488,0.547,0.605,0.412,0.183,0.529,0.74,0.209,0.314,-0.262,0.72,0.173,0.0,0.883,0.654,0.608,0.75,-0.04,0.366,-0.148,-0.043,-0.055,0.621,0.654,0.73,0.246,0.504,-0.259,0.755,0.035,0.163,0.195,0.876,-0.054,0.568,0.311,0.637,0.356,0.663,0.355,0.644,0.556,0.439,0.7,0.437,0.662,0.365,0.753,0.097,0.571,0.261,0.497,0.089,0.445,0.384,-0.215,0.524,0.489,0.897,0.39,0.455,0.165,0.765,0.649,0.604,0.377,0.497,-0.557,0.209,0.171,0.633,0.662,0.678,0.167,0.305,-0.261,0.68,0.376,-0.367,0.065,0.316,0.402,0.501,0.29,0.246,0.367,0.612,0.328,0.027,0.379,0.841,0.799,0.61,0.521,0.56,0.414,0.841,0.649,0.288,0.845,0.577,0.746,-0.052,0.589,-0.285,0.736,0.569,0.096,0.635,-0.223,0.317,0.343,0.89,0.039,0.514,0.149,0.713,-0.215,0.506,0.809,0.617,0.088,0.737,0.69,0.306,0.638,0.499,-0.19,0.455,0.331,0.006,0.631,0.449,0.176,0.254,-0.281,0.441,0.508,-0.074,0.43,0.539,-0.182,-0.116,0.504,-0.234,0.744,-0.076,0.445,0.041,0.323,0.325,0.449,0.178,0.803,0.135,0.763,0.445,-0.081,0.454,0.44,0.063,0.857,0.693,0.396,0.277,0.213,0.269,0.428,0.206,0.293,0.823,0.745,0.595,0.175,0.318,0.297,0.042,0.353,0.056,0.272,0.224,0.53,0.172,0.664,0.352,0.054
CAR,0.428,-0.277,0.497,0.629,0.065,0.566,0.733,0.243,0.549,0.153,0.532,-0.448,0.277,-0.007,0.328,0.663,0.449,0.494,0.235,0.574,0.667,0.28,0.32,-0.311,0.66,0.249,0.883,0.0,0.641,0.674,0.771,-0.124,0.194,-0.005,0.027,0.164,0.588,0.773,0.705,0.283,0.415,-0.259,0.769,0.133,0.314,0.348,0.831,0.101,0.565,0.371,0.528,0.268,0.721,0.336,0.781,0.397,0.363,0.862,0.396,0.707,0.34,0.692,0.123,0.475,0.16,0.421,0.106,0.272,0.355,-0.176,0.379,0.616,0.897,0.374,0.576,0.227,0.861,0.51,0.472,0.42,0.582,-0.453,0.278,0.046,0.844,0.511,0.551,0.113,0.397,-0.075,0.644,0.503,-0.233,0.246,0.32,0.542,0.482,0.419,0.328,0.527,0.504,0.407,0.195,0.439,0.744,0.695,0.63,0.501,0.723,0.501,0.721,0.562,0.299,0.841,0.582,0.683,-0.09,0.486,-0.123,0.641,0.526,0.156,0.748,-0.143,0.401,0.399,0.77,-0.029,0.606,0.054,0.493,-0.081,0.53,0.804,0.548,0.042,0.624,0.81,0.427,0.801,0.489,-0.035,0.56,0.182,0.096,0.717,0.526,0.225,0.206,-0.204,0.392,0.428,-0.26,0.381,0.46,-0.131,-0.21,0.442,-0.233,0.669,0.003,0.571,0.124,0.263,0.169,0.552,0.165,0.699,0.109,0.779,0.299,-0.017,0.455,0.339,0.125,0.752,0.645,0.616,0.433,0.486,0.35,0.429,0.375,0.253,0.76,0.811,0.599,0.186,0.22,0.19,-0.124,0.169,0.214,0.235,0.356,0.579,0.366,0.623,0.438,0.217
CDNA,0.405,0.182,0.753,0.432,0.467,0.805,0.752,0.325,0.708,0.486,0.691,0.038,0.543,0.423,0.399,0.742,0.741,0.614,0.448,0.587,0.77,0.477,0.694,0.25,0.737,0.618,0.654,0.641,0.0,0.769,0.613,0.338,0.509,0.34,0.418,0.319,0.709,0.567,0.8,0.636,0.6,0.25,0.504,0.457,0.569,0.697,0.554,0.45,0.587,0.573,0.723,0.53,0.831,0.376,0.723,0.575,-0.039,0.718,0.637,0.568,0.529,0.756,0.534,0.625,0.419,0.596,0.509,0.609,0.269,-0.054,0.581,0.682,0.782,0.482,0.64,-0.15,0.683,0.631,0.673,0.534,0.239,-0.094,0.525,0.354,0.584,0.531,0.495,0.52,0.726,0.115,0.521,0.129,0.182,0.368,-0.002,0.028,0.734,0.211,0.73,0.002,0.597,0.695,0.304,0.706,0.86,0.827,0.726,0.782,0.48,0.687,0.462,0.74,0.655,0.795,0.596,0.784,0.298,0.624,0.262,0.563,0.819,0.553,0.591,0.266,0.654,0.664,0.522,0.402,0.633,0.089,0.577,0.003,0.275,0.869,0.684,0.552,0.447,0.403,0.623,0.341,0.791,0.261,0.702,0.455,0.491,0.824,0.688,0.533,-0.107,0.207,0.783,0.706,0.315,0.778,0.787,0.356,0.107,0.627,-0.418,0.427,0.398,0.792,0.589,0.636,0.244,0.616,0.504,0.589,-0.15,0.853,0.566,0.4,0.533,0.57,0.515,0.757,0.802,0.212,0.515,0.402,0.459,0.188,0.488,0.624,0.681,0.785,0.796,0.565,0.677,0.483,0.493,0.565,0.421,0.511,0.563,0.788,0.34,0.388,0.637,0.524
CG,0.53,-0.017,0.839,0.16,0.684,0.73,0.603,0.175,0.884,0.742,0.507,0.102,0.815,0.348,0.147,0.89,0.701,0.651,0.724,0.649,0.906,0.786,0.878,0.423,0.866,0.744,0.608,0.674,0.769,0.0,0.765,0.511,0.64,0.592,0.621,0.567,0.897,0.564,0.802,0.821,0.763,0.472,0.339,0.711,0.649,0.668,0.537,0.593,0.497,0.846,0.84,0.768,0.924,0.098,0.677,0.686,-0.285,0.876,0.889,0.826,0.804,0.837,0.702,0.798,0.682,0.687,0.647,0.357,0.068,0.23,0.611,0.737,0.752,0.579,0.825,-0.46,0.758,0.758,0.638,0.845,0.362,-0.128,0.805,0.221,0.749,0.462,0.178,0.663,0.822,0.232,0.426,-0.048,0.329,0.531,-0.323,-0.13,0.916,0.035,0.761,-0.13,0.788,0.83,0.235,0.878,0.811,0.683,0.958,0.891,0.759,0.937,0.269,0.879,0.663,0.666,0.319,0.879,0.558,0.681,0.394,0.287,0.871,0.731,0.626,0.521,0.877,0.842,0.383,0.428,0.728,0.199,0.28,-0.098,0.025,0.898,0.875,0.688,0.266,0.405,0.891,0.49,0.758,0.395,0.873,0.633,0.703,0.924,0.886,0.81,-0.265,0.385,0.868,0.867,0.326,0.706,0.885,0.574,0.41,0.805,-0.609,0.153,0.618,0.785,0.666,0.806,0.411,0.793,0.748,0.712,-0.463,0.903,0.758,0.484,0.398,0.77,0.75,0.686,0.892,0.132,0.808,0.538,0.809,-0.017,0.781,0.734,0.44,0.76,0.895,0.807,0.711,0.643,0.416,0.639,0.722,0.773,0.837,0.833,0.248,0.089,0.868,0.713
CGBD,0.528,-0.065,0.676,0.292,0.393,0.59,0.548,0.294,0.758,0.547,0.608,-0.21,0.582,0.24,0.163,0.735,0.454,0.73,0.478,0.484,0.8,0.548,0.583,0.016,0.7,0.468,0.75,0.771,0.613,0.765,0.0,0.27,0.316,0.334,0.365,0.233,0.665,0.756,0.638,0.48,0.453,0.14,0.499,0.456,0.471,0.459,0.557,0.366,0.592,0.537,0.593,0.432,0.77,0.266,0.698,0.478,0.059,0.829,0.608,0.73,0.531,0.657,0.329,0.55,0.32,0.425,0.222,0.254,0.151,-0.129,0.463,0.718,0.765,0.522,0.792,-0.084,0.725,0.563,0.446,0.609,0.682,-0.34,0.477,0.171,0.691,0.389,0.283,0.284,0.559,0.196,0.505,0.303,0.111,0.146,0.033,0.182,0.664,0.335,0.541,0.1,0.608,0.61,0.334,0.624,0.706,0.647,0.75,0.68,0.58,0.678,0.429,0.642,0.621,0.721,0.329,0.708,0.211,0.368,0.181,0.391,0.681,0.379,0.714,0.215,0.623,0.683,0.528,0.398,0.744,0.029,0.358,0.093,0.355,0.798,0.701,0.29,0.282,0.7,0.618,0.536,0.626,0.277,0.743,0.461,0.388,0.738,0.672,0.448,-0.036,0.193,0.581,0.628,-0.026,0.365,0.664,0.227,0.12,0.468,-0.444,0.398,0.393,0.58,0.329,0.426,0.199,0.622,0.505,0.762,-0.128,0.805,0.472,0.359,0.248,0.444,0.364,0.719,0.661,0.236,0.66,0.539,0.567,0.243,0.57,0.579,0.516,0.775,0.766,0.449,0.379,0.374,0.168,0.32,0.442,0.413,0.573,0.724,0.402,0.312,0.587,0.389
CHI,0.269,0.202,0.628,-0.268,0.777,0.393,0.035,0.055,0.568,0.745,0.16,0.609,0.729,0.441,-0.052,0.521,0.441,0.351,0.647,0.351,0.494,0.765,0.728,0.809,0.386,0.735,-0.04,-0.124,0.338,0.511,0.27,0.0,0.687,0.744,0.805,0.488,0.499,-0.094,0.262,0.747,0.542,0.833,-0.316,0.757,0.6,0.438,-0.056,0.507,0.001,0.71,0.506,0.674,0.464,-0.235,0.101,0.478,-0.717,0.226,0.717,0.382,0.592,0.442,0.784,0.489,0.668,0.404,0.785,0.219,-0.257,0.519,0.255,0.323,0.078,0.509,0.436,-0.719,0.097,0.445,0.366,0.632,-0.048,0.283,0.743,0.341,0.029,0.117,-0.288,0.728,0.596,0.276,-0.249,-0.564,0.653,0.287,-0.736,-0.639,0.708,-0.282,0.587,-0.707,0.496,0.662,-0.025,0.638,0.324,0.135,0.598,0.632,0.125,0.635,-0.325,0.571,0.612,-0.011,-0.173,0.456,0.832,0.392,0.61,-0.261,0.596,0.751,0.083,0.812,0.608,0.697,-0.256,0.711,0.232,0.16,-0.004,0.069,-0.461,0.345,0.531,0.797,-0.252,-0.275,0.663,-0.179,0.469,0.582,0.488,0.651,0.773,0.379,0.621,0.723,-0.406,0.728,0.717,0.65,0.657,0.495,0.628,0.795,0.751,0.61,-0.42,-0.503,0.75,0.421,0.688,0.745,0.433,0.503,0.827,0.342,-0.728,0.388,0.682,0.639,0.033,0.604,0.775,0.104,0.453,-0.51,0.578,0.184,0.702,-0.488,0.594,0.726,-0.207,0.166,0.528,0.792,0.691,0.66,0.709,0.701,0.673,0.725,0.69,0.485,-0.144,-0.466,0.637,0.689
