,ACET,ADAP,ADI,ADPT,ADTN,AGEN,ALGN,ALLK,AMD,AMWD,ARDX,ARQT,ASTE,AUPH,AVXL,AZTA,BAND,BECN,BFC,BGC,BHF,BHFAL,BKNG,BL,BOKF,BRKR,CACC,CAR,CDNA,CG,CGBD,CHI,CHTR,CHX,CLNE,CME,CNOB,CNXN,CPRX,CSGP,CSGS,CSIQ,CVCO,CVLT,CYRX,DDOG,DOOO,DSGX,DTIL,ECPG,EEFT,EFSC,ENTG,ESPR,ETSY,EXC,FAMI,FFIV,FITB,FIZZ,FMBH,FOX,FTNT,FULT,GABC,GEN,GH,GMAB,GNPX,GO,GOGL,GOOG,GPRO,GSHD,GSM,GWAV,HAIN,HBAN,HEPA,HURN,HWKN,IBIO,ICFI,IGMS,IMKTA,INCY,INO,IRDM,IRTC,IRWD,ITCI,JACK,JD,JJSF,KALA,KHC,KLAC,KRRO,KRYS,LANC,LBTYA,LIVN,LKCO,LNTH,LOGI,LPRO,LRCX,LSCC,LSTR,MAR,MARA,MCHP,MEOH,META,MGTX,MKSI,MMYT,MORN,MRUS,MTLS,MTSI,MVIS,MXL,NBIX,NFE,NMIH,NMRK,NNDM,NSIT,NTCT,NVAX,OCUL,ODP,OLED,ONB,OTEX,PACB,PATK,PAYX,PEP,PERI,PI,PLYA,PRDO,PRGS,PTGX,QCOM,QCRH,QDEL,QFIN,RGEN,RILY,RPAY,RPD,SABR,SEDG,SHEN,SIRI,SLNO,SNDL,SNEX,SONO,SPT,SSNC,STGW,STKL,STRL,STX,SWTX,SYNA,TFSL,TIGR,TNXP,TOWN,TRI,TRIP,TRMB,TRNS,TRS,TSCO,TSEM,TVTX,TXRH,VC,VCEL,VECO,VIAV,VICR,VIR,VRTX,VSTM,VTRS,WDFC,WSBC,WSC,WYNN,XENE,XNCR,XRAY,ZS
ACET,0.0,-0.112,0.345,-0.198,-0.671,-0.628,0.455,-0.151,0.086,-0.659,-0.688,-0.4,-0.087,0.39,0.158,0.863,-0.276,-0.39,-0.841,-0.407,-0.682,0.653,-0.716,-0.628,-0.758,0.527,-0.771,0.03,0.844,0.654,-0.723,0.295,-0.097,-0.7,-0.352,-0.414,-0.468,-0.847,-0.827,-0.231,0.168,-0.619,-0.354,-0.553,-0.326,0.008,-0.779,-0.173,-0.561,0.329,-0.351,-0.766,0.236,-0.779,-0.29,-0.709,0.197,-0.128,-0.717,-0.674,-0.754,-0.727,0.474,-0.842,-0.861,0.69,0.228,-0.338,-0.844,0.792,0.233,-0.249,0.001,-0.582,-0.82,0.579,-0.862,-0.686,-0.457,-0.672,-0.76,-0.378,-0.786,-0.513,-0.252,-0.02,-0.526,-0.229,0.199,-0.233,0.8,-0.804,0.725,-0.851,0.366,-0.583,0.339,0.264,0.283,-0.763,0.313,-0.591,0.069,-0.601,0.351,-0.009,0.303,0.415,-0.421,-0.624,-0.288,-0.215,-0.465,-0.24,-0.261,0.627,-0.508,-0.138,0.792,0.7,-0.177,0.403,0.565,-0.505,-0.76,-0.626,-0.2,0.035,-0.627,0.613,0.801,-0.467,-0.144,-0.263,-0.812,0.534,-0.4,-0.78,-0.799,-0.791,-0.26,-0.34,-0.297,0.528,-0.815,0.566,0.139,-0.864,0.597,-0.171,-0.072,-0.4,0.86,0.454,-0.263,0.285,-0.588,0.472,-0.156,-0.579,-0.71,0.925,-0.256,-0.13,-0.684,-0.779,-0.763,0.015,0.736,0.453,-0.504,0.398,0.567,-0.766,-0.554,-0.589,-0.416,-0.632,-0.782,-0.895,0.297,-0.306,-0.593,-0.013,0.315,-0.493,-0.548,-0.574,0.808,-0.567,-0.53,-0.621,-0.872,-0.821,-0.422,0.185,-0.174,-0.364,0.268,-0.41
ADAP,-0.112,0.0,0.578,0.924,0.04,0.395,0.415,0.684,0.656,0.362,0.658,0.724,-0.329,0.173,0.7,-0.231,0.246,0.096,0.058,0.839,0.711,0.069,0.586,0.59,0.614,-0.748,0.065,0.546,0.066,-0.381,0.643,0.274,0.676,0.459,0.809,0.492,0.707,0.337,0.561,0.731,-0.889,0.598,0.788,0.749,0.725,0.776,0.471,0.792,0.643,-0.876,0.412,0.519,-0.403,0.415,0.756,0.188,0.68,0.777,0.645,0.48,0.224,0.475,-0.71,0.47,0.426,-0.245,0.518,0.469,0.387,-0.152,-0.061,0.746,0.691,0.612,0.516,-0.464,0.314,0.667,0.792,0.095,0.63,0.796,0.592,0.788,0.245,-0.478,0.788,0.764,-0.365,0.268,0.289,0.584,-0.292,0.502,0.317,0.697,0.19,0.519,0.763,0.639,0.172,-0.047,0.538,0.644,0.483,0.721,0.353,0.463,0.428,0.44,0.786,0.633,-0.057,0.79,0.932,0.129,0.763,0.44,0.34,-0.216,0.739,0.549,0.144,0.776,0.631,0.75,-0.176,0.494,-0.011,-0.724,-0.417,0.828,0.703,0.764,0.457,-0.317,0.8,0.258,0.582,0.308,0.787,0.766,0.833,-0.783,0.467,0.581,0.204,0.122,-0.749,0.25,0.799,0.805,-0.405,0.263,0.872,-0.469,0.723,0.277,0.668,0.763,0.713,-0.289,0.896,0.593,-0.031,0.553,0.238,0.494,0.332,0.036,0.69,-0.026,-0.64,0.395,0.791,0.783,0.505,0.722,0.036,0.296,0.399,0.864,0.702,0.224,-0.574,0.606,0.653,0.578,0.029,0.646,0.728,0.674,0.453,0.496,0.849,0.672,0.886,0.536,0.458,0.796
ADI,0.345,0.578,0.0,0.613,-0.121,0.109,0.866,0.048,0.774,0.324,0.025,0.085,0.058,0.675,0.727,0.484,0.501,0.14,-0.274,0.365,0.168,0.536,0.287,0.074,0.181,0.02,-0.229,0.75,0.594,0.393,0.234,0.75,0.531,-0.108,0.361,0.094,0.484,-0.274,-0.022,0.699,-0.356,-0.024,0.457,0.413,0.61,0.721,0.194,0.533,0.378,-0.291,0.325,0.183,0.283,-0.365,0.671,0.088,0.714,0.672,0.265,0.176,0.018,0.169,0.037,0.051,0.044,0.357,0.779,0.427,-0.052,0.1,0.205,0.724,0.79,0.428,-0.008,0.068,-0.176,0.311,0.262,-0.442,0.033,0.372,-0.031,0.398,-0.191,-0.299,0.435,0.66,0.299,-0.11,0.609,0.051,0.154,-0.068,0.621,0.205,0.692,0.429,0.487,0.119,0.801,-0.103,0.699,0.205,0.941,0.779,0.85,0.842,0.373,0.337,0.672,0.706,-0.403,0.626,0.619,0.828,0.382,0.588,0.624,0.528,0.705,0.847,0.752,0.123,0.1,0.165,-0.038,0.783,-0.129,-0.032,0.238,0.327,0.675,0.587,0.137,0.468,0.502,0.139,0.045,-0.001,0.581,0.476,0.624,-0.196,0.039,0.86,0.504,-0.115,-0.051,0.406,0.655,0.524,0.212,0.783,0.598,0.13,0.246,0.833,0.626,0.33,0.138,0.223,0.485,0.582,-0.087,0.209,-0.076,0.816,0.501,0.75,0.475,0.47,0.118,0.196,0.296,0.223,0.583,0.196,-0.091,-0.176,0.725,0.317,0.386,0.632,0.047,0.484,0.377,0.334,0.52,0.098,0.366,0.283,-0.056,0.101,0.474,0.906,0.314,0.33,0.74,0.513
ADPT,-0.198,0.924,0.613,0.0,0.161,0.389,0.501,0.553,0.736,0.52,0.701,0.655,-0.269,0.27,0.751,-0.27,0.375,0.185,0.084,0.876,0.776,0.12,0.729,0.674,0.716,-0.692,0.163,0.671,0.058,-0.381,0.743,0.4,0.711,0.523,0.872,0.542,0.818,0.377,0.622,0.837,-0.851,0.634,0.865,0.849,0.854,0.887,0.632,0.841,0.69,-0.865,0.531,0.622,-0.344,0.388,0.897,0.292,0.74,0.802,0.775,0.602,0.363,0.603,-0.645,0.587,0.53,-0.262,0.615,0.578,0.459,-0.237,0.062,0.875,0.808,0.735,0.604,-0.485,0.374,0.8,0.845,0.068,0.686,0.831,0.63,0.884,0.184,-0.507,0.871,0.819,-0.239,0.173,0.287,0.661,-0.417,0.553,0.415,0.781,0.239,0.46,0.635,0.729,0.309,0.0,0.591,0.761,0.578,0.843,0.423,0.542,0.548,0.636,0.907,0.718,-0.024,0.904,0.917,0.148,0.771,0.553,0.311,-0.159,0.76,0.617,0.15,0.794,0.729,0.783,-0.132,0.674,0.048,-0.71,-0.483,0.907,0.776,0.854,0.601,-0.271,0.923,0.389,0.648,0.416,0.89,0.81,0.926,-0.838,0.553,0.585,0.274,0.248,-0.74,0.265,0.901,0.897,-0.486,0.353,0.94,-0.389,0.779,0.396,0.744,0.844,0.761,-0.349,0.94,0.746,0.072,0.654,0.299,0.609,0.254,0.09,0.818,-0.037,-0.618,0.544,0.844,0.846,0.66,0.786,0.151,0.394,0.43,0.879,0.826,0.365,-0.575,0.665,0.728,0.67,0.022,0.691,0.814,0.782,0.542,0.596,0.916,0.748,0.859,0.604,0.537,0.927
ADTN,-0.671,0.04,-0.121,0.161,0.0,0.431,-0.196,0.127,0.078,0.549,0.48,0.196,-0.084,-0.072,-0.134,-0.521,0.453,0.513,0.649,0.339,0.449,-0.394,0.563,0.492,0.585,-0.233,0.489,0.094,-0.51,-0.333,0.561,-0.034,0.023,0.598,0.288,0.229,0.48,0.609,0.599,0.233,0.055,0.472,0.275,0.452,0.26,0.142,0.617,0.186,0.426,-0.112,0.229,0.608,-0.094,0.492,0.261,0.498,-0.155,0.184,0.541,0.574,0.551,0.471,-0.128,0.596,0.613,-0.388,-0.038,0.169,0.575,-0.631,-0.237,0.28,0.125,0.519,0.597,-0.432,0.694,0.523,0.243,0.516,0.476,0.284,0.539,0.325,0.314,-0.158,0.405,0.298,-0.086,-0.068,-0.563,0.604,-0.525,0.575,-0.29,0.442,-0.004,-0.193,-0.206,0.557,-0.107,0.571,-0.11,0.553,-0.137,0.123,-0.034,-0.046,0.357,0.533,0.239,0.363,0.218,0.185,0.173,-0.321,0.344,0.023,-0.495,-0.41,0.305,-0.169,-0.212,0.325,0.574,0.463,0.038,0.081,0.648,-0.299,-0.504,0.339,0.164,0.302,0.642,-0.321,0.279,0.57,0.59,0.697,0.319,0.338,0.234,-0.276,0.656,-0.347,-0.031,0.619,-0.316,0.077,0.16,0.375,-0.571,-0.06,0.286,-0.213,0.42,-0.226,0.02,0.441,0.513,-0.634,0.216,0.196,0.776,0.594,0.562,0.123,-0.564,-0.153,0.447,-0.38,-0.337,0.582,0.373,0.408,0.433,0.523,0.68,0.684,-0.212,0.148,0.464,0.165,-0.042,0.478,0.532,0.484,-0.576,0.337,0.359,0.416,0.649,0.604,0.364,-0.026,0.07,0.276,-0.135,0.372
AGEN,-0.628,0.395,0.109,0.389,0.431,0.0,-0.198,0.34,0.001,0.553,0.537,0.36,0.167,0.038,0.4,-0.495,0.416,0.012,0.621,0.403,0.558,-0.594,0.635,0.479,0.572,-0.477,0.417,0.012,-0.302,-0.51,0.623,-0.17,0.569,0.436,0.327,0.348,0.382,0.554,0.694,0.302,-0.267,0.384,0.344,0.568,0.543,0.106,0.582,0.131,0.748,-0.331,0.611,0.577,-0.107,0.547,0.409,0.476,0.03,0.288,0.657,0.369,0.739,0.78,-0.357,0.637,0.688,-0.467,0.287,0.598,0.715,-0.6,-0.075,0.368,0.158,0.583,0.6,-0.295,0.601,0.61,0.533,0.242,0.551,0.545,0.585,0.642,-0.078,0.189,0.725,0.303,-0.116,0.547,-0.457,0.601,-0.27,0.661,-0.109,0.452,-0.213,-0.027,0.106,0.591,-0.051,0.638,0.269,0.494,-0.025,0.291,-0.032,-0.198,0.207,0.527,0.52,0.357,0.53,0.505,0.569,-0.237,0.495,0.403,-0.414,-0.261,0.359,-0.205,-0.051,0.489,0.58,0.507,0.409,0.247,0.32,-0.62,-0.483,0.491,0.349,0.421,0.593,-0.294,0.528,0.706,0.614,0.442,0.451,0.255,0.476,-0.512,0.605,-0.078,0.366,0.65,-0.473,0.637,0.197,0.442,-0.605,0.064,0.4,-0.27,0.5,-0.215,0.488,0.647,0.571,-0.704,0.379,0.419,0.418,0.721,0.411,0.271,-0.368,-0.049,0.421,0.166,-0.472,0.612,0.459,0.555,0.352,0.497,0.356,0.544,-0.089,0.443,0.539,0.077,-0.311,0.524,0.465,0.549,-0.278,0.624,0.699,0.712,0.662,0.608,0.397,0.242,0.29,0.684,0.206,0.468
ALGN,0.455,0.415,0.866,0.501,-0.196,-0.198,0.0,-0.107,0.783,0.276,-0.045,0.062,0.044,0.628,0.601,0.572,0.397,0.243,-0.403,0.28,0.061,0.699,0.183,0.037,0.079,0.154,-0.18,0.764,0.643,0.504,0.085,0.785,0.343,-0.198,0.323,0.16,0.422,-0.325,-0.19,0.618,-0.289,-0.076,0.417,0.278,0.501,0.696,0.097,0.52,0.204,-0.219,0.182,0.116,0.349,-0.483,0.607,0.062,0.771,0.628,0.131,0.163,-0.101,0.007,0.106,-0.031,-0.048,0.382,0.728,0.271,-0.172,0.306,0.208,0.641,0.749,0.34,-0.105,0.111,-0.273,0.189,0.144,-0.423,-0.049,0.263,-0.116,0.228,-0.141,-0.344,0.244,0.571,0.457,-0.217,0.718,-0.049,0.147,-0.177,0.686,0.08,0.747,0.481,0.457,0.015,0.765,-0.283,0.54,0.144,0.928,0.674,0.848,0.854,0.461,0.269,0.531,0.585,-0.528,0.475,0.42,0.841,0.295,0.556,0.698,0.539,0.587,0.911,0.71,0.03,-0.02,0.061,-0.031,0.773,-0.122,0.146,0.335,0.202,0.575,0.535,0.056,0.527,0.381,0.034,-0.05,-0.028,0.439,0.438,0.51,-0.056,-0.046,0.814,0.411,-0.158,0.057,0.168,0.62,0.422,0.316,0.696,0.466,0.239,0.152,0.841,0.53,0.156,0.017,0.396,0.378,0.426,-0.156,0.043,-0.084,0.791,0.571,0.742,0.376,0.357,0.236,0.117,0.249,0.119,0.528,0.092,-0.085,-0.211,0.76,0.223,0.309,0.659,0.201,0.352,0.296,0.272,0.527,-0.033,0.182,0.103,-0.171,0.018,0.392,0.814,0.236,0.147,0.701,0.408
ALLK,-0.151,0.684,0.048,0.553,0.127,0.34,-0.107,0.0,0.172,-0.012,0.602,0.624,-0.602,-0.243,0.295,-0.443,-0.092,-0.033,0.129,0.627,0.513,-0.264,0.267,0.498,0.407,-0.78,-0.026,0.036,-0.108,-0.61,0.455,-0.201,0.366,0.544,0.623,0.222,0.361,0.42,0.555,0.258,-0.713,0.612,0.455,0.402,0.292,0.384,0.222,0.473,0.32,-0.718,0.109,0.276,-0.651,0.657,0.276,-0.137,0.156,0.386,0.383,0.263,0.002,0.214,-0.707,0.261,0.2,-0.344,0.143,0.127,0.253,-0.152,-0.273,0.252,0.177,0.238,0.427,-0.42,0.419,0.37,0.567,0.331,0.526,0.601,0.496,0.468,0.502,-0.412,0.539,0.353,-0.695,0.256,0.035,0.482,-0.256,0.429,0.009,0.592,-0.152,0.349,0.61,0.488,-0.357,0.018,-0.005,0.465,-0.084,0.308,-0.138,0.063,0.084,0.077,0.337,0.225,0.16,0.381,0.59,-0.329,0.478,-0.14,0.128,-0.519,0.35,0.057,-0.153,0.715,0.505,0.633,-0.373,-0.067,-0.007,-0.727,-0.444,0.646,0.332,0.396,0.22,-0.633,0.465,-0.044,0.473,0.202,0.493,0.461,0.443,-0.595,0.338,0.156,-0.114,-0.063,-0.686,-0.029,0.438,0.471,-0.449,-0.12,0.553,-0.715,0.495,-0.269,0.199,0.536,0.533,-0.342,0.661,0.274,-0.062,0.355,0.129,-0.025,0.119,-0.394,0.305,-0.33,-0.754,0.053,0.506,0.619,0.017,0.578,-0.087,0.286,-0.191,0.668,0.356,-0.209,-0.651,0.305,0.398,0.27,-0.145,0.534,0.457,0.44,0.372,0.285,0.528,0.129,0.776,0.261,-0.002,0.477
AMD,0.086,0.656,0.774,0.736,0.078,0.001,0.783,0.172,0.0,0.485,0.383,0.317,-0.223,0.451,0.526,0.161,0.501,0.505,-0.006,0.659,0.458,0.517,0.512,0.445,0.481,-0.275,0.038,0.762,0.21,0.167,0.441,0.548,0.425,0.23,0.577,0.394,0.759,0.08,0.248,0.762,-0.598,0.346,0.679,0.595,0.587,0.842,0.416,0.779,0.532,-0.578,0.227,0.443,0.094,-0.043,0.743,0.249,0.784,0.828,0.463,0.574,0.082,0.207,-0.319,0.33,0.262,0.139,0.509,0.269,0.22,-0.046,-0.125,0.822,0.838,0.595,0.312,-0.334,0.168,0.531,0.368,-0.069,0.356,0.591,0.339,0.469,0.273,-0.683,0.552,0.843,0.15,-0.271,0.416,0.392,-0.158,0.27,0.471,0.418,0.764,0.544,0.525,0.43,0.577,-0.19,0.518,0.407,0.796,0.679,0.823,0.858,0.52,0.503,0.651,0.835,-0.464,0.636,0.674,0.554,0.555,0.431,0.555,0.086,0.834,0.878,0.514,0.355,0.396,0.508,-0.313,0.742,0.203,-0.278,-0.033,0.531,0.681,0.764,0.405,0.189,0.612,0.184,0.35,0.379,0.685,0.79,0.714,-0.394,0.378,0.676,0.367,0.093,-0.365,0.118,0.819,0.743,-0.087,0.508,0.765,-0.085,0.5,0.599,0.469,0.506,0.441,-0.018,0.611,0.567,0.195,0.408,0.242,0.704,0.361,0.492,0.717,0.011,-0.124,0.405,0.605,0.471,0.72,0.552,0.213,0.184,0.598,0.468,0.606,0.529,-0.034,0.692,0.654,0.62,0.111,0.199,0.452,0.332,0.27,0.395,0.733,0.79,0.476,0.312,0.435,0.655
AMWD,-0.659,0.362,0.324,0.52,0.549,0.553,0.276,-0.012,0.485,0.0,0.637,0.373,0.169,0.074,0.308,-0.36,0.629,0.597,0.614,0.591,0.69,-0.153,0.857,0.622,0.807,-0.36,0.664,0.533,-0.332,-0.244,0.772,0.249,0.398,0.512,0.543,0.563,0.768,0.625,0.654,0.652,-0.332,0.473,0.659,0.762,0.726,0.462,0.844,0.529,0.774,-0.432,0.508,0.863,0.102,0.378,0.725,0.8,0.359,0.581,0.806,0.798,0.745,0.745,-0.336,0.831,0.844,-0.405,0.366,0.493,0.778,-0.56,-0.096,0.717,0.546,0.854,0.74,-0.517,0.69,0.82,0.534,0.321,0.683,0.603,0.683,0.646,0.116,-0.197,0.71,0.648,0.222,0.06,-0.335,0.756,-0.564,0.736,0.135,0.573,0.276,0.098,0.054,0.763,0.318,0.409,0.338,0.663,0.344,0.505,0.386,0.214,0.711,0.835,0.648,0.685,0.076,0.576,0.566,0.039,0.687,0.559,-0.261,-0.274,0.628,0.242,0.024,0.477,0.723,0.631,0.225,0.561,0.601,-0.479,-0.487,0.545,0.585,0.656,0.874,-0.084,0.644,0.863,0.744,0.78,0.568,0.621,0.662,-0.487,0.802,0.035,0.268,0.81,-0.504,0.347,0.501,0.705,-0.544,0.126,0.575,-0.098,0.684,0.145,0.574,0.698,0.68,-0.63,0.466,0.443,0.653,0.851,0.744,0.624,-0.277,0.195,0.791,-0.119,-0.32,0.898,0.692,0.647,0.811,0.671,0.744,0.755,0.286,0.437,0.793,0.483,-0.038,0.796,0.792,0.809,-0.39,0.547,0.708,0.687,0.771,0.85,0.682,0.46,0.262,0.503,0.277,0.668
ARDX,-0.688,0.658,0.025,0.701,0.48,0.537,-0.045,0.602,0.383,0.637,0.0,0.781,-0.374,-0.229,0.274,-0.746,0.29,0.419,0.617,0.902,0.916,-0.345,0.829,0.927,0.901,-0.886,0.611,0.305,-0.523,-0.733,0.831,-0.135,0.458,0.816,0.802,0.738,0.789,0.861,0.883,0.576,-0.737,0.862,0.779,0.836,0.603,0.518,0.778,0.717,0.764,-0.846,0.423,0.85,-0.51,0.84,0.646,0.485,0.34,0.639,0.856,0.833,0.598,0.678,-0.844,0.865,0.81,-0.606,0.122,0.332,0.841,-0.471,-0.332,0.628,0.451,0.737,0.924,-0.787,0.829,0.862,0.807,0.619,0.934,0.816,0.958,0.775,0.541,-0.455,0.824,0.654,-0.396,0.265,-0.317,0.944,-0.697,0.932,-0.036,0.821,-0.052,0.313,0.392,0.95,-0.226,0.187,0.104,0.83,0.006,0.431,-0.002,0.058,0.539,0.682,0.584,0.55,0.217,0.616,0.705,-0.447,0.796,0.235,-0.229,-0.73,0.563,0.101,-0.315,0.901,0.928,0.965,-0.091,0.246,0.476,-0.865,-0.799,0.845,0.478,0.72,0.84,-0.645,0.721,0.581,0.947,0.785,0.715,0.768,0.727,-0.828,0.898,-0.021,-0.001,0.637,-0.906,0.027,0.625,0.819,-0.829,-0.192,0.753,-0.648,0.864,-0.251,0.381,0.866,0.931,-0.73,0.768,0.443,0.48,0.799,0.656,0.215,-0.177,-0.364,0.789,-0.508,-0.845,0.745,0.893,0.935,0.544,0.942,0.538,0.859,0.008,0.795,0.847,0.05,-0.511,0.683,0.799,0.808,-0.578,0.81,0.811,0.768,0.912,0.871,0.846,0.245,0.744,0.527,0.015,0.761
ARQT,-0.4,0.724,0.085,0.655,0.196,0.36,0.062,0.624,0.317,0.373,0.781,0.0,-0.252,-0.197,0.371,-0.555,0.04,0.214,0.281,0.751,0.76,-0.199,0.59,0.692,0.674,-0.802,0.46,0.27,-0.303,-0.57,0.633,-0.034,0.376,0.579,0.732,0.622,0.574,0.627,0.657,0.53,-0.743,0.74,0.699,0.65,0.5,0.471,0.55,0.65,0.547,-0.783,0.382,0.638,-0.44,0.666,0.546,0.313,0.404,0.62,0.641,0.564,0.338,0.481,-0.792,0.629,0.576,-0.503,0.158,0.319,0.541,-0.201,-0.229,0.518,0.386,0.503,0.678,-0.526,0.532,0.64,0.733,0.478,0.771,0.679,0.747,0.65,0.418,-0.297,0.65,0.537,-0.456,0.391,-0.054,0.692,-0.517,0.666,0.075,0.632,-0.083,0.422,0.571,0.69,-0.246,0.031,0.164,0.656,0.076,0.363,-0.023,0.042,0.504,0.405,0.518,0.37,0.149,0.527,0.677,-0.308,0.817,0.346,-0.103,-0.576,0.445,0.187,-0.264,0.809,0.689,0.784,0.025,0.153,0.206,-0.724,-0.627,0.743,0.409,0.615,0.573,-0.557,0.613,0.398,0.729,0.457,0.554,0.641,0.642,-0.749,0.612,0.097,-0.094,0.39,-0.797,0.044,0.506,0.637,-0.618,-0.236,0.604,-0.573,0.695,-0.181,0.415,0.635,0.745,-0.469,0.74,0.249,0.11,0.542,0.446,0.211,0.057,-0.307,0.563,-0.309,-0.746,0.505,0.797,0.775,0.357,0.708,0.267,0.563,0.214,0.78,0.679,0.029,-0.52,0.514,0.615,0.579,-0.343,0.688,0.613,0.591,0.603,0.629,0.717,0.236,0.805,0.41,0.137,0.632
ASTE,-0.087,-0.329,0.058,-0.269,-0.084,0.167,0.044,-0.602,-0.223,0.169,-0.374,-0.252,0.0,0.153,0.094,0.187,-0.006,-0.149,-0.06,-0.486,-0.223,-0.147,-0.038,-0.375,-0.158,0.458,0.299,0.065,0.111,0.307,-0.122,0.246,-0.045,-0.375,-0.354,-0.206,-0.295,-0.196,-0.203,-0.082,0.449,-0.375,-0.188,-0.141,0.064,-0.3,0.062,-0.393,-0.065,0.498,0.276,-0.048,0.682,-0.347,-0.069,0.407,-0.164,-0.262,-0.06,-0.246,0.318,0.171,0.44,0.045,0.081,-0.096,0.117,0.305,-0.036,-0.122,0.472,-0.102,-0.181,-0.108,-0.169,0.457,-0.215,-0.093,-0.186,-0.255,-0.212,-0.312,-0.265,-0.088,-0.672,0.78,-0.152,-0.27,0.525,0.252,-0.158,-0.271,0.09,-0.17,0.086,-0.293,-0.091,-0.362,-0.4,-0.241,0.381,0.414,0.218,-0.171,0.087,-0.093,-0.002,-0.251,0.1,0.081,0.013,-0.238,0.238,-0.099,-0.203,0.228,-0.149,0.523,-0.32,0.422,-0.252,-0.133,0.093,-0.365,-0.262,-0.425,0.718,0.074,-0.084,0.342,0.169,-0.323,-0.02,-0.194,0.005,0.403,-0.123,0.415,-0.217,-0.166,-0.386,-0.413,-0.18,0.254,-0.201,-0.172,0.209,0.276,0.387,0.414,-0.41,-0.346,0.127,0.002,-0.415,0.698,-0.178,0.166,0.235,-0.256,-0.277,0.033,-0.378,-0.151,-0.057,-0.032,0.175,0.196,-0.212,0.32,-0.191,0.524,0.431,0.147,-0.249,-0.301,0.105,-0.431,0.14,-0.113,0.244,-0.289,-0.148,0.208,0.291,-0.142,-0.231,-0.148,0.151,-0.111,-0.096,-0.007,-0.17,-0.035,-0.332,-0.051,-0.434,0.037,0.311,-0.216
AUPH,0.39,0.173,0.675,0.27,-0.072,0.038,0.628,-0.243,0.451,0.074,-0.229,-0.197,0.153,0.0,0.507,0.524,0.558,-0.042,-0.243,0.024,-0.147,0.517,0.068,-0.086,-0.127,0.334,-0.317,0.342,0.568,0.477,-0.1,0.51,0.384,-0.361,-0.087,-0.036,0.125,-0.451,-0.247,0.324,0.095,-0.315,0.021,0.088,0.257,0.349,-0.064,0.097,0.189,0.119,0.293,-0.093,0.388,-0.53,0.34,-0.11,0.552,0.341,-0.013,-0.105,0.02,0.06,0.359,-0.161,-0.134,0.53,0.582,0.349,-0.17,0.198,0.2,0.397,0.512,0.159,-0.247,0.294,-0.319,0.015,-0.076,-0.542,-0.28,0.066,-0.227,0.124,-0.344,-0.022,0.16,0.298,0.488,-0.056,0.507,-0.21,0.409,-0.255,0.491,-0.185,0.491,0.266,0.215,-0.174,0.6,-0.084,0.539,-0.05,0.71,0.42,0.631,0.6,-0.023,0.16,0.34,0.423,-0.277,0.377,0.229,0.686,0.008,0.459,0.471,0.704,0.321,0.564,0.705,-0.208,-0.198,-0.14,0.202,0.679,-0.095,0.295,0.427,-0.004,0.231,0.313,-0.089,0.622,0.195,0.012,-0.191,-0.159,0.346,0.094,0.284,0.101,-0.13,0.66,0.593,-0.114,0.308,0.45,0.346,0.172,0.321,0.801,0.243,0.272,-0.136,0.652,0.346,0.032,-0.133,0.349,0.097,0.445,-0.036,-0.064,-0.366,0.53,0.329,0.705,0.117,0.624,0.355,0.049,-0.012,-0.117,0.278,-0.1,-0.192,-0.337,0.477,0.01,0.116,0.5,0.304,0.128,0.015,0.154,0.539,-0.125,0.079,0.018,-0.231,-0.139,0.077,0.648,-0.064,0.351,0.552,0.169
AVXL,0.158,0.7,0.727,0.751,-0.134,0.4,0.601,0.295,0.526,0.308,0.274,0.371,0.094,0.507,0.0,0.151,0.264,-0.207,-0.227,0.471,0.372,0.189,0.409,0.265,0.286,-0.293,-0.052,0.57,0.517,-0.068,0.338,0.472,0.793,0.023,0.524,0.334,0.43,-0.033,0.197,0.617,-0.56,0.148,0.586,0.535,0.759,0.68,0.276,0.503,0.525,-0.474,0.636,0.266,-0.009,-0.052,0.723,0.1,0.685,0.578,0.446,0.142,0.279,0.426,-0.218,0.251,0.226,-0.042,0.837,0.557,0.185,0.042,0.354,0.674,0.671,0.434,0.189,-0.032,-0.06,0.45,0.6,-0.377,0.248,0.592,0.183,0.657,-0.306,-0.077,0.641,0.524,0.064,0.348,0.512,0.197,0.013,0.16,0.584,0.364,0.226,0.426,0.625,0.302,0.528,-0.014,0.652,0.422,0.669,0.784,0.461,0.508,0.274,0.388,0.771,0.476,0.007,0.786,0.73,0.417,0.449,0.728,0.475,0.337,0.52,0.571,0.433,0.452,0.276,0.311,0.23,0.701,-0.294,-0.357,-0.044,0.542,0.652,0.661,0.248,0.085,0.684,0.262,0.225,-0.034,0.628,0.378,0.714,-0.502,0.146,0.747,0.549,0.053,-0.307,0.483,0.661,0.557,-0.077,0.615,0.633,-0.044,0.418,0.539,0.768,0.531,0.304,0.033,0.657,0.685,-0.218,0.313,-0.027,0.638,0.469,0.395,0.461,0.434,-0.218,0.299,0.436,0.489,0.413,0.312,-0.193,-0.03,0.593,0.658,0.487,0.34,-0.311,0.333,0.319,0.379,0.47,0.504,0.645,0.566,0.14,0.217,0.522,0.791,0.582,0.623,0.814,0.625
AZTA,0.863,-0.231,0.484,-0.27,-0.521,-0.495,0.572,-0.443,0.161,-0.36,-0.746,-0.555,0.187,0.524,0.151,0.0,-0.011,-0.186,-0.671,-0.485,-0.715,0.66,-0.599,-0.695,-0.699,0.727,-0.611,0.172,0.825,0.86,-0.672,0.432,-0.113,-0.777,-0.451,-0.408,-0.385,-0.847,-0.844,-0.137,0.351,-0.753,-0.368,-0.524,-0.237,-0.03,-0.639,-0.218,-0.414,0.494,-0.318,-0.622,0.544,-0.914,-0.207,-0.427,0.213,-0.101,-0.662,-0.559,-0.589,-0.635,0.664,-0.74,-0.719,0.731,0.34,-0.264,-0.693,0.651,0.207,-0.154,0.075,-0.418,-0.78,0.633,-0.798,-0.626,-0.557,-0.706,-0.781,-0.402,-0.791,-0.536,-0.379,0.081,-0.492,-0.148,0.526,-0.313,0.66,-0.771,0.746,-0.8,0.397,-0.657,0.529,0.215,0.104,-0.741,0.551,-0.428,0.133,-0.614,0.485,0.022,0.515,0.467,-0.27,-0.474,-0.227,-0.057,-0.554,-0.26,-0.281,0.818,-0.485,0.037,0.69,0.812,-0.046,0.445,0.703,-0.669,-0.762,-0.694,-0.014,0.203,-0.431,0.74,0.896,-0.586,-0.104,-0.256,-0.67,0.79,-0.41,-0.514,-0.771,-0.633,-0.276,-0.336,-0.285,0.685,-0.716,0.549,0.249,-0.637,0.731,0.016,-0.1,-0.38,0.936,0.587,-0.301,0.494,-0.598,0.588,-0.063,-0.556,-0.732,0.856,-0.395,-0.158,-0.43,-0.641,-0.579,0.205,0.642,0.723,-0.415,0.559,0.795,-0.566,-0.572,-0.661,-0.205,-0.667,-0.531,-0.803,0.463,-0.442,-0.531,0.212,0.615,-0.327,-0.474,-0.438,0.799,-0.631,-0.472,-0.613,-0.793,-0.703,-0.431,0.295,-0.41,-0.298,0.323,-0.425
BAND,-0.276,0.246,0.501,0.375,0.453,0.416,0.397,-0.092,0.501,0.629,0.29,0.04,-0.006,0.558,0.264,-0.011,0.0,0.494,0.433,0.397,0.343,0.214,0.585,0.417,0.448,-0.016,0.157,0.356,-0.041,0.104,0.461,0.31,0.407,0.211,0.201,0.267,0.578,0.172,0.33,0.49,-0.021,0.134,0.272,0.485,0.477,0.398,0.473,0.303,0.631,-0.142,0.4,0.469,0.212,0.006,0.551,0.343,0.443,0.557,0.487,0.497,0.458,0.502,0.029,0.395,0.45,0.252,0.442,0.492,0.405,-0.344,-0.198,0.616,0.6,0.671,0.326,-0.216,0.393,0.506,0.155,0.026,0.252,0.353,0.322,0.403,0.021,-0.276,0.504,0.535,0.376,-0.154,-0.052,0.424,-0.081,0.343,0.206,0.214,0.512,0.108,-0.005,0.388,0.382,0.276,0.464,0.33,0.545,0.475,0.635,0.441,0.337,0.598,0.497,0.779,-0.122,0.506,0.456,0.355,0.445,0.374,-0.044,0.133,0.608,0.373,0.443,0.112,0.36,0.374,0.093,0.707,0.554,-0.114,-0.052,0.305,0.385,0.552,0.485,0.352,0.444,0.512,0.386,0.501,0.622,0.475,0.527,-0.181,0.536,0.283,0.503,0.446,-0.094,0.541,0.483,0.567,-0.21,0.555,0.517,-0.099,0.259,0.352,0.38,0.454,0.399,-0.33,0.284,0.555,0.611,0.551,0.163,0.626,-0.204,0.518,0.542,0.248,-0.015,0.553,0.382,0.286,0.698,0.42,0.401,0.335,0.203,0.097,0.55,0.613,0.202,0.67,0.552,0.617,-0.082,0.128,0.369,0.375,0.412,0.447,0.44,0.602,-0.004,0.422,0.275,0.475
BECN,-0.39,0.096,0.14,0.185,0.513,0.012,0.243,-0.033,0.505,0.597,0.419,0.214,-0.149,-0.042,-0.207,-0.186,0.494,0.0,0.52,0.411,0.359,0.099,0.464,0.472,0.523,-0.13,0.51,0.404,-0.338,0.109,0.436,0.163,-0.179,0.414,0.28,0.313,0.601,0.416,0.379,0.43,-0.118,0.428,0.341,0.368,0.159,0.311,0.561,0.478,0.372,-0.222,-0.108,0.597,0.233,0.226,0.357,0.52,0.168,0.474,0.376,0.742,0.204,0.157,-0.176,0.469,0.455,-0.026,-0.026,-0.064,0.441,-0.363,-0.497,0.436,0.391,0.532,0.497,-0.426,0.545,0.425,0.037,0.515,0.425,0.303,0.454,0.115,0.582,-0.512,0.285,0.559,0.211,-0.441,-0.293,0.522,-0.402,0.459,0.032,0.301,0.571,0.188,-0.055,0.462,0.096,0.122,-0.108,0.322,0.204,0.158,0.449,0.36,0.596,0.497,0.193,0.602,-0.297,0.093,0.174,0.089,0.445,0.043,-0.146,-0.345,0.545,0.328,0.043,0.162,0.444,0.456,-0.239,0.226,0.778,-0.111,-0.192,0.229,0.216,0.398,0.556,0.068,0.193,0.404,0.496,0.765,0.318,0.613,0.297,-0.08,0.616,-0.093,-0.089,0.449,-0.214,-0.158,0.313,0.441,-0.298,-0.047,0.335,-0.108,0.37,0.038,-0.066,0.291,0.425,-0.319,0.185,0.007,0.706,0.457,0.605,0.294,-0.259,0.152,0.526,-0.386,-0.033,0.515,0.446,0.28,0.618,0.495,0.705,0.599,0.12,0.044,0.481,0.362,0.281,0.669,0.634,0.588,-0.501,0.023,0.196,0.124,0.486,0.551,0.468,0.138,0.042,-0.027,-0.202,0.333
BFC,-0.841,0.058,-0.274,0.084,0.649,0.621,-0.403,0.129,-0.006,0.614,0.617,0.281,-0.06,-0.243,-0.227,-0.671,0.433,0.52,0.0,0.394,0.543,-0.523,0.615,0.602,0.648,-0.442,0.669,-0.117,-0.761,-0.486,0.553,-0.414,0.092,0.549,0.179,0.443,0.44,0.773,0.695,0.153,-0.097,0.489,0.243,0.465,0.167,-0.089,0.613,0.146,0.628,-0.257,0.244,0.687,-0.12,0.646,0.185,0.594,-0.173,0.225,0.561,0.655,0.682,0.558,-0.409,0.717,0.747,-0.423,-0.258,0.173,0.833,-0.63,-0.533,0.219,0.008,0.538,0.699,-0.534,0.843,0.553,0.254,0.646,0.611,0.366,0.729,0.341,0.387,-0.082,0.462,0.296,-0.095,0.165,-0.791,0.727,-0.472,0.806,-0.4,0.363,-0.1,-0.11,-0.182,0.657,-0.329,0.495,-0.114,0.401,-0.31,-0.087,-0.122,-0.28,0.253,0.551,0.126,0.341,0.266,0.148,0.234,-0.497,0.42,0.0,-0.66,-0.636,0.288,-0.345,-0.312,0.364,0.611,0.571,0.102,-0.036,0.803,-0.482,-0.56,0.304,0.07,0.276,0.707,-0.342,0.222,0.663,0.724,0.801,0.267,0.352,0.245,-0.323,0.814,-0.479,0.044,0.806,-0.448,0.2,0.068,0.384,-0.683,-0.325,0.239,-0.357,0.482,-0.503,-0.027,0.503,0.6,-0.785,0.13,0.101,0.807,0.675,0.653,-0.015,-0.638,-0.267,0.449,-0.348,-0.408,0.698,0.461,0.454,0.375,0.589,0.749,0.827,-0.298,0.162,0.496,-0.011,-0.009,0.55,0.553,0.653,-0.765,0.425,0.436,0.425,0.819,0.744,0.347,-0.123,0.033,0.352,-0.338,0.254
BGC,-0.407,0.839,0.365,0.876,0.339,0.403,0.28,0.627,0.659,0.591,0.902,0.751,-0.486,0.024,0.471,-0.485,0.397,0.411,0.394,0.0,0.879,-0.017,0.796,0.862,0.846,-0.834,0.363,0.522,-0.252,-0.532,0.791,0.122,0.591,0.707,0.874,0.71,0.895,0.643,0.752,0.748,-0.855,0.787,0.867,0.889,0.706,0.774,0.694,0.889,0.774,-0.926,0.43,0.767,-0.481,0.618,0.8,0.327,0.6,0.838,0.818,0.808,0.433,0.581,-0.793,0.727,0.666,-0.345,0.332,0.367,0.663,-0.297,-0.273,0.814,0.704,0.779,0.782,-0.722,0.644,0.851,0.815,0.394,0.832,0.872,0.841,0.816,0.518,-0.651,0.855,0.845,-0.354,0.125,0.016,0.85,-0.55,0.775,0.172,0.817,0.222,0.486,0.596,0.879,0.035,-0.005,0.327,0.79,0.343,0.654,0.306,0.412,0.554,0.675,0.724,0.756,-0.031,0.78,0.859,-0.115,0.831,0.313,0.123,-0.499,0.765,0.447,-0.028,0.87,0.855,0.953,-0.247,0.48,0.335,-0.804,-0.621,0.897,0.657,0.856,0.737,-0.455,0.813,0.43,0.837,0.671,0.887,0.904,0.871,-0.832,0.789,0.345,0.151,0.415,-0.863,0.065,0.855,0.946,-0.634,0.125,0.933,-0.636,0.853,0.083,0.504,0.89,0.884,-0.511,0.909,0.626,0.34,0.728,0.471,0.423,0.096,-0.113,0.879,-0.375,-0.755,0.654,0.908,0.922,0.64,0.945,0.372,0.656,0.234,0.843,0.875,0.221,-0.49,0.752,0.846,0.819,-0.321,0.732,0.814,0.738,0.763,0.761,0.952,0.555,0.832,0.543,0.222,0.871
BHF,-0.682,0.711,0.168,0.776,0.449,0.558,0.061,0.513,0.458,0.69,0.916,0.76,-0.223,-0.147,0.372,-0.715,0.343,0.359,0.543,0.879,0.0,-0.275,0.908,0.872,0.946,-0.84,0.577,0.404,-0.479,-0.674,0.906,0.036,0.511,0.805,0.85,0.683,0.84,0.823,0.899,0.679,-0.745,0.862,0.857,0.907,0.73,0.604,0.846,0.71,0.787,-0.84,0.54,0.883,-0.425,0.75,0.745,0.573,0.386,0.671,0.939,0.828,0.64,0.779,-0.79,0.903,0.849,-0.592,0.186,0.488,0.794,-0.554,-0.145,0.726,0.516,0.812,0.908,-0.709,0.771,0.944,0.849,0.507,0.967,0.813,0.917,0.871,0.378,-0.404,0.867,0.707,-0.336,0.267,-0.256,0.935,-0.752,0.89,0.029,0.863,-0.027,0.198,0.355,0.949,-0.044,0.281,0.33,0.862,0.148,0.517,0.091,0.125,0.622,0.778,0.729,0.605,0.24,0.731,0.78,-0.31,0.849,0.393,-0.219,-0.598,0.612,0.183,-0.243,0.891,0.944,0.941,-0.011,0.371,0.426,-0.872,-0.815,0.899,0.599,0.782,0.879,-0.55,0.826,0.657,0.927,0.737,0.734,0.785,0.814,-0.904,0.867,0.046,0.089,0.661,-0.916,0.163,0.656,0.856,-0.842,-0.113,0.793,-0.487,0.898,-0.075,0.53,0.886,0.937,-0.756,0.815,0.548,0.437,0.865,0.668,0.383,-0.216,-0.229,0.854,-0.37,-0.819,0.806,0.922,0.957,0.641,0.93,0.561,0.803,0.09,0.797,0.905,0.185,-0.576,0.749,0.847,0.811,-0.511,0.805,0.828,0.857,0.883,0.904,0.884,0.366,0.744,0.579,0.175,0.854
BHFAL,0.653,0.069,0.536,0.12,-0.394,-0.594,0.699,-0.264,0.517,-0.153,-0.345,-0.199,-0.147,0.517,0.189,0.66,0.214,0.099,-0.523,-0.017,-0.275,0.0,-0.228,-0.237,-0.289,0.353,-0.462,0.401,0.57,0.625,-0.333,0.53,0.042,-0.433,-0.062,-0.078,0.076,-0.565,-0.511,0.192,-0.007,-0.363,0.024,-0.118,-0.002,0.375,-0.292,0.223,-0.2,0.058,-0.152,-0.289,0.219,-0.657,0.152,-0.291,0.525,0.257,-0.297,-0.119,-0.467,-0.415,0.274,-0.407,-0.428,0.692,0.286,-0.114,-0.468,0.558,0.042,0.221,0.429,-0.076,-0.424,0.24,-0.497,-0.228,-0.24,-0.454,-0.39,-0.133,-0.401,-0.18,-0.069,-0.359,-0.215,0.219,0.311,-0.451,0.72,-0.365,0.38,-0.468,0.484,-0.27,0.641,0.349,0.209,-0.327,0.54,-0.605,0.298,-0.259,0.638,0.279,0.631,0.69,0.014,-0.141,0.035,0.267,-0.702,0.084,-0.004,0.685,-0.131,0.101,0.706,0.534,0.216,0.701,0.544,-0.285,-0.359,-0.231,-0.292,0.424,-0.212,0.439,0.538,-0.145,0.131,0.099,-0.313,0.6,-0.049,-0.404,-0.39,-0.266,0.129,0.127,0.096,0.256,-0.334,0.644,0.189,-0.479,0.342,-0.106,0.345,0.075,0.555,0.555,0.139,0.196,-0.233,0.68,0.037,-0.206,-0.297,0.631,0.012,0.177,-0.256,-0.361,-0.435,0.323,0.559,0.548,0.038,0.26,0.441,-0.274,-0.097,-0.258,0.14,-0.188,-0.32,-0.487,0.51,-0.141,-0.12,0.37,0.357,-0.033,-0.076,-0.059,0.499,-0.359,-0.255,-0.334,-0.45,-0.36,0.027,0.451,-0.064,-0.158,0.277,-0.022
BKNG,-0.716,0.586,0.287,0.729,0.563,0.635,0.183,0.267,0.512,0.857,0.829,0.59,-0.038,0.068,0.409,-0.599,0.585,0.464,0.615,0.796,0.908,-0.228,0.0,0.834,0.949,-0.627,0.624,0.49,-0.422,-0.513,0.911,0.195,0.535,0.728,0.746,0.674,0.88,0.748,0.856,0.739,-0.555,0.735,0.785,0.929,0.806,0.614,0.924,0.64,0.864,-0.668,0.647,0.93,-0.192,0.601,0.821,0.717,0.409,0.685,0.967,0.86,0.78,0.872,-0.56,0.934,0.919,-0.504,0.332,0.609,0.831,-0.626,-0.08,0.818,0.606,0.918,0.883,-0.632,0.761,0.973,0.761,0.426,0.873,0.739,0.858,0.872,0.189,-0.32,0.88,0.734,-0.08,0.195,-0.285,0.91,-0.715,0.858,0.099,0.781,0.1,0.11,0.213,0.917,0.157,0.423,0.4,0.839,0.293,0.581,0.253,0.214,0.692,0.921,0.791,0.719,0.219,0.763,0.735,-0.145,0.824,0.545,-0.266,-0.407,0.679,0.232,-0.095,0.741,0.909,0.848,0.169,0.572,0.518,-0.719,-0.723,0.813,0.642,0.8,0.944,-0.34,0.835,0.819,0.908,0.806,0.756,0.752,0.816,-0.793,0.901,0.079,0.248,0.795,-0.751,0.331,0.667,0.864,-0.788,0.069,0.772,-0.288,0.846,0.088,0.603,0.889,0.888,-0.756,0.722,0.636,0.585,0.922,0.693,0.561,-0.305,-0.022,0.896,-0.204,-0.62,0.928,0.872,0.871,0.811,0.875,0.667,0.812,0.191,0.665,0.949,0.415,-0.365,0.824,0.869,0.886,-0.466,0.741,0.833,0.874,0.89,0.938,0.839,0.487,0.547,0.669,0.292,0.867
BL,-0.628,0.59,0.074,0.674,0.492,0.479,0.037,0.498,0.445,0.622,0.927,0.692,-0.375,-0.086,0.265,-0.695,0.417,0.472,0.602,0.862,0.872,-0.237,0.834,0.0,0.872,-0.762,0.531,0.277,-0.479,-0.604,0.81,-0.088,0.435,0.775,0.72,0.705,0.801,0.767,0.846,0.58,-0.648,0.825,0.706,0.81,0.563,0.542,0.771,0.656,0.768,-0.768,0.459,0.808,-0.367,0.724,0.658,0.431,0.386,0.673,0.843,0.822,0.59,0.683,-0.728,0.826,0.779,-0.445,0.13,0.378,0.768,-0.5,-0.347,0.668,0.508,0.757,0.852,-0.709,0.787,0.852,0.686,0.58,0.852,0.766,0.883,0.74,0.5,-0.511,0.809,0.669,-0.225,0.158,-0.264,0.902,-0.633,0.859,0.011,0.731,0.078,0.299,0.297,0.884,-0.169,0.231,0.139,0.761,0.113,0.418,0.134,0.173,0.508,0.732,0.591,0.631,0.193,0.645,0.673,-0.327,0.779,0.274,-0.208,-0.595,0.577,0.181,-0.176,0.782,0.863,0.924,-0.082,0.373,0.554,-0.76,-0.696,0.822,0.431,0.785,0.809,-0.496,0.697,0.548,0.896,0.782,0.76,0.78,0.735,-0.769,0.894,0.004,0.134,0.635,-0.793,0.105,0.637,0.812,-0.818,-0.068,0.754,-0.565,0.76,-0.165,0.331,0.804,0.878,-0.688,0.726,0.525,0.537,0.77,0.559,0.303,-0.271,-0.225,0.769,-0.418,-0.744,0.752,0.845,0.855,0.595,0.909,0.543,0.801,-0.042,0.662,0.865,0.155,-0.44,0.718,0.82,0.829,-0.535,0.667,0.707,0.713,0.849,0.836,0.808,0.302,0.626,0.502,0.024,0.773
BOKF,-0.758,0.614,0.181,0.716,0.585,0.572,0.079,0.407,0.481,0.807,0.901,0.674,-0.158,-0.127,0.286,-0.699,0.448,0.523,0.648,0.846,0.946,-0.289,0.949,0.872,0.0,-0.744,0.654,0.458,-0.536,-0.596,0.948,0.11,0.422,0.828,0.806,0.647,0.887,0.833,0.923,0.718,-0.632,0.839,0.821,0.923,0.724,0.589,0.939,0.695,0.807,-0.753,0.515,0.954,-0.302,0.726,0.753,0.692,0.312,0.668,0.962,0.91,0.705,0.797,-0.696,0.948,0.912,-0.59,0.186,0.488,0.837,-0.647,-0.192,0.758,0.529,0.862,0.945,-0.729,0.853,0.97,0.769,0.575,0.944,0.769,0.919,0.833,0.377,-0.409,0.856,0.736,-0.236,0.146,-0.363,0.971,-0.794,0.915,0.006,0.866,0.075,0.119,0.224,0.97,0.026,0.39,0.259,0.876,0.172,0.512,0.157,0.162,0.707,0.838,0.719,0.674,0.185,0.679,0.726,-0.273,0.857,0.386,-0.307,-0.594,0.665,0.182,-0.224,0.818,0.967,0.923,-0.004,0.398,0.551,-0.802,-0.809,0.853,0.613,0.76,0.959,-0.502,0.796,0.751,0.962,0.869,0.725,0.814,0.772,-0.823,0.931,-0.026,0.07,0.746,-0.852,0.176,0.637,0.866,-0.845,-0.105,0.766,-0.408,0.903,-0.039,0.499,0.884,0.939,-0.806,0.748,0.532,0.597,0.935,0.761,0.43,-0.332,-0.187,0.908,-0.409,-0.722,0.885,0.899,0.915,0.761,0.939,0.711,0.887,0.103,0.69,0.924,0.315,-0.437,0.822,0.91,0.858,-0.573,0.762,0.801,0.848,0.931,0.966,0.885,0.359,0.616,0.536,0.142,0.846
BRKR,0.527,-0.748,0.02,-0.692,-0.233,-0.477,0.154,-0.78,-0.275,-0.36,-0.886,-0.802,0.458,0.334,-0.293,0.727,-0.016,-0.13,-0.442,-0.834,-0.84,0.353,-0.627,-0.762,-0.744,0.0,-0.401,-0.151,0.469,0.818,-0.708,0.262,-0.5,-0.728,-0.76,-0.619,-0.61,-0.744,-0.798,-0.427,0.854,-0.807,-0.703,-0.717,-0.497,-0.43,-0.559,-0.646,-0.608,0.913,-0.363,-0.631,0.684,-0.852,-0.498,-0.267,-0.281,-0.524,-0.711,-0.599,-0.415,-0.557,0.963,-0.679,-0.622,0.606,-0.028,-0.289,-0.659,0.324,0.282,-0.461,-0.301,-0.534,-0.767,0.702,-0.667,-0.711,-0.821,-0.51,-0.846,-0.771,-0.855,-0.73,-0.519,0.398,-0.733,-0.514,0.648,-0.397,0.204,-0.803,0.552,-0.803,0.087,-0.786,0.229,-0.309,-0.517,-0.823,0.333,-0.043,-0.156,-0.695,0.099,-0.35,0.166,0.042,-0.328,-0.444,-0.497,-0.353,-0.264,-0.576,-0.716,0.505,-0.69,-0.112,0.118,0.737,-0.434,-0.033,0.367,-0.911,-0.809,-0.888,0.2,-0.061,-0.217,0.934,0.763,-0.823,-0.459,-0.575,-0.617,0.754,-0.661,-0.344,-0.795,-0.526,-0.602,-0.643,-0.644,0.87,-0.685,-0.023,0.049,-0.38,0.942,-0.013,-0.539,-0.702,0.744,0.273,-0.692,0.731,-0.801,0.316,-0.359,-0.784,-0.839,0.632,-0.768,-0.395,-0.166,-0.646,-0.471,-0.055,0.043,0.506,-0.626,0.452,0.924,-0.497,-0.801,-0.88,-0.302,-0.84,-0.25,-0.652,0.06,-0.83,-0.668,0.164,0.716,-0.491,-0.635,-0.608,0.454,-0.8,-0.731,-0.706,-0.747,-0.678,-0.756,-0.182,-0.846,-0.432,0.012,-0.654
CACC,-0.771,0.065,-0.229,0.163,0.489,0.417,-0.18,-0.026,0.038,0.664,0.611,0.46,0.299,-0.317,-0.052,-0.611,0.157,0.51,0.669,0.363,0.577,-0.462,0.624,0.531,0.654,-0.401,0.0,0.18,-0.596,-0.405,0.527,-0.142,0.085,0.48,0.315,0.54,0.415,0.746,0.586,0.277,-0.168,0.497,0.428,0.515,0.315,0.041,0.711,0.309,0.495,-0.268,0.374,0.733,0.064,0.551,0.328,0.746,-0.038,0.269,0.597,0.647,0.727,0.555,-0.402,0.809,0.779,-0.626,-0.13,0.219,0.774,-0.457,-0.174,0.303,0.081,0.48,0.735,-0.406,0.685,0.593,0.399,0.595,0.668,0.357,0.69,0.388,0.263,0.13,0.42,0.275,0.038,0.285,-0.608,0.652,-0.625,0.747,-0.14,0.417,-0.119,-0.019,-0.112,0.648,-0.132,0.382,-0.094,0.528,-0.18,0.047,-0.145,-0.257,0.565,0.628,0.227,0.201,0.309,0.21,0.199,-0.434,0.472,0.336,-0.591,-0.547,0.176,-0.155,-0.403,0.437,0.6,0.513,0.365,0.007,0.585,-0.388,-0.603,0.345,0.195,0.335,0.764,-0.331,0.306,0.797,0.699,0.728,0.169,0.314,0.317,-0.38,0.714,-0.415,-0.046,0.844,-0.447,-0.008,0.079,0.346,-0.651,-0.425,0.173,-0.135,0.578,-0.344,0.169,0.434,0.549,-0.616,0.217,0.026,0.561,0.588,0.832,0.095,-0.442,-0.25,0.484,-0.363,-0.378,0.762,0.517,0.505,0.462,0.488,0.745,0.833,0.029,0.31,0.546,0.039,-0.033,0.425,0.491,0.612,-0.664,0.526,0.503,0.476,0.745,0.765,0.387,-0.113,0.184,0.278,-0.084,0.329
CAR,0.03,0.546,0.75,0.671,0.094,0.012,0.764,0.036,0.762,0.533,0.305,0.27,0.065,0.342,0.57,0.172,0.356,0.404,-0.117,0.522,0.404,0.401,0.49,0.277,0.458,-0.151,0.18,0.0,0.3,0.181,0.446,0.799,0.313,0.187,0.62,0.289,0.689,0.052,0.199,0.853,-0.457,0.275,0.7,0.582,0.676,0.826,0.498,0.759,0.386,-0.438,0.237,0.496,0.121,-0.086,0.801,0.393,0.648,0.661,0.474,0.505,0.156,0.266,-0.135,0.359,0.31,0.007,0.637,0.298,0.197,-0.065,0.231,0.802,0.822,0.574,0.333,-0.229,0.06,0.533,0.466,-0.104,0.354,0.454,0.24,0.503,0.015,-0.406,0.481,0.748,0.193,-0.181,0.399,0.318,-0.3,0.197,0.572,0.497,0.563,0.344,0.387,0.413,0.682,-0.12,0.47,0.502,0.765,0.782,0.654,0.744,0.725,0.588,0.728,0.656,-0.396,0.58,0.548,0.519,0.536,0.564,0.412,0.18,0.689,0.768,0.316,0.362,0.406,0.375,-0.077,0.669,-0.003,-0.179,-0.122,0.48,0.685,0.626,0.448,0.159,0.609,0.361,0.336,0.338,0.581,0.667,0.654,-0.377,0.29,0.626,0.102,0.13,-0.298,0.059,0.742,0.646,-0.067,0.46,0.656,0.095,0.523,0.721,0.575,0.477,0.385,0.035,0.604,0.448,0.094,0.373,0.342,0.686,0.371,0.392,0.692,0.035,-0.081,0.438,0.512,0.464,0.718,0.43,0.27,0.21,0.743,0.48,0.594,0.643,-0.079,0.516,0.519,0.452,0.154,0.309,0.507,0.423,0.225,0.393,0.668,0.72,0.464,0.262,0.581,0.668
CDNA,0.844,0.066,0.594,0.058,-0.51,-0.302,0.643,-0.108,0.21,-0.332,-0.523,-0.303,0.111,0.568,0.517,0.825,-0.041,-0.338,-0.761,-0.252,-0.479,0.57,-0.422,-0.479,-0.536,0.469,-0.596,0.3,0.0,0.603,-0.468,0.535,0.163,-0.602,-0.127,-0.32,-0.25,-0.722,-0.627,0.078,0.081,-0.517,-0.105,-0.283,0.069,0.243,-0.481,-0.017,-0.28,0.23,-0.045,-0.501,0.349,-0.729,0.057,-0.445,0.356,0.066,-0.422,-0.518,-0.46,-0.399,0.482,-0.587,-0.601,0.56,0.637,-0.018,-0.625,0.592,0.424,0.054,0.261,-0.299,-0.613,0.567,-0.734,-0.402,-0.192,-0.712,-0.566,-0.157,-0.637,-0.191,-0.428,0.075,-0.196,-0.005,0.344,-0.078,0.815,-0.626,0.583,-0.673,0.621,-0.364,0.385,0.303,0.362,-0.547,0.545,-0.354,0.278,-0.317,0.58,0.354,0.452,0.533,-0.162,-0.313,0.085,-0.003,-0.356,0.062,-0.012,0.745,-0.292,0.226,0.772,0.812,0.039,0.524,0.67,-0.307,-0.546,-0.485,0.066,0.334,-0.582,0.478,0.68,-0.239,0.138,0.016,-0.543,0.589,-0.085,-0.43,-0.589,-0.644,-0.011,-0.205,0.008,0.353,-0.625,0.73,0.312,-0.619,0.496,0.084,0.139,-0.173,0.702,0.662,-0.042,0.367,-0.354,0.656,0.206,-0.304,-0.521,0.785,-0.021,0.108,-0.584,-0.505,-0.58,0.349,0.706,0.638,-0.266,0.571,0.495,-0.477,-0.35,-0.352,-0.133,-0.473,-0.644,-0.737,0.483,-0.068,-0.311,0.216,0.26,-0.261,-0.347,-0.344,0.874,-0.297,-0.178,-0.278,-0.681,-0.585,-0.211,0.443,-0.028,-0.06,0.615,-0.108
CG,0.654,-0.381,0.393,-0.381,-0.333,-0.51,0.504,-0.61,0.167,-0.244,-0.733,-0.57,0.307,0.477,-0.068,0.86,0.104,0.109,-0.486,-0.532,-0.674,0.625,-0.513,-0.604,-0.596,0.818,-0.405,0.181,0.603,0.0,-0.59,0.442,-0.325,-0.697,-0.554,-0.444,-0.31,-0.784,-0.741,-0.104,0.507,-0.688,-0.432,-0.519,-0.353,-0.096,-0.441,-0.253,-0.398,0.607,-0.368,-0.477,0.748,-0.889,-0.212,-0.243,0.09,-0.107,-0.595,-0.393,-0.515,-0.586,0.734,-0.611,-0.576,0.759,0.138,-0.267,-0.592,0.401,0.07,-0.139,0.063,-0.315,-0.664,0.613,-0.657,-0.556,-0.702,-0.497,-0.716,-0.51,-0.718,-0.597,-0.285,0.064,-0.511,-0.109,0.675,-0.477,0.466,-0.674,0.619,-0.706,0.338,-0.66,0.634,0.121,-0.185,-0.681,0.527,-0.29,0.035,-0.623,0.455,-0.108,0.57,0.442,-0.105,-0.337,-0.272,0.014,-0.565,-0.353,-0.391,0.794,-0.424,0.052,0.441,0.747,-0.04,0.426,0.619,-0.774,-0.699,-0.658,-0.006,0.171,-0.166,0.823,0.849,-0.619,-0.233,-0.258,-0.523,0.884,-0.481,-0.349,-0.678,-0.407,-0.318,-0.268,-0.34,0.732,-0.56,0.339,0.143,-0.439,0.797,-0.012,-0.203,-0.412,0.778,0.479,-0.355,0.579,-0.629,0.531,-0.211,-0.611,-0.679,0.725,-0.506,-0.254,-0.145,-0.554,-0.421,0.178,0.313,0.725,-0.367,0.497,0.892,-0.407,-0.556,-0.715,-0.065,-0.626,-0.234,-0.634,0.377,-0.624,-0.448,0.311,0.723,-0.202,-0.379,-0.334,0.537,-0.762,-0.551,-0.664,-0.693,-0.568,-0.434,0.157,-0.584,-0.384,0.112,-0.431
CGBD,-0.723,0.643,0.234,0.743,0.561,0.623,0.085,0.455,0.441,0.772,0.831,0.633,-0.122,-0.1,0.338,-0.672,0.461,0.436,0.553,0.791,0.906,-0.333,0.911,0.81,0.948,-0.708,0.527,0.446,-0.468,-0.59,0.0,0.161,0.437,0.823,0.806,0.504,0.837,0.753,0.931,0.708,-0.607,0.815,0.769,0.881,0.769,0.594,0.914,0.636,0.759,-0.72,0.515,0.878,-0.296,0.713,0.75,0.626,0.289,0.607,0.954,0.815,0.654,0.831,-0.637,0.874,0.852,-0.57,0.283,0.588,0.737,-0.711,-0.088,0.733,0.52,0.845,0.876,-0.661,0.803,0.945,0.772,0.479,0.899,0.751,0.838,0.854,0.287,-0.367,0.874,0.679,-0.24,0.126,-0.323,0.925,-0.754,0.826,0.027,0.882,0.03,0.045,0.2,0.915,0.058,0.465,0.333,0.863,0.205,0.571,0.16,0.149,0.682,0.795,0.787,0.652,0.275,0.706,0.757,-0.204,0.857,0.402,-0.305,-0.515,0.652,0.167,-0.183,0.783,0.942,0.876,-0.016,0.423,0.467,-0.813,-0.781,0.872,0.645,0.724,0.883,-0.478,0.836,0.729,0.894,0.761,0.731,0.765,0.771,-0.825,0.847,0.003,0.066,0.661,-0.825,0.296,0.606,0.828,-0.818,-0.041,0.763,-0.382,0.842,0.016,0.573,0.87,0.916,-0.823,0.763,0.552,0.504,0.946,0.686,0.482,-0.35,-0.145,0.84,-0.287,-0.723,0.802,0.854,0.882,0.729,0.885,0.617,0.8,0.048,0.676,0.891,0.346,-0.556,0.817,0.875,0.743,-0.465,0.704,0.776,0.882,0.852,0.89,0.854,0.395,0.618,0.518,0.201,0.879
