,ACET,ADAP,ADI,ADPT,ADTN,AGEN,ALGN,ALLK,AMD,AMWD,ARDX,ARQT,ASTE,AUPH,AVXL,AZTA,BAND,BECN,BFC,BGC,BHF,BHFAL,BKNG,BL,BOKF,BRKR,CACC,CAR,CDNA,CG,CGBD,CHI,CHTR,CHX,CLNE,CME,CNOB,CNXN,CPRX,CSGP,CSGS,CSIQ,CVCO,CVLT,CYRX,DDOG,DOOO,DSGX,DTIL,ECPG,EEFT,EFSC,ENTG,ESPR,ETSY,EXC,FAMI,FFIV,FITB,FIZZ,FMBH,FOX,FTNT,FULT,GABC,GEN,GH,GMAB,GNPX,GO,GOGL,GOOG,GPRO,GSHD,GSM,GWAV,HAIN,HBAN,HEPA,HURN,HWKN,IBIO,ICFI,IGMS,IMKTA,INCY,INO,IRDM,IRTC,IRWD,ITCI,JACK,JD,JJSF,KALA,KHC,KLAC,KRRO,KRYS,LANC,LBTYA,LIVN,LKCO,LNTH,LOGI,LPRO,LRCX,LSCC,LSTR,MAR,MARA,MCHP,MEOH,META,MGTX,MKSI,MMYT,MORN,MRUS,MTLS,MTSI,MVIS,MXL,NBIX,NFE,NMIH,NMRK,NNDM,NSIT,NTCT,NVAX,OCUL,ODP,OLED,ONB,OTEX,PACB,PATK,PAYX,PEP,PERI,PI,PLYA,PRDO,PRGS,PTGX,QCOM,QCRH,QDEL,QFIN,RGEN,RILY,RPAY,RPD,SABR,SEDG,SHEN,SIRI,SLNO,SNDL,SNEX,SONO,SPT,SSNC,STGW,STKL,STRL,STX,SWTX,SYNA,TFSL,TIGR,TNXP,TOWN,TRI,TRIP,TRMB,TRNS,TRS,TSCO,TSEM,TVTX,TXRH,VC,VCEL,VECO,VIAV,VICR,VIR,VRTX,VSTM,VTRS,WDFC,WSBC,WSC,WYNN,XENE,XNCR,XRAY,ZS
ACET,0.0,0.712,-0.206,0.7,-0.44,0.833,0.624,0.885,0.116,-0.269,0.913,0.167,-0.488,-0.275,0.008,0.276,0.673,0.689,0.314,0.893,0.838,0.453,0.118,-0.252,0.569,0.279,0.777,0.918,0.781,0.464,0.833,0.631,-0.549,0.324,0.507,0.912,0.748,0.894,0.689,0.603,0.088,0.022,0.83,0.17,0.469,0.851,0.801,0.096,0.842,0.578,0.257,-0.023,0.824,0.254,0.797,-0.433,0.707,0.856,0.37,-0.361,-0.279,0.689,-0.136,0.235,-0.439,0.149,0.645,0.605,0.431,-0.688,-0.56,0.76,0.822,0.849,-0.23,0.569,0.632,0.188,0.856,-0.675,0.533,0.649,0.458,0.374,0.7,0.439,0.896,-0.103,-0.27,0.87,-0.678,0.692,0.624,0.278,0.493,0.602,-0.071,0.472,0.521,0.748,-0.12,0.445,0.802,0.051,0.767,0.753,0.04,0.109,0.631,0.75,0.943,0.09,0.681,0.879,0.851,0.365,-0.281,0.337,0.714,0.727,0.264,0.526,0.85,-0.156,0.216,0.701,0.911,0.243,0.82,-0.805,0.648,0.783,0.854,0.863,0.139,0.185,0.741,0.744,0.776,0.455,0.678,0.713,0.538,0.176,0.343,0.89,0.799,0.102,0.234,0.101,0.262,-0.028,0.348,0.661,0.873,0.237,-0.444,-0.157,0.079,0.777,0.025,0.684,0.672,0.37,-0.665,-0.442,-0.052,0.246,0.491,0.919,0.272,0.151,0.74,-0.108,-0.087,0.159,-0.014,0.776,0.439,0.811,0.737,0.294,0.732,0.225,0.548,0.857,0.476,0.303,-0.404,0.034,0.438,-0.69,0.234,0.152,0.229,0.749,0.183,0.808,0.697,0.905
ADAP,0.712,0.0,0.017,0.704,-0.184,0.615,0.707,0.663,0.152,-0.062,0.842,0.54,-0.286,0.096,0.378,0.075,0.74,0.49,0.026,0.767,0.774,0.145,0.112,0.137,0.193,0.373,0.523,0.612,0.767,0.272,0.56,0.714,-0.405,0.31,0.573,0.647,0.421,0.572,0.73,0.557,0.128,0.356,0.639,0.239,0.372,0.576,0.33,0.338,0.798,0.182,0.343,0.029,0.659,0.575,0.47,-0.257,0.609,0.397,0.292,-0.601,-0.298,0.585,0.023,0.252,-0.261,0.205,0.686,0.838,0.649,-0.576,-0.16,0.369,0.724,0.774,-0.33,0.383,0.425,0.296,0.827,-0.613,0.214,0.661,0.159,0.736,0.191,0.46,0.835,0.195,-0.291,0.701,-0.529,0.378,0.698,0.043,0.402,0.156,0.031,0.224,0.646,0.409,0.009,0.482,0.63,0.084,0.662,0.857,-0.008,0.223,0.142,0.381,0.794,0.069,0.795,0.681,0.643,0.351,-0.018,0.352,0.583,0.765,0.386,0.611,0.615,-0.066,0.117,0.583,0.66,0.543,0.628,-0.533,0.771,0.792,0.644,0.717,0.154,0.445,0.795,0.302,0.545,-0.097,0.705,0.661,0.099,0.39,0.303,0.523,0.509,0.076,0.438,0.261,0.383,0.175,0.708,0.725,0.834,0.5,-0.18,-0.078,0.43,0.799,0.046,0.466,0.632,0.462,-0.478,-0.334,0.132,0.281,0.507,0.687,0.352,0.424,0.372,-0.007,0.082,0.217,0.107,0.467,0.11,0.349,0.4,0.5,0.312,0.312,0.578,0.688,0.403,0.365,-0.097,0.282,0.735,-0.395,-0.189,0.141,0.118,0.62,0.202,0.581,0.579,0.722
ADI,-0.206,0.017,0.0,0.376,0.738,-0.04,0.437,-0.315,0.846,0.849,-0.164,0.605,0.892,0.752,0.79,0.593,0.256,0.04,0.303,0.025,0.166,0.436,0.68,0.849,0.08,0.792,0.203,-0.418,0.179,0.627,-0.078,0.324,0.716,0.76,0.597,-0.178,-0.112,-0.413,0.449,0.483,0.789,0.785,-0.245,0.818,0.618,-0.288,0.036,0.681,-0.158,-0.196,0.753,0.615,0.285,0.468,-0.197,0.78,-0.527,-0.24,0.615,0.551,0.667,0.387,0.813,0.581,0.816,0.315,0.39,0.326,0.393,0.61,0.817,-0.139,0.063,0.078,0.564,-0.638,-0.058,0.759,0.044,0.69,-0.079,-0.271,0.287,0.419,-0.546,0.354,-0.256,0.868,0.552,-0.393,0.53,-0.735,0.472,0.159,-0.632,-0.727,0.949,-0.538,0.575,-0.579,0.889,0.565,-0.578,0.817,0.306,0.284,0.882,0.878,-0.327,0.045,-0.234,0.83,0.382,-0.09,-0.456,0.776,0.9,0.645,0.08,0.012,0.796,0.606,-0.172,0.857,0.714,0.405,-0.252,0.744,0.016,0.569,0.217,-0.039,-0.546,0.169,0.819,0.775,0.259,-0.533,0.279,-0.227,0.326,0.413,-0.085,0.619,0.628,-0.15,0.231,0.591,0.556,0.861,0.808,0.922,0.383,0.202,-0.012,0.742,0.782,0.856,0.442,-0.029,0.567,0.206,0.29,0.633,0.742,0.79,0.887,0.774,-0.582,-0.087,0.656,0.813,-0.576,0.733,0.894,0.601,0.871,-0.655,0.449,-0.299,0.142,0.45,-0.106,0.781,0.26,-0.028,0.569,0.709,0.876,0.828,0.46,0.796,0.05,0.586,0.714,0.362,0.092,-0.574,0.26,-0.022
ADPT,0.7,0.704,0.376,0.0,-0.086,0.661,0.926,0.63,0.551,0.188,0.716,0.564,0.08,0.402,0.673,0.596,0.778,0.573,0.093,0.789,0.741,0.451,0.362,0.319,0.302,0.713,0.742,0.492,0.878,0.702,0.529,0.63,-0.182,0.683,0.828,0.603,0.363,0.485,0.887,0.738,0.449,0.406,0.62,0.562,0.789,0.574,0.615,0.663,0.654,0.125,0.668,0.126,0.832,0.772,0.582,-0.029,0.458,0.5,0.485,-0.073,-0.052,0.806,0.446,0.365,-0.002,0.223,0.84,0.845,0.833,-0.208,0.056,0.489,0.818,0.762,0.136,0.25,0.525,0.527,0.719,-0.193,0.359,0.458,0.276,0.661,0.154,0.633,0.64,0.422,0.146,0.529,-0.12,0.167,0.788,0.356,0.19,0.102,0.436,0.152,0.906,0.344,0.404,0.768,0.35,0.548,0.818,0.89,0.505,0.627,0.229,0.487,0.689,0.385,0.843,0.73,0.439,0.704,0.253,0.627,0.538,0.806,0.692,0.81,0.602,0.324,0.567,0.736,0.601,0.674,0.705,-0.295,0.722,0.78,0.432,0.804,0.52,0.583,0.935,0.287,0.72,0.188,0.802,0.913,0.211,0.442,0.542,0.579,0.64,0.221,0.786,0.564,0.641,0.461,0.504,0.771,0.691,0.601,0.019,0.274,0.587,0.813,0.18,0.755,0.717,0.588,-0.137,0.178,0.456,0.609,0.328,0.631,0.577,0.629,0.206,0.132,0.409,0.605,0.549,0.283,0.546,0.461,0.498,0.704,0.376,0.565,0.828,0.757,0.688,0.569,0.188,0.551,0.645,-0.132,-0.005,0.261,0.6,0.87,0.472,0.352,0.722,0.727
ADTN,-0.44,-0.184,0.738,-0.086,0.0,-0.393,0.045,-0.628,0.537,0.787,-0.439,0.354,0.796,0.472,0.427,0.199,-0.08,-0.201,0.302,-0.27,-0.043,0.264,0.579,0.745,0.078,0.41,-0.165,-0.585,-0.229,0.305,-0.174,0.187,0.815,0.497,0.224,-0.337,-0.226,-0.615,0.058,0.219,0.564,0.649,-0.529,0.586,0.202,-0.537,-0.218,0.27,-0.441,-0.119,0.433,0.662,-0.042,0.031,-0.497,0.826,-0.699,-0.428,0.474,0.509,0.77,0.023,0.512,0.523,0.821,0.422,0.03,-0.055,0.033,0.624,0.749,-0.445,-0.34,-0.161,0.379,-0.774,-0.3,0.592,-0.163,0.661,-0.348,-0.422,0.229,0.166,-0.547,0.066,-0.473,0.69,0.47,-0.587,0.374,-0.774,0.116,0.045,-0.748,-0.762,0.703,-0.681,0.124,-0.711,0.727,0.227,-0.676,0.555,-0.114,-0.027,0.601,0.503,-0.347,-0.123,-0.492,0.645,0.073,-0.444,-0.615,0.439,0.79,0.419,-0.168,-0.378,0.455,0.304,-0.434,0.62,0.501,0.14,-0.467,0.418,-0.311,0.71,-0.104,-0.442,-0.674,-0.092,0.551,0.52,-0.139,-0.656,-0.004,-0.275,-0.073,0.012,-0.082,0.53,0.401,-0.383,-0.036,0.538,0.182,0.525,0.543,0.739,0.283,-0.116,-0.2,0.508,0.795,0.727,0.123,-0.368,0.481,-0.211,-0.011,0.451,0.82,0.61,0.654,0.506,-0.73,-0.299,0.325,0.457,-0.628,0.733,0.694,0.182,0.592,-0.759,0.265,-0.486,-0.0,-0.028,-0.094,0.466,-0.188,-0.338,0.173,0.547,0.763,0.598,0.216,0.81,0.114,0.564,0.427,-0.042,-0.308,-0.621,0.037,-0.29
AGEN,0.833,0.615,-0.04,0.661,-0.393,0.0,0.631,0.887,0.204,-0.138,0.846,0.228,-0.383,-0.067,0.125,0.414,0.658,0.585,0.412,0.822,0.719,0.441,0.182,-0.167,0.535,0.44,0.754,0.809,0.791,0.544,0.651,0.537,-0.425,0.367,0.541,0.82,0.767,0.789,0.721,0.645,0.223,0.096,0.826,0.303,0.598,0.849,0.758,0.281,0.792,0.443,0.381,0.056,0.813,0.314,0.851,-0.324,0.575,0.813,0.425,-0.272,-0.202,0.724,0.038,0.286,-0.297,0.151,0.65,0.601,0.341,-0.515,-0.46,0.847,0.828,0.771,-0.041,0.483,0.726,0.23,0.768,-0.498,0.504,0.693,0.468,0.374,0.63,0.552,0.794,0.043,-0.093,0.768,-0.429,0.56,0.723,0.391,0.388,0.457,0.082,0.465,0.617,0.673,-0.075,0.529,0.72,0.107,0.869,0.689,0.167,0.3,0.561,0.75,0.852,0.262,0.595,0.89,0.846,0.494,-0.123,0.436,0.857,0.771,0.389,0.502,0.856,0.095,0.209,0.69,0.808,0.278,0.749,-0.718,0.683,0.741,0.714,0.829,0.263,0.339,0.728,0.664,0.787,0.332,0.786,0.724,0.539,0.146,0.518,0.875,0.836,0.265,0.171,0.282,0.387,0.07,0.346,0.715,0.775,0.328,-0.404,0.008,0.094,0.653,0.012,0.797,0.758,0.45,-0.551,-0.314,0.041,0.269,0.383,0.871,0.424,0.325,0.706,0.004,0.087,0.294,0.15,0.686,0.413,0.754,0.684,0.416,0.629,0.375,0.664,0.743,0.518,0.376,-0.217,0.064,0.499,-0.502,0.273,0.198,0.362,0.785,0.309,0.69,0.571,0.865
ALGN,0.624,0.707,0.437,0.926,0.045,0.631,0.0,0.547,0.537,0.315,0.698,0.622,0.115,0.382,0.714,0.602,0.804,0.464,0.176,0.807,0.778,0.503,0.423,0.433,0.362,0.739,0.731,0.475,0.876,0.724,0.494,0.693,-0.13,0.717,0.875,0.629,0.442,0.412,0.892,0.823,0.588,0.509,0.56,0.663,0.749,0.531,0.578,0.732,0.622,0.122,0.742,0.306,0.806,0.726,0.562,0.118,0.397,0.45,0.617,-0.109,0.06,0.844,0.502,0.514,0.134,0.39,0.889,0.863,0.753,-0.116,0.101,0.431,0.827,0.791,0.102,0.118,0.629,0.644,0.724,-0.15,0.294,0.497,0.34,0.673,0.134,0.73,0.62,0.54,0.109,0.505,-0.145,0.072,0.827,0.425,0.046,-0.02,0.479,0.038,0.894,0.321,0.483,0.859,0.331,0.558,0.833,0.872,0.534,0.668,0.23,0.517,0.669,0.465,0.869,0.697,0.43,0.759,0.392,0.726,0.551,0.778,0.701,0.854,0.617,0.43,0.555,0.809,0.589,0.687,0.605,-0.253,0.684,0.701,0.366,0.8,0.606,0.697,0.947,0.196,0.798,0.131,0.792,0.917,0.152,0.528,0.662,0.531,0.664,0.37,0.721,0.633,0.725,0.551,0.616,0.869,0.716,0.702,0.144,0.363,0.532,0.739,0.184,0.724,0.717,0.725,-0.07,0.152,0.522,0.635,0.24,0.623,0.704,0.649,0.17,0.28,0.51,0.567,0.651,0.235,0.579,0.394,0.531,0.661,0.385,0.587,0.854,0.744,0.659,0.677,0.219,0.632,0.744,-0.044,0.002,0.395,0.64,0.834,0.334,0.276,0.783,0.747
ALLK,0.885,0.663,-0.315,0.63,-0.628,0.887,0.547,0.0,0.003,-0.394,0.898,0.04,-0.59,-0.254,-0.023,0.211,0.535,0.69,0.144,0.766,0.646,0.162,-0.107,-0.421,0.348,0.181,0.708,0.868,0.724,0.298,0.682,0.381,-0.697,0.095,0.345,0.767,0.63,0.92,0.565,0.405,-0.108,-0.195,0.933,0.004,0.424,0.865,0.681,0.134,0.877,0.348,0.085,-0.301,0.71,0.345,0.882,-0.651,0.818,0.807,0.104,-0.46,-0.493,0.554,-0.244,-0.027,-0.622,-0.079,0.48,0.526,0.349,-0.747,-0.638,0.843,0.787,0.721,-0.21,0.753,0.668,-0.065,0.702,-0.706,0.607,0.68,0.188,0.307,0.681,0.322,0.861,-0.283,-0.31,0.898,-0.537,0.795,0.51,0.203,0.703,0.694,-0.215,0.666,0.457,0.813,-0.353,0.351,0.863,-0.141,0.711,0.676,-0.114,0.05,0.532,0.574,0.902,-0.106,0.536,0.916,0.881,0.24,-0.448,0.11,0.678,0.818,0.173,0.303,0.876,-0.261,-0.047,0.53,0.87,0.159,0.81,-0.849,0.636,0.852,0.891,0.754,-0.019,0.052,0.666,0.829,0.612,0.364,0.685,0.622,0.488,-0.08,0.188,0.812,0.669,-0.107,0.166,0.008,0.077,-0.205,0.175,0.599,0.733,0.033,-0.66,-0.345,0.106,0.793,-0.191,0.691,0.565,0.137,-0.767,-0.469,-0.221,0.094,0.664,0.837,0.119,0.121,0.763,-0.344,-0.218,0.163,-0.099,0.834,0.264,0.816,0.488,0.408,0.544,0.157,0.635,0.812,0.348,0.064,-0.477,-0.18,0.314,-0.733,0.121,-0.142,0.082,0.684,0.437,0.858,0.474,0.784
AMD,0.116,0.152,0.846,0.551,0.537,0.204,0.537,0.003,0.0,0.708,0.086,0.41,0.714,0.586,0.673,0.763,0.326,0.437,0.361,0.231,0.341,0.533,0.657,0.587,0.16,0.835,0.554,-0.122,0.363,0.761,0.261,0.396,0.468,0.797,0.684,0.044,0.069,-0.05,0.584,0.52,0.633,0.606,0.089,0.75,0.792,0.028,0.368,0.66,0.108,-0.093,0.742,0.388,0.586,0.514,0.133,0.495,-0.249,0.087,0.586,0.548,0.428,0.57,0.646,0.423,0.518,0.127,0.461,0.359,0.448,0.35,0.606,0.234,0.287,0.281,0.667,-0.335,0.095,0.634,0.242,0.499,0.289,-0.194,0.312,0.365,-0.276,0.279,-0.037,0.669,0.487,-0.123,0.392,-0.416,0.591,0.122,-0.347,-0.431,0.903,-0.246,0.656,-0.332,0.762,0.668,-0.318,0.818,0.52,0.47,0.91,0.911,-0.164,0.288,0.042,0.757,0.568,0.231,-0.225,0.835,0.695,0.588,0.256,0.195,0.895,0.632,0.168,0.716,0.765,0.598,0.095,0.783,0.391,0.286,0.419,0.245,-0.209,0.455,0.768,0.67,0.391,-0.162,0.462,-0.056,0.575,0.653,0.297,0.534,0.607,0.113,0.479,0.413,0.591,0.846,0.801,0.845,0.25,0.305,0.172,0.659,0.449,0.672,0.383,0.258,0.515,0.457,0.455,0.555,0.497,0.697,0.796,0.886,-0.424,0.211,0.584,0.864,-0.35,0.491,0.755,0.767,0.79,-0.401,0.628,0.083,0.332,0.622,0.186,0.88,0.41,0.298,0.727,0.682,0.697,0.667,0.37,0.518,0.053,0.421,0.737,0.654,0.305,-0.298,0.413,0.206
AMWD,-0.269,-0.062,0.849,0.188,0.787,-0.138,0.315,-0.394,0.708,0.0,-0.208,0.421,0.827,0.585,0.629,0.467,0.177,0.02,0.348,-0.026,0.142,0.436,0.677,0.752,0.177,0.603,0.143,-0.409,0.066,0.571,-0.044,0.261,0.752,0.624,0.475,-0.177,-0.063,-0.407,0.304,0.427,0.718,0.675,-0.269,0.751,0.474,-0.362,0.033,0.494,-0.25,-0.115,0.637,0.66,0.19,0.261,-0.203,0.758,-0.483,-0.248,0.607,0.554,0.707,0.293,0.648,0.603,0.815,0.312,0.253,0.148,0.141,0.568,0.72,-0.199,-0.027,0.068,0.56,-0.678,-0.054,0.706,-0.033,0.686,-0.088,-0.278,0.275,0.228,-0.454,0.284,-0.296,0.766,0.457,-0.387,0.436,-0.695,0.337,0.128,-0.666,-0.743,0.834,-0.555,0.395,-0.565,0.84,0.445,-0.581,0.699,0.182,0.182,0.794,0.731,-0.21,0.081,-0.279,0.767,0.257,-0.145,-0.482,0.646,0.869,0.565,-0.041,-0.068,0.672,0.467,-0.179,0.771,0.636,0.331,-0.239,0.597,-0.035,0.58,0.075,-0.176,-0.509,0.116,0.783,0.62,0.112,-0.464,0.23,-0.182,0.193,0.329,-0.012,0.622,0.549,-0.164,0.17,0.591,0.394,0.725,0.717,0.879,0.333,0.12,-0.023,0.646,0.759,0.784,0.183,-0.106,0.54,0.111,0.196,0.564,0.745,0.725,0.808,0.74,-0.63,-0.108,0.569,0.674,-0.567,0.766,0.766,0.519,0.726,-0.639,0.474,-0.258,0.147,0.28,0.014,0.637,0.134,-0.094,0.441,0.677,0.784,0.695,0.372,0.766,0.191,0.602,0.587,0.258,-0.07,-0.559,0.198,-0.071
ARDX,0.913,0.842,-0.164,0.716,-0.439,0.846,0.698,0.898,0.086,-0.208,0.0,0.298,-0.502,-0.167,0.136,0.211,0.747,0.627,0.19,0.897,0.841,0.321,0.071,-0.162,0.445,0.32,0.738,0.882,0.833,0.383,0.744,0.658,-0.58,0.263,0.558,0.862,0.708,0.849,0.724,0.615,0.102,0.111,0.857,0.202,0.452,0.821,0.665,0.226,0.903,0.405,0.294,-0.036,0.787,0.403,0.782,-0.436,0.778,0.744,0.341,-0.524,-0.352,0.684,-0.106,0.232,-0.427,0.163,0.695,0.737,0.491,-0.716,-0.518,0.695,0.878,0.904,-0.307,0.559,0.679,0.208,0.871,-0.718,0.501,0.756,0.315,0.519,0.572,0.505,0.963,-0.027,-0.36,0.878,-0.653,0.643,0.674,0.209,0.502,0.462,-0.076,0.445,0.582,0.717,-0.137,0.492,0.837,-0.01,0.794,0.822,-0.01,0.164,0.479,0.646,0.975,0.058,0.734,0.889,0.864,0.364,-0.219,0.321,0.729,0.844,0.301,0.552,0.866,-0.119,0.105,0.675,0.888,0.349,0.799,-0.795,0.759,0.855,0.849,0.851,0.161,0.287,0.82,0.665,0.74,0.227,0.755,0.737,0.381,0.223,0.351,0.818,0.729,0.069,0.294,0.162,0.299,0.007,0.505,0.769,0.916,0.329,-0.413,-0.2,0.181,0.817,-0.055,0.669,0.697,0.403,-0.682,-0.47,-0.026,0.254,0.572,0.897,0.353,0.249,0.69,-0.113,-0.071,0.2,0.036,0.751,0.317,0.688,0.628,0.434,0.594,0.257,0.65,0.845,0.449,0.322,-0.351,0.081,0.611,-0.654,0.071,0.111,0.175,0.736,0.226,0.774,0.66,0.903
ARQT,0.167,0.54,0.605,0.564,0.354,0.228,0.622,0.04,0.41,0.421,0.298,0.0,0.382,0.579,0.748,0.211,0.612,0.019,0.1,0.375,0.494,0.286,0.418,0.775,0.071,0.644,0.161,-0.027,0.484,0.373,0.042,0.656,0.254,0.627,0.659,0.183,0.101,-0.128,0.639,0.629,0.645,0.854,0.01,0.631,0.453,0.014,-0.015,0.598,0.239,-0.046,0.658,0.529,0.368,0.625,-0.069,0.46,-0.121,-0.121,0.559,-0.112,0.332,0.503,0.61,0.615,0.513,0.453,0.678,0.781,0.721,0.166,0.452,-0.151,0.378,0.417,-0.092,-0.31,0.113,0.728,0.474,0.05,-0.237,0.247,0.24,0.88,-0.394,0.565,0.29,0.754,0.202,0.057,-0.011,-0.397,0.661,0.141,-0.286,-0.512,0.537,-0.388,0.687,-0.238,0.574,0.55,-0.079,0.533,0.469,0.582,0.429,0.564,-0.248,0.075,0.226,0.515,0.61,0.133,0.025,0.582,0.609,0.636,0.358,0.353,0.568,0.788,0.05,0.529,0.424,0.437,0.006,0.729,0.113,0.122,0.491,0.296,-0.149,0.359,0.575,0.819,0.593,-0.412,0.379,-0.378,0.464,0.461,-0.342,0.685,0.533,0.091,0.267,0.486,0.584,0.644,0.691,0.625,0.826,0.541,0.442,0.809,0.564,0.522,0.7,0.291,0.36,0.221,0.47,0.744,0.266,0.249,0.655,0.469,-0.069,0.169,0.667,0.645,-0.194,0.551,0.658,0.275,0.593,-0.201,0.15,-0.267,0.214,0.416,-0.101,0.537,0.378,0.213,0.397,0.664,0.525,0.801,0.821,0.32,-0.128,0.554,0.453,0.375,-0.034,-0.132,0.463,0.33
ASTE,-0.488,-0.286,0.892,0.08,0.796,-0.383,0.115,-0.59,0.714,0.827,-0.502,0.382,0.0,0.673,0.622,0.428,-0.072,-0.128,0.167,-0.32,-0.157,0.242,0.538,0.765,-0.119,0.526,-0.076,-0.69,-0.161,0.403,-0.305,0.023,0.818,0.557,0.299,-0.482,-0.392,-0.64,0.109,0.178,0.612,0.605,-0.504,0.617,0.386,-0.569,-0.186,0.489,-0.467,-0.325,0.506,0.488,-0.035,0.278,-0.445,0.8,-0.713,-0.475,0.369,0.686,0.705,0.067,0.701,0.376,0.835,0.157,0.053,-0.011,0.183,0.769,0.898,-0.385,-0.279,-0.261,0.62,-0.729,-0.315,0.551,-0.301,0.865,-0.198,-0.567,0.098,0.157,-0.677,0.052,-0.58,0.719,0.581,-0.641,0.678,-0.848,0.125,0.03,-0.696,-0.761,0.832,-0.603,0.267,-0.755,0.819,0.294,-0.824,0.712,-0.056,-0.03,0.76,0.677,-0.443,-0.223,-0.564,0.648,0.077,-0.402,-0.752,0.518,0.83,0.387,-0.255,-0.303,0.571,0.317,-0.462,0.734,0.584,0.101,-0.535,0.538,-0.248,0.783,-0.103,-0.328,-0.77,-0.156,0.636,0.516,-0.09,-0.666,-0.05,-0.232,0.002,0.097,-0.185,0.436,0.37,-0.435,-0.087,0.421,0.411,0.661,0.566,0.8,0.109,-0.142,-0.351,0.483,0.802,0.78,0.327,-0.262,0.508,-0.064,-0.043,0.356,0.894,0.89,0.799,0.609,-0.693,-0.41,0.38,0.606,-0.777,0.632,0.771,0.443,0.719,-0.837,0.323,-0.471,-0.129,0.243,-0.298,0.563,-0.018,-0.3,0.321,0.471,0.874,0.674,0.127,0.919,0.04,0.418,0.541,0.05,0.02,-0.766,-0.01,-0.37
AUPH,-0.275,0.096,0.752,0.402,0.472,-0.067,0.382,-0.254,0.586,0.585,-0.167,0.579,0.673,0.0,0.835,0.409,0.15,-0.129,-0.127,-0.078,-0.036,0.044,0.355,0.728,-0.216,0.592,0.021,-0.464,0.174,0.371,-0.291,0.094,0.471,0.511,0.429,-0.3,-0.391,-0.458,0.37,0.23,0.483,0.564,-0.233,0.562,0.415,-0.304,-0.194,0.713,-0.103,-0.491,0.571,0.261,0.099,0.632,-0.255,0.517,-0.344,-0.353,0.236,0.323,0.323,0.174,0.746,0.257,0.547,0.176,0.301,0.38,0.541,0.54,0.79,-0.276,0.036,-0.061,0.523,-0.416,-0.101,0.496,-0.037,0.547,-0.242,-0.12,-0.136,0.473,-0.613,0.358,-0.236,0.723,0.607,-0.411,0.684,-0.609,0.331,0.123,-0.342,-0.635,0.662,-0.329,0.577,-0.477,0.667,0.451,-0.49,0.656,0.161,0.223,0.604,0.679,-0.467,-0.227,-0.244,0.475,0.262,-0.105,-0.389,0.47,0.683,0.449,-0.054,0.152,0.58,0.408,-0.233,0.66,0.483,0.114,-0.355,0.552,-0.073,0.62,0.191,0.063,-0.471,0.02,0.504,0.583,0.279,-0.553,0.006,-0.345,0.248,0.289,-0.333,0.428,0.39,-0.276,-0.09,0.251,0.656,0.627,0.55,0.636,0.311,0.192,-0.122,0.547,0.529,0.59,0.654,0.085,0.216,0.101,0.153,0.37,0.643,0.701,0.627,0.509,-0.212,-0.253,0.435,0.659,-0.596,0.367,0.661,0.584,0.678,-0.578,0.119,-0.4,-0.201,0.554,-0.349,0.493,0.358,-0.166,0.337,0.39,0.79,0.682,0.344,0.663,-0.263,0.215,0.533,0.234,0.403,-0.464,0.034,-0.142
AVXL,0.008,0.378,0.79,0.673,0.427,0.125,0.714,-0.023,0.673,0.629,0.136,0.748,0.622,0.835,0.0,0.538,0.476,0.091,-0.077,0.26,0.296,0.234,0.47,0.808,-0.085,0.758,0.267,-0.2,0.478,0.545,-0.055,0.408,0.332,0.699,0.712,-0.011,-0.162,-0.238,0.647,0.512,0.646,0.702,0.011,0.691,0.626,-0.073,0.04,0.839,0.135,-0.35,0.754,0.354,0.379,0.824,-0.033,0.491,-0.116,-0.181,0.445,0.162,0.293,0.509,0.787,0.426,0.535,0.279,0.61,0.663,0.719,0.391,0.693,-0.113,0.35,0.272,0.344,-0.315,0.121,0.672,0.249,0.37,-0.104,0.078,0.021,0.665,-0.508,0.522,0.055,0.809,0.416,-0.099,0.422,-0.517,0.584,0.196,-0.291,-0.564,0.725,-0.359,0.798,-0.312,0.749,0.691,-0.295,0.76,0.434,0.53,0.682,0.796,-0.328,-0.017,0.056,0.538,0.6,0.153,-0.187,0.683,0.737,0.645,0.118,0.389,0.735,0.696,0.017,0.679,0.58,0.425,-0.054,0.779,0.152,0.378,0.399,0.315,-0.251,0.306,0.661,0.76,0.598,-0.425,0.313,-0.276,0.485,0.583,-0.291,0.588,0.503,-0.076,0.166,0.364,0.839,0.77,0.738,0.762,0.518,0.501,0.181,0.738,0.559,0.618,0.741,0.372,0.296,0.338,0.366,0.609,0.49,0.634,0.771,0.65,-0.094,0.007,0.635,0.808,-0.457,0.432,0.742,0.653,0.814,-0.406,0.313,-0.213,0.052,0.687,-0.177,0.629,0.609,0.212,0.485,0.601,0.699,0.847,0.61,0.542,-0.263,0.357,0.637,0.475,0.347,-0.308,0.394,0.169
AZTA,0.276,0.075,0.593,0.596,0.199,0.414,0.602,0.211,0.763,0.467,0.211,0.211,0.428,0.409,0.538,0.0,0.379,0.341,0.353,0.419,0.301,0.643,0.562,0.36,0.292,0.761,0.663,0.16,0.552,0.835,0.224,0.268,0.173,0.759,0.713,0.298,0.266,0.127,0.652,0.561,0.617,0.32,0.246,0.667,0.792,0.335,0.644,0.646,0.14,0.005,0.761,0.288,0.63,0.412,0.432,0.304,-0.014,0.343,0.553,0.468,0.306,0.703,0.658,0.354,0.342,0.092,0.588,0.351,0.338,0.35,0.3,0.45,0.525,0.333,0.67,-0.11,0.447,0.504,0.275,0.401,0.366,0.044,0.371,0.133,0.077,0.516,0.065,0.517,0.424,0.064,0.37,-0.2,0.554,0.507,-0.264,-0.122,0.678,-0.082,0.688,0.075,0.624,0.787,-0.117,0.786,0.652,0.384,0.814,0.817,0.201,0.496,0.205,0.616,0.51,0.407,0.084,0.773,0.513,0.64,0.341,0.32,0.72,0.554,0.375,0.705,0.693,0.67,0.253,0.468,0.393,0.046,0.404,0.287,-0.019,0.52,0.707,0.511,0.511,0.09,0.621,0.248,0.592,0.714,0.36,0.315,0.67,0.32,0.558,0.441,0.493,0.706,0.694,0.611,0.033,0.498,0.181,0.493,0.21,0.519,0.223,0.287,0.249,0.738,0.498,0.531,0.295,0.559,0.626,0.648,-0.204,0.296,0.636,0.602,-0.038,0.299,0.579,0.761,0.731,-0.106,0.727,0.374,0.485,0.55,0.355,0.689,0.659,0.44,0.633,0.575,0.396,0.541,0.253,0.29,0.148,0.336,0.857,0.691,0.401,-0.145,0.594,0.397
BAND,0.673,0.74,0.256,0.778,-0.08,0.658,0.804,0.535,0.326,0.177,0.747,0.612,-0.072,0.15,0.476,0.379,0.0,0.391,0.234,0.874,0.831,0.566,0.529,0.334,0.472,0.605,0.577,0.592,0.867,0.59,0.485,0.806,-0.113,0.611,0.828,0.743,0.611,0.483,0.823,0.835,0.501,0.542,0.534,0.509,0.605,0.643,0.541,0.424,0.566,0.429,0.672,0.389,0.764,0.488,0.489,0.052,0.403,0.443,0.64,-0.271,0.03,0.852,0.38,0.568,0.083,0.403,0.892,0.853,0.602,-0.29,-0.091,0.4,0.824,0.84,-0.157,0.12,0.473,0.609,0.816,-0.348,0.146,0.636,0.534,0.601,0.215,0.713,0.736,0.47,-0.016,0.606,-0.43,0.142,0.829,0.317,0.006,-0.011,0.331,-0.023,0.77,0.326,0.333,0.604,0.443,0.346,0.809,0.814,0.342,0.466,0.334,0.663,0.75,0.425,0.775,0.646,0.546,0.625,0.291,0.713,0.636,0.705,0.576,0.815,0.54,0.307,0.514,0.749,0.646,0.562,0.595,-0.425,0.713,0.607,0.46,0.762,0.512,0.624,0.868,0.219,0.751,0.055,0.727,0.782,0.154,0.593,0.584,0.66,0.686,0.439,0.51,0.502,0.656,0.426,0.744,0.786,0.839,0.733,0.126,0.28,0.3,0.593,0.399,0.669,0.837,0.738,-0.259,-0.104,0.445,0.44,0.193,0.706,0.724,0.513,0.383,0.324,0.313,0.461,0.368,0.363,0.378,0.381,0.667,0.412,0.463,0.473,0.605,0.721,0.628,0.704,0.079,0.507,0.826,-0.209,0.091,0.509,0.429,0.734,0.021,0.356,0.775,0.847
BECN,0.689,0.49,0.04,0.573,-0.201,0.585,0.464,0.69,0.437,0.02,0.627,0.019,-0.128,-0.129,0.091,0.341,0.391,0.0,0.271,0.556,0.609,0.262,0.178,-0.232,0.299,0.372,0.758,0.54,0.489,0.439,0.767,0.365,-0.276,0.278,0.37,0.464,0.408,0.735,0.503,0.34,-0.055,-0.018,0.763,0.136,0.605,0.56,0.624,0.134,0.674,0.292,0.149,-0.199,0.744,0.358,0.644,-0.393,0.517,0.601,0.199,-0.026,-0.261,0.533,-0.161,0.03,-0.364,-0.222,0.296,0.314,0.284,-0.56,-0.261,0.748,0.525,0.593,0.17,0.466,0.274,0.09,0.543,-0.345,0.716,0.216,0.201,0.258,0.362,0.016,0.567,-0.136,-0.091,0.646,-0.322,0.486,0.465,-0.124,0.519,0.387,0.168,0.432,0.418,0.338,-0.058,0.326,0.477,0.106,0.587,0.679,0.225,0.291,0.244,0.476,0.613,0.137,0.583,0.741,0.433,0.422,-0.192,0.085,0.468,0.605,0.488,0.344,0.659,-0.113,0.236,0.567,0.726,0.456,0.902,-0.511,0.633,0.7,0.629,0.724,0.234,0.114,0.465,0.643,0.505,0.234,0.671,0.641,0.612,0.128,0.157,0.577,0.639,-0.092,0.29,0.219,0.257,0.158,0.084,0.3,0.558,0.131,-0.356,-0.119,0.078,0.693,0.238,0.562,0.482,0.122,-0.397,-0.059,0.096,0.483,0.247,0.699,0.085,0.414,0.357,-0.111,-0.015,0.41,0.079,0.419,0.427,0.68,0.434,0.496,0.521,0.473,0.419,0.77,0.595,0.216,-0.12,-0.063,0.204,-0.385,0.145,-0.022,0.144,0.713,0.439,0.539,0.446,0.524
BFC,0.314,0.026,0.303,0.093,0.302,0.412,0.176,0.144,0.361,0.348,0.19,0.1,0.167,-0.127,-0.077,0.353,0.234,0.271,0.0,0.323,0.457,0.685,0.516,0.112,0.702,0.361,0.466,0.283,0.214,0.566,0.48,0.431,0.274,0.477,0.33,0.429,0.675,0.271,0.318,0.558,0.535,0.357,0.139,0.533,0.375,0.206,0.542,0.027,0.157,0.613,0.391,0.613,0.44,-0.255,0.298,0.334,-0.2,0.457,0.713,0.298,0.564,0.415,0.157,0.639,0.328,0.322,0.275,0.055,-0.176,0.004,-0.051,0.438,0.228,0.32,0.241,-0.226,0.315,0.481,0.332,0.109,0.267,0.019,0.812,0.004,0.376,0.276,0.143,0.255,0.145,0.108,-0.236,0.001,0.432,0.288,-0.31,-0.016,0.397,-0.066,0.205,0.085,0.315,0.3,0.094,0.258,0.457,0.2,0.422,0.328,0.419,0.653,0.203,0.661,0.24,0.267,0.223,0.514,0.277,0.463,0.534,-0.026,0.357,0.373,0.317,0.397,0.418,0.564,0.28,0.215,0.279,-0.191,0.187,0.017,0.065,0.419,0.535,0.387,0.108,0.211,0.594,0.3,0.31,0.315,0.568,0.392,0.666,0.498,0.7,0.686,-0.217,0.41,0.484,0.393,0.225,0.184,0.358,0.377,0.175,0.463,-0.34,-0.052,0.475,0.327,0.412,0.541,0.045,0.001,0.292,0.416,-0.442,0.477,0.477,0.258,0.286,0.599,0.366,0.12,0.251,0.072,0.572,0.369,0.688,-0.066,0.582,0.482,0.022,0.182,0.479,0.544,0.141,0.206,0.261,0.06,0.654,0.655,0.451,0.397,-0.295,0.1,0.342,0.392
BGC,0.893,0.767,0.025,0.789,-0.27,0.822,0.807,0.766,0.231,-0.026,0.897,0.375,-0.32,-0.078,0.26,0.419,0.874,0.556,0.323,0.0,0.9,0.571,0.342,0.044,0.619,0.483,0.778,0.846,0.903,0.614,0.721,0.748,-0.385,0.519,0.726,0.934,0.777,0.744,0.818,0.797,0.35,0.273,0.759,0.397,0.569,0.824,0.77,0.319,0.749,0.535,0.524,0.233,0.869,0.362,0.746,-0.19,0.627,0.743,0.583,-0.337,-0.113,0.851,0.157,0.465,-0.182,0.328,0.841,0.761,0.519,-0.48,-0.368,0.657,0.911,0.917,-0.17,0.364,0.69,0.451,0.898,-0.527,0.387,0.724,0.536,0.482,0.554,0.698,0.869,0.205,-0.147,0.793,-0.573,0.462,0.784,0.43,0.245,0.338,0.138,0.254,0.696,0.637,0.131,0.634,0.69,0.234,0.874,0.836,0.227,0.329,0.59,0.803,0.92,0.287,0.779,0.85,0.784,0.561,0.023,0.608,0.706,0.788,0.45,0.717,0.802,0.103,0.39,0.822,0.867,0.387,0.745,-0.665,0.708,0.726,0.725,0.904,0.382,0.435,0.886,0.547,0.878,0.336,0.766,0.838,0.404,0.387,0.553,0.835,0.823,0.33,0.371,0.325,0.499,0.221,0.562,0.835,0.918,0.517,-0.167,0.081,0.173,0.735,0.149,0.773,0.813,0.626,-0.481,-0.3,0.208,0.367,0.39,0.89,0.559,0.332,0.619,0.132,0.131,0.328,0.233,0.638,0.489,0.684,0.783,0.354,0.689,0.363,0.677,0.867,0.598,0.549,-0.2,0.291,0.667,-0.479,0.195,0.381,0.413,0.811,0.115,0.625,0.835,0.964
BHF,0.838,0.774,0.166,0.741,-0.043,0.719,0.778,0.646,0.341,0.142,0.841,0.494,-0.157,-0.036,0.296,0.301,0.831,0.609,0.457,0.9,0.0,0.602,0.406,0.16,0.649,0.51,0.758,0.728,0.777,0.618,0.812,0.87,-0.204,0.576,0.712,0.845,0.755,0.673,0.803,0.826,0.429,0.451,0.661,0.509,0.573,0.62,0.676,0.298,0.758,0.584,0.523,0.39,0.855,0.362,0.586,-0.01,0.462,0.672,0.701,-0.249,0.054,0.802,0.124,0.622,-0.036,0.448,0.783,0.753,0.529,-0.477,-0.242,0.545,0.784,0.923,-0.168,0.2,0.561,0.595,0.904,-0.469,0.373,0.581,0.612,0.601,0.427,0.583,0.823,0.291,-0.151,0.699,-0.624,0.347,0.801,0.244,0.152,0.188,0.266,0.14,0.662,0.441,0.244,0.594,0.591,0.256,0.806,0.869,0.298,0.351,0.465,0.742,0.837,0.413,0.831,0.758,0.631,0.61,0.144,0.609,0.711,0.674,0.51,0.78,0.715,0.148,0.441,0.852,0.795,0.541,0.738,-0.542,0.701,0.687,0.611,0.88,0.475,0.542,0.811,0.433,0.858,0.258,0.726,0.795,0.41,0.563,0.585,0.777,0.835,0.417,0.384,0.399,0.581,0.362,0.696,0.734,0.953,0.611,-0.002,0.209,0.192,0.689,0.337,0.579,0.767,0.698,-0.371,-0.254,0.3,0.535,0.211,0.875,0.579,0.431,0.469,0.329,0.263,0.272,0.278,0.495,0.532,0.553,0.784,0.359,0.663,0.46,0.513,0.799,0.66,0.65,-0.065,0.383,0.732,-0.362,0.247,0.528,0.402,0.788,-0.007,0.551,0.81,0.887
BHFAL,0.453,0.145,0.436,0.451,0.264,0.441,0.503,0.162,0.533,0.436,0.321,0.286,0.242,0.044,0.234,0.643,0.566,0.262,0.685,0.571,0.602,0.0,0.71,0.334,0.739,0.608,0.573,0.362,0.491,0.785,0.49,0.625,0.306,0.748,0.677,0.581,0.634,0.232,0.599,0.79,0.727,0.504,0.164,0.667,0.613,0.364,0.715,0.229,0.149,0.598,0.696,0.688,0.636,-0.024,0.353,0.457,-0.099,0.486,0.857,0.371,0.494,0.706,0.447,0.722,0.44,0.444,0.63,0.333,0.164,0.118,0.046,0.363,0.469,0.565,0.251,-0.276,0.389,0.694,0.505,0.154,0.206,0.129,0.867,0.125,0.305,0.551,0.279,0.517,0.259,0.183,-0.175,-0.121,0.61,0.509,-0.46,-0.098,0.577,-0.21,0.488,0.104,0.603,0.56,0.025,0.602,0.629,0.395,0.671,0.537,0.482,0.777,0.358,0.763,0.49,0.338,0.219,0.686,0.498,0.765,0.529,0.174,0.557,0.684,0.346,0.591,0.766,0.722,0.399,0.369,0.347,-0.131,0.342,0.105,0.079,0.586,0.681,0.528,0.463,0.123,0.778,0.366,0.41,0.61,0.448,0.547,0.748,0.587,0.75,0.712,0.204,0.566,0.727,0.588,0.361,0.468,0.491,0.617,0.35,0.6,-0.112,0.141,0.519,0.572,0.634,0.74,0.141,0.203,0.542,0.59,-0.409,0.522,0.691,0.389,0.203,0.618,0.514,0.368,0.486,0.062,0.765,0.393,0.854,0.08,0.681,0.517,0.28,0.424,0.605,0.787,0.261,0.513,0.449,0.098,0.555,0.763,0.685,0.585,-0.25,0.005,0.685,0.609
BKNG,0.118,0.112,0.68,0.362,0.579,0.182,0.423,-0.107,0.657,0.677,0.071,0.418,0.538,0.355,0.47,0.562,0.529,0.178,0.516,0.342,0.406,0.71,0.0,0.605,0.481,0.713,0.318,-0.021,0.32,0.719,0.19,0.509,0.601,0.774,0.636,0.239,0.298,-0.087,0.519,0.635,0.693,0.666,-0.011,0.697,0.596,0.106,0.353,0.346,-0.059,0.401,0.723,0.702,0.491,0.157,-0.011,0.593,-0.322,0.084,0.772,0.416,0.601,0.598,0.685,0.682,0.627,0.421,0.492,0.322,0.199,0.326,0.435,0.099,0.239,0.32,0.403,-0.456,-0.018,0.75,0.307,0.367,-0.091,-0.011,0.648,0.242,-0.106,0.473,0.02,0.709,0.428,-0.073,0.097,-0.43,0.55,0.278,-0.561,-0.468,0.762,-0.422,0.526,-0.298,0.727,0.491,-0.27,0.682,0.462,0.344,0.753,0.68,0.114,0.52,0.07,0.815,0.407,0.13,-0.101,0.742,0.71,0.766,0.265,0.087,0.71,0.632,-0.019,0.685,0.853,0.604,0.112,0.5,0.246,0.228,0.296,-0.036,-0.178,0.412,0.764,0.664,0.343,-0.211,0.505,0.018,0.383,0.492,0.242,0.633,0.67,0.258,0.507,0.712,0.307,0.699,0.784,0.783,0.418,0.243,0.29,0.739,0.596,0.741,0.052,0.004,0.786,0.409,0.554,0.725,0.442,0.456,0.748,0.65,-0.532,0.263,0.664,0.607,-0.141,0.726,0.629,0.604,0.598,-0.292,0.507,0.071,0.525,0.167,0.378,0.663,0.193,0.213,0.623,0.813,0.569,0.633,0.492,0.444,0.316,0.74,0.647,0.477,-0.162,-0.253,0.514,0.314
BL,-0.252,0.137,0.849,0.319,0.745,-0.167,0.433,-0.421,0.587,0.752,-0.162,0.775,0.765,0.728,0.808,0.36,0.334,-0.232,0.112,0.044,0.16,0.334,0.605,0.0,-0.016,0.638,-0.041,-0.444,0.2,0.425,-0.246,0.438,0.652,0.707,0.596,-0.145,-0.175,-0.552,0.419,0.495,0.776,0.896,-0.39,0.717,0.391,-0.322,-0.169,0.634,-0.245,-0.225,0.745,0.68,0.137,0.451,-0.369,0.808,-0.516,-0.444,0.578,0.268,0.639,0.339,0.821,0.612,0.854,0.438,0.477,0.45,0.472,0.618,0.82,-0.433,0.047,0.072,0.241,-0.715,-0.107,0.776,0.122,0.525,-0.437,-0.106,0.198,0.539,-0.664,0.424,-0.196,0.93,0.48,-0.406,0.379,-0.815,0.458,0.21,-0.704,-0.848,0.768,-0.748,0.54,-0.606,0.858,0.528,-0.56,0.756,0.199,0.279,0.666,0.706,-0.41,-0.076,-0.224,0.664,0.38,-0.242,-0.427,0.601,0.908,0.68,-0.002,-0.038,0.631,0.651,-0.293,0.786,0.609,0.303,-0.351,0.672,-0.209,0.574,0.183,-0.143,-0.579,0.081,0.685,0.827,0.289,-0.741,0.184,-0.443,0.22,0.31,-0.369,0.695,0.56,-0.272,0.043,0.591,0.535,0.772,0.755,0.845,0.608,0.306,0.049,0.814,0.858,0.781,0.54,-0.058,0.457,0.071,0.276,0.712,0.73,0.645,0.848,0.538,-0.475,-0.203,0.654,0.675,-0.557,0.717,0.848,0.397,0.775,-0.659,0.232,-0.517,0.058,0.271,-0.219,0.6,0.193,-0.094,0.296,0.718,0.826,0.911,0.595,0.765,-0.113,0.62,0.584,0.2,-0.157,-0.603,0.304,-0.01
BOKF,0.569,0.193,0.08,0.302,0.078,0.535,0.362,0.348,0.16,0.177,0.445,0.071,-0.119,-0.216,-0.085,0.292,0.472,0.299,0.702,0.619,0.649,0.739,0.481,-0.016,0.0,0.293,0.523,0.576,0.371,0.598,0.625,0.526,0.08,0.418,0.368,0.717,0.817,0.455,0.412,0.661,0.457,0.201,0.357,0.438,0.36,0.444,0.702,-0.078,0.317,0.822,0.361,0.594,0.571,-0.243,0.468,0.153,0.151,0.686,0.736,0.119,0.36,0.517,0.075,0.706,0.152,0.535,0.425,0.197,-0.001,-0.191,-0.342,0.473,0.41,0.631,-0.014,-0.052,0.474,0.535,0.512,-0.163,0.238,0.365,0.842,0.079,0.636,0.534,0.44,0.185,0.055,0.404,-0.481,0.257,0.434,0.504,-0.172,0.236,0.229,0.11,0.237,0.405,0.222,0.29,0.355,0.162,0.526,0.356,0.32,0.17,0.78,0.821,0.502,0.539,0.307,0.452,0.455,0.477,0.143,0.565,0.48,0.297,0.25,0.464,0.46,0.181,0.471,0.62,0.558,0.047,0.402,-0.338,0.234,0.136,0.361,0.591,0.464,0.246,0.383,0.433,0.735,0.602,0.295,0.445,0.555,0.325,0.582,0.723,0.754,0.613,-0.043,0.18,0.39,0.239,0.31,0.365,0.598,0.337,0.069,0.343,-0.303,0.14,0.343,0.442,0.533,0.551,-0.159,-0.214,0.151,0.356,-0.149,0.674,0.428,0.046,0.502,0.506,0.185,0.029,0.161,0.402,0.613,0.561,0.843,-0.184,0.821,0.224,0.169,0.401,0.48,0.551,-0.101,0.159,0.356,-0.229,0.749,0.68,0.416,0.465,-0.32,0.385,0.552,0.643
BRKR,0.279,0.373,0.792,0.713,0.41,0.44,0.739,0.181,0.835,0.603,0.32,0.644,0.526,0.592,0.758,0.761,0.605,0.372,0.361,0.483,0.51,0.608,0.713,0.638,0.293,0.0,0.561,0.073,0.59,0.815,0.253,0.562,0.378,0.853,0.824,0.278,0.263,0.046,0.773,0.734,0.735,0.708,0.239,0.792,0.876,0.253,0.433,0.732,0.257,0.054,0.839,0.507,0.698,0.585,0.274,0.447,-0.117,0.204,0.704,0.327,0.352,0.738,0.721,0.59,0.507,0.352,0.706,0.613,0.559,0.238,0.456,0.312,0.499,0.512,0.43,-0.231,0.271,0.741,0.471,0.299,0.16,0.135,0.448,0.565,-0.159,0.575,0.22,0.777,0.424,0.09,0.208,-0.342,0.772,0.327,-0.33,-0.388,0.854,-0.223,0.823,-0.157,0.708,0.768,-0.13,0.789,0.711,0.635,0.835,0.923,-0.039,0.427,0.268,0.798,0.673,0.391,0.054,0.902,0.701,0.787,0.51,0.446,0.926,0.817,0.285,0.738,0.763,0.694,0.24,0.782,0.447,0.112,0.63,0.345,-0.067,0.612,0.797,0.831,0.667,-0.139,0.642,-0.059,0.705,0.766,0.207,0.561,0.762,0.315,0.6,0.581,0.626,0.86,0.924,0.826,0.502,0.56,0.392,0.821,0.448,0.695,0.449,0.343,0.482,0.638,0.692,0.753,0.327,0.527,0.769,0.788,-0.298,0.379,0.751,0.863,-0.132,0.581,0.798,0.708,0.843,-0.197,0.585,0.148,0.461,0.613,0.257,0.841,0.598,0.429,0.779,0.822,0.654,0.727,0.639,0.402,0.108,0.581,0.765,0.728,0.251,-0.148,0.589,0.457
CACC,0.777,0.523,0.203,0.742,-0.165,0.754,0.731,0.708,0.554,0.143,0.738,0.161,-0.076,0.021,0.267,0.663,0.577,0.758,0.466,0.778,0.758,0.573,0.318,-0.041,0.523,0.561,0.0,0.694,0.757,0.741,0.8,0.533,-0.303,0.558,0.676,0.714,0.665,0.728,0.746,0.648,0.348,0.153,0.737,0.498,0.696,0.659,0.864,0.43,0.732,0.329,0.526,0.099,0.879,0.403,0.781,-0.139,0.516,0.784,0.535,0.039,-0.039,0.78,0.173,0.33,-0.162,0.112,0.654,0.542,0.416,-0.334,-0.208,0.804,0.814,0.75,0.291,0.347,0.687,0.386,0.668,-0.227,0.757,0.352,0.435,0.309,0.513,0.491,0.615,0.143,-0.044,0.603,-0.242,0.411,0.687,0.289,0.258,0.327,0.322,0.379,0.658,0.528,0.233,0.71,0.518,0.368,0.853,0.716,0.462,0.515,0.466,0.739,0.736,0.377,0.752,0.845,0.568,0.643,0.066,0.46,0.619,0.663,0.568,0.588,0.835,0.23,0.451,0.838,0.789,0.47,0.846,-0.506,0.622,0.752,0.602,0.852,0.502,0.363,0.713,0.625,0.844,0.421,0.794,0.867,0.626,0.306,0.56,0.729,0.846,0.219,0.403,0.452,0.509,0.318,0.223,0.663,0.687,0.381,-0.214,0.121,0.133,0.714,0.147,0.765,0.639,0.459,-0.306,-0.021,0.268,0.634,0.237,0.808,0.51,0.471,0.403,0.075,0.214,0.557,0.372,0.444,0.708,0.756,0.706,0.599,0.664,0.56,0.7,0.793,0.745,0.455,-0.082,0.25,0.394,-0.321,0.19,0.226,0.551,0.888,0.401,0.476,0.699,0.765
CAR,0.918,0.612,-0.418,0.492,-0.585,0.809,0.475,0.868,-0.122,-0.409,0.882,-0.027,-0.69,-0.464,-0.2,0.16,0.592,0.54,0.283,0.846,0.728,0.362,-0.021,-0.444,0.576,0.073,0.694,0.0,0.694,0.302,0.772,0.495,-0.692,0.101,0.346,0.923,0.825,0.92,0.527,0.467,-0.044,-0.172,0.823,0.018,0.25,0.862,0.755,-0.054,0.802,0.596,0.114,-0.079,0.681,0.057,0.817,-0.533,0.791,0.877,0.267,-0.484,-0.382,0.584,-0.286,0.157,-0.559,0.148,0.529,0.469,0.206,-0.736,-0.749,0.762,0.792,0.779,-0.326,0.656,0.707,0.039,0.754,-0.755,0.537,0.72,0.408,0.187,0.836,0.437,0.88,-0.262,-0.415,0.897,-0.741,0.808,0.466,0.267,0.533,0.702,-0.288,0.573,0.328,0.876,-0.31,0.313,0.915,-0.181,0.678,0.559,-0.154,-0.09,0.737,0.763,0.935,-0.065,0.516,0.841,0.938,0.175,-0.422,0.209,0.662,0.674,0.029,0.314,0.871,-0.274,-0.001,0.593,0.923,-0.012,0.707,-0.889,0.498,0.704,0.924,0.741,-0.002,-0.012,0.618,0.823,0.705,0.499,0.544,0.554,0.511,0.046,0.233,0.87,0.716,0.054,0.021,-0.109,0.067,-0.248,0.232,0.623,0.809,0.066,-0.569,-0.328,-0.134,0.638,-0.129,0.595,0.555,0.244,-0.797,-0.651,-0.25,0.039,0.566,0.886,0.205,-0.075,0.837,-0.216,-0.299,0.029,-0.196,0.897,0.317,0.828,0.707,0.151,0.733,-0.0,0.481,0.776,0.329,0.135,-0.625,-0.165,0.324,-0.825,0.216,0.064,0.074,0.579,0.101,0.861,0.594,0.873
CDNA,0.781,0.767,0.179,0.878,-0.229,0.791,0.876,0.724,0.363,0.066,0.833,0.484,-0.161,0.174,0.478,0.552,0.867,0.489,0.214,0.903,0.777,0.491,0.32,0.2,0.371,0.59,0.757,0.694,0.0,0.633,0.549,0.688,-0.359,0.6,0.85,0.792,0.597,0.621,0.897,0.787,0.43,0.351,0.677,0.491,0.659,0.762,0.684,0.566,0.702,0.23,0.666,0.147,0.835,0.601,0.719,-0.14,0.575,0.584,0.511,-0.298,-0.106,0.873,0.334,0.37,-0.104,0.227,0.921,0.866,0.66,-0.325,-0.152,0.589,0.964,0.82,-0.014,0.323,0.717,0.441,0.826,-0.371,0.362,0.658,0.373,0.554,0.342,0.72,0.769,0.337,-0.014,0.671,-0.312,0.3,0.839,0.431,0.21,0.179,0.244,0.17,0.858,0.535,0.25,0.777,0.555,0.385,0.908,0.846,0.333,0.516,0.374,0.657,0.827,0.309,0.829,0.795,0.681,0.616,0.146,0.62,0.686,0.807,0.564,0.748,0.762,0.294,0.404,0.787,0.719,0.534,0.684,-0.542,0.741,0.787,0.582,0.844,0.441,0.551,0.921,0.398,0.808,0.149,0.844,0.895,0.268,0.441,0.598,0.697,0.729,0.285,0.55,0.5,0.595,0.319,0.55,0.914,0.804,0.591,-0.127,0.128,0.372,0.773,0.089,0.831,0.794,0.638,-0.34,-0.084,0.333,0.419,0.403,0.746,0.666,0.503,0.459,0.074,0.267,0.528,0.403,0.459,0.478,0.563,0.629,0.599,0.491,0.5,0.839,0.802,0.582,0.555,-0.027,0.44,0.698,-0.313,0.004,0.269,0.521,0.853,0.319,0.474,0.766,0.881
CG,0.464,0.272,0.627,0.702,0.305,0.544,0.724,0.298,0.761,0.571,0.383,0.373,0.403,0.371,0.545,0.835,0.59,0.439,0.566,0.614,0.618,0.785,0.719,0.425,0.598,0.815,0.741,0.302,0.633,0.0,0.47,0.54,0.271,0.858,0.793,0.516,0.502,0.268,0.768,0.798,0.745,0.499,0.375,0.812,0.853,0.385,0.747,0.604,0.298,0.323,0.804,0.536,0.799,0.371,0.493,0.373,0.028,0.521,0.802,0.426,0.443,0.8,0.614,0.657,0.406,0.418,0.702,0.484,0.424,0.158,0.218,0.496,0.59,0.584,0.506,-0.165,0.497,0.725,0.489,0.262,0.337,0.207,0.631,0.32,0.212,0.641,0.282,0.6,0.373,0.209,0.073,-0.122,0.721,0.536,-0.28,-0.11,0.753,-0.09,0.758,0.126,0.684,0.774,0.008,0.743,0.761,0.594,0.852,0.799,0.396,0.702,0.379,0.793,0.615,0.544,0.198,0.9,0.573,0.829,0.489,0.439,0.799,0.758,0.477,0.657,0.821,0.807,0.428,0.554,0.551,-0.018,0.452,0.351,0.113,0.719,0.808,0.654,0.64,0.172,0.824,0.391,0.665,0.824,0.505,0.506,0.824,0.553,0.772,0.66,0.525,0.729,0.824,0.713,0.333,0.578,0.48,0.677,0.29,0.678,0.206,0.381,0.423,0.732,0.684,0.751,0.222,0.432,0.655,0.809,-0.247,0.546,0.721,0.65,0.082,0.55,0.666,0.668,0.745,0.021,0.849,0.472,0.687,0.458,0.583,0.718,0.592,0.518,0.812,0.794,0.413,0.616,0.477,0.22,0.405,0.614,0.866,0.821,0.212,0.048,0.689,0.601
CGBD,0.833,0.56,-0.078,0.529,-0.174,0.651,0.494,0.682,0.261,-0.044,0.744,0.042,-0.305,-0.291,-0.055,0.224,0.485,0.767,0.48,0.721,0.812,0.49,0.19,-0.246,0.625,0.253,0.8,0.772,0.549,0.47,0.0,0.6,-0.349,0.319,0.405,0.752,0.711,0.813,0.546,0.529,0.101,0.049,0.701,0.264,0.422,0.593,0.744,0.001,0.763,0.594,0.206,0.092,0.75,0.106,0.649,-0.251,0.541,0.801,0.442,-0.151,-0.108,0.561,-0.207,0.308,-0.32,0.173,0.442,0.385,0.251,-0.625,-0.429,0.698,0.614,0.753,-0.051,0.401,0.495,0.257,0.713,-0.5,0.663,0.353,0.495,0.261,0.644,0.296,0.715,-0.087,-0.2,0.678,-0.606,0.587,0.511,0.072,0.373,0.469,0.051,0.459,0.37,0.544,-0.018,0.369,0.658,0.057,0.635,0.649,0.146,0.129,0.548,0.716,0.765,0.216,0.628,0.741,0.622,0.379,-0.185,0.251,0.587,0.539,0.291,0.434,0.748,-0.11,0.27,0.693,0.832,0.294,0.794,-0.625,0.508,0.652,0.729,0.799,0.23,0.132,0.531,0.699,0.714,0.466,0.561,0.627,0.652,0.286,0.335,0.765,0.785,0.121,0.152,0.114,0.277,0.092,0.278,0.453,0.771,0.216,-0.293,-0.077,-0.084,0.632,0.183,0.482,0.516,0.315,-0.488,-0.354,-0.0,0.431,0.271,0.856,0.224,0.196,0.521,0.044,-0.062,0.153,0.003,0.584,0.532,0.737,0.726,0.254,0.761,0.274,0.356,0.708,0.555,0.314,-0.299,0.015,0.343,-0.553,0.32,0.235,0.206,0.656,0.089,0.676,0.566,0.722
CHI,0.631,0.714,0.324,0.63,0.187,0.537,0.693,0.381,0.396,0.261,0.658,0.656,0.023,0.094,0.408,0.268,0.806,0.365,0.431,0.748,0.87,0.625,0.509,0.438,0.526,0.562,0.533,0.495,0.688,0.54,0.6,0.0,0.014,0.656,0.756,0.684,0.621,0.37,0.774,0.822,0.557,0.707,0.362,0.564,0.498,0.437,0.447,0.312,0.546,0.472,0.652,0.567,0.718,0.335,0.298,0.242,0.181,0.37,0.757,-0.245,0.211,0.759,0.291,0.696,0.221,0.497,0.806,0.772,0.529,-0.267,0.013,0.264,0.643,0.783,-0.214,-0.082,0.361,0.699,0.868,-0.336,0.074,0.487,0.625,0.667,0.133,0.58,0.658,0.517,-0.051,0.45,-0.517,0.026,0.83,0.179,-0.126,-0.142,0.386,-0.181,0.663,0.14,0.399,0.587,0.354,0.398,0.724,0.769,0.356,0.429,0.207,0.61,0.648,0.526,0.807,0.484,0.443,0.628,0.359,0.69,0.657,0.459,0.556,0.838,0.472,0.339,0.507,0.779,0.544,0.652,0.482,-0.351,0.659,0.481,0.335,0.726,0.514,0.717,0.715,0.068,0.74,-0.046,0.647,0.683,0.206,0.708,0.636,0.551,0.705,0.534,0.37,0.554,0.698,0.507,0.84,0.702,0.846,0.793,0.259,0.364,0.264,0.491,0.43,0.439,0.738,0.811,-0.148,-0.145,0.464,0.498,-0.004,0.668,0.679,0.535,0.29,0.487,0.421,0.247,0.356,0.215,0.398,0.233,0.72,0.291,0.482,0.548,0.375,0.603,0.559,0.768,0.152,0.585,0.847,-0.124,0.115,0.651,0.421,0.647,-0.227,0.272,0.76,0.759
