,ACET,ADAP,ADI,ADPT,ADTN,AGEN,ALGN,ALLK,AMD,AMWD,ARDX,ARQT,ASTE,AUPH,AVXL,AZTA,BAND,BECN,BFC,BGC,BHF,BHFAL,BKNG,BL,BOKF,BRKR,CACC,CAR,CDNA,CG,CGBD,CHI,CHTR,CHX,CLNE,CME,CNOB,CNXN,CPRX,CSGP,CSGS,CSIQ,CVCO,CVLT,CYRX,DDOG,DOOO,DSGX,DTIL,ECPG,EEFT,EFSC,ENTG,ESPR,ETSY,EXC,FAMI,FFIV,FITB,FIZZ,FMBH,FOX,FTNT,FULT,GABC,GEN,GH,GMAB,GNPX,GO,GOGL,GOOG,GPRO,GSHD,GSM,GWAV,HAIN,HBAN,HEPA,HURN,HWKN,IBIO,ICFI,IGMS,IMKTA,INCY,INO,IRDM,IRTC,IRWD,ITCI,JACK,JD,JJSF,KALA,KHC,KLAC,KRRO,KRYS,LANC,LBTYA,LIVN,LKCO,LNTH,LOGI,LPRO,LRCX,LSCC,LSTR,MAR,MARA,MCHP,MEOH,META,MGTX,MKSI,MMYT,MORN,MRUS,MTLS,MTSI,MVIS,MXL,NBIX,NFE,NMIH,NMRK,NNDM,NSIT,NTCT,NVAX,OCUL,ODP,OLED,ONB,OTEX,PACB,PATK,PAYX,PEP,PERI,PI,PLYA,PRDO,PRGS,PTGX,QCOM,QCRH,QDEL,QFIN,RGEN,RILY,RPAY,RPD,SABR,SEDG,SHEN,SIRI,SLNO,SNDL,SNEX,SONO,SPT,SSNC,STGW,STKL,STRL,STX,SWTX,SYNA,TFSL,TIGR,TNXP,TOWN,TRI,TRIP,TRMB,TRNS,TRS,TSCO,TSEM,TVTX,TXRH,VC,VCEL,VECO,VIAV,VICR,VIR,VRTX,VSTM,VTRS,WDFC,WSBC,WSC,WYNN,XENE,XNCR,XRAY,ZS
ACET,0.0,0.442,0.822,0.664,-0.61,-0.428,0.141,0.772,0.825,-0.68,0.826,0.608,-0.321,0.893,0.904,0.667,0.8,0.638,0.875,0.568,0.852,0.606,0.865,0.712,-0.607,0.196,0.471,0.797,0.771,0.754,0.856,0.63,0.212,0.368,0.406,0.643,0.238,0.887,0.591,0.902,-0.129,0.653,-0.257,0.783,0.613,0.599,0.846,0.813,-0.636,-0.331,0.789,0.114,0.915,0.67,0.009,0.678,0.241,0.843,0.491,0.486,-0.366,-0.199,0.575,-0.055,-0.107,-0.571,0.561,0.876,0.765,0.919,0.716,0.889,0.61,0.877,-0.238,0.581,0.168,0.694,0.394,-0.185,0.319,0.872,0.862,0.562,0.673,0.92,0.898,0.762,0.805,0.913,0.852,0.865,0.296,-0.543,0.567,0.126,0.906,0.406,0.702,-0.761,0.786,0.742,0.586,0.572,0.653,0.694,0.726,0.785,0.351,0.798,0.878,0.906,0.713,0.89,0.118,0.834,0.791,0.693,0.104,0.683,0.792,0.595,0.801,0.845,0.649,0.005,-0.35,0.913,0.714,0.823,0.408,-0.068,0.86,0.853,-0.529,0.601,-0.258,-0.417,0.915,0.61,0.793,0.659,-0.191,0.857,0.687,0.065,0.138,0.837,0.865,0.224,0.463,0.906,0.061,0.668,0.895,0.621,0.923,0.765,-0.435,0.81,0.623,0.771,0.921,0.625,-0.393,0.769,-0.344,-0.192,0.808,0.393,0.181,0.789,0.225,-0.004,0.772,0.883,0.871,0.023,0.434,0.703,0.919,-0.014,0.395,0.403,-0.06,0.625,0.592,-0.525,0.381,0.91,0.652,0.918,-0.723,0.175,0.892,0.411,0.162,-0.047,-0.34,0.552
ADAP,0.442,0.0,0.732,0.848,-0.018,0.202,0.786,0.64,0.642,-0.416,0.671,0.628,0.469,0.701,0.582,0.787,0.725,0.275,0.345,0.793,0.561,0.426,0.458,0.853,-0.418,0.699,0.812,0.309,0.825,0.726,0.411,0.929,0.145,-0.297,0.282,0.713,-0.069,0.36,0.611,0.648,-0.216,0.445,0.054,0.827,0.889,0.842,0.569,0.355,-0.051,0.363,0.349,0.054,0.497,0.362,0.777,0.13,0.794,0.721,0.289,0.718,-0.01,0.599,0.809,-0.09,0.095,-0.096,0.726,0.361,0.739,0.462,0.444,0.665,0.766,0.673,0.36,-0.269,0.675,0.381,0.607,0.507,0.38,0.484,0.367,0.228,0.371,0.295,0.541,0.589,0.777,0.306,0.295,0.47,0.772,0.129,-0.203,0.415,0.6,0.816,0.232,-0.082,0.547,0.748,0.793,0.288,0.659,0.779,0.838,0.778,0.425,0.396,0.709,0.463,0.691,0.704,0.009,0.615,0.689,0.624,0.226,0.473,0.763,0.464,0.76,0.372,0.65,0.432,0.316,0.683,0.491,0.617,0.613,-0.053,0.532,0.551,-0.436,0.777,0.306,0.231,0.485,0.743,0.64,0.866,0.175,0.357,0.645,0.143,0.738,0.391,0.574,0.706,0.726,0.539,0.759,0.767,0.485,0.182,0.295,0.393,0.269,0.511,0.725,0.603,0.635,0.408,-0.497,0.834,0.069,0.599,0.369,0.525,0.389,0.778,0.651,-0.332,0.646,0.352,0.678,0.138,0.627,0.114,0.544,0.55,0.592,0.53,0.374,0.539,0.806,-0.158,0.533,0.303,0.124,0.649,0.01,0.033,0.638,0.838,0.745,0.736,0.358,0.838
ADI,0.822,0.732,0.0,0.833,-0.347,-0.245,0.527,0.743,0.96,-0.639,0.792,0.662,0.098,0.888,0.851,0.877,0.883,0.678,0.791,0.868,0.917,0.723,0.893,0.885,-0.491,0.582,0.792,0.68,0.897,0.926,0.798,0.872,0.25,-0.07,0.223,0.816,0.239,0.779,0.624,0.939,-0.302,0.515,-0.122,0.962,0.836,0.831,0.92,0.64,-0.531,-0.022,0.74,0.305,0.88,0.535,0.421,0.549,0.587,0.936,0.604,0.703,-0.098,0.236,0.871,0.138,-0.009,-0.315,0.722,0.777,0.826,0.806,0.618,0.942,0.853,0.913,-0.013,0.177,0.546,0.742,0.59,0.25,0.384,0.755,0.822,0.457,0.69,0.731,0.768,0.749,0.902,0.712,0.747,0.821,0.62,-0.186,0.271,0.336,0.967,0.607,0.585,-0.499,0.874,0.931,0.813,0.507,0.884,0.81,0.963,0.976,0.474,0.834,0.923,0.877,0.734,0.972,0.002,0.928,0.932,0.839,0.196,0.708,0.936,0.512,0.953,0.72,0.76,0.453,-0.001,0.909,0.78,0.858,0.523,-0.222,0.869,0.81,-0.362,0.784,-0.037,-0.025,0.863,0.827,0.882,0.869,0.087,0.821,0.862,0.173,0.531,0.844,0.845,0.483,0.803,0.896,0.47,0.743,0.879,0.487,0.721,0.653,-0.217,0.787,0.851,0.898,0.902,0.74,-0.358,0.919,-0.172,0.238,0.579,0.643,0.437,0.875,0.47,-0.016,0.833,0.789,0.971,0.27,0.679,0.427,0.847,0.314,0.718,0.646,0.201,0.714,0.86,-0.418,0.462,0.789,0.413,0.918,-0.421,0.348,0.957,0.763,0.406,0.311,-0.025,0.831
ADPT,0.664,0.848,0.833,0.0,-0.172,0.149,0.777,0.638,0.81,-0.527,0.676,0.807,0.29,0.798,0.658,0.867,0.923,0.313,0.538,0.746,0.663,0.538,0.647,0.909,-0.556,0.702,0.895,0.335,0.877,0.759,0.526,0.894,0.122,-0.157,0.451,0.587,-0.107,0.545,0.735,0.734,-0.091,0.608,-0.133,0.892,0.958,0.945,0.725,0.435,-0.108,0.331,0.427,-0.044,0.64,0.343,0.681,0.441,0.753,0.879,0.252,0.841,-0.27,0.456,0.837,-0.164,-0.175,-0.24,0.931,0.485,0.754,0.602,0.68,0.832,0.91,0.853,0.321,0.037,0.729,0.381,0.742,0.317,0.251,0.583,0.521,0.562,0.349,0.481,0.662,0.782,0.913,0.427,0.441,0.557,0.747,-0.075,-0.11,0.461,0.766,0.68,0.341,-0.264,0.666,0.789,0.827,0.43,0.789,0.891,0.911,0.883,0.345,0.547,0.83,0.603,0.653,0.829,0.15,0.839,0.82,0.7,0.197,0.671,0.876,0.704,0.853,0.434,0.812,0.403,0.291,0.786,0.473,0.685,0.583,-0.035,0.627,0.793,-0.482,0.875,0.335,0.1,0.672,0.763,0.896,0.891,0.34,0.454,0.711,0.049,0.738,0.539,0.612,0.756,0.709,0.632,0.731,0.9,0.636,0.414,0.478,0.595,-0.066,0.665,0.642,0.81,0.745,0.38,-0.436,0.931,-0.101,0.439,0.469,0.57,0.533,0.802,0.531,-0.27,0.712,0.572,0.804,0.152,0.537,0.168,0.638,0.537,0.574,0.699,0.517,0.678,0.821,-0.226,0.477,0.472,0.438,0.774,-0.087,0.053,0.742,0.888,0.635,0.621,0.366,0.903
ADTN,-0.61,-0.018,-0.347,-0.172,0.0,0.704,0.299,-0.181,-0.398,0.788,-0.467,-0.208,0.706,-0.491,-0.407,-0.009,-0.375,-0.209,-0.624,-0.1,-0.475,-0.103,-0.463,-0.144,0.64,0.394,-0.084,-0.372,-0.217,-0.179,-0.571,-0.119,0.133,-0.292,-0.021,-0.202,0.071,-0.5,-0.449,-0.562,0.324,-0.306,0.654,-0.284,-0.104,-0.129,-0.512,-0.376,0.534,0.525,-0.384,0.154,-0.412,-0.368,0.441,-0.722,0.339,-0.476,-0.099,-0.019,0.501,0.378,-0.265,0.195,0.377,0.108,-0.139,-0.425,-0.208,-0.64,-0.305,-0.492,-0.231,-0.352,0.266,-0.664,0.217,-0.334,-0.231,0.574,-0.221,-0.663,-0.657,-0.376,-0.369,-0.699,-0.495,-0.199,-0.304,-0.606,-0.468,-0.369,0.263,0.614,-0.461,-0.24,-0.461,0.207,-0.112,0.62,-0.386,-0.256,-0.046,-0.078,-0.294,-0.049,-0.243,-0.263,0.327,-0.378,-0.478,-0.451,-0.476,-0.496,0.357,-0.258,-0.343,-0.088,0.518,0.022,-0.26,-0.243,-0.31,-0.437,-0.508,0.197,0.637,-0.438,-0.229,-0.492,0.198,0.405,-0.357,-0.418,0.588,0.042,0.735,0.803,-0.571,-0.36,-0.292,-0.083,0.47,-0.55,-0.173,0.441,0.256,-0.411,-0.444,0.292,0.094,-0.47,0.319,-0.314,-0.438,-0.449,-0.706,-0.717,0.555,-0.706,-0.25,-0.433,-0.468,-0.187,0.39,-0.24,0.675,0.39,-0.415,0.291,-0.127,-0.429,0.287,0.108,-0.326,-0.537,-0.385,0.439,0.134,-0.539,-0.608,0.251,0.039,0.164,0.174,0.085,0.054,0.765,0.111,-0.643,-0.34,-0.527,0.669,-0.032,-0.498,0.068,0.4,0.495,0.407,-0.187
AGEN,-0.428,0.202,-0.245,0.149,0.704,0.0,0.498,-0.077,-0.292,0.554,-0.313,-0.006,0.684,-0.29,-0.314,0.168,-0.08,-0.524,-0.581,-0.085,-0.486,-0.279,-0.475,0.017,0.25,0.426,0.129,-0.547,-0.025,-0.223,-0.558,0.063,-0.216,-0.213,0.432,-0.281,-0.385,-0.455,-0.175,-0.458,0.446,0.089,0.244,-0.104,0.182,0.158,-0.445,-0.368,0.772,0.815,-0.562,-0.36,-0.413,-0.412,0.61,-0.43,0.46,-0.2,-0.452,0.289,-0.038,0.555,-0.101,-0.265,0.129,0.085,0.252,-0.505,-0.018,-0.482,-0.034,-0.301,0.001,-0.186,0.571,-0.45,0.371,-0.562,0.101,0.477,-0.328,-0.45,-0.606,-0.056,-0.436,-0.616,-0.244,0.095,-0.022,-0.592,-0.546,-0.447,0.354,0.422,-0.668,0.044,-0.349,0.202,-0.275,0.542,-0.434,-0.216,0.095,-0.157,-0.129,0.154,-0.058,-0.132,0.105,-0.511,-0.265,-0.428,-0.314,-0.312,0.422,-0.078,-0.309,-0.085,0.264,-0.009,-0.049,0.158,-0.171,-0.49,-0.099,0.046,0.688,-0.315,-0.444,-0.387,0.162,0.407,-0.363,-0.068,0.158,0.266,0.891,0.613,-0.415,-0.202,-0.051,0.028,0.563,-0.635,-0.248,0.056,0.496,-0.473,-0.445,0.553,0.025,-0.436,0.561,0.132,-0.485,-0.253,-0.614,-0.386,0.503,-0.41,-0.322,-0.274,-0.356,-0.434,0.224,-0.014,0.415,0.451,-0.285,0.277,0.095,-0.243,0.212,-0.3,-0.141,-0.508,-0.277,0.147,0.015,-0.472,-0.491,0.413,-0.084,0.168,0.486,0.184,0.1,0.676,0.017,-0.643,-0.121,-0.356,0.725,-0.403,-0.403,0.264,0.575,0.696,0.694,0.022
ALGN,0.141,0.786,0.527,0.777,0.299,0.498,0.0,0.269,0.457,-0.14,0.258,0.629,0.723,0.391,0.197,0.713,0.628,-0.004,0.073,0.585,0.267,0.367,0.215,0.661,-0.219,0.854,0.831,-0.112,0.574,0.479,0.052,0.743,-0.0,-0.566,0.212,0.402,-0.236,0.077,0.458,0.295,0.015,0.216,0.069,0.622,0.839,0.825,0.356,-0.03,0.282,0.717,-0.027,-0.028,0.168,-0.114,0.931,0.083,0.889,0.538,0.031,0.766,0.055,0.815,0.747,-0.074,-0.089,0.095,0.781,0.013,0.413,0.12,0.292,0.437,0.766,0.444,0.662,-0.459,0.904,0.029,0.736,0.64,0.105,0.074,0.065,0.27,0.07,-0.066,0.155,0.482,0.645,-0.117,-0.031,0.096,0.852,0.446,-0.584,0.565,0.356,0.614,-0.025,0.28,0.284,0.543,0.639,0.182,0.584,0.683,0.696,0.593,0.321,0.145,0.416,0.117,0.327,0.447,0.087,0.509,0.498,0.434,0.283,0.36,0.572,0.408,0.533,-0.058,0.586,0.607,0.695,0.338,0.176,0.375,0.431,-0.071,0.233,0.391,-0.149,0.732,0.67,0.506,0.244,0.613,0.565,0.687,0.644,0.015,0.477,0.084,0.925,0.131,0.169,0.86,0.664,0.191,0.967,0.637,0.186,0.025,-0.096,0.155,0.259,0.253,0.488,0.522,0.285,0.101,-0.228,0.627,0.207,0.818,-0.05,0.541,0.65,0.457,0.529,-0.273,0.417,0.047,0.42,0.279,0.477,-0.278,0.137,0.805,0.532,0.68,0.751,0.439,0.698,0.102,0.347,-0.039,0.004,0.33,0.475,0.003,0.343,0.91,0.712,0.863,0.758,0.812
ALLK,0.772,0.64,0.743,0.638,-0.181,-0.077,0.269,0.0,0.675,-0.336,0.842,0.538,0.059,0.83,0.934,0.741,0.622,0.683,0.609,0.663,0.739,0.546,0.712,0.797,-0.359,0.422,0.421,0.81,0.855,0.83,0.748,0.745,0.372,0.312,0.507,0.739,0.384,0.724,0.467,0.781,-0.11,0.654,0.186,0.76,0.627,0.61,0.657,0.821,-0.412,-0.167,0.785,0.253,0.846,0.794,0.255,0.192,0.474,0.679,0.617,0.434,-0.079,-0.069,0.49,0.087,0.324,-0.579,0.488,0.778,0.925,0.704,0.649,0.756,0.49,0.827,-0.161,0.212,0.179,0.707,0.236,0.113,0.491,0.752,0.612,0.266,0.605,0.701,0.868,0.724,0.7,0.764,0.753,0.832,0.422,-0.402,0.478,-0.17,0.763,0.686,0.819,-0.642,0.698,0.697,0.747,0.593,0.555,0.735,0.695,0.766,0.667,0.705,0.802,0.826,0.669,0.739,0.343,0.743,0.722,0.811,0.46,0.725,0.793,0.524,0.788,0.826,0.378,0.08,-0.174,0.871,0.79,0.68,0.735,0.283,0.761,0.688,-0.355,0.753,0.032,-0.049,0.681,0.421,0.673,0.779,-0.158,0.695,0.694,0.459,0.271,0.722,0.854,0.349,0.644,0.846,0.186,0.647,0.806,0.429,0.675,0.386,0.012,0.528,0.637,0.542,0.886,0.729,-0.31,0.784,0.086,-0.073,0.833,0.536,-0.086,0.765,0.567,0.027,0.751,0.712,0.823,0.123,0.634,0.608,0.812,0.08,0.532,0.425,-0.19,0.73,0.775,-0.146,0.573,0.661,0.584,0.811,-0.582,0.144,0.791,0.482,0.531,0.26,-0.295,0.515
AMD,0.825,0.642,0.96,0.81,-0.398,-0.292,0.457,0.675,0.0,-0.705,0.721,0.661,-0.029,0.868,0.806,0.807,0.874,0.637,0.795,0.834,0.92,0.706,0.922,0.816,-0.51,0.485,0.759,0.649,0.827,0.886,0.759,0.789,0.229,-0.046,0.198,0.712,0.206,0.732,0.669,0.917,-0.361,0.52,-0.212,0.894,0.767,0.8,0.915,0.605,-0.537,-0.083,0.743,0.266,0.882,0.478,0.326,0.596,0.51,0.91,0.572,0.662,-0.157,0.182,0.823,0.116,-0.151,-0.287,0.705,0.773,0.741,0.807,0.648,0.938,0.851,0.899,-0.062,0.28,0.527,0.722,0.585,0.134,0.292,0.779,0.815,0.48,0.597,0.747,0.729,0.725,0.858,0.706,0.744,0.819,0.565,-0.249,0.315,0.351,0.955,0.543,0.562,-0.518,0.917,0.865,0.771,0.434,0.904,0.797,0.927,0.96,0.331,0.848,0.909,0.87,0.678,0.954,-0.035,0.931,0.948,0.741,0.183,0.704,0.903,0.471,0.943,0.699,0.768,0.45,-0.041,0.884,0.704,0.829,0.488,-0.208,0.845,0.819,-0.348,0.695,-0.087,-0.132,0.843,0.788,0.906,0.846,0.104,0.802,0.789,0.122,0.484,0.832,0.8,0.451,0.718,0.859,0.408,0.712,0.882,0.607,0.758,0.694,-0.304,0.835,0.786,0.908,0.883,0.667,-0.325,0.879,-0.263,0.171,0.595,0.608,0.427,0.825,0.447,-0.006,0.726,0.84,0.944,0.245,0.564,0.387,0.826,0.267,0.678,0.647,0.235,0.716,0.771,-0.503,0.398,0.789,0.417,0.908,-0.443,0.365,0.933,0.722,0.282,0.259,-0.05,0.806
AMWD,-0.68,-0.416,-0.639,-0.527,0.788,0.554,-0.14,-0.336,-0.705,0.0,-0.578,-0.519,0.413,-0.702,-0.529,-0.323,-0.663,-0.26,-0.696,-0.477,-0.726,-0.291,-0.662,-0.454,0.729,0.009,-0.461,-0.377,-0.487,-0.478,-0.638,-0.487,0.09,-0.022,-0.027,-0.423,0.059,-0.465,-0.73,-0.754,0.57,-0.388,0.676,-0.57,-0.452,-0.542,-0.734,-0.363,0.438,0.261,-0.48,0.051,-0.576,-0.356,0.049,-0.716,-0.058,-0.738,-0.246,-0.291,0.364,0.008,-0.641,0.097,0.436,-0.022,-0.473,-0.469,-0.41,-0.699,-0.49,-0.762,-0.632,-0.575,0.023,-0.425,-0.214,-0.472,-0.607,0.324,-0.292,-0.799,-0.706,-0.367,-0.35,-0.716,-0.548,-0.428,-0.578,-0.575,-0.521,-0.513,-0.11,0.44,-0.316,-0.513,-0.674,-0.107,-0.149,0.508,-0.674,-0.551,-0.371,0.019,-0.672,-0.431,-0.624,-0.604,0.251,-0.551,-0.739,-0.566,-0.672,-0.744,0.423,-0.52,-0.666,-0.248,0.282,-0.17,-0.574,-0.255,-0.666,-0.496,-0.78,-0.227,0.36,-0.638,-0.367,-0.712,-0.085,0.38,-0.501,-0.603,0.582,-0.265,0.509,0.638,-0.666,-0.647,-0.602,-0.488,0.215,-0.614,-0.397,0.323,-0.226,-0.536,-0.536,-0.084,-0.242,-0.579,-0.104,-0.599,-0.598,-0.579,-0.709,-0.813,0.387,-0.925,-0.562,-0.723,-0.653,-0.293,0.451,-0.554,0.587,0.009,-0.491,0.035,-0.407,-0.67,-0.11,0.161,-0.415,-0.664,-0.63,0.357,-0.095,-0.361,-0.721,-0.121,-0.298,-0.167,-0.145,-0.191,-0.319,0.825,0.029,-0.668,-0.256,-0.733,0.511,-0.161,-0.715,-0.403,0.135,0.057,0.087,-0.616
ARDX,0.826,0.671,0.792,0.676,-0.467,-0.313,0.258,0.842,0.721,-0.578,0.0,0.532,-0.123,0.906,0.911,0.674,0.7,0.586,0.71,0.643,0.769,0.501,0.697,0.806,-0.602,0.291,0.489,0.765,0.869,0.762,0.813,0.766,0.18,0.241,0.372,0.815,0.155,0.792,0.616,0.881,-0.202,0.664,-0.058,0.837,0.667,0.623,0.72,0.815,-0.567,-0.211,0.736,0.103,0.821,0.768,0.227,0.395,0.381,0.793,0.496,0.484,-0.212,-0.031,0.605,-0.107,0.182,-0.499,0.492,0.758,0.874,0.864,0.569,0.816,0.547,0.805,-0.112,0.286,0.152,0.667,0.344,-0.025,0.509,0.827,0.718,0.286,0.733,0.804,0.904,0.669,0.772,0.836,0.707,0.784,0.406,-0.42,0.419,0.087,0.793,0.609,0.58,-0.639,0.68,0.737,0.703,0.559,0.56,0.634,0.733,0.77,0.482,0.647,0.876,0.811,0.856,0.826,0.025,0.68,0.742,0.703,0.1,0.585,0.796,0.531,0.801,0.834,0.568,0.021,-0.347,0.916,0.757,0.771,0.516,-0.026,0.746,0.722,-0.61,0.659,-0.195,-0.27,0.793,0.631,0.663,0.729,-0.351,0.751,0.668,0.146,0.229,0.67,0.875,0.321,0.537,0.86,0.169,0.707,0.784,0.462,0.774,0.621,-0.07,0.69,0.722,0.631,0.903,0.639,-0.584,0.797,-0.232,-0.01,0.765,0.34,0.081,0.909,0.365,-0.196,0.81,0.697,0.816,-0.052,0.609,0.711,0.913,0.089,0.391,0.246,-0.18,0.543,0.681,-0.415,0.504,0.771,0.443,0.88,-0.623,0.041,0.835,0.474,0.386,0.116,-0.258,0.588
ARQT,0.608,0.628,0.662,0.807,-0.208,-0.006,0.629,0.538,0.661,-0.519,0.532,0.0,0.169,0.717,0.541,0.615,0.81,0.317,0.521,0.489,0.596,0.454,0.603,0.723,-0.57,0.582,0.709,0.271,0.658,0.64,0.517,0.699,0.179,-0.086,0.39,0.419,-0.007,0.486,0.738,0.619,-0.055,0.414,-0.186,0.671,0.776,0.843,0.694,0.332,-0.029,0.113,0.385,0.057,0.52,0.3,0.428,0.507,0.552,0.744,0.236,0.522,-0.2,0.197,0.752,-0.038,-0.318,-0.163,0.829,0.389,0.569,0.479,0.638,0.754,0.82,0.748,0.404,0.094,0.58,0.348,0.788,0.087,0.441,0.545,0.516,0.629,0.256,0.495,0.518,0.652,0.725,0.397,0.472,0.444,0.465,-0.175,-0.042,0.393,0.638,0.447,0.389,-0.321,0.62,0.661,0.582,0.388,0.696,0.758,0.738,0.717,0.223,0.551,0.678,0.471,0.571,0.69,0.23,0.684,0.737,0.54,0.313,0.508,0.673,0.66,0.701,0.35,0.701,0.414,0.191,0.653,0.459,0.653,0.514,0.039,0.446,0.644,-0.427,0.709,0.199,-0.054,0.63,0.591,0.775,0.747,0.38,0.406,0.655,0.105,0.623,0.512,0.484,0.474,0.587,0.535,0.534,0.782,0.593,0.341,0.429,0.491,-0.285,0.607,0.581,0.746,0.657,0.324,-0.303,0.723,-0.024,0.316,0.406,0.293,0.454,0.596,0.433,0.035,0.58,0.541,0.68,-0.021,0.352,0.197,0.538,0.616,0.574,0.632,0.496,0.473,0.676,-0.308,0.374,0.43,0.568,0.651,-0.165,0.135,0.668,0.75,0.369,0.415,0.243,0.825
ASTE,-0.321,0.469,0.098,0.29,0.706,0.684,0.723,0.059,-0.029,0.413,-0.123,0.169,0.0,-0.104,-0.141,0.389,0.087,-0.058,-0.342,0.284,-0.124,0.11,-0.175,0.255,0.349,0.781,0.464,-0.272,0.166,0.196,-0.277,0.366,0.094,-0.562,0.032,0.166,0.013,-0.253,-0.098,-0.162,0.126,-0.198,0.45,0.188,0.413,0.359,-0.075,-0.322,0.496,0.693,-0.252,0.192,-0.2,-0.261,0.804,-0.406,0.675,0.004,0.04,0.346,0.425,0.71,0.31,0.218,0.243,0.182,0.325,-0.281,0.121,-0.376,-0.096,-0.077,0.291,-0.006,0.548,-0.772,0.643,-0.119,0.275,0.824,0.051,-0.378,-0.316,-0.083,-0.128,-0.508,-0.239,0.043,0.149,-0.47,-0.286,-0.185,0.583,0.673,-0.641,0.151,-0.081,0.429,-0.094,0.522,-0.087,0.176,0.299,0.018,0.154,0.281,0.244,0.162,0.432,-0.139,-0.093,-0.233,-0.137,-0.041,0.238,0.082,0.039,0.264,0.447,0.109,0.106,0.051,0.072,-0.341,0.039,0.57,0.822,-0.117,-0.015,-0.047,0.388,0.059,-0.068,-0.141,0.343,0.437,0.766,0.857,-0.227,0.138,0.052,0.3,0.626,-0.287,0.238,0.336,0.676,-0.129,-0.143,0.554,0.526,-0.157,0.738,0.122,-0.168,-0.44,-0.527,-0.435,0.492,-0.316,0.178,0.018,-0.139,0.052,0.152,0.192,0.641,0.705,-0.348,0.439,0.309,-0.035,0.456,0.005,0.093,-0.348,0.006,0.421,0.398,-0.517,-0.309,0.604,0.434,0.497,0.495,0.208,0.456,0.546,0.293,-0.442,-0.189,-0.14,0.674,0.071,-0.084,0.545,0.655,0.785,0.632,0.359
AUPH,0.893,0.701,0.888,0.798,-0.491,-0.29,0.391,0.83,0.868,-0.702,0.906,0.717,-0.104,0.0,0.917,0.753,0.836,0.585,0.778,0.737,0.87,0.588,0.818,0.854,-0.672,0.363,0.627,0.723,0.903,0.838,0.817,0.823,0.158,0.142,0.365,0.785,0.143,0.781,0.746,0.944,-0.284,0.68,-0.172,0.897,0.762,0.787,0.833,0.768,-0.521,-0.137,0.748,0.095,0.875,0.674,0.281,0.521,0.475,0.904,0.523,0.596,-0.261,0.046,0.746,-0.077,-0.003,-0.422,0.651,0.777,0.85,0.879,0.665,0.943,0.728,0.899,-0.028,0.333,0.322,0.69,0.544,-0.026,0.459,0.889,0.782,0.405,0.657,0.834,0.889,0.761,0.87,0.811,0.761,0.806,0.479,-0.418,0.382,0.226,0.897,0.602,0.598,-0.631,0.812,0.797,0.778,0.506,0.758,0.775,0.863,0.886,0.385,0.741,0.955,0.853,0.839,0.928,0.018,0.831,0.88,0.73,0.165,0.627,0.895,0.561,0.912,0.803,0.722,0.193,-0.244,0.958,0.738,0.87,0.545,-0.048,0.799,0.829,-0.596,0.736,-0.144,-0.284,0.855,0.719,0.834,0.831,-0.154,0.784,0.715,0.122,0.383,0.754,0.879,0.413,0.613,0.887,0.296,0.805,0.861,0.593,0.806,0.699,-0.174,0.824,0.777,0.796,0.956,0.638,-0.507,0.885,-0.288,0.061,0.765,0.426,0.242,0.93,0.407,-0.162,0.792,0.79,0.907,-0.029,0.558,0.61,0.932,0.24,0.517,0.437,0.035,0.644,0.736,-0.521,0.429,0.795,0.5,0.952,-0.577,0.123,0.921,0.629,0.357,0.204,-0.141,0.748
AVXL,0.904,0.582,0.851,0.658,-0.407,-0.314,0.197,0.934,0.806,-0.529,0.911,0.541,-0.141,0.917,0.0,0.735,0.712,0.744,0.791,0.707,0.861,0.619,0.84,0.811,-0.487,0.313,0.457,0.886,0.887,0.856,0.878,0.743,0.315,0.331,0.415,0.79,0.362,0.869,0.544,0.919,-0.201,0.685,0.004,0.838,0.631,0.617,0.796,0.891,-0.624,-0.283,0.871,0.256,0.949,0.817,0.144,0.416,0.374,0.806,0.653,0.474,-0.168,-0.127,0.569,0.066,0.224,-0.571,0.496,0.89,0.914,0.877,0.662,0.87,0.553,0.889,-0.257,0.381,0.141,0.796,0.283,-0.016,0.469,0.867,0.8,0.342,0.745,0.872,0.947,0.757,0.775,0.907,0.863,0.913,0.381,-0.497,0.586,-0.048,0.893,0.585,0.8,-0.745,0.793,0.777,0.737,0.617,0.634,0.707,0.761,0.833,0.567,0.81,0.902,0.947,0.768,0.866,0.185,0.82,0.807,0.819,0.257,0.731,0.857,0.526,0.857,0.928,0.508,0.07,-0.341,0.959,0.854,0.791,0.595,0.072,0.86,0.799,-0.449,0.705,-0.178,-0.22,0.845,0.56,0.751,0.762,-0.253,0.86,0.743,0.313,0.2,0.838,0.944,0.277,0.612,0.954,0.114,0.673,0.907,0.551,0.851,0.598,-0.17,0.702,0.705,0.681,0.967,0.78,-0.395,0.828,-0.15,-0.135,0.851,0.511,0.026,0.865,0.411,0.016,0.817,0.842,0.91,0.094,0.624,0.725,0.947,0.005,0.499,0.38,-0.213,0.714,0.746,-0.357,0.495,0.854,0.577,0.923,-0.718,0.213,0.908,0.462,0.362,0.087,-0.375,0.551
AZTA,0.667,0.787,0.877,0.867,-0.009,0.168,0.713,0.741,0.807,-0.323,0.674,0.615,0.389,0.753,0.735,0.0,0.835,0.488,0.559,0.811,0.691,0.659,0.678,0.897,-0.3,0.758,0.787,0.512,0.888,0.837,0.555,0.891,0.239,-0.095,0.418,0.73,0.132,0.638,0.488,0.722,0.019,0.544,0.072,0.914,0.908,0.846,0.712,0.561,-0.265,0.314,0.531,0.183,0.735,0.381,0.657,0.339,0.789,0.819,0.433,0.845,-0.063,0.438,0.764,0.038,0.125,-0.413,0.786,0.633,0.819,0.61,0.592,0.776,0.79,0.842,0.145,0.009,0.691,0.517,0.543,0.479,0.205,0.519,0.548,0.426,0.537,0.47,0.671,0.82,0.903,0.495,0.526,0.662,0.809,0.041,0.01,0.289,0.81,0.735,0.538,-0.267,0.666,0.836,0.828,0.554,0.764,0.883,0.9,0.891,0.63,0.613,0.784,0.707,0.584,0.818,0.259,0.894,0.778,0.838,0.375,0.771,0.898,0.58,0.837,0.546,0.648,0.393,0.289,0.784,0.639,0.687,0.611,-0.027,0.77,0.768,-0.264,0.914,0.366,0.267,0.703,0.727,0.832,0.853,0.283,0.576,0.771,0.242,0.662,0.658,0.693,0.74,0.819,0.733,0.671,0.739,0.688,0.343,0.479,0.454,0.008,0.544,0.703,0.74,0.75,0.571,-0.296,0.896,0.077,0.396,0.482,0.789,0.441,0.758,0.564,-0.135,0.805,0.57,0.837,0.397,0.731,0.263,0.631,0.423,0.646,0.741,0.339,0.816,0.902,-0.06,0.546,0.53,0.358,0.756,-0.121,0.192,0.764,0.815,0.697,0.588,0.214,0.775
BAND,0.8,0.725,0.883,0.923,-0.375,-0.08,0.628,0.622,0.874,-0.663,0.7,0.81,0.087,0.836,0.712,0.835,0.0,0.382,0.716,0.684,0.764,0.594,0.753,0.839,-0.633,0.558,0.825,0.428,0.828,0.762,0.643,0.841,0.095,-0.068,0.378,0.605,-0.084,0.675,0.703,0.819,-0.098,0.558,-0.339,0.897,0.904,0.887,0.843,0.483,-0.291,0.154,0.499,0.017,0.726,0.327,0.465,0.683,0.584,0.944,0.263,0.776,-0.344,0.32,0.86,-0.13,-0.286,-0.288,0.884,0.595,0.716,0.749,0.721,0.894,0.922,0.878,0.221,0.22,0.647,0.458,0.74,0.156,0.208,0.692,0.708,0.682,0.472,0.64,0.707,0.82,0.944,0.583,0.581,0.634,0.633,-0.173,0.032,0.548,0.863,0.527,0.401,-0.394,0.731,0.845,0.713,0.438,0.841,0.851,0.916,0.892,0.272,0.642,0.865,0.7,0.717,0.909,0.054,0.885,0.838,0.669,0.079,0.66,0.864,0.68,0.863,0.506,0.89,0.339,0.124,0.821,0.554,0.815,0.412,-0.227,0.714,0.869,-0.537,0.789,0.121,-0.117,0.827,0.838,0.908,0.809,0.251,0.613,0.737,-0.064,0.619,0.653,0.672,0.603,0.642,0.74,0.581,0.858,0.721,0.488,0.653,0.753,-0.321,0.798,0.698,0.918,0.801,0.428,-0.421,0.893,-0.247,0.339,0.507,0.525,0.595,0.802,0.358,-0.155,0.785,0.678,0.852,0.095,0.482,0.322,0.721,0.441,0.536,0.655,0.473,0.65,0.763,-0.432,0.359,0.645,0.489,0.844,-0.251,0.166,0.841,0.793,0.413,0.409,0.212,0.875
BECN,0.638,0.275,0.678,0.313,-0.209,-0.524,-0.004,0.683,0.637,-0.26,0.586,0.317,-0.058,0.585,0.744,0.488,0.382,0.0,0.68,0.609,0.784,0.689,0.815,0.539,-0.036,0.307,0.311,0.888,0.551,0.811,0.775,0.437,0.648,0.14,-0.059,0.678,0.776,0.749,0.202,0.715,-0.282,0.152,0.337,0.563,0.311,0.303,0.711,0.676,-0.688,-0.538,0.911,0.74,0.808,0.706,-0.035,0.216,0.193,0.479,0.907,0.147,0.3,-0.304,0.405,0.573,0.285,-0.392,0.167,0.834,0.591,0.561,0.331,0.606,0.352,0.663,-0.49,0.186,0.054,0.912,-0.001,0.131,0.531,0.528,0.733,0.205,0.669,0.66,0.562,0.333,0.413,0.733,0.86,0.854,0.189,-0.278,0.653,-0.29,0.726,0.421,0.848,-0.622,0.778,0.661,0.497,0.628,0.482,0.423,0.515,0.636,0.65,0.902,0.573,0.809,0.385,0.625,0.162,0.607,0.699,0.788,0.407,0.67,0.53,0.214,0.604,0.773,0.138,0.31,-0.22,0.68,0.872,0.577,0.561,-0.009,0.79,0.356,0.073,0.425,-0.295,0.045,0.613,0.345,0.485,0.547,-0.139,0.839,0.794,0.606,-0.031,0.869,0.812,-0.068,0.66,0.81,-0.1,0.184,0.866,0.229,0.644,0.209,-0.273,0.355,0.652,0.525,0.727,0.957,-0.068,0.523,0.12,-0.219,0.551,0.484,-0.093,0.506,0.42,0.504,0.57,0.758,0.738,0.432,0.583,0.483,0.688,-0.105,0.683,0.474,-0.348,0.497,0.595,-0.219,0.532,0.753,0.465,0.635,-0.661,0.62,0.736,0.246,0.113,-0.123,-0.59,0.336
BFC,0.875,0.345,0.791,0.538,-0.624,-0.581,0.073,0.609,0.795,-0.696,0.71,0.521,-0.342,0.778,0.791,0.559,0.716,0.68,0.0,0.55,0.868,0.532,0.863,0.618,-0.458,0.13,0.424,0.73,0.653,0.71,0.891,0.538,0.319,0.248,0.169,0.58,0.358,0.863,0.522,0.865,-0.232,0.453,-0.311,0.71,0.492,0.502,0.856,0.689,-0.656,-0.411,0.766,0.278,0.857,0.61,-0.096,0.74,0.085,0.802,0.56,0.368,-0.17,-0.21,0.572,0.202,-0.116,-0.397,0.468,0.816,0.602,0.813,0.598,0.832,0.585,0.792,-0.295,0.557,0.149,0.757,0.373,-0.201,0.374,0.785,0.906,0.536,0.636,0.886,0.753,0.635,0.685,0.841,0.827,0.785,0.17,-0.47,0.552,0.192,0.874,0.229,0.623,-0.708,0.801,0.722,0.472,0.491,0.667,0.561,0.675,0.722,0.257,0.819,0.815,0.856,0.649,0.829,-0.022,0.762,0.752,0.652,-0.014,0.589,0.705,0.438,0.74,0.777,0.612,0.164,-0.343,0.809,0.727,0.797,0.264,-0.24,0.793,0.727,-0.357,0.507,-0.422,-0.401,0.866,0.601,0.73,0.538,-0.178,0.883,0.697,0.02,0.113,0.846,0.8,0.055,0.441,0.854,-0.004,0.532,0.855,0.525,0.89,0.736,-0.531,0.778,0.631,0.799,0.821,0.672,-0.344,0.667,-0.329,-0.198,0.651,0.289,0.315,0.7,0.19,0.18,0.695,0.865,0.822,0.027,0.374,0.608,0.854,-0.043,0.452,0.356,-0.072,0.499,0.538,-0.58,0.208,0.906,0.58,0.852,-0.688,0.437,0.864,0.334,-0.008,-0.148,-0.358,0.517
BGC,0.568,0.793,0.868,0.746,-0.1,-0.085,0.585,0.663,0.834,-0.477,0.643,0.489,0.284,0.737,0.707,0.811,0.684,0.609,0.55,0.0,0.799,0.622,0.747,0.823,-0.228,0.626,0.75,0.577,0.81,0.875,0.576,0.831,0.331,-0.251,0.061,0.776,0.308,0.512,0.552,0.786,-0.453,0.381,0.12,0.847,0.751,0.752,0.733,0.516,-0.369,0.096,0.661,0.41,0.741,0.471,0.553,0.196,0.682,0.746,0.669,0.648,0.185,0.398,0.772,0.246,0.19,-0.112,0.583,0.621,0.733,0.573,0.391,0.775,0.742,0.757,-0.035,-0.082,0.589,0.717,0.434,0.443,0.363,0.584,0.575,0.172,0.494,0.48,0.589,0.565,0.736,0.485,0.573,0.718,0.688,0.002,0.154,0.247,0.796,0.712,0.467,-0.274,0.797,0.826,0.822,0.363,0.788,0.748,0.877,0.876,0.486,0.716,0.778,0.727,0.569,0.807,-0.041,0.766,0.846,0.763,0.269,0.648,0.829,0.291,0.854,0.591,0.555,0.582,0.153,0.764,0.678,0.687,0.652,-0.093,0.766,0.584,-0.159,0.725,0.065,0.206,0.595,0.72,0.715,0.873,0.114,0.643,0.762,0.362,0.554,0.697,0.743,0.535,0.822,0.743,0.545,0.595,0.731,0.361,0.492,0.419,0.073,0.594,0.797,0.69,0.75,0.706,-0.302,0.844,0.034,0.348,0.478,0.684,0.334,0.789,0.648,-0.016,0.622,0.638,0.836,0.369,0.705,0.179,0.69,0.327,0.74,0.64,0.169,0.662,0.833,-0.237,0.515,0.548,0.154,0.743,-0.226,0.414,0.786,0.748,0.544,0.504,0.06,0.76
BHF,0.852,0.561,0.917,0.663,-0.475,-0.486,0.267,0.739,0.92,-0.726,0.769,0.596,-0.124,0.87,0.861,0.691,0.764,0.784,0.868,0.799,0.0,0.669,0.964,0.742,-0.447,0.357,0.603,0.791,0.774,0.909,0.876,0.717,0.358,0.042,0.099,0.759,0.428,0.778,0.598,0.954,-0.473,0.42,-0.158,0.827,0.621,0.678,0.937,0.68,-0.632,-0.311,0.875,0.437,0.927,0.629,0.135,0.557,0.352,0.843,0.748,0.437,-0.033,-0.035,0.741,0.299,-0.037,-0.289,0.538,0.837,0.735,0.805,0.606,0.927,0.733,0.867,-0.24,0.321,0.333,0.884,0.462,0.015,0.437,0.838,0.882,0.377,0.646,0.83,0.752,0.626,0.741,0.801,0.882,0.898,0.37,-0.372,0.524,0.192,0.95,0.474,0.677,-0.663,0.962,0.847,0.693,0.415,0.841,0.703,0.843,0.893,0.375,0.93,0.902,0.908,0.682,0.928,-0.08,0.84,0.923,0.752,0.197,0.661,0.822,0.356,0.909,0.801,0.643,0.421,-0.203,0.887,0.809,0.85,0.52,-0.162,0.877,0.707,-0.287,0.616,-0.297,-0.238,0.833,0.69,0.806,0.777,-0.077,0.898,0.798,0.257,0.305,0.906,0.876,0.213,0.69,0.918,0.184,0.601,0.954,0.541,0.827,0.639,-0.334,0.813,0.822,0.858,0.918,0.811,-0.286,0.806,-0.219,-0.015,0.692,0.48,0.295,0.802,0.458,0.17,0.699,0.91,0.941,0.133,0.546,0.488,0.897,0.136,0.704,0.548,-0.006,0.617,0.731,-0.573,0.344,0.867,0.469,0.921,-0.638,0.502,0.961,0.573,0.153,0.089,-0.275,0.707
BHFAL,0.606,0.426,0.723,0.538,-0.103,-0.279,0.367,0.546,0.706,-0.291,0.501,0.454,0.11,0.588,0.619,0.659,0.594,0.689,0.532,0.622,0.669,0.0,0.704,0.632,-0.208,0.5,0.548,0.643,0.611,0.752,0.536,0.59,0.384,-0.097,-0.03,0.68,0.35,0.614,0.341,0.651,-0.132,0.224,0.186,0.675,0.576,0.519,0.679,0.533,-0.577,-0.092,0.678,0.459,0.695,0.377,0.306,0.279,0.503,0.573,0.604,0.499,0.109,0.134,0.59,0.218,0.027,-0.299,0.398,0.705,0.536,0.588,0.347,0.608,0.559,0.658,-0.14,0.002,0.439,0.622,0.262,0.32,0.251,0.414,0.586,0.29,0.593,0.503,0.477,0.475,0.623,0.56,0.588,0.692,0.579,0.018,0.276,0.12,0.69,0.565,0.582,-0.291,0.66,0.696,0.622,0.563,0.581,0.566,0.641,0.7,0.58,0.713,0.57,0.662,0.434,0.665,0.053,0.677,0.736,0.675,0.355,0.647,0.615,0.292,0.635,0.544,0.372,0.358,0.051,0.664,0.722,0.615,0.435,-0.188,0.738,0.485,-0.07,0.513,0.033,0.126,0.623,0.584,0.58,0.642,0.115,0.667,0.737,0.338,0.274,0.676,0.673,0.395,0.685,0.681,0.311,0.341,0.735,0.301,0.499,0.316,-0.185,0.403,0.661,0.617,0.659,0.67,-0.182,0.617,0.009,0.205,0.352,0.605,0.189,0.574,0.345,0.156,0.587,0.579,0.699,0.532,0.629,0.305,0.563,0.179,0.568,0.645,0.075,0.535,0.637,-0.225,0.55,0.604,0.234,0.625,-0.297,0.352,0.672,0.517,0.279,0.171,-0.133,0.536
BKNG,0.865,0.458,0.893,0.647,-0.463,-0.475,0.215,0.712,0.922,-0.662,0.697,0.603,-0.175,0.818,0.84,0.678,0.753,0.815,0.863,0.747,0.964,0.704,0.0,0.713,-0.401,0.36,0.577,0.79,0.727,0.888,0.86,0.638,0.418,0.111,0.147,0.656,0.462,0.806,0.561,0.915,-0.372,0.427,-0.132,0.776,0.584,0.636,0.933,0.686,-0.628,-0.358,0.885,0.451,0.935,0.607,0.073,0.595,0.319,0.81,0.734,0.431,-0.07,-0.12,0.676,0.31,-0.091,-0.35,0.551,0.862,0.703,0.785,0.631,0.904,0.711,0.887,-0.288,0.409,0.312,0.862,0.41,-0.006,0.392,0.797,0.892,0.494,0.611,0.837,0.738,0.637,0.71,0.809,0.906,0.906,0.331,-0.42,0.555,0.118,0.952,0.41,0.743,-0.703,0.957,0.821,0.654,0.489,0.819,0.701,0.797,0.876,0.373,0.971,0.854,0.928,0.577,0.901,0.056,0.873,0.916,0.768,0.237,0.733,0.798,0.427,0.87,0.789,0.592,0.386,-0.179,0.863,0.784,0.785,0.52,-0.109,0.879,0.727,-0.222,0.596,-0.26,-0.209,0.84,0.617,0.827,0.746,0.015,0.895,0.809,0.286,0.249,0.94,0.85,0.181,0.673,0.912,0.141,0.567,0.967,0.554,0.837,0.625,-0.464,0.773,0.732,0.85,0.899,0.801,-0.18,0.773,-0.198,-0.101,0.684,0.522,0.254,0.722,0.42,0.267,0.677,0.954,0.937,0.227,0.503,0.484,0.86,0.08,0.707,0.61,0.014,0.651,0.698,-0.502,0.381,0.877,0.572,0.881,-0.653,0.525,0.938,0.531,0.12,0.035,-0.325,0.648
BL,0.712,0.853,0.885,0.909,-0.144,0.017,0.661,0.797,0.816,-0.454,0.806,0.723,0.255,0.854,0.811,0.897,0.839,0.539,0.618,0.823,0.742,0.632,0.713,0.0,-0.454,0.675,0.776,0.567,0.963,0.858,0.677,0.929,0.293,-0.018,0.427,0.749,0.139,0.695,0.703,0.818,-0.097,0.646,0.079,0.935,0.908,0.863,0.752,0.66,-0.291,0.16,0.628,0.169,0.772,0.609,0.597,0.334,0.714,0.865,0.491,0.761,-0.081,0.326,0.774,0.014,0.148,-0.36,0.794,0.646,0.882,0.674,0.636,0.851,0.791,0.902,0.152,0.043,0.568,0.596,0.562,0.342,0.453,0.638,0.61,0.455,0.553,0.606,0.783,0.789,0.879,0.585,0.58,0.691,0.699,-0.148,0.099,0.227,0.817,0.744,0.538,-0.395,0.719,0.839,0.87,0.613,0.716,0.842,0.895,0.901,0.561,0.662,0.872,0.748,0.741,0.847,0.212,0.84,0.855,0.849,0.292,0.734,0.927,0.688,0.884,0.644,0.65,0.356,0.117,0.895,0.719,0.74,0.684,0.022,0.722,0.778,-0.413,0.911,0.204,0.138,0.723,0.72,0.846,0.918,0.132,0.62,0.814,0.245,0.606,0.662,0.781,0.648,0.785,0.78,0.588,0.831,0.751,0.4,0.573,0.522,0.005,0.606,0.738,0.739,0.848,0.619,-0.501,0.961,0.035,0.308,0.593,0.596,0.35,0.887,0.605,-0.136,0.797,0.654,0.876,0.236,0.712,0.361,0.764,0.409,0.636,0.637,0.211,0.72,0.896,-0.167,0.612,0.601,0.447,0.835,-0.262,0.166,0.82,0.788,0.682,0.516,0.126,0.805
BOKF,-0.607,-0.418,-0.491,-0.556,0.64,0.25,-0.219,-0.359,-0.51,0.729,-0.602,-0.57,0.349,-0.672,-0.487,-0.3,-0.633,-0.036,-0.458,-0.228,-0.447,-0.208,-0.401,-0.454,0.0,-0.021,-0.415,-0.235,-0.511,-0.312,-0.474,-0.471,0.329,-0.088,-0.319,-0.365,0.441,-0.407,-0.643,-0.598,0.183,-0.545,0.558,-0.53,-0.497,-0.561,-0.492,-0.38,0.271,0.059,-0.256,0.446,-0.41,-0.282,-0.117,-0.584,-0.15,-0.645,0.099,-0.369,0.7,0.007,-0.545,0.586,0.452,0.117,-0.498,-0.311,-0.459,-0.666,-0.479,-0.633,-0.514,-0.507,-0.233,-0.339,-0.123,-0.101,-0.569,0.339,-0.204,-0.68,-0.492,-0.371,-0.376,-0.584,-0.578,-0.441,-0.594,-0.51,-0.316,-0.335,-0.166,0.456,-0.117,-0.428,-0.499,-0.203,-0.075,0.438,-0.373,-0.423,-0.376,-0.115,-0.459,-0.388,-0.52,-0.498,0.141,-0.274,-0.642,-0.408,-0.681,-0.603,0.276,-0.429,-0.484,-0.169,0.291,-0.125,-0.517,-0.457,-0.545,-0.384,-0.705,0.111,0.338,-0.573,-0.219,-0.528,-0.042,0.178,-0.304,-0.63,0.869,-0.302,0.217,0.605,-0.587,-0.533,-0.533,-0.422,0.204,-0.372,-0.219,0.373,-0.244,-0.259,-0.417,-0.247,-0.109,-0.437,-0.168,-0.7,-0.406,-0.477,-0.534,-0.696,0.244,-0.75,-0.394,-0.569,-0.574,-0.062,0.508,-0.513,0.677,-0.069,-0.436,0.041,-0.206,-0.633,0.019,0.501,-0.469,-0.411,-0.479,0.426,-0.064,-0.461,-0.603,-0.219,-0.058,-0.018,-0.192,-0.182,-0.249,0.69,-0.026,-0.5,-0.288,-0.597,0.402,0.386,-0.548,-0.397,0.01,0.021,-0.052,-0.547
BRKR,0.196,0.699,0.582,0.702,0.394,0.426,0.854,0.422,0.485,0.009,0.291,0.582,0.781,0.363,0.313,0.758,0.558,0.307,0.13,0.626,0.357,0.5,0.36,0.675,-0.021,0.0,0.79,0.12,0.582,0.627,0.177,0.713,0.264,-0.422,0.212,0.483,0.114,0.221,0.281,0.331,0.04,0.119,0.301,0.62,0.771,0.743,0.437,0.076,0.153,0.524,0.202,0.291,0.31,0.06,0.837,0.007,0.857,0.473,0.307,0.641,0.205,0.606,0.682,0.208,0.084,-0.045,0.696,0.192,0.524,0.101,0.306,0.441,0.699,0.521,0.437,-0.465,0.825,0.239,0.549,0.755,0.258,0.091,0.166,0.272,0.214,-0.004,0.206,0.454,0.573,0.003,0.162,0.286,0.754,0.381,-0.355,0.259,0.439,0.631,0.281,0.119,0.403,0.625,0.646,0.333,0.596,0.667,0.68,0.643,0.588,0.371,0.397,0.272,0.226,0.462,0.315,0.578,0.542,0.644,0.537,0.531,0.568,0.4,0.548,0.101,0.409,0.672,0.67,0.383,0.385,0.347,0.62,0.039,0.362,0.34,0.078,0.759,0.644,0.651,0.29,0.489,0.551,0.705,0.647,0.189,0.654,0.398,0.798,0.357,0.291,0.707,0.846,0.334,0.825,0.5,0.35,-0.083,-0.042,-0.011,0.181,0.155,0.529,0.491,0.37,0.377,0.026,0.631,0.436,0.642,0.04,0.651,0.427,0.379,0.63,0.056,0.489,0.182,0.522,0.505,0.67,-0.196,0.176,0.698,0.737,0.799,0.551,0.557,0.817,0.256,0.54,0.085,0.18,0.344,0.296,0.2,0.417,0.852,0.729,0.765,0.488,0.721
CACC,0.471,0.812,0.792,0.895,-0.084,0.129,0.831,0.421,0.759,-0.461,0.489,0.709,0.464,0.627,0.457,0.787,0.825,0.311,0.424,0.75,0.603,0.548,0.577,0.776,-0.415,0.79,0.0,0.207,0.712,0.726,0.402,0.824,0.09,-0.46,0.149,0.58,-0.073,0.399,0.578,0.634,-0.2,0.284,-0.097,0.823,0.905,0.886,0.69,0.168,-0.078,0.379,0.309,0.108,0.482,0.127,0.76,0.378,0.775,0.771,0.271,0.795,-0.083,0.611,0.909,-0.006,-0.233,-0.001,0.841,0.345,0.572,0.436,0.442,0.704,0.931,0.692,0.392,-0.196,0.853,0.342,0.751,0.527,0.217,0.388,0.468,0.48,0.333,0.27,0.403,0.538,0.803,0.231,0.328,0.442,0.776,0.204,-0.267,0.575,0.678,0.627,0.177,-0.044,0.624,0.774,0.737,0.285,0.806,0.767,0.881,0.828,0.302,0.511,0.662,0.457,0.492,0.755,-0.027,0.736,0.765,0.632,0.175,0.522,0.735,0.512,0.752,0.233,0.789,0.643,0.475,0.603,0.394,0.616,0.474,-0.264,0.56,0.574,-0.279,0.737,0.335,0.276,0.551,0.815,0.764,0.81,0.48,0.388,0.72,0.034,0.789,0.494,0.48,0.692,0.775,0.509,0.819,0.707,0.533,0.186,0.284,0.443,-0.063,0.552,0.682,0.785,0.575,0.391,-0.292,0.812,-0.054,0.623,0.167,0.596,0.631,0.648,0.511,-0.181,0.613,0.417,0.709,0.332,0.556,-0.048,0.454,0.644,0.692,0.771,0.647,0.542,0.769,-0.237,0.439,0.348,0.218,0.627,0.098,0.174,0.66,0.919,0.531,0.641,0.456,0.926
CAR,0.797,0.309,0.68,0.335,-0.372,-0.547,-0.112,0.81,0.649,-0.377,0.765,0.271,-0.272,0.723,0.886,0.512,0.428,0.888,0.73,0.577,0.791,0.643,0.79,0.567,-0.235,0.12,0.207,0.0,0.645,0.773,0.818,0.478,0.475,0.383,0.133,0.746,0.627,0.816,0.275,0.791,-0.24,0.418,0.201,0.613,0.323,0.289,0.679,0.875,-0.803,-0.574,0.945,0.484,0.899,0.827,-0.116,0.252,0.142,0.533,0.802,0.193,0.062,-0.372,0.331,0.267,0.32,-0.598,0.128,0.935,0.712,0.767,0.429,0.659,0.272,0.698,-0.563,0.379,-0.098,0.877,-0.056,-0.06,0.452,0.723,0.747,0.14,0.766,0.806,0.772,0.471,0.509,0.91,0.885,0.935,0.185,-0.45,0.79,-0.302,0.755,0.485,0.862,-0.738,0.741,0.633,0.521,0.619,0.423,0.462,0.513,0.633,0.614,0.832,0.684,0.894,0.561,0.685,0.123,0.621,0.671,0.719,0.316,0.659,0.604,0.25,0.647,0.939,0.193,-0.008,-0.467,0.805,0.872,0.643,0.521,0.063,0.849,0.517,-0.205,0.411,-0.379,-0.221,0.704,0.366,0.493,0.55,-0.424,0.892,0.666,0.46,-0.146,0.839,0.908,-0.018,0.502,0.888,-0.2,0.286,0.885,0.422,0.81,0.386,-0.198,0.491,0.622,0.476,0.836,0.865,-0.248,0.572,-0.081,-0.34,0.779,0.429,-0.233,0.649,0.334,0.227,0.633,0.8,0.754,0.245,0.577,0.729,0.838,-0.258,0.448,0.268,-0.5,0.56,0.535,-0.34,0.517,0.854,0.45,0.752,-0.826,0.347,0.771,0.16,0.13,-0.19,-0.681,0.266
CDNA,0.771,0.825,0.897,0.877,-0.217,-0.025,0.574,0.855,0.827,-0.487,0.869,0.658,0.166,0.903,0.887,0.888,0.828,0.551,0.653,0.81,0.774,0.611,0.727,0.963,-0.511,0.582,0.712,0.645,0.0,0.861,0.723,0.928,0.225,0.059,0.472,0.791,0.125,0.736,0.659,0.863,-0.144,0.715,0.034,0.95,0.865,0.833,0.757,0.731,-0.386,0.107,0.671,0.11,0.822,0.646,0.528,0.342,0.673,0.879,0.499,0.742,-0.174,0.259,0.744,-0.047,0.181,-0.422,0.733,0.712,0.934,0.765,0.668,0.873,0.739,0.909,0.057,0.117,0.47,0.619,0.515,0.254,0.405,0.727,0.641,0.368,0.621,0.674,0.861,0.823,0.893,0.672,0.632,0.749,0.666,-0.24,0.205,0.183,0.849,0.743,0.581,-0.484,0.723,0.829,0.891,0.585,0.712,0.824,0.892,0.908,0.569,0.664,0.916,0.805,0.792,0.876,0.176,0.856,0.839,0.843,0.257,0.727,0.947,0.63,0.91,0.732,0.648,0.244,-0.02,0.929,0.741,0.75,0.648,0.031,0.762,0.824,-0.488,0.88,0.136,0.036,0.767,0.702,0.847,0.896,0.01,0.671,0.766,0.234,0.531,0.691,0.837,0.616,0.744,0.834,0.505,0.839,0.78,0.478,0.65,0.57,0.032,0.66,0.727,0.739,0.894,0.638,-0.499,0.96,-0.072,0.222,0.667,0.611,0.279,0.931,0.529,-0.206,0.828,0.681,0.898,0.172,0.698,0.464,0.832,0.309,0.565,0.529,0.116,0.75,0.876,-0.221,0.554,0.664,0.441,0.884,-0.373,0.104,0.853,0.737,0.644,0.439,0.036,0.76
CG,0.754,0.726,0.926,0.759,-0.179,-0.223,0.479,0.83,0.886,-0.478,0.762,0.64,0.196,0.838,0.856,0.837,0.762,0.811,0.71,0.875,0.909,0.752,0.888,0.858,-0.312,0.627,0.726,0.773,0.861,0.0,0.776,0.841,0.472,-0.076,0.169,0.836,0.454,0.726,0.519,0.884,-0.326,0.396,0.147,0.885,0.756,0.759,0.87,0.649,-0.502,-0.126,0.832,0.494,0.887,0.614,0.414,0.321,0.615,0.796,0.766,0.574,0.099,0.146,0.777,0.311,0.12,-0.35,0.607,0.804,0.823,0.691,0.577,0.859,0.761,0.893,-0.123,0.057,0.496,0.831,0.432,0.33,0.467,0.688,0.741,0.34,0.635,0.654,0.71,0.647,0.787,0.691,0.792,0.887,0.607,-0.15,0.338,0.106,0.902,0.73,0.737,-0.507,0.911,0.896,0.82,0.557,0.811,0.813,0.887,0.94,0.637,0.886,0.847,0.854,0.632,0.886,0.124,0.865,0.93,0.886,0.442,0.786,0.852,0.419,0.908,0.736,0.553,0.494,0.058,0.878,0.847,0.775,0.723,-0.031,0.875,0.65,-0.204,0.765,0.018,0.106,0.75,0.687,0.802,0.9,0.103,0.799,0.898,0.462,0.453,0.859,0.874,0.42,0.877,0.885,0.399,0.617,0.915,0.362,0.659,0.434,-0.127,0.619,0.847,0.796,0.894,0.85,-0.258,0.873,0.047,0.179,0.616,0.69,0.233,0.79,0.649,0.146,0.759,0.785,0.94,0.367,0.732,0.372,0.793,0.271,0.82,0.706,0.083,0.738,0.891,-0.296,0.593,0.719,0.435,0.857,-0.451,0.447,0.911,0.712,0.452,0.349,-0.149,0.766
CGBD,0.856,0.411,0.798,0.526,-0.571,-0.558,0.052,0.748,0.759,-0.638,0.813,0.517,-0.277,0.817,0.878,0.555,0.643,0.775,0.891,0.576,0.876,0.536,0.86,0.677,-0.474,0.177,0.402,0.818,0.723,0.776,0.0,0.592,0.369,0.277,0.22,0.674,0.431,0.88,0.506,0.897,-0.286,0.477,-0.153,0.732,0.487,0.5,0.853,0.753,-0.66,-0.468,0.841,0.356,0.877,0.771,-0.069,0.589,0.148,0.782,0.647,0.291,-0.128,-0.272,0.559,0.235,0.054,-0.412,0.434,0.835,0.729,0.808,0.586,0.834,0.533,0.815,-0.32,0.451,0.071,0.818,0.319,-0.151,0.537,0.812,0.9,0.443,0.711,0.904,0.814,0.592,0.649,0.88,0.891,0.843,0.149,-0.527,0.624,0.024,0.863,0.333,0.733,-0.785,0.805,0.751,0.526,0.538,0.62,0.546,0.67,0.738,0.392,0.849,0.832,0.884,0.704,0.824,0.038,0.718,0.762,0.737,0.102,0.586,0.72,0.443,0.762,0.858,0.517,0.151,-0.396,0.859,0.819,0.781,0.393,-0.118,0.788,0.674,-0.386,0.548,-0.416,-0.337,0.843,0.547,0.69,0.597,-0.261,0.9,0.754,0.194,0.094,0.867,0.87,-0.009,0.532,0.899,-0.041,0.557,0.89,0.432,0.859,0.622,-0.412,0.722,0.68,0.731,0.877,0.778,-0.349,0.685,-0.228,-0.234,0.701,0.288,0.131,0.745,0.288,0.193,0.753,0.863,0.861,-0.022,0.461,0.681,0.905,-0.032,0.516,0.305,-0.206,0.47,0.617,-0.492,0.299,0.902,0.612,0.874,-0.77,0.394,0.893,0.339,0.077,-0.138,-0.453,0.511
