,ACET,ADAP,ADI,ADPT,ADTN,AGEN,ALGN,ALLK,AMD,AMWD,ARDX,ARQT,ASTE,AUPH,AVXL,AZTA,BAND,BECN,BFC,BGC,BHF,BHFAL,BKNG,BL,BOKF,BRKR,CACC,CAR,CDNA,CG,CGBD,CHI,CHTR,CHX,CLNE,CME,CNOB,CNXN,CPRX,CSGP,CSGS,CSIQ,CVCO,CVLT,CYRX,DDOG,DOOO,DSGX,DTIL,ECPG,EEFT,EFSC,ENTG,ESPR,ETSY,EXC,FAMI,FFIV,FITB,FIZZ,FMBH,FOX,FTNT,FULT,GABC,GEN,GH,GMAB,GNPX,GO,GOGL,GOOG,GPRO,GSHD,GSM,GWAV,HAIN,HBAN,HEPA,HURN,HWKN,IBIO,ICFI,IGMS,IMKTA,INCY,INO,IRDM,IRTC,IRWD,ITCI,JACK,JD,JJSF,KALA,KHC,KLAC,KRRO,KRYS,LANC,LBTYA,LIVN,LKCO,LNTH,LOGI,LPRO,LRCX,LSCC,LSTR,MAR,MARA,MCHP,MEOH,META,MGTX,MKSI,MMYT,MORN,MRUS,MTLS,MTSI,MVIS,MXL,NBIX,NFE,NMIH,NMRK,NNDM,NSIT,NTCT,NVAX,OCUL,ODP,OLED,ONB,OTEX,PACB,PATK,PAYX,PEP,PERI,PI,PLYA,PRDO,PRGS,PTGX,QCOM,QCRH,QDEL,QFIN,RGEN,RILY,RPAY,RPD,SABR,SEDG,SHEN,SIRI,SLNO,SNDL,SNEX,SONO,SPT,SSNC,STGW,STKL,STRL,STX,SWTX,SYNA,TFSL,TIGR,TNXP,TOWN,TRI,TRIP,TRMB,TRNS,TRS,TSCO,TSEM,TVTX,TXRH,VC,VCEL,VECO,VIAV,VICR,VIR,VRTX,VSTM,VTRS,WDFC,WSBC,WSC,WYNN,XENE,XNCR,XRAY,ZS
ACET,0.0,0.583,0.519,0.763,-0.098,0.531,0.644,-0.058,0.377,0.469,0.582,0.394,0.644,0.283,0.18,0.523,0.631,0.331,0.044,0.602,0.652,0.206,0.638,0.818,0.458,0.591,0.563,0.567,0.792,0.614,0.467,0.652,0.608,0.704,0.535,0.439,0.229,0.529,0.8,0.666,0.475,0.396,0.074,0.039,0.712,0.573,0.684,0.715,0.869,0.482,0.538,0.188,0.448,0.377,0.671,0.356,0.716,0.556,0.647,0.505,0.076,0.462,0.555,0.088,0.097,0.673,0.689,0.809,0.555,0.424,0.657,0.75,0.698,0.289,0.816,0.547,0.593,0.579,0.506,0.065,0.098,-0.006,-0.188,0.565,0.625,0.605,0.636,0.279,0.649,0.519,0.848,0.478,0.37,0.161,0.679,0.539,0.635,0.544,0.08,0.484,0.649,0.623,0.557,0.76,0.559,0.379,0.545,0.456,0.253,0.713,0.723,0.404,0.716,0.519,0.644,0.642,0.744,0.75,0.844,0.657,0.593,0.42,0.496,0.289,0.815,0.408,0.576,0.733,-0.01,0.744,0.552,0.284,0.393,0.508,0.134,0.617,0.662,0.672,0.317,-0.104,0.675,0.528,0.371,0.522,0.612,0.015,0.419,0.553,0.64,0.437,0.754,-0.015,0.567,0.6,0.533,0.375,0.234,0.596,0.506,0.594,0.586,0.699,0.266,0.608,0.569,0.762,0.63,0.477,0.802,0.481,0.157,0.49,0.736,0.179,0.58,0.752,0.636,0.384,0.39,0.301,0.585,0.606,0.514,0.543,0.513,0.685,0.789,0.521,0.634,0.132,0.165,0.751,0.293,0.119,0.514,0.014,0.655,0.7,0.617,0.559
ADAP,0.583,0.0,0.53,0.598,-0.717,0.188,0.884,-0.643,0.836,0.758,0.069,-0.204,0.93,-0.011,-0.6,0.889,0.917,-0.332,0.552,0.736,0.678,0.841,0.942,0.731,0.271,-0.061,0.854,-0.112,0.297,0.939,0.953,0.907,0.958,0.425,0.753,0.873,0.826,0.151,0.638,0.028,-0.065,0.679,-0.385,-0.609,0.923,0.598,0.898,0.23,0.683,0.939,0.914,0.653,0.769,0.277,0.29,0.905,0.941,0.239,0.772,0.873,0.726,0.911,0.047,-0.02,0.634,0.844,0.311,0.472,0.903,0.877,0.823,0.815,0.925,0.74,0.795,0.896,0.843,0.677,0.915,-0.421,-0.1,0.7,-0.683,-0.022,0.572,0.198,0.837,-0.387,0.875,0.792,0.478,0.942,0.841,0.811,0.917,0.762,0.752,0.885,0.138,0.912,0.956,0.8,0.895,0.753,0.562,0.857,0.738,0.134,-0.381,0.878,0.192,0.395,0.192,0.9,0.383,0.751,0.635,0.8,0.683,0.699,0.203,0.823,0.235,-0.109,0.791,-0.002,0.946,0.693,-0.14,0.638,0.964,0.891,0.665,0.666,-0.02,0.874,0.213,0.802,0.82,0.465,0.462,0.695,0.822,0.799,0.159,-0.439,0.716,0.741,0.942,0.218,0.638,0.587,0.921,0.931,0.902,0.913,0.809,0.636,0.895,0.805,0.101,0.895,0.265,0.87,0.396,0.65,0.689,0.92,0.398,0.601,0.718,0.848,0.929,0.687,0.898,0.888,0.8,-0.046,0.247,-0.272,0.605,0.665,0.373,0.878,0.844,0.683,0.546,0.503,-0.015,-0.557,0.771,0.776,0.765,0.405,0.23,-0.288,0.724,0.746,0.909,0.42
ADI,0.519,0.53,0.0,0.841,0.004,0.241,0.723,0.075,0.661,0.788,0.518,0.392,0.65,0.306,0.022,0.702,0.727,0.283,0.467,0.733,0.787,0.365,0.676,0.797,0.721,0.462,0.763,0.285,0.583,0.738,0.606,0.746,0.657,0.699,0.859,0.59,0.6,0.744,0.432,0.506,0.358,0.534,0.439,0.185,0.725,0.888,0.743,0.693,0.681,0.548,0.769,0.616,0.798,0.017,0.685,0.451,0.538,0.755,0.817,0.513,0.438,0.66,0.688,0.538,0.623,0.648,0.791,0.686,0.625,0.261,0.688,0.826,0.647,0.604,0.799,0.417,0.539,0.87,0.47,0.06,0.27,0.295,0.029,0.416,0.269,0.735,0.594,0.257,0.747,0.61,0.495,0.636,0.634,0.213,0.617,0.427,0.889,0.62,0.376,0.491,0.653,0.656,0.618,0.774,0.718,0.595,0.866,0.866,0.342,0.705,0.683,0.962,0.501,0.644,0.592,0.851,0.792,0.821,0.53,0.669,0.815,0.591,0.917,0.471,0.771,0.671,0.683,0.534,0.488,0.864,0.486,0.436,0.681,0.917,0.554,0.723,0.726,0.763,0.574,0.271,0.53,0.906,0.576,0.613,0.602,0.131,0.85,0.765,0.584,0.75,0.784,0.549,0.596,0.657,0.741,0.507,0.367,0.705,0.6,0.67,0.619,0.658,0.858,0.836,0.543,0.699,0.792,0.644,0.466,0.799,0.642,0.807,0.543,0.644,0.741,0.695,0.813,0.61,0.715,0.396,0.787,0.798,0.645,0.714,0.481,0.909,0.765,0.802,0.475,0.115,0.199,0.675,0.606,0.421,0.78,0.407,0.784,0.689,0.642,0.879
ADPT,0.763,0.598,0.841,0.0,-0.04,0.353,0.765,0.022,0.602,0.69,0.574,0.438,0.697,0.472,0.135,0.704,0.773,0.368,0.28,0.667,0.793,0.26,0.759,0.945,0.687,0.632,0.733,0.426,0.842,0.77,0.593,0.752,0.711,0.786,0.842,0.622,0.48,0.758,0.682,0.616,0.407,0.587,0.31,0.155,0.799,0.847,0.798,0.791,0.922,0.536,0.74,0.428,0.732,0.174,0.796,0.41,0.7,0.782,0.859,0.506,0.272,0.662,0.688,0.354,0.386,0.669,0.91,0.807,0.691,0.309,0.659,0.843,0.767,0.595,0.898,0.518,0.706,0.895,0.553,0.066,0.298,0.126,-0.074,0.669,0.347,0.788,0.724,0.286,0.823,0.711,0.793,0.638,0.571,0.144,0.694,0.481,0.867,0.657,0.369,0.461,0.721,0.762,0.704,0.894,0.805,0.577,0.793,0.765,0.386,0.84,0.824,0.784,0.708,0.674,0.8,0.856,0.861,0.877,0.812,0.77,0.744,0.634,0.8,0.49,0.887,0.675,0.695,0.693,0.266,0.886,0.582,0.396,0.642,0.772,0.364,0.777,0.834,0.833,0.529,0.075,0.629,0.861,0.57,0.77,0.649,0.101,0.639,0.74,0.705,0.615,0.894,0.273,0.667,0.692,0.757,0.508,0.354,0.649,0.626,0.718,0.702,0.759,0.737,0.809,0.699,0.854,0.811,0.608,0.816,0.77,0.459,0.771,0.715,0.451,0.772,0.838,0.808,0.645,0.559,0.321,0.822,0.871,0.752,0.674,0.581,0.906,0.847,0.802,0.606,0.209,0.241,0.796,0.51,0.243,0.745,0.259,0.844,0.842,0.707,0.843
ADTN,-0.098,-0.717,0.004,-0.04,0.0,0.212,-0.545,0.87,-0.675,-0.356,0.507,0.681,-0.589,0.32,0.859,-0.628,-0.551,0.774,-0.513,-0.279,-0.139,-0.842,-0.593,-0.18,0.271,0.599,-0.536,0.607,0.204,-0.574,-0.723,-0.477,-0.634,0.172,-0.34,-0.691,-0.722,0.419,-0.247,0.548,0.54,-0.518,0.756,0.924,-0.533,-0.143,-0.503,0.402,-0.158,-0.751,-0.564,-0.415,-0.469,-0.044,0.3,-0.826,-0.633,0.226,-0.292,-0.646,-0.698,-0.632,0.558,0.379,-0.507,-0.464,0.276,0.137,-0.628,-0.833,-0.367,-0.325,-0.587,-0.636,-0.251,-0.757,-0.591,-0.205,-0.724,0.718,0.301,-0.788,0.865,0.451,-0.231,0.35,-0.583,0.81,-0.483,-0.531,0.07,-0.654,-0.646,-0.837,-0.545,-0.508,-0.288,-0.589,-0.122,-0.673,-0.629,-0.473,-0.615,-0.33,-0.216,-0.699,-0.36,0.429,0.704,-0.468,0.383,0.094,0.414,-0.656,0.036,-0.323,-0.156,-0.3,-0.278,-0.365,0.409,-0.624,0.311,0.522,-0.259,0.546,-0.622,-0.366,0.512,-0.042,-0.779,-0.813,-0.322,-0.195,0.427,-0.526,0.348,-0.342,-0.671,-0.605,0.034,-0.221,-0.648,-0.517,0.453,0.519,-0.353,-0.276,-0.655,0.344,-0.058,-0.515,-0.702,-0.655,-0.584,-0.803,-0.813,-0.154,-0.696,-0.505,0.505,-0.505,0.136,-0.469,0.104,-0.083,-0.191,-0.692,0.052,-0.286,-0.599,-0.454,-0.629,-0.474,-0.569,-0.465,-0.412,0.472,0.251,0.722,-0.106,-0.266,0.092,-0.491,-0.642,-0.185,0.077,-0.139,0.571,0.817,-0.878,-0.329,-0.62,-0.165,0.362,0.636,-0.285,-0.329,-0.647,0.112
AGEN,0.531,0.188,0.241,0.353,0.212,0.0,0.142,0.339,-0.171,0.277,0.837,0.232,0.324,0.217,0.382,-0.058,0.116,0.601,0.055,0.601,0.62,-0.112,0.192,0.438,0.591,0.627,0.001,0.789,0.296,0.179,0.116,0.445,0.229,0.709,0.075,-0.156,-0.177,0.29,0.136,0.623,0.794,-0.362,0.205,0.373,0.307,0.043,0.187,0.662,0.453,0.049,0.1,0.209,-0.104,0.699,0.708,-0.124,0.209,0.01,0.411,0.134,-0.158,0.151,0.555,0.47,-0.055,0.436,0.388,0.748,0.015,-0.02,0.507,0.337,0.212,-0.285,0.457,-0.096,-0.037,0.254,0.072,0.543,0.009,-0.275,0.317,0.303,0.581,0.497,-0.039,0.642,0.21,-0.144,0.559,0.111,-0.154,-0.118,0.46,0.206,0.131,0.153,-0.531,0.285,0.186,-0.033,0.063,0.131,-0.117,-0.2,-0.013,0.325,0.085,0.268,0.455,0.167,0.722,-0.033,0.136,0.069,0.296,0.371,0.36,-0.083,0.547,-0.155,0.272,0.605,0.449,0.537,0.254,0.006,0.419,0.556,0.096,-0.042,0.244,0.328,0.558,0.013,0.595,0.426,-0.26,-0.588,0.903,0.259,-0.218,0.06,0.713,-0.316,0.122,0.451,0.093,0.635,0.62,-0.175,-0.028,0.062,0.147,-0.149,-0.347,0.496,-0.077,0.284,0.628,0.384,0.058,0.159,0.638,0.539,0.521,-0.025,0.452,-0.168,-0.268,0.09,0.165,0.116,0.043,0.324,0.026,0.184,0.439,0.563,0.378,0.089,0.383,0.364,0.232,0.17,0.715,-0.132,0.623,0.325,-0.375,0.48,-0.183,0.476,0.609,0.242,0.239,0.398,0.046,0.174
ALGN,0.644,0.884,0.723,0.765,-0.545,0.142,0.0,-0.439,0.872,0.763,0.21,-0.052,0.913,0.057,-0.445,0.928,0.947,-0.159,0.555,0.761,0.708,0.71,0.928,0.831,0.398,0.139,0.936,-0.008,0.513,0.947,0.883,0.884,0.921,0.502,0.839,0.902,0.806,0.36,0.641,0.202,0.047,0.752,-0.129,-0.39,0.927,0.751,0.884,0.416,0.792,0.886,0.945,0.619,0.865,0.114,0.466,0.833,0.924,0.51,0.85,0.871,0.656,0.897,0.269,0.108,0.635,0.796,0.53,0.581,0.881,0.744,0.751,0.912,0.944,0.837,0.87,0.84,0.865,0.793,0.799,-0.363,-0.063,0.619,-0.542,0.179,0.472,0.444,0.878,-0.222,0.921,0.802,0.543,0.886,0.878,0.619,0.849,0.713,0.882,0.896,0.277,0.808,0.939,0.908,0.873,0.889,0.77,0.873,0.869,0.406,-0.098,0.906,0.423,0.634,0.28,0.888,0.605,0.877,0.787,0.881,0.759,0.824,0.421,0.804,0.504,0.076,0.814,0.232,0.93,0.759,-0.06,0.75,0.895,0.79,0.671,0.785,0.089,0.93,0.439,0.851,0.799,0.439,0.449,0.788,0.799,0.813,0.277,-0.276,0.811,0.777,0.912,0.369,0.747,0.51,0.908,0.924,0.914,0.858,0.722,0.663,0.897,0.828,0.296,0.908,0.527,0.938,0.432,0.706,0.739,0.912,0.5,0.807,0.729,0.881,0.909,0.664,0.952,0.905,0.904,0.221,0.397,-0.085,0.652,0.831,0.486,0.863,0.795,0.852,0.656,0.691,0.212,-0.338,0.643,0.821,0.819,0.346,0.364,-0.035,0.801,0.785,0.967,0.612
ALLK,-0.058,-0.643,0.075,0.022,0.87,0.339,-0.439,0.0,-0.614,-0.202,0.596,0.623,-0.447,0.279,0.824,-0.571,-0.495,0.802,-0.282,-0.094,0.027,-0.774,-0.501,-0.101,0.444,0.63,-0.453,0.66,0.185,-0.497,-0.637,-0.355,-0.544,0.291,-0.293,-0.656,-0.623,0.411,-0.338,0.553,0.612,-0.578,0.768,0.914,-0.436,-0.119,-0.449,0.438,-0.103,-0.661,-0.473,-0.212,-0.43,0.044,0.42,-0.757,-0.571,0.143,-0.135,-0.561,-0.572,-0.487,0.583,0.582,-0.332,-0.374,0.28,0.232,-0.623,-0.761,-0.289,-0.245,-0.491,-0.575,-0.167,-0.745,-0.579,-0.065,-0.703,0.786,0.369,-0.735,0.913,0.454,-0.152,0.43,-0.588,0.839,-0.373,-0.569,0.068,-0.587,-0.587,-0.793,-0.451,-0.398,-0.254,-0.538,-0.197,-0.53,-0.529,-0.451,-0.556,-0.286,-0.281,-0.668,-0.321,0.448,0.726,-0.381,0.383,0.169,0.421,-0.588,0.007,-0.296,-0.092,-0.221,-0.272,-0.401,0.461,-0.653,0.348,0.708,-0.198,0.631,-0.477,-0.425,0.571,0.046,-0.699,-0.697,-0.204,-0.027,0.614,-0.492,0.442,-0.224,-0.669,-0.626,0.198,-0.134,-0.64,-0.454,0.528,0.357,-0.268,-0.106,-0.597,0.486,0.058,-0.401,-0.658,-0.589,-0.47,-0.748,-0.797,-0.071,-0.615,-0.386,0.584,-0.417,0.203,-0.387,0.178,0.013,-0.018,-0.657,0.077,-0.287,-0.501,-0.395,-0.587,-0.281,-0.502,-0.394,-0.377,0.537,0.383,0.739,-0.113,-0.208,0.129,-0.345,-0.547,-0.151,0.188,-0.178,0.59,0.764,-0.877,-0.219,-0.594,0.062,0.488,0.636,-0.232,-0.228,-0.582,0.106
AMD,0.377,0.836,0.661,0.602,-0.675,-0.171,0.872,-0.614,0.0,0.752,-0.131,-0.156,0.813,0.07,-0.616,0.961,0.913,-0.432,0.644,0.546,0.508,0.848,0.868,0.635,0.187,-0.178,0.924,-0.34,0.288,0.901,0.908,0.762,0.87,0.242,0.865,0.947,0.951,0.237,0.542,-0.096,-0.278,0.877,-0.25,-0.567,0.835,0.764,0.857,0.122,0.554,0.886,0.924,0.658,0.94,-0.085,0.157,0.914,0.807,0.441,0.69,0.797,0.797,0.863,0.013,-0.022,0.768,0.694,0.352,0.263,0.91,0.768,0.626,0.766,0.844,0.942,0.665,0.865,0.835,0.71,0.833,-0.563,-0.006,0.783,-0.668,0.009,0.249,0.18,0.895,-0.501,0.84,0.877,0.238,0.908,0.939,0.757,0.715,0.593,0.831,0.84,0.508,0.73,0.864,0.845,0.866,0.794,0.759,0.978,0.884,0.297,-0.209,0.803,0.19,0.592,-0.029,0.936,0.462,0.855,0.638,0.755,0.554,0.812,0.198,0.941,0.411,-0.159,0.661,0.009,0.859,0.693,-0.092,0.545,0.879,0.851,0.705,0.707,-0.061,0.906,0.19,0.734,0.953,0.722,0.165,0.764,0.935,0.824,-0.012,-0.128,0.809,0.62,0.876,0.137,0.488,0.749,0.93,0.933,0.896,0.957,0.898,0.519,0.934,0.808,0.007,0.778,0.536,0.886,0.242,0.472,0.587,0.955,0.271,0.852,0.905,0.902,0.82,0.725,0.936,0.779,0.882,0.095,0.246,-0.306,0.578,0.776,0.368,0.781,0.781,0.779,0.359,0.74,-0.147,-0.532,0.845,0.618,0.919,0.252,0.18,-0.169,0.751,0.674,0.914,0.568
AMWD,0.469,0.758,0.788,0.69,-0.356,0.277,0.763,-0.202,0.752,0.0,0.303,0.098,0.854,0.181,-0.275,0.769,0.777,0.068,0.685,0.824,0.858,0.625,0.82,0.741,0.673,0.19,0.815,0.12,0.303,0.856,0.831,0.855,0.853,0.652,0.858,0.692,0.793,0.51,0.447,0.23,0.274,0.503,0.168,-0.173,0.8,0.733,0.84,0.438,0.635,0.793,0.87,0.856,0.771,0.227,0.519,0.701,0.669,0.366,0.884,0.735,0.751,0.85,0.338,0.493,0.798,0.789,0.479,0.618,0.701,0.619,0.812,0.801,0.782,0.659,0.8,0.548,0.66,0.875,0.677,0.001,0.332,0.523,-0.209,0.187,0.552,0.461,0.629,-0.013,0.823,0.657,0.453,0.822,0.66,0.589,0.748,0.728,0.76,0.69,0.127,0.787,0.828,0.61,0.75,0.718,0.541,0.686,0.747,0.484,-0.011,0.794,0.344,0.683,0.345,0.76,0.337,0.76,0.631,0.813,0.486,0.617,0.455,0.687,0.596,0.328,0.781,0.428,0.876,0.476,0.407,0.752,0.734,0.676,0.841,0.871,0.483,0.762,0.437,0.851,0.724,0.398,0.577,0.863,0.692,0.736,0.451,-0.21,0.736,0.914,0.737,0.522,0.739,0.734,0.727,0.758,0.875,0.715,0.626,0.784,0.711,0.697,0.413,0.77,0.569,0.852,0.549,0.727,0.898,0.766,0.347,0.61,0.743,0.828,0.674,0.865,0.823,0.756,0.756,0.327,0.66,0.148,0.638,0.65,0.619,0.884,0.702,0.754,0.685,0.546,0.207,-0.228,0.449,0.785,0.686,0.646,0.628,-0.037,0.662,0.77,0.711,0.556
ARDX,0.582,0.069,0.518,0.574,0.507,0.837,0.21,0.596,-0.131,0.303,0.0,0.541,0.242,0.363,0.6,-0.001,0.167,0.829,-0.029,0.586,0.652,-0.301,0.172,0.564,0.768,0.879,0.105,0.904,0.564,0.191,0.016,0.398,0.168,0.836,0.242,-0.13,-0.202,0.633,0.208,0.846,0.874,-0.219,0.548,0.665,0.29,0.302,0.205,0.888,0.569,-0.042,0.14,0.153,0.033,0.45,0.894,-0.237,0.153,0.4,0.491,0.051,-0.267,0.114,0.862,0.627,-0.073,0.336,0.686,0.857,0.003,-0.229,0.441,0.43,0.202,-0.189,0.551,-0.163,-0.014,0.428,-0.063,0.645,0.179,-0.41,0.521,0.594,0.417,0.797,-0.007,0.839,0.268,-0.073,0.675,0.044,-0.115,-0.366,0.343,0.123,0.33,0.121,-0.286,0.114,0.161,0.107,0.035,0.303,0.132,-0.184,0.193,0.69,0.473,0.293,0.743,0.496,0.867,-0.032,0.378,0.255,0.481,0.454,0.41,0.072,0.832,-0.139,0.648,0.811,0.515,0.83,0.204,0.107,0.559,0.683,-0.028,-0.187,0.256,0.467,0.686,0.098,0.837,0.442,-0.239,-0.601,0.819,0.415,-0.201,0.082,0.895,0.007,0.247,0.484,0.062,0.83,0.727,-0.201,-0.056,0.055,0.148,-0.217,-0.419,0.513,-0.07,0.244,0.88,0.339,0.406,0.249,0.657,0.635,0.588,-0.042,0.572,0.092,-0.222,0.172,0.125,0.073,0.107,0.325,0.172,0.582,0.633,0.804,0.493,0.302,0.511,0.321,0.082,0.404,0.823,0.162,0.875,0.601,-0.511,0.475,-0.164,0.367,0.836,0.556,0.358,0.418,0.061,0.499
ARQT,0.394,-0.204,0.392,0.438,0.681,0.232,-0.052,0.623,-0.156,0.098,0.541,0.0,-0.063,0.424,0.68,-0.064,-0.014,0.646,-0.344,0.05,0.249,-0.431,-0.063,0.317,0.444,0.672,0.009,0.605,0.588,-0.059,-0.246,-0.009,-0.133,0.461,0.148,-0.168,-0.262,0.745,0.294,0.74,0.504,0.003,0.674,0.681,0.026,0.438,0.103,0.618,0.281,-0.224,-0.021,-0.113,0.069,-0.06,0.46,-0.323,-0.111,0.629,0.142,-0.223,-0.376,-0.188,0.717,0.329,-0.153,0.03,0.61,0.412,-0.065,-0.333,0.106,0.191,-0.073,-0.188,0.247,-0.207,-0.045,0.272,-0.201,0.511,0.48,-0.542,0.549,0.669,0.059,0.519,-0.006,0.63,0.037,0.002,0.406,-0.163,-0.146,-0.458,-0.088,-0.086,0.223,-0.147,0.233,-0.275,-0.083,0.067,-0.079,0.239,0.259,-0.167,0.176,0.648,0.796,0.044,0.722,0.373,0.577,-0.054,0.344,0.262,0.302,0.258,0.114,0.192,0.635,-0.094,0.594,0.46,0.284,0.567,-0.146,0.217,0.415,0.375,-0.281,-0.351,0.049,0.219,0.403,0.061,0.566,0.111,-0.158,-0.24,0.255,0.193,-0.091,-0.06,0.663,0.629,0.079,0.097,-0.095,0.51,0.278,-0.123,-0.122,-0.054,-0.077,-0.301,-0.316,0.165,-0.129,-0.023,0.628,-0.057,0.337,0.083,0.279,0.304,0.208,-0.159,0.406,0.221,-0.12,0.037,-0.081,-0.138,-0.026,0.07,0.202,0.621,0.463,0.619,0.249,0.2,0.299,-0.079,-0.25,0.348,0.41,0.381,0.668,0.579,-0.458,0.1,-0.211,-0.108,0.567,0.432,0.236,0.057,-0.122,0.54
ASTE,0.644,0.93,0.65,0.697,-0.589,0.324,0.913,-0.447,0.813,0.854,0.242,-0.063,0.0,0.1,-0.453,0.856,0.895,-0.131,0.641,0.83,0.814,0.766,0.936,0.801,0.472,0.113,0.866,0.072,0.397,0.944,0.927,0.941,0.953,0.564,0.785,0.827,0.804,0.325,0.616,0.198,0.17,0.601,-0.162,-0.424,0.943,0.671,0.907,0.407,0.749,0.919,0.929,0.749,0.775,0.363,0.462,0.847,0.908,0.334,0.87,0.915,0.734,0.915,0.22,0.189,0.698,0.904,0.426,0.62,0.861,0.816,0.869,0.885,0.93,0.711,0.873,0.782,0.806,0.779,0.848,-0.215,0.046,0.606,-0.496,0.119,0.679,0.342,0.806,-0.191,0.901,0.741,0.534,0.926,0.797,0.736,0.902,0.811,0.775,0.858,0.092,0.918,0.945,0.767,0.876,0.806,0.609,0.808,0.745,0.305,-0.187,0.907,0.349,0.517,0.322,0.858,0.447,0.788,0.706,0.891,0.679,0.706,0.364,0.761,0.396,0.09,0.843,0.203,0.969,0.66,0.064,0.756,0.92,0.827,0.774,0.785,0.208,0.867,0.38,0.914,0.76,0.405,0.591,0.773,0.771,0.789,0.35,-0.408,0.746,0.856,0.885,0.396,0.759,0.587,0.871,0.905,0.924,0.839,0.713,0.771,0.832,0.808,0.313,0.93,0.37,0.904,0.541,0.761,0.813,0.886,0.461,0.631,0.707,0.858,0.884,0.762,0.904,0.908,0.823,0.13,0.462,-0.046,0.623,0.687,0.536,0.929,0.853,0.76,0.689,0.52,0.183,-0.41,0.614,0.886,0.774,0.528,0.404,-0.179,0.74,0.808,0.896,0.488
AUPH,0.283,-0.011,0.306,0.472,0.32,0.217,0.057,0.279,0.07,0.181,0.363,0.424,0.1,0.0,0.426,0.06,0.187,0.486,0.039,0.011,0.241,-0.181,0.211,0.341,0.385,0.476,0.064,0.471,0.559,0.172,0.026,0.089,0.11,0.35,0.319,-0.004,-0.031,0.507,0.329,0.488,0.346,0.136,0.322,0.397,0.128,0.347,0.214,0.518,0.419,-0.116,0.079,0.1,0.18,0.337,0.5,-0.146,0.072,0.383,0.278,-0.006,-0.092,0.103,0.463,0.303,-0.009,0.098,0.572,0.361,0.133,-0.232,0.069,0.202,0.165,0.077,0.237,-0.075,0.112,0.367,0.04,0.338,0.404,-0.348,0.245,0.612,0.098,0.439,0.197,0.382,0.251,0.283,0.387,0.144,-0.007,-0.175,0.022,-0.086,0.25,0.108,0.255,-0.107,0.072,0.12,0.115,0.273,0.389,0.02,0.15,0.466,0.493,0.341,0.452,0.361,0.551,0.064,0.51,0.259,0.34,0.277,0.316,0.23,0.422,0.214,0.443,0.401,0.271,0.533,0.07,0.2,0.391,0.274,0.033,-0.194,0.449,0.258,0.277,0.154,0.521,0.341,0.079,-0.179,0.27,0.379,0.168,0.368,0.386,0.292,0.003,0.199,0.102,0.191,0.396,-0.067,0.046,0.08,0.141,-0.031,-0.124,0.337,-0.051,0.16,0.55,0.263,0.435,0.092,0.682,0.456,0.27,-0.02,0.511,0.222,-0.056,0.222,0.092,0.056,0.159,0.301,0.158,0.43,0.246,0.417,0.387,0.321,0.651,0.168,0.271,0.314,0.356,0.326,0.423,0.439,-0.102,0.23,0.051,0.053,0.446,0.38,0.312,0.443,0.066,0.437
AVXL,0.18,-0.6,0.022,0.135,0.859,0.382,-0.445,0.824,-0.616,-0.275,0.6,0.68,-0.453,0.426,0.0,-0.543,-0.448,0.877,-0.497,-0.198,-0.004,-0.825,-0.458,0.009,0.352,0.76,-0.453,0.755,0.401,-0.459,-0.628,-0.355,-0.491,0.355,-0.235,-0.604,-0.702,0.483,-0.051,0.676,0.66,-0.465,0.709,0.901,-0.378,-0.083,-0.348,0.504,0.073,-0.66,-0.501,-0.434,-0.419,0.098,0.454,-0.773,-0.469,0.29,-0.155,-0.583,-0.727,-0.548,0.603,0.35,-0.552,-0.294,0.42,0.33,-0.518,-0.722,-0.26,-0.196,-0.413,-0.587,-0.086,-0.649,-0.423,-0.072,-0.594,0.737,0.441,-0.87,0.811,0.658,-0.098,0.499,-0.42,0.866,-0.329,-0.391,0.317,-0.589,-0.655,-0.831,-0.392,-0.374,-0.215,-0.505,-0.089,-0.595,-0.477,-0.397,-0.482,-0.149,-0.124,-0.661,-0.309,0.443,0.735,-0.297,0.528,0.084,0.592,-0.538,0.199,-0.222,0.001,-0.151,-0.036,-0.246,0.444,-0.534,0.347,0.632,-0.071,0.62,-0.5,-0.207,0.451,0.073,-0.627,-0.777,-0.25,-0.166,0.4,-0.421,0.522,-0.193,-0.621,-0.678,0.23,-0.149,-0.601,-0.336,0.557,0.523,-0.4,-0.18,-0.497,0.345,0.104,-0.576,-0.568,-0.545,-0.459,-0.725,-0.755,-0.066,-0.595,-0.356,0.615,-0.353,0.125,-0.382,0.26,0.082,-0.04,-0.629,0.355,-0.237,-0.629,-0.418,-0.436,-0.498,-0.462,-0.299,-0.32,0.571,0.253,0.754,0.019,-0.132,0.257,-0.422,-0.469,-0.098,0.217,-0.066,0.69,0.917,-0.818,-0.109,-0.604,-0.182,0.469,0.444,-0.172,-0.081,-0.532,0.132
AZTA,0.523,0.889,0.702,0.704,-0.628,-0.058,0.928,-0.571,0.961,0.769,-0.001,-0.064,0.856,0.06,-0.543,0.0,0.961,-0.333,0.546,0.627,0.595,0.791,0.921,0.77,0.254,-0.023,0.95,-0.223,0.418,0.945,0.911,0.836,0.917,0.381,0.895,0.959,0.896,0.306,0.66,0.042,-0.171,0.881,-0.23,-0.508,0.913,0.809,0.923,0.242,0.687,0.905,0.963,0.596,0.947,-0.064,0.29,0.889,0.888,0.517,0.769,0.789,0.705,0.881,0.145,-0.03,0.68,0.744,0.474,0.392,0.94,0.777,0.698,0.843,0.916,0.912,0.784,0.905,0.905,0.769,0.874,-0.521,-0.01,0.708,-0.65,0.104,0.297,0.293,0.92,-0.406,0.904,0.902,0.41,0.915,0.93,0.692,0.812,0.641,0.904,0.881,0.475,0.744,0.931,0.918,0.916,0.873,0.79,0.962,0.926,0.357,-0.165,0.871,0.321,0.618,0.127,0.973,0.544,0.917,0.722,0.835,0.683,0.853,0.301,0.924,0.46,-0.084,0.78,0.083,0.893,0.786,-0.119,0.656,0.904,0.859,0.668,0.739,-0.051,0.964,0.301,0.783,0.924,0.609,0.289,0.786,0.915,0.859,0.127,-0.151,0.828,0.673,0.943,0.221,0.607,0.661,0.969,0.969,0.925,0.944,0.859,0.538,0.963,0.848,0.105,0.837,0.532,0.943,0.307,0.59,0.658,0.967,0.426,0.87,0.845,0.916,0.904,0.667,0.971,0.859,0.939,0.154,0.268,-0.274,0.685,0.848,0.397,0.798,0.786,0.836,0.5,0.785,-0.003,-0.464,0.804,0.691,0.855,0.214,0.271,-0.148,0.825,0.732,0.954,0.65
BAND,0.631,0.917,0.727,0.773,-0.551,0.116,0.947,-0.495,0.913,0.777,0.167,-0.014,0.895,0.187,-0.448,0.961,0.0,-0.2,0.54,0.7,0.677,0.745,0.962,0.843,0.348,0.103,0.932,-0.043,0.515,0.972,0.915,0.89,0.944,0.49,0.898,0.919,0.828,0.353,0.709,0.185,-0.035,0.826,-0.202,-0.421,0.942,0.794,0.934,0.387,0.792,0.87,0.958,0.607,0.911,0.124,0.434,0.846,0.931,0.518,0.83,0.826,0.652,0.906,0.254,0.043,0.624,0.783,0.565,0.534,0.935,0.739,0.759,0.902,0.953,0.841,0.857,0.874,0.884,0.793,0.855,-0.418,-0.045,0.623,-0.591,0.192,0.42,0.4,0.92,-0.281,0.949,0.888,0.539,0.938,0.905,0.658,0.862,0.646,0.921,0.923,0.369,0.777,0.949,0.92,0.914,0.887,0.784,0.912,0.902,0.413,-0.136,0.941,0.401,0.647,0.293,0.944,0.636,0.913,0.804,0.892,0.763,0.843,0.407,0.9,0.498,0.022,0.84,0.196,0.927,0.801,-0.043,0.734,0.914,0.807,0.72,0.782,0.03,0.957,0.421,0.854,0.868,0.472,0.428,0.817,0.884,0.878,0.249,-0.202,0.821,0.735,0.956,0.319,0.727,0.566,0.941,0.962,0.926,0.903,0.763,0.659,0.919,0.878,0.258,0.922,0.551,0.935,0.476,0.706,0.721,0.938,0.529,0.83,0.756,0.933,0.929,0.658,0.972,0.935,0.924,0.18,0.332,-0.141,0.741,0.874,0.505,0.867,0.847,0.861,0.626,0.749,0.134,-0.376,0.726,0.768,0.822,0.288,0.364,-0.035,0.86,0.822,0.956,0.682
BECN,0.331,-0.332,0.283,0.368,0.774,0.601,-0.159,0.802,-0.432,0.068,0.829,0.646,-0.131,0.486,0.877,-0.333,-0.2,0.0,-0.237,0.19,0.365,-0.654,-0.165,0.282,0.681,0.896,-0.213,0.895,0.485,-0.156,-0.348,-0.025,-0.182,0.654,0.017,-0.419,-0.479,0.637,0.045,0.784,0.884,-0.405,0.783,0.898,-0.113,0.092,-0.099,0.737,0.323,-0.396,-0.211,-0.101,-0.226,0.306,0.742,-0.571,-0.226,0.331,0.218,-0.284,-0.477,-0.216,0.788,0.626,-0.311,-0.035,0.574,0.64,-0.336,-0.539,0.054,0.078,-0.133,-0.41,0.226,-0.526,-0.242,0.238,-0.395,0.845,0.466,-0.714,0.796,0.691,0.192,0.708,-0.289,0.945,-0.035,-0.259,0.532,-0.304,-0.474,-0.656,-0.1,-0.084,0.02,-0.265,-0.262,-0.278,-0.189,-0.208,-0.262,0.063,-0.001,-0.496,-0.113,0.595,0.686,-0.002,0.63,0.304,0.801,-0.345,0.274,-0.017,0.196,0.123,0.14,-0.121,0.632,-0.387,0.539,0.84,0.203,0.845,-0.165,-0.134,0.655,0.363,-0.378,-0.562,0.047,0.153,0.657,-0.2,0.702,0.129,-0.457,-0.68,0.524,0.15,-0.442,-0.112,0.797,0.271,-0.17,0.22,-0.27,0.6,0.453,-0.406,-0.378,-0.331,-0.162,-0.53,-0.631,0.28,-0.416,-0.168,0.842,-0.041,0.292,-0.104,0.541,0.415,0.332,-0.405,0.463,-0.121,-0.465,-0.164,-0.22,-0.177,-0.199,-0.018,-0.128,0.676,0.539,0.878,0.229,0.046,0.505,-0.068,-0.227,0.131,0.549,0.009,0.857,0.874,-0.748,0.199,-0.423,0.161,0.733,0.512,-0.015,0.194,-0.301,0.272
BFC,0.044,0.552,0.467,0.28,-0.513,0.055,0.555,-0.282,0.644,0.685,-0.029,-0.344,0.641,0.039,-0.497,0.546,0.54,-0.237,0.0,0.561,0.512,0.659,0.588,0.328,0.386,-0.197,0.547,-0.204,-0.099,0.604,0.679,0.594,0.613,0.228,0.543,0.553,0.745,0.031,0.002,-0.219,-0.044,0.285,-0.081,-0.35,0.535,0.361,0.492,0.017,0.23,0.617,0.623,0.836,0.539,0.221,0.168,0.619,0.431,-0.027,0.591,0.634,0.81,0.73,-0.059,0.403,0.834,0.536,0.08,0.212,0.503,0.494,0.51,0.457,0.524,0.596,0.382,0.388,0.385,0.55,0.491,-0.181,0.108,0.68,-0.263,-0.167,0.279,0.105,0.416,-0.274,0.58,0.438,-0.037,0.675,0.588,0.629,0.479,0.453,0.429,0.514,0.047,0.673,0.545,0.359,0.535,0.373,0.248,0.572,0.451,0.155,-0.279,0.536,-0.111,0.451,-0.095,0.535,0.087,0.396,0.295,0.479,0.153,0.281,0.103,0.507,0.228,0.137,0.367,0.126,0.692,0.084,0.302,0.387,0.598,0.656,0.673,0.631,0.357,0.455,0.119,0.589,0.584,0.466,0.245,0.57,0.561,0.526,0.021,-0.408,0.553,0.653,0.483,0.261,0.393,0.716,0.5,0.542,0.677,0.617,0.54,0.53,0.513,0.486,0.076,0.551,0.399,0.567,0.332,0.337,0.56,0.59,-0.024,0.365,0.696,0.606,0.391,0.83,0.582,0.465,0.416,0.06,0.395,-0.085,0.306,0.396,0.381,0.686,0.634,0.389,0.265,0.214,-0.172,-0.408,0.472,0.492,0.683,0.671,0.245,-0.054,0.384,0.536,0.529,0.186
BGC,0.602,0.736,0.733,0.667,-0.279,0.601,0.761,-0.094,0.546,0.824,0.586,0.05,0.83,0.011,-0.198,0.627,0.7,0.19,0.561,0.0,0.924,0.516,0.748,0.758,0.717,0.34,0.704,0.35,0.328,0.782,0.738,0.911,0.787,0.763,0.669,0.532,0.578,0.42,0.354,0.384,0.467,0.259,0.118,-0.073,0.806,0.569,0.727,0.6,0.678,0.712,0.768,0.735,0.566,0.423,0.67,0.575,0.685,0.284,0.875,0.705,0.537,0.782,0.483,0.536,0.61,0.822,0.48,0.791,0.584,0.518,0.891,0.82,0.739,0.452,0.852,0.483,0.508,0.753,0.586,0.088,0.031,0.409,-0.13,0.146,0.664,0.578,0.494,0.194,0.744,0.416,0.571,0.705,0.549,0.444,0.847,0.679,0.696,0.659,-0.169,0.82,0.775,0.557,0.616,0.63,0.371,0.504,0.644,0.467,-0.079,0.731,0.427,0.622,0.502,0.606,0.287,0.63,0.673,0.789,0.551,0.459,0.605,0.439,0.548,0.434,0.793,0.475,0.842,0.391,0.34,0.849,0.658,0.591,0.631,0.843,0.552,0.635,0.551,0.809,0.455,0.079,0.802,0.757,0.45,0.533,0.588,-0.407,0.747,0.909,0.652,0.722,0.839,0.484,0.598,0.668,0.77,0.544,0.368,0.806,0.596,0.677,0.511,0.797,0.442,0.793,0.561,0.762,0.891,0.655,0.387,0.436,0.501,0.697,0.644,0.728,0.686,0.754,0.644,0.274,0.664,0.28,0.626,0.569,0.488,0.876,0.616,0.692,0.842,0.369,0.411,-0.126,0.227,0.814,0.5,0.722,0.675,0.12,0.636,0.706,0.659,0.495
BHF,0.652,0.678,0.787,0.793,-0.139,0.62,0.708,0.027,0.508,0.858,0.652,0.249,0.814,0.241,-0.004,0.595,0.677,0.365,0.512,0.924,0.0,0.396,0.749,0.841,0.861,0.518,0.667,0.483,0.488,0.768,0.685,0.885,0.764,0.877,0.726,0.505,0.533,0.607,0.443,0.512,0.587,0.259,0.284,0.086,0.799,0.664,0.768,0.727,0.763,0.642,0.747,0.739,0.58,0.468,0.779,0.472,0.644,0.406,0.931,0.62,0.478,0.747,0.599,0.624,0.585,0.824,0.639,0.869,0.594,0.433,0.885,0.81,0.721,0.428,0.892,0.404,0.538,0.872,0.563,0.279,0.315,0.239,0.031,0.362,0.648,0.663,0.51,0.327,0.772,0.493,0.674,0.685,0.488,0.338,0.798,0.676,0.702,0.618,-0.068,0.728,0.742,0.526,0.641,0.695,0.456,0.459,0.625,0.594,0.126,0.777,0.592,0.67,0.662,0.587,0.398,0.672,0.7,0.845,0.598,0.488,0.684,0.466,0.661,0.565,0.872,0.647,0.803,0.421,0.483,0.906,0.607,0.509,0.738,0.851,0.662,0.645,0.696,0.875,0.438,0.034,0.838,0.837,0.459,0.624,0.739,-0.277,0.662,0.949,0.623,0.777,0.911,0.462,0.573,0.637,0.787,0.48,0.317,0.825,0.547,0.64,0.683,0.767,0.53,0.792,0.732,0.873,0.957,0.591,0.554,0.46,0.485,0.729,0.623,0.712,0.692,0.785,0.654,0.458,0.746,0.389,0.719,0.601,0.705,0.835,0.59,0.733,0.901,0.449,0.531,0.049,0.148,0.885,0.474,0.706,0.816,0.132,0.679,0.793,0.613,0.588
BHFAL,0.206,0.841,0.365,0.26,-0.842,-0.112,0.71,-0.774,0.848,0.625,-0.301,-0.431,0.766,-0.181,-0.825,0.791,0.745,-0.654,0.659,0.516,0.396,0.0,0.762,0.366,-0.019,-0.491,0.762,-0.467,-0.07,0.772,0.897,0.694,0.785,0.018,0.586,0.796,0.898,-0.132,0.316,-0.334,-0.378,0.641,-0.499,-0.789,0.714,0.442,0.71,-0.131,0.287,0.89,0.79,0.685,0.706,0.109,-0.107,0.95,0.714,0.022,0.508,0.82,0.866,0.806,-0.281,-0.115,0.769,0.692,-0.044,0.063,0.795,0.857,0.637,0.589,0.707,0.749,0.471,0.824,0.651,0.44,0.817,-0.621,-0.224,0.889,-0.763,-0.348,0.374,-0.146,0.72,-0.662,0.635,0.667,0.002,0.857,0.853,0.942,0.686,0.58,0.549,0.76,0.224,0.836,0.767,0.622,0.738,0.486,0.415,0.86,0.618,-0.086,-0.556,0.632,-0.169,0.27,-0.253,0.802,0.081,0.564,0.4,0.533,0.331,0.552,-0.06,0.79,0.034,-0.394,0.464,-0.306,0.789,0.492,-0.196,0.349,0.851,0.909,0.577,0.538,-0.134,0.713,-0.133,0.553,0.841,0.746,0.123,0.522,0.823,0.624,-0.223,-0.388,0.698,0.529,0.75,-0.009,0.266,0.78,0.825,0.819,0.772,0.91,0.876,0.466,0.814,0.653,-0.277,0.684,0.165,0.7,0.081,0.282,0.418,0.88,-0.038,0.511,0.829,0.736,0.7,0.742,0.749,0.642,0.658,-0.322,0.1,-0.481,0.349,0.445,0.105,0.749,0.742,0.474,0.171,0.375,-0.407,-0.785,0.855,0.489,0.845,0.402,-0.081,-0.348,0.523,0.465,0.787,0.199
BKNG,0.638,0.942,0.676,0.759,-0.593,0.192,0.928,-0.501,0.868,0.82,0.172,-0.063,0.936,0.211,-0.458,0.921,0.962,-0.165,0.588,0.748,0.749,0.762,0.0,0.84,0.422,0.103,0.897,0.011,0.481,0.979,0.94,0.911,0.974,0.528,0.866,0.882,0.831,0.323,0.689,0.169,0.041,0.738,-0.208,-0.438,0.945,0.735,0.953,0.398,0.802,0.898,0.946,0.683,0.859,0.279,0.464,0.85,0.934,0.399,0.883,0.85,0.716,0.948,0.226,0.117,0.66,0.828,0.513,0.572,0.91,0.775,0.806,0.882,0.97,0.807,0.867,0.849,0.882,0.824,0.881,-0.32,0.036,0.606,-0.563,0.179,0.531,0.376,0.879,-0.253,0.955,0.87,0.566,0.957,0.86,0.704,0.886,0.73,0.859,0.899,0.252,0.851,0.966,0.856,0.924,0.856,0.718,0.864,0.82,0.332,-0.169,0.977,0.351,0.572,0.339,0.92,0.554,0.853,0.763,0.878,0.758,0.793,0.363,0.87,0.433,0.055,0.86,0.207,0.955,0.749,-0.001,0.727,0.945,0.828,0.774,0.785,0.102,0.928,0.393,0.875,0.842,0.448,0.506,0.826,0.869,0.907,0.273,-0.321,0.746,0.814,0.956,0.308,0.761,0.572,0.935,0.941,0.957,0.898,0.762,0.714,0.89,0.837,0.274,0.939,0.465,0.913,0.554,0.771,0.78,0.906,0.53,0.716,0.73,0.909,0.929,0.726,0.958,0.969,0.87,0.147,0.35,-0.143,0.712,0.791,0.58,0.901,0.883,0.807,0.663,0.649,0.135,-0.382,0.708,0.83,0.797,0.413,0.384,-0.117,0.804,0.862,0.94,0.581
BL,0.818,0.731,0.797,0.945,-0.18,0.438,0.831,-0.101,0.635,0.741,0.564,0.317,0.801,0.341,0.009,0.77,0.843,0.282,0.328,0.758,0.841,0.366,0.84,0.0,0.648,0.589,0.767,0.398,0.772,0.844,0.687,0.86,0.822,0.82,0.841,0.691,0.524,0.648,0.761,0.577,0.411,0.588,0.141,0.015,0.887,0.801,0.873,0.734,0.954,0.648,0.811,0.461,0.752,0.236,0.79,0.512,0.821,0.674,0.901,0.603,0.33,0.73,0.632,0.264,0.384,0.766,0.84,0.839,0.749,0.473,0.76,0.901,0.868,0.587,0.961,0.62,0.784,0.876,0.678,0.008,0.203,0.214,-0.198,0.529,0.469,0.707,0.747,0.2,0.892,0.733,0.823,0.725,0.618,0.279,0.828,0.608,0.886,0.746,0.241,0.603,0.831,0.788,0.787,0.914,0.746,0.624,0.795,0.669,0.213,0.9,0.761,0.706,0.706,0.756,0.745,0.878,0.849,0.936,0.861,0.745,0.685,0.654,0.7,0.409,0.958,0.57,0.795,0.742,0.187,0.902,0.699,0.532,0.644,0.774,0.295,0.838,0.764,0.886,0.575,0.082,0.708,0.832,0.598,0.801,0.661,-0.103,0.67,0.788,0.81,0.59,0.929,0.284,0.745,0.775,0.812,0.597,0.423,0.683,0.707,0.785,0.641,0.842,0.602,0.865,0.694,0.899,0.851,0.69,0.819,0.725,0.466,0.796,0.83,0.477,0.83,0.902,0.838,0.506,0.516,0.222,0.865,0.859,0.701,0.747,0.671,0.876,0.89,0.733,0.566,0.065,0.332,0.85,0.521,0.272,0.695,0.118,0.84,0.874,0.781,0.789
BOKF,0.458,0.271,0.721,0.687,0.271,0.591,0.398,0.444,0.187,0.673,0.768,0.444,0.472,0.385,0.352,0.254,0.348,0.681,0.386,0.717,0.861,-0.019,0.422,0.648,0.0,0.704,0.36,0.659,0.453,0.443,0.306,0.569,0.413,0.876,0.531,0.153,0.227,0.716,0.201,0.594,0.738,-0.033,0.628,0.495,0.455,0.527,0.447,0.784,0.583,0.247,0.427,0.595,0.313,0.378,0.837,0.061,0.257,0.394,0.766,0.26,0.222,0.448,0.743,0.862,0.406,0.477,0.662,0.826,0.216,-0.002,0.603,0.538,0.384,0.16,0.659,-0.017,0.198,0.767,0.15,0.625,0.537,-0.095,0.454,0.521,0.429,0.752,0.158,0.632,0.516,0.196,0.573,0.338,0.142,-0.067,0.432,0.412,0.478,0.255,-0.128,0.37,0.382,0.239,0.29,0.474,0.278,0.099,0.386,0.707,0.424,0.506,0.622,0.671,0.727,0.221,0.331,0.427,0.521,0.602,0.355,0.233,0.735,0.134,0.741,0.835,0.633,0.879,0.481,0.107,0.741,0.765,0.21,0.124,0.597,0.724,0.879,0.314,0.765,0.655,0.112,-0.221,0.736,0.701,0.143,0.37,0.833,-0.061,0.407,0.797,0.255,0.847,0.799,0.259,0.182,0.258,0.488,0.092,-0.053,0.672,0.19,0.325,0.847,0.444,0.604,0.502,0.732,0.741,0.839,0.198,0.477,0.266,0.234,0.462,0.242,0.545,0.381,0.479,0.359,0.716,0.825,0.656,0.534,0.411,0.735,0.556,0.244,0.557,0.812,0.308,0.678,0.407,-0.238,0.659,0.173,0.677,0.929,0.39,0.437,0.614,0.246,0.532
BRKR,0.591,-0.061,0.462,0.632,0.599,0.627,0.139,0.63,-0.178,0.19,0.879,0.672,0.113,0.476,0.76,-0.023,0.103,0.896,-0.197,0.34,0.518,-0.491,0.103,0.589,0.704,0.0,0.041,0.872,0.736,0.107,-0.127,0.232,0.078,0.792,0.247,-0.114,-0.294,0.735,0.346,0.872,0.833,-0.122,0.632,0.756,0.204,0.338,0.181,0.865,0.611,-0.162,0.056,-0.067,0.047,0.262,0.871,-0.359,0.103,0.563,0.425,-0.106,-0.409,-0.015,0.878,0.472,-0.245,0.191,0.8,0.79,-0.023,-0.322,0.235,0.342,0.163,-0.169,0.497,-0.203,0.081,0.436,-0.113,0.655,0.39,-0.575,0.567,0.771,0.225,0.808,0.025,0.843,0.247,0.032,0.74,-0.068,-0.197,-0.532,0.187,0.082,0.31,0.026,-0.075,-0.106,0.085,0.113,0.042,0.381,0.272,-0.215,0.163,0.728,0.677,0.271,0.852,0.449,0.906,-0.052,0.544,0.288,0.438,0.417,0.468,0.146,0.761,-0.125,0.662,0.783,0.494,0.862,0.069,0.187,0.488,0.593,-0.109,-0.304,0.166,0.309,0.537,0.11,0.866,0.369,-0.242,-0.592,0.639,0.348,-0.208,0.153,0.88,0.217,0.054,0.344,0.043,0.666,0.669,-0.363,-0.07,-0.016,0.085,-0.279,-0.425,0.342,-0.109,0.132,0.898,0.209,0.417,0.189,0.632,0.612,0.483,-0.136,0.735,0.165,-0.29,0.093,0.114,-0.126,0.088,0.272,0.172,0.739,0.517,0.755,0.495,0.351,0.602,0.102,-0.013,0.396,0.731,0.283,0.926,0.772,-0.52,0.422,-0.228,0.062,0.783,0.46,0.304,0.415,0.016,0.532
CACC,0.563,0.854,0.763,0.733,-0.536,0.001,0.936,-0.453,0.924,0.815,0.105,0.009,0.866,0.064,-0.453,0.95,0.932,-0.213,0.547,0.704,0.667,0.762,0.897,0.767,0.36,0.041,0.0,-0.1,0.455,0.938,0.892,0.838,0.891,0.442,0.898,0.908,0.875,0.407,0.608,0.147,-0.038,0.827,-0.059,-0.411,0.888,0.818,0.903,0.339,0.705,0.904,0.952,0.643,0.92,0.01,0.365,0.87,0.846,0.55,0.804,0.839,0.718,0.881,0.224,0.117,0.705,0.785,0.487,0.482,0.886,0.74,0.73,0.895,0.902,0.884,0.822,0.828,0.861,0.806,0.788,-0.404,0.049,0.66,-0.539,0.144,0.413,0.398,0.889,-0.28,0.87,0.841,0.451,0.878,0.894,0.663,0.778,0.703,0.896,0.839,0.418,0.776,0.928,0.882,0.854,0.866,0.792,0.914,0.928,0.415,-0.043,0.852,0.373,0.685,0.191,0.922,0.518,0.908,0.777,0.834,0.651,0.861,0.397,0.862,0.55,0.016,0.785,0.187,0.895,0.763,-0.022,0.704,0.857,0.776,0.682,0.792,0.083,0.947,0.369,0.793,0.883,0.581,0.338,0.817,0.855,0.809,0.214,-0.096,0.855,0.747,0.888,0.336,0.643,0.666,0.917,0.927,0.916,0.893,0.811,0.65,0.917,0.799,0.217,0.839,0.571,0.938,0.316,0.642,0.715,0.945,0.396,0.857,0.828,0.908,0.857,0.71,0.948,0.843,0.939,0.234,0.432,-0.095,0.639,0.823,0.435,0.844,0.739,0.873,0.564,0.766,0.104,-0.37,0.688,0.751,0.866,0.328,0.37,-0.069,0.79,0.722,0.934,0.639
CAR,0.567,-0.112,0.285,0.426,0.607,0.789,-0.008,0.66,-0.34,0.12,0.904,0.605,0.072,0.471,0.755,-0.223,-0.043,0.895,-0.204,0.35,0.483,-0.467,0.011,0.398,0.659,0.872,-0.1,0.0,0.573,-0.01,-0.181,0.166,-0.023,0.704,0.033,-0.33,-0.412,0.584,0.221,0.864,0.915,-0.35,0.568,0.724,0.084,0.134,0.059,0.834,0.466,-0.222,-0.091,-0.028,-0.173,0.56,0.794,-0.4,-0.004,0.292,0.297,-0.085,-0.405,-0.097,0.778,0.531,-0.264,0.197,0.576,0.756,-0.18,-0.323,0.266,0.244,0.043,-0.391,0.376,-0.312,-0.147,0.249,-0.208,0.767,0.295,-0.63,0.607,0.628,0.46,0.665,-0.14,0.887,0.072,-0.18,0.638,-0.147,-0.333,-0.459,0.123,0.066,0.097,-0.083,-0.356,-0.045,-0.024,-0.098,-0.127,0.155,0.022,-0.386,-0.053,0.536,0.582,0.157,0.679,0.262,0.88,-0.226,0.301,0.062,0.34,0.27,0.31,-0.029,0.699,-0.288,0.486,0.731,0.361,0.747,-0.008,0.049,0.501,0.479,-0.18,-0.407,0.152,0.235,0.6,-0.078,0.722,0.271,-0.4,-0.675,0.705,0.208,-0.341,-0.047,0.842,0.089,-0.046,0.301,-0.108,0.641,0.561,-0.395,-0.224,-0.135,-0.056,-0.393,-0.55,0.419,-0.27,0.017,0.849,0.166,0.184,0.004,0.622,0.553,0.403,-0.259,0.539,-0.113,-0.434,-0.051,-0.015,-0.118,-0.087,0.185,-0.02,0.523,0.535,0.839,0.283,0.075,0.507,0.115,-0.041,0.214,0.686,0.004,0.88,0.695,-0.635,0.362,-0.331,0.246,0.704,0.451,0.146,0.288,-0.121,0.305
CDNA,0.792,0.297,0.583,0.842,0.204,0.296,0.513,0.185,0.288,0.303,0.564,0.588,0.397,0.559,0.401,0.418,0.515,0.485,-0.099,0.328,0.488,-0.07,0.481,0.772,0.453,0.736,0.455,0.573,0.0,0.459,0.23,0.412,0.39,0.606,0.548,0.359,0.091,0.736,0.723,0.781,0.45,0.463,0.338,0.328,0.516,0.64,0.538,0.789,0.839,0.209,0.408,0.003,0.469,0.171,0.73,0.102,0.505,0.815,0.539,0.262,-0.111,0.291,0.708,0.125,-0.021,0.411,0.881,0.687,0.433,0.062,0.342,0.645,0.535,0.299,0.682,0.318,0.524,0.591,0.283,0.144,0.232,-0.232,0.053,0.759,0.265,0.749,0.551,0.419,0.551,0.527,0.798,0.298,0.305,-0.151,0.387,0.238,0.638,0.403,0.352,0.119,0.441,0.569,0.447,0.735,0.74,0.295,0.536,0.686,0.616,0.614,0.883,0.562,0.757,0.399,0.861,0.657,0.756,0.652,0.758,0.656,0.703,0.373,0.671,0.388,0.672,0.597,0.342,0.7,0.098,0.644,0.297,0.039,0.34,0.444,0.16,0.56,0.787,0.555,0.247,-0.122,0.464,0.534,0.311,0.529,0.615,0.285,0.324,0.379,0.455,0.438,0.694,-0.154,0.406,0.43,0.4,0.198,0.061,0.45,0.336,0.456,0.709,0.519,0.518,0.49,0.587,0.721,0.472,0.304,0.848,0.607,0.086,0.447,0.527,0.009,0.493,0.626,0.603,0.6,0.364,0.415,0.627,0.696,0.636,0.332,0.347,0.716,0.7,0.686,0.732,0.443,0.0,0.574,0.233,-0.11,0.564,0.309,0.639,0.594,0.482,0.734
CG,0.614,0.939,0.738,0.77,-0.574,0.179,0.947,-0.497,0.901,0.856,0.191,-0.059,0.944,0.172,-0.459,0.945,0.972,-0.156,0.604,0.782,0.768,0.772,0.979,0.844,0.443,0.107,0.938,-0.01,0.459,0.0,0.956,0.935,0.982,0.551,0.91,0.906,0.863,0.372,0.667,0.171,0.057,0.758,-0.151,-0.42,0.958,0.774,0.958,0.406,0.791,0.92,0.975,0.703,0.891,0.21,0.469,0.864,0.926,0.458,0.89,0.866,0.726,0.946,0.25,0.148,0.693,0.855,0.523,0.586,0.926,0.766,0.828,0.91,0.967,0.835,0.888,0.841,0.878,0.841,0.878,-0.323,0.041,0.638,-0.546,0.162,0.512,0.409,0.883,-0.236,0.953,0.862,0.554,0.96,0.87,0.703,0.896,0.74,0.892,0.903,0.28,0.853,0.975,0.866,0.916,0.877,0.743,0.89,0.87,0.39,-0.156,0.952,0.375,0.637,0.325,0.929,0.545,0.889,0.778,0.896,0.74,0.805,0.395,0.876,0.498,0.071,0.869,0.235,0.972,0.732,0.038,0.761,0.934,0.825,0.773,0.811,0.133,0.947,0.409,0.898,0.864,0.468,0.496,0.861,0.864,0.885,0.296,-0.285,0.81,0.833,0.944,0.36,0.77,0.623,0.937,0.949,0.972,0.907,0.778,0.735,0.906,0.846,0.291,0.939,0.52,0.954,0.519,0.764,0.806,0.941,0.5,0.769,0.772,0.937,0.923,0.744,0.976,0.941,0.901,0.195,0.416,-0.095,0.732,0.815,0.563,0.918,0.857,0.845,0.666,0.686,0.151,-0.371,0.7,0.839,0.834,0.422,0.424,-0.105,0.813,0.849,0.947,0.618
CGBD,0.467,0.953,0.606,0.593,-0.723,0.116,0.883,-0.637,0.908,0.831,0.016,-0.246,0.927,0.026,-0.628,0.911,0.915,-0.348,0.679,0.738,0.685,0.897,0.94,0.687,0.306,-0.127,0.892,-0.181,0.23,0.956,0.0,0.903,0.963,0.388,0.82,0.887,0.919,0.168,0.531,-0.045,-0.088,0.708,-0.307,-0.593,0.908,0.648,0.9,0.207,0.624,0.957,0.941,0.756,0.831,0.233,0.27,0.936,0.881,0.249,0.792,0.886,0.83,0.947,0.023,0.08,0.765,0.84,0.303,0.421,0.911,0.851,0.814,0.803,0.906,0.821,0.767,0.853,0.818,0.724,0.901,-0.435,-0.054,0.77,-0.649,-0.043,0.508,0.197,0.84,-0.408,0.868,0.811,0.37,0.97,0.878,0.841,0.878,0.728,0.77,0.889,0.213,0.907,0.939,0.771,0.897,0.739,0.604,0.898,0.778,0.192,-0.373,0.869,0.146,0.498,0.119,0.905,0.352,0.77,0.646,0.787,0.608,0.71,0.208,0.877,0.31,-0.076,0.753,0.047,0.958,0.629,-0.025,0.636,0.957,0.899,0.756,0.738,0.064,0.873,0.206,0.816,0.878,0.57,0.411,0.772,0.871,0.827,0.112,-0.388,0.778,0.778,0.906,0.234,0.618,0.721,0.929,0.93,0.949,0.948,0.848,0.67,0.894,0.808,0.08,0.886,0.384,0.889,0.396,0.618,0.718,0.953,0.305,0.656,0.816,0.894,0.872,0.797,0.923,0.867,0.81,-0.025,0.319,-0.253,0.609,0.678,0.435,0.912,0.874,0.706,0.508,0.544,-0.074,-0.554,0.784,0.762,0.863,0.476,0.259,-0.236,0.722,0.759,0.91,0.441
CHI,0.652,0.907,0.746,0.752,-0.477,0.445,0.884,-0.355,0.762,0.855,0.398,-0.009,0.941,0.089,-0.355,0.836,0.89,-0.025,0.594,0.911,0.885,0.694,0.911,0.86,0.569,0.232,0.838,0.166,0.412,0.935,0.903,0.0,0.939,0.689,0.816,0.769,0.746,0.381,0.57,0.281,0.25,0.539,-0.092,-0.297,0.96,0.702,0.904,0.516,0.777,0.858,0.919,0.726,0.764,0.345,0.578,0.759,0.874,0.384,0.905,0.803,0.628,0.892,0.356,0.283,0.659,0.909,0.533,0.71,0.837,0.701,0.93,0.897,0.898,0.654,0.92,0.727,0.743,0.814,0.821,-0.157,0.011,0.548,-0.39,0.151,0.594,0.465,0.746,-0.054,0.894,0.695,0.59,0.891,0.762,0.616,0.963,0.715,0.827,0.856,0.075,0.874,0.918,0.746,0.843,0.792,0.57,0.745,0.784,0.437,-0.175,0.888,0.438,0.624,0.435,0.824,0.444,0.802,0.76,0.908,0.702,0.645,0.513,0.715,0.507,0.229,0.902,0.333,0.951,0.615,0.154,0.857,0.853,0.777,0.733,0.838,0.315,0.836,0.507,0.912,0.688,0.272,0.701,0.838,0.698,0.758,0.467,-0.395,0.817,0.883,0.853,0.564,0.841,0.575,0.827,0.876,0.92,0.773,0.605,0.76,0.811,0.844,0.397,0.915,0.47,0.926,0.578,0.795,0.872,0.851,0.508,0.626,0.666,0.878,0.851,0.736,0.876,0.907,0.813,0.202,0.513,0.041,0.76,0.727,0.537,0.931,0.79,0.786,0.783,0.552,0.27,-0.299,0.515,0.869,0.693,0.554,0.553,-0.036,0.805,0.819,0.849,0.597
