,ACET,ADAP,ADI,ADPT,ADTN,AGEN,ALGN,ALLK,AMD,AMWD,ARDX,ARQT,ASTE,AUPH,AVXL,AZTA,BAND,BECN,BFC,BGC,BHF,BHFAL,BKNG,BL,BOKF,BRKR,CACC,CAR,CDNA,CG,CGBD,CHI,CHTR,CHX,CLNE,CME,CNOB,CNXN,CPRX,CSGP,CSGS,CSIQ,CVCO,CVLT,CYRX,DDOG,DOOO,DSGX,DTIL,ECPG,EEFT,EFSC,ENTG,ESPR,ETSY,EXC,FAMI,FFIV,FITB,FIZZ,FMBH,FOX,FTNT,FULT,GABC,GEN,GH,GMAB,GNPX,GO,GOGL,GOOG,GPRO,GSHD,GSM,GWAV,HAIN,HBAN,HEPA,HURN,HWKN,IBIO,ICFI,IGMS,IMKTA,INCY,INO,IRDM,IRTC,IRWD,ITCI,JACK,JD,JJSF,KALA,KHC,KLAC,KRRO,KRYS,LANC,LBTYA,LIVN,LKCO,LNTH,LOGI,LPRO,LRCX,LSCC,LSTR,MAR,MARA,MCHP,MEOH,META,MGTX,MKSI,MMYT,MORN,MRUS,MTLS,MTSI,MVIS,MXL,NBIX,NFE,NMIH,NMRK,NNDM,NSIT,NTCT,NVAX,OCUL,ODP,OLED,ONB,OTEX,PACB,PATK,PAYX,PEP,PERI,PI,PLYA,PRDO,PRGS,PTGX,QCOM,QCRH,QDEL,QFIN,RGEN,RILY,RPAY,RPD,SABR,SEDG,SHEN,SIRI,SLNO,SNDL,SNEX,SONO,SPT,SSNC,STGW,STKL,STRL,STX,SWTX,SYNA,TFSL,TIGR,TNXP,TOWN,TRI,TRIP,TRMB,TRNS,TRS,TSCO,TSEM,TVTX,TXRH,VC,VCEL,VECO,VIAV,VICR,VIR,VRTX,VSTM,VTRS,WDFC,WSBC,WSC,WYNN,XENE,XNCR,XRAY,ZS
ACET,0.0,0.98,0.923,0.981,0.956,0.954,0.966,0.966,0.902,0.853,0.968,0.975,0.779,0.916,0.971,0.975,0.839,0.772,0.645,0.931,0.194,0.837,0.626,0.948,0.48,0.96,0.955,0.901,0.84,0.868,-0.156,0.871,0.945,-0.537,0.797,0.319,-0.341,0.341,0.976,0.858,0.883,0.946,0.975,0.409,0.916,0.87,0.9,0.946,0.981,-0.741,-0.415,-0.009,0.872,0.894,0.954,0.399,0.717,0.801,0.115,0.909,0.663,-0.231,0.802,-0.46,0.224,0.488,0.959,0.95,0.423,0.929,0.772,0.87,0.863,0.976,0.95,0.871,0.938,0.276,0.867,0.931,0.914,0.966,0.772,0.975,0.94,-0.395,0.933,0.931,-0.242,0.905,0.401,0.055,-0.426,0.924,0.979,0.019,0.824,0.636,0.981,0.731,0.748,0.832,0.829,0.946,0.704,0.943,0.854,0.972,0.837,0.859,0.94,0.933,-0.784,0.883,0.975,0.799,0.747,0.962,0.938,0.959,0.946,0.974,0.965,0.858,0.884,-0.578,0.973,0.935,0.941,0.892,0.927,0.982,-0.399,0.949,0.012,0.27,0.972,0.916,0.962,0.232,0.969,0.622,0.903,0.77,0.867,0.768,0.839,-0.229,0.921,0.617,0.906,0.906,0.942,0.951,0.343,0.909,0.95,0.744,0.794,0.906,0.072,0.88,0.922,0.721,0.894,0.981,0.261,0.796,0.821,0.955,0.655,0.469,0.981,0.148,0.962,0.628,0.975,0.2,0.958,0.923,0.836,0.924,0.929,0.668,0.959,0.509,0.898,0.969,0.676,-0.766,0.97,-0.323,0.642,0.096,0.957,0.075,0.739,0.968,0.923,0.844
ADAP,0.98,0.0,0.945,0.98,0.93,0.977,0.96,0.977,0.936,0.854,0.979,0.973,0.814,0.931,0.974,0.975,0.867,0.753,0.67,0.953,0.28,0.882,0.673,0.959,0.537,0.957,0.951,0.929,0.884,0.895,-0.074,0.904,0.951,-0.497,0.815,0.303,-0.273,0.247,0.981,0.886,0.906,0.965,0.959,0.458,0.913,0.86,0.877,0.93,0.994,-0.752,-0.397,0.006,0.914,0.843,0.954,0.381,0.748,0.855,0.193,0.941,0.705,-0.169,0.843,-0.407,0.264,0.567,0.981,0.963,0.459,0.956,0.797,0.907,0.9,0.963,0.955,0.878,0.94,0.339,0.909,0.926,0.931,0.963,0.797,0.975,0.942,-0.308,0.968,0.96,-0.13,0.929,0.305,0.087,-0.337,0.905,0.979,0.106,0.857,0.666,0.978,0.781,0.799,0.861,0.892,0.949,0.713,0.965,0.876,0.988,0.822,0.88,0.964,0.956,-0.77,0.922,0.98,0.83,0.783,0.963,0.952,0.971,0.969,0.976,0.963,0.809,0.911,-0.492,0.974,0.94,0.949,0.886,0.964,0.99,-0.445,0.958,0.071,0.332,0.961,0.937,0.97,0.288,0.974,0.684,0.889,0.823,0.866,0.81,0.864,-0.147,0.952,0.606,0.89,0.943,0.922,0.95,0.417,0.947,0.963,0.791,0.835,0.932,0.095,0.926,0.935,0.783,0.862,0.983,0.306,0.815,0.823,0.974,0.702,0.519,0.983,0.212,0.972,0.7,0.974,0.182,0.952,0.931,0.878,0.883,0.922,0.713,0.964,0.556,0.929,0.976,0.702,-0.743,0.975,-0.237,0.716,0.166,0.959,0.088,0.757,0.974,0.927,0.867
ADI,0.923,0.945,0.0,0.909,0.869,0.94,0.892,0.914,0.955,0.917,0.902,0.903,0.892,0.898,0.909,0.927,0.899,0.731,0.636,0.914,0.431,0.856,0.734,0.897,0.684,0.897,0.902,0.933,0.832,0.901,0.096,0.941,0.917,-0.326,0.848,0.269,-0.111,0.101,0.945,0.886,0.895,0.951,0.914,0.537,0.848,0.794,0.842,0.858,0.941,-0.644,-0.261,0.137,0.945,0.733,0.887,0.308,0.773,0.839,0.365,0.907,0.757,0.0,0.828,-0.233,0.426,0.643,0.913,0.909,0.474,0.905,0.816,0.933,0.939,0.893,0.939,0.856,0.898,0.486,0.906,0.848,0.907,0.917,0.807,0.895,0.887,-0.271,0.964,0.887,0.034,0.889,0.195,0.144,-0.235,0.807,0.916,0.26,0.944,0.613,0.921,0.727,0.851,0.879,0.877,0.905,0.771,0.929,0.934,0.955,0.766,0.896,0.957,0.991,-0.636,0.933,0.925,0.906,0.783,0.926,0.9,0.916,0.967,0.919,0.939,0.748,0.931,-0.321,0.951,0.934,0.933,0.854,0.935,0.942,-0.419,0.96,0.241,0.394,0.879,0.94,0.931,0.361,0.937,0.771,0.843,0.851,0.827,0.876,0.957,0.013,0.927,0.525,0.801,0.957,0.868,0.881,0.538,0.949,0.928,0.804,0.865,0.937,0.091,0.958,0.877,0.856,0.744,0.917,0.443,0.864,0.848,0.963,0.759,0.481,0.926,0.374,0.924,0.786,0.93,0.29,0.921,0.935,0.943,0.804,0.894,0.821,0.902,0.727,0.9,0.962,0.77,-0.604,0.934,-0.058,0.751,0.294,0.945,0.21,0.8,0.913,0.854,0.825
ADPT,0.981,0.98,0.909,0.0,0.958,0.964,0.988,0.991,0.909,0.804,0.986,0.971,0.745,0.943,0.987,0.979,0.847,0.751,0.612,0.935,0.141,0.883,0.6,0.97,0.427,0.988,0.964,0.907,0.862,0.893,-0.199,0.866,0.956,-0.606,0.768,0.379,-0.399,0.335,0.976,0.888,0.863,0.956,0.966,0.387,0.942,0.912,0.898,0.969,0.988,-0.754,-0.424,-0.108,0.875,0.894,0.983,0.468,0.695,0.815,0.06,0.899,0.608,-0.285,0.861,-0.526,0.132,0.477,0.98,0.979,0.346,0.931,0.753,0.893,0.847,0.985,0.953,0.898,0.92,0.226,0.845,0.926,0.891,0.946,0.759,0.992,0.93,-0.335,0.935,0.952,-0.235,0.889,0.411,0.018,-0.395,0.917,0.973,-0.019,0.795,0.608,0.985,0.729,0.748,0.835,0.835,0.963,0.675,0.947,0.84,0.983,0.844,0.84,0.949,0.918,-0.809,0.893,0.982,0.772,0.772,0.98,0.957,0.978,0.945,0.979,0.97,0.85,0.867,-0.608,0.978,0.908,0.924,0.91,0.95,0.979,-0.478,0.925,-0.067,0.319,0.988,0.899,0.97,0.255,0.983,0.635,0.871,0.737,0.88,0.759,0.801,-0.265,0.937,0.673,0.944,0.897,0.917,0.978,0.301,0.921,0.939,0.77,0.8,0.895,-0.001,0.874,0.959,0.714,0.906,0.976,0.212,0.79,0.805,0.967,0.63,0.531,0.976,0.076,0.984,0.607,0.99,0.211,0.958,0.922,0.819,0.929,0.897,0.62,0.962,0.456,0.904,0.967,0.702,-0.759,0.958,-0.386,0.631,0.027,0.956,0.053,0.744,0.974,0.92,0.902
ADTN,0.956,0.93,0.869,0.958,0.0,0.914,0.963,0.939,0.826,0.777,0.934,0.944,0.69,0.891,0.955,0.958,0.776,0.683,0.542,0.849,0.06,0.806,0.544,0.919,0.368,0.95,0.936,0.832,0.833,0.808,-0.229,0.824,0.911,-0.595,0.8,0.259,-0.475,0.457,0.943,0.79,0.815,0.916,0.961,0.379,0.912,0.912,0.923,0.957,0.945,-0.707,-0.355,-0.012,0.777,0.933,0.936,0.415,0.636,0.675,-0.041,0.837,0.533,-0.33,0.773,-0.546,0.091,0.323,0.914,0.919,0.295,0.896,0.703,0.834,0.764,0.965,0.911,0.85,0.879,0.127,0.77,0.856,0.845,0.936,0.633,0.946,0.9,-0.421,0.886,0.882,-0.324,0.837,0.582,0.148,-0.52,0.916,0.954,-0.158,0.732,0.569,0.955,0.592,0.635,0.723,0.708,0.911,0.713,0.885,0.778,0.931,0.76,0.823,0.89,0.877,-0.823,0.789,0.937,0.686,0.65,0.921,0.907,0.935,0.878,0.948,0.94,0.899,0.775,-0.657,0.948,0.908,0.856,0.888,0.888,0.937,-0.467,0.89,-0.114,0.27,0.969,0.851,0.9,0.065,0.953,0.544,0.881,0.64,0.878,0.654,0.757,-0.34,0.848,0.599,0.934,0.83,0.929,0.948,0.215,0.855,0.887,0.729,0.697,0.825,0.056,0.795,0.924,0.576,0.939,0.928,0.128,0.792,0.823,0.915,0.504,0.371,0.946,0.003,0.941,0.474,0.942,0.235,0.941,0.896,0.725,0.964,0.888,0.536,0.951,0.404,0.797,0.918,0.672,-0.739,0.937,-0.441,0.523,-0.074,0.923,0.044,0.661,0.923,0.87,0.84
AGEN,0.954,0.977,0.94,0.964,0.914,0.0,0.953,0.972,0.959,0.825,0.976,0.939,0.809,0.961,0.974,0.945,0.911,0.775,0.602,0.916,0.3,0.906,0.677,0.938,0.557,0.95,0.923,0.941,0.879,0.916,-0.03,0.912,0.929,-0.445,0.811,0.346,-0.253,0.198,0.964,0.918,0.868,0.961,0.932,0.494,0.926,0.871,0.879,0.914,0.978,-0.652,-0.364,-0.032,0.927,0.809,0.95,0.379,0.696,0.849,0.213,0.911,0.678,-0.092,0.893,-0.365,0.252,0.586,0.956,0.968,0.441,0.911,0.772,0.934,0.891,0.932,0.963,0.869,0.882,0.364,0.882,0.873,0.911,0.956,0.773,0.956,0.888,-0.172,0.972,0.934,-0.057,0.914,0.299,0.055,-0.244,0.853,0.969,0.124,0.867,0.602,0.974,0.747,0.836,0.882,0.898,0.961,0.719,0.949,0.9,0.982,0.823,0.833,0.969,0.948,-0.703,0.941,0.955,0.851,0.834,0.953,0.952,0.972,0.961,0.957,0.965,0.786,0.913,-0.432,0.962,0.918,0.911,0.884,0.952,0.976,-0.443,0.936,0.086,0.461,0.932,0.913,0.955,0.32,0.975,0.752,0.815,0.802,0.845,0.837,0.863,-0.097,0.943,0.667,0.895,0.919,0.873,0.936,0.459,0.957,0.928,0.793,0.85,0.922,0.023,0.915,0.944,0.796,0.819,0.947,0.355,0.79,0.844,0.978,0.708,0.594,0.963,0.227,0.963,0.721,0.968,0.246,0.949,0.916,0.882,0.87,0.877,0.712,0.941,0.608,0.913,0.955,0.757,-0.637,0.954,-0.222,0.733,0.166,0.94,0.219,0.822,0.955,0.87,0.905
ALGN,0.966,0.96,0.892,0.988,0.963,0.953,0.0,0.985,0.889,0.786,0.977,0.951,0.691,0.952,0.976,0.975,0.858,0.764,0.557,0.896,0.09,0.898,0.593,0.958,0.367,0.989,0.945,0.883,0.866,0.903,-0.225,0.858,0.95,-0.631,0.77,0.41,-0.467,0.384,0.956,0.895,0.821,0.944,0.969,0.416,0.958,0.946,0.923,0.971,0.971,-0.707,-0.389,-0.153,0.849,0.913,0.981,0.488,0.639,0.786,-0.015,0.87,0.527,-0.316,0.872,-0.58,0.056,0.403,0.958,0.978,0.292,0.907,0.714,0.908,0.801,0.974,0.958,0.887,0.884,0.157,0.789,0.881,0.857,0.927,0.693,0.978,0.891,-0.337,0.923,0.923,-0.211,0.854,0.478,0.02,-0.387,0.888,0.963,-0.094,0.765,0.572,0.972,0.652,0.723,0.816,0.797,0.965,0.696,0.94,0.821,0.965,0.838,0.807,0.947,0.9,-0.813,0.875,0.956,0.742,0.769,0.974,0.946,0.975,0.922,0.971,0.971,0.877,0.842,-0.636,0.975,0.89,0.881,0.926,0.928,0.964,-0.497,0.905,-0.144,0.377,0.977,0.858,0.951,0.201,0.984,0.654,0.844,0.675,0.895,0.716,0.772,-0.32,0.906,0.693,0.967,0.863,0.902,0.986,0.254,0.922,0.897,0.782,0.759,0.855,-0.061,0.845,0.964,0.662,0.924,0.95,0.184,0.78,0.822,0.956,0.565,0.538,0.953,0.008,0.985,0.563,0.984,0.288,0.956,0.922,0.777,0.937,0.867,0.57,0.947,0.441,0.877,0.942,0.745,-0.728,0.936,-0.444,0.598,-0.065,0.958,0.073,0.724,0.95,0.88,0.922
ALLK,0.966,0.977,0.914,0.991,0.939,0.972,0.985,0.0,0.93,0.798,0.988,0.947,0.75,0.956,0.984,0.967,0.883,0.764,0.606,0.935,0.17,0.919,0.612,0.968,0.446,0.986,0.961,0.925,0.87,0.909,-0.151,0.882,0.949,-0.587,0.756,0.408,-0.364,0.276,0.967,0.915,0.844,0.957,0.95,0.432,0.953,0.919,0.884,0.957,0.985,-0.724,-0.428,-0.134,0.9,0.86,0.984,0.458,0.679,0.847,0.09,0.891,0.608,-0.249,0.903,-0.5,0.137,0.497,0.978,0.987,0.331,0.934,0.735,0.913,0.853,0.969,0.958,0.893,0.901,0.256,0.842,0.907,0.885,0.93,0.764,0.986,0.909,-0.256,0.947,0.951,-0.155,0.88,0.372,0.002,-0.307,0.885,0.965,0.015,0.81,0.593,0.976,0.73,0.777,0.865,0.864,0.966,0.672,0.956,0.858,0.985,0.851,0.822,0.959,0.923,-0.796,0.914,0.975,0.791,0.804,0.977,0.969,0.98,0.953,0.965,0.97,0.816,0.878,-0.556,0.974,0.896,0.909,0.896,0.957,0.975,-0.513,0.912,-0.044,0.389,0.971,0.897,0.972,0.293,0.985,0.693,0.839,0.745,0.869,0.782,0.805,-0.221,0.949,0.704,0.943,0.907,0.883,0.973,0.329,0.945,0.925,0.798,0.81,0.895,-0.038,0.888,0.966,0.739,0.885,0.963,0.249,0.778,0.81,0.975,0.649,0.595,0.964,0.11,0.988,0.639,0.988,0.218,0.954,0.924,0.838,0.899,0.87,0.638,0.942,0.489,0.915,0.963,0.743,-0.735,0.947,-0.363,0.669,0.045,0.947,0.089,0.775,0.964,0.887,0.932
AMD,0.902,0.936,0.955,0.909,0.826,0.959,0.889,0.93,0.0,0.868,0.922,0.876,0.877,0.947,0.909,0.883,0.952,0.798,0.583,0.9,0.419,0.915,0.679,0.869,0.671,0.902,0.877,0.963,0.802,0.935,0.075,0.916,0.894,-0.331,0.749,0.38,-0.076,0.023,0.922,0.957,0.845,0.924,0.881,0.512,0.889,0.782,0.803,0.832,0.933,-0.554,-0.369,-0.028,0.979,0.695,0.897,0.339,0.696,0.903,0.366,0.88,0.739,0.029,0.895,-0.235,0.376,0.69,0.91,0.931,0.448,0.866,0.725,0.933,0.93,0.865,0.942,0.845,0.839,0.507,0.883,0.854,0.896,0.895,0.861,0.897,0.839,-0.093,0.952,0.875,0.097,0.873,0.133,-0.05,-0.124,0.76,0.916,0.295,0.931,0.502,0.926,0.758,0.918,0.961,0.937,0.939,0.666,0.928,0.967,0.957,0.851,0.804,0.961,0.958,-0.61,0.961,0.913,0.942,0.901,0.934,0.925,0.91,0.975,0.907,0.945,0.713,0.953,-0.294,0.938,0.863,0.916,0.82,0.915,0.934,-0.395,0.926,0.228,0.517,0.854,0.916,0.948,0.469,0.936,0.856,0.749,0.842,0.776,0.911,0.914,0.071,0.932,0.664,0.803,0.93,0.786,0.869,0.567,0.96,0.901,0.755,0.898,0.931,-0.089,0.937,0.874,0.894,0.703,0.903,0.516,0.758,0.862,0.971,0.813,0.664,0.908,0.397,0.922,0.832,0.933,0.322,0.911,0.901,0.955,0.768,0.824,0.83,0.87,0.741,0.935,0.945,0.799,-0.58,0.907,-0.102,0.785,0.304,0.917,0.334,0.88,0.919,0.794,0.872
AMWD,0.853,0.854,0.917,0.804,0.777,0.825,0.786,0.798,0.868,0.0,0.791,0.828,0.871,0.79,0.798,0.842,0.816,0.732,0.643,0.846,0.42,0.75,0.608,0.789,0.699,0.801,0.826,0.844,0.734,0.8,0.109,0.847,0.841,-0.251,0.74,0.173,-0.025,0.135,0.859,0.799,0.845,0.838,0.881,0.541,0.78,0.68,0.756,0.755,0.841,-0.554,-0.334,0.224,0.883,0.67,0.783,0.183,0.704,0.798,0.403,0.866,0.782,0.079,0.699,-0.14,0.543,0.628,0.815,0.802,0.428,0.811,0.694,0.81,0.88,0.797,0.841,0.695,0.847,0.503,0.83,0.822,0.888,0.845,0.799,0.796,0.838,-0.303,0.868,0.799,0.049,0.837,0.16,0.124,-0.257,0.735,0.833,0.28,0.915,0.624,0.838,0.674,0.788,0.85,0.791,0.829,0.698,0.857,0.891,0.851,0.773,0.827,0.882,0.927,-0.578,0.843,0.828,0.905,0.706,0.842,0.818,0.811,0.901,0.823,0.855,0.706,0.881,-0.245,0.869,0.853,0.904,0.746,0.819,0.857,-0.23,0.92,0.324,0.325,0.776,0.888,0.877,0.333,0.832,0.708,0.805,0.844,0.781,0.801,0.938,0.082,0.826,0.399,0.67,0.888,0.799,0.782,0.511,0.854,0.879,0.681,0.759,0.868,0.115,0.888,0.76,0.804,0.681,0.836,0.511,0.751,0.82,0.866,0.742,0.383,0.827,0.475,0.821,0.75,0.844,0.291,0.849,0.875,0.905,0.718,0.874,0.851,0.826,0.738,0.84,0.893,0.686,-0.576,0.879,-0.008,0.736,0.39,0.896,0.2,0.71,0.833,0.78,0.686
ARDX,0.968,0.979,0.902,0.986,0.934,0.976,0.977,0.988,0.922,0.791,0.0,0.959,0.745,0.956,0.984,0.961,0.868,0.784,0.602,0.923,0.193,0.898,0.622,0.958,0.44,0.97,0.94,0.916,0.878,0.906,-0.135,0.865,0.929,-0.55,0.776,0.404,-0.357,0.299,0.966,0.901,0.842,0.953,0.945,0.416,0.943,0.893,0.889,0.941,0.982,-0.715,-0.433,-0.116,0.89,0.871,0.972,0.449,0.691,0.831,0.092,0.905,0.615,-0.235,0.875,-0.484,0.149,0.502,0.972,0.978,0.398,0.916,0.74,0.9,0.848,0.959,0.957,0.874,0.889,0.262,0.855,0.907,0.89,0.952,0.754,0.981,0.906,-0.258,0.945,0.943,-0.171,0.888,0.361,0.011,-0.316,0.891,0.976,0.02,0.795,0.605,0.981,0.739,0.772,0.857,0.873,0.963,0.681,0.955,0.844,0.977,0.863,0.819,0.956,0.909,-0.772,0.906,0.963,0.785,0.807,0.967,0.956,0.975,0.947,0.973,0.966,0.817,0.886,-0.543,0.965,0.909,0.904,0.884,0.947,0.981,-0.458,0.916,-0.039,0.374,0.965,0.89,0.964,0.283,0.978,0.674,0.844,0.755,0.852,0.787,0.793,-0.217,0.935,0.7,0.929,0.886,0.896,0.962,0.354,0.929,0.927,0.761,0.818,0.906,0.002,0.874,0.951,0.728,0.88,0.964,0.268,0.76,0.804,0.962,0.665,0.592,0.973,0.112,0.974,0.654,0.98,0.194,0.951,0.906,0.828,0.908,0.875,0.634,0.948,0.484,0.917,0.952,0.705,-0.723,0.951,-0.339,0.654,0.067,0.941,0.117,0.769,0.967,0.898,0.908
ARQT,0.975,0.973,0.903,0.971,0.944,0.939,0.951,0.947,0.876,0.828,0.959,0.0,0.752,0.897,0.953,0.968,0.787,0.738,0.618,0.91,0.181,0.803,0.608,0.941,0.441,0.942,0.922,0.87,0.866,0.856,-0.193,0.828,0.926,-0.538,0.798,0.29,-0.362,0.389,0.963,0.833,0.891,0.927,0.968,0.361,0.89,0.844,0.873,0.919,0.969,-0.759,-0.405,-0.005,0.843,0.905,0.93,0.41,0.738,0.771,0.082,0.926,0.641,-0.269,0.756,-0.486,0.194,0.477,0.958,0.941,0.474,0.918,0.765,0.852,0.839,0.961,0.929,0.852,0.925,0.235,0.862,0.924,0.905,0.962,0.757,0.966,0.939,-0.416,0.916,0.92,-0.262,0.906,0.383,0.074,-0.485,0.934,0.976,0.007,0.782,0.637,0.973,0.727,0.72,0.791,0.818,0.93,0.694,0.931,0.812,0.953,0.825,0.856,0.923,0.906,-0.786,0.843,0.953,0.764,0.722,0.948,0.909,0.939,0.929,0.983,0.949,0.871,0.859,-0.592,0.958,0.929,0.934,0.888,0.918,0.975,-0.36,0.954,-0.028,0.23,0.963,0.895,0.94,0.21,0.949,0.574,0.915,0.766,0.863,0.742,0.808,-0.245,0.896,0.555,0.886,0.876,0.945,0.951,0.318,0.878,0.942,0.692,0.782,0.894,0.104,0.852,0.901,0.687,0.884,0.977,0.226,0.79,0.79,0.931,0.628,0.422,0.974,0.101,0.941,0.612,0.957,0.171,0.942,0.9,0.808,0.927,0.916,0.633,0.976,0.465,0.902,0.95,0.617,-0.759,0.96,-0.312,0.606,0.072,0.95,0.034,0.682,0.975,0.947,0.812
ASTE,0.779,0.814,0.892,0.745,0.69,0.809,0.691,0.75,0.877,0.871,0.745,0.752,0.0,0.773,0.757,0.748,0.775,0.58,0.674,0.835,0.675,0.703,0.715,0.711,0.887,0.717,0.779,0.897,0.632,0.765,0.346,0.891,0.761,-0.023,0.765,0.186,0.242,-0.19,0.84,0.747,0.84,0.818,0.754,0.442,0.645,0.534,0.677,0.653,0.809,-0.514,-0.207,0.357,0.902,0.48,0.726,0.171,0.798,0.774,0.665,0.804,0.916,0.292,0.692,0.127,0.713,0.808,0.761,0.737,0.517,0.78,0.793,0.789,0.964,0.709,0.779,0.728,0.815,0.772,0.915,0.77,0.858,0.815,0.869,0.73,0.819,-0.173,0.849,0.764,0.065,0.823,-0.075,0.181,-0.156,0.714,0.781,0.533,0.939,0.514,0.79,0.805,0.882,0.851,0.85,0.751,0.666,0.747,0.913,0.834,0.657,0.839,0.825,0.906,-0.38,0.871,0.816,0.916,0.706,0.769,0.772,0.751,0.862,0.761,0.779,0.513,0.912,-0.043,0.812,0.825,0.885,0.667,0.811,0.806,-0.278,0.86,0.57,0.293,0.708,0.933,0.814,0.477,0.789,0.713,0.706,0.91,0.574,0.93,0.949,0.333,0.83,0.39,0.538,0.911,0.735,0.65,0.758,0.817,0.872,0.644,0.89,0.919,0.165,0.916,0.672,0.913,0.506,0.805,0.624,0.787,0.737,0.849,0.907,0.378,0.807,0.67,0.752,0.855,0.77,0.217,0.804,0.827,0.951,0.617,0.844,0.943,0.747,0.768,0.81,0.871,0.6,-0.466,0.831,0.208,0.761,0.604,0.798,0.339,0.839,0.787,0.743,0.609
AUPH,0.916,0.931,0.898,0.943,0.891,0.961,0.952,0.956,0.947,0.79,0.956,0.897,0.773,0.0,0.943,0.909,0.916,0.782,0.515,0.873,0.261,0.925,0.649,0.891,0.509,0.945,0.891,0.938,0.815,0.946,-0.064,0.891,0.909,-0.46,0.751,0.474,-0.277,0.181,0.933,0.952,0.796,0.927,0.917,0.449,0.931,0.868,0.881,0.891,0.942,-0.557,-0.357,-0.149,0.91,0.8,0.947,0.471,0.638,0.824,0.161,0.841,0.599,-0.12,0.916,-0.406,0.173,0.543,0.915,0.962,0.318,0.848,0.698,0.936,0.855,0.897,0.953,0.874,0.82,0.34,0.812,0.84,0.847,0.908,0.76,0.93,0.831,-0.158,0.931,0.875,-0.059,0.84,0.32,-0.057,-0.236,0.808,0.937,0.094,0.829,0.45,0.95,0.693,0.854,0.904,0.865,0.965,0.684,0.903,0.901,0.955,0.863,0.769,0.956,0.907,-0.664,0.925,0.92,0.837,0.876,0.954,0.935,0.939,0.931,0.935,0.961,0.8,0.907,-0.46,0.955,0.852,0.872,0.881,0.907,0.937,-0.435,0.896,0.015,0.52,0.903,0.869,0.942,0.354,0.97,0.792,0.735,0.727,0.797,0.83,0.818,-0.122,0.904,0.742,0.889,0.868,0.822,0.917,0.45,0.938,0.871,0.738,0.86,0.891,-0.173,0.869,0.913,0.77,0.798,0.91,0.373,0.748,0.85,0.965,0.694,0.649,0.917,0.178,0.951,0.703,0.957,0.377,0.937,0.9,0.852,0.867,0.826,0.686,0.895,0.57,0.896,0.93,0.79,-0.592,0.907,-0.307,0.663,0.086,0.933,0.302,0.857,0.927,0.803,0.917
AVXL,0.971,0.974,0.909,0.987,0.955,0.974,0.976,0.984,0.909,0.798,0.984,0.953,0.757,0.943,0.0,0.968,0.849,0.746,0.642,0.926,0.178,0.884,0.593,0.969,0.458,0.976,0.962,0.914,0.878,0.874,-0.127,0.874,0.932,-0.56,0.793,0.339,-0.364,0.312,0.975,0.868,0.849,0.963,0.949,0.429,0.943,0.913,0.9,0.959,0.985,-0.726,-0.421,-0.055,0.883,0.865,0.979,0.413,0.683,0.802,0.095,0.894,0.636,-0.228,0.876,-0.467,0.177,0.487,0.973,0.97,0.342,0.924,0.757,0.89,0.848,0.969,0.945,0.867,0.905,0.261,0.848,0.896,0.902,0.957,0.729,0.985,0.923,-0.264,0.945,0.955,-0.204,0.912,0.413,0.084,-0.345,0.904,0.967,-0.007,0.806,0.634,0.984,0.727,0.744,0.828,0.835,0.95,0.689,0.938,0.84,0.982,0.816,0.827,0.946,0.918,-0.779,0.9,0.976,0.774,0.754,0.959,0.964,0.982,0.941,0.96,0.961,0.811,0.861,-0.546,0.964,0.915,0.903,0.884,0.955,0.979,-0.499,0.912,-0.016,0.344,0.976,0.906,0.955,0.236,0.978,0.642,0.854,0.751,0.859,0.773,0.804,-0.217,0.939,0.677,0.941,0.896,0.899,0.959,0.332,0.921,0.932,0.782,0.791,0.893,0.054,0.88,0.968,0.714,0.893,0.96,0.247,0.783,0.802,0.963,0.64,0.537,0.972,0.12,0.976,0.616,0.98,0.167,0.956,0.918,0.822,0.925,0.894,0.624,0.957,0.467,0.884,0.957,0.703,-0.733,0.964,-0.347,0.666,0.066,0.935,0.086,0.767,0.959,0.9,0.911
AZTA,0.975,0.975,0.927,0.979,0.958,0.945,0.975,0.967,0.883,0.842,0.961,0.968,0.748,0.909,0.968,0.0,0.832,0.733,0.635,0.925,0.179,0.861,0.638,0.971,0.445,0.968,0.956,0.877,0.885,0.883,-0.145,0.881,0.954,-0.565,0.827,0.312,-0.395,0.369,0.972,0.851,0.875,0.969,0.975,0.447,0.917,0.911,0.916,0.961,0.979,-0.774,-0.354,-0.004,0.863,0.893,0.959,0.399,0.716,0.788,0.075,0.915,0.613,-0.268,0.823,-0.499,0.172,0.446,0.968,0.956,0.377,0.944,0.786,0.901,0.842,0.977,0.954,0.87,0.933,0.222,0.847,0.897,0.891,0.942,0.715,0.97,0.93,-0.404,0.944,0.947,-0.201,0.89,0.428,0.14,-0.407,0.909,0.963,-0.03,0.812,0.679,0.965,0.686,0.723,0.793,0.808,0.939,0.739,0.953,0.825,0.968,0.794,0.881,0.953,0.935,-0.808,0.877,0.963,0.767,0.712,0.966,0.928,0.969,0.939,0.973,0.961,0.856,0.856,-0.577,0.973,0.939,0.914,0.914,0.951,0.974,-0.481,0.945,-0.038,0.297,0.977,0.898,0.948,0.174,0.973,0.63,0.917,0.74,0.918,0.735,0.83,-0.275,0.917,0.588,0.928,0.906,0.94,0.971,0.306,0.926,0.936,0.799,0.765,0.886,0.111,0.884,0.951,0.694,0.915,0.967,0.206,0.832,0.814,0.954,0.6,0.447,0.966,0.093,0.978,0.595,0.974,0.229,0.945,0.937,0.812,0.921,0.918,0.623,0.96,0.485,0.88,0.959,0.718,-0.756,0.961,-0.332,0.639,0.036,0.968,0.017,0.682,0.949,0.925,0.873
BAND,0.839,0.867,0.899,0.847,0.776,0.911,0.858,0.883,0.952,0.816,0.868,0.787,0.775,0.916,0.849,0.832,0.0,0.82,0.48,0.809,0.343,0.922,0.647,0.808,0.585,0.858,0.804,0.883,0.757,0.92,0.073,0.881,0.854,-0.344,0.7,0.399,-0.133,0.057,0.847,0.955,0.743,0.871,0.835,0.57,0.878,0.797,0.803,0.803,0.864,-0.417,-0.33,-0.109,0.921,0.67,0.848,0.311,0.534,0.854,0.274,0.791,0.601,0.055,0.894,-0.272,0.283,0.57,0.829,0.884,0.351,0.794,0.613,0.924,0.832,0.805,0.923,0.772,0.742,0.415,0.754,0.757,0.807,0.822,0.748,0.832,0.725,-0.024,0.898,0.798,0.195,0.777,0.197,-0.084,-0.025,0.649,0.861,0.197,0.887,0.433,0.859,0.612,0.877,0.922,0.856,0.913,0.652,0.896,0.928,0.89,0.814,0.721,0.924,0.902,-0.57,0.917,0.83,0.898,0.906,0.887,0.879,0.872,0.912,0.842,0.908,0.698,0.888,-0.277,0.884,0.789,0.806,0.789,0.838,0.867,-0.428,0.85,0.141,0.664,0.788,0.814,0.886,0.39,0.892,0.907,0.669,0.718,0.767,0.833,0.858,0.025,0.85,0.684,0.798,0.851,0.707,0.832,0.487,0.948,0.804,0.781,0.793,0.828,-0.18,0.874,0.856,0.814,0.684,0.815,0.491,0.678,0.871,0.925,0.709,0.703,0.823,0.343,0.89,0.757,0.882,0.442,0.86,0.866,0.879,0.705,0.729,0.755,0.78,0.764,0.849,0.864,0.882,-0.477,0.827,-0.157,0.748,0.203,0.872,0.401,0.837,0.826,0.677,0.879
BECN,0.772,0.753,0.731,0.751,0.683,0.775,0.764,0.764,0.798,0.732,0.784,0.738,0.58,0.782,0.746,0.733,0.82,0.0,0.441,0.691,0.191,0.747,0.506,0.716,0.321,0.758,0.666,0.735,0.646,0.807,-0.115,0.632,0.706,-0.35,0.568,0.511,-0.193,0.313,0.732,0.819,0.607,0.72,0.764,0.428,0.816,0.682,0.733,0.702,0.736,-0.376,-0.458,-0.176,0.77,0.715,0.742,0.355,0.438,0.722,0.078,0.705,0.473,-0.117,0.693,-0.355,0.177,0.425,0.728,0.769,0.385,0.638,0.42,0.737,0.633,0.738,0.821,0.586,0.62,0.228,0.596,0.719,0.737,0.743,0.67,0.753,0.628,-0.065,0.726,0.677,0.013,0.681,0.235,-0.18,-0.086,0.604,0.779,0.054,0.683,0.383,0.786,0.509,0.698,0.815,0.739,0.837,0.453,0.822,0.753,0.753,0.894,0.602,0.793,0.722,-0.548,0.75,0.694,0.759,0.817,0.794,0.756,0.756,0.801,0.781,0.834,0.716,0.764,-0.374,0.769,0.685,0.71,0.638,0.655,0.78,-0.133,0.76,-0.024,0.488,0.702,0.644,0.795,0.35,0.768,0.732,0.638,0.584,0.682,0.676,0.661,-0.12,0.692,0.718,0.729,0.633,0.654,0.764,0.328,0.764,0.678,0.501,0.627,0.686,-0.182,0.663,0.718,0.614,0.67,0.731,0.505,0.459,0.752,0.756,0.637,0.71,0.742,0.195,0.775,0.638,0.793,0.356,0.774,0.734,0.7,0.697,0.637,0.582,0.699,0.565,0.813,0.731,0.65,-0.498,0.721,-0.295,0.519,0.096,0.778,0.332,0.664,0.772,0.632,0.723
BFC,0.645,0.67,0.636,0.612,0.542,0.602,0.557,0.606,0.583,0.643,0.602,0.618,0.674,0.515,0.642,0.635,0.48,0.441,0.0,0.754,0.396,0.508,0.466,0.673,0.514,0.584,0.679,0.67,0.574,0.472,0.136,0.615,0.592,-0.213,0.557,0.095,0.088,0.004,0.677,0.449,0.657,0.653,0.596,0.38,0.519,0.456,0.486,0.579,0.659,-0.707,-0.43,0.274,0.67,0.425,0.619,0.114,0.631,0.62,0.4,0.677,0.745,-0.002,0.499,-0.002,0.522,0.596,0.69,0.565,0.31,0.689,0.62,0.499,0.697,0.629,0.533,0.479,0.731,0.472,0.735,0.673,0.717,0.649,0.626,0.65,0.741,-0.202,0.652,0.728,-0.126,0.762,0.001,0.257,-0.122,0.668,0.596,0.274,0.656,0.727,0.626,0.759,0.504,0.575,0.654,0.535,0.416,0.619,0.566,0.658,0.478,0.678,0.603,0.666,-0.48,0.66,0.687,0.6,0.365,0.58,0.644,0.635,0.658,0.578,0.574,0.333,0.633,-0.133,0.589,0.666,0.711,0.443,0.68,0.654,-0.341,0.638,0.357,-0.048,0.62,0.736,0.653,0.254,0.592,0.341,0.622,0.757,0.477,0.63,0.64,0.11,0.715,0.344,0.473,0.717,0.625,0.548,0.421,0.592,0.712,0.519,0.566,0.673,0.413,0.701,0.573,0.615,0.514,0.682,0.377,0.535,0.431,0.604,0.66,0.26,0.659,0.419,0.604,0.576,0.613,-0.222,0.59,0.594,0.662,0.516,0.728,0.586,0.639,0.324,0.658,0.681,0.279,-0.629,0.705,0.062,0.635,0.44,0.592,-0.17,0.507,0.645,0.695,0.464
BGC,0.931,0.953,0.914,0.935,0.849,0.916,0.896,0.935,0.9,0.846,0.923,0.91,0.835,0.873,0.926,0.925,0.809,0.691,0.754,0.0,0.329,0.85,0.663,0.938,0.579,0.919,0.95,0.926,0.809,0.85,-0.041,0.874,0.933,-0.478,0.731,0.339,-0.165,0.133,0.953,0.844,0.901,0.925,0.906,0.432,0.846,0.796,0.785,0.893,0.953,-0.809,-0.417,0.027,0.917,0.745,0.927,0.423,0.789,0.879,0.296,0.925,0.764,-0.114,0.832,-0.316,0.342,0.663,0.962,0.916,0.385,0.935,0.809,0.847,0.922,0.925,0.88,0.846,0.956,0.429,0.922,0.94,0.907,0.899,0.861,0.94,0.941,-0.268,0.929,0.967,-0.135,0.92,0.174,0.07,-0.259,0.881,0.899,0.221,0.851,0.701,0.923,0.869,0.804,0.857,0.891,0.89,0.629,0.915,0.847,0.954,0.797,0.89,0.919,0.926,-0.719,0.924,0.968,0.822,0.735,0.929,0.925,0.929,0.945,0.904,0.898,0.691,0.902,-0.414,0.927,0.888,0.96,0.822,0.952,0.937,-0.459,0.912,0.159,0.251,0.919,0.945,0.963,0.427,0.922,0.639,0.842,0.859,0.798,0.827,0.856,-0.074,0.973,0.577,0.814,0.955,0.871,0.89,0.451,0.899,0.962,0.78,0.851,0.931,0.132,0.93,0.885,0.831,0.784,0.956,0.331,0.799,0.717,0.934,0.759,0.509,0.93,0.28,0.93,0.727,0.937,0.088,0.892,0.893,0.893,0.808,0.922,0.742,0.908,0.499,0.926,0.966,0.63,-0.715,0.934,-0.17,0.74,0.279,0.921,-0.01,0.751,0.938,0.927,0.82
BHF,0.194,0.28,0.431,0.141,0.06,0.3,0.09,0.17,0.419,0.42,0.193,0.181,0.675,0.261,0.178,0.179,0.343,0.191,0.396,0.329,0.0,0.214,0.681,0.152,0.82,0.087,0.159,0.443,0.222,0.346,0.807,0.501,0.176,0.62,0.493,0.05,0.715,-0.607,0.287,0.271,0.382,0.337,0.142,0.408,0.033,-0.078,0.151,0.009,0.255,-0.085,0.261,0.597,0.49,-0.152,0.119,-0.139,0.588,0.379,0.915,0.364,0.696,0.68,0.221,0.663,0.817,0.726,0.212,0.165,0.535,0.272,0.524,0.378,0.585,0.079,0.271,0.216,0.285,0.905,0.572,0.178,0.389,0.285,0.481,0.128,0.251,0.136,0.412,0.24,0.464,0.366,-0.601,0.333,0.313,0.147,0.226,0.861,0.576,0.25,0.207,0.514,0.614,0.424,0.538,0.186,0.442,0.237,0.478,0.282,0.129,0.464,0.342,0.435,0.268,0.466,0.232,0.563,0.329,0.181,0.197,0.197,0.348,0.211,0.215,-0.112,0.548,0.596,0.24,0.389,0.364,0.141,0.322,0.263,0.053,0.381,0.838,0.227,0.082,0.461,0.246,0.477,0.227,0.508,0.183,0.642,0.012,0.66,0.584,0.695,0.338,-0.034,-0.092,0.463,0.22,0.045,0.928,0.37,0.349,0.255,0.587,0.52,0.323,0.522,0.089,0.672,-0.133,0.247,0.685,0.437,0.264,0.306,0.726,0.156,0.27,0.819,0.172,0.763,0.174,0.103,0.237,0.3,0.584,0.002,0.354,0.73,0.177,0.669,0.366,0.318,0.216,0.096,0.3,0.768,0.547,0.824,0.263,0.465,0.485,0.217,0.247,0.072
BHFAL,0.837,0.882,0.856,0.883,0.806,0.906,0.898,0.919,0.915,0.75,0.898,0.803,0.703,0.925,0.884,0.861,0.922,0.747,0.508,0.85,0.214,0.0,0.572,0.856,0.463,0.91,0.859,0.879,0.802,0.904,-0.051,0.846,0.878,-0.508,0.648,0.421,-0.261,0.108,0.864,0.934,0.741,0.876,0.845,0.487,0.923,0.853,0.796,0.853,0.888,-0.549,-0.388,-0.215,0.895,0.703,0.902,0.427,0.533,0.877,0.144,0.801,0.554,-0.121,0.942,-0.411,0.133,0.521,0.884,0.914,0.233,0.847,0.598,0.899,0.793,0.852,0.9,0.804,0.77,0.286,0.748,0.799,0.798,0.806,0.721,0.876,0.756,-0.033,0.896,0.866,0.101,0.79,0.273,-0.077,-0.069,0.694,0.857,0.092,0.799,0.469,0.873,0.646,0.807,0.881,0.848,0.916,0.565,0.899,0.857,0.908,0.807,0.718,0.914,0.869,-0.707,0.899,0.867,0.797,0.862,0.903,0.914,0.895,0.907,0.85,0.903,0.705,0.829,-0.388,0.898,0.757,0.805,0.799,0.881,0.875,-0.56,0.816,0.004,0.588,0.846,0.807,0.904,0.387,0.914,0.826,0.684,0.67,0.8,0.755,0.762,-0.076,0.88,0.756,0.863,0.85,0.697,0.874,0.364,0.936,0.81,0.797,0.763,0.803,-0.188,0.843,0.898,0.752,0.763,0.844,0.371,0.672,0.826,0.924,0.643,0.727,0.83,0.185,0.929,0.666,0.904,0.336,0.851,0.867,0.817,0.749,0.722,0.649,0.813,0.568,0.849,0.867,0.848,-0.602,0.834,-0.305,0.724,0.093,0.873,0.213,0.758,0.853,0.71,0.927
BKNG,0.626,0.673,0.734,0.6,0.544,0.677,0.593,0.612,0.679,0.608,0.622,0.608,0.715,0.649,0.593,0.638,0.647,0.506,0.466,0.663,0.681,0.572,0.0,0.603,0.609,0.549,0.554,0.696,0.568,0.738,0.371,0.777,0.629,0.067,0.803,0.374,0.105,-0.124,0.663,0.634,0.694,0.716,0.59,0.489,0.455,0.457,0.644,0.533,0.651,-0.476,0.219,0.271,0.688,0.431,0.576,0.321,0.76,0.561,0.49,0.654,0.588,0.196,0.556,0.042,0.403,0.596,0.613,0.604,0.587,0.645,0.807,0.762,0.754,0.568,0.701,0.659,0.633,0.567,0.768,0.514,0.611,0.647,0.585,0.575,0.572,-0.218,0.736,0.618,0.153,0.624,-0.103,0.293,-0.009,0.552,0.638,0.445,0.7,0.435,0.602,0.621,0.749,0.602,0.735,0.596,0.766,0.635,0.659,0.66,0.452,0.783,0.698,0.728,-0.221,0.742,0.627,0.659,0.601,0.615,0.544,0.638,0.655,0.66,0.639,0.443,0.783,-0.022,0.657,0.755,0.648,0.651,0.662,0.656,-0.173,0.705,0.313,0.356,0.564,0.679,0.614,0.354,0.666,0.669,0.574,0.676,0.507,0.738,0.749,0.088,0.662,0.322,0.46,0.715,0.691,0.566,0.755,0.716,0.647,0.627,0.776,0.756,0.21,0.756,0.541,0.733,0.414,0.649,0.428,0.77,0.564,0.669,0.66,0.346,0.668,0.365,0.622,0.764,0.609,0.342,0.649,0.671,0.714,0.496,0.682,0.69,0.588,0.621,0.665,0.665,0.522,-0.233,0.638,0.256,0.517,0.355,0.696,0.307,0.614,0.607,0.652,0.503
BL,0.948,0.959,0.897,0.97,0.919,0.938,0.958,0.968,0.869,0.789,0.958,0.941,0.711,0.891,0.969,0.971,0.808,0.716,0.673,0.938,0.152,0.856,0.603,0.0,0.412,0.962,0.958,0.883,0.904,0.86,-0.145,0.848,0.931,-0.604,0.771,0.351,-0.39,0.33,0.951,0.839,0.851,0.955,0.932,0.46,0.911,0.92,0.865,0.959,0.966,-0.809,-0.392,-0.067,0.861,0.849,0.97,0.41,0.716,0.809,0.082,0.906,0.602,-0.278,0.863,-0.496,0.149,0.487,0.983,0.959,0.343,0.928,0.789,0.881,0.826,0.963,0.92,0.85,0.908,0.226,0.838,0.887,0.872,0.911,0.704,0.977,0.925,-0.31,0.925,0.971,-0.177,0.888,0.357,0.133,-0.315,0.89,0.928,-0.021,0.774,0.722,0.944,0.733,0.694,0.787,0.822,0.91,0.689,0.948,0.777,0.96,0.783,0.837,0.934,0.899,-0.795,0.886,0.96,0.729,0.698,0.95,0.935,0.975,0.922,0.938,0.926,0.772,0.833,-0.543,0.939,0.904,0.894,0.884,0.963,0.96,-0.52,0.89,-0.057,0.29,0.962,0.88,0.944,0.224,0.951,0.591,0.86,0.76,0.89,0.734,0.779,-0.263,0.949,0.609,0.932,0.893,0.902,0.969,0.282,0.909,0.92,0.82,0.751,0.871,0.122,0.883,0.969,0.702,0.886,0.944,0.173,0.802,0.716,0.935,0.593,0.505,0.951,0.068,0.965,0.596,0.967,0.101,0.923,0.907,0.802,0.883,0.881,0.58,0.949,0.419,0.887,0.944,0.669,-0.741,0.939,-0.324,0.654,0.053,0.929,-0.062,0.69,0.936,0.93,0.908
BOKF,0.48,0.537,0.684,0.427,0.368,0.557,0.367,0.446,0.671,0.699,0.44,0.441,0.887,0.509,0.458,0.445,0.585,0.321,0.514,0.579,0.82,0.463,0.609,0.412,0.0,0.397,0.489,0.678,0.421,0.518,0.605,0.732,0.497,0.297,0.572,-0.032,0.551,-0.48,0.56,0.515,0.644,0.561,0.449,0.467,0.338,0.227,0.371,0.324,0.531,-0.225,0.001,0.521,0.717,0.111,0.412,-0.091,0.642,0.618,0.881,0.59,0.868,0.64,0.483,0.494,0.865,0.828,0.473,0.447,0.466,0.529,0.655,0.583,0.813,0.376,0.509,0.469,0.56,0.91,0.743,0.476,0.647,0.539,0.695,0.412,0.548,0.047,0.633,0.492,0.34,0.61,-0.363,0.247,0.074,0.396,0.486,0.737,0.829,0.378,0.49,0.666,0.788,0.663,0.666,0.461,0.543,0.475,0.755,0.563,0.357,0.614,0.587,0.698,-0.053,0.679,0.532,0.796,0.522,0.47,0.495,0.462,0.612,0.449,0.474,0.173,0.725,0.342,0.524,0.568,0.645,0.409,0.578,0.523,-0.154,0.624,0.828,0.325,0.378,0.739,0.536,0.506,0.492,0.619,0.41,0.818,0.311,0.812,0.824,0.637,0.605,0.094,0.202,0.733,0.43,0.32,0.845,0.606,0.635,0.499,0.726,0.715,0.225,0.752,0.389,0.846,0.139,0.508,0.643,0.626,0.53,0.6,0.814,0.206,0.515,0.86,0.451,0.802,0.466,0.167,0.506,0.578,0.815,0.262,0.601,0.898,0.46,0.813,0.544,0.606,0.478,-0.138,0.566,0.539,0.758,0.814,0.518,0.42,0.702,0.481,0.445,0.351
BRKR,0.96,0.957,0.897,0.988,0.95,0.95,0.989,0.986,0.902,0.801,0.97,0.942,0.717,0.945,0.976,0.968,0.858,0.758,0.584,0.919,0.087,0.91,0.549,0.962,0.397,0.0,0.965,0.899,0.845,0.895,-0.234,0.852,0.957,-0.644,0.729,0.411,-0.423,0.342,0.959,0.901,0.83,0.942,0.963,0.398,0.964,0.943,0.896,0.976,0.97,-0.718,-0.44,-0.16,0.872,0.883,0.989,0.496,0.633,0.813,0.02,0.867,0.561,-0.301,0.894,-0.555,0.091,0.45,0.966,0.98,0.258,0.909,0.701,0.895,0.819,0.978,0.946,0.885,0.892,0.188,0.795,0.907,0.866,0.916,0.738,0.981,0.905,-0.296,0.918,0.938,-0.219,0.859,0.45,-0.014,-0.37,0.885,0.949,-0.063,0.786,0.576,0.972,0.681,0.734,0.841,0.806,0.969,0.635,0.935,0.84,0.972,0.852,0.807,0.944,0.906,-0.819,0.886,0.967,0.765,0.776,0.982,0.959,0.972,0.938,0.957,0.968,0.85,0.839,-0.62,0.974,0.87,0.902,0.908,0.937,0.957,-0.529,0.901,-0.104,0.367,0.978,0.876,0.967,0.256,0.98,0.654,0.836,0.69,0.889,0.736,0.783,-0.279,0.925,0.713,0.96,0.879,0.878,0.979,0.251,0.919,0.907,0.785,0.768,0.858,-0.072,0.855,0.968,0.695,0.909,0.95,0.211,0.766,0.816,0.964,0.597,0.557,0.945,0.052,0.989,0.568,0.99,0.267,0.949,0.923,0.801,0.924,0.865,0.592,0.94,0.444,0.888,0.955,0.748,-0.74,0.933,-0.443,0.621,-0.023,0.953,0.052,0.743,0.956,0.88,0.931
CACC,0.955,0.951,0.902,0.964,0.936,0.923,0.945,0.961,0.877,0.826,0.94,0.922,0.779,0.891,0.962,0.956,0.804,0.666,0.679,0.95,0.159,0.859,0.554,0.958,0.489,0.965,0.0,0.904,0.825,0.833,-0.126,0.869,0.941,-0.581,0.746,0.3,-0.324,0.264,0.96,0.827,0.855,0.942,0.942,0.402,0.91,0.894,0.857,0.96,0.965,-0.785,-0.434,-0.018,0.869,0.827,0.966,0.405,0.702,0.807,0.13,0.876,0.658,-0.246,0.855,-0.445,0.222,0.498,0.959,0.938,0.282,0.932,0.764,0.847,0.859,0.966,0.898,0.866,0.93,0.28,0.852,0.914,0.874,0.915,0.751,0.963,0.945,-0.344,0.917,0.955,-0.238,0.874,0.394,0.106,-0.366,0.899,0.924,0.009,0.809,0.658,0.946,0.739,0.709,0.81,0.801,0.906,0.65,0.913,0.826,0.964,0.779,0.857,0.916,0.918,-0.799,0.876,0.982,0.76,0.694,0.948,0.947,0.949,0.928,0.92,0.924,0.776,0.835,-0.545,0.953,0.893,0.921,0.864,0.95,0.945,-0.549,0.889,0.028,0.244,0.966,0.918,0.958,0.241,0.954,0.588,0.87,0.755,0.862,0.749,0.813,-0.202,0.943,0.614,0.904,0.922,0.891,0.934,0.299,0.896,0.94,0.806,0.773,0.884,0.082,0.888,0.943,0.722,0.883,0.948,0.206,0.798,0.758,0.947,0.634,0.465,0.947,0.155,0.961,0.583,0.963,0.128,0.93,0.917,0.825,0.888,0.904,0.639,0.933,0.443,0.863,0.965,0.68,-0.777,0.949,-0.331,0.65,0.105,0.924,-0.024,0.727,0.931,0.899,0.877
CAR,0.901,0.929,0.933,0.907,0.832,0.941,0.883,0.925,0.963,0.844,0.916,0.87,0.897,0.938,0.914,0.877,0.883,0.735,0.67,0.926,0.443,0.879,0.696,0.883,0.678,0.899,0.904,0.0,0.792,0.9,0.099,0.915,0.877,-0.328,0.762,0.404,-0.054,-0.006,0.931,0.905,0.844,0.925,0.873,0.474,0.863,0.775,0.797,0.836,0.934,-0.623,-0.367,0.018,0.966,0.682,0.913,0.387,0.755,0.872,0.398,0.863,0.781,0.009,0.891,-0.197,0.411,0.725,0.918,0.922,0.399,0.876,0.773,0.901,0.943,0.868,0.906,0.856,0.86,0.55,0.908,0.868,0.896,0.897,0.865,0.907,0.878,-0.131,0.938,0.898,-0.003,0.882,0.12,0.028,-0.146,0.813,0.901,0.317,0.907,0.532,0.923,0.827,0.89,0.939,0.931,0.906,0.665,0.89,0.932,0.956,0.824,0.83,0.938,0.942,-0.599,0.958,0.933,0.901,0.833,0.915,0.933,0.913,0.952,0.889,0.921,0.667,0.948,-0.293,0.93,0.878,0.926,0.807,0.924,0.928,-0.41,0.903,0.253,0.412,0.864,0.941,0.944,0.475,0.934,0.774,0.738,0.871,0.732,0.916,0.889,0.073,0.947,0.662,0.785,0.937,0.807,0.854,0.601,0.929,0.912,0.74,0.913,0.948,-0.023,0.937,0.862,0.884,0.708,0.91,0.499,0.784,0.794,0.956,0.83,0.617,0.916,0.394,0.912,0.82,0.926,0.223,0.919,0.891,0.947,0.788,0.864,0.815,0.877,0.639,0.932,0.956,0.704,-0.614,0.917,-0.1,0.752,0.329,0.903,0.263,0.894,0.923,0.833,0.851
CDNA,0.84,0.884,0.832,0.862,0.833,0.879,0.866,0.87,0.802,0.734,0.878,0.866,0.632,0.815,0.878,0.885,0.757,0.646,0.574,0.809,0.222,0.802,0.568,0.904,0.421,0.845,0.825,0.792,0.0,0.786,-0.001,0.796,0.817,-0.472,0.772,0.167,-0.335,0.313,0.846,0.758,0.771,0.885,0.838,0.565,0.848,0.846,0.772,0.826,0.886,-0.668,-0.311,0.018,0.791,0.762,0.839,0.253,0.635,0.757,0.107,0.893,0.559,-0.157,0.798,-0.402,0.164,0.415,0.899,0.881,0.388,0.874,0.699,0.843,0.735,0.834,0.854,0.73,0.792,0.214,0.776,0.752,0.838,0.843,0.564,0.872,0.809,-0.177,0.895,0.878,0.062,0.846,0.296,0.241,-0.222,0.77,0.868,0.019,0.723,0.707,0.853,0.638,0.652,0.696,0.777,0.822,0.73,0.9,0.706,0.865,0.672,0.764,0.884,0.832,-0.731,0.789,0.835,0.672,0.641,0.832,0.849,0.887,0.837,0.859,0.835,0.686,0.757,-0.36,0.848,0.851,0.773,0.8,0.906,0.889,-0.482,0.833,-0.004,0.409,0.847,0.796,0.826,0.134,0.857,0.587,0.789,0.741,0.862,0.658,0.715,-0.159,0.845,0.47,0.841,0.817,0.79,0.882,0.301,0.877,0.833,0.771,0.649,0.794,0.205,0.815,0.899,0.627,0.807,0.839,0.132,0.74,0.708,0.849,0.509,0.45,0.858,0.101,0.868,0.585,0.851,0.079,0.831,0.815,0.732,0.779,0.772,0.527,0.892,0.462,0.789,0.827,0.677,-0.627,0.869,-0.179,0.715,0.084,0.843,-0.008,0.575,0.834,0.817,0.852
CG,0.868,0.895,0.901,0.893,0.808,0.916,0.903,0.909,0.935,0.8,0.906,0.856,0.765,0.946,0.874,0.883,0.92,0.807,0.472,0.85,0.346,0.904,0.738,0.86,0.518,0.895,0.833,0.9,0.786,0.0,0.026,0.888,0.887,-0.378,0.769,0.564,-0.216,0.128,0.881,0.961,0.789,0.913,0.875,0.462,0.866,0.816,0.858,0.833,0.894,-0.544,-0.227,-0.126,0.905,0.738,0.892,0.483,0.674,0.821,0.223,0.831,0.56,-0.075,0.884,-0.368,0.198,0.565,0.875,0.921,0.414,0.811,0.735,0.964,0.852,0.846,0.956,0.862,0.782,0.371,0.805,0.784,0.798,0.845,0.749,0.865,0.772,-0.196,0.91,0.837,0.056,0.776,0.184,-0.057,-0.152,0.724,0.887,0.175,0.83,0.444,0.888,0.653,0.871,0.893,0.876,0.926,0.71,0.906,0.879,0.913,0.838,0.789,0.951,0.9,-0.568,0.925,0.865,0.842,0.905,0.941,0.855,0.894,0.915,0.907,0.929,0.75,0.915,-0.376,0.929,0.838,0.848,0.88,0.879,0.9,-0.394,0.884,0.036,0.551,0.842,0.826,0.913,0.398,0.933,0.84,0.732,0.714,0.798,0.843,0.833,-0.1,0.874,0.679,0.83,0.853,0.8,0.884,0.497,0.942,0.831,0.766,0.859,0.881,-0.158,0.88,0.866,0.813,0.727,0.868,0.408,0.772,0.813,0.936,0.709,0.667,0.873,0.214,0.92,0.759,0.922,0.469,0.898,0.901,0.86,0.776,0.778,0.714,0.831,0.644,0.898,0.897,0.825,-0.518,0.847,-0.194,0.639,0.122,0.933,0.305,0.799,0.871,0.785,0.883
CGBD,-0.156,-0.074,0.096,-0.199,-0.229,-0.03,-0.225,-0.151,0.075,0.109,-0.135,-0.193,0.346,-0.064,-0.127,-0.145,0.073,-0.115,0.136,-0.041,0.807,-0.051,0.371,-0.145,0.605,-0.234,-0.126,0.099,-0.001,0.026,0.0,0.229,-0.169,0.75,0.262,-0.155,0.705,-0.635,-0.074,-0.054,0.006,0.04,-0.196,0.345,-0.231,-0.273,-0.091,-0.273,-0.088,0.211,0.383,0.607,0.153,-0.44,-0.186,-0.394,0.233,0.032,0.767,-0.0,0.374,0.747,0.009,0.766,0.689,0.379,-0.134,-0.151,0.29,-0.043,0.231,0.087,0.223,-0.26,-0.042,-0.101,-0.095,0.71,0.212,-0.227,0.038,-0.046,0.022,-0.215,-0.1,0.291,0.094,-0.074,0.605,0.018,-0.587,0.47,0.522,-0.231,-0.112,0.671,0.26,0.09,-0.149,0.12,0.258,0.079,0.183,-0.173,0.287,-0.065,0.132,-0.061,-0.225,0.12,0.021,0.103,0.504,0.129,-0.116,0.22,0.032,-0.159,-0.114,-0.105,-0.01,-0.158,-0.131,-0.424,0.177,0.808,-0.101,0.074,-0.055,-0.177,0.017,-0.08,0.061,-0.019,0.766,0.225,-0.245,0.115,-0.111,0.181,-0.097,0.28,-0.112,0.304,-0.23,0.316,0.248,0.69,0.004,-0.245,-0.329,0.132,-0.12,-0.272,0.694,0.083,-0.007,0.113,0.205,0.154,0.37,0.221,-0.145,0.337,-0.365,-0.138,0.48,0.142,-0.023,-0.023,0.374,0.003,-0.083,0.72,-0.139,0.447,-0.162,-0.015,-0.075,0.01,0.24,-0.312,-0.006,0.408,-0.161,0.479,-0.049,-0.045,0.085,0.337,-0.029,0.825,0.323,0.695,-0.095,0.435,0.191,-0.19,-0.14,-0.13
CHI,0.871,0.904,0.941,0.866,0.824,0.912,0.858,0.882,0.916,0.847,0.865,0.828,0.891,0.891,0.874,0.881,0.881,0.632,0.615,0.874,0.501,0.846,0.777,0.848,0.732,0.852,0.869,0.915,0.796,0.888,0.229,0.0,0.895,-0.256,0.861,0.29,-0.075,-0.014,0.912,0.855,0.859,0.934,0.859,0.559,0.789,0.766,0.842,0.812,0.911,-0.588,-0.147,0.182,0.914,0.649,0.858,0.295,0.747,0.805,0.428,0.857,0.736,0.131,0.843,-0.155,0.436,0.635,0.861,0.874,0.425,0.878,0.852,0.945,0.941,0.826,0.914,0.862,0.865,0.56,0.896,0.769,0.864,0.875,0.743,0.838,0.842,-0.249,0.95,0.857,0.076,0.843,0.143,0.201,-0.188,0.765,0.881,0.283,0.923,0.592,0.87,0.721,0.877,0.851,0.858,0.859,0.83,0.862,0.91,0.92,0.676,0.87,0.94,0.96,-0.542,0.938,0.896,0.866,0.773,0.882,0.855,0.888,0.899,0.868,0.875,0.663,0.929,-0.235,0.913,0.897,0.874,0.85,0.921,0.894,-0.485,0.897,0.29,0.455,0.837,0.934,0.884,0.325,0.911,0.779,0.764,0.824,0.762,0.876,0.932,0.06,0.902,0.498,0.753,0.955,0.831,0.815,0.61,0.949,0.898,0.851,0.87,0.929,0.096,0.962,0.848,0.863,0.692,0.875,0.392,0.888,0.82,0.941,0.751,0.442,0.884,0.409,0.893,0.771,0.881,0.357,0.885,0.929,0.908,0.733,0.876,0.817,0.837,0.714,0.824,0.921,0.8,-0.514,0.895,-0.005,0.769,0.312,0.903,0.265,0.824,0.835,0.789,0.805
