,ACET,ADAP,ADI,ADPT,ADTN,AGEN,ALGN,ALLK,AMD,AMWD,ARDX,ARQT,ASTE,AUPH,AVXL,AZTA,BAND,BECN,BFC,BGC,BHF,BHFAL,BKNG,BL,BOKF,BRKR,CACC,CAR,CDNA,CG,CGBD,CHI,CHTR,CHX,CLNE,CME,CNOB,CNXN,CPRX,CSGP,CSGS,CSIQ,CVCO,CVLT,CYRX,DDOG,DOOO,DSGX,DTIL,ECPG,EEFT,EFSC,ENTG,ESPR,ETSY,EXC,FAMI,FFIV,FITB,FIZZ,FMBH,FOX,FTNT,FULT,GABC,GEN,GH,GMAB,GNPX,GO,GOGL,GOOG,GPRO,GSHD,GSM,GWAV,HAIN,HBAN,HEPA,HURN,HWKN,IBIO,ICFI,IGMS,IMKTA,INCY,INO,IRDM,IRTC,IRWD,ITCI,JACK,JD,JJSF,KALA,KHC,KLAC,KRRO,KRYS,LANC,LBTYA,LIVN,LKCO,LNTH,LOGI,LPRO,LRCX,LSCC,LSTR,MAR,MARA,MCHP,MEOH,META,MGTX,MKSI,MMYT,MORN,MRUS,MTLS,MTSI,MVIS,MXL,NBIX,NFE,NMIH,NMRK,NNDM,NSIT,NTCT,NVAX,OCUL,ODP,OLED,ONB,OTEX,PACB,PATK,PAYX,PEP,PERI,PI,PLYA,PRDO,PRGS,PTGX,QCOM,QCRH,QDEL,QFIN,RGEN,RILY,RPAY,RPD,SABR,SEDG,SHEN,SIRI,SLNO,SNDL,SNEX,SONO,SPT,SSNC,STGW,STKL,STRL,STX,SWTX,SYNA,TFSL,TIGR,TNXP,TOWN,TRI,TRIP,TRMB,TRNS,TRS,TSCO,TSEM,TVTX,TXRH,VC,VCEL,VECO,VIAV,VICR,VIR,VRTX,VSTM,VTRS,WDFC,WSBC,WSC,WYNN,XENE,XNCR,XRAY,ZS
ACET,0.0,-0.131,-0.037,0.512,-0.269,-0.451,0.431,0.002,-0.298,-0.63,-0.591,0.249,0.508,0.55,0.223,-0.454,0.372,-0.062,-0.5,0.406,-0.049,0.026,0.255,0.315,0.288,0.503,0.342,-0.107,0.517,0.142,-0.716,-0.262,0.043,0.157,0.419,0.234,-0.497,-0.716,-0.197,0.709,-0.437,0.089,0.596,0.472,0.372,0.226,0.208,0.43,-0.275,0.194,0.142,-0.378,0.292,0.572,0.165,0.115,0.159,-0.369,-0.167,-0.761,-0.025,-0.197,0.388,-0.072,-0.23,0.004,0.224,-0.155,0.371,-0.227,0.671,-0.181,0.303,0.407,0.524,0.035,-0.021,-0.088,-0.423,-0.138,-0.144,-0.089,-0.334,0.238,-0.415,0.272,0.26,-0.413,-0.123,0.117,0.122,0.189,0.056,-0.661,0.141,-0.226,0.147,0.726,-0.269,-0.368,0.077,-0.164,-0.21,-0.172,0.626,0.414,0.608,-0.231,0.037,-0.101,0.505,0.155,-0.017,0.347,0.188,0.307,0.308,0.069,0.248,0.338,0.332,0.483,0.263,0.136,0.202,0.055,0.687,0.268,-0.678,-0.771,0.509,0.461,-0.129,0.39,0.123,-0.13,-0.081,0.22,0.03,-0.406,-0.243,-0.313,0.327,-0.15,-0.132,0.593,-0.08,-0.163,0.7,0.508,0.641,0.213,-0.39,0.69,0.356,-0.203,-0.682,-0.342,-0.45,0.146,-0.406,0.083,0.558,0.249,-0.165,-0.345,0.175,0.334,0.361,0.233,0.54,0.087,0.405,-0.11,-0.474,0.407,0.574,-0.45,0.126,-0.601,-0.234,0.659,-0.2,0.052,0.575,0.245,-0.178,0.452,-0.235,-0.414,0.263,0.519,-0.484,-0.159,-0.171,0.278,0.236,0.652,-0.053,-0.228
ADAP,-0.131,0.0,-0.399,0.38,0.291,0.516,0.615,-0.506,0.34,0.327,-0.285,0.696,-0.058,0.225,0.73,-0.35,-0.545,0.438,-0.372,-0.771,0.251,-0.816,-0.337,-0.307,0.344,0.487,0.79,0.855,0.305,-0.365,-0.023,0.649,0.352,0.812,0.682,-0.627,-0.0,-0.019,-0.467,0.093,0.446,0.644,-0.75,0.208,0.574,0.624,-0.801,0.403,0.868,-0.489,-0.096,0.717,0.4,0.135,-0.662,-0.844,0.247,0.136,0.838,0.304,-0.07,-0.318,0.545,0.657,0.767,-0.452,-0.073,-0.766,0.572,0.641,0.415,-0.028,0.625,-0.023,0.662,0.351,0.869,0.177,0.505,-0.745,0.604,0.64,-0.228,0.621,-0.637,-0.836,0.752,0.271,0.497,-0.716,-0.513,0.692,-0.564,-0.411,0.807,-0.789,-0.373,0.048,0.489,0.26,0.642,-0.548,-0.107,0.192,-0.075,0.311,0.533,-0.369,-0.228,0.105,0.593,-0.262,0.588,-0.412,0.162,-0.558,0.3,0.318,0.781,0.663,0.658,0.612,0.243,-0.433,0.359,0.703,-0.249,0.781,0.185,0.044,0.615,0.609,-0.527,-0.544,0.252,0.513,0.567,-0.595,-0.078,-0.441,-0.359,-0.13,0.456,0.329,-0.256,0.515,0.1,0.613,-0.342,-0.605,0.425,-0.035,-0.334,-0.417,-0.642,-0.447,0.489,0.777,0.551,-0.389,-0.237,-0.272,0.581,0.225,0.717,0.019,-0.435,0.668,0.423,0.339,-0.168,-0.604,0.589,0.525,-0.515,0.631,0.102,0.641,-0.753,-0.234,-0.63,0.403,0.078,0.013,-0.171,0.36,0.439,0.552,0.67,-0.408,-0.25,0.363,0.568,0.589,-0.276,-0.721,-0.721,-0.169,0.22,0.827
ADI,-0.037,-0.399,0.0,-0.055,0.258,-0.091,-0.139,0.623,0.575,0.394,0.365,-0.668,0.29,-0.168,-0.563,0.635,0.63,0.336,0.578,0.625,0.505,0.716,0.607,0.57,-0.192,-0.126,-0.292,-0.493,-0.371,0.732,0.529,-0.335,0.352,-0.392,-0.541,0.583,0.656,0.52,0.779,-0.227,0.269,-0.224,0.487,0.18,-0.115,-0.392,0.729,-0.104,-0.521,0.522,0.753,-0.195,0.3,-0.423,0.772,0.735,0.014,0.745,-0.262,0.01,0.046,0.745,-0.199,-0.119,-0.201,0.527,0.469,0.701,-0.286,-0.272,-0.176,0.553,-0.042,0.309,-0.496,-0.037,-0.504,0.221,-0.503,0.504,-0.318,-0.272,0.421,-0.195,0.616,0.56,-0.61,-0.115,0.08,0.653,0.662,-0.777,0.499,0.593,-0.694,0.706,0.896,0.056,0.016,-0.417,0.071,0.798,0.073,0.147,0.372,0.177,-0.101,0.88,0.702,0.671,-0.61,0.897,0.058,0.62,-0.035,0.813,0.022,0.29,-0.67,-0.397,-0.115,-0.451,0.46,0.495,0.102,-0.384,0.417,-0.519,0.468,0.423,-0.587,-0.184,0.865,0.659,-0.09,0.018,0.048,0.8,0.694,0.639,0.77,0.698,0.091,0.024,0.718,-0.436,0.684,0.02,0.171,0.414,-0.279,0.635,0.682,0.258,0.61,0.646,0.119,-0.223,-0.224,0.544,0.707,0.713,-0.318,0.237,-0.334,0.133,0.282,-0.171,-0.03,0.465,0.329,0.638,-0.589,-0.21,0.745,-0.289,0.32,-0.181,0.723,0.718,0.797,-0.518,-0.012,0.585,0.416,0.237,0.33,0.057,-0.088,0.613,0.482,0.009,-0.075,-0.223,0.442,0.623,0.617,-0.047,0.094,-0.249
ADPT,0.512,0.38,-0.055,0.0,0.227,0.086,0.778,0.007,0.217,-0.11,-0.596,0.508,0.394,0.64,0.578,-0.264,0.306,0.44,-0.446,-0.021,0.268,-0.187,0.297,0.489,0.412,0.65,0.702,0.44,0.537,0.218,-0.309,0.227,0.503,0.612,0.728,-0.16,-0.138,-0.381,-0.325,0.732,0.23,0.514,0.104,0.649,0.861,0.736,-0.119,0.824,0.336,0.062,0.282,0.27,0.689,0.374,-0.029,-0.319,0.383,-0.039,0.451,-0.117,0.078,-0.073,0.795,0.484,0.377,-0.135,0.494,-0.311,0.614,0.283,0.576,0.233,0.651,0.665,0.612,0.119,0.416,0.292,0.006,-0.393,0.212,0.402,-0.292,0.69,-0.379,-0.244,0.594,0.192,0.504,-0.207,-0.2,0.466,-0.164,-0.461,0.503,-0.49,0.07,0.634,0.115,-0.033,0.577,-0.194,-0.127,0.153,0.663,0.595,0.791,-0.128,0.094,0.338,0.648,0.245,0.342,0.318,0.228,0.121,0.646,0.659,0.586,0.694,0.701,0.756,0.68,-0.062,0.551,0.546,0.566,0.628,-0.154,-0.327,0.633,0.7,-0.213,0.074,0.308,0.54,0.594,-0.016,0.254,-0.386,-0.101,-0.157,0.662,0.395,0.189,0.661,0.339,0.35,0.407,0.135,0.804,0.35,-0.156,0.486,0.129,-0.359,-0.076,0.225,0.201,0.046,-0.22,0.091,0.772,0.686,0.331,-0.351,-0.029,0.548,0.505,0.65,0.454,-0.115,0.567,0.366,-0.382,0.759,0.767,0.193,-0.332,-0.356,-0.387,0.638,0.152,0.113,0.584,0.488,0.418,0.681,0.473,-0.474,0.432,0.564,-0.025,0.241,-0.114,-0.044,-0.139,0.537,0.36,0.471
ADTN,-0.269,0.291,0.258,0.227,0.0,0.766,0.263,0.202,0.643,0.604,0.237,0.122,-0.158,-0.206,0.249,0.563,0.139,0.325,0.177,-0.029,0.268,0.088,0.197,0.239,-0.013,-0.023,0.14,0.189,-0.073,0.214,0.513,0.417,0.446,0.196,0.004,-0.011,0.511,0.399,0.113,0.062,0.386,0.434,-0.377,0.06,0.292,0.318,-0.046,0.301,0.402,0.212,0.416,0.241,0.51,-0.236,0.223,-0.162,0.627,0.503,0.192,0.614,-0.12,0.426,0.244,0.138,0.266,0.063,0.213,0.087,-0.036,0.489,-0.159,0.67,0.483,0.12,-0.135,-0.217,0.272,0.121,0.458,0.043,0.101,0.421,0.201,0.365,0.134,-0.084,0.159,0.29,0.501,-0.087,-0.124,0.074,0.282,0.376,-0.019,-0.061,0.343,-0.125,0.203,-0.077,0.344,0.345,0.49,0.045,0.22,0.487,0.042,0.497,0.279,0.559,-0.014,0.32,0.099,0.427,0.056,0.132,0.064,0.417,0.018,0.315,0.455,0.064,0.527,-0.236,0.013,-0.042,-0.045,0.083,0.491,0.545,0.017,0.304,0.318,0.279,-0.165,0.256,0.766,0.122,0.478,0.091,0.476,0.109,0.198,0.027,0.329,0.014,0.723,0.269,0.055,0.108,0.171,0.257,0.471,0.012,0.012,0.309,0.362,0.198,0.478,0.44,0.309,0.491,0.192,0.391,0.493,-0.216,-0.343,0.24,0.527,0.398,0.283,0.286,0.156,0.411,0.268,0.151,0.244,0.512,-0.006,0.365,0.276,-0.08,-0.003,0.343,0.175,0.508,0.504,0.232,0.351,0.105,0.208,-0.058,0.659,-0.009,-0.016,0.006,-0.03,0.076,0.56,0.445
AGEN,-0.451,0.516,-0.091,0.086,0.766,0.0,0.248,-0.098,0.499,0.533,0.191,0.371,-0.485,-0.335,0.436,0.396,-0.267,0.138,0.016,-0.386,-0.019,-0.248,-0.156,-0.146,-0.137,0.0,0.184,0.386,0.037,-0.182,0.412,0.624,0.381,0.325,0.141,-0.267,0.324,0.317,-0.126,-0.129,0.345,0.483,-0.715,-0.101,0.241,0.395,-0.412,0.241,0.692,-0.202,-0.005,0.322,0.222,-0.193,-0.132,-0.494,0.62,0.313,0.293,0.777,-0.323,0.08,0.232,0.111,0.327,-0.288,-0.075,-0.219,0.009,0.653,-0.196,0.464,0.4,-0.12,-0.037,-0.29,0.49,-0.126,0.788,-0.241,0.185,0.484,0.009,0.52,-0.132,-0.379,0.396,0.216,0.44,-0.466,-0.45,0.316,0.094,0.207,0.261,-0.348,-0.024,-0.372,0.182,0.17,0.338,-0.064,0.568,-0.157,-0.107,0.202,-0.034,0.189,-0.061,0.214,0.127,-0.085,0.128,0.037,-0.096,-0.29,-0.069,0.219,0.265,0.405,0.479,0.12,0.226,-0.638,-0.1,0.017,-0.4,0.217,0.37,0.402,0.202,0.303,0.01,-0.062,-0.348,0.241,0.659,-0.24,0.094,-0.21,0.139,-0.153,-0.013,-0.065,0.002,0.056,0.376,0.193,-0.209,-0.153,0.11,-0.015,0.266,-0.268,-0.32,0.113,0.428,0.355,0.718,0.171,0.052,0.235,0.24,0.102,0.705,-0.247,-0.671,0.28,0.568,0.083,-0.082,0.059,0.366,0.411,-0.002,0.127,-0.034,0.613,-0.292,0.154,0.015,0.043,-0.115,-0.024,-0.049,0.24,0.228,0.153,0.386,-0.142,-0.188,-0.195,0.788,0.05,-0.323,-0.294,-0.416,-0.142,0.354,0.549
ALGN,0.431,0.615,-0.139,0.778,0.263,0.248,0.0,-0.143,0.384,0.012,-0.667,0.599,0.334,0.57,0.725,-0.288,0.104,0.415,-0.595,-0.232,0.314,-0.45,0.168,0.353,0.319,0.729,0.877,0.611,0.657,0.024,-0.329,0.318,0.648,0.723,0.78,-0.356,-0.17,-0.36,-0.396,0.543,0.288,0.475,-0.201,0.701,0.91,0.864,-0.35,0.797,0.534,-0.118,0.277,0.347,0.719,0.316,-0.178,-0.505,0.489,0.063,0.606,-0.022,-0.138,-0.136,0.907,0.533,0.435,-0.347,0.391,-0.527,0.781,0.466,0.695,0.185,0.85,0.379,0.751,-0.004,0.631,0.213,0.149,-0.672,0.293,0.461,-0.462,0.872,-0.547,-0.481,0.755,0.057,0.654,-0.396,-0.334,0.578,-0.272,-0.552,0.661,-0.686,0.008,0.553,0.213,-0.161,0.84,-0.336,-0.004,0.166,0.603,0.629,0.827,-0.172,0.114,0.25,0.738,0.185,0.569,0.126,0.193,-0.015,0.645,0.567,0.714,0.855,0.829,0.761,0.678,-0.315,0.483,0.554,0.421,0.749,-0.125,-0.314,0.787,0.897,-0.307,-0.053,0.157,0.621,0.617,-0.156,0.134,-0.604,-0.197,-0.158,0.535,0.206,0.051,0.631,0.307,0.339,0.238,0.002,0.872,0.415,-0.164,0.314,-0.017,-0.464,0.086,0.454,0.325,-0.053,-0.307,0.117,0.851,0.63,0.581,-0.357,-0.328,0.766,0.709,0.641,0.373,-0.217,0.738,0.347,-0.552,0.839,0.662,0.291,-0.473,-0.415,-0.424,0.655,0.039,0.012,0.476,0.463,0.334,0.891,0.512,-0.605,0.192,0.722,0.168,0.265,-0.317,-0.195,-0.348,0.299,0.37,0.675
ALLK,0.002,-0.506,0.623,0.007,0.202,-0.098,-0.143,0.0,0.395,0.034,0.304,-0.627,0.236,0.008,-0.516,0.612,0.701,-0.086,0.189,0.752,0.235,0.713,0.826,0.73,-0.338,-0.454,-0.343,-0.44,-0.184,0.846,0.312,-0.483,0.267,-0.326,-0.383,0.53,0.387,0.37,0.435,-0.05,0.159,-0.304,0.473,0.144,-0.014,-0.273,0.775,-0.065,-0.479,0.738,0.687,-0.351,0.187,-0.193,0.847,0.662,0.157,0.26,-0.391,0.06,0.015,0.868,-0.184,-0.216,-0.322,0.457,0.597,0.781,-0.166,-0.225,-0.335,0.655,-0.034,0.188,-0.534,-0.353,-0.634,0.234,-0.315,0.58,-0.567,-0.053,0.179,-0.158,0.657,0.578,-0.546,0.01,0.257,0.767,0.634,-0.581,0.721,0.532,-0.652,0.601,0.633,0.23,-0.086,-0.336,0.037,0.715,0.185,0.229,0.511,0.146,-0.206,0.66,0.498,0.624,-0.467,0.664,-0.192,0.757,-0.051,0.697,0.066,0.172,-0.583,-0.337,-0.314,-0.429,0.305,0.51,-0.023,-0.453,0.435,-0.435,0.168,0.297,-0.48,-0.138,0.742,0.597,-0.177,-0.002,0.03,0.759,0.522,0.399,0.805,0.455,0.092,-0.0,0.728,-0.33,0.49,-0.07,0.198,0.653,-0.146,0.338,0.805,0.412,0.831,0.381,-0.125,-0.449,-0.185,0.715,0.571,0.541,-0.345,0.432,-0.27,-0.155,0.113,-0.512,-0.086,0.206,0.28,0.744,-0.415,-0.414,0.616,-0.111,0.36,-0.282,0.568,0.45,0.713,-0.391,-0.152,0.196,0.473,0.103,0.127,-0.223,-0.006,0.389,0.735,-0.092,-0.36,-0.448,0.315,0.814,0.763,0.167,0.078,-0.321
AMD,-0.298,0.34,0.575,0.217,0.643,0.499,0.384,0.395,0.0,0.67,0.143,-0.14,0.181,0.04,0.045,0.542,0.21,0.544,0.203,-0.009,0.655,0.083,0.459,0.443,-0.068,0.104,0.28,0.277,-0.12,0.514,0.591,0.141,0.76,0.278,0.007,-0.023,0.699,0.609,0.344,-0.204,0.75,0.278,-0.251,0.393,0.417,0.244,0.072,0.296,0.277,0.229,0.699,0.408,0.692,-0.379,0.321,0.014,0.368,0.791,0.423,0.496,-0.068,0.636,0.289,0.42,0.406,0.126,0.539,0.184,0.239,0.41,0.028,0.748,0.498,0.165,-0.06,-0.05,0.154,0.44,0.074,-0.079,0.114,0.396,0.176,0.394,0.246,-0.175,0.023,0.254,0.709,0.119,0.153,-0.18,0.163,0.405,-0.073,0.055,0.535,0.103,0.423,-0.241,0.681,0.418,0.23,0.436,0.365,0.406,0.21,0.643,0.589,0.765,-0.137,0.677,0.524,0.381,0.122,0.365,0.265,0.586,-0.038,0.204,0.353,-0.035,0.703,0.069,0.35,0.136,0.149,0.133,0.683,0.591,-0.115,0.351,0.454,0.216,0.008,0.577,0.647,0.296,0.644,0.207,0.622,0.617,0.394,0.23,0.645,-0.164,0.843,0.512,-0.196,-0.007,0.126,0.597,0.652,-0.072,0.203,0.204,0.555,0.421,0.4,0.364,0.575,0.556,0.09,0.572,0.422,0.02,-0.243,0.2,0.364,0.667,0.153,0.263,-0.041,0.168,0.395,0.269,0.392,0.415,0.015,0.582,0.38,-0.268,0.053,0.397,0.251,0.459,0.646,0.382,0.595,0.199,0.389,0.266,0.44,0.162,0.2,0.112,0.089,-0.221,0.358,0.543
AMWD,-0.63,0.327,0.394,-0.11,0.604,0.533,0.012,0.034,0.67,0.0,0.472,-0.149,-0.189,-0.369,-0.014,0.473,-0.12,0.523,0.547,-0.265,0.49,0.03,-0.024,-0.053,-0.041,-0.068,0.064,0.167,-0.405,0.157,0.765,0.349,0.327,0.066,-0.264,-0.071,0.754,0.753,0.359,-0.437,0.597,0.194,-0.44,-0.074,0.072,-0.032,-0.103,-0.04,0.297,0.052,0.326,0.461,0.237,-0.472,0.035,-0.048,0.137,0.787,0.345,0.675,-0.038,0.368,-0.076,0.283,0.424,0.177,0.142,0.073,-0.154,0.311,-0.275,0.415,0.166,-0.021,-0.276,0.189,0.238,0.214,0.228,-0.028,0.299,0.235,0.408,0.093,0.226,-0.246,-0.147,0.232,0.305,-0.068,0.017,-0.194,-0.054,0.529,-0.106,0.14,0.244,-0.4,0.35,0.025,0.311,0.358,0.187,0.2,-0.147,0.161,-0.189,0.494,0.356,0.548,-0.373,0.274,0.355,-0.032,0.042,0.037,-0.1,0.325,-0.168,-0.094,0.127,-0.233,0.275,-0.078,0.087,0.033,-0.227,-0.117,0.788,0.768,-0.314,-0.028,0.341,-0.091,-0.047,0.348,0.394,0.093,0.386,0.412,0.437,0.45,0.081,0.183,0.343,-0.351,0.52,0.396,-0.395,-0.363,-0.292,0.243,0.444,-0.43,-0.245,0.372,0.699,0.45,0.438,0.114,0.538,0.304,-0.183,0.078,0.315,0.301,-0.107,0.112,0.068,0.324,-0.093,-0.012,-0.269,0.279,0.468,-0.132,-0.061,0.57,-0.002,0.66,0.314,-0.501,0.069,0.468,-0.117,0.226,0.534,0.101,0.326,0.339,-0.049,-0.099,0.706,0.223,0.186,-0.209,-0.145,-0.478,0.385,0.438
ARDX,-0.591,-0.285,0.365,-0.596,0.237,0.191,-0.667,0.304,0.143,0.472,0.0,-0.571,-0.373,-0.741,-0.53,0.58,0.078,-0.067,0.677,0.184,-0.016,0.478,-0.077,-0.181,-0.408,-0.707,-0.631,-0.469,-0.59,0.161,0.634,-0.019,-0.278,-0.559,-0.744,0.309,0.466,0.607,0.429,-0.565,0.017,-0.309,-0.055,-0.573,-0.59,-0.666,0.328,-0.625,-0.246,0.284,0.139,-0.165,-0.421,-0.533,0.31,0.397,-0.205,0.388,-0.391,0.386,0.017,0.459,-0.677,-0.389,-0.227,0.377,-0.108,0.513,-0.632,-0.261,-0.709,0.21,-0.399,-0.231,-0.764,0.019,-0.393,-0.176,0.094,0.566,-0.257,-0.241,0.505,-0.559,0.498,0.39,-0.669,-0.05,-0.183,0.352,0.428,-0.535,0.418,0.692,-0.599,0.596,0.296,-0.562,-0.105,0.122,-0.437,0.509,0.135,-0.17,-0.367,-0.17,-0.667,0.473,0.072,0.219,-0.77,0.084,-0.375,0.091,-0.267,0.102,-0.567,-0.258,-0.68,-0.674,-0.459,-0.678,-0.265,0.201,-0.449,-0.57,-0.385,-0.665,0.433,0.676,-0.7,-0.583,0.557,0.158,-0.301,-0.376,-0.192,0.352,0.17,0.639,0.485,0.286,-0.372,-0.15,0.133,-0.554,0.134,-0.107,-0.197,0.012,-0.782,-0.188,0.486,-0.24,0.002,0.697,0.275,-0.283,-0.05,0.347,0.458,0.321,-0.674,-0.354,-0.222,0.295,0.139,-0.425,-0.391,-0.238,-0.207,0.359,-0.71,-0.17,0.69,-0.668,-0.385,0.028,0.461,0.636,0.596,-0.697,-0.109,0.294,-0.229,-0.09,0.099,-0.544,-0.267,0.647,-0.029,-0.623,0.241,-0.288,0.254,0.218,0.254,-0.335,-0.008,-0.329
ARQT,0.249,0.696,-0.668,0.508,0.122,0.371,0.599,-0.627,-0.14,-0.149,-0.571,0.0,-0.052,0.367,0.89,-0.548,-0.482,0.14,-0.607,-0.626,-0.192,-0.776,-0.427,-0.352,0.414,0.645,0.707,0.692,0.601,-0.566,-0.439,0.618,0.13,0.719,0.821,-0.537,-0.429,-0.49,-0.692,0.533,-0.017,0.666,-0.482,0.169,0.533,0.745,-0.758,0.578,0.755,-0.497,-0.422,0.399,0.252,0.555,-0.695,-0.85,0.365,-0.39,0.534,0.042,-0.058,-0.675,0.636,0.379,0.486,-0.543,-0.221,-0.852,0.506,0.531,0.5,-0.172,0.55,0.131,0.788,0.104,0.85,-0.097,0.544,-0.675,0.542,0.526,-0.315,0.644,-0.801,-0.66,0.912,0.195,0.199,-0.794,-0.729,0.906,-0.519,-0.686,0.889,-0.907,-0.558,0.131,0.209,0.318,0.354,-0.722,0.018,-0.155,0.012,0.312,0.602,-0.667,-0.525,-0.262,0.877,-0.478,0.242,-0.332,0.168,-0.602,0.188,0.223,0.907,0.795,0.722,0.846,0.151,-0.583,0.242,0.602,-0.083,0.824,-0.284,-0.434,0.857,0.643,-0.732,-0.389,0.171,0.313,0.446,-0.655,-0.294,-0.726,-0.669,-0.63,0.355,0.122,-0.503,0.781,-0.142,0.252,0.091,-0.352,0.631,-0.238,-0.661,-0.061,-0.582,-0.586,0.06,0.446,0.431,-0.406,-0.618,-0.385,0.794,0.16,0.68,-0.244,-0.349,0.68,0.498,0.099,0.088,-0.613,0.85,0.57,-0.804,0.653,0.198,0.478,-0.687,-0.674,-0.828,0.814,0.107,-0.197,-0.078,0.315,0.05,0.509,0.351,-0.733,-0.356,0.28,0.334,0.39,-0.431,-0.678,-0.718,0.26,0.227,0.595
ASTE,0.508,-0.058,0.29,0.394,-0.158,-0.485,0.334,0.236,0.181,-0.189,-0.373,-0.052,0.0,0.646,-0.023,-0.212,0.386,0.338,-0.068,0.251,0.441,0.07,0.521,0.453,0.248,0.392,0.358,0.023,0.167,0.466,-0.222,-0.45,0.371,0.144,0.217,0.124,0.042,-0.115,0.206,0.326,0.162,0.108,0.477,0.535,0.375,0.084,0.244,0.269,-0.282,0.33,0.438,0.053,0.551,0.211,0.21,0.245,-0.13,0.071,0.148,-0.535,0.351,0.205,0.29,0.315,0.109,0.258,0.626,0.081,0.391,-0.213,0.581,0.096,0.34,0.489,0.309,0.244,-0.071,0.421,-0.588,-0.033,0.14,0.137,0.077,0.053,-0.003,0.125,-0.009,0.046,0.19,0.363,0.343,-0.121,-0.085,-0.228,-0.012,0.059,0.285,0.628,0.229,-0.286,0.39,0.126,-0.302,0.395,0.572,0.407,0.494,0.061,0.465,0.313,0.178,0.484,0.416,0.309,0.467,0.552,0.282,0.376,0.058,0.085,0.119,0.216,0.482,0.526,0.485,0.286,0.656,0.238,-0.038,-0.203,0.089,0.311,0.033,0.29,0.417,0.331,-0.013,0.338,0.353,0.048,0.175,0.39,0.523,0.252,0.375,0.173,0.236,0.317,0.247,0.204,0.329,0.459,-0.041,0.306,0.417,-0.118,-0.066,0.012,-0.384,0.185,0.128,0.21,0.273,0.482,-0.096,0.091,0.414,0.139,-0.014,0.463,0.306,0.024,0.018,-0.036,-0.016,0.402,0.573,-0.121,0.134,-0.036,-0.028,0.146,0.144,0.347,0.346,0.338,0.224,0.364,0.198,-0.078,0.457,0.58,-0.31,0.189,0.317,0.237,0.403,0.202,0.18,0.031
AUPH,0.55,0.225,-0.168,0.64,-0.206,-0.335,0.57,0.008,0.04,-0.369,-0.741,0.367,0.646,0.0,0.413,-0.539,0.074,0.277,-0.538,-0.06,0.258,-0.341,0.364,0.326,0.52,0.586,0.621,0.502,0.473,0.22,-0.465,-0.202,0.369,0.6,0.709,-0.172,-0.235,-0.342,-0.265,0.599,0.274,0.393,0.199,0.717,0.658,0.521,-0.119,0.633,0.143,-0.005,0.145,0.34,0.593,0.581,-0.141,-0.223,0.08,-0.268,0.482,-0.434,0.286,-0.12,0.597,0.615,0.376,-0.015,0.454,-0.259,0.715,0.237,0.686,0.034,0.456,0.329,0.699,0.242,0.294,0.578,-0.298,-0.347,0.319,0.452,-0.167,0.347,-0.336,-0.295,0.461,0.305,0.39,0.005,-0.109,0.366,-0.401,-0.544,0.427,-0.397,-0.189,0.77,0.395,-0.101,0.475,-0.262,-0.405,0.518,0.521,0.327,0.704,-0.38,0.072,0.122,0.668,0.145,0.429,0.128,0.568,0.096,0.517,0.476,0.552,0.494,0.314,0.632,0.435,0.284,0.727,0.662,0.551,0.675,-0.206,-0.405,0.466,0.603,-0.409,-0.104,0.634,0.581,0.203,-0.143,0.191,-0.343,-0.184,0.05,0.681,0.325,0.216,0.527,0.109,0.488,0.141,-0.037,0.688,0.295,-0.315,0.238,0.163,-0.661,-0.148,0.255,-0.067,-0.115,-0.13,-0.222,0.544,0.649,0.2,-0.007,0.189,0.26,0.178,0.39,0.259,-0.305,0.45,0.169,-0.427,0.787,0.608,0.021,-0.358,-0.368,-0.496,0.519,0.191,-0.037,0.217,0.321,0.205,0.442,0.478,-0.438,0.371,0.692,-0.345,0.433,0.157,-0.122,0.043,0.365,0.189,0.337
AVXL,0.223,0.73,-0.563,0.578,0.249,0.436,0.725,-0.516,0.045,-0.014,-0.53,0.89,-0.023,0.413,0.0,-0.479,-0.373,0.318,-0.539,-0.588,-0.022,-0.71,-0.303,-0.195,0.402,0.662,0.791,0.74,0.624,-0.401,-0.323,0.546,0.312,0.78,0.824,-0.55,-0.283,-0.373,-0.582,0.559,0.192,0.693,-0.479,0.362,0.662,0.792,-0.677,0.725,0.782,-0.423,-0.213,0.5,0.399,0.499,-0.57,-0.823,0.431,-0.218,0.632,0.078,-0.051,-0.499,0.737,0.524,0.541,-0.412,-0.042,-0.77,0.642,0.609,0.529,-0.028,0.698,0.132,0.779,0.124,0.881,0.076,0.488,-0.669,0.565,0.617,-0.254,0.696,-0.775,-0.643,0.887,0.228,0.425,-0.698,-0.657,0.811,-0.508,-0.625,0.831,-0.863,-0.466,0.227,0.267,0.181,0.522,-0.608,-0.039,-0.049,0.188,0.393,0.624,-0.559,-0.367,-0.07,0.857,-0.35,0.343,-0.184,0.241,-0.492,0.267,0.421,0.878,0.819,0.771,0.862,0.309,-0.512,0.391,0.606,0.021,0.823,-0.14,-0.261,0.809,0.781,-0.636,-0.376,0.221,0.488,0.546,-0.558,-0.084,-0.654,-0.475,-0.516,0.412,0.094,-0.293,0.723,0.024,0.369,0.146,-0.336,0.706,0.009,-0.504,0.002,-0.506,-0.533,0.133,0.509,0.458,-0.228,-0.457,-0.216,0.814,0.334,0.731,-0.211,-0.368,0.73,0.558,0.227,0.17,-0.538,0.822,0.587,-0.685,0.744,0.343,0.555,-0.677,-0.541,-0.723,0.721,0.072,-0.091,0.024,0.397,0.166,0.611,0.465,-0.678,-0.242,0.422,0.404,0.384,-0.335,-0.617,-0.65,0.26,0.379,0.665
AZTA,-0.454,-0.35,0.635,-0.264,0.563,0.396,-0.288,0.612,0.542,0.473,0.58,-0.548,-0.212,-0.539,-0.479,0.0,0.411,-0.007,0.531,0.434,0.174,0.638,0.403,0.371,-0.462,-0.532,-0.499,-0.4,-0.451,0.491,0.691,-0.091,0.215,-0.442,-0.626,0.338,0.627,0.622,0.529,-0.41,0.213,-0.213,0.038,-0.166,-0.241,-0.28,0.508,-0.232,-0.225,0.479,0.485,-0.209,0.058,-0.599,0.67,0.47,0.262,0.552,-0.345,0.547,-0.157,0.714,-0.311,-0.323,-0.269,0.299,0.243,0.676,-0.536,-0.019,-0.61,0.655,-0.146,0.008,-0.749,-0.447,-0.452,-0.028,0.099,0.526,-0.378,-0.145,0.29,-0.13,0.739,0.425,-0.514,0.016,0.164,0.434,0.344,-0.565,0.706,0.853,-0.645,0.575,0.634,-0.337,-0.119,-0.185,-0.079,0.712,0.574,0.01,0.067,0.028,-0.476,0.85,0.471,0.464,-0.668,0.513,-0.189,0.502,-0.279,0.462,-0.149,0.075,-0.639,-0.352,-0.205,-0.6,0.222,0.063,-0.311,-0.576,-0.047,-0.594,0.516,0.64,-0.581,-0.32,0.76,0.511,-0.451,-0.08,0.249,0.551,0.426,0.479,0.763,0.418,-0.249,-0.134,0.535,-0.579,0.569,-0.159,-0.026,0.398,-0.396,0.25,0.86,0.087,0.435,0.678,0.191,-0.251,0.13,0.576,0.616,0.652,-0.461,0.058,-0.077,-0.104,-0.127,-0.375,0.056,0.105,0.095,0.723,-0.467,-0.146,0.748,-0.465,-0.055,0.03,0.527,0.692,0.821,-0.599,-0.083,0.239,0.19,0.021,0.168,-0.286,-0.054,0.524,0.291,-0.375,0.271,-0.388,0.182,0.527,0.437,-0.134,0.159,-0.128
BAND,0.372,-0.545,0.63,0.306,0.139,-0.267,0.104,0.701,0.21,-0.12,0.078,-0.482,0.386,0.074,-0.373,0.411,0.0,0.042,0.111,0.81,0.193,0.758,0.699,0.844,-0.191,-0.126,-0.192,-0.541,0.055,0.678,0.014,-0.42,0.242,-0.371,-0.256,0.508,0.083,-0.07,0.373,0.263,-0.121,-0.311,0.69,0.289,0.139,-0.071,0.782,0.098,-0.56,0.658,0.649,-0.496,0.253,-0.154,0.801,0.658,0.142,0.202,-0.44,-0.23,-0.001,0.592,0.073,-0.293,-0.462,0.36,0.611,0.631,-0.062,-0.411,-0.009,0.407,0.105,0.506,-0.311,-0.301,-0.55,0.035,-0.428,0.439,-0.566,-0.349,-0.03,-0.017,0.462,0.677,-0.391,-0.19,0.175,0.652,0.576,-0.453,0.663,0.233,-0.514,0.498,0.758,0.386,-0.306,-0.413,0.042,0.608,0.112,-0.016,0.688,0.319,0.086,0.592,0.531,0.477,-0.277,0.723,-0.201,0.779,-0.139,0.804,0.267,0.223,-0.472,-0.128,-0.017,-0.169,0.495,0.395,-0.019,-0.405,0.664,-0.379,-0.063,-0.029,-0.205,0.004,0.635,0.737,-0.175,-0.049,0.035,0.775,0.428,0.244,0.547,0.271,0.066,-0.008,0.532,-0.1,0.434,-0.277,0.577,0.802,0.107,0.493,0.518,0.783,0.848,0.411,-0.299,-0.564,-0.363,0.625,0.236,0.63,-0.038,0.386,-0.381,-0.268,0.302,-0.106,0.114,0.414,0.539,0.733,-0.278,-0.299,0.39,-0.054,0.536,-0.444,0.597,0.184,0.606,-0.088,-0.036,0.26,0.723,0.173,0.114,0.152,-0.217,0.233,0.713,0.109,-0.433,-0.487,0.168,0.847,0.671,0.43,0.19,-0.357
BECN,-0.062,0.438,0.336,0.44,0.325,0.138,0.415,-0.086,0.544,0.523,-0.067,0.14,0.338,0.277,0.318,-0.007,0.042,0.0,0.269,-0.207,0.726,-0.119,0.084,0.171,0.498,0.476,0.498,0.407,-0.037,0.26,0.346,0.252,0.498,0.434,0.235,-0.162,0.483,0.337,0.263,0.156,0.667,0.462,-0.069,0.5,0.43,0.251,-0.064,0.403,0.275,0.0,0.473,0.68,0.599,-0.091,-0.07,-0.152,-0.024,0.611,0.653,0.094,0.367,0.155,0.409,0.733,0.614,0.224,0.34,-0.122,0.283,0.277,0.299,0.271,0.469,0.427,0.293,0.534,0.406,0.634,-0.132,-0.141,0.58,0.302,0.352,0.211,-0.054,-0.263,0.173,0.409,0.448,-0.052,0.053,0.003,-0.361,0.046,0.198,-0.07,0.227,0.165,0.479,0.015,0.504,0.152,-0.357,0.427,0.267,0.4,0.438,0.185,0.334,0.596,0.129,0.4,0.601,0.109,0.273,0.132,0.322,0.767,0.197,0.202,0.469,0.352,0.623,0.247,0.662,0.546,0.284,0.316,0.553,0.398,0.03,0.38,0.08,-0.104,0.561,0.638,0.475,0.078,0.607,0.276,0.203,0.433,0.589,0.531,0.451,0.178,0.556,0.702,0.012,-0.349,0.202,0.605,0.039,-0.062,-0.162,0.043,0.51,0.523,0.195,-0.027,0.399,0.175,0.298,0.461,0.233,0.311,0.268,0.486,0.129,0.7,0.316,-0.238,-0.024,0.549,0.16,0.368,0.434,0.507,-0.09,0.354,-0.108,-0.021,0.417,0.633,0.112,0.552,0.747,0.513,0.542,0.155,0.179,0.494,0.382,0.617,0.43,-0.264,-0.141,0.022,0.543,0.541
BFC,-0.5,-0.372,0.578,-0.446,0.177,0.016,-0.595,0.189,0.203,0.547,0.677,-0.607,-0.068,-0.538,-0.539,0.531,0.111,0.269,0.0,0.199,0.23,0.555,0.039,-0.062,-0.235,-0.378,-0.544,-0.488,-0.705,0.309,0.742,-0.193,-0.084,-0.553,-0.772,0.388,0.714,0.713,0.75,-0.53,0.202,-0.227,0.167,-0.325,-0.506,-0.668,0.407,-0.429,-0.386,0.25,0.226,-0.006,-0.183,-0.515,0.368,0.54,-0.323,0.626,-0.261,0.225,0.21,0.424,-0.59,-0.154,-0.122,0.589,0.076,0.563,-0.61,-0.283,-0.493,0.221,-0.416,-0.007,-0.714,0.204,-0.402,0.098,-0.269,0.556,0.014,-0.243,0.741,-0.583,0.579,0.405,-0.726,0.026,-0.25,0.4,0.427,-0.741,0.172,0.753,-0.657,0.738,0.363,-0.484,0.002,-0.036,-0.32,0.611,0.049,0.008,-0.25,-0.211,-0.601,0.575,0.418,0.307,-0.793,0.288,-0.068,0.129,-0.029,0.354,-0.473,0.072,-0.718,-0.717,-0.43,-0.644,-0.079,0.334,-0.116,-0.389,-0.123,-0.672,0.622,0.682,-0.806,-0.559,0.566,0.229,-0.047,-0.123,-0.199,0.424,0.406,0.835,0.556,0.507,-0.262,-0.007,0.392,-0.707,0.252,0.013,-0.147,-0.081,-0.701,0.191,0.429,-0.259,0.053,0.702,0.333,-0.131,-0.14,0.304,0.673,0.373,-0.596,-0.266,-0.313,0.419,0.369,-0.382,-0.452,-0.09,-0.076,0.262,-0.773,-0.021,0.834,-0.658,-0.214,0.078,0.563,0.787,0.611,-0.793,0.072,0.541,-0.168,-0.093,0.165,-0.412,-0.21,0.706,-0.05,-0.371,0.295,-0.044,0.485,0.181,0.364,-0.375,0.13,-0.269
BGC,0.406,-0.771,0.625,-0.021,-0.029,-0.386,-0.232,0.752,-0.009,-0.265,0.184,-0.626,0.251,-0.06,-0.588,0.434,0.81,-0.207,0.199,0.0,0.035,0.857,0.662,0.645,-0.214,-0.316,-0.482,-0.749,-0.127,0.69,0.023,-0.569,-0.05,-0.557,-0.455,0.762,0.128,0.001,0.449,0.157,-0.317,-0.423,0.832,0.106,-0.192,-0.425,0.932,-0.101,-0.801,0.733,0.539,-0.7,-0.01,-0.078,0.899,0.856,0.062,0.086,-0.717,-0.324,0.027,0.59,-0.254,-0.521,-0.66,0.511,0.368,0.776,-0.345,-0.51,-0.202,0.325,-0.209,0.247,-0.48,-0.309,-0.765,-0.051,-0.542,0.688,-0.662,-0.462,0.118,-0.3,0.542,0.895,-0.605,-0.353,-0.198,0.803,0.692,-0.633,0.758,0.324,-0.764,0.684,0.704,0.301,-0.418,-0.439,-0.307,0.68,0.096,-0.111,0.51,0.118,-0.175,0.574,0.428,0.309,-0.442,0.595,-0.438,0.783,-0.154,0.77,-0.01,-0.048,-0.67,-0.416,-0.303,-0.398,0.157,0.493,-0.185,-0.648,0.599,-0.607,-0.18,-0.068,-0.415,-0.224,0.721,0.795,-0.227,-0.413,-0.235,0.827,0.413,0.375,0.572,0.193,-0.095,-0.266,0.456,-0.208,0.258,-0.42,0.581,0.869,-0.097,0.303,0.5,0.695,0.861,0.498,-0.513,-0.76,-0.526,0.677,0.318,0.537,-0.282,0.152,-0.611,-0.228,0.333,-0.414,-0.036,0.077,0.47,0.803,-0.426,-0.441,0.474,-0.327,0.328,-0.63,0.83,0.224,0.697,-0.202,-0.218,0.236,0.592,0.028,-0.144,-0.181,-0.493,0.377,0.606,-0.079,-0.545,-0.597,0.238,0.913,0.829,0.459,-0.092,-0.693
BHF,-0.049,0.251,0.505,0.268,0.268,-0.019,0.314,0.235,0.655,0.49,-0.016,-0.192,0.441,0.258,-0.022,0.174,0.193,0.726,0.23,0.035,0.0,0.06,0.34,0.348,0.39,0.239,0.323,0.272,-0.214,0.541,0.38,0.011,0.416,0.295,0.062,-0.044,0.593,0.462,0.401,-0.043,0.687,0.143,0.051,0.539,0.37,0.073,0.138,0.233,0.032,0.279,0.698,0.516,0.6,-0.232,0.196,0.124,-0.033,0.67,0.5,0.095,0.357,0.421,0.205,0.636,0.531,0.261,0.462,0.146,0.196,0.186,0.178,0.349,0.324,0.3,0.118,0.413,0.069,0.668,-0.355,0.008,0.344,0.208,0.254,0.096,0.221,-0.134,-0.066,0.294,0.406,0.277,0.306,-0.228,-0.126,0.221,-0.082,0.119,0.375,0.272,0.459,-0.174,0.492,0.36,-0.279,0.674,0.325,0.397,0.289,0.407,0.598,0.683,-0.102,0.589,0.593,0.224,0.214,0.32,0.335,0.572,-0.044,0.003,0.211,0.048,0.594,0.469,0.514,0.379,0.366,0.115,0.573,0.451,-0.177,0.238,0.318,-0.018,0.49,0.493,0.377,0.269,0.634,0.376,0.42,0.659,0.534,0.448,0.615,-0.033,0.598,0.658,-0.117,-0.148,0.118,0.576,0.329,-0.074,0.129,0.066,0.408,0.393,0.08,0.067,0.585,0.198,0.038,0.507,0.051,0.232,0.283,0.152,0.058,0.703,0.224,-0.02,-0.188,0.263,0.316,0.244,0.362,0.279,0.073,0.487,0.16,-0.213,0.264,0.569,0.213,0.428,0.744,0.319,0.481,0.285,0.435,0.517,0.165,0.468,0.518,0.026,0.176,-0.055,0.331,0.376
BHFAL,0.026,-0.816,0.716,-0.187,0.088,-0.248,-0.45,0.713,0.083,0.03,0.478,-0.776,0.07,-0.341,-0.71,0.638,0.758,-0.119,0.555,0.857,0.06,0.0,0.52,0.554,-0.37,-0.502,-0.678,-0.838,-0.394,0.653,0.34,-0.506,-0.076,-0.742,-0.729,0.695,0.357,0.277,0.627,-0.127,-0.181,-0.522,0.697,-0.078,-0.358,-0.576,0.93,-0.274,-0.773,0.691,0.512,-0.601,-0.125,-0.366,0.888,0.901,-0.042,0.29,-0.712,-0.059,0.023,0.668,-0.453,-0.534,-0.619,0.584,0.348,0.899,-0.52,-0.563,-0.456,0.376,-0.394,0.235,-0.763,-0.289,-0.824,-0.065,-0.456,0.78,-0.63,-0.528,0.324,-0.459,0.742,0.879,-0.8,-0.253,-0.207,0.802,0.693,-0.804,0.744,0.618,-0.891,0.865,0.722,-0.029,-0.395,-0.343,-0.401,0.809,0.195,-0.13,0.299,-0.044,-0.451,0.736,0.507,0.35,-0.727,0.597,-0.443,0.682,-0.231,0.769,-0.175,-0.008,-0.861,-0.625,-0.447,-0.623,0.1,0.478,-0.278,-0.728,0.364,-0.814,0.107,0.265,-0.677,-0.464,0.839,0.706,-0.302,-0.361,-0.244,0.84,0.432,0.617,0.704,0.34,-0.275,-0.195,0.532,-0.519,0.314,-0.418,0.382,0.692,-0.397,0.295,0.661,0.484,0.742,0.7,-0.259,-0.692,-0.412,0.666,0.498,0.593,-0.53,0.013,-0.613,-0.07,0.377,-0.529,-0.244,0.031,0.318,0.806,-0.676,-0.424,0.765,-0.571,0.134,-0.458,0.858,0.508,0.859,-0.517,-0.123,0.293,0.44,-0.09,-0.053,-0.363,-0.474,0.583,0.495,-0.295,-0.311,-0.608,0.327,0.85,0.787,0.178,0.002,-0.659
BKNG,0.255,-0.337,0.607,0.297,0.197,-0.156,0.168,0.826,0.459,-0.024,-0.077,-0.427,0.521,0.364,-0.303,0.403,0.699,0.084,0.039,0.662,0.34,0.52,0.0,0.835,-0.144,-0.052,-0.027,-0.218,-0.03,0.848,0.143,-0.559,0.531,-0.082,-0.098,0.482,0.348,0.2,0.401,0.135,0.282,-0.082,0.494,0.453,0.288,-0.018,0.637,0.258,-0.392,0.628,0.715,-0.207,0.511,-0.05,0.772,0.543,0.211,0.296,-0.156,-0.111,0.042,0.772,0.1,0.037,-0.183,0.429,0.776,0.606,0.138,-0.083,0.065,0.625,0.207,0.264,-0.206,-0.23,-0.446,0.39,-0.462,0.304,-0.359,0.162,0.077,0.093,0.455,0.418,-0.314,0.037,0.409,0.676,0.503,-0.45,0.485,0.293,-0.45,0.402,0.612,0.559,0.073,-0.5,0.318,0.58,0.147,0.38,0.716,0.262,0.1,0.567,0.661,0.647,-0.185,0.75,0.124,0.762,0.24,0.771,0.314,0.369,-0.323,-0.045,-0.094,-0.18,0.508,0.504,0.31,-0.191,0.61,-0.133,0.136,0.103,-0.248,0.173,0.523,0.616,0.017,0.257,0.152,0.658,0.605,0.235,0.718,0.504,0.314,0.031,0.765,-0.155,0.551,0.109,0.223,0.611,0.204,0.565,0.632,0.451,0.839,0.142,-0.162,-0.243,-0.175,0.653,0.482,0.558,-0.036,0.629,-0.16,-0.156,0.09,-0.253,0.131,0.381,0.349,0.615,-0.169,-0.306,0.411,0.212,0.592,-0.25,0.406,0.32,0.526,-0.19,-0.154,0.232,0.583,0.166,0.17,0.102,0.171,0.194,0.768,0.275,-0.345,-0.261,0.275,0.711,0.734,0.233,0.174,-0.118
BL,0.315,-0.307,0.57,0.489,0.239,-0.146,0.353,0.73,0.443,-0.053,-0.181,-0.352,0.453,0.326,-0.195,0.371,0.844,0.171,-0.062,0.645,0.348,0.554,0.835,0.0,-0.102,0.05,0.052,-0.217,0.118,0.75,0.048,-0.369,0.536,-0.073,-0.01,0.336,0.193,0.002,0.264,0.297,0.201,-0.13,0.521,0.565,0.419,0.193,0.626,0.365,-0.336,0.564,0.742,-0.224,0.54,-0.137,0.721,0.451,0.269,0.264,-0.111,-0.093,-0.023,0.633,0.34,0.033,-0.203,0.23,0.729,0.516,0.212,-0.142,0.116,0.546,0.254,0.489,-0.123,-0.322,-0.367,0.304,-0.384,0.215,-0.424,-0.052,-0.158,0.253,0.408,0.385,-0.168,0.022,0.453,0.528,0.379,-0.315,0.493,0.19,-0.321,0.301,0.665,0.54,-0.084,-0.443,0.367,0.526,0.127,0.255,0.789,0.36,0.25,0.562,0.604,0.585,-0.089,0.779,0.07,0.761,0.001,0.761,0.551,0.471,-0.223,0.114,0.103,-0.011,0.642,0.341,0.254,-0.118,0.708,-0.108,0.041,0.016,-0.077,0.215,0.524,0.578,-0.031,0.279,0.276,0.627,0.524,0.106,0.588,0.369,0.28,0.185,0.714,-0.044,0.572,-0.034,0.4,0.656,0.335,0.65,0.596,0.673,0.834,0.119,-0.16,-0.227,-0.162,0.53,0.31,0.561,0.095,0.67,-0.181,-0.323,0.064,-0.059,0.22,0.577,0.516,0.617,-0.069,-0.211,0.301,0.244,0.648,-0.263,0.334,0.194,0.471,-0.034,0.031,0.129,0.739,0.226,0.267,0.283,0.134,0.103,0.808,0.325,-0.362,-0.298,0.149,0.717,0.541,0.368,0.201,-0.048
BOKF,0.288,0.344,-0.192,0.412,-0.013,-0.137,0.319,-0.338,-0.068,-0.041,-0.408,0.414,0.248,0.52,0.402,-0.462,-0.191,0.498,-0.235,-0.214,0.39,-0.37,-0.144,-0.102,0.0,0.485,0.451,0.517,0.215,-0.073,-0.236,0.304,-0.071,0.549,0.532,-0.195,-0.057,-0.174,-0.19,0.49,0.233,0.425,-0.002,0.411,0.348,0.332,-0.246,0.398,0.258,-0.103,0.007,0.555,0.324,0.374,-0.345,-0.314,-0.036,-0.064,0.528,-0.175,0.609,-0.309,0.391,0.63,0.576,-0.005,-0.119,-0.327,0.244,0.384,0.352,-0.161,0.297,0.208,0.571,0.492,0.417,0.542,-0.063,-0.122,0.595,0.239,0.094,0.114,-0.269,-0.3,0.428,0.452,0.069,-0.159,-0.165,0.4,-0.472,-0.364,0.382,-0.322,-0.223,0.308,0.426,0.28,0.139,-0.162,-0.488,0.42,0.055,0.271,0.502,-0.327,-0.125,0.076,0.498,-0.062,0.235,-0.095,0.324,-0.251,0.289,0.348,0.459,0.317,0.399,0.556,0.253,0.204,0.491,0.662,0.225,0.479,-0.018,-0.088,0.301,0.336,-0.324,-0.303,0.776,0.252,0.292,-0.296,0.205,-0.034,-0.323,-0.043,0.506,0.414,0.01,0.533,0.087,0.581,0.111,-0.301,0.409,0.082,-0.443,-0.004,-0.304,-0.377,0.083,0.359,0.088,-0.367,-0.015,-0.418,0.383,0.281,0.084,0.189,0.385,0.347,0.14,0.375,0.311,-0.485,0.271,0.665,-0.331,0.424,0.221,0.24,-0.256,-0.186,-0.518,0.415,0.473,0.265,-0.042,0.444,0.443,0.307,0.343,-0.082,0.099,0.443,0.03,0.712,0.365,-0.426,-0.234,0.441,0.21,0.319
BRKR,0.503,0.487,-0.126,0.65,-0.023,0.0,0.729,-0.454,0.104,-0.068,-0.707,0.645,0.392,0.586,0.662,-0.532,-0.126,0.476,-0.378,-0.316,0.239,-0.502,-0.052,0.05,0.485,0.0,0.772,0.518,0.514,-0.164,-0.364,0.252,0.424,0.624,0.715,-0.219,-0.171,-0.391,-0.257,0.561,0.194,0.526,-0.023,0.623,0.641,0.633,-0.399,0.742,0.38,-0.309,0.01,0.383,0.561,0.472,-0.352,-0.424,0.175,0.028,0.561,-0.26,0.067,-0.44,0.755,0.535,0.446,-0.24,0.151,-0.597,0.615,0.315,0.779,-0.063,0.593,0.377,0.809,0.298,0.647,0.183,-0.085,-0.59,0.523,0.331,-0.173,0.621,-0.646,-0.445,0.677,0.061,0.212,-0.462,-0.409,0.48,-0.579,-0.632,0.635,-0.602,-0.121,0.458,0.262,-0.04,0.577,-0.431,-0.194,0.065,0.38,0.4,0.794,-0.342,-0.007,0.035,0.712,0.077,0.52,-0.083,0.342,-0.083,0.4,0.538,0.7,0.688,0.732,0.773,0.478,-0.195,0.62,0.639,0.393,0.713,-0.109,-0.436,0.659,0.71,-0.419,-0.125,0.368,0.488,0.359,-0.255,0.124,-0.454,-0.392,-0.182,0.522,0.196,-0.068,0.612,0.138,0.334,0.261,-0.241,0.714,0.332,-0.519,0.159,-0.244,-0.48,0.045,0.489,0.177,-0.294,-0.324,-0.057,0.786,0.39,0.414,-0.068,-0.05,0.769,0.445,0.477,0.321,-0.477,0.619,0.443,-0.556,0.682,0.539,0.286,-0.378,-0.385,-0.568,0.649,0.203,0.128,0.227,0.423,0.218,0.795,0.316,-0.576,-0.088,0.658,0.121,0.457,-0.124,-0.411,-0.425,0.246,0.236,0.502
CACC,0.342,0.79,-0.292,0.702,0.14,0.184,0.877,-0.343,0.28,0.064,-0.631,0.707,0.358,0.621,0.791,-0.499,-0.192,0.498,-0.544,-0.482,0.323,-0.678,-0.027,0.052,0.451,0.772,0.0,0.756,0.579,-0.097,-0.336,0.344,0.517,0.85,0.842,-0.469,-0.164,-0.295,-0.461,0.481,0.353,0.592,-0.316,0.592,0.838,0.771,-0.558,0.689,0.625,-0.272,0.103,0.547,0.642,0.461,-0.447,-0.648,0.279,0.008,0.764,-0.087,-0.011,-0.294,0.804,0.687,0.641,-0.312,0.272,-0.72,0.811,0.482,0.764,0.003,0.8,0.31,0.867,0.316,0.776,0.285,0.144,-0.76,0.557,0.597,-0.304,0.735,-0.691,-0.663,0.782,0.141,0.536,-0.522,-0.401,0.655,-0.536,-0.65,0.801,-0.781,-0.226,0.476,0.414,0.006,0.786,-0.518,-0.222,0.245,0.397,0.558,0.844,-0.405,-0.055,0.181,0.786,-0.024,0.673,-0.143,0.364,-0.216,0.521,0.523,0.822,0.781,0.763,0.814,0.522,-0.253,0.58,0.751,0.285,0.872,-0.067,-0.285,0.775,0.847,-0.52,-0.305,0.364,0.652,0.519,-0.319,0.055,-0.562,-0.356,-0.145,0.653,0.326,-0.084,0.69,0.157,0.557,0.058,-0.305,0.742,0.24,-0.404,0.032,-0.296,-0.549,0.189,0.596,0.291,-0.235,-0.31,-0.118,0.832,0.498,0.623,-0.103,-0.225,0.773,0.495,0.549,0.205,-0.508,0.7,0.419,-0.629,0.876,0.533,0.439,-0.621,-0.439,-0.649,0.627,0.069,0.099,0.215,0.488,0.377,0.807,0.594,-0.622,-0.013,0.73,0.244,0.505,-0.232,-0.473,-0.465,0.128,0.342,0.734
CAR,-0.107,0.855,-0.493,0.44,0.189,0.386,0.611,-0.44,0.277,0.167,-0.469,0.692,0.023,0.502,0.74,-0.4,-0.541,0.407,-0.488,-0.749,0.272,-0.838,-0.218,-0.217,0.517,0.518,0.756,0.0,0.345,-0.3,-0.106,0.512,0.355,0.902,0.797,-0.683,-0.063,-0.044,-0.497,0.213,0.573,0.627,-0.676,0.396,0.625,0.735,-0.779,0.536,0.85,-0.471,-0.146,0.837,0.459,0.242,-0.657,-0.847,0.208,-0.035,0.916,0.278,0.135,-0.34,0.637,0.822,0.817,-0.422,-0.023,-0.689,0.624,0.786,0.413,-0.001,0.566,-0.079,0.727,0.273,0.812,0.453,0.436,-0.672,0.689,0.719,-0.215,0.583,-0.514,-0.892,0.803,0.54,0.57,-0.628,-0.609,0.727,-0.665,-0.398,0.816,-0.784,-0.524,0.194,0.588,0.298,0.626,-0.555,-0.161,0.464,-0.046,0.213,0.539,-0.477,-0.219,0.04,0.705,-0.278,0.596,-0.381,0.318,-0.584,0.399,0.401,0.852,0.712,0.561,0.668,0.266,-0.299,0.536,0.862,-0.168,0.871,0.177,0.019,0.588,0.618,-0.634,-0.637,0.49,0.678,0.595,-0.688,-0.038,-0.46,-0.378,-0.086,0.509,0.403,-0.096,0.494,0.085,0.713,-0.374,-0.623,0.542,-0.008,-0.338,-0.37,-0.551,-0.706,0.413,0.803,0.583,-0.473,-0.17,-0.423,0.554,0.387,0.706,0.042,-0.321,0.508,0.354,0.297,-0.139,-0.663,0.632,0.6,-0.541,0.742,0.128,0.611,-0.847,-0.252,-0.714,0.431,0.282,-0.151,-0.248,0.288,0.423,0.438,0.794,-0.466,-0.127,0.473,0.395,0.747,-0.083,-0.734,-0.651,-0.04,0.267,0.87
CDNA,0.517,0.305,-0.371,0.537,-0.073,0.037,0.657,-0.184,-0.12,-0.405,-0.59,0.601,0.167,0.473,0.624,-0.451,0.055,-0.037,-0.705,-0.127,-0.214,-0.394,-0.03,0.118,0.215,0.514,0.579,0.345,0.0,-0.208,-0.635,0.193,0.215,0.49,0.703,-0.195,-0.601,-0.648,-0.577,0.668,-0.194,0.358,-0.023,0.302,0.539,0.663,-0.294,0.531,0.36,-0.18,-0.111,-0.019,0.262,0.554,-0.259,-0.442,0.342,-0.446,0.192,-0.263,-0.08,-0.378,0.712,0.117,0.157,-0.256,0.057,-0.511,0.56,0.304,0.54,-0.037,0.604,0.242,0.655,-0.167,0.474,-0.09,0.251,-0.464,0.033,0.262,-0.492,0.559,-0.634,-0.203,0.676,-0.057,0.298,-0.372,-0.301,0.63,-0.137,-0.684,0.606,-0.617,-0.169,0.379,0.008,0.029,0.374,-0.477,-0.027,-0.203,0.408,0.392,0.683,-0.468,-0.377,-0.167,0.772,-0.128,0.031,0.063,0.168,-0.172,0.327,0.177,0.616,0.687,0.626,0.728,0.322,-0.324,0.214,0.3,0.322,0.616,-0.524,-0.589,0.779,0.649,-0.427,0.016,0.02,0.223,0.27,-0.208,-0.168,-0.659,-0.441,-0.535,0.266,-0.036,-0.297,0.702,-0.04,-0.046,0.463,0.15,0.66,-0.004,-0.426,0.441,-0.044,-0.469,-0.232,0.053,0.094,-0.07,-0.589,-0.075,0.753,0.325,0.399,-0.201,-0.192,0.592,0.431,0.218,0.324,-0.196,0.676,0.176,-0.692,0.66,0.48,0.002,-0.351,-0.704,-0.523,0.781,0.004,-0.192,0.275,0.359,-0.05,0.574,0.138,-0.639,-0.0,0.355,-0.162,-0.004,-0.317,-0.121,-0.333,0.501,0.094,0.261
CG,0.142,-0.365,0.732,0.218,0.214,-0.182,0.024,0.846,0.514,0.157,0.161,-0.566,0.466,0.22,-0.401,0.491,0.678,0.26,0.309,0.69,0.541,0.653,0.848,0.75,-0.073,-0.164,-0.097,-0.3,-0.208,0.0,0.352,-0.489,0.399,-0.136,-0.251,0.55,0.564,0.424,0.523,0.062,0.352,-0.117,0.567,0.408,0.209,-0.216,0.748,0.151,-0.463,0.762,0.837,-0.115,0.452,-0.114,0.819,0.654,0.101,0.459,-0.16,-0.047,0.208,0.831,-0.049,0.077,-0.086,0.626,0.768,0.688,-0.014,-0.159,-0.084,0.664,0.086,0.37,-0.331,0.006,-0.501,0.479,-0.538,0.486,-0.273,0.074,0.343,-0.102,0.547,0.496,-0.487,0.033,0.295,0.756,0.663,-0.598,0.477,0.44,-0.579,0.555,0.667,0.422,0.066,-0.369,0.196,0.727,-0.031,0.424,0.643,0.327,0.02,0.656,0.673,0.76,-0.375,0.789,0.098,0.778,0.179,0.794,0.165,0.436,-0.482,-0.296,-0.162,-0.26,0.508,0.645,0.279,-0.201,0.649,-0.295,0.299,0.319,-0.43,0.031,0.681,0.573,0.127,0.191,0.153,0.787,0.752,0.505,0.806,0.577,0.369,0.138,0.845,-0.239,0.622,0.223,0.246,0.516,0.007,0.549,0.684,0.405,0.747,0.345,-0.041,-0.274,-0.228,0.697,0.687,0.588,-0.18,0.564,-0.258,-0.021,0.296,-0.339,-0.054,0.444,0.399,0.592,-0.414,-0.206,0.614,0.039,0.572,-0.177,0.546,0.512,0.599,-0.359,-0.091,0.488,0.564,0.288,0.36,-0.023,0.114,0.381,0.775,0.216,-0.24,-0.164,0.496,0.678,0.774,0.205,0.226,-0.17
CGBD,-0.716,-0.023,0.529,-0.309,0.513,0.412,-0.329,0.312,0.591,0.765,0.634,-0.439,-0.222,-0.465,-0.323,0.691,0.014,0.346,0.742,0.023,0.38,0.34,0.143,0.048,-0.236,-0.364,-0.336,-0.106,-0.635,0.352,0.0,0.092,0.22,-0.204,-0.512,0.166,0.887,0.911,0.549,-0.566,0.53,0.015,-0.22,-0.201,-0.228,-0.331,0.208,-0.207,0.025,0.243,0.374,0.291,0.08,-0.601,0.295,0.253,0.074,0.747,0.081,0.655,0.081,0.583,-0.362,0.101,0.161,0.333,0.155,0.453,-0.394,0.126,-0.542,0.551,-0.112,-0.094,-0.599,0.092,-0.11,0.27,0.089,0.357,0.073,0.094,0.554,-0.206,0.562,0.066,-0.45,0.296,0.181,0.219,0.246,-0.516,0.182,0.818,-0.451,0.486,0.334,-0.453,0.231,0.048,0.047,0.616,0.229,0.212,-0.193,-0.087,-0.479,0.659,0.409,0.571,-0.646,0.348,0.105,0.162,-0.113,0.193,-0.246,0.235,-0.476,-0.408,-0.192,-0.491,0.124,0.142,0.003,-0.185,-0.206,-0.412,0.866,0.872,-0.659,-0.331,0.552,0.087,-0.063,0.142,0.234,0.238,0.491,0.658,0.685,0.541,-0.033,0.149,0.529,-0.605,0.523,0.259,-0.381,-0.181,-0.523,0.219,0.662,-0.387,-0.014,0.507,0.636,0.202,0.319,0.31,0.757,0.382,-0.498,0.035,0.028,0.295,0.001,-0.288,-0.172,0.123,-0.177,0.236,-0.53,0.132,0.769,-0.394,-0.16,0.387,0.288,0.853,0.563,-0.729,0.08,0.402,-0.178,0.093,0.366,-0.246,0.219,0.565,0.115,-0.36,0.488,0.096,0.373,0.055,0.135,-0.429,0.281,0.129
