,ACET,ADAP,ADI,ADPT,ADTN,AGEN,ALGN,ALLK,AMD,AMWD,ARDX,ARQT,ASTE,AUPH,AVXL,AZTA,BAND,BECN,BFC,BGC,BHF,BHFAL,BKNG,BL,BOKF,BRKR,CACC,CAR,CDNA,CG,CGBD,CHI,CHTR,CHX,CLNE,CME,CNOB,CNXN,CPRX,CSGP,CSGS,CSIQ,CVCO,CVLT,CYRX,DDOG,DOOO,DSGX,DTIL,ECPG,EEFT,EFSC,ENTG,ESPR,ETSY,EXC,FAMI,FFIV,FITB,FIZZ,FMBH,FOX,FTNT,FULT,GABC,GEN,GH,GMAB,GNPX,GO,GOGL,GOOG,GPRO,GSHD,GSM,GWAV,HAIN,HBAN,HEPA,HURN,HWKN,IBIO,ICFI,IGMS,IMKTA,INCY,INO,IRDM,IRTC,IRWD,ITCI,JACK,JD,JJSF,KALA,KHC,KLAC,KRRO,KRYS,LANC,LBTYA,LIVN,LKCO,LNTH,LOGI,LPRO,LRCX,LSCC,LSTR,MAR,MARA,MCHP,MEOH,META,MGTX,MKSI,MMYT,MORN,MRUS,MTLS,MTSI,MVIS,MXL,NBIX,NFE,NMIH,NMRK,NNDM,NSIT,NTCT,NVAX,OCUL,ODP,OLED,ONB,OTEX,PACB,PATK,PAYX,PEP,PERI,PI,PLYA,PRDO,PRGS,PTGX,QCOM,QCRH,QDEL,QFIN,RGEN,RILY,RPAY,RPD,SABR,SEDG,SHEN,SIRI,SLNO,SNDL,SNEX,SONO,SPT,SSNC,STGW,STKL,STRL,STX,SWTX,SYNA,TFSL,TIGR,TNXP,TOWN,TRI,TRIP,TRMB,TRNS,TRS,TSCO,TSEM,TVTX,TXRH,VC,VCEL,VECO,VIAV,VICR,VIR,VRTX,VSTM,VTRS,WDFC,WSBC,WSC,WYNN,XENE,XNCR,XRAY,ZS
ACET,0.0,0.857,0.215,0.766,0.068,0.644,0.471,0.688,0.021,-0.119,0.782,0.88,-0.426,0.286,0.609,0.438,0.776,0.096,0.275,0.806,0.873,0.804,0.616,0.801,0.292,0.24,-0.061,0.805,0.874,0.461,0.277,0.784,-0.116,0.549,0.76,0.798,0.479,0.751,0.761,0.876,0.586,0.808,0.777,0.643,0.426,0.756,0.858,0.622,0.739,0.016,0.559,0.454,0.874,0.273,0.691,0.175,0.707,0.359,0.77,-0.679,0.152,0.735,0.501,0.435,0.271,0.583,0.74,0.748,0.708,-0.601,-0.358,0.497,0.845,0.915,-0.225,0.397,0.628,0.61,0.832,-0.756,0.299,0.705,0.726,0.841,0.392,0.581,0.903,0.634,-0.047,0.821,-0.452,0.551,0.786,0.455,0.421,-0.161,0.224,0.217,0.718,0.637,0.525,0.627,0.77,0.331,0.717,0.901,0.258,0.509,0.212,0.772,0.816,0.404,0.749,0.406,0.575,0.501,0.659,0.677,0.735,0.628,0.69,0.705,0.802,0.523,0.044,0.716,0.681,0.757,0.588,-0.746,0.459,0.829,0.791,0.835,0.19,0.768,0.865,-0.088,0.707,0.071,0.699,0.852,0.543,0.651,0.657,0.276,0.749,0.443,0.598,0.74,0.704,0.328,0.852,0.684,0.764,0.882,0.071,0.262,0.661,0.761,-0.215,0.689,0.792,0.666,-0.394,-0.339,0.415,0.488,0.793,0.795,0.64,0.673,0.625,0.251,0.556,0.52,0.574,0.62,0.456,0.685,0.913,0.53,0.774,0.198,0.495,0.82,0.497,0.727,0.083,0.743,0.755,-0.587,0.144,0.583,0.499,0.783,0.254,0.754,0.772,0.85
ADAP,0.857,0.0,0.203,0.867,0.33,0.857,0.767,0.889,-0.062,-0.293,0.81,0.88,-0.568,0.373,0.776,0.528,0.895,-0.05,0.559,0.904,0.942,0.791,0.683,0.847,0.571,0.226,-0.113,0.923,0.888,0.676,0.322,0.922,0.264,0.606,0.885,0.873,0.758,0.886,0.916,0.822,0.81,0.924,0.64,0.811,0.621,0.798,0.775,0.733,0.939,-0.104,0.79,0.772,0.84,-0.027,0.791,0.53,0.87,0.703,0.892,-0.629,0.495,0.895,0.708,0.745,0.602,0.783,0.866,0.901,0.857,-0.648,-0.471,0.722,0.871,0.821,-0.011,0.666,0.772,0.84,0.936,-0.7,0.618,0.879,0.71,0.926,0.521,0.591,0.938,0.842,-0.021,0.814,-0.337,0.77,0.52,0.675,0.519,-0.207,0.2,0.567,0.883,0.772,0.699,0.821,0.758,0.052,0.86,0.861,0.112,0.433,0.048,0.845,0.947,0.369,0.701,0.08,0.831,0.571,0.722,0.839,0.89,0.849,0.63,0.454,0.665,0.716,-0.126,0.853,0.843,0.81,0.67,-0.614,0.317,0.844,0.908,0.861,0.202,0.915,0.916,-0.373,0.869,0.136,0.853,0.72,0.583,0.844,0.73,0.615,0.476,0.754,0.74,0.631,0.475,0.63,0.94,0.854,0.883,0.864,0.365,0.456,0.78,0.862,-0.249,0.782,0.877,0.864,-0.356,-0.429,0.67,0.492,0.9,0.68,0.837,0.806,0.711,0.553,0.762,0.589,0.666,0.776,0.715,0.739,0.91,0.77,0.861,-0.117,0.765,0.832,0.745,0.548,0.193,0.85,0.91,-0.492,0.433,0.814,0.677,0.875,0.535,0.855,0.868,0.913
ADI,0.215,0.203,0.0,0.451,0.429,0.098,0.082,0.142,0.817,0.61,0.019,0.384,0.548,0.616,0.556,0.572,0.189,0.62,0.276,0.14,0.311,0.122,0.176,0.369,0.149,0.772,0.555,0.037,0.267,0.507,0.44,0.056,0.041,0.633,0.256,0.049,0.096,0.187,0.241,0.173,0.193,0.375,0.536,0.394,0.584,-0.002,0.383,0.368,0.249,-0.041,0.143,0.113,0.566,0.547,0.218,0.22,0.101,0.148,0.322,0.337,0.232,0.246,0.259,0.232,0.295,0.057,0.059,0.151,0.363,0.294,0.56,0.436,0.225,0.315,0.529,0.074,0.047,0.394,0.051,0.305,0.482,-0.019,0.031,0.422,-0.093,0.492,0.056,0.36,0.321,0.11,0.408,-0.05,0.207,-0.085,0.408,-0.081,0.947,0.094,0.324,-0.07,0.519,0.163,-0.078,0.557,0.235,0.428,0.899,0.842,-0.079,0.08,0.115,0.841,0.617,0.53,-0.058,0.803,0.487,0.161,0.015,0.223,0.724,0.472,0.271,0.24,0.546,0.435,0.088,0.573,0.631,0.315,0.404,0.447,0.102,0.473,0.726,0.329,0.288,0.278,0.217,0.141,0.189,0.372,-0.048,0.058,0.492,0.149,0.461,0.166,0.556,0.516,0.532,0.345,0.099,0.057,-0.01,0.422,0.129,0.546,0.285,0.21,0.356,0.297,0.066,0.136,0.494,0.562,0.497,0.839,0.209,0.4,0.222,0.551,-0.285,0.338,0.173,0.493,0.57,-0.02,0.152,0.272,0.065,0.368,-0.016,0.618,0.209,0.382,0.518,0.543,0.571,0.419,0.086,0.482,-0.119,0.205,0.52,0.41,0.382,-0.016,0.247,0.06
ADPT,0.766,0.867,0.451,0.0,0.356,0.845,0.81,0.887,0.192,-0.169,0.681,0.814,-0.362,0.657,0.956,0.785,0.874,0.068,0.523,0.867,0.851,0.778,0.697,0.883,0.591,0.438,0.046,0.803,0.898,0.865,0.335,0.811,0.384,0.804,0.928,0.799,0.728,0.838,0.919,0.768,0.846,0.876,0.646,0.873,0.838,0.771,0.876,0.845,0.88,-0.228,0.836,0.72,0.877,0.101,0.851,0.618,0.834,0.741,0.86,-0.297,0.577,0.917,0.839,0.748,0.697,0.709,0.833,0.874,0.958,-0.348,-0.229,0.831,0.856,0.723,0.331,0.703,0.738,0.886,0.834,-0.406,0.762,0.774,0.543,0.85,0.437,0.65,0.787,0.912,0.287,0.657,0.047,0.67,0.424,0.674,0.546,-0.106,0.486,0.626,0.959,0.715,0.905,0.839,0.526,0.208,0.872,0.868,0.428,0.669,0.013,0.789,0.878,0.491,0.727,0.09,0.766,0.728,0.804,0.872,0.796,0.892,0.791,0.451,0.579,0.806,0.121,0.875,0.807,0.848,0.776,-0.348,0.294,0.847,0.777,0.879,0.392,0.907,0.926,-0.351,0.869,0.325,0.862,0.768,0.502,0.779,0.771,0.667,0.408,0.744,0.931,0.712,0.517,0.768,0.775,0.821,0.77,0.838,0.453,0.647,0.873,0.89,-0.157,0.912,0.83,0.845,-0.014,-0.035,0.83,0.653,0.916,0.58,0.853,0.899,0.557,0.581,0.801,0.801,0.842,0.666,0.787,0.836,0.745,0.876,0.744,-0.028,0.854,0.865,0.857,0.536,0.501,0.92,0.821,-0.191,0.435,0.759,0.872,0.946,0.761,0.707,0.868,0.832
ADTN,0.068,0.33,0.429,0.356,0.0,0.333,0.433,0.357,0.31,0.067,0.019,0.169,0.065,0.321,0.446,0.371,0.165,0.224,0.548,0.201,0.309,0.021,0.251,0.291,0.453,0.336,0.15,0.188,0.135,0.531,0.374,0.288,0.479,0.438,0.283,0.187,0.408,0.318,0.326,0.059,0.348,0.382,0.132,0.43,0.541,0.139,0.153,0.3,0.431,-0.117,0.327,0.474,0.354,-0.177,0.235,0.548,0.236,0.5,0.378,0.188,0.55,0.321,0.382,0.493,0.555,0.434,0.199,0.278,0.411,0.014,0.124,0.507,0.105,0.157,0.496,0.393,0.21,0.484,0.24,0.094,0.64,0.219,0.026,0.368,0.19,0.134,0.116,0.489,0.342,0.064,0.264,0.347,-0.193,0.263,0.474,-0.044,0.443,0.492,0.33,0.144,0.459,0.355,0.022,-0.002,0.339,0.284,0.253,0.324,-0.389,0.192,0.265,0.372,0.34,-0.117,0.305,0.471,0.352,0.297,0.252,0.366,0.325,-0.056,0.057,0.311,0.067,0.455,0.294,0.393,0.445,0.366,0.029,0.211,0.233,0.419,0.277,0.385,0.198,-0.249,0.343,0.13,0.324,0.091,0.302,0.331,0.376,0.484,-0.004,0.462,0.481,0.108,0.02,0.525,0.209,0.265,0.208,0.201,0.32,0.476,0.333,0.257,0.115,0.237,0.199,0.346,0.472,0.09,0.524,0.469,0.204,0.152,0.259,0.458,-0.001,0.541,0.417,0.278,0.464,0.212,0.446,0.255,0.089,0.439,0.324,0.005,0.436,0.276,0.52,0.13,0.457,0.33,0.25,0.317,0.294,0.433,0.498,0.377,0.482,0.298,0.285,0.148
AGEN,0.644,0.857,0.098,0.845,0.333,0.0,0.911,0.985,-0.272,-0.478,0.707,0.691,-0.722,0.441,0.805,0.636,0.836,-0.379,0.633,0.915,0.78,0.799,0.788,0.819,0.646,0.032,-0.338,0.907,0.846,0.748,0.079,0.918,0.49,0.55,0.923,0.915,0.886,0.903,0.953,0.795,0.962,0.795,0.352,0.912,0.628,0.899,0.714,0.853,0.93,-0.347,0.949,0.876,0.657,-0.317,0.89,0.736,0.921,0.845,0.884,-0.49,0.704,0.93,0.914,0.827,0.801,0.915,0.946,0.961,0.879,-0.477,-0.592,0.822,0.841,0.648,0.215,0.82,0.917,0.853,0.915,-0.573,0.761,0.931,0.591,0.763,0.59,0.485,0.824,0.936,0.162,0.592,-0.024,0.887,0.321,0.915,0.359,-0.122,0.079,0.805,0.93,0.927,0.781,0.949,0.663,-0.156,0.951,0.713,0.009,0.35,0.022,0.908,0.945,0.223,0.464,-0.207,0.967,0.43,0.764,0.963,0.965,0.949,0.483,0.085,0.577,0.912,-0.331,0.794,0.92,0.639,0.513,-0.468,-0.077,0.698,0.796,0.718,0.048,0.923,0.85,-0.645,0.942,0.393,0.951,0.622,0.69,0.918,0.714,0.745,0.262,0.887,0.762,0.544,0.257,0.739,0.839,0.968,0.927,0.685,0.524,0.577,0.86,0.884,-0.426,0.87,0.935,0.966,-0.139,-0.397,0.735,0.322,0.919,0.393,0.928,0.787,0.767,0.603,0.94,0.707,0.743,0.798,0.918,0.787,0.765,0.882,0.883,-0.377,0.936,0.683,0.799,0.225,0.254,0.847,0.945,-0.364,0.66,0.833,0.8,0.876,0.768,0.84,0.781,0.919
ALGN,0.471,0.767,0.082,0.81,0.433,0.911,0.0,0.914,-0.188,-0.479,0.554,0.535,-0.615,0.463,0.806,0.623,0.774,-0.29,0.658,0.811,0.683,0.65,0.67,0.706,0.746,0.095,-0.227,0.788,0.704,0.815,0.171,0.816,0.679,0.588,0.848,0.777,0.865,0.813,0.873,0.591,0.9,0.728,0.23,0.817,0.711,0.754,0.598,0.752,0.861,-0.327,0.911,0.877,0.549,-0.384,0.786,0.835,0.826,0.882,0.782,-0.294,0.77,0.869,0.891,0.856,0.846,0.838,0.835,0.859,0.862,-0.386,-0.457,0.81,0.693,0.44,0.379,0.845,0.786,0.852,0.8,-0.371,0.829,0.824,0.445,0.641,0.541,0.381,0.67,0.897,0.264,0.469,0.101,0.817,0.071,0.849,0.417,-0.082,0.116,0.85,0.879,0.792,0.81,0.888,0.45,-0.232,0.853,0.597,-0.021,0.277,-0.141,0.769,0.846,0.128,0.387,-0.424,0.917,0.412,0.649,0.891,0.838,0.905,0.406,-0.028,0.303,0.845,-0.225,0.765,0.853,0.586,0.514,-0.256,-0.094,0.601,0.712,0.628,0.115,0.813,0.743,-0.707,0.876,0.419,0.856,0.481,0.547,0.853,0.584,0.802,-0.012,0.878,0.776,0.366,0.125,0.843,0.698,0.865,0.793,0.565,0.628,0.566,0.818,0.808,-0.28,0.799,0.787,0.9,-0.03,-0.274,0.809,0.324,0.821,0.244,0.857,0.736,0.642,0.67,0.876,0.646,0.686,0.717,0.918,0.736,0.608,0.872,0.744,-0.482,0.949,0.637,0.802,0.076,0.359,0.781,0.831,-0.191,0.663,0.807,0.774,0.786,0.828,0.72,0.766,0.767
ALLK,0.688,0.889,0.142,0.887,0.357,0.985,0.914,0.0,-0.213,-0.468,0.702,0.723,-0.667,0.433,0.837,0.665,0.858,-0.291,0.633,0.924,0.825,0.808,0.778,0.838,0.66,0.103,-0.28,0.918,0.863,0.776,0.136,0.924,0.483,0.603,0.933,0.92,0.888,0.927,0.962,0.802,0.962,0.828,0.416,0.907,0.695,0.891,0.751,0.847,0.941,-0.307,0.935,0.88,0.717,-0.274,0.892,0.713,0.941,0.853,0.893,-0.487,0.703,0.951,0.896,0.844,0.812,0.899,0.94,0.968,0.914,-0.488,-0.548,0.835,0.852,0.682,0.203,0.836,0.901,0.871,0.927,-0.577,0.776,0.933,0.618,0.803,0.597,0.51,0.846,0.945,0.167,0.644,-0.054,0.884,0.333,0.895,0.433,-0.095,0.14,0.789,0.944,0.911,0.803,0.947,0.661,-0.095,0.952,0.753,0.054,0.385,0.015,0.9,0.958,0.259,0.535,-0.154,0.951,0.495,0.772,0.952,0.951,0.944,0.527,0.152,0.583,0.893,-0.274,0.835,0.917,0.689,0.582,-0.465,-0.01,0.713,0.823,0.773,0.094,0.94,0.87,-0.602,0.946,0.368,0.94,0.633,0.67,0.907,0.748,0.784,0.288,0.896,0.812,0.568,0.299,0.75,0.853,0.961,0.922,0.712,0.498,0.603,0.865,0.897,-0.389,0.893,0.939,0.961,-0.141,-0.354,0.778,0.386,0.926,0.444,0.922,0.824,0.763,0.631,0.933,0.708,0.76,0.82,0.919,0.819,0.778,0.882,0.886,-0.324,0.94,0.748,0.814,0.3,0.267,0.871,0.939,-0.354,0.659,0.854,0.816,0.916,0.756,0.843,0.824,0.922
AMD,0.021,-0.062,0.817,0.192,0.31,-0.272,-0.188,-0.213,0.0,0.696,-0.177,0.12,0.772,0.496,0.287,0.321,-0.062,0.817,0.025,-0.191,0.039,-0.183,-0.185,0.038,-0.028,0.804,0.778,-0.269,-0.031,0.287,0.548,-0.267,-0.054,0.486,-0.07,-0.303,-0.228,-0.179,-0.099,-0.189,-0.205,0.115,0.422,-0.015,0.412,-0.353,0.155,-0.016,-0.077,0.153,-0.203,-0.214,0.34,0.652,-0.132,-0.045,-0.263,-0.114,-0.034,0.528,-0.062,-0.079,-0.1,-0.066,-0.058,-0.349,-0.299,-0.225,0.079,0.413,0.795,0.113,-0.099,0.015,0.468,-0.213,-0.36,0.103,-0.246,0.522,0.162,-0.346,-0.214,0.134,-0.268,0.333,-0.223,0.007,0.342,-0.053,0.362,-0.383,0.01,-0.457,0.353,-0.015,0.863,-0.184,0.015,-0.459,0.265,-0.211,-0.354,0.599,-0.151,0.164,0.851,0.647,-0.113,-0.266,-0.203,0.659,0.454,0.494,-0.373,0.629,0.089,-0.19,-0.348,-0.105,0.542,0.502,-0.053,-0.153,0.801,0.153,-0.25,0.336,0.474,0.472,0.558,0.206,-0.101,0.258,0.699,-0.046,0.014,0.511,-0.152,-0.091,-0.174,0.128,-0.381,-0.274,0.149,-0.073,0.22,-0.189,0.288,0.233,0.386,0.146,-0.213,-0.315,-0.376,0.203,-0.031,0.257,-0.03,-0.077,0.559,-0.01,-0.307,-0.225,0.475,0.697,0.239,0.678,-0.088,0.277,-0.146,0.226,-0.517,0.09,-0.235,0.184,0.209,-0.292,-0.211,0.006,-0.16,0.038,-0.313,0.643,-0.116,0.185,0.197,0.461,0.542,0.091,-0.282,0.516,-0.378,-0.123,0.229,0.072,0.109,-0.276,0.035,-0.28
AMWD,-0.119,-0.293,0.61,-0.169,0.067,-0.478,-0.479,-0.468,0.696,0.0,-0.26,0.004,0.748,0.193,-0.051,-0.037,-0.319,0.688,-0.218,-0.377,-0.168,-0.348,-0.307,-0.112,-0.312,0.49,0.549,-0.474,-0.231,-0.119,0.26,-0.436,-0.359,0.105,-0.304,-0.446,-0.477,-0.39,-0.353,-0.187,-0.413,-0.115,0.31,-0.182,-0.025,-0.466,-0.068,-0.168,-0.329,0.113,-0.433,-0.47,0.058,0.728,-0.247,-0.296,-0.439,-0.519,-0.191,0.388,-0.312,-0.36,-0.341,-0.344,-0.291,-0.451,-0.456,-0.42,-0.268,0.389,0.708,-0.242,-0.247,-0.008,0.147,-0.506,-0.427,-0.169,-0.448,0.469,-0.12,-0.526,-0.311,-0.047,-0.456,0.086,-0.341,-0.273,0.072,-0.173,0.213,-0.584,0.142,-0.613,-0.052,-0.131,0.601,-0.468,-0.304,-0.556,-0.088,-0.429,-0.377,0.486,-0.358,0.04,0.656,0.484,0.045,-0.438,-0.413,0.459,0.216,0.543,-0.609,0.264,0.007,-0.401,-0.491,-0.323,0.326,0.413,0.026,-0.346,0.532,-0.141,-0.425,0.143,0.115,0.331,0.421,0.048,-0.394,-0.043,0.588,-0.281,-0.208,0.613,-0.333,-0.143,-0.338,0.111,-0.395,-0.444,-0.104,-0.532,0.315,-0.46,-0.079,0.17,0.389,-0.189,-0.308,-0.479,-0.467,0.029,-0.198,-0.064,-0.224,-0.278,0.44,-0.271,-0.462,-0.415,0.384,0.59,-0.128,0.47,-0.354,0.139,-0.352,-0.041,-0.629,-0.141,-0.392,-0.09,0.02,-0.506,-0.447,-0.261,-0.319,-0.239,-0.491,0.728,-0.409,-0.078,-0.169,0.318,0.304,-0.148,-0.382,0.534,-0.459,-0.331,-0.15,-0.235,-0.228,-0.417,-0.251,-0.412
ARDX,0.782,0.81,0.019,0.681,0.019,0.707,0.554,0.702,-0.177,-0.26,0.0,0.817,-0.655,0.284,0.563,0.293,0.775,-0.22,0.247,0.759,0.723,0.743,0.583,0.765,0.258,-0.026,-0.274,0.754,0.807,0.384,0.053,0.776,0.054,0.269,0.745,0.725,0.495,0.619,0.753,0.797,0.639,0.685,0.579,0.66,0.299,0.723,0.695,0.656,0.741,-0.202,0.638,0.475,0.626,0.112,0.7,0.266,0.705,0.466,0.672,-0.671,0.204,0.702,0.547,0.421,0.301,0.584,0.784,0.743,0.621,-0.656,-0.636,0.448,0.804,0.741,-0.254,0.396,0.702,0.57,0.819,-0.725,0.322,0.751,0.493,0.742,0.268,0.435,0.854,0.592,-0.172,0.734,-0.433,0.537,0.577,0.568,0.163,-0.337,-0.021,0.349,0.721,0.694,0.48,0.663,0.732,-0.025,0.698,0.729,0.048,0.302,0.181,0.694,0.787,0.167,0.413,0.043,0.697,0.329,0.565,0.699,0.79,0.727,0.517,0.452,0.646,0.578,-0.254,0.545,0.692,0.657,0.383,-0.745,0.251,0.785,0.722,0.624,-0.021,0.732,0.848,-0.291,0.669,0.092,0.751,0.715,0.507,0.709,0.455,0.313,0.437,0.476,0.464,0.576,0.387,0.394,0.818,0.742,0.795,0.718,0.296,0.166,0.683,0.788,-0.414,0.64,0.769,0.689,-0.484,-0.429,0.346,0.257,0.777,0.512,0.667,0.533,0.621,0.181,0.596,0.455,0.515,0.55,0.511,0.533,0.828,0.599,0.735,-0.172,0.544,0.659,0.455,0.45,0.147,0.668,0.815,-0.598,0.307,0.484,0.44,0.631,0.367,0.714,0.686,0.831
ARQT,0.88,0.88,0.384,0.814,0.169,0.691,0.535,0.723,0.12,0.004,0.817,0.0,-0.353,0.468,0.736,0.475,0.82,0.131,0.344,0.776,0.879,0.72,0.574,0.857,0.32,0.337,0.0,0.769,0.88,0.526,0.269,0.767,-0.012,0.542,0.787,0.714,0.511,0.736,0.795,0.838,0.651,0.863,0.8,0.735,0.532,0.663,0.785,0.705,0.811,-0.104,0.606,0.517,0.861,0.342,0.709,0.273,0.724,0.452,0.782,-0.585,0.244,0.763,0.559,0.512,0.399,0.576,0.744,0.774,0.746,-0.549,-0.33,0.56,0.865,0.875,-0.091,0.416,0.65,0.705,0.797,-0.642,0.465,0.705,0.623,0.934,0.29,0.649,0.873,0.699,-0.026,0.804,-0.323,0.513,0.716,0.454,0.456,-0.389,0.348,0.32,0.784,0.597,0.606,0.661,0.745,0.278,0.748,0.883,0.343,0.614,0.114,0.688,0.808,0.519,0.736,0.351,0.597,0.631,0.738,0.671,0.747,0.72,0.76,0.7,0.746,0.615,-0.001,0.735,0.646,0.884,0.64,-0.629,0.484,0.92,0.751,0.82,0.344,0.826,0.895,-0.118,0.704,-0.027,0.724,0.818,0.417,0.703,0.694,0.356,0.649,0.512,0.675,0.781,0.656,0.436,0.87,0.701,0.75,0.898,0.164,0.318,0.707,0.773,-0.177,0.702,0.768,0.684,-0.319,-0.241,0.542,0.621,0.805,0.744,0.724,0.78,0.517,0.354,0.591,0.59,0.661,0.576,0.487,0.61,0.826,0.67,0.689,0.169,0.562,0.798,0.63,0.723,0.262,0.789,0.798,-0.439,0.196,0.612,0.565,0.798,0.406,0.708,0.741,0.814
ASTE,-0.426,-0.568,0.548,-0.362,0.065,-0.722,-0.615,-0.667,0.772,0.748,-0.655,-0.353,0.0,0.067,-0.248,-0.088,-0.55,0.745,-0.241,-0.664,-0.427,-0.616,-0.575,-0.477,-0.311,0.555,0.723,-0.699,-0.535,-0.181,0.292,-0.728,-0.262,0.045,-0.59,-0.715,-0.588,-0.57,-0.616,-0.59,-0.636,-0.386,0.053,-0.491,-0.003,-0.751,-0.338,-0.48,-0.58,0.304,-0.669,-0.566,-0.162,0.531,-0.564,-0.39,-0.677,-0.513,-0.497,0.678,-0.334,-0.581,-0.55,-0.434,-0.372,-0.694,-0.758,-0.684,-0.442,0.633,0.91,-0.316,-0.572,-0.364,0.279,-0.534,-0.732,-0.387,-0.726,0.734,-0.234,-0.748,-0.428,-0.355,-0.411,-0.024,-0.658,-0.476,0.189,-0.419,0.359,-0.692,-0.232,-0.79,0.077,0.147,0.585,-0.499,-0.531,-0.803,-0.26,-0.663,-0.648,0.475,-0.607,-0.33,0.56,0.25,-0.071,-0.687,-0.683,0.382,0.042,0.466,-0.798,0.208,-0.327,-0.673,-0.785,-0.61,0.047,0.205,-0.37,-0.578,0.69,-0.318,-0.695,-0.174,0.031,0.671,0.332,-0.332,-0.561,-0.239,0.492,-0.537,-0.53,0.706,-0.605,-0.218,-0.672,-0.327,-0.659,-0.727,-0.202,-0.382,-0.001,-0.544,-0.201,-0.17,0.105,-0.301,-0.637,-0.756,-0.798,-0.297,-0.337,-0.048,-0.539,-0.604,0.637,-0.469,-0.732,-0.682,0.488,0.715,-0.181,0.302,-0.605,-0.054,-0.601,-0.254,-0.766,-0.161,-0.64,-0.273,-0.236,-0.576,-0.604,-0.392,-0.622,-0.463,-0.727,0.669,-0.559,-0.299,-0.272,0.157,0.202,-0.418,-0.737,0.664,-0.525,-0.473,-0.256,-0.42,-0.33,-0.675,-0.463,-0.734
AUPH,0.286,0.373,0.616,0.657,0.321,0.441,0.463,0.433,0.496,0.193,0.284,0.468,0.067,0.0,0.727,0.649,0.376,0.172,0.293,0.334,0.331,0.277,0.281,0.515,0.307,0.504,0.241,0.25,0.474,0.643,0.218,0.274,0.307,0.583,0.502,0.241,0.272,0.317,0.511,0.304,0.436,0.447,0.36,0.561,0.634,0.254,0.515,0.579,0.475,-0.346,0.463,0.281,0.499,0.31,0.454,0.414,0.313,0.411,0.395,0.235,0.339,0.44,0.573,0.357,0.422,0.261,0.374,0.41,0.615,0.121,0.207,0.526,0.423,0.241,0.647,0.346,0.334,0.524,0.312,0.151,0.576,0.264,0.028,0.476,0.085,0.495,0.236,0.563,0.591,0.098,0.557,0.19,0.163,0.273,0.396,-0.196,0.611,0.45,0.613,0.248,0.698,0.449,0.062,0.322,0.446,0.445,0.638,0.704,-0.153,0.273,0.353,0.537,0.395,0.059,0.317,0.58,0.549,0.442,0.347,0.524,0.66,0.303,0.219,0.562,0.339,0.457,0.275,0.559,0.497,0.202,0.278,0.588,0.224,0.464,0.471,0.47,0.515,-0.125,0.404,0.212,0.462,0.492,0.165,0.368,0.488,0.335,0.137,0.327,0.66,0.503,0.365,0.529,0.252,0.36,0.255,0.467,0.254,0.441,0.577,0.482,0.0,0.533,0.344,0.38,0.407,0.411,0.55,0.638,0.505,0.214,0.462,0.613,0.011,0.295,0.425,0.662,0.623,0.129,0.411,0.435,0.214,0.658,0.245,0.103,0.51,0.332,0.593,0.262,0.798,0.56,0.341,0.295,0.151,0.287,0.674,0.547,0.734,0.235,0.361,0.302
AVXL,0.609,0.776,0.556,0.956,0.446,0.805,0.806,0.837,0.287,-0.051,0.563,0.736,-0.248,0.727,0.0,0.851,0.785,0.094,0.547,0.781,0.756,0.67,0.65,0.853,0.575,0.48,0.094,0.702,0.819,0.894,0.322,0.729,0.445,0.819,0.889,0.699,0.701,0.767,0.88,0.668,0.842,0.821,0.557,0.884,0.874,0.667,0.799,0.866,0.843,-0.348,0.83,0.705,0.805,0.114,0.808,0.697,0.774,0.737,0.814,-0.153,0.646,0.883,0.861,0.753,0.768,0.666,0.771,0.822,0.927,-0.177,-0.096,0.836,0.789,0.596,0.503,0.689,0.709,0.884,0.728,-0.221,0.862,0.685,0.393,0.798,0.353,0.624,0.648,0.913,0.342,0.535,0.246,0.587,0.315,0.645,0.519,-0.178,0.572,0.661,0.938,0.645,0.953,0.831,0.391,0.216,0.835,0.777,0.51,0.73,-0.105,0.692,0.786,0.509,0.703,0.036,0.712,0.76,0.84,0.828,0.719,0.866,0.779,0.349,0.51,0.84,0.12,0.864,0.742,0.843,0.752,-0.174,0.209,0.81,0.655,0.805,0.478,0.87,0.848,-0.392,0.838,0.344,0.831,0.699,0.425,0.742,0.752,0.674,0.314,0.742,0.955,0.702,0.474,0.818,0.658,0.777,0.679,0.76,0.51,0.691,0.865,0.848,-0.127,0.874,0.729,0.811,0.173,0.108,0.89,0.72,0.854,0.451,0.845,0.924,0.401,0.612,0.8,0.843,0.892,0.56,0.798,0.783,0.609,0.928,0.62,-0.022,0.871,0.795,0.882,0.436,0.579,0.916,0.755,0.021,0.403,0.719,0.915,0.903,0.851,0.588,0.802,0.725
AZTA,0.438,0.528,0.572,0.785,0.371,0.636,0.623,0.665,0.321,-0.037,0.293,0.475,-0.088,0.649,0.851,0.0,0.552,0.037,0.424,0.623,0.513,0.579,0.556,0.7,0.428,0.512,0.147,0.549,0.696,0.803,0.153,0.507,0.282,0.792,0.741,0.575,0.56,0.609,0.718,0.517,0.707,0.576,0.404,0.743,0.788,0.59,0.761,0.782,0.606,-0.401,0.69,0.54,0.696,0.102,0.694,0.57,0.642,0.578,0.652,-0.019,0.536,0.752,0.79,0.583,0.674,0.514,0.621,0.658,0.748,0.208,0.073,0.751,0.674,0.444,0.632,0.577,0.617,0.685,0.527,-0.033,0.746,0.54,0.246,0.546,0.345,0.634,0.41,0.8,0.44,0.308,0.486,0.424,0.259,0.554,0.32,-0.074,0.575,0.521,0.772,0.561,0.842,0.728,0.243,0.409,0.725,0.565,0.59,0.769,-0.08,0.591,0.589,0.46,0.646,0.135,0.537,0.688,0.785,0.682,0.521,0.647,0.654,0.242,0.472,0.78,0.166,0.773,0.554,0.603,0.589,-0.019,0.142,0.572,0.443,0.673,0.465,0.712,0.658,-0.31,0.696,0.343,0.66,0.584,0.363,0.52,0.759,0.577,0.294,0.622,0.851,0.659,0.451,0.621,0.386,0.643,0.47,0.578,0.306,0.63,0.698,0.614,-0.163,0.831,0.585,0.642,0.379,0.268,0.79,0.592,0.725,0.295,0.716,0.782,0.289,0.461,0.671,0.844,0.853,0.44,0.677,0.711,0.451,0.767,0.477,0.134,0.755,0.66,0.718,0.364,0.425,0.795,0.524,0.199,0.219,0.544,0.912,0.799,0.764,0.331,0.703,0.557
BAND,0.776,0.895,0.189,0.874,0.165,0.836,0.774,0.858,-0.062,-0.319,0.775,0.82,-0.55,0.376,0.785,0.552,0.0,-0.059,0.529,0.915,0.881,0.805,0.722,0.785,0.623,0.278,-0.06,0.891,0.885,0.719,0.32,0.861,0.361,0.644,0.893,0.849,0.788,0.859,0.872,0.776,0.806,0.876,0.618,0.769,0.669,0.816,0.772,0.701,0.861,-0.002,0.806,0.77,0.78,-0.039,0.792,0.559,0.846,0.717,0.867,-0.524,0.533,0.906,0.753,0.764,0.615,0.729,0.838,0.863,0.837,-0.573,-0.461,0.757,0.866,0.747,0.051,0.669,0.708,0.854,0.874,-0.581,0.613,0.868,0.715,0.796,0.529,0.646,0.881,0.831,0.055,0.804,-0.27,0.742,0.414,0.654,0.394,-0.119,0.212,0.579,0.88,0.745,0.721,0.766,0.662,-0.039,0.839,0.815,0.123,0.421,0.19,0.86,0.925,0.348,0.632,0.025,0.827,0.583,0.651,0.862,0.827,0.877,0.604,0.403,0.533,0.709,-0.008,0.822,0.853,0.723,0.697,-0.598,0.291,0.789,0.901,0.812,0.281,0.862,0.908,-0.344,0.853,0.218,0.824,0.664,0.41,0.809,0.67,0.636,0.389,0.758,0.75,0.558,0.408,0.688,0.879,0.811,0.819,0.849,0.497,0.505,0.734,0.82,-0.088,0.832,0.831,0.85,-0.376,-0.374,0.726,0.4,0.915,0.638,0.875,0.739,0.747,0.583,0.702,0.659,0.637,0.793,0.701,0.758,0.86,0.748,0.768,-0.178,0.783,0.854,0.777,0.517,0.203,0.815,0.876,-0.496,0.462,0.805,0.685,0.821,0.562,0.784,0.873,0.885
BECN,0.096,-0.05,0.62,0.068,0.224,-0.379,-0.29,-0.291,0.817,0.688,-0.22,0.131,0.745,0.172,0.094,0.037,-0.059,0.0,-0.002,-0.201,0.124,-0.206,-0.236,-0.077,0.013,0.738,0.759,-0.267,-0.137,0.124,0.671,-0.249,-0.111,0.403,-0.188,-0.3,-0.245,-0.145,-0.208,-0.191,-0.338,0.146,0.468,-0.186,0.308,-0.388,0.034,-0.256,-0.144,0.472,-0.343,-0.222,0.313,0.579,-0.235,-0.185,-0.295,-0.239,-0.043,0.374,-0.147,-0.166,-0.308,-0.073,-0.169,-0.387,-0.395,-0.298,-0.026,0.151,0.729,-0.028,-0.202,0.1,0.169,-0.285,-0.503,0.064,-0.241,0.338,-0.025,-0.37,-0.013,0.132,-0.227,0.21,-0.146,-0.13,0.193,0.1,-0.01,-0.333,0.034,-0.569,0.413,0.091,0.705,-0.323,-0.142,-0.549,0.054,-0.365,-0.302,0.469,-0.253,0.208,0.605,0.427,-0.021,-0.294,-0.209,0.575,0.474,0.543,-0.446,0.5,-0.081,-0.291,-0.412,-0.203,0.434,0.555,-0.085,-0.381,0.789,0.097,-0.255,0.282,0.5,0.301,0.663,0.094,-0.033,0.261,0.669,-0.142,-0.077,0.609,-0.212,-0.218,-0.289,0.055,-0.447,-0.318,0.043,-0.154,0.28,-0.259,0.152,0.073,0.393,0.036,-0.116,-0.423,-0.373,0.199,-0.088,0.131,-0.194,-0.16,0.725,-0.148,-0.341,-0.283,0.222,0.478,0.126,0.584,-0.213,0.41,-0.273,0.103,-0.413,0.145,-0.361,-0.081,-0.014,-0.21,-0.331,-0.051,-0.122,-0.187,-0.289,0.669,-0.268,0.224,0.081,0.533,0.337,-0.046,-0.307,0.295,-0.332,-0.041,-0.026,-0.037,-0.188,-0.183,0.028,-0.3
BFC,0.275,0.559,0.276,0.523,0.548,0.633,0.658,0.633,0.025,-0.218,0.247,0.344,-0.241,0.293,0.547,0.424,0.529,-0.002,0.0,0.554,0.603,0.375,0.452,0.345,0.81,0.33,0.138,0.585,0.379,0.734,0.542,0.564,0.631,0.59,0.505,0.565,0.82,0.674,0.558,0.319,0.647,0.635,0.252,0.627,0.644,0.42,0.316,0.423,0.687,0.109,0.603,0.843,0.461,-0.417,0.499,0.752,0.517,0.744,0.719,-0.114,0.792,0.584,0.574,0.867,0.754,0.686,0.445,0.553,0.56,-0.278,-0.109,0.774,0.369,0.348,0.416,0.645,0.454,0.77,0.53,-0.137,0.726,0.59,0.55,0.509,0.661,0.459,0.434,0.706,0.227,0.331,0.046,0.772,-0.098,0.509,0.487,0.17,0.303,0.774,0.562,0.486,0.578,0.537,0.307,-0.268,0.616,0.419,0.038,0.217,0.023,0.606,0.595,0.436,0.445,-0.153,0.649,0.5,0.408,0.629,0.563,0.626,0.26,-0.076,0.196,0.502,-0.026,0.678,0.636,0.376,0.599,-0.025,-0.011,0.344,0.649,0.573,0.321,0.617,0.399,-0.325,0.666,0.356,0.536,0.155,0.278,0.549,0.626,0.772,0.132,0.812,0.551,0.14,0.107,0.719,0.551,0.519,0.483,0.452,0.544,0.716,0.411,0.45,0.138,0.482,0.453,0.667,-0.004,-0.324,0.686,0.385,0.506,0.407,0.623,0.558,0.458,0.882,0.591,0.361,0.45,0.703,0.656,0.579,0.423,0.559,0.524,-0.207,0.678,0.415,0.755,0.162,0.252,0.5,0.538,-0.089,0.603,0.825,0.62,0.552,0.548,0.596,0.509,0.464
BGC,0.806,0.904,0.14,0.867,0.201,0.915,0.811,0.924,-0.191,-0.377,0.759,0.776,-0.664,0.334,0.781,0.623,0.915,-0.201,0.554,0.0,0.888,0.896,0.833,0.867,0.584,0.153,-0.228,0.943,0.913,0.708,0.215,0.943,0.326,0.642,0.946,0.957,0.832,0.935,0.939,0.881,0.908,0.869,0.531,0.869,0.608,0.934,0.828,0.816,0.897,-0.186,0.888,0.809,0.784,-0.138,0.879,0.615,0.933,0.713,0.93,-0.58,0.586,0.947,0.831,0.775,0.675,0.862,0.942,0.95,0.871,-0.552,-0.528,0.765,0.909,0.785,0.064,0.705,0.859,0.852,0.948,-0.646,0.655,0.917,0.719,0.802,0.567,0.557,0.907,0.885,0.045,0.732,-0.219,0.828,0.497,0.823,0.33,-0.097,0.147,0.618,0.91,0.889,0.756,0.893,0.713,-0.01,0.937,0.848,0.088,0.431,0.142,0.954,0.969,0.264,0.631,-0.003,0.884,0.489,0.771,0.949,0.918,0.893,0.588,0.291,0.675,0.819,-0.186,0.857,0.944,0.711,0.637,-0.633,0.116,0.766,0.879,0.812,0.162,0.93,0.916,-0.497,0.951,0.368,0.922,0.735,0.66,0.884,0.727,0.618,0.451,0.802,0.77,0.638,0.433,0.67,0.906,0.925,0.937,0.829,0.482,0.547,0.838,0.892,-0.314,0.876,0.932,0.938,-0.282,-0.409,0.708,0.388,0.94,0.577,0.919,0.793,0.785,0.57,0.851,0.707,0.736,0.8,0.824,0.823,0.885,0.795,0.873,-0.181,0.842,0.837,0.772,0.422,0.152,0.884,0.944,-0.469,0.51,0.826,0.741,0.894,0.607,0.832,0.893,0.964
BHF,0.873,0.942,0.311,0.851,0.309,0.78,0.683,0.825,0.039,-0.168,0.723,0.879,-0.427,0.331,0.756,0.513,0.881,0.124,0.603,0.888,0.0,0.787,0.665,0.811,0.585,0.349,0.035,0.883,0.847,0.68,0.473,0.885,0.215,0.703,0.841,0.862,0.749,0.905,0.849,0.824,0.759,0.96,0.721,0.788,0.651,0.752,0.767,0.688,0.897,0.046,0.722,0.753,0.888,0.058,0.751,0.524,0.816,0.629,0.93,-0.58,0.488,0.859,0.636,0.758,0.57,0.754,0.785,0.849,0.831,-0.619,-0.326,0.72,0.834,0.871,-0.008,0.611,0.691,0.86,0.891,-0.66,0.608,0.81,0.796,0.912,0.531,0.621,0.912,0.81,-0.018,0.818,-0.374,0.746,0.557,0.577,0.548,-0.11,0.328,0.489,0.823,0.693,0.696,0.74,0.72,0.099,0.821,0.916,0.2,0.488,0.112,0.831,0.912,0.471,0.816,0.23,0.733,0.634,0.715,0.801,0.82,0.784,0.668,0.528,0.688,0.638,0.009,0.892,0.833,0.826,0.77,-0.592,0.383,0.825,0.9,0.901,0.339,0.897,0.874,-0.24,0.857,0.162,0.793,0.722,0.502,0.778,0.772,0.575,0.595,0.713,0.749,0.653,0.58,0.618,0.944,0.772,0.828,0.907,0.356,0.537,0.716,0.815,-0.08,0.735,0.82,0.828,-0.343,-0.397,0.681,0.595,0.841,0.795,0.805,0.813,0.671,0.623,0.702,0.569,0.663,0.78,0.661,0.748,0.873,0.7,0.784,0.053,0.701,0.885,0.763,0.658,0.175,0.831,0.849,-0.477,0.37,0.845,0.655,0.872,0.452,0.826,0.869,0.871
BHFAL,0.804,0.791,0.122,0.778,0.021,0.799,0.65,0.808,-0.183,-0.348,0.743,0.72,-0.616,0.277,0.67,0.579,0.805,-0.206,0.375,0.896,0.787,0.0,0.779,0.823,0.394,0.084,-0.257,0.848,0.869,0.547,0.111,0.856,0.126,0.541,0.861,0.88,0.671,0.817,0.851,0.859,0.79,0.739,0.508,0.768,0.451,0.88,0.802,0.764,0.772,-0.183,0.781,0.636,0.733,-0.031,0.784,0.465,0.838,0.566,0.814,-0.603,0.412,0.85,0.726,0.586,0.503,0.715,0.869,0.865,0.75,-0.479,-0.49,0.623,0.877,0.752,-0.012,0.595,0.792,0.689,0.874,-0.657,0.48,0.798,0.672,0.704,0.433,0.52,0.844,0.748,-0.026,0.701,-0.227,0.678,0.593,0.721,0.233,-0.087,0.109,0.465,0.814,0.817,0.652,0.805,0.682,0.136,0.849,0.769,0.137,0.401,0.21,0.871,0.864,0.228,0.593,0.097,0.763,0.412,0.698,0.839,0.828,0.751,0.526,0.326,0.694,0.75,-0.185,0.739,0.851,0.646,0.526,-0.667,0.084,0.727,0.769,0.705,0.06,0.834,0.847,-0.426,0.838,0.348,0.824,0.721,0.621,0.771,0.659,0.46,0.513,0.664,0.648,0.673,0.447,0.48,0.804,0.841,0.852,0.741,0.358,0.465,0.764,0.818,-0.351,0.801,0.861,0.817,-0.297,-0.346,0.549,0.319,0.863,0.524,0.811,0.7,0.685,0.362,0.746,0.673,0.653,0.68,0.71,0.733,0.842,0.676,0.78,-0.08,0.694,0.784,0.609,0.43,0.062,0.83,0.845,-0.508,0.368,0.651,0.643,0.816,0.49,0.719,0.807,0.901
BKNG,0.616,0.683,0.176,0.697,0.251,0.788,0.67,0.778,-0.185,-0.307,0.583,0.574,-0.575,0.281,0.65,0.556,0.722,-0.236,0.452,0.833,0.665,0.779,0.0,0.761,0.419,0.024,-0.385,0.725,0.716,0.572,0.055,0.811,0.351,0.52,0.806,0.817,0.683,0.771,0.804,0.762,0.795,0.672,0.286,0.791,0.448,0.844,0.658,0.731,0.726,-0.215,0.804,0.646,0.598,-0.18,0.658,0.585,0.764,0.561,0.774,-0.365,0.587,0.8,0.827,0.623,0.622,0.782,0.825,0.83,0.729,-0.379,-0.425,0.604,0.717,0.607,0.17,0.628,0.707,0.695,0.778,-0.483,0.598,0.706,0.55,0.634,0.344,0.32,0.669,0.768,0.077,0.467,-0.03,0.703,0.387,0.79,0.17,-0.083,0.146,0.586,0.764,0.761,0.693,0.787,0.497,-0.033,0.819,0.686,0.121,0.372,0.014,0.845,0.775,0.191,0.459,-0.086,0.737,0.33,0.722,0.845,0.765,0.757,0.5,0.074,0.5,0.753,-0.192,0.681,0.837,0.579,0.55,-0.427,-0.137,0.593,0.641,0.599,0.045,0.779,0.717,-0.569,0.804,0.489,0.841,0.6,0.709,0.809,0.52,0.498,0.388,0.677,0.679,0.564,0.336,0.587,0.682,0.78,0.828,0.619,0.542,0.532,0.773,0.783,-0.228,0.718,0.8,0.818,-0.024,-0.251,0.62,0.336,0.749,0.341,0.766,0.701,0.551,0.45,0.807,0.782,0.649,0.549,0.776,0.661,0.672,0.725,0.743,-0.157,0.723,0.629,0.69,0.205,0.16,0.773,0.817,-0.281,0.479,0.648,0.658,0.742,0.61,0.687,0.695,0.79
BL,0.801,0.847,0.369,0.883,0.291,0.819,0.706,0.838,0.038,-0.112,0.765,0.857,-0.477,0.515,0.853,0.7,0.785,-0.077,0.345,0.867,0.811,0.823,0.761,0.0,0.32,0.193,-0.216,0.784,0.926,0.625,0.08,0.858,0.128,0.619,0.934,0.818,0.599,0.798,0.921,0.895,0.834,0.823,0.575,0.889,0.578,0.826,0.862,0.921,0.843,-0.451,0.823,0.592,0.828,0.191,0.828,0.496,0.861,0.554,0.826,-0.486,0.434,0.89,0.804,0.573,0.59,0.725,0.907,0.907,0.871,-0.379,-0.371,0.643,0.927,0.797,0.126,0.577,0.842,0.752,0.867,-0.565,0.661,0.761,0.457,0.854,0.226,0.489,0.813,0.836,0.075,0.638,-0.05,0.57,0.649,0.722,0.305,-0.385,0.325,0.456,0.9,0.773,0.8,0.887,0.66,0.271,0.886,0.876,0.368,0.663,-0.062,0.776,0.856,0.332,0.682,0.123,0.72,0.556,0.906,0.84,0.833,0.817,0.757,0.446,0.765,0.845,-0.159,0.799,0.79,0.887,0.593,-0.519,0.166,0.889,0.673,0.776,0.223,0.917,0.924,-0.451,0.846,0.231,0.903,0.873,0.676,0.838,0.692,0.437,0.524,0.624,0.822,0.859,0.582,0.565,0.801,0.877,0.86,0.819,0.328,0.438,0.921,0.904,-0.398,0.836,0.88,0.827,-0.042,-0.113,0.672,0.59,0.884,0.486,0.846,0.89,0.499,0.344,0.832,0.819,0.863,0.518,0.748,0.688,0.78,0.859,0.762,0.047,0.754,0.818,0.701,0.499,0.335,0.937,0.879,-0.245,0.275,0.613,0.75,0.913,0.648,0.669,0.821,0.886
BOKF,0.292,0.571,0.149,0.591,0.453,0.646,0.746,0.66,-0.028,-0.312,0.258,0.32,-0.311,0.307,0.575,0.428,0.623,0.013,0.81,0.584,0.585,0.394,0.419,0.32,0.0,0.355,0.173,0.62,0.402,0.79,0.523,0.562,0.738,0.637,0.536,0.579,0.842,0.655,0.571,0.301,0.625,0.63,0.255,0.554,0.724,0.469,0.363,0.366,0.65,0.176,0.642,0.856,0.461,-0.455,0.558,0.751,0.552,0.784,0.671,-0.104,0.773,0.617,0.587,0.885,0.766,0.638,0.454,0.546,0.614,-0.344,-0.175,0.784,0.369,0.312,0.389,0.728,0.417,0.789,0.537,-0.154,0.688,0.629,0.516,0.475,0.711,0.473,0.479,0.7,0.283,0.386,0.019,0.76,-0.198,0.502,0.51,0.253,0.229,0.763,0.599,0.483,0.595,0.528,0.244,-0.363,0.579,0.435,-0.038,0.154,0.073,0.596,0.641,0.338,0.406,-0.266,0.7,0.475,0.314,0.656,0.546,0.706,0.287,-0.044,0.089,0.478,0.102,0.671,0.663,0.334,0.597,-0.059,0.105,0.332,0.688,0.589,0.362,0.563,0.459,-0.316,0.677,0.356,0.543,0.189,0.18,0.525,0.536,0.795,-0.004,0.8,0.576,0.023,0.082,0.813,0.549,0.521,0.472,0.454,0.616,0.675,0.435,0.482,0.163,0.564,0.476,0.686,-0.083,-0.31,0.723,0.291,0.555,0.396,0.61,0.482,0.58,0.874,0.552,0.305,0.398,0.736,0.662,0.65,0.441,0.537,0.537,-0.343,0.739,0.497,0.728,0.147,0.277,0.478,0.538,-0.163,0.652,0.855,0.629,0.543,0.574,0.61,0.585,0.482
BRKR,0.24,0.226,0.772,0.438,0.336,0.032,0.095,0.103,0.804,0.49,-0.026,0.337,0.555,0.504,0.48,0.512,0.278,0.738,0.33,0.153,0.349,0.084,0.024,0.193,0.355,0.0,0.841,0.103,0.235,0.567,0.7,0.001,0.101,0.731,0.194,0.043,0.168,0.18,0.154,0.051,0.089,0.411,0.626,0.217,0.682,-0.041,0.382,0.154,0.202,0.308,0.049,0.169,0.572,0.47,0.184,0.16,0.069,0.172,0.305,0.29,0.182,0.214,0.13,0.306,0.213,-0.024,-0.049,0.062,0.313,0.221,0.617,0.445,0.177,0.287,0.465,0.069,-0.105,0.415,0.037,0.301,0.362,0.022,0.178,0.356,0.195,0.697,0.097,0.308,0.356,0.241,0.234,-0.012,0.081,-0.219,0.469,0.086,0.862,0.077,0.262,-0.149,0.416,0.031,-0.108,0.508,0.155,0.383,0.73,0.717,0.087,0.078,0.141,0.791,0.676,0.516,-0.046,0.8,0.254,0.101,-0.055,0.182,0.619,0.571,0.105,0.066,0.782,0.47,0.053,0.429,0.711,0.243,0.685,0.322,0.26,0.56,0.864,0.247,0.274,0.434,0.182,-0.028,0.049,0.26,-0.3,-0.075,0.504,0.245,0.329,0.172,0.493,0.312,0.522,0.365,0.116,-0.042,-0.115,0.484,0.098,0.473,0.097,0.091,0.548,0.319,-0.014,0.081,0.253,0.424,0.49,0.723,0.227,0.562,0.179,0.417,-0.084,0.463,-0.014,0.29,0.386,0.169,0.034,0.332,0.127,0.203,-0.032,0.564,0.187,0.446,0.46,0.647,0.456,0.313,0.008,0.298,-0.106,0.293,0.454,0.338,0.218,0.012,0.336,0.023
CACC,-0.061,-0.113,0.555,0.046,0.15,-0.338,-0.227,-0.28,0.778,0.549,-0.274,0.0,0.723,0.241,0.094,0.147,-0.06,0.759,0.138,-0.228,0.035,-0.257,-0.385,-0.216,0.173,0.841,0.0,-0.205,-0.142,0.256,0.69,-0.342,-0.036,0.441,-0.194,-0.304,-0.11,-0.19,-0.237,-0.326,-0.29,0.082,0.396,-0.164,0.373,-0.417,0.012,-0.241,-0.146,0.473,-0.3,-0.115,0.222,0.465,-0.169,-0.073,-0.31,-0.088,-0.046,0.385,-0.075,-0.167,-0.266,0.027,-0.113,-0.364,-0.429,-0.33,-0.078,0.32,0.759,0.126,-0.186,-0.034,0.316,-0.208,-0.447,0.086,-0.309,0.46,0.03,-0.299,-0.032,0.004,0.063,0.462,-0.214,-0.084,0.222,0.014,0.144,-0.292,-0.147,-0.572,0.309,0.168,0.66,-0.199,-0.128,-0.487,0.064,-0.354,-0.348,0.363,-0.257,0.02,0.537,0.394,0.112,-0.275,-0.214,0.587,0.416,0.473,-0.355,0.532,-0.155,-0.264,-0.394,-0.182,0.26,0.441,-0.169,-0.319,0.818,0.14,-0.276,0.078,0.403,0.369,0.664,0.02,-0.016,0.212,0.76,-0.151,-0.107,0.663,-0.188,-0.227,-0.324,-0.074,-0.624,-0.416,0.161,-0.007,0.125,-0.14,0.082,-0.033,0.265,0.117,-0.187,-0.408,-0.471,0.155,-0.061,0.219,-0.299,-0.266,0.682,-0.09,-0.396,-0.267,0.156,0.395,0.159,0.441,-0.144,0.366,-0.186,-0.002,-0.301,0.254,-0.394,-0.117,-0.026,-0.084,-0.319,0.005,-0.154,-0.171,-0.364,0.551,-0.157,0.123,0.091,0.462,0.267,-0.084,-0.367,0.318,-0.339,-0.001,0.088,-0.072,-0.115,-0.263,0.019,-0.331
CAR,0.805,0.923,0.037,0.803,0.188,0.907,0.788,0.918,-0.269,-0.474,0.754,0.769,-0.699,0.25,0.702,0.549,0.891,-0.267,0.585,0.943,0.883,0.848,0.725,0.784,0.62,0.103,-0.205,0.0,0.892,0.652,0.198,0.929,0.262,0.557,0.889,0.952,0.848,0.917,0.909,0.833,0.858,0.85,0.515,0.805,0.553,0.891,0.767,0.732,0.904,-0.117,0.837,0.825,0.753,-0.205,0.84,0.554,0.911,0.725,0.903,-0.713,0.527,0.918,0.748,0.773,0.637,0.849,0.905,0.922,0.81,-0.603,-0.584,0.746,0.892,0.776,-0.037,0.731,0.848,0.806,0.943,-0.745,0.579,0.954,0.778,0.812,0.67,0.611,0.932,0.849,-0.018,0.78,-0.316,0.856,0.482,0.766,0.393,-0.131,0.03,0.604,0.864,0.877,0.65,0.855,0.797,-0.062,0.896,0.766,-0.035,0.323,0.153,0.938,0.971,0.252,0.618,0.009,0.904,0.457,0.694,0.892,0.935,0.847,0.477,0.303,0.681,0.774,-0.25,0.842,0.89,0.644,0.535,-0.693,0.153,0.737,0.92,0.795,0.111,0.898,0.875,-0.449,0.908,0.195,0.867,0.665,0.593,0.855,0.746,0.658,0.442,0.812,0.67,0.566,0.404,0.597,0.92,0.909,0.912,0.797,0.359,0.456,0.735,0.823,-0.342,0.819,0.917,0.911,-0.411,-0.563,0.646,0.297,0.925,0.612,0.887,0.724,0.856,0.556,0.79,0.581,0.626,0.875,0.757,0.782,0.921,0.731,0.894,-0.225,0.81,0.785,0.698,0.438,0.003,0.815,0.918,-0.602,0.476,0.848,0.679,0.853,0.515,0.87,0.857,0.954
CDNA,0.874,0.888,0.267,0.898,0.135,0.846,0.704,0.863,-0.031,-0.231,0.807,0.88,-0.535,0.474,0.819,0.696,0.885,-0.137,0.379,0.913,0.847,0.869,0.716,0.926,0.402,0.235,-0.142,0.892,0.0,0.65,0.109,0.854,0.084,0.628,0.943,0.879,0.66,0.837,0.921,0.912,0.825,0.833,0.664,0.842,0.591,0.882,0.924,0.864,0.849,-0.289,0.802,0.631,0.86,0.15,0.884,0.427,0.881,0.585,0.856,-0.602,0.383,0.916,0.776,0.603,0.545,0.724,0.913,0.907,0.853,-0.427,-0.439,0.697,0.987,0.842,0.037,0.604,0.849,0.756,0.893,-0.639,0.562,0.85,0.623,0.849,0.444,0.675,0.897,0.839,0.091,0.757,-0.15,0.637,0.673,0.688,0.331,-0.274,0.25,0.452,0.913,0.823,0.741,0.853,0.758,0.247,0.895,0.866,0.296,0.614,0.13,0.865,0.915,0.368,0.695,0.2,0.77,0.576,0.837,0.858,0.868,0.827,0.711,0.522,0.795,0.818,-0.096,0.819,0.799,0.793,0.579,-0.651,0.277,0.886,0.789,0.833,0.237,0.91,0.968,-0.333,0.861,0.178,0.873,0.87,0.586,0.807,0.771,0.484,0.575,0.659,0.775,0.814,0.6,0.527,0.85,0.885,0.854,0.877,0.25,0.42,0.831,0.866,-0.372,0.899,0.909,0.835,-0.235,-0.251,0.636,0.476,0.962,0.618,0.882,0.816,0.682,0.365,0.767,0.761,0.793,0.687,0.69,0.776,0.889,0.791,0.809,0.014,0.759,0.845,0.679,0.586,0.205,0.899,0.88,-0.428,0.289,0.679,0.742,0.912,0.568,0.744,0.856,0.942
CG,0.461,0.676,0.507,0.865,0.531,0.748,0.815,0.776,0.287,-0.119,0.384,0.526,-0.181,0.643,0.894,0.803,0.719,0.124,0.734,0.708,0.68,0.547,0.572,0.625,0.79,0.567,0.256,0.652,0.65,0.0,0.506,0.629,0.654,0.866,0.765,0.644,0.802,0.725,0.764,0.472,0.781,0.754,0.467,0.793,0.938,0.58,0.672,0.689,0.771,-0.12,0.77,0.792,0.711,-0.111,0.738,0.795,0.668,0.818,0.79,0.0,0.772,0.794,0.81,0.861,0.824,0.664,0.622,0.697,0.843,-0.128,-0.01,0.922,0.603,0.463,0.626,0.717,0.57,0.904,0.625,-0.066,0.877,0.645,0.423,0.649,0.545,0.641,0.528,0.892,0.452,0.423,0.291,0.675,0.037,0.585,0.562,0.116,0.581,0.766,0.834,0.564,0.903,0.714,0.239,0.049,0.755,0.655,0.412,0.594,-0.027,0.675,0.719,0.55,0.635,-0.059,0.704,0.751,0.651,0.792,0.621,0.825,0.646,0.188,0.306,0.713,0.246,0.838,0.726,0.637,0.781,-0.007,0.199,0.6,0.672,0.775,0.525,0.759,0.69,-0.326,0.798,0.462,0.727,0.488,0.315,0.621,0.725,0.791,0.182,0.807,0.884,0.435,0.315,0.91,0.564,0.659,0.55,0.654,0.614,0.814,0.698,0.702,0.064,0.807,0.598,0.771,0.197,0.052,0.913,0.618,0.748,0.452,0.764,0.784,0.44,0.807,0.72,0.695,0.762,0.645,0.786,0.801,0.509,0.804,0.574,-0.103,0.873,0.697,0.899,0.341,0.564,0.773,0.635,0.071,0.523,0.797,0.914,0.793,0.828,0.575,0.75,0.598
CGBD,0.277,0.322,0.44,0.335,0.374,0.079,0.171,0.136,0.548,0.26,0.053,0.269,0.292,0.218,0.322,0.153,0.32,0.671,0.542,0.215,0.473,0.111,0.055,0.08,0.523,0.7,0.69,0.198,0.109,0.506,0.0,0.188,0.318,0.625,0.156,0.145,0.335,0.291,0.157,0.014,0.107,0.509,0.49,0.169,0.543,-0.036,0.194,-0.021,0.31,0.541,0.097,0.343,0.456,0.132,0.092,0.317,0.065,0.278,0.383,0.112,0.3,0.196,0.045,0.456,0.206,0.116,-0.036,0.087,0.293,-0.231,0.405,0.405,0.06,0.246,0.249,0.132,-0.144,0.49,0.174,0.097,0.318,0.092,0.383,0.35,0.313,0.432,0.209,0.265,0.183,0.316,-0.16,0.248,-0.071,-0.144,0.562,0.276,0.564,0.209,0.212,-0.116,0.323,-0.0,-0.035,0.072,0.125,0.381,0.312,0.292,0.14,0.18,0.231,0.577,0.586,0.239,0.098,0.568,0.041,0.17,0.045,0.217,0.365,0.363,-0.012,-0.056,0.611,0.457,0.231,0.351,0.725,0.082,0.525,0.252,0.463,0.526,0.611,0.226,0.189,0.264,0.241,0.089,0.081,0.091,-0.196,0.075,0.319,0.313,0.217,0.27,0.348,0.033,0.285,0.463,0.288,-0.022,0.021,0.45,0.334,0.454,0.066,0.159,0.627,0.131,-0.015,0.188,-0.053,-0.004,0.42,0.548,0.152,0.596,0.158,0.301,0.068,0.605,0.01,0.039,0.136,0.303,0.108,0.305,0.237,0.129,0.11,0.248,0.174,0.405,0.444,0.462,0.307,0.238,0.098,-0.017,0.091,0.437,0.281,0.233,0.097,0.262,0.347,0.076
CHI,0.784,0.922,0.056,0.811,0.288,0.918,0.816,0.924,-0.267,-0.436,0.776,0.767,-0.728,0.274,0.729,0.507,0.861,-0.249,0.564,0.943,0.885,0.856,0.811,0.858,0.562,0.001,-0.342,0.929,0.854,0.629,0.188,0.0,0.34,0.541,0.916,0.946,0.824,0.925,0.935,0.855,0.887,0.879,0.428,0.852,0.52,0.895,0.714,0.779,0.929,-0.222,0.89,0.818,0.723,-0.213,0.801,0.641,0.919,0.718,0.904,-0.648,0.582,0.92,0.798,0.766,0.669,0.883,0.942,0.958,0.855,-0.662,-0.597,0.697,0.864,0.758,0.003,0.728,0.855,0.826,0.977,-0.738,0.644,0.906,0.683,0.822,0.486,0.406,0.908,0.861,-0.04,0.69,-0.289,0.848,0.47,0.835,0.367,-0.183,0.044,0.639,0.88,0.871,0.71,0.896,0.748,-0.107,0.918,0.812,-0.031,0.304,-0.006,0.918,0.963,0.178,0.584,-0.1,0.904,0.385,0.738,0.921,0.949,0.869,0.506,0.216,0.653,0.803,-0.314,0.816,0.939,0.732,0.571,-0.638,0.027,0.757,0.862,0.749,0.031,0.921,0.86,-0.601,0.921,0.289,0.93,0.683,0.722,0.938,0.652,0.621,0.397,0.8,0.72,0.59,0.362,0.645,0.932,0.932,0.972,0.779,0.474,0.483,0.839,0.903,-0.359,0.774,0.933,0.94,-0.313,-0.51,0.665,0.352,0.884,0.512,0.887,0.784,0.753,0.54,0.87,0.647,0.658,0.761,0.83,0.722,0.869,0.804,0.894,-0.257,0.815,0.772,0.733,0.342,0.112,0.858,0.963,-0.525,0.506,0.815,0.673,0.861,0.585,0.862,0.842,0.952
