,ACET,ADAP,ADI,ADPT,ADTN,AGEN,ALGN,ALLK,AMD,AMWD,ARDX,ARQT,ASTE,AUPH,AVXL,AZTA,BAND,BECN,BFC,BGC,BHF,BHFAL,BKNG,BL,BOKF,BRKR,CACC,CAR,CDNA,CG,CGBD,CHI,CHTR,CHX,CLNE,CME,CNOB,CNXN,CPRX,CSGP,CSGS,CSIQ,CVCO,CVLT,CYRX,DDOG,DOOO,DSGX,DTIL,ECPG,EEFT,EFSC,ENTG,ESPR,ETSY,EXC,FAMI,FFIV,FITB,FIZZ,FMBH,FOX,FTNT,FULT,GABC,GEN,GH,GMAB,GNPX,GO,GOGL,GOOG,GPRO,GSHD,GSM,GWAV,HAIN,HBAN,HEPA,HURN,HWKN,IBIO,ICFI,IGMS,IMKTA,INCY,INO,IRDM,IRTC,IRWD,ITCI,JACK,JD,JJSF,KALA,KHC,KLAC,KRRO,KRYS,LANC,LBTYA,LIVN,LKCO,LNTH,LOGI,LPRO,LRCX,LSCC,LSTR,MAR,MARA,MCHP,MEOH,META,MGTX,MKSI,MMYT,MORN,MRUS,MTLS,MTSI,MVIS,MXL,NBIX,NFE,NMIH,NMRK,NNDM,NSIT,NTCT,NVAX,OCUL,ODP,OLED,ONB,OTEX,PACB,PATK,PAYX,PEP,PERI,PI,PLYA,PRDO,PRGS,PTGX,QCOM,QCRH,QDEL,QFIN,RGEN,RILY,RPAY,RPD,SABR,SEDG,SHEN,SIRI,SLNO,SNDL,SNEX,SONO,SPT,SSNC,STGW,STKL,STRL,STX,SWTX,SYNA,TFSL,TIGR,TNXP,TOWN,TRI,TRIP,TRMB,TRNS,TRS,TSCO,TSEM,TVTX,TXRH,VC,VCEL,VECO,VIAV,VICR,VIR,VRTX,VSTM,VTRS,WDFC,WSBC,WSC,WYNN,XENE,XNCR,XRAY,ZS
ACET,0.0,0.724,0.625,0.979,0.344,0.936,0.779,0.938,0.942,0.571,0.781,0.142,0.683,0.919,0.963,0.753,0.946,-0.545,-0.117,0.88,-0.463,0.622,0.424,0.927,0.663,0.853,-0.132,-0.641,0.94,0.88,0.125,0.153,0.787,0.454,0.947,0.798,0.744,0.779,0.478,0.765,0.352,0.889,0.123,0.739,0.91,0.905,0.386,0.855,0.969,0.892,-0.521,0.053,0.518,0.219,0.957,-0.323,0.817,0.673,0.788,-0.134,0.203,0.531,0.757,0.364,0.446,0.75,0.63,0.464,0.946,0.397,-0.36,0.933,-0.408,0.939,0.168,0.764,0.265,0.476,0.929,-0.861,0.861,0.936,-0.621,0.922,-0.76,0.77,0.948,0.738,0.95,0.867,0.793,0.575,0.806,-0.203,0.931,-0.933,0.784,0.608,0.268,-0.617,0.812,0.153,0.801,-0.4,0.864,0.961,0.802,0.813,-0.738,-0.586,0.929,0.65,0.664,0.92,0.866,0.747,0.578,0.345,0.91,0.819,0.666,0.948,0.751,0.461,0.453,0.311,0.825,0.912,0.491,-0.215,0.936,0.947,0.349,0.96,0.606,0.708,0.955,-0.564,0.709,-0.742,0.606,0.813,-0.612,-0.597,-0.523,0.786,0.655,0.268,0.716,0.813,0.93,0.781,0.642,0.55,0.252,0.931,0.827,0.891,0.616,0.897,0.824,0.893,0.951,0.889,0.355,-0.31,0.692,0.813,0.929,0.856,0.77,0.922,0.953,0.531,0.876,0.386,0.874,0.718,0.168,0.755,0.166,0.034,-0.539,0.702,0.746,0.921,0.689,0.909,0.633,-0.235,-0.257,0.628,-0.695,0.444,0.53,0.655,0.3,0.803,0.88,0.893
ADAP,0.724,0.0,0.569,0.736,0.38,0.779,0.677,0.757,0.758,0.405,0.696,0.235,0.58,0.69,0.754,0.741,0.717,-0.458,-0.001,0.708,-0.272,0.5,0.233,0.656,0.629,0.701,-0.046,-0.29,0.667,0.717,0.1,0.136,0.618,0.214,0.728,0.599,0.595,0.598,0.482,0.58,0.463,0.657,0.046,0.521,0.735,0.571,0.636,0.77,0.759,0.687,-0.203,0.2,0.409,0.021,0.733,0.135,0.687,0.724,0.637,-0.088,0.354,0.43,0.644,0.496,0.53,0.669,0.592,0.676,0.727,0.35,-0.293,0.804,-0.317,0.633,0.09,0.599,0.334,0.58,0.732,-0.665,0.659,0.686,-0.36,0.754,-0.486,0.647,0.764,0.655,0.725,0.778,0.594,0.38,0.421,0.01,0.746,-0.658,0.698,0.483,0.402,-0.306,0.572,0.374,0.776,-0.146,0.727,0.67,0.68,0.579,-0.543,-0.378,0.722,0.525,0.508,0.662,0.841,0.615,0.401,0.681,0.853,0.704,0.503,0.719,0.496,0.458,0.347,0.288,0.66,0.671,0.45,-0.071,0.648,0.819,0.268,0.736,0.539,0.679,0.728,-0.554,0.72,-0.489,0.579,0.507,-0.37,-0.536,-0.22,0.686,0.41,0.377,0.698,0.566,0.745,0.686,0.537,0.298,0.078,0.675,0.6,0.667,0.555,0.608,0.774,0.573,0.684,0.745,0.18,-0.312,0.521,0.714,0.83,0.631,0.753,0.725,0.818,0.536,0.71,0.359,0.785,0.625,0.267,0.416,0.423,0.212,-0.25,0.462,0.74,0.774,0.586,0.809,0.392,-0.189,-0.107,0.438,-0.577,0.508,0.385,0.614,0.655,0.842,0.546,0.627
ADI,0.625,0.569,0.0,0.631,0.74,0.659,0.619,0.518,0.777,0.588,0.391,-0.201,0.887,0.592,0.642,0.862,0.539,0.166,0.45,0.768,0.175,0.787,0.686,0.701,0.832,0.7,0.297,-0.044,0.545,0.808,0.454,0.63,0.528,0.59,0.65,0.553,0.739,0.657,0.625,0.629,0.643,0.673,0.638,0.851,0.753,0.731,0.652,0.605,0.626,0.718,0.077,0.615,0.852,-0.409,0.664,-0.059,0.702,0.552,0.83,-0.276,0.711,0.703,0.735,0.78,0.81,0.657,0.303,0.516,0.701,0.132,0.206,0.76,0.152,0.757,0.56,0.519,0.547,0.75,0.745,-0.588,0.841,0.569,-0.344,0.667,-0.307,0.418,0.611,0.701,0.635,0.475,0.434,0.623,0.434,0.36,0.728,-0.496,0.894,0.788,0.369,-0.392,0.685,0.446,0.482,-0.048,0.756,0.729,0.847,0.841,-0.247,0.118,0.765,0.888,0.643,0.657,0.682,0.79,0.716,0.472,0.492,0.749,0.79,0.658,0.779,0.202,0.535,0.799,0.744,0.721,0.866,0.372,0.699,0.553,0.561,0.746,0.835,0.689,0.601,0.067,0.608,-0.552,0.179,0.72,-0.043,-0.018,0.242,0.522,0.811,0.581,0.567,0.702,0.664,0.839,0.75,0.504,0.546,0.645,0.294,0.669,0.279,0.7,0.85,0.651,0.71,0.806,0.719,-0.344,0.759,0.796,0.587,0.824,0.814,0.661,0.648,0.844,0.658,0.766,0.696,0.706,0.706,0.411,0.477,0.016,0.155,0.835,0.722,0.77,0.832,0.768,0.75,-0.209,-0.088,0.604,-0.296,0.77,0.827,0.875,0.143,0.508,0.423,0.722
ADPT,0.979,0.736,0.631,0.0,0.43,0.951,0.83,0.944,0.956,0.564,0.766,0.174,0.711,0.946,0.982,0.8,0.97,-0.504,-0.035,0.897,-0.408,0.647,0.432,0.94,0.706,0.887,-0.086,-0.56,0.957,0.916,0.168,0.205,0.822,0.481,0.966,0.766,0.792,0.81,0.529,0.747,0.422,0.908,0.174,0.777,0.942,0.915,0.388,0.872,0.991,0.909,-0.446,0.144,0.555,0.145,0.96,-0.334,0.873,0.758,0.802,-0.12,0.278,0.599,0.789,0.442,0.518,0.753,0.652,0.518,0.966,0.389,-0.37,0.955,-0.347,0.936,0.196,0.796,0.337,0.531,0.934,-0.855,0.887,0.961,-0.625,0.916,-0.726,0.763,0.961,0.764,0.97,0.875,0.777,0.616,0.756,-0.114,0.946,-0.924,0.819,0.625,0.337,-0.582,0.84,0.247,0.805,-0.405,0.898,0.963,0.815,0.831,-0.723,-0.58,0.956,0.681,0.665,0.897,0.913,0.783,0.58,0.319,0.89,0.873,0.69,0.952,0.742,0.471,0.475,0.354,0.848,0.938,0.541,-0.16,0.955,0.931,0.426,0.972,0.635,0.774,0.978,-0.552,0.724,-0.76,0.602,0.814,-0.612,-0.56,-0.478,0.843,0.638,0.368,0.747,0.824,0.914,0.819,0.674,0.616,0.274,0.922,0.824,0.919,0.629,0.905,0.839,0.925,0.965,0.912,0.376,-0.287,0.734,0.847,0.934,0.874,0.801,0.94,0.963,0.589,0.887,0.395,0.907,0.78,0.242,0.771,0.218,0.071,-0.502,0.699,0.808,0.949,0.748,0.923,0.653,-0.217,-0.298,0.626,-0.656,0.507,0.588,0.707,0.322,0.816,0.877,0.911
ADTN,0.344,0.38,0.74,0.43,0.0,0.48,0.57,0.304,0.544,0.526,0.2,0.017,0.76,0.482,0.439,0.721,0.367,0.403,0.732,0.626,0.443,0.631,0.657,0.546,0.744,0.499,0.393,0.382,0.386,0.689,0.506,0.787,0.406,0.541,0.5,0.233,0.64,0.496,0.714,0.43,0.722,0.498,0.749,0.797,0.577,0.572,0.592,0.445,0.455,0.479,0.411,0.81,0.77,-0.501,0.458,-0.102,0.553,0.542,0.63,-0.153,0.795,0.698,0.672,0.78,0.868,0.497,0.3,0.513,0.521,-0.054,0.239,0.562,0.523,0.515,0.582,0.345,0.662,0.742,0.513,-0.34,0.656,0.416,-0.155,0.416,-0.109,0.19,0.46,0.623,0.498,0.262,0.235,0.618,0.17,0.592,0.522,-0.257,0.695,0.659,0.566,-0.176,0.531,0.566,0.259,0.072,0.608,0.492,0.606,0.662,-0.07,0.343,0.593,0.757,0.465,0.358,0.584,0.647,0.718,0.262,0.248,0.701,0.69,0.44,0.56,0.122,0.572,0.779,0.619,0.563,0.805,0.555,0.528,0.312,0.591,0.513,0.724,0.654,0.439,0.244,0.438,-0.405,0.074,0.562,0.176,0.206,0.438,0.394,0.62,0.751,0.429,0.573,0.386,0.723,0.734,0.597,0.667,0.413,0.082,0.493,0.34,0.503,0.654,0.491,0.521,0.6,0.764,-0.208,0.67,0.643,0.347,0.623,0.672,0.474,0.407,0.814,0.468,0.744,0.539,0.659,0.813,0.238,0.552,0.141,0.451,0.591,0.697,0.58,0.766,0.559,0.626,-0.077,-0.109,0.421,-0.072,0.762,0.843,0.831,0.22,0.38,0.24,0.581
AGEN,0.936,0.779,0.659,0.951,0.48,0.0,0.884,0.958,0.932,0.497,0.683,0.273,0.73,0.911,0.978,0.834,0.956,-0.46,0.06,0.864,-0.27,0.576,0.362,0.926,0.738,0.888,0.096,-0.49,0.94,0.914,0.314,0.283,0.894,0.585,0.976,0.814,0.842,0.853,0.698,0.663,0.574,0.943,0.219,0.804,0.969,0.883,0.503,0.789,0.962,0.842,-0.362,0.201,0.513,0.162,0.963,-0.17,0.825,0.819,0.775,0.01,0.326,0.682,0.864,0.474,0.574,0.855,0.746,0.675,0.951,0.46,-0.257,0.965,-0.223,0.906,0.341,0.783,0.301,0.498,0.893,-0.745,0.886,0.923,-0.424,0.886,-0.602,0.836,0.948,0.878,0.945,0.811,0.856,0.712,0.697,-0.026,0.899,-0.851,0.779,0.657,0.526,-0.503,0.875,0.345,0.776,-0.22,0.924,0.911,0.741,0.772,-0.769,-0.465,0.928,0.636,0.773,0.91,0.938,0.699,0.638,0.464,0.915,0.889,0.615,0.894,0.649,0.6,0.57,0.381,0.782,0.89,0.522,0.006,0.91,0.912,0.501,0.97,0.604,0.84,0.93,-0.565,0.811,-0.731,0.669,0.732,-0.603,-0.514,-0.373,0.864,0.596,0.497,0.816,0.759,0.842,0.81,0.776,0.708,0.275,0.957,0.814,0.914,0.678,0.83,0.873,0.911,0.96,0.901,0.449,-0.205,0.816,0.795,0.938,0.811,0.783,0.967,0.938,0.656,0.923,0.484,0.86,0.801,0.338,0.759,0.219,0.26,-0.401,0.603,0.876,0.91,0.687,0.903,0.627,-0.05,-0.077,0.699,-0.641,0.578,0.649,0.748,0.503,0.823,0.868,0.914
ALGN,0.779,0.677,0.619,0.83,0.57,0.884,0.0,0.831,0.81,0.352,0.455,0.22,0.684,0.844,0.88,0.837,0.858,-0.273,0.209,0.765,-0.018,0.493,0.263,0.804,0.806,0.868,0.345,-0.29,0.826,0.886,0.528,0.412,0.915,0.716,0.883,0.747,0.871,0.849,0.759,0.474,0.662,0.904,0.32,0.758,0.919,0.791,0.517,0.608,0.842,0.791,-0.164,0.357,0.506,-0.03,0.831,-0.008,0.77,0.814,0.756,0.074,0.38,0.799,0.893,0.584,0.633,0.847,0.719,0.695,0.886,0.494,-0.072,0.866,-0.019,0.785,0.571,0.735,0.395,0.532,0.807,-0.558,0.85,0.812,-0.318,0.731,-0.332,0.774,0.782,0.888,0.855,0.645,0.807,0.791,0.485,0.172,0.788,-0.696,0.717,0.648,0.619,-0.394,0.9,0.563,0.592,-0.016,0.877,0.787,0.627,0.691,-0.694,-0.303,0.845,0.578,0.761,0.733,0.885,0.61,0.579,0.449,0.762,0.82,0.534,0.744,0.48,0.637,0.618,0.523,0.656,0.787,0.549,0.227,0.818,0.725,0.628,0.87,0.608,0.798,0.791,-0.474,0.792,-0.646,0.543,0.631,-0.554,-0.213,-0.184,0.834,0.439,0.655,0.834,0.629,0.684,0.773,0.772,0.778,0.253,0.867,0.65,0.788,0.585,0.695,0.848,0.876,0.853,0.847,0.511,-0.083,0.884,0.729,0.828,0.72,0.716,0.876,0.83,0.734,0.851,0.488,0.765,0.823,0.507,0.74,0.26,0.404,-0.258,0.513,0.899,0.808,0.651,0.76,0.634,0.115,0.024,0.752,-0.385,0.699,0.708,0.752,0.489,0.626,0.767,0.83
ALLK,0.938,0.757,0.518,0.944,0.304,0.958,0.831,0.0,0.868,0.363,0.676,0.341,0.578,0.896,0.975,0.741,0.977,-0.651,-0.117,0.769,-0.406,0.45,0.191,0.862,0.594,0.877,0.02,-0.63,0.959,0.823,0.232,0.069,0.898,0.517,0.952,0.864,0.797,0.84,0.574,0.579,0.456,0.913,-0.006,0.664,0.918,0.81,0.355,0.742,0.951,0.819,-0.509,-0.0,0.333,0.343,0.921,-0.119,0.778,0.808,0.684,0.126,0.12,0.601,0.797,0.319,0.412,0.821,0.756,0.617,0.918,0.588,-0.362,0.912,-0.387,0.837,0.214,0.819,0.21,0.343,0.844,-0.7,0.792,0.919,-0.416,0.866,-0.605,0.909,0.907,0.799,0.92,0.851,0.91,0.65,0.659,-0.163,0.837,-0.849,0.678,0.488,0.437,-0.447,0.838,0.284,0.756,-0.237,0.863,0.862,0.638,0.648,-0.837,-0.653,0.852,0.468,0.749,0.906,0.88,0.583,0.472,0.447,0.95,0.773,0.46,0.848,0.534,0.682,0.445,0.194,0.673,0.818,0.365,-0.127,0.851,0.908,0.436,0.927,0.435,0.794,0.904,-0.715,0.804,-0.648,0.749,0.618,-0.771,-0.627,-0.543,0.904,0.457,0.387,0.841,0.657,0.813,0.669,0.647,0.649,0.084,0.936,0.917,0.91,0.662,0.754,0.773,0.895,0.913,0.842,0.254,-0.098,0.731,0.699,0.948,0.704,0.657,0.931,0.941,0.515,0.92,0.281,0.832,0.746,0.151,0.833,0.078,0.284,-0.579,0.516,0.801,0.853,0.552,0.832,0.494,0.022,-0.086,0.677,-0.642,0.446,0.478,0.581,0.519,0.785,0.924,0.848
AMD,0.942,0.758,0.777,0.956,0.544,0.932,0.81,0.868,0.0,0.665,0.76,0.027,0.825,0.893,0.939,0.865,0.9,-0.331,0.087,0.949,-0.294,0.757,0.561,0.94,0.819,0.887,-0.037,-0.451,0.879,0.944,0.194,0.322,0.768,0.48,0.937,0.729,0.803,0.77,0.578,0.824,0.464,0.878,0.327,0.842,0.941,0.921,0.514,0.904,0.951,0.919,-0.347,0.306,0.718,-0.039,0.956,-0.319,0.903,0.736,0.903,-0.251,0.45,0.643,0.803,0.588,0.646,0.758,0.545,0.532,0.958,0.288,-0.268,0.973,-0.269,0.969,0.256,0.73,0.382,0.685,0.974,-0.886,0.941,0.914,-0.628,0.947,-0.694,0.677,0.938,0.771,0.924,0.844,0.687,0.628,0.729,-0.04,0.978,-0.893,0.915,0.742,0.317,-0.637,0.823,0.258,0.799,-0.395,0.921,0.971,0.919,0.918,-0.579,-0.404,0.983,0.82,0.661,0.887,0.913,0.884,0.662,0.403,0.845,0.901,0.808,0.971,0.843,0.358,0.474,0.515,0.911,0.971,0.698,-0.065,0.95,0.916,0.433,0.975,0.78,0.782,0.949,-0.39,0.715,-0.784,0.498,0.865,-0.442,-0.47,-0.316,0.782,0.767,0.435,0.712,0.862,0.931,0.91,0.708,0.574,0.395,0.892,0.698,0.907,0.601,0.937,0.895,0.898,0.947,0.95,0.487,-0.385,0.767,0.922,0.911,0.951,0.896,0.922,0.945,0.704,0.875,0.539,0.916,0.75,0.374,0.685,0.331,-0.016,-0.333,0.79,0.824,0.986,0.845,0.958,0.72,-0.314,-0.287,0.628,-0.626,0.617,0.682,0.813,0.263,0.789,0.782,0.902
AMWD,0.571,0.405,0.588,0.564,0.526,0.497,0.352,0.363,0.665,0.0,0.588,-0.11,0.729,0.512,0.485,0.535,0.436,0.088,0.212,0.753,-0.138,0.713,0.811,0.698,0.589,0.427,-0.229,-0.061,0.465,0.634,-0.036,0.468,0.219,0.187,0.557,0.221,0.357,0.336,0.286,0.882,0.226,0.484,0.513,0.697,0.519,0.719,0.568,0.752,0.558,0.572,-0.047,0.355,0.725,-0.18,0.639,-0.524,0.554,0.181,0.672,-0.488,0.527,0.235,0.448,0.446,0.532,0.39,0.224,0.222,0.565,-0.171,-0.138,0.604,0.027,0.695,0.054,0.226,0.383,0.679,0.621,-0.722,0.585,0.542,-0.53,0.572,-0.591,0.099,0.647,0.42,0.604,0.431,0.181,0.267,0.714,-0.063,0.679,-0.568,0.72,0.59,0.056,-0.548,0.403,-0.023,0.5,-0.431,0.575,0.705,0.788,0.794,-0.112,0.01,0.683,0.787,0.264,0.538,0.457,0.767,0.689,0.122,0.396,0.671,0.839,0.713,0.846,-0.124,0.425,0.476,0.808,0.697,0.632,-0.119,0.651,0.595,0.067,0.583,0.764,0.402,0.652,0.066,0.336,-0.483,0.211,0.841,0.147,-0.305,-0.049,0.188,0.877,0.157,0.199,0.819,0.701,0.727,0.468,0.208,0.69,0.496,0.186,0.522,0.392,0.707,0.622,0.479,0.609,0.629,0.594,-0.437,0.351,0.76,0.45,0.77,0.715,0.536,0.524,0.498,0.44,0.602,0.668,0.376,0.347,0.204,0.505,-0.322,0.05,0.765,0.41,0.668,0.725,0.706,0.581,-0.541,-0.453,0.29,-0.436,0.42,0.53,0.662,-0.059,0.594,0.291,0.62
ARDX,0.781,0.696,0.391,0.766,0.2,0.683,0.455,0.676,0.76,0.588,0.0,0.094,0.485,0.706,0.689,0.443,0.691,-0.529,-0.239,0.724,-0.664,0.578,0.411,0.726,0.415,0.504,-0.542,-0.519,0.667,0.619,-0.355,-0.007,0.401,-0.078,0.665,0.349,0.318,0.333,0.17,0.748,0.025,0.525,0.021,0.462,0.607,0.649,0.306,0.87,0.756,0.635,-0.483,-0.06,0.441,0.164,0.748,-0.494,0.624,0.445,0.529,-0.398,0.152,0.119,0.386,0.172,0.23,0.333,0.391,0.196,0.671,-0.012,-0.602,0.705,-0.49,0.71,-0.27,0.428,0.128,0.438,0.753,-0.893,0.587,0.737,-0.744,0.777,-0.896,0.398,0.821,0.363,0.704,0.806,0.372,0.131,0.7,-0.33,0.792,-0.853,0.607,0.484,0.017,-0.681,0.388,-0.167,0.819,-0.668,0.607,0.75,0.725,0.674,-0.447,-0.536,0.733,0.577,0.166,0.611,0.703,0.714,0.366,0.153,0.745,0.679,0.653,0.842,0.693,0.049,0.17,0.084,0.761,0.759,0.333,-0.474,0.739,0.867,0.006,0.682,0.484,0.394,0.822,-0.457,0.313,-0.691,0.41,0.717,-0.302,-0.674,-0.531,0.475,0.543,-0.069,0.295,0.696,0.807,0.637,0.338,0.156,0.263,0.602,0.566,0.584,0.51,0.786,0.549,0.544,0.687,0.601,0.076,-0.581,0.263,0.673,0.727,0.71,0.676,0.638,0.745,0.207,0.516,0.236,0.685,0.384,-0.09,0.322,0.306,-0.265,-0.425,0.497,0.438,0.743,0.595,0.774,0.502,-0.603,-0.422,0.155,-0.73,0.096,0.225,0.44,0.183,0.78,0.57,0.623
ARQT,0.142,0.235,-0.201,0.174,0.017,0.273,0.22,0.341,0.027,-0.11,0.094,0.0,-0.128,0.255,0.241,0.074,0.324,-0.403,-0.078,-0.054,-0.014,-0.261,-0.241,0.194,-0.123,0.162,0.177,-0.045,0.36,0.098,0.198,-0.031,0.38,0.194,0.246,0.211,0.176,0.261,0.363,-0.09,0.36,0.272,-0.093,0.085,0.17,0.119,0.176,-0.013,0.229,-0.008,-0.009,-0.243,-0.387,0.585,0.188,0.164,-0.052,0.35,-0.171,0.606,-0.255,0.126,0.293,-0.2,-0.053,0.315,0.69,0.398,0.118,0.52,-0.251,0.153,0.125,0.017,0.075,0.198,0.098,-0.284,-0.048,0.149,-0.058,0.212,0.274,-0.018,0.053,0.464,0.225,0.356,0.253,0.147,0.443,0.248,0.107,0.049,-0.04,-0.015,-0.112,-0.205,0.599,0.333,0.251,0.257,0.187,0.305,0.194,0.019,-0.206,-0.182,-0.498,-0.257,0.038,-0.273,0.254,0.228,0.213,-0.25,0.053,0.17,0.302,0.198,-0.265,0.012,-0.265,0.638,0.336,-0.362,-0.108,-0.004,-0.304,0.077,0.074,0.155,0.239,0.12,-0.316,0.386,0.196,-0.424,0.307,0.121,0.66,-0.14,-0.424,-0.309,-0.223,0.325,-0.192,0.234,0.332,0.031,-0.047,-0.113,0.211,0.397,-0.115,0.248,0.442,0.223,0.317,-0.115,0.045,0.175,0.203,0.049,-0.038,0.547,0.143,-0.091,0.218,-0.169,-0.163,0.247,0.119,-0.045,0.304,-0.033,0.179,0.285,-0.038,0.291,0.046,0.666,-0.142,-0.272,0.226,0.012,-0.172,0.094,-0.129,0.557,0.256,0.223,-0.096,-0.027,0.011,-0.049,0.71,0.333,0.28,0.259
ASTE,0.683,0.58,0.887,0.711,0.76,0.73,0.684,0.578,0.825,0.729,0.485,-0.128,0.0,0.663,0.707,0.861,0.61,0.146,0.471,0.887,0.146,0.859,0.771,0.784,0.875,0.698,0.236,-0.017,0.603,0.881,0.408,0.704,0.562,0.6,0.743,0.506,0.752,0.687,0.663,0.74,0.668,0.751,0.62,0.919,0.816,0.827,0.665,0.715,0.716,0.739,0.116,0.644,0.876,-0.387,0.766,-0.258,0.783,0.542,0.844,-0.316,0.788,0.697,0.728,0.792,0.851,0.656,0.36,0.572,0.781,0.049,0.173,0.815,0.142,0.824,0.515,0.555,0.558,0.801,0.798,-0.685,0.878,0.68,-0.395,0.725,-0.437,0.407,0.743,0.747,0.744,0.52,0.453,0.674,0.569,0.34,0.821,-0.588,0.889,0.852,0.442,-0.511,0.72,0.382,0.5,-0.215,0.796,0.811,0.855,0.901,-0.33,0.093,0.854,0.918,0.644,0.688,0.742,0.854,0.848,0.338,0.551,0.835,0.87,0.752,0.845,0.192,0.661,0.81,0.874,0.81,0.884,0.307,0.793,0.651,0.492,0.797,0.898,0.708,0.709,-0.024,0.631,-0.682,0.232,0.823,-0.036,-0.156,0.191,0.55,0.863,0.58,0.545,0.835,0.748,0.932,0.837,0.568,0.644,0.71,0.346,0.731,0.416,0.783,0.875,0.692,0.791,0.858,0.8,-0.408,0.78,0.877,0.634,0.889,0.904,0.759,0.709,0.86,0.673,0.836,0.74,0.745,0.722,0.406,0.412,-0.007,0.054,0.83,0.785,0.822,0.892,0.841,0.776,-0.263,-0.167,0.59,-0.423,0.774,0.862,0.961,0.173,0.626,0.502,0.787
AUPH,0.919,0.69,0.592,0.946,0.482,0.911,0.844,0.896,0.893,0.512,0.706,0.255,0.663,0.0,0.942,0.768,0.926,-0.431,0.04,0.839,-0.33,0.593,0.444,0.912,0.68,0.862,-0.037,-0.464,0.933,0.892,0.211,0.241,0.811,0.507,0.922,0.712,0.772,0.792,0.61,0.666,0.451,0.868,0.247,0.771,0.901,0.889,0.368,0.785,0.941,0.834,-0.36,0.189,0.554,0.181,0.902,-0.312,0.812,0.744,0.742,-0.077,0.259,0.639,0.819,0.415,0.51,0.732,0.661,0.467,0.937,0.339,-0.292,0.895,-0.2,0.883,0.272,0.758,0.393,0.48,0.894,-0.777,0.868,0.93,-0.584,0.861,-0.67,0.746,0.921,0.746,0.943,0.851,0.753,0.654,0.691,-0.026,0.882,-0.849,0.769,0.612,0.418,-0.54,0.831,0.276,0.732,-0.321,0.864,0.908,0.748,0.801,-0.661,-0.49,0.917,0.648,0.642,0.804,0.898,0.743,0.605,0.313,0.822,0.87,0.665,0.887,0.684,0.471,0.505,0.376,0.792,0.902,0.533,-0.026,0.945,0.87,0.522,0.911,0.602,0.756,0.926,-0.478,0.673,-0.732,0.542,0.798,-0.558,-0.412,-0.427,0.795,0.591,0.399,0.714,0.785,0.841,0.766,0.708,0.671,0.36,0.874,0.776,0.853,0.701,0.848,0.805,0.907,0.924,0.853,0.405,-0.248,0.753,0.779,0.893,0.819,0.735,0.887,0.903,0.578,0.863,0.415,0.841,0.777,0.272,0.771,0.225,0.115,-0.399,0.642,0.814,0.896,0.747,0.835,0.731,-0.124,-0.22,0.667,-0.561,0.481,0.605,0.683,0.346,0.774,0.877,0.921
AVXL,0.963,0.754,0.642,0.982,0.439,0.978,0.88,0.975,0.939,0.485,0.689,0.241,0.707,0.942,0.0,0.828,0.983,-0.506,0.003,0.865,-0.318,0.589,0.357,0.926,0.722,0.92,0.055,-0.55,0.967,0.919,0.285,0.22,0.898,0.577,0.981,0.838,0.854,0.869,0.627,0.672,0.516,0.949,0.172,0.782,0.97,0.899,0.423,0.804,0.983,0.891,-0.415,0.164,0.508,0.18,0.96,-0.202,0.858,0.813,0.797,-0.004,0.275,0.681,0.847,0.462,0.544,0.83,0.711,0.607,0.975,0.496,-0.29,0.962,-0.295,0.917,0.302,0.818,0.332,0.492,0.919,-0.772,0.893,0.954,-0.505,0.904,-0.625,0.851,0.944,0.839,0.963,0.854,0.862,0.707,0.7,-0.06,0.915,-0.875,0.794,0.62,0.448,-0.52,0.895,0.329,0.767,-0.279,0.918,0.935,0.758,0.784,-0.773,-0.548,0.938,0.63,0.758,0.917,0.927,0.719,0.588,0.416,0.915,0.863,0.616,0.91,0.666,0.596,0.518,0.368,0.789,0.906,0.528,-0.05,0.934,0.915,0.507,0.978,0.601,0.828,0.948,-0.583,0.802,-0.725,0.656,0.748,-0.664,-0.529,-0.44,0.894,0.589,0.458,0.827,0.774,0.869,0.794,0.727,0.692,0.239,0.953,0.854,0.939,0.654,0.85,0.859,0.944,0.967,0.92,0.402,-0.183,0.807,0.808,0.955,0.827,0.77,0.962,0.965,0.639,0.937,0.419,0.887,0.809,0.295,0.823,0.177,0.21,-0.481,0.65,0.859,0.928,0.703,0.9,0.637,-0.068,-0.165,0.716,-0.615,0.561,0.618,0.717,0.43,0.795,0.906,0.918
AZTA,0.753,0.741,0.862,0.8,0.721,0.834,0.837,0.741,0.865,0.535,0.443,0.074,0.861,0.768,0.828,0.0,0.759,-0.07,0.39,0.833,0.112,0.708,0.532,0.788,0.892,0.904,0.332,-0.107,0.757,0.925,0.535,0.529,0.773,0.669,0.834,0.737,0.908,0.867,0.727,0.649,0.753,0.845,0.481,0.876,0.903,0.805,0.683,0.703,0.808,0.841,-0.005,0.56,0.722,-0.233,0.802,0.018,0.842,0.781,0.884,-0.033,0.632,0.816,0.89,0.796,0.847,0.856,0.554,0.74,0.867,0.402,0.047,0.89,0.05,0.813,0.548,0.7,0.636,0.754,0.827,-0.612,0.9,0.762,-0.333,0.758,-0.305,0.655,0.754,0.865,0.826,0.655,0.669,0.744,0.451,0.342,0.815,-0.599,0.921,0.68,0.551,-0.286,0.854,0.62,0.619,-0.002,0.903,0.814,0.816,0.807,-0.488,-0.134,0.865,0.783,0.787,0.765,0.855,0.763,0.688,0.575,0.692,0.85,0.704,0.753,0.681,0.493,0.611,0.698,0.768,0.822,0.795,0.313,0.794,0.688,0.648,0.87,0.789,0.888,0.754,-0.236,0.84,-0.545,0.458,0.696,-0.326,-0.174,0.052,0.786,0.673,0.729,0.838,0.737,0.756,0.864,0.796,0.666,0.375,0.787,0.546,0.846,0.475,0.727,0.944,0.82,0.83,0.939,0.648,-0.163,0.877,0.878,0.784,0.827,0.849,0.829,0.817,0.9,0.856,0.644,0.877,0.881,0.681,0.638,0.461,0.252,-0.068,0.769,0.93,0.881,0.828,0.843,0.661,-0.025,-0.112,0.732,-0.357,0.866,0.842,0.898,0.398,0.696,0.624,0.823
BAND,0.946,0.717,0.539,0.97,0.367,0.956,0.858,0.977,0.9,0.436,0.691,0.324,0.61,0.926,0.983,0.759,0.0,-0.589,-0.07,0.812,-0.375,0.5,0.263,0.906,0.647,0.894,0.017,-0.595,0.976,0.867,0.239,0.139,0.905,0.53,0.966,0.817,0.817,0.837,0.573,0.629,0.454,0.927,0.096,0.717,0.931,0.862,0.354,0.779,0.974,0.872,-0.475,0.067,0.405,0.268,0.94,-0.224,0.817,0.817,0.74,0.055,0.166,0.63,0.815,0.372,0.456,0.803,0.743,0.576,0.943,0.547,-0.397,0.931,-0.341,0.881,0.236,0.805,0.274,0.416,0.876,-0.74,0.827,0.95,-0.502,0.866,-0.621,0.859,0.923,0.805,0.944,0.845,0.87,0.676,0.693,-0.136,0.874,-0.876,0.721,0.535,0.42,-0.49,0.872,0.302,0.773,-0.29,0.89,0.898,0.691,0.713,-0.804,-0.636,0.895,0.54,0.71,0.904,0.898,0.651,0.503,0.358,0.911,0.824,0.537,0.888,0.591,0.623,0.463,0.256,0.731,0.87,0.426,-0.132,0.899,0.899,0.476,0.947,0.504,0.81,0.942,-0.638,0.772,-0.687,0.704,0.691,-0.737,-0.579,-0.535,0.899,0.507,0.419,0.811,0.724,0.825,0.724,0.657,0.686,0.162,0.935,0.885,0.923,0.65,0.81,0.792,0.939,0.942,0.872,0.309,-0.105,0.751,0.75,0.939,0.764,0.693,0.942,0.938,0.551,0.919,0.315,0.87,0.764,0.2,0.846,0.141,0.238,-0.536,0.568,0.808,0.888,0.626,0.857,0.556,-0.034,-0.184,0.678,-0.612,0.486,0.54,0.627,0.44,0.768,0.918,0.885
BECN,-0.545,-0.458,0.166,-0.504,0.403,-0.46,-0.273,-0.651,-0.331,0.088,-0.529,-0.403,0.146,-0.431,-0.506,-0.07,-0.589,0.0,0.687,-0.19,0.773,0.113,0.396,-0.32,0.092,-0.355,0.394,0.807,-0.544,-0.179,0.29,0.602,-0.422,0.101,-0.452,-0.506,-0.163,-0.286,0.102,-0.162,0.192,-0.366,0.673,0.081,-0.325,-0.213,0.14,-0.379,-0.499,-0.36,0.763,0.654,0.356,-0.696,-0.434,-0.002,-0.242,-0.369,-0.077,-0.226,0.545,0.062,-0.182,0.352,0.309,-0.294,-0.491,-0.158,-0.379,-0.521,0.673,-0.375,0.772,-0.285,0.399,-0.454,0.325,0.222,-0.333,0.383,-0.13,-0.483,0.265,-0.442,0.504,-0.634,-0.458,-0.184,-0.433,-0.599,-0.576,-0.024,-0.371,0.626,-0.332,0.562,-0.046,0.149,0.069,0.205,-0.247,0.176,-0.538,0.273,-0.29,-0.342,-0.093,-0.018,0.671,0.903,-0.274,0.198,-0.209,-0.483,-0.369,-0.017,0.21,-0.219,-0.694,-0.14,0.144,-0.411,0.003,-0.498,0.102,0.518,-0.114,-0.268,0.35,0.625,-0.306,-0.593,0.128,-0.387,0.228,-0.209,-0.477,0.9,-0.348,0.224,-0.659,-0.07,0.806,0.794,0.86,-0.497,0.141,0.236,-0.405,-0.089,-0.41,-0.014,0.055,-0.043,0.508,-0.454,-0.743,-0.397,-0.356,-0.252,-0.148,-0.361,-0.365,-0.255,0.482,-0.047,-0.029,-0.116,-0.572,-0.107,-0.064,-0.42,-0.528,0.232,-0.424,0.405,-0.362,-0.134,0.577,-0.481,0.261,-0.172,0.801,0.052,-0.159,-0.318,0.107,-0.322,0.13,-0.016,0.055,-0.14,0.559,0.233,0.319,0.172,-0.404,-0.451,-0.596,-0.259
BFC,-0.117,-0.001,0.45,-0.035,0.732,0.06,0.209,-0.117,0.087,0.212,-0.239,-0.078,0.471,0.04,0.003,0.39,-0.07,0.687,0.0,0.208,0.754,0.334,0.463,0.081,0.453,0.11,0.544,0.669,-0.054,0.291,0.525,0.72,0.087,0.409,0.058,-0.045,0.345,0.222,0.507,0.073,0.627,0.116,0.653,0.477,0.177,0.149,0.363,-0.001,-0.005,0.051,0.678,0.811,0.5,-0.567,0.002,0.093,0.205,0.19,0.27,-0.037,0.761,0.504,0.323,0.645,0.695,0.203,-0.067,0.331,0.091,-0.197,0.523,0.115,0.703,0.081,0.564,0.033,0.544,0.48,0.065,0.117,0.279,-0.001,0.242,-0.019,0.294,-0.135,0.016,0.312,0.051,-0.196,-0.074,0.43,-0.17,0.772,0.062,0.22,0.312,0.357,0.46,0.192,0.192,0.546,-0.186,0.275,0.18,0.04,0.188,0.255,0.222,0.622,0.147,0.421,0.21,-0.065,0.151,0.247,0.493,0.085,-0.207,0.272,0.32,-0.026,0.181,-0.048,0.357,0.662,0.227,0.122,0.586,0.693,0.086,-0.161,0.481,0.076,0.434,0.36,-0.047,0.519,0.212,0.003,-0.226,0.16,0.419,0.474,0.694,0.081,0.303,0.658,0.15,0.197,-0.041,0.337,0.486,0.381,0.528,-0.003,-0.26,0.126,0.084,0.075,0.287,0.093,0.082,0.218,0.651,-0.011,0.405,0.261,-0.097,0.201,0.304,0.071,-0.045,0.657,0.097,0.558,0.103,0.377,0.794,-0.057,0.342,0.134,0.646,0.286,0.394,0.126,0.423,0.101,0.286,0.136,0.017,0.205,0.244,0.62,0.614,0.542,0.061,0.003,-0.13,0.148
BGC,0.88,0.708,0.768,0.897,0.626,0.864,0.765,0.769,0.949,0.753,0.724,-0.054,0.887,0.839,0.865,0.833,0.812,-0.19,0.208,0.0,-0.196,0.811,0.667,0.907,0.844,0.793,-0.044,-0.303,0.783,0.94,0.194,0.465,0.666,0.459,0.89,0.606,0.753,0.714,0.554,0.846,0.472,0.823,0.399,0.862,0.888,0.909,0.546,0.911,0.901,0.885,-0.188,0.417,0.783,-0.167,0.914,-0.389,0.896,0.639,0.893,-0.349,0.572,0.603,0.743,0.652,0.711,0.687,0.463,0.487,0.917,0.128,-0.172,0.931,-0.174,0.941,0.273,0.654,0.441,0.772,0.934,-0.884,0.921,0.868,-0.615,0.891,-0.695,0.536,0.911,0.734,0.896,0.762,0.574,0.619,0.727,0.041,0.97,-0.845,0.893,0.8,0.304,-0.67,0.762,0.239,0.721,-0.445,0.864,0.945,0.911,0.942,-0.506,-0.254,0.967,0.872,0.597,0.81,0.869,0.915,0.761,0.311,0.764,0.892,0.877,0.94,0.891,0.239,0.529,0.623,0.971,0.946,0.753,-0.03,0.93,0.868,0.373,0.917,0.862,0.713,0.907,-0.285,0.655,-0.797,0.386,0.908,-0.265,-0.419,-0.191,0.668,0.811,0.418,0.611,0.898,0.913,0.962,0.742,0.531,0.502,0.826,0.564,0.833,0.566,0.933,0.887,0.818,0.902,0.927,0.591,-0.479,0.731,0.933,0.819,0.962,0.948,0.872,0.893,0.74,0.781,0.64,0.877,0.727,0.45,0.553,0.348,-0.086,-0.241,0.805,0.803,0.947,0.887,0.946,0.739,-0.396,-0.343,0.557,-0.597,0.644,0.709,0.874,0.211,0.765,0.699,0.865
BHF,-0.463,-0.272,0.175,-0.408,0.443,-0.27,-0.018,-0.406,-0.294,-0.138,-0.664,-0.014,0.146,-0.33,-0.318,0.112,-0.375,0.773,0.754,-0.196,0.0,-0.053,0.118,-0.274,0.187,-0.127,0.808,0.754,-0.375,-0.062,0.689,0.601,-0.059,0.419,-0.269,-0.159,0.151,0.027,0.369,-0.324,0.524,-0.121,0.545,0.129,-0.141,-0.197,0.28,-0.456,-0.373,-0.236,0.806,0.661,0.13,-0.527,-0.327,0.408,-0.174,-0.053,-0.016,0.198,0.496,0.367,0.093,0.467,0.433,0.048,-0.143,0.226,-0.25,-0.017,0.758,-0.224,0.782,-0.268,0.67,-0.196,0.385,0.184,-0.304,0.551,-0.067,-0.366,0.58,-0.401,0.732,-0.217,-0.396,0.149,-0.305,-0.548,-0.182,0.326,-0.48,0.783,-0.333,0.61,-0.074,0.093,0.443,0.471,0.042,0.543,-0.511,0.645,-0.114,-0.338,-0.225,-0.151,0.314,0.8,-0.241,0.03,0.14,-0.289,-0.202,-0.193,0.216,0.101,-0.458,-0.108,-0.101,-0.444,-0.228,0.049,0.29,0.517,-0.22,-0.3,0.279,0.826,-0.302,-0.531,0.4,-0.257,0.117,0.1,-0.442,0.598,0.051,0.319,-0.296,-0.26,0.454,0.702,0.844,-0.162,-0.042,0.577,0.009,-0.188,-0.443,-0.029,0.248,0.234,0.258,-0.252,-0.481,-0.2,-0.27,-0.355,-0.005,-0.199,-0.258,-0.097,0.501,0.367,0.232,-0.145,-0.392,-0.202,-0.083,-0.223,-0.385,0.42,-0.135,0.425,-0.247,0.101,0.708,-0.215,0.138,0.373,0.715,-0.06,0.113,-0.279,-0.001,-0.262,-0.017,0.472,0.359,0.166,0.588,0.488,0.391,0.233,0.081,-0.381,-0.387,-0.164
BHFAL,0.622,0.5,0.787,0.647,0.631,0.576,0.493,0.45,0.757,0.713,0.578,-0.261,0.859,0.593,0.589,0.708,0.5,0.113,0.334,0.811,-0.053,0.0,0.78,0.677,0.737,0.578,-0.055,-0.071,0.502,0.762,0.102,0.534,0.347,0.324,0.595,0.312,0.544,0.488,0.391,0.74,0.402,0.554,0.53,0.765,0.652,0.727,0.442,0.73,0.629,0.692,0.057,0.538,0.859,-0.405,0.641,-0.388,0.731,0.416,0.755,-0.484,0.693,0.476,0.512,0.653,0.702,0.409,0.161,0.266,0.67,-0.141,0.014,0.695,-0.01,0.749,0.247,0.469,0.541,0.761,0.758,-0.758,0.777,0.621,-0.585,0.676,-0.562,0.224,0.658,0.474,0.643,0.546,0.23,0.414,0.528,0.22,0.775,-0.59,0.837,0.734,0.142,-0.543,0.527,0.194,0.53,-0.432,0.643,0.747,0.864,0.871,-0.179,0.001,0.77,0.9,0.387,0.553,0.638,0.88,0.648,0.147,0.441,0.698,0.882,0.723,0.873,-0.053,0.444,0.684,0.85,0.773,0.828,0.118,0.729,0.604,0.329,0.673,0.851,0.509,0.661,0.038,0.397,-0.635,0.061,0.818,0.036,-0.158,0.105,0.393,0.826,0.362,0.331,0.791,0.728,0.837,0.601,0.321,0.566,0.53,0.28,0.618,0.301,0.764,0.734,0.571,0.664,0.732,0.609,-0.567,0.558,0.816,0.553,0.859,0.832,0.592,0.637,0.673,0.494,0.65,0.671,0.616,0.53,0.288,0.38,-0.291,0.0,0.843,0.586,0.761,0.881,0.765,0.742,-0.504,-0.392,0.368,-0.39,0.57,0.674,0.801,-0.058,0.56,0.401,0.662
BKNG,0.424,0.233,0.686,0.432,0.657,0.362,0.263,0.191,0.561,0.811,0.411,-0.241,0.771,0.444,0.357,0.532,0.263,0.396,0.463,0.667,0.118,0.78,0.0,0.567,0.589,0.342,-0.079,0.166,0.321,0.603,0.098,0.644,0.11,0.266,0.392,0.114,0.345,0.293,0.364,0.752,0.335,0.364,0.722,0.742,0.438,0.654,0.458,0.568,0.415,0.433,0.223,0.576,0.861,-0.392,0.456,-0.548,0.496,0.103,0.595,-0.539,0.69,0.336,0.388,0.562,0.618,0.242,0.006,0.105,0.453,-0.369,0.189,0.463,0.262,0.607,0.244,0.185,0.545,0.661,0.54,-0.588,0.609,0.408,-0.477,0.459,-0.471,-0.037,0.499,0.34,0.465,0.296,0.015,0.305,0.543,0.297,0.565,-0.37,0.696,0.672,0.128,-0.46,0.352,0.038,0.292,-0.372,0.448,0.59,0.734,0.794,0.063,0.3,0.599,0.851,0.222,0.357,0.388,0.764,0.792,0.003,0.163,0.633,0.868,0.547,0.856,-0.286,0.456,0.671,0.759,0.609,0.77,0.195,0.592,0.372,0.273,0.471,0.794,0.365,0.474,0.373,0.171,-0.485,-0.117,0.796,0.355,0.021,0.264,0.109,0.88,0.227,0.092,0.795,0.572,0.701,0.547,0.288,0.861,0.348,0.038,0.401,0.265,0.654,0.551,0.381,0.507,0.533,0.733,-0.51,0.411,0.679,0.277,0.736,0.668,0.393,0.361,0.569,0.326,0.756,0.484,0.427,0.553,0.092,0.441,-0.405,0.254,0.797,0.405,0.559,0.801,0.58,0.719,-0.496,-0.389,0.276,-0.24,0.455,0.666,0.724,-0.215,0.42,0.183,0.579
BL,0.927,0.656,0.701,0.94,0.546,0.926,0.804,0.862,0.94,0.698,0.726,0.194,0.784,0.912,0.926,0.788,0.906,-0.32,0.081,0.907,-0.274,0.677,0.567,0.0,0.733,0.822,-0.004,-0.437,0.914,0.914,0.239,0.39,0.78,0.553,0.946,0.685,0.774,0.77,0.63,0.794,0.486,0.909,0.39,0.875,0.922,0.969,0.505,0.83,0.939,0.85,-0.328,0.232,0.64,0.103,0.968,-0.408,0.806,0.676,0.805,-0.146,0.373,0.609,0.824,0.464,0.567,0.76,0.665,0.517,0.929,0.314,-0.272,0.937,-0.129,0.957,0.306,0.688,0.349,0.551,0.897,-0.81,0.88,0.92,-0.568,0.86,-0.684,0.679,0.944,0.811,0.94,0.754,0.726,0.664,0.821,-0.061,0.915,-0.868,0.824,0.71,0.416,-0.618,0.838,0.228,0.742,-0.349,0.902,0.959,0.827,0.878,-0.654,-0.381,0.951,0.756,0.667,0.897,0.859,0.792,0.716,0.284,0.803,0.921,0.764,0.934,0.797,0.411,0.591,0.435,0.868,0.931,0.595,-0.041,0.949,0.882,0.447,0.952,0.688,0.771,0.954,-0.373,0.67,-0.765,0.572,0.878,-0.456,-0.477,-0.345,0.725,0.767,0.407,0.658,0.879,0.863,0.852,0.775,0.686,0.499,0.928,0.698,0.883,0.618,0.898,0.843,0.907,0.977,0.887,0.552,-0.278,0.757,0.839,0.849,0.891,0.797,0.932,0.882,0.631,0.855,0.572,0.871,0.749,0.358,0.701,0.315,0.071,-0.319,0.726,0.778,0.913,0.771,0.921,0.733,-0.21,-0.226,0.64,-0.611,0.53,0.699,0.774,0.291,0.775,0.809,0.958
BOKF,0.663,0.629,0.832,0.706,0.744,0.738,0.806,0.594,0.819,0.589,0.415,-0.123,0.875,0.68,0.722,0.892,0.647,0.092,0.453,0.844,0.187,0.737,0.589,0.733,0.0,0.774,0.312,-0.033,0.601,0.883,0.473,0.616,0.665,0.604,0.742,0.577,0.817,0.715,0.679,0.661,0.644,0.748,0.56,0.836,0.821,0.758,0.649,0.683,0.714,0.795,0.103,0.698,0.812,-0.427,0.744,-0.078,0.812,0.646,0.906,-0.269,0.742,0.772,0.777,0.871,0.886,0.71,0.358,0.595,0.801,0.178,0.098,0.812,0.085,0.781,0.549,0.57,0.556,0.855,0.813,-0.627,0.892,0.684,-0.387,0.734,-0.314,0.458,0.694,0.768,0.723,0.536,0.502,0.696,0.432,0.345,0.81,-0.583,0.868,0.788,0.436,-0.433,0.764,0.535,0.548,-0.112,0.82,0.765,0.811,0.832,-0.344,0.017,0.84,0.84,0.621,0.635,0.796,0.807,0.696,0.441,0.574,0.798,0.775,0.732,0.711,0.274,0.553,0.816,0.807,0.801,0.857,0.302,0.76,0.631,0.538,0.796,0.9,0.717,0.682,-0.073,0.692,-0.625,0.234,0.736,-0.137,-0.056,0.13,0.627,0.687,0.69,0.651,0.727,0.718,0.906,0.761,0.57,0.483,0.697,0.347,0.726,0.424,0.753,0.882,0.731,0.751,0.876,0.677,-0.331,0.821,0.865,0.672,0.847,0.896,0.754,0.73,0.915,0.715,0.695,0.75,0.75,0.719,0.482,0.407,0.082,0.032,0.745,0.852,0.832,0.851,0.782,0.706,-0.185,-0.161,0.624,-0.339,0.889,0.835,0.923,0.235,0.57,0.505,0.726
BRKR,0.853,0.701,0.7,0.887,0.499,0.888,0.868,0.877,0.887,0.427,0.504,0.162,0.698,0.862,0.92,0.904,0.894,-0.355,0.11,0.793,-0.127,0.578,0.342,0.822,0.774,0.0,0.231,-0.413,0.882,0.887,0.436,0.25,0.888,0.651,0.902,0.871,0.901,0.902,0.642,0.608,0.581,0.895,0.27,0.767,0.922,0.823,0.474,0.701,0.885,0.891,-0.297,0.279,0.546,0.057,0.865,-0.027,0.853,0.823,0.847,0.082,0.321,0.786,0.888,0.583,0.625,0.885,0.628,0.63,0.929,0.581,-0.125,0.907,-0.186,0.859,0.431,0.776,0.471,0.55,0.871,-0.65,0.885,0.86,-0.411,0.822,-0.399,0.831,0.796,0.821,0.876,0.798,0.816,0.757,0.516,0.073,0.834,-0.716,0.834,0.559,0.434,-0.364,0.914,0.472,0.673,-0.091,0.921,0.859,0.745,0.746,-0.632,-0.43,0.873,0.624,0.813,0.854,0.856,0.688,0.535,0.541,0.807,0.793,0.567,0.812,0.61,0.625,0.483,0.49,0.696,0.852,0.609,0.136,0.847,0.778,0.633,0.916,0.628,0.871,0.833,-0.458,0.845,-0.582,0.594,0.659,-0.619,-0.31,-0.271,0.89,0.562,0.594,0.895,0.675,0.792,0.752,0.669,0.686,0.195,0.861,0.77,0.916,0.571,0.736,0.875,0.936,0.869,0.929,0.445,-0.025,0.868,0.802,0.905,0.788,0.726,0.876,0.901,0.738,0.948,0.421,0.893,0.81,0.408,0.858,0.254,0.263,-0.352,0.689,0.872,0.893,0.707,0.81,0.612,0.054,-0.107,0.82,-0.393,0.698,0.672,0.721,0.378,0.659,0.821,0.854
CACC,-0.132,-0.046,0.297,-0.086,0.393,0.096,0.345,0.02,-0.037,-0.229,-0.542,0.177,0.236,-0.037,0.055,0.332,0.017,0.394,0.544,-0.044,0.808,-0.055,-0.079,-0.004,0.312,0.231,0.0,0.373,0.006,0.172,0.907,0.533,0.386,0.753,0.088,0.28,0.471,0.397,0.59,-0.317,0.705,0.279,0.431,0.284,0.212,0.049,0.33,-0.363,-0.058,0.029,0.477,0.465,0.059,-0.263,-0.006,0.547,0.01,0.282,0.142,0.451,0.322,0.641,0.414,0.425,0.427,0.427,0.268,0.507,0.069,0.443,0.657,0.083,0.61,-0.006,0.875,0.172,0.277,0.076,-0.052,0.434,0.167,-0.055,0.561,-0.155,0.656,0.295,-0.14,0.49,-0.0,-0.285,0.31,0.632,-0.281,0.635,-0.118,0.322,0.055,0.195,0.655,0.354,0.424,0.685,-0.284,0.75,0.21,-0.077,-0.135,-0.046,-0.153,0.457,-0.001,0.017,0.549,0.098,0.074,-0.166,0.251,0.315,-0.078,0.082,-0.146,-0.22,-0.216,0.533,0.498,0.469,-0.171,-0.099,0.236,0.836,-0.046,-0.243,0.624,0.082,0.087,0.382,-0.159,0.155,0.392,0.106,0.109,-0.178,-0.066,0.491,0.571,0.242,-0.029,0.734,0.408,-0.111,-0.258,0.088,0.45,0.559,0.076,0.161,-0.049,0.127,-0.077,-0.21,0.249,0.176,0.068,0.157,0.509,0.544,0.553,-0.037,-0.015,-0.066,-0.011,0.138,-0.058,0.522,0.236,0.415,-0.023,0.355,0.673,0.22,0.032,0.705,0.374,-0.004,0.356,-0.05,0.004,-0.041,0.101,0.734,0.584,0.543,0.421,0.582,0.501,0.318,0.352,-0.217,0.024,0.124
CAR,-0.641,-0.29,-0.044,-0.56,0.382,-0.49,-0.29,-0.63,-0.451,-0.061,-0.519,-0.045,-0.017,-0.464,-0.55,-0.107,-0.595,0.807,0.669,-0.303,0.754,-0.071,0.166,-0.437,-0.033,-0.413,0.373,0.0,-0.568,-0.259,0.261,0.516,-0.438,-0.046,-0.482,-0.575,-0.208,-0.324,0.092,-0.292,0.284,-0.422,0.44,-0.066,-0.394,-0.391,0.212,-0.395,-0.526,-0.462,0.875,0.574,0.099,-0.591,-0.518,0.197,-0.32,-0.245,-0.256,0.015,0.482,-0.002,-0.212,0.287,0.282,-0.305,-0.303,0.036,-0.462,-0.409,0.503,-0.421,0.768,-0.486,0.253,-0.442,0.357,0.167,-0.476,0.508,-0.314,-0.526,0.439,-0.548,0.606,-0.587,-0.485,-0.195,-0.443,-0.572,-0.57,-0.091,-0.535,0.71,-0.451,0.675,-0.168,-0.081,0.246,0.49,-0.357,0.344,-0.495,0.402,-0.323,-0.499,-0.258,-0.243,0.596,0.797,-0.393,-0.012,-0.267,-0.579,-0.333,-0.183,0.06,-0.114,-0.632,-0.188,-0.052,-0.521,-0.245,-0.314,0.12,0.292,-0.246,-0.402,0.171,0.582,-0.455,-0.616,0.078,-0.495,0.018,-0.133,-0.516,0.654,-0.28,0.402,-0.415,-0.293,0.728,0.646,0.847,-0.42,-0.109,0.313,-0.32,-0.23,-0.505,-0.133,-0.017,-0.091,0.286,-0.542,-0.697,-0.447,-0.321,-0.446,-0.228,-0.481,-0.469,-0.335,0.277,0.109,-0.163,-0.186,-0.581,-0.306,-0.157,-0.45,-0.554,0.149,-0.458,0.246,-0.33,-0.092,0.51,-0.567,0.379,0.111,0.81,-0.189,-0.124,-0.396,-0.03,-0.373,-0.129,0.137,0.107,-0.29,0.563,0.194,0.16,0.072,-0.036,-0.314,-0.665,-0.378
CDNA,0.94,0.667,0.545,0.957,0.386,0.94,0.826,0.959,0.879,0.465,0.667,0.36,0.603,0.933,0.967,0.757,0.976,-0.544,-0.054,0.783,-0.375,0.502,0.321,0.914,0.601,0.882,0.006,-0.568,0.0,0.856,0.242,0.157,0.877,0.553,0.951,0.811,0.8,0.84,0.595,0.644,0.466,0.918,0.146,0.752,0.914,0.888,0.354,0.748,0.959,0.832,-0.483,0.047,0.414,0.332,0.922,-0.254,0.765,0.771,0.709,0.116,0.143,0.603,0.832,0.314,0.437,0.809,0.759,0.556,0.925,0.539,-0.376,0.899,-0.267,0.874,0.249,0.773,0.327,0.359,0.845,-0.708,0.809,0.933,-0.487,0.831,-0.609,0.842,0.913,0.804,0.951,0.817,0.872,0.661,0.721,-0.129,0.839,-0.846,0.726,0.49,0.442,-0.439,0.862,0.294,0.742,-0.251,0.877,0.897,0.684,0.714,-0.782,-0.61,0.874,0.537,0.724,0.897,0.853,0.63,0.539,0.333,0.869,0.832,0.544,0.866,0.605,0.618,0.497,0.223,0.712,0.862,0.42,-0.097,0.899,0.866,0.485,0.932,0.477,0.815,0.931,-0.584,0.754,-0.626,0.71,0.711,-0.714,-0.537,-0.524,0.861,0.547,0.404,0.798,0.749,0.81,0.685,0.67,0.716,0.225,0.929,0.886,0.921,0.668,0.798,0.779,0.937,0.946,0.846,0.356,-0.069,0.743,0.733,0.908,0.751,0.644,0.915,0.902,0.529,0.917,0.319,0.865,0.784,0.208,0.867,0.178,0.231,-0.507,0.601,0.789,0.868,0.62,0.831,0.58,0.0,-0.189,0.695,-0.593,0.45,0.571,0.609,0.404,0.777,0.911,0.913
CG,0.88,0.717,0.808,0.916,0.689,0.914,0.886,0.823,0.944,0.634,0.619,0.098,0.881,0.892,0.919,0.925,0.867,-0.179,0.291,0.94,-0.062,0.762,0.603,0.914,0.883,0.887,0.172,-0.259,0.856,0.0,0.402,0.523,0.803,0.643,0.928,0.709,0.881,0.836,0.707,0.74,0.65,0.913,0.47,0.92,0.959,0.932,0.586,0.811,0.917,0.897,-0.129,0.466,0.744,-0.144,0.911,-0.244,0.887,0.758,0.897,-0.176,0.563,0.77,0.884,0.696,0.77,0.806,0.599,0.616,0.951,0.297,-0.086,0.954,-0.044,0.929,0.469,0.749,0.544,0.726,0.926,-0.772,0.959,0.883,-0.511,0.85,-0.544,0.668,0.895,0.866,0.936,0.741,0.701,0.76,0.658,0.195,0.93,-0.784,0.91,0.779,0.496,-0.525,0.89,0.445,0.692,-0.228,0.93,0.933,0.867,0.908,-0.596,-0.241,0.967,0.834,0.732,0.833,0.918,0.846,0.765,0.39,0.769,0.932,0.801,0.887,0.791,0.433,0.655,0.651,0.89,0.932,0.762,0.154,0.939,0.818,0.577,0.951,0.818,0.842,0.895,-0.316,0.765,-0.742,0.473,0.852,-0.375,-0.298,-0.126,0.787,0.747,0.602,0.761,0.87,0.853,0.935,0.829,0.703,0.477,0.881,0.634,0.885,0.577,0.878,0.945,0.896,0.94,0.961,0.656,-0.296,0.866,0.914,0.856,0.925,0.895,0.916,0.896,0.826,0.874,0.663,0.896,0.878,0.571,0.676,0.381,0.137,-0.197,0.792,0.912,0.947,0.875,0.928,0.77,-0.164,-0.217,0.711,-0.501,0.751,0.818,0.907,0.336,0.754,0.748,0.926
CGBD,0.125,0.1,0.454,0.168,0.506,0.314,0.528,0.232,0.194,-0.036,-0.355,0.198,0.408,0.211,0.285,0.535,0.239,0.29,0.525,0.194,0.689,0.102,0.098,0.239,0.473,0.436,0.907,0.261,0.242,0.402,0.0,0.617,0.537,0.868,0.329,0.465,0.651,0.628,0.697,-0.095,0.801,0.493,0.495,0.499,0.429,0.296,0.447,-0.13,0.188,0.25,0.391,0.48,0.209,-0.235,0.226,0.403,0.223,0.409,0.329,0.412,0.385,0.743,0.608,0.526,0.538,0.61,0.441,0.608,0.299,0.497,0.592,0.312,0.559,0.227,0.916,0.361,0.388,0.22,0.161,0.202,0.383,0.183,0.399,0.045,0.44,0.436,0.097,0.655,0.259,-0.078,0.474,0.748,-0.032,0.631,0.112,0.094,0.269,0.358,0.714,0.225,0.611,0.725,-0.075,0.636,0.42,0.174,0.076,0.184,-0.329,0.329,0.244,0.209,0.714,0.307,0.284,0.033,0.438,0.387,0.122,0.315,0.061,0.017,0.003,0.605,0.663,0.576,0.057,0.13,0.361,0.768,0.194,-0.03,0.727,0.314,0.264,0.552,0.088,0.033,0.557,-0.084,0.247,0.066,-0.183,0.368,0.456,0.413,0.161,0.774,0.578,0.123,0.004,0.303,0.609,0.698,0.166,0.38,0.134,0.315,0.029,0.038,0.458,0.395,0.311,0.383,0.646,0.427,0.716,0.201,0.175,0.166,0.198,0.367,0.174,0.65,0.442,0.527,0.222,0.57,0.73,0.381,0.132,0.698,0.259,0.191,0.538,0.181,0.211,0.186,0.278,0.648,0.468,0.658,0.263,0.714,0.651,0.493,0.387,0.009,0.227,0.37
CHI,0.153,0.136,0.63,0.205,0.787,0.283,0.412,0.069,0.322,0.468,-0.007,-0.031,0.704,0.241,0.22,0.529,0.139,0.602,0.72,0.465,0.601,0.534,0.644,0.39,0.616,0.25,0.533,0.516,0.157,0.523,0.617,0.0,0.242,0.613,0.307,0.052,0.458,0.362,0.616,0.288,0.723,0.403,0.84,0.705,0.406,0.471,0.611,0.175,0.225,0.263,0.606,0.748,0.651,-0.574,0.295,-0.118,0.315,0.217,0.415,-0.169,0.772,0.562,0.482,0.659,0.721,0.354,0.243,0.413,0.312,-0.147,0.501,0.361,0.7,0.365,0.735,0.152,0.526,0.56,0.279,-0.139,0.475,0.209,0.01,0.125,0.068,0.016,0.264,0.539,0.321,-0.074,0.094,0.546,0.22,0.673,0.314,-0.052,0.475,0.675,0.587,-0.154,0.431,0.468,0.031,0.176,0.419,0.325,0.403,0.527,-0.065,0.599,0.411,0.643,0.407,0.23,0.335,0.436,0.756,0.07,0.011,0.542,0.577,0.218,0.452,0.056,0.771,0.795,0.455,0.333,0.651,0.653,0.365,0.081,0.491,0.328,0.631,0.415,0.234,0.36,0.27,-0.353,-0.027,0.481,0.339,0.344,0.64,0.13,0.577,0.618,0.193,0.492,0.182,0.612,0.71,0.534,0.714,0.309,-0.153,0.245,0.061,0.308,0.524,0.294,0.381,0.405,0.893,-0.145,0.566,0.45,0.095,0.462,0.496,0.346,0.154,0.699,0.235,0.864,0.286,0.521,0.848,0.011,0.502,0.205,0.499,0.443,0.475,0.316,0.565,0.388,0.587,0.021,0.091,0.359,0.067,0.655,0.81,0.749,0.122,0.192,0.04,0.457
