,ACET,ADAP,ADI,ADPT,ADTN,AGEN,ALGN,ALLK,AMD,AMWD,ARDX,ARQT,ASTE,AUPH,AVXL,AZTA,BAND,BECN,BFC,BGC,BHF,BHFAL,BKNG,BL,BOKF,BRKR,CACC,CAR,CDNA,CG,CGBD,CHI,CHTR,CHX,CLNE,CME,CNOB,CNXN,CPRX,CSGP,CSGS,CSIQ,CVCO,CVLT,CYRX,DDOG,DOOO,DSGX,DTIL,ECPG,EEFT,EFSC,ENTG,ESPR,ETSY,EXC,FAMI,FFIV,FITB,FIZZ,FMBH,FOX,FTNT,FULT,GABC,GEN,GH,GMAB,GNPX,GO,GOGL,GOOG,GPRO,GSHD,GSM,GWAV,HAIN,HBAN,HEPA,HURN,HWKN,IBIO,ICFI,IGMS,IMKTA,INCY,INO,IRDM,IRTC,IRWD,ITCI,JACK,JD,JJSF,KALA,KHC,KLAC,KRRO,KRYS,LANC,LBTYA,LIVN,LKCO,LNTH,LOGI,LPRO,LRCX,LSCC,LSTR,MAR,MARA,MCHP,MEOH,META,MGTX,MKSI,MMYT,MORN,MRUS,MTLS,MTSI,MVIS,MXL,NBIX,NFE,NMIH,NMRK,NNDM,NSIT,NTCT,NVAX,OCUL,ODP,OLED,ONB,OTEX,PACB,PATK,PAYX,PEP,PERI,PI,PLYA,PRDO,PRGS,PTGX,QCOM,QCRH,QDEL,QFIN,RGEN,RILY,RPAY,RPD,SABR,SEDG,SHEN,SIRI,SLNO,SNDL,SNEX,SONO,SPT,SSNC,STGW,STKL,STRL,STX,SWTX,SYNA,TFSL,TIGR,TNXP,TOWN,TRI,TRIP,TRMB,TRNS,TRS,TSCO,TSEM,TVTX,TXRH,VC,VCEL,VECO,VIAV,VICR,VIR,VRTX,VSTM,VTRS,WDFC,WSBC,WSC,WYNN,XENE,XNCR,XRAY,ZS
ACET,0.0,0.51,0.243,0.893,0.034,0.679,0.549,0.825,0.809,-0.124,0.414,0.449,-0.013,0.783,0.841,0.532,0.833,-0.639,-0.184,0.594,-0.247,-0.019,-0.15,0.667,0.35,0.794,0.163,-0.641,0.875,0.662,0.306,0.007,0.594,0.572,0.735,0.759,0.561,0.675,0.383,0.215,0.286,0.803,-0.19,0.403,0.758,0.682,0.043,0.524,0.83,0.576,-0.149,-0.158,-0.282,0.302,0.775,0.262,0.479,0.519,0.589,0.564,-0.167,0.468,0.528,0.092,0.162,0.58,0.434,0.333,0.791,0.837,-0.261,0.76,-0.168,0.921,0.345,0.61,0.121,-0.072,0.735,-0.425,0.611,0.81,-0.18,0.894,-0.177,0.885,0.873,0.606,0.8,0.715,0.793,0.506,0.152,0.081,0.856,-0.814,0.445,0.16,0.354,0.098,0.68,0.235,0.33,-0.133,0.64,0.929,0.353,0.621,-0.81,-0.642,0.748,-0.062,0.713,0.796,0.47,0.239,0.177,0.389,0.751,0.466,-0.148,0.75,0.092,0.59,0.293,-0.059,0.417,0.869,-0.025,0.076,0.781,0.896,0.452,0.881,-0.028,0.553,0.882,-0.504,0.555,-0.11,0.701,0.588,-0.859,-0.058,-0.585,0.69,0.017,0.309,0.724,0.29,0.726,0.372,0.392,0.393,0.03,0.878,0.522,0.744,0.424,0.673,0.453,0.818,0.702,0.535,0.14,0.61,0.585,0.455,0.819,0.656,0.282,0.813,0.816,0.314,0.579,0.025,0.637,0.581,0.115,0.854,-0.141,0.467,-0.462,0.031,0.453,0.801,0.236,0.603,0.377,0.532,0.246,0.654,-0.02,0.297,0.319,0.234,0.428,0.542,0.856,0.637
ADAP,0.51,0.0,0.461,0.628,0.36,0.65,0.644,0.633,0.588,-0.235,0.342,0.313,-0.06,0.669,0.678,0.751,0.607,-0.403,0.235,0.665,0.167,0.192,0.019,0.5,0.643,0.652,0.193,0.061,0.578,0.713,0.29,0.322,0.567,0.419,0.628,0.617,0.605,0.591,0.592,0.141,0.567,0.579,-0.058,0.502,0.657,0.464,0.417,0.648,0.664,0.327,0.369,0.433,0.121,-0.218,0.615,0.714,0.632,0.695,0.695,0.403,0.363,0.633,0.618,0.592,0.57,0.63,0.534,0.587,0.662,0.566,-0.136,0.741,0.089,0.497,0.48,0.582,0.386,0.544,0.712,-0.162,0.683,0.575,-0.028,0.717,0.32,0.65,0.64,0.629,0.557,0.608,0.592,0.515,-0.334,0.356,0.696,-0.369,0.591,0.404,0.605,0.386,0.617,0.554,0.297,-0.21,0.649,0.553,0.451,0.548,-0.475,-0.122,0.707,0.254,0.489,0.293,0.676,0.628,0.262,0.743,0.719,0.645,0.168,0.307,-0.015,0.625,0.167,0.409,0.587,0.658,0.344,0.421,0.397,0.688,0.558,0.632,0.342,0.678,0.635,-0.452,0.673,0.15,0.619,0.215,-0.383,0.291,-0.024,0.657,-0.19,0.597,0.738,0.095,0.411,0.642,0.514,0.46,0.24,0.522,0.486,0.578,0.51,0.538,0.438,0.589,0.544,0.651,0.233,0.233,0.613,0.568,0.792,0.476,0.715,0.604,0.738,0.604,0.603,0.3,0.713,0.672,0.463,0.552,0.212,0.639,0.093,-0.198,0.667,0.735,0.663,0.46,0.482,0.498,0.394,0.622,0.451,0.614,0.487,0.574,0.738,0.68,0.463,0.583
ADI,0.243,0.461,0.0,0.216,0.417,0.242,0.22,0.172,0.579,0.33,-0.191,0.321,0.635,0.237,0.3,0.666,0.243,0.289,0.476,0.397,0.684,0.36,0.148,0.3,0.488,0.564,0.663,0.304,0.281,0.48,0.594,0.291,0.182,0.568,0.283,0.317,0.374,0.364,0.368,0.191,0.336,0.429,0.618,0.446,0.441,0.246,0.732,0.109,0.217,0.362,0.177,0.425,0.728,-0.036,0.319,0.389,0.19,0.27,0.567,0.225,0.376,0.4,0.317,0.497,0.42,0.322,0.09,0.303,0.258,0.412,0.468,0.463,0.418,0.458,0.517,0.162,0.072,0.514,0.221,0.31,0.399,0.146,0.509,0.301,0.579,0.458,0.278,0.478,0.209,0.115,0.26,0.285,0.027,-0.021,0.276,0.139,0.821,0.386,0.395,0.066,0.361,0.208,0.084,0.328,0.374,0.371,0.726,0.83,-0.089,0.357,0.345,0.889,0.678,0.54,0.169,0.67,0.46,0.381,0.168,0.325,0.672,0.288,0.344,0.233,0.623,0.694,0.273,0.379,0.702,0.458,0.384,0.215,0.507,0.456,0.701,0.475,0.232,0.183,0.4,0.08,0.209,0.354,-0.106,-0.013,0.528,0.241,0.56,0.427,0.42,0.342,0.299,0.436,0.588,0.144,-0.021,0.441,0.101,0.358,-0.025,0.123,0.545,0.306,0.23,0.284,0.429,0.46,0.458,0.663,0.283,0.735,0.461,0.367,0.233,0.582,0.198,0.516,0.418,0.511,0.279,0.227,0.507,0.325,0.238,0.379,0.304,0.53,0.54,0.684,0.341,0.398,0.285,0.408,0.13,0.573,0.567,0.666,0.268,0.151,0.106,0.305
ADPT,0.893,0.628,0.216,0.0,0.252,0.89,0.815,0.968,0.747,-0.376,0.369,0.352,-0.223,0.905,0.979,0.701,0.962,-0.732,0.094,0.803,-0.129,0.106,0.001,0.774,0.608,0.803,0.14,-0.441,0.927,0.86,0.389,0.314,0.846,0.687,0.925,0.892,0.823,0.857,0.653,0.116,0.598,0.912,-0.343,0.647,0.913,0.823,-0.012,0.647,0.978,0.502,0.227,0.201,-0.314,-0.041,0.903,0.551,0.736,0.821,0.751,0.75,0.181,0.746,0.782,0.426,0.492,0.782,0.685,0.625,0.946,0.832,-0.382,0.921,-0.123,0.848,0.563,0.825,0.345,0.2,0.907,-0.24,0.842,0.941,-0.184,0.928,0.03,0.888,0.93,0.798,0.887,0.638,0.926,0.757,-0.22,0.405,0.908,-0.74,0.455,0.38,0.644,0.383,0.879,0.551,0.185,-0.433,0.839,0.933,0.202,0.551,-0.88,-0.546,0.935,-0.108,0.671,0.557,0.777,0.288,0.238,0.639,0.891,0.756,-0.207,0.504,-0.137,0.812,0.219,0.106,0.701,0.91,0.109,0.314,0.633,0.865,0.648,0.935,-0.029,0.777,0.962,-0.723,0.79,0.133,0.888,0.426,-0.845,0.266,-0.553,0.914,-0.288,0.636,0.899,0.099,0.503,0.661,0.592,0.666,0.302,0.886,0.77,0.912,0.655,0.881,0.439,0.962,0.856,0.798,0.272,0.521,0.798,0.455,0.926,0.532,0.564,0.924,0.947,0.582,0.807,0.161,0.769,0.803,0.457,0.969,-0.22,0.738,-0.276,-0.293,0.757,0.866,0.535,0.398,0.549,0.726,0.427,0.794,0.326,0.559,0.556,0.429,0.717,0.701,0.918,0.809
ADTN,0.034,0.36,0.417,0.252,0.0,0.46,0.518,0.326,0.198,-0.195,-0.23,0.02,0.027,0.296,0.342,0.599,0.218,0.048,0.698,0.413,0.504,0.147,0.365,0.407,0.603,0.269,0.233,0.432,0.226,0.538,0.416,0.66,0.442,0.496,0.402,0.37,0.557,0.471,0.627,-0.01,0.595,0.378,0.114,0.618,0.459,0.44,0.354,0.185,0.355,-0.019,0.564,0.71,0.409,-0.522,0.362,0.565,0.389,0.551,0.5,0.396,0.66,0.577,0.557,0.633,0.705,0.588,0.423,0.56,0.4,0.24,0.058,0.456,0.233,0.205,0.617,0.384,0.409,0.535,0.388,0.33,0.551,0.303,0.18,0.217,0.632,0.195,0.256,0.588,0.393,-0.12,0.38,0.566,-0.469,0.485,0.265,0.11,0.394,0.504,0.595,0.434,0.447,0.603,-0.06,-0.142,0.503,0.245,0.115,0.37,-0.241,0.348,0.452,0.366,0.342,-0.046,0.522,0.323,0.47,0.505,0.321,0.558,0.265,-0.208,-0.031,0.454,0.223,0.605,0.507,0.281,0.463,0.771,-0.008,0.024,0.503,0.376,0.221,0.586,0.202,-0.24,0.525,0.259,0.384,0.081,0.105,0.562,0.352,0.424,-0.074,0.67,0.472,-0.055,-0.171,0.557,0.589,0.535,0.46,0.238,0.277,0.392,0.402,0.343,0.169,0.373,0.413,0.509,0.763,0.066,0.541,0.315,0.257,0.193,0.48,0.368,0.309,0.633,0.488,0.446,0.456,0.591,0.662,0.294,0.065,0.552,0.707,-0.219,0.6,0.327,0.602,0.061,0.528,0.48,0.429,0.445,0.506,0.646,0.695,0.695,0.536,0.496,0.174,0.452
AGEN,0.679,0.65,0.242,0.89,0.46,0.0,0.948,0.96,0.506,-0.55,0.224,0.174,-0.372,0.842,0.942,0.777,0.854,-0.703,0.329,0.894,0.035,0.218,0.234,0.852,0.728,0.602,0.053,-0.186,0.823,0.904,0.361,0.67,0.929,0.735,0.967,0.942,0.924,0.916,0.895,0.114,0.864,0.886,-0.385,0.855,0.909,0.919,0.067,0.589,0.943,0.204,0.577,0.492,-0.254,-0.368,0.931,0.767,0.839,0.911,0.782,0.763,0.482,0.902,0.949,0.617,0.74,0.94,0.904,0.869,0.943,0.726,-0.346,0.929,0.029,0.735,0.778,0.873,0.611,0.323,0.955,-0.055,0.962,0.902,-0.072,0.801,0.237,0.754,0.848,0.928,0.817,0.369,0.968,0.925,-0.409,0.728,0.793,-0.57,0.327,0.663,0.859,0.666,0.942,0.817,0.087,-0.556,0.939,0.811,-0.006,0.475,-0.875,-0.202,0.972,-0.106,0.592,0.306,0.945,0.14,0.492,0.841,0.942,0.915,-0.2,0.129,-0.164,0.963,0.155,0.315,0.835,0.763,0.135,0.588,0.346,0.713,0.681,0.848,-0.064,0.88,0.84,-0.84,0.912,0.301,0.956,0.352,-0.57,0.603,-0.327,0.917,-0.383,0.83,0.913,0.011,0.219,0.814,0.77,0.902,0.648,0.804,0.816,0.879,0.826,0.929,0.306,0.936,0.952,0.933,0.56,0.29,0.901,0.31,0.885,0.297,0.736,0.922,0.914,0.716,0.96,0.451,0.761,0.86,0.767,0.893,-0.315,0.937,0.078,-0.539,0.925,0.697,0.648,0.137,0.722,0.855,0.712,0.906,0.611,0.702,0.754,0.647,0.918,0.738,0.823,0.944
ALGN,0.549,0.644,0.22,0.815,0.518,0.948,0.0,0.883,0.454,-0.574,0.122,0.085,-0.343,0.8,0.883,0.768,0.81,-0.588,0.439,0.874,0.155,0.203,0.214,0.748,0.836,0.574,0.137,-0.057,0.713,0.915,0.453,0.735,0.946,0.755,0.919,0.871,0.929,0.882,0.893,-0.014,0.867,0.858,-0.346,0.817,0.892,0.844,0.105,0.496,0.876,0.227,0.656,0.607,-0.192,-0.489,0.862,0.833,0.811,0.914,0.786,0.756,0.58,0.916,0.94,0.723,0.798,0.909,0.859,0.867,0.914,0.643,-0.273,0.892,0.027,0.611,0.839,0.845,0.562,0.464,0.912,0.09,0.944,0.834,-0.039,0.69,0.391,0.675,0.74,0.924,0.785,0.261,0.908,0.923,-0.551,0.727,0.753,-0.457,0.318,0.714,0.884,0.629,0.932,0.827,-0.023,-0.578,0.902,0.72,-0.055,0.406,-0.815,-0.101,0.943,-0.073,0.536,0.144,0.951,0.148,0.422,0.842,0.868,0.915,-0.172,0.036,-0.342,0.919,0.221,0.432,0.83,0.688,0.227,0.659,0.287,0.606,0.708,0.785,0.042,0.822,0.752,-0.814,0.904,0.332,0.888,0.262,-0.516,0.674,-0.24,0.89,-0.504,0.875,0.891,-0.134,0.113,0.88,0.771,0.865,0.619,0.741,0.797,0.806,0.778,0.865,0.361,0.879,0.868,0.93,0.571,0.229,0.912,0.324,0.82,0.26,0.778,0.862,0.862,0.784,0.902,0.463,0.695,0.859,0.816,0.819,-0.246,0.946,0.138,-0.605,0.945,0.655,0.686,0.058,0.742,0.829,0.716,0.855,0.68,0.778,0.778,0.671,0.924,0.698,0.739,0.861
ALLK,0.825,0.633,0.172,0.968,0.326,0.96,0.883,0.0,0.617,-0.521,0.317,0.252,-0.333,0.883,0.978,0.717,0.918,-0.78,0.157,0.845,-0.116,0.152,0.102,0.822,0.632,0.699,0.044,-0.383,0.889,0.868,0.335,0.468,0.897,0.698,0.953,0.94,0.869,0.902,0.763,0.106,0.721,0.904,-0.437,0.73,0.914,0.885,-0.039,0.624,0.985,0.346,0.373,0.294,-0.36,-0.183,0.928,0.64,0.808,0.867,0.737,0.768,0.288,0.815,0.86,0.477,0.588,0.868,0.807,0.739,0.967,0.801,-0.391,0.926,-0.101,0.81,0.647,0.874,0.484,0.189,0.956,-0.209,0.905,0.954,-0.163,0.896,0.071,0.839,0.911,0.853,0.872,0.539,0.972,0.85,-0.298,0.58,0.878,-0.702,0.337,0.504,0.73,0.526,0.912,0.678,0.16,-0.509,0.893,0.888,0.048,0.477,-0.925,-0.432,0.961,-0.186,0.634,0.447,0.867,0.165,0.35,0.724,0.951,0.814,-0.288,0.323,-0.156,0.904,0.146,0.159,0.758,0.843,0.063,0.437,0.494,0.82,0.644,0.901,-0.123,0.821,0.914,-0.831,0.846,0.188,0.935,0.367,-0.737,0.423,-0.498,0.937,-0.366,0.71,0.91,0.048,0.383,0.706,0.653,0.792,0.481,0.853,0.801,0.908,0.76,0.912,0.343,0.962,0.926,0.865,0.402,0.393,0.847,0.345,0.929,0.383,0.618,0.943,0.961,0.612,0.901,0.276,0.756,0.819,0.593,0.954,-0.354,0.831,-0.148,-0.432,0.834,0.771,0.549,0.249,0.623,0.791,0.574,0.861,0.455,0.589,0.619,0.509,0.816,0.732,0.919,0.885
AMD,0.809,0.588,0.579,0.747,0.198,0.506,0.454,0.617,0.0,0.118,0.261,0.497,0.377,0.677,0.723,0.62,0.746,-0.221,0.09,0.531,0.144,0.035,-0.201,0.445,0.514,0.934,0.577,-0.342,0.704,0.699,0.655,-0.013,0.517,0.657,0.584,0.573,0.546,0.563,0.329,0.028,0.222,0.763,0.213,0.346,0.754,0.455,0.312,0.373,0.675,0.753,-0.126,0.066,0.163,0.243,0.621,0.323,0.319,0.513,0.65,0.535,0.022,0.448,0.406,0.319,0.236,0.435,0.161,0.211,0.65,0.723,0.068,0.736,-0.092,0.79,0.415,0.466,-0.11,0.257,0.567,-0.073,0.564,0.606,0.035,0.775,0.147,0.86,0.723,0.574,0.687,0.67,0.59,0.407,-0.004,-0.133,0.768,-0.48,0.772,0.195,0.371,-0.125,0.617,0.11,0.176,0.023,0.518,0.807,0.652,0.775,-0.547,-0.407,0.653,0.393,0.807,0.789,0.364,0.626,0.071,0.367,0.514,0.449,0.219,0.776,0.053,0.387,0.592,0.237,0.384,0.804,0.425,0.221,0.866,0.726,0.659,0.851,0.41,0.525,0.736,-0.176,0.495,-0.113,0.503,0.436,-0.793,-0.172,-0.243,0.618,0.163,0.366,0.687,0.216,0.647,0.493,0.456,0.184,-0.23,0.808,0.453,0.686,0.164,0.486,0.702,0.682,0.448,0.437,0.134,0.682,0.6,0.685,0.684,0.908,0.337,0.686,0.676,0.504,0.369,0.057,0.575,0.644,0.095,0.696,0.21,0.374,-0.334,0.208,0.413,0.907,0.435,0.829,0.417,0.451,0.136,0.517,-0.008,0.455,0.418,0.347,0.356,0.481,0.645,0.434
AMWD,-0.124,-0.235,0.33,-0.376,-0.195,-0.55,-0.574,-0.521,0.118,0.0,-0.075,0.235,0.617,-0.311,-0.402,-0.187,-0.369,0.57,-0.111,-0.362,0.228,-0.076,-0.161,-0.278,-0.293,0.022,0.334,0.105,-0.219,-0.333,0.052,-0.497,-0.584,-0.2,-0.443,-0.413,-0.471,-0.443,-0.485,0.353,-0.526,-0.315,0.698,-0.305,-0.38,-0.399,0.467,-0.129,-0.437,0.114,-0.464,-0.301,0.527,0.558,-0.328,-0.411,-0.539,-0.576,-0.122,-0.425,-0.321,-0.514,-0.491,-0.299,-0.416,-0.447,-0.604,-0.542,-0.476,-0.134,0.412,-0.362,0.241,-0.061,-0.378,-0.588,-0.367,-0.008,-0.536,0.101,-0.466,-0.453,0.171,-0.261,0.012,-0.164,-0.252,-0.389,-0.338,-0.056,-0.465,-0.572,0.564,-0.683,-0.366,0.282,0.347,-0.497,-0.467,-0.463,-0.427,-0.532,0.037,0.602,-0.447,-0.132,0.588,0.317,0.559,0.119,-0.444,0.521,0.023,0.285,-0.642,0.318,-0.044,-0.389,-0.521,-0.432,0.608,0.372,0.561,-0.545,0.237,-0.003,-0.362,-0.123,0.181,-0.407,0.202,-0.165,-0.276,-0.232,0.511,-0.338,-0.262,0.759,-0.358,-0.084,-0.453,0.385,0.199,-0.623,0.307,-0.577,0.775,-0.481,-0.394,0.475,0.324,-0.386,-0.216,-0.577,-0.538,-0.185,-0.465,-0.332,-0.51,-0.46,0.082,-0.384,-0.511,-0.482,-0.229,0.268,-0.442,0.291,-0.382,0.376,-0.329,-0.401,-0.444,-0.254,-0.539,-0.227,-0.118,-0.338,-0.515,-0.339,0.57,-0.546,-0.103,0.779,-0.515,-0.055,-0.242,0.429,-0.316,-0.363,-0.497,-0.326,-0.549,-0.251,-0.266,-0.226,-0.572,-0.331,-0.409,-0.401
ARDX,0.414,0.342,-0.191,0.369,-0.23,0.224,0.122,0.317,0.261,-0.075,0.0,0.34,-0.424,0.409,0.299,-0.033,0.356,-0.565,-0.398,0.124,-0.56,-0.042,-0.214,0.261,-0.12,0.19,-0.269,-0.45,0.394,0.105,-0.271,-0.278,0.142,-0.212,0.237,0.169,0.023,-0.007,0.01,0.183,-0.014,0.092,-0.228,0.017,0.106,0.134,-0.102,0.517,0.35,0.078,-0.148,-0.336,-0.447,0.329,0.296,-0.006,0.136,0.193,0.048,0.061,-0.332,-0.005,0.108,-0.212,-0.186,0.081,0.208,-0.032,0.194,0.186,-0.575,0.212,-0.114,0.249,-0.23,0.15,0.147,-0.174,0.302,-0.496,0.087,0.34,-0.573,0.419,-0.503,0.311,0.413,0.003,0.187,0.603,0.189,-0.047,0.048,-0.013,0.254,-0.566,-0.015,-0.181,0.027,0.093,0.111,0.025,0.338,-0.31,0.141,0.287,0.149,0.049,-0.206,-0.558,0.218,-0.295,-0.117,0.144,0.231,0.132,-0.192,0.14,0.397,0.207,-0.172,0.401,0.041,0.168,-0.288,-0.463,0.128,0.357,-0.369,-0.346,0.291,0.588,0.008,0.194,-0.283,0.128,0.491,-0.258,0.088,0.002,0.316,0.229,-0.382,-0.159,-0.547,0.2,-0.217,-0.1,0.103,0.049,0.336,0.014,-0.074,0.096,-0.022,0.177,0.303,0.173,0.255,0.357,-0.09,0.236,0.172,0.134,-0.404,-0.038,-0.046,-0.008,0.425,0.058,0.037,0.12,0.32,-0.202,0.18,-0.299,0.303,-0.008,-0.151,0.269,0.054,0.096,-0.342,-0.179,0.082,0.262,-0.047,0.17,0.106,-0.023,-0.041,0.085,-0.048,-0.238,-0.184,-0.323,0.186,0.276,0.323,0.227
ARQT,0.449,0.313,0.321,0.352,0.02,0.174,0.085,0.252,0.497,0.235,0.34,0.0,0.285,0.527,0.348,0.285,0.402,-0.07,-0.039,0.123,0.165,-0.14,-0.215,0.352,0.033,0.5,0.337,-0.05,0.569,0.248,0.114,-0.234,0.055,0.196,0.241,0.142,0.094,0.173,0.179,0.203,-0.001,0.281,0.428,0.161,0.275,0.171,0.324,0.235,0.318,0.247,-0.229,-0.096,0.191,0.594,0.299,-0.141,0.088,0.152,0.162,0.079,-0.271,0.17,0.106,-0.058,-0.048,0.069,0.034,0.002,0.236,0.386,-0.015,0.259,0.437,0.447,0.025,0.054,0.005,-0.073,0.142,-0.086,0.157,0.311,0.112,0.478,-0.037,0.528,0.557,0.201,0.248,0.543,0.231,0.05,0.317,-0.267,0.268,-0.305,0.371,-0.103,0.23,-0.098,0.196,-0.04,0.343,0.279,0.168,0.344,0.364,0.529,-0.148,-0.225,0.242,0.254,0.359,0.523,0.047,0.404,0.259,-0.024,0.182,0.186,0.261,0.64,0.257,0.137,0.256,0.022,-0.021,0.568,0.082,-0.063,0.694,0.492,0.318,0.344,0.224,0.309,0.475,0.194,0.099,-0.291,0.126,0.48,-0.379,-0.3,-0.065,0.18,0.28,0.046,0.225,0.488,0.413,-0.027,0.299,0.071,-0.187,0.382,-0.004,0.23,0.128,0.154,0.181,0.331,0.205,0.038,-0.108,0.63,0.187,0.29,0.351,0.468,0.053,0.249,0.204,0.053,0.072,0.035,0.309,0.279,-0.179,0.345,0.358,0.113,-0.219,0.254,0.105,0.433,0.19,0.54,0.194,0.272,-0.027,0.228,-0.331,0.05,0.157,0.147,0.092,0.135,0.343,0.297
ASTE,-0.013,-0.06,0.635,-0.223,0.027,-0.372,-0.343,-0.333,0.377,0.617,-0.424,0.285,0.0,-0.193,-0.195,0.117,-0.179,0.714,0.19,-0.209,0.606,0.003,-0.201,-0.294,0.011,0.32,0.764,0.227,-0.14,-0.049,0.493,-0.271,-0.336,0.234,-0.293,-0.25,-0.19,-0.134,-0.247,-0.096,-0.328,-0.0,0.802,-0.201,-0.02,-0.324,0.51,-0.411,-0.288,0.388,-0.381,-0.02,0.759,0.381,-0.25,-0.224,-0.391,-0.314,0.008,-0.134,-0.095,-0.184,-0.342,-0.008,-0.164,-0.306,-0.587,-0.351,-0.228,0.041,0.784,-0.113,0.225,0.095,0.041,-0.342,-0.516,0.11,-0.362,0.336,-0.195,-0.318,0.581,-0.109,0.342,0.121,-0.144,-0.089,-0.141,-0.001,-0.259,-0.253,0.334,-0.635,-0.088,0.363,0.531,-0.129,-0.182,-0.573,-0.176,-0.453,-0.065,0.73,-0.253,-0.034,0.561,0.461,0.306,0.271,-0.234,0.752,0.459,0.456,-0.478,0.438,0.051,-0.308,-0.424,-0.327,0.575,0.382,0.279,-0.4,0.681,0.404,-0.351,0.009,0.567,0.076,0.419,-0.157,0.153,0.036,0.682,-0.141,-0.233,0.697,-0.222,-0.36,-0.431,0.118,-0.005,-0.513,0.548,-0.248,0.694,-0.164,-0.092,0.316,0.248,-0.144,0.076,-0.482,-0.619,0.073,-0.407,-0.134,-0.56,-0.476,0.474,-0.195,-0.358,-0.358,0.033,0.464,-0.032,0.425,-0.23,0.59,-0.162,-0.117,-0.264,0.097,-0.455,0.076,-0.171,0.024,-0.337,-0.198,0.504,-0.318,-0.072,0.754,-0.304,0.153,0.003,0.634,-0.09,-0.081,-0.249,-0.144,-0.408,0.068,0.055,0.182,-0.394,-0.303,-0.206,-0.337
AUPH,0.783,0.669,0.237,0.905,0.296,0.842,0.8,0.883,0.677,-0.311,0.409,0.527,-0.193,0.0,0.922,0.674,0.905,-0.613,0.207,0.748,0.006,0.016,-0.011,0.751,0.612,0.751,0.215,-0.247,0.902,0.836,0.397,0.322,0.786,0.661,0.877,0.792,0.77,0.781,0.717,0.075,0.598,0.838,-0.179,0.655,0.849,0.744,0.104,0.576,0.905,0.385,0.3,0.272,-0.201,0.041,0.859,0.543,0.664,0.787,0.665,0.69,0.202,0.752,0.77,0.435,0.499,0.722,0.656,0.593,0.88,0.693,-0.28,0.853,0.075,0.744,0.573,0.766,0.364,0.228,0.82,-0.094,0.804,0.879,-0.112,0.869,0.09,0.856,0.936,0.767,0.825,0.652,0.857,0.714,-0.247,0.361,0.78,-0.634,0.415,0.4,0.732,0.371,0.831,0.54,0.143,-0.401,0.769,0.831,0.151,0.553,-0.762,-0.394,0.883,-0.046,0.623,0.435,0.765,0.306,0.343,0.642,0.824,0.792,-0.089,0.461,-0.14,0.772,0.284,0.191,0.654,0.884,0.131,0.372,0.67,0.854,0.694,0.833,0.052,0.754,0.909,-0.601,0.753,0.096,0.815,0.5,-0.741,0.296,-0.425,0.817,-0.283,0.626,0.825,0.087,0.434,0.647,0.689,0.657,0.306,0.82,0.713,0.8,0.697,0.807,0.413,0.892,0.776,0.747,0.264,0.473,0.776,0.393,0.887,0.464,0.568,0.822,0.855,0.572,0.741,0.224,0.708,0.785,0.445,0.886,-0.074,0.747,-0.179,-0.33,0.77,0.803,0.579,0.337,0.675,0.744,0.478,0.77,0.303,0.546,0.577,0.438,0.75,0.701,0.869,0.808
AVXL,0.841,0.678,0.3,0.979,0.342,0.942,0.883,0.978,0.723,-0.402,0.299,0.348,-0.195,0.922,0.0,0.781,0.955,-0.681,0.218,0.869,0.016,0.152,0.058,0.812,0.7,0.802,0.21,-0.322,0.92,0.922,0.461,0.447,0.895,0.771,0.963,0.93,0.89,0.909,0.77,0.104,0.712,0.948,-0.281,0.746,0.956,0.863,0.091,0.614,0.985,0.435,0.362,0.34,-0.233,-0.128,0.944,0.658,0.784,0.872,0.804,0.777,0.312,0.84,0.854,0.54,0.605,0.851,0.751,0.721,0.972,0.833,-0.288,0.961,-0.021,0.844,0.69,0.848,0.431,0.286,0.937,-0.111,0.919,0.946,-0.087,0.914,0.173,0.905,0.937,0.883,0.88,0.58,0.963,0.839,-0.288,0.491,0.891,-0.66,0.471,0.514,0.767,0.464,0.94,0.645,0.135,-0.445,0.888,0.92,0.173,0.594,-0.887,-0.393,0.977,-0.042,0.721,0.516,0.846,0.294,0.369,0.734,0.918,0.837,-0.161,0.41,-0.131,0.882,0.282,0.261,0.761,0.899,0.189,0.454,0.601,0.844,0.725,0.945,0.048,0.846,0.941,-0.731,0.868,0.173,0.914,0.423,-0.779,0.366,-0.42,0.935,-0.287,0.733,0.938,0.097,0.436,0.754,0.72,0.753,0.389,0.905,0.799,0.926,0.711,0.896,0.452,0.98,0.891,0.865,0.395,0.502,0.884,0.459,0.949,0.519,0.662,0.953,0.957,0.682,0.861,0.304,0.789,0.869,0.575,0.968,-0.208,0.836,-0.169,-0.351,0.845,0.857,0.617,0.369,0.658,0.821,0.557,0.876,0.421,0.66,0.675,0.557,0.811,0.717,0.911,0.876
AZTA,0.532,0.751,0.666,0.701,0.599,0.777,0.768,0.717,0.62,-0.187,-0.033,0.285,0.117,0.674,0.781,0.0,0.672,-0.293,0.567,0.849,0.484,0.381,0.212,0.718,0.803,0.75,0.393,0.188,0.698,0.891,0.551,0.617,0.692,0.763,0.8,0.806,0.849,0.851,0.789,0.272,0.799,0.798,0.064,0.828,0.84,0.719,0.522,0.581,0.752,0.33,0.527,0.67,0.291,-0.32,0.77,0.763,0.771,0.772,0.914,0.596,0.595,0.848,0.806,0.78,0.813,0.823,0.655,0.808,0.792,0.761,0.008,0.862,0.319,0.681,0.773,0.661,0.539,0.653,0.768,0.142,0.869,0.687,0.213,0.697,0.606,0.715,0.686,0.882,0.665,0.336,0.764,0.765,-0.304,0.521,0.686,-0.251,0.744,0.566,0.789,0.569,0.814,0.741,0.14,-0.141,0.861,0.703,0.434,0.761,-0.568,0.06,0.838,0.417,0.749,0.432,0.733,0.565,0.594,0.781,0.714,0.758,0.247,0.227,0.097,0.79,0.356,0.676,0.741,0.753,0.554,0.623,0.382,0.538,0.689,0.787,0.437,0.91,0.663,-0.455,0.878,0.311,0.735,0.379,-0.382,0.408,0.151,0.774,-0.009,0.853,0.899,0.257,0.362,0.776,0.81,0.692,0.416,0.707,0.535,0.788,0.561,0.65,0.466,0.787,0.737,0.818,0.61,0.476,0.841,0.724,0.746,0.596,0.855,0.797,0.758,0.864,0.765,0.556,0.847,0.914,0.714,0.71,0.116,0.811,0.199,-0.095,0.837,0.803,0.803,0.459,0.545,0.805,0.543,0.837,0.531,0.866,0.857,0.891,0.76,0.603,0.56,0.77
BAND,0.833,0.607,0.243,0.962,0.218,0.854,0.81,0.918,0.746,-0.369,0.356,0.402,-0.179,0.905,0.955,0.672,0.0,-0.649,0.145,0.81,-0.036,0.119,0.052,0.707,0.642,0.81,0.223,-0.392,0.897,0.865,0.474,0.327,0.866,0.719,0.908,0.838,0.82,0.831,0.655,0.027,0.589,0.906,-0.264,0.621,0.905,0.787,0.015,0.552,0.938,0.574,0.261,0.249,-0.285,-0.039,0.857,0.559,0.676,0.819,0.738,0.788,0.223,0.768,0.782,0.47,0.493,0.737,0.644,0.601,0.917,0.769,-0.317,0.901,-0.083,0.792,0.604,0.785,0.248,0.254,0.861,-0.085,0.826,0.906,-0.087,0.863,0.09,0.886,0.885,0.793,0.853,0.617,0.889,0.757,-0.289,0.365,0.858,-0.651,0.451,0.425,0.685,0.32,0.885,0.498,0.083,-0.461,0.799,0.888,0.174,0.525,-0.832,-0.46,0.909,-0.067,0.653,0.509,0.767,0.297,0.207,0.636,0.829,0.776,-0.177,0.466,-0.263,0.77,0.327,0.161,0.694,0.864,0.213,0.346,0.65,0.828,0.729,0.9,0.048,0.747,0.935,-0.663,0.768,0.156,0.836,0.367,-0.846,0.288,-0.516,0.891,-0.32,0.645,0.876,0.028,0.416,0.698,0.622,0.621,0.259,0.88,0.806,0.885,0.618,0.849,0.546,0.939,0.791,0.776,0.237,0.557,0.818,0.417,0.906,0.528,0.584,0.881,0.895,0.612,0.743,0.25,0.701,0.799,0.447,0.939,-0.15,0.742,-0.29,-0.338,0.748,0.849,0.585,0.372,0.598,0.73,0.451,0.765,0.337,0.581,0.571,0.406,0.722,0.647,0.896,0.773
BECN,-0.639,-0.403,0.289,-0.732,0.048,-0.703,-0.588,-0.78,-0.221,0.57,-0.565,-0.07,0.714,-0.613,-0.681,-0.293,-0.649,0.0,0.285,-0.547,0.602,-0.078,-0.004,-0.646,-0.183,-0.292,0.459,0.582,-0.657,-0.445,0.218,-0.179,-0.589,-0.174,-0.686,-0.691,-0.493,-0.551,-0.406,-0.226,-0.45,-0.497,0.751,-0.408,-0.489,-0.639,0.339,-0.688,-0.738,-0.075,-0.189,0.091,0.759,0.089,-0.674,-0.355,-0.666,-0.57,-0.374,-0.401,0.043,-0.455,-0.576,-0.076,-0.232,-0.598,-0.725,-0.504,-0.664,-0.552,0.723,-0.576,0.218,-0.528,-0.174,-0.66,-0.527,0.124,-0.75,0.579,-0.546,-0.747,0.524,-0.672,0.361,-0.508,-0.656,-0.435,-0.551,-0.491,-0.692,-0.502,0.119,-0.544,-0.613,0.788,0.1,-0.19,-0.334,-0.547,-0.556,-0.521,-0.312,0.566,-0.621,-0.6,0.173,-0.055,0.741,0.63,-0.647,0.604,-0.142,-0.204,-0.65,0.138,-0.095,-0.477,-0.823,-0.491,0.599,-0.194,0.099,-0.705,0.375,0.291,-0.505,-0.543,0.447,0.03,-0.164,-0.706,-0.16,-0.521,0.524,-0.497,-0.729,0.86,-0.543,-0.177,-0.755,-0.216,0.549,-0.293,0.724,-0.642,0.499,-0.327,-0.538,0.002,-0.313,-0.319,-0.19,-0.615,-0.462,-0.484,-0.603,-0.578,-0.668,-0.739,0.105,-0.663,-0.706,-0.612,-0.02,-0.061,-0.393,-0.0,-0.724,0.02,-0.351,-0.617,-0.737,-0.117,-0.716,0.032,-0.568,-0.356,-0.322,-0.682,0.523,-0.548,0.295,0.486,-0.513,-0.404,-0.143,0.05,-0.241,-0.43,-0.364,-0.553,-0.283,-0.13,-0.137,-0.058,-0.561,-0.496,-0.705,-0.656
BFC,-0.184,0.235,0.476,0.094,0.698,0.329,0.439,0.157,0.09,-0.111,-0.398,-0.039,0.19,0.207,0.218,0.567,0.145,0.285,0.0,0.41,0.765,0.329,0.421,0.189,0.642,0.201,0.413,0.668,0.082,0.506,0.554,0.703,0.393,0.524,0.306,0.274,0.538,0.424,0.601,-0.083,0.62,0.309,0.251,0.593,0.385,0.281,0.366,-0.001,0.182,-0.04,0.692,0.866,0.524,-0.544,0.216,0.584,0.33,0.462,0.461,0.412,0.821,0.585,0.496,0.759,0.765,0.423,0.294,0.535,0.271,0.054,0.316,0.339,0.347,0.024,0.664,0.289,0.306,0.673,0.237,0.708,0.488,0.161,0.484,0.019,0.738,0.095,0.094,0.518,0.213,-0.262,0.248,0.536,-0.544,0.45,0.047,0.439,0.413,0.519,0.63,0.401,0.406,0.52,-0.324,-0.14,0.399,0.079,0.059,0.281,-0.03,0.585,0.33,0.476,0.302,-0.205,0.43,0.301,0.47,0.495,0.104,0.516,0.346,-0.367,-0.149,0.335,0.345,0.732,0.505,0.122,0.706,0.757,-0.087,-0.167,0.589,0.211,0.414,0.519,0.007,-0.074,0.501,0.433,0.239,-0.038,0.16,0.545,0.521,0.343,-0.039,0.703,0.413,-0.101,-0.276,0.592,0.653,0.442,0.401,0.146,0.295,0.346,0.315,0.216,0.298,0.26,0.229,0.453,0.63,0.096,0.544,0.316,0.113,0.112,0.559,0.241,0.147,0.753,0.355,0.545,0.27,0.606,0.686,0.183,0.153,0.49,0.613,-0.194,0.57,0.234,0.712,-0.072,0.477,0.502,0.387,0.386,0.548,0.716,0.726,0.697,0.484,0.289,0.048,0.321
BGC,0.594,0.665,0.397,0.803,0.413,0.894,0.874,0.845,0.531,-0.362,0.124,0.123,-0.209,0.748,0.869,0.849,0.81,-0.547,0.41,0.0,0.214,0.383,0.324,0.767,0.775,0.676,0.175,-0.054,0.741,0.906,0.48,0.658,0.868,0.749,0.914,0.902,0.914,0.906,0.82,0.208,0.862,0.849,-0.239,0.839,0.864,0.853,0.251,0.607,0.855,0.326,0.594,0.578,-0.1,-0.382,0.875,0.822,0.825,0.838,0.888,0.77,0.569,0.883,0.909,0.728,0.774,0.906,0.818,0.837,0.882,0.731,-0.205,0.905,0.1,0.687,0.783,0.754,0.555,0.53,0.873,0.124,0.924,0.813,0.061,0.717,0.397,0.731,0.733,0.895,0.74,0.351,0.878,0.869,-0.41,0.678,0.724,-0.377,0.5,0.615,0.815,0.641,0.912,0.77,0.011,-0.465,0.919,0.791,0.167,0.568,-0.714,-0.065,0.914,0.077,0.625,0.328,0.858,0.309,0.492,0.87,0.843,0.862,-0.033,0.118,-0.127,0.894,0.242,0.47,0.882,0.718,0.375,0.554,0.311,0.635,0.691,0.801,0.183,0.863,0.766,-0.711,0.941,0.486,0.884,0.334,-0.494,0.543,-0.172,0.834,-0.27,0.837,0.911,0.055,0.276,0.847,0.785,0.787,0.58,0.769,0.8,0.868,0.72,0.827,0.427,0.871,0.825,0.921,0.534,0.382,0.878,0.482,0.834,0.418,0.853,0.856,0.863,0.818,0.872,0.531,0.815,0.86,0.759,0.826,-0.156,0.885,0.039,-0.387,0.889,0.742,0.761,0.211,0.644,0.835,0.667,0.892,0.664,0.787,0.773,0.688,0.863,0.662,0.722,0.86
BHF,-0.247,0.167,0.684,-0.129,0.504,0.035,0.155,-0.116,0.144,0.228,-0.56,0.165,0.606,0.006,0.016,0.484,-0.036,0.602,0.765,0.214,0.0,0.215,0.212,0.006,0.505,0.244,0.717,0.725,-0.064,0.317,0.617,0.454,0.093,0.482,0.058,0.042,0.284,0.204,0.356,-0.063,0.337,0.188,0.658,0.362,0.22,0.024,0.665,-0.232,-0.069,0.071,0.419,0.694,0.783,-0.263,0.038,0.355,0.07,0.149,0.363,0.116,0.591,0.367,0.189,0.624,0.505,0.159,-0.021,0.272,0.04,0.063,0.664,0.159,0.525,0.01,0.546,-0.029,0.07,0.637,-0.043,0.747,0.25,-0.103,0.683,-0.099,0.863,0.098,-0.065,0.343,-0.019,-0.269,0.021,0.259,-0.236,0.06,-0.07,0.571,0.493,0.417,0.436,0.075,0.217,0.216,-0.273,0.269,0.147,-0.046,0.263,0.433,0.177,0.716,0.103,0.742,0.397,0.022,0.084,0.406,0.477,0.245,-0.141,0.232,0.566,-0.174,0.065,0.085,0.577,0.877,0.172,0.036,0.776,0.604,0.058,-0.251,0.453,0.095,0.744,0.298,-0.155,0.333,0.263,0.118,-0.064,0.027,0.229,0.202,0.791,0.056,0.293,0.448,0.206,0.113,-0.169,0.39,0.553,0.123,0.061,0.098,-0.047,0.091,-0.071,-0.114,0.362,0.042,-0.022,0.168,0.508,0.309,0.373,0.397,-0.055,0.309,0.405,0.076,-0.081,0.612,0.028,0.582,0.11,0.395,0.384,-0.047,0.422,0.262,0.463,0.163,0.28,0.158,0.518,0.21,0.317,0.355,0.273,0.228,0.257,0.608,0.598,0.668,0.194,-0.029,-0.161,0.09
BHFAL,-0.019,0.192,0.36,0.106,0.147,0.218,0.203,0.152,0.035,-0.076,-0.042,-0.14,0.003,0.016,0.152,0.381,0.119,-0.078,0.329,0.383,0.215,0.0,0.441,0.219,0.245,0.146,0.044,0.151,0.074,0.25,0.13,0.389,0.209,0.214,0.235,0.283,0.32,0.274,0.273,0.22,0.419,0.161,-0.049,0.397,0.181,0.261,0.151,0.229,0.138,0.041,0.399,0.394,0.131,-0.295,0.179,0.419,0.345,0.252,0.364,0.23,0.476,0.282,0.325,0.371,0.4,0.281,0.288,0.376,0.174,0.202,0.022,0.243,0.21,0.128,0.312,0.171,0.316,0.37,0.243,0.187,0.302,0.156,0.251,0.064,0.207,0.122,0.05,0.273,0.019,-0.071,0.18,0.262,-0.172,0.381,0.025,0.212,0.316,0.263,0.25,0.44,0.255,0.341,-0.109,-0.059,0.337,0.134,0.166,0.215,-0.037,0.254,0.211,0.236,0.164,0.027,0.259,0.2,0.231,0.382,0.198,0.224,0.131,-0.202,0.034,0.269,0.031,0.289,0.44,0.05,0.394,0.254,-0.168,0.032,0.114,0.111,0.16,0.343,0.084,-0.187,0.359,0.619,0.261,-0.056,0.079,0.219,0.2,0.181,0.057,0.42,0.244,0.124,-0.023,0.298,0.298,0.248,0.306,0.1,0.303,0.321,0.223,0.169,0.155,0.175,0.194,0.312,0.234,0.03,0.256,0.226,0.183,0.082,0.471,0.188,0.187,0.38,0.292,0.429,0.285,0.262,0.433,0.131,-0.045,0.289,0.112,0.005,0.285,0.171,0.384,0.02,0.138,0.352,0.297,0.325,0.361,0.304,0.351,0.364,0.282,0.073,0.075,0.251
BKNG,-0.15,0.019,0.148,0.001,0.365,0.234,0.214,0.102,-0.201,-0.161,-0.214,-0.215,-0.201,-0.011,0.058,0.212,0.052,-0.004,0.421,0.324,0.212,0.441,0.0,0.196,0.246,-0.109,-0.21,0.27,-0.033,0.193,0.035,0.551,0.259,0.176,0.182,0.25,0.276,0.245,0.387,0.273,0.424,0.076,-0.145,0.426,0.092,0.392,0.053,0.059,0.073,-0.105,0.516,0.446,0.084,-0.446,0.052,0.361,0.192,0.181,0.224,0.304,0.547,0.281,0.435,0.346,0.44,0.378,0.354,0.423,0.112,-0.047,-0.003,0.113,0.075,-0.009,0.34,0.142,0.226,0.249,0.161,0.29,0.269,0.073,0.317,-0.049,0.217,-0.103,-0.034,0.286,0.062,-0.342,0.175,0.36,-0.288,0.524,-0.109,0.336,0.058,0.334,0.319,0.432,0.205,0.357,-0.315,-0.276,0.259,0.026,-0.156,0.011,-0.026,0.484,0.158,0.06,-0.029,-0.232,0.275,-0.122,0.423,0.423,0.125,0.329,0.089,-0.492,-0.145,0.244,0.038,0.234,0.474,-0.128,0.319,0.444,-0.362,-0.177,0.142,0.006,-0.031,0.293,-0.035,-0.227,0.307,0.642,0.255,-0.036,0.327,0.491,0.153,0.116,0.016,0.367,0.174,-0.029,-0.235,0.293,0.265,0.308,0.613,-0.001,0.321,0.218,0.361,0.231,0.109,0.092,0.249,0.309,0.514,-0.092,0.252,-0.048,0.019,-0.183,0.283,0.102,0.059,0.35,0.344,0.65,0.12,0.187,0.521,0.077,-0.183,0.295,0.463,-0.236,0.309,-0.071,0.392,-0.314,0.242,0.294,0.381,0.27,0.477,0.304,0.347,0.316,0.339,0.255,-0.013,0.307
BL,0.667,0.5,0.3,0.774,0.407,0.852,0.748,0.822,0.445,-0.278,0.261,0.352,-0.294,0.751,0.812,0.718,0.707,-0.646,0.189,0.767,0.006,0.219,0.196,0.0,0.483,0.514,-0.011,-0.195,0.847,0.717,0.171,0.53,0.672,0.605,0.861,0.833,0.732,0.785,0.775,0.452,0.74,0.755,-0.184,0.844,0.736,0.904,0.228,0.655,0.828,0.054,0.404,0.311,-0.157,-0.106,0.894,0.516,0.744,0.684,0.697,0.529,0.29,0.718,0.809,0.388,0.552,0.846,0.838,0.767,0.783,0.792,-0.386,0.786,0.305,0.794,0.595,0.658,0.709,0.147,0.796,-0.135,0.797,0.811,-0.139,0.724,0.164,0.677,0.819,0.802,0.663,0.309,0.851,0.729,-0.022,0.611,0.611,-0.603,0.33,0.48,0.697,0.692,0.777,0.755,0.271,-0.288,0.858,0.777,0.126,0.612,-0.731,-0.204,0.83,-0.035,0.535,0.451,0.732,0.131,0.635,0.647,0.826,0.746,-0.075,0.248,0.203,0.874,0.029,0.226,0.687,0.757,-0.02,0.353,0.333,0.668,0.448,0.755,-0.091,0.843,0.811,-0.63,0.784,0.254,0.851,0.602,-0.432,0.394,-0.241,0.699,-0.069,0.651,0.731,0.369,0.322,0.556,0.721,0.847,0.625,0.749,0.566,0.748,0.738,0.814,0.059,0.857,0.913,0.762,0.526,0.372,0.694,0.343,0.754,0.331,0.608,0.833,0.748,0.494,0.858,0.416,0.815,0.703,0.618,0.8,-0.208,0.792,0.068,-0.27,0.737,0.596,0.455,0.244,0.552,0.799,0.602,0.848,0.378,0.494,0.67,0.605,0.703,0.55,0.712,0.943
BOKF,0.35,0.643,0.488,0.608,0.603,0.728,0.836,0.632,0.514,-0.293,-0.12,0.033,0.011,0.612,0.7,0.803,0.642,-0.183,0.642,0.775,0.505,0.245,0.246,0.483,0.0,0.626,0.452,0.217,0.475,0.88,0.694,0.725,0.814,0.79,0.722,0.701,0.868,0.756,0.777,-0.071,0.756,0.766,-0.015,0.714,0.807,0.623,0.344,0.319,0.662,0.381,0.674,0.778,0.199,-0.544,0.668,0.862,0.628,0.791,0.83,0.677,0.724,0.838,0.791,0.891,0.86,0.756,0.578,0.73,0.743,0.508,0.066,0.794,0.05,0.47,0.86,0.678,0.335,0.75,0.709,0.348,0.832,0.601,0.192,0.527,0.678,0.564,0.513,0.847,0.636,0.147,0.692,0.802,-0.634,0.524,0.634,-0.099,0.557,0.697,0.812,0.42,0.827,0.672,-0.148,-0.411,0.745,0.573,0.193,0.488,-0.55,0.156,0.791,0.311,0.591,0.133,0.78,0.391,0.356,0.803,0.609,0.814,0.166,0.007,-0.303,0.689,0.474,0.702,0.766,0.549,0.607,0.757,0.277,0.393,0.772,0.685,0.462,0.714,0.522,-0.493,0.821,0.347,0.678,0.188,-0.374,0.574,0.081,0.742,-0.283,0.865,0.813,-0.182,0.103,0.927,0.751,0.625,0.398,0.625,0.662,0.711,0.501,0.635,0.585,0.689,0.607,0.823,0.594,0.287,0.865,0.515,0.624,0.434,0.79,0.687,0.68,0.927,0.685,0.513,0.589,0.84,0.77,0.621,0.044,0.801,0.253,-0.375,0.848,0.667,0.793,0.201,0.688,0.698,0.575,0.713,0.669,0.934,0.827,0.746,0.798,0.593,0.485,0.62
BRKR,0.794,0.652,0.564,0.803,0.269,0.602,0.574,0.699,0.934,0.022,0.19,0.5,0.32,0.751,0.802,0.75,0.81,-0.292,0.201,0.676,0.244,0.146,-0.109,0.514,0.626,0.0,0.586,-0.24,0.756,0.799,0.676,0.111,0.61,0.729,0.689,0.68,0.668,0.698,0.445,0.066,0.377,0.823,0.133,0.471,0.825,0.539,0.34,0.459,0.752,0.74,0.037,0.216,0.132,0.156,0.696,0.462,0.494,0.615,0.754,0.619,0.143,0.592,0.534,0.463,0.387,0.553,0.294,0.372,0.755,0.788,0.075,0.807,0.009,0.792,0.519,0.551,0.039,0.378,0.656,-0.014,0.68,0.7,0.11,0.814,0.267,0.913,0.772,0.67,0.726,0.681,0.683,0.536,-0.109,0.023,0.805,-0.438,0.781,0.267,0.496,0.044,0.719,0.267,0.127,-0.036,0.635,0.83,0.572,0.777,-0.594,-0.358,0.745,0.341,0.845,0.718,0.487,0.629,0.186,0.485,0.607,0.54,0.15,0.692,-0.017,0.524,0.569,0.375,0.502,0.854,0.49,0.325,0.823,0.744,0.715,0.872,0.452,0.653,0.78,-0.284,0.644,0.01,0.585,0.415,-0.78,-0.058,-0.199,0.716,0.044,0.513,0.798,0.206,0.652,0.581,0.566,0.313,-0.099,0.828,0.535,0.767,0.31,0.542,0.702,0.768,0.533,0.574,0.2,0.721,0.709,0.74,0.774,0.855,0.503,0.754,0.764,0.639,0.488,0.163,0.682,0.757,0.236,0.776,0.151,0.511,-0.309,0.131,0.56,0.949,0.572,0.739,0.463,0.607,0.248,0.656,0.117,0.594,0.527,0.475,0.487,0.515,0.717,0.533
CACC,0.163,0.193,0.663,0.14,0.233,0.053,0.137,0.044,0.577,0.334,-0.269,0.337,0.764,0.215,0.21,0.393,0.223,0.459,0.413,0.175,0.717,0.044,-0.21,-0.011,0.452,0.586,0.0,0.245,0.153,0.394,0.823,0.074,0.152,0.605,0.139,0.096,0.268,0.194,0.161,-0.296,0.08,0.404,0.673,0.19,0.392,-0.01,0.522,-0.256,0.098,0.471,0.006,0.299,0.601,0.166,0.165,0.192,-0.069,0.151,0.343,0.207,0.194,0.264,0.068,0.38,0.191,0.055,-0.217,0.002,0.17,0.242,0.686,0.29,0.268,0.29,0.448,0.044,-0.284,0.385,0.031,0.517,0.24,0.059,0.496,0.15,0.568,0.447,0.176,0.318,0.178,0.111,0.124,0.166,-0.074,-0.33,0.199,0.2,0.596,0.27,0.284,-0.331,0.293,-0.1,-0.235,0.307,0.096,0.242,0.449,0.58,-0.035,0.229,0.195,0.672,0.657,0.416,0.007,0.475,0.154,0.091,-0.057,0.165,0.432,0.355,-0.014,0.0,0.838,0.643,0.034,0.279,0.672,0.377,0.587,0.114,0.545,0.365,0.768,0.193,0.114,0.357,0.181,-0.234,-0.027,0.183,-0.297,-0.19,0.399,0.159,0.301,0.254,0.265,0.088,0.159,0.361,0.465,-0.079,-0.378,0.412,0.057,0.215,-0.209,-0.046,0.633,0.196,-0.035,0.091,0.195,0.521,0.401,0.477,0.141,0.65,0.203,0.221,0.093,0.495,-0.079,0.236,0.074,0.378,0.045,0.157,0.408,0.144,-0.056,0.334,0.167,0.437,0.3,0.586,0.353,0.303,0.114,0.218,-0.084,0.431,0.434,0.399,0.071,-0.033,0.133,0.024
CAR,-0.641,0.061,0.304,-0.441,0.432,-0.186,-0.057,-0.383,-0.342,0.105,-0.45,-0.05,0.227,-0.247,-0.322,0.188,-0.392,0.582,0.668,-0.054,0.725,0.151,0.27,-0.195,0.217,-0.24,0.245,0.0,-0.346,-0.039,0.104,0.383,-0.187,-0.046,-0.218,-0.272,-0.008,-0.129,0.192,-0.008,0.23,-0.274,0.429,0.175,-0.189,-0.251,0.456,-0.163,-0.342,-0.38,0.485,0.66,0.672,-0.397,-0.27,0.186,-0.011,-0.021,0.019,-0.179,0.564,0.118,-0.012,0.445,0.412,-0.057,-0.043,0.184,-0.275,-0.356,0.353,-0.201,0.567,-0.471,0.172,-0.214,0.222,0.558,-0.288,0.599,-0.052,-0.359,0.439,-0.393,0.671,-0.381,-0.354,-0.006,-0.343,-0.428,-0.308,-0.023,-0.309,0.166,-0.401,0.681,0.153,0.172,0.245,0.227,-0.16,0.236,-0.205,0.144,-0.104,-0.469,0.031,-0.002,0.496,0.75,-0.202,0.509,-0.153,-0.479,-0.017,0.264,0.333,0.091,-0.331,0.067,0.543,-0.499,0.059,-0.095,0.048,0.591,0.025,-0.274,0.482,0.378,-0.389,-0.52,0.077,-0.358,0.462,0.078,-0.43,0.36,0.004,0.215,-0.252,-0.199,0.627,0.304,0.798,-0.198,0.081,0.265,-0.114,-0.013,-0.426,0.138,0.239,0.053,0.207,-0.397,-0.255,-0.248,-0.057,-0.266,-0.095,-0.303,-0.241,-0.03,0.285,-0.189,-0.012,0.14,-0.332,-0.174,0.285,-0.311,-0.353,0.302,-0.124,0.368,-0.063,0.089,0.323,-0.39,0.43,0.073,0.669,-0.01,0.119,-0.219,0.365,-0.213,0.016,0.021,0.07,-0.127,0.317,0.324,0.325,0.437,0.071,-0.098,-0.511,-0.128
CDNA,0.875,0.578,0.281,0.927,0.226,0.823,0.713,0.889,0.704,-0.219,0.394,0.569,-0.14,0.902,0.92,0.698,0.897,-0.657,0.082,0.741,-0.064,0.074,-0.033,0.847,0.475,0.756,0.153,-0.346,0.0,0.78,0.289,0.252,0.696,0.635,0.882,0.817,0.718,0.791,0.648,0.292,0.563,0.843,-0.154,0.672,0.829,0.806,0.144,0.656,0.914,0.366,0.156,0.152,-0.188,0.15,0.889,0.406,0.678,0.705,0.69,0.637,0.089,0.689,0.718,0.31,0.422,0.723,0.666,0.595,0.859,0.834,-0.357,0.834,0.16,0.863,0.491,0.687,0.425,0.109,0.805,-0.208,0.763,0.887,-0.121,0.895,0.031,0.871,0.961,0.755,0.804,0.631,0.873,0.657,-0.006,0.33,0.793,-0.744,0.466,0.294,0.638,0.41,0.794,0.523,0.3,-0.265,0.79,0.896,0.263,0.658,-0.784,-0.477,0.855,-0.027,0.665,0.623,0.666,0.3,0.412,0.54,0.82,0.702,-0.068,0.573,0.096,0.781,0.194,0.098,0.597,0.94,0.055,0.221,0.678,0.864,0.57,0.874,0.005,0.785,0.949,-0.563,0.723,0.071,0.811,0.604,-0.75,0.189,-0.44,0.791,-0.092,0.561,0.816,0.348,0.538,0.518,0.642,0.666,0.297,0.862,0.614,0.83,0.649,0.817,0.319,0.922,0.833,0.699,0.269,0.609,0.714,0.461,0.876,0.548,0.53,0.859,0.835,0.478,0.742,0.201,0.788,0.76,0.377,0.922,-0.083,0.689,-0.254,-0.154,0.681,0.812,0.472,0.456,0.499,0.737,0.395,0.78,0.177,0.467,0.56,0.452,0.628,0.61,0.86,0.84
CG,0.662,0.713,0.48,0.86,0.538,0.904,0.915,0.868,0.699,-0.333,0.105,0.248,-0.049,0.836,0.922,0.891,0.865,-0.445,0.506,0.906,0.317,0.25,0.193,0.717,0.88,0.799,0.394,-0.039,0.78,0.0,0.651,0.629,0.909,0.865,0.919,0.891,0.955,0.905,0.842,0.042,0.807,0.936,-0.111,0.826,0.963,0.816,0.284,0.511,0.891,0.446,0.538,0.602,0.027,-0.322,0.874,0.811,0.755,0.895,0.907,0.796,0.558,0.915,0.902,0.765,0.789,0.88,0.715,0.787,0.928,0.743,-0.086,0.959,0.07,0.741,0.853,0.805,0.419,0.565,0.887,0.152,0.956,0.831,0.1,0.776,0.459,0.817,0.8,0.956,0.831,0.403,0.9,0.89,-0.46,0.537,0.812,-0.391,0.614,0.639,0.861,0.481,0.958,0.705,-0.02,-0.4,0.896,0.829,0.251,0.646,-0.759,-0.098,0.955,0.199,0.754,0.396,0.863,0.403,0.451,0.835,0.82,0.893,0.044,0.25,-0.188,0.849,0.444,0.534,0.831,0.806,0.469,0.663,0.506,0.668,0.824,0.898,0.29,0.876,0.794,-0.63,0.923,0.308,0.863,0.365,-0.609,0.49,-0.153,0.901,-0.243,0.872,0.963,0.028,0.301,0.899,0.825,0.744,0.426,0.845,0.784,0.902,0.661,0.824,0.583,0.91,0.811,0.905,0.566,0.467,0.955,0.56,0.855,0.555,0.788,0.894,0.877,0.887,0.839,0.48,0.772,0.943,0.726,0.866,-0.051,0.884,0.062,-0.33,0.917,0.853,0.786,0.353,0.736,0.853,0.617,0.881,0.554,0.857,0.843,0.734,0.865,0.715,0.763,0.827
CGBD,0.306,0.29,0.594,0.389,0.416,0.361,0.453,0.335,0.655,0.052,-0.271,0.114,0.493,0.397,0.461,0.551,0.474,0.218,0.554,0.48,0.617,0.13,0.035,0.171,0.694,0.676,0.823,0.104,0.289,0.651,0.0,0.369,0.523,0.808,0.423,0.399,0.587,0.506,0.412,-0.34,0.359,0.647,0.362,0.395,0.646,0.307,0.37,-0.116,0.369,0.557,0.247,0.474,0.382,-0.148,0.393,0.484,0.173,0.445,0.566,0.578,0.433,0.518,0.394,0.602,0.45,0.367,0.069,0.259,0.467,0.364,0.495,0.553,0.024,0.411,0.701,0.342,-0.178,0.507,0.343,0.577,0.534,0.329,0.431,0.309,0.583,0.549,0.318,0.579,0.481,0.119,0.411,0.511,-0.365,0.009,0.423,0.108,0.602,0.511,0.502,-0.119,0.574,0.142,-0.343,-0.049,0.382,0.464,0.307,0.552,-0.309,0.187,0.484,0.5,0.732,0.346,0.336,0.387,0.179,0.402,0.213,0.454,0.258,0.212,-0.251,0.274,0.833,0.658,0.379,0.381,0.74,0.6,0.516,0.209,0.768,0.59,0.613,0.399,0.301,-0.046,0.467,0.061,0.284,0.13,-0.422,0.134,0.181,0.456,0.035,0.527,0.545,-0.143,0.12,0.648,0.605,0.188,-0.109,0.595,0.429,0.483,0.077,0.276,0.758,0.457,0.229,0.414,0.431,0.45,0.672,0.489,0.338,0.622,0.415,0.483,0.385,0.727,0.243,0.371,0.25,0.614,0.353,0.417,0.166,0.413,0.032,0.012,0.45,0.585,0.525,0.43,0.585,0.51,0.336,0.443,0.248,0.654,0.625,0.497,0.364,0.262,0.378,0.263
