,ACET,ADAP,ADI,ADPT,ADTN,AGEN,ALGN,ALLK,AMD,AMWD,ARDX,ARQT,ASTE,AUPH,AVXL,AZTA,BAND,BECN,BFC,BGC,BHF,BHFAL,BKNG,BL,BOKF,BRKR,CACC,CAR,CDNA,CG,CGBD,CHI,CHTR,CHX,CLNE,CME,CNOB,CNXN,CPRX,CSGP,CSGS,CSIQ,CVCO,CVLT,CYRX,DDOG,DOOO,DSGX,DTIL,ECPG,EEFT,EFSC,ENTG,ESPR,ETSY,EXC,FAMI,FFIV,FITB,FIZZ,FMBH,FOX,FTNT,FULT,GABC,GEN,GH,GMAB,GNPX,GO,GOGL,GOOG,GPRO,GSHD,GSM,GWAV,HAIN,HBAN,HEPA,HURN,HWKN,IBIO,ICFI,IGMS,IMKTA,INCY,INO,IRDM,IRTC,IRWD,ITCI,JACK,JD,JJSF,KALA,KHC,KLAC,KRRO,KRYS,LANC,LBTYA,LIVN,LKCO,LNTH,LOGI,LPRO,LRCX,LSCC,LSTR,MAR,MARA,MCHP,MEOH,META,MGTX,MKSI,MMYT,MORN,MRUS,MTLS,MTSI,MVIS,MXL,NBIX,NFE,NMIH,NMRK,NNDM,NSIT,NTCT,NVAX,OCUL,ODP,OLED,ONB,OTEX,PACB,PATK,PAYX,PEP,PERI,PI,PLYA,PRDO,PRGS,PTGX,QCOM,QCRH,QDEL,QFIN,RGEN,RILY,RPAY,RPD,SABR,SEDG,SHEN,SIRI,SLNO,SNDL,SNEX,SONO,SPT,SSNC,STGW,STKL,STRL,STX,SWTX,SYNA,TFSL,TIGR,TNXP,TOWN,TRI,TRIP,TRMB,TRNS,TRS,TSCO,TSEM,TVTX,TXRH,VC,VCEL,VECO,VIAV,VICR,VIR,VRTX,VSTM,VTRS,WDFC,WSBC,WSC,WYNN,XENE,XNCR,XRAY,ZS
ACET,0.0,0.291,0.291,0.276,0.4,-0.217,0.145,0.693,0.219,0.212,-0.065,-0.122,0.319,0.436,0.849,0.314,0.43,0.114,0.193,0.061,0.417,-0.056,0.466,0.429,0.396,-0.028,-0.014,0.211,0.392,0.308,-0.254,0.361,0.326,0.12,-0.013,0.062,0.318,0.18,0.271,0.543,-0.071,0.188,0.592,0.445,0.323,0.257,0.307,0.503,0.235,0.257,0.438,0.3,0.629,-0.075,-0.062,-0.107,0.346,0.369,0.432,0.218,0.3,-0.002,-0.094,0.367,0.442,-0.146,0.259,0.479,0.473,0.134,-0.127,0.462,0.247,0.433,-0.023,0.36,0.14,0.488,-0.147,-0.161,-0.34,0.768,0.494,0.223,0.065,0.082,0.777,-0.237,0.078,0.075,0.356,0.555,0.142,-0.507,0.209,-0.712,0.549,0.399,0.69,-0.407,0.505,-0.214,0.466,-0.287,0.3,0.29,0.293,0.324,0.248,0.477,0.489,0.676,-0.221,0.364,0.7,0.553,0.306,0.436,0.205,0.589,0.452,0.108,0.374,-0.092,-0.287,0.387,0.143,0.622,-0.243,0.478,0.412,0.519,0.452,0.034,0.408,0.463,0.171,0.14,0.137,-0.055,0.389,0.279,-0.104,-0.016,0.338,0.454,0.145,0.581,-0.446,0.284,-0.013,0.433,0.173,-0.028,0.358,-0.032,0.528,0.061,0.392,0.576,-0.003,0.243,0.381,0.248,0.503,0.165,0.559,0.082,0.654,0.449,-0.08,0.363,0.094,0.423,-0.006,0.513,0.304,0.233,0.316,0.265,0.572,0.147,0.073,-0.066,-0.152,0.419,0.399,0.46,0.441,0.125,0.624,0.344,0.028,0.313,0.531,0.261,0.353,0.169,0.137,0.215
ADAP,0.291,0.0,0.837,0.88,0.904,-0.628,0.906,0.765,0.713,-0.677,-0.855,0.031,0.968,0.912,0.46,0.748,0.876,-0.495,-0.119,0.74,0.917,-0.463,0.882,0.681,0.193,0.64,0.746,-0.664,0.9,0.743,-0.737,0.747,0.861,-0.8,-0.746,0.506,0.524,-0.765,-0.044,0.715,-0.858,-0.626,0.604,0.5,0.854,0.907,0.877,-0.423,0.793,0.862,0.816,0.537,0.746,-0.79,0.05,-0.88,0.837,0.58,0.766,0.497,0.106,0.393,0.455,0.738,-0.349,-0.152,0.834,-0.035,0.59,-0.777,-0.343,0.428,0.877,0.961,-0.28,0.743,0.909,0.759,-0.505,0.48,-0.844,0.269,0.268,0.289,-0.756,-0.864,0.06,-0.677,-0.128,-0.85,-0.283,0.781,0.845,0.151,-0.677,-0.146,0.895,0.964,0.246,0.352,0.887,0.105,0.887,-0.88,0.718,0.152,0.945,0.795,-0.08,0.793,0.445,0.523,-0.449,0.836,0.358,0.568,0.83,0.72,-0.078,0.709,0.645,-0.587,0.881,-0.652,-0.711,0.937,0.846,0.858,-0.766,0.129,0.674,0.086,0.266,-0.593,0.652,0.658,0.496,0.664,-0.693,0.796,0.681,0.858,-0.119,-0.754,0.309,0.079,0.83,0.683,-0.317,0.851,0.584,-0.286,0.935,-0.459,0.872,-0.756,0.678,-0.615,0.883,0.861,0.737,0.835,-0.08,-0.207,-0.214,0.278,0.598,0.886,-0.16,0.57,0.39,0.853,-0.493,0.285,-0.7,0.833,0.512,0.083,0.432,-0.669,-0.346,0.852,0.803,0.708,0.076,-0.121,0.852,0.83,0.947,-0.765,0.215,0.907,0.844,0.484,0.641,0.935,0.547,0.953,0.912,0.894
ADI,0.291,0.837,0.0,0.883,0.883,-0.408,0.9,0.69,0.87,-0.474,-0.614,0.274,0.88,0.703,0.499,0.867,0.669,-0.12,-0.056,0.827,0.841,-0.026,0.759,0.774,0.275,0.824,0.885,-0.389,0.888,0.914,-0.468,0.816,0.741,-0.8,-0.553,0.711,0.51,-0.562,0.238,0.73,-0.675,-0.46,0.71,0.705,0.878,0.908,0.897,-0.273,0.638,0.702,0.715,0.567,0.771,-0.659,0.353,-0.695,0.853,0.754,0.759,0.641,0.249,0.562,0.702,0.697,-0.216,0.049,0.843,0.185,0.703,-0.565,-0.159,0.703,0.935,0.846,-0.124,0.431,0.902,0.688,-0.224,0.693,-0.634,0.206,0.28,0.208,-0.565,-0.723,0.04,-0.425,0.187,-0.717,-0.084,0.735,0.89,0.336,-0.614,-0.079,0.895,0.808,0.367,0.394,0.815,0.401,0.8,-0.609,0.872,0.382,0.952,0.954,0.301,0.811,0.623,0.625,-0.302,0.957,0.366,0.802,0.914,0.835,0.233,0.772,0.829,-0.373,0.948,-0.394,-0.413,0.854,0.87,0.828,-0.448,0.283,0.762,0.19,0.511,-0.324,0.701,0.77,0.646,0.879,-0.407,0.756,0.804,0.933,0.199,-0.451,0.594,0.296,0.887,0.674,-0.111,0.843,0.798,-0.096,0.888,-0.184,0.803,-0.484,0.464,-0.513,0.777,0.778,0.802,0.952,0.245,0.149,-0.003,0.513,0.617,0.833,-0.133,0.824,0.514,0.893,-0.213,0.311,-0.426,0.7,0.78,0.476,0.552,-0.602,-0.155,0.816,0.866,0.673,0.343,0.182,0.901,0.615,0.802,-0.563,0.149,0.688,0.788,0.556,0.751,0.917,0.621,0.853,0.804,0.864
ADPT,0.276,0.88,0.883,0.0,0.899,-0.356,0.962,0.707,0.835,-0.502,-0.651,0.375,0.882,0.696,0.453,0.92,0.649,-0.297,-0.265,0.788,0.749,-0.166,0.665,0.86,0.081,0.826,0.86,-0.57,0.964,0.826,-0.564,0.845,0.777,-0.754,-0.433,0.499,0.298,-0.691,0.315,0.673,-0.653,-0.31,0.551,0.658,0.939,0.969,0.794,-0.272,0.84,0.73,0.619,0.305,0.711,-0.715,0.442,-0.719,0.886,0.743,0.6,0.735,-0.027,0.536,0.696,0.535,-0.265,0.001,0.972,0.14,0.789,-0.599,-0.11,0.708,0.935,0.88,-0.112,0.475,0.942,0.527,-0.196,0.697,-0.709,0.25,0.006,0.47,-0.72,-0.825,0.162,-0.347,0.278,-0.839,-0.236,0.613,0.917,0.322,-0.742,-0.086,0.81,0.819,0.298,0.497,0.766,0.395,0.754,-0.599,0.811,0.494,0.942,0.922,0.198,0.669,0.68,0.425,-0.2,0.917,0.486,0.748,0.883,0.803,0.261,0.816,0.837,-0.27,0.93,-0.385,-0.384,0.792,0.867,0.841,-0.556,0.133,0.809,0.359,0.299,-0.24,0.532,0.844,0.806,0.841,-0.497,0.682,0.893,0.944,0.258,-0.631,0.429,0.203,0.934,0.48,-0.173,0.923,0.789,-0.336,0.926,-0.043,0.733,-0.43,0.482,-0.459,0.849,0.78,0.659,0.913,0.258,-0.127,-0.083,0.619,0.612,0.834,-0.089,0.778,0.444,0.942,-0.309,0.102,-0.464,0.636,0.726,0.295,0.39,-0.656,-0.328,0.83,0.819,0.644,0.458,0.201,0.86,0.605,0.757,-0.756,0.236,0.664,0.875,0.386,0.549,0.908,0.709,0.917,0.882,0.87
ADTN,0.4,0.904,0.883,0.899,0.0,-0.429,0.893,0.817,0.803,-0.428,-0.639,0.244,0.91,0.786,0.609,0.842,0.784,-0.27,-0.063,0.758,0.86,-0.211,0.818,0.817,0.34,0.726,0.778,-0.499,0.921,0.841,-0.566,0.861,0.821,-0.675,-0.516,0.553,0.52,-0.562,0.257,0.759,-0.661,-0.405,0.715,0.667,0.904,0.918,0.866,-0.215,0.78,0.811,0.73,0.585,0.786,-0.665,0.267,-0.703,0.903,0.768,0.756,0.632,0.266,0.527,0.565,0.742,-0.143,-0.002,0.875,0.133,0.745,-0.575,-0.116,0.651,0.93,0.923,-0.103,0.557,0.901,0.749,-0.263,0.562,-0.688,0.375,0.274,0.432,-0.598,-0.71,0.213,-0.431,0.096,-0.729,-0.092,0.78,0.84,0.208,-0.598,-0.173,0.894,0.888,0.424,0.377,0.855,0.236,0.848,-0.719,0.818,0.398,0.939,0.891,0.177,0.798,0.654,0.601,-0.233,0.897,0.536,0.774,0.87,0.832,0.191,0.833,0.819,-0.333,0.928,-0.44,-0.512,0.89,0.879,0.913,-0.538,0.305,0.791,0.276,0.389,-0.371,0.693,0.827,0.657,0.786,-0.429,0.72,0.822,0.922,0.146,-0.558,0.524,0.293,0.883,0.722,-0.274,0.858,0.667,-0.08,0.895,-0.197,0.793,-0.523,0.569,-0.444,0.857,0.871,0.727,0.894,0.159,-0.034,0.018,0.472,0.731,0.855,0.048,0.743,0.515,0.897,-0.26,0.395,-0.469,0.772,0.713,0.311,0.577,-0.502,-0.167,0.872,0.788,0.616,0.277,0.147,0.935,0.726,0.86,-0.625,0.312,0.755,0.823,0.595,0.698,0.93,0.728,0.889,0.831,0.874
AGEN,-0.217,-0.628,-0.408,-0.356,-0.429,0.0,-0.371,-0.427,-0.352,0.574,0.749,0.344,-0.542,-0.67,-0.307,-0.177,-0.631,0.181,0.018,-0.4,-0.709,0.388,-0.702,-0.235,-0.181,-0.118,-0.176,0.155,-0.418,-0.382,0.491,-0.234,-0.742,0.491,0.775,-0.253,-0.615,0.539,0.441,-0.548,0.78,0.707,-0.445,0.042,-0.282,-0.388,-0.647,0.221,-0.221,-0.367,-0.779,-0.564,-0.58,0.425,0.422,0.666,-0.339,0.077,-0.711,0.117,-0.11,0.227,-0.026,-0.674,0.273,0.153,-0.251,-0.174,-0.142,0.545,0.604,-0.019,-0.341,-0.634,0.658,-0.704,-0.414,-0.682,0.693,-0.042,0.619,-0.27,-0.458,0.233,0.499,0.43,0.071,0.776,0.586,0.401,-0.031,-0.698,-0.325,0.137,0.089,0.338,-0.59,-0.646,-0.3,-0.048,-0.661,0.141,-0.512,0.699,-0.259,0.177,-0.468,-0.314,0.242,-0.71,-0.027,-0.483,0.527,-0.396,-0.063,-0.028,-0.511,-0.381,0.243,-0.383,-0.037,0.707,-0.424,0.404,0.812,-0.638,-0.316,-0.523,0.57,0.108,-0.293,0.096,-0.097,0.717,-0.536,-0.03,0.112,-0.132,0.592,-0.415,-0.194,-0.364,0.381,0.363,-0.067,-0.05,-0.212,-0.583,0.168,-0.25,-0.231,0.211,-0.387,0.76,-0.729,0.628,-0.745,0.57,-0.397,-0.491,-0.453,-0.39,0.202,0.008,0.154,0.159,-0.315,-0.395,0.146,-0.139,0.139,-0.334,0.594,-0.475,0.72,-0.703,-0.18,0.063,-0.105,0.394,0.167,-0.39,-0.524,-0.42,0.445,0.38,-0.34,-0.524,-0.681,0.35,-0.123,-0.685,-0.281,-0.472,-0.341,-0.423,0.072,-0.468,-0.402,-0.441
ALGN,0.145,0.906,0.9,0.962,0.893,-0.371,0.0,0.637,0.821,-0.594,-0.707,0.358,0.915,0.717,0.338,0.904,0.666,-0.38,-0.244,0.815,0.767,-0.188,0.677,0.78,0.045,0.866,0.911,-0.663,0.942,0.818,-0.595,0.835,0.755,-0.852,-0.54,0.61,0.317,-0.752,0.21,0.636,-0.711,-0.454,0.522,0.625,0.94,0.977,0.819,-0.418,0.812,0.783,0.616,0.358,0.646,-0.787,0.398,-0.763,0.871,0.735,0.601,0.702,0.001,0.582,0.731,0.557,-0.343,-0.014,0.945,-0.005,0.695,-0.687,-0.153,0.604,0.952,0.869,-0.082,0.479,0.977,0.534,-0.232,0.734,-0.698,0.102,0.026,0.406,-0.737,-0.89,-0.02,-0.383,0.227,-0.888,-0.333,0.585,0.953,0.43,-0.836,0.05,0.792,0.83,0.178,0.564,0.741,0.406,0.757,-0.641,0.801,0.379,0.965,0.9,0.182,0.652,0.558,0.357,-0.209,0.903,0.364,0.683,0.869,0.759,0.154,0.703,0.784,-0.382,0.916,-0.477,-0.417,0.813,0.895,0.777,-0.555,0.126,0.725,0.176,0.27,-0.333,0.528,0.788,0.748,0.851,-0.558,0.803,0.814,0.94,0.201,-0.676,0.401,0.1,0.967,0.481,-0.129,0.934,0.796,-0.376,0.973,-0.136,0.743,-0.547,0.432,-0.551,0.835,0.741,0.771,0.928,0.114,-0.181,-0.226,0.545,0.544,0.911,-0.262,0.704,0.537,0.93,-0.373,0.093,-0.509,0.62,0.675,0.245,0.443,-0.729,-0.441,0.888,0.854,0.726,0.438,0.047,0.873,0.622,0.774,-0.815,0.101,0.709,0.936,0.377,0.575,0.949,0.648,0.955,0.933,0.9
ALLK,0.693,0.765,0.69,0.707,0.817,-0.427,0.637,0.0,0.537,-0.203,-0.489,0.045,0.795,0.791,0.872,0.607,0.819,-0.164,0.023,0.448,0.796,-0.321,0.811,0.761,0.454,0.368,0.449,-0.262,0.785,0.695,-0.468,0.747,0.713,-0.364,-0.376,0.328,0.542,-0.284,0.232,0.759,-0.53,-0.253,0.749,0.625,0.741,0.721,0.77,0.015,0.712,0.661,0.71,0.552,0.76,-0.454,0.054,-0.556,0.779,0.616,0.731,0.421,0.374,0.296,0.269,0.734,0.057,-0.052,0.711,0.276,0.746,-0.401,-0.18,0.645,0.728,0.823,-0.094,0.551,0.639,0.771,-0.239,0.189,-0.622,0.712,0.454,0.452,-0.379,-0.437,0.51,-0.541,-0.015,-0.459,0.154,0.803,0.565,-0.231,-0.268,-0.584,0.874,0.826,0.673,-0.08,0.865,-0.069,0.857,-0.689,0.753,0.333,0.737,0.694,0.085,0.785,0.705,0.72,-0.298,0.728,0.702,0.698,0.698,0.716,0.248,0.817,0.686,-0.173,0.759,-0.396,-0.506,0.85,0.585,0.932,-0.566,0.47,0.752,0.436,0.352,-0.335,0.648,0.759,0.429,0.535,-0.248,0.396,0.686,0.724,-0.022,-0.377,0.529,0.528,0.623,0.809,-0.521,0.646,0.386,0.212,0.651,-0.192,0.679,-0.438,0.612,-0.34,0.799,0.905,0.452,0.693,0.317,0.149,0.338,0.249,0.853,0.59,0.366,0.622,0.215,0.706,-0.085,0.536,-0.318,0.802,0.512,0.156,0.401,-0.186,0.178,0.661,0.554,0.286,0.025,0.288,0.826,0.793,0.809,-0.343,0.644,0.687,0.509,0.569,0.756,0.732,0.651,0.674,0.585,0.757
AMD,0.219,0.713,0.87,0.835,0.803,-0.352,0.821,0.537,0.0,-0.465,-0.528,0.462,0.703,0.496,0.357,0.857,0.426,0.028,0.016,0.825,0.717,0.102,0.578,0.711,0.29,0.814,0.847,-0.23,0.816,0.902,-0.313,0.674,0.761,-0.694,-0.399,0.575,0.475,-0.573,0.344,0.637,-0.561,-0.307,0.555,0.526,0.751,0.823,0.769,-0.073,0.538,0.483,0.658,0.474,0.782,-0.479,0.445,-0.591,0.719,0.635,0.692,0.643,0.102,0.408,0.717,0.604,-0.197,0.091,0.801,0.363,0.674,-0.467,0.05,0.701,0.839,0.786,-0.247,0.383,0.837,0.579,-0.219,0.737,-0.52,0.161,0.145,0.237,-0.621,-0.631,0.045,-0.169,0.271,-0.62,-0.021,0.616,0.806,0.447,-0.511,-0.006,0.746,0.624,0.369,0.56,0.673,0.567,0.566,-0.403,0.787,0.526,0.837,0.912,0.362,0.703,0.578,0.561,-0.158,0.899,0.448,0.749,0.912,0.87,0.333,0.784,0.821,-0.296,0.888,-0.099,-0.327,0.677,0.815,0.722,-0.264,0.121,0.751,0.327,0.539,-0.127,0.708,0.72,0.654,0.859,-0.359,0.601,0.861,0.904,0.385,-0.358,0.492,0.235,0.822,0.517,0.221,0.728,0.874,-0.273,0.792,-0.047,0.739,-0.255,0.515,-0.404,0.6,0.556,0.704,0.879,0.343,0.143,-0.072,0.706,0.513,0.659,-0.05,0.816,0.466,0.798,-0.267,0.271,-0.423,0.611,0.872,0.561,0.484,-0.633,-0.196,0.686,0.883,0.684,0.462,0.209,0.747,0.368,0.614,-0.581,0.138,0.531,0.711,0.59,0.532,0.758,0.566,0.769,0.694,0.687
AMWD,0.212,-0.677,-0.474,-0.502,-0.428,0.574,-0.594,-0.203,-0.465,0.0,0.887,0.046,-0.584,-0.61,0.193,-0.331,-0.472,0.589,0.029,-0.527,-0.617,0.512,-0.546,-0.072,0.165,-0.45,-0.503,0.6,-0.489,-0.368,0.55,-0.13,-0.57,0.709,0.809,-0.241,-0.398,0.906,0.439,-0.174,0.833,0.755,-0.047,0.158,-0.339,-0.536,-0.532,0.567,-0.408,-0.499,-0.666,-0.257,-0.433,0.507,0.286,0.868,-0.283,0.012,-0.477,-0.024,0.308,0.075,-0.156,-0.413,0.754,0.422,-0.45,0.31,-0.051,0.903,0.253,0.075,-0.437,-0.61,0.556,-0.708,-0.577,-0.405,0.741,-0.269,0.666,0.174,0.021,0.067,0.889,0.727,0.378,0.545,0.414,0.675,0.535,-0.411,-0.546,-0.175,0.519,-0.243,-0.461,-0.56,0.165,-0.348,-0.465,-0.11,-0.464,0.658,-0.253,0.337,-0.569,-0.377,0.36,-0.463,0.18,-0.212,0.594,-0.402,0.121,-0.033,-0.498,-0.265,0.415,-0.227,-0.177,0.857,-0.521,0.54,0.739,-0.523,-0.523,-0.316,0.607,0.416,-0.222,0.29,-0.003,0.6,-0.413,-0.105,-0.095,-0.251,0.911,-0.585,-0.23,-0.486,0.39,0.768,0.248,0.403,-0.478,-0.247,-0.173,-0.501,-0.4,0.694,-0.646,0.652,-0.722,0.787,-0.558,0.722,-0.369,-0.271,-0.557,-0.435,0.406,0.427,0.678,0.017,0.042,-0.527,0.489,-0.045,-0.066,-0.39,0.708,0.004,0.898,-0.571,-0.122,0.293,-0.058,0.914,0.545,-0.462,-0.657,-0.83,0.177,0.525,-0.367,-0.523,-0.596,0.752,0.095,-0.733,-0.515,-0.129,-0.215,-0.555,0.05,-0.713,-0.694,-0.5
ARDX,-0.065,-0.855,-0.614,-0.651,-0.639,0.749,-0.707,-0.489,-0.528,0.887,0.0,0.159,-0.766,-0.822,-0.155,-0.458,-0.743,0.582,0.114,-0.623,-0.801,0.547,-0.781,-0.338,0.027,-0.447,-0.531,0.623,-0.674,-0.492,0.704,-0.392,-0.762,0.753,0.86,-0.287,-0.524,0.87,0.39,-0.461,0.937,0.739,-0.364,-0.068,-0.542,-0.691,-0.718,0.492,-0.564,-0.697,-0.806,-0.41,-0.607,0.646,0.273,0.944,-0.534,-0.176,-0.66,-0.168,0.143,-0.049,-0.192,-0.608,0.603,0.356,-0.585,0.16,-0.247,0.883,0.386,-0.081,-0.598,-0.807,0.567,-0.824,-0.709,-0.624,0.722,-0.288,0.806,-0.085,-0.156,-0.062,0.857,0.772,0.139,0.709,0.441,0.763,0.393,-0.668,-0.659,-0.06,0.522,0.022,-0.686,-0.809,-0.068,-0.281,-0.706,0.042,-0.71,0.855,-0.413,0.192,-0.73,-0.52,0.34,-0.676,-0.083,-0.412,0.621,-0.566,-0.055,-0.23,-0.652,-0.449,0.329,-0.439,-0.309,0.805,-0.661,0.627,0.853,-0.745,-0.632,-0.606,0.774,0.237,-0.412,0.169,-0.073,0.73,-0.52,-0.275,-0.217,-0.353,0.89,-0.674,-0.401,-0.622,0.361,0.785,0.056,0.192,-0.575,-0.504,0.108,-0.637,-0.412,0.504,-0.74,0.694,-0.85,0.834,-0.686,0.738,-0.624,-0.587,-0.599,-0.578,0.341,0.363,0.497,0.008,-0.236,-0.675,0.306,-0.236,-0.082,-0.592,0.709,-0.168,0.912,-0.768,-0.254,0.167,-0.139,0.787,0.449,-0.633,-0.712,-0.784,0.217,0.433,-0.564,-0.729,-0.81,0.745,-0.095,-0.868,-0.63,-0.282,-0.378,-0.724,-0.175,-0.825,-0.771,-0.688
ARQT,-0.122,0.031,0.274,0.375,0.244,0.344,0.358,0.045,0.462,0.046,0.159,0.0,0.096,-0.209,-0.026,0.482,-0.298,0.328,-0.121,0.284,-0.054,0.468,-0.21,0.415,-0.124,0.608,0.433,0.035,0.31,0.435,0.344,0.331,0.097,-0.142,0.358,0.233,-0.146,-0.107,0.729,0.051,0.16,0.261,-0.017,0.296,0.32,0.355,0.128,0.132,0.301,-0.116,-0.128,-0.137,0.101,0.055,0.726,0.096,0.235,0.409,-0.056,0.391,-0.142,0.256,0.685,-0.071,0.044,0.345,0.463,0.251,0.506,-0.004,0.499,0.621,0.354,0.094,0.262,-0.33,0.301,-0.196,0.444,0.588,0.214,0.003,-0.31,0.483,-0.181,-0.137,-0.009,0.521,0.673,-0.177,0.047,-0.194,0.274,0.48,-0.308,0.198,0.026,-0.107,0.196,0.452,-0.024,0.787,-0.112,0.348,0.388,0.649,0.235,0.441,0.64,-0.006,0.422,-0.127,0.505,0.348,0.423,0.396,0.332,0.382,0.677,0.261,0.51,0.36,0.339,0.414,0.416,-0.021,0.273,0.108,0.411,0.086,0.401,0.493,0.098,0.549,0.022,0.528,0.594,0.544,0.182,0.01,0.542,0.419,0.722,0.068,0.362,0.235,0.468,-0.186,0.402,0.239,0.667,-0.252,0.247,0.658,-0.001,0.369,-0.204,0.02,0.038,-0.048,0.245,0.413,0.605,0.202,0.11,0.786,0.201,0.139,-0.045,0.389,0.314,0.267,0.154,-0.059,0.254,-0.153,0.59,0.313,0.067,-0.244,-0.107,0.245,0.392,0.16,0.812,0.446,0.268,-0.277,-0.159,-0.247,0.126,-0.201,0.253,0.1,0.092,0.187,0.322,0.202,0.192,0.172
ASTE,0.319,0.968,0.88,0.882,0.91,-0.542,0.915,0.795,0.703,-0.584,-0.766,0.096,0.0,0.883,0.519,0.769,0.854,-0.427,-0.108,0.718,0.903,-0.386,0.856,0.725,0.242,0.688,0.789,-0.633,0.906,0.788,-0.674,0.811,0.802,-0.79,-0.681,0.581,0.503,-0.683,0.038,0.737,-0.797,-0.589,0.635,0.608,0.897,0.917,0.89,-0.438,0.802,0.853,0.764,0.555,0.71,-0.779,0.145,-0.813,0.856,0.668,0.761,0.531,0.199,0.483,0.527,0.741,-0.262,-0.07,0.855,-0.043,0.639,-0.72,-0.323,0.521,0.912,0.926,-0.138,0.632,0.908,0.75,-0.395,0.52,-0.776,0.287,0.298,0.31,-0.665,-0.841,0.083,-0.644,-0.025,-0.828,-0.242,0.757,0.846,0.168,-0.69,-0.17,0.911,0.94,0.277,0.317,0.877,0.164,0.898,-0.828,0.785,0.212,0.957,0.827,0.028,0.788,0.513,0.525,-0.4,0.869,0.391,0.627,0.829,0.75,0.001,0.704,0.688,-0.497,0.892,-0.644,-0.609,0.95,0.852,0.858,-0.712,0.258,0.709,0.114,0.299,-0.534,0.662,0.732,0.534,0.731,-0.589,0.789,0.693,0.871,-0.052,-0.684,0.417,0.168,0.867,0.708,-0.348,0.859,0.621,-0.184,0.934,-0.367,0.821,-0.719,0.58,-0.589,0.896,0.878,0.752,0.87,0.012,-0.103,-0.096,0.321,0.659,0.898,-0.145,0.615,0.465,0.866,-0.376,0.32,-0.581,0.787,0.548,0.13,0.484,-0.61,-0.294,0.87,0.802,0.656,0.152,-0.011,0.907,0.812,0.923,-0.717,0.243,0.864,0.846,0.509,0.723,0.951,0.607,0.932,0.9,0.915
AUPH,0.436,0.912,0.703,0.696,0.786,-0.67,0.717,0.791,0.496,-0.61,-0.822,-0.209,0.883,0.0,0.555,0.535,0.928,-0.515,-0.008,0.56,0.904,-0.581,0.933,0.515,0.234,0.386,0.512,-0.56,0.769,0.578,-0.746,0.608,0.765,-0.629,-0.784,0.409,0.578,-0.599,-0.206,0.686,-0.828,-0.632,0.64,0.404,0.681,0.736,0.799,-0.348,0.665,0.838,0.845,0.572,0.729,-0.685,-0.23,-0.836,0.712,0.449,0.759,0.293,0.188,0.216,0.162,0.743,-0.269,-0.299,0.636,-0.074,0.458,-0.719,-0.455,0.287,0.69,0.889,-0.322,0.823,0.711,0.806,-0.595,0.184,-0.841,0.395,0.43,0.156,-0.613,-0.678,0.177,-0.796,-0.33,-0.652,-0.204,0.834,0.66,-0.153,-0.452,-0.298,0.884,0.941,0.299,0.035,0.875,-0.177,0.908,-0.932,0.585,-0.068,0.809,0.613,-0.161,0.798,0.317,0.627,-0.602,0.673,0.332,0.47,0.663,0.551,-0.238,0.617,0.495,-0.635,0.752,-0.707,-0.817,0.901,0.659,0.823,-0.827,0.18,0.536,0.006,0.252,-0.657,0.641,0.506,0.263,0.435,-0.641,0.686,0.492,0.675,-0.404,-0.714,0.218,0.104,0.614,0.768,-0.471,0.714,0.319,-0.088,0.778,-0.621,0.849,-0.828,0.725,-0.587,0.779,0.861,0.615,0.655,-0.176,-0.177,-0.127,0.007,0.547,0.743,-0.062,0.406,0.184,0.706,-0.464,0.368,-0.681,0.88,0.315,-0.053,0.394,-0.487,-0.112,0.702,0.604,0.579,-0.218,-0.164,0.771,0.927,0.962,-0.56,0.321,0.951,0.632,0.431,0.705,0.817,0.401,0.817,0.805,0.774
AVXL,0.849,0.46,0.499,0.453,0.609,-0.307,0.338,0.872,0.357,0.193,-0.155,-0.026,0.519,0.555,0.0,0.425,0.615,0.157,0.084,0.252,0.57,-0.07,0.621,0.678,0.513,0.133,0.18,0.099,0.557,0.528,-0.26,0.639,0.501,-0.062,-0.106,0.221,0.438,0.113,0.34,0.749,-0.227,0.029,0.793,0.636,0.532,0.454,0.563,0.313,0.429,0.405,0.513,0.493,0.659,-0.224,0.074,-0.218,0.61,0.548,0.591,0.338,0.501,0.222,0.144,0.585,0.391,0.066,0.444,0.482,0.678,-0.005,-0.183,0.642,0.493,0.573,0.008,0.308,0.35,0.65,-0.026,0.028,-0.365,0.793,0.552,0.334,0.009,-0.074,0.678,-0.355,0.071,-0.114,0.442,0.709,0.3,-0.385,0.057,-0.752,0.711,0.59,0.797,-0.305,0.691,-0.161,0.649,-0.422,0.587,0.408,0.48,0.524,0.252,0.661,0.73,0.728,-0.141,0.552,0.714,0.674,0.497,0.592,0.367,0.73,0.568,0.103,0.543,-0.151,-0.281,0.618,0.327,0.806,-0.299,0.582,0.632,0.514,0.409,-0.107,0.523,0.623,0.319,0.379,0.116,0.123,0.554,0.491,0.059,-0.02,0.606,0.689,0.348,0.751,-0.559,0.39,0.198,0.523,0.334,-0.023,0.448,-0.112,0.462,-0.066,0.578,0.777,0.209,0.491,0.464,0.363,0.612,0.2,0.823,0.312,0.591,0.606,0.059,0.518,0.157,0.587,-0.006,0.616,0.479,0.35,0.374,0.21,0.491,0.418,0.274,-0.041,-0.009,0.48,0.641,0.58,0.582,0.036,0.662,0.406,0.214,0.521,0.689,0.469,0.562,0.334,0.248,0.505
AZTA,0.314,0.748,0.867,0.92,0.842,-0.177,0.904,0.607,0.857,-0.331,-0.458,0.482,0.769,0.535,0.425,0.0,0.495,-0.141,-0.213,0.805,0.641,0.071,0.544,0.839,0.121,0.871,0.861,-0.428,0.889,0.825,-0.449,0.851,0.653,-0.702,-0.28,0.59,0.244,-0.533,0.484,0.65,-0.468,-0.155,0.563,0.736,0.917,0.908,0.698,-0.124,0.719,0.648,0.492,0.289,0.682,-0.635,0.588,-0.539,0.847,0.843,0.52,0.811,0.049,0.637,0.774,0.449,-0.1,0.06,0.909,0.223,0.778,-0.411,0.034,0.757,0.906,0.77,0.028,0.31,0.892,0.444,-0.03,0.781,-0.547,0.176,0.009,0.465,-0.552,-0.703,0.154,-0.122,0.468,-0.722,-0.147,0.523,0.902,0.456,-0.708,0.016,0.728,0.68,0.287,0.541,0.65,0.497,0.634,-0.415,0.79,0.618,0.889,0.931,0.446,0.581,0.697,0.394,-0.081,0.913,0.496,0.838,0.842,0.818,0.361,0.769,0.892,-0.112,0.89,-0.24,-0.196,0.666,0.859,0.757,-0.342,0.238,0.776,0.366,0.454,-0.056,0.498,0.876,0.868,0.886,-0.306,0.658,0.902,0.915,0.416,-0.474,0.518,0.199,0.921,0.418,-0.052,0.895,0.814,-0.229,0.854,0.125,0.632,-0.24,0.343,-0.345,0.757,0.685,0.66,0.896,0.331,-0.03,-0.065,0.744,0.569,0.771,-0.035,0.855,0.575,0.929,-0.156,0.065,-0.276,0.517,0.827,0.473,0.49,-0.541,-0.241,0.775,0.762,0.612,0.598,0.286,0.822,0.446,0.632,-0.647,0.15,0.517,0.85,0.382,0.544,0.846,0.726,0.823,0.789,0.766
BAND,0.43,0.876,0.669,0.649,0.784,-0.631,0.666,0.819,0.426,-0.472,-0.743,-0.298,0.854,0.928,0.615,0.495,0.0,-0.505,-0.048,0.528,0.858,-0.54,0.935,0.554,0.305,0.323,0.467,-0.554,0.722,0.543,-0.709,0.648,0.708,-0.58,-0.725,0.392,0.582,-0.499,-0.198,0.681,-0.776,-0.59,0.668,0.459,0.692,0.7,0.791,-0.333,0.643,0.888,0.768,0.603,0.647,-0.67,-0.215,-0.772,0.764,0.458,0.747,0.312,0.296,0.321,0.142,0.757,-0.263,-0.225,0.592,-0.081,0.457,-0.632,-0.422,0.256,0.692,0.833,-0.236,0.738,0.689,0.817,-0.472,0.146,-0.78,0.413,0.425,0.189,-0.493,-0.623,0.182,-0.798,-0.345,-0.636,-0.133,0.846,0.636,-0.149,-0.433,-0.328,0.849,0.943,0.32,0.015,0.857,-0.289,0.941,-0.951,0.589,-0.062,0.766,0.577,-0.228,0.764,0.391,0.607,-0.531,0.634,0.28,0.471,0.628,0.53,-0.184,0.605,0.45,-0.532,0.683,-0.71,-0.748,0.902,0.637,0.831,-0.801,0.228,0.538,-0.047,0.193,-0.723,0.581,0.5,0.258,0.412,-0.559,0.678,0.457,0.638,-0.325,-0.607,0.28,0.19,0.578,0.799,-0.58,0.686,0.247,0.074,0.719,-0.584,0.758,-0.778,0.614,-0.542,0.834,0.9,0.566,0.629,-0.189,-0.142,-0.03,-0.075,0.603,0.75,0.024,0.404,0.263,0.687,-0.35,0.409,-0.599,0.836,0.276,-0.011,0.394,-0.359,-0.095,0.736,0.532,0.479,-0.238,-0.163,0.766,0.932,0.941,-0.481,0.305,0.867,0.636,0.451,0.65,0.804,0.468,0.761,0.704,0.816
BECN,0.114,-0.495,-0.12,-0.297,-0.27,0.181,-0.38,-0.164,0.028,0.589,0.582,0.328,-0.427,-0.515,0.157,-0.141,-0.505,0.0,0.2,-0.112,-0.266,0.72,-0.333,0.038,0.286,-0.091,-0.211,0.865,-0.308,0.114,0.682,-0.094,-0.148,0.341,0.479,0.037,0.072,0.585,0.489,0.06,0.453,0.37,0.18,0.069,-0.286,-0.307,-0.104,0.533,-0.432,-0.647,-0.219,0.125,-0.016,0.572,0.309,0.561,-0.216,-0.046,-0.024,-0.13,0.376,-0.132,0.183,-0.019,0.523,0.587,-0.289,0.666,0.077,0.582,0.22,0.343,-0.201,-0.353,0.068,-0.581,-0.333,-0.106,0.512,0.079,0.623,0.194,0.237,-0.175,0.517,0.569,0.096,0.424,0.294,0.519,0.76,-0.112,-0.371,0.014,0.562,-0.255,-0.198,-0.458,0.465,-0.181,-0.179,0.322,-0.419,0.61,0.029,0.438,-0.317,-0.021,0.588,-0.004,0.237,0.089,0.384,-0.063,0.151,0.1,-0.033,0.102,0.632,0.016,-0.027,0.482,-0.179,0.712,0.507,-0.3,-0.293,-0.163,0.731,0.287,0.105,0.364,0.34,0.491,0.028,-0.063,-0.084,0.062,0.651,-0.479,0.024,-0.148,0.528,0.826,0.51,0.564,-0.288,-0.025,0.305,-0.481,0.157,0.459,-0.47,0.46,-0.26,0.706,-0.261,0.309,-0.437,-0.276,-0.139,-0.063,0.639,0.846,0.603,0.275,0.132,-0.455,0.345,0.17,-0.161,-0.288,0.535,0.358,0.565,-0.276,0.342,0.574,-0.009,0.465,0.531,-0.335,-0.088,-0.406,0.251,0.477,-0.186,-0.566,-0.441,0.606,0.117,-0.581,-0.485,0.285,0.023,-0.386,-0.079,-0.498,-0.583,-0.324
BFC,0.193,-0.119,-0.056,-0.265,-0.063,0.018,-0.244,0.023,0.016,0.029,0.114,-0.121,-0.108,-0.008,0.084,-0.213,-0.048,0.2,0.0,-0.131,0.119,-0.061,0.099,-0.289,0.582,-0.206,-0.152,0.305,-0.222,0.032,0.226,-0.255,-0.012,0.2,-0.075,0.012,0.45,0.265,-0.064,-0.098,0.115,-0.117,0.05,-0.174,-0.274,-0.231,-0.014,0.253,-0.27,-0.139,0.206,0.417,0.184,0.317,-0.326,0.1,-0.209,-0.115,0.283,-0.263,0.438,-0.217,-0.293,0.29,0.166,-0.074,-0.286,0.07,-0.222,0.067,0.2,-0.107,-0.158,-0.037,-0.046,0.136,-0.218,0.335,-0.216,-0.239,0.188,0.139,0.464,-0.252,0.151,0.31,0.093,-0.008,-0.269,0.353,0.228,0.124,-0.253,-0.227,0.351,-0.042,0.052,-0.129,0.185,-0.267,0.007,-0.103,-0.021,0.003,-0.059,-0.178,-0.127,-0.118,0.033,0.134,-0.177,0.365,-0.183,-0.115,0.148,0.038,-0.061,0.057,-0.156,-0.032,-0.012,-0.154,-0.051,0.083,-0.165,0.002,-0.021,-0.07,0.191,0.226,-0.114,-0.056,0.313,-0.034,0.426,-0.077,-0.41,-0.154,0.134,-0.141,-0.182,-0.142,-0.222,0.202,0.051,0.058,-0.198,0.326,0.205,-0.247,-0.171,0.345,-0.123,-0.212,0.095,-0.064,0.252,0.086,-0.217,-0.101,0.009,-0.146,-0.049,0.334,0.178,-0.152,0.07,-0.233,0.287,-0.106,0.077,-0.268,0.116,0.487,-0.012,0.16,-0.024,0.116,0.322,0.133,0.383,-0.21,-0.032,0.03,-0.325,0.039,-0.039,0.011,0.013,0.313,0.132,0.078,-0.287,0.402,0.191,-0.149,-0.111,-0.157,-0.155,-0.241
BGC,0.061,0.74,0.827,0.788,0.758,-0.4,0.815,0.448,0.825,-0.527,-0.623,0.284,0.718,0.56,0.252,0.805,0.528,-0.112,-0.131,0.0,0.722,0.021,0.653,0.623,0.154,0.795,0.817,-0.387,0.743,0.798,-0.407,0.691,0.724,-0.821,-0.561,0.586,0.501,-0.641,0.224,0.625,-0.705,-0.473,0.603,0.498,0.729,0.814,0.778,-0.302,0.585,0.628,0.613,0.503,0.656,-0.539,0.316,-0.696,0.743,0.603,0.652,0.55,0.135,0.494,0.653,0.611,-0.299,0.075,0.721,0.132,0.559,-0.612,-0.064,0.517,0.83,0.74,-0.315,0.382,0.857,0.561,-0.2,0.727,-0.52,0.063,0.092,0.18,-0.651,-0.698,-0.187,-0.283,0.082,-0.739,-0.032,0.627,0.818,0.463,-0.607,0.136,0.702,0.686,0.21,0.525,0.672,0.375,0.622,-0.546,0.686,0.343,0.842,0.842,0.262,0.696,0.455,0.428,-0.314,0.812,0.163,0.643,0.828,0.706,0.153,0.615,0.63,-0.431,0.824,-0.261,-0.38,0.692,0.846,0.651,-0.382,0.046,0.713,0.048,0.457,-0.354,0.579,0.587,0.619,0.796,-0.536,0.737,0.732,0.849,0.241,-0.47,0.455,0.143,0.785,0.502,0.108,0.739,0.797,-0.24,0.773,-0.212,0.749,-0.412,0.356,-0.559,0.609,0.589,0.769,0.852,0.073,0.028,-0.236,0.49,0.396,0.746,-0.203,0.666,0.438,0.775,-0.285,0.199,-0.503,0.612,0.766,0.438,0.388,-0.671,-0.305,0.736,0.826,0.77,0.355,-0.048,0.739,0.435,0.659,-0.639,0.016,0.573,0.785,0.487,0.505,0.815,0.477,0.81,0.729,0.741
BHF,0.417,0.917,0.841,0.749,0.86,-0.709,0.767,0.796,0.717,-0.617,-0.801,-0.054,0.903,0.904,0.57,0.641,0.858,-0.266,0.119,0.722,0.0,-0.376,0.961,0.596,0.414,0.551,0.647,-0.384,0.802,0.804,-0.6,0.654,0.877,-0.721,-0.791,0.528,0.769,-0.619,-0.063,0.762,-0.858,-0.683,0.75,0.452,0.718,0.801,0.937,-0.293,0.623,0.747,0.948,0.768,0.872,-0.607,-0.1,-0.841,0.746,0.504,0.938,0.32,0.338,0.238,0.341,0.902,-0.233,-0.132,0.687,0.122,0.526,-0.714,-0.341,0.455,0.805,0.941,-0.396,0.753,0.798,0.922,-0.566,0.364,-0.747,0.403,0.514,0.1,-0.645,-0.67,0.082,-0.729,-0.273,-0.664,-0.015,0.92,0.71,0.004,-0.407,-0.285,0.951,0.919,0.45,0.156,0.95,0.059,0.887,-0.86,0.724,0.096,0.883,0.775,-0.001,0.949,0.42,0.747,-0.581,0.815,0.379,0.6,0.855,0.763,-0.043,0.734,0.6,-0.645,0.866,-0.565,-0.784,0.959,0.769,0.864,-0.657,0.22,0.696,0.1,0.439,-0.636,0.831,0.586,0.312,0.606,-0.613,0.693,0.624,0.81,-0.182,-0.56,0.422,0.243,0.699,0.871,-0.249,0.7,0.55,-0.066,0.812,-0.57,0.953,-0.741,0.762,-0.648,0.76,0.84,0.749,0.803,-0.004,0.073,-0.056,0.2,0.636,0.749,-0.023,0.56,0.302,0.738,-0.386,0.561,-0.696,0.943,0.565,0.171,0.514,-0.571,-0.083,0.751,0.811,0.687,-0.102,-0.086,0.844,0.813,0.95,-0.547,0.32,0.906,0.65,0.683,0.778,0.865,0.433,0.84,0.766,0.805
BHFAL,-0.056,-0.463,-0.026,-0.166,-0.211,0.388,-0.188,-0.321,0.102,0.512,0.547,0.468,-0.386,-0.581,-0.07,0.071,-0.54,0.72,-0.061,0.021,-0.376,0.0,-0.444,0.061,-0.005,0.142,0.005,0.585,-0.201,0.083,0.527,-0.0,-0.295,0.145,0.486,0.225,-0.222,0.425,0.518,-0.082,0.479,0.433,0.017,0.196,-0.108,-0.186,-0.181,0.348,-0.425,-0.464,-0.391,-0.119,-0.146,0.318,0.547,0.513,-0.111,0.118,-0.231,0.183,0.138,0.187,0.364,-0.276,0.32,0.484,-0.165,0.48,0.057,0.571,0.337,0.3,-0.098,-0.385,0.259,-0.689,-0.164,-0.343,0.624,0.325,0.518,-0.194,-0.131,-0.143,0.439,0.37,-0.067,0.624,0.599,0.362,0.399,-0.284,-0.079,0.417,0.188,0.145,-0.271,-0.453,0.132,0.197,-0.338,0.508,-0.406,0.646,0.029,0.452,-0.215,0.05,0.702,-0.21,0.18,-0.117,0.507,-0.002,-0.04,0.166,-0.035,0.042,0.561,-0.034,0.083,0.486,-0.138,0.628,0.654,-0.378,-0.166,-0.216,0.735,0.181,0.01,0.173,0.275,0.564,-0.177,0.005,0.19,0.184,0.595,-0.208,0.08,-0.068,0.651,0.672,0.39,0.321,-0.111,-0.26,0.427,-0.187,0.248,0.242,-0.304,0.578,-0.342,0.684,-0.493,0.313,-0.333,-0.347,-0.049,0.005,0.52,0.501,0.291,0.409,-0.098,-0.236,0.045,0.265,0.114,-0.078,0.438,-0.053,0.582,-0.45,0.348,0.627,0.061,0.277,0.238,-0.207,-0.109,-0.24,0.495,0.419,-0.152,-0.613,-0.467,0.391,-0.258,-0.59,-0.194,0.013,-0.121,-0.264,0.019,-0.364,-0.385,-0.243
BKNG,0.466,0.882,0.759,0.665,0.818,-0.702,0.677,0.811,0.578,-0.546,-0.781,-0.21,0.856,0.933,0.621,0.544,0.935,-0.333,0.099,0.653,0.961,-0.444,0.0,0.536,0.395,0.416,0.525,-0.395,0.737,0.682,-0.627,0.614,0.805,-0.634,-0.79,0.453,0.766,-0.529,-0.142,0.74,-0.839,-0.649,0.77,0.42,0.657,0.727,0.881,-0.26,0.587,0.807,0.914,0.753,0.815,-0.567,-0.233,-0.822,0.734,0.458,0.897,0.252,0.359,0.217,0.183,0.878,-0.235,-0.216,0.592,0.051,0.474,-0.672,-0.354,0.346,0.724,0.894,-0.385,0.788,0.709,0.922,-0.561,0.209,-0.752,0.46,0.543,0.097,-0.557,-0.584,0.146,-0.772,-0.386,-0.599,0.005,0.945,0.639,-0.141,-0.332,-0.331,0.925,0.929,0.441,0.012,0.926,-0.165,0.928,-0.928,0.636,-0.024,0.815,0.677,-0.105,0.917,0.382,0.766,-0.635,0.715,0.318,0.56,0.748,0.65,-0.133,0.677,0.518,-0.625,0.786,-0.609,-0.819,0.932,0.697,0.859,-0.712,0.209,0.622,0.007,0.375,-0.704,0.759,0.51,0.24,0.485,-0.597,0.66,0.53,0.716,-0.299,-0.558,0.357,0.232,0.598,0.892,-0.384,0.66,0.382,0.063,0.73,-0.634,0.908,-0.765,0.723,-0.621,0.754,0.871,0.662,0.707,-0.115,0.021,-0.033,0.023,0.597,0.707,0.051,0.473,0.224,0.687,-0.358,0.55,-0.678,0.946,0.449,0.107,0.461,-0.447,-0.0,0.711,0.676,0.619,-0.245,-0.145,0.803,0.888,0.965,-0.459,0.358,0.909,0.586,0.597,0.754,0.826,0.404,0.781,0.701,0.785
BL,0.429,0.681,0.774,0.86,0.817,-0.235,0.78,0.761,0.711,-0.072,-0.338,0.415,0.725,0.515,0.678,0.839,0.554,0.038,-0.289,0.623,0.596,0.061,0.536,0.0,0.234,0.665,0.682,-0.272,0.854,0.802,-0.323,0.923,0.667,-0.509,-0.126,0.448,0.223,-0.313,0.546,0.749,-0.381,-0.048,0.687,0.822,0.892,0.833,0.72,-0.001,0.738,0.545,0.435,0.309,0.626,-0.552,0.603,-0.405,0.889,0.795,0.52,0.763,0.203,0.594,0.725,0.492,0.089,0.291,0.868,0.42,0.89,-0.259,-0.09,0.862,0.856,0.722,0.055,0.185,0.787,0.477,0.155,0.655,-0.452,0.432,0.111,0.537,-0.36,-0.554,0.338,-0.215,0.436,-0.608,0.107,0.577,0.747,0.234,-0.52,-0.359,0.73,0.693,0.54,0.324,0.721,0.374,0.657,-0.382,0.856,0.737,0.784,0.86,0.397,0.619,0.928,0.429,0.072,0.86,0.632,0.808,0.804,0.806,0.582,0.852,0.819,0.101,0.792,-0.137,-0.11,0.701,0.676,0.847,-0.316,0.355,0.858,0.568,0.341,-0.054,0.431,0.881,0.803,0.829,-0.103,0.459,0.905,0.843,0.494,-0.249,0.688,0.557,0.792,0.51,-0.33,0.749,0.714,0.021,0.705,0.22,0.503,-0.105,0.305,-0.222,0.799,0.798,0.493,0.852,0.55,0.178,0.306,0.66,0.818,0.678,0.168,0.864,0.403,0.86,0.003,0.246,-0.102,0.504,0.777,0.499,0.391,-0.262,-0.07,0.731,0.65,0.267,0.56,0.486,0.813,0.451,0.59,-0.428,0.339,0.391,0.692,0.474,0.562,0.755,0.81,0.679,0.605,0.789
BOKF,0.396,0.193,0.275,0.081,0.34,-0.181,0.045,0.454,0.29,0.165,0.027,-0.124,0.242,0.234,0.513,0.121,0.305,0.286,0.582,0.154,0.414,-0.005,0.395,0.234,0.0,-0.024,0.113,0.255,0.13,0.418,0.049,0.255,0.33,0.017,-0.129,0.218,0.628,0.215,0.164,0.368,-0.057,-0.145,0.476,0.273,0.162,0.082,0.356,0.197,0.042,0.139,0.374,0.707,0.406,0.035,-0.035,-0.008,0.244,0.264,0.582,0.102,0.788,0.178,-0.004,0.651,0.364,0.219,0.063,0.356,0.202,0.054,0.079,0.28,0.237,0.275,-0.056,0.146,0.138,0.663,-0.082,0.022,-0.055,0.412,0.61,-0.044,0.128,0.074,0.25,-0.183,-0.117,0.101,0.446,0.505,0.052,-0.08,0.203,-0.314,0.409,0.249,0.453,-0.089,0.396,-0.035,0.324,-0.213,0.38,0.231,0.201,0.248,0.13,0.458,0.313,0.598,-0.111,0.295,0.388,0.348,0.295,0.45,0.159,0.402,0.259,-0.04,0.239,0.006,-0.168,0.401,0.264,0.374,-0.021,0.576,0.321,0.173,0.519,-0.171,0.684,0.292,-0.088,0.234,0.197,0.139,0.188,0.218,0.077,0.235,0.493,0.438,0.093,0.671,-0.087,0.024,0.074,0.538,0.115,-0.162,0.245,-0.072,0.354,0.103,0.209,0.344,0.209,0.227,0.214,0.531,0.495,0.096,0.569,0.114,0.451,0.336,0.376,0.122,0.211,0.742,0.034,0.404,0.301,0.382,0.481,0.182,0.372,0.114,0.197,-0.021,-0.112,0.297,0.327,0.214,0.313,0.203,0.284,0.216,0.054,0.834,0.449,0.163,0.339,0.099,0.025,0.142
BRKR,-0.028,0.64,0.824,0.826,0.726,-0.118,0.866,0.368,0.814,-0.45,-0.447,0.608,0.688,0.386,0.133,0.871,0.323,-0.091,-0.206,0.795,0.551,0.142,0.416,0.665,-0.024,0.0,0.916,-0.451,0.756,0.791,-0.299,0.704,0.551,-0.772,-0.314,0.623,0.248,-0.613,0.398,0.456,-0.487,-0.292,0.383,0.56,0.788,0.852,0.662,-0.341,0.638,0.535,0.414,0.285,0.51,-0.531,0.589,-0.536,0.701,0.711,0.46,0.636,-0.018,0.569,0.849,0.404,-0.291,0.126,0.827,0.009,0.61,-0.506,0.12,0.661,0.849,0.635,0.071,0.171,0.845,0.323,0.021,0.85,-0.359,-0.024,-0.109,0.363,-0.588,-0.697,-0.133,-0.039,0.4,-0.739,-0.209,0.356,0.821,0.586,-0.737,0.261,0.568,0.518,0.119,0.626,0.496,0.635,0.475,-0.318,0.713,0.48,0.814,0.864,0.428,0.498,0.508,0.206,-0.068,0.807,0.262,0.672,0.795,0.726,0.328,0.56,0.749,-0.198,0.811,-0.213,-0.132,0.565,0.829,0.533,-0.198,0.081,0.689,0.181,0.285,-0.096,0.444,0.737,0.798,0.867,-0.383,0.644,0.776,0.851,0.465,-0.438,0.461,0.107,0.906,0.273,0.173,0.773,0.908,-0.365,0.798,0.12,0.584,-0.269,0.152,-0.483,0.57,0.462,0.727,0.859,0.235,0.003,-0.194,0.705,0.366,0.726,-0.262,0.659,0.59,0.769,-0.165,0.055,-0.312,0.372,0.792,0.377,0.462,-0.685,-0.397,0.756,0.827,0.722,0.622,0.119,0.75,0.28,0.487,-0.674,0.026,0.421,0.794,0.32,0.436,0.793,0.563,0.764,0.743,0.705
CACC,-0.014,0.746,0.885,0.86,0.778,-0.176,0.911,0.449,0.847,-0.503,-0.531,0.433,0.789,0.512,0.18,0.861,0.467,-0.211,-0.152,0.817,0.647,0.005,0.525,0.682,0.113,0.916,0.0,-0.55,0.808,0.829,-0.415,0.753,0.598,-0.838,-0.443,0.668,0.286,-0.642,0.273,0.521,-0.576,-0.403,0.45,0.639,0.849,0.873,0.731,-0.447,0.652,0.647,0.481,0.356,0.529,-0.666,0.547,-0.62,0.772,0.749,0.536,0.723,0.079,0.673,0.818,0.484,-0.303,0.149,0.845,-0.02,0.592,-0.567,-0.021,0.611,0.906,0.707,0.022,0.261,0.91,0.439,-0.094,0.842,-0.506,-0.082,-0.006,0.253,-0.6,-0.819,-0.154,-0.221,0.345,-0.795,-0.302,0.456,0.89,0.603,-0.803,0.22,0.673,0.646,0.044,0.65,0.595,0.55,0.613,-0.455,0.797,0.413,0.879,0.884,0.263,0.548,0.508,0.295,-0.153,0.873,0.229,0.682,0.822,0.746,0.192,0.599,0.768,-0.312,0.839,-0.354,-0.215,0.695,0.874,0.609,-0.361,0.144,0.66,0.091,0.384,-0.211,0.532,0.731,0.719,0.92,-0.439,0.778,0.759,0.881,0.349,-0.503,0.468,0.097,0.923,0.403,0.077,0.831,0.849,-0.316,0.891,-0.017,0.614,-0.409,0.239,-0.445,0.692,0.571,0.763,0.893,0.152,-0.015,-0.19,0.637,0.423,0.83,-0.335,0.715,0.666,0.833,-0.219,0.045,-0.374,0.464,0.723,0.424,0.517,-0.705,-0.417,0.783,0.829,0.701,0.565,0.1,0.796,0.412,0.605,-0.708,-0.058,0.537,0.878,0.395,0.524,0.858,0.632,0.834,0.818,0.787
CAR,0.211,-0.664,-0.389,-0.57,-0.499,0.155,-0.663,-0.262,-0.23,0.6,0.623,0.035,-0.633,-0.56,0.099,-0.428,-0.554,0.865,0.305,-0.387,-0.384,0.585,-0.395,-0.272,0.255,-0.451,-0.55,0.0,-0.524,-0.179,0.681,-0.422,-0.329,0.606,0.488,-0.216,0.035,0.703,0.239,-0.141,0.54,0.437,-0.0,-0.213,-0.576,-0.593,-0.333,0.696,-0.686,-0.769,-0.236,0.01,-0.084,0.721,-0.046,0.616,-0.49,-0.369,-0.134,-0.396,0.274,-0.446,-0.254,-0.162,0.52,0.252,-0.57,0.655,-0.181,0.679,0.189,0.044,-0.52,-0.498,-0.081,-0.453,-0.626,-0.178,0.291,-0.327,0.587,0.218,0.252,-0.354,0.613,0.801,0.184,0.386,0.065,0.79,0.738,-0.167,-0.609,-0.271,0.843,-0.335,-0.337,-0.585,0.409,-0.44,-0.319,0.047,-0.506,0.626,-0.265,0.138,-0.571,-0.332,0.369,-0.136,-0.039,0.131,0.229,-0.345,0.07,-0.133,-0.292,-0.171,0.391,-0.136,-0.275,0.409,-0.42,0.716,0.386,-0.475,-0.594,-0.308,0.693,0.143,-0.175,0.261,0.26,0.465,-0.069,-0.34,-0.404,-0.325,0.66,-0.688,-0.255,-0.435,0.196,0.857,0.173,0.405,-0.615,-0.092,0.305,-0.668,-0.213,0.5,-0.704,0.273,-0.35,0.678,-0.159,0.406,-0.622,-0.437,-0.409,-0.39,0.483,0.702,0.548,-0.025,-0.093,-0.718,0.44,-0.09,-0.421,-0.52,0.461,0.293,0.508,-0.287,0.006,0.318,-0.172,0.598,0.683,-0.618,-0.365,-0.533,-0.118,0.364,-0.455,-0.561,-0.528,0.794,0.123,-0.592,-0.765,0.119,-0.122,-0.635,-0.368,-0.701,-0.774,-0.585
CDNA,0.392,0.9,0.888,0.964,0.921,-0.418,0.942,0.785,0.816,-0.489,-0.674,0.31,0.906,0.769,0.557,0.889,0.722,-0.308,-0.222,0.743,0.802,-0.201,0.737,0.854,0.13,0.756,0.808,-0.524,0.0,0.832,-0.588,0.847,0.796,-0.713,-0.464,0.48,0.357,-0.646,0.269,0.73,-0.678,-0.324,0.626,0.662,0.935,0.957,0.826,-0.204,0.815,0.75,0.69,0.359,0.772,-0.716,0.343,-0.736,0.884,0.733,0.657,0.691,0.023,0.477,0.619,0.589,-0.216,-0.059,0.953,0.187,0.798,-0.591,-0.176,0.706,0.923,0.923,-0.139,0.552,0.914,0.603,-0.263,0.587,-0.761,0.338,0.118,0.452,-0.677,-0.775,0.232,-0.419,0.214,-0.779,-0.198,0.691,0.891,0.199,-0.668,-0.22,0.872,0.866,0.38,0.371,0.819,0.309,0.82,-0.652,0.827,0.426,0.943,0.909,0.194,0.73,0.68,0.538,-0.26,0.92,0.563,0.767,0.882,0.813,0.231,0.842,0.846,-0.297,0.943,-0.416,-0.465,0.841,0.81,0.902,-0.582,0.173,0.799,0.367,0.321,-0.264,0.584,0.842,0.736,0.807,-0.48,0.662,0.883,0.941,0.177,-0.603,0.426,0.256,0.901,0.585,-0.238,0.916,0.725,-0.254,0.917,-0.114,0.771,-0.481,0.561,-0.477,0.873,0.833,0.635,0.908,0.264,-0.103,-0.043,0.559,0.654,0.812,-0.039,0.773,0.398,0.945,-0.33,0.182,-0.487,0.723,0.702,0.271,0.416,-0.599,-0.222,0.836,0.803,0.602,0.361,0.203,0.886,0.706,0.817,-0.697,0.307,0.73,0.828,0.411,0.652,0.915,0.68,0.914,0.872,0.89
CG,0.308,0.743,0.914,0.826,0.841,-0.382,0.818,0.695,0.902,-0.368,-0.492,0.435,0.788,0.578,0.528,0.825,0.543,0.114,0.032,0.798,0.804,0.083,0.682,0.802,0.418,0.791,0.829,-0.179,0.832,0.0,-0.262,0.793,0.775,-0.696,-0.422,0.641,0.578,-0.473,0.4,0.728,-0.591,-0.387,0.731,0.663,0.807,0.846,0.9,-0.144,0.603,0.518,0.698,0.629,0.795,-0.483,0.428,-0.591,0.799,0.706,0.789,0.576,0.353,0.468,0.738,0.747,-0.078,0.226,0.81,0.389,0.734,-0.478,-0.037,0.805,0.906,0.804,-0.17,0.326,0.845,0.693,-0.12,0.704,-0.466,0.319,0.316,0.248,-0.525,-0.603,0.039,-0.313,0.231,-0.619,0.137,0.718,0.779,0.338,-0.473,-0.196,0.836,0.705,0.538,0.376,0.808,0.513,0.691,-0.466,0.91,0.544,0.87,0.947,0.415,0.825,0.702,0.617,-0.181,0.937,0.51,0.805,0.953,0.903,0.451,0.822,0.812,-0.268,0.91,-0.187,-0.319,0.807,0.789,0.805,-0.261,0.319,0.859,0.367,0.568,-0.219,0.749,0.79,0.61,0.901,-0.299,0.591,0.856,0.932,0.371,-0.262,0.709,0.478,0.828,0.684,0.006,0.71,0.871,-0.041,0.785,-0.06,0.752,-0.317,0.467,-0.465,0.676,0.7,0.752,0.951,0.444,0.348,0.137,0.636,0.713,0.701,-0.005,0.82,0.485,0.802,-0.09,0.47,-0.344,0.679,0.874,0.525,0.524,-0.534,-0.065,0.732,0.894,0.587,0.422,0.3,0.871,0.472,0.682,-0.488,0.262,0.557,0.674,0.726,0.742,0.822,0.617,0.767,0.668,0.794
CGBD,-0.254,-0.737,-0.468,-0.564,-0.566,0.491,-0.595,-0.468,-0.313,0.55,0.704,0.344,-0.674,-0.746,-0.26,-0.449,-0.709,0.682,0.226,-0.407,-0.6,0.527,-0.627,-0.323,0.049,-0.299,-0.415,0.681,-0.588,-0.262,0.0,-0.445,-0.529,0.543,0.645,-0.27,-0.189,0.61,0.314,-0.498,0.641,0.464,-0.327,-0.287,-0.58,-0.565,-0.462,0.479,-0.527,-0.74,-0.545,-0.215,-0.446,0.759,0.148,0.67,-0.518,-0.328,-0.415,-0.362,0.072,-0.264,-0.094,-0.359,0.272,0.355,-0.489,0.256,-0.185,0.549,0.497,-0.031,-0.499,-0.661,0.139,-0.681,-0.585,-0.458,0.554,-0.171,0.773,-0.053,-0.135,-0.075,0.524,0.691,-0.103,0.595,0.181,0.617,0.497,-0.509,-0.586,-0.006,0.55,0.057,-0.581,-0.733,0.128,-0.207,-0.557,0.207,-0.644,0.744,-0.288,0.14,-0.619,-0.385,0.307,-0.422,-0.089,-0.258,0.465,-0.456,-0.1,-0.24,-0.408,-0.331,0.466,-0.391,-0.307,0.553,-0.499,0.779,0.642,-0.616,-0.525,-0.537,0.786,-0.003,-0.252,0.154,-0.06,0.537,-0.333,-0.296,-0.267,-0.246,0.608,-0.629,-0.285,-0.442,0.388,0.743,0.061,0.22,-0.485,-0.38,0.404,-0.661,-0.136,0.305,-0.654,0.518,-0.579,0.699,-0.546,0.376,-0.673,-0.613,-0.406,-0.412,0.391,0.517,0.357,0.009,-0.242,-0.654,0.197,-0.26,-0.196,-0.597,0.454,0.047,0.614,-0.571,-0.087,0.132,-0.34,0.432,0.38,-0.555,-0.339,-0.476,0.165,0.287,-0.504,-0.717,-0.737,0.609,-0.006,-0.754,-0.632,-0.075,-0.331,-0.629,-0.315,-0.653,-0.689,-0.562
