,ACET,ADAP,ADI,ADPT,ADTN,AGEN,ALGN,ALLK,AMD,AMWD,ARDX,ARQT,ASTE,AUPH,AVXL,AZTA,BAND,BECN,BFC,BGC,BHF,BHFAL,BKNG,BL,BOKF,BRKR,CACC,CAR,CDNA,CG,CGBD,CHI,CHTR,CHX,CLNE,CME,CNOB,CNXN,CPRX,CSGP,CSGS,CSIQ,CVCO,CVLT,CYRX,DDOG,DOOO,DSGX,DTIL,ECPG,EEFT,EFSC,ENTG,ESPR,ETSY,EXC,FAMI,FFIV,FITB,FIZZ,FMBH,FOX,FTNT,FULT,GABC,GEN,GH,GMAB,GNPX,GO,GOGL,GOOG,GPRO,GSHD,GSM,GWAV,HAIN,HBAN,HEPA,HURN,HWKN,IBIO,ICFI,IGMS,IMKTA,INCY,INO,IRDM,IRTC,IRWD,ITCI,JACK,JD,JJSF,KALA,KHC,KLAC,KRRO,KRYS,LANC,LBTYA,LIVN,LKCO,LNTH,LOGI,LPRO,LRCX,LSCC,LSTR,MAR,MARA,MCHP,MEOH,META,MGTX,MKSI,MMYT,MORN,MRUS,MTLS,MTSI,MVIS,MXL,NBIX,NFE,NMIH,NMRK,NNDM,NSIT,NTCT,NVAX,OCUL,ODP,OLED,ONB,OTEX,PACB,PATK,PAYX,PEP,PERI,PI,PLYA,PRDO,PRGS,PTGX,QCOM,QCRH,QDEL,QFIN,RGEN,RILY,RPAY,RPD,SABR,SEDG,SHEN,SIRI,SLNO,SNDL,SNEX,SONO,SPT,SSNC,STGW,STKL,STRL,STX,SWTX,SYNA,TFSL,TIGR,TNXP,TOWN,TRI,TRIP,TRMB,TRNS,TRS,TSCO,TSEM,TVTX,TXRH,VC,VCEL,VECO,VIAV,VICR,VIR,VRTX,VSTM,VTRS,WDFC,WSBC,WSC,WYNN,XENE,XNCR,XRAY,ZS
ACET,0.0,0.756,0.024,0.125,0.646,-0.189,0.774,0.285,0.13,0.078,-0.264,0.194,-0.129,0.554,0.89,0.475,0.377,0.238,-0.043,0.05,0.485,-0.559,0.623,0.025,0.317,0.388,0.608,0.398,0.647,-0.036,-0.396,0.399,0.468,-0.025,0.421,0.389,0.088,0.632,0.573,0.33,0.495,0.273,0.567,0.43,0.361,0.817,0.267,0.478,0.546,0.566,0.622,0.118,0.531,-0.376,0.296,-0.1,0.37,-0.072,0.705,0.559,0.302,0.877,0.424,0.535,0.435,0.76,0.384,0.088,0.74,0.416,0.252,-0.068,0.341,0.574,0.416,-0.02,0.388,0.584,0.412,-0.09,-0.036,0.048,0.042,0.422,0.716,-0.596,-0.045,-0.065,0.291,-0.097,0.448,0.547,0.626,-0.016,0.085,-0.425,0.422,0.107,0.875,-0.102,0.587,0.076,0.811,-0.158,0.274,0.462,0.319,0.455,0.025,0.755,0.833,0.166,0.502,-0.189,0.684,0.281,0.638,0.157,0.469,0.723,0.431,0.664,0.474,0.134,0.08,0.523,0.359,0.675,0.095,0.557,0.179,0.377,0.435,0.046,0.392,-0.005,0.403,0.617,0.433,-0.239,0.788,-0.025,0.365,-0.306,0.344,0.147,-0.108,0.663,-0.62,0.906,-0.219,0.78,0.566,0.335,0.205,0.238,0.499,0.018,0.689,0.84,0.481,0.832,0.522,0.005,0.836,0.138,0.676,0.519,0.734,0.594,-0.131,0.728,0.163,0.45,-0.057,0.746,-0.189,-0.243,-0.114,0.404,0.029,0.688,0.493,-0.26,0.249,0.587,0.563,0.597,0.214,-0.209,0.193,0.32,-0.015,0.545,0.74,0.885,0.645,0.601,0.354,0.68
ADAP,0.756,0.0,0.268,0.478,0.502,-0.341,0.698,0.699,0.362,0.387,0.043,-0.262,0.362,0.864,0.818,0.467,0.811,-0.261,0.215,-0.291,0.838,-0.149,0.867,0.449,0.672,0.039,0.232,0.466,0.83,0.377,-0.06,0.712,0.664,0.397,-0.014,0.506,0.106,0.28,0.095,0.667,0.023,-0.167,0.741,0.734,0.673,0.451,0.692,0.538,0.833,0.51,0.851,0.546,0.423,-0.566,0.18,0.056,0.679,0.279,0.732,0.63,0.674,0.595,0.089,0.813,0.547,0.531,0.655,0.358,0.542,-0.096,-0.211,0.273,0.702,0.887,-0.066,0.402,0.632,0.829,0.097,-0.516,-0.455,0.506,0.518,0.645,0.447,-0.171,0.405,-0.522,0.213,0.257,0.027,0.884,0.792,-0.468,0.486,-0.739,0.776,0.581,0.592,-0.525,0.88,-0.249,0.668,-0.654,0.612,0.254,0.581,0.07,0.209,0.517,0.754,0.567,0.045,0.151,0.781,0.364,0.666,0.488,0.061,0.764,0.449,0.32,0.492,-0.328,-0.39,0.898,-0.094,0.911,-0.405,0.745,0.464,0.473,0.297,-0.114,0.707,0.311,0.194,0.319,0.614,0.259,0.477,0.438,-0.089,0.109,0.658,0.54,0.275,0.883,-0.778,0.833,0.05,0.899,0.761,0.148,-0.177,-0.215,0.692,0.414,0.853,0.657,0.063,0.47,0.629,0.416,0.739,0.038,0.395,0.827,0.641,0.308,0.207,0.425,0.588,0.771,0.279,0.925,0.137,-0.085,0.3,0.731,-0.34,0.685,0.144,-0.566,-0.177,0.363,0.773,0.857,0.703,0.274,0.584,0.699,0.426,0.66,0.885,0.847,0.338,0.788,-0.009,0.863
ADI,0.024,0.268,0.0,0.554,-0.034,0.265,0.433,0.543,0.578,0.576,0.625,-0.035,0.487,0.26,0.093,0.55,0.321,0.021,0.124,-0.01,0.399,0.413,0.306,0.574,0.497,0.185,0.027,0.213,0.332,0.653,0.437,0.45,0.271,0.438,-0.065,0.201,0.169,-0.142,-0.366,0.515,-0.237,0.009,0.239,0.47,0.498,-0.178,0.506,0.356,0.498,-0.08,0.328,0.461,0.585,0.13,0.219,0.133,0.474,0.807,0.125,0.24,0.351,-0.104,0.121,0.335,0.377,-0.136,0.36,0.504,0.06,-0.067,-0.313,0.599,0.539,0.448,-0.328,0.247,0.277,0.364,-0.013,-0.073,-0.355,0.542,0.603,0.383,-0.328,0.425,0.62,-0.217,0.299,0.463,-0.252,0.348,0.456,-0.323,0.665,-0.161,0.653,0.501,-0.005,-0.163,0.419,0.107,-0.271,-0.283,0.527,0.251,0.799,0.224,0.534,0.024,0.178,0.795,-0.356,0.504,0.238,0.838,0.344,0.472,-0.071,0.446,0.691,0.074,0.658,-0.451,-0.114,0.372,-0.137,0.436,-0.166,0.417,0.445,0.489,0.306,0.341,0.258,0.593,0.278,0.238,0.482,0.453,0.017,0.595,-0.144,0.527,0.596,0.42,0.73,0.264,-0.034,0.164,0.415,0.33,0.447,0.17,-0.037,-0.024,0.302,0.458,0.276,-0.173,-0.23,-0.044,0.263,0.592,0.211,0.427,-0.022,0.535,0.297,0.31,0.453,0.144,0.511,0.38,0.575,0.226,0.731,0.442,0.618,0.411,-0.16,0.02,-0.09,-0.136,0.021,0.323,0.177,0.22,0.494,0.611,0.586,0.29,0.44,0.273,0.389,0.109,0.169,0.265,-0.003,0.187
ADPT,0.125,0.478,0.554,0.0,-0.167,-0.132,0.4,0.882,0.709,0.789,0.744,-0.449,0.841,0.444,0.249,0.471,0.656,-0.392,0.137,-0.701,0.678,0.64,0.283,0.959,0.708,0.085,-0.212,0.72,0.75,0.918,0.655,0.876,0.573,0.878,-0.078,0.371,-0.395,-0.458,-0.632,0.841,-0.416,-0.248,0.358,0.886,0.909,-0.217,0.879,0.712,0.792,-0.38,0.507,0.422,0.094,-0.293,0.457,0.367,0.765,0.744,0.047,0.635,0.456,-0.01,0.126,0.395,0.513,0.032,0.875,0.875,0.017,-0.397,-0.766,0.838,0.798,0.731,-0.769,0.437,0.683,0.366,-0.053,-0.656,-0.834,0.93,0.816,0.847,-0.34,0.576,0.948,-0.677,0.539,0.728,-0.697,0.661,0.7,-0.806,0.853,-0.759,0.835,0.853,-0.116,-0.59,0.639,0.026,-0.23,-0.53,0.858,0.261,0.754,-0.385,0.785,-0.362,0.363,0.81,-0.323,0.74,0.586,0.527,0.44,0.902,-0.143,0.52,0.51,0.007,0.29,-0.771,-0.267,0.661,-0.681,0.685,-0.667,0.335,0.886,0.789,-0.065,0.319,0.623,0.856,0.35,-0.093,0.737,0.725,-0.014,0.863,-0.415,0.754,0.851,0.888,0.835,0.329,-0.195,0.234,0.819,0.333,0.553,0.422,-0.745,-0.232,0.503,0.868,0.482,-0.14,-0.668,-0.221,0.753,0.94,0.309,0.525,-0.365,0.556,0.285,-0.101,0.511,-0.122,0.94,0.496,0.911,0.36,0.804,0.431,0.77,0.795,-0.826,-0.029,-0.193,-0.791,-0.137,0.151,0.413,0.333,0.805,0.849,0.922,0.42,0.834,0.399,0.476,0.056,-0.225,0.573,-0.602,0.426
ADTN,0.646,0.502,-0.034,-0.167,0.0,-0.251,0.587,-0.063,0.253,-0.231,-0.334,0.326,-0.405,0.303,0.466,0.534,0.107,0.209,0.091,0.296,0.398,-0.551,0.442,-0.135,0.323,0.464,0.625,0.241,0.348,-0.277,-0.225,0.175,0.477,-0.068,0.358,0.602,0.415,0.781,0.643,0.054,0.57,0.247,0.711,0.041,-0.051,0.671,-0.077,0.051,0.275,0.631,0.397,0.294,0.483,-0.57,-0.011,0.287,-0.001,-0.185,0.845,0.165,0.499,0.678,0.446,0.551,0.356,0.817,0.177,-0.082,0.81,0.34,0.512,-0.23,0.087,0.331,0.462,-0.11,0.296,0.589,0.32,0.082,0.431,-0.262,-0.188,0.172,0.852,-0.693,-0.3,-0.048,0.141,-0.061,0.55,0.388,0.366,0.299,-0.3,-0.175,0.116,-0.216,0.699,0.02,0.388,0.063,0.728,0.023,-0.089,0.298,0.033,0.513,-0.362,0.768,0.625,-0.133,0.583,-0.669,0.41,-0.075,0.609,0.029,0.443,0.453,0.043,0.54,0.534,0.299,0.083,0.287,0.521,0.383,0.258,0.412,-0.166,0.042,0.242,-0.129,0.326,-0.435,0.177,0.498,0.405,-0.304,0.635,-0.04,0.494,-0.409,-0.02,-0.192,-0.146,0.515,-0.492,0.514,-0.324,0.56,0.113,0.217,0.272,0.335,0.189,0.016,0.36,0.616,0.676,0.676,0.245,-0.104,0.546,-0.048,0.774,0.382,0.348,0.464,-0.158,0.421,-0.143,0.413,-0.36,0.463,-0.274,-0.659,-0.359,0.13,0.212,0.701,0.59,0.035,0.189,0.36,0.641,0.377,-0.026,-0.345,-0.212,0.127,-0.191,0.647,0.398,0.663,0.588,0.338,0.302,0.448
AGEN,-0.189,-0.341,0.265,-0.132,-0.251,0.0,0.045,-0.292,-0.031,-0.16,0.164,0.596,-0.265,-0.467,-0.202,0.042,-0.501,0.391,-0.044,0.436,-0.483,0.025,-0.38,-0.206,-0.34,0.327,0.31,-0.231,-0.314,-0.094,0.076,-0.429,-0.572,-0.272,0.298,-0.438,0.001,0.1,0.154,-0.376,0.222,0.429,-0.558,-0.327,-0.261,-0.04,-0.356,0.098,-0.148,-0.25,-0.422,-0.373,0.103,0.695,0.281,-0.429,-0.277,0.07,-0.383,-0.203,-0.346,-0.21,0.116,-0.441,-0.275,-0.183,-0.351,-0.206,-0.119,0.21,0.308,-0.238,-0.15,-0.361,0.235,-0.23,-0.551,-0.457,0.062,0.518,0.18,-0.186,-0.199,-0.14,-0.371,0.038,-0.033,0.652,0.073,-0.06,0.194,-0.475,-0.17,0.377,-0.003,0.578,-0.236,-0.358,-0.017,0.591,-0.518,0.507,-0.279,0.462,-0.235,0.113,-0.107,0.358,-0.002,-0.049,-0.163,0.05,0.0,0.189,-0.029,0.3,-0.071,-0.323,0.06,0.021,0.411,0.174,0.091,0.236,0.424,-0.446,0.28,-0.322,0.555,-0.191,-0.15,0.031,0.356,0.506,-0.378,0.008,0.178,0.234,-0.296,-0.296,0.125,-0.107,0.288,-0.018,-0.158,-0.353,-0.109,-0.375,0.621,-0.14,-0.003,-0.283,0.102,0.147,0.46,0.374,-0.271,-0.284,-0.339,-0.351,0.208,0.06,-0.2,-0.201,-0.189,0.345,-0.132,-0.418,0.016,0.198,0.148,0.053,-0.214,-0.38,-0.107,-0.33,0.127,0.429,0.051,-0.471,0.387,-0.207,0.151,0.563,0.437,0.173,-0.413,-0.384,-0.356,-0.179,-0.041,-0.406,-0.279,-0.412,-0.242,-0.243,0.045,-0.016,0.35,-0.386
ALGN,0.774,0.698,0.433,0.4,0.587,0.045,0.0,0.457,0.553,0.292,0.127,0.287,0.063,0.455,0.719,0.751,0.364,0.233,0.032,0.005,0.539,-0.24,0.489,0.335,0.509,0.547,0.629,0.583,0.764,0.311,-0.007,0.557,0.556,0.266,0.5,0.482,0.018,0.517,0.34,0.486,0.438,0.333,0.548,0.563,0.523,0.571,0.417,0.671,0.706,0.297,0.594,0.22,0.671,-0.273,0.504,0.098,0.456,0.283,0.596,0.675,0.37,0.686,0.59,0.525,0.528,0.681,0.593,0.389,0.686,0.312,0.1,0.278,0.556,0.664,0.183,-0.014,0.472,0.549,0.37,-0.089,-0.156,0.261,0.25,0.652,0.423,-0.349,0.271,-0.114,0.568,0.267,0.209,0.559,0.778,-0.086,0.318,-0.453,0.616,0.244,0.722,-0.052,0.598,0.311,0.516,-0.114,0.515,0.583,0.577,0.441,0.335,0.561,0.831,0.488,0.385,0.064,0.777,0.551,0.747,0.392,0.401,0.853,0.705,0.693,0.714,-0.036,0.172,0.547,0.166,0.748,0.069,0.608,0.321,0.606,0.485,0.377,0.499,0.29,0.539,0.708,0.705,-0.042,0.729,0.334,0.359,0.043,0.545,0.327,0.31,0.583,-0.388,0.781,0.152,0.706,0.651,0.573,0.05,0.345,0.551,0.318,0.617,0.51,0.327,0.677,0.699,0.335,0.807,0.458,0.538,0.514,0.714,0.644,0.094,0.558,0.362,0.487,0.264,0.643,0.223,-0.019,0.171,0.5,-0.088,0.523,0.529,-0.312,0.369,0.676,0.561,0.504,0.305,0.088,0.435,0.241,0.208,0.595,0.755,0.68,0.61,0.709,0.217,0.628
ALLK,0.285,0.699,0.543,0.882,-0.063,-0.292,0.457,0.0,0.555,0.819,0.576,-0.568,0.872,0.691,0.463,0.371,0.87,-0.454,0.208,-0.653,0.791,0.477,0.579,0.872,0.772,-0.172,-0.215,0.563,0.814,0.876,0.398,0.896,0.655,0.78,-0.208,0.356,-0.209,-0.357,-0.554,0.887,-0.446,-0.35,0.464,0.946,0.947,-0.13,0.977,0.664,0.846,-0.08,0.69,0.574,0.188,-0.329,0.328,0.227,0.875,0.696,0.242,0.704,0.543,0.113,-0.031,0.611,0.546,0.031,0.847,0.78,0.076,-0.374,-0.761,0.779,0.875,0.877,-0.641,0.54,0.77,0.593,-0.08,-0.703,-0.852,0.93,0.881,0.79,-0.167,0.484,0.877,-0.738,0.382,0.621,-0.565,0.803,0.76,-0.839,0.881,-0.844,0.94,0.945,0.041,-0.683,0.819,-0.215,0.018,-0.748,0.937,0.204,0.831,-0.34,0.697,-0.12,0.439,0.869,-0.375,0.688,0.608,0.57,0.439,0.826,-0.185,0.604,0.527,0.004,0.323,-0.737,-0.432,0.872,-0.638,0.838,-0.735,0.544,0.839,0.694,0.058,0.096,0.724,0.833,0.206,0.015,0.705,0.717,0.024,0.787,-0.457,0.675,0.9,0.944,0.759,0.619,-0.454,0.457,0.596,0.568,0.691,0.219,-0.627,-0.406,0.68,0.753,0.694,0.124,-0.586,-0.084,0.704,0.842,0.464,0.313,-0.142,0.751,0.438,0.002,0.483,0.078,0.94,0.683,0.835,0.631,0.647,0.394,0.759,0.908,-0.717,0.169,-0.226,-0.837,-0.282,0.192,0.508,0.61,0.917,0.807,0.937,0.64,0.842,0.486,0.673,0.325,-0.059,0.632,-0.44,0.643
AMD,0.13,0.362,0.578,0.709,0.253,-0.031,0.553,0.555,0.0,0.475,0.647,-0.05,0.444,0.214,0.112,0.766,0.335,-0.176,0.304,-0.321,0.624,0.417,0.165,0.734,0.751,0.445,0.208,0.72,0.608,0.688,0.648,0.697,0.622,0.743,0.16,0.646,-0.058,-0.073,-0.308,0.611,-0.003,-0.023,0.482,0.595,0.601,-0.07,0.537,0.564,0.611,-0.205,0.435,0.482,0.401,-0.375,0.393,0.608,0.416,0.627,0.34,0.507,0.51,0.094,0.444,0.456,0.543,0.32,0.734,0.717,0.277,-0.157,-0.312,0.732,0.642,0.596,-0.464,0.175,0.604,0.461,0.021,-0.355,-0.377,0.558,0.543,0.707,-0.073,0.257,0.637,-0.467,0.611,0.693,-0.397,0.507,0.592,-0.35,0.506,-0.51,0.645,0.457,0.002,-0.249,0.487,0.274,-0.137,-0.206,0.598,0.361,0.642,-0.04,0.538,-0.118,0.396,0.622,0.006,0.313,0.551,0.415,0.603,0.799,0.017,0.504,0.484,0.198,0.561,-0.462,-0.044,0.463,-0.317,0.544,-0.287,0.352,0.515,0.622,0.017,0.399,0.63,0.503,0.359,0.194,0.824,0.488,0.205,0.767,-0.029,0.535,0.589,0.526,0.806,0.291,-0.041,0.15,0.686,0.289,0.399,0.54,-0.495,0.106,0.392,0.809,0.269,-0.171,-0.247,-0.012,0.645,0.787,0.281,0.59,-0.059,0.442,0.232,0.132,0.465,-0.13,0.582,0.484,0.61,0.279,0.706,0.034,0.528,0.556,-0.528,0.099,0.249,-0.452,0.095,0.217,0.506,0.164,0.474,0.589,0.556,0.211,0.595,0.612,0.382,0.089,0.039,0.474,-0.384,0.275
AMWD,0.078,0.387,0.576,0.789,-0.231,-0.16,0.292,0.819,0.475,0.0,0.774,-0.419,0.796,0.34,0.281,0.394,0.594,-0.123,0.057,-0.461,0.48,0.669,0.293,0.806,0.603,-0.166,-0.277,0.524,0.57,0.843,0.433,0.766,0.576,0.636,-0.041,0.112,-0.191,-0.434,-0.577,0.814,-0.393,-0.049,0.326,0.813,0.83,-0.257,0.816,0.628,0.659,-0.275,0.31,0.504,0.133,-0.08,0.531,0.3,0.825,0.81,0.011,0.648,0.428,-0.069,0.121,0.424,0.607,-0.104,0.668,0.814,-0.044,-0.077,-0.725,0.767,0.798,0.669,-0.594,0.298,0.684,0.347,0.132,-0.36,-0.673,0.857,0.801,0.657,-0.262,0.63,0.845,-0.472,0.472,0.462,-0.475,0.547,0.614,-0.626,0.84,-0.604,0.707,0.802,-0.057,-0.379,0.577,-0.076,-0.274,-0.47,0.787,0.436,0.727,-0.216,0.761,-0.231,0.294,0.733,-0.332,0.739,0.418,0.673,0.392,0.75,-0.045,0.48,0.533,0.098,0.233,-0.579,-0.156,0.614,-0.546,0.629,-0.537,0.467,0.803,0.692,0.114,0.223,0.488,0.832,0.451,0.071,0.604,0.641,-0.031,0.73,-0.238,0.824,0.896,0.846,0.745,0.397,-0.229,0.207,0.687,0.351,0.448,0.343,-0.534,-0.13,0.475,0.64,0.51,-0.046,-0.62,-0.171,0.535,0.74,0.302,0.517,-0.167,0.542,0.387,0.099,0.588,0.152,0.832,0.583,0.83,0.278,0.819,0.617,0.8,0.825,-0.573,0.053,-0.25,-0.673,-0.04,0.207,0.269,0.204,0.697,0.762,0.832,0.284,0.848,0.36,0.363,0.09,0.017,0.338,-0.49,0.334
ARDX,-0.264,0.043,0.625,0.744,-0.334,0.164,0.127,0.576,0.647,0.774,0.0,-0.158,0.69,-0.018,-0.143,0.459,0.203,-0.094,0.213,-0.346,0.274,0.858,-0.124,0.76,0.497,-0.005,-0.219,0.502,0.337,0.81,0.708,0.519,0.349,0.671,0.015,0.116,-0.21,-0.56,-0.665,0.573,-0.378,0.028,0.083,0.543,0.589,-0.455,0.533,0.494,0.459,-0.622,0.041,0.388,0.126,0.055,0.533,0.448,0.484,0.834,-0.196,0.361,0.318,-0.405,0.205,0.139,0.47,-0.239,0.563,0.804,-0.132,-0.161,-0.621,0.754,0.619,0.413,-0.661,0.216,0.428,0.069,-0.066,-0.202,-0.528,0.725,0.686,0.521,-0.516,0.749,0.822,-0.319,0.591,0.601,-0.565,0.218,0.367,-0.442,0.697,-0.336,0.489,0.547,-0.335,-0.179,0.252,0.273,-0.616,-0.138,0.579,0.376,0.569,-0.182,0.679,-0.483,0.025,0.621,-0.316,0.696,0.278,0.557,0.308,0.714,-0.092,0.297,0.512,-0.037,0.296,-0.522,0.012,0.277,-0.542,0.302,-0.37,0.265,0.687,0.696,0.041,0.528,0.363,0.711,0.36,-0.024,0.533,0.591,-0.162,0.772,-0.223,0.871,0.669,0.63,0.808,0.02,0.215,-0.169,0.861,-0.078,0.307,0.439,-0.517,0.001,0.326,0.701,0.132,-0.462,-0.656,-0.382,0.429,0.738,-0.013,0.734,-0.392,0.213,0.052,0.004,0.674,-0.155,0.675,0.319,0.776,-0.081,0.928,0.575,0.771,0.464,-0.497,-0.22,-0.159,-0.417,0.13,0.127,0.127,-0.167,0.477,0.732,0.678,0.062,0.714,0.227,0.08,-0.316,-0.222,0.139,-0.49,-0.069
ARQT,0.194,-0.262,-0.035,-0.449,0.326,0.596,0.287,-0.568,-0.05,-0.419,-0.158,0.0,-0.717,-0.509,0.026,0.312,-0.709,0.797,-0.138,0.709,-0.502,-0.415,-0.382,-0.515,-0.39,0.56,0.73,-0.029,-0.228,-0.478,-0.197,-0.48,-0.282,-0.519,0.767,-0.112,0.149,0.6,0.708,-0.507,0.742,0.834,-0.224,-0.478,-0.474,0.478,-0.643,0.015,-0.243,0.037,-0.419,-0.458,0.377,0.352,0.354,-0.135,-0.442,-0.31,0.04,-0.136,-0.313,0.227,0.636,-0.321,-0.094,0.372,-0.317,-0.272,0.474,0.717,0.786,-0.44,-0.34,-0.38,0.716,-0.664,-0.44,-0.317,0.44,0.796,0.671,-0.608,-0.608,-0.212,0.284,-0.535,-0.486,0.784,0.31,-0.329,0.686,-0.507,-0.107,0.795,-0.492,0.559,-0.45,-0.756,0.449,0.779,-0.438,0.726,0.159,0.805,-0.438,0.476,-0.317,0.783,-0.309,0.42,0.199,-0.386,0.678,-0.446,0.052,0.064,0.214,-0.456,0.629,0.182,0.26,0.638,0.326,0.749,0.812,-0.511,0.688,-0.264,0.852,0.015,-0.434,-0.0,0.444,0.544,-0.357,-0.461,0.394,0.651,-0.103,-0.75,0.569,-0.414,0.803,-0.405,-0.356,-0.603,-0.399,-0.306,0.375,0.073,-0.23,-0.173,-0.097,0.457,0.657,0.839,-0.224,-0.435,-0.258,0.113,0.698,0.565,-0.071,-0.506,0.169,0.374,0.473,-0.458,0.16,0.625,-0.233,0.433,-0.548,-0.348,-0.47,-0.267,-0.248,-0.143,-0.501,-0.556,0.685,0.126,0.686,0.606,0.843,0.517,-0.164,-0.426,-0.696,-0.633,-0.466,-0.612,-0.606,-0.094,-0.175,0.026,0.541,-0.147,0.585,-0.278
ASTE,-0.129,0.362,0.487,0.841,-0.405,-0.265,0.063,0.872,0.444,0.796,0.69,-0.717,0.0,0.49,0.075,0.112,0.714,-0.588,0.235,-0.741,0.593,0.739,0.318,0.856,0.619,-0.366,-0.55,0.371,0.517,0.9,0.549,0.728,0.439,0.781,-0.471,0.181,-0.27,-0.719,-0.85,0.776,-0.71,-0.536,0.206,0.788,0.801,-0.501,0.877,0.431,0.571,-0.355,0.451,0.55,-0.08,-0.166,0.153,0.258,0.723,0.735,-0.106,0.433,0.392,-0.281,-0.287,0.36,0.396,-0.361,0.664,0.727,-0.313,-0.583,-0.931,0.813,0.697,0.635,-0.862,0.626,0.591,0.328,-0.33,-0.709,-0.884,0.929,0.907,0.565,-0.504,0.802,0.903,-0.744,0.215,0.651,-0.813,0.574,0.441,-0.896,0.873,-0.675,0.755,0.935,-0.392,-0.705,0.57,-0.272,-0.369,-0.71,0.802,-0.041,0.704,-0.593,0.713,-0.486,0.013,0.783,-0.645,0.806,0.267,0.435,0.093,0.778,-0.435,0.224,0.305,-0.377,0.074,-0.845,-0.542,0.64,-0.807,0.518,-0.836,0.267,0.812,0.52,-0.128,0.045,0.547,0.863,-0.012,-0.332,0.467,0.869,-0.378,0.768,-0.711,0.777,0.749,0.878,0.791,0.338,-0.191,0.058,0.696,0.205,0.44,0.006,-0.742,-0.588,0.495,0.735,0.366,-0.231,-0.858,-0.489,0.435,0.836,0.045,0.251,-0.503,0.534,0.092,-0.319,0.555,-0.251,0.881,0.483,0.892,0.305,0.732,0.532,0.837,0.736,-0.782,-0.181,-0.508,-0.746,-0.446,-0.115,0.232,0.344,0.868,0.905,0.86,0.579,0.866,0.228,0.37,-0.071,-0.413,0.337,-0.6,0.288
AUPH,0.554,0.864,0.26,0.444,0.303,-0.467,0.455,0.691,0.214,0.34,-0.018,-0.509,0.49,0.0,0.621,0.222,0.863,-0.461,0.232,-0.37,0.818,-0.077,0.887,0.436,0.596,-0.172,-0.063,0.236,0.67,0.379,-0.077,0.659,0.54,0.41,-0.371,0.471,0.127,0.055,-0.138,0.639,-0.253,-0.466,0.668,0.67,0.597,0.206,0.706,0.304,0.701,0.488,0.843,0.576,0.298,-0.516,-0.121,-0.008,0.63,0.313,0.549,0.416,0.597,0.393,-0.234,0.72,0.417,0.228,0.531,0.258,0.27,-0.355,-0.382,0.321,0.575,0.783,-0.231,0.584,0.555,0.763,-0.105,-0.636,-0.531,0.533,0.589,0.466,0.274,0.003,0.405,-0.662,-0.044,0.312,-0.166,0.854,0.624,-0.627,0.519,-0.69,0.761,0.683,0.319,-0.743,0.845,-0.493,0.502,-0.813,0.578,-0.063,0.586,-0.14,0.236,0.353,0.461,0.564,-0.254,0.204,0.506,0.276,0.334,0.414,-0.212,0.486,0.255,-0.047,0.37,-0.48,-0.643,0.851,-0.236,0.767,-0.596,0.596,0.425,0.271,0.183,-0.289,0.616,0.336,-0.075,0.05,0.433,0.451,0.149,0.403,-0.437,0.075,0.555,0.551,0.3,0.813,-0.779,0.69,-0.012,0.79,0.63,-0.181,-0.234,-0.537,0.599,0.393,0.689,0.532,-0.11,0.2,0.413,0.429,0.51,-0.193,0.196,0.838,0.392,0.05,0.129,0.25,0.555,0.659,0.319,0.863,0.103,-0.053,0.329,0.686,-0.398,0.431,-0.183,-0.557,-0.472,0.128,0.662,0.902,0.791,0.39,0.562,0.869,0.431,0.491,0.84,0.696,0.088,0.649,0.016,0.74
AVXL,0.89,0.818,0.093,0.249,0.466,-0.202,0.719,0.463,0.112,0.281,-0.143,0.026,0.075,0.621,0.0,0.362,0.536,0.179,0.0,-0.077,0.5,-0.385,0.677,0.153,0.36,0.159,0.459,0.388,0.705,0.121,-0.358,0.482,0.513,0.041,0.335,0.233,0.034,0.438,0.399,0.466,0.309,0.209,0.515,0.557,0.529,0.73,0.455,0.596,0.641,0.498,0.631,0.18,0.435,-0.305,0.39,-0.161,0.572,0.058,0.604,0.66,0.325,0.773,0.324,0.574,0.411,0.605,0.47,0.213,0.651,0.314,0.056,0.061,0.496,0.673,0.289,0.034,0.469,0.581,0.436,-0.174,-0.229,0.235,0.203,0.514,0.578,-0.398,0.135,-0.102,0.287,-0.051,0.323,0.603,0.689,-0.177,0.287,-0.535,0.526,0.293,0.819,-0.188,0.626,-0.06,0.751,-0.312,0.466,0.483,0.404,0.322,0.12,0.656,0.835,0.311,0.366,0.037,0.727,0.381,0.621,0.238,0.406,0.798,0.519,0.62,0.403,0.043,0.011,0.637,0.188,0.788,-0.063,0.64,0.34,0.436,0.438,0.026,0.461,0.17,0.436,0.565,0.438,-0.115,0.717,0.069,0.256,-0.105,0.498,0.346,-0.024,0.733,-0.649,0.914,-0.089,0.82,0.665,0.327,0.077,0.125,0.564,0.058,0.792,0.818,0.271,0.761,0.582,0.083,0.859,0.112,0.591,0.564,0.842,0.563,0.0,0.732,0.348,0.562,0.101,0.773,-0.059,-0.032,0.039,0.541,-0.058,0.71,0.384,-0.405,0.185,0.598,0.549,0.655,0.362,-0.07,0.383,0.355,0.159,0.492,0.738,0.851,0.61,0.627,0.214,0.787
AZTA,0.475,0.467,0.55,0.471,0.534,0.042,0.751,0.371,0.766,0.394,0.459,0.312,0.112,0.222,0.362,0.0,0.196,0.241,0.076,0.079,0.512,0.115,0.277,0.477,0.557,0.603,0.488,0.677,0.611,0.392,0.325,0.581,0.601,0.4,0.465,0.615,0.084,0.336,0.131,0.51,0.309,0.392,0.632,0.493,0.458,0.32,0.329,0.553,0.631,0.077,0.378,0.395,0.688,-0.34,0.506,0.462,0.387,0.496,0.523,0.495,0.518,0.398,0.699,0.476,0.692,0.592,0.585,0.56,0.631,0.298,0.037,0.415,0.554,0.567,-0.03,-0.062,0.492,0.489,0.36,-0.003,-0.056,0.307,0.32,0.632,0.293,-0.087,0.384,-0.173,0.678,0.383,0.092,0.466,0.677,-0.038,0.303,-0.357,0.527,0.201,0.434,-0.028,0.514,0.4,0.165,0.002,0.392,0.642,0.577,0.439,0.364,0.333,0.658,0.436,0.303,0.037,0.624,0.546,0.799,0.552,0.365,0.699,0.585,0.579,0.792,-0.114,0.211,0.393,0.094,0.598,0.066,0.558,0.374,0.638,0.353,0.487,0.461,0.245,0.63,0.537,0.788,0.118,0.571,0.54,0.348,0.265,0.543,0.29,0.513,0.356,-0.215,0.42,0.405,0.47,0.394,0.671,-0.073,0.462,0.368,0.515,0.425,0.2,0.175,0.414,0.599,0.491,0.525,0.641,0.361,0.484,0.464,0.553,0.251,0.356,0.391,0.474,0.334,0.364,0.524,-0.072,0.271,0.474,-0.143,0.428,0.434,-0.232,0.429,0.521,0.599,0.204,0.28,0.252,0.366,0.089,0.324,0.638,0.497,0.401,0.446,0.485,-0.025,0.354
BAND,0.377,0.811,0.321,0.656,0.107,-0.501,0.364,0.87,0.335,0.594,0.203,-0.709,0.714,0.863,0.536,0.196,0.0,-0.593,0.173,-0.589,0.846,0.199,0.82,0.675,0.716,-0.258,-0.246,0.352,0.727,0.617,0.16,0.806,0.605,0.614,-0.41,0.421,-0.015,-0.183,-0.399,0.774,-0.444,-0.554,0.596,0.818,0.787,-0.007,0.901,0.435,0.745,0.311,0.795,0.643,0.097,-0.485,-0.018,0.096,0.798,0.45,0.43,0.554,0.618,0.286,-0.263,0.74,0.405,0.112,0.666,0.47,0.091,-0.452,-0.624,0.521,0.723,0.835,-0.493,0.652,0.702,0.737,-0.103,-0.792,-0.731,0.758,0.753,0.641,0.072,0.265,0.64,-0.795,0.006,0.422,-0.419,0.907,0.682,-0.797,0.697,-0.814,0.849,0.882,0.13,-0.774,0.852,-0.556,0.299,-0.934,0.754,-0.066,0.673,-0.377,0.42,0.074,0.42,0.708,-0.391,0.443,0.501,0.338,0.343,0.635,-0.293,0.468,0.249,-0.1,0.207,-0.686,-0.68,0.912,-0.494,0.807,-0.754,0.514,0.635,0.367,-0.03,-0.319,0.679,0.586,-0.025,-0.108,0.533,0.666,-0.004,0.598,-0.506,0.398,0.711,0.779,0.509,0.768,-0.688,0.535,0.236,0.741,0.582,-0.105,-0.514,-0.586,0.566,0.568,0.741,0.34,-0.391,-0.018,0.501,0.653,0.453,-0.111,-0.032,0.855,0.408,-0.114,0.335,0.067,0.779,0.724,0.566,0.771,0.329,0.138,0.552,0.862,-0.633,0.374,-0.301,-0.746,-0.56,-0.003,0.595,0.833,0.91,0.633,0.744,0.792,0.71,0.496,0.71,0.535,-0.039,0.651,-0.351,0.781
BECN,0.238,-0.261,0.021,-0.392,0.209,0.391,0.233,-0.454,-0.176,-0.123,-0.094,0.797,-0.588,-0.461,0.179,0.241,-0.593,0.0,-0.254,0.679,-0.524,-0.339,-0.286,-0.474,-0.386,0.433,0.567,-0.056,-0.227,-0.401,-0.348,-0.371,-0.135,-0.574,0.747,-0.264,0.175,0.474,0.619,-0.327,0.657,0.898,-0.165,-0.343,-0.325,0.498,-0.489,0.088,-0.237,0.058,-0.403,-0.377,0.394,0.433,0.44,-0.144,-0.203,-0.144,-0.002,-0.005,-0.324,0.256,0.664,-0.256,0.007,0.257,-0.312,-0.168,0.418,0.883,0.63,-0.327,-0.25,-0.302,0.692,-0.695,-0.253,-0.266,0.665,0.854,0.612,-0.499,-0.487,-0.215,0.316,-0.418,-0.43,0.788,0.3,-0.463,0.69,-0.444,-0.073,0.691,-0.34,0.498,-0.396,-0.593,0.499,0.73,-0.348,0.53,0.102,0.713,-0.325,0.629,-0.19,0.812,-0.181,0.447,0.224,-0.368,0.646,-0.306,-0.032,0.247,0.202,-0.385,0.735,0.205,0.313,0.684,0.274,0.737,0.828,-0.44,0.715,-0.165,0.781,0.083,-0.275,0.042,0.473,0.448,-0.398,-0.315,0.589,0.669,-0.106,-0.68,0.535,-0.46,0.806,-0.292,-0.178,-0.441,-0.35,-0.204,0.243,0.112,-0.179,-0.072,-0.132,0.459,0.649,0.853,-0.18,-0.511,-0.119,0.254,0.561,0.587,-0.098,-0.513,0.27,0.371,0.547,-0.325,0.358,0.733,-0.211,0.661,-0.451,-0.225,-0.346,-0.275,-0.137,0.068,-0.385,-0.349,0.659,0.185,0.582,0.484,0.85,0.593,-0.223,-0.427,-0.611,-0.565,-0.374,-0.646,-0.47,-0.076,-0.195,0.075,0.672,-0.283,0.515,-0.202
BFC,-0.043,0.215,0.124,0.137,0.091,-0.044,0.032,0.208,0.304,0.057,0.213,-0.138,0.235,0.232,0.0,0.076,0.173,-0.254,0.0,-0.082,0.318,0.143,0.196,0.118,0.416,-0.111,0.056,-0.0,0.077,0.22,0.191,0.138,0.205,0.231,-0.222,0.306,0.393,-0.125,-0.176,0.109,-0.048,-0.26,0.135,0.139,0.125,-0.144,0.191,0.108,0.151,0.066,0.318,0.5,0.187,-0.158,-0.076,0.211,0.152,0.215,0.301,0.092,0.348,-0.112,-0.117,0.385,0.153,-0.051,0.174,0.099,0.008,-0.264,-0.098,0.223,0.285,0.281,-0.173,0.264,0.273,0.387,-0.317,-0.169,-0.142,0.184,0.322,0.058,-0.006,0.181,0.167,-0.223,-0.016,0.257,-0.154,0.221,0.108,-0.103,0.201,-0.124,0.206,0.179,-0.104,-0.146,0.185,-0.054,0.042,-0.24,0.188,-0.072,0.174,-0.078,0.042,0.013,-0.019,0.23,-0.111,0.089,0.171,0.034,0.115,0.266,-0.195,0.086,0.154,-0.219,0.163,-0.14,-0.273,0.298,-0.048,0.182,-0.208,0.254,0.109,0.041,0.139,-0.06,0.458,0.098,-0.196,0.021,0.197,0.288,-0.042,0.258,-0.204,0.177,0.173,0.152,0.258,0.319,0.001,0.059,0.17,0.132,0.379,-0.104,-0.126,-0.266,0.342,0.291,0.03,-0.006,-0.11,-0.104,0.058,0.188,-0.012,0.017,0.024,0.242,0.035,-0.053,0.442,-0.13,0.155,0.409,0.111,0.221,0.162,-0.032,0.298,0.115,-0.132,0.054,0.16,-0.067,-0.181,-0.025,0.23,0.124,0.269,0.215,0.163,0.301,0.258,0.381,0.16,0.095,-0.091,0.164,-0.017,0.025
BGC,0.05,-0.291,-0.01,-0.701,0.296,0.436,0.005,-0.653,-0.321,-0.461,-0.346,0.709,-0.741,-0.37,-0.077,0.079,-0.589,0.679,-0.082,0.0,-0.521,-0.486,-0.128,-0.686,-0.484,0.268,0.472,-0.5,-0.532,-0.652,-0.467,-0.628,-0.389,-0.736,0.318,-0.215,0.569,0.574,0.636,-0.566,0.484,0.59,-0.145,-0.645,-0.654,0.354,-0.701,-0.355,-0.412,0.379,-0.411,-0.21,0.408,0.415,-0.111,-0.308,-0.462,-0.27,0.095,-0.441,-0.232,0.103,0.23,-0.203,-0.216,0.1,-0.655,-0.566,0.29,0.63,0.793,-0.599,-0.45,-0.461,0.772,-0.527,-0.541,-0.18,0.333,0.827,0.795,-0.704,-0.592,-0.525,0.346,-0.465,-0.64,0.765,-0.213,-0.543,0.806,-0.501,-0.302,0.821,-0.515,0.748,-0.525,-0.723,0.329,0.677,-0.444,0.177,0.173,0.541,-0.645,0.152,-0.329,0.794,-0.541,0.546,-0.057,-0.449,0.381,-0.537,-0.308,0.034,-0.039,-0.679,0.357,-0.088,0.022,0.336,0.261,0.724,0.472,-0.515,0.806,-0.372,0.775,0.034,-0.613,-0.415,0.382,0.052,-0.504,-0.635,0.12,0.473,-0.411,-0.661,0.321,-0.555,0.61,-0.516,-0.48,-0.727,-0.512,-0.184,0.222,0.0,-0.555,-0.062,-0.264,-0.076,0.887,0.547,-0.392,-0.656,-0.28,0.167,0.732,0.436,-0.525,-0.689,-0.047,-0.109,0.507,-0.278,0.058,0.52,-0.283,0.454,-0.685,-0.298,-0.665,-0.221,-0.365,-0.183,-0.51,-0.58,0.896,0.235,0.346,0.843,0.447,0.206,-0.2,-0.296,-0.638,-0.673,-0.623,-0.439,-0.632,-0.2,-0.265,0.13,0.55,-0.366,0.696,-0.295
BHF,0.485,0.838,0.399,0.678,0.398,-0.483,0.539,0.791,0.624,0.48,0.274,-0.502,0.593,0.818,0.5,0.512,0.846,-0.524,0.318,-0.521,0.0,0.155,0.763,0.699,0.875,0.082,0.009,0.554,0.808,0.621,0.307,0.863,0.758,0.706,-0.238,0.707,0.076,-0.005,-0.266,0.784,-0.227,-0.441,0.788,0.807,0.751,0.123,0.807,0.449,0.802,0.279,0.899,0.739,0.343,-0.697,0.036,0.395,0.667,0.485,0.663,0.543,0.787,0.366,0.001,0.834,0.614,0.368,0.771,0.539,0.327,-0.384,-0.455,0.554,0.726,0.893,-0.447,0.596,0.777,0.868,-0.119,-0.74,-0.581,0.671,0.702,0.694,0.216,0.12,0.596,-0.806,0.225,0.578,-0.352,0.929,0.72,-0.667,0.582,-0.822,0.873,0.749,0.203,-0.718,0.907,-0.287,0.34,-0.753,0.695,0.083,0.711,-0.207,0.397,0.181,0.534,0.68,-0.19,0.244,0.641,0.32,0.584,0.77,-0.174,0.562,0.309,0.021,0.459,-0.646,-0.583,0.9,-0.352,0.834,-0.635,0.571,0.577,0.489,0.032,-0.142,0.831,0.462,0.049,0.032,0.743,0.613,0.176,0.668,-0.352,0.313,0.678,0.669,0.605,0.774,-0.645,0.543,0.315,0.73,0.607,0.095,-0.493,-0.403,0.639,0.732,0.687,0.31,-0.228,0.107,0.626,0.726,0.494,0.089,0.096,0.883,0.361,-0.002,0.368,0.037,0.723,0.796,0.511,0.799,0.395,-0.116,0.504,0.813,-0.63,0.394,-0.022,-0.69,-0.398,0.114,0.777,0.752,0.845,0.592,0.652,0.782,0.646,0.761,0.773,0.575,0.024,0.696,-0.288,0.692
BHFAL,-0.559,-0.149,0.413,0.64,-0.551,0.025,-0.24,0.477,0.417,0.669,0.858,-0.415,0.739,-0.077,-0.385,0.115,0.199,-0.339,0.143,-0.486,0.155,0.0,-0.225,0.691,0.33,-0.289,-0.58,0.279,0.12,0.727,0.743,0.4,0.185,0.648,-0.293,-0.029,-0.286,-0.789,-0.855,0.45,-0.628,-0.237,-0.064,0.399,0.45,-0.726,0.47,0.219,0.247,-0.703,-0.093,0.325,-0.233,0.058,0.235,0.423,0.38,0.7,-0.438,0.125,0.213,-0.647,-0.132,-0.026,0.254,-0.51,0.397,0.668,-0.45,-0.441,-0.761,0.681,0.434,0.198,-0.828,0.3,0.302,-0.109,-0.23,-0.328,-0.556,0.683,0.623,0.336,-0.686,0.901,0.762,-0.416,0.302,0.569,-0.751,0.116,0.108,-0.541,0.606,-0.281,0.321,0.562,-0.642,-0.33,0.109,-0.01,-0.757,-0.245,0.442,0.02,0.363,-0.512,0.575,-0.737,-0.273,0.479,-0.556,0.694,-0.007,0.27,-0.04,0.601,-0.355,-0.063,0.139,-0.375,-0.059,-0.613,-0.19,0.157,-0.727,0.083,-0.542,-0.024,0.596,0.416,-0.251,0.258,0.21,0.637,0.078,-0.404,0.28,0.701,-0.479,0.704,-0.493,0.861,0.486,0.592,0.704,-0.166,0.247,-0.429,0.798,-0.29,0.032,0.151,-0.656,-0.26,0.083,0.636,-0.043,-0.64,-0.842,-0.699,0.192,0.67,-0.328,0.42,-0.653,0.088,-0.243,-0.38,0.569,-0.457,0.619,0.153,0.727,-0.255,0.83,0.542,0.71,0.367,-0.577,-0.426,-0.484,-0.415,-0.166,-0.235,-0.042,-0.231,0.467,0.776,0.57,0.074,0.69,-0.022,-0.156,-0.549,-0.533,-0.048,-0.684,-0.191
BKNG,0.623,0.867,0.306,0.283,0.442,-0.38,0.489,0.579,0.165,0.293,-0.124,-0.382,0.318,0.887,0.677,0.277,0.82,-0.286,0.196,-0.128,0.763,-0.225,0.0,0.286,0.572,-0.047,0.094,0.112,0.561,0.246,-0.195,0.552,0.498,0.212,-0.295,0.445,0.372,0.246,0.045,0.535,-0.12,-0.338,0.685,0.556,0.495,0.347,0.604,0.255,0.609,0.72,0.837,0.648,0.418,-0.405,-0.171,-0.099,0.602,0.266,0.702,0.365,0.621,0.536,-0.183,0.81,0.375,0.297,0.36,0.097,0.357,-0.148,-0.157,0.158,0.516,0.733,-0.017,0.524,0.499,0.85,0.042,-0.454,-0.332,0.385,0.488,0.384,0.416,-0.128,0.254,-0.48,-0.169,0.15,0.059,0.821,0.595,-0.43,0.427,-0.519,0.688,0.553,0.452,-0.537,0.789,-0.533,0.613,-0.789,0.448,-0.018,0.58,0.087,0.103,0.559,0.501,0.516,-0.172,0.075,0.451,0.368,0.409,0.313,-0.124,0.515,0.287,0.094,0.443,-0.331,-0.578,0.793,0.036,0.745,-0.372,0.628,0.307,0.138,0.265,-0.404,0.546,0.223,-0.019,0.18,0.361,0.324,0.256,0.267,-0.22,-0.03,0.476,0.385,0.201,0.88,-0.762,0.735,-0.184,0.911,0.572,-0.226,0.004,-0.396,0.502,0.212,0.734,0.636,0.11,0.358,0.262,0.28,0.565,-0.256,0.366,0.89,0.54,0.198,0.166,0.395,0.426,0.714,0.161,0.894,0.034,-0.077,0.261,0.625,-0.196,0.623,-0.047,-0.343,-0.419,0.158,0.632,0.892,0.683,0.237,0.425,0.786,0.351,0.547,0.794,0.846,0.307,0.6,0.129,0.77
BL,0.025,0.449,0.574,0.959,-0.135,-0.206,0.335,0.872,0.734,0.806,0.76,-0.515,0.856,0.436,0.153,0.477,0.675,-0.474,0.118,-0.686,0.699,0.691,0.286,0.0,0.741,-0.006,-0.29,0.669,0.699,0.919,0.692,0.881,0.588,0.911,-0.166,0.405,-0.338,-0.464,-0.695,0.848,-0.493,-0.311,0.423,0.857,0.87,-0.319,0.872,0.603,0.763,-0.354,0.464,0.516,0.068,-0.361,0.367,0.442,0.738,0.771,0.068,0.568,0.53,-0.085,0.07,0.429,0.541,0.0,0.845,0.871,-0.033,-0.448,-0.798,0.85,0.792,0.716,-0.816,0.473,0.698,0.402,-0.099,-0.668,-0.786,0.927,0.844,0.811,-0.34,0.617,0.949,-0.746,0.475,0.743,-0.724,0.673,0.667,-0.8,0.826,-0.762,0.823,0.866,-0.195,-0.628,0.652,-0.061,-0.28,-0.574,0.831,0.199,0.746,-0.435,0.746,-0.386,0.306,0.802,-0.395,0.689,0.498,0.482,0.429,0.904,-0.222,0.453,0.413,-0.061,0.282,-0.82,-0.346,0.668,-0.739,0.655,-0.705,0.333,0.829,0.71,-0.132,0.219,0.619,0.82,0.254,-0.151,0.74,0.776,-0.111,0.913,-0.447,0.795,0.819,0.875,0.879,0.335,-0.226,0.139,0.795,0.311,0.456,0.341,-0.776,-0.28,0.458,0.905,0.461,-0.211,-0.687,-0.31,0.677,0.975,0.22,0.448,-0.364,0.581,0.187,-0.169,0.525,-0.207,0.932,0.529,0.889,0.327,0.826,0.38,0.788,0.816,-0.815,-0.029,-0.277,-0.778,-0.231,0.054,0.444,0.334,0.813,0.888,0.879,0.428,0.865,0.421,0.422,0.015,-0.257,0.523,-0.662,0.407
BOKF,0.317,0.672,0.497,0.708,0.323,-0.34,0.509,0.772,0.751,0.603,0.497,-0.39,0.619,0.596,0.36,0.557,0.716,-0.386,0.416,-0.484,0.875,0.33,0.572,0.741,0.0,0.117,0.105,0.603,0.732,0.717,0.49,0.836,0.765,0.781,-0.097,0.64,0.182,-0.065,-0.333,0.723,-0.142,-0.316,0.646,0.758,0.734,-0.034,0.786,0.542,0.729,0.109,0.725,0.794,0.285,-0.53,0.219,0.487,0.659,0.591,0.612,0.611,0.788,0.247,0.115,0.857,0.654,0.314,0.769,0.627,0.261,-0.28,-0.446,0.637,0.775,0.844,-0.479,0.472,0.817,0.826,-0.068,-0.593,-0.526,0.685,0.719,0.712,0.115,0.244,0.654,-0.689,0.347,0.638,-0.395,0.831,0.699,-0.542,0.607,-0.706,0.807,0.705,0.117,-0.477,0.757,-0.113,0.139,-0.611,0.733,0.233,0.686,-0.175,0.481,0.057,0.464,0.727,-0.143,0.334,0.604,0.401,0.615,0.837,-0.102,0.558,0.403,0.084,0.434,-0.577,-0.413,0.835,-0.345,0.756,-0.543,0.544,0.594,0.545,0.042,-0.02,0.893,0.553,0.173,0.136,0.822,0.658,0.166,0.763,-0.203,0.522,0.719,0.694,0.714,0.719,-0.386,0.377,0.476,0.615,0.576,0.227,-0.528,-0.261,0.605,0.794,0.565,0.139,-0.282,0.022,0.627,0.786,0.459,0.309,0.068,0.762,0.383,0.042,0.635,-0.008,0.716,0.871,0.594,0.612,0.573,0.037,0.631,0.784,-0.633,0.314,0.111,-0.643,-0.249,0.178,0.678,0.508,0.758,0.646,0.675,0.585,0.752,0.86,0.611,0.391,0.08,0.623,-0.343,0.53
BRKR,0.388,0.039,0.185,0.085,0.464,0.327,0.547,-0.172,0.445,-0.166,-0.005,0.56,-0.366,-0.172,0.159,0.603,-0.258,0.433,-0.111,0.268,0.082,-0.289,-0.047,-0.006,0.117,0.0,0.688,0.369,0.191,-0.07,0.12,0.091,0.104,-0.004,0.591,0.369,0.039,0.512,0.442,-0.02,0.592,0.457,0.179,-0.004,-0.004,0.463,-0.166,0.326,0.143,0.07,0.109,-0.122,0.416,-0.053,0.313,0.146,-0.116,0.013,0.295,0.155,0.026,0.484,0.641,0.04,0.141,0.584,0.118,0.032,0.475,0.389,0.459,-0.056,-0.024,0.029,0.275,-0.279,0.017,0.08,0.388,0.234,0.275,-0.194,-0.232,0.284,0.291,-0.409,-0.094,0.27,0.374,0.139,0.268,0.029,0.247,0.321,-0.141,0.113,0.044,-0.286,0.379,0.355,-0.038,0.531,0.173,0.379,-0.075,0.387,0.119,0.483,0.089,0.29,0.398,-0.001,0.488,-0.228,0.338,0.199,0.449,0.122,0.413,0.318,0.318,0.548,0.429,0.195,0.433,-0.132,0.463,0.093,0.478,-0.035,-0.022,0.22,0.198,0.401,0.047,-0.094,0.492,0.424,0.321,-0.249,0.548,0.003,0.547,-0.227,-0.032,-0.22,0.052,-0.032,0.19,0.233,0.08,0.18,0.052,0.523,0.21,0.611,-0.108,0.075,-0.024,0.088,0.478,0.451,0.271,0.061,0.292,0.435,0.245,0.011,0.287,0.363,-0.036,0.186,-0.106,-0.034,-0.05,0.05,0.089,-0.201,-0.146,-0.065,0.084,0.177,0.595,0.201,0.488,0.344,0.159,-0.105,-0.221,-0.201,-0.08,-0.239,-0.156,0.293,0.13,0.205,0.375,0.284,0.217,0.017
CACC,0.608,0.232,0.027,-0.212,0.625,0.31,0.629,-0.215,0.208,-0.277,-0.219,0.73,-0.55,-0.063,0.459,0.488,-0.246,0.567,0.056,0.472,0.009,-0.58,0.094,-0.29,0.105,0.688,0.0,0.228,0.207,-0.288,-0.262,-0.075,0.113,-0.25,0.71,0.248,0.299,0.786,0.755,-0.18,0.818,0.585,0.163,-0.111,-0.106,0.7,-0.256,0.309,0.118,0.362,0.133,-0.109,0.514,-0.003,0.365,-0.082,-0.153,-0.24,0.53,0.264,0.05,0.652,0.632,0.22,0.152,0.718,0.025,-0.166,0.684,0.608,0.695,-0.302,-0.007,0.106,0.665,-0.388,-0.005,0.228,0.433,0.397,0.424,-0.381,-0.353,0.148,0.581,-0.693,-0.337,0.461,0.335,-0.115,0.621,0.009,0.263,0.567,-0.295,0.154,-0.032,-0.441,0.711,0.546,-0.024,0.523,0.528,0.412,-0.094,0.504,-0.027,0.697,-0.166,0.649,0.542,-0.086,0.711,-0.412,0.436,0.155,0.508,-0.135,0.564,0.494,0.413,0.744,0.46,0.531,0.51,-0.013,0.654,0.184,0.609,0.27,-0.243,0.143,0.474,0.329,0.163,-0.285,0.413,0.793,0.252,-0.527,0.798,-0.208,0.759,-0.389,-0.081,-0.317,-0.24,0.226,0.05,0.493,-0.243,0.344,0.283,0.458,0.48,0.639,0.132,-0.167,0.139,0.436,0.753,0.79,0.25,-0.25,0.554,0.321,0.647,-0.018,0.51,0.642,-0.045,0.522,-0.281,0.142,-0.329,0.251,-0.22,-0.29,-0.307,-0.141,0.391,0.472,0.837,0.273,0.612,0.585,0.243,0.042,-0.338,-0.499,-0.2,-0.19,-0.314,0.394,0.288,0.479,0.701,0.333,0.561,0.164
CAR,0.398,0.466,0.213,0.72,0.241,-0.231,0.583,0.563,0.72,0.524,0.502,-0.029,0.371,0.236,0.388,0.677,0.352,-0.056,-0.0,-0.5,0.554,0.279,0.112,0.669,0.603,0.369,0.228,0.0,0.795,0.586,0.451,0.755,0.706,0.656,0.424,0.515,-0.43,0.004,-0.11,0.642,0.144,0.154,0.49,0.704,0.697,0.173,0.561,0.732,0.676,-0.243,0.386,0.185,0.19,-0.515,0.664,0.55,0.484,0.354,0.3,0.762,0.394,0.313,0.59,0.381,0.623,0.549,0.853,0.771,0.42,0.035,-0.333,0.594,0.635,0.633,-0.347,0.035,0.667,0.337,0.22,-0.391,-0.447,0.555,0.406,0.796,0.117,0.051,0.562,-0.433,0.808,0.472,-0.288,0.525,0.687,-0.37,0.394,-0.712,0.567,0.426,0.245,-0.24,0.537,0.364,0.083,-0.1,0.624,0.588,0.445,-0.089,0.568,-0.068,0.624,0.421,0.26,0.274,0.739,0.278,0.685,0.753,0.258,0.621,0.409,0.431,0.329,-0.309,0.134,0.498,-0.359,0.63,-0.297,0.427,0.576,0.79,0.037,0.468,0.626,0.477,0.595,0.264,0.846,0.284,0.401,0.624,0.118,0.455,0.662,0.609,0.539,0.278,-0.238,0.334,0.664,0.314,0.424,0.774,-0.59,0.24,0.508,0.723,0.471,0.116,-0.226,0.186,0.892,0.658,0.534,0.656,0.036,0.329,0.349,0.209,0.24,0.084,0.614,0.434,0.575,0.317,0.499,-0.011,0.343,0.64,-0.614,0.197,0.325,-0.697,0.284,0.406,0.529,0.175,0.395,0.419,0.556,0.113,0.531,0.58,0.462,0.201,0.111,0.554,-0.443,0.407
CDNA,0.647,0.83,0.332,0.75,0.348,-0.314,0.764,0.814,0.608,0.57,0.337,-0.228,0.517,0.67,0.705,0.611,0.727,-0.227,0.077,-0.532,0.808,0.12,0.561,0.699,0.732,0.191,0.207,0.795,0.0,0.634,0.246,0.878,0.769,0.66,0.195,0.538,-0.276,0.079,-0.091,0.792,0.004,-0.07,0.644,0.886,0.857,0.297,0.794,0.763,0.896,0.089,0.747,0.385,0.324,-0.555,0.477,0.299,0.721,0.405,0.506,0.826,0.545,0.506,0.34,0.644,0.642,0.53,0.916,0.703,0.487,-0.1,-0.414,0.569,0.785,0.896,-0.311,0.31,0.768,0.633,0.15,-0.598,-0.613,0.672,0.59,0.879,0.229,0.009,0.627,-0.592,0.601,0.505,-0.253,0.819,0.865,-0.587,0.591,-0.883,0.842,0.667,0.433,-0.511,0.829,0.057,0.39,-0.487,0.811,0.419,0.668,-0.089,0.538,0.188,0.77,0.65,0.085,0.334,0.867,0.424,0.698,0.745,0.142,0.805,0.532,0.384,0.455,-0.454,-0.177,0.832,-0.362,0.908,-0.465,0.61,0.689,0.765,0.199,0.242,0.768,0.566,0.418,0.306,0.851,0.376,0.442,0.636,-0.069,0.38,0.785,0.753,0.53,0.659,-0.558,0.693,0.456,0.685,0.697,0.513,-0.496,-0.062,0.708,0.665,0.777,0.405,-0.183,0.329,0.909,0.678,0.73,0.413,0.184,0.671,0.593,0.252,0.251,0.275,0.761,0.661,0.593,0.73,0.405,0.041,0.431,0.829,-0.591,0.445,0.194,-0.804,0.033,0.446,0.692,0.66,0.699,0.483,0.75,0.512,0.593,0.654,0.812,0.559,0.214,0.799,-0.267,0.782
CG,-0.036,0.377,0.653,0.918,-0.277,-0.094,0.311,0.876,0.688,0.843,0.81,-0.478,0.9,0.379,0.121,0.392,0.617,-0.401,0.22,-0.652,0.621,0.727,0.246,0.919,0.717,-0.07,-0.288,0.586,0.634,0.0,0.675,0.8,0.53,0.842,-0.181,0.274,-0.277,-0.551,-0.728,0.803,-0.488,-0.302,0.259,0.837,0.87,-0.397,0.869,0.616,0.671,-0.389,0.457,0.511,0.133,-0.145,0.394,0.368,0.721,0.817,-0.005,0.587,0.417,-0.172,0.031,0.396,0.506,-0.159,0.768,0.851,-0.156,-0.4,-0.802,0.908,0.804,0.677,-0.787,0.475,0.647,0.365,-0.159,-0.585,-0.824,0.923,0.878,0.709,-0.473,0.701,0.945,-0.629,0.476,0.722,-0.73,0.564,0.577,-0.758,0.877,-0.656,0.817,0.87,-0.261,-0.498,0.579,0.005,-0.358,-0.537,0.869,0.206,0.797,-0.405,0.845,-0.415,0.188,0.876,-0.463,0.811,0.447,0.608,0.327,0.876,-0.267,0.413,0.526,-0.12,0.255,-0.776,-0.312,0.625,-0.71,0.594,-0.657,0.341,0.806,0.695,0.005,0.308,0.613,0.922,0.243,-0.079,0.672,0.803,-0.152,0.857,-0.456,0.841,0.85,0.876,0.922,0.312,-0.095,0.12,0.822,0.252,0.535,0.302,-0.699,-0.308,0.528,0.83,0.391,-0.26,-0.726,-0.329,0.613,0.922,0.194,0.522,-0.396,0.522,0.218,-0.095,0.625,-0.171,0.895,0.511,0.946,0.308,0.867,0.521,0.874,0.76,-0.752,-0.149,-0.245,-0.713,-0.185,0.102,0.286,0.262,0.779,0.919,0.902,0.429,0.87,0.372,0.421,-0.028,-0.237,0.445,-0.551,0.296
CGBD,-0.396,-0.06,0.437,0.655,-0.225,0.076,-0.007,0.398,0.648,0.433,0.708,-0.197,0.549,-0.077,-0.358,0.325,0.16,-0.348,0.191,-0.467,0.307,0.743,-0.195,0.692,0.49,0.12,-0.262,0.451,0.246,0.675,0.0,0.444,0.215,0.725,-0.078,0.26,-0.222,-0.486,-0.622,0.327,-0.357,-0.194,0.056,0.363,0.392,-0.525,0.401,0.28,0.312,-0.558,0.011,0.304,-0.135,-0.14,0.221,0.545,0.268,0.544,-0.154,0.142,0.323,-0.408,0.081,0.1,0.252,-0.146,0.484,0.631,-0.174,-0.448,-0.49,0.627,0.379,0.197,-0.743,0.216,0.303,0.043,-0.142,-0.361,-0.431,0.556,0.465,0.458,-0.52,0.626,0.672,-0.435,0.365,0.657,-0.664,0.204,0.242,-0.408,0.435,-0.273,0.35,0.421,-0.474,-0.256,0.144,0.212,-0.529,-0.164,0.4,0.045,0.318,-0.387,0.488,-0.606,-0.051,0.476,-0.318,0.464,0.15,0.192,0.19,0.639,-0.192,0.064,0.144,-0.189,0.078,-0.552,-0.096,0.182,-0.557,0.141,-0.391,-0.071,0.485,0.43,-0.253,0.315,0.327,0.504,0.12,-0.295,0.472,0.616,-0.267,0.714,-0.294,0.681,0.382,0.453,0.695,-0.139,0.259,-0.339,0.769,-0.162,0.045,0.317,-0.648,-0.093,0.007,0.73,-0.073,-0.594,-0.577,-0.509,0.369,0.743,-0.173,0.447,-0.539,0.135,-0.209,-0.325,0.543,-0.525,0.569,0.185,0.627,-0.177,0.723,0.218,0.525,0.294,-0.596,-0.335,-0.142,-0.359,-0.083,-0.08,0.127,-0.162,0.382,0.708,0.477,0.028,0.551,0.224,-0.088,-0.427,-0.426,0.165,-0.602,-0.083
