,ACET,ADAP,ADI,ADPT,ADTN,AGEN,ALGN,ALLK,AMD,AMWD,ARDX,ARQT,ASTE,AUPH,AVXL,AZTA,BAND,BECN,BFC,BGC,BHF,BHFAL,BKNG,BL,BOKF,BRKR,CACC,CAR,CDNA,CG,CGBD,CHI,CHTR,CHX,CLNE,CME,CNOB,CNXN,CPRX,CSGP,CSGS,CSIQ,CVCO,CVLT,CYRX,DDOG,DOOO,DSGX,DTIL,ECPG,EEFT,EFSC,ENTG,ESPR,ETSY,EXC,FAMI,FFIV,FITB,FIZZ,FMBH,FOX,FTNT,FULT,GABC,GEN,GH,GMAB,GNPX,GO,GOGL,GOOG,GPRO,GSHD,GSM,GWAV,HAIN,HBAN,HEPA,HURN,HWKN,IBIO,ICFI,IGMS,IMKTA,INCY,INO,IRDM,IRTC,IRWD,ITCI,JACK,JD,JJSF,KALA,KHC,KLAC,KRRO,KRYS,LANC,LBTYA,LIVN,LKCO,LNTH,LOGI,LPRO,LRCX,LSCC,LSTR,MAR,MARA,MCHP,MEOH,META,MGTX,MKSI,MMYT,MORN,MRUS,MTLS,MTSI,MVIS,MXL,NBIX,NFE,NMIH,NMRK,NNDM,NSIT,NTCT,NVAX,OCUL,ODP,OLED,ONB,OTEX,PACB,PATK,PAYX,PEP,PERI,PI,PLYA,PRDO,PRGS,PTGX,QCOM,QCRH,QDEL,QFIN,RGEN,RILY,RPAY,RPD,SABR,SEDG,SHEN,SIRI,SLNO,SNDL,SNEX,SONO,SPT,SSNC,STGW,STKL,STRL,STX,SWTX,SYNA,TFSL,TIGR,TNXP,TOWN,TRI,TRIP,TRMB,TRNS,TRS,TSCO,TSEM,TVTX,TXRH,VC,VCEL,VECO,VIAV,VICR,VIR,VRTX,VSTM,VTRS,WDFC,WSBC,WSC,WYNN,XENE,XNCR,XRAY,ZS
ACET,0.0,0.531,0.424,0.574,-0.654,-0.15,0.482,0.448,0.36,0.201,-0.534,0.664,0.591,-0.441,0.641,-0.054,0.616,0.36,0.216,0.408,-0.311,-0.058,0.502,0.476,-0.117,0.737,0.519,0.174,-0.401,0.175,0.328,0.268,0.345,0.739,0.747,0.02,-0.054,-0.421,0.338,0.441,-0.518,0.5,0.204,0.756,-0.451,-0.012,0.282,0.506,-0.069,-0.175,0.323,-0.394,-0.053,0.134,0.379,0.075,-0.38,0.07,0.36,0.007,-0.286,0.127,-0.003,0.737,0.422,0.048,0.27,0.339,0.182,-0.538,0.898,0.037,0.169,-0.004,0.459,-0.146,0.542,0.242,-0.683,-0.265,-0.484,-0.499,-0.623,0.333,0.015,0.331,0.678,0.128,-0.522,0.599,0.558,0.054,0.327,-0.455,0.343,-0.616,0.475,0.719,0.216,0.524,0.598,0.259,-0.075,-0.523,0.621,-0.026,0.729,0.335,0.551,0.012,-0.21,0.512,0.663,0.413,-0.338,-0.197,0.535,0.477,-0.08,0.028,0.605,-0.141,0.551,0.399,-0.146,0.296,0.159,0.709,0.21,-0.491,0.303,-0.3,0.308,0.491,0.103,0.007,0.334,0.394,0.299,-0.378,0.204,-0.117,-0.008,0.497,0.331,0.121,0.122,0.111,0.567,0.596,0.675,0.498,0.024,-0.484,-0.091,0.302,-0.615,0.506,-0.256,0.195,-0.024,0.251,0.356,0.383,0.015,-0.409,0.586,0.56,0.118,0.478,0.336,0.298,0.385,0.094,0.116,-0.218,0.172,-0.047,0.422,-0.5,-0.357,0.072,-0.126,0.478,-0.341,0.359,-0.579,0.638,0.585,-0.297,0.177,0.669,0.237,0.199,0.543,0.553,-0.361,0.452,0.017,-0.375
ADAP,0.531,0.0,0.931,0.578,-0.716,0.571,0.598,0.954,0.899,0.871,0.229,0.708,0.345,-0.784,0.538,0.696,0.839,0.759,0.814,0.534,-0.559,0.487,0.803,0.767,-0.556,0.84,0.656,-0.237,-0.906,0.473,0.936,0.901,0.748,0.856,0.347,0.513,0.587,0.279,0.812,0.204,-0.485,0.892,-0.075,0.812,-0.728,-0.043,0.681,0.506,0.541,0.028,0.776,-0.557,0.0,-0.685,0.871,0.487,-0.462,0.664,0.467,0.759,-0.639,0.651,0.093,0.588,0.565,0.475,0.335,0.927,-0.344,-0.884,0.414,0.587,0.404,0.163,-0.429,-0.505,0.912,-0.257,-0.739,-0.067,-0.833,-0.789,-0.789,0.618,0.678,0.665,0.54,0.306,-0.682,0.674,0.746,-0.423,0.897,0.355,0.418,-0.334,0.957,0.429,0.348,0.816,0.95,0.851,0.448,-0.816,0.93,0.084,0.908,0.923,0.926,0.491,-0.853,0.947,0.843,0.887,-0.898,-0.185,0.573,0.83,-0.432,-0.282,0.956,-0.72,0.91,0.076,-0.815,-0.466,0.165,0.151,0.869,0.322,-0.114,-0.833,0.921,0.894,-0.549,0.2,0.873,0.882,0.791,0.121,0.841,0.152,-0.207,0.965,0.793,-0.214,0.617,0.364,0.347,0.908,0.385,0.553,0.683,-0.738,-0.171,0.931,-0.57,0.926,0.273,0.739,0.604,0.787,0.588,0.647,0.435,-0.835,0.658,0.812,0.306,0.867,0.422,0.845,-0.174,0.25,0.82,-0.772,0.228,0.461,0.846,0.079,0.274,-0.435,-0.105,0.908,-0.785,0.815,-0.802,0.828,0.88,0.195,0.013,0.894,0.868,0.251,0.848,0.876,-0.844,0.722,0.399,-0.258
ADI,0.424,0.931,0.0,0.595,-0.6,0.676,0.671,0.923,0.963,0.938,0.305,0.651,0.38,-0.665,0.491,0.807,0.771,0.88,0.861,0.657,-0.355,0.609,0.85,0.845,-0.459,0.793,0.712,-0.203,-0.884,0.659,0.95,0.922,0.855,0.796,0.264,0.598,0.756,0.463,0.905,0.261,-0.265,0.852,0.067,0.796,-0.633,0.059,0.84,0.565,0.586,0.197,0.892,-0.401,0.198,-0.774,0.916,0.653,-0.351,0.832,0.646,0.804,-0.54,0.726,0.246,0.657,0.593,0.533,0.484,0.938,-0.306,-0.796,0.313,0.739,0.523,0.294,-0.464,-0.48,0.9,-0.187,-0.721,-0.11,-0.729,-0.689,-0.663,0.686,0.789,0.608,0.462,0.336,-0.537,0.605,0.65,-0.515,0.897,0.496,0.365,-0.175,0.985,0.281,0.478,0.725,0.921,0.92,0.518,-0.688,0.931,0.252,0.898,0.974,0.953,0.656,-0.822,0.98,0.852,0.923,-0.845,0.028,0.644,0.888,-0.344,-0.197,0.917,-0.646,0.955,-0.042,-0.792,-0.418,0.297,0.021,0.94,0.487,-0.128,-0.766,0.957,0.95,-0.556,0.388,0.916,0.944,0.903,0.29,0.919,0.382,-0.014,0.928,0.911,-0.182,0.78,0.496,0.389,0.876,0.373,0.648,0.804,-0.613,-0.004,0.954,-0.382,0.941,0.378,0.782,0.789,0.9,0.684,0.753,0.539,-0.81,0.54,0.864,0.435,0.942,0.51,0.88,-0.239,0.311,0.904,-0.718,0.418,0.585,0.853,0.321,0.473,-0.394,-0.032,0.926,-0.697,0.893,-0.7,0.869,0.842,0.294,0.046,0.878,0.938,0.417,0.782,0.834,-0.736,0.685,0.543,-0.075
ADPT,0.574,0.578,0.595,0.0,-0.349,0.405,0.734,0.541,0.63,0.534,-0.076,0.685,0.533,-0.413,0.715,0.422,0.643,0.689,0.45,0.507,-0.005,0.172,0.764,0.713,-0.184,0.697,0.676,-0.104,-0.468,0.643,0.503,0.543,0.627,0.65,0.548,0.287,0.427,0.066,0.374,0.491,-0.264,0.675,0.164,0.765,-0.309,0.313,0.534,0.697,0.431,0.052,0.58,-0.169,0.132,-0.22,0.6,0.355,-0.078,0.473,0.578,0.476,-0.427,0.631,0.199,0.629,0.536,0.313,0.683,0.517,0.084,-0.584,0.564,0.382,0.312,0.452,0.011,-0.367,0.664,-0.032,-0.396,-0.317,-0.257,-0.261,-0.515,0.655,0.303,0.49,0.648,0.204,-0.276,0.355,0.422,0.043,0.594,-0.013,0.381,-0.498,0.635,0.544,0.118,0.451,0.679,0.481,0.355,-0.44,0.686,0.426,0.731,0.6,0.661,0.428,-0.385,0.65,0.742,0.553,-0.565,0.121,0.716,0.755,-0.133,0.184,0.673,-0.126,0.729,0.006,-0.355,0.022,0.242,0.401,0.447,0.042,0.316,-0.25,0.541,0.628,-0.301,0.327,0.625,0.596,0.502,-0.219,0.511,0.265,0.292,0.547,0.561,0.154,0.42,0.084,0.739,0.734,0.631,0.493,0.519,-0.379,0.181,0.507,-0.284,0.508,0.138,0.6,0.219,0.607,0.534,0.66,0.303,-0.634,0.419,0.584,0.468,0.625,0.546,0.635,0.17,0.482,0.377,-0.119,0.39,0.171,0.503,-0.044,0.13,0.018,0.167,0.652,-0.154,0.561,-0.444,0.741,0.567,-0.071,0.403,0.568,0.501,0.297,0.454,0.723,-0.349,0.408,0.284,0.02
ADTN,-0.654,-0.716,-0.6,-0.349,0.0,0.011,-0.183,-0.669,-0.461,-0.411,0.098,-0.629,-0.411,0.731,-0.29,-0.146,-0.675,-0.379,-0.572,-0.248,0.694,-0.129,-0.441,-0.457,0.379,-0.754,-0.309,0.114,0.742,-0.023,-0.618,-0.539,-0.334,-0.776,-0.429,-0.133,-0.11,0.255,-0.578,-0.111,0.71,-0.632,0.065,-0.609,0.846,0.431,-0.388,-0.166,0.025,0.297,-0.346,0.51,0.31,0.169,-0.452,-0.134,0.752,-0.138,-0.156,-0.291,0.284,-0.129,0.204,-0.595,-0.513,-0.217,0.062,-0.633,0.34,0.76,-0.546,-0.134,-0.003,0.281,0.074,0.218,-0.614,-0.124,0.859,-0.069,0.809,0.881,0.829,-0.141,-0.349,-0.548,-0.368,-0.429,0.851,-0.749,-0.738,0.311,-0.536,0.001,-0.22,0.265,-0.625,-0.582,-0.248,-0.83,-0.669,-0.485,0.035,0.8,-0.668,0.371,-0.72,-0.508,-0.625,-0.008,0.617,-0.63,-0.665,-0.536,0.609,0.558,-0.288,-0.476,0.362,0.531,-0.738,0.625,-0.565,-0.41,0.438,0.088,-0.005,-0.395,-0.51,0.175,0.257,0.798,-0.499,-0.62,0.021,0.212,-0.412,-0.506,-0.391,-0.03,-0.367,0.262,0.401,-0.728,-0.44,0.324,-0.153,-0.179,-0.246,-0.635,-0.198,-0.43,-0.118,0.771,0.484,-0.55,0.722,-0.713,0.129,-0.193,-0.259,-0.305,-0.233,-0.256,0.102,0.44,-0.793,-0.532,0.22,-0.512,-0.185,-0.425,0.127,-0.11,-0.472,0.677,0.052,-0.131,-0.652,0.388,0.294,0.414,0.081,-0.654,0.833,-0.432,0.876,-0.47,-0.809,0.01,0.189,-0.745,-0.463,-0.205,-0.837,-0.627,0.804,-0.503,-0.006,0.675
AGEN,-0.15,0.571,0.676,0.405,0.011,0.0,0.562,0.617,0.798,0.796,0.551,0.311,-0.037,-0.383,0.362,0.934,0.436,0.608,0.592,0.435,-0.081,0.624,0.657,0.654,-0.459,0.339,0.481,-0.166,-0.558,0.67,0.683,0.748,0.726,0.346,-0.056,0.499,0.8,0.691,0.552,0.084,0.081,0.527,-0.174,0.411,-0.207,0.377,0.577,0.473,0.838,0.292,0.695,-0.281,0.296,-0.853,0.79,0.449,0.211,0.799,0.431,0.891,-0.547,0.769,0.303,0.076,0.235,0.339,0.502,0.694,-0.268,-0.402,-0.195,0.771,0.47,0.387,-0.712,-0.679,0.565,-0.529,-0.098,-0.107,-0.363,-0.164,-0.302,0.73,0.724,0.292,0.307,0.118,-0.079,0.108,0.226,-0.272,0.775,0.731,0.204,-0.104,0.683,-0.08,0.167,0.323,0.594,0.73,0.86,-0.336,0.575,0.441,0.437,0.785,0.613,0.659,-0.583,0.656,0.438,0.689,-0.665,0.254,0.41,0.623,-0.253,0.132,0.551,-0.433,0.665,-0.544,-0.692,-0.69,0.238,-0.267,0.736,0.744,-0.031,-0.378,0.766,0.646,-0.86,0.472,0.796,0.708,0.66,0.16,0.822,0.427,0.032,0.54,0.673,-0.138,0.713,0.31,0.106,0.619,0.215,0.367,0.918,-0.253,0.231,0.709,-0.01,0.565,0.742,0.845,0.651,0.808,0.533,0.607,0.717,-0.735,0.022,0.536,0.688,0.641,0.346,0.837,-0.098,0.237,0.736,-0.385,0.354,0.602,0.545,0.582,0.764,-0.265,-0.041,0.556,-0.267,0.662,-0.272,0.547,0.425,0.263,0.059,0.398,0.788,0.099,0.31,0.561,-0.448,0.355,0.556,0.322
ALGN,0.482,0.598,0.671,0.734,-0.183,0.562,0.0,0.61,0.73,0.645,-0.068,0.553,0.472,-0.154,0.848,0.578,0.453,0.753,0.347,0.803,0.065,0.466,0.864,0.849,-0.092,0.543,0.914,0.067,-0.385,0.781,0.573,0.613,0.889,0.56,0.583,0.536,0.554,0.275,0.439,0.681,0.133,0.6,0.415,0.655,-0.073,0.645,0.727,0.88,0.652,0.497,0.821,-0.243,0.605,-0.445,0.711,0.599,0.122,0.72,0.83,0.528,-0.388,0.612,0.65,0.584,0.322,0.448,0.85,0.53,0.337,-0.435,0.381,0.756,0.768,0.633,0.011,-0.442,0.733,-0.203,-0.411,-0.599,-0.332,-0.086,-0.378,0.905,0.467,0.253,0.712,-0.002,0.033,0.143,0.195,0.051,0.579,0.054,0.652,-0.479,0.691,0.146,0.366,0.245,0.674,0.527,0.516,-0.216,0.762,0.656,0.745,0.676,0.701,0.776,-0.245,0.707,0.61,0.742,-0.489,0.509,0.872,0.783,0.167,0.49,0.61,0.005,0.77,-0.368,-0.531,-0.09,0.512,0.166,0.521,0.197,0.576,-0.183,0.623,0.682,-0.499,0.719,0.766,0.732,0.757,-0.112,0.709,0.436,0.438,0.581,0.769,0.38,0.777,0.435,0.71,0.717,0.79,0.542,0.728,-0.078,0.588,0.611,0.032,0.585,0.337,0.775,0.426,0.823,0.875,0.926,0.695,-0.69,0.056,0.767,0.767,0.791,0.643,0.662,0.277,0.288,0.508,-0.112,0.776,0.523,0.49,0.278,0.532,0.253,-0.026,0.568,-0.139,0.768,-0.241,0.864,0.434,-0.013,0.402,0.625,0.657,0.392,0.273,0.612,-0.296,0.625,0.644,0.423
ALLK,0.448,0.954,0.923,0.541,-0.669,0.617,0.61,0.0,0.884,0.855,0.217,0.73,0.339,-0.699,0.566,0.729,0.78,0.727,0.758,0.607,-0.571,0.547,0.794,0.803,-0.558,0.777,0.642,-0.182,-0.858,0.46,0.929,0.91,0.781,0.827,0.364,0.507,0.561,0.284,0.81,0.258,-0.398,0.851,-0.033,0.748,-0.694,0.032,0.733,0.516,0.576,0.121,0.8,-0.575,0.1,-0.695,0.856,0.481,-0.375,0.653,0.487,0.777,-0.583,0.61,0.203,0.541,0.508,0.423,0.371,0.911,-0.317,-0.789,0.325,0.674,0.494,0.183,-0.445,-0.596,0.939,-0.237,-0.709,-0.105,-0.839,-0.739,-0.757,0.655,0.734,0.567,0.563,0.392,-0.61,0.618,0.659,-0.36,0.901,0.404,0.46,-0.319,0.937,0.292,0.468,0.788,0.91,0.825,0.534,-0.759,0.927,0.12,0.884,0.909,0.904,0.536,-0.788,0.933,0.795,0.905,-0.848,-0.128,0.6,0.819,-0.31,-0.198,0.926,-0.675,0.902,-0.058,-0.808,-0.483,0.224,0.104,0.862,0.342,-0.065,-0.819,0.899,0.91,-0.592,0.277,0.888,0.88,0.815,0.121,0.847,0.108,-0.185,0.961,0.848,-0.194,0.687,0.436,0.362,0.903,0.38,0.579,0.706,-0.652,-0.061,0.923,-0.479,0.919,0.369,0.734,0.626,0.811,0.631,0.696,0.52,-0.82,0.585,0.819,0.343,0.885,0.431,0.837,-0.098,0.207,0.828,-0.776,0.324,0.54,0.816,0.119,0.336,-0.361,-0.093,0.844,-0.767,0.834,-0.765,0.809,0.876,0.136,0.027,0.89,0.873,0.269,0.797,0.835,-0.831,0.775,0.468,-0.186
AMD,0.36,0.899,0.963,0.63,-0.461,0.798,0.73,0.884,0.0,0.943,0.341,0.609,0.326,-0.652,0.544,0.879,0.763,0.86,0.808,0.629,-0.289,0.624,0.879,0.867,-0.504,0.748,0.733,-0.168,-0.835,0.723,0.911,0.914,0.882,0.745,0.243,0.568,0.792,0.501,0.837,0.251,-0.224,0.825,-0.011,0.78,-0.544,0.185,0.8,0.609,0.692,0.192,0.889,-0.426,0.229,-0.807,0.96,0.604,-0.194,0.863,0.632,0.851,-0.615,0.801,0.255,0.546,0.53,0.477,0.557,0.913,-0.25,-0.756,0.279,0.769,0.528,0.353,-0.501,-0.583,0.864,-0.307,-0.59,-0.156,-0.668,-0.577,-0.637,0.774,0.776,0.559,0.499,0.239,-0.443,0.519,0.609,-0.436,0.936,0.526,0.354,-0.248,0.972,0.28,0.368,0.663,0.913,0.915,0.645,-0.647,0.909,0.351,0.855,0.981,0.923,0.673,-0.786,0.961,0.821,0.911,-0.854,0.095,0.65,0.88,-0.36,-0.068,0.893,-0.599,0.958,-0.169,-0.789,-0.5,0.304,0.04,0.912,0.539,-0.04,-0.661,0.96,0.93,-0.684,0.427,0.943,0.943,0.868,0.189,0.939,0.435,0.016,0.866,0.873,-0.146,0.787,0.442,0.377,0.893,0.423,0.637,0.88,-0.565,0.066,0.932,-0.338,0.889,0.485,0.882,0.747,0.934,0.694,0.763,0.617,-0.864,0.442,0.855,0.574,0.925,0.502,0.946,-0.153,0.289,0.882,-0.62,0.418,0.603,0.822,0.356,0.556,-0.351,-0.049,0.891,-0.58,0.886,-0.634,0.878,0.781,0.258,0.077,0.795,0.938,0.303,0.704,0.835,-0.685,0.614,0.551,0.029
AMWD,0.201,0.871,0.938,0.534,-0.411,0.796,0.645,0.855,0.943,0.0,0.488,0.508,0.183,-0.578,0.433,0.895,0.659,0.855,0.847,0.569,-0.282,0.685,0.81,0.777,-0.461,0.65,0.678,-0.317,-0.824,0.701,0.935,0.936,0.838,0.627,0.111,0.674,0.841,0.646,0.816,0.212,-0.125,0.805,0.036,0.663,-0.477,0.165,0.794,0.552,0.736,0.306,0.883,-0.351,0.248,-0.88,0.892,0.717,-0.22,0.896,0.613,0.897,-0.575,0.791,0.297,0.47,0.508,0.629,0.504,0.918,-0.336,-0.745,0.073,0.797,0.556,0.404,-0.643,-0.482,0.832,-0.385,-0.523,-0.094,-0.613,-0.542,-0.516,0.716,0.816,0.567,0.353,0.231,-0.384,0.43,0.506,-0.479,0.872,0.605,0.384,-0.104,0.928,0.111,0.364,0.585,0.842,0.92,0.594,-0.564,0.838,0.36,0.76,0.968,0.87,0.751,-0.819,0.91,0.705,0.898,-0.831,0.149,0.566,0.843,-0.351,-0.158,0.814,-0.617,0.879,-0.175,-0.876,-0.547,0.286,-0.186,0.942,0.663,-0.129,-0.717,0.97,0.85,-0.685,0.476,0.927,0.924,0.896,0.359,0.964,0.449,0.021,0.869,0.868,-0.142,0.817,0.482,0.276,0.785,0.289,0.483,0.909,-0.495,0.065,0.96,-0.23,0.853,0.512,0.831,0.806,0.912,0.676,0.748,0.64,-0.809,0.382,0.759,0.495,0.885,0.462,0.864,-0.334,0.305,0.926,-0.673,0.409,0.645,0.787,0.489,0.635,-0.385,0.007,0.865,-0.619,0.881,-0.536,0.779,0.689,0.393,0.067,0.736,0.951,0.348,0.646,0.749,-0.686,0.647,0.625,0.099
ARDX,-0.534,0.229,0.305,-0.076,0.098,0.551,-0.068,0.217,0.341,0.488,0.0,-0.113,-0.239,-0.222,-0.319,0.543,0.102,0.31,0.518,-0.075,0.041,0.316,0.058,0.038,-0.211,-0.072,-0.035,-0.464,-0.32,0.25,0.37,0.399,0.15,-0.078,-0.602,0.295,0.555,0.675,0.302,-0.344,0.086,0.173,-0.295,-0.085,-0.152,-0.179,0.241,-0.233,0.408,0.166,0.276,0.1,-0.049,-0.632,0.254,0.332,-0.101,0.47,0.017,0.562,-0.165,0.492,-0.06,-0.193,0.174,0.348,0.028,0.371,-0.473,-0.213,-0.516,0.31,0.066,0.138,-0.758,-0.044,0.136,-0.362,0.117,0.351,-0.076,-0.157,0.065,0.026,0.44,0.304,-0.39,0.119,-0.045,0.065,0.155,-0.409,0.363,0.713,-0.187,0.435,0.282,-0.267,0.071,0.145,0.127,0.414,0.248,-0.138,0.064,0.157,-0.002,0.373,0.182,0.343,-0.523,0.218,0.049,0.189,-0.373,0.017,-0.175,0.171,-0.382,-0.375,0.147,-0.435,0.17,-0.104,-0.419,-0.622,-0.141,-0.559,0.476,0.837,-0.496,-0.296,0.408,0.184,-0.402,0.061,0.282,0.289,0.293,0.583,0.406,0.351,-0.072,0.205,0.216,-0.29,0.299,0.105,-0.243,0.063,-0.504,-0.087,0.477,-0.157,-0.168,0.406,0.134,0.158,0.319,0.386,0.465,0.359,0.007,0.074,0.246,-0.158,0.037,0.067,0.031,0.186,0.083,0.339,-0.694,0.235,0.506,-0.341,-0.026,0.298,0.262,0.608,0.516,-0.517,0.074,0.326,-0.209,0.27,-0.049,0.017,0.107,0.577,-0.042,0.009,0.419,0.074,0.159,0.177,-0.215,-0.045,0.222,0.09
ARQT,0.664,0.708,0.651,0.685,-0.629,0.311,0.553,0.73,0.609,0.508,-0.113,0.0,0.505,-0.596,0.651,0.378,0.767,0.547,0.538,0.478,-0.378,0.093,0.665,0.622,-0.24,0.754,0.5,-0.103,-0.632,0.313,0.621,0.597,0.539,0.813,0.572,0.143,0.267,-0.087,0.496,0.401,-0.513,0.762,-0.019,0.775,-0.62,0.022,0.451,0.527,0.325,-0.025,0.503,-0.364,-0.064,-0.23,0.554,0.182,-0.305,0.302,0.353,0.522,-0.411,0.493,0.043,0.631,0.582,0.183,0.344,0.654,-0.161,-0.635,0.534,0.331,0.26,0.139,-0.064,-0.506,0.771,0.072,-0.573,-0.042,-0.605,-0.583,-0.69,0.49,0.426,0.577,0.743,0.551,-0.57,0.636,0.611,0.036,0.67,0.075,0.351,-0.464,0.703,0.565,0.4,0.714,0.75,0.519,0.364,-0.698,0.742,0.005,0.81,0.622,0.752,0.261,-0.532,0.7,0.752,0.6,-0.663,-0.224,0.603,0.718,-0.221,-0.071,0.787,-0.408,0.744,0.171,-0.45,-0.118,0.014,0.449,0.528,-0.036,0.11,-0.531,0.575,0.691,-0.222,0.113,0.65,0.566,0.517,-0.176,0.479,-0.102,-0.094,0.714,0.598,-0.041,0.374,0.074,0.58,0.808,0.482,0.459,0.385,-0.624,-0.07,0.576,-0.553,0.655,0.018,0.495,0.203,0.508,0.423,0.596,0.311,-0.627,0.657,0.577,0.163,0.631,0.551,0.623,0.178,0.443,0.43,-0.47,0.24,0.13,0.626,-0.221,-0.057,-0.177,-0.005,0.686,-0.492,0.547,-0.701,0.691,0.761,-0.012,0.362,0.767,0.537,0.298,0.675,0.815,-0.575,0.57,0.189,-0.318
ASTE,0.591,0.345,0.38,0.533,-0.411,-0.037,0.472,0.339,0.326,0.183,-0.239,0.505,0.0,-0.274,0.37,0.035,0.342,0.485,0.276,0.464,0.069,-0.005,0.461,0.481,0.257,0.533,0.528,0.243,-0.292,0.289,0.239,0.278,0.371,0.551,0.429,0.053,0.183,-0.182,0.354,0.483,-0.217,0.394,0.258,0.449,-0.375,0.0,0.462,0.306,-0.096,-0.01,0.376,0.078,0.172,0.072,0.308,0.18,-0.353,0.173,0.451,0.079,0.052,0.171,0.073,0.742,0.531,0.025,0.38,0.238,0.123,-0.282,0.586,0.171,0.16,0.239,0.329,-0.03,0.442,0.5,-0.57,-0.15,-0.298,-0.323,-0.409,0.23,0.223,0.266,0.415,0.39,-0.315,0.523,0.498,0.009,0.277,-0.113,0.114,-0.172,0.402,0.446,0.453,0.467,0.382,0.221,-0.024,-0.322,0.443,0.148,0.58,0.281,0.472,0.163,-0.143,0.41,0.57,0.28,-0.23,-0.054,0.528,0.483,-0.036,0.026,0.474,-0.045,0.463,0.213,-0.006,0.315,0.098,0.567,0.234,-0.131,0.184,-0.147,0.183,0.454,0.208,0.039,0.271,0.296,0.331,0.009,0.175,0.185,0.262,0.332,0.429,0.033,0.184,0.124,0.592,0.45,0.368,0.454,0.075,-0.305,0.049,0.248,-0.187,0.362,-0.286,0.235,0.175,0.306,0.355,0.411,-0.019,-0.211,0.409,0.447,0.129,0.432,0.551,0.273,0.121,0.427,0.237,-0.077,0.341,0.109,0.292,-0.15,-0.092,-0.015,0.034,0.443,-0.151,0.346,-0.432,0.481,0.494,-0.066,0.304,0.473,0.28,0.507,0.477,0.444,-0.136,0.261,0.023,-0.184
AUPH,-0.441,-0.784,-0.665,-0.413,0.731,-0.383,-0.154,-0.699,-0.652,-0.578,-0.222,-0.596,-0.274,0.0,-0.188,-0.456,-0.86,-0.425,-0.759,-0.056,0.624,-0.14,-0.509,-0.44,0.632,-0.784,-0.209,0.242,0.854,-0.136,-0.687,-0.646,-0.345,-0.761,-0.115,-0.053,-0.352,-0.051,-0.649,0.197,0.821,-0.704,0.519,-0.671,0.89,0.414,-0.272,-0.1,-0.201,0.525,-0.338,0.52,0.506,0.419,-0.648,0.004,0.553,-0.278,0.02,-0.59,0.588,-0.491,0.503,-0.36,-0.564,-0.072,0.049,-0.753,0.626,0.821,-0.408,-0.126,0.161,0.227,0.454,0.457,-0.598,0.12,0.584,-0.312,0.786,0.869,0.808,-0.212,-0.436,-0.677,-0.32,-0.41,0.899,-0.825,-0.905,0.449,-0.776,-0.355,0.073,0.229,-0.721,-0.705,-0.017,-0.901,-0.78,-0.69,-0.298,0.959,-0.642,0.321,-0.652,-0.677,-0.695,0.044,0.86,-0.694,-0.737,-0.53,0.82,0.654,-0.173,-0.529,0.811,0.565,-0.818,0.851,-0.659,-0.353,0.499,0.469,0.204,-0.337,-0.652,-0.167,0.472,0.762,-0.673,-0.671,0.348,0.319,-0.546,-0.555,-0.341,0.004,-0.492,0.1,0.539,-0.708,-0.396,0.592,-0.102,0.062,-0.04,-0.74,-0.064,-0.419,-0.344,0.975,0.636,-0.643,0.843,-0.705,-0.111,-0.447,-0.323,-0.41,-0.079,-0.167,-0.008,0.625,-0.838,-0.475,0.043,-0.491,-0.149,-0.699,0.227,-0.22,-0.586,0.706,0.299,-0.092,-0.729,0.232,0.129,0.734,0.108,-0.773,0.731,-0.411,0.905,-0.496,-0.846,-0.12,0.154,-0.632,-0.574,0.065,-0.894,-0.795,0.802,-0.27,0.087,0.67
AVXL,0.641,0.538,0.491,0.715,-0.29,0.362,0.848,0.566,0.544,0.433,-0.319,0.651,0.37,-0.188,0.0,0.342,0.48,0.481,0.125,0.635,-0.197,0.278,0.748,0.73,-0.207,0.548,0.777,0.135,-0.294,0.507,0.429,0.479,0.699,0.572,0.781,0.311,0.181,-0.078,0.218,0.707,-0.088,0.53,0.319,0.665,-0.093,0.607,0.484,0.858,0.543,0.278,0.591,-0.476,0.386,-0.18,0.565,0.28,0.1,0.383,0.573,0.353,-0.466,0.395,0.507,0.445,0.169,0.217,0.677,0.417,0.398,-0.432,0.509,0.526,0.615,0.449,0.18,-0.543,0.675,-0.268,-0.349,-0.593,-0.379,-0.11,-0.476,0.822,0.244,0.164,0.869,-0.007,-0.062,0.145,0.174,0.321,0.493,-0.244,0.707,-0.76,0.55,0.299,0.21,0.265,0.626,0.325,0.419,-0.288,0.704,0.45,0.701,0.498,0.551,0.494,-0.113,0.58,0.51,0.635,-0.423,0.293,0.763,0.641,0.202,0.515,0.562,0.067,0.655,-0.273,-0.449,-0.017,0.404,0.4,0.303,-0.172,0.696,-0.174,0.475,0.551,-0.449,0.547,0.62,0.578,0.528,-0.488,0.505,0.062,0.244,0.529,0.558,0.439,0.525,0.245,0.671,0.694,0.869,0.393,0.507,-0.13,0.475,0.456,-0.183,0.478,0.242,0.574,0.084,0.588,0.73,0.778,0.601,-0.678,0.127,0.644,0.619,0.632,0.498,0.533,0.561,0.117,0.264,-0.071,0.575,0.322,0.366,-0.11,0.2,0.402,-0.076,0.398,-0.15,0.583,-0.288,0.756,0.41,-0.304,0.351,0.58,0.449,0.128,0.239,0.563,-0.355,0.641,0.458,0.227
AZTA,-0.054,0.696,0.807,0.422,-0.146,0.934,0.578,0.729,0.879,0.895,0.543,0.378,0.035,-0.456,0.342,0.0,0.51,0.73,0.715,0.503,-0.181,0.699,0.728,0.71,-0.481,0.45,0.559,-0.214,-0.675,0.692,0.815,0.842,0.785,0.445,-0.028,0.577,0.842,0.73,0.694,0.126,0.021,0.659,-0.072,0.489,-0.32,0.298,0.7,0.488,0.818,0.328,0.796,-0.292,0.313,-0.913,0.852,0.584,0.029,0.862,0.512,0.909,-0.545,0.771,0.323,0.22,0.32,0.486,0.485,0.811,-0.366,-0.54,-0.129,0.823,0.521,0.414,-0.726,-0.616,0.667,-0.482,-0.268,-0.062,-0.467,-0.332,-0.369,0.72,0.836,0.407,0.301,0.202,-0.197,0.229,0.324,-0.402,0.838,0.771,0.289,-0.065,0.799,-0.059,0.271,0.429,0.686,0.836,0.796,-0.412,0.683,0.419,0.568,0.885,0.717,0.719,-0.695,0.778,0.535,0.801,-0.738,0.227,0.487,0.715,-0.295,-0.009,0.66,-0.525,0.766,-0.411,-0.8,-0.645,0.274,-0.287,0.869,0.763,-0.106,-0.556,0.867,0.756,-0.797,0.506,0.883,0.816,0.787,0.294,0.911,0.483,0.04,0.694,0.776,-0.156,0.8,0.418,0.157,0.687,0.22,0.412,0.936,-0.338,0.172,0.845,-0.072,0.697,0.677,0.833,0.779,0.878,0.612,0.664,0.699,-0.768,0.16,0.641,0.617,0.762,0.373,0.866,-0.248,0.26,0.857,-0.539,0.378,0.673,0.648,0.601,0.757,-0.326,0.043,0.692,-0.448,0.779,-0.37,0.638,0.535,0.34,0.011,0.537,0.886,0.229,0.466,0.617,-0.542,0.502,0.626,0.263
BAND,0.616,0.839,0.771,0.643,-0.675,0.436,0.453,0.78,0.763,0.659,0.102,0.767,0.342,-0.86,0.48,0.51,0.0,0.57,0.74,0.329,-0.467,0.153,0.651,0.61,-0.564,0.854,0.41,-0.24,-0.802,0.369,0.733,0.672,0.534,0.843,0.32,0.164,0.385,0.056,0.658,0.067,-0.687,0.778,-0.321,0.877,-0.761,-0.163,0.407,0.382,0.321,-0.26,0.521,-0.468,-0.319,-0.431,0.699,0.163,-0.365,0.418,0.242,0.632,-0.617,0.647,-0.211,0.533,0.618,0.157,0.285,0.772,-0.374,-0.83,0.547,0.273,0.138,-0.001,-0.301,-0.507,0.783,-0.089,-0.593,0.116,-0.717,-0.753,-0.776,0.454,0.426,0.702,0.559,0.403,-0.738,0.776,0.815,-0.293,0.827,0.228,0.126,-0.37,0.818,0.702,0.188,0.826,0.912,0.729,0.362,-0.89,0.795,-0.075,0.827,0.759,0.823,0.165,-0.8,0.799,0.853,0.645,-0.823,-0.364,0.432,0.734,-0.579,-0.313,0.886,-0.686,0.83,0.291,-0.526,-0.316,-0.046,0.374,0.684,0.119,-0.191,-0.657,0.759,0.78,-0.383,-0.029,0.687,0.676,0.502,-0.096,0.58,0.015,-0.31,0.771,0.554,-0.352,0.318,0.032,0.384,0.87,0.338,0.542,0.471,-0.854,-0.35,0.69,-0.773,0.759,0.116,0.596,0.328,0.583,0.291,0.442,0.252,-0.714,0.808,0.648,0.151,0.666,0.37,0.786,-0.038,0.328,0.556,-0.632,0.007,0.12,0.767,-0.195,-0.048,-0.506,-0.055,0.839,-0.611,0.565,-0.834,0.758,0.863,0.064,0.127,0.785,0.63,0.066,0.808,0.918,-0.733,0.416,0.121,-0.475
BECN,0.36,0.759,0.88,0.689,-0.379,0.608,0.753,0.727,0.86,0.855,0.31,0.547,0.485,-0.425,0.481,0.73,0.57,0.0,0.756,0.675,-0.016,0.56,0.834,0.818,-0.145,0.652,0.808,-0.158,-0.685,0.8,0.801,0.817,0.845,0.631,0.251,0.656,0.798,0.568,0.761,0.444,-0.025,0.786,0.323,0.684,-0.391,0.228,0.884,0.628,0.604,0.37,0.886,-0.097,0.389,-0.656,0.803,0.781,-0.302,0.859,0.795,0.7,-0.366,0.726,0.392,0.717,0.592,0.634,0.643,0.78,-0.112,-0.665,0.27,0.748,0.553,0.572,-0.33,-0.274,0.78,-0.114,-0.569,-0.167,-0.428,-0.435,-0.406,0.681,0.733,0.525,0.414,0.269,-0.282,0.422,0.478,-0.385,0.734,0.405,0.413,-0.081,0.863,0.185,0.448,0.51,0.75,0.795,0.397,-0.432,0.805,0.5,0.805,0.855,0.83,0.786,-0.626,0.869,0.748,0.8,-0.701,0.276,0.708,0.881,-0.191,-0.03,0.765,-0.359,0.865,-0.079,-0.667,-0.192,0.348,-0.025,0.817,0.526,0.038,-0.526,0.823,0.824,-0.413,0.552,0.822,0.854,0.892,0.362,0.845,0.62,0.379,0.77,0.874,0.068,0.792,0.482,0.542,0.729,0.395,0.552,0.784,-0.367,0.199,0.842,-0.091,0.754,0.278,0.749,0.763,0.861,0.756,0.82,0.511,-0.689,0.348,0.766,0.514,0.87,0.645,0.754,-0.277,0.456,0.82,-0.442,0.577,0.606,0.687,0.481,0.55,-0.207,0.144,0.842,-0.446,0.869,-0.452,0.816,0.647,0.361,0.237,0.707,0.849,0.586,0.605,0.709,-0.467,0.611,0.604,0.179
BFC,0.216,0.814,0.861,0.45,-0.572,0.592,0.347,0.758,0.808,0.847,0.518,0.538,0.276,-0.759,0.125,0.715,0.74,0.756,0.0,0.325,-0.296,0.392,0.61,0.555,-0.373,0.678,0.382,-0.44,-0.886,0.482,0.867,0.812,0.591,0.656,-0.084,0.461,0.776,0.522,0.849,-0.063,-0.387,0.787,-0.184,0.632,-0.725,-0.263,0.614,0.248,0.419,-0.013,0.639,-0.161,-0.13,-0.718,0.725,0.53,-0.5,0.696,0.352,0.808,-0.433,0.71,-0.104,0.534,0.71,0.488,0.22,0.877,-0.613,-0.775,0.118,0.487,0.175,0.133,-0.663,-0.298,0.702,-0.1,-0.584,0.284,-0.631,-0.736,-0.55,0.363,0.743,0.752,0.192,0.478,-0.653,0.668,0.718,-0.637,0.801,0.657,0.042,0.134,0.846,0.32,0.333,0.759,0.777,0.857,0.348,-0.738,0.693,0.003,0.69,0.856,0.83,0.43,-0.942,0.809,0.741,0.679,-0.842,-0.21,0.334,0.752,-0.613,-0.527,0.804,-0.789,0.77,0.185,-0.683,-0.458,-0.047,-0.105,0.901,0.601,-0.506,-0.786,0.846,0.762,-0.388,0.087,0.745,0.728,0.708,0.497,0.748,0.316,-0.182,0.803,0.717,-0.463,0.523,0.224,0.173,0.698,-0.012,0.429,0.643,-0.746,-0.331,0.838,-0.447,0.795,0.208,0.625,0.735,0.687,0.333,0.468,0.284,-0.617,0.66,0.548,0.104,0.697,0.459,0.772,-0.519,0.498,0.852,-0.762,0.088,0.377,0.802,0.325,0.322,-0.718,0.067,0.894,-0.706,0.665,-0.703,0.593,0.777,0.53,0.072,0.7,0.814,0.387,0.807,0.79,-0.695,0.422,0.28,-0.297
BGC,0.408,0.534,0.657,0.507,-0.248,0.435,0.803,0.607,0.629,0.569,-0.075,0.478,0.464,-0.056,0.635,0.503,0.329,0.675,0.325,0.0,0.032,0.518,0.686,0.797,-0.001,0.468,0.769,0.247,-0.403,0.649,0.576,0.583,0.765,0.548,0.535,0.565,0.488,0.215,0.535,0.65,0.198,0.471,0.49,0.538,-0.163,0.435,0.801,0.697,0.423,0.616,0.82,-0.187,0.67,-0.44,0.616,0.621,0.049,0.656,0.867,0.436,-0.104,0.379,0.712,0.671,0.319,0.411,0.725,0.494,0.242,-0.287,0.299,0.759,0.795,0.411,0.068,-0.285,0.698,0.092,-0.557,-0.507,-0.37,-0.19,-0.362,0.722,0.543,0.126,0.524,0.17,-0.018,0.205,0.149,-0.038,0.489,0.151,0.541,-0.27,0.631,-0.032,0.653,0.278,0.554,0.496,0.455,-0.155,0.717,0.545,0.685,0.597,0.68,0.724,-0.208,0.652,0.586,0.726,-0.337,0.423,0.798,0.654,0.351,0.338,0.548,-0.058,0.675,-0.352,-0.436,0.009,0.609,0.069,0.54,0.204,0.41,-0.255,0.543,0.699,-0.293,0.628,0.682,0.68,0.785,0.141,0.653,0.318,0.375,0.563,0.805,0.297,0.802,0.651,0.608,0.601,0.641,0.6,0.592,-0.017,0.524,0.563,0.104,0.636,0.336,0.587,0.544,0.74,0.831,0.832,0.587,-0.519,0.086,0.789,0.609,0.784,0.519,0.512,0.183,0.198,0.534,-0.239,0.83,0.59,0.456,0.304,0.492,0.23,-0.092,0.497,-0.258,0.74,-0.276,0.753,0.485,-0.061,0.232,0.702,0.655,0.614,0.306,0.448,-0.303,0.674,0.695,0.337
BHF,-0.311,-0.559,-0.355,-0.005,0.694,-0.081,0.065,-0.571,-0.289,-0.282,0.041,-0.378,0.069,0.624,-0.197,-0.181,-0.467,-0.016,-0.296,0.032,0.0,-0.207,-0.244,-0.221,0.669,-0.449,-0.054,0.092,0.531,0.299,-0.478,-0.417,-0.142,-0.493,-0.257,-0.079,0.112,0.169,-0.349,0.099,0.64,-0.437,0.296,-0.336,0.608,0.279,-0.079,-0.052,-0.127,0.355,-0.106,0.754,0.362,0.233,-0.359,0.122,0.467,0.057,0.221,-0.269,0.447,0.024,0.247,-0.009,-0.003,0.002,0.312,-0.506,0.393,0.549,-0.211,-0.066,0.034,0.346,0.289,0.416,-0.409,0.285,0.462,-0.125,0.759,0.702,0.63,-0.105,-0.266,-0.263,-0.275,-0.246,0.681,-0.456,-0.484,0.21,-0.44,-0.063,-0.248,0.342,-0.394,-0.29,-0.057,-0.62,-0.476,-0.349,-0.162,0.658,-0.438,0.477,-0.387,-0.354,-0.341,0.141,0.493,-0.406,-0.292,-0.421,0.488,0.594,-0.031,-0.184,0.375,0.412,-0.495,0.605,-0.307,-0.146,0.501,0.39,0.066,-0.173,-0.357,0.149,0.23,0.751,-0.394,-0.371,0.307,0.244,-0.304,-0.329,-0.173,0.181,-0.29,0.482,0.673,-0.58,-0.202,0.378,-0.022,-0.104,0.194,-0.443,-0.07,-0.152,-0.096,0.602,0.452,-0.451,0.649,-0.516,-0.145,-0.135,-0.08,-0.143,-0.086,-0.018,-0.025,0.435,-0.508,-0.288,0.175,-0.276,0.23,-0.305,0.007,0.262,-0.334,0.705,0.302,-0.132,-0.427,0.378,0.218,0.351,0.146,-0.323,0.749,-0.207,0.637,-0.213,-0.541,0.16,0.41,-0.461,-0.313,0.256,-0.59,-0.358,0.754,-0.452,0.02,0.534
BHFAL,-0.058,0.487,0.609,0.172,-0.129,0.624,0.466,0.547,0.624,0.685,0.316,0.093,-0.005,-0.14,0.278,0.699,0.153,0.56,0.392,0.518,-0.207,0.0,0.528,0.655,-0.373,0.229,0.6,0.11,-0.488,0.591,0.632,0.704,0.686,0.237,0.118,0.63,0.629,0.567,0.539,0.335,0.256,0.334,0.327,0.247,-0.073,0.371,0.743,0.445,0.623,0.508,0.737,-0.35,0.574,-0.734,0.684,0.612,-0.0,0.717,0.603,0.554,-0.255,0.309,0.529,0.171,0.031,0.425,0.419,0.579,-0.048,-0.346,-0.172,0.833,0.602,0.407,-0.465,-0.326,0.483,-0.485,-0.361,-0.343,-0.376,-0.201,-0.215,0.62,0.699,-0.02,0.122,-0.095,-0.036,-0.014,0.069,-0.325,0.511,0.461,0.448,-0.041,0.567,-0.339,0.327,0.204,0.424,0.642,0.549,-0.11,0.574,0.453,0.403,0.639,0.461,0.724,-0.352,0.593,0.262,0.748,-0.424,0.377,0.417,0.472,0.07,0.076,0.401,-0.247,0.534,-0.543,-0.698,-0.354,0.624,-0.342,0.631,0.523,0.089,-0.46,0.639,0.588,-0.63,0.634,0.634,0.74,0.717,0.33,0.786,0.388,0.211,0.564,0.666,0.14,0.761,0.771,-0.009,0.398,0.269,0.342,0.744,-0.011,0.297,0.679,0.173,0.598,0.719,0.531,0.754,0.685,0.709,0.586,0.586,-0.61,-0.11,0.634,0.564,0.694,0.15,0.497,-0.199,-0.194,0.745,-0.402,0.536,0.867,0.435,0.572,0.699,0.044,-0.057,0.393,-0.375,0.725,-0.156,0.486,0.315,0.087,-0.267,0.408,0.743,0.272,0.255,0.179,-0.401,0.58,0.755,0.413
BKNG,0.502,0.803,0.85,0.764,-0.441,0.657,0.864,0.794,0.879,0.81,0.058,0.665,0.461,-0.509,0.748,0.728,0.651,0.834,0.61,0.686,-0.244,0.528,0.0,0.898,-0.353,0.769,0.861,-0.063,-0.674,0.718,0.785,0.805,0.908,0.729,0.507,0.56,0.644,0.339,0.663,0.502,-0.148,0.808,0.223,0.782,-0.392,0.426,0.772,0.808,0.694,0.217,0.837,-0.413,0.36,-0.582,0.883,0.588,-0.145,0.757,0.711,0.701,-0.598,0.702,0.383,0.605,0.429,0.506,0.647,0.793,-0.012,-0.687,0.395,0.737,0.582,0.481,-0.252,-0.576,0.834,-0.268,-0.565,-0.358,-0.561,-0.411,-0.599,0.852,0.646,0.475,0.676,0.187,-0.302,0.392,0.476,-0.211,0.793,0.255,0.547,-0.443,0.871,0.334,0.306,0.542,0.857,0.753,0.582,-0.512,0.881,0.43,0.851,0.864,0.842,0.697,-0.554,0.884,0.762,0.863,-0.729,0.202,0.814,0.868,-0.195,0.179,0.825,-0.332,0.895,-0.207,-0.701,-0.285,0.384,0.196,0.745,0.294,0.251,-0.51,0.815,0.845,-0.589,0.543,0.883,0.852,0.816,-0.036,0.845,0.398,0.189,0.796,0.839,0.085,0.735,0.384,0.536,0.868,0.661,0.581,0.799,-0.423,0.281,0.812,-0.254,0.788,0.406,0.8,0.568,0.867,0.806,0.854,0.608,-0.839,0.327,0.805,0.67,0.859,0.551,0.831,0.058,0.308,0.721,-0.392,0.541,0.531,0.698,0.245,0.481,-0.075,0.033,0.78,-0.461,0.829,-0.53,0.885,0.673,0.097,0.207,0.737,0.804,0.339,0.595,0.778,-0.577,0.685,0.563,0.153
BL,0.476,0.767,0.845,0.713,-0.457,0.654,0.849,0.803,0.867,0.777,0.038,0.622,0.481,-0.44,0.73,0.71,0.61,0.818,0.555,0.797,-0.221,0.655,0.898,0.0,-0.352,0.705,0.866,0.122,-0.685,0.764,0.787,0.834,0.912,0.732,0.554,0.515,0.623,0.291,0.663,0.579,-0.108,0.708,0.261,0.717,-0.413,0.401,0.861,0.756,0.629,0.332,0.898,-0.461,0.451,-0.593,0.882,0.553,-0.112,0.74,0.785,0.676,-0.429,0.57,0.484,0.627,0.413,0.391,0.708,0.765,0.047,-0.638,0.382,0.818,0.633,0.412,-0.201,-0.572,0.842,-0.202,-0.643,-0.447,-0.609,-0.413,-0.641,0.855,0.696,0.302,0.64,0.209,-0.298,0.375,0.431,-0.146,0.801,0.28,0.543,-0.437,0.859,0.229,0.403,0.56,0.813,0.768,0.625,-0.481,0.919,0.478,0.854,0.838,0.83,0.705,-0.488,0.888,0.754,0.9,-0.69,0.22,0.795,0.817,-0.014,0.182,0.81,-0.311,0.899,-0.354,-0.665,-0.219,0.552,0.2,0.729,0.271,0.288,-0.517,0.785,0.915,-0.574,0.558,0.85,0.892,0.822,0.0,0.844,0.315,0.236,0.778,0.869,0.11,0.79,0.554,0.565,0.864,0.66,0.689,0.784,-0.349,0.291,0.789,-0.184,0.819,0.487,0.767,0.623,0.878,0.859,0.865,0.59,-0.832,0.283,0.903,0.669,0.913,0.498,0.805,0.134,0.177,0.751,-0.402,0.647,0.679,0.679,0.219,0.481,0.003,-0.058,0.733,-0.468,0.877,-0.559,0.875,0.728,-0.074,0.058,0.771,0.849,0.38,0.569,0.7,-0.609,0.686,0.642,0.165
BOKF,-0.117,-0.556,-0.459,-0.184,0.379,-0.459,-0.092,-0.558,-0.504,-0.461,-0.211,-0.24,0.257,0.632,-0.207,-0.481,-0.564,-0.145,-0.373,-0.001,0.669,-0.373,-0.353,-0.352,0.0,-0.428,-0.143,0.219,0.551,-0.127,-0.514,-0.475,-0.282,-0.421,-0.105,-0.129,-0.173,-0.122,-0.393,0.276,0.479,-0.356,0.442,-0.416,0.437,0.081,-0.157,-0.107,-0.366,0.328,-0.279,0.777,0.273,0.486,-0.555,0.039,0.105,-0.262,0.06,-0.441,0.665,-0.349,0.211,0.136,0.018,-0.014,-0.021,-0.526,0.345,0.564,-0.129,-0.215,-0.067,0.207,0.472,0.505,-0.409,0.558,0.251,0.028,0.585,0.51,0.542,-0.324,-0.236,-0.257,-0.154,0.078,0.474,-0.297,-0.426,0.371,-0.6,-0.262,-0.115,0.388,-0.481,-0.263,0.166,-0.467,-0.564,-0.523,-0.419,0.588,-0.486,0.114,-0.352,-0.514,-0.384,-0.031,0.567,-0.481,-0.384,-0.481,0.576,0.324,-0.056,-0.252,0.481,0.256,-0.483,0.584,-0.432,0.074,0.493,0.595,-0.124,-0.027,-0.457,-0.143,0.213,0.535,-0.56,-0.464,0.656,0.048,-0.429,-0.511,-0.212,0.186,-0.466,0.18,0.511,-0.5,-0.217,0.331,-0.171,-0.12,0.182,-0.502,-0.093,-0.326,-0.407,0.534,0.302,-0.503,0.545,-0.503,-0.501,-0.392,-0.22,-0.379,-0.121,-0.075,-0.222,0.602,-0.368,-0.433,-0.165,-0.376,0.306,-0.538,0.05,0.365,-0.407,0.52,0.201,-0.195,-0.497,0.116,-0.092,0.369,0.244,-0.406,0.491,-0.329,0.502,-0.374,-0.482,0.161,0.448,-0.379,-0.413,0.419,-0.431,-0.42,0.645,-0.23,-0.14,0.276
BRKR,0.737,0.84,0.793,0.697,-0.754,0.339,0.543,0.777,0.748,0.65,-0.072,0.754,0.533,-0.784,0.548,0.45,0.854,0.652,0.678,0.468,-0.449,0.229,0.769,0.705,-0.428,0.0,0.586,-0.111,-0.799,0.409,0.731,0.679,0.613,0.882,0.488,0.269,0.393,0.004,0.705,0.25,-0.567,0.8,-0.04,0.892,-0.724,-0.071,0.544,0.516,0.27,-0.198,0.605,-0.468,-0.123,-0.358,0.746,0.283,-0.441,0.454,0.43,0.532,-0.547,0.526,-0.068,0.727,0.602,0.251,0.339,0.766,-0.254,-0.819,0.647,0.342,0.205,0.077,-0.132,-0.431,0.785,0.03,-0.764,-0.067,-0.707,-0.732,-0.798,0.517,0.447,0.628,0.592,0.345,-0.708,0.765,0.778,-0.328,0.749,0.104,0.272,-0.44,0.824,0.69,0.225,0.814,0.897,0.686,0.299,-0.799,0.844,-0.009,0.883,0.751,0.846,0.263,-0.695,0.829,0.892,0.703,-0.755,-0.266,0.594,0.756,-0.452,-0.235,0.903,-0.583,0.827,0.263,-0.513,-0.137,0.126,0.481,0.678,0.008,-0.067,-0.663,0.733,0.804,-0.288,0.054,0.684,0.716,0.585,-0.093,0.602,0.076,-0.16,0.802,0.646,-0.237,0.37,0.187,0.479,0.86,0.485,0.617,0.459,-0.769,-0.208,0.702,-0.682,0.8,0.087,0.538,0.393,0.616,0.451,0.527,0.239,-0.714,0.741,0.721,0.213,0.723,0.385,0.718,-0.016,0.289,0.58,-0.567,0.147,0.194,0.735,-0.185,-0.003,-0.362,-0.073,0.833,-0.629,0.616,-0.817,0.784,0.857,-0.02,0.048,0.829,0.645,0.251,0.839,0.85,-0.706,0.523,0.183,-0.397
CACC,0.519,0.656,0.712,0.676,-0.309,0.481,0.914,0.642,0.733,0.678,-0.035,0.5,0.528,-0.209,0.777,0.559,0.41,0.808,0.382,0.769,-0.054,0.6,0.861,0.866,-0.143,0.586,0.0,0.118,-0.459,0.778,0.63,0.682,0.871,0.587,0.606,0.596,0.543,0.294,0.512,0.722,0.095,0.615,0.532,0.631,-0.131,0.556,0.813,0.818,0.609,0.47,0.855,-0.318,0.624,-0.462,0.75,0.664,-0.095,0.72,0.864,0.471,-0.374,0.507,0.626,0.634,0.312,0.518,0.764,0.582,0.288,-0.534,0.394,0.765,0.742,0.633,0.004,-0.325,0.734,-0.229,-0.544,-0.571,-0.399,-0.214,-0.41,0.841,0.52,0.232,0.613,-0.032,-0.063,0.197,0.28,-0.056,0.578,0.035,0.701,-0.455,0.727,0.135,0.375,0.318,0.677,0.584,0.395,-0.241,0.804,0.635,0.78,0.694,0.688,0.785,-0.284,0.755,0.602,0.803,-0.504,0.449,0.838,0.759,0.131,0.349,0.639,-0.038,0.776,-0.288,-0.597,-0.038,0.601,0.174,0.577,0.189,0.511,-0.318,0.659,0.714,-0.449,0.699,0.75,0.811,0.799,-0.006,0.755,0.445,0.466,0.664,0.778,0.411,0.772,0.573,0.626,0.683,0.718,0.533,0.708,-0.114,0.488,0.692,0.004,0.652,0.329,0.702,0.515,0.801,0.92,0.882,0.618,-0.702,0.096,0.828,0.687,0.844,0.543,0.609,0.123,0.147,0.601,-0.196,0.754,0.627,0.524,0.28,0.502,0.233,-0.008,0.616,-0.27,0.837,-0.29,0.849,0.474,-0.022,0.193,0.658,0.701,0.447,0.38,0.543,-0.371,0.704,0.671,0.372
CAR,0.174,-0.237,-0.203,-0.104,0.114,-0.166,0.067,-0.182,-0.168,-0.317,-0.464,-0.103,0.243,0.242,0.135,-0.214,-0.24,-0.158,-0.44,0.247,0.092,0.11,-0.063,0.122,0.219,-0.111,0.118,0.0,0.227,-0.022,-0.268,-0.177,-0.02,-0.031,0.35,-0.165,-0.261,-0.301,-0.146,0.412,0.2,-0.301,0.242,-0.102,0.193,0.247,0.015,0.104,-0.228,0.093,-0.044,-0.076,0.327,0.267,-0.014,-0.238,0.168,-0.202,0.13,-0.325,0.346,-0.437,0.196,0.053,-0.248,-0.403,0.074,-0.252,0.355,0.362,0.145,0.053,0.081,-0.106,0.488,-0.053,-0.128,0.215,-0.07,-0.274,0.073,0.219,0.035,0.065,-0.057,-0.553,0.185,-0.116,0.171,-0.095,-0.141,0.357,-0.201,-0.259,0.004,-0.206,-0.184,-0.043,0.153,-0.099,-0.2,-0.226,0.094,0.259,-0.044,0.085,-0.065,-0.251,-0.154,-0.108,0.48,-0.146,-0.148,-0.056,0.316,0.073,0.116,-0.231,0.425,0.416,-0.155,0.343,-0.119,-0.292,0.294,0.355,0.321,0.4,-0.275,-0.344,0.415,0.295,-0.296,-0.031,0.162,0.051,-0.173,-0.116,-0.104,-0.264,-0.166,-0.069,0.194,-0.23,-0.062,0.251,-0.064,0.237,0.009,-0.097,0.345,0.132,-0.203,0.298,0.206,-0.26,0.181,-0.097,0.076,-0.186,-0.107,-0.148,0.16,-0.004,-0.05,0.072,-0.29,0.111,0.246,-0.048,-0.083,-0.194,0.482,-0.31,-0.178,0.281,0.227,0.22,-0.272,-0.148,-0.12,0.447,-0.148,-0.316,0.223,-0.094,0.115,-0.025,-0.095,-0.52,-0.177,-0.047,-0.11,0.049,-0.147,-0.3,0.224,0.027,0.071,0.159
CDNA,-0.401,-0.906,-0.884,-0.468,0.742,-0.558,-0.385,-0.858,-0.835,-0.824,-0.32,-0.632,-0.292,0.854,-0.294,-0.675,-0.802,-0.685,-0.886,-0.403,0.531,-0.488,-0.674,-0.685,0.551,-0.799,-0.459,0.227,0.0,-0.42,-0.911,-0.883,-0.619,-0.789,-0.166,-0.386,-0.637,-0.287,-0.84,-0.04,0.543,-0.804,0.212,-0.718,0.832,0.246,-0.636,-0.319,-0.402,0.099,-0.677,0.466,0.133,0.678,-0.819,-0.407,0.526,-0.608,-0.361,-0.765,0.517,-0.569,0.1,-0.553,-0.594,-0.365,-0.187,-0.926,0.557,0.874,-0.288,-0.508,-0.181,0.011,0.542,0.45,-0.781,0.174,0.758,-0.123,0.812,0.851,0.793,-0.44,-0.728,-0.628,-0.336,-0.422,0.788,-0.721,-0.77,0.531,-0.869,-0.512,-0.162,0.149,-0.896,-0.447,-0.267,-0.866,-0.861,-0.88,-0.431,0.842,-0.833,0.054,-0.789,-0.879,-0.875,-0.362,0.91,-0.882,-0.807,-0.801,0.898,0.342,-0.381,-0.734,0.55,0.482,-0.899,0.835,-0.825,-0.116,0.737,0.462,-0.092,-0.095,-0.879,-0.396,0.388,0.879,-0.868,-0.864,0.454,-0.032,-0.777,-0.806,-0.693,-0.256,-0.774,-0.121,0.303,-0.891,-0.72,0.415,-0.503,-0.33,-0.158,-0.819,-0.2,-0.541,-0.614,0.819,0.37,-0.863,0.604,-0.906,-0.31,-0.595,-0.666,-0.683,-0.411,-0.491,-0.256,0.785,-0.71,-0.699,-0.177,-0.767,-0.325,-0.802,0.3,-0.26,-0.856,0.805,-0.079,-0.457,-0.851,-0.091,-0.212,0.602,0.081,-0.894,0.838,-0.719,0.865,-0.66,-0.895,-0.232,0.15,-0.809,-0.85,-0.263,-0.89,-0.8,0.86,-0.55,-0.308,0.395
CG,0.175,0.473,0.659,0.643,-0.023,0.67,0.781,0.46,0.723,0.701,0.25,0.313,0.289,-0.136,0.507,0.692,0.369,0.8,0.482,0.649,0.299,0.591,0.718,0.764,-0.127,0.409,0.778,-0.022,-0.42,0.0,0.563,0.62,0.784,0.36,0.25,0.565,0.754,0.551,0.481,0.5,0.258,0.468,0.386,0.505,-0.004,0.529,0.761,0.677,0.637,0.481,0.809,-0.044,0.562,-0.579,0.694,0.679,0.129,0.841,0.828,0.582,-0.288,0.652,0.538,0.488,0.372,0.505,0.837,0.532,0.136,-0.413,0.108,0.754,0.605,0.664,-0.233,-0.257,0.566,-0.259,-0.286,-0.381,-0.133,-0.025,-0.182,0.76,0.54,0.208,0.338,-0.033,0.088,0.039,0.143,-0.168,0.552,0.336,0.382,-0.159,0.639,0.014,0.23,0.164,0.547,0.634,0.49,-0.111,0.627,0.739,0.568,0.677,0.592,0.798,-0.325,0.646,0.511,0.659,-0.463,0.57,0.645,0.703,0.03,0.287,0.484,-0.036,0.697,-0.379,-0.476,-0.09,0.565,-0.09,0.597,0.482,0.274,-0.151,0.643,0.634,-0.489,0.723,0.693,0.746,0.722,0.211,0.738,0.651,0.553,0.477,0.701,0.288,0.762,0.468,0.498,0.533,0.471,0.459,0.808,-0.035,0.459,0.598,0.149,0.51,0.489,0.693,0.62,0.799,0.749,0.772,0.591,-0.614,-0.022,0.667,0.705,0.728,0.49,0.632,-0.069,0.266,0.61,-0.074,0.709,0.6,0.469,0.549,0.642,0.096,0.109,0.582,-0.063,0.762,-0.123,0.705,0.329,0.154,0.196,0.439,0.68,0.459,0.216,0.464,-0.207,0.405,0.667,0.491
CGBD,0.328,0.936,0.95,0.503,-0.618,0.683,0.573,0.929,0.911,0.935,0.37,0.621,0.239,-0.687,0.429,0.815,0.733,0.801,0.867,0.576,-0.478,0.632,0.785,0.787,-0.514,0.731,0.63,-0.268,-0.911,0.563,0.0,0.953,0.789,0.75,0.223,0.603,0.721,0.471,0.852,0.204,-0.311,0.85,-0.003,0.701,-0.663,0.012,0.767,0.496,0.636,0.197,0.831,-0.459,0.127,-0.804,0.876,0.616,-0.401,0.769,0.533,0.854,-0.551,0.659,0.208,0.535,0.528,0.587,0.369,0.967,-0.405,-0.835,0.191,0.726,0.474,0.228,-0.585,-0.503,0.866,-0.296,-0.681,-0.035,-0.77,-0.718,-0.676,0.635,0.828,0.603,0.427,0.363,-0.574,0.554,0.612,-0.488,0.893,0.55,0.439,-0.165,0.95,0.223,0.411,0.741,0.883,0.916,0.537,-0.706,0.893,0.161,0.831,0.954,0.908,0.621,-0.858,0.94,0.762,0.927,-0.887,-0.066,0.55,0.823,-0.371,-0.279,0.894,-0.717,0.887,-0.088,-0.875,-0.51,0.237,-0.074,0.946,0.509,-0.188,-0.848,0.946,0.904,-0.599,0.335,0.91,0.906,0.865,0.304,0.926,0.235,-0.12,0.954,0.868,-0.22,0.74,0.467,0.284,0.847,0.295,0.529,0.794,-0.63,-0.088,0.964,-0.39,0.926,0.43,0.754,0.762,0.848,0.642,0.695,0.515,-0.824,0.534,0.778,0.352,0.881,0.418,0.849,-0.284,0.275,0.922,-0.774,0.328,0.603,0.842,0.297,0.454,-0.446,-0.029,0.887,-0.8,0.861,-0.713,0.765,0.827,0.292,-0.035,0.842,0.94,0.358,0.785,0.796,-0.83,0.716,0.55,-0.112
