,ACET,ADAP,ADI,ADPT,ADTN,AGEN,ALGN,ALLK,AMD,AMWD,ARDX,ARQT,ASTE,AUPH,AVXL,AZTA,BAND,BECN,BFC,BGC,BHF,BHFAL,BKNG,BL,BOKF,BRKR,CACC,CAR,CDNA,CG,CGBD,CHI,CHTR,CHX,CLNE,CME,CNOB,CNXN,CPRX,CSGP,CSGS,CSIQ,CVCO,CVLT,CYRX,DDOG,DOOO,DSGX,DTIL,ECPG,EEFT,EFSC,ENTG,ESPR,ETSY,EXC,FAMI,FFIV,FITB,FIZZ,FMBH,FOX,FTNT,FULT,GABC,GEN,GH,GMAB,GNPX,GO,GOGL,GOOG,GPRO,GSHD,GSM,GWAV,HAIN,HBAN,HEPA,HURN,HWKN,IBIO,ICFI,IGMS,IMKTA,INCY,INO,IRDM,IRTC,IRWD,ITCI,JACK,JD,JJSF,KALA,KHC,KLAC,KRRO,KRYS,LANC,LBTYA,LIVN,LKCO,LNTH,LOGI,LPRO,LRCX,LSCC,LSTR,MAR,MARA,MCHP,MEOH,META,MGTX,MKSI,MMYT,MORN,MRUS,MTLS,MTSI,MVIS,MXL,NBIX,NFE,NMIH,NMRK,NNDM,NSIT,NTCT,NVAX,OCUL,ODP,OLED,ONB,OTEX,PACB,PATK,PAYX,PEP,PERI,PI,PLYA,PRDO,PRGS,PTGX,QCOM,QCRH,QDEL,QFIN,RGEN,RILY,RPAY,RPD,SABR,SEDG,SHEN,SIRI,SLNO,SNDL,SNEX,SONO,SPT,SSNC,STGW,STKL,STRL,STX,SWTX,SYNA,TFSL,TIGR,TNXP,TOWN,TRI,TRIP,TRMB,TRNS,TRS,TSCO,TSEM,TVTX,TXRH,VC,VCEL,VECO,VIAV,VICR,VIR,VRTX,VSTM,VTRS,WDFC,WSBC,WSC,WYNN,XENE,XNCR,XRAY,ZS
ACET,0.0,0.344,0.482,0.429,-0.249,0.393,0.664,-0.145,0.371,0.252,0.718,-0.1,0.479,0.152,0.434,0.554,0.643,0.624,-0.333,0.544,0.687,0.379,0.751,0.746,0.468,0.534,0.304,0.614,0.452,0.477,0.445,0.578,0.369,0.598,0.477,0.469,0.358,0.192,0.755,0.604,0.213,0.176,-0.02,-0.068,0.544,0.419,0.734,0.486,0.677,0.208,0.561,0.179,0.629,0.045,0.685,0.535,0.364,0.488,0.715,-0.135,-0.068,0.478,0.823,-0.04,-0.021,0.296,0.873,0.688,0.671,0.151,0.556,0.345,0.448,0.058,0.583,0.501,0.441,0.734,0.271,-0.121,0.147,-0.068,-0.109,0.791,0.351,0.284,0.36,0.302,0.599,0.68,0.597,0.668,0.237,0.153,0.616,0.087,0.648,0.641,0.301,0.529,0.365,0.748,0.677,0.775,0.667,0.648,0.47,0.44,0.243,0.725,0.776,0.432,0.498,0.326,0.629,0.399,0.348,0.638,0.42,0.574,0.737,0.323,0.441,0.286,0.455,0.355,0.565,0.276,-0.204,0.458,0.531,0.655,0.551,0.138,0.115,0.478,0.775,0.216,0.456,0.052,0.82,0.543,0.467,0.106,0.273,0.063,0.324,0.303,0.77,0.234,0.663,0.002,0.497,0.532,0.267,0.755,0.113,0.38,0.589,0.564,0.156,0.762,0.446,0.448,0.621,0.64,0.382,0.482,0.861,0.437,0.223,0.476,0.492,0.142,0.697,0.847,0.452,0.407,0.225,0.575,0.349,0.541,0.585,0.679,0.559,0.514,0.777,0.499,0.157,0.427,0.617,0.589,0.501,0.041,0.652,0.061,0.452,0.442,0.721,0.677
ADAP,0.344,0.0,0.813,0.964,0.662,0.934,0.829,-0.75,0.937,0.906,-0.088,0.757,0.948,-0.362,0.401,0.913,0.859,0.557,0.235,0.81,0.63,0.114,0.695,0.799,0.061,0.939,0.932,0.781,0.814,0.94,0.867,0.882,0.964,0.851,0.852,0.951,0.496,0.901,0.754,0.598,0.903,0.91,0.723,0.445,0.926,0.795,0.551,0.869,0.867,0.952,0.885,-0.071,0.777,0.748,0.654,0.92,0.935,0.902,0.548,0.835,0.519,0.716,0.35,-0.104,0.213,0.947,0.335,0.849,0.846,0.93,0.679,0.952,0.936,0.871,0.878,0.943,0.926,0.272,0.813,-0.07,0.001,-0.346,-0.8,0.064,0.918,0.897,0.914,0.366,0.812,0.748,0.918,0.235,0.941,0.82,0.845,0.921,0.845,0.82,0.162,0.813,0.961,0.809,0.743,0.809,0.685,0.817,0.953,0.794,0.474,0.744,0.708,0.583,0.936,0.951,0.711,0.958,0.767,0.838,0.903,0.8,0.45,0.871,0.808,0.374,0.958,0.164,0.778,0.785,0.604,-0.288,0.863,0.362,0.156,0.877,-0.205,0.927,0.456,0.923,0.89,0.731,0.43,0.495,0.815,0.846,0.944,0.612,0.891,0.828,0.785,0.545,0.763,0.447,0.954,0.916,0.888,0.453,0.934,0.868,0.821,0.797,0.864,0.658,-0.144,0.964,-0.179,0.726,0.886,0.945,0.583,0.897,0.763,0.846,0.967,0.17,0.801,0.534,0.934,0.58,0.78,0.399,0.913,0.855,0.391,0.329,0.143,0.82,0.649,0.767,0.915,0.18,0.888,0.899,0.66,-0.447,0.22,-0.609,0.746,0.111,0.79,-0.141
ADI,0.482,0.813,0.0,0.87,0.402,0.854,0.879,-0.475,0.936,0.906,0.187,0.501,0.913,-0.052,0.537,0.927,0.9,0.836,0.354,0.891,0.876,0.434,0.881,0.892,0.492,0.878,0.833,0.801,0.731,0.926,0.895,0.919,0.872,0.924,0.945,0.867,0.781,0.777,0.717,0.597,0.778,0.667,0.679,0.532,0.914,0.873,0.78,0.819,0.838,0.781,0.949,0.372,0.929,0.545,0.848,0.902,0.758,0.812,0.827,0.532,0.659,0.861,0.661,0.335,0.528,0.807,0.605,0.888,0.861,0.681,0.744,0.85,0.856,0.707,0.866,0.741,0.823,0.646,0.68,0.194,0.379,-0.085,-0.395,0.355,0.786,0.816,0.783,0.458,0.872,0.867,0.785,0.571,0.81,0.788,0.827,0.702,0.946,0.838,0.319,0.873,0.837,0.818,0.844,0.836,0.791,0.927,0.929,0.943,0.522,0.87,0.797,0.902,0.86,0.854,0.68,0.883,0.675,0.908,0.701,0.83,0.775,0.796,0.918,0.684,0.848,0.535,0.884,0.671,0.591,0.043,0.857,0.593,0.57,0.867,0.282,0.87,0.75,0.809,0.944,0.699,0.71,0.815,0.887,0.703,0.839,0.453,0.928,0.897,0.847,0.659,0.881,0.632,0.866,0.895,0.829,0.7,0.735,0.898,0.809,0.832,0.748,0.844,0.365,0.915,0.278,0.803,0.919,0.901,0.704,0.877,0.882,0.944,0.818,0.563,0.905,0.752,0.863,0.737,0.828,0.634,0.874,0.832,0.777,0.681,0.542,0.892,0.85,0.842,0.68,0.403,0.868,0.925,0.883,-0.029,0.638,-0.255,0.713,0.363,0.854,0.283
ADPT,0.429,0.964,0.87,0.0,0.618,0.965,0.877,-0.691,0.96,0.912,-0.012,0.727,0.964,-0.249,0.545,0.94,0.896,0.68,0.252,0.82,0.695,0.16,0.777,0.854,0.159,0.97,0.938,0.86,0.89,0.965,0.891,0.9,0.961,0.88,0.896,0.954,0.558,0.898,0.796,0.623,0.896,0.89,0.726,0.501,0.957,0.847,0.629,0.916,0.92,0.918,0.912,-0.002,0.841,0.77,0.757,0.926,0.924,0.922,0.64,0.778,0.536,0.769,0.45,-0.008,0.25,0.948,0.451,0.89,0.872,0.874,0.692,0.962,0.954,0.867,0.902,0.924,0.93,0.389,0.802,-0.023,0.07,-0.365,-0.733,0.216,0.903,0.936,0.943,0.372,0.846,0.843,0.932,0.331,0.935,0.823,0.85,0.872,0.902,0.869,0.301,0.82,0.948,0.856,0.777,0.855,0.771,0.868,0.968,0.853,0.564,0.823,0.783,0.686,0.961,0.953,0.768,0.968,0.805,0.886,0.92,0.857,0.567,0.888,0.857,0.484,0.955,0.275,0.813,0.815,0.604,-0.199,0.893,0.382,0.27,0.894,-0.115,0.942,0.605,0.916,0.929,0.733,0.526,0.606,0.858,0.849,0.936,0.643,0.904,0.856,0.822,0.552,0.831,0.44,0.963,0.942,0.889,0.532,0.9,0.916,0.842,0.852,0.868,0.755,0.012,0.966,-0.032,0.788,0.903,0.954,0.689,0.936,0.767,0.898,0.966,0.242,0.85,0.641,0.948,0.629,0.782,0.495,0.941,0.914,0.549,0.425,0.311,0.879,0.734,0.833,0.893,0.346,0.909,0.943,0.776,-0.384,0.325,-0.483,0.801,0.207,0.856,-0.026
ADTN,-0.249,0.662,0.402,0.618,0.0,0.675,0.298,-0.552,0.622,0.684,-0.731,0.959,0.546,-0.188,0.308,0.474,0.336,0.222,0.373,0.248,0.037,-0.19,0.121,0.209,-0.324,0.563,0.747,0.538,0.659,0.525,0.469,0.342,0.631,0.339,0.455,0.497,0.183,0.825,0.256,0.046,0.823,0.721,0.85,0.75,0.481,0.602,0.05,0.563,0.379,0.757,0.434,-0.328,0.247,0.625,0.106,0.427,0.701,0.62,-0.049,0.92,0.554,0.309,-0.21,-0.129,0.079,0.675,-0.332,0.252,0.281,0.82,0.292,0.691,0.623,0.723,0.434,0.566,0.673,-0.326,0.691,0.082,-0.015,-0.463,-0.706,-0.393,0.628,0.632,0.757,0.11,0.218,0.308,0.443,-0.182,0.769,0.8,0.278,0.828,0.352,0.279,0.222,0.241,0.676,0.318,0.199,0.186,0.403,0.322,0.562,0.526,0.612,0.156,0.22,0.179,0.605,0.706,0.196,0.667,0.489,0.316,0.562,0.378,-0.009,0.728,0.425,-0.056,0.52,-0.038,0.277,0.761,0.862,-0.387,0.445,-0.339,-0.231,0.739,-0.335,0.624,-0.078,0.782,0.53,0.7,-0.252,0.02,0.539,0.792,0.751,0.738,0.636,0.57,0.163,0.486,0.178,0.356,0.557,0.547,0.581,-0.271,0.825,0.58,0.413,0.433,0.835,0.091,-0.477,0.565,-0.57,0.196,0.528,0.563,0.039,0.576,0.489,0.458,0.601,0.046,0.209,-0.086,0.669,0.082,0.642,-0.032,0.646,0.471,-0.065,-0.265,-0.196,0.535,0.15,0.557,0.86,0.008,0.304,0.427,0.283,-0.625,-0.363,-0.531,0.493,-0.138,0.319,-0.477
AGEN,0.393,0.934,0.854,0.965,0.675,0.0,0.837,-0.661,0.952,0.926,-0.109,0.785,0.943,-0.171,0.557,0.935,0.852,0.695,0.313,0.804,0.693,0.238,0.749,0.819,0.182,0.944,0.96,0.868,0.908,0.944,0.904,0.886,0.957,0.879,0.896,0.911,0.618,0.912,0.729,0.491,0.937,0.835,0.784,0.589,0.95,0.884,0.646,0.883,0.884,0.937,0.902,0.01,0.788,0.694,0.711,0.893,0.94,0.898,0.627,0.789,0.605,0.792,0.396,0.036,0.275,0.922,0.364,0.836,0.826,0.89,0.749,0.945,0.957,0.832,0.904,0.892,0.963,0.364,0.875,0.028,0.158,-0.326,-0.704,0.193,0.852,0.9,0.972,0.329,0.778,0.833,0.876,0.365,0.936,0.893,0.831,0.878,0.872,0.806,0.364,0.776,0.959,0.832,0.767,0.796,0.8,0.852,0.944,0.858,0.612,0.764,0.753,0.645,0.939,0.958,0.647,0.955,0.77,0.838,0.871,0.792,0.547,0.925,0.802,0.456,0.913,0.32,0.813,0.871,0.695,-0.094,0.901,0.34,0.242,0.898,-0.075,0.956,0.59,0.938,0.913,0.732,0.497,0.587,0.865,0.884,0.941,0.645,0.92,0.893,0.78,0.672,0.789,0.496,0.948,0.946,0.893,0.46,0.905,0.884,0.869,0.881,0.901,0.72,-0.004,0.952,-0.047,0.739,0.922,0.945,0.671,0.905,0.779,0.884,0.95,0.312,0.802,0.6,0.961,0.548,0.817,0.404,0.959,0.904,0.504,0.381,0.338,0.901,0.743,0.872,0.905,0.369,0.848,0.923,0.766,-0.379,0.3,-0.534,0.814,0.264,0.854,0.001
ALGN,0.664,0.829,0.879,0.877,0.298,0.837,0.0,-0.528,0.886,0.794,0.307,0.418,0.922,-0.16,0.486,0.941,0.939,0.773,0.149,0.897,0.831,0.321,0.909,0.949,0.381,0.915,0.818,0.807,0.776,0.916,0.846,0.919,0.854,0.9,0.868,0.918,0.645,0.697,0.819,0.69,0.715,0.676,0.543,0.332,0.925,0.781,0.753,0.807,0.929,0.751,0.944,0.179,0.92,0.498,0.881,0.935,0.807,0.839,0.833,0.482,0.447,0.832,0.707,0.102,0.26,0.796,0.685,0.943,0.897,0.675,0.681,0.851,0.887,0.684,0.895,0.838,0.857,0.645,0.638,-0.101,0.09,-0.13,-0.523,0.437,0.797,0.825,0.796,0.37,0.897,0.857,0.883,0.557,0.794,0.677,0.882,0.668,0.955,0.914,0.269,0.884,0.844,0.955,0.861,0.928,0.834,0.952,0.918,0.83,0.462,0.911,0.876,0.773,0.863,0.837,0.818,0.869,0.699,0.933,0.793,0.883,0.75,0.728,0.849,0.592,0.843,0.404,0.888,0.666,0.355,0.049,0.889,0.642,0.448,0.748,0.056,0.882,0.795,0.749,0.881,0.573,0.742,0.688,0.81,0.631,0.777,0.387,0.847,0.798,0.939,0.524,0.91,0.35,0.891,0.903,0.764,0.759,0.687,0.85,0.866,0.852,0.673,0.919,0.3,0.908,0.264,0.816,0.84,0.911,0.831,0.893,0.709,0.884,0.888,0.35,0.941,0.825,0.861,0.64,0.698,0.638,0.802,0.892,0.678,0.672,0.532,0.864,0.882,0.8,0.682,0.43,0.93,0.949,0.832,-0.152,0.55,-0.251,0.704,0.333,0.961,0.301
ALLK,-0.145,-0.75,-0.475,-0.691,-0.552,-0.661,-0.528,0.0,-0.636,-0.583,0.198,-0.579,-0.643,0.499,-0.276,-0.592,-0.554,-0.231,0.034,-0.474,-0.268,0.153,-0.329,-0.484,0.274,-0.674,-0.657,-0.463,-0.556,-0.634,-0.537,-0.567,-0.689,-0.516,-0.515,-0.706,-0.092,-0.663,-0.551,-0.478,-0.67,-0.762,-0.492,-0.222,-0.637,-0.447,-0.205,-0.579,-0.578,-0.719,-0.549,0.393,-0.466,-0.571,-0.304,-0.638,-0.682,-0.688,-0.187,-0.711,-0.175,-0.325,-0.099,0.37,0.131,-0.74,-0.092,-0.579,-0.594,-0.746,-0.392,-0.71,-0.637,-0.725,-0.575,-0.729,-0.646,0.054,-0.557,0.314,0.286,0.389,0.794,0.111,-0.727,-0.688,-0.67,-0.317,-0.497,-0.414,-0.715,0.118,-0.642,-0.505,-0.581,-0.736,-0.521,-0.58,0.031,-0.49,-0.676,-0.511,-0.389,-0.536,-0.421,-0.479,-0.676,-0.464,-0.151,-0.408,-0.452,-0.236,-0.676,-0.693,-0.528,-0.694,-0.56,-0.567,-0.74,-0.602,-0.123,-0.599,-0.551,-0.071,-0.705,0.179,-0.408,-0.554,-0.364,0.448,-0.553,-0.079,0.17,-0.578,0.493,-0.604,-0.181,-0.666,-0.593,-0.542,-0.148,-0.16,-0.473,-0.601,-0.689,-0.537,-0.584,-0.465,-0.474,-0.188,-0.434,-0.154,-0.687,-0.598,-0.603,-0.18,-0.742,-0.59,-0.497,-0.452,-0.583,-0.351,0.377,-0.685,0.386,-0.392,-0.56,-0.673,-0.33,-0.652,-0.393,-0.471,-0.726,0.24,-0.483,-0.233,-0.639,-0.336,-0.419,-0.228,-0.633,-0.551,-0.075,0.014,0.133,-0.5,-0.3,-0.473,-0.724,-0.131,-0.611,-0.603,-0.334,0.588,0.08,0.66,-0.441,0.147,-0.466,0.351
AMD,0.371,0.937,0.936,0.96,0.622,0.952,0.886,-0.636,0.0,0.959,-0.034,0.711,0.965,-0.181,0.506,0.961,0.901,0.741,0.357,0.857,0.747,0.273,0.8,0.857,0.265,0.947,0.947,0.842,0.839,0.972,0.923,0.917,0.962,0.904,0.948,0.933,0.683,0.906,0.726,0.557,0.908,0.829,0.798,0.598,0.954,0.904,0.665,0.895,0.88,0.926,0.951,0.134,0.87,0.674,0.769,0.929,0.91,0.895,0.694,0.756,0.657,0.828,0.478,0.141,0.378,0.914,0.427,0.874,0.854,0.862,0.714,0.949,0.951,0.859,0.904,0.867,0.933,0.436,0.803,0.065,0.182,-0.248,-0.643,0.183,0.878,0.909,0.918,0.389,0.838,0.826,0.862,0.397,0.943,0.882,0.84,0.865,0.926,0.851,0.276,0.843,0.949,0.846,0.797,0.817,0.788,0.903,0.98,0.925,0.565,0.814,0.764,0.766,0.935,0.954,0.69,0.97,0.765,0.884,0.837,0.842,0.629,0.902,0.898,0.559,0.922,0.39,0.856,0.817,0.69,-0.128,0.907,0.419,0.349,0.943,0.027,0.954,0.614,0.932,0.952,0.756,0.537,0.671,0.896,0.85,0.945,0.576,0.968,0.929,0.813,0.67,0.84,0.549,0.944,0.955,0.9,0.546,0.891,0.924,0.853,0.868,0.884,0.774,0.114,0.973,0.026,0.771,0.951,0.961,0.641,0.941,0.851,0.935,0.936,0.408,0.862,0.639,0.945,0.643,0.863,0.495,0.952,0.88,0.6,0.488,0.385,0.923,0.777,0.879,0.865,0.325,0.887,0.941,0.816,-0.277,0.388,-0.429,0.762,0.25,0.868,0.059
AMWD,0.252,0.906,0.906,0.912,0.684,0.926,0.794,-0.583,0.959,0.0,-0.139,0.756,0.938,-0.213,0.457,0.906,0.818,0.682,0.412,0.824,0.706,0.245,0.707,0.762,0.239,0.898,0.945,0.785,0.781,0.925,0.891,0.865,0.941,0.859,0.897,0.889,0.672,0.914,0.657,0.497,0.931,0.797,0.836,0.634,0.893,0.865,0.588,0.819,0.779,0.923,0.916,0.172,0.806,0.653,0.676,0.894,0.857,0.856,0.617,0.78,0.723,0.792,0.404,0.187,0.467,0.898,0.312,0.783,0.784,0.878,0.702,0.929,0.906,0.828,0.842,0.802,0.9,0.366,0.799,0.146,0.266,-0.215,-0.597,0.047,0.873,0.876,0.883,0.356,0.769,0.753,0.794,0.347,0.916,0.917,0.774,0.892,0.841,0.762,0.248,0.792,0.927,0.739,0.73,0.724,0.716,0.833,0.933,0.882,0.594,0.717,0.668,0.726,0.879,0.947,0.566,0.939,0.672,0.832,0.762,0.76,0.514,0.881,0.848,0.516,0.869,0.354,0.802,0.774,0.777,-0.148,0.831,0.375,0.34,0.944,0.078,0.913,0.511,0.934,0.938,0.823,0.447,0.608,0.864,0.85,0.945,0.615,0.95,0.914,0.728,0.682,0.747,0.675,0.898,0.899,0.887,0.444,0.917,0.909,0.797,0.795,0.884,0.654,0.048,0.945,-0.061,0.687,0.939,0.932,0.536,0.882,0.898,0.89,0.87,0.439,0.792,0.512,0.927,0.577,0.906,0.471,0.912,0.842,0.507,0.405,0.274,0.848,0.689,0.81,0.859,0.269,0.799,0.888,0.779,-0.265,0.348,-0.488,0.706,0.189,0.768,-0.02
ARDX,0.718,-0.088,0.187,-0.012,-0.731,-0.109,0.307,0.198,-0.034,-0.139,0.0,-0.634,0.061,0.164,0.069,0.131,0.289,0.338,-0.384,0.31,0.507,0.368,0.47,0.418,0.574,0.067,-0.206,0.073,-0.133,0.082,0.099,0.252,-0.062,0.274,0.147,0.098,0.219,-0.311,0.368,0.469,-0.322,-0.235,-0.477,-0.483,0.112,-0.06,0.462,0.027,0.259,-0.266,0.185,0.441,0.371,-0.225,0.459,0.179,-0.172,-0.014,0.574,-0.584,-0.27,0.201,0.696,0.17,0.063,-0.119,0.836,0.385,0.342,-0.37,0.2,-0.131,-0.044,-0.298,0.157,-0.009,-0.088,0.756,-0.247,-0.059,0.132,0.283,0.355,0.754,-0.074,-0.104,-0.202,0.157,0.363,0.315,0.187,0.591,-0.252,-0.342,0.296,-0.385,0.287,0.337,0.037,0.3,-0.113,0.305,0.365,0.44,0.181,0.297,0.053,0.061,-0.263,0.455,0.394,0.319,0.028,-0.159,0.382,-0.073,-0.037,0.303,-0.031,0.2,0.516,-0.165,0.166,0.383,0.073,0.33,0.284,-0.313,-0.578,0.429,0.114,0.697,0.613,-0.27,0.371,-0.032,0.573,-0.273,0.075,-0.309,0.727,0.451,0.048,-0.364,-0.21,-0.37,-0.098,-0.053,0.445,-0.156,0.403,-0.067,0.032,0.05,-0.089,0.75,-0.359,0.001,0.135,0.117,-0.355,0.502,0.66,0.033,0.761,0.379,0.023,0.047,0.521,0.017,-0.017,0.135,-0.003,0.154,0.414,0.628,-0.081,0.322,-0.154,0.52,-0.085,0.134,0.526,0.711,0.477,0.039,0.443,-0.006,-0.389,0.272,0.319,0.191,0.239,0.491,0.754,0.398,0.021,0.363,0.285,0.688
ARQT,-0.1,0.757,0.501,0.727,0.959,0.785,0.418,-0.579,0.711,0.756,-0.634,0.0,0.655,-0.216,0.356,0.6,0.464,0.304,0.39,0.378,0.182,-0.092,0.263,0.348,-0.228,0.657,0.824,0.633,0.768,0.638,0.591,0.482,0.735,0.47,0.555,0.611,0.287,0.875,0.386,0.118,0.878,0.786,0.838,0.713,0.614,0.696,0.189,0.662,0.511,0.844,0.549,-0.279,0.357,0.666,0.231,0.549,0.802,0.69,0.092,0.944,0.585,0.422,-0.118,-0.128,0.129,0.754,-0.214,0.388,0.404,0.885,0.443,0.768,0.726,0.768,0.567,0.681,0.757,-0.193,0.797,0.101,0.023,-0.466,-0.748,-0.281,0.686,0.702,0.844,0.108,0.358,0.436,0.556,-0.072,0.85,0.862,0.412,0.872,0.472,0.417,0.27,0.374,0.771,0.449,0.338,0.34,0.475,0.437,0.661,0.588,0.647,0.295,0.334,0.245,0.686,0.786,0.273,0.752,0.585,0.437,0.664,0.457,0.091,0.799,0.478,0.044,0.643,0.007,0.412,0.85,0.849,-0.325,0.578,-0.185,-0.164,0.803,-0.31,0.73,0.055,0.845,0.626,0.722,-0.099,0.14,0.623,0.855,0.831,0.751,0.715,0.668,0.306,0.571,0.323,0.388,0.673,0.67,0.679,-0.116,0.876,0.645,0.561,0.56,0.891,0.214,-0.443,0.672,-0.5,0.346,0.64,0.659,0.178,0.649,0.564,0.557,0.713,0.097,0.349,0.066,0.768,0.196,0.691,0.009,0.743,0.585,0.039,-0.144,-0.082,0.638,0.281,0.642,0.911,0.046,0.439,0.545,0.397,-0.61,-0.249,-0.598,0.62,-0.045,0.449,-0.417
ASTE,0.479,0.948,0.913,0.964,0.546,0.943,0.922,-0.643,0.965,0.938,0.061,0.655,0.0,-0.279,0.505,0.964,0.924,0.708,0.24,0.886,0.777,0.234,0.82,0.895,0.227,0.974,0.937,0.842,0.833,0.969,0.899,0.939,0.957,0.92,0.911,0.972,0.606,0.88,0.812,0.677,0.884,0.832,0.72,0.47,0.968,0.852,0.668,0.874,0.904,0.908,0.967,0.08,0.898,0.653,0.775,0.976,0.898,0.929,0.703,0.71,0.546,0.806,0.558,0.036,0.306,0.931,0.501,0.908,0.911,0.858,0.717,0.964,0.948,0.832,0.92,0.909,0.935,0.464,0.769,-0.026,0.131,-0.273,-0.656,0.201,0.929,0.915,0.898,0.391,0.875,0.824,0.925,0.392,0.916,0.837,0.878,0.86,0.929,0.879,0.246,0.883,0.95,0.884,0.833,0.882,0.791,0.924,0.984,0.87,0.558,0.84,0.822,0.723,0.937,0.962,0.74,0.972,0.737,0.941,0.858,0.886,0.625,0.845,0.89,0.504,0.944,0.288,0.852,0.776,0.574,-0.139,0.893,0.509,0.332,0.888,-0.035,0.955,0.648,0.9,0.96,0.762,0.599,0.629,0.875,0.788,0.938,0.568,0.94,0.871,0.877,0.596,0.851,0.505,0.961,0.961,0.873,0.606,0.886,0.938,0.862,0.846,0.827,0.79,0.077,0.991,0.032,0.786,0.924,0.984,0.717,0.943,0.822,0.925,0.95,0.309,0.898,0.675,0.961,0.638,0.835,0.575,0.912,0.905,0.553,0.497,0.334,0.885,0.785,0.838,0.846,0.33,0.915,0.971,0.815,-0.317,0.416,-0.479,0.73,0.186,0.888,0.078
AUPH,0.152,-0.362,-0.052,-0.249,-0.188,-0.171,-0.16,0.499,-0.181,-0.213,0.164,-0.216,-0.279,0.0,0.071,-0.128,-0.075,0.294,0.165,-0.158,0.097,0.49,0.136,-0.07,0.512,-0.238,-0.187,0.144,-0.008,-0.148,-0.034,-0.157,-0.223,-0.061,-0.016,-0.38,0.293,-0.234,-0.231,-0.423,-0.191,-0.408,-0.147,0.233,-0.186,0.066,0.302,-0.018,-0.047,-0.296,-0.134,0.447,-0.178,-0.192,0.165,-0.342,-0.177,-0.259,0.182,-0.395,0.144,0.168,0.091,0.493,0.205,-0.434,0.143,-0.164,-0.177,-0.401,0.147,-0.333,-0.128,-0.46,-0.052,-0.338,-0.127,0.277,0.0,0.466,0.509,0.162,0.448,0.493,-0.444,-0.363,-0.128,0.113,-0.127,0.159,-0.297,0.553,-0.236,-0.088,-0.17,-0.419,-0.062,-0.17,0.375,-0.251,-0.2,-0.039,0.005,-0.151,0.21,-0.041,-0.245,0.049,0.249,0.055,-0.079,0.146,-0.109,-0.308,-0.15,-0.261,-0.023,-0.263,-0.314,-0.315,0.271,0.059,-0.209,0.093,-0.33,0.67,0.054,-0.088,0.056,0.709,-0.019,-0.078,0.497,-0.181,0.504,-0.126,0.183,-0.16,-0.194,-0.435,0.142,0.296,0.09,-0.057,-0.285,-0.318,-0.163,0.019,-0.097,0.282,0.016,0.015,-0.231,-0.125,-0.132,-0.006,-0.416,-0.261,-0.071,0.125,-0.032,0.104,0.539,-0.294,0.604,0.103,-0.09,-0.259,0.104,-0.266,-0.134,-0.067,-0.261,0.447,-0.076,0.222,-0.17,-0.011,-0.102,-0.171,-0.141,-0.095,0.333,0.331,0.479,0.026,0.185,0.064,-0.263,0.17,-0.222,-0.174,0.018,0.471,0.29,0.597,0.162,0.662,0.007,0.544
AVXL,0.434,0.401,0.537,0.545,0.308,0.557,0.486,-0.276,0.506,0.457,0.069,0.356,0.505,0.071,0.0,0.475,0.435,0.715,-0.094,0.282,0.396,-0.069,0.446,0.518,0.112,0.593,0.457,0.623,0.627,0.448,0.337,0.392,0.388,0.436,0.522,0.455,0.269,0.518,0.543,0.517,0.475,0.37,0.537,0.563,0.522,0.595,0.412,0.454,0.494,0.338,0.491,-0.071,0.627,0.286,0.424,0.456,0.38,0.646,0.383,0.266,0.148,0.291,0.553,0.069,-0.015,0.561,0.462,0.46,0.481,0.332,0.27,0.555,0.443,0.476,0.4,0.397,0.515,0.362,0.294,-0.039,0.171,-0.486,-0.172,0.462,0.498,0.618,0.564,0.25,0.329,0.584,0.497,0.212,0.43,0.452,0.328,0.33,0.589,0.459,0.648,0.274,0.392,0.498,0.377,0.455,0.658,0.529,0.536,0.654,0.581,0.431,0.717,0.491,0.56,0.551,0.49,0.568,0.369,0.603,0.402,0.695,0.634,0.449,0.628,0.242,0.434,0.145,0.296,0.57,0.316,-0.056,0.351,0.039,0.21,0.443,0.053,0.525,0.623,0.382,0.612,0.561,0.36,0.328,0.498,0.295,0.507,0.664,0.494,0.367,0.442,0.25,0.393,0.248,0.455,0.516,0.253,0.27,0.401,0.659,0.392,0.409,0.395,0.584,0.228,0.488,0.215,0.334,0.371,0.532,0.531,0.675,0.387,0.551,0.477,0.138,0.409,0.418,0.541,0.147,0.431,0.642,0.567,0.488,0.525,0.237,0.46,0.614,0.506,0.668,0.424,0.712,0.415,0.518,0.537,-0.252,0.318,-0.063,0.375,0.029,0.535,0.337
AZTA,0.554,0.913,0.927,0.94,0.474,0.935,0.941,-0.592,0.961,0.906,0.131,0.6,0.964,-0.128,0.475,0.0,0.959,0.764,0.274,0.919,0.832,0.384,0.892,0.939,0.358,0.946,0.914,0.865,0.841,0.982,0.948,0.971,0.955,0.952,0.946,0.939,0.709,0.829,0.8,0.588,0.849,0.781,0.668,0.461,0.982,0.889,0.791,0.905,0.946,0.891,0.976,0.174,0.887,0.608,0.854,0.949,0.913,0.876,0.787,0.64,0.579,0.866,0.57,0.101,0.339,0.858,0.561,0.939,0.912,0.809,0.794,0.91,0.963,0.75,0.97,0.894,0.932,0.547,0.812,0.038,0.22,-0.188,-0.611,0.321,0.837,0.844,0.885,0.408,0.904,0.888,0.898,0.531,0.889,0.82,0.923,0.791,0.962,0.901,0.253,0.896,0.947,0.921,0.887,0.915,0.828,0.956,0.968,0.891,0.532,0.897,0.818,0.76,0.932,0.91,0.745,0.94,0.793,0.912,0.844,0.838,0.697,0.867,0.852,0.556,0.93,0.451,0.925,0.784,0.553,0.028,0.964,0.561,0.416,0.862,0.039,0.96,0.697,0.885,0.932,0.635,0.684,0.724,0.896,0.801,0.894,0.455,0.926,0.911,0.909,0.677,0.919,0.467,0.965,0.976,0.9,0.684,0.808,0.869,0.91,0.928,0.826,0.851,0.17,0.967,0.161,0.863,0.945,0.955,0.768,0.903,0.794,0.924,0.949,0.401,0.937,0.771,0.946,0.693,0.809,0.496,0.922,0.908,0.648,0.604,0.486,0.925,0.871,0.873,0.805,0.31,0.936,0.97,0.827,-0.226,0.494,-0.421,0.798,0.377,0.937,0.182
BAND,0.643,0.859,0.9,0.896,0.336,0.852,0.939,-0.554,0.901,0.818,0.289,0.464,0.924,-0.075,0.435,0.959,0.0,0.771,0.194,0.895,0.846,0.391,0.935,0.959,0.391,0.914,0.836,0.849,0.788,0.954,0.911,0.952,0.906,0.932,0.92,0.917,0.648,0.744,0.83,0.658,0.752,0.741,0.533,0.352,0.94,0.802,0.798,0.894,0.956,0.793,0.947,0.195,0.892,0.58,0.896,0.923,0.853,0.837,0.818,0.523,0.463,0.86,0.659,0.069,0.28,0.77,0.673,0.962,0.937,0.711,0.763,0.851,0.915,0.666,0.951,0.862,0.864,0.606,0.718,0.009,0.154,-0.174,-0.56,0.412,0.806,0.785,0.804,0.498,0.945,0.879,0.909,0.582,0.816,0.7,0.905,0.691,0.956,0.937,0.165,0.891,0.885,0.942,0.912,0.952,0.836,0.951,0.926,0.838,0.459,0.949,0.828,0.764,0.906,0.835,0.827,0.879,0.772,0.917,0.823,0.833,0.727,0.803,0.829,0.56,0.896,0.473,0.916,0.69,0.419,0.068,0.936,0.613,0.5,0.771,0.035,0.911,0.75,0.81,0.9,0.525,0.75,0.753,0.864,0.725,0.814,0.333,0.841,0.837,0.956,0.596,0.954,0.353,0.922,0.931,0.841,0.768,0.711,0.829,0.866,0.9,0.747,0.891,0.268,0.912,0.284,0.905,0.891,0.913,0.817,0.85,0.703,0.904,0.904,0.349,0.974,0.852,0.882,0.743,0.72,0.551,0.853,0.891,0.699,0.694,0.514,0.879,0.885,0.811,0.716,0.339,0.943,0.947,0.835,-0.174,0.56,-0.29,0.748,0.412,0.928,0.268
BECN,0.624,0.557,0.836,0.68,0.222,0.695,0.773,-0.231,0.741,0.682,0.338,0.304,0.708,0.294,0.715,0.764,0.771,0.0,0.168,0.678,0.806,0.418,0.837,0.809,0.591,0.737,0.645,0.799,0.679,0.732,0.713,0.726,0.636,0.774,0.834,0.642,0.748,0.59,0.645,0.503,0.603,0.392,0.565,0.586,0.73,0.788,0.774,0.67,0.755,0.507,0.807,0.392,0.842,0.285,0.812,0.681,0.568,0.693,0.829,0.243,0.486,0.763,0.771,0.408,0.366,0.571,0.709,0.744,0.72,0.408,0.633,0.639,0.688,0.449,0.707,0.511,0.703,0.752,0.512,0.185,0.402,-0.107,-0.147,0.624,0.552,0.623,0.657,0.395,0.675,0.835,0.637,0.705,0.584,0.616,0.632,0.399,0.857,0.729,0.505,0.606,0.619,0.787,0.733,0.717,0.88,0.838,0.733,0.864,0.565,0.783,0.822,0.819,0.72,0.652,0.61,0.697,0.498,0.78,0.486,0.728,0.864,0.683,0.777,0.622,0.594,0.656,0.746,0.599,0.447,0.31,0.698,0.457,0.679,0.609,0.388,0.741,0.865,0.586,0.804,0.465,0.72,0.769,0.761,0.498,0.618,0.375,0.706,0.727,0.752,0.615,0.778,0.466,0.651,0.745,0.554,0.654,0.455,0.751,0.698,0.748,0.573,0.888,0.6,0.692,0.554,0.7,0.718,0.729,0.754,0.752,0.64,0.81,0.639,0.572,0.786,0.778,0.702,0.498,0.675,0.694,0.723,0.722,0.845,0.736,0.748,0.838,0.879,0.82,0.462,0.627,0.697,0.769,0.828,0.076,0.701,0.071,0.593,0.471,0.831,0.6
BFC,-0.333,0.235,0.354,0.252,0.373,0.313,0.149,0.034,0.357,0.412,-0.384,0.39,0.24,0.165,-0.094,0.274,0.194,0.168,0.0,0.337,0.235,0.408,0.214,0.085,0.342,0.128,0.362,0.127,0.216,0.32,0.426,0.264,0.358,0.266,0.352,0.172,0.544,0.286,-0.244,-0.359,0.357,0.199,0.383,0.453,0.256,0.32,0.218,0.243,0.13,0.376,0.236,0.419,0.088,0.389,0.256,0.169,0.295,0.017,0.241,0.379,0.766,0.506,-0.219,0.557,0.665,0.179,-0.202,0.108,0.009,0.275,0.306,0.23,0.33,0.337,0.258,0.105,0.251,0.073,0.414,0.407,0.314,0.325,-0.107,-0.172,0.069,0.261,0.284,0.084,0.248,0.196,-0.002,0.226,0.39,0.457,0.131,0.322,0.186,0.074,0.117,0.289,0.327,0.066,0.223,0.016,0.099,0.171,0.236,0.306,0.239,0.198,-0.123,0.432,0.175,0.265,-0.064,0.222,0.308,0.044,0.175,-0.023,0.029,0.376,0.144,0.485,0.183,0.465,0.4,0.257,0.646,0.05,0.351,0.083,0.178,0.533,0.386,0.26,0.038,0.411,0.241,0.217,0.025,0.346,0.311,0.507,0.276,0.015,0.394,0.544,0.085,0.499,0.256,0.467,0.227,0.23,0.493,0.02,0.316,0.23,0.248,0.377,0.457,0.097,0.133,0.253,-0.038,0.227,0.453,0.196,-0.061,0.156,0.471,0.326,0.169,0.612,0.16,0.042,0.232,0.368,0.388,-0.243,0.318,0.261,0.271,0.181,0.218,0.269,0.14,0.202,0.3,-0.039,0.137,0.198,0.33,0.255,0.078,-0.067,0.385,0.383,0.146,-0.188
BGC,0.544,0.81,0.891,0.82,0.248,0.804,0.897,-0.474,0.857,0.824,0.31,0.378,0.886,-0.158,0.282,0.919,0.895,0.678,0.337,0.0,0.911,0.53,0.894,0.9,0.537,0.817,0.771,0.683,0.623,0.907,0.924,0.962,0.869,0.949,0.881,0.871,0.777,0.642,0.69,0.553,0.679,0.614,0.471,0.249,0.898,0.733,0.806,0.755,0.853,0.767,0.918,0.398,0.85,0.515,0.857,0.91,0.758,0.698,0.872,0.455,0.607,0.899,0.59,0.263,0.502,0.742,0.628,0.915,0.858,0.647,0.802,0.766,0.847,0.615,0.901,0.772,0.796,0.683,0.686,0.088,0.276,0.099,-0.444,0.355,0.703,0.731,0.705,0.372,0.93,0.827,0.801,0.64,0.738,0.674,0.919,0.654,0.892,0.837,0.171,0.957,0.839,0.828,0.888,0.885,0.68,0.899,0.869,0.774,0.309,0.896,0.722,0.792,0.796,0.771,0.675,0.796,0.673,0.852,0.721,0.716,0.644,0.725,0.773,0.681,0.848,0.511,0.959,0.544,0.425,0.102,0.894,0.778,0.522,0.745,0.243,0.817,0.693,0.738,0.834,0.512,0.785,0.779,0.802,0.647,0.733,0.242,0.829,0.863,0.902,0.595,0.916,0.552,0.864,0.851,0.858,0.799,0.663,0.762,0.85,0.855,0.644,0.821,0.306,0.891,0.271,0.836,0.909,0.859,0.733,0.762,0.817,0.861,0.819,0.514,0.924,0.787,0.798,0.761,0.717,0.489,0.783,0.845,0.672,0.722,0.472,0.772,0.836,0.691,0.606,0.253,0.91,0.908,0.788,0.051,0.648,-0.349,0.711,0.454,0.856,0.228
BHF,0.687,0.63,0.876,0.695,0.037,0.693,0.831,-0.268,0.747,0.706,0.507,0.182,0.777,0.097,0.396,0.832,0.846,0.806,0.235,0.911,0.0,0.657,0.94,0.899,0.74,0.724,0.628,0.696,0.552,0.803,0.836,0.897,0.714,0.917,0.848,0.729,0.835,0.508,0.673,0.548,0.534,0.389,0.361,0.248,0.815,0.721,0.895,0.674,0.79,0.572,0.87,0.577,0.861,0.324,0.887,0.8,0.587,0.613,0.963,0.19,0.523,0.88,0.775,0.429,0.564,0.584,0.781,0.861,0.834,0.427,0.822,0.619,0.713,0.417,0.821,0.605,0.678,0.878,0.557,0.244,0.484,0.128,-0.152,0.576,0.559,0.578,0.575,0.411,0.853,0.846,0.689,0.801,0.57,0.568,0.832,0.426,0.867,0.783,0.292,0.865,0.675,0.796,0.89,0.851,0.728,0.884,0.761,0.77,0.359,0.895,0.786,0.834,0.703,0.638,0.585,0.674,0.528,0.828,0.535,0.672,0.817,0.626,0.743,0.729,0.717,0.649,0.905,0.442,0.309,0.346,0.796,0.839,0.742,0.603,0.472,0.727,0.852,0.581,0.782,0.395,0.919,0.901,0.766,0.478,0.603,0.136,0.735,0.783,0.882,0.632,0.901,0.588,0.73,0.779,0.701,0.869,0.461,0.683,0.797,0.804,0.501,0.874,0.573,0.771,0.558,0.837,0.828,0.758,0.802,0.667,0.767,0.843,0.671,0.637,0.908,0.889,0.69,0.747,0.651,0.605,0.693,0.744,0.818,0.875,0.649,0.751,0.909,0.69,0.395,0.394,0.825,0.848,0.82,0.265,0.864,-0.119,0.659,0.551,0.841,0.545
BHFAL,0.379,0.114,0.434,0.16,-0.19,0.238,0.321,0.153,0.273,0.245,0.368,-0.092,0.234,0.49,-0.069,0.384,0.391,0.418,0.408,0.53,0.657,0.0,0.583,0.429,0.786,0.154,0.191,0.291,0.121,0.344,0.51,0.464,0.277,0.506,0.421,0.151,0.708,0.051,0.112,-0.105,0.105,-0.078,-0.006,0.076,0.333,0.376,0.708,0.311,0.331,0.181,0.379,0.721,0.289,0.004,0.544,0.245,0.202,0.031,0.662,-0.148,0.443,0.624,0.353,0.566,0.584,0.011,0.432,0.372,0.316,-0.009,0.632,0.063,0.28,-0.1,0.452,0.126,0.227,0.641,0.353,0.486,0.66,0.479,0.208,0.463,-0.044,-0.01,0.134,0.173,0.451,0.465,0.123,0.784,0.138,0.243,0.429,-0.015,0.377,0.259,0.17,0.459,0.264,0.328,0.535,0.365,0.316,0.411,0.232,0.333,0.086,0.501,0.219,0.481,0.212,0.094,0.07,0.138,0.278,0.228,0.073,0.046,0.493,0.296,0.188,0.513,0.224,0.775,0.604,0.078,0.181,0.683,0.486,0.633,0.639,0.213,0.622,0.259,0.432,0.207,0.226,-0.133,0.657,0.695,0.426,0.223,0.117,-0.356,0.306,0.492,0.412,0.567,0.517,0.393,0.265,0.331,0.421,0.564,-0.013,0.101,0.394,0.52,0.189,0.444,0.563,0.244,0.602,0.538,0.449,0.205,0.427,0.074,0.392,0.365,0.178,0.73,0.45,0.601,0.217,0.54,0.281,0.01,0.262,0.28,0.572,0.7,0.578,0.351,0.576,0.301,-0.014,0.046,0.337,0.332,0.408,0.566,0.67,0.111,0.436,0.772,0.4,0.495
BKNG,0.751,0.695,0.881,0.777,0.121,0.749,0.909,-0.329,0.8,0.707,0.47,0.263,0.82,0.136,0.446,0.892,0.935,0.837,0.214,0.894,0.94,0.583,0.0,0.956,0.643,0.805,0.697,0.814,0.695,0.866,0.866,0.913,0.776,0.916,0.879,0.786,0.765,0.573,0.761,0.581,0.591,0.512,0.398,0.3,0.868,0.767,0.914,0.803,0.905,0.623,0.894,0.423,0.876,0.441,0.957,0.831,0.706,0.698,0.946,0.28,0.482,0.902,0.77,0.287,0.413,0.62,0.809,0.92,0.871,0.494,0.791,0.696,0.811,0.477,0.893,0.712,0.754,0.81,0.618,0.123,0.325,-0.006,-0.311,0.622,0.623,0.65,0.675,0.443,0.915,0.908,0.783,0.786,0.668,0.59,0.862,0.481,0.93,0.868,0.294,0.864,0.751,0.909,0.921,0.923,0.833,0.932,0.816,0.807,0.433,0.978,0.831,0.835,0.8,0.69,0.754,0.743,0.691,0.861,0.668,0.747,0.851,0.704,0.766,0.679,0.771,0.65,0.932,0.562,0.311,0.307,0.885,0.746,0.686,0.655,0.298,0.806,0.868,0.655,0.81,0.377,0.894,0.869,0.834,0.577,0.653,0.178,0.756,0.798,0.94,0.617,0.965,0.392,0.81,0.85,0.746,0.869,0.508,0.731,0.841,0.897,0.602,0.944,0.518,0.803,0.543,0.911,0.834,0.799,0.878,0.74,0.683,0.871,0.771,0.53,0.955,0.959,0.764,0.749,0.64,0.579,0.746,0.835,0.842,0.858,0.694,0.835,0.957,0.773,0.515,0.429,0.885,0.891,0.841,0.102,0.758,-0.073,0.735,0.591,0.929,0.51
BL,0.746,0.799,0.892,0.854,0.209,0.819,0.949,-0.484,0.857,0.762,0.418,0.348,0.895,-0.07,0.518,0.939,0.959,0.809,0.085,0.9,0.899,0.429,0.956,0.0,0.46,0.899,0.764,0.832,0.739,0.908,0.867,0.949,0.835,0.935,0.904,0.884,0.66,0.677,0.862,0.717,0.673,0.64,0.486,0.29,0.929,0.8,0.852,0.839,0.942,0.715,0.938,0.233,0.934,0.475,0.909,0.91,0.781,0.822,0.873,0.396,0.398,0.822,0.765,0.092,0.264,0.755,0.783,0.97,0.945,0.617,0.747,0.802,0.861,0.602,0.923,0.818,0.829,0.715,0.639,-0.013,0.225,-0.141,-0.449,0.527,0.76,0.748,0.745,0.441,0.915,0.896,0.885,0.627,0.733,0.636,0.917,0.598,0.965,0.92,0.248,0.89,0.821,0.943,0.922,0.97,0.837,0.967,0.898,0.838,0.431,0.95,0.902,0.77,0.87,0.79,0.81,0.842,0.709,0.938,0.761,0.861,0.826,0.725,0.85,0.583,0.873,0.472,0.895,0.64,0.306,0.138,0.894,0.695,0.526,0.69,0.103,0.875,0.831,0.713,0.877,0.496,0.847,0.77,0.833,0.606,0.759,0.316,0.807,0.789,0.967,0.565,0.95,0.357,0.887,0.911,0.766,0.84,0.628,0.806,0.862,0.876,0.637,0.933,0.35,0.886,0.384,0.89,0.846,0.888,0.881,0.843,0.688,0.892,0.867,0.364,0.969,0.903,0.841,0.708,0.687,0.638,0.827,0.856,0.745,0.742,0.587,0.869,0.931,0.829,0.615,0.401,0.941,0.946,0.818,-0.105,0.665,-0.26,0.706,0.408,0.949,0.403
BOKF,0.468,0.061,0.492,0.159,-0.324,0.182,0.381,0.274,0.265,0.239,0.574,-0.228,0.227,0.512,0.112,0.358,0.391,0.591,0.342,0.537,0.74,0.786,0.643,0.46,0.0,0.155,0.112,0.278,0.107,0.317,0.45,0.446,0.199,0.494,0.452,0.162,0.821,-0.011,0.162,0.039,0.023,-0.191,-0.025,0.107,0.307,0.351,0.718,0.22,0.325,0.037,0.404,0.892,0.421,-0.051,0.619,0.259,0.073,0.015,0.801,-0.302,0.505,0.635,0.55,0.789,0.708,0.002,0.606,0.398,0.302,-0.143,0.564,0.042,0.221,-0.112,0.359,0.017,0.164,0.869,0.173,0.535,0.646,0.5,0.386,0.648,-0.067,0.045,0.075,0.172,0.449,0.514,0.1,0.89,0.076,0.168,0.363,-0.134,0.437,0.315,0.327,0.458,0.148,0.356,0.51,0.381,0.361,0.448,0.223,0.385,0.114,0.551,0.346,0.648,0.179,0.071,0.152,0.109,0.144,0.312,-0.017,0.133,0.615,0.221,0.263,0.708,0.154,0.831,0.603,0.017,0.103,0.678,0.386,0.715,0.851,0.172,0.863,0.216,0.632,0.091,0.288,-0.077,0.731,0.796,0.384,0.07,0.047,-0.274,0.268,0.459,0.438,0.49,0.558,0.482,0.178,0.273,0.275,0.67,-0.111,0.184,0.43,0.465,0.088,0.569,0.825,0.228,0.811,0.523,0.424,0.194,0.462,0.126,0.451,0.426,0.113,0.84,0.492,0.659,0.151,0.542,0.258,0.307,0.204,0.307,0.766,0.864,0.721,0.361,0.638,0.293,-0.144,0.279,0.355,0.341,0.506,0.766,0.865,0.39,0.387,0.741,0.437,0.709
BRKR,0.534,0.939,0.878,0.97,0.563,0.944,0.915,-0.674,0.947,0.898,0.067,0.657,0.974,-0.238,0.593,0.946,0.914,0.737,0.128,0.817,0.724,0.154,0.805,0.899,0.155,0.0,0.93,0.893,0.873,0.95,0.857,0.901,0.935,0.889,0.893,0.958,0.528,0.883,0.852,0.711,0.889,0.843,0.728,0.495,0.953,0.846,0.655,0.897,0.928,0.881,0.939,-0.027,0.889,0.658,0.771,0.946,0.902,0.967,0.664,0.706,0.454,0.751,0.577,-0.057,0.176,0.932,0.529,0.907,0.912,0.853,0.674,0.965,0.946,0.818,0.904,0.925,0.949,0.432,0.748,-0.104,0.071,-0.376,-0.693,0.258,0.934,0.912,0.922,0.425,0.834,0.84,0.952,0.359,0.9,0.8,0.862,0.846,0.926,0.883,0.282,0.813,0.935,0.903,0.807,0.886,0.843,0.91,0.975,0.876,0.587,0.833,0.862,0.683,0.968,0.958,0.794,0.976,0.748,0.934,0.888,0.912,0.642,0.859,0.895,0.428,0.936,0.263,0.799,0.796,0.535,-0.145,0.873,0.416,0.304,0.844,-0.128,0.958,0.662,0.889,0.947,0.74,0.575,0.582,0.859,0.785,0.929,0.624,0.901,0.817,0.874,0.546,0.83,0.407,0.963,0.952,0.829,0.564,0.874,0.93,0.846,0.842,0.821,0.798,0.056,0.968,0.029,0.771,0.879,0.977,0.752,0.957,0.742,0.897,0.965,0.208,0.88,0.679,0.961,0.566,0.793,0.593,0.918,0.907,0.544,0.446,0.325,0.89,0.786,0.865,0.862,0.398,0.906,0.962,0.775,-0.413,0.367,-0.461,0.731,0.174,0.899,0.094
CACC,0.304,0.932,0.833,0.938,0.747,0.96,0.818,-0.657,0.947,0.945,-0.206,0.824,0.937,-0.187,0.457,0.914,0.836,0.645,0.362,0.771,0.628,0.191,0.697,0.764,0.112,0.93,0.0,0.854,0.887,0.932,0.874,0.843,0.958,0.83,0.858,0.901,0.571,0.936,0.68,0.459,0.972,0.86,0.83,0.63,0.91,0.863,0.573,0.875,0.845,0.957,0.895,-0.025,0.745,0.689,0.678,0.874,0.947,0.899,0.554,0.842,0.638,0.77,0.348,0.011,0.273,0.901,0.265,0.781,0.781,0.932,0.683,0.957,0.964,0.839,0.881,0.881,0.965,0.267,0.871,0.033,0.131,-0.332,-0.743,0.05,0.882,0.878,0.957,0.36,0.744,0.758,0.845,0.304,0.96,0.923,0.777,0.931,0.831,0.771,0.272,0.751,0.969,0.806,0.739,0.739,0.789,0.826,0.933,0.845,0.667,0.713,0.691,0.626,0.925,0.966,0.616,0.958,0.755,0.801,0.85,0.763,0.479,0.919,0.788,0.377,0.877,0.292,0.783,0.861,0.743,-0.129,0.873,0.278,0.221,0.927,-0.121,0.959,0.496,0.977,0.902,0.764,0.394,0.526,0.848,0.912,0.957,0.624,0.935,0.883,0.741,0.681,0.734,0.484,0.932,0.925,0.89,0.376,0.942,0.876,0.84,0.849,0.941,0.654,-0.065,0.939,-0.132,0.7,0.907,0.939,0.597,0.891,0.775,0.86,0.933,0.29,0.777,0.518,0.967,0.522,0.852,0.366,0.919,0.872,0.424,0.324,0.239,0.87,0.69,0.839,0.942,0.276,0.8,0.894,0.74,-0.432,0.206,-0.534,0.775,0.202,0.819,-0.071
CAR,0.614,0.781,0.801,0.86,0.538,0.868,0.807,-0.463,0.842,0.785,0.073,0.633,0.842,0.144,0.623,0.865,0.849,0.799,0.127,0.683,0.696,0.291,0.814,0.832,0.278,0.893,0.854,0.0,0.915,0.854,0.799,0.791,0.823,0.812,0.832,0.772,0.56,0.813,0.8,0.524,0.825,0.701,0.67,0.606,0.854,0.884,0.741,0.914,0.894,0.762,0.849,0.055,0.77,0.578,0.773,0.781,0.845,0.877,0.658,0.575,0.469,0.747,0.577,0.038,0.186,0.747,0.535,0.793,0.804,0.722,0.721,0.827,0.886,0.612,0.866,0.812,0.89,0.462,0.773,0.099,0.253,-0.397,-0.55,0.413,0.763,0.733,0.883,0.424,0.725,0.87,0.821,0.52,0.817,0.778,0.744,0.694,0.861,0.787,0.437,0.662,0.845,0.879,0.778,0.808,0.922,0.851,0.851,0.862,0.765,0.812,0.826,0.645,0.915,0.826,0.692,0.866,0.743,0.799,0.767,0.768,0.719,0.881,0.763,0.345,0.794,0.453,0.753,0.822,0.552,0.139,0.838,0.315,0.447,0.755,-0.012,0.909,0.68,0.821,0.833,0.577,0.57,0.638,0.881,0.764,0.825,0.542,0.814,0.778,0.791,0.662,0.774,0.35,0.86,0.904,0.741,0.494,0.716,0.797,0.816,0.879,0.825,0.772,0.173,0.821,0.216,0.787,0.798,0.846,0.778,0.825,0.63,0.835,0.86,0.311,0.805,0.735,0.906,0.503,0.743,0.476,0.837,0.839,0.6,0.491,0.454,0.892,0.833,0.902,0.779,0.414,0.77,0.859,0.743,-0.321,0.391,-0.243,0.801,0.381,0.886,0.288
CDNA,0.452,0.814,0.731,0.89,0.659,0.908,0.776,-0.556,0.839,0.781,-0.133,0.768,0.833,-0.008,0.627,0.841,0.788,0.679,0.216,0.623,0.552,0.121,0.695,0.739,0.107,0.873,0.887,0.915,0.0,0.843,0.762,0.739,0.84,0.729,0.771,0.801,0.481,0.843,0.724,0.424,0.864,0.788,0.712,0.616,0.853,0.838,0.597,0.866,0.861,0.817,0.791,-0.112,0.684,0.669,0.682,0.761,0.895,0.858,0.522,0.718,0.489,0.682,0.377,-0.057,0.103,0.798,0.345,0.734,0.712,0.798,0.641,0.875,0.898,0.724,0.827,0.834,0.894,0.284,0.816,0.006,0.087,-0.454,-0.682,0.283,0.764,0.826,0.947,0.297,0.676,0.811,0.807,0.344,0.881,0.82,0.695,0.772,0.805,0.738,0.455,0.618,0.862,0.822,0.667,0.732,0.84,0.775,0.839,0.791,0.769,0.715,0.737,0.561,0.885,0.867,0.674,0.873,0.783,0.746,0.832,0.744,0.548,0.862,0.678,0.302,0.781,0.287,0.701,0.91,0.608,-0.032,0.823,0.174,0.202,0.8,-0.169,0.901,0.584,0.852,0.816,0.635,0.401,0.493,0.805,0.828,0.848,0.653,0.81,0.76,0.699,0.608,0.706,0.268,0.852,0.876,0.747,0.358,0.786,0.804,0.808,0.833,0.878,0.69,-0.024,0.817,-0.0,0.704,0.767,0.83,0.676,0.842,0.591,0.788,0.881,0.195,0.713,0.59,0.907,0.43,0.69,0.358,0.851,0.86,0.48,0.324,0.398,0.875,0.702,0.855,0.873,0.434,0.729,0.819,0.716,-0.457,0.187,-0.372,0.819,0.28,0.83,0.06
CG,0.477,0.94,0.926,0.965,0.525,0.944,0.916,-0.634,0.972,0.925,0.082,0.638,0.969,-0.148,0.448,0.982,0.954,0.732,0.32,0.907,0.803,0.344,0.866,0.908,0.317,0.95,0.932,0.854,0.843,0.0,0.959,0.963,0.98,0.947,0.948,0.954,0.679,0.851,0.778,0.58,0.872,0.834,0.677,0.464,0.974,0.86,0.741,0.92,0.941,0.912,0.961,0.155,0.865,0.701,0.848,0.945,0.92,0.878,0.75,0.697,0.599,0.868,0.513,0.096,0.351,0.881,0.517,0.932,0.906,0.83,0.782,0.93,0.97,0.794,0.962,0.9,0.928,0.497,0.823,0.055,0.182,-0.212,-0.659,0.269,0.86,0.877,0.899,0.434,0.916,0.881,0.914,0.486,0.912,0.823,0.911,0.831,0.942,0.896,0.241,0.893,0.961,0.888,0.866,0.897,0.804,0.928,0.974,0.881,0.523,0.891,0.776,0.77,0.952,0.923,0.765,0.948,0.817,0.897,0.882,0.822,0.63,0.892,0.854,0.566,0.945,0.433,0.917,0.766,0.592,-0.056,0.955,0.513,0.4,0.89,0.011,0.953,0.653,0.918,0.939,0.656,0.634,0.722,0.894,0.847,0.908,0.484,0.925,0.913,0.887,0.64,0.911,0.483,0.971,0.958,0.932,0.644,0.848,0.889,0.884,0.911,0.859,0.82,0.138,0.973,0.1,0.866,0.959,0.96,0.73,0.903,0.806,0.933,0.952,0.374,0.926,0.732,0.942,0.722,0.81,0.481,0.935,0.923,0.638,0.576,0.413,0.897,0.816,0.835,0.84,0.315,0.94,0.968,0.825,-0.245,0.457,-0.438,0.817,0.359,0.896,0.087
CGBD,0.445,0.867,0.895,0.891,0.469,0.904,0.846,-0.537,0.923,0.891,0.099,0.591,0.899,-0.034,0.337,0.948,0.911,0.713,0.426,0.924,0.836,0.51,0.866,0.867,0.45,0.857,0.874,0.799,0.762,0.959,0.0,0.955,0.947,0.946,0.946,0.865,0.777,0.784,0.679,0.417,0.822,0.729,0.612,0.447,0.929,0.84,0.796,0.882,0.892,0.875,0.917,0.287,0.788,0.644,0.84,0.877,0.88,0.756,0.786,0.622,0.679,0.912,0.448,0.21,0.458,0.782,0.491,0.885,0.845,0.759,0.858,0.825,0.929,0.691,0.951,0.822,0.88,0.541,0.856,0.185,0.292,-0.065,-0.573,0.291,0.73,0.767,0.837,0.378,0.89,0.864,0.823,0.596,0.845,0.804,0.898,0.749,0.889,0.84,0.226,0.874,0.922,0.831,0.875,0.848,0.751,0.883,0.898,0.833,0.442,0.873,0.683,0.754,0.88,0.834,0.641,0.862,0.785,0.805,0.804,0.685,0.597,0.89,0.762,0.62,0.889,0.566,0.951,0.717,0.621,0.098,0.962,0.555,0.478,0.841,0.137,0.901,0.624,0.875,0.865,0.53,0.666,0.785,0.875,0.836,0.836,0.347,0.874,0.939,0.843,0.72,0.912,0.541,0.915,0.914,0.942,0.662,0.768,0.784,0.884,0.938,0.83,0.781,0.205,0.91,0.179,0.872,0.972,0.891,0.698,0.788,0.795,0.897,0.885,0.495,0.898,0.737,0.875,0.737,0.794,0.354,0.901,0.879,0.658,0.63,0.462,0.858,0.824,0.795,0.759,0.252,0.893,0.914,0.799,-0.103,0.514,-0.409,0.831,0.508,0.859,0.134
CHI,0.578,0.882,0.919,0.9,0.342,0.886,0.919,-0.567,0.917,0.865,0.252,0.482,0.939,-0.157,0.392,0.971,0.952,0.726,0.264,0.962,0.897,0.464,0.913,0.949,0.446,0.901,0.843,0.791,0.739,0.963,0.955,0.0,0.927,0.975,0.938,0.924,0.732,0.751,0.789,0.609,0.768,0.716,0.555,0.325,0.965,0.818,0.821,0.857,0.923,0.836,0.96,0.266,0.887,0.578,0.867,0.946,0.846,0.809,0.84,0.542,0.547,0.878,0.604,0.142,0.395,0.817,0.625,0.956,0.93,0.733,0.83,0.849,0.912,0.688,0.959,0.854,0.868,0.63,0.764,0.071,0.257,-0.083,-0.538,0.353,0.788,0.79,0.798,0.418,0.935,0.874,0.886,0.582,0.816,0.742,0.953,0.723,0.941,0.898,0.186,0.942,0.901,0.888,0.914,0.935,0.763,0.943,0.932,0.831,0.4,0.917,0.8,0.767,0.887,0.849,0.721,0.88,0.747,0.91,0.803,0.794,0.688,0.803,0.826,0.618,0.927,0.47,0.944,0.672,0.462,0.063,0.943,0.688,0.476,0.793,0.115,0.904,0.718,0.821,0.903,0.564,0.773,0.783,0.853,0.732,0.832,0.337,0.875,0.886,0.928,0.644,0.947,0.498,0.932,0.935,0.892,0.775,0.746,0.824,0.899,0.902,0.737,0.85,0.233,0.946,0.23,0.891,0.944,0.924,0.782,0.836,0.796,0.92,0.902,0.428,0.957,0.809,0.881,0.766,0.765,0.511,0.882,0.879,0.676,0.683,0.479,0.862,0.872,0.794,0.705,0.291,0.956,0.964,0.82,-0.105,0.601,-0.421,0.765,0.406,0.904,0.221
