,ACET,ADAP,ADI,ADPT,ADTN,AGEN,ALGN,ALLK,AMD,AMWD,ARDX,ARQT,ASTE,AUPH,AVXL,AZTA,BAND,BECN,BFC,BGC,BHF,BHFAL,BKNG,BL,BOKF,BRKR,CACC,CAR,CDNA,CG,CGBD,CHI,CHTR,CHX,CLNE,CME,CNOB,CNXN,CPRX,CSGP,CSGS,CSIQ,CVCO,CVLT,CYRX,DDOG,DOOO,DSGX,DTIL,ECPG,EEFT,EFSC,ENTG,ESPR,ETSY,EXC,FAMI,FFIV,FITB,FIZZ,FMBH,FOX,FTNT,FULT,GABC,GEN,GH,GMAB,GNPX,GO,GOGL,GOOG,GPRO,GSHD,GSM,GWAV,HAIN,HBAN,HEPA,HURN,HWKN,IBIO,ICFI,IGMS,IMKTA,INCY,INO,IRDM,IRTC,IRWD,ITCI,JACK,JD,JJSF,KALA,KHC,KLAC,KRRO,KRYS,LANC,LBTYA,LIVN,LKCO,LNTH,LOGI,LPRO,LRCX,LSCC,LSTR,MAR,MARA,MCHP,MEOH,META,MGTX,MKSI,MMYT,MORN,MRUS,MTLS,MTSI,MVIS,MXL,NBIX,NFE,NMIH,NMRK,NNDM,NSIT,NTCT,NVAX,OCUL,ODP,OLED,ONB,OTEX,PACB,PATK,PAYX,PEP,PERI,PI,PLYA,PRDO,PRGS,PTGX,QCOM,QCRH,QDEL,QFIN,RGEN,RILY,RPAY,RPD,SABR,SEDG,SHEN,SIRI,SLNO,SNDL,SNEX,SONO,SPT,SSNC,STGW,STKL,STRL,STX,SWTX,SYNA,TFSL,TIGR,TNXP,TOWN,TRI,TRIP,TRMB,TRNS,TRS,TSCO,TSEM,TVTX,TXRH,VC,VCEL,VECO,VIAV,VICR,VIR,VRTX,VSTM,VTRS,WDFC,WSBC,WSC,WYNN,XENE,XNCR,XRAY,ZS
ACET,0.0,0.618,-0.027,-0.389,0.037,0.645,-0.132,-0.049,-0.51,-0.287,0.573,-0.478,0.754,-0.117,0.795,-0.215,-0.365,-0.335,0.826,0.465,0.848,-0.453,0.652,-0.462,0.862,0.696,-0.183,0.676,-0.02,-0.001,0.791,0.358,0.647,0.683,0.472,-0.436,0.64,0.628,0.44,0.248,0.842,-0.753,0.163,0.713,0.095,-0.553,-0.174,0.085,0.176,0.289,0.371,0.833,-0.632,0.711,-0.412,-0.468,0.463,-0.256,0.523,0.8,0.823,-0.497,0.339,0.866,0.808,0.788,-0.609,0.862,-0.497,-0.225,0.862,0.325,0.668,-0.481,-0.138,-0.455,-0.166,0.658,-0.605,0.844,0.718,-0.819,0.757,-0.416,0.793,0.701,0.265,0.681,-0.446,-0.001,0.019,0.772,-0.726,0.732,-0.315,0.795,-0.528,-0.364,0.128,0.85,0.591,-0.472,-0.491,0.267,0.04,-0.594,-0.303,-0.324,0.346,0.702,0.304,-0.305,0.577,-0.508,-0.368,-0.562,-0.622,0.26,0.789,-0.091,-0.049,-0.203,-0.514,0.848,0.452,0.161,0.656,0.072,0.716,0.733,0.465,-0.571,0.79,-0.084,0.856,0.267,0.725,0.155,-0.029,0.748,0.848,0.002,0.133,0.581,0.85,-0.349,-0.195,0.889,0.706,-0.272,-0.363,-0.303,-0.733,0.049,0.546,-0.61,0.622,0.876,-0.68,0.004,0.847,0.633,-0.28,-0.064,0.739,0.676,0.853,-0.135,-0.583,-0.622,-0.001,0.583,-0.468,0.859,-0.207,0.696,0.006,0.355,0.826,0.627,-0.69,-0.67,0.841,0.822,0.681,-0.315,0.589,-0.716,0.626,0.413,-0.838,0.86,-0.621,0.892,0.016,-0.614,-0.132,0.802,0.247,-0.594
ADAP,0.618,0.0,0.137,-0.218,0.102,0.395,-0.15,-0.239,-0.284,-0.445,0.362,-0.496,0.652,0.08,0.537,0.058,0.018,-0.493,0.649,0.238,0.693,-0.253,0.739,-0.481,0.578,0.592,-0.306,0.5,-0.004,0.083,0.698,0.345,0.598,0.693,0.742,-0.353,0.464,0.583,0.396,0.328,0.686,-0.458,0.208,0.754,0.032,-0.276,-0.109,-0.071,0.094,-0.04,0.45,0.582,-0.328,0.466,-0.301,-0.334,0.568,-0.074,0.154,0.413,0.588,-0.515,0.542,0.529,0.59,0.694,-0.538,0.475,-0.289,-0.32,0.493,0.174,0.602,-0.082,-0.09,-0.105,0.042,0.504,-0.057,0.575,0.595,-0.482,0.54,-0.618,0.505,0.582,0.32,0.383,-0.322,0.099,-0.332,0.69,-0.561,0.51,-0.465,0.497,-0.167,-0.514,0.352,0.669,0.587,-0.116,-0.293,0.237,0.086,-0.381,0.085,-0.078,0.16,0.675,0.333,-0.032,0.319,-0.215,-0.336,-0.237,-0.504,-0.022,0.538,-0.05,0.22,0.035,-0.349,0.568,0.66,0.088,0.394,0.23,0.567,0.744,0.101,-0.464,0.698,0.035,0.533,0.553,0.626,-0.086,0.206,0.512,0.553,0.284,0.271,0.58,0.625,-0.22,0.064,0.584,0.688,-0.387,-0.519,-0.003,-0.533,0.404,0.509,-0.272,0.675,0.625,-0.371,0.096,0.637,0.475,-0.038,0.073,0.584,0.543,0.658,0.084,-0.679,-0.338,-0.061,0.59,-0.198,0.607,0.031,0.696,0.26,0.419,0.731,0.238,-0.357,-0.346,0.532,0.686,0.489,-0.002,0.65,-0.492,0.305,0.289,-0.547,0.435,-0.686,0.585,-0.132,-0.344,0.143,0.435,0.324,-0.239
ADI,-0.027,0.137,0.0,0.731,0.403,-0.113,0.766,0.522,0.709,0.423,0.345,0.343,0.055,0.091,0.046,0.704,0.785,0.341,0.003,0.398,0.13,0.219,0.311,0.43,0.063,0.379,0.567,0.056,0.531,0.792,0.187,0.623,0.36,0.165,0.411,0.487,0.203,0.269,0.179,0.422,-0.036,0.464,0.616,0.301,0.587,0.779,0.609,0.65,0.789,0.135,0.621,-0.047,0.706,-0.391,0.636,0.511,0.403,0.867,0.23,-0.17,-0.12,0.426,0.655,-0.018,0.11,0.131,0.495,0.108,0.488,-0.147,0.073,0.628,0.316,0.672,0.759,0.482,0.307,0.3,0.323,-0.09,-0.042,0.415,0.264,0.345,-0.19,0.306,0.419,0.241,0.671,0.396,0.067,0.035,0.338,-0.271,0.002,-0.271,0.761,0.13,0.457,-0.114,0.492,0.668,0.264,0.69,0.519,0.587,0.826,0.9,0.567,0.283,0.629,0.896,0.37,0.623,0.428,0.778,0.52,0.517,-0.01,0.656,0.868,0.557,0.775,0.184,0.502,0.774,0.384,0.607,0.147,0.208,-0.109,0.184,-0.017,0.896,0.006,0.61,0.288,0.457,0.548,-0.123,-0.073,0.864,0.444,0.07,0.11,0.595,0.913,-0.028,0.052,0.247,0.307,0.725,0.45,0.702,0.511,0.51,0.012,-0.033,0.55,0.549,0.246,0.255,0.826,0.849,0.003,0.259,0.132,0.842,0.21,0.698,0.617,0.348,0.674,-0.059,0.792,0.35,0.801,0.652,0.217,0.11,0.548,0.648,-0.159,0.245,-0.098,0.861,0.453,0.532,0.419,0.433,0.1,-0.173,0.092,-0.163,0.576,0.638,0.795,-0.098,0.609,0.755
ADPT,-0.389,-0.218,0.731,0.0,0.61,-0.314,0.886,0.561,0.828,0.761,0.072,0.638,-0.222,0.288,-0.157,0.736,0.878,0.596,-0.403,0.299,-0.207,0.553,-0.01,0.734,-0.187,0.136,0.821,-0.147,0.766,0.827,-0.126,0.416,0.095,-0.047,0.096,0.692,-0.047,0.003,0.037,0.528,-0.364,0.753,0.659,-0.061,0.721,0.9,0.857,0.692,0.748,0.254,0.377,-0.308,0.852,-0.658,0.8,0.767,0.299,0.725,0.216,-0.361,-0.441,0.566,0.377,-0.278,-0.268,-0.244,0.81,-0.134,0.775,0.229,-0.202,0.22,0.012,0.755,0.858,0.535,0.589,0.02,0.543,-0.409,-0.245,0.686,-0.059,0.64,-0.496,0.058,0.457,0.112,0.934,0.448,0.243,-0.269,0.667,-0.502,0.209,-0.492,0.836,0.397,0.408,-0.453,0.214,0.875,0.484,0.556,0.586,0.834,0.744,0.889,0.456,-0.067,0.541,0.87,0.072,0.774,0.661,0.876,0.771,0.569,-0.376,0.746,0.737,0.626,0.874,-0.044,0.206,0.678,0.276,0.539,-0.081,-0.152,-0.069,0.453,-0.381,0.801,-0.23,0.382,-0.032,0.611,0.524,-0.404,-0.421,0.713,0.413,-0.096,-0.232,0.822,0.82,-0.344,-0.214,0.374,0.634,0.795,0.727,0.539,0.271,0.772,-0.248,-0.371,0.701,0.609,-0.142,0.142,0.836,0.817,-0.296,0.08,-0.178,0.584,0.664,0.872,0.64,0.123,0.742,-0.366,0.836,-0.062,0.732,0.413,-0.133,0.035,0.702,0.79,-0.441,-0.1,-0.237,0.848,0.167,0.828,0.242,0.302,0.452,-0.358,0.497,-0.438,0.677,0.809,0.713,-0.282,0.534,0.865
ADTN,0.037,0.102,0.403,0.61,0.0,0.11,0.724,0.287,0.31,0.501,0.148,0.002,0.365,0.162,0.186,0.68,0.565,0.279,0.036,0.57,0.33,0.323,0.401,0.228,0.34,0.591,0.679,0.511,0.805,0.759,0.261,0.698,0.507,0.539,0.347,0.277,0.328,0.506,0.516,0.853,0.252,0.163,0.847,0.384,0.823,0.382,0.652,0.585,0.589,0.707,0.515,0.326,0.347,-0.074,0.471,0.429,0.55,0.263,0.584,0.239,0.066,0.201,0.598,0.259,0.15,0.297,0.302,0.362,0.341,0.463,0.253,0.025,0.424,0.385,0.7,0.101,0.697,0.469,0.163,0.15,0.334,0.106,0.454,0.182,0.179,0.486,0.589,0.414,0.59,0.594,-0.05,0.273,0.045,0.117,-0.264,0.133,0.513,0.064,0.462,0.154,0.42,0.448,-0.068,0.457,0.795,0.339,0.509,0.567,0.434,0.329,0.804,0.59,0.291,0.303,0.064,0.433,0.209,0.594,-0.015,0.42,0.697,0.518,0.429,0.353,0.567,0.659,0.644,0.594,0.54,0.326,0.475,-0.02,0.13,0.54,0.352,0.476,0.463,0.663,0.486,0.125,0.08,0.636,0.369,0.39,0.342,0.404,0.592,0.203,0.227,-0.167,0.239,0.693,0.112,0.306,0.233,0.396,0.177,0.162,0.014,0.473,0.34,0.677,0.326,0.535,0.135,0.62,0.366,0.29,0.236,0.359,0.422,0.311,0.128,0.16,0.599,0.151,0.646,0.475,0.318,0.594,0.116,0.207,0.089,0.373,0.303,0.555,0.611,0.286,0.546,0.697,-0.002,0.196,-0.007,0.164,0.412,0.326,0.47,0.05,0.673,0.352
AGEN,0.645,0.395,-0.113,-0.314,0.11,0.0,-0.158,0.15,-0.637,-0.106,0.777,-0.336,0.56,-0.118,0.615,-0.388,-0.336,-0.017,0.543,0.671,0.664,-0.289,0.371,-0.295,0.631,0.568,-0.285,0.648,-0.11,-0.105,0.473,0.461,0.39,0.526,0.197,-0.671,0.22,0.363,0.094,0.328,0.662,-0.733,0.117,0.533,0.058,-0.484,-0.233,0.285,0.11,0.085,0.155,0.588,-0.597,0.745,-0.029,-0.502,0.222,-0.39,0.377,0.561,0.458,-0.428,0.316,0.634,0.467,0.612,-0.451,0.752,-0.526,-0.099,0.784,0.278,0.351,-0.614,-0.039,-0.717,-0.346,0.334,-0.457,0.718,0.364,-0.725,0.661,-0.397,0.639,0.48,-0.049,0.756,-0.419,-0.357,0.056,0.475,-0.545,0.496,-0.056,0.516,-0.433,-0.237,-0.304,0.655,0.283,-0.495,-0.543,-0.169,-0.142,-0.644,-0.375,-0.229,0.034,0.397,0.211,-0.26,0.596,-0.475,-0.38,-0.51,-0.408,0.241,0.484,-0.376,0.088,-0.444,-0.386,0.692,0.302,0.19,0.506,-0.174,0.557,0.518,0.164,-0.439,0.521,0.003,0.689,-0.022,0.484,0.261,-0.365,0.35,0.872,-0.085,-0.353,0.273,0.655,-0.538,-0.132,0.607,0.344,-0.085,-0.066,-0.32,-0.703,-0.09,0.11,-0.719,0.193,0.643,-0.653,0.051,0.614,0.562,-0.293,-0.144,0.725,0.547,0.611,-0.282,-0.38,-0.601,-0.335,0.281,-0.621,0.559,-0.348,0.488,-0.152,0.047,0.584,0.565,-0.462,-0.537,0.531,0.688,0.499,-0.296,0.56,-0.59,0.575,0.287,-0.829,0.598,-0.42,0.733,0.182,-0.307,-0.165,0.555,-0.02,-0.433
ALGN,-0.132,-0.15,0.766,0.886,0.724,-0.158,0.0,0.52,0.729,0.754,0.165,0.442,0.065,0.171,0.061,0.763,0.783,0.509,-0.124,0.461,0.073,0.487,0.214,0.595,0.102,0.385,0.899,0.124,0.824,0.931,0.126,0.586,0.363,0.181,0.222,0.681,0.266,0.267,0.272,0.679,-0.08,0.54,0.792,0.155,0.828,0.758,0.887,0.755,0.821,0.555,0.554,0.018,0.726,-0.435,0.682,0.737,0.478,0.675,0.514,-0.013,-0.129,0.5,0.514,0.034,0.052,0.039,0.651,0.159,0.677,0.331,0.061,0.344,0.271,0.673,0.872,0.392,0.662,0.324,0.293,-0.112,0.041,0.456,0.24,0.564,-0.176,0.316,0.614,0.323,0.877,0.605,0.23,0.004,0.431,-0.206,0.072,-0.183,0.725,0.338,0.494,-0.179,0.422,0.719,0.334,0.708,0.737,0.719,0.68,0.849,0.632,0.196,0.729,0.831,0.25,0.643,0.549,0.763,0.589,0.779,-0.142,0.782,0.764,0.678,0.776,0.185,0.367,0.809,0.536,0.662,0.209,0.067,0.255,0.33,-0.135,0.83,0.085,0.499,0.23,0.736,0.616,-0.078,-0.185,0.756,0.527,0.131,0.071,0.728,0.809,-0.024,0.004,0.22,0.539,0.791,0.535,0.533,0.43,0.659,-0.035,-0.066,0.455,0.588,0.162,0.408,0.739,0.868,-0.061,0.367,0.111,0.615,0.52,0.732,0.773,0.253,0.575,-0.064,0.88,0.136,0.807,0.555,0.131,0.357,0.472,0.598,-0.112,0.167,0.045,0.801,0.368,0.653,0.501,0.561,0.23,-0.033,0.357,-0.136,0.703,0.612,0.663,-0.01,0.75,0.692
ALLK,-0.049,-0.239,0.522,0.561,0.287,0.15,0.52,0.0,0.326,0.609,0.522,0.554,-0.28,0.145,-0.189,0.137,0.346,0.848,-0.346,0.568,-0.152,0.217,-0.288,0.662,-0.104,0.062,0.495,-0.091,0.289,0.405,-0.205,0.485,-0.159,-0.14,-0.299,0.134,-0.33,-0.226,-0.367,0.275,-0.287,0.316,0.287,-0.176,0.51,0.503,0.329,0.741,0.546,0.117,-0.063,-0.272,0.394,-0.238,0.728,0.269,-0.071,0.334,0.101,-0.28,-0.43,0.65,0.07,-0.137,-0.236,-0.24,0.655,0.13,0.316,0.091,0.162,0.222,-0.252,0.113,0.756,-0.044,-0.142,-0.181,0.061,-0.214,-0.418,0.263,0.119,0.662,-0.205,-0.154,-0.134,0.325,0.516,-0.189,0.598,-0.389,0.493,-0.531,0.474,-0.391,0.415,0.515,-0.212,-0.326,-0.058,0.348,0.215,0.161,-0.011,0.333,0.3,0.553,0.225,-0.29,0.178,0.473,0.551,0.201,0.372,0.443,0.699,0.397,-0.304,0.242,0.476,-0.085,0.648,0.204,-0.05,0.701,0.191,-0.052,-0.124,-0.28,-0.236,0.233,-0.413,0.68,-0.106,-0.195,-0.092,0.492,-0.214,-0.494,-0.014,0.339,-0.262,-0.477,-0.142,0.374,0.505,-0.21,-0.469,0.689,0.716,0.288,0.423,0.019,0.079,0.111,-0.589,-0.271,0.416,0.33,0.001,0.04,0.417,0.373,-0.17,0.01,-0.139,0.177,0.587,0.455,0.146,-0.187,0.305,-0.343,0.238,-0.154,0.144,0.095,-0.112,0.085,0.481,0.476,-0.344,-0.011,-0.285,0.414,0.093,0.473,0.404,0.013,-0.027,-0.134,0.435,-0.209,0.648,0.64,0.453,-0.232,-0.001,0.493
AMD,-0.51,-0.284,0.709,0.828,0.31,-0.637,0.729,0.326,0.0,0.54,-0.255,0.571,-0.364,0.246,-0.355,0.762,0.846,0.347,-0.422,-0.119,-0.41,0.524,-0.106,0.631,-0.41,-0.126,0.699,-0.39,0.55,0.681,-0.226,0.144,-0.03,-0.253,0.085,0.855,-0.04,-0.108,0.026,0.212,-0.519,0.881,0.402,-0.216,0.482,0.916,0.697,0.336,0.52,0.085,0.279,-0.446,0.947,-0.802,0.559,0.788,0.181,0.815,-0.044,-0.494,-0.47,0.574,0.209,-0.469,-0.304,-0.364,0.761,-0.426,0.813,0.134,-0.501,0.185,-0.071,0.888,0.601,0.804,0.551,-0.084,0.611,-0.587,-0.312,0.84,-0.317,0.602,-0.625,-0.133,0.408,-0.275,0.865,0.516,0.038,-0.341,0.695,-0.547,0.143,-0.584,0.842,0.37,0.532,-0.59,0.099,0.851,0.599,0.591,0.511,0.94,0.787,0.831,0.364,-0.149,0.356,0.82,-0.201,0.847,0.69,0.926,0.728,0.353,-0.405,0.753,0.566,0.74,0.848,-0.327,0.083,0.429,-0.018,0.533,-0.283,-0.277,-0.112,0.516,-0.439,0.651,-0.462,0.38,-0.173,0.325,0.626,-0.382,-0.641,0.634,0.52,-0.143,-0.419,0.872,0.741,-0.495,-0.243,0.289,0.409,0.767,0.832,0.579,0.221,0.905,-0.201,-0.502,0.85,0.563,-0.311,-0.12,0.823,0.731,-0.484,-0.199,-0.36,0.687,0.581,0.955,0.677,0.019,0.897,-0.47,0.829,-0.171,0.68,0.369,-0.299,-0.234,0.733,0.868,-0.511,-0.318,-0.328,0.824,-0.093,0.865,-0.086,0.112,0.698,-0.529,0.495,-0.64,0.41,0.717,0.707,-0.404,0.478,0.877
AMWD,-0.287,-0.445,0.423,0.761,0.501,-0.106,0.754,0.609,0.54,0.0,0.156,0.714,-0.281,0.205,-0.107,0.333,0.492,0.77,-0.432,0.411,-0.223,0.593,-0.216,0.799,-0.121,0.014,0.831,-0.163,0.569,0.661,-0.148,0.251,-0.002,-0.193,-0.245,0.567,-0.052,-0.169,-0.154,0.464,-0.35,0.563,0.53,-0.27,0.538,0.611,0.779,0.697,0.587,0.411,0.102,-0.226,0.592,-0.459,0.674,0.749,0.1,0.392,0.41,-0.162,-0.353,0.593,0.057,-0.128,-0.224,-0.309,0.742,0.002,0.596,0.455,-0.01,0.181,-0.149,0.398,0.731,0.175,0.45,-0.074,0.182,-0.26,-0.266,0.477,-0.003,0.708,-0.353,-0.041,0.241,0.314,0.764,0.182,0.616,-0.346,0.613,-0.412,0.497,-0.326,0.483,0.552,0.041,-0.411,0.127,0.545,0.424,0.296,0.339,0.637,0.293,0.564,0.353,-0.233,0.304,0.534,0.199,0.581,0.621,0.564,0.719,0.654,-0.369,0.595,0.429,0.299,0.685,0.019,-0.146,0.563,0.309,0.258,-0.139,-0.34,0.041,0.442,-0.484,0.623,-0.092,-0.005,-0.23,0.609,0.236,-0.365,-0.291,0.307,0.108,-0.235,-0.25,0.633,0.499,-0.205,-0.323,0.535,0.834,0.482,0.608,0.167,0.141,0.505,-0.414,-0.274,0.468,0.44,-0.188,0.093,0.575,0.612,-0.256,0.044,-0.182,0.216,0.749,0.608,0.545,-0.113,0.459,-0.286,0.562,-0.237,0.413,0.119,-0.173,0.201,0.495,0.519,-0.329,-0.134,-0.187,0.505,-0.024,0.703,0.286,0.196,0.305,-0.158,0.712,-0.265,0.803,0.606,0.335,-0.109,0.323,0.548
ARDX,0.573,0.362,0.345,0.072,0.148,0.777,0.165,0.522,-0.255,0.156,0.0,0.061,0.349,-0.019,0.525,-0.17,-0.003,0.28,0.377,0.799,0.548,-0.191,0.304,0.101,0.533,0.577,0.006,0.424,0.061,0.202,0.43,0.593,0.368,0.398,0.208,-0.364,0.159,0.255,-0.058,0.369,0.441,-0.393,0.247,0.469,0.276,-0.071,0.056,0.614,0.464,0.03,0.299,0.368,-0.231,0.383,0.291,-0.262,0.267,0.052,0.404,0.312,0.239,-0.127,0.425,0.506,0.377,0.439,-0.06,0.699,-0.202,-0.34,0.77,0.524,0.303,-0.329,0.337,-0.425,-0.309,0.29,-0.317,0.496,0.145,-0.432,0.611,-0.063,0.332,0.456,-0.008,0.813,-0.048,-0.321,0.344,0.287,-0.207,0.139,0.176,0.236,-0.107,-0.027,-0.213,0.41,0.413,-0.107,-0.258,0.16,-0.086,-0.302,-0.052,0.157,0.257,0.344,0.308,0.123,0.769,-0.166,-0.008,-0.137,-0.025,0.444,0.362,-0.06,0.375,-0.329,0.035,0.711,0.331,0.514,0.564,-0.041,0.386,0.412,-0.098,-0.205,0.318,0.381,0.541,0.098,0.409,0.378,-0.224,0.109,0.682,0.211,-0.2,0.064,0.528,-0.182,0.261,0.471,0.211,0.296,0.265,-0.105,-0.343,0.181,0.384,-0.482,0.01,0.464,-0.244,0.233,0.563,0.45,0.183,0.274,0.523,0.46,0.499,0.038,-0.144,-0.215,-0.02,0.344,-0.184,0.382,-0.041,0.506,0.111,0.273,0.548,0.445,-0.062,-0.161,0.303,0.61,0.223,0.045,0.554,-0.231,0.711,0.285,-0.711,0.419,-0.182,0.509,0.56,0.081,0.171,0.432,0.13,-0.027
ARQT,-0.478,-0.496,0.343,0.638,0.002,-0.336,0.442,0.554,0.571,0.714,0.061,0.0,-0.715,0.285,-0.355,0.089,0.411,0.679,-0.64,0.004,-0.589,0.51,-0.53,0.915,-0.483,-0.414,0.521,-0.69,0.19,0.342,-0.435,-0.156,-0.377,-0.616,-0.477,0.559,-0.382,-0.616,-0.573,-0.033,-0.717,0.746,0.033,-0.586,0.212,0.633,0.54,0.448,0.337,-0.166,-0.169,-0.639,0.628,-0.73,0.553,0.607,-0.165,0.43,-0.017,-0.593,-0.642,0.612,-0.253,-0.476,-0.512,-0.694,0.845,-0.407,0.698,-0.004,-0.299,0.114,-0.506,0.344,0.456,0.401,0.142,-0.478,0.344,-0.612,-0.665,0.689,-0.476,0.76,-0.79,-0.432,-0.071,-0.05,0.634,-0.136,0.681,-0.643,0.859,-0.755,0.805,-0.713,0.408,0.665,-0.108,-0.756,-0.207,0.607,0.683,0.097,-0.083,0.704,0.193,0.442,-0.036,-0.527,-0.143,0.407,0.043,0.64,0.81,0.551,0.823,0.317,-0.498,0.504,0.173,0.086,0.637,-0.308,-0.497,0.207,-0.175,-0.033,-0.638,-0.635,-0.452,0.731,-0.759,0.456,-0.499,-0.234,-0.607,0.196,0.024,-0.694,-0.572,0.065,-0.001,-0.596,-0.62,0.623,0.387,-0.528,-0.55,0.845,0.865,0.195,0.802,0.128,0.091,0.468,-0.66,-0.607,0.738,0.345,-0.559,-0.393,0.66,0.491,-0.528,-0.475,-0.581,0.156,0.809,0.66,0.406,-0.249,0.623,-0.573,0.365,-0.408,0.154,-0.152,-0.517,-0.396,0.768,0.649,-0.641,-0.534,-0.539,0.363,-0.444,0.795,-0.1,-0.321,0.512,-0.529,0.852,-0.611,0.675,0.721,0.282,-0.311,-0.026,0.626
ASTE,0.754,0.652,0.055,-0.222,0.365,0.56,0.065,-0.28,-0.364,-0.281,0.349,-0.715,0.0,-0.159,0.79,0.149,-0.104,-0.481,0.867,0.438,0.951,-0.325,0.893,-0.628,0.886,0.871,-0.103,0.913,0.24,0.196,0.835,0.52,0.832,0.922,0.773,-0.302,0.781,0.921,0.776,0.516,0.963,-0.68,0.477,0.926,0.226,-0.404,-0.015,0.061,0.238,0.458,0.657,0.936,-0.462,0.693,-0.31,-0.295,0.66,-0.131,0.58,0.867,0.868,-0.596,0.662,0.84,0.85,0.963,-0.672,0.815,-0.422,0.014,0.698,0.277,0.879,-0.151,-0.038,-0.336,0.205,0.864,-0.358,0.889,0.931,-0.716,0.853,-0.556,0.863,0.886,0.533,0.611,-0.275,0.365,-0.394,0.934,-0.814,0.873,-0.699,0.867,-0.264,-0.583,0.386,0.937,0.716,-0.297,-0.574,0.396,0.445,-0.479,-0.022,-0.11,0.488,0.91,0.634,-0.078,0.325,-0.339,-0.454,-0.358,-0.689,0.325,0.743,-0.017,0.207,0.159,-0.425,0.764,0.782,0.245,0.754,0.379,0.94,0.935,0.64,-0.632,0.941,-0.017,0.884,0.617,0.915,0.322,0.319,0.865,0.775,0.276,0.368,0.866,0.94,-0.305,-0.019,0.867,0.847,-0.687,-0.556,0.065,-0.747,0.274,0.467,-0.341,0.847,0.9,-0.695,0.051,0.912,0.833,-0.221,0.082,0.847,0.891,0.948,0.093,-0.664,-0.482,0.099,0.662,-0.439,0.885,0.075,0.8,0.331,0.586,0.921,0.769,-0.702,-0.558,0.874,0.912,0.779,-0.06,0.833,-0.643,0.629,0.727,-0.708,0.799,-0.764,0.879,-0.094,-0.575,-0.004,0.713,0.537,-0.44
AUPH,-0.117,0.08,0.091,0.288,0.162,-0.118,0.171,0.145,0.246,0.205,-0.019,0.285,-0.159,0.0,-0.115,0.09,0.212,0.132,-0.187,-0.022,-0.166,0.255,-0.062,0.4,-0.118,-0.043,0.174,-0.208,0.259,0.208,-0.022,0.007,-0.025,-0.086,-0.047,0.241,-0.095,-0.181,-0.131,0.204,-0.177,0.259,0.08,-0.116,0.265,0.253,0.267,0.104,0.088,-0.05,-0.1,-0.139,0.222,-0.16,0.148,0.159,0.159,0.013,-0.058,-0.162,-0.183,0.078,-0.069,-0.141,-0.12,-0.155,0.307,-0.115,0.369,0.103,-0.134,-0.152,-0.099,0.157,0.158,0.111,0.228,-0.219,0.26,-0.197,-0.133,0.205,-0.179,0.196,-0.24,-0.135,0.152,0.02,0.271,-0.045,0.106,-0.109,0.348,-0.221,0.291,-0.202,0.114,0.234,0.174,-0.211,-0.02,0.27,0.396,0.146,0.084,0.307,0.098,0.151,0.096,-0.152,0.037,0.109,-0.02,0.252,0.294,0.207,0.277,0.16,-0.173,0.228,0.107,0.092,0.171,0.003,-0.079,0.073,0.001,0.004,-0.12,-0.151,-0.08,0.262,-0.196,0.193,-0.128,0.013,-0.156,0.109,0.08,-0.199,-0.186,0.107,0.12,-0.076,-0.188,0.28,0.111,-0.157,-0.073,0.283,0.289,0.107,0.27,0.211,0.161,0.226,-0.092,-0.135,0.215,0.246,-0.194,0.014,0.245,0.177,-0.128,-0.033,-0.124,-0.114,0.289,0.247,0.08,0.116,0.213,-0.161,0.191,-0.122,0.102,-0.024,-0.117,-0.137,0.218,0.172,-0.168,-0.13,0.072,0.137,-0.07,0.264,-0.032,-0.18,0.18,-0.103,0.243,-0.164,0.215,0.205,0.199,-0.091,0.108,0.217
AVXL,0.795,0.537,0.046,-0.157,0.186,0.615,0.061,-0.189,-0.355,-0.107,0.525,-0.355,0.79,-0.115,0.0,-0.029,-0.104,-0.348,0.853,0.452,0.854,-0.339,0.773,-0.39,0.832,0.781,-0.052,0.703,0.208,0.179,0.8,0.315,0.756,0.69,0.621,-0.235,0.747,0.732,0.599,0.37,0.838,-0.608,0.378,0.782,0.14,-0.36,0.085,0.179,0.327,0.287,0.629,0.819,-0.478,0.576,-0.255,-0.236,0.599,-0.069,0.647,0.777,0.796,-0.662,0.52,0.828,0.768,0.811,-0.545,0.792,-0.325,-0.115,0.757,0.487,0.788,-0.275,-0.094,-0.305,0.107,0.753,-0.421,0.839,0.774,-0.664,0.706,-0.389,0.658,0.837,0.556,0.75,-0.269,0.199,-0.076,0.802,-0.655,0.762,-0.35,0.723,-0.382,-0.461,0.271,0.812,0.735,-0.232,-0.448,0.379,0.272,-0.414,-0.19,-0.163,0.438,0.811,0.496,-0.128,0.359,-0.208,-0.167,-0.413,-0.578,0.463,0.765,0.109,0.098,0.083,-0.407,0.787,0.533,0.16,0.752,0.35,0.74,0.818,0.487,-0.443,0.821,-0.03,0.83,0.486,0.722,0.317,0.265,0.749,0.74,0.137,0.362,0.74,0.834,-0.192,-0.071,0.833,0.785,-0.387,-0.294,-0.129,-0.656,0.292,0.562,-0.393,0.718,0.861,-0.59,0.108,0.786,0.707,-0.032,0.172,0.806,0.719,0.85,0.065,-0.468,-0.489,0.192,0.706,-0.304,0.865,0.063,0.794,0.269,0.514,0.845,0.652,-0.572,-0.535,0.786,0.808,0.683,-0.141,0.658,-0.563,0.625,0.59,-0.682,0.759,-0.541,0.823,0.162,-0.509,-0.088,0.897,0.45,-0.416
AZTA,-0.215,0.058,0.704,0.736,0.68,-0.388,0.763,0.137,0.762,0.333,-0.17,0.089,0.149,0.09,-0.029,0.0,0.855,0.066,-0.051,0.143,0.073,0.278,0.376,0.237,0.021,0.362,0.669,0.176,0.772,0.803,0.12,0.497,0.413,0.302,0.496,0.617,0.321,0.447,0.555,0.524,-0.019,0.53,0.709,0.29,0.692,0.722,0.684,0.375,0.613,0.42,0.646,0.031,0.715,-0.484,0.446,0.597,0.492,0.722,0.248,-0.1,-0.081,0.298,0.632,-0.065,0.036,0.117,0.424,-0.045,0.546,0.186,-0.193,0.198,0.408,0.825,0.63,0.656,0.724,0.41,0.456,-0.193,0.17,0.492,0.11,0.255,-0.165,0.352,0.668,-0.029,0.728,0.813,-0.31,0.13,0.223,-0.094,-0.374,-0.163,0.819,0.009,0.772,-0.11,0.42,0.734,0.172,0.696,0.851,0.674,0.891,0.807,0.527,0.309,0.762,0.846,-0.058,0.633,0.282,0.778,0.339,0.4,-0.068,0.67,0.759,0.879,0.662,0.016,0.59,0.568,0.344,0.838,0.268,0.242,0.269,0.149,0.036,0.621,-0.035,0.721,0.365,0.455,0.814,0.032,-0.272,0.859,0.694,0.354,0.088,0.682,0.794,-0.089,0.196,-0.217,0.046,0.897,0.433,0.624,0.303,0.768,0.241,-0.095,0.456,0.581,0.137,0.359,0.642,0.709,-0.149,0.297,0.121,0.749,0.218,0.714,0.654,0.339,0.61,-0.05,0.86,0.167,0.87,0.652,0.118,0.177,0.402,0.58,-0.145,0.142,0.039,0.84,0.424,0.539,0.219,0.58,0.393,-0.191,-0.023,-0.225,0.249,0.484,0.76,-0.178,0.753,0.683
BAND,-0.365,0.018,0.785,0.878,0.565,-0.336,0.783,0.346,0.846,0.492,-0.003,0.411,-0.104,0.212,-0.104,0.855,0.0,0.319,-0.238,0.165,-0.132,0.492,0.175,0.498,-0.205,0.194,0.662,-0.07,0.683,0.8,-0.04,0.438,0.182,0.082,0.357,0.635,0.035,0.15,0.199,0.508,-0.255,0.714,0.621,0.108,0.618,0.886,0.744,0.495,0.667,0.114,0.505,-0.254,0.847,-0.621,0.68,0.684,0.394,0.769,0.075,-0.375,-0.367,0.397,0.54,-0.3,-0.214,-0.101,0.637,-0.2,0.721,0.139,-0.274,0.235,0.139,0.855,0.723,0.685,0.593,0.117,0.64,-0.365,-0.135,0.686,-0.059,0.396,-0.438,0.14,0.568,-0.018,0.822,0.573,-0.065,-0.122,0.514,-0.392,-0.029,-0.464,0.893,0.185,0.591,-0.352,0.295,0.893,0.385,0.586,0.615,0.78,0.882,0.916,0.381,0.087,0.596,0.92,-0.041,0.788,0.53,0.896,0.625,0.415,-0.295,0.692,0.815,0.777,0.813,-0.075,0.415,0.58,0.198,0.671,-0.008,0.029,-0.106,0.33,-0.212,0.753,-0.254,0.587,0.106,0.429,0.668,-0.294,-0.4,0.825,0.532,0.066,-0.158,0.798,0.878,-0.332,-0.051,0.134,0.328,0.875,0.619,0.73,0.277,0.815,-0.041,-0.313,0.7,0.627,-0.069,0.174,0.843,0.798,-0.224,0.099,-0.11,0.728,0.438,0.851,0.584,0.21,0.79,-0.307,0.887,0.093,0.832,0.527,-0.039,-0.046,0.685,0.813,-0.396,-0.026,-0.178,0.898,0.276,0.743,0.123,0.331,0.478,-0.427,0.264,-0.433,0.47,0.746,0.822,-0.266,0.608,0.898
BECN,-0.335,-0.493,0.341,0.596,0.279,-0.017,0.509,0.848,0.347,0.77,0.28,0.679,-0.481,0.132,-0.348,0.066,0.319,0.0,-0.577,0.428,-0.396,0.432,-0.51,0.751,-0.327,-0.167,0.557,-0.261,0.298,0.359,-0.458,0.252,-0.36,-0.35,-0.507,0.219,-0.508,-0.424,-0.484,0.24,-0.499,0.472,0.252,-0.441,0.385,0.531,0.421,0.681,0.437,0.138,-0.236,-0.479,0.473,-0.372,0.801,0.467,-0.235,0.239,0.036,-0.413,-0.613,0.72,-0.123,-0.342,-0.49,-0.47,0.751,-0.085,0.392,0.328,-0.056,0.025,-0.454,0.158,0.721,-0.063,-0.038,-0.377,0.211,-0.38,-0.559,0.417,-0.087,0.718,-0.37,-0.349,-0.208,0.178,0.57,-0.198,0.693,-0.622,0.66,-0.648,0.581,-0.53,0.443,0.569,-0.381,-0.528,-0.234,0.364,0.298,-0.011,-0.044,0.413,0.22,0.488,0.11,-0.519,-0.006,0.417,0.34,0.263,0.401,0.487,0.805,0.321,-0.589,0.238,0.352,-0.108,0.689,-0.081,-0.276,0.53,0.024,-0.119,-0.313,-0.538,-0.266,0.341,-0.644,0.569,-0.311,-0.349,-0.388,0.441,-0.222,-0.66,-0.285,0.192,-0.344,-0.629,-0.396,0.417,0.388,-0.425,-0.683,0.723,0.855,0.296,0.564,-0.118,-0.145,0.253,-0.745,-0.474,0.482,0.146,-0.276,-0.139,0.356,0.299,-0.377,-0.149,-0.39,0.062,0.745,0.508,0.093,-0.434,0.333,-0.557,0.232,-0.425,0.05,-0.111,-0.354,0.002,0.578,0.539,-0.532,-0.281,-0.443,0.38,-0.142,0.615,0.22,-0.08,0.205,-0.296,0.694,-0.396,0.64,0.695,0.233,-0.396,-0.116,0.51
BFC,0.826,0.649,0.003,-0.403,0.036,0.543,-0.124,-0.346,-0.422,-0.432,0.377,-0.64,0.867,-0.187,0.853,-0.051,-0.238,-0.577,0.0,0.272,0.877,-0.477,0.807,-0.644,0.798,0.731,-0.282,0.723,0.02,0.027,0.821,0.307,0.766,0.726,0.679,-0.345,0.771,0.789,0.648,0.221,0.909,-0.723,0.219,0.826,0.012,-0.502,-0.171,-0.057,0.103,0.221,0.57,0.873,-0.555,0.699,-0.471,-0.402,0.565,-0.141,0.474,0.811,0.9,-0.675,0.497,0.819,0.857,0.906,-0.737,0.725,-0.463,-0.181,0.674,0.385,0.815,-0.302,-0.27,-0.322,-0.024,0.78,-0.439,0.872,0.833,-0.74,0.72,-0.582,0.798,0.78,0.443,0.554,-0.466,0.216,-0.342,0.891,-0.809,0.875,-0.559,0.793,-0.437,-0.564,0.295,0.901,0.648,-0.413,-0.545,0.331,0.214,-0.528,-0.178,-0.25,0.35,0.851,0.414,-0.229,0.323,-0.395,-0.384,-0.485,-0.749,0.234,0.806,-0.061,0.012,0.05,-0.534,0.698,0.6,0.05,0.605,0.274,0.786,0.876,0.515,-0.585,0.927,-0.153,0.809,0.498,0.787,0.148,0.231,0.866,0.757,0.114,0.333,0.773,0.874,-0.383,-0.161,0.854,0.833,-0.557,-0.587,-0.174,-0.765,0.226,0.507,-0.466,0.825,0.908,-0.676,-0.045,0.855,0.665,-0.238,-0.009,0.837,0.705,0.866,0.066,-0.71,-0.579,0.063,0.668,-0.428,0.903,-0.047,0.808,0.173,0.48,0.868,0.568,-0.688,-0.619,0.865,0.818,0.754,-0.218,0.652,-0.725,0.53,0.536,-0.718,0.764,-0.759,0.843,-0.161,-0.666,-0.112,0.81,0.397,-0.543
BGC,0.465,0.238,0.398,0.299,0.57,0.671,0.461,0.568,-0.119,0.411,0.799,0.004,0.438,-0.022,0.452,0.143,0.165,0.428,0.272,0.0,0.577,-0.007,0.38,0.164,0.588,0.685,0.366,0.62,0.408,0.492,0.445,0.801,0.515,0.534,0.223,-0.205,0.26,0.431,0.18,0.661,0.471,-0.29,0.593,0.488,0.581,0.062,0.336,0.802,0.599,0.502,0.398,0.457,-0.065,0.347,0.444,0.01,0.372,0.089,0.607,0.425,0.247,0.058,0.534,0.546,0.366,0.484,0.079,0.759,-0.09,0.058,0.748,0.408,0.408,-0.15,0.615,-0.407,0.027,0.428,-0.273,0.465,0.252,-0.343,0.723,0.029,0.443,0.553,0.185,0.858,0.191,-0.007,0.295,0.314,-0.171,0.213,0.003,0.308,0.104,0.031,-0.067,0.429,0.488,-0.003,-0.274,0.268,0.287,-0.135,0.127,0.321,0.428,0.371,0.574,0.306,0.781,-0.084,-0.079,0.038,0.078,0.586,0.244,0.113,0.554,-0.077,0.209,0.696,0.465,0.732,0.761,0.192,0.581,0.419,0.249,-0.252,0.28,0.519,0.612,0.204,0.51,0.614,-0.015,0.17,0.604,0.411,-0.082,0.203,0.574,-0.025,0.402,0.482,0.208,0.142,0.342,0.208,-0.223,0.111,0.348,-0.236,0.052,0.466,-0.26,0.285,0.596,0.659,0.158,0.369,0.43,0.683,0.56,0.115,-0.019,-0.059,0.129,0.311,-0.176,0.373,0.178,0.409,0.301,0.345,0.536,0.713,-0.073,-0.099,0.312,0.673,0.314,0.229,0.694,-0.088,0.853,0.552,-0.601,0.48,-0.136,0.514,0.597,0.169,0.233,0.335,0.357,0.052
BHF,0.848,0.693,0.13,-0.207,0.33,0.664,0.073,-0.152,-0.41,-0.223,0.548,-0.589,0.951,-0.166,0.854,0.073,-0.132,-0.396,0.877,0.577,0.0,-0.396,0.887,-0.527,0.95,0.908,-0.088,0.884,0.201,0.223,0.884,0.567,0.866,0.892,0.728,-0.349,0.784,0.881,0.681,0.49,0.973,-0.712,0.472,0.937,0.239,-0.402,0.0,0.199,0.314,0.421,0.679,0.944,-0.492,0.698,-0.262,-0.315,0.648,-0.086,0.661,0.861,0.872,-0.562,0.678,0.915,0.884,0.957,-0.626,0.9,-0.434,-0.131,0.843,0.418,0.88,-0.244,0.02,-0.38,0.11,0.869,-0.447,0.923,0.871,-0.757,0.912,-0.522,0.842,0.918,0.459,0.752,-0.287,0.245,-0.235,0.919,-0.79,0.828,-0.554,0.843,-0.298,-0.521,0.297,0.945,0.776,-0.306,-0.557,0.392,0.364,-0.5,-0.062,-0.102,0.471,0.916,0.619,-0.059,0.514,-0.338,-0.407,-0.386,-0.649,0.384,0.8,-0.003,0.242,0.045,-0.397,0.859,0.747,0.32,0.82,0.345,0.918,0.944,0.551,-0.598,0.919,0.055,0.944,0.574,0.903,0.328,0.245,0.82,0.854,0.269,0.308,0.804,0.981,-0.328,0.03,0.936,0.845,-0.518,-0.433,-0.013,-0.745,0.257,0.569,-0.441,0.779,0.939,-0.688,0.087,0.956,0.83,-0.145,0.149,0.861,0.894,0.98,0.099,-0.658,-0.508,0.127,0.716,-0.438,0.929,0.045,0.853,0.314,0.578,0.964,0.769,-0.647,-0.579,0.867,0.962,0.732,-0.068,0.86,-0.648,0.738,0.714,-0.817,0.832,-0.739,0.927,0.06,-0.515,0.005,0.769,0.511,-0.436
BHFAL,-0.453,-0.253,0.219,0.553,0.323,-0.289,0.487,0.217,0.524,0.593,-0.191,0.51,-0.325,0.255,-0.339,0.278,0.492,0.432,-0.477,-0.007,-0.396,0.0,-0.246,0.573,-0.344,-0.245,0.535,-0.329,0.338,0.436,-0.197,0.053,-0.157,-0.24,-0.185,0.516,-0.19,-0.312,-0.268,0.389,-0.449,0.631,0.225,-0.347,0.334,0.48,0.62,0.282,0.211,0.12,-0.061,-0.372,0.607,-0.465,0.424,0.654,0.125,0.207,0.03,-0.305,-0.423,0.463,-0.057,-0.375,-0.335,-0.36,0.603,-0.307,0.67,0.379,-0.296,-0.174,-0.293,0.476,0.445,0.353,0.453,-0.292,0.486,-0.443,-0.345,0.619,-0.275,0.431,-0.458,-0.233,0.207,-0.091,0.594,0.206,0.264,-0.337,0.637,-0.399,0.381,-0.432,0.457,0.514,0.14,-0.482,-0.123,0.519,0.557,0.078,0.198,0.614,0.275,0.43,-0.019,-0.309,0.075,0.404,-0.124,0.544,0.538,0.536,0.618,0.29,-0.523,0.44,0.264,0.357,0.482,-0.324,-0.185,0.182,-0.065,0.129,-0.264,-0.414,-0.122,0.576,-0.51,0.392,-0.317,0.03,-0.338,0.219,0.251,-0.375,-0.499,0.188,0.128,-0.244,-0.445,0.558,0.39,-0.406,-0.336,0.377,0.557,0.459,0.621,0.23,0.01,0.605,-0.34,-0.406,0.497,0.325,-0.405,-0.062,0.416,0.402,-0.319,-0.155,-0.381,0.116,0.576,0.586,0.346,-0.165,0.437,-0.429,0.472,-0.321,0.315,-0.129,-0.329,-0.088,0.533,0.542,-0.386,-0.303,-0.127,0.384,-0.199,0.654,-0.134,-0.082,0.484,-0.363,0.673,-0.407,0.407,0.551,0.261,-0.262,0.25,0.527
BKNG,0.652,0.739,0.311,-0.01,0.401,0.371,0.214,-0.288,-0.106,-0.216,0.304,-0.53,0.893,-0.062,0.773,0.376,0.175,-0.51,0.807,0.38,0.887,-0.246,0.0,-0.476,0.796,0.854,0.023,0.764,0.344,0.404,0.874,0.508,0.909,0.864,0.919,-0.074,0.837,0.917,0.805,0.532,0.859,-0.435,0.58,0.951,0.281,-0.133,0.183,0.11,0.384,0.372,0.825,0.826,-0.206,0.443,-0.207,-0.105,0.772,0.15,0.557,0.699,0.79,-0.519,0.804,0.738,0.801,0.9,-0.516,0.672,-0.203,-0.115,0.583,0.443,0.934,0.122,0.061,-0.009,0.376,0.874,-0.162,0.751,0.865,-0.483,0.748,-0.486,0.647,0.914,0.687,0.543,-0.091,0.504,-0.41,0.914,-0.644,0.747,-0.658,0.7,-0.039,-0.559,0.618,0.812,0.873,0.001,-0.393,0.575,0.569,-0.226,0.224,0.108,0.536,0.968,0.732,0.169,0.295,-0.016,-0.265,-0.108,-0.536,0.359,0.733,0.249,0.391,0.394,-0.225,0.68,0.855,0.298,0.731,0.598,0.846,0.949,0.513,-0.479,0.875,0.165,0.763,0.843,0.881,0.261,0.58,0.794,0.609,0.484,0.606,0.908,0.855,-0.061,0.219,0.779,0.894,-0.613,-0.508,0.251,-0.529,0.551,0.665,-0.088,0.895,0.814,-0.436,0.213,0.83,0.793,0.092,0.34,0.742,0.842,0.89,0.351,-0.611,-0.238,0.298,0.816,-0.135,0.822,0.341,0.894,0.583,0.723,0.894,0.598,-0.462,-0.328,0.743,0.859,0.679,0.183,0.853,-0.426,0.577,0.73,-0.534,0.612,-0.709,0.716,0.019,-0.379,0.22,0.648,0.702,-0.178
BL,-0.462,-0.481,0.43,0.734,0.228,-0.295,0.595,0.662,0.631,0.799,0.101,0.915,-0.628,0.4,-0.39,0.237,0.498,0.751,-0.644,0.164,-0.527,0.573,-0.476,0.0,-0.407,-0.286,0.68,-0.559,0.35,0.493,-0.376,0.076,-0.29,-0.495,-0.447,0.611,-0.327,-0.528,-0.497,0.155,-0.659,0.733,0.172,-0.522,0.442,0.693,0.641,0.584,0.41,0.04,-0.144,-0.547,0.693,-0.686,0.634,0.608,-0.087,0.433,0.08,-0.503,-0.623,0.687,-0.172,-0.407,-0.457,-0.618,0.925,-0.303,0.761,0.136,-0.228,0.082,-0.452,0.382,0.622,0.372,0.238,-0.423,0.306,-0.587,-0.621,0.682,-0.355,0.773,-0.7,-0.372,0.004,0.029,0.755,-0.039,0.643,-0.579,0.878,-0.729,0.769,-0.655,0.495,0.782,-0.004,-0.716,-0.163,0.642,0.671,0.189,0.075,0.764,0.282,0.562,0.088,-0.501,0.023,0.501,0.125,0.641,0.802,0.628,0.884,0.452,-0.491,0.514,0.311,0.175,0.73,-0.207,-0.386,0.397,-0.045,0.023,-0.493,-0.591,-0.32,0.738,-0.742,0.584,-0.402,-0.192,-0.493,0.347,0.058,-0.635,-0.507,0.185,0.004,-0.525,-0.537,0.655,0.509,-0.486,-0.527,0.835,0.929,0.31,0.818,0.159,0.11,0.507,-0.655,-0.557,0.711,0.474,-0.481,-0.241,0.679,0.563,-0.503,-0.329,-0.5,0.173,0.862,0.731,0.451,-0.203,0.585,-0.548,0.449,-0.407,0.238,-0.112,-0.476,-0.24,0.762,0.686,-0.591,-0.441,-0.434,0.441,-0.32,0.837,0.026,-0.222,0.473,-0.436,0.847,-0.561,0.741,0.784,0.428,-0.326,0.111,0.69
BOKF,0.862,0.578,0.063,-0.187,0.34,0.631,0.102,-0.104,-0.41,-0.121,0.533,-0.483,0.886,-0.118,0.832,0.021,-0.205,-0.327,0.798,0.588,0.95,-0.344,0.796,-0.407,0.0,0.866,-0.004,0.823,0.209,0.225,0.861,0.516,0.838,0.834,0.607,-0.277,0.799,0.795,0.621,0.466,0.917,-0.691,0.439,0.844,0.285,-0.418,0.064,0.229,0.29,0.509,0.591,0.942,-0.499,0.658,-0.302,-0.282,0.626,-0.119,0.749,0.896,0.872,-0.504,0.564,0.943,0.885,0.876,-0.552,0.929,-0.371,-0.12,0.883,0.387,0.812,-0.294,0.034,-0.398,0.144,0.815,-0.532,0.886,0.847,-0.764,0.88,-0.4,0.796,0.878,0.436,0.778,-0.229,0.198,-0.095,0.878,-0.724,0.802,-0.429,0.866,-0.367,-0.41,0.262,0.893,0.74,-0.311,-0.515,0.409,0.361,-0.463,-0.159,-0.16,0.471,0.844,0.579,-0.118,0.539,-0.321,-0.333,-0.421,-0.61,0.467,0.801,0.023,0.145,-0.016,-0.406,0.864,0.622,0.305,0.847,0.28,0.865,0.849,0.604,-0.515,0.827,0.026,0.972,0.473,0.831,0.343,0.204,0.807,0.819,0.159,0.287,0.753,0.95,-0.302,-0.02,0.958,0.815,-0.412,-0.304,-0.075,-0.695,0.173,0.596,-0.456,0.717,0.919,-0.695,0.097,0.9,0.803,-0.152,0.161,0.785,0.856,0.954,0.009,-0.56,-0.503,0.196,0.703,-0.464,0.93,0.014,0.742,0.248,0.524,0.911,0.799,-0.671,-0.621,0.871,0.9,0.728,-0.136,0.759,-0.617,0.773,0.661,-0.807,0.884,-0.616,0.935,0.149,-0.536,-0.073,0.799,0.497,-0.478
BRKR,0.696,0.592,0.379,0.136,0.591,0.568,0.385,0.062,-0.126,0.014,0.577,-0.414,0.871,-0.043,0.781,0.362,0.194,-0.167,0.731,0.685,0.908,-0.245,0.854,-0.286,0.866,0.0,0.187,0.869,0.499,0.498,0.77,0.751,0.871,0.897,0.75,-0.14,0.724,0.895,0.729,0.697,0.844,-0.458,0.698,0.92,0.54,-0.071,0.263,0.44,0.565,0.517,0.785,0.824,-0.19,0.474,0.067,-0.092,0.736,0.154,0.703,0.705,0.673,-0.365,0.829,0.784,0.732,0.872,-0.332,0.847,-0.186,-0.015,0.752,0.445,0.874,-0.001,0.328,-0.222,0.296,0.866,-0.235,0.77,0.777,-0.53,0.893,-0.313,0.678,0.921,0.609,0.77,0.056,0.4,-0.2,0.8,-0.563,0.635,-0.521,0.654,0.031,-0.407,0.432,0.775,0.798,-0.007,-0.455,0.568,0.593,-0.221,0.232,0.24,0.615,0.857,0.829,0.266,0.532,-0.109,-0.228,-0.058,-0.385,0.584,0.63,0.196,0.539,0.258,-0.06,0.834,0.852,0.577,0.899,0.54,0.916,0.891,0.536,-0.447,0.784,0.343,0.841,0.68,0.914,0.566,0.401,0.65,0.711,0.545,0.409,0.758,0.91,-0.05,0.334,0.779,0.738,-0.418,-0.221,0.283,-0.514,0.433,0.571,-0.18,0.667,0.781,-0.458,0.297,0.91,0.908,0.127,0.404,0.739,0.925,0.905,0.294,-0.407,-0.197,0.293,0.727,-0.199,0.765,0.323,0.773,0.55,0.732,0.893,0.792,-0.387,-0.294,0.677,0.911,0.669,0.251,0.941,-0.363,0.822,0.839,-0.641,0.692,-0.591,0.749,0.255,-0.214,0.276,0.62,0.675,-0.111
CACC,-0.183,-0.306,0.567,0.821,0.679,-0.285,0.899,0.495,0.699,0.831,0.006,0.521,-0.103,0.174,-0.052,0.669,0.662,0.557,-0.282,0.366,-0.088,0.535,0.023,0.68,-0.004,0.187,0.0,-0.009,0.775,0.85,0.021,0.396,0.212,0.015,-0.007,0.712,0.197,0.101,0.187,0.556,-0.217,0.588,0.673,-0.078,0.757,0.682,0.878,0.66,0.683,0.631,0.342,-0.065,0.682,-0.502,0.571,0.786,0.293,0.538,0.509,-0.039,-0.197,0.578,0.247,-0.018,-0.069,-0.149,0.712,0.063,0.695,0.459,-0.012,0.171,0.116,0.58,0.793,0.408,0.675,0.193,0.184,-0.238,-0.049,0.5,0.074,0.648,-0.243,0.16,0.524,0.218,0.845,0.589,0.363,-0.123,0.499,-0.251,0.194,-0.207,0.623,0.491,0.433,-0.296,0.286,0.655,0.385,0.579,0.646,0.745,0.529,0.682,0.536,-0.0,0.545,0.683,0.158,0.604,0.57,0.677,0.622,0.689,-0.219,0.751,0.553,0.624,0.718,0.087,0.126,0.662,0.432,0.535,0.077,-0.136,0.307,0.393,-0.297,0.66,-0.0,0.281,0.049,0.638,0.539,-0.125,-0.31,0.54,0.458,0.034,-0.079,0.796,0.645,-0.098,-0.09,0.29,0.617,0.685,0.606,0.311,0.31,0.682,-0.147,-0.167,0.464,0.539,-0.026,0.276,0.617,0.719,-0.251,0.209,-0.025,0.437,0.654,0.696,0.745,0.093,0.539,-0.146,0.75,-0.092,0.639,0.344,-0.048,0.313,0.436,0.546,-0.188,-0.012,-0.032,0.641,0.136,0.691,0.355,0.425,0.359,-0.055,0.506,-0.214,0.671,0.561,0.527,-0.045,0.617,0.596
CAR,0.676,0.5,0.056,-0.147,0.511,0.648,0.124,-0.091,-0.39,-0.163,0.424,-0.69,0.913,-0.208,0.703,0.176,-0.07,-0.261,0.723,0.62,0.884,-0.329,0.764,-0.559,0.823,0.869,-0.009,0.0,0.313,0.215,0.688,0.653,0.74,0.898,0.622,-0.4,0.61,0.878,0.74,0.58,0.895,-0.674,0.539,0.847,0.33,-0.341,-0.012,0.217,0.288,0.553,0.564,0.853,-0.442,0.709,-0.091,-0.294,0.525,-0.163,0.57,0.794,0.704,-0.461,0.66,0.768,0.674,0.898,-0.555,0.843,-0.475,0.141,0.712,0.241,0.787,-0.22,0.113,-0.461,0.137,0.791,-0.384,0.816,0.805,-0.696,0.865,-0.462,0.871,0.831,0.42,0.642,-0.216,0.31,-0.34,0.78,-0.765,0.779,-0.677,0.783,-0.165,-0.529,0.216,0.872,0.601,-0.317,-0.672,0.273,0.454,-0.498,0.021,-0.035,0.447,0.768,0.662,-0.006,0.415,-0.384,-0.554,-0.307,-0.565,0.312,0.589,-0.118,0.308,0.087,-0.294,0.753,0.767,0.374,0.773,0.35,0.942,0.842,0.648,-0.684,0.82,0.045,0.836,0.472,0.881,0.417,0.188,0.712,0.786,0.312,0.165,0.739,0.903,-0.315,0.042,0.766,0.665,-0.634,-0.426,0.133,-0.724,0.119,0.262,-0.361,0.652,0.803,-0.689,0.036,0.865,0.858,-0.271,0.022,0.736,0.899,0.884,0.064,-0.542,-0.454,-0.028,0.52,-0.481,0.749,0.024,0.652,0.262,0.515,0.824,0.865,-0.636,-0.51,0.738,0.886,0.692,-0.009,0.86,-0.587,0.701,0.782,-0.707,0.749,-0.713,0.817,-0.03,-0.435,0.008,0.566,0.438,-0.377
CDNA,-0.02,-0.004,0.531,0.766,0.805,-0.11,0.824,0.289,0.55,0.569,0.061,0.19,0.24,0.259,0.208,0.772,0.683,0.298,0.02,0.408,0.201,0.338,0.344,0.35,0.209,0.499,0.775,0.313,0.0,0.835,0.223,0.549,0.458,0.347,0.332,0.519,0.337,0.454,0.511,0.721,0.103,0.365,0.821,0.285,0.849,0.55,0.802,0.608,0.731,0.602,0.597,0.175,0.516,-0.269,0.533,0.583,0.556,0.498,0.517,0.124,0.02,0.236,0.529,0.126,0.091,0.186,0.442,0.229,0.533,0.381,0.09,0.14,0.436,0.536,0.716,0.285,0.713,0.457,0.327,-0.009,0.23,0.289,0.274,0.313,-0.015,0.442,0.725,0.335,0.681,0.728,0.007,0.179,0.211,0.029,-0.2,-0.016,0.596,0.16,0.588,0.019,0.421,0.568,0.142,0.645,0.827,0.552,0.612,0.663,0.647,0.294,0.771,0.677,0.127,0.425,0.312,0.562,0.31,0.653,-0.005,0.638,0.666,0.706,0.543,0.249,0.477,0.648,0.598,0.708,0.423,0.246,0.448,0.146,0.082,0.581,0.191,0.555,0.39,0.761,0.643,0.092,-0.081,0.727,0.611,0.352,0.208,0.617,0.623,0.076,0.199,-0.067,0.309,0.725,0.31,0.435,0.358,0.588,0.178,0.074,0.217,0.546,0.25,0.571,0.511,0.659,0.042,0.491,0.231,0.479,0.368,0.518,0.623,0.368,0.402,0.079,0.751,0.18,0.749,0.522,0.223,0.465,0.244,0.363,0.023,0.267,0.247,0.654,0.476,0.432,0.473,0.668,0.177,0.098,0.118,0.003,0.441,0.397,0.588,0.071,0.741,0.478
CG,-0.001,0.083,0.792,0.827,0.759,-0.105,0.931,0.405,0.681,0.661,0.202,0.342,0.196,0.208,0.179,0.803,0.8,0.359,0.027,0.492,0.223,0.436,0.404,0.493,0.225,0.498,0.85,0.215,0.835,0.0,0.309,0.64,0.54,0.33,0.409,0.616,0.408,0.404,0.396,0.734,0.076,0.464,0.848,0.32,0.823,0.699,0.901,0.711,0.815,0.538,0.677,0.157,0.674,-0.362,0.579,0.714,0.61,0.676,0.579,0.082,0.019,0.376,0.65,0.158,0.177,0.192,0.524,0.237,0.619,0.254,0.158,0.387,0.438,0.679,0.827,0.438,0.716,0.457,0.296,0.003,0.182,0.374,0.339,0.381,-0.083,0.463,0.704,0.398,0.784,0.662,0.129,0.188,0.302,-0.058,-0.045,-0.077,0.703,0.216,0.618,-0.028,0.586,0.71,0.251,0.757,0.79,0.666,0.718,0.822,0.652,0.36,0.796,0.838,0.33,0.643,0.452,0.721,0.461,0.743,-0.007,0.8,0.812,0.718,0.693,0.279,0.51,0.765,0.62,0.735,0.341,0.246,0.277,0.218,0.014,0.814,0.198,0.656,0.355,0.674,0.731,0.053,-0.095,0.812,0.635,0.29,0.206,0.71,0.837,0.116,0.215,0.115,0.409,0.821,0.428,0.624,0.567,0.642,0.151,0.084,0.381,0.638,0.279,0.527,0.735,0.889,0.047,0.482,0.253,0.648,0.352,0.661,0.78,0.408,0.538,0.094,0.902,0.287,0.891,0.625,0.285,0.39,0.4,0.51,-0.01,0.296,0.165,0.803,0.509,0.557,0.545,0.635,0.155,0.027,0.19,-0.014,0.671,0.528,0.688,0.082,0.843,0.638
CGBD,0.791,0.698,0.187,-0.126,0.261,0.473,0.126,-0.205,-0.226,-0.148,0.43,-0.435,0.835,-0.022,0.8,0.12,-0.04,-0.458,0.821,0.445,0.884,-0.197,0.874,-0.376,0.861,0.77,0.021,0.688,0.223,0.309,0.0,0.454,0.868,0.747,0.715,-0.096,0.855,0.768,0.603,0.443,0.849,-0.54,0.436,0.826,0.236,-0.3,0.137,0.158,0.303,0.394,0.657,0.874,-0.35,0.575,-0.336,-0.166,0.686,0.006,0.633,0.819,0.864,-0.491,0.568,0.842,0.885,0.868,-0.504,0.772,-0.199,-0.166,0.754,0.459,0.838,-0.123,-0.004,-0.16,0.235,0.777,-0.406,0.778,0.791,-0.578,0.757,-0.45,0.681,0.847,0.564,0.662,-0.193,0.327,-0.195,0.907,-0.617,0.785,-0.416,0.78,-0.281,-0.337,0.458,0.84,0.803,-0.191,-0.29,0.49,0.383,-0.294,-0.049,-0.074,0.5,0.879,0.573,-0.029,0.414,-0.144,-0.155,-0.302,-0.538,0.432,0.795,0.181,0.193,0.207,-0.352,0.752,0.632,0.271,0.77,0.376,0.799,0.847,0.526,-0.405,0.826,0.076,0.868,0.622,0.78,0.256,0.391,0.839,0.705,0.253,0.484,0.806,0.848,-0.157,0.069,0.881,0.86,-0.396,-0.355,0.013,-0.555,0.387,0.747,-0.264,0.795,0.899,-0.544,0.193,0.817,0.741,0.006,0.261,0.77,0.782,0.879,0.161,-0.589,-0.378,0.32,0.799,-0.27,0.89,0.166,0.842,0.385,0.514,0.889,0.649,-0.557,-0.488,0.849,0.872,0.749,-0.042,0.706,-0.511,0.623,0.587,-0.676,0.779,-0.571,0.823,0.113,-0.466,0.09,0.788,0.613,-0.354
