,ACET,ADAP,ADI,ADPT,ADTN,AGEN,ALGN,ALLK,AMD,AMWD,ARDX,ARQT,ASTE,AUPH,AVXL,AZTA,BAND,BECN,BFC,BGC,BHF,BHFAL,BKNG,BL,BOKF,BRKR,CACC,CAR,CDNA,CG,CGBD,CHI,CHTR,CHX,CLNE,CME,CNOB,CNXN,CPRX,CSGP,CSGS,CSIQ,CVCO,CVLT,CYRX,DDOG,DOOO,DSGX,DTIL,ECPG,EEFT,EFSC,ENTG,ESPR,ETSY,EXC,FAMI,FFIV,FITB,FIZZ,FMBH,FOX,FTNT,FULT,GABC,GEN,GH,GMAB,GNPX,GO,GOGL,GOOG,GPRO,GSHD,GSM,GWAV,HAIN,HBAN,HEPA,HURN,HWKN,IBIO,ICFI,IGMS,IMKTA,INCY,INO,IRDM,IRTC,IRWD,ITCI,JACK,JD,JJSF,KALA,KHC,KLAC,KRRO,KRYS,LANC,LBTYA,LIVN,LKCO,LNTH,LOGI,LPRO,LRCX,LSCC,LSTR,MAR,MARA,MCHP,MEOH,META,MGTX,MKSI,MMYT,MORN,MRUS,MTLS,MTSI,MVIS,MXL,NBIX,NFE,NMIH,NMRK,NNDM,NSIT,NTCT,NVAX,OCUL,ODP,OLED,ONB,OTEX,PACB,PATK,PAYX,PEP,PERI,PI,PLYA,PRDO,PRGS,PTGX,QCOM,QCRH,QDEL,QFIN,RGEN,RILY,RPAY,RPD,SABR,SEDG,SHEN,SIRI,SLNO,SNDL,SNEX,SONO,SPT,SSNC,STGW,STKL,STRL,STX,SWTX,SYNA,TFSL,TIGR,TNXP,TOWN,TRI,TRIP,TRMB,TRNS,TRS,TSCO,TSEM,TVTX,TXRH,VC,VCEL,VECO,VIAV,VICR,VIR,VRTX,VSTM,VTRS,WDFC,WSBC,WSC,WYNN,XENE,XNCR,XRAY,ZS
ACET,0.0,0.614,-0.113,-0.054,0.253,0.072,-0.385,-0.619,-0.181,-0.301,-0.01,-0.542,0.635,0.248,0.751,0.215,-0.068,-0.657,0.739,0.052,0.733,-0.202,0.702,-0.571,0.657,0.585,0.104,0.538,0.319,0.249,0.802,0.247,0.629,0.586,0.593,-0.055,0.766,0.65,0.661,0.354,0.757,-0.483,0.259,0.654,0.269,-0.532,0.229,-0.229,0.06,0.424,0.517,0.723,-0.392,0.573,-0.711,-0.021,0.442,-0.188,0.506,0.69,0.853,-0.559,0.385,0.782,0.776,0.726,-0.612,0.737,-0.129,0.188,0.498,-0.22,0.726,0.228,-0.213,0.015,0.42,0.69,0.091,0.763,0.715,-0.72,0.592,-0.54,0.696,0.631,0.558,0.459,-0.197,0.518,-0.362,0.792,-0.716,0.755,-0.551,0.727,-0.16,-0.409,0.621,0.772,0.664,-0.239,-0.434,0.444,0.395,-0.346,0.105,-0.208,0.448,0.711,0.357,-0.226,0.2,-0.439,-0.381,-0.281,-0.705,0.361,0.628,0.131,0.058,0.363,-0.596,0.688,0.484,0.032,0.15,0.446,0.615,0.716,0.622,-0.487,0.804,-0.215,0.752,0.548,0.677,0.212,0.521,0.835,0.727,0.363,0.631,0.71,0.74,0.028,-0.156,0.346,0.76,-0.574,-0.647,-0.319,-0.641,0.281,0.581,0.038,0.731,0.795,-0.631,0.22,0.721,0.548,-0.189,0.169,0.703,0.55,0.724,-0.215,-0.607,-0.466,0.428,0.659,-0.451,0.758,0.193,0.654,0.364,0.388,-0.002,0.504,-0.653,-0.605,0.845,0.699,0.726,-0.21,0.5,-0.651,0.411,0.428,-0.688,0.781,-0.632,0.789,-0.179,-0.565,0.141,0.796,0.43,-0.505
ADAP,0.614,0.0,0.08,0.403,0.646,-0.103,-0.61,-0.586,0.029,-0.122,0.179,-0.545,0.859,0.636,0.616,0.52,0.368,-0.387,0.821,0.419,0.858,-0.015,0.844,-0.508,0.831,0.799,0.296,0.715,0.631,0.565,0.808,0.64,0.812,0.871,0.804,-0.098,0.551,0.793,0.675,0.751,0.831,-0.065,0.564,0.862,0.557,-0.279,0.552,0.062,0.17,0.624,0.724,0.81,-0.042,0.443,-0.51,0.296,0.426,-0.102,0.488,0.731,0.608,-0.551,0.755,0.722,0.761,0.828,-0.422,0.682,0.119,0.406,0.011,-0.579,0.746,0.722,0.231,0.111,0.732,0.746,0.654,0.723,0.829,-0.46,0.77,-0.644,0.696,0.799,0.793,0.711,0.157,0.723,-0.559,0.821,-0.64,0.751,-0.749,0.737,0.371,-0.512,0.838,0.812,0.723,0.165,-0.587,0.451,0.605,-0.219,0.595,0.172,0.652,0.827,0.546,0.123,0.364,-0.756,-0.584,0.161,-0.474,0.562,0.142,-0.008,0.551,0.467,-0.376,0.802,0.83,0.382,-0.119,0.584,0.809,0.816,0.534,-0.641,0.712,0.014,0.737,0.831,0.809,0.41,0.743,0.702,0.438,0.793,0.81,0.818,0.811,0.172,0.193,-0.228,0.869,-0.691,-0.637,-0.298,-0.486,0.542,0.571,0.475,0.873,0.432,-0.694,0.398,0.788,0.792,0.058,0.493,0.615,0.81,0.83,-0.319,-0.679,-0.171,0.596,0.78,-0.54,0.813,0.509,0.633,0.707,0.535,-0.413,0.61,-0.365,-0.293,0.651,0.81,0.775,0.111,0.823,-0.414,0.535,0.49,-0.344,0.652,-0.65,0.785,0.054,-0.127,0.472,0.495,0.516,-0.09
ADI,-0.113,0.08,0.0,0.566,0.2,-0.152,0.483,0.457,0.854,0.304,0.509,0.293,0.02,0.058,0.023,0.616,0.777,0.251,0.044,0.351,0.072,0.093,0.215,0.362,-0.002,0.269,0.39,-0.002,0.282,0.525,0.099,0.45,0.186,0.07,0.307,0.579,0.157,0.16,0.129,0.159,-0.056,0.63,0.421,0.22,0.337,0.818,0.343,0.613,0.756,-0.001,0.425,-0.05,0.841,-0.531,0.516,0.439,0.353,0.886,0.116,-0.136,-0.172,0.348,0.48,-0.082,0.062,0.108,0.487,0.01,0.559,-0.128,0.017,0.378,0.223,0.413,0.62,0.766,0.154,0.183,0.276,-0.12,-0.059,0.613,0.192,0.322,-0.22,0.183,0.204,0.111,0.635,0.232,-0.076,0.041,0.329,-0.198,-0.003,-0.248,0.712,0.148,0.281,-0.138,0.327,0.743,0.214,0.57,0.328,0.74,0.685,0.872,0.285,0.193,0.481,0.892,0.343,0.185,0.372,0.839,0.481,0.292,-0.017,0.57,0.695,0.591,0.767,0.09,0.322,0.629,0.192,0.492,0.073,0.182,-0.123,0.293,-0.024,0.848,-0.049,0.376,0.21,0.226,0.387,-0.118,-0.185,0.217,0.247,0.047,0.071,0.65,0.887,-0.112,0.018,0.167,0.217,0.54,0.526,0.594,0.394,0.554,-0.013,-0.107,0.408,0.498,0.167,0.117,0.824,0.67,0.098,0.112,0.052,0.702,0.217,0.812,0.362,0.267,0.584,-0.045,0.619,0.342,0.545,0.444,0.103,0.025,0.606,0.732,-0.192,0.175,-0.04,0.861,0.312,0.606,0.372,0.338,0.421,-0.232,0.069,-0.2,0.472,0.645,0.729,-0.123,0.369,0.825
ADPT,-0.054,0.403,0.566,0.0,0.78,-0.22,0.027,0.205,0.737,0.718,0.449,0.192,0.485,0.575,0.255,0.767,0.849,0.48,0.377,0.832,0.416,0.331,0.413,0.33,0.5,0.621,0.857,0.41,0.841,0.872,0.348,0.776,0.562,0.536,0.371,0.542,0.227,0.471,0.364,0.754,0.274,0.752,0.79,0.453,0.812,0.525,0.872,0.868,0.745,0.617,0.616,0.396,0.754,-0.281,0.315,0.837,0.359,0.425,0.548,0.381,-0.038,0.13,0.664,0.286,0.312,0.378,0.517,0.404,0.77,0.504,-0.171,-0.36,0.394,0.815,0.906,0.385,0.736,0.452,0.75,0.147,0.377,0.406,0.531,0.239,0.132,0.57,0.689,0.688,0.901,0.662,-0.081,0.312,0.15,0.215,-0.277,0.202,0.859,0.182,0.643,0.189,0.43,0.747,-0.143,0.564,0.709,0.637,0.806,0.822,0.703,0.421,0.666,0.736,0.481,-0.443,0.044,0.829,0.398,0.776,-0.373,0.429,0.86,0.678,0.496,0.521,0.572,0.849,0.047,0.609,0.53,0.325,0.369,0.029,0.049,0.629,0.373,0.612,0.494,0.71,0.674,0.155,-0.218,0.718,0.629,0.424,0.381,0.773,0.74,-0.576,0.383,-0.127,0.244,0.174,0.393,0.514,0.451,0.919,0.357,-0.178,-0.155,0.719,0.387,0.651,0.618,0.863,0.164,0.624,0.427,0.011,0.209,0.649,0.722,0.521,-0.01,0.358,0.804,0.213,0.812,0.407,-0.483,0.574,0.358,0.458,0.081,0.445,0.451,0.655,0.613,0.516,0.736,0.545,0.576,0.238,0.122,0.234,0.726,0.664,0.752,0.087,0.569,0.651
ADTN,0.253,0.646,0.2,0.78,0.0,-0.181,-0.333,-0.245,0.374,0.463,0.073,-0.338,0.805,0.641,0.439,0.813,0.638,0.123,0.606,0.877,0.733,0.357,0.678,-0.101,0.796,0.851,0.824,0.816,0.933,0.893,0.625,0.899,0.808,0.853,0.585,0.271,0.469,0.78,0.723,0.948,0.676,0.304,0.896,0.719,0.92,0.066,0.885,0.572,0.471,0.896,0.754,0.76,0.367,0.152,-0.065,0.729,0.426,0.033,0.764,0.725,0.357,-0.244,0.789,0.636,0.58,0.68,0.073,0.734,0.496,0.771,-0.064,-0.654,0.663,0.847,0.729,0.105,0.94,0.745,0.701,0.535,0.754,-0.092,0.803,-0.157,0.613,0.775,0.863,0.81,0.662,0.89,-0.401,0.658,-0.343,0.644,-0.665,0.636,0.71,-0.178,0.839,0.611,0.602,0.462,-0.503,0.548,0.916,0.233,0.753,0.509,0.728,0.68,0.819,0.469,0.414,-0.725,-0.422,0.518,-0.104,0.802,-0.191,0.204,0.783,0.696,0.056,0.728,0.806,0.779,0.117,0.728,0.863,0.618,0.74,-0.428,0.421,0.347,0.727,0.785,0.768,0.798,0.818,0.555,0.145,0.877,0.804,0.754,0.729,0.541,0.481,-0.381,0.699,-0.599,-0.18,0.001,-0.098,0.448,0.376,0.848,0.698,0.181,-0.593,0.581,0.71,0.908,0.216,0.69,0.365,0.876,0.741,-0.245,-0.162,0.24,0.729,0.635,-0.465,0.663,0.767,0.284,0.845,0.561,-0.573,0.871,-0.148,0.007,0.466,0.689,0.753,0.409,0.854,0.051,0.831,0.682,0.179,0.611,-0.259,0.642,0.432,0.204,0.597,0.326,0.704,0.224
AGEN,0.072,-0.103,-0.152,-0.22,-0.181,0.0,0.141,0.004,-0.272,-0.028,0.316,0.027,-0.118,-0.205,0.226,-0.217,-0.086,-0.116,-0.071,0.019,-0.041,-0.162,-0.017,-0.066,-0.147,-0.067,-0.253,-0.018,-0.201,-0.215,-0.09,-0.198,-0.118,-0.086,0.009,-0.381,-0.003,-0.081,-0.036,-0.148,-0.01,-0.286,-0.138,-0.034,-0.237,-0.061,-0.221,-0.122,-0.004,-0.282,-0.116,-0.1,-0.229,0.176,0.104,-0.233,0.051,-0.167,-0.07,-0.133,-0.003,-0.151,-0.033,-0.031,-0.142,-0.0,-0.172,0.007,-0.31,-0.095,0.219,0.264,-0.001,-0.318,-0.278,-0.18,-0.189,-0.092,-0.228,0.092,-0.1,-0.176,-0.141,-0.106,-0.048,-0.053,-0.159,-0.015,-0.26,-0.264,0.049,-0.049,-0.077,-0.035,0.147,-0.108,-0.223,-0.145,-0.207,-0.022,0.051,-0.126,-0.098,-0.279,-0.182,-0.198,-0.248,-0.144,-0.247,-0.083,-0.048,-0.114,-0.119,0.253,0.042,-0.22,-0.12,-0.17,0.229,0.053,-0.116,-0.101,-0.095,0.008,-0.107,-0.277,0.161,-0.036,-0.124,0.032,-0.12,0.095,0.064,-0.025,-0.038,-0.15,-0.056,-0.119,-0.189,-0.081,0.496,-0.266,-0.236,-0.06,-0.053,-0.158,-0.096,0.279,-0.05,0.02,-0.012,0.143,-0.249,0.021,-0.234,-0.32,-0.122,0.198,0.047,0.149,-0.134,-0.081,-0.045,-0.214,0.256,-0.12,-0.054,0.01,0.067,-0.213,-0.3,-0.096,0.002,-0.086,-0.234,0.119,-0.158,-0.139,0.337,-0.124,-0.064,-0.092,-0.064,0.052,-0.01,-0.026,-0.026,-0.115,-0.173,0.017,-0.202,-0.133,-0.086,-0.007,0.017,-0.098,-0.1,0.151,-0.183,-0.08
ALGN,-0.385,-0.61,0.483,0.027,-0.333,0.141,0.0,0.626,0.429,0.28,0.184,0.556,-0.595,-0.442,-0.27,0.024,0.223,0.313,-0.529,-0.108,-0.505,-0.07,-0.355,0.525,-0.586,-0.355,0.031,-0.49,-0.264,-0.096,-0.416,-0.267,-0.442,-0.539,-0.293,0.46,-0.101,-0.406,-0.299,-0.453,-0.56,0.35,-0.095,-0.444,-0.244,0.658,-0.205,0.295,0.387,-0.462,-0.261,-0.564,0.449,-0.535,0.608,0.039,0.165,0.536,-0.204,-0.564,-0.398,0.596,-0.243,-0.474,-0.445,-0.444,0.527,-0.384,0.245,-0.372,0.274,0.702,-0.297,-0.357,0.158,0.393,-0.379,-0.364,-0.405,-0.51,-0.578,0.611,-0.395,0.587,-0.595,-0.394,-0.413,-0.424,0.259,-0.366,0.371,-0.458,0.607,-0.613,0.529,-0.638,0.053,0.455,-0.407,-0.604,-0.182,0.332,0.582,0.076,-0.224,0.601,-0.093,0.347,-0.268,-0.403,-0.042,0.409,-0.091,0.818,0.687,0.31,0.561,-0.239,0.035,0.525,-0.017,0.145,0.666,-0.454,-0.379,0.027,0.355,-0.032,-0.521,-0.373,-0.361,0.665,-0.419,0.417,-0.464,-0.36,-0.395,-0.288,-0.256,-0.492,-0.35,-0.582,-0.41,-0.486,-0.483,0.277,0.37,0.338,-0.549,0.556,0.545,0.703,0.569,-0.005,-0.02,-0.029,-0.595,-0.171,0.723,0.073,-0.459,-0.479,0.42,0.06,-0.232,-0.458,-0.515,0.627,0.602,0.542,-0.217,-0.315,0.779,-0.556,0.013,-0.114,-0.161,-0.119,0.656,-0.39,0.538,0.511,-0.466,-0.358,-0.488,0.434,-0.378,0.609,-0.133,0.009,0.421,-0.513,0.456,-0.609,0.198,0.416,0.062,-0.306,-0.098,0.474
ALLK,-0.619,-0.586,0.457,0.205,-0.245,0.004,0.626,0.0,0.511,0.451,0.31,0.737,-0.644,-0.177,-0.636,-0.062,0.248,0.763,-0.627,0.049,-0.689,0.165,-0.653,0.794,-0.627,-0.496,0.136,-0.608,-0.192,-0.059,-0.675,-0.111,-0.561,-0.596,-0.596,0.321,-0.574,-0.61,-0.612,-0.324,-0.767,0.661,-0.193,-0.636,-0.069,0.722,-0.114,0.461,0.291,-0.393,-0.441,-0.679,0.631,-0.715,0.766,0.126,-0.244,0.433,-0.376,-0.668,-0.796,0.799,-0.362,-0.685,-0.656,-0.667,0.854,-0.6,0.391,-0.194,-0.241,0.362,-0.616,-0.217,0.385,0.265,-0.404,-0.585,-0.1,-0.768,-0.728,0.85,-0.512,0.829,-0.706,-0.572,-0.438,-0.357,0.385,-0.424,0.576,-0.725,0.854,-0.788,0.669,-0.777,0.268,0.726,-0.44,-0.814,-0.546,0.378,0.605,-0.176,-0.341,0.679,0.025,0.454,-0.292,-0.673,-0.226,0.426,0.121,0.508,0.646,0.486,0.874,-0.167,-0.447,0.254,0.076,-0.125,0.821,-0.487,-0.486,0.191,-0.05,-0.284,-0.575,-0.686,-0.516,0.754,-0.79,0.566,-0.682,-0.502,-0.536,-0.105,-0.435,-0.77,-0.585,-0.341,-0.502,-0.69,-0.68,0.388,0.401,-0.247,-0.715,0.788,0.787,0.43,0.873,-0.178,-0.281,0.07,-0.751,-0.707,0.759,0.164,-0.597,-0.459,0.415,0.021,-0.59,-0.517,-0.671,0.356,0.848,0.719,-0.222,-0.513,0.658,-0.695,-0.048,-0.519,-0.231,-0.36,0.117,-0.46,0.809,0.77,-0.775,-0.586,-0.555,0.408,-0.453,0.834,-0.226,-0.302,0.795,-0.68,0.708,-0.776,0.347,0.721,0.23,-0.617,-0.3,0.663
AMD,-0.181,0.029,0.854,0.737,0.374,-0.272,0.429,0.511,0.0,0.555,0.381,0.364,0.076,0.237,-0.024,0.668,0.817,0.445,0.021,0.488,0.055,0.333,0.14,0.54,0.082,0.289,0.633,0.053,0.46,0.653,0.094,0.531,0.23,0.129,0.217,0.773,0.126,0.159,0.123,0.323,-0.072,0.776,0.532,0.157,0.546,0.823,0.546,0.763,0.78,0.195,0.39,0.004,0.925,-0.589,0.552,0.629,0.372,0.78,0.235,-0.035,-0.216,0.343,0.42,-0.059,0.064,0.066,0.666,0.086,0.779,0.108,-0.113,0.146,0.159,0.522,0.791,0.664,0.325,0.161,0.385,-0.167,0.0,0.68,0.211,0.506,-0.209,0.176,0.318,0.217,0.861,0.328,0.017,0.019,0.43,-0.176,0.016,-0.18,0.754,0.315,0.357,-0.169,0.251,0.807,0.29,0.682,0.451,0.888,0.671,0.885,0.394,0.144,0.558,0.87,0.275,0.046,0.443,0.894,0.579,0.468,-0.221,0.631,0.686,0.622,0.788,0.133,0.306,0.769,0.24,0.459,0.137,0.08,0.05,0.327,-0.126,0.838,0.009,0.367,0.207,0.478,0.42,-0.115,-0.34,0.332,0.323,0.072,0.051,0.809,0.85,-0.248,0.013,0.189,0.396,0.507,0.648,0.573,0.397,0.733,-0.002,-0.227,0.357,0.616,0.169,0.217,0.821,0.745,-0.031,0.187,0.055,0.488,0.415,0.916,0.474,0.255,0.524,-0.038,0.719,0.138,0.587,0.469,-0.074,0.187,0.575,0.747,-0.162,0.133,0.039,0.837,0.292,0.723,0.499,0.333,0.609,-0.105,0.287,-0.176,0.625,0.67,0.725,-0.107,0.466,0.837
AMWD,-0.301,-0.122,0.304,0.718,0.463,-0.028,0.28,0.451,0.555,0.0,0.328,0.545,0.068,0.304,0.026,0.323,0.49,0.736,-0.009,0.624,-0.0,0.404,-0.059,0.646,0.137,0.178,0.766,0.025,0.495,0.566,-0.029,0.343,0.168,0.072,-0.154,0.604,0.027,0.024,-0.017,0.409,-0.116,0.711,0.495,-0.062,0.478,0.485,0.636,0.786,0.544,0.381,0.169,0.065,0.63,-0.407,0.435,0.784,0.096,0.252,0.465,0.121,-0.251,0.397,0.155,0.041,-0.012,-0.055,0.684,0.12,0.692,0.481,-0.045,-0.133,-0.026,0.378,0.694,0.116,0.433,0.073,0.333,-0.086,0.016,0.513,0.182,0.631,-0.152,0.164,0.314,0.457,0.779,0.268,0.444,-0.085,0.447,-0.09,0.218,-0.062,0.488,0.522,0.182,-0.194,0.083,0.53,0.173,0.214,0.349,0.686,0.292,0.547,0.352,-0.032,0.302,0.469,0.331,-0.097,0.364,0.58,0.594,0.59,-0.439,0.437,0.444,0.342,0.544,0.185,0.014,0.556,0.097,0.241,0.118,-0.16,0.183,0.424,-0.36,0.51,0.105,0.101,0.014,0.51,0.271,-0.14,-0.397,0.272,0.203,0.03,-0.032,0.661,0.46,-0.387,-0.03,0.26,0.658,0.177,0.588,0.104,0.135,0.602,-0.08,-0.32,0.075,0.49,-0.04,0.27,0.48,0.577,-0.063,0.232,0.033,-0.069,0.644,0.589,0.478,0.073,0.114,0.032,0.492,-0.202,0.391,-0.001,-0.295,0.341,0.419,0.429,-0.163,0.013,0.141,0.396,0.123,0.687,0.442,0.281,0.742,0.031,0.609,-0.042,0.809,0.597,0.346,0.01,0.266,0.501
ARDX,-0.01,0.179,0.509,0.449,0.073,0.316,0.184,0.31,0.381,0.328,0.0,0.478,0.034,0.206,0.226,0.161,0.469,0.252,0.182,0.327,0.092,-0.133,0.1,0.335,0.075,0.175,0.21,-0.123,0.185,0.277,0.09,0.207,0.138,0.041,0.106,0.176,0.046,0.022,-0.108,0.155,-0.045,0.475,0.108,0.119,0.149,0.406,0.262,0.496,0.481,-0.059,0.248,-0.004,0.411,-0.322,0.243,0.267,0.091,0.421,0.107,-0.037,-0.174,0.131,0.284,0.002,0.054,0.074,0.37,0.015,0.371,-0.174,0.024,0.179,0.093,0.235,0.286,0.441,0.102,0.064,0.282,-0.056,-0.075,0.348,0.074,0.173,-0.266,0.213,0.184,0.348,0.345,0.046,0.188,0.014,0.235,-0.131,0.194,-0.174,0.367,0.242,0.16,-0.1,0.224,0.429,0.048,0.133,0.025,0.374,0.336,0.485,0.241,0.114,0.111,0.425,0.393,0.001,0.305,0.437,0.342,0.35,-0.066,0.284,0.441,0.183,0.368,0.244,0.105,0.268,-0.156,0.191,0.005,0.103,-0.235,0.396,-0.092,0.404,0.015,0.179,0.091,0.072,0.19,-0.14,-0.002,0.18,0.169,0.003,0.046,0.388,0.51,-0.294,0.102,0.289,0.283,0.034,0.295,0.375,0.324,0.225,-0.011,-0.16,0.138,0.56,-0.009,0.143,0.634,0.524,0.17,0.089,0.058,0.128,0.17,0.35,0.321,0.262,0.23,0.1,0.262,0.276,0.333,0.032,-0.077,-0.024,0.521,0.383,-0.171,0.161,0.08,0.36,0.163,0.373,0.18,0.172,0.281,-0.147,0.147,-0.057,0.586,0.593,0.52,0.091,0.089,0.52
ARQT,-0.542,-0.545,0.293,0.192,-0.338,0.027,0.556,0.737,0.364,0.545,0.478,0.0,-0.639,-0.103,-0.388,-0.288,0.111,0.668,-0.527,-0.054,-0.629,0.109,-0.611,0.864,-0.525,-0.526,0.095,-0.75,-0.246,-0.106,-0.541,-0.343,-0.487,-0.638,-0.619,0.409,-0.431,-0.67,-0.704,-0.349,-0.738,0.663,-0.264,-0.645,-0.217,0.553,-0.037,0.435,0.24,-0.414,-0.405,-0.618,0.469,-0.751,0.542,0.2,-0.212,0.36,-0.225,-0.569,-0.671,0.635,-0.429,-0.55,-0.534,-0.671,0.788,-0.575,0.463,-0.326,-0.048,0.398,-0.602,-0.247,0.183,0.271,-0.333,-0.588,-0.111,-0.665,-0.682,0.764,-0.55,0.771,-0.821,-0.479,-0.386,-0.192,0.322,-0.481,0.795,-0.655,0.861,-0.721,0.838,-0.708,0.033,0.741,-0.456,-0.779,-0.423,0.347,0.683,-0.198,-0.422,0.632,-0.2,0.25,-0.283,-0.594,-0.38,0.221,0.131,0.499,0.784,0.296,0.792,-0.056,-0.333,0.324,-0.078,-0.254,0.603,-0.433,-0.621,-0.045,-0.112,-0.355,-0.638,-0.672,-0.57,0.914,-0.794,0.335,-0.567,-0.496,-0.635,-0.213,-0.375,-0.712,-0.656,-0.387,-0.413,-0.638,-0.667,0.313,0.235,-0.198,-0.598,0.894,0.891,0.159,0.826,-0.158,-0.025,-0.02,-0.675,-0.611,0.658,0.134,-0.67,-0.478,0.506,0.145,-0.485,-0.517,-0.625,0.177,0.784,0.533,-0.074,-0.367,0.604,-0.539,-0.082,-0.414,-0.239,-0.458,0.101,-0.492,0.789,0.56,-0.679,-0.594,-0.529,0.166,-0.56,0.776,-0.226,-0.342,0.703,-0.59,0.845,-0.659,0.557,0.648,0.007,-0.35,-0.309,0.502
ASTE,0.635,0.859,0.02,0.485,0.805,-0.118,-0.595,-0.644,0.076,0.068,0.034,-0.639,0.0,0.61,0.721,0.631,0.357,-0.315,0.914,0.587,0.968,0.053,0.893,-0.548,0.968,0.923,0.521,0.917,0.797,0.696,0.868,0.757,0.934,0.965,0.789,0.032,0.704,0.943,0.862,0.876,0.951,-0.107,0.738,0.92,0.703,-0.329,0.701,0.176,0.255,0.868,0.838,0.969,-0.039,0.536,-0.516,0.47,0.408,-0.125,0.732,0.941,0.733,-0.579,0.816,0.874,0.878,0.94,-0.433,0.896,0.135,0.661,0.036,-0.631,0.864,0.809,0.32,-0.022,0.881,0.912,0.617,0.87,0.973,-0.544,0.933,-0.539,0.883,0.928,0.928,0.845,0.275,0.909,-0.6,0.922,-0.749,0.929,-0.872,0.918,0.409,-0.513,0.917,0.933,0.778,0.101,-0.73,0.559,0.819,-0.2,0.612,0.194,0.818,0.923,0.706,0.132,0.312,-0.859,-0.656,0.173,-0.531,0.759,0.152,0.037,0.584,0.609,-0.383,0.882,0.886,0.519,-0.014,0.695,0.974,0.873,0.817,-0.743,0.79,-0.003,0.916,0.895,0.926,0.635,0.874,0.873,0.505,0.886,0.919,0.952,0.953,0.227,0.17,-0.212,0.942,-0.852,-0.628,-0.293,-0.545,0.475,0.513,0.583,0.965,0.53,-0.858,0.412,0.924,0.948,-0.026,0.555,0.707,0.959,0.952,-0.355,-0.619,-0.192,0.747,0.806,-0.68,0.937,0.613,0.605,0.798,0.631,-0.503,0.896,-0.532,-0.37,0.814,0.899,0.912,0.103,0.904,-0.435,0.754,0.71,-0.321,0.849,-0.62,0.926,0.127,-0.209,0.427,0.634,0.645,-0.168
AUPH,0.248,0.636,0.058,0.575,0.641,-0.205,-0.442,-0.177,0.237,0.304,0.206,-0.103,0.61,0.0,0.313,0.382,0.356,0.121,0.536,0.524,0.519,0.227,0.445,0.043,0.643,0.553,0.513,0.45,0.673,0.586,0.489,0.58,0.597,0.585,0.336,0.169,0.257,0.453,0.342,0.726,0.475,0.286,0.511,0.469,0.638,-0.054,0.656,0.347,0.207,0.634,0.444,0.576,0.19,0.162,-0.221,0.475,0.181,-0.132,0.431,0.573,0.222,-0.261,0.462,0.46,0.479,0.473,0.076,0.477,0.431,0.552,-0.255,-0.604,0.381,0.661,0.413,-0.043,0.678,0.408,0.628,0.391,0.53,-0.116,0.526,-0.12,0.407,0.519,0.677,0.702,0.435,0.544,-0.186,0.465,-0.17,0.464,-0.337,0.489,0.399,-0.048,0.642,0.437,0.367,0.259,-0.239,0.345,0.517,0.124,0.474,0.246,0.612,0.452,0.388,0.138,0.341,-0.668,-0.29,0.314,-0.026,0.678,-0.231,0.046,0.501,0.296,-0.087,0.6,0.485,0.477,-0.228,0.322,0.591,0.371,0.428,-0.25,0.228,0.152,0.499,0.533,0.477,0.499,0.557,0.373,0.052,0.715,0.623,0.531,0.484,0.346,0.188,-0.49,0.543,-0.278,-0.085,-0.343,-0.036,0.335,0.397,0.555,0.551,0.036,-0.51,0.432,0.453,0.666,0.172,0.522,0.258,0.638,0.52,-0.495,-0.149,0.09,0.608,0.561,-0.422,0.56,0.497,0.164,0.558,0.278,-0.623,0.545,-0.074,-0.077,0.329,0.447,0.622,0.098,0.538,-0.007,0.51,0.303,0.132,0.492,-0.098,0.5,0.382,0.159,0.419,0.28,0.365,0.095
AVXL,0.751,0.616,0.023,0.255,0.439,0.226,-0.27,-0.636,-0.024,0.026,0.226,-0.388,0.721,0.313,0.0,0.386,0.235,-0.478,0.798,0.354,0.819,-0.14,0.818,-0.449,0.731,0.752,0.303,0.653,0.535,0.467,0.834,0.352,0.753,0.663,0.715,0.112,0.82,0.762,0.757,0.519,0.81,-0.285,0.532,0.764,0.374,-0.296,0.487,0.099,0.334,0.511,0.747,0.768,-0.202,0.476,-0.471,0.273,0.547,0.004,0.684,0.739,0.791,-0.678,0.611,0.811,0.775,0.804,-0.486,0.801,0.049,0.32,0.455,-0.14,0.833,0.416,-0.005,0.053,0.604,0.786,0.262,0.827,0.768,-0.564,0.679,-0.499,0.638,0.795,0.734,0.71,0.062,0.637,-0.377,0.823,-0.651,0.789,-0.571,0.714,0.049,-0.487,0.681,0.796,0.845,0.043,-0.491,0.543,0.58,-0.173,0.256,0.024,0.599,0.823,0.566,0.017,0.13,-0.444,-0.271,-0.073,-0.586,0.584,0.519,0.272,0.305,0.579,-0.42,0.752,0.607,0.198,0.252,0.676,0.703,0.822,0.636,-0.434,0.818,-0.089,0.813,0.707,0.719,0.405,0.724,0.806,0.642,0.493,0.75,0.812,0.801,0.174,0.04,0.21,0.815,-0.628,-0.488,-0.216,-0.572,0.493,0.618,0.269,0.787,0.766,-0.633,0.338,0.735,0.672,0.108,0.456,0.843,0.682,0.79,-0.1,-0.494,-0.312,0.578,0.771,-0.375,0.809,0.454,0.777,0.604,0.546,-0.058,0.641,-0.501,-0.447,0.792,0.794,0.745,0.006,0.655,-0.459,0.603,0.63,-0.507,0.746,-0.528,0.802,0.152,-0.348,0.202,0.88,0.565,-0.262
AZTA,0.215,0.52,0.616,0.767,0.813,-0.217,0.024,-0.062,0.668,0.323,0.161,-0.288,0.631,0.382,0.386,0.0,0.845,0.013,0.481,0.772,0.628,0.234,0.692,-0.055,0.587,0.811,0.731,0.695,0.816,0.879,0.571,0.887,0.713,0.716,0.698,0.455,0.522,0.752,0.737,0.726,0.547,0.373,0.874,0.722,0.837,0.402,0.749,0.632,0.706,0.646,0.816,0.569,0.596,-0.07,0.154,0.627,0.602,0.474,0.607,0.482,0.29,-0.103,0.858,0.479,0.505,0.628,0.163,0.616,0.532,0.428,0.056,-0.261,0.703,0.78,0.782,0.493,0.74,0.718,0.573,0.366,0.582,0.132,0.7,-0.085,0.415,0.7,0.724,0.571,0.72,0.81,-0.527,0.586,-0.228,0.441,-0.629,0.397,0.827,-0.181,0.787,0.47,0.659,0.655,-0.32,0.772,0.889,0.464,0.897,0.768,0.669,0.67,0.932,0.776,0.369,-0.397,-0.183,0.719,0.013,0.643,0.008,0.441,0.877,0.892,0.35,0.587,0.837,0.856,0.331,0.865,0.72,0.661,0.568,-0.3,0.455,0.6,0.559,0.809,0.764,0.704,0.813,0.446,0.14,0.711,0.73,0.65,0.646,0.651,0.769,-0.16,0.571,-0.508,-0.187,0.372,0.05,0.639,0.481,0.85,0.565,0.231,-0.245,0.655,0.684,0.721,0.489,0.762,0.349,0.707,0.627,0.265,-0.134,0.514,0.652,0.637,-0.038,0.484,0.846,0.472,0.885,0.736,-0.226,0.678,0.059,0.284,0.347,0.679,0.545,0.729,0.831,0.211,0.819,0.734,0.179,0.385,-0.35,0.415,0.374,0.33,0.794,0.214,0.771,0.494
BAND,-0.068,0.368,0.777,0.849,0.638,-0.086,0.223,0.248,0.817,0.49,0.469,0.111,0.357,0.356,0.235,0.845,0.0,0.306,0.26,0.729,0.346,0.332,0.449,0.278,0.313,0.58,0.672,0.37,0.668,0.809,0.306,0.746,0.466,0.456,0.519,0.521,0.23,0.444,0.384,0.592,0.226,0.665,0.746,0.479,0.691,0.695,0.699,0.775,0.811,0.366,0.633,0.247,0.817,-0.37,0.47,0.663,0.503,0.623,0.373,0.165,-0.069,0.085,0.722,0.142,0.198,0.35,0.458,0.29,0.71,0.284,-0.094,-0.088,0.404,0.704,0.851,0.596,0.56,0.403,0.616,0.086,0.265,0.486,0.444,0.145,0.032,0.458,0.561,0.46,0.83,0.557,-0.218,0.279,0.156,0.086,-0.277,0.04,0.884,0.041,0.576,0.122,0.488,0.871,-0.032,0.649,0.64,0.671,0.852,0.91,0.503,0.405,0.744,0.902,0.328,-0.182,0.139,0.889,0.369,0.571,-0.219,0.532,0.896,0.773,0.622,0.384,0.626,0.824,0.221,0.68,0.416,0.395,0.182,0.054,0.132,0.79,0.233,0.634,0.482,0.582,0.627,0.074,-0.129,0.564,0.524,0.356,0.32,0.789,0.898,-0.322,0.293,-0.129,0.154,0.469,0.372,0.719,0.426,0.847,0.274,-0.087,0.091,0.676,0.385,0.494,0.758,0.819,0.213,0.478,0.33,0.36,0.171,0.756,0.544,0.467,0.281,0.193,0.828,0.367,0.797,0.585,-0.169,0.386,0.454,0.632,-0.005,0.425,0.275,0.858,0.624,0.544,0.636,0.532,0.467,0.033,-0.007,0.08,0.594,0.65,0.843,0.037,0.614,0.807
BECN,-0.657,-0.387,0.251,0.48,0.123,-0.116,0.313,0.763,0.445,0.736,0.252,0.668,-0.315,0.121,-0.478,0.013,0.306,0.0,-0.366,0.342,-0.447,0.33,-0.516,0.737,-0.288,-0.265,0.428,-0.329,0.151,0.192,-0.55,0.113,-0.288,-0.307,-0.548,0.314,-0.539,-0.39,-0.459,0.077,-0.532,0.774,0.093,-0.472,0.19,0.565,0.252,0.651,0.301,0.028,-0.266,-0.386,0.627,-0.564,0.677,0.494,-0.321,0.199,-0.085,-0.316,-0.7,0.661,-0.186,-0.462,-0.484,-0.468,0.838,-0.376,0.518,0.271,-0.471,-0.062,-0.495,0.11,0.583,-0.023,-0.019,-0.386,0.256,-0.518,-0.426,0.741,-0.209,0.784,-0.439,-0.311,-0.104,0.027,0.561,-0.121,0.587,-0.555,0.725,-0.502,0.459,-0.477,0.434,0.65,-0.241,-0.584,-0.462,0.37,0.318,-0.191,-0.084,0.595,0.159,0.454,0.001,-0.487,-0.124,0.376,0.221,0.071,0.367,0.557,0.829,0.183,-0.765,0.145,0.246,-0.087,0.7,-0.271,-0.304,0.368,-0.242,-0.185,-0.264,-0.583,-0.228,0.538,-0.744,0.472,-0.428,-0.301,-0.372,0.189,-0.187,-0.595,-0.708,0.031,-0.233,-0.447,-0.467,0.435,0.34,-0.613,-0.497,0.571,0.786,0.164,0.792,-0.199,-0.285,0.346,-0.486,-0.776,0.371,0.156,-0.408,-0.118,0.318,0.208,-0.499,-0.162,-0.439,-0.036,0.793,0.63,0.071,-0.375,0.268,-0.419,0.157,-0.582,-0.014,-0.313,-0.325,-0.088,0.699,0.639,-0.613,-0.435,-0.28,0.327,-0.231,0.788,0.023,-0.116,0.924,-0.4,0.775,-0.494,0.54,0.764,0.192,-0.504,-0.176,0.584
BFC,0.739,0.821,0.044,0.377,0.606,-0.071,-0.529,-0.627,0.021,-0.009,0.182,-0.527,0.914,0.536,0.798,0.481,0.26,-0.366,0.0,0.425,0.934,-0.18,0.859,-0.566,0.906,0.827,0.393,0.762,0.659,0.571,0.858,0.594,0.894,0.84,0.724,0.006,0.755,0.869,0.78,0.71,0.906,-0.163,0.598,0.852,0.522,-0.365,0.568,0.119,0.231,0.741,0.772,0.917,-0.124,0.569,-0.606,0.39,0.354,-0.069,0.655,0.9,0.783,-0.536,0.712,0.861,0.904,0.929,-0.478,0.822,0.064,0.506,0.098,-0.463,0.84,0.678,0.149,-0.01,0.741,0.858,0.519,0.873,0.899,-0.58,0.88,-0.51,0.828,0.887,0.866,0.797,0.137,0.801,-0.499,0.895,-0.736,0.892,-0.769,0.854,0.265,-0.474,0.834,0.899,0.777,-0.024,-0.725,0.519,0.661,-0.244,0.5,0.12,0.793,0.897,0.55,0.034,0.35,-0.777,-0.586,0.088,-0.543,0.71,0.257,0.066,0.478,0.536,-0.416,0.862,0.764,0.38,-0.1,0.622,0.868,0.851,0.726,-0.645,0.785,-0.094,0.871,0.814,0.863,0.459,0.815,0.862,0.522,0.77,0.872,0.888,0.905,0.16,0.099,-0.152,0.908,-0.732,-0.636,-0.382,-0.55,0.408,0.608,0.421,0.921,0.578,-0.819,0.341,0.869,0.84,-0.031,0.523,0.775,0.878,0.907,-0.335,-0.644,-0.276,0.759,0.829,-0.615,0.945,0.515,0.681,0.707,0.546,-0.385,0.767,-0.515,-0.433,0.816,0.869,0.87,0.008,0.789,-0.497,0.69,0.685,-0.392,0.827,-0.62,0.895,0.073,-0.227,0.37,0.707,0.544,-0.25
BGC,0.052,0.419,0.351,0.832,0.877,0.019,-0.108,0.049,0.488,0.624,0.327,-0.054,0.587,0.524,0.354,0.772,0.729,0.342,0.425,0.0,0.532,0.345,0.487,0.169,0.595,0.713,0.846,0.633,0.848,0.866,0.414,0.843,0.657,0.644,0.398,0.31,0.319,0.593,0.532,0.818,0.449,0.461,0.796,0.53,0.869,0.295,0.849,0.782,0.588,0.735,0.654,0.542,0.525,-0.081,0.203,0.737,0.334,0.175,0.695,0.511,0.125,-0.057,0.71,0.455,0.359,0.478,0.326,0.579,0.559,0.645,-0.042,-0.429,0.506,0.728,0.798,0.211,0.772,0.58,0.598,0.319,0.499,0.143,0.617,0.091,0.362,0.632,0.719,0.764,0.742,0.717,-0.202,0.436,-0.102,0.412,-0.414,0.376,0.763,0.023,0.667,0.365,0.466,0.586,-0.344,0.445,0.789,0.436,0.723,0.647,0.602,0.49,0.763,0.611,0.488,-0.522,-0.184,0.636,0.157,0.773,-0.258,0.304,0.805,0.665,0.306,0.593,0.638,0.799,0.139,0.678,0.67,0.44,0.551,-0.136,0.194,0.518,0.529,0.617,0.597,0.756,0.686,0.314,0.076,0.739,0.628,0.549,0.546,0.628,0.634,-0.416,0.494,-0.342,0.096,0.114,0.133,0.414,0.263,0.805,0.455,0.025,-0.365,0.672,0.51,0.767,0.414,0.712,0.241,0.694,0.534,-0.103,0.111,0.415,0.653,0.492,-0.272,0.47,0.742,0.197,0.774,0.43,-0.513,0.716,0.135,0.235,0.212,0.54,0.578,0.517,0.722,0.301,0.782,0.614,0.374,0.363,-0.063,0.409,0.626,0.446,0.66,0.223,0.595,0.448
BHF,0.733,0.858,0.072,0.416,0.733,-0.041,-0.505,-0.689,0.055,-0.0,0.092,-0.629,0.968,0.519,0.819,0.628,0.346,-0.447,0.934,0.532,0.0,-0.039,0.954,-0.582,0.951,0.934,0.462,0.891,0.737,0.67,0.933,0.695,0.953,0.939,0.848,0.045,0.82,0.964,0.905,0.796,0.977,-0.182,0.721,0.955,0.631,-0.33,0.645,0.134,0.287,0.791,0.88,0.969,-0.081,0.538,-0.552,0.42,0.498,-0.05,0.761,0.923,0.823,-0.612,0.834,0.92,0.922,0.972,-0.499,0.918,0.094,0.534,0.215,-0.484,0.94,0.728,0.234,0.074,0.839,0.955,0.52,0.912,0.97,-0.582,0.933,-0.588,0.863,0.957,0.9,0.817,0.208,0.883,-0.618,0.971,-0.793,0.938,-0.856,0.904,0.344,-0.552,0.91,0.956,0.875,0.098,-0.714,0.601,0.803,-0.198,0.574,0.173,0.781,0.974,0.726,0.143,0.319,-0.751,-0.605,0.125,-0.604,0.712,0.324,0.123,0.558,0.655,-0.404,0.893,0.881,0.454,0.087,0.753,0.952,0.946,0.797,-0.698,0.868,-0.012,0.949,0.911,0.942,0.557,0.897,0.915,0.594,0.801,0.921,0.975,0.985,0.215,0.19,-0.037,0.977,-0.851,-0.669,-0.239,-0.597,0.514,0.601,0.513,0.974,0.664,-0.822,0.421,0.943,0.912,0.021,0.564,0.789,0.928,0.974,-0.247,-0.672,-0.23,0.74,0.862,-0.611,0.961,0.603,0.726,0.801,0.666,-0.345,0.851,-0.547,-0.417,0.856,0.942,0.9,0.117,0.906,-0.477,0.748,0.759,-0.423,0.849,-0.695,0.943,0.108,-0.26,0.419,0.719,0.681,-0.198
BHFAL,-0.202,-0.015,0.093,0.331,0.357,-0.162,-0.07,0.165,0.333,0.404,-0.133,0.109,0.053,0.227,-0.14,0.234,0.332,0.33,-0.18,0.345,-0.039,0.0,-0.049,0.394,0.053,0.115,0.398,0.127,0.27,0.395,-0.027,0.311,0.074,0.126,0.017,0.286,-0.141,-0.01,-0.011,0.365,-0.047,0.351,0.295,0.016,0.446,0.238,0.465,0.312,0.206,0.199,0.123,-0.0,0.392,-0.345,0.352,0.375,0.159,-0.005,0.239,-0.013,-0.179,0.003,0.132,-0.044,-0.119,-0.115,0.333,0.093,0.508,0.35,-0.142,-0.257,-0.083,0.269,0.459,0.034,0.291,0.001,0.292,-0.078,0.047,0.298,0.038,0.268,-0.081,-0.015,0.184,0.144,0.457,0.18,0.156,-0.058,0.256,-0.058,0.068,-0.022,0.322,0.136,0.157,-0.121,-0.001,0.487,0.224,0.201,0.268,0.362,0.188,0.285,-0.043,-0.046,0.297,0.282,-0.035,-0.109,0.197,0.338,0.28,0.244,-0.341,0.158,0.231,0.159,0.237,0.023,0.104,0.365,0.246,0.103,0.095,-0.121,0.067,0.131,-0.188,0.444,0.006,0.158,-0.017,0.477,0.145,-0.099,-0.255,0.242,0.129,0.027,-0.047,0.539,0.261,-0.14,-0.023,0.053,0.372,0.147,0.309,0.283,-0.079,0.431,-0.016,-0.184,0.12,0.123,0.084,0.16,0.278,0.256,-0.187,0.078,-0.011,-0.023,0.375,0.406,0.13,-0.032,0.079,-0.109,0.406,-0.231,0.234,0.249,-0.295,0.192,0.189,0.381,-0.118,-0.132,-0.006,0.278,0.133,0.399,0.217,-0.05,0.341,-0.042,0.364,-0.05,0.441,0.157,0.178,0.012,0.365,0.339
BKNG,0.702,0.844,0.215,0.413,0.678,-0.017,-0.355,-0.653,0.14,-0.059,0.1,-0.611,0.893,0.445,0.818,0.692,0.449,-0.516,0.859,0.487,0.954,-0.049,0.0,-0.557,0.856,0.924,0.403,0.84,0.686,0.669,0.931,0.661,0.909,0.897,0.939,0.113,0.83,0.94,0.909,0.721,0.931,-0.16,0.732,0.973,0.581,-0.182,0.596,0.127,0.369,0.665,0.893,0.883,-0.001,0.468,-0.449,0.361,0.637,0.084,0.686,0.808,0.788,-0.588,0.873,0.844,0.863,0.953,-0.483,0.855,0.115,0.405,0.297,-0.336,0.953,0.7,0.244,0.226,0.78,0.919,0.488,0.856,0.906,-0.501,0.872,-0.621,0.767,0.921,0.847,0.717,0.227,0.832,-0.663,0.958,-0.725,0.853,-0.829,0.806,0.367,-0.577,0.891,0.902,0.935,0.227,-0.613,0.683,0.794,-0.114,0.606,0.262,0.725,0.976,0.776,0.254,0.287,-0.589,-0.5,0.188,-0.554,0.62,0.413,0.236,0.59,0.74,-0.313,0.836,0.904,0.442,0.213,0.804,0.885,0.974,0.703,-0.653,0.891,0.085,0.879,0.935,0.924,0.496,0.896,0.866,0.586,0.715,0.885,0.946,0.94,0.26,0.289,0.076,0.932,-0.816,-0.67,-0.057,-0.553,0.644,0.684,0.524,0.927,0.712,-0.673,0.428,0.902,0.839,0.132,0.583,0.822,0.873,0.933,-0.052,-0.663,-0.131,0.655,0.878,-0.429,0.872,0.639,0.842,0.818,0.724,-0.167,0.747,-0.476,-0.311,0.812,0.94,0.823,0.243,0.905,-0.414,0.725,0.742,-0.441,0.744,-0.725,0.852,0.079,-0.227,0.467,0.676,0.705,-0.085
BL,-0.571,-0.508,0.362,0.33,-0.101,-0.066,0.525,0.794,0.54,0.646,0.335,0.864,-0.548,0.043,-0.449,-0.055,0.278,0.737,-0.566,0.169,-0.582,0.394,-0.557,0.0,-0.444,-0.394,0.322,-0.573,-0.061,0.116,-0.481,-0.087,-0.386,-0.503,-0.542,0.551,-0.412,-0.571,-0.58,-0.164,-0.674,0.724,-0.089,-0.572,0.073,0.667,0.161,0.575,0.314,-0.244,-0.324,-0.536,0.634,-0.797,0.655,0.29,-0.1,0.361,-0.087,-0.5,-0.661,0.599,-0.322,-0.49,-0.515,-0.64,0.909,-0.444,0.649,-0.128,-0.092,0.273,-0.541,-0.115,0.419,0.325,-0.176,-0.511,-0.062,-0.659,-0.596,0.827,-0.462,0.838,-0.728,-0.445,-0.268,-0.136,0.526,-0.323,0.703,-0.587,0.895,-0.667,0.755,-0.639,0.204,0.795,-0.297,-0.744,-0.381,0.526,0.706,-0.021,-0.2,0.802,-0.05,0.385,-0.224,-0.556,-0.133,0.371,0.125,0.412,0.788,0.446,0.843,0.047,-0.392,0.367,0.058,-0.071,0.704,-0.354,-0.477,0.208,0.076,-0.23,-0.493,-0.635,-0.415,0.884,-0.774,0.532,-0.483,-0.385,-0.527,0.045,-0.27,-0.645,-0.64,-0.24,-0.313,-0.543,-0.589,0.5,0.384,-0.216,-0.542,0.81,0.945,0.264,0.899,-0.013,-0.057,0.191,-0.615,-0.598,0.653,0.272,-0.554,-0.341,0.592,0.234,-0.545,-0.412,-0.559,0.2,0.894,0.707,-0.021,-0.324,0.577,-0.536,0.119,-0.473,-0.108,-0.278,-0.023,-0.338,0.77,0.68,-0.637,-0.558,-0.445,0.307,-0.42,0.88,-0.08,-0.329,0.776,-0.513,0.867,-0.619,0.665,0.668,0.182,-0.353,-0.098,0.635
BOKF,0.657,0.831,-0.002,0.5,0.796,-0.147,-0.586,-0.627,0.082,0.137,0.075,-0.525,0.968,0.643,0.731,0.587,0.313,-0.288,0.906,0.595,0.951,0.053,0.856,-0.444,0.0,0.891,0.569,0.855,0.796,0.707,0.882,0.724,0.948,0.923,0.715,0.11,0.742,0.897,0.814,0.861,0.92,-0.062,0.709,0.865,0.714,-0.341,0.744,0.224,0.238,0.889,0.817,0.975,-0.035,0.471,-0.561,0.513,0.395,-0.114,0.801,0.961,0.75,-0.552,0.765,0.909,0.9,0.896,-0.367,0.904,0.212,0.629,0.101,-0.604,0.838,0.786,0.306,0.011,0.898,0.894,0.576,0.845,0.95,-0.52,0.914,-0.453,0.831,0.92,0.933,0.885,0.305,0.889,-0.495,0.914,-0.694,0.922,-0.78,0.917,0.364,-0.415,0.914,0.9,0.771,0.102,-0.683,0.557,0.806,-0.14,0.557,0.154,0.812,0.904,0.675,0.101,0.36,-0.855,-0.59,0.152,-0.508,0.81,0.179,0.074,0.543,0.575,-0.39,0.874,0.81,0.5,-0.03,0.675,0.945,0.828,0.823,-0.63,0.725,-0.023,0.941,0.861,0.884,0.608,0.875,0.87,0.461,0.871,0.932,0.938,0.94,0.24,0.162,-0.206,0.951,-0.767,-0.536,-0.369,-0.482,0.438,0.574,0.57,0.949,0.516,-0.864,0.455,0.887,0.942,0.019,0.6,0.655,0.937,0.929,-0.402,-0.567,-0.19,0.817,0.84,-0.69,0.964,0.612,0.557,0.783,0.582,-0.54,0.891,-0.504,-0.411,0.814,0.858,0.92,0.049,0.848,-0.401,0.769,0.682,-0.288,0.873,-0.53,0.935,0.221,-0.188,0.397,0.678,0.64,-0.186
BRKR,0.585,0.799,0.269,0.621,0.851,-0.067,-0.355,-0.496,0.289,0.178,0.175,-0.526,0.923,0.553,0.752,0.811,0.58,-0.265,0.827,0.713,0.934,0.115,0.924,-0.394,0.891,0.0,0.627,0.897,0.867,0.828,0.869,0.829,0.939,0.941,0.857,0.207,0.745,0.958,0.907,0.871,0.889,0.038,0.852,0.947,0.795,-0.062,0.772,0.375,0.499,0.804,0.93,0.895,0.182,0.365,-0.285,0.558,0.605,0.116,0.783,0.828,0.668,-0.483,0.917,0.822,0.814,0.918,-0.262,0.891,0.295,0.569,0.193,-0.47,0.927,0.81,0.49,0.198,0.887,0.937,0.618,0.778,0.903,-0.359,0.913,-0.448,0.749,0.948,0.918,0.839,0.442,0.926,-0.61,0.89,-0.613,0.823,-0.821,0.779,0.563,-0.441,0.934,0.844,0.87,0.343,-0.614,0.704,0.92,0.056,0.737,0.432,0.811,0.925,0.871,0.402,0.395,-0.692,-0.462,0.363,-0.393,0.773,0.194,0.259,0.738,0.801,-0.141,0.875,0.937,0.661,0.236,0.87,0.953,0.904,0.779,-0.585,0.776,0.244,0.885,0.942,0.937,0.723,0.934,0.798,0.472,0.846,0.924,0.927,0.934,0.425,0.422,-0.11,0.903,-0.774,-0.488,-0.022,-0.391,0.634,0.6,0.705,0.893,0.553,-0.677,0.56,0.91,0.945,0.228,0.693,0.697,0.933,0.93,-0.089,-0.484,0.034,0.744,0.841,-0.458,0.852,0.759,0.672,0.906,0.73,-0.349,0.869,-0.346,-0.179,0.726,0.928,0.878,0.372,0.959,-0.236,0.849,0.793,-0.214,0.755,-0.585,0.825,0.268,-0.044,0.59,0.596,0.781,0.067
CACC,0.104,0.296,0.39,0.857,0.824,-0.253,0.031,0.136,0.633,0.766,0.21,0.095,0.521,0.513,0.303,0.731,0.672,0.428,0.393,0.846,0.462,0.398,0.403,0.322,0.569,0.627,0.0,0.496,0.845,0.89,0.427,0.755,0.604,0.538,0.272,0.63,0.403,0.511,0.474,0.757,0.354,0.571,0.8,0.406,0.861,0.336,0.893,0.814,0.659,0.776,0.591,0.516,0.602,-0.173,0.157,0.858,0.348,0.26,0.769,0.536,0.153,0.112,0.554,0.463,0.413,0.395,0.454,0.571,0.758,0.679,0.043,-0.395,0.442,0.718,0.839,0.255,0.792,0.549,0.518,0.27,0.471,0.241,0.601,0.317,0.303,0.576,0.72,0.707,0.851,0.752,0.006,0.398,0.038,0.358,-0.279,0.366,0.689,0.274,0.67,0.272,0.437,0.576,-0.147,0.596,0.772,0.602,0.634,0.637,0.69,0.439,0.699,0.573,0.462,-0.467,0.027,0.652,0.262,0.843,-0.233,0.465,0.703,0.711,0.36,0.563,0.5,0.84,0.181,0.615,0.599,0.311,0.613,0.028,0.103,0.525,0.529,0.552,0.524,0.767,0.684,0.337,-0.123,0.67,0.663,0.492,0.465,0.779,0.588,-0.36,0.427,-0.196,0.246,0.115,0.305,0.349,0.426,0.861,0.393,0.006,-0.285,0.646,0.47,0.695,0.438,0.78,0.191,0.652,0.477,-0.084,0.274,0.513,0.778,0.475,-0.157,0.449,0.776,0.139,0.749,0.392,-0.463,0.733,0.133,0.256,0.273,0.45,0.548,0.475,0.567,0.412,0.813,0.607,0.48,0.457,0.166,0.375,0.697,0.433,0.611,0.289,0.647,0.416
CAR,0.538,0.715,-0.002,0.41,0.816,-0.018,-0.49,-0.608,0.053,0.025,-0.123,-0.75,0.917,0.45,0.653,0.695,0.37,-0.329,0.762,0.633,0.891,0.127,0.84,-0.573,0.855,0.897,0.496,0.0,0.768,0.662,0.767,0.771,0.855,0.922,0.766,-0.022,0.643,0.94,0.926,0.821,0.912,-0.205,0.761,0.879,0.709,-0.266,0.63,0.162,0.262,0.822,0.799,0.885,-0.046,0.55,-0.348,0.39,0.426,-0.13,0.697,0.842,0.686,-0.589,0.809,0.787,0.734,0.882,-0.437,0.879,0.048,0.682,0.047,-0.544,0.85,0.691,0.334,-0.082,0.813,0.884,0.498,0.809,0.909,-0.53,0.869,-0.527,0.886,0.847,0.833,0.707,0.251,0.877,-0.706,0.848,-0.762,0.886,-0.912,0.85,0.422,-0.588,0.824,0.889,0.712,0.097,-0.736,0.518,0.856,-0.203,0.594,0.193,0.682,0.848,0.8,0.189,0.164,-0.735,-0.681,0.161,-0.555,0.621,0.156,0.004,0.568,0.652,-0.317,0.772,0.886,0.541,0.172,0.743,0.951,0.848,0.844,-0.78,0.792,0.036,0.85,0.834,0.895,0.664,0.809,0.822,0.561,0.791,0.805,0.907,0.912,0.199,0.186,-0.089,0.841,-0.92,-0.625,-0.113,-0.583,0.444,0.304,0.556,0.88,0.555,-0.784,0.336,0.894,0.893,-0.081,0.429,0.625,0.886,0.88,-0.22,-0.555,-0.176,0.579,0.685,-0.623,0.799,0.597,0.525,0.733,0.692,-0.398,0.899,-0.564,-0.335,0.746,0.841,0.826,0.184,0.906,-0.426,0.728,0.729,-0.327,0.771,-0.663,0.841,0.035,-0.259,0.387,0.541,0.685,-0.143
CDNA,0.319,0.631,0.282,0.841,0.933,-0.201,-0.264,-0.192,0.46,0.495,0.185,-0.246,0.797,0.673,0.535,0.816,0.668,0.151,0.659,0.848,0.737,0.27,0.686,-0.061,0.796,0.867,0.845,0.768,0.0,0.908,0.644,0.866,0.815,0.82,0.587,0.359,0.507,0.788,0.723,0.918,0.66,0.362,0.894,0.718,0.926,0.12,0.915,0.648,0.602,0.864,0.794,0.744,0.403,0.121,-0.037,0.749,0.463,0.142,0.766,0.727,0.372,-0.227,0.783,0.636,0.604,0.693,0.119,0.757,0.556,0.704,-0.02,-0.581,0.704,0.849,0.744,0.137,0.91,0.769,0.727,0.523,0.733,-0.059,0.791,-0.102,0.568,0.809,0.899,0.852,0.68,0.907,-0.342,0.659,-0.296,0.632,-0.632,0.603,0.705,-0.116,0.855,0.6,0.623,0.473,-0.455,0.644,0.905,0.3,0.768,0.558,0.84,0.702,0.811,0.495,0.431,-0.711,-0.32,0.543,-0.062,0.85,-0.127,0.299,0.784,0.757,0.093,0.761,0.788,0.797,0.139,0.758,0.857,0.631,0.741,-0.364,0.449,0.354,0.716,0.799,0.787,0.837,0.844,0.564,0.143,0.873,0.86,0.752,0.731,0.61,0.496,-0.388,0.705,-0.539,-0.14,-0.008,-0.052,0.481,0.492,0.866,0.697,0.205,-0.559,0.629,0.724,0.908,0.293,0.75,0.423,0.878,0.734,-0.189,-0.116,0.271,0.791,0.706,-0.378,0.681,0.8,0.375,0.872,0.563,-0.534,0.868,-0.111,0.03,0.492,0.715,0.772,0.426,0.835,0.074,0.878,0.726,0.192,0.632,-0.23,0.631,0.466,0.241,0.646,0.397,0.703,0.251
CG,0.249,0.565,0.525,0.872,0.893,-0.215,-0.096,-0.059,0.653,0.566,0.277,-0.106,0.696,0.586,0.467,0.879,0.809,0.192,0.571,0.866,0.67,0.395,0.669,0.116,0.707,0.828,0.89,0.662,0.908,0.0,0.625,0.892,0.798,0.741,0.608,0.538,0.535,0.716,0.656,0.867,0.569,0.499,0.914,0.687,0.921,0.34,0.945,0.74,0.704,0.77,0.822,0.654,0.616,-0.089,0.098,0.838,0.557,0.351,0.788,0.611,0.316,-0.114,0.827,0.573,0.567,0.619,0.252,0.68,0.704,0.61,0.049,-0.389,0.67,0.868,0.834,0.392,0.88,0.729,0.674,0.456,0.643,0.131,0.758,0.036,0.429,0.748,0.85,0.788,0.806,0.856,-0.264,0.613,-0.152,0.508,-0.505,0.477,0.799,-0.04,0.839,0.477,0.683,0.688,-0.285,0.758,0.9,0.524,0.827,0.721,0.756,0.682,0.871,0.688,0.507,-0.547,-0.122,0.717,0.083,0.851,-0.11,0.48,0.864,0.833,0.291,0.693,0.768,0.878,0.246,0.796,0.758,0.593,0.613,-0.182,0.362,0.6,0.647,0.819,0.722,0.813,0.876,0.479,0.052,0.818,0.832,0.676,0.662,0.763,0.708,-0.296,0.638,-0.402,-0.009,0.163,0.129,0.635,0.584,0.936,0.61,0.189,-0.354,0.689,0.694,0.826,0.534,0.887,0.406,0.797,0.665,0.028,-0.008,0.493,0.82,0.679,-0.169,0.593,0.926,0.419,0.935,0.659,-0.432,0.764,0.071,0.247,0.399,0.652,0.66,0.617,0.813,0.276,0.906,0.697,0.28,0.489,-0.128,0.515,0.636,0.358,0.737,0.372,0.797,0.459
CGBD,0.802,0.808,0.099,0.348,0.625,-0.09,-0.416,-0.675,0.094,-0.029,0.09,-0.541,0.868,0.489,0.834,0.571,0.306,-0.55,0.858,0.414,0.933,-0.027,0.931,-0.481,0.882,0.869,0.427,0.767,0.644,0.625,0.0,0.578,0.896,0.845,0.837,0.196,0.883,0.875,0.846,0.686,0.912,-0.206,0.64,0.901,0.564,-0.304,0.595,0.072,0.285,0.688,0.824,0.911,-0.092,0.486,-0.594,0.337,0.576,-0.004,0.746,0.861,0.857,-0.606,0.733,0.906,0.916,0.902,-0.478,0.882,0.166,0.394,0.392,-0.359,0.906,0.631,0.146,0.207,0.78,0.887,0.392,0.86,0.907,-0.564,0.827,-0.565,0.746,0.89,0.837,0.735,0.193,0.802,-0.537,0.964,-0.711,0.875,-0.722,0.862,0.21,-0.459,0.892,0.892,0.909,0.137,-0.527,0.692,0.737,-0.118,0.456,0.116,0.72,0.937,0.688,0.097,0.275,-0.612,-0.402,0.056,-0.595,0.662,0.477,0.221,0.443,0.66,-0.424,0.867,0.787,0.383,0.201,0.698,0.85,0.908,0.729,-0.548,0.858,-0.009,0.932,0.863,0.859,0.477,0.861,0.923,0.596,0.674,0.895,0.935,0.924,0.261,0.158,0.132,0.953,-0.737,-0.598,-0.213,-0.547,0.585,0.742,0.453,0.928,0.753,-0.714,0.424,0.876,0.809,0.105,0.561,0.792,0.826,0.929,-0.17,-0.625,-0.214,0.706,0.876,-0.476,0.916,0.576,0.767,0.743,0.655,-0.202,0.745,-0.552,-0.418,0.878,0.887,0.852,0.077,0.795,-0.451,0.694,0.657,-0.491,0.844,-0.626,0.896,0.136,-0.335,0.391,0.795,0.718,-0.214
