,ACET,ADAP,ADI,ADPT,ADTN,AGEN,ALGN,ALLK,AMD,AMWD,ARDX,ARQT,ASTE,AUPH,AVXL,AZTA,BAND,BECN,BFC,BGC,BHF,BHFAL,BKNG,BL,BOKF,BRKR,CACC,CAR,CDNA,CG,CGBD,CHI,CHTR,CHX,CLNE,CME,CNOB,CNXN,CPRX,CSGP,CSGS,CSIQ,CVCO,CVLT,CYRX,DDOG,DOOO,DSGX,DTIL,ECPG,EEFT,EFSC,ENTG,ESPR,ETSY,EXC,FAMI,FFIV,FITB,FIZZ,FMBH,FOX,FTNT,FULT,GABC,GEN,GH,GMAB,GNPX,GO,GOGL,GOOG,GPRO,GSHD,GSM,GWAV,HAIN,HBAN,HEPA,HURN,HWKN,IBIO,ICFI,IGMS,IMKTA,INCY,INO,IRDM,IRTC,IRWD,ITCI,JACK,JD,JJSF,KALA,KHC,KLAC,KRRO,KRYS,LANC,LBTYA,LIVN,LKCO,LNTH,LOGI,LPRO,LRCX,LSCC,LSTR,MAR,MARA,MCHP,MEOH,META,MGTX,MKSI,MMYT,MORN,MRUS,MTLS,MTSI,MVIS,MXL,NBIX,NFE,NMIH,NMRK,NNDM,NSIT,NTCT,NVAX,OCUL,ODP,OLED,ONB,OTEX,PACB,PATK,PAYX,PEP,PERI,PI,PLYA,PRDO,PRGS,PTGX,QCOM,QCRH,QDEL,QFIN,RGEN,RILY,RPAY,RPD,SABR,SEDG,SHEN,SIRI,SLNO,SNDL,SNEX,SONO,SPT,SSNC,STGW,STKL,STRL,STX,SWTX,SYNA,TFSL,TIGR,TNXP,TOWN,TRI,TRIP,TRMB,TRNS,TRS,TSCO,TSEM,TVTX,TXRH,VC,VCEL,VECO,VIAV,VICR,VIR,VRTX,VSTM,VTRS,WDFC,WSBC,WSC,WYNN,XENE,XNCR,XRAY,ZS
ACET,0.0,0.5,-0.558,0.367,0.501,0.794,0.371,0.874,-0.774,0.504,-0.431,0.613,0.615,-0.358,0.841,0.237,0.331,0.654,0.366,-0.044,0.635,0.863,-0.05,0.488,0.665,-0.446,0.482,0.608,0.424,0.499,0.597,0.6,0.346,0.65,0.654,0.164,0.659,0.244,-0.661,0.606,0.33,0.323,-0.46,0.478,-0.096,0.561,0.602,-0.76,0.783,0.669,-0.273,0.667,0.565,0.733,0.239,0.481,0.395,0.158,0.565,-0.586,0.557,0.309,-0.703,0.722,0.622,0.478,0.729,-0.398,0.548,-0.41,0.648,-0.818,0.751,0.169,0.537,0.363,0.711,0.573,0.819,-0.035,-0.085,-0.683,0.24,0.843,0.618,0.67,0.882,0.316,-0.424,0.447,0.058,-0.156,0.523,-0.77,0.083,0.375,-0.266,0.927,0.338,-0.794,0.389,0.318,0.835,-0.788,-0.116,-0.268,-0.661,-0.563,0.567,0.506,-0.55,0.32,0.55,-0.7,0.748,0.708,0.7,0.566,-0.07,0.553,-0.191,0.577,-0.356,0.361,0.687,0.579,0.76,0.624,-0.574,-0.333,0.599,0.614,0.548,-0.776,0.675,-0.703,-0.188,0.635,0.407,-0.742,-0.754,0.034,0.412,0.649,-0.048,-0.138,-0.429,0.628,0.034,0.297,0.663,0.683,0.706,0.538,0.664,0.629,0.083,0.423,-0.076,0.504,0.271,0.419,-0.139,0.591,0.23,0.655,0.452,0.159,0.928,0.377,0.579,0.57,0.677,0.655,-0.832,0.58,0.395,0.29,0.77,0.125,-0.599,0.735,-0.404,0.608,0.702,0.469,0.193,0.206,0.274,-0.823,0.473,0.654,-0.144,0.639,0.702,0.438,0.494,0.592,0.551,0.344
ADAP,0.5,0.0,-0.333,0.453,0.811,0.78,-0.108,0.571,-0.686,0.527,-0.809,0.919,0.75,-0.445,0.491,0.735,0.607,0.711,0.788,-0.224,0.8,0.667,0.421,0.803,0.839,-0.548,0.746,0.748,0.719,0.757,0.815,0.701,0.791,0.742,0.847,0.244,0.801,0.7,-0.143,0.753,0.804,0.421,-0.203,0.841,0.246,0.823,0.799,-0.558,0.743,0.795,0.434,0.781,0.682,0.752,0.806,-0.179,0.761,0.498,0.815,-0.682,0.861,0.783,-0.521,0.838,0.868,0.848,0.803,0.379,0.831,-0.212,0.842,-0.592,0.737,-0.359,0.824,0.653,0.842,0.793,0.715,0.12,-0.035,-0.736,-0.082,0.734,0.237,0.87,0.735,0.565,0.254,0.902,0.659,0.21,0.742,-0.265,-0.482,0.585,-0.082,0.663,0.853,-0.526,0.899,0.884,0.617,-0.391,0.375,0.398,-0.4,-0.719,0.772,0.597,-0.308,-0.103,0.758,-0.709,0.769,0.858,0.695,0.745,-0.159,0.746,-0.323,0.823,0.133,0.876,0.717,0.694,0.761,0.653,-0.599,0.364,0.758,0.868,0.494,-0.459,0.82,-0.675,0.32,0.807,0.53,-0.6,-0.438,0.258,0.534,0.717,0.185,-0.814,0.374,0.843,0.525,0.86,0.512,0.715,0.792,0.682,0.77,0.55,0.415,0.894,0.188,0.899,0.595,0.495,0.247,0.788,0.292,0.366,0.415,0.731,0.417,0.882,0.897,0.825,0.735,0.808,-0.505,0.832,0.795,0.608,0.711,0.021,-0.468,0.602,-0.562,0.702,0.309,0.686,0.723,0.822,-0.175,-0.476,0.893,0.876,-0.002,0.864,0.672,0.503,0.893,0.868,0.401,0.887
ADI,-0.558,-0.333,0.0,0.027,-0.202,-0.421,0.265,-0.484,0.697,-0.123,0.568,-0.375,-0.324,0.275,-0.231,-0.017,0.144,-0.335,-0.063,0.554,-0.339,-0.482,0.362,-0.01,-0.347,0.621,-0.13,-0.26,-0.402,-0.088,-0.253,-0.252,0.052,-0.338,-0.371,0.214,-0.351,-0.01,0.74,-0.208,-0.036,-0.029,0.755,-0.124,0.58,-0.13,-0.192,0.793,-0.428,-0.407,0.528,-0.274,0.085,-0.563,0.045,-0.045,-0.145,0.328,-0.26,0.38,-0.183,0.006,0.822,-0.346,-0.273,-0.204,-0.233,0.317,-0.371,0.335,-0.305,0.786,-0.326,0.144,-0.293,-0.281,-0.438,-0.305,-0.435,0.049,0.403,0.586,0.157,-0.455,-0.307,-0.313,-0.548,0.072,0.589,-0.328,0.079,0.382,-0.188,0.641,0.112,-0.273,0.787,-0.588,-0.208,0.662,-0.11,-0.038,-0.46,0.787,0.291,0.449,0.83,0.815,-0.277,-0.047,0.632,0.302,-0.247,0.69,-0.418,-0.247,-0.294,-0.222,0.237,-0.294,0.593,-0.312,0.771,-0.181,-0.357,-0.176,-0.441,-0.324,0.765,0.486,-0.354,-0.278,-0.234,0.888,-0.371,0.749,0.348,-0.227,0.053,0.521,0.77,0.49,-0.028,-0.356,0.367,0.057,0.586,-0.262,0.355,-0.095,-0.082,-0.231,-0.379,-0.187,-0.329,-0.326,0.057,-0.241,0.064,-0.194,-0.006,0.152,0.589,-0.196,0.174,-0.208,-0.089,0.088,-0.468,-0.059,-0.213,-0.278,-0.346,-0.252,0.789,-0.243,-0.033,0.187,-0.473,0.228,0.28,-0.406,0.703,-0.232,-0.145,-0.022,0.168,-0.137,0.097,0.555,-0.158,-0.401,0.324,-0.284,-0.338,0.01,-0.352,-0.246,-0.007,-0.213
ADPT,0.367,0.453,0.027,0.0,0.613,0.447,0.428,0.473,-0.399,0.55,-0.035,0.472,0.576,0.2,0.582,0.659,0.517,0.597,0.513,0.12,0.593,0.48,0.516,0.607,0.572,0.202,0.662,0.654,0.154,0.66,0.585,0.518,0.586,0.562,0.414,0.29,0.591,0.484,-0.07,0.728,0.568,0.564,0.29,0.602,0.578,0.595,0.518,-0.187,0.546,0.592,0.405,0.624,0.546,0.47,0.453,0.234,0.616,0.567,0.596,-0.375,0.619,0.602,0.042,0.589,0.613,0.59,0.592,0.158,0.58,0.139,0.59,-0.283,0.574,0.417,0.606,0.198,0.533,0.597,0.505,0.303,0.286,-0.165,0.345,0.549,0.468,0.393,0.454,0.464,0.442,0.541,0.404,0.403,0.634,-0.013,0.203,0.601,0.011,0.463,0.53,-0.338,0.46,0.455,0.359,-0.172,0.103,0.486,-0.303,-0.207,0.655,0.561,-0.314,0.146,0.566,-0.297,0.57,0.588,0.346,0.617,-0.198,0.613,0.276,0.566,0.302,0.528,0.579,0.721,0.554,0.651,-0.033,0.206,0.533,0.611,0.51,-0.128,0.607,-0.305,0.571,0.578,0.722,-0.206,0.059,0.447,0.633,0.513,0.36,-0.319,0.267,0.648,0.669,0.509,0.605,0.604,0.583,0.642,0.589,0.548,0.016,0.555,0.369,0.567,0.64,0.633,0.443,0.63,0.602,0.567,0.608,0.549,0.326,0.57,0.601,0.594,0.465,0.681,-0.155,0.574,0.657,0.663,0.525,0.079,-0.258,0.637,-0.107,0.615,0.546,0.38,0.388,0.363,-0.027,-0.281,0.443,0.55,0.085,0.642,0.554,0.59,0.451,0.608,0.707,0.449
ADTN,0.501,0.811,-0.202,0.613,0.0,0.613,0.18,0.637,-0.714,0.657,-0.596,0.872,0.826,-0.187,0.658,0.835,0.664,0.865,0.888,-0.238,0.901,0.727,0.563,0.772,0.9,-0.359,0.889,0.885,0.641,0.892,0.887,0.854,0.794,0.851,0.803,0.059,0.889,0.661,-0.175,0.879,0.872,0.669,0.045,0.92,0.338,0.866,0.834,-0.538,0.82,0.859,0.507,0.885,0.752,0.778,0.773,-0.075,0.862,0.66,0.917,-0.755,0.88,0.864,-0.384,0.874,0.913,0.926,0.76,0.236,0.894,-0.204,0.849,-0.602,0.783,-0.04,0.858,0.601,0.748,0.914,0.753,0.164,-0.182,-0.623,0.05,0.781,0.496,0.719,0.69,0.424,0.373,0.86,0.625,0.337,0.828,-0.336,-0.057,0.624,0.036,0.703,0.807,-0.601,0.844,0.826,0.709,-0.394,0.325,0.478,-0.437,-0.621,0.887,0.79,-0.477,0.215,0.816,-0.715,0.853,0.905,0.729,0.907,-0.194,0.88,0.055,0.751,0.356,0.902,0.831,0.868,0.876,0.847,-0.499,0.349,0.826,0.88,0.582,-0.381,0.897,-0.651,0.296,0.87,0.806,-0.616,-0.296,0.522,0.722,0.824,0.119,-0.646,0.35,0.898,0.543,0.819,0.587,0.857,0.908,0.86,0.872,0.661,0.202,0.888,0.312,0.899,0.839,0.663,0.355,0.907,0.527,0.414,0.68,0.854,0.428,0.912,0.856,0.893,0.699,0.898,-0.453,0.916,0.847,0.687,0.792,0.005,-0.359,0.625,-0.547,0.886,0.373,0.655,0.726,0.669,-0.176,-0.56,0.772,0.902,-0.134,0.893,0.824,0.676,0.874,0.913,0.59,0.819
AGEN,0.794,0.78,-0.421,0.447,0.613,0.0,0.149,0.696,-0.657,0.425,-0.598,0.753,0.623,-0.348,0.715,0.434,0.572,0.601,0.522,0.039,0.659,0.746,0.093,0.735,0.726,-0.507,0.562,0.634,0.597,0.614,0.679,0.537,0.657,0.629,0.801,0.474,0.688,0.508,-0.376,0.673,0.516,0.26,-0.375,0.627,0.203,0.731,0.684,-0.61,0.719,0.689,0.086,0.727,0.699,0.657,0.533,0.302,0.526,0.325,0.647,-0.51,0.737,0.514,-0.543,0.797,0.746,0.623,0.859,0.088,0.641,-0.21,0.725,-0.635,0.763,-0.136,0.626,0.433,0.878,0.621,0.787,0.001,0.192,-0.718,0.107,0.807,0.33,0.826,0.839,0.633,-0.066,0.64,0.417,-0.01,0.6,-0.421,-0.314,0.53,-0.135,0.798,0.624,-0.553,0.679,0.621,0.689,-0.535,0.194,0.111,-0.448,-0.579,0.616,0.469,-0.26,0.015,0.579,-0.582,0.724,0.802,0.67,0.591,0.03,0.565,-0.379,0.831,-0.134,0.587,0.621,0.601,0.716,0.556,-0.517,0.078,0.647,0.769,0.438,-0.588,0.713,-0.613,0.154,0.711,0.403,-0.579,-0.604,0.112,0.396,0.625,0.234,-0.549,0.028,0.752,0.357,0.555,0.656,0.671,0.7,0.536,0.657,0.551,0.387,0.657,-0.032,0.684,0.309,0.477,0.1,0.647,0.214,0.58,0.312,0.367,0.767,0.607,0.818,0.656,0.672,0.741,-0.624,0.651,0.638,0.465,0.669,0.263,-0.636,0.763,-0.352,0.597,0.68,0.641,0.52,0.532,0.274,-0.57,0.782,0.723,0.16,0.783,0.596,0.405,0.681,0.761,0.525,0.635
ALGN,0.371,-0.108,0.265,0.428,0.18,0.149,0.0,0.368,-0.134,0.548,0.457,0.106,0.348,0.012,0.606,0.18,0.446,0.402,0.16,0.537,0.302,0.389,0.383,0.339,0.29,0.428,0.363,0.397,-0.322,0.414,0.295,0.408,0.283,0.37,0.031,0.096,0.325,0.218,-0.123,0.452,0.237,0.447,0.347,0.29,0.415,0.375,0.335,0.094,0.378,0.295,0.151,0.397,0.477,0.139,0.18,0.532,0.25,0.538,0.284,-0.294,0.277,0.255,0.111,0.297,0.279,0.233,0.42,-0.413,0.087,0.008,0.172,-0.048,0.448,0.695,0.213,-0.095,0.139,0.262,0.414,0.267,0.118,0.101,0.738,0.415,0.587,0.177,0.283,0.152,0.047,-0.026,-0.205,0.403,0.371,-0.279,0.694,0.092,0.297,0.332,-0.152,-0.31,0.11,0.079,0.372,-0.152,-0.189,-0.085,-0.075,0.235,0.263,0.563,-0.22,0.67,0.336,0.012,0.351,0.293,0.372,0.37,0.113,0.322,0.534,0.093,0.272,0.051,0.38,0.474,0.322,0.415,0.164,-0.12,0.144,0.217,0.461,0.033,0.264,0.037,0.132,0.383,0.578,-0.165,0.051,0.616,0.576,0.221,0.18,0.071,-0.068,0.319,0.232,0.088,0.703,0.471,0.31,0.431,0.387,0.38,-0.222,0.11,0.181,0.186,0.352,0.694,0.505,0.386,0.654,0.65,0.524,0.103,0.372,0.136,0.22,0.257,0.252,0.337,-0.121,0.288,0.346,0.414,0.273,0.205,-0.375,0.334,0.318,0.336,0.595,0.212,0.046,-0.251,0.361,-0.366,-0.002,0.172,-0.091,0.251,0.446,0.613,-0.069,0.233,0.643,-0.092
ALLK,0.874,0.571,-0.484,0.473,0.637,0.696,0.368,0.0,-0.801,0.57,-0.468,0.717,0.734,-0.342,0.855,0.449,0.478,0.784,0.557,-0.14,0.778,0.89,0.205,0.589,0.77,-0.448,0.659,0.764,0.495,0.675,0.731,0.747,0.459,0.765,0.648,-0.008,0.79,0.256,-0.588,0.715,0.531,0.518,-0.332,0.638,0.013,0.691,0.755,-0.726,0.89,0.759,-0.032,0.783,0.623,0.794,0.407,0.256,0.53,0.369,0.718,-0.745,0.684,0.534,-0.661,0.788,0.729,0.653,0.759,-0.366,0.681,-0.516,0.741,-0.798,0.793,0.251,0.668,0.393,0.648,0.725,0.819,0.043,-0.227,-0.613,0.207,0.877,0.65,0.686,0.836,0.233,-0.177,0.571,0.179,0.073,0.696,-0.764,0.099,0.311,-0.192,0.907,0.456,-0.832,0.489,0.465,0.844,-0.716,-0.216,-0.059,-0.666,-0.608,0.697,0.691,-0.65,0.373,0.678,-0.769,0.839,0.765,0.752,0.738,-0.059,0.712,-0.081,0.556,-0.152,0.505,0.779,0.725,0.85,0.752,-0.61,-0.284,0.632,0.769,0.625,-0.731,0.767,-0.787,-0.109,0.746,0.573,-0.805,-0.58,0.214,0.578,0.725,-0.175,-0.192,-0.25,0.752,0.167,0.466,0.68,0.832,0.811,0.727,0.778,0.716,-0.062,0.565,0.143,0.613,0.531,0.504,0.082,0.732,0.468,0.598,0.661,0.328,0.837,0.527,0.663,0.729,0.654,0.752,-0.746,0.736,0.522,0.441,0.815,-0.041,-0.555,0.665,-0.455,0.783,0.598,0.451,0.244,0.302,0.015,-0.88,0.489,0.766,-0.287,0.729,0.832,0.577,0.618,0.709,0.535,0.494
AMD,-0.774,-0.686,0.697,-0.399,-0.714,-0.657,-0.134,-0.801,0.0,-0.654,0.686,-0.837,-0.846,0.457,-0.66,-0.593,-0.316,-0.867,-0.588,0.454,-0.864,-0.833,-0.255,-0.485,-0.832,0.503,-0.722,-0.819,-0.571,-0.676,-0.785,-0.811,-0.439,-0.867,-0.714,0.19,-0.835,-0.405,0.693,-0.75,-0.573,-0.611,0.457,-0.692,0.186,-0.66,-0.741,0.839,-0.883,-0.878,0.051,-0.788,-0.479,-0.962,-0.496,0.013,-0.702,-0.258,-0.797,0.853,-0.709,-0.572,0.825,-0.834,-0.783,-0.74,-0.675,0.18,-0.838,0.372,-0.837,0.962,-0.821,-0.097,-0.815,-0.615,-0.752,-0.831,-0.855,-0.162,0.391,0.805,-0.144,-0.893,-0.619,-0.714,-0.885,-0.257,0.213,-0.776,-0.252,-0.046,-0.746,0.738,-0.038,-0.519,0.51,-0.922,-0.531,0.911,-0.569,-0.526,-0.823,0.887,0.079,0.092,0.884,0.843,-0.77,-0.67,0.804,-0.156,-0.809,0.951,-0.901,-0.773,-0.738,-0.788,0.428,-0.83,0.216,-0.607,0.282,-0.682,-0.878,-0.75,-0.904,-0.814,0.823,0.237,-0.783,-0.758,-0.713,0.851,-0.873,0.917,-0.02,-0.747,-0.562,0.864,0.715,-0.153,-0.615,-0.779,0.16,0.409,0.262,-0.784,-0.08,-0.618,-0.568,-0.779,-0.879,-0.766,-0.866,-0.834,0.033,-0.701,-0.165,-0.711,-0.578,-0.433,0.069,-0.772,-0.361,-0.572,-0.637,-0.465,-0.7,-0.629,-0.671,-0.812,-0.833,-0.771,0.889,-0.805,-0.578,-0.444,-0.934,0.287,0.439,-0.73,0.782,-0.77,-0.404,-0.445,-0.343,-0.514,0.225,0.828,-0.562,-0.886,0.425,-0.783,-0.864,-0.58,-0.762,-0.75,-0.54,-0.636
AMWD,0.504,0.527,-0.123,0.55,0.657,0.425,0.548,0.57,-0.654,0.0,-0.259,0.679,0.857,-0.338,0.671,0.695,0.548,0.848,0.645,0.04,0.796,0.7,0.648,0.637,0.772,0.039,0.81,0.823,0.106,0.792,0.794,0.851,0.608,0.833,0.494,-0.072,0.78,0.627,-0.264,0.811,0.715,0.684,0.135,0.759,0.279,0.702,0.747,-0.306,0.781,0.828,0.354,0.787,0.673,0.716,0.626,0.106,0.76,0.655,0.776,-0.764,0.716,0.71,-0.368,0.744,0.751,0.746,0.715,-0.157,0.67,0.034,0.699,-0.535,0.826,0.338,0.792,0.505,0.62,0.776,0.734,0.432,-0.185,-0.428,0.521,0.749,0.762,0.626,0.681,0.319,0.153,0.636,0.134,0.507,0.77,-0.379,0.278,0.437,0.024,0.669,0.421,-0.689,0.617,0.593,0.685,-0.488,0.072,0.091,-0.455,-0.372,0.766,0.84,-0.621,0.442,0.861,-0.601,0.788,0.73,0.697,0.794,-0.322,0.815,0.294,0.462,0.21,0.622,0.875,0.835,0.767,0.822,-0.328,0.074,0.634,0.642,0.844,-0.318,0.765,-0.508,0.288,0.814,0.812,-0.584,-0.284,0.608,0.869,0.672,0.132,-0.441,0.09,0.747,0.451,0.667,0.764,0.806,0.763,0.814,0.829,0.712,0.028,0.649,0.328,0.691,0.755,0.789,0.423,0.828,0.655,0.751,0.817,0.648,0.428,0.687,0.649,0.755,0.752,0.737,-0.507,0.782,0.725,0.659,0.767,-0.105,-0.417,0.588,-0.278,0.737,0.481,0.58,0.442,0.435,-0.075,-0.644,0.471,0.738,-0.311,0.711,0.84,0.835,0.519,0.686,0.676,0.475
ARDX,-0.431,-0.809,0.568,-0.035,-0.596,-0.598,0.457,-0.468,0.686,-0.259,0.0,-0.77,-0.538,0.548,-0.251,-0.438,-0.251,-0.51,-0.59,0.509,-0.606,-0.512,-0.093,-0.433,-0.644,0.809,-0.485,-0.49,-0.811,-0.434,-0.574,-0.524,-0.424,-0.561,-0.724,0.025,-0.589,-0.38,0.272,-0.42,-0.529,-0.199,0.472,-0.563,0.215,-0.5,-0.576,0.7,-0.572,-0.605,-0.07,-0.535,-0.349,-0.68,-0.524,0.323,-0.497,-0.103,-0.592,0.579,-0.573,-0.482,0.75,-0.643,-0.622,-0.607,-0.49,-0.238,-0.672,0.411,-0.653,0.68,-0.495,0.541,-0.612,-0.662,-0.657,-0.603,-0.515,0.069,0.311,0.763,0.352,-0.535,-0.106,-0.7,-0.623,-0.266,0.051,-0.735,-0.506,0.105,-0.458,0.395,0.62,-0.374,0.298,-0.572,-0.684,0.518,-0.655,-0.636,-0.546,0.486,-0.258,-0.129,0.471,0.815,-0.563,-0.336,0.337,0.204,-0.554,0.792,-0.579,-0.628,-0.579,-0.49,0.198,-0.53,0.509,-0.583,0.172,-0.662,-0.522,-0.396,-0.616,-0.442,0.752,-0.145,-0.612,-0.62,-0.32,0.619,-0.653,0.729,0.06,-0.549,-0.196,0.632,0.64,0.111,-0.227,-0.624,0.111,0.582,-0.083,-0.585,-0.089,-0.615,-0.158,-0.465,-0.597,-0.409,-0.546,-0.393,-0.366,-0.666,0.013,-0.627,-0.318,-0.083,0.185,-0.521,0.069,-0.066,-0.196,-0.485,-0.363,-0.627,-0.62,-0.597,-0.595,-0.558,0.593,-0.612,-0.421,-0.234,-0.605,0.14,0.3,-0.372,0.712,-0.494,-0.024,-0.473,-0.486,-0.719,0.288,0.46,-0.69,-0.718,0.091,-0.629,-0.494,-0.197,-0.791,-0.616,-0.05,-0.749
ARQT,0.613,0.919,-0.375,0.472,0.872,0.753,0.106,0.717,-0.837,0.679,-0.77,0.0,0.905,-0.491,0.657,0.803,0.652,0.889,0.852,-0.231,0.945,0.802,0.533,0.818,0.95,-0.516,0.883,0.9,0.695,0.877,0.926,0.882,0.79,0.916,0.824,0.081,0.93,0.691,-0.294,0.867,0.873,0.629,-0.187,0.926,0.198,0.893,0.914,-0.62,0.899,0.931,0.403,0.915,0.755,0.882,0.834,-0.141,0.855,0.601,0.94,-0.877,0.929,0.854,-0.628,0.946,0.954,0.941,0.852,0.181,0.915,-0.333,0.927,-0.73,0.876,-0.121,0.936,0.706,0.864,0.932,0.847,0.244,-0.18,-0.766,0.125,0.883,0.445,0.913,0.841,0.505,0.198,0.933,0.595,0.334,0.882,-0.494,-0.243,0.538,-0.113,0.807,0.782,-0.733,0.899,0.878,0.791,-0.566,0.209,0.277,-0.545,-0.751,0.873,0.794,-0.525,0.118,0.914,-0.839,0.921,0.928,0.856,0.891,-0.23,0.893,-0.17,0.768,0.142,0.915,0.866,0.846,0.914,0.831,-0.672,0.211,0.801,0.934,0.701,-0.561,0.947,-0.772,0.243,0.911,0.699,-0.782,-0.507,0.411,0.735,0.828,0.095,-0.76,0.25,0.94,0.436,0.906,0.663,0.873,0.921,0.85,0.922,0.744,0.243,0.929,0.287,0.931,0.738,0.634,0.295,0.917,0.484,0.503,0.635,0.763,0.551,0.916,0.918,0.94,0.856,0.911,-0.629,0.95,0.853,0.701,0.872,-0.136,-0.536,0.689,-0.624,0.851,0.364,0.707,0.688,0.772,-0.197,-0.673,0.839,0.979,-0.197,0.935,0.87,0.712,0.942,0.941,0.546,0.881
ASTE,0.615,0.75,-0.324,0.576,0.826,0.623,0.348,0.734,-0.846,0.857,-0.538,0.905,0.0,-0.366,0.736,0.835,0.612,0.976,0.785,-0.152,0.968,0.847,0.636,0.762,0.928,-0.229,0.926,0.968,0.417,0.919,0.951,0.941,0.702,0.965,0.65,-0.05,0.948,0.7,-0.397,0.928,0.845,0.788,-0.067,0.903,0.244,0.845,0.898,-0.53,0.935,0.975,0.384,0.935,0.746,0.908,0.746,-0.076,0.897,0.665,0.945,-0.906,0.897,0.83,-0.541,0.91,0.921,0.909,0.822,-0.051,0.894,-0.209,0.91,-0.729,0.945,0.212,0.961,0.65,0.799,0.95,0.86,0.467,-0.196,-0.668,0.396,0.908,0.697,0.788,0.831,0.404,0.183,0.868,0.367,0.495,0.934,-0.515,0.091,0.48,-0.125,0.824,0.65,-0.815,0.763,0.74,0.788,-0.627,0.061,0.162,-0.611,-0.628,0.916,0.883,-0.724,0.297,0.978,-0.801,0.959,0.881,0.818,0.951,-0.338,0.962,0.083,0.666,0.161,0.821,0.937,0.942,0.932,0.937,-0.549,0.058,0.74,0.873,0.888,-0.512,0.929,-0.753,0.309,0.925,0.834,-0.783,-0.413,0.531,0.899,0.808,0.062,-0.617,0.135,0.924,0.461,0.853,0.757,0.923,0.927,0.949,0.955,0.863,0.053,0.838,0.455,0.86,0.848,0.779,0.356,0.958,0.658,0.713,0.848,0.754,0.545,0.85,0.832,0.954,0.863,0.896,-0.64,0.939,0.856,0.744,0.927,-0.275,-0.455,0.723,-0.546,0.905,0.426,0.675,0.553,0.659,-0.208,-0.727,0.645,0.936,-0.37,0.891,0.956,0.866,0.809,0.88,0.644,0.744
AUPH,-0.358,-0.445,0.275,0.2,-0.187,-0.348,0.012,-0.342,0.457,-0.338,0.548,-0.491,-0.366,0.0,-0.161,-0.174,-0.23,-0.339,-0.28,0.204,-0.37,-0.341,-0.178,-0.227,-0.414,0.452,-0.292,-0.302,-0.32,-0.245,-0.305,-0.433,-0.219,-0.405,-0.473,0.219,-0.357,-0.194,0.226,-0.205,-0.285,-0.159,0.352,-0.322,0.3,-0.342,-0.455,0.347,-0.4,-0.336,0.04,-0.326,-0.23,-0.431,-0.444,0.151,-0.281,-0.097,-0.342,0.522,-0.315,-0.282,0.618,-0.411,-0.356,-0.341,-0.361,0.078,-0.272,0.332,-0.37,0.426,-0.395,0.301,-0.334,-0.34,-0.319,-0.334,-0.413,0.151,0.39,0.436,0.043,-0.405,-0.121,-0.544,-0.471,-0.169,0.31,-0.327,-0.04,0.093,-0.276,0.413,0.28,-0.07,0.135,-0.411,-0.076,0.433,-0.403,-0.412,-0.452,0.415,-0.091,0.206,0.309,0.418,-0.257,-0.379,0.172,-0.158,-0.432,0.501,-0.373,-0.36,-0.496,-0.255,0.172,-0.321,0.297,-0.162,0.21,-0.328,-0.407,-0.209,-0.38,-0.181,0.577,0.059,-0.418,-0.298,-0.305,0.442,-0.397,0.389,0.122,-0.402,-0.077,0.512,0.527,-0.051,-0.221,-0.352,0.116,0.314,0.119,-0.342,0.106,-0.343,-0.289,-0.338,-0.376,-0.246,-0.433,-0.333,-0.159,-0.352,0.297,-0.369,-0.075,-0.121,-0.019,-0.322,-0.045,-0.166,-0.102,-0.154,-0.328,-0.319,-0.328,-0.317,-0.497,-0.278,0.522,-0.409,-0.191,-0.141,-0.383,0.008,0.392,-0.092,0.298,-0.221,-0.082,-0.227,-0.26,-0.285,0.132,0.505,-0.369,-0.422,0.163,-0.338,-0.382,-0.196,-0.307,-0.285,-0.048,-0.33
AVXL,0.841,0.491,-0.231,0.582,0.658,0.715,0.606,0.855,-0.66,0.671,-0.251,0.657,0.736,-0.161,0.0,0.458,0.562,0.775,0.576,0.159,0.744,0.844,0.29,0.695,0.749,-0.216,0.697,0.769,0.314,0.743,0.746,0.74,0.571,0.754,0.59,0.225,0.766,0.396,-0.418,0.779,0.566,0.536,-0.058,0.672,0.311,0.72,0.724,-0.502,0.852,0.75,0.099,0.815,0.804,0.686,0.419,0.494,0.574,0.538,0.714,-0.644,0.708,0.545,-0.432,0.792,0.737,0.649,0.813,-0.324,0.595,-0.282,0.692,-0.632,0.835,0.356,0.654,0.329,0.711,0.702,0.798,0.175,0.007,-0.512,0.444,0.858,0.739,0.683,0.82,0.385,-0.03,0.502,0.18,0.24,0.693,-0.608,0.225,0.342,0.083,0.849,0.422,-0.71,0.53,0.48,0.858,-0.567,-0.056,-0.009,-0.455,-0.377,0.694,0.731,-0.525,0.527,0.682,-0.589,0.816,0.794,0.758,0.751,0.043,0.68,0.158,0.561,0.088,0.489,0.757,0.774,0.815,0.794,-0.317,-0.105,0.582,0.717,0.677,-0.487,0.746,-0.557,0.002,0.781,0.734,-0.659,-0.477,0.411,0.663,0.692,0.109,-0.234,-0.108,0.754,0.318,0.469,0.825,0.841,0.767,0.735,0.754,0.666,0.071,0.538,0.171,0.603,0.561,0.735,0.267,0.766,0.562,0.727,0.698,0.408,0.836,0.557,0.684,0.695,0.664,0.783,-0.583,0.704,0.622,0.532,0.761,0.119,-0.594,0.731,-0.207,0.777,0.743,0.606,0.343,0.254,0.261,-0.76,0.528,0.7,-0.123,0.73,0.813,0.704,0.552,0.744,0.679,0.415
AZTA,0.237,0.735,-0.017,0.659,0.835,0.434,0.18,0.449,-0.593,0.695,-0.438,0.803,0.835,-0.174,0.458,0.0,0.631,0.817,0.835,-0.198,0.854,0.552,0.82,0.743,0.805,-0.053,0.904,0.88,0.444,0.903,0.87,0.783,0.803,0.813,0.583,-0.002,0.816,0.703,-0.057,0.863,0.881,0.792,0.181,0.894,0.459,0.83,0.805,-0.268,0.693,0.804,0.729,0.806,0.624,0.705,0.868,-0.318,0.932,0.748,0.886,-0.746,0.874,0.925,-0.161,0.769,0.846,0.913,0.657,0.397,0.883,0.037,0.815,-0.403,0.71,0.113,0.875,0.548,0.615,0.879,0.623,0.419,-0.071,-0.485,0.223,0.67,0.358,0.607,0.503,0.461,0.601,0.884,0.652,0.607,0.889,-0.106,0.0,0.579,0.0,0.512,0.757,-0.452,0.792,0.827,0.456,-0.264,0.232,0.611,-0.363,-0.469,0.83,0.787,-0.434,0.09,0.846,-0.55,0.769,0.755,0.563,0.883,-0.372,0.889,0.132,0.627,0.459,0.904,0.791,0.87,0.726,0.782,-0.355,0.362,0.715,0.843,0.637,-0.168,0.812,-0.522,0.632,0.775,0.811,-0.48,0.026,0.655,0.82,0.651,0.191,-0.751,0.522,0.856,0.692,0.913,0.571,0.786,0.8,0.891,0.833,0.727,-0.002,0.888,0.519,0.878,0.901,0.702,0.6,0.874,0.706,0.432,0.733,0.872,0.19,0.902,0.8,0.893,0.681,0.823,-0.253,0.88,0.899,0.849,0.709,-0.27,-0.253,0.553,-0.445,0.807,0.202,0.523,0.695,0.743,-0.415,-0.361,0.684,0.832,-0.251,0.835,0.751,0.746,0.807,0.849,0.63,0.849
BAND,0.331,0.607,0.144,0.517,0.664,0.572,0.446,0.478,-0.316,0.548,-0.251,0.652,0.612,-0.23,0.562,0.631,0.0,0.613,0.711,0.291,0.657,0.56,0.631,0.829,0.704,-0.099,0.713,0.68,0.349,0.79,0.697,0.65,0.843,0.624,0.536,0.296,0.685,0.641,0.11,0.718,0.768,0.491,0.232,0.757,0.574,0.835,0.761,-0.107,0.62,0.601,0.641,0.744,0.775,0.39,0.769,0.068,0.616,0.82,0.698,-0.551,0.763,0.761,-0.09,0.689,0.734,0.736,0.789,0.185,0.565,-0.161,0.571,-0.169,0.663,0.053,0.601,0.35,0.535,0.643,0.597,0.246,0.076,-0.261,0.311,0.61,0.345,0.662,0.47,0.482,0.47,0.536,0.504,0.574,0.698,-0.154,-0.066,0.357,0.383,0.45,0.521,-0.335,0.765,0.772,0.491,-0.038,0.24,0.46,-0.043,-0.214,0.622,0.738,-0.114,0.268,0.636,-0.298,0.607,0.695,0.668,0.668,0.265,0.624,0.143,0.632,0.508,0.648,0.559,0.704,0.604,0.572,-0.183,0.396,0.449,0.722,0.468,-0.064,0.624,-0.278,0.361,0.763,0.671,-0.323,-0.026,0.653,0.687,0.548,0.22,-0.612,0.516,0.747,0.679,0.673,0.714,0.739,0.645,0.67,0.651,0.439,0.206,0.718,0.305,0.695,0.642,0.737,0.668,0.728,0.634,0.48,0.536,0.616,0.322,0.706,0.785,0.682,0.437,0.703,-0.133,0.713,0.793,0.713,0.452,0.279,-0.499,0.415,0.003,0.647,0.449,0.57,0.61,0.436,0.079,-0.403,0.628,0.616,0.091,0.7,0.616,0.668,0.562,0.717,0.518,0.602
BECN,0.654,0.711,-0.335,0.597,0.865,0.601,0.402,0.784,-0.867,0.848,-0.51,0.889,0.976,-0.339,0.775,0.817,0.613,0.0,0.8,-0.19,0.98,0.876,0.609,0.724,0.945,-0.252,0.934,0.979,0.459,0.924,0.944,0.97,0.68,0.974,0.681,-0.109,0.964,0.642,-0.426,0.934,0.827,0.807,-0.068,0.899,0.209,0.856,0.904,-0.591,0.955,0.967,0.341,0.945,0.741,0.913,0.714,-0.022,0.881,0.649,0.954,-0.92,0.881,0.818,-0.552,0.917,0.923,0.913,0.808,-0.101,0.904,-0.275,0.895,-0.76,0.931,0.246,0.931,0.622,0.757,0.965,0.879,0.349,-0.28,-0.664,0.34,0.924,0.741,0.751,0.822,0.346,0.161,0.832,0.353,0.425,0.922,-0.579,0.179,0.505,-0.123,0.855,0.631,-0.847,0.735,0.714,0.827,-0.647,0.038,0.165,-0.642,-0.633,0.932,0.911,-0.755,0.372,0.954,-0.822,0.976,0.895,0.834,0.969,-0.323,0.977,0.133,0.655,0.158,0.812,0.962,0.955,0.967,0.964,-0.579,0.022,0.781,0.873,0.837,-0.543,0.948,-0.769,0.243,0.928,0.857,-0.801,-0.422,0.55,0.887,0.852,-0.01,-0.541,0.079,0.927,0.423,0.8,0.756,0.952,0.964,0.963,0.975,0.87,-0.007,0.826,0.401,0.855,0.864,0.763,0.325,0.966,0.666,0.683,0.866,0.739,0.582,0.833,0.813,0.95,0.84,0.91,-0.661,0.953,0.83,0.719,0.938,-0.227,-0.439,0.71,-0.564,0.935,0.443,0.634,0.537,0.585,-0.195,-0.777,0.621,0.939,-0.394,0.892,0.984,0.852,0.803,0.878,0.676,0.713
BFC,0.366,0.788,-0.063,0.513,0.888,0.522,0.16,0.557,-0.588,0.645,-0.59,0.852,0.785,-0.28,0.576,0.835,0.711,0.8,0.0,-0.106,0.866,0.659,0.682,0.801,0.876,-0.354,0.896,0.832,0.607,0.886,0.879,0.83,0.841,0.822,0.71,0.096,0.848,0.677,0.051,0.824,0.933,0.628,0.158,0.931,0.43,0.859,0.853,-0.377,0.752,0.805,0.649,0.864,0.74,0.672,0.841,-0.148,0.819,0.755,0.9,-0.746,0.892,0.905,-0.321,0.836,0.895,0.928,0.734,0.287,0.828,-0.206,0.789,-0.446,0.707,-0.071,0.825,0.568,0.665,0.881,0.666,0.225,-0.16,-0.504,0.104,0.696,0.395,0.732,0.567,0.445,0.484,0.834,0.68,0.49,0.801,-0.278,-0.169,0.511,0.197,0.582,0.806,-0.502,0.886,0.903,0.661,-0.224,0.261,0.516,-0.274,-0.532,0.831,0.816,-0.373,0.181,0.809,-0.635,0.776,0.84,0.752,0.857,-0.097,0.829,0.091,0.629,0.483,0.9,0.773,0.834,0.787,0.782,-0.375,0.469,0.722,0.86,0.573,-0.232,0.848,-0.537,0.26,0.852,0.784,-0.559,-0.178,0.587,0.742,0.804,0.15,-0.693,0.489,0.874,0.61,0.857,0.603,0.84,0.818,0.826,0.82,0.568,0.221,0.892,0.343,0.881,0.848,0.663,0.477,0.887,0.595,0.317,0.688,0.87,0.314,0.904,0.859,0.854,0.639,0.868,-0.289,0.901,0.838,0.763,0.698,-0.005,-0.429,0.494,-0.382,0.842,0.232,0.643,0.724,0.677,-0.221,-0.483,0.763,0.856,-0.093,0.857,0.784,0.714,0.856,0.889,0.508,0.827
BGC,-0.044,-0.224,0.554,0.12,-0.238,0.039,0.537,-0.14,0.454,0.04,0.509,-0.231,-0.152,0.204,0.159,-0.198,0.291,-0.19,-0.106,0.0,-0.204,-0.072,0.11,0.214,-0.128,0.38,-0.088,-0.167,-0.415,-0.025,-0.113,-0.161,0.155,-0.154,-0.265,0.605,-0.155,0.19,0.479,-0.02,-0.011,-0.137,0.525,-0.073,0.613,-0.009,-0.051,0.521,-0.159,-0.163,0.21,-0.027,0.285,-0.422,-0.051,0.481,-0.216,0.344,-0.169,0.312,-0.022,-0.062,0.449,-0.072,-0.076,-0.182,0.137,-0.046,-0.379,0.134,-0.217,0.489,-0.007,0.29,-0.161,-0.329,-0.043,-0.235,-0.098,0.283,0.66,0.463,0.551,-0.12,0.026,0.035,-0.135,0.327,0.174,-0.301,-0.079,0.37,-0.106,0.248,0.1,-0.146,0.608,-0.203,-0.161,0.294,-0.019,-0.064,-0.097,0.456,-0.013,0.026,0.55,0.588,-0.168,0.027,0.416,0.232,-0.12,0.527,-0.194,-0.071,0.041,-0.171,0.461,-0.256,0.331,-0.058,0.382,-0.248,-0.229,-0.023,-0.215,-0.158,0.65,0.294,-0.392,-0.124,0.048,0.516,-0.192,0.547,0.067,0.01,0.082,0.325,0.287,0.298,0.111,-0.158,0.543,0.064,0.267,-0.071,0.269,-0.125,0.338,-0.051,-0.266,-0.151,-0.194,-0.245,0.252,-0.203,0.121,-0.154,-0.096,0.324,0.378,-0.077,0.185,0.225,-0.013,-0.118,-0.029,-0.117,0.037,-0.216,-0.171,-0.03,0.421,-0.18,0.076,0.172,-0.256,0.477,-0.246,-0.013,0.776,-0.132,0.388,0.207,0.022,-0.236,0.617,0.265,-0.09,-0.266,0.529,-0.075,-0.153,0.214,-0.302,-0.105,0.169,-0.291
BHF,0.635,0.8,-0.339,0.593,0.901,0.659,0.302,0.778,-0.864,0.796,-0.606,0.945,0.968,-0.37,0.744,0.854,0.657,0.98,0.866,-0.204,0.0,0.866,0.622,0.782,0.976,-0.347,0.957,0.981,0.566,0.942,0.972,0.957,0.756,0.982,0.747,-0.034,0.982,0.668,-0.361,0.943,0.883,0.779,-0.088,0.942,0.24,0.9,0.939,-0.605,0.948,0.973,0.41,0.969,0.754,0.911,0.787,-0.076,0.896,0.671,0.986,-0.92,0.937,0.877,-0.558,0.956,0.968,0.958,0.837,0.028,0.938,-0.292,0.933,-0.746,0.917,0.144,0.955,0.636,0.798,0.987,0.877,0.329,-0.235,-0.685,0.276,0.924,0.635,0.811,0.82,0.424,0.222,0.898,0.488,0.429,0.941,-0.543,0.039,0.56,-0.117,0.849,0.724,-0.802,0.816,0.802,0.819,-0.601,0.086,0.262,-0.619,-0.687,0.937,0.902,-0.679,0.267,0.957,-0.834,0.972,0.922,0.849,0.973,-0.298,0.976,0.028,0.707,0.187,0.882,0.953,0.957,0.967,0.936,-0.609,0.114,0.812,0.932,0.798,-0.542,0.977,-0.781,0.262,0.941,0.838,-0.792,-0.411,0.528,0.863,0.869,0.034,-0.636,0.172,0.969,0.469,0.863,0.747,0.957,0.972,0.958,0.981,0.847,0.053,0.899,0.394,0.912,0.87,0.736,0.352,0.978,0.653,0.608,0.822,0.775,0.566,0.886,0.885,0.973,0.842,0.95,-0.628,0.985,0.867,0.758,0.927,-0.192,-0.487,0.718,-0.578,0.946,0.419,0.646,0.603,0.663,-0.227,-0.74,0.711,0.978,-0.321,0.945,0.966,0.824,0.881,0.934,0.665,0.81
BHFAL,0.863,0.667,-0.482,0.48,0.727,0.746,0.389,0.89,-0.833,0.7,-0.512,0.802,0.847,-0.341,0.844,0.552,0.56,0.876,0.659,-0.072,0.866,0.0,0.281,0.702,0.877,-0.396,0.743,0.847,0.472,0.772,0.844,0.828,0.575,0.852,0.691,0.081,0.895,0.529,-0.543,0.828,0.657,0.523,-0.31,0.748,0.079,0.783,0.822,-0.722,0.929,0.876,0.08,0.88,0.722,0.844,0.512,0.23,0.658,0.45,0.826,-0.8,0.796,0.627,-0.652,0.873,0.848,0.754,0.858,-0.288,0.783,-0.428,0.812,-0.806,0.884,0.171,0.771,0.502,0.782,0.83,0.901,0.19,-0.201,-0.72,0.284,0.94,0.717,0.758,0.879,0.301,-0.118,0.68,0.224,0.183,0.792,-0.732,0.115,0.438,-0.144,0.937,0.568,-0.868,0.627,0.571,0.883,-0.725,-0.078,-0.051,-0.639,-0.65,0.82,0.742,-0.707,0.309,0.787,-0.792,0.916,0.868,0.841,0.833,-0.134,0.822,-0.061,0.713,-0.088,0.625,0.859,0.828,0.92,0.853,-0.598,-0.15,0.691,0.81,0.714,-0.683,0.851,-0.814,-0.0,0.855,0.657,-0.818,-0.582,0.29,0.706,0.784,-0.106,-0.415,-0.129,0.842,0.284,0.602,0.749,0.888,0.89,0.801,0.861,0.729,0.041,0.683,0.248,0.747,0.632,0.637,0.098,0.84,0.499,0.706,0.689,0.498,0.751,0.654,0.776,0.825,0.749,0.845,-0.775,0.827,0.68,0.538,0.878,-0.048,-0.593,0.75,-0.488,0.832,0.557,0.62,0.355,0.403,0.071,-0.846,0.571,0.84,-0.298,0.825,0.894,0.693,0.706,0.787,0.583,0.569
BKNG,-0.05,0.421,0.362,0.516,0.563,0.093,0.383,0.205,-0.255,0.648,-0.093,0.533,0.636,-0.178,0.29,0.82,0.631,0.609,0.682,0.11,0.622,0.281,0.0,0.587,0.574,0.229,0.772,0.659,0.094,0.754,0.642,0.662,0.665,0.623,0.249,-0.084,0.57,0.596,0.256,0.646,0.771,0.777,0.545,0.719,0.579,0.633,0.66,0.165,0.461,0.552,0.827,0.604,0.533,0.376,0.786,-0.333,0.713,0.856,0.667,-0.576,0.651,0.815,0.114,0.529,0.609,0.706,0.441,0.3,0.544,0.109,0.54,-0.034,0.509,0.298,0.659,0.37,0.286,0.643,0.359,0.5,-0.03,-0.053,0.415,0.397,0.303,0.422,0.201,0.366,0.698,0.574,0.471,0.813,0.696,0.07,0.127,0.271,0.309,0.198,0.411,-0.223,0.616,0.682,0.255,0.078,0.208,0.561,-0.031,-0.053,0.586,0.79,-0.203,0.318,0.706,-0.234,0.494,0.48,0.452,0.664,-0.213,0.669,0.456,0.235,0.703,0.671,0.569,0.693,0.461,0.554,-0.009,0.446,0.392,0.564,0.59,0.203,0.561,-0.116,0.574,0.617,0.77,-0.245,0.306,0.851,0.802,0.455,0.274,-0.556,0.615,0.626,0.641,0.741,0.535,0.617,0.518,0.716,0.62,0.546,-0.049,0.642,0.507,0.618,0.818,0.708,0.799,0.692,0.777,0.314,0.707,0.754,-0.052,0.706,0.556,0.64,0.466,0.59,0.09,0.676,0.726,0.811,0.434,-0.204,-0.133,0.214,-0.026,0.616,0.087,0.379,0.581,0.53,-0.402,-0.18,0.393,0.552,-0.192,0.572,0.586,0.767,0.476,0.575,0.511,0.566
BL,0.488,0.803,-0.01,0.607,0.772,0.735,0.339,0.589,-0.485,0.637,-0.433,0.818,0.762,-0.227,0.695,0.743,0.829,0.724,0.801,0.214,0.782,0.702,0.587,0.0,0.82,-0.224,0.795,0.795,0.447,0.874,0.838,0.716,0.93,0.748,0.667,0.461,0.808,0.771,0.025,0.856,0.878,0.484,0.142,0.88,0.606,0.914,0.819,-0.267,0.75,0.781,0.629,0.853,0.877,0.578,0.824,0.1,0.761,0.801,0.82,-0.642,0.904,0.85,-0.22,0.831,0.877,0.853,0.916,0.273,0.717,-0.115,0.749,-0.346,0.79,-0.041,0.786,0.451,0.798,0.773,0.706,0.348,0.214,-0.482,0.309,0.75,0.359,0.826,0.671,0.604,0.456,0.757,0.61,0.535,0.82,-0.213,-0.203,0.484,0.262,0.606,0.756,-0.45,0.894,0.867,0.625,-0.207,0.268,0.44,-0.173,-0.424,0.772,0.728,-0.209,0.115,0.769,-0.47,0.753,0.857,0.748,0.794,0.088,0.737,-0.024,0.77,0.424,0.784,0.684,0.801,0.723,0.729,-0.257,0.418,0.608,0.869,0.595,-0.193,0.77,-0.443,0.412,0.859,0.752,-0.472,-0.177,0.539,0.739,0.635,0.365,-0.774,0.527,0.867,0.698,0.838,0.765,0.801,0.745,0.756,0.762,0.508,0.33,0.845,0.377,0.867,0.697,0.813,0.594,0.843,0.613,0.562,0.56,0.748,0.411,0.862,0.92,0.815,0.657,0.857,-0.29,0.815,0.915,0.774,0.625,0.152,-0.64,0.656,-0.188,0.728,0.491,0.752,0.669,0.631,0.092,-0.432,0.822,0.781,0.072,0.849,0.702,0.74,0.751,0.888,0.591,0.763
BOKF,0.665,0.839,-0.347,0.572,0.9,0.726,0.29,0.77,-0.832,0.772,-0.644,0.95,0.928,-0.414,0.749,0.805,0.704,0.945,0.876,-0.128,0.976,0.877,0.574,0.82,0.0,-0.415,0.936,0.943,0.617,0.927,0.953,0.938,0.797,0.96,0.811,0.067,0.977,0.706,-0.301,0.93,0.887,0.685,-0.091,0.938,0.256,0.917,0.948,-0.613,0.936,0.952,0.4,0.976,0.783,0.867,0.802,0.007,0.859,0.667,0.973,-0.883,0.943,0.865,-0.577,0.981,0.983,0.95,0.879,0.062,0.905,-0.309,0.905,-0.722,0.907,0.043,0.924,0.615,0.84,0.965,0.882,0.256,-0.199,-0.696,0.23,0.92,0.605,0.863,0.834,0.464,0.2,0.876,0.524,0.374,0.897,-0.532,-0.045,0.595,-0.062,0.849,0.747,-0.776,0.865,0.84,0.833,-0.556,0.154,0.271,-0.57,-0.699,0.923,0.883,-0.596,0.227,0.924,-0.814,0.949,0.943,0.88,0.931,-0.21,0.934,-0.039,0.758,0.173,0.879,0.927,0.93,0.957,0.898,-0.611,0.185,0.825,0.931,0.738,-0.541,0.981,-0.756,0.211,0.96,0.799,-0.753,-0.456,0.484,0.823,0.888,0.079,-0.667,0.204,0.976,0.478,0.848,0.757,0.946,0.958,0.904,0.964,0.771,0.159,0.912,0.316,0.92,0.811,0.722,0.324,0.966,0.595,0.586,0.744,0.758,0.578,0.888,0.93,0.937,0.834,0.967,-0.626,0.975,0.868,0.722,0.894,-0.042,-0.557,0.696,-0.52,0.916,0.453,0.682,0.639,0.651,-0.124,-0.726,0.761,0.971,-0.206,0.967,0.934,0.785,0.885,0.937,0.636,0.811
BRKR,-0.446,-0.548,0.621,0.202,-0.359,-0.507,0.428,-0.448,0.503,0.039,0.809,-0.516,-0.229,0.452,-0.216,-0.053,-0.099,-0.252,-0.354,0.38,-0.347,-0.396,0.229,-0.224,-0.415,0.0,-0.201,-0.212,-0.767,-0.173,-0.306,-0.289,-0.2,-0.307,-0.607,0.03,-0.361,-0.048,0.259,-0.142,-0.254,0.042,0.56,-0.28,0.345,-0.285,-0.35,0.7,-0.402,-0.329,0.202,-0.315,-0.19,-0.429,-0.216,0.113,-0.138,0.1,-0.32,0.358,-0.303,-0.183,0.741,-0.431,-0.373,-0.326,-0.295,-0.041,-0.372,0.606,-0.363,0.569,-0.249,0.55,-0.289,-0.402,-0.429,-0.324,-0.354,0.328,0.308,0.586,0.478,-0.371,0.008,-0.523,-0.46,-0.09,0.272,-0.395,-0.337,0.378,-0.154,0.492,0.563,-0.16,0.256,-0.471,-0.438,0.416,-0.396,-0.368,-0.481,0.394,-0.081,0.08,0.376,0.691,-0.283,-0.12,0.172,0.18,-0.219,0.622,-0.366,-0.404,-0.461,-0.224,-0.113,-0.229,0.573,-0.347,0.309,-0.352,-0.269,-0.119,-0.436,-0.184,0.687,0.007,-0.384,-0.405,-0.016,0.609,-0.411,0.568,0.449,-0.332,0.068,0.531,0.688,0.301,0.08,-0.454,0.248,0.253,0.136,-0.338,0.252,-0.261,-0.005,-0.28,-0.374,-0.135,-0.297,-0.149,-0.371,-0.365,0.207,-0.346,-0.025,0.163,0.383,-0.249,0.269,0.174,0.045,-0.124,-0.417,-0.302,-0.389,-0.298,-0.324,-0.329,0.517,-0.346,-0.125,0.085,-0.375,-0.056,0.277,-0.18,0.559,-0.294,-0.045,-0.258,-0.253,-0.381,0.081,0.435,-0.49,-0.462,0.001,-0.385,-0.28,0.064,-0.54,-0.388,0.141,-0.443
CACC,0.482,0.746,-0.13,0.662,0.889,0.562,0.363,0.659,-0.722,0.81,-0.485,0.883,0.926,-0.292,0.697,0.904,0.713,0.934,0.896,-0.088,0.957,0.743,0.772,0.795,0.936,-0.201,0.0,0.954,0.482,0.964,0.944,0.937,0.808,0.94,0.68,0.004,0.936,0.705,-0.16,0.931,0.928,0.83,0.139,0.955,0.417,0.891,0.925,-0.409,0.87,0.914,0.577,0.943,0.777,0.8,0.841,-0.097,0.911,0.792,0.964,-0.852,0.925,0.931,-0.365,0.91,0.939,0.958,0.789,0.137,0.878,-0.158,0.874,-0.569,0.86,0.199,0.928,0.584,0.727,0.954,0.783,0.374,-0.136,-0.521,0.328,0.828,0.603,0.758,0.697,0.494,0.415,0.861,0.548,0.566,0.921,-0.356,0.066,0.552,0.049,0.715,0.708,-0.665,0.828,0.84,0.721,-0.401,0.179,0.418,-0.46,-0.524,0.907,0.937,-0.554,0.315,0.939,-0.695,0.894,0.873,0.781,0.946,-0.267,0.945,0.187,0.631,0.388,0.891,0.903,0.957,0.889,0.893,-0.432,0.271,0.766,0.895,0.775,-0.334,0.936,-0.605,0.38,0.922,0.907,-0.643,-0.219,0.677,0.901,0.839,0.161,-0.645,0.342,0.947,0.591,0.883,0.752,0.931,0.905,0.951,0.938,0.804,0.082,0.89,0.435,0.891,0.926,0.792,0.526,0.969,0.733,0.562,0.848,0.843,0.446,0.906,0.869,0.931,0.775,0.934,-0.424,0.962,0.893,0.828,0.838,-0.131,-0.41,0.628,-0.41,0.934,0.401,0.637,0.68,0.673,-0.244,-0.609,0.692,0.92,-0.224,0.922,0.914,0.856,0.826,0.91,0.692,0.8
CAR,0.608,0.748,-0.26,0.654,0.885,0.634,0.397,0.764,-0.819,0.823,-0.49,0.9,0.968,-0.302,0.769,0.88,0.68,0.979,0.832,-0.167,0.981,0.847,0.659,0.795,0.943,-0.212,0.954,0.0,0.474,0.963,0.965,0.94,0.762,0.96,0.695,-0.027,0.969,0.654,-0.373,0.962,0.865,0.814,-0.043,0.931,0.306,0.911,0.921,-0.533,0.934,0.951,0.45,0.959,0.767,0.883,0.783,-0.041,0.915,0.707,0.971,-0.902,0.926,0.879,-0.456,0.922,0.944,0.945,0.84,0.014,0.923,-0.21,0.914,-0.686,0.921,0.235,0.933,0.575,0.765,0.972,0.866,0.357,-0.197,-0.65,0.34,0.918,0.653,0.752,0.793,0.406,0.275,0.859,0.445,0.479,0.965,-0.488,0.143,0.542,-0.086,0.823,0.679,-0.766,0.779,0.769,0.774,-0.579,0.063,0.293,-0.589,-0.606,0.926,0.908,-0.671,0.311,0.943,-0.76,0.963,0.904,0.794,0.987,-0.286,0.981,0.101,0.707,0.231,0.851,0.951,0.974,0.942,0.947,-0.543,0.08,0.795,0.919,0.799,-0.484,0.942,-0.741,0.366,0.924,0.877,-0.741,-0.317,0.587,0.893,0.799,0.034,-0.621,0.192,0.957,0.516,0.849,0.767,0.961,0.962,0.983,0.975,0.869,-0.025,0.874,0.429,0.897,0.885,0.801,0.45,0.976,0.733,0.674,0.846,0.764,0.556,0.869,0.859,0.974,0.814,0.932,-0.587,0.967,0.888,0.782,0.899,-0.207,-0.465,0.725,-0.52,0.938,0.453,0.621,0.575,0.614,-0.22,-0.716,0.678,0.94,-0.35,0.923,0.956,0.847,0.829,0.922,0.717,0.779
CDNA,0.424,0.719,-0.402,0.154,0.641,0.597,-0.322,0.495,-0.571,0.106,-0.811,0.695,0.417,-0.32,0.314,0.444,0.349,0.459,0.607,-0.415,0.566,0.472,0.094,0.447,0.617,-0.767,0.482,0.474,0.0,0.468,0.548,0.462,0.471,0.491,0.773,0.047,0.557,0.254,-0.185,0.425,0.495,0.242,-0.379,0.55,-0.057,0.555,0.584,-0.651,0.525,0.502,0.154,0.528,0.404,0.56,0.494,-0.222,0.433,0.159,0.572,-0.498,0.575,0.494,-0.544,0.623,0.602,0.59,0.468,0.337,0.649,-0.426,0.603,-0.564,0.419,-0.446,0.503,0.495,0.545,0.572,0.486,-0.263,-0.21,-0.68,-0.429,0.515,0.015,0.606,0.509,0.299,0.099,0.649,0.673,-0.16,0.426,-0.344,-0.473,0.41,-0.147,0.539,0.694,-0.401,0.6,0.625,0.473,-0.343,0.282,0.318,-0.354,-0.66,0.52,0.347,-0.191,-0.121,0.417,-0.645,0.54,0.626,0.518,0.486,-0.06,0.487,-0.4,0.573,-0.012,0.632,0.463,0.401,0.593,0.387,-0.658,0.187,0.618,0.66,0.108,-0.498,0.616,-0.618,-0.035,0.502,0.222,-0.542,-0.449,0.031,0.167,0.601,-0.123,-0.493,0.163,0.589,0.159,0.522,0.178,0.495,0.612,0.41,0.511,0.378,0.283,0.628,-0.016,0.617,0.337,0.088,-0.078,0.503,0.011,-0.018,0.185,0.454,0.404,0.596,0.633,0.56,0.454,0.581,-0.442,0.597,0.427,0.276,0.523,0.03,-0.23,0.324,-0.599,0.548,0.1,0.404,0.553,0.603,-0.208,-0.415,0.675,0.665,-0.031,0.639,0.446,0.137,0.801,0.648,0.161,0.738
CG,0.499,0.757,-0.088,0.66,0.892,0.614,0.414,0.675,-0.676,0.792,-0.434,0.877,0.919,-0.245,0.743,0.903,0.79,0.924,0.886,-0.025,0.942,0.772,0.754,0.874,0.927,-0.173,0.964,0.963,0.468,0.0,0.96,0.913,0.867,0.915,0.682,0.082,0.937,0.726,-0.161,0.955,0.925,0.787,0.131,0.959,0.485,0.947,0.932,-0.374,0.875,0.899,0.622,0.952,0.837,0.763,0.86,-0.046,0.91,0.83,0.962,-0.836,0.949,0.932,-0.307,0.905,0.945,0.961,0.85,0.136,0.873,-0.147,0.859,-0.519,0.877,0.179,0.902,0.544,0.738,0.942,0.788,0.37,-0.093,-0.552,0.337,0.847,0.581,0.762,0.696,0.468,0.45,0.833,0.54,0.583,0.939,-0.346,0.075,0.519,0.122,0.713,0.716,-0.63,0.848,0.855,0.704,-0.376,0.186,0.431,-0.396,-0.491,0.9,0.923,-0.506,0.317,0.909,-0.637,0.899,0.892,0.788,0.964,-0.15,0.936,0.165,0.691,0.423,0.871,0.885,0.958,0.88,0.893,-0.403,0.269,0.737,0.92,0.731,-0.296,0.902,-0.592,0.416,0.938,0.904,-0.628,-0.181,0.694,0.894,0.778,0.15,-0.687,0.391,0.955,0.641,0.88,0.78,0.948,0.909,0.957,0.929,0.77,0.078,0.898,0.451,0.909,0.907,0.853,0.591,0.976,0.76,0.602,0.821,0.828,0.455,0.911,0.898,0.945,0.755,0.93,-0.408,0.956,0.943,0.832,0.802,-0.092,-0.458,0.639,-0.368,0.92,0.426,0.67,0.672,0.645,-0.171,-0.602,0.719,0.899,-0.236,0.918,0.9,0.858,0.819,0.936,0.684,0.8
CGBD,0.597,0.815,-0.253,0.585,0.887,0.679,0.295,0.731,-0.785,0.794,-0.574,0.926,0.951,-0.305,0.746,0.87,0.697,0.944,0.879,-0.113,0.972,0.844,0.642,0.838,0.953,-0.306,0.944,0.965,0.548,0.96,0.0,0.915,0.812,0.944,0.724,0.065,0.961,0.704,-0.28,0.943,0.893,0.751,-0.045,0.95,0.347,0.924,0.941,-0.529,0.91,0.947,0.494,0.958,0.795,0.856,0.808,-0.075,0.891,0.71,0.972,-0.865,0.956,0.891,-0.462,0.937,0.964,0.957,0.859,0.096,0.921,-0.204,0.92,-0.66,0.904,0.12,0.94,0.6,0.795,0.962,0.834,0.382,-0.133,-0.676,0.303,0.896,0.59,0.816,0.777,0.462,0.31,0.895,0.531,0.484,0.938,-0.454,-0.011,0.548,-0.015,0.804,0.775,-0.721,0.841,0.832,0.765,-0.513,0.128,0.33,-0.512,-0.614,0.922,0.876,-0.597,0.235,0.927,-0.756,0.943,0.917,0.818,0.966,-0.232,0.952,0.036,0.727,0.268,0.877,0.93,0.944,0.923,0.907,-0.519,0.178,0.765,0.942,0.768,-0.44,0.939,-0.719,0.322,0.934,0.837,-0.733,-0.325,0.557,0.854,0.826,0.082,-0.686,0.27,0.965,0.569,0.884,0.751,0.948,0.94,0.945,0.943,0.806,0.077,0.899,0.451,0.92,0.872,0.769,0.42,0.977,0.661,0.605,0.815,0.794,0.532,0.9,0.906,0.97,0.814,0.944,-0.543,0.968,0.899,0.778,0.879,-0.162,-0.482,0.704,-0.497,0.937,0.42,0.687,0.626,0.691,-0.192,-0.663,0.747,0.948,-0.283,0.944,0.926,0.817,0.881,0.952,0.664,0.832
