,ACET,ADAP,ADI,ADPT,ADTN,AGEN,ALGN,ALLK,AMD,AMWD,ARDX,ARQT,ASTE,AUPH,AVXL,AZTA,BAND,BECN,BFC,BGC,BHF,BHFAL,BKNG,BL,BOKF,BRKR,CACC,CAR,CDNA,CG,CGBD,CHI,CHTR,CHX,CLNE,CME,CNOB,CNXN,CPRX,CSGP,CSGS,CSIQ,CVCO,CVLT,CYRX,DDOG,DOOO,DSGX,DTIL,ECPG,EEFT,EFSC,ENTG,ESPR,ETSY,EXC,FAMI,FFIV,FITB,FIZZ,FMBH,FOX,FTNT,FULT,GABC,GEN,GH,GMAB,GNPX,GO,GOGL,GOOG,GPRO,GSHD,GSM,GWAV,HAIN,HBAN,HEPA,HURN,HWKN,IBIO,ICFI,IGMS,IMKTA,INCY,INO,IRDM,IRTC,IRWD,ITCI,JACK,JD,JJSF,KALA,KHC,KLAC,KRRO,KRYS,LANC,LBTYA,LIVN,LKCO,LNTH,LOGI,LPRO,LRCX,LSCC,LSTR,MAR,MARA,MCHP,MEOH,META,MGTX,MKSI,MMYT,MORN,MRUS,MTLS,MTSI,MVIS,MXL,NBIX,NFE,NMIH,NMRK,NNDM,NSIT,NTCT,NVAX,OCUL,ODP,OLED,ONB,OTEX,PACB,PATK,PAYX,PEP,PERI,PI,PLYA,PRDO,PRGS,PTGX,QCOM,QCRH,QDEL,QFIN,RGEN,RILY,RPAY,RPD,SABR,SEDG,SHEN,SIRI,SLNO,SNDL,SNEX,SONO,SPT,SSNC,STGW,STKL,STRL,STX,SWTX,SYNA,TFSL,TIGR,TNXP,TOWN,TRI,TRIP,TRMB,TRNS,TRS,TSCO,TSEM,TVTX,TXRH,VC,VCEL,VECO,VIAV,VICR,VIR,VRTX,VSTM,VTRS,WDFC,WSBC,WSC,WYNN,XENE,XNCR,XRAY,ZS
ACET,0.0,0.122,0.021,0.226,0.087,0.297,0.236,0.551,0.247,0.049,0.311,0.403,0.107,0.193,0.289,-0.289,-0.117,0.264,-0.024,0.086,0.22,0.379,0.189,0.187,-0.295,0.34,0.062,0.386,0.249,0.115,0.146,0.248,0.165,0.144,0.193,-0.032,-0.093,0.423,0.133,0.295,0.373,0.025,0.285,-0.25,0.296,0.275,0.135,0.229,0.341,0.139,0.233,-0.056,0.107,-0.095,-0.005,-0.199,0.127,0.382,0.057,-0.18,0.248,0.025,0.047,-0.232,0.138,0.355,0.146,-0.237,0.402,0.083,-0.07,0.339,0.173,0.093,0.109,0.388,0.097,0.066,0.35,0.153,0.194,0.288,0.269,0.39,-0.12,0.29,0.344,0.105,0.208,0.169,0.106,0.031,-0.081,0.018,0.353,-0.08,0.073,0.421,0.739,-0.254,0.091,0.393,-0.285,0.543,-0.48,0.216,0.196,0.137,-0.319,0.274,0.286,0.022,0.125,0.24,0.586,0.095,0.258,0.188,0.329,0.385,-0.034,0.296,0.191,0.028,-0.261,0.507,0.286,-0.166,0.174,-0.051,0.146,0.173,0.248,0.165,0.118,0.328,0.217,-0.01,0.245,-0.322,0.15,0.116,0.433,0.022,0.18,0.239,0.172,0.131,0.036,0.032,0.283,0.271,0.314,0.299,0.216,0.136,0.199,0.056,0.234,0.39,-0.172,0.048,0.395,0.285,0.061,-0.234,0.177,0.179,0.345,0.235,0.332,-0.371,0.179,0.079,0.301,0.177,0.316,0.079,0.23,0.181,-0.27,0.457,-0.126,0.047,0.393,0.132,0.194,0.305,-0.043,0.421,0.261,0.047,0.328,-0.12,0.139,0.125,0.029,0.285,0.337,0.472
ADAP,0.122,0.0,0.485,0.593,0.66,0.444,0.687,-0.094,0.372,0.347,0.7,0.258,-0.602,0.814,0.8,0.714,-0.518,-0.206,-0.487,0.734,0.719,0.134,0.739,0.67,-0.212,0.425,-0.784,0.454,0.334,0.636,0.729,0.329,0.755,0.571,0.237,0.722,0.617,0.093,0.509,0.259,0.83,0.561,0.564,-0.053,0.609,-0.761,0.7,0.37,0.879,0.735,0.577,0.419,0.599,0.536,-0.011,0.521,0.57,0.453,0.785,-0.772,-0.007,0.749,-0.174,-0.006,0.33,0.4,0.127,-0.25,0.699,-0.341,-0.42,0.21,0.662,-0.542,0.573,-0.001,0.733,0.795,0.494,-0.638,-0.717,0.648,0.381,0.328,-0.424,-0.033,0.442,0.76,0.067,-0.33,-0.232,0.542,0.884,-0.238,0.64,0.748,0.565,0.612,0.394,-0.214,0.872,0.749,0.312,-0.159,0.181,0.618,0.548,0.454,0.549,0.496,0.463,0.59,0.638,0.786,0.715,0.785,-0.21,0.575,0.654,0.12,0.332,0.659,0.419,-0.307,-0.294,0.109,0.702,0.692,0.685,-0.567,0.762,0.708,0.772,0.496,0.579,0.639,0.357,0.671,0.583,-0.487,0.83,0.287,0.468,0.58,0.754,0.715,0.507,0.01,0.701,0.909,-0.074,0.42,0.573,-0.066,0.863,-0.182,0.394,0.575,0.649,0.608,-0.478,0.677,-0.044,0.642,0.511,0.726,0.234,0.658,0.825,0.548,0.533,-0.706,0.656,-0.147,0.75,0.712,0.621,0.666,0.591,0.264,-0.097,0.198,0.314,0.822,0.363,0.621,0.796,0.544,0.448,0.12,0.659,0.926,0.413,0.216,-0.226,0.782,-0.458,0.576,0.579,-0.472
ADI,0.021,0.485,0.0,0.754,0.888,0.634,0.683,-0.18,0.835,0.669,0.492,-0.351,-0.554,0.716,0.725,0.693,-0.083,0.397,-0.436,0.822,0.749,-0.336,0.659,0.831,0.139,-0.008,-0.468,0.675,0.698,0.754,0.597,0.604,0.601,0.719,0.774,0.727,0.752,0.418,0.607,0.786,0.287,0.825,0.727,-0.455,0.632,-0.117,0.763,0.743,0.627,0.695,0.675,0.571,0.795,0.779,0.605,0.438,0.69,0.794,0.659,-0.442,0.419,0.735,0.203,-0.018,0.586,0.687,0.599,-0.456,0.155,0.42,0.226,0.658,0.771,0.15,0.761,0.144,0.75,0.686,0.648,-0.163,-0.166,0.653,0.71,0.618,0.198,-0.002,0.758,0.767,0.632,-0.683,-0.543,0.81,0.497,0.098,0.114,0.616,0.883,0.483,-0.026,-0.43,0.69,0.649,0.494,0.16,-0.129,0.745,0.851,0.81,0.832,0.711,0.667,0.934,0.737,0.698,0.494,0.78,0.09,0.766,0.253,0.593,0.643,0.8,0.785,-0.699,0.192,0.261,0.689,0.594,0.679,-0.38,0.74,0.703,0.701,0.766,0.649,0.679,0.637,0.712,0.735,-0.417,0.743,0.651,0.506,0.708,0.687,0.588,0.804,0.271,0.038,0.528,0.431,0.748,0.771,0.477,0.612,0.401,0.625,0.81,0.445,0.679,-0.451,0.801,0.417,0.66,0.835,0.476,0.291,0.678,0.545,0.781,0.58,-0.311,0.692,0.304,0.579,0.685,0.73,0.724,0.641,0.077,0.302,0.069,0.745,0.722,0.617,0.842,0.745,0.7,0.701,0.31,0.709,0.533,0.642,0.225,0.492,0.706,-0.562,0.644,0.587,-0.16
ADPT,0.226,0.593,0.754,0.0,0.806,0.908,0.929,0.108,0.916,0.759,0.767,-0.197,-0.675,0.915,0.852,0.495,-0.504,0.342,-0.789,0.889,0.778,-0.336,0.904,0.772,-0.278,0.227,-0.715,0.907,0.928,0.942,0.764,0.889,0.862,0.915,0.766,0.852,0.659,0.581,0.851,0.741,0.483,0.925,0.968,-0.711,0.941,-0.265,0.892,0.757,0.779,0.911,0.904,0.444,0.954,0.867,0.678,0.176,0.927,0.714,0.657,-0.71,0.224,0.851,0.016,-0.415,0.58,0.869,0.757,-0.793,0.309,0.327,0.321,0.792,0.964,0.168,0.945,0.462,0.895,0.614,0.929,-0.347,-0.083,0.887,0.508,0.885,-0.121,0.346,0.913,0.896,0.761,-0.782,-0.742,0.897,0.508,0.004,0.188,0.527,0.916,0.786,0.299,-0.68,0.847,0.782,0.566,0.462,-0.451,0.945,0.897,0.946,0.713,0.921,0.939,0.866,0.932,0.902,0.727,0.905,0.367,0.951,0.403,0.782,0.51,0.776,0.94,-0.8,-0.228,0.594,0.913,0.55,0.906,-0.761,0.89,0.932,0.927,0.946,0.608,0.927,0.922,0.809,0.694,-0.828,0.882,0.863,0.82,0.728,0.802,0.787,0.932,0.168,0.118,0.653,0.706,0.823,0.931,0.253,0.768,0.48,0.892,0.653,0.661,0.927,-0.694,0.919,0.63,0.921,0.805,0.364,0.214,0.874,0.798,0.965,0.78,-0.426,0.922,0.031,0.786,0.939,0.934,0.893,0.892,-0.023,0.055,0.393,0.844,0.842,0.871,0.923,0.885,0.937,0.803,0.715,0.956,0.596,0.904,-0.111,0.438,0.898,-0.768,0.931,0.915,-0.108
ADTN,0.087,0.66,0.888,0.806,0.0,0.72,0.78,-0.045,0.807,0.607,0.689,-0.24,-0.674,0.837,0.835,0.712,-0.285,0.156,-0.5,0.896,0.853,-0.245,0.779,0.875,0.086,0.159,-0.573,0.674,0.695,0.849,0.775,0.633,0.777,0.82,0.672,0.839,0.87,0.344,0.716,0.763,0.517,0.848,0.797,-0.455,0.706,-0.345,0.835,0.733,0.739,0.813,0.781,0.711,0.843,0.786,0.464,0.545,0.725,0.777,0.822,-0.578,0.442,0.863,0.041,0.033,0.725,0.701,0.467,-0.493,0.322,0.2,0.118,0.617,0.853,-0.072,0.803,0.199,0.862,0.822,0.729,-0.246,-0.255,0.763,0.713,0.625,-0.004,-0.018,0.746,0.87,0.566,-0.669,-0.538,0.862,0.649,0.047,0.305,0.775,0.861,0.653,0.159,-0.387,0.833,0.743,0.484,0.076,-0.166,0.807,0.81,0.77,0.828,0.745,0.736,0.883,0.829,0.835,0.677,0.865,-0.03,0.831,0.466,0.535,0.509,0.784,0.792,-0.71,0.041,0.339,0.808,0.658,0.808,-0.527,0.772,0.799,0.829,0.786,0.806,0.783,0.64,0.846,0.797,-0.514,0.847,0.598,0.646,0.845,0.862,0.775,0.787,0.394,0.207,0.717,0.384,0.676,0.814,0.309,0.719,0.24,0.644,0.757,0.592,0.75,-0.567,0.813,0.315,0.793,0.791,0.612,0.437,0.763,0.729,0.804,0.744,-0.492,0.816,0.312,0.742,0.79,0.804,0.827,0.779,0.219,0.035,0.172,0.688,0.816,0.663,0.867,0.87,0.757,0.708,0.301,0.789,0.705,0.707,0.315,0.371,0.815,-0.638,0.713,0.709,-0.346
AGEN,0.297,0.444,0.634,0.908,0.72,0.0,0.803,0.199,0.843,0.729,0.654,-0.236,-0.524,0.816,0.76,0.331,-0.346,0.387,-0.677,0.815,0.717,-0.34,0.783,0.69,-0.256,0.213,-0.589,0.862,0.899,0.833,0.703,0.872,0.758,0.842,0.744,0.696,0.606,0.642,0.87,0.764,0.391,0.846,0.915,-0.798,0.825,-0.151,0.753,0.587,0.672,0.807,0.821,0.447,0.85,0.781,0.708,0.04,0.804,0.652,0.533,-0.592,0.319,0.776,-0.095,-0.37,0.608,0.849,0.746,-0.796,0.222,0.378,0.387,0.827,0.909,0.332,0.87,0.427,0.784,0.482,0.891,-0.156,0.105,0.861,0.493,0.894,-0.064,0.434,0.921,0.763,0.81,-0.665,-0.771,0.809,0.418,0.126,0.066,0.422,0.79,0.712,0.406,-0.628,0.719,0.684,0.541,0.55,-0.608,0.852,0.78,0.871,0.584,0.884,0.916,0.728,0.823,0.81,0.668,0.752,0.402,0.856,0.322,0.793,0.31,0.672,0.884,-0.714,-0.171,0.637,0.828,0.467,0.807,-0.666,0.741,0.814,0.823,0.88,0.543,0.844,0.874,0.701,0.621,-0.798,0.755,0.787,0.802,0.736,0.747,0.689,0.853,0.223,-0.015,0.49,0.738,0.74,0.847,0.271,0.617,0.561,0.897,0.557,0.534,0.86,-0.691,0.815,0.671,0.821,0.778,0.181,0.284,0.737,0.715,0.882,0.701,-0.302,0.877,0.15,0.673,0.828,0.82,0.785,0.843,-0.066,0.008,0.387,0.822,0.658,0.864,0.82,0.761,0.854,0.784,0.738,0.893,0.398,0.906,-0.122,0.508,0.8,-0.693,0.88,0.87,-0.107
ALGN,0.236,0.687,0.683,0.929,0.78,0.803,0.0,0.115,0.83,0.644,0.893,-0.035,-0.702,0.948,0.906,0.502,-0.696,0.167,-0.832,0.89,0.738,-0.233,0.977,0.788,-0.356,0.397,-0.764,0.862,0.854,0.97,0.861,0.825,0.956,0.902,0.585,0.904,0.677,0.455,0.751,0.656,0.671,0.872,0.935,-0.62,0.967,-0.448,0.887,0.786,0.848,0.965,0.962,0.428,0.946,0.788,0.446,0.336,0.924,0.738,0.778,-0.848,0.098,0.881,-0.075,-0.456,0.558,0.829,0.537,-0.775,0.51,0.081,0.113,0.701,0.936,-0.088,0.899,0.5,0.944,0.705,0.882,-0.488,-0.217,0.912,0.499,0.79,-0.357,0.217,0.781,0.933,0.638,-0.757,-0.701,0.889,0.612,-0.223,0.421,0.594,0.866,0.909,0.3,-0.669,0.917,0.884,0.486,0.314,-0.31,0.965,0.833,0.85,0.694,0.89,0.893,0.811,0.938,0.962,0.817,0.939,0.245,0.956,0.53,0.684,0.375,0.748,0.856,-0.795,-0.42,0.645,0.962,0.539,0.974,-0.861,0.891,0.958,0.944,0.912,0.675,0.97,0.828,0.861,0.789,-0.847,0.931,0.769,0.87,0.672,0.858,0.895,0.862,0.151,0.232,0.803,0.615,0.76,0.927,0.13,0.832,0.205,0.771,0.571,0.861,0.927,-0.787,0.869,0.505,0.967,0.678,0.543,0.295,0.953,0.899,0.934,0.875,-0.613,0.931,-0.062,0.922,0.98,0.969,0.951,0.935,0.186,-0.154,0.466,0.743,0.918,0.862,0.895,0.957,0.93,0.651,0.62,0.95,0.76,0.851,-0.071,0.263,0.952,-0.82,0.904,0.953,-0.13
ALLK,0.551,-0.094,-0.18,0.108,-0.045,0.199,0.115,0.0,0.053,-0.262,0.331,0.244,0.235,-0.026,0.091,-0.271,-0.184,-0.14,0.06,-0.059,0.029,0.507,-0.013,0.052,-0.211,0.548,0.271,0.02,0.072,0.044,0.129,0.071,0.091,-0.041,-0.159,-0.114,-0.14,0.224,0.029,0.182,0.223,-0.166,0.084,-0.155,0.132,0.296,-0.107,0.143,0.0,0.009,0.156,0.018,-0.058,-0.162,-0.136,-0.071,-0.089,0.172,-0.086,-0.011,0.098,-0.076,-0.055,-0.081,0.205,0.141,-0.018,-0.105,0.337,-0.001,0.008,0.186,0.036,0.067,-0.129,0.365,-0.073,-0.064,0.08,0.29,0.338,0.13,-0.043,0.066,-0.305,0.058,0.05,-0.117,0.254,0.198,0.178,-0.06,-0.153,-0.07,0.322,-0.196,-0.181,0.351,0.454,0.013,-0.045,0.069,-0.468,0.339,-0.238,0.007,-0.184,-0.07,-0.385,-0.037,0.05,-0.235,-0.056,0.07,0.372,-0.131,0.112,0.042,0.504,0.169,-0.225,0.039,0.058,0.085,-0.329,0.571,0.093,-0.4,0.054,0.0,-0.103,-0.056,0.034,-0.026,0.076,0.159,0.025,-0.073,-0.037,-0.227,-0.117,-0.009,0.302,-0.037,0.006,0.161,-0.122,0.241,0.062,0.017,0.4,-0.167,0.072,0.248,-0.044,0.046,-0.017,-0.332,0.205,0.134,-0.034,-0.118,0.424,0.157,-0.29,-0.214,0.508,-0.029,0.238,-0.01,0.242,-0.311,-0.022,0.093,0.178,0.002,0.087,-0.037,0.112,0.329,-0.6,0.71,-0.208,-0.168,0.332,-0.156,0.018,0.085,-0.135,0.178,0.057,-0.142,0.163,-0.147,-0.06,-0.084,0.144,0.032,0.206,0.439
AMD,0.247,0.372,0.835,0.916,0.807,0.843,0.83,0.053,0.0,0.768,0.625,-0.341,-0.589,0.782,0.733,0.384,-0.317,0.502,-0.669,0.809,0.695,-0.445,0.794,0.732,-0.118,0.051,-0.497,0.894,0.936,0.876,0.636,0.889,0.718,0.879,0.868,0.762,0.629,0.631,0.784,0.833,0.286,0.902,0.913,-0.749,0.843,-0.007,0.833,0.83,0.624,0.791,0.841,0.448,0.913,0.839,0.775,0.141,0.862,0.772,0.56,-0.517,0.375,0.738,0.181,-0.366,0.618,0.879,0.777,-0.752,0.102,0.51,0.497,0.86,0.879,0.332,0.901,0.482,0.801,0.522,0.895,-0.145,0.12,0.795,0.611,0.901,0.112,0.312,0.912,0.816,0.818,-0.797,-0.73,0.875,0.305,0.084,0.019,0.429,0.933,0.681,0.152,-0.685,0.688,0.698,0.57,0.508,-0.525,0.886,0.925,0.954,0.704,0.903,0.913,0.888,0.875,0.784,0.607,0.809,0.421,0.913,0.219,0.86,0.556,0.722,0.956,-0.852,-0.029,0.604,0.815,0.448,0.812,-0.609,0.777,0.835,0.809,0.931,0.592,0.849,0.909,0.747,0.708,-0.694,0.764,0.875,0.762,0.683,0.71,0.674,0.933,0.287,-0.132,0.458,0.751,0.851,0.918,0.369,0.614,0.58,0.862,0.645,0.536,0.871,-0.592,0.83,0.661,0.844,0.815,0.249,0.212,0.794,0.621,0.945,0.751,-0.272,0.845,0.211,0.66,0.831,0.893,0.815,0.824,-0.045,0.156,0.262,0.847,0.733,0.852,0.907,0.785,0.906,0.765,0.697,0.856,0.421,0.891,-0.057,0.673,0.78,-0.721,0.855,0.818,0.04
AMWD,0.049,0.347,0.669,0.759,0.607,0.729,0.644,-0.262,0.768,0.0,0.38,-0.324,-0.458,0.677,0.534,0.341,-0.239,0.635,-0.614,0.671,0.596,-0.616,0.67,0.482,-0.161,-0.094,-0.558,0.803,0.781,0.691,0.46,0.808,0.554,0.737,0.81,0.635,0.536,0.588,0.715,0.623,0.221,0.79,0.778,-0.648,0.692,-0.096,0.689,0.508,0.551,0.641,0.614,0.259,0.767,0.671,0.766,-0.024,0.779,0.524,0.384,-0.4,0.265,0.654,0.152,-0.373,0.395,0.786,0.756,-0.64,-0.058,0.486,0.483,0.686,0.754,0.431,0.834,0.31,0.67,0.379,0.798,-0.212,0.086,0.635,0.474,0.81,0.296,0.458,0.792,0.687,0.61,-0.639,-0.775,0.689,0.321,0.287,-0.23,0.366,0.79,0.408,0.143,-0.546,0.579,0.485,0.749,0.483,-0.512,0.716,0.811,0.849,0.663,0.824,0.792,0.757,0.732,0.61,0.398,0.698,0.482,0.725,-0.095,0.714,0.536,0.563,0.78,-0.636,0.017,0.309,0.672,0.515,0.641,-0.48,0.67,0.728,0.719,0.771,0.344,0.651,0.814,0.604,0.544,-0.535,0.679,0.788,0.541,0.619,0.572,0.426,0.864,0.125,-0.121,0.324,0.533,0.773,0.701,0.158,0.51,0.671,0.856,0.73,0.318,0.751,-0.465,0.741,0.502,0.651,0.777,0.123,-0.085,0.651,0.429,0.801,0.479,0.018,0.71,0.058,0.5,0.696,0.687,0.66,0.697,-0.264,0.426,-0.08,0.829,0.627,0.567,0.784,0.59,0.731,0.738,0.702,0.719,0.346,0.75,-0.059,0.658,0.697,-0.684,0.775,0.672,-0.086
ARDX,0.311,0.7,0.492,0.767,0.689,0.654,0.893,0.331,0.625,0.38,0.0,0.074,-0.628,0.829,0.83,0.468,-0.754,-0.121,-0.633,0.727,0.706,0.044,0.862,0.725,-0.212,0.578,-0.593,0.638,0.651,0.848,0.874,0.636,0.923,0.78,0.328,0.817,0.673,0.221,0.64,0.57,0.801,0.663,0.777,-0.475,0.816,-0.513,0.757,0.666,0.776,0.845,0.868,0.537,0.778,0.596,0.181,0.51,0.71,0.643,0.813,-0.746,0.17,0.822,-0.198,-0.233,0.642,0.647,0.226,-0.618,0.629,-0.113,-0.037,0.495,0.794,-0.34,0.704,0.494,0.842,0.765,0.747,-0.355,-0.261,0.794,0.47,0.556,-0.468,0.041,0.558,0.81,0.479,-0.511,-0.487,0.748,0.592,-0.235,0.597,0.654,0.645,0.926,0.419,-0.436,0.84,0.801,0.236,0.102,-0.168,0.798,0.581,0.61,0.535,0.689,0.71,0.593,0.796,0.867,0.88,0.807,0.009,0.802,0.736,0.495,0.18,0.595,0.673,-0.595,-0.446,0.614,0.861,0.473,0.884,-0.76,0.703,0.806,0.842,0.709,0.762,0.854,0.59,0.817,0.742,-0.683,0.809,0.511,0.849,0.625,0.831,0.909,0.629,0.336,0.393,0.834,0.476,0.458,0.763,-0.006,0.708,-0.03,0.528,0.415,0.865,0.78,-0.694,0.661,0.315,0.871,0.413,0.632,0.525,0.832,0.899,0.737,0.889,-0.721,0.791,0.069,0.902,0.837,0.832,0.84,0.859,0.491,-0.463,0.589,0.48,0.783,0.758,0.699,0.869,0.745,0.449,0.432,0.803,0.76,0.723,0.139,0.074,0.811,-0.647,0.725,0.847,-0.183
ARQT,0.403,0.258,-0.351,-0.197,-0.24,-0.236,-0.035,0.244,-0.341,-0.324,0.074,0.0,0.192,-0.049,-0.025,-0.192,-0.237,-0.217,0.032,-0.161,-0.155,0.592,-0.021,-0.225,-0.525,0.365,-0.107,-0.136,-0.332,-0.199,-0.047,-0.249,-0.036,-0.289,-0.458,-0.184,-0.378,-0.054,-0.316,-0.414,0.413,-0.366,-0.192,0.472,0.006,-0.156,-0.21,-0.167,0.173,-0.065,-0.142,-0.45,-0.277,-0.4,-0.583,-0.088,-0.128,-0.123,-0.057,-0.211,-0.385,-0.2,0.048,-0.169,-0.407,-0.1,-0.317,0.294,0.522,-0.529,-0.557,-0.208,-0.186,-0.369,-0.286,-0.031,-0.182,-0.072,-0.183,-0.354,-0.227,-0.104,-0.288,-0.212,-0.397,0.107,-0.278,-0.164,-0.439,0.384,0.457,-0.393,0.129,-0.253,0.492,-0.157,-0.328,0.09,0.352,0.104,-0.007,0.119,-0.328,0.056,0.203,-0.145,-0.24,-0.321,-0.458,-0.196,-0.193,-0.334,-0.227,-0.001,0.193,-0.116,0.003,-0.217,0.217,-0.273,-0.091,-0.001,-0.353,0.411,-0.537,0.036,-0.025,-0.168,-0.127,0.047,-0.009,-0.075,-0.046,-0.291,-0.292,-0.023,-0.24,-0.285,-0.131,-0.053,-0.05,-0.266,-0.085,-0.404,-0.155,-0.07,-0.287,-0.327,0.482,0.165,-0.297,-0.145,-0.178,0.001,0.276,-0.358,-0.223,-0.238,0.164,-0.002,0.108,-0.182,-0.173,-0.027,-0.388,-0.041,-0.069,-0.106,0.161,-0.21,-0.131,-0.368,-0.191,-0.505,0.178,-0.05,-0.09,-0.213,-0.19,0.027,-0.219,0.172,-0.501,-0.015,-0.227,-0.284,-0.065,-0.089,-0.342,-0.056,-0.127,0.245,-0.29,-0.23,-0.497,-0.058,0.16,-0.062,-0.051,0.31
ASTE,0.107,-0.602,-0.554,-0.675,-0.674,-0.524,-0.702,0.235,-0.589,-0.458,-0.628,0.192,0.0,-0.734,-0.644,-0.478,0.544,0.043,0.694,-0.674,-0.518,0.34,-0.753,-0.573,0.051,0.099,0.635,-0.535,-0.608,-0.767,-0.607,-0.593,-0.735,-0.767,-0.478,-0.848,-0.625,-0.136,-0.669,-0.373,-0.386,-0.78,-0.648,0.361,-0.677,0.54,-0.779,-0.648,-0.555,-0.778,-0.694,-0.453,-0.769,-0.772,-0.377,-0.34,-0.739,-0.354,-0.694,0.617,-0.061,-0.737,-0.008,0.234,-0.525,-0.466,-0.387,0.468,-0.105,0.013,-0.179,-0.408,-0.712,0.242,-0.757,-0.297,-0.765,-0.58,-0.618,0.472,0.324,-0.573,-0.292,-0.511,0.18,-0.207,-0.512,-0.82,-0.324,0.684,0.515,-0.759,-0.47,0.211,-0.172,-0.58,-0.757,-0.606,0.01,0.506,-0.732,-0.586,-0.488,0.026,0.049,-0.732,-0.679,-0.665,-0.745,-0.653,-0.644,-0.726,-0.818,-0.717,-0.447,-0.806,-0.109,-0.754,-0.274,-0.394,-0.454,-0.407,-0.678,0.679,0.123,-0.141,-0.672,-0.516,-0.762,0.717,-0.711,-0.796,-0.705,-0.725,-0.602,-0.645,-0.63,-0.791,-0.551,0.55,-0.767,-0.636,-0.565,-0.562,-0.668,-0.711,-0.695,-0.151,-0.298,-0.649,-0.26,-0.529,-0.645,0.214,-0.634,-0.018,-0.563,-0.494,-0.525,-0.572,0.555,-0.738,-0.1,-0.707,-0.593,-0.57,-0.054,-0.775,-0.584,-0.704,-0.632,0.381,-0.769,-0.01,-0.592,-0.759,-0.718,-0.772,-0.68,-0.025,-0.044,-0.139,-0.611,-0.787,-0.521,-0.764,-0.745,-0.69,-0.706,-0.378,-0.688,-0.648,-0.55,-0.108,-0.212,-0.75,0.612,-0.708,-0.609,0.409
AUPH,0.193,0.814,0.716,0.915,0.837,0.816,0.948,-0.026,0.782,0.677,0.829,-0.049,-0.734,0.0,0.948,0.609,-0.589,0.145,-0.777,0.951,0.822,-0.237,0.963,0.833,-0.297,0.336,-0.835,0.841,0.802,0.937,0.876,0.763,0.947,0.889,0.616,0.908,0.748,0.431,0.791,0.649,0.7,0.898,0.919,-0.568,0.906,-0.555,0.909,0.676,0.92,0.967,0.907,0.498,0.93,0.812,0.437,0.374,0.894,0.706,0.829,-0.861,0.146,0.925,-0.139,-0.321,0.556,0.775,0.53,-0.703,0.528,0.029,0.007,0.658,0.955,-0.134,0.908,0.34,0.965,0.778,0.858,-0.519,-0.367,0.931,0.547,0.763,-0.32,0.201,0.807,0.963,0.566,-0.719,-0.688,0.88,0.746,-0.144,0.412,0.703,0.875,0.837,0.361,-0.593,0.974,0.886,0.536,0.224,-0.264,0.944,0.851,0.837,0.748,0.882,0.864,0.84,0.932,0.98,0.808,0.967,0.136,0.923,0.529,0.595,0.384,0.794,0.819,-0.728,-0.325,0.49,0.956,0.679,0.953,-0.818,0.915,0.959,0.97,0.886,0.698,0.938,0.775,0.876,0.797,-0.801,0.979,0.701,0.806,0.769,0.919,0.885,0.861,0.131,0.316,0.845,0.453,0.762,0.908,0.113,0.873,0.192,0.781,0.686,0.787,0.901,-0.785,0.911,0.399,0.923,0.784,0.595,0.272,0.92,0.917,0.908,0.809,-0.61,0.951,-0.03,0.891,0.968,0.927,0.938,0.904,0.132,-0.058,0.34,0.738,0.936,0.774,0.922,0.97,0.889,0.707,0.532,0.957,0.822,0.822,0.028,0.203,0.983,-0.797,0.894,0.906,-0.323
AVXL,0.289,0.8,0.725,0.852,0.835,0.76,0.906,0.091,0.733,0.534,0.83,-0.025,-0.644,0.948,0.0,0.634,-0.518,0.083,-0.652,0.922,0.841,-0.073,0.894,0.915,-0.219,0.43,-0.742,0.785,0.73,0.88,0.876,0.641,0.905,0.817,0.561,0.83,0.741,0.367,0.685,0.669,0.715,0.827,0.857,-0.523,0.841,-0.505,0.855,0.661,0.921,0.918,0.879,0.548,0.867,0.741,0.329,0.453,0.79,0.791,0.854,-0.845,0.174,0.869,-0.169,-0.218,0.573,0.7,0.456,-0.651,0.633,0.008,-0.131,0.625,0.898,-0.196,0.81,0.27,0.927,0.822,0.764,-0.451,-0.407,0.894,0.605,0.672,-0.379,0.049,0.77,0.898,0.57,-0.631,-0.565,0.849,0.74,-0.227,0.568,0.712,0.816,0.856,0.403,-0.567,0.935,0.914,0.355,0.16,-0.179,0.898,0.795,0.751,0.691,0.802,0.765,0.806,0.858,0.953,0.854,0.907,0.008,0.87,0.659,0.539,0.3,0.838,0.759,-0.664,-0.274,0.493,0.91,0.607,0.902,-0.727,0.865,0.87,0.902,0.817,0.75,0.894,0.656,0.831,0.817,-0.752,0.927,0.579,0.798,0.724,0.9,0.911,0.773,0.149,0.328,0.831,0.414,0.728,0.884,0.255,0.835,0.084,0.645,0.667,0.795,0.844,-0.79,0.864,0.422,0.863,0.751,0.609,0.373,0.876,0.931,0.836,0.8,-0.737,0.874,0.028,0.861,0.896,0.891,0.893,0.844,0.287,-0.156,0.464,0.635,0.88,0.796,0.869,0.961,0.819,0.603,0.397,0.905,0.817,0.755,0.09,0.093,0.916,-0.678,0.806,0.849,-0.295
AZTA,-0.289,0.714,0.693,0.495,0.712,0.331,0.502,-0.271,0.384,0.341,0.468,-0.192,-0.478,0.609,0.634,0.0,-0.184,-0.152,-0.238,0.686,0.703,-0.059,0.515,0.729,0.22,0.241,-0.569,0.269,0.271,0.546,0.595,0.188,0.549,0.481,0.334,0.658,0.757,-0.035,0.401,0.398,0.466,0.55,0.431,-0.033,0.377,-0.559,0.6,0.343,0.614,0.563,0.435,0.621,0.535,0.59,0.17,0.714,0.415,0.498,0.725,-0.442,0.194,0.713,-0.044,0.334,0.409,0.264,0.166,-0.126,0.387,-0.017,-0.222,0.164,0.564,-0.341,0.476,-0.204,0.639,0.794,0.321,-0.333,-0.631,0.46,0.521,0.141,-0.081,-0.338,0.372,0.618,0.204,-0.378,-0.267,0.58,0.779,0.017,0.36,0.822,0.572,0.307,-0.046,0.015,0.709,0.516,0.358,-0.396,0.404,0.477,0.478,0.429,0.779,0.333,0.307,0.671,0.501,0.578,0.396,0.655,-0.354,0.473,0.498,0.073,0.388,0.636,0.395,-0.328,0.116,-0.102,0.501,0.769,0.504,-0.303,0.615,0.501,0.571,0.41,0.625,0.432,0.236,0.648,0.526,-0.15,0.655,0.234,0.22,0.662,0.639,0.522,0.437,0.173,0.49,0.727,-0.049,0.329,0.425,0.177,0.579,-0.049,0.262,0.704,0.405,0.388,-0.276,0.626,-0.063,0.419,0.546,0.782,0.323,0.479,0.531,0.43,0.357,-0.403,0.462,0.155,0.505,0.508,0.438,0.57,0.426,0.293,0.139,0.019,0.45,0.671,0.253,0.556,0.637,0.336,0.471,-0.131,0.486,0.719,0.297,0.437,-0.075,0.585,-0.362,0.33,0.338,-0.544
BAND,-0.117,-0.518,-0.083,-0.504,-0.285,-0.346,-0.696,-0.184,-0.317,-0.239,-0.754,-0.237,0.544,-0.589,-0.518,-0.184,0.0,0.219,0.709,-0.419,-0.298,0.01,-0.71,-0.289,0.495,-0.482,0.579,-0.448,-0.425,-0.618,-0.594,-0.49,-0.723,-0.546,-0.023,-0.618,-0.288,-0.134,-0.359,-0.111,-0.644,-0.416,-0.533,0.278,-0.675,0.564,-0.506,-0.454,-0.533,-0.67,-0.651,-0.093,-0.542,-0.352,0.027,-0.234,-0.605,-0.26,-0.503,0.686,0.276,-0.518,0.174,0.487,-0.234,-0.437,-0.081,0.501,-0.484,0.318,0.056,-0.261,-0.527,0.385,-0.484,-0.522,-0.596,-0.402,-0.522,0.525,0.244,-0.518,-0.068,-0.364,0.592,-0.194,-0.228,-0.585,-0.206,0.414,0.39,-0.475,-0.375,0.42,-0.451,-0.347,-0.388,-0.756,-0.242,0.418,-0.61,-0.535,-0.234,-0.084,0.087,-0.586,-0.337,-0.375,-0.29,-0.493,-0.516,-0.283,-0.6,-0.632,-0.545,-0.579,-0.162,-0.575,-0.446,-0.285,-0.038,-0.196,-0.401,0.43,0.735,-0.487,-0.623,-0.213,-0.687,0.785,-0.492,-0.636,-0.621,-0.5,-0.369,-0.631,-0.461,-0.568,-0.405,0.624,-0.579,-0.422,-0.614,-0.227,-0.518,-0.648,-0.403,-0.009,-0.35,-0.648,-0.318,-0.27,-0.485,0.342,-0.551,0.203,-0.376,-0.08,-0.747,-0.542,0.566,-0.435,-0.168,-0.674,-0.086,-0.43,-0.105,-0.674,-0.644,-0.503,-0.639,0.559,-0.564,0.364,-0.714,-0.672,-0.622,-0.635,-0.638,-0.257,0.41,-0.444,-0.295,-0.633,-0.496,-0.434,-0.603,-0.568,-0.228,-0.435,-0.569,-0.634,-0.47,0.152,0.101,-0.624,0.585,-0.577,-0.666,0.109
BECN,0.264,-0.206,0.397,0.342,0.156,0.387,0.167,-0.14,0.502,0.635,-0.121,-0.217,0.043,0.145,0.083,-0.152,0.219,0.0,-0.216,0.187,0.173,-0.438,0.148,0.088,-0.156,-0.372,-0.03,0.55,0.494,0.185,-0.058,0.487,-0.025,0.235,0.66,0.017,-0.021,0.684,0.245,0.464,-0.217,0.328,0.379,-0.496,0.286,0.539,0.181,0.301,0.097,0.123,0.177,-0.15,0.296,0.193,0.664,-0.421,0.359,0.349,-0.174,0.039,0.247,0.049,0.415,-0.396,0.019,0.577,0.683,-0.399,-0.331,0.651,0.527,0.612,0.281,0.782,0.373,0.272,0.112,-0.139,0.413,0.167,0.483,0.232,0.279,0.591,0.524,0.483,0.524,0.139,0.508,-0.3,-0.414,0.204,-0.261,0.399,-0.474,-0.222,0.387,0.014,0.049,-0.43,-0.003,0.114,0.371,0.725,-0.586,0.286,0.494,0.52,0.145,0.477,0.409,0.371,0.223,0.106,0.031,0.146,0.643,0.284,-0.431,0.613,0.402,0.325,0.436,-0.296,0.164,0.248,0.204,-0.035,0.124,0.042,0.212,0.214,0.203,0.376,-0.138,0.237,0.495,0.0,0.198,-0.227,0.128,0.542,0.186,0.124,0.03,-0.085,0.498,-0.054,-0.46,-0.277,0.479,0.599,0.35,0.457,0.065,0.803,0.549,0.38,-0.124,0.381,-0.117,0.31,0.64,0.193,0.478,-0.465,-0.235,0.169,-0.046,0.421,0.069,0.288,0.189,0.075,0.041,0.188,0.289,0.143,0.195,-0.43,0.543,-0.128,0.475,0.071,0.296,0.338,0.074,0.372,0.306,0.594,0.291,-0.214,0.412,-0.293,0.714,0.147,-0.267,0.383,0.27,0.464
BFC,-0.024,-0.487,-0.436,-0.789,-0.5,-0.677,-0.832,0.06,-0.669,-0.614,-0.633,0.032,0.694,-0.777,-0.652,-0.238,0.709,-0.216,0.0,-0.698,-0.386,0.371,-0.843,-0.449,0.574,-0.177,0.783,-0.766,-0.778,-0.816,-0.611,-0.767,-0.779,-0.748,-0.456,-0.762,-0.345,-0.457,-0.675,-0.346,-0.398,-0.775,-0.774,0.568,-0.871,0.433,-0.705,-0.636,-0.613,-0.846,-0.811,-0.049,-0.814,-0.717,-0.47,0.03,-0.889,-0.383,-0.479,0.808,0.274,-0.655,0.093,0.738,-0.258,-0.703,-0.612,0.76,-0.251,-0.02,-0.229,-0.64,-0.781,-0.054,-0.812,-0.491,-0.75,-0.332,-0.722,0.653,0.124,-0.724,-0.066,-0.743,0.355,-0.503,-0.623,-0.778,-0.53,0.765,0.723,-0.714,-0.39,0.371,-0.149,-0.239,-0.736,-0.72,-0.082,0.796,-0.726,-0.662,-0.547,-0.427,0.362,-0.837,-0.718,-0.771,-0.546,-0.798,-0.792,-0.637,-0.828,-0.782,-0.478,-0.779,-0.455,-0.817,-0.196,-0.578,-0.346,-0.459,-0.738,0.722,0.544,-0.543,-0.78,-0.291,-0.824,0.9,-0.765,-0.869,-0.755,-0.833,-0.3,-0.802,-0.823,-0.644,-0.482,0.89,-0.751,-0.823,-0.698,-0.377,-0.575,-0.674,-0.782,0.203,-0.135,-0.58,-0.582,-0.684,-0.756,0.066,-0.7,-0.233,-0.764,-0.3,-0.686,-0.756,0.728,-0.789,-0.499,-0.818,-0.554,-0.257,0.113,-0.84,-0.682,-0.818,-0.626,0.383,-0.812,0.383,-0.696,-0.871,-0.803,-0.812,-0.749,0.206,0.014,-0.338,-0.723,-0.769,-0.707,-0.756,-0.74,-0.854,-0.648,-0.694,-0.816,-0.544,-0.695,0.43,-0.214,-0.826,0.802,-0.861,-0.826,0.082
BGC,0.086,0.734,0.822,0.889,0.896,0.815,0.89,-0.059,0.809,0.671,0.727,-0.161,-0.674,0.951,0.922,0.686,-0.419,0.187,-0.698,0.0,0.825,-0.285,0.889,0.884,-0.194,0.281,-0.766,0.797,0.785,0.916,0.844,0.714,0.875,0.848,0.664,0.878,0.79,0.47,0.757,0.718,0.593,0.909,0.881,-0.561,0.829,-0.469,0.865,0.692,0.849,0.931,0.87,0.553,0.91,0.837,0.486,0.415,0.842,0.755,0.814,-0.786,0.224,0.901,-0.099,-0.208,0.59,0.762,0.558,-0.651,0.455,0.121,0.04,0.698,0.943,-0.036,0.876,0.234,0.931,0.775,0.789,-0.439,-0.324,0.908,0.595,0.726,-0.222,0.118,0.812,0.929,0.623,-0.749,-0.699,0.894,0.742,-0.085,0.332,0.705,0.893,0.746,0.226,-0.536,0.939,0.839,0.546,0.189,-0.213,0.914,0.853,0.841,0.818,0.846,0.818,0.883,0.89,0.939,0.712,0.926,0.092,0.903,0.489,0.581,0.411,0.827,0.819,-0.746,-0.195,0.457,0.906,0.66,0.903,-0.72,0.873,0.896,0.914,0.872,0.708,0.89,0.738,0.857,0.792,-0.728,0.93,0.689,0.719,0.814,0.89,0.823,0.849,0.161,0.234,0.79,0.452,0.769,0.889,0.256,0.806,0.249,0.764,0.724,0.717,0.846,-0.736,0.916,0.431,0.866,0.835,0.584,0.34,0.86,0.841,0.879,0.75,-0.551,0.909,0.074,0.826,0.91,0.88,0.909,0.846,0.104,0.023,0.274,0.79,0.888,0.752,0.918,0.939,0.85,0.741,0.432,0.914,0.757,0.783,0.078,0.257,0.934,-0.767,0.834,0.84,-0.342
BHF,0.22,0.719,0.749,0.778,0.853,0.717,0.738,0.029,0.695,0.596,0.706,-0.155,-0.518,0.822,0.841,0.703,-0.298,0.173,-0.386,0.825,0.0,-0.119,0.749,0.829,0.107,0.335,-0.584,0.68,0.635,0.767,0.762,0.589,0.769,0.79,0.643,0.72,0.841,0.313,0.722,0.743,0.636,0.742,0.795,-0.489,0.676,-0.367,0.823,0.522,0.798,0.744,0.722,0.749,0.769,0.676,0.457,0.547,0.64,0.751,0.792,-0.54,0.492,0.861,-0.083,0.118,0.693,0.648,0.415,-0.545,0.421,0.21,0.039,0.55,0.826,-0.079,0.752,0.151,0.832,0.86,0.746,-0.176,-0.278,0.762,0.737,0.593,-0.02,-0.003,0.738,0.789,0.54,-0.462,-0.482,0.755,0.69,0.194,0.353,0.815,0.748,0.64,0.464,-0.27,0.826,0.746,0.398,0.094,-0.192,0.746,0.736,0.697,0.697,0.719,0.681,0.772,0.755,0.806,0.771,0.802,-0.069,0.74,0.575,0.508,0.366,0.777,0.725,-0.503,0.031,0.338,0.801,0.737,0.748,-0.468,0.716,0.726,0.845,0.691,0.798,0.749,0.567,0.794,0.766,-0.457,0.821,0.464,0.685,0.85,0.868,0.756,0.723,0.432,0.335,0.715,0.349,0.6,0.778,0.269,0.675,0.258,0.633,0.816,0.525,0.756,-0.526,0.753,0.319,0.736,0.759,0.565,0.427,0.702,0.767,0.738,0.711,-0.471,0.742,0.329,0.725,0.743,0.743,0.757,0.767,0.321,-0.017,0.279,0.592,0.745,0.628,0.78,0.819,0.668,0.61,0.334,0.779,0.698,0.737,0.372,0.244,0.768,-0.523,0.661,0.722,-0.352
BHFAL,0.379,0.134,-0.336,-0.336,-0.245,-0.34,-0.233,0.507,-0.445,-0.616,0.044,0.592,0.34,-0.237,-0.073,-0.059,0.01,-0.438,0.371,-0.285,-0.119,0.0,-0.276,-0.111,-0.082,0.481,0.227,-0.393,-0.505,-0.355,-0.105,-0.521,-0.192,-0.44,-0.548,-0.349,-0.31,-0.233,-0.387,-0.324,0.295,-0.513,-0.374,0.515,-0.274,-0.024,-0.333,-0.242,0.022,-0.246,-0.268,-0.157,-0.439,-0.459,-0.654,0.121,-0.449,-0.104,-0.081,0.032,-0.145,-0.302,-0.113,0.273,-0.195,-0.347,-0.477,0.437,0.527,-0.404,-0.601,-0.34,-0.319,-0.428,-0.499,-0.184,-0.327,-0.007,-0.406,0.017,-0.267,-0.247,-0.182,-0.455,-0.342,-0.23,-0.377,-0.337,-0.382,0.614,0.672,-0.452,0.044,-0.281,0.575,-0.111,-0.474,-0.0,0.317,0.374,-0.165,-0.044,-0.687,-0.187,0.384,-0.345,-0.441,-0.495,-0.522,-0.465,-0.459,-0.422,-0.412,-0.161,0.148,-0.309,-0.366,-0.395,0.478,-0.429,-0.237,-0.031,-0.453,0.58,-0.237,-0.033,-0.228,-0.313,-0.29,0.305,-0.241,-0.339,-0.237,-0.47,-0.112,-0.226,-0.517,-0.359,-0.236,0.197,-0.25,-0.485,-0.193,-0.328,-0.2,-0.092,-0.485,-0.063,0.501,0.062,-0.374,-0.431,-0.302,0.108,-0.002,-0.447,-0.5,-0.323,0.025,-0.254,0.275,-0.329,-0.184,-0.255,-0.48,-0.007,0.256,-0.313,0.083,-0.422,-0.187,-0.431,-0.392,-0.123,-0.042,-0.305,-0.286,-0.347,-0.329,0.378,-0.419,0.349,-0.658,-0.249,-0.232,-0.448,-0.186,-0.331,-0.444,-0.397,-0.294,0.04,-0.401,0.06,-0.599,-0.286,0.49,-0.359,-0.262,0.186
BKNG,0.189,0.739,0.659,0.904,0.779,0.783,0.977,-0.013,0.794,0.67,0.862,-0.021,-0.753,0.963,0.894,0.515,-0.71,0.148,-0.843,0.889,0.749,-0.276,0.0,0.749,-0.336,0.348,-0.811,0.858,0.822,0.96,0.859,0.822,0.963,0.922,0.577,0.918,0.7,0.425,0.779,0.604,0.684,0.881,0.93,-0.594,0.948,-0.534,0.913,0.738,0.86,0.973,0.943,0.441,0.944,0.793,0.443,0.347,0.929,0.679,0.807,-0.857,0.097,0.9,-0.09,-0.425,0.553,0.801,0.505,-0.762,0.478,0.035,0.105,0.67,0.938,-0.135,0.917,0.439,0.958,0.728,0.879,-0.528,-0.263,0.899,0.501,0.779,-0.334,0.262,0.758,0.959,0.567,-0.75,-0.706,0.875,0.649,-0.196,0.388,0.642,0.873,0.886,0.31,-0.65,0.937,0.885,0.548,0.262,-0.294,0.963,0.846,0.84,0.717,0.904,0.891,0.814,0.956,0.969,0.789,0.96,0.229,0.941,0.476,0.648,0.369,0.7,0.839,-0.778,-0.411,0.573,0.963,0.6,0.977,-0.879,0.888,0.976,0.962,0.908,0.682,0.955,0.815,0.885,0.791,-0.822,0.962,0.749,0.85,0.69,0.88,0.89,0.867,0.155,0.273,0.82,0.523,0.756,0.912,0.027,0.851,0.162,0.787,0.612,0.827,0.91,-0.782,0.874,0.409,0.958,0.704,0.569,0.218,0.966,0.888,0.928,0.862,-0.58,0.951,-0.073,0.916,0.99,0.961,0.96,0.941,0.15,-0.106,0.37,0.736,0.948,0.801,0.909,0.96,0.924,0.676,0.61,0.947,0.803,0.837,-0.017,0.258,0.978,-0.833,0.918,0.937,-0.229
BL,0.187,0.67,0.831,0.772,0.875,0.69,0.788,0.052,0.732,0.482,0.725,-0.225,-0.573,0.833,0.915,0.729,-0.289,0.088,-0.449,0.884,0.829,-0.111,0.749,0.0,0.047,0.332,-0.561,0.667,0.673,0.808,0.821,0.539,0.786,0.745,0.604,0.783,0.821,0.284,0.613,0.776,0.565,0.794,0.762,-0.5,0.685,-0.371,0.789,0.663,0.79,0.799,0.787,0.691,0.805,0.736,0.355,0.578,0.66,0.845,0.846,-0.655,0.367,0.831,-0.108,0.014,0.653,0.615,0.407,-0.539,0.504,0.131,-0.076,0.583,0.821,-0.148,0.729,0.161,0.856,0.835,0.667,-0.24,-0.367,0.797,0.724,0.564,-0.197,-0.149,0.73,0.825,0.596,-0.609,-0.522,0.853,0.671,-0.097,0.461,0.769,0.799,0.713,0.252,-0.427,0.834,0.814,0.316,0.018,-0.091,0.797,0.741,0.698,0.765,0.7,0.663,0.83,0.771,0.837,0.753,0.824,-0.129,0.802,0.617,0.496,0.305,0.834,0.721,-0.665,-0.012,0.391,0.795,0.617,0.797,-0.536,0.76,0.74,0.784,0.745,0.817,0.777,0.55,0.812,0.833,-0.552,0.824,0.497,0.675,0.785,0.865,0.823,0.707,0.294,0.199,0.731,0.376,0.656,0.806,0.378,0.667,0.117,0.531,0.712,0.674,0.723,-0.674,0.787,0.363,0.744,0.755,0.645,0.515,0.762,0.783,0.75,0.741,-0.627,0.775,0.268,0.734,0.756,0.785,0.815,0.746,0.378,-0.108,0.371,0.639,0.768,0.732,0.828,0.882,0.7,0.579,0.225,0.787,0.7,0.689,0.277,0.184,0.789,-0.586,0.656,0.704,-0.326
BOKF,-0.295,-0.212,0.139,-0.278,0.086,-0.256,-0.356,-0.211,-0.118,-0.161,-0.212,-0.525,0.051,-0.297,-0.219,0.22,0.495,-0.156,0.574,-0.194,0.107,-0.082,-0.336,0.047,0.0,-0.274,0.458,-0.378,-0.251,-0.219,-0.16,-0.272,-0.263,-0.067,0.07,-0.119,0.323,-0.442,-0.085,0.127,-0.295,-0.111,-0.272,0.117,-0.454,0.153,-0.072,-0.121,-0.328,-0.325,-0.282,0.576,-0.176,-0.029,0.069,0.435,-0.387,-0.069,0.097,0.557,0.573,-0.034,0.097,0.785,0.398,-0.349,-0.277,0.307,-0.417,0.219,0.174,-0.274,-0.237,-0.098,-0.177,-0.329,-0.143,0.198,-0.251,0.551,0.06,-0.334,0.284,-0.37,0.493,-0.476,-0.206,-0.168,-0.118,0.184,0.199,-0.029,-0.139,0.382,-0.238,0.294,-0.094,-0.359,-0.258,0.449,-0.239,-0.269,-0.098,-0.547,0.282,-0.297,-0.161,-0.196,0.184,-0.28,-0.308,0.014,-0.18,-0.314,-0.256,-0.188,-0.454,-0.236,-0.082,-0.185,0.008,-0.215,-0.097,0.113,0.823,-0.438,-0.314,0.174,-0.269,0.456,-0.326,-0.328,-0.283,-0.236,0.336,-0.377,-0.349,0.05,0.005,0.656,-0.226,-0.356,-0.218,0.185,-0.046,-0.147,-0.195,0.582,-0.115,-0.213,-0.266,-0.314,-0.247,-0.037,-0.426,-0.094,-0.335,0.19,-0.418,-0.387,0.334,-0.234,-0.403,-0.33,-0.011,0.199,0.239,-0.265,-0.367,-0.262,-0.106,0.304,-0.249,0.764,-0.374,-0.366,-0.295,-0.191,-0.209,0.352,0.102,-0.328,-0.119,-0.245,-0.261,-0.118,-0.218,-0.384,-0.036,-0.482,-0.334,-0.204,-0.205,0.759,0.159,-0.316,0.367,-0.398,-0.404,-0.338
BRKR,0.34,0.425,-0.008,0.227,0.159,0.213,0.397,0.548,0.051,-0.094,0.578,0.365,0.099,0.336,0.43,0.241,-0.482,-0.372,-0.177,0.281,0.335,0.481,0.348,0.332,-0.274,0.0,-0.256,0.157,0.09,0.284,0.475,0.071,0.465,0.178,-0.215,0.233,0.186,0.013,0.152,0.162,0.67,0.042,0.256,-0.089,0.311,-0.372,0.202,0.135,0.433,0.338,0.391,0.217,0.172,0.014,-0.261,0.358,0.12,0.296,0.394,-0.453,-0.027,0.32,-0.402,-0.012,0.231,0.169,-0.189,-0.229,0.775,-0.332,-0.41,0.103,0.266,-0.397,0.078,0.156,0.312,0.408,0.183,-0.192,-0.239,0.385,0.119,0.046,-0.578,-0.118,0.064,0.241,0.127,0.121,0.004,0.146,0.438,-0.267,0.668,0.3,0.023,0.54,0.541,0.019,0.413,0.476,-0.25,-0.03,0.078,0.261,0.005,0.007,-0.04,0.13,0.148,-0.001,0.184,0.422,0.593,0.241,-0.205,0.218,0.748,0.043,-0.296,0.251,0.088,0.056,-0.563,0.533,0.4,0.092,0.35,-0.343,0.199,0.239,0.356,0.129,0.364,0.395,0.019,0.264,0.29,-0.331,0.308,-0.063,0.414,0.194,0.39,0.485,0.035,0.147,0.467,0.53,0.151,-0.05,0.246,0.056,0.326,-0.324,0.029,-0.025,0.582,0.296,-0.302,0.128,0.126,0.349,-0.096,0.343,0.489,0.302,0.596,0.151,0.418,-0.598,0.233,-0.051,0.544,0.307,0.281,0.302,0.353,0.567,-0.648,0.667,-0.081,0.265,0.353,0.088,0.379,0.209,-0.076,0.043,0.303,0.425,0.258,0.06,-0.41,0.313,-0.11,0.16,0.407,-0.024
CACC,0.062,-0.784,-0.468,-0.715,-0.573,-0.589,-0.764,0.271,-0.497,-0.558,-0.593,-0.107,0.635,-0.835,-0.742,-0.569,0.579,-0.03,0.783,-0.766,-0.584,0.227,-0.811,-0.561,0.458,-0.256,0.0,-0.647,-0.569,-0.724,-0.643,-0.553,-0.768,-0.665,-0.384,-0.756,-0.487,-0.2,-0.593,-0.248,-0.559,-0.717,-0.696,0.301,-0.756,0.703,-0.72,-0.376,-0.803,-0.813,-0.661,-0.195,-0.725,-0.685,-0.279,-0.197,-0.787,-0.369,-0.625,0.86,0.231,-0.732,0.171,0.414,-0.146,-0.539,-0.438,0.538,-0.489,0.139,0.165,-0.352,-0.746,0.22,-0.728,-0.081,-0.779,-0.557,-0.621,0.795,0.552,-0.706,-0.208,-0.557,0.404,-0.201,-0.586,-0.779,-0.3,0.609,0.567,-0.653,-0.754,0.245,-0.358,-0.547,-0.673,-0.579,-0.193,0.51,-0.842,-0.699,-0.568,-0.115,0.071,-0.751,-0.667,-0.639,-0.618,-0.668,-0.66,-0.651,-0.729,-0.791,-0.543,-0.811,-0.107,-0.691,-0.347,-0.331,-0.322,-0.627,-0.554,0.515,0.42,-0.21,-0.733,-0.65,-0.742,0.792,-0.844,-0.813,-0.783,-0.678,-0.352,-0.72,-0.619,-0.638,-0.482,0.714,-0.836,-0.551,-0.506,-0.494,-0.676,-0.648,-0.67,0.272,-0.426,-0.772,-0.215,-0.643,-0.652,0.058,-0.839,-0.061,-0.623,-0.533,-0.638,-0.697,0.656,-0.795,-0.179,-0.701,-0.624,-0.527,0.101,-0.735,-0.751,-0.7,-0.475,0.479,-0.753,0.414,-0.705,-0.823,-0.69,-0.741,-0.642,0.131,-0.106,-0.186,-0.609,-0.849,-0.495,-0.714,-0.766,-0.683,-0.572,-0.408,-0.771,-0.776,-0.54,0.218,0.082,-0.849,0.687,-0.725,-0.687,0.38
CAR,0.386,0.454,0.675,0.907,0.674,0.862,0.862,0.02,0.894,0.803,0.638,-0.136,-0.535,0.841,0.785,0.269,-0.448,0.55,-0.766,0.797,0.68,-0.393,0.858,0.667,-0.378,0.157,-0.647,0.0,0.935,0.848,0.658,0.897,0.763,0.856,0.802,0.706,0.507,0.681,0.749,0.725,0.408,0.867,0.948,-0.779,0.91,-0.127,0.817,0.699,0.744,0.833,0.854,0.274,0.895,0.738,0.691,-0.003,0.908,0.729,0.531,-0.681,0.212,0.714,0.043,-0.564,0.448,0.895,0.774,-0.857,0.267,0.393,0.331,0.847,0.887,0.304,0.906,0.508,0.817,0.471,0.928,-0.297,0.027,0.863,0.545,0.957,-0.068,0.453,0.914,0.811,0.77,-0.738,-0.767,0.813,0.355,0.003,0.12,0.37,0.87,0.758,0.362,-0.791,0.728,0.779,0.543,0.618,-0.618,0.922,0.914,0.92,0.576,0.967,0.941,0.8,0.867,0.831,0.688,0.813,0.499,0.898,0.213,0.86,0.398,0.729,0.892,-0.774,-0.261,0.643,0.868,0.426,0.84,-0.718,0.808,0.872,0.856,0.927,0.478,0.892,0.915,0.686,0.709,-0.83,0.815,0.847,0.825,0.592,0.721,0.694,0.922,0.082,-0.084,0.477,0.708,0.921,0.929,0.287,0.689,0.515,0.897,0.637,0.605,0.929,-0.733,0.836,0.698,0.854,0.811,0.179,0.056,0.844,0.709,0.948,0.733,-0.358,0.873,-0.032,0.724,0.881,0.915,0.824,0.85,-0.098,0.118,0.327,0.809,0.755,0.863,0.888,0.799,0.927,0.671,0.81,0.922,0.488,0.912,-0.219,0.52,0.837,-0.77,0.922,0.895,0.05
CDNA,0.249,0.334,0.698,0.928,0.695,0.899,0.854,0.072,0.936,0.781,0.651,-0.332,-0.608,0.802,0.73,0.271,-0.425,0.494,-0.778,0.785,0.635,-0.505,0.822,0.673,-0.251,0.09,-0.569,0.935,0.0,0.886,0.653,0.939,0.763,0.889,0.82,0.755,0.569,0.615,0.81,0.796,0.284,0.909,0.943,-0.864,0.885,-0.082,0.807,0.755,0.615,0.821,0.881,0.37,0.925,0.821,0.78,0.035,0.901,0.691,0.527,-0.596,0.267,0.744,0.031,-0.533,0.565,0.883,0.803,-0.883,0.114,0.447,0.493,0.862,0.893,0.358,0.927,0.574,0.821,0.443,0.933,-0.199,0.144,0.843,0.494,0.944,-0.029,0.416,0.907,0.805,0.861,-0.819,-0.844,0.886,0.273,0.041,-0.005,0.365,0.883,0.735,0.225,-0.776,0.69,0.694,0.581,0.573,-0.635,0.916,0.873,0.946,0.656,0.95,0.96,0.804,0.891,0.793,0.614,0.797,0.487,0.933,0.196,0.891,0.401,0.648,0.95,-0.859,-0.181,0.658,0.839,0.407,0.849,-0.736,0.765,0.861,0.808,0.961,0.53,0.878,0.949,0.742,0.679,-0.809,0.763,0.895,0.844,0.645,0.709,0.703,0.925,0.186,-0.162,0.437,0.834,0.844,0.914,0.259,0.576,0.567,0.894,0.56,0.575,0.875,-0.731,0.829,0.714,0.86,0.785,0.192,0.152,0.833,0.647,0.954,0.768,-0.253,0.887,0.108,0.67,0.862,0.896,0.845,0.866,-0.088,0.068,0.348,0.888,0.705,0.903,0.892,0.773,0.914,0.749,0.806,0.908,0.381,0.942,-0.189,0.603,0.799,-0.787,0.904,0.888,0.004
CG,0.115,0.636,0.754,0.942,0.849,0.833,0.97,0.044,0.876,0.691,0.848,-0.199,-0.767,0.937,0.88,0.546,-0.618,0.185,-0.816,0.916,0.767,-0.355,0.96,0.808,-0.219,0.284,-0.724,0.848,0.886,0.0,0.861,0.849,0.945,0.949,0.653,0.943,0.764,0.445,0.821,0.72,0.575,0.933,0.946,-0.673,0.932,-0.43,0.918,0.812,0.774,0.963,0.967,0.538,0.98,0.865,0.553,0.382,0.926,0.73,0.794,-0.772,0.2,0.919,-0.065,-0.365,0.666,0.824,0.579,-0.783,0.359,0.167,0.238,0.737,0.961,-0.024,0.939,0.469,0.961,0.724,0.887,-0.415,-0.157,0.894,0.531,0.797,-0.23,0.218,0.801,0.954,0.69,-0.815,-0.757,0.945,0.585,-0.132,0.292,0.638,0.92,0.859,0.211,-0.652,0.91,0.83,0.556,0.271,-0.322,0.966,0.863,0.892,0.799,0.909,0.909,0.866,0.974,0.946,0.743,0.951,0.221,0.982,0.465,0.696,0.417,0.715,0.912,-0.851,-0.285,0.597,0.95,0.571,0.977,-0.839,0.867,0.959,0.936,0.947,0.737,0.95,0.85,0.92,0.807,-0.795,0.927,0.805,0.857,0.755,0.877,0.893,0.9,0.253,0.175,0.767,0.632,0.753,0.933,0.123,0.77,0.265,0.808,0.622,0.78,0.898,-0.758,0.896,0.493,0.962,0.743,0.549,0.313,0.949,0.839,0.951,0.883,-0.512,0.955,0.07,0.871,0.971,0.959,0.976,0.945,0.151,-0.095,0.387,0.825,0.906,0.854,0.937,0.951,0.932,0.746,0.598,0.943,0.712,0.876,0.023,0.366,0.943,-0.834,0.905,0.931,-0.232
CGBD,0.146,0.729,0.597,0.764,0.775,0.703,0.861,0.129,0.636,0.46,0.874,-0.047,-0.607,0.876,0.876,0.595,-0.594,-0.058,-0.611,0.844,0.762,-0.105,0.859,0.821,-0.16,0.475,-0.643,0.658,0.653,0.861,0.0,0.601,0.921,0.787,0.387,0.83,0.783,0.252,0.664,0.629,0.762,0.733,0.784,-0.507,0.756,-0.59,0.757,0.586,0.792,0.867,0.857,0.602,0.812,0.652,0.229,0.584,0.698,0.705,0.857,-0.763,0.199,0.882,-0.288,-0.144,0.657,0.643,0.263,-0.615,0.579,-0.096,-0.08,0.562,0.843,-0.268,0.749,0.349,0.881,0.823,0.71,-0.397,-0.31,0.846,0.549,0.565,-0.38,0.008,0.605,0.843,0.501,-0.594,-0.605,0.798,0.708,-0.172,0.505,0.733,0.704,0.853,0.313,-0.445,0.895,0.809,0.34,0.024,-0.14,0.807,0.626,0.647,0.675,0.729,0.701,0.666,0.809,0.894,0.806,0.835,-0.079,0.81,0.659,0.426,0.154,0.669,0.682,-0.649,-0.311,0.537,0.875,0.579,0.895,-0.723,0.719,0.8,0.848,0.734,0.785,0.836,0.571,0.86,0.856,-0.659,0.845,0.49,0.798,0.745,0.898,0.897,0.665,0.325,0.313,0.843,0.388,0.515,0.778,0.07,0.708,0.012,0.576,0.545,0.811,0.781,-0.759,0.742,0.301,0.841,0.568,0.665,0.54,0.828,0.879,0.745,0.844,-0.674,0.829,0.114,0.876,0.844,0.803,0.876,0.855,0.423,-0.358,0.423,0.609,0.794,0.706,0.76,0.906,0.731,0.51,0.325,0.814,0.795,0.715,0.196,0.115,0.858,-0.73,0.735,0.83,-0.382
