,ACET,ADAP,ADI,ADPT,ADTN,AGEN,ALGN,ALLK,AMD,AMWD,ARDX,ARQT,ASTE,AUPH,AVXL,AZTA,BAND,BECN,BFC,BGC,BHF,BHFAL,BKNG,BL,BOKF,BRKR,CACC,CAR,CDNA,CG,CGBD,CHI,CHTR,CHX,CLNE,CME,CNOB,CNXN,CPRX,CSGP,CSGS,CSIQ,CVCO,CVLT,CYRX,DDOG,DOOO,DSGX,DTIL,ECPG,EEFT,EFSC,ENTG,ESPR,ETSY,EXC,FAMI,FFIV,FITB,FIZZ,FMBH,FOX,FTNT,FULT,GABC,GEN,GH,GMAB,GNPX,GO,GOGL,GOOG,GPRO,GSHD,GSM,GWAV,HAIN,HBAN,HEPA,HURN,HWKN,IBIO,ICFI,IGMS,IMKTA,INCY,INO,IRDM,IRTC,IRWD,ITCI,JACK,JD,JJSF,KALA,KHC,KLAC,KRRO,KRYS,LANC,LBTYA,LIVN,LKCO,LNTH,LOGI,LPRO,LRCX,LSCC,LSTR,MAR,MARA,MCHP,MEOH,META,MGTX,MKSI,MMYT,MORN,MRUS,MTLS,MTSI,MVIS,MXL,NBIX,NFE,NMIH,NMRK,NNDM,NSIT,NTCT,NVAX,OCUL,ODP,OLED,ONB,OTEX,PACB,PATK,PAYX,PEP,PERI,PI,PLYA,PRDO,PRGS,PTGX,QCOM,QCRH,QDEL,QFIN,RGEN,RILY,RPAY,RPD,SABR,SEDG,SHEN,SIRI,SLNO,SNDL,SNEX,SONO,SPT,SSNC,STGW,STKL,STRL,STX,SWTX,SYNA,TFSL,TIGR,TNXP,TOWN,TRI,TRIP,TRMB,TRNS,TRS,TSCO,TSEM,TVTX,TXRH,VC,VCEL,VECO,VIAV,VICR,VIR,VRTX,VSTM,VTRS,WDFC,WSBC,WSC,WYNN,XENE,XNCR,XRAY,ZS
ACET,0.0,0.728,-0.728,0.266,0.846,0.854,-0.416,0.901,-0.229,-0.403,-0.183,-0.38,-0.375,0.893,0.466,0.859,-0.22,-0.605,-0.212,0.329,-0.672,0.234,-0.247,-0.087,-0.732,-0.574,0.2,-0.736,0.316,0.493,-0.538,0.031,0.267,0.007,0.184,-0.853,-0.357,0.812,0.518,0.522,-0.031,0.693,-0.662,-0.173,0.687,-0.48,-0.595,-0.453,0.303,-0.503,0.562,-0.608,-0.317,0.816,0.449,-0.03,-0.518,0.448,-0.241,-0.526,0.499,-0.768,-0.854,-0.639,-0.462,0.859,0.908,-0.482,-0.507,0.513,-0.506,0.646,0.713,-0.133,0.843,-0.352,0.687,-0.3,-0.379,-0.082,-0.36,-0.559,-0.485,0.275,0.08,0.91,0.655,0.171,-0.589,0.242,-0.212,-0.678,0.842,0.409,0.826,0.259,0.493,0.775,0.887,-0.211,0.689,0.607,0.838,-0.326,0.529,0.039,0.063,-0.734,-0.655,-0.207,0.589,-0.527,-0.597,-0.431,0.01,0.688,0.825,0.549,-0.878,0.671,0.011,0.02,0.804,0.863,-0.028,-0.425,0.333,0.137,-0.822,0.75,0.86,-0.713,0.513,0.16,-0.501,-0.837,0.799,-0.473,0.467,-0.818,0.171,0.264,-0.588,0.615,-0.759,-0.808,0.578,-0.404,-0.039,0.801,0.134,0.472,0.571,-0.515,0.535,0.139,0.498,0.877,0.877,0.852,-0.885,-0.75,0.599,-0.498,0.185,0.937,-0.543,-0.294,0.417,0.397,0.287,0.765,0.56,0.181,-0.486,-0.175,0.689,-0.66,-0.083,-0.676,0.685,0.629,-0.584,-0.542,-0.131,-0.197,0.426,0.772,0.844,0.801,0.584,0.472,0.187,-0.241,-0.878,-0.787,-0.11,-0.552,0.477,-0.454
ADAP,0.728,0.0,-0.659,0.114,0.788,0.638,-0.714,0.683,-0.574,-0.625,-0.351,-0.416,-0.551,0.627,0.034,0.586,-0.446,-0.754,-0.414,0.141,-0.663,0.141,-0.246,-0.426,-0.831,-0.576,-0.251,-0.716,-0.01,0.062,-0.601,-0.385,0.002,0.428,-0.154,-0.658,-0.527,0.575,0.328,0.504,-0.463,0.538,-0.67,-0.474,0.318,-0.594,-0.797,-0.72,0.069,-0.721,0.116,-0.802,-0.543,0.854,0.12,0.121,-0.647,0.051,-0.568,-0.653,0.014,-0.675,-0.708,-0.836,-0.736,0.755,0.739,-0.217,-0.662,0.144,-0.491,0.251,0.669,-0.449,0.63,-0.427,0.269,-0.572,-0.486,-0.447,-0.689,-0.52,-0.724,-0.042,0.139,0.737,0.318,0.044,-0.734,0.07,-0.059,-0.7,0.789,0.512,0.684,0.259,0.218,0.685,0.764,0.097,0.59,0.336,0.724,-0.596,0.272,-0.27,-0.319,-0.66,-0.776,-0.183,0.596,-0.75,-0.702,-0.758,-0.142,0.333,0.895,0.145,-0.767,0.256,0.066,-0.402,0.671,0.785,-0.321,-0.396,0.044,0.19,-0.676,0.641,0.567,-0.61,0.278,-0.121,-0.694,-0.756,0.577,-0.732,0.056,-0.666,-0.029,0.153,-0.675,0.354,-0.862,-0.802,0.351,-0.682,-0.348,0.743,-0.049,0.324,0.187,-0.756,0.242,-0.06,0.205,0.866,0.713,0.59,-0.707,-0.579,0.331,-0.6,-0.104,0.784,-0.619,-0.478,0.033,0.123,0.099,0.413,0.352,-0.298,-0.483,-0.278,0.321,-0.732,-0.332,-0.696,0.684,0.373,-0.716,-0.61,-0.554,-0.445,0.028,0.556,0.597,0.813,0.299,0.111,-0.26,-0.599,-0.677,-0.693,-0.269,-0.777,0.05,-0.659
ADI,-0.728,-0.659,0.0,0.321,-0.665,-0.736,0.614,-0.769,0.416,0.716,0.016,0.623,0.711,-0.787,-0.197,-0.648,0.52,0.842,0.614,0.166,0.809,-0.117,0.584,0.3,0.819,0.51,0.157,0.931,0.017,-0.098,0.786,0.157,-0.092,-0.253,0.319,0.809,0.518,-0.655,-0.54,-0.141,0.275,-0.467,0.667,0.274,-0.392,0.686,0.761,0.716,0.234,0.596,-0.29,0.746,0.69,-0.788,-0.246,0.405,0.619,-0.012,0.372,0.791,-0.071,0.872,0.821,0.784,0.709,-0.656,-0.638,0.502,0.594,-0.07,0.365,-0.344,-0.365,0.339,-0.687,0.088,-0.348,0.554,0.36,0.129,0.591,0.544,0.667,0.056,0.153,-0.815,-0.515,0.138,0.875,0.043,0.37,0.911,-0.754,-0.62,-0.793,-0.077,-0.388,-0.844,-0.878,0.218,-0.582,-0.384,-0.813,0.655,-0.214,0.334,0.201,0.949,0.763,0.401,-0.235,0.687,0.507,0.559,0.281,-0.456,-0.697,-0.195,0.846,-0.522,0.144,0.295,-0.68,-0.737,0.197,0.766,-0.172,0.367,0.822,-0.642,-0.574,0.872,-0.097,0.129,0.676,0.694,-0.467,0.659,-0.085,0.704,0.275,0.245,0.815,-0.318,0.832,0.686,-0.33,0.638,0.454,-0.648,0.225,-0.046,-0.363,0.655,-0.648,0.296,-0.077,-0.838,-0.745,-0.534,0.781,0.763,-0.23,0.603,0.326,-0.689,0.825,0.49,-0.114,-0.038,-0.113,-0.337,-0.492,0.108,0.75,0.074,-0.425,0.866,0.549,0.809,-0.822,-0.619,0.78,0.736,0.392,0.645,-0.136,-0.666,-0.692,-0.78,-0.549,-0.304,0.251,0.488,0.793,0.735,0.088,0.546,-0.268,0.598
ADPT,0.266,0.114,0.321,0.0,0.262,0.249,0.323,0.249,0.32,0.336,-0.136,0.344,0.354,0.197,0.453,0.376,0.491,0.284,0.255,0.6,0.142,0.296,0.611,0.31,0.084,-0.026,0.504,0.231,0.564,0.518,0.209,0.255,0.42,-0.265,0.752,-0.176,0.162,0.271,0.172,0.479,0.246,0.378,0.019,0.157,0.531,0.272,0.181,0.417,0.736,-0.004,0.456,0.163,0.42,0.032,0.477,0.268,0.193,0.601,0.226,0.112,0.532,0.036,-0.102,0.121,0.218,0.207,0.381,-0.038,0.108,0.595,-0.381,0.528,0.405,0.381,0.325,-0.113,0.46,0.336,0.205,-0.133,0.266,-0.209,0.119,0.563,0.056,0.167,0.397,0.074,0.333,0.094,0.237,0.23,0.237,-0.277,0.152,-0.009,0.3,0.054,-0.045,-0.182,0.1,0.258,0.164,0.42,0.568,0.603,0.427,0.264,0.132,0.436,0.485,0.269,-0.016,0.207,0.166,0.425,0.183,0.456,-0.11,0.212,0.182,0.492,0.246,0.152,0.294,0.42,0.324,0.618,-0.151,0.22,0.465,0.095,0.583,0.472,0.202,-0.101,0.592,0.267,0.503,-0.313,0.575,0.493,0.205,0.358,0.072,-0.192,0.477,0.225,0.415,0.203,0.628,0.642,0.409,0.124,0.013,0.676,0.358,0.096,0.18,0.517,-0.201,-0.041,0.512,0.127,0.703,0.258,0.292,0.304,0.445,0.504,0.231,0.629,0.319,0.284,0.215,0.104,0.44,0.153,0.521,0.117,-0.059,0.033,0.188,0.113,0.424,0.461,0.447,0.304,0.275,0.083,0.242,0.23,0.513,0.286,-0.179,-0.192,0.06,0.039,0.389,0.263
ADTN,0.846,0.788,-0.665,0.262,0.0,0.814,-0.425,0.834,-0.235,-0.377,-0.386,-0.233,-0.322,0.804,0.308,0.772,-0.209,-0.581,-0.428,0.35,-0.542,0.437,-0.064,-0.032,-0.783,-0.446,0.181,-0.674,0.309,0.513,-0.549,-0.037,0.296,0.234,0.131,-0.756,-0.571,0.713,0.296,0.628,-0.111,0.707,-0.57,-0.089,0.626,-0.34,-0.607,-0.499,0.195,-0.65,0.454,-0.686,-0.31,0.783,0.446,0.053,-0.495,0.488,-0.232,-0.614,0.295,-0.724,-0.78,-0.657,-0.574,0.886,0.902,-0.402,-0.59,0.508,-0.504,0.575,0.833,-0.176,0.829,-0.275,0.617,-0.281,-0.256,-0.442,-0.48,-0.735,-0.511,0.266,0.018,0.887,0.542,-0.11,-0.627,-0.061,-0.051,-0.657,0.868,0.332,0.849,0.352,0.386,0.708,0.754,-0.146,0.746,0.532,0.825,-0.359,0.649,0.124,0.049,-0.64,-0.649,0.044,0.509,-0.522,-0.54,-0.487,0.035,0.648,0.854,0.527,-0.847,0.585,0.135,-0.048,0.864,0.887,0.071,-0.248,0.398,0.185,-0.768,0.765,0.791,-0.661,0.586,0.186,-0.486,-0.726,0.811,-0.451,0.391,-0.784,0.246,0.344,-0.572,0.573,-0.764,-0.813,0.641,-0.492,-0.262,0.902,0.243,0.592,0.602,-0.528,0.511,0.232,0.527,0.899,0.928,0.797,-0.809,-0.579,0.61,-0.401,0.189,0.861,-0.503,-0.146,0.395,0.449,0.112,0.734,0.601,-0.087,-0.39,-0.021,0.665,-0.647,-0.072,-0.581,0.585,0.581,-0.596,-0.528,-0.254,-0.357,0.433,0.771,0.716,0.859,0.595,0.524,0.184,-0.362,-0.806,-0.686,0.048,-0.582,0.438,-0.405
AGEN,0.854,0.638,-0.736,0.249,0.814,0.0,-0.193,0.977,-0.002,-0.281,-0.013,-0.271,-0.241,0.945,0.635,0.945,0.018,-0.496,-0.384,0.311,-0.603,0.429,-0.095,0.155,-0.626,-0.562,0.385,-0.643,0.502,0.607,-0.518,0.104,0.361,-0.018,0.141,-0.888,-0.345,0.915,0.505,0.444,0.093,0.663,-0.531,0.076,0.839,-0.361,-0.438,-0.285,0.249,-0.413,0.642,-0.453,-0.281,0.683,0.703,-0.307,-0.342,0.491,0.002,-0.689,0.522,-0.806,-0.876,-0.518,-0.345,0.757,0.858,-0.434,-0.276,0.629,-0.414,0.827,0.597,0.155,0.844,-0.049,0.818,-0.094,-0.179,-0.122,-0.256,-0.577,-0.405,0.393,-0.281,0.883,0.85,-0.077,-0.51,0.115,-0.263,-0.664,0.842,0.234,0.922,0.092,0.528,0.889,0.782,-0.549,0.637,0.642,0.852,-0.163,0.667,0.181,0.286,-0.733,-0.481,-0.104,0.343,-0.316,-0.305,-0.202,0.056,0.807,0.751,0.71,-0.873,0.815,0.049,0.254,0.905,0.788,0.201,-0.46,0.386,-0.051,-0.919,0.632,0.906,-0.827,0.6,0.357,-0.347,-0.686,0.798,-0.302,0.557,-0.921,0.133,0.212,-0.557,0.547,-0.644,-0.684,0.724,-0.246,-0.053,0.78,0.246,0.362,0.709,-0.33,0.763,0.268,0.371,0.82,0.871,0.899,-0.928,-0.794,0.552,-0.295,0.229,0.85,-0.421,-0.138,0.587,0.442,0.069,0.741,0.79,0.284,-0.655,0.103,0.852,-0.609,0.015,-0.653,0.607,0.723,-0.501,-0.439,0.066,-0.228,0.555,0.903,0.827,0.748,0.802,0.683,0.22,-0.057,-0.854,-0.797,0.081,-0.328,0.708,-0.236
ALGN,-0.416,-0.714,0.614,0.323,-0.425,-0.193,0.0,-0.267,0.893,0.882,0.434,0.6,0.788,-0.271,0.444,-0.155,0.856,0.893,0.413,0.344,0.687,0.314,0.499,0.822,0.803,0.424,0.737,0.768,0.615,0.441,0.552,0.644,0.369,-0.601,0.53,0.396,0.601,-0.124,-0.195,-0.127,0.777,-0.148,0.688,0.765,0.216,0.77,0.922,0.909,0.262,0.758,0.329,0.878,0.817,-0.766,0.429,-0.195,0.827,0.451,0.894,0.466,0.423,0.563,0.476,0.887,0.862,-0.453,-0.333,0.139,0.81,0.441,0.365,0.29,-0.322,0.876,-0.261,0.494,0.235,0.902,0.506,0.355,0.87,0.296,0.826,0.541,-0.259,-0.474,0.155,-0.132,0.843,-0.004,0.238,0.695,-0.48,-0.754,-0.335,-0.307,0.067,-0.362,-0.655,-0.517,-0.251,0.085,-0.46,0.909,0.265,0.746,0.78,0.636,0.842,0.4,-0.478,0.949,0.781,0.979,0.299,0.169,-0.679,0.441,0.537,0.199,0.105,0.86,-0.24,-0.522,0.718,0.506,0.307,-0.071,0.382,-0.459,-0.087,0.353,0.29,0.645,0.863,0.63,-0.139,0.929,0.483,0.263,0.21,0.223,0.701,-0.094,0.843,0.676,0.129,0.886,0.58,-0.43,0.471,-0.057,0.275,0.907,0.108,0.509,0.083,-0.665,-0.379,-0.076,0.391,0.403,0.093,0.824,0.594,-0.447,0.788,0.749,0.513,0.345,-0.117,0.036,0.106,0.619,0.309,0.503,0.226,0.735,0.732,0.654,-0.638,-0.138,0.758,0.724,0.86,0.659,0.459,-0.112,-0.357,-0.685,0.139,0.301,0.642,0.888,0.424,0.478,0.477,0.878,0.47,0.905
ALLK,0.901,0.683,-0.769,0.249,0.834,0.977,-0.267,0.0,-0.041,-0.345,-0.012,-0.323,-0.329,0.955,0.621,0.953,-0.054,-0.543,-0.405,0.31,-0.642,0.395,-0.14,0.087,-0.675,-0.568,0.339,-0.681,0.475,0.575,-0.582,0.107,0.376,0.019,0.166,-0.902,-0.346,0.919,0.537,0.484,0.041,0.71,-0.555,0.008,0.815,-0.384,-0.494,-0.336,0.24,-0.473,0.652,-0.516,-0.289,0.747,0.662,-0.282,-0.389,0.483,-0.053,-0.703,0.511,-0.823,-0.881,-0.579,-0.415,0.824,0.887,-0.461,-0.371,0.59,-0.454,0.808,0.648,0.08,0.89,-0.123,0.774,-0.157,-0.229,-0.115,-0.3,-0.601,-0.455,0.374,-0.199,0.912,0.828,-0.061,-0.564,0.121,-0.254,-0.715,0.888,0.305,0.927,0.083,0.592,0.909,0.826,-0.486,0.709,0.648,0.875,-0.245,0.647,0.135,0.253,-0.744,-0.544,-0.095,0.428,-0.372,-0.374,-0.273,-0.02,0.83,0.788,0.676,-0.905,0.791,0.079,0.19,0.911,0.82,0.157,-0.489,0.386,-0.051,-0.932,0.707,0.92,-0.842,0.571,0.342,-0.417,-0.726,0.82,-0.37,0.546,-0.927,0.097,0.232,-0.574,0.532,-0.684,-0.723,0.735,-0.318,-0.078,0.818,0.23,0.388,0.708,-0.393,0.752,0.244,0.363,0.865,0.888,0.914,-0.938,-0.802,0.602,-0.347,0.187,0.879,-0.494,-0.172,0.558,0.477,0.152,0.773,0.772,0.246,-0.662,0.09,0.833,-0.67,-0.039,-0.681,0.685,0.723,-0.537,-0.502,0.004,-0.241,0.549,0.917,0.844,0.783,0.777,0.633,0.193,-0.124,-0.876,-0.81,0.033,-0.409,0.681,-0.282
AMD,-0.229,-0.574,0.416,0.32,-0.235,-0.002,0.893,-0.041,0.0,0.785,0.532,0.627,0.643,-0.069,0.617,0.03,0.818,0.786,0.181,0.376,0.604,0.507,0.441,0.847,0.643,0.434,0.836,0.619,0.722,0.548,0.324,0.782,0.534,-0.434,0.594,0.209,0.539,0.045,-0.089,0.037,0.812,0.148,0.638,0.794,0.35,0.779,0.819,0.849,0.231,0.577,0.525,0.752,0.812,-0.597,0.604,-0.325,0.78,0.573,0.928,0.257,0.487,0.382,0.336,0.759,0.725,-0.215,-0.123,0.124,0.595,0.555,0.284,0.426,-0.144,0.865,-0.006,0.485,0.349,0.88,0.462,0.252,0.763,0.039,0.74,0.678,-0.184,-0.258,0.318,-0.314,0.638,-0.146,0.258,0.444,-0.234,-0.689,-0.142,-0.279,0.351,-0.152,-0.503,-0.568,0.038,0.234,-0.218,0.777,0.462,0.785,0.926,0.523,0.724,0.544,-0.422,0.894,0.769,0.861,0.173,0.436,-0.516,0.591,0.322,0.394,0.274,0.872,0.045,-0.3,0.877,0.38,0.461,-0.227,0.173,-0.255,0.101,0.124,0.429,0.836,0.786,0.511,0.053,0.842,0.643,0.103,0.133,0.354,0.598,-0.033,0.704,0.556,0.406,0.787,0.397,-0.175,0.544,-0.012,0.534,0.849,0.353,0.634,0.121,-0.435,-0.179,0.135,0.237,0.291,0.186,0.824,0.543,-0.274,0.664,0.789,0.652,0.577,-0.022,0.23,0.357,0.616,0.16,0.715,0.437,0.568,0.665,0.519,-0.466,-0.012,0.607,0.544,0.815,0.508,0.642,0.166,-0.226,-0.492,0.336,0.496,0.666,0.839,0.253,0.379,0.629,0.81,0.638,0.891
AMWD,-0.403,-0.625,0.716,0.336,-0.377,-0.281,0.882,-0.345,0.785,0.0,0.199,0.665,0.878,-0.393,0.291,-0.265,0.801,0.927,0.593,0.391,0.758,0.26,0.506,0.772,0.777,0.396,0.677,0.818,0.455,0.446,0.655,0.451,0.132,-0.509,0.473,0.496,0.629,-0.215,-0.44,-0.066,0.736,-0.151,0.645,0.664,0.077,0.786,0.913,0.847,0.28,0.724,0.223,0.846,0.837,-0.776,0.247,0.112,0.728,0.428,0.757,0.663,0.363,0.637,0.531,0.914,0.902,-0.389,-0.318,0.209,0.753,0.459,0.467,0.152,-0.195,0.746,-0.352,0.226,0.215,0.848,0.31,0.253,0.808,0.317,0.863,0.457,-0.02,-0.515,-0.069,0.023,0.85,0.067,0.268,0.783,-0.552,-0.856,-0.446,0.016,-0.164,-0.515,-0.689,-0.287,-0.233,0.01,-0.552,0.911,0.174,0.687,0.683,0.708,0.816,0.382,-0.48,0.852,0.683,0.828,0.502,0.019,-0.626,0.394,0.621,0.11,0.102,0.715,-0.278,-0.458,0.688,0.634,0.19,0.111,0.524,-0.549,-0.196,0.49,0.265,0.555,0.867,0.54,-0.233,0.93,0.431,0.389,0.362,0.423,0.822,-0.031,0.825,0.624,0.052,0.925,0.584,-0.362,0.364,-0.003,0.171,0.894,-0.108,0.532,0.255,-0.668,-0.352,-0.134,0.457,0.52,0.07,0.828,0.624,-0.382,0.901,0.698,0.44,0.321,-0.227,0.009,-0.085,0.56,0.523,0.334,0.138,0.821,0.858,0.707,-0.797,-0.216,0.772,0.861,0.673,0.696,0.369,-0.265,-0.47,-0.656,-0.08,0.299,0.676,0.865,0.489,0.582,0.44,0.772,0.296,0.795
ARDX,-0.183,-0.351,0.016,-0.136,-0.386,-0.013,0.434,-0.012,0.532,0.199,0.0,0.152,0.027,-0.043,0.464,-0.023,0.416,0.316,-0.141,-0.076,0.207,0.211,-0.178,0.272,0.434,0.266,0.22,0.212,0.379,-0.058,-0.041,0.518,0.384,-0.173,0.172,0.065,0.571,0.061,0.282,-0.224,0.42,0.128,0.446,0.299,0.147,0.166,0.401,0.384,-0.091,0.46,0.279,0.506,0.293,-0.353,0.362,-0.714,0.519,-0.083,0.541,-0.095,0.207,0.132,0.182,0.352,0.328,-0.309,-0.221,0.168,0.37,-0.001,0.1,0.148,-0.486,0.539,-0.021,0.603,-0.051,0.394,0.252,0.456,0.456,0.167,0.339,0.306,-0.167,-0.224,0.347,-0.375,0.222,-0.132,0.183,0.041,-0.111,-0.168,-0.126,-0.572,0.484,0.123,-0.233,-0.469,-0.02,0.13,-0.097,0.252,0.056,0.228,0.47,0.126,0.409,0.003,-0.399,0.509,0.599,0.497,-0.465,0.227,-0.4,0.12,0.165,0.257,0.149,0.411,-0.031,-0.291,0.375,-0.182,0.19,-0.65,0.0,-0.229,-0.002,-0.173,0.014,0.459,0.423,0.389,-0.138,0.358,0.319,0.102,-0.537,-0.182,0.122,-0.201,0.382,0.481,0.137,0.374,0.101,-0.324,0.114,-0.473,0.199,0.39,0.442,0.076,-0.48,-0.287,-0.33,0.012,0.176,0.032,-0.233,0.396,0.037,-0.267,0.209,0.209,0.169,0.118,0.26,-0.15,0.302,0.45,-0.336,0.48,0.111,0.194,0.023,0.08,0.009,-0.059,0.124,0.083,0.473,0.098,0.239,0.182,-0.206,-0.418,0.287,0.057,0.028,0.499,0.148,0.162,0.358,0.592,0.303,0.435
ARQT,-0.38,-0.416,0.623,0.344,-0.233,-0.271,0.6,-0.323,0.627,0.665,0.152,0.0,0.631,-0.333,0.176,-0.295,0.635,0.713,0.185,0.328,0.722,0.477,0.56,0.513,0.573,0.597,0.466,0.678,0.381,0.224,0.532,0.433,0.234,0.017,0.388,0.419,0.293,-0.368,-0.389,0.226,0.485,0.071,0.686,0.495,-0.067,0.721,0.658,0.661,0.13,0.355,0.155,0.584,0.706,-0.537,0.171,0.189,0.694,0.321,0.605,0.36,0.127,0.482,0.494,0.651,0.547,-0.25,-0.265,0.517,0.365,0.255,0.257,0.046,-0.02,0.477,-0.304,0.32,0.007,0.698,0.468,-0.186,0.408,0.032,0.679,0.414,0.106,-0.407,-0.099,-0.254,0.562,-0.194,0.429,0.531,-0.315,-0.675,-0.357,0.069,-0.005,-0.466,-0.602,-0.056,-0.097,-0.021,-0.353,0.569,0.323,0.528,0.562,0.691,0.606,0.651,-0.352,0.677,0.652,0.532,0.24,0.025,-0.444,0.195,0.482,-0.037,0.535,0.43,-0.093,-0.383,0.617,0.676,0.285,-0.005,0.42,-0.352,-0.186,0.42,0.354,0.548,0.716,0.498,-0.043,0.688,0.307,0.362,0.27,0.422,0.584,-0.177,0.598,0.501,0.277,0.543,0.132,-0.135,0.54,0.107,0.185,0.65,-0.066,0.553,0.052,-0.451,-0.283,-0.143,0.467,0.556,-0.114,0.714,0.312,-0.349,0.748,0.734,0.257,0.423,-0.173,-0.059,0.05,0.166,0.489,0.453,0.092,0.711,0.613,0.688,-0.669,-0.344,0.5,0.514,0.409,0.352,0.191,-0.107,-0.448,-0.376,-0.006,0.268,0.386,0.526,0.525,0.583,0.684,0.601,0.142,0.629
ASTE,-0.375,-0.551,0.711,0.354,-0.322,-0.241,0.788,-0.329,0.643,0.878,0.027,0.631,0.0,-0.323,0.268,-0.196,0.777,0.812,0.618,0.46,0.714,0.214,0.675,0.718,0.738,0.275,0.577,0.784,0.39,0.464,0.784,0.319,0.075,-0.376,0.4,0.505,0.398,-0.183,-0.403,-0.049,0.653,-0.288,0.607,0.65,0.07,0.696,0.823,0.79,0.26,0.688,0.083,0.779,0.729,-0.654,0.214,0.182,0.615,0.411,0.687,0.603,0.326,0.619,0.512,0.828,0.841,-0.4,-0.314,0.332,0.78,0.417,0.478,0.15,-0.18,0.678,-0.348,0.224,0.227,0.845,0.414,0.242,0.707,0.441,0.784,0.266,-0.113,-0.476,-0.079,0.157,0.818,0.225,0.136,0.799,-0.506,-0.713,-0.361,0.025,-0.288,-0.506,-0.573,-0.233,-0.285,-0.011,-0.506,0.887,0.182,0.595,0.547,0.653,0.771,0.364,-0.369,0.782,0.624,0.751,0.65,-0.043,-0.536,0.359,0.534,0.043,0.243,0.668,-0.223,-0.447,0.542,0.724,0.043,0.237,0.452,-0.474,-0.205,0.521,0.317,0.46,0.8,0.505,-0.171,0.804,0.296,0.328,0.403,0.394,0.769,0.002,0.749,0.557,0.054,0.848,0.607,-0.322,0.409,0.037,0.105,0.795,-0.181,0.533,0.279,-0.596,-0.31,-0.147,0.396,0.416,0.082,0.751,0.586,-0.382,0.889,0.702,0.417,0.232,-0.327,-0.025,-0.079,0.482,0.477,0.215,0.093,0.85,0.839,0.724,-0.757,-0.209,0.778,0.842,0.638,0.684,0.317,-0.278,-0.335,-0.559,-0.048,0.294,0.562,0.753,0.502,0.523,0.387,0.668,0.278,0.723
AUPH,0.893,0.627,-0.787,0.197,0.804,0.945,-0.271,0.955,-0.069,-0.393,-0.043,-0.333,-0.323,0.0,0.589,0.92,-0.104,-0.578,-0.391,0.325,-0.67,0.359,-0.162,0.089,-0.682,-0.536,0.32,-0.725,0.453,0.556,-0.576,0.136,0.389,-0.001,0.108,-0.895,-0.439,0.88,0.566,0.41,0.07,0.639,-0.551,0.042,0.757,-0.389,-0.504,-0.351,0.152,-0.443,0.636,-0.534,-0.306,0.748,0.608,-0.314,-0.403,0.492,-0.045,-0.691,0.497,-0.811,-0.871,-0.575,-0.428,0.781,0.846,-0.488,-0.368,0.551,-0.416,0.777,0.589,0.042,0.851,-0.043,0.758,-0.163,-0.175,-0.063,-0.32,-0.559,-0.428,0.309,-0.213,0.921,0.799,-0.012,-0.581,0.171,-0.295,-0.714,0.862,0.342,0.94,0.059,0.555,0.895,0.852,-0.467,0.68,0.615,0.872,-0.244,0.616,0.09,0.22,-0.776,-0.562,-0.138,0.401,-0.38,-0.378,-0.261,-0.002,0.804,0.733,0.643,-0.901,0.786,0.089,0.173,0.885,0.804,0.12,-0.477,0.398,-0.088,-0.905,0.749,0.882,-0.853,0.537,0.29,-0.428,-0.694,0.811,-0.38,0.491,-0.894,0.061,0.152,-0.586,0.515,-0.679,-0.682,0.691,-0.348,-0.069,0.791,0.225,0.342,0.702,-0.381,0.745,0.165,0.374,0.845,0.881,0.851,-0.917,-0.813,0.58,-0.367,0.126,0.832,-0.527,-0.127,0.567,0.442,0.123,0.744,0.738,0.227,-0.667,0.053,0.812,-0.657,-0.088,-0.625,0.706,0.726,-0.541,-0.519,0.012,-0.245,0.524,0.878,0.869,0.778,0.794,0.618,0.15,-0.167,-0.87,-0.763,0.058,-0.367,0.648,-0.279
AVXL,0.466,0.034,-0.197,0.453,0.308,0.635,0.444,0.621,0.617,0.291,0.464,0.176,0.268,0.589,0.0,0.7,0.564,0.183,-0.013,0.486,-0.03,0.55,0.196,0.556,0.072,-0.111,0.739,-0.011,0.825,0.732,-0.022,0.602,0.616,-0.324,0.603,-0.46,0.228,0.647,0.447,0.291,0.621,0.523,0.069,0.491,0.824,0.157,0.247,0.396,0.386,0.163,0.783,0.269,0.357,0.099,0.831,-0.431,0.262,0.648,0.579,-0.246,0.764,-0.281,-0.34,0.158,0.287,0.305,0.463,-0.18,0.247,0.708,-0.17,0.856,0.199,0.69,0.579,0.279,0.746,0.533,0.262,0.272,0.396,-0.206,0.232,0.682,-0.243,0.39,0.844,-0.126,0.129,0.166,-0.051,-0.094,0.409,-0.185,0.484,-0.218,0.666,0.486,0.242,-0.707,0.356,0.575,0.398,0.407,0.697,0.612,0.764,-0.144,0.193,0.189,0.068,0.386,0.287,0.44,0.048,0.817,0.149,0.798,-0.379,0.764,0.257,0.767,0.59,0.267,0.618,-0.054,0.516,-0.162,-0.528,0.28,0.694,-0.441,0.659,0.776,0.303,-0.163,0.601,0.326,0.814,-0.539,0.134,0.315,0.032,0.373,0.049,-0.1,0.725,0.367,0.379,0.307,0.559,0.235,0.781,0.285,0.705,0.577,0.22,0.238,0.385,0.724,-0.46,-0.439,0.455,0.271,0.538,0.367,0.176,0.37,0.766,0.635,0.235,0.617,0.724,0.706,-0.34,0.411,0.794,0.025,0.431,-0.115,0.181,0.444,0.085,0.037,0.682,0.295,0.765,0.703,0.465,0.152,0.756,0.67,0.558,0.553,-0.396,-0.329,0.401,0.308,0.873,0.375
AZTA,0.859,0.586,-0.648,0.376,0.772,0.945,-0.155,0.953,0.03,-0.265,-0.023,-0.295,-0.196,0.92,0.7,0.0,0.046,-0.448,-0.276,0.382,-0.588,0.352,-0.009,0.134,-0.576,-0.582,0.406,-0.575,0.528,0.647,-0.427,0.134,0.428,-0.088,0.301,-0.862,-0.286,0.919,0.551,0.466,0.11,0.634,-0.537,0.052,0.88,-0.34,-0.392,-0.197,0.375,-0.394,0.633,-0.399,-0.224,0.682,0.71,-0.236,-0.331,0.524,-0.003,-0.596,0.604,-0.753,-0.826,-0.488,-0.287,0.739,0.863,-0.474,-0.249,0.643,-0.486,0.861,0.595,0.19,0.868,-0.095,0.813,-0.061,-0.118,-0.03,-0.174,-0.502,-0.388,0.395,-0.237,0.853,0.865,0.026,-0.422,0.195,-0.295,-0.575,0.828,0.268,0.885,0.036,0.59,0.838,0.767,-0.504,0.576,0.637,0.802,-0.113,0.66,0.213,0.301,-0.655,-0.427,-0.077,0.505,-0.272,-0.327,-0.17,0.036,0.829,0.742,0.706,-0.866,0.761,0.065,0.324,0.855,0.742,0.165,-0.4,0.346,0.075,-0.925,0.687,0.937,-0.743,0.609,0.364,-0.343,-0.691,0.848,-0.291,0.584,-0.931,0.185,0.245,-0.484,0.584,-0.598,-0.703,0.732,-0.217,0.098,0.728,0.324,0.429,0.699,-0.32,0.689,0.361,0.374,0.794,0.827,0.942,-0.917,-0.843,0.616,-0.323,0.315,0.819,-0.386,-0.122,0.585,0.464,0.198,0.805,0.766,0.347,-0.572,0.055,0.818,-0.554,0.072,-0.62,0.617,0.686,-0.412,-0.427,0.154,-0.093,0.591,0.882,0.867,0.713,0.779,0.615,0.275,-0.02,-0.846,-0.837,-0.01,-0.357,0.734,-0.212
BAND,-0.22,-0.446,0.52,0.491,-0.209,0.018,0.856,-0.054,0.818,0.801,0.416,0.635,0.777,-0.104,0.564,0.046,0.0,0.758,0.324,0.527,0.575,0.47,0.604,0.822,0.667,0.201,0.729,0.665,0.699,0.497,0.48,0.546,0.375,-0.397,0.551,0.245,0.509,0.098,-0.159,0.058,0.715,0.082,0.641,0.721,0.369,0.659,0.805,0.861,0.368,0.654,0.381,0.786,0.766,-0.577,0.585,-0.202,0.724,0.483,0.82,0.294,0.474,0.431,0.314,0.736,0.765,-0.275,-0.117,0.234,0.75,0.583,0.265,0.437,-0.146,0.906,-0.076,0.444,0.354,0.888,0.465,0.251,0.73,0.183,0.699,0.542,-0.257,-0.291,0.324,-0.154,0.717,0.032,0.263,0.538,-0.228,-0.713,-0.141,-0.317,0.139,-0.148,-0.492,-0.57,-0.092,0.182,-0.258,0.885,0.431,0.747,0.802,0.527,0.714,0.418,-0.338,0.87,0.756,0.82,0.287,0.31,-0.423,0.539,0.332,0.339,0.334,0.853,0.026,-0.331,0.734,0.495,0.249,0.023,0.174,-0.325,0.073,0.174,0.483,0.763,0.793,0.492,0.069,0.815,0.559,0.048,0.179,0.381,0.639,0.027,0.664,0.508,0.37,0.808,0.535,-0.198,0.598,-0.003,0.406,0.771,0.212,0.656,0.071,-0.44,-0.211,0.146,0.204,0.241,0.148,0.777,0.649,-0.242,0.789,0.701,0.566,0.429,-0.163,0.179,0.309,0.598,0.107,0.478,0.378,0.662,0.786,0.508,-0.513,-0.055,0.604,0.653,0.749,0.607,0.536,0.096,-0.211,-0.5,0.279,0.414,0.526,0.862,0.292,0.332,0.506,0.738,0.52,0.82
BECN,-0.605,-0.754,0.842,0.284,-0.581,-0.496,0.893,-0.543,0.786,0.927,0.316,0.713,0.812,-0.578,0.183,-0.448,0.758,0.0,0.535,0.281,0.856,0.195,0.515,0.648,0.904,0.571,0.543,0.931,0.383,0.225,0.707,0.51,0.179,-0.446,0.47,0.647,0.67,-0.423,-0.415,-0.135,0.64,-0.265,0.765,0.593,-0.087,0.83,0.95,0.883,0.236,0.741,0.082,0.913,0.874,-0.867,0.121,0.089,0.82,0.272,0.747,0.692,0.222,0.774,0.713,0.949,0.882,-0.574,-0.518,0.346,0.742,0.236,0.425,-0.031,-0.367,0.692,-0.496,0.319,-0.042,0.834,0.438,0.273,0.826,0.409,0.865,0.4,0.004,-0.698,-0.187,-0.046,0.925,-0.006,0.39,0.858,-0.668,-0.797,-0.626,-0.156,-0.122,-0.656,-0.846,-0.166,-0.381,-0.129,-0.687,0.851,0.063,0.635,0.604,0.866,0.904,0.46,-0.471,0.914,0.739,0.847,0.291,-0.11,-0.766,0.183,0.761,-0.12,0.15,0.643,-0.461,-0.659,0.592,0.676,0.171,0.059,0.666,-0.618,-0.354,0.642,0.139,0.495,0.896,0.713,-0.347,0.922,0.29,0.548,0.239,0.293,0.841,-0.22,0.934,0.762,-0.076,0.873,0.534,-0.564,0.371,-0.073,0.014,0.895,-0.221,0.445,0.049,-0.817,-0.594,-0.312,0.653,0.667,-0.092,0.837,0.515,-0.595,0.905,0.7,0.257,0.225,-0.103,-0.162,-0.185,0.444,0.591,0.385,-0.068,0.884,0.718,0.792,-0.814,-0.39,0.828,0.829,0.693,0.706,0.236,-0.389,-0.617,-0.807,-0.201,0.072,0.553,0.806,0.653,0.7,0.409,0.822,0.151,0.837
BFC,-0.212,-0.414,0.614,0.255,-0.428,-0.384,0.413,-0.405,0.181,0.593,-0.141,0.185,0.618,-0.391,-0.013,-0.276,0.324,0.535,0.0,0.2,0.328,-0.38,0.213,0.215,0.55,-0.033,0.204,0.528,-0.033,0.163,0.674,-0.039,-0.34,-0.603,0.23,0.402,0.55,-0.229,-0.257,-0.231,0.351,-0.476,0.155,0.085,-0.152,0.247,0.524,0.466,0.362,0.588,-0.09,0.55,0.413,-0.438,-0.231,0.456,0.241,0.106,0.154,0.826,0.326,0.508,0.354,0.573,0.719,-0.396,-0.307,0.055,0.584,0.15,0.35,-0.123,-0.252,0.243,-0.447,-0.261,0.079,0.338,-0.118,0.519,0.586,0.638,0.546,-0.019,0.223,-0.433,-0.284,0.726,0.68,0.598,-0.048,0.707,-0.6,-0.431,-0.505,0.169,-0.438,-0.537,-0.348,0.154,-0.503,-0.081,-0.575,0.612,-0.276,0.198,0.078,0.456,0.454,-0.179,-0.057,0.361,0.095,0.407,0.591,-0.332,-0.408,0.018,0.514,-0.201,-0.221,0.291,-0.499,-0.356,-0.012,0.446,-0.242,0.473,0.513,-0.435,-0.294,0.599,-0.062,-0.07,0.437,0.157,-0.339,0.466,0.06,0.371,0.409,0.166,0.61,0.132,0.514,0.294,-0.379,0.641,0.755,-0.473,-0.087,-0.019,-0.297,0.456,-0.554,0.055,0.329,-0.54,-0.367,-0.263,0.319,0.251,-0.022,0.217,0.452,-0.232,0.581,0.13,0.043,-0.156,-0.096,-0.086,-0.533,0.493,0.548,-0.406,-0.203,0.627,0.586,0.464,-0.583,-0.234,0.605,0.669,0.367,0.748,-0.029,-0.563,-0.215,-0.504,-0.463,-0.168,0.39,0.507,0.362,0.316,-0.206,0.304,-0.134,0.23
BGC,0.329,0.141,0.166,0.6,0.35,0.311,0.344,0.31,0.376,0.391,-0.076,0.328,0.46,0.325,0.486,0.382,0.527,0.281,0.2,0.0,0.188,0.49,0.484,0.545,0.07,-0.11,0.599,0.203,0.685,0.615,0.162,0.413,0.52,-0.126,0.541,-0.077,-0.043,0.39,-0.041,0.568,0.541,0.392,0.211,0.435,0.477,0.4,0.256,0.305,0.398,0.188,0.508,0.154,0.579,0.033,0.469,0.139,0.278,0.707,0.441,0.058,0.507,0.121,-0.07,0.186,0.239,0.35,0.402,0.025,0.179,0.742,-0.054,0.567,0.459,0.484,0.319,0.037,0.509,0.525,0.151,0.063,0.248,-0.077,0.337,0.378,0.12,0.215,0.338,0.129,0.29,0.283,0.289,0.184,0.307,-0.349,0.292,-0.024,0.273,0.16,0.055,-0.262,0.385,0.396,0.2,0.501,0.624,0.537,0.554,0.168,0.182,0.331,0.243,0.332,0.1,0.268,0.277,0.542,0.182,0.66,-0.187,0.455,0.515,0.548,0.437,0.187,0.457,0.44,0.356,0.31,-0.13,0.31,0.435,-0.144,0.727,0.639,0.303,-0.07,0.525,0.282,0.61,-0.291,0.245,0.678,0.257,0.268,0.128,-0.026,0.556,0.274,0.509,0.363,0.745,0.407,0.509,0.293,0.237,0.591,0.438,0.141,0.294,0.5,-0.183,-0.047,0.544,0.376,0.598,0.291,0.354,0.53,0.594,0.655,0.025,0.56,0.432,0.325,0.012,0.114,0.553,0.224,0.607,0.193,-0.023,0.18,0.166,0.331,0.351,0.57,0.564,0.36,0.165,0.042,0.407,0.425,0.466,0.336,-0.126,-0.012,0.261,0.116,0.498,0.36
BHF,-0.672,-0.663,0.809,0.142,-0.542,-0.603,0.687,-0.642,0.604,0.758,0.207,0.722,0.714,-0.67,-0.03,-0.588,0.575,0.856,0.328,0.188,0.0,0.242,0.542,0.447,0.806,0.727,0.303,0.885,0.192,0.05,0.69,0.417,0.159,-0.085,0.349,0.775,0.442,-0.563,-0.484,-0.03,0.483,-0.259,0.815,0.489,-0.278,0.786,0.787,0.692,0.06,0.578,-0.116,0.746,0.747,-0.803,-0.051,0.173,0.744,0.129,0.613,0.596,-0.059,0.803,0.819,0.809,0.641,-0.544,-0.57,0.537,0.526,0.02,0.406,-0.248,-0.309,0.444,-0.53,0.29,-0.282,0.708,0.497,0.013,0.574,0.339,0.757,0.233,0.127,-0.721,-0.384,-0.205,0.752,-0.217,0.506,0.793,-0.615,-0.639,-0.672,-0.064,-0.168,-0.744,-0.848,0.061,-0.299,-0.258,-0.655,0.609,0.033,0.467,0.405,0.88,0.787,0.584,-0.451,0.779,0.675,0.635,0.168,-0.254,-0.712,-0.017,0.766,-0.305,0.334,0.369,-0.46,-0.653,0.472,0.743,0.104,0.015,0.72,-0.555,-0.485,0.697,0.087,0.387,0.791,0.764,-0.381,0.736,0.099,0.687,0.134,0.297,0.73,-0.348,0.838,0.748,-0.117,0.63,0.242,-0.498,0.353,-0.035,-0.109,0.714,-0.294,0.372,-0.086,-0.756,-0.616,-0.441,0.78,0.819,-0.226,0.794,0.308,-0.66,0.805,0.689,0.048,0.164,-0.1,-0.317,-0.222,0.102,0.646,0.388,-0.236,0.841,0.511,0.807,-0.778,-0.509,0.703,0.672,0.438,0.466,0.071,-0.431,-0.725,-0.724,-0.283,-0.04,0.355,0.548,0.744,0.793,0.477,0.677,-0.021,0.713
BHFAL,0.234,0.141,-0.117,0.296,0.437,0.429,0.314,0.395,0.507,0.26,0.211,0.477,0.214,0.359,0.55,0.352,0.47,0.195,-0.38,0.49,0.242,0.0,0.274,0.513,-0.019,0.238,0.572,0.053,0.72,0.517,-0.089,0.506,0.627,0.198,0.365,-0.237,-0.142,0.302,0.059,0.542,0.431,0.618,0.283,0.53,0.5,0.342,0.163,0.213,0.066,-0.024,0.564,0.087,0.38,0.004,0.65,-0.264,0.342,0.57,0.553,-0.36,0.301,-0.145,-0.155,0.11,0.03,0.352,0.331,0.07,0.01,0.581,-0.141,0.546,0.382,0.482,0.38,0.402,0.443,0.505,0.389,-0.394,0.08,-0.525,0.214,0.611,-0.139,0.282,0.493,-0.609,-0.032,-0.381,0.371,-0.13,0.413,-0.29,0.393,0.031,0.479,0.298,0.007,-0.492,0.524,0.336,0.369,0.24,0.803,0.579,0.644,0.023,0.112,0.527,-0.168,0.327,0.357,0.239,-0.044,0.635,0.124,0.602,-0.23,0.573,0.501,0.455,0.622,0.235,0.715,0.227,0.665,-0.282,-0.306,0.254,0.43,-0.351,0.734,0.76,0.351,0.044,0.539,0.327,0.637,-0.327,0.045,0.4,-0.03,0.076,0.019,-0.006,0.738,0.13,-0.164,0.445,0.652,0.327,0.726,0.229,0.639,0.562,0.157,0.226,0.377,0.478,-0.193,-0.011,0.223,0.436,0.353,0.256,0.212,0.577,0.575,0.68,-0.066,0.383,0.688,0.147,-0.17,0.602,0.652,0.062,0.335,0.085,-0.032,0.27,-0.06,-0.015,0.288,-0.073,0.601,0.619,0.077,0.18,0.683,0.694,0.376,0.266,-0.209,-0.045,0.746,0.269,0.605,0.366
BKNG,-0.247,-0.246,0.584,0.611,-0.064,-0.095,0.499,-0.14,0.441,0.506,-0.178,0.56,0.675,-0.162,0.196,-0.009,0.604,0.515,0.213,0.484,0.542,0.274,0.0,0.479,0.397,0.185,0.444,0.598,0.343,0.394,0.526,0.203,0.257,-0.073,0.462,0.297,0.057,-0.07,-0.22,0.233,0.272,-0.067,0.439,0.411,0.148,0.614,0.485,0.618,0.36,0.186,0.082,0.39,0.532,-0.308,0.289,0.3,0.36,0.422,0.408,0.29,0.157,0.376,0.331,0.415,0.389,-0.135,-0.076,0.315,0.396,0.363,0.1,0.229,0.138,0.428,-0.087,0.142,0.181,0.562,0.47,-0.16,0.296,0.125,0.348,0.218,-0.167,-0.204,0.002,-0.034,0.536,-0.017,0.129,0.521,-0.135,-0.405,-0.161,-0.038,-0.046,-0.33,-0.388,-0.107,-0.14,-0.114,-0.208,0.551,0.356,0.463,0.413,0.58,0.457,0.703,0.097,0.533,0.366,0.422,0.42,0.093,-0.176,0.274,0.253,-0.076,0.471,0.453,-0.024,-0.251,0.35,0.654,0.073,0.454,0.185,-0.096,-0.009,0.418,0.367,0.436,0.414,0.357,0.175,0.425,0.182,0.083,0.533,0.484,0.543,-0.019,0.431,0.215,0.308,0.396,0.339,-0.011,0.611,0.368,0.179,0.416,-0.154,0.638,0.137,-0.269,-0.147,0.056,0.181,0.319,0.283,0.472,0.452,-0.226,0.559,0.583,0.341,0.366,-0.213,0.192,0.114,0.093,0.356,0.298,0.154,0.498,0.601,0.541,-0.431,-0.145,0.568,0.485,0.404,0.462,0.25,-0.031,-0.099,-0.198,0.015,0.195,0.352,0.341,0.3,0.278,0.266,0.263,0.27,0.555
BL,-0.087,-0.426,0.3,0.31,-0.032,0.155,0.822,0.087,0.847,0.772,0.272,0.513,0.718,0.089,0.556,0.134,0.822,0.648,0.215,0.545,0.447,0.513,0.479,0.0,0.494,0.165,0.85,0.488,0.701,0.675,0.275,0.598,0.384,-0.45,0.437,0.131,0.319,0.195,-0.22,0.063,0.8,0.127,0.544,0.845,0.403,0.733,0.724,0.738,0.176,0.564,0.544,0.616,0.727,-0.491,0.637,-0.262,0.607,0.651,0.868,0.209,0.478,0.308,0.195,0.673,0.668,-0.065,0.013,0.016,0.622,0.701,0.41,0.527,0.016,0.847,0.046,0.413,0.514,0.838,0.335,0.226,0.642,0.042,0.688,0.556,-0.329,-0.118,0.325,-0.192,0.555,-0.006,0.086,0.374,-0.152,-0.714,0.054,-0.157,0.132,-0.036,-0.334,-0.664,0.149,0.265,-0.119,0.827,0.485,0.73,0.864,0.344,0.582,0.412,-0.438,0.766,0.666,0.798,0.442,0.447,-0.38,0.719,0.192,0.549,0.253,0.842,0.17,-0.163,0.855,0.391,0.387,-0.123,0.083,-0.194,0.153,-0.014,0.475,0.765,0.681,0.372,0.099,0.765,0.612,-0.046,0.206,0.43,0.571,0.055,0.576,0.452,0.437,0.756,0.428,0.012,0.524,0.023,0.59,0.798,0.381,0.621,0.302,-0.308,0.037,0.189,0.069,0.166,0.367,0.792,0.536,-0.13,0.624,0.772,0.75,0.585,-0.301,0.3,0.361,0.563,0.047,0.604,0.547,0.488,0.752,0.477,-0.429,0.152,0.549,0.624,0.679,0.475,0.641,0.187,-0.117,-0.352,0.402,0.638,0.636,0.772,0.157,0.301,0.583,0.692,0.66,0.841
BOKF,-0.732,-0.831,0.819,0.084,-0.783,-0.626,0.803,-0.675,0.643,0.777,0.434,0.573,0.738,-0.682,0.072,-0.576,0.667,0.904,0.55,0.07,0.806,-0.019,0.397,0.494,0.0,0.528,0.304,0.903,0.175,-0.015,0.743,0.376,0.016,-0.385,0.285,0.747,0.697,-0.526,-0.348,-0.361,0.53,-0.482,0.79,0.478,-0.254,0.663,0.905,0.821,0.097,0.817,-0.115,0.947,0.707,-0.9,-0.035,-0.036,0.783,-0.008,0.655,0.688,0.079,0.824,0.799,0.929,0.861,-0.782,-0.718,0.45,0.806,-0.027,0.509,-0.221,-0.629,0.6,-0.648,0.391,-0.244,0.741,0.454,0.43,0.796,0.634,0.829,0.136,-0.044,-0.824,-0.277,0.008,0.895,0.063,0.276,0.851,-0.793,-0.653,-0.725,-0.306,-0.222,-0.687,-0.844,-0.117,-0.565,-0.255,-0.787,0.764,-0.18,0.42,0.406,0.82,0.908,0.255,-0.554,0.87,0.767,0.81,0.193,-0.318,-0.877,-0.062,0.841,-0.275,0.113,0.5,-0.626,-0.804,0.38,0.593,-0.058,-0.062,0.72,-0.718,-0.547,0.682,-0.091,0.292,0.849,0.805,-0.55,0.817,0.062,0.661,0.021,0.038,0.787,-0.334,0.954,0.864,-0.288,0.829,0.489,-0.769,0.181,-0.301,-0.205,0.821,-0.304,0.209,-0.203,-0.915,-0.771,-0.519,0.754,0.65,-0.317,0.749,0.309,-0.756,0.848,0.558,0.042,-0.054,-0.112,-0.422,-0.314,0.39,0.486,0.273,-0.291,0.894,0.536,0.786,-0.773,-0.486,0.815,0.773,0.637,0.614,0.028,-0.543,-0.668,-0.903,-0.312,-0.133,0.296,0.748,0.774,0.735,0.307,0.827,-0.019,0.759
BRKR,-0.574,-0.576,0.51,-0.026,-0.446,-0.562,0.424,-0.568,0.434,0.396,0.266,0.597,0.275,-0.536,-0.111,-0.582,0.201,0.571,-0.033,-0.11,0.727,0.238,0.185,0.165,0.528,0.0,0.099,0.543,0.102,-0.143,0.35,0.47,0.31,0.052,0.257,0.543,0.265,-0.645,-0.206,-0.035,0.258,-0.122,0.641,0.301,-0.324,0.542,0.465,0.387,-0.099,0.252,-0.053,0.45,0.483,-0.59,-0.136,0.044,0.612,0.027,0.441,0.31,-0.155,0.511,0.63,0.522,0.269,-0.443,-0.511,0.396,0.116,-0.228,0.084,-0.321,-0.29,0.141,-0.383,0.324,-0.41,0.394,0.542,-0.155,0.318,0.017,0.483,0.273,0.203,-0.547,-0.324,-0.451,0.399,-0.453,0.568,0.469,-0.437,-0.318,-0.541,-0.05,0.074,-0.599,-0.669,0.149,-0.198,-0.221,-0.427,0.202,0.04,0.326,0.23,0.644,0.499,0.533,-0.393,0.519,0.487,0.393,-0.24,-0.201,-0.61,-0.204,0.61,-0.339,0.205,0.127,-0.388,-0.519,0.335,0.521,0.36,-0.23,0.616,-0.331,-0.394,0.507,-0.001,0.235,0.542,0.65,-0.271,0.519,0.024,0.65,-0.007,-0.014,0.322,-0.333,0.578,0.572,-0.119,0.248,-0.128,-0.446,0.233,0.002,-0.066,0.431,-0.116,0.094,-0.178,-0.558,-0.499,-0.427,0.69,0.765,-0.31,0.497,0.046,-0.569,0.409,0.545,-0.108,0.111,0.21,-0.326,-0.171,-0.097,0.578,0.412,-0.261,0.508,0.094,0.586,-0.483,-0.52,0.325,0.218,0.289,0.096,-0.005,-0.291,-0.595,-0.517,-0.165,-0.142,0.23,0.234,0.533,0.671,0.494,0.563,-0.111,0.443
CACC,0.2,-0.251,0.157,0.504,0.181,0.385,0.737,0.339,0.836,0.677,0.22,0.466,0.577,0.32,0.739,0.406,0.729,0.543,0.204,0.599,0.303,0.572,0.444,0.85,0.304,0.099,0.0,0.324,0.843,0.835,0.183,0.711,0.561,-0.53,0.631,-0.172,0.295,0.407,0.021,0.263,0.78,0.337,0.292,0.735,0.65,0.587,0.575,0.641,0.424,0.342,0.738,0.453,0.675,-0.245,0.739,-0.169,0.495,0.837,0.779,0.12,0.72,0.047,-0.083,0.489,0.562,0.168,0.284,-0.177,0.431,0.868,0.092,0.73,0.245,0.788,0.296,0.253,0.736,0.746,0.263,0.167,0.584,-0.18,0.529,0.742,-0.206,0.158,0.548,-0.109,0.447,0.044,0.108,0.225,0.103,-0.578,0.23,-0.055,0.389,0.134,-0.12,-0.632,0.251,0.442,0.114,0.708,0.7,0.809,0.911,0.209,0.436,0.424,-0.15,0.639,0.431,0.683,0.383,0.688,-0.116,0.868,-0.038,0.656,0.202,0.897,0.363,0.083,0.82,0.272,0.565,0.014,-0.147,0.041,0.477,-0.115,0.673,0.832,0.55,0.082,0.413,0.67,0.808,-0.283,0.405,0.529,0.387,0.274,0.369,0.142,0.615,0.636,0.49,0.198,0.625,0.31,0.722,0.651,0.488,0.667,0.487,-0.065,0.247,0.489,-0.193,-0.027,0.511,0.58,0.694,0.183,0.462,0.657,0.861,0.724,-0.051,0.6,0.525,0.671,0.041,0.497,0.761,0.307,0.743,0.263,-0.256,0.316,0.392,0.41,0.743,0.522,0.791,0.426,0.162,-0.116,0.525,0.727,0.823,0.729,-0.143,0.018,0.506,0.532,0.82,0.666
CAR,-0.736,-0.716,0.931,0.231,-0.674,-0.643,0.768,-0.681,0.619,0.818,0.212,0.678,0.784,-0.725,-0.011,-0.575,0.665,0.931,0.528,0.203,0.885,0.053,0.598,0.488,0.903,0.543,0.324,0.0,0.185,0.028,0.776,0.324,0.029,-0.271,0.351,0.796,0.581,-0.562,-0.521,-0.15,0.437,-0.414,0.795,0.464,-0.28,0.793,0.883,0.815,0.155,0.69,-0.156,0.855,0.791,-0.852,-0.067,0.217,0.748,0.084,0.591,0.702,-0.01,0.869,0.835,0.884,0.794,-0.646,-0.639,0.485,0.708,0.035,0.48,-0.213,-0.401,0.53,-0.634,0.23,-0.252,0.732,0.437,0.189,0.7,0.538,0.771,0.177,0.0,-0.815,-0.384,-0.009,0.913,-0.018,0.359,0.906,-0.738,-0.709,-0.734,-0.177,-0.276,-0.76,-0.894,0.001,-0.482,-0.313,-0.777,0.745,-0.103,0.455,0.405,0.948,0.886,0.481,-0.397,0.837,0.691,0.729,0.277,-0.309,-0.766,-0.025,0.835,-0.357,0.228,0.466,-0.581,-0.766,0.406,0.726,-0.071,0.158,0.755,-0.682,-0.518,0.765,-0.01,0.338,0.803,0.76,-0.462,0.783,0.058,0.649,0.189,0.273,0.858,-0.385,0.93,0.789,-0.202,0.767,0.464,-0.621,0.296,-0.122,-0.212,0.797,-0.43,0.378,-0.11,-0.86,-0.72,-0.465,0.76,0.737,-0.19,0.787,0.355,-0.709,0.896,0.627,0.06,0.095,-0.166,-0.337,-0.333,0.234,0.626,0.282,-0.284,0.902,0.622,0.826,-0.834,-0.536,0.854,0.812,0.533,0.65,0.009,-0.543,-0.704,-0.831,-0.382,-0.127,0.334,0.645,0.797,0.754,0.269,0.69,-0.053,0.767
CDNA,0.316,-0.01,0.017,0.564,0.309,0.502,0.615,0.475,0.722,0.455,0.379,0.381,0.39,0.453,0.825,0.528,0.699,0.383,-0.033,0.685,0.192,0.72,0.343,0.701,0.175,0.102,0.843,0.185,0.0,0.732,0.024,0.742,0.775,-0.345,0.676,-0.287,0.193,0.516,0.256,0.449,0.692,0.536,0.26,0.645,0.772,0.406,0.385,0.481,0.44,0.254,0.785,0.337,0.586,-0.069,0.829,-0.327,0.513,0.792,0.739,-0.183,0.702,-0.051,-0.188,0.29,0.332,0.266,0.397,-0.089,0.3,0.801,-0.176,0.803,0.28,0.771,0.465,0.344,0.671,0.684,0.346,0.097,0.489,-0.282,0.377,0.812,-0.191,0.263,0.735,-0.267,0.303,0.01,0.335,0.075,0.344,-0.391,0.388,-0.258,0.613,0.352,0.0,-0.693,0.405,0.583,0.288,0.554,0.829,0.826,0.853,0.087,0.321,0.393,0.006,0.551,0.362,0.561,0.044,0.802,0.048,0.841,-0.206,0.697,0.328,0.846,0.534,0.172,0.737,0.209,0.695,-0.071,-0.307,0.229,0.634,-0.314,0.814,0.895,0.472,0.055,0.599,0.505,0.866,-0.423,0.165,0.443,0.125,0.276,0.209,0.055,0.716,0.417,0.388,0.259,0.736,0.348,0.779,0.435,0.64,0.644,0.317,0.106,0.302,0.64,-0.281,-0.127,0.5,0.476,0.693,0.279,0.321,0.603,0.807,0.74,0.162,0.625,0.721,0.594,-0.186,0.514,0.8,0.145,0.556,0.081,0.014,0.295,0.159,0.165,0.717,0.408,0.824,0.634,0.253,-0.014,0.736,0.641,0.667,0.591,-0.263,-0.131,0.497,0.433,0.845,0.562
CG,0.493,0.062,-0.098,0.518,0.513,0.607,0.441,0.575,0.548,0.446,-0.058,0.224,0.464,0.556,0.732,0.647,0.497,0.225,0.163,0.615,0.05,0.517,0.394,0.675,-0.015,-0.143,0.835,0.028,0.732,0.0,0.07,0.463,0.486,-0.399,0.589,-0.383,0.041,0.611,0.132,0.413,0.638,0.415,-0.023,0.537,0.773,0.318,0.243,0.341,0.439,0.074,0.738,0.152,0.392,0.106,0.731,-0.022,0.16,0.882,0.521,-0.033,0.749,-0.212,-0.34,0.182,0.303,0.445,0.572,-0.314,0.198,0.888,-0.079,0.815,0.483,0.564,0.549,0.022,0.877,0.508,0.12,0.08,0.352,-0.283,0.275,0.646,-0.17,0.45,0.619,0.033,0.168,0.17,-0.058,0.036,0.342,-0.342,0.486,0.179,0.36,0.312,0.226,-0.557,0.439,0.593,0.344,0.483,0.765,0.702,0.707,-0.081,0.116,0.317,0.114,0.305,0.107,0.388,0.476,0.734,0.218,0.905,-0.343,0.729,0.163,0.711,0.579,0.414,0.645,0.202,0.557,0.178,-0.395,0.32,0.659,-0.261,0.752,0.672,0.283,-0.239,0.599,0.38,0.787,-0.505,0.531,0.553,0.131,0.587,0.03,-0.227,0.674,0.385,0.408,0.461,0.542,0.512,0.79,0.312,0.512,0.635,0.701,0.266,0.569,0.689,-0.468,-0.28,0.694,0.285,0.718,0.446,0.227,0.457,0.852,0.69,-0.01,0.768,0.567,0.596,-0.021,0.299,0.822,0.07,0.639,0.02,-0.025,0.461,0.193,0.212,0.559,0.352,0.828,0.561,0.459,0.234,0.613,0.802,0.806,0.479,-0.415,-0.264,0.384,0.181,0.854,0.357
CGBD,-0.538,-0.601,0.786,0.209,-0.549,-0.518,0.552,-0.582,0.324,0.655,-0.041,0.532,0.784,-0.576,-0.022,-0.427,0.48,0.707,0.674,0.162,0.69,-0.089,0.526,0.275,0.743,0.35,0.183,0.776,0.024,0.07,0.0,0.074,-0.151,-0.256,0.249,0.633,0.394,-0.506,-0.403,-0.174,0.31,-0.517,0.497,0.267,-0.237,0.459,0.663,0.611,0.211,0.563,-0.255,0.701,0.512,-0.623,-0.2,0.399,0.457,-0.011,0.336,0.735,0.054,0.655,0.641,0.709,0.717,-0.584,-0.566,0.391,0.649,-0.027,0.37,-0.186,-0.376,0.365,-0.621,0.082,-0.14,0.559,0.442,0.242,0.546,0.62,0.618,-0.0,-0.027,-0.68,-0.356,0.31,0.784,0.272,0.072,0.874,-0.666,-0.499,-0.61,0.11,-0.42,-0.745,-0.614,0.127,-0.611,-0.341,-0.697,0.624,-0.164,0.257,0.149,0.694,0.713,0.147,-0.253,0.579,0.456,0.54,0.456,-0.421,-0.571,-0.092,0.688,-0.388,0.145,0.336,-0.537,-0.658,0.147,0.681,-0.205,0.3,0.606,-0.591,-0.445,0.774,-0.013,0.067,0.644,0.47,-0.375,0.599,-0.029,0.562,0.392,0.17,0.656,-0.222,0.692,0.524,-0.275,0.63,0.57,-0.549,0.191,0.018,-0.335,0.58,-0.5,0.262,0.031,-0.701,-0.555,-0.407,0.574,0.472,-0.252,0.473,0.336,-0.509,0.797,0.401,-0.058,-0.112,-0.165,-0.356,-0.438,0.267,0.679,-0.112,-0.323,0.848,0.569,0.672,-0.774,-0.442,0.726,0.715,0.462,0.61,-0.132,-0.57,-0.46,-0.586,-0.399,-0.101,0.308,0.515,0.635,0.526,0.149,0.482,-0.122,0.434
