,ACET,ADAP,ADI,ADPT,ADTN,AGEN,ALGN,ALLK,AMD,AMWD,ARDX,ARQT,ASTE,AUPH,AVXL,AZTA,BAND,BECN,BFC,BGC,BHF,BHFAL,BKNG,BL,BOKF,BRKR,CACC,CAR,CDNA,CG,CGBD,CHI,CHTR,CHX,CLNE,CME,CNOB,CNXN,CPRX,CSGP,CSGS,CSIQ,CVCO,CVLT,CYRX,DDOG,DOOO,DSGX,DTIL,ECPG,EEFT,EFSC,ENTG,ESPR,ETSY,EXC,FAMI,FFIV,FITB,FIZZ,FMBH,FOX,FTNT,FULT,GABC,GEN,GH,GMAB,GNPX,GO,GOGL,GOOG,GPRO,GSHD,GSM,GWAV,HAIN,HBAN,HEPA,HURN,HWKN,IBIO,ICFI,IGMS,IMKTA,INCY,INO,IRDM,IRTC,IRWD,ITCI,JACK,JD,JJSF,KALA,KHC,KLAC,KRRO,KRYS,LANC,LBTYA,LIVN,LKCO,LNTH,LOGI,LPRO,LRCX,LSCC,LSTR,MAR,MARA,MCHP,MEOH,META,MGTX,MKSI,MMYT,MORN,MRUS,MTLS,MTSI,MVIS,MXL,NBIX,NFE,NMIH,NMRK,NNDM,NSIT,NTCT,NVAX,OCUL,ODP,OLED,ONB,OTEX,PACB,PATK,PAYX,PEP,PERI,PI,PLYA,PRDO,PRGS,PTGX,QCOM,QCRH,QDEL,QFIN,RGEN,RILY,RPAY,RPD,SABR,SEDG,SHEN,SIRI,SLNO,SNDL,SNEX,SONO,SPT,SSNC,STGW,STKL,STRL,STX,SWTX,SYNA,TFSL,TIGR,TNXP,TOWN,TRI,TRIP,TRMB,TRNS,TRS,TSCO,TSEM,TVTX,TXRH,VC,VCEL,VECO,VIAV,VICR,VIR,VRTX,VSTM,VTRS,WDFC,WSBC,WSC,WYNN,XENE,XNCR,XRAY,ZS
ACET,0.0,0.258,0.724,0.488,0.358,0.904,0.702,0.024,-0.293,-0.168,0.218,0.778,0.829,0.862,0.813,0.155,0.802,0.232,0.012,-0.133,0.813,0.654,0.674,0.484,0.765,0.738,0.814,0.905,0.635,0.888,0.726,0.532,0.683,0.762,0.857,-0.075,0.703,-0.095,0.227,0.28,0.512,0.884,0.709,0.163,0.787,0.439,0.224,0.322,0.846,-0.259,0.751,0.643,-0.291,0.759,0.427,0.831,0.873,0.44,0.925,0.019,0.094,0.768,0.542,0.541,0.748,0.863,-0.173,0.731,0.8,0.489,-0.577,0.045,0.822,0.434,0.767,0.455,-0.052,0.854,0.855,0.155,0.405,0.557,0.059,0.303,-0.501,0.699,0.096,0.776,0.404,-0.67,0.744,0.811,0.673,0.7,0.805,0.457,-0.224,0.632,0.745,0.441,0.895,0.709,0.855,-0.732,0.061,0.704,-0.134,0.575,0.879,0.68,0.8,-0.202,-0.143,-0.265,0.853,0.524,-0.544,0.897,0.71,0.723,-0.634,0.467,-0.109,0.284,0.013,0.821,0.877,-0.49,0.826,0.464,0.143,0.669,0.209,0.453,0.811,0.843,0.874,0.828,-0.068,0.748,0.395,0.844,0.742,-0.744,0.858,0.632,0.106,0.116,0.419,-0.311,0.855,0.86,0.577,0.024,0.665,0.856,-0.442,-0.393,-0.763,0.671,0.023,0.426,0.264,0.913,0.655,0.692,0.135,-0.433,0.668,-0.533,0.872,-0.012,0.823,0.473,0.716,0.274,0.022,0.809,0.574,0.655,0.738,0.763,0.599,0.618,0.076,-0.338,0.722,0.551,0.706,-0.005,0.847,0.283,0.64,-0.127,0.491,0.621,0.731,0.67,0.64,-0.252
ADAP,0.258,0.0,0.229,0.803,0.752,0.555,0.694,0.397,-0.738,-0.417,0.54,0.647,0.569,0.555,0.649,-0.532,0.589,0.336,-0.641,-0.783,0.16,0.626,0.467,-0.039,0.402,-0.04,0.681,0.153,0.724,0.214,0.565,-0.469,-0.132,0.663,0.119,-0.85,0.112,-0.439,-0.725,-0.63,-0.107,0.564,-0.0,-0.122,0.687,-0.027,-0.544,-0.445,0.594,-0.713,0.675,-0.111,-0.761,0.45,-0.063,-0.031,0.275,0.59,0.32,0.312,-0.595,0.261,0.067,-0.353,0.517,0.463,0.065,0.512,0.518,0.781,-0.459,-0.768,0.633,0.696,0.433,0.461,-0.215,0.359,0.268,-0.004,-0.068,-0.163,-0.796,0.908,-0.73,0.564,-0.61,0.523,0.643,0.057,0.327,0.588,0.227,0.694,0.493,0.782,-0.757,0.74,0.254,-0.559,0.464,0.609,0.322,-0.266,-0.698,0.525,-0.673,0.651,0.31,-0.039,0.404,-0.639,0.118,-0.794,0.596,0.502,-0.402,0.331,0.7,0.561,-0.398,0.349,0.126,0.202,-0.259,0.409,0.447,-0.44,0.075,0.78,-0.158,0.747,0.358,-0.518,0.28,0.078,0.134,0.566,-0.558,0.633,0.74,0.126,0.342,-0.378,0.294,0.694,-0.248,-0.289,0.46,-0.646,0.487,0.104,0.811,-0.727,0.804,0.526,-0.736,-0.505,-0.283,0.76,0.517,0.742,-0.209,0.348,0.489,0.559,-0.462,-0.697,0.211,-0.759,0.352,-0.269,0.43,0.056,-0.31,0.46,-0.01,0.259,0.547,0.41,0.637,0.317,0.295,0.592,0.485,-0.276,0.717,0.445,0.698,-0.756,0.495,0.471,0.073,-0.607,-0.271,-0.077,-0.062,0.73,0.742,-0.785
ADI,0.724,0.229,0.0,0.411,0.515,0.649,0.725,0.127,0.047,0.147,0.361,0.631,0.786,0.592,0.602,0.439,0.698,0.473,0.01,-0.011,0.8,0.705,0.813,0.734,0.804,0.793,0.669,0.793,0.485,0.865,0.549,0.546,0.702,0.621,0.689,-0.034,0.706,0.225,0.104,0.29,0.686,0.687,0.716,0.335,0.716,0.764,0.479,0.511,0.617,0.019,0.663,0.582,0.032,0.608,0.648,0.543,0.735,0.702,0.802,0.409,0.225,0.722,0.747,0.554,0.671,0.651,0.268,0.598,0.646,0.36,-0.324,0.238,0.652,0.315,0.771,0.501,0.0,0.791,0.657,0.08,0.546,0.354,0.084,0.266,-0.361,0.409,0.081,0.611,0.611,-0.583,0.536,0.726,0.708,0.647,0.593,0.317,-0.039,0.501,0.668,0.337,0.732,0.631,0.724,-0.363,0.224,0.77,0.148,0.718,0.696,0.784,0.824,0.18,0.148,-0.025,0.642,0.741,-0.242,0.731,0.593,0.657,-0.216,0.482,0.182,0.081,0.134,0.537,0.742,-0.268,0.719,0.436,0.349,0.505,0.493,0.515,0.75,0.818,0.786,0.755,0.156,0.623,0.513,0.851,0.828,-0.603,0.635,0.475,0.456,0.102,0.492,-0.143,0.69,0.733,0.532,0.033,0.545,0.703,-0.261,-0.07,-0.54,0.481,0.305,0.454,0.56,0.801,0.743,0.453,0.331,-0.285,0.556,-0.255,0.735,0.234,0.454,0.449,0.583,0.571,0.517,0.765,0.681,0.632,0.64,0.716,0.703,0.61,0.138,0.001,0.659,0.782,0.626,-0.096,0.547,0.552,0.788,0.121,0.509,0.738,0.604,0.542,0.579,0.003
ADPT,0.488,0.803,0.411,0.0,0.785,0.679,0.829,0.411,-0.617,-0.384,0.675,0.826,0.698,0.679,0.744,-0.303,0.722,0.453,-0.572,-0.618,0.455,0.768,0.704,0.231,0.631,0.262,0.785,0.358,0.77,0.456,0.623,-0.295,-0.022,0.805,0.307,-0.732,0.278,-0.39,-0.469,-0.482,0.108,0.708,0.339,0.05,0.83,0.15,-0.321,-0.161,0.67,-0.617,0.776,0.15,-0.688,0.631,0.027,0.162,0.391,0.643,0.508,0.308,-0.389,0.426,0.234,-0.112,0.663,0.571,0.147,0.668,0.634,0.788,-0.45,-0.571,0.74,0.638,0.598,0.535,-0.295,0.535,0.417,0.048,-0.005,-0.021,-0.622,0.838,-0.754,0.665,-0.425,0.623,0.706,-0.171,0.556,0.701,0.391,0.791,0.551,0.8,-0.688,0.797,0.461,-0.336,0.537,0.677,0.424,-0.257,-0.679,0.672,-0.587,0.79,0.508,0.155,0.56,-0.512,0.212,-0.668,0.752,0.597,-0.383,0.494,0.666,0.585,-0.393,0.518,0.201,0.208,-0.126,0.493,0.605,-0.523,0.229,0.81,0.054,0.808,0.49,-0.375,0.492,0.32,0.356,0.696,-0.43,0.742,0.771,0.37,0.56,-0.424,0.455,0.847,0.076,-0.12,0.541,-0.544,0.613,0.365,0.808,-0.591,0.822,0.598,-0.716,-0.576,-0.255,0.847,0.445,0.712,-0.105,0.548,0.62,0.6,-0.344,-0.757,0.455,-0.723,0.548,-0.01,0.536,0.232,-0.051,0.449,0.038,0.501,0.651,0.574,0.699,0.578,0.426,0.681,0.479,-0.26,0.798,0.591,0.843,-0.671,0.602,0.504,0.267,-0.444,-0.117,0.207,0.191,0.789,0.848,-0.662
ADTN,0.358,0.752,0.515,0.785,0.0,0.571,0.796,0.168,-0.608,-0.371,0.545,0.715,0.704,0.581,0.659,-0.313,0.696,0.372,-0.622,-0.689,0.379,0.835,0.643,0.358,0.602,0.198,0.735,0.304,0.752,0.451,0.594,-0.253,0.064,0.714,0.263,-0.785,0.219,-0.309,-0.641,-0.491,0.161,0.653,0.25,0.131,0.811,0.236,-0.256,-0.233,0.624,-0.571,0.796,0.008,-0.594,0.528,0.321,0.066,0.418,0.81,0.497,0.536,-0.456,0.425,0.244,-0.221,0.579,0.59,0.112,0.585,0.6,0.756,-0.475,-0.559,0.711,0.672,0.566,0.373,-0.153,0.518,0.452,0.036,0.069,-0.061,-0.691,0.829,-0.766,0.544,-0.522,0.633,0.723,-0.175,0.409,0.733,0.416,0.793,0.599,0.804,-0.647,0.797,0.303,-0.441,0.571,0.664,0.494,-0.271,-0.58,0.631,-0.472,0.853,0.441,0.058,0.607,-0.446,0.224,-0.641,0.621,0.774,-0.434,0.49,0.642,0.609,-0.368,0.347,0.157,0.029,-0.194,0.422,0.613,-0.534,0.247,0.817,-0.025,0.735,0.607,-0.29,0.43,0.287,0.297,0.728,-0.544,0.773,0.88,0.319,0.468,-0.491,0.442,0.685,-0.04,-0.271,0.57,-0.564,0.576,0.23,0.881,-0.602,0.756,0.602,-0.78,-0.502,-0.375,0.757,0.525,0.81,-0.012,0.539,0.612,0.569,-0.368,-0.662,0.267,-0.711,0.439,-0.144,0.427,0.17,-0.146,0.6,0.278,0.422,0.606,0.542,0.713,0.476,0.497,0.735,0.335,-0.268,0.826,0.659,0.792,-0.783,0.542,0.717,0.228,-0.525,-0.19,0.116,0.027,0.684,0.832,-0.608
AGEN,0.904,0.555,0.649,0.679,0.571,0.0,0.833,0.085,-0.585,-0.434,0.372,0.914,0.886,0.963,0.928,-0.142,0.905,0.238,-0.2,-0.423,0.735,0.767,0.675,0.397,0.81,0.569,0.945,0.828,0.836,0.808,0.836,0.286,0.499,0.902,0.777,-0.383,0.58,-0.263,-0.083,0.022,0.326,0.965,0.587,0.104,0.901,0.351,-0.095,0.082,0.954,-0.539,0.9,0.49,-0.57,0.822,0.281,0.737,0.837,0.516,0.912,0.08,-0.166,0.755,0.477,0.318,0.83,0.941,-0.248,0.834,0.866,0.7,-0.7,-0.302,0.939,0.618,0.797,0.515,-0.147,0.884,0.852,0.15,0.207,0.369,-0.249,0.595,-0.73,0.78,-0.185,0.896,0.5,-0.56,0.736,0.924,0.647,0.846,0.909,0.705,-0.513,0.814,0.739,0.192,0.935,0.852,0.872,-0.779,-0.247,0.761,-0.422,0.688,0.883,0.489,0.85,-0.46,-0.131,-0.556,0.947,0.572,-0.686,0.917,0.855,0.808,-0.753,0.505,-0.15,0.327,-0.112,0.879,0.923,-0.627,0.723,0.674,-0.027,0.859,0.264,0.162,0.818,0.736,0.777,0.879,-0.313,0.886,0.566,0.765,0.698,-0.812,0.888,0.829,-0.08,-0.013,0.479,-0.512,0.901,0.754,0.796,-0.269,0.861,0.931,-0.704,-0.608,-0.808,0.882,0.225,0.628,0.066,0.919,0.727,0.825,-0.123,-0.678,0.636,-0.78,0.902,-0.13,0.906,0.458,0.518,0.287,-0.086,0.755,0.614,0.695,0.874,0.714,0.59,0.733,0.224,-0.465,0.865,0.557,0.831,-0.299,0.941,0.376,0.538,-0.421,0.288,0.457,0.631,0.848,0.81,-0.524
ALGN,0.702,0.694,0.725,0.829,0.796,0.833,0.0,0.352,-0.524,-0.358,0.69,0.92,0.878,0.786,0.878,-0.124,0.944,0.419,-0.406,-0.606,0.669,0.835,0.79,0.383,0.844,0.566,0.924,0.654,0.888,0.78,0.684,0.046,0.292,0.862,0.553,-0.602,0.493,-0.342,-0.348,-0.245,0.391,0.823,0.441,0.05,0.931,0.496,-0.111,0.068,0.866,-0.491,0.923,0.355,-0.593,0.876,0.245,0.366,0.737,0.749,0.759,0.485,-0.286,0.591,0.567,0.157,0.804,0.756,0.172,0.82,0.883,0.809,-0.613,-0.333,0.917,0.564,0.75,0.55,-0.273,0.746,0.725,-0.069,0.197,0.084,-0.488,0.773,-0.723,0.781,-0.454,0.862,0.797,-0.418,0.528,0.907,0.607,0.939,0.785,0.748,-0.649,0.821,0.656,-0.085,0.821,0.902,0.754,-0.4,-0.342,0.925,-0.454,0.851,0.686,0.427,0.827,-0.472,0.044,-0.645,0.912,0.835,-0.62,0.765,0.828,0.86,-0.564,0.508,-0.033,0.156,-0.254,0.613,0.776,-0.627,0.443,0.772,0.099,0.892,0.665,-0.097,0.699,0.662,0.628,0.911,-0.347,0.902,0.844,0.691,0.749,-0.768,0.638,0.871,0.141,-0.253,0.759,-0.671,0.773,0.571,0.847,-0.56,0.83,0.803,-0.696,-0.517,-0.59,0.867,0.34,0.837,-0.009,0.808,0.749,0.743,-0.195,-0.807,0.64,-0.732,0.76,-0.148,0.677,0.251,0.237,0.497,0.245,0.806,0.738,0.783,0.919,0.821,0.77,0.679,0.392,-0.366,0.952,0.677,0.937,-0.613,0.718,0.644,0.601,-0.342,0.014,0.415,0.4,0.896,0.957,-0.595
ALLK,0.024,0.397,0.127,0.411,0.168,0.085,0.352,0.0,-0.012,0.09,0.726,0.28,0.141,0.008,0.197,-0.025,0.189,0.616,-0.049,-0.209,0.093,0.168,0.358,-0.04,0.293,0.236,0.197,0.036,0.249,0.079,-0.095,-0.176,-0.339,0.154,-0.188,-0.258,0.203,-0.053,-0.104,-0.202,0.124,-0.001,-0.003,0.074,0.142,0.217,-0.096,0.081,0.113,0.043,0.171,0.176,-0.215,0.286,-0.42,-0.271,-0.048,0.225,-0.073,0.282,-0.019,-0.142,0.271,0.08,0.334,-0.113,0.571,0.292,0.192,0.219,0.11,-0.067,0.119,-0.027,0.08,0.532,-0.449,0.005,-0.134,-0.295,0.155,-0.499,-0.258,0.355,0.013,0.205,-0.398,0.117,0.371,0.196,-0.013,0.106,0.205,0.282,-0.049,0.139,-0.358,0.051,0.229,-0.167,-0.037,0.265,-0.123,0.32,-0.175,0.434,-0.307,0.153,-0.027,0.144,0.035,-0.092,0.203,-0.208,0.229,0.191,0.087,-0.01,0.198,0.261,0.097,0.33,0.181,0.342,-0.225,-0.001,-0.016,-0.004,-0.27,0.081,0.304,0.304,0.482,-0.336,0.155,0.118,0.069,0.098,0.065,0.039,0.38,0.137,0.304,0.075,-0.168,0.362,0.304,-0.009,0.455,-0.269,0.008,0.09,0.111,-0.394,0.209,0.009,0.084,-0.085,0.17,0.237,0.258,0.312,-0.039,0.034,0.239,-0.061,0.147,-0.397,0.406,-0.103,0.158,0.096,-0.003,-0.034,-0.136,0.239,0.134,0.225,0.254,0.396,0.252,0.298,0.274,-0.058,0.669,0.04,0.154,0.296,0.324,-0.321,-0.014,0.231,0.227,0.185,-0.147,0.139,0.081,0.367,0.287,-0.238
AMD,-0.293,-0.738,0.047,-0.617,-0.608,-0.585,-0.524,-0.012,0.0,0.816,-0.309,-0.608,-0.432,-0.627,-0.657,0.812,-0.567,0.09,0.573,0.848,-0.003,-0.465,-0.162,0.217,-0.252,0.167,-0.624,-0.119,-0.772,-0.152,-0.505,0.442,0.184,-0.592,-0.158,0.822,0.085,0.662,0.613,0.596,0.279,-0.567,0.108,0.188,-0.587,0.323,0.761,0.674,-0.632,0.901,-0.665,0.21,0.923,-0.462,0.162,-0.157,-0.318,-0.24,-0.317,-0.092,0.709,-0.199,0.168,0.454,-0.424,-0.581,0.476,-0.526,-0.52,-0.769,0.722,0.873,-0.659,-0.667,-0.254,-0.09,0.188,-0.29,-0.41,0.036,0.311,0.095,0.777,-0.754,0.715,-0.653,0.607,-0.623,-0.258,0.047,-0.338,-0.575,-0.158,-0.632,-0.64,-0.831,0.848,-0.691,-0.155,0.462,-0.489,-0.588,-0.408,0.514,0.751,-0.294,0.819,-0.389,-0.387,0.323,-0.308,0.909,0.231,0.913,-0.573,-0.291,0.717,-0.417,-0.57,-0.473,0.743,-0.133,0.317,-0.194,0.496,-0.523,-0.431,0.691,-0.09,-0.635,0.433,-0.718,-0.139,0.546,-0.216,-0.022,-0.103,-0.519,0.832,-0.698,-0.538,0.004,-0.043,0.487,-0.464,-0.662,0.612,0.381,-0.357,0.719,-0.447,-0.022,-0.723,0.686,-0.665,-0.541,0.839,0.786,0.515,-0.759,-0.163,-0.655,0.543,-0.364,-0.249,-0.676,0.729,0.755,-0.195,0.911,-0.337,0.52,-0.651,0.042,0.215,-0.021,0.419,-0.151,-0.193,-0.368,-0.613,-0.186,-0.204,-0.476,-0.278,0.688,-0.647,-0.099,-0.591,0.689,-0.639,-0.177,0.134,0.879,0.443,0.34,0.04,-0.646,-0.669,0.91
AMWD,-0.168,-0.417,0.147,-0.384,-0.371,-0.434,-0.358,0.09,0.816,0.0,-0.241,-0.497,-0.233,-0.475,-0.471,0.745,-0.461,0.296,0.308,0.677,0.021,-0.255,0.024,0.185,-0.221,0.131,-0.434,-0.099,-0.653,-0.107,-0.261,0.268,0.281,-0.413,-0.144,0.575,0.175,0.604,0.366,0.369,0.304,-0.374,0.144,0.086,-0.37,0.227,0.726,0.513,-0.495,0.71,-0.502,0.102,0.774,-0.442,0.291,-0.189,-0.234,-0.007,-0.216,0.018,0.547,-0.035,0.083,0.304,-0.33,-0.483,0.592,-0.482,-0.413,-0.516,0.619,0.66,-0.511,-0.367,-0.148,0.101,0.276,-0.208,-0.399,0.129,0.432,0.218,0.574,-0.504,0.484,-0.511,0.593,-0.587,0.032,0.072,-0.135,-0.436,-0.132,-0.426,-0.576,-0.606,0.725,-0.43,-0.134,0.253,-0.343,-0.513,-0.356,0.424,0.572,-0.2,0.743,-0.169,-0.34,0.389,-0.228,0.78,0.35,0.733,-0.446,-0.106,0.768,-0.401,-0.343,-0.361,0.733,-0.088,0.51,-0.139,0.569,-0.409,-0.285,0.656,0.01,-0.373,0.33,-0.584,-0.129,0.458,-0.208,-0.043,-0.051,-0.31,0.704,-0.526,-0.331,-0.004,0.138,0.485,-0.44,-0.58,0.496,0.387,-0.275,0.616,-0.269,0.023,-0.462,0.589,-0.385,-0.366,0.663,0.823,0.489,-0.593,-0.005,-0.506,0.674,-0.318,-0.128,-0.486,0.621,0.742,-0.274,0.728,-0.29,0.492,-0.59,0.046,0.083,0.333,0.53,-0.12,0.075,-0.311,-0.517,-0.14,-0.177,-0.223,-0.192,0.757,-0.438,0.109,-0.406,0.512,-0.54,-0.015,0.117,0.785,0.458,0.312,-0.078,-0.508,-0.49,0.722
ARDX,0.218,0.54,0.361,0.675,0.545,0.372,0.69,0.726,-0.309,-0.241,0.0,0.608,0.397,0.3,0.503,-0.127,0.57,0.511,-0.275,-0.484,0.259,0.474,0.53,0.208,0.583,0.383,0.491,0.201,0.63,0.359,0.117,-0.189,-0.226,0.424,0.058,-0.536,0.202,-0.237,-0.316,-0.316,0.235,0.31,0.167,0.15,0.495,0.392,-0.158,-0.013,0.418,-0.224,0.569,0.176,-0.437,0.589,-0.201,-0.119,0.258,0.475,0.237,0.585,-0.202,0.1,0.407,0.033,0.583,0.243,0.439,0.603,0.519,0.534,-0.237,-0.269,0.486,0.198,0.346,0.447,-0.389,0.303,0.196,-0.336,-0.016,-0.397,-0.489,0.593,-0.314,0.445,-0.541,0.498,0.553,-0.065,0.17,0.488,0.468,0.646,0.327,0.49,-0.641,0.388,0.403,-0.239,0.281,0.611,0.233,0.127,-0.362,0.688,-0.51,0.486,0.257,0.128,0.384,-0.345,0.103,-0.491,0.52,0.553,-0.27,0.31,0.368,0.533,-0.225,0.438,-0.031,0.198,-0.387,0.158,0.277,-0.376,-0.12,0.374,0.187,0.611,0.74,-0.393,0.391,0.325,0.293,0.43,-0.277,0.475,0.65,0.333,0.414,-0.292,0.171,0.658,0.253,-0.213,0.741,-0.465,0.248,0.191,0.436,-0.609,0.42,0.298,-0.303,-0.402,-0.125,0.554,0.244,0.677,-0.173,0.35,0.487,0.299,-0.142,-0.706,0.594,-0.423,0.414,0.019,0.254,0.019,-0.084,0.268,0.202,0.436,0.35,0.678,0.575,0.524,0.594,0.195,0.679,-0.292,0.53,0.502,0.654,-0.671,0.265,0.477,0.425,-0.093,-0.296,0.182,0.168,0.623,0.65,-0.446
ARQT,0.778,0.647,0.631,0.826,0.715,0.914,0.92,0.28,-0.608,-0.497,0.608,0.0,0.883,0.9,0.93,-0.21,0.94,0.411,-0.261,-0.535,0.699,0.832,0.731,0.409,0.869,0.579,0.941,0.735,0.92,0.76,0.735,0.136,0.28,0.911,0.611,-0.535,0.536,-0.294,-0.199,-0.108,0.331,0.898,0.547,0.206,0.925,0.379,-0.187,0.025,0.921,-0.529,0.929,0.47,-0.65,0.86,0.183,0.548,0.729,0.599,0.819,0.261,-0.227,0.656,0.53,0.243,0.905,0.861,-0.088,0.917,0.878,0.745,-0.647,-0.378,0.934,0.634,0.799,0.568,-0.236,0.827,0.775,0.082,0.135,0.104,-0.408,0.719,-0.732,0.8,-0.409,0.916,0.6,-0.429,0.66,0.932,0.682,0.902,0.861,0.809,-0.665,0.819,0.743,0.059,0.837,0.9,0.768,-0.582,-0.39,0.846,-0.567,0.752,0.833,0.392,0.824,-0.49,0.028,-0.62,0.947,0.647,-0.659,0.866,0.823,0.811,-0.676,0.6,-0.087,0.371,-0.224,0.795,0.864,-0.643,0.541,0.715,0.056,0.937,0.507,-0.045,0.823,0.667,0.7,0.871,-0.349,0.897,0.724,0.71,0.693,-0.737,0.802,0.942,0.037,-0.048,0.639,-0.587,0.835,0.691,0.834,-0.466,0.866,0.862,-0.698,-0.679,-0.671,0.939,0.343,0.774,-0.013,0.877,0.766,0.741,-0.17,-0.83,0.721,-0.815,0.86,-0.072,0.83,0.45,0.368,0.315,-0.0,0.747,0.624,0.797,0.91,0.752,0.676,0.711,0.434,-0.481,0.892,0.636,0.916,-0.489,0.865,0.513,0.564,-0.425,0.13,0.398,0.581,0.929,0.911,-0.605
ASTE,0.829,0.569,0.786,0.698,0.704,0.886,0.878,0.141,-0.432,-0.233,0.397,0.883,0.0,0.867,0.857,-0.035,0.877,0.464,-0.276,-0.37,0.77,0.869,0.796,0.491,0.822,0.608,0.925,0.807,0.786,0.816,0.802,0.266,0.544,0.917,0.697,-0.392,0.641,-0.096,-0.152,0.001,0.512,0.931,0.641,0.218,0.93,0.431,0.02,0.16,0.883,-0.396,0.863,0.461,-0.461,0.742,0.436,0.601,0.801,0.742,0.877,0.282,-0.155,0.796,0.563,0.286,0.806,0.871,-0.01,0.787,0.801,0.645,-0.562,-0.225,0.899,0.699,0.872,0.628,-0.048,0.859,0.793,0.266,0.401,0.289,-0.256,0.616,-0.717,0.724,-0.19,0.829,0.692,-0.476,0.731,0.903,0.652,0.845,0.814,0.706,-0.439,0.834,0.746,0.111,0.905,0.804,0.81,-0.623,-0.185,0.813,-0.298,0.848,0.838,0.578,0.862,-0.276,0.189,-0.437,0.894,0.704,-0.518,0.854,0.866,0.784,-0.505,0.547,0.119,0.261,-0.014,0.784,0.915,-0.466,0.736,0.765,0.077,0.817,0.394,0.195,0.78,0.692,0.75,0.93,-0.167,0.867,0.695,0.778,0.788,-0.705,0.789,0.798,0.09,-0.02,0.514,-0.444,0.914,0.759,0.837,-0.24,0.88,0.895,-0.633,-0.449,-0.684,0.811,0.417,0.673,0.241,0.897,0.782,0.688,-0.014,-0.603,0.553,-0.699,0.817,-0.01,0.757,0.456,0.441,0.513,0.179,0.758,0.766,0.661,0.829,0.743,0.63,0.825,0.27,-0.25,0.888,0.752,0.851,-0.353,0.818,0.546,0.627,-0.318,0.366,0.542,0.566,0.827,0.837,-0.427
AUPH,0.862,0.555,0.592,0.679,0.581,0.963,0.786,0.008,-0.627,-0.475,0.3,0.9,0.867,0.0,0.917,-0.194,0.867,0.199,-0.202,-0.413,0.695,0.755,0.637,0.368,0.753,0.498,0.931,0.794,0.81,0.747,0.855,0.242,0.491,0.91,0.762,-0.387,0.542,-0.254,-0.099,0.004,0.278,0.967,0.595,0.112,0.885,0.248,-0.145,0.028,0.938,-0.585,0.869,0.44,-0.588,0.759,0.3,0.754,0.78,0.461,0.885,0.016,-0.168,0.755,0.422,0.276,0.819,0.943,-0.351,0.797,0.818,0.675,-0.699,-0.355,0.911,0.675,0.803,0.476,-0.084,0.856,0.814,0.21,0.133,0.397,-0.248,0.578,-0.754,0.737,-0.174,0.863,0.428,-0.567,0.762,0.896,0.601,0.802,0.897,0.733,-0.496,0.845,0.693,0.162,0.902,0.796,0.833,-0.817,-0.298,0.681,-0.437,0.67,0.895,0.424,0.831,-0.471,-0.106,-0.547,0.915,0.505,-0.674,0.894,0.829,0.734,-0.74,0.499,-0.122,0.333,-0.061,0.893,0.923,-0.639,0.745,0.692,-0.075,0.835,0.196,0.139,0.796,0.665,0.752,0.842,-0.339,0.879,0.523,0.7,0.642,-0.759,0.902,0.814,-0.123,0.042,0.386,-0.465,0.902,0.724,0.805,-0.238,0.862,0.918,-0.717,-0.645,-0.793,0.88,0.247,0.591,0.039,0.892,0.739,0.815,-0.188,-0.657,0.569,-0.798,0.88,-0.099,0.919,0.499,0.498,0.228,-0.172,0.688,0.595,0.63,0.818,0.646,0.503,0.77,0.176,-0.475,0.834,0.495,0.782,-0.278,0.951,0.329,0.458,-0.484,0.299,0.407,0.592,0.814,0.775,-0.519
AVXL,0.813,0.649,0.602,0.744,0.659,0.928,0.878,0.197,-0.657,-0.471,0.503,0.93,0.857,0.917,0.0,-0.24,0.933,0.298,-0.247,-0.574,0.639,0.776,0.671,0.297,0.781,0.542,0.939,0.714,0.905,0.764,0.752,0.132,0.343,0.856,0.633,-0.535,0.512,-0.372,-0.23,-0.113,0.295,0.903,0.468,0.089,0.913,0.326,-0.183,-0.067,0.953,-0.59,0.928,0.392,-0.657,0.857,0.238,0.58,0.778,0.543,0.835,0.231,-0.274,0.62,0.47,0.225,0.868,0.885,-0.172,0.875,0.904,0.821,-0.77,-0.406,0.951,0.675,0.762,0.49,-0.097,0.802,0.794,0.022,0.124,0.216,-0.414,0.684,-0.712,0.855,-0.365,0.907,0.549,-0.478,0.663,0.93,0.627,0.888,0.888,0.784,-0.642,0.813,0.67,0.035,0.882,0.891,0.809,-0.674,-0.331,0.791,-0.536,0.683,0.822,0.431,0.799,-0.566,-0.158,-0.677,0.926,0.664,-0.726,0.86,0.836,0.847,-0.759,0.519,-0.158,0.349,-0.289,0.82,0.86,-0.63,0.586,0.667,-0.076,0.912,0.408,-0.022,0.772,0.654,0.711,0.895,-0.426,0.916,0.685,0.669,0.678,-0.796,0.808,0.848,-0.111,-0.11,0.637,-0.647,0.874,0.655,0.832,-0.438,0.863,0.906,-0.708,-0.646,-0.762,0.92,0.202,0.779,-0.026,0.862,0.718,0.833,-0.21,-0.766,0.642,-0.846,0.836,-0.236,0.863,0.381,0.368,0.309,-0.025,0.732,0.57,0.774,0.911,0.727,0.692,0.696,0.312,-0.54,0.897,0.557,0.876,-0.46,0.872,0.462,0.521,-0.451,0.119,0.308,0.521,0.891,0.883,-0.653
AZTA,0.155,-0.532,0.439,-0.303,-0.313,-0.142,-0.124,-0.025,0.812,0.745,-0.127,-0.21,-0.035,-0.194,-0.24,0.0,-0.151,0.203,0.534,0.748,0.373,-0.098,0.201,0.562,0.169,0.519,-0.208,0.31,-0.434,0.307,-0.141,0.657,0.559,-0.19,0.292,0.713,0.424,0.631,0.605,0.659,0.53,-0.116,0.493,0.253,-0.15,0.58,0.939,0.808,-0.235,0.753,-0.239,0.484,0.787,-0.084,0.432,0.199,0.136,0.056,0.172,0.066,0.77,0.212,0.425,0.68,-0.032,-0.146,0.477,-0.165,-0.098,-0.46,0.408,0.837,-0.233,-0.431,0.16,0.096,0.229,0.153,-0.004,0.066,0.439,0.411,0.748,-0.552,0.437,-0.372,0.652,-0.262,-0.005,-0.344,0.02,-0.131,0.221,-0.201,-0.232,-0.561,0.699,-0.342,0.165,0.589,-0.047,-0.219,0.03,0.195,0.718,0.096,0.744,-0.004,0.045,0.634,0.139,0.79,0.176,0.745,-0.158,0.08,0.477,0.015,-0.246,-0.09,0.437,-0.005,0.254,-0.185,0.553,-0.177,0.016,0.378,0.306,-0.334,0.461,-0.373,0.054,0.709,0.191,0.419,0.361,-0.097,0.728,-0.278,-0.299,0.388,0.342,0.102,-0.035,-0.37,0.739,0.454,-0.109,0.575,-0.052,0.372,-0.381,0.633,-0.321,-0.122,0.562,0.6,0.154,-0.398,-0.119,-0.377,0.721,0.078,0.15,-0.292,0.74,0.517,0.116,0.657,0.106,0.561,-0.298,0.255,0.522,0.143,0.551,0.221,0.148,-0.007,-0.241,0.168,0.145,-0.172,-0.224,0.493,-0.23,0.219,-0.215,0.538,-0.228,0.049,0.426,0.838,0.606,0.661,0.31,-0.337,-0.314,0.775
BAND,0.802,0.589,0.698,0.722,0.696,0.905,0.944,0.189,-0.567,-0.461,0.57,0.94,0.877,0.867,0.933,-0.151,0.0,0.267,-0.27,-0.568,0.698,0.796,0.695,0.381,0.847,0.619,0.935,0.753,0.925,0.836,0.707,0.193,0.389,0.847,0.671,-0.507,0.512,-0.338,-0.219,-0.09,0.399,0.875,0.48,0.101,0.922,0.5,-0.103,0.061,0.944,-0.491,0.943,0.425,-0.602,0.931,0.294,0.543,0.852,0.634,0.855,0.378,-0.248,0.658,0.601,0.253,0.843,0.872,-0.049,0.882,0.947,0.771,-0.722,-0.294,0.967,0.569,0.785,0.455,-0.163,0.82,0.865,-0.018,0.18,0.189,-0.396,0.674,-0.709,0.841,-0.413,0.948,0.644,-0.509,0.574,0.958,0.676,0.916,0.914,0.739,-0.632,0.807,0.728,0.085,0.912,0.944,0.874,-0.579,-0.236,0.892,-0.475,0.755,0.794,0.437,0.88,-0.516,-0.136,-0.634,0.951,0.768,-0.762,0.887,0.841,0.907,-0.733,0.5,-0.226,0.215,-0.312,0.721,0.844,-0.669,0.552,0.694,0.031,0.913,0.558,0.027,0.778,0.733,0.725,0.93,-0.373,0.933,0.74,0.751,0.684,-0.877,0.785,0.859,0.022,-0.218,0.729,-0.659,0.832,0.651,0.816,-0.468,0.799,0.875,-0.698,-0.597,-0.762,0.872,0.21,0.817,-0.053,0.894,0.738,0.825,-0.197,-0.796,0.719,-0.78,0.826,-0.22,0.805,0.314,0.388,0.345,0.121,0.829,0.631,0.822,0.952,0.821,0.804,0.639,0.318,-0.523,0.933,0.592,0.909,-0.498,0.827,0.563,0.648,-0.396,0.085,0.41,0.53,0.902,0.922,-0.578
BECN,0.232,0.336,0.473,0.453,0.372,0.238,0.419,0.616,0.09,0.296,0.511,0.411,0.464,0.199,0.298,0.203,0.267,0.0,-0.014,0.02,0.379,0.479,0.557,0.401,0.475,0.446,0.34,0.296,0.271,0.273,0.198,0.085,0.054,0.365,-0.001,-0.158,0.474,0.342,-0.003,0.083,0.464,0.288,0.464,0.504,0.369,0.351,0.177,0.212,0.228,0.122,0.283,0.367,-0.028,0.184,0.076,0.003,0.101,0.472,0.246,0.327,0.161,0.336,0.399,0.235,0.511,0.151,0.504,0.435,0.205,0.144,0.138,0.0,0.23,0.368,0.408,0.755,-0.036,0.366,0.032,0.242,0.456,-0.294,-0.082,0.333,-0.146,0.187,-0.107,0.207,0.521,0.146,0.394,0.316,0.455,0.368,0.055,0.338,-0.176,0.212,0.475,0.021,0.183,0.284,0.025,0.067,-0.095,0.472,-0.132,0.409,0.296,0.44,0.287,0.219,0.66,0.027,0.309,0.317,0.239,0.225,0.364,0.21,0.228,0.582,0.525,0.538,0.135,0.279,0.342,0.179,0.179,0.252,0.223,0.331,0.415,0.009,0.436,0.239,0.335,0.335,0.269,0.195,0.451,0.37,0.573,0.096,0.143,0.426,0.348,0.347,0.332,0.011,0.363,0.451,0.325,-0.084,0.441,0.289,0.035,0.027,0.082,0.329,0.594,0.304,0.514,0.296,0.417,-0.043,0.331,-0.214,0.33,-0.157,0.338,0.473,0.085,0.413,0.11,0.531,0.403,0.261,0.436,0.383,0.264,0.293,0.322,0.351,0.658,0.253,0.249,0.706,0.397,-0.184,0.145,0.453,0.462,0.219,0.33,0.352,0.348,0.419,0.357,-0.043
BFC,0.012,-0.641,0.01,-0.572,-0.622,-0.2,-0.406,-0.049,0.573,0.308,-0.275,-0.261,-0.276,-0.202,-0.247,0.534,-0.27,-0.014,0.0,0.695,0.104,-0.379,-0.211,0.177,0.015,0.355,-0.348,0.233,-0.38,0.064,-0.35,0.689,0.228,-0.381,0.12,0.794,0.334,0.534,0.816,0.833,0.22,-0.273,0.22,0.338,-0.415,0.245,0.52,0.504,-0.242,0.667,-0.361,0.545,0.588,-0.144,0.048,0.302,-0.027,-0.487,0.012,-0.3,0.742,-0.023,0.262,0.717,0.034,-0.144,-0.1,-0.048,-0.189,-0.6,0.265,0.68,-0.332,-0.483,-0.04,-0.098,0.207,0.041,-0.016,-0.012,0.171,0.075,0.772,-0.685,0.665,-0.318,0.4,-0.185,-0.574,-0.122,-0.118,-0.239,0.153,-0.4,-0.153,-0.563,0.53,-0.58,0.156,0.753,-0.169,-0.239,-0.056,-0.016,0.701,-0.153,0.391,-0.532,0.079,0.353,-0.093,0.561,-0.177,0.628,-0.253,-0.386,0.208,0.039,-0.349,-0.204,0.132,-0.035,-0.209,0.224,0.165,0.021,-0.117,0.342,0.147,-0.681,0.233,-0.347,-0.228,0.562,0.222,0.252,0.248,-0.347,0.571,-0.418,-0.583,0.184,-0.029,0.139,0.043,-0.343,0.272,0.57,-0.229,0.489,-0.18,0.275,-0.576,0.585,-0.466,-0.175,0.686,0.262,-0.035,-0.406,-0.284,-0.433,0.345,-0.001,-0.074,-0.347,0.615,0.404,0.231,0.499,0.089,0.309,-0.093,0.38,0.581,-0.46,-0.046,-0.022,-0.352,-0.021,-0.269,-0.103,-0.002,-0.429,-0.136,0.076,-0.481,-0.183,-0.421,0.689,-0.162,-0.341,0.242,0.623,0.478,0.274,0.462,-0.312,-0.507,0.581
BGC,-0.133,-0.783,-0.011,-0.618,-0.689,-0.423,-0.606,-0.209,0.848,0.677,-0.484,-0.535,-0.37,-0.413,-0.574,0.748,-0.568,0.02,0.695,0.0,0.039,-0.454,-0.194,0.267,-0.235,0.154,-0.545,0.034,-0.747,-0.136,-0.359,0.572,0.332,-0.461,0.028,0.932,0.183,0.776,0.801,0.754,0.251,-0.383,0.325,0.307,-0.547,0.124,0.716,0.632,-0.536,0.789,-0.627,0.295,0.869,-0.513,0.158,0.165,-0.261,-0.416,-0.168,-0.384,0.812,0.018,0.04,0.53,-0.329,-0.38,0.088,-0.45,-0.537,-0.825,0.63,0.796,-0.595,-0.517,-0.167,-0.08,0.294,-0.141,-0.322,0.285,0.282,0.291,0.921,-0.84,0.664,-0.653,0.83,-0.568,-0.496,-0.082,-0.044,-0.518,-0.076,-0.631,-0.51,-0.746,0.874,-0.636,-0.045,0.638,-0.398,-0.613,-0.328,0.184,0.685,-0.414,0.757,-0.437,-0.143,0.315,-0.244,0.883,0.201,0.942,-0.502,-0.504,0.682,-0.264,-0.541,-0.559,0.598,-0.123,0.265,-0.039,0.652,-0.254,-0.261,0.606,0.174,-0.62,0.301,-0.696,-0.467,0.675,-0.085,0.021,0.057,-0.512,0.799,-0.637,-0.737,0.041,-0.069,0.509,-0.193,-0.592,0.454,0.661,-0.606,0.891,-0.319,0.157,-0.686,0.903,-0.566,-0.414,0.784,0.591,0.345,-0.666,-0.156,-0.798,0.596,-0.244,-0.204,-0.573,0.687,0.768,-0.168,0.795,-0.168,0.66,-0.4,0.261,0.434,-0.241,0.068,-0.23,-0.236,-0.421,-0.649,-0.3,-0.382,-0.359,-0.311,0.56,-0.675,-0.143,-0.641,0.84,-0.398,-0.4,0.058,0.746,0.647,0.376,0.247,-0.644,-0.738,0.915
BHF,0.813,0.16,0.8,0.455,0.379,0.735,0.669,0.093,-0.003,0.021,0.259,0.699,0.77,0.695,0.639,0.373,0.698,0.379,0.104,0.039,0.0,0.679,0.772,0.693,0.858,0.789,0.72,0.865,0.463,0.876,0.707,0.561,0.635,0.715,0.763,0.052,0.768,0.066,0.276,0.366,0.533,0.74,0.813,0.286,0.696,0.67,0.393,0.626,0.686,-0.058,0.632,0.752,-0.063,0.679,0.482,0.708,0.685,0.502,0.843,0.038,0.317,0.691,0.666,0.684,0.707,0.68,0.107,0.604,0.667,0.364,-0.266,0.237,0.647,0.25,0.788,0.556,-0.139,0.856,0.707,0.191,0.375,0.478,0.203,0.25,-0.425,0.494,0.111,0.642,0.473,-0.637,0.657,0.707,0.565,0.563,0.602,0.267,-0.023,0.527,0.711,0.462,0.725,0.571,0.735,-0.497,0.123,0.714,0.075,0.63,0.768,0.758,0.824,0.078,0.081,-0.048,0.716,0.529,-0.316,0.765,0.597,0.594,-0.333,0.514,0.102,0.205,0.28,0.659,0.825,-0.302,0.751,0.433,0.352,0.532,0.323,0.486,0.84,0.853,0.775,0.702,0.201,0.573,0.363,0.924,0.839,-0.596,0.69,0.581,0.457,0.263,0.34,-0.142,0.754,0.861,0.5,0.074,0.576,0.677,-0.317,-0.203,-0.521,0.58,0.2,0.315,0.439,0.841,0.694,0.525,0.316,-0.319,0.597,-0.292,0.838,0.244,0.605,0.675,0.723,0.373,0.221,0.876,0.698,0.564,0.636,0.83,0.549,0.609,-0.009,0.007,0.613,0.61,0.618,0.048,0.634,0.444,0.694,0.111,0.6,0.797,0.706,0.571,0.545,-0.01
BHFAL,0.654,0.626,0.705,0.768,0.835,0.767,0.835,0.168,-0.465,-0.255,0.474,0.832,0.869,0.755,0.776,-0.098,0.796,0.479,-0.379,-0.454,0.679,0.0,0.788,0.558,0.79,0.479,0.835,0.604,0.758,0.69,0.738,0.092,0.311,0.819,0.542,-0.545,0.536,-0.197,-0.326,-0.162,0.329,0.83,0.556,0.268,0.91,0.4,-0.022,0.057,0.764,-0.429,0.851,0.344,-0.463,0.656,0.44,0.392,0.606,0.809,0.748,0.364,-0.22,0.654,0.428,0.133,0.736,0.749,0.06,0.736,0.738,0.692,-0.484,-0.343,0.814,0.68,0.778,0.516,-0.069,0.771,0.645,0.183,0.262,0.153,-0.413,0.713,-0.725,0.645,-0.294,0.755,0.692,-0.329,0.621,0.844,0.603,0.823,0.711,0.749,-0.49,0.809,0.584,-0.092,0.75,0.733,0.659,-0.461,-0.367,0.751,-0.349,0.878,0.686,0.371,0.758,-0.285,0.235,-0.476,0.764,0.754,-0.438,0.715,0.728,0.708,-0.44,0.552,0.204,0.209,-0.042,0.656,0.838,-0.438,0.539,0.758,0.149,0.786,0.525,0.041,0.695,0.553,0.575,0.836,-0.327,0.812,0.783,0.621,0.677,-0.588,0.662,0.75,0.106,-0.056,0.559,-0.439,0.774,0.577,0.849,-0.358,0.825,0.763,-0.686,-0.493,-0.511,0.811,0.47,0.728,0.2,0.77,0.723,0.614,-0.097,-0.59,0.475,-0.668,0.694,0.026,0.596,0.43,0.215,0.624,0.272,0.646,0.694,0.635,0.784,0.682,0.586,0.824,0.287,-0.208,0.846,0.802,0.869,-0.497,0.71,0.693,0.478,-0.349,0.161,0.408,0.382,0.769,0.84,-0.457
BKNG,0.674,0.467,0.813,0.704,0.643,0.675,0.79,0.358,-0.162,0.024,0.53,0.731,0.796,0.637,0.671,0.201,0.695,0.557,-0.211,-0.194,0.772,0.788,0.0,0.594,0.808,0.62,0.755,0.657,0.55,0.75,0.624,0.201,0.412,0.726,0.541,-0.297,0.669,-0.021,-0.05,-0.056,0.452,0.719,0.662,0.229,0.773,0.538,0.217,0.352,0.631,-0.232,0.728,0.527,-0.188,0.632,0.417,0.413,0.552,0.685,0.69,0.291,0.109,0.578,0.503,0.383,0.718,0.588,0.274,0.602,0.64,0.568,-0.314,-0.015,0.673,0.377,0.68,0.557,-0.269,0.703,0.515,0.026,0.37,0.272,-0.156,0.496,-0.49,0.503,-0.052,0.588,0.667,-0.512,0.621,0.698,0.559,0.708,0.535,0.442,-0.21,0.619,0.54,0.059,0.627,0.6,0.577,-0.324,-0.142,0.757,-0.036,0.803,0.647,0.646,0.73,-0.019,0.209,-0.231,0.702,0.711,-0.215,0.619,0.608,0.625,-0.202,0.545,0.372,0.11,0.111,0.561,0.73,-0.37,0.554,0.571,0.367,0.592,0.481,0.196,0.69,0.682,0.618,0.731,-0.03,0.644,0.628,0.699,0.868,-0.464,0.544,0.65,0.477,0.146,0.464,-0.271,0.656,0.642,0.643,-0.174,0.691,0.649,-0.424,-0.281,-0.375,0.677,0.338,0.503,0.362,0.718,0.734,0.517,0.189,-0.444,0.505,-0.397,0.713,0.251,0.501,0.449,0.364,0.594,0.274,0.733,0.815,0.594,0.676,0.747,0.531,0.735,0.225,0.039,0.717,0.785,0.74,-0.282,0.573,0.533,0.543,0.01,0.308,0.647,0.427,0.616,0.675,-0.246
BL,0.484,-0.039,0.734,0.231,0.358,0.397,0.383,-0.04,0.217,0.185,0.208,0.409,0.491,0.368,0.297,0.562,0.381,0.401,0.177,0.267,0.693,0.558,0.594,0.0,0.67,0.682,0.367,0.618,0.202,0.644,0.347,0.589,0.561,0.395,0.603,0.184,0.575,0.434,0.253,0.473,0.545,0.462,0.813,0.624,0.454,0.675,0.633,0.595,0.32,0.226,0.411,0.571,0.273,0.306,0.634,0.489,0.443,0.485,0.608,0.274,0.417,0.57,0.566,0.567,0.49,0.472,0.166,0.413,0.345,0.043,-0.039,0.351,0.355,0.138,0.638,0.35,0.114,0.652,0.399,0.246,0.373,0.311,0.312,-0.006,-0.152,0.036,0.295,0.327,0.229,-0.515,0.442,0.48,0.68,0.372,0.349,0.137,0.161,0.243,0.446,0.386,0.425,0.311,0.472,-0.216,0.22,0.462,0.236,0.52,0.575,0.553,0.599,0.404,0.261,0.255,0.326,0.466,0.046,0.538,0.185,0.332,-0.008,0.375,0.226,0.033,0.361,0.349,0.59,-0.055,0.607,0.187,0.474,0.237,0.362,0.587,0.65,0.663,0.669,0.418,0.25,0.346,0.242,0.687,0.572,-0.277,0.523,0.237,0.481,0.398,0.196,0.254,0.437,0.636,0.267,0.306,0.272,0.418,-0.082,-0.063,-0.298,0.269,0.245,0.185,0.652,0.61,0.625,0.117,0.436,-0.046,0.442,0.009,0.574,0.52,0.235,0.566,0.575,0.351,0.432,0.466,0.403,0.446,0.322,0.443,0.415,0.439,0.075,0.082,0.336,0.658,0.374,0.038,0.385,0.418,0.544,0.245,0.562,0.718,0.542,0.21,0.272,0.314
BOKF,0.765,0.402,0.804,0.631,0.602,0.81,0.844,0.293,-0.252,-0.221,0.583,0.869,0.822,0.753,0.781,0.169,0.847,0.475,0.015,-0.235,0.858,0.79,0.808,0.67,0.0,0.779,0.827,0.844,0.723,0.87,0.645,0.428,0.446,0.781,0.679,-0.236,0.742,-0.037,0.053,0.179,0.491,0.785,0.703,0.33,0.811,0.686,0.192,0.406,0.784,-0.187,0.829,0.715,-0.285,0.818,0.356,0.583,0.72,0.608,0.855,0.302,0.143,0.68,0.697,0.562,0.894,0.756,0.113,0.827,0.805,0.537,-0.423,-0.008,0.791,0.357,0.817,0.573,-0.233,0.901,0.75,0.016,0.274,0.178,-0.099,0.501,-0.504,0.585,-0.212,0.821,0.555,-0.552,0.575,0.864,0.748,0.795,0.745,0.509,-0.37,0.608,0.782,0.281,0.781,0.795,0.77,-0.483,-0.077,0.894,-0.242,0.714,0.799,0.608,0.881,-0.138,0.051,-0.315,0.829,0.683,-0.478,0.843,0.682,0.766,-0.489,0.564,-0.04,0.283,-0.021,0.705,0.853,-0.491,0.598,0.513,0.277,0.755,0.561,0.241,0.922,0.85,0.795,0.783,-0.078,0.726,0.591,0.875,0.816,-0.701,0.735,0.776,0.345,0.131,0.607,-0.358,0.743,0.795,0.66,-0.232,0.689,0.756,-0.456,-0.445,-0.611,0.758,0.32,0.62,0.266,0.89,0.815,0.607,0.157,-0.618,0.759,-0.511,0.897,0.138,0.665,0.609,0.56,0.372,0.232,0.835,0.667,0.787,0.835,0.808,0.73,0.611,0.315,-0.243,0.763,0.73,0.807,-0.298,0.717,0.59,0.717,-0.042,0.331,0.671,0.689,0.778,0.741,-0.275
BRKR,0.738,-0.04,0.793,0.262,0.198,0.569,0.566,0.236,0.167,0.131,0.383,0.579,0.608,0.498,0.542,0.519,0.619,0.446,0.355,0.154,0.789,0.479,0.62,0.682,0.779,0.0,0.514,0.809,0.414,0.868,0.309,0.703,0.588,0.46,0.671,0.22,0.73,0.239,0.459,0.563,0.768,0.528,0.749,0.456,0.519,0.738,0.578,0.629,0.551,0.221,0.52,0.757,0.104,0.652,0.427,0.622,0.702,0.381,0.723,0.307,0.415,0.572,0.8,0.791,0.679,0.561,0.207,0.663,0.626,0.174,-0.289,0.466,0.546,0.088,0.663,0.458,-0.023,0.701,0.644,-0.008,0.505,0.256,0.326,0.0,-0.067,0.419,0.118,0.585,0.323,-0.568,0.474,0.608,0.752,0.508,0.531,0.154,-0.016,0.244,0.708,0.621,0.623,0.575,0.661,-0.299,0.389,0.713,0.085,0.393,0.711,0.776,0.669,0.187,-0.005,0.095,0.578,0.519,-0.262,0.727,0.39,0.591,-0.291,0.465,-0.103,0.227,0.007,0.507,0.628,-0.202,0.616,0.105,0.443,0.425,0.484,0.563,0.774,0.887,0.869,0.609,0.316,0.476,0.296,0.893,0.716,-0.528,0.607,0.421,0.476,0.236,0.539,-0.079,0.598,0.825,0.229,0.155,0.302,0.577,0.027,-0.128,-0.525,0.363,-0.031,0.331,0.442,0.774,0.597,0.315,0.463,-0.283,0.79,-0.14,0.742,0.226,0.485,0.475,0.788,0.205,0.346,0.79,0.406,0.757,0.551,0.746,0.737,0.266,0.236,-0.169,0.462,0.57,0.522,0.106,0.49,0.33,0.848,0.314,0.532,0.737,0.753,0.47,0.434,0.113
CACC,0.814,0.681,0.669,0.785,0.735,0.945,0.924,0.197,-0.624,-0.434,0.491,0.941,0.925,0.931,0.939,-0.208,0.935,0.34,-0.348,-0.545,0.72,0.835,0.755,0.367,0.827,0.514,0.0,0.751,0.882,0.773,0.844,0.126,0.393,0.944,0.669,-0.536,0.56,-0.311,-0.258,-0.147,0.331,0.946,0.533,0.085,0.946,0.367,-0.171,0.019,0.953,-0.593,0.934,0.41,-0.647,0.835,0.268,0.58,0.774,0.639,0.851,0.198,-0.253,0.699,0.476,0.204,0.849,0.888,-0.11,0.824,0.879,0.79,-0.661,-0.397,0.952,0.673,0.793,0.581,-0.198,0.837,0.786,0.131,0.182,0.248,-0.406,0.736,-0.804,0.799,-0.334,0.888,0.649,-0.503,0.706,0.937,0.588,0.899,0.871,0.774,-0.604,0.881,0.68,0.004,0.895,0.87,0.814,-0.676,-0.361,0.82,-0.477,0.805,0.813,0.435,0.867,-0.504,-0.018,-0.641,0.957,0.682,-0.67,0.852,0.903,0.82,-0.673,0.504,-0.041,0.294,-0.135,0.809,0.904,-0.64,0.629,0.789,-0.037,0.904,0.401,0.005,0.776,0.667,0.69,0.915,-0.364,0.918,0.721,0.717,0.739,-0.777,0.796,0.888,-0.026,-0.086,0.546,-0.602,0.886,0.674,0.9,-0.416,0.923,0.898,-0.77,-0.613,-0.721,0.932,0.354,0.735,0.026,0.874,0.774,0.829,-0.203,-0.761,0.577,-0.828,0.849,-0.147,0.849,0.409,0.358,0.404,-0.003,0.761,0.735,0.686,0.909,0.741,0.616,0.787,0.294,-0.407,0.929,0.617,0.878,-0.477,0.878,0.522,0.514,-0.461,0.179,0.421,0.499,0.894,0.898,-0.603
CAR,0.905,0.153,0.793,0.358,0.304,0.828,0.654,0.036,-0.119,-0.099,0.201,0.735,0.807,0.794,0.714,0.31,0.753,0.296,0.233,0.034,0.865,0.604,0.657,0.618,0.844,0.809,0.751,0.0,0.552,0.896,0.655,0.718,0.759,0.714,0.862,0.096,0.8,0.155,0.34,0.482,0.601,0.809,0.785,0.317,0.693,0.617,0.349,0.512,0.777,-0.046,0.671,0.781,-0.122,0.721,0.465,0.855,0.857,0.41,0.935,0.041,0.287,0.812,0.724,0.71,0.792,0.824,-0.119,0.722,0.741,0.305,-0.443,0.203,0.732,0.33,0.819,0.496,-0.014,0.91,0.841,0.227,0.468,0.487,0.223,0.196,-0.389,0.512,0.099,0.734,0.327,-0.705,0.64,0.785,0.752,0.629,0.772,0.335,-0.111,0.516,0.82,0.591,0.851,0.679,0.849,-0.703,0.227,0.736,-0.035,0.538,0.887,0.762,0.873,0.002,-0.069,-0.088,0.786,0.486,-0.46,0.914,0.665,0.692,-0.513,0.432,-0.109,0.287,0.115,0.788,0.869,-0.392,0.857,0.366,0.179,0.599,0.227,0.576,0.907,0.916,0.932,0.732,0.12,0.643,0.306,0.927,0.774,-0.721,0.852,0.582,0.251,0.269,0.347,-0.169,0.809,0.935,0.493,0.125,0.59,0.802,-0.303,-0.323,-0.753,0.577,0.165,0.362,0.391,0.922,0.751,0.565,0.312,-0.373,0.697,-0.398,0.905,0.139,0.747,0.617,0.834,0.205,0.102,0.801,0.583,0.637,0.69,0.712,0.616,0.551,0.089,-0.249,0.624,0.567,0.596,0.076,0.782,0.321,0.742,0.022,0.637,0.769,0.834,0.616,0.533,-0.062
CDNA,0.635,0.724,0.485,0.77,0.752,0.836,0.888,0.249,-0.772,-0.653,0.63,0.92,0.786,0.81,0.905,-0.434,0.925,0.271,-0.38,-0.747,0.463,0.758,0.55,0.202,0.723,0.414,0.882,0.552,0.0,0.633,0.609,-0.038,0.114,0.811,0.461,-0.708,0.321,-0.452,-0.405,-0.278,0.218,0.8,0.284,0.11,0.875,0.262,-0.383,-0.241,0.894,-0.646,0.934,0.236,-0.799,0.838,0.099,0.37,0.694,0.59,0.688,0.397,-0.468,0.503,0.418,-0.004,0.799,0.817,-0.145,0.9,0.861,0.827,-0.76,-0.557,0.934,0.682,0.66,0.42,-0.197,0.677,0.737,-0.045,0.052,-0.07,-0.622,0.797,-0.736,0.86,-0.613,0.932,0.579,-0.271,0.503,0.905,0.612,0.908,0.879,0.882,-0.846,0.793,0.616,-0.143,0.801,0.941,0.733,-0.529,-0.465,0.783,-0.729,0.675,0.701,0.175,0.705,-0.699,-0.109,-0.807,0.886,0.669,-0.796,0.785,0.808,0.839,-0.779,0.48,-0.275,0.318,-0.494,0.698,0.732,-0.692,0.354,0.712,-0.122,0.967,0.546,-0.241,0.654,0.512,0.549,0.852,-0.579,0.916,0.79,0.523,0.487,-0.77,0.713,0.901,-0.207,-0.303,0.743,-0.755,0.737,0.463,0.848,-0.648,0.814,0.817,-0.772,-0.744,-0.71,0.916,0.275,0.905,-0.239,0.767,0.615,0.763,-0.393,-0.908,0.657,-0.916,0.703,-0.328,0.789,0.199,0.157,0.262,-0.014,0.617,0.464,0.798,0.934,0.645,0.71,0.593,0.489,-0.667,0.901,0.53,0.9,-0.677,0.807,0.5,0.468,-0.605,-0.148,0.133,0.39,0.937,0.938,-0.785
CG,0.888,0.214,0.865,0.456,0.451,0.808,0.78,0.079,-0.152,-0.107,0.359,0.76,0.816,0.747,0.764,0.307,0.836,0.273,0.064,-0.136,0.876,0.69,0.75,0.644,0.87,0.868,0.773,0.896,0.633,0.0,0.608,0.58,0.676,0.706,0.829,-0.057,0.725,-0.047,0.187,0.301,0.636,0.784,0.714,0.22,0.773,0.673,0.375,0.473,0.792,-0.124,0.771,0.671,-0.158,0.826,0.526,0.723,0.882,0.556,0.909,0.3,0.163,0.694,0.712,0.625,0.758,0.799,0.043,0.739,0.837,0.491,-0.561,0.196,0.808,0.289,0.782,0.405,-0.108,0.843,0.853,-0.019,0.421,0.456,0.075,0.274,-0.387,0.638,-0.003,0.791,0.482,-0.73,0.574,0.824,0.722,0.744,0.781,0.379,-0.192,0.565,0.7,0.419,0.864,0.752,0.895,-0.536,0.176,0.821,-0.027,0.647,0.839,0.737,0.856,-0.094,-0.125,-0.209,0.799,0.72,-0.539,0.887,0.624,0.792,-0.543,0.412,-0.139,0.084,-0.055,0.682,0.832,-0.484,0.75,0.429,0.314,0.639,0.482,0.467,0.829,0.952,0.887,0.843,0.008,0.757,0.484,0.922,0.802,-0.797,0.783,0.592,0.33,0.028,0.588,-0.345,0.778,0.823,0.534,-0.055,0.562,0.798,-0.363,-0.33,-0.739,0.616,0.017,0.521,0.309,0.934,0.704,0.628,0.223,-0.453,0.735,-0.416,0.872,-0.002,0.706,0.432,0.728,0.312,0.268,0.921,0.612,0.764,0.782,0.881,0.788,0.537,0.073,-0.301,0.763,0.617,0.729,-0.112,0.725,0.439,0.761,0.018,0.416,0.706,0.681,0.641,0.674,-0.17
CGBD,0.726,0.565,0.549,0.623,0.594,0.836,0.684,-0.095,-0.505,-0.261,0.117,0.735,0.802,0.855,0.752,-0.141,0.707,0.198,-0.35,-0.359,0.707,0.738,0.624,0.347,0.645,0.309,0.844,0.655,0.609,0.608,0.0,0.11,0.509,0.859,0.64,-0.386,0.479,-0.241,-0.214,-0.102,0.126,0.885,0.525,-0.037,0.816,0.218,-0.119,0.074,0.786,-0.594,0.735,0.333,-0.457,0.56,0.381,0.622,0.604,0.518,0.789,-0.101,-0.15,0.728,0.261,0.173,0.625,0.773,-0.208,0.529,0.642,0.646,-0.481,-0.365,0.751,0.636,0.72,0.503,-0.072,0.798,0.675,0.32,0.095,0.49,-0.228,0.612,-0.818,0.591,-0.089,0.677,0.558,-0.443,0.729,0.758,0.319,0.642,0.691,0.614,-0.306,0.815,0.554,0.052,0.787,0.585,0.691,-0.718,-0.336,0.548,-0.225,0.707,0.702,0.403,0.76,-0.353,0.055,-0.466,0.766,0.458,-0.471,0.691,0.808,0.552,-0.524,0.414,0.115,0.221,0.237,0.774,0.857,-0.48,0.704,0.757,-0.105,0.667,0.047,0.136,0.645,0.496,0.52,0.757,-0.238,0.726,0.46,0.608,0.659,-0.623,0.7,0.676,-0.086,0.052,0.193,-0.371,0.842,0.623,0.821,-0.19,0.867,0.793,-0.746,-0.36,-0.572,0.784,0.395,0.425,0.185,0.724,0.615,0.786,-0.189,-0.439,0.252,-0.659,0.721,-0.04,0.703,0.558,0.337,0.471,-0.032,0.609,0.726,0.362,0.664,0.55,0.295,0.859,-0.04,-0.091,0.754,0.497,0.672,-0.221,0.772,0.42,0.328,-0.424,0.36,0.37,0.408,0.684,0.664,-0.427
