,ACET,ADAP,ADI,ADPT,ADTN,AGEN,ALGN,ALLK,AMD,AMWD,ARDX,ARQT,ASTE,AUPH,AVXL,AZTA,BAND,BECN,BFC,BGC,BHF,BHFAL,BKNG,BL,BOKF,BRKR,CACC,CAR,CDNA,CG,CGBD,CHI,CHTR,CHX,CLNE,CME,CNOB,CNXN,CPRX,CSGP,CSGS,CSIQ,CVCO,CVLT,CYRX,DDOG,DOOO,DSGX,DTIL,ECPG,EEFT,EFSC,ENTG,ESPR,ETSY,EXC,FAMI,FFIV,FITB,FIZZ,FMBH,FOX,FTNT,FULT,GABC,GEN,GH,GMAB,GNPX,GO,GOGL,GOOG,GPRO,GSHD,GSM,GWAV,HAIN,HBAN,HEPA,HURN,HWKN,IBIO,ICFI,IGMS,IMKTA,INCY,INO,IRDM,IRTC,IRWD,ITCI,JACK,JD,JJSF,KALA,KHC,KLAC,KRRO,KRYS,LANC,LBTYA,LIVN,LKCO,LNTH,LOGI,LPRO,LRCX,LSCC,LSTR,MAR,MARA,MCHP,MEOH,META,MGTX,MKSI,MMYT,MORN,MRUS,MTLS,MTSI,MVIS,MXL,NBIX,NFE,NMIH,NMRK,NNDM,NSIT,NTCT,NVAX,OCUL,ODP,OLED,ONB,OTEX,PACB,PATK,PAYX,PEP,PERI,PI,PLYA,PRDO,PRGS,PTGX,QCOM,QCRH,QDEL,QFIN,RGEN,RILY,RPAY,RPD,SABR,SEDG,SHEN,SIRI,SLNO,SNDL,SNEX,SONO,SPT,SSNC,STGW,STKL,STRL,STX,SWTX,SYNA,TFSL,TIGR,TNXP,TOWN,TRI,TRIP,TRMB,TRNS,TRS,TSCO,TSEM,TVTX,TXRH,VC,VCEL,VECO,VIAV,VICR,VIR,VRTX,VSTM,VTRS,WDFC,WSBC,WSC,WYNN,XENE,XNCR,XRAY,ZS
ACET,0.0,-0.038,0.206,-0.519,-0.624,-0.326,-0.609,0.424,0.62,0.507,-0.399,-0.454,-0.41,-0.27,0.772,-0.302,-0.702,0.309,0.321,-0.459,-0.681,-0.774,-0.079,-0.431,-0.714,-0.579,-0.732,-0.781,0.109,-0.808,-0.687,0.285,-0.137,-0.127,0.649,-0.343,-0.781,0.262,-0.262,0.219,-0.812,-0.315,-0.007,0.728,0.005,0.746,-0.405,-0.37,-0.428,-0.806,0.439,-0.781,0.624,0.693,-0.616,-0.426,0.673,0.561,-0.609,0.43,-0.774,-0.725,0.649,-0.709,-0.662,-0.594,0.719,-0.035,-0.153,0.658,-0.604,0.541,-0.57,0.418,0.593,-0.354,-0.688,-0.808,-0.65,-0.419,0.176,-0.537,0.279,0.85,-0.859,-0.818,-0.112,-0.35,-0.643,-0.362,0.687,0.688,0.638,0.734,0.406,0.34,0.434,-0.076,0.651,0.492,-0.591,-0.42,0.075,0.805,0.702,0.765,0.435,-0.047,0.209,0.572,0.029,0.038,-0.524,0.242,0.542,0.362,0.821,0.222,0.458,-0.055,-0.443,0.584,-0.32,-0.693,-0.016,0.58,-0.811,0.66,0.591,0.656,0.5,0.623,-0.494,0.445,-0.75,0.775,0.799,-0.529,-0.08,0.685,-0.617,-0.206,-0.513,-0.823,0.179,0.806,-0.788,-0.679,-0.648,0.039,0.119,0.694,0.445,-0.686,-0.604,0.321,-0.031,-0.646,0.705,0.805,-0.783,-0.453,-0.669,-0.546,-0.759,-0.593,0.821,0.303,0.652,-0.74,-0.735,-0.296,-0.645,-0.699,-0.696,-0.739,0.434,0.705,-0.316,-0.324,-0.816,-0.697,-0.301,-0.572,0.825,0.655,0.554,0.294,-0.107,0.562,0.409,0.412,-0.013,-0.75,0.051,-0.558,0.721,-0.022,-0.445,0.729
ADAP,-0.038,0.0,-0.498,0.235,-0.037,0.179,0.03,-0.534,-0.461,-0.423,0.443,0.602,0.519,0.628,-0.238,0.363,0.203,-0.481,-0.173,-0.468,0.341,-0.244,-0.425,-0.046,-0.035,0.414,0.151,0.358,0.463,-0.004,0.413,-0.5,0.562,-0.085,-0.343,0.331,0.041,-0.639,0.662,0.024,0.241,-0.476,0.479,-0.28,0.57,-0.375,-0.062,-0.072,0.359,0.128,-0.354,-0.083,-0.417,-0.336,0.142,0.607,0.109,-0.439,-0.101,0.159,-0.023,0.298,-0.448,-0.281,-0.044,0.49,-0.421,-0.316,0.199,-0.031,0.166,-0.534,0.246,0.496,-0.383,-0.364,0.524,-0.043,0.413,-0.139,-0.652,0.327,0.305,0.272,0.116,0.156,0.525,0.464,-0.073,0.459,0.305,-0.053,-0.134,0.248,-0.485,0.655,-0.444,0.337,-0.273,0.566,0.588,0.362,0.356,-0.24,0.097,-0.315,-0.528,-0.242,0.21,-0.094,0.139,-0.385,0.449,0.07,-0.537,-0.276,-0.072,-0.501,-0.521,0.327,-0.43,-0.553,-0.566,0.296,0.632,-0.297,-0.023,0.461,-0.247,-0.386,0.229,0.089,0.343,-0.657,-0.192,-0.14,-0.081,-0.204,0.071,0.236,0.31,-0.358,0.194,-0.009,-0.659,-0.261,0.18,-0.127,0.28,0.601,0.203,-0.162,-0.508,0.056,0.402,-0.37,0.244,0.109,-0.312,0.133,0.065,0.585,-0.168,0.23,0.073,0.54,-0.096,-0.558,-0.477,-0.136,0.026,0.642,0.45,-0.067,-0.14,0.101,-0.046,-0.355,-0.163,0.506,0.338,-0.006,-0.288,-0.36,0.152,-0.539,-0.338,-0.618,-0.189,0.401,0.192,0.221,-0.311,-0.062,-0.071,0.352,0.188,0.003,0.513,-0.426
ADI,0.206,-0.498,0.0,-0.215,0.075,-0.092,-0.152,0.667,0.553,0.776,-0.527,-0.487,-0.116,-0.373,0.305,0.098,-0.297,0.788,0.434,0.553,-0.027,0.106,0.721,0.142,0.083,-0.198,-0.226,-0.286,-0.198,-0.013,-0.298,0.585,-0.045,0.259,0.447,-0.274,-0.061,0.641,-0.503,0.149,-0.268,0.585,-0.158,0.536,-0.193,0.383,0.451,-0.076,-0.165,-0.131,0.659,-0.01,0.491,0.532,-0.323,-0.623,0.305,0.632,0.139,0.383,0.108,-0.144,0.458,0.228,0.078,-0.466,0.569,0.124,-0.166,0.181,-0.408,0.538,-0.096,-0.206,0.398,0.237,-0.448,-0.02,-0.324,-0.03,0.741,-0.295,0.046,-0.152,-0.229,-0.3,-0.526,-0.32,-0.042,-0.132,0.066,0.257,0.149,0.027,0.46,-0.432,0.633,0.142,0.237,-0.217,-0.443,-0.443,0.107,0.247,0.332,0.343,0.749,0.445,0.461,0.597,-0.196,0.884,-0.1,0.137,0.688,0.715,0.403,0.558,0.631,0.162,0.456,0.666,0.481,-0.304,-0.505,0.61,0.116,-0.115,0.629,0.505,-0.268,0.378,-0.267,0.718,0.078,0.327,0.512,0.484,0.441,-0.118,-0.449,0.203,0.116,-0.14,0.686,0.498,-0.142,0.205,0.0,-0.427,0.462,0.325,0.551,-0.092,-0.202,0.356,0.262,0.163,0.598,0.159,-0.121,-0.453,-0.063,0.079,0.054,-0.515,0.39,0.634,0.461,0.087,-0.105,-0.67,-0.3,0.082,-0.047,-0.101,0.581,0.666,0.396,-0.434,-0.291,-0.196,0.548,0.153,0.162,0.559,0.698,0.655,0.435,-0.034,0.337,0.095,-0.055,-0.01,0.288,0.015,0.156,0.106,-0.292,0.442
ADPT,-0.519,0.235,-0.215,0.0,0.754,0.703,0.839,-0.424,-0.638,-0.447,0.632,0.535,0.441,0.288,-0.676,0.054,0.901,-0.482,-0.454,0.278,0.491,0.505,-0.022,0.724,0.343,0.601,0.704,0.643,0.296,0.675,0.521,-0.046,-0.161,0.069,-0.641,0.709,0.76,-0.409,0.548,-0.652,0.748,0.231,0.505,-0.753,0.315,-0.762,0.527,0.504,0.736,0.758,-0.438,0.666,-0.711,-0.768,0.803,0.705,-0.588,-0.615,0.63,-0.326,0.468,0.658,-0.405,0.508,0.777,0.746,-0.6,0.043,0.687,-0.506,0.771,-0.645,0.604,-0.464,-0.624,0.28,0.654,0.688,0.667,0.423,-0.262,0.856,-0.454,-0.468,0.778,0.775,0.607,0.788,0.788,0.494,-0.322,-0.704,-0.657,-0.621,-0.527,-0.128,-0.701,0.203,-0.271,-0.407,0.506,0.704,0.364,-0.55,-0.734,-0.6,-0.669,0.511,0.129,-0.359,-0.245,-0.008,0.625,-0.654,-0.71,-0.523,-0.75,0.217,-0.226,-0.318,0.475,-0.69,0.47,0.815,0.256,-0.706,0.436,-0.319,-0.687,-0.621,0.113,-0.238,0.859,-0.54,0.527,-0.649,-0.686,0.352,0.289,-0.699,0.833,0.599,0.495,0.759,-0.186,-0.647,0.791,0.474,0.698,-0.071,0.322,-0.452,-0.45,0.666,0.425,-0.03,-0.255,0.396,-0.484,-0.643,0.782,0.572,0.654,0.452,0.756,0.566,-0.705,-0.502,-0.613,0.728,0.705,0.676,0.489,0.597,0.725,0.767,-0.451,-0.527,0.644,0.767,0.706,0.645,-0.183,0.608,-0.663,-0.585,-0.685,-0.604,0.243,-0.467,-0.452,-0.067,0.336,0.755,-0.405,0.609,-0.566,0.483,0.492,-0.529
ADTN,-0.624,-0.037,0.075,0.754,0.0,0.719,0.835,-0.136,-0.484,-0.305,0.481,0.404,0.311,0.055,-0.641,0.158,0.823,-0.203,-0.216,0.604,0.639,0.73,0.132,0.795,0.734,0.536,0.817,0.7,0.121,0.754,0.533,0.048,-0.119,0.376,-0.448,0.532,0.897,-0.201,0.293,-0.478,0.773,0.478,0.208,-0.702,0.15,-0.676,0.629,0.465,0.663,0.861,-0.271,0.869,-0.629,-0.572,0.623,0.368,-0.698,-0.382,0.869,-0.422,0.766,0.723,-0.363,0.846,0.898,0.579,-0.504,0.024,0.42,-0.556,0.715,-0.504,0.717,-0.648,-0.606,0.422,0.598,0.89,0.641,0.415,-0.019,0.664,-0.501,-0.709,0.787,0.829,0.3,0.526,0.773,0.512,-0.588,-0.664,-0.56,-0.771,-0.406,-0.483,-0.385,0.202,-0.381,-0.575,0.489,0.608,0.191,-0.604,-0.738,-0.605,-0.331,0.541,0.085,-0.394,-0.028,0.204,0.688,-0.521,-0.409,-0.134,-0.766,0.258,-0.067,-0.167,0.716,-0.437,0.66,0.669,0.08,-0.528,0.739,-0.658,-0.522,-0.454,-0.279,-0.312,0.744,-0.221,0.819,-0.625,-0.674,0.623,0.399,-0.873,0.597,0.585,0.534,0.846,0.092,-0.623,0.827,0.754,0.629,-0.139,0.235,-0.479,-0.206,0.857,0.448,0.02,-0.102,0.566,-0.474,-0.74,0.833,0.447,0.787,0.61,0.878,0.507,-0.761,-0.134,-0.507,0.833,0.865,0.352,0.548,0.86,0.781,0.757,-0.215,-0.484,0.662,0.355,0.722,0.791,0.221,0.727,-0.722,-0.459,-0.438,-0.231,0.437,-0.671,-0.472,-0.213,0.272,0.885,-0.147,0.671,-0.585,0.518,0.359,-0.499
AGEN,-0.326,0.179,-0.092,0.703,0.719,0.0,0.844,-0.303,-0.563,-0.463,0.609,0.546,0.349,0.255,-0.638,0.226,0.743,-0.509,-0.309,0.107,0.442,0.246,-0.336,0.731,0.353,0.562,0.67,0.425,0.397,0.306,0.306,-0.061,-0.311,0.383,-0.417,0.687,0.665,-0.495,0.568,-0.764,0.444,0.294,0.495,-0.683,0.569,-0.582,0.383,0.169,0.784,0.641,-0.377,0.536,-0.687,-0.665,0.449,0.611,-0.581,-0.525,0.609,-0.232,0.306,0.493,-0.261,0.43,0.739,0.605,-0.521,-0.181,0.666,-0.609,0.64,-0.656,0.796,-0.448,-0.619,0.081,0.622,0.539,0.669,-0.056,-0.232,0.8,-0.705,-0.285,0.492,0.615,0.754,0.718,0.598,0.676,-0.407,-0.692,-0.487,-0.437,-0.495,0.009,-0.636,0.285,-0.337,-0.175,0.481,0.747,0.436,-0.281,-0.636,-0.604,-0.57,0.688,0.272,-0.258,0.081,-0.015,0.642,-0.795,-0.491,-0.277,-0.615,0.367,0.016,-0.392,0.397,-0.557,0.515,0.503,0.506,-0.596,0.342,-0.305,-0.506,-0.253,0.066,-0.125,0.707,-0.316,0.504,-0.405,-0.519,0.211,0.109,-0.643,0.502,0.672,0.274,0.569,-0.216,-0.437,0.545,0.323,0.44,0.096,0.365,-0.279,-0.314,0.696,0.302,0.25,-0.469,0.362,-0.298,-0.469,0.523,0.591,0.466,0.251,0.562,0.436,-0.559,-0.54,-0.6,0.444,0.765,0.641,0.592,0.685,0.368,0.406,-0.124,-0.363,0.558,0.646,0.577,0.581,-0.22,0.575,-0.569,-0.549,-0.461,-0.444,0.151,-0.544,-0.513,0.091,0.267,0.624,-0.523,0.53,-0.231,0.721,0.198,-0.406
ALGN,-0.609,0.03,-0.152,0.839,0.835,0.844,0.0,-0.363,-0.64,-0.529,0.655,0.496,0.305,0.164,-0.784,0.083,0.91,-0.528,-0.473,0.308,0.529,0.584,-0.144,0.795,0.513,0.548,0.812,0.598,0.193,0.633,0.456,-0.05,-0.333,0.277,-0.587,0.734,0.845,-0.413,0.467,-0.773,0.701,0.36,0.411,-0.848,0.308,-0.745,0.442,0.437,0.744,0.831,-0.472,0.775,-0.741,-0.788,0.702,0.638,-0.78,-0.61,0.747,-0.486,0.501,0.623,-0.385,0.648,0.856,0.695,-0.651,0.05,0.599,-0.696,0.801,-0.663,0.718,-0.679,-0.659,0.367,0.669,0.767,0.692,0.308,-0.196,0.832,-0.701,-0.567,0.763,0.846,0.597,0.701,0.789,0.54,-0.578,-0.806,-0.616,-0.725,-0.488,-0.254,-0.71,0.1,-0.39,-0.513,0.474,0.757,0.272,-0.521,-0.871,-0.696,-0.626,0.635,0.006,-0.468,-0.09,-0.007,0.606,-0.847,-0.647,-0.46,-0.858,0.326,-0.111,-0.477,0.602,-0.66,0.662,0.736,0.292,-0.737,0.541,-0.573,-0.712,-0.502,-0.065,-0.414,0.786,-0.413,0.696,-0.653,-0.787,0.354,0.133,-0.819,0.741,0.79,0.392,0.816,-0.134,-0.682,0.784,0.535,0.553,-0.048,0.155,-0.489,-0.378,0.771,0.34,0.104,-0.421,0.522,-0.503,-0.773,0.798,0.536,0.747,0.417,0.759,0.511,-0.813,-0.461,-0.63,0.739,0.888,0.599,0.566,0.775,0.701,0.707,-0.451,-0.561,0.633,0.665,0.713,0.795,-0.161,0.785,-0.814,-0.605,-0.651,-0.45,0.185,-0.718,-0.654,-0.146,0.373,0.843,-0.431,0.586,-0.566,0.592,0.364,-0.546
ALLK,0.424,-0.534,0.667,-0.424,-0.136,-0.303,-0.363,0.0,0.727,0.803,-0.543,-0.82,-0.625,-0.736,0.631,-0.307,-0.436,0.762,0.522,0.403,-0.388,-0.017,0.493,-0.011,-0.068,-0.595,-0.286,-0.433,-0.27,-0.162,-0.442,0.7,-0.256,0.12,0.776,-0.402,-0.259,0.846,-0.838,0.319,-0.392,0.327,-0.321,0.585,-0.447,0.679,0.095,0.025,-0.564,-0.403,0.674,-0.14,0.741,0.787,-0.302,-0.792,0.231,0.846,-0.005,0.15,-0.106,-0.499,0.731,0.1,-0.098,-0.671,0.782,0.401,-0.195,0.286,-0.344,0.807,-0.449,-0.183,0.68,0.326,-0.769,-0.206,-0.739,0.079,0.74,-0.629,0.15,0.143,-0.44,-0.389,-0.613,-0.606,-0.192,-0.458,0.161,0.537,0.559,0.054,0.715,-0.494,0.788,-0.134,0.491,-0.24,-0.717,-0.383,-0.102,0.528,0.294,0.66,0.81,0.117,0.085,0.253,-0.246,0.488,-0.487,0.265,0.736,0.629,0.524,0.461,0.712,-0.114,0.329,0.822,0.316,-0.515,-0.515,0.653,-0.152,-0.113,0.59,0.675,-0.042,0.349,-0.465,0.822,-0.026,0.45,0.531,0.184,0.331,0.093,-0.574,0.065,-0.341,-0.317,0.841,0.63,-0.429,0.074,-0.381,-0.259,0.026,0.441,0.893,-0.245,-0.546,0.576,0.159,-0.137,0.585,0.232,-0.279,-0.809,-0.046,-0.084,-0.28,-0.688,0.442,0.835,0.823,-0.151,-0.317,-0.673,-0.668,-0.122,-0.115,-0.34,0.465,0.696,0.142,-0.717,-0.639,-0.182,0.241,0.043,0.337,0.811,0.749,0.731,0.43,0.027,0.112,0.031,0.198,-0.19,0.308,-0.46,0.128,0.014,-0.51,0.714
AMD,0.62,-0.461,0.553,-0.638,-0.484,-0.563,-0.64,0.727,0.0,0.841,-0.835,-0.825,-0.673,-0.647,0.844,-0.344,-0.713,0.74,0.685,0.061,-0.493,-0.278,0.477,-0.25,-0.28,-0.766,-0.567,-0.645,-0.4,-0.5,-0.484,0.703,-0.151,0.194,0.843,-0.509,-0.549,0.764,-0.702,0.562,-0.694,0.208,-0.376,0.805,-0.324,0.903,-0.072,0.026,-0.674,-0.642,0.87,-0.401,0.893,0.852,-0.627,-0.804,0.454,0.917,-0.26,0.135,-0.377,-0.641,0.852,-0.283,-0.458,-0.658,0.915,0.168,-0.394,0.649,-0.504,0.916,-0.593,0.207,0.811,0.011,-0.896,-0.471,-0.784,-0.015,0.698,-0.774,0.361,0.31,-0.753,-0.714,-0.655,-0.804,-0.578,-0.668,0.472,0.712,0.614,0.436,0.753,-0.25,0.854,-0.036,0.719,0.062,-0.728,-0.652,-0.289,0.723,0.6,0.861,0.872,-0.141,-0.014,0.382,-0.109,0.278,-0.591,0.495,0.82,0.646,0.727,0.252,0.703,0.069,-0.011,0.923,-0.012,-0.753,-0.371,0.892,-0.521,0.307,0.785,0.823,0.23,0.627,-0.62,0.874,-0.345,0.808,0.71,-0.03,0.137,0.406,-0.731,-0.195,-0.58,-0.587,0.7,0.773,-0.666,-0.166,-0.692,-0.319,-0.128,0.806,0.803,-0.54,-0.619,0.394,0.22,-0.471,0.782,0.623,-0.636,-0.782,-0.318,-0.18,-0.571,-0.691,0.685,0.794,0.821,-0.43,-0.565,-0.746,-0.824,-0.385,-0.343,-0.543,0.507,0.742,-0.256,-0.709,-0.83,-0.419,0.121,-0.206,0.643,0.948,0.832,0.827,-0.051,0.252,0.289,0.383,0.153,-0.441,0.484,-0.432,0.409,-0.362,-0.496,0.905
AMWD,0.507,-0.423,0.776,-0.447,-0.305,-0.463,-0.529,0.803,0.841,0.0,-0.765,-0.776,-0.399,-0.536,0.722,-0.175,-0.575,0.883,0.663,0.318,-0.329,-0.149,0.683,-0.103,-0.215,-0.553,-0.45,-0.488,-0.261,-0.262,-0.352,0.73,-0.016,0.142,0.773,-0.427,-0.4,0.843,-0.715,0.484,-0.496,0.368,-0.239,0.8,-0.312,0.742,0.196,-0.01,-0.515,-0.501,0.893,-0.289,0.836,0.823,-0.454,-0.769,0.513,0.915,-0.137,0.385,-0.185,-0.478,0.743,-0.121,-0.268,-0.632,0.891,0.272,-0.22,0.534,-0.51,0.87,-0.486,0.108,0.77,0.125,-0.794,-0.334,-0.705,0.018,0.803,-0.624,0.392,0.191,-0.568,-0.591,-0.667,-0.589,-0.367,-0.492,0.412,0.633,0.482,0.32,0.718,-0.278,0.85,0.085,0.61,-0.031,-0.683,-0.619,-0.026,0.582,0.569,0.765,0.898,0.032,0.333,0.565,-0.254,0.564,-0.439,0.425,0.807,0.736,0.709,0.395,0.714,0.147,0.18,0.888,0.159,-0.598,-0.477,0.885,-0.273,0.19,0.812,0.726,0.072,0.622,-0.479,0.819,-0.228,0.648,0.734,0.26,0.451,0.286,-0.633,-0.092,-0.265,-0.453,0.792,0.739,-0.493,-0.002,-0.35,-0.388,0.212,0.656,0.797,-0.473,-0.477,0.452,0.398,-0.187,0.786,0.503,-0.432,-0.741,-0.291,-0.014,-0.35,-0.662,0.68,0.805,0.803,-0.246,-0.483,-0.727,-0.703,-0.261,-0.219,-0.391,0.637,0.855,0.116,-0.609,-0.673,-0.385,0.293,-0.098,0.533,0.871,0.865,0.75,0.296,0.28,0.407,0.281,0.111,-0.321,0.47,-0.308,0.316,-0.132,-0.403,0.78
ARDX,-0.399,0.443,-0.527,0.632,0.481,0.609,0.655,-0.543,-0.835,-0.765,0.0,0.643,0.416,0.418,-0.708,0.126,0.709,-0.767,-0.618,-0.115,0.367,0.202,-0.522,0.369,0.227,0.617,0.527,0.578,0.399,0.419,0.356,-0.532,0.033,-0.239,-0.651,0.62,0.506,-0.668,0.595,-0.595,0.646,-0.293,0.517,-0.781,0.357,-0.759,-0.013,0.062,0.592,0.583,-0.821,0.372,-0.752,-0.688,0.621,0.749,-0.494,-0.789,0.287,-0.193,0.258,0.475,-0.616,0.25,0.481,0.577,-0.749,0.018,0.51,-0.596,0.544,-0.795,0.451,-0.288,-0.673,0.02,0.759,0.394,0.578,0.049,-0.67,0.693,-0.348,-0.093,0.626,0.669,0.687,0.791,0.53,0.633,-0.279,-0.501,-0.318,-0.397,-0.631,0.204,-0.776,0.019,-0.59,-0.036,0.555,0.797,0.408,-0.496,-0.571,-0.688,-0.808,0.266,0.027,-0.45,0.009,-0.292,0.51,-0.563,-0.78,-0.536,-0.634,-0.095,-0.482,-0.214,0.129,-0.861,0.047,0.69,0.467,-0.856,0.406,-0.258,-0.764,-0.669,-0.071,-0.548,0.615,-0.724,0.292,-0.679,-0.624,-0.079,-0.036,-0.363,0.73,0.281,0.392,0.489,-0.535,-0.652,0.592,0.134,0.544,0.532,0.094,-0.669,-0.608,0.555,0.38,-0.189,-0.264,0.446,-0.705,-0.557,0.617,0.603,0.367,0.167,0.515,0.542,-0.638,-0.688,-0.657,0.37,0.55,0.804,0.659,0.344,0.314,0.501,-0.487,-0.642,0.289,0.655,0.649,0.43,-0.338,0.185,-0.484,-0.792,-0.741,-0.774,0.124,-0.203,-0.343,-0.319,0.002,0.408,-0.514,0.303,-0.383,0.49,0.506,-0.729
ARQT,-0.454,0.602,-0.487,0.535,0.404,0.546,0.496,-0.82,-0.825,-0.776,0.643,0.0,0.808,0.787,-0.756,0.596,0.558,-0.666,-0.472,-0.187,0.622,0.092,-0.465,0.196,0.285,0.779,0.469,0.586,0.507,0.289,0.512,-0.699,0.326,0.062,-0.78,0.468,0.462,-0.911,0.916,-0.416,0.525,-0.221,0.41,-0.666,0.584,-0.816,0.155,-0.108,0.793,0.579,-0.681,0.291,-0.899,-0.808,0.334,0.782,-0.244,-0.849,0.24,-0.048,0.335,0.721,-0.81,0.135,0.336,0.71,-0.857,-0.588,0.258,-0.441,0.408,-0.944,0.748,0.061,-0.862,-0.236,0.914,0.393,0.921,-0.15,-0.75,0.756,-0.254,-0.235,0.567,0.528,0.72,0.752,0.318,0.736,-0.308,-0.654,-0.636,-0.154,-0.821,0.402,-0.782,0.301,-0.62,0.263,0.912,0.522,0.266,-0.63,-0.335,-0.821,-0.792,0.067,0.152,-0.152,0.308,-0.298,0.773,-0.329,-0.691,-0.466,-0.563,-0.382,-0.686,0.228,-0.168,-0.83,-0.178,0.593,0.557,-0.685,0.375,0.022,-0.584,-0.688,-0.056,-0.264,0.609,-0.782,0.216,-0.529,-0.515,0.026,-0.159,-0.288,0.555,0.018,0.57,0.452,-0.817,-0.641,0.579,0.105,0.597,0.343,0.262,-0.524,-0.852,0.44,0.747,-0.526,-0.138,0.317,-0.593,-0.326,0.439,0.973,0.132,0.263,0.462,0.794,-0.508,-0.805,-0.922,0.296,0.498,0.706,0.872,0.369,0.161,0.445,-0.28,-0.709,0.085,0.682,0.801,0.294,-0.015,0.029,-0.407,-0.906,-0.716,-0.756,-0.171,-0.116,-0.077,-0.009,-0.341,0.34,-0.306,0.652,-0.052,0.208,0.524,-0.831
ASTE,-0.41,0.519,-0.116,0.441,0.311,0.349,0.305,-0.625,-0.673,-0.399,0.416,0.808,0.0,0.824,-0.62,0.666,0.401,-0.295,-0.26,0.059,0.658,0.146,-0.137,0.115,0.284,0.744,0.315,0.54,0.423,0.366,0.508,-0.554,0.508,0.012,-0.643,0.292,0.404,-0.639,0.705,-0.227,0.481,-0.054,0.361,-0.357,0.498,-0.694,0.359,-0.208,0.663,0.509,-0.411,0.23,-0.664,-0.582,0.279,0.565,0.021,-0.608,0.197,0.253,0.386,0.682,-0.73,0.155,0.279,0.52,-0.637,-0.465,0.174,-0.275,0.16,-0.712,0.604,0.161,-0.652,-0.236,0.761,0.338,0.749,-0.137,-0.48,0.596,-0.024,-0.254,0.512,0.37,0.433,0.645,0.259,0.675,-0.162,-0.477,-0.611,-0.042,-0.637,0.385,-0.488,0.339,-0.577,0.265,0.747,0.208,0.296,-0.613,-0.104,-0.661,-0.479,0.095,0.435,0.161,0.195,0.085,0.718,-0.123,-0.435,-0.154,-0.321,-0.296,-0.559,0.453,-0.048,-0.595,-0.134,0.525,0.287,-0.382,0.451,0.041,-0.285,-0.58,-0.268,-0.152,0.483,-0.612,0.195,-0.411,-0.254,0.279,0.082,-0.2,0.42,-0.09,0.708,0.339,-0.604,-0.437,0.539,0.197,0.764,0.175,0.494,-0.443,-0.703,0.283,0.777,-0.525,0.146,0.451,-0.417,-0.213,0.42,0.79,-0.041,0.31,0.492,0.627,-0.237,-0.575,-0.732,0.327,0.349,0.427,0.758,0.304,0.125,0.426,0.016,-0.407,0.242,0.555,0.711,0.098,0.25,-0.005,-0.282,-0.717,-0.439,-0.543,0.049,0.061,0.186,-0.013,-0.491,0.254,-0.08,0.607,-0.015,0.149,0.526,-0.717
AUPH,-0.27,0.628,-0.373,0.288,0.055,0.255,0.164,-0.736,-0.647,-0.536,0.418,0.787,0.824,0.0,-0.458,0.502,0.275,-0.522,-0.284,-0.297,0.406,-0.113,-0.376,-0.041,0.072,0.62,0.134,0.386,0.419,0.093,0.351,-0.665,0.426,-0.067,-0.654,0.25,0.168,-0.723,0.77,-0.195,0.288,-0.276,0.244,-0.303,0.528,-0.553,0.064,-0.319,0.529,0.315,-0.512,0.004,-0.61,-0.565,0.167,0.642,0.043,-0.671,-0.072,0.258,0.09,0.455,-0.711,-0.137,0.041,0.512,-0.603,-0.53,0.094,-0.162,0.072,-0.714,0.44,0.335,-0.583,-0.439,0.677,0.088,0.653,-0.298,-0.602,0.51,0.032,-0.028,0.327,0.196,0.522,0.553,0.09,0.626,-0.0,-0.38,-0.515,0.125,-0.648,0.587,-0.569,0.3,-0.475,0.429,0.655,0.173,0.205,-0.439,-0.002,-0.554,-0.586,-0.089,0.214,0.077,0.368,-0.186,0.491,-0.079,-0.484,-0.25,-0.239,-0.456,-0.604,0.343,-0.331,-0.626,-0.37,0.381,0.444,-0.408,0.201,0.228,-0.259,-0.522,-0.052,-0.149,0.355,-0.713,-0.028,-0.301,-0.22,-0.076,-0.161,0.046,0.317,-0.217,0.446,0.172,-0.783,-0.36,0.321,-0.083,0.501,0.238,0.278,-0.347,-0.768,0.097,0.691,-0.56,0.053,0.148,-0.374,-0.038,0.188,0.763,-0.169,0.079,0.208,0.579,-0.144,-0.705,-0.685,0.062,0.152,0.476,0.633,0.061,-0.088,0.212,-0.072,-0.405,-0.089,0.587,0.566,-0.063,0.008,-0.221,-0.112,-0.709,-0.478,-0.594,-0.213,0.177,0.216,-0.022,-0.417,0.018,-0.199,0.42,0.098,0.046,0.432,-0.668
AVXL,0.772,-0.238,0.305,-0.676,-0.641,-0.638,-0.784,0.631,0.844,0.722,-0.708,-0.756,-0.62,-0.458,0.0,-0.432,-0.788,0.559,0.605,-0.215,-0.693,-0.534,0.217,-0.455,-0.503,-0.751,-0.721,-0.718,-0.227,-0.659,-0.564,0.492,-0.111,-0.03,0.814,-0.586,-0.756,0.652,-0.625,0.592,-0.766,-0.093,-0.401,0.859,-0.29,0.937,-0.31,-0.173,-0.748,-0.828,0.687,-0.639,0.886,0.876,-0.633,-0.693,0.576,0.818,-0.536,0.306,-0.588,-0.789,0.749,-0.552,-0.673,-0.687,0.91,0.186,-0.386,0.743,-0.619,0.855,-0.744,0.412,0.854,-0.215,-0.893,-0.704,-0.856,-0.174,0.513,-0.816,0.491,0.597,-0.847,-0.838,-0.53,-0.748,-0.663,-0.652,0.635,0.809,0.684,0.583,0.68,0.047,0.75,-0.121,0.744,0.243,-0.752,-0.651,-0.257,0.78,0.712,0.943,0.722,-0.313,-0.045,0.384,-0.0,0.083,-0.726,0.557,0.738,0.532,0.831,0.114,0.555,0.039,-0.308,0.83,-0.268,-0.792,-0.293,0.816,-0.677,0.465,0.78,0.751,0.349,0.601,-0.644,0.646,-0.571,0.79,0.775,-0.308,0.033,0.657,-0.756,-0.367,-0.638,-0.751,0.49,0.826,-0.825,-0.431,-0.733,-0.191,-0.147,0.748,0.684,-0.699,-0.64,0.296,0.213,-0.654,0.726,0.752,-0.781,-0.756,-0.539,-0.414,-0.751,-0.686,0.809,0.64,0.872,-0.655,-0.79,-0.604,-0.861,-0.645,-0.547,-0.727,0.498,0.766,-0.435,-0.623,-0.898,-0.631,-0.069,-0.475,0.819,0.879,0.753,0.649,-0.072,0.481,0.386,0.271,0.143,-0.695,0.362,-0.627,0.487,-0.308,-0.535,0.854
AZTA,-0.302,0.363,0.098,0.054,0.158,0.226,0.083,-0.307,-0.344,-0.175,0.126,0.596,0.666,0.502,-0.432,0.0,0.11,-0.026,-0.04,0.034,0.596,-0.026,-0.034,0.036,0.255,0.563,0.204,0.302,0.462,0.106,0.328,-0.385,0.521,0.228,-0.273,0.127,0.21,-0.412,0.422,-0.027,0.193,0.028,0.225,-0.151,0.482,-0.38,0.246,-0.305,0.473,0.279,-0.09,0.087,-0.368,-0.271,-0.125,0.233,0.133,-0.254,0.145,0.37,0.341,0.481,-0.438,0.084,0.151,0.222,-0.407,-0.567,0.011,-0.323,-0.041,-0.449,0.609,0.163,-0.342,-0.167,0.511,0.177,0.562,-0.327,-0.245,0.285,0.016,-0.209,0.193,0.156,0.218,0.309,0.002,0.551,-0.208,-0.287,-0.322,0.119,-0.365,0.309,-0.177,0.346,-0.462,0.403,0.637,0.104,0.298,-0.308,0.13,-0.502,-0.169,0.021,0.485,0.282,0.127,0.118,0.593,0.058,-0.145,0.111,-0.07,-0.262,-0.31,0.528,-0.117,-0.237,-0.163,0.152,0.309,-0.057,0.373,0.079,-0.007,-0.146,-0.235,0.058,0.166,-0.261,0.118,-0.116,0.023,0.229,0.044,-0.06,0.008,-0.198,0.482,0.137,-0.398,-0.173,0.247,0.13,0.399,0.278,0.474,-0.193,-0.321,0.147,0.51,-0.288,0.23,0.447,-0.082,-0.032,0.122,0.555,-0.175,0.304,0.23,0.373,-0.049,-0.314,-0.475,0.056,0.23,0.161,0.655,0.28,-0.154,0.134,0.247,-0.164,0.147,0.18,0.446,0.011,0.342,-0.099,-0.127,-0.455,-0.043,-0.242,0.017,0.088,0.302,0.157,-0.59,0.101,0.06,0.475,0.301,0.095,0.286,-0.444
BAND,-0.702,0.203,-0.297,0.901,0.823,0.743,0.91,-0.436,-0.713,-0.575,0.709,0.558,0.401,0.275,-0.788,0.11,0.0,-0.562,-0.43,0.314,0.631,0.648,-0.105,0.779,0.587,0.595,0.859,0.786,0.215,0.761,0.639,-0.115,-0.139,0.194,-0.654,0.752,0.887,-0.441,0.507,-0.603,0.845,0.261,0.408,-0.889,0.309,-0.822,0.499,0.557,0.721,0.891,-0.505,0.827,-0.776,-0.824,0.829,0.716,-0.784,-0.655,0.76,-0.495,0.607,0.728,-0.488,0.667,0.869,0.818,-0.719,0.064,0.616,-0.652,0.878,-0.703,0.698,-0.527,-0.69,0.341,0.753,0.833,0.727,0.471,-0.288,0.839,-0.482,-0.595,0.864,0.919,0.572,0.718,0.814,0.566,-0.499,-0.76,-0.642,-0.731,-0.536,-0.198,-0.7,0.164,-0.44,-0.455,0.607,0.789,0.234,-0.655,-0.858,-0.724,-0.681,0.444,-0.018,-0.577,-0.129,-0.119,0.686,-0.638,-0.761,-0.5,-0.887,0.106,-0.279,-0.309,0.545,-0.752,0.486,0.873,0.31,-0.769,0.609,-0.513,-0.771,-0.653,-0.066,-0.442,0.872,-0.559,0.722,-0.729,-0.847,0.425,0.228,-0.783,0.868,0.568,0.437,0.866,-0.184,-0.787,0.877,0.637,0.666,0.042,0.12,-0.558,-0.428,0.81,0.473,-0.053,-0.266,0.543,-0.638,-0.792,0.883,0.589,0.781,0.546,0.82,0.649,-0.86,-0.487,-0.685,0.789,0.877,0.674,0.6,0.768,0.787,0.827,-0.478,-0.672,0.591,0.683,0.809,0.809,-0.135,0.707,-0.784,-0.684,-0.73,-0.546,0.191,-0.588,-0.599,-0.17,0.312,0.881,-0.313,0.628,-0.665,0.464,0.565,-0.643
BECN,0.309,-0.481,0.788,-0.482,-0.203,-0.509,-0.528,0.762,0.74,0.883,-0.767,-0.666,-0.295,-0.522,0.559,-0.026,-0.562,0.0,0.579,0.491,-0.204,0.037,0.737,-0.222,-0.036,-0.466,-0.364,-0.374,-0.304,-0.091,-0.278,0.561,0.124,0.098,0.647,-0.553,-0.296,0.792,-0.721,0.555,-0.36,0.349,-0.395,0.715,-0.489,0.595,0.248,-0.055,-0.5,-0.389,0.794,-0.183,0.701,0.76,-0.421,-0.842,0.477,0.843,-0.093,0.318,0.041,-0.288,0.538,0.068,-0.234,-0.647,0.717,0.165,-0.398,0.447,-0.526,0.774,-0.385,0.031,0.587,0.223,-0.673,-0.183,-0.57,0.072,0.751,-0.646,0.371,-0.026,-0.391,-0.457,-0.801,-0.64,-0.263,-0.481,0.181,0.517,0.354,0.175,0.6,-0.415,0.867,-0.015,0.386,-0.116,-0.524,-0.657,-0.169,0.323,0.495,0.582,0.906,-0.044,0.215,0.508,-0.167,0.657,-0.358,0.543,0.793,0.716,0.585,0.227,0.495,0.307,0.184,0.846,0.147,-0.509,-0.647,0.804,-0.051,0.008,0.703,0.557,-0.219,0.438,-0.508,0.762,-0.099,0.459,0.613,0.359,0.388,0.17,-0.605,-0.191,-0.022,-0.328,0.723,0.577,-0.358,0.109,-0.204,-0.407,0.144,0.409,0.71,-0.331,-0.267,0.24,0.471,-0.075,0.585,0.328,-0.306,-0.64,-0.207,0.059,-0.222,-0.54,0.531,0.862,0.688,-0.119,-0.41,-0.822,-0.531,-0.171,-0.118,-0.272,0.565,0.666,0.077,-0.729,-0.491,-0.307,0.597,-0.099,0.384,0.752,0.787,0.751,0.415,0.177,0.427,0.118,-0.111,-0.236,0.532,-0.241,0.207,-0.259,-0.372,0.596
BFC,0.321,-0.173,0.434,-0.454,-0.216,-0.309,-0.473,0.522,0.685,0.663,-0.618,-0.472,-0.26,-0.284,0.605,-0.04,-0.43,0.579,0.0,0.158,-0.033,-0.107,0.354,-0.01,0.143,-0.424,-0.202,-0.173,-0.269,-0.266,-0.042,0.55,0.101,0.495,0.65,-0.348,-0.181,0.54,-0.432,0.619,-0.376,0.294,-0.246,0.563,0.017,0.609,0.195,0.047,-0.399,-0.28,0.759,-0.074,0.574,0.598,-0.431,-0.584,0.291,0.705,0.067,0.132,-0.005,-0.277,0.537,-0.038,-0.134,-0.312,0.639,-0.055,-0.282,0.448,-0.25,0.603,-0.181,0.327,0.488,-0.11,-0.506,-0.136,-0.412,-0.051,0.537,-0.528,0.389,0.108,-0.492,-0.425,-0.477,-0.595,-0.434,-0.34,0.343,0.538,0.378,0.36,0.568,-0.136,0.734,0.318,0.408,0.186,-0.275,-0.47,-0.278,0.426,0.459,0.54,0.704,-0.227,0.173,0.222,0.177,0.15,-0.18,0.525,0.648,0.729,0.485,0.038,0.511,0.325,0.099,0.657,-0.071,-0.554,-0.093,0.799,-0.178,0.237,0.716,0.613,0.13,0.587,-0.319,0.635,0.028,0.633,0.49,0.288,0.342,0.235,-0.57,-0.329,-0.39,-0.295,0.54,0.517,-0.361,0.204,-0.4,-0.133,-0.014,0.675,0.596,-0.267,-0.244,0.2,0.397,-0.189,0.497,0.469,-0.381,-0.416,-0.24,0.178,-0.309,-0.325,0.482,0.593,0.446,-0.21,-0.229,-0.504,-0.45,0.022,-0.22,-0.331,0.718,0.5,-0.158,-0.557,-0.453,-0.174,0.287,-0.092,0.503,0.605,0.676,0.673,-0.061,0.207,0.204,0.393,0.063,-0.164,0.618,-0.102,0.319,-0.321,-0.242,0.562
BGC,-0.459,-0.468,0.553,0.278,0.604,0.107,0.308,0.403,0.061,0.318,-0.115,-0.187,0.059,-0.297,-0.215,0.034,0.314,0.491,0.158,0.0,0.38,0.781,0.653,0.448,0.631,0.106,0.431,0.387,-0.277,0.709,0.259,0.365,-0.047,0.222,0.006,-0.058,0.587,0.452,-0.382,0.0,0.477,0.656,-0.199,-0.123,-0.378,-0.191,0.692,0.354,0.053,0.486,0.229,0.65,-0.013,0.008,0.39,-0.333,-0.273,0.191,0.642,-0.208,0.712,0.403,-0.012,0.841,0.601,-0.027,0.027,0.279,0.038,-0.234,0.242,0.146,0.226,-0.588,-0.086,0.596,0.021,0.663,0.076,0.498,0.503,0.048,-0.196,-0.735,0.511,0.428,-0.416,-0.065,0.506,-0.005,-0.478,-0.24,-0.225,-0.645,0.174,-0.816,0.299,0.063,-0.168,-0.703,-0.014,0.013,-0.148,-0.394,-0.368,-0.15,0.345,0.313,0.042,-0.086,-0.179,0.595,0.208,-0.018,0.196,0.303,-0.288,0.301,0.211,0.056,0.795,0.182,0.674,0.283,-0.578,0.056,0.663,-0.688,-0.017,-0.115,-0.551,-0.159,0.167,0.328,0.701,-0.331,-0.225,0.789,0.453,-0.678,0.15,0.326,0.412,0.536,0.584,-0.194,0.485,0.755,0.48,-0.433,0.174,-0.264,0.297,0.484,0.252,0.106,0.219,0.48,-0.133,-0.547,0.579,-0.161,0.606,0.493,0.602,0.008,-0.334,0.484,0.044,0.709,0.433,-0.337,0.06,0.583,0.659,0.521,0.095,-0.04,0.575,-0.261,0.288,0.461,0.664,0.61,-0.467,0.104,0.125,0.343,0.608,-0.52,-0.197,-0.311,0.101,0.603,0.242,0.264,-0.516,0.084,0.028,-0.077
BHF,-0.681,0.341,-0.027,0.491,0.639,0.442,0.529,-0.388,-0.493,-0.329,0.367,0.622,0.658,0.406,-0.693,0.596,0.631,-0.204,-0.033,0.38,0.0,0.601,0.112,0.515,0.776,0.583,0.704,0.823,0.169,0.668,0.801,-0.191,0.433,0.425,-0.466,0.466,0.777,-0.415,0.478,-0.132,0.697,0.285,0.366,-0.594,0.408,-0.707,0.59,0.327,0.628,0.823,-0.208,0.728,-0.617,-0.569,0.437,0.44,-0.395,-0.433,0.72,-0.269,0.79,0.863,-0.552,0.625,0.652,0.697,-0.622,-0.26,0.156,-0.465,0.563,-0.581,0.75,-0.139,-0.626,0.167,0.762,0.775,0.753,0.304,-0.267,0.567,-0.068,-0.617,0.666,0.687,0.25,0.444,0.388,0.599,-0.363,-0.522,-0.497,-0.387,-0.419,-0.125,-0.321,0.367,-0.566,-0.085,0.803,0.39,0.149,-0.712,-0.412,-0.705,-0.316,0.122,0.21,-0.259,0.048,0.031,0.855,-0.128,-0.447,-0.066,-0.586,-0.231,-0.325,0.375,0.402,-0.516,0.158,0.628,0.282,-0.335,0.706,-0.293,-0.379,-0.53,-0.342,-0.206,0.591,-0.367,0.675,-0.451,-0.529,0.652,0.305,-0.557,0.547,0.077,0.558,0.667,-0.219,-0.632,0.793,0.73,0.637,0.21,0.175,-0.374,-0.377,0.66,0.669,-0.346,0.224,0.722,-0.518,-0.505,0.694,0.642,0.465,0.775,0.761,0.7,-0.59,-0.26,-0.705,0.665,0.752,0.372,0.738,0.76,0.514,0.72,-0.066,-0.583,0.392,0.338,0.782,0.613,0.329,0.424,-0.52,-0.613,-0.398,-0.279,0.04,-0.309,-0.186,0.056,-0.218,0.708,0.222,0.832,-0.278,0.085,0.633,-0.637
BHFAL,-0.774,-0.244,0.106,0.505,0.73,0.246,0.584,-0.017,-0.278,-0.149,0.202,0.092,0.146,-0.113,-0.534,-0.026,0.648,0.037,-0.107,0.781,0.601,0.0,0.41,0.549,0.8,0.227,0.701,0.685,-0.299,0.916,0.569,0.147,-0.034,0.23,-0.363,0.252,0.828,0.101,-0.066,-0.149,0.76,0.527,-0.076,-0.551,-0.253,-0.538,0.61,0.629,0.251,0.778,-0.121,0.902,-0.368,-0.403,0.664,0.099,-0.662,-0.208,0.787,-0.611,0.815,0.649,-0.295,0.919,0.732,0.418,-0.398,0.28,0.093,-0.428,0.615,-0.205,0.374,-0.597,-0.381,0.623,0.379,0.9,0.368,0.727,0.158,0.344,-0.235,-0.872,0.793,0.772,-0.171,0.127,0.656,0.117,-0.574,-0.486,-0.464,-0.828,-0.108,-0.718,-0.111,-0.061,-0.357,-0.768,0.291,0.278,-0.222,-0.704,-0.711,-0.459,-0.082,0.205,-0.248,-0.528,-0.177,0.238,0.389,-0.187,-0.292,-0.136,-0.712,0.042,-0.115,-0.056,0.761,-0.268,0.583,0.639,-0.317,-0.343,0.764,-0.783,-0.453,-0.496,-0.509,-0.5,0.457,-0.095,0.867,-0.603,-0.69,0.735,0.304,-0.785,0.57,0.367,0.436,0.827,0.273,-0.604,0.778,0.875,0.552,-0.257,-0.171,-0.487,-0.046,0.714,0.39,-0.128,0.064,0.592,-0.536,-0.804,0.843,0.133,0.855,0.626,0.81,0.365,-0.742,0.159,-0.317,0.897,0.72,0.03,0.293,0.741,0.896,0.81,-0.362,-0.509,0.501,0.054,0.588,0.777,0.419,0.744,-0.755,-0.265,-0.351,0.042,0.337,-0.658,-0.479,-0.343,0.194,0.856,0.192,0.476,-0.791,0.017,0.354,-0.403
BKNG,-0.079,-0.425,0.721,-0.022,0.132,-0.336,-0.144,0.493,0.477,0.683,-0.522,-0.465,-0.137,-0.376,0.217,-0.034,-0.105,0.737,0.354,0.653,0.112,0.41,0.0,0.166,0.217,-0.187,-0.056,0.024,-0.356,0.327,0.046,0.558,0.14,0.117,0.272,-0.179,0.08,0.676,-0.5,0.357,0.045,0.531,-0.241,0.361,-0.435,0.196,0.526,0.328,-0.215,0.047,0.604,0.219,0.413,0.377,0.007,-0.504,0.165,0.541,0.234,0.104,0.327,0.064,0.277,0.367,0.133,-0.219,0.421,0.278,-0.206,0.238,-0.159,0.514,-0.186,-0.208,0.32,0.445,-0.352,0.222,-0.246,0.478,0.683,-0.256,0.281,-0.407,0.053,-0.055,-0.652,-0.338,0.136,-0.279,0.04,0.206,0.011,-0.186,0.39,-0.588,0.57,0.078,0.236,-0.426,-0.298,-0.422,-0.1,-0.04,0.151,0.278,0.633,0.11,0.15,0.308,-0.368,0.665,-0.093,0.332,0.432,0.45,0.151,0.254,0.342,0.238,0.485,0.505,0.365,-0.013,-0.618,0.49,0.267,-0.165,0.398,0.152,-0.252,0.192,-0.118,0.487,0.203,0.086,0.215,0.633,0.581,-0.199,-0.117,0.043,0.207,0.143,0.689,0.166,0.13,0.432,0.097,-0.532,0.172,0.151,0.445,-0.037,-0.051,0.064,0.489,0.17,0.338,-0.036,0.11,-0.421,0.195,0.395,0.223,-0.26,0.121,0.683,0.376,0.345,-0.055,-0.613,-0.335,0.108,0.336,0.259,0.264,0.37,0.327,-0.403,-0.112,0.029,0.583,0.212,0.02,0.476,0.456,0.504,0.415,-0.032,0.286,-0.003,0.089,0.203,0.498,0.15,-0.176,-0.183,0.039,0.286
BL,-0.431,-0.046,0.142,0.724,0.795,0.731,0.795,-0.011,-0.25,-0.103,0.369,0.196,0.115,-0.041,-0.455,0.036,0.779,-0.222,-0.01,0.448,0.515,0.549,0.166,0.0,0.575,0.392,0.736,0.556,0.108,0.539,0.426,0.357,-0.314,0.543,-0.225,0.63,0.785,-0.041,0.224,-0.5,0.563,0.609,0.377,-0.564,0.364,-0.419,0.65,0.564,0.567,0.708,-0.025,0.777,-0.398,-0.468,0.558,0.359,-0.666,-0.207,0.864,-0.356,0.513,0.453,-0.021,0.667,0.897,0.571,-0.246,0.107,0.602,-0.477,0.738,-0.31,0.62,-0.553,-0.349,0.386,0.381,0.731,0.447,0.354,0.162,0.619,-0.495,-0.533,0.537,0.654,0.369,0.484,0.65,0.421,-0.346,-0.511,-0.395,-0.61,-0.184,-0.402,-0.309,0.357,-0.127,-0.489,0.279,0.599,0.275,-0.249,-0.653,-0.371,-0.246,0.634,0.21,-0.324,-0.152,0.13,0.572,-0.594,-0.311,-0.03,-0.6,0.465,0.281,-0.342,0.755,-0.307,0.714,0.5,0.266,-0.332,0.498,-0.439,-0.334,-0.147,0.072,-0.035,0.714,-0.035,0.721,-0.323,-0.509,0.573,0.482,-0.787,0.497,0.69,0.191,0.714,0.267,-0.39,0.628,0.692,0.397,-0.132,0.292,-0.103,-0.001,0.703,0.167,0.356,-0.183,0.441,-0.178,-0.537,0.648,0.269,0.712,0.574,0.678,0.317,-0.573,-0.139,-0.354,0.671,0.791,0.363,0.284,0.819,0.657,0.591,-0.055,-0.225,0.706,0.429,0.477,0.732,-0.059,0.786,-0.541,-0.251,-0.254,-0.103,0.244,-0.606,-0.518,0.064,0.536,0.812,-0.155,0.583,-0.469,0.528,0.255,-0.201
BOKF,-0.714,-0.035,0.083,0.343,0.734,0.353,0.513,-0.068,-0.28,-0.215,0.227,0.285,0.284,0.072,-0.503,0.255,0.587,-0.036,0.143,0.631,0.776,0.8,0.217,0.575,0.0,0.348,0.74,0.763,-0.133,0.723,0.659,0.01,0.146,0.538,-0.28,0.243,0.831,-0.072,0.097,-0.006,0.673,0.47,-0.075,-0.526,0.073,-0.491,0.597,0.416,0.346,0.798,-0.089,0.87,-0.439,-0.374,0.435,0.119,-0.595,-0.202,0.834,-0.492,0.852,0.689,-0.375,0.867,0.719,0.491,-0.424,-0.05,0.007,-0.433,0.578,-0.318,0.601,-0.378,-0.478,0.345,0.497,0.876,0.514,0.429,0.049,0.31,-0.178,-0.781,0.657,0.699,-0.04,0.107,0.49,0.367,-0.559,-0.434,-0.4,-0.633,-0.208,-0.517,-0.062,0.202,-0.465,-0.429,0.528,0.306,-0.232,-0.64,-0.538,-0.524,-0.059,0.124,-0.123,-0.479,0.209,0.107,0.601,-0.069,-0.199,0.119,-0.63,-0.109,-0.125,0.194,0.644,-0.259,0.403,0.49,-0.006,-0.23,0.81,-0.612,-0.294,-0.371,-0.501,-0.348,0.468,-0.083,0.899,-0.456,-0.589,0.731,0.293,-0.711,0.381,0.166,0.361,0.747,0.135,-0.57,0.728,0.893,0.46,-0.03,-0.099,-0.379,-0.075,0.74,0.522,-0.229,0.162,0.595,-0.499,-0.637,0.701,0.325,0.682,0.709,0.727,0.495,-0.656,0.091,-0.447,0.757,0.774,0.064,0.48,0.861,0.648,0.68,-0.017,-0.515,0.318,-0.007,0.64,0.729,0.488,0.596,-0.563,-0.357,-0.237,0.093,0.205,-0.571,-0.373,-0.195,0.028,0.785,0.31,0.606,-0.519,0.048,0.368,-0.463
BRKR,-0.579,0.414,-0.198,0.601,0.536,0.562,0.548,-0.595,-0.766,-0.553,0.617,0.779,0.744,0.62,-0.751,0.563,0.595,-0.466,-0.424,0.106,0.583,0.227,-0.187,0.392,0.348,0.0,0.533,0.668,0.452,0.425,0.49,-0.558,0.302,0.019,-0.728,0.366,0.536,-0.58,0.667,-0.404,0.643,0.074,0.355,-0.621,0.502,-0.771,0.269,-0.144,0.723,0.612,-0.591,0.38,-0.753,-0.711,0.437,0.629,-0.299,-0.732,0.322,0.148,0.456,0.608,-0.758,0.308,0.511,0.59,-0.691,-0.325,0.372,-0.57,0.352,-0.785,0.666,-0.136,-0.733,-0.073,0.828,0.471,0.804,-0.161,-0.478,0.725,-0.318,-0.412,0.658,0.579,0.546,0.773,0.578,0.725,-0.462,-0.636,-0.563,-0.351,-0.63,0.161,-0.616,0.429,-0.685,0.012,0.712,0.558,0.426,-0.585,-0.376,-0.766,-0.609,0.207,0.332,-0.117,0.171,0.024,0.711,-0.355,-0.517,-0.247,-0.576,-0.166,-0.491,0.209,0.087,-0.714,0.086,0.561,0.395,-0.621,0.633,-0.187,-0.447,-0.585,-0.277,-0.343,0.584,-0.575,0.334,-0.66,-0.463,0.264,0.146,-0.463,0.485,0.135,0.705,0.564,-0.535,-0.642,0.601,0.248,0.741,0.211,0.474,-0.613,-0.704,0.508,0.739,-0.271,0.065,0.551,-0.54,-0.446,0.499,0.762,0.226,0.341,0.604,0.651,-0.522,-0.671,-0.798,0.381,0.523,0.575,0.825,0.467,0.263,0.444,-0.101,-0.526,0.334,0.609,0.822,0.347,0.152,0.196,-0.49,-0.817,-0.481,-0.62,0.211,-0.172,-0.015,-0.272,-0.153,0.407,-0.388,0.613,-0.295,0.388,0.381,-0.803
CACC,-0.732,0.151,-0.226,0.704,0.817,0.67,0.812,-0.286,-0.567,-0.45,0.527,0.469,0.315,0.134,-0.721,0.204,0.859,-0.364,-0.202,0.431,0.704,0.701,-0.056,0.736,0.74,0.533,0.0,0.82,0.118,0.747,0.72,-0.073,-0.033,0.405,-0.462,0.597,0.91,-0.318,0.35,-0.408,0.805,0.366,0.285,-0.842,0.252,-0.701,0.505,0.496,0.61,0.87,-0.341,0.879,-0.678,-0.686,0.702,0.501,-0.755,-0.479,0.826,-0.542,0.722,0.718,-0.433,0.757,0.854,0.716,-0.627,0.021,0.431,-0.669,0.848,-0.57,0.724,-0.51,-0.642,0.388,0.676,0.88,0.674,0.397,-0.164,0.646,-0.433,-0.663,0.781,0.926,0.396,0.512,0.728,0.488,-0.615,-0.687,-0.503,-0.7,-0.408,-0.329,-0.493,0.217,-0.45,-0.435,0.617,0.717,0.09,-0.61,-0.827,-0.674,-0.484,0.277,-0.066,-0.624,0.008,-0.13,0.652,-0.491,-0.572,-0.316,-0.838,0.028,-0.196,-0.187,0.561,-0.581,0.47,0.67,0.288,-0.573,0.686,-0.572,-0.628,-0.5,-0.166,-0.366,0.728,-0.366,0.828,-0.637,-0.788,0.532,0.267,-0.774,0.664,0.45,0.392,0.875,-0.077,-0.736,0.795,0.745,0.557,0.074,-0.003,-0.481,-0.258,0.826,0.484,0.006,-0.098,0.597,-0.606,-0.758,0.809,0.505,0.778,0.68,0.745,0.624,-0.829,-0.29,-0.613,0.736,0.887,0.531,0.598,0.876,0.767,0.717,-0.287,-0.648,0.513,0.438,0.757,0.955,0.048,0.719,-0.739,-0.578,-0.539,-0.337,0.237,-0.647,-0.62,-0.115,0.29,0.875,-0.104,0.634,-0.589,0.35,0.394,-0.565
CAR,-0.781,0.358,-0.286,0.643,0.7,0.425,0.598,-0.433,-0.645,-0.488,0.578,0.586,0.54,0.386,-0.718,0.302,0.786,-0.374,-0.173,0.387,0.823,0.685,0.024,0.556,0.763,0.668,0.82,0.0,0.125,0.806,0.852,-0.288,0.363,0.192,-0.609,0.459,0.833,-0.392,0.445,-0.133,0.904,0.155,0.276,-0.759,0.25,-0.8,0.477,0.423,0.547,0.862,-0.438,0.794,-0.694,-0.663,0.725,0.535,-0.599,-0.567,0.689,-0.383,0.811,0.818,-0.668,0.679,0.714,0.766,-0.696,-0.047,0.27,-0.499,0.717,-0.633,0.618,-0.225,-0.692,0.234,0.793,0.836,0.71,0.436,-0.351,0.599,-0.082,-0.648,0.842,0.862,0.291,0.527,0.634,0.549,-0.443,-0.542,-0.497,-0.584,-0.47,-0.205,-0.43,0.291,-0.622,-0.272,0.76,0.563,0.087,-0.798,-0.615,-0.721,-0.479,0.02,-0.008,-0.562,0.074,-0.134,0.744,-0.158,-0.619,-0.242,-0.768,-0.317,-0.479,0.227,0.405,-0.68,0.142,0.756,0.265,-0.568,0.793,-0.412,-0.597,-0.719,-0.32,-0.444,0.713,-0.537,0.719,-0.706,-0.743,0.581,0.362,-0.618,0.707,0.065,0.551,0.803,-0.239,-0.816,0.866,0.739,0.716,0.24,0.029,-0.598,-0.44,0.731,0.715,-0.357,0.215,0.684,-0.762,-0.672,0.815,0.605,0.636,0.744,0.796,0.779,-0.778,-0.328,-0.712,0.724,0.746,0.525,0.685,0.723,0.701,0.795,-0.264,-0.734,0.35,0.41,0.868,0.735,0.217,0.456,-0.609,-0.7,-0.58,-0.457,0.183,-0.329,-0.321,-0.243,-0.003,0.756,0.074,0.694,-0.606,0.112,0.632,-0.756
CDNA,0.109,0.463,-0.198,0.296,0.121,0.397,0.193,-0.27,-0.4,-0.261,0.399,0.507,0.423,0.419,-0.227,0.462,0.215,-0.304,-0.269,-0.277,0.169,-0.299,-0.356,0.108,-0.133,0.452,0.118,0.125,0.0,-0.072,0.078,-0.307,0.148,-0.021,-0.238,0.31,0.051,-0.451,0.52,-0.327,0.142,-0.243,0.431,-0.206,0.508,-0.292,-0.019,-0.256,0.521,0.087,-0.299,-0.105,-0.403,-0.27,0.055,0.442,0.076,-0.339,-0.026,0.317,-0.063,0.178,-0.282,-0.184,0.082,0.246,-0.284,-0.429,0.332,-0.102,0.086,-0.475,0.337,0.109,-0.237,-0.224,0.368,-0.045,0.374,-0.31,-0.378,0.392,-0.068,0.233,0.08,0.093,0.551,0.547,0.098,0.471,0.054,-0.171,-0.192,0.143,-0.327,0.461,-0.414,0.205,-0.186,0.371,0.381,0.379,0.525,-0.025,0.029,-0.232,-0.422,0.187,0.41,0.171,0.139,-0.098,0.395,-0.238,-0.305,-0.143,-0.031,-0.031,-0.217,0.028,-0.24,-0.365,-0.155,0.169,0.478,-0.273,0.005,0.244,-0.163,-0.142,0.238,0.112,0.357,-0.386,-0.132,-0.12,0.023,-0.126,0.057,0.066,0.163,0.039,0.28,0.015,-0.428,-0.113,0.092,-0.175,0.261,0.35,0.46,-0.135,-0.252,0.044,0.245,-0.019,-0.079,0.111,-0.077,0.065,0.043,0.533,-0.162,0.04,0.082,0.363,-0.01,-0.452,-0.292,-0.108,0.07,0.492,0.368,0.013,-0.173,-0.006,0.068,-0.086,0.209,0.446,0.24,-0.05,-0.219,-0.15,0.035,-0.391,-0.2,-0.483,0.127,0.179,0.124,0.115,-0.12,-0.045,-0.326,0.242,0.222,0.416,0.202,-0.3
CG,-0.808,-0.004,-0.013,0.675,0.754,0.306,0.633,-0.162,-0.5,-0.262,0.419,0.289,0.366,0.093,-0.659,0.106,0.761,-0.091,-0.266,0.709,0.668,0.916,0.327,0.539,0.723,0.425,0.747,0.806,-0.072,0.0,0.68,-0.046,0.136,0.042,-0.515,0.383,0.854,-0.072,0.117,-0.219,0.906,0.34,0.116,-0.651,-0.16,-0.721,0.611,0.565,0.405,0.843,-0.297,0.864,-0.52,-0.527,0.789,0.308,-0.599,-0.38,0.728,-0.455,0.842,0.768,-0.49,0.854,0.755,0.531,-0.551,0.252,0.219,-0.494,0.641,-0.392,0.436,-0.545,-0.503,0.557,0.555,0.891,0.496,0.696,-0.046,0.496,-0.162,-0.801,0.913,0.856,0.004,0.366,0.757,0.299,-0.517,-0.55,-0.542,-0.814,-0.298,-0.531,-0.29,0.008,-0.465,-0.644,0.453,0.422,0.001,-0.812,-0.706,-0.588,-0.288,0.213,-0.111,-0.488,-0.245,0.194,0.515,-0.225,-0.495,-0.264,-0.744,-0.034,-0.326,0.006,0.676,-0.471,0.466,0.796,-0.199,-0.501,0.813,-0.682,-0.574,-0.687,-0.461,-0.524,0.6,-0.352,0.799,-0.758,-0.72,0.688,0.383,-0.74,0.723,0.318,0.617,0.856,0.079,-0.717,0.89,0.819,0.765,-0.1,0.008,-0.654,-0.227,0.725,0.537,-0.239,0.133,0.686,-0.646,-0.833,0.943,0.305,0.809,0.682,0.88,0.509,-0.782,-0.035,-0.444,0.918,0.71,0.24,0.454,0.693,0.894,0.908,-0.42,-0.588,0.576,0.263,0.735,0.742,0.341,0.636,-0.748,-0.466,-0.499,-0.247,0.43,-0.522,-0.381,-0.384,0.094,0.842,0.079,0.547,-0.782,0.122,0.535,-0.593
