,ACET,ADAP,ADI,ADPT,ADTN,AGEN,ALGN,ALLK,AMD,AMWD,ARDX,ARQT,ASTE,AUPH,AVXL,AZTA,BAND,BECN,BFC,BGC,BHF,BHFAL,BKNG,BL,BOKF,BRKR,CACC,CAR,CDNA,CG,CGBD,CHI,CHTR,CHX,CLNE,CME,CNOB,CNXN,CPRX,CSGP,CSGS,CSIQ,CVCO,CVLT,CYRX,DDOG,DOOO,DSGX,DTIL,ECPG,EEFT,EFSC,ENTG,ESPR,ETSY,EXC,FAMI,FFIV,FITB,FIZZ,FMBH,FOX,FTNT,FULT,GABC,GEN,GH,GMAB,GNPX,GO,GOGL,GOOG,GPRO,GSHD,GSM,GWAV,HAIN,HBAN,HEPA,HURN,HWKN,IBIO,ICFI,IGMS,IMKTA,INCY,INO,IRDM,IRTC,IRWD,ITCI,JACK,JD,JJSF,KALA,KHC,KLAC,KRRO,KRYS,LANC,LBTYA,LIVN,LKCO,LNTH,LOGI,LPRO,LRCX,LSCC,LSTR,MAR,MARA,MCHP,MEOH,META,MGTX,MKSI,MMYT,MORN,MRUS,MTLS,MTSI,MVIS,MXL,NBIX,NFE,NMIH,NMRK,NNDM,NSIT,NTCT,NVAX,OCUL,ODP,OLED,ONB,OTEX,PACB,PATK,PAYX,PEP,PERI,PI,PLYA,PRDO,PRGS,PTGX,QCOM,QCRH,QDEL,QFIN,RGEN,RILY,RPAY,RPD,SABR,SEDG,SHEN,SIRI,SLNO,SNDL,SNEX,SONO,SPT,SSNC,STGW,STKL,STRL,STX,SWTX,SYNA,TFSL,TIGR,TNXP,TOWN,TRI,TRIP,TRMB,TRNS,TRS,TSCO,TSEM,TVTX,TXRH,VC,VCEL,VECO,VIAV,VICR,VIR,VRTX,VSTM,VTRS,WDFC,WSBC,WSC,WYNN,XENE,XNCR,XRAY,ZS
ACET,0.0,0.024,0.131,0.259,-0.419,0.181,0.447,0.291,0.522,0.199,0.513,0.619,0.381,0.265,0.315,-0.653,0.152,0.534,-0.382,0.317,0.428,0.319,0.383,0.027,-0.402,0.638,0.366,0.463,0.49,0.357,0.214,0.537,0.376,0.283,0.339,-0.089,-0.338,0.453,-0.372,0.194,0.435,0.159,0.456,-0.314,0.467,0.611,0.301,0.377,0.016,0.358,0.503,0.282,0.254,-0.071,0.386,-0.676,0.486,0.297,0.309,-0.19,0.145,0.347,0.499,-0.395,0.14,0.558,0.437,-0.46,0.044,0.226,0.281,0.598,0.451,0.442,0.258,0.653,0.179,0.244,0.41,-0.071,0.59,0.349,-0.026,0.452,-0.178,0.652,0.31,0.104,0.242,-0.015,-0.078,0.055,-0.176,-0.132,-0.109,-0.537,0.217,0.603,0.82,-0.43,0.201,0.2,0.183,0.739,-0.596,0.415,0.391,0.417,-0.178,0.553,0.511,0.214,0.275,0.463,0.636,0.267,0.532,0.258,-0.08,0.593,0.262,0.194,0.513,-0.105,-0.313,0.695,0.349,0.289,0.294,0.25,-0.008,0.228,0.39,0.352,-0.445,0.506,0.401,0.247,0.002,-0.52,0.388,0.334,0.651,0.095,0.06,0.387,0.513,0.357,0.178,-0.035,0.52,0.47,0.516,0.522,0.322,0.376,0.515,-0.112,0.297,0.508,-0.489,0.21,0.641,0.523,0.192,-0.74,0.36,0.477,0.442,0.499,0.381,-0.061,0.29,-0.183,0.408,0.414,0.51,0.092,0.293,-0.093,-0.607,0.706,-0.01,0.138,0.459,0.125,0.19,0.585,0.542,0.654,0.438,-0.16,0.513,-0.445,0.558,0.233,0.066,0.585,0.474,0.718
ADAP,0.024,0.0,0.446,0.452,0.318,0.296,0.416,-0.393,0.245,0.466,0.474,0.169,-0.304,0.669,0.656,0.412,-0.12,0.109,-0.239,0.522,0.58,0.005,0.479,0.459,-0.111,0.148,-0.595,0.305,0.188,0.387,0.649,0.202,0.504,0.372,0.326,0.543,0.356,0.114,0.108,0.092,0.741,0.424,0.365,0.088,0.368,-0.515,0.53,0.13,0.78,0.475,0.263,0.283,0.4,0.442,0.156,0.068,0.325,0.226,0.528,-0.534,0.008,0.522,0.131,0.064,0.088,0.274,0.246,-0.065,0.43,-0.124,-0.255,0.112,0.446,-0.239,0.433,-0.029,0.53,0.591,0.344,-0.487,-0.49,0.444,0.231,0.235,-0.073,0.142,0.403,0.602,-0.052,-0.19,-0.163,0.347,0.836,0.083,0.266,0.417,0.444,0.268,0.288,-0.085,0.708,0.549,0.38,-0.011,0.146,0.349,0.43,0.356,0.477,0.288,0.286,0.498,0.421,0.514,0.479,0.593,-0.016,0.344,0.312,0.065,0.477,0.608,0.262,-0.124,0.035,-0.107,0.463,0.554,0.448,-0.052,0.665,0.506,0.601,0.3,0.046,0.347,0.26,0.467,0.324,-0.209,0.597,0.208,0.175,0.5,0.596,0.466,0.328,-0.115,0.551,0.875,-0.151,0.362,0.315,0.046,0.689,0.157,0.31,0.585,0.342,0.416,-0.175,0.564,0.007,0.355,0.518,0.342,0.054,0.316,0.647,0.333,0.135,-0.438,0.43,-0.222,0.55,0.443,0.341,0.421,0.342,-0.108,0.379,-0.118,0.29,0.626,0.064,0.474,0.635,0.263,0.287,0.125,0.438,0.897,0.212,0.069,0.053,0.603,-0.253,0.328,0.305,-0.139
ADI,0.131,0.446,0.0,0.74,0.372,0.46,0.733,-0.373,0.78,0.725,0.676,0.034,-0.259,0.742,0.777,0.23,0.209,0.616,-0.438,0.802,0.773,-0.364,0.684,0.812,0.057,0.208,-0.169,0.635,0.686,0.78,0.819,0.598,0.706,0.716,0.817,0.753,0.48,0.349,-0.072,0.728,0.357,0.786,0.722,-0.429,0.627,0.195,0.78,0.739,0.449,0.693,0.679,0.587,0.799,0.723,0.708,-0.059,0.637,0.783,0.775,-0.391,0.371,0.789,0.492,-0.091,0.525,0.684,0.668,-0.494,-0.155,0.593,0.379,0.525,0.748,0.422,0.731,0.396,0.808,0.792,0.651,-0.223,0.074,0.662,0.556,0.575,0.309,0.303,0.681,0.769,0.568,-0.655,-0.572,0.829,0.456,0.058,-0.264,0.243,0.862,0.538,0.081,-0.418,0.732,0.575,0.569,0.314,-0.196,0.687,0.804,0.773,0.849,0.648,0.655,0.92,0.727,0.723,0.566,0.811,0.247,0.753,-0.077,0.572,0.749,0.787,0.734,-0.692,0.239,0.341,0.7,0.645,0.748,0.135,0.642,0.655,0.73,0.725,0.084,0.682,0.627,0.83,0.705,-0.402,0.757,0.611,0.574,0.734,0.719,0.711,0.714,0.384,0.087,0.622,0.493,0.741,0.724,0.566,0.572,0.651,0.605,0.692,0.558,0.654,-0.506,0.768,0.517,0.699,0.794,0.093,0.465,0.678,0.616,0.723,0.61,-0.083,0.667,0.089,0.675,0.669,0.717,0.75,0.669,0.023,0.24,0.199,0.734,0.708,0.567,0.791,0.835,0.603,0.601,0.429,0.715,0.53,0.621,-0.045,0.645,0.719,-0.479,0.581,0.591,0.25
ADPT,0.259,0.452,0.74,0.0,0.359,0.838,0.868,-0.147,0.789,0.902,0.846,0.069,-0.438,0.917,0.861,0.064,-0.312,0.68,-0.658,0.815,0.689,-0.495,0.864,0.66,-0.332,0.184,-0.522,0.93,0.837,0.883,0.861,0.783,0.873,0.909,0.884,0.851,0.386,0.685,0.233,0.678,0.366,0.917,0.919,-0.728,0.857,0.086,0.853,0.726,0.656,0.844,0.79,0.302,0.932,0.851,0.817,-0.272,0.704,0.655,0.591,-0.684,0.196,0.73,0.303,-0.493,0.513,0.807,0.864,-0.724,-0.094,0.593,0.607,0.593,0.846,0.637,0.937,0.448,0.912,0.491,0.927,-0.357,0.259,0.886,0.328,0.913,0.152,0.485,0.933,0.911,0.771,-0.788,-0.821,0.9,0.366,-0.008,-0.346,0.113,0.911,0.784,0.267,-0.66,0.839,0.815,0.604,0.616,-0.585,0.859,0.881,0.88,0.703,0.748,0.845,0.842,0.911,0.82,0.598,0.868,0.527,0.948,-0.117,0.704,0.573,0.713,0.773,-0.808,-0.139,0.519,0.926,0.472,0.941,-0.235,0.857,0.923,0.91,0.898,0.111,0.858,0.912,0.774,0.651,-0.689,0.782,0.847,0.753,0.623,0.775,0.768,0.732,0.179,0.013,0.601,0.699,0.855,0.829,0.43,0.727,0.846,0.814,0.592,0.716,0.895,-0.503,0.906,0.651,0.819,0.876,-0.093,0.083,0.676,0.803,0.819,0.814,-0.11,0.905,-0.106,0.827,0.849,0.849,0.927,0.935,-0.353,0.271,0.308,0.899,0.826,0.835,0.928,0.929,0.677,0.534,0.686,0.888,0.503,0.834,-0.33,0.605,0.902,-0.756,0.658,0.896,0.222
ADTN,-0.419,0.318,0.372,0.359,0.0,0.487,-0.049,0.115,-0.1,0.309,0.056,-0.671,-0.543,0.255,0.294,0.793,-0.113,-0.085,0.331,0.086,0.116,-0.297,-0.026,0.556,0.422,-0.597,-0.493,0.072,-0.099,0.035,0.356,-0.195,0.014,0.212,0.262,0.475,0.698,0.1,0.728,0.503,0.056,0.256,0.068,-0.101,-0.082,-0.348,0.151,0.069,0.604,-0.019,-0.158,-0.048,0.172,0.439,-0.046,0.711,-0.273,0.351,-0.041,0.022,0.458,-0.017,-0.364,0.412,0.465,-0.09,-0.042,0.208,0.18,0.267,-0.029,-0.37,-0.032,-0.052,0.199,-0.48,0.249,0.109,0.227,0.268,-0.426,0.187,0.647,0.139,0.558,-0.499,0.432,0.377,0.255,-0.128,-0.141,0.404,0.396,0.504,0.228,0.814,0.233,-0.124,-0.289,0.259,0.188,0.445,-0.083,-0.32,0.112,-0.038,0.054,-0.012,0.371,-0.228,-0.086,0.215,0.153,-0.045,0.093,0.125,-0.413,0.244,0.462,-0.249,0.068,0.454,-0.156,-0.166,0.477,-0.415,0.209,-0.151,0.161,-0.192,0.47,0.226,0.166,0.05,0.77,-0.047,0.048,0.087,0.54,0.296,-0.042,-0.002,-0.197,0.444,0.584,0.121,-0.217,0.029,-0.241,0.339,-0.175,-0.053,-0.07,-0.173,0.039,0.272,-0.141,0.648,0.008,0.054,0.442,0.199,-0.282,-0.108,0.292,0.686,0.006,-0.241,0.152,-0.129,0.206,-0.298,0.169,0.536,0.151,-0.075,-0.076,0.314,0.281,0.218,0.746,-0.533,0.343,0.16,0.068,0.412,0.37,-0.322,-0.402,-0.335,0.019,0.398,-0.037,0.564,-0.172,0.19,-0.263,-0.322,0.019,-0.653
AGEN,0.181,0.296,0.46,0.838,0.487,0.0,0.594,0.142,0.506,0.737,0.647,-0.116,-0.489,0.736,0.71,0.112,-0.316,0.468,-0.434,0.58,0.441,-0.447,0.623,0.567,-0.268,-0.005,-0.567,0.784,0.626,0.631,0.703,0.573,0.646,0.733,0.688,0.66,0.463,0.712,0.526,0.674,0.187,0.754,0.725,-0.772,0.631,-0.024,0.592,0.434,0.665,0.629,0.553,0.1,0.716,0.738,0.609,-0.108,0.389,0.489,0.3,-0.575,0.228,0.441,-0.1,-0.386,0.626,0.593,0.666,-0.572,0.022,0.453,0.532,0.401,0.611,0.632,0.761,0.178,0.714,0.185,0.797,-0.105,0.284,0.814,0.319,0.839,0.158,0.267,0.899,0.742,0.787,-0.59,-0.759,0.748,0.29,0.041,-0.236,0.204,0.665,0.654,0.249,-0.513,0.634,0.811,0.322,0.491,-0.636,0.666,0.617,0.616,0.487,0.497,0.65,0.536,0.716,0.589,0.394,0.586,0.41,0.797,0.035,0.519,0.145,0.525,0.492,-0.631,-0.138,0.376,0.782,0.156,0.755,-0.466,0.727,0.772,0.696,0.711,0.347,0.656,0.722,0.5,0.642,-0.552,0.498,0.664,0.562,0.527,0.703,0.554,0.432,0.125,-0.133,0.392,0.56,0.597,0.592,0.226,0.508,0.73,0.617,0.433,0.525,0.733,-0.264,0.688,0.45,0.558,0.745,-0.017,0.028,0.338,0.649,0.553,0.77,-0.152,0.795,0.125,0.641,0.611,0.597,0.78,0.848,-0.384,0.241,0.191,0.778,0.584,0.795,0.778,0.732,0.411,0.217,0.477,0.682,0.299,0.711,-0.184,0.35,0.723,-0.727,0.378,0.764,-0.038
ALGN,0.447,0.416,0.733,0.868,-0.049,0.594,0.0,-0.335,0.939,0.818,0.874,0.461,-0.184,0.894,0.824,-0.265,-0.161,0.762,-0.878,0.919,0.769,-0.342,0.972,0.505,-0.515,0.523,-0.293,0.919,0.947,0.977,0.81,0.935,0.963,0.876,0.825,0.735,0.08,0.621,-0.196,0.481,0.447,0.88,0.957,-0.619,0.966,0.253,0.895,0.796,0.407,0.96,0.953,0.468,0.936,0.716,0.885,-0.61,0.949,0.582,0.782,-0.752,-0.003,0.887,0.618,-0.649,0.32,0.936,0.932,-0.841,-0.173,0.468,0.594,0.844,0.971,0.64,0.912,0.747,0.89,0.629,0.854,-0.573,0.414,0.85,0.097,0.853,-0.126,0.777,0.752,0.823,0.64,-0.797,-0.774,0.79,0.328,-0.248,-0.436,-0.243,0.91,0.888,0.392,-0.806,0.867,0.645,0.735,0.775,-0.571,0.964,0.959,0.977,0.67,0.947,0.958,0.892,0.916,0.965,0.649,0.938,0.719,0.9,-0.35,0.87,0.697,0.627,0.946,-0.796,-0.324,0.75,0.895,0.701,0.942,-0.011,0.701,0.885,0.926,0.943,-0.3,0.966,0.931,0.866,0.444,-0.869,0.936,0.898,0.894,0.523,0.586,0.82,0.947,0.178,0.212,0.603,0.802,0.985,0.955,0.621,0.834,0.722,0.95,0.367,0.817,0.923,-0.777,0.911,0.822,0.967,0.83,-0.381,0.205,0.919,0.817,0.978,0.721,-0.004,0.887,-0.394,0.878,0.978,0.976,0.849,0.844,-0.409,-0.079,0.58,0.794,0.869,0.805,0.813,0.866,0.927,0.843,0.879,0.968,0.452,0.885,-0.595,0.785,0.919,-0.648,0.911,0.922,0.593
ALLK,0.291,-0.393,-0.373,-0.147,0.115,0.142,-0.335,0.0,-0.318,-0.327,-0.141,-0.143,0.248,-0.373,-0.224,-0.071,-0.083,-0.101,0.399,-0.437,-0.386,0.406,-0.416,-0.117,-0.06,-0.076,0.219,-0.14,-0.274,-0.398,-0.297,-0.294,-0.429,-0.365,-0.261,-0.467,-0.146,0.261,0.261,0.09,-0.146,-0.407,-0.26,-0.016,-0.245,0.365,-0.493,-0.171,-0.01,-0.411,-0.335,-0.47,-0.379,-0.354,-0.345,0.13,-0.453,0.065,-0.621,0.277,0.126,-0.573,-0.309,0.033,-0.018,-0.182,-0.199,0.25,0.39,0.045,-0.096,-0.238,-0.389,0.17,-0.38,-0.194,-0.455,-0.552,-0.16,0.495,0.188,-0.155,0.036,-0.062,0.047,-0.28,-0.02,-0.425,0.138,0.403,0.323,-0.33,-0.422,0.105,0.398,-0.099,-0.427,-0.05,0.123,0.181,-0.47,-0.006,-0.586,0.109,-0.155,-0.34,-0.401,-0.367,-0.62,-0.384,-0.293,-0.491,-0.395,-0.39,-0.019,-0.517,-0.064,-0.235,0.422,-0.159,-0.425,-0.093,-0.371,0.309,-0.102,0.009,-0.226,-0.666,-0.349,-0.103,-0.212,-0.331,-0.343,-0.322,0.215,-0.254,-0.224,-0.574,-0.089,0.177,-0.527,-0.224,-0.181,-0.365,-0.277,-0.368,-0.453,-0.09,-0.334,-0.483,0.014,-0.33,-0.299,0.041,-0.321,0.064,-0.328,-0.273,-0.157,-0.148,0.397,-0.377,0.017,-0.327,-0.389,-0.172,0.062,-0.476,-0.17,-0.377,-0.041,-0.34,-0.333,0.228,-0.205,-0.399,-0.303,-0.361,-0.19,0.171,-0.148,0.125,-0.325,-0.486,0.067,-0.351,-0.339,-0.364,-0.496,-0.184,-0.32,-0.463,-0.18,0.04,-0.29,-0.414,0.242,-0.396,-0.145,-0.02
AMD,0.522,0.245,0.78,0.789,-0.1,0.506,0.939,-0.318,0.0,0.75,0.832,0.421,-0.097,0.782,0.741,-0.348,0.052,0.802,-0.811,0.869,0.767,-0.355,0.892,0.511,-0.358,0.529,-0.034,0.866,0.96,0.944,0.739,0.937,0.885,0.843,0.863,0.641,0.103,0.567,-0.306,0.571,0.324,0.84,0.916,-0.654,0.895,0.447,0.854,0.843,0.224,0.882,0.949,0.57,0.902,0.658,0.927,-0.62,0.929,0.636,0.803,-0.565,0.155,0.873,0.684,-0.557,0.422,0.933,0.91,-0.838,-0.341,0.557,0.675,0.879,0.935,0.69,0.853,0.802,0.831,0.664,0.817,-0.406,0.533,0.782,0.174,0.819,0.0,0.756,0.703,0.742,0.655,-0.772,-0.721,0.774,0.155,-0.226,-0.544,-0.284,0.892,0.851,0.375,-0.784,0.749,0.529,0.711,0.758,-0.61,0.918,0.945,0.962,0.664,0.949,0.944,0.886,0.87,0.907,0.627,0.876,0.693,0.859,-0.416,0.915,0.708,0.568,0.978,-0.81,-0.175,0.776,0.814,0.702,0.877,0.082,0.545,0.774,0.835,0.921,-0.298,0.925,0.881,0.886,0.477,-0.798,0.886,0.855,0.912,0.554,0.532,0.794,0.963,0.398,0.102,0.428,0.831,0.955,0.954,0.68,0.682,0.735,0.912,0.32,0.693,0.863,-0.815,0.814,0.84,0.955,0.794,-0.446,0.354,0.917,0.686,0.972,0.767,0.111,0.825,-0.226,0.763,0.907,0.959,0.78,0.785,-0.304,-0.192,0.586,0.736,0.758,0.799,0.763,0.786,0.937,0.88,0.858,0.905,0.278,0.893,-0.511,0.893,0.801,-0.566,0.906,0.853,0.663
AMWD,0.199,0.466,0.725,0.902,0.309,0.737,0.818,-0.327,0.75,0.0,0.784,0.05,-0.38,0.877,0.767,0.075,-0.276,0.734,-0.63,0.765,0.704,-0.589,0.834,0.557,-0.251,0.186,-0.479,0.868,0.794,0.842,0.808,0.771,0.835,0.877,0.85,0.832,0.431,0.59,0.196,0.638,0.419,0.88,0.872,-0.693,0.809,0.001,0.855,0.643,0.599,0.799,0.756,0.382,0.89,0.768,0.806,-0.243,0.696,0.544,0.61,-0.584,0.219,0.771,0.302,-0.421,0.527,0.782,0.793,-0.72,-0.194,0.551,0.609,0.55,0.814,0.593,0.916,0.443,0.891,0.543,0.906,-0.321,0.251,0.816,0.353,0.85,0.238,0.479,0.851,0.892,0.656,-0.706,-0.817,0.843,0.389,0.091,-0.47,0.154,0.88,0.67,0.298,-0.564,0.811,0.708,0.67,0.539,-0.55,0.809,0.849,0.844,0.749,0.741,0.808,0.821,0.879,0.779,0.543,0.861,0.483,0.878,-0.21,0.649,0.586,0.627,0.743,-0.724,-0.098,0.443,0.882,0.548,0.897,-0.204,0.762,0.887,0.898,0.845,0.071,0.801,0.85,0.807,0.632,-0.593,0.794,0.795,0.693,0.696,0.754,0.738,0.744,0.261,0.062,0.584,0.615,0.795,0.77,0.283,0.643,0.817,0.799,0.61,0.622,0.843,-0.488,0.826,0.558,0.787,0.828,-0.059,0.088,0.672,0.715,0.791,0.759,0.098,0.855,-0.058,0.812,0.807,0.791,0.885,0.909,-0.319,0.296,0.205,0.862,0.793,0.709,0.892,0.855,0.664,0.548,0.679,0.835,0.503,0.807,-0.219,0.649,0.867,-0.73,0.651,0.838,0.186
ARDX,0.513,0.474,0.676,0.846,0.056,0.647,0.874,-0.141,0.832,0.784,0.0,0.364,-0.248,0.825,0.802,-0.15,-0.168,0.714,-0.692,0.755,0.746,-0.226,0.848,0.533,-0.373,0.427,-0.297,0.866,0.826,0.844,0.771,0.826,0.84,0.798,0.804,0.649,0.266,0.593,-0.085,0.549,0.463,0.799,0.864,-0.587,0.883,0.225,0.799,0.689,0.55,0.835,0.805,0.428,0.842,0.666,0.781,-0.457,0.786,0.576,0.68,-0.629,0.161,0.751,0.467,-0.502,0.435,0.866,0.841,-0.7,-0.039,0.476,0.526,0.707,0.854,0.564,0.833,0.605,0.814,0.581,0.844,-0.382,0.334,0.803,0.228,0.819,0.032,0.59,0.78,0.775,0.633,-0.632,-0.656,0.73,0.276,-0.129,-0.276,-0.072,0.817,0.852,0.425,-0.691,0.787,0.685,0.564,0.669,-0.54,0.846,0.859,0.863,0.597,0.805,0.858,0.786,0.825,0.839,0.638,0.834,0.652,0.828,-0.144,0.8,0.613,0.656,0.803,-0.663,-0.202,0.563,0.823,0.613,0.844,-0.174,0.723,0.816,0.874,0.826,-0.136,0.846,0.821,0.763,0.535,-0.718,0.835,0.801,0.784,0.512,0.581,0.695,0.805,0.28,0.216,0.536,0.663,0.864,0.829,0.521,0.768,0.745,0.81,0.432,0.662,0.909,-0.66,0.814,0.684,0.845,0.765,-0.247,0.254,0.711,0.75,0.851,0.747,-0.167,0.794,-0.205,0.816,0.855,0.872,0.75,0.792,-0.35,0.011,0.472,0.691,0.792,0.766,0.747,0.805,0.782,0.673,0.763,0.862,0.467,0.836,-0.399,0.67,0.808,-0.609,0.761,0.827,0.485
ARQT,0.619,0.169,0.034,0.069,-0.671,-0.116,0.461,-0.143,0.421,0.05,0.364,0.0,0.297,0.232,0.188,-0.675,0.022,0.257,-0.603,0.376,0.279,0.378,0.46,-0.162,-0.673,0.772,0.143,0.3,0.378,0.363,0.085,0.485,0.41,0.148,0.042,-0.046,-0.499,0.255,-0.642,-0.249,0.43,0.116,0.321,0.052,0.473,0.319,0.237,0.266,-0.114,0.447,0.483,0.104,0.211,-0.103,0.247,-0.743,0.581,0.024,0.437,-0.455,-0.349,0.359,0.582,-0.537,-0.248,0.479,0.387,-0.321,0.069,-0.245,0.081,0.674,0.43,0.158,0.186,0.6,0.174,0.246,0.137,-0.603,0.419,0.21,-0.475,0.198,-0.466,0.733,-0.066,0.078,-0.065,-0.112,-0.027,-0.088,0.05,-0.575,-0.07,-0.667,0.155,0.503,0.503,-0.49,0.327,0.109,0.249,0.58,-0.247,0.434,0.357,0.361,-0.068,0.541,0.444,0.186,0.245,0.511,0.271,0.335,0.631,0.169,-0.404,0.519,0.292,0.011,0.453,-0.047,-0.638,0.624,0.296,0.387,0.241,0.189,0.029,0.246,0.324,0.295,-0.66,0.487,0.293,0.232,-0.192,-0.619,0.457,0.342,0.48,-0.203,-0.185,0.193,0.527,0.001,0.618,0.215,0.373,0.446,0.447,0.558,0.571,-0.002,0.505,-0.311,0.401,0.406,-0.608,0.257,0.493,0.526,0.112,-0.632,0.078,0.549,0.361,0.481,0.135,-0.057,0.242,-0.64,0.42,0.498,0.477,0.079,0.109,-0.373,-0.604,0.642,-0.078,0.354,0.191,-0.009,0.135,0.639,0.643,0.576,0.381,0.156,0.344,-0.665,0.336,0.3,-0.039,0.609,0.38,0.787
ASTE,0.381,-0.304,-0.259,-0.438,-0.543,-0.489,-0.184,0.248,-0.097,-0.38,-0.248,0.297,0.0,-0.377,-0.285,-0.378,0.427,0.036,0.186,-0.192,-0.017,0.477,-0.3,-0.353,-0.044,0.549,0.605,-0.291,-0.171,-0.294,-0.261,-0.149,-0.273,-0.431,-0.335,-0.65,-0.548,-0.221,-0.541,-0.234,0.143,-0.51,-0.235,0.24,-0.245,0.397,-0.367,-0.252,-0.417,-0.303,-0.116,0.156,-0.426,-0.644,-0.238,-0.271,-0.056,-0.072,-0.117,0.327,-0.024,-0.098,0.259,0.107,-0.451,-0.094,-0.275,0.039,0.29,-0.099,-0.346,-0.012,-0.179,-0.049,-0.46,0.173,-0.436,0.006,-0.334,0.196,0.133,-0.265,-0.099,-0.344,-0.387,0.066,-0.375,-0.594,-0.263,0.416,0.364,-0.5,-0.197,0.103,0.192,-0.425,-0.443,-0.174,0.362,0.246,-0.384,-0.512,-0.052,0.101,0.045,-0.28,-0.324,-0.242,-0.519,-0.071,-0.202,-0.336,-0.481,-0.19,0.212,-0.376,-0.157,-0.486,0.127,-0.078,-0.137,-0.109,-0.107,0.398,-0.102,0.247,-0.395,0.067,-0.407,0.585,-0.61,-0.536,-0.32,-0.352,-0.553,-0.189,-0.334,-0.292,-0.509,0.121,-0.206,-0.416,-0.031,-0.176,-0.376,-0.145,-0.088,0.061,-0.112,-0.318,-0.015,-0.185,-0.144,0.222,-0.315,-0.186,-0.184,-0.368,-0.076,-0.272,-0.058,-0.421,0.148,-0.169,-0.441,-0.431,0.447,-0.034,-0.111,-0.164,-0.435,0.087,-0.454,-0.173,-0.194,-0.271,-0.22,-0.54,-0.425,0.399,-0.619,0.318,-0.509,-0.498,-0.256,-0.545,-0.451,-0.037,0.074,-0.023,-0.219,-0.455,-0.204,-0.136,0.05,-0.412,0.543,0.021,-0.255,0.377
AUPH,0.265,0.669,0.742,0.917,0.255,0.736,0.894,-0.373,0.782,0.877,0.825,0.232,-0.377,0.0,0.928,0.042,-0.206,0.613,-0.722,0.92,0.803,-0.407,0.917,0.629,-0.371,0.31,-0.556,0.875,0.81,0.902,0.93,0.783,0.945,0.886,0.82,0.844,0.336,0.593,0.108,0.539,0.548,0.914,0.91,-0.588,0.852,-0.089,0.903,0.638,0.692,0.92,0.825,0.445,0.911,0.814,0.768,-0.333,0.786,0.553,0.759,-0.786,0.104,0.859,0.361,-0.439,0.432,0.796,0.813,-0.703,0.002,0.384,0.425,0.639,0.915,0.469,0.93,0.465,0.946,0.654,0.857,-0.519,0.131,0.904,0.266,0.825,-0.037,0.575,0.854,0.938,0.599,-0.75,-0.779,0.84,0.594,-0.057,-0.293,0.102,0.905,0.773,0.377,-0.629,0.963,0.781,0.704,0.561,-0.472,0.887,0.902,0.884,0.745,0.811,0.848,0.874,0.911,0.919,0.654,0.94,0.491,0.887,-0.107,0.663,0.606,0.724,0.793,-0.726,-0.181,0.501,0.922,0.674,0.948,-0.147,0.833,0.93,0.965,0.878,-0.035,0.877,0.85,0.85,0.567,-0.725,0.91,0.78,0.752,0.691,0.813,0.846,0.798,0.143,0.222,0.787,0.572,0.879,0.856,0.424,0.845,0.681,0.853,0.596,0.738,0.875,-0.591,0.946,0.601,0.847,0.922,-0.075,0.144,0.755,0.9,0.851,0.698,-0.151,0.923,-0.232,0.88,0.906,0.862,0.902,0.879,-0.386,0.19,0.309,0.827,0.893,0.712,0.906,0.956,0.747,0.657,0.681,0.928,0.666,0.806,-0.332,0.595,0.976,-0.699,0.756,0.868,0.229
AVXL,0.315,0.656,0.777,0.861,0.294,0.71,0.824,-0.224,0.741,0.767,0.802,0.188,-0.285,0.928,0.0,0.118,-0.052,0.578,-0.592,0.882,0.833,-0.265,0.815,0.753,-0.251,0.351,-0.454,0.805,0.741,0.83,0.941,0.678,0.862,0.797,0.796,0.736,0.389,0.535,0.068,0.596,0.531,0.849,0.84,-0.554,0.772,-0.024,0.836,0.595,0.709,0.848,0.769,0.499,0.841,0.757,0.699,-0.248,0.692,0.655,0.755,-0.712,0.17,0.803,0.323,-0.297,0.485,0.727,0.768,-0.631,0.121,0.411,0.295,0.599,0.861,0.442,0.829,0.385,0.888,0.697,0.758,-0.409,0.092,0.854,0.35,0.737,-0.03,0.463,0.847,0.847,0.633,-0.645,-0.666,0.813,0.601,-0.046,-0.105,0.155,0.844,0.757,0.403,-0.579,0.9,0.784,0.568,0.493,-0.383,0.817,0.837,0.814,0.715,0.733,0.755,0.845,0.819,0.867,0.681,0.861,0.386,0.823,0.094,0.604,0.55,0.799,0.744,-0.648,-0.047,0.448,0.847,0.632,0.864,-0.099,0.785,0.81,0.879,0.802,0.028,0.802,0.732,0.798,0.605,-0.649,0.845,0.671,0.716,0.693,0.793,0.851,0.73,0.176,0.214,0.735,0.522,0.828,0.805,0.529,0.774,0.631,0.745,0.619,0.672,0.817,-0.577,0.907,0.617,0.768,0.905,-0.049,0.285,0.685,0.889,0.778,0.652,-0.325,0.825,-0.132,0.797,0.813,0.798,0.824,0.791,-0.244,0.132,0.388,0.751,0.802,0.728,0.846,0.93,0.679,0.613,0.563,0.86,0.637,0.735,-0.247,0.517,0.883,-0.568,0.691,0.784,0.206
AZTA,-0.653,0.412,0.23,0.064,0.793,0.112,-0.265,-0.071,-0.348,0.075,-0.15,-0.675,-0.378,0.042,0.118,0.0,-0.047,-0.314,0.519,-0.098,-0.005,-0.147,-0.235,0.461,0.535,-0.528,-0.459,-0.246,-0.387,-0.212,0.188,-0.477,-0.201,-0.099,-0.003,0.278,0.651,-0.242,0.517,0.217,0.071,-0.006,-0.225,0.236,-0.318,-0.553,-0.05,-0.232,0.541,-0.229,-0.409,-0.066,-0.083,0.222,-0.292,0.856,-0.447,0.172,-0.104,0.154,0.258,-0.129,-0.427,0.638,0.131,-0.366,-0.306,0.465,0.366,0.05,-0.399,-0.586,-0.251,-0.386,-0.089,-0.683,0.052,0.126,-0.108,0.227,-0.769,-0.067,0.561,-0.247,0.438,-0.714,0.101,0.142,-0.068,0.118,0.099,0.148,0.521,0.484,0.425,0.91,-0.003,-0.419,-0.439,0.527,0.062,0.217,-0.163,-0.668,0.561,-0.302,-0.194,-0.256,0.312,-0.462,-0.377,0.046,-0.135,-0.251,-0.107,-0.052,-0.636,-0.074,0.579,-0.52,-0.025,0.366,-0.388,0.134,0.552,-0.707,-0.08,-0.092,-0.113,-0.144,0.331,-0.062,-0.063,-0.248,0.667,-0.325,-0.285,-0.064,0.376,0.554,-0.168,-0.291,-0.505,0.324,0.384,-0.117,-0.402,-0.138,-0.029,0.364,-0.523,-0.306,-0.356,-0.314,-0.101,-0.044,-0.416,0.62,-0.186,-0.216,0.509,0.004,-0.53,-0.369,0.056,0.896,-0.03,-0.407,-0.051,-0.364,-0.183,-0.295,-0.145,0.412,-0.075,-0.298,-0.34,0.057,-0.064,0.351,0.798,-0.663,0.118,0.021,-0.283,0.131,0.16,-0.531,-0.494,-0.611,-0.229,0.493,-0.35,0.683,-0.454,-0.03,-0.047,-0.501,-0.302,-0.749
BAND,0.152,-0.12,0.209,-0.312,-0.113,-0.316,-0.161,-0.083,0.052,-0.276,-0.168,0.022,0.427,-0.206,-0.052,-0.047,0.0,0.007,0.271,0.013,0.17,0.205,-0.235,0.205,0.456,0.178,0.588,-0.271,-0.083,-0.128,-0.007,-0.141,-0.17,-0.22,-0.026,-0.296,0.055,-0.336,-0.395,0.181,-0.021,-0.177,-0.175,0.141,-0.264,0.296,-0.094,-0.056,-0.308,-0.197,-0.065,0.476,-0.185,-0.241,-0.041,0.068,-0.079,0.169,0.235,0.36,0.366,0.087,0.144,0.444,0.16,-0.097,-0.194,0.12,-0.04,0.016,-0.246,0.042,-0.079,-0.104,-0.244,0.019,-0.152,0.329,-0.268,0.281,0.017,-0.121,0.248,-0.281,0.06,-0.135,-0.185,-0.248,-0.155,0.22,0.261,-0.132,0.036,0.09,0.083,0.001,-0.127,-0.198,0.111,0.207,-0.163,-0.247,-0.112,-0.188,0.165,-0.165,-0.099,-0.115,0.005,-0.039,-0.149,0.013,-0.239,-0.079,0.119,-0.135,-0.284,-0.25,0.12,-0.046,0.011,0.095,0.009,0.142,0.512,-0.015,-0.245,0.23,-0.234,0.468,-0.381,-0.373,-0.233,-0.184,-0.078,-0.143,-0.33,0.044,0.088,0.228,-0.036,-0.332,-0.032,0.231,-0.038,0.033,0.02,0.413,-0.013,-0.144,-0.125,-0.104,-0.034,0.263,-0.259,-0.162,-0.172,-0.025,-0.228,-0.216,-0.145,-0.234,-0.034,-0.112,-0.024,-0.001,0.689,0.015,-0.135,-0.069,-0.128,0.102,-0.215,0.382,-0.216,-0.208,-0.136,-0.267,-0.285,0.462,-0.407,0.084,-0.251,-0.275,-0.172,-0.203,-0.151,-0.021,0.141,-0.22,-0.154,-0.224,-0.12,0.275,0.123,-0.253,0.388,-0.024,-0.275,0.132
BECN,0.534,0.109,0.616,0.68,-0.085,0.468,0.762,-0.101,0.802,0.734,0.714,0.257,0.036,0.613,0.578,-0.314,0.007,0.0,-0.619,0.623,0.632,-0.328,0.693,0.354,-0.321,0.389,0.044,0.767,0.816,0.736,0.615,0.789,0.661,0.642,0.747,0.411,0.057,0.602,-0.211,0.606,0.336,0.631,0.779,-0.684,0.763,0.502,0.652,0.716,0.198,0.666,0.78,0.468,0.709,0.404,0.796,-0.519,0.724,0.561,0.516,-0.374,0.186,0.675,0.557,-0.503,0.346,0.845,0.769,-0.799,-0.275,0.584,0.602,0.695,0.75,0.781,0.687,0.72,0.619,0.486,0.756,-0.17,0.567,0.692,0.218,0.756,0.074,0.618,0.644,0.55,0.648,-0.549,-0.621,0.579,-0.007,0.029,-0.525,-0.282,0.687,0.716,0.446,-0.61,0.521,0.413,0.552,0.766,-0.637,0.717,0.737,0.788,0.437,0.772,0.765,0.664,0.666,0.697,0.619,0.646,0.571,0.689,-0.274,0.76,0.58,0.525,0.786,-0.608,-0.188,0.681,0.681,0.479,0.713,0.084,0.376,0.597,0.691,0.733,-0.302,0.763,0.729,0.647,0.421,-0.619,0.67,0.72,0.785,0.524,0.409,0.649,0.775,0.346,-0.02,0.218,0.759,0.765,0.758,0.511,0.428,0.833,0.76,0.261,0.547,0.746,-0.654,0.604,0.814,0.782,0.588,-0.515,0.389,0.714,0.565,0.786,0.669,0.154,0.609,-0.126,0.691,0.689,0.765,0.608,0.696,-0.166,-0.19,0.572,0.614,0.483,0.697,0.597,0.594,0.748,0.652,0.782,0.748,0.081,0.77,-0.422,0.795,0.601,-0.485,0.74,0.767,0.601
BFC,-0.382,-0.239,-0.438,-0.658,0.331,-0.434,-0.878,0.399,-0.811,-0.63,-0.692,-0.603,0.186,-0.722,-0.592,0.519,0.271,-0.619,0.0,-0.77,-0.498,0.314,-0.891,-0.171,0.699,-0.536,0.262,-0.803,-0.864,-0.863,-0.548,-0.889,-0.861,-0.727,-0.586,-0.568,0.17,-0.567,0.288,-0.159,-0.24,-0.754,-0.804,0.549,-0.894,-0.184,-0.722,-0.671,-0.144,-0.899,-0.9,-0.272,-0.8,-0.568,-0.786,0.793,-0.915,-0.236,-0.633,0.804,0.327,-0.72,-0.531,0.853,-0.137,-0.819,-0.872,0.826,0.311,-0.181,-0.602,-0.875,-0.852,-0.588,-0.79,-0.758,-0.721,-0.368,-0.653,0.73,-0.524,-0.688,0.327,-0.743,0.34,-0.882,-0.5,-0.669,-0.491,0.761,0.722,-0.583,-0.13,0.541,0.545,0.533,-0.743,-0.841,-0.293,0.907,-0.731,-0.471,-0.65,-0.788,0.581,-0.902,-0.835,-0.858,-0.495,-0.894,-0.871,-0.679,-0.824,-0.866,-0.347,-0.799,-0.84,-0.766,0.587,-0.817,-0.51,-0.259,-0.852,0.703,0.582,-0.776,-0.754,-0.538,-0.823,0.15,-0.512,-0.801,-0.75,-0.862,0.476,-0.873,-0.844,-0.706,-0.191,0.948,-0.816,-0.874,-0.822,-0.206,-0.274,-0.656,-0.878,0.014,-0.281,-0.412,-0.76,-0.875,-0.85,-0.495,-0.76,-0.48,-0.91,0.003,-0.724,-0.785,0.808,-0.786,-0.77,-0.884,-0.659,0.56,0.062,-0.86,-0.641,-0.892,-0.601,-0.099,-0.795,0.603,-0.704,-0.921,-0.879,-0.729,-0.68,0.663,0.259,-0.62,-0.646,-0.773,-0.702,-0.635,-0.648,-0.921,-0.824,-0.88,-0.845,-0.28,-0.786,0.795,-0.669,-0.802,0.635,-0.888,-0.841,-0.642
BGC,0.317,0.522,0.802,0.815,0.086,0.58,0.919,-0.437,0.869,0.765,0.755,0.376,-0.192,0.92,0.882,-0.098,0.013,0.623,-0.77,0.0,0.831,-0.331,0.915,0.634,-0.369,0.487,-0.326,0.824,0.854,0.936,0.887,0.819,0.943,0.841,0.797,0.76,0.214,0.556,-0.145,0.524,0.505,0.879,0.897,-0.546,0.831,0.107,0.869,0.718,0.458,0.936,0.898,0.55,0.895,0.731,0.8,-0.443,0.867,0.624,0.875,-0.745,0.105,0.914,0.537,-0.436,0.4,0.84,0.825,-0.732,-0.086,0.389,0.434,0.782,0.952,0.508,0.868,0.587,0.912,0.738,0.753,-0.545,0.253,0.858,0.221,0.742,-0.101,0.666,0.722,0.847,0.577,-0.769,-0.75,0.808,0.532,-0.189,-0.356,-0.065,0.896,0.78,0.346,-0.662,0.928,0.662,0.736,0.598,-0.437,0.911,0.918,0.91,0.757,0.885,0.866,0.908,0.873,0.955,0.637,0.931,0.531,0.849,-0.233,0.744,0.638,0.68,0.879,-0.744,-0.191,0.648,0.871,0.735,0.912,0.054,0.665,0.834,0.906,0.883,-0.174,0.905,0.814,0.889,0.51,-0.771,0.928,0.768,0.802,0.66,0.716,0.845,0.882,0.236,0.243,0.721,0.651,0.92,0.914,0.633,0.807,0.606,0.883,0.492,0.77,0.827,-0.726,0.917,0.712,0.892,0.894,-0.211,0.31,0.873,0.847,0.903,0.662,-0.087,0.877,-0.259,0.847,0.918,0.901,0.855,0.803,-0.307,-0.026,0.442,0.782,0.854,0.702,0.831,0.904,0.844,0.81,0.706,0.929,0.554,0.806,-0.414,0.699,0.923,-0.599,0.838,0.84,0.416
BHF,0.428,0.58,0.773,0.689,0.116,0.441,0.769,-0.386,0.767,0.704,0.746,0.279,-0.017,0.803,0.833,-0.005,0.17,0.632,-0.498,0.831,0.0,-0.197,0.747,0.608,-0.057,0.473,-0.156,0.689,0.709,0.769,0.831,0.676,0.805,0.751,0.782,0.582,0.301,0.317,-0.162,0.569,0.632,0.706,0.794,-0.447,0.67,0.125,0.818,0.547,0.481,0.741,0.743,0.747,0.74,0.547,0.701,-0.285,0.736,0.655,0.863,-0.454,0.367,0.895,0.545,-0.124,0.438,0.724,0.635,-0.628,-0.017,0.466,0.279,0.6,0.833,0.35,0.727,0.509,0.805,0.875,0.709,-0.283,0.122,0.706,0.472,0.587,0.05,0.508,0.668,0.693,0.44,-0.506,-0.529,0.685,0.521,0.13,-0.205,0.127,0.756,0.629,0.549,-0.406,0.791,0.522,0.673,0.448,-0.352,0.728,0.791,0.771,0.663,0.775,0.723,0.825,0.708,0.813,0.807,0.809,0.295,0.66,0.008,0.626,0.637,0.734,0.776,-0.516,0.101,0.462,0.71,0.836,0.734,0.24,0.516,0.631,0.826,0.692,-0.131,0.735,0.625,0.845,0.493,-0.5,0.852,0.507,0.738,0.775,0.756,0.833,0.778,0.455,0.225,0.657,0.476,0.786,0.791,0.547,0.634,0.579,0.712,0.656,0.512,0.703,-0.598,0.749,0.577,0.752,0.801,-0.122,0.474,0.754,0.781,0.77,0.557,-0.072,0.675,-0.056,0.732,0.736,0.757,0.658,0.676,0.021,-0.017,0.362,0.572,0.677,0.526,0.699,0.786,0.695,0.715,0.588,0.799,0.534,0.709,-0.125,0.677,0.737,-0.338,0.736,0.672,0.336
BHFAL,0.319,0.005,-0.364,-0.495,-0.297,-0.447,-0.342,0.406,-0.355,-0.589,-0.226,0.378,0.477,-0.407,-0.265,-0.147,0.205,-0.328,0.314,-0.331,-0.197,0.0,-0.391,-0.244,-0.078,0.299,0.342,-0.426,-0.439,-0.454,-0.348,-0.405,-0.391,-0.564,-0.531,-0.589,-0.46,-0.208,-0.294,-0.403,0.244,-0.592,-0.428,0.561,-0.368,0.132,-0.469,-0.341,-0.116,-0.357,-0.356,-0.226,-0.535,-0.599,-0.543,-0.015,-0.29,-0.16,-0.215,0.182,-0.128,-0.361,0.023,0.207,-0.409,-0.293,-0.391,0.449,0.568,-0.401,-0.582,-0.151,-0.345,-0.38,-0.56,-0.108,-0.525,-0.128,-0.503,0.046,-0.185,-0.416,-0.184,-0.486,-0.268,-0.079,-0.478,-0.56,-0.456,0.639,0.654,-0.622,-0.072,-0.155,0.628,-0.222,-0.543,-0.19,0.234,0.295,-0.353,-0.278,-0.471,-0.103,0.327,-0.4,-0.431,-0.43,-0.598,-0.314,-0.413,-0.438,-0.534,-0.272,0.036,-0.429,-0.187,-0.542,0.341,-0.278,-0.191,-0.118,-0.35,0.655,-0.139,-0.072,-0.408,-0.231,-0.509,0.372,-0.4,-0.498,-0.373,-0.507,-0.214,-0.329,-0.502,-0.495,-0.413,0.214,-0.323,-0.451,-0.267,-0.459,-0.415,-0.347,-0.312,-0.174,0.359,-0.15,-0.34,-0.356,-0.323,0.142,-0.099,-0.428,-0.373,-0.317,-0.175,-0.334,0.201,-0.391,-0.138,-0.336,-0.488,-0.165,0.146,-0.255,-0.103,-0.365,-0.487,-0.457,-0.525,-0.165,-0.239,-0.37,-0.342,-0.577,-0.544,0.309,-0.371,0.162,-0.678,-0.39,-0.384,-0.59,-0.43,-0.245,-0.172,-0.261,-0.362,-0.123,-0.413,-0.014,-0.343,-0.427,0.601,-0.223,-0.393,0.168
BKNG,0.383,0.479,0.684,0.864,-0.026,0.623,0.972,-0.416,0.892,0.834,0.848,0.46,-0.3,0.917,0.815,-0.235,-0.235,0.693,-0.891,0.915,0.747,-0.391,0.0,0.477,-0.52,0.469,-0.393,0.92,0.919,0.97,0.792,0.927,0.978,0.902,0.809,0.778,0.133,0.616,-0.119,0.434,0.446,0.902,0.951,-0.614,0.954,0.137,0.914,0.744,0.447,0.972,0.933,0.428,0.942,0.747,0.874,-0.578,0.926,0.511,0.791,-0.796,-0.025,0.876,0.559,-0.642,0.345,0.903,0.918,-0.817,-0.201,0.394,0.606,0.828,0.964,0.586,0.937,0.673,0.918,0.614,0.856,-0.619,0.384,0.85,0.064,0.855,-0.098,0.781,0.739,0.872,0.598,-0.8,-0.793,0.787,0.376,-0.267,-0.47,-0.181,0.912,0.876,0.384,-0.797,0.906,0.686,0.749,0.728,-0.568,0.967,0.96,0.96,0.691,0.935,0.955,0.874,0.947,0.966,0.579,0.956,0.728,0.907,-0.4,0.841,0.651,0.559,0.919,-0.78,-0.354,0.691,0.919,0.691,0.957,-0.101,0.73,0.929,0.945,0.945,-0.235,0.958,0.929,0.876,0.468,-0.869,0.946,0.902,0.869,0.523,0.621,0.799,0.925,0.17,0.287,0.641,0.738,0.959,0.933,0.535,0.865,0.674,0.961,0.393,0.756,0.918,-0.758,0.927,0.747,0.957,0.857,-0.329,0.084,0.897,0.813,0.961,0.737,0.02,0.929,-0.387,0.872,0.989,0.965,0.883,0.873,-0.497,-0.009,0.499,0.802,0.915,0.769,0.845,0.881,0.908,0.827,0.86,0.962,0.522,0.882,-0.557,0.731,0.954,-0.697,0.891,0.924,0.508
BL,0.027,0.459,0.812,0.66,0.556,0.567,0.505,-0.117,0.511,0.557,0.533,-0.162,-0.353,0.629,0.753,0.461,0.205,0.354,-0.171,0.634,0.608,-0.244,0.477,0.0,0.138,0.079,-0.3,0.519,0.463,0.559,0.764,0.339,0.527,0.546,0.684,0.656,0.614,0.333,0.151,0.775,0.287,0.65,0.547,-0.41,0.419,0.072,0.596,0.451,0.606,0.496,0.419,0.374,0.633,0.672,0.489,0.209,0.316,0.792,0.569,-0.344,0.412,0.516,0.094,0.101,0.557,0.457,0.506,-0.283,0.097,0.502,0.183,0.323,0.529,0.326,0.564,0.07,0.69,0.608,0.521,-0.065,-0.105,0.617,0.641,0.467,0.386,-0.002,0.667,0.665,0.575,-0.447,-0.468,0.738,0.511,0.055,0.002,0.479,0.668,0.402,0.06,-0.27,0.638,0.694,0.233,0.106,-0.117,0.488,0.582,0.528,0.708,0.377,0.437,0.704,0.564,0.533,0.41,0.6,0.09,0.634,0.197,0.366,0.388,0.765,0.456,-0.504,0.343,0.133,0.62,0.375,0.585,-0.026,0.65,0.512,0.583,0.527,0.432,0.499,0.426,0.599,0.849,-0.242,0.516,0.423,0.358,0.653,0.747,0.507,0.426,0.245,0.09,0.539,0.297,0.51,0.509,0.492,0.441,0.542,0.381,0.709,0.395,0.542,-0.306,0.626,0.315,0.451,0.728,0.283,0.382,0.378,0.521,0.461,0.559,-0.302,0.557,0.286,0.506,0.454,0.491,0.656,0.57,0.104,0.288,0.108,0.661,0.568,0.533,0.692,0.761,0.311,0.282,0.154,0.53,0.532,0.489,0.123,0.289,0.581,-0.432,0.259,0.463,-0.027
BOKF,-0.402,-0.111,0.057,-0.332,0.422,-0.268,-0.515,-0.06,-0.358,-0.251,-0.373,-0.673,-0.044,-0.371,-0.251,0.535,0.456,-0.321,0.699,-0.369,-0.057,-0.078,-0.52,0.138,0.0,-0.515,0.272,-0.504,-0.446,-0.42,-0.191,-0.502,-0.465,-0.224,-0.071,-0.134,0.451,-0.577,0.22,0.148,-0.292,-0.254,-0.426,0.235,-0.59,-0.133,-0.211,-0.256,-0.112,-0.51,-0.492,0.269,-0.332,-0.093,-0.277,0.694,-0.514,-0.04,-0.111,0.704,0.562,-0.222,-0.212,0.841,0.334,-0.513,-0.523,0.455,-0.165,0.153,-0.209,-0.565,-0.432,-0.431,-0.327,-0.491,-0.253,0.1,-0.321,0.655,-0.4,-0.427,0.534,-0.475,0.533,-0.648,-0.195,-0.23,-0.232,0.316,0.344,-0.068,-0.043,0.564,0.131,0.631,-0.231,-0.58,-0.333,0.612,-0.383,-0.292,-0.224,-0.706,0.46,-0.494,-0.36,-0.4,0.077,-0.48,-0.495,-0.133,-0.354,-0.499,-0.167,-0.334,-0.697,-0.364,0.352,-0.47,-0.115,-0.076,-0.372,0.227,0.919,-0.634,-0.47,-0.082,-0.413,0.206,-0.284,-0.449,-0.411,-0.42,0.497,-0.561,-0.498,-0.127,0.084,0.762,-0.375,-0.552,-0.438,0.226,0.083,-0.186,-0.429,0.396,-0.323,-0.216,-0.503,-0.468,-0.446,-0.358,-0.573,-0.252,-0.563,0.338,-0.612,-0.533,0.47,-0.369,-0.564,-0.521,-0.178,0.594,0.232,-0.43,-0.458,-0.462,-0.249,0.119,-0.407,0.768,-0.515,-0.553,-0.483,-0.3,-0.329,0.649,0.354,-0.571,-0.228,-0.399,-0.413,-0.165,-0.262,-0.552,-0.404,-0.617,-0.47,-0.127,-0.431,0.86,-0.197,-0.444,0.426,-0.501,-0.581,-0.554
BRKR,0.638,0.148,0.208,0.184,-0.597,-0.005,0.523,-0.076,0.529,0.186,0.427,0.772,0.549,0.31,0.351,-0.528,0.178,0.389,-0.536,0.487,0.473,0.299,0.469,0.079,-0.515,0.0,0.198,0.399,0.474,0.424,0.275,0.511,0.474,0.223,0.218,-0.021,-0.374,0.271,-0.643,0.024,0.463,0.198,0.433,-0.16,0.477,0.393,0.3,0.263,-0.029,0.471,0.559,0.308,0.3,-0.025,0.395,-0.685,0.605,0.247,0.509,-0.409,-0.126,0.488,0.544,-0.414,-0.132,0.543,0.46,-0.469,0.181,0.052,0.069,0.679,0.519,0.313,0.236,0.607,0.288,0.416,0.229,-0.422,0.363,0.361,-0.2,0.263,-0.399,0.664,0.095,0.116,0.153,-0.114,-0.18,0.074,0.119,-0.392,-0.088,-0.538,0.239,0.53,0.603,-0.442,0.378,0.182,0.318,0.58,-0.285,0.47,0.413,0.443,0.05,0.598,0.492,0.302,0.266,0.563,0.443,0.37,0.529,0.23,-0.225,0.586,0.258,0.216,0.546,-0.088,-0.467,0.698,0.349,0.491,0.308,0.284,0.043,0.215,0.394,0.366,-0.578,0.531,0.324,0.35,-0.05,-0.592,0.523,0.318,0.567,0.05,0.034,0.335,0.59,0.136,0.421,0.199,0.468,0.508,0.519,0.665,0.455,0.165,0.529,-0.103,0.443,0.439,-0.673,0.324,0.622,0.538,0.236,-0.607,0.319,0.606,0.457,0.538,0.174,-0.042,0.28,-0.477,0.439,0.503,0.512,0.167,0.213,-0.131,-0.597,0.733,0.075,0.311,0.338,0.075,0.236,0.643,0.676,0.586,0.481,0.078,0.469,-0.575,0.42,0.331,-0.003,0.632,0.443,0.743
CACC,0.366,-0.595,-0.169,-0.522,-0.493,-0.567,-0.293,0.219,-0.034,-0.479,-0.297,0.143,0.605,-0.556,-0.454,-0.459,0.588,0.044,0.262,-0.326,-0.156,0.342,-0.393,-0.3,0.272,0.198,0.0,-0.366,-0.15,-0.305,-0.452,-0.137,-0.408,-0.392,-0.209,-0.619,-0.4,-0.213,-0.555,-0.087,-0.241,-0.459,-0.32,0.18,-0.325,0.684,-0.358,-0.007,-0.735,-0.385,-0.147,0.219,-0.395,-0.57,-0.136,-0.194,-0.12,-0.036,-0.11,0.637,0.203,-0.197,0.326,0.221,-0.081,-0.135,-0.259,0.131,-0.296,0.07,0.009,0.046,-0.265,0.028,-0.461,0.262,-0.491,-0.04,-0.366,0.485,0.353,-0.425,-0.013,-0.358,0.026,0.03,-0.457,-0.579,-0.227,0.36,0.437,-0.421,-0.617,0.001,-0.106,-0.427,-0.36,-0.187,0.095,0.177,-0.569,-0.601,-0.213,0.013,0.042,-0.316,-0.283,-0.241,-0.405,-0.105,-0.226,-0.276,-0.421,-0.305,-0.038,-0.412,-0.068,-0.425,-0.15,0.015,-0.049,-0.332,-0.057,0.249,0.213,0.14,-0.478,-0.084,-0.444,0.541,-0.735,-0.584,-0.461,-0.319,-0.331,-0.281,-0.348,-0.213,-0.317,0.244,-0.304,-0.314,-0.041,-0.21,-0.495,-0.245,-0.082,0.417,-0.229,-0.65,-0.003,-0.236,-0.17,0.181,-0.516,-0.205,-0.241,-0.426,-0.365,-0.373,-0.035,-0.513,0.082,-0.196,-0.435,-0.426,0.475,-0.055,-0.472,-0.175,-0.226,0.263,-0.47,0.224,-0.434,-0.362,-0.207,-0.536,-0.437,0.425,-0.591,0.219,-0.505,-0.562,-0.221,-0.499,-0.517,-0.044,0.081,-0.063,-0.338,-0.674,-0.201,0.088,0.205,-0.563,0.569,-0.047,-0.369,0.414
CAR,0.463,0.305,0.635,0.93,0.072,0.784,0.919,-0.14,0.866,0.868,0.866,0.3,-0.291,0.875,0.805,-0.246,-0.271,0.767,-0.803,0.824,0.689,-0.426,0.92,0.519,-0.504,0.399,-0.366,0.0,0.938,0.92,0.776,0.911,0.917,0.904,0.857,0.716,0.195,0.751,0.041,0.619,0.343,0.89,0.969,-0.813,0.933,0.256,0.85,0.723,0.476,0.894,0.9,0.312,0.933,0.736,0.899,-0.524,0.818,0.594,0.62,-0.726,0.107,0.75,0.386,-0.672,0.468,0.903,0.95,-0.869,-0.188,0.562,0.709,0.79,0.905,0.776,0.933,0.644,0.885,0.451,0.933,-0.414,0.507,0.902,0.158,0.964,0.025,0.695,0.86,0.829,0.801,-0.769,-0.846,0.817,0.212,-0.187,-0.483,-0.163,0.874,0.903,0.44,-0.812,0.811,0.739,0.612,0.804,-0.76,0.936,0.915,0.928,0.593,0.881,0.943,0.789,0.924,0.886,0.581,0.854,0.744,0.942,-0.313,0.866,0.498,0.562,0.869,-0.787,-0.334,0.729,0.946,0.493,0.946,-0.212,0.71,0.905,0.91,0.948,-0.075,0.946,0.959,0.78,0.566,-0.85,0.819,0.913,0.897,0.508,0.637,0.76,0.843,0.229,0.084,0.456,0.846,0.921,0.92,0.541,0.726,0.833,0.932,0.392,0.717,0.952,-0.683,0.872,0.808,0.909,0.849,-0.379,0.088,0.782,0.788,0.909,0.864,0.013,0.924,-0.214,0.832,0.92,0.931,0.891,0.939,-0.468,-0.022,0.541,0.844,0.798,0.911,0.853,0.843,0.827,0.674,0.863,0.941,0.342,0.953,-0.53,0.707,0.886,-0.737,0.785,0.981,0.457
CDNA,0.49,0.188,0.686,0.837,-0.099,0.626,0.947,-0.274,0.96,0.794,0.826,0.378,-0.171,0.81,0.741,-0.387,-0.083,0.816,-0.864,0.854,0.709,-0.439,0.919,0.463,-0.446,0.474,-0.15,0.938,0.0,0.956,0.729,0.968,0.913,0.885,0.865,0.659,0.08,0.641,-0.178,0.574,0.244,0.883,0.956,-0.78,0.931,0.393,0.858,0.811,0.247,0.909,0.968,0.491,0.928,0.701,0.963,-0.651,0.917,0.566,0.721,-0.637,0.085,0.832,0.565,-0.672,0.441,0.934,0.954,-0.92,-0.366,0.568,0.756,0.884,0.941,0.785,0.906,0.791,0.853,0.538,0.874,-0.413,0.599,0.843,0.101,0.903,-0.046,0.785,0.765,0.769,0.754,-0.816,-0.834,0.805,0.114,-0.24,-0.614,-0.316,0.891,0.898,0.392,-0.853,0.756,0.583,0.694,0.822,-0.724,0.96,0.942,0.972,0.629,0.958,0.977,0.839,0.912,0.907,0.577,0.863,0.756,0.908,-0.453,0.934,0.587,0.502,0.963,-0.846,-0.279,0.813,0.861,0.618,0.923,-0.056,0.574,0.836,0.851,0.968,-0.267,0.953,0.941,0.851,0.475,-0.868,0.86,0.911,0.947,0.515,0.537,0.798,0.94,0.315,0.04,0.379,0.897,0.964,0.963,0.612,0.673,0.773,0.954,0.271,0.717,0.895,-0.805,0.837,0.867,0.948,0.824,-0.487,0.232,0.89,0.702,0.974,0.819,0.157,0.89,-0.243,0.772,0.934,0.964,0.836,0.862,-0.423,-0.188,0.62,0.812,0.758,0.884,0.801,0.782,0.926,0.83,0.909,0.943,0.218,0.949,-0.586,0.854,0.837,-0.66,0.894,0.927,0.611
CG,0.357,0.387,0.78,0.883,0.035,0.631,0.977,-0.398,0.944,0.842,0.844,0.363,-0.294,0.902,0.83,-0.212,-0.128,0.736,-0.863,0.936,0.769,-0.454,0.97,0.559,-0.42,0.424,-0.305,0.92,0.956,0.0,0.822,0.931,0.966,0.922,0.867,0.8,0.193,0.608,-0.127,0.547,0.354,0.941,0.962,-0.671,0.94,0.217,0.923,0.827,0.384,0.966,0.958,0.502,0.973,0.792,0.917,-0.535,0.93,0.597,0.81,-0.728,0.067,0.894,0.573,-0.598,0.439,0.918,0.934,-0.841,-0.284,0.495,0.656,0.838,0.972,0.645,0.948,0.695,0.934,0.64,0.86,-0.53,0.418,0.858,0.15,0.863,-0.033,0.731,0.774,0.878,0.679,-0.859,-0.824,0.866,0.323,-0.237,-0.508,-0.165,0.959,0.867,0.305,-0.804,0.883,0.662,0.746,0.713,-0.573,0.976,0.982,0.985,0.763,0.942,0.959,0.928,0.96,0.955,0.582,0.958,0.687,0.944,-0.39,0.863,0.677,0.607,0.95,-0.859,-0.238,0.704,0.907,0.684,0.97,-0.065,0.709,0.91,0.922,0.973,-0.196,0.958,0.935,0.917,0.528,-0.84,0.934,0.912,0.88,0.583,0.641,0.838,0.941,0.251,0.162,0.592,0.788,0.983,0.962,0.593,0.798,0.716,0.946,0.416,0.763,0.905,-0.76,0.932,0.782,0.96,0.892,-0.308,0.193,0.905,0.775,0.976,0.788,0.041,0.928,-0.279,0.848,0.974,0.977,0.91,0.879,-0.423,-0.02,0.496,0.856,0.89,0.815,0.879,0.896,0.91,0.827,0.836,0.964,0.45,0.902,-0.507,0.795,0.929,-0.698,0.883,0.914,0.506
CGBD,0.214,0.649,0.819,0.861,0.356,0.703,0.81,-0.297,0.739,0.808,0.771,0.085,-0.261,0.93,0.941,0.188,-0.007,0.615,-0.548,0.887,0.831,-0.348,0.792,0.764,-0.191,0.275,-0.452,0.776,0.729,0.822,0.0,0.662,0.839,0.789,0.806,0.76,0.435,0.52,0.077,0.656,0.54,0.846,0.826,-0.555,0.737,-0.046,0.823,0.582,0.707,0.82,0.736,0.541,0.838,0.772,0.691,-0.182,0.677,0.671,0.744,-0.659,0.229,0.826,0.317,-0.229,0.445,0.738,0.724,-0.628,0.104,0.44,0.293,0.54,0.853,0.445,0.828,0.375,0.884,0.721,0.78,-0.356,0.036,0.88,0.442,0.732,0.006,0.399,0.848,0.854,0.616,-0.686,-0.714,0.832,0.629,0.074,-0.175,0.23,0.851,0.685,0.323,-0.497,0.888,0.726,0.649,0.442,-0.363,0.778,0.817,0.808,0.761,0.713,0.739,0.862,0.801,0.84,0.692,0.852,0.305,0.809,0.069,0.566,0.581,0.851,0.726,-0.691,0.026,0.406,0.821,0.661,0.864,-0.052,0.764,0.784,0.875,0.783,0.022,0.778,0.719,0.819,0.626,-0.578,0.833,0.65,0.667,0.81,0.85,0.823,0.716,0.184,0.102,0.76,0.489,0.804,0.787,0.463,0.713,0.694,0.723,0.66,0.686,0.788,-0.55,0.877,0.57,0.753,0.9,0.015,0.381,0.665,0.855,0.759,0.621,-0.26,0.814,-0.086,0.808,0.783,0.765,0.823,0.794,-0.179,0.177,0.259,0.794,0.774,0.659,0.852,0.933,0.643,0.579,0.528,0.85,0.633,0.723,-0.183,0.559,0.878,-0.623,0.66,0.758,0.155
