,ACET,ADAP,ADI,ADPT,ADTN,AGEN,ALGN,ALLK,AMD,AMWD,ARDX,ARQT,ASTE,AUPH,AVXL,AZTA,BAND,BECN,BFC,BGC,BHF,BHFAL,BKNG,BL,BOKF,BRKR,CACC,CAR,CDNA,CG,CGBD,CHI,CHTR,CHX,CLNE,CME,CNOB,CNXN,CPRX,CSGP,CSGS,CSIQ,CVCO,CVLT,CYRX,DDOG,DOOO,DSGX,DTIL,ECPG,EEFT,EFSC,ENTG,ESPR,ETSY,EXC,FAMI,FFIV,FITB,FIZZ,FMBH,FOX,FTNT,FULT,GABC,GEN,GH,GMAB,GNPX,GO,GOGL,GOOG,GPRO,GSHD,GSM,GWAV,HAIN,HBAN,HEPA,HURN,HWKN,IBIO,ICFI,IGMS,IMKTA,INCY,INO,IRDM,IRTC,IRWD,ITCI,JACK,JD,JJSF,KALA,KHC,KLAC,KRRO,KRYS,LANC,LBTYA,LIVN,LKCO,LNTH,LOGI,LPRO,LRCX,LSCC,LSTR,MAR,MARA,MCHP,MEOH,META,MGTX,MKSI,MMYT,MORN,MRUS,MTLS,MTSI,MVIS,MXL,NBIX,NFE,NMIH,NMRK,NNDM,NSIT,NTCT,NVAX,OCUL,ODP,OLED,ONB,OTEX,PACB,PATK,PAYX,PEP,PERI,PI,PLYA,PRDO,PRGS,PTGX,QCOM,QCRH,QDEL,QFIN,RGEN,RILY,RPAY,RPD,SABR,SEDG,SHEN,SIRI,SLNO,SNDL,SNEX,SONO,SPT,SSNC,STGW,STKL,STRL,STX,SWTX,SYNA,TFSL,TIGR,TNXP,TOWN,TRI,TRIP,TRMB,TRNS,TRS,TSCO,TSEM,TVTX,TXRH,VC,VCEL,VECO,VIAV,VICR,VIR,VRTX,VSTM,VTRS,WDFC,WSBC,WSC,WYNN,XENE,XNCR,XRAY,ZS
ACET,0.0,0.737,-0.358,-0.85,-0.746,-0.496,-0.742,0.11,-0.598,-0.764,-0.448,-0.242,-0.615,0.552,0.845,-0.565,-0.811,-0.76,-0.706,-0.155,-0.61,-0.061,0.163,-0.235,-0.621,-0.287,-0.588,-0.761,0.369,-0.77,-0.662,-0.602,-0.058,-0.344,-0.016,-0.286,-0.661,-0.448,-0.024,-0.771,-0.456,0.525,0.174,-0.72,-0.487,-0.462,-0.633,-0.145,0.77,-0.397,0.618,-0.305,-0.668,0.587,-0.5,-0.375,0.588,-0.816,-0.304,0.553,-0.399,-0.64,-0.63,-0.586,-0.387,-0.844,-0.779,0.777,-0.253,0.39,0.007,-0.117,-0.231,-0.543,-0.404,-0.07,0.671,-0.416,0.558,-0.252,-0.455,0.794,-0.647,0.568,-0.426,0.464,0.886,-0.026,0.749,-0.178,-0.313,-0.14,-0.569,0.187,0.644,0.697,-0.689,0.152,-0.549,0.907,-0.053,-0.688,0.024,0.574,0.821,-0.598,-0.583,-0.622,-0.632,-0.385,-0.382,-0.638,0.254,-0.882,-0.243,-0.8,-0.416,-0.482,-0.818,0.527,-0.596,-0.147,-0.605,-0.494,-0.419,-0.113,-0.344,-0.252,-0.724,0.84,-0.408,0.642,-0.235,0.663,-0.595,-0.29,-0.214,-0.624,-0.532,-0.104,-0.691,-0.183,-0.188,-0.299,-0.238,-0.531,-0.806,-0.431,0.409,-0.483,0.574,-0.665,-0.573,-0.043,0.116,0.731,-0.108,-0.623,0.168,0.814,-0.54,-0.488,-0.598,-0.717,-0.61,0.575,-0.654,-0.503,0.622,-0.389,-0.685,-0.643,-0.115,-0.54,-0.543,-0.523,-0.675,-0.022,-0.278,0.134,-0.316,-0.156,0.21,-0.582,0.123,-0.608,-0.757,-0.472,0.126,-0.449,-0.425,-0.652,-0.705,-0.494,-0.382,0.015,-0.045,0.814,-0.14,-0.739
ADAP,0.737,0.0,-0.214,-0.74,-0.52,-0.74,-0.571,0.102,-0.767,-0.863,-0.519,-0.212,-0.626,0.511,0.468,-0.664,-0.757,-0.643,-0.827,-0.112,-0.691,-0.452,0.254,-0.228,-0.803,-0.278,-0.774,-0.706,0.397,-0.692,-0.809,-0.54,0.038,-0.283,-0.006,-0.413,-0.586,-0.721,0.18,-0.563,-0.385,0.626,0.118,-0.893,-0.375,-0.465,-0.471,0.229,0.534,-0.427,0.746,-0.587,-0.853,0.835,-0.264,-0.163,0.792,-0.666,-0.457,0.837,-0.587,-0.778,-0.352,-0.713,-0.646,-0.782,-0.603,0.941,-0.489,0.735,0.183,-0.029,-0.499,-0.574,-0.326,0.387,0.854,-0.648,0.708,-0.357,-0.701,0.818,-0.68,0.524,-0.563,0.778,0.83,-0.44,0.887,-0.598,-0.456,0.185,-0.458,0.335,0.741,0.81,-0.867,0.131,-0.736,0.731,0.006,-0.539,0.173,0.878,0.541,-0.796,-0.72,-0.424,-0.754,-0.501,-0.205,-0.55,-0.056,-0.796,-0.474,-0.859,-0.54,-0.742,-0.611,0.097,-0.591,-0.614,-0.463,-0.254,-0.46,-0.565,-0.569,0.024,-0.809,0.75,-0.411,0.132,-0.532,0.462,-0.638,-0.496,-0.528,-0.634,-0.497,0.326,-0.556,-0.518,-0.487,-0.279,-0.493,-0.743,-0.862,-0.636,0.679,-0.463,0.232,-0.37,-0.432,-0.29,0.345,0.551,-0.182,-0.741,-0.208,0.944,-0.448,-0.609,-0.501,-0.508,-0.755,0.72,-0.835,-0.072,0.85,-0.361,-0.794,-0.862,-0.133,-0.718,-0.169,-0.537,-0.643,-0.218,-0.545,0.217,-0.034,-0.223,0.455,-0.64,0.01,-0.859,-0.523,-0.742,0.033,-0.09,-0.703,-0.484,-0.36,-0.717,-0.497,0.221,-0.058,0.74,-0.101,-0.81
ADI,-0.358,-0.214,0.0,0.546,0.738,0.525,0.757,0.111,0.148,0.456,0.703,0.766,0.697,0.229,-0.356,0.746,0.619,0.667,0.513,0.68,0.65,-0.278,0.274,0.444,0.473,0.793,0.554,0.652,-0.014,0.687,0.54,0.731,0.709,0.565,0.608,0.28,0.732,0.45,0.573,0.568,0.666,-0.596,0.396,0.258,0.731,0.17,0.663,0.193,-0.602,0.544,0.245,0.278,0.377,-0.165,0.694,0.535,-0.092,0.549,0.512,-0.233,0.544,0.62,0.669,0.578,0.42,0.599,0.761,-0.237,-0.071,0.171,0.599,0.0,0.333,0.658,0.665,0.34,-0.106,0.47,0.119,0.499,0.499,-0.068,0.719,-0.388,0.595,-0.044,-0.466,0.233,-0.342,0.24,0.599,0.527,0.763,0.028,-0.271,-0.502,0.431,0.637,0.421,-0.602,0.589,0.737,-0.634,-0.253,-0.524,0.434,0.238,0.824,0.637,0.588,0.306,0.854,-0.135,0.39,0.616,0.503,0.398,0.261,0.724,-0.551,0.591,0.16,0.674,0.617,0.555,0.282,0.689,0.573,0.633,-0.502,0.542,-0.378,0.412,-0.408,0.662,0.387,0.487,0.653,0.654,0.39,0.717,0.33,0.041,0.636,-0.042,0.447,0.591,0.575,0.154,0.73,-0.478,0.553,0.795,-0.454,0.317,-0.497,0.755,0.619,-0.137,-0.163,0.78,0.642,0.75,0.724,0.64,0.028,0.454,0.692,-0.04,0.448,0.575,0.352,0.236,0.563,0.522,0.734,0.76,0.4,0.486,0.569,0.74,-0.06,0.209,0.717,0.401,0.316,0.659,0.207,-0.111,0.689,-0.013,0.711,0.66,0.49,0.63,0.655,0.588,-0.277,0.62,0.573
ADPT,-0.85,-0.74,0.546,0.0,0.86,0.717,0.884,0.006,0.608,0.865,0.713,0.555,0.867,-0.218,-0.743,0.784,0.928,0.878,0.88,0.424,0.861,0.047,0.09,0.426,0.837,0.591,0.828,0.87,-0.112,0.905,0.859,0.79,0.343,0.657,0.389,0.391,0.853,0.663,0.179,0.824,0.713,-0.708,0.229,0.761,0.785,0.564,0.821,0.047,-0.722,0.661,-0.479,0.61,0.729,-0.628,0.684,0.458,-0.572,0.775,0.63,-0.697,0.698,0.832,0.685,0.831,0.691,0.927,0.927,-0.771,0.243,-0.264,0.278,0.169,0.499,0.778,0.718,0.077,-0.609,0.707,-0.388,0.517,0.688,-0.594,0.87,-0.715,0.724,-0.427,-0.862,0.246,-0.815,0.401,0.617,0.29,0.786,-0.099,-0.554,-0.815,0.784,0.167,0.763,-0.874,0.29,0.82,-0.177,-0.624,-0.806,0.802,0.553,0.72,0.805,0.674,0.287,0.817,0.0,0.829,0.524,0.834,0.7,0.569,0.911,-0.512,0.647,0.383,0.6,0.672,0.687,0.354,0.669,0.37,0.861,-0.881,0.502,-0.442,0.589,-0.643,0.853,0.505,0.513,0.849,0.791,0.037,0.806,0.339,0.42,0.592,0.329,0.728,0.868,0.711,-0.352,0.718,-0.446,0.695,0.793,-0.009,0.163,-0.685,0.425,0.793,-0.013,-0.73,0.77,0.756,0.837,0.849,0.827,-0.385,0.845,0.538,-0.551,0.353,0.877,0.707,0.236,0.803,0.405,0.779,0.883,0.406,0.628,0.154,0.341,0.185,0.045,0.825,0.197,0.689,0.765,0.526,-0.023,0.56,0.356,0.771,0.708,0.761,0.669,0.212,0.346,-0.684,0.407,0.908
ADTN,-0.746,-0.52,0.738,0.86,0.0,0.584,0.887,-0.23,0.417,0.742,0.709,0.733,0.826,-0.02,-0.724,0.776,0.885,0.954,0.738,0.703,0.757,-0.35,0.16,0.267,0.649,0.668,0.684,0.88,-0.056,0.922,0.718,0.829,0.554,0.637,0.462,0.277,0.917,0.493,0.492,0.763,0.694,-0.558,0.341,0.515,0.818,0.261,0.931,0.206,-0.806,0.723,-0.197,0.419,0.489,-0.296,0.869,0.694,-0.344,0.819,0.595,-0.404,0.662,0.778,0.782,0.727,0.528,0.813,0.914,-0.528,-0.1,0.041,0.485,-0.025,0.261,0.748,0.789,0.368,-0.276,0.543,-0.08,0.601,0.508,-0.42,0.825,-0.73,0.716,-0.136,-0.746,0.085,-0.565,0.269,0.619,0.537,0.81,0.088,-0.527,-0.758,0.602,0.324,0.604,-0.859,0.606,0.85,-0.388,-0.349,-0.847,0.555,0.371,0.846,0.73,0.52,0.296,0.932,-0.215,0.649,0.491,0.758,0.413,0.326,0.943,-0.789,0.613,0.139,0.779,0.794,0.578,0.144,0.663,0.537,0.819,-0.808,0.518,-0.663,0.422,-0.662,0.811,0.23,0.313,0.842,0.775,0.313,0.882,0.147,0.032,0.677,0.021,0.501,0.736,0.687,-0.076,0.759,-0.629,0.857,0.864,-0.362,0.278,-0.807,0.618,0.749,-0.332,-0.479,0.905,0.754,0.917,0.932,0.764,-0.119,0.696,0.761,-0.236,0.41,0.758,0.471,0.11,0.717,0.649,0.729,0.882,0.458,0.532,0.464,0.642,-0.151,0.135,0.826,0.391,0.44,0.87,0.305,-0.273,0.783,0.086,0.869,0.834,0.627,0.75,0.492,0.564,-0.579,0.427,0.75
AGEN,-0.496,-0.74,0.525,0.717,0.584,0.0,0.727,0.102,0.529,0.827,0.891,0.634,0.881,0.085,-0.371,0.874,0.724,0.732,0.927,0.51,0.906,0.282,0.218,0.461,0.906,0.704,0.935,0.84,-0.058,0.794,0.947,0.812,0.26,0.684,0.585,0.613,0.803,0.78,0.213,0.583,0.723,-0.883,0.444,0.776,0.717,0.521,0.596,-0.42,-0.468,0.763,-0.332,0.772,0.699,-0.681,0.566,0.374,-0.634,0.437,0.807,-0.814,0.855,0.936,0.394,0.94,0.892,0.767,0.739,-0.745,0.424,-0.474,0.315,-0.006,0.65,0.882,0.689,-0.309,-0.702,0.883,-0.284,0.644,0.939,-0.358,0.906,-0.593,0.86,-0.578,-0.739,0.753,-0.863,0.821,0.876,0.184,0.753,-0.091,-0.443,-0.806,0.771,0.394,0.87,-0.601,0.312,0.772,-0.556,-0.681,-0.467,0.871,0.413,0.441,0.89,0.818,0.251,0.691,0.298,0.591,0.818,0.707,0.765,0.579,0.683,-0.093,0.517,0.836,0.364,0.542,0.811,0.765,0.895,0.155,0.877,-0.688,0.434,0.121,0.856,-0.545,0.875,0.647,0.848,0.854,0.792,-0.168,0.692,0.612,0.636,0.686,0.389,0.905,0.781,0.918,-0.459,0.823,-0.319,0.422,0.756,-0.049,0.111,-0.532,0.627,0.878,0.367,-0.655,0.72,0.855,0.736,0.642,0.949,-0.313,0.931,0.12,-0.581,0.094,0.938,0.793,0.376,0.908,0.007,0.867,0.822,0.668,0.895,0.248,0.064,0.243,-0.071,0.865,0.431,0.786,0.421,0.512,-0.028,0.314,0.367,0.609,0.31,0.948,0.784,0.237,0.505,-0.472,0.57,0.884
ALGN,-0.742,-0.571,0.757,0.884,0.887,0.727,0.0,0.052,0.383,0.781,0.791,0.674,0.891,-0.003,-0.668,0.852,0.903,0.902,0.824,0.608,0.882,-0.092,0.356,0.604,0.783,0.759,0.822,0.905,-0.092,0.938,0.835,0.935,0.564,0.77,0.552,0.581,0.915,0.601,0.487,0.91,0.832,-0.727,0.356,0.668,0.85,0.526,0.874,0.189,-0.774,0.7,-0.15,0.512,0.584,-0.413,0.816,0.673,-0.456,0.71,0.71,-0.529,0.656,0.852,0.829,0.833,0.657,0.918,0.975,-0.6,0.146,-0.166,0.564,0.186,0.48,0.884,0.794,0.215,-0.49,0.703,-0.146,0.578,0.701,-0.406,0.912,-0.681,0.757,-0.253,-0.8,0.346,-0.738,0.382,0.731,0.463,0.929,0.035,-0.405,-0.707,0.678,0.366,0.667,-0.833,0.484,0.957,-0.447,-0.439,-0.818,0.727,0.38,0.748,0.835,0.732,0.379,0.88,0.071,0.78,0.674,0.742,0.64,0.527,0.946,-0.558,0.629,0.34,0.609,0.831,0.788,0.351,0.709,0.501,0.82,-0.821,0.538,-0.469,0.561,-0.668,0.87,0.515,0.579,0.864,0.877,0.346,0.834,0.237,0.33,0.738,0.044,0.734,0.808,0.726,-0.091,0.846,-0.642,0.806,0.905,-0.209,0.234,-0.686,0.582,0.831,-0.089,-0.558,0.865,0.799,0.863,0.947,0.833,-0.183,0.777,0.63,-0.421,0.25,0.857,0.63,0.447,0.777,0.536,0.885,0.953,0.444,0.645,0.342,0.502,0.191,0.164,0.862,0.292,0.588,0.779,0.329,-0.148,0.751,0.232,0.908,0.773,0.74,0.707,0.502,0.454,-0.627,0.675,0.876
ALLK,0.11,0.102,0.111,0.006,-0.23,0.102,0.052,0.0,-0.243,-0.201,0.137,-0.061,0.039,0.14,0.1,0.042,-0.105,-0.276,0.031,-0.293,0.091,0.436,0.134,0.582,0.067,0.004,0.06,-0.135,0.169,-0.124,0.039,-0.02,0.068,0.141,0.196,0.297,-0.097,0.054,-0.13,0.135,0.244,-0.32,-0.038,0.007,0.048,0.468,-0.265,-0.055,0.273,-0.223,0.138,0.008,0.048,-0.219,-0.21,-0.124,0.066,-0.266,-0.004,-0.119,-0.094,-0.072,0.007,0.051,0.156,0.113,0.077,0.056,0.405,-0.021,0.059,0.271,0.406,0.04,-0.059,-0.128,-0.204,0.112,0.012,-0.1,0.23,0.187,0.093,0.418,-0.052,0.023,0.09,0.169,-0.122,0.1,0.014,-0.062,0.146,-0.07,0.408,0.277,-0.087,0.186,0.079,0.135,-0.261,0.046,0.137,-0.133,0.125,0.181,-0.161,-0.151,-0.009,0.234,0.028,-0.169,0.312,0.055,0.291,-0.266,0.422,0.188,-0.04,0.335,-0.061,0.153,-0.367,-0.091,0.341,0.216,0.006,0.104,-0.131,0.064,0.356,0.372,0.162,-0.131,0.036,0.421,0.368,-0.106,0.069,0.069,-0.177,0.25,0.422,0.043,0.133,0.251,0.029,-0.082,0.022,0.082,0.158,-0.354,0.032,0.023,0.252,0.249,-0.017,-0.072,0.573,0.052,-0.148,-0.094,-0.136,-0.087,-0.012,-0.086,-0.07,-0.01,-0.039,-0.194,0.027,0.23,0.535,-0.004,-0.291,0.208,-0.004,-0.063,0.081,-0.214,-0.19,0.668,0.125,-0.093,-0.162,0.027,-0.253,-0.098,0.714,-0.063,0.061,-0.131,-0.064,0.061,-0.248,-0.14,-0.165,0.315,0.286,0.1
AMD,-0.598,-0.767,0.148,0.608,0.417,0.529,0.383,-0.243,0.0,0.771,0.365,0.17,0.478,-0.552,-0.413,0.47,0.571,0.51,0.613,0.082,0.521,0.303,-0.306,-0.011,0.627,0.235,0.571,0.492,-0.388,0.545,0.618,0.296,-0.191,0.119,-0.116,0.021,0.405,0.689,-0.331,0.294,0.134,-0.45,-0.102,0.712,0.264,0.408,0.322,-0.239,-0.492,0.378,-0.694,0.466,0.858,-0.785,0.208,-0.197,-0.692,0.662,0.261,-0.771,0.484,0.583,0.198,0.525,0.442,0.559,0.421,-0.737,0.48,-0.57,-0.245,0.211,0.254,0.401,0.282,-0.419,-0.647,0.453,-0.719,0.113,0.463,-0.708,0.454,-0.432,0.409,-0.751,-0.714,0.286,-0.607,0.421,0.265,-0.065,0.243,-0.339,-0.718,-0.757,0.856,-0.079,0.619,-0.575,-0.173,0.304,0.03,-0.718,-0.273,0.673,0.873,0.485,0.577,0.482,0.049,0.486,-0.188,0.636,0.181,0.804,0.471,0.52,0.423,-0.084,0.695,0.429,0.561,0.062,0.156,0.456,0.474,-0.214,0.717,-0.482,0.065,-0.147,0.454,-0.108,0.452,0.516,0.411,0.535,0.342,-0.493,0.531,0.614,0.414,0.063,0.662,0.579,0.743,0.499,-0.778,0.296,0.037,0.253,0.27,0.42,-0.229,-0.279,0.088,0.488,0.159,-0.777,0.333,0.416,0.413,0.279,0.575,-0.666,0.673,0.149,-0.688,0.556,0.597,0.612,-0.202,0.566,0.018,0.343,0.455,0.214,0.354,-0.213,0.029,-0.043,-0.331,0.538,0.004,0.764,0.474,0.885,0.021,0.009,0.612,0.205,0.291,0.511,0.474,-0.178,0.091,-0.636,-0.135,0.662
AMWD,-0.764,-0.863,0.456,0.865,0.742,0.827,0.781,-0.201,0.771,0.0,0.695,0.485,0.849,-0.295,-0.598,0.825,0.879,0.869,0.909,0.424,0.877,0.183,0.039,0.316,0.904,0.584,0.901,0.891,-0.287,0.891,0.929,0.777,0.203,0.578,0.293,0.445,0.806,0.828,0.115,0.693,0.616,-0.716,0.214,0.902,0.66,0.497,0.736,-0.15,-0.712,0.736,-0.54,0.701,0.846,-0.707,0.588,0.336,-0.732,0.753,0.694,-0.79,0.763,0.92,0.521,0.873,0.754,0.865,0.791,-0.876,0.404,-0.52,0.169,0.097,0.509,0.797,0.634,-0.198,-0.732,0.788,-0.52,0.532,0.788,-0.681,0.841,-0.725,0.778,-0.655,-0.907,0.505,-0.877,0.572,0.681,0.142,0.676,-0.098,-0.662,-0.919,0.937,0.14,0.791,-0.805,0.229,0.764,-0.338,-0.718,-0.648,0.862,0.721,0.629,0.902,0.707,0.313,0.791,0.07,0.812,0.563,0.941,0.649,0.646,0.769,-0.285,0.732,0.595,0.647,0.542,0.612,0.596,0.756,0.119,0.94,-0.76,0.309,-0.269,0.691,-0.472,0.837,0.553,0.621,0.87,0.744,-0.15,0.766,0.468,0.5,0.558,0.415,0.811,0.905,0.813,-0.523,0.689,-0.377,0.655,0.693,0.157,-0.072,-0.632,0.437,0.86,0.07,-0.841,0.726,0.798,0.742,0.737,0.893,-0.461,0.949,0.283,-0.73,0.38,0.921,0.764,0.143,0.87,0.277,0.742,0.852,0.461,0.707,0.093,0.209,0.097,-0.154,0.863,0.218,0.875,0.726,0.725,-0.185,0.374,0.553,0.708,0.549,0.843,0.765,0.167,0.311,-0.765,0.362,0.914
ARDX,-0.448,-0.519,0.703,0.713,0.709,0.891,0.791,0.137,0.365,0.695,0.0,0.86,0.914,0.297,-0.414,0.836,0.688,0.779,0.843,0.729,0.862,-0.039,0.346,0.449,0.777,0.835,0.832,0.829,0.051,0.816,0.857,0.849,0.479,0.765,0.729,0.512,0.888,0.606,0.399,0.584,0.798,-0.879,0.607,0.528,0.832,0.412,0.686,-0.328,-0.518,0.823,-0.136,0.637,0.517,-0.479,0.745,0.52,-0.387,0.426,0.774,-0.646,0.829,0.875,0.49,0.893,0.808,0.715,0.814,-0.52,0.162,-0.123,0.562,-0.086,0.485,0.909,0.831,-0.002,-0.454,0.753,-0.033,0.72,0.82,-0.155,0.927,-0.597,0.863,-0.296,-0.674,0.551,-0.683,0.663,0.906,0.505,0.849,0.021,-0.301,-0.736,0.6,0.596,0.804,-0.587,0.513,0.833,-0.623,-0.466,-0.529,0.72,0.206,0.556,0.807,0.806,0.172,0.776,0.132,0.458,0.819,0.578,0.687,0.337,0.781,-0.354,0.468,0.609,0.424,0.677,0.816,0.55,0.895,0.376,0.835,-0.695,0.477,-0.027,0.794,-0.65,0.89,0.516,0.754,0.885,0.854,0.063,0.804,0.536,0.429,0.799,0.238,0.806,0.681,0.895,-0.267,0.91,-0.446,0.492,0.875,-0.365,0.439,-0.605,0.79,0.802,0.245,-0.412,0.851,0.831,0.862,0.727,0.908,-0.1,0.814,0.423,-0.267,0.066,0.875,0.623,0.346,0.849,0.098,0.894,0.847,0.75,0.843,0.508,0.265,0.07,0.178,0.899,0.598,0.543,0.447,0.294,-0.049,0.57,0.059,0.649,0.454,0.858,0.836,0.478,0.749,-0.335,0.642,0.813
ARQT,-0.242,-0.212,0.766,0.555,0.733,0.634,0.674,-0.061,0.17,0.485,0.86,0.0,0.798,0.507,-0.321,0.674,0.549,0.728,0.612,0.921,0.691,-0.424,0.411,0.238,0.538,0.849,0.606,0.677,0.142,0.691,0.62,0.734,0.65,0.737,0.759,0.261,0.828,0.403,0.537,0.4,0.68,-0.648,0.754,0.196,0.819,0.074,0.733,-0.186,-0.491,0.831,0.118,0.479,0.241,-0.14,0.816,0.582,-0.09,0.362,0.667,-0.347,0.745,0.698,0.477,0.699,0.595,0.478,0.703,-0.191,-0.188,0.261,0.735,-0.212,0.217,0.757,0.876,0.305,-0.029,0.542,0.269,0.71,0.555,0.089,0.768,-0.563,0.795,0.038,-0.419,0.302,-0.338,0.429,0.803,0.739,0.756,0.228,-0.189,-0.58,0.366,0.742,0.602,-0.438,0.726,0.693,-0.639,-0.154,-0.459,0.429,0.008,0.608,0.617,0.655,0.01,0.792,-0.031,0.155,0.634,0.403,0.441,0.015,0.689,-0.557,0.347,0.312,0.483,0.707,0.628,0.279,0.82,0.5,0.676,-0.512,0.385,-0.175,0.644,-0.51,0.765,0.247,0.519,0.797,0.786,0.228,0.774,0.356,0.118,0.8,0.066,0.499,0.432,0.783,-0.026,0.806,-0.429,0.512,0.806,-0.597,0.608,-0.532,0.88,0.62,-0.016,-0.083,0.894,0.736,0.856,0.679,0.735,0.219,0.588,0.582,0.103,0.092,0.658,0.255,0.13,0.698,0.186,0.753,0.74,0.79,0.714,0.758,0.472,-0.287,0.428,0.822,0.699,0.221,0.432,0.101,-0.193,0.711,-0.261,0.604,0.496,0.648,0.851,0.702,0.927,-0.15,0.594,0.569
ASTE,-0.615,-0.626,0.697,0.867,0.826,0.881,0.891,0.039,0.478,0.849,0.914,0.798,0.0,0.137,-0.567,0.901,0.85,0.9,0.927,0.682,0.965,-0.017,0.337,0.494,0.898,0.823,0.924,0.919,-0.018,0.93,0.939,0.922,0.484,0.855,0.689,0.539,0.951,0.75,0.391,0.734,0.866,-0.851,0.565,0.703,0.91,0.486,0.843,-0.163,-0.661,0.879,-0.223,0.745,0.643,-0.531,0.802,0.558,-0.532,0.592,0.848,-0.676,0.872,0.943,0.603,0.963,0.858,0.847,0.914,-0.653,0.246,-0.18,0.55,0.023,0.558,0.936,0.882,0.028,-0.531,0.85,-0.153,0.718,0.866,-0.325,0.978,-0.704,0.929,-0.362,-0.782,0.539,-0.786,0.611,0.88,0.449,0.899,0.115,-0.386,-0.819,0.743,0.481,0.836,-0.714,0.502,0.904,-0.501,-0.545,-0.676,0.821,0.379,0.667,0.913,0.854,0.266,0.875,0.181,0.635,0.768,0.743,0.768,0.467,0.862,-0.412,0.597,0.58,0.541,0.76,0.848,0.572,0.901,0.393,0.907,-0.745,0.447,-0.201,0.825,-0.63,0.976,0.556,0.733,0.973,0.93,0.085,0.839,0.45,0.51,0.841,0.27,0.832,0.797,0.919,-0.281,0.921,-0.471,0.666,0.919,-0.197,0.326,-0.65,0.739,0.882,0.133,-0.562,0.92,0.891,0.907,0.863,0.956,-0.141,0.913,0.458,-0.432,0.19,0.955,0.673,0.338,0.934,0.244,0.937,0.956,0.702,0.869,0.428,0.315,0.127,0.199,0.963,0.481,0.676,0.654,0.428,-0.101,0.619,0.202,0.802,0.617,0.917,0.879,0.472,0.618,-0.514,0.665,0.909
AUPH,0.552,0.511,0.229,-0.218,-0.02,0.085,-0.003,0.14,-0.552,-0.295,0.297,0.507,0.137,0.0,0.329,0.061,-0.202,-0.041,-0.085,0.553,0.058,-0.369,0.687,0.192,-0.074,0.404,0.006,-0.053,0.642,-0.064,-0.058,0.181,0.477,0.416,0.731,0.152,0.133,-0.137,0.582,-0.14,0.294,-0.027,0.802,-0.402,0.351,-0.152,0.119,-0.139,0.312,0.315,0.678,0.148,-0.518,0.499,0.321,0.356,0.417,-0.483,0.363,0.266,0.204,-0.002,-0.033,0.098,0.187,-0.243,-0.031,0.536,-0.342,0.555,0.698,-0.105,0.083,0.208,0.424,0.269,0.525,0.137,0.843,0.415,0.074,0.811,0.093,-0.032,0.257,0.568,0.416,0.237,0.291,0.2,0.428,0.456,0.243,0.45,0.572,0.228,-0.411,0.617,0.013,0.404,0.58,0.083,-0.402,0.48,0.195,-0.159,-0.684,-0.167,-0.078,0.169,-0.161,0.012,0.384,-0.533,0.338,-0.44,0.075,-0.372,-0.085,-0.022,-0.385,0.117,-0.315,0.343,0.312,0.042,0.258,0.309,-0.162,0.235,-0.014,0.365,0.264,0.009,0.144,-0.057,0.183,0.107,0.256,0.27,-0.045,-0.152,0.006,0.47,-0.334,-0.047,-0.401,0.215,0.512,0.3,0.021,-0.011,0.244,-0.537,0.651,0.122,0.528,-0.034,0.082,0.656,0.259,0.2,0.202,0.064,0.04,0.788,-0.094,0.006,0.613,-0.507,-0.05,-0.327,0.28,0.075,-0.245,0.224,0.046,0.597,0.353,0.703,0.022,-0.1,0.621,0.099,0.7,-0.4,-0.316,-0.556,-0.072,0.263,-0.623,0.056,-0.197,0.128,0.263,0.586,0.609,0.574,0.498,-0.151
AVXL,0.845,0.468,-0.356,-0.743,-0.724,-0.371,-0.668,0.1,-0.413,-0.598,-0.414,-0.321,-0.567,0.329,0.0,-0.464,-0.634,-0.706,-0.556,-0.251,-0.513,0.201,0.054,-0.147,-0.434,-0.331,-0.429,-0.688,0.147,-0.693,-0.527,-0.566,-0.144,-0.38,-0.118,-0.151,-0.618,-0.289,-0.172,-0.671,-0.477,0.415,0.018,-0.494,-0.53,-0.368,-0.636,-0.161,0.645,-0.464,0.44,-0.197,-0.413,0.341,-0.564,-0.444,0.335,-0.683,-0.26,0.311,-0.327,-0.512,-0.613,-0.487,-0.267,-0.695,-0.71,0.533,-0.033,0.104,-0.136,-0.061,-0.093,-0.495,-0.434,-0.255,0.405,-0.297,0.288,-0.281,-0.3,0.518,-0.556,0.535,-0.368,0.152,0.73,0.12,0.525,-0.031,-0.303,-0.36,-0.503,-0.047,0.434,0.568,-0.46,0.061,-0.412,0.793,-0.126,-0.663,0.049,0.337,0.735,-0.384,-0.332,-0.567,-0.474,-0.334,-0.339,-0.57,0.378,-0.667,-0.138,-0.594,-0.303,-0.18,-0.751,0.631,-0.421,0.042,-0.571,-0.576,-0.339,0.057,-0.263,-0.28,-0.589,0.689,-0.323,0.671,-0.187,0.687,-0.525,-0.13,-0.088,-0.562,-0.542,-0.26,-0.633,-0.068,-0.065,-0.337,-0.122,-0.336,-0.595,-0.337,0.213,-0.426,0.606,-0.672,-0.57,0.166,-0.149,0.689,-0.188,-0.479,0.289,0.551,-0.554,-0.463,-0.572,-0.665,-0.49,0.266,-0.502,-0.565,0.346,-0.248,-0.55,-0.362,0.031,-0.425,-0.519,-0.464,-0.577,-0.129,-0.202,-0.052,-0.367,-0.021,0.052,-0.495,0.032,-0.352,-0.714,-0.232,0.101,-0.587,-0.109,-0.615,-0.674,-0.362,-0.403,-0.177,-0.162,0.55,-0.207,-0.585
AZTA,-0.565,-0.664,0.746,0.784,0.776,0.874,0.852,0.042,0.47,0.825,0.836,0.674,0.901,0.061,-0.464,0.0,0.857,0.84,0.881,0.597,0.93,0.095,0.206,0.527,0.866,0.77,0.918,0.896,0.021,0.902,0.905,0.892,0.518,0.712,0.625,0.524,0.884,0.796,0.444,0.714,0.828,-0.76,0.429,0.734,0.814,0.443,0.748,-0.085,-0.593,0.743,-0.142,0.694,0.684,-0.538,0.67,0.536,-0.549,0.659,0.817,-0.636,0.846,0.923,0.597,0.913,0.819,0.864,0.847,-0.671,0.278,-0.284,0.414,0.041,0.679,0.867,0.749,-0.057,-0.536,0.859,-0.193,0.717,0.852,-0.366,0.929,-0.577,0.856,-0.416,-0.737,0.6,-0.764,0.67,0.804,0.246,0.838,-0.022,-0.473,-0.822,0.752,0.43,0.77,-0.747,0.48,0.867,-0.591,-0.608,-0.605,0.823,0.463,0.695,0.917,0.732,0.423,0.865,0.164,0.687,0.803,0.783,0.679,0.632,0.794,-0.33,0.673,0.615,0.623,0.65,0.789,0.679,0.888,0.356,0.893,-0.695,0.574,-0.18,0.734,-0.514,0.922,0.577,0.736,0.873,0.823,0.029,0.757,0.476,0.428,0.761,0.179,0.781,0.848,0.864,-0.18,0.859,-0.38,0.621,0.879,-0.133,0.133,-0.589,0.735,0.914,0.098,-0.583,0.817,0.889,0.833,0.823,0.928,-0.249,0.861,0.392,-0.473,0.363,0.904,0.747,0.356,0.903,0.338,0.888,0.938,0.594,0.813,0.391,0.388,0.187,-0.038,0.899,0.461,0.731,0.72,0.494,-0.085,0.491,0.344,0.804,0.588,0.877,0.809,0.378,0.493,-0.5,0.62,0.876
BAND,-0.811,-0.757,0.619,0.928,0.885,0.724,0.903,-0.105,0.571,0.879,0.688,0.549,0.85,-0.202,-0.634,0.857,0.0,0.909,0.877,0.486,0.87,0.047,0.114,0.436,0.856,0.592,0.861,0.895,-0.166,0.936,0.86,0.836,0.423,0.639,0.391,0.456,0.877,0.693,0.315,0.833,0.694,-0.651,0.213,0.78,0.753,0.46,0.852,0.148,-0.767,0.638,-0.355,0.597,0.738,-0.564,0.69,0.549,-0.617,0.828,0.683,-0.66,0.721,0.876,0.738,0.836,0.694,0.935,0.916,-0.766,0.244,-0.311,0.31,0.107,0.516,0.782,0.708,0.102,-0.585,0.737,-0.358,0.535,0.708,-0.629,0.875,-0.697,0.76,-0.455,-0.841,0.339,-0.801,0.448,0.624,0.228,0.825,-0.101,-0.625,-0.827,0.813,0.203,0.717,-0.885,0.424,0.836,-0.298,-0.599,-0.828,0.803,0.593,0.758,0.871,0.619,0.362,0.877,0.052,0.846,0.599,0.893,0.616,0.669,0.903,-0.516,0.71,0.415,0.666,0.689,0.693,0.418,0.71,0.36,0.877,-0.862,0.543,-0.485,0.539,-0.584,0.861,0.462,0.517,0.856,0.76,0.095,0.81,0.27,0.337,0.634,0.194,0.721,0.893,0.744,-0.271,0.762,-0.471,0.76,0.812,-0.014,0.01,-0.693,0.482,0.872,-0.083,-0.734,0.801,0.787,0.838,0.904,0.847,-0.37,0.842,0.518,-0.575,0.437,0.879,0.749,0.313,0.825,0.522,0.771,0.928,0.38,0.643,0.207,0.429,0.133,-0.02,0.849,0.228,0.725,0.823,0.551,-0.164,0.538,0.444,0.854,0.751,0.778,0.68,0.25,0.34,-0.73,0.428,0.894
BECN,-0.76,-0.643,0.667,0.878,0.954,0.732,0.902,-0.276,0.51,0.869,0.779,0.728,0.9,-0.041,-0.706,0.84,0.909,0.0,0.849,0.714,0.852,-0.232,0.2,0.285,0.776,0.712,0.81,0.961,-0.125,0.974,0.845,0.899,0.469,0.705,0.479,0.413,0.959,0.606,0.455,0.771,0.735,-0.652,0.396,0.662,0.824,0.327,0.935,0.034,-0.812,0.834,-0.293,0.567,0.578,-0.403,0.865,0.667,-0.483,0.785,0.726,-0.539,0.765,0.895,0.717,0.843,0.666,0.85,0.913,-0.657,0.032,-0.14,0.476,-0.051,0.332,0.852,0.812,0.197,-0.433,0.681,-0.181,0.67,0.657,-0.479,0.891,-0.799,0.829,-0.286,-0.839,0.29,-0.704,0.422,0.741,0.474,0.827,0.098,-0.561,-0.857,0.713,0.315,0.703,-0.854,0.564,0.9,-0.477,-0.442,-0.825,0.669,0.428,0.759,0.846,0.627,0.325,0.922,-0.084,0.695,0.583,0.827,0.495,0.409,0.93,-0.655,0.62,0.338,0.731,0.805,0.653,0.324,0.756,0.415,0.904,-0.828,0.43,-0.527,0.57,-0.669,0.887,0.305,0.445,0.926,0.84,0.208,0.9,0.235,0.191,0.743,0.105,0.642,0.795,0.814,-0.212,0.818,-0.64,0.858,0.874,-0.261,0.199,-0.813,0.64,0.852,-0.215,-0.597,0.923,0.845,0.92,0.929,0.87,-0.177,0.841,0.593,-0.388,0.317,0.874,0.571,0.146,0.829,0.525,0.793,0.93,0.548,0.664,0.432,0.494,-0.109,0.069,0.907,0.417,0.585,0.83,0.393,-0.336,0.713,0.182,0.881,0.756,0.768,0.843,0.464,0.563,-0.655,0.479,0.837
BFC,-0.706,-0.827,0.513,0.88,0.738,0.927,0.824,0.031,0.613,0.909,0.843,0.612,0.927,-0.085,-0.556,0.881,0.877,0.849,0.0,0.484,0.945,0.217,0.132,0.437,0.96,0.64,0.954,0.906,-0.113,0.9,0.978,0.834,0.264,0.722,0.496,0.562,0.884,0.788,0.181,0.709,0.755,-0.848,0.36,0.843,0.76,0.539,0.727,-0.264,-0.61,0.769,-0.463,0.775,0.77,-0.718,0.629,0.442,-0.692,0.623,0.789,-0.83,0.863,0.957,0.505,0.964,0.892,0.884,0.852,-0.833,0.403,-0.449,0.288,0.013,0.614,0.869,0.736,-0.182,-0.738,0.868,-0.39,0.643,0.897,-0.534,0.943,-0.659,0.877,-0.573,-0.858,0.591,-0.913,0.716,0.796,0.21,0.802,-0.058,-0.53,-0.876,0.835,0.266,0.897,-0.753,0.325,0.827,-0.379,-0.716,-0.656,0.9,0.506,0.556,0.925,0.769,0.28,0.775,0.201,0.743,0.731,0.824,0.772,0.619,0.813,-0.275,0.601,0.708,0.48,0.61,0.812,0.642,0.846,0.214,0.931,-0.811,0.49,-0.128,0.792,-0.644,0.935,0.574,0.736,0.916,0.828,-0.118,0.778,0.518,0.587,0.699,0.382,0.882,0.872,0.903,-0.481,0.828,-0.385,0.567,0.807,-0.02,0.095,-0.646,0.563,0.906,0.246,-0.769,0.778,0.841,0.804,0.776,0.964,-0.402,0.969,0.295,-0.637,0.204,0.984,0.837,0.341,0.946,0.165,0.853,0.899,0.598,0.846,0.184,0.14,0.218,-0.045,0.902,0.345,0.809,0.59,0.567,-0.039,0.402,0.41,0.71,0.52,0.949,0.776,0.177,0.451,-0.613,0.488,0.942
BGC,-0.155,-0.112,0.68,0.424,0.703,0.51,0.608,-0.293,0.082,0.424,0.729,0.921,0.682,0.553,-0.251,0.597,0.486,0.714,0.484,0.0,0.576,-0.553,0.503,0.145,0.424,0.785,0.509,0.625,0.168,0.652,0.507,0.71,0.678,0.681,0.705,0.28,0.774,0.288,0.676,0.359,0.592,-0.43,0.766,0.118,0.746,-0.049,0.752,-0.067,-0.488,0.814,0.223,0.39,0.068,0.074,0.848,0.685,-0.028,0.343,0.66,-0.177,0.659,0.63,0.48,0.596,0.491,0.372,0.585,-0.065,-0.331,0.326,0.801,-0.215,0.087,0.715,0.835,0.372,0.131,0.452,0.388,0.714,0.416,0.15,0.647,-0.59,0.736,0.173,-0.336,0.261,-0.205,0.353,0.754,0.744,0.687,0.351,-0.151,-0.503,0.253,0.695,0.449,-0.356,0.843,0.64,-0.692,0.037,-0.426,0.28,-0.077,0.517,0.539,0.513,-0.004,0.724,-0.012,0.078,0.575,0.338,0.231,-0.041,0.6,-0.612,0.237,0.208,0.47,0.747,0.513,0.176,0.721,0.5,0.579,-0.415,0.242,-0.24,0.509,-0.416,0.673,0.08,0.345,0.724,0.709,0.351,0.713,0.127,-0.052,0.789,-0.17,0.353,0.301,0.72,0.132,0.736,-0.475,0.599,0.729,-0.608,0.551,-0.508,0.851,0.563,-0.243,0.032,0.858,0.692,0.803,0.666,0.624,0.359,0.497,0.534,0.204,0.023,0.545,0.105,0.091,0.605,0.279,0.643,0.67,0.759,0.623,0.86,0.491,-0.42,0.43,0.742,0.746,0.089,0.432,-0.036,-0.433,0.749,-0.336,0.622,0.489,0.551,0.838,0.793,0.894,-0.139,0.559,0.446
BHF,-0.61,-0.691,0.65,0.861,0.757,0.906,0.882,0.091,0.521,0.877,0.862,0.691,0.965,0.058,-0.513,0.93,0.87,0.852,0.945,0.576,0.0,0.135,0.307,0.574,0.953,0.776,0.968,0.898,-0.023,0.913,0.964,0.901,0.428,0.837,0.64,0.598,0.906,0.822,0.33,0.748,0.859,-0.84,0.505,0.795,0.851,0.563,0.784,-0.157,-0.615,0.814,-0.237,0.805,0.722,-0.612,0.7,0.486,-0.594,0.594,0.878,-0.736,0.876,0.952,0.568,0.978,0.901,0.877,0.888,-0.716,0.391,-0.329,0.474,0.108,0.672,0.915,0.829,-0.08,-0.624,0.927,-0.244,0.683,0.914,-0.39,0.962,-0.646,0.911,-0.461,-0.782,0.63,-0.849,0.669,0.849,0.31,0.878,0.045,-0.408,-0.816,0.803,0.41,0.848,-0.704,0.407,0.879,-0.46,-0.613,-0.637,0.89,0.462,0.616,0.948,0.858,0.328,0.836,0.289,0.706,0.786,0.776,0.815,0.614,0.81,-0.271,0.643,0.667,0.507,0.698,0.876,0.68,0.898,0.315,0.899,-0.721,0.466,-0.125,0.841,-0.559,0.97,0.641,0.806,0.944,0.904,0.002,0.775,0.492,0.614,0.8,0.304,0.884,0.839,0.912,-0.298,0.892,-0.37,0.63,0.874,-0.038,0.206,-0.553,0.662,0.909,0.21,-0.637,0.844,0.878,0.837,0.831,0.96,-0.226,0.934,0.356,-0.548,0.212,0.969,0.764,0.424,0.958,0.198,0.934,0.953,0.644,0.882,0.305,0.237,0.253,0.116,0.943,0.416,0.778,0.638,0.524,-0.036,0.497,0.348,0.789,0.566,0.947,0.816,0.36,0.501,-0.539,0.667,0.935
BHFAL,-0.061,-0.452,-0.278,0.047,-0.35,0.282,-0.092,0.436,0.303,0.183,-0.039,-0.424,-0.017,-0.369,0.201,0.095,0.047,-0.232,0.217,-0.553,0.135,0.0,-0.209,0.325,0.329,-0.225,0.265,-0.061,-0.173,-0.089,0.231,-0.106,-0.4,-0.113,-0.164,0.308,-0.197,0.412,-0.488,0.036,-0.043,-0.237,-0.342,0.482,-0.197,0.456,-0.341,-0.279,0.215,-0.246,-0.396,0.282,0.473,-0.605,-0.481,-0.422,-0.529,-0.102,0.034,-0.524,0.037,0.11,-0.24,0.155,0.289,0.177,-0.095,-0.438,0.77,-0.712,-0.493,0.29,0.528,-0.001,-0.282,-0.69,-0.644,0.304,-0.562,-0.182,0.384,-0.32,0.039,0.204,-0.029,-0.644,-0.135,0.499,-0.44,0.407,-0.028,-0.666,-0.075,-0.392,-0.11,-0.057,0.354,-0.273,0.226,0.037,-0.529,-0.114,0.24,-0.571,0.219,0.459,0.392,-0.257,0.175,0.192,0.043,-0.232,0.46,0.317,0.193,0.162,0.434,0.601,-0.183,0.672,0.116,0.58,-0.297,-0.378,0.17,0.568,0.044,-0.394,0.067,-0.008,0.068,0.526,0.25,0.143,0.015,0.544,0.422,-0.08,-0.098,-0.529,-0.247,0.405,0.65,-0.217,0.445,0.419,0.266,0.045,-0.483,-0.074,0.409,-0.386,-0.191,0.687,-0.461,0.271,-0.307,0.118,0.63,-0.479,-0.326,-0.031,-0.266,-0.221,0.113,-0.568,0.231,-0.544,-0.654,0.013,0.171,0.558,0.352,0.135,-0.393,0.057,-0.04,-0.168,0.177,-0.617,-0.523,0.689,-0.396,-0.063,-0.349,0.534,-0.222,0.47,0.448,-0.573,0.693,-0.21,-0.306,0.243,-0.199,-0.591,-0.477,-0.159,-0.068,0.232
BKNG,0.163,0.254,0.274,0.09,0.16,0.218,0.356,0.134,-0.306,0.039,0.346,0.411,0.337,0.687,0.054,0.206,0.114,0.2,0.132,0.503,0.307,-0.209,0.0,0.582,0.206,0.552,0.266,0.183,0.32,0.211,0.212,0.472,0.481,0.617,0.671,0.503,0.285,0.103,0.622,0.327,0.477,-0.175,0.693,0.012,0.519,0.297,0.36,0.178,-0.048,0.417,0.525,0.241,-0.236,0.326,0.506,0.475,0.094,-0.216,0.511,0.076,0.182,0.225,0.359,0.302,0.274,0.124,0.253,0.259,-0.053,0.265,0.814,0.374,0.216,0.49,0.525,0.194,0.168,0.317,0.51,0.317,0.264,0.484,0.283,-0.328,0.348,0.342,0.044,0.366,-0.061,0.12,0.536,0.501,0.509,0.477,0.464,0.103,-0.079,0.487,0.081,0.126,0.46,0.368,-0.305,0.359,-0.078,0.141,-0.372,-0.03,0.191,0.488,-0.043,0.168,0.56,-0.026,0.448,-0.142,0.34,-0.015,0.163,-0.053,-0.129,0.177,-0.193,0.63,0.498,0.135,0.272,0.316,0.021,-0.002,-0.135,0.132,0.368,-0.093,0.304,0.295,0.355,0.318,0.514,0.503,0.144,-0.235,0.309,0.565,-0.353,0.28,-0.1,0.287,0.396,0.456,-0.243,0.338,0.401,-0.168,0.476,0.023,0.374,0.164,-0.032,0.306,0.395,0.359,0.294,0.358,0.191,0.641,0.16,0.089,0.169,-0.494,0.188,-0.099,0.566,0.205,-0.007,0.47,0.304,0.454,0.399,0.513,0.034,0.221,0.714,0.271,0.422,-0.088,-0.036,-0.373,-0.206,0.491,-0.287,0.371,0.061,0.276,0.33,0.707,0.395,0.091,0.762,0.189
BL,-0.235,-0.228,0.444,0.426,0.267,0.461,0.604,0.582,-0.011,0.316,0.449,0.238,0.494,0.192,-0.147,0.527,0.436,0.285,0.437,0.145,0.574,0.325,0.582,0.0,0.516,0.492,0.546,0.371,0.133,0.416,0.494,0.577,0.449,0.573,0.516,0.681,0.39,0.474,0.347,0.69,0.683,-0.485,0.279,0.462,0.534,0.716,0.342,0.248,-0.178,0.242,0.204,0.386,0.303,-0.227,0.335,0.372,-0.22,0.144,0.523,-0.299,0.262,0.423,0.517,0.511,0.486,0.586,0.53,-0.228,0.414,-0.193,0.467,0.558,0.716,0.562,0.411,-0.049,-0.37,0.564,0.012,0.298,0.572,-0.003,0.528,-0.192,0.369,-0.093,-0.307,0.482,-0.496,0.278,0.492,0.107,0.64,0.09,0.195,-0.119,0.315,0.263,0.338,-0.28,0.129,0.565,-0.211,-0.248,-0.3,0.558,0.087,0.225,0.447,0.626,0.29,0.327,0.546,0.522,0.637,0.227,0.668,0.559,0.407,0.092,0.298,0.378,0.013,0.497,0.701,0.455,0.372,0.359,0.282,-0.298,0.39,0.091,0.467,-0.265,0.497,0.719,0.656,0.403,0.588,0.312,0.201,0.142,0.605,0.481,-0.049,0.607,0.418,0.335,0.16,0.516,-0.211,0.316,0.514,0.111,0.157,-0.079,0.279,0.411,0.264,-0.205,0.354,0.451,0.332,0.498,0.422,0.004,0.389,0.176,-0.345,-0.087,0.462,0.495,0.807,0.415,0.145,0.675,0.533,0.215,0.453,0.053,0.1,0.747,0.236,0.392,0.108,0.404,0.248,0.071,0.226,0.36,0.291,0.499,0.273,0.475,0.229,0.319,0.043,-0.159,0.752,0.551
BOKF,-0.621,-0.803,0.473,0.837,0.649,0.906,0.783,0.067,0.627,0.904,0.777,0.538,0.898,-0.074,-0.434,0.866,0.856,0.776,0.96,0.424,0.953,0.329,0.206,0.516,0.0,0.626,0.98,0.834,-0.112,0.849,0.968,0.801,0.268,0.734,0.512,0.605,0.811,0.871,0.161,0.685,0.732,-0.809,0.378,0.876,0.742,0.586,0.686,-0.219,-0.544,0.72,-0.403,0.848,0.803,-0.731,0.553,0.352,-0.746,0.565,0.833,-0.853,0.851,0.933,0.468,0.958,0.921,0.853,0.795,-0.814,0.519,-0.492,0.291,0.139,0.705,0.848,0.714,-0.253,-0.747,0.933,-0.405,0.585,0.928,-0.501,0.9,-0.625,0.867,-0.621,-0.796,0.688,-0.908,0.734,0.782,0.107,0.784,-0.071,-0.482,-0.825,0.868,0.27,0.866,-0.66,0.283,0.765,-0.334,-0.723,-0.571,0.949,0.565,0.511,0.931,0.816,0.243,0.729,0.368,0.736,0.743,0.807,0.845,0.719,0.718,-0.137,0.612,0.769,0.406,0.56,0.819,0.749,0.848,0.163,0.881,-0.715,0.395,-0.023,0.836,-0.486,0.917,0.683,0.801,0.883,0.807,-0.176,0.686,0.513,0.707,0.676,0.406,0.915,0.853,0.887,-0.462,0.802,-0.242,0.515,0.749,0.144,0.04,-0.489,0.517,0.885,0.306,-0.753,0.724,0.825,0.736,0.728,0.932,-0.371,0.962,0.185,-0.695,0.21,0.96,0.846,0.424,0.943,0.093,0.844,0.877,0.582,0.872,0.145,0.076,0.315,-0.001,0.879,0.309,0.86,0.549,0.637,-0.007,0.315,0.511,0.682,0.464,0.96,0.747,0.163,0.363,-0.609,0.522,0.937
BRKR,-0.287,-0.278,0.793,0.591,0.668,0.704,0.759,0.004,0.235,0.584,0.835,0.849,0.823,0.404,-0.331,0.77,0.592,0.712,0.64,0.785,0.776,-0.225,0.552,0.492,0.626,0.0,0.716,0.715,0.116,0.725,0.7,0.83,0.635,0.759,0.776,0.382,0.786,0.564,0.57,0.526,0.761,-0.676,0.708,0.383,0.862,0.27,0.711,-0.074,-0.537,0.801,0.166,0.521,0.366,-0.209,0.759,0.517,-0.237,0.386,0.73,-0.389,0.698,0.743,0.546,0.758,0.617,0.584,0.734,-0.276,0.0,0.052,0.71,0.098,0.396,0.844,0.832,0.138,-0.194,0.67,0.128,0.663,0.662,0.035,0.792,-0.626,0.746,-0.101,-0.506,0.465,-0.469,0.444,0.849,0.598,0.802,0.157,-0.195,-0.604,0.482,0.7,0.587,-0.488,0.566,0.779,-0.669,-0.238,-0.411,0.574,0.159,0.615,0.708,0.801,0.161,0.782,0.133,0.343,0.681,0.482,0.571,0.223,0.668,-0.389,0.473,0.428,0.501,0.735,0.684,0.449,0.811,0.449,0.687,-0.483,0.271,-0.114,0.718,-0.375,0.771,0.521,0.672,0.801,0.842,0.217,0.74,0.396,0.329,0.782,0.068,0.641,0.531,0.761,0.017,0.816,-0.396,0.563,0.834,-0.302,0.474,-0.425,0.79,0.688,-0.004,-0.185,0.835,0.807,0.793,0.704,0.756,0.173,0.654,0.444,-0.108,0.119,0.703,0.347,0.285,0.702,0.233,0.862,0.797,0.69,0.733,0.63,0.423,-0.005,0.392,0.831,0.589,0.406,0.509,0.199,-0.214,0.66,-0.068,0.691,0.449,0.685,0.821,0.754,0.74,-0.306,0.789,0.665
CACC,-0.588,-0.774,0.554,0.828,0.684,0.935,0.822,0.06,0.571,0.901,0.832,0.606,0.924,0.006,-0.429,0.918,0.861,0.81,0.954,0.509,0.968,0.265,0.266,0.546,0.98,0.716,0.0,0.875,-0.076,0.879,0.977,0.863,0.365,0.76,0.578,0.635,0.849,0.854,0.269,0.711,0.774,-0.821,0.434,0.853,0.788,0.568,0.731,-0.198,-0.557,0.764,-0.32,0.821,0.761,-0.67,0.614,0.427,-0.696,0.561,0.869,-0.813,0.864,0.96,0.519,0.973,0.919,0.865,0.822,-0.785,0.434,-0.452,0.37,0.122,0.718,0.896,0.752,-0.209,-0.697,0.941,-0.323,0.655,0.94,-0.444,0.934,-0.658,0.897,-0.571,-0.796,0.705,-0.888,0.74,0.846,0.152,0.824,-0.065,-0.471,-0.836,0.843,0.337,0.859,-0.68,0.363,0.819,-0.462,-0.687,-0.584,0.932,0.513,0.543,0.949,0.832,0.284,0.771,0.354,0.716,0.802,0.799,0.815,0.713,0.749,-0.18,0.605,0.767,0.444,0.621,0.842,0.757,0.885,0.206,0.897,-0.723,0.42,-0.035,0.851,-0.502,0.936,0.676,0.816,0.901,0.844,-0.11,0.718,0.496,0.652,0.736,0.349,0.913,0.851,0.913,-0.384,0.844,-0.304,0.557,0.797,0.062,0.079,-0.534,0.602,0.916,0.263,-0.706,0.776,0.89,0.785,0.767,0.957,-0.311,0.966,0.211,-0.633,0.203,0.969,0.819,0.434,0.952,0.147,0.891,0.914,0.624,0.898,0.247,0.155,0.284,0.001,0.912,0.382,0.834,0.577,0.579,-0.076,0.383,0.458,0.737,0.477,0.966,0.805,0.269,0.43,-0.594,0.593,0.946
CAR,-0.761,-0.706,0.652,0.87,0.88,0.84,0.905,-0.135,0.492,0.891,0.829,0.677,0.919,-0.053,-0.688,0.896,0.895,0.961,0.906,0.625,0.898,-0.061,0.183,0.371,0.834,0.715,0.875,0.0,-0.116,0.966,0.908,0.927,0.397,0.713,0.51,0.521,0.946,0.657,0.432,0.792,0.779,-0.756,0.36,0.748,0.806,0.42,0.859,-0.075,-0.761,0.818,-0.319,0.621,0.632,-0.501,0.793,0.632,-0.563,0.713,0.761,-0.616,0.786,0.936,0.66,0.897,0.739,0.89,0.914,-0.745,0.161,-0.277,0.408,-0.046,0.448,0.889,0.768,0.059,-0.575,0.758,-0.236,0.676,0.773,-0.495,0.934,-0.752,0.841,-0.398,-0.87,0.437,-0.813,0.546,0.793,0.363,0.836,0.029,-0.553,-0.872,0.743,0.292,0.765,-0.853,0.482,0.938,-0.525,-0.535,-0.796,0.749,0.43,0.684,0.896,0.671,0.427,0.876,0.012,0.736,0.66,0.826,0.579,0.494,0.912,-0.513,0.609,0.485,0.653,0.758,0.74,0.454,0.785,0.352,0.921,-0.838,0.471,-0.396,0.635,-0.708,0.909,0.396,0.562,0.917,0.837,0.136,0.863,0.311,0.311,0.749,0.154,0.74,0.832,0.841,-0.27,0.844,-0.638,0.79,0.884,-0.215,0.138,-0.811,0.627,0.906,-0.071,-0.673,0.875,0.865,0.877,0.9,0.921,-0.256,0.892,0.458,-0.489,0.249,0.929,0.679,0.259,0.863,0.451,0.849,0.938,0.535,0.732,0.349,0.388,0.059,-0.022,0.905,0.375,0.68,0.766,0.413,-0.262,0.614,0.254,0.871,0.669,0.837,0.814,0.392,0.505,-0.663,0.537,0.883
CDNA,0.369,0.397,-0.014,-0.112,-0.056,-0.058,-0.092,0.169,-0.388,-0.287,0.051,0.142,-0.018,0.642,0.147,0.021,-0.166,-0.125,-0.113,0.168,-0.023,-0.173,0.32,0.133,-0.112,0.116,-0.076,-0.116,0.0,-0.105,-0.138,-0.029,0.205,0.21,0.483,-0.128,-0.009,-0.138,0.375,-0.119,0.22,0.206,0.523,-0.284,0.208,0.001,-0.007,-0.045,0.402,0.117,0.46,0.126,-0.416,0.37,0.107,0.121,0.37,-0.307,0.228,0.253,0.116,-0.164,-0.168,-0.006,0.129,-0.164,-0.1,0.414,-0.216,0.431,0.273,0.067,0.194,-0.022,0.253,0.131,0.462,0.129,0.663,0.28,-0.08,0.581,-0.06,0.104,0.034,0.517,0.388,0.025,0.274,0.157,0.121,0.17,0.014,0.333,0.478,0.196,-0.406,0.22,0.051,0.3,0.227,-0.029,0.028,0.394,0.206,-0.135,-0.506,-0.189,-0.223,-0.083,0.05,-0.13,0.263,-0.341,0.018,-0.371,0.075,-0.22,-0.141,0.047,-0.307,0.007,-0.24,0.151,0.152,-0.073,0.022,0.194,-0.228,0.247,0.019,0.266,0.105,0.076,0.049,-0.108,0.001,-0.041,0.085,-0.013,-0.187,-0.176,0.013,0.236,-0.199,-0.195,-0.349,0.014,0.478,0.034,0.306,-0.005,0.123,-0.254,0.558,0.21,0.204,-0.145,0.045,0.502,-0.002,0.038,0.084,-0.032,-0.104,0.529,-0.159,-0.027,0.518,-0.301,-0.141,-0.252,0.141,0.001,-0.205,0.04,-0.07,0.371,0.154,0.345,-0.156,0.096,0.373,-0.103,0.538,-0.333,-0.188,-0.421,0.186,0.034,-0.484,-0.062,-0.212,0.02,0.027,0.206,0.287,0.569,0.187,-0.199
CG,-0.77,-0.692,0.687,0.905,0.922,0.794,0.938,-0.124,0.545,0.891,0.816,0.691,0.93,-0.064,-0.693,0.902,0.936,0.974,0.9,0.652,0.913,-0.089,0.211,0.416,0.849,0.725,0.879,0.966,-0.105,0.0,0.902,0.918,0.466,0.74,0.507,0.503,0.961,0.682,0.424,0.822,0.797,-0.721,0.375,0.739,0.835,0.461,0.896,0.025,-0.781,0.801,-0.297,0.613,0.66,-0.501,0.822,0.628,-0.557,0.785,0.768,-0.621,0.787,0.93,0.724,0.9,0.745,0.918,0.94,-0.707,0.174,-0.231,0.461,0.046,0.46,0.89,0.812,0.109,-0.533,0.761,-0.238,0.665,0.747,-0.5,0.934,-0.731,0.848,-0.357,-0.876,0.386,-0.778,0.505,0.759,0.407,0.873,0.041,-0.536,-0.866,0.767,0.325,0.763,-0.861,0.505,0.928,-0.462,-0.53,-0.801,0.769,0.474,0.745,0.903,0.697,0.351,0.912,0.006,0.774,0.672,0.844,0.608,0.534,0.931,-0.564,0.664,0.428,0.692,0.782,0.739,0.439,0.793,0.391,0.928,-0.835,0.489,-0.444,0.636,-0.672,0.928,0.438,0.557,0.938,0.871,0.172,0.885,0.322,0.315,0.758,0.15,0.742,0.863,0.838,-0.246,0.861,-0.578,0.809,0.899,-0.182,0.19,-0.758,0.637,0.891,-0.083,-0.651,0.899,0.858,0.906,0.931,0.911,-0.257,0.882,0.569,-0.468,0.324,0.925,0.686,0.267,0.878,0.469,0.853,0.966,0.546,0.713,0.364,0.439,0.047,0.033,0.923,0.399,0.667,0.819,0.449,-0.213,0.67,0.271,0.875,0.76,0.826,0.826,0.408,0.507,-0.654,0.528,0.908
CGBD,-0.662,-0.809,0.54,0.859,0.718,0.947,0.835,0.039,0.618,0.929,0.857,0.62,0.939,-0.058,-0.527,0.905,0.86,0.845,0.978,0.507,0.964,0.231,0.212,0.494,0.968,0.7,0.977,0.908,-0.138,0.902,0.0,0.866,0.315,0.74,0.523,0.606,0.872,0.836,0.22,0.72,0.777,-0.862,0.391,0.863,0.773,0.577,0.724,-0.249,-0.608,0.793,-0.413,0.788,0.779,-0.708,0.633,0.435,-0.699,0.603,0.821,-0.827,0.852,0.975,0.529,0.978,0.891,0.887,0.845,-0.82,0.432,-0.459,0.335,0.074,0.645,0.91,0.738,-0.218,-0.739,0.896,-0.381,0.645,0.924,-0.498,0.948,-0.678,0.884,-0.581,-0.853,0.653,-0.914,0.718,0.834,0.221,0.812,-0.05,-0.502,-0.869,0.859,0.313,0.873,-0.73,0.326,0.84,-0.439,-0.711,-0.617,0.921,0.528,0.557,0.948,0.829,0.272,0.781,0.247,0.747,0.772,0.821,0.795,0.642,0.791,-0.225,0.623,0.731,0.488,0.62,0.819,0.705,0.87,0.198,0.935,-0.772,0.438,-0.086,0.837,-0.594,0.936,0.646,0.796,0.923,0.861,-0.088,0.768,0.533,0.629,0.716,0.363,0.92,0.876,0.911,-0.464,0.84,-0.385,0.574,0.807,0.021,0.102,-0.602,0.592,0.911,0.251,-0.751,0.786,0.873,0.791,0.771,0.973,-0.358,0.982,0.266,-0.66,0.194,0.988,0.825,0.359,0.946,0.152,0.886,0.911,0.611,0.864,0.211,0.149,0.244,-0.027,0.917,0.348,0.833,0.602,0.583,-0.049,0.424,0.441,0.727,0.5,0.955,0.812,0.245,0.442,-0.621,0.561,0.961
