,ACET,ADAP,ADI,ADPT,ADTN,AGEN,ALGN,ALLK,AMD,AMWD,ARDX,ARQT,ASTE,AUPH,AVXL,AZTA,BAND,BECN,BFC,BGC,BHF,BHFAL,BKNG,BL,BOKF,BRKR,CACC,CAR,CDNA,CG,CGBD,CHI,CHTR,CHX,CLNE,CME,CNOB,CNXN,CPRX,CSGP,CSGS,CSIQ,CVCO,CVLT,CYRX,DDOG,DOOO,DSGX,DTIL,ECPG,EEFT,EFSC,ENTG,ESPR,ETSY,EXC,FAMI,FFIV,FITB,FIZZ,FMBH,FOX,FTNT,FULT,GABC,GEN,GH,GMAB,GNPX,GO,GOGL,GOOG,GPRO,GSHD,GSM,GWAV,HAIN,HBAN,HEPA,HURN,HWKN,IBIO,ICFI,IGMS,IMKTA,INCY,INO,IRDM,IRTC,IRWD,ITCI,JACK,JD,JJSF,KALA,KHC,KLAC,KRRO,KRYS,LANC,LBTYA,LIVN,LKCO,LNTH,LOGI,LPRO,LRCX,LSCC,LSTR,MAR,MARA,MCHP,MEOH,META,MGTX,MKSI,MMYT,MORN,MRUS,MTLS,MTSI,MVIS,MXL,NBIX,NFE,NMIH,NMRK,NNDM,NSIT,NTCT,NVAX,OCUL,ODP,OLED,ONB,OTEX,PACB,PATK,PAYX,PEP,PERI,PI,PLYA,PRDO,PRGS,PTGX,QCOM,QCRH,QDEL,QFIN,RGEN,RILY,RPAY,RPD,SABR,SEDG,SHEN,SIRI,SLNO,SNDL,SNEX,SONO,SPT,SSNC,STGW,STKL,STRL,STX,SWTX,SYNA,TFSL,TIGR,TNXP,TOWN,TRI,TRIP,TRMB,TRNS,TRS,TSCO,TSEM,TVTX,TXRH,VC,VCEL,VECO,VIAV,VICR,VIR,VRTX,VSTM,VTRS,WDFC,WSBC,WSC,WYNN,XENE,XNCR,XRAY,ZS
ACET,0.0,0.778,-0.627,0.616,-0.626,0.82,-0.871,0.759,0.601,-0.862,0.823,0.587,-0.252,0.451,0.844,-0.155,-0.362,-0.848,0.686,0.505,-0.728,0.831,-0.61,-0.423,0.771,0.579,-0.324,-0.825,-0.666,-0.761,-0.642,-0.758,-0.835,-0.729,-0.729,-0.216,-0.449,0.673,-0.704,-0.874,-0.788,0.319,-0.592,-0.457,0.756,-0.289,-0.758,-0.69,0.881,0.184,-0.682,0.778,0.085,-0.388,0.553,-0.416,0.712,0.312,-0.05,-0.419,0.796,-0.705,-0.888,0.719,0.814,-0.327,-0.409,0.769,0.109,-0.772,0.655,0.688,0.522,-0.563,0.705,0.428,-0.699,0.293,0.627,0.125,0.781,0.899,-0.07,0.722,0.832,-0.141,0.644,0.436,0.149,0.855,0.789,-0.73,0.637,-0.685,-0.089,0.846,-0.368,0.715,0.784,-0.313,-0.212,-0.813,0.483,0.529,0.33,0.444,-0.796,-0.789,-0.824,-0.313,-0.833,-0.795,0.472,-0.768,0.815,-0.848,0.526,0.752,-0.474,0.418,-0.73,0.73,-0.459,0.075,0.839,0.248,0.478,-0.595,-0.314,-0.343,0.274,0.606,-0.684,0.48,-0.356,0.474,0.466,-0.418,0.086,-0.44,0.644,0.744,0.866,0.648,0.641,0.535,0.109,0.648,0.776,-0.805,0.895,-0.916,-0.807,0.228,0.51,0.484,0.554,-0.806,0.854,0.49,0.667,-0.047,0.369,-0.817,0.573,0.763,-0.643,-0.161,0.618,-0.364,0.304,0.632,0.753,0.765,-0.858,0.053,-0.504,0.8,0.178,-0.155,0.62,0.81,-0.353,0.63,-0.803,-0.204,-0.909,0.561,0.591,-0.72,0.893,-0.378,0.467,0.632,-0.209,-0.308,0.758,0.799,-0.577,0.457
ADAP,0.778,0.0,-0.4,0.809,-0.3,0.76,-0.712,0.904,0.777,-0.674,0.834,0.703,0.105,0.581,0.785,0.247,0.001,-0.736,0.788,0.649,-0.475,0.636,-0.449,-0.428,0.875,0.678,-0.212,-0.803,-0.478,-0.441,-0.399,-0.495,-0.604,-0.554,-0.56,-0.069,-0.349,0.828,-0.732,-0.823,-0.712,0.501,-0.512,-0.21,0.909,0.082,-0.458,-0.359,0.857,0.409,-0.444,0.858,0.347,-0.298,0.68,-0.274,0.702,0.587,0.164,-0.411,0.699,-0.486,-0.655,0.836,0.837,0.066,-0.169,0.744,0.348,-0.596,0.636,0.848,0.703,-0.525,0.767,0.655,-0.681,0.525,0.656,0.029,0.815,0.806,0.201,0.703,0.822,-0.137,0.727,0.17,0.433,0.75,0.707,-0.494,0.773,-0.616,-0.14,0.891,-0.084,0.774,0.852,-0.503,-0.039,-0.6,0.614,0.36,0.354,0.694,-0.602,-0.469,-0.735,0.009,-0.796,-0.493,0.575,-0.68,0.792,-0.597,0.646,0.894,-0.268,0.305,-0.399,0.665,-0.078,0.047,0.889,0.357,0.594,-0.31,-0.093,-0.148,0.609,0.522,-0.69,0.65,-0.047,0.703,0.545,-0.047,0.377,-0.437,0.604,0.778,0.91,0.719,0.791,0.399,0.397,0.654,0.778,-0.646,0.828,-0.78,-0.521,0.452,0.735,0.645,0.689,-0.652,0.824,0.731,0.797,0.34,0.686,-0.575,0.598,0.781,-0.485,0.131,0.788,0.011,0.549,0.767,0.896,0.845,-0.897,0.297,-0.096,0.777,0.379,-0.238,0.703,0.874,-0.004,0.787,-0.864,0.073,-0.703,0.565,0.756,-0.62,0.833,-0.169,0.73,0.754,0.021,-0.222,0.721,0.843,-0.413,0.714
ADI,-0.627,-0.4,0.0,-0.032,0.779,-0.504,0.725,-0.246,-0.038,0.643,-0.303,0.028,0.721,-0.274,-0.536,0.352,0.625,0.656,-0.137,0.039,0.623,-0.6,0.263,0.232,-0.33,-0.026,0.292,0.473,0.369,0.78,0.479,0.552,0.591,0.496,0.433,-0.037,0.699,-0.26,0.292,0.474,0.456,-0.259,0.383,0.229,-0.232,0.446,0.75,0.618,-0.534,-0.038,0.412,-0.418,0.436,0.002,-0.125,0.271,-0.274,0.275,-0.018,-0.002,-0.369,0.545,0.719,-0.256,-0.393,0.657,0.642,-0.306,0.029,0.59,-0.211,-0.229,-0.21,0.588,-0.118,0.041,0.539,-0.087,-0.472,-0.032,-0.406,-0.512,0.587,-0.376,-0.346,0.284,-0.468,-0.566,0.159,-0.536,-0.583,0.697,-0.078,0.3,-0.313,-0.438,0.656,-0.239,-0.304,-0.065,0.256,0.532,-0.11,-0.406,-0.264,-0.003,0.728,0.898,0.548,0.425,0.379,0.884,-0.447,0.508,-0.4,0.799,-0.117,-0.334,0.615,-0.597,0.775,-0.529,0.706,-0.016,-0.391,-0.17,-0.057,0.472,0.753,0.075,0.186,-0.507,0.411,-0.195,0.628,0.003,-0.16,0.723,0.162,0.294,-0.107,-0.223,-0.471,-0.29,-0.132,-0.299,0.542,-0.259,-0.373,0.613,-0.459,0.532,0.789,-0.105,0.092,-0.14,-0.076,0.537,-0.465,-0.219,-0.105,0.301,0.167,0.682,-0.106,-0.435,0.442,0.706,-0.023,0.806,0.204,-0.186,-0.391,-0.264,0.468,0.389,0.706,-0.389,-0.037,0.261,-0.014,-0.504,0.477,-0.03,0.411,0.219,0.681,-0.025,-0.076,0.703,-0.619,0.298,0.098,-0.261,0.405,0.458,-0.277,-0.356,0.342,0.175
ADPT,0.616,0.809,-0.032,0.0,0.055,0.66,-0.395,0.821,0.733,-0.56,0.838,0.748,0.367,0.253,0.631,0.299,0.333,-0.475,0.837,0.691,-0.445,0.497,-0.468,-0.213,0.838,0.752,-0.206,-0.658,-0.433,-0.198,-0.457,-0.329,-0.578,-0.622,-0.583,-0.286,0.16,0.702,-0.589,-0.64,-0.601,0.396,-0.465,-0.357,0.951,0.08,-0.185,-0.157,0.676,0.386,-0.525,0.762,0.431,-0.374,0.87,-0.229,0.781,0.831,0.043,-0.4,0.73,-0.411,-0.425,0.838,0.774,0.448,0.263,0.57,0.075,-0.58,0.742,0.773,0.643,-0.313,0.933,0.844,-0.582,0.396,0.598,-0.074,0.701,0.685,0.44,0.494,0.774,-0.02,0.417,-0.142,0.3,0.601,0.538,-0.421,0.904,-0.625,-0.336,0.755,0.045,0.713,0.757,-0.767,-0.015,-0.432,0.719,0.436,0.059,0.623,-0.431,-0.226,-0.638,-0.079,-0.817,-0.271,0.297,-0.537,0.683,-0.294,0.607,0.806,0.022,-0.094,-0.301,0.373,0.067,0.274,0.869,0.102,0.518,-0.419,0.11,-0.392,0.722,0.233,-0.75,0.471,0.135,0.644,0.412,0.191,0.49,-0.263,0.735,0.696,0.812,0.71,0.652,0.536,0.687,0.616,0.749,-0.615,0.721,-0.645,-0.319,0.339,0.794,0.498,0.75,-0.689,0.658,0.519,0.95,0.332,0.848,-0.279,0.729,0.702,-0.625,0.552,0.769,0.256,0.644,0.699,0.753,0.824,-0.751,0.499,0.173,0.77,0.153,-0.145,0.922,0.796,-0.015,0.847,-0.817,0.014,-0.562,0.591,0.771,-0.267,0.687,0.061,0.903,0.626,0.131,0.122,0.796,0.806,-0.266,0.84
ADTN,-0.626,-0.3,0.779,0.055,0.0,-0.593,0.798,-0.313,-0.188,0.637,-0.334,-0.063,0.537,-0.404,-0.628,0.327,0.786,0.801,-0.138,-0.024,0.495,-0.743,0.261,0.3,-0.344,-0.143,0.081,0.598,0.255,0.865,0.394,0.73,0.511,0.443,0.303,0.067,0.786,-0.328,0.41,0.589,0.513,0.013,0.078,0.303,-0.18,0.284,0.857,0.826,-0.622,0.053,0.366,-0.443,0.05,0.374,0.096,0.558,-0.169,0.339,0.022,0.365,-0.497,0.396,0.828,-0.306,-0.472,0.752,0.865,-0.332,-0.204,0.53,-0.041,-0.149,-0.326,0.376,-0.087,0.254,0.529,-0.194,-0.226,-0.074,-0.526,-0.613,0.511,-0.572,-0.402,0.483,-0.444,-0.793,0.071,-0.67,-0.472,0.638,0.02,0.405,-0.272,-0.391,0.276,-0.346,-0.386,-0.357,0.265,0.74,-0.043,-0.14,-0.587,-0.193,0.451,0.835,0.382,0.157,0.422,0.805,-0.434,0.693,-0.439,0.743,-0.316,-0.251,0.868,-0.821,0.563,-0.752,0.703,0.396,-0.362,-0.455,-0.328,0.434,0.515,-0.07,0.184,-0.784,0.161,-0.425,0.455,-0.233,-0.446,0.577,0.289,0.603,0.025,-0.442,-0.454,-0.168,-0.289,-0.396,0.403,-0.44,-0.149,0.463,-0.566,0.645,0.79,-0.295,-0.055,-0.351,-0.227,0.422,-0.593,-0.272,0.002,0.244,0.212,0.873,-0.268,-0.318,0.315,0.768,-0.06,0.587,0.077,-0.303,-0.276,-0.333,0.488,0.148,0.711,-0.498,-0.274,0.208,0.091,-0.422,0.32,-0.072,0.266,-0.057,0.73,-0.361,-0.26,0.837,-0.521,0.712,0.244,-0.403,0.17,0.418,-0.342,-0.46,0.295,0.093
AGEN,0.82,0.76,-0.504,0.66,-0.593,0.0,-0.8,0.815,0.711,-0.764,0.897,0.66,-0.06,0.441,0.861,0.113,-0.336,-0.848,0.757,0.553,-0.628,0.792,-0.566,-0.447,0.826,0.669,-0.208,-0.832,-0.452,-0.661,-0.451,-0.673,-0.714,-0.744,-0.617,-0.196,-0.39,0.727,-0.694,-0.846,-0.783,0.168,-0.387,-0.419,0.776,-0.072,-0.757,-0.716,0.87,0.407,-0.612,0.821,0.351,-0.553,0.593,-0.593,0.721,0.408,0.053,-0.553,0.833,-0.421,-0.828,0.831,0.868,-0.152,-0.382,0.557,0.205,-0.765,0.531,0.635,0.627,-0.411,0.667,0.394,-0.842,0.421,0.501,-0.107,0.858,0.856,0.016,0.791,0.819,-0.429,0.602,0.414,0.199,0.885,0.757,-0.629,0.59,-0.695,-0.027,0.761,-0.065,0.77,0.851,-0.354,-0.249,-0.733,0.431,0.351,0.511,0.586,-0.577,-0.685,-0.672,-0.079,-0.851,-0.694,0.45,-0.854,0.82,-0.667,0.594,0.741,-0.528,0.517,-0.529,0.772,-0.323,-0.124,0.827,0.417,0.653,-0.553,-0.089,-0.161,0.504,0.729,-0.643,0.574,-0.209,0.634,0.679,-0.157,0.245,-0.614,0.545,0.843,0.879,0.641,0.666,0.678,0.292,0.805,0.55,-0.721,0.841,-0.862,-0.742,0.403,0.651,0.589,0.742,-0.749,0.902,0.563,0.687,0.135,0.523,-0.804,0.805,0.625,-0.61,-0.05,0.623,-0.18,0.521,0.739,0.702,0.834,-0.898,0.251,-0.298,0.91,0.306,-0.306,0.576,0.77,-0.292,0.707,-0.758,0.11,-0.881,0.68,0.781,-0.707,0.786,-0.493,0.486,0.743,0.182,-0.22,0.873,0.901,-0.394,0.582
ALGN,-0.871,-0.712,0.725,-0.395,0.798,-0.8,0.0,-0.734,-0.617,0.851,-0.708,-0.503,0.365,-0.602,-0.851,0.14,0.524,0.945,-0.595,-0.429,0.587,-0.835,0.556,0.548,-0.739,-0.495,0.19,0.87,0.499,0.817,0.451,0.832,0.643,0.584,0.585,0.127,0.683,-0.653,0.807,0.908,0.819,-0.21,0.439,0.407,-0.613,0.194,0.837,0.814,-0.897,-0.124,0.536,-0.777,-0.154,0.406,-0.285,0.467,-0.52,-0.152,-0.061,0.496,-0.732,0.486,0.926,-0.675,-0.8,0.509,0.66,-0.689,-0.319,0.616,-0.328,-0.55,-0.51,0.602,-0.491,-0.214,0.676,-0.419,-0.387,-0.059,-0.784,-0.845,0.222,-0.815,-0.766,0.317,-0.74,-0.593,-0.181,-0.833,-0.674,0.689,-0.455,0.683,-0.074,-0.789,0.283,-0.727,-0.785,0.058,0.091,0.878,-0.356,-0.191,-0.599,-0.476,0.675,0.815,0.656,0.102,0.728,0.787,-0.601,0.825,-0.795,0.868,-0.48,-0.661,0.722,-0.659,0.631,-0.859,0.534,0.295,-0.724,-0.479,-0.598,0.42,0.363,0.129,-0.235,-0.813,0.426,-0.572,0.292,-0.51,-0.558,0.395,-0.083,0.633,-0.446,-0.767,-0.765,-0.536,-0.644,-0.431,-0.007,-0.719,-0.509,0.622,-0.845,0.904,0.835,-0.374,-0.492,-0.608,-0.516,0.614,-0.869,-0.57,-0.465,0.016,-0.29,0.917,-0.543,-0.565,0.437,0.387,-0.528,0.373,-0.328,-0.682,-0.697,-0.724,0.832,0.021,0.536,-0.725,-0.421,0.278,-0.332,-0.716,0.267,-0.543,0.694,0.058,0.866,-0.604,-0.563,0.896,-0.828,0.62,-0.277,-0.708,0.118,0.558,-0.647,-0.733,0.568,-0.362
ALLK,0.759,0.904,-0.246,0.821,-0.313,0.815,-0.734,0.0,0.931,-0.676,0.895,0.852,0.214,0.666,0.844,0.358,0.041,-0.79,0.892,0.773,-0.365,0.671,-0.488,-0.466,0.948,0.802,-0.053,-0.894,-0.401,-0.396,-0.278,-0.578,-0.499,-0.514,-0.523,-0.108,-0.317,0.879,-0.864,-0.908,-0.781,0.397,-0.407,-0.271,0.917,0.223,-0.455,-0.426,0.904,0.394,-0.416,0.91,0.588,-0.476,0.611,-0.377,0.695,0.675,0.235,-0.631,0.773,-0.311,-0.655,0.923,0.924,0.122,-0.204,0.779,0.473,-0.514,0.543,0.833,0.741,-0.418,0.788,0.603,-0.649,0.657,0.449,0.025,0.898,0.84,0.296,0.828,0.897,-0.187,0.741,0.236,0.53,0.783,0.642,-0.412,0.801,-0.696,-0.187,0.892,0.127,0.913,0.958,-0.437,0.059,-0.682,0.58,0.163,0.526,0.82,-0.463,-0.39,-0.621,0.199,-0.841,-0.395,0.612,-0.758,0.9,-0.537,0.689,0.907,-0.348,0.361,-0.273,0.761,-0.038,-0.158,0.898,0.509,0.798,-0.234,0.092,-0.108,0.742,0.662,-0.554,0.737,0.147,0.854,0.714,0.146,0.485,-0.595,0.647,0.933,0.893,0.752,0.891,0.453,0.584,0.834,0.666,-0.537,0.89,-0.834,-0.493,0.558,0.897,0.812,0.825,-0.563,0.911,0.805,0.815,0.457,0.799,-0.62,0.745,0.656,-0.404,0.22,0.884,0.186,0.755,0.915,0.892,0.94,-0.937,0.413,0.02,0.834,0.547,-0.236,0.684,0.815,0.089,0.897,-0.833,0.175,-0.696,0.775,0.856,-0.636,0.796,-0.357,0.757,0.889,0.224,-0.271,0.808,0.889,-0.415,0.846
AMD,0.601,0.777,-0.038,0.733,-0.188,0.711,-0.617,0.931,0.0,-0.53,0.818,0.841,0.315,0.634,0.727,0.441,0.096,-0.666,0.829,0.82,-0.216,0.542,-0.427,-0.476,0.858,0.763,0.013,-0.805,-0.34,-0.207,-0.106,-0.486,-0.324,-0.376,-0.416,-0.026,-0.217,0.824,-0.841,-0.829,-0.723,0.313,-0.322,-0.178,0.818,0.389,-0.332,-0.332,0.795,0.341,-0.306,0.81,0.713,-0.521,0.531,-0.326,0.578,0.722,0.241,-0.684,0.66,-0.104,-0.495,0.859,0.83,0.215,-0.173,0.734,0.562,-0.361,0.436,0.775,0.658,-0.22,0.68,0.536,-0.532,0.643,0.218,-0.015,0.804,0.726,0.39,0.806,0.805,-0.163,0.635,0.183,0.636,0.688,0.485,-0.215,0.734,-0.626,-0.276,0.785,0.317,0.872,0.897,-0.374,0.164,-0.593,0.466,-0.024,0.57,0.817,-0.268,-0.209,-0.457,0.365,-0.744,-0.205,0.519,-0.651,0.854,-0.379,0.594,0.818,-0.278,0.285,-0.079,0.685,0.127,-0.283,0.758,0.564,0.829,-0.074,0.329,-0.02,0.774,0.614,-0.39,0.706,0.287,0.889,0.713,0.313,0.513,-0.561,0.607,0.918,0.753,0.63,0.869,0.355,0.726,0.815,0.494,-0.341,0.765,-0.724,-0.335,0.545,0.916,0.821,0.827,-0.392,0.814,0.756,0.746,0.517,0.806,-0.517,0.741,0.481,-0.233,0.344,0.875,0.363,0.828,0.912,0.796,0.875,-0.838,0.468,0.148,0.741,0.584,-0.196,0.621,0.651,0.172,0.873,-0.701,0.239,-0.537,0.777,0.829,-0.497,0.65,-0.4,0.74,0.852,0.4,-0.227,0.728,0.8,-0.408,0.901
AMWD,-0.862,-0.674,0.643,-0.56,0.637,-0.764,0.851,-0.676,-0.53,0.0,-0.729,-0.477,0.394,-0.306,-0.791,0.318,0.34,0.865,-0.568,-0.331,0.794,-0.858,0.61,0.344,-0.744,-0.461,0.308,0.838,0.55,0.847,0.72,0.871,0.79,0.813,0.715,0.361,0.404,-0.483,0.721,0.806,0.879,-0.149,0.548,0.657,-0.695,0.249,0.762,0.724,-0.832,0.103,0.782,-0.711,-0.067,0.435,-0.49,0.499,-0.561,-0.261,0.203,0.498,-0.809,0.624,0.848,-0.65,-0.773,0.359,0.345,-0.58,0.032,0.703,-0.463,-0.574,-0.415,0.576,-0.678,-0.411,0.719,-0.173,-0.466,0.166,-0.659,-0.829,0.24,-0.657,-0.75,0.262,-0.494,-0.367,0.04,-0.794,-0.599,0.885,-0.606,0.86,0.007,-0.743,0.365,-0.7,-0.73,0.282,0.073,0.89,-0.622,-0.389,-0.32,-0.346,0.683,0.792,0.71,0.386,0.851,0.827,-0.38,0.743,-0.751,0.782,-0.529,-0.578,0.598,-0.352,0.808,-0.645,0.716,0.035,-0.77,-0.143,-0.442,0.715,0.458,0.493,-0.201,-0.603,0.588,-0.378,0.343,-0.401,-0.364,0.446,-0.044,0.468,-0.58,-0.653,-0.74,-0.484,-0.45,-0.652,-0.09,-0.642,-0.539,0.729,-0.843,0.907,0.878,-0.239,-0.461,-0.43,-0.46,0.809,-0.789,-0.317,-0.584,0.26,-0.395,0.784,-0.59,-0.57,0.738,0.16,-0.439,0.371,-0.219,-0.608,-0.624,-0.687,0.735,-0.061,0.506,-0.752,-0.126,0.236,-0.543,-0.76,0.439,-0.519,0.752,0.332,0.915,-0.615,-0.561,0.688,-0.834,0.496,-0.373,-0.557,0.267,0.412,-0.754,-0.743,0.609,-0.434
ARDX,0.823,0.834,-0.303,0.838,-0.334,0.897,-0.708,0.895,0.818,-0.729,0.0,0.844,0.119,0.401,0.807,0.141,-0.114,-0.732,0.874,0.694,-0.612,0.683,-0.641,-0.493,0.858,0.77,-0.291,-0.81,-0.616,-0.495,-0.478,-0.595,-0.737,-0.739,-0.718,-0.264,-0.191,0.77,-0.735,-0.85,-0.777,0.239,-0.561,-0.454,0.896,-0.075,-0.597,-0.564,0.833,0.449,-0.657,0.816,0.395,-0.51,0.766,-0.424,0.8,0.608,-0.032,-0.508,0.804,-0.504,-0.728,0.859,0.859,0.052,-0.119,0.688,0.185,-0.73,0.706,0.748,0.581,-0.47,0.839,0.612,-0.794,0.367,0.544,-0.022,0.839,0.822,0.261,0.739,0.863,-0.242,0.565,0.143,0.288,0.81,0.793,-0.533,0.791,-0.73,-0.232,0.84,-0.075,0.804,0.909,-0.576,-0.214,-0.655,0.546,0.42,0.317,0.603,-0.622,-0.52,-0.77,-0.076,-0.883,-0.544,0.345,-0.744,0.833,-0.601,0.611,0.841,-0.245,0.238,-0.484,0.63,-0.13,0.061,0.879,0.268,0.617,-0.506,0.062,-0.325,0.605,0.528,-0.753,0.507,-0.138,0.656,0.569,-0.035,0.373,-0.435,0.765,0.875,0.923,0.698,0.768,0.587,0.494,0.751,0.691,-0.71,0.845,-0.862,-0.626,0.269,0.767,0.55,0.771,-0.789,0.881,0.573,0.876,0.205,0.686,-0.676,0.806,0.727,-0.622,0.25,0.779,-0.028,0.602,0.771,0.787,0.874,-0.92,0.312,-0.191,0.887,0.215,-0.191,0.787,0.794,-0.218,0.874,-0.867,-0.024,-0.812,0.672,0.803,-0.546,0.809,-0.31,0.726,0.708,0.179,-0.126,0.928,0.888,-0.525,0.745
ARQT,0.587,0.703,0.028,0.748,-0.063,0.66,-0.503,0.852,0.841,-0.477,0.844,0.0,0.367,0.532,0.64,0.304,0.138,-0.539,0.843,0.761,-0.221,0.395,-0.556,-0.53,0.752,0.764,-0.121,-0.682,-0.475,-0.205,-0.15,-0.435,-0.377,-0.377,-0.49,-0.163,-0.088,0.705,-0.753,-0.734,-0.616,0.209,-0.439,-0.293,0.764,0.131,-0.28,-0.323,0.655,0.411,-0.417,0.685,0.597,-0.461,0.56,-0.225,0.635,0.654,0.087,-0.533,0.589,-0.22,-0.458,0.742,0.711,0.184,0.051,0.675,0.384,-0.34,0.566,0.65,0.476,-0.353,0.727,0.605,-0.516,0.458,0.262,0.101,0.711,0.605,0.506,0.696,0.763,-0.092,0.574,-0.042,0.457,0.57,0.595,-0.17,0.752,-0.588,-0.327,0.723,0.183,0.791,0.858,-0.504,0.017,-0.491,0.439,0.074,0.328,0.648,-0.389,-0.142,-0.505,0.259,-0.687,-0.133,0.337,-0.565,0.72,-0.37,0.537,0.758,-0.035,0.092,-0.129,0.52,0.143,-0.061,0.717,0.3,0.691,-0.11,0.333,-0.201,0.729,0.414,-0.496,0.502,0.174,0.676,0.55,0.291,0.553,-0.386,0.74,0.832,0.72,0.647,0.835,0.332,0.641,0.677,0.532,-0.39,0.691,-0.688,-0.324,0.244,0.808,0.619,0.693,-0.438,0.749,0.621,0.779,0.428,0.793,-0.455,0.703,0.475,-0.292,0.436,0.85,0.276,0.75,0.763,0.713,0.789,-0.784,0.354,0.113,0.647,0.397,-0.015,0.664,0.533,0.101,0.915,-0.726,0.056,-0.511,0.671,0.717,-0.373,0.578,-0.243,0.754,0.684,0.3,-0.206,0.774,0.688,-0.498,0.797
ASTE,-0.252,0.105,0.721,0.367,0.537,-0.06,0.365,0.214,0.315,0.394,0.119,0.367,0.0,0.132,-0.068,0.638,0.579,0.233,0.272,0.358,0.49,-0.216,0.132,0.114,0.133,0.381,0.307,0.03,0.253,0.539,0.393,0.333,0.305,0.272,0.318,-0.038,0.451,0.335,0.012,0.075,0.231,-0.019,0.362,0.228,0.229,0.439,0.481,0.403,-0.071,0.352,0.294,0.1,0.699,-0.292,0.153,0.012,0.048,0.487,0.215,-0.216,0.034,0.326,0.333,0.247,0.08,0.694,0.455,0.011,0.305,0.228,0.114,0.136,0.358,0.371,0.268,0.254,0.17,0.333,-0.101,0.111,0.156,-0.075,0.786,0.024,0.085,0.06,-0.035,-0.349,0.496,-0.079,-0.171,0.501,0.22,0.158,-0.419,-0.043,0.709,0.124,0.13,-0.204,0.063,0.264,0.177,-0.257,0.032,0.495,0.474,0.636,0.237,0.587,-0.022,0.602,-0.029,0.019,-0.036,0.459,0.364,0.161,0.41,-0.241,0.652,-0.085,0.719,-0.065,0.086,0.217,0.367,0.363,0.75,0.278,0.537,-0.113,0.053,0.305,0.691,0.447,0.319,0.793,0.355,-0.106,0.046,0.223,0.065,0.122,0.34,-0.016,0.671,0.116,-0.009,0.243,0.004,0.148,0.56,0.266,0.486,0.255,0.406,0.215,0.013,0.284,0.268,0.593,0.46,0.341,0.281,-0.016,0.235,0.666,0.364,0.831,0.533,0.21,0.068,0.204,-0.051,0.632,0.699,0.123,0.291,0.117,0.248,-0.023,0.632,0.372,0.083,0.55,0.306,0.285,0.388,0.28,-0.211,0.198,0.418,0.201,0.57,0.467,0.087,0.144,0.318,0.474
AUPH,0.451,0.581,-0.274,0.253,-0.404,0.441,-0.602,0.666,0.634,-0.306,0.401,0.532,0.132,0.0,0.639,0.41,-0.05,-0.63,0.481,0.581,0.143,0.423,-0.054,-0.383,0.606,0.445,0.331,-0.66,-0.048,-0.234,0.201,-0.378,-0.001,0.083,-0.032,0.323,-0.613,0.708,-0.654,-0.647,-0.422,0.415,-0.018,0.18,0.424,0.331,-0.276,-0.259,0.644,0.257,0.139,0.639,0.502,-0.259,-0.008,-0.175,0.232,0.238,0.554,-0.486,0.372,0.046,-0.416,0.559,0.607,-0.152,-0.527,0.682,0.799,-0.056,0.161,0.529,0.613,-0.248,0.267,0.115,-0.215,0.774,0.126,0.263,0.678,0.523,0.133,0.721,0.587,-0.152,0.834,0.464,0.677,0.516,0.399,-0.023,0.336,-0.226,-0.016,0.599,0.257,0.635,0.652,0.167,0.256,-0.511,0.151,-0.231,0.723,0.745,-0.198,-0.227,-0.178,0.543,-0.357,-0.151,0.814,-0.539,0.64,-0.432,0.464,0.658,-0.445,0.62,0.062,0.784,0.045,-0.459,0.503,0.776,0.737,0.291,0.068,0.422,0.485,0.713,-0.035,0.769,0.263,0.676,0.701,0.175,0.317,-0.603,0.161,0.648,0.521,0.534,0.764,-0.002,0.191,0.596,0.324,-0.077,0.599,-0.508,-0.235,0.63,0.559,0.823,0.49,-0.003,0.65,0.832,0.273,0.567,0.414,-0.493,0.299,0.312,0.188,-0.205,0.655,0.157,0.567,0.698,0.675,0.605,-0.641,0.188,0.078,0.419,0.834,-0.048,0.054,0.421,0.437,0.54,-0.359,0.418,-0.34,0.517,0.502,-0.672,0.502,-0.411,0.308,0.768,0.195,-0.503,0.307,0.493,-0.24,0.449
AVXL,0.844,0.785,-0.536,0.631,-0.628,0.861,-0.851,0.844,0.727,-0.791,0.807,0.64,-0.068,0.639,0.0,0.136,-0.18,-0.908,0.733,0.644,-0.529,0.857,-0.398,-0.438,0.903,0.621,-0.011,-0.943,-0.428,-0.648,-0.455,-0.716,-0.624,-0.621,-0.549,-0.024,-0.46,0.786,-0.764,-0.916,-0.824,0.381,-0.29,-0.358,0.789,-0.06,-0.64,-0.61,0.935,0.231,-0.478,0.906,0.381,-0.5,0.487,-0.474,0.584,0.405,0.23,-0.631,0.85,-0.385,-0.829,0.861,0.945,-0.174,-0.501,0.692,0.386,-0.699,0.55,0.649,0.733,-0.427,0.707,0.413,-0.724,0.593,0.525,0.035,0.935,0.89,0.02,0.827,0.911,-0.368,0.719,0.528,0.329,0.921,0.677,-0.649,0.672,-0.688,-0.114,0.851,-0.013,0.81,0.847,-0.182,0.013,-0.843,0.476,0.286,0.577,0.706,-0.542,-0.7,-0.566,-0.021,-0.876,-0.652,0.709,-0.916,0.889,-0.693,0.608,0.827,-0.643,0.586,-0.465,0.894,-0.366,-0.222,0.895,0.565,0.75,-0.426,-0.188,-0.083,0.517,0.808,-0.561,0.769,-0.058,0.704,0.71,-0.109,0.213,-0.676,0.465,0.84,0.875,0.69,0.736,0.607,0.267,0.876,0.605,-0.615,0.921,-0.888,-0.732,0.583,0.661,0.755,0.768,-0.642,0.92,0.69,0.676,0.213,0.525,-0.763,0.74,0.663,-0.515,-0.136,0.694,-0.128,0.552,0.852,0.832,0.89,-0.912,0.25,-0.214,0.885,0.508,-0.201,0.54,0.804,-0.081,0.72,-0.727,0.17,-0.865,0.723,0.747,-0.83,0.889,-0.473,0.524,0.871,0.084,-0.283,0.79,0.892,-0.398,0.589
AZTA,-0.155,0.247,0.352,0.299,0.327,0.113,0.14,0.358,0.441,0.318,0.141,0.304,0.638,0.41,0.136,0.0,0.505,0.022,0.342,0.46,0.483,-0.12,0.258,0.018,0.315,0.368,0.519,-0.127,0.404,0.504,0.563,0.346,0.392,0.292,0.371,0.357,0.102,0.508,-0.083,-0.105,0.095,0.38,0.364,0.536,0.28,0.633,0.332,0.381,0.13,0.518,0.475,0.305,0.638,-0.115,0.101,0.009,0.048,0.499,0.677,-0.275,0.052,0.513,0.244,0.425,0.259,0.617,0.062,0.144,0.581,0.165,0.022,0.305,0.532,0.309,0.109,0.222,0.053,0.701,-0.033,0.061,0.325,0.049,0.509,0.242,0.175,-0.05,0.251,-0.035,0.695,0.086,-0.047,0.441,0.197,0.179,-0.168,0.099,0.64,0.291,0.241,-0.11,0.25,0.213,0.019,-0.297,0.379,0.64,0.348,0.39,0.239,0.649,-0.058,0.418,0.412,-0.103,0.239,0.307,0.228,0.373,0.084,0.133,0.601,0.193,0.675,-0.221,0.18,0.58,0.503,0.486,0.571,0.594,0.741,0.195,0.075,0.496,0.691,0.586,0.535,0.761,0.527,-0.305,-0.087,0.3,0.172,0.341,0.369,-0.03,0.554,0.34,0.068,0.23,0.085,0.123,0.413,0.604,0.529,0.55,0.54,0.288,0.163,0.6,0.219,0.826,0.491,0.226,0.285,0.062,0.321,0.369,0.469,0.651,0.662,0.425,0.32,0.345,-0.234,0.516,0.75,0.188,0.593,-0.124,0.095,0.122,0.618,0.393,-0.033,0.696,0.235,0.249,0.427,0.016,-0.022,0.129,0.409,0.497,0.683,0.156,0.109,0.257,0.426,0.489
BAND,-0.362,0.001,0.625,0.333,0.786,-0.336,0.524,0.041,0.096,0.34,-0.114,0.138,0.579,-0.05,-0.18,0.505,0.0,0.439,0.142,0.284,0.424,-0.37,0.34,0.3,0.086,0.102,0.318,0.177,0.288,0.696,0.25,0.481,0.41,0.287,0.194,0.154,0.665,-0.016,0.108,0.245,0.185,0.318,0.148,0.199,0.154,0.411,0.776,0.758,-0.227,0.028,0.34,-0.029,0.303,0.201,0.231,0.42,-0.021,0.568,0.302,-0.002,-0.122,0.393,0.592,0.085,-0.039,0.838,0.67,-0.041,0.03,0.337,0.156,0.113,0.107,0.339,0.24,0.476,0.366,0.213,0.009,-0.048,-0.122,-0.265,0.545,-0.24,0.013,0.369,-0.136,-0.516,0.263,-0.31,-0.368,0.381,0.355,0.132,-0.303,-0.036,0.434,0.026,-0.081,-0.351,0.544,0.374,0.25,-0.079,-0.317,0.223,0.391,0.62,0.321,0.223,0.059,0.645,0.023,0.326,-0.058,0.602,-0.024,0.11,0.532,-0.568,0.503,-0.349,0.54,0.244,0.038,-0.134,0.052,0.335,0.379,-0.055,0.479,-0.427,0.025,0.047,0.663,0.131,-0.113,0.672,0.39,0.273,0.105,-0.144,-0.14,0.17,-0.004,-0.132,0.575,-0.028,0.071,0.317,-0.165,0.33,0.581,0.178,0.255,0.092,0.152,0.279,-0.258,0.085,0.261,0.47,0.501,0.705,0.015,-0.07,0.15,0.727,0.227,0.685,0.381,0.123,0.106,0.068,0.166,0.373,0.842,-0.153,0.099,0.198,0.282,-0.075,0.494,0.221,0.021,0.128,0.45,-0.007,0.055,0.488,-0.157,0.571,0.505,0.05,0.204,0.367,-0.087,-0.089,0.295,0.386
BECN,-0.848,-0.736,0.656,-0.475,0.801,-0.848,0.945,-0.79,-0.666,0.865,-0.732,-0.539,0.233,-0.63,-0.908,0.022,0.439,0.0,-0.612,-0.441,0.558,-0.895,0.47,0.434,-0.806,-0.55,0.064,0.94,0.38,0.814,0.451,0.849,0.628,0.617,0.493,0.143,0.673,-0.716,0.787,0.917,0.827,-0.223,0.292,0.387,-0.679,0.046,0.811,0.767,-0.945,-0.112,0.52,-0.834,-0.32,0.542,-0.311,0.608,-0.498,-0.192,-0.099,0.635,-0.805,0.446,0.912,-0.758,-0.864,0.408,0.637,-0.651,-0.373,0.639,-0.341,-0.606,-0.656,0.518,-0.559,-0.231,0.727,-0.504,-0.408,0.009,-0.853,-0.896,0.163,-0.849,-0.795,0.437,-0.701,-0.604,-0.257,-0.895,-0.642,0.711,-0.493,0.725,-0.044,-0.775,0.109,-0.77,-0.819,0.041,0.086,0.911,-0.464,-0.171,-0.679,-0.613,0.555,0.765,0.596,0.016,0.804,0.763,-0.646,0.9,-0.818,0.8,-0.645,-0.684,0.781,-0.707,0.56,-0.918,0.543,0.352,-0.784,-0.566,-0.688,0.455,0.32,0.057,-0.33,-0.89,0.434,-0.697,0.171,-0.655,-0.695,0.275,-0.105,0.754,-0.371,-0.82,-0.814,-0.531,-0.676,-0.565,-0.093,-0.784,-0.477,0.614,-0.908,0.917,0.812,-0.535,-0.576,-0.707,-0.63,0.623,-0.922,-0.628,-0.49,-0.061,-0.371,0.909,-0.632,-0.576,0.485,0.334,-0.556,0.254,-0.387,-0.749,-0.71,-0.777,0.86,-0.167,0.428,-0.82,-0.497,0.303,-0.362,-0.776,0.151,-0.574,0.673,-0.093,0.894,-0.718,-0.692,0.906,-0.821,0.67,-0.307,-0.789,0.012,0.457,-0.716,-0.829,0.454,-0.458
BFC,0.686,0.788,-0.137,0.837,-0.138,0.757,-0.595,0.892,0.829,-0.568,0.874,0.843,0.272,0.481,0.733,0.342,0.142,-0.612,0.0,0.76,-0.322,0.575,-0.514,-0.385,0.873,0.746,-0.07,-0.74,-0.405,-0.268,-0.237,-0.454,-0.491,-0.481,-0.541,-0.189,-0.062,0.794,-0.752,-0.785,-0.657,0.289,-0.416,-0.329,0.862,0.108,-0.354,-0.357,0.769,0.473,-0.408,0.81,0.504,-0.394,0.672,-0.269,0.765,0.696,0.212,-0.507,0.763,-0.286,-0.555,0.876,0.846,0.205,-0.028,0.677,0.321,-0.513,0.599,0.743,0.649,-0.391,0.814,0.642,-0.553,0.554,0.443,0.02,0.815,0.735,0.428,0.694,0.861,-0.126,0.649,0.116,0.417,0.666,0.62,-0.323,0.819,-0.607,-0.193,0.805,0.067,0.806,0.867,-0.554,0.01,-0.538,0.572,0.245,0.336,0.712,-0.469,-0.317,-0.602,0.099,-0.761,-0.306,0.477,-0.635,0.803,-0.444,0.598,0.844,-0.145,0.174,-0.263,0.604,0.048,0.0,0.86,0.356,0.707,-0.252,0.162,-0.219,0.745,0.471,-0.57,0.552,0.174,0.714,0.589,0.19,0.537,-0.459,0.713,0.829,0.817,0.795,0.772,0.402,0.602,0.793,0.653,-0.531,0.78,-0.721,-0.367,0.384,0.84,0.65,0.788,-0.569,0.793,0.69,0.852,0.402,0.777,-0.474,0.773,0.607,-0.402,0.364,0.86,0.183,0.782,0.81,0.811,0.896,-0.854,0.344,0.078,0.789,0.415,-0.173,0.722,0.72,0.031,0.9,-0.805,0.086,-0.616,0.684,0.79,-0.484,0.713,-0.204,0.783,0.789,0.267,-0.135,0.814,0.792,-0.394,0.802
BGC,0.505,0.649,0.039,0.691,-0.024,0.553,-0.429,0.773,0.82,-0.331,0.694,0.761,0.358,0.581,0.644,0.46,0.284,-0.441,0.76,0.0,-0.12,0.382,-0.265,-0.455,0.761,0.633,0.019,-0.637,-0.4,0.01,-0.083,-0.224,-0.251,-0.262,-0.416,0.218,-0.004,0.713,-0.665,-0.685,-0.567,0.492,-0.312,-0.056,0.729,0.234,-0.095,-0.118,0.632,0.396,-0.156,0.708,0.55,-0.301,0.545,-0.037,0.549,0.751,0.353,-0.468,0.568,-0.024,-0.329,0.763,0.722,0.322,-0.087,0.687,0.508,-0.332,0.582,0.643,0.592,-0.126,0.649,0.606,-0.352,0.605,0.323,0.158,0.724,0.564,0.53,0.645,0.759,-0.009,0.583,0.075,0.568,0.563,0.437,-0.073,0.755,-0.411,-0.425,0.751,0.296,0.733,0.726,-0.414,0.275,-0.415,0.331,0.118,0.344,0.713,-0.27,-0.143,-0.344,0.266,-0.622,-0.052,0.511,-0.523,0.754,-0.245,0.341,0.821,-0.087,0.11,0.004,0.54,0.297,-0.069,0.702,0.468,0.705,0.015,0.364,-0.035,0.758,0.397,-0.428,0.631,0.303,0.706,0.54,0.351,0.463,-0.317,0.582,0.744,0.654,0.688,0.794,0.235,0.675,0.72,0.572,-0.28,0.616,-0.552,-0.19,0.451,0.763,0.709,0.771,-0.291,0.627,0.7,0.754,0.581,0.74,-0.289,0.631,0.513,-0.163,0.397,0.839,0.339,0.798,0.819,0.782,0.805,-0.725,0.451,0.275,0.615,0.501,-0.017,0.636,0.535,0.242,0.848,-0.639,0.246,-0.384,0.554,0.639,-0.337,0.607,-0.091,0.801,0.752,0.314,-0.027,0.608,0.673,-0.3,0.788
BHF,-0.728,-0.475,0.623,-0.445,0.495,-0.628,0.587,-0.365,-0.216,0.794,-0.612,-0.221,0.49,0.143,-0.529,0.483,0.424,0.558,-0.322,-0.12,0.0,-0.639,0.569,0.286,-0.434,-0.24,0.613,0.489,0.713,0.738,0.888,0.584,0.916,0.928,0.79,0.345,0.202,-0.212,0.322,0.516,0.665,-0.106,0.665,0.609,-0.521,0.51,0.705,0.609,-0.535,0.029,0.864,-0.407,0.291,0.227,-0.611,0.362,-0.529,-0.126,0.492,0.127,-0.576,0.767,0.691,-0.379,-0.468,0.312,0.168,-0.309,0.413,0.83,-0.546,-0.382,-0.115,0.481,-0.519,-0.356,0.735,0.259,-0.604,0.165,-0.386,-0.598,0.311,-0.335,-0.487,0.211,-0.114,-0.182,0.318,-0.627,-0.594,0.863,-0.439,0.658,0.063,-0.523,0.571,-0.354,-0.425,0.425,0.342,0.566,-0.426,-0.706,0.069,0.037,0.731,0.786,0.755,0.73,0.691,0.848,0.021,0.506,-0.474,0.648,-0.23,-0.367,0.335,-0.091,0.888,-0.298,0.646,-0.312,-0.557,0.239,0.002,0.89,0.493,0.623,0.051,-0.23,0.757,-0.033,0.693,-0.043,-0.025,0.651,0.153,0.078,-0.515,-0.339,-0.598,-0.283,-0.144,-0.641,0.083,-0.295,-0.53,0.811,-0.543,0.668,0.832,0.131,-0.118,0.032,-0.256,0.898,-0.512,0.04,-0.509,0.484,-0.119,0.604,-0.417,-0.591,0.871,0.128,-0.146,0.599,0.129,-0.239,-0.381,-0.391,0.507,0.1,0.646,-0.599,0.367,0.21,-0.585,-0.6,0.717,-0.266,0.637,0.482,0.815,-0.216,-0.295,0.377,-0.684,0.197,-0.27,-0.161,0.364,0.063,-0.62,-0.553,0.517,-0.168
BHFAL,0.831,0.636,-0.6,0.497,-0.743,0.792,-0.835,0.671,0.542,-0.858,0.683,0.395,-0.216,0.423,0.857,-0.12,-0.37,-0.895,0.575,0.382,-0.639,0.0,-0.38,-0.209,0.755,0.508,-0.079,-0.852,-0.347,-0.781,-0.57,-0.796,-0.706,-0.694,-0.543,-0.279,-0.457,0.633,-0.657,-0.807,-0.767,0.174,-0.256,-0.525,0.66,-0.147,-0.76,-0.729,0.873,0.021,-0.583,0.755,0.226,-0.51,0.361,-0.563,0.488,0.224,0.01,-0.55,0.866,-0.503,-0.861,0.719,0.826,-0.313,-0.535,0.594,0.178,-0.726,0.415,0.537,0.63,-0.357,0.619,0.246,-0.686,0.369,0.472,-0.013,0.788,0.9,-0.159,0.725,0.757,-0.339,0.535,0.583,0.093,0.875,0.553,-0.789,0.537,-0.694,0.034,0.711,-0.145,0.693,0.688,-0.086,-0.13,-0.884,0.553,0.33,0.537,0.532,-0.505,-0.772,-0.591,-0.211,-0.821,-0.786,0.507,-0.837,0.741,-0.716,0.651,0.596,-0.73,0.571,-0.607,0.81,-0.592,-0.19,0.777,0.421,0.579,-0.618,-0.363,-0.22,0.223,0.757,-0.485,0.613,-0.178,0.562,0.58,-0.345,0.029,-0.635,0.358,0.713,0.754,0.478,0.513,0.66,0.113,0.735,0.501,-0.655,0.881,-0.87,-0.761,0.469,0.514,0.573,0.599,-0.706,0.809,0.473,0.504,-0.077,0.289,-0.807,0.634,0.569,-0.595,-0.265,0.449,-0.252,0.294,0.663,0.603,0.729,-0.755,0.227,-0.431,0.846,0.31,-0.19,0.443,0.783,-0.27,0.477,-0.618,0.005,-0.882,0.681,0.666,-0.778,0.803,-0.573,0.302,0.674,-0.037,-0.209,0.705,0.808,-0.362,0.424
BKNG,-0.61,-0.449,0.263,-0.468,0.261,-0.566,0.556,-0.488,-0.427,0.61,-0.641,-0.556,0.132,-0.054,-0.398,0.258,0.34,0.47,-0.514,-0.265,0.569,-0.38,0.0,0.558,-0.442,-0.454,0.478,0.452,0.605,0.541,0.467,0.613,0.602,0.571,0.568,0.483,0.126,-0.312,0.538,0.571,0.583,0.193,0.609,0.501,-0.498,0.361,0.534,0.597,-0.468,-0.063,0.719,-0.418,-0.083,0.437,-0.401,0.439,-0.575,-0.258,0.363,0.268,-0.515,0.531,0.596,-0.422,-0.451,0.269,0.011,-0.338,0.175,0.427,-0.307,-0.319,-0.084,0.504,-0.473,-0.38,0.499,0.042,-0.182,0.151,-0.378,-0.495,0.023,-0.442,-0.488,0.098,-0.302,-0.031,0.053,-0.46,-0.477,0.436,-0.37,0.58,0.284,-0.444,0.33,-0.495,-0.608,0.414,0.254,0.464,-0.318,-0.189,-0.044,-0.082,0.597,0.403,0.633,0.303,0.564,0.474,0.025,0.49,-0.485,0.599,-0.243,-0.347,0.129,-0.03,0.556,-0.267,0.283,-0.01,-0.456,0.111,-0.286,0.458,0.013,0.449,-0.201,-0.255,0.443,-0.004,0.313,-0.161,-0.222,0.273,-0.144,0.289,-0.696,-0.537,-0.477,-0.33,-0.37,-0.412,-0.185,-0.384,-0.373,0.626,-0.505,0.624,0.563,0.197,-0.394,-0.126,-0.288,0.621,-0.561,-0.068,-0.512,0.253,-0.348,0.556,-0.517,-0.338,0.516,-0.115,-0.393,0.238,-0.254,-0.317,-0.353,-0.466,0.516,0.106,0.364,-0.469,0.069,0.332,-0.516,-0.374,0.451,-0.49,0.572,0.385,0.575,-0.444,-0.363,0.308,-0.453,0.316,-0.333,-0.262,0.167,0.352,-0.605,-0.468,0.598,-0.301
BL,-0.423,-0.428,0.232,-0.213,0.3,-0.447,0.548,-0.466,-0.476,0.344,-0.493,-0.53,0.114,-0.383,-0.438,0.018,0.3,0.434,-0.385,-0.455,0.286,-0.209,0.558,0.0,-0.381,-0.243,0.26,0.424,0.526,0.303,0.157,0.352,0.255,0.235,0.391,-0.15,0.367,-0.351,0.556,0.572,0.535,-0.06,0.418,0.175,-0.32,0.173,0.385,0.455,-0.419,-0.246,0.288,-0.379,-0.201,0.177,-0.193,0.152,-0.271,-0.141,-0.007,0.291,-0.247,0.134,0.459,-0.324,-0.388,0.311,0.332,-0.359,-0.338,0.238,-0.179,-0.206,-0.079,0.435,-0.212,-0.223,0.411,-0.217,-0.136,0.058,-0.417,-0.337,-0.051,-0.498,-0.433,0.224,-0.43,-0.163,-0.164,-0.386,-0.413,0.137,-0.277,0.43,0.183,-0.488,0.045,-0.465,-0.541,0.138,-0.045,0.376,0.023,0.047,-0.279,-0.221,0.394,0.298,0.359,-0.081,0.346,0.219,-0.284,0.47,-0.472,0.404,-0.048,-0.428,0.22,-0.245,0.185,-0.418,0.031,0.279,-0.347,-0.254,-0.374,0.023,-0.102,0.055,-0.286,-0.382,0.25,-0.265,0.218,-0.242,-0.24,0.08,-0.105,0.266,-0.393,-0.494,-0.407,-0.238,-0.521,-0.054,-0.106,-0.415,-0.217,0.22,-0.35,0.468,0.436,-0.032,-0.321,-0.346,-0.313,0.213,-0.517,-0.345,-0.355,-0.064,-0.283,0.489,-0.329,-0.289,0.091,0.059,-0.436,0.162,-0.356,-0.427,-0.448,-0.41,0.519,0.156,0.234,-0.313,-0.291,0.204,-0.235,-0.216,0.098,-0.49,0.503,0.029,0.39,-0.319,-0.287,0.439,-0.415,0.312,-0.296,-0.403,-0.047,0.412,-0.421,-0.338,0.499,-0.241
BOKF,0.771,0.875,-0.33,0.838,-0.344,0.826,-0.739,0.948,0.858,-0.744,0.858,0.752,0.133,0.606,0.903,0.315,0.086,-0.806,0.873,0.761,-0.434,0.755,-0.442,-0.381,0.0,0.748,-0.003,-0.921,-0.361,-0.443,-0.369,-0.599,-0.54,-0.59,-0.546,-0.113,-0.241,0.851,-0.825,-0.892,-0.823,0.438,-0.357,-0.348,0.931,0.128,-0.449,-0.42,0.922,0.31,-0.448,0.957,0.518,-0.461,0.636,-0.39,0.684,0.68,0.278,-0.633,0.869,-0.298,-0.676,0.967,0.979,0.126,-0.221,0.716,0.38,-0.598,0.576,0.788,0.792,-0.389,0.837,0.636,-0.666,0.673,0.51,-0.059,0.919,0.873,0.208,0.794,0.928,-0.231,0.715,0.301,0.417,0.827,0.598,-0.546,0.84,-0.733,-0.177,0.888,0.086,0.895,0.913,-0.433,0.142,-0.738,0.648,0.238,0.491,0.801,-0.468,-0.489,-0.58,0.057,-0.9,-0.47,0.666,-0.81,0.913,-0.539,0.659,0.898,-0.441,0.359,-0.356,0.769,-0.166,-0.133,0.951,0.5,0.793,-0.353,-0.04,-0.16,0.725,0.669,-0.588,0.748,0.164,0.806,0.688,0.104,0.438,-0.614,0.609,0.874,0.888,0.783,0.787,0.569,0.537,0.892,0.675,-0.581,0.914,-0.837,-0.547,0.627,0.85,0.806,0.85,-0.622,0.891,0.752,0.839,0.37,0.783,-0.579,0.804,0.668,-0.515,0.179,0.821,0.128,0.737,0.93,0.899,0.973,-0.921,0.407,0.039,0.886,0.528,-0.255,0.706,0.866,0.024,0.858,-0.83,0.163,-0.743,0.782,0.847,-0.668,0.862,-0.31,0.759,0.911,0.173,-0.225,0.83,0.918,-0.357,0.807
BRKR,0.579,0.678,-0.026,0.752,-0.143,0.669,-0.495,0.802,0.763,-0.461,0.77,0.764,0.381,0.445,0.621,0.368,0.102,-0.55,0.746,0.633,-0.24,0.508,-0.454,-0.243,0.748,0.0,-0.083,-0.674,-0.274,-0.235,-0.214,-0.442,-0.408,-0.445,-0.473,-0.335,-0.078,0.752,-0.67,-0.693,-0.514,0.257,-0.298,-0.266,0.792,0.13,-0.306,-0.313,0.697,0.395,-0.405,0.69,0.553,-0.477,0.529,-0.285,0.649,0.705,0.087,-0.459,0.648,-0.255,-0.489,0.781,0.732,0.307,-0.022,0.64,0.275,-0.416,0.502,0.647,0.621,-0.17,0.702,0.536,-0.533,0.495,0.287,0.192,0.728,0.694,0.339,0.618,0.699,0.058,0.513,0.079,0.39,0.609,0.526,-0.294,0.691,-0.494,-0.187,0.68,0.14,0.73,0.767,-0.495,-0.051,-0.5,0.451,0.13,0.393,0.646,-0.355,-0.216,-0.488,0.177,-0.724,-0.231,0.323,-0.568,0.669,-0.339,0.56,0.705,-0.199,0.176,-0.141,0.534,0.121,-0.033,0.719,0.329,0.647,-0.231,0.24,-0.162,0.65,0.442,-0.479,0.575,0.19,0.708,0.577,0.212,0.535,-0.423,0.653,0.818,0.718,0.67,0.736,0.469,0.655,0.633,0.585,-0.494,0.742,-0.685,-0.3,0.43,0.823,0.621,0.726,-0.495,0.698,0.572,0.73,0.489,0.696,-0.435,0.7,0.503,-0.386,0.36,0.734,0.299,0.661,0.697,0.628,0.777,-0.72,0.493,0.141,0.697,0.359,-0.063,0.673,0.68,0.003,0.791,-0.645,0.153,-0.491,0.677,0.732,-0.386,0.569,-0.196,0.686,0.65,0.343,-0.067,0.705,0.745,-0.183,0.749
CACC,-0.324,-0.212,0.292,-0.206,0.081,-0.208,0.19,-0.053,0.013,0.308,-0.291,-0.121,0.307,0.331,-0.011,0.519,0.318,0.064,-0.07,0.019,0.613,-0.079,0.478,0.26,-0.003,-0.083,0.0,0.009,0.639,0.295,0.568,0.192,0.581,0.519,0.681,0.291,-0.027,0.074,0.095,0.105,0.216,0.037,0.73,0.461,-0.196,0.473,0.3,0.269,-0.084,-0.084,0.631,-0.01,0.46,-0.148,-0.428,-0.165,-0.391,-0.051,0.562,-0.295,-0.031,0.597,0.298,0.05,0.02,0.145,-0.15,-0.107,0.464,0.433,-0.368,-0.063,0.315,0.35,-0.184,-0.247,0.419,0.503,-0.337,0.013,0.018,-0.133,0.176,0.091,-0.042,-0.168,0.081,0.18,0.395,-0.074,-0.395,0.358,-0.202,0.255,0.003,-0.239,0.601,-0.019,-0.069,0.536,0.425,0.06,-0.055,-0.471,0.42,0.395,0.571,0.354,0.595,0.558,0.231,0.395,0.352,0.039,-0.025,0.293,0.148,-0.062,-0.188,0.273,0.546,0.161,0.226,-0.503,-0.14,0.547,0.345,0.482,0.239,0.635,0.241,0.249,0.582,0.308,0.668,0.252,0.342,0.527,0.051,-0.356,-0.473,-0.031,-0.211,-0.033,-0.004,-0.159,0.082,0.176,-0.358,0.566,-0.084,0.268,0.399,0.547,0.139,0.361,0.124,0.542,-0.062,0.247,-0.296,0.396,0.03,0.221,-0.044,-0.244,0.534,-0.046,0.091,0.479,0.252,0.153,-0.043,0.009,0.148,0.284,0.516,-0.107,0.601,-0.006,-0.414,-0.216,0.68,-0.051,0.428,0.578,0.318,0.203,0.146,-0.033,-0.253,-0.19,-0.176,0.273,0.306,-0.061,-0.178,-0.063,0.366,0.032
CAR,-0.825,-0.803,0.473,-0.658,0.598,-0.832,0.87,-0.894,-0.805,0.838,-0.81,-0.682,0.03,-0.66,-0.943,-0.127,0.177,0.94,-0.74,-0.637,0.489,-0.852,0.452,0.424,-0.921,-0.674,0.009,0.0,0.4,0.646,0.422,0.774,0.579,0.6,0.52,0.111,0.473,-0.801,0.857,0.94,0.853,-0.336,0.302,0.387,-0.816,-0.052,0.637,0.616,-0.964,-0.139,0.508,-0.909,-0.465,0.576,-0.453,0.507,-0.553,-0.45,-0.158,0.708,-0.85,0.362,0.805,-0.878,-0.946,0.152,0.459,-0.737,-0.426,0.612,-0.469,-0.709,-0.75,0.429,-0.721,-0.422,0.697,-0.605,-0.405,-0.002,-0.911,-0.904,-0.047,-0.864,-0.894,0.32,-0.716,-0.453,-0.386,-0.896,-0.61,0.638,-0.697,0.761,0.126,-0.857,-0.026,-0.871,-0.888,0.194,-0.057,0.892,-0.564,-0.156,-0.632,-0.754,0.501,0.628,0.565,-0.076,0.891,0.614,-0.674,0.888,-0.901,0.691,-0.682,-0.81,0.645,-0.537,0.452,-0.885,0.375,0.273,-0.883,-0.572,-0.799,0.386,0.144,0.109,-0.545,-0.825,0.495,-0.768,-0.022,-0.777,-0.718,0.052,-0.257,0.706,-0.504,-0.899,-0.867,-0.642,-0.778,-0.586,-0.353,-0.867,-0.563,0.563,-0.951,0.925,0.702,-0.611,-0.743,-0.805,-0.761,0.613,-0.936,-0.713,-0.668,-0.233,-0.601,0.781,-0.735,-0.61,0.493,0.068,-0.722,0.034,-0.578,-0.89,-0.826,-0.9,0.91,-0.331,0.196,-0.87,-0.552,0.234,-0.534,-0.821,0.022,-0.744,0.738,-0.126,0.84,-0.8,-0.8,0.804,-0.865,0.55,-0.547,-0.878,-0.085,0.379,-0.788,-0.9,0.451,-0.677
CDNA,-0.666,-0.478,0.369,-0.433,0.255,-0.452,0.499,-0.401,-0.34,0.55,-0.616,-0.475,0.253,-0.048,-0.428,0.404,0.288,0.38,-0.405,-0.4,0.713,-0.347,0.605,0.526,-0.361,-0.274,0.639,0.4,0.0,0.459,0.673,0.391,0.757,0.622,0.766,0.078,0.132,-0.257,0.401,0.519,0.544,-0.219,0.799,0.367,-0.474,0.478,0.464,0.434,-0.429,-0.11,0.683,-0.348,0.203,0.131,-0.586,0.047,-0.582,-0.233,0.415,0.021,-0.379,0.695,0.533,-0.305,-0.37,0.259,0.05,-0.522,0.174,0.605,-0.678,-0.429,-0.004,0.511,-0.498,-0.443,0.528,0.216,-0.497,-0.22,-0.354,-0.453,-0.066,-0.374,-0.508,-0.021,-0.245,0.025,0.031,-0.489,-0.641,0.471,-0.506,0.474,0.361,-0.599,0.468,-0.346,-0.462,0.45,0.217,0.42,-0.237,-0.583,0.158,0.003,0.762,0.515,0.729,0.459,0.537,0.525,0.028,0.359,-0.459,0.6,-0.076,-0.492,-0.022,0.082,0.663,-0.226,0.238,-0.36,-0.489,0.226,-0.049,0.496,0.151,0.532,-0.062,-0.07,0.704,-0.034,0.568,-0.045,0.037,0.448,0.059,-0.122,-0.673,-0.394,-0.564,-0.37,-0.397,-0.269,-0.053,-0.216,-0.619,0.623,-0.442,0.602,0.613,0.304,-0.146,0.008,-0.219,0.684,-0.451,-0.07,-0.581,0.231,-0.195,0.49,-0.301,-0.578,0.544,-0.07,-0.377,0.43,-0.03,-0.265,-0.486,-0.39,0.518,0.13,0.51,-0.419,0.255,-0.024,-0.621,-0.405,0.437,-0.456,0.62,0.464,0.623,-0.095,-0.192,0.256,-0.604,0.044,-0.431,-0.149,0.371,0.129,-0.509,-0.419,0.702,-0.256
CG,-0.761,-0.441,0.78,-0.198,0.865,-0.661,0.817,-0.396,-0.207,0.847,-0.495,-0.205,0.539,-0.234,-0.648,0.504,0.696,0.814,-0.268,0.01,0.738,-0.781,0.541,0.303,-0.443,-0.235,0.295,0.646,0.459,0.0,0.663,0.843,0.749,0.689,0.524,0.356,0.615,-0.301,0.476,0.637,0.646,0.064,0.346,0.536,-0.368,0.441,0.892,0.865,-0.667,0.131,0.687,-0.495,0.125,0.429,-0.169,0.608,-0.372,0.187,0.298,0.34,-0.634,0.661,0.888,-0.371,-0.536,0.699,0.564,-0.353,0.095,0.646,-0.23,-0.286,-0.27,0.562,-0.348,-0.017,0.643,-0.009,-0.38,0.046,-0.503,-0.688,0.469,-0.548,-0.515,0.39,-0.392,-0.555,0.208,-0.711,-0.563,0.842,-0.191,0.616,-0.148,-0.487,0.459,-0.418,-0.495,-0.055,0.32,0.808,-0.341,-0.347,-0.348,-0.124,0.639,0.864,0.595,0.424,0.604,0.903,-0.269,0.7,-0.477,0.832,-0.422,-0.301,0.714,-0.563,0.806,-0.626,0.831,0.145,-0.51,-0.143,-0.258,0.694,0.595,0.284,0.146,-0.627,0.405,-0.271,0.559,-0.158,-0.318,0.666,0.258,0.494,-0.267,-0.46,-0.565,-0.245,-0.259,-0.566,0.323,-0.419,-0.323,0.68,-0.665,0.77,0.907,-0.109,-0.128,-0.221,-0.214,0.693,-0.651,-0.135,-0.221,0.448,0.031,0.874,-0.377,-0.441,0.615,0.542,-0.135,0.622,0.104,-0.298,-0.341,-0.411,0.543,0.16,0.756,-0.579,-0.052,0.227,-0.195,-0.544,0.487,-0.198,0.464,0.241,0.865,-0.427,-0.342,0.745,-0.631,0.606,0.058,-0.34,0.385,0.442,-0.534,-0.55,0.493,-0.021
