,ACET,ADAP,ADI,ADPT,ADTN,AGEN,ALGN,ALLK,AMD,AMWD,ARDX,ARQT,ASTE,AUPH,AVXL,AZTA,BAND,BECN,BFC,BGC,BHF,BHFAL,BKNG,BL,BOKF,BRKR,CACC,CAR,CDNA,CG,CGBD,CHI,CHTR,CHX,CLNE,CME,CNOB,CNXN,CPRX,CSGP,CSGS,CSIQ,CVCO,CVLT,CYRX,DDOG,DOOO,DSGX,DTIL,ECPG,EEFT,EFSC,ENTG,ESPR,ETSY,EXC,FAMI,FFIV,FITB,FIZZ,FMBH,FOX,FTNT,FULT,GABC,GEN,GH,GMAB,GNPX,GO,GOGL,GOOG,GPRO,GSHD,GSM,GWAV,HAIN,HBAN,HEPA,HURN,HWKN,IBIO,ICFI,IGMS,IMKTA,INCY,INO,IRDM,IRTC,IRWD,ITCI,JACK,JD,JJSF,KALA,KHC,KLAC,KRRO,KRYS,LANC,LBTYA,LIVN,LKCO,LNTH,LOGI,LPRO,LRCX,LSCC,LSTR,MAR,MARA,MCHP,MEOH,META,MGTX,MKSI,MMYT,MORN,MRUS,MTLS,MTSI,MVIS,MXL,NBIX,NFE,NMIH,NMRK,NNDM,NSIT,NTCT,NVAX,OCUL,ODP,OLED,ONB,OTEX,PACB,PATK,PAYX,PEP,PERI,PI,PLYA,PRDO,PRGS,PTGX,QCOM,QCRH,QDEL,QFIN,RGEN,RILY,RPAY,RPD,SABR,SEDG,SHEN,SIRI,SLNO,SNDL,SNEX,SONO,SPT,SSNC,STGW,STKL,STRL,STX,SWTX,SYNA,TFSL,TIGR,TNXP,TOWN,TRI,TRIP,TRMB,TRNS,TRS,TSCO,TSEM,TVTX,TXRH,VC,VCEL,VECO,VIAV,VICR,VIR,VRTX,VSTM,VTRS,WDFC,WSBC,WSC,WYNN,XENE,XNCR,XRAY,ZS
ACET,0.0,0.406,0.838,0.766,0.911,0.574,0.694,0.856,0.8,0.896,0.898,0.774,0.768,-0.042,0.791,0.773,0.404,0.324,0.881,-0.674,0.794,0.459,0.881,0.842,0.945,0.867,0.844,0.79,0.637,0.852,0.799,0.016,-0.64,0.095,0.246,-0.39,0.911,0.866,0.035,0.521,0.752,0.817,0.944,0.714,0.827,0.457,-0.62,0.863,-0.06,0.762,0.818,0.922,0.887,0.801,0.7,0.35,-0.724,0.634,0.896,0.638,0.916,-0.416,0.511,0.942,0.926,0.648,0.782,0.158,-0.7,0.451,0.062,-0.468,-0.113,0.189,0.805,-0.713,-0.294,0.919,0.775,-0.244,0.656,-0.758,0.528,0.437,0.885,0.844,-0.61,0.812,0.796,0.861,0.735,0.891,-0.769,0.663,0.501,0.824,0.414,0.61,0.829,0.639,0.332,0.606,-0.443,0.723,0.882,0.807,0.528,0.907,0.903,0.782,0.804,0.91,0.295,-0.246,-0.733,0.834,0.848,0.227,0.055,-0.011,0.871,0.338,0.892,0.801,0.187,0.811,0.893,-0.435,0.886,0.925,-0.224,0.791,0.232,0.812,0.91,0.589,0.445,0.897,0.835,0.518,0.503,0.437,0.31,0.428,0.442,0.787,0.922,0.912,0.009,-0.657,0.737,0.342,0.721,0.801,0.719,0.444,-0.811,0.404,0.851,0.011,0.815,0.777,0.522,0.88,0.828,0.338,0.901,0.871,0.76,0.511,0.798,-0.564,-0.591,0.926,0.614,-0.258,0.841,0.487,0.829,0.903,0.848,0.876,0.803,0.744,-0.285,0.411,0.936,0.729,0.173,0.759,0.808,0.934,0.234,0.942,0.632,0.116,0.702,0.877,0.688,0.806
ADAP,0.406,0.0,0.043,0.39,0.524,0.656,0.021,0.7,0.014,0.626,0.576,0.369,0.012,-0.158,0.581,0.159,0.325,0.065,0.468,-0.574,0.472,0.593,0.157,0.545,0.524,0.361,0.347,0.364,0.038,0.436,0.375,-0.725,-0.625,-0.341,-0.064,0.038,0.548,0.374,0.354,0.04,0.437,0.558,0.518,0.606,0.438,0.445,-0.685,0.253,-0.347,0.507,0.331,0.544,0.239,0.61,0.604,0.075,-0.578,0.308,0.593,0.063,0.4,-0.571,-0.216,0.51,0.383,0.494,0.491,0.403,-0.372,0.515,0.078,-0.617,-0.119,0.028,0.666,-0.26,-0.207,0.564,0.148,0.165,0.021,-0.69,0.77,0.581,0.6,0.182,-0.436,0.723,0.153,0.594,0.362,0.639,-0.581,0.505,0.669,0.527,-0.49,0.824,0.13,0.325,0.456,-0.061,-0.43,0.422,0.222,0.448,-0.289,0.37,0.452,0.01,0.658,0.232,-0.214,-0.858,-0.499,0.366,0.462,0.273,0.161,-0.051,0.244,0.506,0.435,0.59,0.58,0.124,0.388,-0.401,0.611,0.301,0.151,0.735,-0.397,0.537,0.609,0.389,0.082,0.331,0.557,0.22,-0.293,0.208,-0.509,0.708,0.314,0.64,0.367,0.29,-0.403,-0.666,0.047,0.221,0.246,0.606,-0.124,0.251,-0.513,-0.398,0.424,-0.019,0.491,0.443,0.363,0.406,0.169,0.218,0.218,0.238,0.585,-0.393,0.012,-0.662,-0.339,0.52,0.401,-0.718,0.461,0.006,0.5,0.534,0.068,0.581,0.562,0.453,-0.529,-0.524,0.389,0.106,-0.333,-0.027,0.66,0.416,0.114,0.454,0.57,-0.679,0.638,0.229,0.409,0.294
ADI,0.838,0.043,0.0,0.672,0.777,0.325,0.762,0.65,0.934,0.72,0.727,0.596,0.81,-0.067,0.632,0.815,0.179,0.328,0.759,-0.474,0.741,0.292,0.947,0.721,0.811,0.826,0.835,0.692,0.68,0.819,0.748,0.266,-0.448,0.176,0.251,-0.295,0.767,0.801,-0.112,0.644,0.574,0.654,0.806,0.616,0.716,0.419,-0.473,0.887,-0.059,0.605,0.813,0.78,0.943,0.618,0.645,0.339,-0.636,0.716,0.747,0.743,0.821,-0.334,0.779,0.826,0.802,0.582,0.733,-0.195,-0.72,0.094,0.138,-0.307,-0.172,0.28,0.641,-0.749,-0.35,0.782,0.867,-0.373,0.756,-0.602,0.347,0.233,0.715,0.881,-0.597,0.599,0.881,0.712,0.682,0.726,-0.681,0.442,0.287,0.744,0.725,0.376,0.851,0.462,0.1,0.656,-0.442,0.676,0.936,0.745,0.83,0.908,0.798,0.881,0.63,0.949,0.345,0.058,-0.662,0.857,0.783,0.287,-0.138,-0.026,0.906,0.162,0.856,0.694,0.015,0.835,0.872,-0.502,0.738,0.833,-0.327,0.565,0.297,0.762,0.731,0.655,0.477,0.806,0.743,0.547,0.691,0.424,0.623,0.175,0.497,0.585,0.914,0.856,0.186,-0.521,0.812,0.154,0.784,0.707,0.848,0.319,-0.718,0.595,0.746,-0.172,0.725,0.742,0.572,0.861,0.87,0.267,0.89,0.926,0.664,0.719,0.909,-0.447,-0.448,0.773,0.586,-0.036,0.818,0.592,0.768,0.809,0.934,0.741,0.708,0.712,-0.099,0.727,0.904,0.687,0.246,0.829,0.577,0.82,0.322,0.82,0.526,0.39,0.595,0.743,0.61,0.868
ADPT,0.766,0.39,0.672,0.0,0.788,0.614,0.807,0.746,0.551,0.728,0.789,0.752,0.643,0.225,0.845,0.83,0.372,0.518,0.698,-0.45,0.86,0.717,0.613,0.88,0.797,0.813,0.849,0.64,0.833,0.86,0.783,-0.174,-0.478,0.277,0.589,-0.108,0.896,0.577,0.487,0.677,0.671,0.896,0.778,0.793,0.882,0.769,-0.604,0.643,-0.127,0.888,0.826,0.821,0.823,0.863,0.748,0.083,-0.601,0.743,0.872,0.437,0.866,-0.326,0.548,0.816,0.705,0.794,0.91,0.142,-0.479,0.351,0.418,-0.561,0.333,0.356,0.833,-0.502,-0.227,0.862,0.672,-0.3,0.573,-0.712,0.626,0.538,0.746,0.636,-0.517,0.776,0.807,0.891,0.796,0.801,-0.599,0.349,0.419,0.737,0.301,0.621,0.716,0.542,0.505,0.394,-0.631,0.758,0.704,0.869,0.521,0.754,0.75,0.591,0.824,0.742,0.207,-0.368,-0.396,0.872,0.622,0.608,0.209,0.271,0.808,0.713,0.876,0.748,0.561,0.568,0.884,-0.465,0.715,0.757,-0.1,0.708,-0.077,0.849,0.822,0.799,0.838,0.696,0.807,0.539,0.514,0.829,0.193,0.169,0.712,0.742,0.721,0.742,0.417,-0.581,0.8,0.101,0.863,0.819,0.603,0.725,-0.666,0.131,0.681,0.187,0.549,0.825,0.812,0.853,0.837,0.687,0.578,0.806,0.796,0.269,0.772,-0.598,-0.2,0.766,0.613,-0.302,0.866,0.682,0.815,0.751,0.681,0.671,0.737,0.79,-0.07,0.341,0.792,0.603,0.371,0.682,0.811,0.753,0.46,0.8,0.796,-0.023,0.74,0.701,0.848,0.784
ADTN,0.911,0.524,0.777,0.788,0.0,0.654,0.676,0.913,0.694,0.928,0.935,0.806,0.701,0.021,0.88,0.78,0.454,0.412,0.899,-0.679,0.814,0.55,0.825,0.868,0.966,0.859,0.788,0.795,0.607,0.865,0.774,-0.162,-0.727,-0.014,0.227,-0.316,0.942,0.897,0.089,0.552,0.82,0.902,0.965,0.799,0.866,0.529,-0.676,0.82,0.002,0.841,0.852,0.932,0.87,0.873,0.788,0.304,-0.737,0.659,0.927,0.665,0.936,-0.499,0.471,0.96,0.892,0.715,0.835,0.159,-0.705,0.5,0.058,-0.54,-0.098,0.245,0.842,-0.67,-0.271,0.947,0.724,-0.212,0.653,-0.843,0.621,0.459,0.922,0.792,-0.59,0.883,0.753,0.904,0.741,0.931,-0.808,0.731,0.666,0.847,0.302,0.779,0.747,0.694,0.404,0.434,-0.461,0.74,0.837,0.832,0.441,0.915,0.942,0.721,0.875,0.879,0.258,-0.386,-0.703,0.829,0.913,0.302,-0.028,0.059,0.859,0.361,0.918,0.828,0.295,0.728,0.897,-0.499,0.954,0.907,-0.125,0.897,0.175,0.875,0.955,0.638,0.475,0.902,0.875,0.531,0.39,0.453,0.169,0.459,0.549,0.843,0.897,0.905,-0.02,-0.715,0.668,0.436,0.708,0.863,0.642,0.546,-0.831,0.248,0.829,0.054,0.838,0.818,0.577,0.87,0.793,0.439,0.834,0.817,0.772,0.353,0.729,-0.629,-0.58,0.962,0.672,-0.315,0.84,0.456,0.825,0.905,0.796,0.907,0.83,0.786,-0.303,0.284,0.928,0.705,0.076,0.693,0.87,0.96,0.23,0.951,0.652,-0.04,0.761,0.816,0.733,0.811
AGEN,0.574,0.656,0.325,0.614,0.654,0.0,0.352,0.729,0.247,0.685,0.702,0.538,0.311,0.078,0.772,0.42,0.337,0.308,0.574,-0.581,0.635,0.795,0.376,0.666,0.638,0.532,0.616,0.516,0.384,0.604,0.545,-0.539,-0.551,-0.075,0.296,0.052,0.707,0.444,0.456,0.318,0.512,0.732,0.622,0.724,0.624,0.647,-0.728,0.469,-0.274,0.695,0.558,0.693,0.497,0.79,0.708,0.066,-0.533,0.543,0.739,0.397,0.613,-0.52,0.134,0.661,0.504,0.696,0.727,0.3,-0.425,0.355,0.25,-0.712,0.039,0.306,0.797,-0.429,-0.035,0.711,0.521,0.092,0.283,-0.752,0.8,0.59,0.673,0.524,-0.497,0.726,0.451,0.749,0.725,0.73,-0.658,0.504,0.519,0.636,-0.139,0.778,0.55,0.55,0.534,0.134,-0.528,0.685,0.493,0.607,0.037,0.583,0.602,0.252,0.74,0.488,0.054,-0.623,-0.388,0.587,0.583,0.516,0.244,-0.01,0.495,0.552,0.651,0.742,0.586,0.356,0.621,-0.534,0.679,0.443,-0.059,0.75,-0.206,0.69,0.734,0.601,0.394,0.433,0.732,0.487,0.169,0.481,-0.233,0.384,0.547,0.663,0.53,0.508,-0.03,-0.661,0.373,0.15,0.538,0.721,0.189,0.475,-0.59,-0.078,0.536,0.114,0.493,0.65,0.606,0.624,0.421,0.61,0.383,0.511,0.771,-0.217,0.334,-0.682,-0.202,0.637,0.589,-0.616,0.662,0.299,0.725,0.654,0.359,0.594,0.632,0.5,-0.254,-0.153,0.598,0.331,-0.095,0.372,0.755,0.552,0.236,0.62,0.738,-0.438,0.715,0.404,0.643,0.583
ALGN,0.694,0.021,0.762,0.807,0.676,0.352,0.0,0.5,0.626,0.555,0.625,0.634,0.799,0.271,0.633,0.876,0.281,0.68,0.556,-0.204,0.716,0.459,0.653,0.67,0.669,0.794,0.786,0.608,0.908,0.757,0.712,0.179,-0.275,0.454,0.582,-0.183,0.745,0.516,0.272,0.85,0.602,0.752,0.656,0.591,0.799,0.606,-0.34,0.626,-0.0,0.768,0.753,0.678,0.836,0.709,0.488,0.114,-0.484,0.661,0.695,0.607,0.801,-0.084,0.78,0.69,0.637,0.608,0.746,-0.112,-0.325,0.267,0.394,-0.259,0.321,0.393,0.579,-0.417,-0.07,0.704,0.678,-0.383,0.752,-0.439,0.295,0.205,0.581,0.689,-0.359,0.528,0.865,0.738,0.754,0.601,-0.378,0.291,0.251,0.6,0.67,0.342,0.738,0.593,0.285,0.489,-0.424,0.652,0.701,0.787,0.78,0.709,0.713,0.704,0.603,0.723,0.338,0.029,-0.316,0.802,0.5,0.502,0.156,0.358,0.826,0.456,0.775,0.588,0.267,0.649,0.818,-0.28,0.557,0.742,-0.212,0.435,0.246,0.686,0.636,0.638,0.786,0.673,0.629,0.608,0.766,0.716,0.462,-0.135,0.688,0.527,0.666,0.722,0.626,-0.393,0.934,-0.009,0.834,0.59,0.727,0.697,-0.502,0.427,0.57,0.201,0.516,0.676,0.646,0.79,0.84,0.6,0.651,0.769,0.561,0.514,0.86,-0.307,-0.072,0.642,0.468,0.097,0.732,0.784,0.672,0.602,0.766,0.497,0.598,0.638,0.173,0.687,0.741,0.644,0.503,0.854,0.603,0.725,0.479,0.694,0.601,0.4,0.495,0.606,0.8,0.731
ALLK,0.856,0.7,0.65,0.746,0.913,0.729,0.5,0.0,0.625,0.944,0.96,0.644,0.458,-0.036,0.916,0.676,0.276,0.228,0.869,-0.767,0.841,0.61,0.737,0.914,0.905,0.844,0.757,0.666,0.477,0.873,0.807,-0.415,-0.866,-0.213,0.143,-0.173,0.919,0.855,0.19,0.36,0.683,0.854,0.92,0.886,0.797,0.615,-0.872,0.775,-0.211,0.822,0.84,0.889,0.759,0.886,0.869,0.256,-0.834,0.715,0.939,0.509,0.829,-0.702,0.333,0.916,0.795,0.808,0.845,0.168,-0.737,0.506,0.191,-0.633,-0.164,0.169,0.936,-0.725,-0.477,0.929,0.658,-0.183,0.416,-0.962,0.804,0.644,0.951,0.674,-0.746,0.952,0.657,0.881,0.746,0.955,-0.879,0.672,0.766,0.914,0.069,0.842,0.663,0.542,0.327,0.267,-0.619,0.722,0.779,0.833,0.29,0.836,0.867,0.572,0.941,0.803,0.005,-0.588,-0.787,0.814,0.84,0.369,0.007,0.074,0.776,0.45,0.891,0.926,0.45,0.578,0.854,-0.637,0.961,0.815,-0.212,0.975,-0.107,0.893,0.935,0.699,0.381,0.759,0.94,0.482,0.174,0.424,-0.076,0.624,0.463,0.948,0.85,0.753,-0.169,-0.852,0.529,0.385,0.673,0.931,0.405,0.39,-0.93,-0.011,0.898,-0.121,0.776,0.866,0.599,0.847,0.718,0.39,0.712,0.786,0.888,0.124,0.564,-0.784,-0.623,0.877,0.754,-0.626,0.87,0.422,0.841,0.88,0.68,0.957,0.876,0.749,-0.552,0.067,0.854,0.474,-0.14,0.514,0.924,0.868,0.325,0.864,0.714,-0.334,0.894,0.708,0.73,0.8
AMD,0.8,0.014,0.934,0.551,0.694,0.247,0.626,0.625,0.0,0.668,0.685,0.478,0.692,-0.12,0.556,0.729,0.028,0.133,0.746,-0.518,0.66,0.107,0.942,0.661,0.743,0.794,0.727,0.577,0.565,0.746,0.74,0.282,-0.506,0.039,0.085,-0.355,0.673,0.813,-0.257,0.468,0.467,0.531,0.735,0.544,0.601,0.295,-0.457,0.896,-0.076,0.485,0.763,0.695,0.848,0.511,0.578,0.41,-0.652,0.655,0.652,0.704,0.719,-0.42,0.73,0.766,0.752,0.509,0.622,-0.227,-0.73,0.09,0.091,-0.152,-0.321,0.172,0.566,-0.825,-0.442,0.684,0.807,-0.372,0.618,-0.571,0.279,0.224,0.684,0.828,-0.644,0.546,0.803,0.582,0.605,0.655,-0.658,0.443,0.278,0.737,0.684,0.265,0.79,0.362,-0.083,0.598,-0.408,0.544,0.904,0.669,0.766,0.831,0.722,0.846,0.573,0.906,0.21,0.162,-0.713,0.752,0.742,0.131,-0.224,-0.059,0.833,0.041,0.764,0.665,-0.122,0.758,0.782,-0.473,0.7,0.814,-0.449,0.541,0.258,0.676,0.644,0.558,0.304,0.725,0.699,0.449,0.627,0.276,0.578,0.285,0.28,0.575,0.872,0.776,0.07,-0.517,0.725,0.203,0.686,0.646,0.773,0.104,-0.741,0.556,0.788,-0.329,0.667,0.696,0.408,0.778,0.813,0.102,0.877,0.875,0.609,0.703,0.832,-0.427,-0.584,0.697,0.576,-0.097,0.729,0.536,0.653,0.729,0.928,0.763,0.672,0.608,-0.268,0.705,0.828,0.583,0.197,0.735,0.519,0.765,0.306,0.747,0.359,0.334,0.548,0.722,0.499,0.826
AMWD,0.896,0.626,0.72,0.728,0.928,0.685,0.555,0.944,0.668,0.0,0.947,0.663,0.576,-0.038,0.877,0.737,0.337,0.339,0.922,-0.729,0.83,0.56,0.804,0.886,0.939,0.842,0.791,0.807,0.482,0.857,0.798,-0.289,-0.783,-0.15,0.155,-0.166,0.933,0.887,0.144,0.454,0.814,0.862,0.937,0.844,0.836,0.522,-0.8,0.836,-0.168,0.8,0.842,0.933,0.818,0.867,0.864,0.314,-0.813,0.7,0.941,0.593,0.862,-0.553,0.361,0.951,0.859,0.752,0.817,0.143,-0.752,0.499,0.149,-0.632,-0.17,0.132,0.905,-0.705,-0.386,0.943,0.72,-0.053,0.533,-0.898,0.741,0.477,0.962,0.735,-0.675,0.926,0.711,0.887,0.745,0.976,-0.868,0.738,0.683,0.893,0.186,0.818,0.724,0.628,0.333,0.356,-0.564,0.766,0.805,0.822,0.375,0.877,0.94,0.716,0.91,0.848,0.118,-0.515,-0.794,0.812,0.879,0.332,-0.024,-0.019,0.825,0.385,0.888,0.883,0.383,0.666,0.86,-0.577,0.977,0.852,-0.224,0.92,0.073,0.897,0.96,0.649,0.376,0.865,0.912,0.549,0.239,0.429,0.106,0.583,0.515,0.87,0.876,0.83,-0.172,-0.809,0.596,0.441,0.671,0.904,0.546,0.405,-0.873,0.142,0.865,-0.021,0.814,0.837,0.587,0.876,0.749,0.405,0.795,0.799,0.838,0.251,0.626,-0.697,-0.637,0.928,0.719,-0.474,0.864,0.421,0.868,0.935,0.728,0.923,0.898,0.795,-0.469,0.163,0.903,0.567,-0.112,0.561,0.891,0.917,0.289,0.919,0.689,-0.159,0.821,0.741,0.729,0.772
ARDX,0.898,0.576,0.727,0.789,0.935,0.702,0.625,0.96,0.685,0.947,0.0,0.673,0.569,0.115,0.945,0.796,0.253,0.384,0.893,-0.683,0.865,0.599,0.783,0.915,0.913,0.899,0.777,0.709,0.601,0.891,0.839,-0.307,-0.833,-0.131,0.2,-0.167,0.936,0.88,0.197,0.482,0.751,0.882,0.922,0.87,0.868,0.617,-0.823,0.831,-0.095,0.837,0.901,0.891,0.821,0.921,0.844,0.218,-0.804,0.753,0.946,0.603,0.881,-0.612,0.456,0.931,0.812,0.843,0.864,0.125,-0.711,0.476,0.25,-0.582,-0.083,0.233,0.917,-0.71,-0.422,0.938,0.729,-0.192,0.501,-0.907,0.725,0.538,0.957,0.729,-0.671,0.91,0.744,0.888,0.82,0.951,-0.813,0.672,0.728,0.922,0.213,0.786,0.766,0.622,0.284,0.277,-0.6,0.749,0.819,0.861,0.417,0.852,0.926,0.7,0.931,0.858,0.056,-0.464,-0.716,0.847,0.854,0.406,0.044,0.127,0.853,0.456,0.911,0.917,0.441,0.601,0.887,-0.584,0.954,0.872,-0.341,0.944,0.036,0.899,0.938,0.69,0.493,0.825,0.939,0.534,0.284,0.487,0.051,0.504,0.488,0.934,0.861,0.799,-0.016,-0.781,0.642,0.402,0.709,0.912,0.516,0.448,-0.918,0.081,0.932,-0.008,0.74,0.907,0.591,0.882,0.821,0.5,0.759,0.826,0.854,0.209,0.649,-0.702,-0.58,0.894,0.787,-0.5,0.884,0.549,0.848,0.86,0.776,0.924,0.897,0.74,-0.449,0.231,0.885,0.542,-0.055,0.622,0.941,0.932,0.375,0.887,0.688,-0.176,0.85,0.753,0.803,0.832
ARQT,0.774,0.369,0.596,0.752,0.806,0.538,0.634,0.644,0.478,0.663,0.673,0.0,0.75,0.074,0.655,0.612,0.691,0.372,0.685,-0.468,0.611,0.494,0.589,0.668,0.808,0.606,0.661,0.699,0.617,0.632,0.543,0.071,-0.387,0.304,0.312,-0.51,0.768,0.611,0.152,0.48,0.743,0.749,0.779,0.524,0.726,0.351,-0.308,0.562,0.216,0.7,0.591,0.772,0.697,0.699,0.48,0.316,-0.413,0.341,0.713,0.495,0.841,-0.148,0.299,0.77,0.8,0.421,0.654,0.382,-0.389,0.489,-0.123,-0.357,0.174,0.261,0.591,-0.34,0.128,0.75,0.506,-0.195,0.693,-0.526,0.35,0.366,0.656,0.647,-0.264,0.637,0.578,0.78,0.525,0.683,-0.473,0.58,0.371,0.524,0.272,0.533,0.614,0.672,0.653,0.587,-0.19,0.525,0.594,0.629,0.283,0.701,0.713,0.497,0.635,0.649,0.454,-0.201,-0.357,0.615,0.67,0.142,0.19,0.026,0.631,0.43,0.697,0.522,0.188,0.675,0.698,-0.09,0.667,0.755,0.187,0.624,0.252,0.617,0.769,0.434,0.51,0.784,0.571,0.343,0.498,0.467,0.195,0.254,0.444,0.579,0.671,0.802,0.136,-0.379,0.608,0.302,0.575,0.572,0.642,0.647,-0.478,0.36,0.523,0.34,0.685,0.532,0.423,0.646,0.628,0.404,0.676,0.602,0.505,0.378,0.684,-0.354,-0.376,0.816,0.376,-0.01,0.593,0.324,0.599,0.702,0.605,0.624,0.541,0.613,0.051,0.248,0.741,0.807,0.403,0.656,0.672,0.758,0.02,0.817,0.522,0.125,0.482,0.834,0.542,0.567
ASTE,0.768,0.012,0.81,0.643,0.701,0.311,0.799,0.458,0.692,0.576,0.569,0.75,0.0,-0.022,0.485,0.696,0.532,0.483,0.64,-0.32,0.543,0.327,0.761,0.515,0.754,0.64,0.753,0.767,0.686,0.598,0.502,0.424,-0.158,0.465,0.367,-0.427,0.678,0.598,-0.089,0.711,0.638,0.628,0.721,0.377,0.672,0.267,-0.174,0.689,0.147,0.545,0.577,0.734,0.823,0.558,0.39,0.336,-0.377,0.411,0.625,0.73,0.828,0.008,0.645,0.735,0.802,0.323,0.577,0.045,-0.477,0.182,-0.095,-0.255,0.009,0.373,0.461,-0.477,0.152,0.681,0.726,-0.188,0.879,-0.335,0.142,0.081,0.569,0.863,-0.248,0.424,0.767,0.671,0.569,0.591,-0.437,0.489,0.105,0.472,0.695,0.285,0.803,0.694,0.345,0.782,-0.125,0.591,0.759,0.573,0.669,0.786,0.715,0.76,0.44,0.764,0.645,0.118,-0.376,0.668,0.667,0.161,0.04,-0.14,0.743,0.157,0.679,0.457,-0.065,0.873,0.724,-0.174,0.576,0.744,-0.074,0.376,0.536,0.549,0.665,0.389,0.489,0.776,0.508,0.506,0.819,0.424,0.667,-0.032,0.517,0.356,0.75,0.859,0.29,-0.267,0.815,0.144,0.637,0.465,0.909,0.542,-0.39,0.756,0.463,0.214,0.692,0.479,0.441,0.694,0.714,0.345,0.837,0.716,0.427,0.719,0.889,-0.186,-0.25,0.765,0.292,0.273,0.605,0.429,0.652,0.696,0.795,0.515,0.498,0.595,0.27,0.661,0.804,0.88,0.508,0.888,0.475,0.748,0.051,0.795,0.464,0.587,0.313,0.72,0.499,0.643
AUPH,-0.042,-0.158,-0.067,0.225,0.021,0.078,0.271,-0.036,-0.12,-0.038,0.115,0.074,-0.022,0.0,0.267,0.249,-0.059,0.454,-0.05,0.247,0.082,0.101,-0.141,0.105,-0.072,0.089,-0.038,-0.019,0.339,0.004,0.069,-0.041,-0.008,0.177,0.382,0.172,0.072,-0.071,0.314,0.168,0.133,0.167,-0.064,0.057,0.22,0.198,0.035,-0.066,0.365,0.191,0.217,-0.055,0.007,0.195,-0.021,-0.313,0.161,0.126,0.032,-0.077,0.056,0.224,0.129,-0.039,-0.121,0.26,0.1,0.101,0.364,0.034,0.408,0.038,0.603,0.104,0.026,0.204,0.027,0.004,-0.006,-0.062,-0.12,0.053,-0.053,0.016,0.045,-0.147,0.197,-0.028,0.066,0.017,0.206,-0.022,0.276,-0.022,0.151,0.013,0.076,-0.014,0.132,0.208,0.127,-0.36,-0.103,-0.015,-0.093,0.103,0.134,-0.113,0.062,0.074,0.092,-0.002,-0.041,0.09,0.386,0.022,-0.162,0.212,0.277,0.517,0.109,0.255,0.054,-0.011,0.352,-0.177,0.011,0.133,-0.055,0.095,-0.197,0.033,0.142,0.027,-0.005,0.037,0.464,0.017,0.023,0.003,-0.01,0.288,-0.077,-0.321,0.058,0.111,-0.159,-0.058,0.455,0.147,0.16,0.169,0.055,0.004,0.002,0.327,0.018,-0.184,0.117,0.492,-0.316,0.158,0.092,0.01,0.195,0.499,-0.173,-0.038,-0.031,-0.137,-0.018,0.228,0.184,-0.06,0.116,0.08,0.011,0.361,-0.046,-0.181,0.071,-0.123,0.009,-0.026,0.116,0.139,-0.094,-0.01,0.212,0.06,0.174,0.075,0.266,-0.045,-0.046,0.032,-0.057,0.093,0.249,0.036
AVXL,0.791,0.581,0.632,0.845,0.88,0.772,0.633,0.916,0.556,0.877,0.945,0.655,0.485,0.267,0.0,0.79,0.239,0.463,0.806,-0.605,0.881,0.701,0.658,0.916,0.84,0.859,0.764,0.646,0.64,0.877,0.824,-0.414,-0.772,-0.077,0.333,-0.012,0.922,0.755,0.383,0.525,0.703,0.911,0.841,0.911,0.888,0.747,-0.839,0.724,-0.126,0.882,0.897,0.843,0.774,0.944,0.869,0.076,-0.753,0.802,0.928,0.524,0.839,-0.588,0.45,0.869,0.699,0.911,0.91,0.12,-0.592,0.431,0.413,-0.667,0.085,0.311,0.928,-0.628,-0.389,0.904,0.694,-0.191,0.437,-0.903,0.784,0.58,0.901,0.64,-0.652,0.892,0.73,0.888,0.855,0.916,-0.762,0.567,0.716,0.89,0.142,0.828,0.722,0.614,0.373,0.147,-0.689,0.784,0.735,0.875,0.381,0.786,0.859,0.604,0.945,0.777,0.014,-0.53,-0.58,0.844,0.773,0.566,0.082,0.25,0.813,0.582,0.898,0.899,0.605,0.503,0.868,-0.615,0.891,0.78,-0.278,0.923,-0.096,0.912,0.898,0.769,0.62,0.72,0.929,0.55,0.26,0.598,-0.032,0.381,0.593,0.903,0.762,0.718,0.114,-0.786,0.638,0.326,0.746,0.918,0.436,0.544,-0.861,-0.048,0.856,0.064,0.633,0.916,0.708,0.859,0.792,0.651,0.608,0.777,0.875,0.062,0.599,-0.711,-0.415,0.819,0.787,-0.56,0.882,0.613,0.845,0.794,0.687,0.833,0.867,0.734,-0.391,0.166,0.818,0.46,-0.025,0.569,0.944,0.848,0.48,0.817,0.745,-0.272,0.866,0.661,0.858,0.819
AZTA,0.773,0.159,0.815,0.83,0.78,0.42,0.876,0.676,0.729,0.737,0.796,0.612,0.696,0.249,0.79,0.0,0.095,0.628,0.75,-0.332,0.845,0.439,0.758,0.817,0.753,0.922,0.779,0.664,0.836,0.858,0.849,-0.022,-0.531,0.122,0.392,-0.047,0.825,0.719,0.255,0.788,0.727,0.815,0.748,0.759,0.891,0.632,-0.576,0.795,-0.042,0.799,0.917,0.741,0.869,0.791,0.706,0.174,-0.69,0.822,0.791,0.683,0.836,-0.327,0.762,0.794,0.682,0.78,0.831,-0.182,-0.523,0.328,0.481,-0.367,0.129,0.32,0.726,-0.598,-0.303,0.788,0.76,-0.317,0.677,-0.638,0.462,0.206,0.757,0.708,-0.501,0.69,0.895,0.769,0.827,0.76,-0.564,0.41,0.463,0.812,0.57,0.509,0.757,0.584,0.137,0.317,-0.594,0.716,0.77,0.885,0.74,0.765,0.865,0.85,0.769,0.82,0.101,-0.121,-0.51,0.856,0.667,0.553,-0.025,0.345,0.901,0.475,0.85,0.758,0.34,0.585,0.873,-0.453,0.745,0.826,-0.405,0.651,0.141,0.829,0.737,0.725,0.718,0.774,0.796,0.691,0.582,0.675,0.402,0.107,0.624,0.716,0.753,0.753,0.439,-0.597,0.889,0.171,0.834,0.751,0.701,0.528,-0.718,0.255,0.778,0.075,0.582,0.854,0.639,0.884,0.932,0.61,0.704,0.844,0.684,0.418,0.825,-0.482,-0.329,0.73,0.704,-0.126,0.831,0.823,0.747,0.711,0.849,0.684,0.82,0.701,-0.143,0.606,0.824,0.54,0.242,0.757,0.764,0.84,0.612,0.764,0.583,0.225,0.671,0.656,0.878,0.819
BAND,0.404,0.325,0.179,0.372,0.454,0.337,0.281,0.276,0.028,0.337,0.253,0.691,0.532,-0.059,0.239,0.095,0.0,0.205,0.315,-0.348,0.119,0.386,0.208,0.212,0.502,0.1,0.339,0.571,0.245,0.152,0.016,0.161,0.013,0.416,0.3,-0.501,0.417,0.209,0.037,0.224,0.476,0.457,0.463,0.075,0.315,0.043,0.073,0.133,0.264,0.356,0.059,0.515,0.305,0.319,0.107,0.166,0.008,-0.144,0.374,0.162,0.49,0.217,-0.12,0.422,0.556,-0.048,0.215,0.658,-0.078,0.346,-0.473,-0.275,0.199,0.034,0.232,0.061,0.434,0.432,0.131,0.057,0.446,-0.161,0.099,0.309,0.296,0.335,0.044,0.325,0.122,0.472,0.079,0.352,-0.198,0.452,0.066,0.012,0.016,0.325,0.267,0.563,0.79,0.524,0.234,0.248,0.233,0.163,-0.056,0.388,0.32,0.092,0.209,0.264,0.714,-0.205,-0.016,0.193,0.351,-0.141,0.29,-0.194,0.199,0.142,0.293,0.056,0.053,0.519,0.292,0.156,0.298,0.34,0.548,0.247,0.405,0.182,0.488,0.008,0.224,0.468,0.133,0.013,0.235,0.21,0.095,0.127,0.312,0.136,0.344,0.53,-0.08,0.001,0.187,0.295,0.191,0.189,0.418,0.633,-0.011,0.363,0.01,0.515,0.415,0.021,0.221,0.209,0.112,0.187,0.362,0.16,0.137,0.284,0.301,-0.013,-0.087,0.551,-0.179,0.186,0.181,-0.229,0.307,0.429,0.165,0.218,0.057,0.429,0.33,-0.078,0.354,0.736,0.43,0.332,0.238,0.352,-0.472,0.527,0.34,0.134,0.034,0.493,0.07,0.132
BECN,0.324,0.065,0.328,0.518,0.412,0.308,0.68,0.228,0.133,0.339,0.384,0.372,0.483,0.454,0.463,0.628,0.205,0.0,0.329,0.204,0.502,0.428,0.202,0.363,0.33,0.432,0.39,0.462,0.635,0.41,0.418,-0.052,-0.121,0.341,0.483,0.288,0.454,0.228,0.45,0.777,0.536,0.548,0.293,0.417,0.672,0.503,-0.229,0.283,0.105,0.534,0.486,0.361,0.456,0.547,0.354,-0.169,-0.27,0.465,0.411,0.373,0.507,0.116,0.529,0.362,0.236,0.478,0.507,-0.084,-0.021,0.213,0.462,-0.4,0.454,0.57,0.337,0.005,0.152,0.393,0.419,0.05,0.548,-0.203,0.273,-0.139,0.332,0.307,0.058,0.312,0.553,0.472,0.585,0.365,-0.133,0.18,0.294,0.341,0.362,0.371,0.447,0.523,0.27,0.012,-0.347,0.577,0.252,0.506,0.427,0.347,0.484,0.459,0.415,0.312,0.117,-0.133,0.001,0.458,0.286,0.596,0.081,0.394,0.521,0.481,0.418,0.317,0.465,0.242,0.448,-0.111,0.33,0.346,-0.096,0.267,0.209,0.453,0.376,0.394,0.687,0.443,0.338,0.543,0.382,0.556,0.252,-0.247,0.676,0.253,0.252,0.391,0.557,-0.229,0.582,-0.035,0.464,0.367,0.402,0.622,-0.171,0.08,0.229,0.478,0.246,0.446,0.474,0.462,0.54,0.742,0.255,0.345,0.253,0.112,0.412,-0.12,0.237,0.368,0.388,0.137,0.402,0.635,0.421,0.275,0.335,0.141,0.415,0.347,0.306,0.368,0.377,0.28,0.194,0.463,0.466,0.462,0.475,0.365,0.41,0.268,0.261,0.193,0.642,0.352
BFC,0.881,0.468,0.759,0.698,0.899,0.574,0.556,0.869,0.746,0.922,0.893,0.685,0.64,-0.05,0.806,0.75,0.315,0.329,0.0,-0.638,0.793,0.418,0.835,0.83,0.91,0.838,0.733,0.771,0.517,0.807,0.788,-0.138,-0.732,-0.113,0.094,-0.224,0.871,0.892,0.016,0.461,0.789,0.793,0.889,0.748,0.815,0.437,-0.683,0.879,-0.051,0.71,0.83,0.88,0.811,0.787,0.784,0.464,-0.757,0.648,0.854,0.685,0.863,-0.502,0.446,0.923,0.859,0.658,0.752,0.109,-0.745,0.488,0.076,-0.479,-0.214,0.222,0.798,-0.715,-0.303,0.868,0.731,-0.048,0.586,-0.797,0.625,0.343,0.913,0.769,-0.592,0.827,0.736,0.803,0.702,0.897,-0.804,0.74,0.607,0.855,0.295,0.693,0.74,0.637,0.265,0.416,-0.47,0.701,0.805,0.78,0.418,0.859,0.903,0.766,0.829,0.848,0.125,-0.321,-0.744,0.764,0.893,0.238,-0.132,-0.023,0.829,0.303,0.836,0.812,0.207,0.692,0.824,-0.479,0.931,0.867,-0.28,0.85,0.172,0.83,0.892,0.573,0.344,0.858,0.843,0.579,0.35,0.373,0.225,0.538,0.444,0.79,0.877,0.873,-0.115,-0.724,0.635,0.433,0.629,0.824,0.644,0.326,-0.813,0.23,0.845,-0.037,0.805,0.79,0.488,0.83,0.78,0.386,0.839,0.797,0.731,0.365,0.677,-0.612,-0.673,0.915,0.713,-0.348,0.787,0.446,0.793,0.881,0.793,0.895,0.863,0.715,-0.399,0.276,0.89,0.616,0.012,0.621,0.83,0.916,0.285,0.906,0.547,-0.011,0.72,0.774,0.658,0.767
BGC,-0.674,-0.574,-0.474,-0.45,-0.679,-0.581,-0.204,-0.767,-0.518,-0.729,-0.683,-0.468,-0.32,0.247,-0.605,-0.332,-0.348,0.204,-0.638,0.0,-0.46,-0.44,-0.625,-0.62,-0.728,-0.552,-0.583,-0.536,-0.163,-0.578,-0.48,0.261,0.647,0.259,0.032,0.397,-0.666,-0.671,0.091,-0.068,-0.45,-0.566,-0.741,-0.578,-0.396,-0.308,0.59,-0.585,0.19,-0.519,-0.489,-0.727,-0.541,-0.555,-0.608,-0.223,0.548,-0.383,-0.7,-0.374,-0.574,0.623,-0.058,-0.711,-0.681,-0.462,-0.533,-0.26,0.662,-0.316,0.143,0.424,0.343,0.207,-0.68,0.615,0.345,-0.715,-0.447,0.192,-0.238,0.748,-0.529,-0.666,-0.682,-0.575,0.718,-0.709,-0.356,-0.633,-0.429,-0.721,0.74,-0.593,-0.483,-0.606,0.022,-0.593,-0.458,-0.35,-0.274,-0.352,0.277,-0.405,-0.649,-0.499,-0.122,-0.675,-0.606,-0.343,-0.633,-0.644,-0.183,0.456,0.671,-0.533,-0.67,-0.025,-0.075,0.22,-0.482,-0.098,-0.647,-0.655,-0.118,-0.531,-0.607,0.531,-0.726,-0.596,0.101,-0.731,0.032,-0.597,-0.735,-0.428,-0.049,-0.539,-0.672,-0.163,-0.085,-0.173,0.09,-0.591,-0.206,-0.695,-0.699,-0.601,0.387,0.604,-0.26,-0.39,-0.433,-0.667,-0.288,-0.207,0.712,-0.138,-0.644,0.232,-0.611,-0.535,-0.37,-0.573,-0.368,-0.03,-0.591,-0.555,-0.675,-0.133,-0.403,0.607,0.61,-0.7,-0.383,0.531,-0.613,-0.034,-0.604,-0.742,-0.508,-0.771,-0.544,-0.621,0.491,0.072,-0.655,-0.483,0.135,-0.346,-0.571,-0.588,0.097,-0.69,-0.513,0.342,-0.624,-0.598,-0.355,-0.584
BHF,0.794,0.472,0.741,0.86,0.814,0.635,0.716,0.841,0.66,0.83,0.865,0.611,0.543,0.082,0.881,0.845,0.119,0.502,0.793,-0.46,0.0,0.64,0.702,0.927,0.814,0.899,0.841,0.611,0.722,0.953,0.926,-0.318,-0.691,0.047,0.347,0.075,0.897,0.712,0.421,0.657,0.63,0.85,0.792,0.924,0.91,0.794,-0.824,0.771,-0.32,0.846,0.916,0.817,0.845,0.89,0.897,0.182,-0.855,0.901,0.899,0.538,0.843,-0.563,0.624,0.855,0.671,0.899,0.954,-0.071,-0.637,0.365,0.527,-0.643,0.057,0.433,0.907,-0.626,-0.43,0.875,0.771,-0.2,0.565,-0.848,0.787,0.416,0.84,0.676,-0.661,0.864,0.868,0.892,0.881,0.877,-0.78,0.406,0.581,0.924,0.283,0.73,0.741,0.489,0.29,0.304,-0.802,0.856,0.76,0.946,0.528,0.796,0.818,0.67,0.925,0.785,-0.071,-0.439,-0.658,0.933,0.721,0.671,0.028,0.23,0.89,0.668,0.905,0.909,0.569,0.552,0.921,-0.646,0.84,0.756,-0.268,0.814,-0.198,0.951,0.834,0.89,0.682,0.695,0.919,0.683,0.419,0.671,0.155,0.386,0.67,0.828,0.796,0.722,0.229,-0.802,0.75,0.044,0.85,0.921,0.522,0.462,-0.836,0.037,0.814,-0.098,0.695,0.938,0.773,0.938,0.893,0.592,0.66,0.877,0.891,0.206,0.724,-0.759,-0.349,0.773,0.842,-0.488,0.938,0.754,0.888,0.809,0.708,0.8,0.924,0.75,-0.317,0.323,0.848,0.39,0.057,0.626,0.89,0.817,0.661,0.795,0.796,-0.112,0.905,0.595,0.899,0.855
BHFAL,0.459,0.593,0.292,0.717,0.55,0.795,0.459,0.61,0.107,0.56,0.599,0.494,0.327,0.101,0.701,0.439,0.386,0.428,0.418,-0.44,0.64,0.0,0.248,0.637,0.559,0.477,0.664,0.463,0.52,0.615,0.484,-0.51,-0.383,0.16,0.478,0.172,0.69,0.256,0.645,0.489,0.442,0.73,0.538,0.712,0.617,0.813,-0.644,0.327,-0.318,0.708,0.496,0.64,0.517,0.762,0.673,-0.162,-0.414,0.549,0.726,0.234,0.606,-0.393,0.194,0.578,0.412,0.714,0.766,0.254,-0.35,0.202,0.371,-0.764,0.288,0.384,0.766,-0.231,-0.026,0.689,0.442,-0.029,0.359,-0.651,0.762,0.6,0.518,0.413,-0.398,0.657,0.468,0.765,0.681,0.651,-0.522,0.219,0.394,0.515,-0.098,0.712,0.464,0.403,0.6,0.165,-0.55,0.704,0.419,0.609,0.122,0.514,0.476,0.157,0.682,0.406,0.117,-0.685,-0.209,0.648,0.42,0.724,0.409,0.078,0.471,0.721,0.633,0.645,0.753,0.286,0.633,-0.543,0.534,0.313,0.022,0.608,-0.319,0.676,0.675,0.705,0.627,0.35,0.641,0.432,0.206,0.696,-0.194,0.147,0.746,0.576,0.451,0.449,0.244,-0.535,0.424,-0.116,0.636,0.689,0.177,0.66,-0.456,-0.123,0.367,0.168,0.373,0.623,0.777,0.611,0.425,0.71,0.238,0.502,0.735,-0.203,0.384,-0.635,0.111,0.555,0.492,-0.518,0.688,0.388,0.731,0.57,0.246,0.43,0.535,0.556,0.028,-0.117,0.53,0.33,0.048,0.399,0.668,0.425,0.273,0.547,0.894,-0.368,0.698,0.293,0.698,0.536
BKNG,0.881,0.157,0.947,0.613,0.825,0.376,0.653,0.737,0.942,0.804,0.783,0.589,0.761,-0.141,0.658,0.758,0.208,0.202,0.835,-0.625,0.702,0.248,0.0,0.735,0.865,0.823,0.8,0.746,0.556,0.797,0.742,0.201,-0.566,0.002,0.133,-0.365,0.789,0.897,-0.235,0.518,0.638,0.658,0.868,0.625,0.684,0.323,-0.53,0.945,-0.035,0.598,0.809,0.825,0.91,0.617,0.667,0.447,-0.673,0.654,0.77,0.761,0.823,-0.418,0.66,0.876,0.872,0.558,0.69,-0.132,-0.814,0.192,0.006,-0.312,-0.306,0.164,0.669,-0.844,-0.389,0.808,0.842,-0.271,0.68,-0.671,0.388,0.282,0.787,0.901,-0.651,0.659,0.812,0.701,0.664,0.783,-0.767,0.59,0.392,0.779,0.634,0.435,0.842,0.509,0.06,0.636,-0.39,0.652,0.958,0.701,0.714,0.919,0.842,0.889,0.662,0.964,0.33,-0.004,-0.753,0.794,0.848,0.149,-0.193,-0.094,0.884,0.043,0.841,0.731,-0.064,0.849,0.848,-0.533,0.827,0.874,-0.377,0.657,0.33,0.758,0.787,0.578,0.322,0.838,0.781,0.506,0.588,0.31,0.541,0.308,0.389,0.655,0.944,0.889,-0.015,-0.579,0.724,0.334,0.705,0.73,0.813,0.242,-0.788,0.571,0.819,-0.204,0.783,0.735,0.485,0.846,0.815,0.183,0.946,0.907,0.681,0.684,0.852,-0.477,-0.629,0.841,0.608,-0.121,0.792,0.455,0.764,0.858,0.936,0.834,0.739,0.698,-0.265,0.621,0.923,0.698,0.127,0.784,0.615,0.865,0.203,0.871,0.467,0.293,0.612,0.789,0.555,0.849
BL,0.842,0.545,0.721,0.88,0.868,0.666,0.67,0.914,0.661,0.886,0.915,0.668,0.515,0.105,0.916,0.817,0.212,0.363,0.83,-0.62,0.927,0.637,0.735,0.0,0.864,0.901,0.827,0.634,0.671,0.94,0.882,-0.343,-0.772,-0.069,0.295,-0.101,0.933,0.77,0.327,0.551,0.72,0.882,0.873,0.914,0.866,0.734,-0.815,0.784,-0.227,0.866,0.925,0.862,0.839,0.894,0.884,0.226,-0.804,0.82,0.931,0.507,0.843,-0.607,0.498,0.889,0.74,0.876,0.922,0.063,-0.664,0.446,0.396,-0.581,0.041,0.235,0.928,-0.679,-0.468,0.916,0.719,-0.272,0.478,-0.899,0.767,0.566,0.882,0.669,-0.737,0.914,0.788,0.894,0.83,0.911,-0.787,0.505,0.641,0.923,0.218,0.752,0.709,0.481,0.356,0.316,-0.705,0.783,0.775,0.92,0.471,0.813,0.846,0.641,0.947,0.818,-0.024,-0.474,-0.679,0.899,0.726,0.527,0.096,0.263,0.856,0.622,0.927,0.917,0.532,0.547,0.91,-0.634,0.883,0.819,-0.251,0.885,-0.172,0.945,0.885,0.84,0.617,0.744,0.944,0.556,0.336,0.632,0.047,0.449,0.582,0.922,0.825,0.747,0.115,-0.799,0.686,0.213,0.825,0.936,0.487,0.48,-0.897,0.03,0.88,-0.082,0.672,0.934,0.731,0.923,0.845,0.518,0.674,0.862,0.9,0.208,0.687,-0.751,-0.463,0.821,0.806,-0.531,0.928,0.641,0.852,0.846,0.739,0.87,0.903,0.78,-0.445,0.258,0.855,0.48,0.049,0.587,0.899,0.84,0.506,0.835,0.752,-0.209,0.905,0.713,0.847,0.849
BOKF,0.945,0.524,0.811,0.797,0.966,0.638,0.669,0.905,0.743,0.939,0.913,0.808,0.754,-0.072,0.84,0.753,0.502,0.33,0.91,-0.728,0.814,0.559,0.865,0.864,0.0,0.851,0.865,0.851,0.609,0.864,0.773,-0.089,-0.668,0.06,0.249,-0.354,0.957,0.876,0.065,0.533,0.788,0.886,0.981,0.766,0.843,0.504,-0.664,0.855,-0.073,0.812,0.819,0.98,0.9,0.847,0.786,0.379,-0.746,0.643,0.943,0.656,0.956,-0.47,0.454,0.99,0.953,0.672,0.829,0.209,-0.739,0.458,0.022,-0.554,-0.128,0.208,0.858,-0.707,-0.254,0.968,0.753,-0.178,0.683,-0.827,0.625,0.508,0.927,0.843,-0.63,0.877,0.77,0.921,0.723,0.947,-0.83,0.723,0.567,0.832,0.33,0.726,0.792,0.689,0.438,0.571,-0.459,0.745,0.881,0.82,0.464,0.946,0.924,0.733,0.85,0.908,0.337,-0.37,-0.728,0.848,0.903,0.271,0.018,-0.073,0.863,0.352,0.923,0.825,0.256,0.814,0.917,-0.509,0.942,0.907,-0.113,0.855,0.189,0.865,0.976,0.642,0.451,0.904,0.871,0.531,0.452,0.472,0.253,0.488,0.541,0.809,0.942,0.938,-0.05,-0.702,0.7,0.383,0.744,0.86,0.706,0.521,-0.812,0.345,0.814,0.009,0.866,0.792,0.605,0.893,0.793,0.388,0.889,0.859,0.802,0.433,0.784,-0.629,-0.598,0.989,0.618,-0.307,0.867,0.411,0.877,0.959,0.812,0.911,0.823,0.827,-0.27,0.299,0.96,0.765,0.152,0.73,0.842,0.94,0.183,0.991,0.701,0.017,0.748,0.845,0.692,0.826
BRKR,0.867,0.361,0.826,0.813,0.859,0.532,0.794,0.844,0.794,0.842,0.899,0.606,0.64,0.089,0.859,0.922,0.1,0.432,0.838,-0.552,0.899,0.477,0.823,0.901,0.851,0.0,0.833,0.648,0.747,0.937,0.923,-0.157,-0.712,-0.024,0.277,-0.128,0.896,0.814,0.192,0.659,0.677,0.848,0.859,0.846,0.877,0.672,-0.74,0.859,-0.207,0.836,0.937,0.835,0.888,0.848,0.784,0.28,-0.845,0.85,0.886,0.679,0.869,-0.561,0.692,0.886,0.766,0.829,0.874,-0.122,-0.65,0.429,0.424,-0.43,-0.065,0.261,0.847,-0.736,-0.434,0.878,0.777,-0.346,0.587,-0.805,0.614,0.39,0.877,0.769,-0.705,0.829,0.889,0.844,0.855,0.866,-0.742,0.517,0.582,0.935,0.441,0.633,0.764,0.587,0.14,0.354,-0.65,0.739,0.853,0.945,0.642,0.846,0.896,0.787,0.872,0.872,0.018,-0.263,-0.725,0.911,0.758,0.491,-0.038,0.266,0.918,0.456,0.924,0.902,0.333,0.641,0.935,-0.589,0.866,0.88,-0.41,0.802,0.016,0.894,0.833,0.763,0.571,0.772,0.913,0.694,0.509,0.577,0.235,0.34,0.568,0.856,0.861,0.788,0.237,-0.78,0.835,0.188,0.843,0.86,0.607,0.433,-0.879,0.193,0.901,-0.133,0.723,0.907,0.634,0.94,0.91,0.487,0.788,0.903,0.821,0.352,0.794,-0.651,-0.489,0.81,0.764,-0.368,0.906,0.748,0.83,0.818,0.868,0.86,0.906,0.738,-0.374,0.465,0.896,0.513,0.121,0.743,0.857,0.897,0.595,0.834,0.665,0.029,0.811,0.687,0.879,0.892
CACC,0.844,0.347,0.835,0.849,0.788,0.616,0.786,0.757,0.727,0.791,0.777,0.661,0.753,-0.038,0.764,0.779,0.339,0.39,0.733,-0.583,0.841,0.664,0.8,0.827,0.865,0.833,0.0,0.772,0.749,0.879,0.773,-0.037,-0.444,0.259,0.483,-0.135,0.9,0.654,0.246,0.692,0.608,0.824,0.845,0.773,0.804,0.683,-0.651,0.8,-0.316,0.793,0.802,0.903,0.926,0.788,0.772,0.248,-0.685,0.774,0.893,0.614,0.888,-0.39,0.626,0.887,0.81,0.728,0.89,0.011,-0.66,0.207,0.3,-0.608,0.04,0.344,0.845,-0.689,-0.248,0.9,0.831,-0.237,0.692,-0.723,0.633,0.498,0.777,0.855,-0.678,0.749,0.874,0.888,0.82,0.844,-0.754,0.445,0.326,0.783,0.482,0.591,0.846,0.568,0.402,0.633,-0.604,0.82,0.883,0.84,0.664,0.901,0.793,0.709,0.773,0.869,0.34,-0.303,-0.612,0.93,0.722,0.533,0.126,-0.029,0.873,0.478,0.92,0.82,0.354,0.809,0.938,-0.625,0.771,0.769,-0.195,0.671,0.042,0.861,0.855,0.798,0.623,0.719,0.848,0.648,0.653,0.672,0.391,0.213,0.714,0.678,0.876,0.839,0.245,-0.657,0.838,0.026,0.901,0.831,0.715,0.545,-0.712,0.42,0.704,-0.039,0.734,0.798,0.821,0.937,0.826,0.494,0.786,0.922,0.865,0.441,0.873,-0.619,-0.275,0.825,0.591,-0.296,0.935,0.595,0.937,0.898,0.782,0.731,0.773,0.807,-0.08,0.456,0.919,0.665,0.281,0.814,0.732,0.781,0.379,0.869,0.842,0.137,0.742,0.678,0.767,0.88
CAR,0.79,0.364,0.692,0.64,0.795,0.516,0.608,0.666,0.577,0.807,0.709,0.699,0.767,-0.019,0.646,0.664,0.571,0.462,0.771,-0.536,0.611,0.463,0.746,0.634,0.851,0.648,0.772,0.0,0.525,0.627,0.547,0.06,-0.371,0.168,0.335,-0.221,0.805,0.709,0.038,0.566,0.812,0.764,0.821,0.558,0.729,0.305,-0.44,0.754,0.035,0.678,0.64,0.869,0.78,0.663,0.603,0.371,-0.514,0.46,0.771,0.641,0.838,-0.131,0.363,0.847,0.864,0.464,0.643,0.258,-0.584,0.378,-0.069,-0.529,-0.024,0.168,0.659,-0.537,-0.009,0.808,0.666,0.068,0.712,-0.56,0.452,0.277,0.766,0.762,-0.404,0.657,0.643,0.749,0.59,0.793,-0.642,0.71,0.371,0.597,0.412,0.582,0.731,0.746,0.459,0.559,-0.26,0.672,0.733,0.606,0.468,0.815,0.839,0.75,0.619,0.776,0.53,-0.279,-0.521,0.654,0.769,0.205,0.018,-0.182,0.742,0.2,0.735,0.6,0.163,0.818,0.731,-0.339,0.769,0.762,-0.067,0.621,0.44,0.679,0.839,0.422,0.382,0.861,0.659,0.531,0.444,0.424,0.434,0.272,0.557,0.545,0.783,0.872,-0.033,-0.471,0.641,0.433,0.595,0.646,0.764,0.543,-0.521,0.489,0.579,0.274,0.737,0.563,0.528,0.739,0.638,0.385,0.807,0.69,0.584,0.478,0.701,-0.349,-0.436,0.878,0.399,-0.03,0.682,0.272,0.772,0.851,0.681,0.648,0.65,0.734,-0.003,0.311,0.833,0.788,0.207,0.671,0.65,0.808,0.026,0.881,0.573,0.251,0.471,0.731,0.539,0.626
CDNA,0.637,0.038,0.68,0.833,0.607,0.384,0.908,0.477,0.565,0.482,0.601,0.617,0.686,0.339,0.64,0.836,0.245,0.635,0.517,-0.163,0.722,0.52,0.556,0.671,0.609,0.747,0.749,0.525,0.0,0.723,0.705,0.106,-0.258,0.449,0.602,-0.095,0.712,0.431,0.396,0.794,0.517,0.741,0.573,0.575,0.784,0.671,-0.359,0.581,0.018,0.73,0.722,0.624,0.759,0.681,0.488,0.039,-0.451,0.66,0.665,0.488,0.761,-0.117,0.727,0.635,0.556,0.65,0.752,0.018,-0.278,0.208,0.458,-0.28,0.378,0.415,0.588,-0.368,-0.076,0.663,0.627,-0.387,0.647,-0.43,0.326,0.311,0.532,0.604,-0.322,0.517,0.806,0.698,0.748,0.558,-0.344,0.186,0.24,0.574,0.546,0.318,0.715,0.509,0.33,0.425,-0.472,0.629,0.635,0.762,0.679,0.622,0.619,0.613,0.598,0.656,0.244,0.013,-0.187,0.768,0.435,0.574,0.246,0.394,0.771,0.578,0.728,0.566,0.373,0.528,0.782,-0.299,0.489,0.65,-0.235,0.435,0.115,0.652,0.593,0.673,0.869,0.58,0.604,0.551,0.72,0.792,0.385,-0.1,0.635,0.528,0.607,0.649,0.692,-0.328,0.867,-0.084,0.848,0.582,0.657,0.671,-0.482,0.3,0.547,0.197,0.37,0.695,0.662,0.745,0.834,0.671,0.548,0.744,0.568,0.425,0.802,-0.329,-0.007,0.585,0.496,0.001,0.711,0.775,0.639,0.533,0.693,0.444,0.559,0.58,0.195,0.612,0.657,0.578,0.591,0.79,0.596,0.639,0.511,0.635,0.614,0.302,0.503,0.575,0.787,0.727
CG,0.852,0.436,0.819,0.86,0.865,0.604,0.757,0.873,0.746,0.857,0.891,0.632,0.598,0.004,0.877,0.858,0.152,0.41,0.807,-0.578,0.953,0.615,0.797,0.94,0.864,0.937,0.879,0.627,0.723,0.0,0.93,-0.225,-0.712,0.036,0.319,-0.087,0.925,0.787,0.299,0.637,0.645,0.857,0.862,0.916,0.875,0.757,-0.793,0.813,-0.28,0.862,0.927,0.859,0.904,0.88,0.868,0.204,-0.844,0.882,0.933,0.585,0.869,-0.593,0.649,0.895,0.754,0.871,0.945,-0.112,-0.714,0.341,0.426,-0.57,-0.021,0.314,0.906,-0.691,-0.471,0.919,0.791,-0.342,0.606,-0.875,0.725,0.487,0.848,0.741,-0.734,0.875,0.892,0.907,0.864,0.897,-0.809,0.429,0.575,0.93,0.355,0.703,0.757,0.467,0.239,0.398,-0.744,0.826,0.85,0.956,0.591,0.869,0.854,0.7,0.925,0.86,0.022,-0.375,-0.727,0.967,0.76,0.577,0.02,0.21,0.911,0.557,0.956,0.92,0.455,0.629,0.965,-0.661,0.871,0.82,-0.278,0.83,-0.134,0.963,0.867,0.88,0.639,0.749,0.938,0.629,0.469,0.634,0.185,0.365,0.648,0.858,0.865,0.779,0.204,-0.809,0.781,0.095,0.889,0.936,0.564,0.474,-0.891,0.136,0.858,-0.177,0.729,0.939,0.758,0.961,0.893,0.495,0.734,0.921,0.91,0.31,0.781,-0.766,-0.397,0.813,0.801,-0.451,0.963,0.723,0.887,0.854,0.784,0.86,0.899,0.805,-0.341,0.397,0.901,0.487,0.072,0.688,0.854,0.853,0.566,0.841,0.793,-0.08,0.91,0.674,0.884,0.894
CGBD,0.799,0.375,0.748,0.783,0.774,0.545,0.712,0.807,0.74,0.798,0.839,0.543,0.502,0.069,0.824,0.849,0.016,0.418,0.788,-0.48,0.926,0.484,0.742,0.882,0.773,0.923,0.773,0.547,0.705,0.93,0.0,-0.218,-0.708,0.002,0.269,-0.009,0.847,0.748,0.32,0.579,0.6,0.785,0.752,0.872,0.857,0.698,-0.769,0.79,-0.263,0.803,0.908,0.765,0.815,0.824,0.804,0.23,-0.852,0.86,0.84,0.53,0.791,-0.548,0.635,0.824,0.668,0.848,0.866,-0.141,-0.618,0.401,0.516,-0.449,-0.017,0.282,0.831,-0.663,-0.495,0.818,0.729,-0.265,0.535,-0.806,0.679,0.388,0.81,0.641,-0.668,0.827,0.856,0.808,0.847,0.82,-0.731,0.407,0.582,0.912,0.341,0.614,0.702,0.436,0.112,0.293,-0.743,0.763,0.762,0.925,0.554,0.764,0.8,0.696,0.89,0.784,-0.132,-0.27,-0.689,0.87,0.685,0.56,-0.054,0.304,0.867,0.552,0.862,0.873,0.415,0.531,0.885,-0.56,0.815,0.781,-0.39,0.776,-0.136,0.896,0.779,0.811,0.586,0.688,0.883,0.639,0.43,0.599,0.165,0.391,0.551,0.821,0.777,0.69,0.24,-0.787,0.767,0.104,0.827,0.864,0.514,0.355,-0.856,0.058,0.863,-0.166,0.641,0.912,0.643,0.892,0.87,0.506,0.676,0.86,0.825,0.266,0.706,-0.721,-0.437,0.727,0.835,-0.444,0.874,0.769,0.79,0.749,0.742,0.814,0.88,0.679,-0.388,0.396,0.812,0.361,0.062,0.624,0.833,0.809,0.678,0.76,0.662,-0.079,0.851,0.63,0.872,0.827
CHI,0.016,-0.725,0.266,-0.174,-0.162,-0.539,0.179,-0.415,0.282,-0.289,-0.307,0.071,0.424,-0.041,-0.414,-0.022,0.161,-0.052,-0.138,0.261,-0.318,-0.51,0.201,-0.343,-0.089,-0.157,-0.037,0.06,0.106,-0.225,-0.218,0.0,0.51,0.507,0.083,-0.479,-0.223,-0.03,-0.531,0.047,-0.119,-0.292,-0.111,-0.515,-0.2,-0.507,0.649,0.039,0.44,-0.31,-0.195,-0.134,0.082,-0.397,-0.492,0.166,0.38,-0.32,-0.288,0.132,-0.02,0.596,0.257,-0.124,0.124,-0.504,-0.331,-0.119,0.128,-0.336,-0.419,0.519,0.002,-0.067,-0.466,0.07,0.272,-0.214,0.061,-0.215,0.339,0.514,-0.714,-0.377,-0.286,0.173,0.301,-0.455,0.053,-0.263,-0.276,-0.32,0.331,-0.144,-0.552,-0.367,0.652,-0.634,0.164,-0.018,-0.173,0.55,0.493,-0.259,0.109,-0.276,0.399,0.015,-0.135,0.233,-0.464,0.1,0.598,0.823,0.21,-0.149,-0.097,-0.487,-0.082,-0.208,0.017,-0.526,-0.163,-0.436,-0.7,0.35,-0.11,0.446,-0.294,0.066,0.024,-0.506,0.699,-0.344,-0.229,-0.354,-0.072,0.103,-0.388,-0.213,0.508,-0.186,0.721,-0.46,-0.23,-0.459,0.028,0.141,0.214,0.552,0.173,-0.007,-0.067,-0.409,0.507,-0.057,0.339,0.766,-0.219,0.096,-0.07,-0.347,-0.299,-0.165,0.024,-0.313,0.241,0.013,-0.43,0.772,0.3,0.573,0.051,-0.074,-0.423,0.812,-0.252,-0.086,-0.233,-0.14,0.22,-0.251,-0.391,-0.123,0.555,0.641,-0.024,0.403,0.535,0.317,-0.457,-0.057,-0.36,-0.018,-0.387,0.864,-0.537,0.211,-0.361,-0.099
