,ACET,ADAP,ADI,ADPT,ADTN,AGEN,ALGN,ALLK,AMD,AMWD,ARDX,ARQT,ASTE,AUPH,AVXL,AZTA,BAND,BECN,BFC,BGC,BHF,BHFAL,BKNG,BL,BOKF,BRKR,CACC,CAR,CDNA,CG,CGBD,CHI,CHTR,CHX,CLNE,CME,CNOB,CNXN,CPRX,CSGP,CSGS,CSIQ,CVCO,CVLT,CYRX,DDOG,DOOO,DSGX,DTIL,ECPG,EEFT,EFSC,ENTG,ESPR,ETSY,EXC,FAMI,FFIV,FITB,FIZZ,FMBH,FOX,FTNT,FULT,GABC,GEN,GH,GMAB,GNPX,GO,GOGL,GOOG,GPRO,GSHD,GSM,GWAV,HAIN,HBAN,HEPA,HURN,HWKN,IBIO,ICFI,IGMS,IMKTA,INCY,INO,IRDM,IRTC,IRWD,ITCI,JACK,JD,JJSF,KALA,KHC,KLAC,KRRO,KRYS,LANC,LBTYA,LIVN,LKCO,LNTH,LOGI,LPRO,LRCX,LSCC,LSTR,MAR,MARA,MCHP,MEOH,META,MGTX,MKSI,MMYT,MORN,MRUS,MTLS,MTSI,MVIS,MXL,NBIX,NFE,NMIH,NMRK,NNDM,NSIT,NTCT,NVAX,OCUL,ODP,OLED,ONB,OTEX,PACB,PATK,PAYX,PEP,PERI,PI,PLYA,PRDO,PRGS,PTGX,QCOM,QCRH,QDEL,QFIN,RGEN,RILY,RPAY,RPD,SABR,SEDG,SHEN,SIRI,SLNO,SNDL,SNEX,SONO,SPT,SSNC,STGW,STKL,STRL,STX,SWTX,SYNA,TFSL,TIGR,TNXP,TOWN,TRI,TRIP,TRMB,TRNS,TRS,TSCO,TSEM,TVTX,TXRH,VC,VCEL,VECO,VIAV,VICR,VIR,VRTX,VSTM,VTRS,WDFC,WSBC,WSC,WYNN,XENE,XNCR,XRAY,ZS
ACET,0.0,0.213,0.066,-0.009,0.121,0.538,0.241,0.442,0.327,-0.114,0.365,0.278,-0.075,0.529,0.577,0.046,0.333,0.406,-0.124,0.131,0.195,-0.083,0.17,0.203,0.193,0.457,0.261,0.612,0.35,0.171,0.282,-0.485,0.161,0.386,0.151,-0.241,-0.225,0.048,-0.415,-0.253,-0.326,0.153,-0.262,0.307,-0.084,0.207,-0.209,0.172,0.587,0.147,0.254,0.202,-0.007,0.691,0.12,0.214,-0.147,-0.118,0.14,-0.151,-0.037,-0.171,0.334,-0.091,-0.227,0.034,0.44,0.223,0.152,0.414,0.382,0.081,0.311,-0.115,-0.111,-0.4,0.498,0.054,0.099,-0.163,-0.271,0.075,-0.375,0.561,0.243,0.075,0.615,0.188,-0.149,-0.575,0.169,0.324,0.27,-0.194,-0.078,0.105,-0.225,0.236,0.616,-0.616,0.268,0.256,-0.174,0.2,0.068,-0.004,-0.366,0.277,0.067,0.322,0.558,0.26,0.348,0.564,0.172,-0.0,0.309,0.28,0.366,0.329,0.109,0.346,0.17,0.07,0.069,0.003,0.3,0.355,0.277,-0.032,0.478,-0.187,0.308,0.281,0.092,-0.188,0.315,0.182,0.237,-0.168,0.669,0.428,0.409,0.205,0.333,-0.361,-0.055,-0.052,0.326,0.306,0.029,-0.045,-0.072,-0.624,0.312,0.368,-0.554,0.05,0.527,0.563,0.201,0.466,0.32,-0.146,0.294,-0.433,0.481,-0.014,0.315,0.342,0.115,0.132,0.51,-0.027,-0.57,0.272,0.166,-0.147,-0.021,0.074,0.144,-0.213,0.304,0.403,0.007,-0.297,0.413,0.033,0.104,-0.153,0.359,0.122,0.365,-0.051,0.224,0.127,0.085,-0.462,0.166,0.04
ADAP,0.213,0.0,0.186,0.254,0.068,0.035,-0.061,0.249,0.24,0.351,0.114,0.243,0.248,0.302,0.061,0.015,0.332,0.382,0.255,0.277,0.325,0.052,0.265,0.343,0.3,0.463,0.325,0.267,0.149,0.349,0.314,0.116,0.315,0.265,0.476,0.188,0.262,0.26,0.229,0.267,0.2,0.184,0.176,0.32,0.089,0.255,0.259,0.369,0.205,0.283,0.399,0.42,-0.021,0.345,0.226,0.112,0.09,0.041,0.411,0.071,0.21,0.214,0.215,0.307,0.374,0.255,0.052,0.359,0.217,0.236,-0.117,0.076,0.308,0.3,0.177,0.053,0.322,0.299,-0.014,0.235,0.25,-0.188,-0.149,0.33,0.037,0.292,0.456,0.225,0.301,0.073,0.083,0.352,-0.0,0.11,-0.21,0.275,-0.151,0.222,0.28,0.007,0.342,0.257,0.222,0.302,0.046,0.38,-0.151,0.124,0.271,0.229,0.254,0.297,0.224,0.353,0.397,-0.106,0.179,0.288,0.473,0.417,0.207,0.121,0.413,0.234,0.354,0.263,0.342,0.271,0.251,0.285,0.132,-0.134,0.305,0.294,0.315,0.184,0.226,0.32,0.224,0.042,0.212,0.266,0.376,0.332,0.252,-0.324,0.217,0.248,0.058,0.054,0.166,0.292,0.429,0.124,0.237,0.242,-0.022,0.345,0.201,0.334,0.23,0.265,0.217,0.395,0.051,-0.072,0.306,-0.094,0.294,0.162,0.306,0.151,0.258,0.313,-0.238,0.311,0.174,-0.098,0.231,-0.085,0.12,-0.121,0.472,0.201,0.316,0.164,0.104,0.193,-0.161,0.321,0.114,0.395,0.186,0.433,0.235,0.063,-0.022,0.23,0.193,0.377
ADI,0.066,0.186,0.0,0.672,0.248,0.34,0.672,0.554,0.596,0.515,0.562,0.473,0.678,0.535,0.491,0.08,0.792,0.65,0.135,0.616,0.47,0.113,0.671,0.715,0.541,0.25,0.627,0.422,0.48,0.64,0.528,0.493,0.431,0.527,0.579,0.365,0.445,0.659,0.43,0.485,0.414,0.546,0.731,0.637,-0.282,0.653,0.551,0.683,0.556,0.568,0.651,0.559,0.604,0.257,0.607,0.444,0.361,0.535,0.446,-0.048,0.427,-0.166,0.631,0.449,0.309,0.737,0.484,0.466,0.232,0.469,0.323,0.567,0.721,0.5,0.5,0.276,0.455,0.528,-0.075,-0.056,0.402,-0.422,-0.402,0.462,0.044,0.0,0.376,-0.309,0.136,0.245,0.033,0.532,0.613,0.204,-0.46,0.209,0.543,0.454,0.464,-0.328,0.373,0.565,0.273,0.515,0.577,0.628,0.596,0.453,0.447,0.562,0.51,0.884,0.483,0.6,-0.259,0.446,0.699,0.591,0.359,0.674,0.875,0.386,0.689,0.427,0.383,0.633,0.705,0.464,0.812,0.131,0.522,-0.406,0.258,0.898,0.549,0.761,0.744,0.697,0.5,0.202,0.345,0.39,0.716,0.424,0.607,-0.428,0.706,0.439,0.447,0.603,0.395,0.488,0.482,0.385,0.598,0.761,-0.095,0.244,0.597,0.447,0.69,0.737,0.633,0.578,0.326,-0.207,0.465,0.19,0.601,0.798,0.561,0.697,0.628,0.55,-0.215,0.728,0.784,0.43,0.424,-0.281,0.434,-0.002,0.655,0.591,0.695,0.588,0.117,0.597,-0.068,0.418,0.42,0.491,0.65,0.449,0.599,0.799,-0.157,0.192,0.777,0.406
ADPT,-0.009,0.254,0.672,0.0,-0.243,0.157,0.282,0.746,0.117,0.517,0.668,0.679,0.902,0.623,0.284,-0.02,0.779,0.582,0.58,0.769,0.756,0.299,0.899,0.843,0.897,0.374,0.833,0.161,0.724,0.877,0.716,0.316,0.746,0.695,0.585,0.657,0.86,0.85,0.694,0.777,0.577,0.221,0.694,0.803,-0.315,0.855,0.702,0.642,0.625,0.852,0.385,0.88,-0.045,0.29,0.94,0.729,0.661,0.706,0.828,0.468,0.879,-0.444,0.716,0.884,0.766,0.953,0.581,0.773,-0.094,0.688,-0.157,0.439,0.54,0.899,0.804,0.256,0.399,0.864,-0.521,-0.012,0.706,-0.755,-0.654,0.545,0.324,0.462,0.433,-0.396,0.153,0.56,-0.156,0.341,0.719,0.499,-0.453,0.597,-0.011,0.706,0.389,-0.361,0.755,0.775,0.681,0.659,0.758,0.882,0.252,-0.231,0.852,0.72,0.511,0.616,0.585,0.55,0.079,-0.152,0.847,0.828,0.25,0.497,0.731,-0.194,0.846,0.839,0.806,0.883,0.864,0.532,0.788,-0.223,0.462,-0.745,0.445,0.638,0.903,0.842,0.575,0.865,0.844,0.616,0.467,-0.194,0.526,0.804,0.496,-0.599,0.877,0.872,0.602,0.591,0.851,0.887,0.784,0.593,0.82,0.427,-0.231,0.724,0.68,0.261,0.927,0.543,0.79,0.901,0.123,-0.351,0.386,-0.364,0.79,0.709,0.888,0.818,0.582,0.898,-0.224,0.865,0.682,0.213,0.482,-0.541,0.183,0.34,0.792,0.798,0.817,0.706,-0.247,0.873,-0.65,0.8,0.769,0.865,0.809,0.834,0.567,0.772,-0.434,0.303,0.868,0.5
ADTN,0.121,0.068,0.248,-0.243,0.0,0.413,0.384,-0.084,0.367,0.153,-0.117,-0.338,-0.234,0.004,0.242,0.384,0.199,0.17,-0.566,-0.138,-0.172,-0.225,-0.315,-0.15,-0.273,0.073,-0.175,0.354,-0.095,-0.2,-0.171,0.273,-0.139,-0.061,0.262,-0.356,-0.461,-0.091,-0.344,-0.42,-0.102,0.428,-0.064,-0.096,0.136,-0.232,-0.051,-0.009,-0.001,-0.267,0.457,-0.248,0.544,0.113,-0.272,-0.228,-0.343,-0.239,-0.222,-0.505,-0.484,0.43,-0.097,-0.375,-0.418,-0.179,0.022,-0.369,0.162,-0.157,0.667,0.033,0.189,-0.425,-0.298,-0.208,0.278,-0.267,0.485,-0.359,-0.503,0.343,0.097,0.052,-0.017,-0.317,0.036,0.189,0.175,-0.329,0.134,0.35,-0.042,-0.17,-0.161,-0.392,0.293,-0.366,0.123,-0.045,-0.25,0.053,-0.564,-0.386,-0.228,-0.317,-0.025,0.658,-0.271,-0.051,0.141,0.216,0.139,0.095,0.083,0.459,-0.068,-0.152,0.204,0.254,0.253,0.648,-0.025,-0.356,-0.292,-0.226,-0.061,0.072,0.103,0.811,0.31,0.383,-0.032,0.293,-0.288,-0.161,0.268,-0.098,-0.303,-0.471,0.005,0.556,0.204,-0.327,0.034,0.077,-0.268,-0.449,0.078,0.127,-0.452,-0.378,-0.26,-0.278,-0.083,0.257,0.283,-0.363,0.002,0.418,-0.154,0.202,-0.17,-0.272,0.113,0.346,0.143,0.638,-0.195,0.182,-0.248,-0.098,0.185,-0.366,-0.312,-0.075,0.265,0.165,0.064,0.411,0.099,-0.412,-0.032,-0.038,-0.084,-0.346,0.713,-0.372,0.509,-0.47,-0.307,-0.206,-0.099,-0.278,0.377,0.056,0.206,-0.28,0.045,-0.377
AGEN,0.538,0.035,0.34,0.157,0.413,0.0,0.697,0.37,0.208,-0.086,0.517,0.019,-0.034,0.427,0.832,0.315,0.497,0.464,-0.465,0.013,0.006,0.024,0.148,0.315,0.143,0.463,0.237,0.731,0.357,0.096,0.114,-0.152,-0.011,0.244,0.336,-0.458,-0.256,0.054,-0.207,-0.063,-0.296,0.153,0.112,0.28,0.081,0.177,-0.192,0.198,0.588,0.05,0.197,0.15,0.34,0.518,0.253,0.038,-0.266,-0.057,-0.018,-0.501,-0.134,0.012,0.39,-0.152,-0.286,0.176,0.614,-0.017,-0.04,0.244,0.704,0.057,0.522,-0.166,-0.072,-0.302,0.257,-0.07,0.37,-0.547,-0.395,0.089,-0.366,0.538,0.129,-0.302,0.37,0.19,-0.242,-0.301,0.071,0.213,0.307,-0.414,-0.286,-0.302,0.137,0.119,0.555,-0.682,0.095,0.36,-0.249,0.216,0.007,-0.057,-0.091,0.466,0.084,0.25,0.476,0.275,0.186,0.52,-0.131,0.417,0.419,0.185,0.153,0.329,0.323,0.397,0.116,0.004,0.017,-0.042,0.35,0.123,0.417,0.231,0.79,0.047,-0.018,0.524,0.025,-0.114,0.657,0.247,0.145,-0.37,0.522,0.479,0.563,0.054,0.081,-0.028,-0.054,-0.141,0.276,0.348,-0.135,-0.131,-0.229,-0.44,0.359,0.411,-0.274,-0.16,0.54,0.571,0.262,0.529,0.335,-0.099,0.581,-0.321,0.234,0.398,0.197,0.494,0.035,0.158,0.502,-0.107,-0.388,0.379,0.521,0.413,-0.231,0.235,0.344,-0.196,0.287,0.402,0.186,-0.277,0.448,0.013,0.342,-0.218,0.248,0.085,0.44,-0.181,0.574,0.513,0.382,-0.257,0.493,-0.047
ALGN,0.241,-0.061,0.672,0.282,0.384,0.697,0.0,0.318,0.602,0.096,0.425,0.151,0.279,0.423,0.684,0.061,0.599,0.53,-0.307,0.207,0.056,-0.061,0.342,0.415,0.168,0.252,0.391,0.646,0.247,0.284,0.252,0.192,-0.009,0.28,0.418,-0.088,-0.09,0.249,0.082,0.132,-0.039,0.285,0.539,0.408,-0.262,0.343,-0.066,0.501,0.573,0.2,0.428,0.243,0.755,0.17,0.299,0.084,-0.206,0.014,0.005,-0.473,-0.019,-0.097,0.527,-0.079,-0.269,0.357,0.485,0.175,0.284,0.249,0.561,0.557,0.76,0.028,-0.031,0.182,0.212,0.068,0.337,-0.288,-0.01,-0.11,-0.273,0.366,-0.248,-0.52,0.262,0.072,-0.191,-0.13,0.323,0.45,0.369,-0.31,-0.474,-0.317,0.658,0.343,0.565,-0.544,0.064,0.39,-0.026,0.39,0.189,0.216,0.481,0.653,0.009,0.277,0.469,0.599,0.178,0.569,-0.462,0.705,0.579,0.298,0.24,0.591,0.567,0.536,0.271,-0.066,-0.118,0.19,0.471,0.2,0.637,0.196,0.591,-0.005,-0.131,0.754,0.078,0.321,0.797,0.438,0.193,-0.222,0.305,0.62,0.706,0.044,0.351,-0.1,0.291,-0.043,0.176,0.382,-0.057,0.02,-0.046,-0.091,0.32,0.736,-0.219,-0.168,0.581,0.414,0.389,0.675,0.51,0.066,0.688,-0.41,0.34,0.559,0.323,0.597,0.107,0.376,0.548,0.086,-0.211,0.473,0.672,0.506,-0.017,-0.092,0.615,-0.208,0.406,0.413,0.508,0.225,0.241,0.291,0.378,0.042,0.174,0.069,0.488,-0.108,0.433,0.633,0.303,0.091,0.612,0.057
ALLK,0.442,0.249,0.554,0.746,-0.084,0.37,0.318,0.0,0.285,0.492,0.82,0.827,0.705,0.926,0.609,0.179,0.771,0.788,0.422,0.777,0.882,-0.128,0.842,0.705,0.879,0.493,0.859,0.477,0.919,0.845,0.865,-0.094,0.867,0.953,0.624,0.515,0.52,0.799,0.241,0.418,0.412,0.43,0.263,0.925,-0.3,0.882,0.56,0.701,0.843,0.864,0.555,0.816,-0.099,0.724,0.833,0.832,0.509,0.615,0.83,0.4,0.718,-0.555,0.888,0.696,0.436,0.802,0.798,0.741,0.121,0.949,0.108,0.365,0.546,0.618,0.583,-0.21,0.717,0.824,-0.548,-0.124,0.377,-0.721,-0.767,0.883,0.549,0.46,0.783,-0.43,0.249,-0.006,-0.132,0.603,0.788,0.421,-0.469,0.617,-0.216,0.701,0.692,-0.732,0.849,0.898,0.348,0.477,0.797,0.702,-0.07,0.001,0.832,0.962,0.862,0.714,0.856,0.747,0.168,-0.241,0.834,0.925,0.508,0.568,0.727,0.016,0.86,0.773,0.745,0.809,0.875,0.854,0.851,-0.103,0.758,-0.731,0.773,0.646,0.851,0.546,0.634,0.85,0.912,0.479,0.853,0.066,0.619,0.864,0.74,-0.837,0.661,0.722,0.809,0.839,0.735,0.761,0.658,0.08,0.95,0.601,-0.607,0.689,0.882,0.69,0.849,0.792,0.844,0.65,0.159,-0.527,0.768,-0.452,0.921,0.844,0.872,0.786,0.874,0.706,-0.71,0.846,0.746,-0.077,0.593,-0.408,-0.089,0.1,0.849,0.956,0.59,0.386,0.239,0.678,-0.571,0.488,0.898,0.832,0.919,0.699,0.619,0.675,-0.457,-0.229,0.77,0.512
AMD,0.327,0.24,0.596,0.117,0.367,0.208,0.602,0.285,0.0,0.238,0.213,0.356,0.29,0.471,0.376,-0.103,0.488,0.558,0.012,0.331,0.237,-0.267,0.347,0.386,0.175,0.128,0.435,0.612,0.182,0.371,0.457,0.159,0.169,0.373,0.431,0.191,-0.03,0.29,0.023,0.068,0.013,0.404,0.339,0.455,-0.334,0.395,0.054,0.573,0.428,0.299,0.7,0.274,0.676,0.247,0.108,0.123,-0.046,0.056,0.143,-0.194,0.029,-0.019,0.49,0.001,-0.151,0.246,0.277,0.34,0.593,0.351,0.302,0.694,0.679,0.06,-0.062,0.235,0.468,0.196,0.144,0.09,0.18,-0.223,-0.156,0.384,-0.317,-0.336,0.496,-0.105,0.095,-0.345,0.443,0.687,0.241,-0.026,-0.377,-0.053,0.567,0.413,0.65,-0.35,0.124,0.266,0.057,0.341,0.291,0.339,0.46,0.741,-0.047,0.321,0.519,0.756,0.357,0.638,-0.271,0.449,0.433,0.345,0.601,0.783,0.475,0.558,0.386,-0.089,-0.109,0.279,0.434,0.452,0.552,0.24,0.263,-0.124,0.219,0.623,0.144,0.359,0.538,0.402,0.212,-0.16,0.314,0.691,0.643,0.169,0.609,-0.4,0.342,0.034,0.076,0.342,-0.039,0.112,0.174,-0.132,0.231,0.805,-0.283,-0.081,0.488,0.44,0.296,0.695,0.471,0.096,0.421,-0.407,0.641,0.318,0.411,0.504,0.194,0.386,0.556,0.203,-0.339,0.378,0.451,0.077,0.356,-0.289,0.419,-0.4,0.457,0.319,0.405,0.335,0.257,0.271,0.291,0.111,0.093,0.062,0.349,0.082,0.152,0.258,0.081,0.053,0.281,0.3
AMWD,-0.114,0.351,0.515,0.517,0.153,-0.086,0.096,0.492,0.238,0.0,0.275,0.468,0.682,0.472,0.104,0.292,0.438,0.598,0.41,0.697,0.631,-0.212,0.496,0.405,0.467,0.328,0.474,0.137,0.361,0.582,0.483,0.51,0.604,0.539,0.663,0.581,0.449,0.677,0.482,0.392,0.76,0.574,0.465,0.579,0.031,0.472,0.72,0.691,0.222,0.529,0.613,0.505,0.117,0.175,0.441,0.399,0.349,0.477,0.632,0.297,0.427,-0.008,0.47,0.546,0.501,0.564,0.156,0.469,0.367,0.431,-0.014,0.163,0.381,0.555,0.343,-0.008,0.374,0.599,-0.241,0.396,0.503,-0.452,-0.082,0.406,0.306,0.441,0.379,-0.194,0.649,0.402,-0.136,0.687,0.274,0.542,-0.56,0.449,0.087,0.312,0.195,0.029,0.393,0.585,0.201,0.185,0.478,0.607,0.114,0.103,0.566,0.587,0.349,0.577,0.525,0.243,0.192,-0.117,0.382,0.526,0.59,0.386,0.635,0.267,0.722,0.454,0.496,0.689,0.507,0.615,0.589,0.427,0.314,-0.277,0.529,0.513,0.563,0.579,0.465,0.623,0.442,0.292,0.197,0.177,0.431,0.515,0.648,-0.466,0.494,0.476,0.391,0.407,0.415,0.553,0.74,0.503,0.47,0.475,0.155,0.545,0.314,0.401,0.441,0.429,0.33,0.663,-0.004,0.029,0.535,-0.172,0.556,0.43,0.575,0.462,0.448,0.519,-0.341,0.484,0.555,0.059,0.737,-0.184,-0.01,0.006,0.653,0.438,0.49,0.491,0.239,0.372,-0.42,0.464,0.294,0.594,0.418,0.632,0.513,0.443,-0.388,0.196,0.474,0.45
ARDX,0.365,0.114,0.562,0.668,-0.117,0.517,0.425,0.82,0.213,0.275,0.0,0.713,0.57,0.748,0.706,0.207,0.627,0.677,0.336,0.56,0.619,0.0,0.738,0.681,0.719,0.378,0.715,0.553,0.807,0.649,0.707,-0.121,0.592,0.739,0.551,0.305,0.43,0.576,0.321,0.473,0.223,0.309,0.313,0.757,-0.163,0.751,0.358,0.6,0.732,0.682,0.358,0.673,0.06,0.64,0.745,0.573,0.39,0.531,0.571,0.178,0.584,-0.442,0.801,0.536,0.369,0.68,0.766,0.556,0.133,0.752,0.126,0.258,0.554,0.501,0.491,-0.136,0.441,0.609,-0.356,-0.179,0.286,-0.553,-0.622,0.828,0.41,0.195,0.596,-0.338,0.143,0.072,-0.158,0.369,0.641,0.174,-0.349,0.314,0.023,0.563,0.619,-0.689,0.62,0.753,0.327,0.613,0.627,0.594,0.134,0.114,0.646,0.769,0.628,0.606,0.586,0.629,0.011,-0.033,0.728,0.706,0.306,0.452,0.559,0.002,0.631,0.641,0.635,0.628,0.726,0.58,0.72,-0.202,0.706,-0.538,0.51,0.592,0.674,0.426,0.659,0.693,0.732,0.234,0.712,0.106,0.638,0.704,0.517,-0.542,0.567,0.581,0.579,0.66,0.589,0.588,0.447,0.058,0.793,0.565,-0.54,0.427,0.771,0.566,0.7,0.693,0.718,0.497,0.357,-0.536,0.554,-0.292,0.772,0.731,0.686,0.615,0.715,0.567,-0.516,0.775,0.688,0.269,0.313,-0.36,0.092,0.088,0.677,0.782,0.497,0.352,0.1,0.581,-0.314,0.405,0.777,0.596,0.785,0.511,0.565,0.68,-0.196,-0.114,0.688,0.54
ARQT,0.278,0.243,0.473,0.679,-0.338,0.019,0.151,0.827,0.356,0.468,0.713,0.0,0.757,0.806,0.306,-0.116,0.58,0.676,0.685,0.755,0.845,-0.172,0.864,0.686,0.821,0.345,0.837,0.323,0.743,0.844,0.892,-0.102,0.799,0.844,0.539,0.693,0.614,0.718,0.456,0.576,0.406,0.344,0.311,0.861,-0.408,0.866,0.506,0.749,0.648,0.869,0.475,0.806,-0.108,0.529,0.727,0.719,0.533,0.555,0.803,0.579,0.772,-0.524,0.811,0.723,0.53,0.711,0.569,0.86,0.325,0.894,-0.257,0.467,0.501,0.709,0.489,0.041,0.495,0.826,-0.636,0.228,0.631,-0.787,-0.624,0.716,0.283,0.417,0.709,-0.435,0.234,0.084,0.059,0.558,0.587,0.482,-0.356,0.634,-0.113,0.783,0.651,-0.524,0.778,0.722,0.548,0.581,0.779,0.82,0.096,-0.06,0.715,0.835,0.668,0.695,0.694,0.666,0.122,-0.32,0.729,0.851,0.492,0.572,0.536,-0.114,0.796,0.694,0.678,0.838,0.777,0.79,0.711,-0.28,0.353,-0.746,0.724,0.471,0.814,0.606,0.449,0.794,0.867,0.514,0.672,-0.017,0.537,0.878,0.758,-0.786,0.716,0.769,0.511,0.597,0.734,0.807,0.745,0.208,0.74,0.593,-0.628,0.713,0.747,0.39,0.752,0.657,0.804,0.669,0.166,-0.628,0.716,-0.591,0.916,0.618,0.836,0.715,0.683,0.797,-0.493,0.743,0.53,-0.158,0.634,-0.65,-0.002,0.127,0.789,0.781,0.606,0.62,-0.069,0.749,-0.621,0.691,0.756,0.72,0.746,0.731,0.345,0.409,-0.438,0.008,0.545,0.625
ASTE,-0.075,0.248,0.678,0.902,-0.234,-0.034,0.279,0.705,0.29,0.682,0.57,0.757,0.0,0.653,0.183,-0.132,0.707,0.659,0.68,0.859,0.815,0.136,0.914,0.807,0.857,0.302,0.858,0.151,0.641,0.921,0.794,0.364,0.757,0.73,0.629,0.809,0.853,0.9,0.74,0.793,0.72,0.265,0.744,0.838,-0.416,0.871,0.733,0.78,0.554,0.891,0.527,0.881,0.067,0.168,0.843,0.703,0.639,0.691,0.844,0.546,0.872,-0.423,0.749,0.872,0.752,0.922,0.477,0.849,0.176,0.701,-0.237,0.58,0.607,0.913,0.706,0.349,0.404,0.897,-0.54,0.24,0.847,-0.795,-0.519,0.503,0.212,0.425,0.476,-0.416,0.256,0.539,0.003,0.524,0.646,0.598,-0.516,0.618,0.123,0.786,0.423,-0.277,0.717,0.747,0.708,0.647,0.803,0.952,0.368,-0.134,0.787,0.742,0.526,0.707,0.602,0.544,0.01,-0.121,0.814,0.844,0.411,0.585,0.739,-0.087,0.891,0.744,0.714,0.954,0.856,0.636,0.819,-0.142,0.322,-0.719,0.509,0.646,0.883,0.908,0.563,0.906,0.827,0.632,0.402,-0.083,0.573,0.821,0.672,-0.651,0.913,0.867,0.509,0.572,0.796,0.903,0.888,0.647,0.744,0.549,-0.21,0.729,0.647,0.241,0.872,0.591,0.789,0.914,0.158,-0.388,0.529,-0.377,0.839,0.683,0.887,0.839,0.587,0.93,-0.225,0.825,0.684,0.14,0.669,-0.677,0.198,0.25,0.822,0.744,0.861,0.853,-0.241,0.9,-0.653,0.849,0.678,0.819,0.752,0.853,0.457,0.67,-0.468,0.391,0.785,0.581
AUPH,0.529,0.302,0.535,0.623,0.004,0.427,0.423,0.926,0.471,0.472,0.748,0.806,0.653,0.0,0.654,0.125,0.781,0.854,0.33,0.761,0.828,-0.224,0.798,0.685,0.785,0.54,0.859,0.651,0.834,0.808,0.87,-0.129,0.775,0.928,0.633,0.432,0.378,0.727,0.175,0.367,0.315,0.409,0.255,0.916,-0.3,0.842,0.416,0.753,0.855,0.804,0.641,0.778,0.036,0.745,0.734,0.724,0.348,0.466,0.743,0.295,0.585,-0.437,0.902,0.554,0.292,0.712,0.761,0.74,0.31,0.931,0.188,0.45,0.666,0.521,0.389,-0.17,0.744,0.725,-0.388,-0.039,0.336,-0.662,-0.689,0.904,0.395,0.319,0.864,-0.301,0.21,-0.164,0.102,0.735,0.689,0.298,-0.514,0.5,-0.111,0.731,0.831,-0.774,0.774,0.849,0.294,0.494,0.704,0.668,-0.053,0.184,0.689,0.912,0.912,0.767,0.813,0.843,0.111,-0.114,0.832,0.889,0.62,0.686,0.678,0.204,0.815,0.624,0.587,0.725,0.875,0.862,0.861,-0.007,0.737,-0.658,0.744,0.686,0.734,0.466,0.683,0.83,0.833,0.313,0.877,0.276,0.728,0.797,0.822,-0.813,0.58,0.585,0.672,0.762,0.577,0.639,0.581,-0.064,0.86,0.724,-0.66,0.563,0.908,0.728,0.794,0.871,0.846,0.543,0.324,-0.647,0.87,-0.307,0.891,0.817,0.77,0.725,0.904,0.624,-0.732,0.833,0.723,-0.075,0.583,-0.389,0.051,-0.082,0.866,0.917,0.604,0.353,0.305,0.617,-0.397,0.413,0.807,0.734,0.9,0.577,0.58,0.587,-0.29,-0.213,0.711,0.5
AVXL,0.577,0.061,0.491,0.284,0.242,0.832,0.684,0.609,0.376,0.104,0.706,0.306,0.183,0.654,0.0,0.383,0.603,0.673,-0.255,0.283,0.293,-0.079,0.383,0.462,0.356,0.442,0.465,0.807,0.595,0.32,0.405,-0.259,0.229,0.523,0.422,-0.198,-0.076,0.282,-0.139,0.016,-0.081,0.292,0.131,0.522,0.032,0.434,0.031,0.452,0.741,0.319,0.381,0.341,0.325,0.659,0.409,0.263,-0.041,0.192,0.19,-0.328,0.097,-0.24,0.627,0.05,-0.154,0.383,0.735,0.174,0.146,0.495,0.661,0.129,0.631,0.011,0.131,-0.352,0.501,0.191,0.1,-0.388,-0.18,-0.108,-0.453,0.754,0.32,-0.166,0.515,-0.061,-0.039,-0.33,-0.069,0.394,0.51,-0.222,-0.446,-0.072,0.142,0.304,0.665,-0.813,0.32,0.534,-0.117,0.399,0.284,0.164,0.031,0.493,0.294,0.538,0.641,0.513,0.425,0.625,-0.18,0.308,0.556,0.437,0.312,0.466,0.488,0.43,0.344,0.218,0.229,0.204,0.534,0.395,0.609,0.106,0.856,-0.188,0.244,0.686,0.266,0.064,0.731,0.447,0.386,-0.231,0.723,0.543,0.699,0.3,0.409,-0.301,0.177,0.097,0.462,0.563,0.111,0.098,0.004,-0.392,0.594,0.6,-0.425,-0.031,0.707,0.743,0.435,0.774,0.506,0.07,0.546,-0.476,0.484,0.202,0.445,0.705,0.288,0.362,0.703,0.101,-0.578,0.578,0.655,0.356,0.028,0.064,0.241,-0.211,0.486,0.593,0.283,-0.082,0.46,0.199,0.177,-0.117,0.491,0.286,0.647,0.036,0.568,0.674,0.173,-0.332,0.584,0.272
AZTA,0.046,0.015,0.08,-0.02,0.384,0.315,0.061,0.179,-0.103,0.292,0.207,-0.116,-0.132,0.125,0.383,0.0,0.056,0.129,-0.36,0.007,0.052,-0.32,-0.172,-0.151,-0.074,0.038,-0.119,0.184,0.211,-0.157,-0.04,0.133,0.121,0.139,0.157,-0.165,-0.239,0.092,-0.209,-0.22,0.15,0.384,-0.183,0.039,0.662,-0.064,0.233,0.023,-0.041,-0.093,0.127,-0.175,0.017,0.351,0.009,0.011,0.044,0.158,-0.038,-0.221,-0.196,0.153,0.05,-0.104,-0.174,-0.011,0.116,-0.359,-0.076,0.057,0.49,-0.399,-0.094,-0.218,-0.052,-0.492,0.234,-0.043,0.032,-0.303,-0.381,0.067,0.098,0.328,0.555,0.11,0.016,-0.128,0.565,-0.106,-0.427,0.172,0.005,-0.067,-0.2,-0.101,-0.087,-0.367,-0.101,-0.069,-0.077,0.268,-0.523,-0.293,0.027,-0.216,-0.177,0.277,0.147,0.206,0.062,0.052,0.249,-0.148,0.24,-0.01,-0.103,-0.02,0.081,-0.134,0.201,0.282,0.053,0.13,0.08,-0.04,-0.041,0.179,0.079,0.477,0.494,0.251,0.181,0.125,-0.013,-0.189,0.226,-0.042,-0.059,-0.293,0.11,0.154,0.016,-0.013,0.064,0.006,-0.23,-0.126,0.323,0.23,-0.046,-0.11,-0.118,-0.155,0.191,0.059,0.123,-0.161,0.002,0.474,-0.089,0.148,-0.184,-0.056,-0.149,0.295,0.11,0.112,-0.049,0.17,-0.003,-0.114,0.212,-0.247,-0.402,0.018,0.337,0.117,0.156,0.484,-0.32,-0.269,0.019,0.091,-0.229,-0.353,0.594,-0.35,0.128,-0.411,0.053,0.088,0.116,-0.054,0.322,0.204,-0.034,-0.465,0.071,0.025
BAND,0.333,0.332,0.792,0.779,0.199,0.497,0.599,0.771,0.488,0.438,0.627,0.58,0.707,0.781,0.603,0.056,0.0,0.781,0.18,0.707,0.695,0.143,0.777,0.827,0.771,0.515,0.841,0.562,0.744,0.816,0.706,0.196,0.655,0.747,0.662,0.363,0.5,0.754,0.317,0.465,0.334,0.373,0.56,0.823,-0.351,0.808,0.528,0.689,0.818,0.74,0.67,0.779,0.284,0.513,0.79,0.644,0.384,0.497,0.69,0.122,0.582,-0.329,0.769,0.593,0.386,0.841,0.736,0.645,0.064,0.722,0.329,0.565,0.783,0.59,0.564,0.098,0.693,0.695,-0.212,-0.251,0.35,-0.571,-0.73,0.69,0.253,0.201,0.649,-0.268,0.036,0.09,0.084,0.576,0.768,0.25,-0.538,0.386,0.105,0.65,0.692,-0.637,0.691,0.773,0.354,0.551,0.657,0.68,0.184,0.228,0.662,0.737,0.789,0.804,0.706,0.831,-0.006,0.171,0.895,0.825,0.409,0.794,0.852,0.258,0.821,0.593,0.572,0.694,0.915,0.641,0.894,0.086,0.702,-0.623,0.465,0.88,0.725,0.676,0.748,0.849,0.743,0.307,0.693,0.274,0.756,0.662,0.626,-0.635,0.712,0.579,0.643,0.716,0.556,0.625,0.568,0.162,0.821,0.683,-0.336,0.46,0.833,0.615,0.889,0.845,0.837,0.662,0.3,-0.411,0.601,-0.023,0.739,0.909,0.735,0.817,0.814,0.663,-0.486,0.892,0.823,0.175,0.432,-0.362,0.312,-0.005,0.823,0.852,0.767,0.444,0.175,0.71,-0.292,0.456,0.672,0.745,0.875,0.585,0.698,0.788,-0.193,0.02,0.907,0.359
BECN,0.406,0.382,0.65,0.582,0.17,0.464,0.53,0.788,0.558,0.598,0.677,0.676,0.659,0.854,0.673,0.129,0.781,0.0,0.293,0.685,0.719,-0.164,0.731,0.719,0.69,0.573,0.815,0.714,0.717,0.763,0.777,0.019,0.622,0.799,0.805,0.334,0.349,0.656,0.301,0.417,0.343,0.431,0.427,0.853,-0.225,0.745,0.372,0.833,0.793,0.722,0.772,0.741,0.298,0.613,0.627,0.488,0.193,0.374,0.662,0.091,0.482,-0.202,0.862,0.486,0.305,0.685,0.709,0.659,0.413,0.761,0.24,0.432,0.833,0.476,0.356,-0.118,0.632,0.628,-0.176,0.022,0.375,-0.516,-0.522,0.842,0.25,0.123,0.777,-0.15,0.238,-0.052,0.094,0.745,0.55,0.251,-0.633,0.286,0.133,0.659,0.804,-0.666,0.631,0.762,0.279,0.586,0.572,0.669,0.135,0.382,0.591,0.805,0.799,0.813,0.668,0.79,-0.041,0.108,0.768,0.765,0.657,0.773,0.699,0.322,0.791,0.449,0.535,0.686,0.834,0.74,0.867,0.219,0.693,-0.47,0.59,0.801,0.642,0.478,0.795,0.829,0.679,0.127,0.74,0.464,0.896,0.684,0.724,-0.642,0.584,0.49,0.485,0.655,0.408,0.55,0.599,0.023,0.746,0.781,-0.397,0.454,0.834,0.746,0.699,0.883,0.775,0.541,0.472,-0.575,0.805,-0.079,0.81,0.806,0.679,0.656,0.839,0.578,-0.631,0.817,0.791,0.175,0.562,-0.371,0.249,-0.099,0.869,0.781,0.697,0.435,0.331,0.576,-0.234,0.413,0.596,0.621,0.77,0.535,0.659,0.64,-0.122,0.022,0.723,0.572
BFC,-0.124,0.255,0.135,0.58,-0.566,-0.465,-0.307,0.422,0.012,0.41,0.336,0.685,0.68,0.33,-0.255,-0.36,0.18,0.293,0.0,0.585,0.642,0.091,0.655,0.482,0.649,0.073,0.57,-0.147,0.383,0.66,0.613,0.066,0.604,0.465,0.358,0.808,0.786,0.532,0.666,0.636,0.498,0.012,0.321,0.531,-0.326,0.59,0.461,0.457,0.203,0.686,0.181,0.671,-0.342,0.045,0.537,0.492,0.569,0.467,0.707,0.743,0.798,-0.357,0.438,0.779,0.79,0.539,0.166,0.751,0.146,0.5,-0.749,0.297,0.135,0.792,0.546,0.287,0.133,0.724,-0.649,0.514,0.844,-0.678,-0.248,0.267,0.139,0.517,0.33,-0.326,0.276,0.48,-0.11,0.193,0.263,0.642,-0.131,0.659,-0.174,0.627,0.15,0.015,0.585,0.398,0.789,0.507,0.547,0.774,0.137,-0.462,0.587,0.465,0.196,0.282,0.33,0.191,0.203,-0.524,0.39,0.556,0.29,0.234,0.178,-0.492,0.569,0.593,0.651,0.72,0.461,0.419,0.331,-0.4,-0.154,-0.59,0.502,0.044,0.695,0.586,0.029,0.531,0.631,0.648,0.171,-0.388,0.157,0.708,0.386,-0.516,0.676,0.789,0.179,0.21,0.699,0.787,0.795,0.574,0.409,0.122,-0.22,0.759,0.293,-0.086,0.495,0.114,0.468,0.704,-0.097,-0.337,0.335,-0.704,0.629,0.173,0.687,0.487,0.193,0.788,-0.065,0.427,0.104,-0.161,0.522,-0.695,-0.115,0.353,0.502,0.39,0.482,0.733,-0.48,0.68,-0.74,0.832,0.488,0.565,0.343,0.792,0.024,0.123,-0.513,0.422,0.238,0.616
BGC,0.131,0.277,0.616,0.769,-0.138,0.013,0.207,0.777,0.331,0.697,0.56,0.755,0.859,0.761,0.283,0.007,0.707,0.685,0.585,0.0,0.871,0.013,0.836,0.684,0.822,0.342,0.803,0.248,0.691,0.884,0.813,0.243,0.819,0.819,0.587,0.746,0.695,0.857,0.467,0.524,0.675,0.438,0.473,0.831,-0.336,0.823,0.725,0.759,0.604,0.855,0.651,0.827,-0.03,0.397,0.766,0.77,0.594,0.648,0.848,0.527,0.775,-0.434,0.732,0.785,0.62,0.827,0.471,0.784,0.241,0.78,-0.088,0.449,0.534,0.769,0.64,0.098,0.658,0.871,-0.525,0.201,0.669,-0.729,-0.492,0.629,0.391,0.499,0.623,-0.421,0.369,0.274,-0.071,0.641,0.674,0.573,-0.506,0.723,-0.034,0.699,0.46,-0.363,0.76,0.763,0.529,0.489,0.773,0.83,0.145,-0.068,0.779,0.825,0.675,0.735,0.743,0.577,0.107,-0.222,0.745,0.868,0.535,0.555,0.741,0.076,0.902,0.725,0.703,0.891,0.822,0.791,0.789,-0.051,0.44,-0.721,0.71,0.636,0.849,0.764,0.51,0.837,0.813,0.585,0.541,0.04,0.539,0.816,0.825,-0.75,0.785,0.785,0.639,0.669,0.748,0.816,0.846,0.417,0.794,0.583,-0.282,0.718,0.651,0.484,0.809,0.647,0.726,0.793,0.031,-0.323,0.703,-0.415,0.844,0.711,0.862,0.79,0.695,0.816,-0.465,0.804,0.63,-0.057,0.732,-0.491,0.0,0.118,0.841,0.79,0.671,0.64,0.039,0.733,-0.622,0.642,0.727,0.82,0.769,0.809,0.454,0.634,-0.542,0.097,0.701,0.535
BHF,0.195,0.325,0.47,0.756,-0.172,0.006,0.056,0.882,0.237,0.631,0.619,0.845,0.815,0.828,0.293,0.052,0.695,0.719,0.642,0.871,0.0,-0.095,0.842,0.681,0.918,0.393,0.864,0.25,0.855,0.913,0.905,0.013,0.963,0.926,0.609,0.748,0.713,0.862,0.397,0.529,0.63,0.349,0.276,0.892,-0.339,0.885,0.739,0.709,0.655,0.936,0.61,0.867,-0.215,0.535,0.8,0.854,0.667,0.688,0.952,0.645,0.848,-0.508,0.795,0.861,0.665,0.832,0.624,0.812,0.134,0.907,-0.139,0.385,0.438,0.774,0.692,-0.077,0.706,0.952,-0.718,0.081,0.596,-0.813,-0.676,0.73,0.541,0.63,0.727,-0.514,0.377,0.16,-0.152,0.589,0.714,0.678,-0.431,0.783,-0.292,0.727,0.523,-0.487,0.902,0.825,0.512,0.429,0.85,0.811,-0.045,-0.182,0.895,0.933,0.752,0.67,0.864,0.608,0.261,-0.405,0.743,0.941,0.508,0.548,0.68,-0.112,0.927,0.82,0.839,0.902,0.842,0.881,0.76,-0.087,0.475,-0.809,0.86,0.52,0.936,0.664,0.42,0.851,0.923,0.653,0.701,-0.108,0.48,0.94,0.765,-0.866,0.757,0.858,0.741,0.752,0.822,0.892,0.865,0.315,0.884,0.464,-0.45,0.812,0.714,0.537,0.834,0.653,0.774,0.814,-0.074,-0.394,0.735,-0.609,0.89,0.735,0.952,0.811,0.736,0.848,-0.608,0.793,0.63,-0.236,0.78,-0.545,-0.228,0.141,0.83,0.861,0.625,0.557,0.084,0.744,-0.765,0.627,0.83,0.915,0.81,0.884,0.487,0.515,-0.63,-0.078,0.672,0.593
BHFAL,-0.083,0.052,0.113,0.299,-0.225,0.024,-0.061,-0.128,-0.267,-0.212,0.0,-0.172,0.136,-0.224,-0.079,-0.32,0.143,-0.164,0.091,0.013,-0.095,0.0,0.113,0.275,0.151,0.051,0.04,-0.221,-0.031,0.076,-0.139,0.152,-0.122,-0.196,-0.177,-0.089,0.382,0.072,0.217,0.274,-0.003,-0.385,0.296,-0.122,-0.07,0.015,0.089,-0.253,0.022,0.028,-0.246,0.155,-0.11,-0.207,0.223,0.063,0.216,0.13,0.05,0.121,0.245,-0.067,-0.186,0.231,0.399,0.205,0.028,0.068,-0.43,-0.21,-0.082,-0.023,0.033,0.269,0.433,0.326,-0.137,0.052,0.043,-0.09,0.189,0.131,-0.118,-0.211,0.024,0.123,-0.226,0.064,-0.413,0.476,-0.165,-0.456,0.201,0.002,0.132,0.135,-0.043,0.05,-0.187,0.13,0.052,-0.134,0.383,0.312,-0.025,0.113,0.121,-0.373,0.106,-0.2,-0.199,-0.164,-0.211,-0.051,-0.005,0.085,0.138,-0.015,-0.326,-0.093,-0.007,-0.209,-0.006,0.186,0.211,0.024,0.087,-0.356,-0.067,-0.358,-0.149,-0.2,-0.284,0.057,0.131,0.208,-0.09,0.017,0.044,0.197,-0.139,-0.267,-0.026,0.002,-0.3,0.151,0.224,0.219,0.025,-0.11,0.211,0.107,0.069,0.304,0.029,-0.243,0.272,0.066,-0.094,-0.296,0.209,-0.198,0.02,0.227,-0.021,0.154,-0.395,-0.003,-0.098,0.019,0.074,0.113,-0.232,0.225,0.39,0.137,-0.097,0.342,-0.317,-0.051,0.298,0.456,-0.058,-0.012,0.156,0.12,-0.495,0.25,-0.115,0.2,0.095,0.127,0.018,0.145,0.045,0.262,0.058,0.367,0.217,-0.069
BKNG,0.17,0.265,0.671,0.899,-0.315,0.148,0.342,0.842,0.347,0.496,0.738,0.864,0.914,0.798,0.383,-0.172,0.777,0.731,0.655,0.836,0.842,0.113,0.0,0.883,0.933,0.397,0.951,0.347,0.783,0.958,0.882,0.112,0.79,0.826,0.611,0.698,0.793,0.842,0.614,0.748,0.485,0.22,0.627,0.925,-0.465,0.961,0.594,0.779,0.746,0.944,0.495,0.938,0.011,0.425,0.917,0.766,0.595,0.674,0.858,0.485,0.886,-0.514,0.878,0.844,0.67,0.929,0.676,0.911,0.174,0.844,-0.176,0.577,0.664,0.866,0.699,0.235,0.485,0.894,-0.547,0.118,0.739,-0.821,-0.686,0.679,0.234,0.376,0.635,-0.436,0.089,0.314,0.002,0.491,0.738,0.459,-0.457,0.62,0.028,0.881,0.629,-0.54,0.82,0.797,0.724,0.754,0.837,0.94,0.278,-0.097,0.819,0.831,0.69,0.752,0.657,0.735,-0.042,-0.128,0.906,0.918,0.429,0.647,0.706,-0.134,0.881,0.786,0.751,0.923,0.933,0.684,0.862,-0.31,0.47,-0.814,0.596,0.667,0.916,0.811,0.604,0.939,0.926,0.598,0.636,-0.034,0.666,0.884,0.694,-0.747,0.894,0.874,0.558,0.672,0.806,0.899,0.807,0.418,0.849,0.614,-0.482,0.733,0.822,0.361,0.936,0.716,0.922,0.842,0.279,-0.62,0.632,-0.434,0.931,0.772,0.918,0.871,0.705,0.921,-0.341,0.921,0.676,0.102,0.561,-0.682,0.197,0.232,0.879,0.864,0.816,0.755,-0.21,0.932,-0.621,0.809,0.82,0.829,0.88,0.814,0.497,0.706,-0.385,0.232,0.818,0.648
BL,0.203,0.343,0.715,0.843,-0.15,0.315,0.415,0.705,0.386,0.405,0.681,0.686,0.807,0.685,0.462,-0.151,0.827,0.719,0.482,0.684,0.681,0.275,0.883,0.0,0.841,0.406,0.871,0.459,0.683,0.847,0.752,0.13,0.609,0.657,0.632,0.478,0.728,0.737,0.585,0.75,0.348,0.123,0.678,0.822,-0.346,0.867,0.503,0.689,0.698,0.802,0.475,0.868,0.169,0.373,0.831,0.568,0.543,0.621,0.73,0.292,0.759,-0.356,0.768,0.743,0.643,0.863,0.685,0.754,0.045,0.679,0.008,0.555,0.753,0.759,0.648,0.291,0.469,0.749,-0.344,0.004,0.609,-0.646,-0.659,0.624,0.167,0.227,0.596,-0.335,-0.038,0.322,0.034,0.385,0.673,0.315,-0.465,0.421,0.125,0.76,0.651,-0.52,0.681,0.677,0.66,0.784,0.696,0.844,0.334,0.038,0.694,0.655,0.606,0.693,0.532,0.758,-0.084,0.026,0.853,0.783,0.332,0.724,0.666,-0.053,0.765,0.67,0.663,0.765,0.896,0.499,0.82,-0.178,0.464,-0.698,0.419,0.729,0.802,0.743,0.658,0.856,0.789,0.38,0.617,0.103,0.708,0.758,0.508,-0.557,0.801,0.751,0.433,0.536,0.64,0.751,0.68,0.349,0.753,0.564,-0.328,0.517,0.767,0.343,0.878,0.725,0.845,0.766,0.397,-0.566,0.476,-0.225,0.773,0.775,0.798,0.813,0.644,0.832,-0.236,0.883,0.685,0.317,0.379,-0.599,0.375,0.108,0.785,0.732,0.806,0.662,-0.235,0.861,-0.413,0.703,0.674,0.721,0.799,0.7,0.543,0.721,-0.168,0.297,0.806,0.622
BOKF,0.193,0.3,0.541,0.897,-0.273,0.143,0.168,0.879,0.175,0.467,0.719,0.821,0.857,0.785,0.356,-0.074,0.771,0.69,0.649,0.822,0.918,0.151,0.933,0.841,0.0,0.405,0.932,0.274,0.879,0.951,0.892,0.007,0.892,0.864,0.596,0.687,0.83,0.859,0.517,0.685,0.512,0.185,0.445,0.904,-0.422,0.945,0.668,0.673,0.741,0.968,0.483,0.956,-0.19,0.49,0.92,0.833,0.7,0.721,0.941,0.591,0.939,-0.565,0.817,0.924,0.743,0.923,0.723,0.854,-0.04,0.879,-0.174,0.445,0.527,0.854,0.798,0.069,0.594,0.955,-0.689,-0.055,0.647,-0.825,-0.798,0.711,0.46,0.533,0.656,-0.506,0.143,0.287,-0.154,0.412,0.796,0.575,-0.408,0.716,-0.223,0.811,0.561,-0.56,0.928,0.823,0.679,0.627,0.854,0.877,0.065,-0.257,0.919,0.868,0.715,0.636,0.754,0.68,0.171,-0.322,0.865,0.944,0.372,0.577,0.677,-0.261,0.898,0.866,0.876,0.907,0.919,0.723,0.798,-0.267,0.499,-0.871,0.699,0.566,0.98,0.733,0.489,0.9,0.972,0.669,0.713,-0.196,0.537,0.945,0.606,-0.79,0.849,0.935,0.695,0.728,0.874,0.939,0.829,0.377,0.924,0.432,-0.464,0.797,0.793,0.424,0.938,0.652,0.876,0.862,0.08,-0.503,0.587,-0.567,0.897,0.78,0.979,0.882,0.708,0.93,-0.449,0.891,0.655,-0.034,0.597,-0.644,-0.039,0.248,0.838,0.893,0.745,0.623,-0.138,0.883,-0.747,0.741,0.883,0.92,0.869,0.895,0.51,0.653,-0.514,0.081,0.792,0.582
BRKR,0.457,0.463,0.25,0.374,0.073,0.463,0.252,0.493,0.128,0.328,0.378,0.345,0.302,0.54,0.442,0.038,0.515,0.573,0.073,0.342,0.393,0.051,0.397,0.406,0.405,0.0,0.428,0.413,0.396,0.437,0.307,-0.155,0.354,0.437,0.453,-0.04,0.125,0.296,0.123,0.163,0.116,0.164,0.137,0.455,-0.034,0.318,0.147,0.457,0.588,0.334,0.316,0.47,-0.04,0.53,0.408,0.288,-0.12,-0.019,0.422,-0.009,0.21,-0.013,0.449,0.246,0.202,0.378,0.466,0.475,0.102,0.428,0.195,0.008,0.462,0.295,0.161,-0.309,0.335,0.278,0.076,0.026,0.102,-0.134,-0.403,0.528,0.219,0.3,0.535,0.322,0.017,-0.03,0.123,0.43,0.274,0.11,-0.419,0.278,-0.233,0.363,0.553,-0.419,0.473,0.467,0.092,0.384,0.109,0.311,-0.364,0.071,0.419,0.435,0.475,0.346,0.34,0.528,0.285,-0.028,0.456,0.452,0.345,0.357,0.332,0.287,0.47,0.253,0.395,0.281,0.48,0.353,0.444,0.181,0.48,-0.252,0.257,0.487,0.346,0.116,0.497,0.468,0.378,0.093,0.529,0.311,0.557,0.392,0.349,-0.343,0.221,0.182,0.328,0.265,0.223,0.234,0.314,-0.111,0.414,0.361,-0.207,0.451,0.527,0.423,0.422,0.416,0.435,0.304,0.329,-0.283,0.387,-0.033,0.431,0.364,0.342,0.227,0.423,0.263,-0.372,0.485,0.355,0.013,0.13,0.083,0.282,0.216,0.621,0.519,0.41,0.021,0.311,0.263,-0.21,0.279,0.393,0.461,0.426,0.285,0.607,0.391,0.017,0.015,0.521,0.166
CACC,0.261,0.325,0.627,0.833,-0.175,0.237,0.391,0.859,0.435,0.474,0.715,0.837,0.858,0.859,0.465,-0.119,0.841,0.815,0.57,0.803,0.864,0.04,0.951,0.871,0.932,0.428,0.0,0.492,0.833,0.96,0.929,0.022,0.809,0.864,0.687,0.64,0.708,0.823,0.515,0.671,0.42,0.202,0.546,0.959,-0.46,0.965,0.533,0.802,0.805,0.947,0.598,0.945,0.055,0.494,0.876,0.727,0.526,0.596,0.863,0.431,0.832,-0.485,0.912,0.796,0.592,0.898,0.758,0.877,0.191,0.883,-0.081,0.613,0.737,0.786,0.633,0.154,0.604,0.886,-0.516,0.009,0.642,-0.813,-0.739,0.76,0.255,0.309,0.718,-0.414,0.095,0.159,0.057,0.567,0.729,0.423,-0.502,0.545,-0.002,0.894,0.742,-0.654,0.851,0.828,0.655,0.722,0.818,0.893,0.214,0.003,0.796,0.854,0.788,0.77,0.724,0.818,0.008,-0.101,0.927,0.94,0.501,0.771,0.704,-0.08,0.887,0.722,0.717,0.877,0.969,0.74,0.884,-0.184,0.542,-0.775,0.642,0.688,0.893,0.73,0.64,0.959,0.93,0.494,0.735,0.044,0.726,0.887,0.696,-0.777,0.844,0.828,0.568,0.707,0.738,0.858,0.768,0.27,0.874,0.646,-0.517,0.678,0.884,0.481,0.925,0.804,0.951,0.795,0.31,-0.67,0.707,-0.376,0.919,0.826,0.906,0.875,0.785,0.876,-0.477,0.934,0.731,0.045,0.581,-0.689,0.17,0.084,0.903,0.898,0.819,0.67,-0.088,0.893,-0.544,0.712,0.803,0.82,0.905,0.786,0.514,0.662,-0.304,0.15,0.813,0.626
CAR,0.612,0.267,0.422,0.161,0.354,0.731,0.646,0.477,0.612,0.137,0.553,0.323,0.151,0.651,0.807,0.184,0.562,0.714,-0.147,0.248,0.25,-0.221,0.347,0.459,0.274,0.413,0.492,0.0,0.456,0.323,0.454,-0.193,0.179,0.458,0.561,-0.153,-0.143,0.169,-0.06,0.058,-0.216,0.24,0.151,0.518,-0.026,0.401,-0.125,0.526,0.637,0.279,0.54,0.349,0.462,0.647,0.274,0.071,-0.187,-0.002,0.171,-0.373,0.002,0.045,0.605,-0.024,-0.191,0.263,0.611,0.24,0.444,0.456,0.522,0.288,0.738,-0.005,-0.101,-0.186,0.486,0.136,0.246,-0.167,-0.104,-0.125,-0.31,0.724,0.005,-0.286,0.622,0.08,-0.027,-0.427,0.202,0.539,0.247,-0.302,-0.403,-0.206,0.254,0.356,0.809,-0.722,0.24,0.465,-0.016,0.447,0.181,0.223,0.082,0.664,0.125,0.438,0.623,0.571,0.376,0.722,-0.158,0.366,0.499,0.376,0.514,0.673,0.346,0.476,0.319,0.056,0.113,0.165,0.517,0.4,0.564,0.259,0.662,-0.09,0.28,0.614,0.178,0.03,0.707,0.444,0.295,-0.403,0.652,0.69,0.785,0.271,0.441,-0.292,0.125,0.013,0.178,0.377,-0.056,0.056,0.038,-0.441,0.426,0.695,-0.426,-0.062,0.682,0.699,0.334,0.771,0.497,0.039,0.677,-0.6,0.617,0.291,0.419,0.574,0.215,0.277,0.666,0.095,-0.562,0.548,0.545,0.312,0.079,-0.066,0.385,-0.436,0.523,0.488,0.301,-0.0,0.426,0.166,0.329,-0.044,0.286,0.16,0.532,0.028,0.502,0.406,0.357,-0.163,0.405,0.333
CDNA,0.35,0.149,0.48,0.724,-0.095,0.357,0.247,0.919,0.182,0.361,0.807,0.743,0.641,0.834,0.595,0.211,0.744,0.717,0.383,0.691,0.855,-0.031,0.783,0.683,0.879,0.396,0.833,0.456,0.0,0.791,0.839,-0.177,0.842,0.902,0.538,0.462,0.547,0.736,0.241,0.447,0.346,0.253,0.184,0.853,-0.259,0.853,0.564,0.593,0.786,0.849,0.483,0.777,-0.149,0.68,0.817,0.78,0.577,0.648,0.785,0.404,0.736,-0.561,0.822,0.711,0.462,0.796,0.857,0.63,-0.042,0.894,0.116,0.291,0.487,0.594,0.66,-0.255,0.675,0.806,-0.615,-0.291,0.327,-0.696,-0.809,0.848,0.622,0.419,0.67,-0.529,0.193,-0.006,-0.259,0.417,0.793,0.436,-0.403,0.55,-0.261,0.638,0.612,-0.753,0.845,0.855,0.371,0.472,0.807,0.635,-0.05,-0.076,0.84,0.916,0.772,0.611,0.845,0.667,0.157,-0.248,0.79,0.882,0.34,0.52,0.652,-0.116,0.787,0.781,0.796,0.743,0.829,0.759,0.752,-0.159,0.698,-0.74,0.731,0.556,0.847,0.488,0.518,0.784,0.884,0.438,0.845,-0.078,0.539,0.854,0.591,-0.756,0.651,0.739,0.796,0.829,0.748,0.744,0.594,0.059,0.946,0.452,-0.555,0.601,0.824,0.651,0.821,0.73,0.796,0.634,0.079,-0.503,0.64,-0.472,0.812,0.838,0.861,0.76,0.788,0.685,-0.667,0.842,0.725,-0.034,0.536,-0.429,-0.172,0.123,0.741,0.919,0.529,0.34,0.178,0.657,-0.562,0.415,0.885,0.809,0.888,0.688,0.578,0.645,-0.428,-0.267,0.734,0.489
CG,0.171,0.349,0.64,0.877,-0.2,0.096,0.284,0.845,0.371,0.582,0.649,0.844,0.921,0.808,0.32,-0.157,0.816,0.763,0.66,0.884,0.913,0.076,0.958,0.847,0.951,0.437,0.96,0.323,0.791,0.0,0.907,0.145,0.864,0.868,0.682,0.753,0.792,0.885,0.561,0.682,0.567,0.283,0.568,0.941,-0.509,0.952,0.661,0.806,0.748,0.967,0.628,0.962,-0.015,0.423,0.877,0.793,0.605,0.653,0.928,0.527,0.888,-0.504,0.857,0.876,0.694,0.926,0.654,0.922,0.173,0.865,-0.167,0.602,0.651,0.862,0.709,0.193,0.597,0.945,-0.575,0.091,0.724,-0.842,-0.706,0.681,0.277,0.439,0.696,-0.433,0.184,0.28,0.006,0.587,0.745,0.57,-0.51,0.684,-0.049,0.872,0.625,-0.505,0.873,0.819,0.685,0.655,0.844,0.937,0.181,-0.107,0.839,0.858,0.752,0.765,0.748,0.744,0.078,-0.196,0.894,0.956,0.518,0.711,0.747,-0.09,0.949,0.761,0.773,0.944,0.946,0.776,0.869,-0.163,0.46,-0.815,0.672,0.668,0.939,0.825,0.578,0.956,0.935,0.642,0.645,-0.029,0.642,0.906,0.731,-0.809,0.899,0.88,0.616,0.707,0.803,0.921,0.886,0.422,0.865,0.598,-0.428,0.784,0.808,0.442,0.931,0.723,0.914,0.876,0.156,-0.524,0.693,-0.457,0.936,0.789,0.949,0.906,0.747,0.936,-0.436,0.898,0.694,-0.04,0.673,-0.688,0.101,0.182,0.91,0.875,0.829,0.735,-0.108,0.907,-0.669,0.791,0.792,0.879,0.856,0.876,0.493,0.656,-0.478,0.204,0.81,0.611
CGBD,0.282,0.314,0.528,0.716,-0.171,0.114,0.252,0.865,0.457,0.483,0.707,0.892,0.794,0.87,0.405,-0.04,0.706,0.777,0.613,0.813,0.905,-0.139,0.882,0.752,0.892,0.307,0.929,0.454,0.839,0.907,0.0,-0.045,0.868,0.918,0.65,0.711,0.649,0.792,0.419,0.581,0.455,0.287,0.356,0.934,-0.444,0.932,0.544,0.78,0.726,0.947,0.656,0.887,-0.025,0.557,0.771,0.745,0.58,0.607,0.854,0.519,0.804,-0.511,0.889,0.767,0.537,0.796,0.683,0.828,0.273,0.933,-0.137,0.573,0.61,0.713,0.574,0.053,0.674,0.893,-0.652,0.035,0.603,-0.836,-0.699,0.791,0.329,0.36,0.782,-0.496,0.27,0.048,0.001,0.627,0.676,0.495,-0.451,0.585,-0.072,0.825,0.708,-0.62,0.852,0.814,0.572,0.594,0.837,0.846,0.156,0.019,0.761,0.9,0.786,0.765,0.796,0.749,0.1,-0.246,0.817,0.926,0.567,0.706,0.633,-0.096,0.874,0.716,0.711,0.87,0.886,0.854,0.818,-0.156,0.481,-0.772,0.779,0.574,0.87,0.647,0.542,0.874,0.91,0.496,0.746,0.027,0.622,0.91,0.767,-0.84,0.77,0.812,0.604,0.737,0.733,0.849,0.766,0.203,0.858,0.615,-0.593,0.671,0.825,0.538,0.829,0.78,0.878,0.709,0.167,-0.636,0.797,-0.492,0.927,0.768,0.904,0.825,0.81,0.839,-0.61,0.84,0.669,-0.111,0.705,-0.688,-0.043,-0.033,0.847,0.859,0.696,0.626,0.004,0.785,-0.569,0.631,0.8,0.789,0.837,0.785,0.392,0.506,-0.463,-0.01,0.647,0.643
CHI,-0.485,0.116,0.493,0.316,0.273,-0.152,0.192,-0.094,0.159,0.51,-0.121,-0.102,0.364,-0.129,-0.259,0.133,0.196,0.019,0.066,0.243,0.013,0.152,0.112,0.13,0.007,-0.155,0.022,-0.193,-0.177,0.145,-0.045,0.0,0.052,-0.052,0.25,0.314,0.261,0.326,0.423,0.289,0.466,0.347,0.64,0.045,0.032,0.053,0.449,0.185,-0.207,0.047,0.286,0.063,0.38,-0.327,0.148,0.031,0.192,0.246,0.097,-0.032,0.075,0.268,-0.027,0.184,0.251,0.256,-0.247,0.04,0.125,-0.156,0.018,0.245,0.144,0.273,0.164,0.502,-0.069,0.143,0.145,0.196,0.31,-0.157,0.253,-0.212,-0.198,0.028,-0.171,-0.065,0.307,0.593,0.016,0.216,0.01,0.147,-0.223,0.028,0.468,-0.059,-0.247,0.484,-0.158,0.119,0.096,-0.021,0.128,0.267,0.469,0.156,0.068,-0.023,-0.134,0.295,0.012,-0.097,-0.098,0.28,0.087,0.026,0.125,0.111,0.422,0.218,0.255,0.108,0.02,0.289,0.105,0.021,0.219,0.34,-0.031,0.08,-0.088,0.292,0.111,0.533,0.24,0.185,-0.055,0.124,-0.443,0.047,0.078,-0.038,0.129,0.04,0.285,0.117,0.017,0.048,0.068,0.174,0.299,0.654,-0.013,0.204,0.486,0.059,-0.143,-0.062,0.136,0.004,-0.022,0.376,-0.099,0.42,0.002,0.282,0.034,0.096,0.102,0.2,0.006,0.196,0.246,0.102,0.278,0.297,0.287,-0.003,0.238,0.008,0.132,-0.039,0.299,0.402,-0.071,0.123,0.002,0.268,-0.186,0.126,0.018,0.216,0.219,0.276,-0.139,0.437,0.246,0.023
