,ACET,ADAP,ADI,ADPT,ADTN,AGEN,ALGN,ALLK,AMD,AMWD,ARDX,ARQT,ASTE,AUPH,AVXL,AZTA,BAND,BECN,BFC,BGC,BHF,BHFAL,BKNG,BL,BOKF,BRKR,CACC,CAR,CDNA,CG,CGBD,CHI,CHTR,CHX,CLNE,CME,CNOB,CNXN,CPRX,CSGP,CSGS,CSIQ,CVCO,CVLT,CYRX,DDOG,DOOO,DSGX,DTIL,ECPG,EEFT,EFSC,ENTG,ESPR,ETSY,EXC,FAMI,FFIV,FITB,FIZZ,FMBH,FOX,FTNT,FULT,GABC,GEN,GH,GMAB,GNPX,GO,GOGL,GOOG,GPRO,GSHD,GSM,GWAV,HAIN,HBAN,HEPA,HURN,HWKN,IBIO,ICFI,IGMS,IMKTA,INCY,INO,IRDM,IRTC,IRWD,ITCI,JACK,JD,JJSF,KALA,KHC,KLAC,KRRO,KRYS,LANC,LBTYA,LIVN,LKCO,LNTH,LOGI,LPRO,LRCX,LSCC,LSTR,MAR,MARA,MCHP,MEOH,META,MGTX,MKSI,MMYT,MORN,MRUS,MTLS,MTSI,MVIS,MXL,NBIX,NFE,NMIH,NMRK,NNDM,NSIT,NTCT,NVAX,OCUL,ODP,OLED,ONB,OTEX,PACB,PATK,PAYX,PEP,PERI,PI,PLYA,PRDO,PRGS,PTGX,QCOM,QCRH,QDEL,QFIN,RGEN,RILY,RPAY,RPD,SABR,SEDG,SHEN,SIRI,SLNO,SNDL,SNEX,SONO,SPT,SSNC,STGW,STKL,STRL,STX,SWTX,SYNA,TFSL,TIGR,TNXP,TOWN,TRI,TRIP,TRMB,TRNS,TRS,TSCO,TSEM,TVTX,TXRH,VC,VCEL,VECO,VIAV,VICR,VIR,VRTX,VSTM,VTRS,WDFC,WSBC,WSC,WYNN,XENE,XNCR,XRAY,ZS
ACET,0.0,0.269,0.889,0.814,0.936,0.428,0.802,0.836,0.84,0.9,0.927,0.84,0.847,0.092,0.838,0.862,0.642,0.501,0.847,-0.742,0.784,0.563,0.906,0.863,0.957,0.9,0.89,0.833,0.676,0.902,0.814,0.235,-0.581,0.408,0.416,-0.61,0.935,0.897,0.136,0.668,0.786,0.867,0.962,0.758,0.871,0.591,-0.513,0.851,-0.067,0.829,0.881,0.936,0.923,0.849,0.684,-0.096,-0.706,0.717,0.927,0.668,0.942,-0.361,0.656,0.948,0.954,0.741,0.834,0.022,-0.698,0.428,0.058,-0.465,-0.042,0.156,0.813,-0.358,-0.214,0.942,0.829,-0.549,0.789,-0.737,0.361,0.407,0.852,0.881,-0.523,0.805,0.862,0.892,0.796,0.895,-0.575,0.654,0.409,0.802,0.598,0.621,0.884,0.617,0.361,0.779,-0.412,0.765,0.908,0.869,0.694,0.938,0.929,0.836,0.834,0.939,0.567,-0.142,-0.769,0.884,0.872,0.222,0.263,0.021,0.921,0.387,0.928,0.788,0.152,0.899,0.928,-0.379,0.888,0.952,-0.127,0.8,0.458,0.855,0.922,0.655,0.631,0.93,0.835,0.403,0.661,0.599,0.432,0.206,0.59,0.806,0.946,0.938,0.188,-0.623,0.82,0.221,0.801,0.839,0.796,0.667,-0.824,0.601,0.868,0.074,0.889,0.842,0.604,0.914,0.907,0.246,0.935,0.897,0.769,0.69,0.864,-0.52,-0.242,0.94,0.463,-0.006,0.89,0.615,0.834,0.903,0.894,0.857,0.794,0.833,-0.005,0.595,0.956,0.833,0.356,0.837,0.784,0.948,0.137,0.948,0.744,0.321,0.72,0.91,0.782,0.862
ADAP,0.269,0.0,-0.052,0.336,0.373,0.68,-0.068,0.654,-0.039,0.537,0.498,0.225,-0.096,-0.199,0.536,0.088,0.166,0.011,0.44,-0.465,0.502,0.511,0.075,0.506,0.393,0.288,0.228,0.267,0.029,0.319,0.356,-0.739,-0.652,-0.359,-0.108,0.126,0.424,0.274,0.335,-0.033,0.363,0.425,0.365,0.56,0.371,0.355,-0.732,0.223,-0.336,0.385,0.292,0.425,0.106,0.505,0.614,0.135,-0.545,0.276,0.444,0.03,0.271,-0.575,-0.252,0.404,0.245,0.508,0.429,0.419,-0.333,0.501,0.104,-0.595,-0.121,0.037,0.621,-0.293,-0.235,0.409,0.086,0.193,-0.081,-0.669,0.804,0.56,0.569,0.1,-0.432,0.67,0.061,0.474,0.324,0.555,-0.594,0.509,0.711,0.524,-0.481,0.77,0.049,0.301,0.427,-0.142,-0.477,0.366,0.136,0.326,-0.304,0.212,0.294,-0.043,0.597,0.132,-0.278,-0.861,-0.417,0.263,0.362,0.32,0.09,-0.052,0.129,0.508,0.281,0.572,0.653,0.033,0.255,-0.424,0.528,0.171,0.145,0.68,-0.424,0.454,0.497,0.365,0.023,0.19,0.53,0.238,-0.314,0.136,-0.52,0.718,0.211,0.611,0.233,0.182,-0.424,-0.635,-0.035,0.234,0.163,0.526,-0.17,0.074,-0.475,-0.431,0.404,-0.035,0.382,0.467,0.309,0.307,0.101,0.295,0.109,0.181,0.543,-0.393,-0.07,-0.653,-0.37,0.403,0.549,-0.742,0.348,-0.017,0.441,0.45,0.003,0.524,0.537,0.259,-0.546,-0.502,0.255,-0.006,-0.358,-0.104,0.66,0.324,0.163,0.352,0.403,-0.673,0.612,0.127,0.339,0.2
ADI,0.889,-0.052,0.0,0.723,0.844,0.175,0.871,0.635,0.915,0.741,0.773,0.749,0.916,0.101,0.684,0.883,0.559,0.528,0.696,-0.596,0.674,0.447,0.935,0.727,0.853,0.843,0.881,0.754,0.678,0.869,0.723,0.467,-0.365,0.537,0.451,-0.599,0.822,0.834,0.044,0.767,0.639,0.752,0.867,0.655,0.767,0.576,-0.322,0.816,-0.065,0.72,0.839,0.821,0.966,0.703,0.586,-0.205,-0.596,0.755,0.821,0.715,0.873,-0.254,0.851,0.842,0.875,0.649,0.772,-0.272,-0.675,0.13,0.108,-0.318,-0.058,0.201,0.65,-0.277,-0.216,0.848,0.875,-0.685,0.886,-0.567,0.148,0.223,0.672,0.894,-0.453,0.608,0.919,0.776,0.725,0.744,-0.42,0.435,0.18,0.679,0.83,0.421,0.894,0.454,0.188,0.846,-0.366,0.706,0.928,0.826,0.905,0.946,0.867,0.89,0.671,0.955,0.667,0.124,-0.698,0.888,0.804,0.244,0.179,0.007,0.943,0.237,0.909,0.652,-0.021,0.924,0.912,-0.384,0.746,0.898,-0.16,0.594,0.553,0.794,0.776,0.679,0.675,0.879,0.714,0.365,0.808,0.607,0.671,-0.051,0.646,0.608,0.935,0.892,0.355,-0.479,0.88,0.033,0.838,0.745,0.886,0.666,-0.709,0.77,0.733,-0.046,0.818,0.76,0.63,0.882,0.92,0.12,0.923,0.903,0.66,0.859,0.945,-0.386,-0.044,0.816,0.324,0.229,0.862,0.687,0.752,0.805,0.939,0.712,0.671,0.843,0.202,0.828,0.928,0.837,0.445,0.898,0.547,0.843,0.16,0.841,0.696,0.557,0.598,0.824,0.713,0.892
ADPT,0.814,0.336,0.723,0.0,0.825,0.515,0.812,0.754,0.612,0.763,0.802,0.833,0.734,0.195,0.846,0.836,0.637,0.571,0.693,-0.585,0.83,0.751,0.681,0.878,0.849,0.828,0.887,0.727,0.825,0.868,0.769,0.067,-0.41,0.487,0.656,-0.411,0.911,0.636,0.484,0.725,0.716,0.904,0.84,0.797,0.895,0.778,-0.499,0.641,-0.177,0.904,0.827,0.875,0.841,0.865,0.719,-0.123,-0.604,0.744,0.887,0.49,0.885,-0.271,0.598,0.848,0.804,0.801,0.914,0.08,-0.508,0.389,0.315,-0.556,0.319,0.272,0.832,-0.262,-0.117,0.886,0.701,-0.525,0.692,-0.697,0.488,0.519,0.752,0.724,-0.478,0.788,0.825,0.915,0.795,0.827,-0.487,0.431,0.319,0.715,0.466,0.647,0.749,0.594,0.588,0.646,-0.562,0.775,0.755,0.879,0.612,0.816,0.785,0.635,0.826,0.781,0.495,-0.294,-0.519,0.882,0.682,0.538,0.336,0.18,0.818,0.688,0.884,0.735,0.461,0.753,0.892,-0.401,0.744,0.799,0.117,0.718,0.183,0.859,0.859,0.802,0.85,0.756,0.798,0.458,0.64,0.837,0.314,0.058,0.785,0.736,0.784,0.811,0.447,-0.597,0.824,0.037,0.876,0.829,0.686,0.775,-0.668,0.399,0.673,0.216,0.717,0.831,0.822,0.869,0.84,0.556,0.688,0.82,0.8,0.487,0.806,-0.56,-0.017,0.825,0.418,-0.078,0.874,0.698,0.83,0.817,0.724,0.694,0.72,0.842,0.129,0.462,0.839,0.745,0.498,0.745,0.784,0.787,0.307,0.848,0.841,0.182,0.732,0.765,0.852,0.797
ADTN,0.936,0.373,0.844,0.825,0.0,0.494,0.781,0.884,0.756,0.925,0.954,0.865,0.808,0.135,0.907,0.858,0.688,0.555,0.859,-0.753,0.792,0.629,0.865,0.879,0.974,0.888,0.847,0.841,0.633,0.906,0.787,0.095,-0.655,0.335,0.39,-0.567,0.956,0.918,0.171,0.679,0.838,0.927,0.977,0.824,0.896,0.641,-0.559,0.813,-0.017,0.882,0.902,0.945,0.905,0.905,0.755,-0.122,-0.717,0.729,0.947,0.682,0.953,-0.431,0.618,0.962,0.935,0.793,0.868,0.027,-0.705,0.472,0.039,-0.526,-0.043,0.196,0.841,-0.321,-0.188,0.961,0.784,-0.527,0.781,-0.808,0.438,0.428,0.881,0.843,-0.504,0.863,0.824,0.924,0.792,0.927,-0.612,0.723,0.554,0.817,0.516,0.763,0.82,0.665,0.426,0.658,-0.423,0.775,0.874,0.882,0.63,0.943,0.957,0.785,0.889,0.913,0.547,-0.261,-0.752,0.874,0.923,0.277,0.196,0.068,0.905,0.399,0.941,0.807,0.24,0.843,0.927,-0.429,0.943,0.937,-0.021,0.885,0.419,0.899,0.957,0.687,0.636,0.931,0.866,0.413,0.576,0.596,0.317,0.234,0.658,0.85,0.928,0.932,0.146,-0.676,0.767,0.299,0.783,0.886,0.738,0.717,-0.838,0.486,0.843,0.106,0.915,0.873,0.641,0.901,0.871,0.332,0.889,0.849,0.778,0.588,0.813,-0.578,-0.24,0.968,0.509,-0.051,0.884,0.567,0.828,0.908,0.85,0.884,0.816,0.853,-0.024,0.497,0.95,0.818,0.276,0.79,0.835,0.966,0.119,0.955,0.753,0.199,0.766,0.867,0.807,0.862
AGEN,0.428,0.68,0.175,0.515,0.494,0.0,0.185,0.666,0.168,0.592,0.583,0.403,0.161,-0.05,0.676,0.28,0.281,0.198,0.522,-0.523,0.601,0.692,0.278,0.582,0.514,0.42,0.473,0.436,0.315,0.452,0.471,-0.497,-0.516,-0.109,0.224,0.045,0.563,0.334,0.395,0.2,0.434,0.575,0.484,0.63,0.515,0.503,-0.715,0.399,-0.309,0.543,0.451,0.582,0.326,0.643,0.67,0.17,-0.479,0.442,0.572,0.357,0.459,-0.491,0.023,0.547,0.392,0.632,0.619,0.333,-0.379,0.37,0.176,-0.679,0.0,0.277,0.72,-0.4,0.019,0.544,0.405,0.11,0.153,-0.702,0.797,0.563,0.621,0.43,-0.487,0.662,0.308,0.616,0.628,0.638,-0.65,0.536,0.489,0.586,-0.16,0.726,0.397,0.552,0.556,0.119,-0.499,0.595,0.38,0.445,-0.04,0.415,0.418,0.156,0.641,0.35,0.034,-0.63,-0.357,0.446,0.483,0.489,0.18,-0.109,0.329,0.49,0.462,0.686,0.565,0.304,0.45,-0.519,0.588,0.293,0.046,0.673,-0.203,0.574,0.619,0.523,0.251,0.294,0.659,0.477,0.105,0.347,-0.243,0.407,0.442,0.583,0.395,0.397,-0.111,-0.639,0.237,0.157,0.406,0.607,0.115,0.274,-0.51,-0.061,0.458,0.086,0.452,0.592,0.512,0.491,0.281,0.617,0.287,0.413,0.697,-0.205,0.203,-0.643,-0.224,0.529,0.611,-0.587,0.512,0.195,0.646,0.587,0.247,0.531,0.564,0.339,-0.247,-0.197,0.453,0.235,-0.115,0.229,0.708,0.438,0.189,0.517,0.564,-0.414,0.647,0.289,0.514,0.438
ALGN,0.802,-0.068,0.871,0.812,0.781,0.185,0.0,0.521,0.702,0.625,0.698,0.774,0.916,0.364,0.681,0.919,0.634,0.763,0.543,-0.411,0.64,0.567,0.74,0.685,0.761,0.816,0.848,0.697,0.837,0.827,0.688,0.416,-0.224,0.705,0.668,-0.537,0.806,0.646,0.328,0.894,0.66,0.816,0.775,0.63,0.822,0.703,-0.208,0.617,-0.025,0.823,0.785,0.753,0.906,0.763,0.456,-0.327,-0.479,0.705,0.788,0.609,0.86,-0.063,0.848,0.748,0.774,0.663,0.775,-0.212,-0.387,0.251,0.318,-0.281,0.3,0.273,0.601,-0.04,0.008,0.8,0.738,-0.709,0.888,-0.44,0.101,0.202,0.566,0.765,-0.271,0.554,0.908,0.792,0.767,0.654,-0.187,0.307,0.146,0.561,0.796,0.398,0.816,0.539,0.319,0.747,-0.342,0.685,0.773,0.85,0.878,0.833,0.814,0.766,0.649,0.81,0.671,0.102,-0.457,0.852,0.614,0.413,0.383,0.306,0.891,0.462,0.861,0.564,0.18,0.801,0.879,-0.208,0.617,0.838,-0.053,0.497,0.526,0.738,0.711,0.661,0.88,0.803,0.62,0.397,0.849,0.799,0.558,-0.277,0.773,0.559,0.782,0.807,0.674,-0.384,0.952,-0.094,0.869,0.66,0.807,0.86,-0.546,0.66,0.591,0.23,0.673,0.695,0.678,0.832,0.892,0.395,0.773,0.788,0.578,0.751,0.914,-0.277,0.223,0.73,0.197,0.33,0.803,0.822,0.679,0.661,0.825,0.534,0.582,0.806,0.395,0.803,0.826,0.82,0.623,0.913,0.557,0.775,0.279,0.755,0.747,0.565,0.519,0.737,0.843,0.798
ALLK,0.836,0.654,0.635,0.754,0.884,0.666,0.521,0.0,0.648,0.943,0.955,0.669,0.508,-0.05,0.927,0.684,0.442,0.281,0.871,-0.82,0.855,0.634,0.748,0.923,0.897,0.843,0.759,0.707,0.471,0.852,0.819,-0.247,-0.853,0.009,0.215,-0.351,0.9,0.848,0.195,0.416,0.704,0.838,0.899,0.895,0.802,0.629,-0.835,0.783,-0.243,0.812,0.859,0.892,0.73,0.877,0.872,0.052,-0.837,0.734,0.906,0.539,0.812,-0.678,0.382,0.909,0.81,0.857,0.85,0.122,-0.753,0.533,0.131,-0.634,-0.178,0.125,0.94,-0.532,-0.425,0.896,0.672,-0.325,0.486,-0.962,0.724,0.637,0.95,0.706,-0.73,0.955,0.659,0.874,0.762,0.952,-0.811,0.739,0.729,0.92,0.204,0.852,0.669,0.57,0.375,0.427,-0.605,0.735,0.782,0.814,0.37,0.809,0.828,0.595,0.942,0.788,0.215,-0.537,-0.838,0.803,0.847,0.335,0.106,0.03,0.75,0.451,0.844,0.93,0.408,0.666,0.823,-0.611,0.959,0.791,-0.112,0.976,0.068,0.889,0.929,0.716,0.418,0.746,0.946,0.439,0.29,0.461,0.019,0.526,0.512,0.957,0.836,0.765,-0.127,-0.86,0.556,0.339,0.682,0.928,0.467,0.46,-0.937,0.168,0.912,-0.105,0.852,0.917,0.618,0.837,0.725,0.318,0.736,0.793,0.893,0.28,0.586,-0.771,-0.453,0.879,0.717,-0.463,0.853,0.444,0.848,0.899,0.689,0.96,0.88,0.727,-0.385,0.182,0.838,0.551,-0.017,0.547,0.928,0.863,0.243,0.868,0.718,-0.174,0.901,0.715,0.741,0.791
AMD,0.84,-0.039,0.915,0.612,0.756,0.168,0.702,0.648,0.0,0.714,0.737,0.601,0.753,-0.05,0.617,0.79,0.333,0.279,0.747,-0.622,0.665,0.231,0.953,0.7,0.797,0.83,0.786,0.665,0.584,0.795,0.762,0.436,-0.472,0.311,0.241,-0.571,0.734,0.847,-0.177,0.58,0.541,0.62,0.794,0.599,0.662,0.413,-0.384,0.895,-0.097,0.585,0.819,0.756,0.863,0.592,0.578,0.035,-0.66,0.714,0.721,0.727,0.775,-0.38,0.783,0.807,0.819,0.577,0.68,-0.283,-0.739,0.128,0.049,-0.184,-0.275,0.135,0.605,-0.521,-0.362,0.747,0.842,-0.55,0.715,-0.581,0.169,0.231,0.693,0.868,-0.597,0.582,0.838,0.658,0.664,0.7,-0.536,0.488,0.217,0.737,0.761,0.324,0.83,0.399,0.002,0.759,-0.378,0.601,0.922,0.736,0.801,0.864,0.775,0.874,0.626,0.919,0.471,0.199,-0.775,0.798,0.786,0.096,-0.017,-0.065,0.86,0.084,0.807,0.677,-0.177,0.861,0.821,-0.421,0.738,0.853,-0.353,0.584,0.447,0.728,0.705,0.605,0.443,0.782,0.722,0.372,0.719,0.412,0.644,0.137,0.424,0.614,0.898,0.825,0.173,-0.523,0.779,0.133,0.744,0.698,0.822,0.388,-0.765,0.71,0.814,-0.257,0.783,0.75,0.485,0.819,0.866,-0.009,0.913,0.896,0.642,0.785,0.859,-0.413,-0.316,0.756,0.447,0.093,0.781,0.616,0.689,0.774,0.94,0.779,0.687,0.703,-0.048,0.763,0.863,0.703,0.342,0.786,0.53,0.807,0.207,0.795,0.504,0.47,0.58,0.779,0.587,0.859
AMWD,0.9,0.537,0.741,0.763,0.925,0.592,0.625,0.943,0.714,0.0,0.964,0.721,0.647,0.01,0.909,0.785,0.533,0.435,0.917,-0.793,0.845,0.614,0.831,0.908,0.945,0.866,0.819,0.847,0.506,0.872,0.824,-0.089,-0.756,0.13,0.271,-0.384,0.936,0.9,0.183,0.546,0.837,0.876,0.938,0.871,0.862,0.591,-0.739,0.848,-0.184,0.826,0.89,0.943,0.821,0.887,0.862,0.008,-0.813,0.752,0.937,0.626,0.872,-0.517,0.465,0.956,0.886,0.825,0.847,0.064,-0.767,0.508,0.115,-0.629,-0.149,0.098,0.915,-0.457,-0.325,0.936,0.759,-0.315,0.626,-0.893,0.625,0.467,0.953,0.78,-0.637,0.927,0.748,0.9,0.788,0.978,-0.756,0.782,0.627,0.896,0.354,0.823,0.762,0.639,0.373,0.537,-0.547,0.794,0.831,0.842,0.499,0.877,0.922,0.757,0.928,0.86,0.359,-0.433,-0.842,0.836,0.895,0.312,0.125,-0.034,0.836,0.41,0.88,0.887,0.344,0.764,0.865,-0.537,0.979,0.861,-0.139,0.927,0.267,0.915,0.963,0.69,0.482,0.867,0.924,0.483,0.395,0.521,0.219,0.432,0.591,0.891,0.887,0.855,-0.067,-0.801,0.66,0.363,0.718,0.921,0.624,0.538,-0.891,0.338,0.892,0.018,0.894,0.904,0.635,0.89,0.799,0.335,0.833,0.827,0.851,0.433,0.684,-0.675,-0.4,0.939,0.648,-0.273,0.88,0.493,0.879,0.949,0.766,0.925,0.905,0.806,-0.255,0.324,0.907,0.666,0.055,0.635,0.894,0.928,0.204,0.931,0.735,0.028,0.837,0.777,0.778,0.803
ARDX,0.927,0.498,0.773,0.802,0.954,0.583,0.698,0.955,0.737,0.964,0.0,0.769,0.699,0.106,0.948,0.817,0.558,0.457,0.88,-0.803,0.834,0.648,0.835,0.915,0.952,0.911,0.837,0.8,0.576,0.903,0.831,-0.054,-0.767,0.192,0.32,-0.47,0.952,0.905,0.203,0.578,0.79,0.902,0.961,0.879,0.878,0.659,-0.718,0.827,-0.146,0.87,0.914,0.937,0.848,0.929,0.81,-0.072,-0.801,0.767,0.957,0.644,0.906,-0.553,0.539,0.956,0.897,0.86,0.874,0.049,-0.732,0.51,0.139,-0.576,-0.097,0.16,0.914,-0.42,-0.309,0.953,0.763,-0.445,0.655,-0.888,0.574,0.524,0.942,0.807,-0.631,0.911,0.784,0.918,0.832,0.963,-0.689,0.752,0.63,0.896,0.41,0.801,0.8,0.657,0.36,0.553,-0.528,0.77,0.86,0.881,0.553,0.899,0.935,0.74,0.934,0.883,0.392,-0.381,-0.816,0.869,0.893,0.316,0.2,0.052,0.866,0.439,0.919,0.901,0.336,0.778,0.902,-0.51,0.967,0.902,-0.171,0.943,0.292,0.91,0.962,0.697,0.551,0.865,0.931,0.451,0.466,0.554,0.191,0.349,0.594,0.928,0.907,0.861,0.044,-0.785,0.716,0.323,0.75,0.921,0.622,0.61,-0.914,0.356,0.927,0.028,0.892,0.92,0.631,0.901,0.84,0.345,0.845,0.843,0.857,0.456,0.728,-0.664,-0.327,0.936,0.613,-0.248,0.899,0.569,0.863,0.912,0.81,0.933,0.884,0.809,-0.204,0.388,0.923,0.704,0.129,0.712,0.915,0.95,0.214,0.926,0.761,0.051,0.843,0.811,0.822,0.853
ARQT,0.84,0.225,0.749,0.833,0.865,0.403,0.774,0.669,0.601,0.721,0.769,0.0,0.833,0.237,0.745,0.766,0.818,0.569,0.682,-0.565,0.645,0.606,0.694,0.735,0.853,0.713,0.761,0.745,0.719,0.754,0.614,0.277,-0.379,0.544,0.477,-0.683,0.835,0.711,0.264,0.65,0.779,0.822,0.845,0.619,0.819,0.533,-0.256,0.606,0.183,0.79,0.713,0.821,0.806,0.785,0.516,-0.154,-0.451,0.496,0.803,0.544,0.889,-0.144,0.525,0.814,0.859,0.577,0.754,0.185,-0.446,0.424,-0.069,-0.383,0.221,0.224,0.651,-0.071,0.116,0.831,0.629,-0.561,0.801,-0.552,0.217,0.346,0.678,0.735,-0.213,0.671,0.723,0.834,0.64,0.74,-0.317,0.55,0.313,0.563,0.503,0.56,0.741,0.636,0.616,0.746,-0.222,0.621,0.699,0.756,0.554,0.801,0.809,0.635,0.712,0.763,0.65,-0.1,-0.456,0.736,0.73,0.184,0.389,0.073,0.77,0.49,0.808,0.567,0.183,0.788,0.805,-0.107,0.716,0.835,0.231,0.673,0.459,0.716,0.818,0.556,0.721,0.853,0.624,0.247,0.655,0.638,0.344,0.051,0.605,0.649,0.77,0.854,0.327,-0.392,0.737,0.162,0.708,0.674,0.739,0.779,-0.568,0.554,0.606,0.341,0.762,0.659,0.534,0.751,0.776,0.338,0.765,0.695,0.576,0.605,0.789,-0.351,-0.072,0.853,0.261,0.184,0.718,0.523,0.653,0.743,0.729,0.651,0.585,0.752,0.256,0.501,0.819,0.875,0.527,0.773,0.683,0.819,-0.021,0.849,0.673,0.331,0.555,0.884,0.691,0.697
ASTE,0.847,-0.096,0.916,0.734,0.808,0.161,0.916,0.508,0.753,0.647,0.699,0.833,0.0,0.25,0.626,0.85,0.738,0.691,0.605,-0.47,0.552,0.512,0.806,0.611,0.806,0.739,0.828,0.772,0.725,0.761,0.573,0.543,-0.186,0.711,0.555,-0.643,0.778,0.715,0.14,0.831,0.684,0.757,0.81,0.526,0.767,0.541,-0.126,0.674,0.109,0.708,0.716,0.777,0.912,0.698,0.426,-0.296,-0.415,0.591,0.766,0.68,0.881,-0.03,0.803,0.775,0.85,0.532,0.699,-0.133,-0.493,0.161,0.022,-0.297,0.13,0.285,0.546,-0.051,0.111,0.799,0.793,-0.651,0.945,-0.395,0.01,0.124,0.569,0.855,-0.18,0.497,0.87,0.756,0.686,0.658,-0.211,0.413,0.081,0.5,0.808,0.369,0.882,0.571,0.33,0.869,-0.178,0.665,0.812,0.752,0.845,0.874,0.833,0.822,0.574,0.852,0.808,0.16,-0.471,0.792,0.72,0.22,0.342,0.007,0.876,0.299,0.829,0.5,0.003,0.894,0.842,-0.166,0.638,0.852,-0.027,0.487,0.683,0.678,0.732,0.536,0.766,0.869,0.565,0.309,0.869,0.665,0.673,-0.22,0.676,0.485,0.83,0.877,0.499,-0.288,0.891,0.002,0.771,0.613,0.905,0.807,-0.508,0.816,0.562,0.249,0.744,0.615,0.567,0.79,0.862,0.254,0.866,0.77,0.511,0.847,0.933,-0.212,0.14,0.797,0.128,0.418,0.752,0.645,0.669,0.702,0.86,0.549,0.537,0.794,0.452,0.811,0.861,0.921,0.61,0.933,0.496,0.8,0.011,0.807,0.684,0.661,0.433,0.812,0.694,0.772
AUPH,0.092,-0.199,0.101,0.195,0.135,-0.05,0.364,-0.05,-0.05,0.01,0.106,0.237,0.25,0.0,0.22,0.236,0.303,0.444,-0.086,0.052,-0.079,0.135,-0.025,0.055,0.056,0.099,0.092,0.129,0.224,0.057,-0.014,0.172,0.131,0.391,0.437,-0.174,0.139,0.006,0.259,0.245,0.183,0.228,0.091,0.021,0.204,0.198,0.215,-0.103,0.3,0.253,0.151,0.063,0.149,0.21,-0.139,-0.422,0.186,0.053,0.118,-0.042,0.156,0.318,0.172,0.042,0.086,0.142,0.072,0.072,0.351,0.093,0.236,0.07,0.549,-0.02,-0.006,0.378,0.211,0.113,0.022,-0.254,0.151,0.109,-0.225,0.005,0.011,-0.006,0.243,-0.034,0.141,0.094,0.149,0.012,0.393,0.052,0.009,-0.082,0.254,0.008,0.189,0.262,0.214,-0.013,0.08,-0.021,0.007,0.161,0.273,0.086,0.182,0.108,0.07,0.092,0.306,0.154,0.235,0.076,-0.063,0.02,0.371,0.412,0.175,0.168,0.159,-0.078,0.183,0.074,0.106,0.269,-0.014,0.215,0.049,0.019,0.373,0.035,0.073,-0.042,0.41,0.159,-0.029,-0.085,0.167,0.285,0.028,-0.416,0.168,0.052,0.005,0.087,0.424,0.127,0.262,0.133,0.097,0.005,0.129,0.462,0.067,0.101,0.039,0.542,-0.096,0.026,0.094,0.06,0.17,0.287,0.021,-0.031,-0.056,0.142,0.133,0.302,0.332,0.056,-0.26,0.298,0.059,0.258,-0.031,-0.08,0.126,-0.104,-0.053,0.169,0.284,0.238,0.053,0.24,0.348,0.22,0.093,0.127,0.021,0.054,0.094,0.202,-0.126,0.207,0.221,0.078
AVXL,0.838,0.536,0.684,0.846,0.907,0.676,0.681,0.927,0.617,0.909,0.948,0.745,0.626,0.22,0.0,0.795,0.544,0.501,0.81,-0.748,0.852,0.738,0.726,0.917,0.895,0.872,0.822,0.751,0.597,0.885,0.816,-0.175,-0.716,0.204,0.418,-0.329,0.939,0.795,0.367,0.595,0.75,0.925,0.898,0.918,0.892,0.76,-0.751,0.729,-0.194,0.904,0.899,0.903,0.801,0.945,0.844,-0.126,-0.765,0.804,0.94,0.576,0.868,-0.54,0.507,0.908,0.808,0.921,0.912,0.066,-0.629,0.489,0.296,-0.667,0.043,0.231,0.932,-0.385,-0.271,0.924,0.724,-0.412,0.592,-0.897,0.658,0.576,0.902,0.733,-0.631,0.906,0.758,0.92,0.857,0.941,-0.671,0.676,0.63,0.873,0.331,0.857,0.75,0.668,0.459,0.44,-0.618,0.803,0.787,0.885,0.5,0.844,0.875,0.643,0.95,0.809,0.345,-0.468,-0.707,0.86,0.829,0.48,0.211,0.156,0.818,0.552,0.9,0.893,0.504,0.698,0.879,-0.552,0.919,0.821,-0.08,0.933,0.163,0.922,0.934,0.768,0.628,0.775,0.929,0.487,0.429,0.628,0.098,0.27,0.674,0.901,0.825,0.794,0.132,-0.815,0.697,0.27,0.772,0.927,0.543,0.65,-0.862,0.236,0.851,0.089,0.812,0.926,0.733,0.878,0.794,0.51,0.72,0.797,0.885,0.324,0.673,-0.687,-0.218,0.878,0.622,-0.331,0.892,0.603,0.868,0.867,0.725,0.861,0.86,0.795,-0.182,0.306,0.867,0.634,0.136,0.656,0.927,0.876,0.319,0.871,0.801,-0.058,0.862,0.727,0.861,0.832
AZTA,0.862,0.088,0.883,0.836,0.858,0.28,0.919,0.684,0.79,0.785,0.817,0.766,0.85,0.236,0.795,0.0,0.515,0.687,0.734,-0.528,0.775,0.524,0.835,0.81,0.846,0.933,0.868,0.785,0.779,0.895,0.818,0.256,-0.434,0.457,0.517,-0.444,0.877,0.789,0.262,0.854,0.778,0.865,0.857,0.767,0.898,0.686,-0.426,0.78,-0.104,0.858,0.914,0.833,0.925,0.82,0.649,-0.158,-0.683,0.822,0.855,0.722,0.897,-0.257,0.814,0.854,0.834,0.768,0.843,-0.247,-0.556,0.373,0.346,-0.368,0.108,0.222,0.728,-0.263,-0.151,0.862,0.802,-0.6,0.838,-0.615,0.277,0.204,0.743,0.816,-0.447,0.704,0.931,0.835,0.829,0.798,-0.413,0.492,0.327,0.763,0.737,0.547,0.818,0.622,0.242,0.659,-0.479,0.743,0.841,0.921,0.834,0.878,0.918,0.88,0.779,0.879,0.513,-0.038,-0.654,0.894,0.752,0.431,0.183,0.252,0.93,0.443,0.905,0.73,0.195,0.815,0.918,-0.355,0.785,0.902,-0.175,0.668,0.44,0.853,0.806,0.72,0.764,0.866,0.78,0.562,0.748,0.735,0.528,-0.047,0.738,0.707,0.855,0.855,0.477,-0.603,0.938,0.087,0.873,0.78,0.805,0.732,-0.714,0.569,0.76,0.121,0.793,0.832,0.679,0.916,0.943,0.399,0.84,0.862,0.692,0.674,0.899,-0.433,-0.052,0.821,0.421,0.148,0.872,0.824,0.772,0.795,0.889,0.711,0.789,0.837,0.121,0.722,0.905,0.762,0.428,0.858,0.713,0.882,0.403,0.84,0.721,0.443,0.659,0.767,0.892,0.857
BAND,0.642,0.166,0.559,0.637,0.688,0.281,0.634,0.442,0.333,0.533,0.558,0.818,0.738,0.303,0.544,0.515,0.0,0.552,0.454,-0.472,0.344,0.602,0.474,0.48,0.682,0.423,0.582,0.683,0.525,0.502,0.3,0.296,-0.141,0.638,0.512,-0.628,0.659,0.491,0.259,0.549,0.639,0.707,0.664,0.363,0.607,0.421,-0.024,0.36,0.283,0.62,0.429,0.672,0.622,0.616,0.302,-0.32,-0.17,0.236,0.642,0.311,0.722,0.096,0.334,0.622,0.709,0.347,0.516,0.384,-0.255,0.287,-0.227,-0.367,0.304,0.115,0.455,0.222,0.297,0.677,0.44,-0.427,0.686,-0.335,0.066,0.346,0.45,0.533,0.025,0.49,0.49,0.675,0.409,0.55,-0.119,0.431,0.149,0.233,0.353,0.436,0.589,0.533,0.696,0.641,0.03,0.491,0.497,0.514,0.402,0.636,0.619,0.425,0.481,0.568,0.794,-0.106,-0.171,0.518,0.548,0.076,0.5,0.023,0.576,0.374,0.611,0.27,0.209,0.636,0.606,0.037,0.501,0.624,0.38,0.455,0.566,0.478,0.668,0.322,0.662,0.706,0.367,0.009,0.49,0.569,0.278,-0.067,0.538,0.403,0.594,0.704,0.268,-0.097,0.527,0.165,0.519,0.477,0.63,0.817,-0.295,0.495,0.303,0.518,0.526,0.374,0.464,0.512,0.527,0.323,0.573,0.45,0.357,0.558,0.603,-0.138,0.165,0.707,-0.099,0.301,0.512,0.206,0.489,0.552,0.495,0.391,0.293,0.662,0.461,0.347,0.6,0.84,0.567,0.619,0.43,0.593,-0.339,0.686,0.598,0.321,0.288,0.702,0.457,0.487
BECN,0.501,0.011,0.528,0.571,0.555,0.198,0.763,0.281,0.279,0.435,0.457,0.569,0.691,0.444,0.501,0.687,0.552,0.0,0.352,-0.043,0.456,0.509,0.367,0.403,0.489,0.509,0.545,0.591,0.623,0.522,0.414,0.21,-0.053,0.587,0.587,-0.132,0.564,0.373,0.453,0.832,0.609,0.638,0.488,0.457,0.711,0.568,-0.109,0.311,0.049,0.632,0.519,0.508,0.61,0.604,0.33,-0.362,-0.298,0.495,0.541,0.446,0.622,0.153,0.616,0.481,0.465,0.482,0.561,-0.15,-0.095,0.257,0.352,-0.402,0.434,0.47,0.378,0.209,0.266,0.54,0.504,-0.355,0.719,-0.217,0.12,-0.114,0.368,0.474,0.073,0.367,0.654,0.581,0.607,0.452,-0.026,0.264,0.181,0.328,0.553,0.421,0.558,0.571,0.364,0.384,-0.256,0.619,0.407,0.607,0.594,0.55,0.614,0.544,0.46,0.469,0.482,-0.058,-0.185,0.562,0.417,0.503,0.261,0.313,0.626,0.458,0.566,0.327,0.348,0.516,0.577,-0.048,0.416,0.523,0.127,0.323,0.463,0.523,0.494,0.422,0.743,0.601,0.361,0.434,0.573,0.629,0.386,-0.344,0.772,0.285,0.447,0.551,0.591,-0.262,0.687,-0.094,0.562,0.441,0.55,0.759,-0.215,0.396,0.252,0.504,0.48,0.439,0.529,0.561,0.606,0.584,0.463,0.425,0.305,0.427,0.575,-0.099,0.397,0.51,0.123,0.353,0.511,0.659,0.481,0.412,0.465,0.223,0.415,0.573,0.483,0.525,0.541,0.548,0.373,0.622,0.44,0.558,0.297,0.496,0.57,0.463,0.285,0.395,0.682,0.461
BFC,0.847,0.44,0.696,0.693,0.859,0.522,0.543,0.871,0.747,0.917,0.88,0.682,0.605,-0.086,0.81,0.734,0.454,0.352,0.0,-0.699,0.801,0.444,0.823,0.833,0.892,0.825,0.728,0.795,0.489,0.781,0.795,-0.01,-0.716,0.069,0.161,-0.377,0.846,0.871,0.011,0.484,0.795,0.772,0.862,0.753,0.805,0.45,-0.645,0.882,-0.085,0.703,0.839,0.875,0.754,0.772,0.782,0.233,-0.763,0.657,0.821,0.704,0.829,-0.476,0.458,0.909,0.85,0.682,0.75,0.077,-0.755,0.528,-0.01,-0.479,-0.231,0.182,0.8,-0.551,-0.237,0.831,0.729,-0.198,0.587,-0.796,0.555,0.341,0.909,0.778,-0.584,0.831,0.708,0.795,0.711,0.89,-0.749,0.825,0.57,0.857,0.369,0.705,0.721,0.665,0.315,0.538,-0.439,0.707,0.794,0.753,0.445,0.813,0.841,0.756,0.828,0.812,0.299,-0.285,-0.794,0.745,0.886,0.186,-0.038,-0.078,0.775,0.29,0.783,0.814,0.142,0.755,0.781,-0.452,0.925,0.822,-0.187,0.851,0.288,0.821,0.881,0.579,0.361,0.812,0.848,0.548,0.421,0.4,0.283,0.463,0.479,0.795,0.845,0.857,-0.094,-0.736,0.625,0.4,0.627,0.817,0.659,0.395,-0.814,0.368,0.855,-0.015,0.879,0.826,0.504,0.811,0.766,0.317,0.833,0.795,0.736,0.439,0.66,-0.6,-0.522,0.904,0.678,-0.217,0.768,0.449,0.797,0.895,0.773,0.898,0.862,0.684,-0.265,0.331,0.856,0.645,0.108,0.615,0.829,0.898,0.195,0.899,0.565,0.099,0.722,0.759,0.66,0.748
BGC,-0.742,-0.465,-0.596,-0.585,-0.753,-0.523,-0.411,-0.82,-0.622,-0.793,-0.803,-0.565,-0.47,0.052,-0.748,-0.528,-0.472,-0.043,-0.699,0.0,-0.576,-0.55,-0.707,-0.74,-0.782,-0.675,-0.667,-0.612,-0.303,-0.697,-0.61,0.114,0.705,-0.026,-0.136,0.499,-0.752,-0.756,-0.035,-0.279,-0.546,-0.677,-0.785,-0.698,-0.543,-0.485,0.613,-0.678,0.163,-0.634,-0.668,-0.776,-0.641,-0.687,-0.689,0.11,0.604,-0.557,-0.78,-0.439,-0.673,0.635,-0.29,-0.778,-0.73,-0.672,-0.663,-0.146,0.714,-0.301,0.047,0.468,0.27,0.167,-0.769,0.391,0.375,-0.782,-0.578,0.4,-0.417,0.807,-0.472,-0.667,-0.734,-0.647,0.696,-0.768,-0.513,-0.714,-0.587,-0.788,0.659,-0.595,-0.505,-0.695,-0.196,-0.637,-0.597,-0.355,-0.273,-0.461,0.361,-0.525,-0.729,-0.632,-0.347,-0.729,-0.699,-0.497,-0.747,-0.732,-0.341,0.381,0.708,-0.655,-0.738,-0.117,-0.227,0.117,-0.626,-0.228,-0.731,-0.736,-0.188,-0.594,-0.708,0.547,-0.793,-0.688,0.178,-0.807,-0.15,-0.71,-0.795,-0.568,-0.308,-0.639,-0.767,-0.142,-0.265,-0.376,-0.047,-0.423,-0.35,-0.807,-0.759,-0.676,0.178,0.616,-0.435,-0.314,-0.573,-0.774,-0.427,-0.409,0.818,-0.263,-0.773,0.18,-0.661,-0.726,-0.494,-0.682,-0.566,-0.078,-0.664,-0.669,-0.753,-0.332,-0.539,0.638,0.368,-0.757,-0.431,0.372,-0.726,-0.246,-0.679,-0.776,-0.632,-0.817,-0.645,-0.669,0.296,-0.181,-0.724,-0.575,-0.03,-0.494,-0.665,-0.686,0.071,-0.75,-0.611,0.154,-0.725,-0.681,-0.536,-0.709
BHF,0.784,0.502,0.674,0.83,0.792,0.601,0.64,0.855,0.665,0.845,0.834,0.645,0.552,-0.079,0.852,0.775,0.344,0.456,0.801,-0.576,0.0,0.645,0.714,0.914,0.832,0.872,0.837,0.678,0.66,0.898,0.913,-0.161,-0.65,0.18,0.365,-0.159,0.874,0.705,0.371,0.629,0.65,0.82,0.805,0.909,0.882,0.741,-0.785,0.765,-0.429,0.814,0.876,0.849,0.782,0.847,0.891,0.117,-0.876,0.866,0.864,0.574,0.815,-0.541,0.569,0.863,0.728,0.877,0.929,-0.074,-0.67,0.442,0.412,-0.655,-0.022,0.366,0.906,-0.499,-0.336,0.847,0.745,-0.299,0.582,-0.852,0.738,0.419,0.852,0.723,-0.686,0.884,0.81,0.887,0.847,0.889,-0.764,0.523,0.515,0.922,0.355,0.764,0.696,0.56,0.387,0.504,-0.766,0.852,0.761,0.887,0.507,0.784,0.767,0.647,0.908,0.755,0.162,-0.435,-0.773,0.891,0.744,0.606,0.078,0.086,0.809,0.627,0.839,0.91,0.475,0.689,0.863,-0.619,0.853,0.723,-0.055,0.815,-0.034,0.929,0.848,0.872,0.596,0.681,0.913,0.673,0.483,0.62,0.221,0.365,0.696,0.806,0.795,0.749,0.168,-0.864,0.71,0.017,0.812,0.901,0.555,0.48,-0.82,0.239,0.787,-0.119,0.843,0.933,0.762,0.908,0.821,0.465,0.707,0.863,0.896,0.327,0.692,-0.759,-0.265,0.804,0.764,-0.355,0.893,0.695,0.904,0.874,0.683,0.826,0.918,0.733,-0.203,0.334,0.839,0.493,0.142,0.612,0.881,0.806,0.558,0.822,0.786,0.006,0.897,0.604,0.849,0.807
BHFAL,0.563,0.511,0.447,0.751,0.629,0.692,0.567,0.634,0.231,0.614,0.648,0.606,0.512,0.135,0.738,0.524,0.602,0.509,0.444,-0.55,0.645,0.0,0.372,0.669,0.641,0.543,0.73,0.565,0.531,0.673,0.509,-0.269,-0.347,0.381,0.564,-0.126,0.739,0.369,0.655,0.579,0.513,0.769,0.632,0.745,0.664,0.84,-0.571,0.363,-0.335,0.758,0.553,0.707,0.606,0.792,0.667,-0.307,-0.441,0.6,0.767,0.306,0.673,-0.352,0.328,0.644,0.545,0.765,0.798,0.168,-0.39,0.242,0.335,-0.754,0.298,0.341,0.784,-0.039,0.051,0.739,0.516,-0.312,0.526,-0.654,0.637,0.584,0.544,0.521,-0.377,0.679,0.56,0.805,0.724,0.693,-0.429,0.285,0.33,0.523,0.143,0.73,0.551,0.448,0.638,0.411,-0.519,0.735,0.513,0.672,0.326,0.617,0.57,0.271,0.714,0.509,0.385,-0.594,-0.329,0.7,0.507,0.706,0.499,0.051,0.562,0.731,0.691,0.657,0.713,0.479,0.691,-0.492,0.587,0.457,0.162,0.638,-0.037,0.718,0.725,0.734,0.693,0.484,0.664,0.367,0.385,0.743,-0.039,0.03,0.788,0.606,0.558,0.557,0.309,-0.545,0.537,-0.151,0.689,0.726,0.328,0.716,-0.49,0.137,0.406,0.21,0.533,0.661,0.812,0.669,0.511,0.642,0.399,0.558,0.756,0.119,0.51,-0.608,0.249,0.633,0.354,-0.297,0.732,0.451,0.758,0.639,0.365,0.477,0.553,0.651,0.191,0.11,0.621,0.507,0.202,0.528,0.67,0.511,0.171,0.622,0.906,-0.137,0.714,0.429,0.744,0.602
BKNG,0.906,0.075,0.935,0.681,0.865,0.278,0.74,0.748,0.953,0.831,0.835,0.694,0.806,-0.025,0.726,0.835,0.474,0.367,0.823,-0.707,0.714,0.372,0.0,0.778,0.895,0.864,0.848,0.801,0.591,0.849,0.775,0.362,-0.534,0.305,0.294,-0.578,0.836,0.92,-0.126,0.635,0.691,0.736,0.898,0.686,0.748,0.464,-0.456,0.939,-0.048,0.689,0.879,0.861,0.917,0.7,0.666,0.017,-0.678,0.733,0.824,0.768,0.864,-0.38,0.747,0.9,0.91,0.655,0.752,-0.209,-0.81,0.208,-0.004,-0.335,-0.241,0.134,0.705,-0.506,-0.32,0.852,0.88,-0.516,0.767,-0.675,0.264,0.286,0.783,0.923,-0.586,0.684,0.857,0.762,0.735,0.812,-0.615,0.611,0.333,0.779,0.73,0.478,0.883,0.516,0.125,0.778,-0.376,0.704,0.967,0.777,0.781,0.932,0.877,0.919,0.717,0.97,0.563,0.054,-0.797,0.844,0.874,0.14,0.034,-0.071,0.913,0.113,0.875,0.741,-0.091,0.921,0.882,-0.477,0.848,0.906,-0.301,0.693,0.509,0.808,0.826,0.64,0.494,0.873,0.803,0.416,0.694,0.467,0.61,0.138,0.519,0.7,0.955,0.913,0.129,-0.572,0.792,0.235,0.773,0.783,0.855,0.497,-0.816,0.71,0.852,-0.13,0.867,0.811,0.566,0.881,0.889,0.102,0.963,0.928,0.712,0.778,0.882,-0.462,-0.322,0.873,0.492,0.077,0.844,0.568,0.787,0.875,0.953,0.837,0.755,0.772,-0.031,0.715,0.939,0.789,0.292,0.832,0.629,0.895,0.119,0.895,0.6,0.437,0.649,0.837,0.658,0.891
BL,0.863,0.506,0.727,0.878,0.879,0.582,0.685,0.923,0.7,0.908,0.915,0.735,0.611,0.055,0.917,0.81,0.48,0.403,0.833,-0.74,0.914,0.669,0.778,0.0,0.899,0.903,0.857,0.722,0.635,0.927,0.879,-0.132,-0.727,0.178,0.373,-0.371,0.936,0.795,0.313,0.599,0.756,0.886,0.904,0.919,0.867,0.74,-0.742,0.787,-0.288,0.875,0.928,0.904,0.83,0.891,0.866,0.014,-0.812,0.823,0.928,0.551,0.855,-0.567,0.534,0.913,0.817,0.891,0.92,0.017,-0.692,0.499,0.297,-0.584,0.009,0.165,0.931,-0.455,-0.371,0.918,0.737,-0.434,0.591,-0.895,0.657,0.564,0.883,0.739,-0.723,0.924,0.792,0.912,0.832,0.928,-0.707,0.601,0.566,0.912,0.369,0.777,0.725,0.531,0.434,0.548,-0.651,0.795,0.807,0.909,0.544,0.841,0.844,0.667,0.948,0.827,0.276,-0.421,-0.783,0.897,0.772,0.453,0.208,0.183,0.839,0.602,0.905,0.913,0.445,0.707,0.898,-0.582,0.903,0.833,-0.078,0.892,0.068,0.946,0.91,0.84,0.623,0.774,0.945,0.499,0.467,0.65,0.158,0.346,0.647,0.921,0.857,0.8,0.13,-0.822,0.716,0.167,0.83,0.938,0.568,0.578,-0.897,0.272,0.879,-0.061,0.823,0.952,0.751,0.923,0.837,0.384,0.754,0.87,0.907,0.404,0.721,-0.729,-0.282,0.864,0.68,-0.327,0.922,0.636,0.869,0.902,0.757,0.891,0.898,0.805,-0.251,0.362,0.879,0.62,0.185,0.647,0.888,0.858,0.373,0.873,0.788,-0.023,0.903,0.754,0.846,0.848
BOKF,0.957,0.393,0.853,0.849,0.974,0.514,0.761,0.897,0.797,0.945,0.952,0.853,0.806,0.056,0.895,0.846,0.682,0.489,0.892,-0.782,0.832,0.641,0.895,0.899,0.0,0.894,0.9,0.88,0.661,0.909,0.812,0.119,-0.635,0.346,0.398,-0.558,0.972,0.906,0.156,0.657,0.82,0.919,0.984,0.815,0.893,0.624,-0.586,0.864,-0.075,0.862,0.897,0.984,0.918,0.893,0.784,-0.034,-0.742,0.735,0.961,0.681,0.968,-0.427,0.6,0.992,0.967,0.783,0.881,0.082,-0.746,0.44,0.031,-0.552,-0.064,0.182,0.876,-0.4,-0.201,0.977,0.813,-0.474,0.772,-0.818,0.48,0.483,0.91,0.877,-0.56,0.877,0.834,0.941,0.797,0.952,-0.666,0.725,0.5,0.834,0.512,0.73,0.853,0.669,0.452,0.724,-0.454,0.791,0.908,0.876,0.625,0.953,0.938,0.8,0.886,0.934,0.561,-0.266,-0.768,0.894,0.919,0.281,0.212,-0.038,0.908,0.411,0.942,0.83,0.237,0.888,0.94,-0.466,0.945,0.931,-0.047,0.868,0.396,0.905,0.981,0.711,0.623,0.925,0.886,0.437,0.599,0.613,0.372,0.287,0.645,0.843,0.955,0.953,0.12,-0.678,0.78,0.273,0.814,0.898,0.777,0.674,-0.843,0.526,0.855,0.064,0.925,0.883,0.674,0.926,0.882,0.328,0.918,0.896,0.821,0.609,0.839,-0.598,-0.293,0.991,0.522,-0.084,0.91,0.548,0.886,0.957,0.865,0.902,0.834,0.864,-0.032,0.491,0.969,0.835,0.316,0.8,0.842,0.959,0.114,0.991,0.779,0.216,0.777,0.883,0.788,0.878
BRKR,0.9,0.288,0.843,0.828,0.888,0.42,0.816,0.843,0.83,0.866,0.911,0.713,0.739,0.099,0.872,0.933,0.423,0.509,0.825,-0.675,0.872,0.543,0.864,0.903,0.894,0.0,0.876,0.737,0.726,0.942,0.916,0.078,-0.65,0.273,0.39,-0.425,0.915,0.848,0.209,0.723,0.724,0.873,0.903,0.856,0.89,0.713,-0.637,0.853,-0.243,0.865,0.953,0.883,0.896,0.866,0.755,-0.033,-0.834,0.866,0.906,0.709,0.895,-0.504,0.739,0.912,0.85,0.858,0.886,-0.183,-0.673,0.454,0.348,-0.432,-0.068,0.192,0.849,-0.444,-0.33,0.902,0.806,-0.55,0.711,-0.789,0.466,0.38,0.863,0.834,-0.656,0.833,0.9,0.876,0.868,0.884,-0.613,0.581,0.488,0.91,0.587,0.655,0.8,0.614,0.218,0.603,-0.587,0.763,0.885,0.95,0.715,0.888,0.908,0.818,0.88,0.892,0.354,-0.187,-0.811,0.923,0.805,0.424,0.134,0.209,0.918,0.45,0.927,0.885,0.237,0.796,0.94,-0.518,0.884,0.904,-0.26,0.81,0.271,0.906,0.868,0.774,0.635,0.822,0.905,0.597,0.64,0.639,0.355,0.194,0.659,0.855,0.901,0.847,0.297,-0.775,0.864,0.117,0.866,0.874,0.695,0.601,-0.878,0.442,0.899,-0.09,0.861,0.93,0.67,0.949,0.925,0.346,0.861,0.914,0.825,0.557,0.835,-0.614,-0.241,0.86,0.602,-0.13,0.918,0.779,0.843,0.866,0.888,0.868,0.89,0.802,-0.134,0.577,0.925,0.676,0.284,0.799,0.833,0.916,0.46,0.875,0.743,0.228,0.807,0.755,0.897,0.905
CACC,0.89,0.228,0.881,0.887,0.847,0.473,0.848,0.759,0.786,0.819,0.837,0.761,0.828,0.092,0.822,0.868,0.582,0.545,0.728,-0.667,0.837,0.73,0.848,0.857,0.9,0.876,0.0,0.818,0.78,0.923,0.801,0.188,-0.416,0.502,0.585,-0.412,0.928,0.735,0.312,0.783,0.676,0.875,0.889,0.809,0.86,0.769,-0.552,0.807,-0.288,0.846,0.871,0.923,0.947,0.841,0.754,-0.143,-0.678,0.84,0.927,0.641,0.922,-0.348,0.738,0.908,0.87,0.825,0.925,-0.094,-0.675,0.212,0.297,-0.589,0.081,0.291,0.855,-0.362,-0.186,0.929,0.871,-0.543,0.798,-0.714,0.463,0.464,0.767,0.888,-0.585,0.76,0.917,0.912,0.87,0.863,-0.574,0.455,0.262,0.776,0.638,0.609,0.894,0.554,0.417,0.789,-0.572,0.849,0.91,0.892,0.771,0.929,0.848,0.783,0.813,0.908,0.583,-0.195,-0.672,0.958,0.776,0.519,0.312,-0.004,0.921,0.519,0.945,0.809,0.314,0.887,0.961,-0.557,0.8,0.836,-0.114,0.705,0.306,0.898,0.883,0.84,0.768,0.806,0.85,0.517,0.755,0.774,0.495,0.039,0.785,0.718,0.912,0.885,0.384,-0.631,0.886,-0.047,0.938,0.868,0.791,0.711,-0.748,0.602,0.746,0.016,0.817,0.873,0.845,0.959,0.907,0.407,0.848,0.943,0.861,0.639,0.91,-0.575,-0.012,0.866,0.458,-0.05,0.962,0.709,0.927,0.902,0.846,0.743,0.777,0.863,0.144,0.621,0.942,0.787,0.435,0.867,0.728,0.83,0.285,0.895,0.889,0.329,0.761,0.766,0.849,0.92
CAR,0.833,0.267,0.754,0.727,0.841,0.436,0.697,0.707,0.665,0.847,0.8,0.745,0.772,0.129,0.751,0.785,0.683,0.591,0.795,-0.612,0.678,0.565,0.801,0.722,0.88,0.737,0.818,0.0,0.607,0.727,0.64,0.201,-0.398,0.375,0.445,-0.398,0.855,0.777,0.133,0.67,0.849,0.829,0.852,0.65,0.811,0.465,-0.423,0.807,0.036,0.751,0.766,0.891,0.821,0.757,0.649,-0.004,-0.557,0.594,0.829,0.669,0.878,-0.148,0.524,0.883,0.883,0.624,0.735,0.138,-0.631,0.364,-0.022,-0.547,0.022,0.169,0.724,-0.311,-0.005,0.851,0.749,-0.271,0.75,-0.606,0.367,0.293,0.786,0.804,-0.375,0.703,0.733,0.804,0.702,0.835,-0.537,0.719,0.359,0.652,0.542,0.616,0.806,0.715,0.453,0.663,-0.299,0.742,0.791,0.706,0.602,0.842,0.87,0.824,0.708,0.831,0.647,-0.205,-0.581,0.744,0.814,0.256,0.186,-0.125,0.815,0.294,0.796,0.653,0.187,0.853,0.797,-0.341,0.815,0.813,-0.07,0.684,0.554,0.763,0.874,0.534,0.569,0.882,0.724,0.469,0.559,0.576,0.508,0.132,0.635,0.635,0.827,0.893,0.133,-0.488,0.724,0.338,0.697,0.733,0.811,0.645,-0.612,0.594,0.672,0.298,0.794,0.705,0.616,0.808,0.77,0.394,0.842,0.77,0.647,0.601,0.764,-0.374,-0.203,0.902,0.372,0.108,0.769,0.435,0.81,0.868,0.764,0.691,0.711,0.77,0.148,0.479,0.864,0.821,0.335,0.738,0.701,0.858,0.004,0.905,0.667,0.372,0.553,0.785,0.675,0.727
CDNA,0.676,0.029,0.678,0.825,0.633,0.315,0.837,0.471,0.584,0.506,0.576,0.719,0.725,0.224,0.597,0.779,0.525,0.623,0.489,-0.303,0.66,0.531,0.591,0.635,0.661,0.726,0.78,0.607,0.0,0.698,0.642,0.341,-0.142,0.587,0.67,-0.398,0.716,0.459,0.362,0.78,0.552,0.729,0.645,0.54,0.769,0.624,-0.225,0.534,-0.046,0.734,0.664,0.686,0.747,0.643,0.426,-0.049,-0.43,0.597,0.668,0.53,0.758,-0.028,0.69,0.657,0.662,0.567,0.732,-0.0,-0.281,0.264,0.298,-0.271,0.379,0.323,0.561,-0.178,0.068,0.682,0.613,-0.553,0.704,-0.389,0.193,0.294,0.536,0.68,-0.3,0.519,0.78,0.716,0.698,0.577,-0.253,0.271,0.109,0.518,0.63,0.337,0.695,0.602,0.466,0.68,-0.359,0.622,0.66,0.739,0.672,0.676,0.629,0.606,0.563,0.667,0.51,0.06,-0.313,0.748,0.477,0.458,0.333,0.262,0.735,0.517,0.722,0.526,0.221,0.732,0.766,-0.21,0.501,0.673,0.052,0.421,0.319,0.633,0.629,0.632,0.82,0.626,0.558,0.472,0.795,0.755,0.49,-0.175,0.707,0.478,0.651,0.711,0.67,-0.339,0.841,-0.127,0.825,0.559,0.707,0.698,-0.437,0.563,0.491,0.234,0.555,0.617,0.652,0.736,0.775,0.504,0.632,0.722,0.55,0.569,0.79,-0.265,0.115,0.642,0.23,0.205,0.689,0.748,0.643,0.612,0.693,0.453,0.5,0.661,0.366,0.632,0.696,0.709,0.689,0.787,0.538,0.653,0.342,0.68,0.654,0.475,0.457,0.634,0.736,0.69
CG,0.902,0.319,0.869,0.868,0.906,0.452,0.827,0.852,0.795,0.872,0.903,0.754,0.761,0.057,0.885,0.895,0.502,0.522,0.781,-0.697,0.898,0.673,0.849,0.927,0.909,0.942,0.923,0.727,0.698,0.0,0.905,0.056,-0.624,0.372,0.452,-0.425,0.944,0.833,0.324,0.732,0.7,0.891,0.915,0.911,0.888,0.8,-0.649,0.799,-0.292,0.896,0.941,0.903,0.931,0.897,0.812,-0.155,-0.811,0.895,0.952,0.624,0.907,-0.508,0.731,0.919,0.853,0.896,0.945,-0.189,-0.716,0.359,0.347,-0.549,-0.007,0.235,0.889,-0.343,-0.343,0.945,0.826,-0.596,0.765,-0.831,0.525,0.456,0.819,0.816,-0.646,0.859,0.918,0.93,0.875,0.902,-0.625,0.478,0.455,0.879,0.555,0.705,0.815,0.492,0.306,0.667,-0.656,0.837,0.887,0.968,0.719,0.923,0.893,0.756,0.919,0.897,0.405,-0.26,-0.8,0.974,0.81,0.5,0.221,0.166,0.931,0.546,0.967,0.879,0.352,0.799,0.974,-0.56,0.88,0.879,-0.112,0.825,0.198,0.963,0.895,0.876,0.726,0.829,0.911,0.501,0.64,0.714,0.332,0.172,0.737,0.847,0.914,0.851,0.298,-0.772,0.845,0.017,0.913,0.937,0.683,0.678,-0.876,0.427,0.848,-0.106,0.864,0.95,0.783,0.968,0.924,0.336,0.831,0.925,0.89,0.57,0.85,-0.693,-0.107,0.865,0.593,-0.155,0.971,0.76,0.882,0.886,0.833,0.852,0.865,0.877,-0.056,0.564,0.939,0.691,0.277,0.79,0.808,0.881,0.401,0.881,0.859,0.171,0.882,0.765,0.908,0.916
CGBD,0.814,0.356,0.723,0.769,0.787,0.471,0.688,0.819,0.762,0.824,0.831,0.614,0.573,-0.014,0.816,0.818,0.3,0.414,0.795,-0.61,0.913,0.509,0.775,0.879,0.812,0.916,0.801,0.64,0.642,0.905,0.0,-0.034,-0.665,0.203,0.323,-0.277,0.85,0.766,0.288,0.598,0.636,0.788,0.791,0.873,0.843,0.689,-0.705,0.791,-0.342,0.805,0.9,0.812,0.791,0.816,0.783,0.057,-0.867,0.851,0.838,0.568,0.797,-0.518,0.631,0.85,0.747,0.843,0.856,-0.171,-0.65,0.466,0.424,-0.45,-0.08,0.208,0.833,-0.46,-0.404,0.821,0.733,-0.393,0.605,-0.805,0.586,0.393,0.811,0.707,-0.679,0.841,0.831,0.827,0.839,0.838,-0.679,0.506,0.511,0.904,0.45,0.644,0.698,0.489,0.187,0.516,-0.692,0.768,0.786,0.9,0.579,0.788,0.789,0.702,0.889,0.782,0.164,-0.233,-0.802,0.859,0.729,0.48,0.042,0.216,0.827,0.522,0.834,0.871,0.307,0.682,0.861,-0.505,0.839,0.785,-0.23,0.784,0.076,0.893,0.807,0.801,0.554,0.711,0.884,0.597,0.526,0.596,0.254,0.314,0.605,0.815,0.806,0.739,0.221,-0.826,0.765,0.069,0.816,0.863,0.575,0.459,-0.854,0.28,0.857,-0.165,0.796,0.914,0.657,0.885,0.842,0.363,0.747,0.86,0.832,0.423,0.718,-0.71,-0.286,0.773,0.718,-0.265,0.861,0.746,0.809,0.812,0.742,0.84,0.877,0.706,-0.229,0.447,0.832,0.505,0.178,0.655,0.821,0.821,0.57,0.801,0.696,0.072,0.848,0.665,0.854,0.815
CHI,0.235,-0.739,0.467,0.067,0.095,-0.497,0.416,-0.247,0.436,-0.089,-0.054,0.277,0.543,0.172,-0.175,0.256,0.296,0.21,-0.01,0.114,-0.161,-0.269,0.362,-0.132,0.119,0.078,0.188,0.201,0.341,0.056,-0.034,0.0,0.415,0.615,0.267,-0.55,0.032,0.177,-0.35,0.288,0.059,-0.017,0.122,-0.283,0.051,-0.206,0.586,0.185,0.464,-0.03,0.052,0.067,0.323,-0.123,-0.345,-0.13,0.245,-0.077,-0.005,0.241,0.211,0.529,0.474,0.078,0.293,-0.277,-0.079,-0.205,0.01,-0.315,-0.309,0.401,0.118,0.001,-0.269,0.142,0.213,0.058,0.266,-0.432,0.49,0.363,-0.687,-0.304,-0.126,0.326,0.276,-0.281,0.296,-0.02,-0.043,-0.113,0.336,-0.104,-0.487,-0.213,0.72,-0.475,0.38,0.048,-0.117,0.612,0.386,-0.048,0.292,0.026,0.554,0.246,0.145,0.42,-0.235,0.318,0.649,0.808,0.091,0.111,0.084,-0.373,0.102,-0.087,0.284,-0.36,0.134,-0.27,-0.621,0.472,0.163,0.372,-0.1,0.301,-0.051,-0.307,0.736,-0.095,-0.012,-0.139,0.249,0.32,-0.203,-0.194,0.611,0.095,0.773,-0.519,0.019,-0.258,0.237,0.315,0.414,0.456,0.383,-0.054,0.181,-0.164,0.618,0.242,0.146,0.798,-0.025,0.166,0.075,-0.135,-0.087,0.084,0.296,-0.249,0.386,0.21,-0.241,0.785,0.473,0.47,0.184,0.118,-0.418,0.826,0.023,0.191,-0.057,0.017,0.417,-0.099,-0.223,0.17,0.619,0.748,0.2,0.517,0.611,0.483,-0.3,0.159,-0.301,0.163,-0.08,0.891,-0.348,0.391,-0.075,0.151
