,ACET,ADAP,ADI,ADPT,ADTN,AGEN,ALGN,ALLK,AMD,AMWD,ARDX,ARQT,ASTE,AUPH,AVXL,AZTA,BAND,BECN,BFC,BGC,BHF,BHFAL,BKNG,BL,BOKF,BRKR,CACC,CAR,CDNA,CG,CGBD,CHI,CHTR,CHX,CLNE,CME,CNOB,CNXN,CPRX,CSGP,CSGS,CSIQ,CVCO,CVLT,CYRX,DDOG,DOOO,DSGX,DTIL,ECPG,EEFT,EFSC,ENTG,ESPR,ETSY,EXC,FAMI,FFIV,FITB,FIZZ,FMBH,FOX,FTNT,FULT,GABC,GEN,GH,GMAB,GNPX,GO,GOGL,GOOG,GPRO,GSHD,GSM,GWAV,HAIN,HBAN,HEPA,HURN,HWKN,IBIO,ICFI,IGMS,IMKTA,INCY,INO,IRDM,IRTC,IRWD,ITCI,JACK,JD,JJSF,KALA,KHC,KLAC,KRRO,KRYS,LANC,LBTYA,LIVN,LKCO,LNTH,LOGI,LPRO,LRCX,LSCC,LSTR,MAR,MARA,MCHP,MEOH,META,MGTX,MKSI,MMYT,MORN,MRUS,MTLS,MTSI,MVIS,MXL,NBIX,NFE,NMIH,NMRK,NNDM,NSIT,NTCT,NVAX,OCUL,ODP,OLED,ONB,OTEX,PACB,PATK,PAYX,PEP,PERI,PI,PLYA,PRDO,PRGS,PTGX,QCOM,QCRH,QDEL,QFIN,RGEN,RILY,RPAY,RPD,SABR,SEDG,SHEN,SIRI,SLNO,SNDL,SNEX,SONO,SPT,SSNC,STGW,STKL,STRL,STX,SWTX,SYNA,TFSL,TIGR,TNXP,TOWN,TRI,TRIP,TRMB,TRNS,TRS,TSCO,TSEM,TVTX,TXRH,VC,VCEL,VECO,VIAV,VICR,VIR,VRTX,VSTM,VTRS,WDFC,WSBC,WSC,WYNN,XENE,XNCR,XRAY,ZS
ACET,0.0,0.909,0.485,-0.524,-0.518,-0.115,0.531,-0.434,-0.822,-0.849,0.787,0.678,0.441,0.794,-0.011,-0.365,-0.598,-0.664,-0.903,0.075,-0.08,-0.84,0.552,0.495,-0.793,0.699,-0.541,-0.606,0.064,-0.758,-0.786,0.795,0.737,0.223,0.711,0.689,-0.058,-0.689,0.613,-0.749,0.458,-0.748,0.864,-0.873,0.688,-0.623,0.638,0.491,0.1,0.325,-0.021,-0.782,-0.754,0.509,0.913,0.574,0.792,-0.804,-0.428,0.795,-0.696,-0.431,-0.136,-0.632,-0.696,-0.617,-0.505,0.566,-0.645,0.865,0.918,-0.583,-0.304,0.715,-0.373,0.41,0.625,-0.747,-0.172,-0.372,-0.684,0.867,0.261,0.465,-0.189,0.77,0.827,0.534,0.84,-0.704,0.914,0.853,0.72,0.743,0.481,0.717,-0.777,0.496,-0.829,0.81,0.717,0.72,-0.392,0.754,-0.2,-0.421,-0.776,0.326,0.058,0.619,-0.049,-0.341,0.451,-0.89,-0.257,-0.839,-0.592,-0.8,-0.476,-0.81,-0.679,-0.846,-0.753,0.864,0.611,-0.654,-0.498,0.774,-0.87,-0.624,0.49,-0.145,0.544,-0.509,-0.502,-0.291,-0.311,-0.486,-0.038,0.884,0.674,-0.705,-0.156,0.118,-0.829,-0.567,-0.622,-0.546,0.464,0.806,-0.808,-0.368,0.076,-0.411,0.439,0.309,0.26,-0.163,-0.839,0.7,0.68,0.5,-0.298,-0.037,-0.783,0.869,-0.874,-0.387,-0.145,-0.725,-0.61,-0.27,0.308,-0.759,-0.274,0.511,0.056,-0.418,-0.313,0.84,0.683,-0.595,-0.213,-0.169,0.201,-0.721,-0.77,-0.84,-0.73,0.909,-0.77,0.432,-0.039,-0.758,0.347,0.804,0.722,-0.165,0.87,-0.665
ADAP,0.909,0.0,0.436,-0.497,-0.626,-0.024,0.678,-0.561,-0.929,-0.923,0.859,0.805,0.618,0.882,-0.242,-0.218,-0.564,-0.781,-0.922,-0.04,0.078,-0.907,0.549,0.571,-0.797,0.835,-0.489,-0.52,0.104,-0.821,-0.715,0.791,0.803,0.35,0.663,0.807,0.039,-0.819,0.738,-0.827,0.552,-0.8,0.936,-0.949,0.834,-0.754,0.583,0.333,0.145,0.451,-0.086,-0.812,-0.862,0.349,0.931,0.729,0.766,-0.916,-0.448,0.877,-0.727,-0.369,-0.344,-0.71,-0.683,-0.534,-0.636,0.534,-0.569,0.795,0.971,-0.724,-0.2,0.867,-0.416,0.348,0.774,-0.785,-0.095,-0.552,-0.743,0.963,0.287,0.486,-0.113,0.853,0.9,0.658,0.785,-0.67,0.932,0.862,0.722,0.852,0.446,0.864,-0.897,0.595,-0.883,0.926,0.821,0.819,-0.227,0.794,-0.225,-0.61,-0.892,0.225,0.184,0.688,-0.008,-0.472,0.598,-0.945,-0.398,-0.915,-0.662,-0.925,-0.534,-0.802,-0.781,-0.926,-0.861,0.962,0.785,-0.752,-0.501,0.849,-0.924,-0.674,0.486,-0.185,0.596,-0.668,-0.509,-0.331,-0.379,-0.475,-0.084,0.937,0.778,-0.818,-0.091,0.192,-0.926,-0.578,-0.641,-0.582,0.546,0.891,-0.836,-0.403,-0.043,-0.409,0.58,0.273,0.206,-0.068,-0.861,0.714,0.698,0.625,-0.482,0.018,-0.808,0.93,-0.928,-0.553,-0.281,-0.849,-0.485,-0.195,0.511,-0.745,-0.5,0.562,0.072,-0.5,-0.336,0.931,0.738,-0.578,-0.236,-0.185,0.081,-0.872,-0.868,-0.924,-0.827,0.955,-0.837,0.474,-0.123,-0.767,0.214,0.882,0.781,-0.183,0.943,-0.811
ADI,0.485,0.436,0.0,-0.628,-0.095,0.048,0.401,0.165,-0.369,-0.383,0.242,0.199,0.324,0.428,0.21,0.065,-0.343,-0.106,-0.416,0.425,0.299,-0.147,0.666,0.666,-0.138,0.496,-0.015,-0.175,-0.181,-0.108,-0.345,0.75,0.589,0.385,0.678,0.389,0.292,-0.073,0.098,-0.057,0.422,-0.261,0.317,-0.302,0.315,-0.077,0.508,0.517,-0.152,0.151,0.57,-0.213,-0.174,0.514,0.386,0.008,0.487,-0.224,0.108,0.534,-0.092,-0.05,0.323,0.051,-0.178,-0.38,0.113,0.401,-0.309,0.409,0.457,-0.03,0.001,0.366,-0.049,0.422,0.16,-0.089,-0.063,-0.132,0.047,0.394,0.495,0.065,0.071,0.306,0.221,0.154,0.445,-0.359,0.431,0.433,0.607,0.155,0.49,0.175,-0.145,0.513,-0.438,0.234,0.29,0.396,-0.717,0.284,0.1,-0.121,-0.125,0.619,0.368,0.641,0.19,0.447,0.339,-0.263,0.443,-0.273,-0.014,-0.168,0.239,-0.171,0.062,-0.206,-0.087,0.328,0.245,0.118,0.212,0.284,-0.252,0.023,0.01,0.072,0.096,0.114,0.165,0.236,0.481,0.051,0.253,0.445,0.09,-0.149,0.162,0.364,-0.307,0.041,-0.118,0.073,0.613,0.374,-0.398,-0.114,0.499,-0.21,0.224,0.415,0.615,0.291,-0.307,0.384,0.542,0.07,0.119,0.516,-0.149,0.364,-0.453,0.194,0.063,-0.01,-0.16,-0.318,0.15,-0.176,0.214,0.717,0.66,-0.068,0.115,0.283,0.526,0.079,0.344,0.461,-0.023,-0.163,-0.068,-0.26,-0.228,0.395,-0.297,0.412,0.032,-0.151,0.385,0.555,0.283,-0.119,0.562,-0.162
ADPT,-0.524,-0.497,-0.628,0.0,0.24,0.337,-0.094,-0.09,0.467,0.53,-0.346,-0.198,-0.104,-0.463,0.025,0.075,0.727,0.15,0.564,-0.548,0.034,0.287,-0.591,-0.225,0.307,-0.39,0.438,0.511,0.192,0.222,0.702,-0.528,-0.539,-0.176,-0.696,-0.205,-0.133,0.176,-0.001,0.301,-0.245,0.271,-0.434,0.466,-0.22,0.241,-0.474,-0.145,0.167,-0.269,-0.272,0.328,0.309,-0.728,-0.486,0.035,-0.55,0.329,0.062,-0.632,0.131,0.361,-0.082,0.007,0.335,0.778,0.16,-0.615,0.652,-0.415,-0.458,0.088,0.261,-0.174,0.021,-0.608,-0.237,0.294,0.126,0.23,0.185,-0.422,-0.043,0.083,-0.09,-0.563,-0.264,0.037,-0.642,0.482,-0.375,-0.604,-0.56,-0.196,-0.558,-0.184,0.286,-0.295,0.536,-0.363,-0.303,-0.268,0.564,-0.489,-0.011,0.316,0.249,-0.241,0.092,-0.414,0.145,-0.126,-0.12,0.5,-0.277,0.427,0.251,0.391,0.056,0.453,0.127,0.385,0.211,-0.387,-0.092,0.21,-0.161,-0.144,0.434,0.048,0.257,0.246,0.135,-0.066,-0.052,0.318,0.001,0.079,-0.07,-0.479,-0.102,0.526,0.134,-0.159,0.359,0.34,0.539,0.046,-0.489,-0.44,0.54,0.487,-0.423,0.362,-0.251,-0.403,-0.429,-0.28,0.506,-0.365,-0.697,0.025,-0.047,-0.047,0.437,-0.431,0.608,-0.122,-0.207,0.26,0.401,0.621,-0.192,0.328,0.086,-0.301,-0.158,0.041,0.001,-0.282,-0.397,0.324,-0.37,-0.145,0.068,0.348,0.245,0.423,0.356,-0.448,0.573,0.026,0.352,0.385,-0.436,-0.466,-0.464,0.085,-0.486,0.421
ADTN,-0.518,-0.626,-0.095,0.24,0.0,0.162,-0.381,0.469,0.625,0.603,-0.669,-0.428,-0.224,-0.32,0.316,0.358,0.311,0.712,0.669,0.458,0.148,0.633,-0.196,-0.26,0.732,-0.425,0.44,0.416,0.24,0.67,0.511,-0.536,-0.367,0.183,-0.248,-0.654,0.473,0.607,-0.476,0.699,-0.164,0.765,-0.606,0.698,-0.427,0.526,-0.112,-0.302,0.194,0.103,0.442,0.831,0.471,-0.032,-0.669,-0.524,-0.437,0.708,0.782,-0.446,0.814,0.486,0.255,0.726,0.747,0.411,0.529,-0.209,0.23,-0.391,-0.65,0.511,0.432,-0.577,0.519,-0.251,-0.404,0.841,0.567,0.414,0.599,-0.558,-0.222,-0.477,0.445,-0.381,-0.581,-0.479,-0.334,0.708,-0.62,-0.563,-0.532,-0.554,-0.262,-0.642,0.627,-0.094,0.751,-0.562,-0.43,-0.601,0.028,-0.412,0.604,0.385,0.647,-0.091,-0.194,-0.412,0.218,0.626,-0.111,0.613,0.507,0.668,0.493,0.676,0.435,0.715,0.655,0.693,0.764,-0.673,-0.519,0.625,0.699,-0.662,0.75,0.75,-0.491,0.503,-0.261,0.607,0.677,0.376,0.468,0.641,0.518,-0.741,-0.784,0.514,0.143,0.193,0.691,0.351,0.295,0.761,0.055,-0.711,0.812,0.525,0.141,0.14,0.014,-0.313,0.287,-0.064,0.723,-0.117,-0.209,-0.341,0.59,0.38,0.8,-0.477,0.664,0.625,0.423,0.706,0.413,-0.119,-0.226,0.811,0.374,-0.244,0.235,0.691,0.587,-0.679,-0.411,0.394,0.482,0.286,0.39,0.592,0.736,0.629,0.73,-0.632,0.463,-0.209,-0.014,0.77,0.206,-0.416,-0.206,0.629,-0.648,0.531
AGEN,-0.115,-0.024,0.048,0.337,0.162,0.0,0.568,-0.159,-0.147,-0.041,0.193,0.355,0.497,0.06,-0.418,0.5,0.585,-0.263,0.193,-0.492,0.615,-0.023,-0.451,0.368,0.27,0.18,0.635,0.617,0.32,-0.123,0.456,-0.06,0.211,0.174,-0.221,0.338,0.384,-0.301,0.433,-0.028,0.258,-0.164,-0.025,-0.029,0.318,-0.284,-0.212,-0.228,0.452,0.1,-0.196,0.056,-0.217,-0.572,-0.197,0.348,-0.173,-0.128,0.149,-0.083,0.049,0.637,-0.362,0.0,0.302,0.588,-0.197,-0.508,0.417,-0.231,-0.028,-0.426,0.688,0.229,-0.429,-0.512,0.359,0.175,0.301,-0.425,-0.125,0.081,0.263,0.423,0.137,0.08,0.208,0.494,-0.39,0.457,-0.025,-0.306,-0.001,0.173,-0.432,0.265,-0.1,0.146,0.016,0.111,0.315,0.318,0.305,-0.43,-0.183,-0.324,-0.129,0.269,0.573,0.057,0.707,-0.064,0.536,0.097,-0.147,0.102,0.004,0.0,0.012,0.363,-0.062,0.023,-0.148,0.05,0.477,-0.035,0.076,0.201,0.021,-0.212,0.223,0.221,0.301,-0.337,0.142,0.333,0.153,-0.093,-0.162,-0.037,0.066,0.037,0.335,0.015,-0.173,0.156,0.531,-0.049,0.219,0.161,0.181,-0.022,-0.271,0.256,0.169,-0.402,-0.154,0.334,0.084,-0.096,-0.075,0.51,-0.401,0.321,0.328,0.046,0.027,-0.338,-0.544,0.015,0.676,0.675,0.587,0.28,-0.3,0.237,0.438,-0.325,-0.01,0.069,0.308,0.483,-0.228,-0.187,-0.072,-0.189,-0.054,-0.002,0.098,-0.084,0.248,0.397,-0.209,0.22,-0.441,0.039,-0.009,0.228,0.071,-0.139
ALGN,0.531,0.678,0.401,-0.094,-0.381,0.568,0.0,-0.542,-0.712,-0.609,0.737,0.791,0.824,0.612,-0.449,0.189,0.072,-0.72,-0.519,-0.364,0.537,-0.637,0.164,0.773,-0.35,0.807,0.166,0.069,0.225,-0.615,-0.145,0.583,0.705,0.417,0.293,0.834,0.246,-0.737,0.805,-0.55,0.637,-0.695,0.64,-0.658,0.816,-0.687,0.235,0.199,0.253,0.364,-0.152,-0.536,-0.681,-0.197,0.518,0.717,0.363,-0.718,-0.224,0.539,-0.506,0.146,-0.444,-0.51,-0.307,0.045,-0.529,0.022,-0.007,0.376,0.688,-0.759,0.293,0.845,-0.528,-0.131,0.756,-0.427,0.085,-0.7,-0.569,0.713,0.434,0.638,0.03,0.567,0.719,0.897,0.25,-0.219,0.632,0.418,0.556,0.7,0.031,0.772,-0.631,0.547,-0.614,0.703,0.745,0.851,-0.016,0.257,-0.199,-0.612,-0.662,0.459,0.661,0.671,0.494,-0.3,0.815,-0.534,-0.376,-0.515,-0.378,-0.61,-0.333,-0.261,-0.506,-0.619,-0.683,0.687,0.879,-0.501,-0.257,0.713,-0.6,-0.592,0.458,-0.095,0.685,-0.638,-0.27,0.151,-0.012,-0.322,-0.104,0.65,0.652,-0.493,0.288,0.171,-0.751,-0.165,-0.001,-0.442,0.511,0.742,-0.466,-0.247,-0.234,-0.012,0.447,0.041,0.071,0.219,-0.545,0.408,0.444,0.768,-0.613,0.28,-0.322,0.659,-0.596,-0.604,-0.621,-0.55,0.134,0.343,0.725,-0.339,-0.525,0.627,0.472,-0.615,-0.233,0.707,0.747,-0.056,-0.307,-0.104,-0.065,-0.701,-0.6,-0.585,-0.558,0.647,-0.349,0.594,-0.089,-0.412,-0.128,0.699,0.473,-0.11,0.771,-0.632
ALLK,-0.434,-0.561,0.165,-0.09,0.469,-0.159,-0.542,0.0,0.56,0.511,-0.604,-0.782,-0.54,-0.49,0.579,-0.02,-0.01,0.748,0.563,0.517,-0.11,0.74,0.107,-0.198,0.561,-0.626,0.177,0.291,-0.163,0.79,0.24,-0.152,-0.489,-0.015,0.118,-0.497,0.217,0.791,-0.844,0.784,-0.067,0.522,-0.602,0.67,-0.705,0.832,-0.222,-0.099,-0.377,-0.373,0.512,0.586,0.7,0.374,-0.452,-0.794,-0.304,0.732,0.495,-0.424,0.6,0.016,0.66,0.808,0.531,-0.018,0.843,0.062,0.208,-0.311,-0.551,0.809,-0.127,-0.618,0.586,0.283,-0.805,0.601,-0.076,0.678,0.794,-0.649,0.196,-0.342,0.182,-0.458,-0.746,-0.707,-0.336,0.286,-0.508,-0.298,-0.075,-0.738,0.235,-0.765,0.682,-0.336,0.545,-0.72,-0.723,-0.448,-0.275,-0.245,0.103,0.67,0.696,-0.178,-0.202,-0.326,-0.032,0.603,-0.459,0.641,0.768,0.483,0.763,0.728,0.757,0.412,0.715,0.755,0.718,-0.595,-0.595,0.72,0.564,-0.661,0.605,0.699,-0.518,0.316,-0.577,0.7,0.641,0.143,0.65,0.523,0.432,-0.523,-0.698,0.607,0.077,0.14,0.713,0.614,0.185,0.651,-0.118,-0.53,0.365,0.152,0.742,-0.007,-0.292,0.231,0.331,0.156,0.617,-0.326,-0.138,-0.798,0.769,0.319,0.54,-0.627,0.523,0.871,0.703,0.608,0.155,-0.238,-0.597,0.464,0.586,-0.06,0.241,0.615,0.555,-0.741,-0.629,0.567,0.564,0.443,0.071,0.76,0.689,0.536,0.758,-0.542,0.333,-0.376,0.213,0.551,0.094,-0.561,-0.465,0.262,-0.494,0.719
AMD,-0.822,-0.929,-0.369,0.467,0.625,-0.147,-0.712,0.56,0.0,0.964,-0.915,-0.839,-0.641,-0.858,0.373,0.098,0.456,0.869,0.851,0.188,-0.106,0.884,-0.353,-0.581,0.762,-0.808,0.405,0.374,-0.188,0.847,0.642,-0.71,-0.825,-0.263,-0.585,-0.87,-0.054,0.873,-0.773,0.819,-0.62,0.844,-0.877,0.956,-0.835,0.82,-0.404,-0.189,-0.266,-0.363,0.228,0.825,0.9,-0.21,-0.836,-0.799,-0.69,0.943,0.493,-0.856,0.707,0.305,0.466,0.72,0.627,0.434,0.703,-0.417,0.512,-0.681,-0.903,0.817,0.08,-0.833,0.522,-0.256,-0.824,0.783,0.057,0.636,0.771,-0.937,-0.35,-0.596,0.063,-0.886,-0.91,-0.729,-0.649,0.55,-0.866,-0.745,-0.713,-0.832,-0.337,-0.909,0.943,-0.52,0.861,-0.905,-0.854,-0.863,0.142,-0.639,0.397,0.701,0.943,-0.169,-0.211,-0.574,-0.082,0.587,-0.629,0.92,0.429,0.91,0.693,0.909,0.524,0.757,0.84,0.892,0.908,-0.928,-0.866,0.799,0.465,-0.843,0.927,0.757,-0.534,0.167,-0.556,0.791,0.489,0.41,0.436,0.6,0.214,-0.919,-0.746,0.877,0.116,-0.153,0.953,0.6,0.546,0.646,-0.566,-0.914,0.821,0.549,0.123,0.439,-0.52,-0.08,-0.163,-0.065,0.839,-0.617,-0.661,-0.683,0.592,-0.012,0.749,-0.879,0.931,0.652,0.365,0.884,0.368,0.009,-0.635,0.71,0.584,-0.505,-0.047,0.595,0.339,-0.912,-0.769,0.457,0.344,0.36,0.001,0.93,0.896,0.955,0.774,-0.91,0.779,-0.427,0.208,0.756,-0.02,-0.789,-0.715,0.089,-0.912,0.875
AMWD,-0.849,-0.923,-0.383,0.53,0.603,-0.041,-0.609,0.511,0.964,0.0,-0.849,-0.783,-0.53,-0.872,0.291,0.183,0.581,0.809,0.855,0.072,0.009,0.858,-0.428,-0.508,0.803,-0.753,0.542,0.477,-0.157,0.835,0.747,-0.711,-0.758,-0.263,-0.649,-0.783,-0.051,0.83,-0.713,0.8,-0.536,0.777,-0.87,0.941,-0.777,0.764,-0.428,-0.22,-0.239,-0.339,0.132,0.81,0.883,-0.327,-0.846,-0.723,-0.751,0.91,0.471,-0.839,0.687,0.386,0.371,0.687,0.657,0.509,0.636,-0.502,0.622,-0.743,-0.89,0.733,0.167,-0.76,0.449,-0.347,-0.753,0.767,0.025,0.536,0.741,-0.93,-0.279,-0.525,0.134,-0.867,-0.873,-0.608,-0.723,0.577,-0.858,-0.777,-0.707,-0.785,-0.398,-0.834,0.941,-0.526,0.826,-0.867,-0.808,-0.788,0.249,-0.716,0.368,0.634,0.922,-0.107,-0.049,-0.521,-0.021,0.558,-0.543,0.936,0.361,0.934,0.704,0.896,0.464,0.809,0.83,0.868,0.863,-0.9,-0.78,0.789,0.494,-0.821,0.924,0.71,-0.511,0.126,-0.456,0.711,0.499,0.434,0.466,0.582,0.176,-0.888,-0.705,0.85,0.219,-0.164,0.918,0.648,0.663,0.615,-0.552,-0.86,0.83,0.481,0.053,0.539,-0.535,-0.083,-0.185,0.03,0.821,-0.686,-0.631,-0.606,0.473,0.017,0.78,-0.871,0.952,0.561,0.24,0.86,0.482,0.13,-0.532,0.731,0.479,-0.495,0.031,0.526,0.336,-0.877,-0.701,0.481,0.264,0.364,-0.079,0.883,0.897,0.974,0.77,-0.885,0.863,-0.409,0.212,0.75,-0.055,-0.781,-0.772,0.112,-0.874,0.827
ARDX,0.787,0.859,0.242,-0.346,-0.669,0.193,0.737,-0.604,-0.915,-0.849,0.0,0.783,0.575,0.694,-0.397,-0.211,-0.274,-0.91,-0.815,-0.378,0.075,-0.875,0.181,0.535,-0.73,0.747,-0.334,-0.315,0.118,-0.847,-0.594,0.628,0.729,0.068,0.443,0.842,-0.106,-0.867,0.756,-0.857,0.574,-0.915,0.849,-0.922,0.769,-0.809,0.264,0.165,0.132,0.264,-0.456,-0.859,-0.81,0.116,0.825,0.771,0.558,-0.925,-0.609,0.714,-0.786,-0.352,-0.518,-0.758,-0.658,-0.403,-0.727,0.331,-0.326,0.571,0.859,-0.827,-0.166,0.784,-0.601,0.125,0.793,-0.839,-0.252,-0.684,-0.835,0.829,0.308,0.739,-0.154,0.809,0.882,0.803,0.519,-0.545,0.823,0.729,0.721,0.804,0.236,0.887,-0.852,0.337,-0.862,0.86,0.769,0.895,0.024,0.541,-0.475,-0.641,-0.885,0.255,0.303,0.517,0.14,-0.617,0.547,-0.842,-0.544,-0.792,-0.651,-0.872,-0.57,-0.713,-0.768,-0.895,-0.936,0.894,0.841,-0.849,-0.521,0.803,-0.92,-0.854,0.527,-0.366,0.576,-0.8,-0.573,-0.399,-0.45,-0.66,-0.324,0.886,0.832,-0.812,-0.056,-0.064,-0.918,-0.503,-0.378,-0.743,0.359,0.954,-0.809,-0.643,-0.209,-0.2,0.336,0.164,-0.038,0.117,-0.873,0.422,0.62,0.655,-0.661,-0.185,-0.734,0.782,-0.86,-0.703,-0.484,-0.878,-0.305,0.177,0.607,-0.748,-0.646,0.376,0.019,-0.702,-0.467,0.862,0.704,-0.473,-0.503,-0.452,-0.038,-0.875,-0.88,-0.849,-0.754,0.868,-0.621,0.303,-0.158,-0.829,-0.103,0.652,0.569,-0.179,0.866,-0.841
ARQT,0.678,0.805,0.199,-0.198,-0.428,0.355,0.791,-0.782,-0.839,-0.783,0.783,0.0,0.814,0.786,-0.582,0.192,-0.195,-0.817,-0.711,-0.303,0.372,-0.856,0.146,0.523,-0.563,0.845,-0.113,-0.231,0.326,-0.856,-0.383,0.474,0.781,0.377,0.275,0.759,0.159,-0.936,0.948,-0.826,0.428,-0.692,0.795,-0.855,0.925,-0.935,0.435,0.074,0.491,0.564,-0.299,-0.647,-0.937,-0.133,0.633,0.848,0.583,-0.885,-0.302,0.692,-0.571,0.106,-0.669,-0.691,-0.464,-0.133,-0.848,0.064,-0.353,0.515,0.79,-0.943,0.302,0.82,-0.644,-0.044,0.959,-0.578,0.209,-0.793,-0.821,0.886,0.059,0.471,0.011,0.774,0.92,0.83,0.494,-0.337,0.694,0.502,0.403,0.882,0.004,0.892,-0.854,0.611,-0.723,0.919,0.977,0.732,0.037,0.42,-0.164,-0.833,-0.857,0.257,0.347,0.606,0.27,-0.553,0.813,-0.809,-0.547,-0.703,-0.728,-0.86,-0.672,-0.478,-0.789,-0.846,-0.831,0.805,0.85,-0.743,-0.43,0.815,-0.775,-0.712,0.537,-0.097,0.695,-0.756,-0.436,-0.134,-0.452,-0.469,-0.274,0.723,0.682,-0.768,0.074,0.144,-0.905,-0.581,-0.32,-0.564,0.486,0.77,-0.529,-0.259,-0.457,-0.195,0.628,-0.18,-0.05,-0.013,-0.721,0.564,0.496,0.942,-0.734,0.049,-0.595,0.865,-0.758,-0.78,-0.638,-0.718,-0.098,0.129,0.812,-0.456,-0.689,0.441,0.095,-0.642,-0.381,0.856,0.833,-0.413,-0.325,-0.346,0.0,-0.925,-0.812,-0.778,-0.784,0.741,-0.583,0.586,-0.369,-0.554,0.055,0.817,0.759,-0.097,0.764,-0.88
ASTE,0.441,0.618,0.324,-0.104,-0.224,0.497,0.824,-0.54,-0.641,-0.53,0.575,0.814,0.0,0.666,-0.554,0.379,-0.014,-0.537,-0.424,-0.188,0.718,-0.565,0.228,0.698,-0.187,0.78,0.235,0.092,0.258,-0.505,-0.024,0.492,0.722,0.671,0.253,0.722,0.505,-0.671,0.758,-0.502,0.643,-0.49,0.628,-0.584,0.857,-0.657,0.481,-0.003,0.435,0.688,-0.063,-0.307,-0.697,-0.19,0.45,0.666,0.393,-0.658,0.053,0.587,-0.283,0.321,-0.527,-0.348,-0.089,0.064,-0.558,-0.031,-0.064,0.356,0.633,-0.733,0.459,0.791,-0.436,-0.107,0.789,-0.245,0.263,-0.687,-0.472,0.703,0.317,0.374,0.305,0.609,0.668,0.748,0.266,-0.141,0.541,0.369,0.364,0.759,0.103,0.704,-0.586,0.626,-0.534,0.743,0.8,0.671,0.061,0.222,-0.037,-0.683,-0.604,0.303,0.645,0.694,0.403,-0.229,0.945,-0.523,-0.272,-0.473,-0.362,-0.603,-0.341,-0.132,-0.455,-0.581,-0.57,0.629,0.807,-0.379,-0.1,0.623,-0.487,-0.392,0.31,0.108,0.759,-0.544,-0.023,0.122,-0.053,-0.04,0.048,0.545,0.445,-0.537,0.431,0.4,-0.673,-0.223,-0.088,-0.166,0.56,0.619,-0.319,-0.082,-0.269,-0.042,0.652,-0.075,0.188,0.21,-0.434,0.445,0.521,0.789,-0.575,0.443,-0.229,0.68,-0.471,-0.553,-0.591,-0.468,0.271,0.172,0.767,-0.104,-0.611,0.589,0.486,-0.4,-0.01,0.648,0.71,-0.076,-0.076,0.058,-0.02,-0.693,-0.503,-0.528,-0.499,0.574,-0.396,0.601,-0.23,-0.186,0.148,0.724,0.556,0.028,0.667,-0.635
AUPH,0.794,0.882,0.428,-0.463,-0.32,0.06,0.612,-0.49,-0.858,-0.872,0.694,0.786,0.666,0.0,-0.223,-0.015,-0.528,-0.626,-0.746,0.158,0.156,-0.799,0.534,0.564,-0.635,0.808,-0.381,-0.364,0.332,-0.669,-0.586,0.649,0.811,0.521,0.663,0.68,0.331,-0.706,0.69,-0.64,0.617,-0.543,0.849,-0.813,0.843,-0.675,0.608,0.182,0.395,0.601,0.12,-0.562,-0.849,0.334,0.785,0.708,0.727,-0.794,-0.16,0.876,-0.474,-0.221,-0.346,-0.539,-0.397,-0.351,-0.543,0.552,-0.615,0.735,0.829,-0.649,0.024,0.775,-0.205,0.311,0.766,-0.533,0.3,-0.448,-0.606,0.927,0.27,0.352,0.142,0.88,0.823,0.562,0.791,-0.372,0.813,0.707,0.573,0.767,0.423,0.766,-0.856,0.721,-0.646,0.859,0.814,0.678,-0.266,0.751,-0.03,-0.61,-0.831,0.098,0.042,0.534,0.068,-0.334,0.664,-0.864,-0.254,-0.83,-0.606,-0.806,-0.423,-0.623,-0.698,-0.777,-0.687,0.835,0.747,-0.625,-0.251,0.741,-0.741,-0.46,0.418,0.154,0.571,-0.582,-0.268,-0.285,-0.3,-0.277,0.152,0.747,0.529,-0.791,-0.148,0.419,-0.802,-0.606,-0.689,-0.324,0.764,0.701,-0.586,-0.201,-0.034,-0.598,0.773,0.048,0.451,-0.119,-0.63,0.875,0.668,0.61,-0.292,0.266,-0.583,0.892,-0.807,-0.427,-0.116,-0.721,-0.386,-0.261,0.521,-0.468,-0.476,0.556,0.15,-0.222,-0.045,0.824,0.694,-0.472,-0.091,-0.132,0.356,-0.819,-0.717,-0.864,-0.64,0.843,-0.835,0.48,-0.179,-0.516,0.302,0.837,0.877,0.138,0.793,-0.767
AVXL,-0.011,-0.242,0.21,0.025,0.316,-0.418,-0.449,0.579,0.373,0.291,-0.397,-0.582,-0.554,-0.223,0.0,-0.467,-0.109,0.464,0.202,0.468,-0.467,0.352,0.303,-0.062,0.102,-0.402,-0.205,-0.135,-0.167,0.427,-0.037,0.089,-0.349,-0.123,0.256,-0.351,-0.114,0.603,-0.564,0.491,-0.102,0.321,-0.31,0.388,-0.496,0.661,0.062,0.437,-0.385,-0.381,0.506,0.237,0.503,0.537,-0.065,-0.479,-0.086,0.468,0.161,-0.177,0.195,-0.33,0.698,0.314,0.077,-0.13,0.713,0.35,-0.076,0.158,-0.21,0.672,-0.437,-0.325,0.544,0.294,-0.646,0.208,-0.188,0.733,0.516,-0.332,0.227,-0.2,-0.126,-0.387,-0.406,-0.522,0.081,-0.081,-0.063,0.018,0.013,-0.472,0.337,-0.484,0.4,-0.103,0.306,-0.48,-0.555,-0.329,-0.409,0.131,0.227,0.781,0.413,-0.01,-0.376,-0.195,-0.182,0.463,-0.508,0.311,0.489,0.219,0.429,0.454,0.499,0.014,0.425,0.397,0.46,-0.293,-0.487,0.463,0.135,-0.299,0.335,0.413,-0.058,0.243,-0.215,0.499,0.166,0.089,0.418,0.272,0.491,-0.207,-0.362,0.46,-0.187,0.052,0.441,0.318,-0.076,0.326,-0.115,-0.387,0.112,0.317,0.584,-0.181,-0.289,0.371,0.381,-0.306,0.307,0.037,-0.125,-0.643,0.723,0.123,0.18,-0.313,0.274,0.674,0.693,0.375,-0.383,-0.323,-0.773,0.025,0.762,-0.02,0.059,0.537,0.278,-0.328,-0.406,0.07,0.247,0.355,0.345,0.584,0.41,0.286,0.385,-0.155,0.132,-0.221,0.653,0.159,0.289,-0.224,-0.254,0.119,-0.23,0.574
AZTA,-0.365,-0.218,0.065,0.075,0.358,0.5,0.189,-0.02,0.098,0.183,-0.211,0.192,0.379,-0.015,-0.467,0.0,0.357,0.155,0.293,0.001,0.703,0.216,-0.227,0.078,0.485,0.118,0.684,0.464,0.375,0.228,0.492,-0.257,0.188,0.329,-0.256,-0.043,0.501,0.007,0.081,0.199,0.031,0.277,-0.208,0.187,0.143,-0.126,-0.019,-0.32,0.417,0.295,0.165,0.394,-0.005,-0.428,-0.425,0.009,-0.164,0.159,0.495,-0.053,0.472,0.763,-0.261,0.299,0.484,0.429,-0.144,-0.461,0.195,-0.469,-0.25,-0.137,0.847,-0.077,-0.024,-0.285,0.208,0.491,0.553,-0.279,0.167,-0.099,-0.084,-0.241,0.513,0.016,-0.103,0.081,-0.28,0.507,-0.375,-0.472,-0.31,-0.071,-0.348,-0.034,0.148,0.12,0.233,-0.043,0.218,-0.085,0.131,-0.455,0.286,-0.345,0.16,0.145,0.361,0.06,0.297,0.223,0.402,0.249,0.074,0.289,0.115,0.18,0.051,0.535,0.188,0.234,0.222,-0.216,0.069,0.282,0.491,-0.188,0.29,0.278,-0.206,0.257,-0.015,0.051,0.466,0.381,0.267,0.265,-0.046,-0.294,-0.329,0.078,0.368,0.243,0.096,0.143,0.388,0.335,0.271,-0.172,0.466,0.173,-0.155,0.155,0.208,-0.387,0.044,0.468,0.317,-0.136,-0.044,0.279,-0.165,0.428,0.432,-0.103,0.234,-0.047,-0.247,0.298,0.634,0.182,0.489,0.591,-0.224,0.118,0.351,0.071,0.33,-0.18,0.2,0.401,0.225,0.19,-0.169,-0.018,0.274,0.235,0.192,-0.311,0.276,0.259,-0.477,0.494,0.03,-0.008,0.069,0.28,-0.172,-0.035
BAND,-0.598,-0.564,-0.343,0.727,0.311,0.585,0.072,-0.01,0.456,0.581,-0.274,-0.195,-0.014,-0.528,-0.109,0.357,0.0,0.138,0.601,-0.577,0.293,0.384,-0.711,-0.064,0.528,-0.299,0.734,0.671,0.132,0.317,0.789,-0.516,-0.357,-0.274,-0.716,-0.184,-0.052,0.234,-0.049,0.353,-0.181,0.252,-0.525,0.494,-0.209,0.18,-0.549,-0.15,0.111,-0.314,-0.259,0.368,0.405,-0.766,-0.589,-0.019,-0.707,0.39,0.108,-0.57,0.221,0.505,-0.095,0.143,0.408,0.82,0.137,-0.681,0.794,-0.664,-0.525,0.057,0.455,-0.25,-0.087,-0.65,-0.174,0.389,0.079,-0.012,0.218,-0.5,0.053,0.143,0.02,-0.522,-0.292,0.134,-0.731,0.61,-0.494,-0.687,-0.455,-0.308,-0.666,-0.183,0.437,-0.312,0.477,-0.422,-0.278,-0.201,0.527,-0.728,0.026,0.189,0.377,0.188,0.398,-0.339,0.381,0.163,-0.064,0.613,-0.175,0.635,0.336,0.481,0.128,0.657,0.358,0.441,0.297,-0.44,-0.08,0.315,0.159,-0.275,0.505,0.093,0.074,0.024,0.029,0.01,0.131,0.427,0.282,0.102,-0.12,-0.487,-0.198,0.532,0.252,-0.314,0.366,0.44,0.857,0.114,-0.338,-0.36,0.587,0.241,-0.359,0.532,-0.419,-0.262,-0.372,0.192,0.484,-0.575,-0.527,0.027,-0.166,0.039,0.586,-0.512,0.591,-0.1,-0.364,0.428,0.615,0.765,0.011,0.457,0.034,-0.262,0.154,-0.037,0.019,-0.37,-0.187,0.458,-0.342,-0.061,-0.121,0.35,0.417,0.577,0.427,-0.514,0.812,-0.004,0.134,0.403,-0.496,-0.5,-0.562,0.115,-0.444,0.348
BECN,-0.664,-0.781,-0.106,0.15,0.712,-0.263,-0.72,0.748,0.869,0.809,-0.91,-0.817,-0.537,-0.626,0.464,0.155,0.138,0.0,0.758,0.574,-0.046,0.862,-0.013,-0.472,0.751,-0.731,0.317,0.254,-0.135,0.921,0.483,-0.492,-0.635,0.046,-0.225,-0.813,0.238,0.912,-0.855,0.875,-0.387,0.868,-0.747,0.886,-0.784,0.873,-0.12,-0.175,-0.209,-0.162,0.553,0.876,0.811,0.139,-0.702,-0.874,-0.459,0.928,0.7,-0.613,0.837,0.269,0.597,0.881,0.701,0.193,0.785,-0.157,0.272,-0.467,-0.77,0.883,0.084,-0.782,0.699,0.045,-0.817,0.843,0.179,0.722,0.879,-0.804,-0.208,-0.705,0.295,-0.655,-0.894,-0.841,-0.402,0.466,-0.745,-0.548,-0.543,-0.788,-0.031,-0.918,0.875,-0.374,0.791,-0.806,-0.775,-0.806,-0.114,-0.425,0.487,0.671,0.897,-0.198,-0.287,-0.414,-0.136,0.732,-0.49,0.799,0.675,0.745,0.759,0.853,0.633,0.67,0.846,0.872,0.941,-0.832,-0.835,0.876,0.645,-0.848,0.862,0.929,-0.661,0.371,-0.543,0.879,0.711,0.356,0.569,0.774,0.502,-0.815,-0.867,0.752,0.167,0.142,0.919,0.564,0.284,0.856,-0.253,-0.85,0.728,0.521,0.447,0.19,-0.28,0.046,0.212,-0.03,0.823,-0.369,-0.353,-0.75,0.796,0.269,0.719,-0.727,0.821,0.876,0.627,0.844,0.288,-0.314,-0.631,0.751,0.614,-0.301,0.12,0.819,0.623,-0.874,-0.711,0.445,0.65,0.57,0.154,0.889,0.898,0.814,0.812,-0.781,0.527,-0.373,0.132,0.82,0.289,-0.626,-0.496,0.267,-0.775,0.84
BFC,-0.903,-0.922,-0.416,0.564,0.669,0.193,-0.519,0.563,0.851,0.855,-0.815,-0.711,-0.424,-0.746,0.202,0.293,0.601,0.758,0.0,0.039,0.1,0.865,-0.497,-0.429,0.86,-0.762,0.579,0.665,0.031,0.828,0.808,-0.726,-0.757,-0.103,-0.592,-0.694,0.216,0.757,-0.646,0.84,-0.364,0.789,-0.854,0.926,-0.703,0.732,-0.536,-0.423,-0.012,-0.305,0.161,0.871,0.771,-0.391,-0.888,-0.629,-0.733,0.862,0.584,-0.819,0.764,0.46,0.274,0.747,0.83,0.64,0.656,-0.522,0.628,-0.751,-0.909,0.651,0.315,-0.725,0.455,-0.376,-0.7,0.848,0.246,0.522,0.754,-0.872,-0.141,-0.397,0.219,-0.761,-0.834,-0.56,-0.802,0.765,-0.862,-0.825,-0.658,-0.746,-0.379,-0.786,0.806,-0.449,0.901,-0.838,-0.739,-0.692,0.283,-0.727,0.216,0.558,0.8,-0.313,-0.097,-0.627,0.158,0.435,-0.392,0.918,0.401,0.839,0.716,0.875,0.597,0.847,0.73,0.917,0.811,-0.879,-0.607,0.748,0.523,-0.774,0.914,0.679,-0.424,0.375,-0.455,0.573,0.621,0.358,0.449,0.586,0.24,-0.915,-0.757,0.794,0.217,-0.031,0.876,0.614,0.604,0.685,-0.396,-0.833,0.853,0.497,0.071,0.318,-0.373,-0.298,-0.104,0.074,0.921,-0.601,-0.654,-0.536,0.469,0.198,0.875,-0.862,0.926,0.533,0.266,0.778,0.623,0.253,-0.419,0.837,0.376,-0.421,0.076,0.555,0.486,-0.88,-0.733,0.682,0.278,0.249,0.043,0.805,0.819,0.844,0.864,-0.903,0.75,-0.366,0.15,0.872,-0.232,-0.811,-0.677,0.317,-0.876,0.773
BGC,0.075,-0.04,0.425,-0.548,0.458,-0.492,-0.364,0.517,0.188,0.072,-0.378,-0.303,-0.188,0.158,0.468,0.001,-0.577,0.574,0.039,0.0,-0.077,0.271,0.63,-0.045,0.21,-0.073,-0.192,-0.246,-0.042,0.42,-0.237,0.136,0.039,0.418,0.507,-0.375,0.443,0.455,-0.486,0.387,0.047,0.458,-0.072,0.213,-0.219,0.414,0.462,0.059,-0.114,0.295,0.784,0.402,0.192,0.744,-0.007,-0.523,0.237,0.33,0.582,0.165,0.492,-0.096,0.479,0.56,0.275,-0.41,0.458,0.505,-0.449,0.225,-0.073,0.527,-0.108,-0.258,0.628,0.508,-0.309,0.396,0.293,0.432,0.448,-0.079,-0.088,-0.586,0.375,0.06,-0.315,-0.573,0.401,-0.023,-0.086,0.172,0.046,-0.288,0.513,-0.441,0.261,0.213,0.194,-0.176,-0.207,-0.324,-0.608,0.301,0.546,0.262,0.322,-0.073,-0.402,0.075,-0.19,0.593,-0.099,0.064,0.701,0.064,0.28,0.228,0.38,0.063,0.397,0.252,0.476,-0.196,-0.424,0.419,0.548,-0.353,0.249,0.649,-0.542,0.354,-0.275,0.643,0.548,0.041,0.394,0.578,0.652,-0.177,-0.518,0.073,-0.048,0.481,0.314,0.059,-0.431,0.637,0.394,-0.29,0.139,0.247,0.629,-0.347,0.293,0.249,0.707,-0.098,0.22,0.364,0.311,-0.451,0.742,0.412,0.165,-0.017,0.075,0.735,0.734,0.325,-0.223,-0.827,-0.329,0.291,0.399,0.149,0.243,0.698,0.571,-0.275,-0.169,-0.015,0.798,0.575,0.384,0.296,0.379,0.117,0.255,-0.067,-0.251,-0.145,-0.021,0.317,0.722,0.107,0.237,0.296,-0.106,0.24
BHF,-0.08,0.078,0.299,0.034,0.148,0.615,0.537,-0.11,-0.106,0.009,0.075,0.372,0.718,0.156,-0.467,0.703,0.293,-0.046,0.1,-0.077,0.0,0.017,0.009,0.484,0.398,0.388,0.68,0.506,0.176,0.04,0.421,0.143,0.369,0.61,-0.008,0.275,0.647,-0.18,0.301,-0.007,0.328,-0.026,0.133,-0.043,0.419,-0.213,0.223,-0.178,0.277,0.495,0.114,0.218,-0.157,-0.343,-0.081,0.154,0.017,-0.118,0.463,0.108,0.237,0.665,-0.304,0.201,0.4,0.341,-0.152,-0.349,0.284,-0.184,0.107,-0.294,0.69,0.315,-0.191,-0.264,0.378,0.312,0.314,-0.453,0.008,0.153,0.192,0.052,0.423,0.131,0.128,0.366,-0.205,0.248,-0.023,-0.111,0.092,0.237,-0.052,0.162,0.001,0.332,-0.086,0.206,0.37,0.263,0.108,-0.279,0.119,-0.402,-0.019,0.315,0.73,0.447,0.479,0.196,0.709,0.067,0.099,0.084,0.119,-0.037,0.084,0.442,0.124,-0.022,-0.03,0.084,0.389,0.174,0.33,0.096,0.069,0.044,-0.101,0.174,0.326,-0.041,0.445,0.417,0.364,0.342,0.091,0.008,-0.023,-0.038,0.67,0.323,-0.144,0.195,0.377,0.282,0.341,0.186,0.157,0.148,-0.106,0.296,0.361,-0.076,0.104,0.542,0.046,-0.032,0.191,0.425,-0.291,0.553,0.318,0.146,0.036,-0.163,-0.48,0.114,0.719,0.259,0.597,0.426,-0.366,0.445,0.689,-0.139,0.262,0.074,0.376,0.411,0.218,0.403,-0.177,-0.185,0.073,0.056,-0.027,-0.013,0.109,0.434,-0.27,0.337,0.1,0.289,0.132,0.066,0.185,-0.154
BHFAL,-0.84,-0.907,-0.147,0.287,0.633,-0.023,-0.637,0.74,0.884,0.858,-0.875,-0.856,-0.565,-0.799,0.352,0.216,0.384,0.862,0.865,0.271,0.017,0.0,-0.28,-0.398,0.832,-0.762,0.448,0.494,-0.211,0.907,0.625,-0.571,-0.712,-0.152,-0.424,-0.755,0.146,0.891,-0.826,0.898,-0.412,0.809,-0.895,0.938,-0.801,0.849,-0.424,-0.246,-0.258,-0.386,0.345,0.854,0.885,-0.123,-0.845,-0.836,-0.661,0.927,0.588,-0.763,0.776,0.327,0.516,0.849,0.714,0.387,0.787,-0.372,0.486,-0.68,-0.889,0.824,0.155,-0.793,0.511,-0.144,-0.828,0.842,0.055,0.607,0.877,-0.908,-0.126,-0.559,0.16,-0.806,-0.945,-0.735,-0.691,0.554,-0.842,-0.722,-0.555,-0.869,-0.19,-0.906,0.919,-0.459,0.805,-0.93,-0.836,-0.762,0.001,-0.68,0.264,0.662,0.933,-0.16,-0.106,-0.525,0.033,0.668,-0.53,0.928,0.63,0.862,0.756,0.933,0.752,0.78,0.884,0.944,0.918,-0.917,-0.779,0.879,0.619,-0.858,0.917,0.806,-0.607,0.251,-0.638,0.795,0.668,0.43,0.583,0.615,0.243,-0.864,-0.83,0.827,0.2,-0.008,0.928,0.689,0.553,0.734,-0.368,-0.84,0.739,0.44,0.31,0.336,-0.486,-0.081,0.03,0.179,0.846,-0.621,-0.523,-0.724,0.635,0.187,0.824,-0.891,0.862,0.728,0.409,0.89,0.475,0.012,-0.548,0.761,0.615,-0.35,0.133,0.587,0.48,-0.931,-0.713,0.699,0.477,0.446,-0.109,0.908,0.916,0.894,0.843,-0.898,0.723,-0.398,0.158,0.818,-0.06,-0.76,-0.737,0.156,-0.832,0.853
BKNG,0.552,0.549,0.666,-0.591,-0.196,-0.451,0.164,0.107,-0.353,-0.428,0.181,0.146,0.228,0.534,0.303,-0.227,-0.711,-0.013,-0.497,0.63,0.009,-0.28,0.0,0.476,-0.339,0.44,-0.433,-0.485,-0.191,-0.138,-0.52,0.738,0.425,0.559,0.799,0.278,0.242,-0.058,0.018,-0.119,0.402,-0.206,0.461,-0.349,0.268,0.006,0.676,0.415,-0.261,0.355,0.608,-0.229,-0.23,0.73,0.584,-0.019,0.669,-0.264,0.05,0.631,-0.155,-0.353,0.296,-0.016,-0.28,-0.612,0.13,0.661,-0.484,0.663,0.556,0.071,-0.333,0.396,0.222,0.602,0.078,-0.212,-0.079,0.063,0.042,0.468,0.319,-0.14,0.116,0.36,0.222,-0.039,0.678,-0.567,0.513,0.691,0.563,0.274,0.745,0.158,-0.26,0.499,-0.428,0.353,0.217,0.28,-0.636,0.69,0.219,-0.02,-0.223,0.134,-0.019,0.657,-0.201,0.208,0.238,-0.411,0.349,-0.488,-0.065,-0.325,0.127,-0.418,-0.088,-0.311,-0.144,0.432,0.158,-0.009,0.033,0.318,-0.335,0.078,-0.041,0.08,0.162,0.105,0.059,-0.028,0.227,0.232,0.474,0.487,0.167,-0.263,0.088,0.598,-0.282,-0.084,-0.589,0.1,0.451,0.322,-0.498,0.022,0.558,-0.383,0.445,0.489,0.647,-0.124,-0.316,0.591,0.537,-0.064,0.277,0.431,-0.379,0.479,-0.455,0.269,0.324,-0.229,-0.466,-0.684,-0.092,-0.316,0.139,0.641,0.338,0.154,0.16,0.345,0.253,-0.235,0.486,0.484,0.163,-0.175,-0.206,-0.422,-0.307,0.52,-0.612,0.242,0.192,-0.218,0.584,0.606,0.48,-0.125,0.558,-0.159
BL,0.495,0.571,0.666,-0.225,-0.26,0.368,0.773,-0.198,-0.581,-0.508,0.535,0.523,0.698,0.564,-0.062,0.078,-0.064,-0.472,-0.429,-0.045,0.484,-0.398,0.476,0.0,-0.205,0.717,0.109,0.098,0.005,-0.387,-0.17,0.736,0.658,0.533,0.492,0.708,0.373,-0.409,0.503,-0.275,0.713,-0.527,0.495,-0.485,0.639,-0.343,0.401,0.29,0.048,0.314,0.169,-0.351,-0.449,0.107,0.514,0.417,0.459,-0.524,-0.046,0.599,-0.333,-0.002,-0.169,-0.23,-0.17,-0.086,-0.147,0.154,-0.077,0.478,0.613,-0.427,0.161,0.712,-0.334,0.082,0.461,-0.26,-0.05,-0.451,-0.218,0.59,0.616,0.398,0.138,0.4,0.493,0.591,0.296,-0.312,0.589,0.468,0.621,0.48,0.351,0.507,-0.421,0.615,-0.568,0.488,0.525,0.69,-0.332,0.281,-0.134,-0.314,-0.432,0.454,0.594,0.741,0.494,0.007,0.677,-0.382,0.085,-0.408,-0.201,-0.406,0.064,-0.187,-0.209,-0.424,-0.434,0.531,0.677,-0.167,0.005,0.61,-0.412,-0.349,0.332,0.063,0.533,-0.328,0.028,0.207,0.251,-0.047,0.172,0.58,0.38,-0.333,0.366,0.488,-0.557,0.012,-0.02,-0.153,0.54,0.589,-0.475,-0.123,0.103,-0.1,0.427,0.174,0.437,0.22,-0.423,0.39,0.472,0.457,-0.254,0.547,-0.218,0.525,-0.511,-0.243,-0.355,-0.31,0.047,0.109,0.416,-0.244,-0.176,0.795,0.704,-0.355,-0.051,0.546,0.644,0.112,0.048,0.225,0.0,-0.448,-0.362,-0.465,-0.392,0.571,-0.321,0.478,0.205,-0.259,0.106,0.671,0.331,-0.123,0.716,-0.419
BOKF,-0.793,-0.797,-0.138,0.307,0.732,0.27,-0.35,0.561,0.762,0.803,-0.73,-0.563,-0.187,-0.635,0.102,0.485,0.528,0.751,0.86,0.21,0.398,0.832,-0.339,-0.205,0.0,-0.521,0.738,0.688,-0.01,0.805,0.755,-0.581,-0.486,0.136,-0.466,-0.627,0.44,0.693,-0.578,0.774,-0.254,0.749,-0.759,0.827,-0.533,0.615,-0.274,-0.457,-0.013,-0.01,0.251,0.913,0.668,-0.267,-0.824,-0.664,-0.637,0.785,0.772,-0.63,0.856,0.612,0.179,0.873,0.882,0.515,0.57,-0.531,0.529,-0.701,-0.784,0.555,0.494,-0.626,0.343,-0.331,-0.526,0.924,0.268,0.269,0.734,-0.759,-0.177,-0.504,0.43,-0.616,-0.764,-0.497,-0.679,0.694,-0.817,-0.712,-0.56,-0.68,-0.309,-0.742,0.827,-0.255,0.721,-0.711,-0.563,-0.616,0.156,-0.729,0.379,0.378,0.826,-0.051,0.167,-0.331,0.331,0.62,-0.149,0.844,0.557,0.867,0.673,0.801,0.596,0.915,0.832,0.822,0.815,-0.802,-0.55,0.802,0.769,-0.77,0.879,0.736,-0.633,0.275,-0.358,0.67,0.832,0.458,0.584,0.722,0.308,-0.828,-0.8,0.662,0.442,0.109,0.786,0.619,0.649,0.814,-0.181,-0.71,0.814,0.413,0.132,0.459,-0.191,-0.196,0.048,0.319,0.784,-0.56,-0.375,-0.403,0.41,0.35,0.875,-0.716,0.823,0.558,0.15,0.844,0.766,0.093,-0.189,0.933,0.278,-0.251,0.403,0.519,0.511,-0.823,-0.48,0.668,0.529,0.45,-0.055,0.7,0.857,0.843,0.769,-0.816,0.701,-0.293,-0.023,0.885,0.021,-0.576,-0.555,0.296,-0.726,0.62
BRKR,0.699,0.835,0.496,-0.39,-0.425,0.18,0.807,-0.626,-0.808,-0.753,0.747,0.845,0.78,0.808,-0.402,0.118,-0.299,-0.731,-0.762,-0.073,0.388,-0.762,0.44,0.717,-0.521,0.0,-0.145,-0.223,0.168,-0.715,-0.445,0.648,0.855,0.457,0.433,0.728,0.189,-0.753,0.777,-0.69,0.563,-0.628,0.772,-0.809,0.901,-0.779,0.504,0.215,0.233,0.58,-0.047,-0.602,-0.787,0.086,0.694,0.707,0.586,-0.821,-0.243,0.818,-0.534,-0.089,-0.485,-0.578,-0.476,-0.262,-0.622,0.297,-0.403,0.554,0.813,-0.747,0.105,0.846,-0.445,0.076,0.849,-0.536,0.103,-0.739,-0.649,0.87,0.216,0.348,0.136,0.723,0.801,0.753,0.614,-0.433,0.723,0.617,0.567,0.755,0.219,0.79,-0.734,0.719,-0.755,0.833,0.83,0.748,-0.174,0.524,0.018,-0.701,-0.732,0.395,0.426,0.733,0.229,-0.28,0.746,-0.76,-0.316,-0.66,-0.631,-0.774,-0.457,-0.467,-0.572,-0.797,-0.696,0.784,0.773,-0.591,-0.192,0.734,-0.704,-0.548,0.315,-0.191,0.607,-0.548,-0.314,-0.078,-0.197,-0.31,-0.078,0.753,0.635,-0.735,0.085,0.337,-0.835,-0.445,-0.351,-0.439,0.623,0.756,-0.576,-0.279,-0.224,-0.2,0.605,0.095,0.246,0.126,-0.719,0.612,0.616,0.736,-0.555,0.202,-0.542,0.838,-0.775,-0.588,-0.472,-0.619,-0.174,-0.066,0.695,-0.467,-0.527,0.578,0.323,-0.508,-0.292,0.818,0.856,-0.402,-0.143,-0.06,-0.019,-0.83,-0.662,-0.717,-0.748,0.789,-0.608,0.478,-0.164,-0.569,0.2,0.887,0.68,-0.11,0.84,-0.818
CACC,-0.541,-0.489,-0.015,0.438,0.44,0.635,0.166,0.177,0.405,0.542,-0.334,-0.113,0.235,-0.381,-0.205,0.684,0.734,0.317,0.579,-0.192,0.68,0.448,-0.433,0.109,0.738,-0.145,0.0,0.776,0.167,0.465,0.79,-0.338,-0.111,0.175,-0.459,-0.114,0.386,0.268,-0.097,0.457,-0.003,0.333,-0.439,0.489,-0.12,0.212,-0.204,-0.244,0.201,0.027,0.059,0.555,0.329,-0.574,-0.589,-0.189,-0.494,0.401,0.529,-0.422,0.513,0.776,-0.07,0.461,0.681,0.676,0.19,-0.655,0.615,-0.611,-0.451,0.094,0.735,-0.189,-0.009,-0.486,-0.103,0.641,0.293,-0.079,0.367,-0.421,0.083,-0.068,0.417,-0.355,-0.352,0.064,-0.62,0.618,-0.501,-0.635,-0.358,-0.303,-0.445,-0.271,0.478,-0.088,0.43,-0.35,-0.132,-0.142,0.242,-0.709,0.186,0.036,0.441,0.25,0.582,-0.046,0.529,0.376,0.234,0.595,0.183,0.598,0.472,0.512,0.251,0.789,0.478,0.49,0.402,-0.447,-0.052,0.53,0.511,-0.356,0.55,0.329,-0.208,0.252,0.072,0.224,0.56,0.551,0.536,0.384,0.089,-0.495,-0.401,0.45,0.521,0.076,0.366,0.535,0.796,0.433,0.005,-0.322,0.624,0.258,-0.13,0.513,-0.084,-0.221,-0.054,0.418,0.517,-0.449,-0.269,0.07,-0.033,0.404,0.69,-0.421,0.564,0.097,-0.277,0.54,0.853,0.48,0.206,0.72,-0.025,0.035,0.562,0.124,0.352,-0.412,-0.044,0.622,0.122,0.31,-0.144,0.323,0.526,0.566,0.458,-0.507,0.661,0.128,-0.061,0.634,-0.102,-0.287,-0.391,0.196,-0.357,0.324
CAR,-0.606,-0.52,-0.175,0.511,0.416,0.617,0.069,0.291,0.374,0.477,-0.315,-0.231,0.092,-0.364,-0.135,0.464,0.671,0.254,0.665,-0.246,0.506,0.494,-0.485,0.098,0.688,-0.223,0.776,0.0,0.222,0.473,0.741,-0.42,-0.279,0.122,-0.443,-0.162,0.382,0.295,-0.167,0.504,0.078,0.359,-0.486,0.515,-0.158,0.304,-0.428,-0.464,0.186,-0.074,-0.032,0.567,0.352,-0.559,-0.577,-0.167,-0.56,0.391,0.464,-0.457,0.465,0.5,-0.132,0.453,0.717,0.723,0.322,-0.536,0.623,-0.6,-0.526,0.152,0.509,-0.222,0.106,-0.476,-0.192,0.602,0.288,0.012,0.409,-0.451,0.168,0.029,0.352,-0.38,-0.39,-0.004,-0.692,0.726,-0.508,-0.622,-0.297,-0.367,-0.366,-0.309,0.404,-0.126,0.518,-0.418,-0.289,-0.146,0.328,-0.611,-0.006,0.143,0.383,-0.137,0.377,-0.291,0.499,0.193,0.091,0.593,0.189,0.528,0.437,0.517,0.405,0.714,0.407,0.529,0.375,-0.454,-0.022,0.442,0.471,-0.365,0.559,0.278,-0.179,0.292,-0.038,0.132,0.524,0.308,0.389,0.327,0.138,-0.533,-0.38,0.412,0.326,0.106,0.42,0.476,0.633,0.406,-0.065,-0.352,0.593,0.215,-0.105,0.29,-0.05,-0.337,-0.04,0.353,0.57,-0.441,-0.388,-0.07,0.043,0.358,0.705,-0.488,0.563,0.094,-0.121,0.42,0.788,0.526,0.081,0.665,-0.043,-0.032,0.41,0.17,0.334,-0.456,-0.233,0.703,0.045,0.115,-0.009,0.327,0.469,0.479,0.563,-0.517,0.541,-0.097,0.078,0.611,-0.346,-0.445,-0.46,0.366,-0.437,0.324
CDNA,0.064,0.104,-0.181,0.192,0.24,0.32,0.225,-0.163,-0.188,-0.157,0.118,0.326,0.258,0.332,-0.167,0.375,0.132,-0.135,0.031,-0.042,0.176,-0.211,-0.191,0.005,-0.01,0.168,0.167,0.222,0.0,-0.077,0.094,-0.16,0.133,0.223,-0.021,0.104,0.364,-0.226,0.296,-0.087,0.257,0.023,0.142,-0.097,0.29,-0.248,-0.032,-0.238,0.547,0.252,-0.021,0.06,-0.333,-0.18,0.006,0.35,-0.001,-0.129,0.212,0.11,0.046,0.216,-0.348,-0.105,0.221,0.272,-0.229,-0.083,-0.046,0.056,0.048,-0.304,0.345,0.134,0.139,-0.152,0.301,0.094,0.585,-0.071,-0.187,0.188,0.038,0.184,0.279,0.317,0.223,0.28,0.091,0.375,0.063,-0.071,-0.121,0.199,-0.118,0.226,-0.273,0.146,0.148,0.221,0.295,0.167,0.248,0.114,0.121,-0.178,-0.274,-0.165,-0.097,-0.148,0.226,-0.208,0.345,-0.143,-0.267,-0.137,-0.074,-0.133,-0.254,0.013,-0.262,-0.097,-0.13,0.136,0.304,-0.216,0.032,0.122,-0.065,-0.053,0.197,0.353,0.303,-0.318,0.073,-0.086,-0.116,-0.02,0.138,-0.025,0.036,-0.176,-0.076,0.17,-0.13,-0.219,-0.142,0.04,0.305,0.042,0.223,0.097,-0.113,-0.288,0.398,-0.31,0.065,-0.051,0.081,0.303,0.065,0.382,-0.052,0.176,0.109,0.249,-0.027,-0.176,0.046,-0.192,0.102,0.146,0.264,0.156,-0.315,0.005,-0.027,0.102,0.315,0.134,0.085,-0.057,-0.168,-0.226,0.412,-0.259,-0.142,-0.199,0.058,0.09,-0.153,0.149,-0.186,0.09,-0.033,0.081,0.349,0.504,0.011,-0.22
CG,-0.758,-0.821,-0.108,0.222,0.67,-0.123,-0.615,0.79,0.847,0.835,-0.847,-0.856,-0.505,-0.669,0.427,0.228,0.317,0.921,0.828,0.42,0.04,0.907,-0.138,-0.387,0.805,-0.715,0.465,0.473,-0.077,0.0,0.615,-0.501,-0.645,-0.024,-0.271,-0.724,0.25,0.931,-0.874,0.927,-0.241,0.821,-0.787,0.917,-0.772,0.899,-0.296,-0.206,-0.246,-0.286,0.483,0.874,0.877,0.015,-0.737,-0.815,-0.614,0.929,0.674,-0.648,0.808,0.25,0.563,0.869,0.766,0.32,0.826,-0.178,0.435,-0.608,-0.816,0.874,0.099,-0.745,0.734,-0.029,-0.826,0.848,0.136,0.693,0.897,-0.848,-0.014,-0.54,0.341,-0.675,-0.925,-0.736,-0.544,0.572,-0.767,-0.616,-0.476,-0.838,-0.052,-0.879,0.885,-0.427,0.831,-0.862,-0.829,-0.692,-0.005,-0.506,0.371,0.697,0.888,-0.194,-0.137,-0.483,-0.058,0.715,-0.491,0.878,0.621,0.783,0.857,0.913,0.699,0.73,0.879,0.919,0.92,-0.836,-0.737,0.88,0.697,-0.877,0.893,0.887,-0.632,0.335,-0.529,0.789,0.74,0.345,0.666,0.732,0.48,-0.821,-0.839,0.773,0.189,0.103,0.929,0.689,0.418,0.827,-0.234,-0.805,0.754,0.433,0.448,0.211,-0.373,0.101,0.212,0.162,0.878,-0.471,-0.382,-0.783,0.736,0.292,0.818,-0.823,0.862,0.815,0.59,0.818,0.408,-0.098,-0.594,0.776,0.549,-0.289,0.203,0.781,0.682,-0.891,-0.735,0.584,0.503,0.552,0.103,0.891,0.927,0.844,0.894,-0.796,0.619,-0.409,0.223,0.816,0.109,-0.722,-0.619,0.33,-0.771,0.852
