,ACET,ADAP,ADI,ADPT,ADTN,AGEN,ALGN,ALLK,AMD,AMWD,ARDX,ARQT,ASTE,AUPH,AVXL,AZTA,BAND,BECN,BFC,BGC,BHF,BHFAL,BKNG,BL,BOKF,BRKR,CACC,CAR,CDNA,CG,CGBD,CHI,CHTR,CHX,CLNE,CME,CNOB,CNXN,CPRX,CSGP,CSGS,CSIQ,CVCO,CVLT,CYRX,DDOG,DOOO,DSGX,DTIL,ECPG,EEFT,EFSC,ENTG,ESPR,ETSY,EXC,FAMI,FFIV,FITB,FIZZ,FMBH,FOX,FTNT,FULT,GABC,GEN,GH,GMAB,GNPX,GO,GOGL,GOOG,GPRO,GSHD,GSM,GWAV,HAIN,HBAN,HEPA,HURN,HWKN,IBIO,ICFI,IGMS,IMKTA,INCY,INO,IRDM,IRTC,IRWD,ITCI,JACK,JD,JJSF,KALA,KHC,KLAC,KRRO,KRYS,LANC,LBTYA,LIVN,LKCO,LNTH,LOGI,LPRO,LRCX,LSCC,LSTR,MAR,MARA,MCHP,MEOH,META,MGTX,MKSI,MMYT,MORN,MRUS,MTLS,MTSI,MVIS,MXL,NBIX,NFE,NMIH,NMRK,NNDM,NSIT,NTCT,NVAX,OCUL,ODP,OLED,ONB,OTEX,PACB,PATK,PAYX,PEP,PERI,PI,PLYA,PRDO,PRGS,PTGX,QCOM,QCRH,QDEL,QFIN,RGEN,RILY,RPAY,RPD,SABR,SEDG,SHEN,SIRI,SLNO,SNDL,SNEX,SONO,SPT,SSNC,STGW,STKL,STRL,STX,SWTX,SYNA,TFSL,TIGR,TNXP,TOWN,TRI,TRIP,TRMB,TRNS,TRS,TSCO,TSEM,TVTX,TXRH,VC,VCEL,VECO,VIAV,VICR,VIR,VRTX,VSTM,VTRS,WDFC,WSBC,WSC,WYNN,XENE,XNCR,XRAY,ZS
ACET,0.0,0.365,0.154,0.116,-0.244,-0.172,0.224,-0.026,0.359,0.277,0.109,0.599,0.412,0.637,0.168,-0.48,0.213,0.237,-0.416,0.493,0.346,0.429,0.585,0.101,-0.287,0.558,0.455,0.217,0.514,0.528,0.13,0.691,0.549,0.084,0.232,-0.19,-0.401,0.292,-0.488,-0.025,0.385,0.067,0.368,0.297,0.521,0.448,0.217,0.208,-0.316,0.369,0.608,0.248,0.361,-0.26,0.326,-0.354,0.332,0.363,0.343,0.038,0.145,0.374,0.267,-0.073,0.085,0.654,0.516,-0.541,-0.021,0.318,0.344,0.491,0.71,0.078,0.458,0.352,0.351,0.295,0.306,-0.339,0.218,-0.164,0.068,0.385,-0.202,0.74,-0.06,0.17,-0.2,0.258,0.437,-0.117,-0.0,-0.258,-0.436,-0.401,-0.07,0.368,0.805,-0.208,0.562,-0.007,0.593,0.462,-0.306,0.475,0.416,0.404,-0.073,0.648,0.764,0.158,0.142,0.211,0.458,0.554,0.339,0.374,-0.181,0.544,0.467,0.14,0.662,0.132,0.042,0.591,0.253,0.601,0.559,0.373,-0.19,0.19,0.661,0.561,-0.53,0.374,0.688,0.289,-0.176,-0.569,0.608,0.48,0.523,0.226,0.026,0.155,0.611,0.225,0.273,0.461,0.47,0.713,0.595,0.206,0.349,0.247,0.731,0.017,0.593,0.643,-0.547,0.41,0.626,0.463,0.165,-0.419,0.277,0.472,0.45,0.674,-0.14,0.698,0.436,-0.2,0.664,0.487,0.601,-0.086,0.329,0.141,-0.391,0.555,-0.205,0.32,0.084,0.106,0.223,0.697,0.643,0.694,0.481,0.263,0.576,-0.116,0.313,0.524,0.323,0.401,0.452,0.441
ADAP,0.365,0.0,-0.273,-0.092,0.373,0.08,-0.409,0.022,-0.296,-0.247,-0.157,-0.157,-0.054,0.345,-0.178,-0.078,-0.162,-0.353,0.138,0.006,-0.007,-0.166,-0.102,-0.172,-0.083,-0.095,-0.127,-0.431,-0.22,-0.104,0.046,-0.158,-0.185,0.501,0.044,-0.133,-0.103,-0.341,-0.059,0.451,-0.243,0.386,-0.187,-0.258,-0.289,-0.199,-0.358,-0.421,0.036,-0.291,-0.115,-0.069,-0.264,0.391,-0.23,0.321,-0.334,-0.047,-0.113,0.144,-0.103,-0.01,-0.16,-0.087,-0.413,0.48,0.171,0.003,-0.39,-0.129,-0.209,-0.275,0.395,-0.518,0.25,-0.176,-0.132,-0.073,0.103,-0.003,-0.534,-0.331,-0.056,-0.098,0.208,0.143,-0.191,0.265,-0.554,0.074,0.104,-0.196,0.548,0.396,0.219,0.341,-0.075,0.27,0.598,0.479,0.409,-0.112,0.425,-0.332,-0.057,-0.277,-0.268,-0.248,-0.366,0.024,0.327,-0.35,-0.4,-0.415,0.093,-0.121,0.164,-0.287,-0.239,-0.176,0.137,-0.373,0.207,0.354,0.05,-0.146,-0.239,0.33,-0.157,0.352,-0.044,-0.592,0.014,-0.241,-0.259,-0.268,-0.094,-0.223,-0.108,0.221,0.138,-0.156,-0.146,0.301,-0.377,-0.255,0.039,-0.291,-0.477,0.498,-0.383,0.141,-0.103,-0.385,-0.493,-0.093,0.021,0.566,0.295,-0.045,-0.26,-0.025,-0.043,-0.19,-0.075,0.283,-0.069,-0.122,-0.135,0.012,0.011,0.039,-0.072,-0.276,0.028,-0.229,-0.147,-0.49,-0.228,0.003,0.151,-0.094,-0.411,-0.274,-0.607,-0.401,-0.162,-0.01,0.14,0.382,-0.086,-0.113,-0.131,-0.276,-0.026,-0.139,-0.07,-0.229,-0.423,-0.268
ADI,0.154,-0.273,0.0,0.184,-0.545,-0.414,0.934,-0.541,0.948,0.917,0.281,0.528,0.853,0.557,0.86,0.092,0.93,0.95,-0.045,0.802,0.905,0.743,0.676,0.907,0.687,0.58,0.908,0.902,0.86,0.84,0.864,0.632,0.648,-0.456,0.546,0.389,-0.08,0.117,-0.585,-0.271,0.912,-0.298,0.823,0.809,0.643,0.864,0.964,0.933,-0.33,0.816,0.738,0.9,0.874,-0.839,0.92,-0.511,0.885,0.716,0.894,0.586,0.61,0.842,0.733,0.828,0.913,-0.109,-0.232,-0.582,0.871,0.847,0.477,0.779,0.313,0.902,-0.28,0.667,0.853,0.933,0.238,0.076,0.747,0.615,0.822,-0.001,-0.612,0.087,0.321,-0.163,0.69,0.272,-0.029,0.817,-0.602,-0.704,-0.331,-0.337,-0.1,-0.658,-0.079,-0.734,0.143,-0.154,0.243,0.781,0.379,0.786,0.936,0.915,0.89,0.677,-0.181,0.982,0.867,0.932,0.766,0.811,-0.664,0.714,0.746,0.81,0.636,0.956,0.596,-0.603,0.822,0.649,0.028,0.593,0.782,-0.017,-0.399,0.495,0.744,0.808,-0.067,0.687,0.136,0.958,0.096,-0.214,0.707,0.22,0.83,0.264,0.923,0.894,0.722,0.94,0.673,0.154,0.64,0.485,0.807,0.953,0.72,0.722,0.542,-0.825,0.196,0.19,-0.176,0.47,0.581,0.854,0.675,-0.499,0.932,0.815,0.848,0.719,-0.613,0.601,0.22,0.497,0.56,0.762,0.804,0.848,0.823,0.858,-0.793,0.571,0.796,0.885,0.636,0.75,0.755,0.56,0.484,-0.134,0.788,0.84,0.702,0.792,0.762,0.744,0.831,0.853,0.723,0.828
ADPT,0.116,-0.092,0.184,0.0,0.331,0.491,0.162,0.563,0.138,0.329,0.344,-0.278,-0.077,0.233,0.243,0.521,-0.008,0.237,0.519,-0.095,0.038,-0.154,-0.074,0.251,0.234,-0.214,0.028,0.229,0.154,0.06,0.111,0.054,0.018,-0.246,0.628,0.09,0.419,0.528,0.353,0.392,0.214,0.242,0.154,-0.123,0.205,0.162,0.147,0.181,0.632,-0.15,-0.039,-0.033,0.35,0.043,0.194,0.268,-0.009,0.454,-0.106,0.475,0.556,-0.083,-0.099,0.201,0.212,0.02,0.14,0.14,0.175,0.381,0.156,-0.058,-0.127,0.244,0.53,-0.149,0.21,0.001,0.605,0.53,0.19,0.027,0.415,0.689,0.338,-0.253,0.722,0.59,0.515,0.472,0.093,0.381,-0.093,0.114,0.203,0.329,0.41,-0.159,-0.041,0.05,-0.168,0.437,-0.08,0.098,-0.196,0.064,0.158,0.123,0.05,-0.178,0.051,0.142,0.039,0.114,0.038,0.181,-0.212,0.47,0.261,0.102,0.047,0.282,-0.157,-0.071,0.236,-0.124,0.587,-0.124,0.309,-0.025,0.597,0.406,0.297,0.121,0.466,-0.052,0.476,0.082,0.516,0.324,-0.098,0.138,-0.017,0.291,0.27,-0.018,-0.14,0.162,0.006,-0.125,0.181,-0.008,0.052,0.103,0.099,0.583,0.009,-0.065,-0.055,0.542,0.295,0.172,0.074,-0.0,0.228,0.264,0.019,-0.106,0.133,-0.015,0.3,0.263,0.155,0.485,0.328,-0.094,0.108,0.228,0.376,0.174,0.201,-0.207,0.424,0.04,0.439,0.53,0.396,-0.229,-0.24,-0.203,0.0,0.056,0.321,0.366,-0.115,-0.005,-0.077,-0.069,0.325,-0.04
ADTN,-0.244,0.373,-0.545,0.331,0.0,0.739,-0.648,0.677,-0.672,-0.415,-0.395,-0.801,-0.643,-0.191,-0.421,0.597,-0.582,-0.59,0.702,-0.539,-0.536,-0.65,-0.735,-0.268,-0.057,-0.792,-0.619,-0.619,-0.679,-0.577,-0.399,-0.723,-0.673,0.246,0.018,-0.084,0.387,0.107,0.713,0.742,-0.54,0.551,-0.611,-0.662,-0.648,-0.546,-0.619,-0.679,0.727,-0.829,-0.71,-0.611,-0.456,0.767,-0.628,0.913,-0.787,-0.071,-0.666,0.135,0.007,-0.619,-0.704,-0.173,-0.494,0.145,0.104,0.604,-0.522,-0.226,-0.377,-0.745,-0.165,-0.598,0.398,-0.798,-0.355,-0.577,0.015,0.443,-0.619,-0.582,-0.108,0.129,0.723,-0.361,0.128,0.639,-0.165,0.133,-0.009,-0.159,0.643,0.632,0.786,0.836,0.146,0.039,-0.058,0.76,-0.028,0.445,-0.25,-0.7,-0.129,-0.626,-0.647,-0.701,-0.544,-0.72,-0.184,-0.635,-0.718,-0.677,-0.413,-0.534,0.094,-0.215,-0.275,-0.599,-0.527,-0.5,-0.535,0.587,-0.099,-0.685,0.194,-0.385,-0.427,0.082,0.603,-0.45,-0.414,-0.698,0.523,-0.788,-0.189,-0.607,0.365,0.679,-0.596,-0.234,-0.684,0.251,-0.441,-0.661,-0.722,-0.55,-0.686,0.107,-0.609,-0.465,-0.602,-0.613,-0.765,-0.172,-0.414,0.722,-0.063,-0.069,0.349,-0.128,-0.48,-0.705,-0.141,0.85,-0.563,-0.708,-0.496,-0.638,0.471,-0.287,-0.246,0.07,-0.216,-0.801,-0.596,-0.441,-0.308,-0.306,0.694,-0.627,-0.201,-0.611,-0.423,-0.151,-0.173,-0.776,-0.648,-0.227,-0.681,-0.404,-0.382,-0.155,-0.681,-0.586,-0.578,-0.79,-0.566,-0.793
AGEN,-0.172,0.08,-0.414,0.491,0.739,0.0,-0.408,0.847,-0.482,-0.222,-0.12,-0.632,-0.599,-0.179,-0.279,0.478,-0.434,-0.373,0.635,-0.571,-0.51,-0.557,-0.606,-0.192,-0.048,-0.726,-0.519,-0.323,-0.49,-0.514,-0.344,-0.532,-0.559,0.009,0.024,-0.1,0.502,0.344,0.814,0.511,-0.395,0.412,-0.446,-0.599,-0.41,-0.438,-0.407,-0.438,0.789,-0.637,-0.601,-0.519,-0.332,0.528,-0.435,0.649,-0.607,-0.125,-0.603,0.064,0.128,-0.616,-0.66,-0.14,-0.203,-0.076,-0.011,0.617,-0.244,-0.189,-0.129,-0.537,-0.365,-0.281,0.372,-0.666,-0.258,-0.551,0.22,0.507,-0.271,-0.281,-0.073,0.52,0.562,-0.426,0.459,0.684,0.1,0.383,-0.101,-0.093,0.272,0.412,0.543,0.641,0.144,0.048,-0.059,0.456,-0.273,0.488,-0.434,-0.436,-0.407,-0.441,-0.466,-0.557,-0.398,-0.679,-0.157,-0.472,-0.436,-0.422,-0.373,-0.483,0.061,0.012,-0.053,-0.432,-0.616,-0.296,-0.618,0.361,-0.133,-0.581,0.321,-0.525,-0.281,-0.32,0.663,0.058,-0.322,-0.474,0.656,-0.561,-0.035,-0.471,0.46,0.475,-0.565,-0.143,-0.545,0.096,-0.222,-0.493,-0.699,-0.317,-0.424,-0.186,-0.454,-0.516,-0.528,-0.401,-0.444,-0.023,-0.367,0.362,-0.253,0.135,0.444,-0.26,-0.51,-0.548,-0.057,0.653,-0.449,-0.676,-0.361,-0.589,0.542,-0.249,0.178,0.314,-0.156,-0.63,-0.463,-0.228,-0.084,-0.382,0.522,-0.567,-0.063,-0.435,-0.002,0.056,-0.127,-0.695,-0.664,-0.317,-0.585,-0.4,-0.157,0.027,-0.589,-0.466,-0.548,-0.606,-0.236,-0.632
ALGN,0.224,-0.409,0.934,0.162,-0.648,-0.408,0.0,-0.495,0.954,0.916,0.292,0.633,0.851,0.507,0.777,-0.063,0.882,0.969,-0.219,0.767,0.84,0.786,0.74,0.818,0.519,0.637,0.906,0.931,0.922,0.868,0.741,0.737,0.724,-0.585,0.442,0.336,-0.178,0.265,-0.586,-0.453,0.924,-0.451,0.812,0.857,0.791,0.866,0.968,0.958,-0.396,0.894,0.794,0.852,0.835,-0.918,0.934,-0.665,0.946,0.653,0.869,0.413,0.538,0.818,0.739,0.689,0.907,-0.137,-0.166,-0.658,0.896,0.81,0.527,0.849,0.291,0.95,-0.249,0.747,0.823,0.868,0.237,-0.049,0.865,0.601,0.687,0.113,-0.709,0.201,0.318,-0.271,0.692,0.205,0.075,0.721,-0.744,-0.773,-0.476,-0.53,-0.175,-0.535,-0.072,-0.858,0.071,-0.108,0.219,0.895,0.279,0.891,0.935,0.912,0.843,0.708,-0.098,0.963,0.874,0.992,0.747,0.795,-0.554,0.754,0.696,0.858,0.557,0.958,0.561,-0.605,0.653,0.743,0.127,0.56,0.825,-0.084,-0.386,0.691,0.76,0.851,-0.152,0.769,0.276,0.949,-0.001,-0.414,0.713,0.292,0.846,0.185,0.89,0.884,0.712,0.931,0.765,0.034,0.736,0.541,0.824,0.956,0.849,0.649,0.627,-0.908,0.231,0.264,-0.196,0.5,0.658,0.886,0.636,-0.641,0.872,0.831,0.866,0.734,-0.6,0.63,0.307,0.417,0.608,0.836,0.845,0.805,0.819,0.735,-0.827,0.651,0.731,0.909,0.741,0.725,0.7,0.637,0.52,-0.066,0.832,0.77,0.765,0.702,0.734,0.75,0.798,0.908,0.849,0.895
ALLK,-0.026,0.022,-0.541,0.563,0.677,0.847,-0.495,0.0,-0.53,-0.315,-0.003,-0.562,-0.692,-0.289,-0.422,0.374,-0.637,-0.435,0.438,-0.655,-0.64,-0.585,-0.567,-0.389,-0.338,-0.671,-0.606,-0.364,-0.487,-0.537,-0.582,-0.422,-0.527,0.067,-0.003,-0.157,0.418,0.46,0.766,0.53,-0.474,0.43,-0.466,-0.632,-0.29,-0.416,-0.514,-0.485,0.749,-0.68,-0.575,-0.698,-0.306,0.607,-0.524,0.615,-0.632,-0.161,-0.742,-0.091,-0.03,-0.712,-0.628,-0.423,-0.375,0.167,0.248,0.599,-0.433,-0.27,-0.059,-0.538,-0.286,-0.378,0.524,-0.681,-0.402,-0.694,0.204,0.339,-0.292,-0.411,-0.259,0.609,0.657,-0.289,0.307,0.649,0.008,0.298,0.051,-0.298,0.294,0.441,0.4,0.493,0.296,0.281,-0.056,0.492,-0.182,0.523,-0.413,-0.433,-0.452,-0.465,-0.496,-0.537,-0.562,-0.66,0.071,-0.578,-0.536,-0.528,-0.498,-0.436,0.361,0.017,-0.272,-0.435,-0.528,-0.426,-0.595,0.428,-0.368,-0.557,0.42,-0.609,-0.279,-0.218,0.802,0.085,-0.321,-0.427,0.505,-0.572,0.231,-0.603,0.414,0.347,-0.628,0.136,-0.578,-0.098,-0.398,-0.629,-0.668,-0.473,-0.406,-0.151,-0.311,-0.425,-0.532,-0.502,-0.405,-0.021,-0.341,0.479,-0.164,0.353,0.414,-0.182,-0.368,-0.571,-0.29,0.592,-0.614,-0.689,-0.446,-0.514,0.652,-0.201,0.031,0.102,-0.082,-0.587,-0.448,-0.356,-0.183,-0.535,0.643,-0.513,-0.154,-0.501,-0.031,-0.037,-0.225,-0.611,-0.655,-0.114,-0.629,-0.488,-0.175,-0.214,-0.646,-0.482,-0.66,-0.676,-0.188,-0.594
AMD,0.359,-0.296,0.948,0.138,-0.672,-0.482,0.954,-0.53,0.0,0.906,0.342,0.694,0.876,0.569,0.812,-0.099,0.892,0.963,-0.251,0.833,0.891,0.811,0.784,0.811,0.501,0.726,0.95,0.924,0.948,0.905,0.76,0.813,0.777,-0.473,0.509,0.319,-0.184,0.247,-0.678,-0.381,0.951,-0.329,0.841,0.855,0.792,0.915,0.961,0.947,-0.434,0.902,0.854,0.875,0.905,-0.893,0.947,-0.671,0.954,0.693,0.907,0.448,0.552,0.873,0.79,0.684,0.884,0.004,-0.063,-0.687,0.811,0.822,0.546,0.87,0.397,0.9,-0.172,0.745,0.834,0.909,0.249,-0.07,0.835,0.566,0.703,0.116,-0.643,0.278,0.247,-0.204,0.611,0.244,0.15,0.672,-0.656,-0.771,-0.521,-0.532,-0.09,-0.478,0.045,-0.795,0.219,-0.116,0.306,0.887,0.257,0.892,0.982,0.971,0.833,0.79,0.038,0.961,0.862,0.946,0.763,0.893,-0.482,0.762,0.624,0.905,0.668,0.933,0.69,-0.543,0.682,0.774,0.117,0.635,0.867,0.018,-0.419,0.593,0.82,0.921,-0.215,0.785,0.312,0.955,0.02,-0.431,0.773,0.376,0.905,0.217,0.864,0.876,0.814,0.931,0.78,0.141,0.757,0.607,0.891,0.955,0.836,0.693,0.69,-0.83,0.276,0.355,-0.265,0.519,0.694,0.931,0.628,-0.649,0.901,0.878,0.873,0.833,-0.571,0.705,0.331,0.386,0.669,0.881,0.894,0.779,0.808,0.752,-0.844,0.672,0.676,0.912,0.683,0.715,0.737,0.73,0.601,0.024,0.853,0.803,0.801,0.67,0.775,0.817,0.819,0.921,0.84,0.923
AMWD,0.277,-0.247,0.917,0.329,-0.415,-0.222,0.916,-0.315,0.906,0.0,0.219,0.5,0.819,0.566,0.772,0.078,0.838,0.959,-0.018,0.72,0.831,0.732,0.635,0.861,0.556,0.448,0.869,0.9,0.842,0.854,0.763,0.618,0.539,-0.495,0.504,0.352,-0.073,0.362,-0.489,-0.254,0.922,-0.284,0.753,0.768,0.706,0.846,0.934,0.9,-0.23,0.77,0.715,0.807,0.844,-0.832,0.879,-0.447,0.829,0.738,0.78,0.583,0.628,0.759,0.631,0.742,0.92,0.0,-0.097,-0.582,0.86,0.923,0.596,0.73,0.365,0.902,-0.127,0.583,0.888,0.834,0.294,0.048,0.773,0.466,0.791,0.214,-0.55,0.16,0.372,-0.031,0.692,0.31,0.039,0.765,-0.679,-0.733,-0.339,-0.31,-0.227,-0.616,-0.035,-0.72,0.135,-0.012,0.231,0.84,0.235,0.813,0.908,0.855,0.783,0.622,-0.183,0.895,0.8,0.886,0.819,0.755,-0.571,0.838,0.734,0.856,0.556,0.924,0.572,-0.443,0.765,0.658,0.133,0.553,0.873,-0.119,-0.287,0.611,0.798,0.803,-0.039,0.604,0.272,0.922,0.111,-0.253,0.681,0.356,0.823,0.333,0.864,0.808,0.645,0.947,0.605,0.19,0.62,0.488,0.803,0.923,0.674,0.805,0.648,-0.769,0.342,0.343,-0.156,0.536,0.612,0.843,0.665,-0.456,0.889,0.748,0.879,0.691,-0.601,0.662,0.247,0.503,0.705,0.722,0.827,0.818,0.922,0.768,-0.794,0.58,0.778,0.908,0.64,0.76,0.765,0.51,0.392,-0.053,0.735,0.842,0.781,0.78,0.675,0.729,0.783,0.809,0.798,0.781
ARDX,0.109,-0.157,0.281,0.344,-0.395,-0.12,0.292,-0.003,0.342,0.219,0.0,0.153,0.061,-0.003,0.336,0.006,0.192,0.324,0.03,-0.034,0.21,0.023,0.164,0.116,0.247,0.267,0.145,0.382,0.309,0.097,0.163,0.386,0.316,-0.187,0.487,0.116,0.387,0.127,-0.087,-0.065,0.247,0.058,0.348,0.048,0.385,0.211,0.293,0.35,0.162,0.241,0.147,0.257,0.345,-0.246,0.366,-0.32,0.328,0.052,0.184,0.252,0.329,0.163,0.32,0.172,0.3,-0.19,-0.035,0.013,0.288,0.06,0.193,0.185,-0.278,0.374,0.157,0.308,0.013,0.188,0.47,0.342,0.411,0.523,0.279,0.402,0.041,-0.261,0.436,0.031,0.38,0.227,0.145,0.259,-0.404,-0.049,-0.341,-0.132,0.513,0.094,-0.063,-0.209,-0.146,0.067,-0.185,0.212,-0.167,0.197,0.297,0.359,0.322,0.108,0.289,0.323,0.367,0.29,-0.093,0.255,-0.09,0.199,0.315,0.229,0.191,0.292,-0.046,-0.452,0.095,0.01,0.182,-0.059,0.157,-0.222,0.168,0.438,0.227,0.297,0.14,0.374,0.175,0.224,0.302,0.039,0.034,0.079,0.172,-0.054,0.313,0.219,0.162,0.273,0.329,-0.446,0.241,-0.017,0.132,0.207,0.439,0.39,-0.102,-0.402,-0.413,0.43,0.162,-0.218,-0.005,0.208,0.11,-0.174,0.201,0.073,0.021,0.17,0.285,0.055,0.21,0.372,0.089,0.293,0.128,0.245,0.16,0.084,-0.048,-0.082,0.277,0.158,0.496,0.246,0.195,0.172,0.012,-0.166,0.213,0.004,0.313,0.297,0.257,0.074,0.013,0.234,0.326,0.278
ARQT,0.599,-0.157,0.528,-0.278,-0.801,-0.632,0.633,-0.562,0.694,0.5,0.153,0.0,0.747,0.427,0.336,-0.686,0.587,0.572,-0.777,0.748,0.603,0.831,0.911,0.34,-0.121,0.876,0.739,0.594,0.765,0.781,0.364,0.857,0.736,-0.126,-0.024,0.047,-0.6,0.105,-0.837,-0.592,0.63,-0.44,0.661,0.741,0.73,0.71,0.607,0.639,-0.817,0.854,0.858,0.569,0.548,-0.725,0.651,-0.811,0.769,0.299,0.73,-0.104,0.031,0.676,0.674,0.131,0.457,0.259,0.224,-0.721,0.421,0.414,0.586,0.875,0.571,0.514,-0.176,0.782,0.545,0.626,0.028,-0.615,0.566,0.31,0.132,-0.051,-0.709,0.71,-0.298,-0.444,0.038,-0.092,0.13,0.076,-0.511,-0.734,-0.775,-0.824,-0.345,0.081,0.36,-0.711,0.371,-0.332,0.458,0.804,0.044,0.77,0.722,0.73,0.405,0.9,0.412,0.577,0.651,0.645,0.631,0.678,0.123,0.436,0.069,0.808,0.638,0.462,0.807,-0.286,0.121,0.902,-0.045,0.631,0.624,0.115,-0.618,0.422,0.659,0.821,-0.641,0.777,0.438,0.65,-0.411,-0.853,0.79,0.518,0.827,-0.09,0.346,0.569,0.874,0.574,0.696,0.3,0.753,0.735,0.796,0.641,0.761,0.251,0.777,-0.523,0.495,0.287,-0.582,0.411,0.714,0.817,0.216,-0.845,0.61,0.834,0.644,0.844,-0.566,0.593,0.372,-0.203,0.569,0.883,0.816,0.387,0.484,0.365,-0.809,0.831,0.094,0.741,0.287,0.142,0.242,0.933,0.807,0.565,0.776,0.594,0.594,0.062,0.689,0.781,0.671,0.812,0.671,0.863
ASTE,0.412,-0.054,0.853,-0.077,-0.643,-0.599,0.851,-0.692,0.876,0.819,0.061,0.747,0.0,0.717,0.681,-0.317,0.867,0.834,-0.389,0.912,0.925,0.878,0.867,0.708,0.406,0.722,0.937,0.779,0.869,0.931,0.821,0.749,0.707,-0.209,0.272,0.293,-0.506,-0.003,-0.793,-0.473,0.877,-0.503,0.823,0.905,0.689,0.836,0.86,0.837,-0.658,0.908,0.881,0.898,0.703,-0.876,0.843,-0.692,0.895,0.581,0.92,0.35,0.347,0.931,0.801,0.607,0.726,0.09,-0.132,-0.828,0.748,0.764,0.54,0.827,0.586,0.727,-0.273,0.818,0.811,0.932,0.184,-0.284,0.62,0.466,0.594,-0.135,-0.821,0.473,0.009,-0.392,0.323,0.05,0.015,0.557,-0.554,-0.703,-0.51,-0.577,-0.433,-0.429,0.256,-0.738,0.278,-0.388,0.594,0.868,0.292,0.835,0.877,0.882,0.712,0.904,0.014,0.862,0.801,0.85,0.931,0.779,-0.448,0.557,0.535,0.848,0.784,0.79,0.854,-0.473,0.635,0.881,-0.167,0.818,0.79,0.154,-0.698,0.379,0.826,0.832,-0.491,0.765,0.27,0.921,-0.351,-0.499,0.904,0.25,0.935,0.247,0.715,0.885,0.89,0.845,0.551,0.384,0.691,0.73,0.909,0.857,0.677,0.546,0.763,-0.686,0.504,0.082,-0.414,0.542,0.745,0.929,0.513,-0.729,0.923,0.955,0.917,0.851,-0.83,0.672,0.213,0.086,0.62,0.867,0.884,0.637,0.727,0.808,-0.917,0.784,0.47,0.888,0.366,0.453,0.574,0.794,0.756,0.291,0.927,0.837,0.643,0.491,0.876,0.856,0.937,0.947,0.683,0.895
AUPH,0.637,0.345,0.557,0.233,-0.191,-0.179,0.507,-0.289,0.569,0.566,-0.003,0.427,0.717,0.0,0.519,-0.149,0.578,0.507,-0.079,0.741,0.727,0.54,0.621,0.512,0.313,0.473,0.687,0.455,0.64,0.685,0.695,0.59,0.605,0.036,0.416,0.093,-0.4,0.017,-0.477,-0.001,0.646,-0.13,0.625,0.545,0.427,0.605,0.529,0.48,-0.267,0.488,0.638,0.628,0.511,-0.461,0.555,-0.302,0.519,0.584,0.625,0.457,0.444,0.675,0.456,0.473,0.397,0.325,-0.033,-0.616,0.404,0.633,0.325,0.523,0.649,0.351,0.163,0.521,0.643,0.664,0.483,-0.009,0.275,0.178,0.558,0.146,-0.447,0.481,0.201,0.102,0.131,0.302,0.126,0.423,-0.059,-0.267,-0.198,-0.2,-0.23,-0.221,0.648,-0.291,0.383,-0.24,0.706,0.562,-0.009,0.543,0.6,0.592,0.332,0.701,0.295,0.525,0.423,0.503,0.785,0.646,-0.332,0.445,0.322,0.582,0.66,0.52,0.708,-0.185,0.561,0.628,0.033,0.776,0.659,0.43,-0.391,0.183,0.805,0.594,-0.366,0.483,0.458,0.607,-0.222,-0.234,0.744,0.113,0.678,0.434,0.476,0.567,0.66,0.532,0.193,0.55,0.51,0.684,0.726,0.505,0.366,0.497,0.657,-0.25,0.515,0.24,-0.371,0.449,0.594,0.61,0.469,-0.378,0.648,0.664,0.759,0.678,-0.481,0.743,0.387,0.085,0.627,0.523,0.676,0.277,0.585,0.686,-0.56,0.519,0.202,0.521,0.187,0.4,0.497,0.561,0.613,0.402,0.727,0.566,0.58,0.342,0.594,0.676,0.684,0.598,0.491,0.533
AVXL,0.168,-0.178,0.86,0.243,-0.421,-0.279,0.777,-0.422,0.812,0.772,0.336,0.336,0.681,0.519,0.0,0.223,0.834,0.817,0.151,0.664,0.809,0.528,0.46,0.809,0.775,0.464,0.757,0.762,0.724,0.657,0.798,0.505,0.553,-0.432,0.66,0.293,0.141,0.086,-0.395,-0.135,0.79,-0.036,0.709,0.601,0.496,0.669,0.829,0.777,-0.121,0.64,0.62,0.833,0.765,-0.673,0.779,-0.377,0.713,0.64,0.772,0.609,0.662,0.71,0.601,0.832,0.823,-0.191,-0.269,-0.412,0.723,0.69,0.265,0.622,0.186,0.761,-0.117,0.471,0.715,0.815,0.236,0.292,0.681,0.591,0.798,0.058,-0.409,-0.044,0.495,-0.016,0.689,0.423,0.07,0.772,-0.399,-0.494,-0.219,-0.175,0.098,-0.588,-0.004,-0.558,0.122,-0.037,0.172,0.579,0.273,0.671,0.79,0.769,0.805,0.516,-0.159,0.849,0.713,0.792,0.566,0.711,-0.71,0.579,0.75,0.627,0.466,0.841,0.421,-0.518,0.813,0.456,0.125,0.487,0.641,-0.008,-0.292,0.401,0.598,0.666,0.083,0.523,0.03,0.819,0.218,-0.044,0.545,0.035,0.688,0.348,0.861,0.795,0.548,0.828,0.563,0.024,0.477,0.361,0.682,0.779,0.567,0.605,0.365,-0.714,-0.014,0.235,-0.063,0.377,0.434,0.666,0.712,-0.336,0.801,0.619,0.703,0.565,-0.368,0.515,0.24,0.612,0.402,0.589,0.626,0.711,0.673,0.73,-0.599,0.426,0.703,0.67,0.666,0.778,0.691,0.419,0.383,-0.279,0.616,0.638,0.615,0.807,0.614,0.598,0.684,0.692,0.579,0.624
AZTA,-0.48,-0.078,0.092,0.521,0.597,0.478,-0.063,0.374,-0.099,0.078,0.006,-0.686,-0.317,-0.149,0.223,0.0,-0.058,0.017,0.857,-0.236,-0.103,-0.396,-0.541,0.309,0.547,-0.505,-0.155,-0.067,-0.214,-0.238,0.059,-0.457,-0.337,-0.312,0.513,0.159,0.668,0.159,0.514,0.607,-0.067,0.483,-0.211,-0.252,-0.297,-0.1,-0.031,-0.074,0.741,-0.425,-0.405,-0.096,0.12,0.328,-0.074,0.685,-0.279,0.34,-0.195,0.549,0.446,-0.231,-0.307,0.406,0.109,-0.18,-0.148,0.475,0.022,0.208,-0.308,-0.353,-0.29,0.019,0.133,-0.523,0.06,-0.083,0.042,0.745,-0.095,-0.096,0.408,0.078,0.5,-0.654,0.501,0.561,0.508,0.35,-0.013,0.444,0.254,0.277,0.69,0.734,0.451,-0.479,-0.532,0.321,-0.14,0.495,-0.387,-0.388,0.352,-0.231,-0.126,-0.168,0.145,-0.552,-0.472,0.01,-0.225,-0.09,-0.243,-0.062,-0.443,0.189,0.289,-0.249,-0.321,0.163,-0.471,0.07,0.423,-0.571,0.304,-0.255,-0.093,-0.092,0.63,-0.135,-0.198,-0.318,0.73,-0.485,-0.304,-0.078,0.699,0.785,-0.389,-0.174,-0.377,0.301,0.205,-0.153,-0.48,-0.01,-0.14,-0.13,-0.304,-0.397,-0.3,-0.035,-0.303,0.218,-0.385,0.107,-0.319,0.048,0.44,0.067,-0.294,-0.338,0.265,0.728,-0.098,-0.384,-0.168,-0.371,0.321,-0.096,-0.292,0.597,-0.067,-0.46,-0.264,0.126,0.054,0.122,0.413,-0.466,0.474,-0.187,0.177,0.473,0.317,-0.625,-0.54,-0.72,-0.386,-0.027,-0.054,0.467,-0.386,-0.364,-0.262,-0.374,-0.211,-0.366
BAND,0.213,-0.162,0.93,-0.008,-0.582,-0.434,0.882,-0.637,0.892,0.838,0.192,0.587,0.867,0.578,0.834,-0.058,0.0,0.874,-0.12,0.827,0.888,0.751,0.678,0.864,0.65,0.621,0.898,0.816,0.824,0.827,0.868,0.613,0.632,-0.413,0.425,0.311,-0.138,0.036,-0.637,-0.346,0.859,-0.282,0.785,0.801,0.598,0.784,0.915,0.865,-0.444,0.841,0.751,0.932,0.755,-0.838,0.886,-0.572,0.857,0.617,0.918,0.469,0.553,0.856,0.7,0.798,0.872,-0.125,-0.244,-0.615,0.83,0.743,0.386,0.797,0.347,0.827,-0.302,0.674,0.816,0.922,0.132,-0.009,0.709,0.594,0.722,-0.08,-0.682,0.162,0.249,-0.225,0.548,0.291,-0.012,0.721,-0.536,-0.717,-0.376,-0.395,-0.227,-0.582,0.054,-0.746,0.201,-0.182,0.276,0.756,0.336,0.796,0.878,0.843,0.84,0.715,-0.162,0.927,0.854,0.904,0.771,0.75,-0.627,0.597,0.679,0.792,0.573,0.881,0.627,-0.543,0.794,0.685,-0.046,0.661,0.737,-0.017,-0.543,0.436,0.693,0.772,-0.15,0.694,0.025,0.949,0.006,-0.311,0.756,0.11,0.834,0.334,0.853,0.88,0.748,0.909,0.655,0.161,0.556,0.499,0.814,0.892,0.7,0.56,0.567,-0.798,0.216,0.111,-0.281,0.428,0.555,0.836,0.733,-0.547,0.943,0.818,0.828,0.702,-0.642,0.578,0.32,0.442,0.488,0.76,0.771,0.781,0.752,0.8,-0.853,0.622,0.648,0.856,0.549,0.629,0.684,0.616,0.575,-0.09,0.8,0.784,0.668,0.735,0.763,0.759,0.85,0.868,0.647,0.801
BECN,0.237,-0.353,0.95,0.237,-0.59,-0.373,0.969,-0.435,0.963,0.959,0.324,0.572,0.834,0.507,0.817,0.017,0.874,0.0,-0.139,0.743,0.843,0.743,0.685,0.832,0.556,0.571,0.9,0.94,0.906,0.859,0.762,0.706,0.653,-0.565,0.507,0.331,-0.095,0.303,-0.561,-0.366,0.937,-0.345,0.795,0.811,0.771,0.867,0.971,0.959,-0.324,0.85,0.774,0.856,0.877,-0.889,0.926,-0.595,0.917,0.68,0.836,0.501,0.582,0.809,0.727,0.721,0.929,-0.079,-0.129,-0.633,0.874,0.849,0.533,0.797,0.298,0.95,-0.195,0.676,0.829,0.868,0.251,0.016,0.854,0.58,0.738,0.167,-0.622,0.159,0.352,-0.17,0.713,0.26,0.083,0.737,-0.723,-0.758,-0.46,-0.455,-0.117,-0.57,-0.083,-0.797,0.09,-0.061,0.2,0.875,0.27,0.857,0.949,0.925,0.849,0.672,-0.125,0.957,0.855,0.952,0.748,0.813,-0.579,0.789,0.725,0.856,0.591,0.963,0.569,-0.565,0.712,0.689,0.127,0.537,0.86,-0.104,-0.331,0.648,0.759,0.858,-0.111,0.705,0.253,0.944,0.078,-0.335,0.688,0.341,0.848,0.234,0.897,0.872,0.699,0.945,0.721,0.067,0.685,0.505,0.815,0.957,0.787,0.751,0.614,-0.867,0.231,0.32,-0.164,0.498,0.64,0.879,0.642,-0.576,0.891,0.799,0.859,0.734,-0.576,0.646,0.267,0.479,0.642,0.803,0.834,0.824,0.85,0.745,-0.805,0.608,0.781,0.899,0.719,0.768,0.743,0.597,0.461,-0.088,0.792,0.789,0.767,0.75,0.721,0.743,0.785,0.876,0.83,0.859
BFC,-0.416,0.138,-0.045,0.519,0.702,0.635,-0.219,0.438,-0.251,-0.018,0.03,-0.777,-0.389,-0.079,0.151,0.857,-0.12,-0.139,0.0,-0.351,-0.14,-0.497,-0.636,0.186,0.563,-0.651,-0.304,-0.175,-0.38,-0.379,0.077,-0.584,-0.455,-0.062,0.451,0.133,0.756,0.068,0.645,0.656,-0.169,0.539,-0.272,-0.442,-0.477,-0.296,-0.137,-0.223,0.84,-0.526,-0.538,-0.127,-0.102,0.398,-0.204,0.739,-0.414,0.163,-0.284,0.603,0.489,-0.309,-0.41,0.409,0.046,-0.263,-0.302,0.58,-0.004,0.082,-0.312,-0.523,-0.386,-0.105,0.2,-0.587,-0.038,-0.173,0.206,0.863,-0.205,-0.077,0.424,0.159,0.595,-0.721,0.587,0.654,0.353,0.404,-0.104,0.406,0.315,0.437,0.717,0.898,0.347,-0.402,-0.298,0.484,-0.192,0.434,-0.367,-0.488,0.084,-0.384,-0.27,-0.332,0.006,-0.625,-0.443,-0.13,-0.262,-0.232,-0.245,-0.279,-0.457,0.002,0.327,-0.365,-0.435,-0.002,-0.539,0.104,0.391,-0.645,0.193,-0.315,-0.208,-0.125,0.519,-0.177,-0.22,-0.452,0.804,-0.525,-0.375,-0.171,0.652,0.888,-0.46,-0.43,-0.429,0.394,0.137,-0.213,-0.582,-0.055,-0.389,-0.145,-0.516,-0.532,-0.398,-0.19,-0.458,0.156,-0.487,0.209,-0.398,-0.048,0.503,-0.168,-0.522,-0.446,0.266,0.787,-0.13,-0.518,-0.239,-0.525,0.385,-0.218,-0.11,0.647,-0.189,-0.583,-0.413,0.039,0.03,0.07,0.452,-0.614,0.299,-0.303,0.033,0.3,0.203,-0.74,-0.636,-0.673,-0.452,-0.133,-0.136,0.464,-0.384,-0.423,-0.282,-0.467,-0.336,-0.543
BGC,0.493,0.006,0.802,-0.095,-0.539,-0.571,0.767,-0.655,0.833,0.72,-0.034,0.748,0.912,0.741,0.664,-0.236,0.827,0.743,-0.351,0.0,0.893,0.856,0.83,0.726,0.363,0.775,0.927,0.689,0.848,0.918,0.73,0.748,0.788,-0.19,0.34,0.273,-0.478,0.02,-0.787,-0.257,0.839,-0.265,0.771,0.84,0.594,0.863,0.779,0.736,-0.645,0.819,0.879,0.811,0.759,-0.736,0.785,-0.554,0.817,0.695,0.925,0.337,0.385,0.904,0.738,0.586,0.635,0.27,0.017,-0.76,0.57,0.744,0.451,0.849,0.714,0.605,-0.143,0.69,0.808,0.895,0.084,-0.277,0.545,0.326,0.573,-0.175,-0.667,0.532,-0.087,-0.239,0.263,0.11,0.125,0.497,-0.312,-0.685,-0.419,-0.503,-0.282,-0.389,0.318,-0.626,0.534,-0.259,0.594,0.756,0.322,0.811,0.86,0.855,0.628,0.906,0.149,0.791,0.669,0.774,0.847,0.862,-0.36,0.586,0.351,0.831,0.738,0.721,0.87,-0.319,0.642,0.862,-0.011,0.839,0.779,0.357,-0.613,0.244,0.804,0.828,-0.44,0.681,0.28,0.85,-0.208,-0.496,0.88,0.323,0.895,0.262,0.652,0.776,0.888,0.755,0.613,0.521,0.698,0.773,0.924,0.807,0.633,0.478,0.796,-0.535,0.546,0.18,-0.47,0.655,0.794,0.874,0.575,-0.621,0.842,0.934,0.878,0.893,-0.7,0.769,0.306,0.089,0.659,0.828,0.883,0.562,0.684,0.785,-0.835,0.763,0.424,0.819,0.311,0.493,0.616,0.799,0.779,0.288,0.865,0.801,0.686,0.427,0.762,0.857,0.877,0.841,0.648,0.845
BHF,0.346,-0.007,0.905,0.038,-0.536,-0.51,0.84,-0.64,0.891,0.831,0.21,0.603,0.925,0.727,0.809,-0.103,0.888,0.843,-0.14,0.893,0.0,0.787,0.749,0.804,0.623,0.661,0.912,0.81,0.849,0.871,0.885,0.691,0.714,-0.198,0.508,0.409,-0.259,-0.019,-0.688,-0.236,0.887,-0.282,0.843,0.817,0.597,0.842,0.877,0.818,-0.462,0.827,0.794,0.93,0.782,-0.804,0.861,-0.545,0.855,0.68,0.94,0.551,0.53,0.944,0.804,0.778,0.774,0.058,-0.2,-0.681,0.759,0.787,0.492,0.762,0.508,0.74,-0.188,0.709,0.814,0.966,0.282,-0.003,0.626,0.544,0.778,-0.095,-0.649,0.253,0.162,-0.238,0.469,0.174,0.049,0.723,-0.464,-0.608,-0.388,-0.357,-0.231,-0.524,0.206,-0.628,0.355,-0.268,0.469,0.754,0.289,0.787,0.884,0.887,0.79,0.816,0.001,0.893,0.79,0.847,0.851,0.806,-0.587,0.601,0.635,0.808,0.731,0.836,0.754,-0.5,0.785,0.743,-0.074,0.772,0.763,0.157,-0.588,0.333,0.824,0.802,-0.266,0.728,0.154,0.925,-0.109,-0.273,0.814,0.148,0.89,0.315,0.824,0.891,0.806,0.876,0.539,0.336,0.625,0.631,0.871,0.856,0.631,0.641,0.639,-0.677,0.328,0.132,-0.257,0.501,0.647,0.883,0.648,-0.56,0.936,0.874,0.87,0.795,-0.668,0.653,0.247,0.296,0.578,0.81,0.813,0.685,0.749,0.872,-0.817,0.615,0.587,0.844,0.43,0.582,0.685,0.672,0.621,0.085,0.871,0.831,0.692,0.651,0.855,0.794,0.879,0.863,0.66,0.824
BHFAL,0.429,-0.166,0.743,-0.154,-0.65,-0.557,0.786,-0.585,0.811,0.732,0.023,0.831,0.878,0.54,0.528,-0.396,0.751,0.743,-0.497,0.856,0.787,0.0,0.859,0.629,0.197,0.739,0.863,0.739,0.813,0.89,0.605,0.744,0.696,-0.222,0.12,0.305,-0.528,0.103,-0.754,-0.459,0.796,-0.461,0.757,0.874,0.654,0.833,0.783,0.771,-0.71,0.878,0.841,0.725,0.692,-0.816,0.745,-0.672,0.834,0.519,0.841,0.18,0.232,0.812,0.744,0.438,0.666,0.186,-0.001,-0.711,0.65,0.675,0.632,0.862,0.594,0.67,-0.245,0.745,0.744,0.798,0.072,-0.423,0.601,0.38,0.45,-0.122,-0.748,0.528,-0.157,-0.373,0.248,0.038,-0.022,0.406,-0.551,-0.788,-0.518,-0.634,-0.438,-0.346,0.193,-0.762,0.378,-0.312,0.425,0.842,0.25,0.82,0.827,0.826,0.599,0.867,0.093,0.761,0.741,0.784,0.825,0.749,-0.229,0.589,0.365,0.864,0.659,0.683,0.799,-0.371,0.465,0.897,-0.108,0.686,0.739,0.135,-0.621,0.416,0.755,0.817,-0.448,0.717,0.307,0.819,-0.298,-0.631,0.819,0.462,0.879,0.04,0.609,0.751,0.849,0.76,0.663,0.407,0.732,0.693,0.878,0.819,0.707,0.457,0.778,-0.638,0.555,0.147,-0.41,0.554,0.721,0.891,0.414,-0.71,0.802,0.909,0.82,0.839,-0.735,0.638,0.258,0.006,0.635,0.874,0.869,0.61,0.698,0.674,-0.895,0.793,0.412,0.891,0.348,0.369,0.487,0.791,0.693,0.33,0.816,0.791,0.658,0.35,0.782,0.842,0.827,0.854,0.696,0.886
BKNG,0.585,-0.102,0.676,-0.074,-0.735,-0.606,0.74,-0.567,0.784,0.635,0.164,0.911,0.867,0.621,0.46,-0.541,0.678,0.685,-0.636,0.83,0.749,0.859,0.0,0.5,0.061,0.84,0.831,0.7,0.856,0.877,0.565,0.887,0.774,-0.107,0.175,0.192,-0.63,0.064,-0.834,-0.508,0.747,-0.519,0.8,0.829,0.786,0.826,0.712,0.75,-0.727,0.876,0.887,0.693,0.655,-0.785,0.765,-0.783,0.835,0.474,0.809,0.107,0.15,0.797,0.771,0.3,0.531,0.245,0.108,-0.783,0.571,0.584,0.649,0.877,0.605,0.613,-0.176,0.853,0.661,0.774,0.263,-0.476,0.577,0.413,0.345,0.006,-0.755,0.645,-0.129,-0.399,0.17,0.02,0.07,0.287,-0.539,-0.679,-0.681,-0.73,-0.349,-0.058,0.38,-0.737,0.303,-0.387,0.563,0.875,0.093,0.796,0.808,0.83,0.508,0.941,0.373,0.711,0.73,0.742,0.791,0.763,-0.078,0.529,0.239,0.848,0.794,0.611,0.872,-0.436,0.3,0.934,-0.034,0.734,0.726,0.191,-0.592,0.459,0.811,0.869,-0.605,0.856,0.52,0.758,-0.397,-0.728,0.877,0.464,0.888,0.031,0.504,0.7,0.918,0.665,0.643,0.341,0.821,0.81,0.867,0.727,0.777,0.451,0.797,-0.587,0.525,0.268,-0.523,0.47,0.79,0.899,0.283,-0.838,0.733,0.922,0.774,0.899,-0.668,0.657,0.353,-0.134,0.633,0.91,0.89,0.479,0.616,0.581,-0.831,0.831,0.274,0.807,0.366,0.285,0.403,0.911,0.838,0.54,0.903,0.707,0.634,0.194,0.807,0.853,0.779,0.883,0.736,0.922
BL,0.101,-0.172,0.907,0.251,-0.268,-0.192,0.818,-0.389,0.811,0.861,0.116,0.34,0.708,0.512,0.809,0.309,0.864,0.832,0.186,0.726,0.804,0.629,0.5,0.0,0.724,0.389,0.809,0.779,0.723,0.752,0.805,0.441,0.478,-0.468,0.585,0.433,0.052,0.194,-0.436,-0.027,0.812,-0.099,0.681,0.678,0.488,0.794,0.848,0.772,-0.143,0.623,0.562,0.774,0.816,-0.664,0.814,-0.237,0.69,0.813,0.786,0.637,0.651,0.719,0.552,0.863,0.846,-0.057,-0.158,-0.396,0.773,0.864,0.408,0.651,0.313,0.791,-0.198,0.442,0.853,0.832,0.196,0.188,0.622,0.459,0.853,0.019,-0.428,-0.038,0.352,0.046,0.714,0.411,-0.004,0.86,-0.432,-0.647,-0.046,-0.081,-0.125,-0.718,-0.128,-0.601,0.238,0.053,0.118,0.608,0.41,0.69,0.808,0.745,0.808,0.496,-0.28,0.857,0.709,0.81,0.699,0.709,-0.649,0.76,0.688,0.726,0.445,0.883,0.48,-0.418,0.899,0.493,0.141,0.542,0.717,-0.035,-0.228,0.377,0.669,0.643,0.151,0.483,0.026,0.859,0.3,-0.056,0.587,0.19,0.668,0.377,0.86,0.732,0.553,0.855,0.6,0.21,0.487,0.386,0.697,0.855,0.538,0.692,0.494,-0.663,0.22,0.223,-0.141,0.505,0.489,0.716,0.76,-0.246,0.835,0.661,0.746,0.578,-0.506,0.548,0.215,0.574,0.53,0.583,0.697,0.797,0.805,0.817,-0.68,0.46,0.826,0.804,0.594,0.764,0.786,0.361,0.327,-0.265,0.616,0.816,0.689,0.812,0.578,0.617,0.711,0.656,0.612,0.66
BOKF,-0.287,-0.083,0.687,0.234,-0.057,-0.048,0.519,-0.338,0.501,0.556,0.247,-0.121,0.406,0.313,0.775,0.547,0.65,0.556,0.563,0.363,0.623,0.197,0.061,0.724,0.0,0.053,0.44,0.496,0.334,0.31,0.744,0.044,0.192,-0.295,0.633,0.405,0.416,-0.116,-0.058,0.097,0.504,0.05,0.424,0.322,0.076,0.342,0.598,0.515,0.185,0.302,0.179,0.679,0.457,-0.38,0.517,0.006,0.403,0.471,0.538,0.765,0.701,0.491,0.365,0.927,0.673,-0.426,-0.574,-0.06,0.653,0.524,0.019,0.199,-0.116,0.551,-0.231,0.172,0.503,0.621,0.218,0.643,0.386,0.54,0.844,-0.139,-0.168,-0.475,0.559,0.069,0.677,0.352,-0.127,0.863,-0.222,-0.166,0.197,0.291,0.112,-0.746,-0.267,-0.225,-0.074,0.011,-0.049,0.186,0.405,0.302,0.448,0.424,0.739,0.106,-0.482,0.647,0.493,0.536,0.352,0.331,-0.888,0.309,0.807,0.267,0.164,0.665,0.06,-0.486,0.847,0.035,-0.037,0.263,0.295,-0.106,-0.153,0.141,0.29,0.219,0.409,0.214,-0.374,0.595,0.338,0.454,0.22,-0.371,0.309,0.425,0.778,0.598,0.143,0.636,0.197,-0.088,0.052,-0.034,0.284,0.535,0.207,0.458,-0.043,-0.522,-0.263,-0.141,0.239,0.125,-0.01,0.31,0.648,0.086,0.626,0.264,0.407,0.127,-0.232,0.159,0.019,0.742,0.093,0.192,0.225,0.612,0.48,0.689,-0.293,-0.034,0.703,0.398,0.422,0.632,0.584,-0.057,-0.01,-0.605,0.316,0.463,0.292,0.883,0.393,0.224,0.455,0.36,0.183,0.241
BRKR,0.558,-0.095,0.58,-0.214,-0.792,-0.726,0.637,-0.671,0.726,0.448,0.267,0.876,0.722,0.473,0.464,-0.505,0.621,0.571,-0.651,0.775,0.661,0.739,0.84,0.389,0.053,0.0,0.766,0.539,0.802,0.76,0.42,0.874,0.863,-0.236,0.234,-0.002,-0.455,0.038,-0.848,-0.463,0.639,-0.315,0.636,0.71,0.716,0.685,0.588,0.619,-0.718,0.811,0.865,0.628,0.627,-0.66,0.718,-0.763,0.781,0.425,0.792,0.014,0.193,0.714,0.66,0.232,0.423,0.205,0.211,-0.725,0.376,0.413,0.306,0.86,0.526,0.479,-0.066,0.764,0.555,0.69,0.035,-0.446,0.556,0.3,0.215,-0.11,-0.601,0.618,-0.178,-0.392,0.096,-0.053,0.286,0.183,-0.357,-0.594,-0.667,-0.736,-0.055,0.046,0.323,-0.645,0.417,-0.242,0.511,0.686,0.201,0.769,0.726,0.751,0.48,0.884,0.484,0.633,0.56,0.655,0.529,0.795,0.006,0.393,0.077,0.76,0.636,0.527,0.771,-0.323,0.217,0.804,0.085,0.714,0.619,0.298,-0.518,0.312,0.67,0.796,-0.578,0.773,0.381,0.668,-0.258,-0.704,0.804,0.34,0.745,0.051,0.398,0.557,0.87,0.545,0.763,0.202,0.736,0.776,0.79,0.6,0.771,0.188,0.705,-0.506,0.366,0.312,-0.605,0.473,0.717,0.749,0.358,-0.74,0.585,0.828,0.604,0.837,-0.416,0.644,0.318,-0.093,0.535,0.819,0.785,0.328,0.371,0.435,-0.688,0.758,0.117,0.644,0.343,0.244,0.383,0.926,0.885,0.396,0.793,0.519,0.634,0.129,0.617,0.683,0.602,0.794,0.622,0.83
CACC,0.455,-0.127,0.908,0.028,-0.619,-0.519,0.906,-0.606,0.95,0.869,0.145,0.739,0.937,0.687,0.757,-0.155,0.898,0.9,-0.304,0.927,0.912,0.863,0.831,0.809,0.44,0.766,0.0,0.819,0.942,0.96,0.786,0.802,0.778,-0.416,0.433,0.22,-0.339,0.15,-0.769,-0.352,0.923,-0.323,0.795,0.887,0.757,0.909,0.909,0.873,-0.541,0.894,0.912,0.889,0.846,-0.858,0.908,-0.622,0.916,0.725,0.945,0.434,0.491,0.903,0.734,0.663,0.8,0.143,-0.001,-0.783,0.737,0.847,0.487,0.896,0.591,0.789,-0.19,0.749,0.89,0.939,0.168,-0.195,0.713,0.408,0.655,-0.012,-0.707,0.44,0.111,-0.198,0.455,0.189,0.143,0.613,-0.523,-0.771,-0.471,-0.525,-0.233,-0.438,0.183,-0.755,0.347,-0.202,0.48,0.862,0.332,0.895,0.954,0.928,0.758,0.869,0.076,0.906,0.777,0.899,0.865,0.909,-0.431,0.714,0.527,0.917,0.708,0.876,0.813,-0.43,0.697,0.827,0.05,0.807,0.873,0.141,-0.511,0.436,0.851,0.889,-0.368,0.726,0.305,0.953,-0.095,-0.482,0.9,0.371,0.92,0.297,0.769,0.837,0.885,0.884,0.723,0.345,0.721,0.743,0.933,0.918,0.752,0.6,0.8,-0.707,0.459,0.294,-0.447,0.618,0.777,0.926,0.638,-0.633,0.914,0.932,0.91,0.893,-0.693,0.778,0.284,0.253,0.72,0.86,0.944,0.666,0.782,0.778,-0.894,0.784,0.555,0.906,0.518,0.635,0.698,0.799,0.735,0.176,0.883,0.853,0.79,0.581,0.766,0.831,0.867,0.927,0.756,0.912
CAR,0.217,-0.431,0.902,0.229,-0.619,-0.323,0.931,-0.364,0.924,0.9,0.382,0.594,0.779,0.455,0.762,-0.067,0.816,0.94,-0.175,0.689,0.81,0.739,0.7,0.779,0.496,0.539,0.819,0.0,0.862,0.788,0.711,0.709,0.642,-0.414,0.438,0.454,-0.113,0.273,-0.502,-0.355,0.882,-0.392,0.862,0.777,0.723,0.865,0.937,0.928,-0.329,0.832,0.706,0.778,0.848,-0.876,0.877,-0.624,0.886,0.593,0.787,0.386,0.488,0.768,0.772,0.646,0.894,-0.099,-0.195,-0.529,0.874,0.752,0.7,0.778,0.233,0.943,-0.226,0.67,0.731,0.807,0.336,0.001,0.851,0.711,0.689,0.235,-0.625,0.088,0.33,-0.235,0.722,0.281,-0.035,0.701,-0.776,-0.738,-0.488,-0.473,-0.144,-0.53,-0.058,-0.807,0.078,-0.118,0.122,0.867,0.102,0.802,0.909,0.907,0.828,0.653,-0.086,0.916,0.912,0.93,0.694,0.735,-0.507,0.78,0.697,0.809,0.574,0.902,0.521,-0.651,0.624,0.693,0.101,0.411,0.787,-0.202,-0.35,0.714,0.729,0.867,-0.048,0.757,0.293,0.873,0.051,-0.37,0.588,0.362,0.839,0.026,0.898,0.879,0.659,0.913,0.698,0.017,0.725,0.428,0.771,0.933,0.804,0.76,0.543,-0.88,0.144,0.303,-0.067,0.38,0.582,0.888,0.533,-0.624,0.836,0.765,0.816,0.702,-0.513,0.527,0.377,0.428,0.537,0.839,0.775,0.847,0.842,0.687,-0.774,0.535,0.778,0.883,0.749,0.709,0.648,0.565,0.373,-0.074,0.765,0.745,0.727,0.693,0.778,0.761,0.738,0.828,0.879,0.854
CDNA,0.514,-0.22,0.86,0.154,-0.679,-0.49,0.922,-0.487,0.948,0.842,0.309,0.765,0.869,0.64,0.724,-0.214,0.824,0.906,-0.38,0.848,0.849,0.813,0.856,0.723,0.334,0.802,0.942,0.862,0.0,0.932,0.679,0.894,0.85,-0.47,0.48,0.195,-0.316,0.29,-0.723,-0.366,0.915,-0.348,0.825,0.844,0.881,0.91,0.883,0.886,-0.488,0.899,0.916,0.814,0.87,-0.857,0.928,-0.708,0.935,0.704,0.879,0.332,0.477,0.847,0.747,0.539,0.762,0.144,0.083,-0.768,0.72,0.772,0.522,0.921,0.508,0.826,-0.052,0.781,0.805,0.862,0.281,-0.19,0.815,0.474,0.583,0.187,-0.67,0.438,0.205,-0.215,0.519,0.221,0.243,0.56,-0.598,-0.736,-0.594,-0.626,-0.104,-0.284,0.201,-0.805,0.288,-0.105,0.396,0.91,0.173,0.934,0.952,0.944,0.718,0.857,0.227,0.885,0.779,0.914,0.761,0.916,-0.333,0.764,0.478,0.915,0.694,0.867,0.745,-0.482,0.55,0.841,0.226,0.703,0.899,0.116,-0.392,0.612,0.862,0.947,-0.358,0.814,0.463,0.902,-0.043,-0.567,0.834,0.43,0.899,0.203,0.752,0.798,0.856,0.838,0.79,0.177,0.822,0.762,0.922,0.877,0.868,0.629,0.784,-0.755,0.382,0.442,-0.399,0.599,0.826,0.919,0.597,-0.713,0.822,0.899,0.868,0.895,-0.536,0.785,0.374,0.244,0.735,0.9,0.934,0.634,0.76,0.673,-0.82,0.759,0.558,0.863,0.659,0.651,0.68,0.823,0.714,0.196,0.905,0.739,0.854,0.514,0.735,0.808,0.765,0.915,0.885,0.942
CG,0.528,-0.104,0.84,0.06,-0.577,-0.514,0.868,-0.537,0.905,0.854,0.097,0.781,0.931,0.685,0.657,-0.238,0.827,0.859,-0.379,0.918,0.871,0.89,0.877,0.752,0.31,0.76,0.96,0.788,0.932,0.0,0.697,0.823,0.758,-0.362,0.373,0.242,-0.43,0.263,-0.782,-0.344,0.917,-0.358,0.787,0.883,0.799,0.914,0.847,0.834,-0.576,0.885,0.926,0.81,0.823,-0.832,0.876,-0.625,0.887,0.737,0.896,0.363,0.426,0.875,0.73,0.552,0.73,0.247,0.114,-0.8,0.684,0.843,0.565,0.901,0.657,0.74,-0.102,0.748,0.88,0.885,0.169,-0.288,0.695,0.336,0.594,0.02,-0.692,0.549,0.021,-0.214,0.388,0.133,0.19,0.533,-0.528,-0.787,-0.505,-0.569,-0.309,-0.351,0.224,-0.757,0.41,-0.134,0.519,0.893,0.286,0.921,0.926,0.901,0.655,0.893,0.142,0.841,0.724,0.85,0.88,0.888,-0.305,0.741,0.427,0.952,0.726,0.806,0.855,-0.323,0.607,0.896,0.113,0.811,0.909,0.191,-0.498,0.466,0.892,0.898,-0.418,0.736,0.406,0.913,-0.15,-0.565,0.903,0.467,0.919,0.315,0.687,0.764,0.886,0.837,0.699,0.403,0.766,0.814,0.964,0.865,0.753,0.591,0.883,-0.641,0.584,0.348,-0.479,0.712,0.846,0.93,0.601,-0.665,0.863,0.935,0.905,0.911,-0.695,0.822,0.268,0.145,0.794,0.874,0.969,0.627,0.783,0.739,-0.884,0.82,0.509,0.916,0.472,0.557,0.681,0.818,0.748,0.3,0.895,0.856,0.813,0.473,0.745,0.849,0.854,0.9,0.791,0.92
CGBD,0.13,0.046,0.864,0.111,-0.399,-0.344,0.741,-0.582,0.76,0.763,0.163,0.364,0.821,0.695,0.798,0.059,0.868,0.762,0.077,0.73,0.885,0.605,0.565,0.805,0.744,0.42,0.786,0.711,0.679,0.697,0.0,0.454,0.481,-0.175,0.464,0.372,-0.146,-0.173,-0.527,-0.182,0.759,-0.274,0.733,0.677,0.416,0.666,0.798,0.735,-0.287,0.661,0.602,0.89,0.633,-0.697,0.752,-0.403,0.701,0.556,0.81,0.602,0.513,0.818,0.651,0.835,0.734,-0.135,-0.408,-0.541,0.779,0.71,0.352,0.569,0.315,0.689,-0.308,0.613,0.725,0.886,0.347,0.144,0.477,0.606,0.792,-0.094,-0.61,0.031,0.319,-0.158,0.47,0.294,-0.168,0.768,-0.406,-0.462,-0.178,-0.163,-0.236,-0.635,0.141,-0.539,0.102,-0.342,0.387,0.608,0.302,0.577,0.739,0.732,0.774,0.609,-0.223,0.832,0.747,0.755,0.793,0.614,-0.743,0.45,0.746,0.606,0.655,0.795,0.589,-0.584,0.853,0.531,-0.191,0.642,0.602,0.053,-0.53,0.244,0.657,0.604,-0.131,0.571,-0.008,0.837,-0.077,-0.045,0.691,-0.055,0.726,0.341,0.807,0.858,0.647,0.803,0.344,0.251,0.419,0.444,0.674,0.762,0.439,0.632,0.413,-0.644,0.189,-0.056,-0.17,0.303,0.413,0.725,0.596,-0.4,0.897,0.715,0.761,0.588,-0.666,0.441,0.183,0.379,0.369,0.603,0.632,0.658,0.672,0.869,-0.714,0.459,0.625,0.706,0.387,0.547,0.599,0.447,0.464,-0.047,0.733,0.745,0.49,0.708,0.791,0.64,0.813,0.739,0.472,0.643
