,ACET,ADAP,ADI,ADPT,ADTN,AGEN,ALGN,ALLK,AMD,AMWD,ARDX,ARQT,ASTE,AUPH,AVXL,AZTA,BAND,BECN,BFC,BGC,BHF,BHFAL,BKNG,BL,BOKF,BRKR,CACC,CAR,CDNA,CG,CGBD,CHI,CHTR,CHX,CLNE,CME,CNOB,CNXN,CPRX,CSGP,CSGS,CSIQ,CVCO,CVLT,CYRX,DDOG,DOOO,DSGX,DTIL,ECPG,EEFT,EFSC,ENTG,ESPR,ETSY,EXC,FAMI,FFIV,FITB,FIZZ,FMBH,FOX,FTNT,FULT,GABC,GEN,GH,GMAB,GNPX,GO,GOGL,GOOG,GPRO,GSHD,GSM,GWAV,HAIN,HBAN,HEPA,HURN,HWKN,IBIO,ICFI,IGMS,IMKTA,INCY,INO,IRDM,IRTC,IRWD,ITCI,JACK,JD,JJSF,KALA,KHC,KLAC,KRRO,KRYS,LANC,LBTYA,LIVN,LKCO,LNTH,LOGI,LPRO,LRCX,LSCC,LSTR,MAR,MARA,MCHP,MEOH,META,MGTX,MKSI,MMYT,MORN,MRUS,MTLS,MTSI,MVIS,MXL,NBIX,NFE,NMIH,NMRK,NNDM,NSIT,NTCT,NVAX,OCUL,ODP,OLED,ONB,OTEX,PACB,PATK,PAYX,PEP,PERI,PI,PLYA,PRDO,PRGS,PTGX,QCOM,QCRH,QDEL,QFIN,RGEN,RILY,RPAY,RPD,SABR,SEDG,SHEN,SIRI,SLNO,SNDL,SNEX,SONO,SPT,SSNC,STGW,STKL,STRL,STX,SWTX,SYNA,TFSL,TIGR,TNXP,TOWN,TRI,TRIP,TRMB,TRNS,TRS,TSCO,TSEM,TVTX,TXRH,VC,VCEL,VECO,VIAV,VICR,VIR,VRTX,VSTM,VTRS,WDFC,WSBC,WSC,WYNN,XENE,XNCR,XRAY,ZS
ACET,0.0,0.098,-0.239,-0.337,0.274,0.804,-0.163,0.709,0.254,0.473,-0.446,-0.115,-0.127,-0.436,0.801,-0.6,0.542,0.177,0.58,0.587,0.241,-0.287,-0.392,0.518,0.766,-0.52,-0.311,-0.336,0.758,0.616,-0.079,0.646,0.052,-0.405,-0.142,-0.541,0.644,-0.484,-0.361,-0.333,-0.358,-0.11,0.091,-0.36,0.268,0.087,0.646,-0.509,0.339,-0.535,0.008,0.825,0.552,0.307,0.32,-0.327,-0.627,-0.358,0.156,-0.2,0.304,-0.279,-0.62,0.83,0.591,-0.39,0.739,-0.343,-0.212,-0.555,0.317,-0.381,0.453,-0.448,-0.204,0.498,-0.325,-0.274,-0.202,-0.553,-0.533,0.524,-0.314,0.624,-0.168,-0.004,0.847,-0.021,-0.592,-0.217,-0.598,-0.617,-0.254,-0.776,-0.266,-0.537,0.228,0.587,-0.445,-0.232,-0.286,0.331,0.72,-0.39,-0.496,0.061,0.247,0.094,-0.353,0.089,-0.126,0.336,0.288,-0.582,0.128,0.457,0.698,-0.57,0.272,-0.494,0.515,-0.533,0.327,-0.548,-0.334,-0.287,-0.056,-0.136,-0.371,-0.359,-0.477,-0.141,0.72,-0.503,0.723,-0.34,-0.662,0.419,0.066,-0.615,-0.709,0.085,-0.298,-0.083,0.642,0.578,-0.002,0.586,-0.435,-0.626,0.261,0.779,-0.222,-0.613,-0.304,-0.09,-0.164,-0.503,-0.312,0.054,-0.449,-0.372,0.548,-0.325,0.115,-0.293,0.577,-0.557,0.801,0.459,0.69,-0.535,0.28,0.605,-0.715,-0.028,-0.133,0.3,0.261,-0.188,-0.461,-0.188,-0.447,0.531,0.1,0.48,0.068,-0.58,0.016,-0.605,0.639,-0.311,-0.089,0.58,0.64,-0.148,-0.399,0.046,-0.503,0.096
ADAP,0.098,0.0,-0.241,-0.356,-0.83,-0.059,0.714,-0.439,-0.573,0.287,0.3,0.849,0.439,0.27,-0.284,0.518,-0.526,0.535,-0.35,-0.47,0.131,0.531,0.24,-0.235,-0.214,0.64,0.789,-0.096,0.328,0.25,0.563,0.485,-0.293,0.367,0.492,0.079,-0.554,0.484,0.701,0.532,0.406,0.102,-0.352,0.749,-0.622,-0.007,0.202,0.513,0.681,0.451,0.505,-0.156,-0.59,-0.514,-0.5,0.277,0.39,0.305,0.394,-0.673,-0.63,0.203,0.486,-0.171,-0.537,0.639,0.382,0.805,-0.031,0.251,0.439,0.488,-0.625,0.514,-0.39,-0.335,0.635,0.521,0.458,0.447,0.168,-0.511,0.47,-0.438,0.439,0.555,0.188,-0.586,0.61,0.736,0.364,0.29,-0.663,0.117,0.676,0.356,-0.54,-0.153,0.629,-0.432,-0.01,0.37,-0.246,0.773,0.409,-0.152,-0.341,-0.017,0.643,0.512,0.866,-0.186,0.276,0.53,0.305,-0.497,0.113,0.403,0.815,-0.04,-0.543,-0.399,-0.742,0.413,0.615,0.739,-0.547,-0.449,-0.587,0.54,0.643,0.559,-0.214,-0.361,-0.344,0.631,0.253,0.564,-0.315,0.314,0.253,0.628,0.271,0.601,0.03,-0.359,-0.605,-0.412,0.605,0.095,0.647,0.087,0.719,0.386,0.155,0.486,0.658,0.336,0.822,-0.168,0.344,0.599,-0.413,0.623,-0.726,0.753,-0.121,0.166,-0.231,-0.594,0.326,0.402,-0.711,-0.491,0.123,-0.526,-0.379,-0.449,-0.113,0.401,0.692,-0.429,0.339,-0.19,0.662,-0.571,-0.661,-0.122,0.737,0.562,-0.317,0.51,0.552,-0.476,-0.252,0.118,0.227,0.715,0.574,-0.315
ADI,-0.239,-0.241,0.0,0.448,0.114,-0.07,0.304,-0.214,0.205,0.281,0.532,-0.073,0.468,0.121,-0.077,0.407,0.205,0.213,-0.076,-0.024,0.416,0.177,0.692,0.319,-0.174,0.177,0.136,0.744,-0.221,-0.055,0.242,-0.212,0.391,0.367,0.328,0.324,-0.061,0.255,0.023,0.257,0.329,0.539,0.66,0.008,0.473,0.641,0.079,0.408,-0.27,0.251,0.189,-0.251,0.194,-0.069,0.406,0.171,0.218,0.471,0.174,0.268,0.053,0.619,0.346,-0.213,-0.057,0.168,-0.309,-0.037,0.096,0.148,-0.051,-0.012,0.44,0.35,0.672,-0.332,0.17,0.109,0.442,0.18,0.38,-0.111,0.405,-0.138,0.122,-0.004,-0.412,0.425,0.143,-0.219,0.173,0.512,0.612,0.297,-0.19,0.165,0.75,0.315,0.036,0.45,0.502,0.113,0.031,0.098,0.534,0.121,0.637,0.758,0.177,0.448,0.074,0.721,0.441,0.347,0.311,0.504,0.066,0.446,-0.14,0.812,0.136,0.748,0.247,0.263,0.321,0.137,0.647,0.735,0.497,0.033,0.104,0.277,-0.011,0.785,-0.152,0.317,0.565,0.097,0.528,0.292,0.416,0.304,0.635,0.008,-0.298,0.272,0.52,-0.171,0.189,0.598,-0.198,-0.026,0.285,0.326,0.598,0.5,-0.052,0.319,-0.15,0.563,0.359,0.186,0.032,0.339,0.435,0.072,-0.048,0.611,-0.129,0.212,-0.195,0.454,0.237,-0.184,0.515,0.784,0.708,0.191,0.443,0.442,0.225,0.535,0.318,-0.1,-0.116,0.212,0.374,0.774,-0.03,0.106,-0.378,0.073,0.252,-0.23,0.169,0.697,0.551,-0.195,0.265,0.349
ADPT,-0.337,-0.356,0.448,0.0,0.264,-0.064,-0.011,-0.206,-0.041,-0.067,0.461,-0.215,0.211,0.371,-0.185,0.311,-0.016,-0.054,-0.145,-0.044,0.309,0.082,0.394,0.148,-0.116,0.146,0.014,0.446,-0.175,-0.244,0.204,-0.592,0.397,0.329,0.111,0.484,0.029,0.267,0.054,0.385,0.289,0.293,0.463,-0.044,0.478,0.288,-0.352,0.139,-0.364,0.306,-0.026,-0.235,-0.04,0.188,0.042,0.236,0.218,0.284,0.168,0.654,0.277,0.272,0.293,-0.195,0.1,0.139,-0.518,-0.026,0.373,0.24,-0.262,-0.111,0.249,0.341,0.618,-0.377,0.121,0.257,0.166,0.404,0.574,-0.017,0.308,-0.117,0.088,-0.164,-0.478,0.585,0.125,0.046,0.301,0.394,0.546,0.426,-0.078,0.402,0.229,0.129,0.207,0.218,0.38,-0.151,-0.205,-0.027,0.333,0.131,0.036,0.066,0.132,-0.027,-0.218,-0.017,0.103,0.181,0.135,0.138,-0.34,0.301,-0.423,0.615,0.004,0.694,0.142,0.266,0.116,0.122,0.54,0.667,0.594,0.139,0.076,0.243,-0.131,0.574,-0.009,0.128,0.459,-0.267,0.413,0.439,0.392,-0.219,0.393,0.101,-0.171,0.12,0.391,0.063,0.177,0.468,-0.279,-0.356,0.036,0.29,0.294,0.111,-0.112,0.385,-0.08,0.288,0.457,-0.002,-0.168,0.173,0.416,-0.047,-0.114,0.397,-0.314,0.102,-0.152,0.258,0.084,0.039,0.547,0.507,0.611,0.149,0.421,0.263,0.062,0.66,0.156,-0.105,-0.137,0.033,0.316,0.577,-0.055,0.199,-0.265,0.16,0.121,-0.006,-0.052,0.47,0.441,-0.06,0.21,0.24
ADTN,0.274,-0.83,0.114,0.264,0.0,0.448,-0.79,0.72,0.67,-0.033,-0.459,-0.917,-0.441,-0.423,0.626,-0.726,0.75,-0.447,0.606,0.759,-0.01,-0.733,-0.302,0.496,0.524,-0.83,-0.89,-0.105,0.029,0.092,-0.479,-0.23,0.178,-0.591,-0.657,-0.379,0.796,-0.685,-0.869,-0.662,-0.584,-0.002,0.414,-0.916,0.756,0.127,0.104,-0.695,-0.563,-0.712,-0.346,0.484,0.762,0.7,0.701,-0.556,-0.682,-0.492,-0.328,0.577,0.701,-0.363,-0.724,0.487,0.765,-0.814,-0.133,-0.86,0.115,-0.559,-0.16,-0.587,0.798,-0.701,0.285,0.528,-0.827,-0.579,-0.601,-0.613,-0.412,0.783,-0.62,0.74,-0.557,-0.641,0.226,0.604,-0.859,-0.683,-0.626,-0.544,0.549,-0.468,-0.72,-0.597,0.558,0.28,-0.782,0.326,-0.206,-0.272,0.414,-0.89,-0.607,0.274,0.376,0.061,-0.763,-0.425,-0.911,0.258,-0.102,-0.741,-0.312,0.598,0.104,-0.652,-0.585,-0.124,0.781,0.096,0.863,-0.683,-0.785,-0.828,0.423,0.385,0.376,-0.69,-0.865,-0.564,0.545,0.063,0.659,-0.763,-0.515,-0.376,0.316,-0.567,-0.447,-0.593,-0.388,-0.637,0.358,0.627,0.602,0.694,-0.729,-0.358,-0.589,0.257,-0.801,-0.639,-0.394,-0.378,-0.808,-0.587,-0.903,0.232,-0.436,-0.81,0.703,-0.78,0.847,-0.898,0.476,-0.484,0.467,0.821,-0.003,-0.685,0.69,0.724,-0.415,0.529,0.31,0.611,0.275,-0.49,-0.841,0.313,-0.654,0.492,-0.699,0.732,0.587,-0.143,-0.754,-0.781,0.61,-0.688,-0.529,0.73,0.588,-0.135,-0.407,-0.662,-0.799,0.476
AGEN,0.804,-0.059,-0.07,-0.064,0.448,0.0,-0.258,0.687,0.241,0.479,-0.261,-0.32,-0.042,-0.334,0.812,-0.529,0.61,0.075,0.588,0.61,0.267,-0.381,-0.134,0.641,0.677,-0.535,-0.369,-0.325,0.667,0.522,0.06,0.312,-0.017,-0.34,-0.279,-0.457,0.617,-0.478,-0.428,-0.329,-0.359,0.047,0.332,-0.496,0.461,0.316,0.52,-0.419,0.181,-0.508,0.035,0.671,0.501,0.459,0.478,-0.416,-0.699,-0.398,0.087,-0.021,0.372,-0.304,-0.577,0.653,0.578,-0.451,0.486,-0.344,0.096,-0.632,0.305,-0.488,0.57,-0.487,-0.038,0.396,-0.412,-0.277,-0.28,-0.413,-0.422,0.6,-0.276,0.698,-0.162,-0.163,0.742,0.279,-0.641,-0.116,-0.523,-0.481,-0.026,-0.673,-0.395,-0.493,0.315,0.526,-0.448,-0.153,-0.247,0.315,0.622,-0.468,-0.41,0.074,0.163,0.159,-0.403,0.09,-0.299,0.288,0.345,-0.557,0.17,0.414,0.52,-0.536,0.203,-0.281,0.568,-0.341,0.377,-0.576,-0.418,-0.351,0.087,0.141,-0.152,-0.487,-0.548,-0.07,0.685,-0.463,0.681,-0.354,-0.529,0.253,0.145,-0.514,-0.419,-0.109,-0.2,-0.173,0.674,0.728,0.014,0.59,-0.423,-0.488,0.019,0.738,-0.337,-0.543,-0.382,0.031,-0.36,-0.555,-0.375,0.108,-0.291,-0.489,0.598,-0.395,0.414,-0.432,0.671,-0.606,0.683,0.539,0.528,-0.607,0.177,0.561,-0.509,0.212,0.033,0.431,0.408,-0.108,-0.449,0.083,-0.6,0.561,-0.177,0.46,-0.007,-0.418,-0.079,-0.59,0.524,-0.424,0.07,0.559,0.711,0.117,-0.189,0.022,-0.54,0.247
ALGN,-0.163,0.714,0.304,-0.011,-0.79,-0.258,0.0,-0.614,-0.602,0.35,0.579,0.859,0.598,0.269,-0.491,0.775,-0.482,0.529,-0.506,-0.67,0.366,0.754,0.575,-0.25,-0.376,0.743,0.866,0.435,0.033,-0.026,0.567,0.275,0.172,0.79,0.857,0.512,-0.609,0.74,0.826,0.731,0.775,0.243,-0.106,0.869,-0.419,0.266,0.019,0.835,0.618,0.758,0.351,-0.356,-0.571,-0.747,-0.396,0.655,0.703,0.769,0.48,-0.482,-0.472,0.677,0.717,-0.326,-0.579,0.882,0.218,0.719,-0.244,0.46,0.065,0.568,-0.381,0.777,0.017,-0.64,0.881,0.568,0.84,0.548,0.491,-0.739,0.865,-0.729,0.737,0.774,-0.264,-0.275,0.753,0.553,0.563,0.734,-0.341,0.52,0.495,0.564,-0.147,0.1,0.686,-0.183,0.568,0.468,-0.129,0.869,0.76,-0.327,-0.117,0.216,0.734,0.758,0.886,0.154,0.421,0.788,0.583,-0.26,0.16,0.778,0.567,0.444,-0.626,0.167,-0.636,0.752,0.914,0.824,-0.011,-0.021,-0.07,0.736,0.828,0.634,-0.365,0.218,-0.519,0.894,0.698,0.525,-0.143,0.603,0.482,0.708,0.58,0.788,-0.348,-0.375,-0.409,-0.55,0.726,0.472,0.522,-0.102,0.956,0.768,0.741,0.525,0.835,0.657,0.712,0.027,0.5,0.875,-0.58,0.913,-0.536,0.858,-0.427,0.659,-0.285,-0.659,0.046,0.727,-0.523,-0.669,0.547,-0.026,-0.028,-0.511,0.074,0.826,0.767,-0.121,0.751,-0.49,0.777,-0.553,-0.329,0.357,0.81,0.667,-0.663,0.752,0.647,-0.666,-0.376,0.545,0.495,0.658,0.844,-0.327
ALLK,0.709,-0.439,-0.214,-0.206,0.72,0.687,-0.614,0.0,0.661,0.252,-0.697,-0.672,-0.458,-0.614,0.846,-0.885,0.808,-0.197,0.778,0.795,0.019,-0.775,-0.574,0.493,0.779,-0.912,-0.807,-0.262,0.402,0.447,-0.514,0.307,0.136,-0.708,-0.6,-0.696,0.873,-0.815,-0.787,-0.742,-0.708,-0.122,0.146,-0.813,0.538,-0.007,0.461,-0.794,-0.16,-0.869,-0.191,0.82,0.823,0.586,0.648,-0.632,-0.787,-0.652,-0.247,0.182,0.659,-0.389,-0.904,0.792,0.836,-0.773,0.435,-0.797,-0.086,-0.622,0.07,-0.536,0.697,-0.769,-0.045,0.678,-0.771,-0.603,-0.624,-0.831,-0.703,0.818,-0.702,0.82,-0.407,-0.426,0.666,0.252,-0.884,-0.554,-0.825,-0.772,0.118,-0.783,-0.541,-0.804,0.392,0.438,-0.834,0.077,-0.381,0.021,0.638,-0.774,-0.823,0.28,0.342,0.054,-0.738,-0.327,-0.671,0.289,0.015,-0.886,-0.254,0.585,0.508,-0.865,-0.218,-0.5,0.824,-0.399,0.781,-0.832,-0.712,-0.761,0.042,-0.036,-0.027,-0.725,-0.867,-0.532,0.79,-0.337,0.816,-0.769,-0.816,0.041,0.046,-0.85,-0.731,-0.316,-0.586,-0.471,0.61,0.656,0.339,0.795,-0.791,-0.653,-0.24,0.634,-0.673,-0.823,-0.477,-0.375,-0.604,-0.766,-0.793,0.153,-0.683,-0.758,0.821,-0.753,0.536,-0.806,0.652,-0.729,0.77,0.764,0.356,-0.76,0.566,0.81,-0.827,0.223,-0.041,0.565,0.183,-0.465,-0.88,-0.048,-0.722,0.63,-0.358,0.754,0.347,-0.568,-0.57,-0.919,0.76,-0.693,-0.524,0.854,0.696,-0.357,-0.666,-0.433,-0.872,0.355
AMD,0.254,-0.573,0.205,-0.041,0.67,0.241,-0.602,0.661,0.0,0.201,-0.467,-0.71,-0.213,-0.38,0.63,-0.589,0.72,-0.057,0.691,0.741,-0.009,-0.762,-0.327,0.513,0.503,-0.699,-0.708,0.084,0.109,0.428,-0.419,0.161,0.026,-0.689,-0.621,-0.703,0.656,-0.738,-0.809,-0.657,-0.688,0.172,0.384,-0.77,0.672,0.199,0.471,-0.619,-0.505,-0.782,0.085,0.506,0.847,0.636,0.759,-0.741,-0.599,-0.592,-0.318,0.379,0.535,-0.137,-0.604,0.477,0.669,-0.755,0.043,-0.778,0.124,-0.345,0.251,-0.424,0.679,-0.528,0.247,0.587,-0.728,-0.532,-0.502,-0.667,-0.496,0.762,-0.668,0.715,-0.626,-0.671,0.346,0.224,-0.656,-0.728,-0.72,-0.575,0.396,-0.6,-0.35,-0.763,0.654,0.228,-0.758,0.436,-0.458,-0.31,0.259,-0.692,-0.61,0.51,0.728,0.458,-0.547,-0.39,-0.589,0.514,0.064,-0.657,-0.39,0.713,0.338,-0.689,-0.455,-0.112,0.884,-0.094,0.818,-0.742,-0.574,-0.659,0.052,0.156,0.003,-0.77,-0.808,-0.474,0.672,0.119,0.586,-0.662,-0.543,0.006,0.267,-0.749,-0.492,-0.105,-0.32,-0.604,0.413,0.628,0.706,0.586,-0.694,-0.289,-0.31,0.419,-0.614,-0.734,-0.355,-0.062,-0.769,-0.614,-0.768,0.494,-0.43,-0.674,0.825,-0.641,0.556,-0.741,0.618,-0.398,0.439,0.855,0.164,-0.411,0.633,0.65,-0.554,0.33,0.326,0.749,0.154,-0.566,-0.662,0.127,-0.573,0.636,-0.552,0.857,0.648,-0.122,-0.795,-0.761,0.508,-0.791,-0.627,0.678,0.661,-0.3,-0.443,-0.779,-0.761,0.729
AMWD,0.473,0.287,0.281,-0.067,-0.033,0.479,0.35,0.252,0.201,0.0,0.103,0.138,0.609,-0.071,0.49,0.001,0.437,0.735,0.459,0.314,0.67,-0.065,0.273,0.584,0.523,-0.074,0.171,0.255,0.557,0.759,0.442,0.581,0.194,0.126,0.246,-0.326,0.264,-0.11,0.002,0.086,0.004,0.367,0.498,-0.009,0.374,0.685,0.781,0.102,0.45,-0.094,0.624,0.481,0.322,0.126,0.434,-0.2,-0.144,-0.009,0.446,-0.13,0.224,0.351,-0.079,0.504,0.375,0.081,0.53,-0.086,0.018,-0.084,0.507,-0.166,0.41,0.107,0.31,0.047,0.065,0.099,0.311,-0.084,-0.04,0.283,0.213,0.283,0.144,0.099,0.452,0.108,-0.112,-0.042,-0.268,0.058,-0.117,-0.314,0.16,-0.254,0.43,0.524,-0.116,-0.04,0.062,0.381,0.366,0.04,0.013,0.152,0.443,0.601,0.203,0.504,0.234,0.604,0.871,-0.127,0.483,0.466,0.747,-0.121,0.319,0.196,0.4,-0.141,0.114,-0.217,0.308,0.24,0.032,0.143,-0.292,-0.156,-0.124,0.265,0.605,-0.026,0.454,0.218,-0.069,0.86,0.181,-0.279,-0.189,0.507,0.273,0.41,0.531,0.582,0.084,0.375,-0.051,-0.041,0.459,0.707,0.319,-0.158,0.19,0.494,0.007,-0.112,-0.053,0.378,0.16,-0.012,0.397,0.231,0.101,0.091,0.613,-0.062,0.43,0.316,0.666,0.058,0.049,0.258,-0.182,0.306,0.316,0.468,0.645,0.258,0.025,0.033,-0.031,0.501,0.197,0.406,0.189,-0.022,0.119,-0.247,0.123,-0.064,0.223,0.277,0.662,0.363,0.041,0.058,-0.056,0.434
ARDX,-0.446,0.3,0.532,0.461,-0.459,-0.261,0.579,-0.697,-0.467,0.103,0.0,0.445,0.757,0.77,-0.521,0.838,-0.402,0.447,-0.555,-0.447,0.409,0.684,0.811,0.073,-0.525,0.791,0.719,0.561,-0.14,-0.148,0.75,-0.374,0.19,0.731,0.628,0.662,-0.633,0.73,0.637,0.809,0.635,0.462,0.393,0.552,-0.088,0.477,-0.208,0.72,0.069,0.804,0.415,-0.679,-0.466,-0.217,-0.282,0.52,0.63,0.568,0.508,0.139,-0.441,0.52,0.856,-0.611,-0.532,0.686,-0.459,0.631,0.438,0.608,0.09,0.126,-0.275,0.807,0.501,-0.665,0.621,0.703,0.68,0.842,0.85,-0.496,0.684,-0.503,0.299,0.212,-0.573,0.183,0.7,0.453,0.797,0.772,0.302,0.602,0.434,0.763,0.016,0.036,0.737,-0.146,0.469,0.155,-0.458,0.566,0.878,0.026,0.021,0.355,0.747,0.499,0.5,0.063,0.413,0.699,0.38,-0.149,-0.351,0.797,0.103,0.783,-0.485,0.658,-0.494,0.682,0.691,0.726,0.317,0.461,0.172,0.484,0.664,0.837,-0.491,0.531,-0.525,0.744,0.809,0.163,0.46,0.778,0.766,0.388,0.912,0.412,-0.371,-0.131,0.015,-0.536,0.713,0.848,0.241,-0.31,0.654,0.684,0.553,0.651,0.369,0.742,0.564,0.286,0.88,0.463,-0.565,0.76,-0.081,0.625,-0.276,0.736,-0.592,-0.358,-0.089,0.786,-0.368,-0.547,0.811,0.225,0.525,-0.149,0.349,0.579,0.788,0.547,0.595,-0.278,0.177,-0.389,-0.203,0.794,0.457,0.725,-0.631,0.571,0.616,-0.641,-0.263,0.707,0.878,0.345,0.766,0.021
ARQT,-0.115,0.849,-0.073,-0.215,-0.917,-0.32,0.859,-0.672,-0.71,0.138,0.445,0.0,0.456,0.309,-0.533,0.686,-0.68,0.45,-0.587,-0.716,0.135,0.794,0.347,-0.416,-0.414,0.804,0.906,0.087,0.118,-0.035,0.544,0.349,-0.101,0.649,0.768,0.4,-0.69,0.709,0.895,0.681,0.689,0.03,-0.389,0.945,-0.699,-0.043,-0.012,0.704,0.718,0.723,0.295,-0.361,-0.701,-0.734,-0.652,0.613,0.644,0.622,0.444,-0.625,-0.668,0.417,0.681,-0.347,-0.687,0.839,0.254,0.841,-0.265,0.434,0.151,0.613,-0.669,0.711,-0.281,-0.528,0.852,0.586,0.707,0.551,0.387,-0.77,0.709,-0.717,0.587,0.795,-0.122,-0.544,0.783,0.688,0.581,0.54,-0.582,0.426,0.624,0.568,-0.47,-0.132,0.778,-0.381,0.323,0.396,-0.228,0.874,0.643,-0.397,-0.324,-0.034,0.712,0.588,0.939,-0.131,0.238,0.744,0.482,-0.501,0.055,0.679,0.617,0.145,-0.758,-0.109,-0.831,0.722,0.807,0.835,-0.285,-0.342,-0.372,0.766,0.872,0.588,-0.453,-0.05,-0.552,0.825,0.515,0.428,-0.269,0.556,0.343,0.663,0.407,0.717,-0.312,-0.553,-0.597,-0.606,0.714,0.329,0.652,-0.16,0.861,0.653,0.48,0.408,0.883,0.609,0.886,-0.264,0.43,0.845,-0.68,0.828,-0.814,0.927,-0.471,0.494,-0.293,-0.793,0.09,0.646,-0.634,-0.679,0.41,-0.441,-0.301,-0.647,-0.188,0.56,0.806,-0.344,0.688,-0.496,0.819,-0.695,-0.494,0.141,0.877,0.739,-0.526,0.762,0.564,-0.694,-0.507,0.248,0.392,0.753,0.807,-0.516
ASTE,-0.127,0.439,0.468,0.211,-0.441,-0.042,0.598,-0.458,-0.213,0.609,0.757,0.456,0.0,0.603,-0.156,0.619,-0.127,0.857,-0.143,-0.15,0.686,0.481,0.706,0.318,-0.101,0.589,0.682,0.545,0.166,0.369,0.826,0.113,0.164,0.603,0.607,0.263,-0.386,0.475,0.507,0.678,0.448,0.51,0.536,0.454,0.062,0.668,0.311,0.569,0.302,0.56,0.717,-0.251,-0.202,-0.047,-0.032,0.259,0.365,0.344,0.675,0.031,-0.265,0.528,0.637,-0.197,-0.216,0.559,-0.087,0.456,0.365,0.51,0.444,-0.031,-0.104,0.689,0.548,-0.405,0.492,0.654,0.675,0.621,0.646,-0.199,0.601,-0.213,0.266,0.171,-0.176,0.133,0.513,0.305,0.492,0.57,0.114,0.252,0.508,0.445,0.178,0.242,0.52,-0.215,0.304,0.248,-0.207,0.479,0.644,0.164,0.267,0.59,0.755,0.616,0.539,0.339,0.795,0.439,0.511,0.099,0.13,0.494,0.255,0.625,-0.155,0.332,-0.368,0.364,0.711,0.733,0.133,0.333,-0.157,0.291,0.443,0.782,-0.026,0.335,-0.142,0.688,0.495,0.662,0.443,0.407,0.403,0.637,0.845,0.542,0.03,0.187,0.042,-0.206,0.509,0.621,0.551,0.152,0.657,0.373,0.445,0.741,0.28,0.531,0.44,0.403,0.795,0.334,-0.237,0.707,-0.099,0.58,0.185,0.5,-0.245,-0.106,0.357,0.629,-0.277,-0.264,0.476,0.21,0.557,0.209,0.585,0.494,0.627,0.387,0.458,0.143,0.241,-0.047,-0.074,0.539,0.392,0.44,-0.382,0.401,0.546,-0.33,0.169,0.637,0.65,0.274,0.547,0.256
AUPH,-0.436,0.27,0.121,0.371,-0.423,-0.334,0.269,-0.614,-0.38,-0.071,0.77,0.309,0.603,0.0,-0.412,0.632,-0.463,0.454,-0.407,-0.268,0.232,0.474,0.395,0.088,-0.406,0.681,0.583,0.323,-0.044,-0.066,0.63,-0.388,0.045,0.457,0.34,0.461,-0.592,0.532,0.492,0.723,0.317,0.212,0.306,0.423,-0.109,0.226,-0.252,0.385,-0.031,0.638,0.439,-0.565,-0.422,0.089,-0.464,0.346,0.489,0.17,0.384,0.318,-0.382,0.142,0.725,-0.511,-0.391,0.481,-0.505,0.541,0.626,0.682,0.275,-0.115,-0.439,0.645,0.405,-0.446,0.47,0.657,0.432,0.834,0.784,-0.262,0.378,-0.303,0.019,-0.081,-0.428,0.092,0.62,0.416,0.701,0.46,0.205,0.414,0.617,0.689,-0.25,-0.107,0.701,-0.225,0.08,-0.193,-0.55,0.38,0.552,0.255,-0.129,0.066,0.714,0.06,0.353,-0.255,0.179,0.428,0.072,-0.234,-0.48,0.495,-0.022,0.426,-0.404,0.446,-0.515,0.431,0.463,0.663,-0.004,0.31,-0.077,0.356,0.487,0.682,-0.396,0.258,-0.357,0.508,0.487,0.127,0.438,0.609,0.515,0.18,0.694,0.305,-0.11,-0.128,-0.008,-0.387,0.564,0.636,0.358,-0.345,0.37,0.363,0.145,0.391,0.186,0.602,0.543,0.174,0.817,0.217,-0.494,0.505,-0.223,0.502,-0.107,0.452,-0.611,-0.282,0.074,0.601,-0.393,-0.294,0.551,-0.158,0.462,0.025,0.249,0.21,0.639,0.533,0.361,-0.013,0.047,-0.287,-0.22,0.483,0.291,0.665,-0.4,0.377,0.424,-0.428,-0.24,0.336,0.708,0.277,0.57,0.104
AVXL,0.801,-0.284,-0.077,-0.185,0.626,0.812,-0.491,0.846,0.63,0.49,-0.521,-0.533,-0.156,-0.412,0.0,-0.768,0.795,0.101,0.845,0.865,0.188,-0.657,-0.423,0.752,0.824,-0.773,-0.615,-0.283,0.625,0.659,-0.198,0.424,-0.0,-0.633,-0.503,-0.732,0.797,-0.756,-0.728,-0.585,-0.663,-0.009,0.406,-0.724,0.637,0.285,0.667,-0.684,-0.022,-0.787,0.062,0.858,0.817,0.665,0.65,-0.655,-0.8,-0.633,-0.078,0.131,0.542,-0.361,-0.788,0.831,0.815,-0.711,0.505,-0.677,0.022,-0.645,0.401,-0.631,0.714,-0.674,0.037,0.664,-0.635,-0.509,-0.414,-0.687,-0.608,0.856,-0.56,0.898,-0.492,-0.427,0.817,0.234,-0.831,-0.506,-0.817,-0.733,0.053,-0.878,-0.371,-0.783,0.487,0.509,-0.731,0.091,-0.45,0.019,0.701,-0.724,-0.693,0.284,0.462,0.254,-0.569,-0.177,-0.479,0.45,0.281,-0.814,-0.063,0.683,0.645,-0.794,-0.026,-0.406,0.86,-0.388,0.635,-0.839,-0.594,-0.55,0.024,0.113,-0.263,-0.721,-0.819,-0.361,0.885,-0.379,0.871,-0.595,-0.76,0.296,0.226,-0.823,-0.739,-0.138,-0.372,-0.365,0.807,0.85,0.289,0.766,-0.734,-0.626,0.021,0.802,-0.548,-0.84,-0.504,-0.111,-0.606,-0.753,-0.64,0.235,-0.48,-0.686,0.876,-0.62,0.446,-0.645,0.83,-0.701,0.83,0.808,0.578,-0.676,0.465,0.814,-0.759,0.182,0.135,0.692,0.37,-0.452,-0.688,0.031,-0.734,0.799,-0.336,0.81,0.348,-0.516,-0.423,-0.841,0.768,-0.703,-0.256,0.795,0.887,-0.185,-0.434,-0.338,-0.794,0.511
AZTA,-0.6,0.518,0.407,0.311,-0.726,-0.529,0.775,-0.885,-0.589,0.001,0.838,0.686,0.619,0.632,-0.768,0.0,-0.68,0.364,-0.706,-0.756,0.206,0.765,0.753,-0.319,-0.691,0.94,0.867,0.509,-0.263,-0.277,0.652,-0.229,0.057,0.785,0.689,0.685,-0.815,0.862,0.824,0.842,0.775,0.363,0.018,0.816,-0.371,0.227,-0.301,0.878,0.192,0.887,0.407,-0.755,-0.731,-0.577,-0.488,0.616,0.815,0.728,0.372,-0.142,-0.584,0.601,0.959,-0.721,-0.762,0.848,-0.35,0.826,0.188,0.645,0.027,0.555,-0.532,0.904,0.217,-0.787,0.832,0.702,0.722,0.863,0.769,-0.781,0.804,-0.806,0.522,0.453,-0.626,-0.147,0.916,0.64,0.816,0.88,-0.02,0.773,0.558,0.807,-0.229,-0.233,0.865,-0.039,0.477,0.135,-0.609,0.855,0.915,-0.108,-0.184,0.184,0.829,0.509,0.744,-0.098,0.222,0.935,0.366,-0.426,-0.364,0.916,0.276,0.701,-0.722,0.48,-0.683,0.853,0.837,0.846,0.038,0.185,0.104,0.723,0.877,0.718,-0.644,0.452,-0.744,0.863,0.923,0.142,0.052,0.866,0.845,0.491,0.743,0.57,-0.536,-0.498,-0.212,-0.723,0.877,0.782,0.252,-0.495,0.824,0.87,0.635,0.61,0.618,0.817,0.776,0.096,0.78,0.785,-0.733,0.871,-0.411,0.817,-0.528,0.811,-0.75,-0.668,-0.23,0.873,-0.583,-0.781,0.856,-0.0,0.206,-0.458,0.029,0.674,0.921,0.174,0.737,-0.557,0.439,-0.664,-0.323,0.69,0.611,0.908,-0.826,0.711,0.611,-0.805,-0.557,0.571,0.773,0.489,0.926,-0.182
BAND,0.542,-0.526,0.205,-0.016,0.75,0.61,-0.482,0.808,0.72,0.437,-0.402,-0.68,-0.127,-0.463,0.795,-0.68,0.0,0.014,0.713,0.843,0.324,-0.665,-0.172,0.712,0.773,-0.784,-0.665,0.036,0.383,0.528,-0.249,0.254,0.296,-0.48,-0.429,-0.571,0.839,-0.655,-0.724,-0.575,-0.529,0.204,0.515,-0.777,0.759,0.418,0.561,-0.536,-0.199,-0.713,0.001,0.691,0.891,0.593,0.876,-0.591,-0.677,-0.427,-0.032,0.281,0.673,-0.109,-0.716,0.721,0.819,-0.632,0.288,-0.798,0.005,-0.497,0.16,-0.589,0.883,-0.57,0.283,0.615,-0.721,-0.451,-0.364,-0.671,-0.485,0.821,-0.507,0.808,-0.426,-0.433,0.46,0.476,-0.777,-0.696,-0.701,-0.541,0.379,-0.648,-0.515,-0.697,0.696,0.532,-0.81,0.17,-0.194,0.088,0.583,-0.71,-0.556,0.372,0.588,0.436,-0.575,-0.021,-0.61,0.607,0.339,-0.74,-0.112,0.778,0.51,-0.68,-0.304,-0.139,0.868,-0.077,0.83,-0.736,-0.501,-0.626,0.367,0.244,0.08,-0.695,-0.808,-0.362,0.753,-0.0,0.784,-0.535,-0.581,0.17,0.377,-0.703,-0.559,-0.116,-0.208,-0.405,0.502,0.79,0.56,0.789,-0.708,-0.353,-0.15,0.72,-0.538,-0.671,-0.19,-0.061,-0.625,-0.593,-0.814,0.392,-0.413,-0.681,0.843,-0.548,0.718,-0.731,0.691,-0.459,0.67,0.871,0.361,-0.547,0.702,0.764,-0.567,0.57,0.353,0.705,0.413,-0.325,-0.715,0.172,-0.536,0.693,-0.46,0.833,0.538,-0.171,-0.62,-0.858,0.632,-0.599,-0.368,0.765,0.801,-0.04,-0.415,-0.561,-0.741,0.571
BECN,0.177,0.535,0.213,-0.054,-0.447,0.075,0.529,-0.197,-0.057,0.735,0.447,0.45,0.857,0.454,0.101,0.364,0.014,0.0,0.113,0.026,0.699,0.284,0.338,0.371,0.201,0.382,0.569,0.42,0.429,0.647,0.67,0.475,0.162,0.384,0.482,-0.046,-0.178,0.238,0.391,0.532,0.227,0.427,0.405,0.374,0.075,0.544,0.535,0.301,0.424,0.307,0.762,0.112,-0.006,0.039,-0.015,0.105,0.213,0.117,0.686,-0.054,-0.113,0.419,0.386,0.145,0.026,0.431,0.274,0.308,0.219,0.46,0.615,-0.118,-0.068,0.536,0.371,-0.179,0.38,0.57,0.528,0.371,0.397,-0.004,0.407,-0.025,0.216,0.132,0.153,-0.036,0.38,0.208,0.212,0.266,-0.133,-0.036,0.593,0.21,0.122,0.337,0.349,-0.265,0.073,0.243,-0.015,0.382,0.321,0.292,0.326,0.55,0.659,0.499,0.537,0.372,0.784,0.178,0.422,0.225,0.407,0.196,0.335,0.276,0.027,0.005,-0.262,0.12,0.618,0.653,-0.097,0.082,-0.417,0.177,0.271,0.638,0.239,0.088,0.129,0.524,0.155,0.884,0.358,0.094,0.037,0.738,0.608,0.557,0.296,0.276,0.027,0.046,0.289,0.312,0.75,0.4,0.569,0.089,0.3,0.615,0.272,0.325,0.35,0.419,0.552,0.23,-0.029,0.569,-0.24,0.486,0.387,0.283,-0.006,0.021,0.67,0.469,-0.203,0.013,0.086,-0.025,0.405,0.314,0.525,0.331,0.43,0.183,0.305,0.371,0.394,0.132,-0.03,0.196,0.323,0.221,-0.108,0.267,0.36,-0.043,0.309,0.359,0.37,0.285,0.342,0.309
BFC,0.58,-0.35,-0.076,-0.145,0.606,0.588,-0.506,0.778,0.691,0.459,-0.555,-0.587,-0.143,-0.407,0.845,-0.706,0.713,0.113,0.0,0.786,0.175,-0.759,-0.442,0.582,0.761,-0.768,-0.645,-0.122,0.402,0.615,-0.313,0.354,0.071,-0.614,-0.524,-0.729,0.751,-0.79,-0.728,-0.606,-0.667,0.07,0.371,-0.725,0.647,0.212,0.603,-0.683,-0.178,-0.782,0.137,0.806,0.763,0.66,0.638,-0.678,-0.708,-0.659,-0.148,0.253,0.653,-0.277,-0.739,0.745,0.826,-0.684,0.357,-0.718,0.055,-0.472,0.296,-0.56,0.649,-0.625,0.14,0.607,-0.654,-0.487,-0.44,-0.657,-0.539,0.842,-0.542,0.795,-0.418,-0.522,0.647,0.249,-0.748,-0.536,-0.807,-0.631,0.093,-0.723,-0.313,-0.75,0.433,0.379,-0.738,0.221,-0.425,-0.077,0.52,-0.673,-0.742,0.36,0.449,0.228,-0.496,-0.305,-0.535,0.368,0.214,-0.792,-0.103,0.618,0.57,-0.799,-0.163,-0.311,0.868,-0.341,0.668,-0.807,-0.54,-0.556,-0.067,0.097,-0.165,-0.687,-0.812,-0.408,0.857,-0.258,0.821,-0.615,-0.692,0.267,0.143,-0.787,-0.677,-0.167,-0.403,-0.281,0.774,0.757,0.364,0.771,-0.742,-0.535,-0.09,0.636,-0.54,-0.791,-0.451,-0.136,-0.626,-0.676,-0.688,0.344,-0.445,-0.676,0.855,-0.626,0.451,-0.672,0.816,-0.633,0.665,0.79,0.496,-0.607,0.445,0.786,-0.692,0.194,0.156,0.766,0.338,-0.446,-0.72,0.034,-0.695,0.778,-0.362,0.819,0.426,-0.465,-0.568,-0.805,0.693,-0.686,-0.405,0.825,0.818,-0.244,-0.513,-0.447,-0.774,0.611
BGC,0.587,-0.47,-0.024,-0.044,0.759,0.61,-0.67,0.795,0.741,0.314,-0.447,-0.716,-0.15,-0.268,0.865,-0.756,0.843,0.026,0.786,0.0,0.182,-0.728,-0.36,0.773,0.77,-0.764,-0.701,-0.172,0.479,0.609,-0.223,0.211,0.053,-0.703,-0.6,-0.689,0.788,-0.761,-0.815,-0.597,-0.717,0.073,0.507,-0.847,0.723,0.269,0.578,-0.73,-0.32,-0.791,0.073,0.706,0.884,0.832,0.714,-0.72,-0.784,-0.699,-0.078,0.369,0.546,-0.412,-0.744,0.709,0.82,-0.792,0.161,-0.747,0.239,-0.522,0.354,-0.744,0.74,-0.645,0.206,0.746,-0.799,-0.439,-0.473,-0.619,-0.495,0.955,-0.698,0.945,-0.703,-0.658,0.603,0.393,-0.836,-0.64,-0.714,-0.741,0.362,-0.827,-0.414,-0.71,0.52,0.453,-0.742,0.059,-0.511,-0.108,0.478,-0.814,-0.674,0.488,0.542,0.281,-0.544,-0.276,-0.665,0.408,0.201,-0.856,-0.324,0.699,0.367,-0.804,-0.297,-0.299,0.901,-0.216,0.742,-0.842,-0.678,-0.628,0.12,0.207,-0.14,-0.766,-0.892,-0.345,0.809,-0.178,0.847,-0.684,-0.741,0.118,0.415,-0.766,-0.673,-0.222,-0.263,-0.518,0.725,0.833,0.565,0.771,-0.728,-0.453,-0.099,0.665,-0.686,-0.866,-0.537,-0.103,-0.781,-0.665,-0.753,0.331,-0.348,-0.864,0.865,-0.7,0.646,-0.76,0.833,-0.641,0.643,0.93,0.49,-0.654,0.628,0.85,-0.702,0.293,0.311,0.801,0.379,-0.607,-0.728,0.189,-0.74,0.881,-0.593,0.881,0.469,-0.329,-0.648,-0.836,0.793,-0.735,-0.402,0.806,0.874,-0.217,-0.444,-0.582,-0.831,0.646
BHF,0.241,0.131,0.416,0.309,-0.01,0.267,0.366,0.019,-0.009,0.67,0.409,0.135,0.686,0.232,0.188,0.206,0.324,0.699,0.175,0.182,0.0,0.166,0.462,0.463,0.431,0.126,0.303,0.559,0.371,0.479,0.543,0.26,0.58,0.471,0.485,0.165,0.208,0.226,0.236,0.475,0.381,0.577,0.586,0.126,0.432,0.606,0.401,0.222,0.25,0.258,0.449,0.272,0.213,0.128,0.268,0.209,0.091,0.316,0.834,0.246,0.296,0.533,0.2,0.347,0.33,0.351,0.165,0.023,0.094,0.277,0.201,-0.253,0.36,0.442,0.639,-0.129,0.209,0.556,0.474,0.234,0.449,0.156,0.461,0.083,0.268,0.151,0.001,0.522,0.105,-0.013,0.158,0.317,0.23,0.04,0.135,0.242,0.403,0.626,0.146,-0.185,0.436,0.392,0.261,0.164,0.309,0.271,0.363,0.53,0.399,0.608,0.149,0.502,0.815,0.048,0.529,0.471,0.36,0.174,0.014,0.458,0.187,0.294,0.113,0.142,0.46,0.408,0.476,0.421,0.095,0.204,0.096,0.519,0.351,0.351,0.382,0.42,0.17,0.624,0.561,0.153,0.02,0.502,0.592,0.489,0.211,0.435,0.316,0.363,0.2,0.361,0.442,0.408,0.396,0.124,0.5,0.452,0.175,0.365,-0.009,0.495,0.501,0.077,0.054,0.461,0.236,0.202,0.35,0.339,0.127,0.233,0.59,0.272,0.154,0.255,0.195,0.478,0.614,0.359,0.766,0.469,0.126,0.401,0.303,0.344,0.279,0.291,0.27,0.365,0.199,0.024,0.002,0.338,0.299,0.197,0.393,0.562,0.334,0.205,0.23,0.294
BHFAL,-0.287,0.531,0.177,0.082,-0.733,-0.381,0.754,-0.775,-0.762,-0.065,0.684,0.794,0.481,0.474,-0.657,0.765,-0.665,0.284,-0.759,-0.728,0.166,0.0,0.526,-0.332,-0.554,0.842,0.833,0.246,-0.159,-0.346,0.579,-0.07,0.076,0.797,0.831,0.743,-0.703,0.839,0.842,0.778,0.785,-0.01,-0.166,0.848,-0.565,0.061,-0.292,0.751,0.475,0.888,0.065,-0.604,-0.701,-0.661,-0.647,0.809,0.683,0.734,0.459,-0.328,-0.614,0.419,0.795,-0.527,-0.723,0.818,-0.084,0.768,-0.114,0.498,-0.116,0.411,-0.57,0.748,0.001,-0.675,0.844,0.606,0.757,0.716,0.657,-0.815,0.789,-0.757,0.553,0.697,-0.472,-0.214,0.757,0.53,0.796,0.697,-0.213,0.616,0.408,0.771,-0.291,-0.018,0.801,-0.367,0.542,0.27,-0.256,0.738,0.837,-0.448,-0.281,-0.039,0.694,0.563,0.739,-0.13,0.143,0.795,0.474,-0.429,-0.196,0.848,0.351,0.402,-0.813,0.325,-0.774,0.835,0.765,0.781,0.119,0.025,0.017,0.788,0.881,0.619,-0.644,0.229,-0.656,0.82,0.712,0.164,0.013,0.781,0.536,0.426,0.632,0.598,-0.563,-0.509,-0.444,-0.713,0.772,0.541,0.45,-0.36,0.782,0.778,0.607,0.309,0.783,0.771,0.757,-0.193,0.577,0.772,-0.831,0.835,-0.548,0.89,-0.633,0.695,-0.453,-0.761,-0.12,0.696,-0.464,-0.718,0.69,-0.157,-0.014,-0.628,0.006,0.644,0.808,0.05,0.796,-0.624,0.585,-0.697,-0.396,0.451,0.826,0.802,-0.642,0.815,0.61,-0.8,-0.584,0.489,0.639,0.611,0.874,-0.556
BKNG,-0.392,0.24,0.692,0.394,-0.302,-0.134,0.575,-0.574,-0.327,0.273,0.811,0.347,0.706,0.395,-0.423,0.753,-0.172,0.338,-0.442,-0.36,0.462,0.526,0.0,0.09,-0.38,0.629,0.605,0.538,-0.134,-0.067,0.706,-0.231,0.155,0.677,0.559,0.521,-0.436,0.629,0.513,0.603,0.66,0.618,0.433,0.43,0.031,0.604,-0.032,0.776,0.109,0.634,0.436,-0.539,-0.356,-0.301,0.055,0.349,0.452,0.661,0.447,-0.021,-0.313,0.597,0.692,-0.475,-0.441,0.58,-0.357,0.514,0.262,0.306,0.059,0.277,-0.024,0.648,0.456,-0.582,0.467,0.535,0.619,0.643,0.618,-0.427,0.677,-0.421,0.35,0.282,-0.48,0.271,0.529,0.347,0.599,0.775,0.325,0.543,0.168,0.541,0.223,0.042,0.509,0.003,0.53,0.323,-0.339,0.55,0.832,-0.021,0.105,0.525,0.571,0.725,0.437,0.284,0.55,0.68,0.449,-0.066,-0.191,0.716,0.168,0.828,-0.329,0.569,-0.296,0.574,0.626,0.556,0.399,0.448,0.266,0.408,0.518,0.66,-0.317,0.535,-0.419,0.709,0.782,0.167,0.323,0.649,0.755,0.424,0.809,0.368,-0.358,-0.063,0.069,-0.4,0.642,0.76,0.07,-0.137,0.598,0.657,0.608,0.745,0.286,0.583,0.395,0.293,0.725,0.446,-0.369,0.662,0.126,0.48,-0.184,0.637,-0.455,-0.238,-0.147,0.608,-0.258,-0.522,0.764,0.505,0.467,-0.125,0.374,0.618,0.664,0.349,0.508,-0.258,0.085,-0.314,-0.104,0.786,0.362,0.545,-0.602,0.471,0.609,-0.54,-0.116,0.809,0.721,0.238,0.627,0.073
BL,0.518,-0.235,0.319,0.148,0.496,0.641,-0.25,0.493,0.513,0.584,0.073,-0.416,0.318,0.088,0.752,-0.319,0.712,0.371,0.582,0.773,0.463,-0.332,0.09,0.0,0.576,-0.377,-0.285,0.11,0.574,0.655,0.261,0.155,0.169,-0.295,-0.226,-0.411,0.511,-0.387,-0.496,-0.171,-0.374,0.332,0.799,-0.536,0.742,0.709,0.605,-0.314,-0.083,-0.389,0.387,0.46,0.686,0.684,0.627,-0.473,-0.5,-0.374,0.196,0.329,0.348,-0.086,-0.326,0.511,0.606,-0.417,0.136,-0.426,0.389,-0.301,0.541,-0.663,0.702,-0.247,0.446,0.371,-0.396,-0.148,-0.026,-0.214,-0.112,0.716,-0.257,0.731,-0.505,-0.453,0.464,0.46,-0.503,-0.402,-0.408,-0.346,0.395,-0.59,-0.135,-0.422,0.629,0.579,-0.399,0.037,-0.238,0.001,0.397,-0.513,-0.223,0.425,0.602,0.567,-0.155,0.077,-0.279,0.581,0.579,-0.493,0.02,0.723,0.437,-0.407,-0.102,0.11,0.711,0.063,0.476,-0.556,-0.264,-0.206,0.281,0.473,-0.14,-0.555,-0.561,0.078,0.673,0.017,0.642,-0.211,-0.316,0.397,0.627,-0.44,-0.322,0.062,0.21,-0.213,0.656,0.894,0.469,0.531,-0.383,-0.098,0.14,0.673,-0.257,-0.536,-0.214,0.316,-0.553,-0.372,-0.428,0.539,0.066,-0.546,0.666,-0.265,0.546,-0.394,0.769,-0.298,0.483,0.76,0.532,-0.254,0.369,0.597,-0.319,0.442,0.608,0.769,0.693,-0.221,-0.291,0.438,-0.458,0.789,-0.406,0.73,0.381,0.017,-0.307,-0.508,0.457,-0.486,0.034,0.5,0.852,0.238,0.042,-0.33,-0.438,0.711
BOKF,0.766,-0.214,-0.174,-0.116,0.524,0.677,-0.376,0.779,0.503,0.523,-0.525,-0.414,-0.101,-0.406,0.824,-0.691,0.773,0.201,0.761,0.77,0.431,-0.554,-0.38,0.576,0.0,-0.69,-0.494,-0.16,0.633,0.686,-0.145,0.542,0.208,-0.417,-0.291,-0.602,0.865,-0.613,-0.521,-0.414,-0.448,0.07,0.295,-0.576,0.57,0.19,0.661,-0.623,0.119,-0.643,0.049,0.918,0.722,0.543,0.57,-0.46,-0.678,-0.456,0.209,0.155,0.671,-0.219,-0.714,0.951,0.867,-0.502,0.563,-0.631,-0.088,-0.429,0.261,-0.557,0.652,-0.479,0.101,0.617,-0.529,-0.253,-0.323,-0.593,-0.455,0.768,-0.4,0.761,-0.276,-0.255,0.681,0.295,-0.685,-0.462,-0.674,-0.611,-0.004,-0.716,-0.289,-0.602,0.372,0.582,-0.62,-0.085,-0.289,0.163,0.646,-0.555,-0.64,0.296,0.337,0.154,-0.429,-0.023,-0.427,0.36,0.357,-0.767,0.019,0.595,0.637,-0.732,-0.113,-0.385,0.733,-0.375,0.574,-0.69,-0.379,-0.407,0.091,0.021,-0.201,-0.489,-0.683,-0.276,0.858,-0.301,0.942,-0.465,-0.724,0.384,0.205,-0.696,-0.753,-0.039,-0.298,-0.114,0.696,0.696,0.294,0.902,-0.594,-0.548,0.177,0.788,-0.427,-0.721,-0.269,-0.136,-0.39,-0.514,-0.575,0.236,-0.4,-0.572,0.7,-0.442,0.375,-0.525,0.735,-0.569,0.742,0.683,0.739,-0.602,0.556,0.87,-0.698,0.187,0.134,0.598,0.418,-0.309,-0.667,-0.036,-0.483,0.732,-0.13,0.706,0.406,-0.445,-0.336,-0.76,0.702,-0.411,-0.326,0.87,0.754,-0.186,-0.49,-0.268,-0.665,0.386
BRKR,-0.52,0.64,0.177,0.146,-0.83,-0.535,0.743,-0.912,-0.699,-0.074,0.791,0.804,0.589,0.681,-0.773,0.94,-0.784,0.382,-0.768,-0.764,0.126,0.842,0.629,-0.377,-0.69,0.0,0.929,0.313,-0.173,-0.248,0.685,-0.151,-0.059,0.741,0.7,0.648,-0.87,0.859,0.892,0.853,0.735,0.215,-0.13,0.89,-0.567,0.076,-0.288,0.822,0.316,0.902,0.388,-0.746,-0.802,-0.576,-0.663,0.643,0.788,0.66,0.428,-0.248,-0.719,0.451,0.952,-0.705,-0.825,0.862,-0.296,0.92,0.171,0.645,0.095,0.532,-0.704,0.882,0.05,-0.712,0.836,0.756,0.696,0.882,0.729,-0.809,0.737,-0.798,0.458,0.508,-0.522,-0.298,0.934,0.715,0.861,0.77,-0.166,0.686,0.644,0.831,-0.416,-0.286,0.943,-0.258,0.367,0.163,-0.616,0.876,0.877,-0.165,-0.3,0.049,0.873,0.474,0.806,-0.239,0.169,0.902,0.323,-0.545,-0.39,0.877,0.346,0.507,-0.818,0.313,-0.825,0.853,0.812,0.892,-0.103,-0.012,-0.09,0.781,0.926,0.747,-0.691,0.276,-0.744,0.857,0.808,0.157,0.008,0.846,0.742,0.5,0.688,0.581,-0.499,-0.585,-0.341,-0.764,0.897,0.691,0.396,-0.488,0.817,0.812,0.509,0.539,0.696,0.821,0.891,-0.073,0.774,0.765,-0.82,0.863,-0.579,0.901,-0.539,0.719,-0.711,-0.754,-0.152,0.83,-0.639,-0.785,0.758,-0.242,0.053,-0.543,-0.074,0.552,0.957,0.059,0.731,-0.538,0.501,-0.741,-0.454,0.547,0.71,0.961,-0.718,0.769,0.615,-0.834,-0.611,0.437,0.715,0.595,0.934,-0.335
CACC,-0.311,0.789,0.136,0.014,-0.89,-0.369,0.866,-0.807,-0.708,0.171,0.719,0.906,0.682,0.583,-0.615,0.867,-0.665,0.569,-0.645,-0.701,0.303,0.833,0.605,-0.285,-0.494,0.929,0.0,0.288,0.037,-0.05,0.749,0.12,-0.03,0.784,0.794,0.54,-0.775,0.824,0.932,0.851,0.759,0.246,-0.116,0.934,-0.547,0.172,-0.075,0.831,0.549,0.861,0.462,-0.531,-0.736,-0.621,-0.59,0.633,0.74,0.671,0.56,-0.41,-0.663,0.51,0.864,-0.501,-0.721,0.915,-0.007,0.905,0.031,0.595,0.218,0.502,-0.637,0.86,-0.007,-0.66,0.886,0.76,0.782,0.788,0.64,-0.75,0.805,-0.727,0.556,0.64,-0.321,-0.312,0.894,0.706,0.755,0.728,-0.334,0.559,0.703,0.738,-0.381,-0.138,0.878,-0.334,0.389,0.331,-0.397,0.913,0.821,-0.218,-0.27,0.119,0.878,0.648,0.909,-0.105,0.361,0.833,0.468,-0.462,-0.135,0.804,0.528,0.406,-0.752,0.152,-0.832,0.788,0.897,0.957,-0.138,-0.095,-0.237,0.778,0.911,0.766,-0.518,0.139,-0.604,0.929,0.698,0.434,-0.031,0.728,0.585,0.668,0.678,0.729,-0.349,-0.477,-0.447,-0.642,0.845,0.585,0.617,-0.224,0.897,0.751,0.551,0.594,0.792,0.745,0.904,-0.069,0.707,0.81,-0.723,0.923,-0.648,0.952,-0.411,0.648,-0.51,-0.731,0.07,0.784,-0.653,-0.703,0.633,-0.259,-0.006,-0.508,0.02,0.638,0.94,-0.061,0.736,-0.425,0.654,-0.677,-0.478,0.406,0.813,0.86,-0.65,0.79,0.708,-0.751,-0.479,0.464,0.655,0.699,0.909,-0.34
CAR,-0.336,-0.096,0.744,0.446,-0.105,-0.325,0.435,-0.262,0.084,0.255,0.561,0.087,0.545,0.323,-0.283,0.509,0.036,0.42,-0.122,-0.172,0.559,0.246,0.538,0.11,-0.16,0.313,0.288,0.0,-0.22,-0.018,0.249,-0.143,0.658,0.522,0.488,0.429,-0.167,0.376,0.266,0.497,0.422,0.539,0.476,0.217,0.316,0.458,-0.045,0.39,-0.195,0.425,0.286,-0.269,0.063,-0.095,0.145,0.363,0.455,0.483,0.379,0.417,0.116,0.755,0.511,-0.218,-0.037,0.411,-0.302,0.064,0.119,0.609,-0.107,0.023,0.207,0.623,0.763,-0.461,0.319,0.428,0.518,0.356,0.619,-0.195,0.499,-0.327,0.324,0.057,-0.554,0.388,0.395,-0.053,0.376,0.604,0.527,0.473,0.116,0.393,0.469,0.335,0.274,0.231,0.58,0.067,-0.14,0.284,0.529,0.314,0.487,0.569,0.435,0.366,0.169,0.496,0.424,0.381,0.294,0.38,0.011,0.496,-0.258,0.78,-0.019,0.717,0.131,0.422,0.553,0.357,0.508,0.568,0.487,0.255,0.289,0.473,-0.071,0.832,-0.163,0.432,0.585,0.234,0.483,0.406,0.404,0.431,0.674,0.275,-0.337,0.087,0.509,-0.119,0.307,0.734,0.03,-0.178,0.454,0.419,0.729,0.401,0.177,0.593,-0.015,0.649,0.517,0.282,-0.18,0.526,0.226,0.235,-0.122,0.752,-0.293,0.052,-0.065,0.657,0.132,-0.163,0.522,0.593,0.699,0.173,0.433,0.564,0.259,0.579,0.54,-0.111,0.19,0.14,0.339,0.76,0.042,0.265,-0.436,0.337,0.11,-0.181,-0.023,0.575,0.493,-0.024,0.44,0.31
CDNA,0.758,0.328,-0.221,-0.175,0.029,0.667,0.033,0.402,0.109,0.557,-0.14,0.118,0.166,-0.044,0.625,-0.263,0.383,0.429,0.402,0.479,0.371,-0.159,-0.134,0.574,0.633,-0.173,0.037,-0.22,0.0,0.756,0.318,0.615,0.02,-0.201,-0.029,-0.46,0.38,-0.234,-0.07,0.003,-0.156,0.143,0.19,-0.105,0.237,0.274,0.643,-0.246,0.443,-0.271,0.39,0.619,0.345,0.299,0.183,-0.279,-0.383,-0.223,0.367,-0.177,0.137,-0.148,-0.285,0.638,0.419,-0.117,0.592,-0.033,0.047,-0.293,0.616,-0.259,0.291,-0.105,-0.143,0.349,-0.104,0.068,0.031,-0.17,-0.257,0.431,-0.117,0.488,-0.18,0.024,0.772,-0.04,-0.254,0.078,-0.343,-0.399,-0.269,-0.597,0.127,-0.3,0.055,0.435,-0.103,-0.316,-0.332,0.337,0.404,-0.118,-0.255,0.207,0.137,0.184,0.003,0.226,0.136,0.244,0.485,-0.339,0.14,0.319,0.537,-0.371,0.324,-0.323,0.351,-0.486,0.091,-0.353,-0.071,0.068,-0.157,-0.152,-0.526,-0.163,-0.24,0.192,0.61,-0.429,0.589,-0.013,-0.433,0.557,0.174,-0.374,-0.469,0.32,-0.027,0.141,0.689,0.493,-0.013,0.488,-0.164,-0.348,0.538,0.706,-0.016,-0.426,-0.231,0.266,-0.029,-0.268,0.02,0.096,-0.041,-0.191,0.392,-0.064,-0.041,-0.066,0.576,-0.394,0.547,0.33,0.758,-0.262,0.005,0.472,-0.479,-0.125,0.019,0.295,0.275,-0.124,-0.123,-0.117,-0.317,0.59,0.203,0.319,0.001,-0.373,0.158,-0.293,0.464,-0.13,0.154,0.418,0.534,-0.0,-0.132,0.229,-0.245,0.244
CG,0.616,0.25,-0.055,-0.244,0.092,0.522,-0.026,0.447,0.428,0.759,-0.148,-0.035,0.369,-0.066,0.659,-0.277,0.528,0.647,0.615,0.609,0.479,-0.346,-0.067,0.655,0.686,-0.248,-0.05,-0.018,0.756,0.0,0.286,0.681,-0.015,-0.302,-0.136,-0.668,0.434,-0.356,-0.234,-0.118,-0.321,0.338,0.371,-0.239,0.384,0.435,0.847,-0.27,0.26,-0.413,0.651,0.649,0.503,0.436,0.468,-0.524,-0.419,-0.391,0.358,-0.055,0.225,-0.004,-0.31,0.66,0.524,-0.225,0.529,-0.192,0.181,-0.189,0.749,-0.3,0.371,-0.101,0.105,0.422,-0.27,0.056,-0.051,-0.253,-0.258,0.582,-0.219,0.584,-0.25,-0.211,0.701,-0.009,-0.286,-0.111,-0.458,-0.399,-0.127,-0.643,0.216,-0.463,0.26,0.394,-0.269,-0.138,-0.416,0.2,0.264,-0.162,-0.323,0.475,0.444,0.496,0.054,0.193,0.063,0.432,0.633,-0.418,0.12,0.475,0.627,-0.47,0.205,-0.167,0.579,-0.439,0.255,-0.516,-0.04,0.023,-0.228,-0.104,-0.564,-0.37,-0.383,0.157,0.733,-0.267,0.659,-0.102,-0.457,0.72,0.244,-0.537,-0.447,0.424,0.04,0.069,0.746,0.619,0.229,0.577,-0.278,-0.279,0.478,0.792,-0.015,-0.53,-0.221,0.402,-0.251,-0.339,-0.143,0.402,0.003,-0.317,0.605,-0.099,0.09,-0.149,0.826,-0.386,0.459,0.541,0.813,-0.194,0.141,0.549,-0.523,0.013,0.198,0.613,0.451,-0.212,-0.172,-0.084,-0.352,0.791,0.026,0.56,0.178,-0.27,-0.151,-0.407,0.491,-0.3,-0.043,0.546,0.744,-0.062,-0.223,-0.078,-0.351,0.569
CGBD,-0.079,0.563,0.242,0.204,-0.479,0.06,0.567,-0.514,-0.419,0.442,0.75,0.544,0.826,0.63,-0.198,0.652,-0.249,0.67,-0.313,-0.223,0.543,0.579,0.706,0.261,-0.145,0.685,0.749,0.249,0.318,0.286,0.0,0.08,-0.047,0.568,0.524,0.283,-0.435,0.534,0.6,0.705,0.49,0.486,0.348,0.532,-0.081,0.583,0.212,0.604,0.424,0.595,0.682,-0.302,-0.398,-0.104,-0.193,0.238,0.34,0.367,0.661,-0.117,-0.411,0.338,0.642,-0.233,-0.332,0.586,-0.065,0.645,0.429,0.334,0.482,0.104,-0.235,0.653,0.274,-0.43,0.517,0.698,0.617,0.715,0.575,-0.263,0.576,-0.236,0.204,0.264,-0.078,0.027,0.534,0.547,0.542,0.505,-0.045,0.245,0.536,0.505,-0.087,0.103,0.651,-0.359,0.171,0.281,-0.305,0.536,0.653,0.061,-0.044,0.353,0.712,0.618,0.607,0.076,0.659,0.509,0.443,-0.166,-0.015,0.51,0.373,0.497,-0.324,0.182,-0.555,0.41,0.633,0.766,0.03,0.194,-0.271,0.401,0.515,0.805,-0.147,0.102,-0.192,0.724,0.49,0.5,0.327,0.484,0.476,0.549,0.751,0.534,0.071,0.067,-0.176,-0.244,0.619,0.528,0.558,0.114,0.626,0.418,0.293,0.771,0.328,0.485,0.626,0.193,0.818,0.363,-0.33,0.67,-0.208,0.628,0.1,0.364,-0.325,-0.253,0.355,0.52,-0.467,-0.315,0.487,0.019,0.356,-0.009,0.427,0.419,0.715,0.242,0.352,0.066,0.265,-0.296,-0.27,0.433,0.525,0.559,-0.365,0.444,0.658,-0.377,0.039,0.62,0.659,0.448,0.569,0.118
