,ACET,ADAP,ADI,ADPT,ADTN,AGEN,ALGN,ALLK,AMD,AMWD,ARDX,ARQT,ASTE,AUPH,AVXL,AZTA,BAND,BECN,BFC,BGC,BHF,BHFAL,BKNG,BL,BOKF,BRKR,CACC,CAR,CDNA,CG,CGBD,CHI,CHTR,CHX,CLNE,CME,CNOB,CNXN,CPRX,CSGP,CSGS,CSIQ,CVCO,CVLT,CYRX,DDOG,DOOO,DSGX,DTIL,ECPG,EEFT,EFSC,ENTG,ESPR,ETSY,EXC,FAMI,FFIV,FITB,FIZZ,FMBH,FOX,FTNT,FULT,GABC,GEN,GH,GMAB,GNPX,GO,GOGL,GOOG,GPRO,GSHD,GSM,GWAV,HAIN,HBAN,HEPA,HURN,HWKN,IBIO,ICFI,IGMS,IMKTA,INCY,INO,IRDM,IRTC,IRWD,ITCI,JACK,JD,JJSF,KALA,KHC,KLAC,KRRO,KRYS,LANC,LBTYA,LIVN,LKCO,LNTH,LOGI,LPRO,LRCX,LSCC,LSTR,MAR,MARA,MCHP,MEOH,META,MGTX,MKSI,MMYT,MORN,MRUS,MTLS,MTSI,MVIS,MXL,NBIX,NFE,NMIH,NMRK,NNDM,NSIT,NTCT,NVAX,OCUL,ODP,OLED,ONB,OTEX,PACB,PATK,PAYX,PEP,PERI,PI,PLYA,PRDO,PRGS,PTGX,QCOM,QCRH,QDEL,QFIN,RGEN,RILY,RPAY,RPD,SABR,SEDG,SHEN,SIRI,SLNO,SNDL,SNEX,SONO,SPT,SSNC,STGW,STKL,STRL,STX,SWTX,SYNA,TFSL,TIGR,TNXP,TOWN,TRI,TRIP,TRMB,TRNS,TRS,TSCO,TSEM,TVTX,TXRH,VC,VCEL,VECO,VIAV,VICR,VIR,VRTX,VSTM,VTRS,WDFC,WSBC,WSC,WYNN,XENE,XNCR,XRAY,ZS
ACET,0.0,0.296,0.435,0.373,0.603,0.557,0.408,0.677,0.198,0.352,0.31,0.418,0.105,0.417,0.205,0.567,0.162,0.316,0.142,0.007,0.648,0.626,-0.051,0.636,0.586,0.436,0.708,0.43,0.033,0.159,0.526,0.541,0.543,0.581,0.771,-0.093,0.554,0.151,0.412,0.362,0.491,0.547,0.594,0.165,0.286,-0.191,0.617,0.099,0.18,0.535,0.151,0.596,0.321,0.394,0.616,0.607,0.433,-0.129,0.478,0.012,0.19,0.699,-0.057,0.18,0.08,-0.017,0.709,-0.003,0.745,0.623,0.447,0.477,0.131,0.461,0.417,0.308,0.069,0.491,0.15,0.295,-0.006,0.389,0.04,0.302,0.492,0.561,0.558,0.519,0.742,0.385,0.363,0.514,0.233,-0.013,0.458,0.093,0.072,-0.308,0.242,0.337,0.672,0.71,-0.156,0.337,-0.422,0.544,0.177,0.193,0.558,0.171,-0.28,0.523,0.451,0.355,0.114,0.382,0.304,-0.105,0.358,-0.07,0.48,0.742,0.49,0.459,-0.08,0.377,0.19,0.117,0.563,0.205,0.262,0.417,0.485,0.3,0.69,0.19,0.482,0.393,0.295,-0.019,0.295,-0.189,0.306,0.11,0.085,0.423,0.163,0.497,0.581,0.163,0.49,0.667,0.692,0.493,0.757,0.328,-0.191,0.555,0.234,0.732,-0.011,0.817,0.378,0.352,-0.059,-0.233,0.487,0.057,0.513,0.398,0.049,0.317,0.166,0.136,0.173,0.04,0.192,-0.044,0.513,0.534,-0.336,0.415,-0.028,0.155,0.42,0.123,0.296,0.462,0.467,0.421,0.474,0.487,-0.093,0.491,0.12,0.352,0.605,0.662,0.167,0.19
ADAP,0.296,0.0,0.286,0.15,0.543,0.646,0.724,0.189,-0.273,0.314,-0.308,0.732,0.676,0.078,0.074,0.615,-0.207,-0.14,-0.314,-0.398,0.319,0.64,0.079,0.472,0.536,0.671,0.268,-0.105,-0.376,0.077,0.143,0.617,0.658,0.629,0.601,0.374,0.026,-0.349,0.346,0.237,0.502,0.511,0.551,-0.055,0.438,-0.068,0.561,-0.13,-0.479,0.604,-0.196,0.111,0.442,-0.109,0.526,0.057,0.658,-0.363,-0.106,-0.377,-0.446,0.397,0.435,-0.492,-0.448,-0.223,0.52,0.295,0.531,0.078,0.673,0.556,-0.016,0.276,0.528,-0.071,-0.409,-0.047,0.378,-0.05,-0.186,0.646,0.001,0.089,-0.378,0.751,0.746,0.684,0.619,0.328,0.065,0.068,0.194,-0.514,0.806,-0.445,-0.303,-0.404,0.279,0.339,0.507,0.28,-0.33,0.606,-0.586,0.679,-0.033,0.691,0.611,0.329,-0.27,0.459,-0.254,0.115,-0.406,0.682,0.16,-0.64,-0.052,-0.568,0.553,0.45,0.678,0.249,0.252,-0.229,-0.395,0.351,0.34,0.632,-0.185,-0.138,-0.171,0.548,0.126,-0.202,0.742,-0.368,0.568,-0.545,-0.168,-0.664,-0.118,0.033,0.241,-0.007,-0.427,-0.095,0.754,0.232,0.227,0.595,0.081,0.199,0.359,0.676,-0.499,0.213,0.343,0.429,-0.504,0.377,0.305,0.018,-0.288,-0.376,0.237,-0.454,0.213,0.287,-0.466,0.575,0.637,-0.504,-0.083,0.024,0.667,0.532,-0.018,0.532,-0.568,0.727,-0.675,0.738,-0.103,0.186,0.093,0.693,0.261,0.075,0.685,0.421,-0.531,-0.186,0.642,0.347,0.716,0.72,0.602,0.207
ADI,0.435,0.286,0.0,-0.112,0.048,0.564,0.482,0.364,0.633,0.801,-0.019,0.531,0.056,0.61,0.549,0.789,0.526,0.669,0.268,0.412,0.82,0.714,0.663,0.887,0.81,0.659,0.657,0.61,0.531,0.729,0.859,0.563,0.711,0.389,0.639,0.509,0.741,0.474,0.613,0.854,0.9,0.889,0.778,0.766,0.822,0.619,0.772,0.752,0.223,0.871,0.187,0.783,0.85,0.537,0.704,0.6,0.702,0.394,0.661,0.234,0.378,0.759,-0.204,0.138,0.271,0.657,0.116,0.676,0.722,0.157,0.502,0.787,0.77,0.85,0.634,-0.031,-0.116,0.709,-0.474,0.73,0.442,0.7,0.737,0.529,0.065,0.64,0.58,0.613,0.432,0.868,0.74,0.75,0.373,0.215,0.19,0.247,0.615,0.426,-0.441,0.446,0.779,0.15,0.496,0.374,-0.292,0.301,0.82,0.23,0.805,0.804,-0.308,0.954,0.298,0.786,0.162,0.709,0.8,-0.055,0.608,-0.092,0.874,0.588,0.667,0.57,0.406,0.509,0.332,-0.315,0.718,0.222,0.134,-0.182,0.204,0.842,0.727,0.603,0.54,0.332,0.725,0.148,0.497,-0.062,0.208,-0.386,0.702,0.563,0.508,0.573,0.468,0.399,0.824,0.087,0.725,0.899,0.304,0.513,-0.22,0.791,-0.199,0.723,0.141,0.642,0.898,0.722,0.138,0.174,-0.147,0.261,-0.08,0.93,0.227,0.64,-0.098,0.123,0.718,0.715,0.152,0.173,0.3,0.838,-0.076,-0.015,-0.063,0.277,0.028,0.894,0.492,0.474,0.697,0.642,0.763,0.885,-0.099,0.455,0.124,0.308,0.536,0.589,-0.058,0.873
ADPT,0.373,0.15,-0.112,0.0,0.14,-0.029,-0.263,0.697,0.165,0.161,0.67,-0.057,-0.355,0.517,0.352,0.101,0.361,0.147,0.38,0.244,0.2,0.171,-0.006,0.092,-0.19,-0.15,0.483,0.411,0.11,0.126,0.181,0.236,-0.063,-0.194,0.221,-0.487,0.323,0.325,0.072,-0.004,-0.097,0.112,0.189,-0.075,-0.338,-0.223,0.14,-0.148,0.449,-0.033,0.052,0.08,-0.256,0.443,0.001,0.423,-0.304,0.142,0.389,0.47,0.367,0.249,-0.329,0.529,0.31,-0.049,0.618,-0.187,0.19,0.532,-0.203,-0.225,-0.031,0.015,0.248,0.12,0.594,0.363,0.04,0.05,0.191,-0.2,-0.185,0.536,0.29,0.072,-0.141,-0.003,0.319,-0.151,0.319,0.28,0.484,0.33,0.068,0.472,0.111,-0.234,0.371,0.007,-0.068,0.295,-0.054,-0.196,0.354,0.166,-0.015,-0.35,-0.063,-0.235,0.386,-0.071,0.325,-0.069,0.436,-0.318,-0.043,0.353,0.449,0.459,-0.194,0.444,-0.222,0.564,-0.631,0.411,0.445,0.023,0.18,-0.082,0.668,0.751,0.663,-0.331,0.253,0.239,-0.105,0.51,-0.389,0.428,0.462,0.314,0.268,-0.008,-0.089,0.508,0.219,0.442,-0.037,0.482,0.055,0.267,0.353,-0.001,0.382,-0.218,0.462,0.276,0.195,0.399,0.287,0.151,-0.001,0.199,0.343,-0.38,0.242,0.355,0.659,-0.311,0.391,0.16,-0.128,0.451,0.117,0.022,-0.343,-0.426,0.399,-0.008,0.271,0.347,0.363,-0.284,0.721,-0.227,0.442,-0.282,0.227,0.457,-0.043,0.003,0.485,0.52,-0.326,0.758,0.126,0.226,-0.286,-0.172
ADTN,0.603,0.543,0.048,0.14,0.0,0.614,0.573,0.305,-0.446,0.024,-0.116,0.608,0.596,-0.185,-0.141,0.384,-0.479,-0.199,-0.304,-0.523,0.242,0.578,-0.471,0.219,0.367,0.53,0.324,-0.252,-0.564,-0.265,-0.0,0.484,0.517,0.731,0.644,0.143,-0.094,-0.543,0.332,-0.018,0.239,0.242,0.358,-0.428,0.206,-0.699,0.442,-0.45,-0.443,0.293,-0.3,0.116,0.127,-0.316,0.406,0.262,0.488,-0.568,-0.175,-0.561,-0.467,0.341,0.563,-0.405,-0.478,-0.67,0.749,-0.189,0.455,0.377,0.619,0.287,-0.369,0.058,0.283,0.183,-0.292,-0.138,0.73,-0.154,-0.539,0.417,-0.34,-0.287,0.006,0.629,0.677,0.586,0.616,0.115,-0.18,-0.153,-0.003,-0.489,0.809,-0.454,-0.499,-0.753,0.667,0.473,0.415,0.706,-0.679,0.607,-0.668,0.682,-0.302,0.609,0.398,-0.098,-0.333,0.237,0.076,-0.131,-0.385,0.477,-0.051,-0.568,-0.269,-0.574,0.381,0.503,0.481,0.009,0.134,-0.183,-0.42,0.495,0.31,0.626,-0.173,0.25,-0.069,0.191,0.175,-0.457,0.566,-0.251,0.292,-0.573,-0.295,-0.615,0.051,0.584,-0.186,-0.136,-0.528,-0.141,0.756,-0.039,-0.035,0.89,0.124,0.018,0.727,0.564,-0.419,0.073,0.632,0.406,-0.471,0.533,-0.074,-0.277,-0.464,-0.312,0.853,-0.422,0.609,0.097,-0.532,0.272,0.631,-0.441,-0.392,-0.543,0.617,0.355,0.177,0.279,-0.73,0.662,-0.57,0.577,0.087,-0.272,-0.18,0.609,0.041,-0.079,0.408,0.181,-0.579,-0.116,0.603,-0.039,0.654,0.627,0.624,-0.231
AGEN,0.557,0.646,0.564,-0.029,0.614,0.0,0.708,0.302,-0.074,0.494,-0.141,0.93,0.603,0.129,0.295,0.663,-0.082,0.177,-0.005,-0.284,0.691,0.707,0.093,0.612,0.804,0.841,0.501,-0.025,-0.181,0.25,0.459,0.406,0.781,0.797,0.845,0.508,0.302,-0.209,0.573,0.534,0.687,0.668,0.622,0.202,0.704,-0.01,0.759,0.119,-0.325,0.772,-0.369,0.609,0.656,0.071,0.778,0.385,0.799,-0.175,0.203,-0.357,-0.205,0.618,0.47,-0.338,-0.27,-0.057,0.537,0.354,0.675,0.267,0.685,0.703,0.133,0.41,0.693,0.084,-0.467,0.249,0.252,0.287,-0.135,0.745,0.34,-0.013,-0.022,0.877,0.909,0.95,0.762,0.626,0.25,0.273,0.23,-0.296,0.791,-0.369,-0.1,-0.287,0.236,0.76,0.76,0.572,-0.218,0.719,-0.738,0.626,0.22,0.635,0.836,0.505,-0.678,0.666,0.17,0.365,-0.199,0.83,0.474,-0.468,0.036,-0.49,0.759,0.553,0.769,0.442,0.4,0.05,-0.233,0.001,0.72,0.616,-0.047,-0.008,-0.026,0.674,0.565,-0.068,0.79,-0.121,0.685,-0.456,-0.019,-0.565,0.169,0.234,0.487,0.167,-0.211,0.162,0.804,0.133,0.406,0.696,0.353,0.496,0.513,0.887,-0.546,0.388,0.321,0.673,-0.25,0.682,0.534,0.197,-0.348,-0.09,0.389,-0.277,0.389,0.594,-0.282,0.635,0.554,-0.304,0.054,0.101,0.666,0.623,0.368,0.731,-0.753,0.515,-0.557,0.644,-0.044,0.391,0.11,0.806,0.22,0.148,0.859,0.653,-0.633,0.1,0.741,0.075,0.84,0.795,0.465,0.431
ALGN,0.408,0.724,0.482,-0.263,0.573,0.708,0.0,-0.055,-0.223,0.195,-0.412,0.699,0.774,-0.086,-0.183,0.76,-0.339,-0.099,-0.494,-0.395,0.352,0.66,-0.036,0.628,0.791,0.79,0.19,-0.143,-0.336,-0.022,0.17,0.649,0.85,0.871,0.739,0.463,0.031,-0.433,0.456,0.237,0.724,0.55,0.531,0.073,0.704,0.024,0.501,0.037,-0.583,0.666,-0.012,0.191,0.576,-0.211,0.699,0.045,0.911,-0.467,-0.159,-0.631,-0.546,0.487,0.538,-0.67,-0.594,-0.14,0.313,0.261,0.581,-0.04,0.929,0.817,0.061,0.458,0.413,0.037,-0.603,-0.11,0.33,0.018,-0.327,0.757,0.079,-0.061,-0.352,0.787,0.863,0.733,0.61,0.479,-0.041,0.108,-0.245,-0.635,0.794,-0.579,-0.304,-0.302,0.115,0.306,0.702,0.427,-0.31,0.821,-0.862,0.66,0.013,0.843,0.697,0.382,-0.519,0.638,-0.31,0.31,-0.624,0.891,0.261,-0.853,-0.193,-0.821,0.752,0.345,0.954,0.067,0.557,-0.298,-0.553,0.468,0.344,0.537,-0.494,-0.394,-0.387,0.795,0.216,-0.262,0.798,-0.439,0.868,-0.654,-0.262,-0.887,-0.195,0.154,0.22,-0.211,-0.377,-0.214,0.911,-0.194,0.379,0.589,0.136,0.449,0.479,0.751,-0.753,0.192,0.373,0.41,-0.706,0.589,0.397,-0.018,-0.478,-0.184,0.237,-0.571,0.041,0.544,-0.668,0.359,0.593,-0.706,-0.084,-0.005,0.822,0.704,-0.171,0.704,-0.727,0.574,-0.755,0.775,-0.24,0.322,-0.165,0.91,0.282,-0.031,0.74,0.541,-0.731,-0.333,0.664,-0.011,0.797,0.72,0.772,0.381
ALLK,0.677,0.189,0.364,0.697,0.305,0.302,-0.055,0.0,0.452,0.581,0.644,0.278,-0.294,0.725,0.684,0.346,0.562,0.516,0.587,0.34,0.675,0.519,0.261,0.457,0.227,0.174,0.806,0.638,0.296,0.399,0.653,0.42,0.306,0.085,0.482,-0.163,0.693,0.514,0.361,0.49,0.291,0.532,0.55,0.271,0.059,-0.05,0.595,0.213,0.545,0.389,-0.031,0.566,0.228,0.695,0.32,0.784,0.052,0.33,0.751,0.538,0.555,0.642,-0.36,0.61,0.475,0.161,0.738,0.079,0.625,0.772,0.004,0.133,0.253,0.332,0.488,0.252,0.485,0.717,-0.054,0.435,0.388,0.229,0.172,0.571,0.499,0.404,0.21,0.334,0.582,0.343,0.663,0.626,0.68,0.48,0.171,0.515,0.408,-0.137,0.211,0.412,0.376,0.456,0.147,-0.028,0.125,0.334,0.392,-0.246,0.385,0.227,0.049,0.374,0.629,0.31,0.581,0.049,0.404,0.358,0.699,0.409,0.286,0.767,0.096,0.711,-0.442,0.707,0.614,-0.226,0.633,0.138,0.689,0.735,0.828,0.022,0.669,0.514,0.131,0.701,-0.1,0.439,0.664,0.302,0.517,-0.095,0.268,0.802,0.43,0.752,0.204,0.653,0.443,0.38,0.717,0.36,0.522,0.109,0.309,0.673,0.106,0.789,0.475,0.531,0.383,0.571,0.285,-0.269,0.315,0.473,0.611,0.227,0.498,0.447,-0.12,0.562,0.418,0.275,-0.228,-0.404,0.726,0.399,0.101,0.278,0.35,-0.145,0.701,0.203,0.69,-0.021,0.526,0.72,0.299,0.457,0.344,0.809,-0.131,0.624,0.362,0.565,-0.276,0.192
AMD,0.198,-0.273,0.633,0.165,-0.446,-0.074,-0.223,0.452,0.0,0.701,0.424,-0.115,-0.694,0.764,0.626,0.202,0.894,0.894,0.66,0.894,0.525,0.237,0.781,0.451,0.263,0.015,0.546,0.892,0.923,0.766,0.798,0.147,0.147,-0.273,0.071,0.029,0.814,0.918,0.156,0.706,0.379,0.475,0.35,0.829,0.272,0.687,0.388,0.865,0.85,0.328,0.346,0.569,0.393,0.834,0.101,0.58,-0.024,0.774,0.819,0.794,0.869,0.464,-0.698,0.736,0.729,0.855,-0.119,0.53,0.351,0.242,-0.218,0.28,0.812,0.512,0.283,-0.017,0.373,0.822,-0.828,0.754,0.819,0.032,0.675,0.67,0.226,0.023,-0.125,-0.023,0.043,0.507,0.874,0.826,0.464,0.783,-0.496,0.785,0.956,0.731,-0.623,0.08,0.282,-0.087,0.805,-0.307,0.439,-0.25,0.888,-0.563,0.298,0.51,0.205,0.451,0.504,0.78,0.748,-0.035,0.636,0.624,0.864,0.616,0.292,0.279,0.033,0.604,-0.085,0.798,0.882,-0.619,0.438,-0.314,0.608,0.224,0.612,0.214,0.528,0.949,-0.217,0.832,0.064,0.783,0.891,0.597,0.45,-0.59,0.518,0.818,0.957,0.767,-0.267,0.521,0.724,-0.399,0.733,0.602,0.02,-0.201,0.291,0.78,-0.518,0.495,0.706,0.333,0.635,0.848,0.457,0.112,-0.345,0.813,-0.126,0.499,0.809,0.244,-0.723,0.715,0.931,0.796,-0.617,-0.522,0.369,0.381,0.547,-0.484,0.686,-0.506,0.292,0.671,0.745,-0.262,0.552,0.834,0.124,0.464,0.574,0.756,-0.521,0.43,-0.092,0.041,-0.699,0.65
AMWD,0.352,0.314,0.801,0.161,0.024,0.494,0.195,0.581,0.701,0.0,0.175,0.536,-0.142,0.737,0.804,0.511,0.689,0.798,0.575,0.497,0.81,0.644,0.788,0.666,0.597,0.526,0.721,0.67,0.604,0.871,0.909,0.419,0.57,0.164,0.468,0.443,0.777,0.587,0.461,0.924,0.662,0.815,0.711,0.736,0.635,0.529,0.836,0.735,0.434,0.735,-0.073,0.758,0.724,0.665,0.481,0.703,0.419,0.602,0.74,0.488,0.545,0.698,-0.274,0.366,0.418,0.614,0.243,0.771,0.624,0.319,0.211,0.548,0.74,0.632,0.718,-0.072,0.026,0.797,-0.464,0.79,0.623,0.465,0.744,0.522,0.036,0.542,0.448,0.566,0.42,0.77,0.879,0.761,0.725,0.47,0.096,0.417,0.724,0.415,-0.294,0.564,0.607,0.102,0.501,0.119,0.02,0.186,0.867,-0.056,0.754,0.784,-0.13,0.736,0.472,0.749,0.507,0.472,0.787,0.233,0.729,0.212,0.695,0.607,0.427,0.731,0.196,0.665,0.566,-0.545,0.787,0.252,0.478,0.155,0.428,0.544,0.664,0.739,0.326,0.511,0.428,0.352,0.699,0.18,0.46,-0.359,0.754,0.786,0.563,0.701,0.231,0.717,0.758,0.086,0.746,0.669,0.278,0.414,-0.001,0.876,-0.221,0.799,0.465,0.547,0.827,0.821,0.229,0.006,-0.031,0.526,0.118,0.728,0.501,0.748,-0.167,0.401,0.796,0.721,-0.075,-0.032,0.507,0.714,0.028,-0.053,0.155,0.068,0.156,0.788,0.741,0.192,0.624,0.77,0.637,0.766,0.075,0.647,0.111,0.444,0.414,0.51,-0.3,0.745
ARDX,0.31,-0.308,-0.019,0.67,-0.116,-0.141,-0.412,0.644,0.424,0.175,0.0,-0.231,-0.6,0.543,0.398,-0.079,0.547,0.347,0.591,0.442,0.269,-0.05,0.096,0.066,-0.145,-0.335,0.402,0.514,0.363,0.159,0.325,-0.092,-0.103,-0.279,0.082,-0.486,0.465,0.552,0.019,0.14,-0.081,0.081,-0.001,0.227,-0.297,-0.008,0.018,0.17,0.674,-0.108,0.055,0.214,-0.197,0.654,-0.034,0.489,-0.39,0.368,0.579,0.627,0.605,0.285,-0.46,0.74,0.503,0.208,0.359,-0.269,0.149,0.607,-0.374,-0.189,0.092,0.028,0.08,0.303,0.684,0.498,-0.225,0.217,0.363,-0.26,0.045,0.465,0.507,-0.073,-0.319,-0.093,0.212,-0.06,0.427,0.453,0.336,0.63,-0.238,0.623,0.374,0.01,0.078,0.036,-0.043,0.313,0.231,-0.332,0.468,-0.073,0.196,-0.635,-0.098,-0.123,0.224,-0.088,0.503,0.17,0.646,-0.414,0.198,0.588,0.531,0.661,-0.215,0.21,-0.278,0.559,-0.671,0.624,0.635,-0.285,0.275,-0.317,0.687,0.74,0.777,-0.361,0.39,0.432,-0.394,0.746,-0.436,0.685,0.648,0.524,0.347,-0.061,0.084,0.579,0.519,0.54,-0.245,0.328,0.193,-0.028,0.414,0.121,0.202,-0.324,0.484,0.301,-0.032,0.39,0.562,0.232,0.076,0.373,0.303,-0.126,0.089,0.545,0.468,-0.159,0.6,-0.051,-0.4,0.667,0.285,0.181,-0.52,-0.565,0.536,0.055,0.395,-0.041,0.674,-0.607,0.805,-0.059,0.472,-0.399,0.175,0.522,-0.185,0.04,0.625,0.662,-0.476,0.436,-0.064,0.077,-0.475,0.008
ARQT,0.418,0.732,0.531,-0.057,0.608,0.93,0.699,0.278,-0.115,0.536,-0.231,0.0,0.657,0.103,0.323,0.628,-0.087,0.146,-0.011,-0.312,0.648,0.699,0.175,0.562,0.739,0.849,0.458,-0.069,-0.199,0.304,0.428,0.46,0.762,0.739,0.75,0.578,0.24,-0.249,0.561,0.541,0.637,0.681,0.663,0.166,0.71,-0.008,0.78,0.09,-0.389,0.771,-0.522,0.525,0.7,0.021,0.728,0.335,0.78,-0.121,0.134,-0.35,-0.262,0.584,0.5,-0.39,-0.288,-0.091,0.515,0.42,0.629,0.202,0.704,0.651,0.128,0.363,0.733,0.07,-0.484,0.211,0.297,0.281,-0.099,0.781,0.344,-0.065,-0.154,0.86,0.884,0.947,0.705,0.625,0.236,0.214,0.339,-0.314,0.786,-0.402,-0.094,-0.281,0.258,0.797,0.71,0.454,-0.196,0.712,-0.663,0.632,0.237,0.674,0.81,0.58,-0.577,0.648,0.143,0.331,-0.224,0.849,0.495,-0.487,0.025,-0.518,0.774,0.574,0.753,0.351,0.445,0.022,-0.265,-0.016,0.713,0.71,-0.098,-0.067,-0.104,0.675,0.449,-0.068,0.813,-0.213,0.671,-0.496,-0.049,-0.564,0.188,0.219,0.536,0.142,-0.27,0.114,0.779,0.29,0.339,0.665,0.273,0.431,0.46,0.957,-0.534,0.367,0.282,0.636,-0.236,0.577,0.52,0.176,-0.356,-0.045,0.41,-0.265,0.332,0.591,-0.3,0.771,0.595,-0.335,0.055,0.114,0.698,0.645,0.338,0.72,-0.715,0.507,-0.61,0.707,-0.116,0.419,0.129,0.763,0.238,0.134,0.847,0.637,-0.655,0.051,0.824,0.069,0.793,0.784,0.504,0.425
ASTE,0.105,0.676,0.056,-0.355,0.596,0.603,0.774,-0.294,-0.694,-0.142,-0.6,0.657,0.0,-0.452,-0.338,0.412,-0.67,-0.516,-0.623,-0.8,0.045,0.305,-0.339,0.209,0.439,0.599,-0.178,-0.618,-0.708,-0.32,-0.263,0.299,0.486,0.73,0.441,0.438,-0.402,-0.778,0.279,-0.106,0.325,0.18,0.263,-0.314,0.426,-0.273,0.216,-0.387,-0.906,0.366,-0.318,-0.072,0.324,-0.582,0.493,-0.29,0.673,-0.648,-0.51,-0.837,-0.822,0.088,0.765,-0.877,-0.747,-0.496,0.229,0.016,0.21,-0.202,0.749,0.415,-0.348,0.054,0.222,-0.02,-0.679,-0.473,0.655,-0.306,-0.594,0.577,-0.171,-0.438,-0.328,0.545,0.713,0.6,0.374,0.163,-0.467,-0.368,-0.275,-0.843,0.815,-0.855,-0.678,-0.545,0.367,0.297,0.381,0.277,-0.594,0.737,-0.835,0.564,-0.393,0.934,0.392,0.141,-0.563,0.269,-0.433,-0.205,-0.811,0.712,-0.074,-0.886,-0.581,-0.889,0.431,0.118,0.624,-0.275,0.513,-0.61,-0.862,0.51,0.092,0.625,-0.693,-0.489,-0.629,0.504,-0.084,-0.656,0.762,-0.8,0.614,-0.916,-0.706,-0.884,-0.35,0.378,0.042,-0.551,-0.787,-0.514,0.756,-0.31,-0.126,0.579,-0.315,0.014,0.204,0.739,-0.684,-0.279,0.45,0.017,-0.776,0.185,0.021,-0.408,-0.548,-0.083,0.298,-0.83,0.026,0.22,-0.854,0.285,0.911,-0.837,-0.541,-0.338,0.971,0.851,-0.226,0.299,-0.823,0.623,-0.949,0.9,-0.421,-0.031,-0.461,0.794,-0.089,-0.51,0.53,0.208,-0.87,-0.609,0.86,-0.28,0.588,0.492,0.891,-0.003
AUPH,0.417,0.078,0.61,0.517,-0.185,0.129,-0.086,0.725,0.764,0.737,0.543,0.103,-0.452,0.0,0.751,0.431,0.858,0.699,0.669,0.641,0.693,0.428,0.686,0.631,0.299,0.128,0.724,0.894,0.69,0.711,0.795,0.379,0.263,-0.15,0.32,-0.056,0.853,0.835,0.381,0.647,0.496,0.634,0.596,0.67,0.235,0.501,0.542,0.631,0.695,0.505,0.294,0.624,0.387,0.877,0.345,0.681,0.07,0.628,0.878,0.785,0.769,0.635,-0.619,0.688,0.663,0.664,0.298,0.401,0.564,0.471,-0.048,0.266,0.65,0.587,0.466,-0.008,0.501,0.874,-0.565,0.629,0.715,0.19,0.534,0.866,0.381,0.248,0.075,0.204,0.344,0.506,0.878,0.827,0.696,0.65,-0.146,0.729,0.738,0.37,-0.337,0.185,0.422,0.068,0.561,-0.132,0.298,0.088,0.713,-0.348,0.434,0.463,0.148,0.533,0.518,0.583,0.67,0.077,0.593,0.481,0.929,0.553,0.351,0.601,0.122,0.786,-0.313,0.838,0.771,-0.458,0.596,-0.149,0.64,0.347,0.756,0.257,0.677,0.821,0.084,0.76,0.084,0.648,0.851,0.444,0.347,-0.504,0.52,0.902,0.759,0.853,0.006,0.682,0.649,-0.097,0.765,0.633,0.233,-0.031,0.357,0.774,-0.305,0.676,0.573,0.41,0.652,0.844,0.548,-0.016,-0.212,0.626,0.196,0.447,0.699,0.46,-0.384,0.661,0.774,0.744,-0.391,-0.386,0.529,0.508,0.409,-0.007,0.49,-0.248,0.561,0.563,0.833,-0.131,0.724,0.86,0.312,0.587,0.526,0.824,-0.379,0.744,0.225,0.395,-0.528,0.563
AVXL,0.205,0.074,0.549,0.352,-0.141,0.295,-0.183,0.684,0.626,0.804,0.398,0.323,-0.338,0.751,0.0,0.268,0.788,0.659,0.769,0.51,0.708,0.362,0.695,0.441,0.231,0.203,0.626,0.61,0.576,0.732,0.771,0.141,0.236,-0.173,0.239,0.253,0.735,0.69,0.455,0.723,0.389,0.592,0.497,0.611,0.335,0.442,0.6,0.574,0.556,0.478,-0.149,0.694,0.467,0.718,0.269,0.684,0.084,0.756,0.82,0.691,0.685,0.516,-0.405,0.585,0.632,0.577,0.237,0.512,0.451,0.384,-0.129,0.136,0.596,0.424,0.582,-0.031,0.326,0.795,-0.461,0.704,0.68,0.256,0.654,0.577,0.295,0.304,0.133,0.341,0.237,0.572,0.81,0.657,0.825,0.675,-0.086,0.571,0.679,0.376,-0.231,0.521,0.312,-0.012,0.534,-0.124,0.288,0.01,0.701,-0.309,0.463,0.604,-0.053,0.45,0.561,0.436,0.683,0.123,0.637,0.509,0.765,0.487,0.346,0.534,0.033,0.738,-0.115,0.764,0.686,-0.682,0.671,0.062,0.612,0.32,0.59,0.22,0.619,0.726,0.076,0.597,0.04,0.532,0.723,0.472,0.506,-0.352,0.675,0.833,0.576,0.772,-0.054,0.733,0.499,-0.078,0.579,0.479,0.048,0.193,0.412,0.69,-0.252,0.637,0.685,0.261,0.62,0.743,0.516,0.088,-0.117,0.602,0.199,0.428,0.678,0.616,-0.269,0.624,0.674,0.683,-0.301,-0.231,0.643,0.44,0.245,-0.105,0.361,-0.107,0.367,0.582,0.779,-0.151,0.508,0.709,0.42,0.613,0.301,0.766,-0.083,0.473,0.195,0.353,-0.508,0.543
AZTA,0.567,0.615,0.789,0.101,0.384,0.663,0.76,0.346,0.202,0.511,-0.079,0.628,0.412,0.431,0.268,0.0,0.183,0.255,-0.094,0.048,0.678,0.798,0.286,0.919,0.797,0.761,0.612,0.347,0.075,0.374,0.557,0.789,0.811,0.622,0.843,0.355,0.484,0.091,0.707,0.514,0.885,0.821,0.825,0.386,0.732,0.281,0.713,0.31,-0.141,0.852,0.22,0.54,0.695,0.273,0.843,0.431,0.829,-0.052,0.368,-0.115,-0.028,0.753,0.06,-0.174,-0.067,0.253,0.401,0.407,0.755,0.171,0.779,0.781,0.437,0.792,0.619,0.035,-0.183,0.411,-0.048,0.384,0.061,0.773,0.342,0.472,-0.028,0.809,0.737,0.708,0.633,0.673,0.42,0.516,0.178,-0.211,0.591,-0.068,0.132,-0.028,-0.063,0.339,0.788,0.356,0.069,0.676,-0.568,0.616,0.383,0.572,0.779,0.552,-0.326,0.885,0.022,0.476,-0.218,0.807,0.505,-0.455,0.346,-0.424,0.827,0.691,0.816,0.465,0.341,0.196,-0.056,0.186,0.576,0.354,-0.108,-0.178,0.048,0.847,0.613,0.198,0.787,0.024,0.779,-0.205,0.189,-0.451,-0.011,-0.163,0.427,0.294,0.081,0.317,0.796,0.231,0.613,0.436,0.527,0.773,0.515,0.624,-0.357,0.557,0.167,0.688,-0.32,0.671,0.7,0.389,-0.015,-0.04,0.079,-0.154,0.139,0.701,-0.195,0.59,0.275,-0.247,0.308,0.389,0.483,0.392,0.114,0.813,-0.323,0.489,-0.41,0.592,0.125,0.576,0.25,0.692,0.664,0.421,0.837,0.798,-0.33,0.172,0.318,0.408,0.782,0.812,0.38,0.608
BAND,0.162,-0.207,0.526,0.361,-0.479,-0.082,-0.339,0.562,0.894,0.689,0.547,-0.087,-0.67,0.858,0.788,0.183,0.0,0.791,0.777,0.818,0.54,0.153,0.81,0.435,0.135,-0.045,0.546,0.87,0.882,0.782,0.762,0.079,0.054,-0.397,0.033,-0.046,0.823,0.96,0.229,0.665,0.305,0.469,0.393,0.788,0.189,0.657,0.385,0.761,0.835,0.319,0.251,0.579,0.365,0.912,0.147,0.547,-0.117,0.839,0.878,0.906,0.905,0.481,-0.743,0.811,0.828,0.835,-0.04,0.484,0.339,0.271,-0.303,0.118,0.77,0.455,0.346,-0.04,0.482,0.859,-0.804,0.726,0.894,-0.015,0.667,0.75,0.329,0.003,-0.188,-0.005,0.055,0.465,0.883,0.812,0.655,0.812,-0.466,0.798,0.899,0.672,-0.546,0.112,0.219,-0.161,0.79,-0.355,0.534,-0.244,0.801,-0.606,0.255,0.522,0.228,0.365,0.51,0.61,0.811,-0.115,0.627,0.707,0.929,0.72,0.18,0.365,-0.085,0.684,-0.223,0.863,0.903,-0.696,0.476,-0.351,0.674,0.27,0.692,0.131,0.555,0.956,-0.19,0.822,-0.07,0.806,0.902,0.687,0.515,-0.605,0.587,0.89,0.893,0.841,-0.323,0.667,0.63,-0.404,0.643,0.56,-0.083,-0.193,0.464,0.729,-0.544,0.49,0.786,0.221,0.616,0.868,0.624,0.146,-0.374,0.793,-0.047,0.381,0.879,0.361,-0.637,0.807,0.861,0.843,-0.617,-0.525,0.477,0.34,0.623,-0.378,0.702,-0.473,0.437,0.593,0.867,-0.363,0.608,0.816,0.141,0.466,0.644,0.826,-0.496,0.577,-0.1,0.083,-0.716,0.605
BECN,0.316,-0.14,0.669,0.147,-0.199,0.177,-0.099,0.516,0.894,0.798,0.347,0.146,-0.516,0.699,0.659,0.255,0.791,0.0,0.665,0.767,0.635,0.39,0.722,0.46,0.409,0.253,0.649,0.786,0.815,0.804,0.836,0.18,0.293,-0.049,0.239,0.176,0.814,0.763,0.221,0.814,0.43,0.552,0.482,0.773,0.386,0.539,0.576,0.803,0.72,0.412,0.111,0.669,0.51,0.757,0.221,0.654,0.126,0.692,0.771,0.64,0.757,0.535,-0.445,0.621,0.608,0.703,0.05,0.582,0.439,0.327,-0.089,0.387,0.749,0.454,0.446,0.027,0.193,0.81,-0.647,0.802,0.734,0.125,0.72,0.496,0.194,0.207,0.093,0.213,0.236,0.611,0.86,0.776,0.538,0.668,-0.279,0.607,0.88,0.577,-0.403,0.35,0.403,0.098,0.64,-0.145,0.276,-0.108,0.886,-0.411,0.454,0.546,0.07,0.542,0.616,0.803,0.709,0.13,0.676,0.532,0.782,0.493,0.427,0.412,0.165,0.624,0.026,0.759,0.79,-0.601,0.59,-0.092,0.599,0.31,0.562,0.298,0.588,0.851,-0.048,0.776,0.187,0.604,0.81,0.461,0.639,-0.326,0.569,0.816,0.824,0.753,-0.087,0.569,0.745,-0.135,0.794,0.623,0.225,0.032,0.131,0.819,-0.361,0.636,0.665,0.497,0.666,0.801,0.232,0.053,-0.088,0.74,0.101,0.591,0.714,0.42,-0.518,0.627,0.844,0.672,-0.432,-0.344,0.497,0.477,0.293,-0.362,0.526,-0.366,0.245,0.659,0.754,-0.069,0.497,0.781,0.277,0.514,0.372,0.747,-0.258,0.329,0.059,0.183,-0.584,0.653
BFC,0.142,-0.314,0.268,0.38,-0.304,-0.005,-0.494,0.587,0.66,0.575,0.591,-0.011,-0.623,0.669,0.769,-0.094,0.777,0.665,0.0,0.614,0.506,0.009,0.561,0.146,-0.016,-0.169,0.471,0.623,0.662,0.616,0.612,-0.18,-0.108,-0.384,-0.033,-0.122,0.701,0.76,0.203,0.513,0.034,0.257,0.202,0.556,0.002,0.328,0.298,0.534,0.743,0.132,-0.086,0.567,0.17,0.754,0.01,0.543,-0.302,0.774,0.777,0.793,0.826,0.3,-0.56,0.796,0.747,0.54,0.098,0.258,0.179,0.417,-0.433,-0.11,0.473,0.191,0.321,0.039,0.49,0.749,-0.517,0.585,0.647,-0.158,0.519,0.468,0.497,-0.106,-0.223,0.024,0.059,0.309,0.681,0.568,0.699,0.795,-0.392,0.695,0.712,0.412,-0.238,0.285,0.084,-0.038,0.557,-0.423,0.537,-0.251,0.594,-0.625,0.15,0.322,0.119,0.136,0.737,0.408,0.854,-0.249,0.465,0.802,0.712,0.78,0.022,0.315,-0.265,0.596,-0.334,0.778,0.812,-0.764,0.468,-0.284,0.713,0.494,0.713,-0.133,0.5,0.735,-0.257,0.778,-0.287,0.719,0.77,0.706,0.563,-0.271,0.459,0.794,0.705,0.787,-0.383,0.611,0.32,-0.25,0.532,0.271,-0.012,-0.149,0.481,0.522,-0.401,0.423,0.874,0.146,0.401,0.658,0.472,0.178,-0.093,0.786,0.21,0.181,0.859,0.311,-0.485,0.849,0.602,0.551,-0.59,-0.487,0.693,0.189,0.453,-0.34,0.679,-0.506,0.484,0.332,0.683,-0.433,0.33,0.619,-0.002,0.274,0.577,0.84,-0.342,0.383,-0.101,0.002,-0.711,0.342
BGC,0.007,-0.398,0.412,0.244,-0.523,-0.284,-0.395,0.34,0.894,0.497,0.442,-0.312,-0.8,0.641,0.51,0.048,0.818,0.767,0.614,0.0,0.289,0.075,0.649,0.228,-0.007,-0.131,0.436,0.774,0.872,0.65,0.587,0.018,-0.039,-0.461,-0.11,-0.091,0.639,0.847,0.092,0.486,0.158,0.259,0.148,0.639,0.08,0.582,0.161,0.71,0.855,0.07,0.368,0.32,0.14,0.697,-0.085,0.475,-0.227,0.736,0.662,0.794,0.815,0.262,-0.703,0.749,0.692,0.748,-0.198,0.394,0.104,0.163,-0.369,0.045,0.712,0.345,0.128,-0.063,0.486,0.672,-0.814,0.599,0.733,-0.215,0.51,0.615,0.128,-0.147,-0.354,-0.237,-0.172,0.309,0.751,0.616,0.369,0.797,-0.608,0.81,0.87,0.722,-0.516,-0.07,0.029,-0.174,0.749,-0.357,0.607,-0.377,0.736,-0.684,0.049,0.274,0.415,0.225,0.401,0.569,0.742,-0.254,0.45,0.698,0.76,0.665,0.03,0.14,-0.195,0.483,-0.171,0.721,0.854,-0.533,0.234,-0.486,0.595,0.296,0.546,-0.002,0.293,0.827,-0.414,0.792,-0.138,0.824,0.839,0.693,0.414,-0.541,0.328,0.699,0.889,0.62,-0.428,0.446,0.518,-0.5,0.556,0.421,-0.044,-0.38,0.456,0.604,-0.461,0.311,0.677,0.127,0.419,0.662,0.487,0.157,-0.337,0.816,-0.085,0.235,0.793,0.077,-0.836,0.69,0.818,0.657,-0.744,-0.598,0.202,0.147,0.674,-0.535,0.749,-0.604,0.358,0.461,0.609,-0.458,0.421,0.747,-0.096,0.237,0.663,0.643,-0.639,0.372,-0.293,-0.151,-0.742,0.437
BHF,0.648,0.319,0.82,0.2,0.242,0.691,0.352,0.675,0.525,0.81,0.269,0.648,0.045,0.693,0.708,0.678,0.54,0.635,0.506,0.289,0.0,0.667,0.528,0.807,0.748,0.591,0.803,0.59,0.401,0.669,0.881,0.452,0.64,0.413,0.728,0.315,0.82,0.466,0.612,0.823,0.756,0.87,0.793,0.652,0.648,0.356,0.834,0.571,0.29,0.842,-0.061,0.894,0.727,0.64,0.739,0.747,0.551,0.388,0.786,0.316,0.449,0.814,-0.169,0.297,0.355,0.467,0.473,0.495,0.798,0.479,0.396,0.632,0.569,0.689,0.792,0.161,0.076,0.8,-0.25,0.723,0.407,0.622,0.641,0.499,0.375,0.664,0.595,0.723,0.674,0.79,0.752,0.781,0.605,0.303,0.308,0.274,0.501,0.146,-0.124,0.656,0.8,0.387,0.327,0.339,-0.249,0.394,0.68,0.138,0.806,0.715,-0.377,0.817,0.586,0.675,0.345,0.586,0.747,0.094,0.656,0.093,0.751,0.744,0.553,0.732,0.128,0.643,0.409,-0.393,0.883,0.266,0.358,0.196,0.524,0.611,0.884,0.553,0.547,0.481,0.509,0.187,0.56,0.009,0.4,-0.175,0.695,0.713,0.451,0.746,0.469,0.533,0.711,0.326,0.8,0.775,0.454,0.558,-0.129,0.765,-0.031,0.881,0.331,0.743,0.825,0.738,0.119,0.078,0.126,0.309,0.285,0.774,0.341,0.725,0.045,0.325,0.582,0.588,0.139,0.098,0.68,0.824,-0.189,0.2,0.033,0.192,0.296,0.681,0.601,0.419,0.614,0.668,0.73,0.873,-0.033,0.687,0.212,0.397,0.604,0.722,-0.079,0.695
BHFAL,0.626,0.64,0.714,0.171,0.578,0.707,0.66,0.519,0.237,0.644,-0.05,0.699,0.305,0.428,0.362,0.798,0.153,0.39,0.009,0.075,0.667,0.0,0.26,0.745,0.721,0.758,0.706,0.367,0.063,0.376,0.619,0.792,0.835,0.613,0.809,0.418,0.495,0.07,0.617,0.591,0.783,0.782,0.751,0.246,0.621,0.061,0.82,0.263,-0.025,0.769,-0.018,0.557,0.608,0.244,0.623,0.594,0.763,-0.036,0.37,-0.071,0.016,0.74,0.138,-0.093,-0.1,0.086,0.611,0.413,0.818,0.353,0.641,0.704,0.356,0.602,0.616,-0.047,-0.195,0.438,0.055,0.392,0.059,0.728,0.28,0.348,-0.096,0.868,0.784,0.732,0.684,0.608,0.508,0.454,0.343,-0.095,0.638,-0.008,0.177,-0.149,0.104,0.527,0.72,0.47,-0.041,0.56,-0.518,0.625,0.42,0.453,0.784,0.461,-0.303,0.786,0.168,0.477,-0.051,0.722,0.499,-0.353,0.349,-0.352,0.797,0.708,0.733,0.521,0.232,0.266,0.062,0.133,0.657,0.549,0.113,0.111,0.173,0.669,0.568,0.205,0.636,0.133,0.628,-0.152,0.282,-0.387,0.153,-0.038,0.363,0.409,0.073,0.34,0.763,0.363,0.6,0.553,0.579,0.593,0.651,0.625,-0.32,0.664,0.272,0.785,-0.195,0.711,0.575,0.376,-0.141,-0.286,0.326,-0.03,0.367,0.614,-0.112,0.619,0.225,-0.164,0.353,0.236,0.379,0.255,0.268,0.74,-0.406,0.454,-0.332,0.507,0.134,0.487,0.355,0.62,0.57,0.534,0.776,0.716,-0.324,0.268,0.353,0.402,0.768,0.826,0.258,0.456
BKNG,-0.051,0.079,0.663,-0.006,-0.471,0.093,-0.036,0.261,0.781,0.788,0.096,0.175,-0.339,0.686,0.695,0.286,0.81,0.722,0.561,0.649,0.528,0.26,0.0,0.494,0.352,0.218,0.384,0.686,0.791,0.875,0.733,0.164,0.264,-0.193,0.051,0.361,0.681,0.738,0.248,0.784,0.484,0.588,0.478,0.854,0.481,0.829,0.504,0.863,0.506,0.521,0.11,0.525,0.627,0.697,0.243,0.335,0.179,0.757,0.647,0.65,0.63,0.437,-0.472,0.434,0.55,0.853,-0.221,0.786,0.362,-0.001,-0.045,0.384,0.849,0.523,0.457,-0.167,0.105,0.689,-0.773,0.692,0.816,0.222,0.821,0.57,-0.062,0.156,0.054,0.199,0.04,0.636,0.808,0.712,0.576,0.558,-0.307,0.49,0.834,0.749,-0.677,0.192,0.363,-0.347,0.77,-0.147,0.299,-0.171,0.884,-0.28,0.476,0.786,0.1,0.527,0.253,0.738,0.533,0.223,0.755,0.395,0.751,0.386,0.424,0.273,0.195,0.533,0.159,0.615,0.616,-0.666,0.482,-0.139,0.35,-0.138,0.32,0.442,0.403,0.854,0.046,0.476,0.288,0.498,0.692,0.382,0.396,-0.654,0.773,0.682,0.702,0.605,-0.144,0.639,0.664,-0.412,0.498,0.577,-0.192,0.107,0.127,0.681,-0.59,0.428,0.555,0.201,0.739,0.833,0.399,0.188,-0.467,0.559,-0.314,0.605,0.618,0.541,-0.431,0.471,0.88,0.926,-0.311,-0.167,0.246,0.515,0.391,-0.368,0.346,-0.147,0.038,0.811,0.735,-0.086,0.578,0.7,0.349,0.571,0.321,0.53,-0.146,0.421,0.002,0.154,-0.472,0.798
BL,0.636,0.472,0.887,0.092,0.219,0.612,0.628,0.457,0.451,0.666,0.066,0.562,0.209,0.631,0.441,0.919,0.435,0.46,0.146,0.228,0.807,0.745,0.494,0.0,0.832,0.667,0.699,0.577,0.334,0.553,0.758,0.704,0.78,0.523,0.784,0.335,0.698,0.358,0.692,0.689,0.919,0.903,0.857,0.622,0.755,0.459,0.77,0.549,0.111,0.897,0.268,0.712,0.776,0.526,0.85,0.553,0.75,0.173,0.606,0.128,0.241,0.847,-0.162,0.065,0.165,0.488,0.339,0.485,0.827,0.272,0.653,0.805,0.611,0.875,0.621,0.059,-0.063,0.635,-0.274,0.58,0.301,0.713,0.523,0.595,0.147,0.721,0.651,0.671,0.61,0.794,0.622,0.742,0.322,0.039,0.396,0.146,0.379,0.165,-0.255,0.354,0.857,0.327,0.291,0.501,-0.419,0.516,0.593,0.363,0.826,0.697,-0.309,0.924,0.195,0.671,0.033,0.732,0.686,-0.223,0.572,-0.196,0.836,0.727,0.763,0.579,0.272,0.444,0.196,-0.073,0.694,0.202,0.046,-0.125,0.246,0.823,0.745,0.468,0.687,0.256,0.728,0.023,0.421,-0.24,0.144,-0.314,0.574,0.509,0.348,0.541,0.643,0.338,0.766,0.303,0.693,0.893,0.459,0.541,-0.238,0.735,-0.03,0.767,-0.051,0.729,0.846,0.647,0.143,0.057,-0.028,0.079,0.063,0.812,0.068,0.621,0.086,0.017,0.544,0.609,0.297,0.219,0.279,0.884,-0.17,0.288,-0.167,0.396,0.213,0.722,0.447,0.578,0.781,0.592,0.796,0.873,-0.141,0.407,0.173,0.467,0.698,0.769,0.156,0.764
BOKF,0.586,0.536,0.81,-0.19,0.367,0.804,0.791,0.227,0.263,0.597,-0.145,0.739,0.439,0.299,0.231,0.797,0.135,0.409,-0.016,-0.007,0.748,0.721,0.352,0.832,0.0,0.814,0.496,0.275,0.144,0.42,0.636,0.541,0.871,0.789,0.818,0.533,0.513,0.051,0.524,0.696,0.877,0.811,0.705,0.556,0.849,0.342,0.755,0.491,-0.14,0.881,0.022,0.667,0.834,0.269,0.828,0.385,0.882,-0.036,0.357,-0.205,-0.024,0.735,0.212,-0.231,-0.144,0.304,0.287,0.523,0.769,0.16,0.751,0.959,0.445,0.681,0.637,0.097,-0.435,0.405,-0.078,0.484,0.102,0.77,0.524,0.197,-0.029,0.798,0.841,0.824,0.7,0.776,0.424,0.555,0.116,-0.196,0.553,-0.214,0.195,0.046,-0.164,0.504,0.915,0.428,0.082,0.636,-0.665,0.534,0.487,0.531,0.898,0.697,-0.566,0.879,0.145,0.71,-0.156,0.883,0.637,-0.415,0.244,-0.418,0.9,0.5,0.912,0.435,0.494,0.174,-0.068,-0.015,0.678,0.402,-0.116,-0.222,0.006,0.88,0.638,0.223,0.743,0.038,0.886,-0.271,0.18,-0.49,0.141,-0.084,0.59,0.262,0.124,0.288,0.751,0.11,0.739,0.432,0.578,0.753,0.463,0.741,-0.63,0.579,0.071,0.707,-0.199,0.836,0.768,0.467,-0.285,-0.034,0.12,-0.141,0.048,0.842,-0.165,0.579,0.293,-0.217,0.36,0.406,0.532,0.477,0.252,0.893,-0.538,0.288,-0.383,0.494,-0.088,0.662,0.247,0.831,0.47,0.353,0.843,0.798,-0.457,0.175,0.5,0.149,0.756,0.736,0.365,0.727
BRKR,0.436,0.671,0.659,-0.15,0.53,0.841,0.79,0.174,0.015,0.526,-0.335,0.849,0.599,0.128,0.203,0.761,-0.045,0.253,-0.169,-0.131,0.591,0.758,0.218,0.667,0.814,0.0,0.46,0.027,-0.085,0.328,0.436,0.567,0.82,0.762,0.771,0.571,0.261,-0.186,0.537,0.566,0.78,0.692,0.696,0.253,0.791,0.152,0.76,0.211,-0.34,0.787,-0.174,0.48,0.74,0.013,0.765,0.3,0.868,-0.159,0.116,-0.365,-0.26,0.628,0.446,-0.424,-0.314,0.042,0.381,0.542,0.653,0.059,0.76,0.792,0.271,0.498,0.654,-0.055,-0.547,0.19,0.141,0.294,0.015,0.769,0.386,0.036,-0.265,0.87,0.881,0.843,0.67,0.673,0.299,0.288,0.151,-0.334,0.706,-0.383,-0.012,-0.124,0.122,0.653,0.749,0.419,-0.121,0.83,-0.708,0.562,0.31,0.676,0.829,0.565,-0.522,0.765,0.002,0.449,-0.29,0.889,0.456,-0.55,0.066,-0.58,0.839,0.535,0.838,0.329,0.55,0.022,-0.244,0.105,0.654,0.622,-0.184,-0.2,-0.173,0.809,0.419,-0.003,0.793,-0.182,0.791,-0.483,-0.023,-0.589,0.179,0.075,0.526,0.12,-0.152,0.073,0.805,0.153,0.519,0.576,0.344,0.629,0.496,0.822,-0.613,0.432,0.212,0.614,-0.343,0.632,0.575,0.207,-0.361,-0.104,0.271,-0.274,0.179,0.674,-0.343,0.648,0.465,-0.415,0.142,0.193,0.643,0.604,0.121,0.731,-0.649,0.467,-0.588,0.7,-0.192,0.507,0.138,0.817,0.321,0.174,0.86,0.683,-0.646,-0.023,0.674,0.07,0.734,0.746,0.478,0.523
CACC,0.708,0.268,0.657,0.483,0.324,0.501,0.19,0.806,0.546,0.721,0.402,0.458,-0.178,0.724,0.626,0.612,0.546,0.649,0.471,0.436,0.803,0.706,0.384,0.699,0.496,0.46,0.0,0.7,0.4,0.602,0.801,0.567,0.506,0.274,0.671,0.057,0.759,0.506,0.536,0.653,0.571,0.743,0.748,0.409,0.376,0.126,0.781,0.377,0.468,0.642,0.041,0.723,0.435,0.646,0.557,0.86,0.341,0.331,0.746,0.408,0.513,0.757,-0.29,0.463,0.45,0.308,0.614,0.302,0.702,0.638,0.287,0.412,0.477,0.614,0.614,0.17,0.293,0.801,-0.209,0.633,0.353,0.39,0.383,0.583,0.341,0.577,0.411,0.516,0.598,0.567,0.757,0.709,0.63,0.401,0.238,0.493,0.487,0.036,0.077,0.532,0.601,0.468,0.257,0.245,-0.062,0.415,0.596,-0.009,0.608,0.4,-0.021,0.641,0.618,0.541,0.469,0.344,0.567,0.191,0.717,0.198,0.549,0.852,0.352,0.708,-0.115,0.709,0.549,-0.25,0.749,0.166,0.526,0.496,0.644,0.348,0.758,0.545,0.381,0.617,0.246,0.333,0.64,0.141,0.462,-0.08,0.367,0.777,0.48,0.761,0.38,0.642,0.559,0.413,0.835,0.645,0.655,0.328,0.136,0.808,0.068,0.858,0.328,0.649,0.61,0.615,0.254,-0.038,0.305,0.47,0.521,0.512,0.413,0.595,-0.139,0.41,0.567,0.393,-0.097,-0.147,0.575,0.605,0.001,0.217,0.188,0.033,0.497,0.46,0.585,0.2,0.612,0.772,0.513,0.614,0.168,0.737,-0.03,0.532,0.504,0.625,-0.192,0.418
CAR,0.43,-0.105,0.61,0.411,-0.252,-0.025,-0.143,0.638,0.892,0.67,0.514,-0.069,-0.618,0.894,0.61,0.347,0.87,0.786,0.623,0.774,0.59,0.367,0.686,0.577,0.275,0.027,0.7,0.0,0.829,0.721,0.806,0.367,0.207,-0.181,0.236,-0.112,0.876,0.905,0.25,0.633,0.429,0.567,0.5,0.708,0.192,0.509,0.471,0.717,0.824,0.411,0.426,0.598,0.32,0.884,0.227,0.665,0.01,0.646,0.871,0.803,0.861,0.58,-0.749,0.775,0.719,0.722,0.15,0.376,0.511,0.445,-0.092,0.271,0.729,0.603,0.313,0.081,0.516,0.889,-0.69,0.685,0.735,0.067,0.507,0.803,0.375,0.102,-0.055,0.047,0.211,0.446,0.869,0.873,0.55,0.71,-0.331,0.812,0.84,0.517,-0.476,0.038,0.38,0.036,0.678,-0.258,0.367,-0.014,0.781,-0.479,0.339,0.406,0.282,0.478,0.541,0.691,0.704,-0.019,0.593,0.551,0.941,0.591,0.293,0.509,0.078,0.655,-0.252,0.855,0.862,-0.47,0.48,-0.289,0.634,0.326,0.747,0.19,0.63,0.906,-0.069,0.856,0.051,0.749,0.874,0.527,0.401,-0.547,0.392,0.867,0.895,0.867,-0.103,0.603,0.692,-0.191,0.812,0.626,0.237,-0.183,0.346,0.822,-0.403,0.588,0.614,0.428,0.602,0.856,0.556,0.028,-0.193,0.744,0.058,0.445,0.764,0.306,-0.589,0.723,0.871,0.713,-0.551,-0.545,0.429,0.439,0.533,-0.254,0.63,-0.417,0.498,0.553,0.772,-0.207,0.705,0.896,0.163,0.472,0.632,0.842,-0.545,0.658,0.065,0.217,-0.618,0.543
CDNA,0.033,-0.376,0.531,0.11,-0.564,-0.181,-0.336,0.296,0.923,0.604,0.363,-0.199,-0.708,0.69,0.576,0.075,0.882,0.815,0.662,0.872,0.401,0.063,0.791,0.334,0.144,-0.085,0.4,0.829,0.0,0.79,0.703,0.008,0.011,-0.39,-0.064,0.057,0.718,0.903,0.132,0.632,0.257,0.389,0.25,0.803,0.253,0.698,0.266,0.853,0.809,0.222,0.316,0.49,0.323,0.763,0.031,0.462,-0.118,0.805,0.745,0.805,0.869,0.345,-0.714,0.729,0.754,0.865,-0.289,0.512,0.178,0.134,-0.276,0.161,0.811,0.448,0.188,-0.049,0.382,0.766,-0.896,0.712,0.809,-0.119,0.677,0.598,0.202,-0.13,-0.262,-0.111,-0.141,0.458,0.788,0.721,0.446,0.786,-0.61,0.765,0.943,0.829,-0.687,0.006,0.176,-0.258,0.849,-0.403,0.539,-0.325,0.853,-0.612,0.172,0.472,0.332,0.332,0.455,0.692,0.736,-0.124,0.608,0.682,0.81,0.644,0.175,0.163,-0.094,0.492,-0.031,0.759,0.843,-0.69,0.332,-0.433,0.563,0.11,0.506,0.139,0.411,0.921,-0.284,0.759,0.008,0.787,0.819,0.672,0.446,-0.596,0.487,0.729,0.936,0.701,-0.405,0.492,0.603,-0.513,0.611,0.533,-0.107,-0.257,0.357,0.677,-0.607,0.33,0.73,0.186,0.559,0.799,0.524,0.298,-0.412,0.81,-0.223,0.418,0.827,0.212,-0.753,0.728,0.905,0.783,-0.656,-0.485,0.288,0.269,0.638,-0.629,0.698,-0.548,0.252,0.613,0.665,-0.366,0.494,0.727,0.011,0.333,0.622,0.69,-0.548,0.37,-0.212,-0.122,-0.758,0.609
CG,0.159,0.077,0.729,0.126,-0.265,0.25,-0.022,0.399,0.766,0.871,0.159,0.304,-0.32,0.711,0.732,0.374,0.782,0.804,0.616,0.65,0.669,0.376,0.875,0.553,0.42,0.328,0.602,0.721,0.79,0.0,0.824,0.269,0.324,-0.079,0.252,0.333,0.742,0.706,0.355,0.839,0.507,0.683,0.616,0.801,0.542,0.659,0.643,0.796,0.529,0.574,0.05,0.66,0.613,0.7,0.371,0.555,0.225,0.741,0.72,0.618,0.666,0.519,-0.47,0.488,0.561,0.778,-0.053,0.785,0.365,0.129,0.05,0.394,0.871,0.594,0.637,-0.043,0.149,0.804,-0.69,0.782,0.703,0.212,0.76,0.576,0.033,0.256,0.151,0.337,0.131,0.69,0.839,0.734,0.69,0.57,-0.207,0.542,0.84,0.689,-0.46,0.361,0.433,-0.147,0.693,-0.081,0.262,-0.062,0.916,-0.223,0.54,0.739,0.126,0.613,0.445,0.732,0.579,0.287,0.766,0.412,0.773,0.368,0.499,0.49,0.218,0.607,0.242,0.686,0.655,-0.667,0.604,-0.047,0.485,0.044,0.385,0.447,0.537,0.831,0.179,0.557,0.316,0.506,0.705,0.39,0.482,-0.487,0.697,0.739,0.7,0.71,-0.034,0.722,0.647,-0.174,0.67,0.647,0.096,0.21,0.145,0.781,-0.447,0.583,0.574,0.354,0.794,0.818,0.405,0.28,-0.198,0.652,-0.057,0.654,0.646,0.681,-0.375,0.522,0.869,0.803,-0.271,-0.108,0.389,0.563,0.313,-0.306,0.314,-0.119,0.137,0.771,0.662,-0.025,0.602,0.739,0.436,0.615,0.289,0.642,-0.099,0.414,0.133,0.211,-0.476,0.752
CGBD,0.526,0.143,0.859,0.181,-0.0,0.459,0.17,0.653,0.798,0.909,0.325,0.428,-0.263,0.795,0.771,0.557,0.762,0.836,0.612,0.587,0.881,0.619,0.733,0.758,0.636,0.436,0.801,0.806,0.703,0.824,0.0,0.416,0.556,0.179,0.541,0.317,0.908,0.712,0.504,0.91,0.704,0.842,0.703,0.799,0.619,0.533,0.797,0.793,0.567,0.746,0.084,0.861,0.7,0.785,0.54,0.8,0.409,0.602,0.88,0.548,0.679,0.792,-0.408,0.504,0.538,0.685,0.254,0.611,0.719,0.443,0.219,0.572,0.778,0.729,0.632,0.075,0.156,0.916,-0.553,0.852,0.637,0.453,0.749,0.602,0.278,0.497,0.393,0.516,0.45,0.795,0.915,0.875,0.626,0.55,0.013,0.534,0.774,0.44,-0.387,0.494,0.679,0.212,0.588,0.09,0.003,0.199,0.888,-0.143,0.716,0.742,-0.148,0.766,0.588,0.809,0.558,0.418,0.83,0.305,0.822,0.284,0.68,0.65,0.419,0.756,0.118,0.791,0.663,-0.559,0.808,0.079,0.517,0.209,0.562,0.529,0.807,0.811,0.28,0.667,0.406,0.459,0.778,0.248,0.489,-0.364,0.692,0.843,0.706,0.822,0.223,0.616,0.825,0.069,0.866,0.786,0.333,0.333,0.044,0.928,-0.274,0.834,0.51,0.657,0.839,0.889,0.299,0.109,-0.039,0.575,0.129,0.768,0.574,0.626,-0.295,0.508,0.853,0.742,-0.165,-0.155,0.573,0.742,0.103,-0.134,0.285,-0.058,0.297,0.783,0.743,0.18,0.707,0.839,0.587,0.79,0.189,0.775,-0.048,0.452,0.408,0.517,-0.35,0.763
