,ACET,ADAP,ADI,ADPT,ADTN,AGEN,ALGN,ALLK,AMD,AMWD,ARDX,ARQT,ASTE,AUPH,AVXL,AZTA,BAND,BECN,BFC,BGC,BHF,BHFAL,BKNG,BL,BOKF,BRKR,CACC,CAR,CDNA,CG,CGBD,CHI,CHTR,CHX,CLNE,CME,CNOB,CNXN,CPRX,CSGP,CSGS,CSIQ,CVCO,CVLT,CYRX,DDOG,DOOO,DSGX,DTIL,ECPG,EEFT,EFSC,ENTG,ESPR,ETSY,EXC,FAMI,FFIV,FITB,FIZZ,FMBH,FOX,FTNT,FULT,GABC,GEN,GH,GMAB,GNPX,GO,GOGL,GOOG,GPRO,GSHD,GSM,GWAV,HAIN,HBAN,HEPA,HURN,HWKN,IBIO,ICFI,IGMS,IMKTA,INCY,INO,IRDM,IRTC,IRWD,ITCI,JACK,JD,JJSF,KALA,KHC,KLAC,KRRO,KRYS,LANC,LBTYA,LIVN,LKCO,LNTH,LOGI,LPRO,LRCX,LSCC,LSTR,MAR,MARA,MCHP,MEOH,META,MGTX,MKSI,MMYT,MORN,MRUS,MTLS,MTSI,MVIS,MXL,NBIX,NFE,NMIH,NMRK,NNDM,NSIT,NTCT,NVAX,OCUL,ODP,OLED,ONB,OTEX,PACB,PATK,PAYX,PEP,PERI,PI,PLYA,PRDO,PRGS,PTGX,QCOM,QCRH,QDEL,QFIN,RGEN,RILY,RPAY,RPD,SABR,SEDG,SHEN,SIRI,SLNO,SNDL,SNEX,SONO,SPT,SSNC,STGW,STKL,STRL,STX,SWTX,SYNA,TFSL,TIGR,TNXP,TOWN,TRI,TRIP,TRMB,TRNS,TRS,TSCO,TSEM,TVTX,TXRH,VC,VCEL,VECO,VIAV,VICR,VIR,VRTX,VSTM,VTRS,WDFC,WSBC,WSC,WYNN,XENE,XNCR,XRAY,ZS
ACET,0.0,0.108,0.145,0.19,0.512,0.397,0.52,0.746,0.33,0.006,-0.33,0.334,0.574,0.227,0.536,0.642,0.192,0.517,0.301,-0.663,-0.234,0.019,-0.107,-0.064,0.486,0.348,-0.248,0.377,0.425,-0.202,0.456,0.042,-0.246,-0.366,-0.457,-0.357,0.831,-0.227,0.478,-0.287,0.059,0.716,0.436,0.255,-0.026,-0.284,0.469,-0.244,0.063,0.606,0.299,0.645,0.326,0.405,0.685,-0.58,0.732,0.027,-0.179,0.389,0.701,0.347,-0.451,0.566,0.525,0.485,0.242,-0.068,0.256,0.408,0.127,-0.237,0.272,-0.206,0.292,0.326,0.306,0.67,0.467,-0.154,0.214,0.265,0.057,-0.094,0.351,0.227,0.241,0.75,0.487,0.527,-0.36,0.668,0.554,-0.313,0.441,-0.506,0.108,0.604,-0.445,0.556,0.042,-0.071,0.524,0.549,-0.289,0.401,0.306,0.222,0.644,0.179,0.598,0.368,0.467,-0.33,0.094,0.329,-0.438,-0.368,-0.478,0.565,-0.201,0.624,0.524,-0.414,-0.219,0.148,0.241,0.423,0.157,0.324,-0.148,0.665,0.304,0.021,0.618,-0.17,0.255,0.421,0.352,-0.349,0.178,0.032,-0.01,-0.131,0.114,0.048,0.206,0.379,0.211,0.464,0.415,0.656,0.534,-0.123,0.425,0.514,0.511,0.742,0.1,-0.222,0.329,0.518,-0.001,0.216,0.021,0.579,0.412,0.545,0.572,0.688,0.734,-0.199,0.536,0.649,0.051,0.068,0.721,-0.59,0.574,0.209,0.82,0.413,0.453,0.228,-0.43,0.639,0.391,0.54,0.449,-0.048,-0.008,0.502,0.268,0.796,-0.318,0.293,-0.009,0.349,0.328,-0.257
ADAP,0.108,0.0,-0.232,0.149,-0.089,0.482,0.136,0.123,-0.149,-0.474,-0.485,0.05,0.37,-0.581,0.398,0.346,-0.333,-0.011,-0.23,0.052,-0.207,-0.339,-0.191,-0.261,0.015,0.319,0.121,0.509,0.184,-0.397,0.312,-0.201,0.233,-0.523,-0.243,-0.303,0.148,-0.573,0.514,-0.502,0.257,0.295,-0.028,0.61,0.545,-0.354,0.477,-0.222,0.491,0.505,0.144,0.29,-0.024,0.146,0.321,0.068,-0.062,-0.345,-0.197,0.576,0.275,0.576,-0.473,0.146,-0.352,0.068,0.297,0.036,-0.262,0.386,-0.245,-0.258,0.547,-0.466,0.475,0.366,0.601,0.149,0.159,-0.292,-0.364,0.531,-0.274,0.35,0.554,0.357,-0.316,0.243,0.533,0.468,-0.538,0.005,0.243,-0.176,0.483,0.433,-0.388,0.368,-0.018,0.3,0.37,0.571,0.43,0.026,-0.511,0.48,-0.171,-0.102,0.433,0.008,0.066,0.122,0.125,-0.241,0.385,-0.017,-0.39,-0.566,-0.393,0.451,-0.19,0.373,-0.317,-0.15,-0.368,-0.319,-0.348,0.221,0.028,0.41,-0.467,0.122,0.305,-0.244,0.349,-0.318,-0.028,0.332,0.193,0.379,-0.44,-0.396,0.115,-0.06,0.255,0.159,0.14,0.29,0.226,-0.017,0.016,0.036,0.235,-0.291,0.008,0.392,0.522,0.092,0.474,-0.236,0.547,0.416,-0.376,-0.027,-0.437,0.524,-0.188,-0.075,0.22,0.129,0.183,-0.47,0.12,0.445,-0.048,-0.446,0.207,-0.52,0.418,-0.177,0.215,-0.513,0.49,-0.178,0.034,-0.005,0.422,0.321,0.31,0.446,0.287,0.453,0.512,0.236,-0.068,0.177,-0.291,0.476,0.42,-0.514
ADI,0.145,-0.232,0.0,0.573,0.63,-0.173,0.498,0.047,0.361,0.478,0.605,0.582,0.228,0.072,-0.283,0.118,0.819,0.566,-0.101,-0.176,0.572,0.491,0.333,0.799,0.5,0.599,0.61,-0.306,0.633,0.652,0.422,-0.289,0.281,0.478,0.2,0.105,0.167,0.189,-0.188,0.721,0.133,-0.14,0.609,-0.344,0.037,0.323,0.052,0.734,0.081,-0.087,0.646,-0.097,0.711,0.583,0.123,-0.054,0.107,0.847,0.481,-0.426,0.158,-0.296,0.377,0.593,-0.013,0.121,0.124,0.707,0.2,-0.539,0.155,0.632,-0.292,0.582,-0.466,-0.466,-0.531,0.294,0.215,0.682,0.797,-0.632,0.803,-0.66,-0.486,-0.039,0.161,0.422,-0.324,-0.288,-0.045,0.164,0.247,-0.089,-0.215,-0.268,0.722,-0.404,0.306,-0.286,0.365,0.223,0.358,0.341,0.577,-0.101,0.756,0.712,0.355,0.29,0.479,0.757,0.698,0.439,0.278,0.682,0.488,0.379,0.275,-0.19,0.697,-0.063,0.596,0.145,0.489,0.461,0.581,0.379,0.7,0.293,0.294,-0.22,0.297,0.714,0.089,0.767,0.514,0.526,0.398,0.058,0.194,0.757,0.564,0.489,0.327,0.228,0.684,0.334,0.468,0.778,0.737,0.517,0.098,0.663,0.097,0.053,-0.076,0.235,0.176,0.011,-0.331,-0.149,0.813,0.765,0.686,-0.121,0.639,0.652,0.309,0.278,-0.189,0.626,0.298,0.016,0.47,0.361,0.485,0.275,0.234,0.539,-0.157,0.445,-0.1,0.617,-0.041,0.608,0.181,0.048,0.026,0.209,-0.277,-0.158,-0.249,0.068,-0.148,0.69,0.595,-0.231,-0.042,0.478
ADPT,0.19,0.149,0.573,0.0,0.678,0.217,0.389,-0.13,0.511,0.37,0.39,0.635,0.328,-0.236,-0.157,0.238,0.565,0.582,-0.295,-0.12,0.498,0.138,0.276,0.659,0.486,0.598,0.595,-0.174,0.7,0.542,0.512,-0.058,0.31,0.295,0.259,-0.081,0.143,0.046,0.001,0.433,0.088,0.04,0.567,-0.088,0.522,0.356,0.174,0.633,0.081,-0.05,0.603,-0.142,0.7,0.433,0.14,-0.058,-0.025,0.687,0.506,-0.208,0.105,-0.039,0.234,0.472,-0.252,0.108,0.141,0.462,0.219,-0.46,0.127,0.524,-0.078,0.417,-0.29,-0.338,-0.273,0.217,0.194,0.424,0.44,-0.29,0.49,-0.289,-0.271,0.194,0.252,0.399,-0.055,-0.086,-0.017,-0.021,0.148,-0.059,-0.016,-0.183,0.596,-0.314,0.473,-0.232,0.535,0.446,0.539,0.211,0.43,0.049,0.708,0.706,0.405,0.313,0.443,0.733,0.644,0.401,0.462,0.637,0.409,0.157,0.228,-0.025,0.546,0.132,0.535,0.397,0.504,0.282,0.485,0.371,0.617,0.336,0.103,-0.3,0.362,0.718,0.172,0.602,0.741,0.584,0.193,0.038,-0.156,0.592,0.459,0.514,0.264,0.297,0.765,0.137,0.65,0.627,0.569,0.445,0.103,0.61,0.004,0.205,0.103,0.35,0.197,0.114,-0.153,0.042,0.638,0.632,0.51,0.029,0.452,0.595,0.37,0.051,-0.216,0.474,0.355,0.084,0.442,0.187,0.431,0.125,0.27,0.293,0.093,0.149,0.079,0.703,0.313,0.663,0.329,0.116,0.022,0.427,-0.193,-0.079,-0.119,0.107,0.103,0.715,0.522,-0.036,0.112,0.351
ADTN,0.512,-0.089,0.63,0.678,0.0,0.205,0.648,0.245,0.434,0.485,0.313,0.604,0.543,0.001,-0.127,0.473,0.723,0.561,-0.13,-0.446,0.355,0.403,0.096,0.671,0.503,0.535,0.442,-0.056,0.769,0.456,0.484,-0.177,-0.063,0.193,0.035,-0.266,0.386,0.155,0.056,0.434,0.183,0.031,0.565,-0.224,0.145,0.257,0.141,0.55,0.031,0.096,0.661,0.072,0.798,0.501,0.392,-0.307,0.352,0.72,0.28,-0.202,0.413,-0.132,0.104,0.587,0.153,0.314,0.243,0.518,0.275,-0.337,0.026,0.421,0.023,0.334,-0.314,-0.402,-0.267,0.336,0.422,0.474,0.716,-0.469,0.676,-0.456,-0.226,0.15,0.387,0.628,0.014,-0.088,-0.153,0.382,0.285,-0.235,0.06,-0.505,0.689,-0.178,0.233,-0.219,0.255,0.19,0.536,0.559,0.369,0.09,0.83,0.768,0.5,0.277,0.52,0.726,0.719,0.177,0.377,0.795,0.289,0.135,0.103,0.105,0.618,0.187,0.729,0.066,0.356,0.331,0.575,0.482,0.718,0.451,0.292,-0.069,0.513,0.609,0.251,0.646,0.607,0.629,0.362,-0.284,0.194,0.678,0.422,0.412,0.364,0.336,0.663,0.373,0.687,0.789,0.755,0.601,0.387,0.651,0.309,0.279,0.215,0.398,0.201,-0.022,-0.142,0.113,0.69,0.786,0.519,0.196,0.756,0.899,0.557,0.375,0.1,0.414,0.487,0.13,0.303,0.214,0.64,0.026,0.47,0.252,0.264,0.453,0.179,0.731,-0.083,0.84,0.5,0.273,0.225,0.25,-0.154,0.073,-0.046,0.306,-0.171,0.794,0.646,0.027,0.15,0.336
AGEN,0.397,0.482,-0.173,0.217,0.205,0.0,0.389,0.29,0.046,-0.485,-0.615,0.099,0.616,-0.292,0.511,0.681,-0.102,0.146,-0.182,-0.405,-0.438,-0.344,-0.542,-0.234,-0.02,0.179,-0.195,0.708,0.298,-0.535,0.479,-0.258,-0.11,-0.653,-0.535,-0.671,0.391,-0.407,0.751,-0.503,0.241,0.408,-0.021,0.475,0.498,-0.37,0.657,-0.293,0.491,0.498,0.307,0.373,0.281,0.398,0.63,-0.328,0.422,-0.307,-0.484,0.68,0.448,0.64,-0.678,0.273,-0.169,0.589,0.569,0.019,-0.381,0.513,-0.38,-0.487,0.728,-0.557,0.472,0.454,0.673,0.243,0.549,-0.529,-0.11,0.434,-0.185,0.477,0.71,0.54,-0.064,0.296,0.733,0.707,-0.55,0.429,0.366,-0.525,0.722,-0.036,-0.113,0.414,-0.109,0.455,0.024,0.277,0.532,0.483,-0.582,0.679,0.109,0.132,0.502,0.047,0.23,0.355,0.395,-0.531,0.469,0.28,-0.565,-0.736,-0.548,0.769,-0.214,0.711,-0.113,-0.388,-0.455,-0.231,-0.293,0.521,0.208,0.46,-0.108,0.253,0.656,-0.28,0.367,-0.347,-0.132,0.482,0.224,-0.164,-0.048,-0.375,0.273,-0.271,0.415,0.535,0.04,0.355,0.458,0.116,0.073,0.339,0.581,-0.331,0.385,0.687,0.729,0.307,0.507,-0.489,0.745,0.706,-0.361,0.101,-0.481,0.778,0.177,0.214,0.385,0.47,0.466,-0.575,0.482,0.475,-0.344,-0.337,0.459,-0.658,0.63,-0.123,0.622,-0.478,0.623,0.08,-0.302,0.317,0.68,0.557,0.588,0.521,0.439,0.695,0.661,0.42,-0.168,0.182,0.06,0.72,0.657,-0.584
ALGN,0.52,0.136,0.498,0.389,0.648,0.389,0.0,0.663,0.175,-0.149,-0.177,0.629,0.784,-0.081,0.203,0.806,0.644,0.372,-0.2,-0.688,-0.177,0.064,-0.286,0.262,0.165,0.5,0.165,0.496,0.827,-0.076,0.504,-0.632,-0.185,-0.33,-0.551,-0.656,0.431,-0.28,0.517,0.174,0.361,0.119,0.326,0.044,0.188,-0.348,0.612,0.233,0.613,0.438,0.834,0.257,0.764,0.767,0.831,-0.541,0.698,0.344,-0.263,0.285,0.746,0.289,-0.408,0.638,-0.092,0.739,0.701,0.545,-0.13,0.162,-0.438,-0.031,0.497,-0.167,-0.045,0.107,0.211,0.486,0.88,0.163,0.576,-0.258,0.618,-0.323,0.252,0.352,0.218,0.725,0.479,0.396,-0.656,0.788,0.773,-0.741,0.58,-0.415,0.453,0.227,0.11,-0.033,0.071,0.13,0.688,0.714,-0.119,0.649,0.669,0.604,0.7,0.199,0.756,0.692,0.741,-0.292,0.529,0.848,-0.156,-0.408,-0.488,0.587,0.427,0.647,0.454,-0.532,-0.274,0.125,0.199,0.738,0.679,0.699,0.326,0.267,0.663,0.048,0.312,0.305,0.11,0.777,0.774,-0.203,0.454,0.334,0.477,-0.103,0.786,0.728,0.412,0.746,0.753,0.769,0.809,0.674,0.837,0.204,0.724,0.767,0.596,0.294,0.635,-0.652,0.346,0.578,0.245,0.673,0.049,0.632,0.809,0.788,0.694,0.64,0.491,-0.129,0.632,0.361,-0.079,-0.16,0.895,-0.428,0.837,0.261,0.361,0.026,0.675,0.471,-0.62,0.646,0.82,0.791,0.787,0.438,0.198,0.61,0.51,0.442,-0.681,0.597,0.567,0.574,0.66,-0.264
ALLK,0.746,0.123,0.047,-0.13,0.245,0.29,0.663,0.0,0.021,-0.339,-0.521,0.327,0.602,0.193,0.572,0.717,0.185,0.225,0.256,-0.739,-0.527,-0.107,-0.349,-0.289,0.129,0.17,-0.379,0.613,0.404,-0.466,0.316,-0.328,-0.402,-0.57,-0.756,-0.511,0.683,-0.426,0.627,-0.314,0.206,0.536,0.162,0.252,-0.142,-0.657,0.598,-0.348,0.436,0.648,0.346,0.632,0.232,0.456,0.827,-0.678,0.873,-0.184,-0.497,0.531,0.828,0.437,-0.654,0.483,0.36,0.677,0.488,-0.032,0.04,0.647,-0.263,-0.477,0.483,-0.459,0.312,0.539,0.478,0.659,0.672,-0.216,0.197,0.225,0.134,-0.1,0.514,0.251,0.108,0.657,0.643,0.665,-0.602,0.866,0.789,-0.618,0.639,-0.441,-0.036,0.728,-0.412,0.442,-0.212,-0.217,0.424,0.529,-0.503,0.66,0.141,0.037,0.624,0.059,0.626,0.197,0.352,-0.62,0.088,0.323,-0.584,-0.574,-0.765,0.713,-0.214,0.722,0.279,-0.758,-0.599,0.089,0.022,0.479,0.114,0.405,-0.006,0.779,0.286,-0.368,0.518,-0.297,-0.165,0.385,0.65,-0.298,0.431,-0.147,0.016,-0.443,0.402,0.268,-0.063,0.609,0.159,0.384,0.395,0.541,0.752,-0.312,0.681,0.685,0.603,0.45,0.333,-0.614,0.494,0.651,-0.235,0.146,-0.249,0.69,0.462,0.404,0.582,0.706,0.881,-0.479,0.48,0.606,-0.224,-0.185,0.725,-0.727,0.674,0.188,0.633,0.159,0.677,0.049,-0.76,0.367,0.482,0.77,0.737,-0.07,0.229,0.729,0.537,0.712,-0.654,0.1,-0.01,0.599,0.548,-0.554
AMD,0.33,-0.149,0.361,0.511,0.434,0.046,0.175,0.021,0.0,0.428,0.279,0.046,-0.063,0.407,0.024,0.055,0.384,0.349,0.122,-0.021,0.198,0.189,0.389,0.265,0.384,0.226,0.128,-0.215,0.225,0.365,0.162,0.452,-0.159,0.313,0.296,0.02,0.23,0.436,-0.204,0.283,-0.455,0.155,0.396,-0.027,0.131,0.49,-0.07,0.368,-0.304,-0.001,0.087,0.139,0.528,-0.034,0.05,-0.157,0.109,0.507,0.3,-0.335,0.07,-0.289,0.286,0.165,0.245,0.19,-0.211,0.118,0.274,-0.32,0.413,0.387,-0.151,0.308,0.041,-0.34,-0.303,0.083,0.016,0.137,0.334,-0.164,0.106,-0.174,-0.294,-0.149,0.317,0.354,-0.144,-0.157,0.234,0.075,0.132,0.186,-0.188,-0.58,0.682,-0.198,0.065,0.024,0.077,-0.029,0.258,0.15,0.484,-0.147,0.613,0.633,0.193,0.211,0.269,0.531,0.288,0.469,-0.117,0.387,0.159,0.258,0.289,-0.126,0.196,0.161,0.766,0.254,0.526,-0.017,0.269,-0.115,0.109,-0.265,0.342,-0.053,0.072,0.55,0.121,0.309,0.6,0.089,-0.088,-0.38,0.229,0.517,0.099,0.23,-0.183,-0.013,0.495,-0.137,0.287,0.316,0.254,0.165,0.008,0.332,0.216,0.03,-0.204,0.31,-0.312,0.329,-0.308,-0.085,0.374,0.2,0.417,-0.144,0.288,0.472,0.182,0.3,-0.019,0.419,0.196,-0.07,0.398,0.704,0.206,0.234,-0.08,0.013,0.349,0.35,-0.107,0.587,0.171,0.63,0.027,0.065,-0.168,0.032,-0.167,-0.214,-0.311,0.223,0.239,0.226,0.376,-0.25,-0.178,0.456
AMWD,0.006,-0.474,0.478,0.37,0.485,-0.485,-0.149,-0.339,0.428,0.0,0.832,0.201,-0.271,0.354,-0.513,-0.418,0.416,0.418,0.148,0.215,0.756,0.574,0.704,0.69,0.476,0.188,0.402,-0.805,0.088,0.864,-0.053,0.446,0.168,0.847,0.731,0.56,-0.027,0.675,-0.695,0.679,-0.195,-0.249,0.53,-0.446,-0.282,0.768,-0.558,0.601,-0.618,-0.409,-0.025,-0.297,0.204,-0.152,-0.48,0.245,-0.297,0.748,0.731,-0.762,-0.326,-0.676,0.804,0.055,0.317,-0.459,-0.556,0.213,0.632,-0.76,0.624,0.781,-0.752,0.833,-0.593,-0.723,-0.845,-0.113,-0.429,0.719,0.471,-0.568,0.395,-0.527,-0.823,-0.344,0.34,0.079,-0.705,-0.741,0.662,-0.33,-0.38,0.602,-0.729,-0.249,0.548,-0.575,0.249,-0.431,0.212,-0.078,-0.113,-0.108,0.834,-0.705,0.395,0.388,-0.197,0.287,-0.02,0.173,0.085,0.755,-0.229,0.131,0.713,0.846,0.736,-0.693,0.472,-0.574,0.599,0.64,0.838,0.477,0.698,-0.25,0.216,-0.263,0.184,-0.329,-0.219,0.802,-0.128,0.673,0.68,-0.07,-0.279,-0.057,0.017,0.731,0.057,0.669,-0.384,-0.403,0.409,-0.364,-0.013,0.264,0.238,0.082,-0.47,0.762,-0.338,-0.579,-0.58,0.116,-0.512,0.719,-0.812,-0.646,0.789,0.344,0.851,-0.64,0.242,0.319,-0.049,-0.254,-0.461,0.873,-0.165,-0.356,0.615,0.608,-0.141,0.689,-0.412,0.285,-0.268,0.728,-0.608,0.454,0.487,0.334,-0.398,-0.527,-0.63,-0.276,-0.592,-0.731,-0.775,-0.166,0.448,0.331,0.309,-0.733,-0.619,0.882
ARDX,-0.33,-0.485,0.605,0.39,0.313,-0.615,-0.177,-0.521,0.279,0.832,0.0,0.264,-0.411,0.194,-0.683,-0.59,0.511,0.302,0.053,0.383,0.871,0.528,0.666,0.765,0.417,0.221,0.602,-0.881,0.118,0.942,-0.089,0.225,0.352,0.949,0.762,0.658,-0.246,0.578,-0.8,0.822,-0.189,-0.445,0.389,-0.6,-0.156,0.735,-0.568,0.745,-0.453,-0.574,0.051,-0.426,0.2,-0.065,-0.602,0.368,-0.483,0.81,0.844,-0.889,-0.431,-0.768,0.877,0.089,0.079,-0.536,-0.536,0.369,0.476,-0.906,0.507,0.857,-0.811,0.912,-0.704,-0.767,-0.93,-0.174,-0.472,0.821,0.496,-0.685,0.51,-0.64,-0.933,-0.417,0.191,-0.1,-0.876,-0.808,0.619,-0.487,-0.4,0.537,-0.825,-0.07,0.557,-0.775,0.389,-0.599,0.288,0.043,-0.193,-0.29,0.92,-0.741,0.374,0.355,-0.26,0.199,-0.112,0.17,0.122,0.816,-0.11,0.139,0.867,0.916,0.839,-0.834,0.599,-0.717,0.419,0.725,0.886,0.465,0.615,-0.285,0.27,-0.254,0.223,-0.527,-0.247,0.83,-0.212,0.793,0.575,-0.08,-0.246,0.127,-0.084,0.772,0.189,0.754,-0.274,-0.297,0.477,-0.292,-0.001,0.308,0.229,-0.005,-0.55,0.746,-0.419,-0.634,-0.704,-0.097,-0.386,0.629,-0.851,-0.77,0.837,0.348,0.873,-0.788,0.152,0.213,-0.149,-0.397,-0.701,0.954,-0.302,-0.42,0.584,0.577,-0.242,0.81,-0.477,0.382,-0.589,0.584,-0.694,0.444,0.568,0.13,-0.464,-0.626,-0.663,-0.137,-0.591,-0.804,-0.823,-0.341,0.389,0.311,0.36,-0.784,-0.633,0.893
ARQT,0.334,0.05,0.582,0.635,0.604,0.099,0.629,0.327,0.046,0.201,0.264,0.0,0.587,-0.175,-0.061,0.422,0.619,0.637,-0.127,-0.491,0.33,0.085,0.147,0.568,0.489,0.587,0.359,0.007,0.817,0.365,0.56,-0.406,0.311,0.121,-0.106,-0.153,0.392,-0.298,0.204,0.391,0.39,0.132,0.593,-0.053,0.098,-0.096,0.392,0.417,0.364,0.17,0.735,0.061,0.576,0.732,0.383,-0.273,0.342,0.546,0.263,0.01,0.449,0.123,0.006,0.703,-0.042,0.229,0.349,0.494,0.336,-0.16,-0.049,0.329,-0.059,0.329,-0.408,0.041,-0.157,0.536,0.417,0.507,0.532,-0.319,0.694,-0.461,-0.132,0.361,0.297,0.518,0.109,0.113,-0.255,0.348,0.471,-0.341,0.199,-0.134,0.39,0.069,0.305,-0.184,0.408,0.198,0.565,0.318,0.164,0.271,0.529,0.443,0.576,0.466,0.668,0.568,0.721,0.022,0.494,0.616,0.23,0.011,-0.172,0.203,0.456,0.257,0.414,-0.077,0.118,0.522,0.635,0.629,0.702,0.664,-0.015,0.16,0.389,0.422,0.356,0.475,0.397,0.701,0.581,0.128,-0.016,0.407,0.497,0.368,0.494,0.369,0.536,0.513,0.526,0.782,0.724,0.779,0.384,0.45,0.18,0.399,0.354,0.469,0.45,-0.223,-0.02,0.234,0.537,0.705,0.434,0.252,0.632,0.621,0.656,0.153,0.17,0.272,0.366,0.334,0.28,-0.049,0.666,-0.189,0.548,0.683,0.085,0.303,0.317,0.493,-0.164,0.504,0.405,0.357,0.348,0.28,-0.295,0.241,0.091,0.281,-0.301,0.704,0.372,0.228,0.322,0.049
ASTE,0.574,0.37,0.228,0.328,0.543,0.616,0.784,0.602,-0.063,-0.271,-0.411,0.587,0.0,-0.354,0.379,0.9,0.281,0.419,-0.284,-0.641,-0.198,-0.063,-0.39,0.13,0.159,0.464,0.075,0.647,0.746,-0.276,0.674,-0.595,-0.011,-0.532,-0.596,-0.674,0.534,-0.448,0.779,-0.137,0.655,0.287,0.302,0.344,0.264,-0.453,0.704,0.004,0.641,0.594,0.736,0.345,0.559,0.746,0.801,-0.425,0.622,0.054,-0.364,0.611,0.747,0.595,-0.591,0.622,-0.126,0.644,0.78,0.382,-0.211,0.397,-0.498,-0.214,0.632,-0.353,0.112,0.346,0.496,0.543,0.764,-0.038,0.292,0.055,0.387,0.056,0.55,0.707,0.058,0.645,0.682,0.584,-0.733,0.697,0.686,-0.7,0.788,-0.089,0.088,0.429,0.083,0.155,0.203,0.292,0.689,0.703,-0.445,0.714,0.395,0.36,0.778,0.279,0.598,0.563,0.646,-0.474,0.644,0.629,-0.315,-0.609,-0.62,0.776,0.191,0.693,0.151,-0.536,-0.453,0.227,0.112,0.888,0.658,0.881,-0.071,0.316,0.756,-0.113,0.48,0.048,-0.013,0.846,0.763,0.003,0.131,-0.032,0.452,-0.037,0.781,0.645,0.235,0.76,0.652,0.56,0.648,0.664,0.777,0.078,0.541,0.809,0.888,0.404,0.787,-0.661,0.614,0.75,0.014,0.606,-0.209,0.828,0.654,0.598,0.738,0.56,0.588,-0.386,0.72,0.534,-0.103,-0.44,0.868,-0.676,0.947,0.197,0.483,-0.12,0.781,0.271,-0.533,0.598,0.858,0.782,0.801,0.524,0.28,0.766,0.736,0.488,-0.477,0.64,0.302,0.756,0.795,-0.478
AUPH,0.227,-0.581,0.072,-0.236,0.001,-0.292,-0.081,0.193,0.407,0.354,0.194,-0.175,-0.354,0.0,0.028,-0.182,0.182,0.097,0.507,-0.171,-0.101,0.034,0.253,-0.093,0.082,-0.335,-0.44,-0.269,-0.293,0.111,-0.305,0.474,-0.367,0.263,0.125,0.221,0.152,0.468,-0.333,0.143,-0.53,0.168,0.089,-0.241,-0.621,0.258,-0.274,-0.116,-0.532,-0.172,-0.365,0.109,-0.071,-0.255,-0.092,-0.288,0.283,0.108,-0.017,-0.3,-0.081,-0.342,0.268,-0.177,0.548,0.038,-0.359,-0.329,0.327,-0.051,0.461,-0.005,-0.404,0.228,-0.081,-0.105,-0.335,-0.011,-0.072,-0.008,0.155,-0.147,-0.091,-0.171,-0.305,-0.41,0.361,0.009,-0.197,-0.168,0.484,0.213,-0.048,0.254,-0.327,-0.532,0.322,0.045,-0.253,0.168,-0.462,-0.669,-0.207,0.056,0.32,-0.309,0.046,-0.017,-0.279,0.015,0.069,-0.12,-0.126,0.127,-0.515,-0.117,-0.056,0.332,0.118,-0.216,-0.238,-0.05,0.463,-0.063,0.184,0.052,0.254,-0.365,-0.35,-0.481,0.332,0.384,-0.37,0.076,-0.135,-0.068,0.049,-0.438,-0.283,-0.51,0.571,0.158,-0.357,-0.156,-0.482,-0.296,-0.132,-0.344,-0.382,-0.039,-0.152,0.047,-0.092,-0.049,0.105,-0.222,-0.409,0.237,-0.654,0.305,-0.355,-0.215,0.082,-0.212,0.324,-0.288,0.063,0.075,-0.138,0.167,0.185,0.239,-0.153,-0.147,0.002,0.588,-0.137,0.261,-0.39,0.102,0.242,0.497,-0.4,0.106,-0.144,0.082,-0.405,-0.133,-0.22,-0.581,-0.222,-0.255,-0.44,0.085,0.102,-0.412,-0.036,-0.351,-0.332,0.307
AVXL,0.536,0.398,-0.283,-0.157,-0.127,0.511,0.203,0.572,0.024,-0.513,-0.683,-0.061,0.379,0.028,0.0,0.513,-0.308,0.145,0.207,-0.374,-0.556,-0.359,-0.196,-0.562,0.032,0.136,-0.453,0.626,0.047,-0.663,0.315,-0.031,-0.142,-0.665,-0.587,-0.346,0.51,-0.482,0.725,-0.683,0.104,0.694,0.047,0.622,0.185,-0.575,0.601,-0.579,0.301,0.569,0.017,0.663,-0.089,0.219,0.594,-0.355,0.458,-0.53,-0.513,0.713,0.472,0.669,-0.689,0.166,0.158,0.447,0.278,-0.277,-0.106,0.765,-0.109,-0.618,0.493,-0.638,0.725,0.674,0.722,0.44,0.315,-0.559,-0.341,0.704,-0.416,0.411,0.741,0.37,-0.167,0.379,0.681,0.746,-0.427,0.465,0.524,-0.3,0.627,0.042,-0.373,0.734,-0.379,0.766,-0.088,0.115,0.258,0.374,-0.683,0.532,-0.22,-0.274,0.443,0.164,0.228,0.074,0.174,-0.538,0.137,-0.076,-0.758,-0.705,-0.653,0.699,-0.571,0.683,-0.121,-0.509,-0.599,-0.111,-0.298,0.241,-0.221,0.246,-0.332,0.664,0.249,-0.466,0.513,-0.629,-0.243,0.192,0.272,-0.021,-0.02,-0.546,-0.072,-0.4,0.13,0.134,-0.132,0.341,-0.05,-0.055,-0.063,0.249,0.414,-0.587,0.286,0.579,0.566,0.445,0.26,-0.378,0.694,0.679,-0.596,-0.169,-0.542,0.657,-0.037,-0.014,0.239,0.575,0.649,-0.671,0.312,0.638,-0.163,-0.198,0.376,-0.749,0.447,-0.081,0.689,-0.199,0.507,-0.148,-0.387,0.143,0.313,0.541,0.488,0.124,0.23,0.659,0.584,0.592,-0.188,-0.136,-0.362,0.594,0.515,-0.661
AZTA,0.642,0.346,0.118,0.238,0.473,0.681,0.806,0.717,0.055,-0.418,-0.59,0.422,0.9,-0.182,0.513,0.0,0.224,0.3,-0.244,-0.769,-0.465,-0.193,-0.525,-0.053,0.03,0.316,-0.134,0.788,0.649,-0.451,0.625,-0.536,-0.247,-0.676,-0.709,-0.838,0.553,-0.455,0.841,-0.26,0.451,0.375,0.18,0.341,0.221,-0.505,0.75,-0.142,0.627,0.602,0.662,0.422,0.577,0.674,0.912,-0.62,0.793,-0.076,-0.56,0.667,0.796,0.637,-0.695,0.519,-0.065,0.844,0.836,0.253,-0.303,0.546,-0.55,-0.393,0.755,-0.513,0.281,0.447,0.616,0.525,0.89,-0.249,0.226,0.122,0.267,0.187,0.66,0.655,0.144,0.601,0.84,0.708,-0.756,0.858,0.745,-0.796,0.87,-0.272,0.125,0.52,-0.019,0.291,-0.048,0.139,0.67,0.778,-0.527,0.825,0.399,0.353,0.756,0.176,0.646,0.555,0.603,-0.596,0.559,0.638,-0.517,-0.749,-0.738,0.891,0.042,0.862,0.185,-0.693,-0.566,-0.031,-0.006,0.804,0.489,0.735,0.05,0.434,0.756,-0.26,0.431,-0.106,-0.115,0.722,0.718,-0.224,0.325,-0.129,0.358,-0.316,0.733,0.692,0.12,0.731,0.638,0.48,0.558,0.618,0.903,-0.1,0.712,0.924,0.891,0.413,0.7,-0.75,0.7,0.867,-0.135,0.471,-0.358,0.913,0.628,0.569,0.676,0.673,0.747,-0.521,0.745,0.514,-0.233,-0.371,0.855,-0.756,0.907,0.066,0.666,-0.216,0.841,0.265,-0.71,0.585,0.885,0.899,0.902,0.469,0.45,0.876,0.798,0.542,-0.565,0.434,0.308,0.826,0.845,-0.566
BAND,0.192,-0.333,0.819,0.565,0.723,-0.102,0.644,0.185,0.384,0.416,0.511,0.619,0.281,0.182,-0.308,0.224,0.0,0.402,0.001,-0.313,0.353,0.386,0.118,0.686,0.377,0.425,0.491,-0.199,0.7,0.542,0.258,-0.366,-0.064,0.349,0.019,-0.113,0.158,0.189,-0.155,0.698,-0.01,-0.183,0.402,-0.463,0.048,0.227,0.016,0.638,0.115,-0.12,0.647,-0.076,0.765,0.536,0.28,-0.313,0.291,0.813,0.337,-0.419,0.29,-0.334,0.223,0.55,0.064,0.305,0.203,0.587,0.186,-0.473,-0.023,0.475,-0.147,0.45,-0.463,-0.457,-0.473,0.275,0.407,0.591,0.816,-0.664,0.812,-0.732,-0.441,-0.135,0.267,0.466,-0.243,-0.211,-0.073,0.326,0.355,-0.317,-0.113,-0.516,0.798,-0.337,0.281,-0.384,0.157,0.025,0.417,0.375,0.559,0.035,0.833,0.718,0.301,0.084,0.491,0.675,0.657,0.238,0.311,0.794,0.435,0.283,0.173,-0.099,0.703,0.036,0.684,0.034,0.394,0.381,0.538,0.354,0.667,0.268,0.499,-0.118,0.314,0.589,0.048,0.736,0.467,0.46,0.393,-0.261,0.362,0.786,0.424,0.35,0.405,0.395,0.649,0.377,0.544,0.811,0.721,0.489,0.326,0.609,0.326,0.184,-0.067,0.127,0.149,-0.104,-0.302,-0.06,0.755,0.69,0.633,-0.055,0.719,0.791,0.368,0.308,-0.071,0.545,0.354,-0.018,0.167,0.341,0.523,0.24,0.288,0.38,-0.058,0.431,-0.022,0.705,-0.155,0.594,0.287,0.197,0.188,0.155,-0.203,-0.061,-0.197,0.131,-0.331,0.593,0.716,-0.118,0.055,0.394
BECN,0.517,-0.011,0.566,0.582,0.561,0.146,0.372,0.225,0.349,0.418,0.302,0.637,0.419,0.097,0.145,0.3,0.402,0.0,0.004,-0.357,0.456,0.1,0.432,0.539,0.695,0.669,0.29,-0.1,0.577,0.421,0.715,0.026,0.447,0.273,0.109,0.116,0.595,0.006,0.149,0.296,0.238,0.41,0.862,0.107,0.019,0.153,0.364,0.353,0.044,0.272,0.533,0.211,0.468,0.612,0.243,-0.16,0.259,0.52,0.381,-0.001,0.272,0.145,0.156,0.659,0.162,0.133,0.069,0.364,0.419,-0.174,0.369,0.367,-0.229,0.418,-0.199,-0.007,-0.207,0.587,0.167,0.475,0.442,-0.165,0.454,-0.266,-0.14,0.345,0.28,0.593,0.046,0.073,0.016,0.243,0.337,0.052,0.027,-0.123,0.378,0.034,0.132,0.13,0.467,0.213,0.513,0.363,0.218,0.035,0.447,0.422,0.559,0.649,0.584,0.582,0.702,0.28,0.278,0.405,0.136,0.115,0.003,0.123,0.221,0.214,0.54,0.111,0.274,0.609,0.678,0.461,0.532,0.404,-0.163,0.164,0.337,0.559,0.473,0.342,0.525,0.611,0.327,0.161,-0.013,0.37,0.484,0.422,0.139,0.027,0.528,0.245,0.294,0.674,0.568,0.768,0.111,0.403,0.028,0.199,0.258,0.734,0.138,0.08,-0.03,0.166,0.505,0.603,0.518,0.158,0.552,0.521,0.405,0.291,0.172,0.358,0.394,0.426,0.592,0.255,0.587,-0.111,0.342,0.687,0.263,0.47,0.074,0.466,-0.005,0.663,0.167,0.166,0.077,0.137,-0.349,0.07,-0.077,0.421,0.125,0.604,0.223,-0.004,0.116,0.208
BFC,0.301,-0.23,-0.101,-0.295,-0.13,-0.182,-0.2,0.256,0.122,0.148,0.053,-0.127,-0.284,0.507,0.207,-0.244,0.001,0.004,0.0,0.041,-0.067,0.018,0.104,-0.299,0.39,-0.238,-0.332,-0.15,-0.235,-0.05,-0.209,0.378,-0.275,0.094,-0.053,0.291,0.42,0.042,-0.203,-0.221,-0.464,0.422,-0.078,-0.128,-0.337,-0.023,-0.132,-0.345,-0.302,0.081,-0.43,0.499,-0.337,-0.245,-0.028,-0.238,0.144,-0.148,0.123,-0.142,0.184,-0.205,-0.051,0.114,0.762,-0.125,-0.436,-0.454,0.391,0.179,0.415,-0.219,-0.258,0.003,0.2,0.119,-0.078,0.319,-0.241,-0.117,-0.102,0.252,-0.285,-0.226,-0.073,-0.469,-0.021,0.097,-0.171,0.118,0.219,0.038,0.019,0.176,-0.242,-0.256,-0.123,0.265,-0.53,0.369,-0.16,-0.438,-0.139,-0.244,-0.002,-0.188,-0.22,-0.359,-0.049,-0.213,-0.134,-0.305,-0.149,-0.112,-0.375,-0.319,-0.152,0.149,0.023,-0.13,-0.459,-0.067,0.188,0.027,0.049,0.079,0.083,-0.407,-0.497,-0.443,-0.218,0.502,-0.381,-0.032,0.381,-0.31,0.014,-0.392,-0.247,-0.312,-0.071,-0.076,-0.452,-0.008,-0.506,-0.51,-0.056,-0.104,-0.535,-0.053,-0.285,-0.035,-0.111,-0.32,-0.052,-0.215,-0.258,0.194,-0.488,0.269,-0.129,-0.207,-0.124,-0.431,0.119,-0.173,-0.245,-0.055,-0.058,0.169,0.244,0.049,-0.23,0.342,-0.124,0.44,-0.121,-0.069,-0.228,0.097,0.261,0.499,-0.264,-0.071,0.032,-0.123,-0.464,-0.161,-0.228,-0.538,-0.202,-0.109,-0.352,0.442,0.09,-0.348,-0.399,-0.255,-0.273,0.034
BGC,-0.663,0.052,-0.176,-0.12,-0.446,-0.405,-0.688,-0.739,-0.021,0.215,0.383,-0.491,-0.641,-0.171,-0.374,-0.769,-0.313,-0.357,0.041,0.0,0.421,0.172,0.342,-0.024,-0.057,-0.187,0.34,-0.505,-0.471,0.282,-0.412,0.38,0.276,0.428,0.609,0.584,-0.535,0.349,-0.594,0.086,-0.291,-0.415,-0.291,-0.086,0.172,0.458,-0.545,0.163,-0.31,-0.37,-0.516,-0.307,-0.423,-0.611,-0.764,0.696,-0.886,-0.015,0.455,-0.44,-0.63,-0.432,0.469,-0.433,-0.188,-0.705,-0.625,-0.12,-0.058,-0.42,0.273,0.315,-0.348,0.237,-0.01,-0.427,-0.315,-0.507,-0.744,0.137,-0.352,0.025,-0.333,0.044,-0.365,-0.416,-0.341,-0.461,-0.6,-0.527,0.456,-0.85,-0.617,0.63,-0.593,0.458,-0.188,-0.519,0.181,-0.297,0.22,0.226,-0.457,-0.699,0.315,-0.6,-0.323,-0.227,-0.486,-0.205,-0.744,-0.386,-0.532,0.536,-0.208,-0.486,0.449,0.466,0.66,-0.68,0.032,-0.682,-0.31,0.677,0.431,-0.079,-0.248,-0.671,-0.334,-0.53,-0.165,-0.582,-0.427,0.168,-0.247,0.094,0.081,-0.467,-0.568,0.35,-0.45,0.052,-0.195,0.418,-0.434,-0.45,0.016,-0.504,-0.348,-0.484,-0.487,-0.747,-0.735,0.084,-0.603,-0.7,-0.606,-0.577,-0.342,0.587,-0.392,-0.666,-0.004,-0.384,0.098,-0.669,-0.589,-0.505,-0.514,-0.541,-0.728,0.304,-0.534,-0.394,0.195,0.192,-0.727,0.577,-0.638,-0.335,-0.61,-0.103,-0.571,-0.204,0.766,-0.454,-0.565,-0.7,-0.723,-0.044,-0.119,-0.664,-0.471,-0.471,0.584,-0.227,-0.215,-0.557,-0.534,0.395
BHF,-0.234,-0.207,0.572,0.498,0.355,-0.438,-0.177,-0.527,0.198,0.756,0.871,0.33,-0.198,-0.101,-0.556,-0.465,0.353,0.456,-0.067,0.421,0.0,0.508,0.667,0.789,0.57,0.446,0.758,-0.77,0.228,0.907,0.179,0.199,0.615,0.838,0.742,0.643,-0.097,0.376,-0.614,0.662,0.062,-0.274,0.546,-0.323,0.05,0.653,-0.377,0.73,-0.348,-0.329,0.173,-0.304,0.186,0.054,-0.535,0.535,-0.568,0.74,0.909,-0.666,-0.35,-0.518,0.771,0.27,-0.027,-0.598,-0.45,0.444,0.461,-0.8,0.522,0.853,-0.685,0.84,-0.59,-0.643,-0.74,-0.008,-0.492,0.81,0.414,-0.478,0.467,-0.509,-0.753,-0.201,0.045,0.023,-0.72,-0.665,0.453,-0.553,-0.393,0.56,-0.685,0.178,0.374,-0.663,0.371,-0.492,0.593,0.342,-0.039,-0.254,0.727,-0.619,0.303,0.335,-0.029,0.364,-0.079,0.23,0.234,0.784,0.008,0.103,0.782,0.77,0.747,-0.689,0.558,-0.633,0.298,0.739,0.819,0.569,0.595,-0.105,0.407,-0.045,-0.095,-0.555,-0.083,0.854,0.02,0.728,0.665,0.167,-0.153,0.41,-0.35,0.646,0.358,0.868,-0.185,-0.337,0.567,-0.174,0.085,0.344,0.273,0.085,-0.575,0.733,-0.554,-0.567,-0.438,0.071,-0.182,0.605,-0.656,-0.648,0.79,0.437,0.796,-0.601,0.113,0.192,-0.061,-0.341,-0.664,0.854,-0.201,-0.194,0.729,0.406,-0.119,0.621,-0.282,0.428,-0.528,0.512,-0.525,0.362,0.658,0.241,-0.337,-0.585,-0.633,-0.004,-0.553,-0.679,-0.663,-0.216,0.49,0.519,0.217,-0.668,-0.535,0.756
BHFAL,0.019,-0.339,0.491,0.138,0.403,-0.344,0.064,-0.107,0.189,0.574,0.528,0.085,-0.063,0.034,-0.359,-0.193,0.386,0.1,0.018,0.172,0.508,0.0,0.283,0.518,0.234,0.222,0.413,-0.488,0.171,0.559,-0.011,0.059,-0.027,0.487,0.351,0.26,-0.024,0.501,-0.44,0.529,0.048,-0.404,0.264,-0.385,-0.079,0.436,-0.436,0.486,-0.253,-0.22,0.135,-0.176,0.282,-0.045,-0.21,0.269,-0.173,0.554,0.421,-0.545,-0.088,-0.56,0.437,0.143,0.216,-0.189,-0.228,0.392,0.189,-0.507,0.152,0.558,-0.297,0.464,-0.423,-0.628,-0.548,-0.074,-0.204,0.532,0.534,-0.518,0.441,-0.477,-0.527,-0.253,0.068,0.101,-0.524,-0.548,0.179,-0.112,-0.192,0.214,-0.402,-0.222,0.409,-0.474,0.141,-0.442,0.12,0.085,-0.154,0.133,0.494,-0.414,0.425,0.434,-0.016,0.093,-0.074,0.209,0.073,0.435,-0.086,0.273,0.573,0.526,0.501,-0.442,0.569,-0.419,0.397,0.279,0.529,0.387,0.289,-0.029,0.333,-0.06,0.276,-0.378,0.06,0.467,-0.061,0.63,0.366,0.118,0.078,-0.014,0.125,0.635,0.179,0.463,0.011,-0.134,0.272,0.01,0.17,0.217,0.392,-0.032,-0.194,0.587,-0.046,-0.331,-0.333,-0.165,-0.13,0.257,-0.512,-0.438,0.579,0.38,0.468,-0.359,0.328,0.316,0.052,0.037,-0.312,0.53,0.078,-0.298,0.362,0.282,0.055,0.421,-0.089,0.078,-0.31,0.512,-0.255,0.335,0.178,0.325,-0.089,-0.265,-0.285,-0.028,-0.221,-0.418,-0.364,-0.111,0.041,0.404,0.405,-0.437,-0.339,0.593
BKNG,-0.107,-0.191,0.333,0.276,0.096,-0.542,-0.286,-0.349,0.389,0.704,0.666,0.147,-0.39,0.253,-0.196,-0.525,0.118,0.432,0.104,0.342,0.667,0.283,0.0,0.448,0.424,0.281,0.321,-0.705,-0.063,0.71,-0.022,0.545,0.48,0.744,0.746,0.715,-0.048,0.39,-0.585,0.482,-0.226,-0.042,0.567,-0.007,-0.203,0.579,-0.383,0.469,-0.494,-0.266,-0.123,-0.193,-0.027,-0.171,-0.525,0.414,-0.464,0.512,0.697,-0.548,-0.417,-0.379,0.751,-0.038,0.156,-0.569,-0.616,0.127,0.688,-0.574,0.747,0.732,-0.768,0.731,-0.317,-0.413,-0.667,-0.049,-0.579,0.597,0.124,-0.239,0.121,-0.324,-0.664,-0.221,0.197,0.056,-0.6,-0.626,0.64,-0.474,-0.241,0.751,-0.672,0.122,0.292,-0.323,0.191,-0.208,0.426,0.032,-0.156,-0.243,0.658,-0.614,0.107,0.157,-0.184,0.555,0.008,0.093,0.023,0.814,-0.293,-0.142,0.545,0.701,0.587,-0.622,0.231,-0.45,0.393,0.591,0.692,0.36,0.558,-0.325,0.006,-0.26,-0.05,-0.192,-0.364,0.647,-0.059,0.408,0.559,-0.125,-0.245,0.338,-0.17,0.45,0.058,0.549,-0.462,-0.481,0.386,-0.39,-0.203,0.108,0.069,0.074,-0.602,0.503,-0.477,-0.517,-0.536,0.218,-0.461,0.742,-0.679,-0.5,0.511,0.149,0.689,-0.596,-0.024,0.011,-0.162,-0.271,-0.45,0.703,-0.295,-0.217,0.777,0.575,-0.214,0.563,-0.471,0.364,-0.307,0.528,-0.53,0.2,0.545,0.111,-0.498,-0.493,-0.65,-0.26,-0.69,-0.658,-0.66,-0.176,0.549,0.182,-0.061,-0.642,-0.592,0.671
BL,-0.064,-0.261,0.799,0.659,0.671,-0.234,0.262,-0.289,0.265,0.69,0.765,0.568,0.13,-0.093,-0.562,-0.053,0.686,0.539,-0.299,-0.024,0.789,0.518,0.448,0.0,0.421,0.557,0.739,-0.542,0.529,0.863,0.375,-0.134,0.439,0.684,0.506,0.256,-0.044,0.34,-0.383,0.857,0.214,-0.358,0.637,-0.395,0.022,0.569,-0.201,0.865,-0.111,-0.284,0.565,-0.405,0.611,0.408,-0.173,0.227,-0.172,0.918,0.641,-0.568,-0.135,-0.399,0.634,0.4,-0.128,-0.16,0.016,0.736,0.308,-0.774,0.21,0.854,-0.458,0.801,-0.727,-0.642,-0.7,0.031,-0.025,0.822,0.755,-0.734,0.816,-0.568,-0.683,0.012,0.247,0.186,-0.481,-0.567,0.202,-0.129,-0.098,0.161,-0.411,-0.097,0.685,-0.64,0.485,-0.595,0.465,0.284,0.211,0.202,0.721,-0.313,0.688,0.686,0.14,0.382,0.306,0.593,0.538,0.633,0.246,0.562,0.727,0.588,0.524,-0.408,0.823,-0.327,0.482,0.413,0.686,0.511,0.688,0.317,0.763,0.247,0.236,-0.507,0.263,0.858,-0.109,0.907,0.644,0.45,0.196,0.206,0.01,0.785,0.614,0.659,0.205,0.12,0.608,0.08,0.475,0.634,0.651,0.414,-0.152,0.894,-0.155,-0.189,-0.191,0.129,0.078,0.258,-0.548,-0.325,0.956,0.791,0.786,-0.309,0.559,0.53,0.15,-0.117,-0.463,0.799,0.17,-0.265,0.622,0.304,0.249,0.493,0.03,0.531,-0.385,0.427,-0.257,0.564,0.235,0.508,0.079,-0.232,-0.233,0.198,-0.409,-0.406,-0.403,-0.221,0.111,0.746,0.619,-0.406,-0.24,0.685
BOKF,0.486,0.015,0.5,0.486,0.503,-0.02,0.165,0.129,0.384,0.476,0.417,0.489,0.159,0.082,0.032,0.03,0.377,0.695,0.39,-0.057,0.57,0.234,0.424,0.421,0.0,0.524,0.402,-0.261,0.474,0.482,0.496,0.183,0.319,0.349,0.213,0.281,0.659,-0.042,-0.125,0.137,-0.116,0.485,0.601,-0.01,0.069,0.246,0.133,0.281,-0.135,0.174,0.241,0.477,0.283,0.293,0.062,-0.114,0.039,0.481,0.648,-0.208,0.334,-0.078,0.182,0.724,0.469,-0.141,-0.232,0.143,0.613,-0.215,0.552,0.371,-0.334,0.417,-0.049,-0.126,-0.27,0.659,-0.082,0.439,0.287,-0.027,0.266,-0.437,-0.255,-0.079,0.125,0.551,-0.194,0.002,0.089,-0.002,0.155,0.19,-0.235,-0.13,0.283,0.007,-0.092,0.19,0.561,0.188,0.416,0.022,0.289,-0.147,0.344,0.265,0.523,0.327,0.263,0.421,0.547,0.305,0.123,0.224,0.196,0.264,0.194,-0.107,0.11,-0.009,0.542,0.323,0.457,0.433,0.611,0.089,0.247,0.111,-0.363,0.175,0.106,0.63,0.7,0.288,0.622,0.325,0.072,0.066,-0.323,0.387,0.187,0.604,-0.154,-0.29,0.694,0.211,0.088,0.608,0.326,0.511,-0.044,0.28,-0.181,-0.04,0.007,0.605,-0.089,0.342,-0.18,-0.119,0.497,0.336,0.573,-0.039,0.215,0.488,0.369,0.249,0.071,0.464,0.076,0.555,0.5,0.473,0.362,-0.037,0.163,0.487,0.231,0.647,-0.126,0.467,0.247,0.505,-0.097,-0.061,-0.189,-0.066,-0.402,-0.101,-0.361,0.587,0.227,0.504,-0.006,-0.262,-0.157,0.314
BRKR,0.348,0.319,0.599,0.598,0.535,0.179,0.5,0.17,0.226,0.188,0.221,0.587,0.464,-0.335,0.136,0.316,0.425,0.669,-0.238,-0.187,0.446,0.222,0.281,0.557,0.524,0.0,0.606,-0.037,0.669,0.354,0.628,-0.275,0.53,0.118,-0.014,0.022,0.337,-0.256,0.202,0.289,0.36,0.181,0.765,0.182,0.47,-0.075,0.418,0.463,0.277,0.423,0.719,0.127,0.509,0.669,0.355,0.158,0.071,0.528,0.349,0.041,0.269,0.16,0.016,0.706,-0.188,0.087,0.211,0.681,0.198,-0.231,0.144,0.434,-0.001,0.29,-0.084,-0.116,-0.077,0.39,0.183,0.47,0.524,-0.062,0.496,-0.429,-0.087,0.213,-0.091,0.668,0.034,0.078,-0.36,0.117,0.358,-0.081,0.099,0.028,0.251,-0.053,0.036,0.0,0.613,0.695,0.536,0.352,0.139,0.206,0.464,0.478,0.652,0.444,0.564,0.629,0.729,0.25,0.352,0.467,0.103,-0.016,-0.019,0.127,0.448,0.201,0.319,0.025,0.203,0.374,0.307,0.52,0.679,0.549,-0.13,-0.067,0.425,0.526,0.377,0.432,0.615,0.776,0.437,0.429,-0.208,0.407,0.671,0.401,0.394,0.157,0.626,0.393,0.551,0.701,0.714,0.617,0.134,0.374,0.036,0.239,0.304,0.457,0.426,-0.087,0.02,0.17,0.476,0.638,0.393,0.241,0.435,0.49,0.411,0.328,-0.064,0.278,0.356,0.36,0.606,0.028,0.621,-0.128,0.498,0.506,0.027,0.191,0.291,0.311,0.03,0.597,0.417,0.159,0.164,0.404,-0.327,0.116,0.093,0.307,-0.165,0.742,0.266,0.085,0.124,0.048
CACC,-0.248,0.121,0.61,0.595,0.442,-0.195,0.165,-0.379,0.128,0.402,0.602,0.359,0.075,-0.44,-0.453,-0.134,0.491,0.29,-0.332,0.34,0.758,0.413,0.321,0.739,0.402,0.606,0.0,-0.374,0.502,0.672,0.313,-0.263,0.493,0.487,0.415,0.231,-0.157,0.101,-0.298,0.562,0.172,-0.339,0.371,-0.23,0.428,0.394,-0.115,0.743,0.111,-0.151,0.488,-0.234,0.425,0.277,-0.188,0.385,-0.463,0.69,0.684,-0.431,-0.095,-0.26,0.423,0.388,-0.359,-0.277,-0.02,0.668,0.102,-0.641,0.066,0.686,-0.207,0.502,-0.372,-0.581,-0.422,0.043,-0.111,0.712,0.441,-0.444,0.586,-0.499,-0.458,-0.098,-0.172,0.196,-0.413,-0.424,-0.012,-0.362,-0.104,0.121,-0.335,0.217,0.378,-0.607,0.454,-0.525,0.656,0.624,0.245,-0.06,0.517,-0.191,0.464,0.494,0.217,0.12,0.023,0.463,0.417,0.549,0.342,0.412,0.63,0.388,0.497,-0.384,0.733,-0.371,0.184,0.519,0.543,0.299,0.32,0.132,0.61,0.233,-0.012,-0.621,0.252,0.678,0.051,0.749,0.562,0.434,0.148,0.436,-0.305,0.618,0.546,0.684,0.268,0.075,0.718,0.19,0.436,0.496,0.447,0.08,-0.191,0.659,-0.265,-0.193,-0.146,-0.128,0.235,0.206,-0.317,-0.342,0.702,0.578,0.538,-0.259,0.253,0.352,0.08,-0.143,-0.58,0.592,0.024,-0.085,0.512,0.13,0.127,0.407,0.082,0.201,-0.512,0.134,-0.158,0.399,0.442,0.295,0.095,-0.241,-0.23,0.349,-0.163,-0.335,-0.268,-0.158,0.122,0.684,0.417,-0.307,-0.174,0.461
CAR,0.377,0.509,-0.306,-0.174,-0.056,0.708,0.496,0.613,-0.215,-0.805,-0.881,0.007,0.647,-0.269,0.626,0.788,-0.199,-0.1,-0.15,-0.505,-0.77,-0.488,-0.705,-0.542,-0.261,-0.037,-0.374,0.0,0.244,-0.834,0.326,-0.503,-0.314,-0.92,-0.838,-0.821,0.369,-0.601,0.892,-0.645,0.312,0.4,-0.279,0.51,0.241,-0.719,0.755,-0.509,0.717,0.624,0.28,0.491,0.134,0.389,0.782,-0.549,0.612,-0.568,-0.78,0.859,0.667,0.787,-0.903,0.199,-0.154,0.749,0.742,-0.085,-0.545,0.819,-0.657,-0.757,0.913,-0.856,0.615,0.71,0.891,0.372,0.742,-0.623,-0.266,0.449,-0.186,0.488,0.929,0.573,-0.129,0.306,0.924,0.849,-0.774,0.673,0.646,-0.771,0.923,0.005,-0.307,0.675,-0.179,0.485,-0.172,0.047,0.458,0.478,-0.835,0.888,-0.081,-0.081,0.514,-0.104,0.283,0.158,0.217,-0.793,0.428,0.223,-0.76,-0.956,-0.863,0.935,-0.347,0.826,-0.259,-0.76,-0.86,-0.371,-0.428,0.509,0.041,0.503,-0.11,0.474,0.551,-0.695,0.369,-0.544,-0.541,0.371,0.492,-0.167,0.196,-0.567,0.083,-0.612,0.578,0.588,-0.198,0.604,0.294,0.048,0.063,0.23,0.798,-0.565,0.641,0.845,0.84,0.132,0.647,-0.814,0.929,0.867,-0.631,-0.022,-0.764,0.912,0.163,0.118,0.383,0.551,0.758,-0.871,0.474,0.535,-0.568,-0.538,0.519,-0.852,0.73,-0.239,0.576,-0.571,0.816,-0.131,-0.684,0.084,0.698,0.834,0.868,0.378,0.677,0.939,0.911,0.465,-0.504,-0.019,-0.063,0.916,0.847,-0.869
CDNA,0.425,0.184,0.633,0.7,0.769,0.298,0.827,0.404,0.225,0.088,0.118,0.817,0.746,-0.293,0.047,0.649,0.7,0.577,-0.235,-0.471,0.228,0.171,-0.063,0.529,0.474,0.669,0.502,0.244,0.0,0.241,0.699,-0.552,0.095,-0.066,-0.248,-0.428,0.442,-0.279,0.361,0.307,0.378,0.104,0.495,-0.038,0.364,-0.109,0.501,0.486,0.532,0.285,0.885,0.208,0.823,0.778,0.592,-0.387,0.405,0.561,0.157,0.082,0.642,0.173,-0.18,0.79,-0.111,0.482,0.533,0.618,0.064,-0.096,-0.277,0.244,0.275,0.087,-0.161,-0.072,0.025,0.574,0.632,0.411,0.578,-0.32,0.721,-0.382,0.06,0.403,0.181,0.714,0.257,0.226,-0.495,0.499,0.618,-0.546,0.376,-0.259,0.51,0.007,0.332,-0.158,0.387,0.377,0.704,0.538,0.088,0.431,0.741,0.674,0.784,0.309,0.629,0.796,0.848,-0.034,0.677,0.864,0.134,-0.185,-0.205,0.369,0.577,0.416,0.5,-0.147,0.053,0.333,0.427,0.699,0.811,0.72,0.103,0.033,0.669,0.383,0.473,0.526,0.392,0.852,0.698,-0.018,0.1,0.482,0.587,0.344,0.714,0.575,0.702,0.727,0.796,0.878,0.844,0.681,0.608,0.455,0.434,0.591,0.506,0.348,0.635,-0.396,0.185,0.381,0.493,0.815,0.27,0.442,0.773,0.842,0.735,0.427,0.24,0.149,0.56,0.397,0.206,-0.045,0.834,-0.28,0.757,0.362,0.223,0.157,0.493,0.682,-0.243,0.743,0.68,0.569,0.539,0.536,0.019,0.407,0.298,0.422,-0.39,0.848,0.595,0.378,0.509,-0.018
CG,-0.202,-0.397,0.652,0.542,0.456,-0.535,-0.076,-0.466,0.365,0.864,0.942,0.365,-0.276,0.111,-0.663,-0.451,0.542,0.421,-0.05,0.282,0.907,0.559,0.71,0.863,0.482,0.354,0.672,-0.834,0.241,0.0,0.068,0.243,0.401,0.925,0.778,0.575,-0.153,0.536,-0.736,0.847,-0.122,-0.382,0.549,-0.496,-0.092,0.757,-0.494,0.816,-0.434,-0.458,0.194,-0.432,0.33,0.022,-0.515,0.368,-0.431,0.885,0.877,-0.832,-0.362,-0.668,0.876,0.186,0.059,-0.477,-0.44,0.465,0.526,-0.903,0.524,0.938,-0.75,0.938,-0.711,-0.762,-0.903,-0.087,-0.397,0.87,0.571,-0.69,0.586,-0.622,-0.91,-0.308,0.284,0.016,-0.774,-0.789,0.556,-0.429,-0.353,0.519,-0.756,-0.094,0.623,-0.73,0.411,-0.614,0.412,0.105,-0.042,-0.166,0.91,-0.644,0.494,0.508,-0.132,0.326,0.05,0.303,0.231,0.85,-0.087,0.251,0.864,0.869,0.787,-0.748,0.674,-0.606,0.527,0.697,0.908,0.49,0.719,-0.141,0.412,-0.158,0.195,-0.546,-0.129,0.915,-0.161,0.852,0.719,0.085,-0.149,0.165,-0.082,0.826,0.3,0.746,-0.203,-0.261,0.571,-0.244,0.147,0.404,0.364,0.121,-0.485,0.846,-0.383,-0.542,-0.568,0.037,-0.323,0.622,-0.83,-0.668,0.921,0.487,0.914,-0.673,0.265,0.316,-0.071,-0.33,-0.634,0.972,-0.167,-0.386,0.7,0.559,-0.098,0.75,-0.361,0.423,-0.501,0.598,-0.563,0.502,0.537,0.301,-0.333,-0.535,-0.608,-0.099,-0.596,-0.742,-0.764,-0.297,0.386,0.481,0.408,-0.734,-0.59,0.898
CGBD,0.456,0.312,0.422,0.512,0.484,0.479,0.504,0.316,0.162,-0.053,-0.089,0.56,0.674,-0.305,0.315,0.625,0.258,0.715,-0.209,-0.412,0.179,-0.011,-0.022,0.375,0.496,0.628,0.313,0.326,0.699,0.068,0.0,-0.334,0.353,-0.156,-0.191,-0.284,0.595,-0.336,0.521,0.024,0.426,0.421,0.565,0.32,0.268,-0.093,0.616,0.225,0.466,0.413,0.678,0.358,0.569,0.723,0.486,-0.228,0.333,0.253,0.057,0.34,0.516,0.467,-0.222,0.72,-0.057,0.416,0.517,0.466,-0.001,0.15,-0.122,0.086,0.281,-0.006,0.08,0.23,0.23,0.659,0.439,0.169,0.291,0.0,0.408,0.068,0.283,0.629,0.079,0.538,0.422,0.394,-0.426,0.408,0.465,-0.343,0.423,0.063,0.218,0.164,0.17,0.177,0.447,0.41,0.638,0.55,-0.184,0.418,0.425,0.403,0.796,0.496,0.507,0.692,0.777,-0.077,0.559,0.541,-0.131,-0.326,-0.29,0.491,0.183,0.487,0.225,-0.174,-0.079,0.308,0.333,0.705,0.626,0.628,-0.274,0.127,0.722,0.252,0.605,0.181,0.219,0.777,0.598,0.229,-0.089,0.064,0.644,0.237,0.498,0.366,0.458,0.603,0.531,0.6,0.558,0.696,0.433,0.191,0.214,0.558,0.654,0.576,0.58,-0.309,0.41,0.505,0.249,0.645,0.055,0.554,0.551,0.48,0.527,0.448,0.346,-0.048,0.572,0.558,0.356,-0.042,0.707,-0.463,0.657,0.468,0.371,0.021,0.45,0.39,-0.25,0.636,0.542,0.463,0.42,0.511,0.145,0.488,0.387,0.466,-0.067,0.682,0.249,0.395,0.493,-0.149
