,ACET,ADAP,ADI,ADPT,ADTN,AGEN,ALGN,ALLK,AMD,AMWD,ARDX,ARQT,ASTE,AUPH,AVXL,AZTA,BAND,BECN,BFC,BGC,BHF,BHFAL,BKNG,BL,BOKF,BRKR,CACC,CAR,CDNA,CG,CGBD,CHI,CHTR,CHX,CLNE,CME,CNOB,CNXN,CPRX,CSGP,CSGS,CSIQ,CVCO,CVLT,CYRX,DDOG,DOOO,DSGX,DTIL,ECPG,EEFT,EFSC,ENTG,ESPR,ETSY,EXC,FAMI,FFIV,FITB,FIZZ,FMBH,FOX,FTNT,FULT,GABC,GEN,GH,GMAB,GNPX,GO,GOGL,GOOG,GPRO,GSHD,GSM,GWAV,HAIN,HBAN,HEPA,HURN,HWKN,IBIO,ICFI,IGMS,IMKTA,INCY,INO,IRDM,IRTC,IRWD,ITCI,JACK,JD,JJSF,KALA,KHC,KLAC,KRRO,KRYS,LANC,LBTYA,LIVN,LKCO,LNTH,LOGI,LPRO,LRCX,LSCC,LSTR,MAR,MARA,MCHP,MEOH,META,MGTX,MKSI,MMYT,MORN,MRUS,MTLS,MTSI,MVIS,MXL,NBIX,NFE,NMIH,NMRK,NNDM,NSIT,NTCT,NVAX,OCUL,ODP,OLED,ONB,OTEX,PACB,PATK,PAYX,PEP,PERI,PI,PLYA,PRDO,PRGS,PTGX,QCOM,QCRH,QDEL,QFIN,RGEN,RILY,RPAY,RPD,SABR,SEDG,SHEN,SIRI,SLNO,SNDL,SNEX,SONO,SPT,SSNC,STGW,STKL,STRL,STX,SWTX,SYNA,TFSL,TIGR,TNXP,TOWN,TRI,TRIP,TRMB,TRNS,TRS,TSCO,TSEM,TVTX,TXRH,VC,VCEL,VECO,VIAV,VICR,VIR,VRTX,VSTM,VTRS,WDFC,WSBC,WSC,WYNN,XENE,XNCR,XRAY,ZS
ACET,0.0,0.868,0.601,0.683,0.782,0.929,-0.199,0.136,0.27,0.363,-0.64,0.668,-0.771,0.749,-0.41,-0.689,0.321,0.461,0.543,-0.68,-0.103,-0.55,-0.662,0.747,0.584,0.863,0.781,0.329,0.161,0.782,0.07,-0.504,-0.837,-0.737,0.857,-0.866,-0.782,-0.839,-0.551,0.773,-0.419,0.794,0.315,0.75,0.802,0.702,0.006,0.872,0.937,0.631,0.76,0.844,0.698,-0.344,0.699,0.591,0.319,-0.724,0.611,-0.868,-0.566,-0.329,0.761,-0.446,-0.729,-0.671,0.552,0.845,0.915,-0.539,-0.543,-0.657,0.849,0.529,0.063,-0.731,0.709,-0.007,0.945,-0.672,-0.482,0.459,-0.749,0.784,0.268,-0.644,0.935,0.868,-0.696,0.321,0.868,0.631,-0.033,-0.677,0.584,0.7,-0.454,-0.37,0.515,0.373,0.52,-0.38,0.781,0.833,-0.505,0.721,-0.42,0.187,0.509,-0.817,0.789,0.692,-0.539,0.068,0.794,0.693,-0.74,-0.215,0.768,0.874,-0.833,0.826,0.773,-0.741,0.256,-0.796,-0.555,0.607,0.405,0.72,0.531,0.66,0.018,-0.6,-0.621,0.701,0.822,0.505,-0.301,0.483,0.208,0.842,0.853,-0.766,-0.692,0.824,0.563,-0.809,0.572,0.459,-0.634,0.469,-0.478,-0.179,-0.756,0.851,-0.672,0.674,0.474,-0.596,-0.692,0.596,0.722,0.719,0.892,0.527,-0.679,-0.7,0.543,-0.36,-0.78,-0.467,0.712,0.449,0.238,0.704,-0.717,-0.728,0.644,-0.577,0.57,0.26,0.897,0.671,0.821,-0.792,0.635,-0.366,0.578,0.799,-0.349,-0.669,-0.112,0.522,0.76,0.615,0.461,0.779,0.699,0.633
ADAP,0.868,0.0,0.68,0.744,0.738,0.864,-0.15,0.435,0.387,0.298,-0.606,0.809,-0.689,0.724,-0.525,-0.768,0.527,0.596,0.726,-0.656,0.211,-0.508,-0.72,0.784,0.768,0.723,0.751,0.131,0.43,0.771,0.289,-0.309,-0.827,-0.672,0.934,-0.783,-0.654,-0.752,-0.712,0.733,-0.366,0.838,0.288,0.71,0.799,0.774,0.283,0.85,0.833,0.657,0.691,0.733,0.785,-0.386,0.745,0.599,0.516,-0.493,0.749,-0.867,-0.317,-0.384,0.738,-0.181,-0.573,-0.727,0.652,0.779,0.897,-0.561,-0.427,-0.553,0.732,0.573,0.249,-0.663,0.605,0.265,0.863,-0.612,-0.659,0.596,-0.765,0.804,0.45,-0.682,0.82,0.709,-0.731,0.486,0.821,0.79,0.207,-0.547,0.612,0.772,-0.326,-0.412,0.419,0.627,0.415,-0.199,0.806,0.822,-0.351,0.784,-0.247,0.334,0.59,-0.798,0.887,0.741,-0.318,0.149,0.739,0.777,-0.785,-0.138,0.835,0.864,-0.782,0.896,0.73,-0.803,0.229,-0.742,-0.468,0.595,0.231,0.651,0.631,0.556,0.072,-0.564,-0.422,0.688,0.806,0.62,-0.329,0.572,0.294,0.764,0.814,-0.756,-0.532,0.661,0.654,-0.709,0.698,0.614,-0.53,0.561,-0.66,-0.424,-0.801,0.816,-0.824,0.568,0.45,-0.568,-0.577,0.779,0.731,0.695,0.889,0.739,-0.799,-0.666,0.363,-0.249,-0.673,-0.25,0.674,0.491,0.22,0.722,-0.728,-0.761,0.542,-0.51,0.722,0.268,0.855,0.794,0.771,-0.789,0.801,-0.274,0.51,0.611,-0.136,-0.711,0.086,0.607,0.779,0.729,0.237,0.788,0.758,0.645
ADI,0.601,0.68,0.0,0.909,0.749,0.674,0.351,0.486,0.495,0.637,-0.355,0.848,-0.635,0.826,-0.638,-0.743,0.447,0.637,0.802,-0.691,0.283,-0.071,-0.736,0.888,0.574,0.507,0.715,-0.26,0.577,0.806,0.609,0.073,-0.704,-0.636,0.784,-0.534,-0.367,-0.708,-0.713,0.389,-0.503,0.74,0.107,0.808,0.844,0.864,0.67,0.724,0.542,0.75,0.337,0.38,0.954,-0.387,0.915,0.654,0.825,-0.138,0.741,-0.579,0.115,-0.624,0.825,0.116,-0.596,-0.694,0.801,0.802,0.643,-0.554,-0.04,-0.108,0.64,0.664,0.452,-0.439,0.602,0.516,0.562,-0.491,-0.858,0.394,-0.829,0.89,0.658,-0.717,0.717,0.363,-0.777,0.698,0.761,0.834,0.617,-0.518,0.812,0.816,0.105,-0.784,0.552,0.673,0.183,0.258,0.855,0.869,0.183,0.825,0.249,0.377,0.603,-0.576,0.788,0.963,-0.194,0.441,0.375,0.968,-0.81,0.403,0.766,0.619,-0.683,0.863,0.367,-0.435,0.031,-0.786,-0.727,0.714,0.198,0.27,0.774,0.493,0.377,-0.661,-0.068,0.836,0.87,0.791,0.143,0.677,0.337,0.506,0.824,-0.831,-0.461,0.442,0.947,-0.357,0.814,0.833,-0.17,0.567,-0.698,-0.315,-0.844,0.724,-0.853,0.243,0.218,-0.309,-0.597,0.865,0.909,0.517,0.69,0.748,-0.805,-0.525,0.564,-0.105,-0.457,0.067,0.423,0.37,0.644,0.904,-0.688,-0.826,0.45,-0.137,0.709,0.718,0.56,0.767,0.707,-0.654,0.659,0.252,0.37,0.391,0.155,-0.835,0.596,0.606,0.858,0.873,-0.045,0.413,0.913,0.905
ADPT,0.683,0.744,0.909,0.0,0.884,0.76,0.15,0.407,0.248,0.663,-0.505,0.874,-0.754,0.862,-0.661,-0.783,0.367,0.577,0.802,-0.794,0.164,-0.252,-0.845,0.892,0.613,0.681,0.756,-0.279,0.57,0.862,0.435,-0.08,-0.793,-0.706,0.843,-0.688,-0.539,-0.831,-0.796,0.526,-0.521,0.84,0.121,0.849,0.932,0.87,0.581,0.823,0.656,0.812,0.483,0.465,0.891,-0.462,0.98,0.831,0.817,-0.31,0.751,-0.663,-0.031,-0.645,0.917,-0.027,-0.728,-0.799,0.777,0.86,0.716,-0.584,-0.254,-0.297,0.727,0.685,0.476,-0.625,0.704,0.436,0.63,-0.639,-0.833,0.378,-0.927,0.948,0.737,-0.7,0.783,0.498,-0.853,0.647,0.867,0.823,0.48,-0.594,0.911,0.914,-0.163,-0.845,0.558,0.727,0.246,0.165,0.906,0.933,0.075,0.869,-0.009,0.099,0.747,-0.716,0.834,0.944,-0.321,0.203,0.568,0.924,-0.895,0.222,0.787,0.691,-0.839,0.886,0.526,-0.521,0.088,-0.883,-0.825,0.803,0.3,0.439,0.788,0.543,0.335,-0.807,-0.23,0.926,0.905,0.694,0.126,0.807,0.153,0.648,0.91,-0.932,-0.631,0.529,0.92,-0.534,0.877,0.82,-0.147,0.664,-0.71,-0.255,-0.925,0.831,-0.885,0.435,0.127,-0.433,-0.737,0.833,0.945,0.673,0.718,0.792,-0.849,-0.723,0.637,-0.3,-0.619,-0.13,0.587,0.49,0.617,0.925,-0.806,-0.912,0.604,-0.298,0.677,0.719,0.689,0.84,0.829,-0.789,0.705,0.127,0.261,0.574,0.042,-0.891,0.435,0.654,0.959,0.876,-0.046,0.476,0.959,0.858
ADTN,0.782,0.738,0.749,0.884,0.0,0.88,-0.074,0.111,0.131,0.548,-0.669,0.732,-0.882,0.842,-0.508,-0.724,0.231,0.386,0.632,-0.801,-0.126,-0.522,-0.858,0.853,0.595,0.832,0.792,0.004,0.349,0.83,0.122,-0.384,-0.85,-0.776,0.821,-0.848,-0.758,-0.936,-0.745,0.695,-0.439,0.87,0.202,0.88,0.945,0.844,0.281,0.908,0.779,0.771,0.689,0.651,0.759,-0.549,0.876,0.89,0.64,-0.498,0.631,-0.753,-0.345,-0.657,0.936,-0.294,-0.872,-0.801,0.638,0.834,0.796,-0.583,-0.466,-0.531,0.878,0.639,0.297,-0.817,0.86,0.201,0.74,-0.794,-0.616,0.35,-0.947,0.931,0.511,-0.721,0.884,0.666,-0.831,0.449,0.89,0.654,0.195,-0.703,0.871,0.893,-0.469,-0.752,0.581,0.593,0.315,-0.123,0.879,0.917,-0.102,0.816,-0.345,-0.041,0.735,-0.868,0.812,0.836,-0.537,-0.044,0.742,0.777,-0.881,-0.047,0.77,0.81,-0.926,0.832,0.706,-0.577,0.218,-0.894,-0.832,0.783,0.432,0.657,0.621,0.685,0.195,-0.875,-0.475,0.95,0.858,0.49,0.08,0.775,-0.069,0.837,0.911,-0.957,-0.813,0.717,0.722,-0.731,0.785,0.678,-0.283,0.676,-0.596,-0.045,-0.867,0.912,-0.772,0.556,0.073,-0.597,-0.797,0.705,0.887,0.823,0.746,0.644,-0.795,-0.862,0.656,-0.439,-0.812,-0.449,0.767,0.61,0.51,0.812,-0.774,-0.888,0.814,-0.528,0.5,0.501,0.809,0.748,0.897,-0.871,0.597,-0.134,0.373,0.75,-0.266,-0.869,0.18,0.641,0.896,0.756,0.162,0.541,0.823,0.806
AGEN,0.929,0.864,0.674,0.76,0.88,0.0,-0.222,0.162,0.284,0.383,-0.72,0.72,-0.851,0.811,-0.494,-0.769,0.344,0.46,0.635,-0.732,-0.077,-0.645,-0.765,0.83,0.716,0.876,0.812,0.219,0.29,0.822,0.103,-0.509,-0.889,-0.786,0.898,-0.899,-0.834,-0.912,-0.683,0.818,-0.412,0.877,0.242,0.841,0.876,0.841,0.101,0.943,0.921,0.708,0.815,0.834,0.737,-0.469,0.775,0.722,0.474,-0.637,0.668,-0.889,-0.517,-0.56,0.821,-0.379,-0.785,-0.732,0.633,0.847,0.934,-0.632,-0.551,-0.686,0.852,0.594,0.172,-0.813,0.819,0.132,0.927,-0.739,-0.531,0.549,-0.852,0.865,0.392,-0.723,0.933,0.832,-0.744,0.455,0.893,0.69,0.083,-0.704,0.696,0.822,-0.508,-0.487,0.459,0.527,0.462,-0.326,0.832,0.896,-0.386,0.813,-0.441,0.149,0.661,-0.901,0.818,0.74,-0.524,-0.023,0.845,0.748,-0.838,-0.202,0.859,0.933,-0.884,0.887,0.829,-0.743,0.299,-0.827,-0.652,0.706,0.418,0.759,0.58,0.787,-0.002,-0.686,-0.599,0.803,0.841,0.517,-0.227,0.648,0.069,0.907,0.871,-0.854,-0.763,0.877,0.628,-0.828,0.72,0.571,-0.513,0.614,-0.598,-0.179,-0.826,0.911,-0.765,0.687,0.29,-0.714,-0.698,0.66,0.779,0.811,0.893,0.641,-0.815,-0.79,0.53,-0.411,-0.834,-0.489,0.784,0.536,0.3,0.722,-0.734,-0.843,0.766,-0.633,0.568,0.284,0.906,0.756,0.869,-0.907,0.669,-0.369,0.516,0.796,-0.309,-0.761,-0.023,0.588,0.812,0.69,0.354,0.794,0.744,0.689
ALGN,-0.199,-0.15,0.351,0.15,-0.074,-0.222,0.0,0.272,0.285,0.403,0.459,0.09,0.189,0.156,-0.19,-0.017,0.185,0.245,0.199,0.057,0.344,0.723,0.025,0.138,-0.176,-0.354,-0.145,-0.436,0.286,-0.024,0.642,0.455,0.191,0.085,-0.119,0.464,0.56,0.192,-0.011,-0.599,-0.061,-0.22,-0.211,0.048,0.015,0.088,0.557,-0.257,-0.322,-0.046,-0.622,-0.387,0.255,0.119,0.125,-0.182,0.194,0.35,0.082,0.379,0.658,-0.175,-0.018,0.574,0.188,-0.018,0.138,0.024,-0.284,-0.018,0.575,0.714,-0.149,0.193,0.18,0.406,-0.16,0.303,-0.249,0.3,-0.281,-0.128,-0.039,0.122,0.123,-0.146,-0.085,-0.402,-0.035,0.38,-0.073,0.169,0.512,0.123,0.165,-0.024,0.744,-0.231,0.324,0.083,-0.191,0.735,0.087,0.019,0.586,0.064,0.828,0.341,-0.197,0.296,0.019,0.238,0.009,0.82,-0.569,0.288,0.043,0.848,-0.061,-0.367,0.229,0.043,-0.601,0.373,-0.374,0.026,-0.115,-0.092,-0.309,-0.57,0.235,-0.013,0.276,0.025,0.635,0.019,0.071,0.477,0.461,-0.055,0.31,-0.445,-0.041,0.002,0.265,-0.395,0.32,0.592,0.063,0.184,0.267,-0.107,-0.12,-0.127,-0.016,-0.232,-0.073,-0.515,-0.15,0.496,0.185,0.219,0.221,-0.355,-0.141,0.084,-0.036,0.373,0.036,0.025,0.41,0.595,-0.418,-0.279,0.326,0.167,0.125,-0.038,-0.377,0.7,0.213,0.578,-0.337,-0.029,-0.174,0.256,-0.092,0.821,-0.077,-0.446,0.502,-0.168,0.681,0.049,-0.014,0.113,-0.255,-0.264,0.181,0.305
ALLK,0.136,0.435,0.486,0.407,0.111,0.162,0.272,0.0,0.475,0.127,0.169,0.65,0.103,0.254,-0.498,-0.559,0.732,0.669,0.739,-0.033,0.833,0.186,-0.387,0.382,0.609,-0.061,0.049,-0.426,0.722,0.165,0.721,0.444,-0.105,-0.092,0.493,0.003,0.176,-0.012,-0.525,-0.035,0.015,0.242,-0.245,0.096,0.205,0.442,0.732,0.125,0.049,0.115,-0.108,-0.094,0.462,0.142,0.357,0.007,0.522,0.3,0.611,-0.169,0.547,-0.274,0.182,0.615,0.209,-0.506,0.374,0.242,0.282,-0.307,0.171,0.105,-0.031,0.225,0.341,0.156,-0.198,0.654,0.219,0.179,-0.695,0.541,-0.263,0.365,0.617,-0.182,0.069,-0.109,-0.369,0.721,0.167,0.716,0.696,0.257,0.346,0.393,0.442,-0.171,0.226,0.652,-0.084,0.424,0.444,0.26,0.151,0.455,0.511,0.575,0.331,-0.054,0.49,0.423,0.237,0.5,-0.054,0.514,-0.242,0.399,0.501,0.152,-0.131,0.501,-0.034,-0.222,-0.203,-0.09,0.029,0.01,-0.545,-0.171,0.628,-0.023,0.14,-0.144,0.349,0.164,0.273,0.664,-0.282,0.279,0.466,-0.087,0.196,-0.217,0.276,-0.17,0.509,0.123,0.464,0.489,-0.102,0.085,-0.62,-0.801,-0.384,0.073,-0.627,0.006,0.266,-0.057,0.118,0.632,0.293,-0.085,0.387,0.672,-0.528,0.088,-0.203,-0.071,0.183,0.602,-0.125,-0.09,0.188,0.334,-0.285,-0.275,-0.227,0.298,0.742,0.391,0.162,0.534,0.049,-0.16,0.608,0.221,0.014,-0.172,0.689,-0.456,0.533,0.134,0.353,0.502,-0.137,0.295,0.468,0.242
AMD,0.27,0.387,0.495,0.248,0.131,0.284,0.285,0.475,0.0,0.066,-0.042,0.371,-0.065,0.261,-0.329,-0.445,0.562,0.55,0.422,-0.207,0.394,0.024,-0.152,0.462,0.382,0.064,0.268,0.076,0.429,0.237,0.516,0.101,-0.234,-0.232,0.395,-0.07,-0.06,-0.106,-0.294,0.113,-0.202,0.193,0.077,0.234,0.219,0.452,0.3,0.266,0.249,0.24,0.063,0.099,0.514,0.008,0.263,-0.091,0.305,0.105,0.282,-0.362,0.118,-0.279,0.124,0.177,-0.006,-0.209,0.433,0.199,0.323,-0.409,0.141,0.094,0.12,0.224,0.36,0.016,0.045,0.226,0.359,0.052,-0.354,0.493,-0.175,0.325,0.166,-0.445,0.26,0.047,-0.162,0.495,0.228,0.485,0.35,-0.028,0.176,0.175,0.371,0.013,0.244,0.264,-0.069,0.199,0.322,0.313,0.007,0.397,0.373,0.815,-0.013,-0.141,0.36,0.369,0.019,0.568,0.019,0.508,-0.205,0.187,0.484,0.319,-0.029,0.479,0.062,-0.277,-0.222,-0.119,-0.037,0.077,-0.037,0.024,0.383,0.288,-0.082,0.08,0.053,0.137,0.321,0.509,-0.346,-0.011,0.508,0.141,0.221,-0.142,0.177,0.225,0.414,-0.074,0.274,0.263,-0.288,0.077,-0.344,-0.537,-0.306,0.183,-0.419,-0.121,0.328,-0.074,0.046,0.501,0.299,0.062,0.46,0.389,-0.398,0.057,0.032,0.237,-0.023,0.289,0.02,-0.093,0.164,0.266,-0.096,-0.244,-0.114,0.02,0.553,0.047,0.19,0.427,0.129,-0.183,0.397,0.082,0.484,-0.079,0.256,-0.374,0.41,0.005,0.259,0.348,0.137,0.468,0.312,0.401
AMWD,0.363,0.298,0.637,0.663,0.548,0.383,0.403,0.127,0.066,0.0,-0.206,0.443,-0.426,0.57,-0.438,-0.455,0.063,0.417,0.473,-0.475,0.018,0.088,-0.513,0.61,0.183,0.403,0.41,-0.305,0.259,0.563,0.396,0.018,-0.417,-0.493,0.401,-0.304,-0.178,-0.5,-0.408,0.103,-0.425,0.397,0.004,0.569,0.595,0.516,0.469,0.416,0.273,0.496,0.086,0.221,0.561,-0.255,0.659,0.5,0.503,-0.147,0.47,-0.221,0.105,-0.454,0.611,0.076,-0.458,-0.452,0.437,0.572,0.327,-0.374,-0.006,0.02,0.449,0.47,0.243,-0.307,0.422,0.273,0.314,-0.346,-0.555,0.004,-0.588,0.597,0.484,-0.413,0.504,0.206,-0.606,0.469,0.562,0.462,0.33,-0.371,0.639,0.552,0.044,-0.671,0.478,0.366,0.081,0.328,0.589,0.574,0.264,0.56,0.162,-0.047,0.391,-0.348,0.441,0.629,-0.344,0.386,0.135,0.6,-0.54,0.388,0.424,0.264,-0.511,0.477,0.124,-0.111,-0.086,-0.584,-0.649,0.567,0.252,0.116,0.526,0.323,0.449,-0.562,0.003,0.6,0.595,0.63,0.43,0.524,0.254,0.272,0.589,-0.609,-0.423,0.224,0.636,-0.134,0.499,0.47,-0.091,0.361,-0.29,-0.057,-0.626,0.439,-0.475,0.141,-0.111,-0.133,-0.502,0.496,0.682,0.33,0.366,0.352,-0.456,-0.392,0.558,-0.234,-0.293,-0.0,0.244,0.236,0.618,0.65,-0.518,-0.56,0.342,0.015,0.385,0.698,0.303,0.381,0.494,-0.419,0.265,0.39,-0.007,0.323,-0.03,-0.585,0.437,0.497,0.636,0.51,-0.031,0.087,0.649,0.674
ARDX,-0.64,-0.606,-0.355,-0.505,-0.669,-0.72,0.459,0.169,-0.042,-0.206,0.0,-0.443,0.86,-0.522,0.464,0.515,0.027,0.011,-0.334,0.721,0.129,0.8,0.449,-0.541,-0.521,-0.751,-0.78,-0.203,-0.196,-0.71,0.261,0.72,0.849,0.789,-0.628,0.81,0.853,0.757,0.567,-0.83,0.478,-0.794,-0.39,-0.713,-0.686,-0.498,0.099,-0.83,-0.758,-0.756,-0.873,-0.757,-0.484,0.798,-0.567,-0.751,-0.284,0.596,-0.406,0.778,0.656,0.286,-0.602,0.528,0.726,0.335,-0.562,-0.556,-0.714,0.466,0.7,0.687,-0.613,-0.656,-0.066,0.931,-0.793,0.044,-0.686,0.909,0.267,-0.427,0.634,-0.518,-0.08,0.668,-0.643,-0.702,0.507,-0.113,-0.704,-0.435,0.227,0.75,-0.377,-0.614,0.795,0.421,0.102,-0.426,-0.357,0.44,-0.499,-0.679,0.298,-0.577,0.658,0.147,-0.469,0.881,-0.506,-0.413,0.421,0.377,-0.829,-0.434,0.778,0.541,-0.557,-0.839,0.713,-0.564,-0.822,0.825,-0.269,0.682,0.539,-0.799,-0.663,-0.901,-0.13,-0.462,0.088,0.412,0.625,-0.566,-0.645,-0.111,0.054,-0.638,0.263,-0.907,-0.638,0.644,0.79,-0.766,-0.329,0.842,-0.611,-0.413,0.302,-0.817,0.438,0.035,0.624,-0.832,0.501,-0.632,-0.166,0.79,0.683,-0.427,-0.518,-0.934,-0.636,-0.489,0.595,0.886,-0.311,0.081,0.924,0.781,-0.932,-0.735,0.035,-0.431,0.597,0.698,-0.845,0.884,-0.221,0.063,-0.8,-0.607,-0.832,0.849,-0.562,0.455,-0.3,-0.683,0.662,0.429,0.315,-0.606,-0.572,-0.522,0.066,-0.617,-0.49,-0.363
ARQT,0.668,0.809,0.848,0.874,0.732,0.72,0.09,0.65,0.371,0.443,-0.443,0.0,-0.631,0.8,-0.653,-0.776,0.567,0.609,0.87,-0.651,0.45,-0.252,-0.741,0.817,0.736,0.541,0.714,-0.229,0.713,0.784,0.516,0.007,-0.756,-0.636,0.89,-0.622,-0.442,-0.687,-0.8,0.512,-0.422,0.817,0.145,0.742,0.809,0.812,0.628,0.754,0.612,0.717,0.463,0.446,0.89,-0.403,0.874,0.661,0.757,-0.226,0.84,-0.67,0.041,-0.476,0.782,0.108,-0.518,-0.771,0.806,0.809,0.77,-0.465,-0.178,-0.282,0.606,0.676,0.433,-0.524,0.535,0.521,0.659,-0.525,-0.888,0.537,-0.819,0.859,0.663,-0.669,0.695,0.447,-0.795,0.658,0.746,0.938,0.557,-0.469,0.739,0.847,-0.071,-0.649,0.463,0.771,0.227,0.133,0.859,0.841,0.014,0.81,0.077,0.314,0.715,-0.659,0.883,0.876,-0.121,0.297,0.533,0.901,-0.831,0.197,0.791,0.702,-0.742,0.887,0.508,-0.644,0.111,-0.757,-0.574,0.664,0.075,0.412,0.757,0.375,0.311,-0.629,-0.137,0.764,0.849,0.747,-0.086,0.717,0.325,0.572,0.813,-0.806,-0.452,0.432,0.843,-0.476,0.846,0.844,-0.259,0.598,-0.788,-0.469,-0.836,0.748,-0.902,0.421,0.405,-0.421,-0.581,0.88,0.817,0.571,0.786,0.86,-0.846,-0.599,0.39,-0.231,-0.519,0.008,0.512,0.465,0.408,0.834,-0.771,-0.807,0.468,-0.268,0.808,0.591,0.686,0.862,0.729,-0.721,0.826,0.061,0.314,0.457,0.141,-0.804,0.377,0.624,0.847,0.906,-0.077,0.583,0.887,0.717
ASTE,-0.771,-0.689,-0.635,-0.754,-0.882,-0.851,0.189,0.103,-0.065,-0.426,0.86,-0.631,0.0,-0.813,0.477,0.591,-0.05,-0.117,-0.467,0.861,0.193,0.616,0.639,-0.736,-0.478,-0.794,-0.907,-0.083,-0.246,-0.883,0.037,0.542,0.941,0.847,-0.734,0.857,0.828,0.932,0.613,-0.76,0.587,-0.895,-0.378,-0.926,-0.899,-0.704,-0.1,-0.92,-0.822,-0.861,-0.79,-0.754,-0.713,0.775,-0.798,-0.883,-0.513,0.622,-0.549,0.771,0.519,0.472,-0.831,0.455,0.914,0.533,-0.712,-0.804,-0.774,0.492,0.506,0.56,-0.81,-0.755,-0.187,0.922,-0.957,-0.083,-0.712,0.937,0.488,-0.348,0.868,-0.793,-0.245,0.794,-0.854,-0.742,0.673,-0.24,-0.862,-0.556,-0.037,0.91,-0.655,-0.778,0.61,0.689,-0.283,-0.455,-0.404,0.274,-0.721,-0.882,0.153,-0.714,0.456,0.137,-0.638,0.914,-0.674,-0.7,0.475,0.168,-0.809,-0.689,0.916,0.202,-0.651,-0.848,0.864,-0.73,-0.767,0.708,-0.324,0.909,0.812,-0.896,-0.635,-0.772,-0.398,-0.623,-0.168,0.667,0.545,-0.832,-0.846,-0.34,-0.123,-0.736,0.164,-0.907,-0.845,0.866,0.922,-0.811,-0.607,0.8,-0.739,-0.655,0.251,-0.805,0.514,-0.068,0.766,-0.951,0.643,-0.604,-0.162,0.647,0.858,-0.582,-0.781,-0.919,-0.691,-0.545,0.702,0.928,-0.622,0.272,0.932,0.639,-0.884,-0.722,-0.273,-0.726,0.719,0.878,-0.894,0.724,-0.339,-0.325,-0.808,-0.676,-0.946,0.894,-0.556,0.199,-0.379,-0.738,0.491,0.654,0.063,-0.72,-0.759,-0.707,-0.031,-0.578,-0.701,-0.681
AUPH,0.749,0.724,0.826,0.862,0.842,0.811,0.156,0.254,0.261,0.57,-0.522,0.8,-0.813,0.0,-0.584,-0.711,0.39,0.453,0.68,-0.737,0.086,-0.245,-0.701,0.844,0.538,0.643,0.804,-0.11,0.449,0.876,0.379,-0.206,-0.836,-0.774,0.8,-0.679,-0.56,-0.816,-0.655,0.504,-0.451,0.811,0.209,0.919,0.888,0.812,0.415,0.802,0.68,0.753,0.501,0.563,0.859,-0.535,0.879,0.722,0.64,-0.441,0.702,-0.636,-0.159,-0.564,0.846,-0.103,-0.75,-0.692,0.756,0.908,0.734,-0.559,-0.185,-0.276,0.772,0.694,0.292,-0.632,0.781,0.295,0.674,-0.629,-0.676,0.364,-0.895,0.912,0.449,-0.757,0.856,0.583,-0.775,0.53,0.834,0.742,0.42,-0.743,0.772,0.825,-0.177,-0.709,0.544,0.56,0.325,0.05,0.825,0.899,0.002,0.812,-0.043,0.136,0.696,-0.75,0.805,0.872,-0.42,0.264,0.566,0.889,-0.868,0.231,0.735,0.708,-0.764,0.859,0.536,-0.534,0.151,-0.882,-0.781,0.759,0.271,0.435,0.666,0.629,0.265,-0.709,-0.254,0.863,0.875,0.665,0.128,0.706,0.195,0.675,0.88,-0.876,-0.704,0.606,0.766,-0.538,0.779,0.782,-0.283,0.629,-0.629,-0.186,-0.799,0.83,-0.771,0.442,0.225,-0.402,-0.682,0.75,0.893,0.636,0.732,0.661,-0.785,-0.676,0.642,-0.358,-0.655,-0.192,0.576,0.5,0.433,0.84,-0.714,-0.889,0.66,-0.34,0.61,0.653,0.684,0.746,0.838,-0.775,0.562,0.11,0.355,0.605,-0.106,-0.791,0.287,0.672,0.811,0.783,0.054,0.565,0.836,0.814
AVXL,-0.41,-0.525,-0.638,-0.661,-0.508,-0.494,-0.19,-0.498,-0.329,-0.438,0.464,-0.653,0.477,-0.584,0.0,0.828,-0.443,-0.394,-0.779,0.467,-0.538,0.17,0.57,-0.701,-0.692,-0.389,-0.461,0.349,-0.688,-0.569,-0.472,0.131,0.577,0.661,-0.62,0.386,0.29,0.472,0.739,-0.29,0.306,-0.563,0.186,-0.62,-0.617,-0.64,-0.567,-0.54,-0.372,-0.597,-0.298,-0.279,-0.625,0.453,-0.67,-0.493,-0.602,0.104,-0.678,0.436,-0.133,0.55,-0.522,-0.233,0.337,0.576,-0.589,-0.499,-0.485,0.722,0.308,0.175,-0.317,-0.655,-0.204,0.408,-0.395,-0.499,-0.488,0.415,0.633,-0.525,0.634,-0.615,-0.506,0.615,-0.434,-0.249,0.637,-0.784,-0.566,-0.803,-0.389,0.313,-0.588,-0.697,0.093,0.56,-0.022,-0.784,-0.083,-0.265,-0.639,-0.639,-0.143,-0.78,-0.099,-0.211,-0.501,0.565,-0.535,-0.586,0.306,-0.242,-0.344,-0.669,0.694,-0.19,-0.665,-0.517,0.507,-0.693,-0.311,0.488,0.385,0.517,0.487,-0.584,-0.032,-0.284,-0.525,-0.394,0.074,0.407,-0.018,-0.501,-0.592,-0.592,-0.042,-0.711,-0.08,-0.421,-0.515,0.6,0.385,-0.306,-0.622,0.263,-0.821,-0.57,0.108,-0.644,0.776,0.594,0.718,-0.504,0.741,-0.255,-0.02,0.503,0.323,-0.634,-0.643,-0.466,-0.588,-0.835,0.804,0.449,-0.101,0.205,0.389,0.044,-0.409,-0.308,-0.162,-0.495,0.545,0.716,-0.382,0.19,-0.632,-0.48,-0.488,-0.705,-0.558,0.687,-0.635,-0.14,-0.03,-0.256,-0.093,0.679,-0.361,-0.521,-0.609,-0.665,0.331,-0.453,-0.712,-0.472
AZTA,-0.689,-0.768,-0.743,-0.783,-0.724,-0.769,-0.017,-0.559,-0.445,-0.455,0.515,-0.776,0.591,-0.711,0.828,0.0,-0.604,-0.623,-0.874,0.553,-0.377,0.377,0.802,-0.874,-0.854,-0.637,-0.567,0.147,-0.621,-0.677,-0.474,0.221,0.7,0.742,-0.859,0.641,0.526,0.676,0.837,-0.536,0.276,-0.733,0.135,-0.706,-0.761,-0.85,-0.487,-0.755,-0.643,-0.617,-0.519,-0.507,-0.749,0.343,-0.772,-0.584,-0.647,0.271,-0.772,0.695,0.068,0.672,-0.713,-0.071,0.498,0.821,-0.618,-0.687,-0.778,0.872,0.431,0.429,-0.598,-0.603,-0.218,0.553,-0.514,-0.451,-0.766,0.493,0.716,-0.652,0.79,-0.817,-0.617,0.65,-0.686,-0.49,0.797,-0.814,-0.76,-0.88,-0.371,0.356,-0.753,-0.844,0.199,0.528,-0.331,-0.8,-0.192,-0.084,-0.865,-0.792,0.099,-0.958,0.079,-0.326,-0.658,0.736,-0.775,-0.741,0.415,-0.21,-0.563,-0.795,0.769,-0.052,-0.926,-0.752,0.716,-0.907,-0.551,0.617,0.17,0.649,0.531,-0.581,-0.056,-0.473,-0.739,-0.593,0.005,0.619,0.224,-0.686,-0.718,-0.683,0.198,-0.735,-0.166,-0.636,-0.707,0.767,0.467,-0.543,-0.705,0.517,-0.865,-0.617,0.374,-0.569,0.813,0.646,0.869,-0.691,0.908,-0.456,-0.149,0.65,0.437,-0.786,-0.768,-0.599,-0.828,-0.851,0.933,0.568,-0.253,0.36,0.54,0.114,-0.553,-0.357,-0.322,-0.648,0.68,0.817,-0.495,0.319,-0.781,-0.445,-0.741,-0.847,-0.686,0.815,-0.779,0.105,-0.283,-0.499,-0.043,0.871,-0.317,-0.503,-0.79,-0.758,-0.076,-0.679,-0.807,-0.638
BAND,0.321,0.527,0.447,0.367,0.231,0.344,0.185,0.732,0.562,0.063,0.027,0.567,-0.05,0.39,-0.443,-0.604,0.0,0.716,0.659,-0.079,0.633,0.015,-0.387,0.508,0.646,0.066,0.157,-0.154,0.566,0.259,0.632,0.202,-0.206,-0.179,0.531,-0.104,0.011,-0.097,-0.507,0.094,0.219,0.272,-0.165,0.225,0.274,0.55,0.552,0.262,0.224,0.135,0.042,0.084,0.458,0.054,0.304,0.068,0.414,0.142,0.562,-0.267,0.32,-0.377,0.239,0.476,0.09,-0.506,0.372,0.259,0.419,-0.438,0.126,0.017,0.248,0.243,0.246,0.008,0.022,0.563,0.372,0.065,-0.479,0.544,-0.347,0.449,0.409,-0.298,0.284,0.033,-0.36,0.677,0.256,0.657,0.565,0.134,0.345,0.407,0.272,-0.051,0.281,0.549,-0.062,0.29,0.471,0.288,0.043,0.533,0.302,0.527,0.376,-0.25,0.535,0.416,0.057,0.476,0.109,0.508,-0.255,0.253,0.606,0.316,-0.131,0.565,0.112,-0.274,-0.185,-0.189,0.027,-0.008,-0.472,0.032,0.634,0.242,0.015,-0.169,0.238,0.265,0.277,0.578,-0.253,0.273,0.458,0.11,0.253,-0.26,0.103,0.097,0.349,-0.026,0.473,0.402,-0.254,0.105,-0.558,-0.69,-0.338,0.199,-0.612,0.019,0.193,-0.143,0.169,0.589,0.381,0.073,0.462,0.59,-0.57,0.017,-0.172,-0.188,0.039,0.427,0.046,0.085,0.007,0.273,-0.148,-0.366,-0.094,0.129,0.727,0.264,0.3,0.564,0.12,-0.277,0.53,0.087,0.253,-0.022,0.45,-0.51,0.428,0.175,0.295,0.491,0.112,0.541,0.409,0.366
BECN,0.461,0.596,0.637,0.577,0.386,0.46,0.245,0.669,0.55,0.417,0.011,0.609,-0.117,0.453,-0.394,-0.623,0.716,0.0,0.691,-0.266,0.384,0.033,-0.538,0.628,0.573,0.327,0.264,-0.115,0.452,0.393,0.606,0.209,-0.299,-0.235,0.636,-0.26,-0.126,-0.319,-0.522,0.179,-0.084,0.363,-0.079,0.312,0.44,0.668,0.539,0.396,0.365,0.257,0.093,0.194,0.599,0.151,0.517,0.204,0.483,-0.005,0.599,-0.412,0.209,-0.466,0.457,0.294,-0.105,-0.613,0.406,0.471,0.492,-0.442,0.066,-0.053,0.408,0.188,0.372,-0.043,0.105,0.431,0.501,-0.0,-0.619,0.444,-0.433,0.596,0.637,-0.304,0.451,0.184,-0.534,0.689,0.449,0.66,0.495,0.048,0.553,0.514,0.27,-0.229,0.556,0.521,0.023,0.288,0.606,0.483,-0.042,0.582,0.267,0.54,0.388,-0.254,0.629,0.625,-0.071,0.515,0.134,0.652,-0.349,0.315,0.66,0.363,-0.361,0.668,0.171,-0.247,-0.063,-0.346,-0.201,0.169,-0.183,0.063,0.698,0.362,0.207,-0.388,0.047,0.467,0.473,0.731,-0.217,0.287,0.569,0.204,0.511,-0.438,0.022,0.199,0.606,-0.161,0.434,0.402,-0.377,0.072,-0.511,-0.528,-0.574,0.325,-0.669,0.138,0.224,-0.142,-0.119,0.673,0.556,0.138,0.583,0.575,-0.587,-0.099,0.188,-0.17,-0.057,0.349,0.069,0.054,0.47,0.55,-0.4,-0.427,0.009,0.14,0.781,0.435,0.394,0.582,0.251,-0.344,0.544,0.114,0.288,0.193,0.363,-0.614,0.515,0.193,0.585,0.527,0.273,0.466,0.606,0.574
BFC,0.543,0.726,0.802,0.802,0.632,0.635,0.199,0.739,0.422,0.473,-0.334,0.87,-0.467,0.68,-0.779,-0.874,0.659,0.691,0.0,-0.476,0.58,-0.172,-0.754,0.799,0.828,0.445,0.514,-0.324,0.729,0.646,0.65,0.043,-0.607,-0.586,0.828,-0.451,-0.294,-0.554,-0.837,0.353,-0.237,0.689,-0.141,0.637,0.713,0.815,0.722,0.631,0.479,0.575,0.311,0.343,0.79,-0.312,0.782,0.547,0.724,-0.097,0.853,-0.532,0.221,-0.618,0.667,0.34,-0.329,-0.768,0.693,0.648,0.679,-0.629,-0.174,-0.203,0.474,0.639,0.309,-0.398,0.397,0.665,0.605,-0.38,-0.861,0.613,-0.746,0.79,0.705,-0.593,0.557,0.305,-0.759,0.854,0.65,0.941,0.604,-0.243,0.734,0.837,0.024,-0.563,0.354,0.887,0.1,0.312,0.841,0.731,0.09,0.85,0.169,0.375,0.672,-0.578,0.786,0.777,-0.152,0.351,0.398,0.832,-0.729,0.265,0.849,0.595,-0.62,0.854,0.375,-0.537,-0.046,-0.586,-0.468,0.522,-0.118,0.274,0.782,0.428,0.181,-0.571,0.052,0.648,0.716,0.786,-0.031,0.737,0.271,0.436,0.654,-0.714,-0.289,0.338,0.78,-0.311,0.856,0.746,-0.213,0.533,-0.877,-0.636,-0.81,0.589,-0.923,0.34,0.19,-0.466,-0.335,0.852,0.749,0.464,0.727,0.908,-0.898,-0.442,0.171,-0.296,-0.349,0.141,0.392,0.342,0.373,0.704,-0.652,-0.758,0.323,-0.088,0.844,0.595,0.598,0.837,0.576,-0.674,0.816,0.141,0.191,0.314,0.28,-0.818,0.486,0.588,0.764,0.833,-0.118,0.531,0.836,0.644
BGC,-0.68,-0.656,-0.691,-0.794,-0.801,-0.732,0.057,-0.033,-0.207,-0.475,0.721,-0.651,0.861,-0.737,0.467,0.553,-0.079,-0.266,-0.476,0.0,0.123,0.412,0.589,-0.755,-0.371,-0.698,-0.868,0.037,-0.266,-0.842,-0.082,0.305,0.846,0.69,-0.7,0.737,0.705,0.826,0.558,-0.65,0.713,-0.783,-0.402,-0.812,-0.831,-0.665,-0.196,-0.835,-0.738,-0.854,-0.63,-0.572,-0.736,0.614,-0.824,-0.775,-0.599,0.489,-0.496,0.74,0.373,0.402,-0.79,0.411,0.857,0.505,-0.733,-0.768,-0.673,0.451,0.353,0.395,-0.697,-0.615,-0.442,0.747,-0.803,-0.081,-0.622,0.764,0.546,-0.271,0.78,-0.762,-0.324,0.744,-0.77,-0.616,0.628,-0.304,-0.812,-0.577,-0.125,0.797,-0.616,-0.665,0.38,0.734,-0.386,-0.405,-0.338,0.108,-0.679,-0.857,0.121,-0.665,0.261,0.042,-0.536,0.736,-0.646,-0.742,0.343,0.01,-0.664,-0.73,0.829,0.051,-0.59,-0.716,0.764,-0.725,-0.622,0.613,-0.202,0.894,0.848,-0.826,-0.645,-0.608,-0.5,-0.564,-0.193,0.605,0.487,-0.799,-0.815,-0.413,-0.074,-0.581,-0.029,-0.764,-0.825,0.796,0.723,-0.698,-0.719,0.707,-0.686,-0.613,0.272,-0.685,0.427,-0.041,0.762,-0.866,0.63,-0.503,-0.238,0.411,0.828,-0.588,-0.784,-0.769,-0.666,-0.575,0.613,0.789,-0.699,0.103,0.775,0.422,-0.708,-0.517,-0.392,-0.773,0.733,0.818,-0.667,0.58,-0.424,-0.409,-0.66,-0.673,-0.829,0.747,-0.535,0.072,-0.324,-0.568,0.256,0.653,-0.074,-0.556,-0.799,-0.673,0.013,-0.504,-0.734,-0.714
BHF,-0.103,0.211,0.283,0.164,-0.126,-0.077,0.344,0.833,0.394,0.018,0.129,0.45,0.193,0.086,-0.538,-0.377,0.633,0.384,0.58,0.123,0.0,0.286,-0.076,0.195,0.495,-0.299,-0.051,-0.473,0.715,0.047,0.656,0.4,0.001,-0.039,0.246,0.249,0.383,0.229,-0.4,-0.216,0.055,0.067,-0.208,0.002,0.015,0.209,0.711,-0.067,-0.169,0.081,-0.251,-0.198,0.288,-0.019,0.155,-0.114,0.354,0.419,0.503,0.066,0.639,-0.097,-0.079,0.756,0.42,-0.172,0.329,-0.011,0.077,-0.199,0.255,0.298,-0.265,0.314,0.182,0.222,-0.27,0.676,0.011,0.198,-0.514,0.501,-0.066,0.099,0.351,-0.159,-0.157,-0.303,-0.129,0.62,-0.036,0.594,0.619,0.286,0.063,0.209,0.435,-0.043,-0.166,0.587,-0.165,0.511,0.17,0.054,0.321,0.281,0.566,0.473,0.147,0.055,0.252,0.164,0.341,0.496,-0.216,0.315,-0.132,0.377,0.283,-0.008,0.128,0.267,-0.207,-0.187,-0.306,0.093,0.207,-0.044,-0.539,-0.234,0.342,-0.203,0.055,0.173,0.579,-0.089,0.098,0.517,-0.061,0.224,0.355,-0.234,-0.054,0.017,0.345,-0.324,0.285,0.327,0.387,0.374,0.075,0.176,-0.521,-0.749,-0.142,-0.105,-0.401,-0.185,0.161,0.039,0.303,0.46,0.091,-0.147,0.189,0.569,-0.375,0.202,-0.469,0.104,0.29,0.575,-0.181,-0.001,-0.081,0.092,-0.047,-0.144,-0.312,0.312,0.56,0.231,-0.024,0.371,-0.087,-0.039,0.477,0.355,-0.162,-0.401,0.564,-0.184,0.44,0.216,0.066,0.382,-0.448,0.191,0.28,0.025
BHFAL,-0.55,-0.508,-0.071,-0.252,-0.522,-0.645,0.723,0.186,0.024,0.088,0.8,-0.252,0.616,-0.245,0.17,0.377,0.015,0.033,-0.172,0.412,0.286,0.0,0.407,-0.313,-0.506,-0.699,-0.493,-0.439,-0.022,-0.384,0.439,0.741,0.591,0.525,-0.513,0.768,0.847,0.607,0.395,-0.844,0.148,-0.616,-0.249,-0.405,-0.445,-0.365,0.356,-0.673,-0.687,-0.412,-0.88,-0.714,-0.188,0.48,-0.27,-0.543,-0.056,0.549,-0.214,0.712,0.752,0.225,-0.413,0.597,0.545,0.334,-0.226,-0.337,-0.649,0.333,0.772,0.857,-0.532,-0.301,0.065,0.789,-0.57,0.182,-0.634,0.698,0.032,-0.436,0.416,-0.333,-0.024,0.378,-0.488,-0.671,0.345,0.05,-0.498,-0.212,0.409,0.452,-0.243,-0.428,0.861,0.089,0.086,-0.257,-0.306,0.665,-0.351,-0.427,0.514,-0.367,0.846,0.159,-0.359,0.743,-0.377,-0.166,0.365,0.595,-0.827,-0.142,0.482,0.799,-0.461,-0.752,0.598,-0.384,-0.846,0.698,-0.358,0.386,0.235,-0.465,-0.486,-0.877,-0.006,-0.409,0.247,0.346,0.739,-0.374,-0.367,0.127,0.361,-0.409,0.345,-0.813,-0.419,0.442,0.597,-0.735,-0.046,0.839,-0.351,-0.136,0.34,-0.515,0.278,0.008,0.418,-0.631,0.339,-0.652,-0.103,0.834,0.462,-0.212,-0.239,-0.772,-0.529,-0.281,0.43,0.733,-0.136,0.192,0.784,0.78,-0.814,-0.547,0.148,-0.169,0.401,0.414,-0.714,0.866,-0.074,0.357,-0.728,-0.429,-0.585,0.688,-0.445,0.764,-0.34,-0.675,0.621,0.303,0.49,-0.307,-0.384,-0.277,-0.247,-0.582,-0.202,-0.114
BKNG,-0.662,-0.72,-0.736,-0.845,-0.858,-0.765,0.025,-0.387,-0.152,-0.513,0.449,-0.741,0.639,-0.701,0.57,0.802,-0.387,-0.538,-0.754,0.589,-0.076,0.407,0.0,-0.803,-0.709,-0.725,-0.557,0.165,-0.477,-0.655,-0.301,0.217,0.66,0.629,-0.81,0.731,0.589,0.796,0.818,-0.561,0.162,-0.761,0.126,-0.684,-0.829,-0.821,-0.432,-0.758,-0.62,-0.551,-0.533,-0.481,-0.692,0.297,-0.797,-0.74,-0.673,0.298,-0.669,0.663,0.117,0.723,-0.891,0.062,0.642,0.932,-0.464,-0.736,-0.717,0.627,0.435,0.487,-0.73,-0.469,-0.333,0.613,-0.592,-0.355,-0.666,0.571,0.663,-0.378,0.869,-0.874,-0.679,0.522,-0.733,-0.503,0.915,-0.629,-0.772,-0.722,-0.32,0.389,-0.89,-0.89,0.295,0.688,-0.552,-0.724,-0.204,-0.016,-0.882,-0.788,0.078,-0.83,0.196,-0.088,-0.716,0.742,-0.781,-0.812,0.459,-0.023,-0.599,-0.736,0.752,-0.042,-0.799,-0.69,0.846,-0.821,-0.583,0.459,-0.082,0.726,0.668,-0.602,-0.09,-0.477,-0.742,-0.581,-0.173,0.919,0.326,-0.843,-0.727,-0.559,0.055,-0.75,-0.009,-0.653,-0.778,0.906,0.592,-0.499,-0.691,0.566,-0.769,-0.629,0.273,-0.523,0.697,0.291,0.863,-0.738,0.844,-0.474,0.003,0.584,0.554,-0.727,-0.838,-0.634,-0.701,-0.73,0.829,0.678,-0.454,0.433,0.59,0.194,-0.581,-0.405,-0.491,-0.718,0.757,0.789,-0.6,0.299,-0.62,-0.555,-0.723,-0.735,-0.721,0.767,-0.638,0.114,-0.259,-0.612,0.009,0.898,-0.345,-0.51,-0.86,-0.706,-0.147,-0.397,-0.8,-0.73
BL,0.747,0.784,0.888,0.892,0.853,0.83,0.138,0.382,0.462,0.61,-0.541,0.817,-0.736,0.844,-0.701,-0.874,0.508,0.628,0.799,-0.755,0.195,-0.313,-0.803,0.0,0.7,0.675,0.76,-0.08,0.532,0.845,0.479,-0.149,-0.802,-0.734,0.857,-0.683,-0.553,-0.794,-0.774,0.549,-0.469,0.777,0.125,0.862,0.899,0.922,0.507,0.848,0.696,0.782,0.511,0.537,0.873,-0.406,0.894,0.715,0.752,-0.31,0.754,-0.723,-0.102,-0.697,0.843,-0.035,-0.671,-0.769,0.759,0.799,0.791,-0.76,-0.258,-0.31,0.76,0.643,0.374,-0.616,0.723,0.423,0.741,-0.594,-0.735,0.497,-0.883,0.935,0.6,-0.77,0.848,0.508,-0.797,0.735,0.846,0.849,0.419,-0.556,0.827,0.864,-0.168,-0.704,0.531,0.694,0.186,0.126,0.893,0.913,0.01,0.936,-0.044,0.266,0.676,-0.755,0.836,0.883,-0.389,0.301,0.578,0.906,-0.847,0.161,0.875,0.771,-0.784,0.94,0.537,-0.55,-0.019,-0.831,-0.732,0.726,0.299,0.487,0.781,0.704,0.161,-0.705,-0.25,0.862,0.857,0.726,0.019,0.716,0.25,0.699,0.856,-0.871,-0.602,0.65,0.846,-0.543,0.87,0.707,-0.354,0.629,-0.695,-0.327,-0.897,0.813,-0.863,0.371,0.158,-0.489,-0.624,0.809,0.917,0.669,0.824,0.79,-0.881,-0.663,0.547,-0.287,-0.604,-0.144,0.59,0.458,0.542,0.844,-0.71,-0.899,0.591,-0.366,0.735,0.574,0.711,0.787,0.781,-0.821,0.672,0.043,0.398,0.541,-0.022,-0.892,0.416,0.597,0.88,0.826,0.127,0.627,0.892,0.886
BOKF,0.584,0.768,0.574,0.613,0.595,0.716,-0.176,0.609,0.382,0.183,-0.521,0.736,-0.478,0.538,-0.692,-0.854,0.646,0.573,0.828,-0.371,0.495,-0.506,-0.709,0.7,0.0,0.533,0.487,-0.054,0.62,0.549,0.354,-0.233,-0.611,-0.578,0.831,-0.58,-0.477,-0.547,-0.838,0.6,-0.087,0.714,-0.077,0.554,0.629,0.78,0.437,0.685,0.582,0.506,0.583,0.541,0.609,-0.339,0.598,0.511,0.555,-0.152,0.785,-0.663,-0.06,-0.581,0.554,0.168,-0.297,-0.727,0.538,0.516,0.76,-0.663,-0.416,-0.512,0.481,0.536,0.159,-0.532,0.427,0.541,0.718,-0.452,-0.623,0.762,-0.664,0.665,0.57,-0.536,0.54,0.437,-0.651,0.717,0.611,0.823,0.353,-0.217,0.58,0.786,-0.287,-0.32,0.129,0.83,0.198,-0.049,0.718,0.636,-0.157,0.789,-0.176,0.358,0.659,-0.697,0.745,0.567,-0.198,0.055,0.591,0.633,-0.669,-0.131,0.856,0.756,-0.61,0.8,0.623,-0.687,0.059,-0.466,-0.267,0.454,-0.062,0.538,0.57,0.481,-0.099,-0.467,-0.165,0.538,0.583,0.565,-0.296,0.68,0.096,0.601,0.558,-0.619,-0.354,0.474,0.528,-0.494,0.777,0.573,-0.331,0.583,-0.821,-0.635,-0.702,0.61,-0.84,0.461,0.17,-0.705,-0.263,0.733,0.558,0.584,0.767,0.849,-0.886,-0.513,-0.032,-0.312,-0.477,-0.113,0.556,0.453,0.114,0.478,-0.539,-0.683,0.465,-0.384,0.733,0.181,0.724,0.804,0.562,-0.764,0.818,-0.272,0.258,0.411,0.051,-0.689,0.19,0.549,0.63,0.699,0.045,0.713,0.656,0.433
BRKR,0.863,0.723,0.507,0.681,0.832,0.876,-0.354,-0.061,0.064,0.403,-0.751,0.541,-0.794,0.643,-0.389,-0.637,0.066,0.327,0.445,-0.698,-0.299,-0.699,-0.725,0.675,0.533,0.0,0.715,0.269,0.118,0.719,-0.169,-0.648,-0.803,-0.728,0.765,-0.935,-0.902,-0.895,-0.579,0.848,-0.375,0.792,0.219,0.706,0.787,0.64,-0.1,0.881,0.891,0.628,0.843,0.808,0.562,-0.411,0.695,0.737,0.287,-0.731,0.456,-0.846,-0.673,-0.42,0.811,-0.592,-0.818,-0.668,0.433,0.78,0.827,-0.54,-0.749,-0.786,0.842,0.45,0.115,-0.837,0.738,-0.141,0.864,-0.759,-0.346,0.33,-0.737,0.727,0.327,-0.535,0.847,0.867,-0.74,0.246,0.851,0.488,-0.208,-0.65,0.637,0.729,-0.666,-0.454,0.393,0.396,0.501,-0.446,0.715,0.793,-0.494,0.676,-0.631,-0.069,0.544,-0.849,0.686,0.631,-0.625,-0.224,0.857,0.562,-0.732,-0.372,0.686,0.847,-0.887,0.719,0.843,-0.68,0.272,-0.759,-0.639,0.694,0.549,0.815,0.39,0.661,-0.053,-0.727,-0.762,0.752,0.751,0.295,-0.215,0.599,-0.073,0.906,0.834,-0.808,-0.779,0.814,0.475,-0.896,0.554,0.349,-0.481,0.563,-0.417,-0.026,-0.778,0.861,-0.598,0.76,0.229,-0.72,-0.743,0.466,0.7,0.818,0.786,0.475,-0.637,-0.828,0.601,-0.332,-0.873,-0.676,0.8,0.502,0.318,0.617,-0.764,-0.707,0.795,-0.672,0.37,0.211,0.893,0.636,0.857,-0.828,0.545,-0.487,0.401,0.928,-0.518,-0.654,-0.199,0.479,0.797,0.508,0.333,0.621,0.658,0.549
CACC,0.781,0.751,0.715,0.756,0.792,0.812,-0.145,0.049,0.268,0.41,-0.78,0.714,-0.907,0.804,-0.461,-0.567,0.157,0.264,0.514,-0.868,-0.051,-0.493,-0.557,0.76,0.487,0.715,0.0,0.101,0.251,0.949,0.076,-0.352,-0.935,-0.766,0.786,-0.807,-0.739,-0.854,-0.567,0.746,-0.65,0.886,0.544,0.89,0.858,0.697,0.171,0.91,0.818,0.899,0.742,0.732,0.806,-0.674,0.816,0.782,0.55,-0.547,0.638,-0.799,-0.427,-0.324,0.79,-0.383,-0.806,-0.474,0.809,0.83,0.799,-0.416,-0.347,-0.466,0.759,0.723,0.271,-0.806,0.866,0.171,0.717,-0.834,-0.573,0.363,-0.802,0.777,0.272,-0.778,0.834,0.714,-0.622,0.248,0.845,0.63,0.147,-0.859,0.563,0.735,-0.435,-0.637,0.318,0.44,0.427,-0.234,0.704,0.879,-0.189,0.681,-0.302,0.042,0.578,-0.811,0.719,0.75,-0.27,0.002,0.749,0.775,-0.888,-0.123,0.666,0.84,-0.794,0.772,0.723,-0.755,0.35,-0.907,-0.725,0.862,0.607,0.707,0.468,0.523,0.213,-0.542,-0.477,0.787,0.886,0.466,0.035,0.629,0.116,0.835,0.863,-0.798,-0.767,0.767,0.687,-0.753,0.706,0.707,-0.334,0.745,-0.484,-0.012,-0.739,0.942,-0.657,0.564,0.413,-0.498,-0.824,0.641,0.765,0.834,0.754,0.582,-0.661,-0.824,0.635,-0.096,-0.829,-0.453,0.778,0.661,0.289,0.807,-0.725,-0.824,0.747,-0.664,0.46,0.32,0.773,0.702,0.901,-0.807,0.62,-0.143,0.443,0.667,-0.367,-0.591,-0.005,0.719,0.777,0.766,0.035,0.614,0.752,0.717
CAR,0.329,0.131,-0.26,-0.279,0.004,0.219,-0.436,-0.426,0.076,-0.305,-0.203,-0.229,-0.083,-0.11,0.349,0.147,-0.154,-0.115,-0.324,0.037,-0.473,-0.439,0.165,-0.08,-0.054,0.269,0.101,0.0,-0.492,-0.045,-0.448,-0.454,-0.088,-0.008,0.009,-0.268,-0.327,-0.092,0.281,0.352,0.023,0.001,0.343,-0.029,-0.055,-0.128,-0.665,0.143,0.323,-0.079,0.372,0.455,-0.148,0.112,-0.246,-0.13,-0.49,-0.445,-0.233,-0.323,-0.648,0.297,-0.079,-0.566,-0.14,0.138,-0.209,-0.033,0.237,0.075,-0.303,-0.385,0.29,-0.196,-0.416,-0.177,0.14,-0.508,0.323,-0.118,0.397,0.002,0.162,-0.114,-0.449,-0.012,0.226,0.39,0.166,-0.441,0.05,-0.26,-0.63,-0.119,-0.272,-0.211,-0.386,0.421,0.041,-0.446,0.185,-0.62,-0.102,-0.039,-0.571,-0.168,-0.535,0.141,-0.236,-0.12,-0.006,-0.19,-0.202,-0.204,0.308,-0.229,0.145,-0.568,-0.032,0.271,-0.075,-0.06,0.337,-0.196,0.233,0.043,0.233,-0.1,0.34,0.427,-0.339,0.162,-0.303,0.147,-0.496,-0.115,-0.015,-0.288,-0.374,-0.353,0.02,0.318,0.052,0.119,-0.112,0.431,-0.32,-0.374,-0.331,-0.389,-0.498,-0.184,0.29,0.247,0.157,0.103,0.255,0.16,0.279,-0.19,-0.079,-0.244,-0.188,0.148,0.186,-0.345,0.21,-0.063,0.035,0.051,-0.225,-0.482,0.226,0.113,-0.227,-0.126,0.1,0.232,0.199,-0.43,-0.173,-0.555,0.235,-0.202,0.063,-0.026,-0.108,-0.56,0.597,0.308,-0.576,0.186,-0.508,-0.109,-0.107,-0.228,0.623,0.307,-0.237,-0.106
CDNA,0.161,0.43,0.577,0.57,0.349,0.29,0.286,0.722,0.429,0.259,-0.196,0.713,-0.246,0.449,-0.688,-0.621,0.566,0.452,0.729,-0.266,0.715,-0.022,-0.477,0.532,0.62,0.118,0.251,-0.492,0.0,0.358,0.618,0.13,-0.385,-0.405,0.52,-0.153,-0.044,-0.253,-0.718,0.083,-0.158,0.434,-0.174,0.397,0.45,0.553,0.745,0.333,0.149,0.397,0.057,-0.033,0.597,-0.301,0.542,0.341,0.63,0.177,0.525,-0.288,0.382,-0.506,0.371,0.456,-0.079,-0.511,0.599,0.32,0.331,-0.424,0.009,0.09,0.109,0.516,0.515,-0.206,0.15,0.556,0.261,-0.189,-0.666,0.522,-0.484,0.516,0.572,-0.504,0.221,-0.068,-0.502,0.741,0.315,0.778,0.617,-0.074,0.534,0.558,0.172,-0.416,0.107,0.785,-0.183,0.487,0.519,0.459,0.381,0.612,0.35,0.401,0.444,-0.358,0.535,0.524,0.006,0.366,0.104,0.615,-0.522,0.302,0.533,0.318,-0.296,0.572,0.1,-0.344,-0.29,-0.295,-0.249,0.369,-0.229,0.057,0.546,0.14,0.119,-0.288,0.253,0.372,0.459,0.591,-0.024,0.554,0.171,0.181,0.344,-0.451,-0.07,0.016,0.574,-0.045,0.693,0.621,0.128,0.481,-0.758,-0.673,-0.552,0.295,-0.681,-0.041,0.027,-0.25,-0.107,0.715,0.522,0.248,0.411,0.783,-0.69,-0.264,-0.075,-0.072,-0.144,0.255,0.201,0.243,0.205,0.386,-0.389,-0.528,0.145,0.022,0.667,0.457,0.286,0.653,0.344,-0.432,0.626,0.299,0.073,-0.006,0.357,-0.597,0.576,0.338,0.461,0.62,-0.417,0.324,0.565,0.399
CG,0.782,0.771,0.806,0.862,0.83,0.822,-0.024,0.165,0.237,0.563,-0.71,0.784,-0.883,0.876,-0.569,-0.677,0.259,0.393,0.646,-0.842,0.047,-0.384,-0.655,0.845,0.549,0.719,0.949,-0.045,0.358,0.0,0.248,-0.247,-0.923,-0.78,0.824,-0.774,-0.661,-0.862,-0.647,0.668,-0.61,0.896,0.415,0.922,0.913,0.78,0.342,0.902,0.776,0.9,0.65,0.668,0.867,-0.616,0.903,0.82,0.658,-0.484,0.734,-0.75,-0.281,-0.446,0.849,-0.232,-0.777,-0.569,0.852,0.883,0.8,-0.523,-0.287,-0.391,0.762,0.76,0.298,-0.762,0.847,0.311,0.709,-0.782,-0.676,0.389,-0.867,0.854,0.457,-0.762,0.854,0.658,-0.712,0.425,0.887,0.726,0.302,-0.792,0.693,0.836,-0.334,-0.723,0.379,0.566,0.385,-0.069,0.791,0.925,-0.08,0.79,-0.19,0.044,0.681,-0.802,0.767,0.832,-0.285,0.111,0.699,0.863,-0.925,0.027,0.748,0.806,-0.819,0.841,0.656,-0.689,0.258,-0.948,-0.771,0.885,0.505,0.624,0.613,0.557,0.279,-0.628,-0.363,0.846,0.929,0.601,0.111,0.74,0.154,0.783,0.905,-0.861,-0.761,0.713,0.782,-0.665,0.808,0.779,-0.286,0.752,-0.577,-0.108,-0.824,0.931,-0.758,0.541,0.316,-0.487,-0.793,0.716,0.855,0.794,0.761,0.667,-0.758,-0.798,0.646,-0.166,-0.76,-0.328,0.722,0.637,0.399,0.88,-0.768,-0.899,0.719,-0.542,0.554,0.505,0.761,0.755,0.906,-0.835,0.668,-0.019,0.351,0.658,-0.244,-0.691,0.143,0.76,0.856,0.838,0.014,0.594,0.865,0.794
