,ACET,ADAP,ADI,ADPT,ADTN,AGEN,ALGN,ALLK,AMD,AMWD,ARDX,ARQT,ASTE,AUPH,AVXL,AZTA,BAND,BECN,BFC,BGC,BHF,BHFAL,BKNG,BL,BOKF,BRKR,CACC,CAR,CDNA,CG,CGBD,CHI,CHTR,CHX,CLNE,CME,CNOB,CNXN,CPRX,CSGP,CSGS,CSIQ,CVCO,CVLT,CYRX,DDOG,DOOO,DSGX,DTIL,ECPG,EEFT,EFSC,ENTG,ESPR,ETSY,EXC,FAMI,FFIV,FITB,FIZZ,FMBH,FOX,FTNT,FULT,GABC,GEN,GH,GMAB,GNPX,GO,GOGL,GOOG,GPRO,GSHD,GSM,GWAV,HAIN,HBAN,HEPA,HURN,HWKN,IBIO,ICFI,IGMS,IMKTA,INCY,INO,IRDM,IRTC,IRWD,ITCI,JACK,JD,JJSF,KALA,KHC,KLAC,KRRO,KRYS,LANC,LBTYA,LIVN,LKCO,LNTH,LOGI,LPRO,LRCX,LSCC,LSTR,MAR,MARA,MCHP,MEOH,META,MGTX,MKSI,MMYT,MORN,MRUS,MTLS,MTSI,MVIS,MXL,NBIX,NFE,NMIH,NMRK,NNDM,NSIT,NTCT,NVAX,OCUL,ODP,OLED,ONB,OTEX,PACB,PATK,PAYX,PEP,PERI,PI,PLYA,PRDO,PRGS,PTGX,QCOM,QCRH,QDEL,QFIN,RGEN,RILY,RPAY,RPD,SABR,SEDG,SHEN,SIRI,SLNO,SNDL,SNEX,SONO,SPT,SSNC,STGW,STKL,STRL,STX,SWTX,SYNA,TFSL,TIGR,TNXP,TOWN,TRI,TRIP,TRMB,TRNS,TRS,TSCO,TSEM,TVTX,TXRH,VC,VCEL,VECO,VIAV,VICR,VIR,VRTX,VSTM,VTRS,WDFC,WSBC,WSC,WYNN,XENE,XNCR,XRAY,ZS
ACET,0.0,0.427,0.429,-0.357,-0.515,0.169,-0.039,0.045,-0.12,-0.286,0.254,0.038,-0.07,0.085,0.402,-0.336,-0.342,-0.295,-0.422,-0.403,-0.322,-0.692,0.008,0.192,-0.642,-0.004,-0.405,-0.571,-0.053,-0.665,-0.625,0.646,-0.158,-0.073,0.484,0.323,-0.562,-0.162,0.157,-0.432,-0.38,-0.484,0.393,-0.06,0.328,0.223,-0.014,0.107,-0.265,-0.52,0.074,-0.716,0.08,0.353,0.111,0.045,0.491,-0.126,-0.503,0.409,-0.738,-0.45,0.383,-0.613,-0.693,-0.439,0.203,0.056,0.107,0.598,0.285,-0.005,-0.316,0.483,-0.068,-0.142,-0.158,-0.696,-0.518,-0.379,-0.155,0.184,0.149,0.766,-0.529,-0.407,0.444,0.184,-0.013,-0.439,0.724,0.685,0.698,0.633,0.214,0.437,-0.121,0.007,-0.359,0.48,-0.062,0.301,-0.157,0.485,0.295,0.275,-0.134,0.665,0.418,0.559,0.13,0.026,-0.108,-0.541,0.167,-0.248,0.377,0.134,0.223,-0.584,-0.326,-0.168,-0.315,-0.085,0.31,0.064,-0.615,0.65,-0.186,0.146,0.572,0.038,-0.013,0.048,-0.595,0.445,0.476,-0.62,-0.31,0.701,-0.009,0.281,-0.256,-0.557,-0.311,0.391,-0.303,-0.609,-0.325,0.408,-0.355,0.238,0.219,-0.175,-0.47,0.433,-0.332,-0.333,-0.151,0.443,-0.363,-0.007,-0.48,-0.393,-0.643,0.049,0.162,-0.108,0.013,-0.522,-0.525,0.09,-0.221,-0.654,-0.391,-0.312,0.376,0.013,-0.365,0.315,-0.079,-0.421,-0.45,-0.293,0.283,0.089,-0.061,-0.206,-0.388,0.615,-0.192,0.441,0.209,-0.663,-0.177,0.064,0.453,-0.089,0.34,0.215
ADAP,0.427,0.0,0.229,0.286,-0.338,0.479,0.781,-0.683,-0.85,-0.855,0.854,0.77,0.642,0.568,-0.495,0.13,0.517,-0.846,-0.856,-0.54,0.461,-0.364,-0.031,0.564,-0.276,0.733,0.335,0.261,-0.038,-0.061,0.143,0.469,0.682,-0.225,-0.254,0.874,0.094,-0.797,0.79,-0.731,0.475,-0.855,0.837,-0.852,0.7,-0.684,0.31,0.317,0.17,0.316,-0.53,-0.318,-0.717,-0.491,0.745,0.754,0.076,-0.841,-0.315,0.385,-0.278,0.337,-0.485,-0.392,-0.312,0.188,-0.681,-0.223,0.325,0.155,0.868,-0.774,0.211,0.776,-0.782,-0.1,0.73,-0.209,-0.171,-0.312,-0.756,0.881,0.399,0.338,0.338,0.48,0.85,0.829,0.503,-0.385,0.622,0.372,0.374,0.333,-0.338,0.774,-0.776,0.309,-0.87,0.744,0.751,0.853,0.215,-0.359,-0.444,-0.606,-0.79,0.558,0.721,0.385,0.228,-0.266,0.614,-0.818,-0.62,-0.746,-0.546,-0.742,-0.591,-0.201,-0.441,-0.894,-0.829,0.712,0.745,-0.655,-0.071,0.703,-0.825,-0.659,0.334,-0.565,0.663,-0.712,-0.262,-0.34,-0.358,-0.469,-0.346,0.821,0.737,-0.588,0.444,0.184,-0.908,-0.464,0.546,-0.345,0.367,0.884,-0.602,-0.503,-0.511,0.509,0.258,-0.201,-0.021,0.436,-0.84,-0.287,0.43,0.727,-0.175,0.171,-0.208,0.804,-0.673,-0.718,-0.787,-0.033,0.188,0.698,0.622,-0.428,0.069,0.404,0.043,-0.789,-0.517,0.911,0.769,0.155,-0.355,-0.141,-0.516,-0.768,-0.744,-0.82,-0.692,0.828,-0.447,0.26,-0.161,-0.162,-0.168,0.751,-0.061,-0.457,0.909,-0.675
ADI,0.429,0.229,0.0,-0.474,0.041,0.015,0.088,0.272,-0.03,-0.077,-0.048,-0.054,0.108,0.218,0.234,0.117,-0.194,0.16,-0.258,0.392,0.163,0.058,0.661,0.456,0.048,0.195,-0.049,-0.158,-0.248,-0.001,-0.242,0.711,0.216,0.242,0.48,0.136,0.029,0.212,-0.108,0.128,-0.008,-0.02,0.06,0.057,0.105,0.115,0.511,0.311,-0.259,-0.054,0.48,-0.07,0.159,0.414,0.067,-0.236,0.284,0.094,0.107,0.393,-0.004,-0.004,0.284,0.147,-0.095,-0.303,0.255,0.298,-0.394,0.29,0.174,0.179,0.005,0.157,0.064,0.263,-0.091,0.014,-0.11,-0.041,0.263,0.12,0.379,-0.029,-0.075,-0.101,-0.056,-0.02,0.37,-0.224,0.302,0.354,0.48,-0.009,0.308,-0.063,0.262,0.315,-0.228,-0.022,-0.008,0.075,-0.572,0.067,0.288,0.084,0.264,0.779,0.454,0.557,0.102,0.743,0.103,0.027,0.454,0.147,0.2,0.195,0.256,0.132,0.37,0.073,0.236,0.01,-0.084,0.362,0.218,0.065,0.09,0.157,-0.115,0.054,-0.097,0.32,0.134,0.243,0.47,0.18,0.25,0.284,-0.116,0.199,0.072,0.028,-0.024,0.246,0.064,0.114,0.191,0.11,-0.113,0.067,0.348,-0.049,-0.085,0.217,0.384,0.17,-0.043,0.225,0.067,-0.108,0.023,0.18,0.051,0.055,-0.028,0.31,0.097,0.169,-0.119,-0.402,-0.053,-0.037,0.135,0.127,0.675,0.104,0.176,0.013,0.199,-0.067,0.347,0.342,0.001,0.146,0.282,0.163,-0.054,0.229,0.224,0.307,0.002,-0.049,0.386,0.358,0.131,-0.104,0.35,0.103
ADPT,-0.357,0.286,-0.474,0.0,0.24,0.182,0.499,-0.611,-0.409,-0.286,0.361,0.52,0.507,0.361,-0.515,0.077,0.74,-0.374,-0.153,-0.189,0.395,0.227,-0.139,0.101,0.127,0.362,0.407,0.625,0.231,0.494,0.629,-0.323,0.437,-0.228,-0.711,0.313,0.452,-0.479,0.549,-0.218,0.605,-0.21,0.275,-0.45,0.194,-0.647,0.189,0.199,0.515,0.585,-0.485,0.312,-0.599,-0.729,0.481,0.625,-0.219,-0.48,0.111,-0.217,0.273,0.609,-0.626,0.051,0.282,0.693,-0.586,-0.272,0.295,-0.053,0.324,-0.546,0.272,0.198,-0.461,-0.122,0.572,0.362,0.365,0.301,-0.479,0.48,0.225,-0.187,0.658,0.565,0.318,0.483,0.307,0.176,0.051,-0.36,-0.529,-0.2,-0.571,0.229,-0.564,0.08,-0.118,0.113,0.52,0.247,0.366,-0.626,-0.504,-0.457,-0.554,-0.288,-0.002,-0.269,-0.052,-0.363,0.463,-0.116,-0.718,-0.426,-0.648,-0.565,-0.641,0.246,-0.19,-0.476,-0.387,0.634,0.233,-0.577,0.147,0.202,-0.425,-0.694,0.127,-0.192,0.684,-0.685,0.09,-0.557,-0.68,0.055,0.072,-0.078,0.657,-0.464,0.483,0.538,-0.352,-0.617,0.622,0.145,0.516,0.115,0.033,-0.397,-0.649,0.364,0.594,-0.708,0.08,0.186,-0.357,-0.396,0.548,0.571,0.27,0.352,0.398,0.506,-0.464,-0.45,-0.494,0.448,0.372,0.586,0.41,0.085,0.448,0.603,-0.526,-0.515,-0.045,0.463,0.467,0.315,-0.121,-0.101,-0.297,-0.525,-0.617,-0.501,-0.094,0.122,-0.108,-0.082,-0.128,0.409,-0.064,0.355,-0.36,-0.157,0.261,-0.543
ADTN,-0.515,-0.338,0.041,0.24,0.0,0.216,0.171,0.194,0.149,0.215,-0.258,-0.01,0.08,0.128,-0.097,0.339,0.341,0.404,0.468,0.634,0.408,0.667,0.143,0.145,0.78,0.005,0.473,0.562,0.261,0.615,0.558,-0.325,0.244,0.405,-0.07,-0.269,0.721,0.245,-0.132,0.585,0.422,0.51,-0.393,0.121,-0.176,-0.118,0.237,0.092,0.461,0.519,0.27,0.794,-0.079,-0.046,-0.176,-0.136,-0.378,0.275,0.779,-0.356,0.816,0.516,-0.146,0.763,0.804,0.457,0.034,0.071,-0.366,-0.214,-0.191,0.078,0.489,-0.466,0.136,0.154,0.118,0.829,0.697,0.442,0.247,-0.127,0.122,-0.544,0.43,0.39,-0.348,-0.172,0.192,0.601,-0.477,-0.526,-0.401,-0.6,-0.17,-0.504,0.249,0.205,0.435,-0.466,0.12,-0.189,-0.163,-0.393,-0.104,-0.105,0.256,-0.226,-0.296,-0.446,0.163,0.349,0.319,0.552,0.123,0.426,-0.242,0.065,-0.009,0.746,0.51,0.301,0.483,0.035,-0.217,0.147,0.71,-0.568,0.291,-0.011,-0.41,0.311,0.156,0.127,0.74,-0.205,-0.186,0.691,0.723,-0.661,-0.138,-0.066,0.212,0.589,0.363,-0.264,0.329,0.759,0.398,-0.399,0.456,-0.055,0.055,0.074,0.466,-0.383,0.623,0.222,0.248,-0.069,0.382,0.03,0.613,0.618,0.847,0.059,-0.151,0.416,0.155,0.622,0.532,-0.176,0.158,0.798,0.498,0.361,0.094,0.116,0.585,-0.393,0.141,0.5,0.525,0.317,0.108,0.063,0.246,0.284,0.61,-0.53,0.354,-0.113,-0.101,0.738,0.471,0.107,-0.106,0.449,-0.229,-0.072
AGEN,0.169,0.479,0.015,0.182,0.216,0.0,0.572,-0.454,-0.482,-0.53,0.451,0.661,0.528,0.619,-0.395,0.48,0.424,-0.481,-0.176,-0.363,0.476,-0.304,-0.462,0.35,0.134,0.483,0.397,0.322,0.443,-0.16,0.288,-0.074,0.419,0.265,-0.179,0.433,0.312,-0.609,0.676,-0.384,0.227,-0.284,0.436,-0.445,0.735,-0.426,0.146,-0.121,0.647,0.347,-0.26,0.003,-0.621,-0.453,0.115,0.577,-0.065,-0.453,0.103,0.178,0.027,0.398,-0.382,-0.124,0.166,0.471,-0.463,-0.453,0.216,-0.127,0.347,-0.616,0.7,0.435,-0.479,-0.439,0.619,0.083,0.442,-0.439,-0.49,0.573,-0.026,0.269,0.139,0.307,0.666,0.525,0.157,0.375,0.174,-0.182,-0.02,0.332,-0.475,0.539,-0.528,0.427,-0.262,0.638,0.645,0.521,0.323,-0.2,-0.137,-0.499,-0.513,0.287,0.446,0.033,0.595,-0.179,0.649,-0.505,-0.331,-0.21,-0.322,-0.406,-0.319,0.236,-0.359,-0.429,-0.42,0.254,0.719,-0.358,0.092,0.413,-0.288,-0.228,0.199,0.038,0.484,-0.425,0.049,-0.085,-0.185,-0.177,-0.092,0.188,0.2,-0.367,0.194,0.148,-0.533,-0.317,0.279,-0.069,0.265,0.436,0.048,-0.148,-0.388,0.288,0.441,-0.202,-0.035,0.227,-0.282,0.093,0.133,0.682,-0.17,0.185,0.132,0.556,-0.299,-0.496,-0.52,-0.108,0.467,0.584,0.639,0.215,-0.206,0.077,0.278,-0.345,-0.163,0.449,0.491,0.178,-0.193,-0.203,-0.021,-0.543,-0.315,-0.432,-0.206,0.243,-0.149,0.369,-0.279,0.077,-0.167,0.438,0.38,0.224,0.303,-0.429
ALGN,-0.039,0.781,0.088,0.499,0.171,0.572,0.0,-0.723,-0.779,-0.755,0.748,0.82,0.698,0.599,-0.722,0.349,0.827,-0.705,-0.581,-0.247,0.775,0.073,-0.021,0.667,0.239,0.776,0.695,0.707,0.08,0.342,0.587,0.187,0.837,-0.008,-0.456,0.773,0.577,-0.74,0.789,-0.399,0.762,-0.576,0.657,-0.871,0.628,-0.85,0.37,0.409,0.437,0.737,-0.479,0.223,-0.84,-0.7,0.691,0.752,-0.329,-0.759,0.17,0.016,0.24,0.708,-0.668,0.063,0.216,0.581,-0.794,-0.273,0.199,-0.073,0.819,-0.81,0.545,0.514,-0.774,-0.064,0.889,0.342,0.285,-0.043,-0.702,0.842,0.363,-0.077,0.66,0.803,0.649,0.782,0.578,-0.028,0.274,-0.012,0.033,-0.03,-0.525,0.488,-0.696,0.42,-0.639,0.491,0.897,0.772,0.156,-0.658,-0.627,-0.78,-0.708,0.311,0.487,0.018,0.341,-0.241,0.837,-0.517,-0.703,-0.53,-0.837,-0.831,-0.699,0.242,-0.142,-0.802,-0.624,0.781,0.674,-0.673,0.358,0.349,-0.733,-0.741,0.059,-0.516,0.811,-0.704,0.208,-0.509,-0.659,-0.057,-0.007,0.385,0.775,-0.729,0.557,0.59,-0.733,-0.751,0.836,0.134,0.564,0.684,-0.414,-0.566,-0.598,0.656,0.568,-0.509,0.264,0.635,-0.774,-0.446,0.711,0.827,0.212,0.565,0.288,0.899,-0.86,-0.59,-0.82,0.383,0.64,0.674,0.797,0.1,0.399,0.693,-0.036,-0.848,-0.28,0.723,0.901,0.538,-0.093,0.117,-0.594,-0.826,-0.718,-0.694,-0.485,0.483,-0.348,0.144,-0.237,0.356,0.092,0.856,-0.225,-0.35,0.794,-0.807
ALLK,0.045,-0.683,0.272,-0.611,0.194,-0.454,-0.723,0.0,0.783,0.746,-0.721,-0.863,-0.731,-0.594,0.768,-0.278,-0.633,0.83,0.607,0.615,-0.46,0.27,0.324,-0.231,0.194,-0.731,-0.305,-0.419,-0.124,-0.02,-0.345,0.096,-0.598,0.311,0.718,-0.653,-0.173,0.887,-0.897,0.709,-0.479,0.645,-0.675,0.767,-0.619,0.808,-0.091,-0.048,-0.478,-0.453,0.729,0.168,0.844,0.892,-0.565,-0.862,0.071,0.886,0.282,-0.198,0.108,-0.495,0.748,0.379,0.13,-0.485,0.859,0.502,-0.456,0.09,-0.596,0.888,-0.397,-0.626,0.788,0.376,-0.848,0.06,-0.203,0.29,0.827,-0.84,-0.045,-0.088,-0.487,-0.504,-0.754,-0.852,-0.291,0.067,-0.262,0.118,0.185,-0.281,0.649,-0.727,0.894,-0.245,0.609,-0.658,-0.798,-0.6,-0.462,0.534,0.467,0.759,0.875,-0.111,-0.476,-0.153,-0.234,0.509,-0.646,0.688,0.812,0.703,0.704,0.816,0.788,-0.06,0.592,0.858,0.82,-0.689,-0.671,0.808,0.02,-0.55,0.743,0.757,-0.221,0.522,-0.689,0.856,0.251,0.504,0.626,0.385,0.454,-0.443,-0.751,0.719,-0.53,-0.264,0.84,0.675,-0.579,0.311,-0.421,-0.604,0.28,0.54,0.887,-0.481,-0.488,0.579,0.157,-0.337,0.7,0.378,-0.385,-0.869,0.217,-0.085,-0.001,-0.748,0.599,0.905,0.892,-0.026,-0.344,-0.799,-0.754,0.24,-0.03,-0.41,0.315,0.785,0.474,-0.848,-0.73,-0.099,0.327,0.282,0.544,0.876,0.845,0.817,0.622,-0.539,0.314,-0.05,0.33,0.009,0.401,-0.6,0.132,0.381,-0.622,0.787
AMD,-0.12,-0.85,-0.03,-0.409,0.149,-0.482,-0.779,0.783,0.0,0.92,-0.898,-0.879,-0.799,-0.701,0.741,-0.313,-0.639,0.826,0.772,0.453,-0.517,0.232,0.183,-0.332,0.158,-0.828,-0.376,-0.449,-0.121,-0.14,-0.266,-0.118,-0.781,0.393,0.529,-0.728,-0.236,0.845,-0.805,0.722,-0.651,0.795,-0.741,0.878,-0.567,0.877,-0.202,-0.063,-0.381,-0.46,0.736,0.198,0.876,0.679,-0.753,-0.806,-0.021,0.932,0.289,-0.434,0.043,-0.509,0.774,0.235,0.134,-0.271,0.865,0.286,-0.274,0.09,-0.716,0.91,-0.347,-0.558,0.844,0.129,-0.883,0.052,-0.072,0.308,0.84,-0.897,-0.29,-0.164,-0.602,-0.644,-0.792,-0.902,-0.585,0.15,-0.316,-0.078,-0.133,-0.158,0.509,-0.73,0.88,-0.209,0.791,-0.645,-0.838,-0.766,-0.344,0.625,0.566,0.819,0.891,-0.331,-0.601,-0.231,-0.255,0.288,-0.674,0.75,0.712,0.778,0.693,0.862,0.816,-0.039,0.489,0.915,0.826,-0.796,-0.647,0.837,-0.193,-0.467,0.856,0.84,-0.082,0.65,-0.658,0.877,0.139,0.659,0.554,0.377,0.342,-0.623,-0.753,0.853,-0.656,-0.338,0.922,0.69,-0.654,0.272,-0.604,-0.806,0.426,0.777,0.719,-0.494,-0.483,0.521,-0.055,-0.583,0.851,0.48,-0.573,-0.821,0.171,-0.156,-0.023,-0.833,0.736,0.797,0.848,-0.091,-0.298,-0.748,-0.813,0.297,-0.085,-0.479,0.135,0.821,0.368,-0.844,-0.869,-0.138,0.193,0.267,0.624,0.936,0.842,0.918,0.479,-0.702,0.332,0.069,0.421,0.062,0.313,-0.634,0.198,0.297,-0.797,0.896
AMWD,-0.286,-0.855,-0.077,-0.286,0.215,-0.53,-0.755,0.746,0.92,0.0,-0.88,-0.823,-0.626,-0.635,0.631,-0.202,-0.545,0.863,0.758,0.549,-0.423,0.346,0.213,-0.386,0.251,-0.733,-0.297,-0.312,-0.068,0.047,-0.133,-0.255,-0.653,0.317,0.374,-0.78,-0.14,0.84,-0.8,0.726,-0.519,0.821,-0.789,0.878,-0.607,0.759,-0.124,-0.157,-0.329,-0.333,0.665,0.279,0.814,0.585,-0.693,-0.777,0.024,0.902,0.316,-0.338,0.17,-0.371,0.609,0.331,0.215,-0.221,0.778,0.279,-0.225,-0.028,-0.774,0.853,-0.302,-0.572,0.802,0.128,-0.793,0.154,-0.013,0.323,0.836,-0.878,-0.253,-0.301,-0.425,-0.549,-0.845,-0.833,-0.5,0.212,-0.418,-0.195,-0.29,-0.266,0.402,-0.728,0.879,-0.207,0.783,-0.697,-0.792,-0.823,-0.273,0.452,0.54,0.722,0.893,-0.381,-0.523,-0.193,-0.285,0.346,-0.617,0.83,0.645,0.818,0.631,0.813,0.699,0.088,0.538,0.881,0.86,-0.703,-0.751,0.784,-0.02,-0.575,0.868,0.729,-0.268,0.568,-0.604,0.776,0.223,0.504,0.486,0.507,0.389,-0.692,-0.683,0.74,-0.464,-0.208,0.925,0.634,-0.541,0.348,-0.4,-0.859,0.553,0.622,0.622,-0.413,-0.32,0.382,0.04,-0.449,0.815,0.34,-0.428,-0.769,0.173,-0.101,0.101,-0.802,0.722,0.767,0.808,0.039,-0.25,-0.75,-0.713,0.351,-0.018,-0.381,0.113,0.798,0.479,-0.834,-0.779,-0.13,0.323,0.272,0.516,0.852,0.814,0.919,0.588,-0.718,0.445,-0.082,0.305,0.128,0.323,-0.614,0.086,0.343,-0.805,0.768
ARDX,0.254,0.854,-0.048,0.361,-0.258,0.451,0.748,-0.721,-0.898,-0.88,0.0,0.768,0.606,0.507,-0.64,0.083,0.593,-0.891,-0.784,-0.58,0.4,-0.307,-0.279,0.366,-0.212,0.702,0.315,0.38,0.045,0.038,0.147,0.16,0.658,-0.462,-0.437,0.773,0.136,-0.836,0.751,-0.768,0.575,-0.88,0.801,-0.884,0.549,-0.777,0.07,0.106,0.224,0.395,-0.797,-0.259,-0.781,-0.564,0.76,0.762,-0.055,-0.902,-0.343,0.296,-0.186,0.343,-0.67,-0.311,-0.207,0.174,-0.804,-0.212,0.34,-0.042,0.754,-0.846,0.153,0.548,-0.812,-0.147,0.793,-0.169,-0.142,-0.304,-0.874,0.801,0.29,0.352,0.47,0.583,0.795,0.843,0.461,-0.229,0.449,0.31,0.296,0.213,-0.445,0.712,-0.826,0.075,-0.815,0.693,0.733,0.836,0.405,-0.465,-0.56,-0.696,-0.858,0.334,0.545,0.148,0.216,-0.415,0.562,-0.793,-0.731,-0.732,-0.639,-0.824,-0.729,-0.155,-0.443,-0.931,-0.892,0.749,0.696,-0.851,0.042,0.513,-0.885,-0.779,0.17,-0.712,0.633,-0.815,-0.219,-0.562,-0.545,-0.52,-0.405,0.682,0.78,-0.777,0.5,0.2,-0.883,-0.604,0.586,-0.344,0.408,0.91,-0.571,-0.707,-0.634,0.555,0.311,-0.375,-0.108,0.519,-0.886,-0.489,0.527,0.716,-0.145,0.067,-0.109,0.744,-0.717,-0.765,-0.798,-0.004,0.265,0.788,0.696,-0.392,0.027,0.423,-0.194,-0.831,-0.5,0.81,0.739,0.132,-0.377,-0.348,-0.524,-0.855,-0.847,-0.878,-0.561,0.743,-0.472,-0.091,-0.297,-0.144,-0.32,0.534,-0.203,-0.341,0.796,-0.809
ARQT,0.038,0.77,-0.054,0.52,-0.01,0.661,0.82,-0.863,-0.879,-0.823,0.768,0.0,0.873,0.743,-0.801,0.519,0.667,-0.78,-0.633,-0.464,0.649,-0.236,-0.271,0.357,-0.024,0.842,0.441,0.502,0.264,0.089,0.372,-0.029,0.749,-0.143,-0.63,0.683,0.339,-0.924,0.944,-0.703,0.568,-0.647,0.689,-0.816,0.713,-0.884,0.274,0.002,0.608,0.566,-0.672,-0.089,-0.953,-0.827,0.556,0.837,0.005,-0.893,-0.122,0.316,0.035,0.667,-0.801,-0.204,-0.001,0.477,-0.896,-0.585,0.288,-0.139,0.642,-0.964,0.633,0.613,-0.872,-0.284,0.943,0.076,0.336,-0.366,-0.837,0.919,0.093,0.073,0.568,0.598,0.818,0.903,0.418,0.038,0.216,-0.154,-0.116,0.227,-0.689,0.706,-0.875,0.39,-0.655,0.723,0.946,0.685,0.381,-0.622,-0.445,-0.867,-0.856,0.288,0.621,0.261,0.395,-0.322,0.849,-0.679,-0.707,-0.635,-0.701,-0.831,-0.804,0.254,-0.508,-0.853,-0.768,0.721,0.711,-0.777,0.174,0.519,-0.736,-0.766,0.136,-0.459,0.74,-0.826,-0.085,-0.528,-0.546,-0.277,-0.352,0.437,0.68,-0.768,0.662,0.377,-0.893,-0.666,0.669,-0.201,0.582,0.675,-0.206,-0.607,-0.828,0.526,0.651,-0.611,-0.048,0.473,-0.721,-0.362,0.501,0.978,-0.171,0.225,0.108,0.856,-0.667,-0.834,-0.922,0.128,0.46,0.759,0.892,-0.09,0.038,0.481,-0.091,-0.809,-0.351,0.81,0.867,0.177,-0.121,-0.264,-0.544,-0.934,-0.803,-0.825,-0.524,0.531,-0.232,0.125,-0.508,0.065,-0.259,0.736,0.026,-0.261,0.686,-0.874
ASTE,-0.07,0.642,0.108,0.507,0.08,0.528,0.698,-0.731,-0.799,-0.626,0.606,0.873,0.0,0.802,-0.748,0.572,0.621,-0.544,-0.514,-0.183,0.705,-0.03,-0.067,0.311,0.111,0.807,0.403,0.536,0.212,0.283,0.418,-0.025,0.775,-0.11,-0.602,0.535,0.448,-0.729,0.781,-0.552,0.598,-0.45,0.555,-0.624,0.606,-0.824,0.481,-0.049,0.583,0.622,-0.494,0.036,-0.819,-0.727,0.529,0.695,0.134,-0.747,-0.005,0.437,0.17,0.717,-0.764,-0.028,0.117,0.424,-0.771,-0.451,0.193,-0.126,0.485,-0.818,0.606,0.524,-0.739,-0.246,0.858,0.197,0.366,-0.271,-0.619,0.823,0.195,-0.1,0.641,0.55,0.616,0.803,0.464,0.105,0.151,-0.218,-0.227,0.127,-0.611,0.591,-0.685,0.382,-0.562,0.551,0.83,0.452,0.259,-0.696,-0.327,-0.795,-0.655,0.332,0.697,0.365,0.323,-0.021,0.81,-0.478,-0.531,-0.441,-0.583,-0.671,-0.697,0.43,-0.261,-0.704,-0.534,0.707,0.462,-0.576,0.346,0.343,-0.554,-0.711,-0.101,-0.383,0.656,-0.716,0.086,-0.51,-0.413,-0.009,-0.185,0.319,0.609,-0.705,0.754,0.431,-0.731,-0.567,0.696,-0.012,0.783,0.483,-0.013,-0.594,-0.739,0.445,0.726,-0.663,0.13,0.555,-0.608,-0.353,0.589,0.854,-0.177,0.275,0.288,0.748,-0.51,-0.667,-0.797,0.319,0.447,0.542,0.822,0.022,0.137,0.545,0.065,-0.63,-0.078,0.703,0.839,0.11,0.114,-0.109,-0.519,-0.821,-0.634,-0.645,-0.322,0.432,-0.051,0.068,-0.591,0.156,-0.107,0.682,-0.053,-0.187,0.615,-0.813
AUPH,0.085,0.568,0.218,0.361,0.128,0.619,0.599,-0.594,-0.701,-0.635,0.507,0.743,0.802,0.0,-0.493,0.511,0.533,-0.52,-0.378,-0.196,0.493,-0.193,-0.119,0.364,-0.033,0.698,0.274,0.4,0.371,0.096,0.276,0.011,0.625,-0.038,-0.386,0.499,0.318,-0.578,0.705,-0.409,0.468,-0.341,0.476,-0.466,0.645,-0.606,0.31,-0.034,0.624,0.397,-0.288,-0.064,-0.671,-0.579,0.401,0.695,0.143,-0.615,-0.051,0.505,0.04,0.482,-0.539,-0.169,0.097,0.473,-0.546,-0.256,0.163,-0.038,0.375,-0.672,0.567,0.521,-0.488,-0.282,0.694,0.078,0.489,-0.277,-0.507,0.757,0.284,0.128,0.437,0.382,0.637,0.729,0.467,0.292,0.264,-0.225,-0.085,0.214,-0.47,0.599,-0.668,0.478,-0.342,0.524,0.672,0.437,0.169,-0.422,-0.133,-0.604,-0.636,0.383,0.529,0.265,0.392,0.068,0.656,-0.475,-0.396,-0.399,-0.392,-0.481,-0.508,0.354,-0.326,-0.539,-0.441,0.53,0.568,-0.454,0.257,0.408,-0.389,-0.494,0.15,-0.084,0.531,-0.616,-0.017,-0.33,-0.198,-0.126,-0.021,0.295,0.395,-0.515,0.466,0.302,-0.646,-0.435,0.457,-0.086,0.674,0.384,0.097,-0.385,-0.583,0.072,0.597,-0.474,0.24,0.325,-0.362,0.017,0.367,0.707,-0.168,0.234,0.251,0.626,-0.363,-0.568,-0.561,0.123,0.247,0.52,0.632,0.006,0.016,0.353,0.178,-0.381,0.025,0.648,0.69,0.007,-0.072,-0.179,-0.164,-0.671,-0.454,-0.598,-0.207,0.476,0.097,0.191,-0.373,0.033,-0.18,0.53,0.161,0.08,0.503,-0.622
AVXL,0.402,-0.495,0.234,-0.515,-0.097,-0.395,-0.722,0.768,0.741,0.631,-0.64,-0.801,-0.748,-0.493,0.0,-0.524,-0.701,0.564,0.465,0.232,-0.697,-0.149,0.207,-0.149,-0.229,-0.707,-0.539,-0.677,-0.102,-0.414,-0.523,0.283,-0.764,0.265,0.783,-0.474,-0.511,0.745,-0.692,0.482,-0.691,0.449,-0.489,0.751,-0.376,0.913,-0.194,0.035,-0.53,-0.724,0.709,-0.204,0.853,0.845,-0.522,-0.657,0.217,0.762,-0.042,-0.066,-0.331,-0.751,0.876,-0.127,-0.252,-0.466,0.93,0.468,-0.213,0.436,-0.464,0.841,-0.545,-0.221,0.789,0.072,-0.891,-0.331,-0.368,0.118,0.723,-0.688,-0.018,0.284,-0.767,-0.763,-0.478,-0.702,-0.393,-0.133,0.146,0.315,0.302,0.117,0.66,-0.388,0.691,-0.163,0.521,-0.401,-0.828,-0.499,-0.411,0.819,0.625,0.933,0.685,0.018,-0.347,0.033,-0.164,0.296,-0.733,0.387,0.723,0.507,0.817,0.838,0.855,-0.416,0.25,0.734,0.583,-0.729,-0.418,0.778,-0.439,-0.121,0.678,0.804,0.258,0.597,-0.556,0.747,-0.176,0.737,0.748,0.023,0.281,-0.136,-0.687,0.857,-0.724,-0.544,0.663,0.813,-0.766,-0.067,-0.634,-0.515,0.169,0.768,0.796,-0.626,-0.696,0.721,-0.077,-0.677,0.678,0.669,-0.669,-0.801,-0.093,-0.334,-0.341,-0.714,0.733,0.677,0.844,-0.363,-0.638,-0.597,-0.891,-0.121,-0.229,-0.608,0.352,0.793,0.197,-0.547,-0.801,-0.357,-0.094,0.116,0.72,0.885,0.728,0.659,0.313,-0.211,0.214,0.198,0.663,-0.327,0.182,-0.556,0.307,0.319,-0.509,0.898
AZTA,-0.336,0.13,0.117,0.077,0.339,0.48,0.349,-0.278,-0.313,-0.202,0.083,0.519,0.572,0.511,-0.524,0.0,0.289,-0.055,-0.027,0.114,0.618,0.092,-0.062,0.122,0.369,0.477,0.388,0.365,0.448,0.209,0.367,-0.261,0.477,0.313,-0.299,0.125,0.444,-0.301,0.34,-0.085,0.265,0.094,0.085,-0.193,0.404,-0.406,0.269,-0.227,0.577,0.448,-0.035,0.247,-0.423,-0.424,-0.096,0.262,0.026,-0.21,0.305,0.273,0.399,0.572,-0.426,0.218,0.359,0.347,-0.422,-0.422,-0.08,-0.524,0.006,-0.406,0.811,0.092,-0.221,-0.117,0.503,0.364,0.64,-0.255,-0.153,0.331,-0.09,-0.309,0.34,0.309,0.183,0.296,0.152,0.45,-0.333,-0.53,-0.34,-0.014,-0.413,0.191,-0.24,0.343,-0.042,0.273,0.543,0.136,0.164,-0.386,0.021,-0.56,-0.192,0.118,0.359,0.164,0.227,0.157,0.602,-0.027,-0.152,0.03,-0.254,-0.239,-0.3,0.627,-0.052,-0.141,-0.027,0.189,0.229,-0.113,0.49,-0.071,-0.037,-0.148,-0.264,0.033,0.2,-0.235,0.32,-0.19,-0.095,0.245,-0.012,-0.15,0.026,-0.346,0.419,0.352,-0.246,-0.269,0.321,0.212,0.454,0.066,0.373,-0.233,-0.32,0.151,0.538,-0.377,0.204,0.467,-0.036,-0.106,0.243,0.494,-0.066,0.315,0.381,0.313,-0.18,-0.24,-0.34,0.204,0.488,0.134,0.628,0.454,-0.074,0.23,0.202,-0.16,0.272,0.127,0.448,0.165,0.325,0.038,-0.238,-0.413,-0.069,-0.133,0.04,-0.112,0.248,0.145,-0.598,0.292,0.078,0.367,0.316,0.202,0.108,-0.415
BAND,-0.342,0.517,-0.194,0.74,0.341,0.424,0.827,-0.633,-0.639,-0.545,0.593,0.667,0.621,0.533,-0.701,0.289,0.0,-0.536,-0.306,-0.134,0.725,0.308,-0.08,0.473,0.382,0.562,0.728,0.861,0.181,0.598,0.776,-0.105,0.737,-0.082,-0.591,0.59,0.703,-0.577,0.627,-0.202,0.842,-0.36,0.446,-0.72,0.398,-0.817,0.34,0.408,0.532,0.817,-0.475,0.464,-0.744,-0.736,0.647,0.729,-0.455,-0.606,0.305,-0.179,0.424,0.763,-0.702,0.23,0.448,0.76,-0.744,-0.169,0.236,-0.18,0.612,-0.693,0.473,0.238,-0.605,0.014,0.797,0.537,0.405,0.28,-0.583,0.662,0.429,-0.213,0.798,0.869,0.46,0.616,0.531,0.187,0.088,-0.223,-0.251,-0.237,-0.536,0.311,-0.625,0.257,-0.357,0.244,0.765,0.569,0.253,-0.748,-0.695,-0.684,-0.639,-0.054,0.19,-0.308,0.11,-0.293,0.714,-0.252,-0.772,-0.452,-0.846,-0.769,-0.721,0.327,-0.05,-0.654,-0.47,0.819,0.48,-0.654,0.438,0.136,-0.601,-0.762,0.009,-0.39,0.82,-0.739,0.357,-0.636,-0.792,0.141,0.184,0.088,0.771,-0.708,0.526,0.705,-0.501,-0.817,0.846,0.348,0.629,0.427,-0.199,-0.56,-0.589,0.533,0.655,-0.649,0.309,0.583,-0.589,-0.551,0.8,0.688,0.411,0.63,0.502,0.748,-0.769,-0.474,-0.653,0.54,0.681,0.658,0.657,0.258,0.564,0.778,-0.287,-0.703,-0.044,0.553,0.757,0.598,-0.084,0.126,-0.481,-0.725,-0.664,-0.585,-0.193,0.268,-0.261,-0.023,-0.209,0.583,0.149,0.607,-0.395,-0.179,0.574,-0.752
BECN,-0.295,-0.846,0.16,-0.374,0.404,-0.481,-0.705,0.83,0.826,0.863,-0.891,-0.78,-0.544,-0.52,0.564,-0.055,-0.536,0.0,0.752,0.778,-0.311,0.5,0.385,-0.361,0.37,-0.668,-0.215,-0.256,-0.065,0.2,-0.119,-0.158,-0.497,0.367,0.451,-0.791,0.024,0.887,-0.841,0.821,-0.379,0.853,-0.805,0.838,-0.698,0.687,0.046,-0.119,-0.243,-0.262,0.756,0.385,0.75,0.659,-0.648,-0.853,0.069,0.908,0.431,-0.26,0.367,-0.231,0.576,0.548,0.335,-0.283,0.757,0.325,-0.474,-0.016,-0.745,0.838,-0.168,-0.722,0.758,0.323,-0.748,0.311,0.108,0.392,0.895,-0.832,-0.151,-0.432,-0.28,-0.417,-0.894,-0.846,-0.271,0.239,-0.512,-0.245,-0.236,-0.43,0.438,-0.827,0.897,-0.188,0.747,-0.787,-0.704,-0.802,-0.435,0.295,0.46,0.627,0.913,-0.266,-0.529,-0.165,-0.24,0.595,-0.514,0.887,0.762,0.787,0.583,0.786,0.666,0.271,0.635,0.916,0.944,-0.641,-0.822,0.823,0.202,-0.698,0.83,0.674,-0.404,0.599,-0.629,0.807,0.397,0.386,0.503,0.641,0.54,-0.714,-0.728,0.665,-0.292,-0.065,0.912,0.529,-0.437,0.491,-0.208,-0.845,0.549,0.488,0.689,-0.436,-0.219,0.289,0.273,-0.297,0.79,0.287,-0.294,-0.748,0.283,0.04,0.271,-0.723,0.609,0.896,0.816,0.195,-0.188,-0.852,-0.63,0.46,0.119,-0.268,0.221,0.791,0.653,-0.887,-0.644,-0.042,0.578,0.361,0.459,0.824,0.845,0.879,0.753,-0.773,0.501,-0.091,0.152,0.249,0.434,-0.538,0.055,0.377,-0.738,0.703
BFC,-0.422,-0.856,-0.258,-0.153,0.468,-0.176,-0.581,0.607,0.772,0.758,-0.784,-0.633,-0.514,-0.378,0.465,-0.027,-0.306,0.752,0.0,0.48,-0.243,0.363,-0.076,-0.314,0.452,-0.684,-0.083,-0.065,0.172,0.091,0.098,-0.448,-0.573,0.489,0.27,-0.706,0.148,0.685,-0.627,0.743,-0.367,0.885,-0.709,0.748,-0.433,0.615,-0.168,-0.223,0.075,-0.14,0.576,0.488,0.583,0.374,-0.699,-0.561,-0.16,0.798,0.532,-0.429,0.355,-0.206,0.446,0.427,0.537,0.086,0.615,0.144,-0.284,-0.15,-0.722,0.654,0.031,-0.605,0.71,0.01,-0.59,0.35,0.334,0.315,0.701,-0.737,-0.278,-0.284,-0.308,-0.344,-0.681,-0.741,-0.474,0.526,-0.523,-0.43,-0.409,-0.244,0.294,-0.648,0.653,-0.092,0.871,-0.588,-0.572,-0.693,-0.175,0.336,0.348,0.532,0.669,-0.574,-0.665,-0.499,-0.059,0.167,-0.394,0.73,0.523,0.717,0.442,0.67,0.602,0.269,0.456,0.828,0.766,-0.648,-0.483,0.668,0.095,-0.58,0.819,0.641,-0.158,0.72,-0.46,0.612,0.435,0.385,0.292,0.554,0.481,-0.825,-0.681,0.542,-0.474,-0.053,0.838,0.371,-0.449,0.507,-0.315,-0.809,0.619,0.596,0.472,-0.494,-0.144,0.189,0.122,-0.379,0.828,0.358,-0.354,-0.57,0.241,0.057,0.297,-0.65,0.607,0.639,0.686,0.084,0.054,-0.493,-0.52,0.646,-0.031,-0.333,0.084,0.754,0.572,-0.788,-0.671,0.06,0.257,0.254,0.591,0.669,0.704,0.742,0.669,-0.815,0.336,-0.041,0.234,0.351,0.306,-0.597,0.165,0.566,-0.835,0.621
BGC,-0.403,-0.54,0.392,-0.189,0.634,-0.363,-0.247,0.615,0.453,0.549,-0.58,-0.464,-0.183,-0.196,0.232,0.114,-0.134,0.778,0.48,0.0,0.123,0.778,0.6,-0.005,0.636,-0.259,0.159,0.18,-0.139,0.607,0.203,-0.017,-0.01,0.317,0.289,-0.533,0.448,0.691,-0.622,0.789,0.142,0.658,-0.607,0.458,-0.57,0.259,0.351,0.13,-0.134,0.186,0.611,0.638,0.409,0.431,-0.228,-0.648,-0.048,0.591,0.64,-0.242,0.685,0.19,0.233,0.83,0.57,-0.097,0.441,0.398,-0.561,-0.065,-0.381,0.548,0.047,-0.634,0.445,0.464,-0.354,0.653,0.266,0.522,0.663,-0.482,0.096,-0.663,0.217,0.047,-0.75,-0.542,0.161,0.209,-0.494,-0.268,-0.153,-0.685,0.339,-0.806,0.708,0.062,0.455,-0.77,-0.327,-0.483,-0.599,-0.146,0.128,0.25,0.702,-0.097,-0.339,-0.15,-0.092,0.703,-0.132,0.807,0.57,0.619,0.171,0.421,0.336,0.555,0.81,0.607,0.814,-0.22,-0.711,0.559,0.623,-0.744,0.527,0.272,-0.616,0.31,-0.323,0.575,0.701,0.03,0.215,0.818,0.67,-0.625,-0.378,0.272,0.06,0.363,0.65,0.146,0.057,0.739,0.275,-0.59,0.378,0.099,0.488,-0.137,0.163,-0.022,0.637,0.148,0.408,-0.026,0.226,-0.461,0.587,0.419,0.598,-0.323,0.135,0.79,0.506,0.614,0.134,-0.709,-0.265,0.594,0.517,0.209,0.273,0.403,0.683,-0.666,-0.152,0.27,0.783,0.602,0.088,0.475,0.595,0.635,0.658,-0.613,0.414,-0.182,-0.005,0.538,0.635,-0.12,-0.2,0.197,-0.341,0.286
BHF,-0.322,0.461,0.163,0.395,0.408,0.476,0.775,-0.46,-0.517,-0.423,0.4,0.649,0.705,0.493,-0.697,0.618,0.725,-0.311,-0.243,0.123,0.0,0.411,0.148,0.591,0.605,0.588,0.749,0.79,0.064,0.566,0.731,0.063,0.803,0.286,-0.373,0.49,0.825,-0.472,0.528,-0.134,0.699,-0.17,0.442,-0.607,0.474,-0.719,0.616,0.327,0.499,0.879,-0.214,0.556,-0.638,-0.568,0.45,0.468,-0.285,-0.467,0.55,-0.071,0.585,0.861,-0.583,0.44,0.562,0.587,-0.637,-0.285,-0.071,-0.28,0.551,-0.584,0.707,0.227,-0.566,0.071,0.762,0.652,0.442,0.123,-0.388,0.601,0.309,-0.416,0.689,0.76,0.328,0.473,0.406,0.174,-0.023,-0.235,-0.163,-0.19,-0.384,0.161,-0.367,0.417,-0.395,0.252,0.795,0.416,0.057,-0.729,-0.502,-0.721,-0.363,0.171,0.419,-0.014,0.193,0.011,0.861,-0.143,-0.428,-0.192,-0.702,-0.605,-0.483,0.605,0.207,-0.499,-0.247,0.645,0.38,-0.335,0.595,0.029,-0.413,-0.558,-0.236,-0.276,0.62,-0.427,0.59,-0.417,-0.549,0.398,0.165,0.024,0.542,-0.587,0.581,0.707,-0.414,-0.637,0.828,0.518,0.619,0.392,-0.123,-0.412,-0.414,0.604,0.659,-0.548,0.391,0.777,-0.502,-0.487,0.752,0.657,0.337,0.728,0.573,0.696,-0.675,-0.297,-0.646,0.633,0.85,0.364,0.742,0.495,0.471,0.744,0.085,-0.605,0.104,0.386,0.771,0.623,0.278,0.38,-0.554,-0.62,-0.42,-0.338,-0.232,0.06,-0.19,0.164,-0.429,0.657,0.431,0.76,-0.153,-0.237,0.541,-0.659
BHFAL,-0.692,-0.364,0.058,0.227,0.667,-0.304,0.073,0.27,0.232,0.346,-0.307,-0.236,-0.03,-0.193,-0.149,0.092,0.308,0.5,0.363,0.778,0.411,0.0,0.473,0.116,0.793,-0.126,0.453,0.573,-0.207,0.879,0.579,-0.141,0.227,0.205,-0.113,-0.278,0.725,0.406,-0.36,0.642,0.488,0.486,-0.378,0.093,-0.461,-0.115,0.409,0.345,0.034,0.56,0.253,0.885,0.102,0.027,0.081,-0.309,-0.451,0.296,0.759,-0.538,0.846,0.489,-0.086,0.908,0.766,0.26,0.044,0.266,-0.384,-0.194,-0.093,0.238,0.131,-0.565,0.147,0.513,-0.016,0.874,0.3,0.732,0.353,-0.24,0.228,-0.816,0.557,0.466,-0.605,-0.336,0.228,0.186,-0.462,-0.323,-0.355,-0.795,0.114,-0.703,0.408,-0.01,0.275,-0.706,-0.031,-0.29,-0.321,-0.504,-0.333,-0.052,0.393,-0.325,-0.372,-0.46,-0.212,0.368,0.112,0.695,0.093,0.35,-0.3,-0.0,-0.003,0.59,0.758,0.265,0.524,0.165,-0.511,0.189,0.705,-0.71,0.188,-0.111,-0.603,0.022,0.042,0.207,0.827,-0.289,-0.329,0.852,0.638,-0.613,0.045,-0.071,0.258,0.672,0.459,-0.265,0.435,0.887,0.387,-0.372,0.148,-0.13,0.175,0.234,0.343,-0.318,0.61,0.417,0.1,-0.425,0.576,-0.193,0.799,0.644,0.769,-0.035,-0.246,0.517,0.16,0.83,0.51,-0.348,-0.016,0.676,0.78,0.549,-0.142,0.016,0.548,-0.426,0.091,0.599,0.65,0.648,-0.243,0.153,0.193,0.375,0.474,-0.569,0.14,-0.268,-0.064,0.84,0.671,0.077,-0.558,-0.058,-0.144,-0.039
BKNG,0.008,-0.031,0.661,-0.139,0.143,-0.462,-0.021,0.324,0.183,0.213,-0.279,-0.271,-0.067,-0.119,0.207,-0.062,-0.08,0.385,-0.076,0.6,0.148,0.473,0.0,0.375,0.233,-0.009,0.027,0.018,-0.463,0.379,0.027,0.56,0.177,0.192,0.3,-0.017,0.174,0.423,-0.323,0.423,0.132,0.183,-0.202,0.139,-0.311,0.105,0.563,0.51,-0.352,0.123,0.496,0.266,0.279,0.366,0.131,-0.376,0.111,0.259,0.277,0.057,0.272,0.119,0.24,0.43,0.104,-0.193,0.288,0.348,-0.537,0.329,0.085,0.35,-0.165,-0.157,0.137,0.501,-0.218,0.304,-0.15,0.452,0.452,-0.096,0.443,-0.489,0.165,0.042,-0.403,-0.258,0.396,-0.337,0.066,0.223,0.151,-0.386,0.337,-0.422,0.427,0.117,-0.073,-0.441,-0.142,-0.203,-0.631,-0.132,0.083,0.172,0.433,0.343,0.058,0.31,-0.266,0.627,-0.025,0.414,0.376,0.188,0.019,0.187,0.227,0.191,0.611,0.207,0.415,0.104,-0.44,0.41,0.336,-0.188,0.145,0.042,-0.271,-0.028,-0.061,0.347,0.33,0.057,0.18,0.496,0.462,-0.001,0.006,0.216,0.164,0.352,0.256,0.112,0.229,0.402,0.164,-0.194,-0.135,0.029,0.371,0.048,-0.042,0.0,0.532,0.16,0.032,-0.062,0.237,-0.275,0.392,0.4,0.23,-0.04,-0.099,0.508,0.194,0.52,-0.046,-0.581,-0.238,0.074,0.549,0.396,0.297,0.087,0.245,-0.167,0.097,0.162,0.549,0.559,-0.169,0.292,0.273,0.282,0.094,-0.045,0.224,0.07,0.17,0.297,0.62,0.296,-0.284,-0.292,0.215,0.157
BL,0.192,0.564,0.456,0.101,0.145,0.35,0.667,-0.231,-0.332,-0.386,0.366,0.357,0.311,0.364,-0.149,0.122,0.473,-0.361,-0.314,-0.005,0.591,0.116,0.375,0.0,0.323,0.439,0.524,0.425,-0.154,0.168,0.369,0.574,0.534,0.451,0.104,0.594,0.468,-0.254,0.383,-0.041,0.444,-0.265,0.415,-0.487,0.535,-0.312,0.541,0.571,0.119,0.486,0.07,0.276,-0.323,-0.142,0.422,0.318,-0.219,-0.303,0.369,0.022,0.16,0.338,-0.118,0.155,0.229,0.321,-0.21,-0.036,-0.149,0.25,0.679,-0.295,0.321,0.432,-0.37,0.103,0.397,0.3,0.017,0.054,-0.177,0.506,0.507,-0.092,0.252,0.425,0.345,0.321,0.425,-0.187,0.421,0.29,0.296,-0.003,-0.014,0.18,-0.198,0.538,-0.464,0.268,0.488,0.506,-0.261,-0.204,-0.277,-0.266,-0.213,0.45,0.424,0.137,0.289,0.031,0.567,-0.256,-0.148,-0.117,-0.429,-0.358,-0.068,0.136,0.243,-0.385,-0.214,0.383,0.509,-0.066,0.284,0.323,-0.293,-0.234,0.176,-0.154,0.538,-0.157,0.353,0.009,-0.22,0.168,0.305,0.34,0.36,-0.232,0.149,0.485,-0.332,-0.268,0.511,0.317,0.214,0.444,-0.418,-0.044,-0.049,0.398,0.203,-0.044,0.415,0.402,-0.419,-0.081,0.427,0.372,0.298,0.626,0.149,0.554,-0.523,-0.108,-0.395,0.324,0.449,0.201,0.299,0.194,0.373,0.475,0.407,-0.413,-0.135,0.418,0.54,0.5,0.017,0.43,-0.217,-0.304,-0.214,-0.223,-0.405,0.338,-0.259,0.374,0.214,0.332,0.524,0.743,-0.078,-0.295,0.627,-0.304
BOKF,-0.642,-0.276,0.048,0.127,0.78,0.134,0.239,0.194,0.158,0.251,-0.212,-0.024,0.111,-0.033,-0.229,0.369,0.382,0.37,0.452,0.636,0.605,0.793,0.233,0.323,0.0,0.017,0.625,0.67,0.003,0.683,0.657,-0.22,0.293,0.528,-0.089,-0.172,0.848,0.224,-0.167,0.554,0.432,0.482,-0.299,0.017,-0.117,-0.157,0.426,0.146,0.279,0.696,0.218,0.925,-0.068,-0.062,-0.067,-0.187,-0.496,0.233,0.905,-0.431,0.875,0.569,-0.188,0.901,0.912,0.402,-0.05,-0.028,-0.355,-0.329,-0.052,0.058,0.502,-0.426,0.014,0.252,0.155,0.913,0.487,0.409,0.261,-0.132,0.06,-0.727,0.466,0.481,-0.384,-0.239,0.143,0.408,-0.515,-0.391,-0.372,-0.601,-0.049,-0.533,0.327,0.243,0.231,-0.407,0.181,-0.148,-0.202,-0.433,-0.252,-0.198,0.322,-0.255,-0.17,-0.409,0.174,0.254,0.369,0.541,0.111,0.485,-0.334,-0.043,0.019,0.717,0.703,0.211,0.451,0.087,-0.199,0.197,0.778,-0.605,0.238,-0.022,-0.553,0.099,0.16,0.183,0.948,-0.195,-0.301,0.851,0.611,-0.614,-0.058,-0.16,0.223,0.668,0.35,-0.291,0.448,0.919,0.323,-0.261,0.235,-0.067,0.099,0.308,0.467,-0.302,0.553,0.47,0.099,-0.327,0.493,0.03,0.642,0.713,0.743,0.085,-0.24,0.38,0.008,0.723,0.77,-0.231,0.219,0.909,0.529,0.458,0.164,-0.004,0.464,-0.385,0.191,0.656,0.635,0.59,-0.152,0.015,0.222,0.355,0.402,-0.578,0.107,-0.124,-0.145,0.865,0.674,0.212,-0.257,0.144,-0.13,-0.137
BRKR,-0.004,0.733,0.195,0.362,0.005,0.483,0.776,-0.731,-0.828,-0.733,0.702,0.842,0.807,0.698,-0.707,0.477,0.562,-0.668,-0.684,-0.259,0.588,-0.126,-0.009,0.439,0.017,0.0,0.445,0.513,0.143,0.164,0.3,0.078,0.783,-0.176,-0.539,0.565,0.303,-0.707,0.753,-0.544,0.613,-0.553,0.538,-0.746,0.615,-0.796,0.276,-0.016,0.37,0.518,-0.549,-0.08,-0.795,-0.67,0.569,0.669,-0.011,-0.814,-0.151,0.463,0.067,0.53,-0.762,-0.108,-0.031,0.33,-0.746,-0.337,0.127,-0.194,0.574,-0.806,0.46,0.544,-0.755,-0.193,0.849,0.093,0.254,-0.399,-0.669,0.825,0.136,-0.068,0.6,0.565,0.636,0.826,0.641,-0.047,0.116,-0.083,0.029,0.026,-0.527,0.559,-0.692,0.484,-0.67,0.53,0.792,0.673,0.224,-0.579,-0.375,-0.786,-0.68,0.37,0.658,0.315,0.403,-0.056,0.705,-0.542,-0.516,-0.485,-0.673,-0.744,-0.714,0.283,-0.331,-0.771,-0.591,0.641,0.551,-0.662,0.388,0.35,-0.619,-0.683,-0.113,-0.572,0.593,-0.654,-0.025,-0.58,-0.423,-0.169,-0.219,0.422,0.591,-0.767,0.706,0.457,-0.799,-0.621,0.627,-0.158,0.65,0.605,-0.214,-0.682,-0.718,0.521,0.645,-0.475,0.197,0.578,-0.719,-0.387,0.488,0.803,-0.114,0.245,0.156,0.769,-0.669,-0.695,-0.81,0.163,0.35,0.546,0.827,-0.105,0.109,0.448,0.102,-0.731,-0.305,0.716,0.889,0.185,0.061,-0.111,-0.59,-0.851,-0.604,-0.678,-0.405,0.529,-0.089,-0.06,-0.352,0.009,-0.224,0.742,-0.168,-0.25,0.679,-0.848
CACC,-0.405,0.335,-0.049,0.407,0.473,0.397,0.695,-0.305,-0.376,-0.297,0.315,0.441,0.403,0.274,-0.539,0.388,0.728,-0.215,-0.083,0.159,0.749,0.453,0.027,0.524,0.625,0.445,0.0,0.832,0.088,0.591,0.812,-0.034,0.649,0.279,-0.258,0.371,0.804,-0.304,0.33,0.09,0.718,-0.092,0.246,-0.572,0.282,-0.555,0.384,0.337,0.379,0.764,-0.17,0.639,-0.515,-0.462,0.427,0.354,-0.488,-0.302,0.566,-0.293,0.606,0.692,-0.479,0.488,0.617,0.584,-0.495,-0.12,0.038,-0.336,0.513,-0.419,0.569,0.037,-0.425,0.17,0.585,0.692,0.388,0.207,-0.282,0.37,0.244,-0.393,0.629,0.846,0.197,0.314,0.457,0.169,-0.195,-0.249,-0.112,-0.346,-0.284,0.01,-0.268,0.388,-0.226,0.077,0.632,0.469,0.005,-0.573,-0.677,-0.535,-0.293,-0.13,0.097,-0.387,0.244,-0.171,0.609,-0.042,-0.412,-0.141,-0.708,-0.563,-0.41,0.406,0.188,-0.366,-0.164,0.457,0.348,-0.298,0.574,-0.108,-0.342,-0.428,-0.147,-0.197,0.558,-0.343,0.633,-0.44,-0.621,0.376,0.317,-0.095,0.426,-0.547,0.388,0.762,-0.242,-0.634,0.663,0.56,0.45,0.295,-0.185,-0.363,-0.238,0.558,0.574,-0.33,0.482,0.619,-0.41,-0.48,0.659,0.466,0.522,0.778,0.46,0.579,-0.665,-0.153,-0.446,0.515,0.771,0.384,0.56,0.562,0.582,0.571,0.027,-0.525,0.078,0.228,0.601,0.916,0.181,0.416,-0.422,-0.471,-0.317,-0.252,-0.023,-0.093,-0.283,0.061,-0.085,0.678,0.399,0.543,-0.29,-0.127,0.337,-0.516
CAR,-0.571,0.261,-0.158,0.625,0.562,0.322,0.707,-0.419,-0.449,-0.312,0.38,0.502,0.536,0.4,-0.677,0.365,0.861,-0.256,-0.065,0.18,0.79,0.573,0.018,0.425,0.67,0.513,0.832,0.0,0.132,0.763,0.848,-0.238,0.707,0.069,-0.55,0.298,0.872,-0.341,0.387,0.052,0.853,-0.063,0.215,-0.556,0.211,-0.717,0.375,0.253,0.486,0.891,-0.342,0.712,-0.6,-0.619,0.511,0.451,-0.54,-0.402,0.552,-0.273,0.701,0.799,-0.693,0.553,0.703,0.706,-0.608,-0.113,-0.006,-0.374,0.409,-0.514,0.523,-0.032,-0.465,0.121,0.692,0.775,0.512,0.316,-0.358,0.433,0.29,-0.491,0.848,0.888,0.167,0.405,0.514,0.329,-0.245,-0.376,-0.318,-0.482,-0.416,-0.027,-0.349,0.269,-0.183,-0.032,0.642,0.36,0.133,-0.79,-0.686,-0.642,-0.364,-0.214,0.051,-0.424,0.192,-0.125,0.658,0.034,-0.533,-0.153,-0.814,-0.633,-0.579,0.584,0.225,-0.429,-0.176,0.632,0.243,-0.464,0.714,-0.192,-0.377,-0.634,-0.302,-0.309,0.635,-0.492,0.652,-0.665,-0.761,0.448,0.348,-0.221,0.55,-0.669,0.557,0.835,-0.254,-0.783,0.816,0.599,0.657,0.221,-0.046,-0.541,-0.458,0.539,0.75,-0.634,0.491,0.695,-0.441,-0.617,0.805,0.527,0.56,0.728,0.69,0.596,-0.7,-0.233,-0.51,0.696,0.8,0.425,0.623,0.548,0.642,0.745,-0.182,-0.552,0.16,0.251,0.674,0.738,0.248,0.315,-0.471,-0.58,-0.43,-0.324,0.046,-0.08,-0.149,-0.201,-0.249,0.747,0.314,0.506,-0.472,-0.085,0.323,-0.68
CDNA,-0.053,-0.038,-0.248,0.231,0.261,0.443,0.08,-0.124,-0.121,-0.068,0.045,0.264,0.212,0.371,-0.102,0.448,0.181,-0.065,0.172,-0.139,0.064,-0.207,-0.463,-0.154,0.003,0.143,0.088,0.132,0.0,-0.053,0.112,-0.441,0.04,0.068,-0.186,-0.04,0.098,-0.17,0.242,-0.086,0.054,0.097,-0.001,0.036,0.25,-0.108,-0.215,-0.346,0.556,0.019,-0.103,-0.003,-0.249,-0.254,-0.197,0.273,0.053,-0.055,0.042,0.134,0.027,0.121,-0.219,-0.122,0.168,0.333,-0.138,-0.311,0.16,-0.183,-0.188,-0.23,0.366,0.039,0.081,-0.283,0.185,0.043,0.529,-0.174,-0.153,0.091,-0.062,0.225,0.03,0.02,0.193,0.232,-0.031,0.567,-0.137,-0.392,-0.304,0.104,-0.296,0.214,-0.247,0.063,0.274,0.197,0.178,0.089,0.365,-0.012,0.14,-0.1,-0.226,-0.095,-0.014,-0.14,0.247,-0.091,0.217,-0.05,-0.165,0.019,0.038,0.005,-0.159,0.202,-0.306,0.006,-0.06,-0.028,0.233,-0.141,0.052,0.056,0.087,-0.005,0.136,0.286,0.169,-0.231,-0.033,-0.069,0.035,-0.08,0.061,-0.181,-0.072,-0.07,0.055,0.001,-0.081,-0.09,-0.064,-0.071,0.167,-0.076,0.484,-0.027,-0.171,-0.223,0.265,-0.164,-0.046,-0.039,0.183,0.218,-0.09,0.301,-0.142,-0.022,0.193,0.118,0.117,-0.185,0.004,-0.151,0.044,0.307,0.195,0.171,-0.264,-0.126,0.015,0.098,0.3,0.048,0.026,-0.087,-0.162,-0.344,0.303,-0.177,-0.015,-0.134,0.249,-0.041,0.259,0.031,-0.174,-0.021,-0.244,-0.078,0.361,0.512,-0.18,-0.127
CG,-0.665,-0.061,-0.001,0.494,0.615,-0.16,0.342,-0.02,-0.14,0.047,0.038,0.089,0.283,0.096,-0.414,0.209,0.598,0.2,0.091,0.607,0.566,0.879,0.379,0.168,0.683,0.164,0.591,0.763,-0.053,0.0,0.715,-0.181,0.52,-0.05,-0.342,-0.009,0.804,0.101,-0.063,0.378,0.765,0.185,-0.106,-0.207,-0.304,-0.457,0.454,0.357,0.199,0.732,-0.037,0.799,-0.22,-0.25,0.378,0.038,-0.39,-0.036,0.606,-0.348,0.824,0.692,-0.414,0.786,0.706,0.403,-0.283,0.212,-0.245,-0.264,0.126,-0.093,0.214,-0.382,-0.121,0.446,0.304,0.845,0.357,0.666,0.03,0.078,0.408,-0.704,0.826,0.707,-0.309,0.025,0.489,0.206,-0.335,-0.342,-0.365,-0.775,-0.154,-0.416,0.052,0.022,0.049,-0.475,0.261,-0.004,-0.12,-0.748,-0.52,-0.332,0.029,-0.24,-0.193,-0.394,-0.202,0.243,0.321,0.451,-0.245,0.04,-0.535,-0.301,-0.37,0.585,0.561,-0.07,0.214,0.492,-0.304,-0.156,0.765,-0.524,-0.123,-0.466,-0.531,-0.196,0.318,-0.187,0.734,-0.59,-0.53,0.682,0.547,-0.406,0.368,-0.371,0.525,0.799,0.13,-0.533,0.692,0.763,0.671,-0.114,0.073,-0.463,-0.121,0.356,0.557,-0.558,0.627,0.598,-0.188,-0.605,0.825,0.102,0.75,0.699,0.804,0.253,-0.495,0.213,-0.109,0.894,0.55,-0.034,0.261,0.529,0.834,0.775,-0.266,-0.263,0.473,-0.099,0.399,0.614,0.518,0.461,-0.405,-0.197,-0.139,0.004,0.367,-0.294,0.07,-0.331,-0.211,0.805,0.512,0.259,-0.623,-0.1,0.13,-0.381
