,ACET,ADAP,ADI,ADPT,ADTN,AGEN,ALGN,ALLK,AMD,AMWD,ARDX,ARQT,ASTE,AUPH,AVXL,AZTA,BAND,BECN,BFC,BGC,BHF,BHFAL,BKNG,BL,BOKF,BRKR,CACC,CAR,CDNA,CG,CGBD,CHI,CHTR,CHX,CLNE,CME,CNOB,CNXN,CPRX,CSGP,CSGS,CSIQ,CVCO,CVLT,CYRX,DDOG,DOOO,DSGX,DTIL,ECPG,EEFT,EFSC,ENTG,ESPR,ETSY,EXC,FAMI,FFIV,FITB,FIZZ,FMBH,FOX,FTNT,FULT,GABC,GEN,GH,GMAB,GNPX,GO,GOGL,GOOG,GPRO,GSHD,GSM,GWAV,HAIN,HBAN,HEPA,HURN,HWKN,IBIO,ICFI,IGMS,IMKTA,INCY,INO,IRDM,IRTC,IRWD,ITCI,JACK,JD,JJSF,KALA,KHC,KLAC,KRRO,KRYS,LANC,LBTYA,LIVN,LKCO,LNTH,LOGI,LPRO,LRCX,LSCC,LSTR,MAR,MARA,MCHP,MEOH,META,MGTX,MKSI,MMYT,MORN,MRUS,MTLS,MTSI,MVIS,MXL,NBIX,NFE,NMIH,NMRK,NNDM,NSIT,NTCT,NVAX,OCUL,ODP,OLED,ONB,OTEX,PACB,PATK,PAYX,PEP,PERI,PI,PLYA,PRDO,PRGS,PTGX,QCOM,QCRH,QDEL,QFIN,RGEN,RILY,RPAY,RPD,SABR,SEDG,SHEN,SIRI,SLNO,SNDL,SNEX,SONO,SPT,SSNC,STGW,STKL,STRL,STX,SWTX,SYNA,TFSL,TIGR,TNXP,TOWN,TRI,TRIP,TRMB,TRNS,TRS,TSCO,TSEM,TVTX,TXRH,VC,VCEL,VECO,VIAV,VICR,VIR,VRTX,VSTM,VTRS,WDFC,WSBC,WSC,WYNN,XENE,XNCR,XRAY,ZS
ACET,0.0,0.383,-0.239,-0.468,-0.602,0.144,-0.513,0.45,0.35,0.17,-0.454,0.211,0.147,0.258,0.79,-0.122,-0.624,0.25,0.024,-0.461,-0.428,-0.813,-0.131,-0.468,-0.662,-0.469,-0.615,-0.741,0.013,-0.753,-0.496,-0.274,0.017,-0.3,-0.079,-0.405,-0.703,-0.499,0.186,0.314,-0.745,-0.396,0.251,0.496,0.588,0.757,-0.368,-0.564,-0.064,-0.778,0.204,-0.73,0.717,0.623,-0.679,-0.02,0.487,-0.298,-0.513,0.54,-0.799,-0.65,-0.04,-0.754,-0.614,-0.565,0.323,-0.457,-0.168,0.626,-0.597,0.344,-0.473,0.622,-0.105,-0.631,-0.775,-0.709,-0.641,-0.559,-0.414,-0.064,0.235,0.858,-0.744,-0.813,0.041,0.339,-0.522,-0.318,0.75,0.58,-0.276,0.722,-0.409,0.758,0.323,-0.324,0.363,0.663,-0.388,0.247,-0.173,0.687,0.689,0.764,0.469,-0.31,0.143,0.741,-0.219,-0.343,-0.35,0.283,0.739,0.341,0.656,-0.255,-0.019,0.364,-0.611,0.409,-0.51,-0.654,0.131,0.568,-0.791,0.614,-0.239,0.311,0.082,0.728,-0.275,-0.267,-0.724,0.57,0.687,-0.571,-0.185,0.669,-0.562,-0.387,-0.308,-0.774,-0.419,0.713,-0.757,-0.715,-0.438,-0.369,-0.229,0.753,-0.342,-0.418,-0.553,-0.1,-0.278,-0.66,0.863,0.746,-0.739,0.657,-0.692,-0.533,-0.524,-0.597,0.841,-0.466,0.355,-0.687,-0.653,-0.465,-0.569,-0.634,-0.683,-0.676,-0.119,0.312,-0.441,0.196,-0.799,-0.66,-0.366,-0.609,0.767,0.3,-0.264,-0.237,-0.11,0.576,0.506,-0.049,0.213,-0.692,0.292,-0.016,0.726,-0.29,-0.082,0.271
ADAP,0.383,0.0,-0.178,-0.227,-0.461,0.343,-0.198,0.486,-0.039,0.164,-0.06,-0.046,0.188,-0.04,0.32,-0.076,-0.282,0.416,-0.114,0.225,0.28,-0.269,0.263,-0.236,-0.057,-0.155,-0.017,-0.243,-0.137,-0.126,0.045,-0.237,0.235,-0.334,-0.276,-0.134,-0.269,-0.305,-0.121,0.303,-0.298,-0.12,0.35,-0.06,0.237,0.184,-0.063,-0.308,0.017,-0.335,0.013,-0.207,0.268,0.264,-0.176,-0.011,0.098,-0.405,-0.045,0.214,-0.187,-0.163,-0.201,-0.335,-0.265,-0.129,0.019,-0.03,0.176,0.197,-0.23,-0.066,-0.316,0.386,-0.326,-0.351,-0.197,-0.122,-0.212,-0.106,-0.36,0.211,0.21,0.204,-0.132,-0.261,-0.074,0.177,-0.131,-0.153,0.558,0.244,-0.118,0.207,-0.541,0.322,0.212,-0.219,0.053,0.332,-0.099,0.53,-0.102,0.126,0.267,0.209,0.363,-0.235,0.161,0.42,-0.221,-0.224,0.004,0.279,0.133,0.133,0.19,-0.221,0.063,0.29,-0.272,-0.133,-0.307,-0.154,-0.117,0.223,-0.226,0.102,-0.24,-0.127,-0.221,0.431,-0.004,-0.38,-0.213,0.03,0.179,0.023,0.085,0.322,-0.234,-0.294,0.058,-0.361,-0.119,0.486,-0.274,-0.266,-0.121,-0.155,-0.28,0.339,-0.169,0.032,-0.297,-0.064,-0.024,-0.258,0.344,0.22,-0.19,0.235,-0.222,-0.057,0.024,-0.223,0.333,-0.326,-0.152,-0.217,-0.244,-0.283,-0.187,-0.282,-0.234,-0.145,-0.312,-0.149,-0.192,0.3,-0.105,-0.15,-0.092,-0.282,0.369,-0.203,-0.515,-0.378,0.135,0.257,0.311,-0.12,0.227,-0.258,0.49,0.407,0.377,-0.286,0.034,-0.157
ADI,-0.239,-0.178,0.0,0.727,0.756,0.258,0.602,-0.383,0.186,0.695,0.608,-0.074,0.149,-0.389,-0.402,0.531,0.749,0.113,0.157,0.343,0.414,0.262,0.313,0.801,0.123,0.74,0.341,0.554,0.793,0.514,0.037,0.703,-0.063,0.542,0.532,0.803,0.626,0.759,0.665,-0.721,0.626,0.693,0.266,0.181,-0.213,-0.288,0.727,0.512,0.618,0.556,0.407,0.495,-0.384,-0.019,0.512,-0.039,0.028,0.706,0.596,-0.215,0.484,0.665,0.686,0.671,0.718,0.491,0.573,0.373,0.588,-0.631,0.578,-0.18,0.778,-0.697,0.666,0.732,0.381,0.546,0.699,0.246,0.752,0.155,-0.275,-0.292,0.218,0.409,0.651,-0.436,0.269,0.833,-0.252,-0.673,0.707,-0.456,0.501,-0.393,-0.374,0.77,0.352,-0.635,0.176,-0.24,0.896,0.018,-0.272,-0.22,-0.489,0.911,0.708,-0.072,0.535,0.945,0.797,-0.606,-0.127,-0.039,0.057,0.831,0.621,-0.585,0.742,0.301,0.771,0.519,0.247,-0.012,0.547,0.021,0.752,0.359,0.525,-0.55,0.429,0.768,0.458,0.078,0.111,0.591,0.522,-0.712,0.775,0.744,0.538,0.452,0.752,-0.522,0.629,0.575,0.539,0.666,0.888,-0.297,0.736,0.082,0.355,0.634,0.362,0.793,-0.129,-0.081,0.602,-0.498,0.483,0.593,0.642,0.317,-0.278,0.702,0.438,0.641,0.665,0.79,0.462,0.676,0.294,0.606,0.648,0.632,0.882,0.241,0.319,0.337,-0.049,0.618,-0.358,0.345,0.547,0.335,0.28,-0.451,-0.2,0.684,-0.403,0.626,-0.55,0.175,-0.654,0.831,-0.185,0.421
ADPT,-0.468,-0.227,0.727,0.0,0.818,0.376,0.842,-0.211,0.029,0.557,0.684,-0.379,-0.175,-0.647,-0.501,0.078,0.908,0.049,0.055,0.695,0.47,0.63,0.395,0.894,0.411,0.652,0.707,0.688,0.602,0.793,0.253,0.82,-0.383,0.472,0.355,0.829,0.878,0.712,0.217,-0.781,0.791,0.843,0.27,-0.309,-0.353,-0.511,0.872,0.725,0.665,0.774,0.266,0.823,-0.681,-0.425,0.85,0.206,-0.416,0.504,0.86,-0.451,0.691,0.775,0.648,0.855,0.928,0.728,0.414,0.477,0.721,-0.698,0.839,-0.202,0.754,-0.825,0.461,0.844,0.386,0.848,0.752,0.616,0.893,0.463,-0.499,-0.654,0.614,0.752,0.549,-0.307,0.705,0.61,-0.473,-0.809,0.461,-0.797,0.463,-0.779,-0.547,0.65,0.413,-0.828,0.089,-0.018,0.715,-0.192,-0.748,-0.299,-0.557,0.837,0.442,-0.395,0.319,0.737,0.688,-0.736,-0.506,-0.275,-0.436,0.848,0.541,-0.776,0.91,-0.013,0.917,0.784,0.034,-0.379,0.652,-0.378,0.48,0.083,0.501,-0.542,0.748,0.657,0.78,-0.271,-0.371,0.781,0.573,-0.908,0.824,0.864,0.426,0.794,0.893,-0.56,0.83,0.79,0.524,0.385,0.683,-0.374,0.772,0.426,0.303,0.686,0.149,0.697,-0.309,-0.508,0.86,-0.802,0.82,0.687,0.763,0.406,-0.654,0.596,0.326,0.89,0.829,0.8,0.252,0.836,0.755,0.813,0.353,0.293,0.916,0.396,0.539,0.706,-0.077,0.857,-0.655,0.315,0.341,0.22,0.444,-0.743,-0.605,0.54,0.021,0.889,-0.559,0.24,-0.798,0.746,-0.204,0.35
ADTN,-0.602,-0.461,0.756,0.818,0.0,0.015,0.684,-0.621,0.134,0.4,0.604,-0.122,-0.188,-0.435,-0.505,0.394,0.911,-0.258,0.311,0.326,0.371,0.583,0.087,0.889,0.469,0.749,0.593,0.825,0.71,0.693,0.313,0.794,-0.181,0.76,0.648,0.798,0.865,0.904,0.458,-0.708,0.873,0.705,-0.123,-0.066,-0.44,-0.426,0.7,0.772,0.422,0.819,0.313,0.781,-0.637,-0.29,0.697,-0.108,-0.27,0.81,0.714,-0.564,0.734,0.778,0.667,0.918,0.879,0.699,0.417,0.477,0.44,-0.747,0.844,-0.113,0.893,-0.869,0.725,0.907,0.565,0.763,0.817,0.466,0.882,0.051,-0.341,-0.549,0.422,0.715,0.578,-0.619,0.404,0.786,-0.676,-0.827,0.725,-0.704,0.772,-0.717,-0.436,0.807,0.273,-0.856,0.368,-0.461,0.693,-0.226,-0.598,-0.352,-0.69,0.807,0.33,-0.629,0.647,0.795,0.744,-0.591,-0.401,-0.203,-0.281,0.759,0.516,-0.717,0.86,0.202,0.849,0.622,0.279,-0.213,0.739,-0.217,0.759,0.267,0.557,-0.818,0.546,0.828,0.76,-0.094,-0.266,0.629,0.431,-0.91,0.864,0.767,0.333,0.781,0.799,-0.871,0.817,0.849,0.547,0.715,0.79,-0.543,0.838,0.164,0.556,0.556,0.403,0.86,-0.545,-0.369,0.764,-0.711,0.734,0.707,0.612,0.651,-0.668,0.866,0.362,0.792,0.843,0.926,0.489,0.897,0.576,0.724,0.673,0.368,0.848,-0.1,0.521,0.641,0.019,0.785,-0.592,0.348,0.722,0.564,0.161,-0.668,-0.541,0.631,-0.356,0.843,-0.629,-0.008,-0.921,0.824,-0.187,0.376
AGEN,0.144,0.343,0.258,0.376,0.015,0.0,0.583,0.59,-0.16,0.252,0.507,-0.393,-0.156,-0.571,-0.123,-0.204,0.288,0.101,-0.226,0.561,0.362,0.077,0.298,0.36,0.133,0.139,0.454,-0.029,0.154,0.191,-0.098,0.281,-0.494,0.019,-0.117,0.379,0.277,-0.021,-0.121,-0.429,0.025,0.612,0.63,-0.479,0.275,-0.042,0.398,0.042,0.619,0.165,0.043,0.295,-0.295,-0.254,0.267,0.557,-0.482,-0.199,0.509,-0.105,0.042,0.072,0.281,0.154,0.346,0.305,0.157,0.217,0.649,-0.353,0.281,-0.424,0.202,-0.218,-0.16,0.122,-0.043,0.347,0.256,0.077,0.301,0.619,-0.562,-0.174,0.219,0.232,0.465,0.193,0.458,0.193,0.172,-0.278,0.014,-0.33,-0.308,-0.188,-0.402,0.026,0.314,-0.184,-0.33,0.743,0.346,0.293,-0.403,-0.102,-0.126,0.414,0.357,0.183,-0.11,0.152,0.293,-0.563,-0.088,-0.09,-0.331,0.465,0.457,-0.418,0.339,-0.241,0.421,0.217,0.041,-0.297,0.086,-0.364,-0.133,0.144,0.085,0.233,0.421,0.104,0.317,-0.16,-0.238,0.33,0.276,-0.267,0.178,0.478,0.111,0.146,0.455,0.319,0.111,0.106,-0.054,-0.154,0.025,0.238,0.25,0.558,-0.436,0.662,-0.41,0.068,0.354,-0.255,0.268,-0.401,0.337,0.126,0.489,-0.273,-0.147,-0.172,0.05,0.261,0.373,0.135,-0.023,0.278,0.217,0.196,-0.193,0.031,0.379,0.782,0.111,0.384,-0.5,0.428,-0.273,-0.084,-0.419,-0.234,0.438,-0.448,-0.419,0.116,0.609,0.312,-0.128,0.419,0.015,0.33,-0.298,0.143
ALGN,-0.513,-0.198,0.602,0.842,0.684,0.583,0.0,-0.049,-0.132,0.297,0.741,-0.513,-0.335,-0.733,-0.644,-0.052,0.839,-0.186,-0.119,0.688,0.48,0.665,0.292,0.828,0.519,0.512,0.809,0.55,0.379,0.715,0.208,0.713,-0.586,0.466,0.214,0.774,0.854,0.544,0.016,-0.824,0.665,0.893,0.292,-0.577,-0.25,-0.527,0.717,0.633,0.67,0.789,0.109,0.845,-0.792,-0.635,0.779,0.428,-0.675,0.307,0.872,-0.549,0.592,0.611,0.544,0.799,0.873,0.719,0.177,0.567,0.675,-0.761,0.806,-0.406,0.681,-0.847,0.226,0.735,0.415,0.843,0.727,0.527,0.821,0.52,-0.721,-0.693,0.638,0.806,0.546,-0.185,0.748,0.526,-0.508,-0.782,0.327,-0.838,0.294,-0.793,-0.717,0.443,0.263,-0.806,-0.067,0.18,0.575,-0.13,-0.87,-0.455,-0.553,0.792,0.286,-0.424,0.229,0.578,0.567,-0.896,-0.598,-0.33,-0.665,0.819,0.579,-0.848,0.888,-0.234,0.93,0.707,0.069,-0.569,0.623,-0.626,0.29,0.1,0.309,-0.487,0.712,0.543,0.828,-0.358,-0.579,0.703,0.418,-0.86,0.703,0.926,0.282,0.794,0.819,-0.451,0.752,0.714,0.367,0.237,0.436,-0.329,0.658,0.586,0.058,0.745,-0.104,0.632,-0.275,-0.675,0.826,-0.883,0.852,0.575,0.766,0.241,-0.734,0.408,0.101,0.826,0.887,0.645,0.264,0.823,0.738,0.726,0.132,0.109,0.813,0.512,0.557,0.823,-0.293,0.931,-0.791,0.096,0.125,0.217,0.386,-0.864,-0.774,0.363,0.259,0.877,-0.497,0.307,-0.677,0.716,-0.224,0.214
ALLK,0.45,0.486,-0.383,-0.211,-0.621,0.59,-0.049,0.0,-0.228,-0.047,-0.018,-0.2,0.007,-0.114,0.232,-0.471,-0.401,0.335,-0.279,0.232,0.027,-0.189,0.274,-0.346,-0.079,-0.414,0.005,-0.463,-0.425,-0.225,-0.095,-0.3,-0.138,-0.542,-0.549,-0.346,-0.32,-0.662,-0.538,0.282,-0.474,-0.098,0.575,-0.391,0.529,0.094,-0.132,-0.385,0.14,-0.328,-0.164,-0.227,0.233,0.038,-0.207,0.55,-0.223,-0.718,-0.081,0.369,-0.339,-0.44,-0.34,-0.458,-0.291,-0.2,-0.214,-0.111,0.058,0.348,-0.357,-0.083,-0.527,0.437,-0.689,-0.517,-0.335,-0.214,-0.43,-0.111,-0.376,0.438,-0.024,0.211,0.022,-0.19,-0.214,0.724,0.186,-0.48,0.575,0.496,-0.604,0.189,-0.703,0.22,0.149,-0.556,-0.044,0.456,-0.399,0.84,-0.252,0.212,0.095,0.173,0.502,-0.348,0.023,0.482,-0.708,-0.483,-0.342,0.093,0.107,0.225,-0.145,-0.264,-0.122,0.326,-0.293,-0.408,-0.314,-0.167,-0.185,-0.093,-0.342,-0.154,-0.714,-0.222,-0.353,0.796,0.11,-0.553,-0.237,-0.18,-0.036,-0.085,0.151,0.422,-0.501,-0.248,-0.098,-0.29,-0.219,0.774,-0.366,-0.376,-0.291,-0.64,-0.512,0.488,-0.417,0.385,-0.632,0.007,-0.45,-0.521,0.559,-0.045,-0.238,0.221,-0.185,-0.275,-0.023,-0.554,0.253,-0.739,-0.253,-0.293,-0.321,-0.585,-0.415,-0.394,-0.053,-0.278,-0.621,-0.27,-0.311,0.567,-0.154,-0.082,-0.21,-0.268,0.217,-0.301,-0.764,-0.6,0.37,0.238,0.11,-0.457,0.774,-0.29,0.408,0.456,0.627,-0.369,0.165,-0.264
AMD,0.35,-0.039,0.186,0.029,0.134,-0.16,-0.132,-0.228,0.0,0.425,-0.34,-0.095,-0.294,-0.143,0.44,0.184,0.028,0.11,0.539,-0.345,-0.037,-0.287,-0.104,0.171,-0.171,-0.128,-0.154,-0.019,0.349,-0.26,-0.026,0.427,0.054,0.464,0.554,0.236,-0.034,0.19,0.596,0.031,-0.086,0.0,0.065,0.452,0.24,0.597,0.086,0.281,0.096,-0.137,0.746,-0.072,0.429,0.438,-0.232,-0.196,0.244,0.426,0.063,-0.146,-0.129,0.038,0.615,-0.059,0.015,0.168,0.641,-0.344,0.053,0.197,0.15,0.628,0.211,0.068,0.56,0.074,-0.424,-0.096,-0.035,0.004,0.185,-0.206,0.202,0.284,-0.555,-0.265,0.219,-0.323,-0.447,0.108,0.24,0.042,0.345,0.308,0.318,0.16,0.239,0.34,0.631,0.108,0.192,-0.265,0.199,0.54,0.278,0.586,0.096,0.148,0.163,0.008,0.266,0.085,0.222,0.053,0.247,0.19,0.46,0.132,0.229,-0.071,-0.004,0.788,-0.004,-0.251,0.623,0.67,-0.355,0.633,0.364,0.647,0.67,0.083,0.042,0.495,-0.15,0.769,0.421,-0.094,0.088,0.019,0.062,0.042,-0.349,-0.19,0.147,-0.046,-0.111,0.049,-0.278,0.326,0.238,0.551,0.422,-0.318,-0.041,0.174,0.164,-0.044,0.342,0.607,-0.208,0.231,-0.065,0.212,-0.225,0.177,0.25,0.311,0.503,-0.113,0.007,0.26,-0.267,0.08,-0.176,-0.082,0.376,0.397,0.041,-0.152,-0.528,-0.077,-0.381,-0.021,0.395,0.833,0.392,0.455,-0.418,0.105,0.056,0.655,-0.198,0.001,0.067,0.101,0.008,0.076,-0.01,0.771
AMWD,0.17,0.164,0.695,0.557,0.4,0.252,0.297,-0.047,0.425,0.0,0.249,-0.11,0.266,-0.311,0.039,0.355,0.43,0.552,0.317,0.326,0.419,-0.005,0.431,0.557,-0.069,0.433,0.229,0.323,0.695,0.282,0.161,0.63,0.126,0.327,0.479,0.601,0.344,0.459,0.557,-0.352,0.347,0.458,0.581,0.297,0.097,0.009,0.656,0.338,0.611,0.219,0.684,0.249,0.052,0.318,0.308,-0.017,0.244,0.466,0.463,0.047,0.274,0.478,0.621,0.309,0.456,0.356,0.763,0.104,0.577,-0.194,0.383,0.226,0.475,-0.273,0.521,0.407,0.001,0.321,0.336,0.201,0.536,0.239,0.049,-0.0,-0.028,0.117,0.467,-0.165,0.068,0.499,0.168,-0.283,0.491,-0.092,0.28,-0.075,0.003,0.618,0.549,-0.227,0.153,-0.033,0.744,0.274,0.006,0.256,-0.026,0.568,0.818,0.244,0.26,0.587,0.633,-0.313,0.099,0.237,0.317,0.559,0.487,-0.265,0.437,0.451,0.42,0.262,0.326,0.411,0.178,0.312,0.511,0.38,0.578,-0.07,0.464,0.547,0.173,0.339,0.361,0.55,0.695,-0.343,0.464,0.414,0.379,0.141,0.593,-0.134,0.333,0.368,0.334,0.435,0.672,0.204,0.619,-0.051,0.162,0.537,0.391,0.428,0.232,0.271,0.328,-0.099,0.188,0.563,0.382,0.25,0.107,0.427,0.543,0.356,0.332,0.544,0.079,0.389,0.159,0.353,0.52,0.659,0.644,0.353,0.009,0.152,-0.126,0.318,0.068,0.555,0.32,0.072,0.321,-0.068,0.041,0.67,-0.166,0.35,-0.138,0.394,-0.274,0.501,-0.047,0.527
ARDX,-0.454,-0.06,0.608,0.684,0.604,0.507,0.741,-0.018,-0.34,0.249,0.0,-0.19,0.007,-0.453,-0.535,0.148,0.748,-0.136,-0.046,0.635,0.519,0.52,0.301,0.728,0.545,0.715,0.625,0.625,0.487,0.687,0.193,0.407,-0.226,0.285,0.156,0.646,0.722,0.531,0.074,-0.621,0.692,0.755,0.19,-0.388,-0.224,-0.526,0.619,0.373,0.511,0.705,-0.096,0.69,-0.678,-0.323,0.669,0.275,-0.456,0.282,0.711,-0.284,0.589,0.562,0.284,0.723,0.742,0.56,0.168,0.575,0.628,-0.742,0.582,-0.575,0.583,-0.681,0.221,0.623,0.601,0.721,0.629,0.312,0.608,0.368,-0.424,-0.518,0.626,0.664,0.497,-0.201,0.641,0.691,-0.347,-0.633,0.452,-0.747,0.205,-0.599,-0.448,0.495,-0.005,-0.662,0.063,0.202,0.618,-0.221,-0.589,-0.505,-0.473,0.686,0.389,-0.294,0.335,0.64,0.592,-0.594,-0.325,-0.009,-0.461,0.645,0.499,-0.554,0.778,-0.343,0.735,0.639,0.025,-0.488,0.803,-0.509,0.368,-0.02,0.083,-0.485,0.511,0.421,0.71,-0.44,-0.381,0.654,0.461,-0.723,0.666,0.655,0.505,0.659,0.707,-0.407,0.681,0.622,0.5,0.42,0.472,-0.504,0.498,0.521,0.284,0.564,0.17,0.685,-0.362,-0.53,0.76,-0.754,0.669,0.529,0.802,0.266,-0.573,0.376,0.052,0.727,0.734,0.574,0.476,0.698,0.502,0.655,0.266,0.112,0.728,0.337,0.671,0.583,0.056,0.66,-0.56,-0.212,0.142,0.145,0.542,-0.622,-0.411,0.205,0.077,0.679,-0.439,0.213,-0.623,0.715,-0.155,-0.091
ARQT,0.211,-0.046,-0.074,-0.379,-0.122,-0.393,-0.513,-0.2,-0.095,-0.11,-0.19,0.0,0.503,0.525,0.19,0.597,-0.322,0.023,0.094,-0.414,-0.173,-0.387,-0.251,-0.321,-0.23,0.046,-0.43,-0.151,0.108,-0.305,-0.12,-0.366,0.445,-0.103,0.128,-0.331,-0.351,-0.111,0.212,0.266,-0.185,-0.432,-0.247,0.455,0.105,0.154,-0.21,-0.387,-0.254,-0.311,-0.045,-0.437,0.36,0.431,-0.431,-0.448,0.549,0.08,-0.471,0.383,-0.2,-0.111,-0.278,-0.258,-0.364,-0.455,-0.099,-0.193,-0.379,0.134,-0.409,0.009,-0.045,0.257,0.084,-0.21,0.089,-0.427,-0.096,-0.446,-0.383,-0.383,0.355,0.444,-0.329,-0.38,-0.01,-0.057,-0.453,0.07,0.022,0.227,0.095,0.382,0.045,0.438,0.272,-0.03,-0.217,0.341,0.38,-0.33,-0.126,-0.029,0.54,-0.061,0.066,-0.266,-0.003,0.26,0.113,-0.055,-0.103,0.42,0.456,0.24,0.512,-0.324,-0.231,0.44,-0.389,0.212,-0.379,-0.308,0.009,0.332,-0.119,0.363,0.1,0.017,-0.103,0.071,-0.381,-0.135,-0.381,0.188,0.501,-0.387,-0.301,0.337,-0.225,-0.4,0.109,-0.369,-0.407,0.02,-0.292,-0.3,0.087,0.187,0.074,-0.095,-0.262,-0.44,0.296,-0.37,0.219,-0.045,0.101,0.353,-0.365,0.526,-0.486,-0.262,-0.367,-0.089,0.379,-0.033,-0.015,-0.373,-0.383,-0.152,0.229,-0.294,-0.512,-0.336,0.247,0.106,-0.252,-0.453,-0.133,-0.49,0.432,-0.485,0.38,-0.19,0.208,0.009,-0.108,0.406,0.502,-0.063,-0.518,-0.429,0.054,-0.283,0.274,-0.101,0.08,-0.19
ASTE,0.147,0.188,0.149,-0.175,-0.188,-0.156,-0.335,0.007,-0.294,0.266,0.007,0.503,0.0,0.476,0.019,0.381,-0.206,0.495,-0.029,0.032,0.141,-0.168,0.205,-0.249,-0.199,0.121,-0.307,-0.039,0.036,0.005,0.035,-0.304,0.536,-0.319,-0.116,-0.195,-0.216,-0.081,0.117,0.215,-0.047,-0.224,0.182,0.404,0.074,-0.131,0.02,-0.335,-0.094,-0.161,0.01,-0.302,0.282,0.323,-0.094,-0.155,0.543,-0.035,-0.272,0.439,-0.053,0.042,-0.31,-0.184,-0.247,-0.296,-0.062,0.032,-0.109,0.177,-0.351,-0.067,-0.152,0.259,-0.033,-0.214,0.177,-0.232,-0.141,-0.195,-0.27,-0.183,0.398,0.247,-0.022,-0.247,-0.123,0.12,-0.233,0.076,0.303,0.225,-0.003,0.305,-0.136,0.416,0.324,-0.05,-0.292,0.252,0.174,-0.091,0.046,-0.182,0.449,-0.034,0.21,-0.104,0.34,0.488,-0.039,0.165,0.055,0.317,0.283,0.307,0.435,-0.182,-0.135,0.436,-0.174,-0.034,-0.259,-0.005,-0.279,0.288,0.029,0.228,0.052,-0.222,-0.297,0.113,-0.185,-0.262,-0.275,0.034,0.399,0.031,0.1,0.271,-0.065,-0.304,0.47,-0.317,-0.213,0.16,-0.071,-0.169,0.385,0.052,0.149,-0.077,-0.272,-0.24,0.297,-0.294,0.317,0.079,0.016,0.236,-0.071,0.391,-0.406,-0.089,0.03,-0.038,0.441,-0.061,-0.07,-0.116,-0.289,-0.167,0.222,-0.267,-0.264,-0.061,0.149,0.158,-0.029,0.03,0.069,-0.421,0.441,-0.306,0.265,-0.259,-0.052,-0.242,0.229,0.411,0.519,-0.114,-0.395,-0.293,0.226,-0.028,0.205,-0.093,0.252,-0.295
AUPH,0.258,-0.04,-0.389,-0.647,-0.435,-0.571,-0.733,-0.114,-0.143,-0.311,-0.453,0.525,0.476,0.0,0.334,0.12,-0.618,-0.06,0.057,-0.544,-0.471,-0.453,-0.361,-0.649,-0.432,-0.283,-0.695,-0.384,-0.29,-0.492,-0.246,-0.599,0.431,-0.374,-0.221,-0.631,-0.622,-0.359,0.013,0.502,-0.437,-0.759,-0.395,0.525,0.109,0.242,-0.587,-0.57,-0.554,-0.505,-0.28,-0.659,0.502,0.368,-0.568,-0.369,0.59,-0.197,-0.766,0.496,-0.444,-0.479,-0.525,-0.563,-0.648,-0.688,-0.252,-0.362,-0.693,0.495,-0.68,0.117,-0.509,0.543,-0.133,-0.541,-0.138,-0.684,-0.557,-0.507,-0.605,-0.466,0.499,0.522,-0.409,-0.581,-0.426,0.112,-0.578,-0.322,0.225,0.513,-0.279,0.629,-0.161,0.597,0.387,-0.36,-0.395,0.565,-0.066,-0.37,-0.482,-0.024,0.656,0.195,0.259,-0.557,-0.234,0.305,-0.108,-0.335,-0.48,0.599,0.451,0.288,0.552,-0.597,-0.513,0.614,-0.619,0.105,-0.665,-0.499,-0.173,0.323,-0.356,0.356,-0.19,-0.132,-0.334,0.196,-0.619,-0.451,-0.602,0.205,0.462,-0.61,-0.424,0.629,-0.524,-0.65,-0.091,-0.557,-0.692,0.247,-0.514,-0.547,-0.055,-0.188,-0.224,0.032,-0.599,-0.593,0.136,-0.676,0.1,-0.365,0.053,0.413,-0.545,0.646,-0.698,-0.548,-0.627,-0.193,0.57,-0.253,-0.116,-0.6,-0.682,-0.491,-0.06,-0.63,-0.581,-0.533,-0.021,0.017,-0.585,-0.457,-0.337,-0.703,0.326,-0.716,0.517,-0.218,0.036,-0.109,-0.256,0.654,0.63,-0.422,-0.381,-0.688,0.209,-0.488,0.439,-0.489,0.2,-0.331
AVXL,0.79,0.32,-0.402,-0.501,-0.505,-0.123,-0.644,0.232,0.44,0.039,-0.535,0.19,0.019,0.334,0.0,-0.193,-0.58,0.122,0.284,-0.522,-0.432,-0.717,-0.239,-0.469,-0.488,-0.479,-0.589,-0.54,-0.007,-0.682,-0.313,-0.281,0.173,-0.162,-0.002,-0.445,-0.657,-0.386,0.18,0.535,-0.609,-0.514,-0.067,0.528,0.412,0.817,-0.425,-0.416,-0.3,-0.74,0.183,-0.643,0.713,0.687,-0.642,-0.22,0.454,-0.179,-0.517,0.336,-0.621,-0.569,-0.074,-0.682,-0.622,-0.438,0.338,-0.539,-0.269,0.683,-0.48,0.476,-0.475,0.655,0.032,-0.582,-0.736,-0.637,-0.659,-0.414,-0.435,-0.281,0.461,0.735,-0.725,-0.758,-0.12,0.092,-0.621,-0.354,0.661,0.583,-0.16,0.683,-0.286,0.668,0.477,-0.253,0.374,0.611,-0.161,0.056,-0.329,0.543,0.677,0.86,0.407,-0.44,-0.114,0.433,-0.059,-0.441,-0.332,0.513,0.672,0.325,0.618,-0.411,-0.137,0.424,-0.645,0.492,-0.601,-0.66,0.167,0.648,-0.717,0.642,-0.141,0.242,0.174,0.581,-0.32,-0.263,-0.641,0.577,0.562,-0.573,-0.186,0.648,-0.508,-0.536,-0.4,-0.701,-0.409,0.536,-0.708,-0.585,-0.526,-0.24,-0.286,0.673,-0.274,-0.464,-0.335,-0.289,-0.072,-0.656,0.55,0.768,-0.718,0.641,-0.618,-0.42,-0.576,-0.248,0.722,-0.28,0.438,-0.659,-0.661,-0.381,-0.615,-0.594,-0.609,-0.63,-0.031,0.129,-0.548,-0.11,-0.757,-0.599,-0.267,-0.639,0.816,0.383,-0.172,-0.048,-0.283,0.585,0.476,-0.034,0.117,-0.656,0.396,-0.131,0.572,-0.399,-0.055,0.26
AZTA,-0.122,-0.076,0.531,0.078,0.394,-0.204,-0.052,-0.471,0.184,0.355,0.148,0.597,0.381,0.12,-0.193,0.0,0.235,0.079,0.382,-0.159,0.268,-0.14,-0.078,0.29,-0.011,0.542,-0.019,0.341,0.537,0.056,0.118,0.194,0.432,0.423,0.594,0.301,0.164,0.446,0.619,-0.165,0.268,0.106,-0.033,0.446,0.001,-0.019,0.214,0.098,0.096,0.153,0.377,0.031,0.091,0.324,-0.032,-0.518,0.433,0.58,0.074,0.069,0.259,0.362,0.294,0.256,0.214,0.053,0.291,0.058,0.084,-0.377,0.13,-0.044,0.564,-0.216,0.547,0.31,0.397,0.063,0.43,-0.22,0.174,-0.3,0.135,0.091,-0.209,0.011,0.372,-0.441,-0.312,0.606,-0.178,-0.261,0.659,0.061,0.434,0.117,0.091,0.564,-0.042,-0.095,0.629,-0.454,0.487,0.048,0.246,-0.276,-0.224,0.313,0.484,0.025,0.472,0.483,0.502,0.007,0.233,0.218,0.445,0.21,0.261,-0.0,0.167,0.454,0.145,-0.016,0.406,0.403,0.3,0.36,0.626,0.407,0.298,-0.349,-0.117,0.471,0.055,0.33,0.435,0.129,0.139,-0.209,0.317,0.089,0.291,0.013,0.162,-0.392,0.176,0.222,0.345,0.747,0.61,-0.19,0.381,-0.302,0.475,0.151,0.534,0.551,-0.095,0.296,0.07,0.116,-0.081,0.311,0.072,0.299,0.085,0.482,0.094,0.077,0.209,0.449,0.644,0.303,-0.266,0.102,0.707,0.459,0.33,-0.369,0.108,-0.071,0.248,0.042,0.059,0.086,0.591,0.296,-0.075,0.049,0.216,0.507,-0.743,0.106,-0.237,-0.07,-0.221,0.41,-0.051,0.188
BAND,-0.624,-0.282,0.749,0.908,0.911,0.288,0.839,-0.401,0.028,0.43,0.748,-0.322,-0.206,-0.618,-0.58,0.235,0.0,-0.165,0.19,0.579,0.532,0.683,0.286,0.953,0.552,0.712,0.75,0.839,0.637,0.821,0.344,0.807,-0.301,0.665,0.495,0.894,0.937,0.853,0.328,-0.761,0.891,0.875,0.045,-0.276,-0.456,-0.5,0.817,0.818,0.528,0.873,0.278,0.891,-0.762,-0.439,0.853,0.083,-0.444,0.671,0.877,-0.646,0.772,0.837,0.673,0.96,0.952,0.835,0.372,0.578,0.669,-0.814,0.929,-0.266,0.875,-0.898,0.567,0.933,0.538,0.911,0.86,0.609,0.914,0.246,-0.461,-0.694,0.595,0.821,0.615,-0.533,0.578,0.779,-0.57,-0.887,0.669,-0.84,0.589,-0.801,-0.539,0.763,0.314,-0.92,0.288,-0.154,0.713,-0.244,-0.752,-0.416,-0.7,0.866,0.35,-0.579,0.554,0.78,0.788,-0.692,-0.537,-0.307,-0.458,0.825,0.623,-0.804,0.946,0.015,0.935,0.766,0.156,-0.356,0.779,-0.373,0.652,0.155,0.508,-0.733,0.638,0.75,0.863,-0.222,-0.447,0.784,0.495,-0.972,0.94,0.855,0.397,0.848,0.924,-0.746,0.884,0.892,0.522,0.603,0.697,-0.485,0.857,0.389,0.435,0.671,0.274,0.83,-0.515,-0.505,0.893,-0.86,0.878,0.771,0.801,0.59,-0.743,0.764,0.278,0.919,0.938,0.897,0.404,0.941,0.719,0.853,0.487,0.229,0.918,0.17,0.615,0.779,-0.078,0.916,-0.711,0.247,0.445,0.433,0.272,-0.806,-0.662,0.599,-0.131,0.948,-0.559,0.152,-0.918,0.827,-0.197,0.326
BECN,0.25,0.416,0.113,0.049,-0.258,0.101,-0.186,0.335,0.11,0.552,-0.136,0.023,0.495,-0.06,0.122,0.079,-0.165,0.0,-0.094,0.316,0.311,-0.108,0.569,-0.143,-0.224,0.006,-0.062,-0.085,0.011,0.078,0.14,-0.065,0.455,-0.42,-0.174,-0.024,-0.159,-0.176,-0.021,0.234,-0.079,-0.07,0.615,0.117,0.132,-0.07,0.198,-0.145,0.243,-0.214,0.233,-0.172,0.303,0.369,0.005,0.056,0.34,-0.202,-0.02,0.396,0.027,0.127,-0.09,-0.2,-0.123,-0.056,0.15,-0.146,0.229,0.26,-0.191,0.187,-0.198,0.292,-0.17,-0.126,-0.108,-0.061,-0.098,0.113,-0.195,0.22,0.368,0.055,0.02,-0.151,-0.21,0.259,0.023,-0.161,0.45,0.235,-0.086,0.213,-0.284,0.216,0.307,-0.029,0.094,0.269,0.107,0.307,0.206,-0.007,0.28,0.187,0.423,-0.101,0.44,0.545,-0.327,0.097,0.09,0.239,0.086,0.186,0.267,-0.109,-0.146,0.348,-0.144,0.006,-0.195,0.086,-0.188,0.306,-0.111,0.233,-0.139,-0.213,-0.061,0.367,0.097,-0.189,-0.26,-0.006,0.312,0.268,0.442,0.223,-0.085,-0.21,0.486,-0.232,-0.015,0.352,-0.044,-0.106,0.108,-0.087,0.044,0.248,-0.091,-0.0,0.034,-0.044,0.272,-0.058,0.305,0.232,-0.028,0.315,-0.186,0.193,0.106,-0.064,0.312,-0.169,0.026,-0.048,-0.234,-0.136,-0.06,-0.222,0.001,0.039,-0.12,0.072,0.052,0.336,-0.016,-0.154,0.309,-0.205,0.269,0.028,-0.255,-0.474,0.412,0.351,0.423,0.071,0.003,-0.139,0.338,0.486,0.251,-0.214,0.226,-0.06
BFC,0.024,-0.114,0.157,0.055,0.311,-0.226,-0.119,-0.279,0.539,0.317,-0.046,0.094,-0.029,0.057,0.284,0.382,0.19,-0.094,0.0,-0.293,0.112,-0.08,-0.228,0.245,0.176,0.117,0.056,0.377,0.38,-0.04,0.336,0.371,0.26,0.579,0.665,0.225,0.174,0.351,0.476,0.13,0.196,0.031,-0.136,0.384,0.186,0.322,0.098,0.365,-0.153,0.135,0.613,0.143,0.266,0.382,-0.032,-0.293,0.177,0.549,0.138,-0.187,0.21,0.203,0.437,0.164,0.176,0.302,0.496,-0.034,-0.037,0.025,0.268,0.468,0.357,-0.031,0.585,0.158,0.035,0.079,0.081,0.012,0.266,-0.354,0.315,0.203,-0.31,0.0,0.251,-0.384,-0.325,0.333,0.05,-0.027,0.489,0.167,0.57,0.105,0.385,0.459,0.26,-0.019,0.541,-0.379,0.161,0.198,0.175,0.308,-0.018,0.089,0.154,-0.294,0.377,0.102,0.301,0.163,0.197,0.367,0.306,0.057,0.28,0.022,0.135,0.586,0.011,-0.137,0.611,0.599,0.042,0.468,0.462,0.489,0.501,-0.103,0.063,0.434,0.136,0.564,0.256,0.086,0.276,-0.085,0.189,-0.054,-0.234,0.063,0.186,-0.321,0.1,0.327,-0.067,0.544,0.333,0.224,0.456,-0.227,0.223,0.072,0.479,0.24,-0.116,0.406,-0.021,0.139,-0.011,0.372,-0.075,0.464,0.079,0.434,0.314,0.025,0.16,0.388,0.033,0.292,-0.081,0.017,0.625,0.318,0.096,-0.434,-0.16,0.073,-0.13,0.034,0.261,0.502,0.488,0.528,-0.284,0.1,-0.014,0.497,-0.295,0.14,0.024,-0.069,-0.177,0.218,0.105,0.477
BGC,-0.461,0.225,0.343,0.695,0.326,0.561,0.688,0.232,-0.345,0.326,0.635,-0.414,0.032,-0.544,-0.522,-0.159,0.579,0.316,-0.293,0.0,0.686,0.647,0.608,0.519,0.502,0.414,0.715,0.468,0.107,0.787,0.361,0.357,-0.202,-0.059,-0.183,0.509,0.652,0.243,-0.299,-0.426,0.561,0.64,0.5,-0.64,-0.243,-0.652,0.696,0.372,0.601,0.587,-0.076,0.683,-0.6,-0.5,0.766,0.404,-0.543,-0.091,0.734,-0.256,0.615,0.58,0.129,0.569,0.639,0.563,-0.033,0.437,0.704,-0.51,0.545,-0.451,0.319,-0.458,-0.134,0.467,0.439,0.759,0.537,0.608,0.426,0.67,-0.375,-0.729,0.792,0.681,0.158,0.036,0.749,0.232,-0.196,-0.52,0.059,-0.703,-0.097,-0.644,-0.378,0.194,0.057,-0.511,-0.007,0.474,0.386,-0.375,-0.681,-0.445,-0.199,0.434,0.294,-0.147,-0.086,0.367,0.455,-0.468,-0.62,-0.226,-0.599,0.45,0.223,-0.422,0.633,-0.533,0.574,0.765,-0.308,-0.529,0.582,-0.657,-0.037,-0.356,-0.069,-0.227,0.646,0.095,0.659,-0.588,-0.535,0.783,0.509,-0.581,0.493,0.51,0.506,0.586,0.625,-0.12,0.654,0.562,0.431,0.015,0.187,-0.305,0.343,0.634,0.148,0.436,0.005,0.433,-0.261,-0.662,0.776,-0.642,0.684,0.539,0.774,0.221,-0.563,0.108,-0.155,0.721,0.584,0.334,0.224,0.519,0.729,0.705,-0.18,-0.188,0.595,0.619,0.684,0.631,0.114,0.622,-0.603,-0.241,-0.237,-0.263,0.583,-0.556,-0.46,0.073,0.297,0.661,-0.103,0.515,-0.434,0.291,0.009,-0.179
BHF,-0.428,0.28,0.414,0.47,0.371,0.362,0.48,0.027,-0.037,0.419,0.519,-0.173,0.141,-0.471,-0.432,0.268,0.532,0.311,0.112,0.686,0.0,0.541,0.514,0.517,0.69,0.344,0.643,0.599,0.185,0.676,0.623,0.39,0.208,0.261,0.169,0.587,0.63,0.322,0.029,-0.202,0.546,0.558,0.482,-0.392,-0.081,-0.479,0.614,0.453,0.484,0.608,0.283,0.667,-0.311,-0.136,0.509,0.214,-0.342,0.174,0.741,-0.343,0.707,0.707,0.243,0.564,0.567,0.713,0.052,0.342,0.557,-0.466,0.551,-0.256,0.469,-0.316,0.136,0.448,0.62,0.72,0.619,0.547,0.345,0.337,0.01,-0.56,0.477,0.577,0.165,-0.227,0.291,0.407,-0.064,-0.401,0.378,-0.446,0.088,-0.418,-0.036,0.353,0.065,-0.349,0.494,0.271,0.446,-0.338,-0.395,-0.433,-0.072,0.376,0.367,-0.215,0.112,0.372,0.682,-0.223,-0.48,0.027,-0.315,0.313,0.258,-0.198,0.582,-0.222,0.413,0.598,0.081,-0.054,0.599,-0.327,0.199,-0.129,0.012,-0.247,0.476,0.25,0.637,-0.187,-0.333,0.793,0.562,-0.475,0.508,0.321,0.362,0.456,0.588,-0.211,0.644,0.667,0.311,0.417,0.216,-0.143,0.485,0.456,0.21,0.304,0.343,0.593,-0.261,-0.331,0.666,-0.365,0.531,0.755,0.705,0.462,-0.445,0.327,-0.147,0.63,0.631,0.421,0.468,0.603,0.498,0.675,0.112,-0.132,0.531,0.218,0.565,0.599,0.137,0.501,-0.353,-0.136,0.0,0.073,0.237,-0.386,-0.295,0.36,-0.053,0.627,0.143,0.623,-0.371,0.268,0.205,-0.046
BHFAL,-0.813,-0.269,0.262,0.63,0.583,0.077,0.665,-0.189,-0.287,-0.005,0.52,-0.387,-0.168,-0.453,-0.717,-0.14,0.683,-0.108,-0.08,0.647,0.541,0.0,0.415,0.531,0.776,0.321,0.736,0.719,-0.027,0.897,0.615,0.454,-0.154,0.251,0.002,0.449,0.81,0.441,-0.268,-0.354,0.784,0.552,-0.041,-0.634,-0.52,-0.825,0.571,0.734,0.23,0.87,-0.044,0.87,-0.746,-0.674,0.822,0.283,-0.675,0.222,0.683,-0.661,0.794,0.697,0.13,0.8,0.674,0.75,-0.273,0.654,0.265,-0.52,0.699,-0.223,0.403,-0.633,0.006,0.64,0.676,0.847,0.576,0.825,0.504,0.244,-0.234,-0.832,0.886,0.913,0.049,-0.181,0.671,0.277,-0.524,-0.536,0.119,-0.818,0.299,-0.876,-0.325,0.215,-0.099,-0.743,0.262,-0.027,0.174,-0.723,-0.79,-0.587,-0.379,0.36,-0.13,-0.69,0.078,0.358,0.383,-0.355,-0.894,-0.369,-0.808,0.32,0.154,-0.416,0.722,-0.521,0.589,0.83,-0.257,-0.61,0.738,-0.696,0.1,-0.428,-0.066,-0.551,0.589,0.192,0.821,-0.587,-0.798,0.707,0.376,-0.688,0.619,0.482,0.343,0.871,0.558,-0.593,0.863,0.814,0.529,0.172,0.145,-0.584,0.384,0.588,0.379,0.195,0.184,0.588,-0.715,-0.834,0.878,-0.733,0.839,0.618,0.731,0.554,-0.883,0.405,-0.217,0.828,0.713,0.407,0.28,0.66,0.922,0.818,-0.064,-0.379,0.517,0.079,0.825,0.8,0.216,0.708,-0.811,-0.165,0.074,0.198,0.315,-0.625,-0.624,0.063,0.079,0.812,-0.132,0.309,-0.69,0.31,0.253,-0.196
BKNG,-0.131,0.263,0.313,0.395,0.087,0.298,0.292,0.274,-0.104,0.431,0.301,-0.251,0.205,-0.361,-0.239,-0.078,0.286,0.569,-0.228,0.608,0.514,0.415,0.0,0.241,0.211,0.144,0.289,0.27,0.044,0.556,0.304,0.239,0.188,-0.205,-0.221,0.315,0.275,0.152,-0.076,-0.058,0.349,0.316,0.459,-0.223,-0.299,-0.498,0.518,0.338,0.353,0.31,0.14,0.331,-0.27,-0.088,0.497,0.233,-0.147,-0.021,0.378,-0.144,0.385,0.448,0.002,0.281,0.255,0.378,-0.025,0.387,0.37,-0.112,0.242,-0.079,0.03,-0.176,-0.185,0.298,0.168,0.431,0.225,0.639,0.129,0.261,0.124,-0.368,0.527,0.368,0.025,0.084,0.377,0.133,0.27,-0.09,-0.007,-0.339,-0.205,-0.365,-0.034,0.078,0.146,-0.294,0.102,0.331,0.283,-0.324,-0.178,-0.168,-0.007,0.22,0.246,0.189,-0.125,0.311,0.354,-0.049,-0.424,-0.199,-0.248,0.167,0.12,-0.018,0.329,-0.324,0.212,0.583,-0.384,-0.161,0.332,-0.156,-0.034,-0.456,-0.021,0.045,0.421,-0.097,0.239,-0.365,-0.231,0.564,0.592,-0.216,0.37,0.176,0.614,0.299,0.418,0.025,0.473,0.312,0.377,-0.064,0.076,-0.12,0.127,0.328,0.077,0.105,0.264,0.212,-0.028,-0.29,0.474,-0.237,0.368,0.489,0.629,0.19,-0.246,0.12,0.044,0.479,0.222,0.041,-0.007,0.139,0.513,0.598,-0.196,-0.162,0.357,0.398,0.416,0.287,0.217,0.244,-0.241,-0.079,-0.294,-0.353,0.54,-0.104,0.01,0.046,0.178,0.352,0.248,0.7,-0.154,0.087,0.414,-0.17
BL,-0.468,-0.236,0.801,0.894,0.889,0.36,0.828,-0.346,0.171,0.557,0.728,-0.321,-0.249,-0.649,-0.469,0.29,0.953,-0.143,0.245,0.519,0.517,0.531,0.241,0.0,0.47,0.735,0.714,0.751,0.737,0.69,0.264,0.861,-0.328,0.726,0.584,0.92,0.889,0.826,0.423,-0.788,0.806,0.893,0.181,-0.198,-0.27,-0.338,0.831,0.747,0.639,0.782,0.41,0.823,-0.619,-0.314,0.752,0.082,-0.392,0.695,0.889,-0.534,0.675,0.755,0.788,0.887,0.948,0.788,0.537,0.473,0.731,-0.794,0.903,-0.201,0.906,-0.853,0.634,0.886,0.436,0.841,0.822,0.475,0.939,0.295,-0.475,-0.564,0.432,0.716,0.697,-0.478,0.504,0.807,-0.487,-0.836,0.706,-0.742,0.569,-0.706,-0.481,0.817,0.427,-0.829,0.227,-0.12,0.8,-0.029,-0.665,-0.291,-0.603,0.906,0.494,-0.465,0.564,0.773,0.819,-0.737,-0.384,-0.147,-0.33,0.884,0.68,-0.81,0.924,0.153,0.932,0.64,0.351,-0.214,0.695,-0.265,0.686,0.354,0.609,-0.643,0.662,0.839,0.799,-0.047,-0.288,0.745,0.543,-0.931,0.881,0.873,0.302,0.767,0.947,-0.654,0.79,0.83,0.444,0.642,0.755,-0.315,0.922,0.356,0.323,0.786,0.256,0.79,-0.328,-0.354,0.801,-0.785,0.798,0.766,0.735,0.51,-0.619,0.726,0.363,0.832,0.915,0.917,0.373,0.93,0.597,0.75,0.565,0.394,0.938,0.241,0.474,0.72,-0.206,0.877,-0.593,0.366,0.491,0.449,0.256,-0.75,-0.613,0.7,-0.105,0.89,-0.568,0.204,-0.837,0.869,-0.27,0.465
BOKF,-0.662,-0.057,0.123,0.411,0.469,0.133,0.519,-0.079,-0.171,-0.069,0.545,-0.23,-0.199,-0.432,-0.488,-0.011,0.552,-0.224,0.176,0.502,0.69,0.776,0.211,0.47,0.0,0.269,0.729,0.711,-0.003,0.698,0.718,0.335,-0.003,0.371,0.126,0.382,0.728,0.323,-0.246,-0.122,0.651,0.456,-0.007,-0.599,-0.191,-0.541,0.408,0.583,0.145,0.772,0.03,0.805,-0.496,-0.405,0.583,0.223,-0.659,0.183,0.682,-0.582,0.743,0.563,0.088,0.676,0.585,0.744,-0.208,0.501,0.223,-0.448,0.624,-0.191,0.396,-0.417,0.04,0.442,0.686,0.75,0.491,0.616,0.358,0.147,-0.074,-0.645,0.638,0.772,0.065,-0.218,0.448,0.291,-0.386,-0.363,0.228,-0.618,0.257,-0.657,-0.065,0.221,-0.153,-0.499,0.476,0.098,0.097,-0.531,-0.603,-0.496,-0.21,0.216,-0.143,-0.693,0.162,0.164,0.429,-0.18,-0.646,-0.027,-0.662,0.172,0.171,-0.237,0.607,-0.426,0.404,0.589,0.056,-0.352,0.703,-0.566,0.082,-0.244,-0.098,-0.408,0.52,0.181,0.816,-0.39,-0.668,0.627,0.371,-0.534,0.443,0.279,0.082,0.695,0.477,-0.459,0.704,0.779,0.297,0.318,0.028,-0.381,0.383,0.558,0.266,0.13,0.252,0.53,-0.595,-0.625,0.691,-0.529,0.679,0.633,0.596,0.57,-0.741,0.326,-0.272,0.646,0.67,0.357,0.351,0.663,0.669,0.644,0.054,-0.41,0.341,-0.078,0.699,0.746,0.138,0.553,-0.513,-0.231,0.077,0.355,0.146,-0.506,-0.538,0.071,0.094,0.686,0.078,0.339,-0.51,0.228,0.275,-0.201
BRKR,-0.469,-0.155,0.74,0.652,0.749,0.139,0.512,-0.414,-0.128,0.433,0.715,0.046,0.121,-0.283,-0.479,0.542,0.712,0.006,0.117,0.414,0.344,0.321,0.144,0.735,0.269,0.0,0.463,0.68,0.724,0.555,0.166,0.459,0.033,0.407,0.439,0.624,0.63,0.726,0.344,-0.585,0.736,0.579,0.036,0.001,-0.304,-0.394,0.606,0.342,0.425,0.555,0.087,0.508,-0.495,-0.115,0.587,-0.229,-0.067,0.582,0.523,-0.116,0.578,0.575,0.401,0.7,0.713,0.371,0.402,0.422,0.534,-0.739,0.538,-0.339,0.725,-0.683,0.494,0.701,0.598,0.563,0.68,0.12,0.629,0.148,-0.292,-0.404,0.39,0.522,0.523,-0.401,0.444,0.769,-0.528,-0.675,0.694,-0.571,0.507,-0.461,-0.322,0.767,-0.012,-0.629,0.266,-0.222,0.764,-0.128,-0.366,-0.404,-0.509,0.689,0.571,-0.268,0.567,0.778,0.655,-0.465,-0.102,0.034,-0.099,0.641,0.432,-0.49,0.647,0.041,0.671,0.475,0.22,-0.198,0.77,-0.184,0.661,0.222,0.281,-0.671,0.374,0.645,0.53,-0.223,-0.022,0.571,0.457,-0.719,0.689,0.571,0.579,0.561,0.632,-0.631,0.597,0.582,0.632,0.704,0.794,-0.587,0.621,0.158,0.606,0.558,0.488,0.804,-0.421,-0.254,0.593,-0.568,0.467,0.556,0.561,0.437,-0.414,0.594,0.166,0.567,0.618,0.764,0.644,0.671,0.292,0.503,0.652,0.43,0.764,0.049,0.579,0.379,0.25,0.55,-0.425,-0.006,0.557,0.229,0.461,-0.42,-0.202,0.419,-0.36,0.564,-0.603,-0.024,-0.728,0.768,-0.284,0.091
CACC,-0.615,-0.017,0.341,0.707,0.593,0.454,0.809,0.005,-0.154,0.229,0.625,-0.43,-0.307,-0.695,-0.589,-0.019,0.75,-0.062,0.056,0.715,0.643,0.736,0.289,0.714,0.729,0.463,0.0,0.695,0.239,0.766,0.554,0.573,-0.293,0.449,0.218,0.644,0.847,0.47,-0.16,-0.503,0.705,0.769,0.234,-0.702,-0.226,-0.534,0.644,0.631,0.495,0.791,0.143,0.88,-0.699,-0.563,0.771,0.296,-0.705,0.256,0.856,-0.585,0.727,0.644,0.373,0.775,0.798,0.797,0.046,0.544,0.571,-0.691,0.815,-0.272,0.597,-0.664,0.099,0.662,0.538,0.877,0.691,0.585,0.646,0.429,-0.458,-0.725,0.674,0.897,0.36,-0.193,0.69,0.423,-0.499,-0.643,0.331,-0.775,0.266,-0.778,-0.41,0.41,0.124,-0.679,0.243,0.226,0.397,-0.282,-0.843,-0.478,-0.401,0.508,0.143,-0.593,0.182,0.348,0.543,-0.575,-0.652,-0.245,-0.712,0.537,0.413,-0.604,0.762,-0.322,0.71,0.644,0.115,-0.443,0.677,-0.617,0.2,-0.027,0.189,-0.42,0.675,0.404,0.871,-0.406,-0.653,0.76,0.484,-0.75,0.613,0.635,0.228,0.813,0.728,-0.462,0.728,0.786,0.34,0.304,0.255,-0.325,0.629,0.636,0.182,0.591,0.097,0.598,-0.442,-0.676,0.796,-0.758,0.833,0.711,0.696,0.469,-0.775,0.374,-0.082,0.754,0.827,0.586,0.332,0.806,0.788,0.691,0.11,-0.16,0.654,0.29,0.67,0.96,-0.114,0.809,-0.695,-0.046,0.075,0.176,0.381,-0.743,-0.753,0.284,0.265,0.84,-0.223,0.404,-0.621,0.5,-0.101,0.06
CAR,-0.741,-0.243,0.554,0.688,0.825,-0.029,0.55,-0.463,-0.019,0.323,0.625,-0.151,-0.039,-0.384,-0.54,0.341,0.839,-0.085,0.377,0.468,0.599,0.719,0.27,0.751,0.711,0.68,0.695,0.0,0.476,0.826,0.627,0.59,0.133,0.587,0.465,0.674,0.856,0.785,0.223,-0.375,0.93,0.603,-0.113,-0.212,-0.481,-0.562,0.636,0.761,0.225,0.854,0.227,0.831,-0.606,-0.258,0.772,-0.108,-0.333,0.651,0.716,-0.575,0.895,0.84,0.39,0.897,0.795,0.788,0.203,0.547,0.39,-0.626,0.794,-0.126,0.723,-0.683,0.493,0.809,0.722,0.83,0.733,0.599,0.676,-0.003,-0.061,-0.664,0.603,0.81,0.321,-0.546,0.435,0.671,-0.529,-0.652,0.662,-0.69,0.631,-0.721,-0.169,0.695,0.013,-0.762,0.604,-0.273,0.529,-0.479,-0.563,-0.443,-0.518,0.559,0.205,-0.691,0.528,0.622,0.718,-0.292,-0.529,-0.104,-0.395,0.47,0.384,-0.433,0.783,-0.051,0.643,0.674,0.155,-0.211,0.875,-0.275,0.592,-0.036,0.295,-0.717,0.499,0.573,0.807,-0.269,-0.429,0.757,0.564,-0.791,0.801,0.491,0.411,0.793,0.714,-0.798,0.861,0.92,0.573,0.699,0.57,-0.59,0.704,0.299,0.664,0.344,0.597,0.853,-0.733,-0.444,0.814,-0.631,0.748,0.826,0.692,0.812,-0.717,0.774,0.099,0.799,0.781,0.772,0.53,0.841,0.673,0.789,0.521,0.038,0.698,-0.186,0.72,0.713,0.273,0.687,-0.541,0.069,0.491,0.44,0.228,-0.547,-0.442,0.439,-0.298,0.815,-0.296,0.147,-0.855,0.591,0.044,0.069
CDNA,0.013,-0.137,0.793,0.602,0.71,0.154,0.379,-0.425,0.349,0.695,0.487,0.108,0.036,-0.29,-0.007,0.537,0.637,0.011,0.38,0.107,0.185,-0.027,0.044,0.737,-0.003,0.724,0.239,0.476,0.0,0.27,-0.025,0.631,-0.036,0.628,0.744,0.692,0.462,0.755,0.766,-0.59,0.522,0.562,0.077,0.381,-0.118,0.091,0.566,0.366,0.48,0.323,0.467,0.317,-0.219,0.259,0.328,-0.258,0.212,0.762,0.441,-0.142,0.298,0.466,0.715,0.518,0.58,0.357,0.829,0.2,0.539,-0.515,0.517,0.003,0.747,-0.547,0.805,0.639,0.13,0.365,0.536,0.019,0.702,-0.003,-0.171,-0.007,-0.067,0.193,0.766,-0.544,0.072,0.825,-0.221,-0.589,0.827,-0.288,0.575,-0.202,-0.26,0.853,0.525,-0.492,0.207,-0.309,0.823,0.297,-0.111,0.102,-0.492,0.761,0.641,-0.073,0.726,0.777,0.71,-0.451,0.212,0.077,0.28,0.727,0.623,-0.548,0.532,0.56,0.617,0.22,0.459,0.228,0.383,0.267,0.845,0.568,0.718,-0.479,0.319,0.81,0.31,0.291,0.319,0.375,0.42,-0.579,0.659,0.589,0.349,0.293,0.66,-0.492,0.37,0.436,0.348,0.731,0.87,-0.154,0.761,-0.166,0.402,0.641,0.422,0.605,-0.031,0.213,0.345,-0.342,0.31,0.502,0.361,0.349,-0.083,0.706,0.712,0.405,0.488,0.819,0.292,0.584,0.058,0.338,0.821,0.731,0.73,0.046,0.07,0.209,-0.138,0.436,-0.067,0.517,0.656,0.425,0.199,-0.316,-0.12,0.74,-0.368,0.431,-0.559,-0.044,-0.571,0.822,-0.389,0.575
CG,-0.753,-0.126,0.514,0.793,0.693,0.191,0.715,-0.225,-0.26,0.282,0.687,-0.305,0.005,-0.492,-0.682,0.056,0.821,0.078,-0.04,0.787,0.676,0.897,0.556,0.69,0.698,0.555,0.766,0.826,0.27,0.0,0.575,0.533,-0.049,0.293,0.116,0.648,0.879,0.629,-0.04,-0.471,0.9,0.682,0.085,-0.488,-0.585,-0.815,0.751,0.721,0.404,0.89,0.029,0.891,-0.788,-0.516,0.904,0.182,-0.502,0.357,0.781,-0.59,0.878,0.853,0.246,0.884,0.79,0.79,-0.033,0.646,0.498,-0.648,0.77,-0.31,0.562,-0.715,0.185,0.781,0.688,0.925,0.736,0.801,0.62,0.282,-0.217,-0.841,0.878,0.898,0.236,-0.348,0.686,0.505,-0.463,-0.688,0.355,-0.861,0.318,-0.855,-0.383,0.449,0.039,-0.815,0.323,-0.008,0.452,-0.646,-0.744,-0.576,-0.505,0.566,0.145,-0.547,0.26,0.609,0.633,-0.423,-0.785,-0.361,-0.635,0.502,0.277,-0.504,0.829,-0.391,0.708,0.898,-0.243,-0.516,0.848,-0.571,0.324,-0.365,0.095,-0.621,0.629,0.325,0.851,-0.566,-0.64,0.853,0.553,-0.798,0.791,0.592,0.59,0.856,0.74,-0.616,0.938,0.865,0.649,0.354,0.393,-0.631,0.539,0.49,0.512,0.336,0.337,0.744,-0.66,-0.724,0.966,-0.771,0.864,0.764,0.869,0.616,-0.822,0.571,-0.014,0.937,0.78,0.596,0.402,0.753,0.878,0.94,0.129,-0.178,0.731,0.17,0.851,0.781,0.267,0.763,-0.741,-0.112,0.155,0.127,0.445,-0.659,-0.527,0.241,-0.055,0.873,-0.228,0.34,-0.787,0.477,0.116,-0.123
CGBD,-0.496,0.045,0.037,0.253,0.313,-0.098,0.208,-0.095,-0.026,0.161,0.193,-0.12,0.035,-0.246,-0.313,0.118,0.344,0.14,0.336,0.361,0.623,0.615,0.304,0.264,0.718,0.166,0.554,0.627,-0.025,0.575,0.0,0.267,0.349,0.25,0.253,0.196,0.514,0.271,-0.182,0.176,0.559,0.217,0.016,-0.343,-0.223,-0.461,0.337,0.543,0.001,0.563,0.276,0.57,-0.23,-0.133,0.444,-0.05,-0.33,0.202,0.439,-0.441,0.706,0.533,0.025,0.475,0.364,0.612,-0.108,0.457,0.07,-0.201,0.471,0.237,0.255,-0.159,0.035,0.321,0.543,0.556,0.318,0.567,0.197,-0.048,0.296,-0.4,0.466,0.58,-0.022,-0.185,0.215,0.188,-0.168,-0.132,0.181,-0.347,0.276,-0.43,0.253,0.236,-0.128,-0.285,0.653,-0.053,0.055,-0.498,-0.315,-0.272,0.021,-0.001,-0.039,-0.518,0.081,0.051,0.345,0.114,-0.548,0.023,-0.396,-0.039,0.072,0.058,0.363,-0.238,0.146,0.388,0.074,0.007,0.497,-0.232,0.088,-0.246,-0.02,-0.239,0.404,0.075,0.535,-0.205,-0.434,0.605,0.496,-0.288,0.322,0.014,0.121,0.501,0.315,-0.422,0.541,0.664,0.38,0.331,-0.007,-0.223,0.329,0.3,0.394,0.02,0.493,0.469,-0.522,-0.33,0.493,-0.226,0.427,0.648,0.404,0.695,-0.485,0.295,-0.232,0.442,0.412,0.248,0.256,0.45,0.542,0.471,0.087,-0.336,0.205,-0.191,0.622,0.541,0.256,0.338,-0.299,-0.082,0.101,0.169,0.129,-0.108,-0.271,0.134,-0.012,0.473,0.333,0.385,-0.35,0.047,0.397,-0.146
