,ACET,ADAP,ADI,ADPT,ADTN,AGEN,ALGN,ALLK,AMD,AMWD,ARDX,ARQT,ASTE,AUPH,AVXL,AZTA,BAND,BECN,BFC,BGC,BHF,BHFAL,BKNG,BL,BOKF,BRKR,CACC,CAR,CDNA,CG,CGBD,CHI,CHTR,CHX,CLNE,CME,CNOB,CNXN,CPRX,CSGP,CSGS,CSIQ,CVCO,CVLT,CYRX,DDOG,DOOO,DSGX,DTIL,ECPG,EEFT,EFSC,ENTG,ESPR,ETSY,EXC,FAMI,FFIV,FITB,FIZZ,FMBH,FOX,FTNT,FULT,GABC,GEN,GH,GMAB,GNPX,GO,GOGL,GOOG,GPRO,GSHD,GSM,GWAV,HAIN,HBAN,HEPA,HURN,HWKN,IBIO,ICFI,IGMS,IMKTA,INCY,INO,IRDM,IRTC,IRWD,ITCI,JACK,JD,JJSF,KALA,KHC,KLAC,KRRO,KRYS,LANC,LBTYA,LIVN,LKCO,LNTH,LOGI,LPRO,LRCX,LSCC,LSTR,MAR,MARA,MCHP,MEOH,META,MGTX,MKSI,MMYT,MORN,MRUS,MTLS,MTSI,MVIS,MXL,NBIX,NFE,NMIH,NMRK,NNDM,NSIT,NTCT,NVAX,OCUL,ODP,OLED,ONB,OTEX,PACB,PATK,PAYX,PEP,PERI,PI,PLYA,PRDO,PRGS,PTGX,QCOM,QCRH,QDEL,QFIN,RGEN,RILY,RPAY,RPD,SABR,SEDG,SHEN,SIRI,SLNO,SNDL,SNEX,SONO,SPT,SSNC,STGW,STKL,STRL,STX,SWTX,SYNA,TFSL,TIGR,TNXP,TOWN,TRI,TRIP,TRMB,TRNS,TRS,TSCO,TSEM,TVTX,TXRH,VC,VCEL,VECO,VIAV,VICR,VIR,VRTX,VSTM,VTRS,WDFC,WSBC,WSC,WYNN,XENE,XNCR,XRAY,ZS
ACET,0.0,0.267,0.105,-0.09,0.257,0.648,0.332,0.442,0.44,-0.18,0.363,0.236,-0.159,0.596,0.664,0.035,0.333,0.49,-0.232,0.084,0.118,-0.283,0.108,0.153,0.133,0.566,0.266,0.748,0.264,0.128,0.241,-0.552,0.1,0.399,0.268,-0.403,-0.357,-0.12,-0.464,-0.064,-0.45,0.301,-0.294,0.28,-0.073,0.195,-0.36,0.234,0.664,0.072,0.42,0.214,0.106,0.833,0.069,0.096,-0.298,-0.237,0.069,-0.264,-0.167,-0.034,0.392,-0.224,-0.356,-0.075,0.388,0.235,0.318,0.418,0.398,-0.109,0.404,-0.24,-0.236,-0.462,0.471,-0.062,0.251,-0.135,-0.313,0.157,-0.339,0.629,0.135,-0.057,0.715,0.317,-0.26,-0.695,0.305,0.451,0.192,-0.353,-0.134,-0.003,-0.141,0.223,0.745,-0.727,0.316,-0.041,-0.231,0.197,-0.117,-0.06,-0.408,0.43,-0.048,0.319,0.674,0.362,0.275,0.653,0.164,0.126,0.318,0.23,0.471,0.467,0.038,0.449,0.254,-0.092,0.04,-0.083,0.281,0.399,0.291,0.125,0.56,-0.062,0.252,0.339,-0.069,-0.298,0.38,0.175,0.15,-0.28,0.704,0.556,0.514,0.146,0.339,-0.347,-0.116,-0.185,0.181,0.281,-0.133,-0.14,-0.123,-0.728,0.252,0.535,-0.608,0.049,0.591,0.605,0.139,0.482,0.295,-0.262,0.446,-0.498,0.633,0.145,0.34,0.362,-0.018,0.022,0.603,-0.144,-0.719,0.258,0.134,-0.103,-0.098,0.158,0.057,-0.32,0.389,0.425,0.032,-0.36,0.578,-0.262,0.221,-0.199,0.302,0.056,0.333,-0.149,0.331,0.079,0.255,-0.434,0.157,-0.034
ADAP,0.267,0.0,0.148,0.152,0.06,0.103,-0.046,0.129,0.21,0.251,0.046,0.114,0.124,0.207,0.076,-0.073,0.244,0.311,0.149,0.15,0.158,0.134,0.151,0.277,0.189,0.498,0.226,0.271,-0.009,0.229,0.167,0.021,0.147,0.131,0.454,-0.051,0.121,0.035,0.188,0.35,0.03,0.148,0.148,0.179,0.132,0.156,0.011,0.302,0.184,0.127,0.324,0.373,0.022,0.324,0.132,-0.039,-0.059,-0.089,0.27,-0.049,0.065,0.287,0.115,0.136,0.231,0.109,-0.061,0.303,0.211,0.095,-0.131,-0.127,0.297,0.19,0.067,0.032,0.205,0.122,0.145,0.282,0.205,0.011,-0.077,0.247,-0.039,0.222,0.394,0.363,0.141,0.062,0.155,0.275,-0.087,-0.084,-0.183,0.163,-0.094,0.148,0.237,0.018,0.294,-0.07,0.188,0.339,-0.166,0.278,-0.171,0.144,0.106,0.078,0.158,0.228,0.02,0.303,0.386,-0.006,0.109,0.145,0.437,0.413,0.049,0.175,0.391,0.067,0.287,0.099,0.241,0.11,0.145,0.276,0.058,-0.017,0.103,0.273,0.107,0.049,0.196,0.21,0.078,-0.076,0.152,0.313,0.357,0.202,0.139,-0.187,0.127,0.082,-0.09,-0.11,0.027,0.151,0.326,0.048,0.099,0.247,0.007,0.287,0.142,0.201,0.129,0.149,0.105,0.235,0.161,-0.082,0.189,0.048,0.196,0.068,0.115,-0.005,0.164,0.157,-0.154,0.224,0.026,0.011,0.03,0.016,0.15,-0.141,0.423,0.101,0.275,0.075,0.069,-0.146,-0.032,0.268,0.038,0.273,0.073,0.288,0.222,0.004,0.135,0.304,0.126,0.253
ADI,0.105,0.148,0.0,0.63,0.191,0.334,0.651,0.524,0.567,0.464,0.549,0.426,0.629,0.504,0.5,0.012,0.769,0.627,0.101,0.58,0.388,0.267,0.621,0.71,0.495,0.24,0.593,0.397,0.401,0.596,0.464,0.445,0.353,0.486,0.582,0.214,0.37,0.512,0.422,0.409,0.32,0.52,0.725,0.6,-0.26,0.626,0.372,0.684,0.548,0.488,0.295,0.538,0.566,0.219,0.568,0.36,0.296,0.454,0.382,-0.076,0.358,-0.198,0.611,0.358,0.259,0.65,0.425,0.447,0.174,0.413,0.327,0.396,0.708,0.451,0.455,0.297,0.41,0.44,-0.007,-0.021,0.401,-0.319,-0.374,0.424,0.027,-0.007,0.343,-0.143,0.042,0.275,0.031,0.559,0.572,0.127,-0.514,0.18,0.535,0.426,0.441,-0.309,0.336,0.297,0.288,0.569,0.405,0.59,0.59,0.394,0.353,0.516,0.476,0.904,0.413,0.579,-0.281,0.43,0.689,0.539,0.328,0.61,0.809,0.379,0.551,0.352,0.364,0.562,0.673,0.427,0.811,0.06,0.497,-0.365,0.136,0.894,0.42,0.701,0.744,0.664,0.428,0.148,0.322,0.358,0.692,0.369,0.586,-0.366,0.665,0.35,0.388,0.531,0.341,0.417,0.435,0.346,0.542,0.684,-0.078,0.202,0.591,0.386,0.652,0.707,0.585,0.487,0.32,-0.21,0.444,0.196,0.586,0.776,0.451,0.589,0.633,0.466,-0.145,0.696,0.748,0.522,0.34,-0.245,0.493,0.022,0.65,0.562,0.679,0.542,0.038,0.177,-0.024,0.404,0.401,0.439,0.612,0.367,0.576,0.786,-0.099,0.229,0.759,0.346
ADPT,-0.09,0.152,0.63,0.0,-0.368,0.033,0.192,0.762,0.003,0.538,0.658,0.697,0.911,0.628,0.21,-0.023,0.779,0.566,0.614,0.787,0.796,0.542,0.908,0.85,0.903,0.176,0.838,0.034,0.749,0.897,0.759,0.329,0.804,0.731,0.512,0.672,0.865,0.845,0.689,0.461,0.612,0.064,0.69,0.846,-0.311,0.863,0.695,0.592,0.558,0.878,-0.123,0.851,-0.149,0.191,0.944,0.749,0.681,0.729,0.853,0.524,0.88,-0.526,0.718,0.881,0.789,0.955,0.608,0.745,-0.261,0.724,-0.133,0.496,0.461,0.907,0.83,0.317,0.422,0.884,-0.565,-0.068,0.695,-0.817,-0.661,0.539,0.375,0.49,0.398,-0.45,0.16,0.637,-0.265,0.316,0.743,0.542,-0.398,0.632,-0.084,0.699,0.323,-0.287,0.721,0.696,0.708,0.633,0.753,0.889,0.281,-0.367,0.865,0.766,0.501,0.584,0.639,0.515,-0.025,-0.244,0.833,0.855,0.145,0.293,0.765,-0.29,0.569,0.842,0.807,0.914,0.874,0.596,0.797,-0.401,0.428,-0.768,0.509,0.592,0.887,0.846,0.496,0.89,0.86,0.655,0.445,-0.323,0.411,0.821,0.504,-0.63,0.885,0.871,0.634,0.645,0.859,0.904,0.799,0.628,0.841,0.203,-0.195,0.691,0.628,0.277,0.932,0.561,0.806,0.911,-0.025,-0.287,0.39,-0.441,0.797,0.709,0.893,0.831,0.575,0.899,-0.155,0.868,0.723,0.195,0.548,-0.55,0.25,0.47,0.767,0.804,0.774,0.72,-0.388,0.582,-0.679,0.778,0.78,0.877,0.82,0.844,0.481,0.786,-0.493,0.27,0.856,0.535
ADTN,0.257,0.06,0.191,-0.368,0.0,0.482,0.382,-0.269,0.332,-0.042,-0.213,-0.538,-0.402,-0.175,0.275,0.268,0.07,0.028,-0.676,-0.329,-0.426,-0.151,-0.472,-0.221,-0.431,0.192,-0.348,0.36,-0.305,-0.396,-0.431,0.139,-0.426,-0.292,0.168,-0.601,-0.557,-0.343,-0.4,-0.225,-0.31,0.399,-0.12,-0.333,0.208,-0.407,-0.303,-0.153,-0.032,-0.494,0.401,-0.35,0.572,0.074,-0.402,-0.41,-0.462,-0.392,-0.432,-0.622,-0.613,0.495,-0.284,-0.535,-0.514,-0.354,-0.137,-0.468,0.132,-0.399,0.656,-0.237,0.154,-0.539,-0.389,-0.232,0.112,-0.493,0.634,-0.253,-0.559,0.675,0.2,-0.102,-0.1,-0.373,-0.099,0.416,-0.063,-0.34,0.218,0.199,-0.161,-0.37,-0.131,-0.493,0.344,-0.483,0.043,-0.019,-0.36,-0.302,-0.605,-0.326,-0.477,-0.478,-0.075,0.661,-0.471,-0.304,-0.027,0.091,-0.134,-0.006,0.121,0.554,-0.173,-0.365,0.106,0.245,0.034,0.703,-0.054,-0.497,-0.383,-0.467,-0.223,-0.218,-0.06,0.809,0.213,0.49,-0.353,0.243,-0.491,-0.323,0.223,-0.298,-0.499,-0.591,-0.077,0.607,0.183,-0.512,-0.156,0.31,-0.396,-0.605,-0.1,-0.119,-0.561,-0.58,-0.446,-0.382,-0.277,0.262,0.329,-0.477,-0.086,0.22,-0.289,0.02,-0.353,-0.455,0.251,0.338,-0.089,0.735,-0.385,0.046,-0.47,-0.316,0.037,-0.527,-0.198,-0.216,0.049,0.32,-0.267,0.564,0.143,-0.426,-0.174,-0.198,-0.162,-0.486,0.694,-0.436,0.639,-0.548,-0.4,-0.373,-0.26,-0.469,0.352,-0.027,0.38,-0.197,-0.054,-0.532
AGEN,0.648,0.103,0.334,0.033,0.482,0.0,0.711,0.298,0.267,-0.169,0.449,-0.076,-0.138,0.378,0.83,0.245,0.411,0.442,-0.533,-0.087,-0.143,-0.079,0.03,0.216,0.033,0.552,0.167,0.775,0.176,-0.006,-0.009,-0.217,-0.145,0.153,0.422,-0.596,-0.383,-0.167,-0.23,0.13,-0.423,0.256,0.074,0.171,0.107,0.105,-0.383,0.229,0.587,-0.092,0.416,0.123,0.412,0.557,0.139,-0.131,-0.404,-0.21,-0.133,-0.582,-0.276,0.137,0.358,-0.301,-0.4,0.006,0.448,-0.035,0.087,0.141,0.631,-0.193,0.538,-0.27,-0.216,-0.345,0.151,-0.222,0.495,-0.409,-0.404,0.277,-0.27,0.49,0.018,-0.35,0.367,0.404,-0.367,-0.365,0.21,0.237,0.155,-0.54,-0.35,-0.39,0.21,0.063,0.572,-0.685,0.086,-0.071,-0.292,0.239,-0.23,-0.137,-0.132,0.55,-0.088,0.148,0.458,0.297,0.023,0.496,-0.039,0.507,0.358,0.059,0.208,0.428,0.172,0.475,0.198,-0.169,-0.048,-0.179,0.256,0.026,0.368,0.355,0.771,0.184,-0.196,0.501,-0.18,-0.229,0.68,0.177,-0.011,-0.473,0.477,0.567,0.607,-0.063,0.015,0.082,-0.14,-0.292,0.107,0.219,-0.274,-0.25,-0.304,-0.502,0.216,0.526,-0.265,-0.166,0.544,0.477,0.137,0.436,0.224,-0.238,0.653,-0.345,0.214,0.507,0.151,0.426,-0.151,-0.024,0.503,-0.249,-0.433,0.288,0.412,0.472,-0.407,0.295,0.264,-0.32,0.296,0.333,0.181,-0.344,0.519,-0.327,0.44,-0.234,0.143,-0.028,0.321,-0.298,0.594,0.386,0.5,-0.179,0.421,-0.164
ALGN,0.332,-0.046,0.651,0.192,0.382,0.711,0.0,0.237,0.597,-0.01,0.38,0.049,0.176,0.365,0.694,-0.011,0.534,0.492,-0.37,0.103,-0.087,-0.001,0.24,0.354,0.075,0.303,0.315,0.65,0.109,0.183,0.132,0.109,-0.167,0.178,0.42,-0.251,-0.175,0.058,0.046,0.199,-0.17,0.291,0.507,0.305,-0.223,0.267,-0.22,0.483,0.568,0.067,0.336,0.204,0.764,0.161,0.214,-0.045,-0.296,-0.098,-0.113,-0.522,-0.125,-0.036,0.481,-0.191,-0.329,0.221,0.375,0.131,0.292,0.138,0.542,0.283,0.757,-0.053,-0.111,0.154,0.116,-0.074,0.424,-0.225,-0.046,0.076,-0.212,0.309,-0.304,-0.558,0.216,0.239,-0.365,-0.141,0.371,0.456,0.272,-0.413,-0.505,-0.376,0.678,0.285,0.556,-0.539,0.019,0.051,-0.055,0.428,-0.019,0.131,0.452,0.646,-0.12,0.162,0.423,0.587,0.016,0.536,-0.447,0.754,0.53,0.181,0.208,0.579,0.436,0.56,0.264,-0.175,-0.17,0.053,0.392,0.072,0.59,0.202,0.563,0.082,-0.321,0.738,-0.076,0.201,0.804,0.363,0.069,-0.302,0.266,0.62,0.708,-0.063,0.278,0.024,0.209,-0.161,0.055,0.263,-0.153,-0.097,-0.147,-0.157,0.206,0.724,-0.202,-0.224,0.566,0.322,0.296,0.605,0.421,-0.056,0.706,-0.418,0.275,0.597,0.257,0.536,-0.044,0.224,0.524,-0.034,-0.163,0.401,0.585,0.6,-0.223,-0.018,0.619,-0.228,0.372,0.345,0.482,0.143,0.226,-0.082,0.449,0.001,0.109,-0.03,0.396,-0.214,0.424,0.561,0.392,0.148,0.561,-0.041
ALLK,0.442,0.129,0.524,0.762,-0.269,0.298,0.237,0.0,0.136,0.404,0.818,0.808,0.691,0.911,0.584,0.097,0.761,0.751,0.434,0.751,0.849,0.174,0.844,0.748,0.878,0.367,0.848,0.355,0.895,0.83,0.835,-0.163,0.844,0.949,0.488,0.423,0.554,0.716,0.252,0.261,0.379,0.239,0.274,0.912,-0.282,0.87,0.491,0.61,0.818,0.842,0.036,0.799,-0.199,0.642,0.848,0.808,0.527,0.617,0.807,0.419,0.718,-0.645,0.869,0.674,0.482,0.792,0.805,0.724,-0.102,0.942,0.123,0.325,0.479,0.633,0.644,-0.138,0.679,0.787,-0.529,-0.133,0.39,-0.667,-0.783,0.861,0.594,0.495,0.735,-0.361,0.097,0.114,-0.225,0.495,0.816,0.387,-0.39,0.649,-0.271,0.693,0.62,-0.69,0.831,0.646,0.416,0.54,0.694,0.686,-0.05,-0.168,0.805,0.961,0.838,0.652,0.817,0.713,0.053,-0.29,0.834,0.911,0.349,0.37,0.697,-0.074,0.587,0.761,0.771,0.778,0.868,0.852,0.827,-0.367,0.717,-0.759,0.724,0.616,0.783,0.529,0.548,0.837,0.891,0.505,0.848,-0.063,0.522,0.854,0.699,-0.809,0.674,0.702,0.791,0.834,0.747,0.734,0.627,0.107,0.939,0.382,-0.588,0.655,0.843,0.634,0.86,0.761,0.83,0.631,0.093,-0.503,0.734,-0.467,0.908,0.839,0.818,0.747,0.847,0.691,-0.626,0.843,0.709,0.002,0.511,-0.362,0.028,0.271,0.807,0.953,0.558,0.376,0.053,0.4,-0.576,0.479,0.935,0.825,0.919,0.661,0.56,0.72,-0.44,-0.209,0.775,0.501
AMD,0.44,0.21,0.567,0.003,0.332,0.267,0.597,0.136,0.0,0.05,0.125,0.204,0.148,0.345,0.4,-0.247,0.386,0.463,-0.102,0.177,0.014,-0.167,0.212,0.328,0.039,0.208,0.317,0.603,-0.01,0.217,0.259,0.046,-0.07,0.198,0.347,-0.098,-0.147,0.03,-0.021,0.164,-0.175,0.345,0.308,0.28,-0.286,0.27,-0.179,0.506,0.404,0.104,0.452,0.193,0.702,0.197,-0.008,-0.053,-0.162,-0.092,-0.042,-0.315,-0.113,0.039,0.377,-0.166,-0.247,0.08,0.144,0.274,0.557,0.169,0.293,0.361,0.66,-0.056,-0.144,0.235,0.317,-0.013,0.302,0.178,0.144,0.053,-0.069,0.258,-0.39,-0.393,0.407,0.157,-0.159,-0.344,0.48,0.634,0.133,-0.21,-0.344,-0.148,0.617,0.33,0.604,-0.329,0.032,-0.108,0.035,0.411,0.006,0.212,0.451,0.729,-0.233,0.124,0.407,0.715,0.123,0.582,-0.291,0.543,0.356,0.172,0.551,0.754,0.288,0.597,0.298,-0.228,-0.193,0.076,0.308,0.256,0.443,0.181,0.16,-0.014,-0.063,0.586,-0.078,0.219,0.494,0.258,0.031,-0.275,0.244,0.702,0.626,0.009,0.494,-0.222,0.24,-0.134,-0.086,0.134,-0.159,-0.07,0.021,-0.215,0.058,0.767,-0.252,-0.183,0.432,0.256,0.177,0.566,0.328,-0.083,0.504,-0.422,0.541,0.43,0.289,0.404,-0.029,0.177,0.459,0.035,-0.207,0.262,0.266,0.224,0.108,-0.173,0.506,-0.407,0.369,0.189,0.352,0.228,0.175,-0.123,0.415,0.053,0.008,-0.089,0.216,-0.104,0.113,0.192,0.247,0.135,0.2,0.153
AMWD,-0.18,0.251,0.464,0.538,-0.042,-0.169,-0.01,0.404,0.05,0.0,0.233,0.393,0.664,0.371,0.048,0.218,0.387,0.509,0.437,0.657,0.567,0.161,0.475,0.446,0.44,0.205,0.396,-0.027,0.305,0.528,0.389,0.47,0.508,0.446,0.497,0.489,0.513,0.608,0.51,0.235,0.728,0.379,0.489,0.499,0.091,0.402,0.631,0.557,0.138,0.468,0.015,0.462,0.006,0.011,0.439,0.381,0.389,0.49,0.582,0.335,0.446,-0.106,0.35,0.542,0.567,0.556,0.116,0.419,0.131,0.321,-0.002,0.143,0.292,0.591,0.432,0.08,0.297,0.543,-0.237,0.415,0.53,-0.339,-0.054,0.307,0.349,0.492,0.241,-0.194,0.573,0.588,-0.233,0.578,0.311,0.507,-0.502,0.493,0.032,0.262,0.036,0.15,0.31,0.424,0.277,0.246,0.399,0.579,0.138,-0.1,0.534,0.493,0.19,0.443,0.418,0.128,0.07,-0.183,0.335,0.459,0.42,0.144,0.58,0.18,0.472,0.463,0.519,0.631,0.458,0.505,0.507,0.181,0.193,-0.323,0.415,0.479,0.525,0.564,0.356,0.554,0.405,0.327,0.12,0.032,0.303,0.474,0.569,-0.367,0.499,0.468,0.361,0.308,0.453,0.515,0.709,0.554,0.419,0.224,0.256,0.476,0.186,0.286,0.438,0.341,0.261,0.649,-0.067,0.101,0.378,-0.213,0.464,0.357,0.529,0.428,0.304,0.514,-0.126,0.453,0.474,0.181,0.644,-0.108,0.156,0.231,0.553,0.359,0.433,0.48,0.014,0.3,-0.433,0.451,0.31,0.572,0.369,0.611,0.43,0.495,-0.382,0.268,0.45,0.44
ARDX,0.363,0.046,0.549,0.658,-0.213,0.449,0.38,0.818,0.125,0.233,0.0,0.697,0.55,0.746,0.672,0.173,0.617,0.672,0.335,0.53,0.593,0.197,0.724,0.684,0.7,0.276,0.705,0.474,0.774,0.634,0.701,-0.153,0.578,0.74,0.498,0.259,0.431,0.508,0.324,0.32,0.203,0.198,0.323,0.754,-0.147,0.741,0.309,0.555,0.705,0.662,0.026,0.657,0.011,0.587,0.738,0.539,0.366,0.508,0.549,0.189,0.556,-0.46,0.808,0.505,0.38,0.654,0.754,0.532,0.011,0.75,0.135,0.23,0.515,0.498,0.498,-0.094,0.414,0.573,-0.333,-0.198,0.275,-0.515,-0.615,0.831,0.423,0.196,0.568,-0.262,0.067,0.145,-0.197,0.313,0.635,0.156,-0.288,0.316,0.001,0.549,0.581,-0.65,0.601,0.532,0.351,0.639,0.536,0.579,0.159,0.016,0.615,0.776,0.618,0.592,0.551,0.605,-0.072,-0.046,0.716,0.685,0.204,0.31,0.539,-0.053,0.446,0.598,0.632,0.603,0.716,0.585,0.714,-0.346,0.691,-0.525,0.483,0.574,0.607,0.397,0.616,0.696,0.701,0.244,0.698,0.018,0.581,0.682,0.494,-0.517,0.565,0.545,0.548,0.678,0.563,0.564,0.424,0.078,0.773,0.417,-0.511,0.395,0.744,0.549,0.687,0.685,0.708,0.479,0.288,-0.506,0.552,-0.288,0.767,0.728,0.635,0.584,0.712,0.539,-0.481,0.771,0.686,0.32,0.256,-0.331,0.141,0.187,0.656,0.777,0.478,0.346,-0.005,0.314,-0.307,0.386,0.773,0.577,0.771,0.485,0.523,0.687,-0.19,-0.095,0.684,0.528
ARQT,0.236,0.114,0.426,0.697,-0.538,-0.076,0.049,0.808,0.204,0.393,0.697,0.0,0.754,0.772,0.245,-0.2,0.556,0.621,0.709,0.737,0.827,0.123,0.87,0.724,0.818,0.189,0.822,0.172,0.73,0.835,0.88,-0.147,0.787,0.831,0.378,0.624,0.66,0.675,0.477,0.348,0.403,0.13,0.325,0.851,-0.396,0.851,0.49,0.658,0.589,0.861,-0.074,0.776,-0.22,0.411,0.739,0.716,0.574,0.578,0.79,0.606,0.784,-0.618,0.777,0.721,0.59,0.717,0.578,0.839,0.104,0.887,-0.252,0.458,0.414,0.734,0.568,0.131,0.449,0.808,-0.636,0.202,0.648,-0.766,-0.63,0.672,0.331,0.455,0.643,-0.416,0.12,0.214,-0.064,0.456,0.62,0.481,-0.247,0.673,-0.174,0.775,0.563,-0.446,0.739,0.575,0.618,0.624,0.716,0.815,0.135,-0.245,0.708,0.825,0.61,0.621,0.661,0.614,-0.003,-0.385,0.713,0.84,0.331,0.343,0.514,-0.223,0.493,0.704,0.693,0.825,0.762,0.788,0.67,-0.558,0.263,-0.78,0.701,0.416,0.776,0.604,0.336,0.779,0.855,0.557,0.642,-0.17,0.414,0.873,0.726,-0.765,0.734,0.766,0.51,0.585,0.76,0.796,0.73,0.258,0.726,0.34,-0.591,0.672,0.679,0.311,0.762,0.621,0.791,0.669,0.061,-0.583,0.679,-0.618,0.897,0.59,0.805,0.698,0.619,0.795,-0.357,0.732,0.482,-0.11,0.599,-0.631,0.117,0.313,0.727,0.757,0.565,0.63,-0.293,0.49,-0.64,0.686,0.782,0.715,0.737,0.708,0.249,0.447,-0.456,0.026,0.531,0.632
ASTE,-0.159,0.124,0.629,0.911,-0.402,-0.138,0.176,0.691,0.148,0.664,0.55,0.754,0.0,0.621,0.114,-0.179,0.693,0.614,0.704,0.859,0.819,0.434,0.916,0.829,0.857,0.125,0.847,0.004,0.647,0.921,0.797,0.357,0.771,0.728,0.512,0.758,0.866,0.864,0.747,0.501,0.725,0.066,0.748,0.847,-0.404,0.861,0.697,0.71,0.483,0.892,-0.068,0.846,-0.054,0.042,0.849,0.712,0.671,0.711,0.845,0.586,0.876,-0.526,0.722,0.862,0.786,0.92,0.494,0.818,-0.034,0.698,-0.221,0.58,0.515,0.923,0.759,0.427,0.386,0.893,-0.568,0.195,0.851,-0.812,-0.525,0.458,0.265,0.462,0.405,-0.442,0.208,0.645,-0.129,0.465,0.676,0.61,-0.451,0.657,0.045,0.773,0.328,-0.192,0.669,0.638,0.758,0.654,0.762,0.949,0.399,-0.306,0.789,0.748,0.472,0.645,0.608,0.489,-0.105,-0.213,0.797,0.847,0.274,0.36,0.743,-0.199,0.586,0.757,0.721,0.959,0.849,0.649,0.802,-0.375,0.249,-0.755,0.515,0.589,0.853,0.908,0.462,0.905,0.827,0.668,0.365,-0.234,0.445,0.823,0.653,-0.645,0.921,0.861,0.529,0.58,0.816,0.9,0.884,0.685,0.745,0.294,-0.165,0.686,0.578,0.195,0.878,0.571,0.782,0.908,0.02,-0.327,0.491,-0.444,0.824,0.664,0.869,0.828,0.536,0.924,-0.087,0.815,0.682,0.163,0.698,-0.672,0.305,0.415,0.771,0.726,0.814,0.858,-0.442,0.577,-0.677,0.835,0.698,0.82,0.75,0.84,0.362,0.698,-0.506,0.383,0.772,0.595
AUPH,0.596,0.207,0.504,0.628,-0.175,0.378,0.365,0.911,0.345,0.371,0.746,0.772,0.621,0.0,0.647,0.024,0.769,0.83,0.329,0.717,0.772,0.077,0.787,0.723,0.773,0.439,0.843,0.553,0.788,0.778,0.83,-0.231,0.715,0.907,0.492,0.321,0.409,0.623,0.171,0.249,0.254,0.222,0.261,0.888,-0.28,0.823,0.331,0.668,0.848,0.761,0.119,0.77,-0.047,0.674,0.739,0.683,0.347,0.45,0.698,0.299,0.572,-0.511,0.882,0.52,0.329,0.687,0.756,0.725,0.107,0.908,0.208,0.364,0.622,0.531,0.441,-0.114,0.704,0.662,-0.352,-0.034,0.337,-0.56,-0.705,0.888,0.425,0.346,0.83,-0.222,0.012,-0.049,0.03,0.664,0.711,0.237,-0.44,0.52,-0.154,0.724,0.787,-0.749,0.752,0.57,0.353,0.58,0.577,0.639,-0.041,0.029,0.646,0.885,0.891,0.71,0.738,0.823,-0.001,-0.133,0.832,0.856,0.481,0.505,0.622,0.134,0.598,0.599,0.599,0.664,0.864,0.838,0.834,-0.261,0.692,-0.679,0.658,0.671,0.655,0.428,0.614,0.807,0.798,0.323,0.882,0.157,0.657,0.769,0.786,-0.768,0.583,0.55,0.636,0.729,0.578,0.593,0.526,-0.059,0.831,0.531,-0.652,0.514,0.882,0.669,0.797,0.847,0.829,0.506,0.281,-0.644,0.852,-0.305,0.866,0.804,0.699,0.675,0.878,0.596,-0.655,0.83,0.669,0.022,0.463,-0.332,0.195,0.09,0.824,0.907,0.576,0.327,0.126,0.34,-0.385,0.395,0.839,0.711,0.892,0.531,0.525,0.625,-0.253,-0.181,0.713,0.475
AVXL,0.664,0.076,0.5,0.21,0.275,0.83,0.694,0.584,0.4,0.048,0.672,0.245,0.114,0.647,0.0,0.346,0.566,0.687,-0.308,0.217,0.197,-0.102,0.31,0.407,0.286,0.463,0.432,0.821,0.483,0.258,0.335,-0.3,0.151,0.487,0.474,-0.304,-0.152,0.123,-0.157,0.098,-0.166,0.325,0.118,0.471,0.055,0.394,-0.103,0.481,0.744,0.229,0.321,0.318,0.367,0.68,0.343,0.148,-0.131,0.087,0.115,-0.379,-0.001,-0.156,0.635,-0.051,-0.215,0.275,0.65,0.152,0.18,0.447,0.64,-0.022,0.642,-0.058,0.044,-0.369,0.439,0.088,0.188,-0.326,-0.2,0.015,-0.401,0.749,0.259,-0.201,0.521,0.112,-0.139,-0.354,0.005,0.44,0.416,-0.305,-0.481,-0.133,0.185,0.268,0.683,-0.819,0.31,0.191,-0.145,0.417,0.105,0.108,0.02,0.522,0.182,0.501,0.66,0.554,0.333,0.622,-0.159,0.377,0.526,0.362,0.339,0.485,0.407,0.454,0.326,0.102,0.185,0.116,0.484,0.372,0.6,0.146,0.873,-0.095,0.138,0.679,0.116,-0.012,0.749,0.42,0.282,-0.286,0.706,0.549,0.724,0.223,0.383,-0.237,0.124,-0.007,0.357,0.517,0.015,0.014,-0.055,-0.423,0.51,0.622,-0.416,-0.051,0.721,0.718,0.359,0.742,0.445,-0.018,0.565,-0.481,0.518,0.274,0.426,0.688,0.156,0.241,0.737,0.004,-0.634,0.53,0.615,0.413,-0.082,0.12,0.224,-0.255,0.501,0.565,0.28,-0.129,0.5,-0.09,0.242,-0.139,0.426,0.214,0.584,-0.052,0.587,0.606,0.255,-0.289,0.555,0.192
AZTA,0.035,-0.073,0.012,-0.023,0.268,0.245,-0.011,0.097,-0.247,0.218,0.173,-0.2,-0.179,0.024,0.346,0.0,-0.001,0.025,-0.341,-0.065,-0.019,-0.116,-0.207,-0.143,-0.115,-0.041,-0.215,0.077,0.172,-0.239,-0.14,0.082,0.017,0.042,-0.023,-0.158,-0.155,0.068,-0.224,-0.278,0.119,0.242,-0.203,-0.06,0.717,-0.15,0.208,-0.149,-0.109,-0.154,-0.119,-0.25,-0.062,0.257,-0.008,0.005,0.078,0.165,-0.106,-0.173,-0.161,0.09,-0.07,-0.085,-0.106,-0.018,0.092,-0.445,-0.258,-0.043,0.514,-0.323,-0.183,-0.197,0.013,-0.445,0.18,-0.089,0.009,-0.309,-0.404,0.169,0.12,0.261,0.581,0.127,-0.108,-0.13,0.527,-0.008,-0.474,-0.013,0.025,-0.054,-0.114,-0.075,-0.129,-0.433,-0.228,0.003,-0.165,0.195,-0.495,-0.278,0.015,-0.28,-0.175,0.14,0.121,0.11,-0.068,-0.102,0.165,-0.251,0.169,-0.052,-0.163,-0.093,-0.103,-0.299,0.141,0.207,-0.106,0.143,0.068,-0.115,-0.107,0.044,-0.024,0.317,0.435,0.205,0.091,0.072,-0.011,-0.214,0.133,-0.146,-0.092,-0.244,0.058,0.046,-0.095,-0.063,-0.048,0.112,-0.253,-0.108,0.301,0.159,-0.008,-0.158,-0.199,-0.14,0.145,-0.116,0.179,-0.255,-0.106,0.419,-0.106,0.07,-0.254,-0.066,-0.184,0.347,-0.065,0.061,-0.173,0.104,-0.027,-0.132,0.1,-0.235,-0.304,-0.031,0.27,0.186,0.004,0.567,-0.234,-0.117,-0.119,0.013,-0.313,-0.391,0.492,-0.033,0.114,-0.463,0.055,0.05,0.07,-0.086,0.245,0.22,-0.045,-0.454,0.029,0.011
BAND,0.333,0.244,0.769,0.779,0.07,0.411,0.534,0.761,0.386,0.387,0.617,0.556,0.693,0.769,0.566,-0.001,0.0,0.76,0.199,0.69,0.669,0.41,0.767,0.849,0.758,0.379,0.829,0.458,0.717,0.805,0.689,0.16,0.632,0.737,0.59,0.32,0.517,0.687,0.323,0.283,0.314,0.23,0.567,0.819,-0.338,0.797,0.468,0.632,0.786,0.716,0.115,0.76,0.195,0.43,0.788,0.62,0.396,0.493,0.671,0.159,0.576,-0.403,0.752,0.572,0.42,0.817,0.725,0.621,-0.105,0.707,0.344,0.503,0.732,0.597,0.594,0.16,0.681,0.663,-0.223,-0.264,0.351,-0.531,-0.732,0.667,0.278,0.221,0.613,-0.248,-0.079,0.188,0.001,0.548,0.776,0.245,-0.515,0.406,0.056,0.638,0.643,-0.585,0.659,0.573,0.4,0.589,0.577,0.666,0.201,0.084,0.634,0.726,0.776,0.777,0.683,0.805,-0.093,0.115,0.891,0.812,0.296,0.612,0.834,0.174,0.581,0.58,0.576,0.668,0.911,0.639,0.893,-0.095,0.669,-0.634,0.422,0.857,0.668,0.657,0.694,0.846,0.719,0.328,0.676,0.143,0.676,0.645,0.599,-0.608,0.712,0.559,0.628,0.707,0.561,0.602,0.543,0.184,0.806,0.488,-0.301,0.415,0.801,0.59,0.886,0.838,0.826,0.64,0.214,-0.374,0.581,-0.076,0.719,0.903,0.69,0.777,0.811,0.644,-0.414,0.887,0.818,0.231,0.373,-0.337,0.4,0.144,0.796,0.844,0.742,0.435,0.03,0.405,-0.302,0.441,0.684,0.732,0.868,0.557,0.637,0.809,-0.208,0.037,0.906,0.353
BECN,0.49,0.311,0.627,0.566,0.028,0.442,0.492,0.751,0.463,0.509,0.672,0.621,0.614,0.83,0.687,0.025,0.76,0.0,0.273,0.629,0.632,0.108,0.698,0.751,0.653,0.508,0.783,0.649,0.644,0.715,0.709,-0.082,0.516,0.75,0.745,0.19,0.342,0.526,0.3,0.32,0.257,0.284,0.433,0.808,-0.192,0.707,0.251,0.784,0.792,0.647,0.237,0.728,0.239,0.55,0.608,0.421,0.173,0.329,0.594,0.073,0.442,-0.258,0.835,0.422,0.309,0.63,0.677,0.64,0.261,0.702,0.26,0.306,0.816,0.461,0.377,-0.074,0.575,0.536,-0.115,0.05,0.378,-0.372,-0.511,0.817,0.255,0.129,0.743,-0.06,0.058,0.042,0.051,0.709,0.547,0.167,-0.637,0.28,0.111,0.641,0.775,-0.643,0.592,0.457,0.326,0.69,0.416,0.63,0.139,0.259,0.512,0.748,0.758,0.769,0.562,0.764,-0.129,0.104,0.761,0.707,0.569,0.626,0.621,0.285,0.598,0.403,0.534,0.601,0.81,0.679,0.844,0.029,0.647,-0.467,0.458,0.796,0.531,0.425,0.763,0.794,0.614,0.107,0.735,0.379,0.861,0.633,0.672,-0.558,0.566,0.425,0.425,0.572,0.388,0.476,0.537,0.007,0.693,0.625,-0.372,0.394,0.813,0.684,0.681,0.852,0.736,0.472,0.453,-0.58,0.777,-0.063,0.776,0.78,0.577,0.571,0.815,0.522,-0.549,0.8,0.731,0.306,0.42,-0.312,0.385,0.033,0.84,0.749,0.679,0.395,0.18,0.252,-0.197,0.394,0.604,0.574,0.74,0.459,0.617,0.664,-0.068,0.079,0.718,0.531
BFC,-0.232,0.149,0.101,0.614,-0.676,-0.533,-0.37,0.434,-0.102,0.437,0.335,0.709,0.704,0.329,-0.308,-0.341,0.199,0.273,0.0,0.611,0.699,0.297,0.683,0.508,0.669,-0.101,0.579,-0.264,0.448,0.689,0.67,0.098,0.672,0.5,0.255,0.822,0.812,0.595,0.659,0.321,0.557,-0.154,0.331,0.576,-0.322,0.6,0.537,0.389,0.142,0.734,-0.254,0.641,-0.426,-0.053,0.568,0.553,0.619,0.533,0.743,0.772,0.818,-0.441,0.432,0.803,0.818,0.593,0.231,0.717,-0.029,0.541,-0.689,0.411,0.063,0.815,0.613,0.345,0.167,0.767,-0.688,0.397,0.818,-0.765,-0.278,0.261,0.208,0.538,0.292,-0.437,0.312,0.56,-0.233,0.14,0.335,0.676,-0.032,0.692,-0.24,0.622,0.081,0.081,0.551,0.485,0.803,0.469,0.609,0.787,0.177,-0.581,0.642,0.511,0.175,0.23,0.395,0.159,0.078,-0.59,0.385,0.596,0.185,0.035,0.245,-0.567,0.318,0.639,0.658,0.768,0.482,0.481,0.329,-0.576,-0.192,-0.637,0.594,0.015,0.73,0.616,-0.054,0.556,0.673,0.694,0.154,-0.5,0.046,0.736,0.396,-0.558,0.699,0.812,0.253,0.28,0.733,0.819,0.815,0.618,0.456,-0.09,-0.178,0.722,0.231,-0.064,0.53,0.14,0.5,0.744,-0.23,-0.263,0.344,-0.737,0.629,0.181,0.731,0.552,0.157,0.811,0.022,0.448,0.145,-0.187,0.622,-0.7,-0.04,0.489,0.461,0.398,0.443,0.751,-0.617,0.548,-0.767,0.801,0.517,0.598,0.375,0.816,-0.052,0.182,-0.573,0.371,0.246,0.653
BGC,0.084,0.15,0.58,0.787,-0.329,-0.087,0.103,0.751,0.177,0.657,0.53,0.737,0.859,0.717,0.217,-0.065,0.69,0.629,0.611,0.0,0.856,0.337,0.84,0.718,0.82,0.182,0.784,0.089,0.677,0.876,0.795,0.221,0.815,0.8,0.428,0.679,0.738,0.806,0.485,0.29,0.673,0.232,0.492,0.815,-0.32,0.802,0.676,0.672,0.538,0.849,0.008,0.794,-0.142,0.265,0.776,0.766,0.628,0.667,0.838,0.56,0.788,-0.526,0.687,0.782,0.675,0.833,0.481,0.756,0.01,0.759,-0.077,0.45,0.443,0.795,0.71,0.188,0.63,0.856,-0.543,0.177,0.686,-0.699,-0.495,0.571,0.441,0.545,0.542,-0.413,0.287,0.408,-0.194,0.566,0.705,0.567,-0.409,0.763,-0.096,0.684,0.347,-0.272,0.717,0.613,0.595,0.524,0.716,0.824,0.189,-0.254,0.777,0.814,0.617,0.67,0.715,0.516,-0.017,-0.285,0.724,0.856,0.383,0.319,0.734,-0.042,0.583,0.734,0.716,0.882,0.808,0.79,0.757,-0.317,0.356,-0.759,0.691,0.587,0.814,0.768,0.397,0.829,0.801,0.626,0.5,-0.123,0.415,0.806,0.805,-0.727,0.806,0.784,0.643,0.676,0.775,0.807,0.837,0.472,0.781,0.324,-0.224,0.676,0.572,0.42,0.816,0.611,0.71,0.794,-0.071,-0.261,0.661,-0.459,0.811,0.692,0.834,0.776,0.629,0.816,-0.326,0.795,0.599,-0.008,0.724,-0.46,0.131,0.312,0.783,0.763,0.63,0.651,-0.174,0.504,-0.643,0.634,0.75,0.816,0.758,0.792,0.363,0.674,-0.554,0.114,0.695,0.542
BHF,0.118,0.158,0.388,0.796,-0.426,-0.143,-0.087,0.849,0.014,0.567,0.593,0.827,0.819,0.772,0.197,-0.019,0.669,0.632,0.699,0.856,0.0,0.321,0.855,0.73,0.924,0.152,0.83,0.033,0.862,0.902,0.894,-0.026,0.961,0.905,0.376,0.737,0.811,0.857,0.413,0.218,0.653,0.052,0.283,0.876,-0.32,0.856,0.747,0.546,0.559,0.939,-0.155,0.819,-0.382,0.359,0.822,0.88,0.746,0.745,0.948,0.722,0.898,-0.658,0.722,0.893,0.768,0.863,0.646,0.763,-0.185,0.889,-0.119,0.458,0.306,0.831,0.808,0.042,0.684,0.954,-0.762,0.026,0.608,-0.811,-0.692,0.665,0.615,0.69,0.626,-0.559,0.283,0.349,-0.321,0.429,0.777,0.709,-0.289,0.851,-0.395,0.707,0.38,-0.368,0.837,0.735,0.602,0.455,0.833,0.802,-0.005,-0.442,0.913,0.917,0.667,0.529,0.855,0.52,0.095,-0.523,0.712,0.936,0.278,0.226,0.673,-0.273,0.543,0.867,0.86,0.898,0.826,0.873,0.699,-0.439,0.365,-0.884,0.858,0.443,0.937,0.684,0.259,0.818,0.933,0.732,0.654,-0.328,0.295,0.943,0.71,-0.845,0.784,0.891,0.765,0.749,0.888,0.898,0.845,0.392,0.885,0.111,-0.384,0.744,0.6,0.478,0.858,0.611,0.761,0.839,-0.226,-0.31,0.652,-0.694,0.836,0.694,0.953,0.825,0.638,0.881,-0.447,0.782,0.593,-0.197,0.756,-0.523,-0.062,0.414,0.719,0.825,0.552,0.57,-0.191,0.617,-0.815,0.608,0.87,0.922,0.805,0.888,0.346,0.574,-0.682,-0.073,0.653,0.622
BHFAL,-0.283,0.134,0.267,0.542,-0.151,-0.079,-0.001,0.174,-0.167,0.161,0.197,0.123,0.434,0.077,-0.102,-0.116,0.41,0.108,0.297,0.337,0.321,0.0,0.393,0.419,0.433,-0.101,0.34,-0.192,0.314,0.416,0.284,0.407,0.327,0.173,0.098,0.387,0.589,0.493,0.334,0.121,0.328,-0.269,0.432,0.269,-0.203,0.317,0.471,-0.02,0.118,0.409,-0.333,0.371,-0.149,-0.114,0.469,0.375,0.418,0.388,0.405,0.365,0.501,-0.175,0.115,0.534,0.587,0.509,0.282,0.248,-0.34,0.158,-0.062,0.373,0.162,0.496,0.586,0.371,0.164,0.433,-0.259,-0.263,0.295,-0.395,-0.31,0.063,0.138,0.204,0.008,-0.366,-0.061,0.531,-0.264,-0.121,0.408,0.33,0.006,0.305,-0.111,0.256,-0.01,0.057,0.255,0.432,0.469,0.247,0.417,0.399,0.199,-0.383,0.458,0.201,0.105,0.103,0.23,0.151,-0.024,-0.061,0.359,0.34,-0.114,-0.023,0.378,-0.313,0.139,0.441,0.386,0.428,0.39,0.082,0.246,-0.261,0.076,-0.395,0.199,0.209,0.506,0.482,0.065,0.374,0.388,0.427,0.001,-0.384,0.069,0.308,-0.008,-0.225,0.452,0.52,0.307,0.322,0.423,0.46,0.382,0.478,0.366,-0.185,0.22,0.262,0.08,0.076,0.463,0.129,0.341,0.558,-0.211,0.159,-0.038,-0.248,0.208,0.28,0.468,0.49,0.061,0.525,0.142,0.415,0.325,0.149,0.189,-0.306,0.217,0.517,0.217,0.284,0.332,0.35,-0.389,0.507,-0.363,0.349,0.263,0.425,0.301,0.501,0.159,0.422,-0.227,0.276,0.434,0.178
BKNG,0.108,0.151,0.621,0.908,-0.472,0.03,0.24,0.844,0.212,0.475,0.724,0.87,0.916,0.787,0.31,-0.207,0.767,0.698,0.683,0.84,0.855,0.393,0.0,0.899,0.933,0.204,0.945,0.201,0.789,0.964,0.901,0.105,0.816,0.843,0.505,0.677,0.811,0.821,0.619,0.449,0.508,0.031,0.626,0.949,-0.453,0.958,0.595,0.717,0.677,0.949,-0.082,0.904,-0.108,0.31,0.92,0.772,0.633,0.696,0.865,0.535,0.888,-0.613,0.868,0.839,0.712,0.926,0.688,0.881,-0.024,0.861,-0.157,0.585,0.574,0.878,0.748,0.309,0.482,0.896,-0.576,0.07,0.738,-0.851,-0.691,0.655,0.286,0.413,0.591,-0.457,0.042,0.422,-0.127,0.449,0.763,0.496,-0.394,0.657,-0.05,0.868,0.553,-0.458,0.777,0.684,0.768,0.752,0.797,0.938,0.304,-0.266,0.82,0.854,0.664,0.702,0.68,0.69,-0.15,-0.227,0.89,0.929,0.311,0.419,0.716,-0.239,0.576,0.795,0.757,0.934,0.931,0.726,0.856,-0.531,0.414,-0.839,0.619,0.613,0.885,0.814,0.513,0.946,0.926,0.637,0.607,-0.189,0.54,0.888,0.688,-0.757,0.9,0.868,0.583,0.693,0.825,0.901,0.806,0.461,0.855,0.358,-0.44,0.691,0.765,0.343,0.94,0.712,0.922,0.844,0.121,-0.555,0.637,-0.498,0.929,0.758,0.904,0.864,0.682,0.916,-0.244,0.914,0.684,0.113,0.587,-0.681,0.291,0.392,0.839,0.856,0.768,0.76,-0.392,0.593,-0.649,0.792,0.835,0.833,0.881,0.808,0.402,0.731,-0.439,0.218,0.804,0.663
BL,0.153,0.277,0.71,0.85,-0.221,0.216,0.354,0.748,0.328,0.446,0.684,0.724,0.829,0.723,0.407,-0.143,0.849,0.751,0.508,0.718,0.73,0.419,0.899,0.0,0.855,0.254,0.905,0.371,0.711,0.886,0.815,0.158,0.684,0.718,0.642,0.495,0.718,0.732,0.593,0.5,0.395,0.026,0.687,0.891,-0.349,0.9,0.512,0.707,0.662,0.839,0.019,0.862,0.098,0.32,0.844,0.591,0.555,0.635,0.771,0.339,0.755,-0.406,0.816,0.739,0.655,0.868,0.71,0.751,-0.056,0.739,0.021,0.558,0.709,0.764,0.663,0.331,0.501,0.778,-0.39,-0.042,0.609,-0.718,-0.668,0.649,0.208,0.253,0.612,-0.363,-0.036,0.373,-0.057,0.438,0.687,0.362,-0.441,0.453,0.075,0.769,0.635,-0.475,0.679,0.592,0.677,0.763,0.682,0.868,0.362,-0.058,0.714,0.727,0.648,0.729,0.596,0.76,-0.152,-0.038,0.86,0.825,0.304,0.576,0.714,-0.128,0.553,0.674,0.673,0.811,0.924,0.599,0.867,-0.286,0.465,-0.704,0.495,0.708,0.78,0.754,0.624,0.914,0.805,0.423,0.615,-0.017,0.644,0.784,0.547,-0.609,0.818,0.749,0.469,0.608,0.651,0.776,0.715,0.389,0.784,0.406,-0.308,0.513,0.759,0.382,0.887,0.768,0.874,0.78,0.254,-0.517,0.554,-0.287,0.816,0.804,0.801,0.815,0.691,0.827,-0.217,0.901,0.749,0.295,0.467,-0.619,0.398,0.203,0.811,0.762,0.798,0.684,-0.318,0.502,-0.447,0.7,0.686,0.745,0.823,0.711,0.503,0.733,-0.237,0.27,0.815,0.646
BOKF,0.133,0.189,0.495,0.903,-0.431,0.033,0.075,0.878,0.039,0.44,0.7,0.818,0.857,0.773,0.286,-0.115,0.758,0.653,0.669,0.82,0.924,0.433,0.933,0.855,0.0,0.222,0.927,0.134,0.873,0.953,0.905,-0.002,0.922,0.878,0.486,0.655,0.838,0.821,0.523,0.425,0.525,-0.003,0.448,0.919,-0.411,0.941,0.637,0.603,0.674,0.969,-0.058,0.927,-0.293,0.377,0.922,0.825,0.714,0.732,0.942,0.622,0.929,-0.651,0.802,0.904,0.769,0.916,0.731,0.825,-0.241,0.894,-0.159,0.463,0.442,0.863,0.831,0.144,0.585,0.946,-0.689,-0.084,0.651,-0.847,-0.801,0.685,0.501,0.567,0.608,-0.489,0.086,0.395,-0.262,0.333,0.812,0.582,-0.333,0.743,-0.285,0.797,0.48,-0.484,0.891,0.681,0.725,0.629,0.798,0.872,0.095,-0.408,0.909,0.89,0.689,0.577,0.772,0.637,0.062,-0.398,0.848,0.949,0.243,0.373,0.682,-0.353,0.622,0.856,0.88,0.912,0.915,0.763,0.783,-0.486,0.443,-0.886,0.716,0.516,0.931,0.738,0.394,0.903,0.965,0.694,0.683,-0.323,0.416,0.944,0.587,-0.796,0.856,0.915,0.703,0.748,0.877,0.937,0.825,0.421,0.924,0.201,-0.425,0.76,0.735,0.401,0.939,0.64,0.873,0.857,-0.042,-0.445,0.572,-0.6,0.892,0.767,0.951,0.868,0.679,0.918,-0.365,0.883,0.657,-0.016,0.624,-0.639,0.075,0.394,0.797,0.884,0.698,0.629,-0.317,0.555,-0.759,0.728,0.893,0.918,0.867,0.886,0.424,0.678,-0.536,0.075,0.78,0.592
BRKR,0.566,0.498,0.24,0.176,0.192,0.552,0.303,0.367,0.208,0.205,0.276,0.189,0.125,0.439,0.463,-0.041,0.379,0.508,-0.101,0.182,0.152,-0.101,0.204,0.254,0.222,0.0,0.309,0.487,0.144,0.265,0.115,-0.224,0.155,0.291,0.534,-0.357,-0.141,-0.049,0.06,0.388,-0.111,0.278,0.085,0.283,0.012,0.202,-0.209,0.478,0.559,0.106,0.56,0.389,0.116,0.552,0.228,0.018,-0.328,-0.23,0.222,-0.225,-0.048,0.165,0.377,-0.04,-0.055,0.117,0.255,0.402,0.248,0.264,0.14,-0.299,0.468,0.074,-0.071,-0.359,0.167,0.027,0.318,0.145,0.045,0.12,-0.256,0.428,0.061,0.173,0.492,0.557,-0.132,-0.155,0.289,0.453,0.072,-0.18,-0.464,0.069,-0.082,0.257,0.541,-0.429,0.415,-0.116,-0.005,0.378,-0.228,0.166,-0.372,0.25,0.127,0.275,0.414,0.353,0.109,0.473,0.355,0.157,0.353,0.252,0.407,0.492,0.123,0.403,0.522,-0.024,0.261,0.068,0.325,0.225,0.349,0.336,0.431,-0.012,-0.0,0.441,-0.005,-0.059,0.503,0.341,0.131,-0.133,0.444,0.47,0.595,0.195,0.243,-0.178,0.073,-0.085,0.093,0.067,-0.029,0.028,0.174,-0.223,0.204,0.516,-0.194,0.391,0.503,0.262,0.228,0.268,0.262,0.049,0.479,-0.307,0.341,0.219,0.348,0.263,0.034,-0.038,0.378,0.003,-0.38,0.334,0.189,0.116,-0.053,0.173,0.204,-0.038,0.599,0.396,0.369,-0.093,0.391,-0.357,0.016,0.21,0.226,0.261,0.255,0.049,0.613,0.228,0.259,0.092,0.407,-0.019
CACC,0.266,0.226,0.593,0.838,-0.348,0.167,0.315,0.848,0.317,0.396,0.705,0.822,0.847,0.843,0.432,-0.215,0.829,0.783,0.579,0.784,0.83,0.34,0.945,0.905,0.927,0.309,0.0,0.38,0.799,0.951,0.911,-0.034,0.785,0.853,0.594,0.54,0.709,0.738,0.53,0.486,0.388,0.011,0.557,0.956,-0.451,0.962,0.462,0.751,0.775,0.921,0.07,0.936,-0.04,0.398,0.878,0.697,0.533,0.587,0.842,0.442,0.815,-0.576,0.901,0.758,0.614,0.873,0.75,0.869,-0.001,0.871,-0.079,0.534,0.682,0.79,0.671,0.227,0.567,0.846,-0.49,0.015,0.663,-0.769,-0.746,0.727,0.284,0.342,0.675,-0.344,-0.047,0.268,-0.034,0.49,0.743,0.395,-0.464,0.569,-0.053,0.894,0.686,-0.606,0.827,0.595,0.721,0.787,0.706,0.885,0.235,-0.15,0.757,0.842,0.757,0.721,0.687,0.79,-0.086,-0.156,0.929,0.927,0.383,0.597,0.668,-0.155,0.643,0.703,0.729,0.849,0.964,0.73,0.872,-0.418,0.479,-0.792,0.582,0.653,0.813,0.719,0.568,0.955,0.904,0.505,0.721,-0.068,0.641,0.874,0.662,-0.75,0.85,0.79,0.551,0.676,0.739,0.832,0.745,0.293,0.854,0.445,-0.496,0.644,0.857,0.411,0.928,0.779,0.94,0.763,0.228,-0.652,0.681,-0.393,0.914,0.811,0.845,0.827,0.758,0.847,-0.371,0.928,0.696,0.116,0.527,-0.678,0.3,0.23,0.875,0.888,0.795,0.664,-0.294,0.473,-0.543,0.715,0.823,0.806,0.898,0.748,0.442,0.691,-0.297,0.18,0.811,0.61
CAR,0.748,0.271,0.397,0.034,0.36,0.775,0.65,0.355,0.603,-0.027,0.474,0.172,0.004,0.553,0.821,0.077,0.458,0.649,-0.264,0.089,0.033,-0.192,0.201,0.371,0.134,0.487,0.38,0.0,0.25,0.169,0.267,-0.303,-0.036,0.303,0.546,-0.396,-0.271,-0.096,-0.104,0.183,-0.39,0.221,0.114,0.352,0.03,0.281,-0.343,0.481,0.62,0.085,0.451,0.281,0.51,0.637,0.151,-0.116,-0.325,-0.164,-0.004,-0.488,-0.159,0.148,0.521,-0.202,-0.303,0.081,0.458,0.175,0.451,0.292,0.494,-0.011,0.724,-0.13,-0.21,-0.212,0.329,-0.074,0.405,-0.076,-0.151,0.15,-0.216,0.636,-0.086,-0.346,0.562,0.325,-0.266,-0.444,0.289,0.481,0.116,-0.475,-0.382,-0.309,0.315,0.268,0.783,-0.712,0.178,-0.007,-0.061,0.496,-0.108,0.094,0.053,0.681,-0.071,0.27,0.545,0.534,0.139,0.669,-0.14,0.482,0.416,0.199,0.486,0.662,0.158,0.527,0.28,-0.12,0.03,-0.036,0.39,0.219,0.465,0.265,0.605,0.049,0.022,0.576,-0.064,-0.119,0.687,0.323,0.103,-0.507,0.592,0.715,0.791,0.107,0.315,-0.115,0.017,-0.168,0.0,0.203,-0.199,-0.12,-0.107,-0.513,0.251,0.702,-0.395,-0.134,0.645,0.554,0.198,0.644,0.354,-0.138,0.743,-0.605,0.538,0.426,0.31,0.481,-0.019,0.065,0.599,-0.083,-0.514,0.434,0.383,0.442,-0.191,0.054,0.401,-0.462,0.465,0.377,0.261,-0.109,0.41,-0.216,0.452,-0.1,0.185,0.011,0.392,-0.149,0.496,0.313,0.507,-0.078,0.329,0.175
CDNA,0.264,-0.009,0.401,0.749,-0.305,0.176,0.109,0.895,-0.01,0.305,0.774,0.73,0.647,0.788,0.483,0.172,0.717,0.644,0.448,0.677,0.862,0.314,0.789,0.711,0.873,0.144,0.799,0.25,0.0,0.78,0.838,-0.184,0.851,0.894,0.341,0.514,0.643,0.754,0.254,0.126,0.397,-0.009,0.188,0.849,-0.243,0.822,0.617,0.449,0.68,0.855,-0.201,0.714,-0.301,0.514,0.823,0.805,0.657,0.699,0.783,0.496,0.781,-0.689,0.767,0.749,0.568,0.819,0.867,0.572,-0.317,0.889,0.135,0.401,0.356,0.642,0.753,-0.133,0.664,0.817,-0.67,-0.335,0.333,-0.721,-0.806,0.798,0.675,0.464,0.581,-0.579,0.136,0.16,-0.408,0.275,0.83,0.509,-0.285,0.614,-0.352,0.612,0.487,-0.628,0.768,0.773,0.441,0.465,0.805,0.624,-0.01,-0.307,0.854,0.917,0.709,0.493,0.862,0.586,0.005,-0.373,0.753,0.88,0.136,0.213,0.661,-0.266,0.406,0.82,0.797,0.749,0.809,0.771,0.704,-0.454,0.614,-0.798,0.753,0.474,0.853,0.516,0.375,0.757,0.889,0.528,0.792,-0.286,0.361,0.854,0.543,-0.745,0.667,0.774,0.817,0.847,0.803,0.751,0.574,0.142,0.944,0.119,-0.488,0.527,0.721,0.63,0.831,0.705,0.783,0.667,-0.098,-0.41,0.587,-0.57,0.763,0.802,0.868,0.773,0.723,0.721,-0.556,0.822,0.716,-0.021,0.521,-0.416,-0.035,0.363,0.637,0.886,0.452,0.357,-0.044,0.58,-0.616,0.39,0.9,0.81,0.878,0.693,0.439,0.681,-0.511,-0.274,0.705,0.525
CG,0.128,0.229,0.596,0.897,-0.396,-0.006,0.183,0.83,0.217,0.528,0.634,0.835,0.921,0.778,0.258,-0.239,0.805,0.715,0.689,0.876,0.902,0.416,0.964,0.886,0.953,0.265,0.951,0.169,0.78,0.0,0.901,0.11,0.859,0.86,0.549,0.686,0.823,0.834,0.58,0.431,0.563,0.061,0.583,0.941,-0.499,0.944,0.621,0.723,0.693,0.96,-0.007,0.941,-0.135,0.296,0.89,0.789,0.639,0.671,0.923,0.565,0.895,-0.61,0.827,0.865,0.743,0.925,0.662,0.903,-0.059,0.857,-0.159,0.576,0.568,0.885,0.774,0.283,0.57,0.929,-0.584,0.063,0.742,-0.828,-0.717,0.636,0.325,0.481,0.632,-0.42,0.071,0.416,-0.117,0.498,0.779,0.565,-0.43,0.725,-0.119,0.867,0.535,-0.426,0.838,0.654,0.758,0.698,0.775,0.936,0.215,-0.297,0.829,0.852,0.706,0.696,0.728,0.697,-0.045,-0.274,0.886,0.953,0.367,0.476,0.734,-0.201,0.643,0.77,0.792,0.937,0.942,0.777,0.848,-0.433,0.381,-0.851,0.646,0.621,0.894,0.826,0.476,0.954,0.927,0.678,0.616,-0.184,0.52,0.904,0.698,-0.793,0.918,0.871,0.62,0.7,0.829,0.914,0.878,0.47,0.859,0.339,-0.385,0.745,0.747,0.38,0.944,0.695,0.908,0.87,0.043,-0.474,0.652,-0.504,0.92,0.769,0.917,0.886,0.698,0.93,-0.298,0.894,0.668,0.011,0.649,-0.676,0.23,0.373,0.862,0.86,0.795,0.744,-0.337,0.562,-0.69,0.789,0.82,0.879,0.852,0.857,0.399,0.696,-0.499,0.224,0.806,0.619
CGBD,0.241,0.167,0.464,0.759,-0.431,-0.009,0.132,0.835,0.259,0.389,0.701,0.88,0.797,0.83,0.335,-0.14,0.689,0.709,0.67,0.795,0.894,0.284,0.901,0.815,0.905,0.115,0.911,0.267,0.838,0.901,0.0,-0.116,0.843,0.898,0.44,0.67,0.743,0.767,0.442,0.321,0.454,0.0,0.372,0.921,-0.434,0.92,0.549,0.638,0.663,0.947,-0.074,0.867,-0.179,0.407,0.802,0.765,0.644,0.656,0.845,0.592,0.849,-0.652,0.84,0.796,0.641,0.822,0.703,0.801,-0.021,0.919,-0.126,0.574,0.513,0.774,0.691,0.164,0.647,0.885,-0.679,-0.007,0.626,-0.813,-0.727,0.745,0.395,0.411,0.702,-0.489,0.122,0.235,-0.146,0.475,0.742,0.51,-0.317,0.655,-0.161,0.824,0.601,-0.532,0.811,0.675,0.675,0.662,0.791,0.846,0.2,-0.233,0.773,0.878,0.714,0.652,0.757,0.688,-0.069,-0.343,0.807,0.919,0.351,0.414,0.607,-0.238,0.545,0.756,0.745,0.856,0.883,0.829,0.77,-0.513,0.376,-0.846,0.746,0.522,0.861,0.654,0.41,0.852,0.92,0.572,0.719,-0.178,0.47,0.915,0.714,-0.809,0.807,0.837,0.613,0.724,0.796,0.852,0.745,0.266,0.857,0.296,-0.55,0.611,0.742,0.463,0.861,0.749,0.878,0.729,0.037,-0.587,0.725,-0.567,0.889,0.738,0.896,0.832,0.734,0.866,-0.452,0.844,0.623,-0.041,0.633,-0.672,0.118,0.237,0.757,0.835,0.648,0.641,-0.283,0.573,-0.616,0.624,0.853,0.795,0.838,0.787,0.263,0.569,-0.504,0.017,0.638,0.667
