,ACET,ADAP,ADI,ADPT,ADTN,AGEN,ALGN,ALLK,AMD,AMWD,ARDX,ARQT,ASTE,AUPH,AVXL,AZTA,BAND,BECN,BFC,BGC,BHF,BHFAL,BKNG,BL,BOKF,BRKR,CACC,CAR,CDNA,CG,CGBD,CHI,CHTR,CHX,CLNE,CME,CNOB,CNXN,CPRX,CSGP,CSGS,CSIQ,CVCO,CVLT,CYRX,DDOG,DOOO,DSGX,DTIL,ECPG,EEFT,EFSC,ENTG,ESPR,ETSY,EXC,FAMI,FFIV,FITB,FIZZ,FMBH,FOX,FTNT,FULT,GABC,GEN,GH,GMAB,GNPX,GO,GOGL,GOOG,GPRO,GSHD,GSM,GWAV,HAIN,HBAN,HEPA,HURN,HWKN,IBIO,ICFI,IGMS,IMKTA,INCY,INO,IRDM,IRTC,IRWD,ITCI,JACK,JD,JJSF,KALA,KHC,KLAC,KRRO,KRYS,LANC,LBTYA,LIVN,LKCO,LNTH,LOGI,LPRO,LRCX,LSCC,LSTR,MAR,MARA,MCHP,MEOH,META,MGTX,MKSI,MMYT,MORN,MRUS,MTLS,MTSI,MVIS,MXL,NBIX,NFE,NMIH,NMRK,NNDM,NSIT,NTCT,NVAX,OCUL,ODP,OLED,ONB,OTEX,PACB,PATK,PAYX,PEP,PERI,PI,PLYA,PRDO,PRGS,PTGX,QCOM,QCRH,QDEL,QFIN,RGEN,RILY,RPAY,RPD,SABR,SEDG,SHEN,SIRI,SLNO,SNDL,SNEX,SONO,SPT,SSNC,STGW,STKL,STRL,STX,SWTX,SYNA,TFSL,TIGR,TNXP,TOWN,TRI,TRIP,TRMB,TRNS,TRS,TSCO,TSEM,TVTX,TXRH,VC,VCEL,VECO,VIAV,VICR,VIR,VRTX,VSTM,VTRS,WDFC,WSBC,WSC,WYNN,XENE,XNCR,XRAY,ZS
ACET,0.0,0.509,-0.566,0.523,0.54,0.751,0.03,0.817,-0.747,0.414,-0.426,0.562,0.543,-0.116,0.773,0.363,0.203,0.588,0.384,-0.296,0.594,0.817,-0.179,0.465,0.595,-0.368,0.44,0.582,0.444,0.461,0.575,0.47,0.38,0.569,0.557,0.316,0.618,0.187,-0.625,0.616,0.333,0.176,-0.499,0.463,0.061,0.513,0.477,-0.769,0.701,0.639,-0.186,0.609,0.4,0.713,0.24,0.396,0.449,0.017,0.543,-0.488,0.549,0.333,-0.58,0.66,0.596,0.478,0.61,0.037,0.602,-0.014,0.634,-0.783,0.658,-0.035,0.52,0.092,0.693,0.565,0.568,-0.081,-0.011,-0.673,-0.01,0.793,0.46,0.535,0.831,0.332,-0.222,0.538,0.263,-0.233,0.529,-0.524,0.0,0.553,-0.404,0.888,0.489,-0.672,0.375,0.31,0.748,-0.759,0.008,-0.04,-0.691,-0.609,0.559,0.33,-0.509,-0.121,0.415,-0.637,0.698,0.631,0.523,0.568,-0.288,0.548,-0.345,0.665,-0.309,0.43,0.61,0.563,0.693,0.602,-0.508,-0.084,0.578,0.614,0.356,-0.721,0.635,-0.708,0.075,0.517,0.378,-0.578,-0.637,-0.193,0.24,0.538,-0.036,-0.262,-0.214,0.599,0.207,0.329,0.496,0.582,0.661,0.512,0.601,0.501,0.007,0.467,-0.043,0.528,0.297,0.278,-0.152,0.539,0.162,0.382,0.244,0.277,0.853,0.406,0.555,0.563,0.589,0.646,-0.763,0.531,0.427,0.231,0.714,0.013,-0.424,0.823,-0.499,0.548,0.612,0.251,0.209,0.13,0.139,-0.721,0.46,0.618,-0.067,0.621,0.589,0.189,0.544,0.593,0.152,0.439
ADAP,0.509,0.0,-0.356,0.477,0.853,0.813,-0.392,0.588,-0.71,0.65,-0.851,0.932,0.706,-0.597,0.471,0.784,0.592,0.702,0.831,-0.51,0.809,0.665,0.246,0.828,0.866,-0.616,0.765,0.744,0.776,0.766,0.839,0.712,0.838,0.728,0.872,0.36,0.819,0.587,-0.081,0.761,0.828,0.212,-0.34,0.868,0.371,0.849,0.837,-0.618,0.759,0.83,0.458,0.793,0.636,0.772,0.835,-0.15,0.73,0.357,0.829,-0.695,0.87,0.829,-0.548,0.871,0.887,0.875,0.742,0.706,0.847,0.214,0.817,-0.631,0.736,-0.57,0.813,0.211,0.868,0.809,0.418,-0.154,-0.145,-0.792,-0.36,0.772,0.168,0.934,0.78,0.601,0.36,0.929,0.769,-0.044,0.727,-0.002,-0.577,0.752,-0.065,0.719,0.849,-0.457,0.917,0.901,0.663,-0.39,0.563,0.383,-0.435,-0.778,0.79,0.583,-0.237,-0.414,0.655,-0.764,0.766,0.806,0.692,0.747,-0.346,0.767,-0.499,0.867,0.177,0.908,0.78,0.683,0.799,0.591,-0.679,0.585,0.802,0.873,0.287,-0.502,0.848,-0.715,0.408,0.824,0.511,-0.456,-0.472,-0.014,0.323,0.709,0.076,-0.861,0.553,0.862,0.653,0.865,0.416,0.705,0.83,0.669,0.802,0.395,0.476,0.919,-0.094,0.918,0.567,0.327,0.249,0.815,0.179,0.03,0.166,0.802,0.316,0.903,0.916,0.825,0.667,0.83,-0.465,0.857,0.798,0.432,0.677,0.064,-0.319,0.639,-0.564,0.674,0.3,0.47,0.774,0.56,-0.201,-0.522,0.853,0.894,0.112,0.891,0.627,0.197,0.911,0.888,-0.172,0.921
ADI,-0.566,-0.356,0.0,0.071,-0.257,-0.406,0.46,-0.468,0.695,-0.163,0.58,-0.371,-0.276,0.338,-0.166,-0.07,0.168,-0.301,-0.128,0.5,-0.322,-0.452,0.429,-0.041,-0.325,0.638,-0.13,-0.242,-0.422,-0.083,-0.255,-0.216,-0.028,-0.288,-0.366,0.158,-0.344,0.079,0.735,-0.188,-0.076,0.086,0.785,-0.15,0.459,-0.136,-0.166,0.792,-0.402,-0.39,0.495,-0.249,0.207,-0.555,-0.049,0.033,-0.202,0.411,-0.259,0.378,-0.186,-0.056,0.897,-0.328,-0.277,-0.24,-0.148,0.081,-0.405,0.105,-0.286,0.788,-0.276,0.295,-0.274,-0.071,-0.43,-0.304,-0.262,0.168,0.475,0.6,0.299,-0.429,-0.211,-0.285,-0.557,0.046,0.516,-0.369,-0.001,0.442,-0.183,0.553,0.192,-0.339,0.805,-0.585,-0.223,0.646,-0.158,-0.116,-0.455,0.797,0.092,0.281,0.83,0.79,-0.255,0.032,0.585,0.575,-0.159,0.68,-0.394,-0.181,-0.24,-0.257,0.334,-0.297,0.643,-0.343,0.743,-0.233,-0.36,-0.142,-0.424,-0.268,0.736,0.263,-0.37,-0.27,-0.1,0.875,-0.363,0.755,0.285,-0.178,0.089,0.479,0.846,0.598,0.104,-0.328,0.453,0.144,0.46,-0.258,0.273,-0.124,0.043,-0.168,-0.374,-0.165,-0.315,-0.22,0.042,-0.279,0.162,-0.249,0.013,0.26,0.571,-0.19,0.238,0.001,0.077,-0.033,-0.42,-0.129,-0.218,-0.273,-0.31,-0.244,0.838,-0.252,-0.048,0.278,-0.423,0.28,0.154,-0.393,0.717,-0.177,-0.055,0.129,0.089,-0.066,0.15,0.597,-0.152,-0.4,0.297,-0.3,-0.272,0.186,-0.376,-0.278,0.221,-0.28
ADPT,0.523,0.477,0.071,0.0,0.587,0.518,0.434,0.64,-0.463,0.533,-0.105,0.552,0.669,0.024,0.771,0.661,0.596,0.678,0.519,-0.015,0.664,0.611,0.502,0.636,0.639,0.128,0.703,0.738,0.192,0.722,0.629,0.655,0.563,0.648,0.407,0.247,0.663,0.459,-0.128,0.759,0.591,0.566,0.174,0.629,0.539,0.664,0.632,-0.232,0.71,0.622,0.421,0.708,0.717,0.547,0.488,0.21,0.591,0.61,0.648,-0.512,0.66,0.594,-0.025,0.665,0.653,0.594,0.721,0.148,0.548,0.09,0.681,-0.338,0.731,0.26,0.633,0.202,0.542,0.645,0.565,0.167,0.168,-0.248,0.25,0.683,0.55,0.5,0.616,0.429,0.427,0.506,0.382,0.331,0.715,-0.072,0.163,0.416,0.074,0.593,0.507,-0.447,0.475,0.452,0.546,-0.25,0.122,0.356,-0.296,-0.203,0.682,0.703,-0.318,0.309,0.656,-0.349,0.68,0.715,0.537,0.643,-0.153,0.663,0.207,0.559,0.35,0.525,0.582,0.773,0.655,0.711,-0.116,0.177,0.496,0.66,0.558,-0.195,0.651,-0.355,0.624,0.7,0.771,-0.348,-0.007,0.438,0.644,0.467,0.266,-0.351,0.289,0.696,0.636,0.553,0.725,0.75,0.647,0.715,0.673,0.629,0.02,0.547,0.233,0.569,0.66,0.726,0.539,0.682,0.634,0.563,0.593,0.514,0.527,0.575,0.614,0.664,0.549,0.712,-0.259,0.634,0.681,0.664,0.611,0.076,-0.306,0.627,-0.126,0.695,0.645,0.432,0.412,0.316,-0.087,-0.524,0.488,0.583,0.026,0.636,0.697,0.587,0.464,0.603,0.393,0.452
ADTN,0.54,0.853,-0.257,0.587,0.0,0.686,-0.156,0.688,-0.75,0.766,-0.699,0.9,0.774,-0.438,0.663,0.845,0.668,0.844,0.915,-0.569,0.901,0.739,0.328,0.811,0.921,-0.478,0.891,0.863,0.722,0.883,0.904,0.869,0.847,0.827,0.865,0.197,0.903,0.51,-0.133,0.858,0.885,0.391,-0.192,0.936,0.449,0.894,0.882,-0.624,0.854,0.891,0.486,0.891,0.709,0.805,0.832,-0.037,0.817,0.479,0.918,-0.786,0.883,0.9,-0.447,0.908,0.93,0.946,0.688,0.57,0.909,0.232,0.816,-0.663,0.793,-0.378,0.831,0.138,0.801,0.913,0.428,-0.171,-0.319,-0.728,-0.283,0.837,0.449,0.813,0.765,0.493,0.402,0.899,0.707,0.017,0.798,-0.099,-0.231,0.778,0.058,0.776,0.768,-0.556,0.885,0.876,0.79,-0.427,0.544,0.393,-0.48,-0.719,0.877,0.781,-0.39,-0.076,0.694,-0.793,0.853,0.841,0.759,0.898,-0.383,0.884,-0.256,0.806,0.347,0.922,0.891,0.826,0.918,0.752,-0.654,0.575,0.87,0.88,0.361,-0.473,0.92,-0.709,0.344,0.886,0.739,-0.493,-0.371,0.165,0.462,0.826,-0.033,-0.716,0.509,0.912,0.642,0.822,0.518,0.847,0.941,0.824,0.901,0.481,0.312,0.912,-0.06,0.927,0.759,0.465,0.342,0.924,0.367,0.05,0.361,0.897,0.356,0.933,0.883,0.88,0.645,0.905,-0.446,0.939,0.832,0.466,0.747,0.057,-0.205,0.66,-0.531,0.831,0.373,0.413,0.782,0.394,-0.171,-0.671,0.735,0.926,-0.019,0.923,0.782,0.319,0.888,0.937,-0.118,0.872
AGEN,0.751,0.813,-0.406,0.518,0.686,0.0,-0.223,0.636,-0.638,0.483,-0.657,0.755,0.556,-0.357,0.638,0.549,0.539,0.549,0.597,-0.372,0.645,0.683,-0.049,0.756,0.709,-0.516,0.57,0.617,0.66,0.614,0.693,0.469,0.724,0.566,0.781,0.616,0.681,0.429,-0.274,0.675,0.569,0.06,-0.466,0.663,0.388,0.737,0.656,-0.634,0.667,0.697,0.187,0.705,0.603,0.649,0.609,0.228,0.575,0.2,0.657,-0.465,0.751,0.592,-0.471,0.786,0.757,0.672,0.757,0.535,0.714,0.23,0.706,-0.607,0.706,-0.402,0.62,0.062,0.888,0.635,0.455,-0.181,0.154,-0.757,-0.211,0.783,0.161,0.82,0.829,0.686,0.109,0.737,0.604,-0.17,0.602,-0.069,-0.452,0.711,-0.156,0.769,0.712,-0.385,0.72,0.675,0.634,-0.481,0.39,0.223,-0.451,-0.654,0.621,0.368,-0.158,-0.42,0.444,-0.585,0.684,0.731,0.577,0.619,-0.182,0.585,-0.558,0.904,-0.047,0.676,0.64,0.582,0.695,0.487,-0.564,0.385,0.693,0.777,0.207,-0.571,0.715,-0.632,0.373,0.663,0.37,-0.372,-0.546,-0.147,0.18,0.59,0.166,-0.684,0.302,0.757,0.538,0.611,0.513,0.598,0.704,0.514,0.645,0.369,0.417,0.724,-0.171,0.742,0.313,0.314,0.135,0.647,0.11,0.215,0.041,0.523,0.638,0.679,0.833,0.662,0.586,0.752,-0.525,0.662,0.679,0.337,0.587,0.221,-0.436,0.797,-0.389,0.534,0.611,0.419,0.598,0.368,0.17,-0.467,0.77,0.733,0.283,0.804,0.482,0.102,0.74,0.794,-0.04,0.738
ALGN,0.03,-0.392,0.46,0.434,-0.156,-0.223,0.0,0.027,0.19,0.002,0.717,-0.222,0.14,0.577,0.349,0.043,0.171,0.144,-0.163,0.607,0.012,0.097,0.448,0.012,-0.045,0.732,0.074,0.151,-0.564,0.145,-0.026,0.108,-0.06,0.123,-0.413,-0.001,0.006,0.208,0.034,0.217,-0.033,0.476,0.614,-0.04,0.297,0.033,-0.027,0.408,0.054,-0.056,0.225,0.095,0.266,-0.168,-0.16,0.34,0.018,0.508,-0.008,0.015,-0.001,-0.068,0.525,-0.058,-0.055,-0.118,0.222,-0.449,-0.221,-0.124,-0.044,0.305,0.163,0.8,-0.005,0.072,-0.206,-0.019,0.354,0.531,0.374,0.45,0.794,0.064,0.392,-0.249,-0.102,-0.066,0.226,-0.293,-0.266,0.593,0.173,-0.155,0.775,-0.244,0.211,-0.047,-0.181,-0.075,-0.23,-0.283,0.009,0.143,-0.426,0.058,0.156,0.506,0.008,0.311,-0.115,0.673,0.199,0.401,0.062,0.084,0.063,0.052,0.228,0.039,0.682,-0.174,0.334,-0.201,-0.101,0.267,-0.044,0.273,0.559,-0.266,-0.268,-0.052,0.403,0.4,-0.081,0.34,0.3,0.075,0.431,0.029,0.495,0.681,0.563,-0.178,0.366,0.224,-0.063,-0.004,0.128,-0.099,0.522,0.213,-0.067,0.218,0.041,0.296,-0.432,-0.178,0.518,-0.16,0.272,0.65,0.476,0.048,0.646,0.664,0.544,-0.149,0.141,-0.176,-0.106,0.008,0.015,0.035,0.189,-0.064,0.142,0.452,0.048,0.04,-0.281,0.105,0.38,0.13,0.364,0.168,-0.217,-0.137,0.209,0.006,-0.184,-0.182,-0.12,-0.124,0.224,0.633,-0.302,-0.136,0.71,-0.336
ALLK,0.817,0.588,-0.468,0.64,0.688,0.636,0.027,0.0,-0.776,0.511,-0.472,0.689,0.695,-0.153,0.802,0.597,0.412,0.753,0.598,-0.37,0.771,0.854,0.121,0.587,0.738,-0.383,0.666,0.768,0.524,0.677,0.736,0.682,0.513,0.723,0.572,0.118,0.781,0.203,-0.508,0.74,0.574,0.399,-0.352,0.648,0.203,0.672,0.697,-0.723,0.854,0.747,0.108,0.762,0.493,0.782,0.439,0.133,0.592,0.284,0.727,-0.696,0.701,0.586,-0.535,0.753,0.728,0.674,0.647,0.074,0.738,-0.114,0.739,-0.756,0.727,0.023,0.677,0.104,0.63,0.741,0.549,-0.026,-0.192,-0.596,-0.047,0.841,0.525,0.584,0.777,0.265,0.066,0.666,0.397,-0.001,0.727,-0.503,0.006,0.511,-0.278,0.866,0.61,-0.739,0.501,0.481,0.775,-0.658,-0.044,0.175,-0.687,-0.653,0.714,0.601,-0.618,-0.039,0.579,-0.727,0.815,0.702,0.631,0.76,-0.272,0.734,-0.238,0.632,-0.054,0.587,0.723,0.738,0.814,0.746,-0.556,-0.0,0.62,0.791,0.455,-0.666,0.754,-0.794,0.159,0.677,0.581,-0.661,-0.405,0.0,0.437,0.659,-0.192,-0.323,0.013,0.75,0.371,0.524,0.55,0.787,0.789,0.739,0.748,0.6,-0.123,0.624,0.139,0.649,0.602,0.382,0.121,0.718,0.438,0.299,0.481,0.462,0.71,0.577,0.662,0.747,0.565,0.766,-0.637,0.723,0.578,0.394,0.768,-0.162,-0.353,0.724,-0.525,0.768,0.486,0.23,0.29,0.225,-0.142,-0.836,0.478,0.753,-0.217,0.728,0.769,0.347,0.677,0.723,0.108,0.595
AMD,-0.747,-0.71,0.695,-0.463,-0.75,-0.638,0.19,-0.776,0.0,-0.635,0.711,-0.832,-0.812,0.458,-0.596,-0.69,-0.268,-0.844,-0.635,0.559,-0.858,-0.805,-0.141,-0.508,-0.822,0.507,-0.73,-0.81,-0.612,-0.676,-0.789,-0.787,-0.508,-0.839,-0.681,0.067,-0.832,-0.337,0.628,-0.754,-0.613,-0.448,0.513,-0.708,0.024,-0.658,-0.72,0.844,-0.871,-0.872,-0.041,-0.774,-0.367,-0.961,-0.549,0.104,-0.714,-0.15,-0.802,0.847,-0.72,-0.623,0.818,-0.824,-0.787,-0.759,-0.575,-0.219,-0.861,-0.025,-0.826,0.96,-0.788,0.165,-0.815,-0.281,-0.755,-0.839,-0.588,0.005,0.431,0.81,0.128,-0.886,-0.523,-0.691,-0.885,-0.31,0.045,-0.828,-0.42,0.087,-0.751,0.52,0.089,-0.652,0.55,-0.924,-0.613,0.879,-0.601,-0.569,-0.818,0.868,-0.139,-0.055,0.896,0.863,-0.774,-0.613,0.753,0.21,-0.723,0.938,-0.886,-0.716,-0.686,-0.79,0.62,-0.841,0.378,-0.667,0.211,-0.741,-0.84,-0.739,-0.897,-0.773,0.793,-0.061,-0.765,-0.763,-0.541,0.821,-0.871,0.922,-0.203,-0.713,-0.545,0.764,0.689,0.071,-0.442,-0.722,0.211,0.525,0.031,-0.786,-0.242,-0.663,-0.442,-0.738,-0.87,-0.757,-0.856,-0.707,0.004,-0.743,-0.031,-0.74,-0.593,-0.288,0.048,-0.769,-0.279,-0.255,-0.414,-0.583,-0.589,-0.676,-0.681,-0.817,-0.776,-0.777,0.863,-0.803,-0.611,-0.342,-0.901,0.345,0.254,-0.759,0.817,-0.734,-0.307,-0.242,-0.414,-0.384,0.331,0.859,-0.55,-0.881,0.344,-0.788,-0.817,-0.322,-0.8,-0.762,-0.032,-0.711
AMWD,0.414,0.65,-0.163,0.533,0.766,0.483,0.002,0.511,-0.635,0.0,-0.469,0.699,0.714,-0.529,0.565,0.753,0.488,0.75,0.745,-0.571,0.756,0.602,0.329,0.696,0.758,-0.149,0.786,0.754,0.366,0.757,0.797,0.769,0.735,0.731,0.692,0.146,0.761,0.445,-0.149,0.769,0.748,0.312,-0.143,0.799,0.435,0.733,0.739,-0.424,0.709,0.834,0.381,0.741,0.535,0.702,0.723,0.107,0.7,0.398,0.765,-0.702,0.723,0.79,-0.333,0.744,0.769,0.808,0.542,0.43,0.752,0.563,0.635,-0.541,0.724,-0.227,0.731,-0.066,0.683,0.765,0.235,-0.043,-0.304,-0.584,-0.074,0.722,0.579,0.642,0.659,0.399,0.31,0.766,0.38,0.07,0.703,0.044,-0.023,0.776,0.035,0.655,0.456,-0.488,0.719,0.732,0.638,-0.431,0.469,0.152,-0.46,-0.565,0.755,0.721,-0.438,-0.032,0.632,-0.659,0.706,0.591,0.559,0.756,-0.538,0.795,-0.163,0.622,0.257,0.738,0.909,0.747,0.757,0.655,-0.539,0.471,0.781,0.66,0.45,-0.378,0.768,-0.567,0.404,0.758,0.699,-0.283,-0.26,0.133,0.471,0.633,-0.025,-0.586,0.384,0.755,0.628,0.692,0.534,0.698,0.787,0.728,0.814,0.419,0.19,0.747,-0.101,0.794,0.649,0.474,0.387,0.817,0.408,0.176,0.357,0.787,0.188,0.777,0.703,0.729,0.573,0.74,-0.374,0.791,0.714,0.375,0.634,-0.032,-0.162,0.617,-0.317,0.632,0.404,0.248,0.583,0.15,-0.139,-0.598,0.454,0.761,-0.097,0.772,0.673,0.311,0.62,0.766,-0.214,0.67
ARDX,-0.426,-0.851,0.58,-0.105,-0.699,-0.657,0.717,-0.472,0.711,-0.469,0.0,-0.798,-0.501,0.685,-0.213,-0.54,-0.276,-0.512,-0.688,0.669,-0.635,-0.503,0.051,-0.533,-0.688,0.836,-0.546,-0.507,-0.857,-0.483,-0.639,-0.528,-0.572,-0.551,-0.799,-0.151,-0.631,-0.297,0.189,-0.471,-0.606,-0.003,0.563,-0.645,-0.002,-0.573,-0.625,0.742,-0.58,-0.677,-0.129,-0.565,-0.286,-0.706,-0.625,0.27,-0.531,0.01,-0.638,0.587,-0.625,-0.608,0.769,-0.693,-0.683,-0.697,-0.412,-0.619,-0.746,-0.109,-0.637,0.718,-0.483,0.708,-0.626,-0.185,-0.726,-0.648,-0.195,0.304,0.38,0.812,0.581,-0.579,-0.037,-0.768,-0.66,-0.376,-0.082,-0.819,-0.653,0.305,-0.469,0.113,0.698,-0.657,0.261,-0.624,-0.706,0.443,-0.734,-0.734,-0.571,0.479,-0.502,-0.164,0.511,0.866,-0.614,-0.317,0.266,0.57,-0.446,0.841,-0.581,-0.567,-0.544,-0.546,0.419,-0.586,0.652,-0.68,0.102,-0.746,-0.642,-0.413,-0.666,-0.388,0.801,-0.444,-0.717,-0.66,-0.108,0.647,-0.707,0.761,-0.045,-0.568,-0.211,0.46,0.674,0.339,-0.029,-0.659,0.178,0.672,-0.306,-0.643,-0.299,-0.658,-0.059,-0.449,-0.667,-0.422,-0.601,-0.228,-0.452,-0.746,0.256,-0.718,-0.325,0.072,0.152,-0.588,0.151,0.259,0.043,-0.638,-0.228,-0.714,-0.69,-0.622,-0.525,-0.617,0.544,-0.672,-0.48,-0.1,-0.566,0.072,0.135,-0.462,0.686,-0.477,-0.016,-0.248,-0.591,-0.457,0.287,0.486,-0.665,-0.769,-0.048,-0.714,-0.435,0.09,-0.829,-0.704,0.399,-0.827
ARQT,0.562,0.932,-0.371,0.552,0.9,0.755,-0.222,0.689,-0.832,0.699,-0.798,0.0,0.869,-0.521,0.603,0.89,0.619,0.868,0.88,-0.473,0.944,0.775,0.393,0.834,0.957,-0.534,0.894,0.892,0.742,0.881,0.934,0.872,0.833,0.896,0.805,0.221,0.932,0.631,-0.192,0.878,0.901,0.442,-0.272,0.937,0.356,0.898,0.917,-0.641,0.894,0.939,0.496,0.914,0.689,0.881,0.855,-0.194,0.835,0.49,0.946,-0.867,0.94,0.889,-0.592,0.955,0.961,0.949,0.778,0.58,0.927,0.101,0.914,-0.724,0.857,-0.362,0.936,0.317,0.878,0.94,0.557,0.032,-0.216,-0.785,-0.167,0.887,0.34,0.934,0.846,0.559,0.378,0.972,0.763,0.137,0.878,-0.207,-0.367,0.706,-0.128,0.813,0.857,-0.654,0.91,0.883,0.793,-0.522,0.406,0.353,-0.555,-0.791,0.886,0.759,-0.448,-0.253,0.827,-0.842,0.908,0.883,0.836,0.878,-0.422,0.904,-0.354,0.827,0.223,0.957,0.855,0.841,0.919,0.784,-0.68,0.477,0.803,0.942,0.509,-0.545,0.955,-0.782,0.428,0.906,0.685,-0.639,-0.456,0.149,0.548,0.779,0.047,-0.851,0.496,0.947,0.609,0.937,0.555,0.847,0.923,0.839,0.923,0.597,0.293,0.959,0.094,0.942,0.745,0.486,0.314,0.922,0.387,0.169,0.397,0.846,0.399,0.938,0.933,0.943,0.789,0.926,-0.549,0.952,0.881,0.58,0.834,-0.145,-0.365,0.726,-0.648,0.822,0.298,0.513,0.744,0.592,-0.28,-0.665,0.824,0.977,-0.076,0.941,0.82,0.429,0.971,0.943,-0.009,0.93
ASTE,0.543,0.706,-0.276,0.669,0.774,0.556,0.14,0.695,-0.812,0.714,-0.501,0.869,0.0,-0.26,0.698,0.898,0.556,0.962,0.739,-0.243,0.95,0.828,0.589,0.717,0.899,-0.166,0.905,0.96,0.404,0.903,0.915,0.935,0.665,0.958,0.529,0.013,0.921,0.692,-0.321,0.923,0.83,0.709,-0.06,0.858,0.34,0.803,0.864,-0.48,0.934,0.928,0.5,0.916,0.707,0.881,0.7,-0.196,0.851,0.626,0.922,-0.896,0.877,0.794,-0.458,0.874,0.88,0.847,0.779,0.219,0.834,0.034,0.903,-0.677,0.945,0.057,0.957,0.444,0.746,0.929,0.704,0.383,-0.173,-0.609,0.212,0.889,0.644,0.743,0.805,0.397,0.367,0.836,0.485,0.427,0.941,-0.337,0.031,0.492,-0.16,0.792,0.732,-0.8,0.707,0.664,0.772,-0.571,0.137,0.262,-0.584,-0.587,0.899,0.869,-0.695,0.075,0.96,-0.732,0.949,0.864,0.814,0.9,-0.456,0.943,-0.01,0.659,0.251,0.808,0.813,0.943,0.898,0.935,-0.457,0.212,0.632,0.853,0.813,-0.431,0.889,-0.713,0.526,0.908,0.838,-0.733,-0.293,0.394,0.824,0.689,0.072,-0.674,0.322,0.89,0.571,0.869,0.7,0.915,0.873,0.947,0.919,0.806,0.022,0.809,0.409,0.799,0.886,0.725,0.4,0.921,0.636,0.522,0.732,0.754,0.43,0.808,0.79,0.945,0.824,0.872,-0.575,0.894,0.869,0.716,0.915,-0.359,-0.33,0.718,-0.574,0.893,0.333,0.571,0.546,0.586,-0.332,-0.73,0.622,0.88,-0.332,0.823,0.957,0.724,0.799,0.81,0.269,0.729
AUPH,-0.116,-0.597,0.338,0.024,-0.438,-0.357,0.577,-0.153,0.458,-0.529,0.685,-0.521,-0.26,0.0,0.096,-0.412,-0.174,-0.28,-0.488,0.704,-0.382,-0.166,0.015,-0.356,-0.433,0.474,-0.371,-0.286,-0.492,-0.283,-0.391,-0.322,-0.475,-0.331,-0.636,-0.082,-0.377,-0.139,0.02,-0.275,-0.434,0.123,0.458,-0.464,-0.041,-0.397,-0.423,0.435,-0.258,-0.44,-0.12,-0.309,0.032,-0.438,-0.613,0.198,-0.407,0.094,-0.407,0.431,-0.399,-0.503,0.502,-0.431,-0.446,-0.523,-0.127,-0.651,-0.521,-0.426,-0.33,0.414,-0.238,0.662,-0.388,0.228,-0.45,-0.406,0.138,0.371,0.39,0.546,0.471,-0.332,0.11,-0.524,-0.365,-0.368,0.007,-0.616,-0.396,0.331,-0.276,-0.179,0.508,-0.67,0.209,-0.316,-0.256,0.15,-0.575,-0.626,-0.257,0.311,-0.48,-0.016,0.389,0.659,-0.339,-0.23,0.059,0.59,-0.229,0.568,-0.289,-0.18,-0.23,-0.349,0.576,-0.399,0.634,-0.412,0.109,-0.564,-0.552,-0.217,-0.359,-0.089,0.699,-0.49,-0.642,-0.364,0.035,0.43,-0.469,0.457,-0.173,-0.318,-0.067,0.073,0.378,0.359,0.074,-0.441,0.136,0.556,-0.302,-0.415,-0.271,-0.468,-0.034,-0.181,-0.437,-0.229,-0.45,-0.038,-0.275,-0.569,0.461,-0.572,-0.119,0.174,-0.014,-0.386,0.111,0.369,0.265,-0.496,0.149,-0.526,-0.459,-0.35,-0.349,-0.366,0.293,-0.475,-0.311,0.023,-0.25,0.019,0.069,-0.251,0.356,-0.126,0.077,0.149,-0.443,-0.076,0.238,0.224,-0.36,-0.521,-0.09,-0.504,-0.172,0.239,-0.483,-0.474,0.548,-0.598
AVXL,0.773,0.471,-0.166,0.771,0.663,0.638,0.349,0.802,-0.596,0.565,-0.213,0.603,0.698,0.096,0.0,0.579,0.484,0.733,0.576,-0.139,0.717,0.796,0.227,0.675,0.694,-0.098,0.685,0.762,0.308,0.737,0.726,0.667,0.582,0.71,0.478,0.353,0.73,0.379,-0.313,0.8,0.581,0.44,-0.034,0.657,0.489,0.681,0.641,-0.447,0.806,0.717,0.245,0.785,0.739,0.643,0.41,0.425,0.583,0.488,0.7,-0.567,0.704,0.565,-0.226,0.736,0.708,0.634,0.723,0.052,0.615,0.075,0.673,-0.545,0.778,0.176,0.646,0.086,0.674,0.694,0.562,0.146,0.096,-0.456,0.228,0.813,0.665,0.57,0.75,0.399,0.211,0.555,0.361,0.204,0.712,-0.347,0.176,0.475,0.04,0.783,0.554,-0.595,0.501,0.452,0.798,-0.477,0.053,0.145,-0.43,-0.382,0.695,0.655,-0.485,0.23,0.598,-0.499,0.777,0.743,0.652,0.732,-0.125,0.677,0.036,0.605,0.215,0.535,0.663,0.788,0.758,0.799,-0.236,0.123,0.531,0.713,0.546,-0.381,0.704,-0.513,0.264,0.717,0.761,-0.49,-0.27,0.252,0.559,0.568,0.155,-0.331,0.137,0.729,0.502,0.507,0.745,0.799,0.715,0.74,0.702,0.559,0.014,0.559,0.205,0.598,0.631,0.673,0.327,0.735,0.558,0.492,0.561,0.499,0.738,0.566,0.656,0.69,0.563,0.776,-0.429,0.66,0.668,0.517,0.702,0.027,-0.431,0.78,-0.236,0.758,0.679,0.448,0.354,0.167,0.133,-0.675,0.49,0.653,-0.05,0.691,0.754,0.533,0.575,0.719,0.271,0.473
AZTA,0.363,0.784,-0.07,0.661,0.845,0.549,0.043,0.597,-0.69,0.753,-0.54,0.89,0.898,-0.412,0.579,0.0,0.683,0.896,0.855,-0.347,0.928,0.676,0.688,0.796,0.905,-0.199,0.951,0.939,0.531,0.955,0.926,0.915,0.819,0.903,0.659,0.06,0.897,0.655,-0.083,0.905,0.906,0.666,0.007,0.932,0.477,0.904,0.935,-0.376,0.842,0.874,0.714,0.896,0.724,0.792,0.882,-0.272,0.868,0.689,0.94,-0.87,0.92,0.934,-0.287,0.876,0.905,0.928,0.742,0.522,0.864,0.199,0.872,-0.518,0.845,-0.112,0.913,0.319,0.689,0.929,0.551,0.155,-0.199,-0.593,0.013,0.817,0.419,0.774,0.662,0.49,0.605,0.876,0.687,0.368,0.924,-0.067,-0.106,0.599,0.034,0.676,0.752,-0.556,0.827,0.837,0.643,-0.351,0.365,0.478,-0.416,-0.539,0.878,0.907,-0.43,0.035,0.882,-0.66,0.869,0.834,0.737,0.889,-0.436,0.934,-0.051,0.677,0.46,0.911,0.842,0.911,0.849,0.802,-0.478,0.446,0.731,0.897,0.585,-0.285,0.888,-0.607,0.645,0.904,0.828,-0.547,-0.087,0.464,0.727,0.676,0.086,-0.778,0.586,0.919,0.728,0.934,0.632,0.907,0.883,0.933,0.929,0.713,0.099,0.901,0.227,0.888,0.887,0.658,0.607,0.942,0.637,0.28,0.607,0.859,0.267,0.908,0.856,0.943,0.731,0.882,-0.343,0.945,0.915,0.745,0.792,-0.201,-0.25,0.6,-0.472,0.867,0.28,0.475,0.737,0.581,-0.405,-0.594,0.714,0.891,-0.209,0.874,0.86,0.591,0.84,0.87,0.141,0.853
BAND,0.203,0.592,0.168,0.596,0.668,0.539,0.171,0.412,-0.268,0.488,-0.276,0.619,0.556,-0.174,0.484,0.683,0.0,0.568,0.697,-0.112,0.624,0.487,0.518,0.791,0.669,-0.064,0.695,0.648,0.369,0.764,0.669,0.601,0.817,0.566,0.483,0.391,0.658,0.581,0.229,0.697,0.766,0.341,0.162,0.731,0.732,0.794,0.722,-0.113,0.567,0.573,0.729,0.714,0.708,0.352,0.759,-0.012,0.663,0.746,0.674,-0.503,0.745,0.75,0.055,0.653,0.711,0.714,0.704,0.488,0.583,0.152,0.532,-0.097,0.62,-0.142,0.582,0.086,0.524,0.623,0.35,0.109,0.077,-0.271,0.073,0.559,0.235,0.629,0.411,0.521,0.606,0.576,0.613,0.421,0.683,0.172,-0.151,0.468,0.361,0.369,0.582,-0.172,0.74,0.726,0.409,0.052,0.328,0.561,-0.037,-0.269,0.596,0.685,-0.029,-0.027,0.534,-0.27,0.566,0.627,0.623,0.683,0.118,0.61,-0.031,0.655,0.574,0.663,0.519,0.678,0.558,0.519,-0.209,0.572,0.451,0.698,0.314,-0.028,0.6,-0.266,0.568,0.715,0.637,-0.128,0.14,0.417,0.549,0.554,0.18,-0.681,0.72,0.72,0.798,0.682,0.665,0.686,0.609,0.641,0.611,0.289,0.202,0.718,0.199,0.681,0.645,0.635,0.697,0.698,0.564,0.222,0.336,0.655,0.106,0.706,0.762,0.658,0.381,0.688,0.026,0.688,0.807,0.613,0.362,0.228,-0.337,0.425,-0.004,0.588,0.362,0.389,0.625,0.342,0.038,-0.265,0.618,0.59,0.179,0.677,0.537,0.45,0.573,0.7,0.092,0.627
BECN,0.588,0.702,-0.301,0.678,0.844,0.549,0.144,0.753,-0.844,0.75,-0.512,0.868,0.962,-0.28,0.733,0.896,0.568,0.0,0.79,-0.342,0.97,0.853,0.536,0.711,0.928,-0.226,0.926,0.976,0.469,0.918,0.924,0.967,0.681,0.965,0.6,-0.025,0.949,0.61,-0.347,0.938,0.831,0.689,-0.096,0.883,0.329,0.835,0.885,-0.57,0.951,0.94,0.457,0.931,0.686,0.897,0.703,-0.127,0.876,0.583,0.945,-0.918,0.873,0.813,-0.479,0.895,0.9,0.881,0.759,0.237,0.869,0.045,0.888,-0.725,0.923,0.027,0.936,0.358,0.725,0.958,0.675,0.218,-0.294,-0.639,0.104,0.915,0.678,0.714,0.798,0.353,0.374,0.837,0.49,0.309,0.929,-0.357,0.081,0.571,-0.156,0.841,0.707,-0.82,0.715,0.683,0.823,-0.59,0.18,0.311,-0.626,-0.629,0.93,0.893,-0.714,0.111,0.915,-0.78,0.966,0.865,0.815,0.943,-0.472,0.971,-0.017,0.675,0.254,0.83,0.871,0.956,0.95,0.948,-0.524,0.229,0.71,0.867,0.711,-0.459,0.924,-0.75,0.446,0.916,0.86,-0.719,-0.314,0.367,0.773,0.768,-0.028,-0.623,0.292,0.908,0.563,0.83,0.677,0.944,0.93,0.962,0.957,0.78,-0.005,0.826,0.298,0.827,0.894,0.671,0.37,0.945,0.616,0.432,0.707,0.782,0.456,0.823,0.793,0.949,0.791,0.899,-0.587,0.928,0.85,0.654,0.922,-0.294,-0.296,0.725,-0.6,0.921,0.35,0.488,0.562,0.497,-0.296,-0.802,0.612,0.904,-0.344,0.854,0.973,0.652,0.816,0.839,0.208,0.738
BFC,0.384,0.831,-0.128,0.519,0.915,0.597,-0.163,0.598,-0.635,0.745,-0.688,0.88,0.739,-0.488,0.576,0.855,0.697,0.79,0.0,-0.497,0.872,0.669,0.439,0.836,0.901,-0.461,0.899,0.819,0.691,0.881,0.898,0.845,0.881,0.805,0.793,0.235,0.867,0.542,0.082,0.821,0.934,0.369,-0.079,0.947,0.53,0.886,0.896,-0.483,0.784,0.848,0.625,0.874,0.695,0.71,0.876,-0.104,0.777,0.574,0.905,-0.774,0.894,0.933,-0.372,0.874,0.914,0.946,0.668,0.616,0.86,0.23,0.768,-0.516,0.715,-0.379,0.814,0.124,0.731,0.886,0.354,-0.101,-0.28,-0.627,-0.233,0.753,0.35,0.822,0.635,0.507,0.524,0.882,0.762,0.153,0.778,-0.033,-0.318,0.711,0.193,0.654,0.785,-0.448,0.911,0.927,0.732,-0.257,0.493,0.421,-0.337,-0.646,0.836,0.808,-0.304,-0.114,0.695,-0.719,0.78,0.785,0.777,0.851,-0.3,0.842,-0.215,0.715,0.472,0.924,0.839,0.807,0.837,0.703,-0.547,0.669,0.793,0.866,0.359,-0.333,0.879,-0.608,0.32,0.872,0.73,-0.426,-0.231,0.23,0.493,0.799,0.011,-0.756,0.642,0.893,0.713,0.857,0.527,0.832,0.862,0.798,0.855,0.4,0.327,0.916,-0.011,0.909,0.78,0.472,0.452,0.909,0.434,-0.023,0.39,0.913,0.214,0.924,0.888,0.849,0.582,0.883,-0.265,0.923,0.831,0.544,0.663,0.045,-0.275,0.559,-0.394,0.798,0.232,0.416,0.774,0.403,-0.221,-0.564,0.725,0.89,0.021,0.894,0.745,0.368,0.878,0.915,-0.144,0.875
BGC,-0.296,-0.51,0.5,-0.015,-0.569,-0.372,0.607,-0.37,0.559,-0.571,0.669,-0.473,-0.243,0.704,-0.139,-0.347,-0.112,-0.342,-0.497,0.0,-0.407,-0.282,0.264,-0.3,-0.416,0.55,-0.381,-0.33,-0.601,-0.305,-0.428,-0.356,-0.392,-0.3,-0.698,0.042,-0.421,0.143,0.316,-0.272,-0.355,0.151,0.642,-0.434,0.03,-0.377,-0.392,0.642,-0.375,-0.482,0.112,-0.323,0.028,-0.539,-0.482,0.072,-0.386,0.251,-0.414,0.449,-0.332,-0.463,0.572,-0.412,-0.425,-0.534,-0.018,-0.459,-0.635,-0.451,-0.322,0.605,-0.239,0.61,-0.323,0.296,-0.448,-0.439,0.236,0.59,0.635,0.675,0.655,-0.406,-0.131,-0.401,-0.438,-0.174,0.126,-0.584,-0.277,0.547,-0.26,-0.015,0.315,-0.675,0.235,-0.465,-0.198,0.294,-0.454,-0.546,-0.375,0.493,-0.508,0.137,0.538,0.72,-0.373,-0.204,0.259,0.434,-0.105,0.702,-0.358,-0.175,-0.197,-0.442,0.541,-0.448,0.597,-0.425,0.196,-0.511,-0.648,-0.221,-0.492,-0.171,0.836,-0.325,-0.724,-0.37,0.139,0.622,-0.481,0.625,0.055,-0.283,-0.1,0.157,0.513,0.473,0.226,-0.514,0.514,0.327,-0.082,-0.399,-0.151,-0.327,0.073,-0.244,-0.545,-0.287,-0.463,-0.046,-0.196,-0.501,0.565,-0.534,-0.142,0.267,0.157,-0.415,0.182,0.453,0.225,-0.505,-0.088,-0.491,-0.376,-0.381,-0.23,-0.36,0.431,-0.482,-0.221,0.229,-0.302,0.113,-0.222,-0.313,0.477,-0.239,-0.002,0.253,-0.372,0.133,0.238,0.481,-0.208,-0.54,0.122,-0.498,-0.224,0.375,-0.497,-0.521,0.687,-0.565
BHF,0.594,0.809,-0.322,0.664,0.901,0.645,0.012,0.771,-0.858,0.756,-0.635,0.944,0.95,-0.382,0.717,0.928,0.624,0.97,0.872,-0.407,0.0,0.857,0.506,0.786,0.978,-0.358,0.96,0.98,0.606,0.945,0.97,0.964,0.778,0.975,0.709,0.076,0.981,0.616,-0.28,0.948,0.9,0.62,-0.164,0.94,0.369,0.899,0.943,-0.611,0.96,0.966,0.506,0.969,0.709,0.91,0.798,-0.151,0.865,0.583,0.987,-0.929,0.941,0.89,-0.52,0.956,0.964,0.946,0.781,0.383,0.927,0.069,0.929,-0.734,0.915,-0.112,0.956,0.316,0.795,0.99,0.637,0.142,-0.273,-0.698,0.001,0.935,0.563,0.818,0.827,0.455,0.393,0.918,0.634,0.261,0.946,-0.317,-0.081,0.659,-0.131,0.857,0.794,-0.763,0.817,0.794,0.838,-0.565,0.263,0.333,-0.617,-0.71,0.94,0.892,-0.621,-0.023,0.898,-0.823,0.969,0.895,0.853,0.949,-0.459,0.98,-0.154,0.75,0.269,0.911,0.904,0.956,0.97,0.907,-0.605,0.346,0.779,0.936,0.646,-0.517,0.974,-0.783,0.442,0.943,0.83,-0.7,-0.344,0.301,0.71,0.794,-0.013,-0.725,0.394,0.967,0.611,0.895,0.667,0.954,0.962,0.955,0.979,0.735,0.086,0.913,0.226,0.905,0.884,0.622,0.387,0.974,0.579,0.318,0.619,0.831,0.449,0.894,0.885,0.977,0.789,0.954,-0.567,0.978,0.89,0.661,0.905,-0.225,-0.336,0.74,-0.606,0.93,0.349,0.482,0.647,0.518,-0.325,-0.778,0.699,0.965,-0.238,0.929,0.95,0.583,0.903,0.917,0.129,0.848
BHFAL,0.817,0.665,-0.452,0.611,0.739,0.683,0.097,0.854,-0.805,0.602,-0.503,0.775,0.828,-0.166,0.796,0.676,0.487,0.853,0.669,-0.282,0.857,0.0,0.208,0.688,0.848,-0.327,0.734,0.85,0.483,0.771,0.836,0.784,0.594,0.825,0.587,0.19,0.884,0.519,-0.468,0.849,0.682,0.411,-0.318,0.743,0.228,0.757,0.767,-0.699,0.906,0.854,0.218,0.862,0.64,0.828,0.517,0.106,0.677,0.38,0.827,-0.768,0.803,0.646,-0.546,0.838,0.833,0.744,0.79,0.094,0.798,-0.084,0.815,-0.759,0.844,-0.028,0.779,0.252,0.752,0.837,0.683,0.13,-0.174,-0.692,0.053,0.916,0.622,0.676,0.838,0.302,0.106,0.732,0.407,0.127,0.823,-0.524,0.036,0.55,-0.21,0.904,0.711,-0.807,0.611,0.55,0.846,-0.67,0.049,0.115,-0.635,-0.661,0.827,0.671,-0.683,-0.038,0.722,-0.735,0.9,0.837,0.782,0.825,-0.311,0.833,-0.188,0.769,0.013,0.678,0.771,0.844,0.886,0.861,-0.527,0.088,0.638,0.816,0.578,-0.61,0.826,-0.809,0.253,0.812,0.664,-0.715,-0.441,0.114,0.595,0.669,-0.116,-0.534,0.116,0.828,0.456,0.655,0.634,0.858,0.856,0.81,0.829,0.626,-0.01,0.713,0.246,0.746,0.695,0.554,0.137,0.818,0.474,0.457,0.531,0.59,0.619,0.671,0.761,0.84,0.674,0.845,-0.701,0.801,0.727,0.503,0.845,-0.161,-0.436,0.789,-0.554,0.814,0.439,0.465,0.377,0.322,-0.085,-0.815,0.555,0.809,-0.25,0.795,0.857,0.503,0.746,0.768,0.174,0.631
BKNG,-0.179,0.246,0.429,0.502,0.328,-0.049,0.448,0.121,-0.141,0.329,0.051,0.393,0.589,0.015,0.227,0.688,0.518,0.536,0.439,0.264,0.506,0.208,0.0,0.399,0.451,0.325,0.617,0.566,-0.041,0.625,0.474,0.605,0.414,0.568,0.01,-0.164,0.438,0.595,0.293,0.539,0.586,0.794,0.616,0.52,0.447,0.474,0.544,0.278,0.392,0.382,0.829,0.496,0.524,0.257,0.517,-0.405,0.524,0.846,0.522,-0.497,0.507,0.565,0.243,0.395,0.438,0.462,0.443,0.172,0.29,-0.045,0.463,0.087,0.465,0.365,0.561,0.443,0.117,0.501,0.436,0.548,0.059,0.1,0.456,0.298,0.262,0.297,0.084,0.211,0.761,0.338,0.38,0.806,0.605,0.071,0.188,0.006,0.273,0.094,0.365,-0.201,0.389,0.386,0.18,0.18,0.023,0.543,0.064,0.1,0.464,0.762,-0.176,0.427,0.713,-0.071,0.416,0.451,0.437,0.474,-0.108,0.52,0.508,0.084,0.703,0.462,0.299,0.611,0.332,0.521,0.177,0.244,0.119,0.437,0.613,0.336,0.404,0.007,0.626,0.546,0.707,-0.269,0.481,0.856,0.827,0.247,0.345,-0.415,0.552,0.469,0.531,0.607,0.52,0.58,0.346,0.629,0.484,0.571,-0.152,0.432,0.572,0.371,0.759,0.723,0.774,0.529,0.769,0.384,0.742,0.485,-0.116,0.463,0.383,0.525,0.415,0.447,0.185,0.5,0.599,0.814,0.398,-0.236,-0.167,0.102,-0.012,0.563,0.012,0.415,0.393,0.552,-0.433,-0.124,0.327,0.366,-0.23,0.352,0.582,0.79,0.323,0.337,0.49,0.339
BL,0.465,0.828,-0.041,0.636,0.811,0.756,0.012,0.587,-0.508,0.696,-0.533,0.834,0.717,-0.356,0.675,0.796,0.791,0.711,0.836,-0.3,0.786,0.688,0.399,0.0,0.835,-0.305,0.808,0.784,0.537,0.872,0.851,0.716,0.941,0.727,0.711,0.565,0.819,0.66,0.088,0.854,0.89,0.272,-0.035,0.897,0.703,0.921,0.843,-0.351,0.756,0.807,0.657,0.855,0.828,0.602,0.851,0.09,0.724,0.654,0.83,-0.653,0.904,0.88,-0.212,0.851,0.886,0.872,0.851,0.614,0.763,0.279,0.734,-0.376,0.779,-0.315,0.784,0.067,0.824,0.787,0.403,0.056,0.104,-0.573,-0.036,0.777,0.285,0.879,0.702,0.638,0.558,0.813,0.718,0.253,0.805,0.063,-0.335,0.661,0.252,0.633,0.773,-0.358,0.899,0.88,0.651,-0.194,0.46,0.395,-0.215,-0.532,0.78,0.71,-0.145,-0.199,0.669,-0.531,0.74,0.805,0.75,0.785,-0.105,0.754,-0.264,0.822,0.462,0.831,0.729,0.786,0.752,0.666,-0.399,0.633,0.68,0.87,0.394,-0.238,0.792,-0.499,0.523,0.866,0.719,-0.315,-0.162,0.234,0.523,0.615,0.241,-0.834,0.715,0.878,0.808,0.854,0.678,0.782,0.774,0.739,0.783,0.349,0.401,0.872,0.091,0.884,0.67,0.643,0.59,0.858,0.482,0.213,0.306,0.824,0.28,0.884,0.93,0.816,0.581,0.868,-0.218,0.832,0.912,0.595,0.582,0.15,-0.481,0.696,-0.221,0.688,0.46,0.542,0.718,0.402,0.022,-0.434,0.781,0.807,0.169,0.87,0.651,0.431,0.789,0.896,-0.031,0.82
BOKF,0.595,0.866,-0.325,0.639,0.921,0.709,-0.045,0.738,-0.822,0.758,-0.688,0.957,0.899,-0.433,0.694,0.905,0.669,0.928,0.901,-0.416,0.978,0.848,0.451,0.835,0.0,-0.432,0.943,0.944,0.671,0.934,0.961,0.932,0.836,0.943,0.781,0.183,0.978,0.647,-0.203,0.94,0.918,0.509,-0.185,0.954,0.399,0.926,0.95,-0.624,0.932,0.954,0.516,0.972,0.725,0.868,0.832,-0.089,0.848,0.565,0.983,-0.886,0.956,0.902,-0.522,0.98,0.985,0.959,0.811,0.475,0.918,0.104,0.901,-0.703,0.887,-0.233,0.927,0.266,0.839,0.977,0.604,0.056,-0.252,-0.725,-0.079,0.922,0.493,0.864,0.828,0.491,0.407,0.925,0.699,0.196,0.91,-0.252,-0.182,0.722,-0.077,0.843,0.83,-0.695,0.88,0.849,0.832,-0.506,0.349,0.365,-0.567,-0.741,0.932,0.856,-0.521,-0.117,0.849,-0.809,0.937,0.905,0.86,0.921,-0.4,0.948,-0.24,0.817,0.272,0.932,0.897,0.926,0.957,0.86,-0.626,0.441,0.813,0.944,0.549,-0.51,0.979,-0.768,0.414,0.955,0.789,-0.62,-0.373,0.238,0.646,0.805,0.022,-0.782,0.464,0.98,0.644,0.899,0.644,0.93,0.956,0.903,0.966,0.634,0.19,0.947,0.146,0.937,0.831,0.589,0.372,0.967,0.513,0.253,0.512,0.845,0.418,0.917,0.936,0.951,0.764,0.972,-0.539,0.978,0.901,0.616,0.853,-0.079,-0.39,0.724,-0.565,0.893,0.359,0.493,0.697,0.501,-0.244,-0.728,0.754,0.967,-0.119,0.96,0.895,0.511,0.925,0.938,0.065,0.879
BRKR,-0.368,-0.616,0.638,0.128,-0.478,-0.516,0.732,-0.383,0.507,-0.149,0.836,-0.534,-0.166,0.474,-0.098,-0.199,-0.064,-0.226,-0.461,0.55,-0.358,-0.327,0.325,-0.305,-0.432,0.0,-0.249,-0.212,-0.806,-0.205,-0.36,-0.237,-0.348,-0.268,-0.65,-0.134,-0.378,-0.002,0.152,-0.188,-0.338,0.204,0.597,-0.366,0.138,-0.33,-0.347,0.72,-0.344,-0.386,0.106,-0.311,-0.059,-0.438,-0.326,0.135,-0.216,0.215,-0.359,0.317,-0.351,-0.318,0.727,-0.448,-0.422,-0.424,-0.181,-0.464,-0.479,0.109,-0.347,0.575,-0.164,0.694,-0.318,-0.017,-0.487,-0.367,-0.044,0.448,0.33,0.629,0.678,-0.347,0.158,-0.527,-0.423,-0.18,0.074,-0.531,-0.528,0.495,-0.162,0.192,0.668,-0.478,0.276,-0.457,-0.526,0.282,-0.482,-0.479,-0.424,0.338,-0.327,-0.076,0.41,0.76,-0.334,-0.03,0.102,0.625,-0.1,0.649,-0.329,-0.318,-0.342,-0.274,0.128,-0.278,0.697,-0.468,0.234,-0.475,-0.366,-0.125,-0.44,-0.13,0.701,-0.307,-0.495,-0.44,0.209,0.587,-0.448,0.599,0.318,-0.301,0.065,0.325,0.67,0.503,0.26,-0.459,0.271,0.389,-0.113,-0.38,0.025,-0.333,0.186,-0.207,-0.413,-0.132,-0.317,0.022,-0.428,-0.477,0.327,-0.455,-0.048,0.339,0.367,-0.293,0.353,0.489,0.26,-0.328,-0.227,-0.413,-0.455,-0.322,-0.227,-0.377,0.417,-0.387,-0.191,0.187,-0.313,-0.059,0.099,-0.26,0.587,-0.255,0.044,-0.041,-0.359,-0.23,0.143,0.349,-0.483,-0.509,-0.135,-0.468,-0.169,0.326,-0.615,-0.474,0.454,-0.569
CACC,0.44,0.765,-0.13,0.703,0.891,0.57,0.074,0.666,-0.73,0.786,-0.546,0.894,0.905,-0.371,0.685,0.951,0.695,0.926,0.899,-0.381,0.96,0.734,0.617,0.808,0.943,-0.249,0.0,0.951,0.542,0.964,0.946,0.954,0.824,0.933,0.681,0.11,0.941,0.625,-0.095,0.929,0.937,0.643,-0.001,0.956,0.526,0.899,0.945,-0.45,0.894,0.918,0.637,0.947,0.747,0.81,0.857,-0.15,0.868,0.687,0.966,-0.878,0.927,0.94,-0.346,0.92,0.939,0.95,0.734,0.459,0.88,0.184,0.869,-0.576,0.867,-0.09,0.923,0.254,0.74,0.956,0.532,0.137,-0.209,-0.577,0.027,0.853,0.548,0.793,0.724,0.522,0.536,0.883,0.66,0.345,0.921,-0.128,-0.066,0.65,0.049,0.734,0.746,-0.618,0.833,0.837,0.757,-0.383,0.347,0.416,-0.469,-0.582,0.904,0.943,-0.492,0.06,0.872,-0.714,0.895,0.844,0.806,0.929,-0.416,0.949,-0.05,0.684,0.446,0.912,0.88,0.947,0.907,0.852,-0.498,0.475,0.761,0.899,0.617,-0.35,0.94,-0.631,0.521,0.934,0.884,-0.548,-0.177,0.413,0.727,0.783,0.074,-0.724,0.538,0.949,0.704,0.905,0.689,0.935,0.911,0.943,0.947,0.681,0.137,0.902,0.209,0.891,0.916,0.67,0.554,0.971,0.637,0.266,0.623,0.882,0.333,0.912,0.873,0.934,0.727,0.936,-0.368,0.964,0.905,0.698,0.808,-0.144,-0.263,0.655,-0.433,0.909,0.349,0.466,0.718,0.491,-0.315,-0.657,0.674,0.921,-0.15,0.915,0.9,0.597,0.848,0.903,0.11,0.837
CAR,0.582,0.744,-0.242,0.738,0.863,0.617,0.151,0.768,-0.81,0.754,-0.507,0.892,0.96,-0.286,0.762,0.939,0.648,0.976,0.819,-0.33,0.98,0.85,0.566,0.784,0.944,-0.212,0.951,0.0,0.502,0.961,0.953,0.952,0.759,0.962,0.641,0.065,0.964,0.62,-0.303,0.968,0.868,0.685,-0.094,0.915,0.41,0.901,0.924,-0.528,0.955,0.938,0.54,0.961,0.741,0.877,0.769,-0.103,0.869,0.637,0.966,-0.909,0.923,0.871,-0.405,0.921,0.932,0.915,0.808,0.318,0.887,0.092,0.91,-0.672,0.933,0.006,0.933,0.305,0.753,0.968,0.676,0.201,-0.214,-0.642,0.1,0.935,0.607,0.755,0.801,0.425,0.439,0.857,0.573,0.334,0.968,-0.295,0.041,0.606,-0.103,0.837,0.745,-0.751,0.763,0.739,0.797,-0.545,0.211,0.355,-0.583,-0.614,0.928,0.911,-0.626,0.073,0.905,-0.74,0.967,0.89,0.804,0.948,-0.422,0.977,-0.054,0.729,0.306,0.861,0.882,0.978,0.943,0.93,-0.519,0.274,0.735,0.918,0.679,-0.45,0.933,-0.732,0.541,0.932,0.875,-0.669,-0.238,0.391,0.773,0.724,0.01,-0.688,0.383,0.949,0.639,0.87,0.718,0.972,0.943,0.982,0.97,0.786,-0.001,0.872,0.288,0.868,0.902,0.712,0.48,0.966,0.674,0.432,0.683,0.791,0.474,0.856,0.851,0.974,0.77,0.932,-0.534,0.95,0.903,0.708,0.89,-0.234,-0.344,0.74,-0.546,0.932,0.406,0.488,0.602,0.496,-0.306,-0.771,0.666,0.917,-0.279,0.892,0.959,0.647,0.839,0.886,0.22,0.793
CDNA,0.444,0.776,-0.422,0.192,0.722,0.66,-0.564,0.524,-0.612,0.366,-0.857,0.742,0.404,-0.492,0.308,0.531,0.369,0.469,0.691,-0.601,0.606,0.483,-0.041,0.537,0.671,-0.806,0.542,0.502,0.0,0.515,0.621,0.491,0.594,0.498,0.825,0.188,0.609,0.187,-0.132,0.472,0.574,0.058,-0.493,0.629,0.105,0.623,0.646,-0.7,0.557,0.588,0.191,0.569,0.372,0.608,0.598,-0.183,0.461,0.059,0.622,-0.529,0.627,0.603,-0.587,0.683,0.666,0.676,0.413,0.65,0.716,0.035,0.605,-0.615,0.43,-0.626,0.525,0.093,0.627,0.622,0.205,-0.439,-0.309,-0.754,-0.614,0.57,-0.041,0.69,0.573,0.379,0.19,0.736,0.772,-0.333,0.451,-0.116,-0.565,0.636,-0.115,0.606,0.704,-0.339,0.685,0.712,0.527,-0.362,0.491,0.278,-0.4,-0.732,0.571,0.35,-0.136,-0.406,0.338,-0.717,0.557,0.59,0.523,0.534,-0.255,0.549,-0.552,0.672,0.04,0.713,0.597,0.421,0.655,0.349,-0.733,0.44,0.711,0.694,-0.059,-0.562,0.676,-0.669,0.049,0.54,0.238,-0.41,-0.506,-0.195,-0.004,0.614,-0.209,-0.591,0.352,0.647,0.328,0.578,0.089,0.5,0.682,0.43,0.578,0.24,0.367,0.707,-0.247,0.705,0.338,-0.036,-0.044,0.574,-0.068,-0.295,-0.029,0.588,0.325,0.681,0.696,0.599,0.404,0.636,-0.419,0.662,0.482,0.143,0.503,0.073,-0.093,0.402,-0.59,0.535,0.106,0.22,0.636,0.369,-0.234,-0.47,0.655,0.721,0.084,0.712,0.411,-0.111,0.834,0.721,-0.305,0.808
CG,0.461,0.766,-0.083,0.722,0.883,0.614,0.145,0.677,-0.676,0.757,-0.483,0.881,0.903,-0.283,0.737,0.955,0.764,0.918,0.881,-0.305,0.945,0.771,0.625,0.872,0.934,-0.205,0.964,0.961,0.515,0.0,0.956,0.928,0.866,0.913,0.662,0.183,0.939,0.67,-0.087,0.958,0.931,0.627,0.027,0.953,0.583,0.946,0.947,-0.4,0.897,0.898,0.695,0.958,0.818,0.767,0.854,-0.093,0.858,0.74,0.963,-0.849,0.95,0.931,-0.262,0.913,0.941,0.943,0.813,0.446,0.861,0.175,0.854,-0.515,0.886,-0.074,0.902,0.244,0.742,0.943,0.568,0.168,-0.137,-0.582,0.064,0.87,0.528,0.787,0.709,0.493,0.591,0.849,0.66,0.387,0.94,-0.124,-0.045,0.614,0.115,0.729,0.767,-0.584,0.839,0.833,0.73,-0.344,0.336,0.44,-0.401,-0.538,0.902,0.93,-0.45,0.069,0.855,-0.644,0.9,0.872,0.808,0.931,-0.294,0.938,-0.038,0.728,0.487,0.888,0.848,0.956,0.892,0.863,-0.441,0.459,0.718,0.923,0.588,-0.293,0.903,-0.605,0.569,0.953,0.893,-0.531,-0.111,0.455,0.746,0.715,0.095,-0.754,0.584,0.954,0.757,0.902,0.728,0.958,0.906,0.952,0.934,0.663,0.123,0.901,0.258,0.894,0.908,0.746,0.616,0.975,0.68,0.332,0.627,0.859,0.348,0.905,0.898,0.946,0.703,0.934,-0.339,0.951,0.953,0.727,0.781,-0.104,-0.331,0.665,-0.393,0.906,0.381,0.519,0.701,0.49,-0.248,-0.64,0.703,0.893,-0.157,0.903,0.892,0.626,0.837,0.913,0.147,0.824
CGBD,0.575,0.839,-0.255,0.629,0.904,0.693,-0.026,0.736,-0.789,0.797,-0.639,0.934,0.915,-0.391,0.726,0.926,0.669,0.924,0.898,-0.428,0.97,0.836,0.474,0.851,0.961,-0.36,0.946,0.953,0.621,0.956,0.0,0.92,0.843,0.927,0.743,0.189,0.963,0.618,-0.204,0.939,0.91,0.543,-0.175,0.956,0.472,0.931,0.957,-0.568,0.924,0.953,0.553,0.958,0.749,0.863,0.834,-0.109,0.846,0.586,0.973,-0.873,0.959,0.913,-0.445,0.949,0.967,0.958,0.793,0.463,0.923,0.189,0.905,-0.668,0.9,-0.188,0.929,0.225,0.813,0.963,0.549,0.116,-0.203,-0.723,-0.029,0.917,0.517,0.85,0.802,0.502,0.444,0.925,0.667,0.244,0.927,-0.205,-0.154,0.693,-0.015,0.829,0.815,-0.661,0.858,0.845,0.796,-0.491,0.345,0.346,-0.522,-0.676,0.923,0.861,-0.52,-0.068,0.839,-0.777,0.935,0.876,0.824,0.94,-0.401,0.954,-0.195,0.785,0.33,0.912,0.917,0.928,0.939,0.852,-0.581,0.428,0.781,0.944,0.578,-0.458,0.945,-0.74,0.465,0.94,0.809,-0.613,-0.295,0.274,0.652,0.77,-0.0,-0.769,0.484,0.968,0.701,0.905,0.663,0.938,0.948,0.928,0.95,0.66,0.149,0.922,0.191,0.928,0.853,0.621,0.435,0.979,0.548,0.27,0.561,0.856,0.417,0.917,0.917,0.967,0.747,0.95,-0.486,0.971,0.909,0.631,0.842,-0.156,-0.322,0.73,-0.517,0.905,0.371,0.494,0.684,0.49,-0.264,-0.707,0.726,0.949,-0.176,0.944,0.892,0.523,0.906,0.949,0.045,0.879
