,ACET,ADAP,ADI,ADPT,ADTN,AGEN,ALGN,ALLK,AMD,AMWD,ARDX,ARQT,ASTE,AUPH,AVXL,AZTA,BAND,BECN,BFC,BGC,BHF,BHFAL,BKNG,BL,BOKF,BRKR,CACC,CAR,CDNA,CG,CGBD,CHI,CHTR,CHX,CLNE,CME,CNOB,CNXN,CPRX,CSGP,CSGS,CSIQ,CVCO,CVLT,CYRX,DDOG,DOOO,DSGX,DTIL,ECPG,EEFT,EFSC,ENTG,ESPR,ETSY,EXC,FAMI,FFIV,FITB,FIZZ,FMBH,FOX,FTNT,FULT,GABC,GEN,GH,GMAB,GNPX,GO,GOGL,GOOG,GPRO,GSHD,GSM,GWAV,HAIN,HBAN,HEPA,HURN,HWKN,IBIO,ICFI,IGMS,IMKTA,INCY,INO,IRDM,IRTC,IRWD,ITCI,JACK,JD,JJSF,KALA,KHC,KLAC,KRRO,KRYS,LANC,LBTYA,LIVN,LKCO,LNTH,LOGI,LPRO,LRCX,LSCC,LSTR,MAR,MARA,MCHP,MEOH,META,MGTX,MKSI,MMYT,MORN,MRUS,MTLS,MTSI,MVIS,MXL,NBIX,NFE,NMIH,NMRK,NNDM,NSIT,NTCT,NVAX,OCUL,ODP,OLED,ONB,OTEX,PACB,PATK,PAYX,PEP,PERI,PI,PLYA,PRDO,PRGS,PTGX,QCOM,QCRH,QDEL,QFIN,RGEN,RILY,RPAY,RPD,SABR,SEDG,SHEN,SIRI,SLNO,SNDL,SNEX,SONO,SPT,SSNC,STGW,STKL,STRL,STX,SWTX,SYNA,TFSL,TIGR,TNXP,TOWN,TRI,TRIP,TRMB,TRNS,TRS,TSCO,TSEM,TVTX,TXRH,VC,VCEL,VECO,VIAV,VICR,VIR,VRTX,VSTM,VTRS,WDFC,WSBC,WSC,WYNN,XENE,XNCR,XRAY,ZS
ACET,0.0,0.691,-0.587,0.198,-0.593,0.214,-0.769,0.712,0.546,-0.567,0.285,0.057,-0.339,0.491,0.811,-0.123,-0.457,-0.685,-0.045,0.125,-0.429,0.703,-0.383,-0.281,0.462,-0.051,-0.276,-0.7,-0.447,-0.571,-0.368,-0.565,-0.679,-0.43,-0.432,0.184,-0.554,0.566,-0.686,-0.839,-0.611,0.504,-0.433,-0.042,0.393,0.116,-0.594,-0.357,0.819,-0.229,-0.207,0.621,0.162,-0.358,-0.162,-0.536,0.569,0.048,-0.01,-0.322,0.147,-0.499,-0.779,0.111,0.556,-0.47,-0.594,0.807,0.583,-0.607,-0.002,0.643,0.598,-0.454,-0.119,0.111,-0.395,0.341,0.07,-0.081,0.477,0.8,-0.309,0.624,0.172,-0.085,0.828,0.321,0.541,0.694,0.044,-0.477,0.028,-0.381,0.017,0.727,-0.292,0.521,0.476,0.275,-0.295,-0.651,0.376,0.114,0.608,0.431,-0.649,-0.64,-0.592,0.017,-0.75,-0.614,0.629,-0.758,0.606,-0.751,0.24,0.758,-0.518,0.636,-0.498,0.661,-0.249,-0.413,0.424,0.545,0.186,0.192,-0.348,0.556,0.368,0.688,-0.443,0.696,-0.322,0.562,0.503,-0.378,-0.163,-0.586,-0.029,0.694,0.771,0.115,0.763,0.061,-0.184,0.053,0.658,-0.604,0.852,-0.833,-0.573,0.505,0.341,0.661,0.196,-0.693,0.803,0.722,-0.024,-0.108,-0.103,-0.715,-0.204,0.481,-0.36,-0.363,0.635,-0.113,-0.159,0.52,0.717,0.391,-0.827,-0.307,-0.43,0.32,0.244,-0.387,0.195,0.618,0.088,-0.009,-0.652,0.029,-0.829,0.395,0.594,-0.688,0.772,-0.51,0.219,0.286,-0.341,-0.563,0.074,0.785,-0.454,0.017
ADAP,0.691,0.0,-0.553,0.333,-0.54,-0.041,-0.708,0.879,0.591,-0.696,0.135,-0.104,-0.426,0.319,0.737,-0.106,-0.347,-0.758,-0.209,-0.049,-0.48,0.639,-0.344,-0.179,0.442,-0.189,-0.472,-0.802,-0.273,-0.547,-0.511,-0.589,-0.461,-0.483,-0.516,0.16,-0.654,0.489,-0.772,-0.77,-0.642,0.665,-0.562,-0.121,0.448,0.434,-0.591,0.048,0.83,-0.366,0.064,0.572,0.298,-0.228,-0.155,-0.534,0.609,0.252,-0.118,-0.179,-0.097,-0.609,-0.588,-0.006,0.463,-0.231,-0.512,0.821,0.78,-0.441,-0.123,0.789,0.665,-0.624,-0.222,0.376,-0.518,0.312,-0.061,-0.414,0.344,0.678,-0.427,0.769,-0.042,-0.073,0.854,-0.033,0.675,0.392,-0.234,-0.456,0.092,-0.474,0.209,0.88,-0.312,0.487,0.361,0.096,-0.366,-0.618,0.706,0.038,0.617,0.456,-0.427,-0.48,-0.669,0.059,-0.732,-0.592,0.626,-0.6,0.44,-0.712,0.279,0.821,-0.509,0.598,-0.165,0.416,-0.143,-0.501,0.423,0.458,0.008,0.493,-0.52,0.668,0.603,0.565,-0.615,0.8,-0.397,0.681,0.39,-0.445,-0.155,-0.471,-0.19,0.65,0.798,-0.005,0.785,-0.105,-0.056,-0.171,0.656,-0.609,0.795,-0.766,-0.563,0.721,0.448,0.794,0.117,-0.687,0.786,0.878,-0.091,-0.228,-0.051,-0.633,-0.397,0.37,-0.575,-0.102,0.677,0.136,-0.278,0.612,0.817,0.289,-0.827,-0.334,-0.374,0.099,0.111,-0.623,0.277,0.821,0.26,-0.129,-0.867,0.098,-0.678,0.354,0.818,-0.686,0.823,-0.487,0.466,0.146,-0.537,-0.65,-0.132,0.853,-0.428,0.038
ADI,-0.587,-0.553,0.0,0.397,0.897,0.327,0.796,-0.443,0.006,0.778,0.395,0.627,0.786,-0.052,-0.625,0.627,0.795,0.827,0.63,0.529,0.746,-0.746,0.228,0.057,0.1,0.613,0.625,0.741,0.234,0.864,0.701,0.718,0.523,0.638,0.575,-0.241,0.884,-0.024,0.468,0.52,0.623,-0.67,0.57,0.219,0.201,-0.126,0.795,0.091,-0.691,0.615,0.052,-0.141,0.392,-0.054,0.626,0.546,-0.283,0.463,0.362,-0.096,0.504,0.761,0.654,0.473,0.005,0.726,0.875,-0.618,-0.464,0.648,0.439,-0.414,-0.335,0.716,0.673,0.23,0.337,0.099,0.149,0.479,0.061,-0.438,0.793,-0.599,0.469,0.139,-0.719,-0.151,-0.551,-0.191,0.378,0.802,0.512,0.326,-0.387,-0.714,0.75,0.05,0.181,-0.621,0.593,0.731,-0.501,-0.122,-0.611,0.09,0.554,0.924,0.771,0.335,0.374,0.957,-0.538,0.572,-0.048,0.871,0.106,-0.403,0.798,-0.818,0.735,-0.302,0.711,0.584,0.101,-0.255,0.45,0.063,0.872,-0.723,-0.033,-0.613,0.438,-0.605,0.766,-0.278,-0.074,0.808,0.546,0.375,0.742,-0.188,-0.42,0.461,-0.316,0.281,0.774,0.518,-0.303,0.782,-0.54,0.623,0.875,-0.606,0.211,-0.532,0.435,0.656,-0.479,-0.553,0.637,0.525,0.688,0.807,0.722,-0.138,0.675,0.766,-0.073,0.435,0.693,-0.082,-0.443,0.276,0.476,0.675,0.829,0.253,0.209,0.733,0.35,-0.647,0.219,0.655,0.568,0.251,0.782,0.125,-0.388,0.767,-0.759,0.64,0.281,0.271,0.713,0.734,0.584,-0.479,0.441,0.541
ADPT,0.198,0.333,0.397,0.0,0.488,0.528,0.174,0.458,0.666,0.248,0.763,0.755,0.55,0.54,0.167,0.677,0.618,0.179,0.688,0.757,0.419,-0.13,0.119,0.006,0.78,0.669,0.373,0.006,-0.055,0.456,0.395,0.325,0.066,0.276,0.133,0.168,0.369,0.686,-0.273,-0.227,0.052,0.036,0.109,0.354,0.921,0.321,0.431,0.198,0.174,0.493,0.005,0.649,0.57,-0.145,0.742,0.267,0.434,0.769,0.515,-0.341,0.538,0.306,0.157,0.721,0.659,0.679,0.488,0.223,0.218,0.028,0.608,0.511,0.498,0.264,0.699,0.73,-0.186,0.638,0.466,0.283,0.609,0.362,0.568,-0.076,0.639,0.23,0.176,-0.113,-0.047,0.34,0.477,0.462,0.842,-0.047,-0.196,0.19,0.489,0.636,0.742,-0.674,0.362,0.235,0.105,0.036,-0.108,0.704,-0.167,0.391,0.094,0.58,-0.468,0.423,0.297,-0.046,0.604,0.191,0.508,0.593,0.443,-0.271,0.349,0.249,0.595,0.354,0.755,0.242,0.594,0.666,0.457,-0.225,0.636,-0.014,-0.209,0.163,0.529,0.529,0.45,0.523,0.708,-0.037,0.706,0.475,0.554,0.685,0.552,0.326,0.75,0.549,0.532,0.168,0.278,-0.1,0.389,0.077,0.793,0.249,0.682,-0.07,0.311,0.356,0.823,0.639,0.834,0.294,0.517,0.562,0.305,0.647,0.631,0.324,0.634,0.545,0.533,0.768,-0.457,0.535,0.601,0.633,0.518,0.248,0.744,0.267,0.616,0.739,-0.328,0.375,0.062,0.354,0.345,0.211,0.117,0.381,0.83,0.649,0.389,0.289,0.655,0.38,0.21,0.814
ADTN,-0.593,-0.54,0.897,0.488,0.0,0.297,0.873,-0.503,-0.083,0.852,0.385,0.614,0.799,-0.041,-0.672,0.65,0.895,0.914,0.653,0.58,0.731,-0.85,0.356,0.114,0.105,0.602,0.629,0.816,0.166,0.944,0.716,0.85,0.469,0.642,0.543,-0.06,0.919,-0.006,0.594,0.62,0.678,-0.509,0.507,0.376,0.28,-0.17,0.926,0.331,-0.732,0.695,0.05,-0.138,0.134,0.247,0.787,0.776,-0.24,0.472,0.443,0.102,0.42,0.743,0.787,0.485,-0.039,0.826,0.944,-0.631,-0.588,0.524,0.59,-0.338,-0.331,0.724,0.722,0.357,0.377,0.091,0.416,0.54,0.023,-0.494,0.823,-0.754,0.471,0.297,-0.724,-0.249,-0.587,-0.263,0.492,0.817,0.589,0.448,-0.401,-0.686,0.618,-0.053,0.122,-0.77,0.616,0.852,-0.51,0.127,-0.783,0.034,0.334,0.883,0.705,0.254,0.404,0.945,-0.478,0.672,-0.062,0.876,0.044,-0.319,0.926,-0.909,0.553,-0.395,0.747,0.795,0.138,-0.379,0.332,0.066,0.832,-0.8,-0.053,-0.749,0.256,-0.678,0.748,-0.343,-0.198,0.804,0.633,0.581,0.753,-0.356,-0.374,0.517,-0.375,0.161,0.685,0.462,-0.107,0.71,-0.621,0.744,0.896,-0.671,0.13,-0.63,0.376,0.567,-0.592,-0.562,0.726,0.628,0.706,0.925,0.693,0.075,0.686,0.758,-0.11,0.268,0.684,-0.196,-0.366,0.249,0.489,0.668,0.852,0.255,0.14,0.773,0.456,-0.59,0.196,0.66,0.508,0.131,0.831,-0.145,-0.516,0.87,-0.705,0.868,0.355,0.245,0.739,0.846,0.537,-0.555,0.497,0.552
AGEN,0.214,-0.041,0.327,0.528,0.297,0.0,0.176,0.139,0.499,0.506,0.889,0.823,0.695,0.799,0.153,0.742,0.359,0.283,0.851,0.809,0.626,-0.079,0.374,-0.056,0.714,0.826,0.709,0.234,0.079,0.457,0.737,0.484,0.022,0.462,0.482,0.341,0.481,0.679,-0.047,-0.167,0.231,-0.404,0.551,0.553,0.655,0.139,0.325,-0.524,0.072,0.774,0.039,0.606,0.49,-0.296,0.633,0.195,0.05,0.233,0.752,-0.544,0.801,0.641,-0.068,0.878,0.705,0.352,0.327,-0.093,0.182,-0.191,0.624,0.136,0.384,0.593,0.74,0.066,-0.364,0.731,0.563,0.55,0.818,0.391,0.708,-0.262,0.831,-0.238,-0.017,0.543,-0.413,0.703,0.85,0.48,0.642,0.141,-0.123,-0.152,0.68,0.578,0.803,-0.265,0.384,0.32,-0.457,-0.072,0.055,0.689,-0.17,0.13,0.431,0.755,-0.236,0.395,0.305,-0.193,0.667,0.257,0.553,0.278,0.289,-0.0,0.209,0.661,0.319,0.347,0.694,0.564,0.841,0.25,0.674,-0.136,0.197,0.284,0.225,0.037,0.662,0.398,0.715,0.696,0.708,-0.233,0.613,0.443,0.429,0.733,0.362,0.689,0.51,0.881,0.08,0.449,0.132,-0.022,0.459,-0.094,0.573,0.073,0.773,0.209,0.318,0.134,0.727,0.796,0.695,0.193,0.823,0.488,0.714,0.122,0.27,-0.12,0.825,0.448,0.26,0.79,-0.357,0.695,0.555,0.909,0.793,0.512,0.17,-0.028,0.414,0.826,0.139,0.706,-0.089,0.337,0.057,0.123,-0.107,0.245,0.234,0.864,0.714,0.449,0.867,0.206,0.438,0.743
ALGN,-0.769,-0.708,0.796,0.174,0.873,0.176,0.0,-0.7,-0.426,0.876,0.151,0.365,0.741,-0.165,-0.85,0.446,0.747,0.943,0.502,0.29,0.766,-0.841,0.6,0.425,-0.147,0.467,0.646,0.919,0.322,0.885,0.73,0.898,0.532,0.771,0.663,0.04,0.889,-0.26,0.805,0.878,0.872,-0.662,0.64,0.416,-0.038,-0.113,0.872,0.302,-0.885,0.624,0.168,-0.385,-0.083,0.341,0.598,0.768,-0.461,0.083,0.398,0.22,0.227,0.732,0.868,0.317,-0.266,0.721,0.921,-0.777,-0.655,0.516,0.548,-0.497,-0.469,0.799,0.595,0.06,0.37,-0.062,0.378,0.485,-0.154,-0.627,0.738,-0.834,0.282,0.297,-0.889,-0.137,-0.798,-0.439,0.43,0.809,0.396,0.606,-0.094,-0.819,0.513,-0.319,-0.136,-0.514,0.458,0.933,-0.554,0.195,-0.835,-0.163,0.361,0.751,0.778,0.224,0.686,0.848,-0.522,0.867,-0.285,0.845,0.058,-0.603,0.872,-0.801,0.472,-0.505,0.45,0.839,-0.012,-0.487,0.112,-0.208,0.693,-0.794,-0.357,-0.77,0.443,-0.843,0.676,-0.495,-0.266,0.733,0.551,0.718,0.477,-0.619,-0.562,0.356,-0.662,0.218,0.416,0.295,-0.342,0.79,-0.826,0.916,0.889,-0.718,-0.102,-0.772,0.08,0.672,-0.729,-0.741,0.461,0.464,0.426,0.947,0.577,-0.067,0.704,0.552,-0.499,-0.049,0.566,-0.427,-0.552,-0.028,0.715,0.65,0.751,0.079,0.001,0.695,0.052,-0.623,0.13,0.442,0.729,0.092,0.863,-0.384,-0.658,0.928,-0.827,0.837,-0.008,0.061,0.655,0.879,0.31,-0.778,0.697,0.366
ALLK,0.712,0.879,-0.443,0.458,-0.503,0.139,-0.7,0.0,0.763,-0.656,0.319,0.096,-0.3,0.473,0.82,0.018,-0.276,-0.76,-0.037,0.131,-0.36,0.711,-0.304,-0.127,0.619,-0.013,-0.332,-0.84,-0.22,-0.49,-0.366,-0.576,-0.323,-0.411,-0.47,0.199,-0.575,0.625,-0.905,-0.846,-0.672,0.536,-0.46,-0.096,0.572,0.545,-0.538,-0.083,0.877,-0.282,-0.016,0.705,0.51,-0.437,-0.109,-0.542,0.637,0.368,-0.025,-0.446,0.043,-0.445,-0.589,0.166,0.643,-0.115,-0.467,0.857,0.86,-0.393,-0.072,0.815,0.755,-0.494,-0.1,0.36,-0.566,0.465,-0.108,-0.352,0.517,0.765,-0.299,0.775,0.093,-0.086,0.868,0.054,0.618,0.533,-0.155,-0.327,0.218,-0.516,0.205,0.883,-0.103,0.7,0.581,0.098,-0.237,-0.637,0.682,-0.183,0.714,0.636,-0.365,-0.435,-0.594,0.286,-0.875,-0.505,0.698,-0.695,0.643,-0.663,0.393,0.866,-0.512,0.616,-0.056,0.559,-0.104,-0.546,0.543,0.591,0.23,0.656,-0.38,0.619,0.767,0.707,-0.454,0.836,-0.248,0.863,0.617,-0.308,0.014,-0.595,-0.072,0.844,0.853,0.098,0.902,0.145,0.128,0.04,0.548,-0.521,0.87,-0.839,-0.529,0.766,0.683,0.898,0.309,-0.596,0.903,0.91,0.044,-0.089,0.105,-0.63,-0.222,0.327,-0.445,-0.0,0.754,0.183,-0.1,0.79,0.872,0.473,-0.909,-0.163,-0.247,0.283,0.322,-0.593,0.292,0.822,0.4,0.025,-0.853,0.216,-0.72,0.538,0.92,-0.644,0.805,-0.553,0.528,0.341,-0.403,-0.615,0.069,0.938,-0.344,0.24
AMD,0.546,0.591,0.006,0.666,-0.083,0.499,-0.426,0.763,0.0,-0.234,0.666,0.532,0.108,0.613,0.636,0.423,0.078,-0.362,0.365,0.587,-0.009,0.377,-0.231,-0.338,0.79,0.397,0.043,-0.497,-0.168,-0.051,0.042,-0.23,-0.123,-0.199,-0.184,0.08,-0.135,0.75,-0.737,-0.747,-0.516,0.244,-0.146,0.033,0.779,0.446,-0.155,-0.207,0.654,0.101,-0.108,0.774,0.752,-0.53,0.281,-0.305,0.483,0.642,0.231,-0.667,0.447,0.021,-0.37,0.522,0.777,0.162,-0.139,0.566,0.613,-0.188,0.133,0.66,0.634,-0.089,0.277,0.446,-0.431,0.611,-0.004,-0.046,0.662,0.7,0.122,0.417,0.47,-0.164,0.559,0.133,0.406,0.681,0.189,-0.002,0.497,-0.492,-0.193,0.523,0.355,0.839,0.8,-0.209,0.164,-0.357,0.265,-0.329,0.532,0.771,-0.122,-0.023,-0.209,0.523,-0.831,-0.043,0.471,-0.589,0.784,-0.215,0.409,0.765,-0.182,0.247,0.186,0.629,0.278,-0.293,0.603,0.653,0.633,0.691,0.161,0.278,0.744,0.545,-0.225,0.635,0.157,0.825,0.674,0.137,0.309,-0.578,0.398,0.887,0.715,0.358,0.851,0.342,0.571,0.475,0.39,-0.129,0.702,-0.639,-0.12,0.483,0.813,0.699,0.683,-0.266,0.72,0.689,0.45,0.352,0.559,-0.322,0.265,0.322,-0.01,0.262,0.821,0.409,0.334,0.832,0.681,0.748,-0.789,0.175,0.149,0.612,0.572,-0.095,0.547,0.441,0.399,0.462,-0.554,0.39,-0.443,0.727,0.694,-0.345,0.472,-0.299,0.646,0.628,0.11,-0.24,0.527,0.789,-0.249,0.605
AMWD,-0.567,-0.696,0.778,0.248,0.852,0.506,0.876,-0.656,-0.234,0.0,0.402,0.595,0.881,0.12,-0.692,0.659,0.716,0.954,0.72,0.548,0.866,-0.802,0.579,0.21,0.076,0.679,0.823,0.932,0.292,0.924,0.895,0.951,0.439,0.795,0.746,0.086,0.947,0.031,0.74,0.69,0.84,-0.706,0.778,0.554,0.151,-0.213,0.878,-0.013,-0.757,0.875,0.133,-0.124,0.01,0.245,0.721,0.75,-0.409,0.107,0.622,0.07,0.525,0.878,0.654,0.57,-0.0,0.657,0.849,-0.775,-0.591,0.379,0.647,-0.489,-0.309,0.887,0.748,0.003,0.285,0.184,0.563,0.72,0.151,-0.428,0.873,-0.862,0.569,0.137,-0.797,0.138,-0.823,-0.106,0.715,0.795,0.463,0.645,-0.191,-0.834,0.652,-0.135,0.121,-0.506,0.558,0.917,-0.769,0.133,-0.71,0.018,0.254,0.67,0.851,0.376,0.56,0.875,-0.397,0.615,-0.055,0.853,0.136,-0.469,0.815,-0.702,0.411,-0.186,0.539,0.835,0.139,-0.191,0.409,-0.186,0.866,-0.693,-0.345,-0.577,0.495,-0.72,0.815,-0.396,-0.044,0.875,0.686,0.509,0.614,-0.421,-0.387,0.577,-0.481,0.338,0.471,0.596,-0.28,0.817,-0.689,0.802,0.906,-0.712,0.01,-0.714,0.384,0.663,-0.588,-0.634,0.652,0.725,0.572,0.871,0.815,0.139,0.9,0.406,-0.362,-0.082,0.765,-0.32,-0.489,0.248,0.527,0.757,0.809,0.411,0.29,0.881,0.097,-0.655,0.143,0.674,0.744,0.319,0.745,-0.221,-0.661,0.822,-0.795,0.83,0.016,0.355,0.901,0.958,0.568,-0.639,0.708,0.49
ARDX,0.285,0.135,0.395,0.763,0.385,0.889,0.151,0.319,0.666,0.402,0.0,0.914,0.673,0.719,0.195,0.739,0.435,0.238,0.851,0.867,0.529,-0.111,0.189,-0.122,0.776,0.825,0.569,0.132,-0.143,0.469,0.623,0.411,-0.088,0.341,0.291,0.253,0.456,0.745,-0.17,-0.261,0.138,-0.286,0.326,0.456,0.809,0.157,0.314,-0.349,0.121,0.707,-0.074,0.649,0.6,-0.352,0.736,0.186,0.255,0.482,0.628,-0.509,0.743,0.497,-0.044,0.867,0.731,0.467,0.412,0.086,0.225,-0.184,0.684,0.305,0.388,0.454,0.771,0.353,-0.404,0.675,0.498,0.488,0.803,0.401,0.712,-0.139,0.809,-0.11,0.066,0.27,-0.242,0.652,0.782,0.538,0.774,0.025,-0.237,-0.004,0.625,0.665,0.888,-0.473,0.322,0.291,-0.266,0.003,-0.006,0.732,-0.243,0.243,0.274,0.713,-0.387,0.413,0.25,-0.171,0.718,0.195,0.561,0.459,0.404,-0.123,0.263,0.525,0.506,0.35,0.761,0.454,0.798,0.394,0.665,-0.179,0.412,0.176,-0.015,0.063,0.608,0.468,0.672,0.654,0.728,-0.169,0.778,0.569,0.556,0.76,0.527,0.601,0.668,0.796,0.279,0.337,0.227,-0.121,0.433,-0.105,0.729,0.133,0.812,0.002,0.408,0.238,0.841,0.725,0.784,0.186,0.761,0.562,0.56,0.404,0.502,0.062,0.794,0.56,0.415,0.844,-0.482,0.634,0.565,0.871,0.682,0.418,0.47,0.067,0.482,0.879,-0.077,0.572,-0.097,0.399,0.221,0.152,0.001,0.267,0.537,0.809,0.611,0.376,0.905,0.323,0.266,0.823
ARQT,0.057,-0.104,0.627,0.755,0.614,0.823,0.365,0.096,0.532,0.595,0.914,0.0,0.821,0.621,-0.013,0.802,0.642,0.467,0.914,0.919,0.694,-0.34,0.223,-0.119,0.692,0.87,0.696,0.34,-0.049,0.653,0.751,0.56,0.161,0.503,0.442,0.134,0.671,0.623,-0.008,-0.059,0.29,-0.441,0.488,0.419,0.735,0.022,0.56,-0.26,-0.109,0.788,-0.116,0.515,0.604,-0.312,0.777,0.365,0.087,0.531,0.647,-0.494,0.812,0.686,0.173,0.876,0.623,0.591,0.612,-0.141,-0.014,0.094,0.706,0.079,0.223,0.606,0.874,0.397,-0.138,0.602,0.489,0.614,0.687,0.178,0.859,-0.325,0.865,-0.03,-0.161,0.17,-0.37,0.495,0.772,0.672,0.799,0.129,-0.359,-0.247,0.783,0.596,0.795,-0.556,0.541,0.439,-0.386,-0.117,-0.2,0.637,-0.011,0.496,0.503,0.7,-0.242,0.669,0.056,-0.03,0.578,0.455,0.487,0.233,0.569,-0.378,0.408,0.355,0.612,0.47,0.652,0.303,0.851,0.361,0.835,-0.393,0.345,-0.04,0.158,-0.113,0.78,0.28,0.526,0.814,0.794,-0.041,0.866,0.398,0.303,0.78,0.328,0.595,0.771,0.856,0.114,0.515,0.032,0.085,0.606,-0.291,0.654,-0.054,0.836,0.247,0.168,0.021,0.915,0.809,0.887,0.416,0.889,0.4,0.708,0.552,0.389,0.197,0.891,0.405,0.174,0.812,-0.239,0.749,0.753,0.833,0.691,0.625,0.516,-0.212,0.502,0.959,0.135,0.518,0.165,0.409,0.029,0.374,-0.249,0.431,0.533,0.784,0.777,0.549,0.954,0.107,0.341,0.847
ASTE,-0.339,-0.426,0.786,0.55,0.799,0.695,0.741,-0.3,0.108,0.881,0.673,0.821,0.0,0.432,-0.434,0.789,0.773,0.786,0.91,0.733,0.945,-0.588,0.577,0.25,0.444,0.87,0.9,0.705,0.278,0.883,0.947,0.857,0.399,0.852,0.771,0.169,0.909,0.366,0.421,0.42,0.715,-0.693,0.795,0.6,0.49,0.029,0.821,-0.107,-0.498,0.9,0.124,0.224,0.37,-0.05,0.802,0.602,-0.27,0.292,0.756,-0.256,0.741,0.873,0.492,0.826,0.365,0.738,0.849,-0.514,-0.274,0.359,0.782,-0.2,0.022,0.88,0.938,0.168,0.08,0.486,0.596,0.718,0.48,-0.111,0.975,-0.66,0.791,0.111,-0.563,0.229,-0.737,0.173,0.789,0.816,0.729,0.504,-0.14,-0.603,0.822,0.23,0.496,-0.502,0.601,0.776,-0.539,-0.019,-0.502,0.414,0.186,0.648,0.806,0.686,0.217,0.852,-0.118,0.397,0.276,0.709,0.5,-0.183,0.744,-0.556,0.502,0.087,0.528,0.731,0.494,0.084,0.688,0.092,0.902,-0.582,-0.074,-0.32,0.475,-0.461,0.952,-0.016,0.312,0.971,0.857,0.273,0.746,-0.06,-0.057,0.773,-0.128,0.611,0.682,0.793,-0.135,0.809,-0.369,0.525,0.893,-0.485,0.412,-0.406,0.634,0.555,-0.229,-0.343,0.835,0.813,0.788,0.759,0.935,0.283,0.917,0.528,-0.071,0.024,0.935,0.047,-0.169,0.579,0.205,0.907,0.905,0.68,0.58,0.807,0.218,-0.395,0.48,0.877,0.535,0.516,0.539,0.09,-0.324,0.69,-0.603,0.702,0.269,0.65,0.906,0.862,0.765,-0.321,0.712,0.772
AUPH,0.491,0.319,-0.052,0.54,-0.041,0.799,-0.165,0.473,0.613,0.12,0.719,0.621,0.432,0.0,0.523,0.552,0.208,-0.117,0.645,0.656,0.406,0.328,0.379,0.067,0.883,0.624,0.556,-0.192,0.114,0.113,0.46,0.155,-0.025,0.319,0.352,0.48,0.118,0.822,-0.37,-0.456,-0.086,-0.035,0.399,0.494,0.751,0.376,0.091,-0.395,0.474,0.455,0.131,0.838,0.503,-0.342,0.375,-0.033,0.103,0.175,0.698,-0.689,0.704,0.348,-0.288,0.799,0.893,0.172,0.013,0.303,0.515,-0.252,0.509,0.487,0.743,0.312,0.595,0.148,-0.427,0.874,0.533,0.349,0.902,0.704,0.416,0.06,0.759,-0.187,0.386,0.618,-0.124,0.858,0.639,0.086,0.629,-0.065,0.07,0.247,0.494,0.735,0.845,0.04,0.339,-0.073,-0.009,-0.146,0.37,0.885,-0.301,-0.19,0.168,0.745,-0.566,0.046,0.722,-0.475,0.825,-0.12,0.729,0.56,-0.1,0.336,-0.002,0.868,-0.047,0.073,0.838,0.791,0.789,0.423,0.279,0.197,0.349,0.607,0.127,0.464,0.482,0.698,0.858,0.431,0.569,-0.468,0.301,0.588,0.685,0.661,0.587,0.702,0.304,0.745,0.278,0.198,0.523,-0.365,0.119,0.362,0.682,0.476,0.687,-0.0,0.616,0.506,0.542,0.636,0.556,-0.086,0.549,0.6,0.449,-0.102,0.425,-0.17,0.605,0.66,0.614,0.838,-0.624,0.523,0.356,0.875,0.898,0.213,0.096,0.372,0.642,0.632,-0.149,0.648,-0.418,0.473,0.374,-0.218,0.312,-0.022,0.292,0.906,0.405,0.098,0.637,0.528,0.285,0.685
AVXL,0.811,0.737,-0.625,0.167,-0.672,0.153,-0.85,0.82,0.636,-0.692,0.195,-0.013,-0.434,0.523,0.0,-0.092,-0.413,-0.815,-0.124,0.09,-0.451,0.813,-0.327,-0.317,0.541,-0.133,-0.315,-0.863,-0.222,-0.63,-0.421,-0.67,-0.38,-0.495,-0.469,0.209,-0.651,0.538,-0.853,-0.91,-0.766,0.586,-0.398,-0.19,0.374,0.263,-0.636,-0.296,0.905,-0.341,-0.017,0.689,0.329,-0.377,-0.281,-0.58,0.486,0.133,-0.005,-0.472,0.086,-0.437,-0.781,0.082,0.623,-0.425,-0.698,0.791,0.774,-0.539,-0.194,0.618,0.688,-0.543,-0.217,0.127,-0.492,0.443,-0.126,-0.305,0.503,0.775,-0.416,0.733,0.103,-0.288,0.927,0.288,0.62,0.673,-0.138,-0.578,0.028,-0.566,0.106,0.82,-0.191,0.61,0.468,0.365,-0.169,-0.786,0.492,-0.182,0.809,0.529,-0.393,-0.648,-0.55,0.122,-0.847,-0.624,0.782,-0.885,0.626,-0.71,0.21,0.809,-0.71,0.758,-0.28,0.734,-0.315,-0.654,0.425,0.698,0.251,0.479,-0.449,0.692,0.586,0.849,-0.392,0.903,-0.339,0.708,0.566,-0.401,-0.178,-0.75,-0.206,0.773,0.759,0.026,0.805,0.118,-0.122,0.091,0.451,-0.546,0.9,-0.891,-0.66,0.773,0.422,0.879,0.251,-0.534,0.865,0.862,-0.102,-0.137,-0.051,-0.755,-0.243,0.262,-0.428,-0.36,0.663,0.047,-0.182,0.722,0.781,0.41,-0.878,-0.321,-0.392,0.272,0.367,-0.51,0.081,0.687,0.213,-0.067,-0.716,0.2,-0.857,0.525,0.739,-0.839,0.848,-0.647,0.253,0.342,-0.397,-0.704,0.039,0.872,-0.459,0.017
AZTA,-0.123,-0.106,0.627,0.677,0.65,0.742,0.446,0.018,0.423,0.659,0.739,0.802,0.789,0.552,-0.092,0.0,0.731,0.522,0.85,0.836,0.757,-0.378,0.371,0.002,0.657,0.823,0.74,0.413,0.321,0.755,0.791,0.666,0.378,0.586,0.57,0.16,0.683,0.603,0.137,0.062,0.418,-0.302,0.593,0.564,0.68,0.131,0.619,-0.076,-0.173,0.816,0.291,0.486,0.534,-0.064,0.757,0.452,-0.039,0.577,0.792,-0.331,0.764,0.766,0.273,0.868,0.582,0.719,0.588,-0.239,0.049,0.187,0.614,0.039,0.302,0.645,0.8,0.334,-0.079,0.698,0.491,0.572,0.644,0.121,0.793,-0.365,0.783,-0.024,-0.209,0.23,-0.384,0.372,0.681,0.64,0.748,0.281,-0.206,-0.325,0.754,0.502,0.627,-0.582,0.601,0.551,-0.418,-0.078,-0.179,0.609,0.146,0.521,0.614,0.65,-0.068,0.702,0.125,0.117,0.503,0.589,0.391,0.196,0.506,-0.362,0.583,0.303,0.682,0.49,0.599,0.386,0.787,0.457,0.785,-0.244,0.336,-0.09,0.222,-0.098,0.82,0.233,0.45,0.841,0.798,-0.013,0.709,0.243,0.2,0.82,0.16,0.47,0.766,0.835,0.118,0.617,-0.069,0.277,0.712,-0.138,0.58,-0.037,0.854,0.444,0.017,0.053,0.827,0.845,0.872,0.555,0.839,0.361,0.717,0.494,0.298,0.266,0.87,0.384,0.123,0.753,-0.128,0.769,0.851,0.732,0.693,0.643,0.372,-0.154,0.485,0.874,0.2,0.667,0.377,0.295,-0.036,0.375,-0.308,0.551,0.513,0.78,0.79,0.597,0.81,0.042,0.526,0.777
BAND,-0.457,-0.347,0.795,0.618,0.895,0.359,0.747,-0.276,0.078,0.716,0.435,0.642,0.773,0.208,-0.413,0.731,0.0,0.75,0.712,0.67,0.758,-0.625,0.455,0.207,0.372,0.647,0.687,0.613,0.293,0.879,0.695,0.764,0.557,0.674,0.55,0.078,0.837,0.153,0.382,0.433,0.531,-0.348,0.54,0.387,0.458,0.011,0.894,0.385,-0.506,0.627,0.247,0.119,0.295,0.2,0.761,0.724,-0.189,0.576,0.595,-0.106,0.533,0.745,0.697,0.617,0.224,0.872,0.857,-0.426,-0.34,0.492,0.62,-0.148,-0.049,0.691,0.786,0.485,0.296,0.357,0.464,0.48,0.225,-0.279,0.79,-0.601,0.597,0.281,-0.489,-0.108,-0.505,-0.079,0.458,0.697,0.757,0.317,-0.314,-0.477,0.681,0.182,0.286,-0.686,0.752,0.695,-0.327,0.064,-0.601,0.303,0.313,0.768,0.686,0.385,0.172,0.87,-0.153,0.509,0.171,0.778,0.204,-0.088,0.767,-0.741,0.596,-0.161,0.625,0.69,0.383,-0.147,0.482,0.304,0.729,-0.68,0.152,-0.532,0.248,-0.406,0.804,-0.101,0.017,0.809,0.694,0.398,0.713,-0.194,-0.186,0.643,-0.195,0.317,0.742,0.578,0.017,0.697,-0.38,0.569,0.836,-0.377,0.322,-0.343,0.495,0.581,-0.38,-0.314,0.766,0.69,0.812,0.866,0.697,0.161,0.649,0.719,0.05,0.311,0.744,0.1,-0.089,0.449,0.293,0.698,0.916,0.372,0.37,0.692,0.466,-0.368,0.435,0.715,0.359,0.274,0.674,0.029,-0.324,0.692,-0.481,0.782,0.493,0.453,0.671,0.723,0.568,-0.337,0.522,0.672
BECN,-0.685,-0.758,0.827,0.179,0.914,0.283,0.943,-0.76,-0.362,0.954,0.238,0.467,0.786,-0.117,-0.815,0.522,0.75,0.0,0.581,0.426,0.767,-0.895,0.487,0.206,-0.109,0.531,0.691,0.972,0.225,0.922,0.769,0.92,0.452,0.728,0.655,-0.018,0.947,-0.187,0.818,0.803,0.839,-0.667,0.652,0.419,0.011,-0.3,0.905,0.171,-0.883,0.726,0.082,-0.324,-0.099,0.335,0.665,0.798,-0.439,0.137,0.448,0.214,0.365,0.789,0.781,0.384,-0.207,0.663,0.895,-0.813,-0.732,0.482,0.562,-0.571,-0.497,0.82,0.644,0.057,0.429,-0.032,0.437,0.624,-0.082,-0.608,0.791,-0.882,0.402,0.243,-0.889,-0.06,-0.779,-0.321,0.541,0.787,0.388,0.62,-0.279,-0.874,0.544,-0.281,-0.068,-0.561,0.54,0.932,-0.719,0.198,-0.849,-0.171,0.327,0.762,0.811,0.175,0.66,0.896,-0.567,0.764,-0.227,0.893,-0.034,-0.577,0.887,-0.852,0.414,-0.424,0.557,0.853,-0.03,-0.43,0.221,-0.252,0.808,-0.816,-0.393,-0.771,0.434,-0.841,0.716,-0.562,-0.282,0.783,0.55,0.661,0.6,-0.574,-0.561,0.438,-0.621,0.177,0.446,0.413,-0.305,0.783,-0.806,0.889,0.903,-0.808,-0.135,-0.824,0.208,0.665,-0.746,-0.77,0.563,0.566,0.489,0.937,0.68,-0.001,0.777,0.505,-0.422,-0.0,0.63,-0.441,-0.593,0.063,0.688,0.636,0.763,0.183,0.062,0.844,0.149,-0.745,0.028,0.543,0.759,0.104,0.864,-0.328,-0.753,0.907,-0.849,0.872,0.015,0.137,0.778,0.93,0.424,-0.771,0.611,0.369
BFC,-0.045,-0.209,0.63,0.688,0.653,0.851,0.502,-0.037,0.365,0.72,0.851,0.914,0.91,0.645,-0.124,0.85,0.712,0.581,0.0,0.882,0.839,-0.366,0.467,0.114,0.684,0.906,0.844,0.479,0.135,0.753,0.875,0.713,0.216,0.707,0.618,0.266,0.773,0.591,0.167,0.112,0.489,-0.516,0.657,0.594,0.691,0.068,0.666,-0.206,-0.216,0.878,0.1,0.484,0.476,-0.134,0.825,0.494,-0.036,0.404,0.814,-0.41,0.852,0.783,0.257,0.938,0.613,0.657,0.676,-0.254,-0.058,0.101,0.797,0.029,0.246,0.754,0.942,0.265,-0.102,0.668,0.634,0.684,0.703,0.158,0.917,-0.468,0.904,0.015,-0.27,0.356,-0.57,0.443,0.849,0.722,0.831,0.333,-0.182,-0.345,0.783,0.466,0.722,-0.506,0.591,0.584,-0.456,0.013,-0.293,0.623,-0.029,0.461,0.632,0.722,-0.064,0.699,0.127,0.135,0.555,0.528,0.55,0.131,0.604,-0.375,0.393,0.368,0.518,0.608,0.703,0.3,0.819,0.253,0.84,-0.437,0.156,-0.084,0.301,-0.217,0.887,0.214,0.526,0.898,0.87,0.056,0.809,0.219,0.227,0.876,0.156,0.659,0.706,0.901,0.09,0.64,-0.091,0.256,0.754,-0.308,0.574,-0.153,0.78,0.364,0.053,-0.08,0.912,0.859,0.849,0.562,0.94,0.441,0.829,0.465,0.196,0.016,0.961,0.316,0.13,0.789,-0.107,0.828,0.832,0.845,0.731,0.702,0.343,-0.193,0.538,0.947,0.28,0.598,0.263,0.239,-0.135,0.454,-0.327,0.567,0.41,0.829,0.839,0.692,0.889,-0.045,0.585,0.841
BGC,0.125,-0.049,0.529,0.757,0.58,0.809,0.29,0.131,0.587,0.548,0.867,0.919,0.733,0.656,0.09,0.836,0.67,0.426,0.882,0.0,0.629,-0.275,0.249,-0.159,0.768,0.819,0.676,0.279,-0.059,0.652,0.691,0.545,0.181,0.455,0.347,0.299,0.628,0.644,-0.058,-0.133,0.181,-0.232,0.419,0.481,0.781,0.063,0.576,-0.149,-0.022,0.744,-0.007,0.597,0.517,-0.151,0.8,0.439,0.115,0.641,0.726,-0.466,0.81,0.686,0.171,0.889,0.702,0.604,0.511,-0.049,0.039,0.026,0.708,0.16,0.287,0.592,0.831,0.466,-0.111,0.682,0.539,0.584,0.708,0.245,0.771,-0.29,0.891,0.052,-0.067,0.249,-0.302,0.557,0.735,0.58,0.836,0.121,-0.372,-0.137,0.729,0.632,0.78,-0.553,0.671,0.383,-0.393,-0.036,-0.152,0.65,-0.072,0.39,0.472,0.617,-0.323,0.606,0.199,-0.063,0.704,0.422,0.353,0.364,0.478,-0.341,0.34,0.415,0.604,0.449,0.693,0.376,0.846,0.449,0.772,-0.345,0.402,0.002,0.097,-0.018,0.751,0.305,0.497,0.764,0.771,-0.028,0.842,0.391,0.328,0.833,0.34,0.542,0.767,0.883,0.244,0.468,0.085,0.058,0.546,-0.165,0.636,0.042,0.865,0.257,0.166,0.09,0.929,0.837,0.894,0.418,0.844,0.476,0.667,0.493,0.452,0.182,0.876,0.489,0.294,0.869,-0.288,0.682,0.755,0.835,0.72,0.608,0.574,-0.139,0.451,0.936,0.05,0.492,0.148,0.367,0.004,0.327,-0.111,0.461,0.618,0.833,0.748,0.506,0.892,0.175,0.322,0.852
BHF,-0.429,-0.48,0.746,0.419,0.731,0.626,0.766,-0.36,-0.009,0.866,0.529,0.694,0.945,0.406,-0.451,0.757,0.758,0.767,0.839,0.629,0.0,-0.545,0.682,0.391,0.393,0.806,0.929,0.705,0.471,0.856,0.95,0.846,0.535,0.932,0.846,0.19,0.89,0.273,0.464,0.492,0.767,-0.708,0.903,0.575,0.361,0.093,0.81,-0.091,-0.514,0.839,0.306,0.183,0.335,-0.018,0.673,0.584,-0.352,0.186,0.8,-0.258,0.721,0.903,0.506,0.781,0.334,0.711,0.799,-0.57,-0.236,0.414,0.71,-0.277,0.047,0.898,0.881,0.061,0.128,0.517,0.526,0.667,0.437,-0.137,0.906,-0.661,0.73,0.09,-0.581,0.318,-0.787,0.108,0.701,0.766,0.66,0.537,0.012,-0.64,0.806,0.157,0.377,-0.36,0.618,0.757,-0.528,-0.067,-0.458,0.376,0.283,0.586,0.88,0.678,0.308,0.823,-0.059,0.432,0.21,0.716,0.487,-0.276,0.643,-0.472,0.546,0.093,0.394,0.681,0.459,0.131,0.655,0.058,0.818,-0.528,-0.136,-0.276,0.613,-0.452,0.96,-0.042,0.322,0.951,0.82,0.246,0.594,-0.144,-0.154,0.731,-0.246,0.643,0.597,0.772,-0.239,0.868,-0.4,0.584,0.893,-0.39,0.344,-0.375,0.557,0.683,-0.281,-0.363,0.706,0.758,0.697,0.779,0.892,0.184,0.913,0.429,-0.197,-0.029,0.901,0.03,-0.227,0.515,0.293,0.898,0.904,0.606,0.594,0.775,0.03,-0.382,0.493,0.792,0.625,0.569,0.571,0.077,-0.348,0.65,-0.628,0.67,0.136,0.629,0.865,0.831,0.659,-0.372,0.818,0.698
BHFAL,0.703,0.639,-0.746,-0.13,-0.85,-0.079,-0.841,0.711,0.377,-0.802,-0.111,-0.34,-0.588,0.328,0.813,-0.378,-0.625,-0.895,-0.366,-0.275,-0.545,0.0,-0.248,-0.002,0.269,-0.331,-0.434,-0.869,-0.058,-0.795,-0.55,-0.783,-0.378,-0.492,-0.417,0.12,-0.79,0.328,-0.755,-0.751,-0.693,0.51,-0.411,-0.266,0.09,0.352,-0.77,-0.281,0.858,-0.569,-0.017,0.43,0.157,-0.373,-0.578,-0.697,0.292,-0.161,-0.215,-0.367,-0.143,-0.596,-0.764,-0.168,0.372,-0.558,-0.805,0.784,0.748,-0.435,-0.386,0.559,0.604,-0.574,-0.434,-0.161,-0.414,0.221,-0.289,-0.445,0.27,0.736,-0.62,0.765,-0.192,-0.196,0.833,0.326,0.57,0.475,-0.352,-0.688,-0.219,-0.466,0.361,0.781,-0.364,0.37,0.197,0.623,-0.388,-0.839,0.635,-0.215,0.854,0.338,-0.31,-0.747,-0.628,0.013,-0.662,-0.799,0.682,-0.727,0.379,-0.813,0.246,0.548,-0.85,0.863,-0.381,0.605,-0.62,-0.734,0.207,0.564,-0.025,0.218,-0.664,0.73,0.293,0.845,-0.228,0.827,-0.486,0.638,0.457,-0.597,-0.362,-0.695,-0.502,0.588,0.569,-0.25,0.584,0.095,-0.358,-0.188,0.263,-0.601,0.825,-0.85,-0.735,0.796,0.248,0.81,-0.093,-0.536,0.75,0.717,-0.435,-0.386,-0.377,-0.824,-0.478,0.06,-0.545,-0.532,0.34,-0.095,-0.424,0.526,0.606,0.093,-0.668,-0.417,-0.602,0.038,0.153,-0.655,-0.222,0.757,0.107,-0.387,-0.596,0.042,-0.838,0.39,0.686,-0.829,0.807,-0.798,-0.056,0.077,-0.58,-0.755,-0.291,0.736,-0.396,-0.205
BKNG,-0.383,-0.344,0.228,0.119,0.356,0.374,0.6,-0.304,-0.231,0.579,0.189,0.223,0.577,0.379,-0.327,0.371,0.455,0.487,0.467,0.249,0.682,-0.248,0.0,0.724,0.214,0.452,0.712,0.48,0.483,0.532,0.673,0.681,0.431,0.737,0.662,0.544,0.51,0.084,0.463,0.54,0.612,-0.385,0.716,0.652,0.144,0.358,0.551,0.134,-0.334,0.527,0.421,0.046,-0.085,0.265,0.423,0.543,-0.441,-0.188,0.634,-0.084,0.258,0.606,0.524,0.471,0.149,0.516,0.487,-0.371,-0.113,0.134,0.594,-0.036,0.114,0.714,0.543,-0.152,-0.021,0.355,0.567,0.399,0.237,-0.075,0.53,-0.565,0.386,0.167,-0.418,0.369,-0.728,0.027,0.532,0.427,0.452,0.503,0.408,-0.366,0.427,-0.089,0.086,-0.026,0.37,0.565,-0.271,0.175,-0.31,0.243,0.042,0.125,0.586,0.543,0.314,0.368,0.184,0.478,0.11,0.373,0.463,-0.218,0.34,-0.144,0.144,0.086,-0.102,0.603,0.354,0.077,0.233,-0.076,0.323,-0.299,-0.298,-0.113,0.464,-0.306,0.58,0.038,0.213,0.57,0.608,0.373,0.082,-0.368,-0.08,0.424,-0.349,0.556,0.121,0.395,-0.201,0.637,-0.369,0.518,0.543,-0.114,0.1,-0.268,0.116,0.481,-0.255,-0.248,0.311,0.528,0.289,0.567,0.465,0.239,0.648,0.037,-0.466,-0.475,0.512,-0.078,-0.055,0.184,0.272,0.667,0.543,0.356,0.382,0.433,-0.311,-0.041,0.428,0.342,0.51,0.371,0.303,-0.311,-0.307,0.483,-0.321,0.505,-0.137,0.378,0.51,0.624,0.216,-0.355,0.81,0.462
BL,-0.281,-0.179,0.057,0.006,0.114,-0.056,0.425,-0.127,-0.338,0.21,-0.122,-0.119,0.25,0.067,-0.317,0.002,0.207,0.206,0.114,-0.159,0.391,-0.002,0.724,0.0,-0.018,0.149,0.318,0.223,0.435,0.212,0.285,0.317,0.229,0.523,0.39,0.304,0.204,-0.073,0.301,0.476,0.504,-0.218,0.371,0.397,-0.038,0.461,0.257,0.275,-0.222,0.106,0.35,-0.105,-0.177,0.17,0.085,0.268,-0.223,-0.24,0.261,0.089,-0.057,0.153,0.388,0.121,-0.053,0.361,0.314,-0.09,-0.005,0.172,0.347,0.092,0.121,0.379,0.228,-0.18,0.05,0.096,0.243,0.152,-0.005,-0.045,0.189,-0.254,0.006,0.373,-0.263,0.137,-0.463,-0.224,0.112,0.223,0.201,0.468,0.578,-0.139,0.049,-0.213,-0.136,0.122,-0.031,0.327,0.144,0.198,-0.21,0.055,-0.012,-0.002,0.233,0.282,0.286,0.066,0.12,0.51,-0.085,0.055,0.415,-0.232,0.167,-0.003,0.039,-0.132,-0.283,0.384,0.183,-0.113,-0.124,-0.125,-0.045,-0.156,-0.283,-0.115,0.338,-0.246,0.271,0.056,0.104,0.2,0.329,0.362,-0.14,-0.338,-0.096,0.148,-0.323,0.333,-0.044,-0.031,-0.078,0.285,-0.224,0.342,0.291,0.017,0.048,-0.152,-0.215,0.176,-0.189,-0.179,-0.025,0.083,-0.055,0.343,0.053,0.055,0.23,0.046,-0.443,-0.397,0.126,-0.139,-0.033,-0.09,0.277,0.391,0.221,-0.011,0.022,0.045,-0.35,0.208,0.314,-0.033,0.312,0.062,0.204,-0.352,-0.117,0.345,-0.164,0.25,-0.183,0.024,0.06,0.322,-0.191,-0.259,0.612,0.189
BOKF,0.462,0.442,0.1,0.78,0.105,0.714,-0.147,0.619,0.79,0.076,0.776,0.692,0.444,0.883,0.541,0.657,0.372,-0.109,0.684,0.768,0.393,0.269,0.214,-0.018,0.0,0.646,0.461,-0.251,0.057,0.213,0.399,0.128,0.045,0.275,0.195,0.392,0.165,0.881,-0.509,-0.527,-0.155,0.073,0.252,0.381,0.908,0.425,0.168,-0.178,0.493,0.427,0.17,0.923,0.68,-0.324,0.49,0.017,0.289,0.539,0.685,-0.669,0.717,0.327,-0.227,0.84,0.967,0.376,0.114,0.391,0.571,-0.153,0.51,0.567,0.773,0.241,0.631,0.43,-0.402,0.921,0.428,0.259,0.906,0.694,0.43,0.156,0.772,-0.067,0.436,0.413,0.001,0.749,0.505,0.184,0.774,-0.144,0.005,0.352,0.533,0.837,0.908,-0.206,0.419,-0.065,0.114,-0.175,0.328,0.936,-0.218,-0.011,0.121,0.728,-0.686,0.159,0.7,-0.441,0.889,-0.048,0.653,0.708,-0.008,0.195,0.224,0.745,0.216,0.038,0.91,0.739,0.814,0.676,0.319,0.141,0.605,0.495,-0.008,0.507,0.527,0.766,0.817,0.461,0.633,-0.44,0.473,0.701,0.726,0.73,0.703,0.614,0.571,0.753,0.439,0.163,0.572,-0.389,0.179,0.417,0.862,0.574,0.807,-0.032,0.636,0.6,0.687,0.622,0.713,-0.0,0.549,0.569,0.34,0.222,0.641,0.137,0.654,0.821,0.716,0.948,-0.693,0.496,0.475,0.843,0.862,0.154,0.405,0.435,0.696,0.709,-0.34,0.638,-0.301,0.588,0.489,-0.168,0.361,0.048,0.636,0.92,0.369,0.071,0.669,0.616,0.216,0.783
BRKR,-0.051,-0.189,0.613,0.669,0.602,0.826,0.467,-0.013,0.397,0.679,0.825,0.87,0.87,0.624,-0.133,0.823,0.647,0.531,0.906,0.819,0.806,-0.331,0.452,0.149,0.646,0.0,0.801,0.435,0.204,0.708,0.835,0.665,0.262,0.641,0.586,0.14,0.712,0.574,0.11,0.076,0.451,-0.482,0.645,0.561,0.685,0.131,0.615,-0.221,-0.163,0.81,0.059,0.451,0.509,-0.203,0.736,0.427,-0.027,0.429,0.739,-0.412,0.792,0.748,0.257,0.904,0.577,0.669,0.64,-0.219,-0.041,0.128,0.704,0.055,0.258,0.746,0.879,0.262,-0.117,0.656,0.534,0.691,0.659,0.201,0.867,-0.462,0.815,0.106,-0.26,0.29,-0.544,0.431,0.792,0.653,0.788,0.241,-0.19,-0.332,0.763,0.481,0.688,-0.495,0.527,0.538,-0.439,-0.093,-0.209,0.611,0.003,0.467,0.594,0.747,-0.112,0.665,0.084,0.127,0.5,0.487,0.544,0.108,0.545,-0.333,0.428,0.353,0.517,0.555,0.646,0.308,0.794,0.29,0.803,-0.426,0.165,-0.044,0.333,-0.167,0.84,0.282,0.533,0.849,0.873,0.007,0.77,0.277,0.217,0.79,0.186,0.674,0.731,0.839,0.079,0.6,-0.039,0.209,0.714,-0.229,0.624,-0.099,0.751,0.377,0.06,-0.055,0.835,0.876,0.819,0.508,0.888,0.408,0.792,0.445,0.2,0.065,0.905,0.31,0.093,0.74,-0.105,0.85,0.797,0.801,0.703,0.642,0.346,-0.141,0.488,0.895,0.285,0.591,0.271,0.289,-0.064,0.43,-0.339,0.504,0.367,0.771,0.801,0.65,0.837,-0.004,0.599,0.849
CACC,-0.276,-0.472,0.625,0.373,0.629,0.709,0.646,-0.332,0.043,0.823,0.569,0.696,0.9,0.556,-0.315,0.74,0.687,0.691,0.844,0.676,0.929,-0.434,0.712,0.318,0.461,0.801,0.0,0.634,0.416,0.77,0.937,0.8,0.459,0.878,0.864,0.286,0.814,0.338,0.422,0.375,0.651,-0.636,0.912,0.658,0.394,0.078,0.751,-0.185,-0.399,0.822,0.283,0.256,0.291,-0.04,0.649,0.511,-0.407,0.114,0.829,-0.366,0.776,0.89,0.415,0.811,0.423,0.581,0.671,-0.486,-0.199,0.338,0.708,-0.181,0.13,0.888,0.87,-0.024,0.127,0.57,0.6,0.693,0.505,-0.009,0.869,-0.64,0.795,0.016,-0.488,0.458,-0.748,0.3,0.777,0.637,0.64,0.466,-0.051,-0.585,0.793,0.211,0.454,-0.218,0.667,0.644,-0.548,-0.038,-0.348,0.448,0.178,0.448,0.838,0.67,0.212,0.724,0.058,0.315,0.338,0.627,0.511,-0.188,0.53,-0.37,0.361,0.268,0.281,0.637,0.487,0.253,0.707,0.011,0.789,-0.448,-0.167,-0.127,0.647,-0.366,0.921,0.015,0.386,0.911,0.758,0.145,0.551,-0.101,-0.072,0.745,-0.184,0.681,0.498,0.832,-0.21,0.846,-0.299,0.482,0.801,-0.321,0.333,-0.316,0.578,0.644,-0.194,-0.312,0.69,0.81,0.678,0.673,0.89,0.312,0.954,0.253,-0.139,-0.132,0.884,0.073,-0.139,0.565,0.211,0.876,0.834,0.692,0.694,0.795,-0.023,-0.357,0.507,0.789,0.629,0.557,0.423,0.104,-0.336,0.554,-0.521,0.584,0.059,0.713,0.876,0.772,0.704,-0.295,0.736,0.702
CAR,-0.7,-0.802,0.741,0.006,0.816,0.234,0.919,-0.84,-0.497,0.932,0.132,0.34,0.705,-0.192,-0.863,0.413,0.613,0.972,0.479,0.279,0.705,-0.869,0.48,0.223,-0.251,0.435,0.634,0.0,0.237,0.837,0.721,0.885,0.382,0.694,0.658,-0.047,0.879,-0.285,0.894,0.85,0.864,-0.7,0.638,0.406,-0.143,-0.346,0.812,0.098,-0.915,0.679,0.1,-0.43,-0.215,0.37,0.55,0.734,-0.488,-0.047,0.374,0.306,0.277,0.723,0.725,0.27,-0.327,0.528,0.814,-0.867,-0.766,0.435,0.474,-0.649,-0.574,0.779,0.53,-0.093,0.42,-0.139,0.413,0.594,-0.166,-0.65,0.705,-0.885,0.289,0.171,-0.917,-0.007,-0.803,-0.365,0.505,0.723,0.227,0.659,-0.213,-0.916,0.443,-0.409,-0.181,-0.45,0.423,0.926,-0.75,0.241,-0.839,-0.297,0.305,0.675,0.776,0.08,0.777,0.806,-0.615,0.78,-0.346,0.845,-0.084,-0.683,0.826,-0.774,0.335,-0.45,0.455,0.813,-0.144,-0.472,0.105,-0.406,0.728,-0.764,-0.54,-0.764,0.462,-0.885,0.617,-0.654,-0.332,0.689,0.433,0.657,0.472,-0.662,-0.629,0.331,-0.711,0.12,0.28,0.312,-0.376,0.739,-0.863,0.918,0.849,-0.84,-0.28,-0.891,0.08,0.649,-0.788,-0.832,0.419,0.462,0.326,0.876,0.597,-0.047,0.743,0.352,-0.554,-0.113,0.526,-0.563,-0.684,-0.078,0.757,0.555,0.641,0.089,-0.027,0.794,-0.006,-0.766,-0.083,0.418,0.814,0.077,0.836,-0.423,-0.821,0.86,-0.882,0.817,-0.167,0.029,0.714,0.903,0.316,-0.842,0.611,0.22
CDNA,-0.447,-0.273,0.234,-0.055,0.166,0.079,0.322,-0.22,-0.168,0.292,-0.143,-0.049,0.278,0.114,-0.222,0.321,0.293,0.225,0.135,-0.059,0.471,-0.058,0.483,0.435,0.057,0.204,0.416,0.237,0.0,0.275,0.379,0.258,0.693,0.471,0.578,-0.123,0.239,-0.0,0.252,0.345,0.356,-0.29,0.619,0.097,-0.049,0.299,0.304,0.092,-0.193,0.187,0.564,-0.015,0.183,0.069,-0.043,0.074,-0.441,-0.092,0.383,-0.186,0.19,0.414,0.281,0.186,0.047,0.314,0.183,-0.391,-0.012,0.467,-0.078,-0.229,0.197,0.363,0.163,-0.277,0.24,0.314,0.016,-0.02,0.046,-0.066,0.16,-0.318,0.06,-0.046,-0.247,0.239,-0.324,-0.181,0.02,0.144,0.032,0.196,0.318,-0.357,0.358,-0.052,-0.1,0.115,0.222,0.227,-0.067,-0.326,0.027,0.168,0.572,0.242,0.447,0.34,0.296,0.289,0.09,0.212,-0.131,0.385,0.284,-0.315,-0.018,-0.003,0.466,0.05,-0.06,0.07,-0.008,0.198,0.193,0.088,0.138,-0.019,-0.147,0.039,0.604,-0.052,0.391,0.071,0.142,0.327,0.249,-0.124,-0.186,-0.21,-0.279,0.082,-0.301,0.276,0.133,0.222,-0.41,0.434,-0.17,0.362,0.376,0.186,0.098,-0.013,0.093,0.603,-0.237,-0.1,-0.048,0.271,0.164,0.328,0.212,-0.201,0.336,-0.037,-0.321,0.108,0.239,-0.061,-0.287,0.024,0.305,0.352,0.356,0.089,0.294,0.23,-0.42,-0.058,0.249,0.056,0.41,0.393,0.389,0.118,-0.089,0.157,-0.355,0.136,-0.245,0.191,0.301,0.306,0.006,-0.212,0.533,0.141
CG,-0.571,-0.547,0.864,0.456,0.944,0.457,0.885,-0.49,-0.051,0.924,0.469,0.653,0.883,0.113,-0.63,0.755,0.879,0.922,0.753,0.652,0.856,-0.795,0.532,0.212,0.213,0.708,0.77,0.837,0.275,0.0,0.853,0.924,0.518,0.771,0.648,0.104,0.959,0.096,0.604,0.616,0.754,-0.579,0.669,0.498,0.312,-0.067,0.928,0.203,-0.697,0.815,0.192,-0.037,0.178,0.24,0.815,0.787,-0.308,0.4,0.634,0.017,0.527,0.866,0.741,0.627,0.097,0.847,0.918,-0.644,-0.477,0.44,0.687,-0.341,-0.233,0.852,0.798,0.25,0.256,0.258,0.486,0.619,0.185,-0.394,0.884,-0.762,0.591,0.238,-0.727,-0.008,-0.702,-0.134,0.618,0.857,0.647,0.534,-0.233,-0.708,0.706,0.014,0.207,-0.675,0.649,0.9,-0.612,0.109,-0.701,0.14,0.31,0.777,0.817,0.416,0.406,0.935,-0.34,0.644,0.069,0.873,0.15,-0.303,0.865,-0.784,0.579,-0.233,0.679,0.817,0.254,-0.188,0.453,0.056,0.875,-0.719,-0.099,-0.616,0.375,-0.639,0.85,-0.261,-0.027,0.901,0.758,0.528,0.734,-0.31,-0.313,0.641,-0.364,0.344,0.693,0.611,-0.152,0.816,-0.606,0.751,0.941,-0.601,0.193,-0.576,0.48,0.646,-0.514,-0.509,0.762,0.729,0.724,0.929,0.805,0.126,0.812,0.659,-0.173,0.128,0.809,-0.117,-0.324,0.356,0.432,0.769,0.919,0.41,0.297,0.816,0.312,-0.549,0.246,0.739,0.579,0.31,0.789,-0.124,-0.514,0.845,-0.699,0.862,0.306,0.4,0.849,0.91,0.6,-0.524,0.662,0.634
CGBD,-0.368,-0.511,0.701,0.395,0.716,0.737,0.73,-0.366,0.042,0.895,0.623,0.751,0.947,0.46,-0.421,0.791,0.695,0.769,0.875,0.691,0.95,-0.55,0.673,0.285,0.399,0.835,0.937,0.721,0.379,0.853,0.0,0.866,0.461,0.858,0.819,0.248,0.878,0.321,0.478,0.45,0.728,-0.719,0.87,0.629,0.377,0.048,0.768,-0.182,-0.494,0.903,0.18,0.183,0.298,-0.022,0.711,0.594,-0.372,0.151,0.799,-0.294,0.713,0.932,0.479,0.808,0.334,0.671,0.753,-0.57,-0.262,0.295,0.719,-0.265,0.014,0.927,0.868,-0.008,0.057,0.497,0.572,0.691,0.467,-0.12,0.926,-0.689,0.747,0.013,-0.584,0.36,-0.783,0.209,0.805,0.793,0.635,0.512,-0.056,-0.656,0.811,0.188,0.433,-0.375,0.604,0.763,-0.63,-0.053,-0.423,0.384,0.202,0.532,0.849,0.681,0.273,0.793,-0.078,0.38,0.27,0.701,0.452,-0.255,0.647,-0.45,0.46,0.16,0.423,0.692,0.437,0.162,0.677,0.015,0.874,-0.516,-0.138,-0.228,0.572,-0.474,0.926,-0.028,0.359,0.951,0.834,0.234,0.625,-0.107,-0.116,0.72,-0.224,0.662,0.569,0.812,-0.262,0.839,-0.414,0.563,0.861,-0.457,0.341,-0.403,0.598,0.633,-0.248,-0.367,0.729,0.82,0.697,0.722,0.936,0.228,0.961,0.375,-0.191,-0.11,0.918,0.024,-0.222,0.524,0.244,0.894,0.865,0.682,0.608,0.801,0.031,-0.421,0.409,0.811,0.622,0.556,0.508,0.039,-0.369,0.648,-0.614,0.646,0.094,0.656,0.934,0.848,0.744,-0.361,0.772,0.714
