,ACET,ADAP,ADI,ADPT,ADTN,AGEN,ALGN,ALLK,AMD,AMWD,ARDX,ARQT,ASTE,AUPH,AVXL,AZTA,BAND,BECN,BFC,BGC,BHF,BHFAL,BKNG,BL,BOKF,BRKR,CACC,CAR,CDNA,CG,CGBD,CHI,CHTR,CHX,CLNE,CME,CNOB,CNXN,CPRX,CSGP,CSGS,CSIQ,CVCO,CVLT,CYRX,DDOG,DOOO,DSGX,DTIL,ECPG,EEFT,EFSC,ENTG,ESPR,ETSY,EXC,FAMI,FFIV,FITB,FIZZ,FMBH,FOX,FTNT,FULT,GABC,GEN,GH,GMAB,GNPX,GO,GOGL,GOOG,GPRO,GSHD,GSM,GWAV,HAIN,HBAN,HEPA,HURN,HWKN,IBIO,ICFI,IGMS,IMKTA,INCY,INO,IRDM,IRTC,IRWD,ITCI,JACK,JD,JJSF,KALA,KHC,KLAC,KRRO,KRYS,LANC,LBTYA,LIVN,LKCO,LNTH,LOGI,LPRO,LRCX,LSCC,LSTR,MAR,MARA,MCHP,MEOH,META,MGTX,MKSI,MMYT,MORN,MRUS,MTLS,MTSI,MVIS,MXL,NBIX,NFE,NMIH,NMRK,NNDM,NSIT,NTCT,NVAX,OCUL,ODP,OLED,ONB,OTEX,PACB,PATK,PAYX,PEP,PERI,PI,PLYA,PRDO,PRGS,PTGX,QCOM,QCRH,QDEL,QFIN,RGEN,RILY,RPAY,RPD,SABR,SEDG,SHEN,SIRI,SLNO,SNDL,SNEX,SONO,SPT,SSNC,STGW,STKL,STRL,STX,SWTX,SYNA,TFSL,TIGR,TNXP,TOWN,TRI,TRIP,TRMB,TRNS,TRS,TSCO,TSEM,TVTX,TXRH,VC,VCEL,VECO,VIAV,VICR,VIR,VRTX,VSTM,VTRS,WDFC,WSBC,WSC,WYNN,XENE,XNCR,XRAY,ZS
ACET,0.0,-0.757,-0.694,-0.493,-0.124,-0.896,0.608,-0.482,0.406,-0.431,-0.421,0.774,0.695,-0.521,0.449,-0.307,-0.586,-0.267,-0.469,-0.649,-0.123,0.273,-0.397,0.08,-0.732,0.735,0.742,-0.252,-0.47,0.62,-0.81,-0.727,-0.194,0.893,-0.446,0.273,-0.461,0.215,0.369,-0.693,0.644,-0.641,-0.575,-0.759,0.34,0.134,0.482,-0.734,0.39,-0.336,-0.598,-0.461,-0.267,-0.484,0.522,-0.737,-0.154,0.799,-0.768,-0.301,-0.783,-0.611,0.549,-0.896,0.064,0.158,-0.673,0.143,-0.177,0.449,-0.839,-0.777,-0.307,-0.3,-0.749,0.781,-0.731,-0.71,0.693,0.508,-0.345,-0.067,-0.639,-0.588,0.605,-0.111,-0.703,-0.897,0.497,-0.012,0.458,0.755,-0.858,-0.374,-0.136,0.148,-0.574,0.829,0.711,-0.399,-0.025,-0.807,0.156,-0.793,-0.348,-0.585,0.248,0.064,-0.611,0.574,-0.463,-0.721,-0.592,0.792,0.421,-0.495,-0.691,0.504,-0.865,-0.789,-0.575,-0.262,0.554,-0.649,0.81,-0.732,-0.468,0.141,-0.351,-0.604,-0.379,0.507,0.133,-0.522,-0.831,0.423,-0.043,-0.486,0.213,-0.746,-0.711,-0.894,-0.033,-0.701,0.16,0.021,-0.58,-0.387,-0.468,-0.609,-0.122,-0.841,-0.728,0.202,-0.681,0.057,0.22,0.479,-0.828,-0.734,-0.825,0.074,0.544,-0.648,-0.846,0.094,-0.38,-0.528,-0.465,-0.609,-0.754,-0.835,-0.776,-0.314,-0.532,0.171,0.224,-0.323,-0.747,-0.906,-0.558,-0.12,-0.764,-0.793,-0.269,-0.426,0.651,0.649,-0.552,-0.345,-0.076,-0.708,0.144,-0.225,0.258,0.623,-0.501,-0.76,0.647,-0.05
ADAP,-0.757,0.0,0.633,0.528,0.03,0.833,-0.445,0.46,-0.179,0.658,0.359,-0.508,-0.584,0.735,-0.14,0.516,0.431,0.453,0.466,0.47,0.172,-0.295,0.377,0.293,0.64,-0.428,-0.621,0.289,0.372,-0.428,0.614,0.649,0.198,-0.699,0.51,-0.229,0.366,-0.121,-0.325,0.704,-0.52,0.664,0.722,0.65,-0.162,0.055,-0.221,0.57,-0.032,0.266,0.493,0.33,0.381,0.555,-0.382,0.54,0.267,-0.647,0.602,0.297,0.619,0.433,-0.324,0.774,-0.051,-0.135,0.646,0.046,0.445,-0.304,0.674,0.6,0.474,0.403,0.672,-0.704,0.639,0.661,-0.524,-0.42,0.477,0.296,0.588,0.666,-0.541,0.16,0.736,0.682,-0.336,0.113,-0.453,-0.572,0.709,0.22,0.279,-0.216,0.555,-0.518,-0.398,0.55,0.036,0.708,-0.189,0.619,0.385,0.589,0.017,0.094,0.601,-0.22,0.394,0.655,0.481,-0.568,-0.148,0.536,0.692,-0.27,0.731,0.681,0.611,0.342,-0.206,0.721,-0.692,0.585,0.529,0.206,0.246,0.567,0.301,-0.254,0.012,0.469,0.689,-0.278,0.378,0.494,0.054,0.387,0.748,0.7,0.279,0.541,-0.053,0.183,0.594,0.314,0.538,0.516,0.44,0.678,0.648,0.006,0.651,0.196,-0.246,-0.087,0.772,0.682,0.702,0.214,-0.38,0.558,0.733,-0.041,0.289,0.484,0.535,0.708,0.64,0.751,0.67,0.281,0.429,-0.032,0.007,0.408,0.583,0.7,0.446,0.186,0.61,0.679,0.568,0.44,-0.44,-0.409,0.545,0.319,0.142,0.673,-0.03,0.202,-0.101,-0.286,0.588,0.687,-0.433,0.311
ADI,-0.694,0.633,0.0,0.748,0.443,0.804,-0.485,0.598,0.154,0.691,0.595,-0.724,-0.552,0.371,-0.262,0.522,0.74,0.071,0.603,0.856,-0.008,-0.015,0.7,0.302,0.775,-0.44,-0.346,0.508,0.572,-0.322,0.804,0.789,0.265,-0.63,0.731,-0.249,0.57,0.265,-0.255,0.889,-0.641,0.737,0.751,0.81,-0.513,-0.277,-0.062,0.8,-0.111,0.509,0.713,0.352,0.665,0.658,-0.4,0.526,0.141,-0.492,0.715,0.398,0.712,0.703,-0.637,0.828,-0.074,0.08,0.744,-0.005,0.396,-0.625,0.854,0.809,0.124,0.329,0.822,-0.776,0.694,0.79,-0.607,-0.392,0.722,0.218,0.806,0.73,-0.774,0.244,0.537,0.682,-0.666,-0.231,-0.529,-0.691,0.837,0.636,0.319,-0.298,0.903,-0.768,-0.46,0.624,0.172,0.733,0.109,0.706,0.633,0.778,0.308,0.353,0.818,-0.167,0.677,0.941,0.762,-0.508,-0.148,0.833,0.87,-0.208,0.754,0.601,0.883,0.293,-0.157,0.634,-0.627,0.794,0.672,-0.103,0.677,0.587,0.483,-0.256,-0.316,0.807,0.767,-0.58,0.15,0.736,0.294,0.614,0.707,0.849,0.104,0.735,0.131,0.273,0.732,0.439,0.682,0.749,0.52,0.818,0.782,-0.347,0.502,-0.069,0.192,-0.153,0.717,0.757,0.863,0.152,-0.681,0.792,0.734,0.005,0.737,0.82,0.453,0.79,0.659,0.784,0.724,0.353,0.701,-0.408,-0.308,0.678,0.716,0.768,0.784,0.351,0.85,0.814,0.547,0.778,-0.71,-0.436,0.614,0.575,0.361,0.616,0.136,0.175,0.257,-0.14,0.502,0.716,-0.633,0.33
ADPT,-0.493,0.528,0.748,0.0,0.73,0.632,-0.695,0.859,0.061,0.814,0.81,-0.551,-0.742,0.533,0.221,0.566,0.836,-0.296,0.869,0.799,-0.213,0.094,0.844,0.323,0.663,-0.505,-0.211,0.853,0.843,-0.567,0.68,0.683,0.564,-0.437,0.723,-0.32,0.664,0.106,0.067,0.528,-0.846,0.82,0.742,0.873,-0.597,-0.573,0.166,0.69,0.271,0.741,0.828,0.58,0.48,0.714,-0.63,0.426,-0.244,-0.492,0.635,0.839,0.646,0.733,-0.799,0.737,-0.026,0.12,0.825,0.428,0.701,-0.81,0.792,0.647,0.145,0.611,0.817,-0.514,0.875,0.764,-0.326,-0.71,0.836,0.517,0.926,0.734,-0.674,0.646,0.479,0.332,-0.843,-0.354,-0.671,-0.783,0.737,0.786,0.615,-0.744,0.808,-0.616,-0.173,0.878,0.545,0.786,0.466,0.77,0.917,0.92,0.348,0.121,0.883,-0.163,0.503,0.559,0.692,-0.111,0.359,0.877,0.911,0.247,0.652,0.372,0.609,0.3,-0.304,0.5,-0.424,0.849,0.871,-0.112,0.834,0.578,0.639,0.161,-0.556,0.897,0.704,-0.817,0.467,0.899,0.428,0.426,0.67,0.67,0.058,0.826,0.211,0.681,0.908,0.584,0.904,0.88,0.429,0.387,0.734,-0.583,0.242,-0.157,0.551,0.079,0.646,0.799,0.792,0.012,-0.843,0.778,0.753,-0.421,0.837,0.834,0.103,0.663,0.749,0.765,0.645,0.36,0.886,-0.694,-0.582,0.765,0.49,0.458,0.877,0.768,0.765,0.797,0.752,0.922,-0.732,-0.249,0.824,0.801,0.78,0.402,0.611,0.381,0.541,0.125,0.581,0.819,-0.804,0.053
ADTN,-0.124,0.03,0.443,0.73,0.0,0.17,-0.591,0.783,-0.057,0.362,0.688,-0.452,-0.494,0.209,0.148,0.189,0.787,-0.685,0.758,0.671,-0.293,0.279,0.749,0.052,0.498,-0.398,0.008,0.742,0.75,-0.428,0.513,0.534,0.687,-0.225,0.35,0.069,0.723,0.299,0.095,0.137,-0.631,0.497,0.355,0.633,-0.754,-0.832,0.209,0.552,0.128,0.743,0.718,0.598,0.105,0.592,-0.507,0.363,-0.48,-0.237,0.524,0.787,0.518,0.724,-0.746,0.416,0.24,0.181,0.554,0.392,0.429,-0.803,0.533,0.363,-0.209,0.587,0.462,-0.256,0.595,0.589,-0.221,-0.535,0.647,0.357,0.726,0.229,-0.405,0.526,0.07,0.064,-0.712,-0.457,-0.53,-0.618,0.446,0.924,0.395,-0.626,0.433,-0.504,-0.067,0.547,0.518,0.506,0.66,0.549,0.772,0.717,0.104,-0.195,0.547,-0.246,0.494,0.204,0.496,0.242,0.365,0.513,0.558,0.501,0.285,0.112,0.214,0.092,-0.367,0.269,-0.033,0.682,0.627,-0.436,0.855,0.278,0.497,0.121,-0.737,0.71,0.484,-0.752,0.148,0.774,0.412,0.385,0.214,0.324,-0.22,0.642,0.47,0.714,0.595,0.663,0.646,0.739,0.182,0.032,0.543,-0.775,-0.099,-0.486,0.811,0.114,0.292,0.505,0.556,-0.088,-0.775,0.625,0.476,-0.338,0.877,0.703,-0.287,0.221,0.528,0.44,0.36,0.438,0.763,-0.877,-0.705,0.712,0.34,0.134,0.773,0.758,0.565,0.527,0.386,0.699,-0.683,-0.159,0.564,0.895,0.681,0.046,0.635,0.551,0.536,0.188,0.265,0.478,-0.704,-0.276
AGEN,-0.896,0.833,0.804,0.632,0.17,0.0,-0.582,0.587,-0.149,0.674,0.544,-0.692,-0.737,0.616,-0.242,0.559,0.644,0.28,0.522,0.708,0.125,-0.159,0.441,0.222,0.706,-0.629,-0.608,0.412,0.473,-0.573,0.783,0.73,0.211,-0.805,0.621,-0.408,0.419,-0.195,-0.321,0.81,-0.708,0.82,0.736,0.807,-0.249,-0.106,-0.36,0.739,-0.157,0.307,0.628,0.386,0.514,0.574,-0.505,0.599,0.162,-0.73,0.692,0.363,0.715,0.552,-0.551,0.922,-0.209,-0.221,0.687,-0.0,0.409,-0.471,0.855,0.855,0.436,0.359,0.854,-0.768,0.749,0.727,-0.598,-0.546,0.527,0.237,0.732,0.815,-0.709,0.305,0.806,0.832,-0.554,0.015,-0.467,-0.742,0.876,0.399,0.326,-0.315,0.779,-0.742,-0.521,0.558,0.136,0.843,-0.14,0.792,0.508,0.673,0.047,0.163,0.732,-0.428,0.497,0.824,0.64,-0.723,-0.177,0.688,0.804,-0.427,0.929,0.778,0.748,0.46,-0.336,0.72,-0.86,0.766,0.588,0.028,0.414,0.6,0.336,-0.284,-0.076,0.653,0.807,-0.484,0.241,0.592,-0.075,0.606,0.874,0.933,0.223,0.729,-0.122,0.064,0.718,0.321,0.618,0.635,0.31,0.843,0.81,-0.15,0.642,0.16,-0.174,-0.25,0.904,0.811,0.852,0.067,-0.586,0.701,0.858,-0.146,0.469,0.589,0.635,0.808,0.759,0.892,0.854,0.235,0.61,-0.157,-0.207,0.399,0.676,0.897,0.605,0.289,0.779,0.868,0.52,0.622,-0.622,-0.495,0.679,0.375,0.256,0.789,0.035,0.143,-0.052,-0.391,0.704,0.86,-0.632,0.261
ALGN,0.608,-0.445,-0.485,-0.695,-0.591,-0.582,0.0,-0.816,0.318,-0.394,-0.643,0.551,0.829,-0.528,-0.103,-0.235,-0.74,0.423,-0.662,-0.586,0.325,0.087,-0.515,0.226,-0.482,0.708,0.505,-0.573,-0.765,0.827,-0.676,-0.542,-0.55,0.636,-0.406,0.296,-0.514,0.249,-0.072,-0.236,0.813,-0.746,-0.359,-0.832,0.608,0.621,0.253,-0.596,-0.033,-0.541,-0.725,-0.514,-0.101,-0.456,0.585,-0.483,0.403,0.8,-0.586,-0.72,-0.579,-0.64,0.781,-0.725,0.174,0.085,-0.651,-0.218,-0.414,0.787,-0.735,-0.558,-0.082,-0.61,-0.662,0.434,-0.741,-0.588,0.345,0.78,-0.459,-0.237,-0.771,-0.54,0.59,-0.53,-0.523,-0.414,0.784,0.334,0.457,0.826,-0.635,-0.704,-0.483,0.648,-0.509,0.713,0.336,-0.563,-0.283,-0.766,-0.451,-0.758,-0.601,-0.764,0.158,0.386,-0.538,0.667,-0.245,-0.303,-0.446,0.218,-0.168,-0.548,-0.629,0.07,-0.623,-0.362,-0.281,-0.172,0.654,-0.425,0.586,-0.76,-0.528,0.469,-0.631,-0.273,-0.518,-0.019,0.58,-0.636,-0.635,0.707,-0.137,-0.658,0.141,-0.484,-0.576,-0.656,0.228,-0.72,0.072,-0.434,-0.687,-0.401,-0.591,-0.666,0.115,-0.324,-0.654,0.69,-0.303,0.301,-0.352,0.331,-0.703,-0.757,-0.715,0.306,0.754,-0.61,-0.727,0.439,-0.657,-0.603,-0.137,-0.396,-0.678,-0.707,-0.624,-0.137,-0.718,0.669,0.621,-0.388,-0.42,-0.504,-0.752,-0.632,-0.667,-0.662,-0.389,-0.671,0.721,0.469,-0.69,-0.64,-0.634,-0.307,-0.391,-0.319,-0.082,0.413,-0.569,-0.771,0.84,0.385
ALLK,-0.482,0.46,0.598,0.859,0.783,0.587,-0.816,0.0,-0.147,0.65,0.833,-0.558,-0.813,0.561,0.221,0.428,0.855,-0.453,0.804,0.745,-0.21,0.144,0.724,0.138,0.603,-0.652,-0.272,0.828,0.808,-0.72,0.704,0.656,0.693,-0.504,0.524,-0.229,0.693,-0.048,0.024,0.368,-0.87,0.828,0.582,0.867,-0.629,-0.696,-0.006,0.669,0.17,0.703,0.83,0.629,0.299,0.659,-0.678,0.475,-0.43,-0.601,0.639,0.86,0.651,0.749,-0.842,0.729,-0.021,-0.091,0.713,0.445,0.646,-0.814,0.741,0.607,0.191,0.701,0.744,-0.418,0.811,0.733,-0.294,-0.787,0.731,0.472,0.9,0.599,-0.618,0.698,0.544,0.341,-0.837,-0.362,-0.645,-0.826,0.698,0.81,0.591,-0.775,0.641,-0.655,-0.205,0.711,0.533,0.803,0.518,0.8,0.85,0.856,0.093,-0.173,0.716,-0.448,0.472,0.397,0.606,-0.042,0.335,0.708,0.789,0.239,0.653,0.413,0.41,0.407,-0.456,0.509,-0.449,0.851,0.782,-0.253,0.809,0.39,0.47,0.139,-0.578,0.844,0.698,-0.84,0.366,0.868,0.159,0.446,0.624,0.634,-0.047,0.825,0.224,0.611,0.839,0.592,0.799,0.817,0.169,0.278,0.771,-0.636,0.147,-0.181,0.518,0.057,0.68,0.772,0.774,-0.01,-0.874,0.751,0.764,-0.459,0.803,0.745,0.084,0.543,0.779,0.771,0.704,0.348,0.874,-0.711,-0.704,0.63,0.474,0.443,0.832,0.817,0.735,0.794,0.6,0.831,-0.784,-0.243,0.838,0.803,0.774,0.382,0.632,0.49,0.368,-0.02,0.685,0.837,-0.86,-0.127
AMD,0.406,-0.179,0.154,0.061,-0.057,-0.149,0.318,-0.147,0.0,0.256,-0.036,0.36,0.408,-0.295,0.395,0.264,-0.19,0.039,-0.184,-0.117,-0.232,0.238,0.034,0.504,-0.353,0.551,0.694,0.087,-0.207,0.558,-0.326,-0.312,-0.261,0.56,0.312,-0.236,-0.382,0.294,0.201,0.103,0.204,-0.017,0.041,-0.201,0.192,0.209,0.472,-0.318,0.504,-0.167,-0.238,-0.524,0.684,-0.16,0.385,-0.597,0.088,0.442,-0.434,-0.139,-0.457,-0.328,0.199,-0.266,-0.344,0.201,-0.206,0.164,0.224,0.074,-0.258,-0.082,-0.124,-0.269,-0.077,0.303,-0.307,-0.319,0.407,0.344,0.235,0.006,-0.105,0.238,-0.01,0.131,-0.226,-0.404,-0.056,-0.186,0.125,0.399,-0.291,-0.106,0.29,0.005,0.361,0.37,0.44,0.183,0.036,-0.363,0.185,-0.372,0.044,-0.085,0.869,0.748,0.109,0.675,-0.16,0.107,0.034,0.312,0.402,0.344,-0.02,0.091,-0.253,-0.372,0.305,0.114,0.781,-0.337,0.224,-0.271,0.03,0.22,0.029,-0.277,-0.092,0.465,0.057,0.093,-0.398,0.073,0.251,-0.054,0.356,-0.467,-0.023,-0.189,0.177,-0.257,-0.132,0.051,0.013,-0.44,0.001,-0.215,0.389,-0.123,-0.209,0.117,-0.299,0.324,0.189,0.384,-0.24,-0.172,-0.253,0.141,0.163,-0.142,-0.421,0.132,0.072,-0.063,0.071,0.212,-0.421,-0.286,-0.212,-0.421,-0.121,0.071,0.226,0.019,-0.237,-0.251,-0.07,0.043,-0.198,-0.219,0.233,0.258,0.317,0.506,-0.091,-0.189,0.216,-0.144,0.22,-0.493,0.585,0.56,-0.011,-0.212,0.315,0.415
AMWD,-0.431,0.658,0.691,0.814,0.362,0.674,-0.394,0.65,0.256,0.0,0.681,-0.336,-0.6,0.558,0.339,0.737,0.6,0.105,0.624,0.588,-0.004,0.133,0.659,0.612,0.527,-0.325,-0.107,0.732,0.592,-0.36,0.491,0.539,0.329,-0.298,0.773,-0.473,0.419,0.0,0.027,0.628,-0.681,0.741,0.848,0.687,-0.198,-0.178,0.188,0.498,0.385,0.461,0.62,0.369,0.706,0.655,-0.486,0.22,-0.014,-0.358,0.425,0.617,0.46,0.431,-0.5,0.626,-0.156,0.03,0.699,0.475,0.776,-0.452,0.621,0.615,0.452,0.489,0.749,-0.437,0.697,0.614,-0.176,-0.543,0.785,0.603,0.74,0.829,-0.566,0.596,0.618,0.302,-0.568,-0.119,-0.592,-0.57,0.634,0.398,0.601,-0.618,0.799,-0.367,-0.022,0.829,0.518,0.662,0.195,0.616,0.78,0.711,0.537,0.382,0.818,0.104,0.382,0.606,0.559,-0.115,0.359,0.853,0.847,0.168,0.632,0.404,0.681,0.474,0.02,0.488,-0.472,0.644,0.859,0.318,0.564,0.566,0.455,0.26,-0.16,0.759,0.563,-0.59,0.672,0.736,0.37,0.174,0.722,0.582,0.397,0.649,0.116,0.465,0.835,0.336,0.806,0.661,0.611,0.408,0.634,-0.128,0.291,0.284,0.195,0.289,0.61,0.678,0.62,0.292,-0.593,0.619,0.638,-0.357,0.54,0.656,0.308,0.792,0.638,0.711,0.609,0.243,0.686,-0.246,-0.247,0.592,0.366,0.43,0.606,0.607,0.613,0.721,0.85,0.767,-0.455,0.007,0.779,0.472,0.65,0.496,0.531,0.205,0.476,0.261,0.667,0.744,-0.518,0.49
ARDX,-0.421,0.359,0.595,0.81,0.688,0.544,-0.643,0.833,-0.036,0.681,0.0,-0.597,-0.795,0.449,0.229,0.639,0.855,-0.358,0.767,0.759,0.074,0.416,0.694,0.334,0.599,-0.704,-0.178,0.868,0.699,-0.663,0.59,0.616,0.683,-0.46,0.459,-0.399,0.7,-0.125,-0.13,0.4,-0.883,0.82,0.689,0.822,-0.438,-0.667,0.032,0.652,0.162,0.529,0.815,0.649,0.442,0.73,-0.719,0.327,-0.374,-0.554,0.584,0.795,0.612,0.658,-0.871,0.634,-0.03,-0.246,0.64,0.589,0.736,-0.585,0.687,0.586,0.392,0.6,0.729,-0.395,0.766,0.692,-0.26,-0.753,0.746,0.641,0.86,0.597,-0.505,0.753,0.514,0.299,-0.734,-0.078,-0.521,-0.74,0.705,0.649,0.528,-0.753,0.661,-0.608,-0.213,0.66,0.724,0.793,0.316,0.794,0.848,0.681,0.214,-0.018,0.746,-0.366,0.556,0.465,0.507,-0.045,0.354,0.674,0.797,0.336,0.692,0.46,0.537,0.573,-0.303,0.513,-0.469,0.824,0.766,-0.053,0.829,0.485,0.353,0.184,-0.281,0.925,0.689,-0.937,0.375,0.871,0.165,0.416,0.649,0.613,0.295,0.881,0.333,0.44,0.852,0.563,0.875,0.73,0.354,0.238,0.777,-0.383,-0.039,0.048,0.358,0.201,0.566,0.815,0.701,0.176,-0.939,0.683,0.722,-0.58,0.648,0.698,0.138,0.61,0.811,0.757,0.718,0.429,0.909,-0.512,-0.755,0.638,0.34,0.387,0.698,0.845,0.781,0.776,0.576,0.815,-0.813,-0.175,0.944,0.629,0.769,0.525,0.678,0.5,0.32,0.137,0.726,0.821,-0.851,0.043
ARQT,0.774,-0.508,-0.724,-0.551,-0.452,-0.692,0.551,-0.558,0.36,-0.336,-0.597,0.0,0.611,-0.301,0.56,-0.33,-0.772,0.021,-0.657,-0.856,-0.285,-0.115,-0.536,0.011,-0.876,0.73,0.564,-0.361,-0.538,0.499,-0.883,-0.894,-0.463,0.846,-0.324,-0.074,-0.76,-0.147,0.538,-0.621,0.617,-0.599,-0.628,-0.777,0.576,0.452,0.347,-0.864,0.554,-0.512,-0.769,-0.678,-0.186,-0.642,0.518,-0.791,-0.035,0.651,-0.92,-0.352,-0.911,-0.843,0.76,-0.822,-0.31,0.093,-0.688,0.084,-0.217,0.524,-0.797,-0.735,-0.068,-0.42,-0.734,0.822,-0.691,-0.839,0.819,0.402,-0.491,-0.061,-0.732,-0.361,0.528,-0.094,-0.451,-0.818,0.548,0.043,0.49,0.77,-0.859,-0.623,0.026,0.154,-0.527,0.896,0.827,-0.302,-0.269,-0.766,-0.008,-0.773,-0.478,-0.611,0.274,0.192,-0.659,0.589,-0.818,-0.707,-0.679,0.575,0.437,-0.434,-0.697,0.145,-0.742,-0.788,-0.58,-0.211,0.538,-0.711,0.548,-0.837,-0.501,0.331,-0.671,-0.639,-0.38,0.624,0.238,-0.687,-0.903,0.572,0.077,-0.661,-0.049,-0.874,-0.492,-0.805,-0.017,-0.778,-0.285,-0.165,-0.523,-0.705,-0.564,-0.697,-0.256,-0.705,-0.814,0.327,-0.378,0.337,-0.081,0.297,-0.658,-0.756,-0.883,-0.147,0.74,-0.773,-0.789,0.036,-0.582,-0.732,-0.301,-0.461,-0.781,-0.771,-0.759,-0.65,-0.675,0.393,0.526,-0.644,-0.788,-0.811,-0.692,-0.254,-0.871,-0.774,-0.133,-0.477,0.867,0.567,-0.559,-0.588,-0.135,-0.648,0.033,-0.549,0.146,0.382,-0.35,-0.637,0.741,0.046
ASTE,0.695,-0.584,-0.552,-0.742,-0.494,-0.737,0.829,-0.813,0.408,-0.6,-0.795,0.611,0.0,-0.658,-0.085,-0.479,-0.802,0.24,-0.699,-0.675,0.003,-0.015,-0.516,-0.03,-0.62,0.842,0.62,-0.696,-0.731,0.944,-0.702,-0.632,-0.548,0.717,-0.436,0.46,-0.614,0.394,0.096,-0.421,0.935,-0.833,-0.578,-0.878,0.402,0.517,0.279,-0.706,-0.058,-0.473,-0.79,-0.619,-0.18,-0.659,0.781,-0.496,0.293,0.808,-0.641,-0.74,-0.678,-0.63,0.778,-0.777,0.18,0.297,-0.701,-0.3,-0.577,0.604,-0.82,-0.65,-0.485,-0.624,-0.774,0.544,-0.865,-0.712,0.365,0.929,-0.516,-0.55,-0.816,-0.667,0.649,-0.643,-0.712,-0.512,0.687,0.05,0.485,0.894,-0.794,-0.568,-0.51,0.75,-0.572,0.714,0.331,-0.61,-0.431,-0.94,-0.168,-0.9,-0.732,-0.728,0.095,0.235,-0.644,0.624,-0.38,-0.468,-0.451,0.327,-0.145,-0.59,-0.778,0.007,-0.835,-0.562,-0.44,-0.445,0.617,-0.634,0.741,-0.844,-0.656,0.093,-0.595,-0.51,-0.432,-0.037,0.29,-0.723,-0.765,0.77,-0.265,-0.734,0.119,-0.497,-0.779,-0.763,-0.169,-0.865,-0.074,-0.302,-0.84,-0.488,-0.765,-0.739,-0.073,-0.42,-0.782,0.405,-0.335,0.001,-0.131,0.148,-0.777,-0.866,-0.771,0.056,0.817,-0.644,-0.903,0.584,-0.533,-0.638,-0.287,-0.595,-0.888,-0.877,-0.766,-0.317,-0.81,0.436,0.643,-0.429,-0.387,-0.561,-0.679,-0.7,-0.745,-0.832,-0.558,-0.694,0.764,0.485,-0.874,-0.571,-0.624,-0.552,-0.434,-0.391,0.011,0.291,-0.773,-0.934,0.875,0.079
AUPH,-0.521,0.735,0.371,0.533,0.209,0.616,-0.528,0.561,-0.295,0.558,0.449,-0.301,-0.658,0.0,0.131,0.441,0.473,0.166,0.529,0.345,0.088,-0.201,0.328,0.23,0.501,-0.468,-0.546,0.476,0.428,-0.578,0.485,0.5,0.353,-0.57,0.327,-0.272,0.422,-0.326,-0.127,0.38,-0.573,0.654,0.574,0.594,-0.128,-0.158,-0.11,0.486,0.139,0.277,0.466,0.45,0.13,0.54,-0.544,0.471,-0.037,-0.611,0.475,0.509,0.523,0.36,-0.341,0.616,-0.011,-0.268,0.529,0.291,0.471,-0.324,0.577,0.439,0.487,0.612,0.512,-0.464,0.653,0.556,-0.336,-0.594,0.471,0.557,0.564,0.561,-0.431,0.399,0.598,0.438,-0.296,0.16,-0.295,-0.528,0.578,0.274,0.349,-0.445,0.366,-0.343,-0.12,0.579,0.242,0.686,-0.033,0.637,0.465,0.561,-0.076,-0.137,0.455,-0.284,0.245,0.329,0.327,-0.244,0.166,0.381,0.558,0.063,0.598,0.528,0.351,0.36,-0.344,0.633,-0.592,0.554,0.489,0.097,0.277,0.452,0.238,0.032,-0.075,0.417,0.556,-0.366,0.367,0.559,0.027,0.226,0.628,0.509,0.237,0.562,0.069,0.342,0.622,0.366,0.608,0.517,0.286,0.345,0.556,-0.131,0.486,0.14,-0.089,0.083,0.67,0.627,0.555,0.079,-0.413,0.443,0.693,-0.322,0.263,0.382,0.368,0.519,0.632,0.677,0.519,0.307,0.515,-0.164,-0.129,0.369,0.339,0.428,0.398,0.459,0.499,0.634,0.609,0.43,-0.409,-0.332,0.605,0.406,0.33,0.47,0.231,0.341,-0.033,-0.174,0.608,0.685,-0.472,0.056
AVXL,0.449,-0.14,-0.262,0.221,0.148,-0.242,-0.103,0.221,0.395,0.339,0.229,0.56,-0.085,0.131,0.0,0.246,-0.068,-0.35,0.034,-0.298,-0.36,0.192,0.084,0.274,-0.447,0.179,0.468,0.432,0.17,-0.093,-0.4,-0.428,0.157,0.531,0.176,-0.435,-0.223,-0.28,0.609,-0.367,-0.157,0.141,-0.033,-0.049,0.181,-0.149,0.462,-0.411,0.847,0.042,-0.059,-0.144,0.217,-0.056,-0.077,-0.586,-0.454,0.135,-0.482,0.432,-0.454,-0.309,0.002,-0.279,-0.371,0.025,-0.06,0.687,0.538,-0.039,-0.247,-0.296,0.234,0.212,-0.089,0.564,-0.006,-0.305,0.706,-0.299,0.204,0.482,0.029,0.249,0.117,0.648,0.016,-0.672,-0.166,-0.165,-0.029,0.12,-0.321,-0.063,0.635,-0.595,0.046,0.47,0.727,0.376,0.407,-0.112,0.448,-0.12,0.289,0.045,0.534,0.134,0.011,0.325,-0.504,-0.424,-0.193,0.646,0.901,0.219,-0.006,0.488,-0.232,-0.48,-0.192,0.179,0.281,-0.347,0.199,-0.162,0.211,0.262,0.047,-0.25,0.072,0.93,-0.096,0.087,-0.369,-0.235,0.551,0.102,0.117,-0.628,0.044,-0.337,0.171,-0.068,-0.119,0.399,0.249,-0.275,0.223,-0.065,0.028,-0.604,-0.225,-0.069,-0.425,0.344,0.315,0.531,-0.127,-0.039,-0.307,-0.023,-0.048,-0.214,-0.21,-0.538,-0.005,-0.114,-0.265,0.027,-0.133,-0.141,-0.184,-0.399,0.094,-0.1,-0.121,-0.081,-0.538,-0.535,-0.038,0.552,-0.265,-0.155,0.46,0.259,0.225,0.543,0.277,-0.019,0.66,-0.314,0.711,-0.144,0.525,0.55,0.277,0.07,0.012,0.024
AZTA,-0.307,0.516,0.522,0.566,0.189,0.559,-0.235,0.428,0.264,0.737,0.639,-0.33,-0.479,0.441,0.246,0.0,0.503,0.191,0.434,0.457,0.359,0.34,0.313,0.656,0.368,-0.272,-0.06,0.541,0.274,-0.27,0.308,0.403,0.311,-0.293,0.44,-0.499,0.255,-0.15,-0.198,0.553,-0.503,0.696,0.745,0.496,0.106,-0.167,-0.048,0.347,0.272,0.056,0.448,0.209,0.628,0.617,-0.362,0.091,0.097,-0.338,0.292,0.359,0.318,0.179,-0.348,0.459,-0.212,-0.273,0.44,0.426,0.67,-0.154,0.421,0.465,0.572,0.388,0.554,-0.366,0.49,0.424,-0.152,-0.38,0.641,0.549,0.539,0.696,-0.291,0.537,0.532,0.269,-0.296,0.365,-0.3,-0.366,0.469,0.181,0.489,-0.439,0.61,-0.271,-0.035,0.575,0.477,0.523,-0.123,0.453,0.555,0.366,0.423,0.361,0.596,0.092,0.368,0.523,0.347,-0.166,0.334,0.546,0.597,0.117,0.576,0.475,0.614,0.616,0.195,0.496,-0.473,0.468,0.531,0.389,0.385,0.53,0.108,0.158,0.233,0.623,0.418,-0.442,0.575,0.532,0.21,0.095,0.707,0.468,0.696,0.493,0.179,0.161,0.613,0.146,0.686,0.343,0.586,0.313,0.595,0.167,0.099,0.541,-0.068,0.4,0.498,0.642,0.469,0.392,-0.453,0.42,0.483,-0.361,0.273,0.386,0.442,0.714,0.48,0.531,0.578,0.162,0.48,0.01,-0.169,0.387,0.141,0.343,0.285,0.505,0.482,0.55,0.616,0.583,-0.377,-0.056,0.655,0.202,0.432,0.727,0.412,0.09,0.194,0.216,0.645,0.594,-0.351,0.454
BAND,-0.586,0.431,0.74,0.836,0.787,0.644,-0.74,0.855,-0.19,0.6,0.855,-0.772,-0.802,0.473,-0.068,0.503,0.0,-0.355,0.834,0.892,0.063,0.257,0.734,0.119,0.775,-0.72,-0.355,0.758,0.8,-0.667,0.831,0.816,0.645,-0.664,0.512,-0.21,0.809,0.043,-0.133,0.526,-0.854,0.804,0.674,0.912,-0.602,-0.736,-0.122,0.846,-0.096,0.661,0.9,0.707,0.319,0.835,-0.679,0.619,-0.27,-0.633,0.792,0.742,0.805,0.833,-0.872,0.797,0.097,-0.076,0.774,0.269,0.56,-0.738,0.862,0.733,0.183,0.679,0.813,-0.637,0.846,0.837,-0.53,-0.704,0.758,0.434,0.924,0.568,-0.641,0.557,0.508,0.542,-0.742,-0.199,-0.568,-0.882,0.823,0.848,0.392,-0.62,0.687,-0.821,-0.393,0.635,0.54,0.861,0.323,0.878,0.82,0.827,0.008,-0.126,0.76,-0.484,0.693,0.608,0.692,-0.222,0.104,0.673,0.821,0.166,0.744,0.58,0.555,0.341,-0.503,0.659,-0.553,0.949,0.756,-0.312,0.863,0.583,0.516,-0.126,-0.436,0.879,0.833,-0.826,0.176,0.895,0.183,0.656,0.633,0.756,0.08,0.904,0.363,0.466,0.81,0.69,0.817,0.861,0.287,0.478,0.87,-0.535,0.283,-0.248,0.411,-0.05,0.704,0.859,0.881,0.104,-0.912,0.838,0.845,-0.393,0.828,0.843,0.209,0.575,0.844,0.828,0.775,0.516,0.91,-0.632,-0.669,0.724,0.578,0.603,0.869,0.732,0.882,0.864,0.507,0.798,-0.894,-0.447,0.807,0.787,0.62,0.512,0.482,0.545,0.238,-0.113,0.583,0.826,-0.881,-0.023
BECN,-0.267,0.453,0.071,-0.296,-0.685,0.28,0.423,-0.453,0.039,0.105,-0.358,0.021,0.24,0.166,-0.35,0.191,-0.355,0.0,-0.294,-0.193,0.465,-0.245,-0.283,0.32,0.07,0.179,-0.231,-0.452,-0.465,0.338,-0.07,0.045,-0.487,-0.165,-0.009,-0.016,-0.3,-0.086,-0.408,0.384,0.318,-0.111,0.262,-0.2,0.533,0.724,-0.201,-0.066,-0.234,-0.431,-0.288,-0.223,0.207,-0.055,0.245,0.102,0.715,0.014,-0.017,-0.542,0.008,-0.3,0.478,0.072,0.002,-0.134,-0.077,-0.276,-0.184,0.512,-0.056,0.111,0.327,-0.293,-0.027,-0.264,-0.145,-0.029,-0.235,0.399,-0.156,-0.144,-0.263,0.085,0.075,-0.47,0.247,0.382,0.5,0.519,0.13,0.254,0.063,-0.559,-0.347,0.546,-0.018,0.118,-0.191,-0.15,-0.348,-0.074,-0.727,-0.134,-0.398,-0.255,-0.034,0.329,-0.03,0.248,0.027,0.308,-0.084,-0.505,-0.44,-0.127,-0.044,-0.461,0.145,0.338,0.258,0.112,0.313,0.213,-0.215,-0.213,-0.142,0.508,-0.475,0.234,-0.264,-0.39,0.64,-0.267,0.032,0.492,0.097,-0.293,-0.101,-0.031,0.149,0.108,0.4,-0.221,-0.209,-0.436,-0.2,-0.233,-0.212,-0.265,0.332,0.426,-0.047,0.692,0.474,0.473,-0.751,-0.061,0.083,-0.089,-0.037,0.306,0.435,-0.108,-0.004,0.405,-0.461,-0.237,0.47,0.226,-0.088,0.026,0.062,0.001,-0.37,0.705,0.718,-0.187,0.16,0.306,-0.37,-0.575,-0.055,-0.013,0.004,-0.348,0.327,-0.025,-0.211,-0.452,-0.595,0.384,-0.579,-0.219,-0.382,-0.176,-0.038,-0.104,0.41,0.534
BFC,-0.469,0.466,0.603,0.869,0.758,0.522,-0.662,0.804,-0.184,0.624,0.767,-0.657,-0.699,0.529,0.034,0.434,0.834,-0.294,0.0,0.806,-0.047,0.156,0.769,0.203,0.763,-0.573,-0.311,0.765,0.8,-0.556,0.685,0.767,0.628,-0.514,0.494,-0.042,0.789,0.147,-0.137,0.389,-0.78,0.706,0.7,0.816,-0.657,-0.66,0.081,0.735,0.04,0.741,0.835,0.798,0.216,0.747,-0.672,0.61,-0.239,-0.493,0.753,0.797,0.767,0.813,-0.8,0.701,0.297,0.083,0.789,0.38,0.587,-0.72,0.73,0.61,0.044,0.637,0.713,-0.555,0.822,0.825,-0.509,-0.62,0.722,0.45,0.857,0.46,-0.488,0.496,0.328,0.391,-0.737,-0.238,-0.622,-0.765,0.737,0.804,0.335,-0.605,0.593,-0.64,-0.352,0.723,0.561,0.762,0.377,0.761,0.825,0.844,0.072,-0.134,0.822,-0.288,0.645,0.443,0.617,-0.118,0.211,0.651,0.801,0.351,0.594,0.44,0.443,0.218,-0.478,0.566,-0.345,0.855,0.78,-0.226,0.837,0.61,0.571,-0.065,-0.532,0.814,0.777,-0.747,0.34,0.869,0.446,0.559,0.472,0.6,0.017,0.811,0.382,0.654,0.773,0.8,0.831,0.861,0.359,0.323,0.749,-0.555,0.2,-0.367,0.523,0.051,0.533,0.742,0.792,0.075,-0.827,0.784,0.755,-0.342,0.774,0.802,-0.002,0.474,0.79,0.726,0.565,0.603,0.856,-0.674,-0.612,0.835,0.551,0.455,0.83,0.714,0.743,0.756,0.584,0.729,-0.789,-0.284,0.737,0.85,0.616,0.38,0.509,0.639,0.381,0.057,0.444,0.714,-0.808,-0.126
BGC,-0.649,0.47,0.856,0.799,0.671,0.708,-0.586,0.745,-0.117,0.588,0.759,-0.856,-0.675,0.345,-0.298,0.457,0.892,-0.193,0.806,0.0,0.069,0.18,0.753,0.179,0.869,-0.635,-0.348,0.652,0.693,-0.493,0.863,0.881,0.501,-0.668,0.561,-0.081,0.793,0.237,-0.303,0.683,-0.76,0.737,0.709,0.864,-0.671,-0.563,-0.092,0.893,-0.229,0.663,0.855,0.678,0.391,0.729,-0.592,0.688,-0.052,-0.5,0.859,0.582,0.857,0.884,-0.829,0.83,0.181,0.003,0.759,0.086,0.429,-0.717,0.867,0.802,0.053,0.445,0.837,-0.733,0.779,0.893,-0.671,-0.521,0.721,0.266,0.89,0.541,-0.67,0.359,0.454,0.656,-0.742,-0.233,-0.619,-0.8,0.882,0.808,0.234,-0.421,0.77,-0.858,-0.551,0.584,0.408,0.808,0.21,0.82,0.768,0.805,0.082,0.065,0.84,-0.381,0.832,0.77,0.764,-0.416,-0.107,0.72,0.865,0.026,0.767,0.64,0.694,0.32,-0.408,0.641,-0.524,0.926,0.735,-0.254,0.844,0.65,0.483,-0.307,-0.442,0.879,0.872,-0.732,0.123,0.841,0.304,0.774,0.604,0.824,0.034,0.869,0.347,0.358,0.748,0.728,0.767,0.86,0.374,0.655,0.882,-0.493,0.321,-0.275,0.378,-0.126,0.664,0.792,0.922,0.13,-0.855,0.883,0.816,-0.153,0.819,0.874,0.234,0.63,0.814,0.816,0.753,0.587,0.852,-0.589,-0.593,0.767,0.727,0.712,0.856,0.521,0.897,0.873,0.429,0.763,-0.872,-0.444,0.696,0.75,0.448,0.591,0.308,0.487,0.256,-0.106,0.476,0.76,-0.814,0.052
BHF,-0.123,0.172,-0.008,-0.213,-0.293,0.125,0.325,-0.21,-0.232,-0.004,0.074,-0.285,0.003,0.088,-0.36,0.359,0.063,0.465,-0.047,0.069,0.0,0.373,-0.258,0.248,0.255,-0.167,-0.19,-0.169,-0.266,0.076,0.095,0.229,0.06,-0.286,-0.279,0.104,0.173,-0.13,-0.516,0.228,0.118,-0.02,0.283,-0.063,0.463,0.118,-0.288,0.155,-0.457,-0.287,0.008,0.21,-0.029,0.364,-0.057,0.233,0.358,-0.089,0.211,-0.31,0.233,-0.029,0.095,0.061,0.331,-0.376,-0.02,-0.065,0.036,0.542,-0.029,0.039,0.49,0.086,0.016,-0.271,-0.033,0.168,-0.333,0.174,-0.001,0.117,-0.079,-0.12,0.204,-0.165,0.18,0.336,0.468,0.709,0.165,0.048,0.144,-0.322,-0.374,0.308,-0.176,-0.051,-0.308,-0.287,0.161,0.1,-0.632,0.082,-0.158,-0.294,-0.288,-0.052,-0.053,-0.077,0.372,0.206,0.003,-0.262,-0.353,-0.308,-0.039,0.038,0.189,0.563,0.152,0.259,0.051,0.451,-0.172,0.057,-0.094,0.354,-0.116,0.32,-0.294,-0.439,0.748,-0.04,0.226,0.151,-0.03,-0.038,-0.08,0.207,0.095,0.073,0.655,0.047,0.374,-0.34,-0.119,0.184,0.002,-0.152,0.249,0.174,0.161,0.696,0.094,0.322,-0.574,0.253,0.063,0.1,0.075,0.654,0.058,0.021,0.129,0.05,-0.36,-0.05,0.402,0.064,0.192,0.115,0.264,0.416,-0.075,0.574,0.119,0.013,0.063,0.211,-0.262,-0.172,0.126,0.078,-0.139,-0.291,-0.082,-0.129,0.046,-0.233,-0.385,0.491,-0.282,0.277,-0.511,-0.01,0.058,0.007,0.117,0.386
BHFAL,0.273,-0.295,-0.015,0.094,0.279,-0.159,0.087,0.144,0.238,0.133,0.416,-0.115,-0.015,-0.201,0.192,0.34,0.257,-0.245,0.156,0.18,0.373,0.0,0.103,0.308,0.028,-0.086,0.415,0.312,0.083,0.076,0.022,0.075,0.331,0.155,-0.034,0.022,0.238,0.086,-0.056,-0.103,-0.086,0.116,0.168,0.055,0.057,-0.345,0.214,0.052,-0.02,0.08,0.215,0.213,0.201,0.262,-0.071,-0.129,-0.151,0.118,0.029,0.116,0.036,0.09,-0.236,-0.087,0.19,-0.117,0.015,0.363,0.342,0.067,-0.105,0.052,0.129,0.238,0.058,0.144,-0.047,0.049,0.073,-0.012,0.311,0.228,0.127,-0.043,0.153,0.319,-0.007,-0.161,-0.027,0.118,-0.005,0.006,-0.007,0.1,0.041,-0.189,0.053,0.028,0.037,-0.055,0.569,0.003,0.164,0.047,0.237,-0.057,0.16,0.003,0.074,0.016,0.296,-0.041,0.07,0.379,0.239,0.026,0.053,0.469,-0.041,0.105,0.101,0.267,0.17,0.026,0.178,0.131,0.196,0.06,0.363,0.025,-0.077,0.152,0.155,0.28,0.034,-0.276,0.112,0.252,0.113,-0.024,-0.046,-0.105,0.327,0.147,0.5,0.109,0.089,0.164,0.176,0.009,0.181,-0.25,0.144,0.109,-0.424,0.12,0.178,0.498,-0.11,0.092,0.005,0.429,-0.267,0.143,-0.05,-0.236,0.102,0.14,-0.025,-0.035,0.098,0.002,0.171,0.237,0.238,-0.034,-0.331,0.208,-0.069,-0.124,0.059,0.334,0.126,0.066,-0.024,0.142,-0.163,0.305,0.249,0.086,0.28,0.087,0.356,0.319,0.17,0.449,0.11,0.009,-0.11,0.161
BKNG,-0.397,0.377,0.7,0.844,0.749,0.441,-0.515,0.724,0.034,0.659,0.694,-0.536,-0.516,0.328,0.084,0.313,0.734,-0.283,0.769,0.753,-0.258,0.103,0.0,0.257,0.691,-0.423,-0.104,0.734,0.819,-0.351,0.649,0.686,0.532,-0.343,0.702,-0.054,0.744,0.36,0.097,0.447,-0.673,0.586,0.658,0.755,-0.744,-0.519,0.301,0.675,0.099,0.854,0.773,0.622,0.407,0.602,-0.523,0.479,-0.199,-0.3,0.655,0.745,0.656,0.807,-0.75,0.625,0.226,0.358,0.808,0.398,0.508,-0.768,0.702,0.551,-0.061,0.523,0.676,-0.498,0.751,0.749,-0.364,-0.516,0.782,0.367,0.833,0.486,-0.558,0.406,0.313,0.299,-0.75,-0.481,-0.683,-0.677,0.673,0.779,0.385,-0.525,0.668,-0.581,-0.209,0.713,0.499,0.626,0.528,0.667,0.793,0.849,0.271,0.08,0.785,-0.094,0.576,0.507,0.676,-0.014,0.177,0.767,0.817,0.31,0.46,0.259,0.512,0.084,-0.316,0.374,-0.177,0.759,0.865,-0.191,0.833,0.603,0.7,0.037,-0.658,0.829,0.663,-0.785,0.27,0.86,0.477,0.471,0.375,0.527,-0.155,0.754,0.32,0.719,0.749,0.689,0.756,0.882,0.47,0.338,0.599,-0.622,0.216,-0.33,0.61,0.035,0.459,0.601,0.708,0.099,-0.796,0.763,0.616,-0.236,0.834,0.85,-0.111,0.451,0.654,0.646,0.49,0.517,0.828,-0.703,-0.509,0.827,0.589,0.388,0.863,0.585,0.763,0.69,0.583,0.746,-0.717,-0.127,0.677,0.812,0.624,0.193,0.493,0.534,0.591,0.203,0.317,0.6,-0.711,0.075
BL,0.08,0.293,0.302,0.323,0.052,0.222,0.226,0.138,0.504,0.612,0.334,0.011,-0.03,0.23,0.274,0.656,0.119,0.32,0.203,0.179,0.248,0.308,0.257,0.0,0.184,0.114,0.246,0.386,-0.036,0.194,-0.051,0.166,0.126,0.123,0.355,-0.206,0.118,0.115,-0.228,0.375,-0.151,0.293,0.623,0.1,0.223,0.201,0.357,0.097,0.364,-0.024,0.129,0.029,0.595,0.33,-0.138,-0.165,0.17,0.199,0.015,0.137,0.062,-0.024,0.006,0.102,0.005,-0.122,0.136,0.438,0.478,0.068,0.078,0.221,0.4,0.14,0.213,-0.137,0.186,0.203,0.076,-0.013,0.493,0.534,0.209,0.381,-0.067,0.289,0.223,-0.02,-0.018,0.29,-0.145,0.051,0.195,-0.039,0.239,-0.184,0.406,0.142,0.267,0.363,0.41,0.145,-0.123,0.097,0.373,0.152,0.601,0.558,0.377,0.47,0.291,0.321,0.098,0.139,0.337,0.376,0.354,0.3,0.197,0.141,0.49,0.505,0.515,0.266,-0.021,0.129,0.412,0.565,0.177,0.305,-0.095,0.285,0.273,0.364,0.118,-0.159,0.51,0.348,0.381,-0.226,0.337,0.083,0.603,0.201,0.28,0.238,0.355,0.082,0.43,0.148,0.801,0.089,0.254,0.305,-0.091,0.541,-0.039,0.602,0.118,0.19,0.109,0.46,-0.138,0.14,0.126,-0.083,0.108,0.189,0.228,0.491,0.174,0.225,0.163,0.195,0.253,0.15,0.112,0.379,0.043,0.011,0.03,0.244,0.168,0.253,0.568,0.359,-0.024,0.399,0.351,0.101,0.208,0.363,0.309,0.1,0.383,0.633,0.363,0.191,0.002,0.667
BOKF,-0.732,0.64,0.775,0.663,0.498,0.706,-0.482,0.603,-0.353,0.527,0.599,-0.876,-0.62,0.501,-0.447,0.368,0.775,0.07,0.763,0.869,0.255,0.028,0.691,0.184,0.0,-0.646,-0.587,0.473,0.628,-0.453,0.877,0.942,0.487,-0.799,0.464,0.082,0.876,0.231,-0.445,0.694,-0.636,0.623,0.775,0.794,-0.592,-0.366,-0.132,0.928,-0.404,0.632,0.806,0.767,0.215,0.761,-0.589,0.846,0.139,-0.551,0.941,0.459,0.964,0.877,-0.682,0.845,0.416,0.025,0.81,0.019,0.298,-0.543,0.84,0.729,0.144,0.524,0.76,-0.878,0.785,0.959,-0.829,-0.434,0.621,0.283,0.783,0.421,-0.546,0.117,0.492,0.781,-0.512,-0.037,-0.562,-0.764,0.907,0.641,0.037,-0.21,0.566,-0.807,-0.661,0.475,0.297,0.818,0.013,0.812,0.594,0.741,-0.162,-0.09,0.724,-0.395,0.852,0.747,0.695,-0.486,-0.329,0.528,0.8,0.028,0.732,0.771,0.636,0.184,-0.495,0.801,-0.526,0.874,0.666,-0.142,0.678,0.777,0.492,-0.515,-0.291,0.716,0.942,-0.563,0.047,0.773,0.275,0.812,0.525,0.768,0.075,0.814,0.433,0.361,0.639,0.834,0.678,0.82,0.468,0.708,0.822,-0.321,0.51,-0.29,0.137,-0.128,0.686,0.736,0.902,0.237,-0.722,0.813,0.859,-0.038,0.627,0.829,0.265,0.535,0.854,0.836,0.691,0.794,0.74,-0.406,-0.412,0.795,0.815,0.757,0.74,0.322,0.886,0.848,0.399,0.53,-0.827,-0.509,0.611,0.71,0.188,0.613,0.054,0.664,0.003,-0.208,0.374,0.68,-0.714,0.122
BRKR,0.735,-0.428,-0.44,-0.505,-0.398,-0.629,0.708,-0.652,0.551,-0.325,-0.704,0.73,0.842,-0.468,0.179,-0.272,-0.72,0.179,-0.573,-0.635,-0.167,-0.086,-0.423,0.114,-0.646,0.0,0.628,-0.537,-0.59,0.846,-0.698,-0.637,-0.547,0.774,-0.22,0.261,-0.664,0.443,0.277,-0.316,0.821,-0.657,-0.45,-0.77,0.387,0.489,0.384,-0.709,0.301,-0.409,-0.691,-0.7,-0.064,-0.541,0.831,-0.605,0.28,0.811,-0.69,-0.562,-0.746,-0.665,0.764,-0.728,-0.031,0.359,-0.589,-0.137,-0.332,0.452,-0.748,-0.601,-0.424,-0.5,-0.655,0.544,-0.754,-0.674,0.477,0.757,-0.365,-0.366,-0.673,-0.383,0.45,-0.401,-0.637,-0.623,0.552,-0.05,0.409,0.826,-0.789,-0.459,-0.215,0.436,-0.374,0.758,0.545,-0.293,-0.399,-0.828,-0.068,-0.894,-0.513,-0.523,0.37,0.381,-0.499,0.784,-0.465,-0.405,-0.416,0.409,0.156,-0.343,-0.619,0.08,-0.773,-0.639,-0.324,-0.383,0.721,-0.581,0.651,-0.788,-0.509,0.201,-0.542,-0.515,-0.318,0.229,0.183,-0.616,-0.785,0.706,-0.001,-0.627,0.35,-0.661,-0.58,-0.717,-0.1,-0.847,-0.11,-0.118,-0.661,-0.551,-0.565,-0.647,0.027,-0.428,-0.725,0.332,-0.279,0.112,0.021,0.251,-0.687,-0.743,-0.72,0.007,0.774,-0.582,-0.821,0.499,-0.379,-0.527,-0.186,-0.379,-0.869,-0.818,-0.73,-0.445,-0.739,0.32,0.644,-0.355,-0.488,-0.607,-0.558,-0.486,-0.752,-0.765,-0.22,-0.451,0.797,0.478,-0.75,-0.45,-0.36,-0.551,-0.218,-0.534,0.231,0.393,-0.616,-0.78,0.873,0.151
CACC,0.742,-0.621,-0.346,-0.211,0.008,-0.608,0.505,-0.272,0.694,-0.107,-0.178,0.564,0.62,-0.546,0.468,-0.06,-0.355,-0.231,-0.311,-0.348,-0.19,0.415,-0.104,0.246,-0.587,0.628,0.0,0.009,-0.296,0.632,-0.587,-0.539,-0.184,0.851,-0.063,0.056,-0.415,0.31,0.377,-0.393,0.429,-0.387,-0.306,-0.516,0.219,0.037,0.513,-0.609,0.426,-0.129,-0.418,-0.394,0.213,-0.364,0.428,-0.644,-0.169,0.717,-0.588,-0.121,-0.62,-0.422,0.318,-0.625,-0.033,0.262,-0.462,0.27,0.068,0.219,-0.604,-0.421,-0.292,-0.294,-0.423,0.704,-0.528,-0.566,0.663,0.444,0.004,-0.109,-0.359,-0.249,0.448,0.092,-0.535,-0.722,0.174,-0.234,0.122,0.597,-0.62,-0.182,0.083,0.055,-0.138,0.604,0.605,-0.101,0.218,-0.668,0.312,-0.591,-0.106,-0.378,0.56,0.399,-0.222,0.648,-0.282,-0.424,-0.198,0.659,0.485,-0.085,-0.389,0.391,-0.629,-0.605,-0.285,-0.042,0.643,-0.691,0.685,-0.507,-0.122,0.116,-0.086,-0.439,-0.223,0.508,0.016,-0.178,-0.642,0.175,0.213,-0.247,0.27,-0.578,-0.48,-0.626,-0.012,-0.461,-0.008,0.052,-0.303,-0.364,-0.23,-0.376,0.055,-0.595,-0.485,0.118,-0.649,0.145,0.351,0.494,-0.602,-0.534,-0.567,0.115,0.314,-0.353,-0.696,0.045,-0.097,-0.344,-0.413,-0.281,-0.604,-0.612,-0.487,-0.354,-0.288,0.059,0.165,-0.164,-0.434,-0.637,-0.306,0.005,-0.517,-0.514,-0.138,-0.11,0.482,0.712,-0.315,-0.264,0.119,-0.494,0.338,-0.279,0.588,0.686,-0.341,-0.517,0.465,0.101
CAR,-0.252,0.289,0.508,0.853,0.742,0.412,-0.573,0.828,0.087,0.732,0.868,-0.361,-0.696,0.476,0.432,0.541,0.758,-0.452,0.765,0.652,-0.169,0.312,0.734,0.386,0.473,-0.537,0.009,0.0,0.738,-0.571,0.448,0.471,0.648,-0.212,0.558,-0.378,0.619,-0.081,0.114,0.279,-0.844,0.721,0.599,0.718,-0.456,-0.625,0.254,0.509,0.403,0.634,0.699,0.57,0.425,0.631,-0.769,0.206,-0.451,-0.351,0.423,0.904,0.474,0.582,-0.733,0.504,-0.04,-0.042,0.614,0.583,0.775,-0.639,0.595,0.46,0.289,0.606,0.654,-0.22,0.739,0.576,-0.042,-0.767,0.792,0.723,0.799,0.589,-0.454,0.803,0.386,0.074,-0.744,-0.272,-0.561,-0.642,0.583,0.66,0.648,-0.837,0.643,-0.401,0.062,0.774,0.748,0.658,0.509,0.717,0.931,0.716,0.387,0.093,0.732,-0.125,0.397,0.316,0.494,0.163,0.551,0.728,0.759,0.473,0.511,0.223,0.413,0.459,-0.24,0.318,-0.291,0.718,0.837,0.016,0.799,0.423,0.453,0.416,-0.452,0.841,0.525,-0.843,0.497,0.875,0.286,0.216,0.545,0.448,0.194,0.799,0.292,0.608,0.899,0.516,0.883,0.765,0.376,0.083,0.63,-0.482,-0.049,-0.002,0.562,0.346,0.48,0.66,0.572,0.094,-0.816,0.589,0.61,-0.619,0.687,0.655,-0.08,0.539,0.691,0.659,0.508,0.329,0.894,-0.595,-0.649,0.64,0.246,0.179,0.694,0.895,0.596,0.692,0.699,0.836,-0.623,-0.008,0.858,0.677,0.865,0.277,0.824,0.427,0.595,0.356,0.63,0.724,-0.766,0.054
CDNA,-0.47,0.372,0.572,0.843,0.75,0.473,-0.765,0.808,-0.207,0.592,0.699,-0.538,-0.731,0.428,0.17,0.274,0.8,-0.465,0.8,0.693,-0.266,0.083,0.819,-0.036,0.628,-0.59,-0.296,0.738,0.0,-0.637,0.709,0.64,0.649,-0.464,0.67,-0.167,0.734,0.071,0.252,0.284,-0.786,0.647,0.528,0.831,-0.705,-0.658,0.089,0.672,0.072,0.834,0.826,0.676,0.205,0.62,-0.631,0.516,-0.366,-0.529,0.66,0.833,0.657,0.784,-0.824,0.673,0.112,0.357,0.888,0.365,0.516,-0.804,0.73,0.522,0.013,0.708,0.692,-0.485,0.817,0.715,-0.342,-0.719,0.659,0.362,0.846,0.518,-0.546,0.543,0.413,0.312,-0.786,-0.459,-0.63,-0.827,0.661,0.782,0.514,-0.682,0.566,-0.629,-0.255,0.671,0.51,0.732,0.583,0.759,0.798,0.867,0.052,-0.21,0.693,-0.355,0.402,0.35,0.669,-0.02,0.225,0.686,0.762,0.266,0.501,0.307,0.34,-0.055,-0.594,0.416,-0.331,0.817,0.79,-0.319,0.808,0.53,0.867,0.068,-0.684,0.744,0.678,-0.789,0.242,0.818,0.265,0.499,0.417,0.561,-0.2,0.767,0.215,0.697,0.768,0.652,0.719,0.862,0.151,0.261,0.595,-0.699,0.281,-0.416,0.573,-0.047,0.577,0.688,0.721,-0.06,-0.817,0.722,0.709,-0.478,0.781,0.822,-0.053,0.325,0.73,0.694,0.543,0.416,0.828,-0.734,-0.666,0.671,0.481,0.414,0.888,0.691,0.719,0.689,0.526,0.705,-0.752,-0.293,0.725,0.813,0.718,0.165,0.495,0.536,0.386,-0.03,0.403,0.716,-0.817,-0.141
CG,0.62,-0.428,-0.322,-0.567,-0.428,-0.573,0.827,-0.72,0.558,-0.36,-0.663,0.499,0.944,-0.578,-0.093,-0.27,-0.667,0.338,-0.556,-0.493,0.076,0.076,-0.351,0.194,-0.453,0.846,0.632,-0.571,-0.637,0.0,-0.569,-0.455,-0.519,0.651,-0.226,0.424,-0.503,0.522,0.041,-0.199,0.846,-0.679,-0.329,-0.738,0.364,0.523,0.378,-0.545,-0.045,-0.384,-0.652,-0.554,0.056,-0.489,0.747,-0.428,0.389,0.803,-0.514,-0.692,-0.554,-0.517,0.691,-0.631,0.204,0.358,-0.538,-0.241,-0.431,0.537,-0.681,-0.466,-0.429,-0.555,-0.592,0.381,-0.751,-0.541,0.242,0.93,-0.307,-0.459,-0.651,-0.486,0.514,-0.585,-0.603,-0.397,0.592,0.053,0.393,0.815,-0.631,-0.479,-0.459,0.703,-0.343,0.631,0.282,-0.455,-0.338,-0.819,-0.181,-0.796,-0.568,-0.57,0.275,0.421,-0.434,0.718,-0.192,-0.236,-0.278,0.262,-0.128,-0.373,-0.569,0.035,-0.7,-0.439,-0.181,-0.367,0.706,-0.481,0.653,-0.695,-0.468,0.187,-0.44,-0.336,-0.333,-0.053,0.299,-0.538,-0.618,0.683,-0.16,-0.558,0.302,-0.432,-0.639,-0.615,-0.038,-0.741,0.036,-0.21,-0.684,-0.393,-0.598,-0.597,0.175,-0.257,-0.624,0.429,-0.235,0.057,-0.103,0.249,-0.661,-0.725,-0.609,0.224,0.706,-0.461,-0.784,0.62,-0.391,-0.446,-0.134,-0.397,-0.77,-0.73,-0.627,-0.205,-0.671,0.417,0.643,-0.23,-0.246,-0.416,-0.53,-0.626,-0.579,-0.673,-0.365,-0.524,0.666,0.503,-0.742,-0.465,-0.541,-0.409,-0.391,-0.338,0.139,0.415,-0.664,-0.813,0.813,0.292
CGBD,-0.81,0.614,0.804,0.68,0.513,0.783,-0.676,0.704,-0.326,0.491,0.59,-0.883,-0.702,0.485,-0.4,0.308,0.831,-0.07,0.685,0.863,0.095,0.022,0.649,-0.051,0.877,-0.698,-0.587,0.448,0.709,-0.569,0.0,0.908,0.471,-0.853,0.531,-0.018,0.771,0.135,-0.251,0.655,-0.68,0.716,0.64,0.882,-0.636,-0.454,-0.268,0.913,-0.424,0.651,0.835,0.652,0.258,0.668,-0.513,0.821,-0.016,-0.706,0.926,0.462,0.916,0.884,-0.769,0.92,0.188,0.035,0.817,-0.055,0.293,-0.678,0.894,0.809,0.083,0.579,0.82,-0.833,0.773,0.891,-0.784,-0.517,0.601,0.108,0.83,0.539,-0.69,0.213,0.592,0.822,-0.643,-0.238,-0.554,-0.863,0.894,0.704,0.169,-0.293,0.641,-0.896,-0.698,0.448,0.225,0.84,0.17,0.839,0.572,0.794,-0.199,-0.173,0.686,-0.588,0.724,0.737,0.801,-0.523,-0.319,0.601,0.786,-0.166,0.772,0.766,0.609,0.153,-0.597,0.737,-0.629,0.907,0.632,-0.368,0.7,0.639,0.551,-0.482,-0.399,0.714,0.917,-0.602,-0.023,0.741,0.059,0.826,0.58,0.861,-0.102,0.8,0.202,0.326,0.645,0.674,0.605,0.8,0.208,0.743,0.83,-0.467,0.582,-0.354,0.173,-0.304,0.802,0.79,0.95,0.119,-0.751,0.857,0.865,-0.072,0.701,0.826,0.383,0.518,0.816,0.854,0.803,0.563,0.738,-0.493,-0.485,0.642,0.837,0.861,0.838,0.361,0.908,0.868,0.319,0.596,-0.855,-0.587,0.617,0.691,0.296,0.569,0.04,0.506,-0.025,-0.408,0.457,0.759,-0.77,-0.009
