,ACET,ADAP,ADI,ADPT,ADTN,AGEN,ALGN,ALLK,AMD,AMWD,ARDX,ARQT,ASTE,AUPH,AVXL,AZTA,BAND,BECN,BFC,BGC,BHF,BHFAL,BKNG,BL,BOKF,BRKR,CACC,CAR,CDNA,CG,CGBD,CHI,CHTR,CHX,CLNE,CME,CNOB,CNXN,CPRX,CSGP,CSGS,CSIQ,CVCO,CVLT,CYRX,DDOG,DOOO,DSGX,DTIL,ECPG,EEFT,EFSC,ENTG,ESPR,ETSY,EXC,FAMI,FFIV,FITB,FIZZ,FMBH,FOX,FTNT,FULT,GABC,GEN,GH,GMAB,GNPX,GO,GOGL,GOOG,GPRO,GSHD,GSM,GWAV,HAIN,HBAN,HEPA,HURN,HWKN,IBIO,ICFI,IGMS,IMKTA,INCY,INO,IRDM,IRTC,IRWD,ITCI,JACK,JD,JJSF,KALA,KHC,KLAC,KRRO,KRYS,LANC,LBTYA,LIVN,LKCO,LNTH,LOGI,LPRO,LRCX,LSCC,LSTR,MAR,MARA,MCHP,MEOH,META,MGTX,MKSI,MMYT,MORN,MRUS,MTLS,MTSI,MVIS,MXL,NBIX,NFE,NMIH,NMRK,NNDM,NSIT,NTCT,NVAX,OCUL,ODP,OLED,ONB,OTEX,PACB,PATK,PAYX,PEP,PERI,PI,PLYA,PRDO,PRGS,PTGX,QCOM,QCRH,QDEL,QFIN,RGEN,RILY,RPAY,RPD,SABR,SEDG,SHEN,SIRI,SLNO,SNDL,SNEX,SONO,SPT,SSNC,STGW,STKL,STRL,STX,SWTX,SYNA,TFSL,TIGR,TNXP,TOWN,TRI,TRIP,TRMB,TRNS,TRS,TSCO,TSEM,TVTX,TXRH,VC,VCEL,VECO,VIAV,VICR,VIR,VRTX,VSTM,VTRS,WDFC,WSBC,WSC,WYNN,XENE,XNCR,XRAY,ZS
ACET,0.0,0.89,-0.264,-0.175,0.635,0.205,0.506,-0.42,0.341,0.018,0.57,0.899,0.105,-0.295,-0.62,0.499,0.66,0.487,-0.622,0.58,-0.328,0.446,0.171,-0.6,0.472,-0.082,0.667,-0.766,0.476,0.142,0.798,0.271,0.15,-0.537,0.167,-0.497,0.377,-0.374,0.419,-0.424,-0.344,0.379,0.073,-0.266,0.006,-0.183,0.651,-0.768,-0.048,0.457,0.394,0.44,-0.128,0.603,-0.75,-0.339,0.699,-0.194,0.615,0.537,0.19,0.631,0.608,0.246,-0.011,-0.101,-0.272,0.434,0.61,-0.623,0.823,0.313,-0.605,-0.378,0.173,0.888,0.537,0.606,-0.547,-0.299,0.108,0.175,-0.702,0.799,0.828,0.704,0.955,-0.336,0.509,0.883,0.623,0.562,0.185,-0.858,-0.113,0.676,-0.227,-0.314,0.583,-0.42,0.829,0.31,-0.816,-0.249,0.372,0.446,-0.009,-0.03,0.089,0.545,0.545,-0.572,0.282,0.507,0.617,0.521,-0.007,-0.206,0.823,-0.341,-0.447,0.29,0.303,0.796,-0.229,0.529,0.517,-0.075,-0.237,-0.484,-0.507,0.758,0.357,-0.147,0.266,-0.14,-0.047,0.415,-0.689,0.505,-0.054,-0.23,0.465,-0.239,-0.55,0.658,-0.025,0.165,0.537,0.568,0.141,-0.101,0.406,-0.75,0.366,-0.094,0.303,0.479,0.126,0.772,0.657,-0.308,-0.264,0.36,0.573,0.645,0.303,-0.17,0.855,-0.288,0.064,-0.035,-0.329,0.191,0.556,0.537,0.354,0.209,-0.609,0.251,0.192,0.41,0.368,-0.567,-0.262,-0.23,0.501,-0.171,0.583,0.666,0.802,0.946,-0.414,0.303,0.146,0.879,0.777,0.584,0.714,0.03
ADAP,0.89,0.0,-0.369,-0.253,0.472,0.324,0.326,-0.489,0.331,-0.113,0.394,0.829,-0.13,-0.415,-0.639,0.389,0.535,0.306,-0.546,0.689,-0.428,0.223,0.042,-0.601,0.246,-0.276,0.493,-0.854,0.478,-0.094,0.625,0.156,0.111,-0.703,0.12,-0.264,0.158,-0.45,0.482,-0.545,-0.411,0.305,-0.018,-0.313,-0.244,-0.337,0.585,-0.719,-0.013,0.326,0.313,0.248,-0.258,0.592,-0.809,-0.159,0.681,-0.279,0.37,0.422,0.057,0.473,0.435,0.092,-0.305,-0.327,-0.394,0.541,0.602,-0.591,0.75,0.307,-0.657,-0.405,0.04,0.869,0.484,0.342,-0.537,-0.007,-0.111,0.178,-0.545,0.71,0.826,0.519,0.927,-0.258,0.32,0.726,0.6,0.232,0.211,-0.751,0.15,0.693,-0.337,-0.572,0.525,-0.413,0.851,0.143,-0.817,-0.179,0.223,0.369,-0.123,-0.187,-0.055,0.409,0.517,-0.652,0.108,0.425,0.673,0.418,-0.058,-0.179,0.742,-0.33,-0.506,0.189,0.241,0.847,-0.126,0.39,0.426,-0.063,-0.509,-0.656,-0.53,0.746,0.304,-0.229,0.032,-0.18,-0.152,0.334,-0.778,0.562,-0.225,-0.293,0.427,0.081,-0.679,0.664,-0.125,-0.034,0.392,0.709,-0.062,0.074,0.326,-0.803,0.151,-0.266,0.447,0.267,0.177,0.845,0.633,-0.402,-0.392,0.183,0.487,0.649,0.265,-0.219,0.801,-0.437,-0.132,0.152,-0.515,0.008,0.736,0.414,0.208,0.205,-0.731,0.111,0.014,0.502,0.383,-0.641,-0.356,-0.338,0.337,-0.226,0.447,0.427,0.705,0.836,-0.3,0.175,-0.062,0.708,0.756,0.46,0.567,-0.14
ADI,-0.264,-0.369,0.0,0.814,0.476,0.141,0.548,0.043,0.657,0.86,0.328,-0.157,0.811,0.79,0.741,0.571,0.385,0.519,0.569,0.087,0.538,0.582,0.789,0.815,0.61,0.869,0.424,0.556,0.432,0.817,-0.165,0.724,0.679,0.769,0.691,0.413,0.67,0.822,0.289,0.941,0.824,0.58,0.782,0.849,0.699,0.89,0.32,0.543,-0.358,0.503,0.487,0.586,0.941,0.347,0.573,-0.438,-0.197,0.901,0.46,-0.248,0.706,-0.189,0.447,0.726,0.714,0.862,0.797,-0.251,-0.377,-0.107,-0.029,0.249,0.634,0.762,0.749,-0.168,0.268,0.496,0.477,-0.425,0.788,0.305,-0.199,-0.064,-0.423,0.1,-0.298,0.713,0.524,-0.105,0.352,0.295,0.544,0.337,0.03,-0.5,0.955,0.312,0.466,0.165,-0.055,0.719,0.195,-0.232,0.641,0.489,0.898,0.911,0.745,0.555,0.303,0.904,0.622,0.369,0.088,0.558,0.626,0.845,0.029,0.741,0.926,0.539,0.682,-0.032,0.625,0.437,0.519,0.558,0.66,0.84,-0.081,0.076,0.524,0.886,0.708,0.867,0.748,0.527,0.178,-0.203,0.788,0.887,0.46,-0.424,0.838,0.213,0.92,0.762,0.483,0.109,0.805,-0.651,0.601,0.785,0.642,0.821,0.041,0.543,0.596,0.017,0.255,0.902,0.8,0.737,0.472,0.168,0.637,0.881,-0.012,0.902,0.845,-0.013,0.465,0.756,-0.123,0.358,0.708,0.658,0.618,0.072,0.682,0.18,0.506,0.858,0.804,0.937,0.571,0.895,0.362,0.37,0.019,-0.209,0.496,0.69,0.789,0.018,0.162,0.159,0.347,0.859
ADPT,-0.175,-0.253,0.814,0.0,0.483,0.338,0.57,0.078,0.608,0.828,0.356,-0.066,0.741,0.7,0.719,0.604,0.411,0.553,0.632,0.196,0.715,0.586,0.689,0.809,0.645,0.851,0.461,0.451,0.595,0.753,-0.003,0.735,0.709,0.69,0.78,0.369,0.74,0.724,0.388,0.801,0.835,0.625,0.779,0.785,0.854,0.799,0.375,0.407,-0.212,0.599,0.528,0.702,0.847,0.416,0.443,-0.307,-0.182,0.721,0.464,-0.263,0.731,0.064,0.427,0.764,0.748,0.733,0.77,0.088,-0.199,-0.062,0.033,0.325,0.711,0.741,0.846,-0.139,0.341,0.503,0.312,-0.342,0.736,0.446,-0.147,0.047,-0.229,0.098,-0.205,0.806,0.548,0.008,0.393,0.341,0.57,0.302,0.093,-0.471,0.806,0.288,0.481,0.219,0.101,0.757,0.111,-0.176,0.562,0.526,0.777,0.806,0.696,0.454,0.416,0.742,0.595,0.398,0.197,0.571,0.459,0.846,0.136,0.784,0.821,0.69,0.685,0.054,0.662,0.534,0.545,0.667,0.506,0.773,-0.035,0.148,0.501,0.79,0.797,0.836,0.805,0.557,0.074,-0.183,0.742,0.867,0.488,-0.259,0.759,0.32,0.821,0.798,0.581,0.214,0.818,-0.579,0.666,0.662,0.683,0.797,0.265,0.503,0.554,0.163,0.308,0.846,0.739,0.71,0.504,0.359,0.629,0.868,0.091,0.776,0.806,0.105,0.237,0.841,0.008,0.404,0.665,0.674,0.566,0.099,0.609,0.323,0.521,0.736,0.812,0.8,0.545,0.87,0.542,0.381,0.203,-0.108,0.574,0.793,0.732,0.074,0.215,0.289,0.418,0.746
ADTN,0.635,0.472,0.476,0.483,0.0,0.314,0.949,-0.506,0.713,0.73,0.796,0.748,0.784,0.371,0.022,0.921,0.932,0.9,-0.089,0.668,0.007,0.904,0.789,0.098,0.933,0.637,0.968,-0.329,0.815,0.777,0.55,0.816,0.765,0.197,0.74,-0.094,0.876,0.379,0.743,0.346,0.417,0.909,0.764,0.503,0.537,0.493,0.909,-0.366,-0.423,0.913,0.825,0.913,0.614,0.87,-0.212,-0.76,0.562,0.557,0.942,0.329,0.768,0.457,0.914,0.854,0.616,0.628,0.262,0.162,0.22,-0.66,0.804,0.646,-0.072,0.317,0.769,0.703,0.675,0.927,-0.288,-0.637,0.786,0.547,-0.793,0.733,0.475,0.713,0.588,0.291,0.872,0.777,0.869,0.711,0.704,-0.504,-0.083,0.152,0.485,-0.001,0.902,-0.358,0.744,0.868,-0.664,-0.589,0.753,0.907,0.683,0.703,0.759,0.861,0.815,0.098,0.846,0.802,0.726,0.943,0.475,0.431,0.819,0.291,0.345,0.658,0.852,0.715,0.289,0.878,0.954,0.45,0.336,0.259,-0.637,0.831,0.851,0.598,0.816,0.522,0.654,0.887,-0.551,0.342,0.517,0.503,0.846,-0.467,0.194,0.853,0.685,0.781,0.937,0.598,0.807,-0.585,0.91,-0.065,0.798,0.658,0.479,0.82,0.491,0.691,0.872,0.385,0.453,0.883,0.949,0.783,0.845,0.499,0.755,0.488,0.746,-0.166,0.042,0.782,0.384,0.869,0.921,0.799,-0.112,0.069,0.749,0.559,0.76,0.18,0.374,0.542,0.959,0.587,0.873,0.919,0.793,0.724,0.033,0.844,0.827,0.835,0.853,0.794,0.967,0.687
AGEN,0.205,0.324,0.141,0.338,0.314,0.0,0.284,-0.334,0.467,0.3,0.183,0.245,0.192,-0.04,0.042,0.387,0.252,0.305,0.35,0.591,0.245,0.224,0.356,0.187,0.275,0.213,0.362,-0.203,0.584,0.092,0.129,0.332,0.363,-0.093,0.398,0.385,0.251,0.164,0.528,0.114,0.281,0.397,0.38,0.263,0.146,0.082,0.38,0.029,-0.117,0.341,0.414,0.387,0.227,0.458,-0.052,0.02,0.199,0.207,0.127,0.203,0.275,0.001,0.32,0.388,0.029,0.063,0.205,0.364,0.017,-0.3,0.242,0.382,0.012,0.394,0.427,0.203,0.559,0.12,0.005,0.271,0.219,0.31,-0.017,0.25,0.302,0.345,0.232,0.413,0.317,0.191,0.579,-0.019,0.324,0.021,0.293,0.134,0.176,-0.362,0.511,0.016,0.475,0.385,-0.34,-0.084,0.286,0.414,0.22,0.236,0.267,0.271,0.422,0.025,0.244,0.38,0.54,0.39,0.148,0.446,0.339,0.296,0.206,0.303,0.427,0.514,0.284,0.415,0.409,0.256,-0.181,-0.042,-0.358,0.42,0.384,0.268,0.248,0.356,0.338,0.408,-0.39,0.317,0.319,0.232,0.481,0.303,0.07,0.465,0.287,0.308,0.419,0.39,0.293,-0.286,0.472,-0.024,0.266,0.165,0.587,0.385,0.468,0.47,0.483,0.266,0.115,0.35,0.408,0.618,0.51,0.4,0.405,0.05,0.267,0.037,-0.378,0.355,0.637,0.311,0.303,0.53,-0.022,-0.109,0.318,0.553,0.494,0.038,0.209,0.256,0.344,0.357,0.416,0.232,0.36,0.234,0.421,0.441,0.179,0.209,0.439,0.296,0.371,0.216
ALGN,0.506,0.326,0.548,0.57,0.949,0.284,0.0,-0.521,0.738,0.811,0.847,0.625,0.86,0.515,0.201,0.956,0.931,0.96,0.014,0.626,0.113,0.899,0.856,0.263,0.933,0.744,0.945,-0.249,0.835,0.839,0.575,0.898,0.754,0.324,0.752,-0.004,0.92,0.536,0.703,0.453,0.497,0.933,0.843,0.644,0.63,0.651,0.901,-0.286,-0.59,0.954,0.911,0.927,0.73,0.883,-0.042,-0.838,0.474,0.664,0.935,0.16,0.784,0.365,0.916,0.901,0.718,0.738,0.293,0.108,0.126,-0.692,0.743,0.756,0.009,0.487,0.805,0.548,0.548,0.896,-0.33,-0.648,0.862,0.637,-0.788,0.741,0.307,0.582,0.476,0.354,0.934,0.652,0.818,0.675,0.733,-0.452,-0.042,-0.089,0.568,0.117,0.868,-0.421,0.651,0.904,-0.603,-0.713,0.733,0.929,0.782,0.797,0.873,0.847,0.862,0.204,0.942,0.89,0.684,0.958,0.431,0.532,0.772,0.429,0.473,0.691,0.907,0.597,0.304,0.899,0.954,0.576,0.403,0.412,-0.674,0.744,0.901,0.724,0.821,0.652,0.745,0.935,-0.489,0.13,0.508,0.586,0.871,-0.479,0.329,0.798,0.769,0.829,0.946,0.474,0.874,-0.659,0.925,0.09,0.859,0.755,0.455,0.757,0.502,0.563,0.822,0.522,0.64,0.911,0.938,0.754,0.883,0.578,0.619,0.629,0.817,-0.282,0.071,0.832,0.349,0.937,0.96,0.805,-0.03,-0.049,0.744,0.444,0.829,0.296,0.361,0.643,0.95,0.699,0.783,0.866,0.781,0.622,0.088,0.878,0.886,0.747,0.792,0.662,0.944,0.784
ALLK,-0.42,-0.489,0.043,0.078,-0.506,-0.334,-0.521,0.0,-0.336,-0.271,-0.42,-0.583,-0.258,0.093,0.162,-0.552,-0.531,-0.55,0.108,-0.732,0.424,-0.28,-0.435,0.123,-0.318,-0.05,-0.534,0.7,-0.594,-0.129,-0.398,-0.41,-0.369,0.222,-0.319,-0.203,-0.256,-0.234,-0.693,0.11,-0.065,-0.567,-0.455,-0.27,0.159,-0.03,-0.687,0.523,0.645,-0.549,-0.693,-0.384,-0.159,-0.677,0.223,0.574,-0.583,-0.251,-0.354,-0.242,-0.217,-0.024,-0.563,-0.368,-0.033,-0.114,0.353,-0.029,0.026,0.759,-0.684,-0.768,0.515,-0.256,-0.218,-0.544,-0.174,-0.239,0.624,0.112,-0.309,-0.534,0.528,-0.651,-0.458,-0.355,-0.518,0.008,-0.475,-0.432,-0.627,-0.024,-0.506,0.487,-0.286,-0.058,-0.009,0.199,-0.578,0.762,-0.664,-0.301,0.772,0.677,-0.18,-0.665,-0.278,-0.254,-0.479,-0.393,-0.732,0.336,-0.561,-0.689,-0.779,-0.58,-0.132,-0.141,-0.629,-0.088,-0.031,-0.076,-0.559,-0.663,0.017,-0.58,-0.629,-0.22,0.193,0.158,0.847,-0.712,-0.714,-0.247,-0.068,-0.189,-0.354,-0.675,0.733,-0.252,0.159,0.025,-0.728,-0.183,0.17,-0.672,-0.256,-0.246,-0.544,-0.427,-0.245,0.238,-0.535,0.28,-0.241,-0.217,-0.61,-0.279,-0.125,-0.487,-0.736,0.039,-0.176,-0.325,-0.637,-0.641,-0.626,-0.09,-0.461,-0.102,-0.233,0.317,0.436,-0.221,-0.593,-0.71,-0.484,-0.536,0.472,0.567,-0.269,-0.389,-0.662,0.157,0.306,-0.169,-0.511,-0.232,-0.286,-0.393,-0.542,-0.588,0.056,-0.342,-0.284,-0.528,-0.667,-0.405,-0.56,-0.216
AMD,0.341,0.331,0.657,0.608,0.713,0.467,0.738,-0.336,0.0,0.694,0.686,0.383,0.656,0.49,0.355,0.823,0.721,0.727,0.206,0.562,0.306,0.633,0.832,0.42,0.698,0.65,0.73,-0.088,0.775,0.672,0.379,0.824,0.661,0.179,0.673,0.273,0.716,0.5,0.546,0.512,0.445,0.729,0.711,0.623,0.497,0.674,0.663,0.111,-0.435,0.673,0.734,0.711,0.735,0.771,0.064,-0.494,0.174,0.697,0.635,0.044,0.667,0.025,0.781,0.746,0.438,0.584,0.459,0.155,0.059,-0.613,0.46,0.511,0.07,0.522,0.715,0.337,0.572,0.621,0.093,-0.276,0.644,0.384,-0.558,0.482,0.097,0.461,0.367,0.438,0.809,0.336,0.775,0.366,0.582,-0.211,0.172,-0.042,0.708,-0.123,0.834,-0.154,0.517,0.801,-0.376,-0.39,0.827,0.68,0.801,0.732,0.664,0.873,0.696,0.419,0.658,0.757,0.534,0.824,0.528,0.759,0.567,0.498,0.532,0.648,0.82,0.569,0.394,0.705,0.764,0.481,0.28,0.337,-0.534,0.558,0.7,0.698,0.62,0.782,0.552,0.722,-0.34,0.118,0.581,0.633,0.779,-0.336,0.319,0.623,0.811,0.691,0.701,0.514,0.714,-0.631,0.786,0.204,0.783,0.518,0.317,0.697,0.793,0.577,0.675,0.656,0.554,0.853,0.781,0.616,0.815,0.734,0.566,0.552,0.707,0.043,0.006,0.709,0.555,0.657,0.801,0.726,0.072,0.151,0.641,0.554,0.83,0.295,0.439,0.655,0.764,0.699,0.563,0.62,0.548,0.353,0.311,0.774,0.644,0.502,0.698,0.308,0.695,0.803
AMWD,0.018,-0.113,0.86,0.828,0.73,0.3,0.811,-0.271,0.694,0.0,0.563,0.18,0.912,0.737,0.605,0.82,0.653,0.797,0.481,0.405,0.43,0.777,0.892,0.695,0.813,0.894,0.705,0.225,0.722,0.878,0.121,0.884,0.815,0.676,0.83,0.325,0.86,0.837,0.603,0.808,0.832,0.831,0.956,0.879,0.739,0.841,0.65,0.187,-0.49,0.8,0.78,0.831,0.936,0.641,0.368,-0.65,0.083,0.879,0.685,-0.117,0.83,0.058,0.69,0.918,0.799,0.886,0.639,-0.072,-0.234,-0.378,0.317,0.598,0.448,0.787,0.891,0.136,0.401,0.688,0.11,-0.511,0.925,0.582,-0.427,0.301,-0.104,0.281,0.003,0.714,0.746,0.219,0.617,0.437,0.732,0.064,0.082,-0.432,0.85,0.25,0.7,-0.121,0.304,0.869,-0.173,-0.491,0.665,0.796,0.924,0.953,0.923,0.664,0.628,0.642,0.86,0.652,0.445,0.803,0.559,0.816,0.38,0.758,0.843,0.682,0.888,0.261,0.62,0.739,0.797,0.685,0.556,0.754,-0.386,0.418,0.801,0.914,0.844,0.878,0.9,0.816,-0.161,-0.079,0.707,0.844,0.732,-0.341,0.736,0.55,0.938,0.883,0.776,0.291,0.934,-0.711,0.849,0.575,0.791,0.915,0.37,0.648,0.569,0.276,0.567,0.83,0.823,0.863,0.752,0.516,0.853,0.842,0.255,0.877,0.931,-0.19,0.235,0.896,0.097,0.687,0.897,0.846,0.415,-0.107,0.763,0.383,0.727,0.728,0.716,0.916,0.79,0.941,0.619,0.593,0.372,0.14,0.437,0.877,0.921,0.313,0.463,0.451,0.654,0.876
ARDX,0.57,0.394,0.328,0.356,0.796,0.183,0.847,-0.42,0.686,0.563,0.0,0.619,0.645,0.5,0.1,0.812,0.859,0.868,-0.165,0.519,0.011,0.741,0.672,0.116,0.749,0.567,0.817,-0.337,0.699,0.658,0.688,0.756,0.512,0.134,0.533,-0.156,0.775,0.348,0.527,0.246,0.202,0.738,0.611,0.452,0.511,0.531,0.773,-0.358,-0.463,0.783,0.775,0.749,0.53,0.783,-0.122,-0.738,0.43,0.5,0.833,0.151,0.558,0.409,0.855,0.698,0.548,0.596,0.152,0.24,0.338,-0.688,0.681,0.706,-0.141,0.267,0.602,0.568,0.462,0.768,-0.364,-0.532,0.662,0.546,-0.778,0.816,0.293,0.509,0.566,0.11,0.886,0.647,0.715,0.582,0.487,-0.559,0.013,0.013,0.404,0.038,0.778,-0.481,0.599,0.742,-0.578,-0.678,0.625,0.738,0.619,0.594,0.67,0.797,0.783,0.047,0.77,0.853,0.57,0.822,0.28,0.378,0.841,0.274,0.254,0.648,0.73,0.566,0.123,0.746,0.77,0.47,0.311,0.262,-0.612,0.711,0.73,0.53,0.626,0.502,0.43,0.763,-0.434,0.066,0.289,0.428,0.705,-0.458,0.167,0.711,0.568,0.597,0.765,0.331,0.659,-0.496,0.716,-0.069,0.766,0.496,0.32,0.6,0.54,0.529,0.66,0.374,0.487,0.762,0.795,0.617,0.675,0.32,0.643,0.465,0.597,-0.354,0.065,0.592,0.377,0.818,0.765,0.55,-0.195,0.012,0.518,0.457,0.721,0.095,0.143,0.426,0.784,0.469,0.638,0.746,0.826,0.626,-0.009,0.653,0.675,0.75,0.766,0.502,0.827,0.657
ARQT,0.899,0.829,-0.157,-0.066,0.748,0.245,0.625,-0.583,0.383,0.18,0.619,0.0,0.242,-0.175,-0.485,0.599,0.753,0.59,-0.523,0.673,-0.407,0.555,0.309,-0.48,0.562,0.033,0.758,-0.789,0.603,0.247,0.716,0.393,0.348,-0.387,0.339,-0.375,0.448,-0.191,0.642,-0.299,-0.14,0.578,0.254,-0.055,0.018,-0.103,0.78,-0.761,-0.163,0.6,0.534,0.552,0.007,0.709,-0.696,-0.496,0.79,-0.019,0.676,0.52,0.332,0.559,0.703,0.397,0.084,0.043,-0.255,0.364,0.491,-0.655,0.932,0.517,-0.577,-0.211,0.305,0.929,0.551,0.638,-0.589,-0.352,0.257,0.35,-0.757,0.842,0.811,0.737,0.89,-0.195,0.564,0.908,0.747,0.519,0.42,-0.801,-0.022,0.574,-0.102,-0.33,0.699,-0.514,0.884,0.429,-0.88,-0.452,0.388,0.634,0.132,0.113,0.277,0.574,0.689,-0.524,0.455,0.626,0.772,0.654,0.177,-0.093,0.882,-0.207,-0.295,0.317,0.461,0.881,-0.061,0.653,0.675,0.081,-0.162,-0.366,-0.664,0.874,0.571,0.012,0.35,-0.025,0.148,0.571,-0.785,0.586,0.012,-0.089,0.62,-0.181,-0.447,0.811,0.122,0.282,0.667,0.712,0.282,-0.208,0.58,-0.65,0.408,0.08,0.486,0.518,0.148,0.826,0.809,-0.244,-0.133,0.441,0.707,0.728,0.491,-0.048,0.903,-0.128,0.195,-0.08,-0.312,0.293,0.579,0.661,0.501,0.435,-0.607,0.033,0.317,0.539,0.497,-0.458,-0.147,-0.071,0.632,0.009,0.694,0.747,0.843,0.945,-0.328,0.427,0.309,0.894,0.874,0.73,0.805,0.149
ASTE,0.105,-0.13,0.811,0.741,0.784,0.192,0.86,-0.258,0.656,0.912,0.645,0.242,0.0,0.717,0.533,0.794,0.695,0.826,0.293,0.3,0.342,0.87,0.895,0.567,0.885,0.921,0.751,0.204,0.617,0.958,0.235,0.857,0.764,0.703,0.743,0.109,0.886,0.777,0.478,0.78,0.739,0.814,0.887,0.824,0.782,0.841,0.617,0.115,-0.532,0.795,0.746,0.865,0.908,0.607,0.341,-0.757,0.133,0.848,0.807,0.042,0.846,0.107,0.748,0.906,0.914,0.934,0.566,-0.203,-0.192,-0.392,0.387,0.533,0.357,0.683,0.837,0.162,0.417,0.797,0.051,-0.697,0.981,0.509,-0.533,0.335,-0.087,0.435,0.028,0.497,0.804,0.337,0.583,0.609,0.67,-0.07,-0.172,-0.359,0.806,0.423,0.673,-0.119,0.239,0.894,-0.191,-0.551,0.754,0.771,0.896,0.945,0.909,0.713,0.601,0.592,0.893,0.669,0.338,0.797,0.586,0.672,0.41,0.569,0.755,0.663,0.821,0.231,0.394,0.741,0.792,0.594,0.737,0.757,-0.403,0.408,0.761,0.869,0.883,0.767,0.867,0.788,-0.063,-0.073,0.763,0.786,0.681,-0.596,0.69,0.492,0.894,0.921,0.789,0.177,0.961,-0.777,0.81,0.499,0.827,0.93,0.224,0.75,0.485,0.195,0.562,0.761,0.829,0.897,0.744,0.44,0.796,0.742,0.291,0.866,0.953,-0.269,0.403,0.903,-0.006,0.727,0.912,0.769,0.391,-0.015,0.847,0.23,0.649,0.635,0.631,0.868,0.851,0.843,0.623,0.737,0.412,0.223,0.234,0.855,0.974,0.437,0.461,0.508,0.703,0.923
AUPH,-0.295,-0.415,0.79,0.7,0.371,-0.04,0.515,0.093,0.49,0.737,0.5,-0.175,0.717,0.0,0.765,0.485,0.41,0.505,0.427,-0.008,0.426,0.5,0.63,0.794,0.507,0.808,0.312,0.492,0.348,0.74,-0.045,0.677,0.488,0.808,0.576,0.294,0.629,0.785,0.2,0.798,0.684,0.519,0.682,0.817,0.669,0.895,0.292,0.399,-0.401,0.495,0.459,0.481,0.824,0.315,0.536,-0.535,-0.223,0.809,0.45,-0.48,0.57,-0.106,0.36,0.622,0.724,0.864,0.617,-0.09,-0.159,-0.054,-0.026,0.378,0.614,0.671,0.636,-0.16,0.089,0.428,0.245,-0.43,0.698,0.472,-0.233,0.078,-0.523,-0.142,-0.283,0.608,0.483,-0.135,0.223,0.225,0.494,0.268,0.117,-0.655,0.777,0.335,0.364,-0.024,-0.14,0.602,0.211,-0.441,0.388,0.42,0.789,0.785,0.716,0.415,0.323,0.751,0.622,0.411,0.009,0.457,0.452,0.695,0.113,0.739,0.815,0.607,0.587,-0.149,0.589,0.325,0.407,0.727,0.62,0.869,-0.068,0.06,0.492,0.814,0.611,0.763,0.636,0.485,0.234,-0.428,0.512,0.861,0.313,-0.378,0.788,0.206,0.767,0.593,0.4,-0.056,0.696,-0.511,0.47,0.744,0.542,0.766,-0.007,0.249,0.595,-0.081,0.104,0.791,0.811,0.589,0.379,0.05,0.491,0.625,-0.115,0.889,0.706,-0.243,0.54,0.605,-0.239,0.371,0.598,0.484,0.488,-0.132,0.399,0.123,0.462,0.801,0.608,0.803,0.433,0.791,0.274,0.245,0.116,-0.245,0.434,0.539,0.733,-0.044,0.126,0.1,0.289,0.758
AVXL,-0.62,-0.639,0.741,0.719,0.022,0.042,0.201,0.162,0.355,0.605,0.1,-0.485,0.533,0.765,0.0,0.233,0.035,0.233,0.709,-0.179,0.597,0.202,0.485,0.936,0.227,0.66,0.007,0.639,0.183,0.515,-0.289,0.476,0.375,0.804,0.448,0.491,0.362,0.809,0.04,0.806,0.715,0.278,0.552,0.796,0.554,0.786,-0.032,0.662,-0.29,0.208,0.257,0.274,0.74,0.038,0.714,-0.212,-0.517,0.702,0.065,-0.541,0.454,-0.426,0.078,0.442,0.577,0.653,0.618,-0.203,-0.495,0.165,-0.343,0.19,0.715,0.773,0.479,-0.546,-0.123,0.052,0.456,-0.14,0.523,0.305,0.113,-0.3,-0.703,-0.326,-0.59,0.649,0.22,-0.472,-0.008,-0.101,0.356,0.582,0.204,-0.802,0.756,0.443,0.1,0.196,-0.382,0.376,0.468,-0.166,0.251,0.176,0.671,0.657,0.526,0.106,0.108,0.845,0.38,0.177,-0.189,0.199,0.437,0.751,-0.249,0.752,0.84,0.411,0.398,-0.348,0.553,0.143,0.161,0.621,0.539,0.859,0.1,-0.254,0.265,0.714,0.386,0.728,0.605,0.246,0.434,-0.518,0.494,0.754,0.154,-0.121,0.828,-0.084,0.675,0.491,0.152,-0.186,0.521,-0.473,0.266,0.887,0.346,0.635,-0.021,0.075,0.391,-0.307,-0.088,0.792,0.755,0.362,0.111,-0.126,0.343,0.676,-0.377,0.791,0.587,-0.034,0.425,0.499,-0.257,0.111,0.353,0.367,0.664,-0.196,0.297,-0.034,0.297,0.799,0.592,0.749,0.159,0.745,-0.005,-0.051,-0.241,-0.555,0.562,0.414,0.486,-0.384,-0.17,-0.183,-0.046,0.638
AZTA,0.499,0.389,0.571,0.604,0.921,0.387,0.956,-0.552,0.823,0.82,0.812,0.599,0.794,0.485,0.233,0.0,0.907,0.946,0.106,0.71,0.173,0.827,0.877,0.32,0.892,0.709,0.935,-0.265,0.916,0.77,0.546,0.914,0.779,0.248,0.801,0.138,0.902,0.546,0.762,0.449,0.506,0.93,0.871,0.657,0.582,0.642,0.909,-0.243,-0.578,0.951,0.943,0.917,0.737,0.919,-0.035,-0.751,0.43,0.679,0.857,0.127,0.781,0.294,0.91,0.906,0.625,0.686,0.337,0.182,0.094,-0.73,0.71,0.768,0.012,0.539,0.833,0.544,0.58,0.827,-0.27,-0.526,0.818,0.641,-0.748,0.732,0.322,0.545,0.513,0.423,0.919,0.586,0.869,0.563,0.732,-0.392,0.12,-0.07,0.602,-0.011,0.921,-0.416,0.709,0.882,-0.612,-0.659,0.725,0.927,0.803,0.799,0.86,0.866,0.891,0.23,0.909,0.899,0.749,0.971,0.442,0.633,0.775,0.497,0.501,0.705,0.951,0.668,0.388,0.913,0.96,0.587,0.291,0.37,-0.69,0.774,0.917,0.732,0.779,0.719,0.739,0.953,-0.543,0.166,0.487,0.597,0.925,-0.339,0.325,0.84,0.803,0.813,0.946,0.539,0.844,-0.633,0.945,0.096,0.858,0.704,0.54,0.745,0.585,0.635,0.851,0.565,0.613,0.915,0.961,0.821,0.926,0.637,0.633,0.6,0.811,-0.223,-0.043,0.834,0.46,0.914,0.952,0.841,-0.023,-0.057,0.705,0.562,0.91,0.305,0.372,0.662,0.928,0.734,0.771,0.802,0.765,0.603,0.209,0.896,0.819,0.714,0.824,0.605,0.921,0.776
BAND,0.66,0.535,0.385,0.411,0.932,0.252,0.931,-0.531,0.721,0.653,0.859,0.753,0.695,0.41,0.035,0.907,0.0,0.884,-0.191,0.674,-0.061,0.834,0.726,0.085,0.869,0.559,0.917,-0.418,0.794,0.728,0.641,0.82,0.674,0.134,0.67,-0.103,0.833,0.335,0.696,0.265,0.297,0.889,0.699,0.483,0.445,0.501,0.908,-0.426,-0.524,0.896,0.825,0.834,0.556,0.916,-0.272,-0.804,0.59,0.511,0.928,0.171,0.698,0.437,0.858,0.787,0.542,0.569,0.132,0.265,0.318,-0.704,0.829,0.697,-0.133,0.264,0.687,0.711,0.603,0.872,-0.425,-0.578,0.701,0.642,-0.841,0.827,0.423,0.562,0.652,0.233,0.857,0.738,0.824,0.626,0.69,-0.569,0.014,0.095,0.395,-0.074,0.873,-0.456,0.733,0.784,-0.698,-0.709,0.673,0.871,0.637,0.628,0.71,0.831,0.851,0.019,0.834,0.865,0.703,0.919,0.394,0.386,0.842,0.272,0.273,0.728,0.82,0.701,0.263,0.805,0.915,0.562,0.251,0.209,-0.705,0.83,0.847,0.579,0.713,0.481,0.583,0.874,-0.566,0.243,0.361,0.48,0.806,-0.435,0.098,0.852,0.63,0.677,0.884,0.612,0.717,-0.495,0.851,-0.124,0.737,0.586,0.457,0.652,0.53,0.711,0.831,0.322,0.454,0.816,0.92,0.748,0.801,0.401,0.709,0.461,0.652,-0.193,0.057,0.686,0.422,0.885,0.875,0.729,-0.239,-0.01,0.58,0.479,0.792,0.102,0.185,0.469,0.881,0.536,0.78,0.839,0.839,0.723,-0.013,0.773,0.759,0.811,0.869,0.693,0.939,0.641
BECN,0.487,0.306,0.519,0.553,0.9,0.305,0.96,-0.55,0.727,0.797,0.868,0.59,0.826,0.505,0.233,0.946,0.884,0.0,0.057,0.624,0.154,0.829,0.841,0.284,0.883,0.698,0.921,-0.268,0.846,0.79,0.597,0.897,0.715,0.292,0.746,-0.005,0.905,0.558,0.699,0.427,0.467,0.886,0.84,0.634,0.631,0.647,0.888,-0.287,-0.553,0.934,0.921,0.91,0.718,0.85,-0.007,-0.792,0.446,0.655,0.88,0.143,0.744,0.357,0.925,0.872,0.689,0.719,0.318,0.119,0.083,-0.715,0.697,0.792,-0.0,0.506,0.794,0.526,0.471,0.839,-0.315,-0.599,0.842,0.628,-0.755,0.751,0.299,0.547,0.484,0.327,0.952,0.612,0.81,0.608,0.664,-0.459,0.057,-0.113,0.569,0.15,0.866,-0.472,0.656,0.87,-0.613,-0.682,0.704,0.901,0.782,0.787,0.867,0.822,0.867,0.201,0.929,0.897,0.692,0.943,0.383,0.558,0.776,0.455,0.469,0.665,0.912,0.597,0.293,0.919,0.919,0.539,0.361,0.413,-0.654,0.731,0.888,0.7,0.777,0.675,0.718,0.924,-0.493,0.071,0.45,0.548,0.878,-0.42,0.342,0.772,0.757,0.803,0.917,0.408,0.842,-0.661,0.894,0.106,0.879,0.714,0.467,0.742,0.484,0.551,0.795,0.537,0.624,0.892,0.909,0.752,0.865,0.554,0.614,0.624,0.798,-0.332,-0.011,0.802,0.369,0.92,0.92,0.777,-0.014,-0.085,0.711,0.473,0.83,0.291,0.325,0.639,0.909,0.692,0.724,0.807,0.767,0.606,0.121,0.846,0.84,0.725,0.782,0.592,0.899,0.774
BFC,-0.622,-0.546,0.569,0.632,-0.089,0.35,0.014,0.108,0.206,0.481,-0.165,-0.523,0.293,0.427,0.709,0.106,-0.191,0.057,0.0,-0.019,0.668,0.017,0.349,0.811,0.071,0.474,-0.076,0.588,0.214,0.229,-0.45,0.277,0.361,0.56,0.4,0.699,0.181,0.652,0.146,0.642,0.698,0.158,0.468,0.606,0.398,0.468,-0.102,0.687,-0.111,0.093,0.181,0.191,0.534,-0.037,0.682,0.16,-0.477,0.526,-0.192,-0.327,0.299,-0.399,-0.058,0.351,0.322,0.379,0.591,-0.086,-0.606,0.239,-0.441,0.14,0.657,0.771,0.44,-0.531,0.007,-0.161,0.525,0.266,0.325,0.146,0.445,-0.408,-0.471,-0.264,-0.578,0.727,0.033,-0.506,0.038,-0.258,0.185,0.727,0.319,-0.567,0.581,0.184,0.059,0.301,-0.255,0.26,0.423,0.111,0.099,0.104,0.44,0.464,0.357,-0.045,0.026,0.685,0.177,0.003,-0.041,0.075,0.267,0.704,-0.326,0.705,0.748,0.156,0.307,-0.242,0.535,0.11,0.077,0.378,0.251,0.606,0.148,-0.23,0.165,0.543,0.248,0.608,0.498,0.145,0.277,-0.217,0.443,0.551,0.149,0.277,0.722,-0.079,0.495,0.402,0.075,-0.175,0.374,-0.286,0.206,0.767,0.196,0.435,0.174,0.058,0.317,-0.254,-0.067,0.679,0.516,0.216,0.037,0.047,0.305,0.675,-0.337,0.542,0.436,-0.01,0.038,0.422,-0.026,-0.05,0.173,0.364,0.685,-0.198,0.245,0.195,0.245,0.693,0.591,0.602,0.049,0.63,0.03,-0.172,-0.289,-0.547,0.766,0.345,0.258,-0.453,-0.226,-0.156,-0.14,0.379
BGC,0.58,0.689,0.087,0.196,0.668,0.591,0.626,-0.732,0.562,0.405,0.519,0.673,0.3,-0.008,-0.179,0.71,0.674,0.624,-0.019,0.0,-0.183,0.419,0.518,-0.036,0.488,0.21,0.678,-0.621,0.82,0.221,0.4,0.522,0.562,-0.243,0.517,0.284,0.428,0.178,0.831,-0.017,0.211,0.719,0.544,0.307,0.059,0.081,0.799,-0.442,-0.431,0.697,0.753,0.558,0.249,0.837,-0.297,-0.411,0.654,0.275,0.475,0.232,0.367,0.291,0.631,0.526,0.06,0.14,-0.118,0.365,0.19,-0.719,0.709,0.729,-0.309,0.258,0.434,0.662,0.519,0.413,-0.507,-0.024,0.361,0.56,-0.465,0.711,0.606,0.439,0.635,0.277,0.578,0.559,0.788,0.178,0.608,-0.43,0.236,0.238,0.096,-0.411,0.753,-0.48,0.859,0.502,-0.813,-0.504,0.372,0.773,0.339,0.323,0.477,0.588,0.768,-0.246,0.552,0.707,0.893,0.709,0.177,0.331,0.735,0.22,0.105,0.323,0.669,0.802,0.197,0.699,0.748,0.297,-0.229,-0.149,-0.747,0.852,0.73,0.35,0.309,0.322,0.406,0.767,-0.794,0.437,0.052,0.194,0.816,0.167,-0.113,0.848,0.36,0.376,0.68,0.704,0.371,-0.206,0.726,-0.296,0.418,0.282,0.834,0.441,0.418,0.783,0.847,0.101,0.189,0.507,0.759,0.883,0.736,0.278,0.65,0.104,0.303,-0.01,-0.467,0.384,0.773,0.743,0.593,0.686,-0.429,-0.239,0.398,0.652,0.762,-0.089,-0.003,0.227,0.65,0.355,0.587,0.487,0.716,0.664,0.188,0.538,0.359,0.636,0.793,0.582,0.712,0.266
BHF,-0.328,-0.428,0.538,0.715,0.007,0.245,0.113,0.424,0.306,0.43,0.011,-0.407,0.342,0.426,0.597,0.173,-0.061,0.154,0.668,-0.183,0.0,0.135,0.333,0.673,0.259,0.547,0.071,0.644,0.205,0.363,-0.041,0.336,0.233,0.492,0.372,0.293,0.39,0.409,-0.123,0.577,0.528,0.08,0.342,0.387,0.707,0.553,-0.097,0.608,0.098,0.1,0.115,0.325,0.524,-0.065,0.526,0.211,-0.53,0.381,0.044,-0.284,0.338,-0.017,0.078,0.374,0.474,0.392,0.764,0.062,-0.308,0.219,-0.366,-0.079,0.69,0.545,0.512,-0.465,0.064,0.141,0.546,0.032,0.317,-0.07,0.262,-0.272,-0.373,-0.076,-0.354,0.553,0.203,-0.298,0.0,0.186,-0.049,0.449,0.072,-0.384,0.58,0.318,0.074,0.469,-0.208,0.359,0.401,0.259,0.292,-0.013,0.422,0.432,0.262,0.142,-0.02,0.694,0.144,-0.0,-0.194,0.127,0.163,0.623,-0.224,0.574,0.569,0.369,0.237,-0.246,0.412,0.198,0.043,0.281,0.356,0.574,0.353,-0.313,0.005,0.413,0.471,0.582,0.395,0.065,0.389,-0.316,0.544,0.52,0.076,-0.152,0.632,-0.174,0.465,0.484,0.149,-0.221,0.433,-0.379,0.183,0.617,0.458,0.354,-0.102,0.264,0.324,-0.157,-0.118,0.691,0.442,0.36,0.034,0.019,0.16,0.667,-0.171,0.458,0.478,0.079,0.142,0.535,-0.104,-0.035,0.194,0.156,0.756,0.32,0.232,0.073,0.151,0.557,0.624,0.489,0.092,0.506,0.16,0.03,-0.099,-0.353,0.581,0.44,0.271,-0.217,-0.181,-0.194,-0.014,0.434
BHFAL,0.446,0.223,0.582,0.586,0.904,0.224,0.899,-0.28,0.633,0.777,0.741,0.555,0.87,0.5,0.202,0.827,0.834,0.829,0.017,0.419,0.135,0.0,0.762,0.232,0.951,0.762,0.883,-0.073,0.663,0.888,0.427,0.794,0.757,0.435,0.685,-0.161,0.899,0.455,0.556,0.513,0.511,0.838,0.754,0.571,0.666,0.605,0.73,-0.185,-0.389,0.839,0.712,0.909,0.691,0.72,-0.046,-0.738,0.378,0.61,0.931,0.293,0.846,0.354,0.797,0.873,0.787,0.743,0.379,0.04,0.141,-0.469,0.608,0.511,0.117,0.373,0.789,0.482,0.647,0.923,-0.131,-0.726,0.87,0.509,-0.681,0.539,0.26,0.644,0.349,0.309,0.819,0.664,0.715,0.753,0.639,-0.32,-0.228,0.006,0.579,0.191,0.756,-0.144,0.489,0.876,-0.387,-0.539,0.774,0.814,0.707,0.763,0.751,0.753,0.661,0.277,0.822,0.692,0.48,0.847,0.511,0.446,0.639,0.296,0.456,0.728,0.767,0.474,0.28,0.769,0.861,0.496,0.566,0.453,-0.495,0.629,0.743,0.662,0.896,0.551,0.682,0.774,-0.275,0.224,0.692,0.603,0.679,-0.593,0.383,0.672,0.714,0.849,0.86,0.384,0.879,-0.652,0.831,0.124,0.797,0.752,0.306,0.789,0.439,0.439,0.681,0.503,0.565,0.878,0.831,0.597,0.753,0.536,0.572,0.605,0.83,-0.229,0.299,0.841,0.147,0.752,0.888,0.736,0.127,0.144,0.807,0.36,0.624,0.324,0.482,0.621,0.901,0.634,0.807,0.901,0.646,0.527,0.045,0.848,0.897,0.686,0.656,0.722,0.868,0.758
BKNG,0.171,0.042,0.789,0.689,0.789,0.356,0.856,-0.435,0.832,0.892,0.672,0.309,0.895,0.63,0.485,0.877,0.726,0.841,0.349,0.518,0.333,0.762,0.0,0.567,0.83,0.856,0.794,0.064,0.767,0.836,0.276,0.902,0.813,0.499,0.779,0.343,0.829,0.756,0.618,0.725,0.709,0.855,0.921,0.834,0.638,0.791,0.694,0.129,-0.636,0.806,0.862,0.845,0.899,0.735,0.319,-0.695,0.199,0.894,0.719,0.059,0.797,0.005,0.834,0.92,0.722,0.846,0.522,-0.131,-0.237,-0.581,0.457,0.651,0.185,0.76,0.832,0.229,0.45,0.694,0.043,-0.457,0.898,0.474,-0.519,0.427,-0.007,0.48,0.158,0.532,0.84,0.311,0.742,0.459,0.657,-0.088,0.053,-0.256,0.832,0.147,0.818,-0.229,0.405,0.897,-0.343,-0.59,0.785,0.825,0.933,0.934,0.912,0.843,0.722,0.538,0.893,0.787,0.533,0.877,0.648,0.788,0.497,0.627,0.75,0.6,0.91,0.432,0.413,0.818,0.858,0.558,0.552,0.602,-0.578,0.522,0.862,0.883,0.764,0.851,0.813,0.858,-0.25,0.074,0.675,0.738,0.86,-0.404,0.601,0.612,0.942,0.891,0.808,0.31,0.906,-0.764,0.88,0.422,0.85,0.802,0.366,0.772,0.63,0.352,0.713,0.774,0.798,0.932,0.842,0.598,0.923,0.832,0.408,0.808,0.918,-0.265,0.174,0.865,0.309,0.784,0.943,0.847,0.297,-0.065,0.822,0.445,0.847,0.545,0.549,0.877,0.887,0.864,0.608,0.702,0.486,0.287,0.392,0.876,0.87,0.49,0.601,0.438,0.73,0.935
BL,-0.6,-0.601,0.815,0.809,0.098,0.187,0.263,0.123,0.42,0.695,0.116,-0.48,0.567,0.794,0.936,0.32,0.085,0.284,0.811,-0.036,0.673,0.232,0.567,0.0,0.285,0.737,0.076,0.666,0.303,0.54,-0.335,0.542,0.485,0.809,0.557,0.644,0.426,0.859,0.154,0.877,0.822,0.369,0.658,0.853,0.611,0.816,0.055,0.695,-0.327,0.299,0.348,0.344,0.804,0.135,0.76,-0.2,-0.459,0.782,0.088,-0.562,0.495,-0.365,0.12,0.53,0.583,0.694,0.704,-0.135,-0.491,0.121,-0.332,0.248,0.787,0.871,0.592,-0.508,-0.021,0.09,0.465,-0.083,0.569,0.358,0.152,-0.261,-0.653,-0.316,-0.57,0.806,0.265,-0.467,0.081,-0.082,0.396,0.624,0.261,-0.782,0.807,0.338,0.193,0.211,-0.293,0.464,0.415,-0.175,0.276,0.264,0.721,0.724,0.601,0.186,0.164,0.891,0.437,0.212,-0.076,0.271,0.412,0.852,-0.216,0.866,0.934,0.433,0.494,-0.291,0.662,0.204,0.24,0.65,0.496,0.88,0.081,-0.185,0.345,0.8,0.454,0.819,0.676,0.346,0.353,-0.464,0.542,0.84,0.254,-0.062,0.895,-0.001,0.747,0.557,0.225,-0.123,0.592,-0.46,0.363,0.928,0.391,0.699,0.09,0.136,0.505,-0.222,-0.02,0.877,0.808,0.439,0.196,-0.001,0.446,0.789,-0.346,0.838,0.647,-0.037,0.351,0.569,-0.181,0.162,0.425,0.478,0.699,-0.189,0.349,0.089,0.391,0.893,0.678,0.833,0.229,0.842,0.088,-0.035,-0.184,-0.537,0.717,0.494,0.54,-0.358,-0.122,-0.119,0.016,0.662
BOKF,0.472,0.246,0.61,0.645,0.933,0.275,0.933,-0.318,0.698,0.813,0.749,0.562,0.885,0.507,0.227,0.892,0.869,0.883,0.071,0.488,0.259,0.951,0.83,0.285,0.0,0.791,0.927,-0.072,0.745,0.896,0.498,0.854,0.793,0.421,0.771,-0.076,0.955,0.481,0.591,0.533,0.552,0.876,0.806,0.602,0.719,0.645,0.78,-0.166,-0.421,0.887,0.777,0.968,0.737,0.76,-0.005,-0.71,0.37,0.648,0.947,0.262,0.865,0.404,0.846,0.928,0.807,0.755,0.448,0.091,0.1,-0.498,0.633,0.552,0.151,0.44,0.865,0.475,0.651,0.947,-0.132,-0.668,0.879,0.494,-0.668,0.578,0.295,0.657,0.393,0.373,0.86,0.66,0.763,0.791,0.636,-0.325,-0.163,0.008,0.617,0.174,0.822,-0.158,0.548,0.91,-0.451,-0.538,0.793,0.837,0.756,0.8,0.791,0.82,0.715,0.308,0.868,0.733,0.537,0.898,0.539,0.531,0.658,0.369,0.492,0.759,0.827,0.528,0.328,0.847,0.896,0.523,0.548,0.468,-0.49,0.641,0.786,0.701,0.939,0.613,0.75,0.831,-0.304,0.236,0.686,0.642,0.763,-0.572,0.398,0.704,0.771,0.903,0.915,0.419,0.908,-0.657,0.881,0.142,0.875,0.77,0.359,0.837,0.494,0.504,0.746,0.55,0.598,0.937,0.877,0.675,0.809,0.623,0.601,0.631,0.874,-0.204,0.236,0.908,0.222,0.806,0.93,0.77,0.168,0.168,0.8,0.435,0.706,0.35,0.49,0.664,0.938,0.684,0.859,0.913,0.695,0.555,0.146,0.922,0.905,0.722,0.695,0.716,0.896,0.795
BRKR,-0.082,-0.276,0.869,0.851,0.637,0.213,0.744,-0.05,0.65,0.894,0.567,0.033,0.921,0.808,0.66,0.709,0.559,0.698,0.474,0.21,0.547,0.762,0.856,0.737,0.791,0.0,0.617,0.423,0.57,0.904,0.089,0.814,0.747,0.768,0.725,0.276,0.835,0.795,0.372,0.885,0.817,0.731,0.858,0.858,0.854,0.893,0.463,0.345,-0.463,0.704,0.664,0.792,0.936,0.504,0.508,-0.573,-0.047,0.874,0.658,-0.11,0.807,0.031,0.606,0.881,0.895,0.927,0.697,-0.118,-0.197,-0.235,0.159,0.44,0.551,0.768,0.856,-0.054,0.4,0.664,0.198,-0.518,0.914,0.433,-0.314,0.186,-0.239,0.271,-0.152,0.641,0.711,0.139,0.469,0.515,0.56,0.174,-0.13,-0.453,0.866,0.374,0.569,0.085,0.095,0.867,0.016,-0.449,0.698,0.648,0.882,0.929,0.849,0.641,0.47,0.735,0.79,0.551,0.209,0.685,0.543,0.783,0.253,0.674,0.857,0.643,0.752,0.076,0.467,0.621,0.666,0.612,0.745,0.847,-0.237,0.245,0.643,0.904,0.864,0.844,0.813,0.683,0.099,-0.142,0.792,0.885,0.578,-0.516,0.826,0.364,0.901,0.897,0.674,0.076,0.94,-0.703,0.735,0.657,0.788,0.9,0.19,0.641,0.566,0.089,0.394,0.885,0.886,0.855,0.624,0.366,0.726,0.834,0.138,0.9,0.932,-0.216,0.43,0.887,-0.037,0.582,0.825,0.708,0.54,0.074,0.767,0.24,0.604,0.754,0.741,0.901,0.739,0.891,0.561,0.584,0.321,0.008,0.462,0.826,0.904,0.249,0.301,0.349,0.558,0.912
CACC,0.667,0.493,0.424,0.461,0.968,0.362,0.945,-0.534,0.73,0.705,0.817,0.758,0.751,0.312,0.007,0.935,0.917,0.921,-0.076,0.678,0.071,0.883,0.794,0.076,0.927,0.617,0.0,-0.365,0.845,0.739,0.639,0.818,0.72,0.127,0.712,-0.109,0.879,0.343,0.719,0.306,0.373,0.876,0.743,0.467,0.537,0.477,0.903,-0.373,-0.445,0.904,0.857,0.927,0.595,0.867,-0.205,-0.711,0.554,0.529,0.92,0.379,0.747,0.442,0.944,0.857,0.599,0.596,0.26,0.179,0.195,-0.724,0.802,0.677,-0.143,0.338,0.779,0.68,0.666,0.9,-0.313,-0.577,0.765,0.491,-0.783,0.78,0.506,0.763,0.633,0.218,0.911,0.784,0.894,0.721,0.617,-0.546,-0.06,0.185,0.472,-0.028,0.913,-0.375,0.775,0.869,-0.696,-0.59,0.762,0.891,0.66,0.677,0.745,0.873,0.836,0.058,0.847,0.849,0.754,0.947,0.415,0.432,0.835,0.266,0.307,0.631,0.846,0.747,0.203,0.925,0.944,0.391,0.302,0.213,-0.69,0.829,0.845,0.565,0.791,0.539,0.619,0.874,-0.584,0.362,0.508,0.434,0.876,-0.45,0.162,0.836,0.667,0.786,0.954,0.55,0.799,-0.61,0.907,-0.104,0.852,0.592,0.476,0.839,0.463,0.683,0.885,0.396,0.438,0.892,0.95,0.835,0.847,0.509,0.786,0.445,0.748,-0.253,-0.057,0.789,0.47,0.879,0.901,0.761,-0.095,0.092,0.738,0.562,0.789,0.104,0.304,0.512,0.954,0.562,0.855,0.941,0.839,0.767,0.039,0.857,0.779,0.866,0.864,0.725,0.973,0.689
CAR,-0.766,-0.854,0.556,0.451,-0.329,-0.203,-0.249,0.7,-0.088,0.225,-0.337,-0.789,0.204,0.492,0.639,-0.265,-0.418,-0.268,0.588,-0.621,0.644,-0.073,0.064,0.666,-0.072,0.423,-0.365,0.0,-0.367,0.242,-0.618,-0.042,0.038,0.714,0.045,0.28,0.011,0.395,-0.457,0.675,0.501,-0.217,0.077,0.328,0.42,0.44,-0.527,0.858,0.172,-0.269,-0.321,-0.106,0.382,-0.499,0.76,0.255,-0.704,0.357,-0.238,-0.381,0.107,-0.34,-0.356,0.042,0.359,0.387,0.679,-0.379,-0.467,0.64,-0.739,-0.453,0.811,0.383,0.158,-0.778,-0.2,-0.155,0.775,-0.008,0.171,-0.267,0.535,-0.734,-0.765,-0.393,-0.839,0.426,-0.238,-0.634,-0.463,-0.05,-0.176,0.792,-0.174,-0.519,0.508,0.424,-0.375,0.677,-0.762,0.022,0.85,0.355,0.028,-0.336,0.237,0.284,0.051,-0.184,-0.517,0.819,-0.122,-0.449,-0.664,-0.301,0.203,0.362,-0.702,0.393,0.585,0.023,-0.151,-0.737,0.315,-0.333,-0.337,0.1,0.58,0.686,0.644,-0.707,-0.308,0.315,0.191,0.32,0.174,-0.305,0.809,-0.416,0.475,0.485,-0.381,-0.221,0.732,-0.583,0.268,0.176,-0.298,-0.518,0.19,-0.112,-0.2,0.828,0.022,0.309,-0.447,-0.074,0.082,-0.647,-0.562,0.552,0.394,0.012,-0.38,-0.544,-0.192,0.417,-0.634,0.476,0.261,0.087,0.607,0.159,-0.651,-0.443,-0.092,-0.107,0.864,0.251,0.113,-0.329,-0.313,0.717,0.611,0.434,-0.215,0.329,-0.234,-0.299,-0.62,-0.803,0.435,0.004,0.148,-0.621,-0.653,-0.375,-0.45,0.26
CDNA,0.476,0.478,0.432,0.595,0.815,0.584,0.835,-0.594,0.775,0.722,0.699,0.603,0.617,0.348,0.183,0.916,0.794,0.846,0.214,0.82,0.205,0.663,0.767,0.303,0.745,0.57,0.845,-0.367,0.0,0.568,0.502,0.842,0.731,0.096,0.804,0.266,0.773,0.46,0.853,0.307,0.48,0.868,0.81,0.582,0.492,0.483,0.888,-0.259,-0.447,0.872,0.909,0.836,0.613,0.898,-0.116,-0.547,0.443,0.552,0.673,0.088,0.68,0.288,0.828,0.815,0.441,0.492,0.285,0.372,0.109,-0.695,0.669,0.795,-0.012,0.541,0.79,0.553,0.558,0.644,-0.287,-0.273,0.653,0.64,-0.595,0.705,0.407,0.49,0.529,0.499,0.813,0.527,0.898,0.369,0.716,-0.339,0.331,-0.017,0.485,-0.166,0.911,-0.409,0.8,0.804,-0.655,-0.535,0.589,0.882,0.677,0.661,0.754,0.732,0.907,0.114,0.782,0.852,0.859,0.907,0.353,0.647,0.778,0.536,0.426,0.627,0.914,0.758,0.451,0.898,0.898,0.561,0.024,0.22,-0.673,0.803,0.872,0.622,0.653,0.683,0.691,0.902,-0.663,0.23,0.371,0.502,0.924,-0.048,0.22,0.877,0.699,0.709,0.895,0.641,0.716,-0.557,0.911,0.022,0.747,0.566,0.7,0.644,0.59,0.737,0.862,0.478,0.47,0.788,0.908,0.899,0.901,0.615,0.67,0.447,0.668,-0.125,-0.308,0.753,0.645,0.838,0.824,0.843,-0.101,-0.156,0.58,0.725,0.916,0.206,0.338,0.551,0.811,0.684,0.766,0.667,0.766,0.584,0.336,0.842,0.655,0.628,0.838,0.584,0.848,0.616
CG,0.142,-0.094,0.817,0.753,0.777,0.092,0.839,-0.129,0.672,0.878,0.658,0.247,0.958,0.74,0.515,0.77,0.728,0.79,0.229,0.221,0.363,0.888,0.836,0.54,0.896,0.904,0.739,0.242,0.568,0.0,0.248,0.85,0.756,0.689,0.733,0.02,0.907,0.689,0.417,0.776,0.694,0.784,0.822,0.764,0.801,0.853,0.593,0.138,-0.449,0.765,0.663,0.845,0.89,0.587,0.265,-0.724,0.111,0.81,0.844,0.007,0.853,0.18,0.707,0.878,0.897,0.913,0.605,-0.128,-0.086,-0.317,0.37,0.428,0.397,0.574,0.836,0.181,0.443,0.843,0.106,-0.722,0.931,0.459,-0.554,0.329,-0.096,0.401,0.059,0.484,0.789,0.364,0.552,0.665,0.622,-0.084,-0.184,-0.299,0.805,0.38,0.65,-0.045,0.216,0.883,-0.138,-0.497,0.787,0.713,0.872,0.907,0.828,0.732,0.553,0.607,0.834,0.615,0.269,0.782,0.591,0.641,0.394,0.529,0.715,0.728,0.778,0.209,0.431,0.672,0.758,0.603,0.743,0.739,-0.318,0.376,0.695,0.835,0.913,0.741,0.795,0.72,-0.024,-0.052,0.78,0.81,0.605,-0.667,0.647,0.466,0.875,0.902,0.755,0.22,0.939,-0.703,0.772,0.475,0.831,0.887,0.133,0.711,0.511,0.225,0.503,0.743,0.779,0.895,0.718,0.392,0.731,0.728,0.314,0.849,0.927,-0.189,0.486,0.885,-0.043,0.651,0.888,0.719,0.392,0.132,0.795,0.219,0.59,0.614,0.645,0.828,0.814,0.808,0.643,0.74,0.415,0.218,0.201,0.843,0.964,0.438,0.451,0.497,0.692,0.903
CGBD,0.798,0.625,-0.165,-0.003,0.55,0.129,0.575,-0.398,0.379,0.121,0.688,0.716,0.235,-0.045,-0.289,0.546,0.641,0.597,-0.45,0.4,-0.041,0.427,0.276,-0.335,0.498,0.089,0.639,-0.618,0.502,0.248,0.0,0.416,0.071,-0.322,0.211,-0.455,0.494,-0.138,0.292,-0.293,-0.253,0.37,0.174,-0.08,0.246,0.102,0.618,-0.648,-0.218,0.493,0.515,0.5,0.058,0.558,-0.507,-0.427,0.454,-0.056,0.616,0.259,0.218,0.539,0.662,0.332,0.214,0.087,-0.171,0.368,0.442,-0.647,0.741,0.477,-0.47,-0.113,0.27,0.638,0.272,0.586,-0.569,-0.333,0.221,0.268,-0.723,0.82,0.545,0.536,0.792,-0.28,0.63,0.696,0.537,0.557,0.152,-0.823,0.011,0.283,-0.063,-0.038,0.531,-0.545,0.673,0.377,-0.704,-0.396,0.327,0.419,0.165,0.12,0.27,0.509,0.644,-0.385,0.423,0.654,0.511,0.545,-0.076,-0.038,0.784,-0.092,-0.272,0.401,0.383,0.609,-0.206,0.61,0.485,0.148,-0.093,-0.218,-0.501,0.58,0.404,-0.009,0.317,0.069,0.09,0.451,-0.545,0.112,-0.065,-0.118,0.48,-0.289,-0.352,0.54,0.116,0.269,0.562,0.304,0.261,-0.3,0.403,-0.508,0.53,0.023,0.164,0.415,0.158,0.556,0.557,-0.086,-0.005,0.413,0.542,0.565,0.323,-0.033,0.674,-0.065,0.21,-0.259,-0.305,0.325,0.469,0.628,0.395,0.143,-0.423,0.088,0.138,0.254,0.466,-0.422,-0.266,-0.091,0.467,-0.011,0.476,0.627,0.808,0.801,-0.355,0.394,0.222,0.755,0.683,0.337,0.681,0.222
