,ACET,ADAP,ADI,ADPT,ADTN,AGEN,ALGN,ALLK,AMD,AMWD,ARDX,ARQT,ASTE,AUPH,AVXL,AZTA,BAND,BECN,BFC,BGC,BHF,BHFAL,BKNG,BL,BOKF,BRKR,CACC,CAR,CDNA,CG,CGBD,CHI,CHTR,CHX,CLNE,CME,CNOB,CNXN,CPRX,CSGP,CSGS,CSIQ,CVCO,CVLT,CYRX,DDOG,DOOO,DSGX,DTIL,ECPG,EEFT,EFSC,ENTG,ESPR,ETSY,EXC,FAMI,FFIV,FITB,FIZZ,FMBH,FOX,FTNT,FULT,GABC,GEN,GH,GMAB,GNPX,GO,GOGL,GOOG,GPRO,GSHD,GSM,GWAV,HAIN,HBAN,HEPA,HURN,HWKN,IBIO,ICFI,IGMS,IMKTA,INCY,INO,IRDM,IRTC,IRWD,ITCI,JACK,JD,JJSF,KALA,KHC,KLAC,KRRO,KRYS,LANC,LBTYA,LIVN,LKCO,LNTH,LOGI,LPRO,LRCX,LSCC,LSTR,MAR,MARA,MCHP,MEOH,META,MGTX,MKSI,MMYT,MORN,MRUS,MTLS,MTSI,MVIS,MXL,NBIX,NFE,NMIH,NMRK,NNDM,NSIT,NTCT,NVAX,OCUL,ODP,OLED,ONB,OTEX,PACB,PATK,PAYX,PEP,PERI,PI,PLYA,PRDO,PRGS,PTGX,QCOM,QCRH,QDEL,QFIN,RGEN,RILY,RPAY,RPD,SABR,SEDG,SHEN,SIRI,SLNO,SNDL,SNEX,SONO,SPT,SSNC,STGW,STKL,STRL,STX,SWTX,SYNA,TFSL,TIGR,TNXP,TOWN,TRI,TRIP,TRMB,TRNS,TRS,TSCO,TSEM,TVTX,TXRH,VC,VCEL,VECO,VIAV,VICR,VIR,VRTX,VSTM,VTRS,WDFC,WSBC,WSC,WYNN,XENE,XNCR,XRAY,ZS
ACET,0.0,0.692,-0.653,-0.611,-0.028,-0.55,0.088,-0.146,0.403,-0.559,0.894,0.651,-0.829,-0.609,-0.727,0.011,-0.224,-0.648,-0.78,-0.131,-0.61,0.635,-0.085,-0.662,-0.683,-0.506,0.031,-0.764,-0.273,-0.691,0.655,-0.197,-0.829,-0.873,-0.702,-0.871,-0.296,-0.78,-0.728,-0.719,-0.777,-0.595,-0.786,-0.469,-0.631,0.11,-0.57,0.074,0.85,-0.55,-0.559,-0.63,-0.59,0.277,-0.776,0.452,-0.201,-0.342,0.158,-0.218,-0.735,0.724,0.691,-0.621,-0.802,-0.077,-0.601,-0.142,0.131,-0.382,0.437,0.367,-0.718,-0.59,-0.739,0.862,0.326,-0.149,-0.502,0.598,-0.786,-0.553,-0.62,0.877,-0.044,0.021,0.955,-0.71,0.502,0.635,-0.439,-0.649,-0.62,-0.857,0.547,0.657,-0.343,-0.531,0.449,0.517,0.803,-0.225,-0.623,-0.308,0.543,-0.821,-0.285,-0.681,-0.355,0.444,-0.427,-0.61,-0.739,0.553,-0.448,0.21,0.108,-0.687,0.794,-0.706,-0.745,-0.406,-0.704,0.406,-0.465,-0.621,-0.752,-0.716,0.338,-0.229,-0.474,0.102,-0.812,-0.775,-0.587,-0.31,-0.794,-0.388,-0.01,-0.472,-0.793,-0.293,-0.619,-0.693,-0.147,0.83,-0.266,-0.815,-0.602,-0.258,-0.589,0.552,-0.555,-0.594,-0.416,-0.783,-0.689,-0.687,0.579,-0.25,-0.702,-0.485,-0.361,-0.292,-0.198,0.395,-0.743,-0.448,0.884,-0.779,-0.788,-0.494,-0.792,-0.752,0.333,-0.805,-0.608,-0.847,-0.832,0.625,-0.644,0.249,-0.486,-0.823,0.481,-0.59,0.419,-0.773,0.157,0.763,0.834,0.84,0.694,-0.76,-0.705,0.606,0.282,-0.494,0.84,0.44
ADAP,0.692,0.0,-0.589,-0.32,0.362,-0.086,0.022,0.197,0.069,-0.64,0.444,0.872,-0.597,-0.3,-0.631,-0.145,0.305,-0.329,-0.633,0.049,-0.264,0.237,-0.357,-0.711,-0.184,-0.548,0.33,-0.585,0.035,-0.497,0.566,-0.299,-0.393,-0.614,-0.351,-0.636,-0.187,-0.706,-0.358,-0.615,-0.741,-0.176,-0.596,-0.691,-0.329,-0.308,-0.078,-0.32,0.667,-0.402,-0.553,-0.193,-0.64,0.374,-0.482,0.755,0.24,-0.588,0.538,0.262,-0.307,0.417,0.264,-0.342,-0.551,-0.482,-0.3,0.28,0.598,-0.28,0.343,-0.145,-0.563,-0.803,-0.409,0.694,0.526,0.303,-0.178,0.211,-0.572,-0.154,-0.596,0.646,0.465,0.509,0.779,-0.385,0.183,0.713,0.059,-0.114,-0.21,-0.695,0.122,0.833,-0.507,-0.274,0.296,0.112,0.521,-0.276,-0.467,0.277,0.435,-0.435,-0.46,-0.652,-0.731,0.22,-0.028,-0.623,-0.486,0.115,-0.056,0.031,-0.148,-0.547,0.5,-0.541,-0.762,0.067,-0.465,0.491,-0.165,-0.475,-0.272,-0.328,-0.159,-0.65,-0.067,0.539,-0.509,-0.616,-0.219,-0.352,-0.414,-0.308,-0.408,0.08,-0.49,-0.413,-0.279,-0.57,-0.473,0.462,-0.424,-0.466,-0.359,0.225,-0.549,0.588,-0.163,-0.772,-0.212,-0.512,-0.213,-0.154,0.179,0.331,-0.156,-0.368,-0.67,-0.161,-0.028,0.141,-0.515,-0.648,0.753,-0.681,-0.496,0.046,-0.368,-0.397,0.155,-0.408,-0.314,-0.464,-0.604,0.356,-0.294,0.366,-0.25,-0.692,-0.031,-0.665,0.176,-0.588,0.31,0.4,0.36,0.797,0.153,-0.357,-0.625,0.811,0.632,-0.026,0.656,-0.073
ADI,-0.653,-0.589,0.0,0.651,0.238,0.392,0.524,0.102,0.041,0.908,-0.418,-0.693,0.791,0.612,0.816,0.576,0.389,0.653,0.834,0.335,0.613,-0.07,0.663,0.913,0.618,0.892,0.347,0.797,0.378,0.899,-0.452,0.738,0.68,0.706,0.574,0.819,0.718,0.892,0.601,0.895,0.828,0.46,0.917,0.842,0.561,0.442,0.619,0.425,-0.602,0.855,0.919,0.608,0.954,0.014,0.647,-0.539,-0.111,0.776,0.038,-0.213,0.665,-0.474,-0.189,0.823,0.702,0.572,0.602,0.068,-0.32,0.032,-0.448,0.182,0.76,0.838,0.669,-0.635,-0.229,0.27,0.463,-0.14,0.755,0.395,0.495,-0.482,-0.398,-0.393,-0.656,0.675,0.064,-0.619,0.438,0.322,0.415,0.772,-0.223,-0.788,0.75,0.221,0.202,-0.153,-0.394,0.698,0.633,-0.017,0.068,0.706,0.751,0.975,0.749,0.058,0.358,0.983,0.655,-0.014,0.444,0.457,0.175,0.933,-0.412,0.787,0.947,0.393,0.918,-0.242,0.373,0.729,0.711,0.69,0.066,0.66,0.213,-0.145,0.782,0.921,0.714,0.803,0.597,0.818,0.414,0.016,0.843,0.553,0.643,0.504,0.443,-0.276,0.738,0.791,0.643,0.178,0.904,-0.709,0.511,0.875,0.616,0.68,0.458,0.592,-0.065,0.092,0.413,0.823,0.802,0.802,0.661,0.041,0.788,0.789,-0.612,0.925,0.8,0.273,0.482,0.744,-0.064,0.721,0.746,0.743,0.763,-0.32,0.664,0.014,0.832,0.851,0.048,0.763,0.236,0.835,-0.115,-0.482,-0.445,-0.798,-0.295,0.752,0.882,-0.674,-0.165,0.103,-0.293,0.226
ADPT,-0.611,-0.32,0.651,0.0,0.596,0.882,0.574,0.706,-0.618,0.432,-0.617,-0.305,0.896,0.893,0.831,-0.039,0.621,0.756,0.437,-0.174,0.909,-0.455,0.122,0.64,0.846,0.705,0.389,0.874,0.883,0.846,-0.489,0.405,0.815,0.861,0.914,0.673,0.629,0.808,0.777,0.852,0.562,0.926,0.801,0.368,0.877,-0.247,0.731,-0.303,-0.297,0.559,0.727,0.899,0.501,0.386,0.907,0.063,0.424,0.142,0.416,0.355,0.835,-0.81,-0.533,0.844,0.762,-0.02,0.934,0.72,0.112,0.53,-0.795,-0.43,0.903,0.415,0.921,-0.794,0.212,0.529,0.915,-0.692,0.916,0.921,0.371,-0.552,0.175,0.199,-0.615,0.944,-0.197,-0.675,0.764,0.66,0.897,0.694,-0.461,-0.449,0.059,0.759,-0.184,-0.726,-0.787,0.621,0.893,0.599,-0.146,0.872,0.072,0.69,0.23,-0.542,0.891,0.592,0.916,-0.584,0.728,-0.137,-0.491,0.711,-0.728,0.927,0.573,0.871,0.829,-0.598,0.878,0.348,0.865,0.922,-0.579,0.331,0.811,0.449,0.861,0.816,0.82,0.649,0.911,0.63,-0.255,0.364,0.85,-0.126,0.946,0.207,-0.298,-0.485,0.032,0.868,0.835,0.59,0.744,-0.276,0.936,0.651,0.7,0.932,0.823,0.679,-0.631,0.581,0.783,0.857,0.395,0.584,0.281,-0.57,0.836,0.227,-0.632,0.809,0.911,0.812,0.817,0.903,-0.687,0.653,0.939,0.823,0.789,-0.816,0.689,0.258,0.681,0.802,-0.553,0.126,-0.181,0.892,0.408,-0.86,-0.788,-0.617,-0.679,0.891,0.815,-0.449,0.1,0.58,-0.277,-0.319
ADTN,-0.028,0.362,0.238,0.596,0.0,0.649,0.539,0.626,-0.366,0.076,-0.157,0.292,0.353,0.502,0.233,0.036,0.731,0.349,-0.016,0.098,0.515,-0.094,0.038,0.135,0.561,0.322,0.651,0.35,0.773,0.35,-0.159,0.243,0.474,0.288,0.552,0.224,0.465,0.231,0.506,0.352,0.057,0.642,0.359,-0.008,0.428,-0.331,0.601,-0.318,0.189,0.339,0.326,0.609,0.065,0.644,0.384,0.59,0.449,-0.103,0.648,0.393,0.488,-0.301,-0.15,0.55,0.216,-0.155,0.575,0.722,0.441,0.294,-0.405,-0.313,0.429,-0.068,0.517,-0.092,0.69,0.59,0.659,-0.26,0.397,0.616,0.1,-0.062,0.443,0.439,0.03,0.576,-0.044,-0.077,0.754,0.369,0.552,0.224,-0.237,0.22,-0.188,0.295,0.27,-0.365,-0.187,0.46,0.363,0.579,0.223,0.475,-0.153,0.234,-0.158,-0.187,0.638,0.154,0.418,-0.34,0.721,0.07,-0.351,0.306,-0.179,0.435,0.084,0.692,0.45,-0.053,0.627,0.015,0.588,0.52,-0.472,-0.032,0.553,0.79,0.446,0.35,0.578,0.369,0.438,0.511,-0.414,0.418,0.445,-0.253,0.624,-0.07,-0.426,0.056,-0.134,0.412,0.547,0.596,0.325,0.218,0.66,0.102,0.376,0.445,0.56,0.472,-0.25,0.699,0.514,0.496,-0.003,0.481,0.417,-0.161,0.46,-0.087,0.051,0.258,0.425,0.589,0.434,0.486,-0.392,0.209,0.626,0.443,0.241,-0.389,0.329,0.6,0.491,0.3,-0.298,-0.217,0.244,0.392,0.672,-0.355,-0.333,0.024,-0.307,0.518,0.372,0.169,0.566,0.544,0.312,-0.188
AGEN,-0.55,-0.086,0.392,0.882,0.649,0.0,0.354,0.808,-0.81,0.152,-0.709,-0.042,0.775,0.819,0.588,-0.31,0.666,0.699,0.264,-0.175,0.87,-0.581,-0.178,0.33,0.874,0.416,0.407,0.742,0.855,0.629,-0.472,0.091,0.803,0.791,0.893,0.534,0.443,0.591,0.776,0.653,0.369,0.972,0.625,0.033,0.834,-0.571,0.74,-0.578,-0.217,0.356,0.457,0.897,0.191,0.373,0.862,0.329,0.689,-0.197,0.498,0.65,0.803,-0.787,-0.707,0.733,0.662,-0.328,0.874,0.849,0.338,0.628,-0.727,-0.679,0.76,0.097,0.857,-0.685,0.307,0.629,0.9,-0.813,0.806,0.955,0.35,-0.531,0.529,0.532,-0.525,0.878,-0.442,-0.467,0.824,0.797,0.943,0.566,-0.619,-0.128,-0.235,0.817,-0.352,-0.847,-0.793,0.336,0.761,0.828,-0.283,0.844,-0.23,0.414,-0.113,-0.689,0.881,0.304,0.863,-0.799,0.804,-0.391,-0.637,0.466,-0.763,0.761,0.3,0.904,0.643,-0.53,0.887,0.21,0.842,0.878,-0.78,-0.038,0.926,0.646,0.777,0.618,0.772,0.369,0.902,0.434,-0.535,0.622,0.739,-0.365,0.889,0.144,-0.558,-0.556,-0.25,0.785,0.76,0.717,0.483,-0.066,0.956,0.342,0.549,0.867,0.912,0.713,-0.787,0.76,0.899,0.654,0.018,0.359,0.117,-0.678,0.685,-0.102,-0.552,0.587,0.798,0.931,0.873,0.828,-0.804,0.59,0.837,0.778,0.686,-0.867,0.665,0.271,0.466,0.629,-0.766,-0.114,-0.345,0.716,0.494,-0.883,-0.859,-0.418,-0.829,0.829,0.616,-0.188,0.223,0.794,-0.318,-0.603
ALGN,0.088,0.022,0.524,0.574,0.539,0.354,0.0,0.5,-0.019,0.425,0.185,-0.116,0.409,0.515,0.461,0.403,0.487,0.418,0.126,-0.084,0.538,0.216,0.52,0.462,0.384,0.71,0.621,0.491,0.639,0.584,0.082,0.653,0.187,0.252,0.334,0.155,0.766,0.434,0.174,0.519,0.175,0.38,0.445,0.361,0.485,0.289,0.437,0.17,0.201,0.48,0.683,0.472,0.476,0.538,0.376,0.098,-0.02,0.327,0.574,-0.168,0.316,-0.151,0.247,0.583,0.303,0.377,0.543,0.457,0.038,-0.071,-0.511,0.207,0.469,0.318,0.399,-0.183,0.254,0.501,0.479,-0.033,0.419,0.385,-0.069,0.198,-0.237,-0.161,0.079,0.449,0.523,-0.305,0.38,0.108,0.303,0.123,0.027,-0.298,0.245,0.177,0.413,-0.17,-0.072,0.78,0.504,0.105,0.519,0.278,0.321,0.517,0.362,0.15,0.488,0.536,0.393,0.149,0.306,0.44,-0.175,0.486,-0.016,0.555,0.339,0.508,0.546,-0.293,0.403,0.176,0.349,0.424,-0.02,0.528,0.284,0.254,0.336,0.468,0.548,0.821,0.271,0.683,0.153,-0.334,0.385,0.015,0.517,-0.295,-0.026,0.214,0.282,0.389,0.428,0.223,0.651,-0.181,0.481,0.518,0.672,0.372,0.172,0.231,0.082,0.178,0.101,0.787,0.529,0.76,0.433,-0.023,0.373,0.244,-0.025,0.485,0.451,0.273,0.088,0.442,-0.231,0.23,0.608,0.211,0.302,-0.167,0.317,0.369,0.623,0.377,0.106,0.024,0.449,0.461,0.331,-0.212,-0.048,-0.148,-0.013,0.412,0.519,-0.195,0.18,-0.106,0.466,0.393
ALLK,-0.146,0.197,0.102,0.706,0.626,0.808,0.5,0.0,-0.784,-0.087,-0.349,0.248,0.488,0.649,0.324,-0.427,0.544,0.479,-0.054,-0.409,0.724,-0.407,-0.23,0.042,0.659,0.251,0.483,0.516,0.828,0.401,-0.129,-0.021,0.464,0.482,0.613,0.103,0.389,0.29,0.453,0.374,0.002,0.787,0.314,-0.235,0.673,-0.609,0.526,-0.631,0.201,0.151,0.242,0.732,-0.078,0.449,0.654,0.597,0.696,-0.39,0.721,0.681,0.541,-0.503,-0.419,0.531,0.422,-0.354,0.72,0.952,0.415,0.47,-0.679,-0.545,0.485,-0.173,0.579,-0.392,0.453,0.685,0.748,-0.672,0.541,0.824,0.037,-0.106,0.57,0.623,-0.112,0.646,-0.209,-0.199,0.61,0.631,0.773,0.15,-0.457,0.106,-0.448,0.673,-0.277,-0.778,-0.55,0.273,0.641,0.762,-0.016,0.528,-0.412,0.13,-0.318,-0.57,0.818,0.038,0.61,-0.609,0.615,-0.374,-0.716,0.125,-0.497,0.52,-0.058,0.832,0.335,-0.524,0.741,-0.077,0.539,0.615,-0.693,-0.105,0.856,0.727,0.442,0.281,0.615,0.354,0.634,0.31,-0.566,0.395,0.383,-0.584,0.707,-0.305,-0.686,-0.273,-0.434,0.503,0.488,0.657,0.308,0.23,0.809,0.114,0.507,0.603,0.643,0.467,-0.677,0.602,0.624,0.558,-0.135,0.268,-0.063,-0.663,0.34,-0.427,-0.232,0.301,0.529,0.825,0.54,0.57,-0.804,0.306,0.625,0.402,0.399,-0.684,0.507,0.361,0.255,0.305,-0.68,-0.477,-0.177,0.415,0.611,-0.661,-0.586,-0.031,-0.601,0.544,0.359,0.079,0.227,0.578,0.074,-0.486
AMD,0.403,0.069,0.041,-0.618,-0.366,-0.81,-0.019,-0.784,0.0,0.204,0.662,-0.082,-0.534,-0.532,-0.3,0.725,-0.295,-0.386,0.057,0.462,-0.629,0.665,0.547,0.024,-0.6,-0.036,-0.059,-0.478,-0.646,-0.245,0.416,0.276,-0.549,-0.616,-0.699,-0.229,-0.051,-0.296,-0.54,-0.327,-0.139,-0.797,-0.269,0.288,-0.613,0.846,-0.358,0.807,0.069,0.053,-0.069,-0.633,0.238,-0.245,-0.68,-0.454,-0.776,0.528,-0.31,-0.812,-0.538,0.653,0.717,-0.36,-0.442,0.556,-0.635,-0.785,-0.32,-0.773,0.629,0.81,-0.527,0.158,-0.607,0.567,-0.343,-0.369,-0.718,0.874,-0.585,-0.824,-0.325,0.489,-0.687,-0.665,0.414,-0.643,0.635,0.361,-0.518,-0.678,-0.834,-0.329,0.568,-0.067,0.608,-0.847,0.676,0.846,0.803,0.032,-0.595,-0.777,0.51,-0.597,0.623,-0.012,0.342,0.917,-0.704,0.116,-0.687,0.895,-0.571,0.79,0.767,-0.02,0.77,-0.477,0.053,-0.672,-0.214,0.66,-0.762,0.086,-0.512,-0.582,0.812,0.211,-0.897,-0.585,-0.499,-0.265,-0.418,-0.012,-0.722,-0.055,0.71,-0.65,-0.391,0.688,-0.628,-0.016,0.74,0.601,0.643,-0.49,-0.52,-0.601,-0.115,-0.271,-0.751,-0.07,-0.224,-0.675,-0.743,-0.395,0.937,-0.557,-0.752,-0.292,0.285,0.121,0.324,0.81,-0.387,0.445,0.495,-0.257,-0.5,-0.81,-0.745,-0.548,0.934,-0.279,-0.522,-0.493,-0.469,0.875,-0.382,-0.091,0.015,-0.353,0.881,0.44,0.594,-0.42,-0.549,0.779,0.771,0.18,0.733,-0.507,-0.29,0.047,-0.021,-0.795,0.369,0.802
AMWD,-0.559,-0.64,0.908,0.432,0.076,0.152,0.425,-0.087,0.204,0.0,-0.274,-0.723,0.652,0.383,0.694,0.655,0.193,0.481,0.83,0.408,0.423,0.105,0.746,0.887,0.431,0.807,0.281,0.655,0.151,0.779,-0.397,0.757,0.516,0.563,0.381,0.727,0.675,0.811,0.475,0.766,0.818,0.231,0.833,0.904,0.334,0.589,0.437,0.623,-0.615,0.842,0.845,0.436,0.927,-0.09,0.45,-0.646,-0.324,0.882,-0.109,-0.342,0.506,-0.257,0.004,0.704,0.6,0.741,0.397,-0.161,-0.504,-0.067,-0.274,0.383,0.634,0.914,0.465,-0.477,-0.316,0.11,0.248,0.083,0.612,0.157,0.566,-0.406,-0.501,-0.543,-0.558,0.491,0.133,-0.508,0.225,0.122,0.189,0.704,-0.097,-0.81,0.833,-0.01,0.288,0.087,-0.221,0.606,0.459,-0.27,0.159,0.546,0.828,0.88,0.852,0.221,0.122,0.922,0.473,0.181,0.29,0.556,0.41,0.827,-0.259,0.627,0.916,0.157,0.778,-0.127,0.161,0.76,0.545,0.496,0.336,0.748,-0.015,-0.328,0.655,0.803,0.582,0.76,0.402,0.803,0.61,-0.114,0.705,0.679,0.456,0.575,0.651,-0.132,0.822,0.664,0.502,-0.027,0.859,-0.715,0.305,0.836,0.476,0.516,0.27,0.411,0.123,-0.163,0.221,0.688,0.849,0.74,0.7,0.246,0.656,0.858,-0.496,0.824,0.645,0.021,0.284,0.593,0.09,0.593,0.575,0.597,0.671,-0.141,0.523,-0.081,0.72,0.745,0.268,0.832,0.345,0.686,-0.2,-0.259,-0.241,-0.705,-0.052,0.584,0.804,-0.707,-0.292,-0.028,-0.228,0.397
ARDX,0.894,0.444,-0.418,-0.617,-0.157,-0.709,0.185,-0.349,0.662,-0.274,0.0,0.383,-0.752,-0.564,-0.56,0.291,-0.317,-0.56,-0.554,-0.036,-0.645,0.773,0.214,-0.39,-0.746,-0.257,0.016,-0.662,-0.375,-0.535,0.634,0.047,-0.835,-0.83,-0.749,-0.75,-0.143,-0.609,-0.746,-0.579,-0.594,-0.717,-0.633,-0.157,-0.618,0.47,-0.565,0.409,0.727,-0.361,-0.333,-0.675,-0.28,0.155,-0.77,0.14,-0.495,0.028,0.009,-0.528,-0.754,0.784,0.876,-0.547,-0.71,0.273,-0.604,-0.364,-0.038,-0.556,0.426,0.665,-0.656,-0.306,-0.734,0.818,0.105,-0.257,-0.57,0.764,-0.73,-0.687,-0.563,0.878,-0.396,-0.307,0.85,-0.73,0.749,0.539,-0.512,-0.777,-0.765,-0.749,0.671,0.373,0.019,-0.667,0.617,0.672,0.859,0.015,-0.581,-0.571,0.646,-0.822,0.072,-0.437,-0.019,0.679,-0.533,-0.337,-0.746,0.784,-0.547,0.488,0.337,-0.463,0.903,-0.607,-0.47,-0.527,-0.55,0.437,-0.582,-0.427,-0.763,-0.728,0.603,0.074,-0.66,-0.141,-0.763,-0.617,-0.56,-0.096,-0.856,-0.249,0.331,-0.715,-0.721,0.04,-0.666,-0.574,0.201,0.862,0.069,-0.762,-0.617,-0.483,-0.372,0.279,-0.656,-0.347,-0.27,-0.791,-0.803,-0.704,0.81,-0.451,-0.861,-0.352,-0.039,-0.09,-0.031,0.564,-0.672,-0.13,0.844,-0.581,-0.723,-0.695,-0.885,-0.74,0.534,-0.732,-0.594,-0.828,-0.754,0.76,-0.607,0.235,-0.32,-0.678,0.741,-0.272,0.58,-0.664,-0.037,0.837,0.931,0.64,0.828,-0.749,-0.54,0.389,0.166,-0.72,0.788,0.724
ARQT,0.651,0.872,-0.693,-0.305,0.292,-0.042,-0.116,0.248,-0.082,-0.723,0.383,0.0,-0.586,-0.268,-0.625,-0.371,0.205,-0.315,-0.665,-0.172,-0.246,0.14,-0.513,-0.788,-0.176,-0.623,0.256,-0.563,0.024,-0.568,0.539,-0.47,-0.369,-0.561,-0.313,-0.686,-0.288,-0.699,-0.285,-0.65,-0.754,-0.125,-0.624,-0.77,-0.295,-0.452,-0.12,-0.45,0.711,-0.472,-0.676,-0.16,-0.738,0.213,-0.42,0.795,0.36,-0.715,0.477,0.415,-0.295,0.38,0.165,-0.352,-0.486,-0.552,-0.277,0.308,0.566,-0.098,0.316,-0.181,-0.572,-0.857,-0.412,0.633,0.429,0.286,-0.161,0.1,-0.545,-0.093,-0.519,0.596,0.578,0.685,0.713,-0.381,0.027,0.754,0.048,-0.023,-0.155,-0.652,0.02,0.881,-0.611,-0.155,0.157,-0.001,0.424,-0.409,-0.41,0.348,0.24,-0.424,-0.584,-0.712,-0.795,0.052,0.003,-0.724,-0.452,-0.015,0.042,-0.131,-0.206,-0.64,0.446,-0.551,-0.823,0.056,-0.538,0.437,-0.132,-0.489,-0.299,-0.313,-0.188,-0.721,0.046,0.571,-0.505,-0.684,-0.204,-0.482,-0.348,-0.434,-0.478,0.19,-0.527,-0.516,-0.28,-0.516,-0.559,0.425,-0.548,-0.459,-0.37,0.189,-0.591,0.607,-0.115,-0.804,-0.258,-0.467,-0.13,-0.159,0.04,0.348,-0.105,-0.44,-0.768,-0.3,-0.215,-0.038,-0.578,-0.761,0.731,-0.683,-0.491,0.086,-0.288,-0.399,0.006,-0.431,-0.371,-0.452,-0.578,0.241,-0.242,0.401,-0.389,-0.716,-0.108,-0.737,0.038,-0.627,0.343,0.34,0.286,0.81,0.078,-0.364,-0.643,0.821,0.578,0.132,0.561,-0.191
ASTE,-0.829,-0.597,0.791,0.896,0.353,0.775,0.409,0.488,-0.534,0.652,-0.752,-0.586,0.0,0.819,0.898,0.056,0.456,0.786,0.676,-0.024,0.874,-0.49,0.235,0.779,0.842,0.77,0.253,0.947,0.654,0.897,-0.608,0.459,0.871,0.97,0.888,0.836,0.623,0.939,0.799,0.929,0.793,0.825,0.922,0.566,0.845,-0.094,0.696,-0.095,-0.591,0.657,0.816,0.856,0.677,0.113,0.932,-0.257,0.287,0.357,0.151,0.241,0.856,-0.789,-0.558,0.867,0.863,0.177,0.864,0.47,-0.1,0.493,-0.714,-0.32,0.951,0.645,0.919,-0.892,-0.065,0.384,0.792,-0.64,0.976,0.787,0.61,-0.735,0.023,0.007,-0.829,0.927,-0.293,-0.773,0.642,0.656,0.816,0.846,-0.517,-0.688,0.294,0.691,-0.268,-0.627,-0.836,0.568,0.863,0.411,-0.274,0.925,0.285,0.817,0.462,-0.486,0.7,0.757,0.949,-0.534,0.64,-0.103,-0.271,0.814,-0.806,0.952,0.781,0.694,0.89,-0.606,0.745,0.594,0.877,0.913,-0.396,0.465,0.688,0.145,0.945,0.928,0.814,0.671,0.919,0.681,-0.019,0.341,0.927,0.097,0.88,0.472,-0.029,-0.647,0.246,0.949,0.84,0.437,0.827,-0.498,0.835,0.791,0.675,0.961,0.802,0.694,-0.595,0.379,0.773,0.839,0.537,0.578,0.328,-0.459,0.889,0.444,-0.82,0.934,0.962,0.67,0.838,0.943,-0.578,0.781,0.909,0.903,0.926,-0.784,0.721,0.004,0.683,0.924,-0.463,0.417,-0.219,0.951,0.178,-0.853,-0.828,-0.813,-0.679,0.923,0.904,-0.632,-0.132,0.526,-0.528,-0.269
AUPH,-0.609,-0.3,0.612,0.893,0.502,0.819,0.515,0.649,-0.532,0.383,-0.564,-0.268,0.819,0.0,0.772,-0.018,0.594,0.887,0.485,-0.159,0.856,-0.499,0.077,0.584,0.832,0.679,0.409,0.878,0.815,0.791,-0.371,0.283,0.754,0.817,0.823,0.63,0.65,0.727,0.712,0.78,0.459,0.847,0.753,0.25,0.926,-0.193,0.823,-0.335,-0.277,0.562,0.685,0.856,0.511,0.166,0.902,0.039,0.383,0.128,0.454,0.318,0.772,-0.773,-0.559,0.808,0.817,-0.061,0.93,0.671,0.228,0.366,-0.753,-0.401,0.77,0.313,0.883,-0.757,0.043,0.599,0.833,-0.675,0.831,0.841,0.224,-0.441,0.163,0.24,-0.577,0.845,-0.106,-0.535,0.786,0.755,0.773,0.636,-0.41,-0.382,0.107,0.735,-0.147,-0.779,-0.725,0.571,0.832,0.659,-0.223,0.794,0.109,0.675,0.159,-0.433,0.835,0.564,0.835,-0.58,0.701,-0.102,-0.528,0.699,-0.622,0.87,0.547,0.844,0.793,-0.466,0.791,0.378,0.811,0.857,-0.592,0.204,0.782,0.428,0.779,0.738,0.833,0.553,0.852,0.479,-0.204,0.332,0.752,-0.014,0.85,0.156,-0.224,-0.494,0.072,0.817,0.696,0.411,0.678,-0.374,0.841,0.584,0.793,0.832,0.762,0.761,-0.576,0.581,0.7,0.794,0.319,0.581,0.212,-0.601,0.696,0.152,-0.596,0.78,0.883,0.726,0.769,0.827,-0.581,0.721,0.806,0.74,0.785,-0.706,0.724,0.353,0.7,0.769,-0.545,0.186,-0.243,0.811,0.237,-0.852,-0.782,-0.618,-0.739,0.832,0.75,-0.362,0.182,0.5,-0.319,-0.343
AVXL,-0.727,-0.631,0.816,0.831,0.233,0.588,0.461,0.324,-0.3,0.694,-0.56,-0.625,0.898,0.772,0.0,0.209,0.359,0.733,0.657,-0.05,0.731,-0.337,0.385,0.883,0.665,0.795,0.173,0.846,0.604,0.897,-0.533,0.595,0.736,0.858,0.792,0.78,0.634,0.92,0.7,0.908,0.752,0.68,0.87,0.692,0.745,0.136,0.608,0.063,-0.516,0.625,0.839,0.711,0.77,0.129,0.795,-0.385,0.043,0.502,0.057,-0.008,0.762,-0.752,-0.38,0.781,0.786,0.283,0.785,0.327,-0.225,0.387,-0.648,-0.132,0.874,0.72,0.834,-0.825,-0.132,0.217,0.725,-0.464,0.881,0.65,0.43,-0.641,-0.208,-0.194,-0.745,0.813,-0.062,-0.788,0.572,0.438,0.673,0.795,-0.235,-0.756,0.428,0.579,-0.078,-0.481,-0.696,0.662,0.814,0.231,-0.14,0.785,0.428,0.855,0.569,-0.337,0.631,0.802,0.833,-0.327,0.513,0.093,-0.126,0.879,-0.646,0.915,0.819,0.595,0.883,-0.48,0.669,0.553,0.76,0.813,-0.259,0.601,0.497,0.034,0.859,0.901,0.689,0.722,0.78,0.631,0.134,0.127,0.847,0.246,0.793,0.419,0.11,-0.475,0.372,0.837,0.753,0.33,0.824,-0.602,0.688,0.863,0.682,0.836,0.612,0.54,-0.388,0.272,0.588,0.806,0.658,0.614,0.369,-0.357,0.866,0.575,-0.697,0.918,0.886,0.508,0.676,0.828,-0.395,0.671,0.826,0.794,0.816,-0.644,0.592,0.091,0.751,0.876,-0.273,0.496,-0.118,0.934,0.098,-0.703,-0.65,-0.834,-0.486,0.823,0.89,-0.724,-0.061,0.297,-0.439,-0.032
AZTA,0.011,-0.145,0.576,-0.039,0.036,-0.31,0.403,-0.427,0.725,0.655,0.291,-0.371,0.056,-0.018,0.209,0.0,0.202,0.166,0.471,0.512,-0.025,0.509,0.779,0.491,0.0,0.5,0.359,0.085,-0.166,0.363,0.162,0.724,0.0,-0.072,-0.139,0.241,0.537,0.265,-0.068,0.262,0.332,-0.283,0.339,0.631,-0.072,0.855,0.159,0.783,-0.21,0.598,0.542,-0.026,0.684,-0.036,-0.146,-0.505,-0.609,0.768,-0.031,-0.663,0.019,0.273,0.489,0.267,0.057,0.749,-0.058,-0.413,-0.286,-0.57,0.17,0.658,0.066,0.523,-0.007,0.127,-0.243,0.048,-0.199,0.55,0.006,-0.342,-0.01,0.189,-0.648,-0.638,0.04,-0.072,0.565,-0.026,-0.021,-0.27,-0.371,0.157,0.272,-0.41,0.83,-0.487,0.738,0.515,0.422,0.479,-0.072,-0.494,0.498,-0.032,0.855,0.535,0.644,0.727,-0.265,0.627,-0.09,0.661,-0.129,0.871,0.599,0.52,0.393,0.11,0.529,-0.157,0.406,0.381,-0.302,0.536,0.08,0.02,0.582,0.497,-0.469,-0.394,0.099,0.334,0.181,0.494,-0.192,0.466,0.716,-0.444,0.202,0.732,-0.053,0.241,0.722,0.329,0.874,0.123,0.108,-0.307,0.455,-0.546,-0.201,0.395,0.303,-0.112,-0.248,0.107,0.649,-0.249,-0.285,0.322,0.615,0.655,0.725,0.701,0.158,0.73,0.102,0.321,0.118,-0.427,-0.273,0.091,0.613,0.196,0.117,0.057,0.106,0.476,0.041,0.035,0.527,0.2,0.655,0.685,0.635,0.156,-0.346,0.335,0.332,-0.225,0.343,0.11,0.273,-0.189,0.03,-0.499,0.24,0.733
BAND,-0.224,0.305,0.389,0.621,0.731,0.666,0.487,0.544,-0.295,0.193,-0.317,0.205,0.456,0.594,0.359,0.202,0.0,0.643,0.202,0.111,0.682,-0.189,-0.006,0.204,0.752,0.348,0.766,0.418,0.654,0.554,0.025,0.346,0.57,0.379,0.564,0.3,0.625,0.364,0.459,0.411,0.147,0.629,0.466,0.012,0.559,-0.188,0.745,-0.264,-0.076,0.481,0.432,0.723,0.251,0.42,0.471,0.342,0.437,-0.082,0.738,0.348,0.61,-0.36,-0.267,0.661,0.431,-0.135,0.593,0.648,0.542,0.039,-0.36,-0.357,0.45,-0.044,0.56,-0.248,0.321,0.813,0.571,-0.385,0.454,0.598,0.014,-0.086,0.363,0.392,-0.129,0.536,0.02,-0.053,0.745,0.602,0.535,0.268,-0.484,0.035,0.024,0.38,0.174,-0.449,-0.259,0.377,0.408,0.653,0.199,0.535,0.059,0.352,-0.126,-0.119,0.63,0.327,0.497,-0.317,0.587,0.126,-0.348,0.457,-0.228,0.462,0.191,0.779,0.588,-0.013,0.499,0.363,0.697,0.69,-0.449,-0.135,0.563,0.599,0.499,0.438,0.717,0.368,0.53,0.45,-0.238,0.368,0.559,-0.105,0.603,0.032,-0.336,-0.192,0.065,0.576,0.586,0.533,0.407,-0.138,0.683,0.1,0.615,0.466,0.641,0.684,-0.296,0.784,0.607,0.582,0.014,0.635,0.474,-0.199,0.429,0.015,-0.109,0.398,0.566,0.639,0.512,0.637,-0.292,0.539,0.65,0.526,0.4,-0.329,0.501,0.322,0.574,0.308,-0.398,-0.012,0.018,0.421,0.284,-0.425,-0.468,-0.101,-0.556,0.67,0.36,0.147,0.522,0.417,0.082,-0.216
BECN,-0.648,-0.329,0.653,0.756,0.349,0.699,0.418,0.479,-0.386,0.481,-0.56,-0.315,0.786,0.887,0.733,0.166,0.643,0.0,0.6,-0.054,0.817,-0.464,0.105,0.592,0.832,0.635,0.484,0.813,0.613,0.81,-0.239,0.362,0.721,0.767,0.729,0.607,0.733,0.717,0.64,0.731,0.49,0.706,0.758,0.298,0.879,-0.037,0.835,-0.186,-0.413,0.661,0.71,0.827,0.589,-0.002,0.818,-0.128,0.285,0.216,0.412,0.241,0.757,-0.629,-0.47,0.802,0.828,0.066,0.83,0.507,0.199,0.18,-0.616,-0.293,0.699,0.356,0.82,-0.696,-0.146,0.618,0.668,-0.597,0.776,0.688,0.232,-0.394,0.109,0.136,-0.579,0.708,-0.03,-0.434,0.712,0.758,0.61,0.606,-0.451,-0.434,0.285,0.62,-0.087,-0.666,-0.625,0.475,0.708,0.56,-0.178,0.735,0.28,0.699,0.23,-0.271,0.678,0.629,0.776,-0.447,0.587,0.021,-0.368,0.728,-0.541,0.78,0.593,0.743,0.81,-0.314,0.603,0.589,0.781,0.816,-0.424,0.194,0.647,0.252,0.747,0.731,0.841,0.532,0.758,0.467,-0.02,0.267,0.738,0.147,0.726,0.26,-0.05,-0.543,0.248,0.828,0.657,0.273,0.687,-0.524,0.723,0.545,0.847,0.731,0.69,0.791,-0.48,0.511,0.64,0.749,0.327,0.639,0.306,-0.423,0.617,0.246,-0.565,0.788,0.859,0.586,0.688,0.815,-0.423,0.786,0.718,0.712,0.794,-0.55,0.707,0.192,0.688,0.717,-0.461,0.36,-0.24,0.742,0.034,-0.73,-0.728,-0.6,-0.731,0.821,0.701,-0.315,0.169,0.377,-0.384,-0.252
BFC,-0.78,-0.633,0.834,0.437,-0.016,0.264,0.126,-0.054,0.057,0.83,-0.554,-0.665,0.676,0.485,0.657,0.471,0.202,0.6,0.0,0.394,0.485,-0.223,0.514,0.773,0.569,0.674,0.185,0.694,0.096,0.744,-0.417,0.459,0.654,0.664,0.426,0.814,0.52,0.768,0.587,0.707,0.804,0.301,0.836,0.693,0.439,0.364,0.552,0.379,-0.758,0.809,0.684,0.521,0.851,-0.399,0.576,-0.638,-0.119,0.708,-0.122,-0.089,0.603,-0.403,-0.323,0.695,0.736,0.467,0.436,-0.114,-0.356,-0.033,-0.208,0.148,0.556,0.756,0.542,-0.607,-0.48,0.193,0.244,-0.131,0.634,0.252,0.515,-0.544,-0.291,-0.284,-0.724,0.522,-0.153,-0.426,0.29,0.417,0.276,0.772,-0.307,-0.74,0.758,0.116,0.049,-0.137,-0.384,0.344,0.472,-0.026,-0.142,0.638,0.718,0.839,0.609,0.077,0.194,0.83,0.505,-0.058,0.339,0.339,0.278,0.783,-0.42,0.6,0.872,0.231,0.763,-0.071,0.157,0.805,0.635,0.569,0.098,0.43,0.124,-0.302,0.696,0.755,0.639,0.532,0.54,0.591,0.42,0.169,0.712,0.66,0.464,0.665,0.573,-0.413,0.727,0.744,0.448,0.029,0.734,-0.771,0.324,0.688,0.453,0.558,0.41,0.666,-0.135,-0.039,0.408,0.574,0.588,0.572,0.56,0.034,0.605,0.692,-0.649,0.801,0.706,0.173,0.447,0.648,0.074,0.783,0.502,0.7,0.77,-0.224,0.692,-0.13,0.661,0.747,-0.005,0.859,0.06,0.665,-0.364,-0.447,-0.498,-0.791,-0.374,0.656,0.716,-0.584,-0.304,0.144,-0.513,0.041
BGC,-0.131,0.049,0.335,-0.174,0.098,-0.175,-0.084,-0.409,0.462,0.408,-0.036,-0.172,-0.024,-0.159,-0.05,0.512,0.111,-0.054,0.394,0.0,-0.192,0.181,0.38,0.228,0.005,0.149,0.096,-0.026,-0.252,0.082,-0.232,0.218,0.152,-0.054,-0.125,0.366,0.014,0.071,0.177,0.128,0.344,-0.165,0.21,0.374,-0.256,0.348,0.181,0.509,-0.326,0.402,0.146,-0.092,0.335,-0.093,-0.15,-0.245,-0.192,0.51,-0.207,-0.228,0.056,0.166,0.09,0.105,-0.079,0.278,-0.175,-0.381,-0.133,-0.361,0.318,0.258,-0.019,0.267,-0.072,0.148,-0.004,-0.122,-0.226,0.488,-0.051,-0.265,0.305,-0.075,-0.191,-0.283,-0.087,-0.007,0.032,0.105,0.038,-0.137,-0.2,0.243,0.046,-0.081,0.478,-0.495,0.413,0.493,0.311,0.11,-0.252,-0.259,0.259,0.129,0.456,0.216,0.251,0.501,-0.331,0.291,-0.173,0.274,0.112,0.477,0.549,0.296,0.127,-0.073,0.341,-0.225,0.188,0.5,-0.258,0.318,0.167,-0.078,0.328,0.074,-0.399,-0.131,0.118,0.218,0.048,0.094,-0.119,0.315,0.282,0.134,0.214,0.601,-0.045,0.384,0.522,0.15,0.528,0.059,-0.061,0.058,0.132,-0.209,-0.155,0.094,-0.147,-0.088,-0.029,0.19,0.372,-0.024,0.019,-0.024,0.199,0.274,0.578,0.622,0.2,0.447,0.045,0.087,-0.021,-0.172,-0.073,-0.038,0.559,0.192,0.02,0.218,0.014,0.355,0.176,0.001,0.267,0.125,0.365,0.537,0.445,0.074,-0.225,0.178,0.113,-0.182,0.164,0.04,0.127,-0.084,0.063,-0.057,0.011,0.223
BHF,-0.61,-0.264,0.613,0.909,0.515,0.87,0.538,0.724,-0.629,0.423,-0.645,-0.246,0.874,0.856,0.731,-0.025,0.682,0.817,0.485,-0.192,0.0,-0.491,0.084,0.531,0.928,0.641,0.531,0.856,0.774,0.828,-0.282,0.376,0.777,0.835,0.847,0.589,0.707,0.759,0.678,0.756,0.515,0.859,0.779,0.254,0.889,-0.25,0.767,-0.31,-0.342,0.58,0.69,0.948,0.479,0.221,0.899,0.059,0.459,0.069,0.535,0.439,0.82,-0.678,-0.512,0.863,0.814,0.003,0.901,0.717,0.186,0.397,-0.698,-0.409,0.829,0.344,0.869,-0.753,0.059,0.714,0.815,-0.721,0.874,0.855,0.333,-0.458,0.245,0.294,-0.566,0.866,-0.217,-0.531,0.7,0.79,0.832,0.601,-0.619,-0.43,0.087,0.726,-0.23,-0.762,-0.748,0.477,0.823,0.633,-0.156,0.824,0.107,0.643,0.181,-0.48,0.833,0.578,0.901,-0.547,0.661,-0.137,-0.478,0.64,-0.677,0.86,0.504,0.872,0.798,-0.562,0.751,0.514,0.835,0.926,-0.537,0.226,0.835,0.374,0.817,0.732,0.895,0.622,0.888,0.604,-0.187,0.364,0.776,-0.157,0.879,0.175,-0.291,-0.543,0.067,0.897,0.809,0.52,0.714,-0.349,0.901,0.542,0.785,0.874,0.806,0.773,-0.65,0.554,0.802,0.848,0.285,0.607,0.283,-0.568,0.692,0.15,-0.623,0.777,0.905,0.788,0.776,0.931,-0.667,0.765,0.885,0.759,0.837,-0.749,0.716,0.136,0.631,0.72,-0.597,0.124,-0.224,0.788,0.298,-0.822,-0.792,-0.521,-0.745,0.901,0.728,-0.309,0.046,0.544,-0.273,-0.363
BHFAL,0.635,0.237,-0.07,-0.455,-0.094,-0.581,0.216,-0.407,0.665,0.105,0.773,0.14,-0.49,-0.499,-0.337,0.509,-0.189,-0.464,-0.223,0.181,-0.491,0.0,0.412,-0.1,-0.523,-0.032,0.12,-0.447,-0.347,-0.244,0.34,0.309,-0.491,-0.574,-0.534,-0.409,0.036,-0.272,-0.468,-0.275,-0.211,-0.564,-0.281,0.183,-0.553,0.592,-0.449,0.609,0.4,-0.039,-0.055,-0.469,0.012,0.2,-0.615,-0.074,-0.52,0.292,-0.09,-0.52,-0.453,0.645,0.734,-0.235,-0.489,0.491,-0.531,-0.425,-0.235,-0.445,0.355,0.696,-0.377,0.028,-0.566,0.642,0.04,-0.197,-0.452,0.753,-0.467,-0.599,-0.161,0.575,-0.453,-0.416,0.557,-0.519,0.569,0.386,-0.369,-0.711,-0.625,-0.371,0.517,0.142,0.294,-0.638,0.66,0.728,0.747,0.136,-0.377,-0.627,0.658,-0.519,0.338,-0.129,0.266,0.645,-0.517,-0.014,-0.54,0.758,-0.366,0.621,0.53,-0.183,0.746,-0.416,-0.127,-0.46,-0.257,0.411,-0.495,-0.105,-0.45,-0.469,0.707,0.242,-0.643,-0.201,-0.445,-0.291,-0.329,0.083,-0.656,0.051,0.502,-0.553,-0.354,0.227,-0.482,-0.128,0.383,0.803,0.35,-0.453,-0.358,-0.406,-0.079,0.076,-0.481,-0.092,-0.262,-0.545,-0.562,-0.523,0.793,-0.466,-0.668,-0.144,0.218,0.136,0.321,0.676,-0.371,0.199,0.608,-0.286,-0.458,-0.621,-0.662,-0.443,0.514,-0.499,-0.322,-0.499,-0.47,0.639,-0.351,0.167,-0.095,-0.4,0.789,0.038,0.662,-0.419,-0.086,0.735,0.788,0.373,0.758,-0.459,-0.235,0.12,0.052,-0.542,0.624,0.789
BKNG,-0.085,-0.357,0.663,0.122,0.038,-0.178,0.52,-0.23,0.547,0.746,0.214,-0.513,0.235,0.077,0.385,0.779,-0.006,0.105,0.514,0.38,0.084,0.412,0.0,0.643,0.022,0.641,0.262,0.283,-0.021,0.464,-0.082,0.725,0.067,0.104,-0.012,0.333,0.501,0.433,0.08,0.44,0.478,-0.132,0.464,0.784,-0.01,0.766,0.142,0.788,-0.192,0.574,0.62,0.055,0.752,0.009,0.047,-0.506,-0.518,0.85,-0.118,-0.631,0.073,0.095,0.422,0.361,0.136,0.815,0.103,-0.295,-0.532,-0.296,-0.035,0.705,0.249,0.705,0.107,-0.05,-0.215,-0.054,-0.016,0.473,0.199,-0.175,0.168,0.023,-0.697,-0.664,-0.094,0.139,0.451,-0.295,-0.037,-0.31,-0.157,0.274,0.265,-0.579,0.786,-0.373,0.591,0.394,0.223,0.611,0.135,-0.551,0.467,0.103,0.82,0.631,0.758,0.545,-0.115,0.715,0.075,0.575,-0.002,0.773,0.578,0.571,0.19,0.318,0.629,-0.113,0.469,0.082,-0.122,0.443,0.115,0.108,0.543,0.747,-0.346,-0.4,0.244,0.446,0.239,0.705,-0.034,0.644,0.668,-0.45,0.29,0.639,0.159,0.167,0.673,0.301,0.818,0.219,0.163,-0.151,0.6,-0.525,-0.048,0.631,0.308,0.102,-0.177,0.04,0.511,-0.354,-0.204,0.481,0.749,0.638,0.622,0.492,0.326,0.754,-0.06,0.468,0.237,-0.298,-0.202,0.172,0.397,0.181,0.275,0.167,0.222,0.218,0.154,0.035,0.549,0.376,0.604,0.626,0.679,0.348,-0.185,0.15,0.24,-0.371,0.367,0.174,0.469,-0.453,-0.182,-0.409,0.183,0.715
BL,-0.662,-0.711,0.913,0.64,0.135,0.33,0.462,0.042,0.024,0.887,-0.39,-0.788,0.779,0.584,0.883,0.491,0.204,0.592,0.773,0.228,0.531,-0.1,0.643,0.0,0.484,0.865,0.146,0.772,0.378,0.862,-0.534,0.727,0.601,0.715,0.595,0.825,0.648,0.895,0.582,0.886,0.828,0.43,0.87,0.886,0.537,0.455,0.513,0.414,-0.592,0.738,0.9,0.522,0.916,0.058,0.617,-0.59,-0.219,0.799,-0.103,-0.297,0.607,-0.53,-0.159,0.722,0.7,0.565,0.603,0.017,-0.425,0.146,-0.491,0.164,0.791,0.915,0.673,-0.677,-0.227,0.059,0.487,-0.149,0.757,0.38,0.497,-0.558,-0.454,-0.498,-0.691,0.656,0.094,-0.732,0.376,0.203,0.399,0.794,-0.041,-0.842,0.685,0.249,0.147,-0.15,-0.46,0.723,0.634,-0.1,-0.002,0.661,0.678,0.92,0.802,-0.021,0.362,0.913,0.648,-0.036,0.372,0.361,0.164,0.923,-0.457,0.81,0.944,0.329,0.86,-0.301,0.43,0.619,0.63,0.624,0.052,0.767,0.183,-0.209,0.762,0.898,0.591,0.778,0.569,0.74,0.414,-0.079,0.783,0.559,0.622,0.501,0.467,-0.294,0.642,0.737,0.608,0.108,0.872,-0.702,0.453,0.94,0.562,0.678,0.382,0.44,-0.065,0.02,0.352,0.75,0.853,0.688,0.545,-0.018,0.819,0.817,-0.627,0.902,0.767,0.213,0.463,0.684,-0.111,0.611,0.699,0.7,0.743,-0.367,0.509,0.034,0.783,0.877,0.051,0.739,0.139,0.867,-0.067,-0.479,-0.408,-0.853,-0.206,0.682,0.903,-0.822,-0.187,0.069,-0.358,0.244
BOKF,-0.683,-0.184,0.618,0.846,0.561,0.874,0.384,0.659,-0.6,0.431,-0.746,-0.176,0.842,0.832,0.665,0.0,0.752,0.832,0.569,0.005,0.928,-0.523,0.022,0.484,0.0,0.563,0.571,0.821,0.715,0.789,-0.346,0.299,0.872,0.828,0.84,0.667,0.658,0.713,0.774,0.726,0.527,0.861,0.796,0.208,0.844,-0.305,0.87,-0.333,-0.437,0.645,0.617,0.968,0.459,0.12,0.874,0.08,0.51,0.065,0.529,0.523,0.883,-0.685,-0.621,0.887,0.827,-0.086,0.856,0.673,0.244,0.355,-0.606,-0.481,0.761,0.289,0.86,-0.707,0.069,0.755,0.765,-0.691,0.831,0.829,0.395,-0.527,0.378,0.398,-0.602,0.852,-0.346,-0.397,0.791,0.883,0.817,0.662,-0.672,-0.323,0.114,0.655,-0.196,-0.735,-0.707,0.365,0.747,0.71,-0.218,0.878,0.112,0.627,0.082,-0.443,0.786,0.551,0.849,-0.61,0.759,-0.121,-0.403,0.645,-0.682,0.78,0.511,0.858,0.803,-0.364,0.707,0.56,0.928,0.927,-0.574,0.046,0.809,0.43,0.846,0.734,0.932,0.496,0.901,0.589,-0.238,0.564,0.822,-0.049,0.861,0.345,-0.245,-0.583,0.107,0.925,0.777,0.558,0.67,-0.336,0.883,0.44,0.7,0.848,0.877,0.898,-0.66,0.637,0.87,0.748,0.17,0.598,0.37,-0.484,0.701,0.13,-0.615,0.745,0.904,0.808,0.84,0.936,-0.57,0.84,0.849,0.843,0.841,-0.697,0.802,0.156,0.664,0.718,-0.632,0.21,-0.242,0.755,0.251,-0.816,-0.856,-0.515,-0.826,0.94,0.696,-0.235,0.14,0.663,-0.347,-0.466
BRKR,-0.506,-0.548,0.892,0.705,0.322,0.416,0.71,0.251,-0.036,0.807,-0.257,-0.623,0.77,0.679,0.795,0.5,0.348,0.635,0.674,0.149,0.641,-0.032,0.641,0.865,0.563,0.0,0.362,0.827,0.499,0.857,-0.381,0.716,0.576,0.663,0.555,0.694,0.753,0.849,0.525,0.879,0.72,0.485,0.852,0.764,0.652,0.401,0.561,0.352,-0.37,0.783,0.938,0.605,0.869,0.141,0.674,-0.396,-0.082,0.697,0.133,-0.218,0.58,-0.435,-0.08,0.8,0.67,0.583,0.668,0.208,-0.205,0.074,-0.599,0.191,0.762,0.762,0.661,-0.606,-0.118,0.307,0.525,-0.143,0.753,0.442,0.433,-0.339,-0.412,-0.354,-0.54,0.686,0.216,-0.621,0.425,0.295,0.422,0.676,-0.187,-0.748,0.615,0.277,0.212,-0.208,-0.403,0.845,0.706,0.006,0.13,0.642,0.631,0.91,0.725,0.036,0.424,0.902,0.654,-0.023,0.415,0.387,0.013,0.861,-0.343,0.817,0.852,0.432,0.848,-0.389,0.43,0.567,0.625,0.64,0.036,0.725,0.303,-0.045,0.7,0.863,0.707,0.862,0.556,0.798,0.386,-0.125,0.744,0.41,0.643,0.299,0.344,-0.202,0.595,0.728,0.614,0.114,0.928,-0.586,0.545,0.887,0.692,0.673,0.422,0.488,-0.062,0.091,0.316,0.895,0.82,0.817,0.542,-0.043,0.715,0.658,-0.521,0.886,0.764,0.272,0.429,0.702,-0.179,0.613,0.761,0.628,0.704,-0.336,0.597,0.149,0.78,0.82,0.074,0.579,0.275,0.802,0.029,-0.482,-0.375,-0.726,-0.252,0.678,0.867,-0.62,-0.144,0.07,-0.132,0.266
CACC,0.031,0.33,0.347,0.389,0.651,0.407,0.621,0.483,-0.059,0.281,0.016,0.256,0.253,0.409,0.173,0.359,0.766,0.484,0.185,0.096,0.531,0.12,0.262,0.146,0.571,0.362,0.0,0.327,0.471,0.444,0.253,0.411,0.303,0.148,0.284,0.067,0.734,0.229,0.238,0.262,0.02,0.348,0.371,0.037,0.362,0.055,0.641,-0.01,0.099,0.545,0.394,0.592,0.276,0.279,0.289,0.327,0.215,0.071,0.805,0.218,0.39,0.013,0.089,0.609,0.32,0.184,0.44,0.49,0.323,-0.189,-0.263,0.066,0.238,0.006,0.315,0.017,0.217,0.839,0.335,-0.083,0.268,0.332,-0.074,0.24,0.231,0.279,0.161,0.305,0.255,0.203,0.508,0.401,0.238,0.046,-0.309,0.076,0.184,0.049,0.406,-0.229,0.049,0.365,0.264,0.349,0.404,0.287,0.225,0.322,-0.015,0.209,0.418,0.328,0.276,0.037,0.466,0.404,-0.133,0.308,0.092,0.301,0.129,0.544,0.461,0.088,0.22,0.349,0.451,0.44,-0.107,0.009,0.336,0.449,0.304,0.263,0.679,0.492,0.259,0.549,0.004,0.102,0.317,0.013,0.41,-0.122,-0.105,0.129,0.238,0.417,0.389,0.242,0.456,-0.096,0.463,0.083,0.617,0.245,0.34,0.537,0.005,0.413,0.269,0.571,0.09,0.705,0.541,0.043,0.177,0.001,0.12,0.31,0.403,0.326,0.155,0.447,-0.133,0.37,0.458,0.245,0.292,-0.057,0.434,0.359,0.534,0.183,-0.085,0.006,0.359,0.216,0.237,-0.138,-0.146,0.132,-0.223,0.466,0.299,0.225,0.346,0.165,0.377,0.089
CAR,-0.764,-0.585,0.797,0.874,0.35,0.742,0.491,0.516,-0.478,0.655,-0.662,-0.563,0.947,0.878,0.846,0.085,0.418,0.813,0.694,-0.026,0.856,-0.447,0.283,0.772,0.821,0.827,0.327,0.0,0.661,0.889,-0.548,0.409,0.811,0.92,0.813,0.803,0.664,0.908,0.763,0.921,0.727,0.79,0.911,0.522,0.862,-0.04,0.747,-0.086,-0.524,0.718,0.825,0.842,0.7,0.046,0.95,-0.232,0.283,0.381,0.226,0.209,0.8,-0.745,-0.547,0.881,0.891,0.207,0.882,0.465,-0.105,0.389,-0.74,-0.244,0.893,0.626,0.882,-0.865,-0.106,0.457,0.742,-0.59,0.943,0.763,0.528,-0.614,-0.004,0.002,-0.764,0.895,-0.193,-0.697,0.613,0.675,0.748,0.808,-0.475,-0.656,0.319,0.638,-0.215,-0.631,-0.777,0.595,0.872,0.399,-0.25,0.879,0.306,0.837,0.453,-0.389,0.691,0.761,0.89,-0.491,0.648,-0.041,-0.322,0.79,-0.733,0.938,0.776,0.673,0.868,-0.591,0.696,0.549,0.828,0.857,-0.366,0.452,0.667,0.151,0.884,0.89,0.853,0.683,0.879,0.678,0.008,0.264,0.865,0.16,0.856,0.372,0.027,-0.565,0.277,0.919,0.751,0.325,0.851,-0.489,0.809,0.797,0.714,0.924,0.748,0.732,-0.536,0.317,0.677,0.868,0.565,0.619,0.298,-0.456,0.808,0.405,-0.795,0.931,0.949,0.622,0.768,0.892,-0.55,0.783,0.854,0.832,0.916,-0.711,0.8,0.073,0.713,0.93,-0.409,0.424,-0.147,0.913,0.113,-0.849,-0.778,-0.789,-0.651,0.874,0.904,-0.615,-0.176,0.45,-0.449,-0.231
CDNA,-0.273,0.035,0.378,0.883,0.773,0.855,0.639,0.828,-0.646,0.151,-0.375,0.024,0.654,0.815,0.604,-0.166,0.654,0.613,0.096,-0.252,0.774,-0.347,-0.021,0.378,0.715,0.499,0.471,0.661,0.0,0.607,-0.33,0.284,0.614,0.626,0.823,0.389,0.562,0.518,0.646,0.626,0.228,0.89,0.543,0.083,0.759,-0.403,0.689,-0.49,0.076,0.331,0.525,0.796,0.205,0.62,0.726,0.421,0.522,-0.103,0.602,0.428,0.694,-0.692,-0.41,0.685,0.523,-0.234,0.881,0.881,0.315,0.529,-0.761,-0.497,0.713,0.1,0.797,-0.513,0.516,0.57,0.934,-0.616,0.709,0.896,0.122,-0.288,0.36,0.392,-0.266,0.821,-0.102,-0.468,0.825,0.546,0.836,0.411,-0.25,-0.083,-0.228,0.709,-0.032,-0.723,-0.596,0.574,0.741,0.706,-0.008,0.677,-0.197,0.414,-0.044,-0.528,0.919,0.304,0.757,-0.584,0.762,-0.167,-0.623,0.477,-0.543,0.759,0.251,0.905,0.626,-0.456,0.921,0.047,0.715,0.766,-0.701,0.143,0.818,0.721,0.665,0.567,0.689,0.528,0.742,0.494,-0.47,0.357,0.618,-0.361,0.871,-0.094,-0.538,-0.235,-0.226,0.637,0.712,0.662,0.505,0.025,0.886,0.403,0.608,0.746,0.709,0.527,-0.566,0.706,0.68,0.715,0.142,0.477,0.201,-0.567,0.658,-0.074,-0.317,0.531,0.709,0.804,0.674,0.713,-0.728,0.372,0.826,0.606,0.535,-0.744,0.49,0.534,0.575,0.563,-0.565,-0.214,-0.11,0.693,0.656,-0.722,-0.618,-0.304,-0.559,0.711,0.607,-0.182,0.395,0.578,0.024,-0.325
CG,-0.691,-0.497,0.899,0.846,0.35,0.629,0.584,0.401,-0.245,0.779,-0.535,-0.568,0.897,0.791,0.897,0.363,0.554,0.81,0.744,0.082,0.828,-0.244,0.464,0.862,0.789,0.857,0.444,0.889,0.607,0.0,-0.418,0.663,0.779,0.828,0.752,0.783,0.794,0.926,0.693,0.923,0.749,0.682,0.931,0.674,0.77,0.192,0.727,0.135,-0.536,0.808,0.911,0.814,0.831,0.154,0.813,-0.325,0.102,0.534,0.269,0.046,0.798,-0.633,-0.335,0.908,0.828,0.373,0.796,0.376,-0.133,0.206,-0.614,-0.07,0.865,0.703,0.825,-0.76,-0.12,0.473,0.677,-0.429,0.882,0.645,0.426,-0.511,-0.164,-0.151,-0.678,0.809,0.014,-0.639,0.603,0.531,0.641,0.761,-0.376,-0.716,0.517,0.476,0.026,-0.452,-0.606,0.697,0.803,0.263,0.028,0.825,0.525,0.903,0.559,-0.183,0.636,0.878,0.817,-0.238,0.55,0.23,-0.11,0.9,-0.565,0.895,0.829,0.656,0.945,-0.41,0.589,0.685,0.833,0.858,-0.198,0.55,0.499,0.084,0.862,0.916,0.85,0.814,0.778,0.781,0.189,0.137,0.891,0.3,0.815,0.391,0.159,-0.412,0.492,0.913,0.765,0.346,0.914,-0.609,0.735,0.82,0.778,0.828,0.648,0.699,-0.331,0.298,0.611,0.917,0.671,0.798,0.544,-0.24,0.828,0.579,-0.653,0.947,0.926,0.53,0.646,0.891,-0.333,0.79,0.873,0.815,0.86,-0.539,0.747,0.097,0.817,0.861,-0.245,0.534,0.025,0.903,0.06,-0.68,-0.63,-0.755,-0.509,0.881,0.9,-0.605,-0.064,0.288,-0.324,0.006
CGBD,0.655,0.566,-0.452,-0.489,-0.159,-0.472,0.082,-0.129,0.416,-0.397,0.634,0.539,-0.608,-0.371,-0.533,0.162,0.025,-0.239,-0.417,-0.232,-0.282,0.34,-0.082,-0.534,-0.346,-0.381,0.253,-0.548,-0.33,-0.418,0.0,-0.07,-0.678,-0.679,-0.607,-0.723,0.017,-0.601,-0.72,-0.659,-0.683,-0.558,-0.58,-0.472,-0.327,0.236,-0.249,0.07,0.498,-0.309,-0.396,-0.364,-0.319,-0.126,-0.563,0.191,-0.255,-0.281,0.378,-0.206,-0.539,0.658,0.604,-0.407,-0.405,0.004,-0.432,-0.137,0.266,-0.643,0.516,0.343,-0.655,-0.488,-0.571,0.63,-0.139,0.222,-0.521,0.342,-0.651,-0.493,-0.759,0.802,-0.061,0.073,0.737,-0.642,0.551,0.66,-0.374,-0.213,-0.584,-0.788,0.223,0.379,-0.058,-0.423,0.322,0.249,0.621,-0.276,-0.518,-0.138,0.409,-0.712,-0.009,-0.453,-0.305,0.534,-0.268,-0.362,-0.59,0.539,-0.515,0.299,0.101,-0.459,0.72,-0.547,-0.572,-0.226,-0.455,0.432,-0.542,-0.134,-0.565,-0.459,0.291,-0.311,-0.322,-0.126,-0.673,-0.647,-0.271,-0.201,-0.598,-0.361,0.162,-0.496,-0.67,-0.082,-0.555,-0.567,-0.01,0.442,-0.022,-0.514,-0.507,-0.395,-0.401,0.104,-0.483,-0.566,0.035,-0.682,-0.577,-0.264,0.452,-0.185,-0.533,-0.315,-0.333,-0.056,-0.11,0.241,-0.751,-0.328,0.666,-0.537,-0.519,-0.392,-0.665,-0.466,0.405,-0.29,-0.538,-0.725,-0.53,0.62,-0.418,-0.011,-0.239,-0.703,0.287,-0.315,0.162,-0.671,-0.196,0.61,0.572,0.695,0.353,-0.474,-0.651,0.628,0.249,-0.564,0.611,0.321
