,ACET,ADAP,ADI,ADPT,ADTN,AGEN,ALGN,ALLK,AMD,AMWD,ARDX,ARQT,ASTE,AUPH,AVXL,AZTA,BAND,BECN,BFC,BGC,BHF,BHFAL,BKNG,BL,BOKF,BRKR,CACC,CAR,CDNA,CG,CGBD,CHI,CHTR,CHX,CLNE,CME,CNOB,CNXN,CPRX,CSGP,CSGS,CSIQ,CVCO,CVLT,CYRX,DDOG,DOOO,DSGX,DTIL,ECPG,EEFT,EFSC,ENTG,ESPR,ETSY,EXC,FAMI,FFIV,FITB,FIZZ,FMBH,FOX,FTNT,FULT,GABC,GEN,GH,GMAB,GNPX,GO,GOGL,GOOG,GPRO,GSHD,GSM,GWAV,HAIN,HBAN,HEPA,HURN,HWKN,IBIO,ICFI,IGMS,IMKTA,INCY,INO,IRDM,IRTC,IRWD,ITCI,JACK,JD,JJSF,KALA,KHC,KLAC,KRRO,KRYS,LANC,LBTYA,LIVN,LKCO,LNTH,LOGI,LPRO,LRCX,LSCC,LSTR,MAR,MARA,MCHP,MEOH,META,MGTX,MKSI,MMYT,MORN,MRUS,MTLS,MTSI,MVIS,MXL,NBIX,NFE,NMIH,NMRK,NNDM,NSIT,NTCT,NVAX,OCUL,ODP,OLED,ONB,OTEX,PACB,PATK,PAYX,PEP,PERI,PI,PLYA,PRDO,PRGS,PTGX,QCOM,QCRH,QDEL,QFIN,RGEN,RILY,RPAY,RPD,SABR,SEDG,SHEN,SIRI,SLNO,SNDL,SNEX,SONO,SPT,SSNC,STGW,STKL,STRL,STX,SWTX,SYNA,TFSL,TIGR,TNXP,TOWN,TRI,TRIP,TRMB,TRNS,TRS,TSCO,TSEM,TVTX,TXRH,VC,VCEL,VECO,VIAV,VICR,VIR,VRTX,VSTM,VTRS,WDFC,WSBC,WSC,WYNN,XENE,XNCR,XRAY,ZS
ACET,0.0,0.438,0.837,-0.637,-0.664,0.916,-0.329,-0.271,0.857,-0.311,0.612,-0.554,-0.687,-0.689,-0.704,-0.252,-0.218,-0.567,-0.57,-0.546,-0.508,0.28,-0.778,-0.52,-0.49,0.764,0.655,-0.906,0.414,-0.18,0.848,-0.138,-0.764,-0.423,0.06,0.229,-0.54,-0.014,-0.228,0.089,-0.61,0.229,-0.709,-0.714,-0.293,-0.21,0.735,-0.59,0.664,-0.553,-0.539,-0.653,0.328,-0.274,-0.413,0.658,0.588,-0.671,-0.665,-0.641,-0.566,-0.836,-0.651,-0.722,-0.731,-0.798,-0.768,0.777,0.458,-0.332,-0.707,-0.572,0.067,-0.802,0.671,0.889,0.609,-0.697,0.543,-0.676,-0.09,0.908,0.633,0.831,-0.726,-0.662,0.892,0.142,-0.531,-0.184,-0.649,0.074,0.794,-0.159,-0.449,0.912,0.729,0.722,-0.166,-0.41,0.793,0.235,0.788,0.753,0.635,-0.667,0.216,0.603,-0.322,-0.594,-0.423,0.877,-0.565,0.222,-0.567,-0.511,-0.037,-0.196,0.545,-0.812,-0.411,0.895,0.047,-0.528,-0.23,0.572,-0.392,0.817,0.901,-0.513,0.927,0.821,0.747,0.898,-0.669,0.759,-0.221,0.436,-0.483,0.81,-0.574,0.782,-0.597,-0.826,-0.472,0.762,0.619,-0.693,0.028,0.849,-0.027,0.818,-0.487,-0.452,0.203,0.619,0.543,0.13,-0.186,0.528,-0.689,-0.575,-0.356,-0.035,-0.651,-0.801,-0.575,0.733,-0.81,-0.272,-0.73,0.56,0.775,-0.435,0.21,0.366,-0.636,0.541,0.627,0.243,-0.138,-0.216,-0.704,-0.242,-0.724,0.829,-0.619,-0.51,-0.477,-0.187,-0.768,-0.604,-0.713,-0.724,0.427,0.555,0.195,-0.684,0.689,-0.69
ADAP,0.438,0.0,0.244,0.14,-0.191,0.386,-0.096,0.044,0.151,0.224,0.189,0.062,-0.031,-0.174,0.1,0.538,0.133,0.003,0.037,0.184,-0.002,0.337,0.006,-0.075,0.043,0.608,0.058,-0.276,0.662,0.193,0.151,0.03,0.058,0.103,0.44,-0.138,0.043,0.232,0.336,0.358,-0.041,0.176,0.12,-0.143,0.405,-0.374,0.363,0.099,0.735,0.032,-0.051,-0.074,0.12,0.143,0.452,-0.089,0.002,-0.223,-0.184,0.139,-0.068,-0.127,-0.144,-0.106,-0.104,-0.058,-0.136,0.552,-0.027,-0.029,-0.13,-0.085,0.339,-0.387,0.332,0.316,0.226,-0.142,0.05,0.113,-0.021,0.402,0.717,0.234,-0.013,0.041,0.549,0.399,0.055,0.348,0.097,0.06,0.36,0.464,-0.211,0.324,0.417,0.664,0.287,0.218,0.463,-0.189,0.077,0.228,0.207,0.129,0.118,0.216,0.236,-0.117,-0.069,0.319,-0.194,-0.024,0.055,-0.065,0.338,0.261,0.452,-0.337,-0.005,0.527,-0.084,0.065,0.159,0.094,-0.213,0.113,0.166,-0.002,0.364,0.379,0.158,0.109,-0.053,-0.018,0.42,-0.133,0.038,0.284,0.07,0.587,-0.083,-0.228,0.077,0.401,0.257,-0.135,0.5,0.28,0.564,0.065,0.266,-0.136,-0.452,0.252,0.105,0.062,0.322,0.042,-0.032,0.166,0.105,0.297,0.041,0.009,0.013,0.529,-0.287,-0.11,-0.193,0.535,0.132,0.061,0.605,0.29,-0.027,0.229,0.43,0.443,-0.104,0.103,-0.313,-0.306,-0.161,0.441,0.116,0.099,0.355,0.375,-0.077,-0.131,-0.06,-0.097,0.396,-0.216,0.569,-0.097,0.188,-0.178
ADI,0.837,0.244,0.0,-0.532,-0.625,0.875,-0.228,-0.031,0.793,-0.404,0.721,-0.457,-0.597,-0.573,-0.635,-0.321,-0.155,-0.478,-0.493,-0.43,-0.422,0.316,-0.637,-0.552,-0.478,0.643,0.504,-0.714,0.333,-0.071,0.64,-0.305,-0.622,-0.495,0.156,0.144,-0.551,-0.134,-0.059,-0.093,-0.582,0.367,-0.653,-0.49,-0.317,-0.073,0.489,-0.553,0.464,-0.463,-0.376,-0.561,0.498,-0.3,-0.44,0.45,0.629,-0.426,-0.588,-0.611,-0.51,-0.748,-0.704,-0.61,-0.627,-0.694,-0.643,0.803,0.343,-0.44,-0.703,-0.355,0.192,-0.547,0.54,0.707,0.612,-0.587,0.276,-0.572,-0.267,0.758,0.574,0.814,-0.659,-0.452,0.843,0.08,-0.372,-0.119,-0.492,0.389,0.821,-0.068,-0.057,0.717,0.835,0.515,-0.151,-0.234,0.783,0.178,0.567,0.655,0.494,-0.597,0.531,0.798,-0.366,-0.56,-0.462,0.91,-0.587,0.302,-0.558,-0.374,0.075,-0.4,0.562,-0.57,-0.265,0.748,0.106,-0.347,-0.251,0.358,-0.238,0.651,0.74,-0.503,0.851,0.712,0.723,0.846,-0.566,0.619,-0.044,0.273,-0.398,0.519,-0.447,0.453,-0.528,-0.704,-0.475,0.885,0.725,-0.591,-0.03,0.784,-0.251,0.774,-0.388,-0.197,0.246,0.564,0.655,0.086,0.004,0.566,-0.523,-0.576,-0.386,-0.345,-0.651,-0.679,-0.623,0.419,-0.734,-0.169,-0.613,0.494,0.527,-0.465,0.008,0.503,-0.525,0.213,0.549,-0.045,-0.28,-0.297,-0.427,0.11,-0.606,0.8,-0.471,-0.408,-0.357,-0.203,-0.663,-0.549,-0.626,-0.619,0.49,0.502,0.121,-0.588,0.592,-0.677
ADPT,-0.637,0.14,-0.532,0.0,0.788,-0.65,0.478,0.59,-0.65,0.707,-0.564,0.911,0.912,0.867,0.959,0.747,0.538,0.877,0.884,0.95,0.793,0.306,0.926,0.71,0.765,-0.339,-0.496,0.793,0.261,0.618,-0.856,0.4,0.917,0.694,0.566,-0.301,0.795,0.412,0.819,0.337,0.85,-0.235,0.913,0.842,0.791,0.039,-0.653,0.904,-0.297,0.865,0.722,0.857,0.015,0.661,0.809,-0.806,-0.604,0.768,0.783,0.917,0.78,0.866,0.702,0.885,0.889,0.91,0.883,-0.214,-0.542,0.449,0.81,0.85,0.568,0.703,-0.515,-0.686,-0.656,0.863,-0.653,0.959,0.276,-0.722,-0.015,-0.723,0.928,0.929,-0.451,0.212,0.836,0.749,0.923,0.049,-0.54,0.79,0.577,-0.802,-0.205,-0.143,0.729,0.871,-0.381,-0.24,-0.854,-0.82,-0.672,0.823,0.23,-0.152,0.75,0.783,0.618,-0.653,0.618,0.203,0.865,0.817,0.509,0.596,0.11,0.759,0.79,-0.421,0.26,0.864,0.652,-0.574,0.526,-0.851,-0.835,0.792,-0.65,-0.373,-0.779,-0.805,0.891,-0.78,0.633,-0.435,0.846,-0.768,0.9,-0.371,0.856,0.824,0.787,-0.305,-0.202,0.862,0.639,-0.701,0.452,-0.746,0.922,0.622,-0.305,-0.624,-0.57,-0.108,0.708,-0.569,0.918,0.833,0.511,0.319,0.897,0.927,0.812,-0.36,0.724,0.616,0.84,-0.166,-0.781,0.736,0.409,-0.175,0.884,-0.439,-0.131,0.157,0.205,0.478,0.749,0.282,0.87,-0.5,0.946,0.901,0.878,0.777,0.84,0.804,0.838,0.899,0.083,-0.92,0.489,0.865,-0.82,0.719
ADTN,-0.664,-0.191,-0.625,0.788,0.0,-0.817,0.581,0.338,-0.462,0.761,-0.839,0.886,0.886,0.949,0.82,0.466,0.274,0.898,0.836,0.739,0.809,0.11,0.7,0.902,0.799,-0.583,-0.252,0.771,0.124,0.527,-0.687,0.711,0.714,0.781,0.284,0.04,0.811,0.515,0.617,0.375,0.944,-0.602,0.777,0.697,0.517,0.148,-0.65,0.891,-0.498,0.792,0.739,0.859,-0.021,0.729,0.531,-0.477,-0.51,0.666,0.896,0.824,0.843,0.822,0.935,0.872,0.87,0.828,0.878,-0.369,-0.485,0.784,0.893,0.738,0.345,0.764,-0.603,-0.587,-0.91,0.897,-0.381,0.737,0.626,-0.729,-0.309,-0.868,0.845,0.693,-0.689,-0.038,0.642,0.536,0.623,-0.383,-0.737,0.546,0.433,-0.767,-0.401,-0.196,0.715,0.597,-0.625,0.143,-0.617,-0.916,-0.68,0.577,0.052,-0.19,0.764,0.925,0.835,-0.818,0.885,0.341,0.92,0.876,0.304,0.703,0.053,0.809,0.831,-0.493,0.507,0.647,0.593,-0.391,0.73,-0.677,-0.682,0.836,-0.711,-0.298,-0.871,-0.718,0.892,-0.484,0.096,-0.049,0.863,-0.629,0.764,-0.37,0.966,0.878,0.866,-0.552,-0.318,0.896,0.526,-0.807,0.298,-0.673,0.738,0.511,0.119,-0.83,-0.744,-0.043,0.428,-0.718,0.749,0.76,0.463,0.414,0.929,0.792,0.936,-0.326,0.807,0.809,0.901,-0.447,-0.53,0.781,0.325,-0.631,0.886,-0.153,-0.102,0.205,0.603,0.655,0.713,0.298,0.946,-0.723,0.786,0.802,0.518,0.638,0.724,0.972,0.815,0.882,-0.026,-0.724,0.31,0.936,-0.934,0.895
AGEN,0.916,0.386,0.875,-0.65,-0.817,0.0,-0.396,-0.213,0.739,-0.482,0.799,-0.648,-0.758,-0.787,-0.732,-0.315,-0.149,-0.676,-0.649,-0.553,-0.622,0.283,-0.718,-0.718,-0.6,0.767,0.489,-0.88,0.289,-0.199,0.782,-0.446,-0.729,-0.606,0.079,0.082,-0.664,-0.225,-0.277,-0.064,-0.754,0.459,-0.71,-0.654,-0.339,-0.189,0.727,-0.714,0.639,-0.58,-0.6,-0.737,0.282,-0.427,-0.424,0.535,0.562,-0.621,-0.772,-0.711,-0.678,-0.872,-0.845,-0.773,-0.789,-0.817,-0.823,0.753,0.404,-0.596,-0.812,-0.577,0.063,-0.782,0.698,0.782,0.826,-0.776,0.428,-0.66,-0.374,0.871,0.625,0.929,-0.769,-0.599,0.922,0.212,-0.546,-0.178,-0.565,0.364,0.884,-0.21,-0.33,0.869,0.743,0.59,-0.297,-0.384,0.863,0.021,0.665,0.841,0.672,-0.641,0.249,0.551,-0.486,-0.751,-0.638,0.966,-0.749,0.047,-0.705,-0.635,-0.036,-0.442,0.404,-0.816,-0.536,0.82,-0.168,-0.502,-0.356,0.491,-0.492,0.726,0.822,-0.641,0.936,0.68,0.864,0.863,-0.749,0.618,-0.041,0.239,-0.607,0.691,-0.617,0.629,-0.728,-0.876,-0.648,0.86,0.619,-0.777,-0.097,0.895,-0.198,0.815,-0.538,-0.387,0.043,0.767,0.714,0.071,-0.139,0.642,-0.658,-0.665,-0.457,-0.248,-0.766,-0.793,-0.727,0.589,-0.823,-0.44,-0.808,0.626,0.63,-0.571,0.002,0.631,-0.723,0.309,0.506,0.04,-0.398,-0.365,-0.654,-0.184,-0.814,0.894,-0.619,-0.594,-0.416,-0.281,-0.75,-0.746,-0.781,-0.784,0.369,0.583,0.085,-0.789,0.816,-0.851
ALGN,-0.329,-0.096,-0.228,0.478,0.581,-0.396,0.0,0.21,-0.11,0.746,-0.371,0.654,0.642,0.598,0.45,0.384,0.115,0.704,0.674,0.581,0.718,0.258,0.416,0.683,0.732,-0.214,0.226,0.459,0.3,0.615,-0.419,0.551,0.486,0.745,0.362,-0.005,0.677,0.733,0.469,0.45,0.679,-0.559,0.582,0.336,0.482,0.194,-0.234,0.599,-0.272,0.671,0.711,0.648,-0.019,0.454,0.312,-0.171,-0.163,0.223,0.692,0.642,0.712,0.551,0.559,0.654,0.626,0.435,0.559,-0.127,-0.605,0.631,0.669,0.38,0.254,0.467,-0.036,-0.339,-0.555,0.681,-0.064,0.443,0.611,-0.405,-0.21,-0.592,0.576,0.355,-0.255,0.104,0.512,0.534,0.315,-0.243,-0.485,0.56,0.265,-0.361,-0.18,0.181,0.624,0.531,-0.248,0.21,-0.377,-0.64,-0.493,0.482,0.298,0.206,0.709,0.677,0.557,-0.403,0.682,0.122,0.666,0.632,0.516,0.596,0.327,0.501,0.691,-0.041,0.579,0.318,0.716,-0.113,0.611,-0.362,-0.29,0.606,-0.424,-0.058,-0.622,-0.325,0.654,-0.235,0.04,0.196,0.721,-0.265,0.517,-0.146,0.655,0.529,0.707,-0.172,0.175,0.665,0.4,-0.436,0.192,-0.377,0.506,0.245,0.228,-0.68,-0.213,-0.236,0.267,-0.52,0.517,0.53,0.563,0.357,0.603,0.478,0.593,0.035,0.571,0.635,0.657,-0.14,-0.289,0.698,0.207,-0.346,0.694,0.222,0.132,0.394,0.419,0.369,0.476,0.347,0.569,-0.231,0.516,0.61,0.418,0.541,0.248,0.563,0.577,0.635,0.333,-0.518,0.469,0.665,-0.568,0.568
ALLK,-0.271,0.044,-0.031,0.59,0.338,-0.213,0.21,0.0,-0.288,0.183,-0.138,0.515,0.448,0.446,0.533,0.345,0.28,0.439,0.461,0.583,0.364,0.319,0.542,0.236,0.274,-0.237,-0.349,0.419,0.08,0.296,-0.549,0.067,0.561,0.196,0.498,-0.238,0.302,0.034,0.651,-0.046,0.373,0.194,0.395,0.489,0.421,-0.041,-0.644,0.432,-0.253,0.473,0.529,0.448,0.23,0.464,0.309,-0.577,-0.053,0.502,0.331,0.461,0.338,0.386,0.223,0.451,0.438,0.484,0.423,0.168,-0.013,0.06,0.294,0.591,0.539,0.546,-0.35,-0.304,-0.262,0.457,-0.683,0.516,-0.145,-0.359,0.085,-0.156,0.401,0.587,-0.099,-0.121,0.753,0.466,0.554,0.394,-0.033,0.52,0.764,-0.479,0.08,-0.181,0.433,0.642,0.02,-0.24,-0.467,-0.399,-0.573,0.407,0.551,0.225,0.282,0.339,0.259,-0.175,0.15,0.256,0.372,0.423,0.386,0.098,0.27,0.534,0.518,-0.175,0.219,0.544,0.242,-0.466,0.384,-0.446,-0.507,0.333,-0.233,-0.129,-0.294,-0.383,0.446,-0.472,0.508,-0.45,0.427,-0.571,0.546,-0.368,0.429,0.395,0.316,0.135,0.112,0.443,0.303,-0.124,0.017,-0.383,0.546,0.464,-0.108,-0.228,-0.036,-0.229,0.693,0.074,0.562,0.409,0.115,-0.225,0.338,0.488,0.293,-0.427,0.225,0.405,0.381,-0.146,-0.611,0.233,0.147,0.126,0.458,-0.509,-0.104,-0.258,-0.065,0.063,0.533,0.446,0.503,-0.239,0.56,0.61,0.562,0.449,0.461,0.36,0.574,0.452,0.257,-0.539,0.158,0.426,-0.417,0.234
AMD,0.857,0.151,0.793,-0.65,-0.462,0.739,-0.11,-0.288,0.0,-0.213,0.438,-0.445,-0.576,-0.513,-0.693,-0.367,-0.367,-0.447,-0.475,-0.55,-0.366,0.182,-0.801,-0.31,-0.369,0.51,0.721,-0.751,0.273,-0.101,0.804,0.029,-0.764,-0.296,0.002,0.422,-0.44,0.091,-0.219,0.121,-0.468,0.065,-0.687,-0.631,-0.351,-0.038,0.627,-0.497,0.399,-0.494,-0.348,-0.53,0.398,-0.174,-0.565,0.725,0.619,-0.545,-0.473,-0.588,-0.415,-0.733,-0.455,-0.592,-0.616,-0.752,-0.637,0.682,0.386,-0.047,-0.55,-0.519,0.054,-0.565,0.55,0.868,0.403,-0.543,0.591,-0.73,0.106,0.808,0.431,0.666,-0.697,-0.67,0.692,0.058,-0.499,-0.219,-0.738,-0.04,0.647,-0.197,-0.309,0.825,0.626,0.621,-0.091,-0.418,0.604,0.48,0.776,0.572,0.542,-0.693,0.279,0.683,-0.203,-0.405,-0.198,0.744,-0.352,0.342,-0.445,-0.334,-0.043,-0.138,0.543,-0.576,-0.251,0.785,0.299,-0.589,-0.175,0.557,-0.167,0.845,0.881,-0.385,0.804,0.847,0.609,0.884,-0.534,0.851,-0.435,0.639,-0.359,0.732,-0.518,0.636,-0.432,-0.674,-0.335,0.643,0.649,-0.526,-0.042,0.747,-0.141,0.805,-0.493,-0.335,0.53,0.409,0.487,0.187,-0.2,0.449,-0.634,-0.508,-0.297,-0.098,-0.559,-0.763,-0.461,0.594,-0.658,-0.047,-0.562,0.398,0.817,-0.337,0.133,0.102,-0.5,0.594,0.608,0.156,0.129,-0.103,-0.54,0.018,-0.541,0.655,-0.593,-0.446,-0.557,-0.213,-0.733,-0.44,-0.607,-0.6,0.48,0.582,0.098,-0.51,0.512,-0.477
AMWD,-0.311,0.224,-0.404,0.707,0.761,-0.482,0.746,0.183,-0.213,0.0,-0.582,0.838,0.821,0.749,0.699,0.715,0.342,0.867,0.862,0.755,0.875,0.365,0.569,0.879,0.929,-0.119,0.107,0.524,0.541,0.768,-0.448,0.786,0.618,0.934,0.494,-0.054,0.906,0.859,0.68,0.679,0.867,-0.626,0.76,0.488,0.719,0.097,-0.223,0.84,-0.083,0.834,0.682,0.816,0.054,0.682,0.641,-0.303,-0.422,0.387,0.837,0.832,0.871,0.693,0.764,0.806,0.796,0.639,0.718,-0.121,-0.56,0.789,0.797,0.556,0.403,0.427,-0.11,-0.33,-0.703,0.812,-0.131,0.674,0.772,-0.432,0.052,-0.682,0.781,0.538,-0.279,0.329,0.571,0.725,0.519,-0.376,-0.551,0.771,0.14,-0.411,-0.187,0.315,0.844,0.66,-0.323,0.221,-0.475,-0.757,-0.485,0.638,0.101,0.066,0.958,0.856,0.768,-0.538,0.781,0.265,0.885,0.787,0.578,0.895,0.384,0.497,0.784,-0.031,0.53,0.536,0.855,-0.094,0.58,-0.448,-0.394,0.875,-0.443,0.055,-0.773,-0.478,0.84,-0.319,0.189,0.183,0.879,-0.293,0.746,0.082,0.835,0.668,0.923,-0.278,0.041,0.815,0.692,-0.576,0.608,-0.465,0.764,0.384,0.044,-0.729,-0.523,-0.006,0.421,-0.734,0.676,0.754,0.655,0.677,0.853,0.656,0.857,0.164,0.658,0.707,0.795,-0.06,-0.283,0.927,0.534,-0.415,0.845,0.232,0.285,0.632,0.579,0.634,0.506,0.161,0.726,-0.28,0.716,0.779,0.594,0.786,0.471,0.768,0.686,0.806,0.327,-0.749,0.71,0.827,-0.707,0.764
ARDX,0.612,0.189,0.721,-0.564,-0.839,0.799,-0.371,-0.138,0.438,-0.582,0.0,-0.614,-0.636,-0.698,-0.653,-0.286,-0.055,-0.661,-0.584,-0.438,-0.548,0.126,-0.479,-0.789,-0.587,0.665,0.204,-0.604,0.047,-0.221,0.5,-0.671,-0.492,-0.625,0.07,-0.272,-0.62,-0.326,-0.295,-0.221,-0.718,0.607,-0.575,-0.442,-0.256,0.069,0.534,-0.679,0.445,-0.512,-0.526,-0.63,0.242,-0.68,-0.376,0.231,0.359,-0.427,-0.712,-0.625,-0.634,-0.667,-0.912,-0.64,-0.65,-0.657,-0.645,0.464,0.298,-0.753,-0.703,-0.444,-0.118,-0.612,0.699,0.43,0.848,-0.659,0.213,-0.496,-0.59,0.61,0.364,0.811,-0.626,-0.403,0.714,0.083,-0.402,-0.225,-0.37,0.565,0.798,-0.239,-0.226,0.601,0.572,0.271,-0.484,-0.28,0.666,-0.177,0.388,0.728,0.598,-0.345,0.244,0.434,-0.547,-0.732,-0.795,0.832,-0.761,-0.125,-0.731,-0.576,-0.014,-0.621,0.158,-0.664,-0.515,0.502,-0.424,-0.409,-0.311,0.193,-0.593,0.509,0.529,-0.624,0.654,0.308,0.743,0.64,-0.657,0.3,0.159,-0.044,-0.613,0.38,-0.46,0.309,-0.738,-0.717,-0.662,0.726,0.591,-0.672,-0.37,0.728,-0.27,0.604,-0.504,-0.253,-0.17,0.74,0.702,-0.036,-0.161,0.613,-0.464,-0.643,-0.215,-0.405,-0.747,-0.566,-0.808,0.339,-0.631,-0.599,-0.691,0.651,0.333,-0.578,-0.287,0.76,-0.617,-0.006,0.213,-0.101,-0.658,-0.655,-0.43,-0.135,-0.783,0.794,-0.48,-0.563,-0.241,-0.383,-0.648,-0.738,-0.723,-0.654,0.235,0.487,-0.008,-0.717,0.73,-0.794
ARQT,-0.554,0.062,-0.457,0.911,0.886,-0.648,0.654,0.515,-0.445,0.838,-0.614,0.0,0.95,0.931,0.898,0.686,0.424,0.947,0.929,0.922,0.873,0.359,0.81,0.845,0.864,-0.338,-0.267,0.765,0.327,0.69,-0.752,0.598,0.845,0.811,0.583,-0.155,0.856,0.608,0.866,0.481,0.947,-0.43,0.882,0.771,0.747,0.171,-0.615,0.948,-0.33,0.911,0.826,0.906,0.142,0.687,0.696,-0.642,-0.513,0.705,0.877,0.926,0.872,0.831,0.786,0.92,0.909,0.854,0.915,-0.151,-0.593,0.654,0.887,0.826,0.544,0.718,-0.462,-0.592,-0.788,0.923,-0.515,0.864,0.505,-0.676,-0.055,-0.761,0.909,0.837,-0.449,0.147,0.814,0.753,0.786,-0.127,-0.55,0.817,0.547,-0.728,-0.155,-0.014,0.846,0.84,-0.421,0.01,-0.751,-0.884,-0.655,0.749,0.326,0.021,0.875,0.9,0.72,-0.64,0.785,0.356,0.95,0.947,0.58,0.717,0.287,0.775,0.942,-0.329,0.477,0.771,0.751,-0.495,0.683,-0.714,-0.714,0.869,-0.613,-0.195,-0.826,-0.701,0.945,-0.609,0.415,-0.191,0.935,-0.661,0.897,-0.294,0.951,0.857,0.904,-0.294,-0.054,0.923,0.676,-0.692,0.438,-0.664,0.904,0.585,-0.054,-0.755,-0.603,-0.144,0.646,-0.636,0.872,0.836,0.551,0.404,0.933,0.866,0.869,-0.235,0.77,0.778,0.903,-0.181,-0.64,0.83,0.466,-0.347,0.957,-0.22,0.009,0.302,0.443,0.586,0.778,0.354,0.911,-0.494,0.924,0.934,0.772,0.849,0.683,0.901,0.831,0.922,0.213,-0.893,0.58,0.951,-0.91,0.806
ASTE,-0.687,-0.031,-0.597,0.912,0.886,-0.758,0.642,0.448,-0.576,0.821,-0.636,0.95,0.0,0.946,0.912,0.683,0.479,0.952,0.97,0.91,0.907,0.263,0.872,0.85,0.903,-0.453,-0.332,0.84,0.211,0.682,-0.818,0.585,0.882,0.85,0.476,-0.216,0.918,0.59,0.752,0.402,0.951,-0.461,0.903,0.827,0.713,0.192,-0.631,0.957,-0.424,0.913,0.792,0.973,0.029,0.645,0.703,-0.673,-0.615,0.756,0.932,0.938,0.928,0.916,0.823,0.978,0.977,0.904,0.959,-0.35,-0.593,0.642,0.933,0.839,0.422,0.753,-0.452,-0.699,-0.798,0.969,-0.518,0.912,0.51,-0.764,-0.192,-0.843,0.963,0.854,-0.59,0.15,0.783,0.689,0.813,-0.158,-0.669,0.741,0.482,-0.814,-0.33,-0.144,0.749,0.804,-0.543,-0.017,-0.809,-0.93,-0.677,0.815,0.145,-0.134,0.862,0.927,0.753,-0.76,0.799,0.259,0.937,0.911,0.541,0.703,0.089,0.805,0.876,-0.461,0.387,0.781,0.754,-0.475,0.614,-0.79,-0.786,0.912,-0.734,-0.34,-0.897,-0.779,0.983,-0.67,0.401,-0.193,0.936,-0.741,0.928,-0.373,0.942,0.923,0.914,-0.451,-0.155,0.976,0.538,-0.786,0.42,-0.725,0.891,0.615,-0.096,-0.802,-0.645,-0.122,0.554,-0.71,0.921,0.838,0.62,0.417,0.956,0.918,0.884,-0.31,0.85,0.713,0.963,-0.234,-0.679,0.878,0.332,-0.376,0.987,-0.278,-0.087,0.279,0.409,0.504,0.816,0.312,0.927,-0.563,0.916,0.908,0.756,0.734,0.77,0.893,0.856,0.98,0.077,-0.887,0.484,0.959,-0.912,0.864
AUPH,-0.689,-0.174,-0.573,0.867,0.949,-0.787,0.598,0.446,-0.513,0.749,-0.698,0.931,0.946,0.0,0.87,0.551,0.413,0.925,0.907,0.841,0.86,0.201,0.808,0.865,0.83,-0.542,-0.338,0.83,0.137,0.61,-0.782,0.615,0.799,0.779,0.393,-0.12,0.845,0.502,0.719,0.351,0.956,-0.489,0.828,0.827,0.613,0.226,-0.693,0.926,-0.506,0.85,0.765,0.917,0.079,0.662,0.596,-0.62,-0.583,0.786,0.912,0.868,0.877,0.872,0.855,0.932,0.929,0.88,0.952,-0.346,-0.521,0.67,0.916,0.859,0.442,0.801,-0.576,-0.657,-0.851,0.944,-0.509,0.839,0.517,-0.768,-0.269,-0.834,0.909,0.821,-0.652,0.042,0.736,0.607,0.752,-0.204,-0.665,0.646,0.528,-0.835,-0.317,-0.211,0.724,0.721,-0.569,0.057,-0.748,-0.938,-0.674,0.706,0.172,-0.125,0.78,0.929,0.791,-0.774,0.839,0.378,0.919,0.942,0.422,0.646,0.067,0.841,0.894,-0.509,0.446,0.763,0.679,-0.506,0.68,-0.758,-0.76,0.872,-0.718,-0.328,-0.883,-0.741,0.943,-0.592,0.295,-0.151,0.899,-0.756,0.866,-0.429,0.969,0.912,0.875,-0.464,-0.198,0.944,0.491,-0.786,0.305,-0.666,0.816,0.636,0.026,-0.81,-0.705,-0.048,0.54,-0.695,0.866,0.78,0.561,0.35,0.93,0.868,0.882,-0.376,0.828,0.784,0.94,-0.306,-0.637,0.806,0.295,-0.484,0.943,-0.307,-0.104,0.169,0.46,0.54,0.825,0.371,0.955,-0.642,0.879,0.866,0.646,0.668,0.779,0.96,0.824,0.941,0.021,-0.801,0.383,0.955,-0.961,0.876
AVXL,-0.704,0.1,-0.635,0.959,0.82,-0.732,0.45,0.533,-0.693,0.699,-0.653,0.898,0.912,0.87,0.0,0.716,0.519,0.871,0.867,0.92,0.759,0.261,0.935,0.729,0.763,-0.446,-0.542,0.828,0.166,0.566,-0.869,0.399,0.922,0.687,0.478,-0.241,0.786,0.373,0.768,0.343,0.855,-0.261,0.932,0.842,0.743,0.046,-0.67,0.904,-0.33,0.847,0.718,0.85,-0.039,0.664,0.806,-0.804,-0.641,0.776,0.799,0.929,0.77,0.884,0.763,0.895,0.898,0.95,0.894,-0.305,-0.548,0.492,0.839,0.821,0.49,0.748,-0.589,-0.721,-0.696,0.863,-0.66,0.94,0.288,-0.761,-0.086,-0.781,0.927,0.91,-0.551,0.156,0.808,0.694,0.897,-0.024,-0.61,0.722,0.574,-0.839,-0.306,-0.216,0.716,0.823,-0.478,-0.244,-0.863,-0.841,-0.676,0.819,0.137,-0.265,0.737,0.8,0.643,-0.731,0.645,0.138,0.865,0.799,0.446,0.586,0.0,0.801,0.757,-0.527,0.224,0.817,0.591,-0.577,0.536,-0.869,-0.873,0.791,-0.705,-0.42,-0.811,-0.86,0.892,-0.794,0.563,-0.435,0.819,-0.779,0.876,-0.423,0.866,0.861,0.781,-0.425,-0.314,0.87,0.58,-0.759,0.419,-0.799,0.891,0.616,-0.307,-0.654,-0.626,-0.119,0.657,-0.609,0.909,0.855,0.472,0.298,0.923,0.951,0.848,-0.403,0.773,0.612,0.848,-0.242,-0.775,0.718,0.37,-0.24,0.879,-0.439,-0.213,0.112,0.26,0.561,0.764,0.271,0.901,-0.595,0.926,0.869,0.822,0.747,0.865,0.811,0.865,0.901,-0.011,-0.915,0.405,0.891,-0.838,0.766
AZTA,-0.252,0.538,-0.321,0.747,0.466,-0.315,0.384,0.345,-0.367,0.715,-0.286,0.686,0.683,0.551,0.716,0.0,0.537,0.675,0.711,0.808,0.663,0.407,0.687,0.523,0.674,0.087,-0.22,0.473,0.552,0.658,-0.539,0.364,0.708,0.652,0.672,-0.357,0.714,0.598,0.716,0.554,0.639,-0.113,0.719,0.59,0.899,0.112,-0.191,0.742,0.08,0.717,0.51,0.637,0.115,0.503,0.772,-0.623,-0.522,0.486,0.546,0.804,0.611,0.638,0.431,0.653,0.662,0.613,0.608,-0.032,-0.427,0.346,0.572,0.595,0.482,0.323,-0.045,-0.37,-0.357,0.612,-0.412,0.773,0.303,-0.343,0.328,-0.446,0.718,0.681,-0.057,0.428,0.677,0.756,0.688,0.068,-0.296,0.822,0.189,-0.422,0.003,0.277,0.652,0.803,-0.153,-0.197,-0.601,-0.516,-0.381,0.792,0.187,0.012,0.726,0.576,0.447,-0.336,0.377,0.16,0.697,0.574,0.582,0.66,0.307,0.376,0.575,-0.076,0.122,0.645,0.69,-0.255,0.219,-0.487,-0.486,0.69,-0.354,-0.021,-0.582,-0.477,0.656,-0.52,0.637,-0.252,0.65,-0.405,0.782,0.077,0.589,0.533,0.675,-0.092,0.087,0.633,0.609,-0.391,0.738,-0.498,0.819,0.484,-0.331,-0.365,-0.307,-0.074,0.645,-0.401,0.73,0.771,0.625,0.451,0.683,0.682,0.608,0.094,0.494,0.368,0.567,0.195,-0.444,0.67,0.596,0.061,0.666,-0.142,0.105,0.427,0.132,0.347,0.47,0.108,0.538,-0.055,0.714,0.712,0.811,0.758,0.528,0.498,0.607,0.655,0.396,-0.822,0.728,0.625,-0.481,0.558
BAND,-0.218,0.133,-0.155,0.538,0.274,-0.149,0.115,0.28,-0.367,0.342,-0.055,0.424,0.479,0.413,0.519,0.537,0.0,0.506,0.48,0.559,0.399,0.425,0.62,0.25,0.443,-0.005,-0.262,0.345,0.311,0.571,-0.379,0.075,0.453,0.266,0.435,-0.286,0.429,0.141,0.485,0.312,0.356,0.022,0.428,0.622,0.459,0.142,-0.159,0.42,-0.032,0.531,0.179,0.436,0.312,0.294,0.673,-0.498,-0.594,0.591,0.376,0.417,0.393,0.383,0.169,0.476,0.478,0.535,0.424,-0.14,-0.348,-0.089,0.314,0.618,0.412,0.305,-0.093,-0.341,-0.122,0.42,-0.397,0.638,-0.026,-0.32,0.225,-0.184,0.526,0.635,-0.103,0.343,0.317,0.57,0.667,0.307,-0.142,0.536,0.281,-0.411,0.085,-0.005,0.426,0.531,-0.071,-0.272,-0.554,-0.351,-0.205,0.487,0.166,-0.1,0.365,0.397,0.209,-0.193,0.086,0.252,0.381,0.399,0.447,0.21,-0.01,0.278,0.343,-0.209,-0.118,0.634,0.442,-0.144,0.177,-0.526,-0.409,0.523,-0.213,-0.05,-0.333,-0.316,0.465,-0.419,0.575,-0.171,0.411,-0.48,0.572,-0.158,0.4,0.407,0.37,-0.008,0.012,0.435,0.344,-0.334,0.298,-0.174,0.575,0.638,-0.312,-0.15,-0.282,0.038,0.529,-0.356,0.621,0.421,0.256,0.103,0.444,0.488,0.355,-0.071,0.381,0.208,0.409,0.186,-0.434,0.422,0.142,0.285,0.437,-0.43,0.125,0.065,-0.108,0.09,0.574,0.215,0.368,0.055,0.547,0.417,0.485,0.47,0.475,0.356,0.291,0.475,-0.055,-0.524,0.431,0.361,-0.302,0.289
BECN,-0.567,0.003,-0.478,0.877,0.898,-0.676,0.704,0.439,-0.447,0.867,-0.661,0.947,0.952,0.925,0.871,0.675,0.506,0.0,0.941,0.885,0.923,0.308,0.801,0.888,0.916,-0.397,-0.158,0.76,0.352,0.742,-0.717,0.674,0.808,0.859,0.49,-0.069,0.909,0.655,0.786,0.469,0.951,-0.529,0.837,0.751,0.693,0.165,-0.569,0.938,-0.365,0.913,0.816,0.937,0.14,0.743,0.709,-0.558,-0.507,0.689,0.933,0.911,0.925,0.844,0.831,0.945,0.939,0.861,0.897,-0.257,-0.594,0.69,0.872,0.82,0.471,0.739,-0.429,-0.575,-0.811,0.948,-0.448,0.858,0.59,-0.675,-0.087,-0.796,0.915,0.787,-0.49,0.148,0.759,0.721,0.746,-0.179,-0.645,0.789,0.49,-0.727,-0.241,-0.022,0.841,0.801,-0.473,0.082,-0.714,-0.909,-0.707,0.732,0.247,-0.02,0.88,0.943,0.805,-0.689,0.798,0.35,0.95,0.908,0.56,0.74,0.214,0.782,0.901,-0.351,0.515,0.763,0.784,-0.34,0.722,-0.712,-0.667,0.913,-0.641,-0.186,-0.876,-0.663,0.961,-0.527,0.332,-0.054,0.957,-0.642,0.892,-0.311,0.963,0.874,0.937,-0.362,-0.104,0.949,0.625,-0.736,0.436,-0.636,0.897,0.62,0.032,-0.815,-0.601,-0.106,0.59,-0.715,0.867,0.835,0.598,0.428,0.938,0.841,0.9,-0.232,0.782,0.791,0.939,-0.257,-0.598,0.887,0.413,-0.394,0.962,-0.165,0.054,0.296,0.488,0.574,0.786,0.399,0.922,-0.486,0.873,0.91,0.694,0.781,0.707,0.904,0.857,0.944,0.17,-0.86,0.542,0.947,-0.881,0.86
BFC,-0.57,0.037,-0.493,0.884,0.836,-0.649,0.674,0.461,-0.475,0.862,-0.584,0.929,0.97,0.907,0.867,0.711,0.48,0.941,0.0,0.902,0.945,0.359,0.809,0.855,0.945,-0.358,-0.195,0.749,0.326,0.767,-0.739,0.64,0.827,0.893,0.53,-0.204,0.956,0.683,0.785,0.418,0.936,-0.512,0.856,0.78,0.728,0.134,-0.56,0.949,-0.331,0.934,0.764,0.978,0.094,0.688,0.666,-0.589,-0.529,0.702,0.935,0.917,0.961,0.856,0.79,0.966,0.964,0.839,0.899,-0.261,-0.541,0.66,0.883,0.815,0.514,0.67,-0.329,-0.611,-0.753,0.96,-0.474,0.878,0.583,-0.685,-0.103,-0.776,0.93,0.81,-0.478,0.23,0.789,0.743,0.752,-0.157,-0.618,0.804,0.443,-0.715,-0.255,-0.014,0.805,0.822,-0.44,0.065,-0.745,-0.902,-0.687,0.786,0.186,-0.01,0.901,0.921,0.785,-0.674,0.77,0.295,0.917,0.886,0.616,0.768,0.2,0.724,0.878,-0.31,0.475,0.769,0.811,-0.341,0.609,-0.72,-0.679,0.932,-0.633,-0.212,-0.875,-0.673,0.974,-0.58,0.396,-0.089,0.963,-0.665,0.923,-0.251,0.917,0.862,0.938,-0.353,-0.037,0.964,0.583,-0.708,0.444,-0.609,0.891,0.611,-0.044,-0.81,-0.535,-0.078,0.563,-0.695,0.896,0.802,0.64,0.488,0.922,0.854,0.887,-0.204,0.772,0.751,0.943,-0.199,-0.606,0.93,0.378,-0.326,0.978,-0.188,0.052,0.369,0.423,0.526,0.77,0.327,0.89,-0.441,0.892,0.926,0.735,0.75,0.714,0.855,0.843,0.966,0.199,-0.878,0.556,0.93,-0.848,0.823
BGC,-0.546,0.184,-0.43,0.95,0.739,-0.553,0.581,0.583,-0.55,0.755,-0.438,0.922,0.91,0.841,0.92,0.808,0.559,0.885,0.902,0.0,0.818,0.438,0.905,0.673,0.796,-0.242,-0.382,0.738,0.343,0.701,-0.821,0.386,0.912,0.721,0.697,-0.356,0.805,0.532,0.86,0.43,0.852,-0.229,0.913,0.825,0.855,0.126,-0.565,0.902,-0.246,0.917,0.744,0.853,0.081,0.594,0.789,-0.795,-0.576,0.733,0.771,0.935,0.788,0.82,0.615,0.884,0.878,0.853,0.856,-0.133,-0.578,0.43,0.817,0.832,0.598,0.649,-0.349,-0.655,-0.591,0.864,-0.631,0.944,0.305,-0.651,0.04,-0.673,0.914,0.92,-0.337,0.225,0.869,0.853,0.897,0.103,-0.454,0.863,0.561,-0.74,-0.095,-0.004,0.785,0.946,-0.287,-0.236,-0.844,-0.798,-0.63,0.846,0.343,-0.006,0.795,0.772,0.56,-0.544,0.594,0.232,0.865,0.833,0.605,0.609,0.223,0.697,0.838,-0.317,0.276,0.817,0.726,-0.553,0.494,-0.795,-0.766,0.793,-0.578,-0.289,-0.75,-0.717,0.88,-0.753,0.648,-0.4,0.863,-0.739,0.921,-0.285,0.849,0.781,0.796,-0.185,-0.006,0.857,0.647,-0.623,0.442,-0.692,0.918,0.609,-0.281,-0.603,-0.484,-0.218,0.728,-0.544,0.938,0.814,0.561,0.332,0.873,0.904,0.782,-0.223,0.727,0.64,0.819,-0.027,-0.752,0.765,0.43,-0.073,0.9,-0.375,-0.055,0.259,0.168,0.441,0.76,0.297,0.814,-0.365,0.956,0.914,0.915,0.851,0.725,0.772,0.792,0.884,0.249,-0.956,0.628,0.86,-0.787,0.678
BHF,-0.508,-0.002,-0.422,0.793,0.809,-0.622,0.718,0.364,-0.366,0.875,-0.548,0.873,0.907,0.86,0.759,0.663,0.399,0.923,0.945,0.818,0.0,0.26,0.71,0.884,0.958,-0.313,-0.025,0.715,0.361,0.787,-0.646,0.709,0.747,0.914,0.455,-0.126,0.954,0.76,0.723,0.408,0.915,-0.598,0.759,0.691,0.694,0.222,-0.5,0.903,-0.324,0.899,0.772,0.944,0.168,0.653,0.588,-0.459,-0.425,0.628,0.944,0.863,0.968,0.818,0.775,0.933,0.928,0.769,0.844,-0.291,-0.525,0.72,0.824,0.745,0.407,0.632,-0.238,-0.541,-0.766,0.947,-0.358,0.785,0.666,-0.643,-0.115,-0.76,0.867,0.699,-0.455,0.16,0.735,0.677,0.625,-0.216,-0.638,0.765,0.366,-0.634,-0.249,0.017,0.762,0.753,-0.465,0.214,-0.646,-0.898,-0.692,0.748,0.201,0.071,0.89,0.925,0.794,-0.641,0.768,0.284,0.885,0.853,0.569,0.779,0.241,0.685,0.85,-0.264,0.547,0.675,0.832,-0.207,0.627,-0.611,-0.571,0.917,-0.612,-0.146,-0.891,-0.574,0.943,-0.441,0.264,0.064,0.945,-0.576,0.873,-0.22,0.879,0.831,0.947,-0.33,0.005,0.936,0.529,-0.699,0.455,-0.534,0.826,0.576,0.083,-0.85,-0.479,-0.056,0.452,-0.719,0.818,0.76,0.726,0.53,0.861,0.776,0.852,-0.151,0.736,0.738,0.93,-0.244,-0.519,0.938,0.344,-0.376,0.944,-0.058,0.131,0.41,0.481,0.478,0.732,0.37,0.84,-0.389,0.804,0.878,0.636,0.684,0.604,0.831,0.814,0.933,0.267,-0.806,0.547,0.903,-0.799,0.839
BHFAL,0.28,0.337,0.316,0.306,0.11,0.283,0.258,0.319,0.182,0.365,0.126,0.359,0.263,0.201,0.261,0.407,0.425,0.308,0.359,0.438,0.26,0.0,0.181,0.107,0.3,0.299,0.117,-0.098,0.533,0.503,-0.046,0.116,0.148,0.198,0.697,-0.047,0.215,0.331,0.555,0.444,0.224,0.077,0.252,0.257,0.45,-0.044,0.109,0.275,0.188,0.399,0.2,0.222,0.284,0.312,0.269,-0.166,-0.081,0.205,0.148,0.268,0.229,0.006,-0.021,0.206,0.193,0.103,0.132,0.51,-0.212,-0.032,0.146,0.343,0.683,-0.008,0.181,0.127,0.05,0.185,-0.14,0.294,0.127,0.169,0.525,0.121,0.218,0.345,0.39,0.426,0.295,0.641,0.306,0.284,0.286,0.592,0.275,0.013,0.554,0.514,0.541,0.523,0.414,-0.118,-0.191,-0.053,0.029,0.133,0.509,0.465,0.36,0.163,0.13,0.25,0.015,0.451,0.251,0.317,0.517,0.231,0.54,0.028,0.393,0.351,0.248,0.374,0.438,0.014,0.175,-0.117,0.029,0.259,0.276,0.392,0.02,0.107,0.236,-0.061,0.439,-0.005,0.358,-0.114,0.339,0.229,0.281,0.023,0.254,0.49,0.476,0.208,0.573,0.145,0.118,0.102,0.39,0.329,-0.033,0.022,0.036,-0.135,0.538,-0.003,0.332,0.199,0.035,0.101,0.244,0.138,0.204,0.295,-0.008,0.398,0.135,0.467,-0.076,0.269,0.473,0.312,0.272,-0.052,0.407,0.26,-0.073,0.315,0.208,0.212,0.168,0.329,0.345,0.347,0.366,0.575,0.076,0.189,0.082,0.191,0.486,-0.383,0.642,0.189,-0.127,-0.014
BKNG,-0.778,0.006,-0.637,0.926,0.7,-0.718,0.416,0.542,-0.801,0.569,-0.479,0.81,0.872,0.808,0.935,0.687,0.62,0.801,0.809,0.905,0.71,0.181,0.0,0.587,0.692,-0.43,-0.623,0.86,0.062,0.532,-0.924,0.214,0.957,0.59,0.456,-0.413,0.727,0.262,0.677,0.222,0.769,-0.136,0.901,0.879,0.712,0.136,-0.681,0.81,-0.387,0.827,0.664,0.81,-0.064,0.482,0.804,-0.884,-0.693,0.802,0.736,0.875,0.709,0.894,0.611,0.868,0.873,0.943,0.877,-0.421,-0.559,0.293,0.786,0.815,0.37,0.748,-0.513,-0.827,-0.567,0.828,-0.71,0.96,0.099,-0.818,-0.165,-0.737,0.913,0.938,-0.567,0.114,0.794,0.646,0.947,0.142,-0.589,0.655,0.57,-0.889,-0.347,-0.335,0.546,0.814,-0.484,-0.373,-0.936,-0.797,-0.667,0.883,0.135,-0.315,0.615,0.711,0.469,-0.702,0.533,0.014,0.757,0.717,0.432,0.418,-0.138,0.77,0.671,-0.618,0.019,0.803,0.555,-0.631,0.424,-0.926,-0.936,0.716,-0.766,-0.575,-0.777,-0.884,0.837,-0.896,0.645,-0.55,0.725,-0.865,0.862,-0.543,0.761,0.845,0.674,-0.419,-0.294,0.822,0.406,-0.758,0.343,-0.807,0.838,0.639,-0.427,-0.576,-0.53,-0.193,0.611,-0.547,0.938,0.775,0.504,0.18,0.825,0.962,0.71,-0.479,0.785,0.435,0.809,-0.196,-0.888,0.644,0.183,-0.076,0.827,-0.582,-0.32,0.015,0.041,0.295,0.812,0.266,0.807,-0.536,0.905,0.802,0.847,0.641,0.848,0.714,0.811,0.871,-0.096,-0.891,0.335,0.808,-0.759,0.683
BL,-0.52,-0.075,-0.552,0.71,0.902,-0.718,0.683,0.236,-0.31,0.879,-0.789,0.845,0.85,0.865,0.729,0.523,0.25,0.888,0.855,0.673,0.884,0.107,0.587,0.0,0.899,-0.437,-0.001,0.695,0.266,0.634,-0.538,0.846,0.626,0.902,0.227,0.099,0.9,0.711,0.595,0.458,0.915,-0.727,0.711,0.582,0.556,0.178,-0.482,0.878,-0.361,0.78,0.734,0.873,0.065,0.741,0.498,-0.298,-0.405,0.531,0.933,0.803,0.914,0.783,0.934,0.862,0.858,0.733,0.809,-0.343,-0.481,0.893,0.848,0.637,0.327,0.648,-0.407,-0.446,-0.893,0.887,-0.223,0.653,0.793,-0.626,-0.214,-0.822,0.803,0.553,-0.583,0.083,0.6,0.521,0.485,-0.489,-0.75,0.597,0.263,-0.586,-0.388,-0.015,0.751,0.554,-0.582,0.357,-0.489,-0.889,-0.64,0.604,0.03,-0.077,0.868,0.955,0.91,-0.744,0.89,0.323,0.918,0.836,0.412,0.836,0.17,0.708,0.798,-0.3,0.609,0.566,0.729,-0.151,0.725,-0.506,-0.506,0.899,-0.638,-0.1,-0.893,-0.573,0.892,-0.299,0.027,0.216,0.887,-0.43,0.73,-0.199,0.904,0.83,0.946,-0.511,-0.185,0.893,0.521,-0.737,0.473,-0.527,0.717,0.46,0.226,-0.885,-0.639,0.081,0.341,-0.757,0.673,0.785,0.631,0.577,0.884,0.69,0.909,-0.152,0.732,0.781,0.896,-0.416,-0.353,0.882,0.382,-0.652,0.878,0.092,0.094,0.383,0.744,0.675,0.629,0.303,0.877,-0.562,0.693,0.787,0.453,0.623,0.601,0.873,0.805,0.87,0.118,-0.677,0.4,0.904,-0.841,0.916
BOKF,-0.49,0.043,-0.478,0.765,0.799,-0.6,0.732,0.274,-0.369,0.929,-0.587,0.864,0.903,0.83,0.763,0.674,0.443,0.916,0.945,0.796,0.958,0.3,0.692,0.899,0.0,-0.278,0.004,0.676,0.39,0.823,-0.581,0.732,0.717,0.938,0.435,-0.101,0.975,0.782,0.69,0.502,0.906,-0.643,0.786,0.649,0.672,0.193,-0.389,0.884,-0.258,0.912,0.725,0.933,0.109,0.673,0.626,-0.401,-0.459,0.569,0.947,0.861,0.971,0.799,0.793,0.927,0.917,0.753,0.821,-0.305,-0.591,0.739,0.838,0.687,0.381,0.585,-0.2,-0.514,-0.741,0.924,-0.271,0.771,0.709,-0.615,-0.086,-0.758,0.867,0.659,-0.45,0.266,0.653,0.7,0.614,-0.278,-0.661,0.758,0.281,-0.582,-0.289,0.084,0.796,0.708,-0.465,0.211,-0.622,-0.876,-0.62,0.73,0.107,-0.002,0.931,0.928,0.8,-0.649,0.789,0.234,0.893,0.824,0.604,0.828,0.223,0.633,0.809,-0.229,0.503,0.644,0.849,-0.126,0.622,-0.597,-0.539,0.945,-0.592,-0.103,-0.882,-0.579,0.937,-0.422,0.238,0.132,0.93,-0.5,0.839,-0.15,0.872,0.814,0.951,-0.378,-0.021,0.924,0.554,-0.702,0.507,-0.513,0.811,0.542,0.049,-0.839,-0.497,-0.019,0.423,-0.769,0.798,0.772,0.691,0.592,0.881,0.752,0.88,-0.067,0.756,0.713,0.919,-0.211,-0.457,0.973,0.362,-0.378,0.929,0.021,0.176,0.482,0.531,0.549,0.699,0.298,0.82,-0.36,0.784,0.845,0.604,0.717,0.584,0.815,0.789,0.922,0.218,-0.795,0.579,0.893,-0.764,0.832
BRKR,0.764,0.608,0.643,-0.339,-0.583,0.767,-0.214,-0.237,0.51,-0.119,0.665,-0.338,-0.453,-0.542,-0.446,0.087,-0.005,-0.397,-0.358,-0.242,-0.313,0.299,-0.43,-0.437,-0.278,0.0,0.404,-0.625,0.604,0.03,0.581,-0.23,-0.404,-0.26,0.275,-0.132,-0.32,0.095,-0.037,0.248,-0.442,0.293,-0.342,-0.466,0.061,-0.119,0.697,-0.391,0.771,-0.271,-0.39,-0.455,0.237,-0.326,-0.047,0.288,0.273,-0.499,-0.518,-0.354,-0.401,-0.528,-0.621,-0.492,-0.5,-0.541,-0.534,0.632,0.162,-0.367,-0.52,-0.408,0.077,-0.713,0.716,0.553,0.609,-0.505,0.398,-0.342,-0.163,0.665,0.682,0.642,-0.413,-0.349,0.84,0.322,-0.315,0.087,-0.292,0.241,0.637,0.104,-0.455,0.709,0.645,0.693,-0.087,-0.13,0.684,-0.014,0.428,0.598,0.55,-0.253,0.215,0.536,-0.13,-0.472,-0.491,0.757,-0.484,0.006,-0.382,-0.366,0.176,-0.08,0.534,-0.716,-0.316,0.757,-0.18,-0.279,-0.011,0.36,-0.351,0.52,0.595,-0.331,0.691,0.579,0.555,0.589,-0.455,0.362,0.137,0.143,-0.333,0.61,-0.284,0.711,-0.485,-0.629,-0.308,0.684,0.58,-0.511,0.153,0.58,0.284,0.543,-0.249,-0.298,-0.182,0.577,0.469,0.142,-0.042,0.369,-0.394,-0.327,-0.064,0.107,-0.442,-0.46,-0.445,0.707,-0.55,-0.355,-0.535,0.658,0.466,-0.246,0.288,0.554,-0.421,0.368,0.561,0.393,-0.306,-0.23,-0.514,-0.271,-0.625,0.829,-0.299,-0.317,-0.076,0.054,-0.589,-0.49,-0.544,-0.487,0.461,0.274,0.447,-0.495,0.587,-0.566
CACC,0.655,0.058,0.504,-0.496,-0.252,0.489,0.226,-0.349,0.721,0.107,0.204,-0.267,-0.332,-0.338,-0.542,-0.22,-0.262,-0.158,-0.195,-0.382,-0.025,0.117,-0.623,-0.001,0.004,0.404,0.0,-0.546,0.381,0.083,0.662,0.374,-0.55,0.094,-0.12,0.384,-0.066,0.461,-0.213,0.182,-0.182,-0.391,-0.492,-0.581,-0.248,0.023,0.542,-0.261,0.262,-0.185,-0.17,-0.211,0.24,-0.065,-0.421,0.783,0.545,-0.573,-0.118,-0.333,-0.043,-0.46,-0.179,-0.292,-0.307,-0.548,-0.419,0.31,0.193,0.189,-0.285,-0.442,-0.13,-0.492,0.591,0.601,0.113,-0.23,0.631,-0.518,0.483,0.522,0.199,0.316,-0.39,-0.615,0.469,-0.023,-0.33,-0.129,-0.641,-0.341,0.22,-0.085,-0.478,0.66,0.282,0.583,0.042,-0.305,0.296,0.595,0.655,0.252,0.21,-0.43,0.101,0.521,0.046,-0.103,0.025,0.426,-0.014,0.188,-0.175,-0.193,0.053,0.193,0.498,-0.487,-0.084,0.677,0.452,-0.473,0.136,0.721,0.006,0.674,0.77,-0.104,0.5,0.664,0.213,0.707,-0.263,0.782,-0.579,0.831,-0.07,0.694,-0.352,0.587,-0.213,-0.394,-0.02,0.321,0.52,-0.251,-0.014,0.426,0.006,0.591,-0.333,-0.376,0.616,-0.01,0.353,0.018,-0.396,0.077,-0.479,-0.305,0.039,0.308,-0.314,-0.59,-0.179,0.646,-0.349,0.072,-0.237,0.092,0.671,0.05,0.112,-0.095,-0.235,0.816,0.577,0.477,0.35,-0.023,-0.405,-0.055,-0.362,0.516,-0.468,-0.222,-0.482,-0.094,-0.668,-0.238,-0.313,-0.312,0.448,0.375,0.191,-0.27,0.336,-0.193
CAR,-0.906,-0.276,-0.714,0.793,0.771,-0.88,0.459,0.419,-0.751,0.524,-0.604,0.765,0.84,0.83,0.828,0.473,0.345,0.76,0.749,0.738,0.715,-0.098,0.86,0.695,0.676,-0.625,-0.546,0.0,-0.163,0.431,-0.88,0.306,0.884,0.592,0.165,-0.251,0.715,0.257,0.508,0.127,0.768,-0.276,0.818,0.834,0.528,0.351,-0.751,0.789,-0.604,0.73,0.708,0.813,-0.06,0.414,0.535,-0.742,-0.594,0.787,0.81,0.805,0.734,0.926,0.724,0.869,0.873,0.883,0.898,-0.626,-0.514,0.471,0.801,0.747,0.141,0.868,-0.622,-0.863,-0.703,0.846,-0.615,0.801,0.235,-0.892,-0.418,-0.847,0.862,0.798,-0.77,-0.048,0.728,0.414,0.755,-0.034,-0.767,0.446,0.538,-0.914,-0.526,-0.551,0.42,0.645,-0.754,-0.117,-0.847,-0.869,-0.689,0.815,0.044,-0.346,0.56,0.771,0.565,-0.819,0.663,0.022,0.763,0.729,0.315,0.383,-0.261,0.905,0.638,-0.761,0.151,0.694,0.469,-0.581,0.529,-0.793,-0.896,0.713,-0.89,-0.609,-0.852,-0.856,0.839,-0.732,0.351,-0.347,0.689,-0.832,0.785,-0.696,0.758,0.927,0.686,-0.623,-0.382,0.853,0.177,-0.86,0.25,-0.81,0.683,0.623,-0.121,-0.705,-0.55,-0.063,0.399,-0.582,0.834,0.777,0.54,0.135,0.79,0.897,0.694,-0.636,0.873,0.458,0.87,-0.464,-0.785,0.615,0.029,-0.328,0.816,-0.502,-0.441,-0.1,0.294,0.333,0.844,0.411,0.849,-0.715,0.795,0.715,0.666,0.439,0.792,0.731,0.833,0.868,-0.136,-0.721,0.078,0.851,-0.806,0.834
CDNA,0.414,0.662,0.333,0.261,0.124,0.289,0.3,0.08,0.273,0.541,0.047,0.327,0.211,0.137,0.166,0.552,0.311,0.352,0.326,0.343,0.361,0.533,0.062,0.266,0.39,0.604,0.381,-0.163,0.0,0.568,0.139,0.404,0.09,0.396,0.563,0.047,0.342,0.574,0.539,0.582,0.261,-0.207,0.196,0.019,0.459,-0.166,0.279,0.304,0.541,0.357,0.207,0.22,0.387,0.392,0.445,0.019,-0.042,-0.058,0.181,0.279,0.297,0.005,0.082,0.174,0.162,0.058,0.068,0.511,-0.184,0.24,0.062,0.182,0.49,-0.171,0.337,0.267,-0.062,0.179,0.109,0.234,0.374,0.246,0.671,0.083,0.202,0.152,0.47,0.397,0.174,0.577,0.165,-0.022,0.158,0.671,-0.08,0.218,0.465,0.764,0.603,0.379,0.347,0.179,0.017,-0.062,-0.043,0.158,0.35,0.533,0.508,0.249,0.25,0.229,0.128,0.321,0.322,0.273,0.545,0.523,0.74,-0.148,0.35,0.56,0.338,0.273,0.508,0.267,0.291,0.053,0.202,0.345,0.319,0.572,-0.085,0.165,0.24,0.117,0.255,0.236,0.39,0.198,0.305,0.549,0.254,0.0,0.406,0.425,0.412,0.172,0.665,0.07,0.549,0.146,0.445,0.147,-0.039,-0.094,-0.003,0.094,0.411,-0.209,0.167,0.245,0.278,0.46,0.246,0.077,0.279,0.577,-0.05,0.323,0.136,0.383,0.131,0.418,0.636,0.116,0.265,0.347,0.704,0.591,0.184,0.306,0.001,0.046,0.093,0.421,0.279,0.342,0.308,0.587,-0.057,0.209,0.103,0.182,0.583,-0.313,0.807,0.19,-0.07,0.087
CG,-0.18,0.193,-0.071,0.618,0.527,-0.199,0.615,0.296,-0.101,0.768,-0.221,0.69,0.682,0.61,0.566,0.658,0.571,0.742,0.767,0.701,0.787,0.503,0.532,0.634,0.823,0.03,0.083,0.431,0.568,0.0,-0.357,0.483,0.516,0.693,0.637,-0.146,0.767,0.678,0.722,0.569,0.653,-0.362,0.594,0.58,0.641,0.264,-0.105,0.666,-0.018,0.79,0.535,0.701,0.39,0.61,0.543,-0.36,-0.382,0.507,0.692,0.648,0.75,0.528,0.45,0.712,0.691,0.515,0.569,0.02,-0.538,0.444,0.525,0.647,0.565,0.419,0.066,-0.259,-0.352,0.686,-0.211,0.632,0.493,-0.303,0.268,-0.372,0.655,0.591,-0.058,0.478,0.514,0.806,0.541,0.067,-0.315,0.82,0.309,-0.339,0.121,0.315,0.788,0.713,-0.089,0.17,-0.505,-0.596,-0.385,0.569,0.367,0.287,0.772,0.705,0.572,-0.243,0.46,0.383,0.672,0.664,0.779,0.611,0.386,0.437,0.668,0.069,0.397,0.647,0.785,0.021,0.497,-0.417,-0.288,0.79,-0.244,0.217,-0.569,-0.261,0.723,-0.251,0.424,0.181,0.747,-0.378,0.736,0.009,0.668,0.526,0.745,0.069,0.298,0.7,0.592,-0.401,0.475,-0.175,0.701,0.666,0.053,-0.495,-0.157,0.145,0.617,-0.542,0.7,0.601,0.565,0.371,0.65,0.539,0.651,0.099,0.482,0.603,0.664,0.117,-0.299,0.788,0.339,0.03,0.719,-0.044,0.44,0.37,0.317,0.434,0.632,0.421,0.591,0.073,0.68,0.666,0.562,0.702,0.426,0.584,0.53,0.7,0.463,-0.654,0.696,0.648,-0.464,0.555
CGBD,0.848,0.151,0.64,-0.856,-0.687,0.782,-0.419,-0.549,0.804,-0.448,0.5,-0.752,-0.818,-0.782,-0.869,-0.539,-0.379,-0.717,-0.739,-0.821,-0.646,-0.046,-0.924,-0.538,-0.581,0.581,0.662,-0.88,0.139,-0.357,0.0,-0.147,-0.928,-0.514,-0.341,0.435,-0.636,-0.192,-0.585,-0.037,-0.725,0.121,-0.837,-0.839,-0.602,-0.165,0.799,-0.759,0.551,-0.729,-0.649,-0.759,0.183,-0.392,-0.611,0.876,0.578,-0.773,-0.691,-0.814,-0.644,-0.882,-0.603,-0.817,-0.826,-0.877,-0.859,0.465,0.493,-0.299,-0.768,-0.759,-0.29,-0.774,0.592,0.887,0.599,-0.792,0.764,-0.867,-0.067,0.858,0.367,0.775,-0.848,-0.877,0.64,0.009,-0.804,-0.505,-0.852,-0.117,0.608,-0.512,-0.632,0.918,0.419,0.502,-0.415,-0.754,0.556,0.367,0.908,0.793,0.696,-0.816,-0.122,0.311,-0.506,-0.64,-0.421,0.733,-0.535,0.044,-0.698,-0.682,-0.277,-0.322,0.185,-0.823,-0.647,0.704,-0.078,-0.719,-0.412,0.753,-0.372,0.899,0.949,-0.603,0.821,0.687,0.755,0.878,-0.776,0.891,-0.543,0.619,-0.665,0.896,-0.779,0.651,-0.715,-0.835,-0.589,0.466,0.331,-0.782,-0.269,0.739,-0.156,0.868,-0.742,-0.545,0.321,0.605,0.484,0.302,-0.502,0.464,-0.868,-0.695,-0.435,-0.084,-0.759,-0.918,-0.637,0.624,-0.778,-0.435,-0.781,0.321,0.903,-0.543,-0.053,0.153,-0.779,0.613,0.502,0.099,-0.04,-0.243,-0.773,-0.289,-0.793,0.656,-0.818,-0.757,-0.775,-0.489,-0.808,-0.667,-0.798,-0.821,0.125,0.799,-0.146,-0.784,0.774,-0.663
