,ACET,ADAP,ADI,ADPT,ADTN,AGEN,ALGN,ALLK,AMD,AMWD,ARDX,ARQT,ASTE,AUPH,AVXL,AZTA,BAND,BECN,BFC,BGC,BHF,BHFAL,BKNG,BL,BOKF,BRKR,CACC,CAR,CDNA,CG,CGBD,CHI,CHTR,CHX,CLNE,CME,CNOB,CNXN,CPRX,CSGP,CSGS,CSIQ,CVCO,CVLT,CYRX,DDOG,DOOO,DSGX,DTIL,ECPG,EEFT,EFSC,ENTG,ESPR,ETSY,EXC,FAMI,FFIV,FITB,FIZZ,FMBH,FOX,FTNT,FULT,GABC,GEN,GH,GMAB,GNPX,GO,GOGL,GOOG,GPRO,GSHD,GSM,GWAV,HAIN,HBAN,HEPA,HURN,HWKN,IBIO,ICFI,IGMS,IMKTA,INCY,INO,IRDM,IRTC,IRWD,ITCI,JACK,JD,JJSF,KALA,KHC,KLAC,KRRO,KRYS,LANC,LBTYA,LIVN,LKCO,LNTH,LOGI,LPRO,LRCX,LSCC,LSTR,MAR,MARA,MCHP,MEOH,META,MGTX,MKSI,MMYT,MORN,MRUS,MTLS,MTSI,MVIS,MXL,NBIX,NFE,NMIH,NMRK,NNDM,NSIT,NTCT,NVAX,OCUL,ODP,OLED,ONB,OTEX,PACB,PATK,PAYX,PEP,PERI,PI,PLYA,PRDO,PRGS,PTGX,QCOM,QCRH,QDEL,QFIN,RGEN,RILY,RPAY,RPD,SABR,SEDG,SHEN,SIRI,SLNO,SNDL,SNEX,SONO,SPT,SSNC,STGW,STKL,STRL,STX,SWTX,SYNA,TFSL,TIGR,TNXP,TOWN,TRI,TRIP,TRMB,TRNS,TRS,TSCO,TSEM,TVTX,TXRH,VC,VCEL,VECO,VIAV,VICR,VIR,VRTX,VSTM,VTRS,WDFC,WSBC,WSC,WYNN,XENE,XNCR,XRAY,ZS
ACET,0.0,0.547,-0.585,0.11,0.321,-0.851,0.454,0.713,0.532,0.888,0.845,0.846,0.853,0.394,0.848,-0.653,0.682,-0.19,0.713,0.826,0.678,0.586,-0.333,0.813,0.882,0.822,0.647,0.818,0.298,0.772,-0.257,-0.534,-0.346,0.774,-0.692,0.802,0.881,0.764,0.751,0.872,0.741,-0.354,0.569,-0.546,0.593,0.617,0.891,0.75,0.477,0.747,0.533,0.742,-0.084,-0.538,-0.247,0.754,0.278,0.834,0.855,-0.25,0.827,-0.573,0.598,0.859,0.714,0.342,-0.804,0.748,-0.219,0.829,0.822,0.021,0.412,0.623,0.711,0.746,-0.189,0.78,0.365,-0.828,-0.07,-0.667,0.266,0.677,0.769,-0.58,0.818,0.805,-0.168,0.136,-0.578,-0.541,0.763,-0.188,0.292,0.724,-0.431,0.685,-0.448,0.379,-0.493,0.745,-0.446,0.112,-0.826,-0.579,-0.406,0.767,-0.122,0.443,0.616,0.583,0.722,-0.768,0.858,0.073,0.407,0.719,-0.68,0.173,-0.142,0.628,0.806,0.828,0.874,0.57,0.736,0.435,0.789,0.824,-0.427,0.888,0.681,-0.572,0.826,0.895,0.108,0.666,0.467,0.819,0.523,0.833,-0.051,0.823,0.614,-0.422,-0.578,0.819,0.301,0.386,0.802,0.833,-0.503,0.364,0.417,0.565,0.356,0.841,-0.261,0.829,0.64,0.782,-0.786,0.481,0.702,-0.423,0.889,-0.415,0.827,-0.134,0.806,-0.53,0.793,0.854,0.414,-0.228,0.737,0.514,0.864,0.573,-0.579,-0.658,-0.264,0.822,0.875,-0.636,0.38,-0.278,-0.339,-0.812,0.81,0.565,0.883,0.852,0.852,0.76,0.729,0.649,0.623,-0.36
ADAP,0.547,0.0,-0.559,0.264,0.227,-0.53,0.57,0.555,0.369,0.588,0.553,0.371,0.552,0.645,0.578,-0.251,0.48,0.098,0.746,0.657,0.71,0.524,-0.379,0.623,0.676,0.351,0.646,0.755,0.041,0.424,-0.047,-0.224,0.187,0.642,-0.17,0.422,0.566,0.436,0.586,0.48,0.574,-0.269,0.665,-0.401,0.567,0.194,0.492,0.269,0.224,0.595,0.475,0.741,-0.069,-0.145,0.11,0.607,0.262,0.576,0.735,0.008,0.66,-0.298,0.302,0.705,0.552,0.22,-0.315,0.492,0.219,0.437,0.592,-0.138,0.573,0.441,0.513,0.544,0.142,0.536,0.53,-0.382,0.002,-0.578,0.515,0.191,0.639,-0.401,0.574,0.556,0.167,0.314,-0.313,-0.264,0.603,0.1,0.251,0.408,-0.358,0.537,-0.175,0.524,-0.112,0.475,-0.285,0.287,-0.493,-0.279,-0.372,0.393,0.397,0.301,0.167,0.182,0.666,-0.448,0.573,0.05,0.505,0.417,-0.378,0.3,-0.158,0.567,0.586,0.557,0.594,0.589,0.723,0.431,0.361,0.518,-0.397,0.554,0.645,-0.346,0.717,0.553,0.349,0.488,0.251,0.446,0.278,0.448,0.219,0.528,0.653,-0.224,-0.512,0.631,0.292,0.412,0.533,0.34,-0.082,0.307,0.481,0.405,0.33,0.736,0.211,0.701,0.442,0.615,-0.531,0.519,0.384,-0.002,0.65,-0.16,0.6,0.342,0.721,-0.05,0.429,0.736,0.213,0.207,0.479,0.071,0.625,0.39,-0.242,-0.301,0.189,0.719,0.487,-0.394,0.491,-0.103,-0.395,-0.486,0.503,0.645,0.524,0.719,0.573,0.639,0.708,0.368,0.562,0.103
ADI,-0.585,-0.559,0.0,-0.097,-0.096,0.689,-0.548,-0.598,-0.191,-0.674,-0.593,-0.403,-0.469,-0.572,-0.61,0.399,-0.471,0.096,-0.69,-0.649,-0.616,-0.654,0.554,-0.796,-0.683,-0.445,-0.556,-0.714,-0.043,-0.322,0.332,0.345,0.119,-0.66,0.575,-0.542,-0.591,-0.355,-0.623,-0.571,-0.532,0.608,-0.675,0.356,-0.666,-0.324,-0.618,-0.389,-0.123,-0.61,-0.255,-0.695,0.183,0.192,0.059,-0.655,-0.535,-0.656,-0.648,-0.017,-0.619,0.47,-0.379,-0.632,-0.578,-0.007,0.423,-0.517,0.117,-0.385,-0.773,0.007,-0.462,-0.434,-0.497,-0.683,0.099,-0.532,-0.434,0.484,0.356,0.625,-0.447,-0.021,-0.601,0.44,-0.626,-0.623,-0.106,-0.209,0.655,0.459,-0.759,0.113,-0.123,-0.412,0.481,-0.708,0.352,-0.494,0.11,-0.544,0.455,-0.064,0.804,0.518,0.46,-0.379,-0.11,-0.383,-0.189,0.069,-0.602,0.519,-0.634,0.186,-0.645,-0.444,0.569,-0.375,0.321,-0.38,-0.586,-0.57,-0.624,-0.566,-0.692,-0.363,-0.464,-0.479,0.528,-0.653,-0.577,0.435,-0.657,-0.551,-0.139,-0.372,-0.262,-0.544,-0.305,-0.428,-0.026,-0.565,-0.463,0.306,0.721,-0.569,-0.166,-0.563,-0.593,-0.384,0.133,-0.331,-0.274,-0.148,-0.182,-0.774,-0.203,-0.758,-0.392,-0.672,0.76,-0.448,-0.27,0.164,-0.601,0.221,-0.507,0.072,-0.65,0.057,-0.52,-0.632,0.084,0.069,-0.395,0.112,-0.581,-0.371,0.621,0.535,0.17,-0.645,-0.478,0.506,-0.419,0.64,0.626,0.595,-0.621,-0.534,-0.638,-0.64,-0.636,-0.604,-0.698,-0.196,-0.427,0.093
ADPT,0.11,0.264,-0.097,0.0,0.302,-0.04,0.04,-0.049,0.542,0.202,0.168,-0.232,0.094,0.146,0.301,-0.043,0.481,-0.062,0.319,0.221,0.294,0.264,-0.222,0.226,0.239,0.01,0.497,0.215,0.177,0.169,0.281,-0.23,0.067,0.167,0.143,0.186,0.103,0.25,0.372,0.118,0.125,-0.016,0.119,0.11,0.359,-0.149,0.199,-0.02,0.185,0.366,0.332,0.198,-0.06,-0.18,0.377,0.22,0.207,-0.011,0.243,0.006,0.318,0.198,-0.096,0.323,-0.045,0.401,0.002,0.32,0.105,0.07,0.312,0.124,0.134,0.339,0.44,0.195,0.263,0.356,0.051,0.015,-0.058,-0.223,0.264,0.067,0.237,-0.443,0.22,0.311,0.363,0.165,-0.173,0.187,0.184,-0.284,0.325,0.273,-0.235,0.179,-0.317,0.21,0.202,0.079,-0.105,0.182,0.022,0.351,-0.307,0.127,0.076,-0.116,0.239,-0.015,0.291,-0.076,0.238,-0.085,0.44,0.295,-0.118,0.055,-0.1,0.367,0.014,-0.081,0.188,0.298,0.161,0.523,0.042,0.202,0.398,0.076,0.183,-0.341,0.309,-0.056,0.684,0.238,-0.046,0.282,0.438,0.155,0.38,0.235,0.108,0.1,-0.185,0.225,0.448,0.138,0.349,0.066,-0.247,-0.072,0.359,0.436,0.465,0.134,0.206,0.279,0.44,0.357,-0.065,0.312,0.324,0.188,0.115,-0.178,0.273,0.325,0.158,0.03,0.249,0.183,0.358,-0.046,0.05,0.065,0.317,-0.177,-0.231,-0.015,0.225,0.206,0.22,-0.089,0.215,-0.044,0.421,-0.051,0.055,0.105,0.224,0.168,0.096,0.253,0.201,0.051,0.381,-0.068
ADTN,0.321,0.227,-0.096,0.302,0.0,0.009,-0.281,0.034,0.589,0.217,0.145,0.099,0.237,-0.143,0.33,-0.595,0.517,-0.191,0.328,0.479,0.381,0.056,-0.418,0.131,0.252,0.078,0.537,0.376,-0.356,0.504,0.272,-0.598,0.272,0.156,0.186,0.282,0.142,0.478,0.611,0.177,0.69,0.553,-0.008,-0.658,-0.097,-0.075,0.3,-0.037,0.549,0.523,0.575,0.005,-0.486,-0.756,-0.064,0.315,-0.114,0.016,0.389,-0.393,0.252,0.365,-0.398,0.372,-0.131,0.26,-0.307,0.339,0.348,0.321,0.399,-0.42,0.112,0.737,0.487,0.121,0.27,0.593,0.435,-0.515,-0.007,-0.038,-0.295,0.249,0.347,-0.58,0.188,0.51,-0.608,0.083,-0.291,-0.023,0.017,-0.493,0.5,0.439,-0.514,0.504,-0.713,-0.313,-0.51,0.642,0.34,0.377,-0.198,0.005,-0.609,0.458,-0.227,-0.495,0.265,0.448,0.438,-0.573,0.226,-0.429,-0.198,0.078,0.01,-0.507,-0.205,0.643,0.078,0.108,0.389,0.351,0.115,0.681,-0.033,0.447,0.094,0.391,0.101,-0.543,0.418,0.128,-0.042,0.793,-0.448,0.234,0.777,0.441,0.179,0.562,-0.069,-0.699,-0.152,0.092,0.8,-0.421,0.337,0.217,-0.631,-0.37,0.732,0.677,0.74,0.357,-0.523,0.296,0.708,0.286,-0.264,-0.036,0.656,0.285,0.22,-0.621,0.256,0.141,0.463,-0.566,0.576,0.257,0.101,-0.394,-0.069,0.119,0.436,-0.002,-0.38,0.154,0.305,0.473,0.495,-0.526,0.081,0.068,0.059,-0.47,-0.043,0.064,0.253,0.167,0.241,0.286,0.213,0.704,0.558,-0.704
AGEN,-0.851,-0.53,0.689,-0.04,0.009,0.0,-0.552,-0.808,-0.334,-0.886,-0.834,-0.792,-0.87,-0.509,-0.776,0.484,-0.564,0.235,-0.686,-0.713,-0.622,-0.59,0.382,-0.885,-0.877,-0.876,-0.441,-0.722,-0.45,-0.612,0.382,0.449,0.507,-0.891,0.845,-0.839,-0.94,-0.578,-0.61,-0.902,-0.596,0.666,-0.594,0.371,-0.788,-0.716,-0.873,-0.809,-0.261,-0.632,-0.332,-0.821,0.001,0.249,0.181,-0.728,-0.393,-0.913,-0.787,0.225,-0.821,0.811,-0.764,-0.816,-0.815,-0.081,0.8,-0.681,0.447,-0.765,-0.77,-0.18,-0.509,-0.43,-0.618,-0.828,0.344,-0.643,-0.274,0.721,0.081,0.815,-0.527,-0.617,-0.794,0.548,-0.841,-0.731,-0.124,-0.114,0.602,0.71,-0.846,0.086,-0.059,-0.658,0.36,-0.625,0.292,-0.546,0.386,-0.587,0.705,0.086,0.884,0.667,0.292,-0.714,-0.011,-0.564,-0.438,-0.453,-0.726,0.664,-0.872,-0.12,-0.545,-0.703,0.735,-0.48,0.175,-0.502,-0.865,-0.829,-0.823,-0.475,-0.811,-0.321,-0.865,-0.789,0.627,-0.824,-0.76,0.498,-0.762,-0.922,-0.128,-0.414,-0.679,-0.811,-0.269,-0.65,0.204,-0.724,-0.665,0.241,0.722,-0.881,-0.07,-0.669,-0.794,-0.836,0.264,-0.647,-0.172,-0.372,-0.105,-0.841,-0.028,-0.841,-0.5,-0.756,0.77,-0.521,-0.558,0.635,-0.903,0.233,-0.854,0.279,-0.689,0.285,-0.654,-0.849,-0.389,0.063,-0.877,-0.474,-0.769,-0.678,0.533,0.888,0.454,-0.718,-0.741,0.579,-0.327,0.33,0.545,0.789,-0.905,-0.635,-0.813,-0.884,-0.829,-0.753,-0.74,-0.405,-0.487,0.101
ALGN,0.454,0.57,-0.548,0.04,-0.281,-0.552,0.0,0.481,-0.017,0.462,0.491,0.461,0.376,0.734,0.387,0.208,0.16,0.461,0.579,0.305,0.34,0.488,0.072,0.573,0.537,0.311,0.348,0.574,0.288,-0.011,-0.446,0.278,-0.131,0.469,-0.392,0.183,0.453,0.066,0.199,0.366,0.152,-0.612,0.801,0.138,0.593,0.424,0.356,0.375,-0.283,0.258,-0.035,0.773,0.501,0.347,-0.013,0.272,0.351,0.617,0.445,0.491,0.498,-0.624,0.593,0.443,0.745,0.134,-0.053,0.191,-0.145,0.093,0.366,0.351,0.532,-0.094,0.08,0.476,-0.163,0.084,0.312,-0.043,-0.065,-0.408,0.55,0.055,0.279,0.11,0.42,0.213,0.508,0.218,-0.151,-0.239,0.635,0.512,-0.201,-0.003,0.163,0.145,0.347,0.696,0.242,0.039,-0.572,0.076,-0.391,-0.349,0.173,0.106,0.422,0.763,0.156,-0.187,0.292,-0.011,0.422,0.507,0.629,0.388,-0.39,0.631,0.242,-0.011,0.661,0.455,0.269,0.332,0.668,-0.178,0.396,0.174,-0.467,0.334,0.481,0.188,0.39,0.491,0.427,-0.054,0.506,0.233,-0.202,0.193,0.089,0.127,0.665,0.264,-0.31,0.585,-0.346,0.766,0.259,0.194,0.379,0.577,-0.105,-0.081,-0.221,0.471,0.536,0.484,-0.046,0.55,-0.288,0.46,-0.07,-0.241,0.514,0.4,0.333,0.355,0.465,0.361,-0.0,0.584,-0.049,0.449,0.559,-0.103,0.365,0.443,0.028,-0.402,0.089,0.437,0.163,0.104,0.474,-0.24,-0.481,-0.242,0.562,0.592,0.427,0.625,0.506,0.323,0.572,-0.121,0.122,0.44
ALLK,0.713,0.555,-0.598,-0.049,0.034,-0.808,0.481,0.0,0.287,0.762,0.688,0.704,0.847,0.433,0.581,-0.325,0.541,0.022,0.635,0.657,0.518,0.479,-0.34,0.769,0.793,0.852,0.409,0.69,0.533,0.582,-0.297,-0.356,-0.469,0.893,-0.735,0.763,0.859,0.514,0.576,0.85,0.559,-0.526,0.523,-0.346,0.732,0.743,0.792,0.814,0.216,0.571,0.278,0.747,0.116,-0.204,-0.167,0.592,0.302,0.831,0.7,-0.301,0.692,-0.762,0.67,0.692,0.75,0.071,-0.624,0.518,-0.435,0.701,0.716,0.247,0.729,0.422,0.59,0.733,-0.384,0.511,0.219,-0.597,0.202,-0.672,0.59,0.506,0.726,-0.527,0.758,0.653,0.024,0.085,-0.551,-0.68,0.712,0.053,-0.003,0.54,-0.227,0.564,-0.171,0.437,-0.373,0.514,-0.654,-0.137,-0.813,-0.53,-0.172,0.668,0.176,0.547,0.39,0.507,0.748,-0.489,0.785,0.23,0.511,0.656,-0.492,0.572,0.06,0.512,0.838,0.82,0.718,0.373,0.782,0.327,0.831,0.731,-0.653,0.686,0.762,-0.352,0.676,0.869,0.055,0.426,0.58,0.616,0.114,0.48,-0.126,0.718,0.636,-0.232,-0.515,0.792,0.089,0.604,0.718,0.794,-0.061,0.735,0.337,0.362,-0.01,0.769,0.066,0.751,0.41,0.743,-0.598,0.41,0.559,-0.615,0.815,-0.107,0.721,-0.142,0.585,-0.147,0.536,0.728,0.463,-0.028,0.819,0.437,0.705,0.654,-0.262,-0.789,-0.223,0.663,0.615,-0.463,0.318,-0.14,-0.552,-0.713,0.702,0.626,0.685,0.784,0.674,0.682,0.746,0.413,0.403,-0.068
AMD,0.532,0.369,-0.191,0.542,0.589,-0.334,-0.017,0.287,0.0,0.499,0.363,0.27,0.461,0.035,0.54,-0.532,0.611,-0.31,0.447,0.541,0.487,0.328,-0.346,0.394,0.532,0.417,0.578,0.479,0.138,0.581,0.299,-0.614,-0.061,0.434,-0.136,0.527,0.442,0.59,0.609,0.441,0.574,0.079,0.111,-0.384,0.365,0.155,0.572,0.328,0.452,0.588,0.542,0.311,-0.224,-0.597,-0.023,0.485,0.139,0.284,0.557,-0.35,0.502,0.028,0.078,0.608,0.122,0.289,-0.531,0.562,-0.013,0.534,0.571,-0.103,0.13,0.791,0.758,0.424,0.047,0.731,0.098,-0.527,-0.049,-0.416,0.07,0.45,0.525,-0.668,0.442,0.604,-0.073,0.048,-0.391,-0.141,0.297,-0.518,0.429,0.601,-0.444,0.502,-0.655,0.034,-0.376,0.534,-0.065,0.073,-0.355,-0.148,-0.498,0.58,-0.214,-0.074,0.425,0.49,0.57,-0.543,0.509,-0.143,0.273,0.394,-0.245,-0.145,-0.155,0.678,0.38,0.329,0.584,0.403,0.296,0.713,0.356,0.603,0.017,0.516,0.347,-0.623,0.588,0.367,0.221,0.647,-0.034,0.555,0.717,0.485,0.197,0.655,0.146,-0.382,-0.254,0.432,0.62,0.017,0.582,0.479,-0.644,-0.062,0.498,0.696,0.569,0.467,-0.328,0.508,0.762,0.451,-0.404,0.21,0.704,-0.086,0.452,-0.51,0.582,0.085,0.42,-0.44,0.665,0.476,0.473,-0.225,0.292,0.378,0.598,0.146,-0.397,-0.282,0.034,0.531,0.63,-0.501,0.1,-0.016,0.094,-0.5,0.267,0.165,0.502,0.433,0.387,0.542,0.361,0.49,0.585,-0.517
AMWD,0.888,0.588,-0.674,0.202,0.217,-0.886,0.462,0.762,0.499,0.0,0.947,0.7,0.876,0.54,0.936,-0.598,0.802,-0.258,0.811,0.878,0.828,0.774,-0.435,0.936,0.949,0.803,0.713,0.853,0.368,0.766,-0.271,-0.524,-0.286,0.852,-0.714,0.867,0.932,0.804,0.805,0.926,0.674,-0.536,0.646,-0.511,0.776,0.526,0.872,0.683,0.538,0.839,0.627,0.85,-0.148,-0.425,0.062,0.891,0.478,0.901,0.911,-0.225,0.936,-0.58,0.645,0.919,0.782,0.34,-0.812,0.897,-0.173,0.82,0.843,0.101,0.558,0.611,0.813,0.846,-0.017,0.825,0.38,-0.748,-0.077,-0.801,0.555,0.627,0.888,-0.673,0.935,0.882,0.007,0.356,-0.55,-0.507,0.917,-0.147,0.38,0.821,-0.552,0.77,-0.439,0.581,-0.315,0.732,-0.513,0.179,-0.875,-0.435,-0.514,0.677,0.14,0.42,0.542,0.494,0.78,-0.731,0.965,-0.007,0.605,0.853,-0.832,0.353,-0.29,0.67,0.747,0.817,0.929,0.705,0.841,0.537,0.813,0.839,-0.387,0.829,0.844,-0.662,0.916,0.866,0.221,0.604,0.613,0.914,0.512,0.818,0.001,0.839,0.738,-0.33,-0.786,0.901,0.36,0.552,0.928,0.821,-0.388,0.452,0.463,0.613,0.411,0.883,-0.027,0.919,0.627,0.859,-0.813,0.712,0.694,-0.351,0.855,-0.433,0.864,-0.09,0.829,-0.384,0.808,0.908,0.473,-0.1,0.759,0.443,0.926,0.47,-0.663,-0.701,-0.394,0.876,0.86,-0.707,0.558,-0.414,-0.309,-0.748,0.924,0.746,0.923,0.918,0.869,0.904,0.82,0.597,0.737,-0.217
ARDX,0.845,0.553,-0.593,0.168,0.145,-0.834,0.491,0.688,0.363,0.947,0.0,0.668,0.824,0.632,0.934,-0.501,0.766,-0.19,0.798,0.855,0.82,0.798,-0.295,0.901,0.898,0.733,0.706,0.819,0.377,0.723,-0.304,-0.376,-0.214,0.771,-0.684,0.768,0.879,0.805,0.769,0.878,0.57,-0.56,0.678,-0.448,0.719,0.453,0.778,0.613,0.558,0.78,0.623,0.853,-0.103,-0.328,0.18,0.872,0.475,0.896,0.862,-0.103,0.921,-0.561,0.67,0.861,0.798,0.414,-0.724,0.872,-0.086,0.756,0.754,0.184,0.545,0.483,0.719,0.765,0.1,0.74,0.397,-0.651,-0.011,-0.721,0.571,0.587,0.817,-0.553,0.889,0.815,0.032,0.484,-0.399,-0.407,0.928,0.009,0.401,0.771,-0.485,0.678,-0.303,0.683,-0.189,0.655,-0.459,0.338,-0.801,-0.348,-0.438,0.551,0.23,0.461,0.562,0.443,0.678,-0.641,0.93,0.072,0.602,0.879,-0.873,0.365,-0.256,0.571,0.674,0.77,0.88,0.705,0.812,0.401,0.776,0.752,-0.267,0.753,0.858,-0.564,0.87,0.832,0.267,0.522,0.691,0.879,0.446,0.814,0.046,0.727,0.826,-0.206,-0.774,0.875,0.282,0.546,0.887,0.755,-0.277,0.444,0.425,0.564,0.397,0.815,0.054,0.864,0.496,0.814,-0.746,0.8,0.605,-0.266,0.792,-0.366,0.777,-0.01,0.826,-0.349,0.728,0.874,0.451,0.002,0.735,0.44,0.884,0.4,-0.606,-0.597,-0.431,0.841,0.827,-0.62,0.686,-0.43,-0.216,-0.632,0.932,0.823,0.911,0.896,0.882,0.871,0.796,0.58,0.723,-0.098
ARQT,0.846,0.371,-0.403,-0.232,0.099,-0.792,0.461,0.704,0.27,0.7,0.668,0.0,0.784,0.301,0.589,-0.466,0.347,-0.076,0.471,0.571,0.361,0.303,-0.122,0.623,0.678,0.803,0.295,0.572,0.32,0.591,-0.438,-0.329,-0.531,0.657,-0.741,0.674,0.78,0.5,0.458,0.765,0.588,-0.32,0.444,-0.41,0.408,0.805,0.754,0.813,0.219,0.444,0.212,0.594,0.188,-0.328,-0.509,0.488,0.071,0.788,0.624,-0.211,0.589,-0.732,0.659,0.614,0.693,0.146,-0.687,0.45,-0.419,0.676,0.571,0.102,0.36,0.346,0.387,0.602,-0.48,0.472,0.263,-0.736,0.053,-0.511,0.15,0.679,0.552,-0.288,0.633,0.575,-0.194,-0.103,-0.478,-0.681,0.575,-0.006,-0.059,0.463,-0.08,0.417,-0.172,0.253,-0.554,0.549,-0.549,-0.112,-0.713,-0.698,-0.057,0.742,-0.197,0.577,0.525,0.587,0.511,-0.58,0.678,0.324,0.156,0.546,-0.463,0.249,0.095,0.383,0.819,0.771,0.64,0.229,0.626,0.093,0.747,0.693,-0.602,0.805,0.494,-0.262,0.556,0.875,-0.156,0.428,0.515,0.575,0.191,0.649,-0.306,0.617,0.491,-0.337,-0.319,0.681,-0.044,0.361,0.537,0.793,-0.288,0.473,0.123,0.325,-0.003,0.653,-0.288,0.604,0.35,0.569,-0.577,0.221,0.508,-0.643,0.829,-0.116,0.696,-0.24,0.612,-0.469,0.536,0.691,0.318,-0.234,0.782,0.533,0.638,0.761,-0.266,-0.684,-0.249,0.572,0.677,-0.383,0.179,-0.117,-0.479,-0.74,0.701,0.403,0.661,0.71,0.709,0.485,0.559,0.504,0.266,-0.229
ASTE,0.853,0.552,-0.469,0.094,0.237,-0.87,0.376,0.847,0.461,0.876,0.824,0.784,0.0,0.373,0.796,-0.563,0.724,-0.18,0.707,0.799,0.686,0.499,-0.405,0.816,0.897,0.902,0.542,0.771,0.473,0.821,-0.195,-0.564,-0.434,0.91,-0.668,0.907,0.968,0.74,0.712,0.947,0.738,-0.373,0.502,-0.537,0.677,0.698,0.887,0.797,0.492,0.747,0.569,0.761,-0.06,-0.452,-0.126,0.733,0.231,0.859,0.863,-0.424,0.858,-0.649,0.643,0.871,0.748,0.239,-0.823,0.715,-0.317,0.876,0.772,0.062,0.613,0.57,0.723,0.796,-0.23,0.747,0.35,-0.798,0.163,-0.775,0.496,0.786,0.87,-0.686,0.87,0.824,-0.108,0.125,-0.562,-0.663,0.747,-0.116,0.218,0.771,-0.413,0.665,-0.38,0.396,-0.542,0.694,-0.58,0.01,-0.8,-0.479,-0.379,0.834,0.085,0.388,0.513,0.747,0.85,-0.743,0.891,0.098,0.375,0.759,-0.602,0.356,-0.118,0.711,0.828,0.853,0.869,0.534,0.815,0.511,0.858,0.924,-0.52,0.819,0.792,-0.591,0.837,0.929,0.152,0.654,0.598,0.816,0.401,0.754,-0.124,0.854,0.657,-0.396,-0.63,0.897,0.321,0.453,0.858,0.932,-0.376,0.572,0.471,0.636,0.294,0.835,-0.154,0.835,0.654,0.801,-0.69,0.499,0.797,-0.568,0.932,-0.377,0.912,-0.198,0.754,-0.437,0.751,0.882,0.626,-0.154,0.886,0.615,0.875,0.671,-0.46,-0.78,-0.289,0.812,0.841,-0.667,0.339,-0.077,-0.379,-0.831,0.789,0.657,0.795,0.89,0.802,0.809,0.769,0.68,0.631,-0.271
AUPH,0.394,0.645,-0.572,0.146,-0.143,-0.509,0.734,0.433,0.035,0.54,0.632,0.301,0.373,0.0,0.546,0.082,0.299,0.215,0.657,0.454,0.569,0.671,-0.056,0.628,0.557,0.221,0.528,0.595,0.159,0.121,-0.285,0.164,0.143,0.486,-0.309,0.234,0.45,0.255,0.428,0.379,0.218,-0.608,0.82,-0.048,0.578,0.162,0.315,0.179,0.025,0.394,0.21,0.781,0.191,0.262,0.319,0.534,0.496,0.618,0.53,0.384,0.592,-0.434,0.461,0.504,0.669,0.202,-0.124,0.418,0.101,0.166,0.401,0.323,0.577,0.084,0.287,0.452,0.195,0.256,0.412,-0.091,0.014,-0.433,0.672,-0.006,0.417,-0.085,0.468,0.378,0.455,0.491,-0.06,-0.133,0.705,0.392,0.088,0.188,-0.104,0.322,0.183,0.856,0.299,0.167,-0.397,0.416,-0.438,-0.195,-0.089,0.057,0.561,0.551,0.186,-0.145,0.395,-0.118,0.528,0.305,0.694,0.456,-0.556,0.557,-0.042,0.17,0.505,0.409,0.433,0.496,0.694,0.047,0.336,0.261,-0.268,0.428,0.696,-0.05,0.543,0.457,0.372,0.077,0.476,0.347,-0.023,0.277,0.189,0.212,0.764,0.177,-0.522,0.578,-0.083,0.657,0.423,0.164,0.305,0.424,0.138,0.127,0.062,0.571,0.572,0.556,0.012,0.518,-0.358,0.672,0.038,0.011,0.459,0.164,0.358,0.449,0.58,0.23,0.155,0.616,0.001,0.433,0.43,-0.048,0.451,0.283,-0.119,-0.257,-0.049,0.523,0.313,-0.112,0.741,-0.359,-0.324,-0.214,0.619,0.774,0.48,0.653,0.583,0.506,0.645,0.072,0.372,0.417
AVXL,0.848,0.578,-0.61,0.301,0.33,-0.776,0.387,0.581,0.54,0.936,0.934,0.589,0.796,0.546,0.0,-0.661,0.847,-0.337,0.831,0.91,0.901,0.809,-0.448,0.892,0.903,0.67,0.811,0.863,0.233,0.78,-0.199,-0.555,-0.116,0.737,-0.551,0.803,0.844,0.854,0.844,0.838,0.685,-0.414,0.616,-0.575,0.689,0.324,0.794,0.504,0.649,0.9,0.758,0.794,-0.279,-0.501,0.17,0.925,0.448,0.811,0.92,-0.181,0.935,-0.381,0.497,0.925,0.68,0.45,-0.759,0.93,0.024,0.774,0.813,-0.02,0.456,0.654,0.817,0.797,0.187,0.882,0.462,-0.728,-0.174,-0.768,0.466,0.608,0.873,-0.684,0.897,0.893,-0.042,0.453,-0.486,-0.345,0.884,-0.214,0.534,0.853,-0.657,0.796,-0.516,0.557,-0.268,0.777,-0.367,0.34,-0.79,-0.323,-0.639,0.609,0.174,0.28,0.508,0.465,0.733,-0.764,0.928,-0.14,0.545,0.829,-0.826,0.187,-0.428,0.724,0.614,0.726,0.915,0.806,0.781,0.615,0.676,0.804,-0.215,0.796,0.8,-0.732,0.936,0.748,0.303,0.672,0.501,0.919,0.65,0.869,0.099,0.818,0.689,-0.375,-0.816,0.841,0.497,0.423,0.911,0.719,-0.49,0.243,0.546,0.706,0.593,0.843,-0.088,0.909,0.687,0.821,-0.816,0.763,0.703,-0.144,0.767,-0.547,0.831,-0.001,0.872,-0.461,0.848,0.895,0.438,-0.122,0.623,0.374,0.932,0.321,-0.73,-0.535,-0.34,0.902,0.869,-0.752,0.63,-0.444,-0.145,-0.681,0.838,0.736,0.906,0.867,0.835,0.901,0.783,0.66,0.836,-0.28
AZTA,-0.653,-0.251,0.399,-0.043,-0.595,0.484,0.208,-0.325,-0.532,-0.598,-0.501,-0.466,-0.563,0.082,-0.661,0.0,-0.633,0.679,-0.401,-0.735,-0.601,-0.324,0.657,-0.513,-0.539,-0.519,-0.47,-0.526,0.138,-0.788,-0.0,0.89,0.092,-0.444,0.361,-0.722,-0.555,-0.734,-0.691,-0.592,-0.777,-0.095,-0.083,0.84,-0.198,-0.178,-0.643,-0.361,-0.718,-0.713,-0.675,-0.222,0.679,0.897,0.233,-0.687,-0.089,-0.41,-0.63,0.577,-0.505,0.034,-0.07,-0.612,-0.15,-0.168,0.787,-0.685,-0.057,-0.731,-0.639,0.494,-0.027,-0.789,-0.689,-0.539,-0.034,-0.831,-0.328,0.883,0.293,0.519,0.131,-0.556,-0.691,0.74,-0.603,-0.744,0.598,-0.015,0.625,0.374,-0.397,0.655,-0.521,-0.794,0.786,-0.779,0.878,0.135,0.71,-0.878,0.001,-0.126,0.662,0.383,0.79,-0.691,0.35,0.218,-0.316,-0.616,-0.579,0.906,-0.589,0.581,0.027,-0.387,0.424,0.362,0.584,-0.745,-0.313,-0.517,-0.735,-0.51,-0.338,-0.709,-0.402,-0.721,0.189,-0.733,-0.337,0.864,-0.65,-0.503,0.202,-0.815,0.009,-0.705,-0.813,-0.778,0.162,-0.813,-0.09,0.813,0.561,-0.382,-0.688,0.172,-0.65,-0.618,0.887,0.199,-0.579,-0.651,-0.676,-0.628,0.668,-0.609,-0.795,-0.451,0.746,-0.196,-0.735,0.09,-0.527,0.848,-0.625,0.422,-0.61,0.844,-0.91,-0.508,-0.269,0.627,-0.236,-0.322,-0.669,-0.195,0.8,0.363,0.318,-0.637,-0.75,0.888,-0.096,0.292,0.138,0.705,-0.398,-0.177,-0.606,-0.423,-0.487,-0.614,-0.396,-0.759,-0.63,0.781
BAND,0.682,0.48,-0.471,0.481,0.517,-0.564,0.16,0.541,0.611,0.802,0.766,0.347,0.724,0.299,0.847,-0.633,0.0,-0.276,0.745,0.869,0.838,0.683,-0.536,0.754,0.797,0.593,0.809,0.78,0.258,0.812,0.018,-0.648,-0.064,0.677,-0.372,0.776,0.725,0.87,0.865,0.763,0.671,-0.185,0.389,-0.579,0.614,0.224,0.73,0.414,0.735,0.885,0.836,0.607,-0.383,-0.628,0.298,0.807,0.406,0.602,0.817,-0.369,0.829,-0.157,0.272,0.832,0.461,0.46,-0.675,0.871,0.097,0.742,0.8,-0.057,0.515,0.746,0.893,0.679,0.261,0.877,0.368,-0.661,0.007,-0.657,0.422,0.558,0.834,-0.844,0.819,0.878,-0.167,0.468,-0.468,-0.242,0.709,-0.328,0.609,0.867,-0.721,0.783,-0.628,0.346,-0.302,0.747,-0.216,0.358,-0.648,-0.041,-0.721,0.593,0.193,0.007,0.524,0.533,0.774,-0.714,0.836,-0.276,0.486,0.776,-0.62,0.106,-0.384,0.819,0.438,0.586,0.84,0.764,0.631,0.793,0.574,0.789,-0.017,0.614,0.708,-0.802,0.861,0.587,0.366,0.766,0.31,0.827,0.745,0.787,0.231,0.854,0.525,-0.43,-0.713,0.7,0.734,0.251,0.916,0.688,-0.532,0.183,0.774,0.824,0.711,0.727,-0.105,0.813,0.789,0.808,-0.678,0.651,0.808,-0.046,0.635,-0.666,0.718,0.019,0.746,-0.445,0.85,0.729,0.555,-0.178,0.498,0.381,0.896,0.133,-0.697,-0.42,-0.212,0.853,0.816,-0.767,0.512,-0.275,0.015,-0.622,0.606,0.631,0.787,0.699,0.667,0.863,0.724,0.722,0.882,-0.418
BECN,-0.19,0.098,0.096,-0.062,-0.191,0.235,0.461,0.022,-0.31,-0.258,-0.19,-0.076,-0.18,0.215,-0.337,0.679,-0.276,0.0,0.027,-0.261,-0.282,-0.147,0.52,-0.199,-0.134,-0.244,-0.002,0.008,0.102,-0.382,-0.007,0.68,0.159,-0.126,0.228,-0.43,-0.222,-0.343,-0.249,-0.251,-0.253,0.014,0.307,0.425,-0.142,0.091,-0.25,-0.083,-0.461,-0.302,-0.326,0.115,0.684,0.502,-0.004,-0.424,-0.035,-0.074,-0.19,0.514,-0.147,-0.053,0.05,-0.221,0.158,0.048,0.568,-0.483,0.077,-0.422,-0.167,0.367,0.264,-0.393,-0.393,-0.294,-0.06,-0.469,0.049,0.471,0.422,0.379,0.136,-0.393,-0.403,0.484,-0.304,-0.332,0.249,-0.028,0.274,0.197,-0.143,0.666,-0.31,-0.549,0.633,-0.417,0.63,0.179,0.414,-0.429,-0.029,0.112,0.329,0.234,0.586,-0.318,0.332,0.377,0.086,-0.321,-0.158,0.524,-0.287,0.658,0.123,-0.134,0.356,0.284,0.669,-0.389,0.068,-0.152,-0.361,-0.167,0.047,-0.467,-0.153,-0.359,-0.032,-0.311,-0.068,0.681,-0.234,-0.113,0.241,-0.266,0.001,-0.483,-0.483,-0.356,0.346,-0.393,0.191,0.409,0.452,-0.08,-0.435,0.121,-0.351,-0.298,0.657,0.265,-0.101,-0.37,-0.406,-0.181,0.449,-0.259,-0.455,-0.017,0.446,-0.07,-0.346,0.096,-0.086,0.635,-0.373,0.506,-0.07,0.532,-0.55,-0.116,-0.15,0.469,-0.002,-0.262,-0.244,0.12,0.582,0.236,0.557,-0.145,-0.329,0.633,0.154,0.233,-0.13,0.278,-0.215,0.099,-0.235,-0.045,-0.088,-0.317,0.026,-0.299,-0.31,0.485
BFC,0.713,0.746,-0.69,0.319,0.328,-0.686,0.579,0.635,0.447,0.811,0.798,0.471,0.707,0.657,0.831,-0.401,0.745,0.027,0.0,0.842,0.844,0.769,-0.402,0.852,0.875,0.531,0.841,0.897,0.224,0.594,-0.18,-0.35,0.036,0.746,-0.389,0.657,0.744,0.67,0.786,0.717,0.656,-0.427,0.77,-0.427,0.721,0.3,0.693,0.411,0.402,0.829,0.641,0.879,-0.1,-0.313,0.196,0.785,0.463,0.756,0.884,0.028,0.886,-0.375,0.438,0.874,0.744,0.352,-0.493,0.706,0.076,0.571,0.802,0.053,0.65,0.559,0.683,0.735,0.185,0.728,0.575,-0.522,-0.042,-0.664,0.608,0.358,0.781,-0.565,0.795,0.784,0.122,0.444,-0.453,-0.272,0.836,0.038,0.403,0.649,-0.491,0.704,-0.346,0.634,-0.098,0.663,-0.347,0.364,-0.709,-0.23,-0.51,0.479,0.377,0.367,0.416,0.26,0.744,-0.567,0.808,-0.015,0.639,0.715,-0.613,0.322,-0.193,0.658,0.669,0.682,0.771,0.808,0.865,0.549,0.574,0.661,-0.339,0.678,0.822,-0.504,0.895,0.663,0.432,0.604,0.419,0.702,0.497,0.658,0.239,0.703,0.753,-0.265,-0.708,0.834,0.388,0.53,0.788,0.549,-0.2,0.355,0.564,0.545,0.473,0.843,0.145,0.855,0.593,0.865,-0.667,0.73,0.575,-0.072,0.733,-0.309,0.691,0.22,0.878,-0.147,0.635,0.882,0.321,0.126,0.6,0.137,0.84,0.363,-0.517,-0.462,-0.043,0.886,0.69,-0.555,0.691,-0.382,-0.329,-0.6,0.691,0.798,0.795,0.879,0.76,0.793,0.821,0.5,0.756,-0.073
BGC,0.826,0.657,-0.649,0.221,0.479,-0.713,0.305,0.657,0.541,0.878,0.855,0.571,0.799,0.454,0.91,-0.735,0.869,-0.261,0.842,0.0,0.917,0.727,-0.551,0.845,0.886,0.65,0.843,0.901,0.126,0.863,-0.069,-0.633,-0.01,0.759,-0.481,0.811,0.819,0.89,0.916,0.823,0.804,-0.266,0.581,-0.732,0.596,0.305,0.801,0.482,0.711,0.908,0.815,0.738,-0.377,-0.629,0.089,0.909,0.381,0.766,0.934,-0.291,0.883,-0.287,0.389,0.903,0.607,0.399,-0.732,0.864,0.121,0.807,0.879,-0.164,0.506,0.77,0.846,0.745,0.177,0.908,0.526,-0.793,-0.061,-0.711,0.396,0.518,0.878,-0.75,0.862,0.924,-0.24,0.409,-0.575,-0.38,0.803,-0.246,0.565,0.856,-0.712,0.871,-0.598,0.424,-0.397,0.873,-0.239,0.384,-0.807,-0.298,-0.703,0.656,0.15,0.182,0.5,0.532,0.813,-0.826,0.881,-0.214,0.477,0.759,-0.671,0.1,-0.398,0.818,0.595,0.751,0.934,0.815,0.768,0.69,0.639,0.828,-0.259,0.813,0.779,-0.77,0.951,0.747,0.197,0.829,0.354,0.853,0.707,0.88,0.144,0.891,0.632,-0.54,-0.767,0.77,0.611,0.284,0.902,0.718,-0.524,0.195,0.738,0.727,0.654,0.89,-0.171,0.908,0.749,0.82,-0.838,0.663,0.769,-0.086,0.79,-0.634,0.784,-0.001,0.923,-0.542,0.894,0.858,0.43,-0.203,0.56,0.344,0.939,0.324,-0.718,-0.475,-0.218,0.948,0.891,-0.808,0.597,-0.359,-0.243,-0.741,0.712,0.706,0.874,0.829,0.825,0.912,0.816,0.773,0.86,-0.398
BHF,0.678,0.71,-0.616,0.294,0.381,-0.622,0.34,0.518,0.487,0.828,0.82,0.361,0.686,0.569,0.901,-0.601,0.838,-0.282,0.844,0.917,0.0,0.809,-0.543,0.812,0.834,0.477,0.852,0.872,0.058,0.743,-0.013,-0.519,0.196,0.684,-0.319,0.683,0.724,0.817,0.841,0.694,0.681,-0.317,0.617,-0.643,0.649,0.076,0.647,0.261,0.678,0.892,0.859,0.765,-0.436,-0.458,0.375,0.932,0.462,0.69,0.915,-0.158,0.886,-0.174,0.324,0.887,0.583,0.42,-0.625,0.885,0.291,0.695,0.754,-0.201,0.505,0.663,0.806,0.708,0.423,0.864,0.554,-0.608,-0.116,-0.736,0.531,0.408,0.872,-0.673,0.83,0.835,-0.047,0.603,-0.384,-0.195,0.82,-0.15,0.661,0.813,-0.763,0.826,-0.497,0.562,-0.18,0.751,-0.155,0.49,-0.684,-0.152,-0.745,0.441,0.382,0.11,0.327,0.367,0.752,-0.722,0.823,-0.29,0.548,0.715,-0.729,0.148,-0.512,0.764,0.462,0.656,0.864,0.907,0.753,0.688,0.497,0.708,-0.159,0.665,0.808,-0.748,0.943,0.604,0.349,0.709,0.363,0.813,0.648,0.784,0.245,0.757,0.694,-0.395,-0.846,0.744,0.618,0.36,0.855,0.536,-0.399,0.149,0.696,0.691,0.7,0.83,0.031,0.876,0.68,0.759,-0.776,0.794,0.634,0.102,0.659,-0.603,0.721,0.139,0.873,-0.352,0.786,0.852,0.355,0.028,0.466,0.203,0.872,0.154,-0.687,-0.345,-0.239,0.93,0.768,-0.776,0.701,-0.358,-0.158,-0.567,0.696,0.795,0.798,0.808,0.744,0.929,0.784,0.663,0.912,-0.218
BHFAL,0.586,0.524,-0.654,0.264,0.056,-0.59,0.488,0.479,0.328,0.774,0.798,0.303,0.499,0.671,0.809,-0.324,0.683,-0.147,0.769,0.727,0.809,0.0,-0.235,0.798,0.76,0.433,0.757,0.734,0.26,0.494,-0.16,-0.203,0.067,0.554,-0.486,0.545,0.62,0.661,0.662,0.631,0.32,-0.638,0.649,-0.266,0.719,0.086,0.545,0.295,0.452,0.703,0.592,0.777,-0.149,-0.144,0.43,0.823,0.663,0.704,0.737,0.158,0.808,-0.301,0.522,0.72,0.687,0.431,-0.454,0.797,0.109,0.503,0.653,0.182,0.406,0.415,0.655,0.633,0.35,0.647,0.286,-0.336,-0.171,-0.594,0.627,0.219,0.647,-0.409,0.747,0.655,0.244,0.662,-0.27,-0.059,0.87,0.028,0.509,0.647,-0.531,0.63,-0.228,0.76,0.195,0.488,-0.259,0.38,-0.649,-0.103,-0.486,0.181,0.418,0.398,0.401,0.063,0.485,-0.409,0.77,-0.057,0.776,0.785,-0.799,0.332,-0.362,0.422,0.4,0.582,0.712,0.779,0.668,0.39,0.543,0.454,-0.065,0.496,0.769,-0.486,0.766,0.504,0.391,0.341,0.555,0.75,0.404,0.609,0.319,0.52,0.731,-0.008,-0.736,0.702,0.262,0.565,0.748,0.427,-0.13,0.27,0.367,0.394,0.405,0.658,0.272,0.743,0.349,0.687,-0.656,0.894,0.351,0.049,0.486,-0.326,0.517,0.162,0.678,-0.071,0.551,0.712,0.275,0.17,0.42,0.107,0.72,0.032,-0.598,-0.367,-0.368,0.725,0.588,-0.497,0.785,-0.614,-0.094,-0.31,0.729,0.766,0.794,0.726,0.691,0.797,0.701,0.321,0.716,0.08
BKNG,-0.333,-0.379,0.554,-0.222,-0.418,0.382,0.072,-0.34,-0.346,-0.435,-0.295,-0.122,-0.405,-0.056,-0.448,0.657,-0.536,0.52,-0.402,-0.551,-0.543,-0.235,0.0,-0.499,-0.418,-0.288,-0.361,-0.447,0.198,-0.427,0.029,0.805,0.042,-0.493,0.158,-0.544,-0.408,-0.353,-0.568,-0.385,-0.673,-0.003,-0.186,0.622,-0.367,-0.064,-0.464,-0.14,-0.391,-0.626,-0.455,-0.231,0.66,0.564,0.014,-0.521,-0.233,-0.263,-0.477,0.515,-0.379,0.034,0.113,-0.477,-0.036,0.143,0.479,-0.497,-0.078,-0.421,-0.565,0.495,-0.27,-0.61,-0.552,-0.561,-0.018,-0.599,-0.456,0.588,0.345,0.604,-0.149,-0.24,-0.633,0.717,-0.473,-0.591,0.283,-0.0,0.651,0.412,-0.374,0.557,-0.26,-0.522,0.742,-0.757,0.712,0.051,0.496,-0.659,0.146,-0.02,0.574,0.279,0.776,-0.502,0.017,0.329,0.113,-0.268,-0.643,0.675,-0.437,0.661,-0.171,-0.132,0.27,-0.004,0.579,-0.672,-0.27,-0.356,-0.523,-0.469,-0.417,-0.746,-0.171,-0.56,0.346,-0.518,-0.304,0.742,-0.536,-0.295,-0.036,-0.596,0.159,-0.445,-0.554,-0.412,0.243,-0.651,-0.007,0.696,0.652,-0.26,-0.657,-0.083,-0.524,-0.339,0.503,0.033,-0.524,-0.474,-0.503,-0.589,0.174,-0.571,-0.685,-0.431,0.621,-0.112,-0.495,0.018,-0.394,0.602,-0.52,0.217,-0.448,0.336,-0.655,-0.399,0.007,0.382,-0.148,0.075,-0.475,-0.163,0.638,0.369,0.097,-0.514,-0.415,0.752,-0.028,0.203,0.334,0.603,-0.248,-0.201,-0.331,-0.321,-0.299,-0.504,-0.461,-0.441,-0.481,0.506
BL,0.813,0.623,-0.796,0.226,0.131,-0.885,0.573,0.769,0.394,0.936,0.901,0.623,0.816,0.628,0.892,-0.513,0.754,-0.199,0.852,0.845,0.812,0.798,-0.499,0.0,0.933,0.752,0.696,0.876,0.374,0.632,-0.387,-0.469,-0.282,0.853,-0.713,0.83,0.893,0.677,0.767,0.884,0.647,-0.633,0.73,-0.413,0.853,0.514,0.833,0.657,0.37,0.838,0.533,0.891,-0.1,-0.316,0.058,0.843,0.511,0.906,0.882,-0.095,0.903,-0.624,0.67,0.884,0.799,0.28,-0.682,0.804,-0.194,0.686,0.847,0.138,0.616,0.51,0.722,0.925,-0.054,0.742,0.416,-0.647,-0.179,-0.836,0.653,0.501,0.867,-0.623,0.932,0.832,0.124,0.324,-0.611,-0.495,0.96,-0.062,0.286,0.718,-0.515,0.763,-0.384,0.646,-0.204,0.673,-0.611,0.147,-0.905,-0.451,-0.493,0.6,0.247,0.488,0.419,0.324,0.767,-0.639,0.931,-0.029,0.713,0.808,-0.784,0.458,-0.258,0.608,0.78,0.791,0.847,0.712,0.911,0.493,0.773,0.754,-0.454,0.798,0.844,-0.581,0.882,0.819,0.331,0.518,0.601,0.852,0.429,0.73,-0.027,0.782,0.742,-0.268,-0.83,0.887,0.288,0.678,0.887,0.73,-0.251,0.515,0.409,0.488,0.337,0.897,0.116,0.942,0.578,0.907,-0.805,0.72,0.58,-0.325,0.826,-0.301,0.813,-0.052,0.812,-0.213,0.725,0.889,0.355,-0.043,0.733,0.225,0.879,0.466,-0.631,-0.723,-0.344,0.853,0.732,-0.636,0.592,-0.523,-0.413,-0.708,0.87,0.752,0.888,0.899,0.806,0.852,0.855,0.448,0.65,-0.106
BOKF,0.882,0.676,-0.683,0.239,0.252,-0.877,0.537,0.793,0.532,0.949,0.898,0.678,0.897,0.557,0.903,-0.539,0.797,-0.134,0.875,0.886,0.834,0.76,-0.418,0.933,0.0,0.797,0.753,0.911,0.397,0.761,-0.182,-0.49,-0.255,0.893,-0.654,0.855,0.941,0.775,0.791,0.915,0.707,-0.519,0.692,-0.478,0.798,0.538,0.885,0.684,0.473,0.853,0.63,0.909,-0.091,-0.396,0.029,0.845,0.438,0.896,0.957,-0.181,0.963,-0.581,0.648,0.961,0.829,0.35,-0.752,0.816,-0.163,0.81,0.877,0.105,0.597,0.616,0.787,0.849,-0.042,0.827,0.409,-0.712,-0.019,-0.804,0.598,0.603,0.884,-0.666,0.924,0.864,0.051,0.332,-0.57,-0.494,0.9,-0.083,0.361,0.784,-0.516,0.749,-0.395,0.589,-0.303,0.708,-0.535,0.15,-0.849,-0.425,-0.493,0.685,0.185,0.451,0.507,0.486,0.826,-0.712,0.943,0.039,0.631,0.834,-0.733,0.376,-0.203,0.684,0.81,0.846,0.914,0.743,0.893,0.543,0.817,0.831,-0.437,0.818,0.854,-0.615,0.941,0.869,0.327,0.638,0.592,0.879,0.489,0.785,0.057,0.836,0.759,-0.309,-0.748,0.948,0.352,0.582,0.912,0.804,-0.336,0.492,0.495,0.585,0.405,0.916,0.009,0.93,0.667,0.901,-0.792,0.701,0.707,-0.364,0.898,-0.393,0.872,-0.022,0.859,-0.313,0.767,0.957,0.498,-0.032,0.793,0.403,0.935,0.514,-0.595,-0.704,-0.275,0.909,0.831,-0.667,0.547,-0.348,-0.378,-0.757,0.852,0.758,0.917,0.967,0.873,0.894,0.84,0.581,0.74,-0.176
BRKR,0.822,0.351,-0.445,0.01,0.078,-0.876,0.311,0.852,0.417,0.803,0.733,0.803,0.902,0.221,0.67,-0.519,0.593,-0.244,0.531,0.65,0.477,0.433,-0.288,0.752,0.797,0.0,0.344,0.609,0.629,0.719,-0.287,-0.524,-0.649,0.833,-0.837,0.894,0.918,0.641,0.563,0.937,0.572,-0.483,0.333,-0.357,0.676,0.798,0.882,0.934,0.35,0.583,0.348,0.643,0.036,-0.395,-0.282,0.602,0.231,0.815,0.696,-0.418,0.714,-0.757,0.743,0.726,0.699,0.152,-0.828,0.613,-0.563,0.846,0.702,0.222,0.467,0.454,0.645,0.772,-0.445,0.622,0.072,-0.742,0.105,-0.707,0.407,0.765,0.751,-0.601,0.808,0.693,-0.05,-0.028,-0.592,-0.688,0.671,-0.151,0.065,0.695,-0.282,0.531,-0.344,0.311,-0.525,0.576,-0.648,-0.229,-0.813,-0.583,-0.213,0.799,-0.106,0.49,0.534,0.681,0.687,-0.626,0.82,0.154,0.365,0.735,-0.576,0.374,-0.017,0.547,0.814,0.827,0.774,0.324,0.673,0.347,0.937,0.822,-0.522,0.754,0.676,-0.49,0.664,0.909,0.047,0.471,0.647,0.781,0.289,0.635,-0.212,0.776,0.537,-0.272,-0.512,0.82,0.136,0.492,0.784,0.961,-0.364,0.63,0.249,0.453,0.08,0.71,-0.218,0.731,0.54,0.705,-0.654,0.377,0.693,-0.747,0.847,-0.27,0.819,-0.397,0.541,-0.399,0.669,0.721,0.626,-0.214,0.872,0.656,0.749,0.648,-0.422,-0.872,-0.44,0.631,0.744,-0.556,0.164,-0.167,-0.373,-0.763,0.759,0.464,0.765,0.759,0.685,0.68,0.616,0.5,0.433,-0.241
CACC,0.647,0.646,-0.556,0.497,0.537,-0.441,0.348,0.409,0.578,0.713,0.706,0.295,0.542,0.528,0.811,-0.47,0.809,-0.002,0.841,0.843,0.852,0.757,-0.361,0.696,0.753,0.344,0.0,0.843,0.029,0.649,0.072,-0.389,0.254,0.554,-0.185,0.529,0.563,0.763,0.859,0.565,0.634,-0.177,0.639,-0.495,0.514,0.045,0.581,0.207,0.606,0.85,0.784,0.695,-0.242,-0.468,0.304,0.778,0.437,0.562,0.821,-0.009,0.803,-0.026,0.194,0.799,0.495,0.595,-0.403,0.742,0.332,0.524,0.767,-0.053,0.457,0.685,0.755,0.551,0.428,0.794,0.558,-0.482,-0.064,-0.477,0.407,0.257,0.671,-0.598,0.672,0.783,-0.051,0.519,-0.384,-0.031,0.693,-0.15,0.65,0.66,-0.582,0.719,-0.472,0.497,-0.043,0.672,-0.086,0.532,-0.535,0.004,-0.627,0.385,0.289,0.141,0.486,0.259,0.665,-0.564,0.704,-0.123,0.567,0.675,-0.557,0.061,-0.265,0.692,0.401,0.493,0.734,0.836,0.665,0.66,0.385,0.587,0.02,0.595,0.679,-0.594,0.858,0.463,0.439,0.72,0.179,0.661,0.692,0.703,0.433,0.679,0.601,-0.324,-0.585,0.637,0.612,0.244,0.744,0.413,-0.37,0.039,0.759,0.669,0.718,0.715,0.015,0.758,0.642,0.765,-0.608,0.704,0.611,0.234,0.564,-0.484,0.565,0.35,0.84,-0.308,0.688,0.735,0.331,-0.051,0.326,0.128,0.813,0.101,-0.571,-0.162,0.075,0.844,0.714,-0.555,0.728,-0.362,-0.001,-0.477,0.516,0.664,0.757,0.705,0.673,0.758,0.707,0.597,0.843,-0.249
CAR,0.818,0.755,-0.714,0.215,0.376,-0.722,0.574,0.69,0.479,0.853,0.819,0.572,0.771,0.595,0.863,-0.526,0.78,0.008,0.897,0.901,0.872,0.734,-0.447,0.876,0.911,0.609,0.843,0.0,0.156,0.689,-0.179,-0.445,-0.007,0.772,-0.45,0.699,0.795,0.73,0.82,0.766,0.77,-0.344,0.759,-0.573,0.676,0.369,0.763,0.481,0.461,0.874,0.682,0.86,-0.141,-0.417,0.063,0.804,0.402,0.799,0.93,-0.088,0.887,-0.395,0.465,0.907,0.726,0.379,-0.59,0.751,0.09,0.665,0.844,-0.077,0.61,0.63,0.728,0.789,0.118,0.785,0.558,-0.656,-0.091,-0.714,0.491,0.437,0.818,-0.602,0.827,0.819,-0.06,0.381,-0.521,-0.345,0.835,-0.051,0.43,0.678,-0.541,0.793,-0.402,0.522,-0.265,0.753,-0.356,0.337,-0.769,-0.355,-0.543,0.583,0.306,0.344,0.424,0.377,0.808,-0.688,0.839,-0.04,0.586,0.7,-0.637,0.255,-0.223,0.712,0.726,0.755,0.838,0.797,0.87,0.561,0.607,0.732,-0.395,0.769,0.787,-0.568,0.92,0.755,0.346,0.717,0.364,0.735,0.527,0.757,0.188,0.79,0.719,-0.408,-0.709,0.818,0.456,0.448,0.814,0.62,-0.309,0.346,0.629,0.592,0.492,0.913,0.022,0.91,0.653,0.87,-0.758,0.656,0.63,-0.092,0.803,-0.391,0.741,0.171,0.92,-0.274,0.733,0.905,0.297,0.03,0.611,0.173,0.885,0.401,-0.555,-0.474,-0.072,0.959,0.755,-0.641,0.622,-0.341,-0.389,-0.705,0.719,0.766,0.824,0.878,0.793,0.841,0.871,0.613,0.759,-0.208
CDNA,0.298,0.041,-0.043,0.177,-0.356,-0.45,0.288,0.533,0.138,0.368,0.377,0.32,0.473,0.159,0.233,0.138,0.258,0.102,0.224,0.126,0.058,0.26,0.198,0.374,0.397,0.629,0.029,0.156,0.0,0.235,-0.123,0.022,-0.599,0.432,-0.551,0.463,0.504,0.248,0.09,0.544,-0.108,-0.565,0.168,0.337,0.529,0.547,0.424,0.664,-0.039,0.126,-0.005,0.411,0.448,0.14,0.012,0.129,0.192,0.423,0.222,-0.011,0.37,-0.585,0.689,0.271,0.533,0.127,-0.259,0.18,-0.601,0.353,0.246,0.599,0.333,-0.111,0.235,0.403,-0.348,0.097,-0.396,-0.029,0.353,-0.375,0.565,0.404,0.265,-0.147,0.433,0.146,0.432,-0.035,-0.179,-0.227,0.363,0.278,-0.131,0.256,0.203,-0.085,0.176,0.393,0.097,-0.111,-0.592,-0.342,-0.275,-0.078,0.257,0.239,0.14,0.612,0.351,0.261,0.217,0.071,0.415,0.479,0.442,0.587,-0.25,0.557,0.331,0.029,0.461,0.451,0.233,0.027,0.352,-0.058,0.742,0.263,-0.132,0.126,0.471,0.041,0.199,0.437,0.402,-0.113,0.73,0.394,-0.158,0.115,-0.005,0.213,0.439,0.432,-0.101,0.554,-0.268,0.557,0.39,0.551,0.148,0.64,-0.124,0.029,-0.271,0.149,0.189,0.244,0.035,0.409,-0.091,0.343,0.253,-0.636,0.37,0.234,0.362,-0.186,0.012,0.149,0.067,0.295,0.689,0.131,0.617,0.453,0.307,0.277,0.05,-0.623,-0.284,0.125,0.201,0.061,0.12,-0.014,0.006,-0.103,0.405,0.26,0.387,0.386,0.22,0.271,0.284,-0.07,0.052,0.289
CG,0.772,0.424,-0.322,0.169,0.504,-0.612,-0.011,0.582,0.581,0.766,0.723,0.591,0.821,0.121,0.78,-0.788,0.812,-0.382,0.594,0.863,0.743,0.494,-0.427,0.632,0.761,0.719,0.649,0.689,0.235,0.0,0.121,-0.719,-0.152,0.663,-0.461,0.848,0.785,0.931,0.792,0.816,0.745,-0.069,0.252,-0.726,0.413,0.36,0.777,0.543,0.826,0.784,0.828,0.506,-0.38,-0.757,-0.014,0.782,0.16,0.617,0.821,-0.542,0.77,-0.209,0.356,0.802,0.468,0.439,-0.814,0.792,0.002,0.922,0.736,-0.215,0.316,0.762,0.821,0.6,0.079,0.889,0.293,-0.841,0.142,-0.615,0.208,0.72,0.812,-0.772,0.778,0.843,-0.406,0.237,-0.503,-0.396,0.569,-0.368,0.581,0.904,-0.642,0.729,-0.637,0.168,-0.585,0.822,-0.147,0.207,-0.658,-0.223,-0.618,0.743,-0.059,0.041,0.57,0.812,0.734,-0.839,0.785,-0.192,0.185,0.727,-0.517,-0.067,-0.329,0.82,0.474,0.714,0.876,0.617,0.558,0.68,0.673,0.861,-0.131,0.746,0.635,-0.799,0.823,0.709,0.064,0.856,0.345,0.837,0.715,0.883,0.055,0.877,0.457,-0.57,-0.552,0.685,0.63,0.045,0.842,0.832,-0.684,0.126,0.721,0.78,0.644,0.707,-0.45,0.73,0.771,0.656,-0.701,0.486,0.89,-0.233,0.739,-0.737,0.778,-0.242,0.74,-0.747,0.9,0.725,0.674,-0.398,0.562,0.632,0.869,0.306,-0.638,-0.464,-0.314,0.796,0.909,-0.801,0.35,-0.089,-0.036,-0.707,0.576,0.486,0.781,0.69,0.687,0.814,0.617,0.875,0.787,-0.542
CGBD,-0.257,-0.047,0.332,0.281,0.272,0.382,-0.446,-0.297,0.299,-0.271,-0.304,-0.438,-0.195,-0.285,-0.199,-0.0,0.018,-0.007,-0.18,-0.069,-0.013,-0.16,0.029,-0.387,-0.182,-0.287,0.072,-0.179,-0.123,0.121,0.0,-0.123,0.403,-0.229,0.474,-0.173,-0.267,0.115,0.013,-0.286,-0.072,0.389,-0.291,-0.045,-0.3,-0.488,-0.192,-0.365,0.268,-0.109,0.244,-0.286,-0.319,-0.183,0.229,-0.093,-0.035,-0.446,-0.104,-0.175,-0.135,0.614,-0.406,-0.126,-0.401,0.082,0.13,-0.089,0.359,0.022,-0.086,-0.235,-0.335,0.26,0.149,-0.384,0.358,0.11,-0.212,0.15,0.382,0.22,-0.182,-0.172,-0.166,-0.105,-0.291,-0.107,-0.091,0.044,0.13,0.395,-0.395,-0.25,0.34,0.059,-0.177,-0.053,-0.183,-0.223,0.03,-0.129,0.538,0.171,0.385,0.463,-0.206,-0.16,-0.101,-0.451,0.012,0.091,0.005,0.006,-0.262,-0.192,-0.116,-0.189,0.337,-0.374,-0.131,0.098,-0.41,-0.232,-0.046,0.061,-0.367,0.26,-0.245,-0.112,0.477,-0.247,-0.156,-0.178,-0.057,-0.339,0.104,0.201,-0.324,-0.097,0.262,-0.125,0.391,-0.083,-0.242,0.006,0.222,-0.255,0.339,-0.498,-0.087,-0.199,-0.235,-0.427,0.253,0.12,0.347,-0.21,-0.11,-0.265,0.156,-0.287,0.207,-0.109,0.128,0.318,-0.243,-0.363,-0.194,0.104,-0.178,-0.145,-0.004,-0.217,0.208,-0.067,-0.354,0.13,-0.119,-0.386,0.012,0.343,0.165,-0.105,-0.002,-0.019,-0.131,0.4,0.379,0.246,-0.422,-0.207,-0.177,-0.244,-0.153,-0.008,-0.248,0.109,0.199,-0.188
