,ACET,ADAP,ADI,ADPT,ADTN,AGEN,ALGN,ALLK,AMD,AMWD,ARDX,ARQT,ASTE,AUPH,AVXL,AZTA,BAND,BECN,BFC,BGC,BHF,BHFAL,BKNG,BL,BOKF,BRKR,CACC,CAR,CDNA,CG,CGBD,CHI,CHTR,CHX,CLNE,CME,CNOB,CNXN,CPRX,CSGP,CSGS,CSIQ,CVCO,CVLT,CYRX,DDOG,DOOO,DSGX,DTIL,ECPG,EEFT,EFSC,ENTG,ESPR,ETSY,EXC,FAMI,FFIV,FITB,FIZZ,FMBH,FOX,FTNT,FULT,GABC,GEN,GH,GMAB,GNPX,GO,GOGL,GOOG,GPRO,GSHD,GSM,GWAV,HAIN,HBAN,HEPA,HURN,HWKN,IBIO,ICFI,IGMS,IMKTA,INCY,INO,IRDM,IRTC,IRWD,ITCI,JACK,JD,JJSF,KALA,KHC,KLAC,KRRO,KRYS,LANC,LBTYA,LIVN,LKCO,LNTH,LOGI,LPRO,LRCX,LSCC,LSTR,MAR,MARA,MCHP,MEOH,META,MGTX,MKSI,MMYT,MORN,MRUS,MTLS,MTSI,MVIS,MXL,NBIX,NFE,NMIH,NMRK,NNDM,NSIT,NTCT,NVAX,OCUL,ODP,OLED,ONB,OTEX,PACB,PATK,PAYX,PEP,PERI,PI,PLYA,PRDO,PRGS,PTGX,QCOM,QCRH,QDEL,QFIN,RGEN,RILY,RPAY,RPD,SABR,SEDG,SHEN,SIRI,SLNO,SNDL,SNEX,SONO,SPT,SSNC,STGW,STKL,STRL,STX,SWTX,SYNA,TFSL,TIGR,TNXP,TOWN,TRI,TRIP,TRMB,TRNS,TRS,TSCO,TSEM,TVTX,TXRH,VC,VCEL,VECO,VIAV,VICR,VIR,VRTX,VSTM,VTRS,WDFC,WSBC,WSC,WYNN,XENE,XNCR,XRAY,ZS
ACET,0.0,0.008,-0.326,-0.388,-0.499,-0.439,0.28,0.499,0.002,0.38,0.564,0.211,0.213,0.255,-0.076,0.364,0.24,-0.373,0.224,0.528,0.341,0.317,-0.333,0.393,0.259,0.453,0.089,0.065,-0.275,-0.008,-0.582,0.085,-0.46,0.439,-0.634,0.566,0.506,-0.173,-0.343,0.532,-0.119,-0.401,0.206,0.147,0.318,0.363,0.35,0.529,-0.272,-0.053,-0.267,0.403,0.223,0.202,-0.096,0.195,0.522,0.361,0.292,-0.029,0.349,-0.62,0.23,0.297,0.347,-0.491,-0.683,0.245,-0.363,0.308,0.412,0.113,0.193,-0.079,-0.038,0.411,-0.571,0.318,0.334,-0.4,0.041,-0.262,0.488,0.332,0.064,-0.564,0.171,0.349,0.281,0.38,0.017,-0.239,0.323,0.254,0.041,0.252,-0.163,0.417,0.167,0.283,-0.062,0.217,-0.43,-0.337,-0.435,-0.584,-0.013,0.241,-0.128,0.42,0.322,-0.116,-0.146,-0.297,0.399,0.281,0.082,0.42,-0.397,0.457,-0.125,0.254,0.586,0.591,0.359,0.15,0.233,-0.4,0.323,0.288,-0.518,0.254,0.517,-0.281,0.244,0.483,-0.379,-0.151,0.212,0.422,-0.183,0.07,0.448,0.422,0.394,-0.049,-0.353,0.472,-0.495,0.322,0.367,0.267,0.288,0.538,-0.609,0.25,-0.46,0.263,0.5,0.168,0.393,0.11,-0.394,0.313,0.252,-0.241,0.306,-0.279,0.481,-0.052,0.038,-0.251,0.581,0.362,0.072,-0.259,0.395,0.097,0.105,0.09,-0.38,-0.465,-0.346,0.244,0.32,-0.215,-0.031,-0.153,-0.347,-0.407,0.416,0.443,0.279,0.44,0.477,0.305,0.423,0.475,0.151,0.118
ADAP,0.008,0.0,-0.652,0.564,0.177,-0.621,0.837,-0.106,-0.445,0.696,0.547,0.027,0.706,0.028,0.264,0.223,0.666,0.06,0.74,0.513,0.711,0.493,-0.143,0.719,0.738,0.372,0.741,0.813,-0.056,-0.046,0.293,-0.36,0.073,0.651,-0.258,0.298,0.403,-0.142,0.186,0.56,0.609,-0.499,0.817,0.042,0.746,0.054,0.641,0.169,-0.521,0.719,0.233,0.727,0.335,0.17,0.302,0.714,-0.211,0.622,0.826,0.699,0.686,-0.343,0.09,0.81,0.367,-0.185,-0.225,0.54,-0.03,-0.441,0.506,-0.437,0.766,-0.374,-0.231,0.235,0.129,0.78,0.253,-0.148,-0.688,-0.776,0.577,0.149,0.526,-0.315,0.731,0.356,0.778,0.31,-0.169,-0.094,0.627,0.394,0.354,0.5,-0.486,0.465,-0.126,0.71,0.319,0.765,-0.568,-0.305,-0.608,-0.376,-0.434,0.002,0.745,0.465,-0.46,-0.468,0.107,-0.123,0.453,-0.227,0.249,0.505,-0.479,0.567,0.204,0.492,0.606,0.345,0.637,0.599,0.343,-0.185,0.392,0.178,-0.439,0.534,0.524,-0.438,0.803,0.535,0.538,0.672,0.265,0.49,0.171,0.245,0.309,0.63,0.614,0.075,-0.597,0.635,0.305,0.669,0.673,0.514,0.561,0.444,0.102,0.491,-0.263,0.785,0.575,0.752,0.471,0.799,-0.62,0.633,-0.16,0.267,0.677,0.357,0.554,-0.159,0.581,0.102,0.34,0.641,-0.389,0.647,0.527,-0.523,0.558,-0.264,-0.288,-0.178,-0.197,0.835,0.264,-0.45,0.294,-0.483,-0.528,-0.554,0.641,0.577,0.648,0.695,0.271,0.732,0.621,-0.633,0.684,0.636
ADI,-0.326,-0.652,0.0,-0.24,-0.133,0.695,-0.878,0.123,0.752,-0.759,-0.791,0.336,-0.641,0.194,0.156,-0.539,-0.717,0.438,-0.691,-0.525,-0.839,-0.505,0.493,-0.904,-0.614,-0.397,-0.861,-0.819,0.36,0.501,0.133,0.485,0.148,-0.741,0.648,-0.43,-0.358,0.602,0.193,-0.768,-0.322,0.685,-0.837,-0.01,-0.875,-0.061,-0.763,-0.272,0.835,-0.641,0.178,-0.733,-0.18,0.041,-0.098,-0.571,-0.24,-0.504,-0.783,-0.801,-0.607,0.517,0.127,-0.787,-0.232,0.654,0.611,-0.397,0.252,0.611,-0.69,0.597,-0.854,0.557,0.591,-0.165,0.182,-0.64,-0.6,0.12,0.791,0.832,-0.879,-0.065,-0.229,0.702,-0.495,-0.392,-0.884,-0.658,0.237,0.181,-0.646,-0.301,-0.459,-0.521,0.838,-0.679,0.474,-0.87,-0.308,-0.81,0.744,0.67,0.936,0.775,0.731,0.124,-0.554,-0.568,0.542,0.861,0.237,0.24,-0.288,0.445,0.009,-0.557,0.575,-0.593,-0.059,-0.704,-0.708,-0.308,-0.732,-0.662,-0.082,0.58,-0.281,0.007,0.802,-0.248,-0.832,0.682,-0.706,-0.506,-0.134,-0.564,-0.113,-0.512,-0.327,0.128,-0.693,-0.808,-0.53,0.298,0.928,-0.618,-0.0,-0.664,-0.673,-0.58,-0.85,-0.479,0.447,-0.607,0.689,-0.895,-0.769,-0.693,-0.715,-0.777,0.92,-0.603,0.208,-0.311,-0.467,0.103,-0.36,0.469,-0.264,0.222,-0.375,-0.466,0.714,-0.264,-0.447,0.748,-0.214,0.469,0.729,0.374,0.549,-0.85,-0.102,0.78,-0.034,0.857,0.784,0.819,-0.711,-0.857,-0.583,-0.644,-0.347,-0.715,-0.887,0.46,-0.544,-0.393
ADPT,-0.388,0.564,-0.24,0.0,0.389,-0.332,0.457,-0.157,-0.16,0.372,0.116,0.141,0.442,0.039,0.453,0.107,0.484,0.342,0.486,0.056,0.253,0.251,0.144,0.34,0.476,0.196,0.429,0.552,0.392,0.046,0.437,-0.269,0.142,0.349,0.089,0.077,0.191,0.094,0.559,0.177,0.626,-0.243,0.45,0.174,0.41,0.116,0.373,0.05,-0.165,0.578,0.19,0.376,0.361,0.213,0.17,0.437,-0.407,0.337,0.387,0.435,0.399,-0.115,0.169,0.432,0.233,0.307,0.304,0.391,-0.105,-0.384,0.277,-0.115,0.467,-0.07,0.027,0.098,0.419,0.375,-0.065,-0.007,-0.41,-0.397,0.105,0.054,0.48,0.184,0.484,0.306,0.437,-0.112,-0.247,-0.149,0.386,-0.004,0.004,0.241,-0.063,0.093,-0.059,0.325,0.327,0.325,-0.336,0.03,-0.159,0.092,-0.108,0.152,0.508,0.291,-0.406,-0.14,0.42,0.096,0.309,-0.156,0.332,0.227,-0.21,0.316,0.414,0.104,0.233,-0.012,0.365,0.197,0.284,0.314,0.284,0.252,0.129,0.494,0.054,-0.049,0.458,0.248,0.813,0.397,0.263,0.253,0.092,0.185,-0.212,0.3,0.261,0.336,-0.137,0.292,0.411,0.436,0.407,0.349,0.133,0.232,0.46,0.227,0.058,0.425,0.16,0.6,0.022,0.599,-0.121,0.256,-0.03,-0.009,0.415,0.687,0.332,-0.061,0.426,0.425,0.128,0.34,-0.166,0.653,0.335,-0.212,0.504,0.027,0.122,-0.107,0.146,0.372,0.201,-0.032,0.322,-0.235,-0.059,-0.188,0.313,0.091,0.419,0.339,0.049,0.392,0.135,-0.798,0.337,0.425
ADTN,-0.499,0.177,-0.133,0.389,0.0,0.227,0.105,-0.565,-0.306,-0.143,-0.142,-0.438,-0.016,-0.422,-0.288,0.127,-0.064,-0.08,-0.059,-0.381,0.063,-0.294,-0.164,-0.043,-0.139,-0.356,0.355,0.308,-0.212,-0.491,0.398,-0.39,0.44,-0.108,0.359,-0.467,-0.493,-0.384,-0.017,-0.224,0.284,0.37,0.059,-0.462,0.065,-0.391,-0.038,-0.453,-0.254,0.116,-0.105,-0.183,-0.226,-0.414,-0.084,-0.137,-0.379,-0.352,-0.023,0.292,-0.257,0.371,-0.548,0.019,-0.488,-0.098,0.165,-0.213,0.216,-0.622,-0.232,-0.473,0.292,-0.061,-0.341,-0.523,0.333,-0.097,0.274,0.228,-0.382,-0.018,-0.121,-0.262,-0.159,0.05,-0.228,-0.266,0.122,0.091,0.092,0.183,-0.252,-0.305,0.141,-0.184,-0.303,-0.085,-0.487,0.039,-0.1,0.123,0.121,-0.115,-0.011,-0.045,-0.4,-0.16,0.092,-0.351,-0.51,-0.275,-0.109,0.037,-0.435,-0.559,-0.394,-0.387,0.259,-0.329,0.264,0.343,-0.111,-0.499,0.047,-0.069,-0.482,0.067,-0.442,-0.331,-0.044,-0.157,0.042,0.084,-0.025,-0.28,0.203,0.55,-0.506,-0.425,0.58,-0.414,0.072,0.088,-0.284,-0.43,-0.095,-0.301,0.619,-0.237,-0.212,-0.036,0.189,-0.35,0.125,0.386,-0.058,0.188,-0.186,0.09,0.125,0.117,-0.056,-0.288,-0.113,0.393,-0.226,-0.065,-0.273,-0.03,-0.115,-0.076,-0.419,-0.263,-0.56,0.283,-0.266,-0.385,-0.294,-0.351,-0.003,0.434,0.15,0.147,-0.3,-0.182,-0.217,-0.11,-0.034,-0.165,-0.172,0.073,-0.208,-0.208,-0.371,-0.081,0.129,-0.405,0.038,-0.212
AGEN,-0.439,-0.621,0.695,-0.332,0.227,0.0,-0.801,-0.308,0.415,-0.924,-0.788,-0.338,-0.885,-0.124,-0.329,-0.29,-0.791,0.165,-0.738,-0.66,-0.664,-0.578,0.174,-0.87,-0.898,-0.839,-0.58,-0.725,-0.178,-0.099,0.106,0.366,0.393,-0.946,0.762,-0.785,-0.88,0.102,-0.135,-0.91,-0.4,0.878,-0.755,-0.251,-0.821,-0.606,-0.896,-0.72,0.499,-0.613,0.033,-0.89,-0.534,-0.339,-0.054,-0.752,-0.169,-0.882,-0.838,-0.525,-0.883,0.861,-0.481,-0.868,-0.702,0.255,0.604,-0.692,0.571,0.094,-0.763,0.183,-0.717,0.377,0.149,-0.515,0.236,-0.812,-0.216,0.592,0.513,0.842,-0.757,-0.511,-0.658,0.446,-0.768,-0.69,-0.78,-0.367,0.344,0.542,-0.845,-0.405,-0.107,-0.791,0.421,-0.487,0.015,-0.784,-0.153,-0.603,0.878,0.451,0.791,0.599,0.242,-0.376,-0.51,-0.838,0.259,0.306,-0.212,0.432,-0.739,-0.003,-0.341,-0.797,0.765,-0.847,-0.252,-0.412,-0.866,-0.625,-0.863,-0.528,-0.507,0.32,-0.789,-0.589,0.552,-0.684,-0.621,0.666,-0.824,-0.931,-0.358,-0.322,-0.67,-0.889,0.306,-0.369,-0.273,-0.825,-0.782,-0.187,0.696,-0.919,0.293,-0.873,-0.936,-0.831,-0.566,-0.803,0.274,-0.414,0.572,-0.826,-0.641,-0.791,-0.467,-0.775,0.701,-0.684,-0.243,0.22,-0.882,-0.299,-0.741,0.385,-0.515,0.0,-0.77,-0.813,0.177,-0.417,-0.919,0.189,-0.645,-0.075,0.418,0.788,0.563,-0.769,-0.604,0.567,-0.208,0.542,0.675,0.745,-0.92,-0.669,-0.826,-0.912,-0.667,-0.837,-0.65,0.441,-0.543,-0.603
ALGN,0.28,0.837,-0.878,0.457,0.105,-0.801,0.0,-0.094,-0.647,0.883,0.838,-0.059,0.816,-0.059,0.143,0.496,0.85,-0.237,0.814,0.608,0.9,0.623,-0.296,0.944,0.808,0.534,0.897,0.921,-0.173,-0.237,0.035,-0.436,-0.138,0.808,-0.573,0.5,0.527,-0.363,-0.006,0.82,0.49,-0.698,0.927,0.075,0.947,0.152,0.828,0.34,-0.73,0.762,0.057,0.862,0.391,0.137,0.261,0.761,0.028,0.701,0.915,0.821,0.791,-0.583,0.103,0.92,0.432,-0.463,-0.542,0.642,-0.24,-0.514,0.638,-0.51,0.937,-0.54,-0.441,0.275,-0.03,0.808,0.49,-0.22,-0.812,-0.915,0.838,0.296,0.463,-0.558,0.725,0.475,0.958,0.58,-0.157,-0.203,0.774,0.4,0.436,0.657,-0.701,0.626,-0.185,0.907,0.366,0.855,-0.792,-0.542,-0.875,-0.658,-0.586,-0.007,0.731,0.648,-0.499,-0.66,-0.075,-0.194,0.516,-0.286,0.147,0.708,-0.684,0.716,0.192,0.678,0.798,0.462,0.847,0.705,0.273,-0.448,0.464,0.192,-0.687,0.488,0.805,-0.591,0.872,0.668,0.409,0.629,0.337,0.667,0.206,0.185,0.528,0.825,0.705,-0.033,-0.862,0.775,0.119,0.792,0.833,0.694,0.799,0.623,-0.257,0.675,-0.569,0.94,0.781,0.857,0.63,0.908,-0.846,0.754,-0.154,0.229,0.666,0.17,0.622,-0.359,0.49,-0.083,0.53,0.683,-0.562,0.543,0.652,-0.62,0.469,-0.369,-0.551,-0.385,-0.503,0.953,0.301,-0.671,0.253,-0.738,-0.657,-0.778,0.843,0.835,0.768,0.819,0.435,0.877,0.859,-0.573,0.706,0.597
ALLK,0.499,-0.106,0.123,-0.157,-0.565,-0.308,-0.094,0.0,0.559,0.157,0.021,0.669,0.075,0.648,0.437,-0.251,0.125,0.302,0.196,0.471,-0.142,0.261,0.045,0.033,0.315,0.47,-0.396,-0.163,0.417,0.528,-0.238,0.301,-0.305,0.307,-0.296,0.561,0.623,0.517,0.298,0.176,0.038,-0.343,-0.085,0.279,-0.06,0.623,0.137,0.59,0.308,-0.109,-0.022,0.273,0.262,0.506,-0.115,0.195,0.292,0.411,0.044,-0.382,0.291,-0.466,0.682,0.043,0.615,0.27,-0.031,0.201,-0.367,0.753,0.44,0.656,-0.165,0.516,0.639,0.696,-0.308,0.262,-0.287,-0.414,0.549,0.054,-0.007,0.11,0.47,0.084,0.243,0.495,-0.169,-0.286,-0.344,-0.334,0.289,0.263,-0.45,0.14,0.427,0.139,0.404,-0.14,-0.066,-0.203,-0.16,0.226,0.047,0.075,0.426,0.493,-0.187,0.395,0.546,0.433,0.562,-0.203,0.582,0.566,0.614,0.263,-0.131,0.413,0.064,-0.303,0.323,0.556,0.116,-0.066,0.635,0.352,0.548,0.574,0.121,0.527,-0.123,-0.017,0.15,0.44,0.029,-0.364,0.477,0.388,-0.564,0.308,-0.293,0.16,0.314,0.445,0.245,0.382,-0.473,0.297,0.3,0.083,-0.228,0.431,0.112,-0.369,0.107,-0.049,0.097,0.109,-0.153,-0.03,0.175,0.108,0.511,-0.571,0.383,0.28,0.361,0.297,0.29,0.427,0.621,0.408,0.636,-0.083,0.385,0.528,0.506,0.639,0.218,-0.558,0.121,-0.084,0.445,0.278,0.257,0.24,-0.139,0.079,0.131,-0.164,0.301,0.322,0.42,0.133,-0.171,0.25,-0.025,0.139
AMD,0.002,-0.445,0.752,-0.16,-0.306,0.415,-0.647,0.559,0.0,-0.504,-0.615,0.579,-0.548,0.629,0.423,-0.443,-0.428,0.644,-0.301,-0.07,-0.662,-0.146,0.321,-0.646,-0.282,-0.196,-0.825,-0.683,0.386,0.575,-0.058,0.571,0.035,-0.415,0.451,-0.161,-0.027,0.687,0.406,-0.58,-0.099,0.379,-0.584,0.171,-0.661,0.19,-0.551,-0.038,0.763,-0.536,0.109,-0.38,0.085,0.385,-0.073,-0.285,-0.025,-0.17,-0.538,-0.795,-0.297,0.187,0.365,-0.558,0.108,0.662,0.565,-0.166,0.123,0.768,-0.195,0.833,-0.705,0.818,0.877,0.293,0.004,-0.278,-0.52,-0.06,0.834,0.676,-0.696,-0.188,0.078,0.532,-0.214,0.049,-0.713,-0.621,0.001,-0.026,-0.321,-0.206,-0.595,-0.505,0.913,-0.277,0.549,-0.754,-0.149,-0.517,0.483,0.705,0.756,0.635,0.766,0.341,-0.477,-0.285,0.742,0.78,0.524,0.147,0.129,0.678,0.471,-0.346,0.402,-0.17,-0.031,-0.711,-0.337,0.025,-0.543,-0.484,0.373,0.724,-0.044,0.303,0.661,0.174,-0.711,0.533,-0.412,-0.242,-0.035,-0.558,-0.004,-0.296,-0.329,0.274,-0.628,-0.543,-0.256,0.422,0.853,-0.318,-0.046,-0.322,-0.355,-0.563,-0.756,-0.163,0.494,-0.622,0.658,-0.679,-0.386,-0.394,-0.6,-0.607,0.792,-0.402,0.282,-0.476,-0.137,0.351,-0.016,0.7,0.096,0.551,0.057,-0.1,0.79,-0.23,-0.233,0.715,0.105,0.706,0.642,0.126,0.716,-0.646,0.101,0.836,0.208,0.737,0.457,0.648,-0.507,-0.732,-0.301,-0.311,-0.043,-0.483,-0.748,0.443,-0.382,-0.209
AMWD,0.38,0.696,-0.759,0.372,-0.143,-0.924,0.883,0.157,-0.504,0.0,0.853,0.21,0.875,0.086,0.332,0.361,0.872,-0.163,0.814,0.666,0.775,0.7,-0.128,0.919,0.914,0.732,0.725,0.82,0.104,0.004,-0.048,-0.301,-0.274,0.88,-0.707,0.663,0.772,-0.121,0.134,0.895,0.379,-0.867,0.867,0.226,0.867,0.406,0.863,0.572,-0.535,0.729,0.099,0.929,0.516,0.319,0.261,0.84,0.187,0.864,0.901,0.698,0.911,-0.747,0.385,0.91,0.682,-0.289,-0.58,0.811,-0.407,-0.245,0.705,-0.28,0.799,-0.459,-0.229,0.436,-0.068,0.861,0.274,-0.373,-0.623,-0.862,0.823,0.434,0.599,-0.428,0.791,0.644,0.851,0.478,-0.233,-0.347,0.9,0.489,0.306,0.819,-0.528,0.548,-0.011,0.882,0.365,0.701,-0.819,-0.443,-0.832,-0.568,-0.376,0.139,0.678,0.832,-0.341,-0.459,0.091,-0.263,0.709,-0.082,0.322,0.855,-0.851,0.814,0.231,0.474,0.806,0.585,0.89,0.671,0.46,-0.379,0.713,0.42,-0.559,0.594,0.687,-0.595,0.888,0.842,0.375,0.381,0.635,0.873,-0.145,0.361,0.35,0.808,0.832,0.186,-0.761,0.906,-0.164,0.884,0.942,0.791,0.672,0.709,-0.242,0.487,-0.54,0.867,0.703,0.809,0.455,0.844,-0.745,0.811,0.051,-0.012,0.78,0.28,0.666,-0.354,0.544,0.017,0.687,0.803,-0.311,0.501,0.818,-0.352,0.645,-0.128,-0.457,-0.619,-0.592,0.86,0.539,-0.623,0.335,-0.671,-0.605,-0.694,0.969,0.752,0.871,0.918,0.627,0.913,0.718,-0.508,0.681,0.676
ARDX,0.564,0.547,-0.791,0.116,-0.142,-0.788,0.838,0.021,-0.615,0.853,0.0,-0.022,0.685,-0.019,0.067,0.611,0.786,-0.429,0.647,0.64,0.86,0.658,-0.388,0.895,0.677,0.57,0.735,0.731,-0.268,-0.23,-0.315,-0.281,-0.251,0.73,-0.783,0.542,0.574,-0.358,-0.244,0.871,0.122,-0.74,0.783,0.028,0.861,0.186,0.722,0.442,-0.614,0.475,-0.043,0.782,0.335,0.189,0.244,0.677,0.259,0.67,0.765,0.668,0.733,-0.729,0.219,0.766,0.442,-0.614,-0.758,0.681,-0.303,-0.315,0.54,-0.361,0.78,-0.628,-0.455,0.286,-0.163,0.675,0.514,-0.259,-0.653,-0.78,0.847,0.381,0.343,-0.578,0.605,0.456,0.849,0.768,0.081,-0.163,0.74,0.506,0.462,0.726,-0.667,0.53,-0.024,0.855,0.344,0.707,-0.76,-0.549,-0.862,-0.749,-0.5,-0.049,0.514,0.662,-0.286,-0.583,-0.257,-0.288,0.541,-0.221,0.052,0.77,-0.789,0.706,0.077,0.678,0.781,0.564,0.807,0.608,0.167,-0.608,0.481,0.16,-0.734,0.333,0.9,-0.535,0.719,0.704,0.135,0.301,0.438,0.745,0.114,0.236,0.642,0.754,0.763,-0.013,-0.861,0.737,-0.201,0.645,0.799,0.676,0.832,0.661,-0.572,0.691,-0.692,0.805,0.739,0.709,0.505,0.68,-0.856,0.764,-0.072,0.128,0.535,-0.093,0.584,-0.34,0.332,-0.26,0.585,0.598,-0.449,0.286,0.634,-0.443,0.326,-0.354,-0.752,-0.453,-0.723,0.816,0.352,-0.643,0.204,-0.727,-0.54,-0.706,0.881,0.929,0.744,0.765,0.498,0.804,0.853,-0.259,0.616,0.553
ARQT,0.211,0.027,0.336,0.141,-0.438,-0.338,-0.059,0.669,0.579,0.21,-0.022,0.0,0.225,0.586,0.725,-0.3,0.148,0.549,0.161,0.276,-0.229,0.248,0.361,-0.038,0.402,0.528,-0.363,-0.115,0.621,0.796,0.043,0.253,-0.312,0.244,-0.115,0.446,0.641,0.71,0.515,0.134,0.184,-0.223,-0.061,0.357,-0.072,0.678,0.149,0.528,0.462,-0.081,0.164,0.22,0.509,0.568,0.019,0.304,-0.063,0.52,0.079,-0.404,0.369,-0.434,0.812,0.081,0.666,0.525,0.077,0.431,-0.358,0.702,0.203,0.69,-0.14,0.393,0.737,0.533,-0.081,0.307,-0.473,-0.584,0.399,0.049,-0.209,0.387,0.547,0.305,0.414,0.495,-0.144,-0.386,-0.149,-0.452,0.284,0.08,-0.535,0.204,0.62,-0.053,0.68,-0.171,-0.087,-0.182,-0.152,0.349,0.2,0.257,0.646,0.641,-0.073,0.302,0.561,0.68,0.637,-0.157,0.686,0.673,0.614,0.312,-0.207,0.429,0.215,-0.351,0.248,0.524,0.169,-0.172,0.653,0.473,0.636,0.764,0.316,0.728,-0.277,0.138,0.186,0.503,0.32,-0.281,0.637,0.408,-0.678,0.67,-0.536,0.034,0.32,0.65,0.365,0.366,-0.248,0.274,0.375,0.214,-0.327,0.453,0.314,-0.241,0.208,-0.085,-0.026,0.179,-0.369,0.018,0.306,0.12,0.494,-0.68,0.541,0.578,0.568,0.286,0.438,0.469,0.575,0.474,0.695,0.216,0.545,0.696,0.614,0.742,0.381,-0.431,0.146,-0.073,0.677,0.4,0.365,0.393,0.083,0.123,0.238,-0.268,0.378,0.365,0.456,0.154,-0.282,0.053,0.054,0.284
ASTE,0.213,0.706,-0.641,0.442,-0.016,-0.885,0.816,0.075,-0.548,0.875,0.685,0.225,0.0,-0.154,0.213,0.253,0.715,-0.175,0.667,0.448,0.639,0.39,-0.021,0.81,0.854,0.796,0.714,0.797,0.202,0.093,0.22,-0.509,-0.337,0.884,-0.598,0.69,0.741,-0.153,0.114,0.864,0.513,-0.709,0.762,0.207,0.8,0.486,0.904,0.624,-0.562,0.742,0.076,0.807,0.51,0.075,0.029,0.677,-0.059,0.762,0.866,0.624,0.805,-0.653,0.309,0.891,0.555,-0.255,-0.554,0.581,-0.513,-0.272,0.587,-0.4,0.782,-0.471,-0.306,0.299,-0.138,0.788,0.165,-0.495,-0.633,-0.873,0.741,0.593,0.554,-0.409,0.714,0.491,0.802,0.289,-0.351,-0.468,0.722,0.365,0.213,0.796,-0.494,0.38,-0.12,0.802,0.072,0.54,-0.808,-0.543,-0.764,-0.545,-0.321,0.318,0.607,0.761,-0.451,-0.29,0.15,-0.316,0.541,-0.108,0.134,0.723,-0.633,0.695,0.396,0.482,0.779,0.496,0.849,0.513,0.338,-0.355,0.728,0.5,-0.539,0.58,0.596,-0.58,0.813,0.842,0.405,0.573,0.58,0.769,-0.254,0.251,0.255,0.816,0.659,0.094,-0.683,0.861,-0.108,0.79,0.842,0.914,0.563,0.655,-0.173,0.49,-0.565,0.824,0.48,0.731,0.543,0.842,-0.667,0.603,0.26,-0.093,0.834,0.294,0.647,-0.513,0.401,-0.113,0.558,0.721,-0.251,0.53,0.877,-0.268,0.584,-0.058,-0.272,-0.661,-0.541,0.798,0.538,-0.642,0.095,-0.481,-0.596,-0.744,0.835,0.626,0.739,0.837,0.504,0.822,0.648,-0.562,0.543,0.523
AUPH,0.255,0.028,0.194,0.039,-0.422,-0.124,-0.059,0.648,0.629,0.086,-0.019,0.586,-0.154,0.0,0.748,-0.234,0.152,0.557,0.369,0.573,-0.018,0.519,0.133,-0.043,0.272,0.011,-0.361,-0.117,0.31,0.482,-0.17,0.612,0.153,0.06,0.105,0.117,0.38,0.677,0.568,-0.136,0.091,-0.232,0.055,0.101,-0.16,0.135,-0.158,0.023,0.526,-0.067,0.402,0.283,0.122,0.827,0.464,0.416,0.257,0.376,0.048,-0.253,0.342,-0.169,0.582,0.009,0.606,0.493,0.326,0.439,0.194,0.595,0.284,0.659,-0.226,0.54,0.76,0.604,0.232,0.283,-0.131,-0.088,0.508,0.165,-0.171,-0.214,0.496,0.358,0.264,0.521,-0.206,-0.185,-0.05,-0.018,0.363,0.31,-0.265,-0.023,0.467,0.255,0.671,-0.138,0.357,0.043,0.11,0.667,0.266,0.365,0.328,0.119,0.086,0.178,0.541,0.321,0.603,-0.125,0.591,0.521,0.799,0.152,-0.259,0.317,-0.262,-0.418,0.055,0.38,0.034,0.165,0.755,0.543,0.233,0.405,0.38,0.531,-0.251,0.04,0.228,0.171,0.273,-0.374,0.379,0.258,-0.25,0.569,-0.375,-0.17,0.413,0.596,0.288,0.224,-0.118,0.228,0.22,-0.303,-0.25,0.191,0.404,-0.385,0.541,-0.098,0.28,0.172,-0.424,-0.101,0.283,0.309,0.034,-0.261,0.252,0.398,0.297,0.675,0.681,0.7,0.463,0.474,0.479,0.166,0.123,0.38,0.551,0.529,0.238,-0.081,0.36,-0.029,0.408,0.402,0.715,0.197,0.062,0.349,0.112,-0.171,0.276,0.299,0.46,0.156,-0.254,0.206,0.282,0.393
AVXL,-0.076,0.264,0.156,0.453,-0.288,-0.329,0.143,0.437,0.423,0.332,0.067,0.725,0.213,0.748,0.0,-0.272,0.408,0.667,0.494,0.453,0.051,0.572,0.344,0.125,0.538,0.275,-0.133,0.161,0.63,0.622,0.097,0.343,0.086,0.224,0.074,0.228,0.535,0.755,0.777,0.058,0.335,-0.362,0.23,0.215,0.061,0.29,0.097,0.166,0.465,0.252,0.521,0.415,0.329,0.787,0.505,0.629,-0.075,0.595,0.251,-0.022,0.545,-0.283,0.739,0.227,0.738,0.669,0.364,0.68,0.018,0.404,0.274,0.548,0.031,0.286,0.679,0.574,0.426,0.445,-0.33,-0.186,0.188,-0.076,-0.125,0.089,0.754,0.506,0.596,0.592,0.01,-0.242,-0.103,-0.13,0.549,0.304,-0.251,0.282,0.415,0.126,0.651,0.044,0.415,0.117,-0.108,0.573,0.158,0.414,0.32,0.217,0.374,0.345,0.262,0.36,0.711,-0.064,0.754,0.38,0.806,0.372,-0.416,0.443,0.023,-0.345,0.146,0.394,0.231,0.236,0.795,0.604,0.513,0.573,0.441,0.694,-0.24,0.032,0.418,0.372,0.685,-0.194,0.679,0.487,-0.365,0.785,-0.54,-0.015,0.529,0.765,0.201,0.397,0.066,0.441,0.474,0.068,-0.187,0.286,0.592,-0.229,0.447,0.087,0.16,0.448,-0.451,0.228,0.209,0.44,0.06,-0.324,0.469,0.736,0.465,0.412,0.782,0.773,0.502,0.612,0.427,0.527,0.403,0.329,0.801,0.504,0.295,-0.208,0.208,0.153,0.533,0.28,0.789,0.083,0.106,0.238,0.348,-0.134,0.541,0.457,0.434,0.361,-0.209,-0.29,0.421,0.566
AZTA,0.364,0.223,-0.539,0.107,0.127,-0.29,0.496,-0.251,-0.443,0.361,0.611,-0.3,0.253,-0.234,-0.272,0.0,0.425,-0.341,0.292,0.223,0.557,0.312,-0.359,0.487,0.176,0.137,0.563,0.397,-0.421,-0.37,-0.219,-0.209,-0.046,0.296,-0.392,0.082,0.039,-0.542,-0.343,0.442,0.027,-0.219,0.45,0.029,0.556,-0.109,0.356,0.085,-0.538,0.109,-0.198,0.312,0.222,-0.118,-0.009,0.183,0.1,0.098,0.355,0.426,0.224,-0.334,-0.175,0.346,-0.084,-0.584,-0.441,0.195,-0.124,-0.433,0.23,-0.411,0.493,-0.402,-0.501,-0.132,-0.122,0.227,0.473,0.056,-0.502,-0.388,0.522,0.14,-0.06,-0.481,0.143,0.051,0.583,0.795,0.266,0.013,0.205,0.079,0.448,0.233,-0.494,0.285,-0.167,0.499,0.214,0.465,-0.406,-0.486,-0.525,-0.592,-0.374,-0.165,0.202,0.311,-0.235,-0.542,-0.431,-0.004,0.078,-0.275,-0.194,0.342,-0.252,0.294,0.123,0.544,0.419,0.174,0.374,0.282,-0.211,-0.528,0.02,-0.068,-0.54,-0.037,0.679,-0.171,0.263,0.203,-0.072,0.288,-0.088,0.186,0.454,-0.1,0.711,0.433,0.288,-0.209,-0.546,0.217,0.048,0.171,0.309,0.311,0.64,0.27,-0.505,0.673,-0.563,0.448,0.483,0.404,0.45,0.301,-0.568,0.292,-0.189,0.115,0.104,-0.244,0.223,-0.241,-0.058,-0.41,0.103,0.1,-0.482,-0.027,0.148,-0.424,-0.185,-0.455,-0.635,-0.055,-0.349,0.431,-0.027,-0.321,-0.066,-0.487,-0.243,-0.477,0.35,0.694,0.259,0.26,0.082,0.351,0.61,-0.095,0.256,0.157
BAND,0.24,0.666,-0.717,0.484,-0.064,-0.791,0.85,0.125,-0.428,0.872,0.786,0.148,0.715,0.152,0.408,0.425,0.0,-0.034,0.813,0.651,0.802,0.8,-0.208,0.875,0.839,0.594,0.681,0.794,0.129,-0.012,-0.08,-0.269,-0.132,0.737,-0.604,0.531,0.639,-0.087,0.221,0.771,0.376,-0.803,0.832,0.188,0.879,0.274,0.734,0.43,-0.467,0.655,0.141,0.842,0.464,0.424,0.314,0.811,0.092,0.775,0.791,0.699,0.809,-0.686,0.387,0.78,0.618,-0.188,-0.362,0.789,-0.305,-0.281,0.659,-0.213,0.775,-0.397,-0.16,0.467,0.111,0.762,0.234,-0.178,-0.6,-0.782,0.693,0.287,0.642,-0.258,0.82,0.581,0.812,0.511,-0.11,-0.203,0.861,0.478,0.296,0.712,-0.476,0.501,0.037,0.779,0.513,0.71,-0.74,-0.292,-0.744,-0.448,-0.397,0.019,0.724,0.741,-0.341,-0.472,0.123,-0.141,0.729,-0.215,0.415,0.808,-0.725,0.797,0.259,0.41,0.711,0.601,0.757,0.68,0.45,-0.237,0.629,0.303,-0.423,0.535,0.668,-0.474,0.808,0.688,0.535,0.311,0.58,0.795,0.053,0.393,0.317,0.743,0.777,0.276,-0.674,0.765,-0.006,0.81,0.888,0.65,0.638,0.688,-0.095,0.456,-0.429,0.802,0.652,0.856,0.31,0.805,-0.679,0.776,-0.104,-0.019,0.656,0.345,0.62,-0.216,0.554,0.165,0.647,0.709,-0.326,0.518,0.67,-0.433,0.629,-0.203,-0.475,-0.485,-0.464,0.807,0.349,-0.489,0.432,-0.689,-0.505,-0.536,0.826,0.7,0.852,0.793,0.461,0.866,0.646,-0.582,0.68,0.683
BECN,-0.373,0.06,0.438,0.342,-0.08,0.165,-0.237,0.302,0.644,-0.163,-0.429,0.549,-0.175,0.557,0.667,-0.341,-0.034,0.0,0.101,0.076,-0.358,0.171,0.407,-0.329,0.094,-0.097,-0.357,-0.199,0.514,0.632,0.445,0.4,0.264,-0.18,0.446,-0.19,0.049,0.745,0.748,-0.397,0.266,0.128,-0.08,0.218,-0.319,0.06,-0.26,-0.111,0.643,-0.124,0.374,-0.072,0.221,0.444,0.252,0.155,-0.215,0.119,-0.159,-0.33,0.038,0.187,0.425,-0.221,0.265,0.749,0.693,0.149,0.221,0.406,0.031,0.57,-0.296,0.569,0.783,0.175,0.381,0.057,-0.527,0.049,0.417,0.35,-0.506,-0.329,0.335,0.635,0.186,0.183,-0.339,-0.498,-0.066,0.007,0.011,-0.061,-0.369,-0.238,0.684,-0.126,0.502,-0.374,0.22,-0.179,0.32,0.698,0.518,0.697,0.527,0.12,0.041,-0.079,0.442,0.515,0.647,0.231,0.298,0.42,0.672,-0.092,0.179,0.073,0.164,-0.51,-0.249,0.095,-0.203,-0.114,0.497,0.738,0.156,0.279,0.628,0.437,-0.553,0.399,0.0,-0.085,0.457,-0.091,0.19,-0.094,-0.149,0.493,-0.582,-0.363,0.058,0.578,0.609,-0.12,0.283,-0.05,0.001,-0.286,-0.45,-0.038,0.805,-0.465,0.629,-0.292,-0.144,0.003,-0.614,-0.156,0.548,-0.06,-0.018,-0.266,0.167,0.631,0.074,0.549,0.468,0.702,0.062,0.106,0.509,0.299,-0.058,0.387,0.4,0.489,0.496,0.166,0.593,-0.236,0.256,0.649,0.54,0.437,0.287,0.517,-0.215,-0.51,0.101,-0.047,0.06,-0.08,-0.497,-0.154,0.022,0.169
BFC,0.224,0.74,-0.691,0.486,-0.059,-0.738,0.814,0.196,-0.301,0.814,0.647,0.161,0.667,0.369,0.494,0.292,0.813,0.101,0.0,0.784,0.758,0.785,-0.114,0.8,0.87,0.438,0.642,0.789,0.108,0.038,0.033,-0.116,0.043,0.746,-0.367,0.465,0.629,0.023,0.353,0.629,0.481,-0.754,0.858,0.152,0.731,0.15,0.656,0.27,-0.374,0.738,0.347,0.921,0.388,0.469,0.45,0.879,0.136,0.76,0.871,0.681,0.881,-0.511,0.322,0.842,0.685,-0.085,-0.204,0.728,-0.084,-0.222,0.746,-0.192,0.7,-0.203,-0.04,0.511,0.175,0.876,0.349,-0.1,-0.488,-0.736,0.696,0.099,0.678,-0.248,0.762,0.666,0.736,0.392,-0.274,-0.152,0.872,0.528,0.287,0.598,-0.419,0.644,0.076,0.769,0.565,0.76,-0.623,-0.156,-0.627,-0.319,-0.411,-0.012,0.797,0.728,-0.307,-0.478,0.279,-0.165,0.685,-0.05,0.521,0.71,-0.68,0.724,0.075,0.341,0.648,0.523,0.737,0.808,0.633,-0.073,0.519,0.336,-0.353,0.621,0.512,-0.526,0.911,0.61,0.547,0.43,0.488,0.706,0.059,0.396,0.257,0.639,0.809,0.263,-0.609,0.805,0.073,0.832,0.823,0.455,0.57,0.519,0.062,0.347,-0.194,0.78,0.759,0.826,0.357,0.773,-0.588,0.811,-0.127,0.102,0.69,0.401,0.592,-0.033,0.784,0.31,0.58,0.841,-0.268,0.559,0.599,-0.416,0.72,-0.078,-0.313,-0.386,-0.208,0.821,0.4,-0.44,0.584,-0.597,-0.533,-0.469,0.746,0.613,0.8,0.859,0.569,0.842,0.58,-0.508,0.776,0.718
BGC,0.528,0.513,-0.525,0.056,-0.381,-0.66,0.608,0.471,-0.07,0.666,0.64,0.276,0.448,0.573,0.453,0.223,0.651,0.076,0.784,0.0,0.655,0.799,-0.185,0.654,0.739,0.439,0.348,0.511,0.005,0.199,-0.208,0.146,-0.019,0.635,-0.464,0.523,0.685,0.175,0.202,0.564,0.206,-0.719,0.659,0.05,0.535,0.176,0.471,0.335,-0.167,0.399,0.32,0.815,0.279,0.596,0.442,0.785,0.391,0.748,0.691,0.395,0.79,-0.57,0.477,0.635,0.746,-0.134,-0.31,0.671,-0.058,0.149,0.697,0.06,0.447,-0.077,0.144,0.603,-0.016,0.774,0.249,-0.182,-0.167,-0.526,0.592,0.051,0.584,-0.262,0.644,0.663,0.507,0.41,-0.135,-0.095,0.782,0.642,0.242,0.525,-0.253,0.638,0.328,0.581,0.492,0.565,-0.466,-0.006,-0.504,-0.288,-0.203,-0.013,0.53,0.66,0.064,-0.282,0.23,-0.263,0.732,0.156,0.599,0.671,-0.644,0.704,-0.084,0.2,0.613,0.688,0.619,0.68,0.668,-0.12,0.527,0.348,-0.327,0.553,0.479,-0.424,0.752,0.623,0.243,0.129,0.528,0.699,-0.077,0.487,0.274,0.488,0.819,0.325,-0.472,0.74,-0.187,0.679,0.725,0.287,0.443,0.541,-0.062,0.187,-0.13,0.576,0.749,0.634,0.224,0.493,-0.492,0.788,-0.05,-0.001,0.615,0.171,0.564,0.128,0.727,0.249,0.685,0.791,-0.009,0.323,0.537,-0.163,0.642,0.043,-0.344,-0.402,-0.242,0.65,0.485,-0.275,0.595,-0.404,-0.483,-0.302,0.654,0.565,0.728,0.795,0.675,0.737,0.467,-0.103,0.673,0.656
BHF,0.341,0.711,-0.839,0.253,0.063,-0.664,0.9,-0.142,-0.662,0.775,0.86,-0.229,0.639,-0.018,0.051,0.557,0.802,-0.358,0.758,0.655,0.0,0.651,-0.394,0.869,0.666,0.339,0.833,0.832,-0.319,-0.291,-0.106,-0.296,0.058,0.67,-0.501,0.352,0.411,-0.392,-0.133,0.72,0.324,-0.635,0.868,-0.157,0.872,-0.094,0.641,0.146,-0.656,0.631,0.206,0.801,0.152,0.174,0.374,0.725,0.147,0.564,0.846,0.812,0.708,-0.483,0.009,0.819,0.362,-0.534,-0.552,0.606,-0.0,-0.472,0.519,-0.566,0.831,-0.557,-0.498,0.209,0.107,0.737,0.632,-0.045,-0.724,-0.814,0.837,0.185,0.377,-0.512,0.591,0.375,0.874,0.746,0.068,-0.011,0.702,0.539,0.61,0.638,-0.786,0.598,-0.123,0.874,0.449,0.817,-0.619,-0.449,-0.807,-0.645,-0.706,-0.239,0.738,0.565,-0.509,-0.714,-0.185,-0.27,0.406,-0.403,0.045,0.641,-0.668,0.577,-0.01,0.651,0.663,0.457,0.766,0.801,0.191,-0.509,0.29,0.035,-0.676,0.257,0.874,-0.612,0.802,0.529,0.266,0.527,0.271,0.61,0.337,0.15,0.648,0.705,0.72,-0.106,-0.879,0.671,0.064,0.647,0.694,0.512,0.799,0.501,-0.328,0.644,-0.487,0.863,0.743,0.749,0.568,0.738,-0.852,0.777,-0.248,0.325,0.481,-0.089,0.487,-0.286,0.462,-0.171,0.439,0.623,-0.587,0.436,0.48,-0.658,0.335,-0.472,-0.648,-0.243,-0.519,0.904,0.18,-0.722,0.28,-0.743,-0.594,-0.647,0.755,0.898,0.652,0.74,0.392,0.849,0.83,-0.357,0.778,0.593
BHFAL,0.317,0.493,-0.505,0.251,-0.294,-0.578,0.623,0.261,-0.146,0.7,0.658,0.248,0.39,0.519,0.572,0.312,0.8,0.171,0.785,0.799,0.651,0.0,-0.065,0.659,0.708,0.364,0.429,0.552,0.105,0.146,-0.198,0.212,0.046,0.489,-0.444,0.366,0.544,0.213,0.308,0.526,0.121,-0.743,0.676,0.19,0.579,0.074,0.412,0.223,-0.115,0.442,0.362,0.754,0.359,0.649,0.624,0.847,0.299,0.733,0.63,0.521,0.763,-0.521,0.5,0.573,0.717,-0.012,-0.163,0.83,-0.01,-0.024,0.559,0.1,0.484,-0.194,0.124,0.508,0.241,0.693,0.179,0.028,-0.285,-0.472,0.516,0.008,0.573,-0.072,0.72,0.62,0.539,0.482,0.026,0.046,0.825,0.579,0.319,0.585,-0.236,0.534,0.368,0.601,0.748,0.611,-0.432,0.056,-0.481,-0.172,-0.224,-0.206,0.648,0.647,0.013,-0.349,0.137,-0.009,0.764,0.037,0.62,0.759,-0.738,0.686,-0.038,0.189,0.461,0.588,0.58,0.672,0.583,-0.076,0.502,0.2,-0.176,0.478,0.458,-0.251,0.702,0.497,0.415,0.026,0.597,0.717,0.042,0.568,0.225,0.402,0.823,0.474,-0.444,0.637,-0.097,0.666,0.754,0.296,0.496,0.501,0.023,0.22,-0.116,0.541,0.691,0.679,-0.003,0.535,-0.458,0.864,-0.265,0.04,0.47,0.302,0.465,0.132,0.704,0.359,0.576,0.685,-0.103,0.424,0.441,-0.248,0.643,-0.116,-0.391,-0.262,-0.298,0.624,0.392,-0.21,0.746,-0.575,-0.272,-0.174,0.683,0.558,0.802,0.705,0.543,0.737,0.447,-0.298,0.719,0.751
BKNG,-0.333,-0.143,0.493,0.144,-0.164,0.174,-0.296,0.045,0.321,-0.128,-0.388,0.361,-0.021,0.133,0.344,-0.359,-0.208,0.407,-0.114,-0.185,-0.394,-0.065,0.0,-0.385,-0.03,0.027,-0.273,-0.265,0.59,0.59,0.486,0.49,0.027,-0.228,0.294,-0.127,0.02,0.625,0.516,-0.233,-0.101,0.065,-0.277,0.328,-0.373,0.079,-0.18,0.001,0.457,0.08,0.408,-0.143,0.203,0.193,0.226,0.045,-0.178,0.034,-0.146,-0.155,-0.002,0.297,0.219,-0.143,0.2,0.619,0.397,0.046,0.065,0.316,-0.182,0.327,-0.39,0.321,0.402,-0.18,0.314,-0.08,-0.62,0.063,0.325,0.318,-0.341,0.098,-0.018,0.471,-0.075,-0.058,-0.341,-0.45,-0.049,0.008,-0.076,-0.002,-0.123,0.026,0.472,-0.377,0.423,-0.186,0.102,-0.413,0.369,0.437,0.416,0.562,0.542,0.021,0.019,0.117,0.247,0.48,0.269,0.334,0.03,0.511,0.225,0.074,-0.008,-0.267,0.103,-0.576,-0.43,-0.165,-0.118,-0.166,0.116,0.227,0.203,0.206,0.606,0.015,-0.531,0.381,-0.105,-0.052,0.081,-0.202,0.304,0.012,-0.509,0.213,-0.464,-0.416,-0.049,0.566,0.467,-0.035,-0.11,-0.027,-0.11,-0.053,-0.509,-0.154,0.508,-0.478,0.432,-0.383,-0.319,-0.261,-0.418,-0.163,0.503,-0.004,0.101,-0.129,-0.025,0.388,-0.212,0.055,0.054,0.187,-0.173,-0.031,0.502,0.205,0.013,0.54,0.227,0.257,0.7,0.102,0.208,-0.309,0.381,0.349,0.271,0.342,0.479,0.453,-0.12,-0.484,-0.042,-0.096,0.173,-0.081,-0.545,-0.018,-0.0,0.087
BL,0.393,0.719,-0.904,0.34,-0.043,-0.87,0.944,0.033,-0.646,0.919,0.895,-0.038,0.81,-0.043,0.125,0.487,0.875,-0.329,0.8,0.654,0.869,0.659,-0.385,0.0,0.822,0.63,0.823,0.873,-0.139,-0.251,-0.172,-0.452,-0.248,0.854,-0.731,0.628,0.625,-0.377,-0.074,0.904,0.368,-0.815,0.901,0.155,0.953,0.265,0.856,0.481,-0.731,0.717,-0.03,0.884,0.406,0.162,0.182,0.74,0.171,0.757,0.897,0.785,0.812,-0.712,0.2,0.901,0.497,-0.508,-0.629,0.655,-0.371,-0.438,0.706,-0.441,0.885,-0.593,-0.433,0.414,-0.153,0.792,0.468,-0.246,-0.761,-0.924,0.906,0.339,0.486,-0.602,0.745,0.537,0.939,0.611,-0.217,-0.24,0.832,0.46,0.405,0.725,-0.698,0.641,-0.216,0.914,0.361,0.827,-0.87,-0.594,-0.936,-0.713,-0.567,0.028,0.677,0.741,-0.456,-0.665,-0.092,-0.225,0.576,-0.279,0.184,0.778,-0.747,0.776,0.178,0.649,0.845,0.527,0.832,0.699,0.323,-0.494,0.554,0.222,-0.729,0.469,0.827,-0.646,0.843,0.729,0.321,0.474,0.426,0.767,0.098,0.192,0.549,0.875,0.746,-0.02,-0.894,0.827,-0.064,0.829,0.883,0.735,0.813,0.681,-0.392,0.624,-0.65,0.927,0.777,0.834,0.63,0.876,-0.882,0.773,-0.079,0.132,0.673,0.142,0.616,-0.412,0.433,-0.087,0.599,0.692,-0.507,0.419,0.697,-0.6,0.476,-0.324,-0.649,-0.541,-0.612,0.915,0.29,-0.7,0.212,-0.806,-0.694,-0.784,0.884,0.863,0.8,0.834,0.455,0.859,0.86,-0.522,0.623,0.589
BOKF,0.259,0.738,-0.614,0.476,-0.139,-0.898,0.808,0.315,-0.282,0.914,0.677,0.402,0.854,0.272,0.538,0.176,0.839,0.094,0.87,0.739,0.666,0.708,-0.03,0.822,0.0,0.732,0.586,0.783,0.305,0.24,0.091,-0.234,-0.18,0.88,-0.54,0.68,0.847,0.123,0.364,0.778,0.501,-0.827,0.81,0.237,0.762,0.471,0.803,0.569,-0.347,0.732,0.254,0.941,0.554,0.447,0.288,0.885,0.087,0.917,0.898,0.584,0.954,-0.695,0.541,0.894,0.815,-0.03,-0.349,0.796,-0.363,-0.076,0.748,-0.109,0.711,-0.251,0.022,0.553,0.021,0.937,0.131,-0.395,-0.474,-0.788,0.675,0.37,0.779,-0.241,0.867,0.731,0.733,0.271,-0.341,-0.381,0.906,0.519,0.158,0.768,-0.319,0.513,0.133,0.755,0.363,0.625,-0.748,-0.234,-0.667,-0.343,-0.228,0.251,0.702,0.819,-0.247,-0.257,0.358,-0.261,0.806,0.049,0.535,0.808,-0.741,0.827,0.302,0.309,0.771,0.638,0.839,0.661,0.668,-0.102,0.785,0.56,-0.364,0.759,0.489,-0.516,0.935,0.852,0.557,0.391,0.711,0.863,-0.238,0.514,0.114,0.735,0.847,0.352,-0.566,0.924,-0.097,0.907,0.942,0.709,0.509,0.687,0.034,0.326,-0.313,0.8,0.63,0.837,0.332,0.828,-0.573,0.781,0.158,-0.12,0.883,0.489,0.725,-0.176,0.728,0.267,0.733,0.913,-0.107,0.611,0.853,-0.212,0.831,0.084,-0.238,-0.618,-0.363,0.811,0.615,-0.444,0.47,-0.491,-0.559,-0.553,0.864,0.573,0.904,0.956,0.65,0.895,0.545,-0.557,0.684,0.724
BRKR,0.453,0.372,-0.397,0.196,-0.356,-0.839,0.534,0.47,-0.196,0.732,0.57,0.528,0.796,0.011,0.275,0.137,0.594,-0.097,0.438,0.439,0.339,0.364,0.027,0.63,0.732,0.0,0.324,0.456,0.369,0.33,-0.074,-0.333,-0.633,0.79,-0.747,0.869,0.865,0.057,0.098,0.839,0.247,-0.71,0.44,0.43,0.619,0.786,0.793,0.924,-0.334,0.402,-0.147,0.643,0.632,0.184,-0.197,0.494,0.08,0.753,0.591,0.225,0.665,-0.843,0.603,0.625,0.65,-0.142,-0.57,0.511,-0.768,0.16,0.589,0.05,0.507,-0.262,0.01,0.521,-0.419,0.603,-0.107,-0.645,-0.284,-0.623,0.551,0.681,0.544,-0.362,0.666,0.524,0.552,0.109,-0.357,-0.579,0.607,0.271,-0.101,0.703,-0.131,0.229,0.083,0.505,-0.065,0.248,-0.768,-0.448,-0.603,-0.47,0.101,0.557,0.249,0.778,-0.018,0.03,0.22,-0.252,0.677,0.218,0.283,0.748,-0.548,0.733,0.445,0.255,0.769,0.676,0.677,0.195,0.421,-0.237,0.907,0.654,-0.404,0.616,0.435,-0.356,0.556,0.884,0.235,0.148,0.702,0.795,-0.562,0.332,0.105,0.719,0.58,0.303,-0.398,0.804,-0.407,0.701,0.802,0.856,0.308,0.796,-0.241,0.265,-0.577,0.547,0.318,0.562,0.337,0.587,-0.451,0.447,0.477,-0.478,0.771,0.355,0.696,-0.417,0.224,-0.035,0.718,0.612,0.148,0.245,0.895,0.111,0.563,0.229,-0.174,-0.837,-0.5,0.484,0.593,-0.331,0.049,-0.284,-0.445,-0.573,0.716,0.388,0.708,0.709,0.504,0.615,0.409,-0.298,0.251,0.413
CACC,0.089,0.741,-0.861,0.429,0.355,-0.58,0.897,-0.396,-0.825,0.725,0.735,-0.363,0.714,-0.361,-0.133,0.563,0.681,-0.357,0.642,0.348,0.833,0.429,-0.273,0.823,0.586,0.324,0.0,0.899,-0.304,-0.448,0.173,-0.488,-0.007,0.632,-0.442,0.248,0.221,-0.548,-0.149,0.688,0.365,-0.505,0.847,-0.034,0.85,-0.105,0.715,0.125,-0.793,0.714,0.024,0.663,0.247,-0.163,0.215,0.577,-0.006,0.431,0.792,0.909,0.568,-0.325,-0.199,0.795,0.13,-0.568,-0.506,0.432,-0.108,-0.761,0.44,-0.729,0.91,-0.657,-0.671,-0.076,0.059,0.618,0.545,0.021,-0.895,-0.81,0.8,0.17,0.176,-0.547,0.479,0.222,0.91,0.642,-0.061,-0.022,0.566,0.282,0.612,0.561,-0.825,0.48,-0.397,0.89,0.358,0.765,-0.637,-0.639,-0.836,-0.637,-0.714,-0.224,0.687,0.488,-0.67,-0.784,-0.304,-0.061,0.176,-0.494,-0.146,0.534,-0.53,0.451,0.228,0.767,0.587,0.182,0.746,0.642,-0.071,-0.562,0.221,-0.096,-0.687,0.179,0.797,-0.468,0.708,0.422,0.281,0.743,0.102,0.436,0.401,-0.073,0.639,0.724,0.512,-0.239,-0.867,0.551,0.216,0.562,0.615,0.641,0.843,0.342,-0.304,0.748,-0.616,0.87,0.609,0.68,0.636,0.811,-0.842,0.609,-0.25,0.442,0.411,-0.023,0.319,-0.469,0.248,-0.288,0.184,0.403,-0.743,0.459,0.417,-0.749,0.188,-0.602,-0.573,-0.16,-0.525,0.872,0.11,-0.742,0.085,-0.774,-0.536,-0.73,0.674,0.832,0.571,0.594,0.213,0.73,0.859,-0.601,0.622,0.431
CAR,0.065,0.813,-0.819,0.552,0.308,-0.725,0.921,-0.163,-0.683,0.82,0.731,-0.115,0.797,-0.117,0.161,0.397,0.794,-0.199,0.789,0.511,0.832,0.552,-0.265,0.873,0.783,0.456,0.899,0.0,-0.064,-0.259,0.156,-0.491,0.04,0.755,-0.427,0.393,0.442,-0.312,0.079,0.717,0.531,-0.619,0.878,-0.094,0.862,0.062,0.777,0.236,-0.658,0.784,0.161,0.805,0.284,0.069,0.29,0.747,-0.048,0.622,0.87,0.873,0.738,-0.453,0.082,0.881,0.381,-0.353,-0.406,0.612,-0.156,-0.597,0.549,-0.549,0.938,-0.522,-0.432,0.178,0.163,0.77,0.425,-0.118,-0.809,-0.872,0.752,0.211,0.506,-0.385,0.681,0.441,0.889,0.516,-0.161,-0.081,0.722,0.404,0.461,0.687,-0.711,0.524,-0.259,0.878,0.366,0.768,-0.692,-0.454,-0.789,-0.524,-0.635,-0.067,0.793,0.594,-0.623,-0.632,0.021,-0.204,0.418,-0.423,0.113,0.598,-0.61,0.584,0.27,0.682,0.7,0.325,0.845,0.687,0.206,-0.297,0.408,0.132,-0.552,0.434,0.71,-0.532,0.854,0.612,0.543,0.706,0.333,0.605,0.244,0.138,0.41,0.788,0.677,-0.041,-0.801,0.695,0.218,0.71,0.769,0.685,0.78,0.446,-0.113,0.684,-0.483,0.947,0.618,0.865,0.532,0.904,-0.779,0.688,-0.091,0.294,0.583,0.202,0.46,-0.347,0.491,0.004,0.401,0.628,-0.596,0.651,0.594,-0.627,0.488,-0.387,-0.455,-0.31,-0.472,0.948,0.257,-0.7,0.272,-0.707,-0.59,-0.694,0.772,0.785,0.737,0.757,0.324,0.849,0.796,-0.699,0.718,0.573
CDNA,-0.275,-0.056,0.36,0.392,-0.212,-0.178,-0.173,0.417,0.386,0.104,-0.268,0.621,0.202,0.31,0.63,-0.421,0.129,0.514,0.108,0.005,-0.319,0.105,0.59,-0.139,0.305,0.369,-0.304,-0.064,0.0,0.686,0.334,0.132,-0.059,0.12,0.11,0.263,0.43,0.714,0.752,-0.014,0.153,-0.232,-0.12,0.347,-0.161,0.494,0.08,0.359,0.475,0.163,0.323,0.111,0.334,0.403,0.02,0.211,-0.131,0.303,-0.018,-0.178,0.233,-0.124,0.625,0.004,0.516,0.797,0.437,0.243,-0.278,0.421,0.146,0.47,-0.204,0.348,0.584,0.304,0.268,0.111,-0.687,-0.18,0.332,0.067,-0.258,0.185,0.514,0.578,0.268,0.288,-0.213,-0.552,-0.379,-0.295,0.226,0.087,-0.375,0.266,0.518,-0.276,0.36,-0.14,0.067,-0.383,0.011,0.414,0.269,0.51,0.505,0.387,0.12,0.36,0.128,0.565,0.71,0.04,0.399,0.368,0.548,0.205,-0.087,0.146,0.315,-0.584,-0.086,0.156,0.056,-0.101,0.503,0.539,0.579,0.545,0.609,0.392,-0.469,0.17,0.112,0.276,0.505,-0.244,0.638,0.338,-0.679,0.398,-0.721,-0.074,0.16,0.704,0.411,0.208,-0.204,0.262,0.216,0.201,-0.444,0.131,0.608,-0.493,0.341,-0.133,-0.3,0.084,-0.483,0.076,0.405,0.037,0.43,-0.542,0.325,0.695,0.12,0.055,0.274,0.539,0.217,0.267,0.601,0.278,0.346,0.534,0.571,0.568,0.606,-0.388,0.187,-0.182,0.439,0.285,0.319,0.281,0.227,0.314,0.062,-0.428,0.232,0.153,0.209,0.11,-0.455,-0.297,0.004,0.261
CG,-0.008,-0.046,0.501,0.046,-0.491,-0.099,-0.237,0.528,0.575,0.004,-0.23,0.796,0.093,0.482,0.622,-0.37,-0.012,0.632,0.038,0.199,-0.291,0.146,0.59,-0.251,0.24,0.33,-0.448,-0.259,0.686,0.0,0.282,0.411,-0.105,0.016,0.108,0.25,0.457,0.84,0.533,-0.051,0.032,-0.098,-0.174,0.312,-0.255,0.403,-0.056,0.307,0.622,-0.126,0.462,0.073,0.357,0.482,0.125,0.201,-0.131,0.307,-0.013,-0.409,0.234,-0.135,0.686,-0.061,0.577,0.655,0.289,0.243,-0.093,0.743,0.022,0.586,-0.346,0.379,0.706,0.328,0.117,0.183,-0.632,-0.273,0.512,0.193,-0.299,0.234,0.415,0.477,0.288,0.195,-0.301,-0.436,-0.073,-0.207,0.11,0.209,-0.33,0.164,0.662,-0.269,0.756,-0.255,0.005,-0.372,0.143,0.488,0.39,0.499,0.695,0.343,0.003,0.23,0.508,0.743,0.566,0.009,0.452,0.66,0.538,0.243,-0.017,0.166,0.189,-0.544,-0.075,0.443,-0.019,-0.115,0.559,0.443,0.542,0.557,0.51,0.42,-0.412,0.251,0.063,0.265,0.277,-0.265,0.603,0.283,-0.696,0.658,-0.543,-0.224,0.237,0.721,0.511,0.218,-0.237,0.108,0.159,0.043,-0.481,0.198,0.522,-0.488,0.418,-0.278,-0.21,-0.032,-0.478,-0.154,0.449,0.102,0.379,-0.572,0.369,0.481,0.293,0.248,0.365,0.385,0.266,0.324,0.821,0.138,0.326,0.711,0.526,0.61,0.538,-0.216,0.239,-0.207,0.523,0.467,0.395,0.522,0.282,0.407,0.01,-0.412,0.229,0.189,0.308,0.07,-0.466,0.117,0.062,0.286
CGBD,-0.582,0.293,0.133,0.437,0.398,0.106,0.035,-0.238,-0.058,-0.048,-0.315,0.043,0.22,-0.17,0.097,-0.219,-0.08,0.445,0.033,-0.208,-0.106,-0.198,0.486,-0.172,0.091,-0.074,0.173,0.156,0.334,0.282,0.0,-0.068,0.302,-0.034,0.405,-0.224,-0.135,0.256,0.443,-0.188,0.373,0.184,0.1,-0.015,-0.105,-0.148,0.034,-0.202,0.117,0.264,0.371,-0.042,0.031,-0.182,0.107,0.085,-0.358,-0.056,0.082,0.138,-0.004,0.416,-0.102,0.055,-0.048,0.355,0.372,-0.083,0.213,-0.163,-0.08,-0.203,0.044,0.12,0.079,-0.364,0.426,0.073,-0.287,0.093,-0.059,0.007,-0.175,-0.134,0.016,0.315,-0.02,-0.173,-0.039,-0.33,-0.172,-0.012,-0.087,-0.043,0.041,-0.005,0.073,-0.17,-0.006,0.012,-0.0,-0.168,0.241,0.16,0.166,0.36,0.02,-0.051,0.246,-0.062,-0.249,0.149,0.274,0.158,-0.192,-0.01,0.041,-0.13,0.199,-0.155,0.291,-0.112,-0.232,-0.202,0.109,0.038,-0.044,0.211,0.034,0.005,0.277,0.1,-0.263,0.143,0.123,-0.061,0.336,0.529,0.001,-0.164,-0.034,-0.004,-0.286,-0.113,-0.086,0.128,0.179,-0.074,0.379,-0.049,-0.052,0.106,-0.145,-0.204,0.584,-0.145,0.263,0.035,-0.2,-0.034,-0.131,0.141,0.195,-0.076,0.02,0.143,0.142,0.253,-0.173,-0.068,0.14,0.11,-0.279,-0.029,0.008,0.454,-0.018,0.034,0.132,-0.007,0.453,0.2,0.224,0.053,0.172,0.04,0.099,0.226,0.064,0.122,-0.12,-0.225,-0.013,-0.032,-0.017,0.105,-0.171,-0.387,0.156,0.073
