,ACET,ADAP,ADI,ADPT,ADTN,AGEN,ALGN,ALLK,AMD,AMWD,ARDX,ARQT,ASTE,AUPH,AVXL,AZTA,BAND,BECN,BFC,BGC,BHF,BHFAL,BKNG,BL,BOKF,BRKR,CACC,CAR,CDNA,CG,CGBD,CHI,CHTR,CHX,CLNE,CME,CNOB,CNXN,CPRX,CSGP,CSGS,CSIQ,CVCO,CVLT,CYRX,DDOG,DOOO,DSGX,DTIL,ECPG,EEFT,EFSC,ENTG,ESPR,ETSY,EXC,FAMI,FFIV,FITB,FIZZ,FMBH,FOX,FTNT,FULT,GABC,GEN,GH,GMAB,GNPX,GO,GOGL,GOOG,GPRO,GSHD,GSM,GWAV,HAIN,HBAN,HEPA,HURN,HWKN,IBIO,ICFI,IGMS,IMKTA,INCY,INO,IRDM,IRTC,IRWD,ITCI,JACK,JD,JJSF,KALA,KHC,KLAC,KRRO,KRYS,LANC,LBTYA,LIVN,LKCO,LNTH,LOGI,LPRO,LRCX,LSCC,LSTR,MAR,MARA,MCHP,MEOH,META,MGTX,MKSI,MMYT,MORN,MRUS,MTLS,MTSI,MVIS,MXL,NBIX,NFE,NMIH,NMRK,NNDM,NSIT,NTCT,NVAX,OCUL,ODP,OLED,ONB,OTEX,PACB,PATK,PAYX,PEP,PERI,PI,PLYA,PRDO,PRGS,PTGX,QCOM,QCRH,QDEL,QFIN,RGEN,RILY,RPAY,RPD,SABR,SEDG,SHEN,SIRI,SLNO,SNDL,SNEX,SONO,SPT,SSNC,STGW,STKL,STRL,STX,SWTX,SYNA,TFSL,TIGR,TNXP,TOWN,TRI,TRIP,TRMB,TRNS,TRS,TSCO,TSEM,TVTX,TXRH,VC,VCEL,VECO,VIAV,VICR,VIR,VRTX,VSTM,VTRS,WDFC,WSBC,WSC,WYNN,XENE,XNCR,XRAY,ZS
ACET,0.0,0.553,0.791,0.683,0.901,0.235,0.833,-0.127,0.834,0.829,0.778,0.904,0.76,0.437,0.216,0.869,0.831,0.709,0.476,0.713,0.387,0.562,0.82,0.595,0.852,0.785,0.878,-0.174,0.834,0.771,0.717,0.827,0.478,0.402,0.745,-0.066,0.816,0.701,0.75,0.622,0.725,0.86,0.843,0.705,0.593,0.545,0.836,0.196,-0.455,0.825,0.808,0.845,0.781,0.86,0.005,-0.605,0.234,0.742,0.831,0.437,0.786,0.241,0.827,0.847,0.688,0.632,0.479,-0.003,-0.258,-0.669,0.737,0.652,-0.186,0.533,0.828,0.717,0.389,0.835,0.085,-0.583,0.752,-0.291,-0.768,0.748,0.79,0.801,0.782,0.786,0.815,0.876,0.857,0.72,0.645,-0.488,-0.16,0.509,0.736,-0.432,0.895,-0.335,0.761,0.851,-0.759,-0.515,0.812,0.866,0.781,0.795,0.762,0.844,0.777,0.642,0.765,0.789,0.69,0.87,0.698,0.469,0.815,0.458,0.764,0.403,0.854,0.851,-0.037,0.826,0.893,0.51,0.559,0.602,-0.703,0.871,0.82,0.789,0.801,0.726,0.751,0.86,-0.48,0.391,0.715,0.706,0.835,-0.263,0.367,0.855,0.821,0.806,0.819,0.601,0.797,-0.425,0.873,0.367,0.758,0.692,-0.119,0.813,0.765,0.68,0.893,0.752,0.582,0.853,0.895,0.658,0.879,0.806,0.9,0.714,0.788,-0.07,-0.114,0.813,0.541,0.783,0.854,0.884,0.2,0.423,0.8,0.751,0.802,0.637,0.452,0.799,0.874,0.812,0.857,0.836,0.813,0.932,0.334,0.854,0.731,0.884,0.885,0.908,0.871,0.755
ADAP,0.553,0.0,0.082,0.182,0.307,0.575,0.238,-0.371,0.262,0.137,0.175,0.556,0.026,-0.062,-0.177,0.35,0.397,0.234,0.078,0.768,-0.117,0.187,0.142,0.047,0.147,0.03,0.266,-0.636,0.541,0.029,0.116,0.208,0.277,-0.346,0.363,0.503,0.146,0.023,0.66,-0.037,0.159,0.404,0.253,0.19,-0.094,0.009,0.479,-0.249,-0.121,0.328,0.317,0.18,0.108,0.579,-0.507,-0.094,0.475,0.116,0.142,-0.007,0.19,0.032,0.218,0.185,-0.135,-0.076,-0.026,0.488,0.302,-0.37,0.467,0.297,-0.184,0.168,0.231,0.724,0.507,0.119,-0.191,0.146,0.053,0.05,-0.188,0.41,0.491,0.129,0.817,0.487,0.185,0.32,0.538,-0.086,0.519,-0.29,0.266,0.283,0.062,-0.351,0.425,-0.161,0.756,0.176,-0.52,-0.147,0.138,0.378,0.153,0.1,0.141,0.217,0.452,-0.119,0.153,0.269,0.676,0.339,0.15,0.422,0.524,0.288,0.082,0.312,0.367,0.699,0.405,0.227,0.366,0.309,-0.228,-0.213,-0.373,0.591,0.356,0.201,0.089,0.261,0.214,0.356,-0.698,0.519,0.04,0.227,0.36,0.321,-0.254,0.558,0.17,0.096,0.332,0.795,0.098,-0.056,0.363,-0.389,0.062,0.079,0.422,0.111,0.233,0.823,0.477,0.069,-0.003,0.2,0.372,0.626,0.354,0.178,0.456,-0.035,0.072,0.324,-0.4,0.144,0.722,0.286,0.235,0.464,-0.432,-0.11,0.071,0.296,0.481,-0.086,0.096,0.108,0.224,0.253,0.333,0.14,0.46,0.428,0.299,0.23,0.102,0.25,0.564,0.262,0.386,0.061
ADI,0.791,0.082,0.0,0.764,0.914,-0.127,0.887,0.039,0.926,0.951,0.87,0.741,0.935,0.666,0.575,0.881,0.795,0.76,0.561,0.376,0.56,0.591,0.949,0.791,0.946,0.939,0.913,0.214,0.711,0.963,0.806,0.933,0.468,0.723,0.739,-0.314,0.92,0.889,0.538,0.873,0.787,0.816,0.893,0.836,0.782,0.786,0.743,0.493,-0.514,0.794,0.803,0.915,0.966,0.706,0.364,-0.714,-0.087,0.926,0.928,0.48,0.878,0.181,0.923,0.928,0.901,0.873,0.698,-0.39,-0.577,-0.648,0.645,0.613,-0.12,0.617,0.878,0.42,0.106,0.945,0.352,-0.801,0.908,-0.391,-0.872,0.64,0.564,0.884,0.463,0.669,0.916,0.809,0.763,0.895,0.543,-0.402,-0.283,0.375,0.974,-0.288,0.87,-0.338,0.458,0.944,-0.58,-0.538,0.951,0.829,0.957,0.965,0.878,0.947,0.716,0.956,0.855,0.837,0.433,0.904,0.881,0.481,0.666,0.459,0.952,0.33,0.871,0.649,-0.185,0.89,0.886,0.483,0.842,0.887,-0.659,0.677,0.82,0.902,0.918,0.857,0.804,0.832,-0.175,0.162,0.88,0.797,0.842,-0.561,0.656,0.691,0.971,0.934,0.801,0.333,0.929,-0.561,0.875,0.804,0.941,0.798,-0.419,0.937,0.791,0.351,0.833,0.945,0.762,0.954,0.887,0.412,0.888,0.939,0.852,0.944,0.951,-0.203,0.136,0.921,0.28,0.782,0.938,0.837,0.547,0.588,0.94,0.728,0.749,0.871,0.567,0.966,0.942,0.902,0.792,0.931,0.661,0.823,0.228,0.922,0.858,0.902,0.785,0.843,0.829,0.962
ADPT,0.683,0.182,0.764,0.0,0.791,0.17,0.812,-0.052,0.689,0.774,0.747,0.713,0.807,0.638,0.619,0.825,0.763,0.779,0.578,0.469,0.717,0.712,0.71,0.832,0.819,0.796,0.825,0.141,0.795,0.799,0.756,0.794,0.639,0.661,0.839,-0.152,0.873,0.656,0.638,0.775,0.87,0.806,0.806,0.763,0.876,0.763,0.742,0.215,-0.369,0.82,0.729,0.866,0.815,0.698,0.215,-0.545,0.071,0.714,0.81,0.284,0.819,0.461,0.765,0.819,0.769,0.747,0.723,0.017,-0.236,-0.489,0.657,0.54,0.286,0.649,0.893,0.414,0.361,0.823,0.149,-0.615,0.793,-0.07,-0.663,0.626,0.553,0.689,0.509,0.759,0.814,0.804,0.729,0.744,0.635,-0.384,-0.24,0.144,0.764,-0.15,0.764,-0.15,0.608,0.837,-0.532,-0.405,0.701,0.774,0.781,0.79,0.759,0.723,0.72,0.696,0.76,0.695,0.533,0.815,0.62,0.67,0.701,0.59,0.807,0.663,0.795,0.603,0.146,0.806,0.797,0.626,0.54,0.722,-0.468,0.618,0.71,0.778,0.862,0.815,0.872,0.751,-0.283,0.206,0.78,0.846,0.744,-0.441,0.677,0.654,0.777,0.833,0.856,0.474,0.857,-0.56,0.839,0.615,0.828,0.809,-0.012,0.754,0.526,0.536,0.728,0.795,0.706,0.824,0.788,0.637,0.753,0.806,0.761,0.742,0.825,-0.032,0.021,0.863,0.3,0.725,0.804,0.805,0.486,0.455,0.727,0.528,0.692,0.746,0.694,0.766,0.789,0.855,0.879,0.797,0.743,0.733,0.418,0.864,0.812,0.774,0.694,0.76,0.827,0.757
ADTN,0.901,0.307,0.914,0.791,0.0,0.079,0.965,-0.123,0.863,0.935,0.926,0.896,0.936,0.683,0.48,0.957,0.926,0.876,0.512,0.607,0.475,0.719,0.911,0.765,0.966,0.922,0.958,-0.035,0.85,0.931,0.837,0.929,0.51,0.665,0.815,-0.184,0.954,0.862,0.731,0.834,0.843,0.948,0.96,0.885,0.775,0.8,0.889,0.229,-0.565,0.936,0.903,0.948,0.939,0.879,0.215,-0.794,0.125,0.895,0.963,0.44,0.906,0.229,0.944,0.957,0.856,0.867,0.599,-0.19,-0.377,-0.726,0.78,0.734,-0.114,0.714,0.922,0.636,0.3,0.959,0.078,-0.772,0.931,-0.353,-0.89,0.815,0.682,0.842,0.681,0.784,0.939,0.928,0.869,0.841,0.696,-0.525,-0.153,0.318,0.881,-0.219,0.927,-0.415,0.683,0.94,-0.727,-0.668,0.875,0.945,0.925,0.948,0.928,0.901,0.851,0.787,0.923,0.888,0.645,0.961,0.804,0.551,0.848,0.573,0.929,0.46,0.946,0.774,-0.045,0.92,0.971,0.618,0.747,0.814,-0.739,0.869,0.92,0.933,0.931,0.867,0.894,0.942,-0.384,0.223,0.805,0.829,0.889,-0.47,0.638,0.85,0.942,0.93,0.916,0.459,0.935,-0.572,0.948,0.649,0.883,0.883,-0.206,0.877,0.746,0.538,0.934,0.901,0.791,0.954,0.962,0.637,0.946,0.882,0.866,0.888,0.933,-0.252,0.041,0.943,0.41,0.897,0.966,0.93,0.362,0.397,0.883,0.734,0.853,0.824,0.554,0.933,0.969,0.944,0.877,0.95,0.857,0.951,0.269,0.947,0.91,0.94,0.902,0.904,0.954,0.916
AGEN,0.235,0.575,-0.127,0.17,0.079,0.0,0.077,-0.413,0.018,-0.061,0.012,0.284,-0.043,-0.149,-0.103,0.146,0.131,0.194,0.19,0.549,0.154,0.209,-0.044,0.0,-0.016,-0.087,0.115,-0.433,0.386,-0.138,0.101,0.008,0.257,-0.282,0.234,0.516,0.018,-0.148,0.452,-0.064,0.107,0.193,0.076,0.073,0.017,-0.023,0.243,-0.228,-0.017,0.167,0.155,0.078,-0.034,0.302,-0.222,0.117,0.349,-0.031,-0.051,0.157,0.033,0.095,0.091,0.046,-0.199,-0.096,0.094,0.467,0.251,-0.192,0.263,0.146,0.013,0.321,0.151,0.344,0.637,-0.068,-0.116,0.369,-0.008,0.253,0.142,0.206,0.289,0.118,0.503,0.262,0.092,0.184,0.403,-0.17,0.241,-0.087,0.146,0.068,-0.083,-0.065,0.237,0.081,0.558,0.048,-0.323,0.038,-0.066,0.175,-0.031,-0.038,0.022,-0.018,0.259,-0.245,0.032,0.114,0.525,0.137,-0.038,0.467,0.332,0.201,-0.036,0.311,0.16,0.444,0.37,0.118,0.144,0.169,-0.336,-0.294,-0.149,0.287,0.14,0.036,-0.011,0.177,0.163,0.142,-0.488,0.46,0.061,0.095,0.184,0.308,-0.049,0.22,-0.034,0.006,0.254,0.386,0.027,-0.211,0.187,-0.337,-0.003,0.005,0.577,0.046,-0.068,0.548,0.245,-0.012,-0.042,0.053,0.135,0.617,0.144,0.045,0.274,-0.202,-0.023,0.059,-0.382,0.049,0.596,0.135,0.033,0.268,-0.182,-0.2,-0.069,0.029,0.28,-0.19,0.179,-0.036,0.048,0.119,0.227,0.027,0.323,0.207,0.44,0.103,0.015,0.071,0.292,0.025,0.241,-0.061
ALGN,0.833,0.238,0.887,0.812,0.965,0.077,0.0,-0.253,0.829,0.924,0.956,0.874,0.957,0.757,0.558,0.975,0.947,0.936,0.497,0.624,0.458,0.762,0.903,0.817,0.943,0.922,0.97,-0.059,0.872,0.93,0.886,0.943,0.586,0.719,0.838,-0.114,0.959,0.87,0.76,0.863,0.868,0.972,0.97,0.944,0.794,0.867,0.921,0.161,-0.693,0.971,0.948,0.951,0.957,0.9,0.31,-0.864,0.198,0.923,0.965,0.362,0.895,0.279,0.954,0.954,0.864,0.911,0.559,-0.212,-0.386,-0.784,0.845,0.793,-0.089,0.796,0.917,0.593,0.264,0.939,-0.03,-0.758,0.958,-0.217,-0.893,0.875,0.594,0.797,0.644,0.751,0.973,0.906,0.871,0.816,0.743,-0.629,-0.196,0.13,0.872,-0.199,0.921,-0.503,0.678,0.947,-0.761,-0.759,0.833,0.973,0.945,0.955,0.97,0.887,0.9,0.752,0.979,0.931,0.68,0.975,0.736,0.614,0.875,0.622,0.95,0.505,0.963,0.733,-0.024,0.935,0.979,0.676,0.704,0.83,-0.796,0.828,0.955,0.971,0.903,0.91,0.952,0.966,-0.421,0.136,0.77,0.865,0.92,-0.5,0.714,0.822,0.933,0.926,0.953,0.429,0.957,-0.638,0.965,0.693,0.903,0.935,-0.116,0.852,0.674,0.501,0.918,0.902,0.895,0.953,0.965,0.679,0.948,0.869,0.828,0.916,0.941,-0.336,0.056,0.926,0.393,0.96,0.982,0.941,0.356,0.299,0.858,0.633,0.887,0.847,0.518,0.94,0.964,0.97,0.858,0.936,0.875,0.925,0.292,0.938,0.954,0.936,0.884,0.852,0.972,0.921
ALLK,-0.127,-0.371,0.039,-0.052,-0.123,-0.413,-0.253,0.0,-0.008,-0.011,-0.166,-0.305,-0.108,-0.146,-0.049,-0.29,-0.307,-0.432,0.063,-0.591,0.223,-0.269,-0.061,-0.075,0.011,0.06,-0.213,0.567,-0.399,0.029,-0.187,-0.153,-0.516,0.057,-0.324,-0.704,-0.081,-0.052,-0.567,-0.093,-0.128,-0.334,-0.208,-0.32,0.027,-0.242,-0.431,0.493,0.59,-0.322,-0.374,-0.106,-0.119,-0.442,-0.092,0.38,-0.541,-0.243,-0.072,0.152,-0.052,-0.136,-0.245,-0.094,0.11,-0.143,0.165,-0.06,-0.086,0.567,-0.578,-0.332,0.186,-0.477,-0.099,-0.426,-0.223,0.016,0.451,-0.166,-0.155,-0.535,0.116,-0.417,-0.008,0.027,-0.5,-0.052,-0.256,-0.118,-0.376,0.186,-0.416,0.617,0.061,0.459,-0.02,-0.081,-0.283,0.517,-0.51,-0.08,0.571,0.389,0.076,-0.34,-0.185,-0.118,-0.27,-0.113,-0.456,0.23,-0.324,-0.304,-0.61,-0.269,0.032,-0.561,-0.433,-0.269,-0.13,-0.227,-0.316,-0.326,-0.352,-0.211,-0.276,-0.255,0.316,0.138,0.42,-0.291,-0.386,-0.236,0.078,-0.314,-0.343,-0.346,0.612,-0.078,0.148,-0.194,-0.388,-0.07,-0.192,-0.172,-0.071,-0.046,-0.353,-0.282,-0.128,0.313,-0.268,0.089,-0.089,-0.23,-0.67,-0.002,0.227,-0.421,-0.299,-0.01,-0.337,-0.113,-0.271,-0.587,-0.243,-0.024,-0.162,-0.052,-0.085,0.236,0.215,-0.016,-0.371,-0.415,-0.211,-0.338,0.263,0.498,0.089,0.199,-0.442,-0.056,0.013,-0.116,-0.145,-0.224,-0.082,-0.047,-0.301,-0.231,-0.364,-0.085,-0.236,-0.181,-0.312,0.051,-0.308,-0.061
AMD,0.834,0.262,0.926,0.689,0.863,0.018,0.829,-0.008,0.0,0.927,0.84,0.753,0.826,0.497,0.494,0.868,0.751,0.665,0.654,0.502,0.513,0.408,0.963,0.762,0.894,0.888,0.879,0.013,0.76,0.866,0.823,0.925,0.386,0.509,0.672,-0.188,0.837,0.882,0.579,0.707,0.689,0.792,0.872,0.788,0.62,0.631,0.73,0.536,-0.551,0.758,0.827,0.874,0.895,0.761,0.274,-0.612,-0.109,0.868,0.834,0.488,0.817,0.044,0.885,0.907,0.816,0.714,0.536,-0.29,-0.579,-0.713,0.619,0.699,-0.332,0.598,0.825,0.398,0.09,0.839,0.278,-0.644,0.806,-0.459,-0.836,0.692,0.683,0.866,0.552,0.693,0.88,0.742,0.798,0.786,0.51,-0.332,-0.215,0.498,0.904,-0.492,0.891,-0.388,0.537,0.913,-0.662,-0.561,0.953,0.821,0.901,0.9,0.82,0.943,0.754,0.877,0.793,0.883,0.514,0.885,0.841,0.429,0.686,0.418,0.886,0.235,0.862,0.765,-0.292,0.881,0.879,0.479,0.768,0.78,-0.779,0.742,0.825,0.857,0.827,0.819,0.717,0.838,-0.278,0.241,0.797,0.693,0.877,-0.31,0.433,0.762,0.948,0.882,0.743,0.398,0.85,-0.437,0.865,0.638,0.889,0.649,-0.411,0.904,0.897,0.414,0.875,0.912,0.673,0.911,0.893,0.461,0.924,0.944,0.891,0.869,0.881,-0.16,-0.096,0.871,0.517,0.777,0.897,0.849,0.39,0.54,0.928,0.848,0.814,0.712,0.367,0.913,0.915,0.862,0.742,0.86,0.689,0.848,0.295,0.907,0.712,0.88,0.835,0.838,0.782,0.915
AMWD,0.829,0.137,0.951,0.774,0.935,-0.061,0.924,-0.011,0.927,0.0,0.915,0.79,0.928,0.65,0.557,0.925,0.825,0.798,0.637,0.475,0.561,0.556,0.967,0.829,0.965,0.956,0.939,0.077,0.794,0.945,0.891,0.96,0.411,0.687,0.744,-0.303,0.945,0.943,0.615,0.796,0.807,0.862,0.954,0.855,0.767,0.743,0.812,0.393,-0.555,0.865,0.889,0.95,0.956,0.779,0.33,-0.734,-0.063,0.901,0.932,0.433,0.879,0.18,0.936,0.967,0.923,0.846,0.6,-0.3,-0.557,-0.709,0.675,0.753,-0.179,0.676,0.901,0.453,0.069,0.938,0.173,-0.782,0.917,-0.43,-0.897,0.762,0.666,0.853,0.523,0.757,0.937,0.839,0.792,0.876,0.579,-0.444,-0.205,0.329,0.923,-0.337,0.89,-0.453,0.553,0.958,-0.676,-0.636,0.925,0.897,0.945,0.964,0.926,0.924,0.804,0.885,0.9,0.903,0.537,0.932,0.794,0.442,0.759,0.548,0.952,0.339,0.916,0.699,-0.211,0.939,0.929,0.57,0.819,0.899,-0.745,0.767,0.885,0.912,0.924,0.863,0.849,0.905,-0.28,0.091,0.81,0.762,0.884,-0.408,0.619,0.793,0.97,0.943,0.84,0.331,0.933,-0.519,0.916,0.756,0.937,0.815,-0.386,0.911,0.836,0.377,0.88,0.956,0.78,0.951,0.93,0.494,0.939,0.937,0.848,0.948,0.953,-0.285,-0.021,0.947,0.361,0.861,0.954,0.868,0.464,0.472,0.94,0.799,0.812,0.859,0.464,0.961,0.954,0.932,0.82,0.923,0.762,0.897,0.237,0.954,0.846,0.914,0.833,0.892,0.867,0.947
ARDX,0.778,0.175,0.87,0.747,0.926,0.012,0.956,-0.166,0.84,0.915,0.0,0.817,0.927,0.799,0.641,0.939,0.917,0.872,0.511,0.547,0.407,0.677,0.908,0.864,0.926,0.924,0.912,-0.076,0.817,0.914,0.903,0.934,0.455,0.722,0.761,-0.163,0.925,0.909,0.684,0.815,0.814,0.93,0.957,0.95,0.724,0.846,0.858,0.191,-0.704,0.924,0.929,0.914,0.937,0.862,0.327,-0.865,0.106,0.908,0.935,0.326,0.863,0.13,0.915,0.936,0.874,0.898,0.489,-0.226,-0.44,-0.744,0.758,0.844,-0.172,0.782,0.873,0.506,0.159,0.895,-0.05,-0.768,0.928,-0.319,-0.904,0.869,0.535,0.749,0.576,0.706,0.928,0.83,0.815,0.777,0.693,-0.505,-0.115,0.135,0.858,-0.231,0.89,-0.552,0.576,0.905,-0.691,-0.826,0.813,0.934,0.931,0.944,0.954,0.858,0.887,0.764,0.961,0.945,0.601,0.938,0.772,0.522,0.856,0.609,0.938,0.486,0.932,0.701,-0.104,0.896,0.938,0.734,0.753,0.863,-0.811,0.823,0.944,0.963,0.865,0.862,0.892,0.941,-0.331,0.046,0.711,0.822,0.871,-0.419,0.663,0.839,0.93,0.897,0.881,0.327,0.909,-0.568,0.907,0.709,0.858,0.888,-0.227,0.806,0.75,0.389,0.883,0.892,0.878,0.916,0.932,0.558,0.929,0.83,0.763,0.929,0.916,-0.415,0.108,0.898,0.373,0.931,0.948,0.889,0.326,0.242,0.84,0.691,0.884,0.829,0.362,0.935,0.931,0.944,0.785,0.893,0.855,0.872,0.251,0.907,0.894,0.89,0.866,0.837,0.909,0.924
ARQT,0.904,0.556,0.741,0.713,0.896,0.284,0.874,-0.305,0.753,0.79,0.817,0.0,0.758,0.578,0.347,0.904,0.911,0.816,0.403,0.76,0.328,0.671,0.763,0.652,0.811,0.741,0.88,-0.29,0.899,0.742,0.746,0.829,0.558,0.435,0.817,0.068,0.819,0.69,0.867,0.665,0.763,0.926,0.86,0.801,0.582,0.677,0.921,0.033,-0.542,0.892,0.859,0.824,0.79,0.927,-0.015,-0.713,0.361,0.77,0.822,0.262,0.784,0.231,0.844,0.834,0.631,0.694,0.458,0.055,-0.152,-0.734,0.862,0.735,-0.141,0.671,0.843,0.793,0.438,0.802,-0.076,-0.544,0.766,-0.154,-0.794,0.861,0.679,0.697,0.86,0.78,0.83,0.846,0.898,0.624,0.775,-0.591,-0.064,0.265,0.721,-0.323,0.907,-0.451,0.843,0.814,-0.808,-0.659,0.698,0.908,0.797,0.786,0.821,0.782,0.868,0.549,0.832,0.832,0.809,0.896,0.666,0.622,0.896,0.589,0.772,0.507,0.9,0.872,0.175,0.83,0.912,0.647,0.457,0.58,-0.755,0.906,0.894,0.825,0.764,0.798,0.817,0.895,-0.609,0.343,0.629,0.772,0.858,-0.268,0.438,0.877,0.802,0.768,0.883,0.692,0.799,-0.525,0.903,0.385,0.725,0.752,0.064,0.715,0.629,0.768,0.907,0.722,0.657,0.827,0.905,0.759,0.886,0.756,0.863,0.705,0.776,-0.151,-0.116,0.791,0.561,0.844,0.861,0.928,0.095,0.207,0.687,0.642,0.872,0.623,0.491,0.786,0.848,0.865,0.844,0.815,0.888,0.917,0.36,0.834,0.789,0.839,0.932,0.804,0.919,0.743
ASTE,0.76,0.026,0.935,0.807,0.936,-0.043,0.957,-0.108,0.826,0.928,0.927,0.758,0.0,0.77,0.618,0.915,0.866,0.884,0.502,0.434,0.532,0.751,0.912,0.819,0.957,0.955,0.94,0.152,0.749,0.973,0.854,0.926,0.549,0.833,0.77,-0.282,0.959,0.89,0.585,0.925,0.851,0.886,0.933,0.911,0.855,0.884,0.8,0.305,-0.626,0.889,0.869,0.947,0.971,0.765,0.429,-0.832,0.037,0.934,0.972,0.445,0.904,0.256,0.939,0.946,0.938,0.954,0.641,-0.374,-0.492,-0.694,0.724,0.676,-0.039,0.738,0.899,0.443,0.198,0.963,0.143,-0.833,0.984,-0.268,-0.868,0.727,0.501,0.848,0.462,0.642,0.96,0.869,0.776,0.888,0.613,-0.527,-0.305,0.162,0.915,-0.118,0.861,-0.384,0.489,0.948,-0.626,-0.665,0.879,0.891,0.948,0.974,0.943,0.891,0.778,0.86,0.944,0.868,0.483,0.923,0.789,0.541,0.748,0.506,0.965,0.461,0.895,0.6,-0.143,0.908,0.918,0.577,0.822,0.913,-0.696,0.705,0.87,0.947,0.936,0.87,0.916,0.891,-0.188,0.074,0.859,0.85,0.849,-0.643,0.803,0.694,0.937,0.95,0.889,0.248,0.973,-0.668,0.901,0.815,0.931,0.932,-0.263,0.898,0.671,0.33,0.835,0.934,0.89,0.957,0.905,0.515,0.89,0.873,0.78,0.951,0.972,-0.363,0.206,0.942,0.223,0.885,0.96,0.86,0.533,0.43,0.905,0.605,0.777,0.903,0.57,0.96,0.956,0.932,0.816,0.957,0.754,0.843,0.231,0.925,0.96,0.918,0.777,0.837,0.903,0.958
AUPH,0.437,-0.062,0.666,0.638,0.683,-0.149,0.757,-0.146,0.497,0.65,0.799,0.578,0.77,0.0,0.711,0.69,0.79,0.756,0.196,0.241,0.246,0.721,0.596,0.752,0.687,0.685,0.669,0.134,0.539,0.756,0.663,0.694,0.435,0.829,0.68,-0.195,0.757,0.651,0.501,0.769,0.693,0.731,0.699,0.813,0.645,0.883,0.677,0.02,-0.546,0.733,0.638,0.668,0.751,0.592,0.281,-0.821,0.132,0.729,0.779,0.001,0.684,0.238,0.662,0.672,0.695,0.868,0.498,-0.161,-0.187,-0.433,0.663,0.561,0.216,0.607,0.676,0.445,0.145,0.73,-0.04,-0.696,0.765,-0.009,-0.714,0.645,0.096,0.422,0.346,0.508,0.682,0.613,0.562,0.589,0.666,-0.468,-0.092,-0.232,0.674,0.014,0.627,-0.433,0.312,0.655,-0.411,-0.691,0.499,0.682,0.745,0.729,0.759,0.58,0.657,0.595,0.784,0.656,0.364,0.695,0.588,0.5,0.664,0.595,0.752,0.635,0.691,0.37,0.205,0.604,0.67,0.757,0.557,0.75,-0.478,0.522,0.714,0.775,0.687,0.684,0.766,0.674,-0.146,-0.14,0.537,0.826,0.561,-0.561,0.721,0.563,0.679,0.646,0.709,0.248,0.715,-0.557,0.665,0.728,0.637,0.841,-0.108,0.52,0.408,0.247,0.552,0.642,0.774,0.673,0.659,0.336,0.614,0.539,0.471,0.771,0.709,-0.357,0.445,0.66,-0.028,0.693,0.726,0.639,0.317,0.073,0.516,0.294,0.609,0.791,0.432,0.724,0.652,0.753,0.616,0.67,0.601,0.522,0.122,0.639,0.834,0.602,0.596,0.57,0.714,0.711
AVXL,0.216,-0.177,0.575,0.619,0.48,-0.103,0.558,-0.049,0.494,0.557,0.641,0.347,0.618,0.711,0.0,0.552,0.521,0.59,0.426,0.116,0.444,0.463,0.527,0.835,0.547,0.58,0.501,0.129,0.468,0.605,0.626,0.597,0.3,0.659,0.517,-0.195,0.609,0.619,0.304,0.645,0.565,0.519,0.581,0.716,0.584,0.764,0.431,0.238,-0.377,0.525,0.529,0.57,0.655,0.405,0.355,-0.535,-0.202,0.593,0.55,0.041,0.598,0.014,0.55,0.57,0.608,0.653,0.457,-0.151,-0.34,-0.35,0.36,0.474,0.129,0.61,0.554,0.053,-0.011,0.517,0.109,-0.498,0.616,-0.131,-0.542,0.42,0.041,0.364,0.139,0.4,0.59,0.382,0.433,0.435,0.453,-0.166,-0.034,-0.235,0.629,0.092,0.488,-0.268,0.18,0.541,-0.213,-0.461,0.466,0.495,0.647,0.621,0.601,0.454,0.525,0.601,0.6,0.58,0.207,0.554,0.553,0.517,0.462,0.515,0.661,0.495,0.561,0.286,0.041,0.544,0.515,0.606,0.504,0.681,-0.38,0.343,0.531,0.627,0.555,0.651,0.627,0.512,0.026,-0.213,0.477,0.614,0.475,-0.363,0.623,0.389,0.613,0.58,0.535,0.117,0.589,-0.512,0.515,0.735,0.587,0.61,-0.157,0.44,0.37,0.108,0.442,0.628,0.648,0.557,0.506,0.235,0.515,0.529,0.369,0.645,0.611,-0.214,0.212,0.6,0.102,0.54,0.563,0.487,0.397,0.119,0.461,0.322,0.526,0.582,0.334,0.606,0.513,0.651,0.426,0.514,0.417,0.346,0.196,0.581,0.592,0.426,0.445,0.359,0.489,0.647
AZTA,0.869,0.35,0.881,0.825,0.957,0.146,0.975,-0.29,0.868,0.925,0.939,0.904,0.915,0.69,0.552,0.0,0.931,0.915,0.563,0.696,0.479,0.702,0.913,0.832,0.927,0.896,0.974,-0.125,0.93,0.889,0.888,0.948,0.606,0.623,0.866,-0.022,0.943,0.861,0.822,0.81,0.865,0.973,0.978,0.931,0.749,0.814,0.938,0.169,-0.679,0.965,0.966,0.95,0.944,0.928,0.264,-0.807,0.183,0.916,0.927,0.371,0.891,0.249,0.96,0.955,0.821,0.856,0.56,-0.152,-0.408,-0.816,0.858,0.812,-0.15,0.806,0.93,0.628,0.279,0.904,0.001,-0.69,0.922,-0.212,-0.886,0.883,0.66,0.805,0.732,0.786,0.964,0.885,0.915,0.77,0.751,-0.597,-0.159,0.201,0.877,-0.289,0.958,-0.524,0.756,0.939,-0.806,-0.727,0.836,0.98,0.949,0.944,0.957,0.906,0.933,0.74,0.957,0.941,0.75,0.989,0.759,0.664,0.908,0.643,0.937,0.507,0.986,0.826,0.011,0.954,0.989,0.675,0.648,0.778,-0.823,0.872,0.97,0.954,0.878,0.932,0.938,0.978,-0.495,0.217,0.75,0.849,0.96,-0.381,0.643,0.869,0.94,0.918,0.958,0.506,0.936,-0.603,0.982,0.627,0.905,0.878,-0.07,0.856,0.71,0.586,0.958,0.9,0.845,0.951,0.988,0.73,0.973,0.894,0.881,0.885,0.932,-0.281,-0.058,0.924,0.501,0.954,0.979,0.966,0.328,0.298,0.851,0.697,0.939,0.806,0.506,0.935,0.962,0.975,0.871,0.913,0.888,0.947,0.371,0.95,0.9,0.941,0.931,0.856,0.97,0.909
BAND,0.831,0.397,0.795,0.763,0.926,0.131,0.947,-0.307,0.751,0.825,0.917,0.911,0.866,0.79,0.521,0.931,0.0,0.902,0.354,0.679,0.321,0.789,0.8,0.759,0.869,0.816,0.901,-0.169,0.855,0.854,0.799,0.876,0.595,0.645,0.833,-0.009,0.891,0.757,0.801,0.806,0.808,0.975,0.904,0.911,0.684,0.845,0.92,0.037,-0.667,0.944,0.885,0.867,0.872,0.933,0.145,-0.861,0.322,0.856,0.919,0.227,0.851,0.269,0.873,0.876,0.739,0.84,0.475,-0.058,-0.177,-0.733,0.881,0.738,-0.042,0.727,0.852,0.721,0.379,0.874,-0.103,-0.669,0.874,-0.138,-0.846,0.874,0.527,0.673,0.744,0.765,0.885,0.88,0.865,0.694,0.81,-0.63,-0.109,0.096,0.775,-0.19,0.897,-0.474,0.72,0.853,-0.751,-0.768,0.732,0.939,0.87,0.865,0.887,0.809,0.892,0.626,0.92,0.871,0.705,0.934,0.712,0.647,0.898,0.632,0.86,0.635,0.92,0.756,0.147,0.832,0.941,0.766,0.585,0.708,-0.763,0.859,0.931,0.926,0.826,0.842,0.905,0.927,-0.47,0.204,0.673,0.887,0.851,-0.455,0.621,0.841,0.853,0.827,0.916,0.566,0.863,-0.584,0.92,0.555,0.784,0.894,0.005,0.723,0.611,0.629,0.889,0.781,0.831,0.876,0.928,0.694,0.892,0.763,0.787,0.825,0.842,-0.242,0.134,0.839,0.418,0.912,0.925,0.926,0.2,0.196,0.722,0.564,0.876,0.757,0.486,0.855,0.888,0.916,0.833,0.86,0.881,0.876,0.302,0.863,0.915,0.869,0.901,0.807,0.952,0.831
BECN,0.709,0.234,0.76,0.779,0.876,0.194,0.936,-0.432,0.665,0.798,0.872,0.816,0.884,0.756,0.59,0.915,0.902,0.0,0.444,0.661,0.447,0.807,0.767,0.773,0.826,0.779,0.89,-0.112,0.867,0.809,0.824,0.855,0.647,0.687,0.857,0.075,0.887,0.766,0.798,0.833,0.842,0.927,0.902,0.928,0.777,0.886,0.903,-0.018,-0.663,0.936,0.905,0.872,0.878,0.859,0.345,-0.842,0.275,0.864,0.864,0.261,0.824,0.325,0.904,0.855,0.737,0.873,0.558,-0.155,-0.312,-0.781,0.859,0.72,0.01,0.885,0.842,0.617,0.304,0.827,-0.09,-0.633,0.91,-0.059,-0.763,0.831,0.477,0.679,0.657,0.7,0.91,0.833,0.854,0.678,0.738,-0.677,-0.089,-0.07,0.78,0.004,0.866,-0.518,0.71,0.831,-0.767,-0.705,0.675,0.921,0.872,0.877,0.919,0.757,0.893,0.607,0.942,0.852,0.731,0.914,0.647,0.766,0.867,0.683,0.881,0.563,0.92,0.691,0.168,0.881,0.909,0.658,0.548,0.704,-0.701,0.773,0.916,0.911,0.806,0.907,0.962,0.915,-0.486,0.103,0.654,0.825,0.874,-0.47,0.798,0.733,0.824,0.835,0.941,0.409,0.871,-0.713,0.907,0.668,0.821,0.921,0.106,0.734,0.45,0.535,0.864,0.803,0.887,0.859,0.889,0.753,0.862,0.75,0.728,0.814,0.852,-0.363,0.052,0.848,0.394,0.93,0.898,0.896,0.341,0.125,0.696,0.468,0.856,0.801,0.566,0.853,0.861,0.916,0.779,0.831,0.836,0.838,0.386,0.848,0.93,0.842,0.832,0.7,0.929,0.823
BFC,0.476,0.078,0.561,0.578,0.512,0.19,0.497,0.063,0.654,0.637,0.511,0.403,0.502,0.196,0.426,0.563,0.354,0.444,0.0,0.321,0.726,0.162,0.637,0.641,0.59,0.593,0.571,0.031,0.596,0.514,0.691,0.618,0.179,0.288,0.49,-0.096,0.59,0.625,0.4,0.37,0.499,0.459,0.607,0.488,0.543,0.352,0.438,0.457,-0.238,0.487,0.582,0.646,0.579,0.424,0.279,-0.157,-0.295,0.507,0.456,0.426,0.548,0.044,0.585,0.649,0.58,0.395,0.486,-0.049,-0.594,-0.392,0.266,0.553,-0.143,0.567,0.645,0.123,0.029,0.485,0.268,-0.236,0.515,-0.386,-0.388,0.412,0.596,0.605,0.321,0.562,0.59,0.44,0.561,0.493,0.171,0.012,-0.044,0.337,0.604,-0.333,0.587,-0.22,0.423,0.616,-0.421,-0.214,0.606,0.511,0.567,0.583,0.536,0.552,0.547,0.585,0.496,0.594,0.407,0.572,0.488,0.357,0.435,0.404,0.618,0.113,0.593,0.552,-0.228,0.677,0.556,0.306,0.478,0.535,-0.456,0.472,0.518,0.518,0.586,0.603,0.501,0.525,-0.208,0.192,0.542,0.355,0.597,0.074,0.329,0.502,0.623,0.659,0.516,0.102,0.579,-0.294,0.566,0.487,0.663,0.353,-0.253,0.613,0.61,0.218,0.586,0.68,0.381,0.591,0.573,0.441,0.619,0.708,0.614,0.547,0.616,-0.226,-0.407,0.684,0.513,0.473,0.535,0.539,0.466,0.337,0.615,0.704,0.578,0.425,0.284,0.579,0.57,0.603,0.55,0.551,0.505,0.557,0.425,0.682,0.377,0.523,0.521,0.529,0.486,0.589
BGC,0.713,0.768,0.376,0.469,0.607,0.549,0.624,-0.591,0.502,0.475,0.547,0.76,0.434,0.241,0.116,0.696,0.679,0.661,0.321,0.0,0.152,0.415,0.494,0.406,0.472,0.392,0.614,-0.593,0.827,0.357,0.536,0.546,0.508,0.031,0.631,0.524,0.489,0.422,0.871,0.32,0.521,0.735,0.624,0.597,0.298,0.378,0.778,-0.219,-0.535,0.697,0.732,0.54,0.481,0.833,-0.036,-0.462,0.508,0.508,0.474,0.119,0.457,0.209,0.605,0.541,0.255,0.343,0.129,0.214,-0.044,-0.736,0.761,0.649,-0.233,0.641,0.54,0.721,0.399,0.425,-0.334,-0.108,0.474,0.034,-0.45,0.751,0.623,0.405,0.871,0.651,0.597,0.578,0.759,0.25,0.684,-0.587,0.057,0.108,0.368,-0.244,0.7,-0.475,0.906,0.515,-0.857,-0.507,0.398,0.738,0.511,0.485,0.576,0.532,0.777,0.151,0.597,0.656,0.891,0.675,0.351,0.649,0.776,0.537,0.478,0.366,0.7,0.797,0.237,0.632,0.693,0.485,0.085,0.18,-0.68,0.79,0.717,0.585,0.397,0.612,0.632,0.735,-0.791,0.371,0.261,0.497,0.741,0.082,0.204,0.716,0.497,0.463,0.689,0.67,0.479,-0.333,0.701,0.013,0.463,0.491,0.431,0.425,0.358,0.795,0.782,0.424,0.485,0.535,0.688,0.875,0.687,0.494,0.629,0.368,0.441,-0.022,-0.4,0.484,0.771,0.727,0.593,0.74,-0.179,-0.096,0.391,0.417,0.79,0.297,0.228,0.473,0.58,0.607,0.562,0.463,0.757,0.74,0.475,0.561,0.48,0.608,0.765,0.5,0.704,0.423
BHF,0.387,-0.117,0.56,0.717,0.475,0.154,0.458,0.223,0.513,0.561,0.407,0.328,0.532,0.246,0.444,0.479,0.321,0.447,0.726,0.152,0.0,0.32,0.542,0.599,0.597,0.585,0.556,0.447,0.483,0.544,0.58,0.541,0.373,0.484,0.537,-0.194,0.616,0.453,0.242,0.552,0.602,0.406,0.504,0.415,0.764,0.417,0.313,0.497,-0.036,0.423,0.413,0.646,0.564,0.254,0.383,-0.084,-0.294,0.482,0.485,0.426,0.562,0.412,0.528,0.605,0.61,0.471,0.753,-0.048,-0.457,-0.183,0.218,0.227,0.265,0.47,0.656,-0.006,0.134,0.55,0.474,-0.306,0.527,-0.219,-0.251,0.215,0.477,0.631,0.148,0.525,0.538,0.507,0.434,0.643,0.039,0.071,-0.216,0.351,0.61,-0.081,0.487,0.149,0.281,0.6,-0.261,-0.001,0.576,0.394,0.513,0.553,0.441,0.525,0.338,0.639,0.431,0.396,0.202,0.503,0.506,0.426,0.275,0.325,0.577,0.281,0.462,0.342,-0.054,0.618,0.461,0.202,0.515,0.544,-0.15,0.233,0.36,0.47,0.679,0.559,0.529,0.396,0.048,0.293,0.68,0.478,0.486,-0.292,0.572,0.27,0.553,0.669,0.515,0.074,0.598,-0.368,0.523,0.555,0.696,0.42,-0.167,0.645,0.388,0.191,0.457,0.638,0.409,0.59,0.471,0.36,0.468,0.69,0.563,0.524,0.62,-0.073,-0.076,0.681,0.209,0.363,0.495,0.448,0.757,0.616,0.577,0.466,0.36,0.523,0.605,0.553,0.527,0.544,0.623,0.565,0.401,0.448,0.529,0.66,0.456,0.534,0.342,0.493,0.449,0.552
BHFAL,0.562,0.187,0.591,0.712,0.719,0.209,0.762,-0.269,0.408,0.556,0.677,0.671,0.751,0.721,0.463,0.702,0.789,0.807,0.162,0.415,0.32,0.0,0.497,0.545,0.676,0.624,0.715,0.071,0.618,0.697,0.543,0.601,0.648,0.697,0.701,-0.06,0.742,0.451,0.582,0.804,0.721,0.765,0.657,0.717,0.713,0.825,0.684,-0.089,-0.434,0.755,0.61,0.697,0.68,0.673,0.153,-0.708,0.334,0.636,0.762,0.282,0.732,0.357,0.66,0.656,0.589,0.775,0.554,-0.06,0.021,-0.473,0.703,0.406,0.286,0.615,0.701,0.576,0.591,0.735,-0.023,-0.597,0.772,0.119,-0.577,0.57,0.24,0.55,0.493,0.491,0.693,0.788,0.666,0.577,0.67,-0.543,-0.169,-0.108,0.6,0.152,0.635,-0.136,0.516,0.652,-0.426,-0.495,0.493,0.706,0.651,0.665,0.67,0.53,0.623,0.448,0.724,0.559,0.48,0.698,0.494,0.666,0.682,0.459,0.66,0.73,0.671,0.461,0.314,0.598,0.706,0.569,0.422,0.537,-0.435,0.568,0.651,0.717,0.711,0.681,0.791,0.651,-0.262,0.209,0.664,0.797,0.565,-0.649,0.768,0.522,0.593,0.665,0.804,0.37,0.74,-0.702,0.701,0.488,0.602,0.845,0.195,0.562,0.216,0.457,0.596,0.592,0.718,0.684,0.668,0.61,0.592,0.51,0.554,0.585,0.686,-0.237,0.378,0.68,0.123,0.674,0.702,0.704,0.337,0.165,0.51,0.176,0.576,0.641,0.686,0.63,0.669,0.707,0.711,0.738,0.668,0.609,0.198,0.655,0.866,0.655,0.606,0.563,0.811,0.628
BKNG,0.82,0.142,0.949,0.71,0.911,-0.044,0.903,-0.061,0.963,0.967,0.908,0.763,0.912,0.596,0.527,0.913,0.8,0.767,0.637,0.494,0.542,0.497,0.0,0.805,0.944,0.947,0.933,0.059,0.777,0.922,0.886,0.957,0.425,0.633,0.71,-0.213,0.902,0.938,0.59,0.793,0.763,0.843,0.933,0.856,0.712,0.72,0.774,0.468,-0.632,0.827,0.894,0.928,0.95,0.775,0.399,-0.719,-0.066,0.931,0.9,0.497,0.854,0.107,0.948,0.956,0.896,0.83,0.56,-0.378,-0.648,-0.762,0.67,0.751,-0.304,0.698,0.868,0.4,0.047,0.898,0.205,-0.725,0.897,-0.434,-0.872,0.749,0.644,0.894,0.517,0.676,0.94,0.791,0.806,0.849,0.511,-0.421,-0.23,0.391,0.939,-0.379,0.906,-0.465,0.526,0.953,-0.696,-0.655,0.953,0.876,0.95,0.961,0.911,0.964,0.795,0.893,0.891,0.923,0.527,0.926,0.84,0.449,0.729,0.479,0.951,0.251,0.903,0.722,-0.306,0.938,0.92,0.493,0.832,0.863,-0.804,0.748,0.885,0.917,0.877,0.861,0.806,0.894,-0.259,0.167,0.811,0.729,0.914,-0.415,0.587,0.762,0.979,0.94,0.81,0.291,0.918,-0.526,0.9,0.736,0.94,0.759,-0.4,0.936,0.853,0.344,0.897,0.957,0.79,0.956,0.93,0.484,0.95,0.954,0.861,0.943,0.948,-0.322,-0.026,0.921,0.429,0.858,0.95,0.862,0.474,0.491,0.956,0.801,0.838,0.805,0.393,0.97,0.963,0.909,0.77,0.919,0.734,0.885,0.287,0.938,0.808,0.933,0.83,0.852,0.836,0.966
BL,0.595,0.047,0.791,0.832,0.765,0.0,0.817,-0.075,0.762,0.829,0.864,0.652,0.819,0.752,0.835,0.832,0.759,0.773,0.641,0.406,0.599,0.545,0.805,0.0,0.815,0.838,0.796,0.044,0.765,0.814,0.86,0.848,0.399,0.682,0.745,-0.181,0.855,0.828,0.578,0.763,0.824,0.786,0.864,0.871,0.733,0.822,0.729,0.302,-0.524,0.794,0.81,0.842,0.868,0.687,0.326,-0.658,-0.06,0.79,0.789,0.198,0.799,0.14,0.805,0.839,0.812,0.794,0.579,-0.11,-0.466,-0.566,0.6,0.736,0.023,0.754,0.837,0.304,0.06,0.769,0.08,-0.642,0.804,-0.236,-0.765,0.707,0.42,0.638,0.426,0.705,0.83,0.66,0.712,0.673,0.609,-0.346,-0.08,0.037,0.823,-0.188,0.779,-0.431,0.493,0.823,-0.505,-0.624,0.712,0.781,0.862,0.841,0.841,0.74,0.79,0.763,0.83,0.824,0.501,0.83,0.668,0.58,0.736,0.703,0.88,0.536,0.835,0.609,-0.013,0.82,0.798,0.7,0.637,0.835,-0.631,0.64,0.798,0.839,0.791,0.85,0.842,0.798,-0.223,-0.036,0.663,0.776,0.766,-0.333,0.643,0.723,0.856,0.826,0.788,0.317,0.822,-0.564,0.807,0.763,0.822,0.779,-0.229,0.714,0.679,0.344,0.744,0.851,0.78,0.826,0.806,0.477,0.813,0.815,0.687,0.853,0.845,-0.239,0.014,0.846,0.331,0.788,0.825,0.771,0.433,0.266,0.739,0.632,0.794,0.758,0.389,0.842,0.789,0.894,0.731,0.764,0.711,0.695,0.305,0.851,0.769,0.733,0.734,0.704,0.765,0.847
BOKF,0.852,0.147,0.946,0.819,0.966,-0.016,0.943,0.011,0.894,0.965,0.926,0.811,0.957,0.687,0.547,0.927,0.869,0.826,0.59,0.472,0.597,0.676,0.944,0.815,0.0,0.978,0.957,0.142,0.787,0.974,0.875,0.947,0.484,0.751,0.779,-0.307,0.977,0.89,0.602,0.866,0.847,0.896,0.946,0.866,0.834,0.79,0.803,0.384,-0.539,0.893,0.867,0.978,0.959,0.791,0.327,-0.739,-0.009,0.904,0.975,0.494,0.929,0.246,0.927,0.984,0.945,0.884,0.654,-0.252,-0.466,-0.65,0.686,0.695,-0.068,0.676,0.938,0.473,0.222,0.979,0.179,-0.798,0.948,-0.395,-0.859,0.742,0.661,0.883,0.53,0.746,0.94,0.911,0.805,0.922,0.578,-0.412,-0.236,0.363,0.919,-0.256,0.894,-0.328,0.548,0.968,-0.641,-0.631,0.925,0.896,0.931,0.965,0.911,0.919,0.783,0.878,0.91,0.872,0.508,0.935,0.825,0.482,0.761,0.496,0.951,0.435,0.904,0.69,-0.171,0.924,0.937,0.583,0.847,0.899,-0.696,0.77,0.87,0.93,0.977,0.848,0.874,0.898,-0.212,0.197,0.874,0.833,0.859,-0.519,0.685,0.78,0.96,0.974,0.877,0.332,0.962,-0.548,0.923,0.743,0.936,0.868,-0.328,0.921,0.793,0.402,0.878,0.948,0.807,0.974,0.933,0.531,0.924,0.922,0.852,0.937,0.973,-0.282,0.112,0.978,0.328,0.857,0.962,0.881,0.518,0.526,0.936,0.755,0.795,0.863,0.539,0.958,0.974,0.933,0.882,0.972,0.809,0.901,0.283,0.974,0.902,0.943,0.828,0.922,0.905,0.953
BRKR,0.785,0.03,0.939,0.796,0.922,-0.087,0.922,0.06,0.888,0.956,0.924,0.741,0.955,0.685,0.58,0.896,0.816,0.779,0.593,0.392,0.585,0.624,0.947,0.838,0.978,0.0,0.927,0.185,0.733,0.968,0.875,0.926,0.421,0.759,0.713,-0.375,0.949,0.906,0.525,0.857,0.835,0.85,0.927,0.852,0.818,0.781,0.752,0.431,-0.564,0.856,0.853,0.954,0.953,0.733,0.384,-0.73,-0.049,0.887,0.951,0.499,0.894,0.187,0.906,0.963,0.965,0.883,0.62,-0.322,-0.539,-0.633,0.626,0.71,-0.102,0.662,0.91,0.353,0.135,0.953,0.165,-0.821,0.933,-0.416,-0.865,0.724,0.605,0.875,0.419,0.679,0.928,0.848,0.744,0.919,0.535,-0.385,-0.279,0.327,0.913,-0.279,0.842,-0.341,0.46,0.96,-0.574,-0.653,0.917,0.863,0.921,0.953,0.909,0.904,0.744,0.895,0.898,0.868,0.439,0.901,0.784,0.409,0.707,0.473,0.946,0.368,0.868,0.622,-0.276,0.905,0.899,0.547,0.872,0.937,-0.706,0.708,0.838,0.911,0.946,0.823,0.84,0.867,-0.145,0.115,0.862,0.791,0.831,-0.531,0.677,0.74,0.951,0.96,0.835,0.241,0.954,-0.543,0.888,0.781,0.928,0.849,-0.406,0.916,0.807,0.285,0.828,0.953,0.818,0.956,0.894,0.452,0.899,0.916,0.798,0.947,0.965,-0.322,0.113,0.953,0.274,0.839,0.94,0.832,0.526,0.522,0.953,0.738,0.763,0.849,0.468,0.949,0.955,0.913,0.825,0.955,0.768,0.855,0.202,0.944,0.873,0.913,0.77,0.886,0.859,0.956
CACC,0.878,0.266,0.913,0.825,0.958,0.115,0.97,-0.213,0.879,0.939,0.912,0.88,0.94,0.669,0.501,0.974,0.901,0.89,0.571,0.614,0.556,0.715,0.933,0.796,0.957,0.927,0.0,0.017,0.882,0.923,0.879,0.954,0.613,0.671,0.85,-0.104,0.961,0.849,0.746,0.853,0.869,0.942,0.959,0.896,0.794,0.801,0.892,0.281,-0.638,0.933,0.928,0.972,0.957,0.868,0.309,-0.77,0.132,0.926,0.948,0.463,0.905,0.293,0.967,0.972,0.866,0.877,0.631,-0.215,-0.451,-0.777,0.82,0.739,-0.113,0.763,0.946,0.58,0.288,0.94,0.111,-0.713,0.938,-0.214,-0.856,0.818,0.663,0.883,0.658,0.743,0.973,0.911,0.899,0.848,0.66,-0.558,-0.248,0.286,0.912,-0.291,0.951,-0.427,0.689,0.973,-0.768,-0.662,0.889,0.948,0.949,0.955,0.938,0.935,0.866,0.797,0.943,0.911,0.673,0.975,0.776,0.619,0.847,0.559,0.949,0.46,0.955,0.782,-0.064,0.96,0.976,0.579,0.709,0.807,-0.784,0.816,0.93,0.946,0.921,0.917,0.919,0.941,-0.403,0.268,0.84,0.847,0.943,-0.479,0.686,0.805,0.947,0.951,0.947,0.444,0.966,-0.634,0.975,0.673,0.942,0.868,-0.147,0.92,0.718,0.528,0.929,0.928,0.836,0.979,0.975,0.681,0.959,0.927,0.909,0.904,0.964,-0.294,0.001,0.948,0.44,0.913,0.982,0.944,0.451,0.432,0.897,0.681,0.879,0.829,0.564,0.955,0.98,0.959,0.902,0.961,0.847,0.941,0.377,0.966,0.917,0.968,0.885,0.881,0.959,0.932
CAR,-0.174,-0.636,0.214,0.141,-0.035,-0.433,-0.059,0.567,0.013,0.077,-0.076,-0.29,0.152,0.134,0.129,-0.125,-0.169,-0.112,0.031,-0.593,0.447,0.071,0.059,0.044,0.142,0.185,0.017,0.0,-0.331,0.217,-0.048,-0.01,0.026,0.437,-0.059,-0.508,0.122,0.001,-0.484,0.305,0.107,-0.177,-0.101,-0.095,0.345,0.092,-0.305,0.548,0.273,-0.167,-0.249,0.089,0.108,-0.401,0.384,0.133,-0.443,0.068,0.118,0.274,0.105,0.259,-0.024,0.059,0.291,0.218,0.492,-0.332,-0.233,0.377,-0.267,-0.421,0.406,-0.205,0.069,-0.426,-0.107,0.192,0.62,-0.248,0.119,-0.057,0.094,-0.396,-0.187,0.203,-0.551,-0.157,-0.018,0.031,-0.248,0.405,-0.372,0.34,-0.357,0.205,0.223,0.127,-0.147,0.476,-0.515,0.086,0.403,0.323,0.181,-0.212,0.057,0.1,-0.064,0.104,-0.368,0.406,-0.071,-0.216,-0.564,-0.102,0.177,-0.153,-0.394,-0.259,0.102,-0.04,-0.181,-0.392,-0.194,-0.033,-0.143,-0.265,0.397,0.296,0.387,-0.424,-0.244,-0.012,0.244,-0.043,-0.059,-0.221,0.668,0.024,0.378,0.118,-0.177,-0.533,0.347,-0.354,0.059,0.162,-0.105,-0.365,0.133,-0.03,-0.081,0.437,0.205,0.056,-0.414,0.213,-0.006,-0.433,-0.232,0.155,0.047,0.098,-0.132,-0.421,-0.157,0.135,-0.046,0.174,0.165,0.039,0.534,0.126,-0.553,-0.228,0.001,-0.199,0.705,0.638,0.188,-0.099,-0.348,0.284,0.376,0.106,0.032,-0.045,0.079,0.141,-0.277,-0.201,-0.066,0.059,0.101,0.036,-0.321,0.05,-0.124,0.147
CDNA,0.834,0.541,0.711,0.795,0.85,0.386,0.872,-0.399,0.76,0.794,0.817,0.899,0.749,0.539,0.468,0.93,0.855,0.867,0.596,0.827,0.483,0.618,0.777,0.765,0.787,0.733,0.882,-0.331,0.0,0.707,0.834,0.851,0.579,0.4,0.868,0.185,0.829,0.72,0.922,0.633,0.794,0.915,0.895,0.84,0.646,0.686,0.931,0.022,-0.57,0.91,0.922,0.853,0.806,0.925,0.097,-0.644,0.285,0.764,0.766,0.265,0.781,0.255,0.867,0.844,0.633,0.673,0.494,0.092,-0.285,-0.792,0.835,0.804,-0.119,0.821,0.865,0.693,0.354,0.743,-0.101,-0.466,0.772,-0.123,-0.736,0.878,0.699,0.685,0.844,0.831,0.863,0.794,0.936,0.575,0.762,-0.573,0.007,0.161,0.729,-0.297,0.921,-0.509,0.903,0.827,-0.837,-0.618,0.683,0.923,0.817,0.8,0.847,0.763,0.947,0.541,0.844,0.874,0.888,0.917,0.608,0.741,0.93,0.723,0.807,0.521,0.939,0.902,0.173,0.898,0.916,0.666,0.405,0.571,-0.779,0.888,0.913,0.833,0.745,0.889,0.886,0.918,-0.679,0.284,0.603,0.743,0.919,-0.139,0.502,0.88,0.814,0.794,0.923,0.635,0.804,-0.58,0.929,0.432,0.781,0.751,0.137,0.727,0.607,0.737,0.93,0.771,0.702,0.828,0.917,0.865,0.909,0.803,0.859,0.704,0.787,-0.187,-0.296,0.824,0.674,0.885,0.856,0.94,0.175,0.141,0.692,0.654,0.94,0.626,0.466,0.791,0.835,0.903,0.834,0.774,0.895,0.907,0.486,0.864,0.759,0.825,0.93,0.749,0.914,0.75
CG,0.771,0.029,0.963,0.799,0.931,-0.138,0.93,0.029,0.866,0.945,0.914,0.742,0.973,0.756,0.605,0.889,0.854,0.809,0.514,0.357,0.544,0.697,0.922,0.814,0.974,0.968,0.923,0.217,0.707,0.0,0.838,0.933,0.487,0.822,0.743,-0.374,0.96,0.887,0.527,0.909,0.827,0.858,0.911,0.869,0.837,0.847,0.762,0.405,-0.561,0.853,0.82,0.941,0.967,0.733,0.364,-0.787,-0.04,0.916,0.979,0.439,0.91,0.243,0.906,0.947,0.952,0.923,0.656,-0.354,-0.477,-0.62,0.665,0.639,-0.031,0.635,0.894,0.413,0.155,0.98,0.219,-0.856,0.951,-0.356,-0.881,0.691,0.522,0.841,0.429,0.671,0.929,0.866,0.743,0.921,0.571,-0.44,-0.283,0.266,0.931,-0.197,0.844,-0.332,0.437,0.951,-0.562,-0.631,0.915,0.856,0.939,0.965,0.902,0.903,0.736,0.911,0.9,0.844,0.411,0.907,0.821,0.456,0.699,0.473,0.956,0.433,0.869,0.588,-0.174,0.877,0.9,0.577,0.866,0.932,-0.661,0.685,0.835,0.927,0.956,0.837,0.858,0.854,-0.132,0.097,0.877,0.846,0.811,-0.624,0.728,0.7,0.951,0.954,0.839,0.275,0.958,-0.57,0.881,0.82,0.926,0.886,-0.384,0.896,0.748,0.309,0.808,0.938,0.834,0.954,0.893,0.429,0.877,0.896,0.793,0.963,0.965,-0.291,0.236,0.944,0.202,0.825,0.949,0.836,0.545,0.527,0.92,0.67,0.736,0.902,0.546,0.957,0.945,0.915,0.821,0.955,0.722,0.825,0.189,0.932,0.927,0.904,0.765,0.868,0.867,0.958
CGBD,0.717,0.116,0.806,0.756,0.837,0.101,0.886,-0.187,0.823,0.891,0.903,0.746,0.854,0.663,0.626,0.888,0.799,0.824,0.691,0.536,0.58,0.543,0.886,0.86,0.875,0.875,0.879,-0.048,0.834,0.838,0.0,0.915,0.452,0.668,0.763,-0.117,0.891,0.884,0.675,0.715,0.781,0.85,0.912,0.879,0.756,0.755,0.808,0.238,-0.63,0.869,0.913,0.907,0.885,0.78,0.355,-0.716,0.006,0.845,0.839,0.28,0.808,0.212,0.886,0.92,0.855,0.807,0.509,-0.166,-0.521,-0.717,0.704,0.836,-0.156,0.818,0.87,0.402,0.071,0.815,-0.016,-0.618,0.869,-0.303,-0.78,0.829,0.565,0.729,0.525,0.727,0.906,0.749,0.799,0.736,0.565,-0.449,-0.128,0.116,0.823,-0.274,0.858,-0.543,0.59,0.888,-0.714,-0.709,0.77,0.876,0.871,0.89,0.909,0.804,0.863,0.733,0.904,0.924,0.621,0.886,0.684,0.534,0.79,0.642,0.903,0.397,0.892,0.681,-0.136,0.922,0.882,0.678,0.688,0.825,-0.777,0.741,0.891,0.879,0.838,0.851,0.866,0.895,-0.351,0.043,0.679,0.732,0.875,-0.271,0.63,0.763,0.892,0.89,0.851,0.272,0.882,-0.56,0.88,0.714,0.876,0.791,-0.188,0.789,0.722,0.372,0.847,0.879,0.806,0.868,0.884,0.612,0.898,0.857,0.766,0.878,0.889,-0.45,-0.11,0.895,0.438,0.881,0.882,0.843,0.407,0.235,0.801,0.706,0.848,0.755,0.375,0.885,0.876,0.909,0.775,0.842,0.822,0.837,0.399,0.908,0.799,0.831,0.8,0.783,0.838,0.871
CHI,0.827,0.208,0.933,0.794,0.929,0.008,0.943,-0.153,0.925,0.96,0.934,0.829,0.926,0.694,0.597,0.948,0.876,0.855,0.618,0.546,0.541,0.601,0.957,0.848,0.947,0.926,0.954,-0.01,0.851,0.933,0.915,0.0,0.523,0.686,0.82,-0.152,0.947,0.921,0.695,0.814,0.807,0.904,0.958,0.911,0.761,0.799,0.857,0.327,-0.645,0.896,0.918,0.951,0.964,0.839,0.328,-0.78,0.024,0.939,0.931,0.371,0.889,0.215,0.955,0.965,0.888,0.853,0.592,-0.27,-0.516,-0.77,0.763,0.77,-0.172,0.742,0.91,0.509,0.115,0.918,0.139,-0.733,0.919,-0.324,-0.886,0.806,0.628,0.834,0.6,0.746,0.96,0.836,0.858,0.827,0.621,-0.509,-0.184,0.262,0.927,-0.321,0.942,-0.495,0.607,0.957,-0.748,-0.69,0.905,0.919,0.961,0.967,0.936,0.93,0.87,0.848,0.933,0.941,0.607,0.963,0.818,0.566,0.808,0.562,0.964,0.395,0.951,0.756,-0.123,0.955,0.955,0.628,0.757,0.859,-0.788,0.784,0.93,0.95,0.903,0.91,0.885,0.931,-0.344,0.139,0.792,0.811,0.93,-0.418,0.647,0.797,0.973,0.941,0.879,0.39,0.936,-0.58,0.938,0.747,0.94,0.828,-0.265,0.895,0.781,0.451,0.91,0.94,0.827,0.957,0.959,0.575,0.958,0.93,0.878,0.949,0.952,-0.314,-0.007,0.94,0.426,0.896,0.968,0.921,0.439,0.406,0.896,0.749,0.876,0.846,0.456,0.97,0.956,0.956,0.825,0.917,0.803,0.894,0.353,0.958,0.876,0.926,0.88,0.862,0.893,0.949
