,ACET,ADAP,ADI,ADPT,ADTN,AGEN,ALGN,ALLK,AMD,AMWD,ARDX,ARQT,ASTE,AUPH,AVXL,AZTA,BAND,BECN,BFC,BGC,BHF,BHFAL,BKNG,BL,BOKF,BRKR,CACC,CAR,CDNA,CG,CGBD,CHI,CHTR,CHX,CLNE,CME,CNOB,CNXN,CPRX,CSGP,CSGS,CSIQ,CVCO,CVLT,CYRX,DDOG,DOOO,DSGX,DTIL,ECPG,EEFT,EFSC,ENTG,ESPR,ETSY,EXC,FAMI,FFIV,FITB,FIZZ,FMBH,FOX,FTNT,FULT,GABC,GEN,GH,GMAB,GNPX,GO,GOGL,GOOG,GPRO,GSHD,GSM,GWAV,HAIN,HBAN,HEPA,HURN,HWKN,IBIO,ICFI,IGMS,IMKTA,INCY,INO,IRDM,IRTC,IRWD,ITCI,JACK,JD,JJSF,KALA,KHC,KLAC,KRRO,KRYS,LANC,LBTYA,LIVN,LKCO,LNTH,LOGI,LPRO,LRCX,LSCC,LSTR,MAR,MARA,MCHP,MEOH,META,MGTX,MKSI,MMYT,MORN,MRUS,MTLS,MTSI,MVIS,MXL,NBIX,NFE,NMIH,NMRK,NNDM,NSIT,NTCT,NVAX,OCUL,ODP,OLED,ONB,OTEX,PACB,PATK,PAYX,PEP,PERI,PI,PLYA,PRDO,PRGS,PTGX,QCOM,QCRH,QDEL,QFIN,RGEN,RILY,RPAY,RPD,SABR,SEDG,SHEN,SIRI,SLNO,SNDL,SNEX,SONO,SPT,SSNC,STGW,STKL,STRL,STX,SWTX,SYNA,TFSL,TIGR,TNXP,TOWN,TRI,TRIP,TRMB,TRNS,TRS,TSCO,TSEM,TVTX,TXRH,VC,VCEL,VECO,VIAV,VICR,VIR,VRTX,VSTM,VTRS,WDFC,WSBC,WSC,WYNN,XENE,XNCR,XRAY,ZS
ACET,0.0,-0.336,-0.027,-0.224,0.001,-0.094,-0.003,0.265,0.187,0.073,0.45,-0.126,-0.228,0.149,-0.124,0.345,0.273,-0.42,0.115,0.396,0.205,0.4,-0.075,0.092,-0.066,0.038,0.085,-0.012,-0.215,0.016,-0.173,0.367,-0.037,0.08,-0.365,0.238,0.177,-0.002,-0.256,0.257,-0.19,-0.016,0.019,0.152,-0.006,-0.312,-0.113,0.253,-0.065,-0.174,0.132,0.13,0.158,0.266,0.156,-0.051,0.413,0.083,0.091,-0.095,0.072,-0.091,-0.223,-0.027,0.099,-0.245,-0.336,0.074,0.216,0.121,0.103,0.17,-0.073,0.114,0.023,0.179,-0.353,0.091,0.103,0.043,0.217,0.075,0.364,0.089,-0.233,-0.2,-0.232,-0.017,-0.038,0.16,0.113,0.048,0.03,0.151,0.17,-0.255,0.045,0.023,0.127,0.064,0.148,0.082,-0.015,-0.077,-0.051,-0.176,0.092,-0.032,-0.03,0.118,0.462,0.031,-0.127,0.13,0.151,0.241,-0.009,0.324,-0.186,0.201,-0.004,0.098,0.359,0.385,0.01,0.241,0.058,-0.315,0.144,-0.067,-0.217,-0.032,0.144,0.204,0.02,-0.13,-0.367,-0.008,0.013,0.137,0.02,0.059,0.243,0.095,0.283,-0.091,-0.099,0.174,-0.148,-0.015,0.005,-0.346,0.239,0.096,-0.491,0.034,0.019,0.003,0.214,0.006,0.371,-0.023,-0.255,0.263,-0.107,-0.026,0.08,-0.17,0.241,0.222,-0.035,-0.191,0.428,0.138,0.118,-0.06,-0.219,0.093,-0.145,0.002,-0.021,0.21,0.088,0.024,0.07,0.088,-0.19,-0.015,0.002,-0.039,0.146,0.206,0.072,0.143,0.237,0.124,0.152,0.593,-0.02,-0.037
ADAP,-0.336,0.0,-0.72,-0.126,-0.352,-0.309,0.807,-0.569,-0.625,0.641,0.16,-0.218,0.28,-0.068,-0.094,0.301,-0.149,0.299,0.135,-0.271,0.616,0.259,-0.429,0.74,0.25,-0.193,0.522,0.216,-0.455,-0.442,-0.223,-0.495,-0.11,0.472,-0.336,-0.25,-0.253,-0.463,-0.194,0.623,0.435,-0.468,0.721,-0.458,0.721,0.092,0.592,-0.702,-0.581,0.148,-0.3,0.479,-0.082,-0.144,0.206,0.405,-0.053,-0.04,0.475,0.357,0.198,-0.453,0.178,0.556,-0.129,-0.394,-0.309,0.248,0.439,0.196,0.065,-0.631,0.717,-0.569,-0.47,-0.052,-0.012,0.366,0.513,0.212,-0.766,-0.746,0.333,-0.032,0.161,-0.446,0.779,0.393,0.768,0.52,0.382,0.51,0.324,-0.448,0.553,0.562,-0.642,0.618,-0.232,0.566,0.335,0.66,-0.722,-0.369,-0.688,-0.473,-0.641,-0.686,0.174,0.151,-0.613,-0.675,-0.39,-0.426,-0.032,-0.557,-0.181,-0.008,-0.348,0.532,-0.184,0.529,0.505,0.233,0.378,0.036,-0.155,-0.233,-0.421,-0.349,-0.497,-0.003,0.509,-0.506,0.492,0.417,0.243,-0.009,-0.296,0.054,0.575,-0.112,0.445,-0.149,0.203,-0.33,-0.653,0.116,0.13,0.024,0.484,0.494,0.467,0.462,0.002,0.563,-0.479,0.719,0.607,0.453,-0.018,0.697,0.232,0.278,-0.355,0.558,-0.322,-0.252,0.466,-0.218,0.265,-0.149,0.001,0.172,-0.593,0.514,0.442,-0.718,-0.066,-0.619,-0.544,-0.079,-0.434,0.707,-0.155,-0.603,0.462,-0.634,-0.531,-0.611,0.525,0.6,0.209,0.395,-0.344,0.329,0.63,-0.376,0.62,0.554
ADI,-0.027,-0.72,0.0,0.453,0.461,0.203,-0.887,0.688,0.847,-0.577,-0.344,0.648,-0.009,0.267,0.544,-0.638,0.22,0.061,0.031,0.344,-0.842,-0.218,0.719,-0.871,0.07,0.469,-0.619,-0.141,0.79,0.818,0.533,0.638,0.271,-0.485,0.723,0.385,0.503,0.807,0.564,-0.814,-0.334,0.487,-0.727,0.645,-0.88,0.065,-0.525,0.82,0.875,0.1,0.518,-0.386,0.259,0.356,-0.1,-0.124,-0.37,0.369,-0.325,-0.301,0.039,0.622,-0.023,-0.388,0.43,0.79,0.692,0.012,-0.443,-0.343,-0.095,0.824,-0.846,0.703,0.785,0.236,0.356,-0.106,-0.823,-0.379,0.828,0.714,-0.607,0.159,0.255,0.79,-0.393,-0.405,-0.909,-0.82,-0.547,-0.58,-0.153,0.592,-0.739,-0.5,0.924,-0.795,0.533,-0.663,-0.267,-0.706,0.887,0.628,0.957,0.818,0.905,0.923,0.055,-0.114,0.695,0.963,0.689,0.604,0.381,0.762,0.5,0.145,0.301,-0.566,0.296,-0.766,-0.687,-0.214,-0.355,-0.011,0.457,0.597,0.649,0.668,0.854,0.318,-0.783,0.628,-0.316,-0.451,0.164,0.096,0.627,0.173,-0.84,0.502,-0.772,0.157,-0.066,0.75,0.928,0.098,0.087,0.222,-0.282,-0.391,-0.728,-0.636,0.441,-0.743,0.73,-0.835,-0.803,-0.307,-0.166,-0.674,-0.237,-0.121,0.364,-0.671,0.565,0.665,-0.406,0.398,0.005,0.484,0.033,0.081,0.79,-0.649,-0.346,0.926,0.496,0.822,0.808,0.154,0.598,-0.689,0.371,0.857,-0.302,0.876,0.77,0.895,-0.454,-0.88,0.046,-0.221,0.424,-0.237,-0.879,0.062,-0.664,-0.324
ADPT,-0.224,-0.126,0.453,0.0,0.847,-0.431,-0.367,0.434,0.474,0.116,0.062,0.231,0.547,0.18,0.686,-0.453,0.732,-0.065,0.724,0.682,-0.508,0.26,0.784,-0.173,0.708,0.311,0.2,0.627,0.789,0.577,0.837,0.492,0.815,0.334,0.772,0.349,0.614,0.718,0.787,-0.387,-0.175,0.029,0.052,0.736,-0.56,-0.498,0.324,0.446,0.537,0.802,0.742,0.324,0.33,0.473,0.065,0.513,-0.501,0.749,0.478,0.569,0.61,0.79,-0.377,0.43,0.586,0.75,0.795,0.417,0.181,-0.817,0.441,0.503,-0.468,0.5,0.551,0.176,0.869,0.557,-0.639,-0.003,0.242,0.027,0.021,-0.204,0.575,0.741,0.029,-0.26,-0.515,-0.685,-0.758,-0.55,0.46,0.79,-0.196,-0.321,0.583,-0.643,0.235,0.114,0.408,-0.124,0.551,0.623,0.582,0.775,0.448,0.371,0.749,0.324,0.338,0.43,0.795,0.792,0.566,0.479,0.666,0.548,-0.132,-0.329,0.431,-0.468,-0.343,-0.315,0.372,0.61,0.615,0.507,0.807,0.525,0.695,0.591,-0.737,0.674,0.457,-0.57,0.698,0.695,0.688,0.524,-0.438,0.528,-0.7,0.48,0.43,0.759,0.5,0.592,0.654,0.776,0.381,-0.055,-0.126,-0.754,0.562,-0.613,0.832,-0.029,-0.39,0.479,0.313,0.009,-0.61,0.488,0.045,-0.174,0.841,0.883,-0.435,0.238,0.453,0.683,0.063,0.51,0.64,-0.751,-0.383,0.41,0.783,0.373,0.801,0.454,0.69,0.123,0.361,0.675,-0.219,0.334,0.359,0.653,0.147,-0.506,0.644,0.37,0.635,0.471,-0.494,-0.566,-0.545,0.193
ADTN,0.001,-0.352,0.461,0.847,0.0,-0.291,-0.47,0.426,0.442,-0.052,0.116,0.057,0.444,-0.011,0.416,-0.381,0.767,-0.372,0.6,0.678,-0.548,0.11,0.746,-0.256,0.505,0.256,0.22,0.576,0.667,0.456,0.772,0.476,0.742,0.215,0.642,0.305,0.476,0.619,0.57,-0.379,-0.355,0.215,-0.102,0.742,-0.62,-0.674,0.231,0.513,0.451,0.658,0.674,0.144,0.304,0.348,-0.043,0.28,-0.433,0.604,0.354,0.549,0.424,0.835,-0.547,0.309,0.393,0.59,0.608,0.223,0.025,-0.856,0.377,0.482,-0.525,0.474,0.425,0.005,0.651,0.392,-0.6,0.021,0.26,0.127,0.086,-0.217,0.285,0.614,-0.306,-0.457,-0.57,-0.644,-0.739,-0.561,0.246,0.889,-0.144,-0.453,0.551,-0.741,0.155,0.087,0.201,-0.186,0.606,0.497,0.556,0.678,0.439,0.377,0.605,0.153,0.397,0.415,0.63,0.845,0.393,0.47,0.457,0.491,-0.003,-0.496,0.442,-0.376,-0.327,-0.431,0.284,0.562,0.398,0.262,0.776,0.311,0.559,0.416,-0.727,0.74,0.275,-0.652,0.396,0.725,0.53,0.36,-0.407,0.36,-0.608,0.502,0.294,0.59,0.478,0.468,0.572,0.641,0.161,-0.097,-0.022,-0.808,0.303,-0.588,0.797,-0.102,-0.463,0.288,0.482,-0.147,-0.678,0.344,0.114,-0.107,0.853,0.732,-0.577,0.208,0.204,0.451,-0.06,0.301,0.635,-0.817,-0.496,0.421,0.566,0.275,0.793,0.61,0.675,0.047,0.291,0.683,-0.449,0.323,0.361,0.614,0.014,-0.474,0.489,0.195,0.622,0.318,-0.449,-0.39,-0.653,-0.097
AGEN,-0.094,-0.309,0.203,-0.431,-0.291,0.0,-0.246,-0.081,0.07,-0.741,-0.389,-0.05,-0.669,-0.308,-0.48,0.042,-0.581,0.116,-0.757,-0.558,-0.144,-0.655,-0.259,-0.492,-0.783,-0.252,-0.466,-0.545,-0.226,-0.2,-0.282,-0.306,-0.503,-0.81,0.011,-0.299,-0.589,-0.295,-0.388,-0.372,-0.047,0.72,-0.595,-0.224,-0.046,0.432,-0.603,0.05,-0.077,-0.611,-0.499,-0.813,-0.126,-0.548,-0.478,-0.845,-0.073,-0.729,-0.81,-0.666,-0.834,-0.094,0.034,-0.785,-0.615,-0.217,-0.127,-0.664,-0.568,0.403,-0.545,-0.032,0.011,0.042,-0.094,-0.247,-0.549,-0.765,0.066,-0.077,0.176,0.552,-0.523,0.134,-0.554,-0.185,-0.402,-0.282,-0.133,0.013,0.251,0.148,-0.775,-0.413,-0.356,-0.373,0.04,0.088,-0.245,-0.709,-0.687,-0.341,0.117,-0.207,0.127,-0.191,0.114,0.367,-0.692,-0.662,0.024,0.162,-0.293,-0.172,-0.58,-0.099,-0.417,-0.638,0.801,-0.203,0.077,0.058,-0.215,-0.11,-0.748,-0.704,-0.494,0.086,-0.384,-0.251,-0.097,-0.368,0.175,-0.076,-0.79,0.025,-0.407,-0.348,-0.553,-0.847,0.112,-0.515,0.171,-0.198,-0.847,-0.365,0.255,-0.746,-0.177,-0.677,-0.777,-0.257,-0.374,0.237,-0.154,0.16,-0.335,-0.485,-0.364,-0.648,-0.239,-0.343,0.341,-0.907,0.297,-0.265,-0.517,-0.343,-0.056,-0.077,-0.581,-0.252,-0.349,-0.709,-0.094,0.268,-0.201,0.077,-0.553,0.03,-0.168,-0.063,-0.08,-0.614,-0.425,-0.022,-0.28,0.318,0.244,-0.062,-0.814,-0.201,-0.775,-0.818,-0.586,-0.697,-0.096,0.413,-0.134,-0.73
ALGN,-0.003,0.807,-0.887,-0.367,-0.47,-0.246,0.0,-0.706,-0.755,0.706,0.506,-0.501,0.08,-0.201,-0.344,0.712,-0.111,0.079,0.035,-0.284,0.932,0.384,-0.625,0.912,0.084,-0.443,0.691,0.262,-0.73,-0.665,-0.476,-0.573,-0.209,0.485,-0.616,-0.426,-0.366,-0.731,-0.517,0.871,0.288,-0.402,0.824,-0.576,0.937,-0.049,0.59,-0.769,-0.809,-0.055,-0.386,0.493,0.031,-0.207,0.117,0.224,0.196,-0.267,0.425,0.328,0.098,-0.628,0.038,0.482,-0.304,-0.725,-0.647,0.24,0.6,0.445,-0.014,-0.759,0.942,-0.702,-0.7,-0.17,-0.239,0.24,0.815,0.285,-0.833,-0.708,0.58,0.112,-0.096,-0.674,0.618,0.429,0.934,0.837,0.609,0.61,0.281,-0.622,0.752,0.556,-0.826,0.776,-0.355,0.678,0.397,0.815,-0.916,-0.494,-0.878,-0.773,-0.775,-0.768,0.102,0.175,-0.596,-0.795,-0.637,-0.535,-0.207,-0.65,-0.416,0.054,-0.356,0.709,-0.105,0.808,0.794,0.369,0.405,0.084,-0.343,-0.476,-0.55,-0.495,-0.791,-0.09,0.832,-0.49,0.47,0.362,0.08,0.005,-0.499,-0.056,0.817,-0.255,0.79,-0.035,0.221,-0.645,-0.848,0.032,0.094,-0.167,0.488,0.442,0.731,0.741,-0.398,0.838,-0.723,0.879,0.788,0.473,0.124,0.836,0.141,0.246,-0.293,0.553,-0.546,-0.55,0.609,-0.235,0.215,-0.378,0.148,0.118,-0.685,0.739,0.384,-0.851,-0.399,-0.784,-0.767,-0.005,-0.488,0.798,-0.216,-0.786,0.33,-0.722,-0.507,-0.869,0.579,0.897,0.136,0.391,-0.392,0.424,0.905,-0.027,0.662,0.544
ALLK,0.265,-0.569,0.688,0.434,0.426,-0.081,-0.706,0.0,0.875,-0.293,-0.164,0.577,-0.068,0.664,0.641,-0.565,0.388,0.069,0.411,0.636,-0.664,0.191,0.619,-0.557,0.336,0.351,-0.501,0.011,0.695,0.729,0.419,0.846,0.411,-0.059,0.497,0.626,0.718,0.803,0.622,-0.623,-0.338,0.018,-0.436,0.643,-0.772,-0.037,-0.335,0.785,0.804,0.228,0.532,0.064,0.216,0.651,0.003,0.202,-0.01,0.57,-0.037,-0.126,0.346,0.513,-0.009,-0.119,0.704,0.712,0.676,0.169,-0.139,-0.34,0.432,0.878,-0.761,0.859,0.858,0.601,0.362,0.25,-0.654,-0.197,0.884,0.556,-0.28,-0.301,0.435,0.674,-0.245,-0.025,-0.8,-0.713,-0.647,-0.504,0.228,0.658,-0.612,-0.486,0.817,-0.527,0.546,-0.421,0.161,-0.449,0.734,0.686,0.775,0.748,0.721,0.669,0.195,0.248,0.767,0.7,0.78,0.577,0.643,0.783,0.77,0.352,0.072,-0.26,0.145,-0.715,-0.423,0.055,-0.128,0.281,0.732,0.623,0.68,0.662,0.725,0.47,-0.718,0.563,0.029,-0.428,0.158,0.111,0.658,0.411,-0.687,0.51,-0.672,0.229,0.281,0.766,0.762,0.411,0.013,0.47,0.01,-0.628,-0.503,-0.599,0.414,-0.786,0.759,-0.572,-0.387,-0.051,-0.041,-0.526,-0.326,0.216,0.266,-0.522,0.636,0.64,-0.339,0.622,0.319,0.683,0.376,0.396,0.762,-0.662,-0.371,0.763,0.66,0.814,0.72,0.052,0.636,-0.417,0.446,0.812,-0.085,0.613,0.429,0.844,-0.245,-0.695,0.312,0.144,0.624,0.031,-0.696,0.13,-0.542,-0.057
AMD,0.187,-0.625,0.847,0.474,0.442,0.07,-0.755,0.875,0.0,-0.402,-0.174,0.632,-0.121,0.538,0.677,-0.519,0.377,0.163,0.285,0.576,-0.708,0.151,0.675,-0.679,0.264,0.378,-0.537,-0.032,0.739,0.813,0.463,0.798,0.367,-0.259,0.652,0.44,0.635,0.833,0.63,-0.738,-0.342,0.272,-0.512,0.725,-0.799,-0.017,-0.448,0.816,0.842,0.147,0.587,-0.116,0.421,0.592,-0.027,0.058,-0.188,0.509,-0.15,-0.24,0.218,0.55,-0.059,-0.264,0.602,0.772,0.733,0.181,-0.181,-0.297,0.22,0.937,-0.779,0.863,0.923,0.521,0.329,0.148,-0.753,-0.227,0.862,0.677,-0.446,-0.115,0.393,0.735,-0.224,-0.175,-0.853,-0.754,-0.594,-0.547,0.085,0.604,-0.706,-0.602,0.953,-0.632,0.534,-0.576,0.07,-0.471,0.795,0.709,0.889,0.781,0.897,0.865,0.177,0.079,0.844,0.864,0.772,0.665,0.61,0.86,0.755,0.32,0.183,-0.279,0.341,-0.745,-0.429,0.001,-0.274,0.181,0.691,0.69,0.717,0.715,0.794,0.508,-0.728,0.688,-0.095,-0.507,0.236,0.137,0.616,0.268,-0.713,0.586,-0.683,0.255,0.164,0.784,0.895,0.265,0.176,0.37,-0.036,-0.669,-0.606,-0.564,0.429,-0.744,0.752,-0.682,-0.559,-0.076,-0.09,-0.549,-0.348,0.091,0.263,-0.658,0.608,0.741,-0.263,0.674,0.263,0.691,0.339,0.313,0.823,-0.628,-0.442,0.836,0.599,0.854,0.772,0.218,0.74,-0.525,0.404,0.913,-0.186,0.775,0.639,0.873,-0.337,-0.784,0.253,0.003,0.538,-0.051,-0.788,0.107,-0.62,-0.125
AMWD,0.073,0.641,-0.577,0.116,-0.052,-0.741,0.706,-0.293,-0.402,0.0,0.604,-0.204,0.481,0.121,0.181,0.368,0.339,0.001,0.557,0.241,0.598,0.683,-0.106,0.816,0.634,-0.096,0.706,0.563,-0.202,-0.189,-0.026,-0.067,0.241,0.806,-0.302,-0.054,0.261,-0.177,-0.0,0.725,0.119,-0.675,0.889,-0.104,0.515,-0.258,0.759,-0.362,-0.342,0.429,0.158,0.869,0.225,0.269,0.311,0.705,0.187,0.348,0.805,0.632,0.668,-0.237,-0.067,0.815,0.303,-0.227,-0.265,0.7,0.715,-0.014,0.333,-0.371,0.525,-0.367,-0.269,0.074,0.273,0.721,0.385,0.157,-0.538,-0.702,0.696,0.032,0.308,-0.196,0.623,0.439,0.566,0.428,0.136,0.179,0.738,-0.078,0.651,0.532,-0.437,0.393,-0.007,0.839,0.738,0.696,-0.547,-0.066,-0.523,-0.273,-0.454,-0.582,0.572,0.601,-0.293,-0.495,-0.118,-0.128,0.307,-0.215,0.099,0.535,-0.771,0.594,0.016,0.389,0.567,0.306,0.753,0.567,0.197,-0.257,0.012,-0.022,-0.343,0.265,0.327,-0.142,0.84,0.113,0.335,0.28,0.128,0.54,0.338,0.223,0.318,0.192,0.716,-0.079,-0.57,0.587,0.21,0.387,0.829,0.402,0.625,0.24,-0.114,0.35,-0.164,0.809,0.64,0.671,0.222,0.699,-0.209,0.75,-0.256,0.41,0.044,-0.035,0.366,-0.004,0.598,0.029,0.364,0.634,-0.247,0.22,0.266,-0.471,0.195,-0.415,-0.269,0.055,-0.14,0.859,0.244,-0.393,0.333,-0.523,-0.318,-0.401,0.93,0.611,0.608,0.828,0.22,0.784,0.555,-0.216,0.405,0.811
ARDX,0.45,0.16,-0.344,0.062,0.116,-0.389,0.506,-0.164,-0.174,0.604,0.0,-0.459,0.049,-0.125,-0.033,0.635,0.476,-0.339,0.38,0.439,0.559,0.665,0.007,0.621,0.355,-0.421,0.688,0.634,-0.283,-0.18,-0.103,0.059,0.313,0.499,-0.343,-0.174,0.22,-0.22,-0.307,0.623,-0.405,-0.148,0.647,0.148,0.35,-0.514,0.537,-0.058,-0.321,0.161,0.208,0.556,0.564,0.22,-0.065,0.204,0.132,0.153,0.535,0.511,0.416,-0.053,-0.544,0.476,0.067,-0.378,-0.355,0.542,0.674,0.036,0.18,-0.167,0.433,-0.296,-0.26,-0.049,0.04,0.44,0.401,0.06,-0.311,-0.288,0.722,0.175,-0.016,-0.188,0.245,0.001,0.3,0.43,0.097,0.128,0.502,0.011,0.588,0.047,-0.219,0.14,-0.102,0.59,0.611,0.661,-0.362,0.045,-0.308,-0.323,-0.156,-0.261,0.51,0.321,0.131,-0.224,-0.213,0.161,0.159,-0.015,-0.019,0.648,-0.347,0.48,0.453,0.527,0.638,0.264,0.44,0.569,0.05,-0.331,0.205,-0.114,-0.399,0.369,0.369,0.369,0.576,-0.432,0.201,0.501,-0.008,0.284,0.4,0.186,0.468,0.596,0.566,-0.198,-0.341,0.416,0.376,0.2,0.596,0.034,0.716,0.255,-0.581,0.41,-0.143,0.618,0.363,0.553,0.498,0.553,-0.669,0.517,-0.088,0.135,0.038,-0.113,0.239,0.155,0.462,-0.076,0.427,0.463,0.085,0.133,-0.264,-0.275,-0.073,-0.413,-0.198,0.461,0.226,0.66,0.115,-0.122,-0.296,-0.118,0.154,-0.333,0.581,0.592,0.475,0.556,0.224,0.733,0.575,0.254,-0.072,0.443
ARQT,-0.126,-0.218,0.648,0.231,0.057,-0.05,-0.501,0.577,0.632,-0.204,-0.459,0.0,0.08,0.695,0.709,-0.584,0.01,0.558,0.098,0.127,-0.555,0.01,0.405,-0.55,0.233,0.572,-0.634,-0.282,0.571,0.716,0.262,0.555,0.05,-0.267,0.468,0.361,0.488,0.671,0.615,-0.555,0.073,0.004,-0.417,0.244,-0.514,0.401,-0.438,0.463,0.775,-0.015,0.252,-0.066,0.042,0.497,0.217,0.323,-0.168,0.449,-0.18,-0.369,0.218,0.117,0.574,-0.181,0.603,0.674,0.533,0.278,-0.248,-0.045,0.044,0.679,-0.537,0.557,0.75,0.435,0.364,0.123,-0.55,-0.431,0.621,0.456,-0.638,0.005,0.486,0.594,0.115,0.257,-0.497,-0.511,-0.195,-0.344,0.081,0.274,-0.646,-0.042,0.648,-0.297,0.817,-0.467,-0.029,-0.46,0.51,0.523,0.626,0.615,0.593,0.595,-0.065,0.073,0.458,0.658,0.576,0.14,0.606,0.554,0.569,0.058,-0.09,-0.146,-0.144,-0.644,-0.458,0.202,-0.1,-0.13,0.555,0.64,0.299,0.718,0.68,0.367,-0.522,0.125,-0.08,0.094,0.221,-0.252,0.596,0.322,-0.637,0.601,-0.625,-0.194,0.153,0.714,0.629,0.159,-0.134,0.191,0.065,-0.201,-0.631,-0.316,0.657,-0.507,0.46,-0.59,-0.275,-0.148,-0.569,-0.492,0.222,0.081,0.259,-0.512,0.344,0.489,0.027,0.469,0.254,0.531,0.24,0.251,0.407,-0.301,0.254,0.695,0.549,0.768,0.445,-0.15,0.225,-0.421,0.561,0.535,0.414,0.495,0.363,0.657,-0.102,-0.613,0.221,0.093,0.346,-0.167,-0.655,-0.008,-0.087,0.145
ASTE,-0.228,0.28,-0.009,0.547,0.444,-0.669,0.08,-0.068,-0.121,0.481,0.049,0.08,0.0,-0.042,0.334,-0.259,0.421,-0.105,0.534,0.285,-0.129,0.163,0.406,0.218,0.601,0.512,0.453,0.395,0.363,0.283,0.572,0.1,0.373,0.537,0.287,0.306,0.353,0.347,0.434,0.194,0.27,-0.324,0.366,0.259,-0.118,-0.348,0.603,0.002,0.102,0.714,0.552,0.466,0.072,0.148,0.503,0.626,-0.293,0.591,0.669,0.616,0.576,0.342,-0.093,0.688,0.395,0.314,0.247,0.408,0.165,-0.593,0.25,-0.076,-0.118,-0.077,-0.003,-0.052,0.556,0.57,-0.3,0.278,-0.229,-0.53,0.329,0.032,0.349,0.248,0.201,-0.054,0.037,-0.244,-0.363,-0.189,0.399,0.463,0.265,0.352,0.011,-0.285,0.133,0.567,0.28,0.08,0.047,0.008,-0.022,0.331,-0.074,-0.211,0.595,0.447,-0.197,-0.029,0.289,0.285,0.304,0.071,0.2,0.384,-0.452,-0.172,0.013,-0.134,-0.01,-0.145,0.603,0.477,0.266,-0.089,0.345,0.162,0.203,0.151,-0.344,0.091,0.541,-0.037,0.369,0.423,0.49,0.564,-0.243,0.293,-0.368,0.038,0.435,0.361,-0.129,0.546,0.253,0.541,0.458,0.564,0.158,-0.435,0.367,-0.224,0.381,0.274,0.001,0.409,0.269,0.24,-0.213,0.611,-0.182,0.354,0.545,0.418,-0.109,-0.17,0.228,0.095,-0.121,0.413,0.048,-0.38,0.227,-0.023,0.526,-0.058,0.351,0.091,0.109,0.42,0.304,0.059,0.12,-0.182,-0.134,0.149,0.489,-0.044,0.51,0.497,0.399,0.427,-0.072,-0.592,0.086,0.383
AUPH,0.149,-0.068,0.267,0.18,-0.011,-0.308,-0.201,0.664,0.538,0.121,-0.125,0.695,-0.042,0.0,0.704,-0.361,0.186,0.444,0.401,0.353,-0.23,0.397,0.236,-0.119,0.425,0.248,-0.399,-0.009,0.37,0.449,0.035,0.613,0.188,0.139,0.188,0.399,0.587,0.507,0.544,-0.276,0.025,-0.412,-0.041,0.2,-0.272,0.23,-0.211,0.308,0.552,0.106,0.183,0.356,0.044,0.716,0.19,0.567,0.153,0.542,0.095,-0.112,0.457,-0.04,0.46,0.084,0.7,0.471,0.408,0.451,0.139,0.007,0.448,0.594,-0.314,0.532,0.671,0.703,0.348,0.371,-0.244,-0.223,0.513,0.239,-0.214,-0.297,0.604,0.396,0.269,0.562,-0.287,-0.277,-0.193,-0.18,0.477,0.231,-0.412,-0.04,0.427,0.007,0.656,-0.138,0.391,-0.051,0.231,0.587,0.351,0.406,0.327,0.284,0.12,0.372,0.419,0.32,0.546,0.064,0.736,0.439,0.717,0.238,-0.366,0.207,-0.203,-0.468,-0.097,0.393,0.09,0.173,0.719,0.552,0.27,0.622,0.441,0.503,-0.324,0.063,0.244,0.061,0.259,-0.15,0.5,0.498,-0.362,0.561,-0.394,0.021,0.461,0.575,0.357,0.399,-0.072,0.418,0.378,-0.424,-0.309,-0.164,0.512,-0.396,0.372,-0.201,0.161,0.169,-0.347,-0.223,0.065,0.38,0.192,-0.326,0.295,0.391,0.154,0.625,0.549,0.665,0.583,0.532,0.339,-0.205,0.171,0.398,0.556,0.601,0.26,-0.171,0.228,-0.065,0.48,0.367,0.518,0.183,0.071,0.45,0.172,-0.298,0.42,0.41,0.459,0.168,-0.352,0.082,0.015,0.406
AVXL,-0.124,-0.094,0.544,0.686,0.416,-0.48,-0.344,0.641,0.677,0.181,-0.033,0.709,0.334,0.704,0.0,-0.511,0.519,0.37,0.638,0.59,-0.447,0.456,0.635,-0.226,0.725,0.426,-0.203,0.289,0.758,0.75,0.505,0.671,0.553,0.232,0.629,0.427,0.811,0.819,0.841,-0.418,-0.083,-0.214,-0.005,0.558,-0.506,-0.063,0.016,0.46,0.756,0.499,0.654,0.407,0.326,0.788,0.258,0.666,-0.254,0.804,0.315,0.168,0.681,0.381,0.152,0.263,0.864,0.818,0.761,0.659,0.233,-0.37,0.414,0.727,-0.473,0.601,0.814,0.591,0.757,0.568,-0.591,-0.245,0.487,0.185,-0.24,-0.106,0.838,0.791,0.326,0.21,-0.509,-0.592,-0.523,-0.447,0.591,0.566,-0.432,-0.112,0.687,-0.411,0.659,-0.088,0.483,-0.143,0.475,0.749,0.63,0.756,0.57,0.496,0.536,0.403,0.489,0.588,0.844,0.475,0.89,0.617,0.877,0.513,-0.352,-0.001,0.162,-0.606,-0.253,0.112,0.249,0.44,0.869,0.748,0.673,0.825,0.765,0.72,-0.632,0.454,0.435,-0.292,0.682,0.223,0.837,0.701,-0.577,0.831,-0.689,0.229,0.598,0.886,0.572,0.6,0.333,0.672,0.527,-0.256,-0.356,-0.493,0.661,-0.588,0.716,-0.203,-0.21,0.413,-0.193,-0.123,-0.304,0.544,0.076,-0.398,0.67,0.822,-0.067,0.599,0.683,0.852,0.491,0.695,0.605,-0.503,-0.06,0.58,0.875,0.697,0.64,0.121,0.549,-0.014,0.613,0.654,0.254,0.431,0.413,0.71,0.254,-0.523,0.7,0.515,0.65,0.379,-0.564,-0.32,-0.277,0.472
AZTA,0.345,0.301,-0.638,-0.453,-0.381,0.042,0.712,-0.565,-0.519,0.368,0.635,-0.584,-0.259,-0.361,-0.511,0.0,-0.044,-0.118,-0.16,-0.186,0.834,0.329,-0.563,0.623,-0.215,-0.512,0.547,0.149,-0.714,-0.571,-0.5,-0.424,-0.178,0.18,-0.628,-0.522,-0.417,-0.717,-0.663,0.715,0.01,-0.009,0.527,-0.407,0.752,-0.158,0.275,-0.482,-0.704,-0.363,-0.343,0.164,0.215,-0.232,-0.111,-0.179,0.24,-0.457,0.128,0.072,-0.167,-0.546,-0.189,0.096,-0.472,-0.766,-0.689,0.031,0.403,0.519,-0.17,-0.572,0.75,-0.526,-0.627,-0.316,-0.451,-0.04,0.709,0.227,-0.554,-0.317,0.5,0.234,-0.341,-0.618,0.213,0.135,0.686,0.857,0.636,0.503,-0.029,-0.555,0.634,0.224,-0.611,0.546,-0.38,0.389,0.213,0.588,-0.695,-0.461,-0.662,-0.776,-0.493,-0.48,-0.07,0.075,-0.26,-0.532,-0.661,-0.364,-0.332,-0.481,-0.512,0.067,-0.046,0.579,0.146,0.765,0.732,0.34,0.116,0.008,-0.475,-0.519,-0.424,-0.426,-0.751,-0.177,0.823,-0.192,0.136,0.111,-0.149,0.03,-0.567,-0.267,0.762,-0.308,0.87,0.094,0.088,-0.699,-0.621,-0.183,0.067,-0.405,0.194,0.19,0.698,0.724,-0.668,0.809,-0.692,0.604,0.504,0.284,0.232,0.571,-0.037,-0.006,-0.163,0.201,-0.55,-0.613,0.489,-0.16,-0.024,-0.524,0.109,-0.095,-0.465,0.653,0.051,-0.604,-0.646,-0.656,-0.693,0.186,-0.29,0.472,-0.27,-0.568,-0.08,-0.443,-0.206,-0.755,0.273,0.833,-0.066,0.089,-0.394,0.255,0.786,0.329,0.373,0.191
BAND,0.273,-0.149,0.22,0.732,0.767,-0.581,-0.111,0.388,0.377,0.339,0.476,0.01,0.421,0.186,0.519,-0.044,0.0,-0.29,0.809,0.846,-0.116,0.596,0.558,0.12,0.708,0.16,0.43,0.727,0.488,0.427,0.584,0.513,0.734,0.49,0.362,0.281,0.646,0.502,0.483,-0.01,-0.327,-0.11,0.289,0.672,-0.289,-0.775,0.373,0.422,0.295,0.647,0.708,0.534,0.498,0.649,0.077,0.524,-0.225,0.712,0.615,0.639,0.687,0.544,-0.446,0.519,0.563,0.415,0.438,0.508,0.449,-0.582,0.54,0.415,-0.262,0.372,0.373,0.24,0.601,0.649,-0.385,0.094,0.148,-0.092,0.388,-0.135,0.45,0.495,0.052,-0.144,-0.279,-0.346,-0.519,-0.433,0.57,0.755,0.078,-0.269,0.401,-0.478,0.262,0.357,0.627,0.167,0.273,0.518,0.331,0.476,0.303,0.19,0.791,0.46,0.425,0.272,0.555,0.722,0.625,0.416,0.55,0.797,-0.271,-0.003,0.419,-0.207,0.045,0.015,0.387,0.828,0.575,0.173,0.754,0.366,0.35,0.544,-0.421,0.665,0.594,-0.557,0.518,0.71,0.578,0.617,-0.219,0.561,-0.312,0.589,0.675,0.516,0.25,0.694,0.581,0.732,0.537,-0.12,0.238,-0.475,0.184,-0.388,0.641,0.197,-0.078,0.586,0.537,0.198,-0.726,0.684,0.033,-0.094,0.779,0.64,-0.167,0.363,0.517,0.478,0.336,0.621,0.574,-0.558,-0.322,0.227,0.57,0.171,0.57,0.611,0.619,0.364,0.375,0.527,-0.262,0.131,0.252,0.42,0.354,-0.152,0.761,0.548,0.669,0.658,-0.175,-0.245,-0.412,0.356
BECN,-0.42,0.299,0.061,-0.065,-0.372,0.116,0.079,0.069,0.163,0.001,-0.339,0.558,-0.105,0.444,0.37,-0.118,-0.29,0.0,-0.108,-0.29,-0.026,0.073,-0.08,-0.103,0.062,0.087,-0.347,-0.293,0.087,0.216,-0.092,-0.019,-0.146,-0.14,0.15,-0.152,-0.019,0.104,0.288,-0.209,0.34,-0.143,0.034,-0.164,0.111,0.576,-0.199,-0.13,0.255,-0.229,-0.171,-0.02,0.075,0.149,0.102,0.174,-0.064,-0.014,-0.201,-0.378,-0.032,-0.294,0.61,-0.197,0.154,0.212,0.266,0.136,-0.006,0.383,0.022,0.146,0.097,0.153,0.326,0.218,0.068,0.009,-0.051,-0.141,0.105,0.163,-0.492,-0.211,0.325,0.161,0.462,0.486,0.083,-0.011,0.161,0.07,0.027,-0.34,-0.372,0.136,0.145,0.251,0.292,-0.298,0.094,-0.032,-0.051,0.175,0.079,0.105,0.127,0.17,-0.185,0.039,0.01,0.143,0.177,-0.275,0.24,0.024,0.303,-0.215,0.059,0.304,-0.08,-0.166,-0.06,0.293,-0.142,-0.331,0.24,0.513,-0.174,0.312,0.19,0.266,0.066,-0.233,-0.016,0.304,0.291,-0.311,0.028,-0.087,-0.012,0.204,-0.067,-0.275,-0.031,0.175,0.197,-0.185,-0.059,-0.147,0.172,-0.04,-0.342,0.274,0.526,0.026,-0.131,-0.144,0.093,-0.003,-0.695,-0.014,0.435,-0.139,0.058,-0.273,-0.196,0.105,0.288,0.292,0.265,0.342,0.16,0.038,-0.094,0.315,0.396,0.071,0.139,0.32,-0.144,-0.281,-0.022,-0.131,0.209,0.026,0.606,0.107,0.008,0.075,-0.097,-0.152,0.048,-0.002,-0.157,-0.124,-0.136,-0.139,0.289,0.311
BFC,0.115,0.135,0.031,0.724,0.6,-0.757,0.035,0.411,0.285,0.557,0.38,0.098,0.534,0.401,0.638,-0.16,0.809,-0.108,0.0,0.818,-0.08,0.694,0.514,0.301,0.914,0.179,0.437,0.751,0.475,0.387,0.536,0.508,0.736,0.74,0.351,0.434,0.739,0.502,0.581,0.09,-0.195,-0.428,0.467,0.585,-0.206,-0.583,0.59,0.28,0.264,0.795,0.671,0.8,0.377,0.641,0.187,0.789,-0.118,0.818,0.829,0.728,0.896,0.45,-0.305,0.754,0.733,0.437,0.461,0.615,0.563,-0.591,0.726,0.325,-0.17,0.331,0.383,0.405,0.686,0.881,-0.268,0.129,0.055,-0.291,0.476,-0.256,0.629,0.41,0.305,0.109,-0.16,-0.3,-0.57,-0.335,0.807,0.65,0.154,-0.078,0.275,-0.248,0.256,0.509,0.778,0.298,0.149,0.495,0.19,0.456,0.148,-0.019,0.862,0.679,0.27,0.066,0.582,0.589,0.72,0.391,0.679,0.804,-0.476,0.134,0.222,-0.201,0.101,0.111,0.609,0.89,0.722,0.243,0.675,0.413,0.323,0.607,-0.422,0.455,0.823,-0.383,0.591,0.647,0.606,0.763,-0.186,0.579,-0.346,0.495,0.808,0.563,0.116,0.881,0.514,0.87,0.744,-0.079,0.265,-0.473,0.311,-0.373,0.608,0.357,0.169,0.696,0.453,0.283,-0.603,0.854,-0.081,0.04,0.726,0.648,-0.109,0.343,0.732,0.592,0.407,0.82,0.445,-0.519,-0.203,0.104,0.736,0.15,0.489,0.347,0.489,0.537,0.403,0.385,0.054,-0.027,0.033,0.349,0.527,-0.077,0.866,0.796,0.711,0.762,-0.092,-0.364,-0.243,0.568
BGC,0.396,-0.271,0.344,0.682,0.678,-0.558,-0.284,0.636,0.576,0.241,0.439,0.127,0.285,0.353,0.59,-0.186,0.846,-0.29,0.818,0.0,-0.28,0.625,0.658,-0.01,0.726,0.2,0.225,0.629,0.559,0.569,0.585,0.738,0.735,0.462,0.369,0.517,0.819,0.654,0.515,-0.125,-0.461,-0.142,0.15,0.78,-0.491,-0.611,0.283,0.619,0.458,0.608,0.776,0.527,0.508,0.686,0.074,0.496,-0.084,0.808,0.576,0.495,0.736,0.618,-0.467,0.44,0.714,0.5,0.486,0.488,0.396,-0.592,0.602,0.592,-0.445,0.525,0.556,0.391,0.52,0.681,-0.47,-0.031,0.384,0.058,0.337,-0.193,0.442,0.525,-0.013,-0.131,-0.481,-0.47,-0.663,-0.485,0.608,0.786,-0.038,-0.382,0.565,-0.502,0.347,0.206,0.615,0.053,0.444,0.615,0.471,0.582,0.488,0.283,0.732,0.495,0.67,0.394,0.636,0.792,0.701,0.65,0.717,0.838,-0.267,-0.032,0.414,-0.348,-0.035,0.048,0.356,0.825,0.724,0.25,0.87,0.486,0.449,0.617,-0.557,0.757,0.559,-0.632,0.41,0.636,0.677,0.674,-0.396,0.638,-0.427,0.595,0.709,0.646,0.389,0.774,0.442,0.761,0.49,-0.358,0.113,-0.575,0.137,-0.54,0.75,0.03,-0.105,0.478,0.509,0.021,-0.789,0.718,0.01,-0.203,0.817,0.69,-0.245,0.464,0.59,0.568,0.461,0.711,0.727,-0.683,-0.492,0.414,0.678,0.351,0.659,0.473,0.705,0.22,0.448,0.668,-0.285,0.314,0.324,0.565,0.288,-0.273,0.743,0.583,0.807,0.616,-0.291,-0.074,-0.554,0.304
BHF,0.205,0.616,-0.842,-0.508,-0.548,-0.144,0.932,-0.664,-0.708,0.598,0.559,-0.555,-0.129,-0.23,-0.447,0.834,-0.116,-0.026,-0.08,-0.28,0.0,0.396,-0.726,0.84,-0.078,-0.483,0.597,0.157,-0.792,-0.676,-0.59,-0.546,-0.272,0.37,-0.732,-0.442,-0.393,-0.783,-0.642,0.873,0.209,-0.34,0.707,-0.615,0.948,-0.055,0.404,-0.699,-0.818,-0.247,-0.434,0.381,0.027,-0.171,0.057,0.054,0.31,-0.392,0.281,0.165,-0.03,-0.711,0.032,0.3,-0.369,-0.805,-0.745,0.138,0.553,0.599,-0.105,-0.724,0.914,-0.676,-0.712,-0.165,-0.393,0.097,0.842,0.272,-0.724,-0.595,0.56,0.189,-0.194,-0.697,0.489,0.394,0.904,0.904,0.724,0.622,0.162,-0.669,0.724,0.49,-0.814,0.756,-0.358,0.56,0.332,0.734,-0.908,-0.528,-0.851,-0.848,-0.732,-0.715,-0.026,0.129,-0.506,-0.736,-0.694,-0.583,-0.268,-0.655,-0.501,0.036,-0.279,0.749,-0.084,0.817,0.801,0.464,0.259,0.038,-0.415,-0.526,-0.573,-0.529,-0.832,-0.213,0.925,-0.477,0.324,0.37,-0.042,-0.109,-0.536,-0.104,0.818,-0.293,0.891,-0.064,0.184,-0.724,-0.831,-0.065,-0.04,-0.316,0.345,0.332,0.718,0.847,-0.553,0.862,-0.784,0.793,0.726,0.369,0.111,0.767,0.157,0.147,-0.256,0.438,-0.63,-0.666,0.67,-0.219,0.107,-0.476,0.211,0.035,-0.665,0.805,0.325,-0.797,-0.543,-0.741,-0.823,-0.03,-0.517,0.663,-0.273,-0.793,0.236,-0.684,-0.446,-0.879,0.488,0.926,0.017,0.276,-0.447,0.34,0.899,0.175,0.647,0.457
BHFAL,0.4,0.259,-0.218,0.26,0.11,-0.655,0.384,0.191,0.151,0.683,0.665,0.01,0.163,0.397,0.456,0.329,0.596,0.073,0.694,0.625,0.396,0.0,0.077,0.529,0.682,-0.051,0.454,0.541,0.034,0.165,0.068,0.345,0.437,0.674,-0.11,0.122,0.524,0.163,0.19,0.391,-0.108,-0.502,0.639,0.231,0.211,-0.387,0.421,0.008,0.006,0.305,0.417,0.777,0.5,0.654,0.283,0.631,0.198,0.521,0.663,0.408,0.701,-0.079,-0.13,0.545,0.536,0.043,0.054,0.703,0.762,-0.009,0.461,0.166,0.207,0.105,0.201,0.39,0.274,0.735,0.099,0.101,-0.07,-0.291,0.491,-0.118,0.474,0.114,0.517,0.388,0.179,0.177,-0.057,0.006,0.727,0.163,0.286,0.089,0.036,0.135,0.192,0.468,0.863,0.527,-0.231,0.257,-0.114,0.006,-0.0,-0.161,0.599,0.586,0.272,-0.074,0.222,0.198,0.641,0.178,0.486,0.717,-0.543,0.63,0.233,0.139,0.532,0.458,0.515,0.661,0.526,0.107,0.353,0.25,-0.039,0.529,0.116,0.265,0.753,-0.175,0.467,0.317,0.342,0.607,0.154,0.51,0.141,0.349,0.84,0.213,-0.149,0.618,0.301,0.446,0.8,-0.125,0.446,0.121,-0.061,0.079,0.139,0.518,0.438,0.735,0.195,0.488,-0.442,0.77,-0.233,0.022,0.276,0.241,0.373,0.46,0.742,0.362,0.71,0.753,0.159,0.007,-0.056,-0.097,0.373,0.009,0.004,0.247,0.262,0.59,0.339,0.09,0.208,-0.161,-0.016,-0.031,0.645,0.333,0.748,0.781,0.43,0.759,0.273,-0.04,0.094,0.766
BKNG,-0.075,-0.429,0.719,0.784,0.746,-0.259,-0.625,0.619,0.675,-0.106,0.007,0.405,0.406,0.236,0.635,-0.563,0.558,-0.08,0.514,0.658,-0.726,0.077,0.0,-0.481,0.54,0.376,-0.109,0.369,0.849,0.773,0.769,0.734,0.615,0.083,0.737,0.42,0.717,0.828,0.727,-0.516,-0.427,0.149,-0.248,0.866,-0.808,-0.287,0.11,0.754,0.73,0.625,0.742,0.136,0.452,0.465,-0.044,0.294,-0.353,0.698,0.254,0.323,0.507,0.853,-0.379,0.217,0.633,0.797,0.728,0.339,-0.077,-0.697,0.37,0.687,-0.719,0.641,0.684,0.137,0.678,0.394,-0.754,-0.276,0.565,0.359,-0.1,-0.038,0.362,0.744,-0.246,-0.367,-0.769,-0.792,-0.819,-0.692,0.307,0.808,-0.368,-0.413,0.788,-0.78,0.426,-0.091,0.176,-0.354,0.803,0.718,0.765,0.845,0.747,0.637,0.564,0.337,0.599,0.693,0.765,0.82,0.528,0.794,0.663,0.544,-0.029,-0.545,0.427,-0.67,-0.546,-0.364,0.166,0.471,0.64,0.42,0.862,0.703,0.782,0.594,-0.848,0.792,0.233,-0.703,0.346,0.569,0.735,0.471,-0.745,0.551,-0.759,0.501,0.293,0.826,0.725,0.554,0.376,0.697,0.171,-0.2,-0.391,-0.806,0.459,-0.757,0.867,-0.402,-0.542,0.07,0.24,-0.343,-0.638,0.35,0.234,-0.399,0.838,0.823,-0.601,0.31,0.333,0.578,0.058,0.448,0.846,-0.817,-0.398,0.737,0.741,0.581,0.909,0.35,0.807,-0.182,0.567,0.806,-0.371,0.678,0.61,0.798,-0.036,-0.696,0.441,0.256,0.781,0.293,-0.683,-0.181,-0.712,-0.013
BL,0.092,0.74,-0.871,-0.173,-0.256,-0.492,0.912,-0.557,-0.679,0.816,0.621,-0.55,0.218,-0.119,-0.226,0.623,0.12,-0.103,0.301,-0.01,0.84,0.529,-0.481,0.0,0.299,-0.407,0.773,0.458,-0.6,-0.599,-0.366,-0.446,0.016,0.683,-0.567,-0.236,-0.146,-0.586,-0.399,0.877,0.182,-0.546,0.919,-0.379,0.803,-0.257,0.714,-0.652,-0.724,0.171,-0.181,0.685,0.056,-0.058,0.155,0.392,0.244,-0.023,0.635,0.551,0.33,-0.463,-0.103,0.661,-0.117,-0.619,-0.54,0.368,0.694,0.176,0.206,-0.665,0.795,-0.652,-0.619,-0.009,-0.076,0.441,0.727,0.363,-0.786,-0.801,0.774,-0.007,0.034,-0.577,0.602,0.379,0.825,0.723,0.379,0.5,0.499,-0.362,0.808,0.506,-0.749,0.652,-0.334,0.826,0.569,0.867,-0.841,-0.372,-0.824,-0.634,-0.754,-0.815,0.344,0.325,-0.522,-0.8,-0.485,-0.345,-0.039,-0.553,-0.234,0.246,-0.505,0.665,-0.075,0.718,0.796,0.324,0.541,0.355,-0.139,-0.482,-0.335,-0.437,-0.715,0.025,0.65,-0.348,0.641,0.213,0.146,0.176,-0.324,0.177,0.729,-0.123,0.65,0.128,0.435,-0.498,-0.834,0.268,0.187,0.094,0.639,0.368,0.817,0.51,-0.401,0.666,-0.501,0.94,0.798,0.608,0.316,0.805,-0.079,0.485,-0.338,0.585,-0.292,-0.381,0.471,-0.174,0.347,-0.241,0.22,0.318,-0.536,0.483,0.258,-0.832,-0.2,-0.752,-0.613,0.037,-0.348,0.906,-0.191,-0.658,0.259,-0.74,-0.542,-0.732,0.708,0.869,0.327,0.567,-0.168,0.586,0.851,-0.114,0.515,0.618
BOKF,-0.066,0.25,0.07,0.708,0.505,-0.783,0.084,0.336,0.264,0.634,0.355,0.233,0.601,0.425,0.725,-0.215,0.708,0.062,0.914,0.726,-0.078,0.682,0.54,0.299,0.0,0.21,0.394,0.719,0.508,0.464,0.529,0.471,0.702,0.733,0.372,0.387,0.784,0.528,0.617,0.095,-0.166,-0.475,0.503,0.517,-0.18,-0.397,0.601,0.243,0.33,0.785,0.669,0.833,0.443,0.644,0.223,0.851,-0.145,0.843,0.832,0.692,0.952,0.394,-0.17,0.794,0.808,0.489,0.477,0.746,0.538,-0.507,0.637,0.303,-0.122,0.253,0.406,0.377,0.753,0.937,-0.267,0.019,0.031,-0.294,0.38,-0.162,0.716,0.466,0.462,0.207,-0.127,-0.293,-0.521,-0.322,0.866,0.55,0.148,0.098,0.287,-0.221,0.361,0.505,0.794,0.294,0.119,0.538,0.197,0.487,0.179,0.022,0.865,0.68,0.218,0.131,0.579,0.493,0.754,0.384,0.708,0.792,-0.541,0.185,0.263,-0.22,0.07,0.109,0.655,0.814,0.758,0.308,0.646,0.505,0.368,0.691,-0.403,0.416,0.884,-0.336,0.675,0.587,0.681,0.813,-0.241,0.688,-0.377,0.468,0.827,0.614,0.143,0.892,0.469,0.852,0.825,0.049,0.188,-0.411,0.394,-0.332,0.56,0.35,0.143,0.68,0.262,0.319,-0.54,0.87,-0.019,0.004,0.678,0.659,-0.057,0.366,0.832,0.634,0.41,0.899,0.432,-0.426,-0.056,0.139,0.801,0.187,0.453,0.271,0.464,0.558,0.53,0.351,0.152,0.042,0.119,0.349,0.603,-0.084,0.907,0.884,0.689,0.797,-0.109,-0.415,-0.179,0.713
BRKR,0.038,-0.193,0.469,0.311,0.256,-0.252,-0.443,0.351,0.378,-0.096,-0.421,0.572,0.512,0.248,0.426,-0.512,0.16,0.087,0.179,0.2,-0.483,-0.051,0.376,-0.407,0.21,0.0,-0.273,-0.252,0.52,0.635,0.514,0.393,0.061,-0.064,0.388,0.524,0.363,0.643,0.539,-0.288,0.402,-0.056,-0.284,0.262,-0.467,-0.007,-0.165,0.335,0.495,0.228,0.441,-0.042,-0.081,0.276,0.63,0.304,-0.164,0.485,0.107,-0.136,0.194,0.26,0.25,0.039,0.445,0.554,0.403,0.13,-0.292,-0.36,0.004,0.371,-0.579,0.348,0.426,0.2,0.243,0.19,-0.646,0.072,0.34,0.005,-0.264,0.082,0.284,0.421,-0.086,-0.069,-0.352,-0.524,-0.253,-0.279,-0.08,0.474,-0.309,-0.007,0.437,-0.446,0.44,-0.156,-0.113,-0.493,0.433,0.041,0.406,0.546,0.404,0.238,0.092,0.146,0.232,0.437,0.456,0.26,0.37,0.396,0.314,0.101,-0.147,-0.304,-0.133,-0.558,-0.355,0.039,0.093,0.037,0.318,0.193,0.355,0.387,0.508,-0.065,-0.539,0.071,-0.035,0.116,0.069,-0.104,0.6,0.383,-0.632,0.38,-0.592,-0.405,0.168,0.576,0.296,0.227,-0.134,0.198,-0.053,0.108,-0.431,-0.472,0.495,-0.534,0.506,-0.408,-0.332,-0.061,-0.159,-0.351,0.119,0.24,-0.201,-0.017,0.508,0.475,0.018,0.044,-0.091,0.138,0.008,0.139,0.192,-0.465,0.143,0.458,0.469,0.507,0.506,-0.091,0.086,-0.297,0.319,0.384,0.19,0.158,0.047,0.521,0.006,-0.49,0.168,0.059,0.321,-0.151,-0.555,-0.278,0.08,0.028
CACC,0.085,0.522,-0.619,0.2,0.22,-0.466,0.691,-0.501,-0.537,0.706,0.688,-0.634,0.453,-0.399,-0.203,0.547,0.43,-0.347,0.437,0.225,0.597,0.454,-0.109,0.773,0.394,-0.273,0.0,0.723,-0.321,-0.389,0.125,-0.276,0.293,0.691,-0.245,-0.241,-0.074,-0.362,-0.222,0.712,0.006,-0.22,0.811,-0.022,0.518,-0.626,0.85,-0.396,-0.594,0.425,0.124,0.584,0.276,-0.104,0.087,0.343,-0.043,0.11,0.728,0.78,0.375,0.008,-0.507,0.72,-0.119,-0.416,-0.328,0.324,0.634,-0.192,0.228,-0.534,0.597,-0.462,-0.526,-0.324,0.134,0.5,0.414,0.386,-0.706,-0.67,0.803,0.024,-0.062,-0.321,0.294,-0.021,0.569,0.435,0.084,0.221,0.424,-0.012,0.781,0.234,-0.509,0.223,-0.376,0.845,0.543,0.695,-0.524,-0.257,-0.563,-0.369,-0.51,-0.59,0.56,0.318,-0.329,-0.567,-0.292,0.092,-0.073,-0.351,-0.211,0.443,-0.335,0.339,0.278,0.632,0.595,0.024,0.639,0.548,-0.17,-0.468,0.016,-0.386,-0.499,0.12,0.369,0.069,0.657,-0.145,0.264,0.616,-0.173,0.162,0.56,-0.089,0.445,0.384,0.423,-0.336,-0.598,0.363,0.499,0.247,0.572,0.481,0.835,0.173,-0.33,0.468,-0.209,0.872,0.451,0.645,0.619,0.785,-0.425,0.503,-0.255,0.547,0.036,-0.111,0.164,-0.234,0.276,-0.213,0.003,0.29,-0.243,0.154,-0.05,-0.607,-0.091,-0.705,-0.231,0.442,-0.029,0.862,-0.069,-0.373,-0.146,-0.52,-0.271,-0.526,0.609,0.644,0.442,0.506,0.041,0.686,0.675,-0.259,0.174,0.409
CAR,-0.012,0.216,-0.141,0.627,0.576,-0.545,0.262,0.011,-0.032,0.563,0.634,-0.282,0.395,-0.009,0.289,0.149,0.727,-0.293,0.751,0.629,0.157,0.541,0.369,0.458,0.719,-0.252,0.723,0.0,0.204,0.047,0.408,0.172,0.696,0.66,0.207,0.067,0.428,0.125,0.214,0.27,-0.407,-0.161,0.569,0.42,0.03,-0.657,0.727,0.092,-0.052,0.681,0.459,0.671,0.471,0.305,-0.21,0.517,-0.227,0.482,0.742,0.878,0.701,0.422,-0.539,0.722,0.341,0.103,0.187,0.494,0.61,-0.478,0.47,0.015,0.176,-0.012,0.022,0.01,0.586,0.679,0.021,0.07,-0.243,-0.319,0.596,-0.095,0.335,0.209,0.263,-0.079,0.054,-0.045,-0.377,-0.131,0.705,0.41,0.4,-0.032,0.025,-0.158,-0.028,0.622,0.695,0.481,-0.049,0.42,0.005,0.164,-0.032,-0.108,0.853,0.457,0.095,-0.096,0.257,0.497,0.339,0.106,0.309,0.724,-0.298,0.133,0.463,0.212,0.236,-0.075,0.605,0.79,0.342,0.037,0.52,0.121,0.044,0.584,-0.13,0.503,0.764,-0.491,0.606,0.869,0.278,0.466,0.142,0.35,-0.029,0.783,0.626,0.203,-0.034,0.677,0.719,0.673,0.686,0.16,0.546,-0.25,0.018,0.003,0.314,0.585,0.158,0.727,0.599,0.525,-0.717,0.643,0.114,0.101,0.456,0.39,-0.162,0.127,0.635,0.372,0.178,0.621,0.361,-0.276,-0.28,-0.125,0.4,-0.24,0.262,0.568,0.414,0.715,0.218,0.161,-0.223,-0.05,0.159,0.032,0.514,0.189,0.731,0.654,0.446,0.838,0.228,-0.304,-0.34,0.458
CDNA,-0.215,-0.455,0.79,0.789,0.667,-0.226,-0.73,0.695,0.739,-0.202,-0.283,0.571,0.363,0.37,0.758,-0.714,0.488,0.087,0.475,0.559,-0.792,0.034,0.849,-0.6,0.508,0.52,-0.321,0.204,0.0,0.84,0.781,0.662,0.614,0.012,0.857,0.502,0.717,0.917,0.892,-0.691,-0.219,0.068,-0.374,0.732,-0.836,-0.128,-0.097,0.716,0.858,0.553,0.715,0.053,0.24,0.533,0.059,0.326,-0.357,0.674,0.112,0.141,0.44,0.758,-0.088,0.062,0.698,0.968,0.912,0.243,-0.191,-0.631,0.329,0.748,-0.792,0.741,0.808,0.303,0.746,0.301,-0.874,-0.172,0.661,0.376,-0.342,-0.148,0.57,0.908,-0.19,-0.218,-0.807,-0.886,-0.791,-0.691,0.256,0.773,-0.545,-0.318,0.839,-0.764,0.468,-0.273,0.131,-0.538,0.827,0.725,0.854,0.951,0.733,0.683,0.456,0.309,0.505,0.761,0.928,0.697,0.578,0.694,0.747,0.37,0.015,-0.499,0.284,-0.838,-0.675,-0.281,0.059,0.353,0.706,0.67,0.81,0.76,0.952,0.471,-0.901,0.614,0.136,-0.462,0.483,0.339,0.839,0.509,-0.826,0.578,-0.901,0.252,0.253,0.915,0.796,0.441,0.245,0.624,0.078,-0.223,-0.568,-0.806,0.702,-0.871,0.899,-0.497,-0.629,0.048,-0.051,-0.412,-0.371,0.248,0.25,-0.482,0.806,0.893,-0.522,0.32,0.302,0.715,0.056,0.393,0.774,-0.782,-0.288,0.771,0.806,0.775,0.919,0.11,0.668,-0.348,0.502,0.805,-0.141,0.632,0.523,0.917,-0.15,-0.826,0.382,0.151,0.655,0.137,-0.833,-0.342,-0.586,0.017
CG,0.016,-0.442,0.818,0.577,0.456,-0.2,-0.665,0.729,0.813,-0.189,-0.18,0.716,0.283,0.449,0.75,-0.571,0.427,0.216,0.387,0.569,-0.676,0.165,0.773,-0.599,0.464,0.635,-0.389,0.047,0.84,0.0,0.669,0.775,0.404,-0.068,0.659,0.554,0.765,0.91,0.73,-0.545,-0.218,0.087,-0.362,0.715,-0.755,-0.033,-0.193,0.786,0.86,0.32,0.723,0.045,0.421,0.603,0.16,0.292,-0.315,0.666,0.101,-0.075,0.432,0.567,0.026,-0.002,0.748,0.843,0.738,0.302,-0.154,-0.381,0.213,0.796,-0.755,0.685,0.833,0.361,0.506,0.339,-0.827,-0.241,0.724,0.436,-0.346,0.023,0.491,0.799,-0.051,-0.178,-0.746,-0.756,-0.6,-0.601,0.191,0.66,-0.53,-0.293,0.879,-0.697,0.666,-0.342,0.13,-0.482,0.741,0.653,0.835,0.851,0.857,0.709,0.343,0.297,0.699,0.858,0.792,0.633,0.657,0.823,0.725,0.482,0.024,-0.296,0.31,-0.76,-0.514,0.069,-0.028,0.291,0.719,0.58,0.785,0.789,0.834,0.492,-0.759,0.604,0.1,-0.401,0.371,0.222,0.847,0.521,-0.84,0.739,-0.744,0.166,0.331,0.892,0.792,0.455,0.122,0.474,0.127,-0.272,-0.564,-0.607,0.579,-0.767,0.784,-0.571,-0.535,0.009,-0.111,-0.433,-0.324,0.309,0.228,-0.571,0.728,0.779,-0.218,0.423,0.349,0.584,0.217,0.444,0.781,-0.648,-0.197,0.838,0.738,0.805,0.798,0.149,0.625,-0.37,0.584,0.821,-0.07,0.709,0.598,0.869,-0.116,-0.744,0.425,0.212,0.629,0.114,-0.762,-0.073,-0.477,0.127
CGBD,-0.173,-0.223,0.533,0.837,0.772,-0.282,-0.476,0.419,0.463,-0.026,-0.103,0.262,0.572,0.035,0.505,-0.5,0.584,-0.092,0.536,0.585,-0.59,0.068,0.769,-0.366,0.529,0.514,0.125,0.408,0.781,0.669,0.0,0.507,0.626,0.188,0.715,0.408,0.521,0.738,0.717,-0.415,-0.107,0.13,-0.104,0.725,-0.647,-0.415,0.236,0.552,0.536,0.68,0.709,0.118,0.31,0.295,0.128,0.341,-0.45,0.66,0.365,0.374,0.436,0.847,-0.362,0.275,0.492,0.715,0.705,0.168,-0.008,-0.742,0.303,0.461,-0.569,0.516,0.517,-0.019,0.639,0.415,-0.755,0.016,0.321,0.111,-0.05,-0.167,0.3,0.682,-0.198,-0.373,-0.572,-0.744,-0.738,-0.614,0.216,0.755,-0.228,-0.354,0.613,-0.693,0.195,0.01,0.191,-0.344,0.657,0.442,0.6,0.775,0.529,0.396,0.553,0.258,0.388,0.523,0.709,0.789,0.367,0.549,0.534,0.459,0.009,-0.407,0.417,-0.519,-0.497,-0.341,0.278,0.474,0.462,0.352,0.776,0.44,0.665,0.359,-0.752,0.624,0.276,-0.468,0.453,0.626,0.657,0.383,-0.586,0.416,-0.687,0.281,0.261,0.689,0.535,0.463,0.44,0.582,0.146,0.047,-0.222,-0.739,0.541,-0.681,0.788,-0.192,-0.497,0.169,0.276,-0.1,-0.481,0.352,0.055,-0.13,0.806,0.791,-0.449,0.079,0.236,0.457,-0.106,0.324,0.606,-0.729,-0.377,0.498,0.644,0.418,0.818,0.385,0.582,-0.073,0.408,0.66,-0.286,0.39,0.335,0.663,-0.009,-0.589,0.45,0.192,0.598,0.292,-0.556,-0.475,-0.492,0.031
