,ACET,ADAP,ADI,ADPT,ADTN,AGEN,ALGN,ALLK,AMD,AMWD,ARDX,ARQT,ASTE,AUPH,AVXL,AZTA,BAND,BECN,BFC,BGC,BHF,BHFAL,BKNG,BL,BOKF,BRKR,CACC,CAR,CDNA,CG,CGBD,CHI,CHTR,CHX,CLNE,CME,CNOB,CNXN,CPRX,CSGP,CSGS,CSIQ,CVCO,CVLT,CYRX,DDOG,DOOO,DSGX,DTIL,ECPG,EEFT,EFSC,ENTG,ESPR,ETSY,EXC,FAMI,FFIV,FITB,FIZZ,FMBH,FOX,FTNT,FULT,GABC,GEN,GH,GMAB,GNPX,GO,GOGL,GOOG,GPRO,GSHD,GSM,GWAV,HAIN,HBAN,HEPA,HURN,HWKN,IBIO,ICFI,IGMS,IMKTA,INCY,INO,IRDM,IRTC,IRWD,ITCI,JACK,JD,JJSF,KALA,KHC,KLAC,KRRO,KRYS,LANC,LBTYA,LIVN,LKCO,LNTH,LOGI,LPRO,LRCX,LSCC,LSTR,MAR,MARA,MCHP,MEOH,META,MGTX,MKSI,MMYT,MORN,MRUS,MTLS,MTSI,MVIS,MXL,NBIX,NFE,NMIH,NMRK,NNDM,NSIT,NTCT,NVAX,OCUL,ODP,OLED,ONB,OTEX,PACB,PATK,PAYX,PEP,PERI,PI,PLYA,PRDO,PRGS,PTGX,QCOM,QCRH,QDEL,QFIN,RGEN,RILY,RPAY,RPD,SABR,SEDG,SHEN,SIRI,SLNO,SNDL,SNEX,SONO,SPT,SSNC,STGW,STKL,STRL,STX,SWTX,SYNA,TFSL,TIGR,TNXP,TOWN,TRI,TRIP,TRMB,TRNS,TRS,TSCO,TSEM,TVTX,TXRH,VC,VCEL,VECO,VIAV,VICR,VIR,VRTX,VSTM,VTRS,WDFC,WSBC,WSC,WYNN,XENE,XNCR,XRAY,ZS
ACET,0.0,0.694,0.589,0.627,0.702,0.738,0.481,0.604,0.81,0.688,0.626,0.084,0.292,0.529,0.812,0.751,0.229,0.395,0.621,0.117,0.516,0.431,0.583,0.587,0.487,0.757,0.25,0.758,0.717,0.591,-0.638,0.305,0.546,0.197,0.795,0.171,0.407,0.616,0.345,0.697,0.539,0.793,0.629,0.686,0.641,-0.016,0.015,0.327,0.688,0.424,0.552,0.229,0.757,0.588,-0.129,0.125,0.311,0.611,0.209,0.623,0.408,-0.056,0.615,0.545,0.393,0.608,0.604,0.556,0.587,0.496,-0.209,-0.379,0.702,0.577,-0.189,0.439,0.613,0.491,0.652,0.593,0.045,0.603,0.686,0.766,0.444,0.704,0.76,-0.348,0.036,0.591,-0.317,0.643,0.488,0.548,0.77,-0.18,0.758,0.704,0.734,0.74,0.133,0.509,0.624,-0.532,0.665,0.665,0.741,0.712,0.713,0.552,0.587,0.721,-0.292,0.052,0.568,0.816,0.669,0.34,0.698,0.328,0.331,0.732,-0.08,0.565,0.609,0.643,0.638,0.665,0.472,0.652,0.664,0.827,0.722,0.704,0.438,0.601,0.624,0.729,0.096,-0.004,0.678,0.597,0.761,0.364,0.617,0.65,0.599,0.486,0.617,0.027,0.658,0.192,0.621,0.531,-0.202,0.698,0.677,0.683,0.689,0.348,0.504,0.68,0.642,0.576,0.561,0.657,0.657,0.683,0.642,0.756,0.468,0.525,0.289,0.396,0.543,0.657,0.69,0.252,0.49,0.416,0.525,0.686,0.387,0.694,0.841,0.396,0.608,0.691,0.739,0.622,0.79,0.651,0.616,0.466,0.713,0.608,0.618,0.735,0.64,0.697
ADAP,0.694,0.0,0.545,0.73,0.924,0.966,0.784,0.898,0.911,0.927,0.896,0.076,0.517,0.392,0.924,0.971,0.643,0.458,0.917,0.435,0.749,0.759,0.9,0.748,0.75,0.943,0.458,0.891,0.953,0.792,-0.768,0.816,0.865,0.026,0.888,0.658,0.737,0.931,0.356,0.966,0.838,0.929,0.931,0.917,0.685,-0.199,-0.278,0.505,0.576,0.853,0.94,0.545,0.913,0.798,-0.136,0.465,0.471,0.749,0.621,0.723,0.791,0.062,0.746,0.854,0.758,0.887,0.626,0.884,0.832,0.72,-0.545,-0.622,0.948,0.801,-0.254,0.556,0.899,0.7,0.661,0.932,0.206,0.516,0.95,0.629,0.757,0.948,0.89,-0.005,0.305,0.871,-0.617,0.864,0.646,0.89,0.923,-0.183,0.765,0.723,0.683,0.958,0.48,0.831,0.856,-0.664,0.931,0.95,0.76,0.82,0.932,0.763,0.93,0.755,-0.318,0.09,0.827,0.885,0.802,0.618,0.927,0.555,0.145,0.96,-0.24,0.867,0.908,0.867,0.956,0.924,0.715,0.939,0.962,0.831,0.892,0.94,0.844,0.944,0.923,0.957,0.154,0.313,0.838,0.777,0.965,0.809,0.829,0.921,0.544,0.803,0.917,0.053,0.931,0.112,0.942,0.842,-0.434,0.791,0.92,0.937,0.927,0.362,0.803,0.952,0.924,0.934,0.837,0.937,0.935,0.927,0.822,0.958,0.875,0.865,0.671,0.755,0.739,0.936,0.968,0.546,0.773,0.773,0.764,0.948,0.495,0.9,0.835,0.232,0.9,0.93,0.976,0.89,0.823,0.904,0.864,0.77,0.974,0.635,0.767,0.958,0.943,0.934
ADI,0.589,0.545,0.0,0.478,0.474,0.569,0.698,0.327,0.587,0.681,0.515,0.672,0.577,0.512,0.506,0.639,0.191,0.685,0.576,0.462,0.466,0.256,0.553,0.898,0.64,0.637,0.515,0.803,0.583,0.788,-0.442,0.412,0.18,0.576,0.734,0.044,0.251,0.61,0.156,0.635,0.257,0.63,0.594,0.483,0.816,0.333,0.397,-0.102,0.792,0.384,0.544,0.032,0.68,0.585,0.127,0.343,0.57,0.891,0.136,0.586,0.184,0.143,0.664,0.558,0.334,0.694,0.678,0.479,0.706,0.201,-0.098,0.145,0.434,0.217,0.424,0.319,0.265,0.732,0.658,0.507,0.361,0.45,0.414,0.539,0.119,0.501,0.478,-0.364,0.136,0.277,-0.455,0.216,0.622,0.249,0.559,-0.123,0.748,0.471,0.846,0.628,0.663,0.611,0.202,-0.487,0.611,0.434,0.769,0.676,0.632,0.75,0.327,0.925,0.303,0.49,0.335,0.782,0.649,0.809,0.46,0.591,0.718,0.647,0.45,0.55,0.595,0.374,0.63,0.742,0.566,0.368,0.453,0.528,0.405,0.723,0.305,0.335,0.675,0.544,0.703,-0.289,0.195,0.441,0.683,0.4,0.254,0.743,0.88,0.369,0.47,0.635,0.547,0.629,0.363,0.747,0.306,0.867,0.292,0.34,0.364,0.56,0.322,0.41,0.49,0.344,0.366,0.49,0.423,0.46,0.2,0.653,0.438,0.62,-0.05,0.365,0.33,0.443,0.602,0.314,0.368,0.096,0.805,0.465,-0.083,0.611,0.72,0.794,0.298,0.685,0.57,0.271,0.746,0.602,0.612,0.349,0.503,0.812,0.593,0.583,0.635,0.496
ADPT,0.627,0.73,0.478,0.0,0.688,0.772,0.57,0.668,0.767,0.661,0.708,-0.059,0.144,0.44,0.778,0.737,0.486,0.231,0.677,0.139,0.345,0.502,0.62,0.636,0.47,0.799,0.469,0.676,0.636,0.541,-0.741,0.582,0.69,-0.162,0.729,0.353,0.481,0.613,0.322,0.746,0.655,0.705,0.805,0.637,0.393,-0.015,-0.309,0.434,0.455,0.635,0.632,0.365,0.72,0.416,0.044,0.126,0.395,0.55,0.417,0.442,0.544,-0.302,0.407,0.587,0.495,0.583,0.502,0.688,0.602,0.62,-0.463,-0.453,0.738,0.758,-0.352,0.285,0.771,0.436,0.435,0.592,0.17,0.323,0.741,0.819,0.498,0.792,0.665,-0.234,0.181,0.737,-0.442,0.711,0.398,0.64,0.732,-0.466,0.78,0.659,0.451,0.742,0.234,0.689,0.588,-0.571,0.721,0.781,0.707,0.807,0.691,0.654,0.676,0.64,-0.505,-0.1,0.793,0.698,0.509,0.371,0.648,0.279,0.104,0.781,-0.316,0.634,0.623,0.59,0.675,0.688,0.399,0.75,0.804,0.755,0.776,0.772,0.588,0.678,0.727,0.713,0.188,0.158,0.63,0.686,0.753,0.514,0.708,0.701,0.493,0.548,0.803,-0.091,0.815,-0.067,0.742,0.589,-0.528,0.557,0.722,0.759,0.642,0.008,0.581,0.673,0.793,0.7,0.656,0.648,0.737,0.581,0.706,0.815,0.601,0.702,0.517,0.468,0.755,0.712,0.791,0.739,0.386,0.513,0.506,0.797,0.397,0.7,0.634,0.396,0.731,0.721,0.796,0.727,0.723,0.636,0.628,0.525,0.735,0.337,0.649,0.779,0.705,0.767
ADTN,0.702,0.924,0.474,0.688,0.0,0.939,0.615,0.884,0.906,0.839,0.805,-0.093,0.443,0.468,0.885,0.921,0.625,0.429,0.861,0.345,0.779,0.716,0.783,0.634,0.746,0.855,0.287,0.806,0.95,0.649,-0.683,0.711,0.898,-0.03,0.819,0.689,0.8,0.872,0.282,0.883,0.92,0.953,0.845,0.91,0.615,-0.361,-0.223,0.621,0.515,0.77,0.874,0.578,0.843,0.773,-0.209,0.519,0.374,0.634,0.703,0.747,0.841,0.161,0.706,0.844,0.793,0.844,0.685,0.781,0.77,0.731,-0.506,-0.636,0.964,0.888,-0.384,0.607,0.912,0.671,0.598,0.917,-0.028,0.534,0.912,0.586,0.836,0.912,0.91,0.134,0.221,0.879,-0.525,0.878,0.685,0.889,0.905,0.006,0.697,0.693,0.559,0.887,0.334,0.757,0.884,-0.577,0.869,0.917,0.657,0.702,0.89,0.581,0.94,0.686,-0.422,-0.06,0.731,0.828,0.701,0.433,0.923,0.593,0.077,0.904,-0.335,0.827,0.924,0.927,0.882,0.825,0.685,0.952,0.924,0.737,0.904,0.847,0.814,0.938,0.817,0.953,-0.034,0.454,0.89,0.789,0.893,0.792,0.859,0.837,0.419,0.836,0.845,-0.018,0.855,0.089,0.932,0.722,-0.473,0.718,0.914,0.944,0.911,0.315,0.837,0.952,0.838,0.891,0.863,0.948,0.855,0.886,0.826,0.885,0.848,0.791,0.601,0.772,0.658,0.908,0.917,0.451,0.828,0.837,0.701,0.901,0.665,0.916,0.779,0.097,0.855,0.875,0.937,0.924,0.741,0.916,0.81,0.83,0.905,0.588,0.631,0.903,0.846,0.884
AGEN,0.738,0.966,0.569,0.772,0.939,0.0,0.728,0.906,0.943,0.916,0.906,0.039,0.448,0.498,0.922,0.978,0.567,0.499,0.869,0.425,0.719,0.718,0.871,0.757,0.705,0.956,0.418,0.906,0.933,0.779,-0.811,0.746,0.836,0.079,0.878,0.601,0.664,0.907,0.283,0.95,0.813,0.952,0.901,0.912,0.7,-0.2,-0.198,0.47,0.66,0.775,0.882,0.447,0.936,0.807,-0.202,0.393,0.473,0.767,0.55,0.775,0.73,0.002,0.784,0.804,0.692,0.875,0.683,0.87,0.856,0.662,-0.531,-0.59,0.954,0.828,-0.267,0.622,0.887,0.648,0.681,0.891,0.126,0.475,0.944,0.682,0.737,0.95,0.893,-0.097,0.187,0.847,-0.64,0.845,0.656,0.829,0.954,-0.196,0.821,0.713,0.691,0.965,0.404,0.778,0.853,-0.726,0.949,0.931,0.814,0.83,0.941,0.763,0.894,0.761,-0.331,0.109,0.805,0.911,0.822,0.567,0.928,0.531,0.203,0.952,-0.217,0.88,0.914,0.843,0.929,0.907,0.66,0.933,0.96,0.851,0.88,0.936,0.756,0.926,0.925,0.951,0.119,0.237,0.874,0.74,0.956,0.78,0.816,0.911,0.592,0.741,0.893,0.095,0.934,0.126,0.911,0.837,-0.427,0.805,0.909,0.939,0.902,0.363,0.78,0.956,0.898,0.895,0.804,0.911,0.919,0.902,0.798,0.965,0.803,0.842,0.617,0.677,0.695,0.947,0.965,0.528,0.735,0.728,0.745,0.937,0.483,0.895,0.85,0.281,0.881,0.931,0.977,0.887,0.846,0.93,0.838,0.705,0.962,0.668,0.732,0.956,0.912,0.933
ALGN,0.481,0.784,0.698,0.57,0.615,0.728,0.0,0.657,0.661,0.79,0.742,0.494,0.531,0.187,0.693,0.762,0.645,0.387,0.716,0.467,0.453,0.593,0.84,0.862,0.599,0.783,0.737,0.797,0.717,0.828,-0.557,0.833,0.554,0.106,0.781,0.423,0.446,0.768,0.524,0.829,0.54,0.659,0.833,0.659,0.671,0.242,-0.202,0.234,0.516,0.799,0.815,0.336,0.789,0.554,0.26,0.321,0.59,0.804,0.332,0.428,0.44,-0.045,0.597,0.668,0.478,0.748,0.444,0.766,0.707,0.534,-0.338,-0.223,0.647,0.43,0.205,0.343,0.583,0.64,0.587,0.717,0.495,0.333,0.684,0.449,0.358,0.756,0.676,-0.075,0.559,0.573,-0.576,0.547,0.546,0.608,0.649,-0.383,0.711,0.563,0.713,0.733,0.73,0.834,0.484,-0.463,0.77,0.71,0.715,0.822,0.676,0.87,0.629,0.817,-0.017,0.364,0.737,0.737,0.676,0.829,0.607,0.453,0.308,0.809,0.032,0.724,0.678,0.499,0.821,0.89,0.574,0.659,0.726,0.68,0.626,0.858,0.664,0.639,0.838,0.665,0.561,0.073,0.419,0.687,0.798,0.709,0.584,0.847,0.634,0.519,0.81,0.3,0.79,0.184,0.685,0.88,-0.129,0.822,0.589,0.627,0.601,0.281,0.497,0.651,0.82,0.717,0.555,0.667,0.755,0.698,0.551,0.798,0.711,0.843,0.488,0.503,0.698,0.708,0.794,0.587,0.454,0.48,0.84,0.724,0.114,0.741,0.638,0.555,0.653,0.829,0.766,0.55,0.748,0.648,0.696,0.494,0.736,0.575,0.832,0.749,0.898,0.78
ALLK,0.604,0.898,0.327,0.668,0.884,0.906,0.657,0.0,0.857,0.803,0.883,-0.109,0.317,0.277,0.845,0.884,0.716,0.253,0.767,0.404,0.556,0.781,0.852,0.609,0.514,0.864,0.432,0.74,0.848,0.649,-0.743,0.782,0.89,-0.14,0.702,0.687,0.64,0.814,0.411,0.875,0.825,0.839,0.837,0.851,0.544,-0.237,-0.425,0.577,0.416,0.832,0.818,0.444,0.859,0.676,-0.146,0.295,0.36,0.601,0.513,0.608,0.715,-0.146,0.685,0.666,0.61,0.724,0.463,0.822,0.752,0.649,-0.512,-0.68,0.928,0.852,-0.365,0.585,0.911,0.446,0.549,0.861,0.066,0.285,0.918,0.536,0.738,0.923,0.838,0.043,0.199,0.83,-0.556,0.867,0.508,0.824,0.871,-0.268,0.689,0.583,0.501,0.849,0.361,0.716,0.891,-0.623,0.9,0.924,0.666,0.749,0.795,0.658,0.889,0.579,-0.459,0.049,0.856,0.744,0.68,0.374,0.895,0.31,0.031,0.849,-0.388,0.818,0.834,0.773,0.845,0.812,0.502,0.917,0.92,0.816,0.849,0.839,0.738,0.932,0.825,0.854,-0.063,0.336,0.887,0.747,0.84,0.79,0.863,0.793,0.386,0.646,0.855,-0.046,0.91,-0.125,0.905,0.743,-0.537,0.636,0.918,0.928,0.891,0.206,0.729,0.948,0.896,0.895,0.719,0.845,0.925,0.851,0.883,0.87,0.767,0.799,0.798,0.59,0.733,0.947,0.908,0.542,0.651,0.796,0.615,0.918,0.508,0.817,0.631,0.124,0.939,0.875,0.914,0.877,0.753,0.838,0.738,0.626,0.917,0.44,0.726,0.896,0.85,0.936
AMD,0.81,0.911,0.587,0.767,0.906,0.943,0.661,0.857,0.0,0.868,0.858,-0.002,0.358,0.478,0.937,0.935,0.507,0.417,0.807,0.294,0.639,0.635,0.854,0.718,0.6,0.937,0.426,0.875,0.876,0.703,-0.806,0.626,0.803,0.053,0.841,0.469,0.589,0.833,0.362,0.905,0.765,0.931,0.851,0.866,0.671,-0.085,-0.185,0.501,0.675,0.701,0.795,0.344,0.946,0.73,-0.141,0.268,0.391,0.725,0.458,0.711,0.64,-0.086,0.737,0.708,0.588,0.792,0.661,0.822,0.778,0.659,-0.441,-0.541,0.923,0.806,-0.281,0.59,0.86,0.583,0.687,0.836,0.058,0.511,0.899,0.753,0.65,0.931,0.862,-0.2,0.174,0.793,-0.512,0.855,0.586,0.771,0.942,-0.248,0.894,0.764,0.708,0.921,0.338,0.751,0.839,-0.717,0.902,0.894,0.861,0.871,0.885,0.732,0.836,0.792,-0.402,0.075,0.794,0.918,0.761,0.463,0.89,0.418,0.265,0.916,-0.245,0.812,0.835,0.821,0.861,0.864,0.583,0.888,0.906,0.889,0.888,0.905,0.659,0.87,0.844,0.918,0.085,0.172,0.844,0.811,0.933,0.657,0.805,0.85,0.623,0.664,0.855,0.051,0.9,0.073,0.87,0.752,-0.417,0.764,0.884,0.906,0.872,0.354,0.701,0.902,0.865,0.827,0.734,0.87,0.893,0.873,0.828,0.952,0.693,0.761,0.585,0.57,0.707,0.902,0.927,0.511,0.654,0.656,0.676,0.908,0.538,0.885,0.862,0.366,0.866,0.891,0.944,0.863,0.885,0.866,0.776,0.622,0.926,0.628,0.718,0.916,0.857,0.922
AMWD,0.688,0.927,0.681,0.661,0.839,0.916,0.79,0.803,0.868,0.0,0.91,0.305,0.68,0.447,0.844,0.953,0.545,0.66,0.875,0.633,0.764,0.72,0.887,0.842,0.757,0.929,0.505,0.941,0.9,0.907,-0.764,0.746,0.688,0.264,0.883,0.481,0.653,0.962,0.247,0.96,0.669,0.883,0.9,0.92,0.838,-0.056,-0.062,0.29,0.705,0.755,0.891,0.419,0.935,0.897,-0.178,0.455,0.574,0.883,0.473,0.814,0.664,0.065,0.882,0.813,0.703,0.918,0.61,0.832,0.921,0.489,-0.467,-0.492,0.875,0.643,-0.071,0.613,0.754,0.774,0.793,0.87,0.413,0.446,0.879,0.661,0.6,0.856,0.805,-0.183,0.179,0.691,-0.653,0.682,0.576,0.761,0.911,-0.205,0.812,0.563,0.831,0.96,0.588,0.749,0.76,-0.704,0.929,0.858,0.853,0.823,0.947,0.848,0.784,0.83,-0.048,0.372,0.723,0.942,0.895,0.737,0.912,0.586,0.407,0.916,0.067,0.863,0.878,0.792,0.974,0.931,0.805,0.792,0.87,0.834,0.767,0.944,0.741,0.855,0.933,0.929,0.3,0.064,0.712,0.679,0.958,0.677,0.638,0.93,0.734,0.721,0.805,0.244,0.87,0.339,0.827,0.872,-0.187,0.847,0.812,0.805,0.853,0.557,0.686,0.879,0.866,0.829,0.736,0.862,0.888,0.878,0.671,0.937,0.797,0.845,0.514,0.712,0.614,0.893,0.918,0.421,0.723,0.572,0.814,0.875,0.306,0.796,0.874,0.391,0.808,0.916,0.919,0.743,0.887,0.898,0.927,0.683,0.939,0.802,0.765,0.944,0.916,0.858
ARDX,0.626,0.896,0.515,0.708,0.805,0.906,0.742,0.883,0.858,0.91,0.0,0.175,0.475,0.409,0.819,0.906,0.598,0.488,0.769,0.589,0.576,0.764,0.871,0.751,0.558,0.938,0.559,0.865,0.817,0.831,-0.812,0.78,0.745,0.101,0.752,0.531,0.56,0.88,0.299,0.937,0.67,0.804,0.88,0.887,0.696,-0.005,-0.23,0.398,0.591,0.772,0.836,0.338,0.926,0.781,-0.193,0.283,0.536,0.788,0.393,0.717,0.605,-0.186,0.801,0.666,0.567,0.787,0.484,0.863,0.872,0.505,-0.495,-0.537,0.878,0.747,-0.19,0.636,0.799,0.551,0.649,0.816,0.345,0.223,0.911,0.622,0.613,0.901,0.765,-0.192,0.185,0.734,-0.612,0.725,0.482,0.747,0.894,-0.379,0.818,0.508,0.689,0.917,0.515,0.717,0.785,-0.733,0.949,0.873,0.838,0.843,0.859,0.839,0.787,0.715,-0.208,0.338,0.839,0.847,0.831,0.599,0.891,0.373,0.324,0.881,-0.099,0.878,0.801,0.702,0.908,0.866,0.627,0.819,0.897,0.872,0.77,0.901,0.682,0.864,0.904,0.869,0.155,0.061,0.755,0.714,0.905,0.706,0.713,0.868,0.644,0.588,0.835,0.131,0.913,0.141,0.822,0.838,-0.334,0.731,0.831,0.839,0.831,0.329,0.652,0.882,0.886,0.834,0.637,0.811,0.924,0.819,0.749,0.924,0.727,0.848,0.661,0.576,0.686,0.932,0.911,0.55,0.605,0.603,0.703,0.912,0.314,0.738,0.736,0.366,0.874,0.889,0.92,0.775,0.857,0.842,0.827,0.56,0.926,0.642,0.787,0.924,0.886,0.896
ARQT,0.084,0.076,0.672,-0.059,-0.093,0.039,0.494,-0.109,-0.002,0.305,0.175,0.0,0.489,0.089,-0.053,0.136,-0.021,0.524,0.092,0.575,0.062,0.018,0.171,0.575,0.246,0.17,0.425,0.383,0.089,0.572,-0.086,0.22,-0.317,0.653,0.243,-0.252,-0.137,0.212,0.054,0.201,-0.262,0.05,0.147,0.04,0.585,0.514,0.481,-0.474,0.409,0.095,0.167,-0.252,0.229,0.296,0.175,0.157,0.528,0.615,-0.271,0.216,-0.256,0.075,0.372,0.114,-0.07,0.321,0.15,0.114,0.381,-0.265,0.078,0.422,-0.072,-0.334,0.771,0.114,-0.257,0.401,0.383,0.052,0.601,-0.045,-0.067,0.043,-0.337,0.017,-0.037,-0.332,0.11,-0.244,-0.237,-0.345,0.184,-0.187,0.054,-0.128,0.271,-0.116,0.584,0.156,0.667,0.221,-0.26,-0.188,0.191,-0.034,0.36,0.259,0.137,0.502,-0.187,0.517,0.744,0.773,-0.024,0.283,0.319,0.734,0.007,0.303,0.72,0.146,0.759,0.221,0.115,-0.179,0.238,0.363,0.303,-0.185,-0.067,0.126,-0.17,0.274,-0.048,-0.133,0.285,0.023,0.739,-0.577,-0.351,0.009,0.204,0.071,-0.3,0.319,0.622,-0.116,0.018,0.734,0.095,0.705,-0.152,0.456,0.634,0.496,-0.224,-0.2,-0.099,0.416,-0.235,-0.086,0.072,-0.102,-0.17,-0.001,-0.006,0.007,-0.28,0.15,0.051,0.322,-0.287,0.002,-0.055,-0.02,0.11,-0.025,-0.05,-0.331,0.561,0.004,-0.604,0.043,0.217,0.678,-0.131,0.224,0.059,-0.294,0.341,0.121,0.281,-0.087,0.052,0.561,0.413,0.116,0.268,0.027
ASTE,0.292,0.517,0.577,0.144,0.443,0.448,0.531,0.317,0.358,0.68,0.475,0.489,0.0,0.345,0.374,0.56,0.296,0.752,0.665,0.699,0.748,0.38,0.515,0.594,0.763,0.446,0.31,0.615,0.597,0.727,-0.133,0.411,0.225,0.507,0.569,0.343,0.538,0.733,-0.071,0.55,0.287,0.488,0.539,0.61,0.715,0.012,0.301,-0.073,0.502,0.402,0.589,0.484,0.459,0.715,-0.086,0.683,0.527,0.652,0.418,0.631,0.47,0.556,0.702,0.698,0.668,0.632,0.452,0.412,0.635,0.104,-0.026,-0.104,0.38,0.139,0.323,0.358,0.23,0.798,0.513,0.602,0.539,0.466,0.43,0.23,0.39,0.318,0.422,0.094,0.142,0.3,-0.441,0.175,0.517,0.423,0.421,0.254,0.323,0.163,0.645,0.569,0.701,0.421,0.296,-0.151,0.475,0.351,0.426,0.318,0.656,0.526,0.413,0.564,0.453,0.469,0.158,0.599,0.671,0.731,0.518,0.741,0.46,0.488,0.472,0.405,0.581,0.543,0.641,0.56,0.836,0.328,0.398,0.275,0.357,0.537,0.526,0.411,0.559,0.553,0.476,0.02,0.241,0.214,0.579,0.386,0.202,0.627,0.54,0.625,0.305,0.43,0.335,0.639,0.388,0.594,0.333,0.624,0.348,0.284,0.439,0.765,0.541,0.457,0.373,0.402,0.533,0.512,0.386,0.518,0.133,0.46,0.598,0.447,-0.008,0.708,0.127,0.416,0.464,0.08,0.698,0.251,0.603,0.364,0.065,0.435,0.591,0.229,0.263,0.537,0.441,0.273,0.446,0.592,0.649,0.59,0.473,0.745,0.318,0.495,0.54,0.309
AUPH,0.529,0.392,0.512,0.44,0.468,0.498,0.187,0.277,0.478,0.447,0.409,0.089,0.345,0.0,0.423,0.494,-0.069,0.625,0.432,0.273,0.463,0.142,0.256,0.467,0.477,0.477,0.057,0.575,0.43,0.469,-0.348,0.102,0.204,0.398,0.474,0.101,0.234,0.465,-0.232,0.392,0.261,0.527,0.414,0.424,0.511,-0.068,0.415,0.065,0.683,0.113,0.28,0.13,0.43,0.481,-0.247,0.26,0.304,0.499,0.225,0.676,0.257,0.2,0.509,0.454,0.348,0.432,0.65,0.371,0.496,0.161,-0.039,0.038,0.365,0.352,0.01,0.443,0.255,0.44,0.309,0.386,0.007,0.358,0.407,0.503,0.318,0.344,0.392,-0.2,-0.185,0.365,-0.379,0.252,0.551,0.228,0.463,0.117,0.517,0.376,0.45,0.519,0.176,0.249,0.242,-0.405,0.447,0.322,0.533,0.37,0.566,0.405,0.316,0.468,0.053,0.122,0.191,0.572,0.523,0.357,0.436,0.485,0.443,0.436,0.208,0.423,0.457,0.391,0.374,0.373,0.493,0.365,0.412,0.347,0.398,0.437,0.176,0.302,0.468,0.458,0.196,-0.095,0.354,0.175,0.491,0.301,0.28,0.482,0.579,0.352,0.309,0.316,0.381,0.42,0.296,0.432,0.066,0.521,0.305,0.345,0.292,0.445,0.471,0.381,0.26,0.243,0.369,0.38,0.292,0.319,0.145,0.464,0.272,0.304,-0.11,0.369,0.137,0.375,0.42,0.248,0.427,0.156,0.345,0.329,0.205,0.435,0.609,0.366,0.2,0.451,0.449,0.365,0.444,0.525,0.35,0.317,0.363,0.644,0.167,0.421,0.303,0.294
AVXL,0.812,0.924,0.506,0.778,0.885,0.922,0.693,0.845,0.937,0.844,0.819,-0.053,0.374,0.423,0.0,0.917,0.543,0.314,0.833,0.193,0.627,0.635,0.842,0.66,0.605,0.927,0.466,0.834,0.877,0.668,-0.747,0.638,0.839,-0.067,0.882,0.496,0.618,0.84,0.473,0.895,0.789,0.895,0.889,0.865,0.584,-0.096,-0.317,0.555,0.608,0.727,0.805,0.486,0.889,0.651,-0.039,0.254,0.337,0.636,0.493,0.611,0.681,-0.056,0.635,0.735,0.63,0.737,0.604,0.826,0.685,0.764,-0.398,-0.597,0.899,0.784,-0.319,0.453,0.878,0.569,0.639,0.839,0.11,0.603,0.93,0.755,0.7,0.923,0.905,-0.106,0.326,0.86,-0.488,0.905,0.551,0.844,0.9,-0.289,0.809,0.847,0.678,0.896,0.311,0.758,0.821,-0.584,0.849,0.898,0.776,0.858,0.865,0.713,0.873,0.733,-0.487,-0.048,0.835,0.877,0.744,0.454,0.851,0.412,0.093,0.926,-0.34,0.738,0.784,0.822,0.849,0.839,0.606,0.919,0.923,0.886,0.922,0.884,0.734,0.865,0.828,0.898,0.078,0.283,0.845,0.806,0.923,0.634,0.852,0.816,0.522,0.72,0.907,-0.106,0.882,-0.029,0.911,0.72,-0.501,0.748,0.925,0.925,0.878,0.295,0.757,0.892,0.895,0.864,0.796,0.861,0.916,0.897,0.866,0.932,0.731,0.729,0.619,0.623,0.785,0.876,0.91,0.535,0.663,0.701,0.608,0.912,0.586,0.883,0.866,0.289,0.861,0.873,0.944,0.89,0.843,0.797,0.751,0.667,0.916,0.531,0.727,0.906,0.858,0.911
AZTA,0.751,0.971,0.639,0.737,0.921,0.978,0.762,0.884,0.935,0.953,0.906,0.136,0.56,0.494,0.917,0.0,0.548,0.572,0.902,0.491,0.754,0.719,0.887,0.805,0.749,0.965,0.457,0.944,0.95,0.84,-0.776,0.734,0.789,0.175,0.911,0.575,0.666,0.943,0.268,0.962,0.773,0.959,0.915,0.923,0.776,-0.134,-0.12,0.397,0.704,0.782,0.892,0.451,0.944,0.848,-0.152,0.44,0.527,0.821,0.535,0.81,0.715,0.056,0.837,0.831,0.714,0.902,0.705,0.86,0.888,0.623,-0.466,-0.547,0.933,0.767,-0.161,0.595,0.848,0.714,0.731,0.911,0.214,0.538,0.931,0.703,0.711,0.927,0.89,-0.127,0.173,0.817,-0.654,0.806,0.675,0.809,0.954,-0.179,0.829,0.698,0.769,0.987,0.502,0.795,0.826,-0.711,0.955,0.918,0.837,0.837,0.968,0.801,0.878,0.807,-0.23,0.187,0.77,0.95,0.868,0.634,0.938,0.578,0.288,0.956,-0.111,0.858,0.932,0.846,0.953,0.935,0.73,0.898,0.934,0.857,0.876,0.961,0.757,0.902,0.945,0.959,0.213,0.177,0.832,0.722,0.982,0.76,0.778,0.942,0.661,0.756,0.867,0.171,0.926,0.22,0.889,0.872,-0.316,0.857,0.891,0.9,0.897,0.471,0.782,0.944,0.894,0.868,0.816,0.908,0.904,0.904,0.764,0.969,0.81,0.838,0.565,0.71,0.666,0.932,0.964,0.498,0.768,0.685,0.782,0.922,0.43,0.896,0.89,0.335,0.855,0.953,0.969,0.841,0.878,0.939,0.871,0.714,0.966,0.74,0.749,0.967,0.93,0.912
BAND,0.229,0.643,0.191,0.486,0.625,0.567,0.645,0.716,0.507,0.545,0.598,-0.021,0.296,-0.069,0.543,0.548,0.0,-0.048,0.615,0.356,0.338,0.691,0.637,0.465,0.441,0.54,0.481,0.393,0.598,0.425,-0.384,0.837,0.756,-0.446,0.464,0.63,0.699,0.604,0.56,0.648,0.723,0.497,0.708,0.615,0.279,-0.187,-0.636,0.609,-0.049,0.843,0.717,0.623,0.545,0.34,0.244,0.316,0.311,0.366,0.577,0.17,0.682,-0.099,0.322,0.569,0.601,0.506,0.082,0.577,0.484,0.565,-0.411,-0.553,0.667,0.626,-0.317,0.327,0.717,0.398,0.28,0.657,0.284,0.077,0.623,0.258,0.551,0.665,0.561,0.368,0.503,0.662,-0.248,0.64,0.286,0.726,0.489,-0.264,0.391,0.314,0.191,0.493,0.429,0.694,0.6,-0.154,0.582,0.722,0.325,0.554,0.448,0.444,0.699,0.423,-0.387,-0.02,0.752,0.385,0.281,0.347,0.565,0.249,-0.141,0.621,-0.391,0.589,0.566,0.562,0.657,0.592,0.429,0.683,0.679,0.493,0.62,0.59,0.794,0.71,0.534,0.572,0.032,0.526,0.514,0.736,0.55,0.662,0.685,0.573,0.089,0.593,0.72,-0.211,0.671,-0.234,0.745,0.499,-0.488,0.359,0.652,0.653,0.608,-0.059,0.548,0.654,0.743,0.754,0.567,0.629,0.701,0.583,0.726,0.587,0.774,0.743,0.737,0.592,0.737,0.667,0.659,0.581,0.447,0.711,0.519,0.703,0.43,0.593,0.227,0.031,0.738,0.624,0.644,0.639,0.453,0.508,0.573,0.636,0.626,0.095,0.655,0.626,0.689,0.694
BECN,0.395,0.458,0.685,0.231,0.429,0.499,0.387,0.253,0.417,0.66,0.488,0.524,0.752,0.625,0.314,0.572,-0.048,0.0,0.506,0.704,0.69,0.278,0.393,0.621,0.668,0.486,0.139,0.695,0.536,0.735,-0.339,0.25,0.081,0.774,0.551,0.167,0.298,0.635,-0.37,0.509,0.19,0.536,0.413,0.542,0.785,0.014,0.64,-0.237,0.754,0.2,0.456,0.087,0.5,0.797,-0.406,0.554,0.563,0.753,0.218,0.845,0.278,0.398,0.799,0.566,0.463,0.683,0.68,0.362,0.741,-0.048,-0.103,0.034,0.376,0.179,0.345,0.521,0.15,0.706,0.575,0.47,0.316,0.345,0.391,0.34,0.27,0.305,0.385,-0.261,-0.18,0.184,-0.582,0.063,0.57,0.221,0.518,0.243,0.453,0.126,0.703,0.611,0.502,0.297,0.252,-0.474,0.535,0.31,0.568,0.313,0.688,0.537,0.286,0.579,0.521,0.572,0.047,0.665,0.733,0.681,0.538,0.707,0.674,0.469,0.594,0.514,0.615,0.422,0.575,0.54,0.703,0.251,0.348,0.313,0.274,0.53,0.25,0.34,0.597,0.541,0.437,-0.269,0.249,0.098,0.561,0.346,0.076,0.61,0.725,0.42,0.212,0.673,0.35,0.832,0.256,0.626,0.408,0.672,0.238,0.249,0.338,0.751,0.394,0.41,0.277,0.273,0.394,0.44,0.299,0.41,-0.007,0.474,0.37,0.422,-0.174,0.487,-0.039,0.413,0.459,-0.04,0.578,0.096,0.621,0.315,-0.085,0.379,0.658,0.365,0.181,0.509,0.428,0.216,0.491,0.647,0.604,0.39,0.445,0.915,0.252,0.483,0.453,0.288
BFC,0.621,0.917,0.576,0.677,0.861,0.869,0.716,0.767,0.807,0.875,0.769,0.092,0.665,0.432,0.833,0.902,0.615,0.506,0.0,0.437,0.806,0.66,0.809,0.731,0.879,0.835,0.376,0.826,0.92,0.759,-0.615,0.736,0.782,0.062,0.865,0.646,0.814,0.912,0.252,0.883,0.778,0.883,0.905,0.864,0.659,-0.25,-0.183,0.426,0.53,0.796,0.9,0.68,0.793,0.76,-0.073,0.602,0.502,0.704,0.705,0.698,0.842,0.245,0.691,0.945,0.865,0.849,0.626,0.792,0.77,0.653,-0.457,-0.562,0.845,0.706,-0.191,0.461,0.813,0.809,0.584,0.905,0.281,0.625,0.833,0.598,0.746,0.822,0.802,0.09,0.267,0.827,-0.536,0.766,0.679,0.852,0.815,-0.022,0.668,0.665,0.635,0.893,0.527,0.801,0.757,-0.495,0.81,0.849,0.661,0.712,0.919,0.68,0.875,0.737,-0.22,0.04,0.698,0.834,0.735,0.64,0.835,0.67,0.156,0.88,-0.146,0.742,0.861,0.88,0.898,0.848,0.798,0.855,0.874,0.688,0.829,0.872,0.879,0.856,0.837,0.909,0.259,0.356,0.734,0.672,0.905,0.728,0.739,0.898,0.51,0.89,0.819,0.056,0.801,0.207,0.866,0.755,-0.326,0.743,0.839,0.832,0.853,0.445,0.848,0.861,0.814,0.844,0.875,0.893,0.804,0.844,0.705,0.865,0.914,0.781,0.513,0.866,0.653,0.812,0.875,0.544,0.82,0.715,0.735,0.854,0.49,0.858,0.818,0.196,0.769,0.849,0.882,0.809,0.737,0.856,0.852,0.852,0.878,0.629,0.651,0.874,0.869,0.792
BGC,0.117,0.435,0.462,0.139,0.345,0.425,0.467,0.404,0.294,0.633,0.589,0.575,0.699,0.273,0.193,0.491,0.356,0.704,0.437,0.0,0.475,0.492,0.461,0.596,0.489,0.442,0.324,0.546,0.448,0.738,-0.331,0.528,0.16,0.504,0.35,0.315,0.339,0.625,-0.161,0.511,0.181,0.376,0.435,0.536,0.716,0.004,0.244,-0.143,0.403,0.433,0.498,0.118,0.483,0.717,-0.225,0.443,0.6,0.696,0.182,0.613,0.286,0.14,0.754,0.435,0.41,0.608,0.257,0.392,0.763,-0.126,-0.2,-0.115,0.387,0.176,0.305,0.554,0.201,0.539,0.491,0.472,0.554,-0.08,0.382,0.159,0.212,0.325,0.242,-0.08,-0.128,0.182,-0.489,0.043,0.327,0.241,0.427,0.003,0.359,-0.156,0.523,0.518,0.668,0.354,0.275,-0.417,0.569,0.382,0.468,0.325,0.525,0.571,0.285,0.451,0.523,0.726,0.229,0.483,0.581,0.668,0.526,0.464,0.59,0.404,0.525,0.58,0.55,0.306,0.591,0.534,0.631,0.231,0.35,0.318,0.195,0.492,0.337,0.398,0.561,0.443,0.364,-0.228,0.199,0.149,0.481,0.446,0.08,0.569,0.565,0.302,0.249,0.567,0.424,0.614,0.285,0.625,0.304,0.513,0.249,0.228,0.346,0.609,0.275,0.437,0.362,0.336,0.252,0.389,0.389,0.364,0.102,0.423,0.448,0.573,0.14,0.443,0.093,0.471,0.459,0.101,0.438,0.159,0.613,0.383,-0.207,0.256,0.333,0.292,0.325,0.517,0.407,0.168,0.458,0.574,0.62,0.32,0.46,0.683,0.44,0.486,0.492,0.335
BHF,0.516,0.749,0.466,0.345,0.779,0.719,0.453,0.556,0.639,0.764,0.576,0.062,0.748,0.463,0.627,0.754,0.338,0.69,0.806,0.475,0.0,0.55,0.607,0.521,0.887,0.606,0.048,0.705,0.846,0.638,-0.384,0.492,0.599,0.307,0.722,0.604,0.795,0.82,-0.064,0.695,0.677,0.791,0.622,0.803,0.661,-0.428,0.126,0.297,0.515,0.527,0.773,0.622,0.605,0.857,-0.379,0.784,0.369,0.585,0.732,0.81,0.792,0.617,0.727,0.87,0.873,0.825,0.691,0.569,0.692,0.451,-0.391,-0.442,0.707,0.538,-0.159,0.536,0.597,0.844,0.556,0.813,0.106,0.664,0.684,0.332,0.72,0.587,0.698,0.207,0.1,0.626,-0.504,0.565,0.685,0.718,0.692,0.408,0.406,0.475,0.567,0.752,0.384,0.531,0.655,-0.391,0.638,0.627,0.453,0.371,0.836,0.403,0.736,0.564,0.015,0.073,0.313,0.718,0.696,0.543,0.772,0.822,0.175,0.689,0.042,0.626,0.814,0.883,0.779,0.656,0.835,0.67,0.674,0.414,0.643,0.64,0.725,0.733,0.656,0.829,0.087,0.376,0.645,0.431,0.735,0.61,0.53,0.723,0.397,0.876,0.517,0.169,0.529,0.445,0.692,0.594,-0.096,0.634,0.654,0.645,0.735,0.642,0.787,0.751,0.541,0.697,0.8,0.812,0.581,0.764,0.45,0.644,0.772,0.546,0.25,0.869,0.28,0.651,0.673,0.112,0.934,0.629,0.622,0.602,0.507,0.687,0.761,-0.058,0.535,0.662,0.683,0.657,0.502,0.823,0.753,0.848,0.704,0.715,0.297,0.692,0.645,0.553
BHFAL,0.431,0.759,0.256,0.502,0.716,0.718,0.593,0.781,0.635,0.72,0.764,0.018,0.38,0.142,0.635,0.719,0.691,0.278,0.66,0.492,0.55,0.0,0.692,0.517,0.516,0.689,0.322,0.611,0.734,0.599,-0.587,0.747,0.739,-0.11,0.605,0.594,0.66,0.735,0.308,0.752,0.698,0.662,0.695,0.748,0.519,-0.276,-0.373,0.526,0.229,0.788,0.808,0.457,0.677,0.657,-0.183,0.35,0.376,0.535,0.481,0.517,0.683,-0.063,0.583,0.626,0.609,0.682,0.257,0.7,0.676,0.496,-0.58,-0.618,0.79,0.672,-0.319,0.571,0.739,0.458,0.464,0.714,0.237,0.152,0.743,0.373,0.595,0.74,0.661,0.112,0.207,0.661,-0.443,0.672,0.362,0.733,0.689,-0.192,0.482,0.339,0.414,0.697,0.378,0.611,0.744,-0.509,0.746,0.78,0.487,0.592,0.648,0.531,0.732,0.48,-0.247,0.164,0.7,0.595,0.56,0.396,0.76,0.347,0.086,0.703,-0.228,0.753,0.71,0.661,0.784,0.689,0.577,0.73,0.753,0.646,0.642,0.681,0.732,0.81,0.678,0.738,-0.047,0.316,0.687,0.63,0.704,0.696,0.645,0.677,0.303,0.605,0.69,-0.077,0.745,-0.004,0.763,0.63,-0.393,0.506,0.742,0.74,0.748,0.212,0.577,0.783,0.775,0.811,0.601,0.745,0.784,0.734,0.707,0.717,0.75,0.748,0.756,0.611,0.607,0.791,0.738,0.389,0.583,0.671,0.58,0.777,0.378,0.603,0.481,0.028,0.819,0.713,0.752,0.695,0.573,0.676,0.713,0.621,0.769,0.409,0.618,0.774,0.741,0.761
BKNG,0.583,0.9,0.553,0.62,0.783,0.871,0.84,0.852,0.854,0.887,0.871,0.171,0.515,0.256,0.842,0.887,0.637,0.393,0.809,0.461,0.607,0.692,0.0,0.773,0.593,0.887,0.636,0.841,0.827,0.815,-0.673,0.793,0.748,0.037,0.767,0.583,0.561,0.875,0.471,0.92,0.672,0.799,0.871,0.835,0.668,0.059,-0.279,0.384,0.555,0.818,0.864,0.38,0.911,0.696,-0.001,0.349,0.451,0.765,0.457,0.584,0.599,-0.045,0.738,0.705,0.587,0.779,0.504,0.868,0.768,0.584,-0.417,-0.441,0.821,0.632,-0.07,0.516,0.768,0.622,0.625,0.871,0.326,0.388,0.867,0.536,0.551,0.868,0.797,-0.083,0.378,0.697,-0.624,0.752,0.56,0.746,0.819,-0.31,0.785,0.636,0.7,0.862,0.58,0.777,0.75,-0.622,0.889,0.836,0.79,0.832,0.822,0.843,0.797,0.763,-0.224,0.257,0.81,0.833,0.764,0.655,0.828,0.405,0.253,0.869,-0.142,0.794,0.784,0.734,0.897,0.912,0.603,0.818,0.871,0.801,0.778,0.904,0.713,0.844,0.884,0.84,0.282,0.17,0.691,0.754,0.9,0.729,0.737,0.882,0.614,0.645,0.841,0.172,0.876,0.074,0.846,0.854,-0.292,0.758,0.801,0.809,0.817,0.389,0.684,0.856,0.893,0.857,0.676,0.819,0.917,0.884,0.757,0.897,0.753,0.806,0.672,0.586,0.747,0.894,0.911,0.558,0.616,0.628,0.73,0.855,0.369,0.816,0.746,0.363,0.847,0.906,0.888,0.766,0.829,0.814,0.772,0.581,0.894,0.592,0.761,0.87,0.911,0.901
BL,0.587,0.748,0.898,0.636,0.634,0.757,0.862,0.609,0.718,0.842,0.751,0.575,0.594,0.467,0.66,0.805,0.465,0.621,0.731,0.596,0.521,0.517,0.773,0.0,0.68,0.812,0.674,0.901,0.726,0.907,-0.633,0.698,0.441,0.38,0.809,0.286,0.405,0.785,0.286,0.828,0.46,0.743,0.806,0.656,0.852,0.241,0.109,0.061,0.737,0.668,0.752,0.196,0.838,0.686,0.109,0.372,0.663,0.954,0.277,0.631,0.38,0.007,0.751,0.683,0.476,0.809,0.631,0.723,0.848,0.337,-0.329,-0.087,0.642,0.418,0.271,0.454,0.515,0.743,0.697,0.701,0.459,0.345,0.638,0.573,0.293,0.715,0.631,-0.27,0.244,0.482,-0.643,0.431,0.616,0.471,0.716,-0.291,0.826,0.534,0.835,0.792,0.752,0.75,0.428,-0.632,0.824,0.663,0.85,0.827,0.761,0.897,0.542,0.934,0.14,0.491,0.614,0.853,0.749,0.873,0.651,0.586,0.599,0.808,0.281,0.751,0.735,0.51,0.823,0.911,0.63,0.594,0.695,0.696,0.568,0.889,0.525,0.586,0.874,0.697,0.63,-0.153,0.393,0.593,0.833,0.623,0.466,0.898,0.864,0.494,0.701,0.527,0.778,0.45,0.607,0.914,0.073,0.907,0.525,0.565,0.57,0.507,0.48,0.638,0.75,0.604,0.509,0.662,0.684,0.654,0.431,0.83,0.651,0.831,0.297,0.501,0.554,0.687,0.805,0.543,0.468,0.309,0.881,0.686,0.006,0.731,0.738,0.724,0.582,0.872,0.773,0.482,0.861,0.744,0.767,0.474,0.722,0.781,0.761,0.783,0.828,0.73
BOKF,0.487,0.75,0.64,0.47,0.746,0.705,0.599,0.514,0.6,0.757,0.558,0.246,0.763,0.477,0.605,0.749,0.441,0.668,0.879,0.489,0.887,0.516,0.593,0.68,0.0,0.629,0.21,0.736,0.835,0.706,-0.392,0.62,0.573,0.271,0.777,0.586,0.816,0.807,0.024,0.723,0.674,0.78,0.724,0.723,0.667,-0.318,0.111,0.281,0.496,0.625,0.818,0.656,0.601,0.76,-0.167,0.816,0.514,0.679,0.751,0.724,0.787,0.567,0.641,0.95,0.886,0.851,0.706,0.592,0.717,0.512,-0.398,-0.331,0.671,0.526,-0.023,0.402,0.584,0.938,0.502,0.797,0.239,0.633,0.631,0.393,0.648,0.603,0.658,0.213,0.224,0.644,-0.508,0.513,0.774,0.692,0.641,0.295,0.468,0.506,0.574,0.741,0.54,0.691,0.541,-0.354,0.644,0.652,0.478,0.468,0.812,0.511,0.716,0.692,0.047,0.078,0.385,0.715,0.641,0.706,0.689,0.88,0.229,0.732,0.075,0.65,0.812,0.801,0.788,0.727,0.842,0.663,0.669,0.404,0.636,0.707,0.784,0.678,0.709,0.794,0.358,0.355,0.511,0.49,0.756,0.683,0.527,0.8,0.467,0.888,0.598,0.263,0.584,0.486,0.68,0.681,-0.056,0.711,0.589,0.615,0.667,0.524,0.767,0.68,0.586,0.671,0.798,0.796,0.551,0.678,0.411,0.676,0.862,0.692,0.207,0.906,0.396,0.613,0.708,0.324,0.845,0.599,0.763,0.628,0.386,0.748,0.733,0.135,0.498,0.705,0.696,0.613,0.547,0.793,0.794,0.884,0.668,0.702,0.445,0.703,0.712,0.566
BRKR,0.757,0.943,0.637,0.799,0.855,0.956,0.783,0.864,0.937,0.929,0.938,0.17,0.446,0.477,0.927,0.965,0.54,0.486,0.835,0.442,0.606,0.689,0.887,0.812,0.629,0.0,0.563,0.933,0.871,0.834,-0.84,0.737,0.763,0.117,0.88,0.473,0.557,0.893,0.36,0.959,0.704,0.898,0.924,0.877,0.728,0.003,-0.19,0.404,0.7,0.77,0.845,0.349,0.965,0.758,-0.077,0.267,0.514,0.82,0.411,0.724,0.612,-0.143,0.774,0.726,0.585,0.831,0.618,0.878,0.855,0.62,-0.455,-0.518,0.902,0.751,-0.156,0.559,0.831,0.612,0.706,0.837,0.274,0.431,0.926,0.768,0.615,0.942,0.842,-0.257,0.213,0.79,-0.606,0.794,0.576,0.763,0.938,-0.381,0.901,0.707,0.77,0.964,0.485,0.79,0.784,-0.751,0.953,0.912,0.898,0.924,0.91,0.87,0.819,0.818,-0.278,0.214,0.854,0.934,0.843,0.625,0.887,0.436,0.319,0.951,-0.134,0.854,0.838,0.744,0.917,0.926,0.645,0.868,0.928,0.925,0.852,0.962,0.692,0.856,0.938,0.907,0.237,0.073,0.78,0.76,0.97,0.698,0.761,0.911,0.707,0.638,0.901,0.133,0.957,0.146,0.86,0.863,-0.36,0.832,0.868,0.885,0.851,0.364,0.687,0.891,0.914,0.84,0.717,0.847,0.928,0.855,0.778,0.985,0.733,0.847,0.602,0.59,0.743,0.919,0.956,0.572,0.619,0.61,0.744,0.935,0.364,0.852,0.864,0.454,0.868,0.935,0.965,0.815,0.922,0.864,0.831,0.596,0.95,0.678,0.824,0.956,0.923,0.924
CACC,0.25,0.458,0.515,0.469,0.287,0.418,0.737,0.432,0.426,0.505,0.559,0.425,0.31,0.057,0.466,0.457,0.481,0.139,0.376,0.324,0.048,0.322,0.636,0.674,0.21,0.563,0.0,0.541,0.345,0.577,-0.342,0.563,0.303,0.028,0.447,0.16,0.081,0.491,0.515,0.578,0.227,0.302,0.612,0.368,0.417,0.591,-0.226,0.066,0.378,0.55,0.464,0.069,0.569,0.205,0.413,0.032,0.37,0.579,0.061,0.128,0.097,-0.309,0.333,0.275,0.145,0.339,0.188,0.519,0.447,0.257,-0.082,0.061,0.336,0.208,0.277,0.083,0.315,0.318,0.422,0.384,0.511,0.06,0.464,0.383,0.072,0.5,0.381,-0.199,0.504,0.267,-0.478,0.275,0.181,0.299,0.394,-0.615,0.588,0.375,0.524,0.435,0.688,0.522,0.172,-0.295,0.55,0.414,0.598,0.692,0.368,0.777,0.313,0.603,-0.025,0.392,0.59,0.49,0.418,0.586,0.334,0.165,0.32,0.557,0.081,0.415,0.319,0.16,0.518,0.617,0.259,0.374,0.466,0.513,0.357,0.596,0.308,0.316,0.604,0.334,0.505,-0.164,0.116,0.527,0.521,0.345,0.346,0.52,0.584,0.189,0.553,0.268,0.563,0.05,0.413,0.646,-0.016,0.564,0.334,0.327,0.29,0.128,0.265,0.327,0.623,0.412,0.232,0.311,0.554,0.375,0.342,0.557,0.375,0.579,0.345,0.172,0.562,0.469,0.535,0.533,0.105,0.118,0.473,0.465,-0.115,0.443,0.327,0.651,0.431,0.609,0.5,0.264,0.627,0.322,0.452,0.151,0.436,0.3,0.635,0.495,0.575,0.536
CAR,0.758,0.891,0.803,0.676,0.806,0.906,0.797,0.74,0.875,0.941,0.865,0.383,0.615,0.575,0.834,0.944,0.393,0.695,0.826,0.546,0.705,0.611,0.841,0.901,0.736,0.933,0.541,0.0,0.877,0.915,-0.741,0.658,0.599,0.395,0.907,0.399,0.506,0.9,0.23,0.922,0.598,0.896,0.855,0.829,0.879,0.071,0.09,0.198,0.836,0.673,0.823,0.275,0.933,0.845,-0.127,0.417,0.605,0.928,0.373,0.827,0.53,0.074,0.861,0.767,0.586,0.891,0.74,0.816,0.898,0.483,-0.386,-0.313,0.808,0.595,0.079,0.584,0.674,0.755,0.786,0.816,0.311,0.517,0.821,0.683,0.52,0.843,0.798,-0.275,0.167,0.646,-0.686,0.625,0.68,0.644,0.895,-0.201,0.87,0.661,0.893,0.946,0.617,0.747,0.649,-0.745,0.918,0.789,0.903,0.847,0.926,0.88,0.718,0.906,-0.005,0.374,0.669,0.973,0.894,0.771,0.843,0.614,0.506,0.915,0.135,0.829,0.857,0.71,0.91,0.943,0.723,0.755,0.829,0.819,0.736,0.949,0.611,0.751,0.943,0.872,0.403,-0.057,0.648,0.643,0.954,0.671,0.609,0.933,0.833,0.629,0.777,0.389,0.851,0.423,0.743,0.916,-0.083,0.941,0.729,0.752,0.765,0.575,0.641,0.81,0.81,0.731,0.674,0.81,0.805,0.814,0.582,0.933,0.702,0.81,0.378,0.603,0.561,0.826,0.896,0.443,0.664,0.475,0.838,0.816,0.221,0.833,0.919,0.547,0.71,0.928,0.898,0.675,0.915,0.885,0.843,0.586,0.876,0.865,0.747,0.902,0.891,0.824
CDNA,0.717,0.953,0.583,0.636,0.95,0.933,0.717,0.848,0.876,0.9,0.817,0.089,0.597,0.43,0.877,0.95,0.598,0.536,0.92,0.448,0.846,0.734,0.827,0.726,0.835,0.871,0.345,0.877,0.0,0.762,-0.658,0.735,0.825,0.129,0.89,0.674,0.791,0.923,0.287,0.915,0.853,0.96,0.866,0.919,0.726,-0.292,-0.136,0.475,0.593,0.798,0.923,0.572,0.862,0.843,-0.191,0.602,0.479,0.736,0.671,0.785,0.818,0.243,0.781,0.906,0.816,0.91,0.713,0.792,0.833,0.671,-0.479,-0.573,0.928,0.782,-0.213,0.594,0.849,0.785,0.674,0.939,0.11,0.616,0.891,0.56,0.787,0.89,0.915,0.092,0.251,0.835,-0.598,0.809,0.735,0.86,0.901,0.02,0.692,0.68,0.685,0.922,0.488,0.786,0.836,-0.577,0.887,0.889,0.684,0.712,0.931,0.656,0.921,0.762,-0.245,0.077,0.693,0.878,0.785,0.592,0.916,0.685,0.165,0.928,-0.176,0.834,0.948,0.915,0.936,0.891,0.756,0.906,0.904,0.74,0.866,0.89,0.831,0.912,0.872,0.958,0.122,0.356,0.823,0.733,0.932,0.798,0.8,0.899,0.507,0.857,0.826,0.113,0.842,0.239,0.9,0.804,-0.322,0.819,0.876,0.89,0.9,0.449,0.83,0.937,0.842,0.883,0.867,0.941,0.846,0.907,0.757,0.9,0.888,0.817,0.543,0.807,0.619,0.888,0.922,0.413,0.863,0.778,0.781,0.889,0.534,0.917,0.842,0.166,0.816,0.909,0.932,0.85,0.774,0.939,0.859,0.841,0.92,0.692,0.674,0.923,0.899,0.867
CG,0.591,0.792,0.788,0.541,0.649,0.779,0.828,0.649,0.703,0.907,0.831,0.572,0.727,0.469,0.668,0.84,0.425,0.735,0.759,0.738,0.638,0.599,0.815,0.907,0.706,0.834,0.577,0.915,0.762,0.0,-0.62,0.699,0.458,0.447,0.789,0.377,0.464,0.868,0.202,0.855,0.457,0.742,0.795,0.772,0.883,0.161,0.131,0.086,0.725,0.655,0.789,0.262,0.845,0.814,-0.072,0.434,0.665,0.943,0.292,0.735,0.442,0.082,0.862,0.708,0.542,0.836,0.583,0.758,0.887,0.32,-0.302,-0.207,0.673,0.422,0.25,0.559,0.516,0.764,0.688,0.76,0.528,0.333,0.716,0.528,0.396,0.7,0.646,-0.245,0.182,0.521,-0.639,0.446,0.63,0.539,0.733,-0.195,0.766,0.44,0.862,0.846,0.738,0.698,0.509,-0.636,0.847,0.685,0.834,0.762,0.829,0.899,0.591,0.851,0.215,0.563,0.598,0.868,0.859,0.881,0.74,0.585,0.611,0.788,0.316,0.784,0.759,0.579,0.862,0.892,0.752,0.605,0.711,0.717,0.591,0.87,0.578,0.653,0.881,0.76,0.54,-0.14,0.465,0.527,0.864,0.645,0.471,0.909,0.839,0.544,0.667,0.505,0.761,0.523,0.62,0.915,0.092,0.878,0.576,0.591,0.652,0.598,0.541,0.705,0.726,0.655,0.544,0.712,0.725,0.726,0.448,0.821,0.667,0.801,0.329,0.578,0.519,0.743,0.812,0.422,0.593,0.371,0.868,0.711,0.041,0.677,0.789,0.578,0.609,0.852,0.78,0.517,0.826,0.793,0.814,0.51,0.776,0.859,0.749,0.797,0.843,0.713
CGBD,-0.638,-0.768,-0.442,-0.741,-0.683,-0.811,-0.557,-0.743,-0.806,-0.764,-0.812,-0.086,-0.133,-0.348,-0.747,-0.776,-0.384,-0.339,-0.615,-0.331,-0.384,-0.587,-0.673,-0.633,-0.392,-0.84,-0.342,-0.741,-0.658,-0.62,0.0,-0.61,-0.638,-0.023,-0.677,-0.254,-0.391,-0.649,-0.247,-0.788,-0.565,-0.74,-0.725,-0.672,-0.55,0.111,0.237,-0.331,-0.556,-0.59,-0.655,-0.11,-0.828,-0.646,0.283,-0.031,-0.401,-0.661,-0.209,-0.609,-0.457,0.381,-0.609,-0.499,-0.357,-0.699,-0.4,-0.776,-0.726,-0.455,0.647,0.58,-0.806,-0.68,0.318,-0.567,-0.755,-0.357,-0.645,-0.6,-0.14,-0.124,-0.75,-0.686,-0.461,-0.827,-0.624,0.415,0.007,-0.602,0.487,-0.678,-0.292,-0.611,-0.85,0.461,-0.789,-0.525,-0.59,-0.808,-0.205,-0.594,-0.719,0.876,-0.812,-0.801,-0.789,-0.804,-0.726,-0.689,-0.617,-0.612,0.319,-0.19,-0.784,-0.741,-0.653,-0.406,-0.753,-0.177,-0.244,-0.755,0.177,-0.802,-0.642,-0.543,-0.737,-0.734,-0.397,-0.709,-0.774,-0.858,-0.645,-0.795,-0.511,-0.747,-0.762,-0.74,-0.059,0.063,-0.703,-0.601,-0.765,-0.524,-0.568,-0.709,-0.563,-0.39,-0.768,-0.016,-0.828,-0.005,-0.693,-0.65,0.458,-0.586,-0.747,-0.778,-0.74,-0.157,-0.387,-0.735,-0.777,-0.688,-0.466,-0.679,-0.792,-0.695,-0.684,-0.837,-0.532,-0.729,-0.621,-0.346,-0.615,-0.781,-0.784,-0.482,-0.355,-0.457,-0.59,-0.829,-0.221,-0.61,-0.675,-0.365,-0.806,-0.707,-0.815,-0.69,-0.793,-0.675,-0.714,-0.38,-0.833,-0.496,-0.734,-0.82,-0.735,-0.819
CHI,0.305,0.816,0.412,0.582,0.711,0.746,0.833,0.782,0.626,0.746,0.78,0.22,0.411,0.102,0.638,0.734,0.837,0.25,0.736,0.528,0.492,0.747,0.793,0.698,0.62,0.737,0.563,0.658,0.735,0.699,-0.61,0.0,0.763,-0.171,0.629,0.692,0.682,0.764,0.44,0.824,0.737,0.654,0.839,0.705,0.488,-0.139,-0.445,0.491,0.22,0.929,0.89,0.521,0.721,0.574,0.042,0.454,0.506,0.644,0.591,0.42,0.69,-0.039,0.519,0.721,0.649,0.753,0.33,0.788,0.707,0.619,-0.609,-0.482,0.764,0.654,-0.144,0.429,0.758,0.589,0.406,0.8,0.353,0.109,0.751,0.305,0.571,0.802,0.65,0.206,0.506,0.712,-0.542,0.656,0.501,0.767,0.653,-0.271,0.552,0.442,0.421,0.708,0.6,0.83,0.643,-0.486,0.79,0.827,0.527,0.69,0.653,0.692,0.771,0.61,-0.216,0.152,0.807,0.585,0.542,0.664,0.696,0.445,0.051,0.777,-0.239,0.82,0.733,0.613,0.832,0.821,0.559,0.77,0.805,0.598,0.662,0.786,0.824,0.807,0.793,0.725,0.273,0.368,0.551,0.737,0.746,0.863,0.685,0.799,0.354,0.643,0.843,0.093,0.828,0.01,0.808,0.789,-0.396,0.597,0.689,0.749,0.707,0.085,0.594,0.753,0.842,0.842,0.626,0.772,0.801,0.711,0.678,0.762,0.858,0.921,0.725,0.659,0.751,0.793,0.827,0.647,0.549,0.72,0.771,0.811,0.299,0.719,0.457,0.199,0.791,0.786,0.797,0.705,0.618,0.696,0.74,0.663,0.775,0.387,0.77,0.771,0.86,0.815
