,ACET,ADAP,ADI,ADPT,ADTN,AGEN,ALGN,ALLK,AMD,AMWD,ARDX,ARQT,ASTE,AUPH,AVXL,AZTA,BAND,BECN,BFC,BGC,BHF,BHFAL,BKNG,BL,BOKF,BRKR,CACC,CAR,CDNA,CG,CGBD,CHI,CHTR,CHX,CLNE,CME,CNOB,CNXN,CPRX,CSGP,CSGS,CSIQ,CVCO,CVLT,CYRX,DDOG,DOOO,DSGX,DTIL,ECPG,EEFT,EFSC,ENTG,ESPR,ETSY,EXC,FAMI,FFIV,FITB,FIZZ,FMBH,FOX,FTNT,FULT,GABC,GEN,GH,GMAB,GNPX,GO,GOGL,GOOG,GPRO,GSHD,GSM,GWAV,HAIN,HBAN,HEPA,HURN,HWKN,IBIO,ICFI,IGMS,IMKTA,INCY,INO,IRDM,IRTC,IRWD,ITCI,JACK,JD,JJSF,KALA,KHC,KLAC,KRRO,KRYS,LANC,LBTYA,LIVN,LKCO,LNTH,LOGI,LPRO,LRCX,LSCC,LSTR,MAR,MARA,MCHP,MEOH,META,MGTX,MKSI,MMYT,MORN,MRUS,MTLS,MTSI,MVIS,MXL,NBIX,NFE,NMIH,NMRK,NNDM,NSIT,NTCT,NVAX,OCUL,ODP,OLED,ONB,OTEX,PACB,PATK,PAYX,PEP,PERI,PI,PLYA,PRDO,PRGS,PTGX,QCOM,QCRH,QDEL,QFIN,RGEN,RILY,RPAY,RPD,SABR,SEDG,SHEN,SIRI,SLNO,SNDL,SNEX,SONO,SPT,SSNC,STGW,STKL,STRL,STX,SWTX,SYNA,TFSL,TIGR,TNXP,TOWN,TRI,TRIP,TRMB,TRNS,TRS,TSCO,TSEM,TVTX,TXRH,VC,VCEL,VECO,VIAV,VICR,VIR,VRTX,VSTM,VTRS,WDFC,WSBC,WSC,WYNN,XENE,XNCR,XRAY,ZS
ACET,0.0,-0.777,-0.727,-0.692,-0.365,-0.795,0.679,-0.544,-0.131,-0.749,-0.44,0.231,0.702,-0.511,-0.509,-0.168,-0.579,-0.136,-0.516,-0.564,0.523,0.154,-0.545,0.104,-0.609,0.577,0.422,-0.571,-0.619,0.549,-0.741,-0.518,-0.314,0.714,-0.703,0.76,-0.354,-0.131,-0.523,-0.415,0.709,-0.672,-0.557,-0.752,0.39,0.203,-0.003,-0.579,-0.673,-0.476,-0.585,-0.301,-0.54,-0.472,0.484,-0.585,0.42,0.642,-0.611,-0.576,-0.648,-0.508,0.491,-0.856,0.313,-0.423,-0.643,-0.338,-0.51,0.603,-0.808,-0.72,-0.229,-0.332,-0.717,0.387,-0.748,-0.624,0.405,0.676,-0.257,-0.262,-0.558,-0.797,0.098,-0.619,-0.79,-0.758,0.68,0.468,0.667,0.722,-0.807,-0.459,-0.593,0.533,-0.753,0.769,0.076,-0.727,-0.272,-0.756,-0.347,-0.774,-0.611,-0.683,-0.461,-0.354,-0.721,0.387,0.029,-0.69,-0.61,0.437,-0.421,-0.708,-0.722,0.262,-0.743,-0.425,-0.635,-0.035,0.483,-0.281,0.512,-0.676,-0.61,-0.431,-0.457,-0.548,-0.57,-0.515,0.467,-0.603,-0.741,0.547,-0.717,-0.552,-0.307,-0.591,-0.748,-0.868,0.35,-0.669,0.156,-0.419,-0.764,-0.179,-0.629,-0.63,-0.304,-0.715,-0.567,0.464,-0.7,0.078,-0.309,0.15,-0.714,-0.742,-0.7,0.166,0.556,-0.616,-0.78,0.422,-0.534,-0.578,-0.224,-0.764,-0.702,-0.816,-0.69,0.02,-0.598,0.389,0.264,-0.395,-0.62,-0.847,-0.625,-0.447,-0.684,-0.773,-0.713,-0.686,0.454,0.391,-0.686,-0.471,-0.618,-0.091,-0.486,-0.01,-0.344,0.159,-0.413,-0.653,0.648,-0.386
ADAP,-0.777,0.0,0.643,0.551,0.201,0.715,-0.539,0.514,0.246,0.696,0.33,-0.028,-0.608,0.69,0.511,0.216,0.454,0.329,0.424,0.412,-0.338,-0.068,0.42,0.105,0.579,-0.402,-0.58,0.409,0.467,-0.395,0.628,0.568,0.257,-0.766,0.567,-0.543,0.366,0.154,0.388,0.376,-0.543,0.629,0.639,0.657,-0.244,-0.025,-0.031,0.558,0.614,0.336,0.477,0.219,0.494,0.55,-0.343,0.523,-0.374,-0.595,0.524,0.392,0.579,0.369,-0.309,0.753,-0.197,0.338,0.569,0.324,0.534,-0.415,0.674,0.591,0.337,0.436,0.681,-0.285,0.586,0.618,-0.457,-0.572,0.32,0.344,0.424,0.703,-0.07,0.454,0.881,0.713,-0.466,-0.333,-0.454,-0.579,0.699,0.304,0.484,-0.459,0.649,-0.543,0.135,0.523,0.225,0.7,0.196,0.655,0.503,0.587,0.442,0.27,0.533,-0.334,0.139,0.635,0.472,-0.299,0.432,0.617,0.685,-0.174,0.614,0.547,0.596,0.013,-0.292,0.602,-0.573,0.548,0.58,0.469,0.354,0.514,0.452,0.443,-0.306,0.481,0.652,-0.389,0.624,0.467,0.252,0.34,0.675,0.724,-0.195,0.515,-0.018,0.442,0.674,0.175,0.549,0.512,0.449,0.568,0.471,-0.272,0.7,-0.005,0.176,-0.086,0.736,0.674,0.61,0.078,-0.409,0.515,0.686,-0.298,0.406,0.528,0.455,0.712,0.63,0.751,0.66,0.096,0.485,-0.237,-0.138,0.406,0.551,0.717,0.489,0.395,0.614,0.643,0.712,0.598,-0.341,-0.313,0.586,0.424,0.495,0.081,0.369,0.11,0.153,-0.094,0.446,0.571,-0.486,0.525
ADI,-0.727,0.643,0.0,0.868,0.671,0.575,-0.592,0.682,0.591,0.86,0.553,-0.246,-0.526,0.468,0.63,0.159,0.799,0.018,0.735,0.858,-0.593,0.236,0.817,0.089,0.872,-0.306,-0.09,0.72,0.773,-0.194,0.894,0.825,0.512,-0.462,0.868,-0.436,0.683,0.633,0.642,0.46,-0.637,0.65,0.754,0.821,-0.666,-0.412,0.366,0.8,0.754,0.703,0.781,0.445,0.718,0.736,-0.34,0.728,-0.589,-0.283,0.843,0.63,0.83,0.767,-0.613,0.824,0.089,0.677,0.824,0.481,0.604,-0.766,0.846,0.791,-0.101,0.476,0.868,-0.35,0.797,0.863,-0.643,-0.525,0.498,0.234,0.646,0.693,0.044,0.72,0.681,0.595,-0.791,-0.694,-0.794,-0.718,0.866,0.758,0.483,-0.548,0.958,-0.856,0.1,0.748,0.491,0.692,0.581,0.772,0.831,0.871,0.848,0.558,0.895,-0.045,0.503,0.902,0.831,-0.082,0.61,0.87,0.911,0.107,0.538,0.329,0.823,-0.153,-0.304,0.39,-0.269,0.81,0.831,0.494,0.803,0.708,0.744,0.516,-0.686,0.839,0.841,-0.674,0.734,0.785,0.717,0.752,0.533,0.842,-0.494,0.728,0.352,0.707,0.863,0.506,0.801,0.826,0.694,0.672,0.617,-0.643,0.7,-0.373,0.665,0.063,0.544,0.797,0.795,0.123,-0.716,0.87,0.692,-0.294,0.854,0.888,0.179,0.798,0.721,0.852,0.652,0.371,0.778,-0.646,-0.416,0.804,0.836,0.793,0.86,0.604,0.877,0.813,0.792,0.908,-0.606,-0.202,0.698,0.771,0.776,-0.135,0.686,0.285,0.698,0.305,0.182,0.474,-0.678,0.617
ADPT,-0.692,0.551,0.868,0.0,0.872,0.437,-0.781,0.819,0.29,0.859,0.68,-0.248,-0.682,0.519,0.804,0.064,0.912,-0.261,0.918,0.853,-0.686,0.282,0.911,-0.075,0.901,-0.498,-0.079,0.9,0.943,-0.433,0.934,0.817,0.769,-0.418,0.879,-0.379,0.841,0.594,0.795,0.108,-0.769,0.681,0.702,0.885,-0.796,-0.657,0.467,0.797,0.892,0.886,0.914,0.727,0.444,0.773,-0.528,0.846,-0.745,-0.372,0.934,0.885,0.931,0.914,-0.775,0.819,0.253,0.747,0.918,0.691,0.719,-0.907,0.844,0.706,-0.107,0.699,0.862,-0.309,0.962,0.913,-0.54,-0.73,0.478,0.344,0.721,0.594,0.173,0.893,0.635,0.352,-0.894,-0.777,-0.895,-0.853,0.868,0.888,0.569,-0.755,0.84,-0.869,0.171,0.838,0.704,0.767,0.786,0.887,0.96,0.97,0.61,0.208,0.918,-0.295,0.381,0.634,0.888,0.17,0.781,0.774,0.915,0.37,0.477,0.177,0.586,-0.206,-0.631,0.301,-0.089,0.909,0.889,0.502,0.913,0.767,0.867,0.745,-0.832,0.88,0.914,-0.825,0.875,0.902,0.778,0.78,0.457,0.747,-0.633,0.838,0.453,0.861,0.93,0.721,0.899,0.933,0.562,0.382,0.628,-0.829,0.663,-0.537,0.838,0.202,0.497,0.865,0.792,0.081,-0.859,0.902,0.778,-0.54,0.918,0.934,-0.1,0.613,0.854,0.903,0.607,0.511,0.903,-0.832,-0.646,0.891,0.822,0.625,0.958,0.805,0.877,0.842,0.835,0.923,-0.724,-0.16,0.827,0.915,0.949,-0.291,0.873,0.575,0.769,0.406,0.179,0.505,-0.852,0.379
ADTN,-0.365,0.201,0.671,0.872,0.0,0.118,-0.699,0.769,0.18,0.627,0.64,-0.263,-0.518,0.321,0.683,-0.062,0.872,-0.543,0.878,0.771,-0.67,0.332,0.857,-0.153,0.773,-0.383,0.149,0.859,0.86,-0.354,0.776,0.704,0.825,-0.142,0.691,-0.098,0.849,0.618,0.691,-0.096,-0.654,0.506,0.481,0.725,-0.86,-0.82,0.558,0.674,0.775,0.867,0.841,0.743,0.215,0.687,-0.465,0.723,-0.692,-0.177,0.843,0.879,0.811,0.906,-0.759,0.584,0.413,0.667,0.763,0.66,0.587,-0.885,0.661,0.48,-0.298,0.682,0.644,-0.199,0.815,0.784,-0.39,-0.609,0.44,0.298,0.658,0.306,0.203,0.799,0.291,-0.005,-0.816,-0.742,-0.83,-0.729,0.645,0.952,0.476,-0.698,0.621,-0.74,0.238,0.736,0.674,0.574,0.854,0.712,0.87,0.851,0.447,0.003,0.757,-0.242,0.401,0.376,0.756,0.448,0.738,0.574,0.716,0.588,0.224,-0.077,0.339,-0.226,-0.601,0.117,0.182,0.803,0.742,0.28,0.901,0.561,0.748,0.682,-0.857,0.786,0.738,-0.785,0.683,0.851,0.766,0.682,0.187,0.47,-0.632,0.722,0.603,0.808,0.752,0.79,0.773,0.845,0.429,0.092,0.541,-0.881,0.39,-0.656,0.916,0.313,0.244,0.676,0.638,0.022,-0.82,0.787,0.59,-0.464,0.913,0.819,-0.388,0.358,0.689,0.67,0.367,0.574,0.824,-0.911,-0.707,0.865,0.659,0.293,0.882,0.808,0.716,0.666,0.661,0.796,-0.71,-0.082,0.679,0.908,0.864,-0.401,0.853,0.681,0.814,0.507,0.035,0.319,-0.777,0.12
AGEN,-0.795,0.715,0.575,0.437,0.118,0.0,-0.505,0.466,0.167,0.671,0.507,-0.463,-0.693,0.435,0.159,0.558,0.469,0.124,0.311,0.528,-0.149,-0.121,0.293,0.298,0.414,-0.565,-0.448,0.412,0.258,-0.548,0.569,0.521,0.089,-0.843,0.432,-0.761,0.153,-0.183,0.07,0.715,-0.667,0.787,0.599,0.667,-0.095,-0.045,-0.208,0.615,0.358,0.159,0.426,0.089,0.652,0.36,-0.445,0.229,-0.04,-0.67,0.45,0.34,0.471,0.291,-0.444,0.825,-0.582,-0.027,0.271,0.128,0.493,-0.355,0.729,0.739,0.454,0.229,0.521,-0.502,0.458,0.482,-0.351,-0.565,0.344,0.368,0.633,0.928,-0.479,0.29,0.718,0.91,-0.487,-0.107,-0.404,-0.597,0.72,0.249,0.633,-0.485,0.669,-0.588,-0.169,0.611,0.135,0.749,0.035,0.629,0.368,0.391,0.431,0.427,0.572,-0.373,0.175,0.707,0.288,-0.587,0.179,0.704,0.505,-0.395,0.907,0.654,0.735,0.373,-0.16,0.545,-0.735,0.598,0.39,0.15,0.263,0.336,0.152,0.334,-0.089,0.549,0.622,-0.446,0.473,0.44,-0.026,0.33,0.906,0.847,0.102,0.603,-0.27,0.069,0.575,-0.011,0.486,0.42,0.217,0.769,0.71,-0.15,0.407,0.282,-0.021,-0.114,0.872,0.632,0.76,-0.046,-0.47,0.495,0.758,-0.293,0.312,0.291,0.553,0.819,0.572,0.659,0.813,-0.165,0.478,-0.128,-0.189,0.172,0.336,0.849,0.4,0.371,0.622,0.743,0.629,0.563,-0.471,-0.337,0.614,0.169,0.366,0.518,0.221,-0.179,0.175,-0.203,0.739,0.836,-0.523,0.343
ALGN,0.679,-0.539,-0.592,-0.781,-0.699,-0.505,0.0,-0.832,-0.014,-0.654,-0.655,0.344,0.816,-0.527,-0.637,-0.106,-0.785,0.438,-0.764,-0.648,0.669,-0.057,-0.66,0.26,-0.589,0.661,0.308,-0.741,-0.755,0.728,-0.76,-0.636,-0.667,0.601,-0.591,0.457,-0.594,-0.19,-0.574,-0.04,0.828,-0.707,-0.441,-0.867,0.687,0.665,-0.11,-0.634,-0.801,-0.668,-0.786,-0.596,-0.252,-0.568,0.557,-0.604,0.523,0.697,-0.755,-0.852,-0.718,-0.715,0.783,-0.797,0.079,-0.433,-0.654,-0.533,-0.659,0.832,-0.782,-0.578,0.066,-0.681,-0.664,0.226,-0.771,-0.687,0.306,0.817,-0.422,-0.298,-0.772,-0.614,0.064,-0.715,-0.59,-0.299,0.847,0.599,0.795,0.843,-0.709,-0.767,-0.712,0.821,-0.633,0.811,-0.031,-0.821,-0.485,-0.783,-0.699,-0.8,-0.729,-0.776,-0.287,0.179,-0.711,0.631,-0.064,-0.345,-0.579,-0.095,-0.659,-0.653,-0.689,-0.192,-0.541,-0.141,-0.334,0.096,0.712,-0.244,0.33,-0.82,-0.672,-0.114,-0.709,-0.422,-0.599,-0.737,0.711,-0.715,-0.749,0.759,-0.738,-0.732,-0.383,-0.594,-0.537,-0.678,0.478,-0.755,-0.11,-0.618,-0.772,-0.488,-0.702,-0.751,-0.129,-0.238,-0.629,0.775,-0.448,0.423,-0.629,0.064,-0.62,-0.787,-0.773,0.256,0.785,-0.739,-0.774,0.596,-0.74,-0.659,0.092,-0.515,-0.73,-0.752,-0.599,-0.146,-0.772,0.763,0.642,-0.562,-0.542,-0.532,-0.795,-0.767,-0.716,-0.713,-0.662,-0.773,0.718,0.284,-0.761,-0.699,-0.815,0.127,-0.708,-0.373,-0.523,0.023,-0.371,-0.673,0.855,0.048
ALLK,-0.544,0.514,0.682,0.819,0.769,0.466,-0.832,0.0,0.238,0.728,0.756,-0.307,-0.774,0.661,0.692,0.15,0.859,-0.43,0.848,0.795,-0.572,0.302,0.746,-0.004,0.731,-0.622,-0.207,0.837,0.745,-0.589,0.789,0.826,0.735,-0.499,0.621,-0.323,0.789,0.343,0.537,0.103,-0.831,0.715,0.586,0.87,-0.704,-0.679,0.279,0.761,0.786,0.727,0.841,0.725,0.368,0.754,-0.603,0.659,-0.616,-0.491,0.844,0.847,0.83,0.791,-0.812,0.783,0.138,0.461,0.695,0.642,0.724,-0.797,0.795,0.643,-0.037,0.762,0.743,-0.058,0.779,0.81,-0.35,-0.783,0.686,0.428,0.79,0.592,0.038,0.738,0.615,0.275,-0.855,-0.618,-0.812,-0.794,0.777,0.822,0.665,-0.84,0.724,-0.767,0.185,0.772,0.64,0.805,0.694,0.849,0.837,0.801,0.5,0.015,0.781,-0.458,0.397,0.457,0.671,0.223,0.771,0.744,0.789,0.4,0.534,0.26,0.443,-0.049,-0.576,0.388,-0.303,0.878,0.81,0.247,0.822,0.54,0.607,0.787,-0.702,0.828,0.814,-0.836,0.759,0.831,0.52,0.658,0.487,0.679,-0.413,0.825,0.393,0.698,0.847,0.694,0.798,0.838,0.347,0.199,0.658,-0.736,0.405,-0.428,0.707,0.136,0.598,0.797,0.808,-0.058,-0.862,0.829,0.782,-0.578,0.801,0.751,-0.041,0.601,0.822,0.814,0.653,0.432,0.875,-0.771,-0.728,0.726,0.644,0.519,0.832,0.86,0.809,0.799,0.718,0.863,-0.765,-0.119,0.821,0.793,0.839,-0.137,0.799,0.561,0.649,0.275,0.396,0.678,-0.863,0.155
AMD,-0.131,0.246,0.591,0.29,0.18,0.167,-0.014,0.238,0.0,0.352,0.142,0.055,0.132,0.143,0.295,0.122,0.273,0.267,0.208,0.41,-0.199,0.452,0.331,0.301,0.325,0.216,0.317,0.167,0.202,0.461,0.332,0.428,0.06,0.042,0.433,-0.026,0.218,0.545,0.239,0.312,-0.034,0.208,0.426,0.255,-0.209,-0.019,0.226,0.273,0.188,0.177,0.221,-0.02,0.736,0.327,0.196,0.235,-0.329,0.16,0.284,-0.012,0.241,0.213,-0.134,0.263,0.137,0.379,0.345,0.181,0.221,-0.22,0.244,0.463,-0.256,0.075,0.472,0.117,0.133,0.304,-0.33,0.151,0.331,-0.15,0.126,0.262,0.167,0.19,0.315,0.276,-0.289,-0.346,-0.225,-0.08,0.283,0.271,0.029,0.023,0.617,-0.272,0.126,0.09,0.246,0.053,0.211,0.153,0.307,0.312,0.828,0.633,0.401,0.302,0.542,0.59,0.438,0.034,0.323,0.517,0.458,0.005,0.072,0.228,0.54,-0.148,0.356,0.172,-0.098,0.221,0.429,0.254,0.408,0.278,0.292,0.088,-0.233,0.394,0.227,-0.178,0.244,0.261,0.365,0.289,0.07,0.364,-0.186,0.151,0.201,0.342,0.314,0.082,0.256,0.248,0.61,0.348,0.146,-0.15,0.267,-0.151,0.295,-0.011,0.137,0.254,0.263,0.238,-0.2,0.426,-0.007,0.097,0.412,0.442,0.367,0.409,0.119,0.279,0.302,0.127,0.266,-0.187,-0.029,0.406,0.494,0.454,0.334,0.142,0.404,0.232,0.192,0.461,-0.103,0.262,0.157,0.302,0.267,-0.115,0.248,0.013,0.413,0.318,-0.079,-0.014,-0.098,0.579
AMWD,-0.749,0.696,0.86,0.859,0.627,0.671,-0.654,0.728,0.352,0.0,0.717,-0.329,-0.721,0.536,0.662,0.349,0.829,-0.006,0.772,0.802,-0.44,0.299,0.802,0.223,0.862,-0.547,-0.168,0.813,0.776,-0.427,0.896,0.84,0.585,-0.58,0.805,-0.58,0.73,0.384,0.585,0.384,-0.783,0.761,0.904,0.885,-0.537,-0.404,0.393,0.854,0.755,0.697,0.84,0.607,0.676,0.74,-0.547,0.656,-0.521,-0.458,0.869,0.731,0.882,0.766,-0.711,0.878,0.04,0.535,0.768,0.625,0.759,-0.694,0.859,0.79,0.192,0.647,0.83,-0.441,0.84,0.875,-0.539,-0.701,0.521,0.491,0.762,0.797,-0.04,0.742,0.76,0.593,-0.759,-0.54,-0.761,-0.832,0.919,0.659,0.602,-0.712,0.872,-0.777,0.117,0.822,0.662,0.842,0.549,0.879,0.827,0.824,0.691,0.372,0.89,-0.208,0.452,0.77,0.731,0.004,0.609,0.848,0.879,0.217,0.666,0.467,0.777,-0.009,-0.451,0.51,-0.355,0.89,0.858,0.46,0.781,0.77,0.662,0.685,-0.558,0.862,0.924,-0.765,0.812,0.861,0.555,0.606,0.629,0.827,-0.301,0.841,0.339,0.653,0.9,0.567,0.844,0.825,0.641,0.554,0.72,-0.542,0.626,-0.229,0.542,0.21,0.679,0.83,0.841,0.249,-0.797,0.828,0.846,-0.504,0.747,0.815,0.18,0.776,0.874,0.913,0.746,0.453,0.85,-0.55,-0.507,0.757,0.72,0.759,0.82,0.72,0.908,0.906,0.908,0.854,-0.691,-0.076,0.863,0.705,0.822,-0.013,0.699,0.454,0.627,0.364,0.446,0.67,-0.772,0.592
ARDX,-0.44,0.33,0.553,0.68,0.64,0.507,-0.655,0.756,0.142,0.717,0.0,-0.592,-0.801,0.381,0.481,0.548,0.825,-0.434,0.719,0.775,-0.183,0.482,0.642,0.297,0.625,-0.796,-0.057,0.835,0.539,-0.652,0.625,0.709,0.652,-0.524,0.434,-0.539,0.686,0.064,0.23,0.267,-0.879,0.8,0.696,0.816,-0.452,-0.687,0.23,0.744,0.599,0.505,0.784,0.655,0.493,0.661,-0.72,0.339,-0.362,-0.541,0.73,0.768,0.72,0.673,-0.893,0.677,-0.053,0.135,0.445,0.665,0.822,-0.567,0.707,0.587,0.294,0.592,0.578,-0.27,0.643,0.708,-0.227,-0.769,0.54,0.688,0.855,0.626,-0.193,0.593,0.517,0.25,-0.709,-0.261,-0.655,-0.746,0.74,0.617,0.678,-0.841,0.627,-0.686,0.015,0.734,0.723,0.821,0.454,0.796,0.705,0.556,0.467,0.082,0.733,-0.455,0.534,0.459,0.414,0.167,0.582,0.678,0.643,0.447,0.69,0.416,0.551,0.33,-0.367,0.447,-0.332,0.843,0.645,0.157,0.747,0.478,0.33,0.766,-0.357,0.894,0.781,-0.922,0.676,0.826,0.298,0.468,0.623,0.631,-0.011,0.896,0.379,0.406,0.755,0.568,0.803,0.673,0.38,0.164,0.811,-0.443,0.076,-0.052,0.445,0.317,0.54,0.77,0.775,0.162,-0.931,0.699,0.771,-0.668,0.589,0.548,0.026,0.625,0.819,0.708,0.754,0.424,0.86,-0.533,-0.807,0.578,0.338,0.398,0.634,0.868,0.831,0.792,0.669,0.757,-0.892,-0.073,0.913,0.522,0.746,0.242,0.722,0.506,0.519,0.366,0.629,0.783,-0.866,0.159
ARQT,0.231,-0.028,-0.246,-0.248,-0.263,-0.463,0.344,-0.307,0.055,-0.329,-0.592,0.0,0.441,0.183,0.203,-0.509,-0.404,0.52,-0.26,-0.489,-0.041,-0.024,-0.256,-0.266,-0.22,0.5,0.001,-0.383,-0.115,0.454,-0.31,-0.383,-0.201,0.332,-0.044,0.344,-0.214,0.203,0.222,-0.513,0.532,-0.446,-0.28,-0.442,0.23,0.365,-0.063,-0.478,-0.058,-0.183,-0.372,-0.16,-0.333,-0.201,0.442,0.156,-0.27,0.4,-0.332,-0.358,-0.294,-0.369,0.63,-0.417,0.375,0.238,0.03,0.049,-0.349,0.288,-0.441,-0.302,-0.132,-0.114,-0.07,0.538,-0.203,-0.279,0.159,0.338,-0.392,-0.337,-0.692,-0.473,0.592,-0.108,-0.011,-0.272,0.419,-0.003,0.381,0.404,-0.412,-0.303,-0.532,0.385,-0.267,0.446,0.553,-0.522,-0.122,-0.44,-0.149,-0.336,-0.2,-0.131,-0.16,-0.114,-0.398,0.134,-0.254,-0.326,-0.046,0.187,0.112,-0.38,-0.152,-0.032,-0.536,-0.168,-0.476,-0.34,0.065,-0.172,0.301,-0.477,-0.073,0.32,-0.319,-0.04,0.073,-0.123,0.037,-0.494,-0.373,0.495,-0.107,-0.414,0.009,-0.262,-0.487,-0.382,-0.239,-0.51,0.008,0.137,-0.241,-0.177,-0.303,-0.289,0.02,-0.328,-0.596,0.187,0.228,-0.066,-0.075,-0.124,-0.348,-0.361,-0.59,0.021,0.533,-0.31,-0.448,0.179,-0.237,-0.09,0.046,-0.369,-0.295,-0.229,-0.418,-0.021,-0.401,0.245,0.494,-0.161,0.01,-0.27,-0.297,-0.302,-0.432,-0.415,-0.273,-0.306,0.689,0.216,-0.416,-0.05,-0.207,-0.487,-0.09,0.031,-0.266,-0.095,-0.5,-0.568,0.49,0.155
ASTE,0.702,-0.608,-0.526,-0.682,-0.518,-0.693,0.816,-0.774,0.132,-0.721,-0.801,0.441,0.0,-0.605,-0.513,-0.411,-0.763,0.313,-0.686,-0.659,0.317,-0.117,-0.531,-0.033,-0.6,0.87,0.511,-0.752,-0.585,0.907,-0.677,-0.658,-0.554,0.797,-0.471,0.663,-0.575,0.077,-0.327,-0.256,0.936,-0.81,-0.591,-0.857,0.408,0.538,0.037,-0.723,-0.696,-0.478,-0.752,-0.595,-0.293,-0.631,0.767,-0.455,0.377,0.763,-0.709,-0.776,-0.725,-0.591,0.761,-0.794,0.236,-0.168,-0.506,-0.513,-0.756,0.594,-0.813,-0.623,-0.381,-0.627,-0.636,0.302,-0.725,-0.702,0.232,0.952,-0.418,-0.653,-0.794,-0.738,0.246,-0.61,-0.716,-0.449,0.696,0.291,0.668,0.856,-0.792,-0.557,-0.751,0.915,-0.6,0.727,-0.033,-0.77,-0.526,-0.952,-0.385,-0.873,-0.69,-0.616,-0.275,0.07,-0.679,0.671,-0.214,-0.435,-0.406,0.073,-0.555,-0.658,-0.67,-0.18,-0.806,-0.451,-0.444,-0.225,0.618,-0.524,0.55,-0.833,-0.631,-0.221,-0.577,-0.502,-0.396,-0.756,0.397,-0.727,-0.806,0.781,-0.726,-0.714,-0.197,-0.472,-0.766,-0.752,0.096,-0.855,-0.127,-0.403,-0.795,-0.456,-0.761,-0.694,-0.177,-0.3,-0.762,0.469,-0.348,0.059,-0.355,-0.043,-0.733,-0.818,-0.799,0.082,0.8,-0.653,-0.936,0.727,-0.531,-0.535,-0.128,-0.661,-0.873,-0.805,-0.766,-0.236,-0.784,0.493,0.673,-0.442,-0.344,-0.534,-0.626,-0.801,-0.738,-0.827,-0.734,-0.72,0.751,0.353,-0.876,-0.514,-0.719,-0.201,-0.643,-0.347,-0.312,0.012,-0.666,-0.892,0.861,-0.11
AUPH,-0.511,0.69,0.468,0.519,0.321,0.435,-0.527,0.661,0.143,0.536,0.381,0.183,-0.605,0.0,0.625,0.111,0.501,0.142,0.545,0.379,-0.293,0.107,0.398,0.052,0.55,-0.43,-0.557,0.496,0.473,-0.421,0.502,0.569,0.412,-0.599,0.468,-0.32,0.508,0.154,0.426,0.068,-0.518,0.522,0.49,0.58,-0.255,-0.217,-0.0,0.495,0.632,0.354,0.48,0.478,0.224,0.641,-0.469,0.636,-0.547,-0.463,0.51,0.483,0.59,0.345,-0.296,0.581,0.116,0.338,0.555,0.498,0.501,-0.387,0.57,0.482,0.233,0.629,0.627,0.042,0.57,0.6,-0.313,-0.594,0.387,0.459,0.375,0.462,0.162,0.487,0.74,0.403,-0.39,-0.29,-0.373,-0.495,0.575,0.374,0.353,-0.547,0.498,-0.411,0.43,0.438,0.406,0.646,0.25,0.669,0.558,0.562,0.289,-0.005,0.454,-0.372,0.199,0.357,0.443,0.047,0.64,0.472,0.628,0.196,0.441,0.444,0.284,-0.059,-0.408,0.589,-0.435,0.53,0.635,0.437,0.409,0.52,0.448,0.58,-0.357,0.432,0.578,-0.414,0.634,0.5,0.291,0.355,0.451,0.532,-0.238,0.523,0.249,0.544,0.659,0.405,0.593,0.549,0.38,0.174,0.372,-0.32,0.605,-0.125,0.294,0.022,0.57,0.615,0.481,-0.003,-0.42,0.532,0.626,-0.462,0.403,0.523,0.334,0.515,0.652,0.697,0.535,0.336,0.548,-0.326,-0.227,0.447,0.47,0.468,0.463,0.562,0.547,0.588,0.573,0.559,-0.296,-0.181,0.578,0.517,0.517,-0.094,0.531,0.404,0.193,0.005,0.308,0.505,-0.479,0.346
AVXL,-0.509,0.511,0.63,0.804,0.683,0.159,-0.637,0.692,0.295,0.662,0.481,0.203,-0.513,0.625,0.0,-0.098,0.69,-0.053,0.754,0.517,-0.587,0.419,0.703,-0.194,0.692,-0.376,-0.059,0.715,0.84,-0.287,0.689,0.554,0.725,-0.238,0.767,-0.242,0.718,0.56,0.842,-0.267,-0.539,0.479,0.545,0.652,-0.59,-0.533,0.382,0.452,0.85,0.721,0.718,0.696,0.267,0.671,-0.356,0.807,-0.89,-0.274,0.69,0.719,0.717,0.647,-0.518,0.551,0.431,0.781,0.883,0.831,0.663,-0.656,0.538,0.477,-0.045,0.711,0.791,0.123,0.797,0.689,-0.302,-0.611,0.28,0.258,0.365,0.345,0.546,0.863,0.678,0.096,-0.661,-0.687,-0.658,-0.612,0.602,0.646,0.352,-0.618,0.628,-0.56,0.418,0.52,0.751,0.548,0.687,0.713,0.828,0.82,0.478,0.0,0.66,-0.362,0.195,0.329,0.8,0.369,0.909,0.518,0.791,0.443,0.197,0.156,0.246,-0.294,-0.573,0.21,0.005,0.636,0.831,0.648,0.735,0.682,0.841,0.808,-0.709,0.625,0.68,-0.638,0.887,0.677,0.661,0.565,0.196,0.485,-0.633,0.587,0.444,0.891,0.79,0.594,0.751,0.708,0.526,0.027,0.3,-0.641,0.625,-0.475,0.718,0.229,0.327,0.711,0.431,0.159,-0.632,0.672,0.515,-0.593,0.698,0.827,-0.087,0.383,0.721,0.77,0.451,0.483,0.7,-0.622,-0.497,0.745,0.724,0.408,0.733,0.721,0.634,0.588,0.629,0.72,-0.404,0.103,0.694,0.811,0.862,-0.496,0.868,0.656,0.531,0.373,0.031,0.254,-0.629,0.387
AZTA,-0.168,0.216,0.159,0.064,-0.062,0.558,-0.106,0.15,0.122,0.349,0.548,-0.509,-0.411,0.111,-0.098,0.0,0.281,0.027,0.057,0.274,0.464,0.314,-0.018,0.622,0.098,-0.425,-0.117,0.207,-0.115,-0.326,0.131,0.274,0.048,-0.532,-0.029,-0.544,0.034,-0.404,-0.324,0.56,-0.376,0.588,0.484,0.311,0.285,-0.077,-0.227,0.344,-0.02,-0.215,0.191,-0.025,0.494,0.253,-0.336,-0.228,0.246,-0.438,0.131,0.052,0.137,-0.029,-0.292,0.338,-0.483,-0.406,-0.134,0.098,0.4,0.094,0.279,0.322,0.616,0.167,0.1,-0.377,0.055,0.167,-0.063,-0.259,0.286,0.513,0.448,0.575,-0.419,-0.028,0.323,0.438,-0.047,0.461,0.044,-0.242,0.299,-0.063,0.43,-0.29,0.245,-0.17,-0.121,0.248,0.189,0.433,-0.248,0.271,0.053,-0.076,0.21,0.243,0.195,-0.108,0.36,0.357,-0.126,-0.24,-0.011,0.302,0.102,-0.068,0.617,0.624,0.501,0.589,0.241,0.553,-0.51,0.303,0.052,-0.051,0.082,0.18,-0.258,0.146,0.382,0.362,0.267,-0.287,0.154,0.253,-0.272,-0.091,0.655,0.365,0.623,0.361,0.01,-0.237,0.197,-0.105,0.272,0.022,0.193,0.284,0.604,0.278,-0.154,0.597,-0.294,0.245,0.515,0.356,0.43,0.297,-0.302,0.147,0.393,-0.276,-0.05,-0.056,0.505,0.476,0.283,0.224,0.575,-0.05,0.236,0.191,-0.181,-0.035,-0.188,0.304,-0.016,0.285,0.366,0.381,0.289,0.217,-0.406,-0.127,0.408,-0.168,0.075,0.79,0.033,-0.09,-0.079,0.047,0.723,0.596,-0.247,0.232
BAND,-0.579,0.454,0.799,0.912,0.872,0.469,-0.785,0.859,0.273,0.829,0.825,-0.404,-0.763,0.501,0.69,0.281,0.0,-0.399,0.9,0.895,-0.496,0.403,0.83,0.032,0.835,-0.596,-0.061,0.914,0.827,-0.533,0.871,0.847,0.751,-0.484,0.717,-0.449,0.832,0.432,0.614,0.201,-0.847,0.746,0.711,0.908,-0.693,-0.775,0.332,0.847,0.815,0.77,0.917,0.726,0.47,0.849,-0.609,0.701,-0.619,-0.44,0.908,0.887,0.897,0.858,-0.838,0.8,0.148,0.536,0.763,0.659,0.789,-0.825,0.861,0.71,-0.009,0.736,0.796,-0.296,0.865,0.878,-0.462,-0.775,0.567,0.498,0.828,0.632,0.014,0.817,0.583,0.324,-0.846,-0.613,-0.829,-0.874,0.843,0.892,0.651,-0.844,0.806,-0.868,0.187,0.863,0.736,0.828,0.696,0.892,0.912,0.859,0.592,0.159,0.879,-0.347,0.502,0.612,0.742,0.207,0.768,0.775,0.842,0.443,0.575,0.28,0.581,-0.046,-0.554,0.411,-0.25,0.952,0.84,0.309,0.905,0.67,0.683,0.759,-0.694,0.918,0.892,-0.874,0.799,0.917,0.637,0.711,0.538,0.739,-0.392,0.891,0.491,0.72,0.9,0.705,0.899,0.892,0.496,0.315,0.756,-0.725,0.479,-0.421,0.755,0.219,0.557,0.868,0.852,0.095,-0.915,0.89,0.822,-0.608,0.888,0.836,-0.032,0.663,0.857,0.851,0.687,0.489,0.934,-0.776,-0.708,0.814,0.649,0.559,0.896,0.91,0.893,0.865,0.821,0.923,-0.825,-0.203,0.864,0.829,0.907,-0.112,0.871,0.554,0.732,0.381,0.338,0.642,-0.881,0.303
BECN,-0.136,0.329,0.018,-0.261,-0.543,0.124,0.438,-0.43,0.267,-0.006,-0.434,0.52,0.313,0.142,-0.053,0.027,-0.399,0.0,-0.369,-0.335,0.252,-0.095,-0.282,0.238,-0.094,0.337,-0.218,-0.423,-0.275,0.445,-0.201,-0.213,-0.482,-0.084,0.003,-0.124,-0.362,-0.015,-0.072,0.195,0.388,-0.173,0.139,-0.277,0.508,0.694,-0.207,-0.233,-0.173,-0.404,-0.365,-0.393,0.237,-0.136,0.336,-0.024,0.08,0.139,-0.32,-0.529,-0.23,-0.464,0.587,-0.118,-0.104,-0.001,-0.052,-0.164,-0.237,0.442,-0.19,0.028,0.278,-0.336,0.021,0.047,-0.213,-0.17,-0.126,0.36,-0.266,-0.154,-0.481,0.005,0.159,-0.23,0.27,0.389,0.439,0.257,0.419,0.333,-0.093,-0.508,-0.407,0.466,0.009,0.284,0.129,-0.376,-0.275,-0.199,-0.52,-0.21,-0.275,-0.19,0.115,0.398,-0.195,0.279,-0.087,0.227,-0.109,-0.431,-0.182,-0.104,-0.035,-0.46,-0.013,0.309,0.17,0.006,0.395,0.173,-0.183,-0.361,-0.088,0.378,-0.387,0.088,-0.096,-0.328,0.374,-0.323,-0.181,0.466,-0.089,-0.353,-0.148,-0.234,0.033,0.034,0.179,-0.346,-0.216,-0.153,-0.147,-0.421,-0.222,-0.32,0.294,0.315,-0.284,0.505,0.353,0.387,-0.456,-0.205,-0.002,-0.174,-0.3,0.2,0.485,-0.246,-0.212,0.303,-0.349,-0.13,0.545,0.129,-0.186,-0.049,-0.019,-0.164,-0.368,0.563,0.677,-0.243,0.018,0.229,-0.346,-0.454,-0.169,-0.156,-0.05,-0.227,0.573,0.064,-0.252,-0.289,-0.322,0.104,-0.324,-0.328,-0.384,-0.198,-0.102,-0.243,0.46,0.56
BFC,-0.516,0.424,0.735,0.918,0.878,0.311,-0.764,0.848,0.208,0.772,0.719,-0.26,-0.686,0.545,0.754,0.057,0.9,-0.369,0.0,0.844,-0.607,0.382,0.866,-0.056,0.874,-0.529,-0.099,0.892,0.877,-0.447,0.832,0.84,0.778,-0.358,0.739,-0.247,0.897,0.532,0.687,-0.006,-0.777,0.63,0.653,0.858,-0.791,-0.743,0.509,0.802,0.813,0.847,0.901,0.859,0.321,0.789,-0.605,0.804,-0.707,-0.341,0.932,0.897,0.928,0.902,-0.804,0.725,0.377,0.649,0.823,0.691,0.729,-0.839,0.781,0.64,-0.154,0.723,0.787,-0.213,0.869,0.911,-0.544,-0.717,0.52,0.419,0.741,0.456,0.172,0.808,0.519,0.199,-0.854,-0.69,-0.843,-0.811,0.808,0.891,0.483,-0.787,0.732,-0.79,0.172,0.795,0.733,0.748,0.756,0.852,0.922,0.897,0.522,0.044,0.865,-0.327,0.475,0.481,0.765,0.291,0.79,0.718,0.849,0.549,0.411,0.126,0.449,-0.199,-0.667,0.341,-0.08,0.905,0.871,0.369,0.918,0.717,0.76,0.736,-0.801,0.846,0.885,-0.83,0.798,0.901,0.741,0.756,0.342,0.64,-0.542,0.831,0.581,0.823,0.876,0.859,0.871,0.912,0.506,0.183,0.624,-0.803,0.508,-0.605,0.835,0.203,0.403,0.794,0.765,0.052,-0.87,0.888,0.745,-0.569,0.88,0.88,-0.178,0.503,0.85,0.823,0.528,0.629,0.911,-0.837,-0.721,0.888,0.72,0.476,0.912,0.863,0.82,0.784,0.777,0.862,-0.753,-0.098,0.798,0.899,0.906,-0.309,0.878,0.72,0.767,0.449,0.168,0.506,-0.867,0.233
BGC,-0.564,0.412,0.858,0.853,0.771,0.528,-0.648,0.795,0.41,0.802,0.775,-0.489,-0.659,0.379,0.517,0.274,0.895,-0.335,0.844,0.0,-0.492,0.373,0.817,0.136,0.85,-0.498,-0.021,0.841,0.722,-0.385,0.843,0.878,0.603,-0.428,0.702,-0.382,0.78,0.488,0.485,0.384,-0.789,0.702,0.711,0.861,-0.717,-0.641,0.376,0.892,0.675,0.725,0.853,0.638,0.575,0.746,-0.547,0.641,-0.5,-0.278,0.903,0.756,0.874,0.854,-0.818,0.794,0.114,0.486,0.686,0.494,0.672,-0.791,0.852,0.765,-0.105,0.51,0.785,-0.319,0.762,0.882,-0.573,-0.64,0.589,0.382,0.821,0.636,-0.094,0.684,0.518,0.427,-0.856,-0.608,-0.833,-0.775,0.864,0.847,0.556,-0.722,0.875,-0.869,0.031,0.805,0.618,0.768,0.609,0.819,0.862,0.8,0.739,0.388,0.915,-0.189,0.661,0.748,0.71,0.021,0.62,0.858,0.844,0.315,0.604,0.302,0.72,-0.009,-0.401,0.374,-0.267,0.915,0.808,0.277,0.882,0.656,0.601,0.586,-0.667,0.929,0.87,-0.824,0.668,0.862,0.646,0.776,0.53,0.792,-0.359,0.857,0.454,0.619,0.85,0.686,0.846,0.863,0.528,0.471,0.766,-0.683,0.413,-0.396,0.72,0.128,0.517,0.786,0.883,0.069,-0.878,0.902,0.761,-0.426,0.864,0.812,0.007,0.723,0.793,0.799,0.665,0.486,0.892,-0.742,-0.686,0.793,0.684,0.632,0.863,0.768,0.89,0.855,0.745,0.915,-0.807,-0.186,0.773,0.761,0.801,-0.023,0.757,0.424,0.775,0.399,0.304,0.622,-0.83,0.338
BHF,0.523,-0.338,-0.593,-0.686,-0.67,-0.149,0.669,-0.572,-0.199,-0.44,-0.183,-0.041,0.317,-0.293,-0.587,0.464,-0.496,0.252,-0.607,-0.492,0.0,0.136,-0.708,0.458,-0.537,0.146,0.029,-0.516,-0.74,0.204,-0.648,-0.462,-0.468,0.104,-0.677,0.052,-0.496,-0.608,-0.729,0.147,0.422,-0.277,-0.216,-0.563,0.857,0.407,-0.402,-0.414,-0.706,-0.748,-0.57,-0.424,-0.147,-0.276,0.171,-0.682,0.62,0.147,-0.624,-0.633,-0.578,-0.686,0.462,-0.521,-0.231,-0.726,-0.699,-0.381,-0.241,0.853,-0.558,-0.45,0.549,-0.365,-0.583,0.052,-0.646,-0.542,0.322,0.43,-0.206,0.147,-0.39,-0.261,-0.213,-0.615,-0.318,-0.113,0.758,0.856,0.778,0.556,-0.498,-0.746,-0.322,0.427,-0.569,0.632,-0.128,-0.572,-0.269,-0.358,-0.78,-0.501,-0.633,-0.773,-0.382,-0.028,-0.593,0.227,-0.003,-0.293,-0.675,-0.163,-0.539,-0.524,-0.619,-0.101,-0.092,0.292,-0.183,0.469,0.591,0.168,-0.104,-0.521,-0.618,-0.201,-0.614,-0.403,-0.724,-0.469,0.923,-0.471,-0.506,0.476,-0.495,-0.522,-0.592,-0.597,-0.058,-0.453,0.868,-0.432,-0.12,-0.713,-0.576,-0.454,-0.475,-0.691,-0.217,-0.244,-0.223,0.903,-0.552,0.723,-0.779,0.21,-0.215,-0.453,-0.452,0.388,0.488,-0.626,-0.388,0.205,-0.772,-0.684,0.359,-0.26,-0.421,-0.533,-0.144,-0.181,-0.536,0.824,0.354,-0.609,-0.736,-0.406,-0.749,-0.408,-0.472,-0.454,-0.436,-0.622,0.347,0.067,-0.365,-0.748,-0.647,0.583,-0.571,-0.307,-0.667,-0.073,0.173,-0.144,0.549,-0.011
BHFAL,0.154,-0.068,0.236,0.282,0.332,-0.121,-0.057,0.302,0.452,0.299,0.482,-0.024,-0.117,0.107,0.419,0.314,0.403,-0.095,0.382,0.373,0.136,0.0,0.262,0.3,0.306,-0.128,0.381,0.388,0.245,0.104,0.2,0.326,0.395,0.116,0.197,-0.005,0.448,0.321,0.177,-0.132,-0.192,0.216,0.42,0.226,-0.116,-0.408,0.26,0.226,0.203,0.194,0.365,0.414,0.307,0.456,-0.123,0.172,-0.344,0.114,0.306,0.225,0.302,0.246,-0.325,0.064,0.382,0.223,0.284,0.537,0.454,-0.108,0.054,0.238,0.02,0.375,0.339,0.251,0.175,0.298,-0.113,-0.12,0.302,0.248,0.172,0.054,0.331,0.349,0.195,-0.182,-0.198,-0.118,-0.14,-0.134,0.18,0.258,0.041,-0.288,0.291,-0.133,0.189,0.055,0.659,0.163,0.232,0.232,0.39,0.21,0.419,0.087,0.295,-0.016,0.574,0.143,0.278,0.469,0.512,0.212,0.33,0.568,0.007,0.276,0.184,0.063,0.057,0.172,0.073,0.295,0.41,0.266,0.487,0.298,0.223,0.382,-0.103,0.424,0.265,-0.369,0.371,0.376,0.333,0.189,-0.02,0.072,0.028,0.283,0.588,0.355,0.301,0.372,0.387,0.207,0.395,-0.242,0.225,-0.069,-0.076,-0.087,0.329,0.45,-0.015,0.284,0.136,0.451,-0.39,0.337,0.068,-0.327,0.284,0.355,0.064,0.141,0.306,0.233,0.286,0.494,0.389,-0.186,-0.405,0.415,0.227,0.015,0.234,0.461,0.328,0.226,0.165,0.344,-0.278,0.339,0.374,0.319,0.396,-0.069,0.479,0.49,0.294,0.576,0.053,0.052,-0.247,0.328
BKNG,-0.545,0.42,0.817,0.911,0.857,0.293,-0.66,0.746,0.331,0.802,0.642,-0.256,-0.531,0.398,0.703,-0.018,0.83,-0.282,0.866,0.817,-0.708,0.262,0.0,-0.021,0.879,-0.394,0.046,0.841,0.887,-0.282,0.852,0.803,0.714,-0.243,0.821,-0.235,0.868,0.652,0.738,0.101,-0.684,0.539,0.686,0.814,-0.857,-0.612,0.66,0.781,0.794,0.921,0.862,0.733,0.451,0.687,-0.475,0.762,-0.642,-0.203,0.917,0.845,0.89,0.937,-0.77,0.714,0.364,0.73,0.839,0.673,0.62,-0.868,0.783,0.604,-0.247,0.633,0.76,-0.286,0.858,0.876,-0.506,-0.617,0.505,0.309,0.719,0.49,0.127,0.766,0.468,0.214,-0.853,-0.785,-0.902,-0.771,0.796,0.872,0.484,-0.663,0.776,-0.781,0.182,0.813,0.672,0.654,0.814,0.788,0.877,0.905,0.651,0.232,0.876,-0.092,0.453,0.579,0.805,0.285,0.689,0.768,0.855,0.459,0.327,0.012,0.547,-0.304,-0.572,0.185,0.022,0.845,0.886,0.355,0.909,0.757,0.796,0.693,-0.849,0.857,0.841,-0.829,0.705,0.889,0.773,0.723,0.268,0.614,-0.623,0.792,0.495,0.832,0.846,0.783,0.821,0.928,0.602,0.299,0.52,-0.826,0.554,-0.611,0.85,0.167,0.368,0.706,0.733,0.081,-0.841,0.859,0.661,-0.429,0.907,0.895,-0.259,0.505,0.76,0.782,0.453,0.601,0.876,-0.837,-0.604,0.909,0.8,0.489,0.931,0.72,0.863,0.752,0.781,0.849,-0.723,-0.019,0.74,0.882,0.864,-0.389,0.794,0.637,0.88,0.522,0.059,0.403,-0.79,0.349
BL,0.104,0.105,0.089,-0.075,-0.153,0.298,0.26,-0.004,0.301,0.223,0.297,-0.266,-0.033,0.052,-0.194,0.622,0.032,0.238,-0.056,0.136,0.458,0.3,-0.021,0.0,0.113,-0.119,0.033,0.071,-0.261,0.111,-0.074,0.233,-0.054,-0.159,-0.073,-0.142,0.071,-0.182,-0.435,0.472,-0.095,0.247,0.487,0.035,0.307,0.246,0.103,0.262,-0.184,-0.24,-0.002,-0.048,0.444,0.119,-0.175,-0.278,0.263,0.072,0.016,-0.149,0.075,-0.084,-0.03,0.101,-0.108,-0.35,-0.201,0.069,0.137,0.232,0.063,0.228,0.453,0.023,-0.017,-0.28,-0.086,0.115,-0.052,0.059,0.26,0.462,0.173,0.25,-0.259,-0.187,0.147,0.305,0.145,0.424,0.199,0.08,0.189,-0.181,0.021,0.013,0.135,0.12,0.071,-0.032,0.154,0.165,-0.312,0.068,-0.034,-0.157,0.27,0.388,0.058,0.23,0.535,0.292,-0.197,-0.039,-0.11,0.168,0.03,0.053,0.319,0.418,0.45,0.497,0.456,0.503,-0.205,0.091,0.031,0.039,-0.009,0.125,-0.306,0.004,0.399,0.194,0.121,-0.081,-0.055,0.163,-0.181,-0.241,0.299,0.111,0.548,0.188,0.191,-0.179,0.05,0.005,0.111,-0.052,0.467,0.196,0.336,0.365,-0.2,0.51,-0.306,0.333,0.235,0.059,0.168,0.409,-0.097,-0.004,0.142,0.034,-0.125,-0.087,0.414,0.303,0.131,0.095,0.263,0.221,0.123,0.281,0.042,0.059,-0.078,0.108,-0.139,0.033,0.214,0.21,0.2,0.069,-0.156,0.292,0.185,-0.162,-0.13,0.544,-0.101,0.094,-0.021,0.38,0.467,0.25,-0.005,0.426
BOKF,-0.609,0.579,0.872,0.901,0.773,0.414,-0.589,0.731,0.325,0.862,0.625,-0.22,-0.6,0.55,0.692,0.098,0.835,-0.094,0.874,0.85,-0.537,0.306,0.879,0.113,0.0,-0.41,-0.177,0.825,0.841,-0.3,0.867,0.852,0.681,-0.417,0.817,-0.307,0.896,0.626,0.663,0.245,-0.69,0.598,0.786,0.812,-0.719,-0.503,0.524,0.865,0.788,0.808,0.859,0.722,0.466,0.82,-0.527,0.821,-0.628,-0.236,0.917,0.769,0.952,0.861,-0.655,0.76,0.359,0.69,0.859,0.609,0.642,-0.761,0.81,0.667,-0.052,0.638,0.838,-0.352,0.873,0.962,-0.667,-0.629,0.501,0.462,0.661,0.541,0.148,0.763,0.617,0.399,-0.757,-0.657,-0.806,-0.755,0.873,0.793,0.433,-0.639,0.812,-0.776,0.203,0.771,0.638,0.753,0.626,0.838,0.898,0.897,0.666,0.319,0.868,-0.094,0.554,0.72,0.795,0.142,0.678,0.756,0.909,0.435,0.453,0.281,0.666,-0.191,-0.492,0.455,-0.139,0.86,0.883,0.542,0.849,0.816,0.776,0.616,-0.723,0.834,0.911,-0.734,0.756,0.874,0.796,0.766,0.424,0.703,-0.494,0.803,0.607,0.802,0.891,0.789,0.878,0.898,0.726,0.427,0.608,-0.678,0.652,-0.463,0.734,0.236,0.465,0.78,0.754,0.186,-0.782,0.852,0.763,-0.416,0.839,0.919,-0.032,0.655,0.849,0.873,0.539,0.696,0.858,-0.704,-0.537,0.913,0.787,0.585,0.868,0.714,0.866,0.832,0.86,0.859,-0.666,-0.146,0.765,0.864,0.819,-0.232,0.783,0.622,0.704,0.476,0.144,0.457,-0.75,0.541
BRKR,0.577,-0.402,-0.306,-0.498,-0.383,-0.565,0.661,-0.622,0.216,-0.547,-0.796,0.5,0.87,-0.43,-0.376,-0.425,-0.596,0.337,-0.529,-0.498,0.146,-0.128,-0.394,-0.119,-0.41,0.0,0.358,-0.701,-0.404,0.871,-0.437,-0.445,-0.492,0.628,-0.269,0.65,-0.451,0.316,-0.131,-0.162,0.888,-0.691,-0.442,-0.687,0.247,0.479,0.038,-0.534,-0.52,-0.331,-0.567,-0.56,-0.262,-0.453,0.885,-0.231,0.23,0.732,-0.5,-0.696,-0.565,-0.448,0.711,-0.616,0.258,0.025,-0.307,-0.447,-0.675,0.4,-0.638,-0.446,-0.49,-0.46,-0.429,0.202,-0.577,-0.495,0.001,0.852,-0.369,-0.692,-0.689,-0.579,0.235,-0.48,-0.56,-0.29,0.571,0.104,0.544,0.687,-0.661,-0.361,-0.681,0.76,-0.406,0.543,0.061,-0.629,-0.504,-0.791,-0.268,-0.778,-0.524,-0.391,-0.142,0.112,-0.545,0.642,-0.109,-0.243,-0.229,0.069,-0.414,-0.481,-0.475,-0.2,-0.741,-0.38,-0.312,-0.383,0.519,-0.328,0.468,-0.68,-0.47,-0.144,-0.446,-0.358,-0.216,-0.725,0.21,-0.629,-0.65,0.74,-0.614,-0.6,0.007,-0.345,-0.674,-0.577,-0.078,-0.808,-0.037,-0.207,-0.664,-0.361,-0.62,-0.531,-0.086,-0.139,-0.664,0.31,-0.09,-0.099,-0.185,-0.14,-0.591,-0.654,-0.625,0.066,0.729,-0.453,-0.781,0.758,-0.313,-0.313,0.049,-0.516,-0.767,-0.648,-0.644,-0.175,-0.691,0.323,0.64,-0.269,-0.161,-0.338,-0.423,-0.699,-0.598,-0.696,-0.551,-0.532,0.698,0.188,-0.819,-0.304,-0.565,-0.313,-0.536,-0.324,-0.217,-0.047,-0.696,-0.821,0.813,0.023
CACC,0.422,-0.58,-0.09,-0.079,0.149,-0.448,0.308,-0.207,0.317,-0.168,-0.057,0.001,0.511,-0.557,-0.059,-0.117,-0.061,-0.218,-0.099,-0.021,0.029,0.381,0.046,0.033,-0.177,0.358,0.0,0.007,-0.05,0.515,-0.11,-0.173,0.018,0.704,-0.006,0.314,-0.054,0.285,0.04,-0.238,0.302,-0.227,-0.112,-0.265,-0.07,-0.16,0.417,-0.254,-0.231,0.073,-0.128,-0.051,0.108,-0.241,0.307,-0.164,-0.032,0.516,-0.115,-0.095,-0.189,0.05,0.007,-0.325,0.293,0.09,-0.112,0.071,-0.081,0.025,-0.337,-0.147,-0.322,-0.151,-0.187,0.147,-0.191,-0.24,0.241,0.409,-0.009,-0.322,-0.149,-0.304,0.224,-0.022,-0.484,-0.43,0.046,-0.131,0.075,0.291,-0.283,0.045,-0.211,0.252,-0.083,0.18,0.044,-0.187,0.203,-0.479,0.214,-0.301,-0.073,-0.129,0.144,0.175,-0.075,0.356,0.178,-0.171,0.067,0.399,-0.051,-0.14,-0.205,0.21,-0.45,-0.305,-0.125,-0.02,0.259,-0.534,0.604,-0.184,-0.115,-0.138,0.109,-0.174,-0.027,-0.082,-0.035,-0.007,-0.255,0.031,-0.16,-0.015,0.108,-0.111,-0.467,-0.352,-0.109,-0.191,0.144,-0.022,-0.226,-0.008,-0.139,-0.151,0.045,-0.245,-0.16,-0.031,-0.337,-0.136,0.19,0.352,-0.428,-0.287,-0.254,0.275,0.053,-0.083,-0.467,0.196,0.056,-0.071,-0.341,-0.324,-0.322,-0.312,-0.259,0.031,-0.098,-0.05,-0.024,0.065,0.019,-0.284,-0.034,-0.087,-0.165,-0.237,-0.275,-0.116,0.083,0.474,-0.208,-0.051,-0.019,-0.239,0.045,0.089,0.339,0.474,-0.309,-0.438,0.183,-0.055
CAR,-0.571,0.409,0.72,0.9,0.859,0.412,-0.741,0.837,0.167,0.813,0.835,-0.383,-0.752,0.496,0.715,0.207,0.914,-0.423,0.892,0.841,-0.516,0.388,0.841,0.071,0.825,-0.701,0.007,0.0,0.83,-0.564,0.821,0.779,0.813,-0.382,0.726,-0.41,0.858,0.373,0.599,0.084,-0.869,0.721,0.685,0.86,-0.709,-0.733,0.466,0.787,0.803,0.805,0.882,0.796,0.412,0.736,-0.751,0.679,-0.644,-0.405,0.881,0.933,0.904,0.881,-0.849,0.751,0.217,0.527,0.753,0.71,0.798,-0.801,0.795,0.639,0.075,0.726,0.755,-0.267,0.886,0.844,-0.341,-0.812,0.541,0.572,0.792,0.567,0.084,0.829,0.559,0.238,-0.848,-0.61,-0.845,-0.824,0.848,0.819,0.623,-0.836,0.733,-0.776,0.179,0.828,0.808,0.794,0.728,0.921,0.924,0.829,0.525,0.126,0.863,-0.358,0.455,0.504,0.735,0.277,0.734,0.716,0.815,0.506,0.531,0.229,0.511,0.034,-0.612,0.299,-0.1,0.919,0.836,0.399,0.896,0.679,0.689,0.844,-0.696,0.907,0.885,-0.899,0.838,0.951,0.596,0.656,0.477,0.661,-0.413,0.932,0.496,0.715,0.915,0.749,0.911,0.889,0.5,0.225,0.728,-0.728,0.418,-0.378,0.742,0.393,0.505,0.826,0.779,0.151,-0.925,0.819,0.809,-0.664,0.81,0.798,-0.187,0.577,0.894,0.863,0.619,0.565,0.959,-0.755,-0.758,0.818,0.653,0.462,0.857,0.894,0.849,0.87,0.79,0.861,-0.805,-0.062,0.903,0.801,0.912,-0.142,0.891,0.662,0.743,0.505,0.363,0.608,-0.916,0.271
CDNA,-0.619,0.467,0.773,0.943,0.86,0.258,-0.755,0.745,0.202,0.776,0.539,-0.115,-0.585,0.473,0.84,-0.115,0.827,-0.275,0.877,0.722,-0.74,0.245,0.887,-0.261,0.841,-0.404,-0.05,0.83,0.0,-0.368,0.871,0.696,0.797,-0.263,0.876,-0.28,0.827,0.641,0.899,-0.088,-0.662,0.497,0.57,0.785,-0.817,-0.629,0.513,0.67,0.881,0.919,0.86,0.749,0.293,0.716,-0.443,0.86,-0.769,-0.286,0.873,0.872,0.862,0.879,-0.694,0.703,0.376,0.867,0.955,0.693,0.609,-0.873,0.734,0.556,-0.226,0.715,0.794,-0.222,0.932,0.827,-0.476,-0.664,0.394,0.226,0.596,0.448,0.335,0.915,0.539,0.196,-0.834,-0.826,-0.87,-0.79,0.754,0.852,0.49,-0.676,0.72,-0.779,0.194,0.77,0.684,0.645,0.837,0.801,0.912,0.952,0.513,0.081,0.833,-0.231,0.209,0.478,0.899,0.278,0.775,0.638,0.852,0.424,0.28,0.018,0.41,-0.421,-0.733,0.14,0.024,0.815,0.864,0.489,0.868,0.746,0.944,0.724,-0.886,0.752,0.821,-0.74,0.838,0.814,0.819,0.76,0.248,0.597,-0.743,0.721,0.464,0.902,0.852,0.725,0.795,0.894,0.473,0.239,0.439,-0.851,0.681,-0.669,0.869,0.198,0.358,0.752,0.64,0.047,-0.764,0.813,0.665,-0.536,0.882,0.921,-0.253,0.435,0.771,0.816,0.423,0.527,0.816,-0.823,-0.591,0.866,0.808,0.508,0.929,0.723,0.755,0.705,0.751,0.805,-0.614,-0.104,0.726,0.924,0.912,-0.486,0.833,0.622,0.746,0.401,0.0,0.345,-0.761,0.323
CG,0.549,-0.395,-0.194,-0.433,-0.354,-0.548,0.728,-0.589,0.461,-0.427,-0.652,0.454,0.907,-0.421,-0.287,-0.326,-0.533,0.445,-0.447,-0.385,0.204,0.104,-0.282,0.111,-0.3,0.871,0.515,-0.564,-0.368,0.0,-0.421,-0.358,-0.434,0.703,-0.188,0.587,-0.337,0.351,-0.131,-0.114,0.806,-0.643,-0.27,-0.632,0.257,0.477,0.208,-0.455,-0.504,-0.291,-0.526,-0.444,0.002,-0.357,0.727,-0.215,0.168,0.787,-0.448,-0.659,-0.467,-0.387,0.624,-0.573,0.365,0.078,-0.234,-0.323,-0.566,0.426,-0.592,-0.346,-0.424,-0.477,-0.317,0.248,-0.52,-0.413,-0.032,0.879,-0.261,-0.582,-0.648,-0.551,0.329,-0.411,-0.47,-0.258,0.506,0.102,0.488,0.688,-0.531,-0.362,-0.704,0.792,-0.268,0.528,0.064,-0.617,-0.315,-0.77,-0.253,-0.665,-0.428,-0.357,0.09,0.323,-0.401,0.753,0.076,-0.115,-0.141,0.09,-0.327,-0.366,-0.347,-0.091,-0.687,-0.292,-0.144,-0.323,0.61,-0.324,0.468,-0.603,-0.319,-0.008,-0.312,-0.215,-0.162,-0.627,0.226,-0.473,-0.548,0.616,-0.505,-0.48,0.071,-0.268,-0.665,-0.506,-0.016,-0.67,0.08,-0.144,-0.533,-0.272,-0.516,-0.453,0.159,-0.116,-0.613,0.346,-0.105,-0.059,-0.162,0.008,-0.592,-0.597,-0.585,0.23,0.615,-0.364,-0.773,0.672,-0.277,-0.225,0.036,-0.416,-0.654,-0.545,-0.568,-0.027,-0.552,0.349,0.588,-0.147,-0.052,-0.277,-0.379,-0.631,-0.461,-0.6,-0.486,-0.439,0.624,0.404,-0.684,-0.267,-0.498,-0.28,-0.438,-0.2,-0.088,0.216,-0.657,-0.802,0.717,0.221
CGBD,-0.741,0.628,0.894,0.934,0.776,0.569,-0.76,0.789,0.332,0.896,0.625,-0.31,-0.677,0.502,0.689,0.131,0.871,-0.201,0.832,0.843,-0.648,0.2,0.852,-0.074,0.867,-0.437,-0.11,0.821,0.871,-0.421,0.0,0.825,0.648,-0.506,0.852,-0.426,0.751,0.541,0.72,0.28,-0.741,0.729,0.724,0.9,-0.745,-0.576,0.383,0.818,0.807,0.826,0.878,0.592,0.547,0.714,-0.444,0.78,-0.614,-0.425,0.922,0.802,0.891,0.875,-0.742,0.881,0.11,0.661,0.839,0.558,0.695,-0.867,0.861,0.742,-0.088,0.671,0.837,-0.392,0.876,0.893,-0.588,-0.689,0.509,0.301,0.758,0.719,-0.017,0.805,0.645,0.488,-0.868,-0.752,-0.87,-0.86,0.866,0.833,0.639,-0.719,0.875,-0.866,0.061,0.863,0.569,0.777,0.73,0.836,0.875,0.927,0.651,0.266,0.895,-0.276,0.367,0.721,0.844,0.048,0.656,0.837,0.879,0.235,0.538,0.31,0.672,-0.165,-0.563,0.35,-0.214,0.897,0.832,0.374,0.846,0.678,0.768,0.647,-0.769,0.852,0.895,-0.754,0.799,0.862,0.69,0.737,0.526,0.806,-0.557,0.787,0.33,0.751,0.888,0.611,0.841,0.876,0.507,0.526,0.67,-0.759,0.678,-0.469,0.737,0.14,0.612,0.831,0.851,0.087,-0.8,0.895,0.789,-0.426,0.884,0.881,0.048,0.68,0.8,0.872,0.666,0.396,0.84,-0.754,-0.563,0.804,0.789,0.738,0.934,0.742,0.868,0.862,0.851,0.901,-0.707,-0.232,0.779,0.83,0.888,-0.19,0.755,0.419,0.721,0.268,0.257,0.572,-0.788,0.397
