,ACET,ADAP,ADI,ADPT,ADTN,AGEN,ALGN,ALLK,AMD,AMWD,ARDX,ARQT,ASTE,AUPH,AVXL,AZTA,BAND,BECN,BFC,BGC,BHF,BHFAL,BKNG,BL,BOKF,BRKR,CACC,CAR,CDNA,CG,CGBD,CHI,CHTR,CHX,CLNE,CME,CNOB,CNXN,CPRX,CSGP,CSGS,CSIQ,CVCO,CVLT,CYRX,DDOG,DOOO,DSGX,DTIL,ECPG,EEFT,EFSC,ENTG,ESPR,ETSY,EXC,FAMI,FFIV,FITB,FIZZ,FMBH,FOX,FTNT,FULT,GABC,GEN,GH,GMAB,GNPX,GO,GOGL,GOOG,GPRO,GSHD,GSM,GWAV,HAIN,HBAN,HEPA,HURN,HWKN,IBIO,ICFI,IGMS,IMKTA,INCY,INO,IRDM,IRTC,IRWD,ITCI,JACK,JD,JJSF,KALA,KHC,KLAC,KRRO,KRYS,LANC,LBTYA,LIVN,LKCO,LNTH,LOGI,LPRO,LRCX,LSCC,LSTR,MAR,MARA,MCHP,MEOH,META,MGTX,MKSI,MMYT,MORN,MRUS,MTLS,MTSI,MVIS,MXL,NBIX,NFE,NMIH,NMRK,NNDM,NSIT,NTCT,NVAX,OCUL,ODP,OLED,ONB,OTEX,PACB,PATK,PAYX,PEP,PERI,PI,PLYA,PRDO,PRGS,PTGX,QCOM,QCRH,QDEL,QFIN,RGEN,RILY,RPAY,RPD,SABR,SEDG,SHEN,SIRI,SLNO,SNDL,SNEX,SONO,SPT,SSNC,STGW,STKL,STRL,STX,SWTX,SYNA,TFSL,TIGR,TNXP,TOWN,TRI,TRIP,TRMB,TRNS,TRS,TSCO,TSEM,TVTX,TXRH,VC,VCEL,VECO,VIAV,VICR,VIR,VRTX,VSTM,VTRS,WDFC,WSBC,WSC,WYNN,XENE,XNCR,XRAY,ZS
ACET,0.0,0.458,-0.411,-0.371,-0.116,-0.384,0.32,-0.005,0.154,-0.326,0.805,0.207,-0.674,-0.384,-0.546,0.022,-0.297,-0.388,-0.597,-0.284,-0.389,0.225,0.09,-0.421,-0.544,-0.206,-0.025,-0.568,-0.108,-0.475,0.538,-0.021,-0.79,-0.78,-0.5,-0.809,-0.052,-0.559,-0.672,-0.522,-0.628,-0.485,-0.656,-0.219,-0.421,0.213,-0.477,0.054,0.735,-0.346,-0.262,-0.417,-0.295,0.192,-0.545,0.179,-0.29,-0.133,0.089,-0.249,-0.733,0.325,0.341,-0.448,-0.627,0.098,-0.315,-0.044,-0.126,-0.136,0.077,0.242,-0.529,-0.265,-0.27,0.542,0.119,-0.149,-0.229,0.372,-0.641,-0.365,-0.286,0.684,-0.227,-0.151,0.859,-0.438,0.373,0.196,-0.465,-0.562,-0.485,-0.754,0.556,0.366,-0.156,-0.297,0.3,0.193,0.497,0.034,-0.363,-0.266,0.148,-0.741,-0.11,-0.404,-0.021,0.147,-0.225,-0.328,-0.574,0.334,-0.487,0.076,-0.02,-0.547,0.57,-0.474,-0.545,-0.287,-0.551,-0.03,-0.224,-0.288,-0.727,-0.591,0.256,0.136,-0.257,-0.063,-0.748,-0.632,-0.403,-0.018,-0.658,-0.197,0.096,-0.627,-0.666,-0.197,-0.444,-0.436,-0.054,0.744,-0.136,-0.522,-0.371,-0.417,-0.221,0.314,-0.402,-0.269,-0.127,-0.575,-0.63,-0.687,0.362,-0.362,-0.676,-0.192,-0.033,-0.14,-0.212,0.091,-0.507,-0.202,0.677,-0.571,-0.658,-0.477,-0.677,-0.613,0.048,-0.631,-0.458,-0.808,-0.723,0.377,-0.494,0.197,-0.32,-0.704,0.277,-0.37,0.287,-0.605,0.134,0.568,0.651,0.689,0.627,-0.657,-0.475,0.27,0.005,-0.493,0.705,0.365
ADAP,0.458,0.0,-0.463,0.296,0.431,0.429,0.443,0.707,-0.492,-0.529,0.067,0.199,-0.178,0.366,-0.246,-0.41,0.103,0.288,-0.576,-0.515,0.248,-0.307,-0.359,-0.561,0.114,-0.186,0.065,-0.059,0.49,-0.205,0.36,-0.345,-0.171,-0.154,0.204,-0.544,-0.039,-0.438,-0.111,-0.284,-0.644,0.225,-0.284,-0.696,0.346,-0.417,0.303,-0.522,0.673,-0.369,-0.164,0.366,-0.522,0.425,0.284,0.692,0.492,-0.63,0.623,0.479,-0.038,-0.218,-0.236,-0.05,-0.1,-0.459,0.431,0.654,0.53,0.212,-0.434,-0.393,-0.098,-0.703,0.276,-0.07,0.358,0.331,0.402,-0.435,-0.068,0.415,-0.472,0.277,0.496,0.588,0.603,0.22,-0.082,-0.04,0.278,0.353,0.278,-0.5,-0.056,0.633,-0.554,0.241,-0.123,-0.522,-0.242,0.109,0.215,0.556,0.325,-0.07,-0.515,-0.366,-0.614,-0.339,0.526,-0.453,0.108,-0.346,0.051,-0.388,-0.65,-0.42,-0.096,0.109,-0.666,0.541,-0.278,-0.47,0.394,-0.418,-0.112,0.021,-0.467,-0.439,0.564,0.542,-0.183,-0.3,0.031,-0.122,0.135,-0.239,-0.462,0.043,-0.36,-0.599,0.207,-0.659,-0.605,-0.04,-0.545,-0.238,0.123,0.205,-0.295,0.512,0.349,-0.499,0.234,0.118,0.081,0.042,-0.38,0.439,0.145,0.161,-0.505,-0.147,-0.387,-0.494,-0.091,-0.645,0.111,-0.365,0.035,0.342,0.078,0.042,-0.543,-0.214,0.075,-0.221,-0.133,-0.287,0.019,0.3,-0.245,-0.335,-0.458,-0.714,-0.249,-0.109,0.474,-0.253,-0.2,0.463,-0.279,-0.098,-0.305,0.413,0.476,0.167,0.51,-0.353
ADI,-0.411,-0.463,0.0,0.143,-0.05,-0.118,0.184,-0.313,0.557,0.691,0.021,0.098,0.653,0.143,0.583,0.704,0.662,0.104,0.821,0.765,0.4,0.486,0.529,0.873,0.386,0.786,0.632,0.656,-0.075,0.797,-0.062,0.802,0.459,0.432,-0.027,0.668,0.736,0.869,0.224,0.768,0.731,0.286,0.683,0.835,0.257,0.516,0.1,0.685,-0.617,0.876,0.715,0.01,0.946,-0.238,0.078,-0.649,-0.291,0.786,0.16,-0.453,0.453,0.31,0.445,0.751,0.571,0.676,-0.07,-0.415,-0.104,-0.533,0.232,0.531,0.539,0.823,-0.241,0.097,-0.17,0.455,-0.234,0.37,0.533,-0.107,0.526,0.137,-0.521,-0.499,-0.591,0.004,0.483,0.263,0.116,0.005,0.009,0.543,-0.332,-0.764,0.814,-0.017,0.426,0.497,0.305,0.309,0.217,-0.398,-0.451,0.39,0.799,0.851,0.766,0.59,-0.207,0.981,0.357,0.486,0.356,0.764,0.514,0.878,0.193,0.396,0.913,0.019,0.911,0.511,-0.241,0.672,0.613,0.558,0.468,0.582,-0.306,-0.207,0.463,0.679,0.662,0.709,0.154,0.801,0.648,-0.143,0.79,0.746,0.153,0.654,0.663,0.133,0.836,0.714,0.114,0.16,0.769,-0.695,0.118,0.796,0.53,0.139,0.279,0.499,0.461,-0.187,0.065,0.653,0.82,0.845,0.877,0.614,0.087,0.798,0.02,0.92,0.5,0.133,0.017,0.491,0.495,0.716,0.53,0.418,0.579,0.254,0.505,0.058,0.864,0.633,0.53,0.814,0.6,0.417,-0.369,0.047,0.087,-0.366,0.019,0.657,0.659,-0.163,-0.157,-0.207,-0.271,0.573
ADPT,-0.371,0.296,0.143,0.0,0.827,0.865,0.56,0.762,-0.66,0.08,-0.588,-0.295,0.561,0.849,0.673,-0.199,0.335,0.704,-0.056,-0.336,0.558,-0.54,-0.066,0.223,0.516,0.385,-0.029,0.573,0.864,0.418,-0.442,-0.108,0.707,0.624,0.915,0.358,0.058,0.362,0.772,0.559,0.207,0.809,0.626,-0.132,0.734,-0.386,0.805,-0.536,0.132,0.041,0.493,0.877,-0.105,0.664,0.905,0.554,0.628,-0.372,0.403,0.575,0.755,-0.736,-0.594,0.543,0.417,-0.482,0.925,0.78,0.33,0.567,-0.782,-0.626,0.767,-0.219,0.777,-0.786,0.456,0.254,0.89,-0.674,0.774,0.877,-0.281,-0.463,0.498,0.549,-0.174,0.923,-0.413,-0.601,0.856,0.639,0.872,0.529,-0.3,0.057,-0.397,0.427,0.024,-0.69,-0.76,0.58,0.878,0.74,0.411,0.799,-0.41,0.371,-0.357,-0.593,0.881,0.079,0.784,-0.648,0.691,-0.395,-0.555,0.415,-0.691,0.938,0.151,0.886,0.462,-0.637,0.867,-0.328,0.666,0.66,-0.623,-0.264,0.819,0.641,0.743,0.687,0.369,0.074,0.858,0.156,-0.511,0.527,0.452,-0.448,0.858,-0.317,-0.579,-0.395,-0.379,0.183,0.825,0.729,0.004,0.247,0.919,0.293,0.243,0.92,0.698,0.561,-0.649,0.833,0.758,0.674,-0.207,0.133,-0.053,-0.593,0.784,-0.334,-0.593,0.438,0.838,0.776,0.781,0.777,-0.66,0.177,0.788,0.758,0.54,-0.749,0.593,0.393,0.147,0.619,-0.635,-0.356,-0.223,0.855,0.634,-0.782,-0.776,-0.469,-0.613,0.575,0.5,-0.312,0.554,0.668,0.16,-0.504
ADTN,-0.116,0.431,-0.05,0.827,0.0,0.789,0.624,0.791,-0.649,0.061,-0.382,-0.229,0.388,0.733,0.371,-0.229,0.191,0.57,-0.244,-0.401,0.459,-0.472,-0.04,0.015,0.434,0.347,-0.006,0.479,0.843,0.238,-0.381,-0.233,0.493,0.427,0.766,0.157,0.005,0.154,0.593,0.397,-0.001,0.641,0.477,-0.254,0.605,-0.428,0.715,-0.564,0.326,-0.054,0.396,0.811,-0.264,0.72,0.777,0.709,0.626,-0.406,0.452,0.573,0.564,-0.604,-0.539,0.412,0.202,-0.45,0.843,0.814,0.36,0.557,-0.796,-0.567,0.579,-0.329,0.69,-0.586,0.63,0.222,0.819,-0.555,0.578,0.795,-0.262,-0.367,0.56,0.541,0.086,0.808,-0.378,-0.522,0.769,0.527,0.724,0.284,-0.209,0.298,-0.495,0.32,-0.005,-0.64,-0.63,0.575,0.752,0.698,0.493,0.609,-0.485,0.146,-0.428,-0.546,0.789,-0.109,0.599,-0.608,0.596,-0.435,-0.604,0.164,-0.544,0.717,-0.039,0.776,0.23,-0.691,0.787,-0.401,0.473,0.422,-0.602,-0.217,0.775,0.728,0.564,0.493,0.301,0.067,0.663,0.155,-0.573,0.442,0.244,-0.548,0.76,-0.448,-0.623,-0.242,-0.473,0.04,0.7,0.539,-0.059,0.472,0.804,0.153,0.166,0.777,0.551,0.37,-0.573,0.723,0.568,0.574,-0.253,0.041,-0.174,-0.564,0.7,-0.44,-0.42,0.199,0.62,0.596,0.641,0.544,-0.7,-0.019,0.655,0.547,0.322,-0.644,0.347,0.422,0.017,0.469,-0.572,-0.493,-0.09,0.643,0.702,-0.647,-0.598,-0.233,-0.447,0.371,0.399,-0.109,0.503,0.634,0.375,-0.491
AGEN,-0.384,0.429,-0.118,0.865,0.789,0.0,0.339,0.849,-0.809,-0.131,-0.71,-0.142,0.512,0.81,0.433,-0.496,0.246,0.65,-0.189,-0.43,0.603,-0.581,-0.321,-0.093,0.583,0.099,-0.077,0.52,0.828,0.258,-0.48,-0.38,0.671,0.67,0.91,0.28,-0.123,0.168,0.745,0.399,0.024,0.812,0.461,-0.416,0.749,-0.69,0.776,-0.707,0.153,-0.148,0.199,0.881,-0.356,0.603,0.927,0.703,0.876,-0.575,0.42,0.788,0.716,-0.736,-0.722,0.398,0.351,-0.655,0.906,0.867,0.478,0.682,-0.758,-0.739,0.616,-0.447,0.72,-0.756,0.512,0.27,0.889,-0.837,0.696,0.954,-0.214,-0.568,0.764,0.76,-0.169,0.869,-0.606,-0.537,0.885,0.762,0.927,0.378,-0.424,0.359,-0.599,0.58,-0.369,-0.802,-0.842,0.283,0.771,0.887,0.391,0.773,-0.586,0.014,-0.609,-0.707,0.903,-0.218,0.797,-0.811,0.707,-0.611,-0.723,0.111,-0.812,0.742,-0.13,0.903,0.225,-0.703,0.891,-0.34,0.614,0.625,-0.825,-0.488,0.924,0.789,0.705,0.461,0.33,-0.093,0.895,-0.005,-0.752,0.733,0.355,-0.621,0.871,-0.358,-0.751,-0.569,-0.585,0.165,0.723,0.748,-0.119,0.401,0.932,-0.022,0.149,0.9,0.764,0.527,-0.837,0.905,0.872,0.439,-0.473,-0.109,-0.3,-0.71,0.708,-0.521,-0.63,0.19,0.733,0.83,0.875,0.659,-0.831,0.138,0.687,0.706,0.499,-0.882,0.455,0.279,-0.057,0.484,-0.794,-0.534,-0.46,0.697,0.636,-0.901,-0.855,-0.339,-0.795,0.508,0.373,-0.092,0.557,0.829,0.012,-0.744
ALGN,0.32,0.443,0.184,0.56,0.624,0.339,0.0,0.497,-0.177,0.321,0.207,-0.186,0.18,0.478,0.363,0.299,0.245,0.447,-0.145,-0.219,0.317,-0.101,0.426,0.245,0.194,0.599,0.189,0.318,0.562,0.341,0.125,0.249,0.119,0.01,0.315,-0.078,0.337,0.173,0.131,0.346,-0.031,0.268,0.379,0.067,0.386,0.221,0.457,-0.108,0.429,0.146,0.667,0.483,0.066,0.624,0.369,0.373,0.076,-0.032,0.508,0.032,0.207,-0.215,-0.067,0.411,0.097,-0.012,0.528,0.459,0.094,0.058,-0.527,-0.112,0.359,-0.041,0.398,-0.194,0.354,0.256,0.449,-0.031,0.279,0.325,-0.323,0.183,-0.015,0.056,0.4,0.449,0.184,-0.293,0.39,0.112,0.252,0.001,0.12,-0.061,-0.14,-0.089,0.466,-0.223,-0.071,0.789,0.497,0.235,0.42,0.193,-0.1,0.293,0.006,-0.089,0.458,0.21,0.246,-0.036,0.213,0.041,-0.195,0.294,-0.0,0.543,0.106,0.484,0.284,-0.35,0.38,-0.225,0.195,0.243,-0.077,0.147,0.308,0.325,0.221,0.388,0.279,0.432,0.189,0.376,-0.043,-0.225,0.116,-0.21,0.43,-0.455,-0.229,0.301,-0.075,-0.037,0.45,0.197,0.204,0.088,0.449,0.377,0.42,0.343,0.097,0.097,-0.008,0.299,0.032,0.741,0.147,0.432,0.166,-0.164,0.362,-0.127,0.031,0.275,0.388,0.19,0.052,0.331,-0.236,-0.025,0.489,0.134,0.124,-0.08,0.26,0.36,0.241,0.258,-0.09,-0.245,0.348,0.419,0.411,-0.105,-0.053,-0.024,0.059,0.176,0.399,-0.167,0.436,-0.026,0.755,0.112
ALLK,-0.005,0.707,-0.313,0.762,0.791,0.849,0.497,0.0,-0.82,-0.277,-0.425,-0.068,0.233,0.698,0.213,-0.553,0.104,0.534,-0.419,-0.608,0.474,-0.571,-0.289,-0.304,0.409,-0.004,-0.065,0.304,0.847,0.07,-0.213,-0.434,0.361,0.362,0.728,-0.11,-0.121,-0.094,0.495,0.144,-0.27,0.638,0.202,-0.576,0.605,-0.668,0.667,-0.747,0.497,-0.289,0.063,0.803,-0.512,0.658,0.771,0.851,0.808,-0.674,0.561,0.788,0.481,-0.641,-0.608,0.243,0.146,-0.656,0.853,0.949,0.445,0.631,-0.791,-0.683,0.376,-0.615,0.66,-0.576,0.562,0.272,0.845,-0.746,0.452,0.859,-0.418,-0.26,0.754,0.795,0.24,0.744,-0.484,-0.447,0.706,0.624,0.786,0.028,-0.215,0.526,-0.689,0.458,-0.221,-0.817,-0.7,0.3,0.704,0.842,0.511,0.495,-0.668,-0.131,-0.706,-0.684,0.889,-0.376,0.561,-0.718,0.532,-0.607,-0.777,-0.141,-0.618,0.58,-0.403,0.864,-0.004,-0.762,0.832,-0.499,0.335,0.38,-0.762,-0.458,0.898,0.792,0.407,0.193,0.202,-0.083,0.668,-0.098,-0.75,0.507,0.039,-0.745,0.736,-0.617,-0.814,-0.317,-0.676,-0.047,0.559,0.655,-0.253,0.584,0.812,-0.182,0.141,0.696,0.502,0.325,-0.767,0.769,0.643,0.401,-0.566,-0.171,-0.412,-0.748,0.499,-0.703,-0.375,-0.047,0.51,0.719,0.597,0.468,-0.869,-0.103,0.508,0.39,0.232,-0.766,0.343,0.401,-0.198,0.173,-0.761,-0.745,-0.338,0.458,0.745,-0.723,-0.664,-0.019,-0.587,0.267,0.144,0.047,0.53,0.658,0.355,-0.659
AMD,0.154,-0.492,0.557,-0.66,-0.649,-0.809,-0.177,-0.82,0.0,0.388,0.652,0.361,-0.042,-0.525,-0.072,0.714,0.216,-0.497,0.539,0.728,-0.157,0.823,0.513,0.477,-0.206,0.324,0.498,-0.02,-0.672,0.262,0.432,0.706,-0.363,-0.289,-0.79,0.108,0.527,0.293,-0.551,0.082,0.222,-0.495,-0.082,0.706,-0.377,0.75,-0.591,0.93,-0.397,0.555,0.139,-0.734,0.77,-0.6,-0.722,-0.881,-0.793,0.874,-0.117,-0.899,-0.364,0.823,0.87,0.057,0.017,0.89,-0.764,-0.892,-0.298,-0.876,0.78,0.934,-0.267,0.749,-0.815,0.751,-0.437,0.129,-0.864,0.854,-0.309,-0.775,0.514,0.576,-0.867,-0.866,-0.143,-0.774,0.823,0.65,-0.604,-0.603,-0.736,-0.157,0.14,-0.59,0.894,-0.34,0.371,0.916,0.888,-0.119,-0.539,-0.896,-0.592,-0.476,0.913,0.278,0.837,0.949,-0.785,0.614,-0.441,0.939,-0.367,0.914,0.772,0.314,0.802,-0.45,0.476,-0.661,0.264,0.884,-0.847,0.709,-0.175,-0.169,0.825,0.699,-0.901,-0.625,-0.363,-0.121,0.15,0.523,-0.646,0.431,0.888,-0.701,0.133,0.886,-0.572,0.614,0.919,0.537,0.892,0.326,-0.623,-0.522,0.571,-0.701,-0.679,0.373,0.281,-0.701,-0.458,-0.175,0.928,-0.786,-0.667,-0.027,0.811,0.541,0.635,0.898,-0.588,0.848,0.632,0.263,-0.367,-0.561,-0.707,-0.346,0.919,0.298,-0.268,-0.419,-0.149,0.835,-0.228,-0.167,0.551,-0.111,0.936,0.817,0.655,-0.406,-0.762,0.71,0.794,0.172,0.59,-0.045,0.062,0.162,-0.407,-0.808,-0.195,0.892
AMWD,-0.326,-0.529,0.691,0.08,0.061,-0.131,0.321,-0.277,0.388,0.0,0.023,-0.233,0.468,0.046,0.478,0.724,0.252,0.192,0.689,0.513,0.214,0.305,0.695,0.767,0.286,0.721,0.3,0.505,-0.133,0.649,-0.137,0.577,0.351,0.279,-0.004,0.571,0.473,0.681,0.237,0.619,0.719,0.009,0.741,0.755,0.032,0.596,0.189,0.51,-0.5,0.686,0.754,0.149,0.666,-0.102,0.083,-0.424,-0.354,0.687,-0.016,-0.358,0.344,0.18,0.204,0.577,0.398,0.555,-0.011,-0.305,-0.389,-0.338,0.114,0.373,0.379,0.722,-0.03,-0.018,-0.154,0.141,-0.158,0.438,0.353,-0.171,0.372,-0.104,-0.412,-0.488,-0.373,0.106,0.25,0.008,0.069,-0.056,-0.092,0.493,-0.109,-0.715,0.543,-0.349,0.381,0.388,0.237,0.429,0.168,-0.35,-0.054,0.309,0.551,0.575,0.635,0.407,-0.203,0.696,0.133,0.367,0.199,0.499,0.564,0.677,0.118,0.267,0.799,-0.097,0.587,0.327,-0.215,0.466,0.425,0.304,0.471,0.54,-0.311,-0.245,0.467,0.628,0.472,0.591,0.072,0.702,0.506,-0.147,0.56,0.539,0.166,0.409,0.524,0.174,0.601,0.41,0.198,-0.068,0.605,-0.577,0.058,0.733,0.303,0.162,0.129,0.239,0.384,-0.225,-0.019,0.52,0.647,0.648,0.656,0.464,0.325,0.591,-0.105,0.678,0.4,-0.131,-0.014,0.329,0.408,0.471,0.364,0.395,0.477,0.307,0.318,-0.151,0.564,0.577,0.413,0.632,0.562,0.405,-0.302,0.145,0.114,-0.438,0.189,0.396,0.7,-0.397,-0.199,-0.145,0.025,0.418
ARDX,0.805,0.067,0.021,-0.588,-0.382,-0.71,0.207,-0.425,0.652,0.023,0.0,0.351,-0.48,-0.506,-0.381,0.423,-0.078,-0.497,-0.138,0.182,-0.358,0.634,0.365,-0.001,-0.503,0.106,0.271,-0.386,-0.396,-0.16,0.616,0.417,-0.738,-0.713,-0.768,-0.539,0.29,-0.211,-0.76,-0.295,-0.322,-0.592,-0.48,0.26,-0.466,0.595,-0.643,0.562,0.366,0.073,-0.041,-0.666,0.218,-0.143,-0.762,-0.322,-0.656,0.416,0.022,-0.675,-0.706,0.7,0.752,-0.255,-0.423,0.591,-0.603,-0.493,-0.197,-0.583,0.417,0.701,-0.496,0.221,-0.622,0.821,-0.102,-0.035,-0.596,0.752,-0.599,-0.673,0.08,0.836,-0.657,-0.581,0.551,-0.715,0.78,0.511,-0.606,-0.75,-0.746,-0.624,0.494,-0.066,0.378,-0.422,0.473,0.642,0.849,0.088,-0.504,-0.681,-0.203,-0.773,0.424,-0.128,0.468,0.639,-0.561,0.115,-0.639,0.767,-0.509,0.575,0.42,-0.187,0.895,-0.545,-0.109,-0.541,-0.223,0.464,-0.604,0.175,-0.597,-0.498,0.659,0.519,-0.664,-0.315,-0.711,-0.488,-0.182,0.34,-0.839,0.134,0.571,-0.852,-0.388,0.35,-0.619,0.01,0.469,0.859,0.39,-0.197,-0.595,-0.595,0.209,-0.153,-0.625,0.046,0.135,-0.783,-0.681,-0.605,0.795,-0.669,-0.877,-0.084,0.453,0.262,0.234,0.564,-0.662,0.322,0.901,-0.219,-0.653,-0.654,-0.877,-0.62,0.531,-0.308,-0.439,-0.8,-0.616,0.742,-0.459,0.149,0.096,-0.538,0.732,0.171,0.612,-0.623,-0.269,0.812,0.919,0.583,0.795,-0.497,-0.235,0.267,-0.13,-0.793,0.453,0.779
ARQT,0.207,0.199,0.098,-0.295,-0.229,-0.142,-0.186,-0.068,0.361,-0.233,0.351,0.0,0.182,-0.119,-0.172,-0.1,0.501,-0.348,0.102,0.313,0.407,0.674,-0.28,-0.118,0.252,-0.027,0.675,0.193,-0.114,0.214,0.434,0.297,-0.119,0.078,-0.368,-0.116,0.449,0.131,-0.295,0.009,-0.216,0.142,-0.239,0.016,0.148,-0.169,-0.391,0.375,-0.016,0.286,-0.272,-0.291,0.217,-0.345,-0.273,-0.224,0.095,0.235,0.476,-0.122,-0.027,0.641,0.598,0.18,0.195,0.38,-0.326,-0.258,0.338,-0.434,0.456,0.534,-0.109,0.14,-0.716,0.638,0.126,0.581,-0.416,0.172,-0.018,-0.081,0.576,0.499,-0.058,-0.013,-0.075,-0.491,0.498,0.759,-0.104,-0.026,-0.092,-0.354,-0.339,0.161,0.308,0.413,-0.306,0.405,0.442,-0.398,-0.152,-0.218,-0.68,-0.205,0.386,-0.27,0.176,0.514,-0.153,0.057,0.061,0.408,0.193,0.432,0.062,-0.16,0.4,-0.329,-0.19,0.01,0.078,0.494,-0.316,0.59,0.098,0.245,0.165,0.241,-0.155,0.254,-0.174,-0.395,0.443,0.39,-0.142,0.273,0.197,-0.099,0.169,0.294,-0.105,0.412,0.262,0.225,0.292,0.529,-0.443,0.007,0.497,-0.142,-0.06,-0.18,0.462,-0.333,0.126,0.052,0.247,-0.231,-0.087,-0.002,0.249,0.315,0.243,0.411,-0.611,0.314,0.637,0.029,-0.156,0.146,-0.213,-0.106,0.136,0.315,0.025,-0.294,-0.002,0.137,-0.16,0.127,0.355,-0.251,0.405,0.151,0.15,-0.415,-0.232,0.129,0.34,0.592,-0.037,0.215,-0.015,0.722,0.038,-0.153,-0.207,0.304
ASTE,-0.674,-0.178,0.653,0.561,0.388,0.512,0.18,0.233,-0.042,0.468,-0.48,0.182,0.0,0.531,0.742,0.13,0.723,0.355,0.562,0.401,0.828,0.171,0.078,0.597,0.796,0.615,0.499,0.907,0.431,0.863,-0.362,0.425,0.806,0.907,0.531,0.78,0.542,0.863,0.631,0.87,0.638,0.77,0.796,0.422,0.695,-0.177,0.427,0.148,-0.521,0.603,0.585,0.506,0.508,0.11,0.586,-0.134,0.366,0.326,0.397,0.15,0.88,-0.083,-0.005,0.819,0.715,0.178,0.429,0.148,0.249,-0.002,-0.152,0.028,0.831,0.443,0.089,-0.299,0.299,0.552,0.289,-0.244,0.898,0.522,0.537,-0.365,0.126,0.073,-0.727,0.457,0.016,-0.04,0.648,0.487,0.639,0.63,-0.637,-0.394,0.288,0.517,-0.18,-0.023,-0.288,0.266,0.604,0.201,-0.301,0.804,0.315,0.476,0.249,0.091,0.374,0.56,0.851,-0.099,0.765,0.22,-0.029,0.703,-0.397,0.676,0.591,0.558,0.834,0.045,0.328,0.518,0.941,0.913,-0.177,0.258,0.317,0.398,0.878,0.755,0.802,0.587,0.713,0.675,0.002,0.416,0.937,0.232,0.701,0.478,0.081,-0.381,0.296,0.837,0.471,0.632,0.656,-0.316,0.672,0.56,0.569,0.651,0.795,0.672,-0.2,0.373,0.683,0.68,0.376,0.584,0.503,0.123,0.482,0.399,-0.325,0.812,0.816,0.683,0.615,0.787,-0.147,0.741,0.879,0.79,0.804,-0.414,0.488,0.098,0.687,0.782,-0.035,0.342,0.09,0.718,0.053,-0.552,-0.445,-0.448,-0.55,0.926,0.785,-0.05,0.231,0.422,-0.393,-0.054
AUPH,-0.384,0.366,0.143,0.849,0.733,0.81,0.478,0.698,-0.525,0.046,-0.506,-0.119,0.531,0.0,0.601,-0.17,0.405,0.804,0.051,-0.255,0.602,-0.441,-0.125,0.173,0.596,0.384,0.094,0.662,0.799,0.452,-0.289,-0.162,0.661,0.622,0.774,0.365,0.149,0.312,0.68,0.525,0.08,0.752,0.576,-0.228,0.851,-0.37,0.866,-0.499,0.106,0.116,0.429,0.816,-0.042,0.437,0.886,0.505,0.612,-0.313,0.535,0.521,0.724,-0.625,-0.543,0.551,0.542,-0.455,0.887,0.713,0.536,0.36,-0.682,-0.531,0.578,-0.288,0.639,-0.674,0.337,0.413,0.76,-0.639,0.678,0.812,-0.261,-0.331,0.486,0.563,-0.179,0.768,-0.271,-0.377,0.915,0.752,0.748,0.43,-0.307,0.169,-0.309,0.48,-0.046,-0.663,-0.64,0.488,0.802,0.77,0.294,0.717,-0.31,0.301,-0.407,-0.431,0.821,0.067,0.696,-0.59,0.7,-0.303,-0.592,0.409,-0.546,0.806,0.126,0.889,0.46,-0.41,0.745,-0.193,0.674,0.652,-0.643,-0.335,0.76,0.693,0.655,0.57,0.487,0.079,0.798,0.089,-0.469,0.505,0.425,-0.312,0.788,-0.272,-0.485,-0.403,-0.294,0.258,0.603,0.565,0.062,0.104,0.824,0.184,0.443,0.774,0.68,0.676,-0.569,0.822,0.686,0.608,-0.218,0.2,-0.067,-0.545,0.612,-0.312,-0.481,0.423,0.807,0.724,0.736,0.667,-0.524,0.337,0.669,0.664,0.563,-0.606,0.587,0.503,0.263,0.587,-0.573,-0.259,-0.26,0.725,0.41,-0.793,-0.734,-0.435,-0.72,0.578,0.465,-0.092,0.706,0.579,0.053,-0.499
AVXL,-0.546,-0.246,0.583,0.673,0.371,0.433,0.363,0.213,-0.072,0.478,-0.381,-0.172,0.742,0.601,0.0,0.228,0.45,0.475,0.406,0.148,0.518,-0.072,0.288,0.727,0.485,0.634,0.176,0.671,0.491,0.741,-0.385,0.368,0.67,0.686,0.593,0.661,0.353,0.74,0.627,0.806,0.573,0.602,0.75,0.459,0.576,0.058,0.514,0.033,-0.305,0.407,0.668,0.503,0.454,0.289,0.567,-0.069,0.146,0.249,0.187,0.034,0.739,-0.359,-0.151,0.639,0.546,0.04,0.532,0.225,0.052,0.13,-0.316,-0.103,0.757,0.372,0.346,-0.508,0.169,0.212,0.453,-0.207,0.761,0.478,0.109,-0.381,-0.032,-0.016,-0.516,0.563,0.006,-0.354,0.629,0.302,0.57,0.653,-0.204,-0.485,0.19,0.307,0.134,-0.159,-0.358,0.544,0.671,0.214,0.045,0.692,0.184,0.605,0.21,-0.078,0.446,0.532,0.676,-0.142,0.561,0.136,-0.013,0.803,-0.391,0.802,0.619,0.522,0.755,-0.086,0.444,0.192,0.729,0.701,-0.186,0.223,0.279,0.247,0.769,0.811,0.492,0.448,0.622,0.442,-0.007,0.226,0.724,0.143,0.664,0.185,-0.007,-0.244,0.197,0.501,0.55,0.563,0.421,-0.304,0.591,0.708,0.444,0.643,0.54,0.495,-0.174,0.423,0.523,0.665,0.33,0.472,0.351,-0.066,0.653,0.282,-0.379,0.752,0.772,0.524,0.508,0.687,-0.1,0.46,0.761,0.733,0.583,-0.364,0.472,0.238,0.574,0.747,-0.117,0.242,0.084,0.843,0.142,-0.473,-0.426,-0.647,-0.36,0.705,0.718,-0.414,0.381,0.266,-0.165,-0.014
AZTA,0.022,-0.41,0.704,-0.199,-0.229,-0.496,0.299,-0.553,0.714,0.724,0.423,-0.1,0.13,-0.17,0.228,0.0,0.329,0.041,0.606,0.58,-0.022,0.487,0.723,0.674,-0.013,0.666,0.416,0.179,-0.388,0.459,0.294,0.756,-0.015,-0.144,-0.388,0.257,0.599,0.466,-0.235,0.352,0.463,-0.287,0.38,0.746,-0.111,0.893,-0.111,0.733,-0.366,0.69,0.681,-0.239,0.777,-0.271,-0.31,-0.64,-0.699,0.758,-0.026,-0.706,-0.074,0.463,0.534,0.363,0.179,0.753,-0.327,-0.567,-0.297,-0.682,0.346,0.615,0.075,0.702,-0.28,0.32,-0.368,0.169,-0.476,0.679,-0.014,-0.532,0.238,0.389,-0.747,-0.725,-0.119,-0.292,0.629,0.282,-0.26,-0.32,-0.506,0.186,0.069,-0.718,0.745,-0.496,0.671,0.631,0.612,0.37,-0.148,-0.613,-0.222,-0.116,0.74,0.625,0.791,0.682,-0.507,0.778,-0.177,0.697,-0.21,0.75,0.676,0.617,0.571,0.006,0.716,-0.347,0.501,0.57,-0.543,0.502,0.084,0.045,0.719,0.576,-0.596,-0.53,-0.014,0.345,0.285,0.544,-0.349,0.549,0.824,-0.563,0.285,0.715,-0.275,0.397,0.74,0.419,0.796,0.254,-0.059,-0.397,0.569,-0.682,-0.326,0.61,0.403,-0.289,-0.23,0.083,0.738,-0.459,-0.459,0.41,0.776,0.73,0.749,0.704,-0.135,0.706,0.269,0.538,0.067,-0.455,-0.431,0.057,0.745,0.364,0.064,-0.052,0.164,0.708,0.12,-0.112,0.579,0.246,0.685,0.741,0.704,0.031,-0.513,0.537,0.474,-0.15,0.44,0.144,0.344,-0.126,-0.214,-0.61,0.107,0.749
BAND,-0.297,0.103,0.662,0.335,0.191,0.246,0.245,0.104,0.216,0.252,-0.078,0.501,0.723,0.405,0.45,0.329,0.0,0.321,0.481,0.481,0.773,0.398,-0.016,0.447,0.662,0.549,0.824,0.708,0.231,0.76,0.184,0.606,0.517,0.529,0.178,0.401,0.79,0.707,0.207,0.614,0.326,0.612,0.503,0.324,0.63,0.043,0.24,0.35,-0.372,0.707,0.518,0.262,0.595,-0.065,0.289,-0.244,0.187,0.337,0.664,-0.062,0.568,0.249,0.333,0.796,0.689,0.378,0.18,-0.034,0.475,-0.392,0.046,0.275,0.581,0.366,-0.19,0.084,0.118,0.848,-0.022,-0.059,0.612,0.258,0.469,0.215,-0.052,-0.015,-0.449,0.084,0.425,0.393,0.394,0.402,0.3,0.293,-0.681,-0.287,0.453,0.43,0.051,0.184,0.091,0.165,0.362,0.037,-0.518,0.44,0.481,0.472,0.336,0.384,0.158,0.622,0.606,0.206,0.533,0.484,0.007,0.585,0.071,0.42,0.429,0.452,0.776,0.301,0.014,0.623,0.72,0.801,0.084,0.238,0.148,0.29,0.447,0.436,0.844,0.585,0.379,0.633,0.296,0.072,0.727,0.391,0.33,0.465,0.26,-0.102,0.467,0.797,0.236,0.33,0.702,-0.411,0.447,0.323,0.806,0.261,0.606,0.633,0.118,0.224,0.331,0.691,0.472,0.786,0.637,0.329,-0.037,0.46,0.105,0.724,0.592,0.5,0.259,0.621,0.074,0.765,0.649,0.374,0.616,-0.051,0.449,0.142,0.744,0.424,0.208,0.395,0.237,0.305,-0.151,-0.22,-0.139,0.021,-0.378,0.789,0.491,0.312,0.238,0.059,-0.239,0.25
BECN,-0.388,0.288,0.104,0.704,0.57,0.65,0.447,0.534,-0.497,0.192,-0.497,-0.348,0.355,0.804,0.475,0.041,0.321,0.0,0.099,-0.257,0.398,-0.547,-0.097,0.127,0.48,0.279,-0.01,0.454,0.521,0.338,-0.141,-0.159,0.593,0.421,0.66,0.225,0.086,0.203,0.577,0.345,0.117,0.527,0.568,-0.225,0.705,-0.129,0.875,-0.458,0.018,0.127,0.504,0.803,-0.066,0.305,0.772,0.419,0.427,-0.333,0.373,0.486,0.589,-0.588,-0.575,0.466,0.47,-0.42,0.76,0.597,0.383,0.274,-0.61,-0.558,0.426,-0.303,0.724,-0.678,0.037,0.3,0.625,-0.558,0.505,0.584,-0.394,-0.295,0.439,0.476,-0.114,0.675,-0.288,-0.365,0.736,0.75,0.518,0.402,-0.304,0.078,-0.279,0.192,0.086,-0.627,-0.57,0.452,0.626,0.7,0.392,0.604,-0.307,0.341,-0.371,-0.422,0.63,0.083,0.5,-0.538,0.435,-0.321,-0.408,0.372,-0.466,0.663,0.157,0.702,0.361,-0.365,0.55,-0.223,0.535,0.487,-0.432,-0.426,0.642,0.409,0.546,0.549,0.366,-0.079,0.624,-0.015,-0.316,0.409,0.29,-0.27,0.548,-0.297,-0.4,-0.45,-0.251,0.086,0.648,0.321,-0.046,0.0,0.657,0.07,0.389,0.643,0.546,0.623,-0.494,0.718,0.54,0.525,-0.269,0.177,-0.033,-0.488,0.554,-0.344,-0.515,0.375,0.724,0.488,0.596,0.614,-0.39,0.301,0.454,0.59,0.532,-0.384,0.626,0.217,0.095,0.454,-0.553,-0.178,-0.278,0.603,0.269,-0.569,-0.699,-0.421,-0.625,0.43,0.336,-0.165,0.583,0.456,0.121,-0.448
BFC,-0.597,-0.576,0.821,-0.056,-0.244,-0.189,-0.145,-0.419,0.539,0.689,-0.138,0.102,0.562,0.051,0.406,0.606,0.481,0.099,0.0,0.772,0.33,0.419,0.409,0.718,0.404,0.569,0.504,0.585,-0.309,0.679,-0.047,0.581,0.457,0.441,-0.134,0.708,0.57,0.744,0.25,0.58,0.727,0.119,0.644,0.698,0.152,0.434,0.094,0.631,-0.777,0.837,0.476,-0.011,0.839,-0.569,0.053,-0.694,-0.271,0.747,0.02,-0.327,0.426,0.337,0.333,0.636,0.653,0.598,-0.182,-0.51,-0.16,-0.551,0.414,0.498,0.292,0.758,-0.288,0.092,-0.392,0.386,-0.383,0.361,0.401,-0.2,0.575,-0.001,-0.402,-0.399,-0.697,-0.095,0.301,0.372,0.016,0.132,-0.1,0.55,-0.408,-0.72,0.778,-0.101,0.193,0.481,0.284,-0.005,0.046,-0.379,-0.492,0.343,0.757,0.649,0.637,0.584,-0.307,0.804,0.195,0.431,0.285,0.654,0.572,0.711,0.144,0.164,0.833,-0.117,0.731,0.66,-0.399,0.747,0.559,0.456,0.452,0.386,-0.359,-0.311,0.43,0.501,0.635,0.518,0.135,0.632,0.602,0.016,0.684,0.785,0.04,0.739,0.721,-0.046,0.798,0.703,-0.044,0.001,0.689,-0.779,-0.034,0.561,0.405,0.047,0.261,0.567,0.371,-0.277,0.098,0.379,0.636,0.664,0.768,0.584,-0.007,0.729,-0.073,0.768,0.421,0.031,0.028,0.386,0.584,0.795,0.282,0.408,0.652,0.324,0.484,-0.141,0.724,0.546,0.468,0.875,0.411,0.25,-0.593,0.041,0.014,-0.402,-0.09,0.579,0.548,-0.087,-0.31,-0.14,-0.482,0.395
BGC,-0.284,-0.515,0.765,-0.336,-0.401,-0.43,-0.219,-0.608,0.728,0.513,0.182,0.313,0.401,-0.255,0.148,0.58,0.481,-0.257,0.772,0.0,0.143,0.676,0.33,0.637,0.16,0.468,0.575,0.391,-0.47,0.484,0.016,0.698,0.171,0.209,-0.408,0.518,0.563,0.62,-0.053,0.452,0.613,0.005,0.323,0.758,-0.074,0.474,-0.292,0.838,-0.679,0.777,0.33,-0.398,0.83,-0.543,-0.289,-0.797,-0.394,0.842,-0.054,-0.553,0.105,0.621,0.646,0.429,0.364,0.769,-0.478,-0.729,-0.152,-0.699,0.571,0.706,0.198,0.816,-0.599,0.457,-0.245,0.301,-0.62,0.607,0.197,-0.432,0.763,0.256,-0.569,-0.623,-0.581,-0.384,0.561,0.554,-0.25,-0.206,-0.302,0.319,-0.288,-0.628,0.843,-0.132,0.205,0.775,0.558,-0.079,-0.229,-0.642,-0.73,0.079,0.839,0.481,0.795,0.779,-0.589,0.756,0.017,0.642,0.128,0.788,0.658,0.55,0.384,-0.085,0.712,-0.365,0.573,0.759,-0.572,0.77,0.331,0.237,0.643,0.575,-0.586,-0.357,0.132,0.285,0.47,0.548,-0.184,0.656,0.738,-0.215,0.565,0.874,-0.223,0.815,0.848,0.187,0.851,0.631,-0.306,-0.104,0.704,-0.657,-0.256,0.507,0.32,-0.241,0.077,0.22,0.628,-0.489,-0.167,0.211,0.783,0.659,0.798,0.827,-0.274,0.844,0.251,0.594,0.07,-0.123,-0.238,0.087,0.69,0.629,0.135,0.104,0.351,0.487,0.209,-0.141,0.694,0.336,0.721,0.879,0.562,-0.005,-0.588,0.288,0.344,-0.11,0.201,0.364,0.393,0.048,-0.394,-0.342,-0.448,0.636
BHF,-0.389,0.248,0.4,0.558,0.459,0.603,0.317,0.474,-0.157,0.214,-0.358,0.407,0.828,0.602,0.518,-0.022,0.773,0.398,0.33,0.143,0.0,0.146,-0.077,0.265,0.858,0.458,0.623,0.814,0.533,0.776,-0.015,0.284,0.62,0.755,0.479,0.456,0.573,0.615,0.425,0.64,0.249,0.737,0.583,0.074,0.779,-0.336,0.459,-0.032,-0.234,0.457,0.41,0.595,0.284,0.178,0.595,0.116,0.533,0.075,0.748,0.317,0.782,-0.038,-0.014,0.751,0.676,0.042,0.507,0.356,0.491,-0.024,-0.203,-0.028,0.643,0.133,0.067,-0.215,0.368,0.789,0.325,-0.382,0.758,0.615,0.354,-0.13,0.303,0.304,-0.395,0.391,0.05,0.077,0.638,0.612,0.638,0.272,-0.683,-0.092,0.089,0.629,-0.293,-0.178,-0.269,0.156,0.601,0.375,-0.207,0.626,0.156,0.209,-0.014,0.036,0.532,0.313,0.805,-0.131,0.686,0.112,-0.294,0.416,-0.311,0.548,0.212,0.731,0.639,-0.063,0.35,0.453,0.795,0.881,-0.331,0.093,0.48,0.583,0.681,0.455,0.84,0.558,0.676,0.545,-0.157,0.366,0.697,-0.006,0.709,0.207,-0.139,-0.315,0.106,0.764,0.399,0.598,0.552,-0.168,0.713,0.24,0.711,0.561,0.728,0.673,-0.306,0.459,0.666,0.677,0.142,0.519,0.307,-0.041,0.29,0.153,-0.166,0.57,0.731,0.741,0.545,0.713,-0.314,0.677,0.801,0.552,0.7,-0.431,0.384,0.154,0.561,0.491,-0.169,0.05,-0.012,0.497,0.118,-0.573,-0.405,-0.098,-0.623,0.84,0.572,0.283,0.344,0.389,-0.161,-0.164
BHFAL,0.225,-0.307,0.486,-0.54,-0.472,-0.581,-0.101,-0.571,0.823,0.305,0.634,0.674,0.171,-0.441,-0.072,0.487,0.398,-0.547,0.419,0.676,0.146,0.0,0.295,0.36,0.029,0.324,0.68,0.163,-0.444,0.376,0.374,0.735,-0.224,-0.081,-0.631,0.085,0.64,0.39,-0.443,0.204,0.185,-0.205,-0.053,0.612,-0.201,0.449,-0.628,0.857,-0.284,0.562,0.115,-0.594,0.645,-0.424,-0.597,-0.685,-0.476,0.782,0.128,-0.671,-0.194,0.889,0.899,0.218,0.109,0.866,-0.65,-0.717,-0.141,-0.731,0.667,0.918,-0.076,0.689,-0.887,0.828,-0.075,0.341,-0.73,0.706,-0.098,-0.538,0.76,0.556,-0.628,-0.646,-0.177,-0.697,0.788,0.743,-0.398,-0.5,-0.486,-0.177,-0.047,-0.369,0.749,-0.033,0.119,0.877,0.821,-0.145,-0.355,-0.767,-0.738,-0.335,0.818,0.072,0.77,0.879,-0.61,0.494,-0.168,0.849,-0.056,0.837,0.583,0.183,0.711,-0.394,0.313,-0.44,0.271,0.78,-0.664,0.797,0.0,0.074,0.679,0.735,-0.683,-0.234,-0.198,-0.159,0.361,0.67,-0.479,0.569,0.711,-0.512,0.282,0.72,-0.355,0.679,0.755,0.557,0.756,0.523,-0.522,-0.314,0.732,-0.506,-0.406,0.314,0.385,-0.549,-0.174,-0.171,0.77,-0.674,-0.475,0.084,0.768,0.596,0.641,0.874,-0.58,0.795,0.722,0.272,-0.266,-0.313,-0.538,-0.218,0.616,0.317,-0.027,-0.348,-0.04,0.58,-0.258,-0.035,0.573,-0.085,0.879,0.631,0.617,-0.375,-0.537,0.563,0.745,0.363,0.457,0.126,0.206,0.353,-0.269,-0.561,-0.165,0.801
BKNG,0.09,-0.359,0.529,-0.066,-0.04,-0.321,0.426,-0.289,0.513,0.695,0.365,-0.28,0.078,-0.125,0.288,0.723,-0.016,-0.097,0.409,0.33,-0.077,0.295,0.0,0.61,-0.108,0.637,0.196,0.16,-0.173,0.376,0.023,0.51,-0.073,-0.124,-0.253,0.224,0.325,0.347,-0.097,0.372,0.396,-0.297,0.371,0.684,-0.22,0.702,-0.04,0.516,-0.127,0.426,0.572,-0.127,0.574,0.004,-0.172,-0.375,-0.541,0.629,-0.106,-0.577,-0.078,0.207,0.327,0.246,-0.041,0.561,-0.135,-0.302,-0.483,-0.356,0.122,0.474,0.077,0.585,-0.104,0.149,-0.165,-0.056,-0.208,0.6,0.016,-0.33,0.089,0.175,-0.643,-0.628,0.044,-0.064,0.391,-0.064,-0.203,-0.438,-0.305,0.129,0.265,-0.626,0.499,-0.506,0.592,0.419,0.423,0.497,-0.004,-0.518,0.14,-0.062,0.514,0.499,0.594,0.44,-0.283,0.585,-0.174,0.527,-0.154,0.532,0.548,0.488,0.357,0.122,0.579,-0.273,0.344,0.232,-0.3,0.222,-0.01,-0.067,0.5,0.599,-0.479,-0.4,0.055,0.35,0.115,0.562,-0.253,0.522,0.532,-0.493,0.181,0.431,-0.013,0.086,0.477,0.476,0.554,0.077,-0.042,-0.158,0.381,-0.412,-0.206,0.693,0.176,-0.11,-0.311,-0.081,0.547,-0.396,-0.366,0.413,0.608,0.486,0.473,0.429,0.132,0.482,0.141,0.389,0.044,-0.363,-0.385,-0.015,0.521,0.09,0.138,0.006,0.01,0.45,0.068,-0.024,0.401,0.265,0.495,0.452,0.727,0.189,-0.249,0.358,0.41,-0.251,0.499,0.019,0.386,-0.333,-0.266,-0.484,0.26,0.579
BL,-0.421,-0.561,0.873,0.223,0.015,-0.093,0.245,-0.304,0.477,0.767,-0.001,-0.118,0.597,0.173,0.727,0.674,0.447,0.127,0.718,0.637,0.265,0.36,0.61,0.0,0.247,0.792,0.38,0.589,0.003,0.766,-0.24,0.731,0.43,0.415,0.091,0.731,0.579,0.824,0.303,0.79,0.744,0.232,0.698,0.862,0.208,0.547,0.154,0.584,-0.555,0.73,0.761,0.043,0.839,-0.031,0.108,-0.552,-0.356,0.757,0.01,-0.467,0.431,0.136,0.317,0.629,0.506,0.565,0.032,-0.339,-0.218,-0.364,0.107,0.401,0.591,0.834,-0.085,-0.054,-0.072,0.185,-0.094,0.355,0.521,-0.062,0.415,-0.054,-0.51,-0.554,-0.561,0.121,0.402,0.015,0.163,-0.102,0.046,0.62,-0.065,-0.784,0.664,-0.099,0.426,0.419,0.182,0.483,0.259,-0.369,-0.252,0.407,0.652,0.766,0.723,0.449,-0.114,0.855,0.311,0.387,0.309,0.618,0.487,0.906,0.075,0.479,0.91,0.008,0.814,0.401,-0.09,0.498,0.554,0.453,0.374,0.593,-0.295,-0.193,0.504,0.732,0.491,0.658,0.165,0.722,0.548,-0.171,0.727,0.666,0.237,0.526,0.58,0.124,0.685,0.578,0.182,0.162,0.688,-0.615,0.125,0.903,0.4,0.217,0.205,0.352,0.407,-0.12,0.06,0.585,0.794,0.728,0.749,0.498,0.314,0.74,-0.07,0.841,0.487,0.077,0.059,0.425,0.44,0.549,0.518,0.466,0.494,0.198,0.375,0.096,0.781,0.715,0.437,0.721,0.527,0.565,-0.25,0.016,0.068,-0.53,0.112,0.555,0.744,-0.433,-0.034,-0.179,-0.208,0.497
BOKF,-0.544,0.114,0.386,0.516,0.434,0.583,0.194,0.409,-0.206,0.286,-0.503,0.252,0.796,0.596,0.485,-0.013,0.662,0.48,0.404,0.16,0.858,0.029,-0.108,0.247,0.0,0.409,0.485,0.807,0.45,0.68,-0.153,0.148,0.69,0.793,0.507,0.52,0.447,0.588,0.53,0.599,0.326,0.693,0.654,0.052,0.709,-0.325,0.537,-0.092,-0.336,0.453,0.409,0.633,0.241,0.048,0.641,0.112,0.525,0.053,0.595,0.366,0.799,-0.138,-0.158,0.734,0.703,-0.034,0.511,0.324,0.355,0.023,-0.243,-0.13,0.586,0.114,0.16,-0.315,0.236,0.7,0.317,-0.404,0.725,0.589,0.313,-0.3,0.372,0.334,-0.487,0.435,-0.11,0.03,0.65,0.698,0.605,0.395,-0.679,-0.096,0.062,0.605,-0.318,-0.233,-0.348,0.102,0.597,0.417,-0.195,0.682,0.103,0.245,-0.071,-0.038,0.474,0.291,0.733,-0.241,0.692,0.023,-0.263,0.407,-0.405,0.512,0.285,0.657,0.597,-0.058,0.331,0.394,0.812,0.817,-0.334,0.011,0.479,0.507,0.733,0.519,0.805,0.38,0.702,0.447,-0.183,0.471,0.674,0.019,0.655,0.233,-0.119,-0.455,0.08,0.692,0.432,0.487,0.451,-0.187,0.676,0.213,0.579,0.59,0.76,0.712,-0.359,0.457,0.685,0.569,0.06,0.428,0.27,-0.091,0.356,0.093,-0.343,0.571,0.758,0.674,0.629,0.707,-0.309,0.684,0.705,0.639,0.758,-0.434,0.463,0.053,0.495,0.563,-0.229,0.114,-0.108,0.518,0.058,-0.593,-0.518,-0.25,-0.679,0.832,0.55,0.157,0.268,0.477,-0.239,-0.271
BRKR,-0.206,-0.186,0.786,0.385,0.347,0.099,0.599,-0.004,0.324,0.721,0.106,-0.027,0.615,0.384,0.634,0.666,0.549,0.279,0.569,0.468,0.458,0.324,0.637,0.792,0.409,0.0,0.514,0.707,0.245,0.775,-0.097,0.665,0.436,0.388,0.161,0.557,0.672,0.748,0.306,0.796,0.588,0.322,0.753,0.679,0.417,0.45,0.318,0.436,-0.236,0.725,0.871,0.268,0.717,0.145,0.273,-0.269,-0.159,0.61,0.31,-0.313,0.465,0.109,0.27,0.755,0.476,0.497,0.245,-0.062,0.025,-0.325,-0.12,0.333,0.58,0.598,0.023,-0.039,0.117,0.413,0.076,0.3,0.562,0.105,0.311,0.089,-0.383,-0.333,-0.3,0.259,0.416,0.017,0.346,0.061,0.137,0.471,-0.176,-0.585,0.517,-0.046,0.508,0.263,0.164,0.693,0.429,-0.167,-0.091,0.429,0.536,0.718,0.567,0.396,0.08,0.782,0.379,0.303,0.418,0.547,0.275,0.826,0.139,0.568,0.763,0.242,0.804,0.217,0.025,0.405,0.585,0.516,0.266,0.547,-0.068,0.082,0.515,0.731,0.642,0.749,0.221,0.773,0.421,-0.166,0.669,0.455,0.368,0.294,0.383,0.215,0.559,0.533,0.293,0.17,0.704,-0.467,0.308,0.814,0.585,0.298,0.293,0.415,0.327,0.045,0.087,0.829,0.677,0.821,0.709,0.374,0.325,0.535,0.023,0.805,0.567,0.171,0.105,0.507,0.262,0.518,0.656,0.436,0.495,0.144,0.429,0.298,0.763,0.669,0.361,0.497,0.623,0.554,-0.071,-0.057,0.033,-0.395,0.009,0.577,0.754,-0.188,0.15,-0.092,0.137,0.428
CACC,-0.025,0.065,0.632,-0.029,-0.006,-0.077,0.189,-0.065,0.498,0.3,0.271,0.675,0.499,0.094,0.176,0.416,0.824,-0.01,0.504,0.575,0.623,0.68,0.196,0.38,0.485,0.514,0.0,0.575,-0.021,0.668,0.383,0.678,0.191,0.258,-0.214,0.202,0.879,0.569,-0.096,0.439,0.185,0.283,0.302,0.404,0.344,0.197,-0.027,0.578,-0.302,0.761,0.352,-0.009,0.664,-0.262,-0.043,-0.387,-0.039,0.541,0.676,-0.258,0.304,0.596,0.633,0.678,0.532,0.646,-0.124,-0.266,0.275,-0.633,0.291,0.616,0.258,0.483,-0.52,0.463,0.034,0.86,-0.341,0.275,0.332,-0.051,0.578,0.509,-0.236,-0.222,-0.219,-0.267,0.647,0.681,0.072,0.112,-0.036,-0.005,-0.512,-0.267,0.633,0.219,0.139,0.456,0.455,0.006,0.107,-0.29,-0.594,0.109,0.68,0.352,0.485,0.673,-0.13,0.614,0.283,0.532,0.344,0.719,0.216,0.393,0.406,0.069,0.353,0.146,0.622,0.519,-0.322,0.744,0.458,0.52,0.348,0.45,-0.173,0.127,0.161,0.159,0.801,0.73,0.024,0.719,0.495,-0.196,0.541,0.547,0.078,0.516,0.485,0.225,0.646,0.766,-0.12,0.069,0.783,-0.422,0.128,0.288,0.769,-0.086,0.267,0.418,0.412,-0.19,-0.018,0.557,0.599,0.804,0.681,0.578,-0.34,0.563,0.438,0.573,0.285,0.206,-0.133,0.326,0.289,0.65,0.397,0.033,0.398,0.255,0.258,0.118,0.758,0.199,0.502,0.488,0.518,-0.031,-0.313,0.096,0.247,0.323,-0.05,0.581,0.388,0.48,-0.049,-0.218,-0.128,0.509
CAR,-0.568,-0.059,0.656,0.573,0.479,0.52,0.318,0.304,-0.02,0.505,-0.386,0.193,0.907,0.662,0.671,0.179,0.708,0.454,0.585,0.391,0.814,0.163,0.16,0.589,0.807,0.707,0.575,0.0,0.479,0.861,-0.302,0.364,0.767,0.829,0.482,0.741,0.587,0.804,0.636,0.868,0.528,0.75,0.835,0.35,0.729,-0.126,0.565,0.115,-0.408,0.676,0.628,0.563,0.517,0.097,0.643,-0.052,0.377,0.326,0.528,0.158,0.86,-0.098,-0.039,0.884,0.778,0.159,0.507,0.2,0.269,-0.077,-0.227,0.042,0.745,0.38,0.12,-0.277,0.278,0.653,0.295,-0.201,0.858,0.534,0.44,-0.242,0.141,0.106,-0.594,0.474,0.073,0.02,0.689,0.544,0.58,0.593,-0.558,-0.29,0.278,0.439,-0.05,-0.064,-0.231,0.334,0.647,0.248,-0.236,0.77,0.307,0.518,0.188,0.136,0.42,0.558,0.759,-0.099,0.826,0.259,-0.09,0.691,-0.318,0.682,0.584,0.609,0.832,0.083,0.326,0.448,0.927,0.864,-0.181,0.209,0.331,0.469,0.827,0.735,0.881,0.592,0.69,0.686,0.004,0.37,0.873,0.262,0.714,0.372,0.094,-0.248,0.301,0.799,0.404,0.522,0.656,-0.304,0.673,0.55,0.616,0.631,0.756,0.754,-0.153,0.37,0.6,0.754,0.367,0.642,0.502,0.091,0.448,0.328,-0.287,0.81,0.847,0.656,0.569,0.751,-0.134,0.746,0.832,0.738,0.817,-0.337,0.605,0.254,0.751,0.811,-0.023,0.328,0.175,0.695,0.023,-0.569,-0.424,-0.421,-0.535,0.888,0.813,-0.027,0.263,0.385,-0.243,-0.046
CDNA,-0.108,0.49,-0.075,0.864,0.843,0.828,0.562,0.847,-0.672,-0.133,-0.396,-0.114,0.431,0.799,0.491,-0.388,0.231,0.521,-0.309,-0.47,0.533,-0.444,-0.173,0.003,0.45,0.245,-0.021,0.479,0.0,0.282,-0.366,-0.232,0.453,0.49,0.804,0.135,0.057,0.168,0.582,0.408,-0.084,0.735,0.355,-0.317,0.682,-0.545,0.665,-0.618,0.372,-0.142,0.286,0.76,-0.278,0.746,0.784,0.69,0.683,-0.453,0.502,0.572,0.607,-0.652,-0.532,0.358,0.224,-0.536,0.884,0.849,0.41,0.572,-0.8,-0.595,0.599,-0.381,0.629,-0.615,0.669,0.236,0.872,-0.666,0.62,0.879,-0.309,-0.337,0.572,0.585,0.071,0.777,-0.335,-0.528,0.806,0.514,0.821,0.226,-0.135,0.325,-0.508,0.536,-0.086,-0.702,-0.682,0.484,0.797,0.748,0.41,0.604,-0.5,0.089,-0.488,-0.58,0.886,-0.146,0.687,-0.641,0.624,-0.442,-0.739,0.158,-0.613,0.765,-0.125,0.883,0.253,-0.683,0.878,-0.39,0.478,0.508,-0.739,-0.234,0.82,0.793,0.549,0.433,0.274,0.072,0.728,0.042,-0.652,0.421,0.254,-0.584,0.821,-0.464,-0.69,-0.28,-0.517,0.09,0.619,0.675,-0.082,0.449,0.843,0.136,0.222,0.771,0.556,0.348,-0.651,0.785,0.635,0.531,-0.3,-0.008,-0.239,-0.632,0.637,-0.459,-0.403,0.181,0.622,0.726,0.665,0.578,-0.778,-0.021,0.693,0.517,0.289,-0.763,0.313,0.549,0.053,0.416,-0.63,-0.555,-0.25,0.666,0.717,-0.757,-0.62,-0.246,-0.55,0.408,0.351,-0.112,0.618,0.606,0.262,-0.519
CG,-0.475,-0.205,0.797,0.418,0.238,0.258,0.341,0.07,0.262,0.649,-0.16,0.214,0.863,0.452,0.741,0.459,0.76,0.338,0.679,0.484,0.776,0.376,0.376,0.766,0.68,0.775,0.668,0.861,0.282,0.0,-0.092,0.646,0.614,0.688,0.277,0.698,0.753,0.893,0.405,0.876,0.602,0.531,0.785,0.602,0.579,0.184,0.353,0.392,-0.49,0.774,0.722,0.366,0.73,0.025,0.388,-0.305,0.072,0.562,0.478,-0.131,0.72,0.127,0.231,0.853,0.719,0.442,0.284,-0.031,0.139,-0.304,-0.0,0.309,0.694,0.61,-0.069,-0.102,0.129,0.623,0.079,0.03,0.743,0.282,0.491,-0.062,-0.175,-0.193,-0.568,0.244,0.34,0.12,0.458,0.285,0.353,0.497,-0.463,-0.55,0.523,0.293,0.094,0.191,0.02,0.379,0.489,-0.041,-0.285,0.591,0.562,0.589,0.465,0.367,0.205,0.743,0.643,0.231,0.58,0.507,0.171,0.805,-0.067,0.569,0.696,0.416,0.89,0.272,0.083,0.652,0.805,0.806,0.082,0.465,0.051,0.215,0.699,0.697,0.844,0.794,0.466,0.791,0.29,0.079,0.867,0.451,0.547,0.465,0.323,-0.072,0.548,0.839,0.299,0.403,0.801,-0.532,0.464,0.702,0.743,0.416,0.544,0.621,0.115,0.148,0.389,0.779,0.605,0.806,0.674,0.333,0.316,0.584,-0.085,0.873,0.724,0.442,0.31,0.657,0.143,0.77,0.771,0.587,0.717,-0.073,0.453,0.143,0.831,0.691,0.219,0.517,0.352,0.601,-0.161,-0.292,-0.145,-0.362,-0.292,0.837,0.8,-0.031,0.171,0.065,-0.226,0.256
CGBD,0.538,0.36,-0.062,-0.442,-0.381,-0.48,0.125,-0.213,0.432,-0.137,0.616,0.434,-0.362,-0.289,-0.385,0.294,0.184,-0.141,-0.047,0.016,-0.015,0.374,0.023,-0.24,-0.153,-0.097,0.383,-0.302,-0.366,-0.092,0.0,0.276,-0.566,-0.56,-0.613,-0.565,0.373,-0.268,-0.735,-0.466,-0.475,-0.436,-0.44,-0.107,-0.132,0.387,-0.323,0.312,0.172,0.073,-0.139,-0.349,0.119,-0.352,-0.514,-0.235,-0.416,0.105,0.376,-0.36,-0.456,0.57,0.543,-0.131,-0.065,0.339,-0.424,-0.3,0.139,-0.626,0.462,0.442,-0.542,-0.041,-0.471,0.595,-0.365,0.359,-0.534,0.333,-0.535,-0.482,-0.117,0.762,-0.317,-0.193,0.47,-0.611,0.601,0.6,-0.462,-0.158,-0.563,-0.686,0.047,-0.016,0.269,-0.227,0.201,0.313,0.591,-0.202,-0.423,-0.306,-0.226,-0.659,0.308,-0.163,0.143,0.502,-0.296,0.042,-0.479,0.549,-0.518,0.404,0.192,-0.227,0.705,-0.491,-0.278,-0.222,-0.166,0.427,-0.558,0.261,-0.401,-0.221,0.418,0.094,-0.333,-0.304,-0.63,-0.548,0.057,0.165,-0.55,-0.022,0.429,-0.627,-0.381,0.227,-0.53,-0.038,0.285,0.387,0.278,-0.065,-0.459,-0.513,0.113,-0.288,-0.444,-0.36,0.407,-0.658,-0.453,-0.163,0.475,-0.395,-0.548,-0.062,0.138,0.251,0.143,0.308,-0.736,0.122,0.663,-0.215,-0.395,-0.359,-0.636,-0.307,0.4,0.08,-0.417,-0.699,-0.313,0.602,-0.247,-0.14,0.107,-0.627,0.385,0.087,0.188,-0.659,-0.391,0.576,0.538,0.681,0.308,-0.231,-0.427,0.531,0.004,-0.629,0.33,0.449
