,ACET,ADAP,ADI,ADPT,ADTN,AGEN,ALGN,ALLK,AMD,AMWD,ARDX,ARQT,ASTE,AUPH,AVXL,AZTA,BAND,BECN,BFC,BGC,BHF,BHFAL,BKNG,BL,BOKF,BRKR,CACC,CAR,CDNA,CG,CGBD,CHI,CHTR,CHX,CLNE,CME,CNOB,CNXN,CPRX,CSGP,CSGS,CSIQ,CVCO,CVLT,CYRX,DDOG,DOOO,DSGX,DTIL,ECPG,EEFT,EFSC,ENTG,ESPR,ETSY,EXC,FAMI,FFIV,FITB,FIZZ,FMBH,FOX,FTNT,FULT,GABC,GEN,GH,GMAB,GNPX,GO,GOGL,GOOG,GPRO,GSHD,GSM,GWAV,HAIN,HBAN,HEPA,HURN,HWKN,IBIO,ICFI,IGMS,IMKTA,INCY,INO,IRDM,IRTC,IRWD,ITCI,JACK,JD,JJSF,KALA,KHC,KLAC,KRRO,KRYS,LANC,LBTYA,LIVN,LKCO,LNTH,LOGI,LPRO,LRCX,LSCC,LSTR,MAR,MARA,MCHP,MEOH,META,MGTX,MKSI,MMYT,MORN,MRUS,MTLS,MTSI,MVIS,MXL,NBIX,NFE,NMIH,NMRK,NNDM,NSIT,NTCT,NVAX,OCUL,ODP,OLED,ONB,OTEX,PACB,PATK,PAYX,PEP,PERI,PI,PLYA,PRDO,PRGS,PTGX,QCOM,QCRH,QDEL,QFIN,RGEN,RILY,RPAY,RPD,SABR,SEDG,SHEN,SIRI,SLNO,SNDL,SNEX,SONO,SPT,SSNC,STGW,STKL,STRL,STX,SWTX,SYNA,TFSL,TIGR,TNXP,TOWN,TRI,TRIP,TRMB,TRNS,TRS,TSCO,TSEM,TVTX,TXRH,VC,VCEL,VECO,VIAV,VICR,VIR,VRTX,VSTM,VTRS,WDFC,WSBC,WSC,WYNN,XENE,XNCR,XRAY,ZS
ACET,0.0,0.428,0.628,0.422,0.772,0.332,0.739,0.359,0.725,0.396,0.46,-0.231,0.344,0.701,-0.188,-0.729,0.718,0.342,0.51,0.535,0.584,0.331,0.606,-0.226,0.589,0.626,0.517,0.128,0.747,0.226,0.64,0.818,-0.391,0.237,0.357,0.257,0.506,0.537,0.737,0.551,0.237,-0.047,0.648,-0.024,0.755,0.334,0.359,0.64,0.372,0.443,0.677,0.509,0.695,-0.298,0.303,0.569,-0.194,0.649,0.566,-0.111,0.455,0.514,0.735,0.538,0.566,0.504,-0.41,0.551,-0.707,-0.524,0.308,0.225,0.681,-0.092,-0.311,-0.025,-0.046,0.468,0.698,0.45,0.359,0.702,0.508,0.702,-0.295,0.484,-0.385,0.024,0.29,0.615,0.027,-0.279,0.516,0.494,0.352,0.451,0.378,0.61,0.627,-0.162,0.093,0.441,-0.156,0.298,0.597,0.537,0.224,0.157,0.061,0.585,0.321,0.582,0.532,0.353,0.073,0.486,0.48,0.7,0.534,-0.188,0.334,0.567,0.419,-0.012,-0.391,0.417,0.518,0.603,0.698,0.658,0.4,0.664,0.764,0.824,0.537,0.805,0.03,0.632,0.393,0.463,0.606,0.681,0.572,0.175,0.45,0.585,0.506,0.396,0.46,0.741,-0.644,-0.504,0.476,0.6,0.452,0.618,-0.075,0.314,0.334,0.131,0.628,-0.21,0.236,0.704,0.522,0.222,0.5,0.788,0.4,0.489,0.454,0.515,-0.297,0.544,0.44,0.54,0.787,0.649,0.314,0.372,0.492,0.137,0.027,0.171,0.288,0.063,0.62,0.359,-0.019,0.665,0.449,0.281,0.338,0.57,0.662,0.74,0.186,0.624,0.409,0.432
ADAP,0.428,0.0,0.718,0.226,0.734,0.548,0.433,0.537,0.355,-0.024,0.641,0.549,0.626,0.689,-0.209,-0.598,0.716,0.707,0.887,0.775,0.834,0.491,0.838,-0.571,0.818,0.585,0.677,-0.1,0.395,-0.082,0.566,0.667,-0.079,0.137,0.097,0.354,0.807,0.812,0.644,0.749,0.685,-0.585,0.773,0.422,0.453,0.22,0.683,0.595,0.825,0.506,0.828,0.864,0.587,-0.616,0.604,0.542,-0.696,0.745,0.795,-0.425,0.848,0.836,0.669,0.867,0.818,0.839,-0.543,0.685,-0.392,-0.431,0.463,0.147,0.438,-0.246,-0.402,-0.069,0.369,0.803,0.787,0.797,0.87,0.405,0.78,0.733,0.256,0.837,-0.422,-0.627,0.417,0.849,-0.505,-0.434,-0.148,-0.226,-0.17,0.494,0.202,0.761,0.558,-0.823,0.325,0.651,-0.431,0.842,0.415,0.823,-0.233,-0.131,-0.435,0.718,0.482,0.446,0.712,-0.122,-0.32,0.316,0.421,0.217,0.23,0.105,0.319,0.279,0.381,-0.27,-0.441,0.68,0.646,0.67,0.793,0.859,-0.373,0.676,0.752,0.602,0.843,0.636,-0.41,0.769,0.78,0.289,0.078,0.679,0.829,-0.035,0.752,0.7,0.308,0.843,0.149,0.737,-0.68,-0.475,0.596,0.427,0.576,0.398,0.483,0.448,-0.258,-0.609,0.686,0.374,-0.07,0.833,0.868,-0.067,0.689,0.267,0.891,0.674,0.729,0.283,-0.503,0.79,0.79,0.683,0.75,0.752,0.782,0.774,0.795,0.22,0.148,0.717,0.845,-0.179,0.819,0.431,-0.212,0.651,0.685,0.6,0.491,0.805,0.849,0.428,0.675,0.813,0.295,0.435
ADI,0.628,0.718,0.0,0.553,0.881,0.401,0.833,0.554,0.709,0.284,0.75,0.184,0.755,0.641,-0.046,-0.586,0.831,0.737,0.788,0.724,0.747,0.323,0.84,-0.237,0.702,0.708,0.714,0.204,0.693,0.376,0.577,0.793,-0.026,0.37,0.473,0.259,0.647,0.862,0.801,0.622,0.649,-0.163,0.797,0.462,0.777,0.563,0.735,0.82,0.585,0.669,0.888,0.755,0.894,-0.452,0.515,0.398,-0.416,0.771,0.689,-0.375,0.707,0.642,0.749,0.74,0.737,0.734,-0.393,0.72,-0.595,-0.185,0.676,0.376,0.708,-0.163,-0.207,0.188,0.155,0.635,0.797,0.717,0.771,0.667,0.752,0.738,-0.004,0.78,-0.268,-0.543,0.441,0.774,-0.169,-0.196,0.241,0.276,0.151,0.272,0.634,0.87,0.81,-0.441,0.07,0.635,-0.13,0.568,0.754,0.719,0.233,0.326,-0.252,0.699,0.551,0.835,0.841,0.294,0.072,0.715,0.598,0.598,0.468,0.167,0.717,0.398,0.384,-0.142,-0.341,0.509,0.506,0.734,0.927,0.831,0.005,0.731,0.854,0.876,0.741,0.753,-0.232,0.82,0.541,0.125,0.467,0.853,0.728,0.265,0.645,0.792,0.782,0.693,0.472,0.831,-0.576,-0.56,0.566,0.747,0.789,0.683,0.119,0.66,0.119,-0.246,0.869,0.282,0.315,0.824,0.738,0.265,0.868,0.523,0.625,0.871,0.733,0.525,-0.322,0.691,0.734,0.841,0.873,0.738,0.624,0.579,0.845,0.053,0.298,0.56,0.784,0.145,0.891,0.649,0.075,0.898,0.566,0.503,0.389,0.724,0.842,0.49,0.478,0.815,0.387,0.694
ADPT,0.422,0.226,0.553,0.0,0.546,0.466,0.762,0.358,0.646,0.631,0.538,-0.27,0.747,0.047,0.427,-0.045,0.401,0.649,0.307,0.147,0.21,-0.263,0.239,0.396,0.22,0.197,0.546,0.634,0.665,0.786,0.105,0.463,0.386,0.774,0.815,-0.393,0.145,0.337,0.431,0.103,0.362,0.504,0.355,0.387,0.73,0.734,0.623,0.626,-0.058,0.707,0.408,0.308,0.676,0.223,0.124,-0.117,0.145,0.206,0.171,0.155,0.236,0.016,0.219,0.307,0.334,0.107,0.141,0.18,-0.259,0.126,0.651,0.58,0.544,-0.216,0.418,0.57,-0.333,0.071,0.187,0.226,0.359,0.438,0.216,0.153,-0.016,0.219,0.291,-0.141,0.181,0.211,0.251,0.441,0.495,0.429,0.577,-0.237,0.764,0.518,0.62,0.158,-0.461,0.094,0.428,-0.059,0.708,0.393,0.657,0.71,0.395,0.095,0.577,0.762,0.608,0.502,0.544,0.794,0.487,0.622,0.527,0.448,0.687,0.493,-0.052,0.388,0.2,-0.058,0.007,0.501,0.513,0.272,0.316,0.354,0.432,0.556,0.263,0.484,0.46,0.529,-0.036,-0.272,0.738,0.419,0.141,0.682,0.047,0.234,0.731,0.246,0.63,0.356,-0.097,-0.27,0.396,0.814,0.736,0.761,-0.215,0.395,0.045,0.438,0.609,-0.056,0.728,0.287,0.128,0.641,0.635,0.485,-0.001,0.59,0.466,0.659,0.331,0.208,0.11,0.536,0.384,0.437,0.095,0.015,0.236,-0.366,0.394,0.252,0.26,0.606,0.447,0.803,0.577,0.468,0.247,0.147,-0.098,0.368,0.465,0.239,0.058,0.403,0.445,0.707
ADTN,0.772,0.734,0.881,0.546,0.0,0.47,0.823,0.502,0.671,0.244,0.664,0.184,0.648,0.788,-0.194,-0.703,0.901,0.666,0.849,0.745,0.847,0.465,0.851,-0.38,0.833,0.851,0.757,0.086,0.751,0.218,0.762,0.888,-0.147,0.273,0.361,0.316,0.766,0.874,0.775,0.732,0.677,-0.267,0.861,0.351,0.847,0.433,0.712,0.771,0.656,0.686,0.92,0.844,0.812,-0.416,0.625,0.58,-0.497,0.843,0.814,-0.307,0.801,0.738,0.829,0.847,0.84,0.793,-0.537,0.733,-0.63,-0.408,0.495,0.283,0.764,-0.14,-0.325,0.022,0.183,0.749,0.835,0.768,0.706,0.667,0.817,0.787,0.078,0.827,-0.411,-0.383,0.495,0.834,-0.259,-0.362,0.333,0.228,0.143,0.46,0.442,0.843,0.736,-0.499,0.142,0.71,-0.26,0.617,0.677,0.785,0.083,0.151,-0.243,0.806,0.531,0.704,0.78,0.141,-0.026,0.552,0.458,0.639,0.433,-0.001,0.543,0.589,0.539,-0.207,-0.467,0.628,0.647,0.751,0.916,0.882,0.105,0.738,0.955,0.866,0.845,0.829,-0.166,0.79,0.628,0.273,0.486,0.816,0.809,0.15,0.71,0.764,0.605,0.767,0.423,0.871,-0.726,-0.538,0.703,0.719,0.761,0.68,0.204,0.55,0.011,-0.249,0.862,0.226,0.216,0.892,0.76,0.114,0.776,0.572,0.673,0.775,0.769,0.463,-0.426,0.809,0.702,0.807,0.911,0.785,0.69,0.612,0.824,0.19,0.097,0.59,0.722,0.003,0.87,0.579,-0.035,0.886,0.603,0.64,0.504,0.857,0.893,0.667,0.509,0.88,0.46,0.613
AGEN,0.332,0.548,0.401,0.466,0.47,0.0,0.359,0.607,0.495,0.444,0.693,-0.004,0.607,0.319,0.295,-0.2,0.403,0.648,0.55,0.331,0.452,-0.109,0.348,-0.102,0.438,0.123,0.726,0.393,0.5,0.174,0.145,0.55,0.197,0.564,0.298,-0.184,0.465,0.479,0.489,0.406,0.216,-0.126,0.384,0.255,0.4,0.445,0.452,0.461,0.189,0.668,0.38,0.488,0.533,-0.206,0.35,0.101,-0.261,0.263,0.34,-0.063,0.459,0.412,0.148,0.468,0.466,0.278,-0.028,0.191,-0.041,-0.331,0.528,0.52,0.452,-0.547,0.026,0.242,-0.171,0.324,0.402,0.262,0.496,0.305,0.271,0.469,0.018,0.308,0.105,-0.327,0.246,0.344,-0.076,0.048,-0.034,-0.124,0.017,0.251,0.333,0.437,0.577,-0.406,-0.078,-0.005,0.058,0.42,0.493,0.486,0.168,0.2,0.182,0.175,0.728,0.469,0.428,0.14,0.07,0.431,0.566,0.116,0.581,0.478,0.331,0.486,-0.142,0.356,0.078,0.142,0.228,0.73,0.502,0.42,-0.265,0.67,0.454,0.409,0.409,0.463,0.34,0.572,0.256,0.106,0.412,0.231,0.386,0.374,0.141,0.197,0.341,0.42,0.403,0.302,-0.362,-0.05,0.683,0.5,0.467,0.62,0.241,0.343,-0.359,-0.064,0.452,-0.076,0.349,0.39,0.463,0.402,0.548,0.517,0.488,0.571,0.395,0.543,0.071,0.313,0.214,0.616,0.488,0.594,0.173,0.301,0.285,-0.214,0.141,0.45,0.453,0.311,0.451,0.673,0.306,0.322,0.406,0.303,0.011,0.522,0.602,0.461,0.298,0.562,0.072,0.518
ALGN,0.739,0.433,0.833,0.762,0.823,0.359,0.0,0.411,0.786,0.439,0.598,-0.158,0.678,0.503,0.009,-0.517,0.71,0.601,0.554,0.531,0.53,0.144,0.638,0.006,0.519,0.597,0.585,0.337,0.82,0.618,0.493,0.77,0.002,0.506,0.646,0.08,0.446,0.644,0.747,0.419,0.497,0.16,0.675,0.299,0.873,0.636,0.608,0.824,0.279,0.668,0.734,0.551,0.872,-0.17,0.293,0.262,-0.125,0.62,0.501,-0.227,0.493,0.356,0.683,0.551,0.578,0.488,-0.256,0.56,-0.664,-0.142,0.609,0.429,0.672,-0.095,-0.05,0.389,-0.055,0.403,0.594,0.505,0.472,0.655,0.553,0.519,-0.125,0.537,-0.143,-0.214,0.232,0.511,0.087,0.005,0.618,0.506,0.421,0.084,0.731,0.793,0.773,-0.104,-0.149,0.448,0.148,0.232,0.806,0.542,0.477,0.499,0.005,0.529,0.449,0.851,0.755,0.478,0.268,0.787,0.511,0.801,0.528,0.143,0.692,0.575,0.287,0.03,-0.214,0.301,0.347,0.611,0.817,0.617,0.356,0.572,0.787,0.88,0.547,0.775,0.099,0.701,0.274,0.041,0.699,0.769,0.484,0.397,0.405,0.681,0.828,0.472,0.675,0.761,-0.466,-0.592,0.452,0.823,0.694,0.747,-0.169,0.454,0.314,0.152,0.849,0.025,0.496,0.662,0.464,0.454,0.767,0.643,0.282,0.718,0.643,0.595,-0.074,0.523,0.508,0.696,0.761,0.598,0.397,0.317,0.639,-0.044,0.23,0.287,0.499,0.314,0.737,0.64,0.225,0.775,0.361,0.301,0.244,0.588,0.701,0.502,0.178,0.607,0.511,0.734
ALLK,0.359,0.537,0.554,0.358,0.502,0.607,0.411,0.0,0.62,0.422,0.804,0.031,0.646,0.292,0.405,-0.124,0.561,0.639,0.488,0.289,0.421,-0.143,0.397,0.056,0.351,0.281,0.745,0.488,0.614,0.266,0.071,0.496,0.262,0.56,0.445,-0.101,0.35,0.554,0.529,0.333,0.23,0.009,0.338,0.501,0.508,0.608,0.493,0.545,0.222,0.672,0.42,0.403,0.618,-0.335,0.324,-0.014,-0.114,0.297,0.284,-0.13,0.351,0.336,0.2,0.411,0.391,0.368,0.042,0.288,-0.086,-0.068,0.713,0.664,0.559,-0.458,0.098,0.24,-0.186,0.23,0.409,0.216,0.519,0.494,0.29,0.478,-0.068,0.443,0.164,-0.561,0.465,0.445,0.054,0.106,-0.07,-0.027,0.053,0.165,0.49,0.452,0.713,-0.267,-0.101,0.067,0.002,0.377,0.647,0.453,0.292,0.393,0.086,0.184,0.773,0.602,0.464,0.246,0.151,0.569,0.629,0.117,0.58,0.591,0.572,0.162,-0.138,0.302,0.125,0.065,0.106,0.731,0.532,0.46,-0.196,0.696,0.464,0.474,0.34,0.378,0.137,0.533,0.138,-0.046,0.531,0.293,0.361,0.452,0.151,0.307,0.517,0.317,0.416,0.337,-0.222,-0.063,0.606,0.608,0.582,0.664,0.116,0.606,-0.151,-0.098,0.493,0.009,0.486,0.381,0.484,0.484,0.625,0.53,0.46,0.725,0.29,0.586,0.09,0.241,0.244,0.738,0.554,0.506,0.198,0.266,0.4,-0.264,0.218,0.454,0.524,0.364,0.481,0.626,0.421,0.593,0.623,0.3,-0.037,0.38,0.551,0.296,0.317,0.639,-0.08,0.648
AMD,0.725,0.355,0.709,0.646,0.671,0.495,0.786,0.62,0.0,0.719,0.777,-0.426,0.64,0.358,0.342,-0.346,0.648,0.581,0.392,0.289,0.371,-0.175,0.445,0.233,0.316,0.377,0.685,0.627,0.894,0.618,0.248,0.723,0.043,0.685,0.731,-0.19,0.239,0.48,0.812,0.251,0.133,0.309,0.428,0.34,0.796,0.789,0.502,0.794,0.087,0.661,0.546,0.337,0.866,-0.241,0.149,0.068,0.112,0.379,0.27,-0.066,0.242,0.234,0.447,0.345,0.39,0.259,0.066,0.296,-0.449,-0.151,0.745,0.74,0.824,-0.51,0.126,0.43,-0.453,0.151,0.516,0.252,0.413,0.81,0.288,0.576,-0.486,0.404,0.089,-0.227,0.352,0.472,0.383,0.199,0.419,0.595,0.511,0.053,0.805,0.558,0.891,0.036,-0.326,0.09,0.179,0.122,0.923,0.435,0.671,0.624,0.297,0.243,0.649,0.873,0.586,0.679,0.357,0.857,0.706,0.639,0.891,0.406,0.728,0.354,0.005,0.432,0.049,0.001,0.102,0.74,0.652,0.477,0.394,0.77,0.618,0.804,0.305,0.64,0.216,0.639,0.056,0.07,0.859,0.528,0.31,0.589,0.117,0.477,0.846,0.193,0.62,0.541,-0.319,-0.4,0.477,0.81,0.599,0.912,-0.344,0.611,0.331,0.312,0.634,-0.364,0.712,0.486,0.395,0.664,0.654,0.876,0.247,0.702,0.304,0.838,0.14,0.249,0.207,0.719,0.73,0.57,0.038,0.103,0.368,-0.328,0.326,0.12,0.333,0.564,0.54,0.671,0.499,0.715,0.489,0.087,-0.143,0.364,0.604,0.463,0.141,0.632,0.082,0.792
AMWD,0.396,-0.024,0.284,0.631,0.244,0.444,0.439,0.422,0.719,0.0,0.582,-0.626,0.525,-0.112,0.675,0.106,0.168,0.479,-0.007,-0.151,-0.057,-0.547,-0.03,0.575,-0.072,-0.076,0.461,0.784,0.584,0.686,-0.181,0.343,0.212,0.776,0.737,-0.573,-0.114,0.065,0.397,-0.106,-0.176,0.582,0.037,0.333,0.432,0.759,0.28,0.39,-0.275,0.533,0.1,-0.037,0.578,0.123,-0.179,-0.329,0.413,-0.082,-0.146,0.232,-0.135,-0.176,-0.076,-0.051,-0.002,-0.229,0.486,-0.189,-0.058,0.065,0.58,0.702,0.527,-0.572,0.505,0.448,-0.76,-0.254,0.075,-0.141,0.163,0.499,-0.139,0.198,-0.568,-0.114,0.478,0.001,0.226,0.007,0.597,0.595,0.214,0.495,0.484,-0.262,0.727,0.124,0.609,0.335,-0.614,-0.309,0.419,-0.26,0.708,0.12,0.801,0.732,0.726,-0.224,0.6,0.673,0.305,0.765,0.615,0.751,0.668,0.413,0.752,0.511,0.63,0.261,-0.309,0.736,0.432,-0.397,-0.247,0.418,0.241,0.035,0.351,0.442,0.112,0.431,-0.107,0.238,0.524,0.343,-0.311,-0.196,0.728,0.097,-0.126,0.81,-0.29,-0.027,0.623,-0.184,0.557,0.06,0.142,-0.025,0.308,0.6,0.436,0.749,-0.442,0.413,0.075,0.656,0.272,-0.556,0.787,0.005,-0.019,0.749,0.421,0.688,-0.12,0.474,0.009,0.772,0.502,-0.148,-0.26,0.362,0.27,0.25,-0.339,-0.278,-0.105,-0.566,0.465,-0.036,-0.08,0.799,0.134,0.649,0.754,0.281,0.163,-0.203,-0.496,0.002,0.204,0.179,-0.161,0.237,-0.038,0.652
ARDX,0.46,0.641,0.75,0.538,0.664,0.693,0.598,0.804,0.777,0.582,0.0,-0.013,0.814,0.388,0.399,-0.248,0.645,0.805,0.627,0.416,0.517,-0.097,0.561,0.022,0.466,0.398,0.847,0.536,0.699,0.41,0.177,0.669,0.18,0.62,0.55,-0.116,0.464,0.709,0.723,0.436,0.322,-0.012,0.528,0.574,0.618,0.742,0.638,0.683,0.352,0.779,0.596,0.542,0.829,-0.415,0.373,0.048,-0.164,0.456,0.38,-0.234,0.474,0.443,0.356,0.511,0.545,0.44,-0.008,0.386,-0.222,-0.123,0.805,0.686,0.72,-0.59,0.062,0.285,-0.231,0.332,0.6,0.376,0.71,0.64,0.428,0.672,-0.188,0.541,0.115,-0.594,0.51,0.582,0.083,0.108,-0.047,0.134,0.107,0.147,0.686,0.636,0.874,-0.335,-0.168,0.175,0.016,0.448,0.831,0.587,0.408,0.49,0.088,0.315,0.85,0.814,0.639,0.42,0.25,0.764,0.791,0.271,0.713,0.569,0.74,0.313,-0.035,0.301,0.041,0.146,0.201,0.829,0.731,0.607,-0.126,0.857,0.603,0.68,0.462,0.532,0.094,0.732,0.258,-0.003,0.565,0.499,0.486,0.543,0.294,0.471,0.721,0.435,0.512,0.499,-0.309,-0.205,0.671,0.717,0.727,0.809,0.066,0.732,-0.061,-0.086,0.639,-0.024,0.538,0.528,0.6,0.54,0.831,0.628,0.546,0.881,0.454,0.709,0.012,0.373,0.38,0.855,0.711,0.625,0.29,0.35,0.545,-0.258,0.415,0.509,0.64,0.448,0.675,0.81,0.445,0.716,0.634,0.305,-0.004,0.509,0.723,0.399,0.386,0.778,0.024,0.81
ARQT,-0.231,0.549,0.184,-0.27,0.184,-0.004,-0.158,0.031,-0.426,-0.626,-0.013,0.0,0.089,0.421,-0.505,-0.302,0.286,0.18,0.567,0.591,0.528,0.673,0.508,-0.689,0.563,0.317,0.08,-0.652,-0.35,-0.544,0.359,0.084,-0.13,-0.46,-0.429,0.632,0.627,0.47,-0.03,0.581,0.578,-0.735,0.465,0.204,-0.186,-0.436,0.264,-0.119,0.677,-0.021,0.389,0.592,-0.082,-0.479,0.531,0.467,-0.818,0.471,0.576,-0.457,0.646,0.593,0.333,0.582,0.524,0.65,-0.631,0.508,-0.113,-0.251,-0.114,-0.457,-0.088,0.325,-0.469,-0.418,0.802,0.677,0.347,0.585,0.445,-0.159,0.59,0.206,0.675,0.502,-0.539,-0.437,0.072,0.439,-0.772,-0.609,-0.478,-0.71,-0.577,0.503,-0.438,0.301,-0.16,-0.777,0.702,0.573,-0.611,0.746,-0.342,0.454,-0.77,-0.615,-0.775,0.536,-0.099,-0.246,0.284,-0.665,-0.633,-0.353,-0.161,-0.218,-0.522,-0.248,-0.236,0.024,0.41,-0.697,-0.551,0.717,0.612,0.069,0.281,0.479,-0.677,-0.002,0.226,-0.016,0.601,0.151,-0.603,0.262,0.716,0.262,-0.569,0.292,0.549,-0.531,0.672,0.362,-0.29,0.698,-0.211,0.307,-0.406,-0.184,0.203,-0.164,0.137,-0.326,0.77,-0.095,-0.421,-0.842,0.263,0.785,-0.635,0.417,0.57,-0.598,0.178,-0.421,0.641,0.148,0.536,-0.464,-0.621,0.613,0.646,0.149,0.194,0.294,0.762,0.7,0.551,0.593,-0.184,0.679,0.582,-0.688,0.369,-0.153,-0.632,0.092,0.332,0.482,0.664,0.514,0.355,0.018,0.63,0.285,0.298,-0.266
ASTE,0.344,0.626,0.755,0.747,0.648,0.607,0.678,0.646,0.64,0.525,0.814,0.089,0.0,0.227,0.424,-0.155,0.541,0.943,0.619,0.409,0.495,-0.149,0.54,0.129,0.441,0.275,0.794,0.548,0.631,0.626,0.126,0.538,0.434,0.747,0.735,-0.215,0.402,0.631,0.605,0.333,0.537,0.081,0.52,0.653,0.63,0.775,0.845,0.738,0.292,0.833,0.635,0.576,0.781,-0.189,0.284,-0.045,-0.185,0.374,0.395,-0.131,0.514,0.36,0.316,0.56,0.545,0.405,0.043,0.338,-0.221,0.099,0.857,0.626,0.554,-0.419,0.246,0.482,-0.161,0.328,0.469,0.438,0.75,0.516,0.447,0.436,0.035,0.528,0.196,-0.654,0.448,0.472,-0.032,0.272,0.107,0.107,0.198,-0.086,0.78,0.705,0.81,-0.326,-0.299,0.274,0.19,0.358,0.786,0.605,0.462,0.579,0.13,0.27,0.805,0.842,0.792,0.386,0.335,0.83,0.689,0.426,0.539,0.614,0.812,0.265,-0.09,0.262,0.101,0.138,0.152,0.676,0.732,0.559,-0.146,0.597,0.55,0.632,0.496,0.514,0.077,0.766,0.249,-0.25,0.529,0.522,0.4,0.632,0.273,0.452,0.781,0.516,0.539,0.517,-0.228,-0.307,0.54,0.81,0.821,0.764,0.056,0.612,-0.221,-0.016,0.756,0.127,0.593,0.504,0.504,0.581,0.885,0.415,0.424,0.87,0.628,0.711,0.148,0.413,0.427,0.765,0.583,0.597,0.373,0.343,0.53,-0.36,0.565,0.567,0.676,0.516,0.696,0.878,0.464,0.679,0.509,0.33,-0.017,0.55,0.676,0.169,0.331,0.637,0.263,0.838
AUPH,0.701,0.689,0.641,0.047,0.788,0.319,0.503,0.292,0.358,-0.112,0.388,0.421,0.227,0.0,-0.611,-0.911,0.808,0.306,0.823,0.873,0.864,0.797,0.88,-0.762,0.899,0.805,0.47,-0.407,0.419,-0.295,0.847,0.83,-0.571,-0.216,-0.134,0.742,0.901,0.806,0.667,0.914,0.509,-0.626,0.878,-0.002,0.478,-0.083,0.342,0.422,0.777,0.307,0.814,0.827,0.542,-0.709,0.64,0.858,-0.752,0.917,0.879,-0.53,0.825,0.874,0.897,0.826,0.831,0.873,-0.843,0.834,-0.731,-0.743,0.106,-0.153,0.561,0.084,-0.723,-0.364,0.504,0.879,0.885,0.754,0.531,0.5,0.832,0.814,0.094,0.741,-0.793,-0.208,0.238,0.813,-0.448,-0.773,0.095,-0.066,-0.159,0.827,-0.052,0.694,0.434,-0.689,0.621,0.738,-0.609,0.795,0.267,0.702,-0.392,-0.387,-0.556,0.907,0.146,0.279,0.551,-0.184,-0.467,0.1,0.263,0.403,0.153,-0.406,0.054,0.575,0.669,-0.525,-0.779,0.869,0.902,0.581,0.78,0.886,-0.105,0.637,0.847,0.71,0.856,0.807,-0.378,0.679,0.836,0.699,0.098,0.744,0.883,-0.333,0.852,0.794,0.182,0.79,0.254,0.853,-0.881,-0.566,0.561,0.302,0.377,0.293,0.44,0.186,0.057,-0.522,0.665,0.28,-0.303,0.894,0.859,-0.276,0.503,0.453,0.804,0.481,0.688,0.068,-0.764,0.879,0.806,0.564,0.861,0.737,0.752,0.8,0.819,0.627,-0.265,0.529,0.615,-0.494,0.763,0.112,-0.513,0.617,0.545,0.533,0.768,0.838,0.813,0.764,0.56,0.736,0.468,0.146
AVXL,-0.188,-0.209,-0.046,0.427,-0.194,0.295,0.009,0.405,0.342,0.675,0.399,-0.505,0.424,-0.611,0.0,0.667,-0.238,0.358,-0.306,-0.517,-0.393,-0.867,-0.432,0.804,-0.48,-0.449,0.282,0.885,0.244,0.628,-0.645,-0.208,0.678,0.77,0.644,-0.846,-0.503,-0.228,-0.075,-0.506,-0.292,0.657,-0.439,0.448,0.1,0.704,0.195,0.138,-0.521,0.398,-0.301,-0.381,0.159,0.423,-0.314,-0.749,0.619,-0.544,-0.527,0.444,-0.43,-0.488,-0.589,-0.382,-0.368,-0.513,0.838,-0.527,0.513,0.556,0.528,0.736,0.127,-0.564,0.789,0.577,-0.747,-0.591,-0.384,-0.462,0.023,0.12,-0.483,-0.214,-0.277,-0.327,0.888,-0.171,0.253,-0.322,0.548,0.871,-0.041,0.239,0.311,-0.593,0.589,-0.206,0.276,0.438,-0.734,-0.6,0.592,-0.451,0.416,-0.188,0.743,0.784,0.749,-0.64,0.599,0.396,-0.009,0.552,0.727,0.525,0.425,-0.07,0.499,0.828,0.527,-0.223,-0.664,0.845,0.847,-0.736,-0.69,0.178,-0.176,-0.361,0.078,0.088,-0.321,-0.117,-0.464,-0.292,0.545,-0.051,-0.624,-0.622,0.477,-0.351,-0.461,0.825,-0.643,-0.451,0.41,-0.447,0.191,-0.427,0.616,0.439,0.091,0.368,0.259,0.435,-0.355,0.362,-0.119,0.571,-0.098,-0.363,0.78,-0.432,-0.357,0.759,0.173,0.187,-0.364,0.276,-0.312,0.595,0.792,-0.555,-0.536,0.179,-0.229,-0.128,-0.559,-0.532,-0.418,-0.846,0.588,-0.086,-0.149,0.872,-0.219,0.562,0.885,-0.023,0.048,-0.252,-0.76,-0.384,-0.209,-0.292,-0.239,-0.076,-0.392,0.491
AZTA,-0.729,-0.598,-0.586,-0.045,-0.703,-0.2,-0.517,-0.124,-0.346,0.106,-0.248,-0.302,-0.155,-0.911,0.667,0.0,-0.706,-0.232,-0.706,-0.852,-0.783,-0.777,-0.842,0.727,-0.817,-0.697,-0.324,0.433,-0.344,0.217,-0.811,-0.788,0.642,0.236,0.093,-0.699,-0.802,-0.656,-0.685,-0.822,-0.453,0.539,-0.832,0.133,-0.439,0.104,-0.281,-0.439,-0.693,-0.172,-0.778,-0.729,-0.515,0.638,-0.452,-0.865,0.675,-0.864,-0.826,0.495,-0.731,-0.8,-0.919,-0.736,-0.731,-0.78,0.827,-0.807,0.849,0.743,-0.042,0.255,-0.436,-0.167,0.752,0.34,-0.485,-0.81,-0.858,-0.723,-0.46,-0.515,-0.783,-0.755,0.033,-0.66,0.837,0.072,-0.079,-0.737,0.382,0.716,-0.18,-0.089,0.06,-0.74,0.014,-0.696,-0.402,0.586,-0.578,-0.729,0.499,-0.67,-0.238,-0.628,0.322,0.387,0.484,-0.853,0.013,-0.26,-0.566,0.066,0.455,-0.112,-0.218,-0.522,-0.127,0.51,0.011,-0.525,-0.629,0.509,0.761,-0.824,-0.875,-0.487,-0.739,-0.824,-0.02,-0.546,-0.758,-0.713,-0.776,-0.843,0.436,-0.665,-0.809,-0.753,-0.082,-0.76,-0.779,0.333,-0.795,-0.771,-0.197,-0.705,-0.28,-0.882,0.898,0.677,-0.42,-0.279,-0.276,-0.237,-0.286,-0.083,-0.199,0.38,-0.623,-0.138,0.332,-0.863,-0.786,0.264,-0.431,-0.456,-0.687,-0.358,-0.634,-0.07,0.735,-0.83,-0.802,-0.405,-0.808,-0.711,-0.664,-0.744,-0.743,-0.567,0.222,-0.344,-0.49,0.482,-0.744,-0.009,0.575,-0.519,-0.367,-0.387,-0.712,-0.75,-0.745,-0.724,-0.456,-0.587,-0.527,-0.098
BAND,0.718,0.716,0.831,0.401,0.901,0.403,0.71,0.561,0.648,0.168,0.645,0.286,0.541,0.808,-0.238,-0.706,0.0,0.561,0.833,0.797,0.845,0.503,0.857,-0.395,0.823,0.803,0.712,0.008,0.668,0.099,0.722,0.843,-0.216,0.187,0.284,0.429,0.775,0.844,0.77,0.778,0.585,-0.267,0.833,0.324,0.745,0.33,0.621,0.686,0.618,0.571,0.881,0.818,0.756,-0.56,0.695,0.605,-0.536,0.848,0.806,-0.342,0.776,0.74,0.824,0.833,0.837,0.832,-0.583,0.79,-0.639,-0.475,0.483,0.267,0.805,-0.079,-0.377,-0.062,0.263,0.751,0.829,0.748,0.65,0.711,0.816,0.794,0.077,0.834,-0.491,-0.372,0.427,0.876,-0.23,-0.441,0.187,0.161,0.128,0.591,0.326,0.779,0.7,-0.499,0.34,0.629,-0.384,0.695,0.594,0.778,-0.014,0.042,-0.339,0.786,0.463,0.602,0.749,0.1,-0.14,0.457,0.448,0.565,0.436,-0.01,0.409,0.473,0.494,-0.232,-0.533,0.667,0.695,0.756,0.861,0.886,0.038,0.766,0.884,0.817,0.827,0.843,-0.236,0.782,0.659,0.419,0.466,0.817,0.82,0.043,0.733,0.769,0.54,0.754,0.447,0.824,-0.754,-0.536,0.685,0.676,0.69,0.621,0.289,0.498,0.131,-0.311,0.825,0.279,0.144,0.877,0.823,0.072,0.676,0.603,0.728,0.715,0.713,0.401,-0.475,0.793,0.718,0.797,0.926,0.816,0.653,0.673,0.812,0.286,0.033,0.627,0.718,-0.117,0.806,0.44,-0.106,0.812,0.732,0.578,0.537,0.816,0.887,0.647,0.623,0.888,0.406,0.482
BECN,0.342,0.707,0.737,0.649,0.666,0.648,0.601,0.639,0.581,0.479,0.805,0.18,0.943,0.306,0.358,-0.232,0.561,0.0,0.698,0.493,0.596,-0.034,0.597,-0.001,0.547,0.351,0.835,0.458,0.574,0.484,0.232,0.594,0.345,0.656,0.612,-0.165,0.51,0.681,0.576,0.441,0.616,-0.068,0.589,0.728,0.606,0.704,0.868,0.717,0.427,0.851,0.691,0.661,0.753,-0.229,0.359,0.06,-0.314,0.452,0.52,-0.094,0.608,0.486,0.36,0.646,0.618,0.499,-0.056,0.388,-0.193,0.006,0.76,0.544,0.52,-0.48,0.156,0.314,-0.084,0.459,0.547,0.556,0.84,0.51,0.544,0.522,0.106,0.591,0.111,-0.664,0.53,0.565,-0.126,0.165,-0.016,0.043,0.084,0.077,0.667,0.688,0.756,-0.458,-0.199,0.365,0.063,0.481,0.719,0.717,0.33,0.435,0.087,0.373,0.812,0.766,0.802,0.304,0.253,0.727,0.668,0.383,0.486,0.535,0.727,0.287,0.011,0.206,0.037,0.25,0.262,0.705,0.755,0.638,-0.209,0.656,0.572,0.6,0.591,0.537,-0.024,0.782,0.383,-0.131,0.426,0.51,0.526,0.55,0.372,0.437,0.687,0.6,0.43,0.552,-0.297,-0.251,0.62,0.775,0.841,0.72,0.196,0.648,-0.314,-0.113,0.755,0.171,0.462,0.581,0.606,0.445,0.873,0.387,0.552,0.878,0.662,0.632,0.023,0.505,0.496,0.759,0.618,0.676,0.462,0.398,0.574,-0.293,0.534,0.665,0.716,0.406,0.718,0.826,0.366,0.679,0.532,0.438,0.069,0.628,0.734,0.259,0.475,0.715,0.251,0.799
BFC,0.51,0.887,0.788,0.307,0.849,0.55,0.554,0.488,0.392,-0.007,0.627,0.567,0.619,0.823,-0.306,-0.706,0.833,0.698,0.0,0.896,0.953,0.599,0.923,-0.622,0.945,0.726,0.752,-0.145,0.459,-0.067,0.726,0.784,-0.129,0.1,0.104,0.494,0.932,0.928,0.656,0.879,0.756,-0.58,0.899,0.365,0.556,0.186,0.721,0.607,0.796,0.627,0.909,0.974,0.661,-0.596,0.742,0.652,-0.784,0.855,0.922,-0.406,0.969,0.917,0.77,0.969,0.951,0.922,-0.671,0.8,-0.506,-0.463,0.402,0.093,0.562,-0.098,-0.448,-0.139,0.476,0.911,0.871,0.855,0.839,0.476,0.909,0.784,0.34,0.885,-0.53,-0.566,0.421,0.862,-0.555,-0.544,-0.047,-0.17,-0.193,0.631,0.179,0.835,0.598,-0.822,0.425,0.752,-0.456,0.898,0.426,0.86,-0.262,-0.163,-0.47,0.836,0.504,0.468,0.76,-0.172,-0.288,0.312,0.414,0.365,0.219,-0.008,0.315,0.469,0.463,-0.393,-0.559,0.808,0.791,0.733,0.888,0.945,-0.341,0.717,0.86,0.674,0.96,0.773,-0.365,0.837,0.855,0.39,0.138,0.746,0.912,-0.043,0.847,0.742,0.374,0.959,0.277,0.826,-0.79,-0.453,0.735,0.527,0.682,0.48,0.568,0.448,-0.251,-0.597,0.818,0.469,-0.087,0.915,0.928,-0.091,0.74,0.324,0.895,0.726,0.872,0.243,-0.582,0.921,0.865,0.757,0.845,0.835,0.844,0.845,0.887,0.324,0.077,0.826,0.898,-0.255,0.887,0.471,-0.261,0.723,0.618,0.726,0.661,0.957,0.935,0.587,0.718,0.869,0.445,0.409
BGC,0.535,0.775,0.724,0.147,0.745,0.331,0.531,0.289,0.289,-0.151,0.416,0.591,0.409,0.873,-0.517,-0.852,0.797,0.493,0.896,0.0,0.913,0.758,0.941,-0.722,0.927,0.713,0.508,-0.38,0.291,-0.152,0.764,0.756,-0.381,-0.111,-0.036,0.701,0.927,0.852,0.633,0.914,0.689,-0.611,0.918,0.184,0.434,-0.003,0.525,0.492,0.787,0.396,0.878,0.905,0.587,-0.649,0.671,0.776,-0.836,0.916,0.927,-0.529,0.919,0.891,0.866,0.9,0.876,0.93,-0.818,0.887,-0.699,-0.573,0.218,-0.148,0.452,0.158,-0.625,-0.248,0.629,0.936,0.885,0.864,0.698,0.446,0.921,0.753,0.284,0.792,-0.717,-0.349,0.198,0.808,-0.548,-0.67,0.013,-0.152,-0.196,0.724,0.056,0.82,0.465,-0.782,0.645,0.792,-0.526,0.874,0.26,0.785,-0.368,-0.323,-0.584,0.898,0.192,0.352,0.747,-0.16,-0.4,0.192,0.328,0.438,0.068,-0.275,0.144,0.489,0.579,-0.559,-0.69,0.901,0.901,0.598,0.853,0.927,-0.283,0.591,0.787,0.69,0.924,0.83,-0.468,0.787,0.905,0.574,0.039,0.837,0.903,-0.233,0.885,0.814,0.298,0.91,0.323,0.876,-0.831,-0.596,0.581,0.411,0.5,0.286,0.566,0.204,-0.021,-0.575,0.794,0.482,-0.293,0.924,0.925,-0.212,0.639,0.314,0.848,0.588,0.851,0.076,-0.704,0.931,0.947,0.618,0.834,0.819,0.855,0.898,0.913,0.524,-0.022,0.709,0.781,-0.452,0.868,0.224,-0.501,0.596,0.528,0.612,0.793,0.888,0.866,0.625,0.671,0.7,0.572,0.2
BHF,0.584,0.834,0.747,0.21,0.847,0.452,0.53,0.421,0.371,-0.057,0.517,0.528,0.495,0.864,-0.393,-0.783,0.845,0.596,0.953,0.913,0.0,0.684,0.912,-0.68,0.961,0.771,0.688,-0.233,0.437,-0.15,0.831,0.793,-0.252,-0.01,0.038,0.561,0.922,0.897,0.646,0.885,0.733,-0.609,0.879,0.313,0.558,0.089,0.674,0.587,0.803,0.534,0.925,0.953,0.603,-0.55,0.777,0.777,-0.799,0.879,0.964,-0.337,0.951,0.952,0.828,0.961,0.926,0.943,-0.742,0.809,-0.554,-0.518,0.286,0.008,0.539,0.019,-0.538,-0.234,0.512,0.944,0.895,0.876,0.791,0.481,0.934,0.815,0.325,0.893,-0.622,-0.454,0.42,0.873,-0.581,-0.638,0.017,-0.103,-0.199,0.722,0.098,0.792,0.525,-0.798,0.501,0.801,-0.525,0.883,0.355,0.818,-0.321,-0.248,-0.469,0.883,0.408,0.397,0.73,-0.184,-0.339,0.223,0.339,0.433,0.178,-0.167,0.23,0.455,0.579,-0.458,-0.615,0.863,0.843,0.698,0.856,0.95,-0.244,0.677,0.865,0.675,0.966,0.789,-0.438,0.779,0.885,0.484,0.139,0.759,0.915,-0.128,0.864,0.734,0.318,0.932,0.184,0.844,-0.849,-0.453,0.74,0.484,0.595,0.419,0.567,0.399,-0.197,-0.571,0.783,0.455,-0.165,0.948,0.914,-0.194,0.638,0.353,0.896,0.649,0.833,0.179,-0.658,0.936,0.865,0.681,0.849,0.822,0.832,0.831,0.869,0.373,0.038,0.765,0.837,-0.339,0.859,0.35,-0.375,0.715,0.593,0.781,0.721,0.938,0.898,0.652,0.7,0.827,0.448,0.308
BHFAL,0.331,0.491,0.323,-0.263,0.465,-0.109,0.144,-0.143,-0.175,-0.547,-0.097,0.673,-0.149,0.797,-0.867,-0.777,0.503,-0.034,0.599,0.758,0.684,0.0,0.687,-0.899,0.748,0.694,0.017,-0.812,-0.097,-0.605,0.807,0.45,-0.665,-0.665,-0.497,0.876,0.765,0.558,0.242,0.773,0.529,-0.75,0.704,-0.14,0.111,-0.513,0.122,0.029,0.796,-0.12,0.594,0.66,0.104,-0.521,0.561,0.897,-0.817,0.781,0.781,-0.491,0.706,0.75,0.753,0.661,0.629,0.775,-0.941,0.729,-0.591,-0.638,-0.343,-0.628,0.143,0.468,-0.835,-0.628,0.808,0.84,0.634,0.742,0.343,0.12,0.761,0.508,0.374,0.585,-0.926,-0.017,0.017,0.627,-0.659,-0.902,-0.052,-0.259,-0.37,0.787,-0.455,0.421,-0.087,-0.666,0.813,0.82,-0.726,0.709,-0.242,0.487,-0.744,-0.713,-0.765,0.862,-0.319,-0.161,0.311,-0.507,-0.669,-0.346,-0.198,0.188,-0.404,-0.753,-0.319,0.384,0.846,-0.851,-0.869,0.934,0.895,0.135,0.452,0.665,-0.171,0.152,0.54,0.334,0.733,0.491,-0.611,0.328,0.859,0.668,-0.371,0.571,0.742,-0.688,0.869,0.594,-0.212,0.706,-0.132,0.626,-0.738,-0.453,0.264,-0.112,0.089,-0.237,0.558,-0.133,0.011,-0.665,0.366,0.547,-0.73,0.69,0.648,-0.735,0.14,-0.055,0.649,0.096,0.569,-0.441,-0.921,0.804,0.754,0.146,0.485,0.441,0.802,0.721,0.679,0.858,-0.4,0.452,0.43,-0.846,0.512,-0.303,-0.863,0.274,0.282,0.54,0.906,0.643,0.489,0.515,0.507,0.399,0.513,-0.307
BKNG,0.606,0.838,0.84,0.239,0.851,0.348,0.638,0.397,0.445,-0.03,0.561,0.508,0.54,0.88,-0.432,-0.842,0.857,0.597,0.923,0.941,0.912,0.687,0.0,-0.65,0.916,0.783,0.607,-0.246,0.447,-0.036,0.759,0.816,-0.322,-0.009,0.116,0.607,0.906,0.91,0.76,0.881,0.705,-0.561,0.947,0.276,0.56,0.173,0.615,0.612,0.827,0.471,0.946,0.923,0.717,-0.71,0.624,0.711,-0.761,0.934,0.909,-0.565,0.907,0.884,0.904,0.908,0.892,0.928,-0.738,0.87,-0.72,-0.516,0.373,-0.005,0.581,-0.011,-0.576,-0.168,0.497,0.899,0.928,0.871,0.775,0.596,0.926,0.824,0.145,0.873,-0.667,-0.485,0.335,0.881,-0.467,-0.582,0.036,-0.037,-0.125,0.623,0.235,0.874,0.616,-0.763,0.466,0.815,-0.482,0.848,0.456,0.821,-0.22,-0.164,-0.548,0.909,0.318,0.513,0.788,-0.036,-0.326,0.356,0.404,0.471,0.202,-0.163,0.325,0.454,0.564,-0.468,-0.681,0.835,0.83,0.658,0.926,0.971,-0.201,0.689,0.871,0.796,0.925,0.835,-0.471,0.849,0.866,0.473,0.13,0.865,0.903,-0.133,0.893,0.881,0.446,0.896,0.341,0.936,-0.819,-0.65,0.588,0.503,0.6,0.42,0.415,0.382,0.008,-0.549,0.84,0.396,-0.141,0.953,0.943,-0.121,0.744,0.383,0.855,0.702,0.846,0.223,-0.668,0.924,0.937,0.711,0.908,0.809,0.849,0.847,0.952,0.431,0.058,0.67,0.835,-0.306,0.923,0.347,-0.365,0.755,0.618,0.577,0.675,0.887,0.917,0.584,0.644,0.81,0.487,0.397
BL,-0.226,-0.571,-0.237,0.396,-0.38,-0.102,0.006,0.056,0.233,0.575,0.022,-0.689,0.129,-0.762,0.804,0.727,-0.395,-0.001,-0.622,-0.722,-0.68,-0.899,-0.65,0.0,-0.718,-0.558,-0.093,0.787,0.166,0.714,-0.694,-0.393,0.587,0.641,0.618,-0.822,-0.778,-0.541,-0.226,-0.763,-0.436,0.912,-0.618,0.2,0.03,0.536,-0.066,0.004,-0.784,0.109,-0.509,-0.652,-0.037,0.608,-0.56,-0.835,0.858,-0.689,-0.731,0.521,-0.708,-0.805,-0.623,-0.633,-0.599,-0.731,0.881,-0.648,0.409,0.668,0.328,0.587,-0.031,-0.285,0.88,0.665,-0.792,-0.818,-0.642,-0.652,-0.378,-0.007,-0.683,-0.541,-0.372,-0.57,0.864,0.15,-0.038,-0.572,0.741,0.91,0.261,0.445,0.541,-0.792,0.518,-0.403,0.071,0.817,-0.807,-0.7,0.724,-0.79,0.282,-0.455,0.818,0.789,0.76,-0.773,0.205,0.236,-0.217,0.587,0.718,0.418,0.162,0.058,0.36,0.613,0.386,-0.294,-0.648,0.781,0.803,-0.874,-0.829,-0.18,-0.405,-0.63,0.417,-0.246,-0.483,-0.22,-0.692,-0.408,0.579,-0.314,-0.862,-0.671,0.493,-0.423,-0.719,0.713,-0.795,-0.499,0.313,-0.704,0.201,-0.542,0.723,0.316,-0.31,0.227,0.004,0.267,-0.653,0.092,0.172,0.802,-0.255,-0.484,0.772,-0.634,-0.679,0.719,-0.121,0.104,-0.748,-0.072,-0.486,0.426,0.896,-0.735,-0.723,-0.144,-0.432,-0.413,-0.753,-0.763,-0.627,-0.748,0.378,-0.455,-0.494,0.826,-0.479,0.265,0.848,-0.188,-0.258,-0.536,-0.819,-0.62,-0.486,-0.479,-0.476,-0.383,-0.298,0.305
BOKF,0.589,0.818,0.702,0.22,0.833,0.438,0.519,0.351,0.316,-0.072,0.466,0.563,0.441,0.899,-0.48,-0.817,0.823,0.547,0.945,0.927,0.961,0.748,0.916,-0.718,0.0,0.781,0.623,-0.324,0.378,-0.186,0.847,0.809,-0.339,-0.068,-0.024,0.619,0.97,0.886,0.617,0.93,0.739,-0.626,0.934,0.24,0.524,0.014,0.595,0.492,0.82,0.497,0.894,0.974,0.583,-0.577,0.758,0.801,-0.833,0.912,0.978,-0.395,0.965,0.933,0.841,0.968,0.948,0.931,-0.797,0.838,-0.612,-0.607,0.2,-0.088,0.525,0.067,-0.559,-0.286,0.545,0.968,0.884,0.878,0.723,0.45,0.939,0.775,0.335,0.823,-0.684,-0.361,0.334,0.848,-0.585,-0.684,0.024,-0.167,-0.19,0.756,0.029,0.776,0.479,-0.793,0.557,0.817,-0.569,0.883,0.295,0.841,-0.375,-0.313,-0.492,0.918,0.308,0.344,0.704,-0.229,-0.374,0.176,0.316,0.415,0.114,-0.253,0.164,0.565,0.639,-0.509,-0.69,0.908,0.905,0.639,0.846,0.942,-0.228,0.641,0.855,0.682,0.984,0.807,-0.39,0.769,0.907,0.54,0.092,0.768,0.935,-0.184,0.895,0.763,0.245,0.946,0.241,0.848,-0.862,-0.521,0.694,0.436,0.571,0.375,0.604,0.286,-0.179,-0.563,0.781,0.445,-0.239,0.938,0.908,-0.247,0.628,0.343,0.877,0.595,0.877,0.095,-0.702,0.974,0.863,0.649,0.836,0.827,0.868,0.851,0.867,0.501,-0.055,0.756,0.769,-0.411,0.842,0.311,-0.422,0.66,0.581,0.729,0.781,0.968,0.902,0.681,0.695,0.802,0.549,0.245
BRKR,0.626,0.585,0.708,0.197,0.851,0.123,0.597,0.281,0.377,-0.076,0.398,0.317,0.275,0.805,-0.449,-0.697,0.803,0.351,0.726,0.713,0.771,0.694,0.783,-0.558,0.781,0.0,0.496,-0.231,0.471,-0.095,0.835,0.72,-0.356,-0.15,-0.012,0.559,0.734,0.809,0.516,0.741,0.635,-0.439,0.789,0.229,0.661,0.126,0.449,0.5,0.737,0.402,0.789,0.741,0.558,-0.416,0.674,0.673,-0.545,0.869,0.795,-0.364,0.732,0.723,0.819,0.732,0.738,0.814,-0.699,0.751,-0.567,-0.41,0.13,-0.046,0.58,0.105,-0.543,-0.318,0.421,0.772,0.775,0.744,0.534,0.492,0.823,0.719,0.201,0.781,-0.587,-0.255,0.506,0.791,-0.371,-0.597,0.199,0.145,-0.065,0.576,0.112,0.662,0.422,-0.494,0.373,0.822,-0.485,0.612,0.368,0.656,-0.2,-0.12,-0.495,0.897,0.227,0.407,0.524,-0.092,-0.16,0.202,0.163,0.433,0.085,-0.312,0.293,0.49,0.76,-0.514,-0.625,0.725,0.693,0.5,0.735,0.799,0.098,0.548,0.835,0.655,0.781,0.637,-0.347,0.51,0.658,0.357,0.184,0.721,0.832,-0.181,0.787,0.688,0.331,0.694,0.16,0.767,-0.662,-0.391,0.57,0.425,0.562,0.337,0.335,0.438,0.107,-0.426,0.648,0.397,-0.117,0.805,0.676,-0.243,0.54,0.302,0.623,0.551,0.625,0.076,-0.674,0.778,0.698,0.618,0.759,0.581,0.75,0.601,0.817,0.467,-0.107,0.53,0.621,-0.326,0.712,0.251,-0.308,0.78,0.474,0.701,0.695,0.732,0.708,0.641,0.503,0.753,0.389,0.319
CACC,0.517,0.677,0.714,0.546,0.757,0.726,0.585,0.745,0.685,0.461,0.847,0.08,0.794,0.47,0.282,-0.324,0.712,0.835,0.752,0.508,0.688,0.017,0.607,-0.093,0.623,0.496,0.0,0.457,0.723,0.339,0.383,0.686,0.292,0.596,0.492,-0.05,0.573,0.739,0.622,0.532,0.486,-0.136,0.574,0.539,0.696,0.632,0.746,0.719,0.375,0.889,0.679,0.688,0.747,-0.306,0.576,0.187,-0.307,0.501,0.575,-0.038,0.635,0.585,0.412,0.678,0.688,0.566,-0.141,0.452,-0.169,-0.139,0.684,0.609,0.67,-0.476,0.052,0.19,-0.065,0.493,0.624,0.456,0.715,0.584,0.552,0.649,0.078,0.66,0.028,-0.6,0.649,0.617,-0.158,-0.038,0.036,0.081,0.079,0.293,0.533,0.662,0.811,-0.457,-0.079,0.315,-0.095,0.543,0.732,0.712,0.252,0.335,0.062,0.43,0.904,0.695,0.629,0.187,0.238,0.621,0.672,0.323,0.62,0.496,0.613,0.322,0.008,0.175,-0.058,0.293,0.314,0.835,0.748,0.682,-0.158,0.84,0.696,0.6,0.623,0.613,0.066,0.731,0.385,0.045,0.535,0.464,0.608,0.455,0.385,0.421,0.616,0.597,0.418,0.552,-0.453,-0.123,0.787,0.775,0.777,0.817,0.3,0.712,-0.282,-0.167,0.714,0.107,0.47,0.623,0.641,0.438,0.766,0.533,0.608,0.826,0.591,0.67,-0.062,0.513,0.441,0.854,0.713,0.689,0.397,0.458,0.553,-0.249,0.364,0.66,0.728,0.315,0.677,0.805,0.348,0.748,0.614,0.562,0.144,0.686,0.777,0.46,0.474,0.818,0.12,0.74
CAR,0.128,-0.1,0.204,0.634,0.086,0.393,0.337,0.488,0.627,0.784,0.536,-0.652,0.548,-0.407,0.885,0.433,0.008,0.458,-0.145,-0.38,-0.233,-0.812,-0.246,0.787,-0.324,-0.231,0.457,0.0,0.579,0.793,-0.422,0.069,0.65,0.904,0.793,-0.797,-0.391,-0.073,0.191,-0.392,-0.168,0.713,-0.246,0.403,0.433,0.861,0.325,0.462,-0.47,0.569,-0.083,-0.229,0.407,0.362,-0.23,-0.62,0.625,-0.339,-0.359,0.436,-0.3,-0.366,-0.32,-0.22,-0.18,-0.359,0.708,-0.333,0.276,0.483,0.687,0.872,0.324,-0.603,0.722,0.685,-0.776,-0.473,-0.177,-0.332,0.092,0.313,-0.328,-0.053,-0.359,-0.133,0.786,-0.198,0.317,-0.146,0.598,0.803,0.237,0.506,0.53,-0.548,0.782,0.038,0.533,0.464,-0.801,-0.455,0.638,-0.416,0.685,-0.026,0.892,0.904,0.729,-0.461,0.703,0.623,0.134,0.658,0.773,0.728,0.519,0.196,0.717,0.827,0.685,-0.074,-0.586,0.839,0.715,-0.646,-0.587,0.345,0.064,-0.183,0.294,0.308,-0.02,0.154,-0.301,-0.02,0.579,0.128,-0.553,-0.536,0.739,-0.128,-0.294,0.885,-0.511,-0.229,0.633,-0.322,0.366,-0.16,0.38,0.231,0.163,0.591,0.412,0.69,-0.482,0.534,0.047,0.622,0.113,-0.443,0.95,-0.208,-0.246,0.893,0.32,0.428,-0.303,0.4,-0.179,0.781,0.75,-0.401,-0.398,0.344,0.025,0.028,-0.478,-0.447,-0.254,-0.854,0.526,-0.108,-0.036,0.939,-0.023,0.698,0.946,0.252,0.075,-0.185,-0.676,-0.2,0.009,-0.097,-0.218,0.138,-0.263,0.71
CDNA,0.747,0.395,0.693,0.665,0.751,0.5,0.82,0.614,0.894,0.584,0.699,-0.35,0.631,0.419,0.244,-0.344,0.668,0.574,0.459,0.291,0.437,-0.097,0.447,0.166,0.378,0.471,0.723,0.579,0.0,0.561,0.359,0.719,0.159,0.65,0.68,-0.146,0.286,0.516,0.718,0.26,0.281,0.242,0.443,0.334,0.874,0.717,0.559,0.827,0.14,0.733,0.584,0.4,0.782,-0.153,0.239,0.117,0.068,0.398,0.352,-0.009,0.33,0.272,0.489,0.438,0.46,0.351,-0.03,0.349,-0.392,-0.103,0.696,0.698,0.737,-0.422,0.098,0.455,-0.334,0.216,0.482,0.281,0.391,0.707,0.35,0.509,-0.279,0.488,0.068,-0.27,0.385,0.476,0.241,0.11,0.529,0.549,0.492,0.08,0.707,0.57,0.816,-0.008,-0.331,0.182,0.17,0.145,0.883,0.467,0.56,0.56,0.212,0.308,0.67,0.793,0.537,0.473,0.303,0.752,0.544,0.64,0.78,0.382,0.662,0.381,0.047,0.33,-0.003,0.069,0.131,0.695,0.653,0.483,0.41,0.695,0.727,0.735,0.381,0.638,0.211,0.582,0.086,0.008,0.837,0.491,0.369,0.505,0.178,0.487,0.749,0.285,0.516,0.565,-0.378,-0.336,0.494,0.793,0.62,0.866,-0.263,0.593,0.21,0.224,0.666,-0.231,0.676,0.52,0.368,0.592,0.61,0.759,0.243,0.664,0.367,0.757,0.129,0.317,0.241,0.699,0.699,0.513,0.15,0.125,0.391,-0.287,0.176,0.194,0.405,0.476,0.54,0.646,0.455,0.763,0.465,0.237,-0.036,0.457,0.597,0.473,0.157,0.671,0.143,0.796
CG,0.226,-0.082,0.376,0.786,0.218,0.174,0.618,0.266,0.618,0.686,0.41,-0.544,0.626,-0.295,0.628,0.217,0.099,0.484,-0.067,-0.152,-0.15,-0.605,-0.036,0.714,-0.186,-0.095,0.339,0.793,0.561,0.0,-0.243,0.147,0.52,0.84,0.883,-0.573,-0.278,0.021,0.293,-0.299,0.052,0.708,-0.019,0.385,0.519,0.824,0.414,0.543,-0.384,0.543,0.11,-0.084,0.53,0.326,-0.247,-0.508,0.506,-0.133,-0.198,0.208,-0.162,-0.344,-0.056,-0.092,-0.059,-0.221,0.517,-0.115,-0.086,0.473,0.663,0.689,0.308,-0.29,0.664,0.764,-0.575,-0.319,-0.079,-0.141,0.096,0.354,-0.138,-0.086,-0.308,-0.07,0.589,-0.141,0.135,-0.125,0.504,0.71,0.517,0.575,0.611,-0.617,0.901,0.271,0.577,0.448,-0.712,-0.202,0.66,-0.397,0.719,0.037,0.912,0.912,0.551,-0.238,0.468,0.743,0.391,0.745,0.736,0.849,0.5,0.524,0.565,0.605,0.777,0.068,-0.382,0.562,0.475,-0.455,-0.413,0.229,0.256,-0.059,0.389,0.177,0.106,0.375,-0.135,0.179,0.422,0.267,-0.426,-0.55,0.709,0.197,-0.216,0.818,-0.327,0.077,0.786,-0.166,0.589,0.095,0.273,-0.174,0.019,0.694,0.483,0.66,-0.52,0.369,0.225,0.626,0.389,-0.305,0.868,-0.042,-0.177,0.849,0.475,0.382,-0.346,0.437,0.128,0.709,0.638,-0.191,-0.144,0.341,0.139,0.075,-0.259,-0.297,-0.021,-0.663,0.598,-0.106,0.033,0.842,0.161,0.671,0.767,0.35,-0.008,-0.189,-0.462,-0.06,0.104,-0.155,-0.245,0.056,0.11,0.73
CGBD,0.64,0.566,0.577,0.105,0.762,0.145,0.493,0.071,0.248,-0.181,0.177,0.359,0.126,0.847,-0.645,-0.811,0.722,0.232,0.726,0.764,0.831,0.807,0.759,-0.694,0.847,0.835,0.383,-0.422,0.359,-0.243,0.0,0.713,-0.49,-0.277,-0.147,0.631,0.773,0.694,0.486,0.742,0.633,-0.544,0.779,0.074,0.532,-0.144,0.419,0.442,0.715,0.262,0.79,0.775,0.418,-0.37,0.691,0.859,-0.654,0.834,0.88,-0.232,0.771,0.796,0.855,0.788,0.774,0.816,-0.807,0.732,-0.613,-0.557,-0.071,-0.215,0.43,0.226,-0.601,-0.368,0.526,0.854,0.755,0.798,0.473,0.351,0.83,0.659,0.278,0.731,-0.743,-0.087,0.249,0.739,-0.535,-0.762,0.274,0.097,-0.099,0.703,-0.087,0.589,0.257,-0.558,0.501,0.822,-0.544,0.647,0.175,0.621,-0.377,-0.363,-0.496,0.904,0.045,0.2,0.477,-0.234,-0.385,0.011,0.052,0.512,0.021,-0.523,0.036,0.489,0.811,-0.613,-0.772,0.847,0.813,0.401,0.658,0.77,0.105,0.443,0.811,0.591,0.844,0.683,-0.441,0.495,0.775,0.536,0.07,0.702,0.807,-0.335,0.819,0.671,0.136,0.75,0.014,0.768,-0.815,-0.487,0.49,0.282,0.364,0.229,0.393,0.226,0.033,-0.449,0.606,0.372,-0.305,0.844,0.671,-0.426,0.325,0.276,0.65,0.324,0.675,-0.054,-0.746,0.853,0.708,0.399,0.705,0.593,0.737,0.62,0.715,0.532,-0.193,0.46,0.538,-0.48,0.629,0.061,-0.521,0.605,0.352,0.711,0.776,0.79,0.684,0.65,0.507,0.63,0.477,0.089
