,ACET,ADAP,ADI,ADPT,ADTN,AGEN,ALGN,ALLK,AMD,AMWD,ARDX,ARQT,ASTE,AUPH,AVXL,AZTA,BAND,BECN,BFC,BGC,BHF,BHFAL,BKNG,BL,BOKF,BRKR,CACC,CAR,CDNA,CG,CGBD,CHI,CHTR,CHX,CLNE,CME,CNOB,CNXN,CPRX,CSGP,CSGS,CSIQ,CVCO,CVLT,CYRX,DDOG,DOOO,DSGX,DTIL,ECPG,EEFT,EFSC,ENTG,ESPR,ETSY,EXC,FAMI,FFIV,FITB,FIZZ,FMBH,FOX,FTNT,FULT,GABC,GEN,GH,GMAB,GNPX,GO,GOGL,GOOG,GPRO,GSHD,GSM,GWAV,HAIN,HBAN,HEPA,HURN,HWKN,IBIO,ICFI,IGMS,IMKTA,INCY,INO,IRDM,IRTC,IRWD,ITCI,JACK,JD,JJSF,KALA,KHC,KLAC,KRRO,KRYS,LANC,LBTYA,LIVN,LKCO,LNTH,LOGI,LPRO,LRCX,LSCC,LSTR,MAR,MARA,MCHP,MEOH,META,MGTX,MKSI,MMYT,MORN,MRUS,MTLS,MTSI,MVIS,MXL,NBIX,NFE,NMIH,NMRK,NNDM,NSIT,NTCT,NVAX,OCUL,ODP,OLED,ONB,OTEX,PACB,PATK,PAYX,PEP,PERI,PI,PLYA,PRDO,PRGS,PTGX,QCOM,QCRH,QDEL,QFIN,RGEN,RILY,RPAY,RPD,SABR,SEDG,SHEN,SIRI,SLNO,SNDL,SNEX,SONO,SPT,SSNC,STGW,STKL,STRL,STX,SWTX,SYNA,TFSL,TIGR,TNXP,TOWN,TRI,TRIP,TRMB,TRNS,TRS,TSCO,TSEM,TVTX,TXRH,VC,VCEL,VECO,VIAV,VICR,VIR,VRTX,VSTM,VTRS,WDFC,WSBC,WSC,WYNN,XENE,XNCR,XRAY,ZS
ACET,0.0,0.156,0.009,0.532,-0.1,0.437,0.086,-0.035,-0.139,0.11,0.216,0.359,0.062,0.257,0.016,0.192,0.097,0.099,0.288,0.214,0.026,0.067,-0.186,0.086,0.158,-0.043,0.014,-0.074,0.163,-0.005,0.17,-0.032,0.292,-0.167,-0.029,-0.01,0.272,0.111,0.277,0.411,0.238,-0.016,0.222,-0.119,0.296,-0.272,0.087,-0.134,0.306,0.236,0.013,0.249,-0.072,0.535,-0.057,0.105,-0.073,-0.041,0.161,0.107,0.287,-0.39,-0.396,0.119,0.36,-0.09,0.421,0.302,-0.086,-0.041,-0.257,-0.081,0.283,0.219,-0.289,0.008,0.292,0.217,0.024,-0.001,0.119,0.277,0.026,-0.01,0.231,0.239,0.402,-0.167,0.216,0.34,0.234,-0.063,-0.465,-0.036,0.491,0.297,-0.178,0.12,0.28,0.215,-0.148,0.024,0.123,-0.111,-0.118,-0.099,-0.249,-0.027,0.052,-0.1,-0.195,0.004,-0.11,-0.14,0.405,-0.005,0.024,-0.033,0.344,-0.303,-0.173,-0.059,0.049,0.274,0.259,0.23,-0.025,-0.161,0.08,-0.197,0.047,0.298,0.109,0.005,0.231,-0.343,0.27,0.071,0.204,0.418,0.082,-0.136,0.125,0.147,-0.362,-0.001,0.059,0.226,0.169,-0.431,-0.035,0.453,0.049,-0.282,-0.11,-0.064,0.331,-0.12,0.473,0.279,0.041,-0.132,-0.016,0.292,0.168,0.04,-0.066,-0.302,0.122,0.133,0.243,-0.55,-0.01,0.34,-0.12,-0.199,0.021,0.242,0.228,0.161,-0.317,0.064,-0.375,-0.167,0.05,-0.145,-0.244,-0.203,0.29,0.376,0.18,0.355,0.323,0.41,-0.128,-0.256,0.512,0.173,0.319,-0.109
ADAP,0.156,0.0,0.037,0.321,-0.351,-0.384,-0.569,0.875,-0.595,-0.467,0.027,0.79,0.404,-0.5,0.378,-0.022,-0.179,0.325,0.179,0.084,0.43,-0.877,-0.661,-0.549,-0.326,-0.33,0.36,-0.287,0.289,-0.571,-0.533,-0.74,0.698,0.017,-0.115,-0.481,-0.355,-0.495,-0.385,-0.019,0.022,-0.694,-0.656,-0.086,0.623,-0.17,0.837,-0.338,0.679,0.414,0.661,0.136,0.051,0.469,0.294,-0.787,-0.491,-0.804,-0.286,-0.293,0.306,0.027,-0.175,0.45,0.285,-0.384,0.556,0.852,0.847,0.884,-0.476,-0.035,-0.465,-0.533,0.295,0.688,0.569,-0.043,0.838,-0.144,0.366,0.24,-0.508,-0.777,0.366,0.217,0.748,-0.87,-0.162,0.802,-0.73,0.687,-0.663,-0.064,0.592,0.309,0.317,0.932,0.61,-0.858,-0.894,-0.401,0.874,-0.317,0.441,-0.584,0.145,-0.579,-0.254,-0.681,0.211,0.459,0.636,-0.738,-0.198,0.469,-0.76,-0.542,0.755,0.46,0.006,-0.844,-0.41,0.897,0.777,-0.252,-0.913,-0.292,0.017,0.013,-0.574,-0.188,0.319,-0.771,0.434,-0.731,-0.721,-0.717,-0.575,0.121,0.807,-0.865,-0.287,0.134,-0.161,-0.766,0.075,0.407,-0.604,-0.238,0.571,-0.261,-0.028,0.57,-0.624,0.524,-0.207,0.853,-0.384,-0.478,-0.306,-0.4,0.47,-0.367,-0.159,-0.699,-0.738,-0.886,0.909,0.458,0.019,-0.28,0.74,0.308,-0.196,-0.186,-0.586,-0.528,-0.156,-0.464,0.277,-0.898,-0.382,0.52,0.673,0.543,-0.13,-0.046,0.684,0.742,-0.661,0.453,0.213,0.68,-0.573,-0.779,0.308,-0.673,-0.61,0.492
ADI,0.009,0.037,0.0,0.575,0.753,0.273,0.631,0.041,0.666,0.709,0.667,-0.121,0.794,0.168,0.732,0.742,0.709,0.767,0.776,0.368,0.506,-0.022,0.603,0.698,0.622,0.674,0.541,0.787,0.771,0.69,0.432,0.372,0.458,0.734,0.837,-0.474,0.583,0.707,0.679,-0.168,0.646,0.47,0.509,0.82,0.57,0.841,0.318,0.763,-0.09,0.624,0.401,0.762,0.932,0.112,0.407,0.048,0.654,0.447,0.652,0.448,0.683,0.367,0.287,0.535,0.672,0.718,0.338,-0.249,0.059,0.18,0.694,0.804,0.577,0.191,0.644,0.523,-0.415,0.528,-0.02,0.635,0.724,0.555,0.536,0.428,0.476,0.666,0.421,0.076,0.342,0.268,0.141,0.396,0.363,0.511,-0.267,-0.673,0.862,0.183,0.229,-0.092,0.093,0.663,-0.281,0.624,0.689,0.611,0.878,0.7,0.349,0.528,0.774,0.862,0.289,0.527,0.602,0.839,0.511,0.558,0.141,0.549,0.893,0.235,0.222,0.248,0.224,0.28,0.125,0.612,0.845,0.604,-0.014,0.661,0.749,0.452,0.574,0.296,0.133,0.54,0.091,-0.661,0.245,0.354,0.678,0.742,0.199,0.256,0.943,0.695,0.222,0.664,0.179,-0.061,0.598,0.37,0.606,0.633,0.462,0.072,0.092,-0.083,0.78,0.627,0.687,0.669,0.675,0.299,0.569,0.242,-0.171,0.775,0.747,0.502,0.332,0.538,0.263,0.679,0.679,0.587,0.704,0.187,0.645,0.096,0.568,0.209,0.545,0.702,0.85,0.839,0.432,0.433,0.268,0.553,0.101,0.319,0.565,0.302,0.471,0.204,0.348,0.71
ADPT,0.532,0.321,0.575,0.0,0.347,0.518,0.455,0.103,0.153,0.516,0.522,0.352,0.69,0.264,0.579,0.682,0.589,0.695,0.839,0.574,0.407,-0.157,0.135,0.438,0.511,0.309,0.484,0.472,0.736,0.375,0.33,0.119,0.688,0.366,0.511,-0.48,0.64,0.498,0.535,0.095,0.716,0.161,0.349,0.399,0.707,0.332,0.392,0.321,0.25,0.805,0.41,0.782,0.58,0.541,0.295,-0.078,0.257,0.103,0.526,0.367,0.844,-0.008,-0.148,0.61,0.844,0.281,0.68,0.262,0.122,0.266,0.125,0.491,0.526,0.161,0.159,0.499,0.074,0.567,0.107,0.383,0.646,0.575,0.197,0.195,0.663,0.779,0.762,-0.195,0.216,0.59,0.114,0.34,-0.312,0.389,0.317,-0.135,0.437,0.373,0.398,-0.066,-0.203,0.349,0.05,0.277,0.484,0.245,0.387,0.388,0.156,0.13,0.368,0.595,0.268,0.093,0.664,0.575,0.167,0.311,0.602,0.328,0.336,0.05,0.0,0.575,0.522,0.397,-0.139,0.208,0.629,0.221,0.004,0.646,0.71,0.109,0.708,-0.302,0.18,0.287,0.078,-0.054,0.358,-0.081,0.443,0.608,-0.097,-0.03,0.677,0.784,0.223,-0.03,0.133,0.184,0.509,0.135,0.203,0.569,0.655,0.101,0.491,0.121,0.547,0.285,0.552,0.609,0.641,0.076,0.159,-0.267,0.191,0.72,0.74,-0.214,0.332,0.752,-0.158,0.263,0.386,0.496,0.657,0.051,0.159,-0.045,-0.032,0.155,0.546,0.437,0.263,0.309,0.678,0.656,0.19,0.702,0.443,0.746,0.142,-0.151,0.796,0.113,0.385,0.494
ADTN,-0.1,-0.351,0.753,0.347,0.0,0.273,0.823,-0.341,0.791,0.851,0.51,-0.538,0.592,0.47,0.563,0.767,0.806,0.654,0.619,0.361,0.453,0.393,0.867,0.868,0.734,0.899,0.446,0.904,0.579,0.899,0.704,0.564,0.139,0.756,0.843,-0.354,0.643,0.844,0.774,-0.413,0.719,0.673,0.71,0.852,0.352,0.881,0.048,0.89,-0.411,0.466,0.227,0.676,0.731,-0.072,0.434,0.393,0.692,0.774,0.831,0.64,0.522,0.544,0.478,0.43,0.523,0.899,-0.109,-0.659,-0.233,-0.17,0.911,0.835,0.646,0.523,0.506,0.168,-0.563,0.622,-0.379,0.802,0.623,0.31,0.755,0.722,0.423,0.604,-0.051,0.55,0.247,0.005,0.398,0.184,0.725,0.71,-0.591,-0.739,0.619,-0.237,-0.199,0.259,0.505,0.906,-0.622,0.84,0.503,0.868,0.73,0.872,0.541,0.878,0.551,0.499,0.165,0.845,0.473,0.434,0.726,0.84,-0.308,0.347,0.776,0.529,0.459,-0.15,-0.098,0.507,0.485,0.71,0.792,0.713,0.329,0.609,0.6,0.659,0.435,0.578,0.293,0.793,0.281,-0.749,-0.195,0.663,0.878,0.705,0.463,0.472,0.694,0.518,0.303,0.811,-0.169,-0.118,0.673,0.247,0.868,0.422,0.546,-0.268,0.132,-0.004,0.899,0.876,0.526,0.77,0.686,0.429,0.824,0.55,-0.573,0.473,0.685,0.683,-0.088,0.467,0.199,0.794,0.853,0.727,0.755,0.325,0.488,0.417,0.811,0.112,0.255,0.455,0.816,0.853,-0.02,0.017,0.392,0.392,0.094,0.036,0.774,0.706,0.33,0.339,0.611,0.494
AGEN,0.437,-0.384,0.273,0.518,0.273,0.0,0.645,-0.623,0.555,0.536,0.62,-0.133,0.007,0.357,-0.119,0.29,0.414,0.034,0.368,0.103,-0.357,0.526,0.458,0.578,0.278,0.15,-0.3,0.282,0.408,0.485,0.566,0.523,0.086,-0.145,0.369,0.175,0.542,0.612,0.583,0.31,0.28,0.672,0.75,0.111,-0.046,0.062,-0.444,0.249,0.026,0.136,-0.479,0.254,0.229,0.332,-0.241,0.662,0.567,0.547,0.305,0.113,0.24,-0.507,-0.352,-0.216,0.241,0.354,0.331,-0.286,-0.647,-0.536,0.216,0.118,0.802,0.32,-0.43,-0.089,-0.282,0.055,-0.544,0.093,-0.033,0.478,0.52,0.619,0.116,0.319,0.197,0.258,0.636,-0.166,0.711,-0.526,-0.045,-0.027,0.055,-0.229,-0.075,-0.347,0.243,0.608,0.315,0.315,-0.406,0.15,-0.179,0.308,-0.059,0.52,0.273,0.314,0.179,0.0,-0.595,0.374,0.815,-0.004,0.645,0.351,0.019,-0.329,0.059,0.586,0.262,-0.147,-0.076,0.234,0.579,0.241,0.284,-0.314,0.482,0.72,0.228,0.687,-0.087,0.192,0.839,0.638,0.756,0.198,-0.425,0.52,0.245,0.232,-0.061,0.688,0.358,0.074,0.765,-0.114,-0.501,0.693,-0.018,-0.65,0.518,-0.17,0.555,-0.669,0.835,0.705,0.385,0.137,-0.197,0.633,0.62,0.722,0.52,0.328,-0.491,0.053,0.396,-0.319,-0.295,0.059,0.359,-0.118,0.544,0.597,0.558,0.656,-0.164,0.667,-0.131,-0.689,-0.299,-0.306,0.234,0.11,0.203,0.145,0.851,0.15,-0.094,-0.047,0.554,0.247,0.378,0.826,0.644,-0.095
ALGN,0.086,-0.569,0.631,0.455,0.823,0.645,0.0,-0.623,0.82,0.959,0.553,-0.529,0.415,0.65,0.346,0.743,0.828,0.479,0.644,0.48,0.146,0.603,0.903,0.95,0.79,0.742,0.222,0.853,0.486,0.947,0.863,0.72,0.057,0.531,0.776,-0.085,0.813,0.958,0.856,-0.136,0.702,0.822,0.917,0.667,0.138,0.686,-0.285,0.784,-0.42,0.412,-0.076,0.632,0.606,-0.007,0.243,0.641,0.752,0.906,0.799,0.591,0.51,0.217,0.227,0.231,0.504,0.842,-0.035,-0.675,-0.563,-0.426,0.798,0.662,0.88,0.641,0.124,-0.018,-0.568,0.555,-0.626,0.636,0.394,0.302,0.811,0.906,0.381,0.563,-0.045,0.653,0.357,-0.195,0.658,-0.151,0.561,0.578,-0.513,-0.586,0.331,-0.456,-0.207,0.588,0.658,0.829,-0.748,0.725,0.253,0.835,0.456,0.961,0.569,0.848,0.391,0.293,-0.182,0.857,0.706,0.215,0.885,0.88,-0.304,0.078,0.538,0.76,0.452,-0.276,-0.176,0.631,0.696,0.579,0.722,0.392,0.56,0.74,0.534,0.836,0.302,0.538,0.669,0.932,0.58,-0.413,-0.442,0.785,0.754,0.594,0.25,0.7,0.63,0.378,0.661,0.51,-0.382,0.181,0.545,-0.147,0.912,0.208,0.747,-0.607,0.565,0.397,0.887,0.797,0.268,0.909,0.765,0.713,0.894,0.639,-0.722,0.361,0.724,0.366,-0.275,0.391,0.218,0.566,0.955,0.89,0.785,0.523,0.161,0.714,0.565,-0.215,-0.007,0.123,0.61,0.612,-0.003,-0.032,0.672,0.291,0.155,0.0,0.824,0.746,0.402,0.634,0.864,0.236
ALLK,-0.035,0.875,0.041,0.103,-0.341,-0.623,-0.623,0.0,-0.595,-0.465,-0.099,0.668,0.389,-0.459,0.427,-0.044,-0.246,0.31,0.081,0.091,0.51,-0.918,-0.631,-0.562,-0.279,-0.273,0.482,-0.256,0.086,-0.543,-0.648,-0.714,0.538,0.161,-0.182,-0.398,-0.356,-0.517,-0.397,-0.06,-0.051,-0.761,-0.728,-0.052,0.525,-0.074,0.81,-0.308,0.399,0.349,0.7,0.088,0.1,0.165,0.351,-0.896,-0.483,-0.787,-0.286,-0.266,0.2,0.215,-0.061,0.462,0.195,-0.394,0.351,0.76,0.869,0.892,-0.373,0.036,-0.608,-0.451,0.468,0.641,0.583,-0.004,0.866,-0.14,0.335,0.035,-0.571,-0.806,0.234,0.036,0.563,-0.78,-0.398,0.659,-0.772,0.788,-0.484,-0.049,0.385,0.283,0.382,0.888,0.464,-0.879,-0.766,-0.438,0.812,-0.222,0.493,-0.522,0.244,-0.57,-0.327,-0.605,0.142,0.461,0.746,-0.637,-0.391,0.493,-0.753,-0.517,0.632,0.565,0.091,-0.843,-0.526,0.738,0.654,-0.3,-0.922,-0.235,0.013,0.182,-0.752,-0.287,0.153,-0.81,0.41,-0.591,-0.84,-0.733,-0.777,-0.033,0.831,-0.833,-0.242,0.108,-0.114,-0.816,0.054,0.344,-0.631,-0.121,0.696,-0.47,0.071,0.71,-0.644,0.528,-0.309,0.911,-0.58,-0.674,-0.282,-0.298,0.513,-0.485,-0.263,-0.748,-0.695,-0.75,0.889,0.443,-0.045,-0.058,0.791,0.251,-0.272,0.009,-0.564,-0.566,-0.3,-0.563,0.38,-0.932,-0.179,0.701,0.715,0.614,-0.115,0.007,0.52,0.552,-0.824,0.319,0.241,0.583,-0.628,-0.673,0.111,-0.827,-0.678,0.482
AMD,-0.139,-0.595,0.666,0.153,0.791,0.555,0.82,-0.595,0.0,0.772,0.652,-0.65,0.256,0.327,0.228,0.481,0.639,0.281,0.382,0.054,0.009,0.586,0.916,0.861,0.513,0.651,-0.006,0.721,0.461,0.85,0.689,0.709,-0.066,0.421,0.749,-0.037,0.518,0.836,0.744,-0.133,0.372,0.882,0.825,0.672,-0.009,0.69,-0.317,0.795,-0.417,0.108,-0.238,0.366,0.603,-0.119,0.085,0.68,0.889,0.868,0.59,0.377,0.217,0.123,0.285,-0.039,0.211,0.849,-0.081,-0.803,-0.541,-0.486,0.844,0.597,0.738,0.437,0.207,0.009,-0.71,0.227,-0.556,0.541,0.25,0.405,0.856,0.806,0.103,0.355,-0.176,0.585,0.55,-0.337,0.627,-0.263,0.702,0.325,-0.561,-0.763,0.442,-0.45,-0.052,0.48,0.609,0.713,-0.716,0.668,0.183,0.746,0.534,0.856,0.471,0.792,0.564,0.297,-0.307,0.865,0.599,0.28,0.912,0.715,-0.421,0.032,0.664,0.683,0.46,-0.417,-0.313,0.264,0.739,0.718,0.588,0.324,0.436,0.687,0.339,0.903,0.0,0.776,0.584,0.873,0.611,-0.555,-0.47,0.876,0.639,0.508,0.384,0.814,0.618,0.158,0.548,0.671,-0.394,0.216,0.308,-0.163,0.922,0.067,0.426,-0.549,0.319,0.252,0.718,0.635,0.134,0.721,0.668,0.751,0.915,0.778,-0.777,0.186,0.468,0.512,-0.252,0.049,0.6,0.492,0.851,0.703,0.637,0.643,0.37,0.676,0.644,-0.381,-0.101,0.129,0.817,0.706,-0.099,-0.116,0.739,0.109,-0.292,-0.337,0.913,0.721,0.143,0.701,0.587,0.228
AMWD,0.11,-0.467,0.709,0.516,0.851,0.536,0.959,-0.465,0.772,0.0,0.565,-0.473,0.561,0.664,0.52,0.827,0.857,0.622,0.729,0.571,0.328,0.47,0.863,0.952,0.865,0.788,0.404,0.914,0.526,0.963,0.797,0.664,0.148,0.673,0.807,-0.196,0.86,0.979,0.906,-0.192,0.789,0.722,0.866,0.758,0.283,0.765,-0.126,0.821,-0.465,0.539,0.097,0.746,0.693,-0.048,0.356,0.503,0.722,0.846,0.866,0.663,0.607,0.336,0.255,0.394,0.629,0.838,0.009,-0.601,-0.44,-0.281,0.818,0.784,0.818,0.681,0.267,0.101,-0.483,0.68,-0.479,0.718,0.543,0.312,0.768,0.829,0.454,0.619,0.049,0.586,0.234,-0.077,0.578,0.025,0.543,0.666,-0.516,-0.571,0.462,-0.329,-0.184,0.487,0.607,0.835,-0.689,0.808,0.403,0.847,0.572,0.956,0.539,0.846,0.417,0.41,0.01,0.856,0.67,0.35,0.836,0.895,-0.2,0.211,0.639,0.659,0.375,-0.194,-0.093,0.66,0.578,0.614,0.835,0.552,0.39,0.768,0.574,0.736,0.452,0.487,0.532,0.898,0.419,-0.499,-0.292,0.691,0.831,0.714,0.241,0.579,0.715,0.511,0.566,0.547,-0.24,0.067,0.689,0.025,0.855,0.347,0.775,-0.467,0.481,0.233,0.952,0.87,0.433,0.913,0.782,0.603,0.871,0.579,-0.611,0.497,0.791,0.425,-0.135,0.521,0.125,0.71,0.956,0.897,0.784,0.419,0.261,0.586,0.642,-0.024,0.174,0.289,0.657,0.68,0.059,0.031,0.535,0.379,0.279,0.131,0.761,0.688,0.464,0.477,0.821,0.35
ARDX,0.216,0.027,0.667,0.522,0.51,0.62,0.553,-0.099,0.652,0.565,0.0,-0.046,0.502,0.168,0.428,0.525,0.575,0.479,0.552,0.148,0.137,0.079,0.509,0.549,0.25,0.352,0.1,0.484,0.718,0.488,0.397,0.214,0.493,0.276,0.695,-0.168,0.395,0.642,0.6,0.008,0.418,0.493,0.575,0.537,0.397,0.45,0.119,0.454,0.159,0.451,0.036,0.456,0.623,0.304,0.235,0.328,0.649,0.403,0.355,-0.016,0.428,-0.155,-0.08,0.12,0.416,0.577,0.415,-0.196,-0.169,0.002,0.48,0.531,0.611,0.21,0.191,0.481,-0.249,0.113,-0.054,0.322,0.405,0.727,0.613,0.353,0.348,0.484,0.481,-0.011,0.605,0.172,0.353,0.053,0.065,0.14,-0.097,-0.481,0.578,0.178,0.607,0.079,0.014,0.38,-0.082,0.414,0.436,0.26,0.538,0.504,0.302,0.287,0.697,0.586,-0.07,0.363,0.699,0.581,0.536,0.326,0.155,0.205,0.622,0.18,0.174,0.215,0.312,0.125,0.215,0.505,0.699,0.11,0.11,0.788,0.542,0.51,0.197,0.193,0.324,0.473,0.423,-0.276,-0.093,0.328,0.419,0.672,0.222,0.476,0.682,0.352,0.446,0.299,-0.16,0.274,0.175,0.009,0.546,0.338,0.45,-0.165,0.339,0.141,0.549,0.308,0.371,0.55,0.722,0.478,0.467,0.174,-0.238,0.542,0.532,0.052,0.243,0.195,0.589,0.23,0.52,0.392,0.632,0.638,0.562,0.215,0.196,-0.275,0.236,0.378,0.701,0.664,0.51,0.533,0.474,0.442,-0.118,0.156,0.636,0.179,0.425,0.447,0.327,0.544
ARQT,0.359,0.79,-0.121,0.352,-0.538,-0.133,-0.529,0.668,-0.65,-0.473,-0.046,0.0,0.154,-0.405,0.089,-0.127,-0.259,0.051,0.077,0.089,0.086,-0.668,-0.704,-0.548,-0.343,-0.458,0.105,-0.469,0.112,-0.609,-0.53,-0.555,0.5,-0.273,-0.329,-0.156,-0.209,-0.491,-0.412,0.394,-0.134,-0.626,-0.541,-0.349,0.344,-0.404,0.472,-0.565,0.692,0.257,0.324,0.012,-0.111,0.475,0.018,-0.658,-0.545,-0.758,-0.407,-0.401,0.186,-0.303,-0.437,0.179,0.168,-0.529,0.614,0.897,0.553,0.582,-0.677,-0.312,-0.32,-0.487,-0.06,0.379,0.549,-0.13,0.671,-0.382,0.048,0.134,-0.585,-0.675,0.142,0.042,0.737,-0.841,-0.048,0.568,-0.528,0.356,-0.835,-0.321,0.755,0.485,-0.013,0.714,0.559,-0.543,-0.77,-0.54,0.764,-0.556,0.129,-0.619,-0.18,-0.586,-0.364,-0.732,-0.023,0.253,0.292,-0.778,0.002,0.268,-0.673,-0.636,0.709,0.158,-0.238,-0.634,-0.376,0.741,0.574,-0.294,-0.742,-0.434,-0.154,-0.303,-0.436,-0.18,0.129,-0.64,0.237,-0.786,-0.387,-0.672,-0.418,0.446,0.662,-0.77,-0.419,-0.098,-0.416,-0.596,-0.06,0.206,-0.273,-0.563,0.564,0.006,-0.181,0.17,-0.658,0.214,-0.142,0.577,-0.066,-0.112,-0.421,-0.569,0.139,-0.355,-0.201,-0.483,-0.732,-0.801,0.84,0.298,-0.061,-0.565,0.525,0.183,-0.253,-0.4,-0.583,-0.464,-0.194,-0.369,-0.019,-0.642,-0.68,0.245,0.371,0.186,-0.377,-0.332,0.677,0.635,-0.425,0.262,0.243,0.561,-0.654,-0.827,0.236,-0.418,-0.442,0.162
ASTE,0.062,0.404,0.794,0.69,0.592,0.007,0.415,0.389,0.256,0.561,0.502,0.154,0.0,0.155,0.927,0.82,0.67,0.964,0.884,0.629,0.798,-0.413,0.315,0.454,0.588,0.538,0.849,0.726,0.774,0.477,0.238,0.013,0.76,0.831,0.74,-0.675,0.489,0.504,0.515,-0.323,0.783,0.062,0.186,0.731,0.823,0.739,0.674,0.599,0.004,0.91,0.77,0.875,0.812,0.172,0.649,-0.312,0.316,0.109,0.611,0.46,0.866,0.555,0.245,0.855,0.857,0.519,0.408,0.104,0.433,0.599,0.483,0.827,0.291,0.142,0.736,0.752,-0.033,0.66,0.312,0.595,0.905,0.45,0.261,0.114,0.741,0.786,0.638,-0.188,-0.015,0.591,-0.192,0.752,0.079,0.654,-0.105,-0.414,0.866,0.526,0.293,-0.402,-0.186,0.501,0.053,0.587,0.907,0.397,0.844,0.461,0.283,0.274,0.693,0.884,0.677,0.234,0.383,0.847,0.139,0.423,0.433,0.794,0.742,-0.114,-0.105,0.562,0.543,0.369,-0.298,0.427,0.875,0.709,-0.229,0.532,0.864,0.002,0.862,-0.088,-0.231,0.24,-0.233,-0.565,0.486,-0.074,0.585,0.814,0.18,-0.174,0.817,0.902,-0.056,0.482,0.358,-0.304,0.719,0.685,0.303,0.918,0.501,0.401,-0.07,-0.348,0.699,0.575,0.948,0.515,0.566,-0.065,0.225,-0.172,0.21,0.926,0.78,0.378,0.643,0.772,-0.087,0.687,0.43,0.376,0.565,-0.081,0.59,-0.292,0.445,0.587,0.862,0.896,0.606,0.742,0.624,0.625,-0.177,0.722,0.428,0.708,0.248,0.027,0.601,-0.231,0.176,0.874
AUPH,0.257,-0.5,0.168,0.264,0.47,0.357,0.65,-0.459,0.327,0.664,0.168,-0.405,0.155,0.0,0.187,0.524,0.528,0.271,0.354,0.516,0.115,0.525,0.508,0.583,0.58,0.522,0.202,0.502,0.02,0.6,0.649,0.419,-0.141,0.293,0.286,0.181,0.614,0.633,0.559,-0.084,0.573,0.394,0.645,0.246,0.049,0.256,-0.285,0.339,-0.435,0.3,-0.079,0.385,0.195,-0.043,0.302,0.451,0.309,0.627,0.577,0.448,0.271,0.22,-0.012,0.176,0.339,0.439,-0.299,-0.4,-0.516,-0.378,0.467,0.36,0.57,0.827,-0.088,-0.217,-0.091,0.535,-0.528,0.398,0.19,-0.118,0.443,0.617,0.345,0.224,-0.175,0.634,-0.007,-0.144,0.544,-0.081,0.334,0.507,-0.409,-0.019,-0.076,-0.42,-0.4,0.643,0.658,0.523,-0.529,0.458,-0.002,0.545,0.075,0.59,0.414,0.623,-0.196,-0.064,-0.064,0.565,0.334,-0.158,0.537,0.613,-0.249,-0.121,0.093,0.562,0.356,-0.298,-0.089,0.72,0.518,0.311,0.421,0.269,0.426,0.432,0.183,0.437,0.217,0.239,0.486,0.606,0.291,-0.075,-0.458,0.467,0.595,0.361,0.248,0.374,0.176,0.136,0.472,0.116,-0.264,0.034,0.389,-0.169,0.533,0.01,0.639,-0.582,0.555,0.33,0.574,0.637,0.122,0.568,0.415,0.399,0.55,0.406,-0.522,0.171,0.437,0.131,-0.348,0.317,-0.199,0.401,0.646,0.626,0.444,0.363,-0.145,0.564,0.339,-0.037,-0.117,-0.114,0.095,0.232,-0.222,-0.152,0.287,0.116,0.533,0.061,0.343,0.644,0.28,0.285,0.828,-0.103
AVXL,0.016,0.378,0.732,0.579,0.563,-0.119,0.346,0.427,0.228,0.52,0.428,0.089,0.927,0.187,0.0,0.752,0.639,0.926,0.781,0.654,0.861,-0.393,0.261,0.406,0.57,0.532,0.866,0.694,0.629,0.442,0.23,-0.046,0.672,0.836,0.673,-0.653,0.419,0.462,0.497,-0.352,0.737,0.005,0.118,0.762,0.811,0.711,0.699,0.584,-0.088,0.843,0.802,0.797,0.764,0.134,0.713,-0.318,0.234,0.093,0.612,0.458,0.796,0.619,0.333,0.865,0.808,0.501,0.305,0.085,0.452,0.594,0.483,0.842,0.203,0.208,0.729,0.714,0.041,0.686,0.348,0.636,0.893,0.382,0.278,0.083,0.719,0.736,0.544,-0.104,-0.152,0.591,-0.213,0.771,0.132,0.685,-0.177,-0.303,0.838,0.524,0.202,-0.394,-0.113,0.451,0.074,0.634,0.86,0.352,0.817,0.417,0.258,0.277,0.576,0.829,0.763,0.262,0.224,0.783,0.091,0.451,0.407,0.78,0.714,-0.173,-0.064,0.497,0.551,0.405,-0.3,0.444,0.834,0.765,-0.268,0.455,0.723,-0.057,0.84,-0.016,-0.335,0.193,-0.308,-0.568,0.499,-0.096,0.612,0.827,0.228,-0.224,0.75,0.848,-0.171,0.483,0.378,-0.416,0.749,0.758,0.254,0.894,0.463,0.43,-0.117,-0.434,0.675,0.614,0.936,0.458,0.534,-0.166,0.2,-0.138,0.223,0.891,0.713,0.418,0.599,0.755,-0.101,0.719,0.419,0.361,0.479,-0.126,0.605,-0.331,0.527,0.655,0.86,0.891,0.572,0.713,0.461,0.522,-0.277,0.699,0.471,0.66,0.183,0.069,0.577,-0.338,0.122,0.797
AZTA,0.192,-0.022,0.742,0.682,0.767,0.29,0.743,-0.044,0.481,0.827,0.525,-0.127,0.82,0.524,0.752,0.0,0.807,0.854,0.865,0.698,0.628,0.055,0.594,0.757,0.773,0.762,0.691,0.874,0.623,0.757,0.583,0.336,0.511,0.808,0.805,-0.456,0.76,0.765,0.773,-0.24,0.894,0.44,0.571,0.757,0.641,0.76,0.325,0.706,-0.242,0.814,0.518,0.857,0.785,0.125,0.612,0.084,0.487,0.511,0.802,0.63,0.797,0.473,0.231,0.684,0.809,0.722,0.202,-0.245,0.001,0.155,0.679,0.849,0.608,0.49,0.507,0.441,-0.185,0.725,-0.107,0.698,0.798,0.313,0.509,0.474,0.66,0.711,0.366,0.237,0.051,0.349,0.224,0.473,0.307,0.741,-0.274,-0.468,0.648,0.102,0.016,0.084,0.226,0.723,-0.325,0.77,0.664,0.658,0.709,0.722,0.457,0.618,0.484,0.666,0.394,0.559,0.544,0.587,0.503,0.692,0.088,0.462,0.686,0.254,0.174,0.222,0.289,0.628,0.133,0.516,0.895,0.697,0.12,0.681,0.792,0.379,0.724,0.174,0.181,0.599,0.07,-0.504,0.11,0.294,0.839,0.801,0.181,0.168,0.772,0.766,0.278,0.51,0.101,-0.095,0.795,0.378,0.615,0.67,0.775,-0.048,0.262,-0.072,0.878,0.778,0.748,0.771,0.719,0.222,0.563,0.153,-0.208,0.752,0.882,0.369,0.233,0.722,-0.077,0.748,0.715,0.673,0.718,0.167,0.405,0.143,0.553,0.311,0.569,0.6,0.593,0.725,0.354,0.334,0.156,0.668,0.48,0.485,0.511,0.393,0.641,0.089,0.612,0.625
BAND,0.097,-0.179,0.709,0.589,0.806,0.414,0.828,-0.246,0.639,0.857,0.575,-0.259,0.67,0.528,0.639,0.807,0.0,0.711,0.794,0.647,0.51,0.262,0.71,0.807,0.753,0.733,0.465,0.847,0.596,0.801,0.787,0.373,0.384,0.652,0.847,-0.307,0.719,0.819,0.76,-0.242,0.834,0.599,0.655,0.795,0.459,0.712,0.145,0.731,-0.247,0.682,0.308,0.78,0.708,0.239,0.598,0.352,0.571,0.635,0.827,0.573,0.742,0.39,0.263,0.554,0.727,0.842,0.128,-0.368,-0.225,-0.046,0.738,0.803,0.749,0.607,0.376,0.29,-0.275,0.658,-0.262,0.729,0.67,0.394,0.71,0.65,0.7,0.748,0.237,0.392,0.261,0.234,0.283,0.198,0.402,0.74,-0.38,-0.435,0.533,-0.035,0.015,0.267,0.412,0.767,-0.397,0.77,0.497,0.666,0.625,0.799,0.609,0.655,0.528,0.565,0.237,0.654,0.602,0.446,0.616,0.801,-0.024,0.342,0.614,0.407,0.398,0.092,0.243,0.719,0.361,0.594,0.832,0.554,0.335,0.698,0.723,0.526,0.614,0.304,0.283,0.68,0.348,-0.427,-0.088,0.463,0.746,0.841,0.336,0.356,0.722,0.641,0.376,0.481,-0.198,-0.048,0.679,0.23,0.766,0.542,0.82,-0.252,0.407,0.145,0.886,0.802,0.594,0.854,0.834,0.386,0.636,0.333,-0.363,0.655,0.84,0.383,0.002,0.65,0.156,0.593,0.821,0.765,0.77,0.415,0.354,0.313,0.568,0.099,0.349,0.454,0.659,0.706,0.202,0.276,0.34,0.627,0.388,0.315,0.641,0.536,0.631,0.288,0.673,0.466
BECN,0.099,0.325,0.767,0.695,0.654,0.034,0.479,0.31,0.281,0.622,0.479,0.051,0.964,0.271,0.926,0.854,0.711,0.0,0.88,0.667,0.843,-0.29,0.362,0.515,0.656,0.614,0.855,0.766,0.733,0.539,0.351,0.079,0.69,0.845,0.747,-0.698,0.548,0.564,0.578,-0.39,0.866,0.108,0.264,0.781,0.856,0.748,0.654,0.65,-0.045,0.918,0.772,0.904,0.803,0.209,0.687,-0.227,0.306,0.193,0.709,0.56,0.876,0.591,0.307,0.889,0.882,0.561,0.328,0.027,0.365,0.524,0.52,0.873,0.324,0.249,0.676,0.67,-0.034,0.759,0.233,0.71,0.946,0.441,0.327,0.19,0.797,0.819,0.547,-0.055,-0.077,0.603,-0.112,0.718,0.141,0.755,-0.164,-0.391,0.825,0.435,0.176,-0.311,-0.094,0.593,-0.033,0.66,0.883,0.465,0.828,0.514,0.328,0.377,0.593,0.817,0.691,0.324,0.362,0.762,0.179,0.533,0.37,0.726,0.716,-0.042,0.019,0.501,0.507,0.5,-0.211,0.471,0.883,0.752,-0.148,0.55,0.852,0.04,0.892,-0.048,-0.202,0.309,-0.185,-0.564,0.411,-0.017,0.682,0.845,0.255,-0.154,0.804,0.907,-0.08,0.5,0.274,-0.331,0.787,0.663,0.356,0.884,0.567,0.335,0.01,-0.319,0.767,0.665,0.935,0.589,0.613,-0.074,0.288,-0.111,0.139,0.894,0.803,0.373,0.52,0.834,-0.145,0.721,0.506,0.463,0.628,-0.097,0.544,-0.223,0.513,0.59,0.825,0.855,0.584,0.724,0.508,0.547,-0.149,0.761,0.5,0.7,0.278,0.12,0.65,-0.212,0.267,0.829
BFC,0.288,0.179,0.776,0.839,0.619,0.368,0.644,0.081,0.382,0.729,0.552,0.077,0.884,0.354,0.781,0.865,0.794,0.88,0.0,0.714,0.625,-0.121,0.433,0.645,0.739,0.567,0.711,0.776,0.782,0.637,0.514,0.22,0.69,0.717,0.767,-0.539,0.716,0.682,0.72,-0.141,0.872,0.3,0.463,0.682,0.721,0.664,0.414,0.649,-0.053,0.89,0.539,0.936,0.767,0.304,0.521,-0.026,0.438,0.322,0.756,0.582,0.939,0.36,0.076,0.765,0.935,0.603,0.45,-0.002,0.129,0.305,0.5,0.774,0.589,0.344,0.469,0.563,-0.082,0.732,0.025,0.619,0.818,0.504,0.434,0.365,0.778,0.866,0.595,-0.016,0.15,0.481,0.107,0.476,0.056,0.677,-0.075,-0.363,0.657,0.29,0.23,-0.062,0.018,0.604,-0.152,0.597,0.692,0.527,0.665,0.628,0.425,0.398,0.572,0.73,0.404,0.366,0.636,0.669,0.355,0.576,0.4,0.545,0.6,0.147,0.022,0.429,0.448,0.549,-0.022,0.421,0.861,0.555,0.023,0.717,0.869,0.236,0.828,-0.016,0.132,0.478,0.078,-0.368,0.28,0.133,0.649,0.805,0.082,0.06,0.835,0.897,0.223,0.346,0.114,-0.021,0.712,0.354,0.462,0.74,0.723,0.067,0.32,-0.005,0.801,0.606,0.769,0.765,0.732,0.187,0.394,-0.041,-0.002,0.824,0.913,0.207,0.4,0.823,-0.052,0.582,0.627,0.658,0.712,0.12,0.316,0.016,0.359,0.321,0.663,0.633,0.528,0.626,0.557,0.56,0.134,0.748,0.489,0.694,0.371,0.147,0.752,0.076,0.487,0.666
BGC,0.214,0.084,0.368,0.574,0.361,0.103,0.48,0.091,0.054,0.571,0.148,0.089,0.629,0.516,0.654,0.698,0.647,0.667,0.714,0.0,0.571,-0.095,0.251,0.405,0.686,0.371,0.668,0.587,0.285,0.444,0.432,0.076,0.428,0.595,0.434,-0.268,0.567,0.483,0.477,-0.132,0.758,0.057,0.263,0.459,0.465,0.398,0.286,0.381,-0.189,0.743,0.535,0.699,0.408,0.175,0.583,-0.058,0.053,0.227,0.638,0.502,0.739,0.444,0.144,0.702,0.741,0.395,0.121,0.069,0.074,0.278,0.305,0.562,0.365,0.467,0.254,0.291,0.175,0.765,0.024,0.503,0.571,0.112,0.231,0.279,0.706,0.616,0.361,0.14,-0.292,0.341,0.023,0.435,0.015,0.692,-0.164,0.072,0.298,0.155,-0.093,0.056,0.194,0.384,-0.095,0.498,0.492,0.351,0.351,0.436,0.4,0.285,0.147,0.411,0.48,0.248,0.259,0.284,0.155,0.551,0.273,0.407,0.249,0.099,-0.015,0.285,0.392,0.713,-0.057,0.188,0.635,0.474,0.141,0.344,0.565,0.021,0.731,-0.097,0.014,0.286,-0.017,-0.103,0.161,-0.016,0.486,0.585,-0.006,-0.098,0.433,0.639,0.184,0.115,0.081,-0.203,0.686,0.379,0.233,0.589,0.677,0.007,0.293,0.058,0.621,0.598,0.593,0.556,0.454,0.059,0.179,-0.045,0.049,0.643,0.694,0.127,0.23,0.737,-0.386,0.49,0.459,0.494,0.382,-0.053,0.054,-0.0,0.267,0.466,0.47,0.401,0.117,0.296,0.282,0.279,-0.132,0.53,0.76,0.623,0.126,0.21,0.601,-0.13,0.471,0.347
BHF,0.026,0.43,0.506,0.407,0.453,-0.357,0.146,0.51,0.009,0.328,0.137,0.086,0.798,0.115,0.861,0.628,0.51,0.843,0.625,0.571,0.0,-0.423,0.088,0.246,0.502,0.474,0.873,0.554,0.409,0.281,0.136,-0.193,0.599,0.795,0.509,-0.719,0.271,0.234,0.333,-0.477,0.683,-0.147,-0.073,0.671,0.82,0.57,0.806,0.48,-0.116,0.751,0.923,0.701,0.556,0.153,0.802,-0.388,-0.003,-0.047,0.577,0.546,0.699,0.726,0.414,0.921,0.735,0.368,0.161,0.139,0.564,0.637,0.354,0.758,-0.026,0.232,0.73,0.605,0.219,0.688,0.454,0.66,0.903,0.196,0.116,-0.101,0.712,0.625,0.366,-0.1,-0.381,0.69,-0.366,0.82,0.136,0.756,-0.124,-0.151,0.695,0.516,0.034,-0.44,-0.154,0.401,0.154,0.594,0.784,0.26,0.687,0.203,0.213,0.205,0.356,0.657,0.896,0.155,-0.035,0.599,-0.1,0.392,0.322,0.662,0.545,-0.342,-0.062,0.482,0.519,0.452,-0.397,0.313,0.626,0.827,-0.318,0.203,0.594,-0.262,0.877,-0.093,-0.55,0.029,-0.424,-0.499,0.55,-0.242,0.558,0.729,0.217,-0.449,0.526,0.807,-0.446,0.426,0.35,-0.542,0.788,0.852,0.094,0.814,0.375,0.555,-0.276,-0.608,0.534,0.551,0.907,0.327,0.352,-0.433,0.034,-0.234,0.325,0.713,0.582,0.417,0.504,0.788,-0.295,0.664,0.222,0.239,0.325,-0.322,0.49,-0.49,0.54,0.804,0.868,0.845,0.382,0.537,0.271,0.379,-0.478,0.711,0.56,0.667,0.011,0.01,0.568,-0.561,0.012,0.672
BHFAL,0.067,-0.877,-0.022,-0.157,0.393,0.526,0.603,-0.918,0.586,0.47,0.079,-0.668,-0.413,0.525,-0.393,0.055,0.262,-0.29,-0.121,-0.095,-0.423,0.0,0.623,0.557,0.322,0.395,-0.453,0.237,-0.174,0.54,0.686,0.691,-0.615,-0.136,0.14,0.411,0.387,0.517,0.419,0.082,0.081,0.738,0.748,0.122,-0.475,0.099,-0.771,0.308,-0.386,-0.365,-0.644,-0.082,-0.079,-0.109,-0.269,0.888,0.415,0.806,0.357,0.279,-0.22,-0.156,0.103,-0.423,-0.199,0.438,-0.465,-0.775,-0.878,-0.916,0.407,-0.006,0.587,0.554,-0.421,-0.696,-0.539,0.095,-0.83,0.255,-0.291,-0.084,0.611,0.771,-0.222,-0.089,-0.63,0.834,0.347,-0.612,0.784,-0.72,0.556,0.103,-0.434,-0.22,-0.372,-0.891,-0.528,0.903,0.807,0.494,-0.792,0.265,-0.5,0.545,-0.226,0.553,0.357,0.684,-0.242,-0.44,-0.66,0.684,0.308,-0.496,0.733,0.539,-0.724,-0.61,-0.047,0.817,0.698,-0.735,-0.646,0.365,0.945,0.249,-0.007,-0.089,0.734,0.231,-0.193,0.795,-0.36,0.617,0.773,0.707,0.726,-0.002,-0.808,0.835,0.355,-0.055,0.169,0.783,-0.069,-0.347,0.558,0.176,-0.626,0.355,-0.009,-0.644,0.654,-0.577,0.28,-0.889,0.541,0.609,0.309,0.351,-0.494,0.486,0.267,0.664,0.703,0.768,-0.883,-0.419,0.053,0.104,-0.883,-0.185,0.25,0.052,0.579,0.582,0.34,0.516,-0.295,0.912,0.262,-0.63,-0.7,-0.589,0.129,0.019,-0.614,-0.564,0.761,-0.254,-0.166,-0.592,0.589,0.738,-0.106,0.76,0.7,-0.492
BKNG,-0.186,-0.661,0.603,0.135,0.867,0.458,0.903,-0.631,0.916,0.863,0.509,-0.704,0.315,0.508,0.261,0.594,0.71,0.362,0.433,0.251,0.088,0.623,0.0,0.896,0.648,0.747,0.128,0.82,0.403,0.923,0.775,0.745,-0.116,0.54,0.755,-0.017,0.599,0.882,0.748,-0.29,0.514,0.844,0.843,0.682,-0.032,0.752,-0.35,0.824,-0.537,0.202,-0.161,0.449,0.56,-0.226,0.199,0.658,0.791,0.931,0.694,0.513,0.269,0.329,0.362,0.074,0.265,0.89,-0.243,-0.851,-0.564,-0.468,0.915,0.641,0.735,0.572,0.241,-0.071,-0.702,0.396,-0.644,0.603,0.291,0.208,0.824,0.889,0.183,0.378,-0.271,0.707,0.365,-0.385,0.604,-0.192,0.792,0.51,-0.694,-0.739,0.378,-0.548,-0.28,0.528,0.724,0.829,-0.817,0.74,0.234,0.87,0.525,0.93,0.589,0.904,0.479,0.24,-0.218,0.926,0.54,0.179,0.911,0.832,-0.523,0.109,0.617,0.776,0.468,-0.466,-0.363,0.456,0.756,0.697,0.645,0.445,0.513,0.624,0.404,0.871,0.102,0.74,0.58,0.913,0.562,-0.586,-0.539,0.892,0.701,0.495,0.425,0.767,0.557,0.194,0.571,0.711,-0.418,0.088,0.426,-0.088,0.96,0.128,0.512,-0.6,0.307,0.289,0.808,0.797,0.203,0.756,0.626,0.751,0.939,0.797,-0.828,0.209,0.524,0.613,-0.298,0.151,0.375,0.613,0.912,0.749,0.648,0.561,0.284,0.722,0.713,-0.231,-0.104,0.126,0.739,0.71,-0.179,-0.203,0.636,0.102,-0.084,-0.279,0.905,0.855,0.111,0.626,0.717,0.231
BL,0.086,-0.549,0.698,0.438,0.868,0.578,0.95,-0.562,0.861,0.952,0.549,-0.548,0.454,0.583,0.406,0.757,0.807,0.515,0.645,0.405,0.246,0.557,0.896,0.0,0.801,0.791,0.287,0.891,0.499,0.974,0.8,0.74,0.066,0.615,0.805,-0.182,0.805,0.951,0.905,-0.151,0.683,0.845,0.886,0.736,0.196,0.751,-0.195,0.855,-0.51,0.395,-0.007,0.651,0.668,-0.059,0.266,0.589,0.805,0.894,0.839,0.686,0.503,0.281,0.279,0.278,0.531,0.865,-0.01,-0.7,-0.504,-0.409,0.843,0.745,0.83,0.647,0.251,0.036,-0.559,0.576,-0.551,0.696,0.479,0.329,0.795,0.863,0.343,0.558,-0.045,0.631,0.335,-0.137,0.642,-0.084,0.62,0.592,-0.509,-0.661,0.43,-0.419,-0.195,0.538,0.651,0.848,-0.771,0.805,0.292,0.876,0.545,0.96,0.513,0.884,0.426,0.351,-0.109,0.902,0.683,0.306,0.905,0.877,-0.284,0.114,0.631,0.703,0.417,-0.295,-0.21,0.566,0.676,0.676,0.739,0.515,0.416,0.768,0.492,0.828,0.331,0.619,0.593,0.952,0.49,-0.528,-0.341,0.791,0.842,0.644,0.262,0.663,0.697,0.44,0.574,0.593,-0.309,0.188,0.631,-0.068,0.912,0.248,0.729,-0.524,0.473,0.249,0.908,0.821,0.333,0.909,0.77,0.653,0.931,0.666,-0.697,0.363,0.72,0.459,-0.224,0.41,0.228,0.67,0.954,0.909,0.767,0.487,0.233,0.652,0.669,-0.151,0.088,0.211,0.702,0.671,-0.035,-0.072,0.651,0.321,0.112,-0.024,0.822,0.718,0.418,0.582,0.814,0.27
BOKF,0.158,-0.326,0.622,0.511,0.734,0.278,0.79,-0.279,0.513,0.865,0.25,-0.343,0.588,0.58,0.57,0.773,0.753,0.656,0.739,0.686,0.502,0.322,0.648,0.801,0.0,0.749,0.607,0.842,0.406,0.84,0.672,0.543,0.16,0.744,0.639,-0.381,0.827,0.811,0.806,-0.14,0.802,0.461,0.664,0.727,0.364,0.71,0.029,0.779,-0.455,0.555,0.319,0.828,0.578,-0.033,0.399,0.286,0.488,0.66,0.927,0.82,0.71,0.489,0.374,0.61,0.73,0.683,0.007,-0.428,-0.194,-0.115,0.65,0.726,0.61,0.619,0.342,0.079,-0.352,0.874,-0.294,0.792,0.612,0.219,0.617,0.646,0.506,0.647,0.027,0.491,-0.019,0.04,0.41,0.197,0.464,0.762,-0.409,-0.39,0.419,-0.245,-0.324,0.346,0.493,0.774,-0.585,0.751,0.448,0.802,0.505,0.807,0.446,0.75,0.258,0.38,0.215,0.721,0.461,0.32,0.593,0.848,-0.087,0.25,0.533,0.486,0.273,-0.09,-0.087,0.704,0.381,0.416,0.739,0.676,0.319,0.532,0.552,0.491,0.669,0.365,0.315,0.725,0.214,-0.478,-0.071,0.492,0.797,0.635,0.075,0.321,0.604,0.653,0.301,0.505,-0.06,-0.098,0.831,0.196,0.63,0.384,0.664,-0.242,0.315,0.07,0.872,0.82,0.485,0.84,0.591,0.355,0.691,0.424,-0.392,0.479,0.789,0.432,-0.088,0.739,-0.148,0.751,0.799,0.848,0.667,0.063,0.134,0.392,0.642,0.266,0.332,0.344,0.456,0.509,0.045,-0.006,0.299,0.39,0.442,0.33,0.497,0.54,0.532,0.234,0.695,0.336
BRKR,-0.043,-0.33,0.674,0.309,0.899,0.15,0.742,-0.273,0.651,0.788,0.352,-0.458,0.538,0.522,0.532,0.762,0.733,0.614,0.567,0.371,0.474,0.395,0.747,0.791,0.749,0.0,0.477,0.82,0.41,0.821,0.658,0.544,0.055,0.732,0.683,-0.355,0.689,0.756,0.719,-0.262,0.696,0.574,0.646,0.8,0.361,0.823,0.06,0.796,-0.396,0.424,0.274,0.639,0.666,-0.11,0.46,0.28,0.563,0.709,0.808,0.633,0.495,0.538,0.469,0.448,0.503,0.828,-0.183,-0.582,-0.195,-0.184,0.829,0.768,0.587,0.551,0.494,0.102,-0.492,0.673,-0.329,0.808,0.608,0.142,0.662,0.599,0.395,0.49,-0.095,0.539,0.156,0.037,0.368,0.258,0.689,0.699,-0.555,-0.592,0.532,-0.232,-0.322,0.27,0.497,0.839,-0.595,0.794,0.447,0.845,0.647,0.781,0.451,0.874,0.359,0.453,0.225,0.793,0.389,0.376,0.627,0.754,-0.342,0.267,0.706,0.475,0.523,-0.137,-0.128,0.532,0.434,0.611,0.71,0.763,0.291,0.5,0.531,0.564,0.473,0.517,0.24,0.696,0.141,-0.698,-0.142,0.597,0.893,0.635,0.383,0.38,0.614,0.494,0.228,0.743,0.04,-0.185,0.71,0.271,0.771,0.335,0.51,-0.218,0.118,-0.095,0.823,0.835,0.502,0.71,0.568,0.299,0.758,0.494,-0.492,0.447,0.652,0.632,-0.136,0.502,0.074,0.803,0.785,0.699,0.702,0.183,0.431,0.37,0.772,0.201,0.282,0.416,0.673,0.721,-0.077,-0.035,0.287,0.385,0.223,0.047,0.594,0.665,0.336,0.222,0.608,0.437
CACC,0.014,0.36,0.541,0.484,0.446,-0.3,0.222,0.482,-0.006,0.404,0.1,0.105,0.849,0.202,0.866,0.691,0.465,0.855,0.711,0.668,0.873,-0.453,0.128,0.287,0.607,0.477,0.0,0.609,0.428,0.354,0.084,-0.068,0.567,0.861,0.457,-0.681,0.388,0.304,0.384,-0.344,0.68,-0.173,-0.013,0.584,0.733,0.62,0.671,0.499,-0.207,0.778,0.852,0.76,0.581,-0.046,0.654,-0.469,0.075,-0.007,0.587,0.558,0.73,0.707,0.324,0.902,0.751,0.31,0.181,0.131,0.54,0.608,0.359,0.725,0.02,0.2,0.719,0.581,0.123,0.767,0.367,0.567,0.817,0.143,0.064,-0.029,0.613,0.603,0.398,-0.109,-0.41,0.518,-0.263,0.84,0.112,0.689,-0.137,-0.207,0.682,0.466,-0.01,-0.421,-0.13,0.369,0.045,0.549,0.813,0.358,0.68,0.294,0.12,0.243,0.35,0.657,0.811,0.179,0.05,0.627,-0.056,0.378,0.375,0.737,0.547,-0.225,-0.255,0.445,0.404,0.375,-0.396,0.251,0.669,0.804,-0.323,0.248,0.601,-0.218,0.871,-0.091,-0.411,0.103,-0.497,-0.542,0.522,-0.193,0.546,0.625,0.076,-0.385,0.555,0.816,-0.257,0.416,0.452,-0.472,0.811,0.78,0.085,0.816,0.346,0.498,-0.241,-0.529,0.577,0.557,0.89,0.315,0.287,-0.277,0.098,-0.2,0.287,0.728,0.604,0.452,0.597,0.777,-0.396,0.757,0.275,0.279,0.303,-0.365,0.4,-0.39,0.51,0.833,0.862,0.815,0.317,0.517,0.36,0.333,-0.433,0.553,0.553,0.704,-0.026,0.015,0.475,-0.484,0.076,0.697
CAR,-0.074,-0.287,0.787,0.472,0.904,0.282,0.853,-0.256,0.721,0.914,0.484,-0.469,0.726,0.502,0.694,0.874,0.847,0.766,0.776,0.587,0.554,0.237,0.82,0.891,0.842,0.82,0.609,0.0,0.593,0.92,0.683,0.536,0.289,0.87,0.889,-0.427,0.715,0.873,0.828,-0.392,0.82,0.612,0.668,0.86,0.429,0.901,0.132,0.921,-0.488,0.629,0.356,0.794,0.78,-0.097,0.516,0.293,0.687,0.719,0.879,0.736,0.673,0.591,0.432,0.581,0.682,0.862,-0.0,-0.553,-0.156,-0.031,0.882,0.912,0.647,0.551,0.539,0.315,-0.442,0.715,-0.295,0.796,0.719,0.302,0.683,0.688,0.544,0.693,0.086,0.479,0.093,0.075,0.333,0.295,0.615,0.794,-0.541,-0.669,0.665,-0.149,-0.177,0.199,0.47,0.854,-0.584,0.887,0.604,0.848,0.767,0.899,0.516,0.805,0.565,0.565,0.266,0.797,0.508,0.504,0.696,0.875,-0.129,0.472,0.763,0.466,0.242,-0.063,0.018,0.603,0.37,0.67,0.879,0.758,0.247,0.669,0.683,0.57,0.589,0.482,0.255,0.786,0.21,-0.696,-0.092,0.563,0.858,0.773,0.317,0.381,0.778,0.655,0.312,0.728,-0.112,-0.119,0.793,0.326,0.798,0.581,0.681,-0.204,0.195,-0.035,0.956,0.921,0.653,0.826,0.722,0.414,0.782,0.469,-0.463,0.598,0.789,0.634,0.082,0.589,0.065,0.848,0.87,0.791,0.717,0.244,0.413,0.343,0.786,0.225,0.414,0.539,0.749,0.812,0.102,0.079,0.299,0.461,0.263,0.217,0.706,0.635,0.469,0.248,0.638,0.548
CDNA,0.163,0.289,0.771,0.736,0.579,0.408,0.486,0.086,0.461,0.526,0.718,0.112,0.774,0.02,0.629,0.623,0.596,0.733,0.782,0.285,0.409,-0.174,0.403,0.499,0.406,0.41,0.428,0.593,0.0,0.48,0.317,0.197,0.689,0.499,0.735,-0.559,0.443,0.556,0.538,-0.227,0.622,0.275,0.366,0.597,0.666,0.62,0.399,0.557,0.222,0.691,0.36,0.738,0.729,0.332,0.256,-0.019,0.472,0.209,0.478,0.286,0.728,0.154,0.06,0.528,0.699,0.506,0.603,0.003,0.188,0.31,0.412,0.627,0.475,-0.009,0.403,0.607,-0.283,0.387,0.071,0.46,0.678,0.709,0.391,0.275,0.558,0.808,0.635,-0.195,0.422,0.426,0.043,0.333,0.01,0.371,0.036,-0.579,0.725,0.351,0.451,-0.246,-0.209,0.506,-0.039,0.38,0.672,0.366,0.673,0.499,0.279,0.254,0.791,0.73,0.24,0.252,0.638,0.733,0.29,0.35,0.382,0.553,0.646,0.11,0.033,0.466,0.379,0.152,-0.069,0.475,0.741,0.345,-0.02,0.684,0.82,0.253,0.561,-0.025,0.102,0.36,0.14,-0.448,0.26,0.121,0.43,0.673,0.23,0.13,0.799,0.725,0.141,0.391,0.066,0.043,0.39,0.266,0.411,0.646,0.423,0.148,0.158,-0.007,0.594,0.369,0.631,0.577,0.662,0.204,0.32,-0.081,0.011,0.711,0.677,0.165,0.439,0.543,0.223,0.384,0.467,0.411,0.72,0.166,0.48,-0.031,0.219,0.11,0.544,0.622,0.674,0.678,0.66,0.652,0.244,0.606,0.038,0.492,0.446,-0.007,0.535,0.182,0.204,0.749
CG,-0.005,-0.571,0.69,0.375,0.899,0.485,0.947,-0.543,0.85,0.963,0.488,-0.609,0.477,0.6,0.442,0.757,0.801,0.539,0.637,0.444,0.281,0.54,0.923,0.974,0.84,0.821,0.354,0.92,0.48,0.0,0.791,0.74,0.028,0.682,0.787,-0.2,0.796,0.956,0.9,-0.227,0.703,0.786,0.868,0.758,0.178,0.801,-0.201,0.889,-0.582,0.401,0.02,0.67,0.661,-0.161,0.287,0.552,0.786,0.904,0.863,0.709,0.506,0.387,0.343,0.317,0.527,0.873,-0.096,-0.733,-0.466,-0.375,0.883,0.771,0.781,0.651,0.298,0.024,-0.593,0.628,-0.568,0.735,0.482,0.266,0.802,0.874,0.347,0.56,-0.117,0.672,0.242,-0.195,0.621,-0.043,0.692,0.65,-0.605,-0.675,0.449,-0.439,-0.284,0.507,0.685,0.862,-0.794,0.834,0.342,0.922,0.575,0.974,0.539,0.921,0.421,0.333,-0.054,0.935,0.603,0.288,0.879,0.913,-0.321,0.182,0.643,0.718,0.377,-0.338,-0.252,0.574,0.663,0.671,0.76,0.586,0.427,0.723,0.491,0.798,0.352,0.652,0.55,0.949,0.438,-0.593,-0.358,0.799,0.849,0.635,0.307,0.643,0.672,0.442,0.541,0.661,-0.286,0.072,0.662,-0.003,0.909,0.268,0.671,-0.507,0.388,0.196,0.931,0.88,0.359,0.883,0.733,0.639,0.942,0.693,-0.714,0.357,0.712,0.56,-0.202,0.42,0.178,0.742,0.97,0.891,0.739,0.418,0.247,0.646,0.747,-0.056,0.105,0.241,0.702,0.699,-0.076,-0.127,0.579,0.268,0.125,-0.027,0.815,0.769,0.352,0.523,0.787,0.299
CGBD,0.17,-0.533,0.432,0.33,0.704,0.566,0.863,-0.648,0.689,0.797,0.397,-0.53,0.238,0.649,0.23,0.583,0.787,0.351,0.514,0.432,0.136,0.686,0.775,0.8,0.672,0.658,0.084,0.683,0.317,0.791,0.0,0.555,-0.005,0.34,0.654,-0.017,0.645,0.792,0.738,-0.157,0.663,0.768,0.825,0.57,0.113,0.474,-0.266,0.649,-0.314,0.306,-0.102,0.499,0.382,0.23,0.292,0.707,0.539,0.82,0.766,0.574,0.419,0.199,0.192,0.194,0.425,0.802,-0.157,-0.608,-0.575,-0.452,0.682,0.504,0.812,0.714,-0.007,-0.136,-0.374,0.513,-0.632,0.623,0.337,0.22,0.811,0.834,0.448,0.515,-0.157,0.673,0.362,-0.099,0.555,-0.233,0.519,0.614,-0.453,-0.334,0.116,-0.47,-0.27,0.633,0.664,0.803,-0.652,0.636,0.039,0.706,0.263,0.799,0.725,0.77,0.192,0.111,-0.181,0.744,0.566,-0.025,0.749,0.815,-0.355,-0.111,0.308,0.672,0.654,-0.279,-0.083,0.786,0.714,0.495,0.534,0.29,0.664,0.6,0.47,0.723,0.264,0.463,0.59,0.798,0.676,-0.196,-0.48,0.702,0.67,0.528,0.329,0.605,0.439,0.286,0.47,0.386,-0.538,0.167,0.388,-0.203,0.838,0.085,0.721,-0.646,0.61,0.479,0.729,0.699,0.145,0.862,0.681,0.583,0.741,0.54,-0.683,0.212,0.637,0.249,-0.467,0.386,0.226,0.347,0.845,0.819,0.688,0.558,-0.034,0.667,0.478,-0.284,-0.125,-0.038,0.446,0.434,-0.194,-0.039,0.587,0.379,0.255,-0.02,0.705,0.746,0.431,0.578,0.857,0.045
