,ACET,ADAP,ADI,ADPT,ADTN,AGEN,ALGN,ALLK,AMD,AMWD,ARDX,ARQT,ASTE,AUPH,AVXL,AZTA,BAND,BECN,BFC,BGC,BHF,BHFAL,BKNG,BL,BOKF,BRKR,CACC,CAR,CDNA,CG,CGBD,CHI,CHTR,CHX,CLNE,CME,CNOB,CNXN,CPRX,CSGP,CSGS,CSIQ,CVCO,CVLT,CYRX,DDOG,DOOO,DSGX,DTIL,ECPG,EEFT,EFSC,ENTG,ESPR,ETSY,EXC,FAMI,FFIV,FITB,FIZZ,FMBH,FOX,FTNT,FULT,GABC,GEN,GH,GMAB,GNPX,GO,GOGL,GOOG,GPRO,GSHD,GSM,GWAV,HAIN,HBAN,HEPA,HURN,HWKN,IBIO,ICFI,IGMS,IMKTA,INCY,INO,IRDM,IRTC,IRWD,ITCI,JACK,JD,JJSF,KALA,KHC,KLAC,KRRO,KRYS,LANC,LBTYA,LIVN,LKCO,LNTH,LOGI,LPRO,LRCX,LSCC,LSTR,MAR,MARA,MCHP,MEOH,META,MGTX,MKSI,MMYT,MORN,MRUS,MTLS,MTSI,MVIS,MXL,NBIX,NFE,NMIH,NMRK,NNDM,NSIT,NTCT,NVAX,OCUL,ODP,OLED,ONB,OTEX,PACB,PATK,PAYX,PEP,PERI,PI,PLYA,PRDO,PRGS,PTGX,QCOM,QCRH,QDEL,QFIN,RGEN,RILY,RPAY,RPD,SABR,SEDG,SHEN,SIRI,SLNO,SNDL,SNEX,SONO,SPT,SSNC,STGW,STKL,STRL,STX,SWTX,SYNA,TFSL,TIGR,TNXP,TOWN,TRI,TRIP,TRMB,TRNS,TRS,TSCO,TSEM,TVTX,TXRH,VC,VCEL,VECO,VIAV,VICR,VIR,VRTX,VSTM,VTRS,WDFC,WSBC,WSC,WYNN,XENE,XNCR,XRAY,ZS
ACET,0.0,0.745,-0.704,-0.669,0.158,-0.582,0.158,-0.173,0.555,-0.628,0.909,0.716,-0.868,-0.67,-0.768,0.092,-0.179,-0.644,-0.875,0.05,-0.652,0.678,-0.129,-0.707,-0.705,-0.58,0.21,-0.799,-0.156,-0.736,0.709,-0.208,-0.842,-0.909,-0.745,-0.866,-0.324,-0.816,-0.522,-0.762,-0.793,-0.683,-0.795,-0.559,-0.69,0.026,-0.219,-0.025,0.902,-0.548,-0.467,-0.65,-0.679,0.493,-0.831,0.623,-0.09,-0.464,0.128,-0.198,-0.773,0.837,0.769,-0.644,-0.835,-0.232,-0.629,-0.086,0.18,-0.534,0.573,0.5,-0.789,-0.638,-0.759,0.898,0.53,-0.155,-0.608,0.742,-0.835,-0.664,-0.689,0.913,0.143,0.177,0.96,-0.751,0.551,0.721,-0.214,-0.673,-0.715,-0.878,0.631,0.733,-0.542,-0.69,0.559,0.528,0.879,-0.151,-0.699,-0.21,0.554,-0.765,-0.464,-0.728,-0.402,0.631,-0.378,-0.7,-0.81,0.707,0.05,0.355,0.089,-0.693,0.911,-0.711,-0.797,-0.467,-0.643,0.545,-0.571,-0.578,-0.701,-0.768,0.179,-0.359,-0.593,0.329,-0.772,-0.803,-0.626,-0.296,-0.849,-0.351,-0.374,-0.369,-0.821,-0.474,-0.525,-0.595,-0.351,0.868,-0.459,-0.836,-0.451,-0.043,-0.639,0.637,-0.575,-0.654,-0.377,-0.853,-0.69,-0.597,0.706,-0.053,-0.648,-0.533,-0.497,-0.314,-0.053,0.546,-0.692,-0.466,0.886,-0.816,-0.819,-0.55,-0.724,-0.776,0.546,-0.807,-0.629,-0.827,-0.86,0.772,-0.675,0.402,-0.405,-0.851,0.598,-0.767,0.475,-0.797,0.393,0.867,0.896,0.858,0.723,-0.769,-0.752,0.661,0.458,-0.506,0.854,0.442
ADAP,0.745,0.0,-0.612,-0.434,0.522,-0.133,0.119,0.085,0.28,-0.63,0.512,0.914,-0.715,-0.457,-0.732,0.08,0.302,-0.341,-0.668,0.335,-0.373,0.314,-0.327,-0.747,-0.285,-0.633,0.55,-0.712,0.154,-0.606,0.662,-0.255,-0.456,-0.755,-0.399,-0.633,-0.205,-0.766,-0.118,-0.71,-0.721,-0.289,-0.6,-0.726,-0.464,-0.377,0.263,-0.403,0.711,-0.318,-0.394,-0.272,-0.667,0.551,-0.643,0.861,0.322,-0.641,0.402,0.219,-0.426,0.599,0.486,-0.389,-0.69,-0.6,-0.37,0.309,0.561,-0.565,0.618,0.071,-0.706,-0.778,-0.444,0.825,0.655,0.252,-0.335,0.478,-0.704,-0.322,-0.701,0.762,0.609,0.609,0.842,-0.458,0.311,0.843,0.278,-0.225,-0.321,-0.763,0.301,0.871,-0.603,-0.575,0.547,0.126,0.773,-0.161,-0.687,0.354,0.464,-0.383,-0.546,-0.681,-0.678,0.496,0.024,-0.693,-0.616,0.326,0.408,0.328,-0.098,-0.531,0.713,-0.553,-0.78,-0.092,-0.367,0.748,-0.258,-0.299,-0.229,-0.456,-0.383,-0.731,-0.274,0.723,-0.461,-0.686,-0.311,-0.299,-0.533,-0.233,-0.656,0.151,-0.571,-0.51,-0.165,-0.359,-0.647,0.628,-0.516,-0.546,-0.171,0.427,-0.584,0.574,-0.191,-0.814,-0.171,-0.665,-0.245,-0.093,0.356,0.499,-0.105,-0.446,-0.767,-0.148,0.224,0.505,-0.446,-0.545,0.852,-0.751,-0.581,-0.042,-0.606,-0.472,0.521,-0.431,-0.37,-0.456,-0.698,0.537,-0.357,0.524,-0.131,-0.767,0.129,-0.75,0.314,-0.635,0.512,0.604,0.506,0.857,0.255,-0.398,-0.709,0.841,0.766,-0.073,0.77,-0.045
ADI,-0.704,-0.612,0.0,0.841,0.179,0.572,0.48,0.283,-0.191,0.904,-0.523,-0.702,0.88,0.754,0.887,0.443,0.381,0.681,0.84,0.099,0.718,-0.213,0.692,0.925,0.693,0.896,0.122,0.855,0.515,0.918,-0.613,0.703,0.757,0.814,0.785,0.852,0.719,0.901,0.547,0.95,0.837,0.712,0.923,0.845,0.712,0.432,0.366,0.417,-0.612,0.805,0.812,0.695,0.966,0.032,0.782,-0.541,-0.075,0.804,0.095,-0.136,0.763,-0.714,-0.381,0.836,0.722,0.603,0.795,0.222,-0.308,0.345,-0.646,-0.039,0.911,0.829,0.847,-0.748,-0.175,0.263,0.78,-0.393,0.87,0.66,0.548,-0.615,-0.416,-0.404,-0.711,0.867,-0.073,-0.807,0.379,0.409,0.686,0.821,-0.275,-0.767,0.855,0.481,-0.014,-0.289,-0.609,0.682,0.742,0.044,-0.017,0.764,0.856,0.973,0.72,-0.186,0.504,0.977,0.832,-0.254,0.106,0.254,0.073,0.935,-0.655,0.908,0.947,0.59,0.892,-0.452,0.754,0.595,0.74,0.802,0.012,0.682,0.469,-0.177,0.837,0.965,0.75,0.789,0.753,0.752,0.346,0.06,0.91,0.595,0.733,0.381,0.476,-0.417,0.867,0.836,0.629,0.197,0.912,-0.66,0.682,0.9,0.615,0.845,0.55,0.557,-0.287,0.069,0.502,0.865,0.788,0.783,0.452,-0.244,0.871,0.751,-0.674,0.937,0.875,0.485,0.581,0.816,-0.38,0.692,0.876,0.805,0.809,-0.593,0.674,-0.041,0.769,0.92,-0.155,0.811,0.108,0.962,-0.053,-0.709,-0.61,-0.82,-0.407,0.819,0.932,-0.695,-0.249,0.236,-0.393,0.137
ADPT,-0.669,-0.434,0.841,0.0,0.359,0.836,0.521,0.626,-0.506,0.684,-0.592,-0.443,0.892,0.878,0.836,0.226,0.614,0.791,0.744,-0.074,0.918,-0.37,0.44,0.741,0.877,0.82,0.332,0.858,0.742,0.901,-0.436,0.531,0.832,0.828,0.881,0.741,0.753,0.865,0.623,0.866,0.691,0.914,0.895,0.582,0.864,0.069,0.469,0.015,-0.462,0.781,0.736,0.905,0.783,0.053,0.881,-0.249,0.204,0.457,0.4,0.193,0.843,-0.766,-0.479,0.931,0.797,0.35,0.902,0.599,-0.042,0.408,-0.706,-0.249,0.88,0.587,0.904,-0.762,-0.096,0.593,0.901,-0.606,0.898,0.917,0.449,-0.531,-0.132,-0.034,-0.645,0.932,-0.144,-0.642,0.517,0.659,0.884,0.735,-0.544,-0.617,0.547,0.674,-0.117,-0.611,-0.673,0.587,0.796,0.412,-0.072,0.831,0.567,0.865,0.428,-0.397,0.798,0.82,0.9,-0.469,0.209,0.077,-0.273,0.825,-0.669,0.92,0.75,0.841,0.872,-0.493,0.891,0.581,0.845,0.937,-0.276,0.455,0.767,0.106,0.847,0.858,0.908,0.712,0.897,0.702,0.229,0.22,0.88,0.263,0.846,0.276,0.08,-0.462,0.557,0.911,0.708,0.332,0.88,-0.567,0.904,0.716,0.731,0.911,0.781,0.727,-0.544,0.319,0.689,0.914,0.579,0.776,0.373,-0.453,0.783,0.443,-0.619,0.879,0.932,0.76,0.615,0.927,-0.597,0.794,0.934,0.826,0.829,-0.769,0.809,0.039,0.728,0.818,-0.438,0.515,-0.026,0.892,0.069,-0.824,-0.758,-0.665,-0.64,0.914,0.844,-0.482,-0.157,0.46,-0.333,-0.136
ADTN,0.158,0.522,0.179,0.359,0.0,0.503,0.554,0.425,-0.019,0.118,0.041,0.451,0.044,0.204,-0.049,0.432,0.7,0.244,0.015,0.457,0.289,0.092,0.246,-0.027,0.371,0.131,0.837,0.009,0.76,0.101,0.093,0.281,0.284,-0.063,0.384,0.11,0.43,0.004,0.531,0.072,-0.01,0.44,0.245,-0.06,0.157,-0.21,0.693,-0.183,0.265,0.456,0.328,0.427,0.077,0.645,0.043,0.618,0.398,-0.044,0.532,0.25,0.246,0.019,0.19,0.42,-0.086,-0.09,0.377,0.655,0.379,-0.14,0.066,0.061,0.096,-0.101,0.357,0.249,0.715,0.568,0.423,0.162,0.067,0.363,-0.127,0.229,0.457,0.458,0.27,0.38,0.161,0.231,0.762,0.176,0.357,-0.023,-0.038,0.335,0.001,-0.171,0.606,-0.204,0.299,0.463,-0.096,0.522,0.366,0.372,0.051,0.138,-0.101,0.249,0.567,0.062,0.135,0.005,0.715,0.532,-0.123,0.245,0.201,0.27,-0.007,0.445,0.436,0.409,0.516,0.248,0.507,0.265,-0.488,-0.201,0.241,0.811,0.345,0.114,0.422,0.351,0.175,0.52,-0.496,0.389,0.213,-0.126,0.578,0.083,-0.36,0.345,0.111,0.2,0.533,0.645,0.214,0.125,0.529,-0.103,0.342,0.116,0.405,0.484,0.06,0.713,0.43,0.313,-0.169,0.535,0.694,0.343,0.37,0.051,0.355,0.028,0.193,0.408,-0.121,0.283,0.118,0.149,0.446,0.317,-0.013,-0.093,0.232,0.656,0.539,0.034,-0.004,-0.139,0.529,0.189,0.712,-0.002,-0.05,0.263,-0.101,0.358,0.104,0.357,0.642,0.383,0.52,-0.031
AGEN,-0.582,-0.133,0.572,0.836,0.503,0.0,0.328,0.723,-0.713,0.398,-0.687,-0.117,0.723,0.753,0.534,-0.004,0.71,0.758,0.586,0.075,0.865,-0.516,0.089,0.387,0.911,0.492,0.495,0.664,0.754,0.642,-0.354,0.204,0.818,0.693,0.85,0.601,0.57,0.62,0.719,0.62,0.494,0.954,0.73,0.201,0.778,-0.379,0.629,-0.362,-0.359,0.635,0.526,0.913,0.449,0.036,0.781,0.084,0.56,0.061,0.483,0.55,0.794,-0.688,-0.581,0.832,0.648,-0.063,0.815,0.777,0.225,0.37,-0.522,-0.492,0.66,0.243,0.83,-0.576,0.023,0.74,0.824,-0.645,0.731,0.928,0.368,-0.437,0.327,0.386,-0.499,0.85,-0.361,-0.335,0.683,0.807,0.925,0.56,-0.683,-0.264,0.179,0.639,-0.165,-0.782,-0.551,0.312,0.57,0.743,-0.204,0.844,0.19,0.572,0.054,-0.509,0.816,0.504,0.803,-0.688,0.431,-0.1,-0.454,0.582,-0.63,0.734,0.455,0.841,0.733,-0.287,0.871,0.547,0.873,0.866,-0.623,0.019,0.846,0.408,0.791,0.622,0.864,0.439,0.867,0.554,-0.058,0.55,0.742,-0.044,0.842,0.302,-0.296,-0.463,0.201,0.819,0.694,0.551,0.603,-0.374,0.945,0.356,0.6,0.788,0.914,0.826,-0.708,0.601,0.874,0.691,0.141,0.566,0.336,-0.406,0.643,0.096,-0.462,0.621,0.8,0.902,0.508,0.849,-0.607,0.768,0.815,0.805,0.69,-0.797,0.809,0.12,0.573,0.594,-0.669,0.238,-0.157,0.682,0.198,-0.789,-0.811,-0.411,-0.808,0.861,0.6,-0.166,0.053,0.716,-0.283,-0.5
ALGN,0.158,0.119,0.48,0.521,0.554,0.328,0.0,0.488,0.139,0.436,0.259,-0.004,0.267,0.4,0.32,0.608,0.471,0.37,0.126,0.069,0.452,0.278,0.682,0.364,0.306,0.578,0.652,0.306,0.74,0.432,0.173,0.666,0.113,0.101,0.304,0.11,0.747,0.302,0.202,0.374,0.137,0.343,0.385,0.317,0.391,0.414,0.444,0.272,0.249,0.531,0.65,0.404,0.475,0.605,0.234,0.155,-0.04,0.36,0.531,-0.243,0.218,-0.044,0.358,0.513,0.134,0.442,0.513,0.51,0.015,-0.24,-0.301,0.412,0.333,0.287,0.376,-0.037,0.324,0.487,0.461,0.126,0.279,0.339,-0.165,0.293,-0.221,-0.13,0.173,0.411,0.591,-0.202,0.395,0.031,0.275,0.018,0.128,-0.196,0.387,0.007,0.519,-0.132,0.114,0.789,0.26,0.095,0.57,0.244,0.493,0.454,0.378,0.373,0.531,0.461,0.3,0.333,0.312,0.663,-0.124,0.451,0.123,0.517,0.278,0.448,0.536,-0.065,0.471,0.249,0.317,0.319,-0.039,0.393,0.191,0.294,0.304,0.349,0.47,0.807,0.179,0.671,-0.09,-0.331,0.278,0.063,0.546,-0.264,0.008,0.311,0.48,0.287,0.438,0.29,0.581,-0.206,0.47,0.388,0.656,0.248,0.108,0.243,0.217,0.202,0.077,0.692,0.382,0.785,0.527,0.158,0.362,0.295,0.107,0.346,0.348,0.234,-0.097,0.356,-0.053,0.192,0.562,0.165,0.175,-0.069,0.264,0.406,0.639,0.254,0.246,0.042,0.58,0.397,0.417,-0.091,0.056,-0.025,0.068,0.346,0.378,-0.075,0.235,-0.197,0.497,0.498
ALLK,-0.173,0.085,0.283,0.626,0.425,0.723,0.488,0.0,-0.67,0.127,-0.268,0.105,0.446,0.6,0.289,-0.183,0.589,0.509,0.226,-0.257,0.719,-0.257,0.039,0.111,0.693,0.367,0.542,0.498,0.648,0.47,0.03,0.087,0.446,0.408,0.465,0.118,0.541,0.328,0.3,0.367,0.094,0.697,0.39,-0.066,0.617,-0.375,0.363,-0.38,0.066,0.386,0.249,0.73,0.171,0.095,0.59,0.307,0.537,-0.138,0.778,0.579,0.518,-0.322,-0.3,0.627,0.463,-0.017,0.635,0.907,0.312,0.216,-0.526,-0.309,0.387,-0.051,0.469,-0.314,0.17,0.847,0.626,-0.51,0.468,0.738,0.086,-0.002,0.316,0.448,-0.113,0.553,-0.109,-0.028,0.389,0.645,0.67,0.162,-0.564,-0.056,-0.103,0.477,-0.127,-0.653,-0.362,0.227,0.524,0.607,0.144,0.447,-0.047,0.294,-0.182,-0.299,0.692,0.266,0.51,-0.418,0.196,-0.095,-0.531,0.207,-0.329,0.441,0.09,0.778,0.368,-0.34,0.594,0.166,0.501,0.597,-0.382,-0.006,0.783,0.421,0.381,0.296,0.729,0.435,0.555,0.395,0.042,0.25,0.387,-0.313,0.564,-0.265,-0.438,-0.196,-0.059,0.532,0.335,0.411,0.44,-0.012,0.745,0.157,0.567,0.508,0.565,0.544,-0.535,0.358,0.496,0.618,0.048,0.493,0.097,-0.465,0.189,-0.294,-0.202,0.374,0.523,0.751,0.349,0.567,-0.66,0.453,0.569,0.362,0.433,-0.508,0.656,0.164,0.311,0.281,-0.536,-0.204,0.058,0.331,0.292,-0.544,-0.499,-0.078,-0.544,0.538,0.372,0.079,-0.01,0.426,0.049,-0.296
AMD,0.555,0.28,-0.191,-0.506,-0.019,-0.713,0.139,-0.67,0.0,-0.069,0.714,0.144,-0.562,-0.488,-0.299,0.568,-0.284,-0.45,-0.374,0.337,-0.668,0.618,0.337,-0.082,-0.692,-0.197,-0.086,-0.53,-0.256,-0.374,0.313,0.222,-0.612,-0.628,-0.54,-0.313,-0.167,-0.429,-0.359,-0.369,-0.324,-0.68,-0.419,0.066,-0.571,0.658,-0.146,0.549,0.362,-0.213,-0.081,-0.663,-0.07,0.397,-0.686,-0.004,-0.597,0.249,-0.287,-0.75,-0.571,0.521,0.706,-0.511,-0.601,0.177,-0.492,-0.566,-0.158,-0.574,0.511,0.641,-0.457,-0.029,-0.485,0.579,0.213,-0.53,-0.51,0.801,-0.572,-0.72,-0.494,0.486,-0.376,-0.447,0.529,-0.535,0.673,0.219,-0.189,-0.774,-0.724,-0.427,0.85,0.211,0.209,-0.736,0.645,0.732,0.685,0.203,-0.546,-0.558,0.503,-0.55,0.238,-0.239,0.161,0.847,-0.454,-0.191,-0.638,0.823,-0.049,0.67,0.543,-0.12,0.696,-0.38,-0.177,-0.548,-0.249,0.542,-0.482,-0.284,-0.493,-0.614,0.42,0.075,-0.834,-0.109,-0.472,-0.323,-0.584,-0.034,-0.711,-0.137,-0.14,-0.535,-0.442,0.362,-0.413,-0.175,0.377,0.638,0.243,-0.603,-0.329,-0.211,-0.291,0.104,-0.644,-0.162,-0.239,-0.636,-0.73,-0.512,0.922,-0.206,-0.653,-0.368,0.036,-0.054,0.21,0.675,-0.212,0.286,0.565,-0.411,-0.556,-0.691,-0.557,-0.606,0.852,-0.55,-0.442,-0.51,-0.608,0.788,-0.621,0.272,0.021,-0.383,0.826,0.022,0.481,-0.34,0.034,0.729,0.778,0.311,0.769,-0.545,-0.347,0.115,0.36,-0.695,0.506,0.724
AMWD,-0.628,-0.63,0.904,0.684,0.118,0.398,0.436,0.127,-0.069,0.0,-0.428,-0.703,0.777,0.554,0.805,0.511,0.171,0.545,0.823,0.208,0.567,-0.103,0.787,0.919,0.524,0.815,0.091,0.724,0.411,0.798,-0.615,0.73,0.633,0.708,0.671,0.807,0.67,0.849,0.537,0.851,0.844,0.536,0.882,0.891,0.518,0.511,0.319,0.561,-0.603,0.799,0.835,0.572,0.919,0.046,0.624,-0.558,-0.234,0.874,-0.09,-0.246,0.64,-0.576,-0.205,0.745,0.614,0.698,0.648,0.042,-0.496,0.263,-0.51,0.172,0.828,0.919,0.724,-0.636,-0.174,0.069,0.619,-0.176,0.779,0.488,0.583,-0.571,-0.445,-0.506,-0.629,0.76,-0.011,-0.781,0.282,0.206,0.528,0.766,-0.109,-0.783,0.875,0.301,0.06,-0.126,-0.463,0.658,0.596,-0.153,0.015,0.705,0.869,0.886,0.831,-0.104,0.359,0.888,0.718,-0.083,0.144,0.333,0.253,0.864,-0.556,0.828,0.917,0.375,0.817,-0.364,0.619,0.651,0.645,0.63,0.155,0.756,0.251,-0.241,0.794,0.871,0.619,0.79,0.618,0.795,0.29,-0.022,0.787,0.647,0.677,0.48,0.634,-0.29,0.89,0.742,0.593,0.119,0.874,-0.659,0.541,0.885,0.504,0.736,0.419,0.421,-0.153,-0.089,0.391,0.761,0.787,0.698,0.526,-0.047,0.86,0.817,-0.584,0.841,0.765,0.269,0.398,0.712,-0.239,0.582,0.77,0.722,0.73,-0.508,0.531,-0.048,0.709,0.855,0.03,0.828,0.198,0.892,-0.013,-0.541,-0.453,-0.739,-0.192,0.699,0.876,-0.742,-0.282,0.145,-0.324,0.254
ARDX,0.909,0.512,-0.523,-0.592,0.041,-0.687,0.259,-0.268,0.714,-0.428,0.0,0.466,-0.745,-0.548,-0.559,0.231,-0.284,-0.57,-0.752,-0.028,-0.641,0.776,0.119,-0.451,-0.75,-0.337,0.083,-0.648,-0.19,-0.57,0.617,-0.009,-0.84,-0.8,-0.729,-0.774,-0.195,-0.652,-0.589,-0.589,-0.66,-0.721,-0.679,-0.293,-0.601,0.354,-0.321,0.263,0.84,-0.467,-0.312,-0.666,-0.441,0.466,-0.747,0.385,-0.356,-0.157,0.039,-0.462,-0.758,0.798,0.85,-0.588,-0.722,0.084,-0.554,-0.226,0.051,-0.519,0.408,0.685,-0.645,-0.411,-0.702,0.78,0.407,-0.278,-0.541,0.771,-0.712,-0.693,-0.616,0.856,-0.187,-0.125,0.842,-0.709,0.737,0.528,-0.306,-0.777,-0.779,-0.756,0.744,0.496,-0.258,-0.665,0.592,0.63,0.787,0.082,-0.545,-0.445,0.627,-0.772,-0.181,-0.527,-0.135,0.742,-0.428,-0.48,-0.74,0.839,-0.111,0.474,0.223,-0.513,0.911,-0.575,-0.577,-0.486,-0.546,0.406,-0.566,-0.554,-0.735,-0.736,0.432,-0.049,-0.658,0.128,-0.736,-0.634,-0.601,-0.107,-0.854,-0.27,-0.152,-0.61,-0.735,-0.217,-0.557,-0.618,-0.052,0.837,-0.206,-0.78,-0.485,-0.247,-0.453,0.477,-0.627,-0.4,-0.248,-0.778,-0.787,-0.668,0.857,-0.245,-0.805,-0.383,-0.199,-0.17,-0.043,0.513,-0.612,-0.248,0.79,-0.624,-0.732,-0.681,-0.644,-0.748,0.558,-0.799,-0.567,-0.819,-0.767,0.808,-0.672,0.399,-0.31,-0.675,0.775,-0.547,0.556,-0.649,0.295,0.836,0.936,0.654,0.823,-0.756,-0.563,0.447,0.33,-0.685,0.77,0.696
ARQT,0.716,0.914,-0.702,-0.443,0.451,-0.117,-0.004,0.105,0.144,-0.703,0.466,0.0,-0.725,-0.454,-0.74,-0.119,0.182,-0.34,-0.681,0.202,-0.378,0.208,-0.458,-0.812,-0.299,-0.701,0.491,-0.721,0.128,-0.684,0.653,-0.414,-0.452,-0.733,-0.392,-0.671,-0.312,-0.77,-0.061,-0.754,-0.729,-0.272,-0.626,-0.79,-0.457,-0.523,0.236,-0.533,0.746,-0.376,-0.48,-0.262,-0.748,0.363,-0.614,0.891,0.411,-0.746,0.322,0.338,-0.438,0.577,0.427,-0.413,-0.661,-0.668,-0.374,0.308,0.512,-0.437,0.625,0.075,-0.742,-0.817,-0.46,0.788,0.543,0.21,-0.358,0.416,-0.7,-0.284,-0.66,0.733,0.693,0.743,0.803,-0.471,0.193,0.879,0.253,-0.173,-0.289,-0.743,0.241,0.899,-0.703,-0.49,0.451,0.025,0.732,-0.277,-0.676,0.404,0.281,-0.377,-0.666,-0.73,-0.727,0.323,0.036,-0.78,-0.604,0.223,0.464,0.193,-0.149,-0.61,0.685,-0.575,-0.829,-0.139,-0.432,0.729,-0.255,-0.29,-0.265,-0.474,-0.415,-0.784,-0.204,0.739,-0.465,-0.757,-0.32,-0.413,-0.493,-0.333,-0.694,0.237,-0.628,-0.606,-0.171,-0.303,-0.718,0.611,-0.639,-0.553,-0.192,0.392,-0.63,0.573,-0.178,-0.844,-0.223,-0.649,-0.191,-0.096,0.23,0.495,-0.073,-0.52,-0.85,-0.284,0.079,0.404,-0.502,-0.645,0.843,-0.768,-0.591,-0.034,-0.602,-0.49,0.425,-0.443,-0.442,-0.454,-0.692,0.437,-0.324,0.55,-0.248,-0.797,0.069,-0.804,0.203,-0.677,0.524,0.57,0.457,0.872,0.207,-0.422,-0.743,0.854,0.722,0.046,0.708,-0.162
ASTE,-0.868,-0.715,0.88,0.892,0.044,0.723,0.267,0.446,-0.562,0.777,-0.745,-0.725,0.0,0.831,0.913,0.095,0.362,0.753,0.866,-0.127,0.866,-0.478,0.421,0.839,0.833,0.843,0.017,0.946,0.445,0.926,-0.625,0.477,0.857,0.974,0.849,0.845,0.643,0.958,0.525,0.94,0.842,0.827,0.93,0.711,0.85,0.135,0.259,0.152,-0.713,0.702,0.695,0.825,0.842,-0.226,0.944,-0.543,0.073,0.582,0.133,0.131,0.854,-0.826,-0.616,0.869,0.899,0.469,0.827,0.337,-0.219,0.56,-0.761,-0.314,0.96,0.738,0.883,-0.918,-0.347,0.372,0.822,-0.697,0.98,0.823,0.691,-0.774,-0.277,-0.232,-0.866,0.906,-0.332,-0.818,0.297,0.652,0.831,0.879,-0.606,-0.812,0.643,0.757,-0.372,-0.533,-0.862,0.445,0.865,0.208,-0.272,0.819,0.632,0.905,0.559,-0.537,0.558,0.899,0.959,-0.559,-0.025,-0.143,-0.132,0.832,-0.857,0.905,0.879,0.686,0.806,-0.672,0.773,0.62,0.769,0.916,-0.082,0.597,0.722,-0.228,0.86,0.941,0.836,0.635,0.92,0.632,0.462,0.186,0.925,0.393,0.705,0.395,0.308,-0.695,0.617,0.949,0.608,0.124,0.877,-0.662,0.769,0.842,0.615,0.976,0.733,0.624,-0.619,0.064,0.64,0.848,0.699,0.624,0.201,-0.551,0.78,0.523,-0.849,0.966,0.957,0.637,0.758,0.927,-0.681,0.826,0.871,0.849,0.949,-0.826,0.766,-0.249,0.586,0.938,-0.469,0.708,-0.202,0.934,-0.164,-0.896,-0.84,-0.866,-0.659,0.89,0.921,-0.677,-0.429,0.444,-0.634,-0.17
AUPH,-0.67,-0.457,0.754,0.878,0.204,0.753,0.4,0.6,-0.488,0.554,-0.548,-0.454,0.831,0.0,0.792,0.091,0.548,0.873,0.713,-0.204,0.847,-0.442,0.283,0.672,0.839,0.776,0.223,0.891,0.616,0.854,-0.371,0.344,0.752,0.82,0.772,0.665,0.717,0.769,0.478,0.81,0.55,0.834,0.792,0.436,0.921,0.076,0.425,-0.086,-0.433,0.671,0.59,0.828,0.727,-0.192,0.901,-0.289,0.169,0.393,0.443,0.191,0.777,-0.769,-0.579,0.838,0.852,0.255,0.904,0.56,0.105,0.358,-0.747,-0.352,0.778,0.441,0.845,-0.768,-0.251,0.623,0.85,-0.685,0.827,0.839,0.345,-0.479,-0.146,-0.008,-0.637,0.818,-0.119,-0.543,0.471,0.758,0.752,0.693,-0.5,-0.541,0.496,0.727,-0.191,-0.678,-0.717,0.487,0.811,0.471,-0.176,0.699,0.495,0.802,0.288,-0.358,0.701,0.758,0.822,-0.561,0.069,-0.04,-0.385,0.755,-0.628,0.831,0.689,0.836,0.753,-0.491,0.804,0.458,0.727,0.871,-0.28,0.359,0.8,0.045,0.712,0.782,0.883,0.557,0.837,0.459,0.346,0.185,0.783,0.333,0.68,0.128,0.11,-0.53,0.473,0.833,0.491,0.105,0.766,-0.568,0.778,0.659,0.765,0.829,0.688,0.719,-0.537,0.277,0.566,0.822,0.517,0.697,0.166,-0.612,0.589,0.279,-0.637,0.848,0.887,0.682,0.691,0.82,-0.61,0.784,0.772,0.706,0.828,-0.671,0.793,0.08,0.653,0.795,-0.505,0.511,-0.18,0.795,-0.115,-0.864,-0.774,-0.696,-0.711,0.816,0.79,-0.426,-0.152,0.4,-0.428,-0.207
AVXL,-0.768,-0.732,0.887,0.836,-0.049,0.534,0.32,0.289,-0.299,0.805,-0.559,-0.74,0.913,0.792,0.0,0.235,0.283,0.702,0.817,-0.163,0.735,-0.31,0.548,0.92,0.674,0.857,-0.05,0.866,0.412,0.922,-0.556,0.604,0.73,0.879,0.759,0.783,0.655,0.936,0.435,0.92,0.794,0.684,0.872,0.812,0.763,0.386,0.188,0.321,-0.629,0.653,0.707,0.693,0.908,-0.174,0.827,-0.632,-0.161,0.705,0.065,-0.106,0.77,-0.79,-0.46,0.789,0.836,0.565,0.754,0.195,-0.322,0.473,-0.715,-0.124,0.898,0.791,0.798,-0.858,-0.386,0.218,0.766,-0.535,0.899,0.686,0.542,-0.69,-0.474,-0.399,-0.789,0.796,-0.117,-0.828,0.244,0.456,0.681,0.83,-0.354,-0.851,0.771,0.667,-0.218,-0.384,-0.757,0.532,0.833,0.041,-0.142,0.685,0.771,0.923,0.65,-0.374,0.498,0.922,0.851,-0.343,-0.094,0.044,0.018,0.879,-0.708,0.87,0.896,0.606,0.79,-0.584,0.7,0.557,0.66,0.829,0.067,0.703,0.539,-0.306,0.775,0.915,0.722,0.674,0.79,0.58,0.515,-0.012,0.856,0.542,0.621,0.34,0.447,-0.548,0.739,0.848,0.533,0.029,0.867,-0.73,0.626,0.892,0.62,0.866,0.557,0.48,-0.398,-0.022,0.459,0.815,0.793,0.653,0.227,-0.483,0.755,0.635,-0.748,0.946,0.886,0.474,0.674,0.821,-0.509,0.714,0.795,0.742,0.848,-0.677,0.64,-0.163,0.642,0.892,-0.263,0.761,-0.117,0.914,-0.215,-0.754,-0.672,-0.87,-0.477,0.796,0.906,-0.746,-0.363,0.225,-0.556,0.08
AZTA,0.092,0.08,0.443,0.226,0.432,-0.004,0.608,-0.183,0.568,0.511,0.231,-0.119,0.095,0.091,0.235,0.0,0.306,0.239,0.219,0.481,0.08,0.352,0.688,0.418,0.049,0.38,0.408,0.034,0.42,0.252,0.039,0.736,0.065,-0.04,0.219,0.254,0.541,0.197,0.232,0.251,0.256,0.039,0.321,0.451,0.084,0.64,0.404,0.491,0.023,0.527,0.649,0.113,0.49,0.575,-0.078,-0.043,-0.347,0.551,0.024,-0.526,0.093,0.043,0.445,0.263,-0.079,0.442,0.224,-0.021,-0.138,-0.378,0.053,0.475,0.204,0.406,0.301,0.11,0.3,0.014,0.185,0.411,0.102,-0.025,-0.147,0.161,-0.31,-0.369,0.123,0.202,0.558,-0.21,0.384,-0.26,-0.044,0.093,0.463,-0.171,0.606,-0.283,0.714,0.231,0.32,0.697,-0.071,-0.152,0.423,0.175,0.655,0.404,0.54,0.544,0.163,0.393,0.112,0.494,0.33,0.815,0.293,0.518,0.24,0.345,0.372,0.101,0.512,0.306,0.255,0.397,0.261,0.101,0.044,0.342,-0.262,0.126,0.286,0.324,0.144,0.556,-0.035,0.509,-0.174,-0.246,0.218,0.445,0.346,0.192,0.38,0.331,0.699,0.131,0.453,0.179,0.385,-0.311,0.113,0.315,0.392,0.029,-0.06,0.155,0.479,0.172,-0.012,0.344,0.343,0.604,0.726,0.606,0.468,0.641,0.173,0.206,0.174,-0.143,-0.234,0.177,0.449,0.078,0.344,0.178,0.031,0.192,-0.071,0.393,0.635,0.217,0.484,0.397,0.553,0.349,0.279,0.179,0.216,-0.085,0.253,0.221,0.248,-0.094,0.379,-0.29,0.362,0.575
BAND,-0.179,0.302,0.381,0.614,0.7,0.71,0.471,0.589,-0.284,0.171,-0.284,0.182,0.362,0.548,0.283,0.306,0.0,0.599,0.223,0.185,0.63,-0.226,0.082,0.16,0.706,0.288,0.692,0.319,0.734,0.469,0.047,0.324,0.521,0.284,0.6,0.282,0.603,0.249,0.453,0.335,0.131,0.681,0.41,-0.001,0.513,-0.216,0.631,-0.314,-0.045,0.506,0.363,0.673,0.269,0.411,0.395,0.345,0.462,-0.049,0.739,0.348,0.548,-0.337,-0.22,0.589,0.287,-0.157,0.632,0.788,0.53,0.005,-0.244,-0.396,0.37,-0.068,0.596,-0.171,0.425,0.802,0.656,-0.336,0.365,0.641,-0.069,-0.034,0.356,0.394,-0.063,0.555,0.026,-0.02,0.718,0.565,0.607,0.209,-0.382,0.079,0.084,0.283,0.248,-0.472,-0.153,0.378,0.269,0.718,0.225,0.515,0.133,0.337,-0.164,-0.024,0.696,0.304,0.45,-0.318,0.392,0.226,-0.35,0.442,-0.186,0.448,0.17,0.805,0.566,0.077,0.656,0.368,0.662,0.62,-0.575,-0.157,0.591,0.579,0.475,0.374,0.659,0.365,0.487,0.4,-0.167,0.412,0.496,-0.079,0.633,-0.009,-0.415,-0.123,0.15,0.49,0.568,0.616,0.345,-0.102,0.704,0.059,0.619,0.395,0.595,0.688,-0.303,0.78,0.63,0.514,-0.04,0.654,0.489,-0.11,0.424,0.025,-0.032,0.316,0.492,0.72,0.312,0.565,-0.2,0.482,0.636,0.502,0.321,-0.298,0.451,0.338,0.575,0.251,-0.452,0.016,0.083,0.401,0.359,-0.394,-0.437,-0.065,-0.527,0.619,0.287,0.221,0.444,0.422,0.117,-0.251
BECN,-0.644,-0.341,0.681,0.791,0.244,0.758,0.37,0.509,-0.45,0.545,-0.57,-0.34,0.753,0.873,0.702,0.239,0.599,0.0,0.707,-0.045,0.819,-0.525,0.216,0.593,0.822,0.625,0.377,0.738,0.639,0.758,-0.243,0.369,0.717,0.723,0.78,0.617,0.745,0.692,0.562,0.696,0.513,0.785,0.764,0.346,0.887,0.031,0.607,-0.167,-0.443,0.717,0.676,0.833,0.667,-0.145,0.792,-0.206,0.228,0.307,0.385,0.213,0.748,-0.687,-0.468,0.802,0.752,0.153,0.864,0.553,0.149,0.174,-0.585,-0.305,0.682,0.393,0.875,-0.661,-0.26,0.615,0.758,-0.627,0.752,0.785,0.237,-0.398,0.012,0.059,-0.557,0.747,-0.036,-0.462,0.59,0.743,0.697,0.583,-0.443,-0.461,0.481,0.663,-0.107,-0.74,-0.571,0.446,0.617,0.556,-0.204,0.725,0.478,0.722,0.271,-0.326,0.724,0.661,0.802,-0.506,0.253,0.037,-0.402,0.741,-0.565,0.794,0.62,0.773,0.8,-0.3,0.77,0.659,0.768,0.806,-0.439,0.231,0.709,0.139,0.744,0.702,0.834,0.527,0.777,0.461,0.118,0.23,0.708,0.283,0.732,0.248,0.057,-0.533,0.464,0.81,0.595,0.201,0.695,-0.625,0.763,0.539,0.828,0.732,0.698,0.776,-0.556,0.421,0.639,0.74,0.352,0.67,0.281,-0.398,0.62,0.285,-0.522,0.749,0.845,0.641,0.491,0.81,-0.464,0.803,0.726,0.71,0.755,-0.641,0.716,0.1,0.668,0.694,-0.541,0.505,-0.232,0.757,-0.081,-0.765,-0.745,-0.57,-0.743,0.821,0.667,-0.304,0.025,0.361,-0.383,-0.265
BFC,-0.875,-0.668,0.84,0.744,0.015,0.586,0.126,0.226,-0.374,0.823,-0.752,-0.681,0.866,0.713,0.817,0.219,0.223,0.707,0.0,0.111,0.689,-0.48,0.424,0.834,0.718,0.723,-0.024,0.825,0.358,0.815,-0.655,0.428,0.82,0.869,0.77,0.906,0.545,0.869,0.631,0.844,0.844,0.694,0.912,0.687,0.692,0.193,0.375,0.193,-0.772,0.759,0.671,0.719,0.835,-0.305,0.811,-0.573,0.015,0.662,-0.062,0.095,0.796,-0.789,-0.586,0.786,0.819,0.372,0.721,0.143,-0.305,0.377,-0.536,-0.219,0.821,0.763,0.831,-0.808,-0.393,0.208,0.672,-0.518,0.863,0.672,0.609,-0.752,-0.222,-0.239,-0.832,0.829,-0.333,-0.717,0.339,0.566,0.688,0.875,-0.395,-0.748,0.738,0.551,-0.237,-0.447,-0.706,0.375,0.69,0.162,-0.308,0.807,0.681,0.855,0.568,-0.391,0.481,0.818,0.812,-0.476,0.118,-0.002,0.014,0.827,-0.791,0.824,0.889,0.53,0.807,-0.402,0.673,0.678,0.775,0.781,-0.132,0.488,0.506,-0.218,0.856,0.869,0.732,0.55,0.822,0.583,0.298,0.27,0.851,0.601,0.681,0.575,0.503,-0.616,0.705,0.879,0.541,0.126,0.788,-0.72,0.63,0.773,0.484,0.848,0.644,0.664,-0.535,0.044,0.623,0.69,0.596,0.534,0.339,-0.329,0.802,0.611,-0.772,0.87,0.88,0.517,0.588,0.825,-0.412,0.799,0.731,0.853,0.875,-0.693,0.746,-0.138,0.639,0.897,-0.373,0.847,-0.176,0.893,-0.23,-0.799,-0.779,-0.849,-0.589,0.824,0.84,-0.677,-0.333,0.405,-0.617,-0.19
BGC,0.05,0.335,0.099,-0.074,0.457,0.075,0.069,-0.257,0.337,0.208,-0.028,0.202,-0.127,-0.204,-0.163,0.481,0.185,-0.045,0.111,0.0,-0.174,0.086,0.225,0.028,-0.021,-0.076,0.31,-0.209,0.199,-0.132,-0.184,0.139,0.119,-0.18,0.085,0.254,-0.057,-0.087,0.44,-0.038,0.186,0.033,0.109,0.095,-0.233,0.001,0.462,0.166,-0.044,0.295,0.234,-0.022,0.056,0.399,-0.217,0.27,0.13,0.179,-0.178,-0.043,0.004,0.098,0.179,0.042,-0.281,-0.105,-0.066,-0.081,0.019,-0.321,0.381,0.148,-0.067,0.075,0.074,0.278,0.408,-0.113,-0.073,0.477,-0.107,-0.093,0.048,0.044,0.235,0.085,0.114,0.103,0.062,0.139,0.399,-0.155,0.015,0.028,0.203,0.221,0.158,-0.449,0.469,0.236,0.402,0.212,-0.391,0.097,0.19,0.269,0.147,-0.006,0.087,0.374,-0.003,-0.036,-0.126,0.153,0.568,0.459,0.299,0.176,0.15,0.013,0.077,-0.124,0.217,0.56,0.069,0.283,0.281,-0.106,-0.22,-0.184,-0.318,0.405,0.206,0.052,-0.039,0.062,-0.075,0.321,-0.486,0.332,0.092,0.279,0.275,0.407,0.128,0.267,0.241,-0.016,0.232,0.491,-0.019,0.02,0.074,-0.118,-0.095,-0.093,0.148,0.235,0.243,0.392,0.254,-0.106,-0.154,0.149,0.609,0.671,0.363,0.301,0.258,-0.132,-0.075,0.039,-0.294,-0.041,0.559,0.08,0.1,0.24,-0.167,0.167,0.055,0.331,0.301,-0.021,0.221,0.194,0.374,0.089,0.303,0.184,0.111,0.117,0.116,0.067,-0.047,0.127,0.439,0.158,0.256,0.005
BHF,-0.652,-0.373,0.718,0.918,0.289,0.865,0.452,0.719,-0.668,0.567,-0.641,-0.378,0.866,0.847,0.735,0.08,0.63,0.819,0.689,-0.174,0.0,-0.495,0.272,0.593,0.933,0.704,0.377,0.829,0.675,0.836,-0.271,0.424,0.775,0.815,0.84,0.626,0.758,0.782,0.515,0.759,0.593,0.888,0.817,0.393,0.887,-0.085,0.458,-0.154,-0.454,0.687,0.647,0.942,0.651,-0.055,0.885,-0.175,0.306,0.272,0.505,0.359,0.821,-0.689,-0.511,0.892,0.813,0.234,0.89,0.683,0.079,0.369,-0.67,-0.367,0.818,0.449,0.869,-0.74,-0.157,0.728,0.852,-0.723,0.862,0.909,0.4,-0.474,0.016,0.107,-0.594,0.871,-0.211,-0.548,0.459,0.782,0.874,0.629,-0.664,-0.551,0.386,0.743,-0.244,-0.733,-0.702,0.412,0.758,0.518,-0.142,0.769,0.416,0.742,0.292,-0.48,0.783,0.716,0.909,-0.546,0.155,-0.084,-0.399,0.691,-0.689,0.847,0.613,0.876,0.782,-0.532,0.826,0.628,0.79,0.926,-0.357,0.337,0.872,0.097,0.786,0.749,0.925,0.631,0.891,0.61,0.229,0.253,0.778,0.068,0.791,0.179,-0.068,-0.556,0.39,0.908,0.671,0.309,0.782,-0.523,0.89,0.59,0.764,0.871,0.774,0.757,-0.682,0.325,0.734,0.865,0.422,0.697,0.263,-0.534,0.636,0.249,-0.626,0.805,0.908,0.801,0.615,0.933,-0.706,0.832,0.871,0.741,0.846,-0.786,0.774,-0.052,0.614,0.73,-0.61,0.377,-0.168,0.787,0.053,-0.838,-0.798,-0.57,-0.733,0.898,0.735,-0.35,-0.187,0.474,-0.351,-0.294
BHFAL,0.678,0.314,-0.213,-0.37,0.092,-0.516,0.278,-0.257,0.618,-0.103,0.776,0.208,-0.478,-0.442,-0.31,0.352,-0.226,-0.525,-0.48,0.086,-0.495,0.0,0.325,-0.165,-0.557,-0.117,0.026,-0.432,-0.112,-0.304,0.223,0.212,-0.51,-0.524,-0.445,-0.447,-0.072,-0.357,-0.358,-0.274,-0.307,-0.489,-0.374,0.037,-0.509,0.421,-0.335,0.442,0.58,-0.242,-0.104,-0.477,-0.194,0.583,-0.559,0.205,-0.38,0.105,-0.053,-0.431,-0.458,0.563,0.653,-0.329,-0.544,0.264,-0.43,-0.224,-0.163,-0.226,0.233,0.605,-0.318,-0.102,-0.485,0.566,0.481,-0.307,-0.287,0.7,-0.419,-0.506,-0.247,0.521,-0.26,-0.26,0.57,-0.432,0.507,0.262,-0.199,-0.748,-0.537,-0.388,0.662,0.292,-0.024,-0.533,0.565,0.685,0.599,0.206,-0.292,-0.5,0.614,-0.46,0.046,-0.248,0.113,0.56,-0.384,-0.198,-0.486,0.72,-0.091,0.494,0.398,-0.261,0.654,-0.355,-0.267,-0.361,-0.309,0.262,-0.317,-0.392,-0.463,-0.49,0.503,0.163,-0.568,0.069,-0.429,-0.312,-0.424,0.069,-0.63,-0.022,-0.028,-0.439,-0.383,-0.084,-0.351,-0.286,0.098,0.762,0.045,-0.508,-0.267,-0.116,-0.207,0.391,-0.427,-0.125,-0.282,-0.49,-0.575,-0.558,0.755,-0.299,-0.61,-0.186,0.044,-0.011,0.185,0.498,-0.272,0.028,0.551,-0.358,-0.482,-0.539,-0.395,-0.474,0.419,-0.665,-0.26,-0.503,-0.506,0.585,-0.483,0.371,-0.14,-0.378,0.75,-0.28,0.615,-0.357,0.363,0.658,0.756,0.379,0.768,-0.496,-0.251,0.186,0.201,-0.455,0.606,0.724
BKNG,-0.129,-0.327,0.692,0.44,0.246,0.089,0.682,0.039,0.337,0.787,0.119,-0.458,0.421,0.283,0.548,0.688,0.082,0.216,0.424,0.225,0.272,0.325,0.0,0.722,0.154,0.702,0.186,0.413,0.395,0.531,-0.28,0.823,0.204,0.286,0.33,0.425,0.614,0.534,0.245,0.58,0.528,0.206,0.558,0.8,0.219,0.734,0.184,0.764,-0.126,0.578,0.707,0.25,0.74,0.396,0.242,-0.328,-0.392,0.845,-0.02,-0.554,0.253,-0.165,0.288,0.48,0.217,0.811,0.401,-0.017,-0.505,0.019,-0.303,0.578,0.532,0.747,0.387,-0.213,0.111,-0.045,0.403,0.258,0.426,0.165,0.251,-0.117,-0.597,-0.593,-0.162,0.454,0.388,-0.555,0.171,-0.233,0.173,0.366,0.286,-0.548,0.782,-0.079,0.449,0.222,-0.04,0.79,0.318,-0.403,0.427,0.295,0.836,0.656,0.802,0.348,0.209,0.698,0.35,0.398,0.114,0.682,0.442,0.658,-0.066,0.593,0.643,0.174,0.589,-0.147,0.392,0.317,0.285,0.301,0.384,0.782,-0.084,-0.155,0.44,0.583,0.337,0.838,0.192,0.751,0.211,-0.381,0.447,0.554,0.442,0.102,0.594,0.195,0.845,0.354,0.386,0.074,0.694,-0.417,0.265,0.709,0.396,0.358,0.013,0.069,0.359,-0.18,-0.013,0.632,0.731,0.698,0.575,0.235,0.594,0.757,-0.148,0.541,0.403,-0.042,0.056,0.35,0.047,0.156,0.555,0.322,0.315,-0.112,0.179,0.176,0.645,0.527,0.496,0.537,0.618,0.599,0.211,-0.089,0.058,-0.391,0.275,0.349,0.618,-0.529,-0.061,-0.223,0.156,0.697
BL,-0.707,-0.747,0.925,0.741,-0.027,0.387,0.364,0.111,-0.082,0.919,-0.451,-0.812,0.839,0.672,0.92,0.418,0.16,0.593,0.834,0.028,0.593,-0.165,0.722,0.0,0.534,0.883,-0.075,0.812,0.352,0.875,-0.622,0.697,0.639,0.791,0.682,0.831,0.645,0.907,0.426,0.913,0.838,0.551,0.866,0.92,0.629,0.579,0.19,0.544,-0.638,0.707,0.774,0.565,0.962,-0.068,0.715,-0.681,-0.297,0.889,-0.066,-0.299,0.666,-0.679,-0.314,0.731,0.744,0.705,0.678,0.011,-0.451,0.354,-0.641,0.058,0.881,0.923,0.741,-0.759,-0.317,0.056,0.656,-0.324,0.834,0.533,0.574,-0.651,-0.577,-0.58,-0.74,0.74,-0.011,-0.85,0.19,0.267,0.53,0.826,-0.148,-0.862,0.89,0.451,-0.066,-0.169,-0.623,0.635,0.72,-0.163,-0.061,0.639,0.883,0.934,0.811,-0.171,0.367,0.945,0.755,-0.164,-0.059,0.209,0.178,0.907,-0.62,0.846,0.958,0.437,0.79,-0.487,0.623,0.536,0.596,0.695,0.194,0.8,0.329,-0.371,0.746,0.919,0.625,0.729,0.661,0.672,0.485,-0.121,0.816,0.722,0.58,0.39,0.67,-0.42,0.873,0.77,0.495,-0.025,0.885,-0.727,0.503,0.946,0.527,0.786,0.412,0.394,-0.183,-0.125,0.333,0.772,0.881,0.675,0.346,-0.261,0.803,0.803,-0.693,0.913,0.808,0.295,0.554,0.723,-0.336,0.622,0.746,0.7,0.782,-0.525,0.541,-0.118,0.685,0.912,-0.039,0.874,0.053,0.917,-0.183,-0.628,-0.514,-0.866,-0.27,0.704,0.922,-0.826,-0.361,0.102,-0.474,0.249
BOKF,-0.705,-0.285,0.693,0.877,0.371,0.911,0.306,0.693,-0.692,0.524,-0.75,-0.299,0.833,0.839,0.674,0.049,0.706,0.822,0.718,-0.021,0.933,-0.557,0.154,0.534,0.0,0.613,0.397,0.796,0.657,0.792,-0.362,0.315,0.873,0.813,0.874,0.691,0.686,0.713,0.628,0.728,0.581,0.937,0.809,0.314,0.859,-0.234,0.548,-0.269,-0.515,0.71,0.548,0.964,0.586,-0.101,0.872,-0.096,0.415,0.215,0.519,0.491,0.884,-0.726,-0.639,0.894,0.803,0.071,0.879,0.696,0.162,0.401,-0.605,-0.53,0.767,0.36,0.889,-0.708,-0.068,0.761,0.854,-0.736,0.828,0.919,0.436,-0.549,0.199,0.253,-0.617,0.885,-0.373,-0.431,0.584,0.879,0.908,0.679,-0.693,-0.412,0.333,0.694,-0.226,-0.744,-0.688,0.31,0.703,0.655,-0.225,0.84,0.333,0.701,0.142,-0.498,0.773,0.651,0.872,-0.685,0.242,-0.12,-0.358,0.676,-0.722,0.779,0.588,0.898,0.772,-0.387,0.846,0.61,0.885,0.93,-0.486,0.156,0.891,0.206,0.819,0.743,0.947,0.492,0.919,0.566,0.16,0.5,0.821,0.13,0.803,0.308,-0.098,-0.591,0.345,0.92,0.661,0.409,0.705,-0.444,0.902,0.485,0.682,0.861,0.86,0.874,-0.736,0.456,0.838,0.754,0.288,0.653,0.313,-0.496,0.664,0.188,-0.61,0.758,0.899,0.87,0.685,0.931,-0.645,0.868,0.853,0.83,0.837,-0.768,0.83,0.006,0.627,0.73,-0.716,0.408,-0.214,0.766,0.091,-0.858,-0.878,-0.553,-0.827,0.933,0.703,-0.257,-0.081,0.66,-0.397,-0.462
BRKR,-0.58,-0.633,0.896,0.82,0.131,0.492,0.578,0.367,-0.197,0.815,-0.337,-0.701,0.843,0.776,0.857,0.38,0.288,0.625,0.723,-0.076,0.704,-0.117,0.702,0.883,0.613,0.0,0.072,0.874,0.49,0.876,-0.496,0.661,0.62,0.766,0.648,0.71,0.731,0.865,0.357,0.914,0.733,0.629,0.84,0.799,0.753,0.48,0.191,0.431,-0.433,0.721,0.783,0.647,0.901,0.023,0.783,-0.499,-0.146,0.767,0.166,-0.198,0.649,-0.604,-0.275,0.795,0.731,0.704,0.76,0.257,-0.237,0.332,-0.763,0.045,0.869,0.767,0.74,-0.727,-0.159,0.29,0.725,-0.352,0.845,0.625,0.532,-0.483,-0.53,-0.441,-0.628,0.785,0.075,-0.765,0.217,0.36,0.578,0.738,-0.282,-0.779,0.763,0.513,-0.048,-0.248,-0.612,0.736,0.804,-0.039,0.048,0.621,0.786,0.921,0.709,-0.146,0.441,0.928,0.774,-0.188,-0.07,0.184,-0.027,0.839,-0.539,0.854,0.869,0.563,0.76,-0.595,0.651,0.45,0.579,0.718,0.166,0.774,0.493,-0.218,0.679,0.892,0.729,0.793,0.661,0.703,0.5,-0.154,0.783,0.518,0.596,0.169,0.487,-0.366,0.766,0.762,0.486,-0.017,0.923,-0.578,0.606,0.907,0.638,0.797,0.452,0.436,-0.211,-0.064,0.299,0.902,0.855,0.782,0.299,-0.327,0.698,0.612,-0.634,0.904,0.808,0.381,0.578,0.741,-0.459,0.611,0.81,0.631,0.758,-0.511,0.615,-0.03,0.657,0.874,-0.051,0.681,0.164,0.86,-0.052,-0.659,-0.499,-0.78,-0.325,0.697,0.896,-0.649,-0.351,0.122,-0.321,0.246
CACC,0.21,0.55,0.122,0.332,0.837,0.495,0.652,0.542,-0.086,0.091,0.083,0.491,0.017,0.223,-0.05,0.408,0.692,0.377,-0.024,0.31,0.377,0.026,0.186,-0.075,0.397,0.072,0.0,0.002,0.791,0.112,0.319,0.298,0.168,-0.097,0.346,-0.033,0.564,-0.031,0.428,0.009,-0.116,0.395,0.2,-0.185,0.226,-0.202,0.77,-0.297,0.311,0.459,0.375,0.479,0.049,0.568,0.063,0.649,0.4,-0.146,0.676,0.298,0.217,0.074,0.249,0.407,-0.046,-0.123,0.433,0.738,0.371,-0.315,0.022,0.099,0.032,-0.152,0.348,0.237,0.54,0.702,0.376,0.066,0.055,0.364,-0.319,0.385,0.503,0.498,0.364,0.303,0.314,0.29,0.716,0.255,0.325,-0.175,-0.026,0.323,-0.043,-0.108,0.55,-0.382,0.305,0.396,-0.093,0.576,0.356,0.306,0.016,0.089,-0.14,0.25,0.637,0.02,0.168,0.062,0.709,0.515,-0.3,0.173,0.213,0.273,-0.094,0.48,0.419,0.356,0.46,0.321,0.44,0.236,-0.578,-0.235,0.289,0.783,0.296,0.03,0.443,0.416,0.159,0.479,-0.557,0.254,0.102,-0.251,0.589,-0.073,-0.446,0.309,0.042,0.203,0.528,0.595,0.227,0.072,0.527,-0.143,0.544,0.072,0.323,0.495,-0.021,0.657,0.388,0.354,-0.246,0.549,0.61,0.303,0.251,-0.089,0.364,0.008,0.209,0.411,-0.24,0.287,0.04,0.192,0.395,0.193,0.019,-0.087,0.236,0.596,0.53,-0.03,-0.133,-0.248,0.391,0.143,0.649,-0.009,-0.046,0.363,-0.149,0.347,0.041,0.409,0.604,0.221,0.557,-0.055
CAR,-0.799,-0.712,0.855,0.858,0.009,0.664,0.306,0.498,-0.53,0.724,-0.648,-0.721,0.946,0.891,0.866,0.034,0.319,0.738,0.825,-0.209,0.829,-0.432,0.413,0.812,0.796,0.874,0.002,0.0,0.414,0.92,-0.592,0.389,0.78,0.937,0.755,0.784,0.648,0.9,0.436,0.929,0.748,0.785,0.871,0.647,0.859,0.168,0.222,0.135,-0.635,0.685,0.613,0.78,0.823,-0.294,0.962,-0.526,0.074,0.58,0.227,0.119,0.792,-0.789,-0.643,0.838,0.911,0.476,0.848,0.344,-0.2,0.536,-0.816,-0.305,0.915,0.677,0.823,-0.903,-0.35,0.42,0.794,-0.687,0.941,0.792,0.627,-0.684,-0.304,-0.24,-0.811,0.86,-0.274,-0.752,0.229,0.667,0.753,0.844,-0.564,-0.758,0.609,0.73,-0.371,-0.516,-0.859,0.439,0.905,0.186,-0.243,0.732,0.59,0.89,0.499,-0.446,0.52,0.881,0.889,-0.555,-0.099,-0.153,-0.203,0.77,-0.813,0.861,0.844,0.683,0.726,-0.708,0.721,0.466,0.674,0.856,-0.024,0.589,0.734,-0.244,0.757,0.899,0.844,0.608,0.865,0.558,0.527,0.116,0.864,0.436,0.625,0.229,0.337,-0.646,0.578,0.891,0.47,0.001,0.859,-0.567,0.718,0.838,0.617,0.934,0.643,0.61,-0.568,-0.018,0.513,0.848,0.719,0.626,0.092,-0.621,0.66,0.431,-0.839,0.953,0.921,0.594,0.792,0.846,-0.712,0.763,0.797,0.75,0.931,-0.733,0.797,-0.206,0.554,0.936,-0.438,0.669,-0.166,0.876,-0.211,-0.907,-0.793,-0.854,-0.624,0.808,0.916,-0.656,-0.482,0.379,-0.593,-0.144
CDNA,-0.156,0.154,0.515,0.742,0.76,0.754,0.74,0.648,-0.256,0.411,-0.19,0.128,0.445,0.616,0.412,0.42,0.734,0.639,0.358,0.199,0.675,-0.112,0.395,0.352,0.657,0.49,0.791,0.414,0.0,0.504,-0.034,0.483,0.526,0.34,0.686,0.373,0.729,0.441,0.656,0.457,0.285,0.736,0.601,0.204,0.578,-0.064,0.767,-0.177,0.05,0.684,0.684,0.745,0.448,0.455,0.467,0.311,0.357,0.155,0.574,0.198,0.566,-0.395,-0.049,0.753,0.359,0.074,0.731,0.777,0.201,-0.013,-0.336,0.003,0.451,0.216,0.686,-0.207,0.303,0.7,0.725,-0.184,0.479,0.713,-0.011,0.002,0.198,0.304,-0.075,0.681,0.171,-0.164,0.796,0.43,0.658,0.258,-0.181,-0.106,0.263,0.275,0.396,-0.563,-0.085,0.63,0.328,0.593,0.206,0.63,0.323,0.517,0.167,-0.041,0.869,0.43,0.549,-0.173,0.643,0.453,-0.342,0.573,-0.143,0.675,0.331,0.732,0.751,0.05,0.81,0.503,0.731,0.631,-0.549,0.083,0.527,0.621,0.642,0.453,0.726,0.639,0.561,0.688,-0.284,0.234,0.506,-0.006,0.859,0.12,-0.243,0.071,0.345,0.577,0.717,0.57,0.593,-0.326,0.812,0.299,0.695,0.502,0.63,0.658,-0.229,0.642,0.591,0.7,0.152,0.75,0.636,-0.02,0.597,0.203,-0.035,0.443,0.606,0.623,0.095,0.649,-0.221,0.522,0.743,0.558,0.397,-0.473,0.573,0.526,0.774,0.387,-0.213,0.098,0.284,0.564,0.458,-0.402,-0.375,-0.123,-0.392,0.68,0.465,-0.031,0.396,0.354,0.241,-0.033
CG,-0.736,-0.606,0.918,0.901,0.101,0.642,0.432,0.47,-0.374,0.798,-0.57,-0.684,0.926,0.854,0.922,0.252,0.469,0.758,0.815,-0.132,0.836,-0.304,0.531,0.875,0.792,0.876,0.112,0.92,0.504,0.0,-0.522,0.61,0.777,0.881,0.794,0.78,0.762,0.906,0.464,0.943,0.759,0.775,0.889,0.736,0.82,0.309,0.285,0.265,-0.602,0.748,0.706,0.792,0.892,-0.061,0.877,-0.51,-0.013,0.663,0.287,0.033,0.821,-0.756,-0.49,0.862,0.841,0.531,0.853,0.376,-0.186,0.434,-0.743,-0.219,0.93,0.719,0.853,-0.828,-0.225,0.427,0.842,-0.596,0.919,0.765,0.519,-0.614,-0.349,-0.301,-0.734,0.861,-0.106,-0.751,0.329,0.567,0.752,0.806,-0.443,-0.761,0.721,0.636,-0.18,-0.432,-0.757,0.577,0.864,0.16,-0.014,0.741,0.726,0.921,0.559,-0.305,0.586,0.934,0.878,-0.376,-0.043,0.062,-0.079,0.869,-0.725,0.886,0.862,0.738,0.824,-0.582,0.762,0.545,0.731,0.885,-0.014,0.634,0.649,-0.18,0.792,0.931,0.84,0.745,0.825,0.653,0.468,0.074,0.907,0.475,0.694,0.242,0.345,-0.533,0.709,0.896,0.564,0.152,0.902,-0.599,0.736,0.851,0.701,0.893,0.605,0.593,-0.451,0.065,0.537,0.899,0.748,0.772,0.301,-0.473,0.754,0.561,-0.724,0.954,0.924,0.605,0.716,0.873,-0.563,0.741,0.873,0.778,0.884,-0.652,0.738,-0.103,0.677,0.893,-0.354,0.69,-0.053,0.922,-0.101,-0.812,-0.713,-0.813,-0.538,0.848,0.922,-0.642,-0.318,0.3,-0.471,0.013
CGBD,0.709,0.662,-0.613,-0.436,0.093,-0.354,0.173,0.03,0.313,-0.615,0.617,0.653,-0.625,-0.371,-0.556,0.039,0.047,-0.243,-0.655,-0.184,-0.271,0.223,-0.28,-0.622,-0.362,-0.496,0.319,-0.592,-0.034,-0.522,0.0,-0.159,-0.691,-0.681,-0.531,-0.761,-0.061,-0.664,-0.517,-0.699,-0.776,-0.491,-0.643,-0.66,-0.3,-0.054,-0.012,-0.314,0.663,-0.436,-0.34,-0.331,-0.548,0.212,-0.563,0.533,-0.039,-0.571,0.38,-0.061,-0.551,0.625,0.601,-0.465,-0.492,-0.345,-0.358,0.129,0.393,-0.63,0.504,0.242,-0.663,-0.626,-0.498,0.63,0.181,0.2,-0.46,0.296,-0.642,-0.406,-0.834,0.799,0.232,0.316,0.771,-0.594,0.548,0.639,-0.116,-0.224,-0.506,-0.829,0.343,0.54,-0.474,-0.357,0.322,0.039,0.592,-0.208,-0.53,0.128,0.341,-0.637,-0.398,-0.589,-0.471,0.458,-0.036,-0.576,-0.561,0.491,-0.01,0.216,-0.189,-0.535,0.71,-0.498,-0.724,-0.146,-0.448,0.418,-0.432,-0.242,-0.509,-0.481,-0.114,-0.435,-0.242,0.242,-0.625,-0.698,-0.345,-0.229,-0.569,-0.372,-0.324,-0.353,-0.721,-0.478,-0.373,-0.601,-0.439,0.461,-0.449,-0.55,-0.326,-0.082,-0.517,0.312,-0.388,-0.638,0.047,-0.667,-0.509,-0.24,0.354,0.092,-0.4,-0.369,-0.527,-0.182,-0.122,0.248,-0.662,-0.513,0.668,-0.632,-0.541,-0.271,-0.569,-0.471,0.376,-0.372,-0.503,-0.712,-0.596,0.559,-0.508,0.222,-0.22,-0.724,0.147,-0.68,0.078,-0.651,0.188,0.589,0.55,0.747,0.314,-0.472,-0.707,0.692,0.452,-0.48,0.65,0.153
