,ACET,ADAP,ADI,ADPT,ADTN,AGEN,ALGN,ALLK,AMD,AMWD,ARDX,ARQT,ASTE,AUPH,AVXL,AZTA,BAND,BECN,BFC,BGC,BHF,BHFAL,BKNG,BL,BOKF,BRKR,CACC,CAR,CDNA,CG,CGBD,CHI,CHTR,CHX,CLNE,CME,CNOB,CNXN,CPRX,CSGP,CSGS,CSIQ,CVCO,CVLT,CYRX,DDOG,DOOO,DSGX,DTIL,ECPG,EEFT,EFSC,ENTG,ESPR,ETSY,EXC,FAMI,FFIV,FITB,FIZZ,FMBH,FOX,FTNT,FULT,GABC,GEN,GH,GMAB,GNPX,GO,GOGL,GOOG,GPRO,GSHD,GSM,GWAV,HAIN,HBAN,HEPA,HURN,HWKN,IBIO,ICFI,IGMS,IMKTA,INCY,INO,IRDM,IRTC,IRWD,ITCI,JACK,JD,JJSF,KALA,KHC,KLAC,KRRO,KRYS,LANC,LBTYA,LIVN,LKCO,LNTH,LOGI,LPRO,LRCX,LSCC,LSTR,MAR,MARA,MCHP,MEOH,META,MGTX,MKSI,MMYT,MORN,MRUS,MTLS,MTSI,MVIS,MXL,NBIX,NFE,NMIH,NMRK,NNDM,NSIT,NTCT,NVAX,OCUL,ODP,OLED,ONB,OTEX,PACB,PATK,PAYX,PEP,PERI,PI,PLYA,PRDO,PRGS,PTGX,QCOM,QCRH,QDEL,QFIN,RGEN,RILY,RPAY,RPD,SABR,SEDG,SHEN,SIRI,SLNO,SNDL,SNEX,SONO,SPT,SSNC,STGW,STKL,STRL,STX,SWTX,SYNA,TFSL,TIGR,TNXP,TOWN,TRI,TRIP,TRMB,TRNS,TRS,TSCO,TSEM,TVTX,TXRH,VC,VCEL,VECO,VIAV,VICR,VIR,VRTX,VSTM,VTRS,WDFC,WSBC,WSC,WYNN,XENE,XNCR,XRAY,ZS
ACET,0.0,0.345,0.315,-0.024,0.021,0.152,0.01,0.351,0.457,0.037,-0.201,0.485,-0.118,0.482,0.561,-0.075,-0.032,-0.365,-0.127,0.094,-0.273,0.398,0.208,-0.179,0.033,0.241,-0.161,-0.144,-0.047,-0.215,-0.106,0.647,0.017,-0.123,0.064,-0.264,-0.091,-0.244,-0.458,-0.205,-0.206,0.443,-0.166,0.198,0.316,0.036,0.142,0.003,-0.245,-0.137,0.484,-0.239,0.261,0.21,-0.072,-0.187,0.211,-0.205,-0.118,-0.096,-0.169,-0.004,0.032,-0.162,-0.311,0.021,-0.257,0.395,0.372,-0.107,-0.143,-0.113,0.644,-0.285,0.109,0.677,0.313,-0.179,0.309,-0.481,0.529,-0.083,-0.148,0.667,-0.288,0.195,0.24,0.387,-0.314,0.356,-0.624,0.115,-0.253,0.026,-0.097,0.05,-0.06,0.65,0.221,0.244,0.543,-0.343,0.283,0.225,-0.163,-0.02,0.161,0.121,-0.009,-0.302,0.284,0.269,0.128,-0.169,0.338,0.192,0.394,-0.095,0.463,0.036,0.288,0.09,0.127,-0.378,-0.002,-0.237,-0.143,0.492,-0.295,-0.178,0.578,0.721,-0.217,0.515,-0.256,0.068,0.378,-0.273,-0.332,-0.268,0.202,0.407,0.064,-0.314,0.277,0.229,-0.109,0.299,0.447,-0.26,-0.335,0.292,0.192,0.403,0.64,0.648,0.568,0.246,-0.013,0.636,-0.14,0.649,-0.034,-0.259,0.068,-0.041,0.255,-0.106,0.483,-0.092,-0.096,-0.066,-0.199,-0.124,-0.013,-0.156,-0.039,0.316,-0.202,-0.088,0.367,-0.04,-0.083,0.275,-0.031,0.577,0.01,0.208,-0.185,-0.167,0.355,0.246,0.183,-0.173,-0.218,-0.186,0.315,0.59,-0.22,-0.262
ADAP,0.345,0.0,-0.164,-0.411,-0.386,-0.387,-0.471,0.138,0.237,-0.433,0.149,0.687,-0.525,0.45,0.716,-0.417,-0.056,-0.712,-0.507,0.135,-0.28,0.15,0.317,-0.409,-0.56,0.448,-0.509,-0.455,0.363,-0.585,-0.581,0.172,-0.31,-0.73,-0.073,-0.49,-0.329,-0.545,-0.604,-0.531,-0.424,0.717,-0.555,-0.407,0.417,-0.016,0.041,-0.668,0.181,-0.553,0.219,-0.423,-0.431,0.199,0.145,-0.631,0.43,-0.296,-0.562,0.308,-0.503,-0.039,-0.253,-0.697,-0.363,-0.329,-0.511,0.416,0.491,0.224,0.111,-0.28,0.351,-0.503,-0.241,0.699,0.502,-0.489,0.626,-0.499,-0.073,-0.593,-0.507,0.723,-0.281,-0.05,-0.135,0.051,-0.752,0.355,-0.723,-0.195,-0.529,0.305,-0.238,0.155,-0.673,0.209,0.146,-0.486,0.658,-0.402,0.761,0.107,-0.264,0.049,-0.412,-0.391,-0.378,-0.415,-0.169,-0.042,-0.258,-0.229,0.051,-0.419,0.259,-0.579,0.567,-0.184,-0.278,-0.466,-0.339,-0.5,-0.332,-0.582,-0.583,0.17,-0.73,-0.31,0.587,0.676,-0.229,0.39,-0.679,-0.199,0.63,-0.688,-0.644,-0.32,-0.341,0.542,-0.284,-0.648,0.427,0.116,-0.563,-0.213,0.501,-0.401,-0.535,-0.006,0.073,0.022,0.082,0.745,0.482,-0.084,-0.422,0.677,-0.61,0.562,-0.534,-0.636,-0.572,0.056,-0.189,-0.645,0.6,-0.28,-0.295,-0.321,0.016,-0.469,-0.311,-0.434,-0.662,0.187,-0.653,-0.408,-0.089,-0.245,-0.089,0.075,0.019,0.373,-0.223,-0.444,-0.029,-0.444,0.524,0.755,0.084,-0.338,-0.718,-0.351,0.173,0.61,-0.265,-0.337
ADI,0.315,-0.164,0.0,-0.003,0.18,0.137,0.522,0.753,0.718,0.662,-0.32,0.221,0.267,-0.116,0.356,0.333,-0.587,-0.101,-0.145,-0.2,-0.587,0.777,0.331,-0.446,0.446,0.336,-0.133,0.121,-0.225,0.324,-0.093,0.54,0.362,0.389,-0.55,-0.515,-0.535,-0.092,-0.173,-0.333,-0.522,0.327,-0.366,0.171,0.489,-0.409,0.811,0.389,-0.132,-0.012,0.234,-0.452,0.69,0.596,-0.571,-0.242,0.265,-0.521,0.068,0.432,-0.219,-0.742,-0.465,0.311,-0.503,0.239,-0.217,0.628,0.617,-0.76,-0.522,0.0,0.667,-0.203,0.657,0.261,0.017,0.026,0.208,-0.016,0.432,-0.174,0.677,0.191,-0.567,-0.395,0.417,0.183,-0.064,0.603,-0.142,-0.316,-0.216,0.55,-0.508,0.067,0.283,0.621,-0.479,-0.018,0.376,-0.159,-0.24,0.526,-0.563,-0.725,0.313,0.826,0.689,-0.46,0.719,0.888,-0.282,-0.636,-0.19,0.749,-0.444,0.168,-0.027,-0.414,0.755,0.208,0.801,-0.423,0.645,-0.219,-0.084,-0.312,-0.056,-0.363,0.263,0.362,0.419,0.511,-0.154,-0.354,0.334,-0.135,-0.317,0.046,-0.326,0.479,-0.427,-0.265,0.209,-0.054,-0.086,0.741,0.058,-0.363,0.013,0.15,-0.122,0.49,0.313,0.148,0.5,-0.437,-0.155,0.202,-0.066,0.243,-0.04,-0.249,0.443,-0.17,0.906,0.449,-0.234,0.311,-0.574,-0.251,0.092,-0.314,-0.326,-0.236,0.349,0.726,0.22,0.313,0.731,-0.312,-0.354,0.547,-0.476,0.575,-0.427,0.706,0.135,-0.52,-0.297,0.165,-0.384,-0.412,0.459,0.171,-0.113,0.531,-0.255,-0.525
ADPT,-0.024,-0.411,-0.003,0.0,0.255,0.834,0.708,-0.463,-0.039,0.403,0.029,-0.282,0.819,0.176,-0.469,0.71,0.654,0.701,0.799,0.229,0.65,-0.197,-0.477,0.748,0.433,-0.666,0.899,0.749,-0.217,0.759,0.77,-0.021,0.492,0.498,0.602,0.596,0.631,0.784,0.358,0.812,0.745,-0.73,0.591,0.164,-0.156,0.459,-0.244,0.801,-0.447,0.828,-0.189,0.622,0.24,-0.686,0.35,0.748,-0.701,0.665,0.715,-0.581,0.784,0.379,0.717,0.53,0.554,0.355,0.9,-0.565,-0.557,-0.101,-0.255,0.572,-0.383,0.587,-0.233,-0.381,0.122,0.729,-0.86,0.364,0.143,0.801,-0.121,-0.288,0.63,0.515,0.591,0.554,0.778,-0.443,0.383,0.501,0.852,-0.521,0.79,0.428,0.55,-0.273,0.564,0.412,-0.287,0.689,-0.539,0.07,0.713,0.403,0.53,0.278,0.092,0.764,0.372,-0.078,0.585,0.69,0.43,0.203,0.22,0.678,-0.003,0.734,-0.05,0.873,-0.084,0.798,0.252,0.835,0.908,0.311,0.82,0.666,0.046,-0.453,-0.229,-0.036,0.785,0.788,-0.685,0.839,0.676,0.687,0.384,-0.611,0.172,0.789,-0.813,0.517,0.933,-0.036,0.083,0.801,0.753,0.086,0.331,-0.097,0.438,-0.477,-0.639,0.458,0.863,-0.544,0.882,-0.421,0.859,0.81,0.651,0.219,-0.14,0.768,-0.087,0.61,0.531,0.824,0.453,0.806,0.86,0.877,0.837,-0.554,0.786,0.575,-0.172,0.862,0.23,0.217,0.213,-0.513,0.391,0.518,-0.209,0.669,0.338,-0.667,0.183,0.805,0.677,0.7,0.472,-0.424,0.834,0.696
ADTN,0.021,-0.386,0.18,0.255,0.0,0.367,0.116,0.072,0.001,0.038,-0.193,-0.467,0.194,-0.358,-0.403,0.044,0.097,0.28,0.196,0.372,0.217,-0.252,-0.066,0.242,0.352,-0.017,0.196,0.268,0.037,0.207,0.285,0.203,-0.213,0.281,0.209,0.321,0.368,0.276,0.457,0.27,0.29,-0.336,0.456,0.442,-0.253,-0.148,-0.146,0.439,-0.117,0.19,0.077,0.255,0.565,-0.174,-0.074,0.333,-0.255,0.39,0.158,-0.379,0.14,0.156,0.379,0.349,0.202,-0.056,0.289,-0.125,-0.256,-0.305,0.253,0.378,-0.076,0.261,0.216,-0.24,-0.522,0.188,-0.351,0.374,0.005,0.456,0.173,-0.29,0.093,0.312,-0.029,-0.221,0.292,-0.453,0.246,0.028,0.272,-0.331,0.236,-0.252,0.684,-0.055,-0.05,0.438,-0.528,0.129,-0.519,-0.24,0.29,0.201,0.7,0.351,-0.125,0.225,0.184,-0.143,0.427,0.207,0.214,0.524,0.134,0.221,-0.138,0.21,0.514,0.239,0.135,0.285,0.248,0.239,0.287,0.125,0.43,0.501,-0.442,-0.222,-0.069,-0.022,0.389,0.279,-0.264,0.356,0.316,-0.116,0.469,-0.261,0.449,0.393,-0.05,0.022,0.332,0.12,-0.355,0.204,0.048,0.145,-0.136,0.14,0.209,-0.378,-0.216,0.39,0.411,-0.081,0.429,-0.046,0.201,0.372,0.228,-0.226,0.241,0.239,-0.063,0.141,0.265,0.22,-0.365,0.167,0.303,0.114,0.365,-0.152,0.232,-0.128,0.436,0.19,0.249,-0.14,0.083,0.193,0.531,0.461,0.104,0.356,-0.097,-0.43,-0.007,0.075,0.264,0.311,-0.084,-0.292,0.197,0.306
AGEN,0.152,-0.387,0.137,0.834,0.367,0.0,0.677,-0.309,0.082,0.387,-0.124,-0.237,0.737,0.3,-0.388,0.616,0.537,0.52,0.69,0.227,0.521,-0.108,-0.393,0.625,0.49,-0.466,0.755,0.636,-0.242,0.665,0.685,0.188,0.427,0.577,0.553,0.49,0.543,0.666,0.245,0.671,0.627,-0.554,0.527,0.157,-0.023,0.346,-0.181,0.721,-0.457,0.694,-0.021,0.508,0.35,-0.565,0.228,0.716,-0.574,0.535,0.658,-0.484,0.647,0.291,0.662,0.49,0.442,0.194,0.765,-0.349,-0.415,-0.112,-0.283,0.548,-0.177,0.465,-0.192,-0.159,0.197,0.627,-0.722,0.258,0.262,0.718,-0.083,-0.121,0.475,0.56,0.718,0.607,0.608,-0.315,0.18,0.362,0.756,-0.421,0.672,0.492,0.547,-0.082,0.586,0.468,-0.159,0.597,-0.46,0.111,0.582,0.334,0.596,0.34,0.043,0.567,0.453,0.046,0.547,0.549,0.659,0.315,0.193,0.583,0.099,0.581,0.084,0.851,0.0,0.627,0.249,0.7,0.786,0.34,0.692,0.546,0.148,-0.236,-0.223,0.176,0.678,0.672,-0.515,0.697,0.536,0.605,0.37,-0.409,0.119,0.643,-0.603,0.543,0.798,0.093,0.202,0.691,0.621,0.191,0.347,-0.036,0.548,-0.337,-0.384,0.495,0.751,-0.357,0.783,-0.189,0.757,0.673,0.636,0.042,-0.029,0.692,0.085,0.548,0.482,0.733,0.321,0.681,0.778,0.731,0.802,-0.416,0.71,0.52,-0.013,0.754,0.284,0.272,0.31,-0.27,0.404,0.591,-0.153,0.569,0.368,-0.51,0.253,0.638,0.613,0.673,0.371,-0.233,0.736,0.526
ALGN,0.01,-0.471,0.522,0.708,0.116,0.677,0.0,0.015,0.334,0.822,-0.131,-0.109,0.879,0.118,-0.217,0.834,0.157,0.54,0.585,-0.094,0.158,0.39,-0.168,0.345,0.67,-0.398,0.682,0.745,-0.43,0.855,0.586,0.229,0.712,0.782,0.106,0.149,0.114,0.577,0.229,0.436,0.257,-0.394,0.152,0.131,0.182,0.133,0.402,0.833,-0.396,0.704,0.027,0.25,0.502,-0.115,-0.087,0.5,-0.364,0.14,0.707,-0.039,0.533,-0.223,0.196,0.696,0.209,0.585,0.58,-0.082,-0.093,-0.35,-0.599,0.328,0.079,0.386,0.209,-0.254,0.178,0.681,-0.54,0.404,0.365,0.447,0.403,-0.214,0.236,0.056,0.721,0.579,0.649,0.109,0.33,0.24,0.606,0.05,0.256,0.496,0.511,0.113,0.11,0.294,0.033,0.571,-0.564,0.416,0.185,-0.165,0.423,0.668,0.619,0.316,0.757,0.542,0.152,0.13,0.273,0.519,-0.264,0.71,-0.07,0.302,0.279,0.793,0.474,0.416,0.609,0.593,0.678,0.017,0.632,0.251,0.174,-0.223,0.286,0.271,0.551,0.358,-0.373,0.606,0.397,0.712,-0.061,-0.206,-0.16,0.468,-0.525,0.368,0.643,0.462,0.135,0.499,0.753,0.239,0.313,0.214,0.386,-0.312,-0.221,-0.06,0.487,-0.388,0.633,-0.248,0.704,0.493,0.858,0.193,0.378,0.921,-0.305,0.678,-0.021,0.509,0.56,0.491,0.426,0.571,0.879,-0.007,0.841,0.762,0.144,0.458,0.011,0.638,-0.045,-0.206,-0.166,0.732,-0.148,0.131,0.008,-0.372,-0.077,0.417,0.886,0.72,0.231,-0.079,0.561,0.209
ALLK,0.351,0.138,0.753,-0.463,0.072,-0.309,0.015,0.0,0.696,0.208,-0.341,0.322,-0.29,-0.216,0.584,-0.152,-0.804,-0.539,-0.632,-0.196,-0.832,0.695,0.421,-0.779,0.04,0.693,-0.606,-0.348,0.034,-0.199,-0.521,0.52,-0.076,-0.001,-0.747,-0.718,-0.782,-0.535,-0.445,-0.723,-0.799,0.639,-0.594,0.079,0.543,-0.567,0.704,-0.074,0.052,-0.523,0.18,-0.785,0.501,0.852,-0.721,-0.639,0.529,-0.731,-0.437,0.499,-0.694,-0.771,-0.68,-0.11,-0.791,-0.064,-0.619,0.842,0.831,-0.639,-0.316,-0.226,0.748,-0.558,0.684,0.467,-0.122,-0.483,0.603,-0.36,0.351,-0.536,0.547,0.369,-0.883,-0.564,0.036,-0.081,-0.484,0.676,-0.352,-0.607,-0.643,0.608,-0.787,-0.323,0.017,0.658,-0.618,-0.198,0.433,-0.637,0.034,0.333,-0.825,-0.781,0.086,0.518,0.422,-0.81,0.434,0.669,-0.479,-0.851,-0.378,0.567,-0.367,-0.325,0.047,-0.71,0.76,-0.23,0.743,-0.77,0.402,-0.682,-0.574,-0.295,-0.492,-0.637,0.223,0.551,0.275,0.35,-0.587,-0.693,0.651,-0.579,-0.667,-0.48,-0.349,0.732,-0.392,-0.674,0.581,-0.411,-0.555,0.515,0.095,-0.756,-0.437,0.058,-0.439,0.387,0.05,0.409,0.74,-0.506,-0.521,0.465,-0.525,0.434,-0.498,-0.644,-0.041,-0.41,0.874,-0.026,-0.037,-0.089,-0.754,-0.628,-0.272,-0.754,-0.679,-0.688,-0.165,0.89,-0.288,-0.039,0.86,-0.659,-0.47,0.194,-0.476,0.799,-0.454,0.418,0.167,-0.738,-0.352,0.411,-0.359,-0.825,0.001,-0.287,-0.414,0.686,-0.693,-0.774
AMD,0.457,0.237,0.718,-0.039,0.001,0.082,0.334,0.696,0.0,0.383,-0.408,0.406,0.105,0.117,0.598,0.148,-0.382,-0.32,-0.283,0.014,-0.448,0.655,0.389,-0.397,0.276,0.343,-0.198,0.081,-0.163,0.172,-0.149,0.702,0.131,0.117,-0.443,-0.59,-0.454,-0.165,-0.465,-0.345,-0.482,0.483,-0.438,-0.016,0.53,-0.246,0.609,0.164,-0.318,-0.16,0.396,-0.439,0.552,0.43,-0.329,-0.372,0.294,-0.384,-0.05,0.339,-0.32,-0.538,-0.336,0.019,-0.425,0.109,-0.309,0.594,0.698,-0.625,-0.506,0.27,0.608,-0.226,0.541,0.542,0.202,-0.056,0.369,-0.22,0.451,-0.321,0.276,0.575,-0.581,-0.175,0.341,0.243,-0.29,0.568,-0.437,-0.31,-0.229,0.527,-0.362,0.243,0.145,0.524,-0.259,-0.213,0.606,-0.232,0.048,0.336,-0.446,-0.443,0.332,0.621,0.381,-0.497,0.742,0.714,-0.125,-0.499,-0.04,0.614,-0.094,-0.002,0.209,-0.257,0.628,0.121,0.559,-0.478,0.594,-0.306,-0.178,-0.054,-0.279,-0.296,0.498,0.578,0.228,0.648,-0.29,-0.228,0.39,-0.282,-0.459,-0.031,-0.296,0.529,-0.363,-0.429,0.353,0.073,-0.186,0.56,0.249,-0.35,-0.155,0.227,-0.019,0.433,0.385,0.45,0.511,-0.212,-0.117,0.376,-0.164,0.409,-0.09,-0.354,0.289,-0.078,0.69,0.174,0.038,0.399,-0.502,-0.155,0.053,-0.348,-0.222,-0.271,0.128,0.567,-0.058,0.058,0.647,-0.269,-0.117,0.526,-0.437,0.704,-0.345,0.524,-0.159,-0.55,0.12,0.351,-0.269,-0.404,0.128,0.216,0.099,0.695,-0.24,-0.477
AMWD,0.037,-0.433,0.662,0.403,0.038,0.387,0.822,0.208,0.383,0.0,-0.138,-0.046,0.753,-0.063,-0.055,0.711,-0.153,0.505,0.45,-0.325,-0.078,0.558,0.151,0.161,0.804,-0.204,0.423,0.634,-0.548,0.758,0.417,0.285,0.694,0.758,-0.215,-0.08,-0.078,0.417,0.165,0.227,-0.018,-0.178,0.034,0.276,0.072,-0.069,0.641,0.672,-0.381,0.595,0.299,0.16,0.609,0.17,-0.202,0.307,-0.073,-0.119,0.675,0.271,0.415,-0.444,-0.14,0.777,0.13,0.652,0.235,0.06,0.088,-0.421,-0.643,0.09,0.284,0.425,0.525,-0.246,0.014,0.63,-0.241,0.436,0.306,0.219,0.67,-0.156,0.051,-0.043,0.47,0.32,0.483,0.288,0.331,0.226,0.33,0.351,-0.072,0.356,0.476,0.304,-0.266,0.187,0.105,0.415,-0.43,0.373,-0.087,-0.393,0.343,0.717,0.841,0.077,0.696,0.727,0.005,-0.18,0.036,0.619,-0.457,0.743,-0.309,0.101,0.433,0.494,0.633,0.109,0.659,0.415,0.469,-0.207,0.448,0.026,0.087,-0.079,0.653,0.361,0.43,0.115,-0.232,0.43,0.292,0.583,-0.154,-0.031,-0.268,0.287,-0.174,0.271,0.395,0.767,-0.124,0.181,0.599,0.357,0.362,0.496,0.201,-0.141,0.043,-0.255,0.285,-0.201,0.443,-0.105,0.486,0.326,0.839,0.301,0.562,0.765,-0.535,0.604,-0.184,0.226,0.41,0.311,0.08,0.299,0.71,0.272,0.668,0.531,0.26,0.087,-0.07,0.708,-0.278,0.017,-0.358,0.607,-0.197,-0.119,-0.27,-0.19,-0.34,0.177,0.758,0.517,0.24,0.031,0.211,-0.059
ARDX,-0.201,0.149,-0.32,0.029,-0.193,-0.124,-0.131,-0.341,-0.408,-0.138,0.0,0.049,-0.044,0.055,-0.068,-0.008,0.232,0.136,0.293,0.085,0.123,-0.329,-0.086,0.137,-0.206,0.027,0.16,-0.054,0.373,-0.156,-0.217,-0.576,0.05,-0.229,0.147,0.191,0.176,0.055,0.086,-0.022,0.179,-0.033,0.05,-0.086,-0.117,0.241,-0.143,-0.18,0.337,0.134,-0.248,0.177,-0.476,-0.121,0.267,-0.059,-0.056,0.129,0.013,0.005,0.229,0.3,0.021,-0.037,0.178,-0.0,0.184,-0.218,-0.262,0.419,0.371,-0.304,-0.204,-0.037,-0.369,-0.227,0.194,0.077,-0.111,-0.053,-0.102,0.065,-0.213,-0.165,0.418,0.162,-0.127,-0.033,0.013,-0.159,0.234,0.405,0.062,-0.193,0.107,-0.119,-0.315,-0.022,0.166,0.091,-0.099,0.11,0.1,0.174,0.221,0.213,-0.444,-0.413,-0.147,0.298,-0.356,-0.231,0.06,0.188,-0.144,-0.48,0.06,-0.044,-0.004,0.133,-0.474,-0.001,-0.307,0.208,-0.455,0.072,-0.016,0.089,0.113,0.157,-0.01,-0.157,-0.082,-0.289,0.013,0.123,-0.051,-0.003,0.056,-0.006,0.056,0.018,0.009,0.148,-0.318,0.226,0.114,-0.318,0.006,0.138,0.058,-0.179,0.157,-0.154,0.009,0.049,-0.22,-0.02,-0.106,-0.059,0.024,0.072,-0.027,0.036,-0.2,0.199,-0.352,-0.081,-0.08,-0.36,0.146,0.149,0.154,0.178,0.049,0.191,-0.129,-0.186,0.067,0.037,-0.374,0.201,0.039,-0.047,0.057,-0.438,0.042,-0.279,0.005,0.199,0.057,0.093,-0.118,0.3,-0.123,-0.19,0.236,-0.244,0.228,0.128
ARQT,0.485,0.687,0.221,-0.282,-0.467,-0.237,-0.109,0.322,0.406,-0.046,0.049,0.0,-0.251,0.604,0.857,-0.143,-0.201,-0.644,-0.392,-0.128,-0.467,0.576,0.255,-0.501,-0.349,0.38,-0.405,-0.327,0.164,-0.329,-0.485,0.29,0.076,-0.484,-0.152,-0.662,-0.515,-0.5,-0.601,-0.533,-0.549,0.761,-0.732,-0.414,0.675,0.014,0.393,-0.423,0.081,-0.441,0.232,-0.524,-0.287,0.366,-0.078,-0.601,0.458,-0.501,-0.383,0.494,-0.424,-0.324,-0.371,-0.522,-0.503,-0.091,-0.452,0.545,0.656,0.01,-0.193,-0.393,0.626,-0.534,-0.114,0.814,0.663,-0.369,0.579,-0.472,0.213,-0.57,-0.251,0.785,-0.377,-0.199,0.24,0.328,-0.657,0.713,-0.76,-0.235,-0.543,0.497,-0.389,0.311,-0.655,0.441,0.095,-0.398,0.881,-0.289,0.716,0.497,-0.444,-0.237,-0.436,-0.121,0.068,-0.487,0.067,0.337,-0.44,-0.396,0.005,-0.25,-0.0,-0.372,0.642,-0.247,-0.165,-0.258,-0.039,-0.568,-0.207,-0.517,-0.488,0.067,-0.657,-0.48,0.826,0.81,-0.071,0.594,-0.648,-0.28,0.721,-0.631,-0.662,-0.114,-0.504,0.647,-0.496,-0.664,0.314,0.196,-0.482,0.136,0.669,-0.396,-0.322,-0.03,0.249,0.21,0.269,0.711,0.659,-0.354,-0.458,0.685,-0.547,0.612,-0.374,-0.648,-0.246,0.108,0.088,-0.309,0.509,-0.139,-0.505,-0.375,0.288,-0.414,-0.35,-0.376,-0.38,0.421,-0.433,-0.023,0.002,-0.242,-0.265,0.409,-0.156,0.403,-0.519,-0.134,0.186,-0.594,0.463,0.736,0.185,-0.333,-0.405,-0.287,0.221,0.832,-0.272,-0.49
ASTE,-0.118,-0.525,0.267,0.819,0.194,0.737,0.879,-0.29,0.105,0.753,-0.044,-0.251,0.0,0.091,-0.406,0.825,0.42,0.773,0.806,-0.01,0.475,0.095,-0.194,0.63,0.708,-0.622,0.849,0.876,-0.473,0.941,0.78,0.073,0.698,0.735,0.348,0.388,0.424,0.797,0.425,0.688,0.532,-0.603,0.398,0.147,-0.131,0.286,0.149,0.842,-0.431,0.879,0.026,0.573,0.402,-0.426,0.185,0.679,-0.488,0.445,0.873,-0.206,0.789,0.044,0.418,0.764,0.536,0.569,0.737,-0.4,-0.379,-0.206,-0.419,0.464,-0.202,0.659,0.057,-0.426,0.121,0.895,-0.704,0.587,0.159,0.608,0.223,-0.347,0.532,0.314,0.586,0.487,0.785,-0.183,0.458,0.434,0.795,-0.139,0.514,0.545,0.582,-0.171,0.22,0.309,-0.165,0.782,-0.568,0.184,0.491,0.137,0.476,0.492,0.46,0.608,0.592,0.276,0.375,0.411,0.341,0.383,-0.107,0.847,-0.151,0.578,0.104,0.812,0.203,0.648,0.517,0.817,0.862,0.058,0.799,0.518,0.014,-0.41,0.233,0.185,0.782,0.617,-0.621,0.807,0.645,0.814,0.101,-0.475,-0.028,0.719,-0.647,0.495,0.824,0.332,-0.076,0.706,0.853,0.267,0.497,0.17,0.342,-0.462,-0.466,0.139,0.701,-0.508,0.832,-0.402,0.827,0.739,0.852,0.383,0.106,0.874,-0.356,0.747,0.281,0.723,0.591,0.742,0.625,0.784,0.915,-0.321,0.897,0.627,-0.078,0.632,0.167,0.538,-0.025,-0.402,0.053,0.582,-0.174,0.385,0.109,-0.519,-0.029,0.689,0.834,0.816,0.455,-0.335,0.734,0.493
AUPH,0.482,0.45,-0.116,0.176,-0.358,0.3,0.118,-0.216,0.117,-0.063,0.055,0.604,0.091,0.0,0.348,0.106,0.407,-0.238,0.139,0.08,0.125,0.197,0.083,0.134,-0.173,-0.17,0.155,0.059,-0.012,-0.038,0.087,0.276,0.261,-0.148,0.437,-0.05,0.081,-0.019,-0.291,0.087,0.098,0.246,-0.184,-0.271,0.359,0.478,-0.099,-0.102,-0.138,0.072,0.17,0.059,-0.315,-0.206,0.351,0.041,-0.036,0.044,0.06,-0.058,0.126,0.212,0.256,-0.295,0.033,0.075,0.069,0.03,0.07,0.351,-0.157,-0.071,0.224,-0.127,-0.481,0.541,0.759,0.039,0.106,-0.31,0.322,-0.064,-0.578,0.57,0.184,0.274,0.469,0.648,-0.159,0.27,-0.581,0.183,0.094,-0.031,0.259,0.565,-0.398,0.175,0.673,0.042,0.618,0.165,0.484,0.293,0.161,0.285,-0.203,-0.289,-0.198,0.07,0.141,0.012,0.023,0.235,0.611,-0.366,0.424,-0.055,0.671,0.269,-0.422,0.221,-0.318,0.013,-0.243,0.078,0.084,0.539,-0.191,-0.019,0.759,0.493,-0.338,0.461,-0.12,0.313,0.185,-0.081,-0.1,0.248,-0.062,0.138,-0.098,-0.099,-0.123,0.497,0.075,-0.09,0.733,0.208,0.079,0.227,0.516,-0.065,0.487,0.449,0.246,0.201,0.054,0.381,-0.022,0.376,0.211,-0.095,0.021,0.213,-0.343,-0.085,0.661,0.011,0.081,0.298,0.399,0.208,0.284,0.252,0.003,-0.157,-0.006,0.163,-0.32,0.388,0.047,0.298,0.325,-0.015,-0.094,-0.134,0.008,0.022,0.744,0.287,0.521,0.274,-0.199,0.014,0.433,0.393,0.288,0.092
AVXL,0.561,0.716,0.356,-0.469,-0.403,-0.388,-0.217,0.584,0.598,-0.055,-0.068,0.857,-0.406,0.348,0.0,-0.285,-0.424,-0.737,-0.589,-0.143,-0.652,0.626,0.409,-0.683,-0.311,0.593,-0.61,-0.439,0.152,-0.428,-0.642,0.415,-0.07,-0.512,-0.422,-0.827,-0.657,-0.628,-0.712,-0.734,-0.742,0.892,-0.786,-0.297,0.637,-0.188,0.526,-0.482,0.126,-0.596,0.306,-0.671,-0.085,0.577,-0.215,-0.797,0.645,-0.649,-0.496,0.553,-0.614,-0.47,-0.565,-0.516,-0.649,-0.123,-0.674,0.712,0.84,-0.172,-0.16,-0.378,0.748,-0.632,0.175,0.835,0.454,-0.484,0.765,-0.556,0.25,-0.712,-0.081,0.818,-0.635,-0.313,0.057,0.145,-0.792,0.771,-0.785,-0.354,-0.723,0.617,-0.586,0.083,-0.567,0.571,-0.18,-0.461,0.876,-0.538,0.689,0.409,-0.63,-0.398,-0.345,0.025,0.127,-0.708,0.144,0.468,-0.435,-0.62,-0.19,-0.045,-0.047,-0.467,0.496,-0.411,0.114,-0.373,0.16,-0.797,-0.051,-0.725,-0.668,-0.009,-0.779,-0.606,0.741,0.869,0.058,0.597,-0.776,-0.455,0.828,-0.783,-0.833,-0.367,-0.486,0.816,-0.504,-0.834,0.561,0.064,-0.64,0.238,0.485,-0.662,-0.525,0.001,0.05,0.357,0.243,0.842,0.796,-0.387,-0.553,0.777,-0.676,0.701,-0.56,-0.792,-0.304,0.003,0.323,-0.399,0.36,-0.163,-0.63,-0.547,0.05,-0.639,-0.565,-0.604,-0.501,0.631,-0.578,-0.2,0.284,-0.52,-0.326,0.384,-0.353,0.66,-0.53,-0.07,0.04,-0.757,0.264,0.801,-0.111,-0.588,-0.469,-0.371,0.13,0.9,-0.546,-0.683
AZTA,-0.075,-0.417,0.333,0.71,0.044,0.616,0.834,-0.152,0.148,0.711,-0.008,-0.143,0.825,0.106,-0.285,0.0,0.214,0.555,0.596,-0.103,0.276,0.201,-0.234,0.411,0.517,-0.405,0.659,0.684,-0.248,0.818,0.552,-0.007,0.651,0.6,0.155,0.194,0.164,0.627,0.247,0.482,0.33,-0.454,0.171,0.081,0.135,0.237,0.266,0.704,-0.294,0.695,-0.029,0.338,0.316,-0.244,0.085,0.481,-0.385,0.232,0.647,-0.01,0.563,-0.154,0.244,0.584,0.315,0.516,0.617,-0.226,-0.205,-0.263,-0.476,0.319,-0.025,0.427,0.012,-0.356,0.192,0.663,-0.574,0.446,0.118,0.41,0.264,-0.307,0.351,0.113,0.579,0.475,0.627,-0.011,0.407,0.239,0.591,0.028,0.333,0.51,0.399,-0.053,0.163,0.147,-0.035,0.669,-0.48,0.319,0.284,-0.082,0.331,0.508,0.483,0.439,0.525,0.382,0.144,0.238,0.226,0.294,-0.289,0.679,-0.097,0.329,0.063,0.713,0.266,0.499,0.452,0.609,0.669,-0.061,0.627,0.324,0.118,-0.327,0.235,0.152,0.55,0.412,-0.387,0.609,0.436,0.776,-0.123,-0.283,-0.248,0.497,-0.594,0.36,0.66,0.26,0.112,0.522,0.824,0.087,0.299,0.045,0.2,-0.408,-0.34,-0.066,0.47,-0.41,0.62,-0.379,0.627,0.513,0.68,0.261,0.167,0.818,-0.316,0.638,0.045,0.503,0.671,0.52,0.428,0.603,0.773,-0.167,0.79,0.685,-0.062,0.511,0.032,0.492,0.054,-0.387,-0.142,0.551,-0.121,0.183,0.023,-0.354,-0.117,0.489,0.803,0.695,0.239,-0.2,0.621,0.329
BAND,-0.032,-0.056,-0.587,0.654,0.097,0.537,0.157,-0.804,-0.382,-0.153,0.232,-0.201,0.42,0.407,-0.424,0.214,0.0,0.49,0.691,0.392,0.883,-0.564,-0.395,0.852,0.049,-0.658,0.722,0.496,-0.021,0.308,0.601,-0.186,0.132,0.038,0.897,0.689,0.849,0.641,0.333,0.76,0.852,-0.584,0.595,0.072,-0.371,0.719,-0.664,0.311,-0.23,0.593,-0.118,0.788,-0.262,-0.879,0.743,0.65,-0.592,0.841,0.485,-0.676,0.715,0.819,0.891,0.13,0.756,0.122,0.727,-0.744,-0.718,0.511,0.239,0.429,-0.57,0.514,-0.63,-0.253,0.25,0.555,-0.644,0.237,-0.025,0.626,-0.646,-0.149,0.839,0.76,0.17,0.363,0.495,-0.625,0.163,0.652,0.731,-0.699,0.901,0.376,0.157,-0.483,0.804,0.382,-0.269,0.638,-0.086,-0.221,0.913,0.883,0.187,-0.304,-0.441,0.833,-0.105,-0.563,0.656,0.927,0.609,-0.345,0.61,0.379,0.188,0.885,-0.522,0.501,-0.623,0.787,-0.23,0.707,0.681,0.654,0.554,0.735,0.013,-0.369,-0.452,-0.108,0.617,0.898,-0.605,0.614,0.613,0.421,0.506,-0.623,0.474,0.685,-0.622,0.569,0.701,-0.429,0.126,0.826,0.461,0.117,0.528,-0.232,0.329,-0.25,-0.652,0.692,0.697,-0.319,0.663,-0.218,0.663,0.686,0.198,0.369,-0.698,0.175,0.235,0.205,0.766,0.829,0.299,0.795,0.863,0.781,0.351,-0.85,0.367,0.128,-0.571,0.842,0.479,-0.022,0.427,-0.601,0.571,-0.089,-0.257,0.77,0.618,-0.45,0.435,0.867,0.072,0.426,0.59,-0.505,0.788,0.876
BECN,-0.365,-0.712,-0.101,0.701,0.28,0.52,0.54,-0.539,-0.32,0.505,0.136,-0.644,0.773,-0.238,-0.737,0.555,0.49,0.0,0.878,0.048,0.653,-0.344,-0.263,0.796,0.655,-0.726,0.833,0.778,-0.396,0.76,0.805,-0.221,0.454,0.669,0.386,0.689,0.685,0.816,0.667,0.84,0.723,-0.847,0.751,0.375,-0.633,0.333,-0.199,0.729,-0.318,0.897,-0.06,0.812,0.279,-0.557,0.293,0.811,-0.549,0.616,0.874,-0.434,0.883,0.369,0.505,0.818,0.776,0.515,0.744,-0.758,-0.751,0.056,-0.072,0.431,-0.571,0.843,0.035,-0.802,-0.285,0.881,-0.801,0.681,-0.039,0.789,0.221,-0.677,0.713,0.43,0.155,0.103,0.917,-0.571,0.779,0.649,0.838,-0.455,0.604,0.135,0.657,-0.388,0.139,0.465,-0.627,0.716,-0.66,-0.174,0.65,0.33,0.412,0.223,0.278,0.789,0.172,-0.115,0.554,0.592,0.156,0.225,0.014,0.837,-0.51,0.656,-0.015,0.602,0.012,0.788,0.279,0.903,0.872,0.044,0.921,0.647,-0.462,-0.737,0.213,-0.279,0.939,0.644,-0.875,0.924,0.898,0.594,0.444,-0.769,0.362,0.918,-0.632,0.345,0.843,0.133,-0.509,0.731,0.738,0.236,0.362,0.066,0.066,-0.642,-0.722,0.337,0.746,-0.707,0.876,-0.576,0.796,0.914,0.687,0.385,-0.143,0.671,-0.584,0.468,0.594,0.702,0.225,0.848,0.634,0.785,0.76,-0.531,0.792,0.358,-0.245,0.571,0.322,0.105,0.033,-0.611,0.351,0.264,-0.238,0.682,-0.175,-0.78,-0.053,0.767,0.673,0.58,0.369,-0.772,0.629,0.665
BFC,-0.127,-0.507,-0.145,0.799,0.196,0.69,0.585,-0.632,-0.283,0.45,0.293,-0.392,0.806,0.139,-0.589,0.596,0.691,0.878,0.0,0.132,0.703,-0.313,-0.329,0.865,0.563,-0.732,0.916,0.771,-0.31,0.712,0.768,-0.203,0.524,0.565,0.597,0.692,0.754,0.822,0.565,0.846,0.796,-0.74,0.676,0.267,-0.435,0.516,-0.257,0.688,-0.332,0.916,-0.046,0.833,0.118,-0.655,0.425,0.817,-0.568,0.673,0.869,-0.473,0.95,0.504,0.645,0.697,0.782,0.514,0.836,-0.717,-0.741,0.225,-0.044,0.38,-0.468,0.737,-0.223,-0.567,0.063,0.892,-0.813,0.529,0.141,0.795,-0.036,-0.449,0.834,0.599,0.342,0.386,0.829,-0.482,0.549,0.764,0.876,-0.514,0.73,0.349,0.474,-0.282,0.459,0.55,-0.389,0.791,-0.462,-0.014,0.759,0.493,0.321,0.091,0.152,0.857,0.197,-0.125,0.614,0.715,0.4,0.056,0.197,0.798,-0.207,0.781,-0.192,0.722,-0.139,0.82,0.096,0.921,0.895,0.295,0.878,0.705,-0.143,-0.528,0.017,-0.101,0.88,0.796,-0.768,0.877,0.817,0.674,0.453,-0.641,0.34,0.887,-0.738,0.609,0.902,0.053,-0.172,0.845,0.753,0.232,0.584,0.049,0.348,-0.451,-0.641,0.438,0.767,-0.545,0.894,-0.372,0.867,0.875,0.681,0.442,-0.28,0.656,-0.303,0.438,0.637,0.835,0.377,0.944,0.785,0.903,0.767,-0.603,0.803,0.45,-0.362,0.771,0.395,0.249,0.211,-0.634,0.345,0.257,-0.238,0.716,0.148,-0.632,0.105,0.904,0.592,0.589,0.575,-0.609,0.798,0.71
BGC,0.094,0.135,-0.2,0.229,0.372,0.227,-0.094,-0.196,0.014,-0.325,0.085,-0.128,-0.01,0.08,-0.143,-0.103,0.392,0.048,0.132,0.0,0.31,-0.382,-0.09,0.265,-0.147,-0.055,0.181,0.102,0.352,-0.047,0.175,0.111,-0.283,-0.148,0.379,0.319,0.435,0.139,0.032,0.26,0.315,-0.121,0.318,0.116,-0.14,0.16,-0.397,0.099,-0.136,0.109,0.046,0.173,0.063,-0.407,0.232,0.185,-0.241,0.381,-0.033,-0.461,0.116,0.485,0.469,-0.129,0.198,-0.283,0.257,-0.213,-0.288,0.111,0.312,0.435,-0.261,0.122,-0.215,0.045,0.055,0.064,-0.204,-0.027,-0.033,0.299,-0.377,0.071,0.261,0.435,0.029,0.045,0.044,-0.445,-0.085,0.202,0.241,-0.458,0.399,-0.02,0.216,-0.195,0.418,0.229,-0.155,0.034,-0.063,-0.147,0.382,0.417,0.356,-0.138,-0.462,0.303,0.033,-0.379,0.534,0.422,0.202,0.027,0.508,0.04,0.151,0.329,-0.005,0.186,-0.361,0.287,-0.1,0.164,0.187,0.333,0.181,0.404,-0.013,-0.037,-0.443,0.011,0.149,0.402,-0.196,0.182,0.169,-0.119,0.415,-0.225,0.391,0.221,-0.14,0.18,0.26,-0.285,0.045,0.25,-0.049,-0.012,-0.018,-0.129,0.339,0.012,-0.245,0.51,0.295,-0.002,0.225,0.076,0.182,0.223,-0.048,-0.015,-0.232,-0.093,0.348,-0.015,0.412,0.303,-0.19,0.186,0.433,0.224,0.059,-0.344,0.027,-0.183,0.051,0.397,0.323,-0.156,0.144,0.014,0.559,-0.019,-0.067,0.403,0.37,-0.19,0.219,0.247,-0.122,0.179,0.204,-0.111,0.317,0.344
BHF,-0.273,-0.28,-0.587,0.65,0.217,0.521,0.158,-0.832,-0.448,-0.078,0.123,-0.467,0.475,0.125,-0.652,0.276,0.883,0.653,0.703,0.31,0.0,-0.69,-0.371,0.926,0.214,-0.742,0.745,0.611,-0.124,0.451,0.718,-0.273,0.063,0.185,0.778,0.739,0.882,0.763,0.523,0.866,0.92,-0.774,0.725,0.093,-0.564,0.614,-0.682,0.369,-0.278,0.646,-0.156,0.904,-0.147,-0.92,0.733,0.744,-0.658,0.939,0.572,-0.65,0.747,0.744,0.876,0.292,0.898,0.163,0.751,-0.872,-0.821,0.351,0.234,0.54,-0.736,0.74,-0.479,-0.496,-0.077,0.637,-0.722,0.503,-0.19,0.679,-0.458,-0.383,0.831,0.742,0.038,0.069,0.641,-0.764,0.404,0.548,0.798,-0.65,0.902,0.309,0.363,-0.694,0.601,0.298,-0.526,0.761,-0.288,-0.435,0.95,0.865,0.33,-0.201,-0.362,0.886,-0.124,-0.586,0.648,0.925,0.499,-0.224,0.463,0.467,-0.062,0.857,-0.422,0.449,-0.536,0.871,-0.057,0.803,0.75,0.426,0.675,0.815,-0.283,-0.586,-0.263,-0.298,0.766,0.858,-0.788,0.747,0.78,0.488,0.503,-0.795,0.5,0.802,-0.579,0.43,0.746,-0.36,-0.183,0.85,0.562,0.131,0.427,-0.267,0.07,-0.539,-0.826,0.657,0.783,-0.518,0.757,-0.459,0.689,0.819,0.258,0.316,-0.665,0.229,-0.026,0.364,0.793,0.814,0.239,0.828,0.857,0.789,0.421,-0.925,0.413,0.06,-0.567,0.776,0.591,-0.163,0.408,-0.656,0.597,-0.081,-0.24,0.807,0.384,-0.601,0.29,0.848,0.185,0.531,0.452,-0.699,0.774,0.942
BHFAL,0.398,0.15,0.777,-0.197,-0.252,-0.108,0.39,0.695,0.655,0.558,-0.329,0.576,0.095,0.197,0.626,0.201,-0.564,-0.344,-0.313,-0.382,-0.69,0.0,0.359,-0.558,0.201,0.335,-0.289,-0.039,-0.278,0.102,-0.237,0.519,0.382,0.193,-0.531,-0.707,-0.72,-0.328,-0.382,-0.5,-0.682,0.578,-0.676,-0.008,0.634,-0.337,0.869,0.096,-0.06,-0.182,0.318,-0.581,0.365,0.699,-0.56,-0.402,0.428,-0.712,-0.083,0.61,-0.362,-0.776,-0.601,0.064,-0.596,0.3,-0.419,0.738,0.739,-0.428,-0.586,-0.321,0.812,-0.349,0.488,0.48,0.298,-0.128,0.46,-0.176,0.423,-0.441,0.499,0.416,-0.586,-0.522,0.37,0.335,-0.287,0.871,-0.393,-0.328,-0.408,0.701,-0.626,0.192,-0.124,0.664,-0.391,-0.177,0.694,-0.255,0.153,0.626,-0.696,-0.725,-0.075,0.526,0.686,-0.625,0.551,0.853,-0.538,-0.716,-0.13,0.407,-0.449,0.013,0.193,-0.451,0.439,-0.027,0.67,-0.594,0.391,-0.372,-0.284,-0.223,-0.364,-0.601,0.536,0.586,0.432,0.631,-0.409,-0.448,0.553,-0.372,-0.487,0.027,-0.571,0.62,-0.541,-0.522,0.341,-0.032,-0.347,0.666,0.348,-0.442,-0.053,0.148,0.049,0.519,0.193,0.442,0.723,-0.613,-0.37,0.424,-0.332,0.399,-0.16,-0.48,0.292,0.034,0.714,0.22,-0.003,0.157,-0.749,-0.403,0.245,-0.43,-0.486,-0.373,0.075,0.795,0.006,0.307,0.469,-0.403,-0.442,0.666,-0.36,0.54,-0.734,0.371,0.13,-0.732,-0.145,0.437,-0.182,-0.49,0.196,-0.049,-0.09,0.733,-0.378,-0.65
BKNG,0.208,0.317,0.331,-0.477,-0.066,-0.393,-0.168,0.421,0.389,0.151,-0.086,0.255,-0.194,0.083,0.409,-0.234,-0.395,-0.263,-0.329,-0.09,-0.371,0.359,0.0,-0.346,0.115,0.255,-0.379,-0.069,-0.204,-0.145,-0.229,0.46,-0.083,-0.087,-0.391,-0.453,-0.341,-0.28,-0.214,-0.372,-0.48,0.536,-0.336,-0.013,-0.007,-0.302,0.415,-0.253,0.037,-0.219,0.525,-0.256,0.247,0.45,-0.091,-0.416,0.467,-0.363,-0.155,0.411,-0.311,-0.349,-0.449,-0.076,-0.212,0.106,-0.611,0.373,0.452,-0.191,-0.065,-0.161,0.419,-0.084,0.511,0.303,-0.058,-0.121,0.67,-0.075,0.043,-0.485,0.151,0.355,-0.384,-0.15,-0.269,-0.283,-0.374,0.37,-0.31,-0.14,-0.405,0.509,-0.464,-0.049,-0.047,0.303,-0.464,-0.263,0.391,-0.287,0.233,-0.022,-0.396,-0.266,0.009,0.101,0.158,-0.426,0.303,0.357,-0.215,-0.454,-0.135,0.224,0.076,-0.135,0.028,-0.281,0.342,-0.372,0.234,-0.544,0.368,-0.356,-0.363,-0.155,-0.43,-0.273,0.128,0.462,0.415,0.402,-0.34,-0.284,0.314,-0.373,-0.292,-0.255,-0.223,0.344,-0.106,-0.396,0.622,-0.072,-0.42,0.428,-0.22,-0.492,-0.378,0.361,0.067,0.383,0.021,0.474,0.52,-0.208,-0.337,0.53,-0.367,0.335,-0.31,-0.401,-0.067,0.146,0.311,-0.33,-0.024,0.012,-0.351,-0.283,-0.174,-0.353,-0.439,-0.358,-0.255,0.404,-0.313,-0.479,0.342,-0.464,-0.194,0.198,-0.487,0.595,-0.282,-0.156,0.011,-0.467,-0.11,0.432,-0.269,-0.391,-0.284,-0.168,0.108,0.403,-0.435,-0.434
BL,-0.179,-0.409,-0.446,0.748,0.242,0.625,0.345,-0.779,-0.397,0.161,0.137,-0.501,0.63,0.134,-0.683,0.411,0.852,0.796,0.865,0.265,0.926,-0.558,-0.346,0.0,0.421,-0.786,0.863,0.721,-0.267,0.575,0.832,-0.181,0.239,0.401,0.745,0.805,0.911,0.82,0.554,0.943,0.933,-0.822,0.803,0.268,-0.597,0.6,-0.558,0.555,-0.401,0.83,-0.042,0.94,0.034,-0.85,0.632,0.871,-0.682,0.876,0.75,-0.661,0.885,0.718,0.861,0.524,0.922,0.35,0.81,-0.857,-0.858,0.342,0.083,0.508,-0.643,0.839,-0.339,-0.566,-0.08,0.779,-0.79,0.533,-0.022,0.795,-0.278,-0.418,0.877,0.758,0.152,0.215,0.79,-0.709,0.495,0.723,0.887,-0.662,0.893,0.304,0.499,-0.508,0.573,0.504,-0.518,0.788,-0.39,-0.356,0.923,0.759,0.419,-0.08,-0.153,0.912,0.02,-0.435,0.722,0.9,0.534,-0.053,0.416,0.681,-0.179,0.896,-0.288,0.592,-0.372,0.892,0.022,0.924,0.883,0.456,0.808,0.83,-0.265,-0.587,-0.132,-0.235,0.893,0.908,-0.864,0.88,0.89,0.56,0.594,-0.801,0.551,0.903,-0.623,0.503,0.858,-0.151,-0.2,0.885,0.673,0.247,0.522,-0.088,0.185,-0.503,-0.766,0.673,0.859,-0.544,0.877,-0.43,0.843,0.924,0.488,0.402,-0.519,0.418,-0.13,0.393,0.81,0.879,0.225,0.945,0.888,0.877,0.608,-0.829,0.605,0.186,-0.47,0.813,0.552,-0.006,0.379,-0.642,0.564,0.059,-0.339,0.845,0.278,-0.697,0.259,0.91,0.358,0.567,0.532,-0.712,0.789,0.904
BOKF,0.033,-0.56,0.446,0.433,0.352,0.49,0.67,0.04,0.276,0.804,-0.206,-0.349,0.708,-0.173,-0.311,0.517,0.049,0.655,0.563,-0.147,0.214,0.201,0.115,0.421,0.0,-0.309,0.505,0.749,-0.584,0.745,0.597,0.339,0.44,0.81,-0.039,0.16,0.273,0.544,0.357,0.448,0.263,-0.382,0.37,0.464,-0.247,0.03,0.33,0.724,-0.512,0.658,0.418,0.456,0.712,-0.045,-0.041,0.512,-0.179,0.208,0.812,-0.029,0.525,-0.115,0.148,0.897,0.44,0.595,0.328,-0.174,-0.168,-0.323,-0.402,0.336,0.065,0.659,0.536,-0.374,-0.296,0.739,-0.35,0.584,0.307,0.446,0.585,-0.239,0.177,0.276,0.292,0.108,0.607,-0.061,0.431,0.343,0.509,0.066,0.145,0.22,0.714,0.137,-0.195,0.398,-0.203,0.494,-0.541,-0.02,0.19,-0.04,0.587,0.666,0.62,0.239,0.603,0.468,0.305,0.057,0.203,0.691,-0.189,0.803,-0.434,0.332,0.501,0.488,0.512,0.287,0.637,0.572,0.591,-0.007,0.597,0.299,-0.198,-0.198,0.592,0.21,0.672,0.33,-0.455,0.599,0.508,0.442,0.21,-0.243,0.145,0.495,-0.081,0.309,0.513,0.758,-0.366,0.343,0.516,0.554,0.398,0.521,0.212,-0.28,-0.149,0.132,0.528,-0.25,0.63,-0.11,0.591,0.544,0.865,0.231,0.411,0.651,-0.543,0.599,0.137,0.41,0.114,0.496,0.304,0.368,0.73,0.021,0.623,0.266,0.248,0.169,0.276,0.512,-0.111,0.043,0.015,0.564,-0.311,0.159,-0.238,-0.39,-0.267,0.297,0.674,0.59,0.277,-0.208,0.269,0.176
BRKR,0.241,0.448,0.336,-0.666,-0.017,-0.466,-0.398,0.693,0.343,-0.204,0.027,0.38,-0.622,-0.17,0.593,-0.405,-0.658,-0.726,-0.732,-0.055,-0.742,0.335,0.255,-0.786,-0.309,0.0,-0.77,-0.662,0.474,-0.603,-0.791,0.194,-0.398,-0.429,-0.607,-0.618,-0.656,-0.719,-0.572,-0.833,-0.743,0.738,-0.579,-0.024,0.527,-0.433,0.413,-0.502,0.261,-0.733,0.157,-0.749,0.056,0.723,-0.431,-0.736,0.662,-0.662,-0.676,0.541,-0.783,-0.485,-0.612,-0.446,-0.726,-0.441,-0.675,0.753,0.724,-0.232,0.04,-0.41,0.598,-0.687,0.28,0.515,0.042,-0.705,0.684,-0.478,0.036,-0.668,0.205,0.442,-0.719,-0.408,-0.203,-0.234,-0.758,0.469,-0.428,-0.495,-0.773,0.509,-0.717,-0.317,-0.347,0.547,-0.419,-0.298,0.394,-0.693,0.362,0.213,-0.712,-0.52,-0.212,0.084,-0.023,-0.754,-0.06,0.321,-0.434,-0.72,-0.299,0.12,-0.29,-0.564,0.137,-0.725,0.311,-0.515,0.251,-0.754,-0.09,-0.821,-0.783,-0.218,-0.67,-0.592,0.208,0.547,0.074,0.259,-0.747,-0.68,0.801,-0.777,-0.78,-0.599,-0.33,0.823,-0.363,-0.772,0.639,-0.303,-0.737,0.155,0.242,-0.777,-0.6,-0.135,-0.396,0.175,-0.083,0.516,0.675,-0.362,-0.702,0.578,-0.721,0.562,-0.769,-0.779,-0.485,-0.452,0.449,-0.447,0.186,-0.464,-0.578,-0.721,-0.36,-0.818,-0.719,-0.823,-0.573,0.706,-0.599,-0.297,0.512,-0.681,-0.314,0.019,-0.2,0.655,-0.274,0.0,0.091,-0.654,-0.167,0.675,-0.273,-0.805,-0.41,-0.468,-0.39,0.611,-0.657,-0.721
CACC,-0.161,-0.509,-0.133,0.899,0.196,0.755,0.682,-0.606,-0.198,0.423,0.16,-0.405,0.849,0.155,-0.61,0.659,0.722,0.833,0.916,0.181,0.745,-0.289,-0.379,0.863,0.505,-0.77,0.0,0.829,-0.341,0.781,0.845,-0.142,0.564,0.588,0.636,0.702,0.73,0.852,0.516,0.876,0.827,-0.807,0.672,0.186,-0.368,0.531,-0.271,0.768,-0.401,0.927,-0.142,0.778,0.159,-0.717,0.411,0.834,-0.708,0.718,0.83,-0.558,0.905,0.474,0.717,0.638,0.737,0.454,0.907,-0.7,-0.708,0.097,-0.144,0.505,-0.502,0.725,-0.246,-0.551,0.063,0.854,-0.87,0.525,0.115,0.804,-0.085,-0.438,0.792,0.558,0.444,0.443,0.874,-0.505,0.539,0.655,0.938,-0.541,0.811,0.405,0.55,-0.354,0.513,0.484,-0.389,0.797,-0.559,-0.015,0.792,0.492,0.428,0.157,0.122,0.861,0.302,-0.135,0.616,0.752,0.44,0.109,0.21,0.769,-0.138,0.802,-0.166,0.821,-0.128,0.878,0.215,0.943,0.947,0.315,0.899,0.71,-0.099,-0.575,-0.086,-0.127,0.883,0.838,-0.818,0.916,0.817,0.714,0.417,-0.703,0.307,0.897,-0.812,0.527,0.952,-0.027,-0.088,0.895,0.811,0.186,0.465,-0.056,0.336,-0.528,-0.726,0.463,0.822,-0.611,0.927,-0.472,0.926,0.898,0.686,0.355,-0.266,0.727,-0.232,0.54,0.627,0.895,0.444,0.921,0.86,0.947,0.829,-0.648,0.842,0.53,-0.316,0.856,0.323,0.225,0.213,-0.65,0.396,0.347,-0.265,0.74,0.236,-0.704,0.159,0.904,0.655,0.701,0.515,-0.597,0.868,0.772
CAR,-0.144,-0.455,0.121,0.749,0.268,0.636,0.745,-0.348,0.081,0.634,-0.054,-0.327,0.876,0.059,-0.439,0.684,0.496,0.778,0.771,0.102,0.611,-0.039,-0.069,0.721,0.749,-0.662,0.829,0.0,-0.477,0.88,0.799,0.108,0.512,0.669,0.38,0.385,0.52,0.814,0.504,0.728,0.588,-0.617,0.453,0.213,-0.285,0.369,0.06,0.787,-0.42,0.845,0.128,0.708,0.412,-0.471,0.316,0.665,-0.475,0.581,0.86,-0.276,0.748,0.168,0.512,0.747,0.693,0.629,0.69,-0.515,-0.447,-0.126,-0.251,0.502,-0.252,0.784,0.103,-0.478,-0.096,0.899,-0.638,0.726,0.136,0.612,0.17,-0.35,0.547,0.444,0.402,0.269,0.777,-0.296,0.485,0.466,0.803,-0.194,0.559,0.425,0.649,-0.27,0.202,0.331,-0.261,0.81,-0.526,-0.036,0.584,0.324,0.538,0.435,0.374,0.648,0.543,0.164,0.442,0.492,0.363,0.363,0.038,0.834,-0.181,0.71,0.102,0.701,0.138,0.671,0.528,0.831,0.833,0.186,0.787,0.611,-0.078,-0.412,0.286,0.095,0.812,0.705,-0.669,0.811,0.707,0.674,0.204,-0.551,0.202,0.732,-0.492,0.493,0.799,0.331,-0.211,0.747,0.785,0.426,0.524,0.258,0.28,-0.45,-0.534,0.259,0.759,-0.404,0.838,-0.337,0.833,0.767,0.804,0.403,0.006,0.722,-0.371,0.724,0.335,0.752,0.478,0.76,0.669,0.744,0.824,-0.429,0.756,0.4,-0.112,0.617,0.35,0.46,0.044,-0.354,0.136,0.441,-0.247,0.425,0.114,-0.553,-0.024,0.675,0.682,0.805,0.486,-0.41,0.701,0.616
CDNA,-0.047,0.363,-0.225,-0.217,0.037,-0.242,-0.43,0.034,-0.163,-0.548,0.373,0.164,-0.473,-0.012,0.152,-0.248,-0.021,-0.396,-0.31,0.352,-0.124,-0.278,-0.204,-0.267,-0.584,0.474,-0.341,-0.477,0.0,-0.481,-0.516,-0.231,-0.458,-0.574,-0.002,-0.134,-0.121,-0.357,-0.111,-0.318,-0.12,0.224,-0.223,-0.215,0.357,0.083,-0.192,-0.4,0.433,-0.438,-0.321,-0.258,-0.417,0.046,0.109,-0.369,0.127,-0.052,-0.526,0.05,-0.382,0.094,-0.011,-0.523,-0.259,-0.482,-0.082,0.112,0.095,0.176,0.481,-0.169,0.001,-0.462,-0.344,0.152,0.123,-0.485,0.144,-0.287,-0.21,-0.265,-0.303,0.054,-0.099,-0.088,-0.22,-0.171,-0.42,-0.073,-0.149,-0.208,-0.339,-0.061,-0.109,-0.269,-0.402,-0.015,0.152,-0.156,0.022,-0.231,0.291,0.005,-0.062,0.071,-0.314,-0.283,-0.434,-0.079,-0.38,-0.278,-0.166,-0.01,-0.139,-0.38,0.031,-0.502,0.28,-0.241,-0.261,-0.257,-0.276,-0.097,-0.432,-0.396,-0.394,0.112,-0.286,-0.069,0.031,0.086,-0.354,-0.227,-0.393,-0.178,0.406,-0.386,-0.379,-0.374,-0.087,0.278,-0.035,-0.297,0.036,-0.061,-0.267,-0.497,0.336,-0.197,-0.25,-0.356,-0.286,-0.325,-0.069,0.077,0.018,-0.072,-0.32,0.136,-0.342,0.226,-0.434,-0.342,-0.572,-0.184,-0.189,-0.386,0.336,-0.45,-0.115,-0.272,-0.109,-0.345,-0.163,-0.304,-0.466,-0.016,-0.357,-0.137,-0.074,-0.044,0.021,-0.301,0.255,-0.024,0.077,-0.218,0.223,-0.086,0.15,0.289,0.059,-0.23,-0.368,-0.289,-0.254,0.101,-0.06,-0.039
CG,-0.215,-0.585,0.324,0.759,0.207,0.665,0.855,-0.199,0.172,0.758,-0.156,-0.329,0.941,-0.038,-0.428,0.818,0.308,0.76,0.712,-0.047,0.451,0.102,-0.145,0.575,0.745,-0.603,0.781,0.88,-0.481,0.0,0.773,0.089,0.663,0.747,0.185,0.291,0.335,0.793,0.46,0.65,0.462,-0.614,0.367,0.147,-0.116,0.263,0.197,0.851,-0.429,0.811,-0.011,0.538,0.457,-0.364,0.13,0.623,-0.453,0.405,0.842,-0.127,0.688,-0.061,0.345,0.772,0.515,0.589,0.677,-0.385,-0.312,-0.329,-0.456,0.541,-0.229,0.68,0.166,-0.468,-0.034,0.86,-0.658,0.657,0.183,0.547,0.334,-0.395,0.407,0.238,0.515,0.351,0.781,-0.143,0.492,0.285,0.749,-0.034,0.426,0.487,0.634,-0.218,0.078,0.202,-0.199,0.774,-0.613,0.1,0.41,0.05,0.519,0.592,0.539,0.542,0.623,0.33,0.283,0.334,0.219,0.46,-0.176,0.829,-0.254,0.481,0.197,0.742,0.313,0.59,0.64,0.761,0.81,-0.059,0.771,0.449,-0.066,-0.447,0.326,0.096,0.757,0.523,-0.612,0.777,0.613,0.795,0.03,-0.455,-0.036,0.672,-0.56,0.369,0.764,0.376,-0.179,0.641,0.839,0.252,0.384,0.177,0.209,-0.547,-0.481,0.057,0.656,-0.568,0.804,-0.467,0.791,0.709,0.847,0.313,0.184,0.866,-0.489,0.834,0.197,0.645,0.569,0.656,0.562,0.704,0.898,-0.271,0.843,0.608,-0.012,0.519,0.229,0.462,-0.073,-0.361,0.005,0.594,-0.132,0.301,-0.032,-0.533,-0.139,0.576,0.853,0.817,0.323,-0.332,0.639,0.462
