,ACET,ADAP,ADI,ADPT,ADTN,AGEN,ALGN,ALLK,AMD,AMWD,ARDX,ARQT,ASTE,AUPH,AVXL,AZTA,BAND,BECN,BFC,BGC,BHF,BHFAL,BKNG,BL,BOKF,BRKR,CACC,CAR,CDNA,CG,CGBD,CHI,CHTR,CHX,CLNE,CME,CNOB,CNXN,CPRX,CSGP,CSGS,CSIQ,CVCO,CVLT,CYRX,DDOG,DOOO,DSGX,DTIL,ECPG,EEFT,EFSC,ENTG,ESPR,ETSY,EXC,FAMI,FFIV,FITB,FIZZ,FMBH,FOX,FTNT,FULT,GABC,GEN,GH,GMAB,GNPX,GO,GOGL,GOOG,GPRO,GSHD,GSM,GWAV,HAIN,HBAN,HEPA,HURN,HWKN,IBIO,ICFI,IGMS,IMKTA,INCY,INO,IRDM,IRTC,IRWD,ITCI,JACK,JD,JJSF,KALA,KHC,KLAC,KRRO,KRYS,LANC,LBTYA,LIVN,LKCO,LNTH,LOGI,LPRO,LRCX,LSCC,LSTR,MAR,MARA,MCHP,MEOH,META,MGTX,MKSI,MMYT,MORN,MRUS,MTLS,MTSI,MVIS,MXL,NBIX,NFE,NMIH,NMRK,NNDM,NSIT,NTCT,NVAX,OCUL,ODP,OLED,ONB,OTEX,PACB,PATK,PAYX,PEP,PERI,PI,PLYA,PRDO,PRGS,PTGX,QCOM,QCRH,QDEL,QFIN,RGEN,RILY,RPAY,RPD,SABR,SEDG,SHEN,SIRI,SLNO,SNDL,SNEX,SONO,SPT,SSNC,STGW,STKL,STRL,STX,SWTX,SYNA,TFSL,TIGR,TNXP,TOWN,TRI,TRIP,TRMB,TRNS,TRS,TSCO,TSEM,TVTX,TXRH,VC,VCEL,VECO,VIAV,VICR,VIR,VRTX,VSTM,VTRS,WDFC,WSBC,WSC,WYNN,XENE,XNCR,XRAY,ZS
ACET,0.0,0.245,0.062,0.273,0.402,0.411,0.114,0.07,-0.207,0.034,0.281,-0.086,-0.117,0.306,-0.049,0.37,-0.025,0.185,0.294,0.271,-0.026,-0.106,0.034,0.354,0.291,0.235,0.112,0.072,-0.139,-0.065,0.311,0.289,0.04,-0.087,0.277,0.184,0.167,-0.269,0.24,0.316,0.258,0.082,0.295,0.311,-0.068,-0.051,-0.053,0.337,-0.168,0.221,0.215,0.187,0.403,0.069,0.139,0.069,-0.087,0.107,0.123,-0.236,0.239,0.164,0.169,0.385,-0.046,0.184,0.045,0.022,-0.168,0.165,0.226,-0.186,0.329,-0.064,-0.274,-0.188,0.061,0.114,-0.112,-0.335,0.35,0.452,0.017,0.149,0.093,0.505,-0.022,0.187,0.116,-0.134,-0.095,0.685,-0.028,-0.322,0.322,-0.195,0.308,0.51,0.309,0.388,-0.033,-0.288,-0.321,0.183,0.072,0.245,0.253,-0.364,-0.092,0.363,-0.043,-0.093,0.372,0.084,0.517,0.081,0.4,0.174,0.45,0.258,0.165,0.174,0.063,0.07,-0.171,0.184,0.124,0.467,0.203,0.064,-0.053,0.257,-0.062,-0.053,0.304,0.316,0.289,0.1,0.32,-0.305,0.355,-0.146,0.193,0.122,0.004,0.255,-0.042,0.195,0.061,0.107,0.031,0.286,0.376,0.22,0.445,0.514,0.199,0.262,0.304,0.584,0.291,0.751,-0.161,0.042,0.122,-0.056,0.117,-0.008,-0.182,-0.143,0.246,0.058,-0.289,0.228,0.13,0.017,0.251,0.009,0.018,-0.23,0.282,0.007,0.133,-0.079,0.352,0.233,0.262,0.165,0.216,0.352,0.095,-0.144,0.521,-0.035,0.018,-0.105,0.04,-0.022,0.025,0.045
ADAP,0.245,0.0,-0.378,0.223,0.205,-0.003,-0.208,-0.44,-0.404,-0.265,0.476,-0.127,-0.144,0.282,-0.104,0.105,0.337,0.542,0.337,0.241,0.411,-0.368,0.258,0.452,-0.23,-0.154,0.207,0.116,0.049,-0.093,0.117,-0.205,-0.051,-0.562,0.432,0.255,0.338,-0.291,0.33,0.453,0.365,-0.055,0.238,0.123,-0.311,0.191,-0.262,0.08,0.141,0.325,0.014,0.431,-0.065,-0.344,0.508,0.109,-0.088,0.385,0.043,-0.179,0.367,0.336,0.301,-0.111,0.373,0.209,0.087,-0.42,-0.377,0.423,0.387,-0.148,-0.129,0.456,-0.405,-0.383,-0.021,0.276,-0.118,-0.017,-0.276,0.356,-0.394,-0.163,0.316,0.303,-0.329,-0.012,-0.021,-0.348,0.033,0.523,0.24,-0.293,0.492,0.107,-0.135,-0.089,0.275,0.131,-0.066,0.054,0.142,-0.081,0.39,0.493,0.034,-0.579,-0.344,0.604,-0.284,-0.388,0.214,0.388,0.397,-0.421,0.455,0.025,0.442,0.484,-0.364,-0.122,-0.444,-0.035,-0.281,0.15,0.157,0.326,-0.064,0.376,-0.08,-0.162,-0.172,-0.135,0.307,0.342,-0.075,0.121,0.396,-0.074,0.14,-0.339,0.213,0.269,-0.106,0.529,-0.009,-0.284,-0.078,0.396,0.008,-0.041,0.524,-0.012,0.221,0.394,-0.187,0.27,0.392,0.376,0.321,0.22,-0.243,0.249,-0.31,0.48,-0.394,-0.348,0.008,-0.13,0.333,0.323,-0.031,0.365,0.298,0.34,-0.21,-0.427,-0.225,-0.409,-0.313,0.158,0.034,-0.168,0.151,-0.223,0.238,-0.388,0.045,0.332,0.417,-0.056,0.354,0.334,-0.334,-0.046,0.387,-0.287,0.19,0.384
ADI,0.062,-0.378,0.0,-0.135,-0.363,0.236,0.754,0.855,0.869,0.872,-0.483,0.598,0.594,-0.122,0.749,0.58,-0.834,-0.594,-0.532,0.109,-0.798,0.849,-0.233,-0.347,0.441,0.739,-0.222,0.32,-0.307,0.712,0.349,0.702,0.376,0.56,-0.736,-0.795,-0.868,0.527,-0.22,-0.622,-0.822,0.74,-0.754,-0.439,0.803,-0.662,0.906,0.085,0.139,-0.399,0.503,-0.833,0.169,0.837,-0.505,-0.707,0.456,-0.802,0.231,0.746,-0.663,-0.884,-0.776,0.4,-0.683,-0.12,-0.175,0.922,0.909,-0.809,-0.645,0.461,0.763,-0.704,0.278,0.527,0.383,0.258,0.408,0.152,0.386,-0.591,0.896,0.789,-0.447,0.186,0.576,0.281,-0.089,0.821,-0.391,-0.38,-0.494,0.763,-0.694,0.219,0.163,0.714,-0.39,-0.559,0.72,0.071,-0.529,0.723,-0.84,-0.8,-0.12,0.481,0.851,-0.687,0.866,0.935,-0.057,-0.884,-0.518,0.82,-0.557,0.569,-0.223,-0.803,0.844,0.294,0.909,0.418,0.795,0.115,-0.234,-0.656,0.167,-0.648,0.589,0.747,0.733,0.746,-0.667,-0.342,0.789,-0.186,-0.627,0.363,-0.66,0.795,-0.733,-0.563,0.249,-0.132,-0.172,0.792,0.267,-0.707,0.468,0.469,-0.147,0.664,-0.171,0.019,0.246,-0.777,-0.533,-0.266,-0.639,0.27,0.032,-0.735,0.729,-0.234,0.898,0.625,-0.629,0.658,-0.829,-0.701,0.454,-0.787,-0.754,-0.604,0.615,0.869,0.499,0.457,0.797,-0.681,0.359,0.734,-0.163,0.743,-0.683,0.703,0.709,-0.725,-0.513,0.635,-0.456,-0.799,0.542,0.593,0.065,0.917,0.075,-0.825
ADPT,0.273,0.223,-0.135,0.0,0.239,0.654,0.298,-0.338,-0.208,-0.117,0.381,-0.032,0.357,0.46,-0.275,0.246,0.482,0.361,0.616,0.184,0.425,-0.244,-0.364,0.44,-0.21,-0.171,0.787,0.306,0.288,0.152,0.201,-0.274,0.201,-0.129,0.574,0.323,0.314,-0.028,0.188,0.577,0.481,-0.545,0.261,0.008,0.192,0.347,-0.246,0.479,-0.088,0.611,-0.33,0.284,-0.065,-0.505,0.328,0.36,-0.669,0.448,0.194,-0.345,0.515,0.302,0.43,-0.051,0.16,0.049,0.853,-0.243,-0.321,0.125,0.103,0.045,-0.074,-0.004,-0.561,-0.097,0.247,0.241,-0.843,-0.16,0.079,0.455,-0.393,-0.431,0.424,0.197,0.446,0.562,0.653,-0.282,0.611,0.316,0.665,-0.409,0.584,0.287,0.071,-0.04,0.692,0.228,-0.075,0.323,-0.231,0.134,0.504,0.38,0.209,-0.147,-0.285,0.546,-0.042,-0.231,0.268,0.488,0.454,-0.235,0.29,0.069,0.756,0.449,-0.282,0.705,-0.27,0.151,-0.199,0.413,0.827,0.397,0.662,0.458,0.274,-0.261,-0.437,-0.126,0.547,0.559,-0.161,0.692,0.34,0.266,0.175,-0.232,0.072,0.653,-0.801,0.413,0.79,-0.414,0.607,0.576,0.317,-0.243,0.177,-0.264,0.467,-0.254,-0.421,0.267,0.645,-0.024,0.435,0.091,0.464,0.288,0.064,-0.067,-0.247,0.451,0.107,0.023,0.307,0.46,0.229,0.514,0.499,0.674,0.562,-0.426,0.495,0.333,-0.169,0.546,0.001,-0.054,0.459,-0.436,0.287,0.313,0.16,0.502,0.673,-0.276,0.481,0.514,0.38,0.146,0.168,-0.198,0.611,0.447
ADTN,0.402,0.205,-0.363,0.239,0.0,0.049,-0.423,-0.147,-0.47,-0.47,0.214,-0.71,-0.479,-0.181,-0.569,-0.423,0.398,0.196,0.35,-0.057,0.319,-0.491,0.461,0.147,0.248,-0.343,-0.025,-0.177,0.304,-0.586,-0.413,0.019,-0.399,-0.172,0.52,0.609,0.699,-0.714,0.105,0.324,0.663,-0.419,0.738,0.769,-0.58,0.236,-0.589,0.527,-0.3,0.336,-0.347,0.527,0.726,-0.371,0.083,0.592,-0.281,0.628,-0.344,-0.716,0.37,0.521,0.75,0.236,0.114,0.242,0.004,-0.359,-0.564,0.284,0.535,-0.456,-0.38,0.473,0.164,-0.116,-0.648,-0.366,-0.303,-0.156,-0.086,0.735,-0.437,-0.439,-0.085,-0.187,-0.394,-0.334,-0.034,-0.713,0.252,0.283,0.243,-0.656,0.562,-0.404,0.68,-0.272,0.041,0.765,-0.732,-0.396,-0.079,-0.544,0.526,0.466,0.837,0.007,-0.646,0.529,-0.457,-0.537,0.081,0.536,0.657,0.028,0.355,-0.459,0.354,0.622,-0.122,-0.024,-0.416,-0.572,-0.615,-0.38,0.072,0.721,-0.058,0.628,-0.676,-0.46,-0.604,-0.45,0.617,0.176,-0.365,0.01,0.295,-0.649,0.745,-0.695,0.767,0.249,0.064,0.1,0.06,-0.214,-0.368,0.489,-0.568,-0.342,0.027,-0.332,0.626,0.137,0.281,0.802,0.617,0.714,0.794,0.11,-0.315,0.693,-0.306,-0.161,-0.101,-0.175,0.578,-0.595,0.568,0.578,-0.716,0.482,0.692,0.259,-0.095,-0.376,-0.324,-0.503,-0.03,0.516,-0.467,-0.573,0.004,-0.033,0.756,0.132,-0.506,0.521,0.232,-0.694,0.246,0.375,0.023,-0.491,-0.365,-0.602,-0.307,0.593
AGEN,0.411,-0.003,0.236,0.654,0.049,0.0,0.565,-0.03,0.134,0.191,-0.021,0.259,0.524,0.559,-0.056,0.618,0.096,0.111,0.301,0.45,0.153,-0.01,-0.519,0.369,0.087,0.369,0.593,0.347,0.017,0.477,0.595,0.243,0.212,0.2,0.287,0.026,-0.06,0.309,0.281,0.382,0.107,-0.154,0.025,-0.257,0.474,-0.026,0.136,0.204,-0.099,0.298,0.181,0.03,-0.049,-0.11,0.234,0.081,-0.374,0.073,0.478,0.034,0.186,-0.007,0.001,0.16,0.105,-0.25,0.691,0.159,0.028,-0.066,-0.095,0.373,0.412,-0.286,-0.559,-0.023,0.511,0.441,-0.526,-0.045,0.209,0.184,0.023,-0.019,0.373,0.605,0.651,0.644,0.567,0.047,0.122,0.302,0.415,-0.068,0.21,0.366,0.169,0.429,0.661,-0.048,0.221,0.359,-0.458,0.444,0.126,0.17,0.091,-0.138,0.037,0.197,0.341,0.156,0.479,0.077,0.406,0.14,0.201,0.425,0.569,0.031,0.161,0.696,0.143,0.55,0.228,0.649,0.703,0.091,0.77,0.107,0.423,0.232,0.056,0.321,0.354,0.482,0.263,0.667,0.302,0.396,-0.048,0.177,-0.276,0.468,-0.414,0.419,0.504,0.019,0.636,0.189,0.571,0.293,0.258,0.116,0.269,-0.145,-0.335,-0.036,0.403,-0.115,0.03,0.447,0.443,-0.181,0.342,-0.225,0.043,0.439,-0.329,0.389,0.082,0.078,0.306,0.142,0.018,0.223,0.699,-0.097,0.593,0.323,0.239,0.051,0.442,0.28,0.637,0.062,0.058,0.431,0.453,0.295,0.477,0.132,0.518,0.022,0.318,0.523,0.258,0.184,0.705,0.002
ALGN,0.114,-0.208,0.754,0.298,-0.423,0.565,0.0,0.46,0.666,0.8,-0.258,0.648,0.852,0.365,0.541,0.772,-0.472,-0.265,-0.102,0.162,-0.434,0.7,-0.486,0.047,0.283,0.554,0.328,0.599,-0.309,0.85,0.605,0.473,0.529,0.572,-0.345,-0.611,-0.689,0.62,0.049,-0.176,-0.536,0.418,-0.673,-0.577,0.895,-0.386,0.771,0.181,0.06,0.001,0.476,-0.565,-0.116,0.497,-0.193,-0.459,0.119,-0.557,0.56,0.654,-0.281,-0.67,-0.576,0.345,-0.351,-0.013,0.315,0.665,0.653,-0.492,-0.61,0.49,0.733,-0.602,-0.174,0.377,0.664,0.607,-0.019,0.205,0.428,-0.434,0.621,0.489,0.049,0.369,0.801,0.672,0.373,0.719,-0.19,-0.096,0.021,0.588,-0.352,0.55,-0.064,0.665,0.114,-0.515,0.784,0.459,-0.53,0.811,-0.513,-0.474,-0.265,0.184,0.71,-0.346,0.83,0.755,0.102,-0.562,-0.189,0.465,-0.343,0.72,0.206,-0.514,0.496,0.587,0.692,0.624,0.711,0.571,0.31,-0.44,0.579,-0.405,0.808,0.618,0.605,0.726,-0.306,0.07,0.627,0.308,-0.235,0.686,-0.655,0.674,-0.719,-0.085,-0.193,0.179,0.202,0.531,0.71,-0.277,0.79,0.517,0.188,0.545,-0.105,-0.09,-0.084,-0.688,-0.259,-0.356,-0.458,0.358,0.455,-0.623,0.801,-0.063,0.539,0.745,-0.626,0.715,-0.646,-0.44,0.711,-0.393,-0.492,-0.167,0.851,0.5,0.802,0.661,0.487,-0.423,0.523,0.808,0.263,0.359,-0.65,0.613,0.765,-0.441,-0.07,0.606,-0.024,-0.431,0.625,0.752,0.242,0.768,0.564,-0.566
ALLK,0.07,-0.44,0.855,-0.338,-0.147,-0.03,0.46,0.0,0.792,0.675,-0.565,0.316,0.258,-0.411,0.636,0.277,-0.837,-0.732,-0.66,-0.016,-0.837,0.742,0.001,-0.489,0.479,0.617,-0.487,0.092,-0.266,0.426,0.087,0.749,0.173,0.536,-0.783,-0.661,-0.742,0.276,-0.314,-0.734,-0.74,0.683,-0.578,-0.164,0.539,-0.646,0.725,0.149,-0.027,-0.54,0.353,-0.8,0.426,0.871,-0.695,-0.623,0.508,-0.722,-0.079,0.539,-0.763,-0.79,-0.641,0.413,-0.775,-0.042,-0.424,0.854,0.814,-0.787,-0.558,0.287,0.576,-0.57,0.562,0.512,0.032,-0.078,0.533,0.027,0.439,-0.488,0.854,0.746,-0.679,-0.021,0.277,0.029,-0.26,0.668,-0.402,-0.48,-0.622,0.617,-0.695,-0.147,0.401,0.57,-0.619,-0.351,0.449,-0.267,-0.519,0.42,-0.832,-0.802,0.109,0.544,0.715,-0.713,0.71,0.761,-0.169,-0.84,-0.513,0.893,-0.503,0.281,-0.404,-0.743,0.909,0.09,0.883,0.127,0.628,-0.228,-0.505,-0.523,-0.079,-0.619,0.257,0.608,0.561,0.483,-0.683,-0.518,0.644,-0.436,-0.684,-0.022,-0.414,0.622,-0.467,-0.712,0.454,-0.388,-0.381,0.752,-0.039,-0.739,0.132,0.35,-0.335,0.555,-0.171,0.104,0.464,-0.584,-0.535,-0.111,-0.494,0.169,-0.181,-0.555,0.566,-0.356,0.962,0.475,-0.416,0.401,-0.75,-0.627,0.095,-0.822,-0.653,-0.711,0.406,0.888,0.218,0.263,0.879,-0.62,0.128,0.44,-0.364,0.808,-0.513,0.685,0.433,-0.705,-0.717,0.374,-0.573,-0.843,0.454,0.277,-0.238,0.753,-0.306,-0.744
AMD,-0.207,-0.404,0.869,-0.208,-0.47,0.134,0.666,0.792,0.0,0.714,-0.618,0.582,0.582,-0.223,0.71,0.499,-0.744,-0.678,-0.629,0.154,-0.652,0.751,-0.313,-0.348,0.288,0.651,-0.207,0.378,-0.261,0.742,0.354,0.621,0.207,0.517,-0.756,-0.829,-0.867,0.671,-0.133,-0.608,-0.842,0.642,-0.814,-0.597,0.781,-0.624,0.854,-0.084,0.164,-0.549,0.491,-0.809,0.0,0.715,-0.483,-0.754,0.405,-0.712,0.15,0.756,-0.768,-0.836,-0.798,0.188,-0.506,-0.238,-0.124,0.833,0.9,-0.809,-0.593,0.697,0.645,-0.65,0.295,0.515,0.37,0.27,0.404,0.288,0.291,-0.739,0.807,0.692,-0.382,0.132,0.471,0.181,-0.121,0.784,-0.38,-0.548,-0.388,0.796,-0.725,0.238,0.136,0.508,-0.408,-0.704,0.665,0.183,-0.461,0.599,-0.76,-0.719,-0.151,0.5,0.792,-0.755,0.887,0.853,-0.025,-0.828,-0.653,0.773,-0.505,0.487,-0.299,-0.806,0.81,0.21,0.862,0.496,0.879,0.153,-0.244,-0.748,0.162,-0.557,0.546,0.658,0.73,0.716,-0.711,-0.309,0.632,-0.148,-0.627,0.415,-0.721,0.833,-0.75,-0.525,0.255,-0.239,-0.127,0.626,0.195,-0.69,0.465,0.449,-0.274,0.607,-0.386,-0.177,0.022,-0.816,-0.522,-0.478,-0.735,0.087,0.129,-0.774,0.646,-0.188,0.774,0.522,-0.613,0.77,-0.848,-0.696,0.507,-0.838,-0.765,-0.608,0.494,0.745,0.418,0.429,0.725,-0.673,0.463,0.703,-0.176,0.69,-0.706,0.589,0.634,-0.753,-0.453,0.659,-0.526,-0.787,0.404,0.692,0.073,0.869,0.143,-0.775
AMWD,0.034,-0.265,0.872,-0.117,-0.47,0.191,0.8,0.675,0.714,0.0,-0.377,0.647,0.714,0.094,0.744,0.605,-0.737,-0.389,-0.334,-0.102,-0.728,0.922,-0.195,-0.234,0.491,0.588,-0.11,0.437,-0.416,0.733,0.352,0.558,0.553,0.621,-0.64,-0.782,-0.838,0.471,-0.125,-0.527,-0.758,0.74,-0.811,-0.458,0.799,-0.54,0.909,0.068,0.138,-0.18,0.532,-0.689,0.027,0.788,-0.41,-0.592,0.493,-0.795,0.46,0.83,-0.459,-0.89,-0.74,0.506,-0.528,0.11,-0.161,0.822,0.83,-0.578,-0.726,0.266,0.745,-0.531,0.192,0.466,0.477,0.439,0.408,0.27,0.34,-0.613,0.841,0.725,-0.285,0.137,0.591,0.395,-0.036,0.884,-0.376,-0.264,-0.409,0.829,-0.632,0.434,-0.085,0.658,-0.332,-0.527,0.849,0.269,-0.31,0.735,-0.789,-0.753,-0.306,0.366,0.894,-0.598,0.778,0.911,-0.221,-0.82,-0.388,0.59,-0.673,0.691,-0.14,-0.698,0.593,0.245,0.819,0.373,0.69,0.213,-0.132,-0.593,0.11,-0.642,0.688,0.709,0.799,0.767,-0.571,-0.304,0.764,-0.145,-0.495,0.563,-0.763,0.722,-0.73,-0.532,0.193,0.009,-0.196,0.814,0.409,-0.559,0.613,0.46,0.118,0.658,-0.255,0.1,0.327,-0.816,-0.575,-0.201,-0.565,0.271,0.115,-0.666,0.811,0.061,0.743,0.64,-0.578,0.631,-0.844,-0.65,0.612,-0.608,-0.704,-0.477,0.607,0.789,0.588,0.546,0.535,-0.602,0.327,0.833,-0.063,0.529,-0.83,0.532,0.678,-0.766,-0.443,0.703,-0.336,-0.644,0.574,0.558,0.118,0.872,0.141,-0.756
ARDX,0.281,0.476,-0.483,0.381,0.214,-0.021,-0.258,-0.565,-0.618,-0.377,0.0,-0.128,-0.156,0.407,-0.213,-0.148,0.584,0.795,0.768,0.011,0.4,-0.443,0.193,0.321,-0.319,-0.371,0.451,-0.093,0.318,-0.379,-0.198,-0.57,0.105,-0.536,0.61,0.499,0.546,-0.366,0.156,0.41,0.555,-0.239,0.402,0.288,-0.357,0.551,-0.44,0.108,0.347,0.567,-0.362,0.545,-0.164,-0.446,0.463,0.313,-0.216,0.463,0.037,-0.451,0.724,0.578,0.482,-0.11,0.331,0.287,0.299,-0.554,-0.559,0.591,0.564,-0.444,-0.309,0.166,-0.401,-0.308,0.048,0.107,-0.337,-0.292,-0.003,0.489,-0.602,-0.423,0.466,0.021,-0.183,0.134,0.139,-0.409,0.429,0.643,0.299,-0.544,0.524,-0.108,-0.349,-0.178,0.445,0.447,-0.176,-0.023,0.331,-0.089,0.556,0.518,-0.158,-0.46,-0.446,0.674,-0.488,-0.472,0.119,0.574,0.391,-0.66,0.474,-0.234,0.575,0.626,-0.62,0.122,-0.57,-0.202,-0.562,0.031,0.279,0.551,0.105,0.451,-0.018,-0.307,-0.484,-0.354,0.377,0.4,-0.231,0.128,0.344,-0.195,0.41,-0.434,0.409,0.462,-0.504,0.47,0.324,-0.449,0.062,0.507,-0.158,-0.29,0.384,-0.263,0.578,0.379,-0.092,0.43,0.293,0.386,0.478,0.13,0.019,0.412,-0.363,0.336,-0.515,-0.188,0.289,-0.482,0.511,0.524,-0.099,0.675,0.493,0.636,-0.167,-0.474,-0.029,-0.13,-0.492,0.518,-0.273,-0.261,0.016,-0.556,0.37,-0.317,-0.072,0.529,0.501,-0.276,0.398,0.695,-0.194,-0.386,0.377,-0.481,0.147,0.499
ARQT,-0.086,-0.127,0.598,-0.032,-0.71,0.259,0.648,0.316,0.582,0.647,-0.128,0.0,0.673,0.272,0.77,0.644,-0.426,-0.172,-0.25,0.266,-0.403,0.6,-0.473,-0.145,-0.021,0.599,0.107,0.347,-0.224,0.71,0.528,0.243,0.449,0.146,-0.448,-0.649,-0.735,0.726,0.098,-0.353,-0.681,0.576,-0.766,-0.712,0.749,-0.314,0.764,-0.415,0.487,-0.275,0.511,-0.526,-0.473,0.502,-0.058,-0.652,0.285,-0.611,0.414,0.746,-0.371,-0.567,-0.747,-0.001,-0.157,-0.231,0.126,0.556,0.657,-0.391,-0.419,0.491,0.684,-0.599,-0.194,0.154,0.73,0.538,0.247,0.34,0.135,-0.605,0.534,0.63,0.183,0.437,0.549,0.392,0.066,0.758,-0.235,-0.076,-0.343,0.681,-0.595,0.389,-0.429,0.564,0.038,-0.699,0.792,0.413,-0.093,0.722,-0.532,-0.435,-0.657,0.079,0.729,-0.472,0.621,0.685,0.083,-0.58,-0.512,0.219,-0.305,0.66,-0.024,-0.536,0.352,0.156,0.551,0.719,0.691,0.506,0.025,-0.629,0.324,-0.507,0.772,0.716,0.721,0.71,-0.543,0.082,0.666,0.057,-0.234,0.606,-0.712,0.762,-0.795,-0.207,-0.04,0.117,-0.002,0.445,0.411,-0.488,0.678,0.518,0.133,0.581,-0.382,-0.009,-0.206,-0.802,-0.43,-0.415,-0.739,0.287,0.341,-0.77,0.471,0.162,0.315,0.354,-0.701,0.728,-0.632,-0.581,0.743,-0.494,-0.735,-0.377,0.359,0.476,0.435,0.475,0.305,-0.573,0.567,0.775,0.082,0.307,-0.73,0.156,0.733,-0.509,-0.045,0.783,-0.183,-0.474,0.092,0.672,0.587,0.751,0.465,-0.614
ASTE,-0.117,-0.144,0.594,0.357,-0.479,0.524,0.852,0.258,0.582,0.714,-0.156,0.673,0.0,0.364,0.495,0.635,-0.245,-0.09,0.026,0.126,-0.238,0.598,-0.47,-0.001,0.172,0.385,0.46,0.634,-0.226,0.817,0.48,0.213,0.571,0.449,-0.223,-0.532,-0.574,0.623,0.09,-0.165,-0.443,0.31,-0.688,-0.661,0.829,-0.25,0.668,0.035,0.241,0.131,0.3,-0.412,-0.292,0.278,-0.073,-0.377,0.042,-0.393,0.623,0.619,-0.116,-0.582,-0.489,0.227,-0.135,-0.085,0.44,0.536,0.565,-0.414,-0.534,0.469,0.535,-0.479,-0.225,0.318,0.723,0.709,-0.116,0.363,0.158,-0.474,0.403,0.281,0.182,0.244,0.801,0.645,0.328,0.632,0.02,-0.192,0.142,0.592,-0.304,0.689,-0.211,0.372,0.143,-0.544,0.749,0.642,-0.283,0.683,-0.317,-0.368,-0.34,0.222,0.595,-0.294,0.715,0.66,-0.015,-0.404,-0.206,0.268,-0.428,0.638,0.287,-0.37,0.263,0.598,0.488,0.576,0.614,0.542,0.42,-0.467,0.531,-0.243,0.822,0.439,0.514,0.718,-0.214,0.14,0.463,0.358,-0.235,0.811,-0.733,0.602,-0.729,0.021,-0.344,0.238,0.371,0.341,0.686,-0.146,0.791,0.323,0.156,0.358,-0.127,-0.258,-0.213,-0.663,-0.188,-0.426,-0.406,0.114,0.508,-0.513,0.675,0.081,0.33,0.721,-0.469,0.719,-0.586,-0.277,0.858,-0.262,-0.4,0.011,0.745,0.315,0.831,0.696,0.243,-0.218,0.401,0.807,0.164,0.113,-0.642,0.487,0.685,-0.435,0.192,0.614,-0.086,-0.206,0.58,0.766,0.35,0.636,0.676,-0.394
AUPH,0.306,0.282,-0.122,0.46,-0.181,0.559,0.365,-0.411,-0.223,0.094,0.407,0.272,0.364,0.0,-0.071,0.477,0.324,0.469,0.562,0.185,0.331,-0.077,-0.212,0.592,-0.138,-0.027,0.684,0.407,-0.029,0.307,0.516,-0.063,0.375,0.032,0.481,0.118,0.087,0.163,0.399,0.572,0.249,-0.129,0.024,-0.196,0.194,0.347,-0.001,0.103,0.091,0.581,0.159,0.303,-0.371,-0.225,0.528,0.176,-0.316,0.148,0.594,0.013,0.49,0.194,0.114,0.004,0.373,0.19,0.523,-0.21,-0.228,0.414,0.074,0.024,0.244,0.012,-0.691,-0.191,0.49,0.536,-0.317,-0.087,0.173,0.166,-0.223,-0.121,0.609,0.477,0.378,0.61,0.616,0.031,0.024,0.553,0.516,-0.143,0.361,0.437,-0.351,0.275,0.731,0.044,0.311,0.515,0.003,0.369,0.275,0.36,-0.321,-0.486,-0.027,0.432,0.087,-0.053,0.314,0.272,0.469,-0.396,0.35,0.402,0.617,0.254,-0.333,0.487,-0.134,0.401,-0.008,0.709,0.666,0.31,0.507,0.118,0.476,0.125,0.036,0.145,0.36,0.548,0.059,0.617,0.574,0.407,-0.023,-0.019,-0.117,0.533,-0.459,0.583,0.429,-0.137,0.635,0.396,0.562,0.307,0.651,0.065,0.189,0.183,-0.263,0.012,0.234,0.072,0.073,0.392,0.504,-0.039,0.178,0.315,-0.362,0.13,-0.212,0.112,0.18,0.253,0.398,0.454,0.125,0.521,0.375,-0.319,0.467,0.219,-0.251,0.168,0.322,0.211,0.653,-0.308,-0.046,-0.111,0.322,0.358,0.525,0.122,0.688,0.352,0.035,0.253,0.492,-0.021,0.64,0.201
AVXL,-0.049,-0.104,0.749,-0.275,-0.569,-0.056,0.541,0.636,0.71,0.744,-0.213,0.77,0.495,-0.071,0.0,0.517,-0.7,-0.326,-0.454,0.072,-0.682,0.757,-0.232,-0.265,0.146,0.637,-0.255,0.297,-0.189,0.641,0.294,0.408,0.359,0.178,-0.69,-0.866,-0.841,0.555,-0.06,-0.632,-0.834,0.831,-0.855,-0.557,0.677,-0.511,0.879,-0.205,0.504,-0.466,0.522,-0.703,-0.183,0.753,-0.307,-0.862,0.584,-0.77,0.235,0.826,-0.586,-0.78,-0.829,0.176,-0.45,-0.019,-0.248,0.687,0.822,-0.558,-0.421,0.362,0.709,-0.604,0.17,0.411,0.421,0.387,0.531,0.22,0.23,-0.694,0.745,0.822,-0.245,0.216,0.286,0.188,-0.321,0.844,-0.378,-0.25,-0.625,0.786,-0.7,0.186,-0.262,0.604,-0.383,-0.684,0.795,0.16,-0.136,0.678,-0.76,-0.655,-0.489,0.239,0.857,-0.609,0.647,0.793,-0.072,-0.811,-0.679,0.449,-0.487,0.562,-0.232,-0.669,0.57,0.014,0.733,0.446,0.694,0.122,-0.401,-0.668,0.021,-0.632,0.641,0.76,0.793,0.668,-0.789,-0.258,0.809,-0.368,-0.614,0.328,-0.725,0.796,-0.749,-0.606,0.256,0.027,-0.284,0.639,0.159,-0.706,0.47,0.431,0.083,0.749,-0.327,0.207,0.153,-0.858,-0.593,-0.243,-0.724,0.269,-0.057,-0.776,0.514,0.227,0.629,0.333,-0.666,0.61,-0.817,-0.75,0.565,-0.742,-0.82,-0.603,0.244,0.734,0.251,0.34,0.519,-0.731,0.409,0.76,-0.229,0.558,-0.791,0.308,0.735,-0.75,-0.452,0.752,-0.492,-0.696,0.18,0.506,0.422,0.861,0.058,-0.758
AZTA,0.37,0.105,0.58,0.246,-0.423,0.618,0.772,0.277,0.499,0.605,-0.148,0.644,0.635,0.477,0.517,0.0,-0.439,-0.115,-0.127,0.449,-0.239,0.396,-0.532,0.338,0.093,0.722,0.255,0.514,-0.281,0.825,0.87,0.441,0.336,0.146,-0.205,-0.55,-0.59,0.618,0.186,0.088,-0.437,0.43,-0.518,-0.614,0.733,-0.364,0.643,-0.028,0.122,-0.122,0.654,-0.378,-0.259,0.354,0.19,-0.553,0.114,-0.437,0.535,0.619,-0.224,-0.497,-0.553,0.109,-0.098,-0.161,0.266,0.445,0.525,-0.344,-0.356,0.613,0.796,-0.479,-0.464,0.133,0.738,0.664,0.037,0.102,0.261,-0.355,0.481,0.509,0.215,0.787,0.53,0.546,0.222,0.551,-0.401,0.22,-0.061,0.479,-0.179,0.524,-0.137,0.763,0.321,-0.571,0.741,0.429,-0.47,0.82,-0.398,-0.202,-0.312,-0.236,0.545,-0.136,0.669,0.534,0.444,-0.447,-0.077,0.282,0.008,0.802,0.291,-0.424,0.434,0.41,0.518,0.804,0.676,0.755,0.279,-0.359,0.52,-0.336,0.718,0.682,0.625,0.663,-0.229,0.271,0.699,0.349,0.02,0.603,-0.54,0.612,-0.726,-0.01,-0.097,0.317,0.083,0.417,0.584,-0.305,0.839,0.65,0.406,0.601,-0.182,0.088,-0.286,-0.591,-0.138,-0.25,-0.497,0.611,0.226,-0.696,0.521,0.035,0.317,0.344,-0.834,0.743,-0.409,-0.503,0.615,-0.335,-0.546,-0.205,0.621,0.305,0.511,0.298,0.456,-0.551,0.783,0.645,0.439,0.401,-0.489,0.328,0.863,-0.212,0.05,0.673,0.244,-0.45,0.197,0.778,0.485,0.685,0.637,-0.506
BAND,-0.025,0.337,-0.834,0.482,0.398,0.096,-0.472,-0.837,-0.744,-0.737,0.584,-0.426,-0.245,0.324,-0.7,-0.439,0.0,0.684,0.753,0.006,0.875,-0.743,0.093,0.4,-0.383,-0.702,0.575,-0.06,0.413,-0.511,-0.272,-0.674,-0.177,-0.439,0.872,0.777,0.852,-0.387,0.331,0.671,0.853,-0.785,0.675,0.381,-0.557,0.767,-0.802,0.101,-0.019,0.643,-0.557,0.853,-0.166,-0.882,0.536,0.749,-0.622,0.877,-0.048,-0.744,0.781,0.868,0.83,-0.301,0.701,0.106,0.54,-0.814,-0.863,0.747,0.622,-0.354,-0.651,0.555,-0.401,-0.418,-0.188,-0.024,-0.671,-0.061,-0.259,0.643,-0.92,-0.85,0.595,-0.125,-0.225,0.011,0.383,-0.757,0.62,0.403,0.722,-0.771,0.734,-0.047,-0.088,-0.641,0.599,0.581,-0.603,0.163,0.38,-0.525,0.937,0.83,0.17,-0.309,-0.8,0.748,-0.679,-0.785,0.113,0.938,0.606,-0.742,0.53,-0.442,0.535,0.892,-0.809,0.098,-0.838,-0.272,-0.716,0.071,0.568,0.717,0.199,0.763,-0.337,-0.698,-0.761,-0.563,0.784,0.557,-0.726,0.438,0.635,-0.188,0.594,-0.713,0.647,0.768,-0.536,0.321,0.551,-0.789,0.025,0.85,-0.259,-0.447,0.172,-0.634,0.402,-0.134,-0.352,0.737,0.698,0.234,0.693,-0.205,0.293,0.725,-0.524,0.189,-0.832,-0.272,0.622,-0.526,0.773,0.841,-0.209,0.872,0.825,0.798,-0.237,-0.87,-0.131,-0.185,-0.734,0.841,-0.324,-0.516,0.252,-0.79,0.663,-0.415,-0.519,0.761,0.783,-0.613,0.518,0.913,-0.267,-0.384,0.087,-0.83,0.236,0.917
BECN,0.185,0.542,-0.594,0.361,0.196,0.111,-0.265,-0.732,-0.678,-0.389,0.795,-0.172,-0.09,0.469,-0.326,-0.115,0.684,0.0,0.822,0.008,0.544,-0.509,0.101,0.4,-0.216,-0.4,0.46,-0.055,0.283,-0.324,-0.133,-0.606,0.106,-0.463,0.665,0.528,0.602,-0.381,0.253,0.547,0.616,-0.338,0.424,0.236,-0.36,0.612,-0.49,0.024,0.256,0.616,-0.275,0.702,-0.244,-0.57,0.578,0.458,-0.219,0.517,0.307,-0.379,0.801,0.611,0.521,-0.059,0.565,0.27,0.356,-0.649,-0.641,0.763,0.501,-0.396,-0.358,0.342,-0.497,-0.417,0.112,0.302,-0.423,-0.086,-0.171,0.508,-0.65,-0.54,0.586,0.075,-0.14,0.184,0.144,-0.457,0.426,0.655,0.468,-0.505,0.584,0.141,-0.427,-0.278,0.52,0.405,-0.181,0.165,0.456,-0.169,0.617,0.605,-0.188,-0.495,-0.498,0.711,-0.559,-0.496,0.065,0.647,0.546,-0.76,0.373,-0.138,0.545,0.69,-0.763,0.034,-0.675,-0.163,-0.607,0.141,0.378,0.543,0.114,0.48,-0.066,-0.387,-0.424,-0.292,0.574,0.443,-0.239,0.219,0.477,-0.017,0.32,-0.491,0.392,0.515,-0.463,0.636,0.257,-0.47,0.098,0.651,-0.069,-0.256,0.539,-0.319,0.436,0.288,-0.145,0.457,0.375,0.333,0.533,0.114,0.051,0.46,-0.325,0.454,-0.67,-0.248,0.297,-0.414,0.573,0.562,-0.034,0.764,0.539,0.617,-0.214,-0.605,-0.046,-0.135,-0.672,0.525,-0.159,-0.214,0.222,-0.66,0.352,-0.459,-0.155,0.527,0.62,-0.213,0.503,0.733,-0.209,-0.281,0.335,-0.562,0.248,0.566
BFC,0.294,0.337,-0.532,0.616,0.35,0.301,-0.102,-0.66,-0.629,-0.334,0.768,-0.25,0.026,0.562,-0.454,-0.127,0.753,0.822,0.0,-0.07,0.56,-0.451,0.026,0.473,-0.09,-0.499,0.671,0.114,0.303,-0.31,-0.144,-0.518,0.13,-0.22,0.789,0.589,0.664,-0.368,0.335,0.642,0.727,-0.492,0.499,0.312,-0.273,0.636,-0.516,0.283,0.053,0.814,-0.375,0.708,-0.099,-0.61,0.454,0.61,-0.423,0.609,0.283,-0.522,0.888,0.634,0.655,0.112,0.503,0.359,0.552,-0.584,-0.688,0.716,0.471,-0.425,-0.314,0.299,-0.461,-0.282,0.064,0.247,-0.626,-0.129,0.045,0.574,-0.655,-0.618,0.627,-0.013,0.019,0.327,0.398,-0.472,0.556,0.639,0.637,-0.607,0.676,0.113,-0.193,-0.251,0.636,0.586,-0.236,0.212,0.305,-0.164,0.71,0.634,0.025,-0.354,-0.508,0.725,-0.468,-0.483,0.102,0.724,0.668,-0.628,0.392,-0.149,0.708,0.759,-0.685,0.322,-0.582,-0.171,-0.62,0.218,0.627,0.696,0.345,0.596,-0.008,-0.404,-0.533,-0.321,0.714,0.559,-0.348,0.441,0.53,-0.008,0.45,-0.53,0.485,0.66,-0.601,0.567,0.535,-0.453,0.302,0.75,-0.02,-0.303,0.445,-0.351,0.595,0.168,-0.087,0.546,0.545,0.37,0.667,0.136,0.302,0.539,-0.139,0.312,-0.582,0.015,0.415,-0.426,0.585,0.661,-0.053,0.881,0.688,0.782,0.088,-0.619,0.208,0.022,-0.577,0.716,-0.226,-0.208,0.362,-0.662,0.42,-0.192,-0.178,0.631,0.671,-0.384,0.625,0.823,0.046,-0.293,0.19,-0.571,0.318,0.652
BGC,0.271,0.241,0.109,0.184,-0.057,0.45,0.162,-0.016,0.154,-0.102,0.011,0.266,0.126,0.185,0.072,0.449,0.006,0.008,-0.07,0.0,0.136,-0.181,-0.265,0.247,-0.255,0.437,0.23,0.094,-0.028,0.291,0.562,0.177,-0.155,-0.255,0.116,0.014,-0.047,0.309,0.214,0.237,-0.051,0.065,-0.009,-0.244,0.152,-0.189,0.092,-0.135,0.096,-0.101,0.296,-0.046,-0.122,-0.077,0.251,-0.17,-0.16,0.037,0.082,0.039,-0.081,0.101,-0.12,-0.241,0.139,-0.447,0.331,0.051,0.025,-0.129,0.197,0.514,0.223,-0.15,-0.439,-0.134,0.345,0.296,-0.147,0.002,-0.027,0.094,0.001,0.142,0.238,0.685,0.155,0.182,0.192,-0.073,-0.102,0.263,0.113,-0.069,0.103,0.111,0.132,0.29,0.399,-0.196,0.116,0.057,-0.324,0.309,0.062,0.198,0.031,-0.371,-0.053,0.164,0.259,-0.023,0.694,0.041,0.008,0.101,0.454,0.364,0.228,-0.026,0.229,0.255,-0.006,0.499,0.27,0.439,0.253,-0.091,0.442,0.105,0.188,0.229,0.078,0.248,0.055,0.338,0.189,0.432,0.237,0.072,-0.016,0.211,-0.213,0.294,-0.103,0.263,0.204,-0.087,0.098,-0.017,0.286,0.285,0.104,0.199,0.165,0.025,-0.512,-0.053,0.203,-0.16,-0.192,0.348,0.118,-0.237,0.001,-0.167,-0.044,-0.082,-0.438,0.324,0.118,-0.046,0.1,-0.093,-0.131,0.001,0.181,-0.097,0.105,-0.124,0.276,-0.192,0.525,0.116,0.229,0.201,0.12,0.009,0.348,0.237,0.321,0.196,0.323,-0.134,-0.234,0.464,0.421,0.164,0.471,-0.067
BHF,-0.026,0.411,-0.798,0.425,0.319,0.153,-0.434,-0.837,-0.652,-0.728,0.4,-0.403,-0.238,0.331,-0.682,-0.239,0.875,0.544,0.56,0.136,0.0,-0.805,-0.002,0.578,-0.389,-0.542,0.508,0.084,0.322,-0.318,-0.009,-0.557,-0.346,-0.518,0.816,0.623,0.756,-0.215,0.468,0.787,0.791,-0.765,0.602,0.192,-0.487,0.659,-0.736,-0.0,-0.116,0.45,-0.37,0.836,-0.259,-0.903,0.739,0.592,-0.606,0.881,-0.009,-0.594,0.633,0.767,0.73,-0.407,0.825,0.005,0.51,-0.822,-0.763,0.616,0.624,-0.11,-0.546,0.626,-0.53,-0.478,-0.145,0.074,-0.587,0.058,-0.346,0.505,-0.845,-0.796,0.586,0.115,-0.303,-0.132,0.32,-0.733,0.347,0.352,0.686,-0.634,0.753,0.091,-0.071,-0.598,0.628,0.345,-0.546,0.341,0.289,-0.47,0.912,0.909,0.177,-0.439,-0.77,0.736,-0.574,-0.774,0.269,0.874,0.588,-0.701,0.606,-0.315,0.523,0.786,-0.707,0.032,-0.784,-0.079,-0.514,0.239,0.562,0.607,0.209,0.751,-0.329,-0.607,-0.587,-0.485,0.757,0.607,-0.65,0.52,0.692,-0.067,0.467,-0.602,0.492,0.754,-0.385,0.341,0.478,-0.746,0.024,0.763,-0.084,-0.262,0.277,-0.521,0.178,-0.284,-0.566,0.631,0.721,0.119,0.547,-0.13,0.23,0.572,-0.536,0.165,-0.85,-0.419,0.387,-0.292,0.73,0.681,-0.124,0.75,0.706,0.689,-0.263,-0.93,-0.25,-0.325,-0.668,0.639,-0.031,-0.494,0.416,-0.659,0.603,-0.462,-0.366,0.726,0.783,-0.441,0.554,0.755,-0.406,-0.157,0.152,-0.727,0.352,0.864
BHFAL,-0.106,-0.368,0.849,-0.244,-0.491,-0.01,0.7,0.742,0.751,0.922,-0.443,0.6,0.598,-0.077,0.757,0.396,-0.743,-0.509,-0.451,-0.181,-0.805,0.0,-0.147,-0.43,0.439,0.475,-0.21,0.313,-0.412,0.606,0.173,0.512,0.533,0.667,-0.746,-0.778,-0.853,0.433,-0.211,-0.698,-0.806,0.73,-0.834,-0.37,0.72,-0.538,0.894,0.052,0.131,-0.258,0.426,-0.764,0.076,0.841,-0.613,-0.591,0.501,-0.837,0.291,0.767,-0.576,-0.877,-0.752,0.462,-0.633,0.129,-0.266,0.862,0.832,-0.608,-0.752,0.196,0.649,-0.544,0.386,0.508,0.339,0.259,0.476,0.25,0.38,-0.633,0.861,0.751,-0.408,-0.073,0.528,0.319,-0.073,0.903,-0.314,-0.422,-0.478,0.8,-0.75,0.243,-0.06,0.567,-0.501,-0.485,0.765,0.108,-0.266,0.624,-0.839,-0.85,-0.303,0.5,0.918,-0.729,0.726,0.913,-0.359,-0.859,-0.54,0.627,-0.746,0.54,-0.321,-0.721,0.614,0.147,0.85,0.252,0.648,0.024,-0.28,-0.633,-0.01,-0.706,0.601,0.666,0.735,0.675,-0.686,-0.445,0.668,-0.278,-0.613,0.416,-0.729,0.708,-0.654,-0.635,0.245,-0.174,-0.248,0.786,0.281,-0.612,0.435,0.357,-0.096,0.617,-0.296,0.085,0.417,-0.809,-0.647,-0.236,-0.584,0.09,0.13,-0.625,0.79,0.035,0.789,0.64,-0.446,0.523,-0.896,-0.641,0.521,-0.69,-0.705,-0.54,0.494,0.878,0.517,0.581,0.537,-0.581,0.177,0.783,-0.215,0.52,-0.839,0.51,0.525,-0.842,-0.583,0.59,-0.521,-0.668,0.565,0.419,-0.008,0.847,-0.048,-0.769
BKNG,0.034,0.258,-0.233,-0.364,0.461,-0.519,-0.486,0.001,-0.313,-0.195,0.193,-0.473,-0.47,-0.212,-0.232,-0.532,0.093,0.101,0.026,-0.265,-0.002,-0.147,0.0,-0.242,0.235,-0.435,-0.357,-0.259,-0.059,-0.522,-0.569,0.022,-0.137,-0.086,0.046,0.31,0.341,-0.673,-0.088,-0.137,0.257,0.076,0.301,0.566,-0.604,0.088,-0.299,0.138,-0.054,0.178,-0.27,0.286,0.554,-0.006,-0.092,0.281,0.187,0.226,-0.324,-0.328,0.146,0.176,0.354,0.194,-0.031,0.397,-0.553,-0.184,-0.273,0.188,0.234,-0.586,-0.429,0.515,0.49,-0.163,-0.616,-0.327,0.386,-0.038,-0.199,0.313,-0.221,-0.142,-0.358,-0.427,-0.511,-0.529,-0.308,-0.316,-0.094,0.008,-0.151,-0.2,0.111,-0.349,0.269,-0.365,-0.466,0.465,-0.339,-0.43,0.238,-0.514,0.132,0.05,0.377,0.072,-0.309,0.204,-0.303,-0.232,-0.425,0.172,0.222,-0.046,0.029,-0.47,-0.051,0.299,-0.151,-0.407,-0.255,-0.738,-0.438,-0.661,-0.417,0.309,-0.642,0.183,-0.559,-0.317,-0.245,-0.345,0.084,-0.257,-0.283,-0.471,-0.004,-0.533,0.301,-0.506,0.552,-0.262,0.377,-0.083,-0.379,0.002,-0.663,0.154,-0.617,-0.248,-0.057,-0.259,0.276,0.335,0.521,0.399,-0.027,0.608,0.446,-0.161,-0.484,0.511,-0.296,0.169,-0.017,-0.314,0.497,-0.501,0.165,0.387,-0.484,0.178,0.321,0.075,-0.413,-0.075,-0.426,-0.497,-0.154,0.233,-0.631,-0.405,-0.517,-0.016,0.258,-0.243,-0.425,-0.016,-0.138,-0.36,-0.2,0.168,-0.086,-0.557,-0.319,-0.386,-0.61,0.276
BL,0.354,0.452,-0.347,0.44,0.147,0.369,0.047,-0.489,-0.348,-0.234,0.321,-0.145,-0.001,0.592,-0.265,0.338,0.4,0.4,0.473,0.247,0.578,-0.43,-0.242,0.0,-0.195,-0.031,0.482,0.432,0.16,0.118,0.504,-0.085,-0.186,-0.28,0.623,0.168,0.347,0.056,0.462,0.825,0.438,-0.316,0.321,-0.02,-0.091,0.279,-0.271,0.273,-0.178,0.385,0.179,0.448,-0.247,-0.463,0.697,0.238,-0.365,0.44,0.273,-0.165,0.436,0.389,0.362,-0.136,0.542,0.14,0.43,-0.445,-0.395,0.466,0.402,0.138,0.054,0.309,-0.654,-0.124,0.148,0.368,-0.394,-0.143,0.029,0.261,-0.34,-0.29,0.558,0.518,-0.123,0.224,0.347,-0.331,-0.091,0.593,0.542,-0.356,0.724,0.399,-0.047,0.09,0.712,0.099,-0.059,0.426,-0.089,0.11,0.482,0.662,0.076,-0.592,-0.325,0.604,-0.135,-0.413,0.616,0.451,0.539,-0.356,0.593,0.26,0.549,0.41,-0.289,0.252,-0.326,0.291,-0.108,0.631,0.578,0.501,0.438,0.439,0.087,-0.086,-0.138,-0.069,0.51,0.632,-0.129,0.61,0.649,0.115,0.25,-0.198,0.117,0.607,-0.243,0.527,0.34,-0.275,0.403,0.447,0.358,0.192,0.68,0.109,0.159,0.133,-0.392,0.268,0.485,0.123,0.217,0.419,0.235,0.124,-0.083,0.279,-0.45,-0.225,-0.181,-0.013,0.433,0.187,0.054,0.47,0.311,0.46,0.155,-0.535,0.057,-0.222,-0.215,0.189,0.431,-0.091,0.695,-0.199,0.306,-0.161,0.134,0.574,0.466,-0.057,0.776,0.357,-0.232,0.16,0.385,-0.215,0.5,0.411
BOKF,0.291,-0.23,0.441,-0.21,0.248,0.087,0.283,0.479,0.288,0.491,-0.319,-0.021,0.172,-0.138,0.146,0.093,-0.383,-0.216,-0.09,-0.255,-0.389,0.439,0.235,-0.195,0.0,0.242,-0.29,0.265,-0.344,0.132,-0.031,0.587,0.105,0.552,-0.301,-0.279,-0.213,-0.146,0.103,-0.309,-0.199,0.403,-0.199,0.173,0.205,-0.287,0.362,0.252,-0.134,-0.062,0.291,-0.113,0.557,0.507,-0.366,-0.075,0.418,-0.256,0.36,0.239,-0.198,-0.396,-0.153,0.846,-0.194,0.292,-0.345,0.483,0.336,-0.216,-0.227,-0.129,0.345,-0.031,0.419,0.17,-0.124,0.147,0.374,0.306,0.309,-0.092,0.493,0.335,-0.383,-0.077,0.102,-0.085,-0.172,0.304,-0.289,-0.091,-0.274,0.32,-0.274,0.021,0.383,0.311,-0.424,0.128,0.175,-0.067,-0.175,0.075,-0.359,-0.3,0.255,0.392,0.361,-0.302,0.293,0.457,-0.319,-0.394,0.132,0.531,-0.42,0.198,-0.058,-0.175,0.428,-0.047,0.477,-0.138,0.145,-0.171,-0.247,-0.018,-0.134,-0.208,-0.05,0.346,0.397,0.299,0.018,-0.242,0.421,-0.275,-0.257,-0.066,-0.152,0.147,-0.003,-0.426,0.522,-0.036,-0.375,0.751,-0.076,-0.195,-0.0,0.317,0.063,0.356,0.057,0.128,0.594,-0.133,-0.158,0.379,0.048,0.324,-0.188,-0.116,0.549,-0.11,0.543,0.244,-0.071,0.103,-0.348,-0.192,-0.069,-0.174,-0.168,-0.42,0.277,0.456,0.112,0.0,0.362,-0.203,-0.018,0.325,-0.015,0.488,-0.245,0.399,0.121,-0.41,-0.334,0.177,-0.129,-0.371,0.425,0.072,-0.377,0.291,-0.261,-0.29
BRKR,0.235,-0.154,0.739,-0.171,-0.343,0.369,0.554,0.617,0.651,0.588,-0.371,0.599,0.385,-0.027,0.637,0.722,-0.702,-0.4,-0.499,0.437,-0.542,0.475,-0.435,-0.031,0.242,0.0,-0.21,0.228,-0.203,0.638,0.646,0.671,0.085,0.188,-0.527,-0.637,-0.706,0.607,-0.046,-0.332,-0.692,0.656,-0.53,-0.477,0.663,-0.593,0.734,-0.173,0.189,-0.549,0.704,-0.624,-0.045,0.655,-0.142,-0.705,0.429,-0.644,0.238,0.673,-0.604,-0.61,-0.723,0.159,-0.354,-0.39,-0.092,0.669,0.726,-0.575,-0.334,0.615,0.804,-0.611,-0.076,0.255,0.51,0.321,0.351,0.107,0.262,-0.506,0.736,0.748,-0.147,0.625,0.347,0.225,-0.18,0.592,-0.516,-0.02,-0.471,0.583,-0.511,0.167,0.105,0.809,-0.07,-0.594,0.592,0.064,-0.493,0.698,-0.664,-0.446,-0.188,0.043,0.624,-0.49,0.689,0.644,0.409,-0.71,-0.351,0.624,-0.145,0.666,-0.163,-0.685,0.762,0.128,0.69,0.673,0.769,0.383,-0.173,-0.548,0.314,-0.508,0.49,0.788,0.701,0.713,-0.505,-0.042,0.832,-0.026,-0.281,0.273,-0.457,0.778,-0.705,-0.315,0.311,0.03,-0.256,0.632,0.249,-0.683,0.533,0.68,0.077,0.752,-0.271,0.14,-0.036,-0.628,-0.39,-0.247,-0.691,0.539,-0.062,-0.805,0.442,-0.26,0.611,0.202,-0.818,0.641,-0.51,-0.744,0.305,-0.695,-0.778,-0.658,0.397,0.628,0.232,0.145,0.765,-0.772,0.684,0.602,0.118,0.767,-0.444,0.415,0.703,-0.401,-0.34,0.701,-0.1,-0.79,0.057,0.655,0.318,0.783,0.246,-0.742
CACC,0.112,0.207,-0.222,0.787,-0.025,0.593,0.328,-0.487,-0.207,-0.11,0.451,0.107,0.46,0.684,-0.255,0.255,0.575,0.46,0.671,0.23,0.508,-0.21,-0.357,0.482,-0.29,-0.21,0.0,0.431,0.139,0.222,0.315,-0.341,0.347,-0.047,0.602,0.29,0.274,0.134,0.357,0.583,0.422,-0.469,0.14,-0.192,0.187,0.451,-0.178,0.234,0.046,0.653,-0.215,0.339,-0.356,-0.513,0.422,0.316,-0.592,0.405,0.393,-0.225,0.568,0.331,0.326,-0.123,0.387,0.034,0.853,-0.293,-0.335,0.311,0.131,0.1,-0.058,0.011,-0.651,-0.161,0.427,0.444,-0.724,0.024,0.107,0.265,-0.433,-0.456,0.64,0.244,0.447,0.604,0.721,-0.164,0.483,0.366,0.754,-0.31,0.495,0.402,-0.176,-0.083,0.775,0.109,0.078,0.514,-0.069,0.193,0.535,0.451,-0.087,-0.284,-0.216,0.499,0.012,-0.196,0.275,0.493,0.414,-0.412,0.316,0.168,0.735,0.437,-0.423,0.66,-0.291,0.297,-0.121,0.593,0.853,0.32,0.662,0.398,0.409,-0.19,-0.299,-0.03,0.501,0.616,-0.225,0.758,0.453,0.397,0.051,-0.13,0.012,0.72,-0.794,0.486,0.795,-0.43,0.654,0.603,0.438,-0.078,0.32,-0.207,0.345,-0.209,-0.525,0.154,0.457,-0.121,0.276,0.065,0.673,0.175,0.115,0.128,-0.429,0.333,0.043,0.086,0.297,0.45,0.39,0.562,0.4,0.737,0.481,-0.49,0.57,0.39,-0.329,0.503,0.129,0.109,0.485,-0.542,0.161,0.051,0.163,0.473,0.759,-0.105,0.55,0.579,0.204,0.25,0.37,-0.185,0.756,0.425
CAR,0.072,0.116,0.32,0.306,-0.177,0.347,0.599,0.092,0.378,0.437,-0.093,0.347,0.634,0.407,0.297,0.514,-0.06,-0.055,0.114,0.094,0.084,0.313,-0.259,0.432,0.265,0.228,0.431,0.0,-0.087,0.632,0.522,0.305,0.219,0.235,0.013,-0.463,-0.292,0.432,0.417,0.155,-0.181,0.174,-0.434,-0.421,0.519,-0.04,0.434,0.239,0.156,0.164,0.368,-0.079,-0.166,0.086,0.228,-0.271,-0.016,-0.062,0.528,0.409,-0.069,-0.333,-0.192,0.178,0.204,0.216,0.331,0.214,0.323,-0.144,-0.119,0.39,0.441,-0.097,-0.228,0.231,0.389,0.67,-0.032,0.441,0.176,-0.341,0.245,0.153,0.223,0.302,0.33,0.307,0.221,0.348,-0.175,0.024,0.265,0.37,0.051,0.58,-0.005,0.256,0.211,-0.374,0.487,0.679,-0.224,0.432,-0.051,0.037,-0.064,0.047,0.356,-0.028,0.534,0.357,0.163,-0.161,0.035,0.166,-0.078,0.556,0.39,-0.057,0.168,0.385,0.304,0.465,0.461,0.573,0.374,-0.058,0.435,0.029,0.55,0.32,0.43,0.482,0.015,0.383,0.319,0.364,0.017,0.501,-0.461,0.35,-0.387,0.088,-0.086,0.28,0.285,0.279,0.509,0.059,0.66,0.438,0.416,0.447,-0.093,-0.155,-0.224,-0.378,0.042,-0.075,-0.205,0.337,0.432,-0.335,0.517,0.271,0.134,0.341,-0.389,0.522,-0.352,-0.173,0.603,-0.063,-0.16,0.061,0.549,0.042,0.464,0.259,0.154,-0.114,0.464,0.57,0.38,0.156,-0.376,0.276,0.523,-0.209,0.224,0.419,0.154,-0.096,0.29,0.622,0.338,0.401,0.579,-0.081
CDNA,-0.139,0.049,-0.307,0.288,0.304,0.017,-0.309,-0.266,-0.261,-0.416,0.318,-0.224,-0.226,-0.029,-0.189,-0.281,0.413,0.283,0.303,-0.028,0.322,-0.412,-0.059,0.16,-0.344,-0.203,0.139,-0.087,0.0,-0.273,-0.323,-0.313,-0.299,-0.339,0.338,0.283,0.39,-0.173,-0.03,0.226,0.346,-0.413,0.341,0.247,-0.172,0.474,-0.394,0.23,0.142,0.207,-0.357,0.288,-0.05,-0.404,0.246,0.29,-0.218,0.408,-0.264,-0.351,0.235,0.411,0.443,-0.336,0.173,0.039,0.33,-0.408,-0.357,0.242,0.453,-0.107,-0.285,0.168,-0.006,0.278,-0.257,-0.257,-0.39,-0.104,-0.154,0.264,-0.42,-0.398,0.179,-0.197,-0.118,-0.097,0.001,-0.421,0.432,0.059,0.255,-0.385,0.32,-0.161,0.044,-0.319,0.243,0.25,-0.387,0.105,0.18,-0.258,0.433,0.322,0.203,0.116,-0.391,0.345,-0.327,-0.344,0.137,0.418,0.127,-0.219,0.24,-0.292,0.181,0.343,-0.308,0.138,-0.408,-0.168,-0.311,-0.099,0.198,0.34,0.212,0.419,-0.135,-0.38,-0.45,-0.332,0.24,0.282,-0.246,0.09,0.101,-0.215,0.379,-0.289,0.334,0.306,-0.27,0.212,0.353,-0.447,0.028,0.307,-0.186,-0.403,0.047,-0.237,0.304,-0.124,-0.146,0.38,0.347,0.073,0.311,-0.113,0.096,0.333,-0.38,0.044,-0.281,-0.09,0.43,-0.329,0.325,0.321,-0.195,0.296,0.393,0.317,-0.134,-0.362,-0.139,-0.041,-0.221,0.413,-0.162,-0.31,0.034,-0.281,0.409,0.009,-0.209,0.361,0.233,-0.341,0.047,0.408,-0.105,-0.219,0.169,-0.354,0.016,0.443
CG,-0.065,-0.093,0.712,0.152,-0.586,0.477,0.85,0.426,0.742,0.733,-0.379,0.71,0.817,0.307,0.641,0.825,-0.511,-0.324,-0.31,0.291,-0.318,0.606,-0.522,0.118,0.132,0.638,0.222,0.632,-0.273,0.0,0.721,0.444,0.412,0.356,-0.432,-0.763,-0.774,0.762,0.113,-0.176,-0.633,0.472,-0.783,-0.776,0.905,-0.401,0.802,-0.008,0.146,-0.223,0.532,-0.581,-0.312,0.454,-0.017,-0.638,0.2,-0.547,0.542,0.804,-0.43,-0.727,-0.687,0.094,-0.206,-0.17,0.258,0.608,0.743,-0.57,-0.567,0.714,0.7,-0.527,-0.248,0.358,0.669,0.668,0.108,0.309,0.256,-0.604,0.617,0.509,-0.01,0.489,0.668,0.507,0.215,0.741,-0.325,-0.251,-0.05,0.737,-0.394,0.66,-0.166,0.564,0.078,-0.777,0.836,0.613,-0.432,0.803,-0.52,-0.43,-0.354,0.114,0.731,-0.376,0.86,0.731,0.169,-0.596,-0.353,0.424,-0.326,0.779,0.097,-0.605,0.504,0.464,0.668,0.729,0.846,0.6,0.201,-0.609,0.442,-0.437,0.824,0.618,0.726,0.757,-0.421,0.03,0.644,0.268,-0.29,0.766,-0.815,0.782,-0.873,-0.163,-0.072,0.187,0.138,0.464,0.619,-0.364,0.876,0.546,0.224,0.589,-0.326,-0.201,-0.304,-0.81,-0.307,-0.518,-0.647,0.259,0.35,-0.734,0.657,0.004,0.458,0.551,-0.787,0.901,-0.693,-0.551,0.831,-0.537,-0.628,-0.244,0.675,0.436,0.616,0.544,0.463,-0.578,0.71,0.789,0.229,0.391,-0.712,0.467,0.862,-0.52,-0.048,0.767,-0.107,-0.53,0.396,0.903,0.405,0.83,0.606,-0.577
