,ACET,ADAP,ADI,ADPT,ADTN,AGEN,ALGN,ALLK,AMD,AMWD,ARDX,ARQT,ASTE,AUPH,AVXL,AZTA,BAND,BECN,BFC,BGC,BHF,BHFAL,BKNG,BL,BOKF,BRKR,CACC,CAR,CDNA,CG,CGBD,CHI,CHTR,CHX,CLNE,CME,CNOB,CNXN,CPRX,CSGP,CSGS,CSIQ,CVCO,CVLT,CYRX,DDOG,DOOO,DSGX,DTIL,ECPG,EEFT,EFSC,ENTG,ESPR,ETSY,EXC,FAMI,FFIV,FITB,FIZZ,FMBH,FOX,FTNT,FULT,GABC,GEN,GH,GMAB,GNPX,GO,GOGL,GOOG,GPRO,GSHD,GSM,GWAV,HAIN,HBAN,HEPA,HURN,HWKN,IBIO,ICFI,IGMS,IMKTA,INCY,INO,IRDM,IRTC,IRWD,ITCI,JACK,JD,JJSF,KALA,KHC,KLAC,KRRO,KRYS,LANC,LBTYA,LIVN,LKCO,LNTH,LOGI,LPRO,LRCX,LSCC,LSTR,MAR,MARA,MCHP,MEOH,META,MGTX,MKSI,MMYT,MORN,MRUS,MTLS,MTSI,MVIS,MXL,NBIX,NFE,NMIH,NMRK,NNDM,NSIT,NTCT,NVAX,OCUL,ODP,OLED,ONB,OTEX,PACB,PATK,PAYX,PEP,PERI,PI,PLYA,PRDO,PRGS,PTGX,QCOM,QCRH,QDEL,QFIN,RGEN,RILY,RPAY,RPD,SABR,SEDG,SHEN,SIRI,SLNO,SNDL,SNEX,SONO,SPT,SSNC,STGW,STKL,STRL,STX,SWTX,SYNA,TFSL,TIGR,TNXP,TOWN,TRI,TRIP,TRMB,TRNS,TRS,TSCO,TSEM,TVTX,TXRH,VC,VCEL,VECO,VIAV,VICR,VIR,VRTX,VSTM,VTRS,WDFC,WSBC,WSC,WYNN,XENE,XNCR,XRAY,ZS
ACET,0.0,0.019,-0.078,0.32,0.69,0.387,0.016,-0.081,-0.385,-0.023,0.173,-0.386,-0.02,0.281,-0.293,0.187,0.249,0.242,0.406,0.129,0.152,-0.188,0.25,0.315,0.317,-0.224,0.203,0.099,-0.157,-0.178,0.23,0.292,0.11,0.052,0.448,0.5,0.48,-0.576,0.274,0.341,0.507,-0.193,0.523,0.681,-0.365,0.197,-0.359,0.456,-0.192,0.315,-0.0,0.384,0.577,-0.166,0.095,0.422,-0.212,0.351,0.152,-0.613,0.379,0.397,0.543,0.349,0.101,0.342,0.126,-0.195,-0.432,0.264,0.243,-0.383,0.092,0.199,-0.126,-0.106,-0.167,0.117,-0.258,-0.209,0.36,0.672,-0.2,-0.101,0.118,0.47,0.01,0.165,0.215,-0.353,-0.069,0.603,0.154,-0.57,0.453,-0.272,0.396,0.341,0.31,0.806,-0.331,-0.229,-0.218,-0.123,0.306,0.341,0.455,-0.171,-0.263,0.473,-0.193,-0.264,0.27,0.347,0.649,0.075,0.442,0.08,0.366,0.504,0.045,0.202,-0.124,-0.313,-0.526,0.116,0.229,0.72,0.196,0.283,-0.239,0.031,-0.399,-0.226,0.359,0.357,-0.105,0.176,0.347,-0.334,0.611,-0.529,0.68,0.238,-0.115,0.23,0.155,0.139,-0.108,0.346,-0.176,0.213,0.346,0.038,0.633,0.366,0.244,0.609,0.376,0.659,0.62,0.644,0.088,0.468,0.146,0.017,0.02,0.096,0.477,-0.37,0.436,0.387,-0.489,0.427,0.498,0.247,0.258,-0.167,0.075,-0.194,0.143,0.428,-0.278,-0.271,0.2,0.072,0.488,0.18,-0.034,0.454,0.188,-0.533,0.424,0.269,0.141,-0.367,0.044,-0.311,-0.039,0.339
ADAP,0.019,0.0,-0.437,-0.278,0.016,-0.392,-0.543,-0.177,-0.413,-0.514,0.419,0.075,-0.494,0.102,0.167,-0.308,0.063,-0.378,-0.222,0.139,-0.017,-0.26,0.25,-0.131,-0.503,0.16,-0.324,-0.371,0.42,-0.553,-0.441,-0.339,-0.327,-0.685,0.108,-0.011,-0.008,-0.483,-0.102,-0.241,0.001,0.347,-0.146,-0.091,-0.034,-0.012,-0.226,-0.466,0.497,-0.324,-0.24,-0.061,-0.341,-0.001,0.167,-0.296,0.168,0.036,-0.474,0.017,-0.218,0.149,0.028,-0.456,-0.099,-0.175,-0.272,0.019,-0.052,0.417,0.492,-0.417,-0.102,-0.211,-0.384,0.066,0.108,-0.351,0.292,-0.21,-0.438,-0.103,-0.425,0.122,-0.004,-0.036,-0.488,-0.268,-0.491,-0.123,-0.302,0.041,-0.313,-0.067,0.044,-0.141,-0.48,-0.17,0.038,-0.06,0.038,-0.271,0.508,-0.143,0.018,0.191,-0.343,-0.535,-0.45,0.072,-0.512,-0.387,-0.272,0.064,0.089,-0.564,0.119,-0.525,0.374,0.021,-0.454,-0.484,-0.44,-0.277,-0.481,-0.401,-0.417,0.153,-0.484,-0.007,-0.08,0.029,-0.237,-0.245,-0.353,-0.105,0.341,-0.467,-0.261,-0.337,-0.129,-0.066,0.098,-0.33,0.146,-0.002,-0.435,-0.461,0.08,-0.043,-0.397,-0.166,0.003,-0.259,-0.167,0.446,0.111,0.02,-0.25,0.442,-0.114,0.215,-0.533,-0.159,-0.617,0.14,-0.364,-0.565,0.421,-0.449,-0.029,-0.093,-0.094,-0.181,-0.061,-0.212,-0.584,-0.135,-0.502,-0.404,-0.314,-0.01,-0.22,-0.316,0.147,-0.137,0.013,-0.555,0.262,-0.08,0.218,0.314,0.116,-0.096,-0.55,-0.405,-0.152,-0.076,-0.131,0.055
ADI,-0.078,-0.437,0.0,-0.081,-0.101,0.036,0.562,0.781,0.824,0.716,-0.383,0.353,0.348,-0.323,0.516,0.31,-0.651,-0.11,-0.229,-0.262,-0.627,0.824,0.099,-0.515,0.37,0.384,-0.149,0.157,-0.181,0.456,-0.111,0.543,0.34,0.533,-0.621,-0.608,-0.618,0.262,-0.258,-0.412,-0.603,0.39,-0.477,-0.103,0.574,-0.489,0.836,0.292,0.004,-0.076,0.247,-0.54,0.42,0.643,-0.662,-0.345,0.31,-0.596,0.067,0.535,-0.315,-0.781,-0.564,0.314,-0.525,0.12,-0.202,0.695,0.719,-0.791,-0.565,0.183,0.627,-0.266,0.717,0.404,-0.018,0.036,0.238,0.14,0.349,-0.352,0.831,0.513,-0.529,-0.523,0.47,0.131,-0.027,0.683,-0.057,-0.451,-0.237,0.623,-0.596,0.063,0.246,0.568,-0.572,-0.286,0.537,-0.051,-0.36,0.587,-0.624,-0.77,0.141,0.89,0.781,-0.561,0.772,0.908,-0.328,-0.694,-0.418,0.774,-0.609,0.217,-0.221,-0.523,0.783,0.213,0.859,-0.072,0.706,-0.182,-0.105,-0.538,0.0,-0.433,0.399,0.531,0.561,0.624,-0.229,-0.396,0.346,-0.117,-0.384,0.168,-0.448,0.569,-0.549,-0.294,0.205,-0.194,-0.042,0.711,0.042,-0.46,0.153,0.122,-0.304,0.534,0.048,-0.046,0.466,-0.567,-0.238,-0.118,-0.285,-0.052,0.019,-0.375,0.468,-0.207,0.907,0.547,-0.487,0.431,-0.64,-0.381,0.258,-0.415,-0.453,-0.294,0.365,0.766,0.338,0.453,0.72,-0.42,-0.168,0.616,-0.493,0.63,-0.526,0.699,0.296,-0.59,-0.547,0.27,-0.503,-0.476,0.575,0.329,-0.147,0.744,-0.213,-0.61
ADPT,0.32,-0.278,-0.081,0.0,0.384,0.853,0.61,-0.483,-0.113,0.3,0.095,-0.295,0.731,0.452,-0.587,0.688,0.698,0.763,0.82,0.287,0.664,-0.25,-0.276,0.764,0.441,-0.668,0.901,0.708,-0.208,0.609,0.766,0.064,0.473,0.384,0.651,0.618,0.647,0.199,0.517,0.83,0.725,-0.832,0.617,0.276,-0.192,0.535,-0.346,0.813,-0.593,0.845,-0.141,0.647,0.309,-0.707,0.442,0.773,-0.723,0.683,0.697,-0.603,0.795,0.461,0.703,0.534,0.557,0.398,0.908,-0.588,-0.606,0.043,-0.213,0.343,-0.302,0.591,-0.33,-0.453,0.24,0.706,-0.92,0.245,0.264,0.745,-0.319,-0.682,0.594,0.615,0.616,0.647,0.851,-0.48,0.394,0.544,0.859,-0.558,0.765,0.459,0.557,-0.188,0.686,0.471,-0.309,0.589,-0.541,0.002,0.729,0.492,0.574,0.099,-0.102,0.742,0.23,-0.174,0.614,0.706,0.555,0.123,0.417,0.623,0.225,0.744,-0.129,0.844,-0.218,0.412,-0.069,0.815,0.917,0.478,0.859,0.685,0.159,-0.527,-0.388,-0.018,0.826,0.761,-0.697,0.87,0.731,0.539,0.466,-0.598,0.309,0.846,-0.815,0.627,0.906,-0.023,0.185,0.801,0.649,0.124,0.472,-0.135,0.644,-0.435,-0.596,0.55,0.871,-0.219,0.799,-0.064,0.795,0.769,0.593,0.232,-0.198,0.697,0.183,0.393,0.574,0.815,0.236,0.809,0.824,0.878,0.821,-0.577,0.743,0.38,-0.174,0.862,0.122,0.112,0.272,-0.507,0.466,0.472,-0.333,0.692,0.633,-0.726,0.329,0.815,0.64,0.478,0.562,-0.497,0.792,0.717
ADTN,0.69,0.016,-0.101,0.384,0.0,0.478,-0.003,-0.089,-0.244,-0.104,0.04,-0.616,0.027,0.015,-0.477,0.113,0.323,0.286,0.359,0.372,0.335,-0.403,0.234,0.413,0.402,-0.108,0.232,0.212,-0.06,-0.084,0.284,0.376,-0.164,0.043,0.482,0.555,0.608,-0.442,0.348,0.418,0.578,-0.346,0.654,0.693,-0.443,0.121,-0.436,0.5,-0.3,0.306,0.031,0.469,0.706,-0.322,0.231,0.478,-0.303,0.562,0.168,-0.653,0.355,0.448,0.657,0.364,0.26,0.159,0.236,-0.272,-0.456,0.085,0.335,-0.033,-0.082,0.356,-0.039,-0.247,-0.427,0.178,-0.357,0.048,0.109,0.693,-0.24,-0.296,0.138,0.616,-0.082,-0.069,0.233,-0.622,0.089,0.485,0.287,-0.578,0.551,-0.204,0.676,0.098,0.265,0.705,-0.643,-0.099,-0.392,-0.352,0.461,0.482,0.776,-0.024,-0.443,0.506,-0.085,-0.361,0.513,0.452,0.665,0.3,0.501,0.117,0.269,0.545,0.218,0.225,-0.196,-0.189,-0.345,0.183,0.304,0.662,0.33,0.576,-0.504,-0.201,-0.388,-0.114,0.483,0.444,-0.242,0.302,0.406,-0.305,0.685,-0.587,0.699,0.364,-0.033,0.284,0.238,0.091,-0.288,0.404,-0.17,0.204,0.262,-0.005,0.596,0.075,-0.014,0.743,0.538,0.539,0.683,0.519,0.087,0.558,0.126,-0.126,0.044,0.073,0.427,-0.167,0.532,0.48,-0.573,0.414,0.578,0.237,0.293,-0.322,0.043,-0.403,0.301,0.438,-0.059,-0.313,0.195,0.21,0.713,0.327,-0.252,0.537,0.317,-0.564,0.299,0.269,0.135,-0.049,0.06,-0.458,0.113,0.475
AGEN,0.387,-0.392,0.036,0.853,0.478,0.0,0.612,-0.364,-0.051,0.313,-0.041,-0.351,0.686,0.486,-0.609,0.654,0.596,0.643,0.756,0.243,0.566,-0.197,-0.277,0.685,0.52,-0.497,0.797,0.632,-0.203,0.561,0.723,0.266,0.412,0.535,0.613,0.562,0.586,0.192,0.5,0.732,0.655,-0.73,0.606,0.286,-0.117,0.429,-0.288,0.765,-0.524,0.763,0.006,0.589,0.392,-0.594,0.33,0.782,-0.641,0.59,0.674,-0.536,0.699,0.395,0.651,0.562,0.499,0.273,0.821,-0.424,-0.526,0.052,-0.182,0.341,-0.105,0.496,-0.26,-0.294,0.228,0.635,-0.833,0.218,0.32,0.686,-0.216,-0.614,0.529,0.61,0.669,0.651,0.747,-0.412,0.262,0.478,0.796,-0.495,0.66,0.447,0.608,0.002,0.662,0.52,-0.286,0.543,-0.553,0.016,0.631,0.434,0.627,0.193,-0.103,0.602,0.286,-0.07,0.592,0.597,0.672,0.248,0.353,0.57,0.242,0.613,0.008,0.828,-0.106,0.417,-0.022,0.75,0.841,0.477,0.824,0.604,0.132,-0.357,-0.311,0.13,0.777,0.682,-0.573,0.784,0.663,0.483,0.474,-0.491,0.3,0.765,-0.635,0.586,0.801,0.093,0.223,0.71,0.583,0.209,0.457,-0.067,0.659,-0.387,-0.384,0.556,0.779,-0.131,0.746,0.075,0.732,0.66,0.6,0.093,-0.096,0.66,0.267,0.349,0.547,0.73,0.122,0.722,0.739,0.747,0.817,-0.473,0.735,0.358,-0.029,0.762,0.208,0.158,0.4,-0.298,0.482,0.546,-0.27,0.643,0.547,-0.642,0.358,0.678,0.638,0.485,0.414,-0.402,0.725,0.598
ALGN,0.016,-0.543,0.562,0.61,-0.003,0.612,0.0,0.101,0.483,0.798,-0.19,0.152,0.865,0.259,-0.078,0.797,0.088,0.485,0.471,-0.114,0.059,0.482,-0.179,0.219,0.59,-0.295,0.611,0.711,-0.374,0.836,0.514,0.345,0.681,0.788,0.023,-0.019,-0.027,0.454,0.238,0.307,0.066,-0.321,-0.006,-0.024,0.339,0.094,0.424,0.711,-0.445,0.599,0.186,0.104,0.358,-0.037,-0.134,0.348,-0.275,0.01,0.643,0.091,0.384,-0.262,0.033,0.636,0.121,0.48,0.542,0.054,0.065,-0.357,-0.673,0.326,0.257,0.255,0.22,-0.092,0.351,0.629,-0.477,0.426,0.455,0.188,0.376,-0.174,0.209,0.011,0.846,0.665,0.654,0.254,0.309,0.083,0.532,0.146,0.086,0.557,0.417,0.226,0.127,0.054,0.312,0.561,-0.575,0.475,0.065,-0.198,0.311,0.636,0.573,0.107,0.759,0.579,0.109,0.004,0.129,0.505,-0.23,0.669,-0.017,0.154,0.3,0.74,0.464,0.381,0.501,0.569,0.616,-0.074,0.66,0.137,0.5,-0.002,0.281,0.507,0.434,0.286,-0.276,0.574,0.298,0.692,-0.129,0.017,-0.237,0.425,-0.473,0.352,0.599,0.5,0.295,0.326,0.752,0.283,0.263,0.289,0.353,-0.369,-0.13,-0.125,0.372,-0.337,0.324,-0.112,0.691,0.239,0.827,0.166,0.387,0.91,-0.268,0.645,-0.117,0.326,0.543,0.327,0.242,0.454,0.849,0.091,0.861,0.725,0.187,0.311,0.106,0.696,-0.037,-0.077,-0.225,0.711,-0.077,0.008,0.095,-0.215,-0.091,0.3,0.9,0.683,0.302,0.168,0.535,0.061
ALLK,-0.081,-0.177,0.781,-0.483,-0.089,-0.364,0.101,0.0,0.708,0.307,-0.384,0.293,-0.177,-0.552,0.657,-0.122,-0.851,-0.519,-0.637,-0.263,-0.835,0.702,0.192,-0.787,0.034,0.684,-0.586,-0.284,0.054,-0.02,-0.495,0.475,-0.06,0.189,-0.775,-0.703,-0.772,-0.026,-0.496,-0.727,-0.76,0.662,-0.599,-0.088,0.548,-0.654,0.726,-0.068,0.216,-0.523,0.112,-0.78,0.326,0.866,-0.828,-0.645,0.526,-0.737,-0.401,0.546,-0.699,-0.8,-0.684,-0.034,-0.782,-0.111,-0.576,0.85,0.839,-0.693,-0.322,-0.04,0.625,-0.551,0.757,0.531,-0.299,-0.438,0.589,-0.168,0.245,-0.535,0.775,0.749,-0.803,-0.673,0.026,-0.196,-0.429,0.677,-0.218,-0.636,-0.623,0.619,-0.776,-0.396,0.063,0.567,-0.758,-0.322,0.433,-0.507,-0.164,0.366,-0.832,-0.824,-0.016,0.637,0.568,-0.769,0.49,0.687,-0.524,-0.85,-0.536,0.631,-0.587,-0.241,-0.221,-0.739,0.807,-0.197,0.834,-0.348,0.523,-0.623,-0.552,-0.516,-0.411,-0.644,0.131,0.624,0.449,0.322,-0.589,-0.683,0.63,-0.537,-0.676,-0.332,-0.432,0.666,-0.454,-0.665,0.54,-0.567,-0.489,0.492,-0.035,-0.75,-0.277,0.007,-0.604,0.403,-0.222,0.199,0.685,-0.607,-0.546,0.086,-0.529,0.052,-0.416,-0.614,0.029,-0.447,0.903,0.12,-0.365,0.061,-0.759,-0.66,-0.084,-0.757,-0.691,-0.689,-0.096,0.891,-0.143,0.146,0.852,-0.686,-0.307,0.237,-0.498,0.81,-0.516,0.456,0.393,-0.734,-0.735,0.408,-0.491,-0.832,0.17,-0.093,-0.551,0.787,-0.637,-0.776
AMD,-0.385,-0.413,0.824,-0.113,-0.244,-0.051,0.483,0.708,0.0,0.559,-0.491,0.335,0.339,-0.409,0.473,0.207,-0.559,-0.126,-0.308,-0.122,-0.477,0.694,-0.028,-0.458,0.253,0.304,-0.126,0.222,-0.1,0.524,-0.068,0.458,0.161,0.486,-0.639,-0.662,-0.626,0.492,-0.159,-0.376,-0.62,0.306,-0.539,-0.339,0.568,-0.456,0.777,0.155,-0.025,-0.156,0.278,-0.517,0.235,0.52,-0.598,-0.406,0.249,-0.494,0.033,0.569,-0.394,-0.73,-0.597,0.177,-0.371,-0.002,-0.139,0.594,0.706,-0.783,-0.525,0.535,0.455,-0.221,0.708,0.355,-0.061,0.057,0.225,0.263,0.238,-0.498,0.731,0.41,-0.459,-0.537,0.349,0.037,-0.021,0.625,0.013,-0.594,-0.143,0.661,-0.597,0.12,0.228,0.267,-0.563,-0.508,0.472,0.072,-0.339,0.413,-0.54,-0.667,0.109,0.854,0.712,-0.602,0.82,0.804,-0.248,-0.631,-0.553,0.726,-0.549,0.177,-0.285,-0.529,0.747,0.16,0.81,0.152,0.864,-0.115,-0.098,-0.646,0.015,-0.339,0.341,0.405,0.589,0.575,-0.245,-0.365,0.219,-0.077,-0.369,0.233,-0.523,0.623,-0.6,-0.262,0.21,-0.26,-0.007,0.522,-0.003,-0.434,0.208,0.122,-0.412,0.473,-0.177,-0.241,0.193,-0.628,-0.214,-0.372,-0.4,-0.278,0.079,-0.436,0.415,-0.137,0.763,0.458,-0.575,0.625,-0.662,-0.38,0.342,-0.461,-0.476,-0.293,0.281,0.622,0.282,0.412,0.63,-0.442,0.134,0.584,-0.466,0.566,-0.555,0.583,0.214,-0.604,-0.468,0.308,-0.541,-0.473,0.453,0.522,-0.12,0.684,-0.103,-0.543
AMWD,-0.023,-0.514,0.716,0.3,-0.104,0.313,0.798,0.307,0.559,0.0,-0.202,0.206,0.753,-0.009,0.154,0.639,-0.228,0.455,0.311,-0.332,-0.184,0.663,0.11,0.023,0.723,-0.099,0.344,0.607,-0.502,0.771,0.342,0.401,0.675,0.784,-0.295,-0.247,-0.216,0.357,0.147,0.089,-0.186,-0.045,-0.14,0.05,0.242,-0.117,0.653,0.555,-0.409,0.482,0.411,-0.003,0.429,0.251,-0.263,0.147,0.023,-0.245,0.623,0.369,0.258,-0.492,-0.252,0.733,0.035,0.535,0.166,0.21,0.275,-0.458,-0.741,0.148,0.388,0.297,0.542,-0.113,0.144,0.58,-0.133,0.473,0.387,-0.014,0.681,0.071,-0.037,-0.113,0.598,0.371,0.456,0.447,0.364,0.016,0.244,0.44,-0.206,0.432,0.383,0.38,-0.272,-0.051,0.419,0.416,-0.415,0.455,-0.207,-0.434,0.227,0.715,0.811,-0.119,0.732,0.767,-0.063,-0.296,-0.091,0.627,-0.474,0.729,-0.317,-0.046,0.463,0.454,0.641,0.119,0.56,0.36,0.39,-0.294,0.405,-0.096,0.371,0.175,0.644,0.593,0.299,0.021,-0.132,0.374,0.167,0.59,-0.256,0.179,-0.357,0.196,-0.095,0.234,0.349,0.809,-0.026,0.024,0.613,0.36,0.276,0.55,0.154,-0.127,0.168,-0.316,0.167,-0.21,0.144,-0.081,0.464,0.096,0.828,0.279,0.593,0.774,-0.558,0.605,-0.288,0.061,0.442,0.144,-0.072,0.186,0.682,0.382,0.69,0.543,0.306,-0.037,0.016,0.767,-0.302,0.168,-0.421,0.6,-0.154,-0.254,-0.282,-0.008,-0.36,0.056,0.774,0.517,0.299,0.315,0.177,-0.209
ARDX,0.173,0.419,-0.383,0.095,0.04,-0.041,-0.19,-0.384,-0.491,-0.202,0.0,-0.007,-0.119,0.251,-0.076,0.002,0.33,0.142,0.359,0.125,0.18,-0.391,0.091,0.219,-0.15,-0.013,0.177,-0.085,0.335,-0.281,-0.213,-0.579,0.052,-0.368,0.275,0.304,0.312,-0.264,0.086,0.062,0.313,-0.021,0.187,0.139,-0.205,0.342,-0.275,-0.108,0.227,0.188,-0.258,0.281,-0.26,-0.198,0.389,0.032,-0.11,0.235,0.014,-0.18,0.317,0.406,0.222,-0.03,0.205,0.093,0.163,-0.279,-0.349,0.498,0.416,-0.413,-0.191,0.012,-0.436,-0.334,0.278,0.07,-0.117,-0.22,-0.014,0.227,-0.384,-0.323,0.397,0.325,-0.193,0.03,-0.05,-0.262,0.239,0.515,0.071,-0.314,0.268,-0.107,-0.295,0.069,0.285,0.287,-0.1,0.01,0.205,0.072,0.306,0.335,-0.28,-0.501,-0.3,0.405,-0.416,-0.316,0.133,0.297,0.162,-0.512,0.256,-0.082,0.187,0.292,-0.519,-0.001,-0.41,-0.054,-0.54,0.034,-0.0,0.357,0.061,0.226,-0.016,-0.199,-0.237,-0.35,0.067,0.223,-0.025,-0.04,0.087,-0.114,0.214,-0.17,0.227,0.152,-0.312,0.344,0.078,-0.302,0.047,0.234,-0.056,-0.137,0.326,-0.203,0.24,0.376,-0.145,0.228,-0.011,0.238,0.228,0.321,-0.075,0.163,-0.228,0.257,-0.39,-0.166,0.146,-0.449,0.277,0.274,-0.026,0.28,0.221,0.239,-0.155,-0.258,-0.02,-0.118,-0.376,0.305,-0.078,-0.134,0.116,-0.464,0.197,-0.293,-0.135,0.287,0.277,0.032,0.034,0.366,-0.21,-0.322,0.299,-0.363,0.194,0.232
ARQT,-0.386,0.075,0.353,-0.295,-0.616,-0.351,0.152,0.293,0.335,0.206,-0.007,0.0,0.044,0.101,0.763,0.062,-0.355,-0.401,-0.325,-0.362,-0.474,0.619,-0.221,-0.508,-0.335,0.285,-0.264,-0.138,0.27,0.062,-0.378,-0.072,0.163,-0.107,-0.347,-0.688,-0.653,0.28,-0.249,-0.513,-0.625,0.537,-0.759,-0.603,0.675,-0.165,0.621,-0.367,0.554,-0.345,0.051,-0.529,-0.493,0.451,-0.323,-0.579,0.353,-0.576,-0.254,0.667,-0.408,-0.54,-0.583,-0.32,-0.405,-0.096,-0.225,0.481,0.602,-0.161,-0.129,-0.096,0.509,-0.512,0.101,0.592,0.462,-0.2,0.372,0.065,-0.092,-0.664,0.265,0.546,-0.129,-0.589,0.172,0.127,-0.36,0.726,-0.316,-0.416,-0.437,0.611,-0.6,0.146,-0.581,0.236,-0.244,-0.569,0.777,0.07,0.412,0.603,-0.501,-0.49,-0.635,0.214,0.492,-0.526,0.187,0.48,-0.554,-0.502,-0.512,-0.133,-0.51,-0.145,0.177,-0.473,-0.051,-0.171,0.297,0.183,0.327,-0.241,-0.347,-0.494,-0.295,-0.476,0.697,0.568,0.394,0.439,-0.551,-0.3,0.546,-0.395,-0.504,0.187,-0.678,0.631,-0.649,-0.45,0.073,-0.155,-0.268,0.092,0.468,-0.436,0.153,-0.146,-0.151,0.289,-0.336,0.087,0.284,-0.742,-0.517,-0.115,-0.614,-0.075,-0.153,-0.646,-0.087,0.165,0.176,0.026,-0.165,0.143,-0.658,-0.544,0.599,-0.459,-0.573,-0.348,-0.199,0.44,-0.021,0.394,-0.058,-0.394,-0.038,0.513,-0.179,0.086,-0.721,-0.052,0.618,-0.608,-0.13,0.641,-0.128,-0.35,-0.04,0.092,-0.011,0.698,-0.082,-0.483
ASTE,-0.02,-0.494,0.348,0.731,0.027,0.686,0.865,-0.177,0.339,0.753,-0.119,0.044,0.0,0.31,-0.227,0.77,0.348,0.726,0.668,0.002,0.361,0.245,-0.165,0.487,0.642,-0.512,0.79,0.856,-0.448,0.927,0.717,0.24,0.695,0.71,0.23,0.155,0.227,0.529,0.442,0.541,0.276,-0.517,0.181,-0.024,0.075,0.265,0.228,0.73,-0.54,0.781,0.198,0.384,0.282,-0.333,0.163,0.508,-0.399,0.279,0.832,-0.043,0.625,-0.042,0.214,0.687,0.44,0.479,0.686,-0.236,-0.158,-0.247,-0.553,0.46,0.001,0.525,0.076,-0.265,0.369,0.856,-0.625,0.561,0.293,0.299,0.161,-0.421,0.415,0.252,0.764,0.631,0.775,0.024,0.404,0.23,0.725,0.024,0.303,0.7,0.474,-0.056,0.261,0.066,0.157,0.766,-0.507,0.284,0.35,0.065,0.384,0.488,0.433,0.334,0.658,0.377,0.336,0.252,0.21,0.391,-0.057,0.828,-0.034,0.399,0.136,0.8,0.211,0.479,0.431,0.771,0.802,-0.006,0.773,0.388,0.419,-0.225,0.214,0.486,0.656,0.496,-0.536,0.771,0.52,0.805,-0.013,-0.159,-0.16,0.652,-0.578,0.538,0.792,0.404,0.133,0.516,0.846,0.312,0.485,0.256,0.408,-0.449,-0.376,0.042,0.589,-0.402,0.463,-0.237,0.809,0.453,0.845,0.383,0.145,0.861,-0.268,0.73,0.13,0.534,0.584,0.557,0.411,0.68,0.889,-0.187,0.907,0.597,-0.019,0.475,0.21,0.648,-0.059,-0.259,-0.055,0.587,-0.238,0.207,0.313,-0.324,-0.035,0.565,0.814,0.784,0.618,-0.076,0.709,0.312
AUPH,0.281,0.102,-0.323,0.452,0.015,0.486,0.259,-0.552,-0.409,-0.009,0.251,0.101,0.31,0.0,-0.318,0.383,0.604,0.279,0.549,0.057,0.447,-0.138,-0.059,0.507,0.008,-0.557,0.527,0.317,-0.038,0.143,0.426,-0.023,0.383,0.127,0.658,0.41,0.392,-0.02,0.382,0.491,0.491,-0.335,0.25,0.014,-0.038,0.602,-0.316,0.223,0.017,0.474,-0.119,0.468,-0.193,-0.449,0.445,0.494,-0.397,0.382,0.345,-0.347,0.507,0.421,0.487,0.077,0.384,0.306,0.485,-0.409,-0.482,0.53,0.104,-0.143,-0.082,0.209,-0.599,-0.065,0.566,0.33,-0.391,0.002,0.16,0.355,-0.52,-0.35,0.564,0.345,0.393,0.598,0.391,-0.163,-0.137,0.442,0.48,-0.38,0.503,0.412,-0.109,-0.057,0.721,0.381,0.127,0.436,0.123,0.122,0.484,0.451,-0.07,-0.356,-0.222,0.499,-0.07,-0.248,0.155,0.546,0.61,-0.432,0.385,0.173,0.57,0.49,-0.566,0.426,-0.373,0.277,-0.32,0.495,0.464,0.546,0.333,0.319,0.417,-0.095,-0.331,0.017,0.354,0.513,-0.252,0.381,0.457,0.351,0.208,-0.396,0.246,0.425,-0.53,0.491,0.406,-0.225,0.519,0.585,0.418,0.186,0.535,-0.225,0.381,0.031,-0.16,0.325,0.331,0.132,0.395,0.163,0.456,0.35,0.163,0.328,-0.509,0.176,0.558,-0.071,0.365,0.555,0.306,0.572,0.5,0.6,0.297,-0.495,0.394,0.261,-0.524,0.653,0.023,0.055,0.53,-0.56,0.153,-0.116,0.117,0.438,0.635,-0.26,0.614,0.608,0.148,0.06,0.316,-0.289,0.559,0.508
AVXL,-0.293,0.167,0.516,-0.587,-0.477,-0.609,-0.078,0.657,0.473,0.154,-0.076,0.763,-0.227,-0.318,0.0,-0.191,-0.692,-0.584,-0.612,-0.363,-0.767,0.691,0.068,-0.802,-0.321,0.575,-0.617,-0.363,0.255,-0.124,-0.658,0.031,-0.017,-0.213,-0.678,-0.875,-0.835,0.059,-0.433,-0.818,-0.841,0.837,-0.867,-0.457,0.627,-0.472,0.76,-0.455,0.643,-0.616,0.051,-0.745,-0.254,0.766,-0.585,-0.866,0.677,-0.778,-0.472,0.765,-0.688,-0.747,-0.804,-0.332,-0.673,-0.124,-0.593,0.725,0.825,-0.37,-0.056,-0.221,0.598,-0.655,0.416,0.644,0.095,-0.413,0.692,-0.09,-0.047,-0.76,0.498,0.807,-0.561,-0.764,-0.117,-0.183,-0.646,0.819,-0.414,-0.601,-0.756,0.742,-0.827,-0.219,-0.512,0.353,-0.658,-0.603,0.747,-0.319,0.409,0.504,-0.779,-0.714,-0.56,0.316,0.552,-0.74,0.177,0.591,-0.701,-0.798,-0.704,0.067,-0.637,-0.344,-0.006,-0.692,0.266,-0.421,0.514,-0.217,0.339,-0.651,-0.683,-0.613,-0.587,-0.679,0.457,0.707,0.504,0.366,-0.778,-0.645,0.797,-0.71,-0.803,-0.2,-0.721,0.776,-0.648,-0.769,0.436,-0.348,-0.579,0.218,0.13,-0.744,-0.216,-0.183,-0.377,0.418,-0.365,0.328,0.588,-0.834,-0.707,0.093,-0.727,0.02,-0.517,-0.796,-0.214,0.003,0.495,-0.133,-0.33,0.008,-0.84,-0.771,0.3,-0.765,-0.806,-0.686,-0.407,0.743,-0.305,0.158,0.297,-0.719,-0.232,0.409,-0.467,0.457,-0.766,-0.005,0.663,-0.845,-0.522,0.741,-0.445,-0.71,-0.148,-0.139,-0.246,0.838,-0.524,-0.748
AZTA,0.187,-0.308,0.31,0.688,0.113,0.654,0.797,-0.122,0.207,0.639,0.002,0.062,0.77,0.383,-0.191,0.0,0.253,0.519,0.572,-0.077,0.24,0.217,-0.157,0.378,0.492,-0.338,0.627,0.664,-0.188,0.707,0.499,0.131,0.635,0.508,0.201,0.152,0.155,0.255,0.256,0.437,0.28,-0.407,0.152,0.085,0.209,0.295,0.179,0.641,-0.409,0.66,0.113,0.309,0.299,-0.244,0.162,0.42,-0.352,0.208,0.6,-0.049,0.517,-0.063,0.241,0.535,0.282,0.491,0.588,-0.157,-0.146,-0.141,-0.496,0.21,0.192,0.345,-0.046,-0.243,0.407,0.615,-0.54,0.402,0.261,0.316,0.092,-0.339,0.393,0.211,0.692,0.597,0.606,0.035,0.344,0.282,0.542,-0.009,0.296,0.566,0.346,0.118,0.307,0.172,0.205,0.593,-0.43,0.322,0.257,0.017,0.325,0.384,0.32,0.342,0.451,0.343,0.167,0.22,0.32,0.247,-0.092,0.614,0.097,0.334,0.028,0.668,0.17,0.368,0.203,0.608,0.639,0.129,0.627,0.286,0.409,-0.15,0.115,0.314,0.501,0.448,-0.286,0.567,0.406,0.671,-0.023,-0.216,-0.109,0.461,-0.551,0.437,0.601,0.309,0.278,0.444,0.762,0.155,0.406,0.078,0.331,-0.312,-0.192,0.077,0.449,-0.118,0.483,-0.009,0.599,0.347,0.63,0.277,0.126,0.752,-0.099,0.511,0.083,0.44,0.509,0.477,0.378,0.542,0.745,-0.14,0.762,0.543,-0.033,0.482,0.062,0.483,0.124,-0.273,-0.06,0.518,-0.11,0.175,0.285,-0.273,0.008,0.455,0.763,0.542,0.357,-0.058,0.598,0.275
BAND,0.249,0.063,-0.651,0.698,0.323,0.596,0.088,-0.851,-0.559,-0.228,0.33,-0.355,0.348,0.604,-0.692,0.253,0.0,0.619,0.769,0.415,0.922,-0.662,-0.223,0.902,0.107,-0.71,0.761,0.49,-0.053,0.176,0.635,-0.248,0.132,-0.041,0.907,0.776,0.859,0.088,0.625,0.833,0.867,-0.769,0.691,0.25,-0.496,0.754,-0.717,0.373,-0.32,0.659,-0.161,0.852,-0.089,-0.899,0.778,0.745,-0.655,0.884,0.496,-0.72,0.778,0.844,0.854,0.184,0.805,0.206,0.778,-0.837,-0.863,0.59,0.316,0.183,-0.544,0.584,-0.694,-0.491,0.258,0.561,-0.766,0.176,0.016,0.693,-0.768,-0.807,0.826,0.801,0.144,0.382,0.608,-0.727,0.233,0.684,0.784,-0.758,0.882,0.326,0.226,-0.478,0.871,0.505,-0.496,0.55,-0.098,-0.297,0.942,0.898,0.287,-0.443,-0.552,0.864,-0.263,-0.643,0.681,0.943,0.674,-0.4,0.72,0.335,0.356,0.887,-0.579,0.481,-0.69,0.433,-0.431,0.735,0.722,0.708,0.64,0.792,-0.066,-0.612,-0.572,-0.24,0.73,0.851,-0.695,0.688,0.766,0.278,0.593,-0.706,0.565,0.81,-0.669,0.641,0.696,-0.423,0.103,0.874,0.381,0.126,0.618,-0.297,0.477,-0.227,-0.702,0.725,0.75,-0.039,0.702,0.059,0.606,0.737,0.15,0.348,-0.734,0.125,0.45,0.017,0.803,0.842,0.075,0.845,0.848,0.82,0.367,-0.893,0.339,-0.027,-0.58,0.874,0.305,-0.179,0.483,-0.712,0.647,-0.116,-0.36,0.846,0.845,-0.612,0.549,0.904,0.042,0.206,0.607,-0.782,0.754,0.931
BECN,0.242,-0.378,-0.11,0.763,0.286,0.643,0.485,-0.519,-0.126,0.455,0.142,-0.401,0.726,0.279,-0.584,0.519,0.619,0.0,0.888,0.173,0.657,-0.265,0.009,0.811,0.699,-0.699,0.843,0.776,-0.474,0.624,0.809,0.098,0.501,0.489,0.485,0.596,0.694,0.232,0.603,0.84,0.661,-0.765,0.685,0.398,-0.534,0.513,-0.269,0.714,-0.724,0.922,0.216,0.789,0.362,-0.616,0.5,0.773,-0.502,0.609,0.913,-0.463,0.898,0.47,0.557,0.763,0.768,0.559,0.675,-0.706,-0.641,0.146,-0.228,0.301,-0.349,0.838,-0.078,-0.689,0.059,0.902,-0.722,0.441,0.263,0.683,-0.13,-0.679,0.626,0.682,0.348,0.397,0.866,-0.466,0.611,0.696,0.833,-0.436,0.644,0.399,0.589,-0.167,0.429,0.444,-0.353,0.604,-0.447,-0.148,0.668,0.472,0.508,0.066,0.057,0.699,0.199,-0.099,0.679,0.613,0.445,0.177,0.388,0.829,-0.164,0.752,-0.079,0.632,-0.174,0.328,-0.013,0.862,0.885,0.374,0.831,0.632,-0.085,-0.513,-0.037,0.044,0.922,0.711,-0.818,0.891,0.85,0.509,0.508,-0.594,0.378,0.88,-0.535,0.677,0.816,0.26,-0.274,0.707,0.571,0.401,0.695,0.136,0.523,-0.231,-0.515,0.536,0.807,-0.198,0.766,-0.039,0.787,0.796,0.702,0.49,-0.192,0.55,-0.176,0.371,0.632,0.764,0.097,0.866,0.692,0.808,0.739,-0.512,0.667,0.146,-0.219,0.632,0.261,0.2,0.041,-0.415,0.415,0.25,-0.635,0.639,0.364,-0.665,0.144,0.808,0.509,0.417,0.765,-0.61,0.601,0.618
BFC,0.406,-0.222,-0.229,0.82,0.359,0.756,0.471,-0.637,-0.308,0.311,0.359,-0.325,0.668,0.549,-0.612,0.572,0.769,0.888,0.0,0.212,0.707,-0.348,-0.075,0.871,0.562,-0.709,0.89,0.708,-0.309,0.486,0.727,-0.041,0.499,0.368,0.688,0.698,0.776,0.112,0.666,0.851,0.788,-0.742,0.695,0.395,-0.437,0.635,-0.391,0.678,-0.543,0.916,0.056,0.839,0.247,-0.693,0.58,0.818,-0.573,0.698,0.825,-0.564,0.952,0.611,0.703,0.659,0.761,0.555,0.783,-0.71,-0.751,0.369,-0.027,0.135,-0.301,0.708,-0.354,-0.595,0.275,0.839,-0.799,0.32,0.324,0.763,-0.345,-0.742,0.77,0.767,0.4,0.537,0.803,-0.503,0.466,0.81,0.845,-0.576,0.761,0.423,0.44,-0.101,0.67,0.606,-0.304,0.619,-0.325,-0.069,0.78,0.62,0.413,-0.117,-0.118,0.823,0.062,-0.222,0.666,0.748,0.633,-0.039,0.498,0.7,0.122,0.842,-0.286,0.683,-0.322,0.353,-0.247,0.859,0.872,0.587,0.832,0.711,0.048,-0.466,-0.236,-0.011,0.885,0.815,-0.717,0.839,0.834,0.478,0.564,-0.635,0.475,0.881,-0.681,0.786,0.823,0.085,-0.015,0.836,0.565,0.302,0.788,0.018,0.669,-0.128,-0.482,0.623,0.792,-0.033,0.839,0.15,0.77,0.804,0.596,0.483,-0.346,0.511,0.114,0.206,0.695,0.852,0.123,0.945,0.809,0.889,0.708,-0.622,0.676,0.189,-0.349,0.81,0.237,0.155,0.284,-0.555,0.469,0.202,-0.475,0.736,0.57,-0.633,0.317,0.912,0.456,0.317,0.747,-0.64,0.724,0.72
BGC,0.129,0.139,-0.262,0.287,0.372,0.243,-0.114,-0.263,-0.122,-0.332,0.125,-0.362,0.002,0.057,-0.363,-0.077,0.415,0.173,0.212,0.0,0.385,-0.461,-0.049,0.344,-0.105,-0.133,0.263,0.128,0.299,-0.049,0.248,0.041,-0.277,-0.132,0.407,0.403,0.463,0.001,0.193,0.346,0.369,-0.305,0.393,0.184,-0.269,0.177,-0.412,0.184,-0.136,0.192,-0.058,0.252,0.116,-0.447,0.247,0.286,-0.327,0.442,0.016,-0.478,0.197,0.493,0.457,-0.061,0.268,-0.22,0.349,-0.322,-0.417,0.137,0.383,0.329,-0.377,0.225,-0.243,-0.127,-0.041,0.114,-0.34,-0.031,-0.084,0.35,-0.383,-0.325,0.27,0.402,-0.061,0.029,0.176,-0.546,0.031,0.235,0.333,-0.485,0.428,-0.057,0.311,-0.286,0.413,0.258,-0.43,0.043,-0.174,-0.213,0.445,0.422,0.395,-0.181,-0.458,0.382,-0.029,-0.43,0.588,0.472,0.212,0.013,0.499,0.075,0.173,0.361,-0.04,0.241,-0.378,0.156,-0.156,0.214,0.265,0.313,0.302,0.482,-0.189,-0.294,-0.456,-0.118,0.267,0.378,-0.338,0.302,0.291,-0.134,0.415,-0.311,0.369,0.352,-0.221,0.224,0.337,-0.326,-0.042,0.333,-0.031,-0.023,0.011,-0.19,0.374,-0.075,-0.401,0.465,0.365,-0.014,0.287,0.017,0.192,0.346,-0.039,-0.025,-0.265,-0.058,0.358,-0.069,0.44,0.363,-0.218,0.26,0.446,0.311,0.103,-0.413,0.076,-0.198,0.018,0.436,0.224,-0.238,0.154,-0.098,0.553,-0.013,-0.18,0.471,0.402,-0.353,0.221,0.316,-0.07,0.141,0.19,-0.333,0.344,0.428
BHF,0.152,-0.017,-0.627,0.664,0.335,0.566,0.059,-0.835,-0.477,-0.184,0.18,-0.474,0.361,0.447,-0.767,0.24,0.922,0.657,0.707,0.385,0.0,-0.703,-0.143,0.925,0.216,-0.734,0.728,0.551,-0.138,0.273,0.7,-0.188,0.048,0.009,0.806,0.727,0.857,0.152,0.682,0.869,0.861,-0.838,0.717,0.227,-0.57,0.697,-0.713,0.366,-0.455,0.646,-0.091,0.892,-0.017,-0.93,0.832,0.752,-0.664,0.926,0.538,-0.667,0.749,0.778,0.833,0.237,0.889,0.21,0.719,-0.88,-0.835,0.44,0.246,0.305,-0.62,0.734,-0.572,-0.579,0.054,0.594,-0.727,0.342,-0.064,0.65,-0.688,-0.857,0.749,0.824,0.059,0.175,0.628,-0.761,0.317,0.585,0.786,-0.659,0.868,0.374,0.335,-0.614,0.744,0.395,-0.586,0.636,-0.162,-0.466,0.947,0.897,0.4,-0.354,-0.521,0.835,-0.216,-0.621,0.685,0.916,0.625,-0.299,0.677,0.386,0.207,0.859,-0.49,0.416,-0.648,0.412,-0.3,0.747,0.735,0.605,0.629,0.819,-0.222,-0.675,-0.446,-0.27,0.78,0.817,-0.786,0.73,0.804,0.335,0.56,-0.722,0.542,0.818,-0.537,0.581,0.688,-0.338,-0.075,0.841,0.406,0.175,0.592,-0.294,0.337,-0.423,-0.785,0.717,0.794,-0.132,0.704,-0.068,0.606,0.772,0.188,0.339,-0.703,0.095,0.303,0.172,0.794,0.819,0.049,0.825,0.834,0.787,0.365,-0.924,0.281,-0.129,-0.56,0.793,0.422,-0.223,0.439,-0.643,0.638,-0.124,-0.46,0.801,0.763,-0.62,0.436,0.853,0.04,0.31,0.581,-0.805,0.715,0.938
BHFAL,-0.188,-0.26,0.824,-0.25,-0.403,-0.197,0.482,0.702,0.694,0.663,-0.391,0.619,0.245,-0.138,0.691,0.217,-0.662,-0.265,-0.348,-0.461,-0.703,0.0,0.046,-0.597,0.165,0.324,-0.254,0.05,-0.226,0.332,-0.199,0.39,0.383,0.441,-0.638,-0.736,-0.775,0.229,-0.289,-0.53,-0.721,0.554,-0.712,-0.255,0.664,-0.47,0.911,0.065,0.151,-0.195,0.255,-0.626,0.132,0.737,-0.718,-0.442,0.42,-0.751,-0.037,0.699,-0.423,-0.846,-0.699,0.149,-0.573,0.191,-0.333,0.75,0.77,-0.548,-0.593,-0.06,0.687,-0.362,0.594,0.505,0.171,-0.065,0.409,0.125,0.284,-0.53,0.785,0.685,-0.504,-0.705,0.402,0.207,-0.151,0.888,-0.206,-0.508,-0.371,0.742,-0.713,0.124,-0.098,0.525,-0.58,-0.396,0.789,-0.06,-0.05,0.667,-0.738,-0.819,-0.215,0.678,0.852,-0.671,0.617,0.877,-0.593,-0.769,-0.466,0.48,-0.731,0.126,-0.141,-0.588,0.518,0.005,0.807,-0.095,0.6,-0.262,-0.248,-0.579,-0.213,-0.622,0.569,0.644,0.645,0.64,-0.412,-0.511,0.49,-0.274,-0.47,0.203,-0.663,0.643,-0.641,-0.461,0.261,-0.252,-0.242,0.623,0.241,-0.499,0.188,0.083,-0.234,0.544,-0.184,0.112,0.595,-0.768,-0.428,-0.077,-0.464,-0.081,-0.049,-0.526,0.367,-0.009,0.748,0.405,-0.423,0.328,-0.799,-0.525,0.426,-0.504,-0.601,-0.393,0.16,0.814,0.227,0.527,0.455,-0.506,-0.211,0.7,-0.391,0.473,-0.797,0.405,0.429,-0.752,-0.551,0.453,-0.376,-0.535,0.41,0.188,-0.223,0.843,-0.289,-0.691
BKNG,0.25,0.25,0.099,-0.276,0.234,-0.277,-0.179,0.192,-0.028,0.11,0.091,-0.221,-0.165,-0.059,0.068,-0.157,-0.223,0.009,-0.075,-0.049,-0.143,0.046,0.0,-0.088,0.234,-0.007,-0.208,0.026,-0.32,-0.139,-0.073,0.335,-0.044,-0.018,-0.141,-0.024,0.012,-0.425,0.033,-0.098,-0.044,0.308,0.028,0.285,-0.361,-0.214,0.081,-0.007,0.06,-0.002,0.208,0.047,0.399,0.221,-0.01,-0.096,0.276,-0.052,-0.026,0.03,-0.022,-0.097,-0.04,0.17,-0.034,0.254,-0.463,0.067,0.049,-0.021,0.117,-0.288,-0.004,0.192,0.348,-0.109,-0.332,0.027,0.444,0.016,-0.058,0.028,0.102,0.199,-0.254,0.051,-0.387,-0.4,-0.161,-0.011,-0.038,0.129,-0.202,0.107,-0.06,-0.173,0.166,0.093,-0.392,0.137,0.03,-0.248,0.029,-0.183,-0.127,-0.06,0.167,-0.056,-0.01,0.031,0.077,0.048,-0.128,-0.135,0.096,0.151,0.092,-0.049,-0.03,0.026,0.197,-0.282,0.063,-0.59,-0.034,-0.246,-0.195,0.074,-0.286,-0.039,-0.311,0.137,0.216,0.045,-0.051,-0.103,0.061,-0.181,-0.003,-0.293,0.03,-0.156,0.218,-0.178,0.444,-0.01,-0.283,0.305,-0.545,-0.128,-0.333,0.271,0.125,0.167,0.072,0.457,0.377,0.075,-0.117,0.518,0.09,0.27,-0.272,0.086,-0.039,0.163,0.188,-0.231,-0.037,-0.13,-0.041,0.025,-0.285,-0.052,-0.064,-0.114,-0.126,0.134,-0.223,-0.504,0.209,-0.161,-0.351,-0.101,-0.407,0.361,0.005,-0.157,-0.02,-0.14,-0.222,0.06,-0.134,-0.15,-0.12,-0.239,-0.036,-0.018,-0.369,-0.096
BL,0.315,-0.131,-0.515,0.764,0.413,0.685,0.219,-0.787,-0.458,0.023,0.219,-0.508,0.487,0.507,-0.802,0.378,0.902,0.811,0.871,0.344,0.925,-0.597,-0.088,0.0,0.421,-0.771,0.835,0.647,-0.271,0.349,0.8,-0.068,0.217,0.206,0.807,0.813,0.904,0.109,0.726,0.948,0.902,-0.875,0.814,0.401,-0.615,0.697,-0.645,0.551,-0.601,0.829,0.026,0.941,0.165,-0.871,0.747,0.884,-0.687,0.885,0.702,-0.711,0.887,0.786,0.857,0.48,0.905,0.397,0.764,-0.867,-0.891,0.467,0.114,0.225,-0.506,0.827,-0.469,-0.659,0.062,0.718,-0.792,0.341,0.132,0.778,-0.556,-0.838,0.798,0.876,0.182,0.333,0.782,-0.729,0.426,0.759,0.864,-0.706,0.889,0.353,0.475,-0.386,0.75,0.586,-0.564,0.621,-0.269,-0.403,0.93,0.836,0.499,-0.286,-0.382,0.881,-0.125,-0.513,0.755,0.91,0.712,-0.152,0.672,0.575,0.126,0.921,-0.382,0.541,-0.53,0.392,-0.314,0.858,0.857,0.678,0.762,0.837,-0.191,-0.626,-0.374,-0.21,0.909,0.873,-0.845,0.853,0.929,0.363,0.672,-0.772,0.628,0.916,-0.571,0.671,0.775,-0.128,-0.092,0.885,0.481,0.289,0.712,-0.138,0.489,-0.287,-0.656,0.779,0.873,-0.061,0.831,0.047,0.732,0.869,0.394,0.417,-0.575,0.267,0.264,0.152,0.837,0.891,-0.012,0.946,0.886,0.867,0.547,-0.839,0.463,-0.052,-0.462,0.848,0.361,-0.11,0.436,-0.6,0.648,0.003,-0.573,0.86,0.674,-0.732,0.451,0.917,0.208,0.282,0.66,-0.819,0.71,0.909
BOKF,0.317,-0.503,0.37,0.441,0.402,0.52,0.59,0.034,0.253,0.723,-0.15,-0.335,0.642,0.008,-0.321,0.492,0.107,0.699,0.562,-0.105,0.216,0.165,0.234,0.421,0.0,-0.296,0.488,0.729,-0.581,0.631,0.58,0.516,0.431,0.746,0.054,0.191,0.305,0.107,0.498,0.451,0.29,-0.369,0.376,0.457,-0.245,0.101,0.178,0.723,-0.652,0.654,0.471,0.459,0.705,-0.081,0.042,0.51,-0.172,0.235,0.803,-0.117,0.525,-0.008,0.225,0.937,0.428,0.604,0.286,-0.161,-0.176,-0.198,-0.399,0.188,0.122,0.645,0.425,-0.419,-0.239,0.723,-0.326,0.535,0.437,0.43,0.406,-0.261,0.148,0.379,0.346,0.179,0.626,-0.078,0.494,0.374,0.494,-0.026,0.212,0.266,0.717,0.235,-0.058,0.387,-0.149,0.405,-0.542,-0.047,0.211,0.068,0.605,0.498,0.41,0.259,0.49,0.357,0.32,0.105,0.331,0.628,-0.018,0.769,-0.284,0.38,0.422,0.461,0.361,0.055,0.254,0.539,0.577,0.171,0.58,0.3,-0.146,-0.085,0.393,0.297,0.686,0.346,-0.43,0.591,0.523,0.333,0.263,-0.261,0.229,0.49,-0.021,0.403,0.469,0.781,-0.348,0.352,0.421,0.583,0.504,0.474,0.39,-0.142,-0.004,0.254,0.536,0.039,0.563,0.178,0.537,0.498,0.828,0.241,0.359,0.595,-0.339,0.435,0.199,0.42,-0.012,0.497,0.345,0.359,0.719,0.0,0.578,0.126,0.253,0.223,0.189,0.423,-0.062,0.163,0.109,0.531,-0.48,0.185,-0.072,-0.389,-0.118,0.308,0.651,0.417,0.362,-0.169,0.225,0.186
BRKR,-0.224,0.16,0.384,-0.668,-0.108,-0.497,-0.295,0.684,0.304,-0.099,-0.013,0.285,-0.512,-0.557,0.575,-0.338,-0.71,-0.699,-0.709,-0.133,-0.734,0.324,-0.007,-0.771,-0.296,0.0,-0.74,-0.598,0.521,-0.427,-0.767,0.034,-0.389,-0.249,-0.647,-0.576,-0.65,-0.135,-0.611,-0.813,-0.686,0.721,-0.542,-0.13,0.5,-0.527,0.472,-0.476,0.482,-0.71,0.061,-0.714,-0.058,0.739,-0.548,-0.709,0.623,-0.653,-0.643,0.556,-0.766,-0.54,-0.611,-0.369,-0.69,-0.464,-0.606,0.729,0.687,-0.311,0.074,-0.222,0.503,-0.67,0.382,0.462,-0.17,-0.668,0.636,-0.256,-0.123,-0.609,0.469,0.621,-0.595,-0.552,-0.26,-0.388,-0.732,0.438,-0.229,-0.521,-0.745,0.505,-0.716,-0.454,-0.277,0.459,-0.584,-0.344,0.255,-0.56,0.178,0.232,-0.711,-0.59,-0.281,0.243,0.176,-0.699,-0.004,0.362,-0.469,-0.719,-0.477,0.2,-0.528,-0.481,-0.171,-0.746,0.382,-0.489,0.399,-0.274,0.179,-0.735,-0.75,-0.443,-0.557,-0.572,-0.006,0.489,0.285,0.145,-0.72,-0.654,0.777,-0.732,-0.746,-0.458,-0.379,0.683,-0.396,-0.73,0.578,-0.492,-0.675,0.128,0.079,-0.763,-0.429,-0.206,-0.577,0.197,-0.394,0.286,0.566,-0.491,-0.707,0.181,-0.638,0.148,-0.684,-0.72,-0.42,-0.49,0.493,-0.313,-0.159,-0.293,-0.59,-0.74,-0.191,-0.797,-0.727,-0.821,-0.508,0.7,-0.459,-0.096,0.512,-0.703,-0.168,0.053,-0.204,0.605,-0.341,0.05,0.32,-0.618,-0.575,0.633,-0.421,-0.804,-0.269,-0.268,-0.571,0.581,-0.591,-0.696
CACC,0.203,-0.324,-0.149,0.901,0.232,0.797,0.611,-0.586,-0.126,0.344,0.177,-0.264,0.79,0.527,-0.617,0.627,0.761,0.843,0.89,0.263,0.728,-0.254,-0.208,0.835,0.488,-0.74,0.0,0.803,-0.339,0.66,0.83,0.001,0.569,0.462,0.647,0.618,0.67,0.317,0.623,0.847,0.715,-0.832,0.601,0.201,-0.291,0.614,-0.307,0.739,-0.612,0.915,-0.019,0.725,0.189,-0.722,0.509,0.792,-0.7,0.681,0.811,-0.524,0.866,0.502,0.647,0.582,0.713,0.455,0.897,-0.655,-0.648,0.168,-0.199,0.359,-0.343,0.681,-0.334,-0.536,0.304,0.828,-0.872,0.389,0.291,0.662,-0.311,-0.76,0.717,0.643,0.568,0.619,0.898,-0.437,0.485,0.604,0.93,-0.498,0.737,0.539,0.497,-0.239,0.675,0.42,-0.255,0.717,-0.473,-0.006,0.768,0.542,0.456,0.028,-0.04,0.741,0.255,-0.148,0.648,0.717,0.524,0.048,0.421,0.722,0.12,0.767,-0.22,0.818,-0.24,0.51,-0.02,0.915,0.941,0.443,0.889,0.683,0.179,-0.533,-0.249,0.027,0.863,0.792,-0.796,0.916,0.806,0.617,0.43,-0.553,0.312,0.906,-0.788,0.681,0.929,0.017,0.108,0.841,0.715,0.246,0.616,-0.048,0.586,-0.402,-0.652,0.51,0.812,-0.281,0.751,-0.106,0.889,0.759,0.652,0.383,-0.303,0.651,0.062,0.409,0.603,0.849,0.305,0.872,0.788,0.932,0.809,-0.62,0.792,0.377,-0.3,0.835,0.254,0.225,0.243,-0.591,0.413,0.322,-0.451,0.691,0.628,-0.656,0.292,0.889,0.57,0.535,0.71,-0.55,0.85,0.723
CAR,0.099,-0.371,0.157,0.708,0.212,0.632,0.711,-0.284,0.222,0.607,-0.085,-0.138,0.856,0.317,-0.363,0.664,0.49,0.776,0.708,0.128,0.551,0.05,0.026,0.647,0.729,-0.598,0.803,0.0,-0.455,0.827,0.774,0.297,0.515,0.604,0.341,0.254,0.41,0.414,0.679,0.655,0.432,-0.59,0.332,0.143,-0.154,0.411,0.063,0.732,-0.566,0.799,0.279,0.606,0.374,-0.429,0.364,0.569,-0.428,0.489,0.843,-0.201,0.67,0.152,0.391,0.714,0.656,0.603,0.655,-0.417,-0.319,-0.094,-0.335,0.44,-0.068,0.702,0.081,-0.417,0.092,0.885,-0.584,0.713,0.297,0.405,0.043,-0.488,0.475,0.458,0.503,0.397,0.794,-0.172,0.464,0.377,0.766,-0.114,0.433,0.546,0.595,-0.155,0.3,0.205,-0.061,0.778,-0.468,0.009,0.514,0.316,0.511,0.378,0.28,0.475,0.55,0.201,0.438,0.409,0.349,0.351,0.172,0.823,-0.01,0.602,0.099,0.681,0.094,0.457,0.323,0.812,0.809,0.226,0.772,0.54,0.184,-0.285,0.204,0.316,0.758,0.655,-0.617,0.801,0.656,0.625,0.165,-0.334,0.147,0.703,-0.423,0.563,0.773,0.403,-0.076,0.634,0.753,0.486,0.591,0.301,0.424,-0.409,-0.455,0.242,0.704,-0.188,0.591,-0.05,0.819,0.563,0.798,0.449,0.01,0.679,-0.214,0.656,0.271,0.64,0.407,0.66,0.543,0.68,0.808,-0.355,0.735,0.313,-0.067,0.542,0.34,0.504,0.058,-0.223,0.109,0.431,-0.361,0.33,0.375,-0.439,0.041,0.614,0.637,0.712,0.65,-0.267,0.684,0.516
CDNA,-0.157,0.42,-0.181,-0.208,-0.06,-0.203,-0.374,0.054,-0.1,-0.502,0.335,0.27,-0.448,-0.038,0.255,-0.188,-0.053,-0.474,-0.309,0.299,-0.138,-0.226,-0.32,-0.271,-0.581,0.521,-0.339,-0.455,0.0,-0.451,-0.539,-0.312,-0.46,-0.564,-0.036,-0.177,-0.167,-0.103,-0.267,-0.334,-0.157,0.273,-0.23,-0.254,0.388,0.051,-0.089,-0.452,0.505,-0.444,-0.278,-0.27,-0.439,0.076,0.063,-0.402,0.131,-0.093,-0.536,0.095,-0.388,0.041,-0.068,-0.585,-0.255,-0.496,-0.063,0.139,0.135,0.131,0.453,-0.096,0.11,-0.49,-0.28,0.246,0.13,-0.505,0.159,-0.288,-0.272,-0.282,-0.24,0.118,-0.031,-0.125,-0.205,-0.166,-0.505,-0.025,-0.2,-0.189,-0.36,-0.007,-0.158,-0.296,-0.415,0.02,0.139,-0.179,0.025,-0.215,0.335,0.054,-0.093,0.027,-0.331,-0.208,-0.311,-0.147,-0.318,-0.177,-0.136,-0.056,-0.165,-0.342,-0.007,-0.521,0.271,-0.241,-0.219,-0.242,-0.191,0.097,-0.19,-0.362,-0.403,0.0,-0.269,-0.088,0.099,0.149,-0.241,-0.227,-0.433,-0.14,0.466,-0.426,-0.404,-0.32,-0.092,0.259,-0.116,-0.331,0.036,-0.09,-0.27,-0.477,0.41,-0.252,-0.214,-0.336,-0.314,-0.244,-0.163,0.101,-0.008,-0.11,-0.31,0.074,-0.321,0.128,-0.402,-0.392,-0.566,-0.231,-0.173,-0.383,0.294,-0.339,-0.14,-0.299,-0.045,-0.339,-0.206,-0.329,-0.476,0.011,-0.36,-0.075,-0.057,-0.085,0.092,-0.213,0.257,-0.018,0.017,-0.2,0.342,-0.095,0.117,0.337,0.004,-0.243,-0.405,-0.214,-0.238,0.143,-0.038,-0.087
CG,-0.178,-0.553,0.456,0.609,-0.084,0.561,0.836,-0.02,0.524,0.771,-0.281,0.062,0.927,0.143,-0.124,0.707,0.176,0.624,0.486,-0.049,0.273,0.332,-0.139,0.349,0.631,-0.427,0.66,0.827,-0.451,0.0,0.659,0.291,0.643,0.718,0.007,-0.047,0.052,0.616,0.372,0.416,0.104,-0.438,0.041,-0.13,0.18,0.194,0.355,0.667,-0.523,0.631,0.204,0.249,0.271,-0.208,0.058,0.354,-0.291,0.153,0.758,0.122,0.437,-0.214,0.05,0.624,0.354,0.435,0.565,-0.135,0.028,-0.431,-0.645,0.584,0.005,0.481,0.226,-0.197,0.227,0.778,-0.49,0.62,0.321,0.132,0.315,-0.328,0.219,0.105,0.715,0.493,0.699,0.165,0.372,0.003,0.618,0.217,0.137,0.677,0.464,-0.1,0.076,-0.133,0.233,0.752,-0.499,0.256,0.192,-0.09,0.365,0.63,0.564,0.165,0.757,0.498,0.207,0.095,0.019,0.488,-0.18,0.785,-0.16,0.225,0.267,0.706,0.364,0.436,0.613,0.652,0.686,-0.192,0.668,0.243,0.423,-0.163,0.35,0.477,0.535,0.335,-0.465,0.674,0.381,0.809,-0.169,-0.004,-0.291,0.515,-0.431,0.387,0.694,0.46,0.069,0.368,0.819,0.302,0.318,0.306,0.231,-0.562,-0.364,-0.117,0.475,-0.519,0.313,-0.364,0.75,0.328,0.828,0.282,0.261,0.836,-0.451,0.863,-0.036,0.383,0.63,0.383,0.27,0.536,0.829,-0.064,0.81,0.614,0.075,0.291,0.305,0.645,-0.156,-0.148,-0.186,0.6,-0.181,0.027,0.131,-0.226,-0.196,0.379,0.801,0.827,0.489,0.072,0.582,0.186
