,ACET,ADAP,ADI,ADPT,ADTN,AGEN,ALGN,ALLK,AMD,AMWD,ARDX,ARQT,ASTE,AUPH,AVXL,AZTA,BAND,BECN,BFC,BGC,BHF,BHFAL,BKNG,BL,BOKF,BRKR,CACC,CAR,CDNA,CG,CGBD,CHI,CHTR,CHX,CLNE,CME,CNOB,CNXN,CPRX,CSGP,CSGS,CSIQ,CVCO,CVLT,CYRX,DDOG,DOOO,DSGX,DTIL,ECPG,EEFT,EFSC,ENTG,ESPR,ETSY,EXC,FAMI,FFIV,FITB,FIZZ,FMBH,FOX,FTNT,FULT,GABC,GEN,GH,GMAB,GNPX,GO,GOGL,GOOG,GPRO,GSHD,GSM,GWAV,HAIN,HBAN,HEPA,HURN,HWKN,IBIO,ICFI,IGMS,IMKTA,INCY,INO,IRDM,IRTC,IRWD,ITCI,JACK,JD,JJSF,KALA,KHC,KLAC,KRRO,KRYS,LANC,LBTYA,LIVN,LKCO,LNTH,LOGI,LPRO,LRCX,LSCC,LSTR,MAR,MARA,MCHP,MEOH,META,MGTX,MKSI,MMYT,MORN,MRUS,MTLS,MTSI,MVIS,MXL,NBIX,NFE,NMIH,NMRK,NNDM,NSIT,NTCT,NVAX,OCUL,ODP,OLED,ONB,OTEX,PACB,PATK,PAYX,PEP,PERI,PI,PLYA,PRDO,PRGS,PTGX,QCOM,QCRH,QDEL,QFIN,RGEN,RILY,RPAY,RPD,SABR,SEDG,SHEN,SIRI,SLNO,SNDL,SNEX,SONO,SPT,SSNC,STGW,STKL,STRL,STX,SWTX,SYNA,TFSL,TIGR,TNXP,TOWN,TRI,TRIP,TRMB,TRNS,TRS,TSCO,TSEM,TVTX,TXRH,VC,VCEL,VECO,VIAV,VICR,VIR,VRTX,VSTM,VTRS,WDFC,WSBC,WSC,WYNN,XENE,XNCR,XRAY,ZS
ACET,0.0,0.558,0.142,0.273,0.017,0.296,0.099,0.111,0.539,-0.035,-0.117,0.39,0.097,0.147,0.645,0.011,0.213,-0.224,-0.149,0.404,0.029,0.487,-0.03,-0.004,-0.096,0.17,0.057,0.003,0.115,0.062,0.373,0.19,0.336,-0.049,0.399,-0.425,0.21,-0.12,-0.474,-0.042,-0.082,0.476,-0.183,-0.019,0.533,0.199,0.025,-0.004,-0.162,0.081,0.051,-0.204,-0.011,-0.378,0.257,-0.023,0.207,-0.044,0.005,-0.378,-0.177,0.385,0.441,-0.22,-0.306,0.023,-0.034,0.421,0.252,0.092,0.04,0.167,0.673,-0.066,0.207,0.555,0.152,0.03,0.408,-0.241,0.217,-0.109,-0.374,0.427,-0.225,0.146,0.235,0.72,-0.178,0.415,-0.43,0.174,-0.122,0.008,0.646,0.351,-0.066,0.262,0.304,-0.155,0.641,-0.005,0.447,0.076,0.039,0.294,0.152,-0.155,-0.248,-0.362,0.236,0.31,0.523,0.315,0.574,0.086,0.537,-0.046,0.444,0.355,0.016,0.289,-0.153,-0.214,0.398,-0.112,-0.03,0.398,-0.281,-0.023,0.547,0.727,-0.424,0.613,-0.224,0.646,0.271,-0.155,-0.384,0.006,0.39,0.44,0.402,-0.331,0.14,0.194,0.004,-0.061,0.605,0.07,-0.051,0.202,0.289,0.183,0.166,0.609,0.342,0.257,0.244,0.597,0.152,0.487,0.133,-0.152,-0.006,0.165,0.013,-0.092,0.429,0.452,0.077,0.048,-0.034,-0.03,0.291,0.235,-0.094,0.314,-0.277,-0.199,0.145,0.447,0.288,0.342,-0.06,0.611,0.102,0.124,-0.188,-0.156,0.662,0.174,-0.026,-0.012,-0.159,-0.072,0.773,0.39,0.204,-0.106
ADAP,0.558,0.0,-0.193,0.126,0.15,0.231,-0.141,-0.21,0.213,-0.463,0.174,0.465,-0.432,-0.095,0.532,-0.072,0.002,-0.268,-0.532,0.459,-0.374,0.171,-0.155,-0.363,-0.303,0.448,-0.367,-0.02,0.399,-0.197,0.034,-0.187,-0.025,-0.172,0.463,-0.649,-0.223,-0.332,-0.366,-0.444,-0.433,0.785,-0.386,-0.042,0.533,0.044,0.014,-0.429,0.317,-0.365,-0.198,-0.521,-0.271,-0.081,0.287,-0.261,0.35,-0.208,-0.308,-0.013,-0.539,0.455,0.117,-0.364,-0.54,-0.289,-0.061,0.577,0.131,0.507,0.273,-0.084,0.45,-0.316,0.255,0.298,-0.021,-0.201,0.632,-0.332,-0.179,-0.169,-0.366,0.234,-0.351,0.237,0.123,0.363,-0.229,0.262,-0.251,-0.168,-0.37,-0.124,0.285,0.001,-0.087,0.265,0.118,-0.459,0.39,-0.037,0.565,0.19,0.014,0.037,0.024,-0.463,-0.51,-0.597,0.076,-0.191,0.086,0.238,0.384,-0.035,0.306,-0.43,0.341,0.305,-0.146,-0.193,-0.308,-0.259,0.033,-0.58,-0.467,0.059,-0.318,-0.354,0.645,0.605,-0.285,0.467,-0.521,0.104,0.574,-0.358,-0.53,-0.403,0.298,0.491,0.101,-0.563,0.127,0.006,-0.131,-0.456,0.545,-0.349,-0.028,0.155,0.006,-0.273,-0.142,0.779,0.164,-0.107,-0.164,0.8,-0.063,0.262,-0.142,-0.413,-0.456,-0.037,-0.307,-0.279,0.535,0.103,-0.315,-0.205,-0.137,-0.51,-0.177,-0.126,-0.359,0.178,-0.695,-0.365,-0.321,0.333,0.075,-0.128,0.281,0.407,-0.336,-0.255,0.072,-0.286,0.682,0.095,-0.162,-0.412,-0.272,-0.431,0.548,0.209,-0.229,-0.071
ADI,0.142,-0.193,0.0,0.803,0.54,0.665,0.866,-0.144,0.303,0.527,-0.05,-0.333,0.748,-0.38,-0.24,0.755,-0.189,0.648,0.393,0.365,0.765,0.094,-0.316,0.152,0.747,-0.1,0.821,0.716,0.122,0.859,0.569,-0.203,0.645,0.655,0.456,0.133,0.507,0.84,0.42,0.741,0.81,-0.401,0.72,0.692,0.133,-0.189,0.604,0.814,-0.021,0.698,-0.224,0.458,0.819,-0.357,-0.141,0.723,-0.368,0.872,0.766,-0.298,0.329,-0.103,0.466,0.704,-0.014,0.225,0.708,0.023,-0.408,-0.399,-0.309,0.864,-0.104,0.513,0.472,-0.362,-0.38,0.77,-0.565,0.46,-0.035,0.719,0.557,-0.356,-0.064,0.541,0.674,0.102,0.692,-0.313,0.383,-0.257,0.776,-0.46,0.411,-0.245,0.716,-0.117,-0.221,0.13,-0.378,0.783,-0.273,0.497,0.724,-0.403,0.802,0.578,0.645,0.193,0.624,0.654,0.488,0.751,0.255,0.787,-0.203,0.011,-0.31,0.626,0.827,0.531,0.752,0.648,0.428,0.562,0.732,-0.2,0.722,0.844,0.262,-0.232,0.29,0.203,0.733,0.427,-0.416,0.776,0.604,-0.035,0.538,-0.377,0.103,0.706,-0.562,-0.186,0.885,0.397,-0.13,0.349,0.674,0.259,-0.191,-0.053,-0.18,-0.168,-0.392,0.078,0.689,-0.263,0.8,-0.348,0.772,0.779,0.293,-0.363,0.821,0.823,-0.17,0.703,0.324,0.177,-0.237,0.605,0.468,0.768,0.888,-0.221,0.356,0.71,0.784,0.569,0.056,-0.028,0.31,0.163,0.781,0.818,0.305,0.754,0.107,-0.6,-0.344,0.279,0.759,0.124,0.193,-0.303,0.553,0.699
ADPT,0.273,0.126,0.803,0.0,0.68,0.835,0.876,-0.294,0.24,0.296,0.072,-0.278,0.613,-0.56,-0.19,0.811,-0.344,0.643,0.113,0.587,0.646,0.063,-0.601,-0.05,0.622,0.094,0.729,0.776,0.359,0.844,0.678,-0.401,0.543,0.688,0.669,-0.126,0.336,0.712,0.274,0.58,0.722,-0.263,0.634,0.691,0.363,-0.322,0.716,0.703,0.074,0.57,-0.48,0.18,0.729,-0.498,-0.176,0.701,-0.312,0.846,0.652,-0.442,0.02,-0.173,0.465,0.64,-0.329,-0.013,0.835,0.253,-0.509,-0.24,-0.237,0.769,-0.031,0.45,0.68,-0.374,-0.535,0.691,-0.463,0.452,-0.269,0.778,0.546,-0.401,-0.353,0.624,0.787,0.201,0.736,-0.416,0.463,-0.403,0.67,-0.658,0.587,-0.381,0.78,-0.176,-0.275,-0.13,-0.364,0.777,-0.149,0.559,0.778,-0.538,0.875,0.343,0.545,-0.139,0.551,0.426,0.529,0.849,0.28,0.847,-0.295,-0.233,-0.294,0.806,0.829,0.543,0.753,0.707,0.499,0.374,0.567,-0.343,0.702,0.729,0.441,-0.162,0.139,0.153,0.601,0.431,-0.294,0.749,0.45,-0.287,0.75,-0.35,0.164,0.556,-0.686,-0.287,0.896,0.083,0.058,0.232,0.79,0.203,-0.39,-0.262,-0.376,-0.002,-0.556,-0.124,0.747,-0.102,0.85,-0.391,0.729,0.701,0.068,-0.485,0.789,0.855,-0.028,0.781,0.054,-0.06,-0.297,0.34,0.35,0.751,0.798,-0.275,0.071,0.605,0.652,0.791,-0.11,-0.21,0.471,0.087,0.627,0.804,0.38,0.729,0.452,-0.71,-0.495,-0.002,0.798,-0.137,0.328,-0.387,0.376,0.739
ADTN,0.017,0.15,0.54,0.68,0.0,0.869,0.712,-0.827,-0.354,-0.194,0.491,-0.508,0.175,-0.932,-0.384,0.823,-0.835,0.757,-0.299,0.805,0.356,-0.483,-0.846,-0.587,0.446,0.406,0.341,0.886,0.724,0.727,0.589,-0.87,0.011,0.819,0.835,-0.368,-0.138,0.606,0.538,0.193,0.39,-0.092,0.553,0.656,0.267,-0.8,0.802,0.279,0.522,0.225,-0.872,0.0,0.45,-0.264,-0.428,0.7,-0.007,0.757,0.49,-0.402,-0.422,-0.389,-0.145,0.611,-0.628,-0.491,0.874,0.479,-0.873,0.258,0.182,0.483,-0.433,0.342,0.832,-0.682,-0.938,0.621,-0.331,0.709,-0.801,0.858,0.71,-0.799,-0.609,0.891,0.694,-0.308,0.811,-0.723,0.753,-0.753,0.37,-0.953,0.329,-0.843,0.89,-0.641,-0.742,-0.623,-0.663,0.803,0.146,0.685,0.896,-0.902,0.808,-0.173,0.295,-0.536,0.089,-0.096,0.388,0.756,0.039,0.842,-0.687,-0.732,-0.556,0.683,0.667,0.198,0.71,0.763,0.333,-0.03,0.087,-0.794,0.789,0.563,0.434,-0.382,0.259,-0.173,0.425,-0.095,-0.172,0.673,0.505,-0.791,0.753,-0.481,0.163,0.516,-0.703,-0.752,0.732,-0.349,-0.209,-0.259,0.918,-0.103,-0.805,-0.553,-0.869,-0.046,-0.768,-0.679,0.298,-0.126,0.789,-0.636,0.278,0.607,-0.51,-0.872,0.41,0.689,-0.051,0.486,-0.396,-0.62,-0.794,-0.118,-0.349,0.618,0.624,-0.587,-0.341,0.466,0.249,0.692,-0.379,-0.706,0.656,-0.165,0.14,0.349,0.847,0.737,0.53,-0.911,-0.793,-0.568,0.774,-0.68,0.183,-0.801,-0.074,0.723
AGEN,0.296,0.231,0.665,0.835,0.869,0.0,0.827,-0.544,-0.011,0.002,0.287,-0.364,0.395,-0.724,-0.232,0.817,-0.609,0.642,-0.138,0.778,0.51,-0.169,-0.777,-0.353,0.525,0.314,0.524,0.84,0.551,0.788,0.714,-0.644,0.282,0.821,0.834,-0.294,0.06,0.627,0.308,0.329,0.538,-0.073,0.555,0.611,0.433,-0.592,0.744,0.454,0.293,0.371,-0.718,0.016,0.556,-0.48,-0.339,0.762,-0.096,0.767,0.572,-0.498,-0.289,-0.324,0.188,0.575,-0.57,-0.351,0.874,0.527,-0.671,0.096,-0.016,0.64,-0.134,0.366,0.782,-0.425,-0.734,0.641,-0.36,0.56,-0.523,0.824,0.579,-0.543,-0.558,0.82,0.869,0.112,0.737,-0.507,0.533,-0.594,0.53,-0.823,0.606,-0.531,0.834,-0.395,-0.438,-0.412,-0.396,0.819,0.083,0.631,0.836,-0.694,0.871,-0.003,0.297,-0.484,0.32,0.196,0.55,0.816,0.385,0.868,-0.454,-0.542,-0.355,0.733,0.736,0.456,0.714,0.709,0.501,0.144,0.285,-0.558,0.707,0.597,0.569,-0.133,0.095,0.092,0.46,0.213,-0.187,0.675,0.41,-0.527,0.812,-0.328,0.192,0.472,-0.668,-0.499,0.783,-0.183,0.052,0.049,0.85,0.059,-0.579,-0.438,-0.617,0.061,-0.606,-0.379,0.528,0.001,0.844,-0.445,0.484,0.612,-0.25,-0.731,0.571,0.763,0.069,0.723,-0.217,-0.358,-0.599,0.061,0.044,0.747,0.711,-0.423,-0.181,0.519,0.489,0.868,-0.163,-0.43,0.606,0.054,0.406,0.596,0.618,0.714,0.637,-0.782,-0.652,-0.362,0.771,-0.446,0.362,-0.547,0.21,0.644
ALGN,0.099,-0.141,0.866,0.876,0.712,0.827,0.0,-0.333,0.124,0.393,0.085,-0.5,0.702,-0.599,-0.4,0.912,-0.429,0.758,0.204,0.514,0.769,-0.07,-0.557,-0.023,0.764,0.034,0.83,0.87,0.29,0.928,0.692,-0.42,0.476,0.85,0.588,0.06,0.339,0.84,0.408,0.669,0.849,-0.442,0.788,0.738,0.18,-0.425,0.766,0.78,0.057,0.68,-0.47,0.34,0.83,-0.345,-0.268,0.855,-0.353,0.935,0.79,-0.424,0.127,-0.333,0.328,0.791,-0.204,0.027,0.862,0.167,-0.597,-0.21,-0.271,0.824,-0.247,0.559,0.682,-0.551,-0.616,0.797,-0.619,0.588,-0.315,0.854,0.707,-0.553,-0.249,0.671,0.775,0.015,0.861,-0.57,0.611,-0.416,0.81,-0.663,0.492,-0.435,0.876,-0.309,-0.404,-0.062,-0.519,0.872,-0.248,0.543,0.842,-0.626,0.912,0.429,0.627,-0.059,0.538,0.484,0.529,0.818,0.269,0.925,-0.453,-0.204,-0.46,0.691,0.894,0.548,0.886,0.819,0.529,0.508,0.665,-0.394,0.85,0.84,0.295,-0.375,0.338,0.04,0.757,0.317,-0.491,0.885,0.67,-0.223,0.671,-0.537,0.122,0.746,-0.682,-0.409,0.938,0.19,-0.134,0.254,0.859,0.186,-0.441,-0.251,-0.428,-0.189,-0.621,-0.124,0.694,-0.32,0.88,-0.535,0.721,0.844,0.116,-0.577,0.825,0.928,-0.184,0.764,0.103,-0.042,-0.404,0.453,0.286,0.827,0.927,-0.442,0.235,0.725,0.757,0.706,-0.118,-0.243,0.467,-0.002,0.683,0.813,0.409,0.844,0.274,-0.78,-0.508,0.026,0.913,-0.054,0.167,-0.548,0.463,0.778
ALLK,0.111,-0.21,-0.144,-0.294,-0.827,-0.544,-0.333,0.0,0.577,0.448,-0.678,0.411,0.191,0.865,0.315,-0.55,0.867,-0.6,0.439,-0.673,-0.032,0.679,0.673,0.733,-0.179,-0.431,0.022,-0.668,-0.71,-0.383,-0.305,0.885,0.279,-0.559,-0.66,0.493,0.331,-0.289,-0.422,0.137,-0.008,-0.105,-0.31,-0.43,-0.057,0.798,-0.644,0.144,-0.655,0.045,0.827,0.098,-0.103,0.032,0.315,-0.361,-0.251,-0.424,-0.229,0.243,0.522,0.264,0.542,-0.384,0.592,0.577,-0.55,-0.388,0.806,-0.49,-0.377,-0.106,0.531,-0.173,-0.697,0.65,0.886,-0.396,0.014,-0.581,0.901,-0.596,-0.536,0.751,0.591,-0.761,-0.34,0.573,-0.576,0.678,-0.701,0.668,0.009,0.822,-0.05,0.891,-0.639,0.678,0.809,0.811,0.606,-0.499,-0.336,-0.544,-0.686,0.809,-0.464,0.493,-0.07,0.603,0.219,0.407,-0.187,-0.458,0.265,-0.525,0.639,0.822,0.541,-0.49,-0.323,0.122,-0.389,-0.498,-0.1,0.31,0.284,0.81,-0.544,-0.267,-0.33,0.346,-0.272,0.331,-0.133,0.348,0.022,-0.378,-0.337,0.898,-0.551,0.394,-0.073,-0.266,0.469,0.759,-0.392,0.507,0.341,0.619,-0.671,0.233,0.783,0.541,0.885,-0.048,0.664,0.775,0.053,0.037,-0.449,0.575,0.092,-0.307,0.724,0.785,0.01,-0.304,0.093,-0.118,0.473,0.772,0.805,0.338,0.719,-0.342,-0.247,0.61,0.569,-0.088,0.193,-0.376,0.534,0.795,-0.49,0.261,0.244,0.139,-0.805,-0.466,-0.435,0.719,0.767,0.666,-0.456,0.833,-0.142,0.792,0.44,-0.455
AMD,0.539,0.213,0.303,0.24,-0.354,-0.011,0.124,0.577,0.0,0.484,-0.536,0.467,0.352,0.514,0.531,-0.102,0.679,-0.294,0.338,-0.178,0.253,0.744,0.419,0.542,0.195,-0.211,0.268,-0.135,-0.397,0.047,0.043,0.625,0.578,-0.212,-0.075,-0.023,0.569,0.044,-0.506,0.331,0.173,0.195,-0.047,0.048,0.229,0.629,-0.125,0.292,-0.559,0.283,0.559,0.171,0.319,-0.292,0.539,-0.084,-0.144,-0.007,0.173,0.058,0.441,0.596,0.774,-0.1,0.308,0.509,-0.213,-0.048,0.56,-0.359,-0.562,0.443,0.767,0.033,-0.171,0.553,0.534,0.082,0.199,-0.485,0.667,-0.253,-0.411,0.678,0.204,-0.136,0.117,0.747,-0.273,0.611,-0.561,0.41,0.255,0.413,0.262,0.645,-0.18,0.677,0.629,0.46,0.574,-0.08,-0.002,-0.107,-0.122,0.556,0.109,0.518,0.059,0.243,0.683,0.734,0.269,0.181,0.571,0.012,0.685,0.496,0.454,0.242,0.15,0.293,-0.1,-0.32,0.168,0.258,0.423,0.677,-0.288,0.045,0.295,0.584,-0.11,0.809,0.027,0.716,0.107,-0.095,-0.268,0.518,0.028,0.407,0.065,-0.204,0.338,0.583,0.085,0.547,0.499,0.376,-0.228,0.526,0.624,0.403,0.604,0.483,0.545,0.833,0.372,0.373,0.01,0.535,0.501,-0.069,0.572,0.486,0.264,-0.022,0.288,0.363,0.585,0.685,0.47,0.457,0.75,0.085,0.059,0.5,0.22,-0.035,0.426,0.058,0.493,0.702,-0.13,0.784,0.47,0.371,-0.589,-0.216,0.031,0.356,0.349,0.573,-0.179,0.577,0.342,0.662,0.453,-0.061
AMWD,-0.035,-0.463,0.527,0.296,-0.194,0.002,0.393,0.448,0.484,0.0,-0.412,-0.265,0.847,0.206,-0.195,0.196,0.357,0.363,0.851,-0.303,0.805,0.384,0.359,0.842,0.723,-0.545,0.755,0.183,-0.597,0.492,0.314,0.439,0.733,0.244,-0.345,0.642,0.863,0.575,0.169,0.813,0.73,-0.601,0.647,0.445,-0.452,0.315,0.208,0.767,-0.589,0.841,0.477,0.845,0.7,-0.126,0.117,0.413,-0.399,0.427,0.688,0.021,0.878,0.018,0.456,0.578,0.74,0.809,0.08,-0.618,0.069,-0.608,-0.559,0.49,0.064,0.696,0.06,-0.079,0.213,0.579,-0.45,0.218,0.505,0.186,0.328,0.1,0.569,-0.119,0.0,0.154,0.287,-0.046,0.074,0.469,0.717,0.292,0.157,0.342,0.211,0.312,0.105,0.719,-0.051,0.316,-0.595,-0.276,0.088,0.215,0.298,0.798,0.767,0.69,0.556,0.794,0.343,0.085,0.126,0.308,0.134,0.758,-0.248,0.203,0.521,0.411,0.454,0.199,0.362,0.912,0.889,0.276,0.306,0.615,-0.369,-0.183,0.456,0.188,0.743,0.575,-0.681,0.523,0.515,0.645,0.108,-0.277,0.093,0.596,0.064,0.375,0.426,0.894,-0.329,0.677,0.091,0.501,0.453,0.527,0.39,-0.267,0.033,0.584,0.657,-0.364,0.375,0.015,0.709,0.599,0.88,0.372,0.72,0.437,-0.536,0.489,0.831,0.676,0.241,0.921,0.699,0.387,0.546,0.217,0.8,0.248,0.711,-0.031,0.429,0.558,-0.322,0.161,0.772,0.582,-0.474,0.324,-0.372,-0.022,0.117,0.786,0.319,0.705,0.083,0.082,0.53,0.221
ARDX,-0.117,0.174,-0.05,0.072,0.491,0.287,0.085,-0.678,-0.536,-0.412,0.0,-0.285,-0.262,-0.557,-0.107,0.327,-0.694,0.317,-0.325,0.534,-0.168,-0.769,-0.547,-0.672,-0.076,0.608,-0.058,0.307,0.645,0.111,0.113,-0.695,-0.36,0.28,0.322,-0.349,-0.377,0.047,0.145,-0.369,-0.11,0.132,0.07,0.057,0.134,-0.585,0.364,-0.28,0.453,-0.068,-0.654,-0.198,-0.238,0.002,-0.321,0.08,0.298,0.158,0.023,-0.316,-0.47,-0.194,-0.616,0.126,-0.488,-0.576,0.356,0.335,-0.56,0.273,0.399,-0.266,-0.365,-0.042,0.365,-0.333,-0.587,0.142,-0.025,0.398,-0.597,0.344,0.289,-0.489,-0.398,0.468,0.187,-0.406,0.266,-0.49,0.472,-0.218,-0.234,-0.554,0.132,-0.605,0.276,-0.583,-0.547,-0.701,-0.325,0.197,0.402,0.421,0.408,-0.506,0.103,-0.594,-0.109,-0.453,-0.498,-0.341,0.278,0.119,-0.338,0.182,-0.466,-0.621,-0.383,0.119,-0.076,0.093,0.147,0.348,0.054,-0.34,-0.427,-0.559,0.276,0.093,0.166,-0.216,-0.064,-0.489,-0.051,-0.235,0.009,0.099,0.074,-0.627,0.389,-0.071,0.043,0.094,-0.445,-0.562,0.134,-0.536,-0.178,-0.5,0.363,-0.45,-0.578,-0.273,-0.641,-0.003,-0.534,-0.684,-0.24,-0.101,0.248,-0.204,-0.378,0.052,-0.649,-0.548,-0.174,0.091,-0.134,-0.122,-0.498,-0.695,-0.591,-0.333,-0.624,0.243,-0.008,-0.311,-0.444,-0.009,-0.266,0.282,-0.305,-0.438,0.185,-0.43,-0.287,-0.208,0.508,0.264,0.345,-0.359,-0.682,-0.501,0.196,-0.741,0.201,-0.545,-0.194,0.017
ARQT,0.39,0.465,-0.333,-0.278,-0.508,-0.364,-0.5,0.411,0.467,-0.265,-0.285,0.0,-0.415,0.602,0.705,-0.537,0.615,-0.741,-0.159,-0.263,-0.532,0.572,0.423,0.061,-0.536,0.037,-0.492,-0.556,-0.158,-0.615,-0.507,0.449,-0.023,-0.747,-0.126,-0.36,-0.113,-0.592,-0.66,-0.42,-0.593,0.697,-0.726,-0.513,0.339,0.608,-0.506,-0.455,-0.172,-0.513,0.433,-0.459,-0.478,0.005,0.544,-0.705,0.172,-0.578,-0.555,0.367,-0.072,0.669,0.265,-0.752,-0.023,0.035,-0.551,0.128,0.748,0.132,-0.047,-0.203,0.672,-0.549,-0.516,0.718,0.625,-0.571,0.596,-0.815,0.446,-0.605,-0.832,0.791,0.112,-0.274,-0.157,0.521,-0.738,0.842,-0.792,0.207,-0.515,0.476,-0.142,0.531,-0.651,0.591,0.725,0.081,0.731,-0.549,0.328,-0.047,-0.486,0.616,-0.472,-0.133,-0.572,0.002,0.062,-0.076,-0.286,-0.211,0.245,-0.577,0.711,0.119,0.781,-0.153,-0.539,-0.331,-0.768,-0.741,-0.434,-0.466,-0.371,0.561,-0.708,-0.617,0.438,0.801,-0.482,0.579,-0.703,0.093,0.711,-0.733,-0.727,0.204,-0.411,0.68,-0.244,-0.758,0.463,0.549,-0.523,-0.02,0.654,-0.141,-0.623,0.103,0.531,0.109,0.555,0.631,0.725,0.478,-0.302,0.703,-0.604,0.599,-0.238,-0.705,-0.011,0.438,-0.508,-0.62,0.644,-0.308,0.074,0.293,0.559,-0.255,0.218,-0.505,-0.555,0.517,-0.311,-0.358,-0.361,-0.196,0.174,0.324,-0.215,0.559,-0.195,-0.323,-0.337,-0.661,0.052,0.648,0.582,0.166,-0.71,0.168,0.24,0.81,-0.072,-0.467
ASTE,0.097,-0.432,0.748,0.613,0.175,0.395,0.702,0.191,0.352,0.847,-0.262,-0.415,0.0,-0.089,-0.341,0.516,0.055,0.58,0.733,0.035,0.918,0.256,-0.044,0.572,0.806,-0.405,0.94,0.485,-0.302,0.77,0.628,0.143,0.74,0.56,0.032,0.499,0.79,0.771,0.276,0.881,0.899,-0.653,0.797,0.566,-0.188,0.019,0.475,0.921,-0.47,0.906,0.08,0.737,0.818,-0.387,-0.082,0.696,-0.422,0.696,0.825,-0.324,0.667,-0.238,0.491,0.727,0.4,0.544,0.456,-0.335,-0.219,-0.597,-0.501,0.651,-0.036,0.737,0.346,-0.213,-0.119,0.746,-0.626,0.472,0.246,0.526,0.528,-0.154,0.199,0.158,0.388,0.205,0.58,-0.26,0.266,0.199,0.835,-0.108,0.438,0.087,0.511,0.016,-0.062,0.457,-0.198,0.596,-0.529,-0.005,0.411,-0.088,0.601,0.68,0.797,0.428,0.551,0.749,0.545,0.39,0.227,0.606,-0.078,0.443,-0.349,0.433,0.741,0.627,0.696,0.495,0.56,0.896,0.93,0.01,0.573,0.825,-0.149,-0.243,0.33,0.11,0.864,0.63,-0.72,0.767,0.624,0.379,0.425,-0.434,0.247,0.761,-0.31,0.079,0.694,0.699,-0.242,0.663,0.424,0.352,0.13,0.344,0.12,-0.333,-0.247,0.327,0.809,-0.439,0.672,-0.18,0.801,0.792,0.698,0.008,0.885,0.728,-0.44,0.716,0.632,0.403,0.007,0.886,0.658,0.713,0.797,-0.042,0.712,0.469,0.859,0.354,0.236,0.335,-0.103,0.087,0.853,0.798,-0.128,0.585,-0.051,-0.358,-0.123,0.58,0.633,0.443,0.197,-0.169,0.615,0.451
AUPH,0.147,-0.095,-0.38,-0.56,-0.932,-0.724,-0.599,0.865,0.514,0.206,-0.557,0.602,-0.089,0.0,0.471,-0.75,0.878,-0.796,0.307,-0.715,-0.296,0.599,0.828,0.571,-0.405,-0.405,-0.273,-0.835,-0.703,-0.645,-0.486,0.923,0.086,-0.769,-0.69,0.293,0.179,-0.545,-0.576,-0.123,-0.339,0.171,-0.556,-0.665,-0.073,0.822,-0.81,-0.213,-0.585,-0.193,0.877,-0.027,-0.381,0.119,0.432,-0.628,-0.005,-0.698,-0.437,0.31,0.407,0.413,0.317,-0.626,0.564,0.463,-0.812,-0.332,0.903,-0.315,-0.3,-0.321,0.593,-0.373,-0.827,0.817,0.96,-0.574,0.34,-0.729,0.893,-0.808,-0.781,0.892,0.529,-0.815,-0.497,0.506,-0.808,0.85,-0.874,0.719,-0.298,0.917,-0.188,0.92,-0.854,0.654,0.875,0.629,0.768,-0.74,-0.058,-0.572,-0.825,0.942,-0.701,0.201,-0.35,0.471,0.039,0.212,-0.298,-0.631,0.187,-0.766,0.794,0.706,0.686,-0.603,-0.599,-0.051,-0.669,-0.757,-0.286,0.05,-0.027,0.868,-0.794,-0.531,-0.259,0.548,-0.396,0.351,-0.419,0.227,0.234,-0.653,-0.537,0.82,-0.681,0.546,-0.145,-0.524,0.68,0.775,-0.665,0.389,0.384,0.339,-0.888,0.186,0.833,0.574,0.916,0.136,0.861,0.771,-0.199,0.205,-0.707,0.745,-0.169,-0.596,0.546,0.829,-0.354,-0.636,0.24,-0.36,0.431,0.665,0.799,0.175,0.499,-0.508,-0.532,0.631,0.345,-0.376,-0.11,-0.532,0.475,0.771,-0.578,0.368,-0.026,-0.223,-0.788,-0.714,-0.425,0.907,0.838,0.591,-0.74,0.7,-0.09,0.906,0.237,-0.694
AVXL,0.645,0.532,-0.24,-0.19,-0.384,-0.232,-0.4,0.315,0.531,-0.195,-0.107,0.705,-0.341,0.471,0.0,-0.394,0.437,-0.611,-0.254,0.048,-0.405,0.394,0.302,-0.024,-0.464,0.164,-0.369,-0.432,-0.036,-0.453,-0.22,0.38,-0.002,-0.558,0.01,-0.433,-0.061,-0.508,-0.65,-0.336,-0.527,0.674,-0.616,-0.427,0.367,0.432,-0.41,-0.435,-0.12,-0.302,0.374,-0.364,-0.383,-0.012,0.313,-0.573,0.382,-0.475,-0.403,-0.014,-0.166,0.685,0.211,-0.606,-0.113,0.002,-0.478,0.212,0.566,0.059,0.076,-0.183,0.729,-0.448,-0.311,0.734,0.486,-0.385,0.61,-0.619,0.391,-0.522,-0.739,0.688,0.029,-0.198,-0.129,0.522,-0.641,0.689,-0.685,0.336,-0.524,0.348,0.24,0.473,-0.515,0.4,0.51,-0.09,0.734,-0.518,0.605,-0.007,-0.342,0.565,-0.342,-0.218,-0.499,-0.151,-0.018,0.128,0.126,-0.095,0.257,-0.414,0.689,0.08,0.644,-0.019,-0.471,0.026,-0.589,-0.571,-0.073,-0.397,-0.371,0.624,-0.669,-0.462,0.401,0.773,-0.523,0.562,-0.589,0.35,0.545,-0.611,-0.646,0.107,-0.118,0.641,0.035,-0.686,0.455,0.366,-0.417,-0.08,0.558,-0.206,-0.496,0.094,0.486,0.3,0.383,0.675,0.638,0.372,-0.139,0.713,-0.355,0.677,-0.284,-0.573,-0.067,0.429,-0.43,-0.551,0.512,-0.068,0.037,0.144,0.207,-0.218,0.124,-0.292,-0.537,0.527,-0.371,-0.384,-0.219,-0.05,0.271,0.454,-0.218,0.589,-0.196,-0.264,-0.376,-0.516,0.236,0.569,0.274,0.043,-0.609,0.039,0.502,0.681,-0.037,-0.48
AZTA,0.011,-0.072,0.755,0.811,0.823,0.817,0.912,-0.55,-0.102,0.196,0.327,-0.537,0.516,-0.75,-0.394,0.0,-0.627,0.787,0.012,0.628,0.615,-0.309,-0.693,-0.269,0.644,0.245,0.671,0.904,0.509,0.858,0.614,-0.632,0.246,0.832,0.676,-0.091,0.13,0.792,0.459,0.477,0.694,-0.358,0.709,0.706,0.215,-0.61,0.819,0.573,0.26,0.544,-0.636,0.227,0.698,-0.207,-0.359,0.787,-0.216,0.898,0.687,-0.418,-0.067,-0.354,0.077,0.754,-0.353,-0.199,0.899,0.282,-0.743,-0.065,-0.149,0.672,-0.338,0.476,0.721,-0.646,-0.766,0.758,-0.564,0.661,-0.532,0.882,0.749,-0.695,-0.336,0.772,0.744,-0.18,0.875,-0.689,0.736,-0.512,0.622,-0.796,0.407,-0.65,0.906,-0.51,-0.55,-0.293,-0.644,0.847,-0.067,0.666,0.907,-0.768,0.874,0.206,0.522,-0.196,0.329,0.273,0.485,0.787,0.11,0.903,-0.613,-0.423,-0.548,0.689,0.805,0.465,0.861,0.87,0.397,0.3,0.437,-0.552,0.875,0.754,0.335,-0.442,0.329,-0.136,0.66,0.138,-0.393,0.837,0.658,-0.465,0.679,-0.551,0.071,0.687,-0.74,-0.587,0.885,-0.015,-0.178,-0.01,0.931,0.025,-0.613,-0.356,-0.632,-0.177,-0.728,-0.356,0.547,-0.334,0.847,-0.602,0.517,0.791,-0.139,-0.726,0.679,0.86,-0.155,0.61,-0.099,-0.301,-0.582,0.252,-0.007,0.752,0.835,-0.502,0.045,0.713,0.562,0.691,-0.307,-0.415,0.545,-0.125,0.472,0.633,0.584,0.826,0.299,-0.851,-0.661,-0.189,0.897,-0.293,0.144,-0.681,0.305,0.775
BAND,0.213,0.002,-0.189,-0.344,-0.835,-0.609,-0.429,0.867,0.679,0.357,-0.694,0.615,0.055,0.878,0.437,-0.627,0.0,-0.649,0.425,-0.691,-0.153,0.778,0.794,0.707,-0.198,-0.399,-0.133,-0.681,-0.655,-0.478,-0.464,0.899,0.299,-0.716,-0.614,0.252,0.416,-0.351,-0.524,0.01,-0.162,0.158,-0.394,-0.334,-0.041,0.949,-0.59,0.0,-0.577,-0.063,0.883,0.099,-0.144,0.082,0.672,-0.542,-0.101,-0.508,-0.269,0.468,0.552,0.577,0.549,-0.468,0.608,0.651,-0.667,-0.386,0.916,-0.265,-0.336,-0.069,0.641,-0.255,-0.672,0.677,0.93,-0.402,0.29,-0.745,0.889,-0.708,-0.666,0.859,0.588,-0.688,-0.441,0.563,-0.686,0.81,-0.796,0.634,-0.104,0.878,-0.23,0.871,-0.708,0.863,0.847,0.747,0.698,-0.508,-0.188,-0.498,-0.679,0.888,-0.514,0.459,-0.159,0.569,0.337,0.384,-0.283,-0.412,0.248,-0.584,0.795,0.766,0.618,-0.364,-0.35,-0.14,-0.553,-0.711,-0.269,0.118,0.168,0.869,-0.637,-0.345,-0.148,0.522,-0.154,0.558,-0.281,0.33,0.263,-0.514,-0.505,0.787,-0.572,0.577,-0.108,-0.433,0.633,0.869,-0.445,0.528,0.4,0.397,-0.742,0.348,0.896,0.515,0.95,0.249,0.815,0.868,-0.068,0.288,-0.553,0.664,0.104,-0.448,0.658,0.846,-0.102,-0.464,0.168,-0.207,0.585,0.813,0.862,0.291,0.627,-0.475,-0.373,0.7,0.376,-0.263,0.019,-0.493,0.537,0.765,-0.478,0.471,0.187,-0.018,-0.819,-0.635,-0.38,0.795,0.779,0.695,-0.598,0.804,-0.017,0.877,0.276,-0.419
BECN,-0.224,-0.268,0.648,0.643,0.757,0.642,0.758,-0.6,-0.294,0.363,0.317,-0.741,0.58,-0.796,-0.611,0.787,-0.649,0.0,0.253,0.465,0.744,-0.405,-0.535,-0.068,0.8,-0.022,0.684,0.888,0.286,0.884,0.636,-0.613,0.318,0.867,0.421,0.128,0.336,0.848,0.7,0.605,0.725,-0.54,0.917,0.838,-0.28,-0.61,0.862,0.626,0.218,0.664,-0.558,0.573,0.728,-0.182,-0.373,0.818,-0.18,0.884,0.829,-0.306,0.163,-0.45,-0.126,0.928,-0.055,0.042,0.781,-0.133,-0.843,-0.073,-0.003,0.549,-0.612,0.755,0.788,-0.831,-0.796,0.886,-0.594,0.863,-0.554,0.881,0.935,-0.81,-0.174,0.668,0.454,-0.462,0.937,-0.844,0.873,-0.389,0.682,-0.697,0.23,-0.694,0.908,-0.507,-0.778,-0.192,-0.775,0.86,-0.302,0.383,0.814,-0.761,0.781,0.233,0.787,-0.015,0.219,0.218,0.445,0.595,-0.177,0.861,-0.678,-0.227,-0.798,0.644,0.828,0.283,0.882,0.828,0.46,0.505,0.527,-0.694,0.934,0.867,-0.021,-0.647,0.632,-0.296,0.841,0.073,-0.647,0.925,0.844,-0.396,0.679,-0.746,0.185,0.883,-0.615,-0.51,0.849,0.164,-0.637,0.06,0.852,0.104,-0.533,-0.209,-0.622,-0.357,-0.801,-0.419,0.547,-0.457,0.853,-0.704,0.531,0.904,0.0,-0.578,0.708,0.828,-0.577,0.58,0.105,-0.259,-0.619,0.409,-0.105,0.72,0.814,-0.543,0.175,0.464,0.466,0.439,-0.234,-0.43,0.281,-0.302,0.469,0.491,0.525,0.885,0.14,-0.869,-0.688,-0.069,0.875,-0.264,0.115,-0.84,0.052,0.748
BFC,-0.149,-0.532,0.393,0.113,-0.299,-0.138,0.204,0.439,0.338,0.851,-0.325,-0.159,0.733,0.307,-0.254,0.012,0.425,0.253,0.0,-0.455,0.612,0.304,0.405,0.8,0.571,-0.522,0.612,0.005,-0.578,0.298,0.089,0.463,0.623,0.065,-0.505,0.624,0.819,0.436,0.132,0.633,0.591,-0.529,0.507,0.269,-0.456,0.432,0.1,0.63,-0.538,0.651,0.484,0.805,0.453,-0.112,0.238,0.212,-0.297,0.241,0.544,0.142,0.923,0.018,0.339,0.428,0.79,0.76,-0.017,-0.69,0.167,-0.552,-0.396,0.306,0.003,0.511,-0.121,-0.015,0.313,0.429,-0.441,0.145,0.562,0.074,0.226,0.153,0.576,-0.243,-0.123,0.115,0.127,0.046,-0.021,0.503,0.556,0.386,-0.02,0.37,0.009,0.346,0.215,0.726,0.012,0.198,-0.611,-0.315,-0.049,0.323,0.053,0.694,0.635,0.765,0.37,0.67,0.194,-0.096,-0.026,0.081,0.159,0.76,-0.167,0.006,0.308,0.271,0.256,0.046,0.138,0.777,0.727,0.253,0.209,0.504,-0.419,-0.141,0.368,0.103,0.59,0.427,-0.518,0.34,0.338,0.672,-0.057,-0.105,0.031,0.498,0.065,0.508,0.271,0.835,-0.315,0.649,-0.087,0.348,0.506,0.569,0.529,-0.299,0.114,0.555,0.459,-0.39,0.18,0.111,0.532,0.418,0.841,0.405,0.547,0.289,-0.556,0.242,0.837,0.656,0.401,0.874,0.625,0.261,0.391,0.282,0.805,0.156,0.522,-0.168,0.445,0.55,-0.415,0.039,0.712,0.443,-0.448,0.182,-0.437,0.123,0.218,0.841,0.176,0.694,0.025,0.141,0.485,0.07
BGC,0.404,0.459,0.365,0.587,0.805,0.778,0.514,-0.673,-0.178,-0.303,0.534,-0.263,0.035,-0.715,0.048,0.628,-0.691,0.465,-0.455,0.0,0.177,-0.336,-0.724,-0.599,0.155,0.539,0.2,0.656,0.766,0.525,0.631,-0.696,0.034,0.61,0.84,-0.468,-0.194,0.324,0.24,0.025,0.163,0.234,0.266,0.405,0.487,-0.658,0.559,0.065,0.442,0.148,-0.724,-0.229,0.206,-0.278,-0.387,0.49,0.193,0.498,0.247,-0.577,-0.579,-0.183,-0.052,0.309,-0.748,-0.499,0.637,0.616,-0.659,0.312,0.344,0.275,-0.132,0.175,0.763,-0.302,-0.713,0.401,-0.007,0.508,-0.624,0.586,0.375,-0.497,-0.594,0.745,0.605,-0.003,0.527,-0.456,0.458,-0.533,0.091,-0.785,0.624,-0.566,0.633,-0.489,-0.518,-0.704,-0.228,0.548,0.396,0.57,0.668,-0.612,0.624,-0.396,0.023,-0.677,-0.017,-0.059,0.538,0.684,0.205,0.631,-0.352,-0.69,-0.243,0.594,0.392,0.282,0.454,0.556,0.497,-0.163,-0.118,-0.502,0.436,0.357,0.535,0.009,-0.092,-0.005,0.129,0.141,0.007,0.395,0.223,-0.706,0.798,-0.183,0.347,0.214,-0.509,-0.634,0.491,-0.485,0.097,-0.281,0.69,-0.122,-0.595,-0.406,-0.731,0.231,-0.497,-0.617,0.24,0.207,0.658,-0.293,0.105,0.335,-0.573,-0.616,0.185,0.413,0.193,0.538,-0.463,-0.616,-0.771,-0.27,-0.311,0.58,0.323,-0.346,-0.487,0.194,0.17,0.81,-0.172,-0.48,0.517,0.004,-0.009,0.183,0.629,0.532,0.805,-0.618,-0.709,-0.599,0.491,-0.73,0.509,-0.512,-0.006,0.46
BHF,0.029,-0.374,0.765,0.646,0.356,0.51,0.769,-0.032,0.253,0.805,-0.168,-0.532,0.918,-0.296,-0.405,0.615,-0.153,0.744,0.612,0.177,0.0,0.126,-0.128,0.469,0.914,-0.369,0.907,0.669,-0.22,0.871,0.699,-0.037,0.69,0.723,0.148,0.424,0.716,0.847,0.419,0.911,0.892,-0.609,0.907,0.712,-0.297,-0.188,0.605,0.88,-0.331,0.914,-0.047,0.776,0.899,-0.357,-0.184,0.825,-0.366,0.801,0.921,-0.309,0.57,-0.285,0.336,0.862,0.328,0.47,0.533,-0.295,-0.423,-0.441,-0.431,0.727,-0.186,0.869,0.532,-0.41,-0.328,0.875,-0.601,0.611,0.021,0.657,0.675,-0.326,0.122,0.372,0.42,0.024,0.721,-0.426,0.45,0.019,0.881,-0.264,0.399,-0.103,0.69,-0.112,-0.298,0.298,-0.359,0.709,-0.479,0.061,0.552,-0.286,0.735,0.602,0.862,0.288,0.535,0.67,0.581,0.493,0.186,0.757,-0.23,0.3,-0.522,0.56,0.851,0.525,0.806,0.599,0.615,0.877,0.899,-0.197,0.697,0.875,-0.091,-0.336,0.514,0.086,0.929,0.523,-0.79,0.878,0.784,0.193,0.532,-0.591,0.221,0.843,-0.31,-0.073,0.784,0.638,-0.414,0.516,0.573,0.397,-0.036,0.203,-0.109,-0.296,-0.373,0.18,0.834,-0.392,0.781,-0.347,0.814,0.901,0.553,-0.142,0.873,0.785,-0.482,0.801,0.568,0.275,-0.232,0.813,0.492,0.779,0.863,-0.21,0.578,0.434,0.815,0.408,0.151,0.133,0.028,0.091,0.801,0.714,0.027,0.729,-0.003,-0.528,-0.295,0.417,0.72,0.272,0.206,-0.357,0.439,0.556
BHFAL,0.487,0.171,0.094,0.063,-0.483,-0.169,-0.07,0.679,0.744,0.384,-0.769,0.572,0.256,0.599,0.394,-0.309,0.778,-0.405,0.304,-0.336,0.126,0.0,0.542,0.629,0.013,-0.415,0.092,-0.305,-0.527,-0.118,-0.019,0.701,0.496,-0.368,-0.172,0.103,0.475,-0.095,-0.418,0.242,0.046,0.177,-0.165,-0.061,0.109,0.699,-0.285,0.231,-0.488,0.122,0.619,0.069,0.161,-0.19,0.545,-0.174,-0.199,-0.177,-0.051,0.22,0.407,0.444,0.729,-0.259,0.331,0.582,-0.356,-0.14,0.675,-0.2,-0.366,0.27,0.693,0.02,-0.258,0.571,0.636,-0.132,0.234,-0.554,0.666,-0.379,-0.476,0.693,0.334,-0.349,-0.092,0.715,-0.362,0.685,-0.66,0.363,0.113,0.545,0.107,0.713,-0.324,0.751,0.701,0.579,0.628,-0.168,-0.182,-0.32,-0.355,0.625,-0.062,0.457,-0.023,0.317,0.571,0.414,-0.04,-0.0,0.541,-0.175,0.742,0.55,0.582,0.03,0.029,-0.005,-0.275,-0.465,0.064,0.227,0.357,0.672,-0.396,-0.105,0.159,0.586,-0.144,0.732,-0.109,0.516,0.146,-0.21,-0.299,0.58,-0.19,0.346,0.047,-0.261,0.446,0.684,-0.127,0.49,0.47,0.449,-0.396,0.49,0.695,0.322,0.712,0.365,0.636,0.764,0.297,0.425,-0.187,0.46,0.412,-0.167,0.594,0.597,0.14,-0.163,0.325,0.253,0.517,0.7,0.629,0.302,0.734,-0.122,-0.059,0.466,0.253,-0.137,0.269,-0.045,0.423,0.564,-0.275,0.651,0.315,0.199,-0.582,-0.347,-0.023,0.444,0.604,0.547,-0.305,0.612,0.241,0.727,0.302,-0.102
BKNG,-0.03,-0.155,-0.316,-0.601,-0.846,-0.777,-0.557,0.673,0.419,0.359,-0.547,0.423,-0.044,0.828,0.302,-0.693,0.794,-0.535,0.405,-0.724,-0.128,0.542,0.0,0.674,-0.174,-0.535,-0.213,-0.653,-0.761,-0.513,-0.458,0.83,0.188,-0.649,-0.734,0.405,0.34,-0.348,-0.346,0.034,-0.254,0.111,-0.305,-0.372,-0.445,0.766,-0.622,-0.159,-0.499,-0.02,0.903,0.267,-0.196,0.286,0.538,-0.532,-0.002,-0.559,-0.238,0.511,0.581,0.496,0.178,-0.394,0.746,0.68,-0.827,-0.57,0.74,-0.184,-0.235,-0.231,0.338,-0.082,-0.628,0.508,0.823,-0.34,0.409,-0.571,0.746,-0.74,-0.573,0.708,0.699,-0.693,-0.661,0.178,-0.639,0.652,-0.649,0.65,-0.161,0.898,-0.386,0.746,-0.684,0.657,0.585,0.64,0.55,-0.571,-0.183,-0.646,-0.71,0.812,-0.602,0.28,-0.12,0.596,0.176,0.237,-0.328,-0.579,0.028,-0.635,0.725,0.743,0.404,-0.484,-0.42,-0.301,-0.555,-0.711,-0.237,0.173,0.076,0.702,-0.629,-0.358,-0.379,0.347,0.042,0.346,-0.236,0.132,0.042,-0.48,-0.263,0.74,-0.629,0.319,-0.113,-0.318,0.777,0.712,-0.548,0.55,-0.001,0.21,-0.776,0.394,0.822,0.524,0.799,0.143,0.767,0.725,-0.198,0.202,-0.625,0.511,-0.037,-0.4,0.569,0.836,-0.293,-0.598,-0.031,-0.318,0.609,0.726,0.647,0.3,0.358,-0.461,-0.442,0.529,0.358,-0.467,-0.135,-0.666,0.438,0.625,-0.618,0.355,-0.018,-0.339,-0.741,-0.575,-0.538,0.763,0.696,0.656,-0.656,0.68,-0.089,0.698,0.029,-0.518
BL,-0.004,-0.363,0.152,-0.05,-0.587,-0.353,-0.023,0.733,0.542,0.842,-0.672,0.061,0.572,0.571,-0.024,-0.269,0.707,-0.068,0.8,-0.599,0.469,0.629,0.674,0.0,0.369,-0.669,0.396,-0.261,-0.808,0.057,-0.018,0.742,0.644,-0.19,-0.628,0.68,0.76,0.172,-0.072,0.556,0.395,-0.382,0.252,0.119,-0.464,0.658,-0.2,0.488,-0.676,0.507,0.774,0.632,0.359,-0.011,0.347,0.019,-0.34,-0.02,0.292,0.307,0.878,0.2,0.509,0.167,0.852,0.899,-0.33,-0.673,0.467,-0.483,-0.462,0.206,0.253,0.405,-0.3,0.224,0.615,0.146,-0.163,-0.174,0.756,-0.264,-0.064,0.456,0.737,-0.493,-0.325,0.302,-0.146,0.317,-0.307,0.608,0.432,0.68,-0.066,0.666,-0.235,0.641,0.45,0.903,0.278,-0.063,-0.604,-0.573,-0.366,0.582,-0.115,0.724,0.464,0.76,0.473,0.622,-0.011,-0.254,0.153,-0.136,0.443,0.942,0.086,-0.123,0.158,0.116,0.016,-0.225,0.112,0.719,0.665,0.555,-0.122,0.202,-0.448,0.075,0.286,0.311,0.362,0.453,-0.393,0.097,0.148,0.855,-0.262,0.039,0.04,0.214,0.407,0.716,0.006,0.848,-0.135,0.711,-0.349,0.523,0.753,0.569,0.731,-0.145,0.407,0.766,0.393,-0.121,-0.069,0.274,0.515,0.186,0.936,0.718,0.394,0.037,-0.36,0.202,0.849,0.863,0.603,0.732,0.744,-0.018,0.147,0.456,0.78,-0.056,0.434,-0.308,0.551,0.675,-0.483,0.226,0.561,0.298,-0.739,-0.094,-0.475,0.396,0.502,0.857,-0.106,0.873,-0.013,0.448,0.387,-0.088
BOKF,-0.096,-0.303,0.747,0.622,0.446,0.525,0.764,-0.179,0.195,0.723,-0.076,-0.536,0.806,-0.405,-0.464,0.644,-0.198,0.8,0.571,0.155,0.914,0.013,-0.174,0.369,0.0,-0.24,0.818,0.733,-0.126,0.853,0.559,-0.174,0.619,0.73,0.19,0.311,0.691,0.861,0.465,0.807,0.848,-0.535,0.919,0.821,-0.306,-0.204,0.69,0.794,-0.17,0.813,-0.107,0.793,0.896,-0.189,-0.087,0.775,-0.287,0.808,0.957,-0.1,0.551,-0.184,0.234,0.911,0.325,0.416,0.567,-0.255,-0.469,-0.265,-0.388,0.763,-0.258,0.819,0.571,-0.545,-0.409,0.917,-0.531,0.597,-0.093,0.676,0.74,-0.407,0.103,0.482,0.411,-0.122,0.744,-0.488,0.543,-0.117,0.886,-0.319,0.215,-0.249,0.734,-0.085,-0.397,0.224,-0.494,0.797,-0.433,0.182,0.636,-0.384,0.739,0.593,0.853,0.239,0.591,0.617,0.446,0.499,0.135,0.785,-0.33,0.184,-0.6,0.61,0.881,0.361,0.81,0.598,0.441,0.743,0.806,-0.291,0.758,0.847,-0.032,-0.404,0.689,0.111,0.917,0.344,-0.657,0.858,0.755,0.046,0.513,-0.537,0.087,0.819,-0.296,-0.106,0.804,0.619,-0.471,0.381,0.62,0.457,-0.086,0.071,-0.196,-0.216,-0.424,0.129,0.712,-0.357,0.764,-0.414,0.791,0.878,0.449,-0.251,0.838,0.765,-0.519,0.687,0.55,0.244,-0.289,0.755,0.348,0.658,0.847,-0.216,0.462,0.451,0.707,0.309,0.138,0.0,0.192,0.09,0.759,0.666,0.121,0.71,-0.046,-0.577,-0.378,0.351,0.743,0.209,0.147,-0.446,0.328,0.617
BRKR,0.17,0.448,-0.1,0.094,0.406,0.314,0.034,-0.431,-0.211,-0.545,0.608,0.037,-0.405,-0.405,0.164,0.245,-0.399,-0.022,-0.522,0.539,-0.369,-0.415,-0.535,-0.669,-0.24,0.0,-0.275,0.153,0.771,-0.07,-0.047,-0.524,-0.402,0.082,0.446,-0.49,-0.452,-0.125,-0.126,-0.503,-0.26,0.465,-0.219,-0.002,0.611,-0.325,0.22,-0.386,0.383,-0.345,-0.491,-0.474,-0.274,0.159,-0.062,-0.04,0.455,-0.014,-0.22,-0.079,-0.627,0.085,-0.205,-0.136,-0.629,-0.661,0.277,0.64,-0.232,0.481,0.351,-0.149,0.051,-0.306,0.24,-0.066,-0.339,-0.094,0.204,0.05,-0.434,0.09,0.006,-0.2,-0.443,0.445,0.255,-0.013,0.011,-0.145,0.168,-0.328,-0.313,-0.403,0.112,-0.363,0.126,-0.287,-0.213,-0.605,-0.034,0.111,0.496,0.45,0.257,-0.306,0.092,-0.504,-0.397,-0.556,-0.257,-0.229,0.151,0.196,0.115,0.113,-0.276,-0.625,0.005,0.131,-0.146,-0.079,-0.035,0.116,-0.063,-0.582,-0.515,-0.275,0.052,-0.161,0.456,0.097,-0.208,-0.016,-0.322,-0.171,0.501,-0.156,-0.257,-0.583,0.277,0.377,0.026,-0.263,-0.246,-0.359,-0.008,-0.593,0.374,-0.458,0.304,-0.291,-0.393,-0.326,-0.481,0.347,-0.191,-0.464,-0.308,0.238,0.092,0.039,-0.35,-0.189,-0.686,-0.454,-0.228,-0.043,0.341,-0.12,-0.576,-0.577,-0.422,-0.552,-0.494,-0.03,-0.166,0.059,-0.618,0.07,-0.209,0.297,-0.078,-0.293,0.463,-0.063,-0.325,-0.123,0.37,-0.03,0.484,-0.146,-0.438,-0.621,0.03,-0.615,0.204,-0.217,-0.101,0.034
CACC,0.057,-0.367,0.821,0.729,0.341,0.524,0.83,0.022,0.268,0.755,-0.058,-0.492,0.94,-0.273,-0.369,0.671,-0.133,0.684,0.612,0.2,0.907,0.092,-0.213,0.396,0.818,-0.275,0.0,0.626,-0.129,0.857,0.671,-0.057,0.698,0.678,0.167,0.411,0.671,0.83,0.333,0.846,0.948,-0.653,0.845,0.626,-0.122,-0.142,0.594,0.921,-0.311,0.919,-0.113,0.64,0.835,-0.38,-0.174,0.762,-0.455,0.817,0.851,-0.416,0.536,-0.28,0.396,0.794,0.226,0.411,0.618,-0.229,-0.365,-0.559,-0.418,0.684,-0.163,0.717,0.471,-0.355,-0.298,0.796,-0.686,0.538,0.071,0.666,0.625,-0.312,0.082,0.315,0.506,0.108,0.716,-0.422,0.437,0.052,0.856,-0.303,0.512,-0.096,0.649,-0.101,-0.224,0.292,-0.327,0.697,-0.5,0.178,0.575,-0.286,0.704,0.615,0.802,0.32,0.522,0.713,0.61,0.534,0.16,0.724,-0.215,0.259,-0.447,0.514,0.795,0.674,0.791,0.659,0.62,0.832,0.887,-0.136,0.702,0.899,-0.058,-0.348,0.338,0.005,0.881,0.566,-0.747,0.851,0.681,0.21,0.544,-0.51,0.221,0.822,-0.503,-0.105,0.82,0.546,-0.274,0.544,0.581,0.258,-0.075,0.17,-0.072,-0.341,-0.443,0.166,0.793,-0.461,0.785,-0.325,0.778,0.851,0.529,-0.179,0.902,0.84,-0.46,0.756,0.47,0.274,-0.13,0.802,0.556,0.826,0.867,-0.185,0.608,0.564,0.865,0.491,0.101,0.164,0.024,-0.034,0.839,0.836,0.017,0.739,0.046,-0.515,-0.311,0.455,0.763,0.281,0.213,-0.332,0.603,0.539
CAR,0.003,-0.02,0.716,0.776,0.886,0.84,0.87,-0.668,-0.135,0.183,0.307,-0.556,0.485,-0.835,-0.432,0.904,-0.681,0.888,0.005,0.656,0.669,-0.305,-0.653,-0.261,0.733,0.153,0.626,0.0,0.443,0.891,0.668,-0.692,0.285,0.891,0.696,-0.143,0.194,0.828,0.514,0.505,0.642,-0.281,0.786,0.802,0.037,-0.666,0.899,0.543,0.271,0.545,-0.666,0.321,0.735,-0.269,-0.323,0.813,-0.152,0.908,0.764,-0.365,-0.058,-0.336,-0.011,0.81,-0.322,-0.146,0.857,0.221,-0.803,0.053,-0.066,0.685,-0.422,0.617,0.857,-0.728,-0.85,0.843,-0.444,0.725,-0.635,0.918,0.802,-0.727,-0.391,0.863,0.704,-0.264,0.91,-0.728,0.769,-0.578,0.646,-0.833,0.354,-0.713,0.968,-0.517,-0.685,-0.376,-0.666,0.888,-0.062,0.591,0.932,-0.809,0.922,0.136,0.584,-0.271,0.346,0.22,0.504,0.789,0.073,0.956,-0.599,-0.453,-0.641,0.8,0.863,0.299,0.84,0.797,0.452,0.309,0.428,-0.686,0.895,0.785,0.364,-0.423,0.478,-0.066,0.69,0.115,-0.433,0.863,0.713,-0.552,0.765,-0.632,0.136,0.713,-0.637,-0.592,0.893,0.027,-0.344,-0.058,0.932,0.144,-0.621,-0.378,-0.697,-0.08,-0.731,-0.392,0.547,-0.207,0.875,-0.659,0.551,0.818,-0.176,-0.744,0.645,0.827,-0.233,0.677,-0.032,-0.325,-0.676,0.257,-0.087,0.766,0.824,-0.558,-0.058,0.523,0.484,0.64,-0.312,-0.502,0.505,-0.047,0.446,0.523,0.634,0.853,0.367,-0.916,-0.728,-0.224,0.872,-0.39,0.235,-0.754,0.087,0.785
CDNA,0.115,0.399,0.122,0.359,0.724,0.551,0.29,-0.71,-0.397,-0.597,0.645,-0.158,-0.302,-0.703,-0.036,0.509,-0.655,0.286,-0.578,0.766,-0.22,-0.527,-0.761,-0.808,-0.126,0.771,-0.129,0.443,0.0,0.211,0.157,-0.77,-0.354,0.346,0.704,-0.594,-0.484,0.108,0.206,-0.323,-0.084,0.286,0.004,0.226,0.596,-0.58,0.437,-0.189,0.629,-0.233,-0.784,-0.454,-0.102,-0.044,-0.242,0.183,0.228,0.285,-0.055,-0.276,-0.708,-0.158,-0.237,0.072,-0.812,-0.717,0.577,0.628,-0.556,0.467,0.463,0.059,-0.222,-0.203,0.501,-0.38,-0.657,0.095,-0.008,0.302,-0.712,0.417,0.265,-0.541,-0.597,0.641,0.429,-0.197,0.334,-0.437,0.458,-0.643,-0.16,-0.743,0.196,-0.696,0.427,-0.498,-0.45,-0.743,-0.341,0.368,0.426,0.656,0.546,-0.638,0.34,-0.464,-0.209,-0.624,-0.21,-0.343,0.161,0.505,-0.056,0.369,-0.502,-0.827,-0.198,0.326,0.115,-0.013,0.246,0.436,0.043,-0.515,-0.406,-0.549,0.35,0.09,0.489,-0.119,-0.106,-0.202,-0.131,-0.264,0.335,0.133,-0.015,-0.831,0.461,-0.01,0.093,0.0,-0.561,-0.617,0.291,-0.715,0.187,-0.522,0.582,-0.352,-0.7,-0.598,-0.716,0.162,-0.506,-0.73,-0.135,0.108,0.344,-0.316,-0.204,0.072,-0.779,-0.692,-0.05,0.235,0.251,0.058,-0.698,-0.73,-0.596,-0.555,-0.555,0.198,0.091,-0.352,-0.603,0.274,-0.168,0.545,-0.35,-0.628,0.615,-0.229,-0.251,0.005,0.702,0.309,0.574,-0.519,-0.635,-0.736,0.348,-0.774,0.15,-0.516,-0.123,0.39
CG,0.062,-0.197,0.859,0.844,0.727,0.788,0.928,-0.383,0.047,0.492,0.111,-0.615,0.77,-0.645,-0.453,0.858,-0.478,0.884,0.298,0.525,0.871,-0.118,-0.513,0.057,0.853,-0.07,0.857,0.891,0.211,0.0,0.793,-0.423,0.55,0.893,0.526,0.137,0.462,0.908,0.557,0.754,0.87,-0.515,0.909,0.834,-0.015,-0.469,0.799,0.82,0.038,0.788,-0.454,0.526,0.87,-0.383,-0.324,0.915,-0.316,0.965,0.888,-0.454,0.212,-0.361,0.25,0.898,-0.097,0.119,0.837,0.015,-0.699,-0.267,-0.223,0.785,-0.324,0.733,0.758,-0.598,-0.66,0.912,-0.617,0.749,-0.324,0.883,0.81,-0.614,-0.206,0.657,0.66,-0.09,0.914,-0.642,0.677,-0.342,0.831,-0.654,0.489,-0.467,0.916,-0.351,-0.538,-0.053,-0.567,0.9,-0.291,0.421,0.838,-0.634,0.92,0.403,0.768,-0.007,0.472,0.475,0.596,0.764,0.15,0.949,-0.458,-0.124,-0.593,0.727,0.939,0.545,0.933,0.831,0.621,0.621,0.714,-0.463,0.881,0.929,0.142,-0.433,0.428,-0.024,0.873,0.375,-0.633,0.959,0.774,-0.222,0.75,-0.628,0.239,0.859,-0.636,-0.419,0.947,0.278,-0.349,0.293,0.857,0.226,-0.405,-0.134,-0.464,-0.26,-0.664,-0.187,0.754,-0.369,0.963,-0.551,0.75,0.939,0.175,-0.507,0.875,0.93,-0.366,0.807,0.208,-0.058,-0.499,0.543,0.244,0.878,0.94,-0.418,0.278,0.602,0.748,0.658,-0.078,-0.227,0.338,-0.041,0.679,0.762,0.411,0.895,0.255,-0.816,-0.586,0.066,0.918,-0.098,0.228,-0.619,0.35,0.786
