,ACET,ADAP,ADI,ADPT,ADTN,AGEN,ALGN,ALLK,AMD,AMWD,ARDX,ARQT,ASTE,AUPH,AVXL,AZTA,BAND,BECN,BFC,BGC,BHF,BHFAL,BKNG,BL,BOKF,BRKR,CACC,CAR,CDNA,CG,CGBD,CHI,CHTR,CHX,CLNE,CME,CNOB,CNXN,CPRX,CSGP,CSGS,CSIQ,CVCO,CVLT,CYRX,DDOG,DOOO,DSGX,DTIL,ECPG,EEFT,EFSC,ENTG,ESPR,ETSY,EXC,FAMI,FFIV,FITB,FIZZ,FMBH,FOX,FTNT,FULT,GABC,GEN,GH,GMAB,GNPX,GO,GOGL,GOOG,GPRO,GSHD,GSM,GWAV,HAIN,HBAN,HEPA,HURN,HWKN,IBIO,ICFI,IGMS,IMKTA,INCY,INO,IRDM,IRTC,IRWD,ITCI,JACK,JD,JJSF,KALA,KHC,KLAC,KRRO,KRYS,LANC,LBTYA,LIVN,LKCO,LNTH,LOGI,LPRO,LRCX,LSCC,LSTR,MAR,MARA,MCHP,MEOH,META,MGTX,MKSI,MMYT,MORN,MRUS,MTLS,MTSI,MVIS,MXL,NBIX,NFE,NMIH,NMRK,NNDM,NSIT,NTCT,NVAX,OCUL,ODP,OLED,ONB,OTEX,PACB,PATK,PAYX,PEP,PERI,PI,PLYA,PRDO,PRGS,PTGX,QCOM,QCRH,QDEL,QFIN,RGEN,RILY,RPAY,RPD,SABR,SEDG,SHEN,SIRI,SLNO,SNDL,SNEX,SONO,SPT,SSNC,STGW,STKL,STRL,STX,SWTX,SYNA,TFSL,TIGR,TNXP,TOWN,TRI,TRIP,TRMB,TRNS,TRS,TSCO,TSEM,TVTX,TXRH,VC,VCEL,VECO,VIAV,VICR,VIR,VRTX,VSTM,VTRS,WDFC,WSBC,WSC,WYNN,XENE,XNCR,XRAY,ZS
ACET,0.0,0.488,0.516,0.666,0.223,0.584,0.316,-0.067,0.57,0.022,0.059,0.321,0.131,0.007,0.556,0.045,0.039,-0.064,-0.047,0.556,0.403,0.329,-0.049,-0.069,0.105,0.279,0.295,0.262,0.267,0.561,0.651,0.16,0.21,0.383,0.557,-0.425,0.12,0.029,-0.396,0.23,0.088,0.61,0.058,0.105,0.572,0.05,0.147,0.143,-0.063,0.222,-0.025,0.004,0.253,-0.128,0.042,0.273,0.239,0.344,0.244,-0.325,-0.083,0.217,0.479,0.01,-0.175,0.091,0.206,0.411,0.146,0.02,0.181,0.456,0.515,0.065,0.481,0.525,-0.017,0.367,0.647,0.053,0.167,0.065,-0.349,0.273,-0.227,0.386,0.439,0.603,0.07,0.298,-0.352,0.207,-0.039,-0.143,0.687,0.272,0.3,0.062,0.155,-0.129,0.669,0.147,0.421,0.17,0.288,0.089,0.598,-0.051,-0.075,-0.246,0.113,0.454,0.526,0.509,0.725,0.559,0.523,-0.047,0.377,0.435,0.289,0.336,0.162,-0.053,0.452,0.041,0.101,0.231,-0.225,0.186,0.535,0.702,-0.24,0.44,-0.009,0.633,0.263,0.082,-0.203,-0.053,0.659,0.575,0.284,-0.165,0.091,0.054,0.424,0.028,0.594,0.082,0.21,0.07,0.1,0.061,-0.021,0.577,0.226,0.347,0.43,0.515,0.536,0.532,0.129,0.202,-0.07,0.18,0.219,0.131,0.484,0.832,0.098,-0.03,-0.199,0.066,0.182,0.508,0.174,0.255,-0.219,-0.057,0.473,0.651,0.149,0.336,0.127,0.54,0.172,0.327,-0.054,0.128,0.677,0.072,-0.151,-0.009,0.099,-0.131,0.723,0.285,0.329,0.126
ADAP,0.488,0.0,0.102,0.635,0.476,0.719,0.141,-0.304,0.174,-0.321,0.125,0.29,-0.19,-0.366,0.289,0.252,-0.19,0.011,-0.326,0.498,-0.169,0.094,-0.436,-0.311,-0.103,0.366,-0.133,0.246,0.39,0.21,0.377,-0.398,-0.021,0.254,0.648,-0.598,-0.136,-0.107,-0.219,-0.272,-0.215,0.659,-0.171,0.092,0.664,-0.163,0.345,-0.209,0.29,-0.184,-0.4,-0.379,-0.016,-0.242,-0.015,0.211,0.206,0.143,-0.107,-0.148,-0.341,0.295,0.15,-0.147,-0.42,-0.204,0.462,0.545,-0.183,0.173,0.161,0.145,0.182,-0.162,0.465,0.092,-0.276,-0.001,0.758,-0.071,-0.338,0.268,-0.161,-0.023,-0.28,0.425,0.366,0.331,0.239,0.053,0.01,-0.335,-0.116,-0.371,0.423,-0.209,0.428,0.028,-0.089,-0.299,0.174,0.1,0.383,0.335,0.379,-0.19,0.487,-0.294,-0.32,-0.562,0.046,-0.09,0.235,0.424,0.428,0.47,0.101,-0.411,0.156,0.481,0.264,0.079,0.081,0.166,0.177,-0.425,-0.241,-0.065,-0.054,-0.148,0.655,0.407,-0.162,0.213,-0.396,0.053,0.472,-0.114,-0.492,-0.411,0.52,0.361,0.067,-0.409,-0.231,-0.203,0.329,-0.287,0.527,-0.252,0.338,0.146,-0.196,-0.331,-0.302,0.647,-0.166,-0.209,0.068,0.563,0.319,0.024,0.009,-0.207,-0.303,-0.314,-0.031,0.107,0.436,0.504,-0.244,-0.216,-0.16,-0.328,-0.108,0.263,-0.104,-0.069,-0.519,-0.234,-0.058,0.704,-0.084,-0.267,0.472,0.325,-0.16,0.003,0.233,-0.064,0.737,-0.363,-0.262,-0.352,0.097,-0.378,0.429,-0.05,-0.156,0.019
ADI,0.516,0.102,0.0,0.64,0.349,0.416,0.284,-0.18,0.517,0.085,0.224,0.313,0.046,-0.11,0.56,0.157,-0.044,0.281,0.045,0.511,0.617,0.047,0.088,-0.114,0.274,0.358,0.294,0.341,0.338,0.777,0.404,0.12,0.134,0.451,0.431,-0.261,0.084,0.14,0.085,0.428,0.169,0.518,0.231,0.207,0.257,0.0,0.196,0.175,0.153,0.189,0.071,0.262,0.42,0.183,-0.046,0.334,0.261,0.673,0.402,-0.28,0.002,0.346,0.403,0.268,-0.059,0.117,0.296,0.278,0.033,-0.161,0.272,0.767,0.233,0.036,0.308,0.09,-0.146,0.652,0.188,0.33,0.194,0.29,-0.112,-0.031,-0.237,0.57,0.409,0.072,0.344,0.34,-0.069,0.123,0.085,-0.219,0.38,0.035,0.55,-0.059,0.004,-0.153,0.149,0.169,0.375,0.416,0.56,-0.142,0.622,0.15,0.137,0.086,0.044,0.605,0.47,0.508,0.535,0.682,0.281,-0.022,0.077,0.323,0.442,0.287,0.532,0.154,0.438,0.101,0.143,0.05,0.205,0.356,0.368,0.336,-0.122,0.365,0.327,0.502,0.268,0.28,0.365,-0.13,0.53,0.451,0.475,0.145,-0.01,0.016,0.8,0.118,0.25,-0.034,0.293,-0.017,-0.006,0.036,-0.1,0.465,0.124,0.489,0.254,0.44,0.695,0.429,0.09,0.695,-0.134,0.176,0.334,0.226,0.317,0.546,0.171,0.007,-0.278,0.183,0.019,0.46,0.528,0.264,-0.156,0.355,0.62,0.324,0.116,0.276,0.303,0.412,0.245,0.318,0.191,0.173,0.208,-0.069,-0.259,0.074,0.302,-0.114,0.373,0.1,0.356,0.24
ADPT,0.666,0.635,0.64,0.0,0.516,0.727,0.361,-0.359,0.481,-0.084,0.249,0.385,-0.004,-0.266,0.491,0.172,-0.097,0.26,-0.093,0.639,0.393,0.106,-0.202,-0.216,0.205,0.464,0.195,0.484,0.52,0.699,0.497,-0.14,0.151,0.504,0.72,-0.632,0.072,0.117,-0.203,0.217,0.088,0.711,0.155,0.287,0.598,-0.023,0.439,0.055,0.214,0.11,-0.166,0.022,0.339,0.027,0.081,0.242,0.307,0.57,0.299,-0.23,-0.134,0.302,0.436,0.181,-0.228,0.036,0.536,0.439,-0.055,0.071,0.18,0.662,0.353,0.039,0.622,0.11,-0.24,0.527,0.667,0.178,-0.067,0.382,-0.12,0.005,-0.302,0.615,0.567,0.323,0.412,0.182,-0.004,-0.056,0.024,-0.344,0.489,-0.097,0.658,0.023,0.034,-0.232,0.232,0.243,0.436,0.485,0.623,-0.189,0.788,-0.025,-0.008,-0.259,0.153,0.376,0.412,0.652,0.649,0.793,0.233,-0.212,0.162,0.655,0.572,0.207,0.45,0.179,0.339,-0.128,0.03,-0.083,0.148,0.218,0.679,0.527,-0.131,0.412,0.053,0.465,0.552,0.237,-0.068,-0.322,0.753,0.521,0.297,-0.079,-0.074,-0.017,0.755,-0.027,0.535,-0.161,0.525,0.152,-0.083,-0.237,-0.208,0.745,0.027,0.204,0.382,0.566,0.647,0.324,0.187,0.383,-0.226,-0.028,0.28,0.335,0.507,0.7,0.055,-0.124,-0.162,-0.004,-0.023,0.431,0.319,0.186,-0.404,0.068,0.361,0.654,0.059,0.056,0.481,0.47,0.122,0.292,0.238,0.167,0.644,-0.264,-0.274,-0.102,0.389,-0.288,0.599,0.042,0.128,0.284
ADTN,0.223,0.476,0.349,0.516,0.0,0.841,0.027,-0.827,-0.334,-0.699,0.677,0.057,-0.516,-0.883,0.341,0.52,-0.735,0.509,-0.558,0.815,-0.221,-0.611,-0.811,-0.829,-0.247,0.794,-0.411,0.402,0.841,0.46,0.464,-0.825,-0.391,0.697,0.825,-0.721,-0.437,-0.188,0.21,-0.414,-0.442,0.639,-0.17,-0.019,0.572,-0.657,0.58,-0.504,0.694,-0.452,-0.834,-0.406,-0.245,-0.112,-0.386,0.586,0.557,0.387,-0.126,-0.447,-0.613,0.115,-0.354,-0.052,-0.678,-0.488,0.882,0.701,-0.643,0.079,0.617,0.124,-0.337,-0.374,0.512,-0.485,-0.825,0.187,0.291,0.614,-0.767,0.768,0.164,-0.731,-0.63,0.872,0.426,-0.388,0.798,-0.052,0.605,-0.608,-0.522,-0.865,0.373,-0.806,0.916,-0.58,-0.651,-0.677,-0.412,0.015,0.705,0.662,0.862,-0.784,0.496,-0.608,-0.403,-0.698,-0.381,-0.31,0.433,0.397,0.061,0.706,-0.53,-0.787,-0.359,0.274,0.127,0.224,0.557,0.61,0.392,-0.692,-0.565,-0.581,0.492,-0.085,0.525,-0.112,-0.322,-0.21,-0.293,-0.195,0.474,0.054,0.075,-0.876,0.672,0.038,0.437,-0.211,-0.743,-0.706,0.601,-0.557,0.216,-0.729,0.627,-0.416,-0.693,-0.521,-0.834,0.461,-0.626,-0.473,-0.364,0.483,0.686,-0.149,-0.389,0.255,-0.786,-0.733,-0.34,0.113,0.294,0.172,-0.517,-0.775,-0.55,-0.57,-0.728,0.523,-0.006,-0.438,-0.805,0.033,-0.217,0.663,-0.423,-0.616,0.626,-0.146,-0.368,-0.377,0.872,-0.079,0.663,-0.874,-0.677,-0.706,0.378,-0.848,0.148,-0.716,-0.367,-0.015
AGEN,0.584,0.719,0.416,0.727,0.841,0.0,0.19,-0.659,0.022,-0.519,0.523,0.278,-0.32,-0.645,0.466,0.398,-0.514,0.313,-0.436,0.825,-0.026,-0.25,-0.648,-0.633,-0.126,0.689,-0.201,0.452,0.707,0.539,0.597,-0.604,-0.161,0.659,0.891,-0.778,-0.267,-0.131,-0.115,-0.265,-0.311,0.844,-0.129,0.037,0.722,-0.453,0.555,-0.344,0.512,-0.28,-0.66,-0.356,-0.079,-0.209,-0.232,0.515,0.516,0.401,-0.002,-0.399,-0.498,0.209,-0.04,-0.082,-0.592,-0.334,0.764,0.727,-0.388,0.145,0.458,0.274,0.032,-0.222,0.619,-0.095,-0.6,0.266,0.606,0.375,-0.515,0.631,-0.056,-0.343,-0.535,0.836,0.632,0.06,0.555,0.096,0.236,-0.408,-0.37,-0.694,0.573,-0.457,0.804,-0.339,-0.346,-0.543,0.028,0.113,0.7,0.602,0.749,-0.519,0.657,-0.502,-0.36,-0.68,-0.191,-0.089,0.501,0.534,0.432,0.768,-0.135,-0.628,-0.038,0.483,0.251,0.26,0.362,0.365,0.412,-0.525,-0.392,-0.371,0.248,-0.039,0.772,0.335,-0.333,0.105,-0.314,0.104,0.546,0.036,-0.132,-0.672,0.794,0.331,0.357,-0.297,-0.494,-0.443,0.6,-0.401,0.462,-0.487,0.562,-0.194,-0.451,-0.425,-0.604,0.682,-0.354,-0.211,-0.054,0.662,0.688,0.081,-0.202,0.169,-0.598,-0.519,-0.182,0.152,0.496,0.515,-0.34,-0.558,-0.469,-0.413,-0.406,0.58,0.09,-0.2,-0.734,-0.042,-0.025,0.849,-0.225,-0.354,0.547,0.196,-0.176,-0.144,0.622,-0.013,0.848,-0.614,-0.538,-0.534,0.286,-0.688,0.478,-0.342,-0.171,0.026
ALGN,0.316,0.141,0.284,0.361,0.027,0.19,0.0,-0.334,0.381,0.535,0.049,-0.245,0.76,0.309,-0.322,-0.634,0.576,0.329,0.676,0.019,0.45,0.351,0.402,0.382,0.84,-0.132,0.707,0.865,0.303,0.558,-0.249,0.079,0.809,0.477,0.286,-0.312,0.807,0.861,0.042,0.624,0.777,0.207,0.772,0.847,0.063,0.633,0.281,0.74,0.068,0.659,0.317,0.641,0.8,0.538,0.785,-0.528,-0.217,0.78,0.841,0.612,0.673,-0.301,0.463,0.759,0.598,0.782,0.407,-0.265,0.607,0.773,-0.129,0.585,0.712,0.738,0.694,0.113,0.469,0.719,0.334,-0.32,0.364,0.043,0.483,0.277,0.591,0.117,0.639,0.386,0.035,-0.552,-0.082,0.471,0.553,0.405,-0.236,0.293,0.232,0.626,0.485,0.626,0.22,0.895,-0.19,0.462,0.102,0.263,0.697,0.631,0.706,0.424,0.82,0.519,-0.327,0.791,0.391,0.561,0.338,0.48,0.334,0.76,0.701,-0.565,0.14,-0.465,-0.478,0.466,0.731,-0.229,0.467,0.806,0.499,0.547,0.702,0.808,0.541,0.613,0.426,0.796,0.158,0.379,0.214,0.315,-0.526,0.657,0.597,0.429,0.301,0.737,-0.123,0.27,0.703,0.448,0.602,-0.118,0.431,-0.016,0.616,0.136,0.617,-0.316,0.001,-0.083,0.779,0.253,0.505,0.171,0.48,0.868,0.241,0.301,0.747,0.435,0.19,0.662,0.523,-0.301,0.814,0.565,0.404,0.638,0.221,0.01,0.731,0.487,0.169,0.489,0.795,0.793,-0.093,0.814,0.061,0.206,0.546,0.591,0.684,0.425,0.65,0.238,0.618,0.882
ALLK,-0.067,-0.304,-0.18,-0.359,-0.827,-0.659,-0.334,0.0,0.401,0.433,-0.681,0.301,0.155,0.684,0.055,-0.133,0.46,-0.659,0.168,-0.578,0.162,0.568,0.6,0.582,-0.103,-0.584,0.129,-0.673,-0.821,-0.463,-0.098,0.796,0.058,-0.798,-0.686,0.661,0.062,-0.18,-0.31,0.194,0.097,-0.437,-0.22,-0.299,-0.342,0.342,-0.563,0.185,-0.662,0.174,0.677,0.088,-0.041,-0.169,0.029,-0.181,-0.368,-0.557,-0.193,0.056,0.235,0.161,0.39,-0.315,0.288,0.123,-0.943,-0.382,0.415,-0.425,-0.508,-0.138,0.172,0.005,-0.665,0.541,0.54,-0.368,-0.196,-0.45,0.633,-0.721,-0.534,0.683,0.254,-0.703,-0.471,0.406,-0.73,0.511,-0.699,0.328,0.263,0.572,-0.038,0.698,-0.826,0.303,0.483,0.31,0.508,-0.359,-0.428,-0.685,-0.705,0.592,-0.564,0.32,0.023,0.403,0.046,0.258,-0.101,-0.508,0.072,-0.681,0.557,0.494,0.343,-0.396,-0.196,0.146,-0.502,-0.384,-0.019,0.433,0.226,0.761,-0.68,-0.197,-0.456,0.12,-0.114,0.073,0.023,0.099,-0.445,-0.395,-0.202,0.591,-0.534,0.036,-0.071,-0.151,0.459,0.509,-0.494,0.201,0.12,0.581,-0.833,0.322,0.419,0.525,0.592,-0.158,0.412,0.529,0.191,-0.048,-0.425,0.421,0.071,-0.258,0.472,0.675,0.261,-0.484,-0.158,-0.009,0.175,0.57,0.404,0.254,0.522,-0.164,-0.241,0.289,0.474,-0.264,0.298,-0.369,0.176,0.433,-0.577,0.192,0.07,0.118,-0.752,-0.331,-0.448,0.717,0.334,0.397,-0.68,0.571,-0.245,0.713,0.181,-0.341
AMD,0.57,0.174,0.517,0.481,-0.334,0.022,0.381,0.401,0.0,0.535,-0.353,0.365,0.444,0.522,0.364,-0.232,0.547,-0.269,0.357,-0.028,0.611,0.655,0.536,0.462,0.415,-0.175,0.584,0.133,-0.228,0.364,0.099,0.648,0.477,-0.082,0.019,-0.052,0.43,0.272,-0.471,0.597,0.436,0.288,0.244,0.263,0.158,0.524,-0.114,0.504,-0.485,0.51,0.568,0.358,0.617,0.021,0.376,-0.163,-0.161,0.317,0.435,0.088,0.392,0.342,0.788,0.178,0.329,0.426,-0.258,-0.075,0.555,-0.091,-0.395,0.672,0.738,0.292,0.094,0.646,0.492,0.387,0.457,-0.419,0.656,-0.354,-0.403,0.722,0.184,-0.023,0.267,0.71,-0.368,0.34,-0.648,0.493,0.522,0.384,0.213,0.658,-0.105,0.501,0.566,0.321,0.68,0.181,-0.042,-0.018,-0.046,0.501,0.449,0.524,0.306,0.317,0.473,0.818,0.179,0.403,0.633,0.281,0.822,0.454,0.505,0.402,0.45,0.122,-0.019,-0.417,0.107,0.45,0.534,0.527,-0.341,0.318,0.322,0.691,0.109,0.706,0.313,0.725,0.108,0.148,-0.173,0.45,0.188,0.575,0.019,0.034,0.567,0.52,0.342,0.476,0.396,0.412,-0.061,0.451,0.519,0.333,0.499,0.416,0.626,0.776,0.617,0.231,0.14,0.552,0.492,0.141,0.442,0.592,0.571,0.206,0.336,0.62,0.498,0.584,0.156,0.518,0.658,0.1,0.381,0.581,0.271,0.107,0.706,0.075,0.424,0.716,-0.059,0.802,0.491,0.684,-0.551,0.202,0.041,0.506,0.267,0.523,-0.038,0.458,0.466,0.741,0.548,0.252
AMWD,0.022,-0.321,0.085,-0.084,-0.699,-0.519,0.535,0.433,0.535,0.0,-0.414,-0.191,0.891,0.8,-0.393,-0.694,0.878,0.07,0.913,-0.582,0.677,0.607,0.904,0.931,0.813,-0.664,0.873,0.246,-0.498,0.203,-0.383,0.693,0.817,-0.175,-0.523,0.445,0.867,0.716,-0.002,0.788,0.893,-0.413,0.749,0.617,-0.541,0.888,-0.123,0.894,-0.533,0.901,0.885,0.88,0.751,0.405,0.744,-0.617,-0.477,0.313,0.749,0.662,0.927,-0.118,0.546,0.663,0.927,0.862,-0.408,-0.793,0.768,0.266,-0.516,0.339,0.628,0.845,0.082,0.366,0.855,0.497,-0.097,-0.47,0.856,-0.432,0.289,0.679,0.832,-0.522,-0.051,0.445,-0.417,-0.243,-0.418,0.817,0.864,0.889,-0.386,0.764,-0.442,0.816,0.701,0.863,0.392,0.55,-0.664,-0.255,-0.481,0.765,0.091,0.879,0.854,0.876,0.752,0.715,-0.373,0.149,0.167,-0.088,0.632,0.94,0.301,0.315,0.478,-0.41,-0.127,-0.658,-0.484,0.936,0.911,0.331,0.036,0.711,-0.2,0.37,0.702,0.631,0.787,0.59,-0.275,0.583,0.213,0.886,-0.246,0.178,-0.557,0.694,0.916,0.85,-0.071,0.917,-0.38,0.781,-0.053,0.682,0.929,0.494,0.889,-0.283,0.794,0.509,0.721,-0.52,-0.328,0.166,0.79,0.235,0.934,0.762,0.772,0.512,-0.315,0.152,0.912,0.891,0.502,0.949,0.855,-0.426,0.605,0.783,0.88,0.252,0.431,-0.528,0.806,0.829,-0.487,0.428,0.791,0.795,-0.751,0.535,-0.492,0.763,0.723,0.963,0.183,0.889,0.376,0.637,0.64,0.513
ARDX,0.059,0.125,0.224,0.249,0.677,0.523,0.049,-0.681,-0.353,-0.414,0.0,-0.251,-0.3,-0.62,0.202,0.237,-0.598,0.504,-0.273,0.665,0.018,-0.73,-0.565,-0.605,-0.047,0.742,-0.145,0.328,0.719,0.432,0.357,-0.586,-0.261,0.762,0.439,-0.392,-0.239,-0.096,0.154,-0.195,-0.186,0.347,0.063,-0.009,0.206,-0.537,0.393,-0.357,0.503,-0.153,-0.615,-0.089,-0.233,0.059,-0.325,0.416,0.47,0.347,0.081,-0.399,-0.358,-0.249,-0.442,0.155,-0.365,-0.262,0.669,0.435,-0.445,0.079,0.526,-0.038,-0.255,-0.137,0.45,-0.425,-0.614,0.341,-0.103,0.683,-0.483,0.583,0.311,-0.646,-0.433,0.65,0.365,-0.409,0.634,-0.192,0.623,-0.122,-0.466,-0.583,0.339,-0.542,0.666,-0.542,-0.55,-0.446,-0.307,0.067,0.558,0.391,0.586,-0.673,0.265,-0.475,-0.134,-0.418,-0.382,-0.144,0.401,0.159,-0.059,0.511,-0.557,-0.457,-0.516,0.04,-0.065,0.275,0.647,0.474,0.365,-0.325,-0.346,-0.634,0.506,0.066,0.168,-0.199,-0.235,-0.27,0.008,0.047,0.114,0.181,0.325,-0.547,0.588,0.1,0.391,0.078,-0.545,-0.51,0.39,-0.311,-0.006,-0.5,0.511,-0.529,-0.483,-0.328,-0.667,0.087,-0.537,-0.308,-0.276,0.128,0.64,0.032,-0.348,0.393,-0.563,-0.467,-0.257,0.118,0.036,0.012,-0.284,-0.656,-0.381,-0.302,-0.606,0.452,0.047,-0.259,-0.443,0.082,-0.149,0.446,-0.179,-0.254,0.38,-0.419,-0.121,-0.27,0.566,0.066,0.409,-0.527,-0.563,-0.444,0.351,-0.659,0.141,-0.68,-0.023,0.009
ARQT,0.321,0.29,0.313,0.385,0.057,0.278,-0.245,0.301,0.365,-0.191,-0.251,0.0,-0.339,0.0,0.518,0.408,-0.11,-0.385,-0.332,0.15,0.071,0.272,-0.057,-0.144,-0.295,0.158,-0.211,-0.261,-0.101,-0.044,0.281,0.141,-0.289,-0.307,0.201,-0.205,-0.328,-0.359,-0.356,-0.154,-0.322,0.403,-0.44,-0.368,0.4,-0.139,0.016,-0.259,-0.15,-0.296,0.026,-0.333,-0.091,-0.264,-0.227,0.271,0.106,-0.159,-0.288,-0.324,-0.324,0.58,0.29,-0.475,-0.352,-0.298,-0.159,0.395,-0.069,-0.413,-0.146,0.282,0.049,-0.389,-0.246,0.257,-0.178,-0.179,0.245,-0.092,0.022,0.059,-0.677,0.267,-0.389,0.254,0.069,0.25,-0.063,0.756,-0.377,-0.281,-0.13,-0.232,0.337,0.076,0.041,-0.086,0.191,-0.337,0.29,-0.317,0.211,0.051,0.194,0.067,0.1,-0.137,-0.462,-0.226,-0.204,0.061,0.331,-0.054,0.498,0.043,0.269,-0.261,0.34,0.005,0.015,0.315,-0.253,0.145,0.313,-0.237,-0.256,0.422,-0.376,-0.379,0.34,0.354,-0.471,0.06,-0.37,-0.041,0.267,-0.497,-0.297,-0.197,0.073,0.244,0.349,-0.509,-0.109,0.022,0.181,-0.257,0.655,-0.055,-0.282,0.031,-0.171,-0.066,-0.035,0.623,0.016,0.359,0.032,0.65,0.141,0.379,-0.189,-0.063,-0.233,0.052,-0.088,-0.426,0.425,0.315,-0.228,-0.013,0.008,-0.238,-0.008,0.285,-0.141,-0.043,-0.358,-0.198,0.329,0.356,-0.25,-0.106,0.12,0.378,-0.254,-0.159,0.031,-0.373,0.221,0.003,-0.208,-0.186,-0.331,-0.138,0.04,0.364,-0.161,-0.319
ASTE,0.131,-0.19,0.046,-0.004,-0.516,-0.32,0.76,0.155,0.444,0.891,-0.3,-0.339,0.0,0.738,-0.512,-0.836,0.879,0.127,0.949,-0.445,0.574,0.589,0.782,0.822,0.884,-0.601,0.888,0.499,-0.257,0.285,-0.371,0.519,0.94,0.062,-0.265,0.213,0.972,0.864,0.008,0.797,0.919,-0.248,0.831,0.749,-0.348,0.896,-0.053,0.943,-0.399,0.885,0.717,0.863,0.796,0.428,0.864,-0.691,-0.448,0.449,0.836,0.74,0.946,-0.35,0.53,0.736,0.918,0.936,-0.151,-0.691,0.813,0.555,-0.426,0.349,0.759,0.925,0.339,0.396,0.843,0.569,0.084,-0.474,0.751,-0.327,0.407,0.62,0.85,-0.42,0.241,0.539,-0.365,-0.466,-0.392,0.8,0.783,0.831,-0.387,0.691,-0.316,0.823,0.716,0.903,0.42,0.758,-0.575,-0.064,-0.415,0.685,0.29,0.823,0.876,0.762,0.87,0.619,-0.465,0.379,0.235,0.069,0.598,0.878,0.377,0.496,0.534,-0.568,-0.147,-0.748,-0.591,0.855,0.953,0.075,0.147,0.805,0.031,0.513,0.776,0.757,0.73,0.665,-0.026,0.715,0.148,0.823,-0.117,0.205,-0.678,0.759,0.909,0.77,-0.081,0.958,-0.332,0.695,0.216,0.63,0.928,0.342,0.83,-0.326,0.85,0.326,0.745,-0.584,-0.321,0.046,0.888,0.136,0.905,0.577,0.671,0.694,-0.101,0.184,0.953,0.771,0.453,0.945,0.846,-0.458,0.708,0.756,0.831,0.372,0.305,-0.378,0.871,0.792,-0.349,0.48,0.885,0.869,-0.547,0.728,-0.284,0.645,0.816,0.922,0.358,0.799,0.535,0.551,0.71,0.718
AUPH,0.007,-0.366,-0.11,-0.266,-0.883,-0.645,0.309,0.684,0.522,0.8,-0.62,0.0,0.738,0.0,-0.333,-0.706,0.887,-0.478,0.733,-0.679,0.392,0.732,0.9,0.867,0.487,-0.766,0.618,-0.094,-0.657,-0.201,-0.419,0.853,0.647,-0.489,-0.579,0.505,0.673,0.472,-0.191,0.635,0.635,-0.42,0.364,0.24,-0.368,0.826,-0.547,0.718,-0.666,0.619,0.908,0.571,0.511,0.263,0.604,-0.698,-0.57,-0.077,0.387,0.554,0.766,-0.197,0.585,0.232,0.796,0.711,-0.692,-0.632,0.829,0.12,-0.65,0.17,0.653,0.557,-0.265,0.667,0.938,0.075,-0.082,-0.663,0.913,-0.677,-0.131,0.862,0.722,-0.739,-0.071,0.61,-0.78,-0.009,-0.756,0.731,0.62,0.921,-0.336,0.909,-0.775,0.733,0.873,0.814,0.581,0.273,-0.641,-0.404,-0.741,0.855,-0.145,0.763,0.541,0.762,0.632,0.5,-0.464,-0.061,0.242,-0.442,0.727,0.878,0.584,0.004,0.097,-0.322,-0.512,-0.738,-0.482,0.797,0.774,0.506,-0.402,0.324,-0.233,0.46,0.414,0.536,0.408,0.47,-0.192,0.15,-0.072,0.944,-0.501,0.162,-0.532,0.39,0.909,0.798,-0.446,0.77,-0.09,0.817,-0.366,0.526,0.855,0.468,0.935,-0.364,0.882,0.534,0.595,-0.488,-0.584,0.256,0.649,-0.183,0.885,0.751,0.426,0.129,-0.01,0.016,0.735,0.853,0.6,0.758,0.902,-0.522,0.313,0.647,0.855,0.199,0.399,-0.499,0.668,0.782,-0.497,0.435,0.612,0.656,-0.772,0.358,-0.525,0.926,0.828,0.851,-0.157,0.896,0.144,0.87,0.623,0.317
AVXL,0.556,0.289,0.56,0.491,0.341,0.466,-0.322,0.055,0.364,-0.393,0.202,0.518,-0.512,-0.333,0.0,0.603,-0.493,-0.151,-0.583,0.658,0.169,-0.146,-0.365,-0.485,-0.437,0.542,-0.21,-0.237,0.208,0.292,0.701,0.009,-0.459,0.17,0.407,-0.275,-0.539,-0.533,-0.321,-0.136,-0.461,0.535,-0.478,-0.494,0.471,-0.505,-0.028,-0.454,0.049,-0.277,-0.264,-0.412,-0.221,-0.285,-0.614,0.666,0.507,0.008,-0.283,-0.813,-0.596,0.492,0.069,-0.424,-0.623,-0.506,0.05,0.631,-0.363,-0.621,0.316,0.258,-0.088,-0.551,-0.066,0.21,-0.485,0.0,0.226,0.386,-0.159,0.168,-0.626,-0.097,-0.722,0.499,0.126,0.051,0.21,0.665,-0.087,-0.218,-0.431,-0.571,0.837,-0.126,0.366,-0.512,-0.307,-0.67,0.238,-0.521,0.71,0.144,0.474,-0.313,0.204,-0.435,-0.52,-0.487,-0.52,0.228,0.816,0.059,0.361,0.337,0.117,-0.465,0.007,-0.091,-0.16,0.829,0.349,0.48,0.859,-0.34,-0.457,0.314,-0.339,-0.335,0.242,0.149,-0.743,-0.144,-0.283,0.161,0.021,-0.379,-0.034,-0.458,0.517,0.25,0.819,-0.544,-0.444,-0.401,0.489,-0.502,0.577,-0.325,-0.149,-0.344,-0.457,0.045,-0.48,0.624,-0.303,0.308,-0.058,0.793,0.693,0.537,-0.499,0.257,-0.561,-0.032,-0.155,-0.41,0.357,0.567,-0.46,-0.385,-0.497,-0.413,-0.332,0.751,-0.255,-0.19,-0.58,-0.212,0.431,0.602,-0.431,-0.051,0.213,0.169,-0.363,-0.231,0.158,-0.403,0.469,-0.216,-0.648,-0.469,-0.228,-0.502,0.137,-0.016,-0.092,-0.449
AZTA,0.045,0.252,0.157,0.172,0.52,0.398,-0.634,-0.133,-0.232,-0.694,0.237,0.408,-0.836,-0.706,0.603,0.0,-0.808,0.046,-0.836,0.461,-0.339,-0.49,-0.711,-0.712,-0.731,0.583,-0.65,-0.381,0.201,-0.055,0.503,-0.448,-0.85,-0.02,0.292,-0.236,-0.86,-0.77,-0.102,-0.697,-0.786,0.292,-0.692,-0.63,0.385,-0.815,0.285,-0.822,0.239,-0.651,-0.606,-0.701,-0.598,-0.495,-0.802,0.776,0.536,-0.284,-0.643,-0.74,-0.841,0.617,-0.437,-0.569,-0.842,-0.885,0.153,0.647,-0.815,-0.611,0.31,-0.213,-0.631,-0.764,-0.246,-0.29,-0.816,-0.347,0.013,0.508,-0.661,0.411,-0.375,-0.498,-0.779,0.494,-0.235,-0.425,0.444,0.513,0.342,-0.689,-0.604,-0.796,0.47,-0.634,0.409,-0.755,-0.651,-0.897,-0.329,-0.705,0.64,0.139,0.548,-0.519,-0.139,-0.753,-0.771,-0.704,-0.794,-0.364,0.654,-0.29,-0.136,0.111,-0.426,-0.81,-0.379,-0.268,-0.303,0.678,0.311,0.772,0.617,-0.733,-0.858,0.124,-0.097,-0.617,0.053,-0.372,-0.691,-0.629,-0.53,-0.51,-0.076,-0.547,-0.077,-0.78,0.256,-0.144,0.663,-0.708,-0.804,-0.679,0.292,-0.849,0.335,-0.662,-0.188,-0.437,-0.801,-0.023,-0.729,0.522,-0.753,-0.183,-0.535,0.644,0.436,0.11,-0.801,0.055,-0.782,-0.484,-0.397,-0.579,0.014,0.055,-0.826,-0.67,-0.528,-0.757,-0.745,0.625,-0.527,-0.588,-0.792,-0.412,-0.08,0.412,-0.793,-0.619,0.246,-0.191,-0.788,-0.735,0.425,-0.744,0.326,-0.614,-0.841,-0.794,-0.316,-0.701,-0.305,-0.46,-0.626,-0.722
BAND,0.039,-0.19,-0.044,-0.097,-0.735,-0.514,0.576,0.46,0.547,0.878,-0.598,-0.11,0.879,0.887,-0.493,-0.808,0.0,-0.208,0.866,-0.645,0.449,0.799,0.911,0.926,0.73,-0.742,0.733,0.22,-0.482,0.006,-0.524,0.71,0.844,-0.319,-0.432,0.348,0.868,0.712,-0.088,0.718,0.824,-0.314,0.613,0.609,-0.355,0.97,-0.264,0.892,-0.51,0.741,0.872,0.716,0.725,0.383,0.861,-0.79,-0.608,0.202,0.607,0.779,0.907,-0.205,0.678,0.487,0.896,0.883,-0.427,-0.699,0.904,0.426,-0.596,0.35,0.739,0.74,0.045,0.465,0.957,0.288,0.093,-0.732,0.85,-0.573,0.13,0.791,0.856,-0.606,0.057,0.614,-0.599,-0.24,-0.599,0.707,0.824,0.94,-0.497,0.815,-0.561,0.924,0.86,0.939,0.48,0.582,-0.723,-0.231,-0.6,0.793,0.103,0.911,0.733,0.82,0.872,0.56,-0.603,0.22,0.274,-0.182,0.708,0.917,0.53,0.309,0.44,-0.595,-0.402,-0.819,-0.632,0.804,0.919,0.323,-0.104,0.565,-0.04,0.501,0.708,0.746,0.539,0.524,0.017,0.423,-0.058,0.905,-0.396,0.25,-0.683,0.553,0.977,0.875,-0.244,0.905,-0.175,0.772,-0.056,0.698,0.95,0.298,0.963,-0.286,0.917,0.47,0.663,-0.503,-0.536,0.063,0.87,-0.082,0.952,0.695,0.642,0.455,-0.033,0.071,0.887,0.937,0.636,0.858,0.942,-0.626,0.535,0.727,0.863,0.327,0.318,-0.503,0.798,0.745,-0.351,0.516,0.784,0.831,-0.711,0.542,-0.445,0.794,0.892,0.94,0.116,0.938,0.291,0.768,0.644,0.603
BECN,-0.064,0.011,0.281,0.26,0.509,0.313,0.329,-0.659,-0.269,0.07,0.504,-0.385,0.127,-0.478,-0.151,0.046,-0.208,0.0,0.181,0.289,0.313,-0.419,-0.198,-0.134,0.416,0.257,0.235,0.622,0.449,0.641,0.09,-0.477,0.145,0.666,0.25,-0.225,0.198,0.357,0.48,0.152,0.254,0.062,0.565,0.518,-0.22,-0.075,0.692,0.144,0.397,0.262,-0.275,0.397,0.249,0.247,0.107,0.194,0.295,0.643,0.506,0.088,0.122,-0.077,-0.279,0.648,0.084,0.131,0.642,-0.16,-0.267,0.3,0.403,0.188,-0.2,0.37,0.616,-0.614,-0.324,0.64,-0.129,0.514,-0.308,0.611,0.77,-0.534,0.037,0.468,0.153,-0.446,0.753,-0.489,0.686,-0.005,0.15,-0.251,-0.088,-0.464,0.666,-0.083,-0.409,-0.058,-0.478,0.432,0.071,0.403,0.531,-0.34,0.378,0.003,0.404,0.047,0.062,0.096,0.125,0.354,-0.216,0.592,-0.383,-0.086,-0.505,0.445,0.463,-0.165,0.65,0.27,0.004,0.06,0.081,-0.551,0.834,0.554,0.094,-0.228,0.375,-0.007,0.52,0.058,-0.018,0.711,0.562,-0.28,0.459,-0.168,0.011,0.513,-0.189,-0.106,0.575,0.105,-0.52,-0.229,0.619,0.018,-0.083,-0.115,-0.268,0.017,-0.29,-0.279,0.065,-0.088,0.444,-0.28,0.107,0.65,-0.109,-0.232,0.292,0.608,-0.383,0.1,0.147,-0.208,-0.258,0.157,-0.29,0.188,0.453,-0.017,-0.095,0.146,-0.135,0.027,0.084,-0.132,0.098,-0.185,0.178,0.044,0.371,0.324,0.128,-0.478,-0.229,-0.002,0.648,-0.224,0.312,-0.605,-0.079,0.34
BFC,-0.047,-0.326,0.045,-0.093,-0.558,-0.436,0.676,0.168,0.357,0.913,-0.273,-0.332,0.949,0.733,-0.583,-0.836,0.866,0.181,0.0,-0.527,0.605,0.507,0.833,0.856,0.9,-0.603,0.863,0.439,-0.297,0.237,-0.477,0.526,0.892,0.011,-0.408,0.33,0.953,0.86,0.14,0.795,0.935,-0.353,0.87,0.735,-0.501,0.905,-0.068,0.938,-0.37,0.859,0.764,0.925,0.788,0.528,0.856,-0.715,-0.484,0.435,0.831,0.773,0.975,-0.334,0.477,0.777,0.967,0.944,-0.185,-0.767,0.779,0.5,-0.396,0.352,0.626,0.925,0.256,0.251,0.825,0.573,-0.109,-0.411,0.759,-0.311,0.487,0.539,0.864,-0.44,0.104,0.37,-0.31,-0.467,-0.294,0.792,0.818,0.854,-0.507,0.651,-0.333,0.824,0.7,0.912,0.274,0.731,-0.694,-0.121,-0.429,0.674,0.198,0.871,0.909,0.871,0.829,0.59,-0.513,0.272,0.145,-0.006,0.498,0.908,0.291,0.374,0.483,-0.615,-0.137,-0.681,-0.614,0.891,0.949,0.037,0.221,0.798,-0.114,0.382,0.814,0.657,0.799,0.569,-0.09,0.703,0.267,0.839,-0.214,0.167,-0.65,0.833,0.894,0.802,-0.075,0.966,-0.448,0.727,0.172,0.585,0.907,0.316,0.839,-0.388,0.794,0.335,0.675,-0.648,-0.36,-0.012,0.871,0.219,0.906,0.607,0.648,0.669,-0.224,0.047,0.964,0.797,0.507,0.955,0.795,-0.521,0.713,0.747,0.875,0.385,0.304,-0.511,0.858,0.745,-0.352,0.348,0.857,0.808,-0.547,0.72,-0.436,0.661,0.797,0.948,0.387,0.819,0.409,0.495,0.67,0.719
BGC,0.556,0.498,0.511,0.639,0.815,0.825,0.019,-0.578,-0.028,-0.582,0.665,0.15,-0.445,-0.679,0.658,0.461,-0.645,0.289,-0.527,0.0,0.032,-0.471,-0.655,-0.726,-0.263,0.85,-0.237,0.266,0.802,0.566,0.723,-0.499,-0.316,0.735,0.789,-0.578,-0.399,-0.266,0.022,-0.201,-0.365,0.758,-0.198,-0.137,0.685,-0.584,0.305,-0.413,0.502,-0.297,-0.638,-0.357,-0.175,-0.075,-0.466,0.667,0.603,0.357,-0.081,-0.663,-0.598,0.135,-0.099,-0.106,-0.656,-0.4,0.68,0.761,-0.477,-0.094,0.696,0.227,-0.129,-0.368,0.507,-0.143,-0.681,0.254,0.36,0.652,-0.487,0.529,-0.098,-0.509,-0.682,0.808,0.459,-0.124,0.624,0.159,0.365,-0.325,-0.539,-0.764,0.744,-0.467,0.779,-0.544,-0.489,-0.663,-0.02,-0.087,0.77,0.486,0.722,-0.612,0.51,-0.561,-0.403,-0.64,-0.412,-0.012,0.675,0.409,0.337,0.698,-0.232,-0.629,-0.159,0.159,-0.006,0.501,0.607,0.588,0.703,-0.486,-0.47,-0.31,0.164,-0.073,0.453,0.128,-0.515,-0.111,-0.227,0.144,0.357,-0.02,0.109,-0.695,0.828,0.279,0.665,-0.267,-0.604,-0.603,0.628,-0.503,0.447,-0.497,0.464,-0.474,-0.575,-0.352,-0.739,0.535,-0.463,-0.174,-0.153,0.644,0.854,0.218,-0.394,0.348,-0.719,-0.378,-0.26,-0.0,0.443,0.51,-0.447,-0.678,-0.627,-0.486,-0.562,0.711,-0.068,-0.228,-0.715,-0.009,0.125,0.843,-0.288,-0.28,0.566,-0.05,-0.272,-0.228,0.608,-0.058,0.794,-0.566,-0.683,-0.617,0.275,-0.769,0.327,-0.465,-0.059,-0.051
BHF,0.403,-0.169,0.617,0.393,-0.221,-0.026,0.45,0.162,0.611,0.677,0.018,0.071,0.574,0.392,0.169,-0.339,0.449,0.313,0.605,0.032,0.0,0.34,0.58,0.502,0.677,-0.134,0.773,0.344,-0.093,0.688,0.191,0.537,0.553,0.257,-0.116,0.159,0.575,0.477,-0.044,0.791,0.667,0.06,0.651,0.453,-0.27,0.493,0.116,0.641,-0.316,0.735,0.559,0.772,0.634,0.317,0.388,-0.074,-0.006,0.585,0.767,0.097,0.548,0.038,0.533,0.59,0.516,0.598,-0.081,-0.36,0.472,0.017,-0.079,0.62,0.482,0.596,0.337,0.267,0.36,0.805,-0.038,0.087,0.646,-0.05,0.11,0.383,0.268,0.058,0.208,0.334,0.025,0.081,-0.255,0.68,0.524,0.373,0.149,0.527,0.078,0.382,0.4,0.372,0.445,0.394,-0.145,-0.047,0.047,0.331,0.386,0.553,0.624,0.565,0.378,0.847,0.229,0.325,0.434,0.38,0.533,0.587,0.107,0.394,0.524,0.036,0.283,-0.289,0.131,0.734,0.635,0.172,0.16,0.689,0.05,0.45,0.26,0.555,0.758,0.787,-0.139,0.577,0.415,0.451,0.32,0.403,0.065,0.552,0.527,0.574,0.462,0.613,-0.084,0.498,0.12,0.339,0.54,0.364,0.452,0.127,0.495,0.655,0.683,0.002,0.362,0.508,0.474,0.727,0.453,0.656,0.722,0.418,-0.099,0.543,0.682,0.485,0.139,0.717,0.483,0.191,0.663,0.663,0.435,0.211,0.649,-0.039,0.553,0.727,-0.274,0.398,0.654,0.618,-0.401,0.409,-0.058,0.454,0.18,0.628,0.269,0.394,0.581,0.392,0.593,0.388
BHFAL,0.329,0.094,0.047,0.106,-0.611,-0.25,0.351,0.568,0.655,0.607,-0.73,0.272,0.589,0.732,-0.146,-0.49,0.799,-0.419,0.507,-0.471,0.34,0.0,0.71,0.724,0.404,-0.647,0.48,0.006,-0.525,-0.025,-0.196,0.708,0.602,-0.438,-0.209,0.177,0.554,0.337,-0.33,0.512,0.486,-0.029,0.245,0.33,-0.077,0.738,-0.239,0.623,-0.478,0.46,0.686,0.344,0.477,0.001,0.592,-0.487,-0.476,0.0,0.299,0.479,0.56,0.055,0.746,0.089,0.519,0.562,-0.484,-0.396,0.747,0.226,-0.518,0.359,0.697,0.429,-0.03,0.629,0.753,0.075,0.359,-0.734,0.712,-0.566,-0.29,0.843,0.524,-0.457,0.075,0.785,-0.627,0.178,-0.799,0.443,0.604,0.69,-0.172,0.783,-0.513,0.741,0.764,0.632,0.691,0.309,-0.463,-0.275,-0.507,0.679,0.107,0.626,0.369,0.475,0.638,0.428,-0.358,0.186,0.474,-0.155,0.839,0.639,0.659,0.296,0.398,-0.334,-0.5,-0.737,-0.334,0.532,0.637,0.503,-0.387,0.238,0.172,0.629,0.333,0.707,0.159,0.453,0.111,0.085,-0.342,0.679,-0.267,0.344,-0.428,0.103,0.765,0.776,-0.199,0.586,0.212,0.642,-0.261,0.677,0.728,0.259,0.797,0.065,0.785,0.573,0.619,-0.032,-0.375,0.246,0.624,-0.193,0.704,0.624,0.548,0.155,0.2,0.323,0.583,0.781,0.489,0.547,0.854,-0.358,0.321,0.533,0.529,0.077,0.326,-0.165,0.513,0.561,-0.309,0.654,0.529,0.634,-0.638,0.204,-0.146,0.666,0.659,0.659,-0.195,0.712,0.304,0.858,0.445,0.29
BKNG,-0.049,-0.436,0.088,-0.202,-0.811,-0.648,0.402,0.6,0.536,0.904,-0.565,-0.057,0.782,0.9,-0.365,-0.711,0.911,-0.198,0.833,-0.655,0.58,0.71,0.0,0.927,0.663,-0.724,0.706,0.034,-0.586,0.03,-0.459,0.837,0.722,-0.376,-0.607,0.571,0.751,0.572,-0.003,0.776,0.787,-0.409,0.571,0.447,-0.527,0.881,-0.375,0.837,-0.544,0.716,0.95,0.761,0.65,0.397,0.659,-0.645,-0.553,0.151,0.567,0.63,0.866,-0.135,0.63,0.449,0.887,0.815,-0.587,-0.754,0.853,0.189,-0.522,0.336,0.58,0.667,-0.142,0.415,0.909,0.309,-0.166,-0.55,0.936,-0.621,0.066,0.736,0.778,-0.621,-0.095,0.441,-0.593,-0.051,-0.577,0.75,0.784,0.923,-0.438,0.851,-0.612,0.787,0.788,0.865,0.436,0.416,-0.715,-0.355,-0.635,0.762,-0.068,0.891,0.732,0.927,0.679,0.625,-0.474,0.036,0.199,-0.28,0.677,0.951,0.422,0.084,0.321,-0.428,-0.31,-0.716,-0.456,0.894,0.866,0.405,-0.141,0.522,-0.273,0.341,0.573,0.605,0.63,0.504,-0.197,0.365,0.173,0.934,-0.448,0.205,-0.475,0.574,0.918,0.876,-0.21,0.864,-0.274,0.826,-0.254,0.603,0.884,0.42,0.937,-0.365,0.843,0.63,0.606,-0.459,-0.437,0.197,0.701,0.13,0.909,0.836,0.655,0.295,-0.176,0.031,0.844,0.935,0.538,0.859,0.883,-0.523,0.514,0.735,0.903,0.347,0.446,-0.587,0.743,0.792,-0.448,0.38,0.743,0.728,-0.743,0.431,-0.611,0.872,0.775,0.937,-0.007,0.941,0.139,0.762,0.657,0.448
BL,-0.069,-0.311,-0.114,-0.216,-0.829,-0.633,0.382,0.582,0.462,0.931,-0.605,-0.144,0.822,0.867,-0.485,-0.712,0.926,-0.134,0.856,-0.726,0.502,0.724,0.927,0.0,0.673,-0.798,0.718,0.053,-0.648,-0.044,-0.47,0.746,0.768,-0.413,-0.637,0.572,0.794,0.596,-0.036,0.679,0.788,-0.486,0.593,0.516,-0.556,0.913,-0.265,0.83,-0.59,0.757,0.911,0.746,0.611,0.307,0.73,-0.686,-0.583,0.075,0.553,0.718,0.889,-0.128,0.567,0.474,0.898,0.804,-0.568,-0.817,0.786,0.259,-0.568,0.205,0.566,0.754,-0.08,0.399,0.923,0.247,-0.084,-0.608,0.861,-0.587,0.172,0.757,0.852,-0.692,-0.178,0.497,-0.589,-0.186,-0.53,0.713,0.849,0.961,-0.477,0.815,-0.646,0.858,0.758,0.892,0.426,0.434,-0.794,-0.423,-0.682,0.824,-0.103,0.845,0.748,0.862,0.731,0.546,-0.525,-0.006,0.116,-0.325,0.66,0.95,0.371,0.175,0.357,-0.492,-0.37,-0.737,-0.557,0.884,0.854,0.399,-0.127,0.522,-0.268,0.345,0.661,0.571,0.611,0.438,-0.245,0.378,0.063,0.931,-0.442,0.156,-0.623,0.558,0.932,0.911,-0.292,0.85,-0.33,0.848,-0.238,0.713,0.935,0.442,0.953,-0.34,0.804,0.472,0.628,-0.502,-0.526,0.092,0.767,0.009,0.962,0.776,0.689,0.353,-0.304,0.034,0.84,0.944,0.626,0.851,0.894,-0.556,0.443,0.722,0.907,0.14,0.314,-0.591,0.746,0.719,-0.529,0.368,0.707,0.713,-0.813,0.402,-0.54,0.834,0.802,0.934,-0.009,0.935,0.217,0.716,0.533,0.419
BOKF,0.105,-0.103,0.274,0.205,-0.247,-0.126,0.84,-0.103,0.415,0.813,-0.047,-0.295,0.884,0.487,-0.437,-0.731,0.73,0.416,0.9,-0.263,0.677,0.404,0.663,0.673,0.0,-0.359,0.871,0.713,-0.021,0.533,-0.365,0.305,0.901,0.29,-0.097,0.05,0.935,0.91,0.14,0.804,0.929,-0.084,0.941,0.893,-0.347,0.797,0.192,0.891,-0.154,0.845,0.573,0.916,0.87,0.565,0.839,-0.595,-0.327,0.729,0.96,0.712,0.891,-0.248,0.469,0.907,0.843,0.908,0.145,-0.593,0.676,0.603,-0.26,0.556,0.646,0.905,0.519,0.099,0.629,0.8,0.069,-0.302,0.592,-0.056,0.567,0.386,0.739,-0.102,0.362,0.318,-0.052,-0.506,-0.119,0.673,0.798,0.631,-0.399,0.447,0.034,0.752,0.538,0.78,0.19,0.867,-0.464,0.175,-0.093,0.431,0.496,0.806,0.922,0.726,0.85,0.658,-0.388,0.544,0.243,0.363,0.41,0.739,0.183,0.642,0.727,-0.585,0.115,-0.567,-0.526,0.753,0.897,-0.139,0.462,0.902,0.176,0.422,0.824,0.762,0.83,0.64,0.119,0.86,0.335,0.607,0.058,0.266,-0.559,0.837,0.755,0.681,0.253,0.917,-0.388,0.499,0.469,0.587,0.791,0.118,0.637,-0.168,0.676,0.307,0.692,-0.463,-0.078,-0.036,0.872,0.408,0.733,0.43,0.715,0.861,-0.114,0.207,0.935,0.668,0.373,0.898,0.665,-0.372,0.874,0.712,0.667,0.507,0.307,-0.308,0.816,0.647,-0.102,0.418,0.897,0.857,-0.334,0.794,-0.241,0.415,0.618,0.841,0.589,0.63,0.571,0.335,0.634,0.826
BRKR,0.279,0.366,0.358,0.464,0.794,0.689,-0.132,-0.584,-0.175,-0.664,0.742,0.158,-0.601,-0.766,0.542,0.583,-0.742,0.257,-0.603,0.85,-0.134,-0.647,-0.724,-0.798,-0.359,0.0,-0.386,0.146,0.778,0.348,0.528,-0.604,-0.512,0.601,0.64,-0.501,-0.531,-0.366,-0.027,-0.412,-0.458,0.639,-0.302,-0.238,0.608,-0.688,0.395,-0.581,0.484,-0.446,-0.701,-0.448,-0.292,-0.039,-0.511,0.634,0.659,0.214,-0.227,-0.632,-0.667,0.225,-0.286,-0.168,-0.701,-0.53,0.657,0.793,-0.573,-0.158,0.595,0.072,-0.311,-0.503,0.328,-0.357,-0.778,0.116,0.214,0.634,-0.608,0.516,-0.069,-0.624,-0.726,0.806,0.286,-0.352,0.657,0.171,0.524,-0.422,-0.593,-0.812,0.551,-0.616,0.755,-0.64,-0.578,-0.739,-0.249,-0.192,0.713,0.443,0.748,-0.685,0.356,-0.617,-0.516,-0.647,-0.527,-0.146,0.621,0.193,0.183,0.578,-0.471,-0.729,-0.325,-0.002,-0.126,0.467,0.566,0.684,0.625,-0.635,-0.611,-0.34,0.238,-0.229,0.338,-0.13,-0.51,-0.298,-0.323,-0.09,0.339,-0.172,0.068,-0.779,0.654,0.289,0.663,-0.361,-0.713,-0.683,0.55,-0.608,0.417,-0.648,0.435,-0.564,-0.71,-0.393,-0.811,0.509,-0.616,-0.217,-0.38,0.548,0.721,0.145,-0.534,0.282,-0.812,-0.518,-0.384,-0.123,0.315,0.205,-0.557,-0.743,-0.572,-0.593,-0.728,0.61,-0.211,-0.318,-0.77,-0.017,0.03,0.657,-0.425,-0.417,0.638,-0.225,-0.427,-0.401,0.613,-0.196,0.612,-0.62,-0.77,-0.702,0.219,-0.803,0.069,-0.598,-0.207,-0.182
CACC,0.295,-0.133,0.294,0.195,-0.411,-0.201,0.707,0.129,0.584,0.873,-0.145,-0.211,0.888,0.618,-0.21,-0.65,0.733,0.235,0.863,-0.237,0.773,0.48,0.706,0.718,0.871,-0.386,0.0,0.5,-0.19,0.48,-0.152,0.52,0.832,0.208,-0.204,0.133,0.881,0.78,-0.049,0.819,0.893,-0.14,0.835,0.677,-0.31,0.78,0.048,0.87,-0.424,0.95,0.688,0.876,0.833,0.439,0.727,-0.488,-0.307,0.563,0.882,0.49,0.836,-0.132,0.512,0.771,0.803,0.846,-0.091,-0.564,0.665,0.333,-0.3,0.48,0.705,0.868,0.401,0.386,0.679,0.723,0.074,-0.275,0.724,-0.172,0.338,0.554,0.661,-0.215,0.212,0.487,-0.174,-0.331,-0.301,0.832,0.736,0.674,-0.12,0.645,-0.125,0.71,0.58,0.704,0.451,0.656,-0.417,-0.028,-0.178,0.631,0.417,0.758,0.821,0.686,0.735,0.823,-0.117,0.4,0.335,0.261,0.6,0.785,0.259,0.515,0.549,-0.307,0.085,-0.527,-0.298,0.833,0.876,0.177,0.15,0.836,0.035,0.518,0.638,0.686,0.82,0.781,-0.141,0.717,0.237,0.713,0.13,0.289,-0.399,0.723,0.803,0.671,0.189,0.866,-0.249,0.614,0.232,0.518,0.822,0.415,0.691,-0.087,0.739,0.453,0.776,-0.389,-0.034,0.241,0.783,0.382,0.764,0.623,0.707,0.67,-0.148,0.414,0.887,0.68,0.326,0.915,0.729,-0.185,0.691,0.778,0.691,0.276,0.561,-0.247,0.787,0.85,-0.326,0.501,0.798,0.847,-0.562,0.684,-0.155,0.59,0.566,0.842,0.421,0.664,0.688,0.49,0.712,0.618
CAR,0.262,0.246,0.341,0.484,0.402,0.452,0.865,-0.673,0.133,0.246,0.328,-0.261,0.499,-0.094,-0.237,-0.381,0.22,0.622,0.439,0.266,0.344,0.006,0.034,0.053,0.713,0.146,0.5,0.0,0.545,0.675,-0.122,-0.305,0.589,0.715,0.507,-0.514,0.587,0.75,0.171,0.408,0.537,0.363,0.703,0.788,0.141,0.325,0.528,0.48,0.301,0.443,-0.051,0.489,0.647,0.459,0.566,-0.282,0.022,0.871,0.762,0.43,0.414,-0.227,0.165,0.748,0.327,0.53,0.729,-0.056,0.237,0.714,0.126,0.542,0.432,0.584,0.833,-0.183,0.092,0.761,0.326,-0.015,-0.015,0.45,0.613,-0.082,0.319,0.441,0.694,0.107,0.396,-0.6,0.253,0.192,0.362,0.034,-0.163,-0.108,0.583,0.338,0.128,0.307,-0.078,0.831,0.033,0.654,0.434,-0.062,0.804,0.338,0.547,0.152,0.596,0.321,-0.161,0.815,0.269,0.765,0.019,0.137,0.054,0.797,0.684,-0.476,0.344,-0.173,-0.333,0.179,0.454,-0.521,0.702,0.734,0.609,0.377,0.595,0.581,0.466,0.418,0.476,0.807,0.27,-0.0,0.434,0.184,-0.346,0.581,0.239,0.137,0.527,0.476,-0.176,-0.037,0.885,0.271,0.275,-0.302,0.06,0.141,0.268,-0.106,0.408,-0.151,0.218,-0.238,0.576,0.367,0.171,-0.176,0.296,0.903,0.204,0.29,0.505,0.094,-0.016,0.416,0.166,-0.101,0.757,0.306,0.081,0.53,0.031,0.152,0.45,0.167,0.354,0.322,0.576,0.542,0.268,0.739,0.247,-0.191,0.227,0.291,0.832,0.052,0.63,-0.134,0.335,0.79
CDNA,0.267,0.39,0.338,0.52,0.841,0.707,0.303,-0.821,-0.228,-0.498,0.719,-0.101,-0.257,-0.657,0.208,0.201,-0.482,0.449,-0.297,0.802,-0.093,-0.525,-0.586,-0.648,-0.021,0.778,-0.19,0.545,0.0,0.507,0.306,-0.656,-0.137,0.803,0.77,-0.665,-0.16,0.06,0.234,-0.144,-0.142,0.597,0.059,0.18,0.587,-0.4,0.429,-0.234,0.656,-0.237,-0.633,-0.186,-0.014,0.204,-0.134,0.315,0.413,0.53,0.097,-0.265,-0.363,-0.145,-0.166,0.161,-0.418,-0.163,0.887,0.582,-0.342,0.305,0.61,0.239,-0.074,-0.169,0.655,-0.424,-0.565,0.338,0.26,0.493,-0.539,0.561,0.286,-0.63,-0.4,0.75,0.524,-0.268,0.676,-0.249,0.573,-0.315,-0.407,-0.624,0.29,-0.592,0.817,-0.359,-0.383,-0.399,-0.297,0.259,0.537,0.66,0.696,-0.64,0.579,-0.341,-0.171,-0.459,-0.137,-0.131,0.257,0.561,0.18,0.721,-0.443,-0.526,-0.201,0.283,0.149,0.047,0.607,0.462,0.272,-0.454,-0.279,-0.608,0.511,0.114,0.476,0.015,-0.123,-0.018,-0.118,0.042,0.575,0.229,0.157,-0.635,0.638,0.169,0.313,0.02,-0.481,-0.528,0.55,-0.29,0.237,-0.547,0.789,-0.388,-0.463,-0.591,-0.634,0.278,-0.374,-0.384,-0.166,0.25,0.592,-0.125,-0.163,0.298,-0.578,-0.518,-0.257,0.3,0.41,0.185,-0.257,-0.607,-0.443,-0.351,-0.532,0.311,0.128,-0.233,-0.534,0.308,-0.124,0.625,-0.128,-0.349,0.717,-0.147,-0.098,-0.114,0.706,0.235,0.588,-0.627,-0.431,-0.472,0.588,-0.633,0.234,-0.596,0.02,0.307
CG,0.561,0.21,0.777,0.699,0.46,0.539,0.558,-0.463,0.364,0.203,0.432,-0.044,0.285,-0.201,0.292,-0.055,0.006,0.641,0.237,0.566,0.688,-0.025,0.03,-0.044,0.533,0.348,0.48,0.675,0.507,0.0,0.426,-0.057,0.373,0.747,0.504,-0.37,0.34,0.391,0.151,0.503,0.398,0.489,0.566,0.55,0.183,0.105,0.47,0.356,0.237,0.44,-0.039,0.47,0.511,0.242,0.18,0.244,0.304,0.862,0.686,-0.095,0.178,0.068,0.319,0.596,0.09,0.314,0.563,0.09,0.073,0.213,0.332,0.68,0.33,0.371,0.732,-0.043,-0.124,0.893,0.272,0.401,0.106,0.404,0.294,-0.121,-0.056,0.588,0.525,0.102,0.521,-0.091,0.172,0.261,0.208,-0.166,0.327,-0.028,0.68,0.059,-0.065,0.004,0.136,0.492,0.318,0.451,0.572,-0.174,0.743,0.162,0.399,0.08,0.222,0.569,0.381,0.696,0.426,0.862,0.196,0.071,-0.067,0.622,0.646,0.094,0.676,0.058,0.285,0.229,0.295,-0.234,0.484,0.656,0.42,0.359,0.148,0.464,0.532,0.649,0.235,0.673,0.418,-0.111,0.741,0.412,0.224,0.413,0.06,0.068,0.805,0.272,0.012,-0.004,0.602,0.115,0.119,-0.021,-0.099,0.358,0.091,0.247,0.422,0.241,0.754,0.27,0.277,0.774,-0.019,0.121,0.519,0.592,0.135,0.61,0.346,-0.011,-0.263,0.329,0.041,0.435,0.664,0.353,-0.08,0.309,0.413,0.382,0.316,0.301,0.233,0.316,0.446,0.441,0.195,0.415,0.385,-0.162,-0.18,0.164,0.572,-0.122,0.656,-0.109,0.371,0.486
CGBD,0.651,0.377,0.404,0.497,0.464,0.597,-0.249,-0.098,0.099,-0.383,0.357,0.281,-0.371,-0.419,0.701,0.503,-0.524,0.09,-0.477,0.723,0.191,-0.196,-0.459,-0.47,-0.365,0.528,-0.152,-0.122,0.306,0.426,0.0,-0.125,-0.34,0.377,0.492,-0.255,-0.41,-0.456,-0.189,-0.152,-0.382,0.499,-0.291,-0.341,0.46,-0.506,0.218,-0.361,0.141,-0.178,-0.412,-0.307,-0.303,-0.393,-0.534,0.776,0.576,0.028,-0.179,-0.791,-0.555,0.245,0.042,-0.283,-0.596,-0.431,0.196,0.571,-0.396,-0.398,0.477,0.032,-0.076,-0.329,0.261,0.227,-0.529,0.123,0.284,0.616,-0.223,0.293,-0.355,-0.205,-0.663,0.452,0.14,0.142,0.384,0.489,-0.003,-0.112,-0.515,-0.561,0.889,-0.145,0.404,-0.51,-0.352,-0.614,0.321,-0.322,0.653,0.042,0.415,-0.326,0.201,-0.565,-0.433,-0.552,-0.518,0.07,0.828,0.07,0.397,0.384,0.079,-0.44,-0.067,0.04,-0.058,0.744,0.381,0.418,0.816,-0.268,-0.427,0.077,-0.198,-0.155,0.18,0.18,-0.686,-0.154,-0.198,0.258,-0.034,-0.181,-0.061,-0.46,0.746,0.286,0.682,-0.384,-0.454,-0.362,0.38,-0.493,0.493,-0.187,-0.01,-0.298,-0.411,0.15,-0.483,0.525,-0.372,0.055,-0.027,0.653,0.76,0.585,-0.444,0.303,-0.525,-0.041,-0.039,-0.298,0.206,0.613,-0.415,-0.523,-0.471,-0.365,-0.372,0.85,-0.231,-0.133,-0.559,-0.425,0.25,0.73,-0.268,-0.062,0.046,0.036,-0.338,-0.274,0.234,-0.343,0.719,-0.281,-0.627,-0.485,-0.153,-0.593,0.351,-0.187,-0.133,-0.373
