code,dt
AACG,2023-08-07
AAL,2023-08-07
AAOI,2023-08-07
AAON,2023-08-07
AAPL,2023-08-07
ABAT,2023-08-07
ABEO,2023-08-07
ABTS,2023-08-07
ABUS,2023-08-07
ACB,2023-08-07
ACET,2023-08-07
ACGL,2023-08-07
ACGLO,2023-08-07
ACHC,2023-08-07
ACHV,2023-08-07
ACIC,2023-08-07
ACIU,2023-08-07
ACIW,2023-08-07
ACLS,2023-08-07
ACMR,2023-08-07
ACNB,2023-08-07
ACRS,2023-08-07
ACTG,2023-08-07
ADAP,2023-08-07
ADBE,2023-08-07
ADI,2023-08-07
ADIL,2023-08-07
ADMA,2023-08-07
ADP,2023-08-07
ADPT,2023-08-07
ADSK,2023-08-07
ADTN,2023-08-07
ADUS,2023-08-07
ADVM,2023-08-07
AEHL,2023-08-07
AEHR,2023-08-07
AEIS,2023-08-07
AEMD,2023-08-07
AEP,2023-08-07
AEYE,2023-08-07
AFMD,2023-08-07
AFYA,2023-08-07
AGAE,2023-08-07
AGEN,2023-08-07
AGIO,2023-08-07
AGNC,2023-08-07
AGNCM,2023-08-07
AGNCN,2023-08-07
AGNCO,2023-08-07
AGNCP,2023-08-07
AGYS,2023-08-07
AHCO,2023-08-07
AHG,2023-08-07
AIFU,2023-08-07
AIHS,2023-08-07
AIOT,2023-08-07
AIRG,2023-08-07
AKAM,2023-08-07
AKBA,2023-08-07
AKRO,2023-08-07
ALAR,2023-08-07
ALBT,2023-08-07
ALCO,2023-08-07
ALDX,2023-08-07
ALEC,2023-08-07
ALGN,2023-08-07
ALGT,2023-08-07
ALLK,2023-08-07
ALLO,2023-08-07
ALLT,2023-08-07
ALNT,2023-08-07
ALNY,2023-08-07
ALRM,2023-08-07
ALRS,2023-08-07
ALT,2023-08-07
ALTO,2023-08-07
ALTR,2023-08-07
AMAL,2023-08-07
AMAT,2023-08-07
AMBA,2023-08-07
AMCX,2023-08-07
AMD,2023-08-07
AMED,2023-08-07
AMGN,2023-08-07
AMKR,2023-08-07
AMPH,2023-08-07
AMRK,2023-08-07
AMRN,2023-08-07
AMRX,2023-08-07
AMSC,2023-08-07
AMSF,2023-08-07
AMTX,2023-08-07
AMWD,2023-08-07
AMZN,2023-08-07
ANAB,2023-08-07
ANDE,2023-08-07
ANGI,2023-08-07
ANGO,2023-08-07
ANIK,2023-08-07
ANIP,2023-08-07
ANIX,2023-08-07
ANSS,2023-08-07
ANY,2023-08-07
AOSL,2023-08-07
APA,2023-08-07
APDN,2023-08-07
APEI,2023-08-07
APLS,2023-08-07
APLT,2023-08-07
APOG,2023-08-07
APPF,2023-08-07
APPN,2023-08-07
APPS,2023-08-07
APTO,2023-08-07
APVO,2023-08-07
APYX,2023-08-07
AQB,2023-08-07
AQMS,2023-08-07
AQST,2023-08-07
ARAY,2023-08-07
ARCB,2023-08-07
ARCC,2023-08-07
ARCT,2023-08-07
ARDX,2023-08-07
AREC,2023-08-07
ARGX,2023-08-07
ARLP,2023-08-07
AROW,2023-08-07
ARQ,2023-08-07
ARQT,2023-08-07
ARTL,2023-08-07
ARTNA,2023-08-07
ARVN,2023-08-07
ARWR,2023-08-07
ASMB,2023-08-07
ASML,2023-08-07
ASND,2023-08-07
ASPS,2023-08-07
ASRT,2023-08-07
ASRV,2023-08-07
ASTE,2023-08-07
ASTH,2023-08-07
ASUR,2023-08-07
ASYS,2023-08-07
ATEC,2023-08-07
ATER,2023-08-07
ATEX,2023-08-07
ATLC,2023-08-07
ATLO,2023-08-07
ATNI,2023-08-07
ATOM,2023-08-07
ATOS,2023-08-07
ATRA,2023-08-07
ATRC,2023-08-07
ATRO,2023-08-07
ATSG,2023-08-07
ATXI,2023-08-07
ATXS,2023-08-07
ATYR,2023-08-07
AUDC,2023-08-07
AUPH,2023-08-07
AUTL,2023-08-07
AVAV,2023-08-07
AVDL,2023-08-07
AVGO,2023-08-07
AVNW,2023-08-07
AVT,2023-08-07
AVTX,2023-08-07
AVXL,2023-08-07
AWH,2023-08-07
AWRE,2023-08-07
AXDX,2023-08-07
AXGN,2023-08-07
AXON,2023-08-07
AXSM,2023-08-07
AXTI,2023-08-07
AYRO,2023-08-07
AYTU,2023-08-07
AZN,2023-08-07
AZPN,2023-08-07
AZTA,2023-08-07
BACK,2023-08-07
BAND,2023-08-07
BANF,2023-08-07
BANR,2023-08-07
BANX,2023-08-07
BATRA,2023-08-07
BATRK,2023-08-07
BBCP,2023-08-07
BBIO,2023-08-07
BBSI,2023-08-07
BCBP,2023-08-07
BCLI,2023-08-07
BCML,2023-08-07
BCPC,2023-08-07
BCRX,2023-08-07
BCYC,2023-08-07
BDTX,2023-08-07
BEAM,2023-08-07
BECN,2023-08-07
BEEM,2023-08-07
BELFB,2023-08-07
BFC,2023-08-07
BFIN,2023-08-07
BFST,2023-08-07
BGC,2023-08-07
BGFV,2023-08-07
BHAT,2023-08-07
BHF,2023-08-07
BHFAL,2023-08-07
BHFAP,2023-08-07
BIDU,2023-08-07
BILI,2023-08-07
BJRI,2023-08-07
BKNG,2023-08-07
BKR,2023-08-07
BKYI,2023-08-07
BL,2023-08-07
BLBD,2023-08-07
BLDP,2023-08-07
BLFS,2023-08-07
BLIN,2023-08-07
BLKB,2023-08-07
BLMN,2023-08-07
BLNE,2023-08-07
BLNK,2023-08-07
BLRX,2023-08-07
BLUE,2023-08-07
BMRA,2023-08-07
BMRC,2023-08-07
BMRN,2023-08-07
BNGO,2023-08-07
BNTX,2023-08-07
BOKF,2023-08-07
BOOM,2023-08-07
BOXL,2023-08-07
BPMC,2023-08-07
BPOP,2023-08-07
BPRN,2023-08-07
BPYPO,2023-08-07
BPYPP,2023-08-07
BRKL,2023-08-07
BRKR,2023-08-07
BRY,2023-08-07
BSET,2023-08-07
BSGM,2023-08-07
BSRR,2023-08-07
BTAI,2023-08-07
BTBT,2023-08-07
BTCS,2023-08-07
BTCT,2023-08-07
BTOG,2023-08-07
BUSE,2023-08-07
BWB,2023-08-07
BWEN,2023-08-07
BWFG,2023-08-07
BWIN,2023-08-07
BYND,2023-08-07
BYRN,2023-08-07
BYSI,2023-08-07
BZUN,2023-08-07
CAAS,2023-08-07
CABA,2023-08-07
CAC,2023-08-07
CACC,2023-08-07
CAKE,2023-08-07
CALM,2023-08-07
CAMT,2023-08-07
CAN,2023-08-07
CAPR,2023-08-07
CAR,2023-08-07
CARA,2023-08-07
CARE,2023-08-07
CARG,2023-08-07
CARM,2023-08-07
CASH,2023-08-07
CASI,2023-08-07
CASS,2023-08-07
CASY,2023-08-07
CATY,2023-08-07
CBAT,2023-08-07
CBNK,2023-08-07
CBRL,2023-08-07
CBSH,2023-08-07
CBUS,2023-08-07
CCAP,2023-08-07
CCB,2023-08-07
CCBG,2023-08-07
CCD,2023-08-07
CCEC,2023-08-07
CCEP,2023-08-07
CCLD,2023-08-07
CCLDP,2023-08-07
CCNE,2023-08-07
CCOI,2023-08-07
CCRN,2023-08-07
CDLX,2023-08-07
CDNA,2023-08-07
CDNS,2023-08-07
CDTX,2023-08-07
CDW,2023-08-07
CDXC,2023-08-07
CDXS,2023-08-07
CDZI,2023-08-07
CECO,2023-08-07
CELH,2023-08-07
CELZ,2023-08-07
CENN,2023-08-07
CENT,2023-08-07
CENTA,2023-08-07
CENX,2023-08-07
CERS,2023-08-07
CEVA,2023-08-07
CFFN,2023-08-07
CG,2023-08-07
CGBD,2023-08-07
CGC,2023-08-07
CGEN,2023-08-07
CGNX,2023-08-07
CGO,2023-08-07
CHCO,2023-08-07
CHDN,2023-08-07
CHEF,2023-08-07
CHEK,2023-08-07
CHI,2023-08-07
CHKP,2023-08-07
CHR,2023-08-07
CHRD,2023-08-07
CHRS,2023-08-07
CHRW,2023-08-07
CHSCL,2023-08-07
CHSCM,2023-08-07
CHSCN,2023-08-07
CHSCO,2023-08-07
CHSCP,2023-08-07
CHTR,2023-08-07
CHW,2023-08-07
CHX,2023-08-07
CHY,2023-08-07
CIGI,2023-08-07
CINF,2023-08-07
CIVB,2023-08-07
CKPT,2023-08-07
CLAR,2023-08-07
CLBK,2023-08-07
CLDX,2023-08-07
CLFD,2023-08-07
CLIR,2023-08-07
CLLS,2023-08-07
CLMB,2023-08-07
CLMT,2023-08-07
CLNE,2023-08-07
CLPT,2023-08-07
CLRB,2023-08-07
CLRO,2023-08-07
CLSD,2023-08-07
CMBM,2023-08-07
CMCO,2023-08-07
CMCSA,2023-08-07
CME,2023-08-07
CMLS,2023-08-07
CMMB,2023-08-07
CMPR,2023-08-07
CMRX,2023-08-07
CMTL,2023-08-07
CNDT,2023-08-07
CNET,2023-08-07
CNOB,2023-08-07
CNTY,2023-08-07
CNVS,2023-08-07
CNXN,2023-08-07
COCP,2023-08-07
CODA,2023-08-07
CODX,2023-08-07
COGT,2023-08-07
COHU,2023-08-07
COKE,2023-08-07
COLB,2023-08-07
COLL,2023-08-07
COLM,2023-08-07
COMM,2023-08-07
COO,2023-08-07
COOP,2023-08-07
CORT,2023-08-07
COST,2023-08-07
CPB,2023-08-07
CPIX,2023-08-07
CPRT,2023-08-07
CPRX,2023-08-07
CPSH,2023-08-07
CPSS,2023-08-07
CPZ,2023-08-07
CRAI,2023-08-07
CRBP,2023-08-07
CRDF,2023-08-07
CRDL,2023-08-07
CREG,2023-08-07
CRESY,2023-08-07
CREX,2023-08-07
CRIS,2023-08-07
CRMD,2023-08-07
CRMT,2023-08-07
CRNC,2023-08-07
CRNT,2023-08-07
CRNX,2023-08-07
CRON,2023-08-07
CROX,2023-08-07
CRSP,2023-08-07
CRTO,2023-08-07
CRUS,2023-08-07
CRVL,2023-08-07
CRVS,2023-08-07
CRWD,2023-08-07
CRWS,2023-08-07
CSCO,2023-08-07
CSGP,2023-08-07
CSGS,2023-08-07
CSIQ,2023-08-07
CSQ,2023-08-07
CSTE,2023-08-07
CSTL,2023-08-07
CSWC,2023-08-07
CSWI,2023-08-07
CSX,2023-08-07
CTAS,2023-08-07
CTBI,2023-08-07
CTHR,2023-08-07
CTLP,2023-08-07
CTMX,2023-08-07
CTRM,2023-08-07
CTRN,2023-08-07
CTSH,2023-08-07
CTSO,2023-08-07
CTXR,2023-08-07
CUBA,2023-08-07
CUE,2023-08-07
CVBF,2023-08-07
CVCO,2023-08-07
CVGI,2023-08-07
CVGW,2023-08-07
CVLT,2023-08-07
CVV,2023-08-07
CWBC,2023-08-07
CWCO,2023-08-07
CWST,2023-08-07
CYBR,2023-08-07
CYCC,2023-08-07
CYRX,2023-08-07
CYTH,2023-08-07
CYTK,2023-08-07
CZNC,2023-08-07
CZR,2023-08-07
DAIO,2023-08-07
DAKT,2023-08-07
DARE,2023-08-07
DBVT,2023-08-07
DBX,2023-08-07
DCOM,2023-08-07
DDOG,2023-08-07
DENN,2023-08-07
DGICA,2023-08-07
DGII,2023-08-07
DGLY,2023-08-07
DHC,2023-08-07
DHCNI,2023-08-07
DHIL,2023-08-07
DIOD,2023-08-07
DKNG,2023-08-07
DLHC,2023-08-07
DLPN,2023-08-07
DLTH,2023-08-07
DLTR,2023-08-07
DMAC,2023-08-07
DMLP,2023-08-07
DMRC,2023-08-07
DNLI,2023-08-07
DNTH,2023-08-07
DOCU,2023-08-07
DOMH,2023-08-07
DOMO,2023-08-07
DOOO,2023-08-07
DORM,2023-08-07
DOX,2023-08-07
DOYU,2023-08-07
DPZ,2023-08-07
DRIO,2023-08-07
DRRX,2023-08-07
DSGR,2023-08-07
DSGX,2023-08-07
DTIL,2023-08-07
DTSS,2023-08-07
DVAX,2023-08-07
DXCM,2023-08-07
DXLG,2023-08-07
DXPE,2023-08-07
DYAI,2023-08-07
EA,2023-08-07
EBAY,2023-08-07
EBTC,2023-08-07
ECOR,2023-08-07
ECPG,2023-08-07
EDAP,2023-08-07
EDIT,2023-08-07
EDSA,2023-08-07
EDUC,2023-08-07
EEFT,2023-08-07
EFSC,2023-08-07
EGAN,2023-08-07
EHTH,2023-08-07
EKSO,2023-08-07
ENLV,2023-08-07
ENPH,2023-08-07
ENSG,2023-08-07
ENTA,2023-08-07
ENTG,2023-08-07
EOLS,2023-08-07
EPIX,2023-08-07
EQ,2023-08-07
EQIX,2023-08-07
ERIC,2023-08-07
ERIE,2023-08-07
ERII,2023-08-07
ERNA,2023-08-07
ESCA,2023-08-07
ESEA,2023-08-07
ESGR,2023-08-07
ESGRO,2023-08-07
ESGRP,2023-08-07
ESLT,2023-08-07
ESPR,2023-08-07
ESQ,2023-08-07
ESSA,2023-08-07
ESTA,2023-08-07
ETNB,2023-08-07
ETON,2023-08-07
ETSY,2023-08-07
EVER,2023-08-07
EVGN,2023-08-07
EVOK,2023-08-07
EVRG,2023-08-07
EVTV,2023-08-07
EWBC,2023-08-07
EXAS,2023-08-07
EXC,2023-08-07
EXEL,2023-08-07
EXLS,2023-08-07
EXPE,2023-08-07
EXPI,2023-08-07
EXPO,2023-08-07
EXTR,2023-08-07
EYE,2023-08-07
EYEN,2023-08-07
EYPT,2023-08-07
EZPW,2023-08-07
FAMI,2023-08-07
FANG,2023-08-07
FARM,2023-08-07
FARO,2023-08-07
FAST,2023-08-07
FAT,2023-08-07
FATE,2023-08-07
FBIO,2023-08-07
FBIOP,2023-08-07
FBIZ,2023-08-07
FBNC,2023-08-07
FBRX,2023-08-07
FCBC,2023-08-07
FCEL,2023-08-07
FCFS,2023-08-07
FCNCA,2023-08-07
FCNCP,2023-08-07
FDUS,2023-08-07
FELE,2023-08-07
FENC,2023-08-07
FFBC,2023-08-07
FFIC,2023-08-07
FFIN,2023-08-07
FFIV,2023-08-07
FFNW,2023-08-07
FGBI,2023-08-07
FGEN,2023-08-07
FHB,2023-08-07
FIBK,2023-08-07
FISI,2023-08-07
FITB,2023-08-07
FITBI,2023-08-07
FITBO,2023-08-07
FITBP,2023-08-07
FIVE,2023-08-07
FIVN,2023-08-07
FIZZ,2023-08-07
FLEX,2023-08-07
FLGT,2023-08-07
FLIC,2023-08-07
FLL,2023-08-07
FLNT,2023-08-07
FLWS,2023-08-07
FLXS,2023-08-07
FMBH,2023-08-07
FMNB,2023-08-07
FNKO,2023-08-07
FNLC,2023-08-07
FNWB,2023-08-07
FOLD,2023-08-07
FONR,2023-08-07
FORD,2023-08-07
FORM,2023-08-07
FORR,2023-08-07
FOSL,2023-08-07
FOX,2023-08-07
FOXA,2023-08-07
FOXF,2023-08-07
FPAY,2023-08-07
FRBA,2023-08-07
FRGT,2023-08-07
FRHC,2023-08-07
FRME,2023-08-07
FRPH,2023-08-07
FRPT,2023-08-07
FRST,2023-08-07
FRSX,2023-08-07
FSBW,2023-08-07
FSLR,2023-08-07
FSTR,2023-08-07
FSV,2023-08-07
FTAI,2023-08-07
FTDR,2023-08-07
FTEK,2023-08-07
FTFT,2023-08-07
FTNT,2023-08-07
FULC,2023-08-07
FULT,2023-08-07
FUNC,2023-08-07
FUND,2023-08-07
FUTU,2023-08-07
FVCB,2023-08-07
FWONA,2023-08-07
FWONK,2023-08-07
FWRD,2023-08-07
GABC,2023-08-07
GAIA,2023-08-07
GAIN,2023-08-07
GALT,2023-08-07
GASS,2023-08-07
GBDC,2023-08-07
GDEN,2023-08-07
GDS,2023-08-07
GDYN,2023-08-07
GECC,2023-08-07
GEN,2023-08-07
GEOS,2023-08-07
GERN,2023-08-07
GEVO,2023-08-07
GGAL,2023-08-07
GH,2023-08-07
GIFI,2023-08-07
GIII,2023-08-07
GILD,2023-08-07
GILT,2023-08-07
GLAD,2023-08-07
GLBS,2023-08-07
GLDD,2023-08-07
GLMD,2023-08-07
GLNG,2023-08-07
GLPG,2023-08-07
GLPI,2023-08-07
GLRE,2023-08-07
GLYC,2023-08-07
GMAB,2023-08-07
GMGI,2023-08-07
GNLN,2023-08-07
GNPX,2023-08-07
GNSS,2023-08-07
GNTX,2023-08-07
GO,2023-08-07
GOGL,2023-08-07
GOGO,2023-08-07
GOOD,2023-08-07
GOOG,2023-08-07
GOOGL,2023-08-07
GOSS,2023-08-07
GPRE,2023-08-07
GPRO,2023-08-07
GRCE,2023-08-07
GREE,2023-08-07
GRFS,2023-08-07
GRNQ,2023-08-07
GROW,2023-08-07
GRPN,2023-08-07
GRVY,2023-08-07
GRWG,2023-08-07
GRYP,2023-08-07
GSAT,2023-08-07
GSBC,2023-08-07
GSHD,2023-08-07
GSIT,2023-08-07
GSM,2023-08-07
GT,2023-08-07
GTBP,2023-08-07
GTEC,2023-08-07
GTIM,2023-08-07
GWAV,2023-08-07
GWRS,2023-08-07
GYRE,2023-08-07
HAFC,2023-08-07
HAIN,2023-08-07
HALO,2023-08-07
HAS,2023-08-07
HBAN,2023-08-07
HBCP,2023-08-07
HBIO,2023-08-07
HBNC,2023-08-07
HBT,2023-08-07
HCAT,2023-08-07
HCKT,2023-08-07
HCM,2023-08-07
HCSG,2023-08-07
HDSN,2023-08-07
HEES,2023-08-07
HELE,2023-08-07
HEPA,2023-08-07
HFFG,2023-08-07
HFWA,2023-08-07
HGBL,2023-08-07
HIFS,2023-08-07
HIMX,2023-08-07
HIVE,2023-08-07
HLIT,2023-08-07
HLNE,2023-08-07
HMST,2023-08-07
HNRG,2023-08-07
HOFT,2023-08-07
HOLX,2023-08-07
HON,2023-08-07
HONE,2023-08-07
HOOK,2023-08-07
HOPE,2023-08-07
HOTH,2023-08-07
HQY,2023-08-07
HROW,2023-08-07
HRTX,2023-08-07
HRZN,2023-08-07
HSDT,2023-08-07
HSIC,2023-08-07
HSII,2023-08-07
HST,2023-08-07
HSTM,2023-08-07
HTBK,2023-08-07
HTHT,2023-08-07
HTLD,2023-08-07
HUBG,2023-08-07
HURA,2023-08-07
HURC,2023-08-07
HURN,2023-08-07
HUT,2023-08-07
HWC,2023-08-07
HWKN,2023-08-07
IAC,2023-08-07
IART,2023-08-07
IBCP,2023-08-07
IBIO,2023-08-07
IBKR,2023-08-07
IBOC,2023-08-07
IBRX,2023-08-07
ICAD,2023-08-07
ICCC,2023-08-07
ICFI,2023-08-07
ICHR,2023-08-07
ICLR,2023-08-07
ICMB,2023-08-07
ICUI,2023-08-07
IDCC,2023-08-07
IDN,2023-08-07
IDXX,2023-08-07
IDYA,2023-08-07
IEP,2023-08-07
IESC,2023-08-07
IFRX,2023-08-07
IGMS,2023-08-07
IHRT,2023-08-07
III,2023-08-07
IIIV,2023-08-07
ILMN,2023-08-07
ILPT,2023-08-07
IMAB,2023-08-07
IMKTA,2023-08-07
IMMR,2023-08-07
IMNN,2023-08-07
IMOS,2023-08-07
IMUX,2023-08-07
IMVT,2023-08-07
IMXI,2023-08-07
INBK,2023-08-07
INCY,2023-08-07
INDB,2023-08-07
INDP,2023-08-07
INGN,2023-08-07
INM,2023-08-07
INMB,2023-08-07
INMD,2023-08-07
INO,2023-08-07
INOD,2023-08-07
INSE,2023-08-07
INSG,2023-08-07
INSM,2023-08-07
INTC,2023-08-07
INTU,2023-08-07
INTZ,2023-08-07
INVA,2023-08-07
INVE,2023-08-07
IONS,2023-08-07
IOSP,2023-08-07
IOVA,2023-08-07
IPAR,2023-08-07
IPGP,2023-08-07
IPWR,2023-08-07
IQ,2023-08-07
IRBT,2023-08-07
IRD,2023-08-07
IRDM,2023-08-07
IRMD,2023-08-07
IRTC,2023-08-07
IRWD,2023-08-07
ISRG,2023-08-07
ISSC,2023-08-07
ISTR,2023-08-07
ITCI,2023-08-07
ITIC,2023-08-07
ITRI,2023-08-07
ITRM,2023-08-07
ITRN,2023-08-07
IVAC,2023-08-07
IZEA,2023-08-07
JACK,2023-08-07
JAGX,2023-08-07
JAKK,2023-08-07
JAZZ,2023-08-07
JBHT,2023-08-07
JBLU,2023-08-07
JBSS,2023-08-07
JD,2023-08-07
JFIN,2023-08-07
JG,2023-08-07
JJSF,2023-08-07
JOUT,2023-08-07
JRVR,2023-08-07
JSM,2023-08-07
JVA,2023-08-07
JXG,2023-08-07
JYNT,2023-08-07
KALA,2023-08-07
KALU,2023-08-07
KALV,2023-08-07
KDP,2023-08-07
KE,2023-08-07
KELYA,2023-08-07
KIRK,2023-08-07
KLAC,2023-08-07
KLIC,2023-08-07
KLXE,2023-08-07
KMDA,2023-08-07
KNDI,2023-08-07
KNSA,2023-08-07
KOD,2023-08-07
KOPN,2023-08-07
KPRX,2023-08-07
KPTI,2023-08-07
KRMD,2023-08-07
KRNT,2023-08-07
KRNY,2023-08-07
KRRO,2023-08-07
KRUS,2023-08-07
KRYS,2023-08-07
KTCC,2023-08-07
KTOS,2023-08-07
KURA,2023-08-07
KVHI,2023-08-07
KXIN,2023-08-07
KZR,2023-08-07
LAB,2023-08-07
LAKE,2023-08-07
LAMR,2023-08-07
LANC,2023-08-07
LAND,2023-08-07
LASR,2023-08-07
LAUR,2023-08-07
LBRDA,2023-08-07
LBRDK,2023-08-07
LBTYA,2023-08-07
LBTYK,2023-08-07
LCNB,2023-08-07
LCUT,2023-08-07
LE,2023-08-07
LECO,2023-08-07
LEDS,2023-08-07
LEE,2023-08-07
LEGH,2023-08-07
LFCR,2023-08-07
LFMD,2023-08-07
LFUS,2023-08-07
LFVN,2023-08-07
LFWD,2023-08-07
LGIH,2023-08-07
LGMK,2023-08-07
LGND,2023-08-07
LGO,2023-08-07
LGTY,2023-08-07
LILA,2023-08-07
LILAK,2023-08-07
LIN,2023-08-07
LINC,2023-08-07
LIND,2023-08-07
LITE,2023-08-07
LIVN,2023-08-07
LKCO,2023-08-07
LKFN,2023-08-07
LKQ,2023-08-07
LMAT,2023-08-07
LMFA,2023-08-07
LMNR,2023-08-07
LNT,2023-08-07
LNTH,2023-08-07
LNW,2023-08-07
LOAN,2023-08-07
LOCO,2023-08-07
LOGI,2023-08-07
LOOP,2023-08-07
LOPE,2023-08-07
LOVE,2023-08-07
LPCN,2023-08-07
LPLA,2023-08-07
LPRO,2023-08-07
LPSN,2023-08-07
LPTH,2023-08-07
LPTX,2023-08-07
LQDA,2023-08-07
LQDT,2023-08-07
LRCX,2023-08-07
LRMR,2023-08-07
LSAK,2023-08-07
LSCC,2023-08-07
LSTR,2023-08-07
LTBR,2023-08-07
LTRX,2023-08-07
LULU,2023-08-07
LVO,2023-08-07
LWAY,2023-08-07
LWLG,2023-08-07
LX,2023-08-07
LYFT,2023-08-07
LYTS,2023-08-07
MANH,2023-08-07
MAR,2023-08-07
MARA,2023-08-07
MASI,2023-08-07
MAT,2023-08-07
MATW,2023-08-07
MBIN,2023-08-07
MBIO,2023-08-07
MBOT,2023-08-07
MBUU,2023-08-07
MBWM,2023-08-07
MCBS,2023-08-07
MCFT,2023-08-07
MCHP,2023-08-07
MCHX,2023-08-07
MCRB,2023-08-07
MCRI,2023-08-07
MDB,2023-08-07
MDGL,2023-08-07
MDLZ,2023-08-07
MDWD,2023-08-07
MDXG,2023-08-07
MEDP,2023-08-07
MEIP,2023-08-07
MELI,2023-08-07
MEOH,2023-08-07
MERC,2023-08-07
MESA,2023-08-07
META,2023-08-07
METC,2023-08-07
MFIC,2023-08-07
MFIN,2023-08-07
MGEE,2023-08-07
MGIC,2023-08-07
MGNI,2023-08-07
MGNX,2023-08-07
MGPI,2023-08-07
MGRC,2023-08-07
MGTX,2023-08-07
MHLD,2023-08-07
MIDD,2023-08-07
MIRM,2023-08-07
MIST,2023-08-07
MITK,2023-08-07
MKSI,2023-08-07
MKTX,2023-08-07
MLAB,2023-08-07
MLCO,2023-08-07
MLKN,2023-08-07
MMLP,2023-08-07
MMSI,2023-08-07
MMYT,2023-08-07
MNDO,2023-08-07
MNKD,2023-08-07
MNMD,2023-08-07
MNOV,2023-08-07
MNRO,2023-08-07
MNST,2023-08-07
MODV,2023-08-07
MOFG,2023-08-07
MOGO,2023-08-07
MOMO,2023-08-07
MORN,2023-08-07
MPAA,2023-08-07
MPB,2023-08-07
MPWR,2023-08-07
MRAM,2023-08-07
MRCC,2023-08-07
MRCY,2023-08-07
MREO,2023-08-07
MRIN,2023-08-07
MRKR,2023-08-07
MRNA,2023-08-07
MRSN,2023-08-07
MRTN,2023-08-07
MRUS,2023-08-07
MRVL,2023-08-07
MSBI,2023-08-07
MSEX,2023-08-07
MSFT,2023-08-07
MSTR,2023-08-07
MTC,2023-08-07
MTCH,2023-08-07
MTLS,2023-08-07
MTRX,2023-08-07
MTSI,2023-08-07
MTVA,2023-08-07
MU,2023-08-07
MVBF,2023-08-07
MVIS,2023-08-07
MXL,2023-08-07
MYGN,2023-08-07
MYRG,2023-08-07
MYSZ,2023-08-07
NAAS,2023-08-07
NATH,2023-08-07
NATR,2023-08-07
NAVI,2023-08-07
NBIX,2023-08-07
NBN,2023-08-07
NBTB,2023-08-07
NCMI,2023-08-07
NCNA,2023-08-07
NCTY,2023-08-07
NDAQ,2023-08-07
NDLS,2023-08-07
NDSN,2023-08-07
NEGG,2023-08-07
NEO,2023-08-07
NEOG,2023-08-07
NEON,2023-08-07
NERV,2023-08-07
NEWT,2023-08-07
NEXT,2023-08-07
NFBK,2023-08-07
NFE,2023-08-07
NFLX,2023-08-07
NGNE,2023-08-07
NHTC,2023-08-07
NICE,2023-08-07
NIU,2023-08-07
NKTR,2023-08-07
NMFC,2023-08-07
NMIH,2023-08-07
NMRK,2023-08-07
NNBR,2023-08-07
NNDM,2023-08-07
NODK,2023-08-07
NOTV,2023-08-07
NOVT,2023-08-07
NRC,2023-08-07
NRIM,2023-08-07
NSIT,2023-08-07
NSPR,2023-08-07
NSSC,2023-08-07
NTAP,2023-08-07
NTCT,2023-08-07
NTES,2023-08-07
NTGR,2023-08-07
NTLA,2023-08-07
NTNX,2023-08-07
NTRA,2023-08-07
NTRS,2023-08-07
NTRSO,2023-08-07
NURO,2023-08-07
NUWE,2023-08-07
NVAX,2023-08-07
NVCR,2023-08-07
NVDA,2023-08-07
NVEC,2023-08-07
NVEE,2023-08-07
NVMI,2023-08-07
NVNO,2023-08-07
NWBI,2023-08-07
NWE,2023-08-07
NWL,2023-08-07
NWPX,2023-08-07
NWS,2023-08-07
NWSA,2023-08-07
NXPI,2023-08-07
NXST,2023-08-07
NXTC,2023-08-07
NYMT,2023-08-07
NYMTM,2023-08-07
NYMTN,2023-08-07
OBLG,2023-08-07
OCCI,2023-08-07
OCFC,2023-08-07
OCGN,2023-08-07
OCSL,2023-08-07
OCUL,2023-08-07
OCX,2023-08-07
ODFL,2023-08-07
ODP,2023-08-07
OESX,2023-08-07
OFIX,2023-08-07
OFLX,2023-08-07
OFS,2023-08-07
OGI,2023-08-07
OKTA,2023-08-07
OLED,2023-08-07
OLLI,2023-08-07
OMAB,2023-08-07
OMCL,2023-08-07
OMER,2023-08-07
OMEX,2023-08-07
ON,2023-08-07
ONB,2023-08-07
ONC,2023-08-07
ONCY,2023-08-07
ONEW,2023-08-07
ONVO,2023-08-07
OPBK,2023-08-07
OPCH,2023-08-07
OPI,2023-08-07
OPK,2023-08-07
OPRA,2023-08-07
OPRT,2023-08-07
OPRX,2023-08-07
OPTN,2023-08-07
ORGO,2023-08-07
ORKA,2023-08-07
ORLY,2023-08-07
ORMP,2023-08-07
ORRF,2023-08-07
OSBC,2023-08-07
OSIS,2023-08-07
OSPN,2023-08-07
OSS,2023-08-07
OSUR,2023-08-07
OSW,2023-08-07
OTEX,2023-08-07
OTLK,2023-08-07
OTRK,2023-08-07
OTTR,2023-08-07
OVID,2023-08-07
OXLC,2023-08-07
OXSQ,2023-08-07
OZK,2023-08-07
PAA,2023-08-07
PACB,2023-08-07
PAGP,2023-08-07
PAHC,2023-08-07
PALI,2023-08-07
PAMT,2023-08-07
PANL,2023-08-07
PANW,2023-08-07
PARA,2023-08-07
PARAA,2023-08-07
PASG,2023-08-07
PATK,2023-08-07
PAVM,2023-08-07
PAYS,2023-08-07
PAYX,2023-08-07
PBFS,2023-08-07
PBPB,2023-08-07
PBYI,2023-08-07
PCAR,2023-08-07
PCB,2023-08-07
PCH,2023-08-07
PCRX,2023-08-07
PCTY,2023-08-07
PCYO,2023-08-07
PDCO,2023-08-07
PDD,2023-08-07
PDFS,2023-08-07
PDLB,2023-08-07
PDSB,2023-08-07
PEBO,2023-08-07
PEGA,2023-08-07
PENG,2023-08-07
PENN,2023-08-07
PEP,2023-08-07
PERI,2023-08-07
PETS,2023-08-07
PFBC,2023-08-07
PFG,2023-08-07
PFIS,2023-08-07
PGC,2023-08-07
PGEN,2023-08-07
PGNY,2023-08-07
PHAT,2023-08-07
PHIO,2023-08-07
PHLT,2023-08-07
PHUN,2023-08-07
PI,2023-08-07
PINC,2023-08-07
PKBK,2023-08-07
PKOH,2023-08-07
PLAB,2023-08-07
PLAY,2023-08-07
PLCE,2023-08-07
PLMR,2023-08-07
PLPC,2023-08-07
PLSE,2023-08-07
PLUG,2023-08-07
PLUS,2023-08-07
PLXS,2023-08-07
PLYA,2023-08-07
PMCB,2023-08-07
PNFP,2023-08-07
PNTG,2023-08-07
POAI,2023-08-07
PODD,2023-08-07
POET,2023-08-07
POLA,2023-08-07
POOL,2023-08-07
POWI,2023-08-07
POWL,2023-08-07
POWW,2023-08-07
PPBI,2023-08-07
PPBT,2023-08-07
PPC,2023-08-07
PRAA,2023-08-07
PRDO,2023-08-07
PRGS,2023-08-07
PROF,2023-08-07
PRPL,2023-08-07
PRQR,2023-08-07
PRSO,2023-08-07
PRTA,2023-08-07
PRTH,2023-08-07
PRTS,2023-08-07
PSEC,2023-08-07
PSHG,2023-08-07
PSMT,2023-08-07
PSNL,2023-08-07
PSTV,2023-08-07
PTC,2023-08-07
PTCT,2023-08-07
PTEN,2023-08-07
PTGX,2023-08-07
PTMN,2023-08-07
PTON,2023-08-07
PULM,2023-08-07
PVBC,2023-08-07
PVLA,2023-08-07
PWOD,2023-08-07
PXLW,2023-08-07
PXS,2023-08-07
PYPL,2023-08-07
PZZA,2023-08-07
QCOM,2023-08-07
QCRH,2023-08-07
QDEL,2023-08-07
QFIN,2023-08-07
QLGN,2023-08-07
QLYS,2023-08-07
QMCO,2023-08-07
QNCX,2023-08-07
QNRX,2023-08-07
QNST,2023-08-07
QNTM,2023-08-07
QQQX,2023-08-07
QRHC,2023-08-07
QRVO,2023-08-07
QTRX,2023-08-07
QTTB,2023-08-07
QUBT,2023-08-07
QUIK,2023-08-07
QURE,2023-08-07
QVCGA,2023-08-07
RAIL,2023-08-07
RAPT,2023-08-07
RARE,2023-08-07
RAVE,2023-08-07
RBB,2023-08-07
RBBN,2023-08-07
RBCAA,2023-08-07
RCEL,2023-08-07
RCKT,2023-08-07
RCKY,2023-08-07
RCMT,2023-08-07
RDFN,2023-08-07
RDHL,2023-08-07
RDI,2023-08-07
RDNT,2023-08-07
RDUS,2023-08-07
RDVT,2023-08-07
RDWR,2023-08-07
REAL,2023-08-07
REFR,2023-08-07
REG,2023-08-07
REGN,2023-08-07
REKR,2023-08-07
RELL,2023-08-07
REPL,2023-08-07
REYN,2023-08-07
RGCO,2023-08-07
RGEN,2023-08-07
RGLD,2023-08-07
RGLS,2023-08-07
RGNX,2023-08-07
RGP,2023-08-07
RGS,2023-08-07
RICK,2023-08-07
RIGL,2023-08-07
RILY,2023-08-07
RILYN,2023-08-07
RIOT,2023-08-07
RKDA,2023-08-07
RLMD,2023-08-07
RMBL,2023-08-07
RMBS,2023-08-07
RMCF,2023-08-07
RMNI,2023-08-07
RMR,2023-08-07
RMTI,2023-08-07
RNAC,2023-08-07
RNTX,2023-08-07
ROAD,2023-08-07
ROCK,2023-08-07
ROKU,2023-08-07
ROP,2023-08-07
ROST,2023-08-07
RPAY,2023-08-07
RPD,2023-08-07
RRBI,2023-08-07
RRGB,2023-08-07
RRR,2023-08-07
RSLS,2023-08-07
RUN,2023-08-07
RUSHA,2023-08-07
RUSHB,2023-08-07
RVMD,2023-08-07
RVSB,2023-08-07
RVYL,2023-08-07
RYAAY,2023-08-07
RYTM,2023-08-07
SABR,2023-08-07
SAFT,2023-08-07
SAGE,2023-08-07
SAIA,2023-08-07
SAIC,2023-08-07
SAMG,2023-08-07
SANM,2023-08-07
SANW,2023-08-07
SASR,2023-08-07
SATS,2023-08-07
SAVA,2023-08-07
SBAC,2023-08-07
SBCF,2023-08-07
SBGI,2023-08-07
SBLK,2023-08-07
SBRA,2023-08-07
SBT,2023-08-07
SBUX,2023-08-07
SCHL,2023-08-07
SCOR,2023-08-07
SCPH,2023-08-07
SCSC,2023-08-07
SCVL,2023-08-07
SCYX,2023-08-07
SDGR,2023-08-07
SDOT,2023-08-07
SEDG,2023-08-07
SEED,2023-08-07
SEIC,2023-08-07
SELF,2023-08-07
SENEA,2023-08-07
SEVN,2023-08-07
SFIX,2023-08-07
SFM,2023-08-07
SFNC,2023-08-07
SFST,2023-08-07
SGBX,2023-08-07
SGC,2023-08-07
SGLY,2023-08-07
SGMO,2023-08-07
SGRY,2023-08-07
SHBI,2023-08-07
SHEN,2023-08-07
SHIP,2023-08-07
SHOO,2023-08-07
SHYF,2023-08-07
SIBN,2023-08-07
SIEB,2023-08-07
SIFY,2023-08-07
SIGA,2023-08-07
SIGI,2023-08-07
SILC,2023-08-07
SIMO,2023-08-07
SINT,2023-08-07
SIRI,2023-08-07
SITM,2023-08-07
SKYE,2023-08-07
SKYW,2023-08-07
SLAB,2023-08-07
SLDB,2023-08-07
SLE,2023-08-07
SLM,2023-08-07
SLNO,2023-08-07
SLP,2023-08-07
SLRC,2023-08-07
SLRX,2023-08-07
SLS,2023-08-07
SMBC,2023-08-07
SMCI,2023-08-07
SMLR,2023-08-07
SMSI,2023-08-07
SMTC,2023-08-07
SNBR,2023-08-07
SNCR,2023-08-07
SND,2023-08-07
SNDL,2023-08-07
SNDX,2023-08-07
SNES,2023-08-07
SNEX,2023-08-07
SNFCA,2023-08-07
SNGX,2023-08-07
SNOA,2023-08-07
SNPS,2023-08-07
SNT,2023-08-07
SNY,2023-08-07
SOGP,2023-08-07
SOHO,2023-08-07
SOHU,2023-08-07
SONM,2023-08-07
SONN,2023-08-07
SONO,2023-08-07
SPCB,2023-08-07
SPFI,2023-08-07
SPNS,2023-08-07
SPOK,2023-08-07
SPRO,2023-08-07
SPSC,2023-08-07
SPT,2023-08-07
SPTN,2023-08-07
SPWH,2023-08-07
SRCE,2023-08-07
SRDX,2023-08-07
SRRK,2023-08-07
SRTS,2023-08-07
SSNC,2023-08-07
SSP,2023-08-07
SSRM,2023-08-07
SSSS,2023-08-07
SSTI,2023-08-07
SSYS,2023-08-07
STAA,2023-08-07
STBA,2023-08-07
STGW,2023-08-07
STIM,2023-08-07
STKL,2023-08-07
STKS,2023-08-07
STLD,2023-08-07
STNE,2023-08-07
STOK,2023-08-07
STRA,2023-08-07
STRL,2023-08-07
STRM,2023-08-07
STRO,2023-08-07
STRR,2023-08-07
STRS,2023-08-07
STX,2023-08-07
SUPN,2023-08-07
SURG,2023-08-07
SVC,2023-08-07
SVRA,2023-08-07
SWBI,2023-08-07
SWKS,2023-08-07
SWTX,2023-08-07
SXTC,2023-08-07
SY,2023-08-07
SYBT,2023-08-07
SYBX,2023-08-07
SYNA,2023-08-07
SYPR,2023-08-07
SYRE,2023-08-07
SYRS,2023-08-07
TACT,2023-08-07
TAIT,2023-08-07
TANH,2023-08-07
TAOP,2023-08-07
TARA,2023-08-07
TBBK,2023-08-07
TBCH,2023-08-07
TBNK,2023-08-07
TBPH,2023-08-07
TBRG,2023-08-07
TCBI,2023-08-07
TCBK,2023-08-07
TCMD,2023-08-07
TCOM,2023-08-07
TCPC,2023-08-07
TCRT,2023-08-07
TCX,2023-08-07
TEAM,2023-08-07
TECH,2023-08-07
TENB,2023-08-07
TENX,2023-08-07
TER,2023-08-07
TFIN,2023-08-07
TFSL,2023-08-07
TGTX,2023-08-07
TH,2023-08-07
THFF,2023-08-07
THRM,2023-08-07
THTX,2023-08-07
TIGO,2023-08-07
TIGR,2023-08-07
TILE,2023-08-07
TIPT,2023-08-07
TITN,2023-08-07
TLPH,2023-08-07
TLRY,2023-08-07
TLSA,2023-08-07
TMUS,2023-08-07
TNDM,2023-08-07
TNFA,2023-08-07
TNXP,2023-08-07
TOMZ,2023-08-07
TOUR,2023-08-07
TOWN,2023-08-07
TPIC,2023-08-07
TPST,2023-08-07
TRAW,2023-08-07
TREE,2023-08-07
TRI,2023-08-07
TRIB,2023-08-07
TRIP,2023-08-07
TRMB,2023-08-07
TRMK,2023-08-07
TRNS,2023-08-07
TROW,2023-08-07
TRS,2023-08-07
TRST,2023-08-07
TRUE,2023-08-07
TRUP,2023-08-07
TRVG,2023-08-07
TRVI,2023-08-07
TSAT,2023-08-07
TSBK,2023-08-07
TSCO,2023-08-07
TSEM,2023-08-07
TSLA,2023-08-07
TTD,2023-08-07
TTEC,2023-08-07
TTEK,2023-08-07
TTGT,2023-08-07
TTMI,2023-08-07
TTSH,2023-08-07
TTWO,2023-08-07
TUSK,2023-08-07
TVTX,2023-08-07
TW,2023-08-07
TWIN,2023-08-07
TWST,2023-08-07
TXG,2023-08-07
TXMD,2023-08-07
TXN,2023-08-07
TXRH,2023-08-07
TZOO,2023-08-07
UAL,2023-08-07
UBFO,2023-08-07
UBSI,2023-08-07
UBX,2023-08-07
UCTT,2023-08-07
UEIC,2023-08-07
UFCS,2023-08-07
UFPI,2023-08-07
UFPT,2023-08-07
ULBI,2023-08-07
ULH,2023-08-07
ULTA,2023-08-07
UMBF,2023-08-07
UNIT,2023-08-07
UNTY,2023-08-07
UONE,2023-08-07
UONEK,2023-08-07
UPBD,2023-08-07
UPLD,2023-08-07
UPWK,2023-08-07
URBN,2023-08-07
URGN,2023-08-07
USAU,2023-08-07
USEG,2023-08-07
USIO,2023-08-07
USLM,2023-08-07
UTHR,2023-08-07
UTMD,2023-08-07
UVSP,2023-08-07
UXIN,2023-08-07
VANI,2023-08-07
VBTX,2023-08-07
VC,2023-08-07
VCEL,2023-08-07
VCTR,2023-08-07
VCYT,2023-08-07
VECO,2023-08-07
VEON,2023-08-07
VERB,2023-08-07
VERI,2023-08-07
VERU,2023-08-07
VFF,2023-08-07
VIAV,2023-08-07
VICR,2023-08-07
VIOT,2023-08-07
VIR,2023-08-07
VIRT,2023-08-07
VKTX,2023-08-07
VLGEA,2023-08-07
VLY,2023-08-07
VLYPP,2023-08-07
VMD,2023-08-07
VNDA,2023-08-07
VNET,2023-08-07
VNOM,2023-08-07
VOD,2023-08-07
VOXX,2023-08-07
VRA,2023-08-07
VRCA,2023-08-07
VRDN,2023-08-07
VREX,2023-08-07
VRME,2023-08-07
VRNA,2023-08-07
VRNS,2023-08-07
VRNT,2023-08-07
VRRM,2023-08-07
VRSK,2023-08-07
VRSN,2023-08-07
VRTX,2023-08-07
VSAT,2023-08-07
VSEC,2023-08-07
VSTM,2023-08-07
VTGN,2023-08-07
VTRS,2023-08-07
VTSI,2023-08-07
VUZI,2023-08-07
VVPR,2023-08-07
VXRT,2023-08-07
VYGR,2023-08-07
VYNE,2023-08-07
WABC,2023-08-07
WAFD,2023-08-07
WASH,2023-08-07
WATT,2023-08-07
WB,2023-08-07
WBA,2023-08-07
WBD,2023-08-07
WDAY,2023-08-07
WDC,2023-08-07
WDFC,2023-08-07
WEN,2023-08-07
WERN,2023-08-07
WEYS,2023-08-07
WHF,2023-08-07
WINA,2023-08-07
WING,2023-08-07
WIX,2023-08-07
WKHS,2023-08-07
WKSP,2023-08-07
WLDN,2023-08-07
WLFC,2023-08-07
WNEB,2023-08-07
WPRT,2023-08-07
WRAP,2023-08-07
WRLD,2023-08-07
WSBC,2023-08-07
WSBF,2023-08-07
WSC,2023-08-07
WSFS,2023-08-07
WTBA,2023-08-07
WTFC,2023-08-07
WTFCM,2023-08-07
WTW,2023-08-07
WVE,2023-08-07
WW,2023-08-07
WWD,2023-08-07
WYNN,2023-08-07
XAIR,2023-08-07
XBIT,2023-08-07
XCUR,2023-08-07
XEL,2023-08-07
XENE,2023-08-07
XERS,2023-08-07
XFOR,2023-08-07
XGN,2023-08-07
XNCR,2023-08-07
XNET,2023-08-07
XOMA,2023-08-07
XP,2023-08-07
XPEL,2023-08-07
XRAY,2023-08-07
XRX,2023-08-07
XTKG,2023-08-07
XWEL,2023-08-07
XXII,2023-08-07
YI,2023-08-07
YMAB,2023-08-07
YORW,2023-08-07
YTRA,2023-08-07
YY,2023-08-07
Z,2023-08-07
ZBRA,2023-08-07
ZD,2023-08-07
ZEUS,2023-08-07
ZG,2023-08-07
ZION,2023-08-07
ZKIN,2023-08-07
ZLAB,2023-08-07
ZM,2023-08-07
ZS,2023-08-07
ZUMZ,2023-08-07
ZYME,2023-08-07
ZYXI,2023-08-07
