,AAL,AAON,ACB,ACGL,ACGLO,ACIW,ADBE,ADSK,AEP,AGIO,ALEC,ALNY,ALTR,AMBA,AMCX,AMKR,AMRX,ANSS,APPN,APTO,ARCT,ARWR,ASND,ASTH,ATSG,AVTX,BCPC,BEAM,BILI,BJRI,BLUE,BPOP,BRKL,BWIN,BZUN,CARG,CBRL,CBSH,CBUS,CENTA,CERS,CFFN,CHCO,CHEF,CHRD,CINF,CLLS,CMCO,CMCSA,COLL,COMM,COOP,CPB,CRON,CROX,CRUS,CRWD,CTAS,CYBR,CYTK,DGII,DIOD,DOMO,DPZ,DSGR,DXCM,ERIE,ESTA,EXEL,FAST,FCEL,FCFS,FHB,FITBI,FSV,FTDR,FUTU,GLDD,GLPG,GLPI,GOGO,GOSS,GSAT,GYRE,HALO,HAS,HLIT,HLNE,HSDT,HSIC,HTHT,ICHR,IDYA,IMVT,INDB,INSM,IONS,IOSP,ITRI,JBHT,JBLU,JSM,KLIC,KOD,KURA,LAB,LASR,LIN,LKQ,LNT,MBUU,MCRI,MDGL,MEDP,MGNI,MGPI,MGRC,MKTX,MRNA,MRTN,MSEX,MSFT,MU,NAVI,NBTB,NEO,NEOG,NGNE,NSSC,NTAP,NTES,NTLA,NTRS,NYMTN,OBLG,OCFC,ON,ONC,OPI,OSIS,OSW,PALI,PANW,PCAR,PCRX,PCTY,PEBO,PLAB,PLAY,PLMR,PLSE,PLUS,PRTA,PSEC,PSNL,PTCT,PTON,QNST,QRVO,QTTB,RARE,RBCAA,RGNX,SAIC,SGMO,SINT,SNPS,SPSC,SPTN,SSYS,STNE,TBBK,TCPC,TENB,TGTX,TREE,TRUP,TTWO,TW,TXG,UBSI,UCTT,UFPT,UMBF,UPBD,URBN,VBTX,VCTR,VEON,VNET,VRSK,VSEC,WABC,WTFCM,WVE,WW,WWD,XEL,ZD,ZYME
AAL,0.0,0.107,0.619,0.621,0.505,0.39,-0.494,0.141,0.68,0.221,-0.483,-0.334,-0.276,0.069,-0.126,0.014,-0.307,0.324,-0.378,-0.052,-0.565,0.299,-0.393,-0.201,-0.356,0.631,0.726,-0.454,-0.3,0.213,-0.025,0.456,0.813,-0.205,0.826,-0.416,0.66,0.568,0.091,-0.427,0.457,0.774,0.698,0.358,0.001,0.654,-0.541,0.511,0.766,-0.165,0.441,-0.045,-0.579,0.685,0.453,0.411,-0.69,0.126,-0.349,-0.52,0.169,0.624,-0.404,-0.577,-0.091,-0.654,0.48,-0.176,-0.371,-0.458,-0.075,0.571,0.649,-0.15,0.532,-0.535,-0.536,-0.061,-0.343,0.323,0.457,-0.521,0.501,-0.406,-0.509,0.727,0.49,-0.244,-0.499,0.515,0.106,0.593,-0.51,-0.554,0.778,-0.63,0.134,0.503,0.699,0.628,0.832,-0.294,0.812,-0.134,-0.226,-0.728,-0.562,0.621,-0.087,0.716,-0.362,0.112,-0.574,0.322,0.407,0.411,0.629,-0.562,-0.621,-0.51,-0.113,-0.419,0.23,0.535,0.728,0.421,0.161,-0.322,-0.436,0.181,-0.161,-0.334,0.851,0.04,-0.104,0.388,0.116,0.263,0.698,0.653,-0.346,-0.029,-0.567,0.298,-0.376,-0.317,0.599,0.244,0.846,0.212,-0.263,0.159,-0.107,0.165,-0.373,0.61,-0.685,-0.051,-0.352,0.069,-0.404,0.661,-0.196,0.286,-0.633,-0.691,-0.225,-0.476,-0.074,0.421,0.092,0.232,0.038,-0.512,-0.741,-0.217,0.805,-0.751,-0.554,-0.271,0.448,-0.011,-0.121,0.572,-0.401,0.746,0.108,0.158,0.852,-0.444,-0.406,-0.133,0.697,0.489,-0.228,-0.09,0.33,0.734,0.319,0.252
AAON,0.107,0.0,0.119,0.259,0.054,0.416,0.486,0.751,-0.033,0.048,0.415,0.327,0.548,0.744,0.28,0.6,0.29,0.46,0.581,0.167,0.234,0.267,0.433,0.512,0.598,0.03,0.148,0.154,-0.039,0.379,0.669,0.451,0.197,0.305,0.381,0.398,0.474,0.411,0.595,0.421,0.448,0.117,0.351,0.33,0.365,-0.131,0.214,0.548,0.258,0.424,0.778,0.434,-0.004,0.134,0.46,0.61,0.399,0.489,0.574,0.147,0.672,0.59,0.43,-0.11,0.526,0.35,0.278,0.688,0.365,0.568,0.587,0.369,0.288,0.496,0.484,0.45,0.175,0.469,0.415,0.633,-0.084,0.494,0.415,0.484,0.369,0.173,-0.103,0.548,0.046,0.616,0.224,0.519,0.37,0.323,0.209,0.246,0.336,0.616,0.222,0.575,0.257,0.407,0.436,0.527,0.279,0.132,0.4,0.589,0.439,0.054,0.515,0.582,0.134,0.468,0.458,0.353,0.387,0.271,0.122,0.483,0.55,0.41,0.682,0.635,0.316,0.519,0.655,0.113,0.386,0.815,0.365,0.144,0.319,0.391,0.342,0.378,0.674,0.322,0.342,0.452,0.275,0.059,0.404,0.618,0.633,0.377,0.274,0.736,0.25,0.245,0.386,0.562,-0.139,0.399,0.474,0.179,0.263,0.473,0.521,0.051,0.466,0.279,0.516,0.774,0.143,0.169,0.682,0.448,0.358,0.571,0.543,0.299,0.469,0.413,0.268,0.326,0.415,0.144,0.382,0.359,0.32,0.426,0.571,0.293,0.4,0.357,0.41,0.63,0.122,0.423,0.493,0.318,0.193,0.115,0.075,0.387,0.56,0.048,0.651,0.067
ACB,0.619,0.119,0.0,0.461,0.481,0.545,-0.496,0.144,0.753,-0.096,-0.576,-0.082,-0.351,-0.075,-0.608,0.047,-0.724,0.465,-0.389,-0.306,-0.535,0.371,-0.431,-0.231,-0.245,0.538,0.709,-0.809,-0.588,0.167,0.053,0.492,0.756,-0.106,0.744,-0.24,0.54,0.572,0.384,-0.651,0.42,0.867,0.818,-0.113,0.243,0.673,-0.63,0.535,0.679,-0.529,0.579,-0.014,-0.812,0.912,0.335,0.42,-0.594,0.089,-0.361,-0.864,0.063,0.698,-0.462,-0.684,-0.062,-0.728,0.767,-0.11,-0.154,-0.576,0.178,0.302,0.872,-0.246,0.663,-0.579,-0.876,-0.051,-0.405,0.013,-0.232,-0.528,0.592,-0.373,-0.289,0.8,0.574,-0.217,-0.699,0.406,-0.072,0.548,-0.674,-0.694,0.871,-0.471,0.402,0.469,0.711,0.49,0.451,-0.274,0.626,-0.3,-0.389,-0.79,-0.76,0.432,-0.066,0.697,-0.446,0.085,-0.839,0.163,0.542,0.391,0.702,-0.718,-0.855,-0.34,-0.164,-0.461,0.081,0.421,0.878,0.411,-0.026,-0.392,-0.39,0.045,-0.536,-0.618,0.749,0.215,-0.36,0.628,0.173,-0.094,0.834,0.623,-0.275,-0.225,-0.759,0.431,-0.324,-0.386,0.611,0.132,0.748,0.089,-0.565,0.134,-0.004,-0.177,-0.42,0.723,-0.821,0.082,-0.383,-0.304,-0.093,0.712,0.176,0.412,-0.762,-0.704,-0.412,-0.464,-0.415,0.448,0.232,0.292,-0.183,-0.644,-0.77,-0.267,0.713,-0.728,-0.761,-0.256,0.59,-0.303,-0.288,0.622,-0.699,0.403,0.212,0.167,0.672,-0.406,-0.341,-0.393,0.928,0.731,-0.657,-0.279,0.137,0.837,0.444,0.619
ACGL,0.621,0.259,0.461,0.0,0.176,0.3,-0.178,0.14,0.581,0.265,-0.348,0.072,-0.212,0.019,-0.107,-0.072,-0.297,0.557,-0.104,0.375,-0.58,0.416,-0.101,-0.359,-0.293,0.687,0.665,-0.359,0.144,-0.011,0.384,0.058,0.533,0.061,0.611,-0.347,0.325,0.269,0.057,-0.296,-0.035,0.474,0.365,0.196,-0.382,0.62,-0.304,0.232,0.517,-0.15,0.336,-0.156,-0.308,0.499,0.416,0.21,-0.435,-0.183,-0.063,-0.382,0.078,0.402,-0.456,-0.256,-0.173,-0.387,0.44,-0.267,-0.477,-0.255,-0.265,0.701,0.321,-0.018,0.339,-0.409,-0.377,-0.187,-0.106,0.213,0.353,-0.309,0.11,-0.454,-0.642,0.665,0.605,-0.303,-0.551,0.441,-0.233,0.212,-0.406,-0.233,0.392,-0.602,-0.035,0.306,0.201,0.659,0.453,-0.561,0.588,0.064,-0.377,-0.513,-0.361,0.714,-0.27,0.718,-0.364,-0.133,-0.475,0.523,0.028,0.127,0.246,-0.4,-0.332,-0.261,-0.036,-0.086,0.171,0.478,0.432,0.501,0.58,0.36,-0.373,0.109,0.085,-0.247,0.659,-0.312,0.276,0.049,-0.073,0.317,0.445,0.458,-0.438,0.439,-0.296,0.258,-0.332,-0.316,0.231,0.125,0.328,0.549,-0.439,-0.057,0.147,-0.247,-0.425,0.262,-0.343,-0.151,-0.324,0.338,-0.239,0.243,-0.242,0.218,-0.568,-0.546,-0.052,-0.338,-0.159,0.288,0.132,0.016,-0.154,-0.427,-0.376,-0.476,0.746,-0.219,-0.313,-0.308,-0.001,-0.142,-0.073,0.145,-0.287,0.706,-0.221,0.092,0.439,-0.116,-0.098,-0.317,0.411,0.405,-0.417,-0.394,0.223,0.589,0.209,0.369
ACGLO,0.505,0.054,0.481,0.176,0.0,0.364,-0.298,0.15,0.398,0.005,-0.326,-0.045,-0.092,0.028,-0.171,0.169,-0.253,0.394,-0.296,-0.189,-0.151,0.187,-0.32,-0.037,-0.114,0.172,0.411,-0.351,-0.536,0.296,-0.048,0.519,0.446,-0.196,0.51,-0.105,0.521,0.448,0.31,-0.273,0.511,0.642,0.571,0.198,0.3,0.333,-0.506,0.465,0.445,-0.095,0.367,0.124,-0.439,0.545,0.143,0.361,-0.346,0.018,-0.104,-0.381,0.211,0.427,-0.197,-0.463,0.097,-0.433,0.406,-0.012,0.097,-0.34,0.197,0.134,0.616,0.026,0.408,-0.314,-0.559,0.133,-0.053,0.105,0.108,-0.167,0.52,-0.127,-0.058,0.453,0.267,-0.091,-0.137,0.337,0.151,0.446,-0.26,-0.266,0.687,-0.122,0.558,0.452,0.645,0.328,0.399,0.014,0.421,-0.124,-0.079,-0.425,-0.451,0.353,0.093,0.333,-0.172,0.181,-0.329,0.115,0.562,0.419,0.495,-0.382,-0.441,-0.189,-0.086,-0.295,0.094,0.258,0.579,0.056,-0.181,-0.502,-0.182,0.121,-0.389,-0.263,0.493,0.166,-0.172,0.537,0.159,-0.118,0.555,0.519,-0.04,-0.218,-0.473,0.276,-0.049,-0.156,0.569,0.199,0.577,-0.104,-0.101,0.201,0.168,0.105,-0.07,0.541,-0.54,0.152,-0.187,0.003,-0.014,0.619,0.214,0.249,-0.341,-0.388,-0.26,-0.253,0.216,0.439,0.143,0.418,0.061,-0.342,-0.528,0.061,0.432,-0.509,-0.41,0.027,0.591,-0.088,-0.091,0.576,-0.365,0.334,0.303,0.365,0.58,-0.414,-0.259,-0.004,0.633,0.598,-0.11,0.015,0.253,0.465,0.263,0.03
ACIW,0.39,0.416,0.545,0.3,0.364,0.0,0.234,0.672,0.279,-0.506,0.096,-0.208,0.445,0.369,0.08,0.638,-0.039,0.525,0.299,-0.514,0.212,-0.133,0.268,0.498,0.388,-0.088,0.145,-0.547,-0.549,0.811,0.248,0.819,0.267,0.451,0.523,0.464,0.709,0.899,0.541,0.112,0.532,0.572,0.689,0.476,0.433,-0.061,0.021,0.87,0.48,-0.285,0.754,0.615,-0.459,0.402,0.727,0.846,-0.059,0.644,0.288,-0.359,0.694,0.792,0.318,-0.576,0.644,-0.015,0.653,0.449,0.069,0.155,0.476,0.657,0.734,0.409,0.86,0.191,-0.295,0.671,0.242,0.627,-0.232,0.062,0.71,0.302,0.219,0.256,-0.164,0.552,0.0,0.783,0.631,0.792,0.056,-0.128,0.66,0.195,0.324,0.827,0.504,0.535,0.689,0.349,0.381,0.386,0.409,-0.119,-0.059,0.658,0.672,0.14,0.325,0.708,-0.385,-0.015,0.805,0.804,0.788,0.079,-0.393,0.406,0.563,0.291,0.693,0.836,0.757,0.108,0.037,-0.369,0.384,0.552,-0.316,-0.423,0.477,0.451,-0.072,0.783,0.718,-0.331,0.807,0.649,0.474,-0.381,-0.089,0.837,0.34,0.465,0.862,0.675,0.608,0.218,0.13,0.767,-0.062,0.249,0.254,0.288,-0.204,0.721,0.413,-0.391,-0.007,0.696,0.449,0.491,-0.231,0.01,0.26,0.331,0.06,0.839,0.817,0.849,0.488,0.119,-0.188,0.437,0.497,-0.466,-0.155,0.396,0.824,0.438,0.34,0.841,0.057,0.648,0.787,0.49,0.26,-0.458,0.416,0.149,0.565,0.266,-0.18,0.444,0.769,0.321,0.829,0.075
ADBE,-0.494,0.486,-0.496,-0.178,-0.298,0.234,0.0,0.635,-0.665,-0.353,0.764,0.23,0.862,0.539,0.574,0.644,0.666,0.207,0.939,0.046,0.798,-0.369,0.882,0.713,0.813,-0.632,-0.628,0.417,0.215,0.469,0.421,0.079,-0.656,0.593,-0.337,0.825,-0.073,0.125,0.335,0.8,-0.019,-0.542,-0.32,0.396,0.168,-0.785,0.698,0.156,-0.403,0.408,0.207,0.63,0.459,-0.597,0.28,0.338,0.779,0.409,0.86,0.586,0.541,0.018,0.835,0.356,0.679,0.905,-0.147,0.608,0.318,0.891,0.396,0.194,-0.308,0.724,0.051,0.899,0.698,0.639,0.863,0.497,-0.191,0.807,-0.069,0.792,0.602,-0.6,-0.636,0.78,0.652,0.259,0.468,0.069,0.824,0.822,-0.45,0.778,-0.066,0.206,-0.425,-0.068,-0.099,0.589,-0.359,0.799,0.696,0.792,0.85,0.09,0.665,-0.657,0.812,0.533,0.555,-0.084,0.135,0.215,-0.154,0.889,0.648,0.877,0.723,0.958,0.628,0.31,-0.284,-0.124,0.266,0.323,0.798,0.595,0.381,0.309,-0.435,0.276,0.348,0.074,0.534,-0.172,-0.19,-0.129,0.74,0.063,0.856,0.367,0.818,0.852,-0.049,0.52,-0.378,0.194,0.666,0.503,-0.041,0.285,0.753,-0.522,0.848,0.572,0.878,0.009,0.375,-0.3,0.431,0.155,0.633,0.837,0.882,0.914,0.42,0.301,0.578,0.343,0.618,0.873,0.835,0.651,-0.322,0.652,0.77,0.681,0.001,0.672,0.745,-0.052,0.809,-0.017,0.424,0.434,-0.583,0.339,0.874,0.356,-0.52,-0.454,0.334,0.579,0.469,-0.665,0.395,-0.412
ADSK,0.141,0.751,0.144,0.14,0.15,0.672,0.635,0.0,-0.083,-0.177,0.533,0.198,0.733,0.791,0.356,0.863,0.375,0.604,0.664,-0.116,0.429,0.051,0.587,0.687,0.671,-0.173,-0.009,0.045,-0.15,0.682,0.563,0.65,0.079,0.37,0.397,0.592,0.55,0.654,0.661,0.479,0.577,0.152,0.405,0.557,0.44,-0.278,0.32,0.685,0.238,0.318,0.753,0.668,-0.019,0.123,0.67,0.817,0.404,0.68,0.62,0.146,0.778,0.67,0.625,-0.114,0.684,0.412,0.354,0.724,0.352,0.588,0.692,0.503,0.397,0.605,0.624,0.54,0.185,0.685,0.568,0.744,-0.136,0.512,0.486,0.655,0.482,0.042,-0.259,0.723,0.227,0.748,0.596,0.69,0.45,0.319,0.292,0.427,0.371,0.713,0.277,0.475,0.436,0.572,0.375,0.764,0.506,0.209,0.393,0.572,0.707,-0.097,0.62,0.796,0.142,0.279,0.678,0.621,0.534,0.419,0.074,0.599,0.679,0.614,0.873,0.784,0.434,0.39,0.425,-0.048,0.552,0.885,0.241,0.115,0.287,0.543,0.165,0.599,0.825,0.052,0.459,0.448,0.538,-0.079,0.408,0.743,0.729,0.617,0.5,0.859,0.364,0.318,0.5,0.754,-0.082,0.533,0.605,0.2,0.257,0.676,0.692,-0.077,0.384,0.424,0.625,0.702,0.239,0.305,0.772,0.595,0.384,0.777,0.717,0.568,0.675,0.519,0.271,0.603,0.291,0.048,0.345,0.558,0.545,0.703,0.712,0.522,0.452,0.422,0.675,0.621,0.134,0.133,0.603,0.359,0.212,0.065,0.135,0.586,0.707,-0.017,0.804,-0.025
AEP,0.68,-0.033,0.753,0.581,0.398,0.279,-0.665,-0.083,0.0,0.247,-0.621,-0.086,-0.603,-0.248,-0.555,-0.203,-0.626,0.35,-0.601,-0.093,-0.746,0.485,-0.608,-0.482,-0.569,0.757,0.834,-0.591,-0.296,-0.134,-0.005,0.241,0.792,-0.232,0.728,-0.597,0.464,0.286,0.079,-0.731,0.177,0.819,0.706,-0.171,-0.09,0.845,-0.692,0.26,0.743,-0.418,0.273,-0.329,-0.597,0.842,0.116,0.169,-0.724,-0.139,-0.592,-0.703,-0.181,0.436,-0.674,-0.531,-0.373,-0.831,0.488,-0.299,-0.382,-0.65,-0.118,0.271,0.629,-0.297,0.361,-0.763,-0.765,-0.277,-0.572,-0.133,0.176,-0.665,0.288,-0.599,-0.539,0.855,0.701,-0.475,-0.708,0.256,-0.27,0.325,-0.747,-0.715,0.694,-0.697,0.35,0.304,0.534,0.615,0.393,-0.518,0.641,-0.417,-0.566,-0.814,-0.811,0.482,-0.382,0.936,-0.643,-0.192,-0.692,0.406,0.229,0.126,0.457,-0.767,-0.782,-0.528,-0.227,-0.565,-0.113,0.267,0.667,0.466,0.147,-0.225,-0.589,-0.153,-0.304,-0.368,0.782,-0.077,-0.108,0.266,-0.152,0.126,0.625,0.55,-0.55,0.041,-0.778,0.128,-0.567,-0.629,0.386,-0.099,0.595,0.081,-0.638,-0.15,0.159,-0.148,-0.609,0.7,-0.829,-0.285,-0.616,0.079,-0.215,0.532,-0.086,0.285,-0.727,-0.847,-0.493,-0.715,-0.404,0.141,-0.091,-0.027,-0.348,-0.773,-0.808,-0.542,0.678,-0.691,-0.72,-0.599,0.273,-0.418,-0.489,0.381,-0.741,0.398,-0.139,-0.096,0.732,-0.381,-0.426,-0.401,0.762,0.66,-0.436,-0.505,-0.066,0.951,0.09,0.523
AGIO,0.221,0.048,-0.096,0.265,0.005,-0.506,-0.353,-0.177,0.247,0.0,-0.031,0.434,-0.405,0.105,0.02,-0.295,0.089,0.064,-0.363,0.676,-0.49,0.783,-0.24,-0.423,-0.463,0.602,0.541,0.454,0.52,-0.624,0.351,-0.288,0.448,-0.589,0.238,-0.707,-0.049,-0.459,-0.187,-0.147,0.045,0.03,-0.087,-0.14,-0.437,0.519,-0.169,-0.372,0.196,0.473,-0.169,-0.561,0.328,0.239,-0.168,-0.334,-0.091,-0.394,-0.256,0.243,-0.273,-0.196,-0.416,0.312,-0.573,-0.268,-0.181,-0.198,0.073,-0.163,-0.157,-0.144,-0.145,-0.436,-0.267,-0.382,0.022,-0.492,-0.283,-0.124,0.513,-0.089,-0.228,-0.322,-0.347,0.426,0.487,-0.52,-0.269,-0.064,-0.522,-0.254,-0.19,-0.069,-0.09,-0.457,0.137,-0.273,0.013,0.232,-0.164,-0.384,0.445,-0.089,-0.527,-0.282,-0.149,0.1,-0.633,0.433,-0.35,-0.412,0.293,0.726,-0.378,-0.515,-0.184,-0.325,0.133,-0.498,-0.49,-0.421,-0.328,-0.254,-0.183,0.538,0.531,0.282,-0.587,-0.115,0.581,0.608,0.29,-0.379,0.166,-0.474,-0.393,0.864,-0.289,-0.113,-0.692,0.592,-0.063,-0.337,-0.225,-0.596,-0.405,-0.204,-0.001,0.202,-0.094,-0.492,0.321,0.084,-0.225,0.385,-0.156,-0.635,-0.482,0.672,0.233,-0.119,-0.182,0.206,0.065,-0.435,-0.124,-0.512,0.195,-0.273,-0.669,-0.669,-0.271,-0.282,-0.113,-0.515,0.252,0.141,0.073,-0.452,-0.402,-0.317,-0.201,-0.361,-0.181,-0.029,-0.629,-0.295,0.352,0.466,-0.424,0.09,0.017,0.105,0.276,-0.406,-0.435,0.243,-0.45,0.318
ALEC,-0.483,0.415,-0.576,-0.348,-0.326,0.096,0.764,0.533,-0.621,-0.031,0.0,0.348,0.763,0.673,0.632,0.593,0.806,0.055,0.741,0.072,0.749,-0.136,0.751,0.724,0.717,-0.586,-0.533,0.644,0.327,0.342,0.46,0.15,-0.47,0.267,-0.337,0.631,-0.037,0.027,0.302,0.841,0.107,-0.482,-0.293,0.352,0.181,-0.738,0.78,0.115,-0.399,0.536,0.099,0.492,0.618,-0.535,0.25,0.261,0.823,0.454,0.699,0.772,0.508,-0.051,0.818,0.498,0.565,0.84,-0.202,0.715,0.626,0.856,0.507,0.03,-0.304,0.475,0.009,0.842,0.73,0.618,0.661,0.457,-0.159,0.826,-0.034,0.821,0.714,-0.578,-0.69,0.729,0.681,0.26,0.469,0.085,0.861,0.762,-0.435,0.748,0.086,0.156,-0.338,-0.075,-0.149,0.708,-0.253,0.77,0.687,0.768,0.848,-0.039,0.556,-0.635,0.797,0.518,0.784,0.05,0.091,0.141,-0.045,0.838,0.678,0.732,0.614,0.685,0.471,0.166,-0.328,-0.042,0.309,0.192,0.728,0.475,0.549,0.594,-0.428,0.329,0.217,-0.05,0.51,0.098,-0.299,-0.204,0.561,-0.013,0.828,0.236,0.834,0.704,-0.103,0.494,-0.316,0.157,0.741,0.415,0.029,0.43,0.847,-0.294,0.762,0.451,0.779,0.084,0.585,-0.197,0.515,0.309,0.84,0.77,0.741,0.769,0.567,0.266,0.344,0.186,0.549,0.866,0.831,0.637,-0.299,0.596,0.824,0.655,0.02,0.65,0.707,-0.072,0.775,-0.089,0.363,0.248,-0.542,0.445,0.719,0.609,-0.461,-0.548,0.623,0.678,0.305,-0.627,0.229,-0.341
ALNY,-0.334,0.327,-0.082,0.072,-0.045,-0.208,0.23,0.198,-0.086,0.434,0.348,0.0,0.069,0.246,-0.105,-0.005,0.051,0.456,0.216,0.567,-0.046,0.618,0.289,-0.058,0.17,0.096,0.109,0.365,0.382,-0.358,0.584,-0.244,-0.023,-0.25,-0.082,-0.025,-0.296,-0.305,0.371,0.13,-0.082,-0.176,-0.217,-0.355,-0.103,0.06,0.114,-0.232,-0.242,0.337,0.031,-0.16,0.262,0.077,-0.184,-0.122,0.378,-0.312,0.261,0.258,-0.048,-0.139,-0.025,0.455,-0.118,0.196,0.139,0.195,0.454,0.174,0.164,-0.185,-0.182,-0.032,-0.17,0.115,0.038,-0.048,0.296,-0.202,-0.193,0.387,-0.16,0.126,0.126,0.06,0.219,-0.06,-0.035,-0.031,-0.327,-0.253,0.152,0.378,-0.245,0.131,0.399,-0.143,-0.294,-0.016,-0.513,-0.052,0.03,0.287,-0.218,0.118,0.154,-0.042,-0.242,-0.003,-0.016,-0.213,0.334,0.464,-0.141,-0.366,-0.222,0.042,0.228,0.141,-0.058,0.134,-0.114,-0.18,-0.186,0.377,0.465,0.456,-0.026,0.063,0.317,0.445,-0.114,-0.012,0.096,-0.218,-0.083,0.323,-0.247,-0.204,-0.242,0.446,0.209,-0.047,0.32,-0.129,-0.436,-0.057,-0.315,0.35,-0.061,-0.293,0.434,-0.191,0.154,0.194,0.2,-0.152,0.008,0.333,0.688,-0.286,0.414,0.35,0.306,0.053,0.195,0.045,0.067,0.013,-0.127,-0.361,-0.252,0.099,0.389,-0.219,0.035,0.498,0.212,-0.017,-0.293,-0.206,0.105,-0.386,-0.048,-0.307,-0.303,0.007,-0.211,0.623,0.076,-0.101,-0.071,0.095,0.026,-0.211,-0.309,-0.042,-0.103,0.415
ALTR,-0.276,0.548,-0.351,-0.212,-0.092,0.445,0.862,0.733,-0.603,-0.405,0.763,0.069,0.0,0.706,0.634,0.75,0.676,0.182,0.862,-0.139,0.818,-0.382,0.806,0.848,0.866,-0.676,-0.576,0.302,0.021,0.729,0.355,0.406,-0.455,0.565,-0.165,0.884,0.219,0.407,0.432,0.844,0.269,-0.302,-0.072,0.596,0.396,-0.784,0.723,0.455,-0.283,0.459,0.387,0.83,0.297,-0.463,0.503,0.567,0.717,0.662,0.859,0.517,0.797,0.261,0.908,0.175,0.86,0.819,-0.003,0.763,0.475,0.833,0.54,0.283,-0.056,0.648,0.282,0.907,0.612,0.792,0.773,0.679,-0.22,0.808,0.222,0.834,0.687,-0.528,-0.723,0.887,0.665,0.453,0.733,0.371,0.841,0.671,-0.16,0.79,0.018,0.419,-0.104,0.012,0.188,0.768,-0.164,0.811,0.83,0.697,0.805,0.197,0.848,-0.628,0.896,0.765,0.477,-0.134,0.396,0.457,0.179,0.808,0.528,0.812,0.727,0.815,0.754,0.468,-0.049,-0.168,0.169,0.053,0.858,0.699,0.279,0.216,-0.276,0.453,0.172,0.333,0.759,-0.149,0.044,0.087,0.827,-0.209,0.753,0.515,0.892,0.915,0.251,0.738,-0.063,0.187,0.8,0.737,-0.209,0.436,0.867,-0.359,0.689,0.778,0.937,-0.173,0.37,0.039,0.513,0.292,0.613,0.773,0.827,0.925,0.568,0.518,0.701,0.588,0.728,0.89,0.684,0.848,-0.173,0.386,0.68,0.855,0.32,0.818,0.823,0.255,0.824,0.166,0.681,0.564,-0.387,0.204,0.791,0.576,-0.266,-0.415,0.396,0.828,0.682,-0.585,0.578,-0.438
AMBA,0.069,0.744,-0.075,0.019,0.028,0.369,0.539,0.791,-0.248,0.105,0.673,0.246,0.706,0.0,0.478,0.724,0.59,0.372,0.599,0.117,0.444,0.173,0.549,0.693,0.706,-0.188,-0.063,0.39,0.062,0.537,0.65,0.525,0.098,0.263,0.284,0.494,0.515,0.428,0.562,0.64,0.57,0.012,0.255,0.573,0.395,-0.334,0.452,0.564,0.102,0.63,0.642,0.606,0.22,-0.045,0.603,0.672,0.575,0.645,0.684,0.434,0.807,0.551,0.656,0.121,0.651,0.503,0.08,0.781,0.623,0.681,0.723,0.265,0.223,0.404,0.457,0.599,0.402,0.584,0.463,0.759,-0.093,0.691,0.414,0.689,0.599,-0.025,-0.317,0.672,0.3,0.649,0.499,0.568,0.615,0.39,0.117,0.431,0.267,0.556,0.27,0.385,0.31,0.645,0.375,0.745,0.506,0.323,0.558,0.438,0.6,-0.188,0.718,0.746,0.408,0.353,0.47,0.414,0.425,0.462,0.358,0.497,0.515,0.454,0.753,0.562,0.205,0.382,0.563,0.0,0.52,0.809,0.518,0.4,0.161,0.469,0.181,0.369,0.783,0.413,0.236,0.374,0.42,-0.046,0.561,0.555,0.755,0.512,0.296,0.857,0.28,0.256,0.685,0.671,-0.134,0.569,0.746,0.118,0.354,0.596,0.669,0.032,0.563,0.315,0.57,0.735,0.457,0.346,0.753,0.578,0.65,0.58,0.504,0.377,0.633,0.628,0.409,0.608,0.257,0.236,0.571,0.649,0.388,0.675,0.801,0.344,0.612,0.281,0.53,0.605,0.079,0.425,0.513,0.609,0.093,-0.124,0.385,0.654,0.571,-0.196,0.656,-0.098
AMCX,-0.126,0.28,-0.608,-0.107,-0.171,0.08,0.574,0.356,-0.555,0.02,0.632,-0.105,0.634,0.478,0.0,0.472,0.805,-0.134,0.57,0.105,0.605,-0.301,0.606,0.594,0.448,-0.441,-0.406,0.484,0.307,0.359,0.224,0.17,-0.344,0.241,-0.199,0.405,0.095,0.08,-0.047,0.771,0.154,-0.404,-0.265,0.614,-0.064,-0.601,0.659,0.122,-0.156,0.542,0.052,0.344,0.581,-0.542,0.374,0.183,0.521,0.46,0.531,0.69,0.478,-0.066,0.667,0.219,0.432,0.654,-0.289,0.465,0.167,0.735,0.187,0.302,-0.295,0.422,0.031,0.684,0.722,0.438,0.458,0.633,0.375,0.555,0.003,0.558,0.353,-0.467,-0.668,0.561,0.678,0.3,0.466,0.113,0.701,0.591,-0.32,0.447,-0.236,0.202,-0.183,0.076,0.197,0.508,-0.09,0.631,0.657,0.596,0.756,0.157,0.485,-0.492,0.69,0.479,0.655,0.032,0.014,0.193,-0.031,0.726,0.616,0.5,0.484,0.533,0.487,0.288,-0.306,-0.133,0.208,0.123,0.502,0.486,0.567,0.453,-0.2,0.067,0.403,-0.177,0.389,0.186,-0.265,-0.121,0.437,0.0,0.739,0.221,0.524,0.631,0.033,0.448,-0.158,0.105,0.77,0.424,-0.139,0.616,0.595,-0.383,0.677,0.323,0.629,0.249,0.075,-0.138,0.026,0.078,0.643,0.604,0.632,0.603,0.633,0.214,0.243,0.216,0.696,0.712,0.556,0.556,-0.164,0.35,0.718,0.509,-0.003,0.678,0.587,0.016,0.802,0.293,0.3,0.186,-0.298,0.192,0.543,0.665,-0.486,-0.535,0.674,0.613,0.465,-0.548,0.111,-0.57
AMKR,0.014,0.6,0.047,-0.072,0.169,0.638,0.644,0.863,-0.203,-0.295,0.593,-0.005,0.75,0.724,0.472,0.0,0.479,0.38,0.635,-0.311,0.634,-0.135,0.517,0.811,0.698,-0.375,-0.147,0.081,-0.251,0.757,0.413,0.721,-0.05,0.441,0.251,0.688,0.582,0.625,0.594,0.532,0.581,0.114,0.382,0.598,0.521,-0.445,0.39,0.688,0.193,0.287,0.653,0.728,0.09,-0.01,0.616,0.771,0.498,0.785,0.602,0.224,0.768,0.571,0.748,-0.15,0.761,0.477,0.205,0.762,0.421,0.662,0.811,0.365,0.385,0.65,0.621,0.627,0.265,0.77,0.506,0.738,-0.155,0.561,0.481,0.753,0.66,-0.106,-0.462,0.827,0.421,0.703,0.667,0.67,0.552,0.347,0.234,0.578,0.366,0.706,0.294,0.385,0.391,0.746,0.201,0.668,0.68,0.346,0.458,0.437,0.814,-0.261,0.738,0.882,0.248,0.124,0.695,0.695,0.533,0.535,0.148,0.697,0.736,0.596,0.847,0.716,0.366,0.206,0.246,-0.249,0.665,0.808,0.224,0.156,0.156,0.58,0.139,0.584,0.875,-0.099,0.389,0.403,0.677,-0.269,0.451,0.741,0.739,0.694,0.545,0.859,0.316,0.029,0.62,0.839,-0.075,0.651,0.724,0.094,0.317,0.728,0.764,-0.105,0.409,0.437,0.659,0.625,0.361,0.434,0.699,0.652,0.511,0.725,0.721,0.655,0.817,0.604,0.299,0.773,0.13,0.066,0.46,0.658,0.623,0.741,0.705,0.588,0.537,0.346,0.795,0.626,0.0,0.053,0.698,0.531,0.136,-0.039,0.287,0.717,0.73,-0.157,0.736,-0.254
AMRX,-0.307,0.29,-0.724,-0.297,-0.253,-0.039,0.666,0.375,-0.626,0.089,0.806,0.051,0.676,0.59,0.805,0.479,0.0,-0.118,0.63,0.165,0.734,-0.236,0.65,0.639,0.541,-0.538,-0.522,0.76,0.322,0.327,0.305,0.096,-0.47,0.255,-0.317,0.478,0.039,-0.038,0.015,0.859,0.11,-0.497,-0.344,0.565,0.054,-0.703,0.74,0.046,-0.31,0.677,-0.018,0.412,0.728,-0.655,0.224,0.165,0.689,0.423,0.657,0.908,0.499,-0.138,0.754,0.442,0.491,0.79,-0.445,0.547,0.415,0.834,0.309,0.056,-0.4,0.459,-0.099,0.76,0.85,0.53,0.621,0.576,0.254,0.753,-0.107,0.711,0.559,-0.573,-0.698,0.609,0.774,0.234,0.477,0.021,0.882,0.739,-0.468,0.629,-0.079,0.091,-0.282,-0.024,0.007,0.625,-0.214,0.678,0.7,0.77,0.856,0.044,0.498,-0.597,0.799,0.479,0.844,0.103,-0.018,0.072,-0.155,0.845,0.805,0.584,0.488,0.615,0.45,0.132,-0.438,-0.163,0.259,0.118,0.617,0.457,0.627,0.692,-0.362,0.065,0.338,-0.189,0.37,0.222,-0.375,-0.183,0.524,0.088,0.843,0.127,0.691,0.668,-0.089,0.438,-0.289,0.039,0.873,0.383,-0.009,0.563,0.789,-0.401,0.752,0.342,0.688,0.248,0.322,-0.221,0.225,0.124,0.784,0.71,0.717,0.677,0.761,0.098,0.205,0.164,0.65,0.843,0.719,0.625,-0.314,0.55,0.883,0.554,-0.053,0.674,0.695,-0.085,0.882,0.035,0.274,0.267,-0.396,0.307,0.611,0.745,-0.567,-0.607,0.872,0.643,0.36,-0.67,0.098,-0.625
ANSS,0.324,0.46,0.465,0.557,0.394,0.525,0.207,0.604,0.35,0.064,0.055,0.456,0.182,0.372,-0.134,0.38,-0.118,0.0,0.235,0.203,-0.126,0.42,0.232,0.072,0.225,0.298,0.422,-0.209,-0.084,0.267,0.52,0.32,0.337,0.071,0.563,0.107,0.409,0.458,0.653,-0.045,0.294,0.41,0.424,0.179,0.136,0.282,-0.15,0.458,0.311,0.039,0.563,0.233,-0.267,0.472,0.399,0.522,-0.065,0.082,0.316,-0.216,0.385,0.559,-0.054,-0.07,0.197,-0.096,0.575,0.217,0.108,0.033,0.275,0.454,0.444,0.245,0.514,-0.035,-0.315,0.255,0.319,0.294,-0.044,0.149,0.326,0.033,-0.055,0.448,0.369,0.127,-0.225,0.551,0.16,0.431,-0.042,0.066,0.431,-0.034,0.479,0.516,0.285,0.508,0.277,-0.085,0.498,0.412,-0.075,-0.246,-0.155,0.606,0.133,0.377,-0.003,0.21,-0.257,0.475,0.472,0.331,0.379,-0.103,-0.248,0.151,0.233,0.244,0.455,0.519,0.514,0.506,0.48,0.147,0.023,0.418,-0.034,-0.057,0.48,0.2,0.09,0.4,0.33,0.113,0.532,0.516,-0.042,0.266,-0.086,0.474,0.241,0.04,0.344,0.42,0.361,0.543,-0.134,0.212,0.31,-0.075,0.065,0.424,-0.206,0.27,0.086,0.158,0.291,0.335,0.399,0.548,-0.234,-0.231,0.293,0.032,0.059,0.595,0.445,0.285,0.061,-0.075,-0.097,-0.024,0.569,-0.065,-0.144,0.068,0.308,0.099,0.209,0.313,-0.157,0.383,0.178,0.476,0.303,0.041,0.212,-0.19,0.466,0.487,-0.26,-0.074,0.319,0.415,0.53,0.332
APPN,-0.378,0.581,-0.389,-0.104,-0.296,0.299,0.939,0.664,-0.601,-0.363,0.741,0.216,0.862,0.599,0.57,0.635,0.63,0.235,0.0,0.037,0.735,-0.328,0.899,0.738,0.854,-0.579,-0.558,0.341,0.184,0.528,0.42,0.159,-0.539,0.573,-0.225,0.828,0.013,0.241,0.449,0.777,0.053,-0.438,-0.212,0.436,0.219,-0.738,0.708,0.271,-0.348,0.405,0.322,0.656,0.361,-0.513,0.374,0.414,0.71,0.518,0.85,0.52,0.598,0.147,0.819,0.276,0.71,0.847,0.003,0.678,0.31,0.869,0.406,0.269,-0.228,0.713,0.149,0.885,0.644,0.683,0.841,0.578,-0.18,0.787,0.049,0.764,0.571,-0.525,-0.631,0.813,0.584,0.366,0.525,0.21,0.792,0.787,-0.342,0.717,-0.076,0.304,-0.334,0.019,0.014,0.607,-0.248,0.804,0.707,0.725,0.825,0.167,0.692,-0.589,0.813,0.586,0.461,-0.054,0.219,0.289,-0.023,0.838,0.563,0.832,0.761,0.914,0.715,0.415,-0.169,-0.077,0.299,0.278,0.789,0.634,0.359,0.243,-0.327,0.399,0.301,0.129,0.618,-0.122,-0.07,-0.051,0.696,-0.054,0.814,0.431,0.824,0.855,0.026,0.587,-0.242,0.264,0.639,0.54,-0.176,0.317,0.748,-0.428,0.792,0.632,0.881,-0.047,0.385,-0.225,0.456,0.24,0.574,0.774,0.89,0.899,0.353,0.383,0.66,0.373,0.633,0.859,0.774,0.645,-0.167,0.543,0.698,0.689,0.071,0.715,0.739,0.026,0.774,0.079,0.471,0.498,-0.512,0.314,0.836,0.319,-0.42,-0.423,0.291,0.618,0.545,-0.567,0.492,-0.325
APTO,-0.052,0.167,-0.306,0.375,-0.189,-0.514,0.046,-0.116,-0.093,0.676,0.072,0.567,-0.139,0.117,0.105,-0.311,0.165,0.203,0.037,0.0,-0.288,0.51,0.092,-0.347,-0.15,0.366,0.194,0.542,0.675,-0.538,0.41,-0.546,0.019,-0.219,-0.064,-0.362,-0.31,-0.51,-0.178,0.115,-0.291,-0.32,-0.406,-0.065,-0.473,0.232,0.073,-0.441,-0.189,0.499,-0.195,-0.375,0.378,-0.133,-0.192,-0.407,0.132,-0.495,0.186,0.349,-0.173,-0.309,-0.268,0.548,-0.363,0.112,-0.256,-0.229,0.003,0.062,-0.334,-0.045,-0.463,-0.124,-0.418,-0.074,0.252,-0.418,0.124,-0.099,0.416,0.202,-0.446,-0.222,-0.332,0.102,0.395,-0.375,-0.105,-0.172,-0.505,-0.438,0.061,0.304,-0.392,-0.261,-0.158,-0.361,-0.329,0.047,-0.337,-0.41,0.12,0.137,-0.373,0.023,0.161,0.082,-0.506,0.153,-0.157,-0.457,0.305,0.548,-0.542,-0.537,-0.493,-0.041,0.411,-0.217,-0.286,0.02,-0.2,-0.24,-0.415,0.318,0.621,0.728,-0.305,-0.036,0.528,0.479,-0.027,-0.443,0.353,-0.58,-0.387,0.672,-0.446,-0.185,-0.493,0.757,0.253,-0.376,-0.062,-0.316,-0.592,-0.176,-0.351,0.414,-0.078,-0.49,0.227,-0.234,-0.122,-0.109,0.23,-0.429,-0.23,0.652,0.189,-0.478,-0.262,0.0,0.101,-0.11,0.152,-0.159,0.178,-0.325,-0.415,-0.577,-0.291,-0.016,0.25,-0.428,0.082,0.535,0.252,-0.235,-0.657,-0.209,0.067,-0.624,0.085,-0.08,-0.657,-0.051,-0.079,0.603,-0.127,-0.081,-0.292,-0.022,0.088,-0.394,-0.314,-0.099,-0.358,0.124
ARCT,-0.565,0.234,-0.535,-0.58,-0.151,0.212,0.798,0.429,-0.746,-0.49,0.749,-0.046,0.818,0.444,0.605,0.634,0.734,-0.126,0.735,-0.288,0.0,-0.574,0.683,0.821,0.782,-0.895,-0.784,0.403,-0.088,0.572,0.106,0.259,-0.704,0.5,-0.483,0.861,-0.01,0.155,0.219,0.815,0.133,-0.47,-0.265,0.397,0.39,-0.94,0.715,0.202,-0.434,0.319,0.089,0.68,0.458,-0.657,0.177,0.292,0.773,0.556,0.734,0.625,0.543,-0.056,0.918,0.213,0.748,0.854,-0.254,0.654,0.505,0.826,0.516,-0.076,-0.229,0.594,0.049,0.9,0.665,0.741,0.69,0.446,-0.266,0.783,0.062,0.881,0.836,-0.748,-0.894,0.837,0.865,0.165,0.625,0.111,0.886,0.708,-0.371,0.932,0.022,0.189,-0.245,-0.245,-0.1,0.838,-0.509,0.595,0.872,0.869,0.812,-0.147,0.795,-0.847,0.903,0.648,0.617,-0.347,0.24,0.312,-0.043,0.892,0.615,0.862,0.648,0.74,0.489,0.146,-0.297,-0.449,-0.166,-0.123,0.877,0.445,0.164,0.298,-0.559,0.342,0.109,0.154,0.565,-0.363,-0.209,-0.159,0.884,-0.313,0.757,0.307,0.812,0.889,0.092,0.457,-0.314,-0.206,0.811,0.593,-0.091,0.429,0.866,-0.489,0.744,0.677,0.882,-0.195,0.353,-0.141,0.487,0.057,0.718,0.911,0.646,0.901,0.561,0.211,0.512,0.49,0.693,0.893,0.729,0.866,-0.505,0.471,0.736,0.763,0.222,0.673,0.668,0.125,0.804,-0.151,0.624,0.38,-0.604,0.096,0.778,0.606,-0.472,-0.525,0.571,0.766,0.448,-0.755,0.303,-0.655
ARWR,0.299,0.267,0.371,0.416,0.187,-0.133,-0.369,0.051,0.485,0.783,-0.136,0.618,-0.382,0.173,-0.301,-0.135,-0.236,0.42,-0.328,0.51,-0.574,0.0,-0.237,-0.362,-0.344,0.666,0.728,0.093,0.2,-0.45,0.522,0.002,0.645,-0.479,0.466,-0.565,0.158,-0.126,0.195,-0.324,0.221,0.38,0.264,-0.272,-0.137,0.666,-0.318,-0.043,0.386,0.215,0.216,-0.43,-0.028,0.622,-0.028,-0.035,-0.136,-0.268,-0.214,-0.126,-0.103,0.176,-0.461,0.03,-0.425,-0.419,0.277,-0.07,0.203,-0.276,0.101,-0.044,0.268,-0.384,0.108,-0.461,-0.361,-0.348,-0.284,-0.101,0.138,-0.108,0.108,-0.304,-0.256,0.689,0.66,-0.427,-0.51,0.174,-0.499,0.016,-0.349,-0.254,0.259,-0.449,0.465,0.006,0.255,0.411,-0.069,-0.352,0.615,-0.095,-0.592,-0.486,-0.375,0.304,-0.51,0.61,-0.394,-0.262,-0.043,0.769,-0.024,-0.283,0.154,-0.522,-0.207,-0.412,-0.399,-0.44,-0.192,0.0,0.237,0.718,0.542,0.145,-0.531,0.007,0.284,0.34,0.517,-0.163,0.033,-0.081,-0.158,0.688,0.11,0.168,-0.648,0.461,-0.278,-0.012,-0.154,-0.611,-0.134,-0.048,0.244,0.279,-0.322,-0.319,0.401,-0.038,-0.244,0.675,-0.406,-0.384,-0.451,0.423,0.423,0.187,0.175,0.516,-0.165,-0.586,-0.164,-0.515,0.01,0.024,-0.362,-0.437,-0.335,-0.421,-0.276,-0.506,0.516,-0.059,-0.175,-0.398,-0.072,-0.413,-0.197,-0.058,-0.418,0.044,-0.397,-0.087,0.47,0.383,-0.38,-0.091,0.428,0.467,-0.085,-0.438,-0.302,0.52,-0.09,0.702
ASND,-0.393,0.433,-0.431,-0.101,-0.32,0.268,0.882,0.587,-0.608,-0.24,0.751,0.289,0.806,0.549,0.606,0.517,0.65,0.232,0.899,0.092,0.683,-0.237,0.0,0.657,0.737,-0.547,-0.56,0.361,0.28,0.425,0.464,0.081,-0.535,0.481,-0.294,0.71,-0.092,0.161,0.313,0.768,0.01,-0.464,-0.314,0.369,0.058,-0.703,0.756,0.162,-0.358,0.369,0.201,0.558,0.476,-0.507,0.383,0.312,0.692,0.42,0.805,0.57,0.539,0.027,0.753,0.364,0.624,0.805,-0.011,0.581,0.331,0.81,0.295,0.281,-0.274,0.545,0.11,0.819,0.643,0.609,0.81,0.534,-0.134,0.743,0.011,0.702,0.493,-0.514,-0.612,0.711,0.594,0.321,0.486,0.073,0.763,0.758,-0.394,0.68,-0.126,0.178,-0.403,-0.056,-0.039,0.509,-0.263,0.866,0.639,0.7,0.792,0.115,0.585,-0.598,0.739,0.482,0.532,-0.04,0.091,0.154,-0.089,0.816,0.624,0.751,0.606,0.846,0.585,0.306,-0.25,-0.086,0.266,0.323,0.683,0.524,0.375,0.319,-0.341,0.223,0.262,0.006,0.48,-0.053,-0.173,-0.184,0.604,0.069,0.797,0.379,0.767,0.797,-0.031,0.455,-0.301,0.406,0.618,0.424,-0.02,0.268,0.686,-0.405,0.763,0.521,0.791,-0.026,0.367,-0.281,0.376,0.167,0.632,0.752,0.801,0.836,0.348,0.325,0.516,0.311,0.56,0.815,0.785,0.561,-0.19,0.552,0.68,0.636,0.008,0.621,0.679,-0.034,0.739,0.062,0.374,0.285,-0.543,0.294,0.749,0.351,-0.452,-0.472,0.352,0.549,0.435,-0.583,0.363,-0.208
ASTH,-0.201,0.512,-0.231,-0.359,-0.037,0.498,0.713,0.687,-0.482,-0.423,0.724,-0.058,0.848,0.693,0.594,0.811,0.639,0.072,0.738,-0.347,0.821,-0.362,0.657,0.0,0.839,-0.666,-0.48,0.252,-0.192,0.736,0.268,0.582,-0.307,0.485,-0.065,0.823,0.366,0.487,0.485,0.746,0.452,-0.141,0.116,0.531,0.563,-0.745,0.581,0.577,-0.074,0.331,0.477,0.745,0.222,-0.333,0.462,0.635,0.626,0.813,0.671,0.43,0.76,0.361,0.913,-0.023,0.85,0.684,0.012,0.838,0.515,0.802,0.703,0.173,0.123,0.658,0.429,0.832,0.493,0.865,0.581,0.704,-0.241,0.682,0.412,0.872,0.814,-0.443,-0.769,0.944,0.646,0.519,0.761,0.509,0.758,0.502,-0.01,0.759,0.17,0.553,0.08,0.094,0.266,0.904,-0.086,0.666,0.856,0.596,0.693,0.184,0.899,-0.572,0.899,0.867,0.435,-0.155,0.558,0.555,0.359,0.751,0.348,0.791,0.792,0.65,0.756,0.516,0.108,-0.119,0.047,-0.254,0.843,0.721,0.225,0.213,-0.166,0.629,0.123,0.425,0.85,-0.175,0.167,0.171,0.819,-0.391,0.635,0.6,0.834,0.86,0.386,0.76,0.109,-0.074,0.789,0.827,-0.236,0.66,0.861,-0.156,0.526,0.793,0.919,-0.255,0.374,0.213,0.605,0.423,0.564,0.688,0.734,0.837,0.515,0.532,0.695,0.623,0.827,0.815,0.535,0.889,-0.097,0.165,0.598,0.772,0.505,0.772,0.757,0.439,0.725,0.141,0.81,0.548,-0.26,0.101,0.739,0.62,-0.134,-0.32,0.476,0.877,0.697,-0.446,0.63,-0.421
ATSG,-0.356,0.598,-0.245,-0.293,-0.114,0.388,0.813,0.671,-0.569,-0.463,0.717,0.17,0.866,0.706,0.448,0.698,0.541,0.225,0.854,-0.15,0.782,-0.344,0.737,0.839,0.0,-0.639,-0.542,0.264,-0.081,0.641,0.342,0.358,-0.419,0.52,-0.157,0.893,0.188,0.364,0.597,0.751,0.268,-0.282,-0.016,0.401,0.513,-0.749,0.576,0.463,-0.297,0.369,0.454,0.778,0.168,-0.408,0.37,0.544,0.702,0.625,0.83,0.418,0.707,0.318,0.851,0.169,0.845,0.768,0.037,0.81,0.562,0.811,0.629,0.107,-0.012,0.622,0.296,0.876,0.503,0.763,0.709,0.572,-0.408,0.791,0.264,0.825,0.781,-0.484,-0.655,0.89,0.55,0.377,0.63,0.376,0.768,0.636,-0.141,0.782,0.094,0.45,-0.057,-0.0,0.041,0.762,-0.186,0.701,0.749,0.638,0.742,0.104,0.802,-0.6,0.864,0.722,0.378,-0.166,0.426,0.415,0.18,0.741,0.423,0.834,0.742,0.748,0.712,0.394,-0.008,-0.096,0.17,0.014,0.839,0.664,0.182,0.132,-0.303,0.596,0.124,0.353,0.775,-0.173,0.097,0.139,0.767,-0.29,0.697,0.513,0.876,0.828,0.204,0.696,-0.061,0.087,0.686,0.677,-0.254,0.344,0.846,-0.294,0.621,0.799,0.907,-0.262,0.478,0.015,0.603,0.409,0.538,0.715,0.782,0.886,0.439,0.472,0.727,0.534,0.624,0.833,0.672,0.776,-0.142,0.39,0.6,0.807,0.317,0.676,0.764,0.213,0.701,-0.0,0.667,0.653,-0.417,0.299,0.78,0.417,-0.189,-0.322,0.252,0.75,0.585,-0.517,0.631,-0.339
AVTX,0.631,0.03,0.538,0.687,0.172,-0.088,-0.632,-0.173,0.757,0.602,-0.586,0.096,-0.676,-0.188,-0.441,-0.375,-0.538,0.298,-0.579,0.366,-0.895,0.666,-0.547,-0.666,-0.639,0.0,0.898,-0.292,0.102,-0.469,0.151,-0.121,0.786,-0.404,0.64,-0.801,0.198,-0.056,-0.094,-0.676,0.05,0.503,0.386,-0.23,-0.387,0.929,-0.642,-0.054,0.607,-0.163,0.126,-0.587,-0.341,0.696,0.012,-0.11,-0.658,-0.388,-0.564,-0.502,-0.345,0.223,-0.789,-0.235,-0.629,-0.751,0.243,-0.476,-0.442,-0.605,-0.313,0.233,0.317,-0.432,0.109,-0.788,-0.56,-0.61,-0.563,-0.175,0.374,-0.646,0.029,-0.723,-0.741,0.834,0.878,-0.682,-0.819,0.06,-0.561,0.034,-0.753,-0.587,0.417,-0.87,0.089,0.027,0.326,0.534,0.207,-0.728,0.694,-0.376,-0.793,-0.817,-0.685,0.38,-0.68,0.902,-0.732,-0.451,-0.508,0.593,-0.122,-0.208,0.156,-0.775,-0.522,-0.697,-0.477,-0.59,-0.246,0.073,0.377,0.692,0.445,0.146,-0.815,-0.15,0.042,-0.143,0.711,-0.32,0.067,-0.096,-0.383,0.535,0.294,0.32,-0.816,0.433,-0.598,-0.097,-0.641,-0.784,0.006,-0.221,0.397,0.264,-0.643,-0.416,0.144,-0.219,-0.711,0.565,-0.657,-0.591,-0.749,0.373,-0.21,0.238,-0.378,0.198,-0.66,-0.868,-0.4,-0.792,-0.362,-0.03,-0.397,-0.405,-0.46,-0.765,-0.658,-0.769,0.633,-0.399,-0.549,-0.709,-0.137,-0.512,-0.452,-0.028,-0.643,0.323,-0.525,-0.222,0.69,-0.001,-0.593,-0.416,0.504,0.535,-0.435,-0.677,-0.279,0.787,-0.13,0.613
BCPC,0.726,0.148,0.709,0.665,0.411,0.145,-0.628,-0.009,0.834,0.541,-0.533,0.109,-0.576,-0.063,-0.406,-0.147,-0.522,0.422,-0.558,0.194,-0.784,0.728,-0.56,-0.48,-0.542,0.898,0.0,-0.392,-0.126,-0.259,0.217,0.203,0.918,-0.424,0.816,-0.69,0.454,0.179,0.137,-0.651,0.334,0.743,0.631,-0.116,-0.16,0.918,-0.688,0.214,0.766,-0.165,0.359,-0.428,-0.46,0.877,0.151,0.129,-0.636,-0.209,-0.513,-0.576,-0.149,0.443,-0.688,-0.423,-0.455,-0.79,0.473,-0.281,-0.271,-0.568,-0.044,0.286,0.598,-0.369,0.385,-0.747,-0.691,-0.376,-0.536,-0.022,0.289,-0.573,0.272,-0.583,-0.567,0.939,0.804,-0.521,-0.756,0.314,-0.407,0.299,-0.711,-0.604,0.664,-0.766,0.37,0.28,0.568,0.664,0.35,-0.524,0.836,-0.339,-0.665,-0.85,-0.726,0.52,-0.486,0.926,-0.626,-0.215,-0.542,0.633,0.19,0.024,0.434,-0.78,-0.655,-0.587,-0.351,-0.617,-0.107,0.258,0.619,0.702,0.387,-0.109,-0.716,-0.011,-0.032,-0.163,0.864,-0.125,-0.01,0.164,-0.144,0.462,0.523,0.505,-0.696,0.234,-0.662,0.139,-0.492,-0.701,0.273,-0.011,0.609,0.195,-0.551,-0.184,0.208,-0.059,-0.559,0.787,-0.762,-0.393,-0.639,0.313,-0.073,0.507,-0.098,0.425,-0.665,-0.886,-0.388,-0.733,-0.228,0.21,-0.22,-0.18,-0.29,-0.745,-0.748,-0.605,0.793,-0.552,-0.573,-0.592,0.185,-0.438,-0.388,0.27,-0.673,0.439,-0.264,-0.043,0.819,-0.108,-0.505,-0.293,0.736,0.676,-0.366,-0.516,-0.099,0.895,0.061,0.6
BEAM,-0.454,0.154,-0.809,-0.359,-0.351,-0.547,0.417,0.045,-0.591,0.454,0.644,0.365,0.302,0.39,0.484,0.081,0.76,-0.209,0.341,0.542,0.403,0.093,0.361,0.252,0.264,-0.292,-0.392,0.0,0.59,-0.238,0.272,-0.339,-0.427,-0.087,-0.456,0.105,-0.303,-0.518,-0.15,0.621,-0.138,-0.669,-0.593,0.122,-0.097,-0.448,0.512,-0.398,-0.476,0.769,-0.314,-0.018,0.791,-0.63,-0.28,-0.271,0.641,-0.047,0.404,0.892,0.064,-0.463,0.402,0.705,0.035,0.632,-0.671,0.243,0.435,0.578,0.095,-0.359,-0.661,0.18,-0.508,0.489,0.776,0.053,0.388,0.103,0.248,0.632,-0.435,0.417,0.379,-0.503,-0.33,0.186,0.545,-0.204,-0.024,-0.373,0.654,0.643,-0.691,0.399,-0.069,-0.335,-0.456,-0.242,-0.417,0.309,-0.273,0.361,0.25,0.632,0.687,-0.234,-0.004,-0.482,0.442,-0.009,0.894,0.236,-0.389,-0.398,-0.517,0.568,0.819,0.244,0.09,0.334,-0.006,-0.319,-0.691,-0.025,0.345,0.363,0.286,0.144,0.722,0.876,-0.48,-0.119,0.332,-0.51,-0.047,0.472,-0.698,-0.414,0.11,0.378,0.723,-0.335,0.443,0.215,-0.575,0.046,-0.526,-0.034,0.578,-0.113,0.133,0.304,0.503,-0.356,0.664,-0.102,0.317,0.458,0.433,-0.511,0.079,-0.001,0.752,0.492,0.489,0.343,0.583,-0.331,-0.282,-0.378,0.197,0.588,0.691,0.221,-0.439,0.729,0.797,0.217,-0.478,0.253,0.395,-0.535,0.623,-0.382,-0.233,0.009,-0.401,0.649,0.254,0.5,-0.671,-0.507,0.728,0.259,-0.156,-0.647,-0.304,-0.391
BILI,-0.3,-0.039,-0.588,0.144,-0.536,-0.549,0.215,-0.15,-0.296,0.52,0.327,0.382,0.021,0.062,0.307,-0.251,0.322,-0.084,0.184,0.675,-0.088,0.2,0.28,-0.192,-0.081,0.102,-0.126,0.59,0.0,-0.486,0.257,-0.658,-0.272,-0.138,-0.309,-0.208,-0.502,-0.623,-0.282,0.277,-0.487,-0.598,-0.654,-0.022,-0.635,-0.072,0.381,-0.595,-0.439,0.466,-0.486,-0.302,0.617,-0.444,-0.145,-0.502,0.264,-0.374,0.113,0.532,-0.274,-0.542,-0.031,0.781,-0.323,0.323,-0.412,-0.15,-0.064,0.226,-0.394,-0.032,-0.726,-0.123,-0.522,0.15,0.554,-0.341,0.146,-0.121,0.304,0.221,-0.658,-0.105,-0.227,-0.248,0.024,-0.187,0.092,-0.315,-0.296,-0.522,0.201,0.398,-0.681,-0.062,-0.452,-0.509,-0.646,-0.209,-0.421,-0.265,-0.189,0.234,-0.151,0.286,0.391,-0.167,-0.403,-0.104,-0.04,-0.419,0.522,0.257,-0.692,-0.584,-0.616,0.246,0.575,-0.067,-0.115,0.195,-0.194,-0.349,-0.659,0.087,0.491,0.792,-0.121,-0.189,0.713,0.56,-0.332,-0.333,0.341,-0.758,-0.375,0.523,-0.663,-0.535,-0.304,0.541,0.462,-0.459,-0.012,-0.094,-0.709,-0.225,-0.567,0.442,0.072,-0.458,0.069,-0.153,-0.006,-0.375,0.492,-0.437,-0.044,0.517,0.137,-0.667,-0.349,-0.237,0.424,0.165,0.236,0.034,0.066,-0.378,-0.419,-0.648,-0.193,0.212,0.496,-0.29,-0.229,0.645,0.437,-0.069,-0.786,0.02,0.012,-0.749,0.28,-0.193,-0.627,-0.355,-0.356,0.599,0.073,0.023,-0.616,-0.479,0.236,-0.17,-0.37,-0.346,-0.493,0.03
BJRI,0.213,0.379,0.167,-0.011,0.296,0.811,0.469,0.682,-0.134,-0.624,0.342,-0.358,0.729,0.537,0.359,0.757,0.327,0.267,0.528,-0.538,0.572,-0.45,0.425,0.736,0.641,-0.469,-0.259,-0.238,-0.486,0.0,0.114,0.784,-0.063,0.554,0.25,0.746,0.639,0.842,0.49,0.436,0.508,0.277,0.456,0.722,0.569,-0.459,0.304,0.838,0.166,0.014,0.619,0.869,-0.228,-0.019,0.71,0.845,0.219,0.788,0.542,0.003,0.833,0.659,0.661,-0.368,0.876,0.33,0.336,0.599,0.234,0.426,0.554,0.495,0.477,0.569,0.68,0.521,0.094,0.83,0.467,0.733,-0.195,0.38,0.605,0.599,0.503,-0.147,-0.522,0.779,0.379,0.701,0.871,0.768,0.448,0.175,0.415,0.502,0.165,0.744,0.403,0.275,0.652,0.662,0.124,0.534,0.758,0.253,0.303,0.436,0.908,-0.264,0.655,0.877,-0.069,-0.234,0.767,0.86,0.642,0.425,-0.032,0.565,0.692,0.507,0.818,0.744,0.497,-0.168,-0.085,-0.414,0.69,0.632,-0.18,-0.251,0.144,0.549,-0.061,0.732,0.844,-0.39,0.594,0.519,0.77,-0.535,0.224,0.723,0.571,0.753,0.777,0.798,0.462,0.046,0.517,0.897,-0.266,0.424,0.603,-0.028,0.133,0.883,0.706,-0.409,0.039,0.554,0.477,0.343,0.109,0.377,0.474,0.627,0.378,0.754,0.883,0.929,0.707,0.491,0.101,0.801,0.192,-0.227,0.169,0.725,0.777,0.74,0.623,0.764,0.439,0.51,0.926,0.671,0.044,-0.371,0.563,0.393,0.258,-0.047,0.125,0.774,0.879,-0.108,0.824,-0.36
BLUE,-0.025,0.669,0.053,0.384,-0.048,0.248,0.421,0.563,-0.005,0.351,0.46,0.584,0.355,0.65,0.224,0.413,0.305,0.52,0.42,0.41,0.106,0.522,0.464,0.268,0.342,0.151,0.217,0.272,0.257,0.114,0.0,0.197,0.163,0.14,0.272,0.16,0.247,0.114,0.4,0.385,0.273,0.034,0.123,0.211,-0.022,0.006,0.258,0.24,0.165,0.424,0.513,0.185,0.244,0.169,0.426,0.385,0.49,0.146,0.527,0.27,0.484,0.327,0.269,0.131,0.254,0.303,0.198,0.439,0.42,0.468,0.466,0.293,0.159,0.193,0.314,0.285,0.159,0.251,0.367,0.446,-0.108,0.509,0.195,0.391,0.237,0.261,0.064,0.274,-0.008,0.514,-0.06,0.188,0.31,0.328,0.013,0.172,0.325,0.297,0.005,0.455,0.012,0.162,0.353,0.572,0.075,0.14,0.309,0.52,0.163,0.101,0.345,0.308,0.289,0.593,0.154,0.048,0.164,0.199,0.281,0.359,0.255,0.329,0.373,0.408,0.111,0.531,0.742,0.37,0.186,0.521,0.535,0.398,0.241,0.008,0.326,0.097,0.371,0.477,0.096,0.183,0.056,0.413,0.386,0.455,0.486,0.155,0.026,0.48,0.019,0.446,0.243,0.262,0.334,0.16,0.369,0.179,0.248,0.227,0.3,0.278,0.612,0.079,0.487,0.647,0.239,0.107,0.498,0.288,0.379,0.385,0.261,0.053,0.251,0.28,0.334,0.079,0.358,0.372,0.434,0.239,0.076,0.204,0.499,0.058,0.288,0.252,0.092,0.293,0.017,0.499,0.406,0.275,0.096,0.066,0.113,0.124,0.225,0.01,0.351,0.274
