,AAL,AAON,ACB,ACGL,ACGLO,ACIW,ADBE,ADSK,AEP,AGIO,ALEC,ALNY,ALTR,AMBA,AMCX,AMKR,AMRX,ANSS,APPN,APTO,ARCT,ARWR,ASND,ASTH,ATSG,AVTX,BCPC,BEAM,BILI,BJRI,BLUE,BPOP,BRKL,BWIN,BZUN,CARG,CBRL,CBSH,CBUS,CENTA,CERS,CFFN,CHCO,CHEF,CHRD,CINF,CLLS,CMCO,CMCSA,COLL,COMM,COOP,CPB,CRON,CROX,CRUS,CRWD,CTAS,CYBR,CYTK,DGII,DIOD,DOMO,DPZ,DSGR,DXCM,ERIE,ESTA,EXEL,FAST,FCEL,FCFS,FHB,FITBI,FSV,FTDR,FUTU,GLDD,GLPG,GLPI,GOGO,GOSS,GSAT,GYRE,HALO,HAS,HLIT,HLNE,HSDT,HSIC,HTHT,ICHR,IDYA,IMVT,INDB,INSM,IONS,IOSP,ITRI,JBHT,JBLU,JSM,KLIC,KOD,KURA,LAB,LASR,LIN,LKQ,LNT,MBUU,MCRI,MDGL,MEDP,MGNI,MGPI,MGRC,MKTX,MRNA,MRTN,MSEX,MSFT,MU,NAVI,NBTB,NEO,NEOG,NGNE,NSSC,NTAP,NTES,NTLA,NTRS,NYMTN,OBLG,OCFC,ON,ONC,OPI,OSIS,OSW,PALI,PANW,PCAR,PCRX,PCTY,PEBO,PLAB,PLAY,PLMR,PLSE,PLUS,PRTA,PSEC,PSNL,PTCT,PTON,QNST,QRVO,QTTB,RARE,RBCAA,RGNX,SAIC,SGMO,SINT,SNPS,SPSC,SPTN,SSYS,STNE,TBBK,TCPC,TENB,TGTX,TREE,TRUP,TTWO,TW,TXG,UBSI,UCTT,UFPT,UMBF,UPBD,URBN,VBTX,VCTR,VEON,VNET,VRSK,VSEC,WABC,WTFCM,WVE,WW,WWD,XEL,ZD,ZYME
AAL,0.0,-0.711,0.483,0.185,0.256,0.914,0.734,0.726,-0.249,-0.696,0.868,0.34,0.775,0.913,0.23,0.792,0.58,0.679,0.367,-0.758,0.842,0.51,0.848,-0.68,0.365,0.875,0.753,0.875,0.801,-0.353,0.144,0.685,0.148,-0.525,-0.776,0.489,-0.591,-0.526,0.274,-0.792,0.819,-0.627,0.615,0.822,0.93,0.684,0.869,0.862,0.587,0.558,0.934,0.601,-0.767,0.378,0.724,0.6,0.816,-0.659,0.21,0.627,0.644,0.694,0.615,-0.242,0.734,0.769,-0.077,0.798,0.46,0.658,0.221,0.63,0.802,0.144,-0.758,0.804,-0.597,0.66,-0.483,0.518,0.114,0.559,0.308,0.518,0.595,-0.513,0.905,0.44,0.607,0.919,-0.784,0.428,0.763,-0.015,0.73,0.099,-0.349,0.67,0.828,0.74,0.025,0.744,0.877,-0.24,0.603,0.372,0.743,-0.419,0.816,-0.486,0.488,0.393,0.751,0.794,0.676,0.704,-0.272,0.662,0.753,-0.181,0.606,0.322,0.883,-0.467,0.807,0.769,0.826,-0.226,-0.17,0.841,-0.534,0.875,-0.278,0.925,0.45,0.752,0.889,-0.714,0.257,0.889,0.329,0.451,0.584,-0.757,-0.783,-0.316,0.618,0.109,0.281,0.335,0.711,0.565,0.405,0.712,0.743,0.329,0.521,0.86,0.673,0.284,0.672,0.57,0.585,0.913,0.465,-0.066,0.753,-0.023,-0.306,0.797,0.531,0.902,0.787,0.525,0.466,0.247,0.517,0.728,0.763,0.571,0.753,0.841,0.899,-0.282,0.159,-0.734,0.643,0.9,0.819,0.605,-0.639,0.63,-0.758,0.441,-0.133,0.307,0.898,-0.911,0.876,0.604
AAON,-0.711,0.0,-0.45,0.09,-0.019,-0.812,-0.611,-0.479,0.363,0.434,-0.579,-0.15,-0.463,-0.764,0.126,-0.653,-0.351,-0.608,-0.027,0.493,-0.794,-0.356,-0.623,0.785,0.199,-0.659,-0.438,-0.725,-0.461,0.392,-0.43,-0.289,0.148,0.473,0.417,-0.165,0.562,0.709,0.075,0.737,-0.838,0.821,-0.185,-0.649,-0.709,-0.468,-0.836,-0.585,-0.266,-0.36,-0.659,-0.175,0.567,-0.417,-0.608,-0.699,-0.51,0.46,0.048,-0.357,-0.344,-0.715,-0.325,0.27,-0.456,-0.668,0.282,-0.535,-0.275,-0.289,0.196,-0.218,-0.41,-0.036,0.325,-0.522,0.6,-0.157,0.187,-0.063,0.019,-0.239,-0.238,-0.322,-0.18,0.454,-0.653,-0.045,-0.644,-0.754,0.583,-0.534,-0.733,0.135,-0.333,-0.161,0.291,-0.165,-0.429,-0.365,0.087,-0.525,-0.654,0.266,-0.355,-0.274,-0.677,0.665,-0.451,0.245,-0.196,-0.047,-0.657,-0.629,-0.422,-0.171,0.491,-0.632,-0.762,0.391,-0.227,-0.115,-0.802,0.467,-0.365,-0.482,-0.531,0.329,-0.056,-0.65,0.776,-0.624,0.512,-0.737,-0.528,-0.333,-0.611,0.824,0.152,-0.446,-0.262,-0.193,-0.235,0.802,0.651,0.356,-0.184,-0.357,0.166,-0.082,-0.528,-0.264,-0.19,-0.254,-0.562,-0.099,-0.307,-0.556,-0.746,-0.053,-0.35,-0.159,-0.361,-0.568,-0.204,-0.144,-0.611,0.319,0.133,-0.544,-0.172,-0.55,-0.644,-0.31,-0.152,0.076,-0.157,-0.493,-0.504,-0.508,-0.261,-0.846,-0.745,0.653,0.266,0.686,-0.225,-0.73,-0.497,-0.221,0.529,-0.292,0.851,-0.214,0.183,-0.357,-0.546,0.699,-0.617,-0.692
ACB,0.483,-0.45,0.0,-0.4,-0.334,0.451,0.563,0.537,0.44,0.059,0.336,0.373,0.324,0.64,0.57,0.698,0.037,0.62,0.362,0.039,0.614,-0.071,0.482,-0.454,0.242,0.527,0.143,0.359,0.153,-0.403,0.571,0.112,-0.179,-0.374,-0.27,0.161,-0.006,-0.582,-0.102,-0.281,0.513,-0.452,-0.132,0.708,0.544,0.27,0.617,0.396,0.561,0.367,0.533,0.277,-0.052,0.944,0.206,0.607,0.243,-0.146,0.213,0.189,0.165,0.809,0.138,-0.009,0.064,0.294,-0.523,0.178,0.243,0.351,0.477,-0.034,0.478,-0.29,-0.086,0.278,-0.722,0.181,-0.036,0.046,0.262,0.049,0.251,0.197,0.122,0.029,0.334,-0.064,0.563,0.339,-0.268,0.666,0.448,0.215,0.084,0.214,0.158,0.297,0.369,0.273,0.294,0.127,0.26,-0.178,-0.08,0.148,0.24,-0.027,0.275,0.082,0.052,0.561,0.465,0.28,0.683,0.15,-0.273,0.316,0.775,-0.628,-0.043,0.372,0.521,-0.33,0.154,0.36,0.224,-0.014,0.264,0.341,-0.484,0.343,0.055,0.387,0.701,0.076,0.345,-0.562,-0.231,0.307,0.557,0.083,0.099,-0.557,-0.486,0.208,0.072,0.444,0.359,-0.129,0.335,0.515,-0.079,0.426,0.049,0.055,0.194,0.224,0.636,-0.012,0.159,0.058,0.144,0.353,-0.032,0.357,0.392,0.373,0.318,0.475,0.191,0.381,0.733,0.167,-0.036,-0.465,0.113,0.363,0.193,0.637,0.24,0.663,0.459,-0.094,-0.006,-0.558,0.056,0.594,0.173,0.498,-0.412,0.024,-0.557,-0.082,0.121,0.587,0.501,-0.409,0.366,0.843
ACGL,0.185,0.09,-0.4,0.0,0.822,0.25,0.136,0.27,-0.43,-0.584,0.428,0.453,0.443,0.168,-0.262,0.146,0.692,0.151,-0.164,-0.576,0.119,0.685,0.188,-0.047,0.285,0.239,0.568,0.284,0.567,0.275,-0.234,0.738,0.073,-0.033,-0.433,0.671,-0.283,0.352,0.726,-0.276,-0.07,-0.051,0.622,-0.089,0.136,0.571,0.004,0.487,0.005,0.248,0.214,0.599,-0.49,-0.552,0.507,-0.052,0.522,-0.311,0.447,0.519,0.609,-0.207,0.686,0.1,0.49,0.495,0.834,0.582,0.459,0.308,-0.158,0.766,0.192,0.501,-0.377,0.451,0.02,0.502,-0.751,0.722,-0.59,0.693,0.428,0.563,0.434,0.121,0.361,0.764,-0.212,0.27,-0.291,-0.494,-0.219,0.299,0.628,-0.435,0.049,0.488,0.498,0.203,-0.542,0.478,0.455,0.352,0.372,0.573,0.464,0.04,0.416,-0.536,0.696,0.04,0.274,0.539,-0.001,0.622,0.017,0.275,-0.274,0.379,0.641,0.321,0.259,-0.092,0.535,0.458,0.546,-0.183,-0.642,0.479,0.106,0.409,-0.312,0.237,-0.264,0.612,0.376,0.236,0.523,0.398,-0.193,0.654,0.687,0.038,-0.058,-0.112,0.593,-0.429,0.282,0.798,0.458,-0.005,0.722,0.304,0.483,0.498,0.641,0.465,-0.116,0.602,0.648,0.572,0.671,0.382,0.642,-0.597,0.434,-0.208,-0.681,0.372,0.621,0.429,-0.082,0.59,0.758,0.566,0.652,0.431,0.534,-0.062,0.532,-0.139,0.082,0.102,0.339,-0.093,0.724,0.122,0.477,0.061,0.249,0.741,-0.007,0.575,-0.232,-0.477,0.235,-0.176,0.349,-0.375
ACGLO,0.256,-0.019,-0.334,0.822,0.0,0.382,0.253,0.429,-0.466,-0.76,0.568,0.552,0.611,0.239,-0.267,0.196,0.803,0.27,-0.105,-0.69,0.208,0.864,0.4,-0.206,0.181,0.387,0.729,0.494,0.702,-0.039,-0.22,0.789,0.006,-0.35,-0.518,0.778,-0.449,0.165,0.798,-0.468,0.097,-0.246,0.655,-0.087,0.226,0.532,0.113,0.559,-0.072,0.111,0.32,0.659,-0.673,-0.542,0.584,-0.075,0.617,-0.509,0.483,0.727,0.739,-0.203,0.78,0.215,0.403,0.601,0.876,0.72,0.691,0.453,-0.103,0.785,0.245,0.439,-0.383,0.639,-0.092,0.474,-0.736,0.629,-0.62,0.837,0.389,0.708,0.554,0.061,0.431,0.82,-0.259,0.364,-0.537,-0.594,-0.214,0.263,0.716,-0.332,-0.045,0.417,0.541,0.192,-0.698,0.518,0.558,0.498,0.478,0.636,0.52,-0.019,0.357,-0.731,0.827,0.134,0.407,0.619,-0.011,0.621,-0.283,0.429,-0.101,0.22,0.726,0.311,0.343,-0.322,0.537,0.636,0.663,-0.041,-0.783,0.574,-0.102,0.575,-0.53,0.405,-0.075,0.705,0.499,0.183,0.421,0.468,-0.362,0.729,0.761,-0.159,-0.188,-0.12,0.637,-0.569,0.184,0.895,0.611,-0.174,0.819,0.428,0.648,0.623,0.746,0.616,-0.099,0.773,0.784,0.422,0.809,0.458,0.769,-0.685,0.539,-0.148,-0.875,0.532,0.713,0.52,-0.082,0.69,0.876,0.633,0.781,0.633,0.7,0.109,0.511,-0.059,0.129,-0.141,0.069,-0.288,0.805,0.246,0.595,0.224,0.281,0.825,-0.207,0.587,-0.117,-0.596,0.341,-0.287,0.526,-0.3
ACIW,0.914,-0.812,0.451,0.25,0.382,0.0,0.774,0.765,-0.301,-0.724,0.908,0.463,0.795,0.937,0.033,0.823,0.672,0.764,0.151,-0.763,0.89,0.647,0.868,-0.792,0.171,0.885,0.786,0.932,0.811,-0.382,0.315,0.711,-0.018,-0.62,-0.729,0.578,-0.639,-0.598,0.309,-0.89,0.857,-0.778,0.559,0.766,0.922,0.781,0.9,0.889,0.444,0.471,0.909,0.598,-0.801,0.315,0.838,0.654,0.834,-0.679,0.299,0.71,0.675,0.718,0.701,-0.134,0.729,0.9,0.028,0.862,0.568,0.602,0.01,0.649,0.703,0.19,-0.645,0.839,-0.688,0.539,-0.545,0.497,-0.133,0.65,0.472,0.606,0.583,-0.386,0.892,0.48,0.587,0.927,-0.815,0.375,0.641,0.065,0.721,0.075,-0.26,0.577,0.82,0.628,-0.223,0.735,0.898,-0.138,0.538,0.503,0.876,-0.501,0.74,-0.52,0.581,0.319,0.799,0.891,0.631,0.618,-0.442,0.786,0.758,-0.278,0.616,0.362,0.964,-0.561,0.723,0.831,0.861,-0.352,-0.261,0.938,-0.677,0.907,-0.505,0.936,0.5,0.737,0.884,-0.764,0.117,0.802,0.304,0.548,0.648,-0.827,-0.79,-0.284,0.573,0.111,0.205,0.452,0.858,0.434,0.495,0.613,0.793,0.441,0.647,0.876,0.712,0.411,0.732,0.469,0.714,0.875,0.518,-0.072,0.845,-0.141,-0.418,0.856,0.585,0.885,0.76,0.641,0.537,0.143,0.559,0.818,0.817,0.578,0.7,0.869,0.835,-0.456,0.006,-0.797,0.667,0.93,0.79,0.531,-0.492,0.687,-0.873,0.476,-0.189,0.225,0.872,-0.856,0.901,0.645
ADBE,0.734,-0.611,0.563,0.136,0.253,0.774,0.0,0.889,-0.037,-0.468,0.767,0.644,0.734,0.817,0.143,0.881,0.596,0.92,0.357,-0.518,0.796,0.477,0.711,-0.5,0.402,0.768,0.604,0.698,0.683,-0.299,0.545,0.587,-0.209,-0.397,-0.514,0.583,-0.507,-0.536,0.371,-0.627,0.604,-0.729,0.219,0.707,0.768,0.754,0.734,0.758,0.532,0.603,0.741,0.676,-0.495,0.441,0.694,0.744,0.782,-0.38,0.642,0.537,0.548,0.762,0.721,0.254,0.584,0.769,-0.003,0.732,0.52,0.6,0.264,0.39,0.51,0.039,-0.286,0.662,-0.683,0.575,-0.604,0.351,-0.007,0.58,0.603,0.585,0.565,-0.031,0.794,0.564,0.589,0.643,-0.575,0.439,0.532,0.42,0.483,-0.253,0.204,0.607,0.715,0.651,-0.177,0.593,0.642,0.17,0.195,0.605,0.73,-0.095,0.555,-0.37,0.567,0.6,0.713,0.734,0.774,0.466,-0.224,0.796,0.716,-0.27,0.252,0.716,0.833,-0.608,0.531,0.764,0.684,-0.24,-0.042,0.758,-0.426,0.719,-0.227,0.732,0.457,0.601,0.799,-0.477,-0.033,0.62,0.46,0.635,0.686,-0.671,-0.557,0.203,0.427,0.268,0.407,0.466,0.804,0.629,0.557,0.638,0.555,0.36,0.714,0.712,0.813,0.41,0.683,0.386,0.632,0.622,0.318,-0.15,0.884,0.296,-0.254,0.829,0.656,0.687,0.715,0.769,0.439,-0.017,0.629,0.755,0.726,0.744,0.517,0.739,0.587,-0.335,0.163,-0.72,0.592,0.755,0.669,0.673,-0.135,0.595,-0.764,0.441,-0.26,0.136,0.689,-0.579,0.65,0.678
ADSK,0.726,-0.479,0.537,0.27,0.429,0.765,0.889,0.0,-0.013,-0.622,0.856,0.807,0.887,0.812,0.252,0.876,0.689,0.929,0.336,-0.61,0.774,0.632,0.851,-0.557,0.442,0.873,0.777,0.792,0.8,-0.474,0.355,0.749,-0.217,-0.583,-0.72,0.804,-0.525,-0.516,0.587,-0.681,0.589,-0.712,0.395,0.649,0.782,0.743,0.712,0.851,0.494,0.467,0.809,0.846,-0.594,0.354,0.68,0.607,0.84,-0.61,0.691,0.763,0.771,0.64,0.843,0.29,0.525,0.797,0.207,0.82,0.739,0.779,0.364,0.59,0.598,-0.037,-0.399,0.825,-0.749,0.693,-0.717,0.507,-0.115,0.775,0.683,0.763,0.678,0.011,0.737,0.691,0.38,0.669,-0.729,0.177,0.359,0.421,0.634,-0.258,0.104,0.701,0.799,0.63,-0.363,0.541,0.749,0.287,0.323,0.688,0.682,0.026,0.57,-0.573,0.712,0.757,0.758,0.813,0.761,0.669,-0.385,0.744,0.683,-0.261,0.507,0.732,0.802,-0.671,0.624,0.904,0.813,-0.117,-0.345,0.824,-0.475,0.839,-0.373,0.773,0.568,0.745,0.851,-0.408,0.038,0.758,0.256,0.754,0.814,-0.694,-0.698,0.153,0.585,-0.008,0.44,0.647,0.866,0.499,0.642,0.783,0.651,0.512,0.836,0.828,0.639,0.617,0.842,0.414,0.784,0.743,0.58,-0.25,0.91,0.336,-0.429,0.946,0.822,0.784,0.655,0.828,0.683,0.159,0.799,0.915,0.837,0.78,0.635,0.642,0.544,-0.312,0.098,-0.842,0.752,0.803,0.742,0.816,-0.106,0.746,-0.745,0.495,-0.151,-0.039,0.762,-0.655,0.796,0.583
AEP,-0.249,0.363,0.44,-0.43,-0.466,-0.301,-0.037,-0.013,0.0,0.581,-0.283,0.11,-0.3,-0.113,0.573,0.063,-0.349,-0.021,0.179,0.618,-0.239,-0.575,-0.196,0.248,0.213,-0.201,-0.426,-0.374,-0.448,-0.013,0.296,-0.267,-0.058,0.168,0.224,-0.128,0.588,0.105,-0.139,0.462,-0.332,0.307,-0.355,0.098,-0.126,-0.196,-0.21,-0.217,0.357,0.095,-0.163,-0.007,0.543,0.509,-0.351,0.017,-0.397,0.376,0.114,-0.253,-0.355,0.198,-0.301,0.148,-0.368,-0.418,-0.417,-0.423,-0.17,-0.096,0.417,-0.321,0.115,-0.41,0.274,-0.35,-0.175,-0.105,0.234,-0.121,0.347,-0.321,0.06,-0.251,-0.102,0.514,-0.358,-0.297,-0.004,-0.408,0.373,0.266,-0.213,0.366,-0.32,0.098,0.474,0.098,-0.087,-0.163,0.406,-0.352,-0.434,-0.1,-0.643,-0.255,-0.35,0.457,-0.134,0.612,-0.234,0.376,-0.269,-0.396,0.196,-0.203,0.216,-0.307,-0.032,-0.425,-0.36,0.276,-0.225,0.199,-0.238,-0.221,-0.401,0.209,0.359,-0.29,0.159,-0.363,0.576,-0.356,0.065,-0.329,-0.286,0.053,-0.157,-0.222,0.262,-0.205,-0.278,0.311,0.139,0.414,-0.118,0.253,0.416,-0.328,-0.188,0.294,-0.351,0.032,-0.596,-0.138,-0.22,-0.402,-0.006,-0.225,-0.305,-0.108,-0.286,-0.247,-0.421,0.325,-0.28,0.412,0.602,-0.142,-0.171,-0.169,0.196,-0.264,-0.338,-0.587,-0.254,-0.215,-0.428,-0.025,-0.071,-0.078,-0.202,0.55,0.209,0.178,-0.271,-0.1,-0.36,0.208,-0.017,-0.339,0.286,-0.27,0.409,0.373,-0.077,0.407,-0.303,0.255
AGIO,-0.696,0.434,0.059,-0.584,-0.76,-0.724,-0.468,-0.622,0.581,0.0,-0.836,-0.418,-0.84,-0.574,0.177,-0.453,-0.775,-0.471,-0.071,0.939,-0.549,-0.888,-0.77,0.508,-0.172,-0.739,-0.948,-0.844,-0.921,0.343,0.287,-0.819,-0.035,0.585,0.805,-0.702,0.773,0.272,-0.62,0.775,-0.58,0.537,-0.769,-0.341,-0.635,-0.624,-0.54,-0.8,-0.118,-0.196,-0.68,-0.686,0.922,0.235,-0.704,-0.209,-0.837,0.807,-0.283,-0.831,-0.849,-0.136,-0.786,0.009,-0.635,-0.756,-0.549,-0.9,-0.662,-0.696,0.003,-0.837,-0.493,-0.294,0.663,-0.898,0.303,-0.681,0.708,-0.624,0.261,-0.821,-0.363,-0.683,-0.598,0.413,-0.709,-0.739,-0.072,-0.8,0.892,0.273,-0.326,0.059,-0.831,0.145,0.456,-0.544,-0.712,-0.59,0.553,-0.669,-0.865,-0.185,-0.748,-0.6,-0.712,0.277,-0.611,0.87,-0.717,-0.258,-0.68,-0.842,-0.227,-0.785,0.429,-0.659,-0.362,-0.172,-0.83,-0.232,-0.645,0.51,-0.753,-0.808,-0.904,0.137,0.634,-0.795,0.384,-0.871,0.631,-0.816,-0.26,-0.875,-0.818,0.275,-0.336,-0.826,0.249,-0.673,-0.766,0.562,0.646,0.431,-0.696,0.455,-0.07,-0.752,-0.714,-0.034,-0.692,-0.578,-0.93,-0.458,-0.701,-0.915,-0.247,-0.569,-0.839,-0.512,-0.806,-0.812,-0.782,0.495,-0.718,0.181,0.827,-0.749,-0.679,-0.778,-0.278,-0.668,-0.819,-0.72,-0.774,-0.786,-0.909,-0.383,-0.661,-0.387,-0.575,0.41,0.061,0.649,-0.824,-0.645,-0.855,-0.435,0.192,-0.854,0.581,-0.651,0.275,0.364,-0.66,0.746,-0.844,-0.064
ALEC,0.868,-0.579,0.336,0.428,0.568,0.908,0.767,0.856,-0.283,-0.836,0.0,0.602,0.922,0.855,0.089,0.803,0.792,0.772,0.189,-0.843,0.795,0.771,0.908,-0.619,0.358,0.91,0.917,0.93,0.938,-0.388,0.13,0.856,0.032,-0.617,-0.84,0.759,-0.667,-0.474,0.549,-0.838,0.723,-0.669,0.68,0.686,0.878,0.81,0.771,0.933,0.422,0.446,0.893,0.788,-0.837,0.163,0.84,0.569,0.925,-0.739,0.482,0.834,0.821,0.567,0.847,0.066,0.718,0.888,0.277,0.945,0.693,0.77,0.2,0.804,0.704,0.191,-0.685,0.927,-0.614,0.747,-0.701,0.641,-0.128,0.824,0.56,0.749,0.76,-0.29,0.87,0.71,0.407,0.881,-0.866,0.135,0.498,0.168,0.83,-0.064,-0.191,0.728,0.901,0.7,-0.365,0.718,0.921,0.061,0.626,0.634,0.831,-0.226,0.756,-0.701,0.763,0.506,0.791,0.924,0.622,0.802,-0.346,0.774,0.633,-0.108,0.732,0.469,0.89,-0.61,0.81,0.933,0.964,-0.225,-0.425,0.935,-0.5,0.952,-0.475,0.928,0.45,0.898,0.939,-0.532,0.261,0.914,0.152,0.715,0.837,-0.71,-0.776,-0.18,0.725,-0.123,0.334,0.666,0.891,0.438,0.686,0.735,0.842,0.57,0.787,0.959,0.6,0.576,0.88,0.598,0.831,0.923,0.684,-0.229,0.875,0.071,-0.568,0.933,0.787,0.915,0.664,0.776,0.737,0.354,0.779,0.907,0.924,0.614,0.817,0.709,0.741,-0.329,0.111,-0.786,0.846,0.861,0.893,0.667,-0.314,0.852,-0.758,0.616,-0.204,0.003,0.893,-0.827,0.938,0.49
ALNY,0.34,-0.15,0.373,0.453,0.552,0.463,0.644,0.807,0.11,-0.418,0.602,0.0,0.7,0.544,0.207,0.684,0.671,0.766,0.123,-0.372,0.518,0.621,0.578,-0.394,0.394,0.606,0.598,0.507,0.603,-0.313,0.397,0.709,-0.355,-0.441,-0.516,0.897,-0.208,-0.186,0.755,-0.406,0.2,-0.506,0.285,0.273,0.427,0.625,0.401,0.646,0.327,0.341,0.51,0.823,-0.372,0.144,0.549,0.354,0.639,-0.407,0.824,0.698,0.719,0.364,0.82,0.444,0.264,0.666,0.485,0.642,0.814,0.6,0.299,0.545,0.378,-0.021,-0.141,0.603,-0.654,0.487,-0.74,0.533,-0.461,0.795,0.732,0.788,0.56,0.451,0.435,0.711,0.042,0.285,-0.433,-0.099,-0.148,0.707,0.524,-0.389,0.408,0.573,0.639,0.277,-0.503,0.341,0.511,0.519,0.118,0.738,0.49,0.261,0.347,-0.484,0.78,0.67,0.581,0.64,0.559,0.54,-0.362,0.543,0.323,-0.259,0.452,0.817,0.542,-0.578,0.402,0.77,0.612,-0.005,-0.543,0.634,-0.286,0.6,-0.373,0.404,0.365,0.568,0.563,-0.049,0.063,0.456,0.133,0.784,0.788,-0.405,-0.357,0.426,0.513,-0.1,0.505,0.757,0.755,0.264,0.678,0.65,0.408,0.655,0.869,0.553,0.311,0.808,0.796,0.284,0.804,0.459,0.609,-0.36,0.767,0.341,-0.465,0.754,0.869,0.549,0.373,0.811,0.76,0.065,0.799,0.803,0.655,0.611,0.485,0.266,0.133,-0.122,0.126,-0.603,0.715,0.502,0.477,0.613,0.258,0.694,-0.462,0.394,-0.001,-0.22,0.502,-0.297,0.562,0.307
ALTR,0.775,-0.463,0.324,0.443,0.611,0.795,0.734,0.887,-0.3,-0.84,0.922,0.7,0.0,0.768,0.135,0.753,0.789,0.783,0.232,-0.83,0.777,0.821,0.911,-0.577,0.393,0.911,0.942,0.888,0.94,-0.504,0.054,0.852,-0.116,-0.701,-0.838,0.834,-0.672,-0.44,0.674,-0.783,0.649,-0.669,0.609,0.541,0.78,0.716,0.699,0.903,0.332,0.374,0.813,0.833,-0.8,0.113,0.742,0.456,0.908,-0.772,0.527,0.88,0.918,0.441,0.884,0.161,0.566,0.846,0.401,0.929,0.804,0.855,0.273,0.759,0.6,0.108,-0.578,0.935,-0.616,0.741,-0.742,0.617,-0.186,0.886,0.576,0.829,0.723,-0.185,0.783,0.76,0.247,0.787,-0.866,-0.051,0.359,0.21,0.795,-0.184,-0.196,0.663,0.806,0.647,-0.464,0.603,0.885,0.259,0.652,0.703,0.713,-0.064,0.644,-0.796,0.776,0.592,0.798,0.905,0.57,0.8,-0.458,0.739,0.615,-0.05,0.734,0.527,0.784,-0.682,0.735,0.951,0.949,-0.067,-0.545,0.851,-0.491,0.94,-0.558,0.857,0.512,0.859,0.888,-0.355,0.218,0.877,0.022,0.763,0.849,-0.702,-0.74,-0.084,0.659,-0.274,0.278,0.731,0.832,0.285,0.743,0.76,0.84,0.571,0.84,0.94,0.466,0.674,0.923,0.491,0.859,0.852,0.752,-0.36,0.888,0.162,-0.669,0.933,0.848,0.839,0.507,0.789,0.827,0.472,0.884,0.933,0.951,0.704,0.713,0.567,0.586,-0.368,0.005,-0.831,0.847,0.783,0.861,0.705,-0.154,0.857,-0.722,0.548,-0.21,-0.186,0.797,-0.789,0.911,0.394
AMBA,0.913,-0.764,0.64,0.168,0.239,0.937,0.817,0.812,-0.113,-0.574,0.855,0.544,0.768,0.0,0.283,0.918,0.599,0.839,0.279,-0.646,0.922,0.504,0.838,-0.777,0.333,0.899,0.689,0.863,0.736,-0.392,0.431,0.682,-0.019,-0.596,-0.731,0.582,-0.488,-0.615,0.302,-0.79,0.796,-0.749,0.468,0.845,0.914,0.735,0.905,0.876,0.629,0.597,0.928,0.633,-0.682,0.499,0.737,0.718,0.787,-0.604,0.344,0.652,0.641,0.836,0.667,-0.137,0.646,0.836,-0.093,0.781,0.573,0.635,0.188,0.578,0.778,0.086,-0.609,0.767,-0.809,0.564,-0.505,0.452,-0.068,0.583,0.478,0.619,0.539,-0.307,0.862,0.42,0.648,0.838,-0.709,0.503,0.645,0.155,0.674,0.088,-0.116,0.653,0.83,0.604,-0.067,0.676,0.842,-0.168,0.454,0.458,0.767,-0.354,0.747,-0.414,0.533,0.478,0.811,0.82,0.771,0.618,-0.384,0.686,0.802,-0.374,0.529,0.474,0.945,-0.56,0.7,0.807,0.799,-0.288,-0.184,0.88,-0.672,0.862,-0.35,0.868,0.555,0.681,0.844,-0.756,0.117,0.775,0.453,0.505,0.609,-0.81,-0.789,-0.154,0.547,0.246,0.345,0.361,0.808,0.588,0.439,0.712,0.647,0.432,0.609,0.793,0.757,0.385,0.695,0.498,0.652,0.854,0.459,-0.025,0.835,0.026,-0.247,0.867,0.594,0.871,0.866,0.605,0.483,0.007,0.524,0.798,0.732,0.673,0.697,0.888,0.834,-0.338,0.123,-0.814,0.625,0.926,0.722,0.64,-0.527,0.617,-0.844,0.37,-0.076,0.376,0.887,-0.841,0.858,0.742
AMCX,0.23,0.126,0.57,-0.262,-0.267,0.033,0.143,0.252,0.573,0.177,0.089,0.207,0.135,0.283,0.0,0.29,-0.146,0.183,0.633,0.137,0.151,-0.289,0.192,-0.068,0.573,0.243,-0.011,0.032,-0.003,-0.195,0.136,0.109,0.179,-0.233,-0.207,0.145,0.382,-0.081,0.068,0.021,0.031,0.085,0.003,0.394,0.233,-0.048,0.141,0.145,0.591,0.351,0.326,0.254,0.056,0.515,-0.196,0.028,0.007,-0.081,0.103,0.125,0.121,0.284,-0.006,-0.074,-0.134,-0.105,-0.338,-0.05,0.15,0.23,0.646,0.015,0.523,-0.304,-0.239,0.09,-0.404,0.211,0.075,0.053,0.256,-0.025,0.002,0.091,0.096,0.018,0.055,-0.067,0.116,-0.023,0.005,0.285,0.05,0.154,0.107,0.219,0.106,0.387,0.235,0.067,0.47,-0.058,0.016,-0.138,-0.034,-0.216,-0.261,0.323,0.172,0.107,-0.003,0.577,0.093,-0.084,0.521,0.272,0.014,-0.241,0.259,-0.407,0.077,0.23,0.053,-0.024,0.19,0.156,0.039,0.287,0.038,-0.002,-0.11,0.101,0.387,0.041,0.218,0.068,0.054,-0.092,0.119,0.228,0.311,-0.093,0.0,-0.093,-0.237,0.186,0.134,0.131,0.532,-0.18,0.001,0.433,-0.159,0.553,-0.205,0.141,-0.062,0.021,0.014,-0.0,0.044,0.147,-0.019,0.234,0.019,0.188,0.005,0.521,0.338,0.223,0.109,0.229,0.38,-0.069,0.004,-0.235,0.003,0.14,-0.051,0.282,0.262,0.155,0.2,0.392,0.344,-0.148,0.057,0.241,0.001,0.567,-0.365,-0.013,-0.034,-0.182,0.482,0.431,0.321,-0.215,0.163,0.344
AMKR,0.792,-0.653,0.698,0.146,0.196,0.823,0.881,0.876,0.063,-0.453,0.803,0.684,0.753,0.918,0.29,0.0,0.613,0.923,0.27,-0.507,0.884,0.47,0.8,-0.643,0.34,0.866,0.633,0.769,0.68,-0.434,0.54,0.638,-0.147,-0.488,-0.661,0.62,-0.462,-0.577,0.37,-0.642,0.687,-0.736,0.322,0.778,0.838,0.725,0.833,0.831,0.628,0.595,0.845,0.683,-0.515,0.571,0.735,0.832,0.739,-0.495,0.516,0.595,0.613,0.87,0.687,0.114,0.525,0.78,-0.055,0.723,0.593,0.679,0.336,0.5,0.677,-0.049,-0.402,0.692,-0.835,0.588,-0.542,0.446,-0.01,0.586,0.611,0.658,0.584,-0.033,0.768,0.454,0.614,0.706,-0.622,0.505,0.559,0.384,0.565,-0.058,0.141,0.656,0.795,0.595,-0.14,0.607,0.753,-0.011,0.274,0.595,0.741,-0.119,0.684,-0.324,0.589,0.623,0.801,0.787,0.8,0.54,-0.325,0.709,0.784,-0.395,0.396,0.651,0.91,-0.619,0.598,0.801,0.734,-0.142,-0.109,0.817,-0.574,0.776,-0.278,0.78,0.612,0.607,0.827,-0.627,0.066,0.704,0.424,0.57,0.637,-0.711,-0.705,0.098,0.49,0.306,0.4,0.413,0.786,0.633,0.499,0.674,0.54,0.371,0.688,0.712,0.833,0.414,0.69,0.451,0.636,0.749,0.385,0.023,0.86,0.226,-0.182,0.849,0.678,0.78,0.862,0.663,0.472,-0.083,0.594,0.792,0.704,0.77,0.64,0.844,0.697,-0.248,0.144,-0.803,0.605,0.835,0.683,0.653,-0.317,0.596,-0.786,0.378,-0.111,0.321,0.811,-0.679,0.765,0.78
AMRX,0.58,-0.351,0.037,0.692,0.803,0.672,0.596,0.689,-0.349,-0.775,0.792,0.671,0.789,0.599,-0.146,0.613,0.0,0.62,0.011,-0.789,0.583,0.834,0.65,-0.47,0.288,0.675,0.818,0.715,0.834,-0.235,0.096,0.882,0.044,-0.419,-0.713,0.81,-0.594,-0.043,0.786,-0.62,0.36,-0.498,0.694,0.261,0.553,0.734,0.475,0.826,0.285,0.446,0.596,0.763,-0.764,-0.141,0.848,0.371,0.781,-0.537,0.517,0.732,0.782,0.272,0.887,0.087,0.57,0.804,0.604,0.865,0.771,0.662,0.019,0.818,0.53,0.409,-0.496,0.745,-0.436,0.633,-0.802,0.72,-0.398,0.89,0.497,0.867,0.726,0.003,0.738,0.782,0.135,0.618,-0.674,-0.17,0.209,0.366,0.848,-0.224,0.018,0.633,0.776,0.45,-0.547,0.765,0.776,0.313,0.537,0.721,0.76,-0.162,0.707,-0.615,0.908,0.296,0.689,0.846,0.27,0.663,-0.267,0.657,0.267,0.054,0.725,0.532,0.708,-0.516,0.739,0.802,0.825,-0.053,-0.569,0.802,-0.328,0.754,-0.49,0.685,0.205,0.796,0.779,-0.173,0.517,0.679,-0.089,0.783,0.823,-0.387,-0.4,-0.084,0.718,-0.25,0.243,0.818,0.774,0.17,0.91,0.619,0.718,0.616,0.84,0.775,0.355,0.757,0.908,0.635,0.876,0.689,0.641,-0.499,0.802,-0.092,-0.714,0.74,0.807,0.767,0.369,0.78,0.827,0.473,0.847,0.794,0.833,0.406,0.714,0.373,0.474,-0.16,0.117,-0.543,0.892,0.534,0.811,0.392,0.02,0.886,-0.458,0.594,-0.133,-0.227,0.624,-0.535,0.738,0.103
ANSS,0.679,-0.608,0.62,0.151,0.27,0.764,0.92,0.929,-0.021,-0.471,0.772,0.766,0.783,0.839,0.183,0.923,0.62,0.0,0.227,-0.507,0.849,0.533,0.775,-0.62,0.332,0.831,0.638,0.747,0.681,-0.467,0.581,0.608,-0.285,-0.546,-0.589,0.672,-0.494,-0.607,0.417,-0.658,0.627,-0.786,0.224,0.669,0.745,0.722,0.763,0.778,0.491,0.498,0.745,0.682,-0.485,0.468,0.667,0.755,0.757,-0.476,0.637,0.622,0.623,0.781,0.746,0.265,0.475,0.801,0.053,0.732,0.659,0.685,0.248,0.422,0.51,-0.054,-0.265,0.695,-0.813,0.557,-0.582,0.339,-0.111,0.648,0.651,0.703,0.548,0.027,0.714,0.536,0.51,0.627,-0.605,0.364,0.435,0.391,0.498,-0.171,0.215,0.574,0.7,0.572,-0.303,0.52,0.691,0.2,0.236,0.668,0.687,-0.04,0.526,-0.427,0.592,0.657,0.769,0.775,0.774,0.476,-0.373,0.766,0.751,-0.298,0.332,0.706,0.836,-0.655,0.493,0.806,0.717,-0.208,-0.183,0.775,-0.556,0.756,-0.374,0.727,0.622,0.607,0.788,-0.511,-0.096,0.613,0.407,0.641,0.702,-0.728,-0.654,0.218,0.419,0.222,0.343,0.502,0.818,0.52,0.562,0.654,0.565,0.449,0.752,0.709,0.78,0.531,0.725,0.312,0.688,0.636,0.419,-0.114,0.912,0.29,-0.291,0.871,0.722,0.672,0.726,0.775,0.518,-0.035,0.669,0.834,0.744,0.818,0.509,0.742,0.541,-0.398,0.033,-0.844,0.609,0.783,0.632,0.689,-0.079,0.604,-0.806,0.393,-0.202,0.1,0.703,-0.609,0.709,0.708
APPN,0.367,-0.027,0.362,-0.164,-0.105,0.151,0.357,0.336,0.179,-0.071,0.189,0.123,0.232,0.279,0.633,0.27,0.011,0.227,0.0,-0.125,0.21,-0.094,0.227,-0.022,0.565,0.271,0.148,0.128,0.205,-0.114,0.042,0.179,0.168,-0.031,-0.18,0.124,0.029,-0.053,0.118,-0.081,0.145,-0.026,0.015,0.312,0.311,0.068,0.181,0.183,0.488,0.444,0.396,0.306,-0.134,0.315,-0.03,0.023,0.239,-0.097,0.206,0.059,0.2,0.193,0.157,0.037,0.154,0.029,-0.205,0.145,0.137,0.172,0.586,0.027,0.386,-0.065,-0.242,0.201,-0.202,0.327,-0.108,0.009,0.295,0.08,-0.027,0.095,0.227,-0.211,0.335,0.182,0.253,0.104,-0.128,0.304,0.259,0.165,0.156,-0.038,0.045,0.371,0.253,0.334,0.342,0.202,0.115,0.06,0.068,-0.047,-0.078,0.194,0.172,-0.072,0.102,0.507,0.223,0.038,0.536,0.269,0.09,0.002,0.279,-0.121,0.037,0.265,0.13,-0.108,0.292,0.223,0.151,0.339,0.066,0.079,0.051,0.205,0.351,0.204,0.046,0.203,0.242,0.058,0.172,0.301,0.246,0.051,0.17,-0.22,-0.115,0.242,0.162,0.193,0.435,-0.023,0.094,0.495,0.002,0.629,0.057,0.016,0.066,0.219,0.116,0.005,0.172,0.238,0.05,0.258,0.013,0.005,0.199,0.513,0.088,0.236,0.187,0.285,0.251,0.159,0.063,0.066,0.133,0.188,0.171,0.386,0.222,0.193,0.292,0.182,0.406,-0.123,0.17,0.223,0.243,0.607,-0.248,0.143,-0.155,0.009,0.165,0.141,0.291,-0.299,0.182,0.214
APTO,-0.758,0.493,0.039,-0.576,-0.69,-0.763,-0.518,-0.61,0.618,0.939,-0.843,-0.372,-0.83,-0.646,0.137,-0.507,-0.789,-0.507,-0.125,0.0,-0.647,-0.832,-0.753,0.53,-0.262,-0.741,-0.908,-0.848,-0.922,0.302,0.206,-0.818,-0.132,0.537,0.811,-0.654,0.792,0.265,-0.577,0.788,-0.611,0.548,-0.762,-0.391,-0.683,-0.632,-0.591,-0.814,-0.21,-0.338,-0.72,-0.64,0.925,0.2,-0.737,-0.301,-0.854,0.783,-0.257,-0.753,-0.802,-0.227,-0.78,0.111,-0.693,-0.779,-0.47,-0.901,-0.622,-0.675,0.011,-0.823,-0.547,-0.357,0.73,-0.84,0.336,-0.676,0.674,-0.598,0.244,-0.785,-0.305,-0.694,-0.616,0.498,-0.808,-0.699,-0.218,-0.828,0.82,0.13,-0.44,0.086,-0.855,0.081,0.422,-0.574,-0.734,-0.626,0.45,-0.737,-0.896,-0.082,-0.819,-0.562,-0.725,0.329,-0.696,0.792,-0.699,-0.204,-0.725,-0.852,-0.307,-0.766,0.326,-0.638,-0.398,-0.207,-0.8,-0.223,-0.698,0.513,-0.796,-0.795,-0.913,0.169,0.558,-0.804,0.379,-0.879,0.572,-0.835,-0.225,-0.876,-0.834,0.336,-0.442,-0.829,0.114,-0.63,-0.75,0.572,0.63,0.423,-0.628,0.291,-0.064,-0.668,-0.707,-0.168,-0.714,-0.602,-0.91,-0.44,-0.666,-0.908,-0.328,-0.539,-0.826,-0.587,-0.762,-0.833,-0.7,0.44,-0.739,0.173,0.77,-0.738,-0.665,-0.797,-0.361,-0.659,-0.758,-0.673,-0.736,-0.765,-0.883,-0.407,-0.707,-0.471,-0.645,0.382,-0.054,0.62,-0.816,-0.645,-0.875,-0.422,0.263,-0.842,0.591,-0.571,0.289,0.234,-0.691,0.797,-0.844,-0.11
ARCT,0.842,-0.794,0.614,0.119,0.208,0.89,0.796,0.774,-0.239,-0.549,0.795,0.518,0.777,0.922,0.151,0.884,0.583,0.849,0.21,-0.647,0.0,0.557,0.837,-0.772,0.218,0.874,0.678,0.859,0.726,-0.496,0.443,0.586,-0.166,-0.619,-0.671,0.527,-0.599,-0.673,0.27,-0.803,0.852,-0.842,0.347,0.725,0.859,0.649,0.928,0.8,0.424,0.466,0.852,0.528,-0.649,0.472,0.722,0.758,0.771,-0.632,0.307,0.593,0.636,0.796,0.647,-0.066,0.54,0.839,-0.061,0.754,0.592,0.627,0.146,0.466,0.593,0.077,-0.483,0.732,-0.756,0.453,-0.45,0.356,-0.104,0.571,0.434,0.645,0.463,-0.309,0.825,0.38,0.639,0.813,-0.695,0.464,0.651,0.107,0.568,0.088,-0.141,0.457,0.687,0.568,-0.165,0.601,0.832,-0.079,0.503,0.546,0.751,-0.356,0.636,-0.448,0.497,0.384,0.865,0.836,0.697,0.5,-0.474,0.755,0.868,-0.305,0.452,0.39,0.914,-0.637,0.561,0.787,0.774,-0.202,-0.177,0.806,-0.709,0.844,-0.499,0.851,0.66,0.583,0.817,-0.7,0.034,0.699,0.369,0.481,0.567,-0.865,-0.761,-0.097,0.368,0.279,0.142,0.345,0.746,0.434,0.452,0.591,0.692,0.346,0.613,0.755,0.76,0.406,0.662,0.321,0.607,0.758,0.437,0.012,0.851,0.038,-0.331,0.812,0.585,0.744,0.756,0.592,0.457,0.052,0.542,0.783,0.75,0.76,0.54,0.869,0.741,-0.495,-0.054,-0.839,0.541,0.856,0.704,0.522,-0.401,0.558,-0.899,0.29,-0.199,0.269,0.783,-0.817,0.815,0.737
ARWR,0.51,-0.356,-0.071,0.685,0.864,0.647,0.477,0.632,-0.575,-0.888,0.771,0.621,0.821,0.504,-0.289,0.47,0.834,0.533,-0.094,-0.832,0.557,0.0,0.69,-0.462,0.098,0.658,0.896,0.762,0.873,-0.292,-0.087,0.813,-0.166,-0.564,-0.671,0.811,-0.706,-0.232,0.705,-0.694,0.49,-0.589,0.623,0.18,0.502,0.655,0.481,0.729,-0.045,0.107,0.567,0.697,-0.808,-0.296,0.747,0.236,0.819,-0.729,0.484,0.831,0.876,0.102,0.866,0.233,0.526,0.82,0.721,0.88,0.774,0.617,-0.043,0.794,0.306,0.33,-0.431,0.832,-0.316,0.548,-0.763,0.623,-0.541,0.899,0.515,0.787,0.581,-0.112,0.624,0.81,-0.009,0.648,-0.77,-0.358,0.083,0.18,0.743,-0.249,-0.197,0.418,0.644,0.424,-0.735,0.563,0.795,0.408,0.624,0.789,0.73,-0.17,0.457,-0.862,0.831,0.231,0.677,0.851,0.208,0.682,-0.49,0.712,0.292,0.127,0.758,0.329,0.617,-0.577,0.588,0.828,0.854,-0.131,-0.718,0.77,-0.371,0.816,-0.751,0.679,0.268,0.781,0.721,-0.129,0.232,0.651,-0.228,0.783,0.831,-0.525,-0.496,-0.165,0.601,-0.437,0.077,0.875,0.776,-0.069,0.806,0.473,0.875,0.572,0.854,0.819,0.216,0.767,0.873,0.363,0.884,0.656,0.842,-0.512,0.768,-0.109,-0.9,0.735,0.805,0.652,0.16,0.795,0.892,0.593,0.855,0.823,0.899,0.426,0.556,0.286,0.349,-0.456,-0.107,-0.604,0.822,0.538,0.748,0.335,0.115,0.858,-0.579,0.585,-0.307,-0.478,0.545,-0.569,0.753,0.04
ASND,0.848,-0.623,0.482,0.188,0.4,0.868,0.711,0.851,-0.196,-0.77,0.908,0.578,0.911,0.838,0.192,0.8,0.65,0.775,0.227,-0.753,0.837,0.69,0.0,-0.726,0.226,0.936,0.868,0.949,0.858,-0.662,0.12,0.718,-0.121,-0.766,-0.839,0.688,-0.672,-0.621,0.469,-0.823,0.813,-0.751,0.567,0.668,0.877,0.619,0.853,0.866,0.378,0.293,0.887,0.697,-0.776,0.308,0.705,0.543,0.821,-0.828,0.347,0.822,0.809,0.592,0.728,0.025,0.524,0.798,0.138,0.844,0.731,0.809,0.27,0.655,0.685,-0.035,-0.61,0.906,-0.696,0.63,-0.558,0.5,-0.046,0.737,0.477,0.715,0.65,-0.308,0.762,0.525,0.37,0.857,-0.906,0.156,0.511,0.078,0.719,0.042,-0.318,0.571,0.778,0.638,-0.338,0.564,0.899,0.048,0.615,0.552,0.709,-0.223,0.652,-0.664,0.632,0.534,0.822,0.859,0.616,0.698,-0.557,0.726,0.779,-0.245,0.691,0.413,0.838,-0.698,0.691,0.908,0.891,-0.058,-0.419,0.854,-0.636,0.933,-0.564,0.921,0.667,0.773,0.889,-0.605,0.111,0.882,0.062,0.598,0.686,-0.826,-0.87,-0.199,0.599,-0.103,0.159,0.523,0.802,0.31,0.519,0.712,0.814,0.459,0.69,0.904,0.564,0.533,0.793,0.384,0.729,0.881,0.647,-0.104,0.813,0.082,-0.502,0.898,0.699,0.846,0.66,0.635,0.659,0.314,0.695,0.906,0.865,0.733,0.681,0.743,0.708,-0.43,-0.123,-0.902,0.709,0.886,0.817,0.692,-0.391,0.697,-0.823,0.448,-0.1,0.04,0.851,-0.861,0.953,0.594
ASTH,-0.68,0.785,-0.454,-0.047,-0.206,-0.792,-0.5,-0.557,0.248,0.508,-0.619,-0.394,-0.577,-0.777,-0.068,-0.643,-0.47,-0.62,-0.022,0.53,-0.772,-0.462,-0.726,0.0,0.095,-0.718,-0.534,-0.782,-0.54,0.591,-0.36,-0.46,0.14,0.677,0.573,-0.427,0.448,0.601,-0.184,0.785,-0.733,0.764,-0.391,-0.506,-0.662,-0.429,-0.812,-0.658,-0.33,-0.236,-0.716,-0.335,0.622,-0.314,-0.563,-0.468,-0.529,0.615,-0.01,-0.567,-0.531,-0.606,-0.45,0.305,-0.393,-0.725,0.076,-0.592,-0.591,-0.425,0.132,-0.409,-0.564,-0.023,0.47,-0.604,0.715,-0.166,0.269,-0.205,0.225,-0.47,-0.28,-0.554,-0.346,0.313,-0.59,-0.143,-0.438,-0.677,0.636,-0.308,-0.44,0.01,-0.536,-0.256,0.296,-0.264,-0.527,-0.236,0.208,-0.509,-0.73,0.125,-0.463,-0.291,-0.593,0.568,-0.484,0.354,-0.371,-0.139,-0.668,-0.654,-0.414,-0.318,0.687,-0.507,-0.679,0.473,-0.51,-0.226,-0.75,0.486,-0.446,-0.602,-0.603,0.176,0.35,-0.713,0.835,-0.703,0.609,-0.703,-0.583,-0.435,-0.619,0.734,0.035,-0.528,-0.144,-0.285,-0.347,0.806,0.671,0.297,-0.337,-0.158,0.074,-0.247,-0.623,-0.108,-0.277,-0.458,-0.57,-0.389,-0.415,-0.595,-0.489,-0.402,-0.529,-0.174,-0.531,-0.632,-0.43,0.029,-0.625,0.313,0.301,-0.63,-0.357,-0.658,-0.613,-0.346,-0.398,-0.028,-0.312,-0.663,-0.548,-0.503,-0.38,-0.718,-0.638,0.528,0.299,0.773,-0.407,-0.767,-0.535,-0.366,0.491,-0.407,0.774,-0.105,-0.146,-0.249,-0.655,0.709,-0.754,-0.554
ATSG,0.365,0.199,0.242,0.285,0.181,0.171,0.402,0.442,0.213,-0.172,0.358,0.394,0.393,0.333,0.573,0.34,0.288,0.332,0.565,-0.262,0.218,0.098,0.226,0.095,0.0,0.285,0.288,0.138,0.381,0.151,-0.002,0.487,0.306,-0.018,-0.385,0.445,0.08,0.124,0.413,-0.07,-0.065,0.074,0.321,0.354,0.303,0.391,0.106,0.39,0.572,0.6,0.355,0.609,-0.18,0.145,0.158,0.06,0.451,-0.091,0.539,0.249,0.316,0.192,0.437,0.108,0.35,0.203,0.141,0.326,0.219,0.39,0.544,0.378,0.482,0.213,-0.406,0.293,-0.187,0.644,-0.458,0.444,0.084,0.357,0.205,0.307,0.423,0.03,0.424,0.529,0.124,0.132,-0.124,0.09,0.092,0.314,0.412,-0.225,0.266,0.675,0.525,0.457,0.208,0.3,0.206,0.139,0.17,0.187,0.103,0.331,0.427,-0.19,0.359,0.576,0.155,0.224,0.572,0.591,0.393,0.086,0.107,0.129,0.235,0.499,0.198,-0.078,0.523,0.378,0.329,-0.027,-0.13,0.253,0.243,0.289,0.362,0.19,-0.079,0.495,0.336,0.128,0.416,0.443,0.436,0.364,0.507,-0.005,-0.127,0.274,0.469,-0.015,0.745,0.296,0.304,0.639,0.335,0.684,0.104,0.359,0.351,0.336,0.108,0.276,0.425,0.495,0.319,0.361,0.195,-0.301,0.346,0.559,-0.073,0.412,0.479,0.415,0.311,0.43,0.342,0.154,0.472,0.325,0.315,0.231,0.535,0.084,0.214,0.404,0.67,-0.094,0.501,0.261,0.33,0.628,-0.054,0.439,-0.008,0.258,-0.028,0.038,0.412,-0.258,0.25,0.065
AVTX,0.875,-0.659,0.527,0.239,0.387,0.885,0.768,0.873,-0.201,-0.739,0.91,0.606,0.911,0.899,0.243,0.866,0.675,0.831,0.271,-0.741,0.874,0.658,0.936,-0.718,0.285,0.0,0.851,0.928,0.841,-0.571,0.217,0.748,-0.106,-0.724,-0.803,0.687,-0.613,-0.595,0.47,-0.82,0.802,-0.746,0.524,0.737,0.88,0.704,0.858,0.913,0.485,0.441,0.902,0.711,-0.76,0.374,0.738,0.627,0.828,-0.736,0.359,0.805,0.81,0.666,0.749,0.007,0.554,0.831,0.11,0.854,0.703,0.809,0.272,0.649,0.705,-0.006,-0.582,0.898,-0.772,0.662,-0.579,0.522,-0.03,0.724,0.542,0.733,0.619,-0.276,0.791,0.544,0.461,0.865,-0.858,0.236,0.556,0.12,0.718,-0.009,-0.255,0.655,0.796,0.643,-0.267,0.627,0.899,0.018,0.584,0.587,0.722,-0.189,0.715,-0.63,0.624,0.589,0.868,0.888,0.658,0.712,-0.509,0.737,0.79,-0.241,0.65,0.478,0.887,-0.665,0.716,0.892,0.9,-0.097,-0.351,0.863,-0.669,0.931,-0.495,0.92,0.623,0.753,0.897,-0.606,0.127,0.868,0.152,0.604,0.689,-0.812,-0.861,-0.178,0.584,-0.037,0.247,0.518,0.785,0.387,0.545,0.75,0.776,0.461,0.692,0.895,0.64,0.491,0.796,0.478,0.735,0.895,0.621,-0.111,0.866,0.089,-0.435,0.92,0.705,0.866,0.723,0.645,0.645,0.265,0.691,0.88,0.868,0.759,0.692,0.781,0.765,-0.407,-0.038,-0.917,0.705,0.908,0.809,0.689,-0.383,0.72,-0.832,0.456,-0.12,0.114,0.867,-0.861,0.928,0.631
BCPC,0.753,-0.438,0.143,0.568,0.729,0.786,0.604,0.777,-0.426,-0.948,0.917,0.598,0.942,0.689,-0.011,0.633,0.818,0.638,0.148,-0.908,0.678,0.896,0.868,-0.534,0.288,0.851,0.0,0.889,0.964,-0.409,-0.124,0.886,-0.034,-0.639,-0.856,0.813,-0.731,-0.34,0.681,-0.79,0.639,-0.599,0.725,0.465,0.745,0.722,0.631,0.888,0.235,0.297,0.782,0.805,-0.88,-0.056,0.771,0.351,0.9,-0.816,0.445,0.902,0.926,0.298,0.874,0.107,0.628,0.823,0.514,0.951,0.755,0.801,0.15,0.856,0.581,0.203,-0.644,0.961,-0.477,0.754,-0.77,0.689,-0.246,0.895,0.512,0.778,0.69,-0.274,0.758,0.795,0.149,0.828,-0.903,-0.168,0.331,0.108,0.847,-0.168,-0.316,0.645,0.809,0.659,-0.542,0.661,0.907,0.223,0.702,0.71,0.756,-0.152,0.668,-0.851,0.796,0.454,0.781,0.915,0.422,0.85,-0.443,0.739,0.488,0.064,0.832,0.39,0.745,-0.603,0.777,0.926,0.968,-0.102,-0.619,0.867,-0.429,0.939,-0.606,0.861,0.396,0.906,0.882,-0.32,0.306,0.894,-0.121,0.761,0.852,-0.628,-0.724,-0.262,0.722,-0.37,0.218,0.79,0.812,0.177,0.742,0.693,0.924,0.532,0.815,0.961,0.365,0.645,0.916,0.536,0.881,0.877,0.804,-0.4,0.829,-0.003,-0.771,0.874,0.809,0.843,0.421,0.766,0.866,0.601,0.87,0.897,0.97,0.538,0.752,0.49,0.598,-0.359,0.006,-0.752,0.88,0.742,0.885,0.568,-0.171,0.902,-0.661,0.645,-0.278,-0.283,0.761,-0.783,0.909,0.25
BEAM,0.875,-0.725,0.359,0.284,0.494,0.932,0.698,0.792,-0.374,-0.844,0.93,0.507,0.888,0.863,0.032,0.769,0.715,0.747,0.128,-0.848,0.859,0.762,0.949,-0.782,0.138,0.928,0.889,0.0,0.889,-0.574,0.126,0.751,-0.053,-0.747,-0.828,0.663,-0.744,-0.596,0.443,-0.912,0.843,-0.792,0.638,0.645,0.868,0.675,0.862,0.89,0.338,0.312,0.885,0.642,-0.872,0.192,0.786,0.561,0.857,-0.841,0.272,0.823,0.802,0.578,0.749,-0.07,0.617,0.877,0.184,0.901,0.71,0.755,0.08,0.71,0.672,0.11,-0.663,0.914,-0.649,0.59,-0.555,0.495,-0.141,0.747,0.437,0.726,0.623,-0.415,0.83,0.539,0.42,0.918,-0.922,0.15,0.557,-0.005,0.776,0.077,-0.374,0.545,0.787,0.605,-0.374,0.688,0.96,-0.006,0.68,0.563,0.802,-0.395,0.694,-0.695,0.647,0.375,0.847,0.911,0.53,0.68,-0.57,0.765,0.739,-0.199,0.733,0.327,0.891,-0.655,0.723,0.892,0.926,-0.174,-0.438,0.904,-0.694,0.963,-0.643,0.961,0.583,0.806,0.918,-0.651,0.15,0.861,0.049,0.589,0.695,-0.835,-0.852,-0.328,0.608,-0.082,0.079,0.553,0.824,0.258,0.567,0.652,0.882,0.478,0.685,0.931,0.587,0.528,0.807,0.425,0.762,0.895,0.672,-0.175,0.835,-0.097,-0.588,0.882,0.67,0.873,0.643,0.647,0.675,0.359,0.671,0.891,0.893,0.645,0.68,0.768,0.779,-0.515,-0.135,-0.877,0.73,0.885,0.861,0.578,-0.408,0.744,-0.855,0.489,-0.14,0.031,0.85,-0.889,0.965,0.529
BILI,0.801,-0.461,0.153,0.567,0.702,0.811,0.683,0.8,-0.448,-0.921,0.938,0.603,0.94,0.736,-0.003,0.68,0.834,0.681,0.205,-0.922,0.726,0.873,0.858,-0.54,0.381,0.841,0.964,0.889,0.0,-0.363,-0.061,0.894,0.021,-0.58,-0.857,0.81,-0.741,-0.34,0.68,-0.8,0.624,-0.614,0.739,0.485,0.774,0.74,0.671,0.889,0.294,0.37,0.82,0.814,-0.878,-0.054,0.8,0.406,0.953,-0.796,0.501,0.838,0.891,0.356,0.904,0.1,0.697,0.861,0.482,0.972,0.738,0.787,0.183,0.849,0.602,0.272,-0.684,0.926,-0.458,0.774,-0.781,0.679,-0.246,0.896,0.482,0.794,0.745,-0.299,0.849,0.816,0.241,0.818,-0.863,-0.075,0.394,0.156,0.867,-0.196,-0.24,0.681,0.846,0.691,-0.475,0.724,0.92,0.211,0.709,0.693,0.786,-0.184,0.704,-0.829,0.819,0.432,0.772,0.916,0.503,0.841,-0.35,0.748,0.505,0.08,0.792,0.44,0.781,-0.624,0.81,0.932,0.972,-0.135,-0.584,0.885,-0.366,0.94,-0.539,0.877,0.345,0.931,0.924,-0.331,0.356,0.903,-0.005,0.768,0.893,-0.642,-0.677,-0.183,0.737,-0.251,0.257,0.777,0.847,0.303,0.77,0.726,0.903,0.545,0.832,0.966,0.437,0.669,0.935,0.576,0.855,0.875,0.767,-0.418,0.864,0.061,-0.758,0.875,0.847,0.863,0.47,0.813,0.843,0.572,0.875,0.903,0.967,0.564,0.773,0.538,0.618,-0.34,0.11,-0.723,0.91,0.736,0.924,0.594,-0.183,0.91,-0.67,0.656,-0.269,-0.224,0.802,-0.795,0.908,0.262
BJRI,-0.353,0.392,-0.403,0.275,-0.039,-0.382,-0.299,-0.474,-0.013,0.343,-0.388,-0.313,-0.504,-0.392,-0.195,-0.434,-0.235,-0.467,-0.114,0.302,-0.496,-0.292,-0.662,0.591,0.151,-0.571,-0.409,-0.574,-0.363,0.0,-0.056,-0.164,0.256,0.695,0.459,-0.287,0.445,0.547,-0.208,0.44,-0.524,0.554,-0.136,-0.195,-0.404,0.044,-0.514,-0.358,-0.108,0.116,-0.417,-0.21,0.354,-0.303,-0.196,-0.286,-0.264,0.585,0.036,-0.43,-0.423,-0.343,-0.233,-0.032,0.11,-0.3,0.08,-0.331,-0.57,-0.565,-0.217,-0.126,-0.301,0.361,0.176,-0.422,0.525,-0.125,0.023,0.067,-0.13,-0.329,-0.132,-0.481,-0.305,0.196,-0.229,-0.001,-0.132,-0.376,0.592,-0.046,-0.27,0.054,-0.262,-0.243,0.304,-0.055,-0.186,-0.183,0.307,-0.09,-0.46,-0.128,-0.39,-0.207,-0.172,0.08,-0.149,0.33,-0.21,-0.337,-0.544,-0.364,-0.206,-0.128,0.691,-0.295,-0.627,0.336,-0.314,-0.146,-0.362,0.65,-0.152,-0.454,-0.392,-0.392,0.294,-0.313,0.621,-0.467,0.512,-0.507,-0.719,-0.23,-0.432,0.376,0.129,-0.401,0.258,-0.113,-0.163,0.58,0.568,0.087,-0.108,0.03,0.305,-0.118,-0.29,0.112,-0.167,-0.339,-0.383,-0.154,-0.242,-0.396,-0.274,-0.311,-0.348,0.093,-0.257,-0.376,-0.277,-0.032,-0.355,-0.109,0.251,-0.436,-0.283,-0.334,-0.332,-0.134,-0.277,-0.183,-0.296,-0.515,-0.392,-0.652,-0.118,-0.438,-0.311,0.435,0.563,0.705,-0.195,-0.438,-0.402,-0.427,0.206,-0.174,0.526,0.052,-0.221,0.011,-0.376,0.47,-0.549,-0.421
BLUE,0.144,-0.43,0.571,-0.234,-0.22,0.315,0.545,0.355,0.296,0.287,0.13,0.397,0.054,0.431,0.136,0.54,0.096,0.581,0.042,0.206,0.443,-0.087,0.12,-0.36,-0.002,0.217,-0.124,0.126,-0.061,-0.056,0.0,-0.016,-0.312,-0.089,0.144,0.098,0.144,-0.373,-0.126,-0.172,0.235,-0.453,-0.359,0.396,0.252,0.348,0.394,0.165,0.327,0.345,0.226,0.051,0.143,0.556,0.254,0.569,0.09,0.199,0.34,-0.011,-0.073,0.678,0.143,0.155,0.059,0.345,-0.362,0.061,0.138,-0.047,-0.028,-0.213,0.109,-0.139,0.239,-0.004,-0.593,-0.165,-0.009,-0.136,-0.128,0.019,0.4,0.15,0.035,0.332,0.217,-0.078,0.51,0.049,0.113,0.631,0.156,0.468,-0.127,0.052,0.563,0.057,0.146,-0.024,0.103,0.117,0.043,-0.027,-0.353,0.188,0.26,-0.113,0.066,0.285,0.076,0.202,0.242,0.164,0.509,-0.226,-0.14,0.31,0.419,-0.567,-0.284,0.446,0.424,-0.181,-0.113,0.159,0.004,-0.248,0.285,0.238,-0.397,0.087,0.009,0.1,0.286,-0.125,0.126,-0.405,-0.37,-0.122,0.632,0.104,0.06,-0.361,-0.085,0.472,-0.137,0.636,0.256,-0.078,0.334,0.39,0.043,0.119,-0.13,0.212,0.202,-0.019,0.58,0.135,0.062,-0.105,0.123,-0.013,-0.187,0.29,0.363,0.146,0.316,0.257,0.127,0.091,0.506,0.249,-0.136,-0.716,-0.028,0.208,0.029,0.382,-0.03,0.492,0.145,-0.196,0.025,-0.279,-0.046,0.318,-0.058,0.176,0.008,-0.05,-0.434,-0.131,0.073,0.456,0.192,-0.016,0.056,0.653
