,AAL,AAON,ACB,ACGL,ACGLO,ACIW,ADBE,ADSK,AEP,AGIO,ALEC,ALNY,ALTR,AMBA,AMCX,AMKR,AMRX,ANSS,APPN,APTO,ARCT,ARWR,ASND,ASTH,ATSG,AVTX,BCPC,BEAM,BILI,BJRI,BLUE,BPOP,BRKL,BWIN,BZUN,CARG,CBRL,CBSH,CBUS,CENTA,CERS,CFFN,CHCO,CHEF,CHRD,CINF,CLLS,CMCO,CMCSA,COLL,COMM,COOP,CPB,CRON,CROX,CRUS,CRWD,CTAS,CYBR,CYTK,DGII,DIOD,DOMO,DPZ,DSGR,DXCM,ERIE,ESTA,EXEL,FAST,FCEL,FCFS,FHB,FITBI,FSV,FTDR,FUTU,GLDD,GLPG,GLPI,GOGO,GOSS,GSAT,GYRE,HALO,HAS,HLIT,HLNE,HSDT,HSIC,HTHT,ICHR,IDYA,IMVT,INDB,INSM,IONS,IOSP,ITRI,JBHT,JBLU,JSM,KLIC,KOD,KURA,LAB,LASR,LIN,LKQ,LNT,MBUU,MCRI,MDGL,MEDP,MGNI,MGPI,MGRC,MKTX,MRNA,MRTN,MSEX,MSFT,MU,NAVI,NBTB,NEO,NEOG,NGNE,NSSC,NTAP,NTES,NTLA,NTRS,NYMTN,OBLG,OCFC,ON,ONC,OPI,OSIS,OSW,PALI,PANW,PCAR,PCRX,PCTY,PEBO,PLAB,PLAY,PLMR,PLSE,PLUS,PRTA,PSEC,PSNL,PTCT,PTON,QNST,QRVO,QTTB,RARE,RBCAA,RGNX,SAIC,SGMO,SINT,SNPS,SPSC,SPTN,SSYS,STNE,TBBK,TCPC,TENB,TGTX,TREE,TRUP,TTWO,TW,TXG,UBSI,UCTT,UFPT,UMBF,UPBD,URBN,VBTX,VCTR,VEON,VNET,VRSK,VSEC,WABC,WTFCM,WVE,WW,WWD,XEL,ZD,ZYME
AAL,0.0,0.004,-0.281,0.84,0.05,0.848,0.133,-0.127,-0.161,-0.685,-0.537,-0.695,-0.109,0.336,0.656,-0.603,-0.329,0.019,-0.043,-0.379,-0.11,-0.622,0.092,0.53,0.847,-0.152,0.546,0.615,-0.287,0.625,0.16,0.486,0.832,0.531,-0.106,-0.218,0.795,0.898,0.663,0.859,-0.404,0.564,0.865,0.849,0.439,0.634,0.406,0.822,0.134,0.743,0.814,0.74,0.299,-0.659,0.482,-0.549,-0.698,0.675,-0.743,-0.096,0.791,-0.059,0.072,0.211,0.926,-0.468,0.332,0.578,-0.853,0.596,0.558,0.726,0.582,-0.281,-0.292,0.545,-0.049,0.852,-0.124,0.87,0.417,0.716,-0.201,0.361,0.482,0.883,0.553,-0.015,-0.319,-0.383,0.545,-0.571,0.097,0.484,0.744,0.684,-0.715,0.674,-0.322,0.697,0.945,0.543,0.396,0.465,0.705,0.326,0.464,0.418,0.806,0.534,-0.479,0.727,0.104,0.324,0.759,0.088,0.509,-0.831,-0.56,0.66,0.623,0.053,-0.337,0.919,0.876,0.439,0.271,0.584,-0.319,0.009,0.135,0.611,0.904,0.588,-0.266,0.81,0.688,0.077,0.242,0.886,0.653,-0.478,0.334,0.861,0.706,-0.162,0.908,-0.239,0.871,0.704,-0.192,0.733,0.217,0.71,0.418,0.386,-0.445,0.826,0.182,-0.64,0.487,0.73,-0.211,0.731,0.563,-0.013,-0.117,0.668,-0.041,-0.032,0.454,0.742,0.643,-0.139,-0.018,-0.526,0.749,0.412,-0.178,0.077,0.753,-0.466,-0.078,0.816,0.879,0.564,0.872,0.282,-0.651,-0.038,0.39,0.677,0.845,-0.282,0.199,-0.456,0.839,0.719,0.657,-0.107
AAON,0.004,0.0,0.007,0.236,0.175,-0.037,-0.275,-0.288,0.148,-0.008,-0.051,0.064,-0.352,-0.17,0.158,0.049,0.117,-0.233,-0.414,0.011,-0.143,0.181,0.13,-0.203,0.262,0.037,0.368,-0.28,-0.062,-0.045,0.136,0.307,0.255,-0.001,0.286,-0.011,-0.042,0.184,0.255,-0.114,0.228,0.1,0.219,0.027,0.216,0.169,0.109,0.126,-0.011,0.066,-0.147,0.143,-0.023,0.119,-0.073,0.18,-0.217,0.119,-0.142,-0.11,0.188,0.15,-0.133,-0.104,-0.0,-0.054,0.26,0.231,-0.027,0.12,0.153,0.038,0.224,-0.217,-0.235,0.244,-0.019,0.159,0.135,0.217,-0.186,0.042,0.165,0.326,-0.071,0.06,0.138,-0.308,-0.022,0.24,-0.016,0.075,0.064,-0.099,0.283,-0.07,-0.027,0.303,0.321,0.05,0.148,0.142,-0.284,-0.199,0.058,-0.067,0.123,0.012,0.03,0.242,0.165,0.082,0.353,0.279,0.141,0.363,0.025,-0.126,-0.026,0.317,0.243,-0.159,0.089,0.131,0.163,0.03,0.03,0.043,0.037,0.322,-0.216,-0.018,0.183,0.102,0.224,0.192,0.394,-0.136,0.274,0.168,-0.166,-0.181,-0.094,0.251,0.166,-0.298,0.159,0.211,0.14,0.129,0.075,0.08,0.008,0.172,-0.091,0.274,-0.007,-0.09,-0.1,0.021,0.065,0.224,0.082,0.31,0.294,0.177,-0.267,0.027,0.122,0.047,0.167,0.242,0.231,-0.141,-0.22,0.047,-0.29,-0.048,-0.203,-0.139,0.237,0.132,-0.194,0.074,0.129,-0.162,0.227,0.106,0.198,0.115,0.164,0.309,0.158,-0.037,-0.201,0.187,0.148,0.162,0.125,-0.117
ACB,-0.281,0.007,0.0,-0.14,-0.226,-0.388,-0.759,-0.617,0.763,0.743,0.741,0.754,-0.423,-0.571,-0.509,0.69,0.714,-0.721,-0.4,0.418,-0.38,0.101,0.356,-0.603,-0.155,0.594,0.23,-0.687,-0.453,-0.762,0.617,-0.314,-0.084,-0.813,0.136,0.625,-0.606,-0.263,-0.171,-0.236,0.415,0.451,-0.107,-0.46,0.509,0.183,-0.622,-0.52,-0.153,-0.516,-0.386,-0.144,-0.739,0.716,-0.414,0.587,-0.119,-0.731,0.476,-0.594,-0.38,0.623,-0.702,-0.783,-0.216,0.382,0.168,-0.135,0.604,-0.468,-0.613,-0.598,0.35,-0.526,-0.575,0.179,0.616,-0.263,0.803,-0.259,-0.612,-0.238,0.671,0.272,0.026,-0.46,0.369,0.135,0.774,0.638,-0.782,0.798,0.385,-0.838,0.11,-0.091,0.695,0.075,0.682,-0.744,-0.331,-0.483,0.049,-0.708,-0.694,-0.667,0.35,-0.367,-0.576,-0.292,0.72,-0.653,0.057,-0.127,-0.636,-0.021,-0.669,0.463,0.743,-0.392,0.297,-0.503,0.733,-0.409,-0.214,-0.217,0.509,-0.657,0.68,0.333,-0.635,-0.497,-0.48,-0.487,0.784,-0.061,-0.071,-0.728,0.448,-0.264,-0.485,0.657,-0.608,-0.208,-0.536,-0.354,-0.173,0.808,-0.254,-0.708,0.588,-0.441,-0.508,-0.672,-0.448,-0.214,0.065,-0.484,-0.12,0.704,-0.476,0.162,0.821,-0.351,-0.011,0.713,-0.705,-0.652,0.623,0.788,-0.624,0.084,0.193,-0.678,-0.611,0.73,-0.133,-0.167,-0.387,-0.705,0.152,0.804,0.632,-0.573,-0.31,-0.509,-0.238,0.63,0.715,0.447,0.402,-0.121,-0.132,-0.062,-0.85,0.631,-0.481,0.155,-0.672,-0.2
ACGL,0.84,0.236,-0.14,0.0,-0.086,0.721,-0.154,-0.445,0.115,-0.432,-0.286,-0.558,-0.411,0.096,0.548,-0.429,-0.362,-0.248,-0.294,-0.48,-0.291,-0.588,-0.059,0.374,0.823,-0.17,0.658,0.306,-0.576,0.441,0.238,0.593,0.947,0.344,-0.208,-0.195,0.662,0.872,0.731,0.699,-0.307,0.724,0.946,0.728,0.437,0.793,0.103,0.737,0.203,0.551,0.613,0.596,0.084,-0.541,0.361,-0.327,-0.875,0.572,-0.601,-0.287,0.768,0.132,-0.13,-0.056,0.822,-0.527,0.337,0.72,-0.715,0.458,0.369,0.66,0.8,-0.469,-0.556,0.68,-0.087,0.706,0.125,0.819,0.174,0.635,-0.007,0.429,0.292,0.674,0.518,-0.058,-0.231,-0.129,0.322,-0.372,0.248,0.231,0.892,0.683,-0.571,0.835,-0.03,0.514,0.844,0.455,0.278,0.295,0.564,0.104,0.563,0.23,0.676,0.635,-0.365,0.613,0.23,0.243,0.636,0.268,0.409,-0.695,-0.395,0.736,0.813,-0.237,-0.163,0.787,0.915,0.295,0.311,0.441,-0.211,0.198,-0.229,0.331,0.822,0.528,0.021,0.929,0.707,-0.26,0.425,0.882,0.56,-0.415,0.039,0.872,0.581,-0.478,0.933,-0.012,0.875,0.463,-0.228,0.459,0.127,0.657,0.084,0.345,-0.6,0.586,-0.014,-0.471,0.27,0.876,-0.016,0.719,0.596,0.03,-0.381,0.435,0.131,0.102,0.339,0.844,0.719,-0.348,-0.288,-0.28,0.507,0.114,-0.341,-0.183,0.916,-0.18,-0.03,0.741,0.709,0.304,0.865,0.498,-0.419,-0.18,0.581,0.764,0.935,-0.4,-0.052,-0.157,0.807,0.804,0.519,-0.28
ACGLO,0.05,0.175,-0.226,-0.086,0.0,0.077,0.384,0.355,-0.256,-0.258,-0.355,-0.117,0.269,0.2,0.131,-0.228,0.112,0.403,0.343,0.132,0.334,-0.028,0.32,-0.026,0.008,0.023,0.181,0.274,0.526,0.129,-0.06,-0.118,-0.146,0.243,0.252,0.113,0.024,0.045,-0.065,0.134,0.063,-0.285,-0.121,0.041,-0.208,-0.231,0.526,0.043,-0.215,0.273,0.26,0.281,0.254,-0.157,0.034,-0.007,0.244,0.13,-0.116,0.202,0.221,-0.149,0.21,0.33,-0.018,0.172,0.155,-0.096,-0.103,0.395,0.351,0.034,-0.235,0.171,0.313,0.051,0.017,0.142,-0.233,0.15,0.181,-0.011,-0.046,0.1,0.265,0.19,-0.017,0.066,-0.099,0.01,0.204,-0.095,0.082,0.242,-0.153,0.014,-0.151,-0.211,-0.222,0.285,0.045,0.137,-0.287,0.073,0.179,0.424,0.079,0.276,0.069,-0.002,-0.042,0.149,-0.022,0.167,0.222,-0.291,0.011,0.007,-0.164,0.088,-0.152,0.579,-0.207,0.161,-0.11,0.222,0.022,0.172,-0.058,-0.073,0.398,0.303,0.151,0.123,-0.25,-0.239,0.043,0.444,-0.162,0.078,-0.103,-0.118,0.438,0.052,0.203,0.344,-0.046,-0.171,-0.166,0.415,0.032,0.329,0.191,0.039,0.403,0.09,0.533,0.243,0.442,-0.177,0.445,-0.253,-0.266,0.231,0.159,0.074,0.339,0.32,-0.266,-0.182,0.292,-0.012,-0.107,0.276,0.376,-0.254,0.2,0.522,0.127,0.317,-0.236,-0.164,-0.409,0.1,0.149,0.28,0.028,-0.278,-0.267,0.223,-0.073,-0.08,-0.15,0.175,0.212,-0.269,0.031,-0.057,0.207,0.257
ACIW,0.848,-0.037,-0.388,0.721,0.077,0.0,0.269,0.022,-0.341,-0.755,-0.665,-0.734,0.091,0.274,0.645,-0.502,-0.432,0.225,0.135,-0.2,-0.041,-0.405,0.216,0.355,0.758,-0.315,0.42,0.704,-0.212,0.718,0.01,0.264,0.737,0.615,-0.126,-0.335,0.797,0.856,0.79,0.892,-0.39,0.395,0.743,0.869,0.301,0.348,0.493,0.852,0.207,0.841,0.887,0.535,0.494,-0.82,0.652,-0.73,-0.648,0.744,-0.81,0.125,0.888,-0.117,0.296,0.423,0.893,-0.248,0.488,0.457,-0.771,0.737,0.716,0.831,0.404,-0.326,-0.284,0.559,-0.192,0.854,-0.194,0.835,0.367,0.865,-0.33,0.369,0.454,0.855,0.45,-0.126,-0.516,-0.569,0.623,-0.625,-0.102,0.57,0.629,0.599,-0.808,0.502,-0.437,0.787,0.804,0.68,0.179,0.375,0.807,0.394,0.544,0.413,0.861,0.366,-0.324,0.848,0.324,0.52,0.814,0.212,0.678,-0.697,-0.689,0.721,0.541,0.152,-0.589,0.863,0.793,0.586,0.116,0.772,-0.499,-0.371,0.179,0.761,0.823,0.753,-0.369,0.708,0.64,0.198,-0.085,0.903,0.481,-0.625,0.558,0.864,0.879,-0.216,0.826,-0.357,0.773,0.706,-0.328,0.688,0.44,0.681,0.549,0.559,-0.418,0.908,0.377,-0.789,0.67,0.557,-0.375,0.798,0.6,-0.042,-0.04,0.735,-0.236,-0.213,0.6,0.625,0.327,-0.026,0.23,-0.688,0.745,0.486,0.067,0.284,0.591,-0.437,-0.234,0.796,0.898,0.557,0.821,0.084,-0.802,-0.046,0.409,0.669,0.736,-0.443,0.211,-0.57,0.883,0.62,0.75,-0.284
ADBE,0.133,-0.275,-0.759,-0.154,0.384,0.269,0.0,0.795,-0.799,-0.658,-0.682,-0.565,0.753,0.783,0.39,-0.488,-0.44,0.901,0.754,-0.07,0.443,0.056,-0.113,0.559,-0.057,-0.421,-0.438,0.627,0.752,0.664,-0.672,0.007,-0.213,0.738,0.091,-0.472,0.488,0.084,-0.072,0.164,-0.504,-0.639,-0.173,0.331,-0.551,-0.433,0.683,0.295,0.164,0.356,0.306,0.15,0.773,-0.544,0.488,-0.53,0.46,0.55,-0.262,0.708,0.246,-0.561,0.784,0.82,0.105,-0.065,-0.252,-0.029,-0.424,0.436,0.55,0.364,-0.587,0.723,0.709,-0.369,-0.416,0.155,-0.8,0.046,0.804,0.163,-0.671,-0.365,0.099,0.402,-0.319,-0.012,-0.623,-0.637,0.729,-0.651,-0.32,0.806,-0.366,-0.067,-0.508,-0.418,-0.833,0.629,0.16,0.482,-0.046,0.65,0.609,0.861,-0.413,0.484,0.433,0.095,-0.49,0.506,-0.046,0.101,0.495,-0.209,0.504,-0.219,-0.565,0.064,-0.487,0.799,-0.636,0.273,-0.02,0.116,-0.511,0.538,-0.619,-0.486,0.885,0.536,0.285,0.401,-0.813,-0.23,-0.046,0.903,-0.576,0.097,0.33,-0.488,0.611,-0.062,0.401,0.706,-0.077,-0.713,0.009,0.631,-0.407,0.312,0.441,0.366,0.553,0.294,0.178,0.407,0.365,-0.551,0.506,-0.416,-0.761,0.146,-0.146,-0.583,0.892,0.673,-0.65,-0.682,0.493,-0.336,-0.391,0.835,0.817,-0.719,0.233,0.431,0.601,0.825,-0.412,-0.684,-0.575,0.423,0.227,0.745,0.06,-0.776,-0.664,-0.186,-0.494,-0.08,-0.138,0.334,0.86,-0.705,0.254,-0.357,0.538,0.39
ADSK,-0.127,-0.288,-0.617,-0.445,0.355,0.022,0.795,0.0,-0.744,-0.469,-0.547,-0.305,0.789,0.467,0.153,-0.306,-0.26,0.91,0.713,0.119,0.519,0.267,0.004,0.3,-0.318,-0.339,-0.514,0.502,0.809,0.435,-0.595,-0.235,-0.491,0.547,0.081,-0.271,0.173,-0.192,-0.287,-0.057,-0.128,-0.766,-0.462,0.085,-0.604,-0.665,0.607,0.074,0.041,0.205,0.097,-0.095,0.668,-0.318,0.31,-0.425,0.646,0.309,-0.149,0.753,-0.03,-0.599,0.754,0.795,-0.14,0.152,-0.21,-0.448,-0.093,0.299,0.376,0.132,-0.781,0.677,0.8,-0.585,-0.307,-0.053,-0.742,-0.192,0.454,-0.025,-0.668,-0.354,0.042,0.15,-0.444,-0.05,-0.504,-0.544,0.541,-0.431,-0.486,0.638,-0.616,-0.303,-0.277,-0.64,-0.644,0.408,-0.139,0.237,-0.213,0.439,0.319,0.52,-0.533,0.303,0.161,-0.086,-0.246,0.239,-0.092,0.074,0.231,-0.222,0.353,0.018,-0.478,-0.122,-0.675,0.72,-0.582,0.003,-0.324,0.084,-0.528,0.361,-0.468,-0.574,0.797,0.378,-0.006,0.14,-0.714,-0.506,-0.301,0.866,-0.606,-0.209,0.002,-0.289,0.653,-0.293,0.193,0.709,-0.329,-0.659,-0.298,0.447,-0.185,0.226,0.493,0.135,0.536,0.2,0.402,0.219,0.399,-0.369,0.438,-0.654,-0.681,-0.024,-0.275,-0.437,0.876,0.409,-0.7,-0.708,0.365,-0.575,-0.613,0.767,0.847,-0.56,-0.032,0.39,0.653,0.794,-0.644,-0.547,-0.471,0.114,0.011,0.304,-0.21,-0.849,-0.431,-0.128,-0.634,-0.292,-0.424,0.313,0.717,-0.591,-0.027,-0.463,0.305,0.374
AEP,-0.161,0.148,0.763,0.115,-0.256,-0.341,-0.799,-0.744,0.0,0.734,0.813,0.676,-0.519,-0.508,-0.531,0.432,0.608,-0.844,-0.427,0.022,-0.361,-0.243,0.1,-0.402,-0.027,0.584,0.48,-0.666,-0.584,-0.79,0.729,-0.168,0.08,-0.829,0.073,0.702,-0.569,-0.203,-0.201,-0.172,0.398,0.589,0.076,-0.515,0.445,0.44,-0.712,-0.525,-0.352,-0.537,-0.273,0.034,-0.906,0.672,-0.63,0.761,-0.293,-0.696,0.519,-0.885,-0.318,0.712,-0.919,-0.945,-0.155,0.222,0.013,0.154,0.447,-0.402,-0.683,-0.538,0.546,-0.58,-0.55,0.433,0.631,-0.273,0.822,-0.075,-0.658,-0.311,0.814,0.26,0.089,-0.475,0.353,0.307,0.803,0.769,-0.842,0.772,0.636,-0.839,0.263,0.259,0.685,0.332,0.777,-0.719,-0.241,-0.632,0.147,-0.534,-0.683,-0.667,0.434,-0.396,-0.576,0.019,0.36,-0.663,-0.179,-0.371,-0.621,-0.164,-0.763,0.359,0.756,-0.299,0.457,-0.492,0.873,-0.372,-0.091,-0.179,0.725,-0.728,0.8,0.698,-0.712,-0.598,-0.341,-0.603,0.803,0.083,-0.098,-0.825,0.737,-0.157,-0.295,0.717,-0.709,-0.113,-0.586,-0.523,-0.054,0.838,-0.182,-0.628,0.562,-0.443,-0.498,-0.562,-0.607,-0.393,0.032,-0.5,-0.229,0.735,-0.582,0.337,0.853,-0.323,0.129,0.551,-0.747,-0.676,0.732,0.893,-0.533,0.284,0.496,-0.77,-0.859,0.84,-0.049,-0.293,-0.667,-0.929,0.306,0.73,0.6,-0.498,-0.348,-0.56,-0.206,0.787,0.717,0.288,0.569,-0.187,0.084,-0.052,-0.815,0.801,-0.437,0.391,-0.726,-0.033
AGIO,-0.685,-0.008,0.743,-0.432,-0.258,-0.755,-0.658,-0.469,0.734,0.0,0.948,0.908,-0.353,-0.576,-0.784,0.704,0.624,-0.631,-0.32,0.257,-0.143,0.228,0.002,-0.595,-0.574,0.544,-0.058,-0.8,-0.283,-0.938,0.454,-0.368,-0.44,-0.921,0.04,0.548,-0.868,-0.699,-0.541,-0.648,0.506,0.128,-0.45,-0.844,0.081,-0.008,-0.763,-0.834,-0.224,-0.807,-0.714,-0.498,-0.83,0.855,-0.662,0.83,0.214,-0.907,0.816,-0.5,-0.711,0.494,-0.694,-0.804,-0.658,0.365,-0.208,-0.251,0.866,-0.727,-0.834,-0.811,0.033,-0.213,-0.222,-0.077,0.434,-0.738,0.657,-0.633,-0.643,-0.652,0.68,0.008,-0.294,-0.876,-0.125,0.258,0.777,0.759,-0.929,0.867,0.338,-0.888,-0.246,-0.245,0.922,-0.16,0.71,-0.949,-0.728,-0.781,-0.015,-0.633,-0.914,-0.714,-0.009,-0.591,-0.882,-0.389,0.542,-0.914,-0.166,-0.459,-0.908,-0.131,-0.831,0.733,0.902,-0.647,-0.054,-0.452,0.812,-0.812,-0.569,-0.43,0.291,-0.862,0.723,0.429,-0.608,-0.796,-0.817,-0.777,0.723,-0.408,-0.498,-0.644,0.35,-0.687,-0.509,0.825,-0.733,-0.6,-0.85,-0.218,-0.572,0.695,-0.61,-0.921,0.469,-0.75,-0.472,-0.81,-0.681,-0.554,0.229,-0.854,-0.339,0.936,-0.753,-0.185,0.789,-0.754,-0.273,0.388,-0.465,-0.881,0.603,0.632,-0.713,-0.288,-0.05,-0.492,-0.591,0.943,-0.447,-0.523,-0.403,-0.704,-0.213,0.77,0.612,-0.85,-0.776,-0.706,-0.657,0.419,0.89,0.207,0.097,-0.497,-0.459,0.068,-0.674,0.801,-0.797,-0.228,-0.908,0.01
ALEC,-0.537,-0.051,0.741,-0.286,-0.355,-0.665,-0.682,-0.547,0.813,0.948,0.0,0.836,-0.38,-0.481,-0.732,0.61,0.59,-0.719,-0.366,0.124,-0.206,0.087,-0.07,-0.432,-0.469,0.585,0.011,-0.747,-0.382,-0.907,0.531,-0.231,-0.299,-0.904,0.049,0.535,-0.766,-0.579,-0.535,-0.56,0.362,0.272,-0.29,-0.768,0.151,0.182,-0.81,-0.773,-0.22,-0.777,-0.626,-0.378,-0.882,0.821,-0.643,0.819,0.1,-0.861,0.76,-0.631,-0.644,0.558,-0.796,-0.878,-0.53,0.253,-0.248,-0.12,0.755,-0.743,-0.886,-0.758,0.192,-0.242,-0.272,0.052,0.471,-0.682,0.683,-0.525,-0.58,-0.638,0.723,-0.015,-0.256,-0.802,-0.048,0.353,0.816,0.749,-0.924,0.819,0.47,-0.875,-0.094,-0.073,0.889,-0.025,0.713,-0.913,-0.595,-0.769,0.157,-0.519,-0.865,-0.698,0.035,-0.546,-0.821,-0.258,0.41,-0.876,-0.229,-0.571,-0.851,-0.172,-0.852,0.588,0.893,-0.648,0.049,-0.5,0.881,-0.701,-0.424,-0.482,0.38,-0.883,0.742,0.549,-0.61,-0.809,-0.694,-0.798,0.719,-0.263,-0.435,-0.688,0.507,-0.591,-0.326,0.842,-0.815,-0.52,-0.849,-0.25,-0.433,0.719,-0.482,-0.887,0.445,-0.711,-0.498,-0.724,-0.709,-0.535,0.109,-0.807,-0.385,0.918,-0.799,-0.015,0.842,-0.729,-0.228,0.341,-0.515,-0.842,0.682,0.713,-0.689,-0.14,0.147,-0.578,-0.688,0.948,-0.325,-0.56,-0.521,-0.798,-0.05,0.737,0.668,-0.744,-0.699,-0.635,-0.55,0.526,0.862,0.138,0.158,-0.399,-0.303,0.062,-0.665,0.801,-0.715,-0.114,-0.895,0.074
ALNY,-0.695,0.064,0.754,-0.558,-0.117,-0.734,-0.565,-0.305,0.676,0.908,0.836,0.0,-0.16,-0.514,-0.78,0.715,0.805,-0.509,-0.151,0.465,-0.06,0.322,0.278,-0.671,-0.547,0.657,-0.014,-0.747,-0.068,-0.941,0.49,-0.55,-0.555,-0.911,0.223,0.702,-0.914,-0.718,-0.587,-0.58,0.613,0.007,-0.549,-0.87,0.144,-0.181,-0.575,-0.878,-0.36,-0.732,-0.642,-0.368,-0.769,0.916,-0.658,0.819,0.355,-0.936,0.776,-0.428,-0.704,0.54,-0.637,-0.701,-0.647,0.597,-0.1,-0.347,0.91,-0.573,-0.736,-0.864,-0.105,-0.196,-0.115,-0.086,0.619,-0.641,0.632,-0.583,-0.629,-0.605,0.654,0.084,-0.094,-0.812,0.007,0.175,0.807,0.688,-0.883,0.899,0.263,-0.854,-0.354,-0.255,0.956,-0.266,0.629,-0.907,-0.755,-0.743,-0.077,-0.678,-0.905,-0.623,0.024,-0.502,-0.875,-0.467,0.65,-0.907,-0.089,-0.309,-0.904,-0.259,-0.856,0.769,0.899,-0.683,-0.132,-0.224,0.803,-0.796,-0.672,-0.28,0.374,-0.834,0.783,0.362,-0.426,-0.623,-0.826,-0.77,0.7,-0.541,-0.464,-0.473,0.326,-0.7,-0.662,0.856,-0.564,-0.633,-0.801,-0.107,-0.644,0.719,-0.715,-0.807,0.67,-0.641,-0.387,-0.893,-0.488,-0.448,0.448,-0.767,-0.107,0.924,-0.568,-0.301,0.757,-0.72,-0.205,0.531,-0.372,-0.806,0.55,0.649,-0.619,-0.352,-0.109,-0.416,-0.463,0.849,-0.384,-0.253,-0.317,-0.615,-0.345,0.765,0.549,-0.906,-0.692,-0.656,-0.684,0.327,0.87,0.476,0.064,-0.562,-0.576,0.174,-0.664,0.73,-0.862,-0.236,-0.893,0.143
ALTR,-0.109,-0.352,-0.423,-0.411,0.269,0.091,0.753,0.789,-0.519,-0.353,-0.38,-0.16,0.0,0.518,0.023,-0.162,-0.057,0.753,0.868,0.232,0.423,0.192,0.134,0.262,-0.288,-0.121,-0.431,0.423,0.709,0.297,-0.486,-0.329,-0.437,0.364,0.208,-0.114,0.1,-0.177,-0.306,0.026,-0.239,-0.594,-0.385,0.001,-0.402,-0.562,0.494,-0.05,-0.052,0.11,0.152,-0.024,0.471,-0.198,0.306,-0.321,0.597,0.138,0.031,0.536,-0.013,-0.319,0.568,0.595,-0.038,0.394,-0.178,-0.268,-0.014,0.277,0.262,0.072,-0.655,0.54,0.663,-0.424,-0.069,-0.06,-0.554,-0.173,0.448,0.009,-0.493,-0.341,0.223,0.117,-0.271,0.205,-0.305,-0.503,0.361,-0.293,-0.269,0.498,-0.523,-0.114,-0.143,-0.591,-0.553,0.262,-0.177,0.198,-0.02,0.318,0.251,0.523,-0.336,0.305,0.098,-0.172,-0.14,0.13,-0.085,0.05,0.118,-0.377,0.187,0.134,-0.263,-0.277,-0.525,0.729,-0.368,-0.025,-0.292,0.162,-0.266,0.254,-0.288,-0.515,0.751,0.358,-0.039,0.053,-0.585,-0.46,-0.309,0.758,-0.503,-0.17,-0.009,-0.095,0.552,-0.308,0.1,0.651,-0.318,-0.441,-0.326,0.329,-0.005,0.13,0.288,-0.038,0.486,0.209,0.422,0.164,0.497,-0.242,0.331,-0.538,-0.475,-0.126,-0.221,-0.353,0.725,0.355,-0.481,-0.421,0.316,-0.493,-0.501,0.638,0.719,-0.424,0.178,0.402,0.554,0.614,-0.565,-0.396,-0.222,0.041,0.01,0.406,-0.209,-0.672,-0.374,0.049,-0.444,-0.335,-0.345,0.341,0.54,-0.461,-0.084,-0.365,0.16,0.38
AMBA,0.336,-0.17,-0.571,0.096,0.2,0.274,0.783,0.467,-0.508,-0.576,-0.481,-0.514,0.518,0.0,0.495,-0.44,-0.367,0.582,0.531,-0.178,0.141,-0.074,-0.181,0.793,0.135,-0.308,-0.269,0.455,0.559,0.596,-0.451,0.234,0.044,0.643,0.302,-0.432,0.578,0.281,-0.087,0.226,-0.668,-0.33,0.104,0.37,-0.309,-0.081,0.513,0.329,0.194,0.245,0.282,0.435,0.576,-0.399,0.474,-0.328,0.249,0.527,-0.242,0.418,0.287,-0.231,0.498,0.528,0.251,-0.213,-0.36,0.253,-0.515,0.314,0.393,0.333,-0.213,0.66,0.44,-0.154,-0.233,0.242,-0.576,0.144,0.887,0.169,-0.503,-0.355,0.124,0.504,-0.042,0.099,-0.48,-0.423,0.647,-0.529,-0.032,0.672,-0.065,0.129,-0.421,-0.088,-0.686,0.555,0.386,0.498,0.232,0.781,0.6,0.822,-0.331,0.586,0.468,0.329,-0.536,0.456,-0.066,0.023,0.501,-0.191,0.395,-0.461,-0.423,0.018,-0.236,0.647,-0.325,0.391,0.207,-0.105,-0.32,0.372,-0.512,-0.154,0.823,0.451,0.47,0.361,-0.625,0.039,0.206,0.705,-0.164,0.233,0.52,-0.39,0.233,0.03,0.3,0.552,0.142,-0.397,0.222,0.597,-0.343,0.262,0.278,0.41,0.296,0.354,-0.082,0.352,0.274,-0.402,0.346,-0.027,-0.479,0.14,-0.115,-0.493,0.664,0.602,-0.352,-0.366,0.368,-0.087,0.022,0.619,0.506,-0.536,0.281,0.343,0.336,0.525,-0.066,-0.551,-0.401,0.549,0.289,0.841,0.249,-0.47,-0.506,-0.208,-0.3,0.129,0.141,0.518,0.738,-0.5,0.322,-0.147,0.491,0.575
AMCX,0.656,0.158,-0.509,0.548,0.131,0.645,0.39,0.153,-0.531,-0.784,-0.732,-0.78,0.023,0.495,0.0,-0.516,-0.597,0.337,0.038,-0.324,-0.211,-0.178,-0.142,0.57,0.643,-0.588,0.08,0.471,0.053,0.82,-0.374,0.532,0.557,0.761,-0.142,-0.559,0.861,0.745,0.593,0.556,-0.455,0.056,0.537,0.833,0.1,0.19,0.491,0.811,0.489,0.597,0.505,0.494,0.665,-0.676,0.569,-0.618,-0.358,0.849,-0.72,0.333,0.63,-0.205,0.51,0.549,0.573,-0.537,0.095,0.317,-0.788,0.494,0.62,0.706,0.195,0.115,-0.084,0.173,-0.475,0.742,-0.406,0.573,0.579,0.628,-0.54,-0.01,0.151,0.808,0.282,-0.256,-0.661,-0.424,0.816,-0.674,-0.31,0.646,0.378,0.125,-0.776,0.386,-0.477,0.811,0.765,0.727,0.047,0.609,0.781,0.521,0.076,0.579,0.82,0.436,-0.412,0.825,0.206,0.498,0.827,0.389,0.777,-0.767,-0.719,0.693,0.191,0.205,-0.6,0.758,0.658,0.153,-0.306,0.656,-0.643,-0.261,0.377,0.574,0.799,0.76,-0.45,0.573,0.704,0.352,-0.166,0.688,0.498,-0.795,0.349,0.6,0.72,-0.018,0.639,-0.403,0.752,0.727,-0.468,0.558,0.321,0.753,0.336,0.565,-0.481,0.677,0.175,-0.765,0.512,0.396,-0.551,0.728,0.178,-0.264,0.203,0.687,-0.408,-0.42,0.588,0.354,0.176,0.331,0.309,-0.695,0.26,0.311,0.318,0.463,0.406,-0.57,-0.508,0.846,0.69,0.621,0.735,-0.166,-0.657,-0.2,0.052,0.635,0.557,-0.046,0.467,-0.489,0.805,0.274,0.851,-0.095
AMKR,-0.603,0.049,0.69,-0.429,-0.228,-0.502,-0.488,-0.306,0.432,0.704,0.61,0.715,-0.162,-0.44,-0.516,0.0,0.497,-0.373,-0.255,0.661,-0.404,0.639,0.252,-0.602,-0.426,0.284,-0.16,-0.689,-0.114,-0.652,0.238,-0.415,-0.329,-0.676,0.326,0.344,-0.641,-0.432,-0.229,-0.446,0.337,0.006,-0.379,-0.57,0.21,-0.278,-0.551,-0.552,0.051,-0.609,-0.605,-0.47,-0.444,0.674,-0.195,0.509,0.208,-0.631,0.624,-0.183,-0.502,0.555,-0.299,-0.483,-0.511,0.554,0.038,-0.313,0.759,-0.515,-0.528,-0.528,-0.007,-0.19,-0.37,-0.139,0.385,-0.467,0.595,-0.597,-0.513,-0.291,0.473,-0.023,-0.279,-0.551,-0.036,0.046,0.473,0.455,-0.6,0.767,0.036,-0.699,-0.184,-0.461,0.638,-0.224,0.592,-0.707,-0.529,-0.321,-0.102,-0.641,-0.634,-0.507,0.066,-0.143,-0.547,-0.528,0.885,-0.6,0.279,0.031,-0.653,0.188,-0.424,0.644,0.587,-0.473,-0.109,-0.358,0.5,-0.602,-0.42,-0.33,0.049,-0.568,0.326,0.018,-0.391,-0.415,-0.644,-0.364,0.629,-0.309,-0.149,-0.471,0.01,-0.483,-0.617,0.434,-0.479,-0.414,-0.531,-0.26,-0.441,0.682,-0.448,-0.764,0.248,-0.619,-0.314,-0.658,-0.522,-0.21,0.07,-0.591,0.057,0.601,-0.462,-0.17,0.6,-0.484,-0.279,0.391,-0.435,-0.594,0.346,0.424,-0.489,-0.247,-0.266,-0.268,-0.303,0.612,-0.468,-0.314,0.1,-0.372,-0.197,0.822,0.403,-0.624,-0.485,-0.52,-0.413,0.183,0.707,0.316,0.204,-0.167,-0.349,0.074,-0.681,0.543,-0.549,-0.283,-0.549,-0.204
AMRX,-0.329,0.117,0.714,-0.362,0.112,-0.432,-0.44,-0.26,0.608,0.624,0.59,0.805,-0.057,-0.367,-0.597,0.497,0.0,-0.436,-0.05,0.494,-0.051,0.092,0.523,-0.551,-0.221,0.759,0.242,-0.52,-0.004,-0.773,0.617,-0.508,-0.35,-0.76,0.366,0.785,-0.701,-0.418,-0.414,-0.25,0.529,0.165,-0.313,-0.616,0.41,-0.017,-0.301,-0.645,-0.434,-0.444,-0.322,0.033,-0.667,0.764,-0.529,0.664,0.221,-0.763,0.527,-0.499,-0.431,0.553,-0.635,-0.607,-0.292,0.579,0.103,-0.208,0.616,-0.258,-0.489,-0.697,0.042,-0.305,-0.133,0.115,0.788,-0.266,0.591,-0.239,-0.476,-0.361,0.668,0.239,0.259,-0.442,0.306,0.168,0.817,0.536,-0.702,0.757,0.325,-0.684,-0.157,-0.055,0.729,-0.123,0.477,-0.657,-0.434,-0.539,0.022,-0.591,-0.692,-0.438,0.26,-0.229,-0.619,-0.398,0.57,-0.685,-0.132,-0.116,-0.659,-0.381,-0.774,0.499,0.746,-0.52,0.039,-0.018,0.729,-0.44,-0.447,-0.017,0.584,-0.671,0.769,0.375,-0.248,-0.331,-0.517,-0.618,0.586,-0.374,-0.216,-0.348,0.406,-0.399,-0.53,0.756,-0.322,-0.337,-0.54,-0.015,-0.383,0.681,-0.503,-0.475,0.756,-0.284,-0.366,-0.736,-0.203,-0.272,0.52,-0.444,0.132,0.719,-0.329,-0.114,0.709,-0.46,0.031,0.663,-0.364,-0.529,0.541,0.723,-0.446,-0.126,0.132,-0.43,-0.421,0.628,0.01,0.112,-0.335,-0.548,-0.168,0.595,0.501,-0.683,-0.325,-0.366,-0.403,0.388,0.636,0.751,0.172,-0.414,-0.378,0.147,-0.62,0.503,-0.628,-0.003,-0.68,0.208
ANSS,0.019,-0.233,-0.721,-0.248,0.403,0.225,0.901,0.91,-0.844,-0.631,-0.719,-0.509,0.753,0.582,0.337,-0.373,-0.436,0.0,0.721,0.106,0.484,0.238,0.0,0.369,-0.16,-0.484,-0.467,0.592,0.763,0.64,-0.7,-0.127,-0.297,0.734,0.074,-0.45,0.391,0.021,-0.038,0.103,-0.286,-0.727,-0.293,0.297,-0.585,-0.612,0.709,0.284,0.169,0.37,0.248,-0.008,0.832,-0.535,0.506,-0.581,0.491,0.526,-0.294,0.841,0.22,-0.646,0.892,0.907,0.038,0.076,-0.103,-0.265,-0.288,0.489,0.589,0.343,-0.682,0.656,0.686,-0.482,-0.459,0.106,-0.791,-0.023,0.599,0.182,-0.756,-0.274,0.053,0.343,-0.398,-0.124,-0.686,-0.634,0.712,-0.581,-0.482,0.781,-0.463,-0.229,-0.499,-0.554,-0.743,0.601,0.055,0.486,-0.26,0.499,0.562,0.698,-0.416,0.428,0.383,0.036,-0.294,0.478,0.091,0.227,0.464,-0.101,0.555,-0.111,-0.647,0.096,-0.547,0.75,-0.756,0.195,-0.116,0.184,-0.595,0.595,-0.652,-0.67,0.811,0.551,0.191,0.423,-0.786,-0.331,-0.119,0.895,-0.688,0.036,0.093,-0.525,0.738,-0.097,0.438,0.664,-0.141,-0.734,-0.1,0.604,-0.387,0.315,0.545,0.308,0.61,0.361,0.237,0.391,0.455,-0.565,0.605,-0.537,-0.817,0.191,-0.153,-0.511,0.889,0.604,-0.8,-0.794,0.461,-0.437,-0.569,0.817,0.934,-0.743,0.07,0.462,0.719,0.918,-0.508,-0.59,-0.619,0.336,0.192,0.507,-0.004,-0.861,-0.625,-0.221,-0.509,-0.075,-0.239,0.263,0.781,-0.708,0.207,-0.374,0.537,0.264
APPN,-0.043,-0.414,-0.4,-0.294,0.343,0.135,0.754,0.713,-0.427,-0.32,-0.366,-0.151,0.868,0.531,0.038,-0.255,-0.05,0.721,0.0,0.116,0.43,-0.024,0.123,0.254,-0.204,-0.183,-0.304,0.381,0.637,0.287,-0.396,-0.43,-0.379,0.355,0.037,-0.003,0.136,-0.127,-0.256,0.14,-0.16,-0.506,-0.342,0.027,-0.422,-0.493,0.449,-0.035,-0.102,0.096,0.24,0.117,0.416,-0.237,0.236,-0.261,0.498,0.143,0.003,0.454,0.076,-0.248,0.493,0.522,0.024,0.376,-0.243,-0.15,-0.075,0.393,0.277,0.031,-0.553,0.47,0.594,-0.329,-0.047,0.023,-0.44,-0.06,0.475,0.122,-0.416,-0.198,0.371,0.146,-0.145,0.156,-0.256,-0.397,0.36,-0.264,-0.144,0.45,-0.478,0.032,-0.138,-0.496,-0.63,0.295,-0.137,0.141,-0.105,0.38,0.277,0.575,-0.189,0.254,0.105,-0.036,-0.222,0.158,-0.128,0.068,0.146,-0.513,0.149,0.152,-0.219,-0.167,-0.348,0.807,-0.331,0.0,-0.217,0.229,-0.113,0.253,-0.199,-0.459,0.696,0.363,0.003,0.101,-0.528,-0.391,-0.252,0.677,-0.413,-0.061,-0.017,-0.031,0.508,-0.238,0.125,0.601,-0.238,-0.372,-0.27,0.362,0.082,0.082,0.352,-0.08,0.451,0.222,0.421,0.227,0.519,-0.207,0.397,-0.456,-0.426,-0.078,-0.148,-0.257,0.706,0.387,-0.465,-0.308,0.247,-0.409,-0.411,0.571,0.647,-0.403,0.274,0.513,0.456,0.541,-0.482,-0.373,-0.273,0.071,0.042,0.48,-0.152,-0.524,-0.415,0.123,-0.29,-0.384,-0.293,0.337,0.52,-0.415,-0.051,-0.195,0.155,0.431
APTO,-0.379,0.011,0.418,-0.48,0.132,-0.2,-0.07,0.119,0.022,0.257,0.124,0.465,0.232,-0.178,-0.324,0.661,0.494,0.106,0.116,0.0,-0.066,0.607,0.658,-0.592,-0.268,0.316,-0.109,-0.236,0.275,-0.336,0.116,-0.598,-0.388,-0.317,0.497,0.346,-0.431,-0.264,-0.085,-0.142,0.311,-0.216,-0.414,-0.315,0.187,-0.545,0.002,-0.331,-0.165,-0.154,-0.184,-0.192,-0.064,0.355,0.035,0.161,0.345,-0.375,0.318,0.155,-0.203,0.225,0.068,-0.016,-0.246,0.781,0.351,-0.369,0.527,-0.018,-0.036,-0.355,-0.24,-0.093,-0.086,-0.167,0.404,-0.158,0.284,-0.325,-0.261,-0.024,0.206,0.175,0.148,-0.207,0.058,-0.032,0.249,0.115,-0.246,0.479,-0.173,-0.303,-0.292,-0.373,0.322,-0.433,0.217,-0.323,-0.353,0.001,-0.236,-0.539,-0.275,-0.11,0.15,0.083,-0.273,-0.55,0.784,-0.286,0.398,0.346,-0.302,-0.009,-0.222,0.481,0.221,-0.327,-0.247,0.123,0.101,-0.3,-0.385,0.157,0.044,-0.158,0.179,-0.32,0.031,0.109,-0.431,-0.052,0.294,-0.435,-0.06,0.017,-0.256,-0.279,-0.674,0.179,0.124,-0.263,-0.128,0.136,-0.356,0.347,-0.438,-0.271,0.237,-0.147,-0.063,-0.537,0.102,0.108,0.392,-0.138,0.493,0.24,0.123,-0.363,0.241,-0.172,-0.039,0.427,-0.08,-0.139,-0.092,0.179,-0.139,-0.257,-0.387,0.002,0.177,0.128,-0.095,0.279,0.276,0.097,-0.371,0.531,0.097,-0.43,-0.134,-0.175,-0.273,-0.142,0.247,0.502,0.093,-0.158,-0.399,0.146,-0.37,0.089,-0.377,-0.259,-0.219,-0.024
ARCT,-0.11,-0.143,-0.38,-0.291,0.334,-0.041,0.443,0.519,-0.361,-0.143,-0.206,-0.06,0.423,0.141,-0.211,-0.404,-0.051,0.484,0.43,-0.066,0.0,0.018,0.156,0.017,-0.386,0.18,-0.209,0.477,0.442,0.125,-0.121,-0.131,-0.383,0.238,0.009,-0.103,-0.056,-0.305,-0.283,-0.158,0.111,-0.398,-0.297,-0.076,-0.512,-0.255,0.52,-0.08,-0.2,0.266,0.131,-0.187,0.276,-0.23,0.017,-0.234,0.391,0.051,-0.137,0.407,0.059,-0.639,0.248,0.426,-0.099,0.046,0.005,-0.287,0.078,0.276,0.316,0.021,-0.565,0.331,0.682,-0.281,-0.226,-0.215,-0.568,-0.055,0.205,-0.207,-0.373,0.105,0.023,-0.114,-0.425,0.05,-0.135,-0.264,0.1,-0.307,-0.069,0.396,-0.381,0.064,-0.048,-0.497,-0.419,0.197,-0.252,-0.148,-0.092,0.122,0.141,0.247,-0.336,-0.253,-0.092,0.117,-0.333,0.015,-0.072,-0.29,0.054,-0.33,-0.035,0.112,-0.124,-0.116,-0.314,0.408,-0.304,-0.068,-0.278,0.211,-0.176,0.258,-0.045,-0.214,0.353,0.233,-0.097,-0.15,-0.467,-0.449,-0.519,0.554,-0.224,-0.21,0.084,0.082,0.492,-0.228,0.115,0.491,-0.296,-0.598,-0.357,0.285,0.004,0.195,0.365,0.038,0.607,0.027,0.499,0.063,0.026,-0.035,0.341,-0.546,-0.393,-0.141,0.168,-0.196,0.561,0.193,-0.235,-0.439,0.221,-0.398,-0.312,0.21,0.549,-0.258,0.151,0.262,-0.004,0.407,-0.439,-0.409,-0.133,-0.078,-0.053,0.09,-0.284,-0.475,-0.262,-0.177,-0.483,-0.287,-0.354,-0.084,0.452,-0.441,-0.138,-0.204,-0.018,0.222
ARWR,-0.622,0.181,0.101,-0.588,-0.028,-0.405,0.056,0.267,-0.243,0.228,0.087,0.322,0.192,-0.074,-0.178,0.639,0.092,0.238,-0.024,0.607,0.018,0.0,0.172,-0.335,-0.516,-0.062,-0.56,-0.28,0.392,-0.145,-0.271,-0.229,-0.51,-0.094,0.372,-0.175,-0.325,-0.423,-0.223,-0.529,0.159,-0.55,-0.546,-0.311,-0.23,-0.636,0.004,-0.292,0.277,-0.272,-0.555,-0.568,0.203,0.306,0.142,0.048,0.53,-0.16,0.252,0.488,-0.346,-0.046,0.333,0.196,-0.541,0.362,-0.024,-0.532,0.543,-0.274,-0.067,-0.251,-0.52,0.325,0.164,-0.501,-0.122,-0.411,-0.084,-0.607,-0.087,-0.249,-0.147,-0.183,-0.46,-0.35,-0.403,-0.276,-0.101,-0.032,-0.053,0.235,-0.422,-0.103,-0.479,-0.714,0.247,-0.564,0.078,-0.238,-0.466,0.031,-0.301,-0.266,-0.195,-0.063,-0.412,0.039,-0.262,-0.382,0.592,-0.212,0.472,0.17,-0.256,0.358,0.027,0.397,0.074,-0.317,-0.536,-0.027,-0.072,-0.455,-0.5,-0.321,-0.568,-0.107,-0.194,-0.355,0.128,-0.05,-0.465,-0.059,0.053,-0.5,-0.172,0.184,-0.42,-0.501,-0.473,-0.044,-0.024,-0.477,-0.167,0.157,-0.537,0.048,-0.437,-0.315,-0.133,-0.349,0.124,-0.269,-0.084,0.14,0.137,-0.375,0.129,0.184,-0.04,-0.532,-0.034,-0.319,-0.34,-0.038,0.173,-0.208,-0.179,-0.273,-0.104,-0.573,-0.636,0.294,0.33,0.048,-0.619,-0.165,0.483,0.29,-0.52,0.303,-0.12,-0.345,-0.352,-0.248,-0.39,-0.483,0.328,0.012,-0.344,-0.097,-0.543,0.184,-0.047,0.019,-0.339,-0.624,-0.096,-0.063
ASND,0.092,0.13,0.356,-0.059,0.32,0.216,-0.113,0.004,0.1,0.002,-0.07,0.278,0.134,-0.181,-0.142,0.252,0.523,0.0,0.123,0.658,0.156,0.172,0.0,-0.5,0.105,0.498,0.407,0.092,0.097,-0.18,0.495,-0.449,-0.023,-0.198,0.478,0.461,-0.197,0.078,0.172,0.321,0.336,0.153,-0.006,0.004,0.398,-0.144,0.315,-0.035,-0.3,0.296,0.331,0.226,-0.053,0.073,0.075,-0.012,-0.049,-0.18,-0.129,-0.04,0.244,0.211,-0.13,-0.0,0.224,0.604,0.716,-0.121,0.201,0.36,0.292,-0.096,0.025,-0.449,-0.18,0.311,0.526,0.284,0.258,0.25,-0.222,0.269,0.201,0.612,0.537,0.138,0.492,-0.109,0.246,-0.006,-0.158,0.289,0.017,-0.139,0.069,0.182,0.099,-0.076,0.061,-0.02,-0.006,0.087,-0.123,-0.461,-0.025,-0.086,0.525,-0.002,-0.023,-0.234,0.531,-0.027,0.39,0.435,-0.02,-0.082,-0.166,0.135,0.097,-0.015,0.209,0.215,0.038,0.102,-0.065,0.464,0.427,0.094,0.239,-0.2,0.014,0.442,-0.016,0.052,0.2,-0.11,0.174,0.054,0.082,0.154,-0.452,0.169,0.33,0.178,0.221,-0.061,0.048,0.261,-0.137,0.111,0.474,0.236,0.177,-0.263,0.489,0.265,0.421,0.262,0.597,0.054,0.465,-0.021,0.243,0.191,0.535,0.704,-0.205,0.09,0.107,0.269,0.133,0.122,-0.0,-0.292,0.12,-0.03,0.375,0.65,-0.079,-0.025,-0.009,0.302,0.076,-0.17,0.301,-0.024,0.093,0.121,-0.038,0.672,0.316,0.104,-0.074,-0.216,-0.382,-0.093,-0.06,0.266,-0.043,-0.046
ASTH,0.53,-0.203,-0.603,0.374,-0.026,0.355,0.559,0.3,-0.402,-0.595,-0.432,-0.671,0.262,0.793,0.57,-0.602,-0.551,0.369,0.254,-0.592,0.017,-0.335,-0.5,0.0,0.305,-0.412,-0.168,0.494,0.194,0.657,-0.398,0.537,0.32,0.655,-0.07,-0.538,0.724,0.44,0.032,0.294,-0.684,-0.054,0.378,0.523,-0.187,0.285,0.328,0.496,0.3,0.28,0.293,0.418,0.463,-0.488,0.444,-0.393,-0.059,0.625,-0.347,0.23,0.305,-0.264,0.363,0.397,0.391,-0.59,-0.432,0.332,-0.681,0.227,0.26,0.51,0.043,0.516,0.293,-0.09,-0.333,0.307,-0.535,0.257,0.783,0.199,-0.504,-0.377,-0.001,0.564,-0.072,0.195,-0.483,-0.392,0.653,-0.658,-0.036,0.653,0.192,0.268,-0.533,0.199,-0.531,0.587,0.563,0.413,0.454,0.899,0.594,0.608,-0.32,0.532,0.572,0.48,-0.758,0.515,-0.195,-0.138,0.539,-0.097,0.48,-0.637,-0.498,0.202,-0.04,0.31,-0.304,0.509,0.438,-0.135,-0.266,0.354,-0.514,0.016,0.578,0.289,0.614,0.317,-0.567,0.36,0.237,0.455,0.007,0.35,0.814,-0.417,0.108,0.224,0.292,0.291,0.382,-0.458,0.493,0.56,-0.45,0.352,0.232,0.634,0.127,0.216,-0.378,0.371,-0.018,-0.486,0.166,0.253,-0.445,0.2,-0.126,-0.646,0.47,0.546,-0.225,-0.37,0.325,0.136,0.253,0.43,0.248,-0.464,0.272,0.027,0.162,0.326,0.232,-0.655,-0.221,0.691,0.346,0.67,0.412,-0.231,-0.486,-0.449,-0.242,0.269,0.423,0.303,0.703,-0.474,0.502,0.058,0.513,0.384
ATSG,0.847,0.262,-0.155,0.823,0.008,0.758,-0.057,-0.318,-0.027,-0.574,-0.469,-0.547,-0.288,0.135,0.643,-0.426,-0.221,-0.16,-0.204,-0.268,-0.386,-0.516,0.105,0.305,0.0,-0.18,0.634,0.349,-0.382,0.5,0.178,0.44,0.864,0.38,-0.137,-0.093,0.679,0.892,0.766,0.822,-0.254,0.59,0.855,0.753,0.582,0.582,0.241,0.749,0.059,0.645,0.675,0.747,0.165,-0.475,0.34,-0.372,-0.746,0.577,-0.639,-0.212,0.703,0.183,-0.015,0.06,0.817,-0.354,0.4,0.629,-0.764,0.543,0.458,0.619,0.688,-0.43,-0.487,0.621,0.057,0.897,0.109,0.854,0.22,0.752,-0.019,0.391,0.482,0.791,0.681,-0.176,-0.229,-0.226,0.448,-0.396,0.032,0.263,0.776,0.574,-0.618,0.797,-0.107,0.581,0.861,0.513,0.245,0.276,0.573,0.221,0.603,0.412,0.743,0.403,-0.279,0.667,0.224,0.52,0.668,0.163,0.466,-0.725,-0.426,0.773,0.693,-0.052,-0.21,0.841,0.841,0.502,0.352,0.474,-0.184,0.099,-0.045,0.51,0.819,0.618,-0.017,0.856,0.817,-0.121,0.269,0.88,0.415,-0.49,0.2,0.879,0.64,-0.349,0.885,0.003,0.864,0.562,-0.103,0.661,0.09,0.598,0.211,0.394,-0.461,0.739,0.162,-0.575,0.406,0.805,-0.096,0.777,0.547,0.132,-0.316,0.517,0.008,0.128,0.377,0.81,0.667,-0.183,-0.218,-0.408,0.561,0.325,-0.189,-0.057,0.792,-0.264,-0.09,0.71,0.831,0.414,0.868,0.432,-0.473,0.156,0.52,0.653,0.829,-0.246,0.008,-0.228,0.779,0.722,0.6,-0.194
AVTX,-0.152,0.037,0.594,-0.17,0.023,-0.315,-0.421,-0.339,0.584,0.544,0.585,0.657,-0.121,-0.308,-0.588,0.284,0.759,-0.484,-0.183,0.316,0.18,-0.062,0.498,-0.412,-0.18,0.0,0.333,-0.25,-0.134,-0.691,0.704,-0.24,-0.205,-0.692,0.343,0.665,-0.57,-0.327,-0.367,-0.16,0.344,0.315,-0.115,-0.484,0.382,0.221,-0.227,-0.525,-0.504,-0.227,-0.129,0.055,-0.681,0.582,-0.497,0.546,0.075,-0.671,0.414,-0.543,-0.293,0.354,-0.698,-0.597,-0.133,0.366,0.215,-0.037,0.485,-0.249,-0.4,-0.528,0.131,-0.321,-0.064,0.246,0.746,-0.26,0.459,-0.079,-0.368,-0.377,0.613,0.354,0.255,-0.411,0.267,0.328,0.819,0.468,-0.702,0.592,0.439,-0.56,0.016,0.252,0.619,-0.033,0.447,-0.573,-0.297,-0.541,0.307,-0.5,-0.571,-0.413,0.235,-0.358,-0.514,-0.247,0.288,-0.606,-0.08,-0.352,-0.549,-0.391,-0.752,0.321,0.678,-0.491,0.122,-0.135,0.69,-0.296,-0.276,0.044,0.616,-0.54,0.772,0.496,-0.279,-0.252,-0.381,-0.623,0.522,-0.245,-0.274,-0.331,0.544,-0.303,-0.216,0.744,-0.28,-0.237,-0.459,0.003,-0.238,0.496,-0.367,-0.388,0.605,-0.101,-0.355,-0.518,-0.026,-0.357,0.431,-0.328,-0.014,0.632,-0.274,-0.02,0.677,-0.421,0.281,0.57,-0.358,-0.427,0.645,0.64,-0.305,0.051,0.305,-0.544,-0.439,0.594,0.204,0.057,-0.593,-0.574,-0.027,0.477,0.547,-0.55,-0.214,-0.319,-0.317,0.442,0.509,0.511,0.152,-0.246,-0.215,-0.017,-0.507,0.349,-0.515,0.105,-0.637,0.208
BCPC,0.546,0.368,0.23,0.658,0.181,0.42,-0.438,-0.514,0.48,-0.058,0.011,-0.014,-0.431,-0.269,0.08,-0.16,0.242,-0.467,-0.304,-0.109,-0.209,-0.56,0.407,-0.168,0.634,0.333,0.0,0.044,-0.469,-0.104,0.686,0.097,0.618,-0.164,0.09,0.45,0.081,0.516,0.451,0.578,0.167,0.721,0.635,0.224,0.573,0.603,0.003,0.265,-0.368,0.351,0.517,0.617,-0.344,-0.082,-0.116,0.146,-0.68,0.019,-0.262,-0.587,0.474,0.401,-0.523,-0.375,0.548,0.019,0.549,0.495,-0.276,0.365,0.146,0.185,0.723,-0.734,-0.55,0.82,0.458,0.523,0.474,0.705,-0.315,0.387,0.459,0.63,0.568,0.327,0.681,0.035,0.261,0.222,-0.168,0.163,0.458,-0.207,0.689,0.697,-0.092,0.702,0.304,0.089,0.454,0.035,0.105,-0.21,0.07,-0.196,0.806,-0.024,0.197,0.285,0.009,0.14,0.101,0.223,0.186,-0.054,-0.127,-0.285,0.049,0.412,0.781,-0.138,0.23,0.448,0.504,0.435,0.76,0.054,0.329,0.392,-0.372,0.186,0.429,0.088,0.341,0.545,0.471,-0.4,0.604,0.579,0.025,0.081,0.0,0.641,0.254,-0.519,0.604,0.388,0.394,0.215,0.336,0.362,-0.017,0.137,0.077,0.052,-0.017,0.37,0.194,-0.037,0.191,0.66,0.368,0.491,0.705,0.544,-0.589,0.094,0.377,0.5,0.138,0.775,0.7,-0.591,-0.495,0.114,0.508,0.321,-0.583,-0.494,0.661,0.181,0.159,0.199,0.472,-0.071,0.5,0.676,-0.066,0.342,0.714,0.367,0.584,-0.365,-0.467,0.192,0.304,0.795,0.045,-0.138
BEAM,0.615,-0.28,-0.687,0.306,0.274,0.704,0.627,0.502,-0.666,-0.8,-0.747,-0.747,0.423,0.455,0.471,-0.689,-0.52,0.592,0.381,-0.236,0.477,-0.28,0.092,0.494,0.349,-0.25,0.044,0.0,0.281,0.742,-0.233,0.256,0.273,0.742,-0.071,-0.427,0.678,0.482,0.34,0.618,-0.418,-0.069,0.352,0.671,-0.19,0.05,0.76,0.652,0.069,0.847,0.776,0.314,0.651,-0.816,0.575,-0.771,-0.123,0.684,-0.681,0.46,0.614,-0.597,0.531,0.714,0.582,-0.284,0.229,0.106,-0.66,0.61,0.737,0.711,-0.128,0.183,0.366,0.094,-0.331,0.507,-0.656,0.506,0.553,0.468,-0.598,0.043,0.291,0.667,-0.046,0.013,-0.599,-0.709,0.7,-0.792,-0.25,0.814,0.171,0.414,-0.749,0.023,-0.679,0.795,0.528,0.511,0.226,0.55,0.748,0.567,0.015,0.333,0.682,0.251,-0.566,0.71,0.042,0.186,0.71,-0.068,0.598,-0.574,-0.723,0.408,0.013,0.427,-0.722,0.664,0.422,0.464,-0.186,0.749,-0.546,-0.451,0.556,0.781,0.627,0.516,-0.699,0.232,0.157,0.639,-0.335,0.495,0.572,-0.542,0.761,0.46,0.695,0.308,0.425,-0.765,0.409,0.778,-0.4,0.75,0.547,0.657,0.773,0.288,-0.016,0.811,0.304,-0.756,0.66,0.036,-0.647,0.489,0.388,-0.356,0.467,0.755,-0.474,-0.591,0.664,0.173,0.035,0.329,0.593,-0.777,0.622,0.468,0.198,0.597,0.106,-0.743,-0.326,0.654,0.656,0.588,0.454,-0.368,-0.863,-0.24,-0.163,0.317,0.327,-0.217,0.627,-0.827,0.605,0.169,0.654,0.031
BILI,-0.287,-0.062,-0.453,-0.576,0.526,-0.212,0.752,0.809,-0.584,-0.283,-0.382,-0.068,0.709,0.559,0.053,-0.114,-0.004,0.763,0.637,0.275,0.442,0.392,0.097,0.194,-0.382,-0.134,-0.469,0.281,0.0,0.216,-0.496,-0.246,-0.614,0.366,0.422,-0.097,-0.023,-0.316,-0.461,-0.205,-0.089,-0.826,-0.573,-0.154,-0.577,-0.697,0.576,-0.152,-0.079,0.03,-0.072,0.001,0.504,-0.027,0.14,-0.088,0.815,0.102,0.098,0.627,-0.174,-0.39,0.576,0.61,-0.341,0.272,-0.279,-0.386,0.054,0.155,0.267,-0.114,-0.783,0.765,0.793,-0.537,-0.109,-0.181,-0.606,-0.323,0.454,-0.249,-0.419,-0.414,0.004,0.027,-0.407,-0.005,-0.311,-0.286,0.37,-0.194,-0.274,0.445,-0.672,-0.396,-0.053,-0.675,-0.505,0.217,-0.243,0.163,-0.235,0.303,0.151,0.583,-0.542,0.346,-0.041,-0.174,-0.087,0.037,-0.119,0.057,0.072,-0.305,0.101,0.128,-0.208,-0.311,-0.736,0.802,-0.305,-0.123,-0.474,-0.08,-0.46,0.128,-0.282,-0.317,0.836,0.301,-0.115,0.008,-0.533,-0.65,-0.264,0.841,-0.502,-0.349,-0.137,-0.145,0.431,-0.45,0.004,0.77,-0.497,-0.397,-0.458,0.333,-0.051,0.107,0.276,-0.049,0.385,0.079,0.6,0.033,0.423,-0.119,0.296,-0.71,-0.494,-0.161,-0.306,-0.314,0.82,0.284,-0.522,-0.506,0.254,-0.624,-0.532,0.775,0.721,-0.36,-0.131,0.394,0.571,0.664,-0.728,-0.353,-0.475,-0.041,-0.114,0.378,-0.323,-0.801,-0.206,0.076,-0.63,-0.379,-0.555,0.609,0.593,-0.393,-0.239,-0.616,0.144,0.578
BJRI,0.625,-0.045,-0.762,0.441,0.129,0.718,0.664,0.435,-0.79,-0.938,-0.907,-0.941,0.297,0.596,0.82,-0.652,-0.773,0.64,0.287,-0.336,0.125,-0.145,-0.18,0.657,0.5,-0.691,-0.104,0.742,0.216,0.0,-0.586,0.448,0.452,0.968,-0.168,-0.733,0.927,0.677,0.559,0.549,-0.57,-0.147,0.447,0.875,-0.17,0.019,0.676,0.869,0.433,0.736,0.586,0.337,0.889,-0.892,0.76,-0.878,-0.216,0.963,-0.796,0.615,0.692,-0.548,0.777,0.828,0.605,-0.478,0.083,0.261,-0.842,0.644,0.796,0.854,-0.052,0.305,0.192,-0.037,-0.628,0.656,-0.695,0.522,0.722,0.659,-0.79,-0.074,0.095,0.828,0.005,-0.277,-0.878,-0.766,0.966,-0.921,-0.392,0.911,0.238,0.148,-0.94,0.148,-0.737,0.95,0.696,0.808,0.027,0.703,0.95,0.706,-0.103,0.551,0.898,0.423,-0.565,0.939,0.238,0.434,0.913,0.264,0.928,-0.717,-0.914,0.672,0.044,0.352,-0.863,0.765,0.592,0.309,-0.464,0.895,-0.844,-0.51,0.563,0.72,0.786,0.832,-0.75,0.45,0.468,0.615,-0.421,0.653,0.58,-0.884,0.636,0.554,0.838,0.195,0.56,-0.749,0.657,0.844,-0.616,0.633,0.501,0.855,0.57,0.593,-0.407,0.774,0.199,-0.932,0.669,0.186,-0.827,0.689,0.15,-0.519,0.491,0.848,-0.62,-0.721,0.633,0.204,-0.039,0.536,0.618,-0.932,0.32,0.348,0.467,0.74,0.23,-0.785,-0.568,0.892,0.706,0.712,0.651,-0.454,-0.874,-0.392,-0.157,0.536,0.468,-0.08,0.736,-0.8,0.835,0.145,0.935,-0.087
