,AAL,AAON,ACB,ACGL,ACGLO,ACIW,ADBE,ADSK,AEP,AGIO,ALEC,ALNY,ALTR,AMBA,AMCX,AMKR,AMRX,ANSS,APPN,APTO,ARCT,ARWR,ASND,ASTH,ATSG,AVTX,BCPC,BEAM,BILI,BJRI,BLUE,BPOP,BRKL,BWIN,BZUN,CARG,CBRL,CBSH,CBUS,CENTA,CERS,CFFN,CHCO,CHEF,CHRD,CINF,CLLS,CMCO,CMCSA,COLL,COMM,COOP,CPB,CRON,CROX,CRUS,CRWD,CTAS,CYBR,CYTK,DGII,DIOD,DOMO,DPZ,DSGR,DXCM,ERIE,ESTA,EXEL,FAST,FCEL,FCFS,FHB,FITBI,FSV,FTDR,FUTU,GLDD,GLPG,GLPI,GOGO,GOSS,GSAT,GYRE,HALO,HAS,HLIT,HLNE,HSDT,HSIC,HTHT,ICHR,IDYA,IMVT,INDB,INSM,IONS,IOSP,ITRI,JBHT,JBLU,JSM,KLIC,KOD,KURA,LAB,LASR,LIN,LKQ,LNT,MBUU,MCRI,MDGL,MEDP,MGNI,MGPI,MGRC,MKTX,MRNA,MRTN,MSEX,MSFT,MU,NAVI,NBTB,NEO,NEOG,NGNE,NSSC,NTAP,NTES,NTLA,NTRS,NYMTN,OBLG,OCFC,ON,ONC,OPI,OSIS,OSW,PALI,PANW,PCAR,PCRX,PCTY,PEBO,PLAB,PLAY,PLMR,PLSE,PLUS,PRTA,PSEC,PSNL,PTCT,PTON,QNST,QRVO,QTTB,RARE,RBCAA,RGNX,SAIC,SGMO,SINT,SNPS,SPSC,SPTN,SSYS,STNE,TBBK,TCPC,TENB,TGTX,TREE,TRUP,TTWO,TW,TXG,UBSI,UCTT,UFPT,UMBF,UPBD,URBN,VBTX,VCTR,VEON,VNET,VRSK,VSEC,WABC,WTFCM,WVE,WW,WWD,XEL,ZD,ZYME
AAL,0.0,-0.104,0.636,0.838,0.464,0.533,0.027,0.282,-0.088,0.776,0.636,-0.47,-0.296,0.189,-0.236,0.417,-0.01,0.229,-0.098,-0.011,0.37,-0.328,-0.229,0.538,0.023,0.576,0.204,0.059,0.727,0.707,-0.009,0.711,0.856,0.742,0.7,0.629,0.671,0.739,-0.092,0.627,0.289,0.409,0.866,0.831,0.434,0.416,0.1,0.909,-0.235,0.15,0.765,-0.057,-0.3,0.666,-0.136,-0.322,-0.563,0.05,0.034,0.304,-0.375,-0.253,0.361,-0.645,0.182,-0.025,0.756,0.527,-0.02,-0.121,0.248,0.843,0.801,0.092,0.226,0.599,0.512,0.055,-0.261,0.635,0.56,0.644,0.142,0.866,0.815,0.112,0.373,0.437,0.753,0.81,-0.023,-0.109,0.61,0.683,0.774,-0.357,0.611,0.748,0.337,0.537,0.894,0.613,0.761,-0.216,-0.346,-0.444,-0.487,0.757,0.827,0.761,0.27,0.661,-0.558,0.716,-0.087,0.41,0.748,-0.076,-0.345,0.734,0.753,0.059,-0.224,0.771,0.838,0.076,-0.104,0.716,-0.265,0.719,0.03,-0.085,0.89,0.311,0.169,0.877,0.557,-0.567,0.861,0.474,0.847,0.561,-0.039,0.539,0.42,-0.311,0.899,-0.344,0.529,0.47,0.012,0.443,0.622,0.111,-0.082,0.456,-0.464,-0.283,-0.237,-0.284,-0.345,0.807,0.534,0.508,0.527,-0.242,-0.027,0.024,0.549,0.746,-0.234,0.911,0.014,-0.161,0.04,0.557,-0.121,-0.607,-0.173,-0.401,0.87,-0.414,0.59,0.827,-0.182,0.817,0.739,0.586,-0.064,0.061,0.438,-0.278,0.828,0.001,0.527,0.749,0.91,0.554,0.684,-0.498
AAON,-0.104,0.0,-0.741,-0.208,0.364,0.355,0.475,0.282,0.885,-0.588,-0.584,0.802,0.727,0.673,0.445,0.368,0.194,0.556,0.93,0.343,0.546,0.527,0.9,0.342,0.811,-0.455,0.403,-0.362,-0.328,-0.585,-0.448,0.231,-0.304,-0.215,-0.595,-0.515,-0.523,0.227,-0.092,0.201,0.322,0.552,-0.363,-0.265,-0.716,0.465,0.107,-0.291,0.571,0.823,-0.156,0.919,0.819,-0.484,0.708,0.942,0.656,0.805,0.761,0.491,0.826,0.955,0.06,0.764,0.746,0.3,-0.146,-0.159,0.28,0.548,-0.623,-0.259,-0.519,0.547,0.745,-0.369,-0.551,0.831,0.733,0.229,0.232,-0.443,-0.151,-0.122,-0.415,0.826,-0.117,0.547,-0.467,-0.48,0.513,0.587,0.292,0.244,-0.396,0.465,-0.739,-0.532,0.812,-0.69,-0.333,-0.417,-0.357,0.897,0.768,0.547,0.494,-0.448,-0.473,0.2,0.343,0.095,0.455,0.012,0.775,0.576,-0.064,0.851,0.697,-0.283,0.133,0.411,0.115,0.182,-0.502,0.462,0.008,-0.1,0.803,-0.102,-0.583,0.063,-0.182,0.378,0.605,-0.295,0.609,0.77,-0.467,0.292,-0.418,0.236,0.663,0.579,0.056,0.917,-0.331,0.696,-0.544,0.397,0.7,0.189,-0.552,0.762,0.287,0.484,0.698,0.869,0.764,0.534,0.769,-0.399,-0.218,0.391,-0.586,0.517,0.796,0.784,-0.601,-0.522,0.692,-0.171,0.62,0.636,0.646,0.424,0.91,0.495,0.894,0.722,-0.294,0.691,0.287,0.006,0.575,-0.246,0.137,0.255,-0.308,0.758,0.464,0.855,-0.32,0.772,-0.479,-0.149,0.051,0.493,-0.062,0.589
ACB,0.636,-0.741,0.0,0.726,0.063,0.031,-0.228,0.045,-0.664,0.924,0.831,-0.883,-0.704,-0.34,-0.53,0.093,-0.126,-0.158,-0.69,-0.172,-0.148,-0.65,-0.817,0.132,-0.612,0.703,-0.121,0.296,0.757,0.906,0.2,0.278,0.765,0.666,0.882,0.82,0.824,0.319,-0.062,0.33,0.04,-0.124,0.793,0.744,0.73,-0.123,-0.015,0.782,-0.555,-0.468,0.604,-0.705,-0.793,0.853,-0.543,-0.853,-0.795,-0.498,-0.458,-0.163,-0.772,-0.816,0.244,-0.944,-0.456,-0.164,0.628,0.486,-0.206,-0.457,0.537,0.751,0.863,-0.346,-0.345,0.676,0.732,-0.598,-0.71,0.209,0.202,0.772,0.231,0.632,0.838,-0.491,0.483,-0.148,0.774,0.873,-0.428,-0.465,0.185,0.292,0.806,-0.595,0.931,0.857,-0.343,0.828,0.751,0.733,0.783,-0.815,-0.766,-0.623,-0.693,0.835,0.883,0.329,0.014,0.365,-0.705,0.525,-0.618,-0.083,0.518,-0.636,-0.738,0.693,0.435,-0.187,-0.273,0.376,0.868,-0.22,0.002,0.533,-0.73,0.559,0.467,-0.107,0.651,-0.027,-0.199,0.752,-0.022,-0.923,0.887,0.122,0.792,0.299,-0.427,-0.089,0.21,-0.841,0.807,-0.732,0.736,0.12,-0.496,0.139,0.825,-0.523,-0.226,-0.085,-0.79,-0.78,-0.626,-0.581,-0.777,0.822,0.499,0.034,0.764,-0.47,-0.543,-0.513,0.823,0.905,-0.611,0.69,-0.505,-0.524,-0.354,0.112,-0.677,-0.746,-0.732,-0.765,0.771,-0.764,0.148,0.514,-0.52,0.696,0.418,0.166,0.154,-0.437,-0.022,-0.831,0.754,-0.489,0.698,0.643,0.55,0.025,0.517,-0.747
ACGL,0.838,-0.208,0.726,0.0,0.364,0.331,0.161,0.405,-0.107,0.802,0.527,-0.626,-0.463,-0.073,-0.599,0.356,-0.335,0.383,-0.115,-0.185,0.09,-0.65,-0.282,0.68,-0.136,0.468,0.445,-0.15,0.807,0.778,-0.028,0.561,0.946,0.91,0.856,0.612,0.887,0.708,-0.389,0.836,0.163,0.397,0.903,0.778,0.305,0.408,-0.23,0.821,-0.412,0.003,0.643,-0.19,-0.318,0.681,-0.242,-0.405,-0.586,0.038,0.057,0.374,-0.456,-0.27,0.624,-0.671,0.046,0.081,0.767,0.765,-0.389,-0.023,0.1,0.866,0.851,0.186,0.269,0.497,0.534,-0.097,-0.457,0.592,0.303,0.781,-0.142,0.692,0.791,0.089,0.352,0.32,0.742,0.904,0.016,-0.261,0.413,0.56,0.921,-0.676,0.68,0.859,0.298,0.726,0.736,0.62,0.828,-0.407,-0.524,-0.592,-0.785,0.83,0.882,0.824,0.282,0.555,-0.812,0.824,-0.144,0.31,0.908,-0.007,-0.635,0.935,0.774,0.282,-0.545,0.849,0.869,0.273,-0.145,0.497,-0.381,0.876,-0.047,-0.402,0.735,0.193,0.283,0.945,0.568,-0.714,0.855,0.185,0.873,0.498,-0.089,0.437,0.261,-0.375,0.92,-0.645,0.666,0.583,-0.216,0.273,0.853,-0.07,-0.377,0.43,-0.417,-0.278,-0.372,-0.51,-0.589,0.931,0.275,0.507,0.417,-0.427,0.027,0.132,0.601,0.814,-0.318,0.883,-0.211,-0.309,0.099,0.473,-0.095,-0.683,-0.165,-0.496,0.922,-0.526,0.498,0.912,-0.039,0.944,0.886,0.643,-0.294,0.095,0.366,-0.478,0.924,-0.028,0.322,0.868,0.844,0.602,0.711,-0.728
ACGLO,0.464,0.364,0.063,0.364,0.0,0.176,0.538,0.592,0.294,0.154,0.274,0.145,0.164,0.54,-0.033,0.632,0.286,0.546,0.402,0.417,0.555,-0.018,0.23,0.303,0.247,0.384,0.16,0.194,0.322,0.294,-0.305,0.361,0.272,0.315,0.131,0.28,0.213,0.261,0.073,0.423,0.7,0.301,0.24,0.47,0.047,0.196,0.375,0.324,0.423,0.308,0.076,0.414,0.077,0.334,0.414,0.277,0.077,0.434,0.312,0.423,0.308,0.24,0.409,0.003,0.32,0.238,0.506,0.138,0.311,0.228,-0.132,0.313,0.125,0.414,0.652,0.311,0.342,0.391,0.417,0.711,0.5,0.357,0.045,0.491,0.281,0.266,0.176,0.13,0.215,0.291,-0.077,0.022,0.428,0.719,0.119,0.197,0.102,0.067,0.447,-0.033,0.452,0.474,0.3,0.342,0.357,0.078,-0.007,0.358,0.271,0.468,0.239,0.61,-0.09,0.499,0.06,0.288,0.215,0.37,0.29,0.288,0.635,0.326,0.165,0.322,0.168,0.217,0.18,0.383,0.33,0.391,-0.057,0.311,0.299,0.549,0.363,0.258,0.594,0.04,0.274,0.581,0.365,0.53,0.643,0.638,0.185,0.266,0.299,0.202,0.13,0.641,0.464,0.124,0.096,0.375,0.287,0.466,0.018,0.191,0.432,0.214,0.252,0.333,0.395,0.458,0.279,0.209,0.465,0.428,-0.095,0.302,0.488,0.312,0.423,0.435,0.416,0.715,0.336,-0.063,0.299,0.282,0.294,-0.135,0.414,0.34,0.272,0.28,0.42,0.204,-0.258,0.323,0.727,0.227,0.21,0.498,0.216,0.248,0.454,0.599,0.615,0.139
ACIW,0.533,0.355,0.031,0.331,0.176,0.0,0.111,0.15,0.434,0.217,-0.017,0.109,0.206,0.309,0.159,0.274,-0.015,0.317,0.334,-0.002,0.351,0.078,0.257,0.461,0.392,-0.118,0.351,-0.371,0.35,0.026,-0.155,0.604,0.411,0.35,0.153,0.055,0.054,0.718,-0.317,0.343,-0.012,0.624,0.368,0.2,-0.023,0.559,-0.067,0.461,0.017,0.53,0.65,0.323,0.287,0.149,0.158,0.221,-0.063,0.41,0.543,0.404,-0.026,0.26,0.043,-0.082,0.45,0.049,0.135,0.186,0.039,0.186,-0.015,0.432,0.318,0.26,0.319,0.259,-0.138,0.394,-0.076,0.303,0.281,-0.015,-0.086,0.401,0.244,0.356,0.3,0.754,0.206,0.188,0.359,0.481,0.385,0.314,0.384,-0.054,0.032,0.287,0.546,-0.056,0.237,-0.086,0.308,0.223,-0.041,-0.059,-0.018,0.042,0.214,0.585,0.479,0.387,-0.09,0.385,0.505,0.67,0.463,0.321,0.044,0.238,0.463,0.221,-0.159,0.607,0.304,0.119,-0.236,0.275,-0.072,0.36,-0.223,-0.203,0.445,0.114,0.173,0.41,0.53,0.017,0.282,0.239,0.239,0.337,0.067,0.53,0.3,0.227,0.388,0.072,0.199,0.228,0.194,0.46,0.143,0.369,0.008,0.649,0.035,0.141,0.052,0.092,0.14,0.191,0.194,0.653,-0.098,-0.045,0.329,0.35,0.114,0.05,0.016,0.518,0.227,0.113,0.16,0.326,0.288,-0.06,0.276,-0.091,0.413,0.296,0.348,0.562,0.072,0.419,0.462,0.719,-0.214,0.449,0.302,0.227,0.372,0.267,-0.016,0.442,0.522,0.576,0.093,-0.1
ADBE,0.027,0.475,-0.228,0.161,0.538,0.111,0.0,0.871,0.418,-0.144,-0.236,0.427,0.332,0.404,-0.058,0.563,-0.051,0.893,0.67,0.277,0.158,-0.046,0.365,0.381,0.295,-0.132,0.467,-0.169,0.121,-0.053,-0.293,0.032,0.004,0.176,-0.052,-0.088,0.046,0.138,-0.292,0.391,0.462,0.189,-0.075,0.032,-0.303,0.148,0.055,-0.123,0.534,0.368,-0.122,0.477,0.407,-0.041,0.416,0.547,0.392,0.683,0.593,0.284,0.405,0.509,0.648,0.335,0.201,0.725,0.082,0.251,0.039,0.606,-0.308,0.013,-0.21,0.467,0.745,-0.143,0.074,0.373,0.362,0.463,0.042,0.127,-0.305,-0.033,-0.087,0.392,0.08,0.133,-0.148,-0.001,0.171,0.208,0.055,0.285,-0.03,0.115,-0.128,-0.135,0.494,-0.248,-0.066,0.061,0.11,0.387,0.372,0.114,0.093,0.045,-0.102,0.344,0.19,0.295,-0.01,0.302,0.264,0.177,0.07,0.67,0.289,0.144,0.486,0.814,-0.042,0.235,-0.165,0.506,0.396,-0.152,0.408,0.376,-0.124,-0.017,-0.134,0.508,0.489,-0.053,0.581,0.215,-0.118,0.156,-0.02,0.217,0.755,0.502,0.083,0.525,-0.069,0.18,0.079,0.586,0.152,-0.076,-0.01,0.31,0.02,0.461,0.356,0.417,0.478,0.158,0.28,-0.02,-0.083,0.566,-0.188,0.127,0.824,0.727,-0.339,-0.058,0.633,-0.055,0.354,0.566,0.571,0.53,0.534,0.38,0.633,0.357,-0.046,0.218,0.224,0.156,0.486,0.079,0.253,0.192,-0.51,0.694,0.719,0.381,-0.029,0.659,-0.31,0.033,0.126,0.581,0.265,0.203
ADSK,0.282,0.282,0.045,0.405,0.592,0.15,0.871,0.0,0.213,0.158,0.028,0.207,0.154,0.318,-0.133,0.596,-0.136,0.841,0.511,0.189,0.183,-0.217,0.167,0.472,0.188,0.088,0.444,-0.075,0.32,0.182,-0.115,0.14,0.268,0.366,0.208,0.124,0.265,0.25,-0.239,0.5,0.541,0.111,0.217,0.248,-0.02,0.24,0.076,0.191,0.431,0.263,0.119,0.287,0.225,0.16,0.166,0.316,0.102,0.551,0.417,0.242,0.172,0.275,0.765,0.024,0.08,0.765,0.28,0.44,-0.014,0.571,-0.005,0.228,0.066,0.417,0.693,0.002,0.28,0.332,0.185,0.603,0.13,0.447,-0.249,0.18,0.226,0.302,0.185,0.17,0.114,0.305,0.107,0.077,0.113,0.387,0.208,-0.049,0.155,0.137,0.448,0.03,0.197,0.363,0.391,0.219,0.184,-0.108,-0.07,0.336,0.166,0.505,0.069,0.376,-0.204,0.393,0.111,0.094,0.261,0.524,0.1,0.382,0.65,0.794,-0.109,0.417,0.139,0.553,0.468,0.034,0.218,0.619,-0.016,-0.014,0.14,0.537,0.397,0.212,0.596,-0.054,0.177,0.223,0.286,0.345,0.618,0.598,0.268,0.302,0.203,-0.025,0.284,0.584,0.002,-0.024,0.206,0.266,-0.059,0.461,0.103,0.194,0.3,-0.048,0.061,0.235,0.093,0.634,0.063,-0.083,0.7,0.592,-0.102,0.209,0.449,0.21,0.32,0.445,0.506,0.569,0.315,0.199,0.482,0.113,0.175,0.012,0.451,0.344,0.29,0.315,0.382,0.319,-0.444,0.599,0.799,0.208,0.254,0.517,-0.081,0.163,0.323,0.64,0.411,-0.031
AEP,-0.088,0.885,-0.664,-0.107,0.294,0.434,0.418,0.213,0.0,-0.55,-0.625,0.647,0.688,0.48,0.274,0.283,0.095,0.549,0.855,0.205,0.409,0.403,0.901,0.365,0.75,-0.511,0.512,-0.485,-0.175,-0.536,-0.425,0.314,-0.201,-0.07,-0.474,-0.453,-0.41,0.322,-0.268,0.251,0.111,0.719,-0.313,-0.288,-0.755,0.55,-0.119,-0.285,0.395,0.723,-0.109,0.881,0.824,-0.429,0.737,0.847,0.687,0.732,0.845,0.68,0.661,0.891,0.073,0.703,0.82,0.134,-0.141,-0.054,0.092,0.515,-0.683,-0.122,-0.37,0.669,0.688,-0.216,-0.56,0.731,0.585,0.23,0.138,-0.467,-0.281,-0.139,-0.422,0.692,-0.126,0.571,-0.406,-0.428,0.591,0.614,0.197,0.158,-0.267,0.337,-0.683,-0.421,0.787,-0.57,-0.361,-0.515,-0.346,0.791,0.625,0.508,0.318,-0.465,-0.42,0.314,0.521,0.133,0.329,0.116,0.844,0.628,0.068,0.835,0.524,-0.2,0.164,0.468,-0.068,0.24,-0.418,0.437,-0.275,-0.183,0.643,-0.068,-0.566,-0.136,-0.183,0.133,0.563,-0.182,0.573,0.689,-0.425,0.13,-0.345,0.135,0.566,0.494,-0.005,0.868,-0.252,0.513,-0.402,0.428,0.646,0.1,-0.416,0.715,0.159,0.607,0.731,0.857,0.648,0.533,0.659,-0.308,-0.343,0.469,-0.625,0.439,0.754,0.819,-0.522,-0.505,0.615,-0.124,0.541,0.552,0.596,0.346,0.918,0.427,0.839,0.662,-0.171,0.659,0.099,0.122,0.698,-0.076,0.256,0.424,-0.414,0.693,0.296,0.729,-0.251,0.639,-0.565,0.026,0.045,0.561,-0.054,0.427
AGIO,0.776,-0.588,0.924,0.802,0.154,0.217,-0.144,0.158,-0.55,0.0,0.827,-0.762,-0.577,-0.182,-0.439,0.224,-0.1,-0.041,-0.539,-0.085,0.081,-0.576,-0.68,0.264,-0.409,0.713,0.023,0.238,0.821,0.88,0.264,0.437,0.844,0.727,0.881,0.814,0.803,0.492,-0.085,0.44,0.145,0.002,0.89,0.811,0.685,0.084,0.065,0.887,-0.488,-0.261,0.731,-0.534,-0.697,0.835,-0.504,-0.725,-0.773,-0.352,-0.334,-0.051,-0.683,-0.675,0.29,-0.92,-0.315,-0.048,0.718,0.545,-0.153,-0.319,0.527,0.823,0.897,-0.302,-0.187,0.654,0.698,-0.398,-0.614,0.304,0.293,0.809,0.212,0.732,0.923,-0.282,0.48,0.09,0.82,0.909,-0.284,-0.358,0.356,0.432,0.854,-0.561,0.905,0.891,-0.143,0.797,0.827,0.715,0.896,-0.649,-0.667,-0.611,-0.629,0.874,0.924,0.487,0.072,0.459,-0.684,0.623,-0.46,0.054,0.632,-0.488,-0.653,0.746,0.558,-0.102,-0.256,0.548,0.917,-0.09,0.018,0.665,-0.62,0.674,0.377,-0.085,0.783,0.068,-0.08,0.829,0.173,-0.839,0.935,0.242,0.864,0.46,-0.343,0.141,0.383,-0.706,0.894,-0.65,0.723,0.223,-0.366,0.329,0.808,-0.349,-0.156,0.135,-0.71,-0.663,-0.522,-0.487,-0.647,0.87,0.599,0.168,0.756,-0.443,-0.405,-0.385,0.831,0.919,-0.543,0.831,-0.371,-0.415,-0.179,0.235,-0.548,-0.706,-0.591,-0.723,0.843,-0.684,0.36,0.656,-0.42,0.786,0.53,0.332,0.11,-0.282,0.14,-0.694,0.845,-0.368,0.684,0.704,0.722,0.186,0.574,-0.712
ALEC,0.636,-0.584,0.831,0.527,0.274,-0.017,-0.236,0.028,-0.625,0.827,0.0,-0.658,-0.565,0.027,-0.242,0.322,0.272,-0.238,-0.629,0.133,0.206,-0.358,-0.718,-0.098,-0.447,0.947,-0.397,0.667,0.66,0.868,0.104,0.309,0.59,0.427,0.689,0.888,0.611,0.184,0.281,0.16,0.418,-0.224,0.692,0.832,0.802,-0.216,0.47,0.765,-0.233,-0.359,0.48,-0.486,-0.813,0.85,-0.295,-0.687,-0.716,-0.468,-0.532,-0.203,-0.491,-0.733,0.0,-0.854,-0.365,-0.229,0.751,0.188,0.261,-0.503,0.552,0.636,0.702,-0.504,-0.246,0.732,0.836,-0.436,-0.334,0.287,0.433,0.712,0.467,0.758,0.846,-0.453,0.407,-0.241,0.757,0.772,-0.615,-0.467,0.437,0.538,0.538,-0.188,0.831,0.621,-0.347,0.618,0.871,0.806,0.726,-0.544,-0.397,-0.403,-0.377,0.845,0.819,0.193,-0.118,0.426,-0.447,0.462,-0.698,-0.117,0.26,-0.63,-0.355,0.472,0.418,-0.392,0.189,0.162,0.738,-0.42,0.145,0.779,-0.45,0.391,0.574,0.376,0.708,0.174,-0.227,0.591,-0.006,-0.677,0.824,0.524,0.706,0.443,-0.174,0.071,0.225,-0.727,0.722,-0.357,0.517,0.197,-0.137,0.213,0.55,-0.412,0.186,-0.098,-0.842,-0.746,-0.309,-0.285,-0.452,0.711,0.781,-0.11,0.949,-0.161,-0.55,-0.585,0.672,0.872,-0.346,0.612,-0.269,-0.334,-0.252,0.332,-0.623,-0.655,-0.702,-0.462,0.653,-0.782,0.229,0.323,-0.567,0.479,0.247,-0.045,0.297,-0.493,0.173,-0.618,0.559,-0.386,0.926,0.42,0.581,-0.022,0.657,-0.354
ALNY,-0.47,0.802,-0.883,-0.626,0.145,0.109,0.427,0.207,0.647,-0.762,-0.658,0.0,0.773,0.579,0.662,0.205,0.293,0.331,0.786,0.432,0.374,0.664,0.772,-0.084,0.61,-0.535,0.073,-0.143,-0.617,-0.805,-0.215,-0.139,-0.669,-0.599,-0.831,-0.658,-0.808,-0.171,0.117,-0.285,0.269,0.09,-0.69,-0.585,-0.615,0.138,0.275,-0.605,0.733,0.603,-0.412,0.746,0.769,-0.661,0.59,0.915,0.752,0.622,0.517,0.087,0.82,0.813,-0.15,0.861,0.427,0.418,-0.476,-0.434,0.452,0.522,-0.396,-0.641,-0.802,0.29,0.448,-0.544,-0.584,0.694,0.777,-0.081,-0.039,-0.562,-0.073,-0.448,-0.634,0.549,-0.211,0.214,-0.694,-0.758,0.325,0.585,-0.058,-0.104,-0.738,0.69,-0.784,-0.81,0.425,-0.889,-0.586,-0.528,-0.575,0.875,0.869,0.64,0.798,-0.686,-0.78,-0.244,-0.001,-0.199,0.739,-0.412,0.585,0.157,-0.524,0.671,0.866,-0.666,-0.218,0.297,0.402,-0.282,-0.785,0.263,0.319,-0.33,0.769,-0.403,-0.337,0.3,-0.472,0.31,0.264,-0.695,0.185,0.893,-0.753,0.132,-0.687,-0.067,0.629,0.297,0.013,0.877,-0.698,0.827,-0.673,0.023,0.548,-0.016,-0.818,0.615,0.393,0.201,0.677,0.714,0.746,0.641,0.852,-0.758,-0.216,0.131,-0.562,0.539,0.665,0.541,-0.754,-0.765,0.71,-0.565,0.637,0.703,0.505,0.102,0.677,0.797,0.786,0.753,-0.699,0.777,0.044,-0.444,0.443,-0.643,-0.358,-0.126,-0.134,0.607,0.313,0.878,-0.661,0.648,-0.497,-0.61,-0.383,0.107,-0.384,0.828
ALTR,-0.296,0.727,-0.704,-0.463,0.164,0.206,0.332,0.154,0.688,-0.577,-0.565,0.773,0.0,0.515,0.699,0.214,0.484,0.277,0.676,0.517,0.526,0.696,0.705,0.007,0.651,-0.432,0.23,-0.11,-0.376,-0.701,-0.095,0.228,-0.533,-0.423,-0.744,-0.466,-0.75,0.051,0.164,-0.207,0.206,0.321,-0.598,-0.451,-0.599,0.283,0.218,-0.406,0.504,0.647,-0.094,0.744,0.696,-0.522,0.589,0.803,0.831,0.594,0.606,0.218,0.702,0.721,-0.152,0.763,0.585,0.269,-0.357,-0.265,0.436,0.441,-0.273,-0.342,-0.587,0.381,0.345,-0.239,-0.655,0.661,0.689,-0.115,0.206,-0.565,0.175,-0.264,-0.502,0.531,0.039,0.434,-0.638,-0.669,0.472,0.792,0.068,-0.081,-0.576,0.637,-0.722,-0.638,0.535,-0.733,-0.483,-0.502,-0.462,0.794,0.745,0.821,0.76,-0.642,-0.652,-0.147,0.381,-0.023,0.781,-0.302,0.773,0.437,-0.386,0.512,0.757,-0.584,-0.092,0.291,0.266,-0.104,-0.625,0.382,0.069,-0.128,0.7,-0.42,-0.186,0.268,-0.26,0.062,0.382,-0.532,0.25,0.833,-0.574,0.229,-0.514,0.058,0.531,0.189,0.324,0.83,-0.512,0.767,-0.55,0.023,0.634,0.161,-0.732,0.771,0.562,0.288,0.777,0.807,0.773,0.783,0.843,-0.618,-0.155,0.175,-0.457,0.669,0.562,0.465,-0.422,-0.617,0.597,-0.371,0.69,0.86,0.556,0.071,0.649,0.767,0.687,0.669,-0.526,0.813,0.024,-0.295,0.516,-0.432,-0.208,0.077,0.154,0.551,0.141,0.79,-0.542,0.553,-0.349,-0.299,-0.215,0.097,-0.374,0.632
AMBA,0.189,0.673,-0.34,-0.073,0.54,0.309,0.404,0.318,0.48,-0.182,0.027,0.579,0.515,0.0,0.47,0.726,0.598,0.407,0.582,0.648,0.763,0.416,0.464,0.187,0.5,0.153,0.021,0.221,-0.066,-0.158,-0.51,0.426,-0.094,-0.087,-0.33,-0.021,-0.33,0.259,0.202,0.137,0.728,0.317,-0.101,0.181,-0.258,0.167,0.65,0.057,0.558,0.697,0.072,0.713,0.374,-0.064,0.665,0.641,0.317,0.529,0.422,0.194,0.728,0.547,-0.024,0.35,0.551,0.209,0.267,-0.149,0.72,0.174,-0.251,-0.015,-0.225,0.146,0.55,0.106,-0.095,0.587,0.716,0.309,0.55,-0.064,0.316,0.312,0.02,0.518,0.15,0.283,-0.154,-0.152,-0.071,0.486,0.6,0.591,-0.254,0.537,-0.302,-0.383,0.558,-0.543,0.144,0.098,0.012,0.671,0.718,0.525,0.484,-0.036,-0.078,0.118,0.154,0.239,0.415,0.165,0.291,0.451,-0.137,0.419,0.716,-0.23,0.325,0.066,0.483,0.089,-0.205,0.038,0.269,0.394,0.697,-0.053,-0.153,0.524,0.227,0.582,0.393,-0.102,0.606,0.512,-0.079,0.752,-0.097,0.488,0.742,0.589,0.202,0.537,-0.019,0.723,-0.374,0.448,0.751,0.284,-0.4,0.634,0.656,0.348,0.188,0.439,0.711,0.511,0.647,-0.147,0.318,0.222,0.018,0.676,0.485,0.372,-0.24,-0.077,0.544,0.064,0.69,0.621,0.581,0.625,0.522,0.228,0.493,0.652,-0.036,0.367,0.371,0.037,0.197,-0.164,0.15,0.042,0.012,0.536,0.648,0.576,-0.147,0.674,0.189,-0.039,0.34,0.354,0.281,0.657
AMCX,-0.236,0.445,-0.53,-0.599,-0.033,0.159,-0.058,-0.133,0.274,-0.439,-0.242,0.662,0.699,0.47,0.0,0.114,0.62,-0.161,0.316,0.44,0.465,0.889,0.352,-0.335,0.477,-0.208,-0.326,0.251,-0.485,-0.569,0.039,0.058,-0.585,-0.649,-0.704,-0.291,-0.787,-0.143,0.482,-0.552,0.231,-0.072,-0.524,-0.351,-0.115,0.018,0.528,-0.275,0.575,0.395,-0.04,0.428,0.358,-0.387,0.334,0.504,0.468,0.244,0.133,-0.228,0.471,0.347,-0.496,0.483,0.257,0.086,-0.376,-0.567,0.712,0.16,0.134,-0.438,-0.55,-0.101,0.003,-0.151,-0.426,0.455,0.554,-0.221,0.289,-0.512,0.483,-0.179,-0.347,0.223,0.004,0.219,-0.467,-0.585,0.229,0.56,0.098,-0.098,-0.647,0.804,-0.52,-0.572,0.136,-0.665,-0.268,-0.323,-0.429,0.599,0.63,0.615,0.865,-0.528,-0.575,-0.374,-0.018,-0.084,0.803,-0.514,0.424,0.193,-0.588,0.133,0.781,-0.693,-0.25,-0.152,0.607,-0.357,-0.521,-0.066,0.282,0.059,0.5,-0.523,0.065,0.585,-0.078,0.133,-0.011,-0.561,-0.081,0.654,-0.445,0.369,-0.484,0.02,0.259,0.092,0.265,0.505,-0.487,0.806,-0.558,-0.242,0.457,0.168,-0.799,0.5,0.645,-0.059,0.296,0.372,0.565,0.605,0.745,-0.651,0.175,-0.057,-0.159,0.524,0.164,0.012,-0.38,-0.525,0.413,-0.364,0.517,0.595,0.133,0.003,0.223,0.607,0.323,0.45,-0.567,0.607,0.014,-0.502,-0.029,-0.572,-0.503,-0.222,0.441,0.164,0.092,0.67,-0.569,0.281,0.019,-0.542,-0.258,-0.181,-0.387,0.68
AMKR,0.417,0.368,0.093,0.356,0.632,0.274,0.563,0.596,0.283,0.224,0.322,0.205,0.214,0.726,0.114,0.0,0.411,0.536,0.375,0.518,0.584,0.02,0.157,0.289,0.339,0.424,0.149,0.267,0.394,0.288,-0.336,0.501,0.257,0.28,0.123,0.414,0.15,0.392,0.016,0.371,0.783,0.246,0.24,0.453,0.016,0.231,0.522,0.36,0.417,0.379,0.276,0.454,0.072,0.353,0.495,0.323,0.068,0.492,0.304,0.239,0.371,0.239,0.302,-0.026,0.334,0.307,0.541,0.121,0.495,0.262,-0.068,0.327,0.179,0.15,0.519,0.377,0.336,0.339,0.382,0.489,0.479,0.37,0.22,0.466,0.36,0.308,0.405,0.19,0.208,0.282,-0.095,0.241,0.546,0.667,0.138,0.225,0.173,0.054,0.427,-0.077,0.433,0.44,0.455,0.274,0.403,0.203,0.101,0.406,0.295,0.361,0.269,0.538,0.043,0.492,0.053,0.345,0.171,0.316,0.343,0.18,0.597,0.29,0.354,0.301,0.162,0.137,0.355,0.484,0.382,0.361,0.125,0.405,0.433,0.568,0.36,0.248,0.655,0.096,0.287,0.757,0.29,0.571,0.683,0.664,0.226,0.239,0.326,0.324,0.101,0.706,0.437,0.359,0.032,0.351,0.448,0.463,-0.114,0.165,0.49,0.241,0.287,0.246,0.449,0.459,0.351,0.392,0.408,0.332,0.036,0.318,0.456,0.309,0.44,0.484,0.549,0.757,0.297,0.02,0.289,0.348,0.286,0.001,0.349,0.323,0.197,0.265,0.422,0.252,-0.097,0.426,0.741,0.24,0.189,0.504,0.315,0.276,0.575,0.497,0.621,0.295
AMRX,-0.01,0.194,-0.126,-0.335,0.286,-0.015,-0.051,-0.136,0.095,-0.1,0.272,0.293,0.484,0.598,0.62,0.411,0.0,-0.185,0.003,0.758,0.658,0.574,0.042,-0.436,0.158,0.387,-0.469,0.681,-0.066,-0.072,-0.205,0.289,-0.344,-0.366,-0.381,0.261,-0.452,-0.097,0.551,-0.399,0.56,-0.063,-0.301,0.139,0.051,-0.238,0.84,-0.014,0.386,0.23,0.047,0.322,-0.102,0.099,0.514,0.221,0.326,0.029,0.02,-0.173,0.416,0.055,-0.49,0.171,0.208,-0.177,0.16,-0.474,0.91,-0.256,0.086,-0.062,-0.217,-0.275,-0.075,0.391,0.019,0.109,0.557,-0.103,0.534,-0.208,0.766,0.231,-0.011,-0.005,0.303,-0.066,-0.165,-0.274,-0.284,0.332,0.424,0.263,-0.421,0.719,-0.154,-0.395,-0.012,-0.443,0.131,0.069,-0.158,0.332,0.545,0.694,0.622,-0.106,-0.138,-0.348,0.203,0.165,0.612,-0.09,0.014,0.218,-0.517,-0.204,0.644,-0.525,-0.054,-0.382,0.711,-0.379,-0.255,-0.371,0.218,0.472,0.42,-0.483,0.405,0.828,0.147,0.181,0.065,-0.322,-0.008,0.408,-0.083,0.708,-0.189,0.312,0.398,-0.028,0.301,0.178,-0.16,0.681,-0.346,0.048,0.62,0.217,-0.516,0.286,0.917,-0.128,0.015,0.131,0.597,0.664,0.588,-0.263,0.502,-0.285,0.335,0.775,-0.118,-0.264,0.008,-0.022,0.365,-0.159,0.419,0.539,0.238,0.242,0.055,0.236,-0.055,0.466,-0.214,0.159,-0.115,-0.382,-0.058,-0.378,-0.295,-0.356,0.592,-0.051,0.106,0.273,-0.404,0.164,0.509,-0.174,0.04,-0.23,0.078,0.617
ANSS,0.229,0.556,-0.158,0.383,0.546,0.317,0.893,0.841,0.549,-0.041,-0.238,0.331,0.277,0.407,-0.161,0.536,-0.185,0.0,0.733,0.202,0.224,-0.152,0.457,0.655,0.309,-0.153,0.651,-0.372,0.226,0.008,-0.429,0.221,0.231,0.409,0.1,-0.069,0.169,0.401,-0.475,0.646,0.382,0.469,0.133,0.174,-0.385,0.338,-0.096,0.055,0.367,0.557,0.079,0.533,0.467,-0.003,0.406,0.542,0.279,0.728,0.736,0.466,0.336,0.589,0.691,0.242,0.349,0.678,0.229,0.441,-0.101,0.532,-0.428,0.235,-0.046,0.592,0.852,-0.064,0.021,0.429,0.256,0.589,0.136,0.2,-0.414,0.143,0.044,0.558,0.087,0.374,-0.014,0.139,0.268,0.248,0.252,0.415,0.202,-0.071,-0.116,0.019,0.723,-0.18,0.019,0.048,0.202,0.408,0.269,0.0,-0.099,0.126,0.058,0.614,0.316,0.319,-0.205,0.492,0.388,0.409,0.357,0.755,0.136,0.335,0.647,0.84,-0.312,0.528,0.012,0.598,0.191,-0.035,0.379,0.542,-0.342,-0.259,0.029,0.512,0.669,0.182,0.797,0.118,0.037,0.126,0.113,0.353,0.683,0.612,0.14,0.531,0.138,0.046,0.132,0.701,0.167,-0.065,0.146,0.408,-0.13,0.617,0.348,0.473,0.406,0.048,0.174,0.164,-0.133,0.671,-0.28,0.077,0.868,0.835,-0.22,0.044,0.521,0.196,0.322,0.445,0.637,0.623,0.648,0.166,0.702,0.268,0.198,0.194,0.394,0.42,0.474,0.303,0.519,0.445,-0.66,0.815,0.753,0.314,0.196,0.689,-0.324,0.286,0.349,0.807,0.346,0.028
APPN,-0.098,0.93,-0.69,-0.115,0.402,0.334,0.67,0.511,0.855,-0.539,-0.629,0.786,0.676,0.582,0.316,0.375,0.003,0.733,0.0,0.266,0.413,0.367,0.86,0.444,0.719,-0.512,0.523,-0.452,-0.281,-0.541,-0.396,0.153,-0.227,-0.098,-0.491,-0.532,-0.41,0.229,-0.234,0.297,0.315,0.523,-0.315,-0.275,-0.7,0.466,-0.021,-0.31,0.567,0.78,-0.167,0.87,0.854,-0.463,0.607,0.925,0.632,0.828,0.807,0.5,0.746,0.937,0.295,0.725,0.656,0.506,-0.155,0.012,0.126,0.671,-0.574,-0.228,-0.485,0.652,0.828,-0.412,-0.486,0.805,0.641,0.316,0.157,-0.298,-0.316,-0.175,-0.391,0.796,-0.133,0.505,-0.433,-0.396,0.534,0.563,0.149,0.198,-0.31,0.339,-0.659,-0.469,0.814,-0.621,-0.358,-0.354,-0.28,0.841,0.691,0.416,0.382,-0.397,-0.451,0.302,0.277,0.082,0.316,0.053,0.747,0.498,0.004,0.949,0.6,-0.157,0.262,0.631,-0.027,0.261,-0.457,0.61,0.081,-0.219,0.737,0.08,-0.612,-0.065,-0.23,0.411,0.637,-0.242,0.651,0.662,-0.437,0.143,-0.347,0.221,0.7,0.618,0.071,0.923,-0.302,0.544,-0.393,0.454,0.538,0.046,-0.43,0.738,0.121,0.551,0.723,0.847,0.683,0.405,0.662,-0.339,-0.295,0.53,-0.611,0.346,0.933,0.908,-0.61,-0.48,0.693,-0.153,0.619,0.658,0.684,0.431,0.921,0.518,0.972,0.637,-0.264,0.677,0.339,0.083,0.631,-0.146,0.197,0.318,-0.497,0.855,0.569,0.808,-0.234,0.825,-0.578,-0.127,0.023,0.611,-0.056,0.463
APTO,-0.011,0.343,-0.172,-0.185,0.417,-0.002,0.277,0.189,0.205,-0.085,0.133,0.432,0.517,0.648,0.44,0.518,0.758,0.202,0.266,0.0,0.676,0.326,0.195,-0.118,0.154,0.291,-0.098,0.425,-0.084,-0.097,-0.255,0.253,-0.228,-0.148,-0.303,0.166,-0.36,0.011,0.292,-0.069,0.626,0.043,-0.219,0.146,-0.178,-0.144,0.699,0.004,0.388,0.479,0.019,0.454,0.08,0.04,0.48,0.367,0.38,0.273,0.239,-0.137,0.542,0.276,-0.139,0.247,0.248,0.258,0.226,-0.158,0.722,-0.068,-0.071,0.025,-0.252,-0.11,0.182,0.19,-0.004,0.198,0.528,0.002,0.385,0.001,0.499,0.24,0.057,0.289,0.341,0.051,-0.148,-0.246,-0.163,0.371,0.44,0.333,-0.298,0.514,-0.161,-0.376,0.215,-0.499,0.044,0.085,-0.067,0.465,0.614,0.624,0.531,-0.059,-0.118,-0.148,0.227,0.104,0.474,0.077,0.082,0.26,-0.323,0.072,0.575,-0.348,0.113,-0.04,0.461,-0.15,-0.249,0.051,0.377,0.414,0.524,-0.21,0.166,0.586,0.048,0.407,0.361,-0.268,0.248,0.379,-0.072,0.592,-0.202,0.389,0.574,0.124,0.455,0.343,-0.118,0.559,-0.264,0.247,0.519,0.171,-0.394,0.369,0.716,0.148,0.204,0.298,0.648,0.663,0.557,-0.18,0.392,-0.12,0.205,0.726,0.169,0.025,0.023,0.008,0.416,-0.09,0.492,0.605,0.588,0.319,0.249,0.246,0.23,0.437,-0.159,0.182,0.175,-0.223,0.103,-0.258,-0.104,-0.174,0.278,0.334,0.335,0.315,-0.245,0.405,0.299,-0.101,0.114,0.003,0.141,0.547
ARCT,0.37,0.546,-0.148,0.09,0.555,0.351,0.158,0.183,0.409,0.081,0.206,0.374,0.526,0.763,0.465,0.584,0.658,0.224,0.413,0.676,0.0,0.418,0.379,0.156,0.498,0.322,0.049,0.276,0.146,-0.019,-0.206,0.636,0.066,-0.002,-0.205,0.171,-0.236,0.411,0.281,0.182,0.694,0.388,0.085,0.342,-0.144,0.329,0.629,0.288,0.322,0.647,0.315,0.606,0.191,0.127,0.488,0.44,0.236,0.337,0.344,0.305,0.526,0.382,-0.11,0.154,0.541,0.075,0.45,-0.041,0.658,0.066,-0.104,0.221,-0.012,0.054,0.42,0.266,-0.057,0.554,0.59,0.257,0.714,0.051,0.432,0.473,0.252,0.522,0.293,0.46,0.015,-0.006,0.06,0.432,0.683,0.601,-0.081,0.452,-0.176,-0.168,0.551,-0.31,0.298,0.149,0.164,0.573,0.585,0.481,0.385,0.093,0.095,0.214,0.349,0.357,0.323,0.28,0.347,0.573,0.023,0.259,0.547,-0.097,0.363,-0.037,0.34,0.263,-0.003,0.161,0.095,0.638,0.543,0.014,-0.079,0.51,0.422,0.398,0.476,0.074,0.551,0.383,0.132,0.76,0.083,0.697,0.509,0.538,0.531,0.423,0.184,0.557,-0.284,0.422,0.785,0.484,-0.29,0.622,0.698,0.392,0.184,0.382,0.647,0.538,0.591,0.074,0.496,0.154,0.204,0.592,0.28,0.198,0.036,0.129,0.388,0.296,0.57,0.549,0.596,0.543,0.437,0.095,0.321,0.425,0.134,0.222,0.51,0.172,0.205,0.04,0.25,0.189,0.179,0.349,0.455,0.428,0.038,0.432,0.35,0.16,0.476,0.32,0.298,0.4
ARWR,-0.328,0.527,-0.65,-0.65,-0.018,0.078,-0.046,-0.217,0.403,-0.576,-0.358,0.664,0.696,0.416,0.889,0.02,0.574,-0.152,0.367,0.326,0.418,0.0,0.471,-0.382,0.581,-0.297,-0.313,0.183,-0.514,-0.619,-0.009,-0.049,-0.682,-0.698,-0.764,-0.351,-0.817,-0.243,0.483,-0.538,0.146,-0.007,-0.622,-0.397,-0.242,-0.008,0.426,-0.417,0.6,0.347,-0.23,0.504,0.385,-0.447,0.481,0.565,0.595,0.243,0.2,-0.073,0.518,0.449,-0.525,0.593,0.319,-0.059,-0.417,-0.684,0.626,0.172,-0.107,-0.51,-0.665,-0.031,0.095,-0.222,-0.47,0.437,0.623,-0.208,0.285,-0.693,0.36,-0.256,-0.481,0.247,-0.191,0.198,-0.53,-0.663,0.3,0.455,0.094,-0.091,-0.738,0.872,-0.663,-0.636,0.174,-0.689,-0.347,-0.471,-0.563,0.661,0.655,0.627,0.813,-0.618,-0.66,-0.361,0.055,-0.098,0.761,-0.472,0.498,0.212,-0.592,0.226,0.778,-0.702,-0.316,-0.13,0.577,-0.408,-0.633,-0.064,0.085,-0.054,0.577,-0.604,-0.012,0.527,-0.205,0.072,0.066,-0.634,-0.087,0.742,-0.568,0.289,-0.583,-0.026,0.281,0.032,0.115,0.589,-0.583,0.813,-0.646,-0.152,0.534,0.077,-0.838,0.453,0.606,-0.072,0.422,0.48,0.636,0.654,0.814,-0.681,0.062,-0.123,-0.3,0.523,0.197,0.112,-0.536,-0.607,0.555,-0.463,0.391,0.544,0.1,0.041,0.37,0.599,0.364,0.563,-0.615,0.604,-0.137,-0.556,0.08,-0.615,-0.509,-0.297,0.336,0.077,0.006,0.704,-0.684,0.271,-0.131,-0.545,-0.335,-0.14,-0.346,0.689
ASND,-0.229,0.9,-0.817,-0.282,0.23,0.257,0.365,0.167,0.901,-0.68,-0.718,0.772,0.705,0.464,0.352,0.157,0.042,0.457,0.86,0.195,0.379,0.471,0.0,0.288,0.759,-0.568,0.463,-0.475,-0.406,-0.695,-0.271,0.126,-0.35,-0.256,-0.621,-0.642,-0.532,0.141,-0.093,0.126,0.091,0.534,-0.43,-0.435,-0.804,0.511,-0.11,-0.428,0.455,0.702,-0.3,0.853,0.882,-0.621,0.646,0.9,0.704,0.712,0.688,0.57,0.733,0.934,0.04,0.808,0.73,0.232,-0.287,-0.161,0.084,0.57,-0.678,-0.356,-0.55,0.644,0.645,-0.487,-0.647,0.811,0.674,0.157,-0.006,-0.507,-0.32,-0.279,-0.536,0.734,-0.345,0.488,-0.527,-0.562,0.591,0.526,0.092,0.042,-0.442,0.388,-0.801,-0.569,0.736,-0.655,-0.469,-0.58,-0.482,0.887,0.732,0.491,0.443,-0.568,-0.576,0.147,0.282,-0.026,0.451,-0.126,0.793,0.404,-0.065,0.83,0.588,-0.327,-0.033,0.433,0.01,0.103,-0.562,0.485,-0.153,-0.286,0.722,-0.191,-0.634,-0.09,-0.323,0.151,0.487,-0.345,0.447,0.799,-0.599,0.045,-0.451,-0.025,0.525,0.443,-0.034,0.891,-0.429,0.584,-0.581,0.249,0.629,0.062,-0.555,0.732,0.113,0.496,0.786,0.882,0.638,0.56,0.69,-0.46,-0.407,0.334,-0.693,0.437,0.737,0.775,-0.644,-0.654,0.619,-0.285,0.56,0.521,0.592,0.226,0.888,0.531,0.878,0.728,-0.372,0.679,0.154,-0.044,0.679,-0.275,0.082,0.271,-0.357,0.664,0.255,0.797,-0.372,0.601,-0.647,-0.222,-0.117,0.398,-0.172,0.543
ASTH,0.538,0.342,0.132,0.68,0.303,0.461,0.381,0.472,0.365,0.264,-0.098,-0.084,0.007,0.187,-0.335,0.289,-0.436,0.655,0.444,-0.118,0.156,-0.382,0.288,0.0,0.249,-0.119,0.785,-0.59,0.332,0.165,-0.238,0.516,0.635,0.687,0.35,-0.04,0.43,0.736,-0.555,0.855,0.051,0.676,0.53,0.325,-0.265,0.646,-0.41,0.412,-0.192,0.505,0.438,0.275,0.363,0.089,-0.013,0.176,-0.152,0.474,0.494,0.529,0.042,0.345,0.654,-0.063,0.437,0.332,0.37,0.691,-0.431,0.347,-0.264,0.489,0.391,0.573,0.578,0.016,-0.083,0.379,-0.102,0.482,0.207,0.353,-0.371,0.338,0.296,0.581,0.138,0.627,0.251,0.423,0.396,0.175,0.324,0.392,0.587,-0.524,0.08,0.402,0.733,0.226,0.23,0.143,0.384,0.12,-0.141,-0.255,-0.457,0.306,0.382,0.79,0.327,0.278,-0.46,0.532,0.391,0.533,0.78,0.499,-0.26,0.635,0.635,0.555,-0.653,0.865,0.413,0.635,-0.206,0.142,0.054,0.672,-0.566,-0.581,0.389,0.29,0.547,0.609,0.783,-0.193,0.361,0.012,0.441,0.371,0.14,0.578,0.25,0.194,0.52,-0.276,0.263,0.535,0.031,0.243,0.464,0.403,-0.386,0.583,0.169,0.309,-0.076,-0.263,-0.198,0.472,-0.163,0.668,-0.227,-0.203,0.513,0.601,0.199,0.27,-0.091,0.603,0.182,0.025,0.42,0.385,0.424,-0.275,0.437,-0.098,0.558,0.07,0.587,0.805,0.309,0.619,0.799,0.757,-0.468,0.597,0.455,0.058,0.642,0.435,-0.205,0.626,0.617,0.737,0.301,-0.398
ATSG,0.023,0.811,-0.612,-0.136,0.247,0.392,0.295,0.188,0.75,-0.409,-0.447,0.61,0.651,0.5,0.477,0.339,0.158,0.309,0.719,0.154,0.498,0.581,0.759,0.249,0.0,-0.375,0.362,-0.312,-0.191,-0.453,-0.071,0.31,-0.215,-0.184,-0.483,-0.353,-0.421,0.264,0.035,0.116,0.198,0.476,-0.218,-0.22,-0.468,0.631,0.063,-0.123,0.501,0.581,-0.031,0.792,0.662,-0.368,0.536,0.731,0.541,0.664,0.551,0.518,0.61,0.745,0.033,0.588,0.749,0.13,-0.136,-0.184,0.206,0.65,-0.354,-0.176,-0.322,0.469,0.584,-0.291,-0.447,0.803,0.574,0.21,0.225,-0.422,-0.058,-0.086,-0.304,0.664,-0.12,0.602,-0.275,-0.348,0.689,0.481,0.241,0.193,-0.317,0.448,-0.569,-0.305,0.671,-0.412,-0.152,-0.361,-0.204,0.739,0.598,0.415,0.449,-0.336,-0.364,0.229,0.352,0.269,0.422,-0.014,0.77,0.512,0.036,0.7,0.575,-0.177,0.09,0.328,0.218,0.2,-0.324,0.428,-0.089,-0.057,0.628,-0.044,-0.391,0.12,-0.014,0.189,0.367,-0.165,0.476,0.651,-0.326,0.324,-0.251,0.163,0.435,0.61,0.137,0.752,-0.199,0.602,-0.379,0.319,0.614,0.444,-0.473,0.683,0.28,0.53,0.56,0.73,0.608,0.514,0.696,-0.297,-0.095,0.457,-0.405,0.3,0.591,0.63,-0.481,-0.442,0.583,-0.067,0.536,0.517,0.432,0.329,0.692,0.469,0.694,0.549,-0.213,0.6,0.255,0.087,0.527,-0.082,0.125,0.368,-0.127,0.488,0.331,0.832,-0.21,0.496,-0.391,-0.111,0.119,0.404,0.001,0.432
AVTX,0.576,-0.455,0.703,0.468,0.384,-0.118,-0.132,0.088,-0.511,0.713,0.947,-0.535,-0.432,0.153,-0.208,0.424,0.387,-0.153,-0.512,0.291,0.322,-0.297,-0.568,-0.119,-0.375,0.0,-0.355,0.728,0.597,0.8,0.034,0.299,0.493,0.367,0.579,0.856,0.533,0.123,0.341,0.183,0.548,-0.187,0.583,0.816,0.661,-0.239,0.559,0.665,-0.148,-0.259,0.352,-0.32,-0.725,0.756,-0.138,-0.541,-0.564,-0.366,-0.473,-0.143,-0.323,-0.593,0.018,-0.716,-0.261,-0.172,0.792,0.161,0.359,-0.464,0.414,0.584,0.58,-0.433,-0.132,0.687,0.811,-0.346,-0.133,0.335,0.459,0.678,0.472,0.747,0.779,-0.347,0.315,-0.267,0.677,0.672,-0.636,-0.434,0.516,0.592,0.415,-0.077,0.703,0.465,-0.255,0.504,0.826,0.775,0.636,-0.378,-0.192,-0.257,-0.272,0.807,0.736,0.166,-0.095,0.417,-0.331,0.472,-0.667,-0.109,0.183,-0.539,-0.219,0.396,0.425,-0.346,0.266,0.107,0.613,-0.357,0.166,0.805,-0.235,0.313,0.551,0.46,0.626,0.246,-0.088,0.504,0.06,-0.527,0.725,0.621,0.635,0.459,-0.011,0.104,0.237,-0.59,0.634,-0.231,0.371,0.293,0.017,0.151,0.426,-0.306,0.283,-0.051,-0.707,-0.592,-0.122,-0.131,-0.317,0.648,0.751,-0.157,0.924,0.037,-0.455,-0.499,0.575,0.807,-0.187,0.528,-0.162,-0.191,-0.073,0.43,-0.484,-0.57,-0.58,-0.27,0.57,-0.754,0.26,0.25,-0.444,0.393,0.238,-0.115,0.293,-0.412,0.245,-0.518,0.449,-0.281,0.891,0.363,0.558,-0.003,0.716,-0.203
BCPC,0.204,0.403,-0.121,0.445,0.16,0.351,0.467,0.444,0.512,0.023,-0.397,0.073,0.23,0.021,-0.326,0.149,-0.469,0.651,0.523,-0.098,0.049,-0.313,0.463,0.785,0.362,-0.355,0.0,-0.739,0.211,-0.094,-0.066,0.352,0.37,0.507,0.142,-0.246,0.238,0.561,-0.597,0.715,-0.139,0.642,0.241,-0.001,-0.494,0.652,-0.581,0.109,-0.183,0.488,0.214,0.37,0.501,-0.158,0.052,0.325,0.169,0.523,0.615,0.61,0.135,0.504,0.59,0.188,0.484,0.4,0.102,0.651,-0.552,0.513,-0.378,0.292,0.159,0.66,0.544,-0.217,-0.294,0.419,-0.048,0.298,-0.106,0.11,-0.54,0.041,0.025,0.606,-0.008,0.614,-0.019,0.11,0.6,0.305,0.101,0.108,0.382,-0.448,-0.151,0.218,0.701,0.112,-0.114,-0.175,0.184,0.243,-0.021,-0.068,-0.292,0.021,0.09,0.613,0.416,0.124,-0.248,0.385,0.555,0.469,0.625,0.593,-0.206,0.437,0.414,0.678,-0.642,0.691,0.141,0.761,-0.288,-0.128,0.141,0.477,-0.53,-0.653,0.042,-0.04,0.549,0.349,0.631,0.042,0.066,-0.195,0.163,0.119,0.145,0.415,0.201,0.372,0.234,-0.201,0.169,0.394,0.02,0.195,0.284,0.389,-0.403,0.666,0.488,0.515,0.059,-0.05,-0.044,0.242,-0.377,0.568,-0.43,-0.117,0.592,0.689,0.064,-0.023,0.043,0.33,0.154,0.146,0.519,0.16,0.538,0.036,0.553,0.022,0.285,0.247,0.4,0.602,0.57,0.453,0.637,0.715,-0.49,0.652,0.238,0.187,0.389,0.355,-0.495,0.448,0.331,0.591,0.065,-0.295
BEAM,0.059,-0.362,0.296,-0.15,0.194,-0.371,-0.169,-0.075,-0.485,0.238,0.667,-0.143,-0.11,0.221,0.251,0.267,0.681,-0.372,-0.452,0.425,0.276,0.183,-0.475,-0.59,-0.312,0.728,-0.739,0.0,0.119,0.36,0.066,-0.039,-0.122,-0.234,0.052,0.527,-0.035,-0.343,0.686,-0.402,0.547,-0.526,-0.009,0.359,0.568,-0.519,0.805,0.149,0.227,-0.345,-0.049,-0.217,-0.56,0.406,0.046,-0.3,-0.164,-0.416,-0.537,-0.419,-0.046,-0.492,-0.344,-0.318,-0.331,-0.201,0.337,-0.345,0.689,-0.42,0.437,0.021,0.053,-0.587,-0.301,0.455,0.546,-0.289,0.189,0.013,0.373,0.226,0.639,0.314,0.278,-0.509,0.147,-0.551,0.175,0.149,-0.689,-0.243,0.229,0.271,-0.203,0.448,0.323,-0.079,-0.489,0.057,0.397,0.472,0.147,-0.164,0.15,0.149,0.265,0.316,0.18,-0.392,-0.298,0.136,0.198,-0.093,-0.607,-0.339,-0.461,-0.567,0.243,-0.213,-0.001,-0.473,0.656,-0.467,0.07,-0.545,0.384,0.476,0.02,-0.236,0.697,0.829,0.217,0.16,-0.298,-0.116,-0.312,-0.09,0.203,0.581,0.134,0.17,0.119,-0.165,0.095,-0.366,0.052,0.216,-0.012,-0.053,0.163,-0.051,-0.139,-0.245,0.613,-0.41,-0.502,-0.45,0.148,0.205,0.069,0.059,0.635,-0.45,0.734,0.306,-0.445,-0.596,0.179,0.33,0.083,-0.052,0.022,0.103,-0.163,0.176,-0.479,-0.076,-0.506,0.061,-0.038,-0.402,-0.107,-0.371,-0.456,-0.216,-0.349,-0.589,0.527,-0.512,0.074,-0.202,-0.172,-0.228,0.758,-0.2,-0.0,-0.375,0.302,0.277
BILI,0.727,-0.328,0.757,0.807,0.322,0.35,0.121,0.32,-0.175,0.821,0.66,-0.617,-0.376,-0.066,-0.485,0.394,-0.066,0.226,-0.281,-0.084,0.146,-0.514,-0.406,0.332,-0.191,0.597,0.211,0.119,0.0,0.801,0.086,0.525,0.793,0.749,0.803,0.774,0.744,0.574,-0.212,0.534,0.19,0.237,0.779,0.732,0.479,0.236,-0.01,0.778,-0.305,-0.149,0.673,-0.263,-0.464,0.808,-0.13,-0.448,-0.475,-0.075,0.039,0.319,-0.516,-0.418,0.334,-0.718,-0.069,-0.038,0.67,0.514,-0.152,-0.1,0.256,0.847,0.814,-0.018,0.094,0.694,0.657,-0.218,-0.423,0.494,0.275,0.634,0.037,0.708,0.781,-0.216,0.471,0.192,0.727,0.826,-0.154,-0.188,0.38,0.501,0.807,-0.423,0.742,0.794,0.074,0.677,0.726,0.558,0.844,-0.459,-0.49,-0.455,-0.576,0.758,0.824,0.623,0.345,0.65,-0.628,0.766,-0.221,0.228,0.64,-0.203,-0.516,0.722,0.677,0.18,-0.278,0.598,0.803,-0.003,-0.107,0.545,-0.456,0.676,0.376,-0.128,0.661,0.038,0.063,0.775,0.362,-0.619,0.798,0.31,0.794,0.459,-0.071,0.292,0.269,-0.443,0.819,-0.533,0.717,0.452,-0.159,0.272,0.749,-0.225,-0.091,0.366,-0.494,-0.448,-0.268,-0.256,-0.464,0.82,0.491,0.405,0.618,-0.293,-0.102,-0.063,0.64,0.787,-0.203,0.759,-0.26,-0.218,-0.035,0.441,-0.241,-0.512,-0.36,-0.483,0.823,-0.548,0.234,0.7,-0.124,0.823,0.635,0.478,-0.121,-0.101,0.237,-0.519,0.727,-0.22,0.491,0.79,0.723,0.435,0.661,-0.589
BJRI,0.707,-0.585,0.906,0.778,0.294,0.026,-0.053,0.182,-0.536,0.88,0.868,-0.805,-0.701,-0.158,-0.569,0.288,-0.072,0.008,-0.541,-0.097,-0.019,-0.619,-0.695,0.165,-0.453,0.8,-0.094,0.36,0.801,0.0,0.023,0.283,0.772,0.704,0.899,0.879,0.875,0.31,-0.064,0.452,0.243,-0.06,0.823,0.879,0.698,-0.092,0.114,0.781,-0.372,-0.4,0.483,-0.489,-0.766,0.892,-0.331,-0.716,-0.728,-0.369,-0.356,0.004,-0.613,-0.679,0.331,-0.886,-0.324,-0.146,0.779,0.445,-0.122,-0.379,0.375,0.786,0.829,-0.275,-0.09,0.696,0.882,-0.492,-0.531,0.455,0.306,0.79,0.157,0.725,0.832,-0.399,0.356,-0.183,0.86,0.918,-0.449,-0.559,0.377,0.517,0.769,-0.486,0.883,0.814,-0.231,0.789,0.867,0.785,0.804,-0.672,-0.609,-0.617,-0.687,0.926,0.927,0.449,0.027,0.548,-0.758,0.68,-0.625,-0.032,0.546,-0.456,-0.618,0.764,0.575,-0.125,-0.163,0.398,0.855,-0.225,0.013,0.592,-0.541,0.648,0.414,-0.005,0.658,0.147,-0.061,0.781,0.153,-0.842,0.902,0.305,0.829,0.403,-0.198,0.116,0.108,-0.722,0.842,-0.634,0.753,0.373,-0.315,0.114,0.809,-0.485,-0.154,0.033,-0.774,-0.687,-0.458,-0.495,-0.663,0.892,0.556,0.108,0.792,-0.398,-0.385,-0.344,0.659,0.942,-0.368,0.713,-0.417,-0.451,-0.255,0.383,-0.518,-0.767,-0.615,-0.588,0.823,-0.842,0.231,0.57,-0.395,0.737,0.513,0.157,-0.033,-0.371,0.213,-0.72,0.74,-0.344,0.684,0.657,0.659,0.215,0.771,-0.634
BLUE,-0.009,-0.448,0.2,-0.028,-0.305,-0.155,-0.293,-0.115,-0.425,0.264,0.104,-0.215,-0.095,-0.51,0.039,-0.336,-0.205,-0.429,-0.396,-0.255,-0.206,-0.009,-0.271,-0.238,-0.071,0.034,-0.066,0.066,0.086,0.023,0.0,-0.147,0.034,-0.071,0.1,0.059,0.057,-0.124,0.318,-0.297,-0.322,-0.387,0.1,-0.181,0.371,0.116,-0.184,0.116,-0.19,-0.455,0.12,-0.469,-0.211,0.062,-0.557,-0.399,-0.179,-0.301,-0.468,-0.198,-0.469,-0.429,-0.037,-0.259,-0.353,0.032,-0.221,0.011,-0.244,0.165,0.56,-0.067,0.166,-0.164,-0.458,-0.125,0.078,-0.111,-0.328,-0.215,-0.317,0.134,0.054,-0.134,0.139,-0.335,-0.025,-0.03,0.136,0.095,0.204,-0.139,-0.444,-0.361,0.061,-0.124,0.291,0.277,-0.381,0.391,0.043,0.015,0.184,-0.3,-0.305,-0.281,0.009,0.034,0.003,-0.167,-0.225,-0.03,0.025,-0.303,-0.112,-0.443,-0.006,-0.356,-0.275,0.038,-0.267,-0.02,0.013,-0.074,0.156,0.13,0.091,-0.093,-0.406,0.008,0.343,-0.004,0.044,-0.291,-0.486,0.012,-0.475,-0.201,0.055,-0.25,0.174,-0.299,-0.494,-0.206,0.264,-0.313,0.006,-0.272,0.203,-0.452,-0.391,0.225,0.091,-0.219,-0.147,-0.096,-0.108,-0.318,-0.394,-0.045,-0.227,0.024,0.106,-0.037,0.248,-0.444,-0.348,-0.356,0.228,0.018,-0.314,-0.001,-0.258,-0.172,-0.338,-0.462,-0.495,0.123,-0.346,-0.427,-0.094,-0.106,-0.013,-0.067,-0.163,0.053,-0.248,0.002,0.367,-0.421,-0.368,-0.195,0.108,-0.512,0.028,-0.139,-0.195,-0.36,-0.219,-0.3
