,AAL,AAON,ACB,ACGL,ACGLO,ACIW,ADBE,ADSK,AEP,AGIO,ALEC,ALNY,ALTR,AMBA,AMCX,AMKR,AMRX,ANSS,APPN,APTO,ARCT,ARWR,ASND,ASTH,ATSG,AVTX,BCPC,BEAM,BILI,BJRI,BLUE,BPOP,BRKL,BWIN,BZUN,CARG,CBRL,CBSH,CBUS,CENTA,CERS,CFFN,CHCO,CHEF,CHRD,CINF,CLLS,CMCO,CMCSA,COLL,COMM,COOP,CPB,CRON,CROX,CRUS,CRWD,CTAS,CYBR,CYTK,DGII,DIOD,DOMO,DPZ,DSGR,DXCM,ERIE,ESTA,EXEL,FAST,FCEL,FCFS,FHB,FITBI,FSV,FTDR,FUTU,GLDD,GLPG,GLPI,GOGO,GOSS,GSAT,GYRE,HALO,HAS,HLIT,HLNE,HSDT,HSIC,HTHT,ICHR,IDYA,IMVT,INDB,INSM,IONS,IOSP,ITRI,JBHT,JBLU,JSM,KLIC,KOD,KURA,LAB,LASR,LIN,LKQ,LNT,MBUU,MCRI,MDGL,MEDP,MGNI,MGPI,MGRC,MKTX,MRNA,MRTN,MSEX,MSFT,MU,NAVI,NBTB,NEO,NEOG,NGNE,NSSC,NTAP,NTES,NTLA,NTRS,NYMTN,OBLG,OCFC,ON,ONC,OPI,OSIS,OSW,PALI,PANW,PCAR,PCRX,PCTY,PEBO,PLAB,PLAY,PLMR,PLSE,PLUS,PRTA,PSEC,PSNL,PTCT,PTON,QNST,QRVO,QTTB,RARE,RBCAA,RGNX,SAIC,SGMO,SINT,SNPS,SPSC,SPTN,SSYS,STNE,TBBK,TCPC,TENB,TGTX,TREE,TRUP,TTWO,TW,TXG,UBSI,UCTT,UFPT,UMBF,UPBD,URBN,VBTX,VCTR,VEON,VNET,VRSK,VSEC,WABC,WTFCM,WVE,WW,WWD,XEL,ZD,ZYME
AAL,0.0,0.251,0.667,0.81,0.496,0.571,0.34,0.422,-0.131,0.831,0.652,-0.414,-0.027,0.294,-0.065,0.442,-0.132,0.459,0.32,-0.156,0.389,-0.283,-0.411,0.604,0.338,0.277,0.449,-0.23,0.481,0.537,0.185,0.815,0.815,0.567,0.606,0.612,0.698,0.699,-0.298,0.699,0.29,0.854,0.831,0.725,0.702,0.634,-0.018,0.868,-0.212,0.55,0.684,-0.266,0.233,0.667,-0.313,-0.25,-0.549,0.425,0.346,0.481,-0.474,-0.093,0.389,-0.573,-0.075,0.363,0.579,0.474,-0.19,0.305,0.407,0.849,0.755,0.353,0.356,0.521,0.47,0.475,-0.333,0.612,-0.062,0.707,0.207,0.745,0.781,0.6,0.429,0.498,0.499,0.834,0.271,0.303,0.365,0.454,0.701,-0.469,0.738,0.652,0.801,0.547,0.65,0.567,0.644,-0.252,-0.434,-0.295,-0.261,0.776,0.871,0.788,0.38,0.652,-0.568,0.598,0.288,0.196,0.676,0.335,-0.199,0.738,0.789,0.353,-0.369,0.837,0.833,0.359,0.141,0.652,0.125,0.709,0.18,-0.175,0.88,0.419,0.411,0.818,0.822,-0.69,0.884,0.471,0.859,0.439,0.202,0.75,0.46,-0.295,0.893,-0.066,0.473,0.478,-0.228,0.483,0.656,0.49,-0.11,0.587,-0.645,-0.382,-0.101,-0.338,-0.138,0.807,0.56,0.555,0.461,-0.393,0.36,0.412,0.476,0.774,-0.248,0.905,-0.02,0.132,0.176,0.609,-0.208,-0.057,0.258,-0.547,0.872,0.195,0.822,0.794,0.124,0.825,0.826,0.61,0.125,0.474,0.637,-0.039,0.757,0.376,0.394,0.658,0.857,0.681,0.508,-0.551
AAON,0.251,0.0,0.155,0.148,0.494,0.334,0.361,0.351,0.25,0.106,0.298,0.462,0.387,0.531,0.37,0.491,0.423,0.314,0.504,0.132,0.42,0.424,0.066,0.121,0.604,0.179,-0.045,0.305,0.281,-0.033,0.07,0.2,0.119,-0.151,0.145,0.412,-0.027,0.218,0.282,0.182,0.503,0.098,0.181,0.205,0.468,0.243,0.478,0.321,0.572,0.334,0.21,0.025,0.317,0.352,0.366,0.669,0.03,0.523,0.334,0.281,0.204,0.739,0.116,0.285,-0.045,0.306,0.131,-0.391,0.328,0.342,0.225,0.026,0.123,0.268,0.34,0.372,0.37,0.632,0.326,0.373,-0.105,-0.018,0.446,0.407,0.201,0.413,0.198,0.271,0.194,0.179,0.113,0.333,0.302,0.356,0.11,0.204,0.077,0.179,0.422,0.1,0.142,0.097,0.335,0.374,0.016,0.272,0.521,0.289,0.135,0.238,0.336,0.551,0.192,0.312,0.291,-0.052,0.161,0.399,0.625,0.051,0.349,0.288,0.374,0.091,0.138,0.158,0.559,0.377,0.495,0.112,0.457,0.515,0.302,0.412,0.19,0.148,0.311,0.117,0.211,0.756,-0.041,0.311,0.468,0.551,0.157,0.459,0.145,0.665,-0.127,0.437,0.236,0.414,-0.07,0.367,0.459,0.303,-0.322,-0.198,0.572,0.309,0.553,-0.024,0.56,0.329,0.297,0.212,0.388,0.368,0.209,0.146,0.496,0.115,0.094,0.419,0.127,0.633,0.062,0.346,0.384,0.118,0.13,0.3,0.297,0.143,0.166,-0.044,0.061,0.055,0.307,0.28,0.58,0.752,0.121,0.435,0.277,0.217,0.357,0.255,0.384,0.164
ACB,0.667,0.155,0.0,0.898,0.282,0.845,0.796,0.843,-0.452,0.9,0.18,-0.259,0.381,0.434,-0.054,0.828,-0.199,0.852,0.561,-0.364,0.46,-0.298,-0.558,0.888,0.619,-0.212,0.731,-0.462,0.854,0.069,0.568,0.627,0.912,0.458,0.924,0.793,0.774,0.941,-0.612,0.89,0.223,0.673,0.896,0.206,0.748,0.816,-0.268,0.851,-0.414,0.266,0.878,-0.797,0.779,0.868,-0.571,-0.071,-0.333,0.667,0.829,0.731,-0.722,0.091,0.709,-0.051,-0.429,0.81,0.165,0.385,-0.551,0.828,0.761,0.539,0.942,0.859,0.026,0.752,0.553,0.646,-0.497,0.152,-0.599,0.706,0.391,0.77,0.831,0.71,0.716,0.883,0.775,0.889,0.655,0.809,-0.123,-0.13,0.957,-0.788,0.834,0.947,0.846,0.912,-0.05,0.202,0.888,-0.525,-0.85,0.034,0.014,0.76,0.754,0.866,0.768,0.677,-0.578,0.91,0.759,-0.342,0.93,0.763,-0.208,0.813,0.826,0.855,-0.704,0.898,0.91,0.847,0.248,0.219,0.574,0.824,0.649,-0.238,0.751,0.304,0.649,0.913,0.618,-0.852,0.893,0.289,0.541,0.719,0.605,0.722,0.73,-0.081,0.84,0.206,0.418,0.769,-0.666,0.798,0.864,0.615,-0.083,0.791,-0.684,-0.823,0.099,-0.264,0.102,0.587,0.646,0.902,0.297,-0.51,0.806,0.823,0.917,0.802,-0.269,0.747,-0.387,0.424,0.195,0.467,-0.665,0.54,0.704,-0.714,0.857,0.749,0.74,0.902,0.655,0.755,0.795,0.735,0.482,0.884,0.713,0.08,0.943,0.674,-0.036,0.965,0.87,0.452,0.165,-0.827
ACGL,0.81,0.148,0.898,0.0,0.406,0.706,0.666,0.73,-0.254,0.915,0.307,-0.521,0.073,0.293,-0.311,0.673,-0.4,0.771,0.494,-0.378,0.265,-0.51,-0.546,0.874,0.454,-0.089,0.802,-0.518,0.747,0.397,0.423,0.678,0.968,0.664,0.875,0.697,0.922,0.864,-0.634,0.943,0.161,0.832,0.946,0.45,0.674,0.838,-0.36,0.892,-0.391,0.352,0.781,-0.615,0.538,0.78,-0.529,-0.239,-0.445,0.631,0.63,0.745,-0.696,0.048,0.706,-0.349,-0.214,0.671,0.413,0.598,-0.602,0.641,0.5,0.757,0.932,0.677,0.275,0.676,0.54,0.534,-0.574,0.453,-0.338,0.788,0.133,0.686,0.803,0.721,0.552,0.691,0.623,0.971,0.555,0.585,0.025,0.165,0.937,-0.816,0.892,0.899,0.878,0.868,0.235,0.383,0.871,-0.582,-0.768,-0.283,-0.292,0.878,0.897,0.939,0.601,0.678,-0.754,0.84,0.553,-0.069,0.934,0.652,-0.389,0.939,0.889,0.701,-0.693,0.959,0.957,0.698,0.15,0.303,0.33,0.909,0.408,-0.422,0.814,0.254,0.546,0.97,0.796,-0.921,0.935,0.29,0.776,0.515,0.396,0.785,0.578,-0.274,0.947,-0.07,0.595,0.746,-0.622,0.659,0.912,0.438,-0.297,0.75,-0.644,-0.601,-0.082,-0.488,-0.199,0.82,0.505,0.806,0.231,-0.604,0.669,0.745,0.747,0.857,-0.308,0.873,-0.375,0.297,0.246,0.545,-0.405,0.238,0.514,-0.729,0.954,0.479,0.779,0.964,0.496,0.919,0.936,0.803,0.18,0.723,0.742,-0.078,0.948,0.538,-0.011,0.906,0.891,0.7,0.39,-0.843
ACGLO,0.496,0.494,0.282,0.406,0.0,0.162,0.372,0.375,0.216,0.384,0.636,0.034,0.08,0.402,-0.143,0.351,0.246,0.429,0.529,0.321,0.264,-0.145,-0.023,0.263,0.103,0.456,0.143,0.308,0.317,0.512,-0.052,0.317,0.323,0.363,0.283,0.431,0.367,0.208,0.044,0.394,0.654,0.285,0.327,0.597,0.368,0.166,0.394,0.409,0.392,0.401,0.191,0.136,0.056,0.471,0.266,0.281,-0.028,0.437,0.226,0.4,0.124,0.294,0.289,-0.203,0.074,0.307,0.622,0.199,0.207,0.147,0.027,0.438,0.237,0.193,0.683,0.449,0.564,0.343,0.243,0.682,0.125,0.54,0.176,0.497,0.422,0.313,0.257,0.104,0.216,0.444,-0.102,0.107,0.469,0.626,0.225,0.001,0.389,0.203,0.499,0.147,0.486,0.644,0.365,0.185,0.052,-0.042,-0.026,0.572,0.489,0.424,0.212,0.59,-0.215,0.408,0.017,0.111,0.23,0.3,0.22,0.36,0.582,0.218,0.097,0.291,0.308,0.171,0.554,0.539,0.209,0.415,0.159,0.287,0.364,0.464,0.335,0.313,0.607,-0.235,0.428,0.622,0.476,0.307,0.404,0.582,0.254,0.233,0.399,0.148,0.291,0.49,0.218,0.166,0.227,0.331,0.267,0.377,-0.223,-0.075,0.374,0.073,0.108,0.502,0.5,0.277,0.442,0.105,0.351,0.335,0.143,0.56,0.384,0.379,0.285,0.375,0.482,0.685,0.223,-0.001,0.246,0.048,0.387,-0.016,0.417,0.302,0.144,0.34,0.388,0.213,-0.117,0.253,0.678,0.146,0.264,0.496,0.446,0.261,0.446,0.601,0.629,-0.031
ACIW,0.571,0.334,0.845,0.706,0.162,0.0,0.761,0.812,-0.292,0.774,0.037,0.013,0.497,0.524,0.153,0.823,-0.129,0.779,0.609,-0.353,0.401,-0.053,-0.445,0.788,0.741,-0.389,0.619,-0.447,0.841,-0.139,0.635,0.551,0.784,0.303,0.819,0.682,0.529,0.901,-0.518,0.689,0.108,0.594,0.792,0.004,0.834,0.837,-0.183,0.807,-0.219,0.362,0.908,-0.748,0.819,0.75,-0.512,0.146,-0.223,0.731,0.859,0.669,-0.695,0.247,0.591,0.053,-0.334,0.793,-0.077,0.13,-0.425,0.856,0.8,0.362,0.844,0.797,-0.083,0.776,0.44,0.765,-0.481,0.058,-0.57,0.409,0.413,0.692,0.699,0.685,0.685,0.909,0.682,0.716,0.719,0.879,-0.135,-0.185,0.858,-0.624,0.728,0.889,0.763,0.774,-0.173,-0.089,0.861,-0.381,-0.818,0.058,0.289,0.573,0.557,0.778,0.752,0.652,-0.344,0.826,0.862,-0.304,0.835,0.771,0.015,0.614,0.709,0.826,-0.472,0.767,0.806,0.735,0.253,0.17,0.572,0.707,0.717,-0.125,0.699,0.187,0.379,0.791,0.453,-0.666,0.745,0.346,0.32,0.621,0.568,0.749,0.723,0.074,0.699,0.416,0.369,0.697,-0.64,0.876,0.685,0.566,0.027,0.827,-0.657,-0.851,0.161,-0.119,0.264,0.318,0.702,0.911,0.147,-0.47,0.817,0.802,0.868,0.565,-0.196,0.641,-0.364,0.506,0.068,0.409,-0.687,0.666,0.703,-0.688,0.71,0.842,0.632,0.797,0.573,0.56,0.557,0.756,0.499,0.857,0.694,0.387,0.83,0.607,-0.104,0.858,0.773,0.4,-0.031,-0.671
ADBE,0.34,0.361,0.796,0.666,0.372,0.761,0.0,0.972,-0.247,0.646,-0.008,0.104,0.601,0.629,-0.051,0.918,-0.049,0.973,0.84,-0.165,0.359,-0.132,-0.33,0.753,0.707,-0.295,0.665,-0.233,0.912,-0.079,0.593,0.295,0.648,0.317,0.837,0.744,0.588,0.729,-0.503,0.748,0.366,0.337,0.633,-0.014,0.607,0.662,-0.096,0.597,-0.02,0.138,0.698,-0.632,0.847,0.773,-0.247,0.414,0.118,0.827,0.934,0.791,-0.448,0.516,0.795,0.309,-0.319,0.93,0.023,0.16,-0.411,0.925,0.647,0.2,0.687,0.875,0.194,0.786,0.678,0.678,-0.232,0.125,-0.581,0.496,0.366,0.62,0.63,0.667,0.645,0.795,0.684,0.666,0.635,0.86,-0.15,-0.136,0.75,-0.559,0.652,0.795,0.719,0.78,-0.287,0.001,0.837,-0.316,-0.69,0.206,0.288,0.665,0.49,0.709,0.779,0.719,-0.357,0.897,0.786,-0.489,0.753,0.914,0.071,0.614,0.719,0.946,-0.421,0.61,0.634,0.863,0.504,0.047,0.751,0.705,0.8,0.023,0.453,0.293,0.612,0.66,0.469,-0.601,0.601,0.369,0.198,0.7,0.84,0.718,0.675,0.386,0.54,0.454,0.367,0.899,-0.562,0.748,0.657,0.486,0.156,0.803,-0.397,-0.761,0.471,0.059,0.339,0.304,0.644,0.878,0.162,-0.295,0.973,0.951,0.825,0.641,0.181,0.406,-0.32,0.702,0.388,0.578,-0.424,0.783,0.884,-0.418,0.57,0.808,0.476,0.662,0.814,0.454,0.506,0.586,0.411,0.902,0.812,0.383,0.703,0.759,-0.2,0.798,0.663,0.388,0.167,-0.577
ADSK,0.422,0.351,0.843,0.73,0.375,0.812,0.972,0.0,-0.25,0.725,0.038,0.035,0.602,0.639,-0.053,0.935,-0.082,0.977,0.824,-0.176,0.368,-0.155,-0.362,0.81,0.718,-0.292,0.711,-0.261,0.943,-0.052,0.644,0.376,0.716,0.377,0.881,0.759,0.622,0.781,-0.504,0.795,0.345,0.408,0.704,0.031,0.665,0.745,-0.115,0.687,-0.079,0.221,0.785,-0.657,0.859,0.785,-0.33,0.352,0.063,0.831,0.941,0.815,-0.511,0.469,0.813,0.218,-0.289,0.953,0.074,0.229,-0.437,0.938,0.703,0.279,0.751,0.885,0.188,0.845,0.662,0.726,-0.285,0.146,-0.558,0.55,0.396,0.676,0.706,0.745,0.677,0.843,0.703,0.731,0.68,0.889,-0.083,-0.104,0.806,-0.609,0.699,0.848,0.8,0.835,-0.246,0.028,0.9,-0.341,-0.736,0.167,0.262,0.729,0.572,0.775,0.79,0.708,-0.392,0.924,0.826,-0.455,0.82,0.912,0.02,0.668,0.761,0.957,-0.466,0.688,0.708,0.9,0.478,0.124,0.731,0.759,0.788,-0.013,0.548,0.267,0.607,0.734,0.511,-0.672,0.677,0.398,0.273,0.716,0.814,0.769,0.748,0.318,0.618,0.438,0.4,0.915,-0.595,0.793,0.689,0.56,0.128,0.842,-0.43,-0.778,0.449,0.006,0.289,0.37,0.683,0.9,0.166,-0.328,0.976,0.953,0.88,0.704,0.095,0.503,-0.301,0.719,0.421,0.579,-0.475,0.759,0.883,-0.491,0.639,0.821,0.567,0.725,0.78,0.525,0.562,0.671,0.432,0.912,0.839,0.371,0.77,0.73,-0.144,0.842,0.733,0.444,0.172,-0.645
AEP,-0.131,0.25,-0.452,-0.254,0.216,-0.292,-0.247,-0.25,0.0,-0.306,0.081,0.195,-0.237,-0.121,-0.066,-0.266,0.041,-0.225,0.078,0.27,-0.338,0.1,0.405,-0.334,-0.24,0.163,-0.264,0.294,-0.312,0.246,-0.201,-0.224,-0.326,0.06,-0.405,-0.283,-0.242,-0.394,0.283,-0.349,0.087,-0.168,-0.332,0.076,-0.192,-0.201,0.197,-0.258,0.608,0.137,-0.371,0.567,-0.398,-0.242,0.527,0.281,0.202,0.004,-0.343,-0.146,0.35,0.225,-0.273,-0.145,0.405,-0.233,0.151,-0.067,0.361,-0.351,-0.472,0.006,-0.379,-0.412,0.411,-0.113,-0.088,-0.173,0.279,0.37,0.484,-0.2,-0.272,-0.309,-0.303,-0.347,-0.274,-0.479,-0.448,-0.244,-0.281,-0.364,0.266,0.456,-0.409,0.461,-0.168,-0.403,-0.186,-0.451,0.246,-0.001,-0.217,0.334,0.49,-0.19,-0.005,-0.148,-0.203,-0.149,-0.399,-0.063,0.236,-0.296,-0.344,0.4,-0.374,-0.211,0.215,-0.272,-0.109,-0.308,0.529,-0.345,-0.343,-0.413,0.249,0.03,-0.334,-0.123,-0.283,0.162,-0.202,-0.087,-0.474,-0.343,-0.027,0.342,-0.32,0.205,-0.084,-0.47,-0.203,0.025,-0.307,0.209,-0.255,-0.066,0.071,-0.106,0.318,-0.314,-0.39,-0.282,0.072,-0.094,0.248,0.505,0.094,0.081,-0.093,-0.141,-0.126,-0.25,-0.057,0.274,-0.209,-0.196,-0.507,-0.264,0.366,-0.235,0.225,0.017,0.161,0.158,0.528,-0.265,-0.258,0.358,-0.296,-0.404,-0.32,-0.334,-0.398,-0.171,-0.248,-0.096,-0.487,-0.426,0.035,0.161,-0.401,-0.248,0.074,-0.419,-0.276,0.357,0.216,0.438
AGIO,0.831,0.106,0.9,0.915,0.384,0.774,0.646,0.725,-0.306,0.0,0.406,-0.408,0.224,0.424,-0.155,0.68,-0.229,0.744,0.518,-0.186,0.338,-0.382,-0.492,0.87,0.472,-0.049,0.747,-0.393,0.783,0.354,0.534,0.738,0.929,0.683,0.85,0.7,0.807,0.885,-0.542,0.856,0.248,0.818,0.931,0.445,0.731,0.815,-0.192,0.928,-0.377,0.535,0.881,-0.569,0.541,0.804,-0.576,-0.207,-0.359,0.621,0.646,0.647,-0.674,-0.019,0.667,-0.375,-0.172,0.687,0.42,0.569,-0.454,0.642,0.617,0.758,0.918,0.641,0.188,0.751,0.523,0.567,-0.5,0.317,-0.309,0.781,0.303,0.79,0.901,0.734,0.664,0.759,0.659,0.924,0.583,0.633,0.166,0.162,0.902,-0.732,0.911,0.884,0.887,0.809,0.245,0.332,0.869,-0.464,-0.728,-0.187,-0.122,0.848,0.883,0.902,0.583,0.68,-0.608,0.847,0.605,-0.045,0.883,0.584,-0.304,0.856,0.854,0.671,-0.588,0.94,0.944,0.705,0.2,0.476,0.362,0.899,0.43,-0.263,0.851,0.251,0.518,0.933,0.768,-0.875,0.94,0.399,0.743,0.582,0.415,0.787,0.759,-0.199,0.943,0.034,0.576,0.711,-0.554,0.742,0.837,0.558,-0.09,0.811,-0.591,-0.626,0.01,-0.325,-0.061,0.756,0.666,0.794,0.337,-0.461,0.659,0.676,0.782,0.895,-0.329,0.912,-0.244,0.404,0.312,0.525,-0.522,0.287,0.511,-0.72,0.926,0.526,0.808,0.913,0.422,0.867,0.841,0.829,0.273,0.735,0.734,-0.013,0.93,0.55,0.154,0.87,0.92,0.636,0.267,-0.786
ALEC,0.652,0.298,0.18,0.307,0.636,0.037,-0.008,0.038,0.081,0.406,0.0,-0.096,-0.105,0.363,0.069,0.137,0.393,0.091,0.144,0.404,0.413,-0.066,-0.024,0.076,-0.008,0.813,-0.093,0.463,0.083,0.637,-0.303,0.566,0.289,0.312,0.133,0.412,0.26,0.157,0.199,0.267,0.704,0.403,0.342,0.873,0.348,0.013,0.593,0.444,0.217,0.536,0.181,0.344,-0.2,0.381,0.257,0.001,-0.293,0.074,-0.074,0.066,0.229,-0.068,-0.001,-0.528,0.093,-0.043,0.85,0.248,0.468,-0.159,0.06,0.604,0.202,-0.119,0.559,0.242,0.467,0.17,0.318,0.592,0.25,0.574,0.237,0.592,0.546,0.223,0.171,0.0,0.216,0.403,-0.335,-0.146,0.778,0.74,0.115,0.141,0.299,0.06,0.401,0.002,0.834,0.805,0.175,0.324,0.249,-0.051,-0.134,0.549,0.595,0.288,-0.035,0.38,-0.176,0.204,-0.257,0.286,0.087,-0.064,0.137,0.273,0.464,-0.12,0.216,0.278,0.312,-0.091,0.308,0.902,0.02,0.269,-0.075,0.384,0.525,0.519,0.299,0.293,0.66,-0.139,0.49,0.675,0.607,0.311,0.161,0.469,0.149,-0.077,0.477,0.03,0.119,0.206,0.468,0.028,0.119,0.371,0.333,0.188,-0.36,0.027,0.219,0.065,0.053,0.582,0.459,0.012,0.715,0.268,-0.035,-0.065,0.005,0.575,0.149,0.53,0.533,0.03,0.369,0.627,0.204,-0.345,-0.024,0.137,0.441,-0.261,0.526,0.231,-0.23,0.374,0.413,0.074,-0.058,0.072,0.437,-0.06,0.207,0.249,0.865,0.105,0.51,0.421,0.703,0.112
ALNY,-0.414,0.462,-0.259,-0.521,0.034,0.013,0.104,0.035,0.195,-0.408,-0.096,0.0,0.586,0.329,0.682,0.196,0.73,-0.039,0.206,0.33,0.415,0.735,0.4,-0.391,0.323,0.103,-0.519,0.558,-0.069,-0.613,0.046,-0.304,-0.468,-0.659,-0.255,0.089,-0.622,-0.215,0.437,-0.417,0.378,-0.591,-0.428,-0.392,0.008,-0.303,0.633,-0.352,0.577,-0.126,-0.194,0.177,0.239,-0.032,0.553,0.82,0.405,0.093,0.172,-0.113,0.447,0.537,-0.285,0.722,-0.251,0.103,-0.384,-0.788,0.595,0.126,0.185,-0.608,-0.372,0.072,-0.163,-0.001,0.104,0.241,0.64,-0.289,-0.273,-0.394,0.437,0.022,-0.206,-0.166,-0.007,0.038,0.059,-0.467,-0.11,0.174,0.004,-0.232,-0.377,0.598,-0.443,-0.303,-0.245,-0.326,-0.346,-0.323,-0.214,0.687,0.366,0.72,0.821,-0.38,-0.532,-0.354,0.118,-0.0,0.672,-0.098,0.118,-0.434,-0.38,0.14,0.837,-0.591,-0.261,0.059,0.59,-0.522,-0.457,-0.051,0.472,-0.017,0.421,-0.45,0.389,0.795,-0.324,0.257,-0.016,-0.466,-0.43,0.629,-0.389,0.298,-0.672,0.197,0.432,-0.074,-0.008,0.774,-0.521,0.76,-0.541,-0.036,0.405,0.032,-0.539,0.23,0.699,-0.018,0.099,-0.103,0.657,0.803,0.849,-0.686,0.303,-0.067,0.246,0.551,0.119,0.004,-0.054,-0.391,0.589,-0.552,0.333,0.261,0.039,0.089,-0.004,0.488,0.299,0.525,-0.511,0.25,-0.257,-0.47,0.168,-0.643,-0.568,-0.455,0.376,0.027,0.006,0.666,-0.409,0.2,0.088,-0.257,-0.249,-0.42,-0.127,0.584
ALTR,-0.027,0.387,0.381,0.073,0.08,0.497,0.601,0.602,-0.237,0.224,-0.105,0.586,0.0,0.556,0.598,0.662,0.529,0.484,0.482,0.178,0.525,0.506,-0.136,0.233,0.67,-0.175,0.154,0.208,0.511,-0.548,0.568,0.192,0.096,-0.263,0.308,0.506,-0.15,0.37,0.099,0.142,0.353,-0.137,0.104,-0.312,0.413,0.306,0.309,0.23,0.162,0.117,0.487,-0.358,0.672,0.393,-0.024,0.619,0.349,0.511,0.662,0.223,-0.077,0.444,0.281,0.615,-0.311,0.66,-0.312,-0.306,0.132,0.651,0.731,-0.195,0.224,0.557,-0.246,0.524,0.252,0.603,0.156,-0.317,-0.47,0.005,0.744,0.381,0.287,0.421,0.56,0.606,0.38,0.063,0.467,0.721,-0.115,-0.357,0.241,0.013,0.094,0.339,0.345,0.31,-0.455,-0.247,0.41,0.168,-0.263,0.731,0.825,0.111,-0.072,0.148,0.638,0.371,0.393,0.404,0.708,-0.457,0.227,0.5,0.545,-0.054,0.24,0.607,0.056,0.108,0.127,0.592,0.584,0.12,0.703,0.071,0.818,0.506,0.195,0.172,0.393,0.115,-0.064,0.017,0.162,0.416,-0.297,0.557,0.672,0.264,0.633,0.675,0.019,0.797,-0.149,0.417,-0.14,0.586,-0.006,0.677,0.636,0.419,-0.046,-0.459,0.704,0.594,0.748,-0.314,0.601,0.465,0.238,0.224,0.598,0.476,0.596,0.134,0.277,-0.04,0.106,0.721,0.289,0.218,-0.427,0.86,0.671,-0.073,-0.011,0.736,0.211,0.104,0.547,-0.133,-0.106,0.14,0.754,0.576,0.368,0.698,0.198,0.497,0.046,0.357,0.255,-0.202,-0.207,-0.085
AMBA,0.294,0.531,0.434,0.293,0.402,0.524,0.629,0.639,-0.121,0.424,0.363,0.329,0.556,0.0,0.178,0.701,0.397,0.615,0.73,0.388,0.343,0.148,-0.006,0.447,0.519,0.066,0.2,0.311,0.68,0.046,0.239,0.33,0.326,0.235,0.488,0.543,0.192,0.43,0.03,0.376,0.624,0.198,0.364,0.186,0.438,0.331,0.467,0.47,0.277,0.437,0.523,-0.138,0.509,0.535,0.109,0.591,0.326,0.597,0.572,0.396,0.079,0.48,0.532,0.167,0.076,0.542,0.267,-0.023,0.213,0.56,0.451,0.031,0.343,0.459,0.266,0.706,0.604,0.639,0.22,0.111,-0.163,0.344,0.536,0.642,0.561,0.575,0.544,0.512,0.455,0.366,0.237,0.588,0.389,0.234,0.333,-0.073,0.389,0.396,0.546,0.308,0.012,0.172,0.546,0.146,-0.202,0.281,0.494,0.545,0.374,0.346,0.411,0.568,0.031,0.592,0.439,-0.225,0.354,0.506,0.371,0.226,0.43,0.498,0.163,0.28,0.33,0.443,0.578,0.493,0.72,0.381,0.522,0.497,0.422,0.35,0.367,0.361,0.459,-0.211,0.358,0.719,0.11,0.623,0.723,0.653,0.551,0.45,0.345,0.652,0.094,0.693,0.034,0.554,0.195,0.529,0.596,0.535,-0.275,-0.511,0.668,0.369,0.444,0.139,0.688,0.477,0.273,0.269,0.632,0.513,0.499,0.533,0.355,0.303,0.198,0.695,0.48,0.638,-0.182,0.487,0.59,0.026,0.335,0.514,0.374,0.318,0.327,0.104,0.22,0.31,0.325,0.619,0.694,0.48,0.356,0.606,0.371,0.374,0.53,0.206,0.255,-0.043
AMCX,-0.065,0.37,-0.054,-0.311,-0.143,0.153,-0.051,-0.053,-0.066,-0.155,0.069,0.682,0.598,0.178,0.0,0.166,0.721,-0.155,-0.054,0.112,0.61,0.869,0.044,-0.283,0.421,0.149,-0.468,0.395,-0.113,-0.556,0.075,0.123,-0.253,-0.651,-0.207,0.221,-0.545,0.026,0.431,-0.325,0.243,-0.266,-0.196,-0.166,0.315,-0.105,0.544,-0.064,0.289,0.045,0.088,-0.009,0.211,0.068,0.238,0.438,0.008,-0.013,0.115,-0.263,0.163,0.162,-0.392,0.439,-0.374,0.032,-0.344,-0.67,0.548,0.087,0.45,-0.281,-0.14,0.059,-0.39,0.014,-0.077,0.304,0.391,-0.3,-0.242,-0.335,0.662,0.166,-0.022,-0.04,0.128,0.205,0.119,-0.274,0.06,0.206,0.031,-0.252,-0.185,0.482,-0.327,-0.118,-0.054,-0.184,-0.126,-0.195,-0.132,0.525,0.182,0.69,0.742,-0.322,-0.34,-0.216,0.201,0.037,0.596,-0.111,0.246,-0.198,-0.225,-0.004,0.722,-0.45,-0.112,0.019,0.39,-0.228,-0.19,-0.025,0.27,0.218,0.329,-0.389,0.409,0.651,0.08,0.265,0.109,-0.239,-0.264,0.448,-0.092,0.313,-0.387,0.27,0.215,-0.065,0.129,0.462,-0.246,0.68,-0.529,-0.161,0.305,0.16,-0.409,0.49,0.613,-0.071,-0.159,-0.118,0.425,0.554,0.775,-0.514,0.372,-0.006,0.373,0.362,-0.012,-0.112,0.085,-0.275,0.243,-0.224,0.289,0.121,-0.2,0.033,-0.216,0.374,0.174,0.193,-0.279,0.293,0.03,-0.259,0.011,-0.388,-0.359,-0.326,0.65,0.043,-0.062,0.607,-0.197,0.139,0.306,-0.072,-0.018,-0.414,-0.188,0.34
AMKR,0.442,0.491,0.828,0.673,0.351,0.823,0.918,0.935,-0.266,0.68,0.137,0.196,0.662,0.701,0.166,0.0,0.126,0.898,0.747,-0.151,0.57,0.007,-0.354,0.72,0.823,-0.157,0.555,-0.139,0.87,-0.144,0.567,0.453,0.676,0.201,0.819,0.852,0.519,0.793,-0.389,0.734,0.453,0.369,0.678,0.064,0.701,0.704,0.068,0.68,-0.042,0.234,0.768,-0.628,0.882,0.82,-0.199,0.446,-0.035,0.808,0.921,0.728,-0.397,0.533,0.655,0.313,-0.405,0.903,0.069,0.033,-0.258,0.918,0.757,0.23,0.74,0.869,0.08,0.816,0.669,0.781,-0.147,0.102,-0.638,0.512,0.566,0.737,0.707,0.752,0.677,0.859,0.74,0.678,0.599,0.905,-0.026,-0.111,0.762,-0.496,0.626,0.799,0.778,0.779,-0.198,0.059,0.862,-0.212,-0.65,0.35,0.401,0.687,0.542,0.703,0.828,0.721,-0.253,0.895,0.798,-0.503,0.765,0.883,0.221,0.555,0.729,0.912,-0.319,0.626,0.673,0.831,0.543,0.23,0.821,0.633,0.856,0.169,0.603,0.393,0.636,0.695,0.495,-0.541,0.683,0.533,0.214,0.779,0.861,0.77,0.693,0.335,0.589,0.625,0.212,0.872,-0.445,0.839,0.591,0.672,0.28,0.801,-0.572,-0.802,0.526,0.117,0.471,0.278,0.774,0.865,0.331,-0.18,0.916,0.887,0.886,0.65,0.122,0.464,-0.207,0.668,0.372,0.622,-0.524,0.778,0.879,-0.39,0.606,0.858,0.59,0.677,0.779,0.433,0.53,0.548,0.6,0.91,0.823,0.481,0.729,0.789,-0.012,0.837,0.774,0.317,0.221,-0.5
AMRX,-0.132,0.423,-0.199,-0.4,0.246,-0.129,-0.049,-0.082,0.041,-0.229,0.393,0.73,0.529,0.397,0.721,0.126,0.0,-0.148,0.03,0.59,0.555,0.686,0.195,-0.404,0.158,0.523,-0.578,0.816,-0.156,-0.253,-0.182,0.07,-0.4,-0.513,-0.31,0.22,-0.554,-0.207,0.601,-0.362,0.647,-0.429,-0.357,0.067,0.055,-0.379,0.906,-0.178,0.525,0.126,-0.127,0.361,-0.02,0.029,0.609,0.593,0.267,-0.039,-0.016,-0.343,0.619,0.229,-0.343,0.396,-0.13,-0.053,0.075,-0.543,0.851,-0.096,0.177,-0.284,-0.325,-0.127,-0.048,0.052,0.121,0.129,0.77,-0.142,-0.008,-0.147,0.665,0.176,-0.029,-0.076,0.131,-0.062,0.006,-0.352,-0.328,0.007,0.384,0.099,-0.392,0.662,-0.352,-0.353,-0.134,-0.386,0.087,0.174,-0.226,0.695,0.518,0.77,0.676,-0.173,-0.269,-0.367,0.073,0.052,0.674,-0.133,-0.088,-0.124,-0.425,-0.131,0.818,-0.525,-0.13,-0.144,0.67,-0.425,-0.364,-0.167,0.566,0.445,0.336,-0.452,0.266,0.933,-0.047,0.381,0.151,-0.388,-0.147,0.573,-0.18,0.569,-0.345,0.279,0.345,-0.072,0.083,0.577,-0.321,0.684,-0.537,-0.079,0.68,-0.012,-0.551,0.458,0.894,-0.175,0.051,0.09,0.683,0.752,0.747,-0.408,0.389,-0.225,0.541,0.771,-0.086,-0.231,-0.084,-0.119,0.505,-0.318,0.678,0.26,0.254,0.203,0.076,0.201,0.077,0.593,-0.364,0.032,-0.069,-0.43,-0.044,-0.505,-0.393,-0.492,0.445,-0.039,0.042,0.486,-0.377,0.234,0.627,-0.256,-0.074,-0.384,0.12,0.629
ANSS,0.459,0.314,0.852,0.771,0.429,0.779,0.973,0.977,-0.225,0.744,0.091,-0.039,0.484,0.615,-0.155,0.898,-0.148,0.0,0.852,-0.185,0.325,-0.249,-0.335,0.828,0.649,-0.252,0.719,-0.283,0.941,0.066,0.569,0.357,0.749,0.467,0.907,0.764,0.709,0.772,-0.562,0.835,0.372,0.461,0.737,0.109,0.651,0.714,-0.15,0.69,-0.069,0.198,0.745,-0.625,0.808,0.825,-0.315,0.296,0.037,0.823,0.913,0.851,-0.521,0.43,0.839,0.135,-0.28,0.918,0.153,0.296,-0.468,0.9,0.632,0.333,0.759,0.872,0.291,0.818,0.734,0.673,-0.308,0.235,-0.535,0.629,0.294,0.691,0.726,0.695,0.648,0.796,0.724,0.781,0.633,0.822,-0.068,-0.04,0.82,-0.634,0.749,0.852,0.797,0.831,-0.17,0.107,0.884,-0.368,-0.725,0.059,0.141,0.771,0.626,0.812,0.741,0.749,-0.503,0.939,0.752,-0.427,0.827,0.913,-0.065,0.737,0.799,0.934,-0.505,0.716,0.733,0.872,0.455,0.12,0.684,0.822,0.71,-0.066,0.536,0.306,0.623,0.76,0.58,-0.726,0.7,0.371,0.357,0.708,0.8,0.79,0.691,0.278,0.66,0.331,0.479,0.933,-0.596,0.732,0.752,0.479,0.062,0.846,-0.46,-0.771,0.39,-0.055,0.207,0.465,0.648,0.901,0.182,-0.37,0.969,0.958,0.827,0.754,0.117,0.542,-0.34,0.651,0.403,0.627,-0.416,0.675,0.861,-0.485,0.691,0.747,0.568,0.754,0.752,0.594,0.626,0.679,0.315,0.902,0.86,0.264,0.788,0.747,-0.149,0.837,0.746,0.525,0.252,-0.666
APPN,0.32,0.504,0.561,0.494,0.529,0.609,0.84,0.824,0.078,0.518,0.144,0.206,0.482,0.73,-0.054,0.747,0.03,0.852,0.0,0.098,0.215,-0.006,0.017,0.618,0.58,-0.152,0.449,0.023,0.81,0.112,0.46,0.146,0.466,0.399,0.66,0.589,0.442,0.501,-0.236,0.572,0.522,0.283,0.482,0.114,0.543,0.474,0.107,0.498,0.305,0.28,0.531,-0.29,0.625,0.678,-0.027,0.557,0.292,0.777,0.738,0.724,-0.25,0.581,0.715,0.165,-0.052,0.746,0.166,0.083,-0.152,0.724,0.433,0.148,0.449,0.665,0.475,0.733,0.732,0.659,-0.013,0.332,-0.293,0.455,0.255,0.614,0.574,0.521,0.479,0.587,0.551,0.55,0.493,0.648,0.122,0.149,0.503,-0.261,0.544,0.579,0.658,0.512,-0.105,0.069,0.665,-0.015,-0.397,0.038,0.31,0.609,0.396,0.622,0.5,0.738,-0.271,0.747,0.595,-0.319,0.539,0.785,0.162,0.495,0.633,0.735,-0.142,0.454,0.45,0.658,0.538,0.201,0.655,0.673,0.569,0.205,0.338,0.325,0.47,0.489,0.497,-0.433,0.431,0.519,0.2,0.581,0.759,0.756,0.573,0.537,0.42,0.423,0.393,0.849,-0.303,0.55,0.437,0.374,0.275,0.751,-0.267,-0.576,0.541,0.166,0.331,0.284,0.631,0.717,0.155,-0.105,0.867,0.816,0.535,0.59,0.441,0.349,-0.192,0.716,0.411,0.735,-0.132,0.592,0.781,-0.186,0.433,0.576,0.387,0.474,0.497,0.351,0.361,0.501,0.126,0.684,0.834,0.436,0.491,0.68,-0.038,0.532,0.543,0.542,0.281,-0.336
APTO,-0.156,0.132,-0.364,-0.378,0.321,-0.353,-0.165,-0.176,0.27,-0.186,0.404,0.33,0.178,0.388,0.112,-0.151,0.59,-0.185,0.098,0.0,-0.058,0.192,0.371,-0.326,-0.253,0.443,-0.327,0.746,-0.131,0.25,-0.197,-0.048,-0.408,0.046,-0.351,-0.096,-0.365,-0.402,0.529,-0.353,0.495,-0.303,-0.391,0.198,-0.271,-0.399,0.676,-0.183,0.503,0.333,-0.229,0.653,-0.377,-0.161,0.508,0.313,0.577,-0.086,-0.269,-0.371,0.68,0.056,-0.109,-0.031,0.541,-0.208,0.368,-0.05,0.678,-0.316,-0.233,-0.113,-0.428,-0.388,0.258,0.067,0.07,-0.137,0.577,0.034,0.483,0.0,0.202,-0.013,-0.059,-0.095,0.054,-0.349,-0.275,-0.35,-0.367,-0.254,0.542,0.454,-0.482,0.554,-0.188,-0.441,-0.191,-0.504,0.247,0.235,-0.245,0.521,0.603,0.239,0.297,-0.043,-0.151,-0.379,-0.264,0.022,0.485,-0.226,-0.34,0.261,-0.459,-0.355,0.348,-0.381,-0.216,-0.352,0.658,-0.411,-0.401,-0.278,0.433,0.455,0.003,-0.249,-0.179,0.605,-0.187,0.06,-0.112,-0.401,-0.015,0.405,-0.291,0.439,-0.116,-0.069,0.054,-0.077,0.072,0.397,-0.274,0.187,-0.065,-0.056,0.615,-0.219,-0.499,0.077,0.649,-0.147,0.459,0.386,0.456,0.629,0.192,-0.146,0.124,-0.381,0.239,0.746,-0.213,-0.328,-0.321,0.008,0.452,-0.216,0.696,0.34,0.539,0.137,0.389,-0.174,-0.185,0.55,-0.343,-0.32,-0.196,-0.439,-0.312,-0.348,-0.358,-0.251,-0.164,-0.222,0.011,0.158,-0.424,-0.053,0.559,-0.45,-0.204,-0.107,0.161,0.577
ARCT,0.389,0.42,0.46,0.265,0.264,0.401,0.359,0.368,-0.338,0.338,0.413,0.415,0.525,0.343,0.61,0.57,0.555,0.325,0.215,-0.058,0.0,0.373,-0.133,0.134,0.631,0.426,-0.065,0.229,0.282,-0.263,0.148,0.374,0.3,-0.305,0.36,0.728,0.1,0.418,0.07,0.34,0.586,0.088,0.35,0.251,0.558,0.187,0.446,0.35,-0.009,0.031,0.346,-0.271,0.516,0.592,0.075,0.333,-0.322,0.25,0.486,0.308,-0.066,0.277,-0.001,0.32,-0.712,0.41,0.083,-0.317,0.214,0.408,0.673,0.136,0.356,0.496,-0.04,0.236,0.506,0.533,0.294,0.075,-0.626,0.343,0.631,0.693,0.519,0.354,0.303,0.541,0.656,0.321,0.123,0.416,0.139,-0.125,0.329,-0.002,0.106,0.337,0.419,0.359,0.106,0.249,0.294,0.33,-0.135,0.622,0.417,0.299,0.285,0.315,0.558,0.416,-0.001,0.432,0.341,-0.524,0.294,0.432,0.44,0.161,0.407,0.425,-0.074,0.285,0.32,0.414,0.374,0.421,0.591,0.11,0.594,0.516,0.396,0.664,0.678,0.309,0.228,-0.063,0.473,0.443,0.096,0.752,0.619,0.353,0.335,0.295,0.274,0.582,-0.303,0.281,0.113,0.407,0.177,0.698,0.426,0.34,-0.539,-0.51,0.474,0.377,0.705,0.107,0.646,0.35,0.786,0.1,0.361,0.316,0.485,0.337,0.181,0.224,0.158,0.101,0.069,0.445,-0.363,0.434,0.557,-0.035,0.298,0.449,0.572,0.262,0.447,0.145,0.271,-0.081,0.732,0.484,0.361,0.353,0.337,0.523,0.346,0.435,0.524,-0.088,0.316,-0.09
ARWR,-0.283,0.424,-0.298,-0.51,-0.145,-0.053,-0.132,-0.155,0.1,-0.382,-0.066,0.735,0.506,0.148,0.869,0.007,0.686,-0.249,-0.006,0.192,0.373,0.0,0.266,-0.422,0.331,0.079,-0.591,0.506,-0.223,-0.543,0.051,-0.2,-0.498,-0.699,-0.373,0.01,-0.69,-0.241,0.588,-0.49,0.208,-0.494,-0.423,-0.258,0.108,-0.29,0.562,-0.292,0.482,-0.043,-0.144,0.183,0.067,-0.144,0.39,0.529,0.255,-0.099,-0.012,-0.34,0.325,0.307,-0.419,0.52,-0.182,-0.084,-0.369,-0.762,0.603,-0.022,0.188,-0.493,-0.413,-0.099,-0.252,-0.108,-0.134,0.148,0.527,-0.311,-0.064,-0.539,0.525,-0.031,-0.22,-0.12,-0.108,0.026,-0.048,-0.466,0.004,0.053,0.104,-0.182,-0.421,0.667,-0.534,-0.305,-0.206,-0.347,-0.186,-0.326,-0.302,0.641,0.344,0.585,0.735,-0.442,-0.538,-0.367,0.011,-0.074,0.661,-0.239,0.144,-0.155,-0.4,-0.067,0.729,-0.575,-0.293,-0.107,0.552,-0.452,-0.434,-0.131,0.221,0.1,0.278,-0.508,0.238,0.694,-0.15,0.169,-0.002,-0.461,-0.418,0.599,-0.351,0.265,-0.588,0.111,0.145,-0.19,0.016,0.622,-0.478,0.646,-0.604,-0.188,0.402,-0.007,-0.608,0.267,0.627,-0.223,0.109,0.067,0.499,0.593,0.75,-0.643,0.237,-0.181,0.149,0.438,-0.087,-0.178,-0.132,-0.42,0.435,-0.436,0.212,0.128,-0.176,0.01,0.027,0.298,0.099,0.394,-0.509,0.154,-0.198,-0.491,-0.12,-0.59,-0.58,-0.471,0.445,-0.178,-0.141,0.655,-0.43,0.029,0.199,-0.302,-0.247,-0.432,-0.194,0.488
ASND,-0.411,0.066,-0.558,-0.546,-0.023,-0.445,-0.33,-0.362,0.405,-0.492,-0.024,0.4,-0.136,-0.006,0.044,-0.354,0.195,-0.335,0.017,0.371,-0.133,0.266,0.0,-0.436,-0.184,0.239,-0.446,0.402,-0.329,-0.122,-0.123,-0.56,-0.534,-0.167,-0.404,-0.357,-0.415,-0.564,0.487,-0.433,0.198,-0.451,-0.48,-0.161,-0.473,-0.501,0.271,-0.488,0.398,-0.151,-0.549,0.519,-0.287,-0.389,0.43,0.312,0.392,-0.234,-0.365,-0.167,0.458,0.226,-0.223,0.163,0.198,-0.332,-0.019,-0.322,0.377,-0.328,-0.39,-0.489,-0.605,-0.296,0.2,-0.42,-0.011,-0.142,0.532,-0.031,0.151,-0.182,-0.252,-0.186,-0.243,-0.344,-0.483,-0.378,-0.171,-0.486,-0.279,-0.417,0.242,0.076,-0.579,0.523,-0.484,-0.516,-0.372,-0.479,-0.008,-0.119,-0.521,0.674,0.618,-0.029,0.097,-0.339,-0.442,-0.404,-0.469,-0.259,0.309,-0.371,-0.378,-0.15,-0.485,-0.233,0.124,-0.411,-0.506,-0.361,0.466,-0.526,-0.57,-0.283,-0.027,0.01,-0.074,-0.351,-0.368,0.368,-0.539,0.014,-0.234,-0.516,-0.333,0.524,-0.569,-0.041,-0.356,-0.195,-0.059,-0.245,-0.295,0.342,-0.52,-0.021,-0.397,-0.254,0.477,-0.404,-0.494,-0.254,0.178,-0.187,0.385,0.3,0.18,0.415,0.137,-0.32,-0.218,-0.426,0.005,0.455,-0.287,-0.315,-0.519,-0.358,0.408,-0.466,0.158,-0.223,0.055,-0.021,0.388,-0.194,-0.091,0.646,-0.513,-0.387,-0.341,-0.561,-0.327,-0.451,-0.45,-0.404,-0.282,-0.407,-0.29,0.005,-0.532,-0.316,0.017,-0.611,-0.435,-0.228,0.06,0.557
ASTH,0.604,0.121,0.888,0.874,0.263,0.788,0.753,0.81,-0.334,0.87,0.076,-0.391,0.233,0.447,-0.283,0.72,-0.404,0.828,0.618,-0.326,0.134,-0.422,-0.436,0.0,0.495,-0.379,0.842,-0.547,0.854,0.164,0.637,0.527,0.895,0.667,0.877,0.56,0.789,0.878,-0.628,0.862,0.082,0.72,0.878,0.143,0.626,0.863,-0.4,0.824,-0.39,0.411,0.834,-0.74,0.693,0.708,-0.651,-0.122,-0.212,0.69,0.731,0.746,-0.704,0.125,0.799,-0.161,-0.137,0.77,0.192,0.509,-0.654,0.785,0.552,0.501,0.893,0.771,0.1,0.768,0.436,0.612,-0.581,0.174,-0.383,0.643,0.213,0.642,0.749,0.729,0.611,0.786,0.621,0.869,0.7,0.751,-0.087,-0.004,0.915,-0.843,0.882,0.911,0.838,0.867,-0.082,0.097,0.883,-0.593,-0.854,-0.212,-0.078,0.75,0.728,0.86,0.571,0.583,-0.603,0.856,0.726,-0.192,0.923,0.71,-0.328,0.833,0.753,0.783,-0.677,0.873,0.882,0.796,0.124,0.168,0.479,0.882,0.465,-0.387,0.694,0.103,0.432,0.896,0.631,-0.871,0.789,0.249,0.547,0.506,0.461,0.731,0.724,-0.166,0.831,0.076,0.55,0.792,-0.714,0.78,0.874,0.445,-0.176,0.789,-0.53,-0.71,-0.025,-0.381,-0.105,0.602,0.525,0.866,0.014,-0.551,0.787,0.812,0.832,0.781,-0.335,0.758,-0.472,0.482,0.242,0.411,-0.573,0.442,0.595,-0.721,0.836,0.666,0.652,0.899,0.523,0.733,0.748,0.864,0.252,0.77,0.716,0.026,0.921,0.576,-0.147,0.887,0.789,0.578,0.073,-0.832
ATSG,0.338,0.604,0.619,0.454,0.103,0.741,0.707,0.718,-0.24,0.472,-0.008,0.323,0.67,0.519,0.421,0.823,0.158,0.649,0.58,-0.253,0.631,0.331,-0.184,0.495,0.0,-0.192,0.374,-0.167,0.667,-0.352,0.576,0.295,0.474,-0.078,0.625,0.739,0.272,0.644,-0.195,0.524,0.283,0.249,0.528,-0.044,0.673,0.612,0.063,0.54,0.028,0.113,0.632,-0.545,0.804,0.641,-0.179,0.453,-0.067,0.673,0.793,0.574,-0.376,0.633,0.427,0.436,-0.477,0.725,-0.181,-0.242,-0.197,0.82,0.765,0.068,0.549,0.75,-0.036,0.53,0.504,0.768,-0.099,0.018,-0.669,0.191,0.554,0.619,0.537,0.688,0.459,0.826,0.688,0.458,0.682,0.773,-0.064,-0.239,0.583,-0.294,0.343,0.682,0.641,0.654,-0.224,-0.196,0.641,0.002,-0.541,0.37,0.531,0.435,0.301,0.561,0.76,0.64,-0.1,0.691,0.799,-0.502,0.619,0.77,0.3,0.381,0.5,0.775,-0.205,0.481,0.501,0.717,0.363,0.162,0.756,0.409,0.808,0.223,0.469,0.369,0.566,0.511,0.275,-0.307,0.502,0.425,0.0,0.702,0.692,0.619,0.555,0.411,0.389,0.658,0.003,0.643,-0.374,0.783,0.387,0.556,0.253,0.663,-0.491,-0.694,0.488,0.221,0.622,0.062,0.676,0.719,0.267,-0.213,0.732,0.73,0.729,0.362,0.18,0.308,-0.327,0.454,0.08,0.502,-0.479,0.754,0.808,-0.352,0.403,0.792,0.511,0.498,0.643,0.268,0.313,0.365,0.701,0.734,0.587,0.665,0.554,0.557,-0.114,0.662,0.626,0.124,0.122,-0.392
AVTX,0.277,0.179,-0.212,-0.089,0.456,-0.389,-0.295,-0.292,0.163,-0.049,0.813,0.103,-0.175,0.066,0.149,-0.157,0.523,-0.252,-0.152,0.443,0.426,0.079,0.239,-0.379,-0.192,0.0,-0.419,0.653,-0.32,0.439,-0.533,0.186,-0.136,-0.063,-0.232,0.179,-0.058,-0.269,0.432,-0.062,0.638,-0.02,-0.091,0.699,-0.053,-0.405,0.665,-0.039,0.279,0.12,-0.28,0.608,-0.415,0.041,0.535,0.086,-0.204,-0.233,-0.365,-0.171,0.529,-0.042,-0.331,-0.293,-0.022,-0.314,0.67,-0.008,0.639,-0.449,-0.184,0.278,-0.216,-0.357,0.477,-0.227,0.308,-0.111,0.61,0.463,0.243,0.322,0.089,0.278,0.172,-0.111,-0.196,-0.331,0.017,-0.009,-0.618,-0.473,0.69,0.572,-0.288,0.457,-0.18,-0.348,-0.001,-0.297,0.739,0.712,-0.261,0.59,0.621,0.136,-0.132,0.184,0.211,-0.11,-0.233,0.062,0.06,-0.166,-0.576,0.144,-0.305,-0.295,0.226,-0.077,0.087,-0.382,0.404,-0.14,-0.135,-0.33,0.232,0.672,-0.112,-0.169,-0.237,0.518,0.078,0.53,0.243,-0.128,0.293,0.274,0.079,0.43,0.291,0.127,0.027,0.059,-0.229,0.037,0.023,-0.023,-0.228,-0.152,0.728,-0.355,-0.235,0.158,0.322,-0.172,-0.057,0.32,0.246,0.277,0.122,0.28,0.134,-0.382,0.733,0.478,-0.347,-0.374,-0.337,0.179,0.317,0.074,0.646,-0.264,0.275,0.399,0.445,-0.462,-0.182,0.497,0.01,-0.523,0.226,-0.194,-0.296,0.018,0.092,-0.417,-0.097,-0.252,0.05,-0.141,-0.213,0.009,0.743,-0.273,0.103,0.057,0.698,0.438
BCPC,0.449,-0.045,0.731,0.802,0.143,0.619,0.665,0.711,-0.264,0.747,-0.093,-0.519,0.154,0.2,-0.468,0.555,-0.578,0.719,0.449,-0.327,-0.065,-0.591,-0.446,0.842,0.374,-0.419,0.0,-0.66,0.737,0.199,0.617,0.419,0.797,0.671,0.773,0.402,0.783,0.727,-0.661,0.802,-0.145,0.662,0.758,0.07,0.419,0.825,-0.598,0.687,-0.465,0.275,0.694,-0.644,0.537,0.51,-0.689,-0.229,-0.156,0.599,0.595,0.679,-0.692,0.107,0.771,-0.204,-0.014,0.687,0.13,0.656,-0.784,0.669,0.411,0.521,0.78,0.622,0.107,0.571,0.297,0.449,-0.711,0.178,-0.29,0.551,-0.056,0.393,0.569,0.663,0.479,0.617,0.414,0.735,0.678,0.606,-0.192,-0.051,0.828,-0.864,0.775,0.824,0.688,0.825,-0.13,0.006,0.804,-0.661,-0.8,-0.32,-0.211,0.662,0.636,0.755,0.503,0.449,-0.582,0.705,0.608,-0.08,0.845,0.582,-0.505,0.805,0.652,0.698,-0.702,0.792,0.778,0.723,0.014,-0.002,0.266,0.808,0.392,-0.578,0.521,-0.142,0.313,0.794,0.522,-0.811,0.659,0.047,0.505,0.276,0.261,0.581,0.589,-0.245,0.721,-0.135,0.662,0.651,-0.784,0.642,0.827,0.209,-0.386,0.721,-0.274,-0.49,-0.132,-0.416,-0.304,0.597,0.287,0.727,-0.126,-0.612,0.656,0.715,0.713,0.617,-0.377,0.664,-0.506,0.4,0.275,0.22,-0.417,0.357,0.461,-0.744,0.722,0.503,0.543,0.82,0.522,0.729,0.694,0.838,0.111,0.666,0.54,-0.056,0.819,0.316,-0.327,0.763,0.616,0.522,0.045,-0.836
BEAM,-0.23,0.305,-0.462,-0.518,0.308,-0.447,-0.233,-0.261,0.294,-0.393,0.463,0.558,0.208,0.311,0.395,-0.139,0.816,-0.283,0.023,0.746,0.229,0.506,0.402,-0.547,-0.167,0.653,-0.66,0.0,-0.322,0.058,-0.411,-0.158,-0.559,-0.35,-0.468,-0.042,-0.55,-0.517,0.713,-0.457,0.673,-0.516,-0.522,0.235,-0.207,-0.608,0.901,-0.371,0.646,0.113,-0.402,0.714,-0.343,-0.185,0.753,0.533,0.389,-0.247,-0.305,-0.389,0.823,0.191,-0.366,0.172,0.196,-0.28,0.329,-0.363,0.9,-0.381,-0.205,-0.278,-0.569,-0.419,0.278,-0.099,0.121,-0.114,0.879,0.068,0.339,-0.134,0.312,0.003,-0.159,-0.241,-0.178,-0.408,-0.238,-0.435,-0.594,-0.316,0.593,0.395,-0.62,0.799,-0.485,-0.601,-0.258,-0.57,0.258,0.277,-0.395,0.769,0.766,0.476,0.403,-0.161,-0.281,-0.483,-0.297,-0.099,0.571,-0.327,-0.43,0.076,-0.619,-0.319,0.649,-0.542,-0.215,-0.391,0.765,-0.575,-0.545,-0.379,0.436,0.445,0.09,-0.48,-0.11,0.868,-0.245,0.274,0.024,-0.539,-0.118,0.634,-0.364,0.501,-0.287,0.036,0.154,-0.153,-0.154,0.513,-0.428,0.395,-0.446,-0.159,0.847,-0.361,-0.674,0.155,0.766,-0.334,0.305,0.384,0.618,0.657,0.452,-0.304,0.136,-0.495,0.386,0.865,-0.265,-0.389,-0.404,-0.135,0.607,-0.384,0.749,0.15,0.379,0.255,0.474,-0.136,-0.124,0.784,-0.473,-0.327,-0.2,-0.607,-0.319,-0.538,-0.456,-0.602,-0.01,-0.335,-0.023,0.283,-0.582,0.016,0.663,-0.527,-0.261,-0.23,0.274,0.764
BILI,0.481,0.281,0.854,0.747,0.317,0.841,0.912,0.943,-0.312,0.783,0.083,-0.069,0.511,0.68,-0.113,0.87,-0.156,0.941,0.81,-0.131,0.282,-0.223,-0.329,0.854,0.667,-0.32,0.737,-0.322,0.0,0.033,0.629,0.421,0.758,0.489,0.911,0.723,0.657,0.808,-0.528,0.798,0.291,0.516,0.755,0.068,0.671,0.754,-0.166,0.754,-0.159,0.298,0.84,-0.648,0.794,0.768,-0.431,0.223,0.08,0.796,0.898,0.773,-0.576,0.344,0.848,0.073,-0.168,0.874,0.113,0.333,-0.463,0.894,0.706,0.33,0.775,0.834,0.181,0.842,0.661,0.704,-0.365,0.144,-0.492,0.585,0.325,0.702,0.775,0.748,0.694,0.859,0.714,0.751,0.705,0.853,-0.044,-0.08,0.827,-0.651,0.766,0.877,0.795,0.826,-0.19,0.053,0.897,-0.392,-0.76,0.017,0.191,0.751,0.625,0.786,0.734,0.726,-0.446,0.92,0.799,-0.371,0.84,0.839,-0.114,0.716,0.738,0.893,-0.495,0.749,0.756,0.856,0.363,0.187,0.676,0.811,0.705,-0.094,0.584,0.187,0.548,0.784,0.562,-0.739,0.705,0.378,0.357,0.71,0.725,0.778,0.772,0.222,0.681,0.333,0.464,0.887,-0.623,0.787,0.724,0.51,0.075,0.858,-0.435,-0.814,0.348,-0.053,0.186,0.444,0.658,0.894,0.128,-0.354,0.924,0.901,0.854,0.738,0.022,0.605,-0.333,0.673,0.358,0.55,-0.501,0.673,0.812,-0.56,0.7,0.773,0.589,0.767,0.663,0.595,0.598,0.754,0.352,0.915,0.791,0.288,0.806,0.665,-0.102,0.822,0.757,0.453,0.13,-0.684
BJRI,0.537,-0.033,0.069,0.397,0.512,-0.139,-0.079,-0.052,0.246,0.354,0.637,-0.613,-0.548,0.046,-0.556,-0.144,-0.253,0.066,0.112,0.25,-0.263,-0.543,-0.122,0.164,-0.352,0.439,0.199,0.058,0.033,0.0,-0.349,0.325,0.303,0.696,0.106,0.067,0.512,0.025,-0.117,0.296,0.231,0.518,0.301,0.811,0.061,0.048,0.032,0.327,0.073,0.395,0.042,0.373,-0.457,0.185,0.063,-0.353,-0.195,0.034,-0.256,0.094,0.042,-0.245,0.206,-0.809,0.461,-0.182,0.813,0.625,0.015,-0.299,-0.365,0.697,0.159,-0.275,0.698,0.133,0.283,-0.182,-0.122,0.718,0.553,0.511,-0.321,0.187,0.289,0.086,0.024,-0.261,-0.092,0.419,-0.242,-0.354,0.563,0.795,0.122,-0.108,0.404,0.056,0.27,0.001,0.793,0.686,0.141,-0.162,0.108,-0.627,-0.624,0.53,0.598,0.312,-0.244,0.311,-0.5,0.11,-0.399,0.615,0.121,-0.174,-0.4,0.456,0.387,-0.22,-0.017,0.325,0.3,-0.184,0.027,0.481,-0.366,0.443,-0.427,-0.221,0.326,0.149,0.042,0.302,0.691,-0.368,0.356,0.269,0.748,-0.135,-0.211,0.339,-0.06,-0.36,0.476,-0.529,0.593,0.167,0.131,-0.182,0.277,-0.186,-0.21,0.083,-0.08,0.274,-0.221,-0.405,-0.572,0.747,0.004,-0.045,0.163,-0.09,-0.119,-0.069,-0.212,0.521,0.003,0.523,0.168,-0.055,0.276,0.435,0.431,-0.623,-0.291,-0.081,0.448,-0.489,0.278,0.288,-0.346,0.55,0.496,0.258,-0.616,-0.112,0.316,-0.418,0.189,-0.006,0.411,0.037,0.306,0.674,0.624,-0.122
BLUE,0.185,0.07,0.568,0.423,-0.052,0.635,0.593,0.644,-0.201,0.534,-0.303,0.046,0.568,0.239,0.075,0.567,-0.182,0.569,0.46,-0.197,0.148,0.051,-0.123,0.637,0.576,-0.533,0.617,-0.411,0.629,-0.349,0.0,0.198,0.457,0.225,0.549,0.335,0.27,0.594,-0.304,0.421,-0.092,0.244,0.452,-0.352,0.397,0.682,-0.335,0.455,-0.291,0.276,0.644,-0.628,0.691,0.375,-0.562,0.076,0.126,0.545,0.66,0.488,-0.601,0.263,0.497,0.256,-0.174,0.74,-0.265,0.155,-0.494,0.732,0.596,0.097,0.535,0.651,-0.27,0.552,0.117,0.52,-0.386,-0.257,-0.458,0.199,0.334,0.343,0.453,0.573,0.432,0.734,0.462,0.37,0.825,0.749,-0.261,-0.376,0.571,-0.514,0.458,0.638,0.522,0.631,-0.44,-0.42,0.616,-0.281,-0.633,0.126,0.345,0.27,0.192,0.504,0.517,0.3,-0.075,0.584,0.831,-0.348,0.611,0.571,-0.074,0.371,0.331,0.692,-0.422,0.483,0.467,0.772,0.122,-0.045,0.46,0.483,0.527,-0.182,0.329,-0.106,0.242,0.465,0.049,-0.451,0.373,0.095,0.001,0.343,0.378,0.363,0.78,0.207,0.353,0.285,0.22,0.508,-0.643,0.727,0.418,0.465,0.037,0.673,-0.075,-0.522,0.149,0.049,0.23,0.049,0.465,0.659,-0.078,-0.32,0.643,0.641,0.718,0.318,-0.244,0.311,-0.44,0.552,0.244,0.051,-0.646,0.676,0.581,-0.536,0.319,0.726,0.36,0.466,0.503,0.297,0.229,0.627,0.465,0.539,0.364,0.319,0.553,0.292,-0.353,0.597,0.393,0.154,-0.341,-0.579
