,AAL,AAON,ACB,ACGL,ACGLO,ACIW,ADBE,ADSK,AEP,AGIO,ALEC,ALNY,ALTR,AMBA,AMCX,AMKR,AMRX,ANSS,APPN,APTO,ARCT,ARWR,ASND,ASTH,ATSG,AVTX,BCPC,BEAM,BILI,BJRI,BLUE,BPOP,BRKL,BWIN,BZUN,CARG,CBRL,CBSH,CBUS,CENTA,CERS,CFFN,CHCO,CHEF,CHRD,CINF,CLLS,CMCO,CMCSA,COLL,COMM,COOP,CPB,CRON,CROX,CRUS,CRWD,CTAS,CYBR,CYTK,DGII,DIOD,DOMO,DPZ,DSGR,DXCM,ERIE,ESTA,EXEL,FAST,FCEL,FCFS,FHB,FITBI,FSV,FTDR,FUTU,GLDD,GLPG,GLPI,GOGO,GOSS,GSAT,GYRE,HALO,HAS,HLIT,HLNE,HSDT,HSIC,HTHT,ICHR,IDYA,IMVT,INDB,INSM,IONS,IOSP,ITRI,JBHT,JBLU,JSM,KLIC,KOD,KURA,LAB,LASR,LIN,LKQ,LNT,MBUU,MCRI,MDGL,MEDP,MGNI,MGPI,MGRC,MKTX,MRNA,MRTN,MSEX,MSFT,MU,NAVI,NBTB,NEO,NEOG,NGNE,NSSC,NTAP,NTES,NTLA,NTRS,NYMTN,OBLG,OCFC,ON,ONC,OPI,OSIS,OSW,PALI,PANW,PCAR,PCRX,PCTY,PEBO,PLAB,PLAY,PLMR,PLSE,PLUS,PRTA,PSEC,PSNL,PTCT,PTON,QNST,QRVO,QTTB,RARE,RBCAA,RGNX,SAIC,SGMO,SINT,SNPS,SPSC,SPTN,SSYS,STNE,TBBK,TCPC,TENB,TGTX,TREE,TRUP,TTWO,TW,TXG,UBSI,UCTT,UFPT,UMBF,UPBD,URBN,VBTX,VCTR,VEON,VNET,VRSK,VSEC,WABC,WTFCM,WVE,WW,WWD,XEL,ZD,ZYME
AAL,0.0,-0.223,0.222,0.212,0.011,0.132,-0.063,0.007,-0.054,-0.242,0.406,-0.326,-0.094,0.089,0.765,0.019,0.555,-0.279,0.363,-0.18,0.21,-0.025,-0.286,-0.16,0.118,0.523,0.084,0.821,-0.406,0.108,0.09,0.033,0.228,0.662,-0.156,0.689,0.501,-0.234,0.32,-0.542,-0.493,-0.258,-0.309,0.272,0.241,0.008,-0.232,0.633,-0.194,-0.098,0.154,0.239,-0.63,0.269,-0.009,-0.211,-0.258,0.259,0.503,-0.358,-0.144,-0.316,-0.029,-0.182,0.468,-0.374,-0.415,-0.074,-0.3,-0.206,0.439,0.16,0.678,-0.251,0.048,0.574,-0.547,-0.246,-0.469,0.334,0.626,-0.267,0.685,0.245,-0.046,-0.428,-0.158,-0.052,0.413,0.303,0.068,0.235,0.347,-0.474,-0.497,0.177,-0.34,0.271,0.178,-0.29,0.922,0.019,-0.186,0.179,0.083,0.495,0.159,-0.127,0.157,-0.196,0.652,0.169,0.185,-0.27,0.733,-0.343,0.244,-0.393,-0.452,-0.105,-0.257,-0.401,0.062,0.663,-0.011,0.18,-0.661,-0.321,0.575,-0.104,-0.443,0.143,-0.361,-0.178,0.548,-0.131,0.612,-0.43,0.1,-0.203,0.816,-0.302,-0.241,-0.444,-0.302,0.512,-0.019,-0.023,0.877,-0.051,-0.389,-0.186,-0.643,0.798,-0.512,-0.407,-0.418,0.048,0.045,0.093,-0.499,0.293,0.289,-0.397,-0.301,-0.296,-0.364,-0.594,-0.522,0.339,0.728,0.077,0.315,0.183,0.101,0.56,0.067,-0.649,-0.465,-0.192,-0.099,0.404,0.065,0.504,0.077,0.141,0.008,0.243,-0.38,-0.543,-0.432,0.649,-0.487,-0.143,0.622,0.06,0.613,-0.363,-0.292,-0.499
AAON,-0.223,0.0,0.303,0.508,-0.035,0.197,0.019,-0.041,0.245,-0.168,0.094,-0.098,-0.018,0.105,0.14,0.104,-0.023,0.051,-0.177,-0.229,-0.357,-0.111,-0.065,0.261,0.177,-0.239,0.668,-0.162,-0.026,0.089,-0.294,0.45,0.511,0.234,0.015,-0.05,-0.146,0.192,-0.195,0.172,0.103,0.373,0.562,0.012,0.124,0.153,-0.17,0.164,0.274,-0.005,0.176,0.039,0.028,0.037,-0.041,0.164,-0.181,0.022,-0.18,0.052,0.36,0.146,-0.127,-0.077,0.107,-0.133,0.221,0.066,-0.128,-0.015,-0.201,0.354,0.116,0.135,0.008,0.058,0.167,0.623,0.131,0.229,0.025,0.008,-0.023,-0.021,-0.023,0.212,-0.114,0.341,-0.185,0.044,-0.26,0.105,-0.045,-0.024,0.352,-0.123,0.024,0.403,0.058,0.05,-0.237,0.078,0.045,-0.055,-0.144,0.022,-0.056,0.196,0.288,0.253,-0.063,0.31,-0.308,0.157,0.036,0.096,0.43,-0.035,-0.195,0.177,0.52,0.084,0.323,0.189,0.504,-0.058,0.462,-0.013,-0.026,0.392,-0.066,-0.193,0.333,0.155,0.111,0.579,-0.05,-0.028,0.493,0.217,-0.17,-0.099,-0.075,0.117,0.055,0.079,0.462,0.24,0.021,0.045,0.466,0.253,0.165,0.15,0.079,-0.039,-0.056,0.105,0.174,0.388,-0.019,0.367,-0.152,0.106,-0.016,-0.066,0.004,0.228,0.038,0.104,0.061,0.167,-0.074,-0.08,-0.24,-0.097,-0.03,0.119,-0.044,-0.17,0.24,0.074,-0.052,0.382,0.082,0.075,0.471,0.253,0.251,0.116,0.237,-0.172,0.309,0.057,-0.13,0.082,0.214,0.156,0.336,0.142
ACB,0.222,0.303,0.0,0.486,-0.351,-0.17,-0.577,-0.537,0.004,-0.617,-0.024,-0.563,-0.577,0.001,0.26,-0.407,-0.398,-0.471,-0.262,-0.631,-0.525,-0.555,-0.55,-0.146,-0.314,-0.545,0.249,0.279,-0.61,-0.311,-0.515,0.319,0.376,0.433,-0.457,0.01,-0.58,-0.398,-0.191,-0.497,-0.348,0.123,0.226,-0.31,0.264,-0.407,-0.589,0.269,-0.337,-0.474,-0.163,-0.138,-0.541,0.29,-0.406,-0.335,-0.513,-0.27,-0.12,-0.423,-0.089,-0.417,-0.544,-0.605,-0.092,-0.461,-0.202,-0.233,-0.377,-0.545,-0.176,-0.114,0.206,-0.183,-0.1,0.01,-0.353,0.163,-0.258,0.224,0.113,-0.517,0.324,-0.317,-0.344,-0.226,-0.416,0.146,0.312,-0.009,-0.452,-0.16,-0.139,-0.445,-0.093,-0.246,-0.31,-0.01,-0.115,-0.426,0.125,-0.095,-0.396,-0.425,-0.37,0.605,-0.421,-0.324,0.319,-0.16,0.221,0.144,-0.523,-0.445,0.101,-0.54,0.375,-0.503,-0.525,-0.426,-0.12,-0.504,-0.114,0.286,0.331,-0.459,-0.115,-0.492,-0.28,0.012,-0.75,-0.45,-0.137,-0.345,0.313,0.47,-0.229,-0.652,0.198,-0.341,0.046,-0.667,-0.602,-0.366,-0.45,-0.069,0.23,-0.374,0.338,-0.003,0.109,-0.013,-0.392,0.343,-0.395,-0.612,-0.57,-0.324,-0.251,0.195,-0.578,0.243,-0.236,-0.149,-0.497,-0.228,-0.548,-0.239,-0.645,-0.244,0.131,-0.044,-0.179,-0.114,-0.336,-0.145,-0.562,-0.521,-0.569,-0.454,-0.277,-0.149,-0.477,0.273,-0.356,-0.445,0.318,0.784,-0.432,-0.4,-0.253,0.052,-0.075,-0.153,0.353,-0.416,0.453,-0.293,-0.175,-0.369
ACGL,0.212,0.508,0.486,0.0,0.372,0.581,0.121,0.207,0.69,-0.038,0.09,0.002,0.143,0.477,0.461,0.416,-0.102,0.23,0.239,-0.054,0.032,0.217,0.143,0.68,0.257,-0.034,0.553,0.02,0.066,0.489,-0.196,0.816,0.807,0.591,0.285,0.573,-0.002,0.402,0.257,0.184,0.316,0.669,0.669,0.441,-0.088,0.493,0.009,0.712,0.459,0.356,0.615,0.505,0.005,0.555,0.33,0.386,-0.068,0.487,0.307,0.239,0.553,0.332,0.233,0.03,0.472,0.031,0.255,0.355,-0.036,0.175,0.363,0.611,0.514,0.445,0.546,0.594,0.191,0.704,0.367,0.773,-0.136,0.228,0.142,0.462,0.218,0.415,0.154,0.784,-0.151,0.529,-0.391,0.603,0.437,0.079,0.519,0.313,0.286,0.712,0.528,0.263,0.33,0.564,0.318,0.268,0.227,0.212,0.362,0.534,0.836,0.628,0.44,0.68,-0.107,0.361,0.535,0.225,0.671,0.127,-0.197,0.294,0.649,0.219,0.601,0.752,0.693,0.129,0.075,0.112,0.394,0.728,-0.15,0.071,0.543,0.462,-0.015,0.774,0.434,0.015,0.85,0.46,0.351,0.003,0.148,0.325,0.236,0.644,0.767,0.402,0.404,0.285,0.568,0.665,0.115,0.56,0.18,-0.088,0.069,0.509,0.55,0.511,0.037,0.648,0.326,0.398,0.162,0.114,0.151,0.321,-0.34,0.316,0.56,0.695,0.474,0.454,0.043,0.431,0.209,0.032,0.029,0.11,0.477,0.531,0.296,0.754,0.488,0.409,0.852,0.294,0.328,0.016,0.4,0.268,0.426,0.478,-0.225,0.428,0.67,0.439,0.583,0.306
ACGLO,0.011,-0.035,-0.351,0.372,0.0,0.791,0.823,0.899,0.861,0.812,0.132,0.833,0.874,0.674,0.129,0.811,0.136,0.851,0.758,0.853,0.802,0.927,0.841,0.786,0.352,0.425,-0.141,-0.338,0.814,0.846,0.627,0.39,0.168,0.109,0.849,0.608,0.446,0.804,0.78,0.701,0.797,0.648,0.211,0.786,-0.764,0.858,0.868,0.443,0.744,0.902,0.766,0.852,0.658,0.571,0.943,0.837,0.75,0.813,0.728,0.858,0.796,0.735,0.922,0.768,0.432,0.795,0.586,0.853,0.725,0.88,0.803,0.565,0.31,0.838,0.905,0.644,0.507,0.311,0.791,0.565,-0.514,0.843,-0.022,0.9,0.854,0.701,0.884,0.745,-0.156,0.817,0.225,0.827,0.821,0.774,0.617,0.752,0.828,0.499,0.724,0.827,0.217,0.896,0.871,0.795,0.883,-0.269,0.908,0.849,0.62,0.851,0.436,0.504,0.708,0.852,0.47,0.838,0.011,0.767,0.68,0.535,0.499,0.825,0.497,0.381,0.065,0.737,0.083,0.836,0.513,0.757,0.626,0.723,0.53,0.917,-0.599,0.125,0.557,0.737,0.493,0.847,0.405,0.762,0.89,0.766,0.877,0.727,0.459,0.761,-0.003,0.686,0.286,0.812,0.622,0.161,0.761,0.732,0.738,0.852,0.838,-0.165,0.766,0.307,0.827,0.783,0.842,0.669,0.856,0.678,0.474,0.638,0.394,0.819,0.882,0.866,0.749,0.68,0.832,0.647,0.738,0.896,0.684,0.701,0.877,0.317,0.871,0.797,0.422,-0.527,0.658,0.584,0.693,0.321,0.528,0.835,-0.562,0.835,0.102,0.852,0.734,0.733
ACIW,0.132,0.197,-0.17,0.581,0.791,0.0,0.588,0.753,0.769,0.633,0.301,0.575,0.74,0.652,0.326,0.883,0.182,0.672,0.517,0.516,0.525,0.774,0.681,0.796,0.659,0.382,0.329,-0.148,0.642,0.927,0.358,0.72,0.584,0.349,0.738,0.673,0.531,0.857,0.63,0.665,0.685,0.678,0.428,0.866,-0.36,0.812,0.598,0.679,0.787,0.846,0.884,0.74,0.362,0.531,0.84,0.687,0.513,0.905,0.69,0.687,0.783,0.772,0.665,0.55,0.742,0.459,0.486,0.68,0.504,0.655,0.649,0.866,0.562,0.644,0.844,0.634,0.539,0.521,0.657,0.69,-0.303,0.777,0.071,0.833,0.645,0.686,0.625,0.756,-0.352,0.704,0.252,0.88,0.783,0.41,0.618,0.798,0.724,0.757,0.874,0.723,0.37,0.778,0.764,0.654,0.61,-0.214,0.884,0.891,0.763,0.776,0.366,0.712,0.466,0.827,0.484,0.706,0.464,0.621,0.372,0.774,0.627,0.641,0.699,0.633,0.461,0.474,0.022,0.501,0.722,0.761,0.393,0.645,0.717,0.803,-0.346,0.405,0.717,0.563,0.749,0.848,0.398,0.541,0.712,0.72,0.675,0.818,0.753,0.823,0.289,0.438,0.418,0.715,0.487,0.312,0.503,0.506,0.401,0.805,0.795,0.243,0.575,0.497,0.676,0.641,0.717,0.267,0.639,0.576,0.152,0.682,0.618,0.859,0.7,0.699,0.58,0.738,0.739,0.384,0.549,0.639,0.885,0.83,0.813,0.675,0.91,0.896,0.692,-0.296,0.732,0.376,0.639,0.508,0.618,0.783,-0.462,0.87,0.542,0.691,0.648,0.658
ADBE,-0.063,0.019,-0.577,0.121,0.823,0.588,0.0,0.941,0.677,0.834,0.299,0.859,0.905,0.591,0.078,0.759,0.372,0.911,0.77,0.9,0.802,0.867,0.838,0.609,0.244,0.583,-0.071,-0.229,0.774,0.68,0.776,0.074,-0.128,0.009,0.788,0.424,0.566,0.664,0.755,0.65,0.646,0.441,0.011,0.619,-0.681,0.811,0.873,0.261,0.771,0.804,0.618,0.59,0.705,0.462,0.822,0.853,0.818,0.699,0.629,0.775,0.691,0.676,0.872,0.846,0.315,0.786,0.635,0.694,0.683,0.909,0.702,0.437,0.159,0.64,0.623,0.483,0.446,0.078,0.642,0.305,-0.324,0.794,0.007,0.766,0.858,0.508,0.869,0.538,-0.081,0.612,0.408,0.686,0.649,0.76,0.426,0.656,0.726,0.44,0.568,0.768,0.077,0.636,0.836,0.868,0.841,-0.407,0.781,0.751,0.3,0.683,0.286,0.239,0.826,0.785,0.362,0.791,-0.138,0.753,0.732,0.509,0.489,0.85,0.487,0.155,-0.137,0.79,0.269,0.823,0.456,0.58,0.751,0.829,0.387,0.756,-0.44,-0.197,0.532,0.788,0.238,0.729,0.299,0.838,0.869,0.646,0.8,0.533,0.212,0.788,-0.103,0.593,0.238,0.633,0.577,0.03,0.726,0.777,0.77,0.692,0.791,-0.251,0.734,0.101,0.732,0.587,0.784,0.588,0.865,0.507,0.679,0.736,0.29,0.54,0.739,0.756,0.708,0.57,0.858,0.71,0.73,0.813,0.486,0.599,0.813,0.101,0.709,0.73,0.091,-0.645,0.576,0.685,0.649,0.269,0.332,0.638,-0.413,0.737,-0.136,0.713,0.666,0.623
ADSK,0.007,-0.041,-0.537,0.207,0.899,0.753,0.941,0.0,0.743,0.882,0.32,0.875,0.95,0.621,0.138,0.853,0.341,0.913,0.757,0.89,0.828,0.941,0.865,0.679,0.383,0.598,-0.047,-0.224,0.822,0.82,0.755,0.234,0.026,0.053,0.825,0.539,0.625,0.772,0.81,0.713,0.717,0.536,0.084,0.757,-0.647,0.863,0.896,0.384,0.806,0.895,0.734,0.713,0.675,0.52,0.906,0.855,0.82,0.811,0.716,0.842,0.746,0.756,0.899,0.832,0.474,0.784,0.637,0.755,0.733,0.918,0.743,0.574,0.294,0.686,0.753,0.557,0.492,0.171,0.699,0.414,-0.36,0.867,-0.006,0.851,0.879,0.596,0.882,0.616,-0.168,0.698,0.423,0.769,0.776,0.746,0.491,0.77,0.787,0.528,0.714,0.82,0.188,0.731,0.873,0.881,0.873,-0.388,0.893,0.83,0.426,0.758,0.345,0.36,0.827,0.858,0.396,0.841,-0.014,0.79,0.723,0.629,0.515,0.852,0.535,0.264,-0.001,0.765,0.161,0.816,0.57,0.645,0.712,0.878,0.472,0.832,-0.484,-0.081,0.62,0.8,0.342,0.822,0.367,0.841,0.908,0.72,0.845,0.656,0.35,0.83,-0.003,0.595,0.263,0.688,0.586,0.083,0.724,0.789,0.732,0.782,0.827,-0.169,0.766,0.219,0.803,0.66,0.847,0.559,0.871,0.561,0.57,0.755,0.387,0.671,0.794,0.81,0.781,0.67,0.903,0.67,0.746,0.874,0.652,0.7,0.898,0.254,0.831,0.835,0.227,-0.643,0.653,0.614,0.684,0.391,0.441,0.729,-0.457,0.837,0.024,0.764,0.705,0.687
AEP,-0.054,0.245,0.004,0.69,0.861,0.769,0.677,0.743,0.0,0.605,0.086,0.652,0.702,0.692,0.171,0.739,-0.061,0.782,0.618,0.625,0.577,0.741,0.704,0.875,0.229,0.2,0.116,-0.353,0.647,0.772,0.394,0.598,0.377,0.259,0.744,0.553,0.189,0.756,0.688,0.634,0.756,0.811,0.493,0.683,-0.651,0.82,0.659,0.547,0.79,0.793,0.797,0.765,0.58,0.732,0.812,0.821,0.583,0.752,0.593,0.79,0.853,0.697,0.767,0.607,0.414,0.676,0.664,0.796,0.561,0.757,0.679,0.613,0.325,0.829,0.869,0.634,0.509,0.531,0.793,0.66,-0.527,0.722,-0.002,0.81,0.748,0.698,0.761,0.931,-0.184,0.783,-0.011,0.823,0.738,0.692,0.737,0.642,0.8,0.626,0.731,0.766,0.134,0.854,0.804,0.69,0.742,-0.164,0.772,0.85,0.793,0.946,0.43,0.572,0.461,0.786,0.457,0.756,0.223,0.678,0.493,0.469,0.705,0.757,0.629,0.479,0.325,0.545,0.214,0.717,0.405,0.895,0.419,0.552,0.64,0.88,-0.488,0.407,0.471,0.603,0.678,0.829,0.314,0.589,0.728,0.733,0.761,0.714,0.637,0.73,0.031,0.648,0.54,0.92,0.558,0.257,0.695,0.532,0.639,0.774,0.85,0.027,0.622,0.424,0.715,0.81,0.709,0.63,0.745,0.701,0.275,0.571,0.432,0.844,0.837,0.846,0.547,0.572,0.676,0.561,0.611,0.719,0.642,0.691,0.734,0.448,0.806,0.701,0.65,-0.276,0.616,0.54,0.763,0.287,0.594,0.819,-0.568,0.737,0.256,0.882,0.837,0.693
AGIO,-0.242,-0.168,-0.617,-0.038,0.812,0.633,0.834,0.882,0.605,0.0,0.135,0.924,0.88,0.554,-0.178,0.791,0.078,0.896,0.546,0.908,0.769,0.897,0.922,0.594,0.36,0.377,-0.187,-0.464,0.926,0.742,0.71,0.146,-0.137,-0.241,0.818,0.255,0.448,0.807,0.706,0.831,0.791,0.498,0.038,0.679,-0.636,0.735,0.922,0.108,0.765,0.872,0.642,0.531,0.79,0.416,0.883,0.793,0.928,0.711,0.576,0.886,0.638,0.814,0.821,0.867,0.312,0.848,0.715,0.639,0.837,0.905,0.599,0.439,0.01,0.631,0.688,0.249,0.684,0.033,0.761,0.2,-0.578,0.916,-0.136,0.697,0.799,0.655,0.906,0.476,-0.33,0.539,0.576,0.618,0.64,0.781,0.568,0.768,0.887,0.29,0.68,0.856,-0.022,0.608,0.887,0.702,0.707,-0.563,0.802,0.76,0.3,0.664,-0.009,0.24,0.761,0.854,0.051,0.87,-0.107,0.91,0.887,0.617,0.381,0.876,0.424,-0.027,-0.065,0.609,0.222,0.792,0.364,0.515,0.835,0.82,0.532,0.766,-0.664,-0.189,0.411,0.914,0.201,0.781,0.037,0.882,0.944,0.813,0.832,0.392,0.234,0.751,-0.236,0.495,0.197,0.574,0.759,-0.239,0.78,0.892,0.757,0.624,0.7,-0.251,0.919,-0.056,0.662,0.715,0.944,0.543,0.918,0.685,0.66,0.535,0.152,0.513,0.626,0.674,0.799,0.451,0.811,0.774,0.905,0.914,0.641,0.545,0.843,0.015,0.748,0.739,0.136,-0.718,0.701,0.789,0.733,0.251,0.557,0.712,-0.638,0.742,-0.151,0.751,0.564,0.76
ALEC,0.406,0.094,-0.024,0.09,0.132,0.301,0.299,0.32,0.086,0.135,0.0,0.177,0.306,0.239,0.623,0.279,0.499,0.188,0.391,0.097,0.234,0.2,0.12,-0.023,0.235,0.478,0.27,0.535,-0.069,0.23,0.499,0.082,0.115,0.34,-0.082,0.323,0.515,0.063,0.398,-0.027,-0.123,0.006,-0.317,0.172,0.041,0.178,0.172,0.47,0.141,0.128,0.192,0.127,-0.197,0.323,0.168,0.134,0.244,0.32,0.558,0.079,0.307,-0.002,0.047,0.229,0.459,0.013,0.239,0.159,0.287,0.079,0.355,0.345,0.622,-0.199,0.029,0.376,-0.311,-0.137,-0.118,0.107,0.422,0.165,0.39,0.266,0.385,-0.133,0.115,0.084,0.362,0.179,0.326,0.253,0.355,-0.105,-0.242,0.439,0.043,0.297,0.246,-0.011,0.317,0.051,0.079,0.47,0.236,0.205,0.211,0.159,0.039,-0.048,0.424,-0.076,0.521,0.116,0.451,-0.038,0.294,-0.062,0.05,0.236,0.083,-0.013,0.128,0.303,-0.097,0.257,-0.047,-0.02,0.432,-0.009,-0.161,0.498,-0.151,-0.003,0.321,-0.145,0.456,-0.036,-0.037,0.037,0.417,0.037,0.036,-0.097,0.105,0.326,0.096,0.281,0.48,0.246,0.002,-0.04,-0.12,0.286,-0.105,0.03,-0.26,0.187,0.185,-0.079,-0.106,0.357,0.479,-0.163,0.121,-0.086,-0.02,-0.266,0.034,0.687,0.424,0.106,0.17,0.285,0.467,0.565,0.238,-0.147,-0.155,0.151,0.205,0.279,0.229,0.408,0.144,0.291,-0.028,-0.044,-0.141,0.018,-0.064,0.644,-0.118,0.007,0.42,0.298,0.267,-0.115,0.001,-0.025
ALNY,-0.326,-0.098,-0.563,0.002,0.833,0.575,0.859,0.875,0.652,0.924,0.177,0.0,0.907,0.561,-0.165,0.696,0.069,0.903,0.628,0.933,0.758,0.881,0.905,0.578,0.195,0.334,-0.264,-0.49,0.89,0.66,0.796,0.109,-0.152,-0.251,0.757,0.186,0.349,0.742,0.651,0.813,0.813,0.564,0.032,0.548,-0.763,0.71,0.968,0.07,0.689,0.815,0.55,0.587,0.838,0.392,0.828,0.793,0.922,0.596,0.565,0.92,0.736,0.711,0.835,0.871,0.149,0.935,0.756,0.744,0.901,0.898,0.563,0.371,0.057,0.671,0.664,0.304,0.571,0.128,0.794,0.183,-0.579,0.886,-0.187,0.663,0.891,0.652,0.907,0.523,-0.129,0.533,0.452,0.546,0.607,0.872,0.572,0.662,0.866,0.238,0.532,0.801,-0.172,0.662,0.828,0.758,0.822,-0.412,0.726,0.72,0.269,0.672,0.135,0.151,0.794,0.82,0.086,0.842,-0.205,0.85,0.936,0.491,0.393,0.871,0.271,-0.064,-0.134,0.666,0.349,0.895,0.228,0.553,0.79,0.787,0.431,0.774,-0.685,-0.102,0.27,0.874,0.13,0.753,0.07,0.881,0.915,0.772,0.917,0.352,0.249,0.656,-0.319,0.677,0.243,0.64,0.783,-0.262,0.856,0.918,0.791,0.64,0.64,-0.394,0.884,0.081,0.724,0.748,0.915,0.706,0.903,0.697,0.778,0.578,0.001,0.577,0.611,0.713,0.817,0.419,0.761,0.82,0.822,0.943,0.588,0.389,0.767,-0.005,0.663,0.641,0.131,-0.692,0.618,0.799,0.701,0.187,0.547,0.683,-0.578,0.698,-0.29,0.789,0.622,0.788
ALTR,-0.094,-0.018,-0.577,0.143,0.874,0.74,0.905,0.95,0.702,0.88,0.306,0.907,0.0,0.547,0.064,0.817,0.335,0.896,0.697,0.885,0.825,0.945,0.879,0.655,0.361,0.567,-0.078,-0.307,0.846,0.816,0.776,0.215,0.027,-0.023,0.804,0.442,0.605,0.798,0.745,0.76,0.733,0.504,0.058,0.718,-0.648,0.831,0.911,0.318,0.783,0.881,0.693,0.671,0.704,0.416,0.878,0.798,0.835,0.76,0.664,0.857,0.758,0.74,0.894,0.865,0.426,0.78,0.639,0.776,0.775,0.892,0.66,0.547,0.282,0.662,0.705,0.524,0.499,0.242,0.69,0.308,-0.368,0.893,-0.048,0.829,0.882,0.579,0.865,0.561,-0.216,0.611,0.415,0.71,0.733,0.74,0.492,0.723,0.79,0.471,0.651,0.779,0.062,0.695,0.828,0.851,0.86,-0.43,0.873,0.813,0.347,0.713,0.288,0.274,0.824,0.846,0.345,0.871,-0.087,0.782,0.754,0.603,0.506,0.828,0.464,0.183,-0.044,0.698,0.174,0.834,0.525,0.615,0.734,0.823,0.464,0.853,-0.525,-0.059,0.543,0.836,0.308,0.813,0.291,0.855,0.906,0.718,0.87,0.605,0.351,0.811,-0.057,0.565,0.277,0.623,0.618,0.008,0.706,0.812,0.724,0.78,0.768,-0.215,0.796,0.237,0.785,0.632,0.873,0.574,0.859,0.586,0.668,0.753,0.277,0.664,0.74,0.726,0.766,0.635,0.912,0.696,0.753,0.865,0.694,0.617,0.897,0.227,0.822,0.832,0.207,-0.726,0.659,0.64,0.63,0.366,0.43,0.695,-0.496,0.858,-0.059,0.74,0.645,0.71
AMBA,0.089,0.105,0.001,0.477,0.674,0.652,0.591,0.621,0.692,0.554,0.239,0.561,0.547,0.0,0.251,0.643,0.013,0.648,0.601,0.523,0.499,0.598,0.584,0.599,0.304,0.211,0.172,-0.071,0.511,0.641,0.378,0.522,0.262,0.31,0.637,0.542,0.251,0.551,0.634,0.48,0.624,0.676,0.293,0.603,-0.496,0.635,0.569,0.515,0.567,0.647,0.68,0.626,0.367,0.675,0.729,0.748,0.546,0.69,0.676,0.578,0.666,0.62,0.568,0.454,0.305,0.553,0.51,0.592,0.546,0.596,0.732,0.526,0.332,0.6,0.75,0.515,0.464,0.224,0.68,0.721,-0.471,0.608,0.138,0.63,0.673,0.627,0.64,0.715,-0.015,0.716,0.36,0.718,0.627,0.444,0.554,0.756,0.672,0.565,0.718,0.634,0.289,0.729,0.716,0.597,0.637,0.071,0.608,0.683,0.718,0.63,0.374,0.67,0.483,0.624,0.389,0.447,0.374,0.538,0.466,0.458,0.443,0.615,0.508,0.475,0.253,0.562,0.246,0.503,0.355,0.673,0.383,0.639,0.509,0.561,-0.451,0.244,0.53,0.418,0.53,0.624,0.352,0.485,0.613,0.604,0.595,0.503,0.605,0.6,0.172,0.574,0.441,0.76,0.527,0.141,0.626,0.511,0.402,0.614,0.711,-0.002,0.511,0.276,0.677,0.696,0.597,0.416,0.595,0.481,0.155,0.595,0.426,0.693,0.638,0.82,0.623,0.562,0.462,0.431,0.467,0.636,0.523,0.587,0.597,0.354,0.569,0.547,0.525,-0.058,0.469,0.521,0.621,0.379,0.568,0.759,-0.294,0.596,0.333,0.602,0.592,0.583
AMCX,0.765,0.14,0.26,0.461,0.129,0.326,0.078,0.138,0.171,-0.178,0.623,-0.165,0.064,0.251,0.0,0.256,0.464,-0.058,0.445,-0.118,0.117,0.046,-0.114,0.073,0.284,0.427,0.391,0.685,-0.266,0.254,0.159,0.338,0.425,0.707,-0.067,0.676,0.482,-0.038,0.342,-0.29,-0.251,0.001,-0.09,0.291,0.091,0.212,-0.103,0.786,0.012,0.054,0.301,0.326,-0.506,0.359,0.12,0.055,-0.121,0.362,0.566,-0.14,0.209,-0.105,-0.002,-0.071,0.58,-0.238,-0.109,0.16,-0.115,-0.07,0.463,0.434,0.796,-0.146,0.163,0.627,-0.423,0.034,-0.233,0.481,0.53,-0.071,0.472,0.349,0.148,-0.121,-0.062,0.245,0.37,0.387,-0.002,0.413,0.414,-0.28,-0.287,0.294,-0.162,0.473,0.244,-0.107,0.71,0.187,-0.025,0.297,0.194,0.484,0.227,0.141,0.36,0.024,0.718,0.284,0.236,-0.0,0.806,-0.199,0.441,-0.278,-0.337,0.147,0.11,-0.181,0.278,0.782,0.103,0.258,-0.275,-0.196,0.621,0.13,-0.388,0.207,-0.118,0.002,0.531,0.128,0.633,-0.361,0.31,0.029,0.754,-0.218,-0.118,-0.219,-0.116,0.553,0.283,0.218,0.8,0.139,-0.035,0.072,-0.395,0.685,-0.3,-0.301,-0.364,0.238,0.263,0.121,-0.367,0.494,0.425,-0.206,-0.167,-0.175,-0.192,-0.354,-0.383,0.493,0.744,0.251,0.331,0.301,0.197,0.682,0.135,-0.433,-0.363,-0.077,0.136,0.444,0.17,0.647,0.218,0.282,0.261,0.327,-0.187,-0.335,-0.139,0.567,-0.23,0.041,0.482,0.245,0.662,-0.151,0.032,-0.215
AMKR,0.019,0.104,-0.407,0.416,0.811,0.883,0.759,0.853,0.739,0.791,0.279,0.696,0.817,0.643,0.256,0.0,0.169,0.836,0.569,0.687,0.624,0.834,0.832,0.82,0.643,0.438,0.293,-0.239,0.79,0.939,0.476,0.579,0.334,0.166,0.845,0.595,0.591,0.891,0.713,0.777,0.743,0.606,0.327,0.879,-0.45,0.91,0.71,0.56,0.894,0.939,0.894,0.621,0.525,0.515,0.914,0.834,0.7,0.926,0.664,0.774,0.729,0.899,0.748,0.717,0.714,0.588,0.643,0.663,0.582,0.82,0.695,0.813,0.351,0.611,0.796,0.488,0.654,0.32,0.71,0.535,-0.383,0.87,-0.044,0.848,0.7,0.729,0.759,0.723,-0.426,0.639,0.367,0.902,0.756,0.55,0.595,0.855,0.81,0.697,0.87,0.856,0.28,0.698,0.896,0.71,0.638,-0.443,0.908,0.948,0.65,0.79,0.196,0.563,0.591,0.922,0.394,0.816,0.335,0.8,0.533,0.856,0.668,0.812,0.806,0.472,0.276,0.528,0.156,0.571,0.725,0.687,0.625,0.734,0.744,0.824,-0.393,0.151,0.742,0.722,0.626,0.877,0.293,0.707,0.851,0.824,0.7,0.694,0.572,0.946,0.159,0.363,0.401,0.693,0.594,0.111,0.606,0.618,0.573,0.78,0.904,0.14,0.724,0.236,0.677,0.645,0.806,0.303,0.811,0.62,0.328,0.662,0.577,0.707,0.716,0.709,0.649,0.725,0.847,0.574,0.753,0.732,0.831,0.845,0.908,0.454,0.931,0.947,0.507,-0.434,0.802,0.575,0.79,0.385,0.602,0.789,-0.581,0.906,0.356,0.737,0.696,0.726
AMRX,0.555,-0.023,-0.398,-0.102,0.136,0.182,0.372,0.341,-0.061,0.078,0.499,0.069,0.335,0.013,0.464,0.169,0.0,0.056,0.415,0.181,0.4,0.268,0.0,-0.096,0.24,0.841,0.09,0.533,-0.039,0.189,0.409,-0.241,0.007,0.334,0.082,0.451,0.792,-0.004,0.287,-0.163,-0.251,-0.269,-0.336,0.251,0.146,0.198,0.111,0.304,0.076,0.103,0.121,0.264,-0.169,-0.084,0.118,0.013,0.014,0.256,0.381,-0.075,0.033,-0.082,0.267,0.191,0.383,-0.093,-0.204,0.049,-0.088,0.107,0.304,0.184,0.493,-0.106,-0.048,0.469,-0.316,-0.109,-0.287,0.085,0.608,0.045,0.4,0.319,0.188,-0.319,0.037,-0.161,0.19,0.151,0.292,0.181,0.253,-0.144,-0.357,0.116,-0.21,0.331,0.085,-0.104,0.454,0.003,-0.018,0.461,0.299,0.026,0.288,0.054,-0.2,-0.096,0.411,-0.005,0.448,0.004,0.544,0.045,-0.05,-0.128,-0.11,0.123,-0.0,-0.058,0.078,0.279,-0.14,0.432,-0.297,0.065,0.557,-0.042,0.072,0.389,-0.268,0.052,0.347,-0.306,0.557,0.043,-0.032,0.013,0.593,0.131,0.084,-0.248,0.027,0.422,-0.105,0.221,0.458,-0.029,-0.259,-0.149,-0.301,0.51,-0.185,0.042,-0.002,0.208,0.128,0.035,-0.134,0.273,0.306,-0.309,-0.008,-0.1,-0.026,-0.393,0.131,0.58,0.398,0.077,0.261,0.111,0.139,0.436,0.398,-0.18,-0.143,0.005,0.065,0.311,0.276,0.285,0.19,0.328,-0.21,-0.337,-0.07,-0.204,-0.287,0.463,-0.423,-0.126,0.409,0.282,0.124,-0.159,-0.065,-0.223
ANSS,-0.279,0.051,-0.471,0.23,0.851,0.672,0.911,0.913,0.782,0.896,0.188,0.903,0.896,0.648,-0.058,0.836,0.056,0.0,0.619,0.887,0.72,0.876,0.939,0.758,0.281,0.343,-0.006,-0.457,0.883,0.768,0.639,0.293,-0.028,-0.099,0.85,0.329,0.368,0.806,0.722,0.838,0.845,0.611,0.202,0.656,-0.726,0.85,0.896,0.254,0.874,0.896,0.712,0.555,0.818,0.541,0.888,0.94,0.887,0.728,0.547,0.897,0.777,0.858,0.848,0.843,0.326,0.849,0.79,0.748,0.789,0.938,0.63,0.508,0.044,0.722,0.735,0.362,0.665,0.219,0.834,0.335,-0.589,0.904,-0.175,0.761,0.844,0.717,0.911,0.694,-0.29,0.587,0.336,0.728,0.65,0.834,0.642,0.745,0.895,0.449,0.679,0.895,-0.064,0.703,0.935,0.766,0.778,-0.512,0.799,0.87,0.463,0.811,0.122,0.322,0.71,0.904,0.192,0.885,-0.022,0.898,0.802,0.619,0.612,0.956,0.6,0.112,0.008,0.608,0.371,0.822,0.382,0.67,0.777,0.763,0.621,0.85,-0.639,-0.023,0.443,0.867,0.366,0.835,0.095,0.87,0.928,0.853,0.864,0.479,0.372,0.843,-0.215,0.583,0.459,0.759,0.757,-0.158,0.837,0.805,0.814,0.737,0.853,-0.176,0.869,0.06,0.681,0.764,0.892,0.616,0.953,0.73,0.642,0.618,0.224,0.627,0.7,0.761,0.722,0.507,0.814,0.834,0.868,0.879,0.626,0.6,0.856,0.093,0.777,0.759,0.27,-0.598,0.724,0.802,0.842,0.189,0.59,0.796,-0.651,0.791,-0.091,0.842,0.783,0.817
APPN,0.363,-0.177,-0.262,0.239,0.758,0.517,0.77,0.757,0.618,0.546,0.391,0.628,0.697,0.601,0.445,0.569,0.415,0.619,0.0,0.713,0.751,0.687,0.561,0.415,0.091,0.596,-0.196,0.132,0.444,0.555,0.773,0.067,-0.032,0.311,0.577,0.653,0.566,0.383,0.803,0.244,0.366,0.337,-0.132,0.544,-0.629,0.616,0.682,0.539,0.446,0.579,0.529,0.708,0.316,0.564,0.672,0.641,0.59,0.625,0.823,0.531,0.593,0.336,0.723,0.574,0.303,0.616,0.333,0.683,0.502,0.669,0.846,0.357,0.487,0.537,0.624,0.697,0.045,-0.043,0.404,0.437,-0.09,0.505,0.235,0.711,0.782,0.305,0.719,0.516,0.357,0.758,0.285,0.654,0.719,0.541,0.135,0.589,0.484,0.409,0.449,0.52,0.418,0.648,0.603,0.794,0.867,0.083,0.676,0.538,0.386,0.511,0.72,0.266,0.791,0.521,0.669,0.459,-0.131,0.433,0.496,0.254,0.218,0.532,0.262,0.454,-0.209,0.847,-0.02,0.623,0.503,0.494,0.379,0.736,0.078,0.549,-0.163,-0.161,0.592,0.379,0.19,0.519,0.661,0.527,0.61,0.333,0.582,0.634,0.218,0.54,0.254,0.688,0.005,0.564,0.205,0.366,0.457,0.475,0.488,0.602,0.644,-0.389,0.359,0.285,0.851,0.42,0.488,0.507,0.566,0.201,0.336,0.716,0.474,0.571,0.811,0.814,0.714,0.737,0.669,0.302,0.361,0.675,0.285,0.553,0.645,0.272,0.564,0.548,0.104,-0.336,0.207,0.323,0.338,0.471,0.06,0.517,-0.038,0.568,0.098,0.495,0.468,0.314
APTO,-0.18,-0.229,-0.631,-0.054,0.853,0.516,0.9,0.89,0.625,0.908,0.097,0.933,0.885,0.523,-0.118,0.687,0.181,0.887,0.713,0.0,0.852,0.884,0.89,0.542,0.166,0.453,-0.367,-0.418,0.868,0.642,0.791,-0.01,-0.269,-0.2,0.792,0.297,0.437,0.666,0.724,0.701,0.728,0.411,-0.075,0.584,-0.798,0.725,0.95,0.1,0.663,0.804,0.537,0.59,0.796,0.398,0.838,0.791,0.905,0.619,0.586,0.849,0.613,0.669,0.897,0.864,0.174,0.901,0.627,0.71,0.798,0.923,0.662,0.285,-0.003,0.685,0.666,0.35,0.508,-0.014,0.714,0.192,-0.518,0.823,-0.125,0.709,0.837,0.566,0.925,0.475,-0.107,0.591,0.426,0.588,0.62,0.865,0.449,0.643,0.787,0.215,0.502,0.8,-0.021,0.661,0.833,0.757,0.84,-0.459,0.77,0.684,0.242,0.65,0.192,0.147,0.824,0.768,0.19,0.823,-0.327,0.831,0.879,0.433,0.312,0.86,0.314,-0.011,-0.258,0.728,0.194,0.879,0.316,0.492,0.815,0.778,0.351,0.763,-0.63,-0.259,0.367,0.842,0.096,0.709,0.182,0.885,0.921,0.702,0.839,0.41,0.112,0.66,-0.266,0.608,0.11,0.601,0.654,-0.169,0.792,0.846,0.856,0.652,0.672,-0.428,0.84,-0.049,0.716,0.67,0.846,0.697,0.908,0.612,0.743,0.534,0.108,0.509,0.711,0.725,0.775,0.466,0.799,0.768,0.832,0.911,0.459,0.476,0.797,-0.088,0.671,0.644,0.019,-0.732,0.566,0.708,0.642,0.161,0.388,0.664,-0.541,0.676,-0.293,0.741,0.588,0.68
ARCT,0.21,-0.357,-0.525,0.032,0.802,0.525,0.802,0.828,0.577,0.769,0.234,0.758,0.825,0.499,0.117,0.624,0.4,0.72,0.751,0.852,0.0,0.873,0.72,0.465,0.159,0.689,-0.35,-0.094,0.647,0.668,0.784,-0.011,-0.145,0.036,0.655,0.545,0.608,0.559,0.82,0.471,0.491,0.291,-0.204,0.677,-0.617,0.707,0.813,0.3,0.551,0.745,0.596,0.674,0.537,0.464,0.782,0.6,0.759,0.696,0.744,0.67,0.508,0.502,0.892,0.805,0.345,0.688,0.452,0.639,0.657,0.778,0.785,0.311,0.268,0.526,0.631,0.612,0.252,-0.057,0.476,0.272,-0.236,0.702,0.204,0.809,0.778,0.311,0.8,0.387,-0.011,0.624,0.397,0.615,0.76,0.599,0.248,0.683,0.613,0.31,0.575,0.577,0.319,0.609,0.678,0.813,0.828,-0.246,0.805,0.593,0.237,0.535,0.388,0.137,0.866,0.589,0.465,0.671,-0.215,0.625,0.644,0.318,0.22,0.621,0.297,0.205,-0.217,0.714,-0.143,0.737,0.534,0.419,0.586,0.769,0.186,0.683,-0.446,-0.291,0.597,0.687,0.115,0.558,0.501,0.754,0.777,0.482,0.703,0.614,0.082,0.594,0.11,0.498,-0.019,0.45,0.356,0.177,0.523,0.623,0.643,0.659,0.634,-0.308,0.616,0.113,0.819,0.459,0.71,0.562,0.693,0.322,0.492,0.667,0.347,0.539,0.83,0.746,0.769,0.653,0.811,0.459,0.587,0.783,0.442,0.595,0.808,0.137,0.692,0.695,0.029,-0.704,0.359,0.435,0.385,0.511,0.157,0.536,-0.299,0.723,-0.072,0.557,0.393,0.462
ARWR,-0.025,-0.111,-0.555,0.217,0.927,0.774,0.867,0.941,0.741,0.897,0.2,0.881,0.945,0.598,0.046,0.834,0.268,0.876,0.687,0.884,0.873,0.0,0.887,0.728,0.386,0.56,-0.125,-0.321,0.855,0.854,0.705,0.27,0.099,0.004,0.831,0.532,0.57,0.837,0.765,0.762,0.772,0.565,0.099,0.794,-0.641,0.865,0.911,0.338,0.789,0.933,0.76,0.765,0.709,0.467,0.925,0.79,0.81,0.818,0.696,0.87,0.75,0.769,0.953,0.865,0.471,0.776,0.624,0.75,0.758,0.894,0.732,0.559,0.285,0.714,0.792,0.592,0.536,0.248,0.734,0.413,-0.432,0.922,-0.014,0.887,0.858,0.624,0.876,0.59,-0.266,0.688,0.364,0.755,0.792,0.736,0.575,0.772,0.82,0.499,0.734,0.788,0.173,0.767,0.858,0.846,0.841,-0.416,0.923,0.837,0.43,0.77,0.276,0.373,0.791,0.864,0.372,0.88,-0.008,0.8,0.728,0.589,0.485,0.827,0.487,0.247,0.055,0.717,0.067,0.843,0.567,0.663,0.725,0.82,0.521,0.896,-0.589,-0.008,0.597,0.854,0.384,0.833,0.328,0.863,0.935,0.756,0.887,0.685,0.371,0.785,-0.029,0.569,0.231,0.675,0.644,0.077,0.733,0.801,0.745,0.836,0.791,-0.106,0.83,0.244,0.808,0.694,0.912,0.594,0.867,0.631,0.546,0.693,0.332,0.738,0.808,0.772,0.78,0.655,0.907,0.675,0.772,0.899,0.742,0.681,0.923,0.285,0.882,0.86,0.303,-0.721,0.687,0.614,0.652,0.415,0.496,0.751,-0.566,0.889,0.014,0.79,0.652,0.755
ASND,-0.286,-0.065,-0.55,0.143,0.841,0.681,0.838,0.865,0.704,0.922,0.12,0.905,0.879,0.584,-0.114,0.832,0.0,0.939,0.561,0.89,0.72,0.887,0.0,0.732,0.356,0.314,-0.08,-0.51,0.931,0.781,0.63,0.304,-0.022,-0.19,0.837,0.297,0.385,0.847,0.659,0.869,0.861,0.562,0.162,0.682,-0.698,0.827,0.908,0.195,0.82,0.909,0.709,0.529,0.814,0.446,0.885,0.859,0.909,0.72,0.534,0.909,0.723,0.854,0.836,0.862,0.336,0.846,0.744,0.72,0.81,0.92,0.59,0.51,0.01,0.686,0.743,0.312,0.695,0.194,0.825,0.276,-0.617,0.942,-0.236,0.738,0.798,0.75,0.896,0.623,-0.356,0.545,0.381,0.683,0.645,0.812,0.643,0.756,0.906,0.359,0.667,0.888,-0.051,0.676,0.917,0.712,0.728,-0.525,0.81,0.851,0.423,0.763,0.051,0.288,0.693,0.907,0.135,0.892,-0.038,0.918,0.833,0.646,0.526,0.926,0.537,0.091,-0.006,0.576,0.303,0.799,0.404,0.612,0.803,0.739,0.638,0.841,-0.653,-0.027,0.419,0.888,0.317,0.83,0.06,0.883,0.95,0.877,0.864,0.455,0.345,0.8,-0.23,0.557,0.362,0.681,0.782,-0.226,0.812,0.838,0.792,0.726,0.783,-0.187,0.914,0.023,0.668,0.762,0.936,0.605,0.946,0.753,0.635,0.535,0.18,0.612,0.657,0.702,0.754,0.488,0.806,0.811,0.901,0.885,0.681,0.565,0.856,0.087,0.794,0.772,0.267,-0.652,0.762,0.786,0.816,0.17,0.612,0.771,-0.708,0.79,-0.104,0.82,0.691,0.846
ASTH,-0.16,0.261,-0.146,0.68,0.786,0.796,0.609,0.679,0.875,0.594,-0.023,0.578,0.655,0.599,0.073,0.82,-0.096,0.758,0.415,0.542,0.465,0.728,0.732,0.0,0.439,0.162,0.29,-0.415,0.706,0.825,0.202,0.7,0.491,0.187,0.77,0.51,0.224,0.853,0.526,0.753,0.812,0.766,0.585,0.732,-0.478,0.865,0.584,0.481,0.852,0.856,0.833,0.631,0.604,0.534,0.796,0.791,0.515,0.758,0.434,0.761,0.755,0.82,0.722,0.581,0.527,0.563,0.628,0.652,0.461,0.716,0.536,0.715,0.22,0.769,0.822,0.51,0.666,0.614,0.807,0.631,-0.538,0.779,-0.166,0.778,0.597,0.779,0.649,0.857,-0.478,0.604,-0.065,0.819,0.622,0.603,0.807,0.638,0.78,0.67,0.755,0.773,0.093,0.775,0.8,0.606,0.571,-0.357,0.764,0.916,0.764,0.929,0.178,0.614,0.305,0.846,0.326,0.798,0.369,0.734,0.405,0.65,0.805,0.779,0.775,0.457,0.464,0.398,0.251,0.598,0.481,0.831,0.503,0.468,0.829,0.881,-0.483,0.472,0.513,0.671,0.771,0.847,0.158,0.611,0.741,0.832,0.703,0.678,0.665,0.776,-0.003,0.43,0.618,0.854,0.63,0.144,0.672,0.509,0.633,0.794,0.859,0.285,0.676,0.367,0.546,0.759,0.73,0.446,0.743,0.752,0.222,0.471,0.409,0.819,0.692,0.673,0.417,0.512,0.696,0.608,0.68,0.648,0.768,0.7,0.757,0.463,0.86,0.777,0.715,-0.326,0.79,0.534,0.817,0.16,0.696,0.807,-0.728,0.798,0.297,0.861,0.839,0.795
ATSG,0.118,0.177,-0.314,0.257,0.352,0.659,0.244,0.383,0.229,0.36,0.235,0.195,0.361,0.304,0.284,0.643,0.24,0.281,0.091,0.166,0.159,0.386,0.356,0.439,0.0,0.315,0.492,-0.036,0.414,0.632,0.039,0.565,0.523,0.134,0.435,0.402,0.586,0.602,0.182,0.471,0.37,0.257,0.321,0.652,0.082,0.486,0.218,0.412,0.439,0.524,0.555,0.314,0.068,-0.002,0.485,0.314,0.171,0.592,0.317,0.303,0.291,0.556,0.251,0.258,0.683,0.074,0.106,0.197,0.142,0.297,0.263,0.736,0.346,0.206,0.404,0.238,0.443,0.315,0.294,0.467,-0.07,0.467,-0.135,0.439,0.185,0.497,0.175,0.281,-0.508,0.279,0.293,0.545,0.347,0.056,0.342,0.507,0.334,0.507,0.602,0.438,0.33,0.364,0.396,0.245,0.136,-0.266,0.518,0.56,0.419,0.338,-0.005,0.58,0.126,0.531,0.231,0.389,0.537,0.338,0.068,0.808,0.45,0.324,0.545,0.439,0.43,0.223,0.043,0.079,0.63,0.317,0.293,0.324,0.558,0.386,-0.121,0.294,0.575,0.306,0.556,0.495,0.161,0.236,0.393,0.464,0.27,0.445,0.511,0.569,0.261,-0.049,0.258,0.25,0.331,0.104,0.193,0.271,0.087,0.481,0.438,0.428,0.344,0.295,0.259,0.235,0.395,-0.156,0.311,0.29,-0.0,0.354,0.474,0.422,0.221,0.198,0.227,0.456,0.433,0.186,0.35,0.256,0.702,0.55,0.494,0.508,0.59,0.661,0.484,-0.122,0.61,0.17,0.36,0.222,0.435,0.378,-0.319,0.584,0.494,0.289,0.339,0.408
AVTX,0.523,-0.239,-0.545,-0.034,0.425,0.382,0.583,0.598,0.2,0.377,0.478,0.334,0.567,0.211,0.427,0.438,0.841,0.343,0.596,0.453,0.689,0.56,0.314,0.162,0.315,0.0,-0.007,0.397,0.225,0.459,0.6,-0.141,-0.032,0.242,0.336,0.59,0.881,0.257,0.546,0.087,0.02,-0.093,-0.299,0.516,-0.128,0.491,0.405,0.369,0.319,0.423,0.385,0.437,0.074,0.162,0.419,0.265,0.301,0.536,0.56,0.207,0.187,0.186,0.568,0.51,0.482,0.178,0.036,0.266,0.165,0.415,0.566,0.358,0.483,0.121,0.228,0.596,-0.1,-0.096,-0.026,0.174,0.393,0.327,0.302,0.605,0.407,-0.104,0.33,0.036,0.068,0.363,0.364,0.44,0.491,0.1,-0.162,0.409,0.114,0.419,0.348,0.188,0.516,0.242,0.276,0.682,0.548,-0.109,0.566,0.327,-0.035,0.17,0.452,0.059,0.683,0.266,0.619,0.319,-0.051,0.176,0.135,0.298,0.144,0.219,0.278,0.349,-0.153,0.592,-0.337,0.309,0.704,0.135,0.293,0.6,-0.071,0.318,0.124,-0.347,0.732,0.319,0.038,0.243,0.676,0.412,0.391,0.033,0.279,0.6,-0.039,0.442,0.413,0.091,-0.172,0.06,-0.115,0.453,0.031,0.257,0.254,0.428,0.399,-0.034,0.145,0.197,0.559,-0.053,0.272,0.13,0.273,-0.184,0.179,0.673,0.505,0.266,0.548,0.401,0.396,0.625,0.658,0.022,0.138,0.306,0.261,0.543,0.553,0.312,0.469,0.584,-0.135,-0.539,0.134,-0.011,-0.008,0.579,-0.258,0.139,0.168,0.54,0.122,0.119,0.113,0.023
BCPC,0.084,0.668,0.249,0.553,-0.141,0.329,-0.071,-0.047,0.116,-0.187,0.27,-0.264,-0.078,0.172,0.391,0.293,0.09,-0.006,-0.196,-0.367,-0.35,-0.125,-0.08,0.29,0.492,-0.007,0.0,0.191,-0.119,0.244,-0.363,0.606,0.662,0.4,0.007,0.214,0.135,0.209,-0.125,0.106,0.015,0.243,0.533,0.212,0.432,0.201,-0.3,0.438,0.312,0.082,0.344,-0.079,-0.211,0.085,-0.012,0.122,-0.244,0.234,-0.056,-0.097,0.158,0.254,-0.207,-0.143,0.469,-0.35,0.082,-0.118,-0.295,-0.105,-0.077,0.598,0.318,-0.085,0.024,0.099,0.186,0.481,0.005,0.347,0.219,0.031,0.019,0.061,-0.143,0.163,-0.219,0.288,-0.354,-0.035,-0.133,0.265,0.017,-0.321,0.208,0.127,-0.028,0.602,0.31,0.027,0.157,-0.031,0.042,-0.029,-0.237,0.038,0.03,0.288,0.368,0.161,-0.063,0.416,-0.299,0.155,0.176,-0.016,0.776,-0.043,-0.388,0.461,0.584,-0.008,0.607,0.461,0.673,-0.187,0.26,-0.32,0.338,0.26,-0.141,-0.067,0.459,0.033,0.307,0.526,0.345,-0.11,0.59,0.172,0.009,-0.149,-0.114,0.111,-0.164,0.202,0.537,0.362,0.391,-0.27,0.511,0.121,-0.031,0.256,-0.157,-0.233,-0.256,0.122,0.27,0.7,-0.147,0.369,-0.108,-0.054,-0.086,-0.419,-0.099,0.016,-0.327,0.205,0.407,0.164,-0.078,-0.07,-0.243,0.155,0.02,-0.098,-0.109,-0.279,0.35,0.309,0.05,0.6,0.19,0.259,0.532,0.334,0.282,-0.058,0.206,0.122,0.236,0.079,-0.012,0.223,0.604,-0.006,0.234,0.06
BEAM,0.821,-0.162,0.279,0.02,-0.338,-0.148,-0.229,-0.224,-0.353,-0.464,0.535,-0.49,-0.307,-0.071,0.685,-0.239,0.533,-0.457,0.132,-0.418,-0.094,-0.321,-0.51,-0.415,-0.036,0.397,0.191,0.0,-0.656,-0.233,-0.0,-0.159,0.05,0.612,-0.476,0.397,0.343,-0.535,0.064,-0.716,-0.698,-0.46,-0.45,-0.128,0.459,-0.3,-0.444,0.413,-0.41,-0.396,-0.197,-0.128,-0.764,0.103,-0.321,-0.411,-0.407,-0.045,0.251,-0.593,-0.355,-0.538,-0.351,-0.395,0.257,-0.569,-0.475,-0.339,-0.413,-0.475,0.145,-0.056,0.554,-0.552,-0.305,0.303,-0.718,-0.382,-0.673,0.087,0.799,-0.486,0.616,-0.086,-0.212,-0.662,-0.442,-0.316,0.52,-0.019,0.025,-0.063,0.007,-0.664,-0.711,-0.031,-0.587,0.09,-0.116,-0.553,0.656,-0.296,-0.466,0.024,-0.143,0.573,-0.198,-0.378,-0.133,-0.495,0.502,-0.097,0.051,-0.524,0.508,-0.62,0.223,-0.614,-0.567,-0.259,-0.357,-0.612,-0.111,0.433,-0.132,-0.06,-0.51,-0.549,0.312,-0.398,-0.63,0.014,-0.557,-0.508,0.746,-0.241,0.376,-0.622,-0.172,-0.496,0.612,-0.477,-0.52,-0.68,-0.542,0.169,-0.217,-0.25,0.734,-0.201,-0.351,-0.436,-0.776,0.603,-0.667,-0.565,-0.644,-0.247,-0.231,0.096,-0.721,0.172,0.054,-0.642,-0.548,-0.458,-0.609,-0.831,-0.549,0.258,0.48,-0.236,-0.061,-0.072,-0.097,0.32,-0.216,-0.76,-0.703,-0.428,-0.354,0.087,-0.263,0.314,-0.279,-0.161,-0.231,0.377,-0.602,-0.624,-0.623,0.511,-0.636,-0.402,0.863,-0.217,0.448,-0.632,-0.483,-0.671
BILI,-0.406,-0.026,-0.61,0.066,0.814,0.642,0.774,0.822,0.647,0.926,-0.069,0.89,0.846,0.511,-0.266,0.79,-0.039,0.883,0.444,0.868,0.647,0.855,0.931,0.706,0.414,0.225,-0.119,-0.656,0.0,0.752,0.538,0.272,-0.013,-0.301,0.873,0.193,0.342,0.875,0.536,0.924,0.896,0.576,0.255,0.667,-0.65,0.78,0.872,0.051,0.782,0.885,0.656,0.536,0.871,0.278,0.859,0.824,0.837,0.648,0.406,0.918,0.663,0.874,0.814,0.809,0.253,0.847,0.675,0.678,0.754,0.908,0.469,0.481,-0.096,0.737,0.719,0.195,0.807,0.261,0.856,0.259,-0.695,0.92,-0.36,0.654,0.717,0.808,0.857,0.561,-0.477,0.487,0.401,0.604,0.538,0.843,0.716,0.641,0.892,0.31,0.619,0.907,-0.159,0.66,0.891,0.605,0.672,-0.612,0.764,0.81,0.37,0.762,-0.078,0.334,0.577,0.911,-0.018,0.933,-0.086,0.937,0.834,0.67,0.522,0.936,0.476,-0.025,0.06,0.554,0.36,0.816,0.289,0.617,0.89,0.653,0.673,0.839,-0.741,0.026,0.307,0.931,0.331,0.858,-0.073,0.893,0.957,0.91,0.864,0.363,0.358,0.75,-0.356,0.462,0.347,0.672,0.853,-0.309,0.854,0.907,0.846,0.679,0.716,-0.147,0.969,-0.005,0.549,0.801,0.932,0.569,0.954,0.83,0.681,0.397,0.053,0.58,0.574,0.593,0.641,0.34,0.784,0.874,0.958,0.868,0.701,0.484,0.811,0.012,0.769,0.726,0.269,-0.67,0.844,0.802,0.826,0.01,0.679,0.749,-0.807,0.736,-0.181,0.85,0.703,0.867
BJRI,0.108,0.089,-0.311,0.489,0.846,0.927,0.68,0.82,0.772,0.742,0.23,0.66,0.816,0.641,0.254,0.939,0.189,0.768,0.555,0.642,0.668,0.854,0.781,0.825,0.632,0.459,0.244,-0.233,0.752,0.0,0.435,0.635,0.454,0.201,0.826,0.664,0.589,0.907,0.708,0.742,0.731,0.646,0.368,0.944,-0.428,0.898,0.687,0.614,0.844,0.93,0.933,0.727,0.481,0.515,0.907,0.762,0.63,0.925,0.687,0.758,0.739,0.849,0.778,0.689,0.726,0.548,0.547,0.694,0.56,0.776,0.696,0.832,0.452,0.661,0.858,0.596,0.61,0.449,0.697,0.6,-0.376,0.843,0.001,0.89,0.679,0.699,0.735,0.743,-0.431,0.687,0.303,0.887,0.818,0.506,0.62,0.83,0.785,0.721,0.901,0.786,0.351,0.765,0.838,0.693,0.673,-0.333,0.933,0.925,0.699,0.804,0.284,0.62,0.553,0.87,0.464,0.813,0.358,0.74,0.468,0.784,0.645,0.736,0.734,0.534,0.368,0.511,0.029,0.578,0.733,0.744,0.556,0.677,0.722,0.864,-0.442,0.271,0.746,0.692,0.689,0.875,0.382,0.672,0.812,0.786,0.714,0.786,0.646,0.888,0.267,0.378,0.405,0.699,0.537,0.23,0.556,0.579,0.541,0.829,0.873,0.175,0.687,0.367,0.704,0.656,0.796,0.327,0.748,0.616,0.253,0.66,0.594,0.813,0.774,0.72,0.637,0.743,0.85,0.503,0.688,0.72,0.887,0.847,0.928,0.577,0.964,0.949,0.589,-0.441,0.779,0.479,0.698,0.466,0.591,0.801,-0.568,0.94,0.421,0.731,0.673,0.701
BLUE,0.09,-0.294,-0.515,-0.196,0.627,0.358,0.776,0.755,0.394,0.71,0.499,0.796,0.776,0.378,0.159,0.476,0.409,0.639,0.773,0.791,0.784,0.705,0.63,0.202,0.039,0.6,-0.363,-0.0,0.538,0.435,0.0,-0.211,-0.334,-0.073,0.444,0.26,0.557,0.385,0.717,0.377,0.349,0.197,-0.397,0.385,-0.601,0.478,0.802,0.16,0.385,0.532,0.331,0.466,0.465,0.363,0.597,0.508,0.783,0.471,0.702,0.612,0.511,0.299,0.659,0.743,0.159,0.709,0.507,0.575,0.739,0.678,0.612,0.204,0.301,0.317,0.39,0.407,0.068,-0.23,0.349,0.015,-0.088,0.592,0.139,0.556,0.815,0.19,0.732,0.23,0.299,0.463,0.55,0.39,0.572,0.596,0.059,0.549,0.523,0.12,0.316,0.468,0.086,0.402,0.524,0.788,0.789,-0.125,0.57,0.402,-0.015,0.306,0.404,-0.148,0.94,0.478,0.325,0.512,-0.345,0.497,0.745,0.238,0.079,0.518,0.019,-0.003,-0.422,0.713,0.069,0.677,0.304,0.237,0.493,0.816,-0.059,0.45,-0.249,-0.42,0.353,0.563,-0.196,0.405,0.356,0.641,0.635,0.314,0.632,0.342,-0.048,0.447,-0.019,0.6,-0.124,0.281,0.331,-0.012,0.464,0.662,0.469,0.415,0.411,-0.598,0.5,0.089,0.797,0.33,0.613,0.547,0.584,0.195,0.643,0.7,0.131,0.313,0.574,0.632,0.822,0.551,0.666,0.411,0.448,0.737,0.28,0.311,0.59,0.017,0.429,0.479,-0.199,-0.61,0.175,0.485,0.274,0.449,0.042,0.346,-0.055,0.506,-0.27,0.403,0.256,0.349
BPOP,0.033,0.45,0.319,0.816,0.39,0.72,0.074,0.234,0.598,0.146,0.082,0.109,0.215,0.522,0.338,0.579,-0.241,0.293,0.067,-0.01,-0.011,0.27,0.304,0.7,0.565,-0.141,0.606,-0.159,0.272,0.635,-0.211,0.0,0.834,0.382,0.385,0.458,0.048,0.601,0.187,0.447,0.499,0.675,0.71,0.559,-0.055,0.527,0.109,0.637,0.508,0.493,0.702,0.426,0.064,0.415,0.455,0.418,0.083,0.568,0.309,0.354,0.558,0.564,0.186,0.087,0.579,0.092,0.331,0.393,0.146,0.228,0.289,0.756,0.416,0.398,0.616,0.389,0.453,0.693,0.502,0.726,-0.331,0.407,-0.059,0.459,0.209,0.646,0.19,0.747,-0.421,0.415,-0.121,0.629,0.443,0.085,0.63,0.495,0.451,0.67,0.661,0.424,0.253,0.544,0.43,0.176,0.146,0.046,0.442,0.649,0.869,0.606,0.17,0.757,-0.112,0.526,0.308,0.328,0.778,0.301,-0.042,0.598,0.645,0.323,0.661,0.662,0.726,0.016,0.144,0.083,0.439,0.664,-0.004,0.112,0.751,0.494,-0.197,0.781,0.422,0.144,0.868,0.568,0.156,0.088,0.275,0.552,0.313,0.537,0.861,0.511,0.318,0.191,0.632,0.612,0.344,0.243,0.255,0.069,0.036,0.538,0.562,0.522,0.246,0.533,0.289,0.506,0.334,0.035,0.267,0.492,-0.254,0.268,0.5,0.698,0.333,0.388,0.167,0.424,0.226,0.14,0.232,0.21,0.716,0.543,0.404,0.701,0.585,0.533,0.926,0.245,0.552,0.165,0.542,0.23,0.668,0.585,-0.415,0.536,0.71,0.471,0.534,0.499
