,AAL,AAON,ACB,ACGL,ACGLO,ACIW,ADBE,ADSK,AEP,AGIO,ALEC,ALNY,ALTR,AMBA,AMCX,AMKR,AMRX,ANSS,APPN,APTO,ARCT,ARWR,ASND,ASTH,ATSG,AVTX,BCPC,BEAM,BILI,BJRI,BLUE,BPOP,BRKL,BWIN,BZUN,CARG,CBRL,CBSH,CBUS,CENTA,CERS,CFFN,CHCO,CHEF,CHRD,CINF,CLLS,CMCO,CMCSA,COLL,COMM,COOP,CPB,CRON,CROX,CRUS,CRWD,CTAS,CYBR,CYTK,DGII,DIOD,DOMO,DPZ,DSGR,DXCM,ERIE,ESTA,EXEL,FAST,FCEL,FCFS,FHB,FITBI,FSV,FTDR,FUTU,GLDD,GLPG,GLPI,GOGO,GOSS,GSAT,GYRE,HALO,HAS,HLIT,HLNE,HSDT,HSIC,HTHT,ICHR,IDYA,IMVT,INDB,INSM,IONS,IOSP,ITRI,JBHT,JBLU,JSM,KLIC,KOD,KURA,LAB,LASR,LIN,LKQ,LNT,MBUU,MCRI,MDGL,MEDP,MGNI,MGPI,MGRC,MKTX,MRNA,MRTN,MSEX,MSFT,MU,NAVI,NBTB,NEO,NEOG,NGNE,NSSC,NTAP,NTES,NTLA,NTRS,NYMTN,OBLG,OCFC,ON,ONC,OPI,OSIS,OSW,PALI,PANW,PCAR,PCRX,PCTY,PEBO,PLAB,PLAY,PLMR,PLSE,PLUS,PRTA,PSEC,PSNL,PTCT,PTON,QNST,QRVO,QTTB,RARE,RBCAA,RGNX,SAIC,SGMO,SINT,SNPS,SPSC,SPTN,SSYS,STNE,TBBK,TCPC,TENB,TGTX,TREE,TRUP,TTWO,TW,TXG,UBSI,UCTT,UFPT,UMBF,UPBD,URBN,VBTX,VCTR,VEON,VNET,VRSK,VSEC,WABC,WTFCM,WVE,WW,WWD,XEL,ZD,ZYME
AAL,0.0,0.29,-0.019,0.534,0.42,0.644,0.233,0.306,0.62,-0.045,0.069,-0.045,0.305,0.138,0.717,0.398,0.548,0.181,0.292,0.034,0.104,0.245,0.281,0.572,0.296,0.429,0.165,-0.142,0.232,0.611,-0.035,0.469,0.518,0.648,0.487,0.455,0.456,0.629,0.137,0.294,0.187,0.43,0.406,0.781,-0.098,0.205,0.137,0.593,0.618,0.306,0.448,0.468,-0.031,0.142,0.497,0.311,-0.176,0.467,0.207,0.188,0.356,0.381,0.344,0.06,0.561,0.002,0.037,0.157,-0.145,0.227,0.037,0.715,0.382,0.564,0.56,0.498,0.304,0.574,0.297,0.809,0.449,0.048,0.298,0.326,-0.025,0.244,-0.078,0.419,0.082,0.566,0.128,0.558,0.246,0.095,0.526,0.045,0.024,0.638,0.293,0.338,0.926,0.34,0.342,0.412,0.357,-0.093,0.491,0.659,0.474,0.663,0.318,0.456,0.012,0.325,0.438,0.512,0.386,0.199,-0.216,0.274,0.691,0.288,0.625,0.825,0.488,0.189,-0.353,0.135,0.498,0.585,0.047,-0.037,0.531,0.556,0.113,0.404,0.448,0.12,0.753,0.513,0.367,0.113,0.261,0.393,0.166,0.685,0.526,0.387,0.645,0.255,0.164,0.455,-0.1,0.733,0.053,0.04,0.243,0.397,0.413,0.227,-0.064,0.486,0.036,0.13,0.096,0.156,0.218,0.316,-0.095,0.424,0.732,0.61,0.549,0.237,-0.142,0.344,0.601,-0.271,0.053,0.116,0.342,0.681,0.474,0.571,0.698,0.839,0.42,-0.111,0.644,-0.332,0.252,0.241,0.119,0.317,-0.039,0.478,0.63,0.526,0.49,0.105
AAON,0.29,0.0,0.505,0.317,-0.042,0.407,-0.066,0.031,0.228,-0.054,0.325,-0.143,0.01,0.342,0.488,0.358,0.302,-0.061,-0.005,-0.313,0.07,0.023,-0.05,0.421,0.456,-0.025,0.579,0.346,-0.227,0.258,-0.079,0.681,0.73,0.457,0.251,0.204,0.243,0.324,0.043,0.19,0.228,0.434,0.734,0.234,0.269,0.051,-0.132,0.51,0.47,0.151,0.535,0.087,-0.356,0.382,0.101,0.251,-0.033,0.338,0.077,0.064,0.325,0.419,0.036,-0.278,0.45,-0.142,0.058,0.25,0.001,0.085,0.264,0.391,0.408,0.074,0.252,0.247,0.311,0.529,-0.017,0.558,0.229,0.133,0.301,0.27,0.123,0.508,-0.286,0.395,-0.028,0.243,0.048,0.373,0.213,-0.273,0.502,0.113,0.19,0.63,0.359,0.238,0.348,0.209,0.305,0.031,0.077,0.135,0.204,0.38,0.418,0.247,0.23,0.542,-0.051,0.338,0.364,0.078,0.657,-0.052,-0.306,0.524,0.624,-0.073,0.594,0.613,0.663,0.2,0.277,-0.385,0.377,0.536,-0.046,0.089,0.686,0.094,0.362,0.564,0.404,-0.058,0.668,0.296,0.116,-0.224,-0.014,0.311,0.107,0.254,0.471,0.396,0.551,-0.17,0.315,0.336,0.108,0.56,0.079,0.097,-0.324,0.209,0.31,0.289,0.015,0.477,0.171,0.325,0.034,-0.143,-0.015,0.201,-0.155,0.277,0.511,0.228,0.091,0.133,-0.081,0.161,0.14,-0.345,0.006,-0.103,0.364,0.35,0.147,0.515,0.317,0.312,0.486,0.482,0.507,0.055,0.318,0.3,0.461,0.146,0.344,0.247,0.642,0.157,0.371,0.1
ACB,-0.019,0.505,0.0,0.473,-0.666,-0.053,-0.743,-0.65,-0.388,-0.592,-0.176,-0.708,-0.62,-0.284,0.163,-0.279,-0.345,-0.731,-0.692,-0.82,-0.379,-0.625,-0.633,-0.152,-0.012,-0.555,0.678,-0.025,-0.627,-0.25,-0.636,0.36,0.568,0.294,-0.483,-0.313,-0.457,-0.206,-0.586,-0.366,-0.332,-0.036,0.415,-0.221,-0.122,-0.032,-0.708,-0.038,-0.179,-0.508,-0.146,-0.47,-0.828,-0.221,-0.472,-0.436,-0.557,-0.298,-0.512,-0.553,-0.288,-0.249,-0.615,-0.757,0.031,-0.695,-0.365,-0.39,-0.472,-0.623,-0.339,0.36,-0.083,-0.572,-0.345,-0.366,0.091,0.212,-0.587,0.12,0.467,-0.448,-0.264,-0.369,-0.443,0.022,-0.611,-0.196,-0.374,-0.409,-0.309,-0.29,-0.372,-0.809,0.023,-0.382,-0.459,0.091,-0.195,-0.474,0.022,-0.428,-0.438,-0.582,-0.401,-0.167,-0.459,-0.242,-0.012,-0.232,-0.378,0.033,-0.656,-0.364,-0.286,-0.543,0.416,-0.614,-0.686,0.044,0.208,-0.739,0.195,0.24,0.576,-0.548,0.066,-0.698,-0.244,-0.149,-0.68,-0.506,0.556,-0.514,0.572,0.383,-0.251,-0.677,0.329,-0.395,-0.392,-0.656,-0.711,-0.309,-0.516,-0.186,0.165,-0.273,0.207,-0.531,-0.09,-0.314,-0.196,0.064,-0.481,-0.513,-0.805,-0.354,-0.339,0.649,-0.564,0.027,-0.435,-0.371,-0.508,-0.666,-0.724,-0.28,-0.681,-0.332,-0.001,-0.238,-0.548,-0.487,-0.54,-0.385,-0.513,-0.664,-0.636,-0.591,-0.085,-0.163,-0.506,0.162,-0.277,-0.154,0.107,0.662,-0.008,-0.441,-0.262,-0.231,0.067,-0.459,-0.017,-0.333,0.592,-0.504,-0.291,-0.315
ACGL,0.534,0.317,0.473,0.0,-0.268,0.082,-0.46,-0.437,0.214,-0.398,-0.463,-0.592,-0.484,-0.494,0.359,-0.231,-0.178,-0.425,-0.471,-0.386,-0.662,-0.258,-0.419,-0.087,-0.328,0.242,0.796,-0.124,-0.111,-0.149,-0.615,0.108,0.64,0.693,-0.132,-0.337,-0.307,-0.112,-0.574,-0.404,-0.534,-0.083,0.182,0.137,-0.641,0.661,-0.569,-0.016,0.239,-0.317,-0.18,-0.281,-0.556,-0.278,-0.222,-0.46,-0.756,-0.285,-0.518,-0.495,-0.396,-0.277,-0.49,-0.44,-0.054,-0.738,-0.515,-0.56,-0.747,-0.514,-0.607,0.748,-0.218,-0.057,-0.137,-0.275,0.136,0.073,-0.351,0.404,0.856,-0.597,-0.411,-0.419,-0.717,0.205,-0.132,-0.304,-0.686,-0.188,-0.61,-0.148,-0.547,-0.605,-0.074,-0.61,-0.561,0.212,-0.43,-0.236,0.425,-0.436,-0.291,-0.281,-0.492,-0.545,-0.307,0.269,-0.203,0.513,-0.495,-0.171,-0.628,0.0,-0.328,-0.302,0.08,-0.571,-0.774,-0.089,0.542,-0.374,0.363,0.593,0.382,-0.276,-0.129,-0.048,-0.231,-0.012,-0.377,-0.501,0.774,-0.106,0.689,0.078,-0.277,-0.386,0.511,-0.177,-0.423,-0.038,-0.46,-0.227,-0.579,-0.049,0.029,-0.306,0.143,-0.234,-0.509,-0.307,-0.052,0.269,-0.695,-0.611,-0.23,-0.416,-0.36,0.855,-0.633,-0.087,-0.611,-0.473,-0.588,-0.658,-0.507,-0.481,-0.781,-0.267,0.162,-0.082,-0.23,-0.575,-0.633,-0.424,-0.015,-0.373,-0.584,-0.67,-0.349,0.03,-0.255,0.007,-0.004,0.419,-0.187,0.105,0.195,-0.563,-0.252,-0.366,-0.337,-0.11,-0.497,-0.308,0.645,0.041,-0.299,-0.06
ACGLO,0.42,-0.042,-0.666,-0.268,0.0,0.647,0.874,0.934,0.834,0.72,0.551,0.827,0.917,0.609,0.304,0.771,0.649,0.884,0.883,0.764,0.612,0.906,0.856,0.659,0.548,0.642,-0.475,0.211,0.754,0.745,0.784,0.253,-0.036,0.087,0.779,0.732,0.835,0.721,0.863,0.795,0.708,0.558,0.034,0.703,0.319,0.055,0.865,0.606,0.58,0.896,0.665,0.884,0.679,0.617,0.871,0.717,0.709,0.766,0.874,0.868,0.715,0.667,0.856,0.845,0.562,0.777,0.623,0.736,0.698,0.853,0.652,0.003,0.654,0.796,0.855,0.806,0.028,0.277,0.872,0.424,-0.446,0.777,0.604,0.778,0.709,0.458,0.543,0.659,0.485,0.853,0.457,0.771,0.743,0.847,0.46,0.739,0.775,0.402,0.653,0.758,0.383,0.836,0.75,0.85,0.635,0.393,0.881,0.741,0.501,0.595,0.758,0.442,0.839,0.771,0.714,0.871,0.084,0.765,0.693,0.463,0.21,0.848,0.193,0.294,-0.12,0.721,-0.186,0.63,0.686,0.632,0.624,0.731,-0.165,0.95,-0.606,0.183,0.699,0.8,0.228,0.839,0.726,0.532,0.937,0.769,0.823,0.623,0.311,0.697,0.375,0.739,0.382,0.702,0.31,0.425,0.705,0.737,0.616,0.743,0.708,-0.584,0.786,0.532,0.765,0.719,0.83,0.784,0.886,0.653,0.696,0.732,0.528,0.686,0.896,0.78,0.751,0.807,0.851,0.518,0.785,0.82,0.578,0.622,0.903,0.418,0.806,0.636,0.375,-0.504,0.503,0.503,0.614,0.674,0.427,0.811,0.169,0.764,-0.063,0.838,0.677,0.673
ACIW,0.644,0.407,-0.053,0.082,0.647,0.0,0.527,0.653,0.674,0.239,0.618,0.358,0.707,0.6,0.804,0.835,0.759,0.506,0.618,0.128,0.606,0.486,0.643,0.868,0.74,0.271,-0.04,0.006,0.284,0.917,0.416,0.823,0.474,0.439,0.703,0.777,0.813,0.921,0.57,0.8,0.719,0.785,0.591,0.877,0.345,-0.157,0.533,0.906,0.74,0.652,0.842,0.749,0.135,0.543,0.797,0.702,0.364,0.874,0.696,0.583,0.819,0.794,0.662,0.304,0.86,0.435,0.557,0.667,0.415,0.611,0.545,0.539,0.859,0.567,0.871,0.815,0.38,0.787,0.68,0.83,-0.036,0.561,0.679,0.722,0.512,0.535,-0.09,0.849,0.515,0.818,0.571,0.86,0.706,0.332,0.815,0.638,0.557,0.826,0.769,0.645,0.741,0.752,0.682,0.673,0.681,0.395,0.825,0.83,0.845,0.47,0.757,0.803,0.457,0.617,0.805,0.75,0.679,0.603,0.24,0.784,0.633,0.541,0.634,0.768,0.547,0.381,-0.157,0.031,0.818,0.811,0.203,0.408,0.434,0.725,-0.233,0.674,0.823,0.349,0.735,0.804,0.745,0.029,0.616,0.843,0.636,0.88,0.846,0.799,0.848,0.464,0.625,0.828,0.107,0.723,0.543,0.473,0.136,0.777,0.771,-0.189,0.397,0.831,0.553,0.599,0.578,0.503,0.55,0.742,0.349,0.828,0.861,0.892,0.746,0.687,0.334,0.786,0.676,-0.175,0.433,0.564,0.835,0.832,0.738,0.875,0.915,0.828,0.797,-0.001,0.735,0.028,0.684,0.772,0.655,0.591,0.431,0.835,0.6,0.617,0.777,0.412
ADBE,0.233,-0.066,-0.743,-0.46,0.874,0.527,0.0,0.951,0.635,0.713,0.613,0.833,0.912,0.712,0.243,0.785,0.699,0.947,0.936,0.742,0.714,0.795,0.9,0.617,0.512,0.556,-0.518,0.217,0.666,0.67,0.838,0.182,-0.25,-0.085,0.831,0.708,0.83,0.627,0.882,0.76,0.763,0.458,0.03,0.583,0.386,-0.091,0.881,0.505,0.571,0.834,0.653,0.761,0.784,0.648,0.833,0.846,0.79,0.752,0.85,0.808,0.713,0.714,0.886,0.814,0.435,0.875,0.674,0.748,0.713,0.925,0.734,-0.108,0.57,0.724,0.75,0.745,0.224,0.204,0.872,0.346,-0.551,0.77,0.616,0.788,0.759,0.36,0.504,0.666,0.6,0.789,0.603,0.74,0.73,0.881,0.436,0.768,0.803,0.367,0.66,0.789,0.272,0.797,0.819,0.879,0.698,0.411,0.811,0.612,0.506,0.374,0.763,0.489,0.884,0.683,0.731,0.828,0.089,0.886,0.769,0.464,0.16,0.971,0.242,0.166,-0.165,0.783,0.069,0.541,0.632,0.63,0.78,0.786,-0.225,0.77,-0.619,0.096,0.723,0.796,0.095,0.741,0.748,0.565,0.956,0.769,0.84,0.577,0.296,0.75,0.278,0.686,0.507,0.749,0.355,0.331,0.798,0.813,0.722,0.72,0.781,-0.684,0.807,0.435,0.779,0.753,0.818,0.855,0.97,0.673,0.811,0.777,0.458,0.584,0.851,0.841,0.734,0.779,0.743,0.586,0.883,0.835,0.556,0.601,0.848,0.338,0.684,0.472,0.369,-0.425,0.475,0.59,0.726,0.625,0.4,0.717,0.341,0.719,-0.217,0.719,0.734,0.556
ADSK,0.306,0.031,-0.65,-0.437,0.934,0.653,0.951,0.0,0.713,0.765,0.725,0.879,0.973,0.787,0.316,0.849,0.742,0.936,0.946,0.733,0.741,0.869,0.917,0.701,0.635,0.541,-0.497,0.287,0.697,0.772,0.879,0.324,-0.083,-0.07,0.844,0.771,0.9,0.752,0.94,0.867,0.842,0.609,0.142,0.671,0.464,-0.101,0.929,0.627,0.586,0.921,0.758,0.856,0.738,0.743,0.903,0.87,0.831,0.842,0.93,0.921,0.814,0.791,0.919,0.827,0.565,0.895,0.754,0.848,0.799,0.948,0.795,-0.043,0.712,0.745,0.86,0.829,0.172,0.331,0.911,0.415,-0.553,0.864,0.691,0.862,0.828,0.446,0.474,0.755,0.617,0.882,0.643,0.817,0.836,0.886,0.557,0.829,0.88,0.455,0.771,0.828,0.333,0.891,0.873,0.92,0.748,0.472,0.909,0.68,0.588,0.436,0.85,0.569,0.922,0.76,0.803,0.899,0.213,0.888,0.781,0.549,0.201,0.919,0.251,0.249,-0.042,0.795,0.022,0.526,0.728,0.703,0.727,0.842,-0.177,0.858,-0.636,0.23,0.797,0.845,0.179,0.842,0.782,0.499,0.981,0.839,0.918,0.641,0.394,0.817,0.41,0.741,0.564,0.803,0.309,0.419,0.85,0.878,0.619,0.8,0.817,-0.695,0.864,0.593,0.865,0.852,0.905,0.859,0.967,0.75,0.821,0.843,0.534,0.675,0.891,0.902,0.807,0.857,0.811,0.507,0.877,0.899,0.676,0.665,0.913,0.47,0.78,0.548,0.47,-0.402,0.553,0.592,0.732,0.749,0.558,0.767,0.407,0.811,-0.116,0.791,0.797,0.624
AEP,0.62,0.228,-0.388,0.214,0.834,0.674,0.635,0.713,0.0,0.567,0.349,0.537,0.651,0.388,0.444,0.662,0.549,0.668,0.639,0.559,0.264,0.775,0.615,0.596,0.402,0.783,-0.014,0.213,0.708,0.627,0.504,0.302,0.313,0.441,0.742,0.523,0.706,0.628,0.59,0.581,0.433,0.544,0.212,0.718,0.003,0.417,0.563,0.584,0.728,0.754,0.603,0.711,0.399,0.547,0.738,0.497,0.355,0.628,0.603,0.63,0.523,0.544,0.586,0.613,0.523,0.407,0.364,0.502,0.339,0.624,0.384,0.352,0.545,0.758,0.765,0.645,0.159,0.313,0.668,0.605,-0.021,0.498,0.376,0.565,0.375,0.645,0.474,0.52,0.115,0.755,0.138,0.696,0.464,0.541,0.414,0.432,0.537,0.538,0.445,0.711,0.526,0.602,0.627,0.693,0.372,0.133,0.718,0.882,0.376,0.91,0.515,0.366,0.529,0.822,0.526,0.693,0.128,0.475,0.307,0.48,0.529,0.66,0.39,0.579,0.073,0.625,-0.112,0.603,0.551,0.631,0.484,0.529,0.249,0.868,-0.193,0.197,0.569,0.637,0.477,0.773,0.48,0.511,0.705,0.655,0.532,0.541,0.309,0.561,0.421,0.581,0.137,0.54,0.306,0.559,0.37,0.468,0.486,0.508,0.53,-0.156,0.503,0.47,0.488,0.549,0.539,0.407,0.64,0.38,0.302,0.574,0.6,0.585,0.753,0.498,0.448,0.561,0.846,0.345,0.522,0.458,0.384,0.617,0.741,0.405,0.768,0.807,0.264,-0.403,0.604,0.293,0.573,0.495,0.295,0.74,-0.014,0.571,0.246,0.928,0.52,0.647
AGIO,-0.045,-0.054,-0.592,-0.398,0.72,0.239,0.713,0.765,0.567,0.0,0.606,0.908,0.686,0.591,-0.029,0.525,0.353,0.81,0.687,0.856,0.332,0.881,0.712,0.243,0.264,0.575,-0.28,0.47,0.815,0.293,0.891,-0.05,-0.102,-0.338,0.599,0.264,0.554,0.309,0.778,0.587,0.533,0.384,-0.174,0.236,0.164,0.259,0.8,0.216,0.346,0.753,0.43,0.5,0.724,0.78,0.629,0.521,0.798,0.434,0.683,0.834,0.477,0.453,0.562,0.81,0.135,0.712,0.676,0.618,0.747,0.723,0.604,-0.252,0.4,0.419,0.544,0.412,-0.159,-0.141,0.624,0.004,-0.597,0.726,0.361,0.54,0.63,0.564,0.739,0.324,0.199,0.605,0.25,0.43,0.509,0.799,0.139,0.569,0.793,0.048,0.412,0.688,-0.125,0.555,0.713,0.673,0.316,0.221,0.566,0.434,0.063,0.391,0.474,0.109,0.865,0.767,0.367,0.524,-0.099,0.581,0.791,0.256,-0.15,0.659,-0.154,-0.1,-0.369,0.8,0.294,0.693,0.274,0.307,0.796,0.902,-0.303,0.583,-0.488,-0.209,0.389,0.908,-0.221,0.527,0.272,0.637,0.775,0.556,0.686,0.068,-0.088,0.466,-0.054,0.717,0.151,0.355,0.535,0.001,0.616,0.818,0.477,0.364,0.373,-0.645,0.866,0.224,0.731,0.736,0.774,0.535,0.756,0.323,0.707,0.521,0.067,0.173,0.525,0.556,0.874,0.463,0.658,0.754,0.785,0.666,0.26,0.196,0.621,0.009,0.338,0.257,-0.029,-0.503,0.231,0.808,0.473,0.501,0.389,0.616,0.249,0.387,-0.433,0.686,0.342,0.771
ALEC,0.069,0.325,-0.176,-0.463,0.551,0.618,0.613,0.725,0.349,0.606,0.0,0.688,0.751,0.933,0.397,0.792,0.664,0.65,0.686,0.353,0.719,0.601,0.689,0.651,0.776,0.105,-0.223,0.391,0.336,0.668,0.759,0.609,0.219,-0.204,0.64,0.639,0.757,0.688,0.785,0.851,0.87,0.731,0.432,0.49,0.592,-0.318,0.734,0.667,0.434,0.723,0.799,0.607,0.408,0.801,0.724,0.806,0.794,0.785,0.813,0.789,0.849,0.816,0.696,0.497,0.593,0.727,0.848,0.857,0.823,0.737,0.861,-0.017,0.795,0.305,0.69,0.694,0.17,0.466,0.649,0.381,-0.573,0.848,0.746,0.79,0.831,0.511,0.108,0.77,0.624,0.709,0.706,0.736,0.819,0.55,0.704,0.805,0.844,0.532,0.867,0.663,0.185,0.791,0.819,0.703,0.687,0.565,0.749,0.46,0.654,0.06,0.795,0.709,0.774,0.602,0.752,0.65,0.633,0.682,0.629,0.659,0.189,0.551,0.274,0.231,0.279,0.623,0.329,0.069,0.667,0.632,0.516,0.789,0.007,0.509,-0.534,0.427,0.797,0.631,0.241,0.67,0.585,0.075,0.694,0.772,0.828,0.487,0.575,0.83,0.538,0.525,0.712,0.74,0.311,0.332,0.854,0.847,0.12,0.742,0.737,-0.565,0.784,0.735,0.854,0.881,0.852,0.62,0.677,0.718,0.713,0.835,0.484,0.566,0.562,0.817,0.733,0.767,0.529,0.214,0.683,0.775,0.794,0.558,0.68,0.593,0.568,0.344,0.645,0.033,0.451,0.581,0.672,0.836,0.869,0.497,0.717,0.751,0.043,0.466,0.722,0.547
ALNY,-0.045,-0.143,-0.708,-0.592,0.827,0.358,0.833,0.879,0.537,0.908,0.688,0.0,0.858,0.703,-0.012,0.635,0.476,0.885,0.84,0.859,0.586,0.889,0.817,0.387,0.452,0.484,-0.555,0.41,0.744,0.481,0.962,0.046,-0.234,-0.338,0.624,0.495,0.699,0.481,0.884,0.758,0.707,0.477,-0.137,0.339,0.406,-0.031,0.926,0.348,0.302,0.833,0.528,0.686,0.798,0.691,0.711,0.659,0.914,0.6,0.866,0.926,0.652,0.565,0.749,0.896,0.278,0.904,0.773,0.75,0.887,0.835,0.729,-0.328,0.549,0.526,0.639,0.6,-0.083,0.011,0.801,0.052,-0.717,0.864,0.553,0.68,0.814,0.423,0.654,0.503,0.496,0.66,0.505,0.546,0.7,0.896,0.29,0.773,0.894,0.126,0.593,0.692,-0.074,0.736,0.723,0.781,0.546,0.458,0.706,0.439,0.273,0.254,0.674,0.26,0.966,0.708,0.547,0.674,-0.023,0.761,0.928,0.352,-0.138,0.769,-0.159,-0.112,-0.32,0.778,0.195,0.63,0.467,0.41,0.748,0.926,-0.433,0.673,-0.695,-0.035,0.54,0.896,-0.187,0.648,0.532,0.569,0.899,0.661,0.855,0.268,0.087,0.577,0.092,0.753,0.353,0.537,0.455,0.063,0.798,0.898,0.52,0.583,0.542,-0.8,0.935,0.38,0.86,0.812,0.908,0.763,0.867,0.545,0.874,0.653,0.157,0.406,0.645,0.762,0.956,0.677,0.643,0.708,0.839,0.863,0.467,0.295,0.731,0.17,0.467,0.252,0.193,-0.457,0.236,0.798,0.534,0.662,0.508,0.673,0.355,0.59,-0.43,0.661,0.504,0.723
ALTR,0.305,0.01,-0.62,-0.484,0.917,0.707,0.912,0.973,0.651,0.686,0.751,0.858,0.0,0.809,0.36,0.858,0.764,0.894,0.952,0.663,0.812,0.818,0.916,0.734,0.702,0.424,-0.564,0.204,0.623,0.837,0.861,0.4,-0.071,-0.066,0.811,0.836,0.919,0.815,0.94,0.92,0.885,0.672,0.179,0.703,0.536,-0.244,0.942,0.698,0.533,0.904,0.773,0.904,0.683,0.674,0.909,0.883,0.83,0.886,0.967,0.921,0.881,0.818,0.941,0.797,0.64,0.909,0.797,0.884,0.833,0.928,0.808,-0.042,0.774,0.701,0.874,0.878,0.178,0.424,0.92,0.427,-0.572,0.89,0.762,0.873,0.864,0.393,0.361,0.813,0.724,0.883,0.744,0.844,0.9,0.856,0.623,0.882,0.867,0.483,0.831,0.777,0.356,0.927,0.845,0.901,0.824,0.557,0.94,0.656,0.672,0.336,0.902,0.625,0.906,0.697,0.849,0.91,0.289,0.901,0.789,0.571,0.186,0.874,0.238,0.253,0.01,0.712,-0.036,0.438,0.787,0.694,0.648,0.795,-0.199,0.851,-0.699,0.314,0.832,0.782,0.223,0.858,0.846,0.381,0.965,0.854,0.947,0.704,0.49,0.839,0.491,0.727,0.645,0.847,0.241,0.414,0.89,0.861,0.533,0.874,0.847,-0.727,0.849,0.655,0.882,0.84,0.925,0.888,0.938,0.833,0.848,0.874,0.566,0.759,0.886,0.945,0.8,0.919,0.777,0.401,0.838,0.947,0.767,0.68,0.904,0.556,0.804,0.542,0.575,-0.339,0.532,0.538,0.711,0.816,0.632,0.732,0.464,0.887,-0.07,0.72,0.82,0.583
AMBA,0.138,0.342,-0.284,-0.494,0.609,0.6,0.712,0.787,0.388,0.591,0.933,0.703,0.809,0.0,0.368,0.816,0.753,0.704,0.773,0.398,0.783,0.633,0.719,0.728,0.81,0.175,-0.288,0.442,0.336,0.717,0.763,0.589,0.166,-0.137,0.724,0.741,0.822,0.725,0.831,0.85,0.913,0.736,0.471,0.53,0.674,-0.351,0.762,0.7,0.472,0.793,0.851,0.694,0.469,0.775,0.753,0.895,0.802,0.843,0.844,0.799,0.884,0.882,0.801,0.546,0.616,0.776,0.812,0.894,0.823,0.806,0.908,-0.064,0.801,0.422,0.72,0.778,0.275,0.523,0.712,0.448,-0.591,0.886,0.808,0.864,0.885,0.45,0.114,0.824,0.68,0.747,0.757,0.8,0.881,0.603,0.75,0.831,0.85,0.593,0.905,0.674,0.242,0.862,0.855,0.771,0.76,0.613,0.8,0.498,0.706,0.098,0.859,0.777,0.798,0.593,0.846,0.706,0.603,0.736,0.635,0.636,0.264,0.643,0.345,0.264,0.288,0.683,0.306,0.091,0.739,0.717,0.599,0.793,-0.016,0.579,-0.569,0.467,0.875,0.674,0.298,0.718,0.694,0.11,0.759,0.786,0.878,0.56,0.579,0.878,0.576,0.492,0.79,0.833,0.25,0.424,0.919,0.878,0.245,0.813,0.837,-0.586,0.81,0.732,0.895,0.91,0.868,0.721,0.762,0.78,0.757,0.864,0.531,0.624,0.656,0.894,0.72,0.82,0.58,0.249,0.72,0.814,0.817,0.616,0.757,0.621,0.625,0.354,0.693,0.02,0.555,0.603,0.691,0.831,0.834,0.542,0.718,0.826,0.021,0.507,0.836,0.514
AMCX,0.717,0.488,0.163,0.359,0.304,0.804,0.243,0.316,0.444,-0.029,0.397,-0.012,0.36,0.368,0.0,0.602,0.65,0.224,0.326,-0.127,0.32,0.135,0.368,0.652,0.47,0.146,0.275,-0.224,0.065,0.7,0.091,0.769,0.576,0.485,0.53,0.5,0.534,0.72,0.216,0.5,0.418,0.627,0.619,0.753,0.055,-0.066,0.212,0.762,0.705,0.261,0.626,0.416,-0.131,0.34,0.596,0.515,0.008,0.624,0.323,0.233,0.566,0.617,0.347,-0.045,0.669,0.076,0.369,0.342,0.034,0.327,0.238,0.774,0.599,0.331,0.621,0.504,0.396,0.71,0.334,0.832,0.275,0.16,0.5,0.425,0.137,0.467,-0.309,0.624,0.31,0.621,0.389,0.667,0.39,0.041,0.696,0.248,0.184,0.795,0.496,0.473,0.82,0.422,0.518,0.399,0.501,0.084,0.533,0.689,0.692,0.37,0.457,0.697,0.117,0.383,0.567,0.507,0.707,0.328,-0.103,0.595,0.705,0.294,0.744,0.841,0.625,0.169,-0.058,-0.175,0.581,0.641,0.065,0.062,0.654,0.402,0.071,0.515,0.608,0.044,0.792,0.533,0.435,-0.118,0.283,0.619,0.254,0.714,0.807,0.615,0.787,0.211,0.426,0.616,0.001,0.655,0.224,0.166,-0.004,0.487,0.568,0.088,0.021,0.62,0.17,0.296,0.19,0.183,0.258,0.479,0.068,0.631,0.814,0.666,0.502,0.363,-0.07,0.476,0.52,-0.408,0.176,0.21,0.597,0.726,0.471,0.753,0.698,0.818,0.655,0.161,0.63,-0.256,0.534,0.465,0.422,0.323,0.359,0.586,0.738,0.384,0.572,0.106
AMKR,0.398,0.358,-0.279,-0.231,0.771,0.835,0.785,0.849,0.662,0.525,0.792,0.635,0.858,0.816,0.602,0.0,0.754,0.771,0.816,0.396,0.75,0.673,0.786,0.856,0.82,0.325,-0.185,0.272,0.447,0.882,0.68,0.685,0.226,0.175,0.845,0.848,0.904,0.863,0.83,0.88,0.868,0.734,0.462,0.789,0.504,-0.166,0.718,0.867,0.733,0.845,0.907,0.789,0.371,0.732,0.877,0.883,0.692,0.935,0.866,0.769,0.869,0.924,0.81,0.55,0.787,0.69,0.718,0.834,0.678,0.834,0.813,0.203,0.858,0.595,0.888,0.842,0.359,0.57,0.788,0.638,-0.376,0.793,0.728,0.878,0.768,0.605,0.201,0.905,0.598,0.871,0.638,0.936,0.836,0.589,0.713,0.828,0.811,0.708,0.879,0.812,0.508,0.882,0.868,0.77,0.741,0.484,0.902,0.786,0.812,0.391,0.865,0.8,0.733,0.765,0.893,0.839,0.544,0.793,0.522,0.812,0.465,0.771,0.566,0.553,0.294,0.654,0.046,0.167,0.852,0.827,0.51,0.695,0.188,0.792,-0.427,0.522,0.914,0.574,0.53,0.872,0.795,0.204,0.829,0.927,0.811,0.746,0.665,0.941,0.702,0.506,0.672,0.883,0.269,0.586,0.775,0.727,0.326,0.833,0.896,-0.463,0.708,0.741,0.8,0.805,0.79,0.673,0.808,0.804,0.634,0.89,0.779,0.764,0.828,0.842,0.622,0.913,0.723,0.211,0.752,0.759,0.828,0.808,0.88,0.718,0.872,0.675,0.714,-0.028,0.719,0.442,0.841,0.793,0.722,0.753,0.46,0.872,0.298,0.646,0.861,0.547
AMRX,0.548,0.302,-0.345,-0.178,0.649,0.759,0.699,0.742,0.549,0.353,0.664,0.476,0.764,0.753,0.65,0.754,0.0,0.6,0.77,0.325,0.735,0.546,0.684,0.824,0.639,0.394,-0.239,0.021,0.298,0.814,0.57,0.595,0.264,0.163,0.811,0.779,0.876,0.811,0.661,0.74,0.796,0.73,0.568,0.741,0.432,-0.267,0.657,0.757,0.669,0.643,0.825,0.758,0.492,0.583,0.803,0.849,0.499,0.843,0.693,0.65,0.828,0.792,0.845,0.401,0.653,0.631,0.584,0.746,0.487,0.776,0.692,0.274,0.762,0.703,0.813,0.84,0.316,0.726,0.675,0.719,-0.186,0.617,0.788,0.789,0.629,0.357,-0.051,0.83,0.652,0.853,0.679,0.818,0.762,0.555,0.831,0.593,0.581,0.77,0.77,0.664,0.616,0.8,0.795,0.803,0.824,0.404,0.831,0.643,0.751,0.36,0.832,0.813,0.6,0.509,0.861,0.824,0.586,0.733,0.386,0.571,0.516,0.66,0.529,0.546,0.445,0.611,0.028,0.127,0.759,0.807,0.58,0.533,0.191,0.658,-0.397,0.483,0.869,0.584,0.525,0.72,0.764,0.173,0.721,0.758,0.737,0.815,0.723,0.819,0.709,0.462,0.729,0.898,0.066,0.727,0.736,0.654,0.506,0.812,0.833,-0.368,0.528,0.781,0.651,0.728,0.644,0.687,0.696,0.757,0.608,0.871,0.697,0.81,0.829,0.804,0.368,0.731,0.743,0.023,0.623,0.667,0.783,0.758,0.756,0.741,0.789,0.628,0.74,-0.209,0.609,0.162,0.645,0.729,0.584,0.456,0.602,0.843,0.212,0.661,0.891,0.308
ANSS,0.181,-0.061,-0.731,-0.425,0.884,0.506,0.947,0.936,0.668,0.81,0.65,0.885,0.894,0.704,0.224,0.771,0.6,0.0,0.887,0.818,0.604,0.846,0.911,0.55,0.495,0.58,-0.448,0.308,0.771,0.631,0.852,0.159,-0.216,-0.143,0.806,0.622,0.792,0.596,0.896,0.783,0.718,0.448,-0.056,0.56,0.331,0.025,0.903,0.496,0.547,0.869,0.613,0.709,0.738,0.696,0.838,0.795,0.814,0.716,0.854,0.842,0.687,0.723,0.801,0.874,0.42,0.835,0.736,0.736,0.758,0.884,0.691,-0.108,0.526,0.617,0.732,0.667,0.171,0.101,0.854,0.279,-0.588,0.792,0.549,0.728,0.732,0.443,0.597,0.615,0.497,0.755,0.545,0.731,0.701,0.863,0.36,0.771,0.824,0.306,0.633,0.82,0.213,0.763,0.832,0.83,0.617,0.354,0.795,0.649,0.427,0.402,0.691,0.395,0.901,0.76,0.655,0.777,0.058,0.832,0.793,0.454,0.108,0.941,0.212,0.127,-0.253,0.746,0.109,0.59,0.607,0.525,0.763,0.822,-0.217,0.776,-0.631,-0.004,0.672,0.83,0.057,0.731,0.633,0.58,0.945,0.772,0.812,0.465,0.218,0.734,0.229,0.739,0.403,0.658,0.407,0.188,0.758,0.805,0.626,0.663,0.712,-0.696,0.847,0.365,0.768,0.74,0.833,0.77,0.958,0.588,0.793,0.738,0.437,0.507,0.772,0.792,0.807,0.755,0.757,0.649,0.881,0.822,0.494,0.56,0.848,0.247,0.637,0.494,0.265,-0.408,0.44,0.676,0.721,0.608,0.433,0.805,0.298,0.684,-0.216,0.714,0.646,0.66
APPN,0.292,-0.005,-0.692,-0.471,0.883,0.618,0.936,0.946,0.639,0.687,0.686,0.84,0.952,0.773,0.326,0.816,0.77,0.887,0.0,0.704,0.759,0.794,0.897,0.68,0.61,0.476,-0.543,0.175,0.643,0.757,0.862,0.296,-0.121,-0.068,0.859,0.769,0.898,0.74,0.913,0.828,0.827,0.6,0.148,0.653,0.474,-0.19,0.918,0.628,0.547,0.853,0.734,0.844,0.734,0.631,0.86,0.871,0.799,0.823,0.913,0.875,0.821,0.765,0.923,0.784,0.523,0.901,0.734,0.829,0.756,0.933,0.776,-0.065,0.69,0.754,0.817,0.811,0.205,0.346,0.875,0.384,-0.532,0.827,0.704,0.819,0.812,0.401,0.42,0.757,0.694,0.86,0.694,0.801,0.827,0.884,0.548,0.785,0.828,0.455,0.745,0.799,0.324,0.865,0.854,0.88,0.788,0.478,0.885,0.625,0.597,0.353,0.851,0.572,0.881,0.699,0.807,0.889,0.194,0.905,0.784,0.501,0.185,0.908,0.231,0.234,-0.042,0.77,0.054,0.475,0.721,0.684,0.758,0.79,-0.205,0.805,-0.61,0.215,0.783,0.797,0.178,0.819,0.786,0.441,0.962,0.804,0.886,0.641,0.42,0.813,0.408,0.714,0.59,0.817,0.261,0.409,0.855,0.845,0.644,0.798,0.815,-0.726,0.813,0.572,0.836,0.806,0.863,0.865,0.957,0.762,0.85,0.831,0.519,0.682,0.88,0.893,0.746,0.846,0.797,0.445,0.866,0.893,0.669,0.646,0.865,0.467,0.749,0.504,0.493,-0.366,0.512,0.547,0.695,0.715,0.511,0.685,0.429,0.807,-0.14,0.741,0.796,0.533
APTO,0.034,-0.313,-0.82,-0.386,0.764,0.128,0.742,0.733,0.559,0.856,0.353,0.859,0.663,0.398,-0.127,0.396,0.325,0.818,0.704,0.0,0.267,0.822,0.686,0.153,0.113,0.678,-0.474,0.33,0.853,0.255,0.782,-0.282,-0.338,-0.295,0.55,0.253,0.497,0.238,0.701,0.463,0.382,0.17,-0.385,0.246,0.091,0.268,0.777,0.112,0.25,0.673,0.248,0.498,0.802,0.49,0.563,0.43,0.679,0.336,0.608,0.735,0.344,0.313,0.564,0.876,0.032,0.701,0.484,0.452,0.605,0.67,0.422,-0.305,0.196,0.555,0.461,0.36,-0.179,-0.269,0.633,-0.082,-0.509,0.59,0.235,0.418,0.504,0.303,0.833,0.213,0.194,0.516,0.207,0.356,0.404,0.858,-0.016,0.452,0.627,-0.068,0.256,0.603,-0.082,0.485,0.573,0.631,0.297,0.123,0.517,0.38,-0.033,0.408,0.382,-0.058,0.783,0.63,0.291,0.55,-0.355,0.58,0.765,0.043,-0.199,0.732,-0.207,-0.169,-0.544,0.701,0.095,0.824,0.24,0.198,0.766,0.738,-0.449,0.616,-0.535,-0.359,0.275,0.844,-0.298,0.487,0.275,0.742,0.773,0.411,0.582,0.081,-0.214,0.341,-0.159,0.697,-0.008,0.272,0.37,-0.066,0.507,0.655,0.696,0.322,0.3,-0.645,0.742,0.053,0.566,0.535,0.652,0.571,0.769,0.255,0.688,0.39,0.025,0.166,0.551,0.486,0.76,0.406,0.637,0.809,0.733,0.623,0.096,0.174,0.62,-0.153,0.313,0.242,-0.165,-0.64,0.109,0.663,0.335,0.308,0.117,0.607,0.003,0.333,-0.531,0.648,0.278,0.608
ARCT,0.104,0.07,-0.379,-0.662,0.612,0.606,0.714,0.741,0.264,0.332,0.719,0.586,0.812,0.783,0.32,0.75,0.735,0.604,0.759,0.267,0.0,0.473,0.691,0.745,0.766,-0.001,-0.613,0.036,0.134,0.756,0.664,0.531,-0.136,-0.126,0.586,0.866,0.798,0.716,0.766,0.794,0.912,0.6,0.372,0.514,0.754,-0.671,0.718,0.649,0.373,0.633,0.752,0.744,0.513,0.525,0.69,0.855,0.758,0.835,0.811,0.684,0.841,0.757,0.881,0.453,0.641,0.814,0.678,0.864,0.768,0.808,0.869,-0.203,0.771,0.488,0.698,0.829,0.174,0.586,0.679,0.366,-0.621,0.784,0.836,0.859,0.888,0.144,-0.098,0.848,0.911,0.702,0.83,0.715,0.897,0.633,0.692,0.865,0.733,0.494,0.871,0.562,0.277,0.869,0.652,0.662,0.879,0.73,0.79,0.347,0.803,-0.072,0.929,0.784,0.725,0.33,0.868,0.757,0.47,0.822,0.641,0.617,0.123,0.629,0.247,0.145,0.184,0.466,-0.095,-0.033,0.767,0.641,0.416,0.57,-0.234,0.572,-0.683,0.494,0.836,0.471,0.22,0.663,0.906,0.003,0.741,0.731,0.855,0.725,0.62,0.789,0.533,0.345,0.885,0.873,0.057,0.441,0.903,0.738,0.341,0.896,0.86,-0.68,0.691,0.685,0.82,0.746,0.784,0.874,0.722,0.9,0.795,0.771,0.512,0.734,0.745,0.902,0.585,0.864,0.451,0.107,0.706,0.849,0.879,0.584,0.692,0.675,0.658,0.256,0.779,-0.068,0.388,0.354,0.666,0.802,0.675,0.447,0.671,0.835,-0.038,0.359,0.825,0.226
ARWR,0.245,0.023,-0.625,-0.258,0.906,0.486,0.795,0.869,0.775,0.881,0.601,0.889,0.818,0.633,0.135,0.673,0.546,0.846,0.794,0.822,0.473,0.0,0.778,0.523,0.424,0.712,-0.324,0.443,0.776,0.538,0.849,0.15,0.053,-0.047,0.705,0.532,0.729,0.545,0.831,0.698,0.651,0.537,-0.014,0.488,0.272,0.238,0.844,0.445,0.512,0.892,0.617,0.75,0.728,0.74,0.75,0.606,0.755,0.633,0.796,0.885,0.625,0.573,0.757,0.85,0.373,0.731,0.613,0.702,0.734,0.796,0.674,-0.114,0.596,0.689,0.754,0.692,-0.14,0.138,0.776,0.295,-0.485,0.806,0.542,0.711,0.697,0.57,0.669,0.508,0.293,0.768,0.284,0.624,0.652,0.805,0.37,0.662,0.818,0.305,0.562,0.7,0.169,0.75,0.743,0.805,0.457,0.335,0.763,0.655,0.285,0.591,0.644,0.307,0.871,0.841,0.592,0.715,0.037,0.62,0.703,0.376,0.108,0.729,0.024,0.176,-0.16,0.836,0.015,0.71,0.53,0.556,0.721,0.866,-0.162,0.845,-0.548,0.065,0.593,0.917,0.073,0.726,0.515,0.648,0.883,0.681,0.801,0.375,0.127,0.588,0.207,0.724,0.258,0.557,0.465,0.332,0.671,0.798,0.562,0.598,0.548,-0.53,0.866,0.47,0.8,0.788,0.838,0.666,0.815,0.489,0.677,0.657,0.308,0.489,0.756,0.677,0.833,0.655,0.796,0.652,0.761,0.733,0.455,0.414,0.8,0.271,0.629,0.495,0.208,-0.553,0.412,0.67,0.501,0.662,0.452,0.777,0.183,0.62,-0.214,0.836,0.538,0.83
ASND,0.281,-0.05,-0.633,-0.419,0.856,0.643,0.9,0.917,0.615,0.712,0.689,0.817,0.916,0.719,0.368,0.786,0.684,0.911,0.897,0.686,0.691,0.778,0.0,0.631,0.56,0.443,-0.494,0.132,0.684,0.735,0.831,0.307,-0.134,-0.08,0.793,0.699,0.824,0.714,0.87,0.828,0.787,0.538,0.045,0.645,0.358,-0.131,0.904,0.6,0.586,0.819,0.685,0.749,0.682,0.697,0.878,0.836,0.791,0.781,0.873,0.833,0.78,0.752,0.84,0.766,0.543,0.821,0.766,0.777,0.75,0.881,0.704,-0.006,0.634,0.615,0.802,0.736,0.192,0.27,0.851,0.373,-0.534,0.79,0.658,0.779,0.737,0.451,0.412,0.711,0.615,0.825,0.645,0.765,0.767,0.83,0.485,0.792,0.801,0.38,0.699,0.798,0.342,0.806,0.845,0.855,0.712,0.375,0.845,0.657,0.565,0.33,0.772,0.523,0.868,0.694,0.729,0.813,0.19,0.865,0.777,0.513,0.115,0.89,0.256,0.23,-0.106,0.667,-0.009,0.451,0.667,0.604,0.678,0.757,-0.138,0.765,-0.594,0.145,0.724,0.747,0.147,0.742,0.716,0.459,0.922,0.831,0.837,0.613,0.397,0.773,0.365,0.767,0.544,0.741,0.345,0.304,0.783,0.799,0.548,0.744,0.766,-0.697,0.787,0.485,0.772,0.736,0.85,0.815,0.919,0.723,0.79,0.803,0.515,0.635,0.815,0.833,0.756,0.817,0.76,0.439,0.841,0.849,0.635,0.631,0.845,0.433,0.716,0.554,0.43,-0.361,0.511,0.512,0.702,0.689,0.504,0.726,0.405,0.761,-0.099,0.666,0.708,0.62
ASTH,0.572,0.421,-0.152,-0.087,0.659,0.868,0.617,0.701,0.596,0.243,0.651,0.387,0.734,0.728,0.652,0.856,0.824,0.55,0.68,0.153,0.745,0.523,0.631,0.0,0.831,0.238,-0.154,0.191,0.19,0.9,0.445,0.799,0.38,0.335,0.758,0.894,0.862,0.893,0.668,0.778,0.814,0.757,0.627,0.814,0.568,-0.289,0.546,0.899,0.739,0.715,0.921,0.756,0.245,0.569,0.762,0.817,0.466,0.916,0.721,0.603,0.845,0.865,0.794,0.303,0.866,0.524,0.5,0.767,0.501,0.704,0.719,0.285,0.848,0.634,0.855,0.886,0.341,0.801,0.655,0.795,-0.191,0.667,0.776,0.855,0.665,0.412,-0.113,0.916,0.615,0.818,0.602,0.907,0.812,0.409,0.856,0.695,0.627,0.841,0.874,0.639,0.704,0.86,0.734,0.69,0.773,0.485,0.862,0.739,0.898,0.383,0.859,0.892,0.516,0.562,0.92,0.8,0.69,0.657,0.266,0.754,0.616,0.589,0.671,0.676,0.535,0.47,-0.161,-0.048,0.905,0.871,0.314,0.463,0.32,0.745,-0.326,0.698,0.934,0.435,0.713,0.801,0.831,0.009,0.665,0.832,0.715,0.884,0.787,0.871,0.831,0.334,0.764,0.917,0.055,0.788,0.689,0.563,0.246,0.875,0.902,-0.249,0.502,0.836,0.672,0.687,0.642,0.629,0.626,0.796,0.451,0.829,0.859,0.872,0.806,0.781,0.37,0.849,0.692,-0.097,0.548,0.634,0.874,0.84,0.802,0.863,0.903,0.689,0.851,0.035,0.758,0.167,0.677,0.77,0.664,0.61,0.502,0.89,0.467,0.582,0.91,0.363
ATSG,0.296,0.456,-0.012,-0.328,0.548,0.74,0.512,0.635,0.402,0.264,0.776,0.452,0.702,0.81,0.47,0.82,0.639,0.495,0.61,0.113,0.766,0.424,0.56,0.831,0.0,-0.034,-0.229,0.33,0.128,0.83,0.481,0.796,0.303,0.157,0.586,0.845,0.785,0.823,0.689,0.821,0.829,0.743,0.597,0.653,0.749,-0.477,0.539,0.868,0.467,0.695,0.858,0.702,0.107,0.55,0.655,0.776,0.601,0.868,0.783,0.641,0.856,0.848,0.684,0.33,0.864,0.586,0.609,0.805,0.671,0.638,0.781,0.067,0.852,0.38,0.726,0.796,0.369,0.7,0.606,0.569,-0.415,0.769,0.746,0.812,0.787,0.384,-0.12,0.904,0.688,0.674,0.718,0.835,0.859,0.368,0.791,0.819,0.72,0.671,0.942,0.557,0.42,0.838,0.657,0.556,0.737,0.668,0.789,0.541,0.887,0.11,0.854,0.85,0.553,0.482,0.857,0.674,0.705,0.628,0.398,0.765,0.414,0.475,0.496,0.45,0.468,0.378,0.007,-0.181,0.869,0.729,0.194,0.526,0.138,0.606,-0.431,0.745,0.879,0.352,0.564,0.763,0.774,-0.202,0.593,0.761,0.742,0.704,0.736,0.854,0.794,0.308,0.8,0.821,0.054,0.546,0.766,0.623,-0.017,0.85,0.843,-0.405,0.592,0.803,0.759,0.733,0.723,0.593,0.571,0.827,0.518,0.748,0.749,0.754,0.597,0.81,0.529,0.867,0.468,-0.061,0.533,0.7,0.892,0.708,0.7,0.805,0.733,0.428,0.864,0.298,0.62,0.375,0.675,0.778,0.842,0.527,0.582,0.849,0.386,0.376,0.832,0.336
AVTX,0.429,-0.025,-0.555,0.242,0.642,0.271,0.556,0.541,0.783,0.575,0.105,0.484,0.424,0.175,0.146,0.325,0.394,0.58,0.476,0.678,-0.001,0.712,0.443,0.238,-0.034,0.0,0.035,0.257,0.684,0.25,0.42,-0.134,0.112,0.249,0.545,0.175,0.417,0.239,0.368,0.251,0.155,0.22,-0.081,0.395,-0.251,0.645,0.448,0.144,0.524,0.53,0.264,0.448,0.556,0.394,0.474,0.246,0.216,0.263,0.315,0.433,0.17,0.219,0.408,0.606,0.047,0.294,0.144,0.188,0.133,0.447,0.156,0.205,0.176,0.686,0.46,0.348,-0.001,-0.042,0.514,0.341,0.066,0.254,0.112,0.287,0.127,0.426,0.649,0.122,-0.153,0.483,-0.131,0.326,0.137,0.486,0.095,0.125,0.318,0.248,0.077,0.472,0.258,0.311,0.431,0.589,0.091,-0.104,0.401,0.634,-0.06,0.826,0.186,-0.004,0.426,0.635,0.205,0.451,-0.2,0.279,0.246,0.086,0.334,0.56,0.122,0.301,-0.154,0.647,0.031,0.794,0.172,0.363,0.61,0.47,0.113,0.615,-0.123,-0.175,0.243,0.667,0.122,0.431,0.179,0.775,0.553,0.332,0.314,0.196,-0.086,0.223,0.028,0.495,-0.184,0.229,0.328,0.336,0.163,0.327,0.704,0.169,0.204,-0.046,0.373,0.14,0.26,0.351,0.32,0.272,0.507,0.03,0.213,0.336,0.185,0.259,0.542,0.238,0.322,0.195,0.673,0.559,0.388,0.235,-0.007,0.274,0.51,0.0,0.419,0.552,-0.143,-0.653,0.318,0.262,0.27,0.188,-0.051,0.563,-0.209,0.237,-0.1,0.806,0.239,0.587
BCPC,0.165,0.579,0.678,0.796,-0.475,-0.04,-0.518,-0.497,-0.014,-0.28,-0.223,-0.555,-0.564,-0.288,0.275,-0.185,-0.239,-0.448,-0.543,-0.474,-0.613,-0.324,-0.494,-0.154,-0.229,0.035,0.0,0.145,-0.25,-0.295,-0.516,0.195,0.69,0.458,-0.166,-0.446,-0.353,-0.245,-0.525,-0.395,-0.43,-0.032,0.326,-0.112,-0.464,0.561,-0.607,-0.058,0.192,-0.345,-0.103,-0.473,-0.617,-0.034,-0.331,-0.389,-0.574,-0.306,-0.53,-0.478,-0.367,-0.182,-0.587,-0.547,-0.116,-0.712,-0.371,-0.453,-0.592,-0.491,-0.403,0.568,-0.177,-0.332,-0.241,-0.398,0.18,0.02,-0.458,0.272,0.636,-0.487,-0.395,-0.399,-0.573,0.359,-0.19,-0.274,-0.683,-0.271,-0.564,-0.2,-0.507,-0.689,-0.077,-0.517,-0.405,0.194,-0.341,-0.19,0.124,-0.457,-0.194,-0.397,-0.555,-0.403,-0.408,0.122,-0.222,0.257,-0.49,-0.102,-0.553,0.032,-0.335,-0.471,0.244,-0.578,-0.706,0.063,0.457,-0.47,0.348,0.437,0.434,-0.212,0.302,-0.286,-0.303,-0.048,-0.276,-0.319,0.802,-0.34,0.749,0.084,-0.248,-0.372,0.395,-0.264,-0.533,-0.156,-0.521,-0.196,-0.555,-0.28,0.002,-0.222,0.081,-0.385,-0.373,-0.318,0.093,0.129,-0.582,-0.467,-0.44,-0.484,-0.354,0.781,-0.495,-0.101,-0.472,-0.302,-0.538,-0.745,-0.53,-0.486,-0.699,-0.259,0.049,-0.297,-0.409,-0.556,-0.523,-0.476,-0.172,-0.316,-0.476,-0.689,-0.306,-0.113,-0.367,-0.028,-0.2,0.159,-0.171,0.369,0.17,-0.292,-0.119,-0.304,-0.115,-0.177,-0.197,-0.39,0.565,-0.123,-0.306,-0.03
BEAM,-0.142,0.346,-0.025,-0.124,0.211,0.006,0.217,0.287,0.213,0.47,0.391,0.41,0.204,0.442,-0.224,0.272,0.021,0.308,0.175,0.33,0.036,0.443,0.132,0.191,0.33,0.257,0.145,0.0,0.238,0.035,0.329,0.103,0.195,-0.063,0.184,0.108,0.203,0.077,0.35,0.224,0.25,0.207,0.076,-0.045,0.347,0.232,0.208,0.112,0.136,0.472,0.31,0.127,0.163,0.467,0.084,0.191,0.394,0.187,0.286,0.373,0.195,0.278,0.149,0.316,0.102,0.247,0.188,0.275,0.398,0.226,0.395,-0.233,0.212,0.122,0.168,0.177,0.05,-0.061,0.26,0.032,-0.259,0.469,0.146,0.289,0.382,0.312,0.437,0.144,-0.095,0.126,-0.026,0.188,0.253,0.16,0.116,0.305,0.496,0.111,0.291,0.199,-0.199,0.284,0.307,0.251,-0.022,0.215,0.185,0.207,-0.0,0.178,0.174,0.082,0.355,0.439,0.186,0.104,0.123,0.096,0.23,0.196,0.127,0.174,0.017,0.004,0.053,0.467,0.399,0.188,0.199,0.267,0.258,0.566,0.039,0.217,-0.056,0.119,0.236,0.44,-0.021,0.271,0.016,0.298,0.261,0.204,0.313,-0.147,-0.123,0.24,0.046,0.119,0.048,0.12,0.341,0.079,0.282,0.413,-0.017,0.114,0.166,-0.061,0.467,0.18,0.44,0.478,0.373,0.096,0.249,0.031,0.162,0.189,0.022,-0.032,0.057,0.228,0.482,0.177,0.172,0.413,0.25,0.191,0.104,0.011,0.269,0.003,0.084,-0.038,0.008,0.086,0.221,0.623,0.148,0.245,0.36,0.382,0.096,0.132,-0.082,0.239,0.202,0.518
BILI,0.232,-0.227,-0.627,-0.111,0.754,0.284,0.666,0.697,0.708,0.815,0.336,0.744,0.623,0.336,0.065,0.447,0.298,0.771,0.643,0.853,0.134,0.776,0.684,0.19,0.128,0.684,-0.25,0.238,0.0,0.341,0.68,-0.162,-0.128,-0.094,0.612,0.242,0.508,0.321,0.637,0.471,0.314,0.247,-0.306,0.432,-0.112,0.429,0.687,0.214,0.329,0.68,0.261,0.513,0.627,0.509,0.644,0.386,0.522,0.351,0.579,0.688,0.333,0.336,0.457,0.835,0.134,0.546,0.498,0.379,0.472,0.575,0.294,-0.001,0.233,0.504,0.539,0.341,0.032,-0.199,0.62,0.108,-0.316,0.506,0.14,0.341,0.355,0.466,0.783,0.231,0.056,0.562,0.169,0.427,0.322,0.728,0.029,0.388,0.526,0.009,0.232,0.618,0.091,0.413,0.573,0.638,0.232,0.003,0.51,0.53,0.01,0.601,0.311,-0.032,0.663,0.697,0.252,0.534,-0.26,0.516,0.622,0.103,-0.021,0.695,-0.029,0.051,-0.408,0.61,0.094,0.823,0.218,0.218,0.675,0.667,-0.208,0.648,-0.385,-0.279,0.276,0.774,-0.088,0.511,0.228,0.695,0.706,0.451,0.486,0.15,-0.106,0.364,-0.009,0.791,-0.077,0.254,0.373,0.011,0.38,0.57,0.576,0.265,0.282,-0.473,0.63,0.102,0.462,0.452,0.589,0.405,0.686,0.196,0.503,0.421,0.18,0.207,0.534,0.412,0.656,0.396,0.702,0.695,0.632,0.546,0.088,0.31,0.585,-0.062,0.395,0.447,-0.151,-0.537,0.283,0.554,0.412,0.271,0.131,0.607,-0.086,0.326,-0.278,0.732,0.263,0.679
BJRI,0.611,0.258,-0.25,-0.149,0.745,0.917,0.67,0.772,0.627,0.293,0.668,0.481,0.837,0.717,0.7,0.882,0.814,0.631,0.757,0.255,0.756,0.538,0.735,0.9,0.83,0.25,-0.295,0.035,0.341,0.0,0.514,0.742,0.265,0.296,0.76,0.924,0.892,0.964,0.718,0.874,0.816,0.769,0.511,0.919,0.502,-0.321,0.668,0.926,0.651,0.751,0.855,0.864,0.274,0.516,0.872,0.834,0.506,0.945,0.817,0.685,0.885,0.877,0.817,0.459,0.896,0.611,0.642,0.767,0.558,0.729,0.659,0.344,0.856,0.626,0.899,0.897,0.398,0.75,0.774,0.748,-0.23,0.685,0.759,0.827,0.667,0.387,-0.032,0.922,0.689,0.864,0.736,0.936,0.842,0.507,0.819,0.757,0.632,0.766,0.875,0.667,0.709,0.866,0.739,0.751,0.837,0.496,0.919,0.759,0.903,0.366,0.871,0.837,0.585,0.56,0.902,0.872,0.612,0.749,0.404,0.71,0.536,0.674,0.594,0.636,0.426,0.431,-0.201,0.083,0.907,0.805,0.31,0.471,0.199,0.802,-0.447,0.637,0.91,0.439,0.649,0.859,0.876,0.043,0.734,0.855,0.755,0.92,0.807,0.884,0.848,0.501,0.726,0.905,0.016,0.67,0.714,0.583,0.272,0.903,0.896,-0.392,0.525,0.817,0.668,0.658,0.7,0.69,0.698,0.865,0.531,0.871,0.868,0.925,0.835,0.841,0.45,0.918,0.709,-0.049,0.563,0.747,0.886,0.885,0.846,0.849,0.94,0.748,0.831,-0.022,0.723,0.15,0.705,0.778,0.676,0.634,0.449,0.949,0.435,0.595,0.889,0.367
BLUE,-0.035,-0.079,-0.636,-0.615,0.784,0.416,0.838,0.879,0.504,0.891,0.759,0.962,0.861,0.763,0.091,0.68,0.57,0.852,0.862,0.782,0.664,0.849,0.831,0.445,0.481,0.42,-0.516,0.329,0.68,0.514,0.0,0.135,-0.179,-0.355,0.672,0.516,0.747,0.523,0.899,0.775,0.777,0.56,-0.011,0.356,0.43,-0.113,0.931,0.394,0.368,0.806,0.605,0.677,0.801,0.759,0.747,0.731,0.931,0.652,0.864,0.923,0.713,0.616,0.784,0.815,0.31,0.918,0.823,0.816,0.891,0.889,0.802,-0.277,0.629,0.516,0.678,0.628,-0.056,0.113,0.781,0.11,-0.717,0.87,0.613,0.732,0.848,0.478,0.542,0.579,0.567,0.727,0.572,0.577,0.74,0.9,0.385,0.779,0.911,0.215,0.646,0.746,-0.033,0.761,0.784,0.801,0.619,0.479,0.729,0.433,0.348,0.216,0.741,0.369,0.972,0.691,0.606,0.696,0.089,0.803,0.923,0.433,-0.099,0.762,-0.11,-0.063,-0.213,0.806,0.266,0.541,0.48,0.475,0.794,0.939,-0.379,0.633,-0.659,0.018,0.601,0.889,-0.145,0.655,0.564,0.507,0.898,0.711,0.876,0.321,0.196,0.641,0.152,0.725,0.468,0.615,0.452,0.144,0.852,0.945,0.512,0.621,0.599,-0.816,0.938,0.454,0.895,0.871,0.918,0.782,0.872,0.613,0.908,0.718,0.195,0.436,0.686,0.797,0.924,0.694,0.662,0.624,0.88,0.874,0.552,0.332,0.727,0.273,0.486,0.263,0.286,-0.421,0.28,0.759,0.618,0.72,0.574,0.617,0.499,0.618,-0.397,0.672,0.564,0.671
BPOP,0.469,0.681,0.36,0.108,0.253,0.823,0.182,0.324,0.302,-0.05,0.609,0.046,0.4,0.589,0.769,0.685,0.595,0.159,0.296,-0.282,0.531,0.15,0.307,0.799,0.796,-0.134,0.195,0.103,-0.162,0.742,0.135,0.0,0.66,0.411,0.449,0.656,0.587,0.771,0.323,0.616,0.626,0.736,0.822,0.643,0.495,-0.34,0.203,0.866,0.587,0.394,0.808,0.468,-0.235,0.437,0.502,0.572,0.201,0.739,0.458,0.316,0.702,0.732,0.416,-0.091,0.836,0.174,0.41,0.561,0.288,0.351,0.517,0.484,0.802,0.209,0.62,0.636,0.385,0.869,0.335,0.777,0.009,0.42,0.647,0.608,0.425,0.45,-0.443,0.79,0.444,0.558,0.496,0.715,0.602,-0.041,0.84,0.507,0.394,0.842,0.753,0.395,0.637,0.592,0.505,0.343,0.543,0.412,0.59,0.573,0.866,0.14,0.634,0.881,0.189,0.358,0.725,0.459,0.919,0.325,-0.044,0.794,0.637,0.171,0.697,0.752,0.792,0.148,-0.058,-0.44,0.741,0.73,-0.064,0.192,0.589,0.389,-0.048,0.852,0.757,0.034,0.814,0.573,0.576,-0.373,0.273,0.669,0.442,0.72,0.897,0.71,0.908,0.053,0.706,0.714,-0.01,0.7,0.43,0.293,-0.264,0.655,0.673,0.017,0.198,0.83,0.432,0.488,0.371,0.255,0.228,0.648,0.14,0.653,0.801,0.722,0.438,0.511,0.116,0.63,0.346,-0.462,0.192,0.324,0.834,0.691,0.48,0.917,0.687,0.581,0.898,0.43,0.685,-0.051,0.539,0.676,0.749,0.329,0.548,0.7,0.753,0.231,0.69,0.173
