,AAL,AAON,ACB,ACGL,ACGLO,ACIW,ADBE,ADSK,AEP,AGIO,ALEC,ALNY,ALTR,AMBA,AMCX,AMKR,AMRX,ANSS,APPN,APTO,ARCT,ARWR,ASND,ASTH,ATSG,AVTX,BCPC,BEAM,BILI,BJRI,BLUE,BPOP,BRKL,BWIN,BZUN,CARG,CBRL,CBSH,CBUS,CENTA,CERS,CFFN,CHCO,CHEF,CHRD,CINF,CLLS,CMCO,CMCSA,COLL,COMM,COOP,CPB,CRON,CROX,CRUS,CRWD,CTAS,CYBR,CYTK,DGII,DIOD,DOMO,DPZ,DSGR,DXCM,ERIE,ESTA,EXEL,FAST,FCEL,FCFS,FHB,FITBI,FSV,FTDR,FUTU,GLDD,GLPG,GLPI,GOGO,GOSS,GSAT,GYRE,HALO,HAS,HLIT,HLNE,HSDT,HSIC,HTHT,ICHR,IDYA,IMVT,INDB,INSM,IONS,IOSP,ITRI,JBHT,JBLU,JSM,KLIC,KOD,KURA,LAB,LASR,LIN,LKQ,LNT,MBUU,MCRI,MDGL,MEDP,MGNI,MGPI,MGRC,MKTX,MRNA,MRTN,MSEX,MSFT,MU,NAVI,NBTB,NEO,NEOG,NGNE,NSSC,NTAP,NTES,NTLA,NTRS,NYMTN,OBLG,OCFC,ON,ONC,OPI,OSIS,OSW,PALI,PANW,PCAR,PCRX,PCTY,PEBO,PLAB,PLAY,PLMR,PLSE,PLUS,PRTA,PSEC,PSNL,PTCT,PTON,QNST,QRVO,QTTB,RARE,RBCAA,RGNX,SAIC,SGMO,SINT,SNPS,SPSC,SPTN,SSYS,STNE,TBBK,TCPC,TENB,TGTX,TREE,TRUP,TTWO,TW,TXG,UBSI,UCTT,UFPT,UMBF,UPBD,URBN,VBTX,VCTR,VEON,VNET,VRSK,VSEC,WABC,WTFCM,WVE,WW,WWD,XEL,ZD,ZYME
AAL,0.0,-0.099,0.405,0.614,-0.096,-0.061,-0.562,-0.263,0.59,0.292,-0.501,-0.597,-0.458,-0.164,0.024,-0.289,-0.125,-0.289,-0.51,-0.028,-0.582,0.129,-0.484,-0.235,-0.524,0.648,0.669,-0.244,-0.097,-0.133,-0.41,0.09,0.736,-0.28,0.699,-0.549,0.329,0.11,-0.403,-0.463,0.101,0.45,0.492,0.293,-0.292,0.619,-0.579,0.075,0.694,-0.123,0.031,-0.364,-0.311,0.503,0.096,0.022,-0.713,-0.097,-0.566,-0.42,-0.189,0.187,-0.407,-0.549,-0.332,-0.653,-0.154,-0.383,-0.546,-0.47,-0.348,0.437,0.162,-0.132,0.101,-0.518,-0.368,-0.242,-0.556,0.264,0.716,-0.611,0.109,-0.457,-0.598,0.523,0.343,-0.381,-0.468,0.192,-0.163,0.247,-0.509,-0.582,0.577,-0.687,-0.329,0.203,0.379,0.365,0.819,-0.382,0.641,-0.276,-0.291,-0.681,-0.489,0.329,-0.291,0.694,-0.428,-0.093,-0.533,0.129,0.032,0.093,0.304,-0.541,-0.608,-0.634,-0.168,-0.5,0.152,0.359,0.53,0.281,-0.066,-0.245,-0.497,-0.013,0.089,-0.244,0.804,-0.162,0.112,-0.046,-0.148,0.368,0.546,0.212,-0.452,0.079,-0.528,-0.201,-0.519,-0.335,0.234,-0.065,0.648,-0.039,-0.22,-0.099,-0.261,0.397,-0.476,0.257,-0.522,-0.341,-0.418,0.428,-0.576,0.313,-0.537,-0.139,-0.603,-0.658,-0.352,-0.545,-0.253,-0.026,-0.223,-0.15,0.041,-0.508,-0.709,-0.382,0.69,-0.684,-0.473,-0.486,-0.003,0.012,-0.256,0.204,-0.3,0.632,-0.19,-0.282,0.772,-0.458,-0.53,-0.19,0.303,0.076,-0.061,-0.182,0.116,0.634,-0.039,0.0
AAON,-0.099,0.0,-0.12,-0.005,0.018,0.383,0.562,0.681,-0.246,0.103,0.605,0.329,0.574,0.744,0.481,0.578,0.531,0.395,0.625,0.159,0.385,0.241,0.522,0.593,0.627,-0.136,-0.047,0.476,0.099,0.37,0.567,0.437,0.069,0.317,0.214,0.441,0.434,0.387,0.525,0.585,0.431,-0.031,0.259,0.335,0.377,-0.34,0.474,0.52,0.116,0.595,0.802,0.437,0.224,-0.058,0.457,0.58,0.55,0.582,0.578,0.47,0.636,0.595,0.578,0.091,0.534,0.546,0.213,0.694,0.402,0.722,0.58,0.284,0.229,0.453,0.462,0.615,0.549,0.484,0.445,0.635,-0.146,0.59,0.38,0.594,0.467,0.016,-0.316,0.606,0.226,0.595,0.29,0.496,0.544,0.446,0.06,0.38,0.298,0.589,0.158,0.517,0.116,0.522,0.351,0.569,0.394,0.367,0.659,0.552,0.471,-0.177,0.627,0.601,0.483,0.453,0.419,0.29,0.368,0.465,0.385,0.535,0.559,0.461,0.645,0.597,0.209,0.49,0.625,0.134,0.485,0.806,0.549,0.412,0.163,0.414,0.248,0.342,0.673,0.376,0.229,0.409,0.355,-0.006,0.66,0.571,0.657,0.467,0.216,0.709,0.161,0.243,0.579,0.563,-0.154,0.49,0.561,0.123,0.482,0.477,0.607,-0.122,0.503,0.237,0.483,0.724,0.467,0.376,0.727,0.548,0.413,0.541,0.516,0.268,0.528,0.611,0.502,0.412,0.247,0.288,0.64,0.406,0.292,0.52,0.62,0.253,0.635,0.262,0.418,0.593,-0.037,0.572,0.548,0.493,0.084,-0.051,0.344,0.507,0.543,-0.184,0.647,0.024
ACB,0.405,-0.12,0.0,0.017,0.172,0.157,-0.58,-0.089,0.597,0.14,-0.347,-0.134,-0.36,-0.116,-0.436,-0.062,-0.568,-0.131,-0.505,-0.408,-0.439,0.332,-0.505,-0.178,-0.342,0.395,0.571,-0.543,-0.35,-0.106,-0.122,0.313,0.716,-0.415,0.515,-0.375,0.296,0.183,0.041,-0.489,0.332,0.698,0.667,-0.212,0.113,0.514,-0.453,0.183,0.531,-0.328,0.213,-0.218,-0.608,0.856,0.052,0.098,-0.391,0.081,-0.594,-0.679,-0.171,0.358,-0.343,-0.482,-0.26,-0.623,0.356,-0.113,-0.039,-0.49,0.116,-0.031,0.646,-0.44,0.348,-0.481,-0.773,-0.195,-0.565,-0.111,-0.12,-0.518,0.367,-0.278,-0.118,0.629,0.312,-0.222,-0.599,0.067,-0.111,0.314,-0.595,-0.731,0.757,-0.337,0.207,0.168,0.554,0.195,0.247,-0.098,0.464,-0.43,-0.327,-0.685,-0.644,0.04,-0.185,0.468,-0.39,-0.014,-0.497,0.046,0.288,0.076,0.544,-0.619,-0.612,-0.412,-0.264,-0.621,-0.203,0.056,0.723,0.291,-0.168,-0.474,-0.402,-0.143,-0.255,-0.266,0.55,0.217,-0.353,0.322,0.024,0.088,0.584,0.195,-0.314,-0.348,-0.626,0.077,-0.277,-0.411,0.345,-0.079,0.626,-0.191,-0.382,-0.029,-0.11,0.102,-0.319,0.641,-0.78,-0.181,-0.397,-0.15,-0.07,0.563,0.002,0.202,-0.37,-0.598,-0.434,-0.475,-0.341,0.141,-0.207,-0.07,-0.165,-0.504,-0.651,-0.195,0.384,-0.719,-0.609,-0.215,0.355,-0.275,-0.375,0.394,-0.601,0.103,0.052,-0.269,0.59,-0.221,-0.437,-0.065,0.783,0.439,-0.309,-0.083,-0.161,0.699,0.029,0.556
ACGL,0.614,-0.005,0.017,0.0,-0.584,-0.281,-0.291,-0.38,0.444,0.32,-0.41,-0.45,-0.493,-0.288,0.032,-0.459,-0.1,-0.214,-0.318,0.364,-0.619,0.182,-0.265,-0.404,-0.531,0.725,0.587,-0.064,0.435,-0.434,-0.236,-0.4,0.385,-0.001,0.365,-0.523,-0.142,-0.337,-0.565,-0.405,-0.454,-0.076,-0.026,0.083,-0.711,0.583,-0.408,-0.351,0.389,-0.148,-0.208,-0.55,0.135,0.163,-0.044,-0.292,-0.553,-0.452,-0.401,-0.247,-0.376,-0.213,-0.481,-0.219,-0.484,-0.419,-0.372,-0.537,-0.719,-0.306,-0.592,0.53,-0.376,0.009,-0.238,-0.41,-0.094,-0.413,-0.433,0.127,0.692,-0.482,-0.407,-0.535,-0.768,0.349,0.436,-0.492,-0.53,0.007,-0.531,-0.258,-0.433,-0.283,-0.058,-0.727,-0.597,-0.104,-0.279,0.304,0.447,-0.661,0.31,-0.15,-0.471,-0.432,-0.265,0.312,-0.52,0.707,-0.479,-0.384,-0.438,0.261,-0.491,-0.293,-0.209,-0.394,-0.376,-0.464,-0.1,-0.216,0.072,0.232,0.008,0.325,0.247,0.448,-0.471,-0.137,0.396,-0.171,0.531,-0.537,0.522,-0.532,-0.402,0.414,0.072,-0.163,-0.574,0.554,-0.253,-0.368,-0.564,-0.349,-0.287,-0.266,-0.05,0.216,-0.418,-0.373,-0.066,0.002,-0.585,-0.212,-0.061,-0.515,-0.424,0.698,-0.536,-0.243,-0.679,-0.315,-0.56,-0.496,-0.263,-0.46,-0.421,-0.28,-0.251,-0.46,-0.17,-0.453,-0.326,-0.664,0.548,-0.079,-0.202,-0.613,-0.557,-0.137,-0.274,-0.355,-0.17,0.527,-0.571,-0.479,0.275,-0.169,-0.299,-0.407,-0.238,-0.153,-0.289,-0.51,-0.055,0.403,-0.249,0.063
ACGLO,-0.096,0.018,0.172,-0.584,0.0,0.359,0.0,0.418,-0.014,0.13,0.27,0.444,0.38,0.353,0.159,0.449,0.115,0.385,0.071,-0.195,0.285,0.142,0.083,0.202,0.235,-0.297,-0.092,0.049,-0.272,0.43,0.356,0.578,0.124,-0.193,0.069,0.121,0.483,0.495,0.431,0.314,0.616,0.553,0.328,0.186,0.485,-0.176,0.335,0.475,0.082,0.254,0.289,0.407,-0.14,0.218,0.299,0.362,0.325,0.469,0.219,0.216,0.432,0.409,0.207,0.082,0.302,0.13,0.477,0.376,0.624,0.127,0.448,-0.111,0.652,-0.151,0.425,0.104,-0.072,0.236,0.246,0.074,-0.277,0.268,0.523,0.27,0.503,0.181,-0.125,0.278,0.31,0.296,0.516,0.437,0.211,0.054,0.46,0.441,0.669,0.302,0.603,0.175,-0.04,0.489,0.191,0.126,0.305,0.077,0.023,0.177,0.328,-0.29,0.281,0.342,0.42,0.157,0.49,0.34,0.484,0.128,0.327,0.16,-0.038,-0.041,-0.089,-0.005,0.308,-0.02,0.031,-0.467,0.176,0.16,-0.183,0.336,0.036,0.298,-0.399,0.5,0.302,-0.025,0.168,0.469,0.274,-0.382,0.057,0.441,0.385,0.086,0.538,0.321,0.424,0.022,0.327,0.34,0.183,0.152,0.403,0.539,-0.294,0.307,0.138,-0.598,0.438,0.601,0.485,0.441,0.404,0.113,0.174,0.161,0.565,0.463,0.05,0.432,0.185,0.212,-0.004,0.533,-0.096,-0.235,0.056,0.489,0.659,0.118,0.213,0.573,0.074,0.048,0.462,0.4,0.224,0.047,0.089,0.6,0.596,0.424,0.461,0.452,0.22,0.041,0.161,0.04
ACIW,-0.061,0.383,0.157,-0.281,0.359,0.0,0.486,0.726,-0.15,-0.414,0.591,0.123,0.701,0.557,0.518,0.757,0.419,0.396,0.525,-0.539,0.602,-0.237,0.536,0.739,0.585,-0.51,-0.317,-0.152,-0.321,0.856,0.389,0.831,-0.069,0.441,0.143,0.628,0.639,0.881,0.518,0.587,0.576,0.372,0.481,0.562,0.506,-0.553,0.588,0.836,0.156,0.075,0.678,0.713,-0.117,0.004,0.741,0.829,0.422,0.869,0.457,0.202,0.77,0.728,0.698,-0.162,0.748,0.456,0.558,0.661,0.424,0.554,0.596,0.5,0.654,0.375,0.816,0.589,0.254,0.783,0.458,0.659,-0.358,0.409,0.664,0.632,0.586,-0.145,-0.655,0.791,0.45,0.739,0.813,0.757,0.489,0.19,0.444,0.58,0.375,0.772,0.371,0.373,0.395,0.702,0.135,0.573,0.737,0.379,0.43,0.544,0.817,-0.397,0.671,0.819,0.283,-0.038,0.772,0.75,0.74,0.549,0.212,0.639,0.662,0.486,0.609,0.709,0.564,-0.059,0.11,-0.342,0.664,0.596,-0.053,0.07,0.075,0.538,-0.137,0.722,0.793,-0.265,0.6,0.532,0.706,-0.508,0.423,0.817,0.62,0.715,0.826,0.73,0.433,0.205,0.582,0.844,-0.046,0.432,0.603,0.169,0.149,0.782,0.688,-0.537,0.273,0.631,0.542,0.515,0.459,0.478,0.541,0.635,0.373,0.839,0.776,0.848,0.668,0.595,0.287,0.726,0.057,-0.222,0.317,0.654,0.81,0.676,0.54,0.81,0.517,0.464,0.857,0.474,-0.071,-0.131,0.634,0.634,0.372,-0.036,0.386,0.804,0.771,-0.146,0.761,-0.091
ADBE,-0.562,0.562,-0.58,-0.291,0.0,0.486,0.0,0.732,-0.707,-0.369,0.803,0.387,0.845,0.606,0.577,0.709,0.684,0.524,0.947,0.013,0.815,-0.292,0.899,0.72,0.834,-0.666,-0.681,0.429,0.151,0.605,0.543,0.259,-0.668,0.638,-0.325,0.849,0.104,0.384,0.544,0.809,0.161,-0.447,-0.247,0.402,0.325,-0.832,0.795,0.391,-0.405,0.415,0.449,0.704,0.43,-0.642,0.463,0.538,0.787,0.545,0.883,0.681,0.649,0.281,0.849,0.413,0.741,0.937,0.177,0.656,0.424,0.911,0.509,0.256,-0.055,0.645,0.304,0.899,0.853,0.687,0.882,0.495,-0.38,0.816,0.126,0.799,0.633,-0.589,-0.646,0.806,0.688,0.438,0.554,0.257,0.846,0.844,-0.423,0.766,0.183,0.364,-0.272,0.064,-0.148,0.623,-0.294,0.821,0.721,0.853,0.909,0.247,0.722,-0.72,0.826,0.606,0.672,0.011,0.323,0.377,0.025,0.934,0.712,0.886,0.715,0.962,0.633,0.422,-0.213,-0.047,0.369,0.268,0.813,0.653,0.31,0.354,-0.469,0.362,0.164,0.302,0.631,-0.203,-0.115,0.113,0.767,-0.021,0.923,0.586,0.79,0.843,0.152,0.632,-0.29,0.319,0.69,0.603,0.028,0.183,0.76,-0.34,0.867,0.672,0.885,-0.295,0.474,-0.115,0.557,0.357,0.726,0.885,0.886,0.914,0.481,0.517,0.74,0.518,0.612,0.901,0.89,0.675,-0.328,0.647,0.829,0.688,0.233,0.667,0.768,0.142,0.851,0.033,0.543,0.622,-0.594,0.39,0.892,0.414,-0.399,-0.34,0.356,0.609,0.56,-0.731,0.613,-0.282
ADSK,-0.263,0.681,-0.089,-0.38,0.418,0.726,0.732,0.0,-0.35,-0.066,0.831,0.539,0.864,0.86,0.545,0.9,0.588,0.744,0.766,-0.102,0.649,0.069,0.725,0.729,0.773,-0.469,-0.314,0.349,0.011,0.734,0.716,0.688,-0.127,0.307,0.144,0.658,0.562,0.728,0.755,0.767,0.658,0.137,0.288,0.515,0.564,-0.574,0.749,0.738,-0.023,0.542,0.781,0.764,0.135,-0.076,0.719,0.83,0.732,0.826,0.732,0.558,0.834,0.744,0.784,0.275,0.734,0.708,0.532,0.831,0.663,0.787,0.774,0.332,0.512,0.411,0.69,0.721,0.553,0.697,0.72,0.612,-0.41,0.723,0.533,0.798,0.739,-0.109,-0.466,0.823,0.502,0.729,0.743,0.698,0.696,0.525,0.177,0.701,0.565,0.66,0.3,0.406,0.079,0.774,0.253,0.807,0.68,0.522,0.67,0.533,0.761,-0.49,0.79,0.798,0.666,0.314,0.689,0.591,0.541,0.693,0.56,0.722,0.612,0.676,0.645,0.613,0.317,0.305,0.505,-0.041,0.685,0.817,0.333,0.496,-0.022,0.589,-0.059,0.645,0.826,0.073,0.283,0.519,0.66,-0.213,0.722,0.817,0.852,0.671,0.534,0.861,0.283,0.397,0.726,0.77,0.03,0.438,0.802,0.276,0.399,0.712,0.783,-0.513,0.624,0.465,0.749,0.778,0.73,0.585,0.881,0.745,0.625,0.834,0.666,0.615,0.651,0.785,0.586,0.785,-0.005,0.217,0.628,0.755,0.637,0.716,0.781,0.552,0.678,0.243,0.724,0.707,-0.075,0.409,0.716,0.682,0.251,0.043,0.488,0.778,0.642,-0.302,0.776,0.013
AEP,0.59,-0.246,0.597,0.444,-0.014,-0.15,-0.707,-0.35,0.0,0.426,-0.54,-0.252,-0.646,-0.368,-0.422,-0.377,-0.485,-0.146,-0.675,-0.049,-0.73,0.398,-0.658,-0.514,-0.685,0.723,0.789,-0.358,-0.015,-0.426,-0.244,-0.059,0.724,-0.395,0.602,-0.733,0.189,-0.156,-0.31,-0.662,-0.067,0.61,0.52,-0.235,-0.328,0.801,-0.628,-0.15,0.671,-0.297,-0.148,-0.548,-0.322,0.752,-0.194,-0.185,-0.64,-0.279,-0.745,-0.565,-0.433,0.013,-0.655,-0.396,-0.577,-0.78,-0.026,-0.395,-0.405,-0.607,-0.305,0.082,0.231,-0.332,-0.047,-0.735,-0.666,-0.441,-0.691,-0.236,0.408,-0.674,-0.061,-0.604,-0.52,0.756,0.597,-0.546,-0.641,-0.055,-0.39,0.011,-0.704,-0.7,0.478,-0.659,0.029,0.001,0.254,0.429,0.281,-0.505,0.498,-0.51,-0.571,-0.751,-0.752,0.235,-0.543,0.887,-0.648,-0.362,-0.527,0.326,-0.134,-0.192,0.148,-0.706,-0.65,-0.603,-0.285,-0.626,-0.277,0.009,0.428,0.365,0.032,-0.16,-0.631,-0.332,-0.006,-0.136,0.696,-0.238,0.1,-0.173,-0.376,0.274,0.372,0.17,-0.63,0.114,-0.703,-0.273,-0.6,-0.671,0.035,-0.335,0.38,-0.135,-0.564,-0.369,0.093,0.049,-0.604,0.477,-0.737,-0.557,-0.658,0.299,-0.311,0.229,-0.336,-0.022,-0.575,-0.813,-0.517,-0.751,-0.408,-0.248,-0.465,-0.405,-0.356,-0.718,-0.744,-0.564,0.525,-0.608,-0.609,-0.633,-0.104,-0.409,-0.582,0.044,-0.676,0.219,-0.387,-0.494,0.66,-0.301,-0.503,-0.299,0.472,0.387,-0.197,-0.486,-0.313,0.931,-0.335,0.352
AGIO,0.292,0.103,0.14,0.32,0.13,-0.414,-0.369,-0.066,0.426,0.0,-0.084,0.355,-0.312,0.127,-0.084,-0.194,-0.024,0.254,-0.328,0.655,-0.527,0.865,-0.229,-0.437,-0.39,0.648,0.711,0.437,0.492,-0.51,0.342,-0.184,0.621,-0.592,0.443,-0.664,0.072,-0.35,-0.048,-0.182,0.125,0.257,0.068,-0.144,-0.332,0.638,-0.183,-0.258,0.329,0.427,-0.035,-0.41,0.252,0.524,-0.058,-0.233,-0.112,-0.309,-0.189,0.155,-0.17,-0.045,-0.464,0.252,-0.482,-0.332,0.008,-0.139,0.084,-0.208,-0.081,-0.073,0.036,-0.467,-0.125,-0.445,-0.148,-0.452,-0.239,-0.11,0.367,-0.099,-0.115,-0.328,-0.275,0.727,0.67,-0.464,-0.37,0.051,-0.402,-0.149,-0.255,-0.135,0.074,-0.386,0.216,-0.195,0.161,0.383,-0.119,-0.35,0.63,-0.075,-0.526,-0.422,-0.271,0.257,-0.556,0.542,-0.345,-0.353,0.21,0.784,-0.301,-0.453,-0.065,-0.414,0.055,-0.449,-0.495,-0.422,-0.309,-0.187,-0.048,0.652,0.544,0.251,-0.576,-0.073,0.554,0.594,0.487,-0.331,0.088,-0.385,-0.319,0.857,-0.216,0.056,-0.649,0.552,-0.167,-0.182,-0.178,-0.62,-0.313,-0.13,0.14,0.278,-0.176,-0.415,0.353,0.013,-0.206,0.544,-0.33,-0.531,-0.485,0.304,0.223,0.01,-0.067,0.292,-0.052,-0.553,-0.111,-0.498,0.171,-0.163,-0.635,-0.582,-0.297,-0.342,-0.214,-0.406,0.494,0.063,-0.026,-0.327,-0.271,-0.358,-0.174,-0.262,-0.292,0.06,-0.521,-0.198,0.492,0.426,-0.383,0.043,0.267,0.314,0.203,-0.393,-0.385,0.475,-0.384,0.462
ALEC,-0.501,0.605,-0.347,-0.41,0.27,0.591,0.803,0.831,-0.54,-0.084,0.0,0.633,0.869,0.825,0.585,0.807,0.725,0.671,0.828,0.018,0.783,0.062,0.832,0.754,0.847,-0.637,-0.502,0.54,0.115,0.655,0.738,0.527,-0.358,0.347,-0.183,0.747,0.321,0.54,0.741,0.883,0.441,-0.071,0.008,0.412,0.477,-0.736,0.89,0.576,-0.313,0.554,0.582,0.762,0.393,-0.326,0.612,0.652,0.863,0.696,0.87,0.784,0.796,0.486,0.835,0.483,0.773,0.858,0.468,0.853,0.756,0.872,0.737,0.187,0.26,0.377,0.497,0.85,0.683,0.767,0.82,0.521,-0.481,0.903,0.399,0.864,0.805,-0.361,-0.611,0.829,0.681,0.631,0.671,0.466,0.882,0.754,-0.118,0.826,0.517,0.507,0.044,0.21,-0.143,0.783,-0.037,0.878,0.745,0.766,0.834,0.322,0.732,-0.656,0.856,0.702,0.845,0.243,0.501,0.451,0.364,0.829,0.72,0.837,0.633,0.73,0.534,0.41,0.012,0.112,0.472,0.113,0.788,0.651,0.323,0.606,-0.328,0.51,-0.093,0.422,0.748,0.018,0.013,0.307,0.665,-0.15,0.839,0.696,0.921,0.724,0.321,0.74,-0.036,0.4,0.749,0.643,0.183,0.249,0.901,0.092,0.607,0.735,0.83,-0.401,0.764,0.22,0.81,0.688,0.91,0.757,0.814,0.828,0.66,0.693,0.666,0.568,0.551,0.893,0.832,0.767,-0.144,0.496,0.773,0.797,0.483,0.643,0.801,0.345,0.748,0.074,0.644,0.662,-0.451,0.483,0.814,0.682,0.022,-0.164,0.601,0.747,0.533,-0.531,0.626,-0.074
ALNY,-0.597,0.329,-0.134,-0.45,0.444,0.123,0.387,0.539,-0.252,0.355,0.633,0.0,0.482,0.504,0.068,0.397,0.174,0.727,0.447,0.364,0.275,0.51,0.485,0.147,0.448,-0.266,-0.176,0.481,0.363,0.09,0.795,0.12,-0.145,-0.155,-0.211,0.221,-0.01,0.096,0.644,0.497,0.269,0.028,-0.19,-0.182,0.262,-0.255,0.619,0.123,-0.343,0.468,0.238,0.31,0.237,0.01,0.182,0.17,0.692,0.217,0.519,0.532,0.353,0.171,0.251,0.654,0.227,0.49,0.551,0.508,0.766,0.425,0.461,-0.192,0.194,-0.132,0.151,0.339,0.245,0.168,0.542,-0.113,-0.536,0.607,0.151,0.385,0.549,0.049,0.021,0.296,0.247,0.168,0.232,0.044,0.414,0.5,-0.207,0.532,0.671,0.01,-0.029,0.083,-0.614,0.368,0.024,0.433,0.165,0.358,0.364,0.08,0.142,-0.383,0.335,0.105,0.725,0.459,0.097,-0.105,0.044,0.344,0.643,0.41,0.033,0.296,-0.155,-0.181,-0.191,0.294,0.544,0.271,0.257,0.198,0.243,0.679,-0.311,0.217,-0.207,0.083,0.209,0.221,-0.365,0.108,0.13,0.106,0.465,0.382,0.593,0.083,-0.101,0.247,-0.185,0.446,0.222,0.071,0.424,-0.231,0.498,0.374,0.193,0.201,0.261,-0.472,0.817,0.023,0.675,0.602,0.688,0.324,0.471,0.343,0.455,0.324,0.031,0.015,-0.082,0.418,0.582,0.335,-0.164,0.481,0.409,0.482,0.152,-0.025,0.344,-0.044,0.18,-0.305,0.119,0.329,-0.301,0.712,0.348,0.392,0.175,0.255,0.298,0.238,-0.09,-0.203,0.072,0.443
ALTR,-0.458,0.574,-0.36,-0.493,0.38,0.701,0.845,0.864,-0.646,-0.312,0.869,0.482,0.0,0.789,0.635,0.84,0.677,0.573,0.873,-0.134,0.85,-0.212,0.83,0.801,0.896,-0.756,-0.653,0.353,-0.005,0.838,0.63,0.595,-0.451,0.5,-0.196,0.868,0.413,0.685,0.7,0.918,0.49,-0.07,0.024,0.544,0.578,-0.847,0.912,0.699,-0.332,0.532,0.621,0.905,0.208,-0.446,0.677,0.744,0.837,0.802,0.904,0.679,0.893,0.567,0.904,0.352,0.892,0.893,0.448,0.836,0.698,0.866,0.687,0.256,0.316,0.443,0.559,0.9,0.731,0.795,0.855,0.579,-0.507,0.865,0.459,0.852,0.806,-0.456,-0.71,0.904,0.732,0.603,0.826,0.556,0.882,0.708,-0.042,0.867,0.409,0.548,0.129,0.144,-0.013,0.837,-0.087,0.818,0.851,0.776,0.858,0.349,0.871,-0.767,0.917,0.791,0.732,0.032,0.589,0.575,0.389,0.869,0.741,0.846,0.641,0.787,0.594,0.462,0.06,-0.087,0.341,0.002,0.858,0.704,0.188,0.389,-0.362,0.549,-0.117,0.584,0.816,-0.144,0.11,0.403,0.837,-0.307,0.844,0.766,0.917,0.846,0.479,0.817,0.06,0.345,0.835,0.796,-0.047,0.254,0.912,-0.057,0.613,0.85,0.91,-0.573,0.599,0.288,0.719,0.562,0.832,0.828,0.862,0.924,0.698,0.751,0.772,0.75,0.646,0.942,0.773,0.9,-0.238,0.377,0.743,0.913,0.59,0.739,0.833,0.475,0.841,0.147,0.78,0.776,-0.394,0.364,0.82,0.722,0.021,-0.177,0.52,0.872,0.697,-0.639,0.728,-0.227
AMBA,-0.164,0.744,-0.116,-0.288,0.353,0.557,0.606,0.86,-0.368,0.127,0.825,0.504,0.789,0.0,0.565,0.794,0.682,0.627,0.675,0.079,0.577,0.228,0.641,0.714,0.772,-0.375,-0.217,0.564,0.073,0.655,0.747,0.651,0.025,0.255,0.205,0.569,0.617,0.628,0.728,0.786,0.682,0.152,0.307,0.552,0.537,-0.496,0.71,0.728,-0.01,0.745,0.817,0.72,0.235,-0.072,0.716,0.789,0.736,0.776,0.764,0.668,0.876,0.772,0.74,0.315,0.724,0.663,0.391,0.837,0.732,0.778,0.795,0.223,0.474,0.276,0.638,0.696,0.605,0.636,0.607,0.685,-0.346,0.796,0.561,0.768,0.731,-0.025,-0.407,0.745,0.45,0.744,0.633,0.683,0.741,0.5,0.184,0.614,0.498,0.644,0.403,0.431,0.112,0.752,0.374,0.782,0.615,0.489,0.699,0.534,0.677,-0.412,0.802,0.782,0.713,0.41,0.608,0.489,0.56,0.605,0.617,0.606,0.496,0.51,0.634,0.547,0.278,0.368,0.61,-0.019,0.611,0.809,0.489,0.607,0.035,0.545,-0.048,0.549,0.829,0.359,0.27,0.585,0.527,-0.165,0.728,0.721,0.823,0.556,0.45,0.894,0.334,0.368,0.794,0.731,-0.015,0.452,0.832,0.275,0.377,0.691,0.724,-0.382,0.694,0.466,0.708,0.839,0.745,0.499,0.809,0.674,0.739,0.742,0.574,0.524,0.611,0.768,0.577,0.728,0.162,0.286,0.7,0.752,0.577,0.669,0.832,0.494,0.72,0.236,0.639,0.759,-0.007,0.55,0.608,0.759,0.296,-0.005,0.576,0.758,0.602,-0.319,0.763,0.003
AMCX,0.024,0.481,-0.436,0.032,0.159,0.518,0.577,0.545,-0.422,-0.084,0.585,0.068,0.635,0.565,0.0,0.589,0.758,0.297,0.597,0.037,0.56,-0.218,0.62,0.627,0.528,-0.353,-0.266,0.286,0.077,0.599,0.388,0.452,-0.167,0.374,0.081,0.483,0.43,0.508,0.257,0.69,0.37,-0.071,0.065,0.704,0.126,-0.521,0.59,0.534,0.049,0.443,0.49,0.502,0.38,-0.36,0.676,0.538,0.429,0.58,0.623,0.593,0.667,0.403,0.636,0.054,0.577,0.578,0.16,0.522,0.224,0.698,0.333,0.582,0.139,0.441,0.47,0.637,0.669,0.573,0.524,0.762,0.147,0.52,0.333,0.547,0.338,-0.256,-0.587,0.608,0.607,0.658,0.54,0.452,0.638,0.551,0.019,0.401,0.029,0.58,0.131,0.383,0.362,0.488,0.168,0.699,0.654,0.485,0.698,0.529,0.603,-0.373,0.676,0.626,0.521,0.144,0.356,0.512,0.315,0.669,0.483,0.541,0.563,0.556,0.654,0.637,0.068,0.021,0.336,0.046,0.517,0.657,0.393,0.28,0.048,0.202,0.245,0.198,0.573,0.115,0.15,0.325,0.479,-0.053,0.659,0.561,0.522,0.651,0.425,0.656,0.141,0.298,0.718,0.616,-0.086,0.522,0.574,-0.139,0.554,0.521,0.643,-0.074,0.157,0.196,0.224,0.34,0.485,0.526,0.633,0.602,0.606,0.594,0.565,0.544,0.733,0.646,0.45,0.548,0.155,0.189,0.638,0.508,0.337,0.69,0.655,0.37,0.768,0.606,0.498,0.505,-0.143,0.098,0.598,0.568,-0.144,-0.286,0.568,0.594,0.712,-0.379,0.512,-0.437
AMKR,-0.289,0.578,-0.062,-0.459,0.449,0.757,0.709,0.9,-0.377,-0.194,0.807,0.397,0.84,0.794,0.589,0.0,0.615,0.596,0.72,-0.264,0.761,-0.069,0.627,0.811,0.768,-0.571,-0.352,0.276,-0.174,0.808,0.626,0.772,-0.17,0.381,0.105,0.719,0.641,0.753,0.736,0.738,0.676,0.199,0.372,0.551,0.625,-0.644,0.707,0.798,0.022,0.46,0.758,0.793,0.167,-0.119,0.696,0.839,0.728,0.885,0.703,0.521,0.831,0.723,0.836,0.143,0.792,0.688,0.466,0.827,0.649,0.795,0.857,0.267,0.585,0.47,0.747,0.734,0.513,0.766,0.65,0.626,-0.413,0.708,0.573,0.83,0.807,-0.173,-0.578,0.873,0.609,0.743,0.765,0.732,0.715,0.496,0.231,0.745,0.575,0.729,0.376,0.4,0.107,0.848,0.159,0.714,0.775,0.56,0.648,0.475,0.834,-0.54,0.836,0.867,0.643,0.212,0.764,0.714,0.602,0.726,0.518,0.773,0.675,0.642,0.66,0.618,0.365,0.183,0.391,-0.228,0.736,0.777,0.257,0.44,-0.054,0.613,-0.073,0.695,0.876,-0.07,0.35,0.563,0.738,-0.333,0.675,0.848,0.815,0.704,0.639,0.88,0.308,0.156,0.763,0.848,0.034,0.515,0.84,0.228,0.385,0.763,0.81,-0.484,0.606,0.536,0.765,0.731,0.722,0.616,0.795,0.746,0.682,0.831,0.717,0.722,0.761,0.781,0.526,0.863,-0.055,0.172,0.661,0.779,0.739,0.72,0.754,0.664,0.684,0.235,0.826,0.744,-0.124,0.283,0.764,0.732,0.271,0.035,0.538,0.826,0.693,-0.338,0.777,-0.164
AMRX,-0.125,0.531,-0.568,-0.1,0.115,0.419,0.684,0.588,-0.485,-0.024,0.725,0.174,0.677,0.682,0.758,0.615,0.0,0.396,0.679,0.144,0.695,-0.111,0.683,0.674,0.627,-0.449,-0.381,0.639,0.069,0.603,0.451,0.415,-0.301,0.436,-0.022,0.575,0.41,0.425,0.356,0.77,0.347,-0.154,0.009,0.691,0.256,-0.612,0.664,0.495,-0.099,0.601,0.451,0.591,0.561,-0.467,0.55,0.555,0.573,0.564,0.778,0.858,0.719,0.359,0.732,0.261,0.674,0.709,0.021,0.604,0.385,0.802,0.465,0.325,0.039,0.529,0.352,0.716,0.821,0.701,0.7,0.745,0.062,0.745,0.245,0.703,0.498,-0.353,-0.599,0.662,0.704,0.644,0.556,0.393,0.843,0.715,-0.141,0.56,0.183,0.492,0.044,0.313,0.199,0.587,0.05,0.771,0.696,0.684,0.799,0.455,0.641,-0.458,0.792,0.657,0.722,0.245,0.373,0.412,0.213,0.781,0.649,0.634,0.572,0.663,0.685,0.515,-0.068,-0.006,0.373,0.034,0.639,0.66,0.458,0.557,-0.103,0.203,0.186,0.23,0.593,0.146,0.052,0.294,0.577,0.033,0.774,0.489,0.678,0.702,0.313,0.676,0.031,0.256,0.833,0.596,0.068,0.477,0.75,-0.142,0.642,0.593,0.716,-0.035,0.376,0.131,0.421,0.41,0.632,0.634,0.722,0.686,0.731,0.486,0.582,0.528,0.708,0.78,0.619,0.609,0.008,0.424,0.823,0.547,0.314,0.711,0.781,0.301,0.848,0.33,0.502,0.647,-0.235,0.193,0.674,0.619,-0.205,-0.329,0.799,0.608,0.642,-0.524,0.551,-0.496
ANSS,-0.289,0.395,-0.131,-0.214,0.385,0.396,0.524,0.744,-0.146,0.254,0.671,0.727,0.573,0.627,0.297,0.596,0.396,0.0,0.558,0.252,0.318,0.336,0.589,0.313,0.493,-0.175,-0.092,0.433,0.388,0.325,0.709,0.284,-0.066,0.007,0.127,0.291,0.301,0.356,0.693,0.53,0.365,0.08,0.022,0.206,0.254,-0.259,0.621,0.356,-0.12,0.482,0.394,0.406,0.269,-0.004,0.437,0.464,0.556,0.419,0.541,0.54,0.511,0.408,0.368,0.579,0.327,0.493,0.459,0.53,0.566,0.525,0.466,0.196,0.262,0.151,0.413,0.39,0.398,0.336,0.582,0.24,-0.284,0.566,0.187,0.415,0.462,0.069,-0.047,0.454,0.272,0.459,0.483,0.34,0.46,0.482,-0.041,0.472,0.564,0.302,0.076,0.335,-0.19,0.378,0.248,0.637,0.313,0.323,0.411,0.42,0.313,-0.261,0.426,0.321,0.622,0.511,0.318,0.202,0.208,0.476,0.536,0.446,0.292,0.508,0.292,0.24,0.045,0.421,0.639,0.216,0.355,0.437,0.399,0.668,-0.035,0.273,0.014,0.206,0.407,0.263,-0.03,0.33,0.241,0.15,0.544,0.505,0.582,0.276,0.165,0.509,0.071,0.591,0.352,0.295,0.345,0.05,0.519,0.333,0.223,0.318,0.402,-0.362,0.624,0.167,0.561,0.62,0.595,0.298,0.685,0.409,0.482,0.571,0.297,0.191,0.215,0.491,0.505,0.412,0.044,0.333,0.471,0.468,0.255,0.338,0.468,0.15,0.348,0.059,0.258,0.446,-0.088,0.523,0.503,0.408,0.163,0.153,0.395,0.36,0.229,-0.111,0.367,0.242
APPN,-0.51,0.625,-0.505,-0.318,0.071,0.525,0.947,0.766,-0.675,-0.328,0.828,0.447,0.873,0.675,0.597,0.72,0.679,0.558,0.0,0.026,0.779,-0.249,0.907,0.736,0.875,-0.654,-0.636,0.416,0.166,0.651,0.592,0.326,-0.566,0.549,-0.228,0.842,0.188,0.471,0.657,0.835,0.249,-0.328,-0.158,0.433,0.383,-0.818,0.833,0.496,-0.391,0.463,0.538,0.732,0.336,-0.572,0.527,0.598,0.78,0.622,0.882,0.673,0.706,0.396,0.843,0.401,0.764,0.918,0.337,0.734,0.487,0.912,0.535,0.287,0.03,0.607,0.383,0.893,0.815,0.718,0.893,0.526,-0.401,0.821,0.225,0.79,0.659,-0.521,-0.65,0.84,0.663,0.513,0.625,0.38,0.843,0.845,-0.319,0.757,0.233,0.439,-0.18,0.141,-0.114,0.669,-0.19,0.819,0.751,0.812,0.908,0.306,0.739,-0.709,0.841,0.637,0.665,0.053,0.393,0.43,0.129,0.92,0.712,0.858,0.731,0.914,0.642,0.456,-0.122,-0.027,0.431,0.22,0.811,0.665,0.322,0.357,-0.409,0.473,0.11,0.338,0.69,-0.134,-0.032,0.192,0.732,-0.128,0.913,0.646,0.819,0.833,0.219,0.692,-0.165,0.382,0.696,0.63,-0.073,0.187,0.794,-0.225,0.811,0.707,0.886,-0.385,0.517,-0.042,0.603,0.44,0.739,0.842,0.912,0.909,0.492,0.597,0.768,0.534,0.606,0.91,0.863,0.702,-0.187,0.559,0.797,0.735,0.302,0.688,0.77,0.199,0.827,0.084,0.58,0.681,-0.531,0.416,0.863,0.434,-0.282,-0.303,0.38,0.679,0.593,-0.652,0.665,-0.212
APTO,-0.028,0.159,-0.408,0.364,-0.195,-0.539,0.013,-0.102,-0.049,0.655,0.018,0.364,-0.134,0.079,0.037,-0.264,0.144,0.252,0.026,0.0,-0.324,0.48,0.064,-0.375,-0.146,0.408,0.251,0.621,0.765,-0.497,0.301,-0.538,0.066,-0.217,0.007,-0.364,-0.276,-0.521,-0.152,0.048,-0.273,-0.365,-0.456,-0.099,-0.424,0.291,0.045,-0.419,-0.151,0.412,-0.206,-0.336,0.448,-0.119,-0.16,-0.399,0.076,-0.444,0.138,0.355,-0.168,-0.318,-0.304,0.53,-0.339,0.069,-0.255,-0.22,-0.031,0.028,-0.299,-0.024,-0.498,-0.119,-0.401,-0.142,0.278,-0.43,0.071,-0.13,0.322,0.12,-0.466,-0.253,-0.292,0.204,0.51,-0.347,-0.162,-0.164,-0.422,-0.427,-0.005,0.265,-0.499,-0.257,-0.154,-0.404,-0.337,0.107,-0.338,-0.392,0.179,0.086,-0.381,-0.043,0.118,0.102,-0.474,0.203,-0.175,-0.445,0.276,0.53,-0.592,-0.525,-0.519,-0.066,0.353,-0.223,-0.309,0.009,-0.201,-0.255,-0.536,0.362,0.588,0.684,-0.31,-0.071,0.591,0.469,0.025,-0.447,0.309,-0.619,-0.375,0.668,-0.599,-0.176,-0.474,0.718,0.211,-0.316,-0.112,-0.347,-0.622,-0.161,-0.345,0.42,-0.15,-0.458,0.178,-0.284,-0.144,-0.091,0.227,-0.413,-0.253,0.311,0.116,-0.485,-0.231,-0.002,0.013,-0.169,0.12,-0.174,0.15,-0.325,-0.433,-0.582,-0.316,-0.072,0.204,-0.375,0.184,0.543,0.265,-0.214,-0.632,-0.233,0.052,-0.656,0.036,-0.078,-0.607,-0.071,-0.05,0.556,-0.131,-0.147,-0.33,-0.027,0.019,-0.399,-0.335,-0.051,-0.36,0.172
ARCT,-0.582,0.385,-0.439,-0.619,0.285,0.602,0.815,0.649,-0.73,-0.527,0.783,0.275,0.85,0.577,0.56,0.761,0.695,0.318,0.779,-0.324,0.0,-0.429,0.729,0.836,0.857,-0.9,-0.791,0.307,-0.282,0.784,0.388,0.534,-0.651,0.576,-0.418,0.92,0.263,0.552,0.551,0.825,0.377,-0.195,-0.051,0.432,0.592,-0.953,0.779,0.563,-0.385,0.314,0.452,0.828,0.279,-0.586,0.448,0.594,0.781,0.711,0.832,0.645,0.736,0.345,0.922,0.215,0.871,0.864,0.237,0.742,0.603,0.832,0.674,0.032,0.198,0.526,0.424,0.898,0.676,0.844,0.791,0.489,-0.501,0.818,0.382,0.895,0.842,-0.667,-0.874,0.884,0.872,0.435,0.729,0.4,0.893,0.715,-0.151,0.917,0.356,0.465,0.037,-0.049,-0.1,0.855,-0.385,0.67,0.888,0.886,0.819,0.095,0.89,-0.87,0.917,0.768,0.675,-0.203,0.561,0.556,0.265,0.896,0.646,0.905,0.665,0.759,0.53,0.325,-0.058,-0.341,0.008,-0.183,0.901,0.571,-0.035,0.277,-0.53,0.497,-0.121,0.539,0.73,-0.422,0.035,0.23,0.922,-0.401,0.77,0.638,0.844,0.89,0.428,0.643,-0.117,-0.001,0.815,0.749,0.022,0.285,0.881,-0.208,0.653,0.855,0.9,-0.458,0.509,0.178,0.687,0.37,0.767,0.926,0.69,0.919,0.615,0.555,0.764,0.782,0.683,0.904,0.74,0.88,-0.465,0.396,0.717,0.807,0.564,0.66,0.734,0.451,0.799,-0.034,0.801,0.698,-0.556,0.137,0.832,0.642,-0.148,-0.26,0.565,0.795,0.617,-0.748,0.624,-0.474
ARWR,0.129,0.241,0.332,0.182,0.142,-0.237,-0.292,0.069,0.398,0.865,0.062,0.51,-0.212,0.228,-0.218,-0.069,-0.111,0.336,-0.249,0.48,-0.429,0.0,-0.147,-0.271,-0.23,0.517,0.642,0.402,0.354,-0.428,0.449,-0.021,0.602,-0.522,0.341,-0.492,0.078,-0.223,0.152,-0.133,0.212,0.342,0.162,-0.289,-0.096,0.533,-0.093,-0.133,0.276,0.372,0.142,-0.309,0.165,0.635,-0.059,-0.103,0.048,-0.162,-0.138,0.096,-0.063,0.095,-0.335,0.224,-0.355,-0.254,0.215,0.026,0.278,-0.143,0.141,-0.157,0.213,-0.44,0.026,-0.315,-0.242,-0.312,-0.192,-0.108,0.052,0.012,0.058,-0.163,-0.056,0.686,0.577,-0.309,-0.385,0.103,-0.345,-0.057,-0.199,-0.16,0.159,-0.218,0.417,-0.085,0.198,0.335,-0.189,-0.164,0.564,-0.038,-0.456,-0.351,-0.239,0.23,-0.432,0.44,-0.249,-0.223,0.237,0.75,-0.117,-0.41,0.109,-0.389,0.026,-0.297,-0.371,-0.393,-0.292,-0.144,0.124,0.701,0.523,0.177,-0.409,0.004,0.419,0.606,0.42,-0.109,-0.027,-0.173,-0.145,0.746,-0.102,0.078,-0.53,0.407,-0.128,-0.038,-0.003,-0.527,-0.241,-0.053,0.148,0.266,-0.184,-0.294,0.404,0.01,-0.079,0.66,-0.352,-0.348,-0.35,0.162,0.443,0.147,0.198,0.48,0.084,-0.453,-0.068,-0.379,0.101,-0.024,-0.489,-0.485,-0.308,-0.252,-0.111,-0.288,0.402,0.047,-0.034,-0.202,-0.099,-0.368,-0.117,-0.131,-0.294,-0.071,-0.35,-0.133,0.378,0.51,-0.279,0.123,0.422,0.445,0.13,-0.259,-0.349,0.455,-0.219,0.706
ASND,-0.484,0.522,-0.505,-0.265,0.083,0.536,0.899,0.725,-0.658,-0.229,0.832,0.485,0.83,0.641,0.62,0.627,0.683,0.589,0.907,0.064,0.729,-0.147,0.0,0.672,0.792,-0.611,-0.614,0.404,0.238,0.584,0.613,0.285,-0.541,0.485,-0.282,0.755,0.107,0.432,0.561,0.815,0.225,-0.328,-0.242,0.392,0.258,-0.767,0.843,0.418,-0.383,0.417,0.453,0.678,0.429,-0.521,0.558,0.529,0.749,0.536,0.856,0.693,0.677,0.306,0.781,0.462,0.712,0.863,0.354,0.669,0.496,0.844,0.454,0.325,0.011,0.468,0.373,0.839,0.774,0.681,0.88,0.512,-0.357,0.789,0.226,0.743,0.591,-0.486,-0.625,0.76,0.652,0.501,0.596,0.271,0.811,0.814,-0.334,0.727,0.203,0.346,-0.226,0.073,-0.12,0.592,-0.185,0.886,0.689,0.768,0.859,0.285,0.664,-0.69,0.775,0.568,0.699,0.061,0.304,0.321,0.096,0.875,0.731,0.794,0.601,0.853,0.553,0.388,-0.168,-0.026,0.377,0.266,0.723,0.591,0.299,0.393,-0.389,0.357,0.07,0.253,0.593,-0.085,-0.11,0.075,0.661,-0.039,0.874,0.61,0.794,0.793,0.191,0.593,-0.198,0.527,0.669,0.545,0.087,0.142,0.745,-0.191,0.757,0.635,0.812,-0.352,0.504,-0.068,0.561,0.401,0.769,0.812,0.825,0.858,0.482,0.582,0.667,0.514,0.544,0.861,0.857,0.633,-0.181,0.547,0.744,0.702,0.272,0.605,0.726,0.177,0.777,0.108,0.517,0.527,-0.544,0.373,0.794,0.452,-0.282,-0.321,0.412,0.623,0.525,-0.644,0.571,-0.086
ASTH,-0.235,0.593,-0.178,-0.404,0.202,0.739,0.72,0.729,-0.514,-0.437,0.754,0.147,0.801,0.714,0.627,0.811,0.674,0.313,0.736,-0.375,0.836,-0.271,0.672,0.0,0.838,-0.691,-0.515,0.263,-0.324,0.824,0.378,0.724,-0.291,0.535,-0.039,0.843,0.509,0.727,0.627,0.753,0.56,0.026,0.279,0.551,0.647,-0.79,0.641,0.782,-0.061,0.377,0.73,0.78,0.143,-0.313,0.59,0.804,0.627,0.86,0.704,0.498,0.815,0.633,0.924,-0.005,0.883,0.708,0.294,0.815,0.51,0.812,0.74,0.233,0.391,0.599,0.654,0.855,0.584,0.909,0.626,0.727,-0.364,0.707,0.6,0.875,0.766,-0.442,-0.822,0.924,0.683,0.682,0.751,0.676,0.789,0.525,0.163,0.733,0.337,0.751,0.247,0.196,0.252,0.874,-0.024,0.698,0.857,0.653,0.749,0.343,0.915,-0.62,0.888,0.906,0.525,-0.07,0.77,0.686,0.56,0.772,0.4,0.796,0.8,0.652,0.772,0.651,0.332,-0.071,0.128,-0.272,0.846,0.786,0.125,0.243,-0.158,0.692,-0.015,0.667,0.91,-0.208,0.406,0.414,0.826,-0.432,0.688,0.735,0.804,0.865,0.592,0.82,0.236,0.041,0.827,0.881,-0.15,0.597,0.834,-0.006,0.515,0.869,0.919,-0.343,0.445,0.402,0.662,0.552,0.661,0.735,0.722,0.834,0.515,0.716,0.854,0.786,0.82,0.841,0.581,0.838,-0.078,0.132,0.622,0.724,0.685,0.77,0.768,0.641,0.772,0.211,0.874,0.721,-0.255,0.134,0.749,0.638,0.068,-0.186,0.539,0.868,0.794,-0.486,0.842,-0.338
ATSG,-0.524,0.627,-0.342,-0.531,0.235,0.585,0.834,0.773,-0.685,-0.39,0.847,0.448,0.896,0.772,0.528,0.768,0.627,0.493,0.875,-0.146,0.857,-0.23,0.792,0.838,0.0,-0.747,-0.673,0.386,-0.081,0.743,0.537,0.513,-0.474,0.508,-0.254,0.898,0.32,0.582,0.75,0.863,0.435,-0.179,0.011,0.403,0.629,-0.868,0.803,0.644,-0.386,0.485,0.634,0.845,0.16,-0.488,0.524,0.678,0.822,0.759,0.875,0.635,0.8,0.541,0.903,0.341,0.882,0.882,0.352,0.853,0.683,0.881,0.72,0.08,0.234,0.479,0.486,0.932,0.71,0.79,0.789,0.533,-0.579,0.869,0.434,0.872,0.847,-0.524,-0.735,0.914,0.668,0.496,0.723,0.512,0.867,0.713,-0.112,0.854,0.36,0.551,0.09,0.066,-0.103,0.836,-0.173,0.744,0.808,0.782,0.869,0.196,0.841,-0.772,0.914,0.765,0.66,-0.046,0.577,0.501,0.337,0.846,0.654,0.869,0.694,0.756,0.614,0.394,0.037,-0.067,0.282,-0.01,0.87,0.687,0.144,0.323,-0.434,0.659,-0.095,0.544,0.828,-0.165,0.114,0.343,0.807,-0.369,0.847,0.683,0.904,0.827,0.367,0.762,0.003,0.224,0.787,0.739,-0.131,0.25,0.898,-0.106,0.65,0.863,0.922,-0.507,0.628,0.189,0.726,0.585,0.806,0.838,0.825,0.921,0.576,0.646,0.798,0.67,0.602,0.936,0.81,0.837,-0.271,0.427,0.721,0.85,0.519,0.672,0.798,0.382,0.798,-0.028,0.754,0.809,-0.481,0.43,0.818,0.598,-0.031,-0.22,0.42,0.824,0.622,-0.66,0.755,-0.219
AVTX,0.648,-0.136,0.395,0.725,-0.297,-0.51,-0.666,-0.469,0.723,0.648,-0.637,-0.266,-0.756,-0.375,-0.353,-0.571,-0.449,-0.175,-0.654,0.408,-0.9,0.517,-0.611,-0.691,-0.747,0.0,0.9,-0.119,0.32,-0.715,-0.239,-0.428,0.725,-0.468,0.569,-0.875,-0.098,-0.49,-0.473,-0.701,-0.233,0.189,0.169,-0.267,-0.612,0.934,-0.713,-0.447,0.554,-0.138,-0.247,-0.771,-0.088,0.604,-0.293,-0.445,-0.691,-0.573,-0.706,-0.47,-0.593,-0.195,-0.794,-0.227,-0.781,-0.761,-0.299,-0.612,-0.58,-0.621,-0.522,0.114,-0.147,-0.363,-0.291,-0.782,-0.498,-0.732,-0.699,-0.227,0.622,-0.699,-0.317,-0.756,-0.782,0.739,0.835,-0.758,-0.818,-0.227,-0.695,-0.28,-0.762,-0.595,0.172,-0.876,-0.3,-0.257,0.021,0.329,0.205,-0.765,0.564,-0.48,-0.821,-0.813,-0.666,0.144,-0.8,0.918,-0.767,-0.598,-0.525,0.425,-0.466,-0.48,-0.172,-0.776,-0.553,-0.773,-0.511,-0.629,-0.29,-0.101,0.127,0.574,0.213,0.217,-0.848,-0.3,0.286,-0.086,0.688,-0.485,0.3,-0.51,-0.577,0.604,0.05,-0.091,-0.868,0.51,-0.59,-0.494,-0.719,-0.789,-0.361,-0.448,0.184,0.038,-0.634,-0.606,0.021,-0.047,-0.76,0.254,-0.527,-0.793,-0.783,0.586,-0.413,-0.102,-0.626,-0.175,-0.684,-0.875,-0.49,-0.825,-0.459,-0.409,-0.668,-0.725,-0.454,-0.778,-0.655,-0.817,0.584,-0.308,-0.498,-0.784,-0.517,-0.497,-0.55,-0.381,-0.613,0.204,-0.733,-0.571,0.636,-0.042,-0.677,-0.479,0.141,0.228,-0.385,-0.722,-0.465,0.757,-0.464,0.409
BCPC,0.669,-0.047,0.571,0.587,-0.092,-0.317,-0.681,-0.314,0.789,0.711,-0.502,-0.176,-0.653,-0.217,-0.266,-0.352,-0.381,-0.092,-0.636,0.251,-0.791,0.642,-0.614,-0.515,-0.673,0.9,0.0,-0.122,0.17,-0.565,-0.114,-0.12,0.888,-0.565,0.728,-0.828,0.159,-0.283,-0.284,-0.622,0.059,0.483,0.424,-0.193,-0.413,0.905,-0.636,-0.213,0.716,-0.067,-0.035,-0.662,-0.133,0.806,-0.154,-0.242,-0.597,-0.345,-0.681,-0.44,-0.428,0.024,-0.686,-0.32,-0.671,-0.76,-0.071,-0.412,-0.387,-0.543,-0.261,0.118,0.174,-0.4,-0.009,-0.733,-0.572,-0.564,-0.698,-0.098,0.527,-0.618,-0.095,-0.612,-0.584,0.87,0.736,-0.61,-0.728,0.013,-0.545,-0.025,-0.694,-0.618,0.434,-0.759,-0.025,-0.039,0.286,0.479,0.272,-0.542,0.734,-0.444,-0.697,-0.813,-0.666,0.264,-0.654,0.9,-0.647,-0.393,-0.405,0.544,-0.199,-0.314,0.127,-0.745,-0.563,-0.684,-0.426,-0.685,-0.235,0.024,0.376,0.643,0.249,-0.035,-0.773,-0.182,0.314,0.058,0.833,-0.308,0.188,-0.298,-0.374,0.633,0.246,0.1,-0.786,0.335,-0.594,-0.273,-0.575,-0.747,-0.111,-0.26,0.399,-0.015,-0.497,-0.409,0.087,0.154,-0.595,0.543,-0.644,-0.664,-0.689,0.481,-0.233,0.188,-0.39,0.078,-0.568,-0.872,-0.436,-0.779,-0.302,-0.199,-0.597,-0.582,-0.29,-0.712,-0.699,-0.648,0.711,-0.445,-0.453,-0.671,-0.223,-0.43,-0.494,-0.095,-0.598,0.28,-0.525,-0.464,0.766,-0.041,-0.601,-0.252,0.425,0.373,-0.169,-0.538,-0.339,0.867,-0.343,0.452
BEAM,-0.244,0.476,-0.543,-0.064,0.049,-0.152,0.429,0.349,-0.358,0.437,0.54,0.481,0.353,0.564,0.286,0.276,0.639,0.433,0.416,0.621,0.307,0.402,0.404,0.263,0.386,-0.119,-0.122,0.0,0.353,0.031,0.512,-0.015,-0.163,0.086,-0.128,0.189,0.059,-0.08,0.288,0.52,0.135,-0.289,-0.256,0.19,0.15,-0.239,0.438,0.022,-0.238,0.765,0.204,0.23,0.598,-0.31,0.051,0.106,0.537,0.118,0.612,0.802,0.359,0.047,0.317,0.569,0.238,0.52,-0.152,0.351,0.443,0.521,0.316,-0.144,-0.211,0.212,-0.088,0.407,0.641,0.208,0.507,0.274,0.044,0.68,-0.06,0.405,0.348,-0.129,-0.026,0.229,0.396,0.212,0.071,-0.021,0.6,0.601,-0.388,0.348,0.274,0.028,-0.085,0.142,-0.234,0.267,0.075,0.498,0.185,0.48,0.561,0.219,0.129,-0.243,0.433,0.167,0.735,0.518,-0.027,-0.135,-0.149,0.408,0.647,0.302,0.145,0.371,0.217,0.028,-0.348,0.285,0.56,0.365,0.285,0.408,0.537,0.815,-0.153,0.024,0.168,-0.092,0.194,0.489,-0.373,0.125,0.127,0.434,0.61,0.08,0.495,0.179,-0.259,0.319,-0.23,0.247,0.47,0.088,0.289,0.155,0.49,0.0,0.469,0.182,0.324,0.137,0.559,-0.158,0.372,0.402,0.538,0.33,0.528,0.334,0.564,0.042,0.049,-0.056,0.195,0.491,0.571,0.25,-0.049,0.666,0.67,0.256,-0.108,0.214,0.51,-0.191,0.514,-0.13,-0.01,0.472,-0.181,0.624,0.325,0.388,-0.229,-0.035,0.563,0.178,0.108,-0.399,0.132,-0.123
BILI,-0.097,0.099,-0.35,0.435,-0.272,-0.321,0.151,0.011,-0.015,0.492,0.115,0.363,-0.005,0.073,0.077,-0.174,0.069,0.388,0.166,0.765,-0.282,0.354,0.238,-0.324,-0.081,0.32,0.17,0.353,0.0,-0.353,0.348,-0.532,-0.041,-0.103,0.036,-0.228,-0.296,-0.407,-0.018,0.086,-0.354,-0.363,-0.479,-0.019,-0.543,0.203,0.183,-0.364,-0.257,0.303,-0.233,-0.192,0.404,-0.15,0.068,-0.3,0.079,-0.385,0.161,0.274,-0.14,-0.275,-0.226,0.655,-0.263,0.128,-0.025,-0.156,-0.077,0.066,-0.322,0.215,-0.491,-0.139,-0.259,-0.058,0.321,-0.331,0.15,-0.118,0.171,0.116,-0.514,-0.245,-0.305,0.126,0.392,-0.233,-0.165,-0.087,-0.262,-0.339,-0.0,0.295,-0.529,-0.182,-0.248,-0.347,-0.486,0.074,-0.315,-0.398,0.092,0.231,-0.285,0.012,0.163,0.131,-0.391,0.184,-0.173,-0.401,0.213,0.405,-0.553,-0.418,-0.474,0.036,0.33,-0.109,-0.148,0.176,-0.107,-0.152,-0.486,0.291,0.613,0.827,-0.227,-0.136,0.616,0.347,-0.058,-0.334,0.287,-0.603,-0.298,0.508,-0.502,-0.268,-0.373,0.59,0.249,-0.211,-0.077,-0.217,-0.548,-0.104,-0.381,0.681,-0.181,-0.39,0.153,-0.408,-0.113,-0.152,0.301,-0.347,-0.149,0.22,0.124,-0.507,-0.193,-0.05,0.098,-0.093,0.186,-0.069,0.018,-0.16,-0.246,-0.507,-0.309,-0.009,0.298,-0.337,0.195,0.547,0.231,-0.094,-0.607,-0.097,-0.002,-0.624,0.04,0.019,-0.544,-0.151,-0.158,0.499,0.051,-0.217,-0.352,-0.225,-0.122,-0.32,-0.285,-0.03,-0.28,0.286
BJRI,-0.133,0.37,-0.106,-0.434,0.43,0.856,0.605,0.734,-0.426,-0.51,0.655,0.09,0.838,0.655,0.599,0.808,0.603,0.325,0.651,-0.497,0.784,-0.428,0.584,0.824,0.743,-0.715,-0.565,0.031,-0.353,0.0,0.337,0.802,-0.274,0.52,-0.006,0.806,0.633,0.894,0.556,0.721,0.572,0.221,0.35,0.717,0.637,-0.759,0.686,0.873,-0.07,0.271,0.638,0.891,-0.068,-0.288,0.744,0.86,0.546,0.905,0.648,0.406,0.862,0.71,0.853,-0.034,0.902,0.631,0.418,0.718,0.506,0.661,0.643,0.366,0.532,0.463,0.719,0.737,0.482,0.852,0.616,0.679,-0.37,0.597,0.622,0.768,0.713,-0.384,-0.789,0.878,0.658,0.695,0.926,0.774,0.705,0.388,0.318,0.72,0.322,0.727,0.389,0.2,0.366,0.837,-0.011,0.631,0.906,0.578,0.614,0.392,0.942,-0.625,0.829,0.897,0.418,-0.172,0.784,0.83,0.647,0.712,0.413,0.691,0.686,0.6,0.685,0.636,0.408,-0.231,0.051,-0.374,0.82,0.637,-0.057,0.101,-0.149,0.604,-0.19,0.765,0.862,-0.327,0.503,0.551,0.863,-0.59,0.556,0.76,0.721,0.842,0.8,0.818,0.384,0.112,0.777,0.91,-0.193,0.435,0.787,-0.006,0.328,0.893,0.826,-0.566,0.313,0.57,0.582,0.443,0.587,0.667,0.638,0.782,0.575,0.8,0.859,0.941,0.745,0.771,0.422,0.908,-0.116,-0.052,0.473,0.827,0.811,0.817,0.725,0.783,0.712,0.367,0.936,0.722,-0.161,-0.082,0.68,0.687,0.23,-0.153,0.496,0.938,0.846,-0.433,0.822,-0.386
BLUE,-0.41,0.567,-0.122,-0.236,0.356,0.389,0.543,0.716,-0.244,0.342,0.738,0.795,0.63,0.747,0.388,0.626,0.451,0.709,0.592,0.301,0.388,0.449,0.613,0.378,0.537,-0.239,-0.114,0.512,0.348,0.337,0.0,0.36,-0.043,0.101,0.045,0.329,0.331,0.317,0.619,0.683,0.456,0.108,0.028,0.214,0.259,-0.319,0.721,0.39,-0.064,0.601,0.566,0.461,0.356,0.016,0.549,0.48,0.783,0.469,0.672,0.629,0.638,0.464,0.476,0.465,0.429,0.602,0.492,0.643,0.729,0.663,0.625,0.137,0.366,0.044,0.447,0.485,0.463,0.347,0.587,0.335,-0.433,0.707,0.336,0.569,0.6,0.164,-0.132,0.495,0.301,0.537,0.342,0.305,0.556,0.509,-0.071,0.547,0.591,0.292,0.118,0.416,-0.281,0.488,0.243,0.636,0.354,0.426,0.544,0.505,0.37,-0.327,0.578,0.421,0.773,0.568,0.248,0.139,0.261,0.495,0.721,0.548,0.253,0.443,0.191,0.255,-0.01,0.407,0.746,0.261,0.396,0.511,0.528,0.723,-0.06,0.19,0.018,0.231,0.48,0.383,-0.12,0.342,0.304,0.142,0.663,0.653,0.68,0.28,0.16,0.58,0.002,0.479,0.479,0.4,0.356,0.069,0.632,0.308,0.322,0.402,0.466,-0.431,0.772,0.208,0.685,0.753,0.701,0.39,0.675,0.503,0.647,0.542,0.271,0.226,0.287,0.572,0.598,0.479,0.082,0.463,0.664,0.596,0.319,0.276,0.595,0.202,0.486,0.089,0.316,0.468,-0.164,0.681,0.561,0.623,0.205,0.162,0.437,0.434,0.251,-0.228,0.367,0.305
