,AAL,AAON,ACB,ACGL,ACGLO,ACIW,ADBE,ADSK,AEP,AGIO,ALEC,ALNY,ALTR,AMBA,AMCX,AMKR,AMRX,ANSS,APPN,APTO,ARCT,ARWR,ASND,ASTH,ATSG,AVTX,BCPC,BEAM,BILI,BJRI,BLUE,BPOP,BRKL,BWIN,BZUN,CARG,CBRL,CBSH,CBUS,CENTA,CERS,CFFN,CHCO,CHEF,CHRD,CINF,CLLS,CMCO,CMCSA,COLL,COMM,COOP,CPB,CRON,CROX,CRUS,CRWD,CTAS,CYBR,CYTK,DGII,DIOD,DOMO,DPZ,DSGR,DXCM,ERIE,ESTA,EXEL,FAST,FCEL,FCFS,FHB,FITBI,FSV,FTDR,FUTU,GLDD,GLPG,GLPI,GOGO,GOSS,GSAT,GYRE,HALO,HAS,HLIT,HLNE,HSDT,HSIC,HTHT,ICHR,IDYA,IMVT,INDB,INSM,IONS,IOSP,ITRI,JBHT,JBLU,JSM,KLIC,KOD,KURA,LAB,LASR,LIN,LKQ,LNT,MBUU,MCRI,MDGL,MEDP,MGNI,MGPI,MGRC,MKTX,MRNA,MRTN,MSEX,MSFT,MU,NAVI,NBTB,NEO,NEOG,NGNE,NSSC,NTAP,NTES,NTLA,NTRS,NYMTN,OBLG,OCFC,ON,ONC,OPI,OSIS,OSW,PALI,PANW,PCAR,PCRX,PCTY,PEBO,PLAB,PLAY,PLMR,PLSE,PLUS,PRTA,PSEC,PSNL,PTCT,PTON,QNST,QRVO,QTTB,RARE,RBCAA,RGNX,SAIC,SGMO,SINT,SNPS,SPSC,SPTN,SSYS,STNE,TBBK,TCPC,TENB,TGTX,TREE,TRUP,TTWO,TW,TXG,UBSI,UCTT,UFPT,UMBF,UPBD,URBN,VBTX,VCTR,VEON,VNET,VRSK,VSEC,WABC,WTFCM,WVE,WW,WWD,XEL,ZD,ZYME
AAL,0.0,-0.497,-0.235,0.501,0.248,-0.119,0.382,-0.155,-0.231,-0.038,-0.226,-0.473,0.003,0.428,-0.087,-0.393,-0.46,0.138,0.459,0.255,-0.484,-0.378,-0.46,0.56,-0.231,-0.496,-0.436,-0.284,0.128,0.511,-0.386,0.514,-0.01,0.531,-0.149,-0.514,0.613,0.078,-0.569,-0.32,-0.67,0.041,-0.009,0.51,-0.319,0.623,-0.364,0.25,0.522,-0.111,-0.067,0.429,-0.236,0.018,0.194,-0.022,0.36,0.492,-0.038,-0.222,-0.149,-0.256,0.264,-0.375,0.415,-0.38,-0.433,0.425,-0.49,-0.167,-0.31,0.28,0.028,0.281,0.308,0.179,-0.405,-0.31,-0.426,0.095,0.458,-0.484,-0.431,-0.557,-0.203,0.551,-0.269,0.016,-0.04,0.032,0.608,-0.382,0.349,0.456,-0.171,0.14,0.216,-0.078,-0.507,0.076,0.687,-0.176,0.2,0.207,0.391,-0.231,-0.306,0.364,0.623,0.111,-0.357,0.608,-0.133,-0.242,-0.13,0.369,-0.145,-0.428,-0.263,-0.441,-0.231,0.242,0.465,0.713,0.214,-0.541,-0.134,-0.498,-0.443,0.603,0.193,-0.338,0.498,-0.138,-0.497,0.032,0.279,0.203,-0.105,0.521,0.649,-0.466,-0.582,-0.333,-0.297,0.389,0.277,-0.414,0.591,0.17,-0.424,-0.297,-0.206,0.173,-0.469,-0.082,0.335,0.209,-0.442,-0.39,-0.463,0.311,-0.255,-0.218,-0.563,-0.654,0.205,0.028,-0.22,0.144,0.082,0.205,0.602,0.457,0.292,0.002,0.437,-0.307,0.13,0.003,-0.104,-0.354,-0.353,0.493,-0.324,0.664,0.334,0.02,-0.404,-0.162,-0.168,-0.087,0.027,0.559,0.388,-0.025,0.528,0.011,0.018,0.142
AAON,-0.497,0.0,0.781,0.198,-0.355,0.722,-0.284,0.54,0.532,0.188,0.276,0.881,0.459,-0.394,0.689,0.913,0.843,0.059,-0.643,-0.649,0.808,0.855,0.174,-0.333,0.767,0.464,0.784,0.117,-0.004,-0.898,0.754,0.089,0.718,-0.858,0.686,0.888,-0.849,0.632,0.602,0.809,0.82,0.379,0.714,-0.781,0.861,-0.097,0.619,0.404,-0.541,0.117,0.576,-0.812,0.768,0.496,-0.089,0.42,-0.717,-0.256,0.531,0.489,-0.005,0.764,-0.497,0.759,-0.713,0.801,0.088,-0.79,0.528,0.656,0.738,-0.066,0.615,0.044,-0.735,0.107,0.675,0.854,0.559,-0.174,-0.844,0.362,0.814,0.847,0.3,-0.072,0.744,0.514,0.204,0.543,-0.616,0.891,-0.684,-0.689,0.824,-0.538,-0.116,0.706,0.902,0.395,-0.826,0.136,0.42,-0.222,-0.821,0.59,0.759,-0.21,-0.498,0.494,0.853,-0.616,0.574,0.624,0.692,-0.573,0.762,0.834,0.809,0.541,0.781,0.078,-0.487,-0.438,0.509,0.766,0.429,0.283,0.771,-0.744,0.318,0.585,0.283,0.393,0.773,0.68,-0.095,-0.241,0.769,-0.389,-0.898,0.772,0.862,0.846,0.503,-0.489,0.343,0.917,-0.822,-0.014,0.251,0.796,0.572,0.362,0.595,0.498,-0.814,-0.641,0.778,0.712,0.857,-0.422,0.768,0.777,0.835,0.759,-0.027,0.447,0.822,-0.198,-0.187,0.134,-0.523,-0.505,-0.594,0.185,-0.788,0.809,0.228,-0.464,0.755,0.863,0.855,0.213,0.878,-0.759,0.228,0.209,0.9,0.468,0.646,0.746,0.687,-0.426,-0.709,0.68,0.012,0.124,0.156,-0.429
ACB,-0.235,0.781,0.0,0.457,-0.313,0.908,0.022,0.671,0.317,0.516,0.145,0.86,0.715,-0.136,0.854,0.909,0.81,0.347,-0.35,-0.56,0.729,0.929,0.016,-0.048,0.911,0.147,0.637,-0.1,0.268,-0.822,0.782,0.188,0.858,-0.729,0.801,0.823,-0.651,0.894,0.438,0.851,0.599,0.399,0.895,-0.764,0.932,0.231,0.504,0.651,-0.387,0.074,0.799,-0.878,0.915,0.809,-0.267,0.573,-0.556,0.052,0.815,0.589,-0.307,0.743,-0.307,0.75,-0.704,0.878,-0.256,-0.762,0.32,0.884,0.851,-0.155,0.823,0.375,-0.732,0.33,0.663,0.885,0.49,-0.438,-0.84,0.321,0.853,0.858,0.572,0.159,0.829,0.864,0.571,0.777,-0.228,0.943,-0.634,-0.753,0.944,-0.604,0.139,0.941,0.776,0.642,-0.795,-0.183,0.574,-0.101,-0.859,0.605,0.927,-0.115,-0.405,0.736,0.862,-0.272,0.645,0.839,0.906,-0.667,0.888,0.882,0.847,0.542,0.828,0.45,-0.459,0.022,0.783,0.825,0.503,0.173,0.834,-0.453,0.521,0.631,0.458,0.479,0.69,0.867,-0.054,-0.367,0.863,-0.13,-0.727,0.822,0.78,0.82,0.665,-0.174,0.55,0.877,-0.622,0.152,-0.161,0.863,0.654,0.536,0.556,0.733,-0.767,-0.873,0.739,0.73,0.897,-0.453,0.862,0.928,0.656,0.532,0.266,0.68,0.952,0.06,-0.173,0.323,-0.536,-0.254,-0.539,0.277,-0.772,0.946,0.537,-0.583,0.812,0.956,0.816,0.502,0.876,-0.507,0.31,0.359,0.871,0.675,0.712,0.787,0.914,-0.09,-0.654,0.912,0.391,0.01,-0.021,-0.638
ACGL,0.501,0.198,0.457,0.0,0.278,0.448,0.397,0.42,0.117,0.425,-0.108,0.153,0.481,0.246,0.33,0.319,0.141,0.48,0.231,-0.052,-0.006,0.246,-0.372,0.402,0.393,-0.382,0.241,-0.248,0.319,-0.065,0.26,0.492,0.579,-0.025,0.343,0.109,0.12,0.642,-0.071,0.384,-0.121,0.329,0.578,-0.004,0.334,0.832,-0.007,0.708,0.335,0.208,0.444,-0.233,0.379,0.515,0.044,0.422,-0.001,0.557,0.485,0.255,-0.197,0.416,0.12,0.166,0.003,0.381,-0.258,-0.075,-0.184,0.511,0.212,0.259,0.594,0.392,-0.153,0.585,0.069,0.363,0.046,0.084,-0.077,-0.193,0.26,0.038,0.12,0.677,0.307,0.498,0.237,0.68,0.383,0.354,-0.089,-0.096,0.483,-0.288,0.447,0.545,0.142,0.519,-0.002,-0.273,0.636,-0.014,-0.255,0.097,0.437,0.389,0.266,0.648,0.322,0.357,0.499,0.451,0.491,0.031,0.492,0.303,0.413,0.141,0.56,0.579,0.165,0.621,0.724,0.152,0.413,-0.214,0.241,0.259,0.469,0.1,0.755,0.04,0.064,0.611,0.371,-0.209,0.518,0.514,0.068,0.05,0.025,0.38,0.343,0.252,0.69,0.239,0.144,0.454,-0.483,0.354,0.203,0.465,0.024,0.449,-0.125,-0.254,0.193,0.069,0.173,0.008,0.392,0.463,-0.11,-0.11,0.396,0.59,0.476,0.268,0.05,0.465,0.092,0.359,0.061,0.354,-0.059,0.391,0.461,-0.384,0.438,0.355,0.219,0.748,0.335,0.157,0.444,0.409,0.182,0.358,0.589,0.521,0.626,0.346,-0.136,0.663,0.736,0.321,-0.008,-0.343
ACGLO,0.248,-0.355,-0.313,0.278,0.0,-0.347,0.592,0.077,-0.277,0.049,-0.157,-0.328,0.028,0.506,-0.439,-0.297,-0.217,0.477,0.697,0.596,-0.434,-0.412,-0.089,0.284,-0.322,-0.297,-0.402,0.334,0.297,0.553,-0.352,-0.175,-0.402,0.493,-0.215,-0.431,0.604,-0.28,-0.253,-0.229,-0.369,-0.443,-0.397,0.507,-0.498,0.276,0.047,-0.099,0.733,0.115,-0.303,0.437,-0.236,-0.115,0.437,0.245,0.646,0.524,0.004,0.083,0.361,-0.056,0.52,-0.17,0.464,-0.149,0.162,0.424,-0.022,-0.052,-0.405,-0.111,-0.346,0.199,0.59,0.403,-0.236,-0.373,-0.267,0.316,0.512,-0.064,-0.282,-0.439,-0.056,0.481,-0.464,-0.168,0.078,-0.012,0.464,-0.365,0.604,0.483,-0.425,0.368,0.203,-0.324,-0.491,0.032,0.401,-0.042,0.114,0.193,0.519,-0.251,-0.163,0.61,0.533,-0.133,-0.332,0.634,0.012,0.045,-0.283,0.257,-0.294,-0.161,-0.111,-0.216,-0.185,0.362,0.56,0.23,-0.27,-0.266,0.269,-0.053,-0.126,0.596,0.034,0.053,-0.051,-0.144,-0.358,-0.361,0.301,0.133,-0.401,0.639,0.53,-0.391,-0.3,-0.224,-0.005,0.637,-0.191,-0.382,0.484,0.56,0.004,-0.318,-0.451,0.012,0.032,-0.129,0.556,0.321,-0.122,-0.29,-0.358,0.086,-0.252,-0.293,-0.486,-0.339,0.381,0.226,-0.253,0.502,0.54,-0.235,0.372,0.678,0.725,0.358,0.592,-0.233,0.281,0.464,-0.51,-0.366,-0.476,-0.072,-0.267,0.456,-0.183,-0.084,-0.523,0.085,0.19,-0.274,-0.324,0.464,0.497,-0.131,0.33,0.106,0.058,0.389
ACIW,-0.119,0.722,0.908,0.448,-0.347,0.0,0.079,0.688,0.288,0.521,-0.017,0.767,0.715,-0.035,0.802,0.828,0.667,0.371,-0.277,-0.524,0.622,0.821,-0.068,0.067,0.827,-0.054,0.617,-0.179,0.38,-0.746,0.733,0.345,0.85,-0.588,0.786,0.709,-0.596,0.91,0.296,0.696,0.483,0.435,0.899,-0.787,0.893,0.377,0.415,0.805,-0.33,0.205,0.914,-0.819,0.865,0.682,-0.313,0.543,-0.468,0.18,0.807,0.546,-0.422,0.635,-0.221,0.636,-0.574,0.819,-0.373,-0.652,0.224,0.853,0.825,-0.072,0.804,0.385,-0.662,0.405,0.517,0.825,0.344,-0.482,-0.723,0.131,0.743,0.751,0.56,0.211,0.801,0.865,0.443,0.726,-0.109,0.887,-0.587,-0.63,0.928,-0.674,0.291,0.949,0.696,0.619,-0.737,-0.313,0.691,-0.146,-0.853,0.552,0.86,-0.082,-0.268,0.765,0.781,-0.204,0.688,0.774,0.917,-0.53,0.911,0.8,0.76,0.446,0.732,0.463,-0.354,0.132,0.845,0.715,0.467,0.143,0.701,-0.352,0.556,0.5,0.606,0.314,0.501,0.872,-0.068,-0.347,0.83,-0.119,-0.63,0.701,0.686,0.815,0.648,-0.154,0.59,0.803,-0.493,0.18,-0.324,0.899,0.665,0.539,0.505,0.76,-0.717,-0.852,0.633,0.633,0.772,-0.539,0.785,0.907,0.523,0.408,0.33,0.674,0.906,-0.036,-0.228,0.397,-0.443,-0.143,-0.479,0.155,-0.734,0.891,0.481,-0.642,0.802,0.89,0.73,0.619,0.744,-0.408,0.223,0.511,0.772,0.665,0.673,0.73,0.92,-0.07,-0.573,0.856,0.429,0.067,-0.117,-0.606
ADBE,0.382,-0.284,0.022,0.397,0.592,0.079,0.0,0.52,-0.631,0.064,-0.462,-0.185,0.595,0.842,-0.002,-0.094,-0.102,0.869,0.837,0.336,-0.199,-0.107,-0.394,0.73,-0.006,-0.516,-0.422,0.316,0.794,0.35,-0.277,0.198,-0.179,0.481,0.202,-0.308,0.53,0.123,-0.59,-0.017,-0.452,-0.511,-0.04,0.19,-0.24,0.538,0.22,0.238,0.669,-0.042,0.171,0.156,0.218,0.118,0.232,0.541,0.651,0.85,0.531,0.458,-0.112,0.057,0.739,0.173,0.205,0.095,-0.451,0.257,-0.216,0.385,0.032,-0.31,-0.147,0.805,0.578,0.449,-0.132,-0.173,-0.509,-0.176,0.26,-0.282,-0.149,-0.249,0.366,0.716,-0.257,0.401,0.329,0.199,0.791,-0.144,0.372,0.459,-0.114,0.175,0.296,0.104,-0.458,0.545,0.146,-0.324,0.564,0.469,0.252,0.195,0.041,0.707,0.541,0.295,-0.227,0.779,0.058,0.308,0.213,-0.122,0.134,0.11,0.111,-0.245,-0.169,0.856,0.376,0.509,0.099,-0.007,0.253,-0.077,0.118,0.66,0.632,0.276,0.311,-0.015,-0.435,-0.067,0.119,0.363,-0.089,0.536,0.471,-0.058,-0.079,-0.09,0.094,0.887,-0.118,-0.173,0.364,0.814,-0.412,0.015,-0.101,0.458,0.18,0.178,0.324,-0.194,0.08,-0.108,-0.078,-0.313,-0.106,0.007,-0.482,-0.593,0.892,0.671,0.127,0.431,0.482,-0.281,0.264,0.846,0.632,0.253,0.384,0.142,0.687,0.319,-0.324,-0.127,-0.266,0.406,-0.061,0.634,-0.233,-0.089,-0.287,0.358,0.285,-0.167,0.078,0.782,0.592,0.193,0.619,-0.301,0.115,0.157
ADSK,-0.155,0.54,0.671,0.42,0.077,0.688,0.52,0.0,-0.04,0.241,-0.206,0.558,0.91,0.339,0.577,0.649,0.526,0.805,0.145,-0.272,0.511,0.633,-0.207,0.372,0.664,-0.121,0.389,0.403,0.71,-0.468,0.498,0.203,0.426,-0.262,0.692,0.534,-0.307,0.608,-0.056,0.647,0.392,-0.127,0.543,-0.554,0.529,0.362,0.652,0.577,0.015,0.124,0.7,-0.547,0.825,0.503,-0.094,0.762,-0.022,0.499,0.864,0.832,-0.283,0.638,0.238,0.763,-0.41,0.773,-0.347,-0.481,0.222,0.901,0.638,-0.308,0.386,0.682,-0.096,0.435,0.462,0.574,0.017,-0.357,-0.505,0.075,0.476,0.554,0.671,0.479,0.404,0.811,0.396,0.608,0.192,0.646,-0.267,-0.209,0.586,-0.313,0.155,0.728,0.452,0.816,-0.637,-0.35,0.799,0.286,-0.558,0.569,0.667,0.367,-0.044,0.767,0.47,0.064,0.455,0.799,0.82,-0.609,0.82,0.78,0.649,0.391,0.473,0.768,-0.185,0.071,0.488,0.731,0.571,0.222,0.755,-0.066,0.741,0.679,0.45,0.144,0.266,0.524,-0.112,-0.018,0.582,0.007,-0.402,0.655,0.704,0.643,0.536,0.333,0.213,0.605,-0.358,0.692,-0.216,0.773,0.438,0.74,0.654,0.651,-0.375,-0.713,0.765,0.528,0.668,-0.6,0.529,0.696,0.276,0.136,0.77,0.894,0.759,0.145,0.248,-0.092,-0.263,0.285,0.04,0.338,-0.477,0.813,0.749,-0.183,0.358,0.615,0.492,0.477,0.637,-0.245,-0.114,0.208,0.526,0.56,0.729,0.456,0.643,0.252,-0.102,0.687,0.448,-0.014,0.114,-0.314
AEP,-0.231,0.532,0.317,0.117,-0.277,0.288,-0.631,-0.04,0.0,0.27,0.614,0.467,-0.14,-0.489,0.199,0.498,0.391,-0.36,-0.606,-0.223,0.212,0.349,0.459,-0.434,0.39,0.392,0.669,-0.144,-0.395,-0.458,0.611,-0.03,0.534,-0.492,0.233,0.481,-0.522,0.26,0.639,0.393,0.524,0.623,0.394,-0.301,0.484,-0.068,0.106,0.198,-0.278,0.267,0.176,-0.212,0.136,0.327,0.041,0.076,-0.547,-0.354,-0.077,-0.105,0.237,0.492,-0.564,0.027,-0.179,0.363,0.46,-0.308,0.438,0.084,0.143,0.318,0.5,-0.52,-0.643,0.131,0.47,0.517,0.674,0.142,-0.35,0.48,0.452,0.416,-0.025,-0.186,0.601,-0.026,-0.126,0.292,-0.611,0.502,-0.17,-0.504,0.437,-0.228,0.066,0.278,0.69,-0.206,-0.249,0.216,0.041,-0.314,-0.373,0.017,0.405,-0.151,-0.221,0.212,0.489,-0.563,0.449,0.205,0.188,0.008,0.23,0.251,0.288,0.358,0.615,-0.393,-0.017,-0.333,0.265,0.256,0.348,0.166,0.192,-0.492,-0.297,0.126,0.128,0.116,0.558,0.463,0.284,-0.513,0.354,-0.082,-0.549,0.209,0.296,0.595,0.298,-0.591,0.48,0.498,-0.34,-0.286,0.257,0.305,0.122,-0.104,0.046,0.369,-0.404,-0.025,0.369,0.409,0.312,0.287,0.536,0.384,0.524,0.743,-0.513,-0.09,0.271,0.046,-0.239,0.473,-0.07,-0.517,-0.415,0.249,-0.422,0.251,-0.195,-0.376,0.594,0.47,0.431,-0.068,0.399,-0.567,0.439,0.497,0.447,0.009,0.397,0.631,0.298,-0.542,-0.653,0.169,-0.109,0.682,0.038,-0.191
AGIO,-0.038,0.188,0.516,0.425,0.049,0.521,0.064,0.241,0.27,0.0,0.072,0.354,0.294,0.035,0.171,0.369,0.22,0.294,0.125,0.188,-0.011,0.337,0.288,-0.107,0.37,-0.292,0.431,-0.383,0.249,-0.165,0.588,-0.094,0.484,-0.154,0.309,0.22,-0.063,0.508,0.444,0.262,0.154,0.469,0.446,-0.221,0.43,0.426,-0.097,0.559,0.074,0.502,0.544,-0.352,0.277,0.581,-0.288,0.281,-0.013,0.267,0.369,0.209,-0.148,0.29,0.071,-0.011,0.027,0.517,0.076,-0.101,0.044,0.479,0.313,0.07,0.585,-0.032,-0.378,0.69,0.226,0.38,0.408,-0.122,-0.133,0.301,0.472,0.364,0.429,0.166,0.518,0.429,0.448,0.601,0.131,0.483,-0.051,-0.439,0.452,-0.324,0.671,0.516,0.323,0.151,-0.26,-0.503,0.255,-0.387,-0.377,-0.126,0.657,0.042,-0.05,0.38,0.434,0.182,0.712,0.622,0.411,0.059,0.322,0.335,0.282,0.425,0.564,0.314,0.005,0.43,0.53,0.404,0.514,0.24,0.284,0.153,-0.041,0.173,0.198,0.168,0.329,0.49,0.278,-0.73,0.278,0.398,-0.143,0.143,0.134,0.484,0.757,0.055,0.581,0.251,0.135,0.143,-0.512,0.384,0.304,0.018,0.268,0.651,-0.057,-0.276,0.205,0.313,0.272,-0.084,0.565,0.535,0.12,0.336,0.106,0.367,0.394,0.483,-0.045,0.682,-0.285,0.155,-0.061,0.452,-0.181,0.4,0.27,-0.466,0.377,0.51,0.17,0.223,0.221,-0.125,0.182,0.711,0.182,0.581,0.546,0.458,0.465,-0.103,-0.463,0.468,0.466,0.41,-0.549,-0.509
ALEC,-0.226,0.276,0.145,-0.108,-0.157,-0.017,-0.462,-0.206,0.614,0.072,0.0,0.399,-0.231,-0.286,0.127,0.346,0.414,-0.343,-0.432,-0.051,0.168,0.234,0.524,-0.46,0.265,0.639,0.191,0.029,-0.452,-0.296,0.256,-0.261,0.271,-0.44,0.127,0.333,-0.3,0.038,0.513,0.298,0.35,0.279,0.144,-0.065,0.212,-0.367,0.161,-0.19,-0.125,-0.197,-0.223,0.017,0.026,0.355,0.45,0.179,-0.386,-0.376,-0.146,-0.062,0.587,0.434,-0.483,0.051,-0.187,0.169,0.465,-0.239,0.648,-0.071,-0.044,-0.054,0.328,-0.353,-0.465,-0.053,0.552,0.318,0.717,0.135,-0.291,0.706,0.379,0.346,-0.033,-0.246,0.418,-0.14,0.136,0.065,-0.603,0.267,0.0,-0.446,0.165,0.236,-0.165,0.01,0.375,-0.293,-0.046,0.557,-0.232,0.071,0.018,0.12,0.213,-0.052,-0.137,-0.137,0.302,-0.357,0.269,0.099,-0.075,-0.202,-0.087,0.139,0.262,0.023,0.337,-0.357,0.178,-0.408,-0.021,0.074,0.3,0.124,0.165,-0.437,-0.241,0.283,-0.187,0.445,0.521,0.214,0.298,-0.161,0.139,-0.004,-0.362,0.221,0.216,0.301,-0.036,-0.344,0.232,0.365,-0.34,-0.307,0.526,-0.031,-0.042,-0.163,-0.053,0.224,-0.318,-0.002,0.306,0.506,0.261,0.424,0.41,0.065,0.417,0.628,-0.468,-0.139,0.073,0.228,-0.053,0.171,0.173,-0.504,-0.273,0.378,-0.127,0.093,-0.087,0.077,0.337,0.277,0.238,-0.274,0.333,-0.324,0.572,0.032,0.283,0.021,0.166,0.433,0.018,-0.262,-0.317,-0.032,-0.077,0.137,0.374,0.242
ALNY,-0.473,0.881,0.86,0.153,-0.328,0.767,-0.185,0.558,0.467,0.354,0.399,0.0,0.543,-0.307,0.783,0.942,0.944,0.161,-0.529,-0.569,0.837,0.915,0.274,-0.346,0.838,0.506,0.642,0.121,0.045,-0.906,0.754,-0.052,0.708,-0.864,0.726,0.922,-0.797,0.674,0.622,0.824,0.811,0.309,0.714,-0.794,0.868,-0.121,0.679,0.37,-0.468,-0.035,0.591,-0.802,0.837,0.667,-0.023,0.555,-0.654,-0.187,0.651,0.607,-0.016,0.782,-0.462,0.781,-0.782,0.862,0.009,-0.812,0.684,0.738,0.8,-0.215,0.655,0.161,-0.753,0.143,0.808,0.883,0.65,-0.304,-0.91,0.592,0.879,0.948,0.508,-0.084,0.805,0.64,0.508,0.616,-0.541,0.907,-0.595,-0.81,0.826,-0.412,-0.077,0.75,0.838,0.457,-0.821,0.098,0.363,-0.068,-0.759,0.635,0.85,-0.19,-0.476,0.518,0.877,-0.491,0.616,0.745,0.723,-0.753,0.735,0.914,0.853,0.559,0.788,0.217,-0.446,-0.379,0.507,0.839,0.575,0.329,0.835,-0.659,0.357,0.745,0.185,0.599,0.824,0.689,-0.12,-0.264,0.753,-0.296,-0.871,0.869,0.907,0.86,0.556,-0.319,0.321,0.932,-0.8,-0.015,0.214,0.765,0.59,0.394,0.625,0.652,-0.813,-0.78,0.828,0.874,0.935,-0.445,0.855,0.804,0.842,0.766,0.061,0.521,0.853,-0.019,-0.144,0.111,-0.484,-0.482,-0.559,0.281,-0.776,0.884,0.423,-0.386,0.72,0.91,0.84,0.161,0.91,-0.669,0.271,0.211,0.895,0.628,0.662,0.718,0.693,-0.301,-0.67,0.697,0.148,-0.011,0.188,-0.396
ALTR,0.003,0.459,0.715,0.481,0.028,0.715,0.595,0.91,-0.14,0.294,-0.231,0.543,0.0,0.361,0.682,0.629,0.539,0.791,0.177,-0.281,0.523,0.677,-0.246,0.382,0.678,-0.094,0.288,0.291,0.722,-0.456,0.451,0.302,0.468,-0.263,0.776,0.491,-0.25,0.677,-0.083,0.646,0.245,-0.107,0.608,-0.507,0.557,0.428,0.605,0.582,0.019,-0.017,0.737,-0.541,0.844,0.589,-0.095,0.737,-0.033,0.503,0.937,0.806,-0.385,0.581,0.213,0.73,-0.457,0.759,-0.47,-0.422,0.122,0.895,0.737,-0.229,0.424,0.781,-0.124,0.399,0.458,0.543,-0.032,-0.365,-0.52,0.084,0.488,0.53,0.726,0.529,0.41,0.897,0.537,0.611,0.286,0.608,-0.273,-0.237,0.622,-0.257,0.125,0.77,0.36,0.876,-0.559,-0.295,0.81,0.315,-0.511,0.64,0.663,0.352,-0.002,0.792,0.512,0.179,0.416,0.773,0.851,-0.633,0.795,0.761,0.651,0.319,0.487,0.854,-0.227,0.241,0.576,0.695,0.491,0.187,0.692,-0.011,0.837,0.678,0.506,0.262,0.256,0.553,-0.12,0.03,0.623,0.047,-0.326,0.659,0.624,0.57,0.543,0.416,0.219,0.571,-0.312,0.617,-0.328,0.685,0.418,0.764,0.58,0.676,-0.373,-0.759,0.696,0.555,0.666,-0.559,0.55,0.683,0.283,0.027,0.777,0.917,0.796,0.161,0.223,-0.037,-0.244,0.285,-0.005,0.307,-0.402,0.822,0.823,-0.249,0.369,0.603,0.518,0.577,0.652,-0.05,-0.005,0.141,0.518,0.623,0.651,0.464,0.699,0.33,-0.122,0.734,0.55,-0.186,0.159,-0.423
AMBA,0.428,-0.394,-0.136,0.246,0.506,-0.035,0.842,0.339,-0.489,0.035,-0.286,-0.307,0.361,0.0,-0.213,-0.198,-0.266,0.74,0.858,0.575,-0.454,-0.292,-0.197,0.745,-0.127,-0.584,-0.454,0.271,0.771,0.508,-0.339,0.164,-0.228,0.635,0.148,-0.467,0.651,0.006,-0.58,-0.152,-0.535,-0.395,-0.138,0.319,-0.386,0.5,0.109,0.184,0.756,0.026,0.055,0.38,0.015,0.103,0.338,0.517,0.775,0.853,0.311,0.262,0.102,0.007,0.814,-0.061,0.467,-0.071,-0.313,0.386,-0.166,0.215,-0.202,-0.43,-0.158,0.611,0.582,0.545,-0.107,-0.259,-0.434,-0.195,0.434,-0.237,-0.291,-0.345,0.285,0.729,-0.221,0.23,0.178,0.047,0.749,-0.232,0.575,0.547,-0.242,0.284,0.406,-0.023,-0.499,0.255,0.323,-0.261,0.449,0.429,0.4,-0.025,-0.053,0.763,0.671,0.073,-0.35,0.785,0.049,0.217,0.035,0.054,-0.043,-0.118,-0.102,-0.435,-0.311,0.642,0.652,0.496,-0.007,-0.209,0.241,-0.107,-0.004,0.712,0.398,0.206,0.246,-0.088,-0.487,-0.111,0.356,0.256,-0.305,0.654,0.57,-0.193,-0.233,-0.134,-0.001,0.823,-0.052,-0.268,0.536,0.78,-0.362,-0.11,-0.191,0.264,0.042,0.173,0.447,-0.064,-0.003,-0.14,-0.255,-0.057,-0.153,-0.128,-0.603,-0.521,0.728,0.474,-0.072,0.58,0.575,-0.144,0.499,0.854,0.668,0.353,0.49,-0.051,0.512,0.418,-0.328,-0.216,-0.468,0.321,-0.222,0.61,-0.13,0.012,-0.438,0.191,0.213,-0.132,-0.047,0.769,0.633,-0.036,0.581,-0.196,0.027,0.372
AMCX,-0.087,0.689,0.854,0.33,-0.439,0.802,-0.002,0.577,0.199,0.171,0.127,0.783,0.682,-0.213,0.0,0.782,0.763,0.196,-0.447,-0.768,0.849,0.889,-0.206,-0.001,0.843,0.305,0.416,-0.029,0.142,-0.824,0.556,0.361,0.75,-0.708,0.698,0.793,-0.663,0.819,0.175,0.726,0.537,0.269,0.828,-0.715,0.847,0.119,0.534,0.505,-0.491,-0.241,0.66,-0.785,0.879,0.654,-0.188,0.468,-0.666,-0.036,0.719,0.528,-0.429,0.611,-0.454,0.783,-0.861,0.697,-0.497,-0.788,0.313,0.723,0.841,-0.021,0.688,0.484,-0.64,-0.05,0.564,0.789,0.303,-0.444,-0.878,0.202,0.689,0.765,0.484,0.035,0.655,0.803,0.474,0.631,-0.229,0.768,-0.697,-0.646,0.853,-0.471,-0.144,0.832,0.642,0.689,-0.676,-0.039,0.512,0.189,-0.75,0.765,0.678,-0.197,-0.365,0.725,0.727,-0.34,0.369,0.577,0.817,-0.767,0.829,0.782,0.783,0.377,0.634,0.384,-0.528,-0.04,0.704,0.68,0.282,0.024,0.7,-0.528,0.668,0.571,0.518,0.488,0.566,0.754,-0.227,0.0,0.894,-0.362,-0.67,0.816,0.736,0.644,0.308,-0.209,0.394,0.812,-0.712,-0.009,-0.049,0.762,0.653,0.628,0.385,0.56,-0.857,-0.838,0.637,0.67,0.855,-0.481,0.677,0.756,0.674,0.328,0.247,0.548,0.85,-0.26,-0.258,0.086,-0.401,-0.394,-0.619,0.024,-0.766,0.841,0.486,-0.523,0.747,0.783,0.84,0.54,0.833,-0.383,0.354,0.069,0.875,0.47,0.429,0.596,0.833,-0.01,-0.478,0.792,0.304,-0.205,0.246,-0.506
AMKR,-0.393,0.913,0.909,0.319,-0.297,0.828,-0.094,0.649,0.498,0.369,0.346,0.942,0.629,-0.198,0.782,0.0,0.913,0.251,-0.481,-0.56,0.77,0.924,0.179,-0.197,0.899,0.379,0.722,0.081,0.159,-0.889,0.793,0.075,0.81,-0.82,0.819,0.89,-0.763,0.765,0.571,0.913,0.734,0.376,0.814,-0.771,0.908,0.042,0.651,0.499,-0.395,0.027,0.677,-0.797,0.873,0.724,-0.032,0.646,-0.617,-0.071,0.721,0.596,-0.02,0.891,-0.39,0.777,-0.708,0.908,-0.037,-0.776,0.558,0.804,0.798,-0.182,0.75,0.217,-0.753,0.269,0.805,0.933,0.628,-0.296,-0.864,0.472,0.906,0.898,0.482,0.102,0.866,0.703,0.446,0.688,-0.459,0.966,-0.569,-0.757,0.9,-0.499,-0.003,0.839,0.874,0.529,-0.813,0.058,0.547,-0.099,-0.808,0.667,0.896,-0.041,-0.395,0.615,0.908,-0.425,0.664,0.79,0.817,-0.683,0.819,0.916,0.895,0.541,0.856,0.299,-0.364,-0.261,0.627,0.829,0.582,0.253,0.845,-0.61,0.446,0.721,0.347,0.525,0.793,0.799,0.033,-0.311,0.808,-0.203,-0.846,0.848,0.877,0.921,0.595,-0.288,0.443,0.972,-0.746,0.107,0.109,0.824,0.575,0.444,0.597,0.705,-0.802,-0.782,0.872,0.845,0.91,-0.386,0.894,0.858,0.768,0.722,0.138,0.633,0.925,0.067,-0.123,0.213,-0.439,-0.37,-0.527,0.35,-0.744,0.927,0.465,-0.459,0.801,0.962,0.854,0.326,0.952,-0.614,0.337,0.302,0.907,0.644,0.775,0.844,0.798,-0.238,-0.69,0.784,0.244,0.067,0.197,-0.462
AMRX,-0.46,0.843,0.81,0.141,-0.217,0.667,-0.102,0.526,0.391,0.22,0.414,0.944,0.539,-0.266,0.763,0.913,0.0,0.173,-0.486,-0.563,0.833,0.881,0.244,-0.314,0.804,0.575,0.533,0.217,0.028,-0.87,0.634,-0.092,0.628,-0.849,0.73,0.872,-0.747,0.606,0.576,0.838,0.755,0.191,0.647,-0.709,0.791,-0.197,0.745,0.242,-0.386,-0.182,0.452,-0.74,0.816,0.647,0.099,0.58,-0.627,-0.193,0.647,0.57,0.09,0.799,-0.46,0.805,-0.799,0.802,0.011,-0.79,0.683,0.69,0.758,-0.278,0.571,0.216,-0.685,0.067,0.815,0.838,0.616,-0.29,-0.888,0.599,0.868,0.882,0.446,-0.048,0.717,0.599,0.544,0.549,-0.533,0.832,-0.534,-0.749,0.753,-0.344,-0.208,0.669,0.754,0.476,-0.77,0.238,0.333,0.022,-0.662,0.7,0.78,-0.102,-0.449,0.451,0.846,-0.443,0.498,0.688,0.653,-0.791,0.656,0.896,0.865,0.491,0.744,0.239,-0.418,-0.424,0.421,0.774,0.517,0.239,0.825,-0.644,0.402,0.791,0.123,0.622,0.812,0.607,-0.085,-0.137,0.704,-0.262,-0.821,0.87,0.877,0.784,0.452,-0.259,0.212,0.904,-0.822,0.01,0.32,0.663,0.487,0.395,0.593,0.541,-0.788,-0.749,0.827,0.843,0.9,-0.402,0.802,0.701,0.823,0.711,0.075,0.532,0.826,0.025,-0.078,-0.022,-0.421,-0.468,-0.524,0.292,-0.68,0.845,0.481,-0.267,0.64,0.843,0.807,0.134,0.924,-0.578,0.299,0.031,0.866,0.634,0.636,0.665,0.623,-0.225,-0.601,0.652,0.137,-0.118,0.324,-0.328
ANSS,0.138,0.059,0.347,0.48,0.477,0.371,0.869,0.805,-0.36,0.294,-0.343,0.161,0.791,0.74,0.196,0.251,0.173,0.0,0.671,0.23,0.044,0.211,-0.203,0.589,0.299,-0.426,-0.046,0.406,0.876,0.052,0.115,0.129,0.083,0.218,0.463,0.051,0.25,0.352,-0.315,0.296,-0.072,-0.35,0.209,-0.101,0.077,0.542,0.441,0.448,0.512,0.14,0.448,-0.129,0.504,0.39,0.116,0.741,0.491,0.831,0.737,0.686,-0.142,0.349,0.658,0.423,0.028,0.46,-0.324,-0.048,0.029,0.705,0.29,-0.4,0.113,0.774,0.328,0.636,0.18,0.153,-0.249,-0.236,-0.038,-0.04,0.13,0.129,0.626,0.716,0.047,0.633,0.463,0.451,0.612,0.233,0.188,0.172,0.184,0.007,0.371,0.41,-0.06,0.678,-0.194,-0.431,0.699,0.375,-0.082,0.256,0.414,0.667,0.344,0.529,0.096,0.584,0.34,0.664,0.494,-0.32,0.443,0.437,0.34,0.073,0.16,0.925,0.218,0.397,0.27,0.371,0.557,0.139,0.466,0.46,0.647,0.543,0.354,0.035,-0.118,0.203,0.092,0.069,0.165,0.468,0.133,0.26,0.278,0.285,0.433,0.781,0.068,0.151,0.14,0.922,-0.383,0.375,0.117,0.61,0.486,0.483,0.109,-0.443,0.436,0.204,0.259,-0.441,0.22,0.371,-0.193,-0.236,0.931,0.859,0.416,0.481,0.522,-0.144,0.055,0.733,0.501,0.474,0.036,0.469,0.825,0.16,-0.056,0.23,-0.0,0.415,0.241,0.228,-0.211,0.139,0.022,0.53,0.605,0.158,0.336,0.587,0.294,0.449,0.671,-0.096,0.013,-0.043
APPN,0.459,-0.643,-0.35,0.231,0.697,-0.277,0.837,0.145,-0.606,0.125,-0.432,-0.529,0.177,0.858,-0.447,-0.481,-0.486,0.671,0.0,0.743,-0.628,-0.515,-0.184,0.637,-0.388,-0.664,-0.589,0.214,0.639,0.744,-0.469,-0.001,-0.475,0.802,-0.177,-0.655,0.851,-0.225,-0.598,-0.406,-0.654,-0.49,-0.394,0.55,-0.608,0.485,-0.123,0.04,0.853,0.123,-0.13,0.521,-0.245,-0.088,0.236,0.242,0.911,0.819,0.102,0.107,0.037,-0.29,0.864,-0.295,0.621,-0.267,-0.188,0.576,-0.328,0.012,-0.377,-0.251,-0.371,0.456,0.774,0.495,-0.374,-0.523,-0.555,0.003,0.654,-0.279,-0.473,-0.558,0.181,0.601,-0.509,0.02,0.158,-0.053,0.877,-0.489,0.682,0.662,-0.491,0.402,0.452,-0.261,-0.716,0.125,0.501,-0.394,0.198,0.339,0.583,-0.307,-0.234,0.687,0.662,-0.054,-0.543,0.914,-0.076,0.045,-0.211,0.285,-0.286,-0.313,-0.336,-0.383,-0.435,0.58,0.616,0.598,-0.19,-0.342,0.136,-0.095,-0.233,0.918,0.173,-0.022,0.05,-0.246,-0.634,-0.372,0.25,0.196,-0.501,0.731,0.79,-0.451,-0.469,-0.38,-0.015,0.896,-0.182,-0.577,0.752,0.704,-0.44,-0.338,-0.344,0.107,-0.053,-0.021,0.717,0.202,-0.28,-0.407,-0.475,-0.0,-0.38,-0.313,-0.76,-0.667,0.643,0.29,-0.32,0.565,0.583,-0.161,0.452,0.942,0.834,0.292,0.683,-0.289,0.403,0.475,-0.605,-0.467,-0.677,0.125,-0.485,0.732,-0.303,-0.021,-0.687,0.104,0.032,-0.405,-0.29,0.711,0.723,-0.193,0.513,-0.095,-0.166,0.348
APTO,0.255,-0.649,-0.56,-0.052,0.596,-0.524,0.336,-0.272,-0.223,0.188,-0.051,-0.569,-0.281,0.575,-0.768,-0.56,-0.563,0.23,0.743,0.0,-0.82,-0.669,0.309,0.17,-0.576,-0.411,-0.419,0.112,0.264,0.817,-0.383,-0.293,-0.561,0.726,-0.348,-0.696,0.803,-0.522,-0.191,-0.536,-0.554,-0.263,-0.598,0.692,-0.707,0.173,-0.305,-0.222,0.746,0.275,-0.391,0.72,-0.609,-0.179,0.305,-0.04,0.84,0.428,-0.333,-0.218,0.398,-0.373,0.665,-0.636,0.845,-0.417,0.359,0.705,-0.148,-0.346,-0.616,-0.137,-0.44,-0.152,0.62,0.474,-0.294,-0.618,-0.245,0.308,0.783,0.035,-0.519,-0.575,-0.027,0.311,-0.463,-0.398,-0.05,-0.327,0.505,-0.561,0.804,0.564,-0.658,0.587,0.421,-0.529,-0.609,-0.409,0.632,-0.158,-0.21,0.016,0.724,-0.656,-0.32,0.51,0.548,-0.448,-0.538,0.698,-0.049,-0.137,-0.552,0.583,-0.618,-0.554,-0.587,-0.361,-0.433,0.057,0.716,0.357,-0.456,-0.484,0.105,0.079,-0.448,0.758,-0.399,-0.18,-0.315,-0.3,-0.465,-0.522,0.438,-0.107,-0.747,0.717,0.73,-0.623,-0.61,-0.403,0.003,0.579,-0.195,-0.673,0.831,0.361,-0.196,-0.599,-0.534,-0.344,-0.163,-0.102,0.855,0.533,-0.389,-0.377,-0.64,0.402,-0.373,-0.496,-0.641,-0.31,0.091,-0.135,-0.6,0.653,0.59,0.06,0.528,0.672,0.76,0.412,0.775,-0.565,-0.009,0.493,-0.639,-0.552,-0.793,-0.31,-0.629,0.5,-0.208,0.081,-0.803,-0.089,-0.09,-0.353,-0.574,0.271,0.49,-0.526,0.175,0.174,-0.301,0.453
ARCT,-0.484,0.808,0.729,-0.006,-0.434,0.622,-0.199,0.511,0.212,-0.011,0.168,0.837,0.523,-0.454,0.849,0.77,0.833,0.044,-0.628,-0.82,0.0,0.877,-0.022,-0.309,0.732,0.592,0.479,0.22,-0.04,-0.908,0.548,0.067,0.53,-0.848,0.573,0.898,-0.841,0.532,0.381,0.715,0.783,0.081,0.588,-0.778,0.784,-0.287,0.661,0.185,-0.686,-0.235,0.473,-0.811,0.803,0.411,-0.186,0.322,-0.74,-0.349,0.565,0.569,-0.26,0.568,-0.554,0.874,-0.949,0.685,-0.193,-0.846,0.486,0.603,0.821,-0.13,0.421,0.27,-0.598,-0.277,0.589,0.722,0.355,-0.306,-0.943,0.34,0.695,0.849,0.403,-0.251,0.529,0.571,0.344,0.412,-0.533,0.726,-0.764,-0.666,0.708,-0.401,-0.416,0.624,0.727,0.538,-0.827,0.128,0.273,0.086,-0.746,0.767,0.589,-0.373,-0.589,0.49,0.717,-0.603,0.244,0.489,0.656,-0.829,0.708,0.822,0.761,0.514,0.56,0.156,-0.721,-0.468,0.37,0.793,0.229,0.264,0.757,-0.766,0.464,0.612,0.147,0.486,0.681,0.504,-0.443,0.059,0.763,-0.639,-0.85,0.878,0.892,0.59,0.287,-0.366,0.062,0.822,-0.923,-0.127,0.286,0.712,0.564,0.462,0.565,0.339,-0.853,-0.724,0.704,0.692,0.904,-0.578,0.573,0.643,0.849,0.522,0.086,0.38,0.752,-0.414,-0.242,-0.194,-0.604,-0.582,-0.618,-0.077,-0.818,0.782,0.301,-0.341,0.574,0.721,0.882,0.14,0.828,-0.634,0.087,-0.139,0.902,0.369,0.335,0.45,0.586,-0.291,-0.512,0.622,-0.081,-0.257,0.304,-0.415
ARWR,-0.378,0.855,0.929,0.246,-0.412,0.821,-0.107,0.633,0.349,0.337,0.234,0.915,0.677,-0.292,0.889,0.924,0.881,0.211,-0.515,-0.669,0.877,0.0,0.106,-0.189,0.886,0.409,0.647,0.061,0.145,-0.917,0.797,0.089,0.759,-0.834,0.799,0.899,-0.789,0.766,0.475,0.854,0.723,0.288,0.807,-0.817,0.927,-0.018,0.61,0.449,-0.549,-0.068,0.687,-0.866,0.905,0.703,-0.213,0.509,-0.668,-0.145,0.735,0.617,-0.244,0.745,-0.445,0.826,-0.846,0.877,-0.189,-0.821,0.435,0.797,0.891,-0.129,0.704,0.307,-0.733,0.097,0.742,0.87,0.516,-0.406,-0.936,0.43,0.856,0.931,0.569,-0.023,0.776,0.777,0.514,0.649,-0.397,0.919,-0.673,-0.779,0.896,-0.487,-0.109,0.851,0.833,0.62,-0.849,-0.022,0.473,0.0,-0.835,0.72,0.84,-0.203,-0.499,0.673,0.868,-0.462,0.528,0.748,0.847,-0.773,0.839,0.901,0.826,0.57,0.775,0.323,-0.584,-0.206,0.629,0.875,0.423,0.23,0.831,-0.628,0.503,0.692,0.31,0.522,0.775,0.753,-0.19,-0.228,0.868,-0.361,-0.844,0.906,0.879,0.781,0.578,-0.277,0.367,0.919,-0.793,0.017,0.035,0.825,0.672,0.533,0.595,0.668,-0.823,-0.836,0.813,0.823,0.964,-0.455,0.847,0.835,0.819,0.61,0.166,0.587,0.92,-0.085,-0.175,0.149,-0.573,-0.435,-0.596,0.192,-0.828,0.929,0.463,-0.517,0.758,0.924,0.904,0.328,0.919,-0.599,0.277,0.166,0.941,0.567,0.596,0.731,0.811,-0.229,-0.677,0.794,0.191,-0.078,0.136,-0.591
ASND,-0.46,0.174,0.016,-0.372,-0.089,-0.068,-0.394,-0.207,0.459,0.288,0.524,0.274,-0.246,-0.197,-0.206,0.179,0.244,-0.203,-0.184,0.309,-0.022,0.106,0.0,-0.551,-0.016,0.422,0.259,0.131,-0.188,-0.112,0.358,-0.535,-0.052,-0.214,0.147,0.159,-0.175,-0.203,0.628,0.044,0.335,0.146,-0.118,-0.073,0.038,-0.43,0.169,-0.259,-0.025,0.191,-0.124,0.025,-0.12,0.15,0.19,-0.006,-0.036,-0.317,-0.18,-0.077,0.479,0.101,-0.102,-0.128,0.051,0.143,0.709,-0.026,0.533,-0.076,0.025,-0.193,-0.023,-0.517,-0.252,0.164,0.437,0.049,0.491,0.044,-0.098,0.741,0.223,0.303,0.267,-0.321,0.235,-0.193,0.191,-0.131,-0.43,0.138,0.184,-0.305,-0.043,0.264,0.071,-0.137,0.258,-0.415,-0.101,0.249,-0.366,-0.252,0.084,-0.224,0.202,-0.102,-0.249,-0.311,0.223,-0.22,0.271,0.182,-0.197,-0.003,-0.248,0.06,-0.072,0.135,0.144,-0.328,0.086,-0.382,-0.29,0.175,0.254,0.44,0.094,-0.173,-0.51,0.291,-0.498,0.186,0.41,-0.116,0.194,-0.375,-0.209,0.052,-0.236,0.102,0.161,0.194,0.382,-0.19,-0.102,0.091,-0.113,-0.163,0.317,-0.107,-0.018,-0.326,0.268,0.203,0.049,0.055,0.2,0.338,0.125,0.18,0.291,0.037,0.363,0.631,-0.438,-0.192,-0.061,0.354,0.232,0.145,-0.068,-0.286,-0.017,0.407,-0.031,-0.012,-0.078,0.2,-0.01,0.145,-0.014,-0.595,0.05,-0.36,0.023,0.139,0.044,0.155,0.129,0.197,-0.197,-0.514,-0.353,-0.242,-0.198,0.192,-0.173,0.121
ASTH,0.56,-0.333,-0.048,0.402,0.284,0.067,0.73,0.372,-0.434,-0.107,-0.46,-0.346,0.382,0.745,-0.001,-0.197,-0.314,0.589,0.637,0.17,-0.309,-0.189,-0.551,0.0,-0.06,-0.667,-0.336,0.102,0.658,0.352,-0.238,0.43,-0.038,0.584,0.092,-0.404,0.461,0.203,-0.772,-0.106,-0.501,-0.254,0.077,0.135,-0.227,0.609,-0.021,0.324,0.483,0.054,0.164,0.212,0.109,0.012,0.007,0.308,0.507,0.734,0.308,0.192,-0.295,-0.037,0.57,0.01,0.283,-0.092,-0.606,0.304,-0.463,0.21,-0.143,-0.105,-0.026,0.697,0.452,0.308,-0.268,-0.167,-0.549,-0.35,0.316,-0.5,-0.301,-0.363,0.144,0.638,-0.203,0.314,-0.024,0.156,0.767,-0.172,0.29,0.519,-0.064,-0.013,0.352,0.118,-0.405,0.428,0.228,-0.351,0.563,0.484,0.184,0.146,-0.128,0.544,0.477,0.366,-0.387,0.543,-0.066,0.078,0.224,0.035,0.168,-0.125,-0.059,-0.339,-0.267,0.574,0.373,0.544,0.235,-0.196,-0.053,-0.344,-0.054,0.586,0.562,-0.031,0.506,-0.228,-0.528,0.068,0.142,0.355,-0.017,0.375,0.459,-0.171,-0.233,-0.174,-0.091,0.585,0.135,-0.191,0.393,0.632,-0.495,0.06,0.005,0.465,-0.115,0.13,0.235,-0.103,-0.087,-0.256,-0.202,-0.084,-0.16,-0.042,-0.573,-0.652,0.709,0.437,0.031,0.244,0.198,-0.065,0.317,0.71,0.414,-0.027,0.225,0.011,0.36,0.099,-0.119,-0.17,-0.261,0.616,-0.19,0.579,-0.071,0.057,-0.263,-0.059,0.089,-0.129,0.182,0.799,0.557,0.106,0.466,-0.079,0.043,0.117
ATSG,-0.231,0.767,0.911,0.393,-0.322,0.827,-0.006,0.664,0.39,0.37,0.265,0.838,0.678,-0.127,0.843,0.899,0.804,0.299,-0.388,-0.576,0.732,0.886,-0.016,-0.06,0.0,0.246,0.606,0.006,0.228,-0.811,0.714,0.185,0.816,-0.719,0.752,0.848,-0.645,0.808,0.387,0.875,0.624,0.357,0.831,-0.682,0.879,0.171,0.528,0.58,-0.368,-0.069,0.702,-0.743,0.86,0.768,-0.121,0.639,-0.567,0.026,0.754,0.566,-0.19,0.819,-0.326,0.745,-0.698,0.828,-0.254,-0.759,0.381,0.818,0.769,-0.153,0.781,0.354,-0.687,0.218,0.73,0.91,0.528,-0.382,-0.83,0.377,0.803,0.829,0.525,0.175,0.814,0.787,0.487,0.741,-0.284,0.896,-0.55,-0.709,0.891,-0.489,-0.002,0.894,0.783,0.64,-0.724,-0.088,0.56,0.072,-0.787,0.667,0.852,0.013,-0.305,0.712,0.825,-0.304,0.55,0.759,0.85,-0.699,0.855,0.852,0.827,0.571,0.809,0.394,-0.357,-0.055,0.721,0.784,0.537,0.098,0.817,-0.527,0.526,0.638,0.447,0.48,0.707,0.856,0.011,-0.29,0.83,-0.164,-0.73,0.836,0.782,0.82,0.502,-0.18,0.515,0.885,-0.65,0.141,-0.031,0.814,0.595,0.492,0.441,0.707,-0.761,-0.795,0.8,0.782,0.881,-0.337,0.816,0.837,0.65,0.556,0.227,0.645,0.886,0.062,-0.122,0.242,-0.376,-0.3,-0.515,0.32,-0.708,0.898,0.529,-0.499,0.805,0.905,0.828,0.476,0.907,-0.496,0.388,0.312,0.87,0.595,0.688,0.77,0.848,-0.087,-0.586,0.809,0.365,0.027,0.16,-0.503
AVTX,-0.496,0.464,0.147,-0.382,-0.297,-0.054,-0.516,-0.121,0.392,-0.292,0.639,0.506,-0.094,-0.584,0.305,0.379,0.575,-0.426,-0.664,-0.411,0.592,0.409,0.422,-0.667,0.246,0.0,0.208,0.336,-0.538,-0.521,0.206,-0.282,0.069,-0.663,0.158,0.545,-0.572,-0.106,0.523,0.365,0.57,-0.018,0.032,-0.233,0.274,-0.7,0.472,-0.466,-0.487,-0.426,-0.224,-0.206,0.168,0.107,0.297,0.002,-0.6,-0.673,-0.089,0.124,0.352,0.317,-0.633,0.357,-0.594,0.21,0.414,-0.443,0.675,-0.068,0.262,-0.021,0.003,-0.281,-0.392,-0.518,0.536,0.276,0.471,0.155,-0.551,0.651,0.372,0.489,0.009,-0.5,0.221,-0.138,0.088,-0.108,-0.779,0.235,-0.286,-0.437,0.15,0.244,-0.66,-0.049,0.441,-0.116,-0.296,0.665,-0.317,0.093,-0.112,0.381,0.104,-0.329,-0.439,-0.155,0.391,-0.625,-0.049,-0.016,-0.05,-0.476,-0.011,0.316,0.31,0.173,0.267,-0.374,-0.343,-0.757,-0.234,0.305,0.063,0.299,0.269,-0.721,-0.107,0.406,-0.376,0.493,0.604,-0.016,-0.18,0.167,0.213,-0.515,-0.58,0.445,0.484,0.209,-0.09,-0.441,-0.258,0.425,-0.694,-0.442,0.74,0.027,0.067,-0.058,0.186,-0.044,-0.464,-0.095,0.4,0.515,0.454,0.042,0.278,0.042,0.74,0.596,-0.457,-0.193,0.155,-0.25,-0.043,-0.317,-0.181,-0.739,-0.403,0.036,-0.319,0.187,-0.098,0.12,0.177,0.239,0.485,-0.459,0.458,-0.492,0.212,-0.43,0.468,-0.031,-0.024,0.201,-0.063,-0.477,-0.344,-0.034,-0.426,-0.19,0.539,0.092
BCPC,-0.436,0.784,0.637,0.241,-0.402,0.617,-0.422,0.389,0.669,0.431,0.191,0.642,0.288,-0.454,0.416,0.722,0.533,-0.046,-0.589,-0.419,0.479,0.647,0.259,-0.336,0.606,0.208,0.0,-0.143,-0.033,-0.699,0.85,0.026,0.692,-0.643,0.513,0.702,-0.738,0.541,0.668,0.643,0.689,0.627,0.642,-0.649,0.766,0.057,0.218,0.488,-0.493,0.404,0.605,-0.645,0.49,0.391,-0.362,0.166,-0.566,-0.252,0.306,0.256,-0.131,0.586,-0.361,0.36,-0.364,0.692,0.235,-0.49,0.24,0.495,0.543,0.223,0.606,-0.258,-0.696,0.236,0.511,0.741,0.571,-0.035,-0.571,0.332,0.641,0.674,0.216,-0.095,0.748,0.352,0.016,0.474,-0.49,0.798,-0.526,-0.649,0.721,-0.554,0.136,0.648,0.876,0.182,-0.685,-0.076,0.307,-0.45,-0.787,0.218,0.681,-0.217,-0.509,0.482,0.711,-0.567,0.576,0.5,0.603,-0.177,0.629,0.586,0.486,0.717,0.773,-0.081,-0.43,-0.234,0.517,0.664,0.335,0.32,0.514,-0.564,0.024,0.219,0.218,0.076,0.682,0.665,0.046,-0.588,0.623,-0.294,-0.768,0.519,0.597,0.787,0.642,-0.533,0.524,0.7,-0.502,-0.084,-0.039,0.677,0.482,0.097,0.399,0.538,-0.53,-0.368,0.585,0.553,0.589,-0.118,0.694,0.703,0.62,0.729,-0.181,0.271,0.625,-0.095,-0.277,0.505,-0.517,-0.411,-0.518,0.152,-0.678,0.62,0.011,-0.657,0.722,0.744,0.683,0.17,0.62,-0.727,0.187,0.582,0.684,0.324,0.577,0.731,0.613,-0.593,-0.823,0.494,-0.096,0.51,-0.155,-0.631
BEAM,-0.284,0.117,-0.1,-0.248,0.334,-0.179,0.316,0.403,-0.144,-0.383,0.029,0.121,0.291,0.271,-0.029,0.081,0.217,0.406,0.214,0.112,0.22,0.061,0.131,0.102,0.006,0.336,-0.143,0.0,0.306,0.005,-0.08,-0.235,-0.384,0.057,0.131,0.132,0.015,-0.29,-0.169,0.131,0.262,-0.674,-0.297,0.029,-0.212,-0.309,0.688,-0.339,0.176,-0.163,-0.19,0.155,0.153,-0.047,0.397,0.371,0.236,0.147,0.154,0.48,0.284,0.205,0.262,0.418,-0.124,0.134,0.196,-0.127,0.432,0.159,0.035,-0.414,-0.419,0.308,0.41,-0.059,0.281,-0.072,-0.169,0.021,-0.104,0.304,-0.079,0.116,0.302,0.135,-0.284,0.018,0.031,-0.129,-0.011,-0.058,0.232,0.27,-0.227,0.442,-0.349,-0.161,-0.011,0.213,-0.13,0.177,0.112,0.549,0.204,0.285,-0.043,0.395,0.076,-0.006,-0.107,0.031,-0.157,0.178,-0.028,-0.401,0.011,0.214,0.104,-0.016,-0.143,0.24,0.071,-0.441,-0.446,0.226,0.232,0.309,0.304,-0.022,0.222,0.585,-0.27,0.007,0.041,-0.326,-0.178,0.45,-0.153,-0.081,-0.067,0.262,0.363,0.028,-0.031,0.367,-0.517,0.08,-0.21,0.483,0.453,0.042,-0.148,0.3,0.45,-0.005,0.088,-0.062,0.421,0.223,0.202,-0.244,-0.055,-0.095,0.136,0.049,0.385,0.273,0.007,0.119,0.612,-0.719,0.092,0.194,0.42,0.289,0.038,0.11,0.34,0.601,-0.363,-0.088,-0.009,-0.312,0.154,-0.1,-0.341,-0.476,0.005,-0.048,0.172,-0.157,-0.242,0.202,0.368,-0.132,-0.069,-0.193,0.388,0.413
BILI,0.128,-0.004,0.268,0.319,0.297,0.38,0.794,0.71,-0.395,0.249,-0.452,0.045,0.722,0.771,0.142,0.159,0.028,0.876,0.639,0.264,-0.04,0.145,-0.188,0.658,0.228,-0.538,-0.033,0.306,0.0,0.094,0.113,0.218,0.049,0.301,0.468,-0.032,0.243,0.318,-0.401,0.165,-0.14,-0.297,0.198,-0.151,0.054,0.527,0.311,0.486,0.393,0.221,0.505,-0.088,0.405,0.274,-0.055,0.583,0.533,0.768,0.653,0.563,-0.274,0.198,0.676,0.295,0.123,0.348,-0.42,0.052,-0.138,0.602,0.285,-0.351,0.066,0.714,0.323,0.595,0.107,0.078,-0.346,-0.389,0.039,-0.143,0.019,0.057,0.632,0.646,0.026,0.612,0.319,0.284,0.663,0.177,0.156,0.23,0.154,-0.049,0.433,0.395,-0.103,0.573,-0.186,-0.486,0.699,0.339,-0.084,0.242,0.319,0.588,0.311,0.45,0.021,0.541,0.266,0.555,0.48,-0.21,0.413,0.293,0.168,-0.002,0.003,0.797,0.203,0.443,0.28,0.287,0.314,0.113,0.342,0.444,0.613,0.398,0.362,-0.121,-0.195,0.183,0.064,0.064,0.089,0.342,0.17,0.202,0.183,0.191,0.415,0.688,0.06,0.073,0.221,0.828,-0.515,0.344,0.145,0.534,0.397,0.466,0.16,-0.428,0.326,0.144,0.169,-0.422,0.143,0.307,-0.24,-0.293,0.849,0.741,0.333,0.381,0.491,-0.061,0.051,0.726,0.438,0.299,0.048,0.383,0.67,0.058,-0.057,0.17,-0.054,0.461,0.112,0.284,-0.302,0.218,-0.039,0.441,0.43,0.092,0.316,0.55,0.294,0.314,0.529,-0.14,-0.149,-0.074
BJRI,0.511,-0.898,-0.822,-0.065,0.553,-0.746,0.35,-0.468,-0.458,-0.165,-0.296,-0.906,-0.456,0.508,-0.824,-0.889,-0.87,0.052,0.744,0.817,-0.908,-0.917,-0.112,0.352,-0.811,-0.521,-0.699,0.005,0.094,0.0,-0.732,-0.048,-0.729,0.924,-0.67,-0.937,0.948,-0.657,-0.564,-0.802,-0.813,-0.368,-0.742,0.881,-0.919,0.212,-0.541,-0.335,0.707,0.1,-0.588,0.87,-0.803,-0.488,0.236,-0.326,0.823,0.393,-0.552,-0.444,0.188,-0.68,0.623,-0.769,0.868,-0.77,0.093,0.834,-0.479,-0.622,-0.821,0.084,-0.635,-0.088,0.821,0.119,-0.688,-0.87,-0.585,0.339,0.955,-0.395,-0.836,-0.907,-0.35,0.236,-0.779,-0.585,-0.333,-0.5,0.637,-0.881,0.777,0.831,-0.853,0.584,0.246,-0.742,-0.886,-0.435,0.879,-0.142,-0.303,0.133,0.871,-0.683,-0.714,0.393,0.633,-0.513,-0.851,0.706,-0.415,-0.544,-0.733,0.726,-0.76,-0.841,-0.785,-0.585,-0.722,-0.048,0.673,0.442,-0.524,-0.797,-0.278,-0.215,-0.746,0.827,-0.348,-0.536,-0.207,-0.48,-0.796,-0.698,0.277,0.218,-0.819,0.57,0.957,-0.873,-0.881,-0.764,-0.423,0.535,-0.3,-0.93,0.919,0.213,-0.215,-0.778,-0.623,-0.354,-0.492,-0.478,0.913,0.744,-0.736,-0.769,-0.899,0.431,-0.744,-0.758,-0.873,-0.705,0.067,-0.364,-0.833,0.309,0.381,-0.107,0.608,0.664,0.751,0.016,0.887,-0.836,-0.228,0.53,-0.783,-0.87,-0.922,-0.199,-0.88,0.725,-0.241,-0.156,-0.972,-0.448,-0.46,-0.667,-0.708,0.416,0.749,-0.664,0.074,0.05,-0.203,0.542
BLUE,-0.386,0.754,0.782,0.26,-0.352,0.733,-0.277,0.498,0.611,0.588,0.256,0.754,0.451,-0.339,0.556,0.793,0.634,0.115,-0.469,-0.383,0.548,0.797,0.358,-0.238,0.714,0.206,0.85,-0.08,0.113,-0.732,0.0,0.001,0.736,-0.648,0.653,0.732,-0.702,0.655,0.607,0.656,0.669,0.513,0.725,-0.73,0.827,0.097,0.337,0.532,-0.455,0.385,0.707,-0.701,0.637,0.604,-0.338,0.323,-0.508,-0.138,0.497,0.424,-0.204,0.625,-0.36,0.465,-0.474,0.816,0.113,-0.559,0.325,0.645,0.677,0.097,0.702,-0.054,-0.722,0.351,0.629,0.767,0.585,-0.272,-0.669,0.477,0.747,0.796,0.508,-0.042,0.782,0.575,0.306,0.587,-0.369,0.866,-0.473,-0.709,0.802,-0.489,0.215,0.746,0.861,0.33,-0.719,-0.195,0.399,-0.272,-0.77,0.339,0.804,-0.19,-0.473,0.604,0.758,-0.456,0.693,0.706,0.728,-0.369,0.7,0.69,0.578,0.648,0.779,0.114,-0.407,-0.128,0.599,0.773,0.438,0.324,0.615,-0.489,0.143,0.436,0.258,0.228,0.701,0.717,-0.035,-0.582,0.683,-0.21,-0.755,0.632,0.668,0.793,0.786,-0.361,0.54,0.748,-0.508,0.006,-0.116,0.751,0.566,0.3,0.525,0.759,-0.558,-0.555,0.663,0.705,0.733,-0.219,0.856,0.8,0.69,0.715,-0.025,0.424,0.742,0.073,-0.172,0.494,-0.54,-0.338,-0.454,0.274,-0.738,0.747,0.211,-0.608,0.732,0.838,0.718,0.219,0.676,-0.655,0.224,0.569,0.735,0.428,0.634,0.75,0.718,-0.437,-0.773,0.614,0.091,0.399,-0.223,-0.638
