,AAL,AAON,ACB,ACGL,ACGLO,ACIW,ADBE,ADSK,AEP,AGIO,ALEC,ALNY,ALTR,AMBA,AMCX,AMKR,AMRX,ANSS,APPN,APTO,ARCT,ARWR,ASND,ASTH,ATSG,AVTX,BCPC,BEAM,BILI,BJRI,BLUE,BPOP,BRKL,BWIN,BZUN,CARG,CBRL,CBSH,CBUS,CENTA,CERS,CFFN,CHCO,CHEF,CHRD,CINF,CLLS,CMCO,CMCSA,COLL,COMM,COOP,CPB,CRON,CROX,CRUS,CRWD,CTAS,CYBR,CYTK,DGII,DIOD,DOMO,DPZ,DSGR,DXCM,ERIE,ESTA,EXEL,FAST,FCEL,FCFS,FHB,FITBI,FSV,FTDR,FUTU,GLDD,GLPG,GLPI,GOGO,GOSS,GSAT,GYRE,HALO,HAS,HLIT,HLNE,HSDT,HSIC,HTHT,ICHR,IDYA,IMVT,INDB,INSM,IONS,IOSP,ITRI,JBHT,JBLU,JSM,KLIC,KOD,KURA,LAB,LASR,LIN,LKQ,LNT,MBUU,MCRI,MDGL,MEDP,MGNI,MGPI,MGRC,MKTX,MRNA,MRTN,MSEX,MSFT,MU,NAVI,NBTB,NEO,NEOG,NGNE,NSSC,NTAP,NTES,NTLA,NTRS,NYMTN,OBLG,OCFC,ON,ONC,OPI,OSIS,OSW,PALI,PANW,PCAR,PCRX,PCTY,PEBO,PLAB,PLAY,PLMR,PLSE,PLUS,PRTA,PSEC,PSNL,PTCT,PTON,QNST,QRVO,QTTB,RARE,RBCAA,RGNX,SAIC,SGMO,SINT,SNPS,SPSC,SPTN,SSYS,STNE,TBBK,TCPC,TENB,TGTX,TREE,TRUP,TTWO,TW,TXG,UBSI,UCTT,UFPT,UMBF,UPBD,URBN,VBTX,VCTR,VEON,VNET,VRSK,VSEC,WABC,WTFCM,WVE,WW,WWD,XEL,ZD,ZYME
AAL,0.0,-0.585,0.801,-0.605,0.068,0.885,0.881,0.892,-0.568,0.0,0.92,-0.158,0.893,0.951,0.728,0.919,0.278,0.718,0.768,-0.157,0.896,-0.413,0.624,-0.668,0.628,0.913,0.472,0.934,0.911,-0.496,-0.057,0.603,0.475,-0.243,-0.789,0.762,0.319,-0.56,0.392,-0.734,0.86,-0.178,0.485,0.933,0.811,0.027,0.931,0.839,0.861,0.257,0.939,0.855,-0.325,0.841,0.871,0.831,0.944,-0.049,0.753,0.454,0.191,0.879,0.936,-0.326,0.667,0.112,-0.863,0.866,-0.529,0.761,0.733,0.745,0.833,0.347,-0.732,0.687,0.067,0.632,-0.716,0.634,0.608,0.443,0.005,0.403,0.735,0.293,0.956,-0.463,0.645,0.774,0.117,0.925,0.837,-0.254,0.713,0.639,-0.198,0.839,0.913,0.892,0.761,0.619,0.879,0.268,-0.267,0.349,0.839,-0.449,0.651,-0.629,0.716,0.719,-0.261,0.906,0.867,0.805,0.54,0.619,0.875,-0.026,-0.179,0.082,0.937,-0.609,0.804,0.91,0.902,0.14,0.903,0.933,0.199,0.946,0.589,0.885,0.589,0.746,0.924,-0.874,0.6,0.918,0.826,0.872,0.785,-0.795,-0.436,0.362,0.564,0.645,0.723,-0.633,0.775,0.918,-0.471,0.853,0.509,0.511,0.751,0.932,0.879,-0.637,0.853,0.419,0.698,0.941,-0.79,0.669,0.703,0.688,0.342,0.891,0.819,0.95,0.919,0.813,0.003,-0.69,0.735,0.895,0.598,0.724,0.697,0.948,0.655,0.173,0.644,0.09,0.472,0.862,0.876,0.795,-0.776,0.872,-0.607,0.455,0.569,0.876,0.862,-0.858,0.962,0.862
AAON,-0.585,0.0,-0.526,0.514,0.394,-0.801,-0.76,-0.576,0.122,0.102,-0.615,-0.174,-0.551,-0.623,-0.086,-0.584,-0.348,-0.798,-0.229,0.332,-0.699,-0.048,-0.674,0.765,0.142,-0.538,-0.362,-0.732,-0.454,0.512,-0.379,-0.1,0.253,0.498,0.334,-0.394,0.259,0.728,0.253,0.767,-0.712,0.778,0.216,-0.546,-0.415,-0.483,-0.634,-0.481,-0.252,-0.258,-0.441,-0.206,0.548,-0.473,-0.507,-0.709,-0.628,0.474,-0.321,-0.559,-0.311,-0.704,-0.651,-0.106,-0.243,-0.607,0.619,-0.676,-0.052,-0.18,-0.136,-0.1,-0.2,-0.011,0.231,-0.58,0.419,-0.008,0.553,-0.06,-0.12,-0.428,-0.525,-0.493,-0.195,0.245,-0.558,0.259,-0.777,-0.683,0.339,-0.613,-0.671,0.315,-0.085,-0.109,0.297,-0.168,-0.344,-0.314,-0.059,-0.349,-0.456,-0.05,0.062,-0.443,-0.697,0.36,-0.246,0.124,-0.112,-0.195,-0.317,-0.593,-0.419,-0.068,0.19,-0.839,-0.643,0.509,0.172,-0.289,-0.602,0.587,-0.167,-0.526,-0.512,0.133,-0.688,-0.611,0.233,-0.628,0.208,-0.388,-0.518,-0.174,-0.637,0.704,0.169,-0.325,-0.407,-0.559,-0.168,0.7,0.671,-0.335,-0.005,-0.588,-0.029,0.034,-0.801,-0.444,0.115,-0.277,-0.632,-0.045,-0.724,-0.639,-0.755,0.293,-0.633,0.082,-0.363,-0.392,0.379,-0.454,-0.87,-0.164,-0.228,-0.689,-0.302,-0.439,-0.436,-0.835,0.553,0.299,-0.13,-0.584,-0.716,-0.578,-0.033,-0.653,-0.639,0.561,0.048,0.435,-0.051,-0.698,-0.378,-0.399,0.609,-0.371,0.902,0.008,0.049,-0.44,-0.25,0.398,-0.525,-0.595
ACB,0.801,-0.526,0.0,-0.821,-0.152,0.725,0.82,0.917,-0.412,0.408,0.745,0.162,0.84,0.894,0.77,0.91,-0.114,0.796,0.733,0.269,0.86,-0.578,0.629,-0.677,0.505,0.869,0.212,0.791,0.733,-0.694,0.079,0.255,0.156,-0.499,-0.652,0.913,0.441,-0.7,0.378,-0.6,0.771,-0.303,0.129,0.878,0.805,-0.049,0.865,0.619,0.767,0.059,0.83,0.794,-0.028,0.979,0.695,0.803,0.75,-0.1,0.848,0.592,0.195,0.88,0.715,-0.016,0.316,-0.019,-0.912,0.55,-0.355,0.701,0.779,0.512,0.703,0.123,-0.4,0.543,-0.115,0.353,-0.337,0.447,0.467,0.156,0.184,0.471,0.517,0.433,0.69,-0.683,0.555,0.518,0.169,0.884,0.545,-0.184,0.361,0.609,-0.019,0.668,0.786,0.697,0.664,0.168,0.683,0.365,-0.525,0.38,0.663,-0.152,0.324,-0.571,0.543,0.839,-0.213,0.741,0.872,0.647,0.283,0.571,0.911,-0.298,-0.379,0.215,0.805,-0.711,0.473,0.875,0.662,0.255,0.888,0.765,0.13,0.781,0.475,0.752,0.816,0.345,0.696,-0.794,0.356,0.723,0.776,0.754,0.634,-0.819,-0.514,0.607,0.307,0.622,0.686,-0.618,0.705,0.823,-0.682,0.811,0.178,0.49,0.796,0.665,0.804,-0.388,0.596,0.082,0.56,0.77,-0.713,0.773,0.613,0.815,0.531,0.907,0.798,0.751,0.857,0.667,-0.208,-0.776,0.629,0.907,0.391,0.85,0.445,0.865,0.458,0.075,0.488,-0.022,0.094,0.796,0.572,0.841,-0.698,0.643,-0.679,0.182,0.607,0.864,0.736,-0.78,0.831,0.928
ACGL,-0.605,0.514,-0.821,0.0,0.236,-0.521,-0.689,-0.815,0.365,-0.404,-0.582,-0.158,-0.751,-0.701,-0.637,-0.737,0.317,-0.659,-0.678,-0.319,-0.678,0.545,-0.582,0.541,-0.296,-0.726,-0.092,-0.652,-0.641,0.874,0.106,0.076,0.121,0.549,0.465,-0.799,-0.302,0.717,-0.43,0.528,-0.619,0.404,0.146,-0.626,-0.751,0.222,-0.7,-0.283,-0.575,0.191,-0.65,-0.641,-0.006,-0.79,-0.553,-0.653,-0.624,0.294,-0.775,-0.624,-0.14,-0.659,-0.533,-0.268,-0.034,0.187,0.811,-0.381,0.302,-0.55,-0.718,-0.336,-0.435,-0.007,0.188,-0.384,0.019,-0.114,0.238,-0.228,-0.436,0.008,-0.232,-0.357,-0.372,-0.346,-0.472,0.713,-0.34,-0.305,-0.102,-0.703,-0.336,0.276,-0.043,-0.45,0.202,-0.442,-0.598,-0.552,-0.391,0.065,-0.533,-0.465,0.54,-0.383,-0.538,0.035,0.02,0.537,-0.395,-0.731,0.188,-0.558,-0.754,-0.429,-0.052,-0.566,-0.778,0.391,0.539,-0.163,-0.599,0.802,-0.199,-0.719,-0.437,-0.481,-0.7,-0.553,-0.202,-0.606,-0.237,-0.628,-0.741,-0.11,-0.539,0.604,-0.172,-0.518,-0.482,-0.625,-0.478,0.72,0.461,-0.65,-0.058,-0.414,-0.461,0.514,-0.565,-0.621,0.68,-0.675,-0.177,-0.331,-0.777,-0.533,-0.631,0.372,-0.399,0.236,-0.345,-0.573,0.67,-0.716,-0.489,-0.757,-0.38,-0.756,-0.681,-0.514,-0.667,-0.525,0.17,0.668,-0.533,-0.822,-0.347,-0.819,-0.119,-0.691,-0.23,0.155,-0.329,0.047,0.222,-0.592,-0.422,-0.813,0.58,-0.539,0.671,-0.107,-0.546,-0.673,-0.528,0.679,-0.666,-0.811
ACGLO,0.068,0.394,-0.152,0.236,0.0,-0.098,-0.146,-0.057,-0.552,-0.182,0.034,-0.529,-0.011,0.023,0.291,0.012,0.112,-0.404,0.167,0.112,-0.024,0.079,-0.41,0.186,0.507,0.083,-0.011,-0.0,0.213,0.297,-0.338,0.249,0.588,0.452,-0.006,-0.152,0.385,0.333,0.314,0.073,0.075,0.622,0.616,0.01,0.105,-0.497,0.085,0.111,0.215,-0.26,0.195,0.255,0.259,-0.021,0.267,-0.116,0.099,0.673,0.136,-0.388,-0.217,-0.158,0.089,-0.41,0.431,-0.34,0.168,0.086,-0.611,0.191,0.207,0.47,0.258,0.475,-0.083,-0.096,0.681,0.249,-0.021,0.194,0.082,-0.113,-0.584,-0.356,0.25,0.515,0.192,-0.06,-0.366,-0.084,0.461,-0.004,-0.053,0.199,0.375,0.464,0.155,0.253,0.251,0.351,0.275,0.319,0.246,0.216,-0.121,0.155,0.091,-0.442,0.06,-0.462,0.522,0.037,-0.622,0.211,0.095,0.375,0.473,-0.264,-0.045,0.787,-0.133,-0.501,0.185,0.252,0.335,0.069,0.175,-0.022,-0.134,0.156,0.118,0.1,0.406,0.328,-0.206,0.334,-0.007,0.054,0.568,0.191,0.163,0.153,0.515,0.01,0.585,-0.328,0.313,-0.101,0.399,-0.442,-0.152,0.009,-0.078,0.163,0.041,0.418,-0.108,0.039,-0.091,-0.088,-0.111,0.236,0.442,0.219,-0.198,-0.122,-0.321,0.057,-0.33,-0.175,0.227,0.179,0.162,-0.077,0.512,-0.243,0.464,0.021,-0.211,-0.177,0.404,0.045,-0.31,0.483,0.498,0.567,0.244,-0.103,0.313,-0.11,0.296,0.256,0.383,0.556,0.407,0.045,0.352,-0.223,0.143,-0.038
ACIW,0.885,-0.801,0.725,-0.521,-0.098,0.0,0.886,0.786,-0.325,-0.092,0.88,-0.003,0.764,0.875,0.453,0.828,0.425,0.812,0.5,-0.291,0.863,-0.172,0.729,-0.79,0.288,0.791,0.534,0.933,0.724,-0.434,0.267,0.53,0.24,-0.381,-0.655,0.633,0.08,-0.628,0.017,-0.83,0.88,-0.434,0.287,0.868,0.65,0.342,0.86,0.837,0.623,0.347,0.787,0.593,-0.489,0.727,0.779,0.854,0.827,-0.18,0.551,0.547,0.262,0.904,0.86,-0.2,0.623,0.456,-0.791,0.897,-0.249,0.53,0.443,0.501,0.663,0.257,-0.572,0.785,-0.229,0.389,-0.691,0.47,0.375,0.573,0.283,0.446,0.557,0.079,0.861,-0.341,0.794,0.879,-0.138,0.843,0.854,-0.23,0.568,0.411,-0.194,0.599,0.723,0.671,0.508,0.58,0.729,0.068,-0.169,0.335,0.867,-0.477,0.639,-0.355,0.498,0.508,0.029,0.845,0.687,0.521,0.251,0.768,0.829,-0.264,-0.043,0.201,0.883,-0.569,0.628,0.819,0.838,-0.12,0.883,0.91,-0.083,0.894,0.263,0.702,0.588,0.59,0.868,-0.922,0.295,0.739,0.716,0.784,0.542,-0.792,-0.614,0.288,0.421,0.685,0.463,-0.364,0.922,0.762,-0.299,0.608,0.608,0.342,0.752,0.884,0.911,-0.509,0.85,0.314,0.649,0.779,-0.579,0.622,0.848,0.421,0.322,0.876,0.583,0.842,0.768,0.899,-0.318,-0.541,0.452,0.799,0.703,0.637,0.546,0.897,0.788,-0.091,0.336,-0.165,0.42,0.905,0.691,0.612,-0.761,0.684,-0.759,0.262,0.277,0.752,0.669,-0.651,0.849,0.801
ADBE,0.881,-0.76,0.82,-0.689,-0.146,0.886,0.0,0.886,-0.381,0.019,0.851,0.109,0.862,0.89,0.548,0.882,0.253,0.896,0.636,-0.151,0.916,-0.276,0.747,-0.76,0.385,0.874,0.459,0.921,0.758,-0.637,0.218,0.354,0.099,-0.442,-0.591,0.708,0.097,-0.724,0.151,-0.772,0.896,-0.497,0.127,0.84,0.676,0.152,0.896,0.76,0.665,0.273,0.801,0.669,-0.332,0.809,0.725,0.869,0.87,-0.197,0.682,0.556,0.361,0.911,0.872,-0.014,0.484,0.339,-0.838,0.805,-0.252,0.622,0.563,0.427,0.597,0.17,-0.443,0.704,-0.186,0.379,-0.589,0.326,0.502,0.483,0.254,0.583,0.554,0.149,0.838,-0.419,0.774,0.74,-0.053,0.87,0.824,-0.174,0.406,0.465,-0.154,0.59,0.7,0.704,0.512,0.475,0.738,0.245,-0.234,0.467,0.789,-0.353,0.449,-0.448,0.492,0.636,-0.007,0.818,0.754,0.527,0.164,0.761,0.914,-0.251,-0.264,0.348,0.86,-0.654,0.522,0.85,0.802,0.108,0.911,0.824,-0.067,0.896,0.273,0.73,0.694,0.497,0.862,-0.839,0.255,0.724,0.696,0.776,0.585,-0.893,-0.588,0.405,0.274,0.712,0.476,-0.469,0.842,0.774,-0.363,0.683,0.574,0.37,0.806,0.845,0.919,-0.446,0.83,0.158,0.63,0.756,-0.645,0.607,0.879,0.589,0.349,0.914,0.667,0.775,0.775,0.909,-0.252,-0.577,0.561,0.871,0.717,0.83,0.402,0.895,0.669,-0.153,0.365,-0.229,0.242,0.876,0.72,0.753,-0.674,0.675,-0.821,0.234,0.373,0.733,0.663,-0.705,0.849,0.844
ADSK,0.892,-0.576,0.917,-0.815,-0.057,0.786,0.886,0.0,-0.545,0.244,0.835,-0.008,0.933,0.934,0.788,0.946,0.002,0.812,0.802,0.115,0.898,-0.543,0.645,-0.701,0.554,0.941,0.31,0.897,0.856,-0.73,-0.024,0.322,0.251,-0.411,-0.716,0.877,0.384,-0.716,0.43,-0.695,0.847,-0.291,0.247,0.911,0.855,-0.096,0.929,0.693,0.818,0.066,0.901,0.847,-0.113,0.937,0.791,0.858,0.858,-0.093,0.85,0.568,0.215,0.891,0.833,-0.085,0.451,-0.021,-0.927,0.701,-0.467,0.784,0.805,0.607,0.759,0.181,-0.479,0.638,0.007,0.47,-0.51,0.452,0.594,0.28,0.158,0.477,0.647,0.424,0.811,-0.666,0.567,0.63,0.168,0.916,0.681,-0.278,0.467,0.636,-0.15,0.742,0.852,0.835,0.671,0.301,0.81,0.438,-0.47,0.423,0.758,-0.252,0.393,-0.671,0.616,0.868,-0.286,0.848,0.916,0.7,0.375,0.624,0.942,-0.152,-0.404,0.15,0.882,-0.729,0.603,0.914,0.776,0.285,0.911,0.849,0.152,0.874,0.514,0.866,0.788,0.503,0.819,-0.84,0.444,0.83,0.773,0.858,0.739,-0.852,-0.5,0.561,0.376,0.624,0.695,-0.662,0.724,0.867,-0.633,0.861,0.357,0.516,0.824,0.82,0.864,-0.545,0.703,0.162,0.626,0.858,-0.799,0.76,0.671,0.817,0.445,0.936,0.849,0.828,0.91,0.755,-0.087,-0.781,0.742,0.961,0.488,0.879,0.499,0.933,0.508,0.048,0.543,0.012,0.176,0.822,0.734,0.898,-0.695,0.778,-0.679,0.319,0.634,0.863,0.812,-0.864,0.917,0.944
AEP,-0.568,0.122,-0.412,0.365,-0.552,-0.325,-0.381,-0.545,0.0,-0.142,-0.443,0.584,-0.59,-0.597,-0.691,-0.56,0.011,-0.144,-0.642,-0.197,-0.569,0.302,0.125,0.324,-0.678,-0.615,0.06,-0.51,-0.764,0.286,0.468,-0.146,-0.482,-0.072,0.375,-0.417,-0.545,0.325,-0.591,0.381,-0.535,-0.167,-0.464,-0.477,-0.694,0.525,-0.645,-0.295,-0.639,0.305,-0.655,-0.655,-0.086,-0.521,-0.748,-0.421,-0.674,-0.358,-0.706,0.034,0.269,-0.338,-0.613,0.345,-0.51,0.39,0.434,-0.431,0.875,-0.518,-0.701,-0.775,-0.525,-0.506,0.326,-0.069,-0.683,-0.4,0.395,-0.377,-0.278,0.085,0.343,0.007,-0.505,-0.644,-0.639,0.644,-0.031,-0.212,-0.686,-0.603,-0.279,0.326,-0.41,-0.85,0.151,-0.558,-0.715,-0.773,-0.565,-0.296,-0.789,-0.689,0.468,-0.476,-0.624,0.551,-0.058,0.957,-0.774,-0.491,0.781,-0.72,-0.701,-0.65,-0.633,-0.247,-0.494,-0.496,0.612,0.551,-0.648,0.419,-0.485,-0.557,-0.492,-0.212,-0.462,-0.61,-0.391,-0.533,-0.555,-0.837,-0.29,-0.378,-0.409,0.429,-0.699,-0.538,-0.611,-0.705,-0.854,0.511,-0.237,-0.312,-0.255,-0.292,-0.695,0.771,-0.244,-0.542,0.527,-0.671,-0.285,-0.658,-0.535,-0.469,-0.403,0.463,-0.214,-0.103,-0.667,-0.636,0.826,-0.435,-0.136,-0.612,0.09,-0.393,-0.793,-0.504,-0.678,-0.432,-0.36,0.761,-0.86,-0.618,-0.07,-0.445,-0.388,-0.604,0.058,-0.191,-0.748,-0.586,-0.027,-0.268,-0.656,-0.433,0.203,-0.775,0.212,-0.61,-0.708,-0.583,-0.714,0.848,-0.613,-0.545
AGIO,0.0,0.102,0.408,-0.404,-0.182,-0.092,0.019,0.244,-0.142,0.0,-0.076,0.19,0.101,0.222,0.48,0.259,-0.717,0.119,0.309,0.78,0.16,-0.714,-0.122,-0.08,0.208,0.123,-0.576,-0.078,0.083,-0.259,0.011,-0.268,-0.088,-0.121,0.004,0.544,0.642,-0.173,0.411,0.091,-0.069,0.035,-0.194,0.182,0.4,-0.314,0.157,-0.247,0.28,-0.242,0.181,0.249,0.571,0.38,0.102,0.15,-0.013,0.175,0.49,0.14,-0.275,0.183,-0.07,0.111,-0.22,-0.464,-0.341,-0.364,-0.222,0.053,0.416,0.104,0.181,-0.009,0.093,-0.343,0.064,-0.267,0.406,0.112,-0.159,-0.557,0.108,0.002,-0.004,0.535,-0.068,-0.675,-0.111,-0.356,0.558,0.294,-0.404,-0.027,-0.21,0.261,0.327,0.149,0.233,0.049,0.319,-0.496,0.031,0.359,-0.652,-0.036,-0.008,0.294,-0.289,-0.247,0.093,0.393,-0.343,0.001,0.433,0.143,0.161,-0.118,0.162,-0.275,-0.448,0.002,0.082,-0.334,-0.133,0.181,-0.179,0.271,0.161,0.034,0.307,-0.094,0.286,0.139,0.237,-0.341,-0.189,-0.113,0.115,0.005,0.334,0.053,0.166,-0.09,0.06,0.596,-0.106,0.25,0.381,-0.376,-0.013,0.288,-0.647,0.331,-0.613,0.369,0.221,-0.241,0.015,0.254,-0.326,-0.302,-0.051,0.084,-0.326,0.486,-0.177,0.491,0.437,0.146,0.354,0.007,0.281,-0.124,-0.214,-0.524,0.093,0.274,-0.505,0.231,-0.065,0.148,-0.302,0.195,0.274,0.348,-0.486,-0.014,-0.22,0.345,-0.14,0.088,-0.039,-0.184,0.506,0.411,0.188,-0.256,0.062,0.362
ALEC,0.92,-0.615,0.745,-0.582,0.034,0.88,0.851,0.835,-0.443,-0.076,0.0,0.023,0.848,0.877,0.611,0.881,0.356,0.721,0.63,-0.196,0.84,-0.283,0.757,-0.569,0.491,0.892,0.633,0.916,0.848,-0.499,0.032,0.614,0.384,-0.212,-0.687,0.674,0.184,-0.508,0.249,-0.725,0.878,-0.18,0.411,0.892,0.737,0.058,0.877,0.821,0.767,0.192,0.881,0.755,-0.303,0.779,0.849,0.87,0.874,-0.141,0.685,0.505,0.264,0.872,0.885,-0.195,0.56,0.198,-0.825,0.86,-0.445,0.731,0.626,0.672,0.734,0.256,-0.658,0.742,0.029,0.533,-0.618,0.611,0.687,0.555,0.133,0.469,0.769,0.225,0.87,-0.382,0.616,0.822,-0.063,0.85,0.837,-0.134,0.656,0.536,-0.154,0.75,0.828,0.819,0.608,0.635,0.772,0.12,-0.115,0.414,0.791,-0.395,0.644,-0.506,0.668,0.625,-0.112,0.874,0.76,0.713,0.393,0.62,0.857,-0.05,-0.101,0.188,0.91,-0.555,0.743,0.847,0.941,0.19,0.864,0.888,0.095,0.929,0.452,0.795,0.615,0.735,0.92,-0.872,0.509,0.863,0.715,0.85,0.713,-0.786,-0.478,0.23,0.52,0.594,0.583,-0.582,0.82,0.814,-0.358,0.709,0.547,0.461,0.717,0.936,0.905,-0.513,0.848,0.436,0.662,0.905,-0.64,0.695,0.719,0.586,0.43,0.852,0.726,0.892,0.844,0.787,-0.011,-0.572,0.646,0.847,0.667,0.694,0.684,0.906,0.626,0.147,0.542,-0.034,0.446,0.863,0.818,0.732,-0.692,0.786,-0.589,0.441,0.486,0.814,0.809,-0.74,0.938,0.84
ALNY,-0.158,-0.174,0.162,-0.158,-0.529,-0.003,0.109,-0.008,0.584,0.19,0.023,0.0,-0.141,-0.084,-0.228,0.029,-0.141,0.343,-0.229,0.145,-0.009,0.036,0.43,0.0,-0.29,-0.025,0.186,-0.092,-0.341,-0.078,0.653,-0.044,-0.492,-0.134,0.294,0.035,-0.242,-0.045,-0.418,0.06,0.014,-0.254,-0.514,-0.003,-0.261,0.218,-0.064,-0.023,-0.135,0.157,-0.128,-0.191,0.226,0.074,-0.261,0.128,-0.237,-0.347,-0.033,0.238,0.318,0.19,-0.153,0.369,-0.51,0.345,-0.12,-0.215,0.526,-0.101,-0.249,-0.475,-0.232,-0.527,0.3,0.098,-0.568,-0.318,0.411,-0.167,0.081,0.059,0.49,0.396,-0.214,-0.194,-0.297,0.198,0.173,0.018,-0.464,-0.057,-0.046,0.498,-0.345,-0.386,0.453,-0.207,-0.261,-0.351,-0.214,-0.133,-0.362,-0.43,0.121,0.106,-0.298,0.338,-0.053,0.498,-0.347,-0.029,0.621,-0.218,-0.185,-0.325,-0.57,0.028,0.103,-0.43,0.029,0.713,-0.116,0.13,-0.31,-0.152,-0.124,0.167,0.015,-0.194,-0.501,-0.045,-0.319,-0.369,0.25,-0.233,-0.045,-0.028,-0.514,-0.257,-0.074,-0.238,-0.376,-0.106,-0.28,-0.086,-0.234,0.174,-0.275,0.143,0.163,-0.157,0.122,-0.258,-0.17,-0.272,-0.094,-0.151,0.106,0.548,-0.015,-0.177,-0.183,-0.204,0.405,0.055,0.265,-0.149,0.488,0.051,-0.276,-0.187,-0.159,-0.014,-0.405,0.29,-0.395,-0.077,0.143,0.155,-0.199,-0.086,0.013,-0.173,-0.31,-0.633,-0.266,0.207,-0.337,0.022,0.112,-0.428,-0.172,-0.344,-0.212,-0.093,-0.221,0.375,-0.132,0.033
ALTR,0.893,-0.551,0.84,-0.751,-0.011,0.764,0.862,0.933,-0.59,0.101,0.848,-0.141,0.0,0.893,0.735,0.894,0.122,0.753,0.767,-0.047,0.884,-0.411,0.636,-0.604,0.545,0.927,0.413,0.896,0.905,-0.718,-0.173,0.328,0.285,-0.443,-0.734,0.794,0.288,-0.687,0.474,-0.685,0.837,-0.275,0.277,0.852,0.845,-0.071,0.887,0.691,0.754,0.058,0.851,0.803,-0.24,0.858,0.805,0.824,0.896,-0.086,0.794,0.554,0.28,0.813,0.858,-0.05,0.464,-0.011,-0.828,0.766,-0.48,0.812,0.794,0.635,0.692,0.257,-0.513,0.646,0.065,0.537,-0.568,0.489,0.62,0.397,0.089,0.492,0.659,0.341,0.841,-0.579,0.54,0.664,0.133,0.857,0.725,-0.394,0.502,0.621,-0.334,0.705,0.824,0.858,0.636,0.332,0.823,0.452,-0.302,0.454,0.776,-0.234,0.421,-0.692,0.633,0.799,-0.281,0.865,0.868,0.719,0.426,0.671,0.9,-0.078,-0.338,0.051,0.855,-0.761,0.617,0.914,0.835,0.292,0.908,0.816,0.254,0.875,0.465,0.872,0.718,0.543,0.826,-0.774,0.494,0.852,0.692,0.877,0.736,-0.799,-0.489,0.535,0.356,0.483,0.629,-0.603,0.661,0.83,-0.499,0.829,0.485,0.486,0.836,0.872,0.836,-0.623,0.763,0.204,0.61,0.861,-0.79,0.718,0.666,0.812,0.302,0.904,0.853,0.805,0.86,0.77,0.059,-0.712,0.792,0.921,0.604,0.856,0.496,0.901,0.534,0.017,0.519,0.05,0.233,0.746,0.785,0.842,-0.685,0.832,-0.663,0.323,0.544,0.813,0.781,-0.876,0.915,0.88
AMBA,0.951,-0.623,0.894,-0.701,0.023,0.875,0.89,0.934,-0.597,0.222,0.877,-0.084,0.893,0.0,0.787,0.969,0.111,0.778,0.77,0.041,0.943,-0.506,0.581,-0.754,0.604,0.935,0.305,0.916,0.887,-0.579,0.023,0.449,0.358,-0.342,-0.735,0.861,0.424,-0.674,0.388,-0.732,0.873,-0.257,0.353,0.953,0.872,-0.017,0.967,0.759,0.866,0.158,0.942,0.849,-0.189,0.92,0.872,0.878,0.916,-0.016,0.841,0.505,0.126,0.93,0.9,-0.24,0.602,0.069,-0.923,0.772,-0.544,0.721,0.772,0.712,0.805,0.326,-0.604,0.596,0.027,0.494,-0.61,0.551,0.479,0.294,0.112,0.413,0.652,0.405,0.902,-0.648,0.638,0.678,0.236,0.982,0.722,-0.273,0.579,0.699,-0.113,0.798,0.915,0.861,0.738,0.447,0.868,0.354,-0.437,0.402,0.856,-0.409,0.509,-0.672,0.69,0.772,-0.313,0.911,0.934,0.767,0.478,0.634,0.916,-0.108,-0.333,0.091,0.955,-0.698,0.689,0.932,0.836,0.107,0.932,0.941,0.168,0.915,0.55,0.896,0.673,0.587,0.84,-0.916,0.533,0.848,0.887,0.875,0.79,-0.858,-0.461,0.483,0.443,0.72,0.751,-0.692,0.811,0.931,-0.612,0.871,0.39,0.585,0.823,0.839,0.898,-0.543,0.735,0.274,0.715,0.915,-0.838,0.764,0.697,0.747,0.423,0.93,0.862,0.897,0.956,0.811,-0.151,-0.82,0.716,0.953,0.487,0.784,0.603,0.979,0.573,0.098,0.641,0.099,0.283,0.864,0.763,0.828,-0.762,0.842,-0.685,0.37,0.629,0.935,0.862,-0.893,0.947,0.947
AMCX,0.728,-0.086,0.77,-0.637,0.291,0.453,0.548,0.788,-0.691,0.48,0.611,-0.228,0.735,0.787,0.0,0.793,-0.26,0.383,0.889,0.425,0.664,-0.762,0.227,-0.362,0.845,0.785,0.032,0.587,0.791,-0.469,-0.305,0.356,0.56,-0.125,-0.623,0.847,0.793,-0.348,0.761,-0.352,0.554,0.219,0.495,0.775,0.865,-0.462,0.743,0.478,0.903,-0.082,0.863,0.93,0.225,0.837,0.719,0.565,0.675,0.27,0.89,0.281,-0.047,0.615,0.618,-0.277,0.449,-0.49,-0.754,0.397,-0.748,0.744,0.934,0.786,0.842,0.329,-0.503,0.283,0.384,0.501,-0.265,0.583,0.492,-0.065,-0.231,0.128,0.649,0.743,0.674,-0.746,0.141,0.252,0.585,0.782,0.316,-0.136,0.559,0.812,0.064,0.846,0.888,0.843,0.867,0.179,0.718,0.531,-0.611,0.201,0.521,-0.189,0.309,-0.812,0.779,0.883,-0.672,0.678,0.915,0.879,0.69,0.177,0.698,0.162,-0.426,-0.126,0.732,-0.539,0.665,0.802,0.606,0.374,0.649,0.684,0.433,0.649,0.835,0.847,0.506,0.498,0.536,-0.587,0.768,0.786,0.779,0.676,0.877,-0.589,-0.065,0.492,0.485,0.453,0.938,-0.873,0.374,0.832,-0.796,0.934,-0.041,0.733,0.559,0.542,0.535,-0.431,0.373,0.255,0.599,0.836,-0.819,0.696,0.192,0.909,0.376,0.663,0.905,0.756,0.878,0.381,0.23,-0.88,0.821,0.814,0.03,0.623,0.637,0.74,0.139,0.494,0.836,0.502,0.167,0.535,0.638,0.821,-0.511,0.782,-0.231,0.453,0.907,0.86,0.884,-0.864,0.786,0.802
AMKR,0.919,-0.584,0.91,-0.737,0.012,0.828,0.882,0.946,-0.56,0.259,0.881,0.029,0.894,0.969,0.793,0.0,0.065,0.8,0.758,0.116,0.941,-0.503,0.642,-0.701,0.598,0.956,0.351,0.907,0.869,-0.638,0.048,0.42,0.315,-0.3,-0.711,0.858,0.403,-0.655,0.414,-0.684,0.886,-0.229,0.32,0.935,0.858,-0.087,0.97,0.74,0.861,0.085,0.944,0.853,-0.062,0.942,0.865,0.924,0.877,-0.038,0.872,0.492,0.178,0.944,0.871,-0.138,0.519,0.037,-0.916,0.724,-0.529,0.783,0.795,0.68,0.779,0.245,-0.52,0.587,0.028,0.489,-0.487,0.543,0.56,0.297,0.14,0.493,0.676,0.468,0.843,-0.65,0.597,0.648,0.207,0.968,0.7,-0.162,0.528,0.672,-0.022,0.782,0.896,0.86,0.708,0.414,0.842,0.332,-0.444,0.487,0.809,-0.329,0.487,-0.652,0.716,0.807,-0.288,0.903,0.923,0.746,0.438,0.617,0.947,-0.087,-0.367,0.165,0.951,-0.683,0.654,0.93,0.836,0.228,0.936,0.907,0.134,0.91,0.538,0.882,0.752,0.567,0.857,-0.898,0.515,0.849,0.84,0.884,0.792,-0.869,-0.459,0.469,0.422,0.736,0.728,-0.72,0.779,0.907,-0.607,0.844,0.368,0.537,0.818,0.818,0.925,-0.462,0.706,0.249,0.683,0.908,-0.808,0.808,0.694,0.776,0.463,0.909,0.881,0.864,0.954,0.776,-0.128,-0.801,0.737,0.961,0.499,0.832,0.603,0.976,0.508,0.129,0.644,0.047,0.232,0.861,0.763,0.831,-0.682,0.797,-0.662,0.383,0.648,0.919,0.867,-0.858,0.949,0.964
AMRX,0.278,-0.348,-0.114,0.317,0.112,0.425,0.253,0.002,0.011,-0.717,0.356,-0.141,0.122,0.111,-0.26,0.065,0.0,0.15,-0.15,-0.742,0.189,0.58,0.264,-0.157,-0.07,0.123,0.57,0.334,0.133,0.224,0.196,0.462,0.252,0.113,-0.166,-0.275,-0.463,0.005,-0.383,-0.229,0.346,-0.137,0.325,0.15,-0.127,0.5,0.151,0.479,-0.035,0.498,0.091,-0.075,-0.605,-0.081,0.237,0.199,0.289,-0.125,-0.245,-0.07,0.256,0.165,0.358,-0.231,0.457,0.601,0.055,0.583,0.102,0.026,-0.24,0.134,0.103,0.122,-0.299,0.482,-0.139,0.341,-0.481,0.139,0.172,0.703,0.015,0.24,0.303,-0.369,0.396,0.446,0.464,0.62,-0.39,0.075,0.627,0.014,0.403,-0.012,-0.21,0.061,0.058,0.156,-0.017,0.645,0.24,-0.271,0.535,0.151,0.335,-0.393,0.559,0.125,0.132,-0.228,0.345,0.309,-0.138,0.035,0.076,0.319,0.094,0.144,0.413,0.012,0.237,0.125,0.363,0.122,0.452,-0.325,0.205,0.271,-0.242,0.32,-0.096,0.089,-0.08,0.465,0.4,-0.197,0.093,0.223,0.052,0.21,0.058,-0.104,-0.179,-0.29,0.253,0.126,-0.133,0.214,0.289,0.052,0.517,-0.122,0.656,-0.106,0.06,0.442,0.299,-0.239,0.56,0.443,0.248,0.173,0.095,-0.123,0.427,-0.275,-0.21,0.112,-0.061,0.276,0.012,0.44,0.06,0.223,0.031,-0.027,0.558,-0.011,0.313,0.186,0.526,-0.077,-0.109,-0.2,0.631,0.258,0.398,-0.195,-0.122,0.14,-0.166,0.167,-0.358,-0.048,0.077,0.019,0.195,-0.04
ANSS,0.718,-0.798,0.796,-0.659,-0.404,0.812,0.896,0.812,-0.144,0.119,0.721,0.343,0.753,0.778,0.383,0.8,0.15,0.0,0.441,-0.118,0.84,-0.251,0.798,-0.756,0.155,0.759,0.435,0.819,0.567,-0.648,0.402,0.228,-0.123,-0.541,-0.525,0.672,-0.019,-0.758,-0.012,-0.71,0.791,-0.624,-0.095,0.766,0.545,0.295,0.782,0.667,0.503,0.269,0.634,0.48,-0.262,0.752,0.54,0.867,0.675,-0.294,0.549,0.614,0.386,0.903,0.725,0.12,0.274,0.442,-0.792,0.658,0.002,0.559,0.405,0.184,0.443,-0.006,-0.259,0.681,-0.451,0.246,-0.432,0.203,0.395,0.465,0.5,0.695,0.332,0.037,0.625,-0.364,0.775,0.699,-0.198,0.762,0.727,-0.208,0.216,0.226,-0.088,0.427,0.52,0.508,0.341,0.269,0.554,0.109,-0.197,0.447,0.643,-0.109,0.393,-0.229,0.227,0.587,0.217,0.684,0.63,0.321,-0.021,0.762,0.856,-0.418,-0.228,0.486,0.721,-0.614,0.332,0.715,0.659,0.038,0.853,0.685,-0.207,0.762,0.089,0.538,0.781,0.308,0.754,-0.795,0.0,0.563,0.59,0.655,0.348,-0.801,-0.744,0.428,0.136,0.686,0.288,-0.275,0.781,0.642,-0.303,0.525,0.466,0.176,0.718,0.709,0.881,-0.281,0.725,0.053,0.431,0.583,-0.457,0.605,0.913,0.483,0.454,0.871,0.502,0.596,0.651,0.811,-0.445,-0.441,0.348,0.764,0.692,0.807,0.242,0.79,0.663,-0.295,0.131,-0.46,0.09,0.835,0.473,0.662,-0.609,0.455,-0.848,0.024,0.171,0.626,0.483,-0.524,0.696,0.778
APPN,0.768,-0.229,0.733,-0.678,0.167,0.5,0.636,0.802,-0.642,0.309,0.63,-0.229,0.767,0.77,0.889,0.758,-0.15,0.441,0.0,0.201,0.674,-0.679,0.319,-0.389,0.739,0.769,0.135,0.625,0.816,-0.526,-0.321,0.354,0.482,-0.138,-0.609,0.775,0.594,-0.381,0.741,-0.445,0.57,0.061,0.36,0.717,0.83,-0.367,0.72,0.455,0.843,0.045,0.838,0.87,-0.018,0.77,0.68,0.539,0.739,0.113,0.832,0.28,0.106,0.58,0.696,-0.197,0.413,-0.383,-0.752,0.492,-0.602,0.66,0.886,0.674,0.762,0.321,-0.544,0.369,0.311,0.485,-0.396,0.464,0.532,0.056,-0.24,0.251,0.628,0.486,0.733,-0.602,0.271,0.312,0.419,0.778,0.432,-0.216,0.522,0.684,-0.084,0.775,0.824,0.798,0.784,0.287,0.698,0.538,-0.488,0.205,0.52,-0.173,0.279,-0.748,0.71,0.834,-0.489,0.643,0.881,0.785,0.588,0.276,0.696,0.052,-0.401,-0.06,0.69,-0.6,0.64,0.776,0.603,0.524,0.668,0.641,0.458,0.672,0.742,0.805,0.45,0.494,0.608,-0.509,0.687,0.757,0.686,0.627,0.779,-0.625,-0.103,0.551,0.42,0.479,0.815,-0.742,0.396,0.821,-0.678,0.946,0.125,0.577,0.592,0.631,0.538,-0.488,0.52,0.247,0.515,0.789,-0.818,0.635,0.329,0.885,0.323,0.675,0.847,0.741,0.802,0.504,0.252,-0.748,0.751,0.801,0.223,0.704,0.517,0.719,0.276,0.337,0.742,0.397,0.203,0.518,0.691,0.87,-0.579,0.8,-0.346,0.376,0.797,0.781,0.783,-0.845,0.761,0.747
APTO,-0.157,0.332,0.269,-0.319,0.112,-0.291,-0.151,0.115,-0.197,0.78,-0.196,0.145,-0.047,0.041,0.425,0.116,-0.742,-0.118,0.201,0.0,-0.049,-0.55,-0.279,0.035,0.238,0.062,-0.585,-0.203,-0.033,-0.187,-0.077,-0.359,-0.067,-0.016,0.161,0.353,0.674,-0.031,0.365,0.265,-0.138,0.255,-0.093,0.016,0.239,-0.524,0.042,-0.316,0.202,-0.497,0.088,0.235,0.753,0.283,0.019,-0.059,-0.166,0.336,0.425,-0.006,-0.326,-0.016,-0.246,0.146,-0.264,-0.59,-0.158,-0.496,-0.311,0.043,0.356,0.102,0.091,-0.076,0.303,-0.395,0.267,-0.243,0.563,0.018,-0.084,-0.645,-0.038,-0.236,-0.019,0.707,-0.236,-0.613,-0.398,-0.535,0.563,0.091,-0.553,0.219,-0.273,0.345,0.407,0.075,0.135,0.011,0.213,-0.499,-0.046,0.385,-0.734,0.009,-0.142,0.155,-0.447,-0.307,0.162,0.334,-0.534,-0.089,0.263,0.108,0.075,-0.279,0.047,-0.016,-0.478,-0.077,-0.013,-0.095,-0.2,0.048,-0.296,0.29,-0.054,-0.075,0.169,-0.207,0.275,0.105,0.189,-0.369,-0.307,0.036,0.088,-0.093,0.163,-0.024,0.201,-0.039,0.281,0.34,-0.038,-0.015,0.373,-0.431,-0.173,0.053,-0.641,0.21,-0.651,0.408,0.058,-0.369,-0.143,0.27,-0.501,-0.373,0.054,-0.01,-0.205,0.274,-0.388,0.373,0.291,-0.044,0.269,-0.094,0.167,-0.315,-0.043,-0.463,0.148,0.145,-0.6,0.083,-0.092,0.003,-0.544,0.273,0.276,0.365,-0.522,-0.107,-0.226,0.198,0.154,-0.035,0.156,0.046,0.568,0.214,0.164,-0.157,-0.026,0.213
ARCT,0.896,-0.699,0.86,-0.678,-0.024,0.863,0.916,0.898,-0.569,0.16,0.84,-0.009,0.884,0.943,0.664,0.941,0.189,0.84,0.674,-0.049,0.0,-0.325,0.621,-0.757,0.508,0.91,0.357,0.923,0.836,-0.601,0.134,0.358,0.206,-0.373,-0.67,0.743,0.253,-0.73,0.279,-0.773,0.928,-0.389,0.22,0.88,0.778,0.018,0.963,0.734,0.735,0.153,0.872,0.731,-0.218,0.876,0.833,0.918,0.908,-0.109,0.788,0.437,0.213,0.92,0.925,-0.15,0.528,0.201,-0.857,0.787,-0.442,0.686,0.68,0.573,0.664,0.266,-0.469,0.6,-0.035,0.421,-0.569,0.424,0.433,0.33,0.154,0.583,0.553,0.325,0.871,-0.57,0.691,0.703,0.152,0.932,0.776,-0.241,0.45,0.622,-0.085,0.644,0.799,0.792,0.608,0.441,0.844,0.326,-0.333,0.567,0.844,-0.423,0.438,-0.617,0.631,0.677,-0.179,0.926,0.852,0.629,0.335,0.724,0.946,-0.102,-0.406,0.099,0.931,-0.68,0.561,0.896,0.829,0.1,0.937,0.879,0.023,0.921,0.368,0.84,0.743,0.489,0.838,-0.875,0.409,0.758,0.82,0.871,0.721,-0.904,-0.496,0.454,0.265,0.757,0.603,-0.617,0.796,0.826,-0.46,0.749,0.513,0.446,0.854,0.819,0.928,-0.445,0.739,0.153,0.675,0.822,-0.771,0.71,0.808,0.679,0.317,0.9,0.808,0.785,0.871,0.888,-0.19,-0.732,0.698,0.915,0.605,0.846,0.479,0.952,0.551,-0.064,0.521,-0.048,0.202,0.836,0.746,0.719,-0.652,0.752,-0.776,0.32,0.479,0.828,0.767,-0.829,0.89,0.907
ARWR,-0.413,-0.048,-0.578,0.545,0.079,-0.172,-0.276,-0.543,0.302,-0.714,-0.283,0.036,-0.411,-0.506,-0.762,-0.503,0.58,-0.251,-0.679,-0.55,-0.325,0.0,-0.108,0.209,-0.56,-0.441,0.278,-0.233,-0.435,0.392,0.261,-0.142,-0.308,0.104,0.448,-0.773,-0.737,0.199,-0.689,0.151,-0.104,-0.17,-0.208,-0.502,-0.654,0.337,-0.39,-0.145,-0.665,0.059,-0.531,-0.649,-0.353,-0.592,-0.325,-0.293,-0.323,-0.152,-0.651,-0.254,0.185,-0.392,-0.245,0.144,-0.149,0.553,0.611,-0.013,0.454,-0.429,-0.674,-0.46,-0.586,-0.109,0.405,0.018,-0.161,-0.211,0.074,-0.394,-0.306,0.284,0.06,-0.001,-0.378,-0.51,-0.294,0.673,-0.022,0.059,-0.502,-0.533,0.021,0.151,-0.258,-0.417,-0.086,-0.614,-0.585,-0.453,-0.645,0.13,-0.324,-0.352,0.631,0.174,-0.183,-0.16,-0.104,0.457,-0.319,-0.707,0.499,-0.245,-0.691,-0.576,-0.499,0.053,-0.369,0.144,0.291,-0.095,-0.345,0.443,-0.356,-0.456,-0.188,-0.345,-0.376,-0.346,-0.511,-0.244,-0.667,-0.454,-0.28,-0.191,-0.221,0.356,-0.461,-0.478,-0.538,-0.297,-0.471,0.257,0.085,-0.549,-0.318,-0.33,-0.68,0.574,-0.155,-0.653,0.802,-0.718,0.419,-0.51,-0.313,-0.195,-0.235,0.232,-0.094,-0.109,-0.138,-0.493,0.592,-0.557,0.029,-0.709,-0.538,-0.423,-0.584,-0.452,-0.59,-0.035,-0.017,0.639,-0.38,-0.531,0.26,-0.366,-0.333,-0.416,-0.024,-0.438,-0.578,-0.386,0.026,-0.282,-0.224,-0.724,0.496,-0.473,0.055,-0.144,-0.725,-0.651,-0.519,0.546,-0.426,-0.552
ASND,0.624,-0.674,0.629,-0.582,-0.41,0.729,0.747,0.645,0.125,-0.122,0.757,0.43,0.636,0.581,0.227,0.642,0.264,0.798,0.319,-0.279,0.621,-0.108,0.0,-0.481,0.028,0.623,0.706,0.72,0.46,-0.592,0.297,0.349,-0.092,-0.447,-0.506,0.511,-0.231,-0.527,-0.047,-0.591,0.668,-0.482,-0.049,0.631,0.407,0.341,0.583,0.635,0.375,0.253,0.519,0.392,-0.359,0.575,0.433,0.733,0.54,-0.509,0.351,0.656,0.535,0.751,0.585,0.226,0.122,0.426,-0.654,0.629,0.128,0.518,0.293,0.138,0.363,-0.11,-0.35,0.771,-0.448,0.261,-0.37,0.306,0.566,0.602,0.43,0.628,0.419,-0.164,0.494,-0.104,0.65,0.717,-0.545,0.548,0.719,-0.056,0.263,0.023,-0.176,0.356,0.403,0.39,0.2,0.342,0.356,-0.14,0.076,0.324,0.486,-0.002,0.495,0.004,0.185,0.44,0.4,0.512,0.415,0.28,-0.108,0.655,0.716,-0.474,0.114,0.563,0.566,-0.504,0.339,0.616,0.656,0.206,0.712,0.546,-0.152,0.682,0.004,0.355,0.662,0.4,0.748,-0.663,-0.021,0.552,0.329,0.526,0.193,-0.625,-0.767,0.194,0.24,0.455,0.114,-0.131,0.731,0.507,-0.114,0.35,0.487,-0.034,0.577,0.714,0.769,-0.271,0.76,0.148,0.238,0.523,-0.235,0.53,0.772,0.342,0.464,0.739,0.33,0.568,0.479,0.639,-0.298,-0.165,0.214,0.605,0.767,0.636,0.309,0.625,0.684,-0.167,0.031,-0.522,0.274,0.754,0.459,0.577,-0.61,0.33,-0.658,0.029,0.043,0.485,0.359,-0.309,0.626,0.629
ASTH,-0.668,0.765,-0.677,0.541,0.186,-0.79,-0.76,-0.701,0.324,-0.08,-0.569,0.0,-0.604,-0.754,-0.362,-0.701,-0.157,-0.756,-0.389,0.035,-0.757,0.209,-0.481,0.0,-0.171,-0.65,-0.109,-0.757,-0.515,0.522,-0.336,-0.118,0.051,0.501,0.5,-0.583,-0.104,0.777,0.056,0.733,-0.725,0.598,-0.018,-0.681,-0.526,-0.318,-0.747,-0.594,-0.475,-0.22,-0.59,-0.449,0.326,-0.664,-0.571,-0.691,-0.658,0.151,-0.498,-0.483,-0.176,-0.773,-0.639,0.112,-0.488,-0.4,0.698,-0.642,0.175,-0.327,-0.362,-0.297,-0.445,-0.093,0.266,-0.507,0.307,-0.219,0.55,-0.122,-0.131,-0.231,-0.395,-0.339,-0.295,-0.137,-0.626,0.49,-0.715,-0.562,-0.036,-0.742,-0.604,0.249,-0.212,-0.424,0.128,-0.385,-0.532,-0.477,-0.328,-0.265,-0.654,-0.251,0.401,-0.363,-0.748,0.457,-0.265,0.35,-0.305,-0.453,0.069,-0.672,-0.603,-0.293,-0.043,-0.709,-0.703,0.351,0.296,-0.202,-0.707,0.559,-0.299,-0.651,-0.517,0.253,-0.732,-0.735,0.202,-0.672,-0.094,-0.578,-0.584,-0.233,-0.603,0.779,-0.026,-0.468,-0.619,-0.633,-0.4,0.762,0.575,-0.424,-0.118,-0.646,-0.368,0.269,-0.771,-0.603,0.388,-0.501,-0.404,-0.299,-0.74,-0.585,-0.749,0.41,-0.558,0.013,-0.557,-0.52,0.57,-0.467,-0.728,-0.344,-0.26,-0.758,-0.481,-0.586,-0.635,-0.766,0.531,0.583,-0.339,-0.694,-0.459,-0.61,-0.206,-0.754,-0.599,0.325,-0.201,0.243,-0.109,-0.763,-0.467,-0.509,0.626,-0.461,0.81,-0.048,-0.241,-0.587,-0.463,0.568,-0.626,-0.702
ATSG,0.628,0.142,0.505,-0.296,0.507,0.288,0.385,0.554,-0.678,0.208,0.491,-0.29,0.545,0.604,0.845,0.598,-0.07,0.155,0.739,0.238,0.508,-0.56,0.028,-0.171,0.0,0.636,0.08,0.418,0.65,-0.132,-0.318,0.518,0.727,0.167,-0.535,0.553,0.695,-0.064,0.684,-0.186,0.42,0.46,0.67,0.605,0.587,-0.509,0.581,0.507,0.824,0.069,0.73,0.848,0.242,0.611,0.583,0.354,0.583,0.412,0.704,-0.063,-0.079,0.422,0.558,-0.523,0.535,-0.431,-0.499,0.354,-0.765,0.692,0.75,0.776,0.761,0.4,-0.547,0.171,0.511,0.667,-0.319,0.548,0.529,-0.003,-0.451,0.092,0.614,0.657,0.63,-0.41,0.037,0.195,0.573,0.583,0.332,0.071,0.649,0.763,0.167,0.806,0.756,0.781,0.837,0.394,0.652,0.359,-0.327,0.123,0.338,-0.338,0.39,-0.727,0.767,0.669,-0.686,0.573,0.69,0.868,0.774,-0.066,0.505,0.516,-0.311,-0.162,0.603,-0.176,0.726,0.582,0.561,0.245,0.432,0.538,0.309,0.566,0.855,0.724,0.254,0.653,0.449,-0.394,0.833,0.698,0.72,0.519,0.848,-0.407,0.174,0.121,0.53,0.343,0.875,-0.853,0.187,0.681,-0.49,0.78,-0.009,0.688,0.271,0.461,0.364,-0.37,0.357,0.443,0.602,0.732,-0.655,0.352,0.08,0.684,0.175,0.434,0.731,0.668,0.709,0.261,0.479,-0.636,0.803,0.559,0.002,0.399,0.726,0.55,0.059,0.64,0.886,0.507,0.363,0.416,0.659,0.592,-0.267,0.675,0.032,0.576,0.794,0.635,0.803,-0.704,0.646,0.524
AVTX,0.913,-0.538,0.869,-0.726,0.083,0.791,0.874,0.941,-0.615,0.123,0.892,-0.025,0.927,0.935,0.785,0.956,0.123,0.759,0.769,0.062,0.91,-0.441,0.623,-0.65,0.636,0.0,0.41,0.907,0.879,-0.648,-0.039,0.422,0.339,-0.341,-0.681,0.805,0.374,-0.641,0.415,-0.681,0.899,-0.188,0.335,0.908,0.825,-0.122,0.945,0.759,0.847,0.068,0.928,0.858,-0.109,0.916,0.854,0.866,0.888,-0.031,0.847,0.498,0.23,0.879,0.883,-0.131,0.512,0.011,-0.868,0.756,-0.559,0.819,0.791,0.691,0.755,0.231,-0.503,0.631,0.083,0.559,-0.511,0.518,0.66,0.349,0.094,0.48,0.706,0.454,0.844,-0.591,0.545,0.655,0.182,0.912,0.724,-0.186,0.534,0.707,-0.123,0.785,0.873,0.886,0.682,0.447,0.858,0.365,-0.369,0.516,0.772,-0.353,0.467,-0.708,0.73,0.818,-0.321,0.91,0.885,0.768,0.425,0.607,0.934,0.012,-0.366,0.121,0.931,-0.649,0.665,0.913,0.867,0.258,0.898,0.878,0.117,0.923,0.528,0.9,0.724,0.602,0.853,-0.843,0.524,0.856,0.783,0.877,0.815,-0.872,-0.441,0.404,0.408,0.613,0.713,-0.732,0.72,0.854,-0.551,0.845,0.445,0.559,0.787,0.859,0.885,-0.549,0.731,0.26,0.73,0.912,-0.788,0.739,0.684,0.771,0.396,0.898,0.873,0.851,0.924,0.772,0.004,-0.757,0.8,0.938,0.562,0.837,0.595,0.949,0.495,0.11,0.641,0.027,0.258,0.848,0.809,0.825,-0.619,0.82,-0.636,0.454,0.635,0.854,0.861,-0.872,0.952,0.925
BCPC,0.472,-0.362,0.212,-0.092,-0.011,0.534,0.459,0.31,0.06,-0.576,0.633,0.186,0.413,0.305,0.032,0.351,0.57,0.435,0.135,-0.585,0.357,0.278,0.706,-0.109,0.08,0.41,0.0,0.53,0.375,-0.135,0.135,0.602,0.226,-0.029,-0.347,0.074,-0.349,-0.051,-0.119,-0.389,0.514,-0.056,0.291,0.4,0.14,0.24,0.35,0.625,0.245,0.242,0.366,0.235,-0.406,0.226,0.352,0.467,0.383,-0.229,0.07,0.271,0.494,0.432,0.49,-0.024,0.254,0.422,-0.263,0.624,0.051,0.482,0.07,0.186,0.268,0.05,-0.335,0.733,-0.169,0.403,-0.378,0.382,0.555,0.798,0.07,0.42,0.387,-0.218,0.435,0.322,0.375,0.7,-0.564,0.248,0.698,0.085,0.509,-0.065,-0.133,0.314,0.272,0.366,0.142,0.6,0.248,-0.297,0.443,0.25,0.319,-0.147,0.635,0.066,0.245,0.158,0.361,0.425,0.123,0.28,0.049,0.423,0.436,0.043,0.359,0.299,0.423,-0.065,0.485,0.369,0.673,0.104,0.416,0.404,-0.166,0.575,0.054,0.258,0.318,0.631,0.653,-0.406,0.169,0.481,0.124,0.391,0.205,-0.359,-0.386,-0.315,0.383,0.178,0.021,-0.068,0.45,0.241,0.246,0.155,0.631,-0.111,0.178,0.675,0.534,-0.212,0.702,0.47,0.285,0.442,0.007,0.197,0.565,0.062,0.087,0.397,0.127,0.471,0.272,0.471,0.124,0.135,0.217,0.305,0.784,0.265,0.475,0.384,0.536,0.035,0.072,-0.376,0.495,0.519,0.501,0.234,-0.24,0.303,-0.253,0.279,-0.1,0.21,0.326,-0.126,0.467,0.267
BEAM,0.934,-0.732,0.791,-0.652,-0.0,0.933,0.921,0.897,-0.51,-0.078,0.916,-0.092,0.896,0.916,0.587,0.907,0.334,0.819,0.625,-0.203,0.923,-0.233,0.72,-0.757,0.418,0.907,0.53,0.0,0.859,-0.616,0.059,0.44,0.263,-0.381,-0.727,0.695,0.137,-0.703,0.22,-0.807,0.948,-0.384,0.325,0.891,0.757,0.114,0.941,0.825,0.709,0.16,0.865,0.726,-0.378,0.817,0.852,0.906,0.912,-0.165,0.68,0.534,0.247,0.907,0.917,-0.129,0.603,0.26,-0.828,0.902,-0.404,0.724,0.626,0.603,0.698,0.259,-0.537,0.763,-0.05,0.506,-0.68,0.477,0.555,0.518,0.197,0.479,0.643,0.236,0.891,-0.468,0.706,0.838,-0.019,0.886,0.866,-0.297,0.555,0.552,-0.26,0.669,0.806,0.822,0.554,0.539,0.853,0.271,-0.244,0.506,0.901,-0.446,0.556,-0.563,0.621,0.656,-0.135,0.933,0.79,0.63,0.327,0.786,0.921,-0.119,-0.221,0.123,0.936,-0.668,0.647,0.906,0.896,0.07,0.93,0.931,0.03,0.956,0.346,0.849,0.714,0.623,0.932,-0.911,0.401,0.833,0.71,0.911,0.692,-0.862,-0.577,0.357,0.412,0.647,0.546,-0.506,0.851,0.804,-0.403,0.719,0.655,0.405,0.828,0.939,0.948,-0.619,0.84,0.257,0.695,0.857,-0.718,0.678,0.811,0.599,0.279,0.919,0.745,0.861,0.858,0.892,-0.143,-0.646,0.681,0.905,0.718,0.78,0.548,0.956,0.686,-0.07,0.444,-0.105,0.352,0.882,0.826,0.714,-0.71,0.786,-0.759,0.375,0.413,0.787,0.765,-0.795,0.935,0.874
BILI,0.911,-0.454,0.733,-0.641,0.213,0.724,0.758,0.856,-0.764,0.083,0.848,-0.341,0.905,0.887,0.791,0.869,0.133,0.567,0.816,-0.033,0.836,-0.435,0.46,-0.515,0.65,0.879,0.375,0.859,0.0,-0.563,-0.337,0.427,0.492,-0.153,-0.723,0.72,0.405,-0.51,0.598,-0.663,0.789,-0.065,0.485,0.819,0.909,-0.249,0.89,0.631,0.833,-0.062,0.908,0.85,-0.186,0.789,0.912,0.785,0.929,0.05,0.827,0.347,0.048,0.738,0.88,-0.236,0.59,-0.153,-0.783,0.768,-0.71,0.791,0.839,0.818,0.76,0.467,-0.619,0.518,0.369,0.554,-0.618,0.635,0.583,0.296,-0.149,0.315,0.727,0.438,0.902,-0.608,0.414,0.608,0.304,0.875,0.68,-0.383,0.636,0.719,-0.285,0.791,0.924,0.944,0.72,0.483,0.887,0.476,-0.343,0.451,0.836,-0.403,0.452,-0.807,0.798,0.717,-0.459,0.903,0.903,0.822,0.619,0.579,0.823,0.126,-0.351,-0.156,0.893,-0.691,0.73,0.879,0.842,0.319,0.833,0.866,0.437,0.856,0.613,0.951,0.561,0.65,0.836,-0.76,0.718,0.885,0.737,0.915,0.877,-0.737,-0.238,0.422,0.483,0.523,0.732,-0.732,0.623,0.853,-0.561,0.873,0.478,0.566,0.769,0.854,0.79,-0.62,0.684,0.313,0.647,0.92,-0.889,0.721,0.526,0.792,0.211,0.777,0.915,0.847,0.909,0.715,0.175,-0.768,0.862,0.907,0.484,0.707,0.607,0.895,0.412,0.185,0.718,0.317,0.291,0.658,0.869,0.774,-0.642,0.95,-0.501,0.532,0.687,0.862,0.884,-0.936,0.924,0.838
BJRI,-0.496,0.512,-0.694,0.874,0.297,-0.434,-0.637,-0.73,0.286,-0.259,-0.499,-0.078,-0.718,-0.579,-0.469,-0.638,0.224,-0.648,-0.526,-0.187,-0.601,0.392,-0.592,0.522,-0.132,-0.648,-0.135,-0.616,-0.563,0.0,0.173,0.255,0.262,0.593,0.465,-0.657,-0.059,0.777,-0.377,0.436,-0.558,0.523,0.229,-0.477,-0.64,0.131,-0.588,-0.241,-0.395,0.24,-0.489,-0.483,0.056,-0.661,-0.438,-0.619,-0.547,0.381,-0.59,-0.587,-0.267,-0.573,-0.46,-0.446,0.002,0.117,0.644,-0.364,0.173,-0.526,-0.603,-0.209,-0.246,0.09,0.076,-0.337,0.1,-0.146,0.237,-0.059,-0.44,-0.095,-0.295,-0.458,-0.345,-0.199,-0.372,0.628,-0.37,-0.258,0.032,-0.576,-0.371,0.362,0.074,-0.318,0.343,-0.292,-0.433,-0.471,-0.161,0.146,-0.478,-0.5,0.39,-0.455,-0.499,-0.083,0.09,0.439,-0.257,-0.626,0.103,-0.485,-0.607,-0.295,0.043,-0.61,-0.697,0.389,0.474,-0.202,-0.482,0.844,-0.07,-0.65,-0.406,-0.416,-0.655,-0.446,-0.2,-0.513,-0.056,-0.538,-0.723,-0.03,-0.514,0.499,-0.037,-0.458,-0.257,-0.581,-0.356,0.647,0.567,-0.62,0.065,-0.349,-0.232,0.314,-0.459,-0.513,0.494,-0.524,-0.27,-0.155,-0.769,-0.491,-0.606,0.404,-0.406,0.293,-0.185,-0.449,0.591,-0.61,-0.485,-0.677,-0.268,-0.686,-0.589,-0.376,-0.53,-0.484,0.197,0.526,-0.465,-0.724,-0.424,-0.792,0.028,-0.604,-0.272,0.318,-0.134,0.193,0.222,-0.47,-0.411,-0.703,0.498,-0.437,0.684,0.001,-0.325,-0.496,-0.356,0.574,-0.558,-0.702
BLUE,-0.057,-0.379,0.079,0.106,-0.338,0.267,0.218,-0.024,0.468,0.011,0.032,0.653,-0.173,0.023,-0.305,0.048,0.196,0.402,-0.321,-0.077,0.134,0.261,0.297,-0.336,-0.318,-0.039,0.135,0.059,-0.337,0.173,0.0,0.099,-0.357,-0.159,0.218,-0.066,-0.242,-0.133,-0.702,-0.186,0.176,-0.387,-0.317,0.104,-0.325,0.519,0.053,0.24,-0.176,0.452,-0.079,-0.27,-0.062,0.024,-0.156,0.17,-0.144,-0.098,-0.168,0.124,0.25,0.283,0.007,0.047,-0.038,0.728,-0.075,0.053,0.506,-0.26,-0.413,-0.455,-0.112,-0.332,0.23,0.269,-0.681,-0.285,0.149,-0.281,-0.242,0.203,0.536,0.314,-0.234,-0.222,-0.061,0.246,0.415,0.219,-0.361,0.033,0.161,0.465,-0.174,-0.308,0.53,-0.222,-0.237,-0.31,-0.176,0.114,-0.189,-0.466,0.143,0.072,-0.053,-0.063,0.135,0.492,-0.297,-0.164,0.562,-0.038,-0.184,-0.373,-0.498,0.149,0.107,-0.359,0.122,0.541,0.052,0.242,-0.181,-0.066,-0.005,-0.405,0.071,0.025,-0.795,0.07,-0.362,-0.281,0.137,-0.148,0.009,-0.197,-0.504,-0.218,0.104,-0.171,-0.311,-0.213,-0.322,-0.146,-0.176,0.382,-0.226,0.241,0.318,-0.12,0.276,-0.29,0.016,-0.141,-0.05,-0.064,0.202,0.441,0.106,-0.057,0.09,-0.171,0.395,-0.073,0.445,-0.363,0.283,0.099,-0.331,-0.058,-0.109,0.258,-0.606,0.186,-0.424,-0.08,0.183,0.05,-0.101,0.036,0.272,-0.294,-0.362,-0.627,-0.017,0.325,-0.255,-0.174,0.044,-0.379,-0.31,-0.303,-0.346,-0.089,-0.165,0.338,-0.09,0.029
