,AAL,AAON,ACB,ACGL,ACGLO,ACIW,ADBE,ADSK,AEP,AGIO,ALEC,ALNY,ALTR,AMBA,AMCX,AMKR,AMRX,ANSS,APPN,APTO,ARCT,ARWR,ASND,ASTH,ATSG,AVTX,BCPC,BEAM,BILI,BJRI,BLUE,BPOP,BRKL,BWIN,BZUN,CARG,CBRL,CBSH,CBUS,CENTA,CERS,CFFN,CHCO,CHEF,CHRD,CINF,CLLS,CMCO,CMCSA,COLL,COMM,COOP,CPB,CRON,CROX,CRUS,CRWD,CTAS,CYBR,CYTK,DGII,DIOD,DOMO,DPZ,DSGR,DXCM,ERIE,ESTA,EXEL,FAST,FCEL,FCFS,FHB,FITBI,FSV,FTDR,FUTU,GLDD,GLPG,GLPI,GOGO,GOSS,GSAT,GYRE,HALO,HAS,HLIT,HLNE,HSDT,HSIC,HTHT,ICHR,IDYA,IMVT,INDB,INSM,IONS,IOSP,ITRI,JBHT,JBLU,JSM,KLIC,KOD,KURA,LAB,LASR,LIN,LKQ,LNT,MBUU,MCRI,MDGL,MEDP,MGNI,MGPI,MGRC,MKTX,MRNA,MRTN,MSEX,MSFT,MU,NAVI,NBTB,NEO,NEOG,NGNE,NSSC,NTAP,NTES,NTLA,NTRS,NYMTN,OBLG,OCFC,ON,ONC,OPI,OSIS,OSW,PALI,PANW,PCAR,PCRX,PCTY,PEBO,PLAB,PLAY,PLMR,PLSE,PLUS,PRTA,PSEC,PSNL,PTCT,PTON,QNST,QRVO,QTTB,RARE,RBCAA,RGNX,SAIC,SGMO,SINT,SNPS,SPSC,SPTN,SSYS,STNE,TBBK,TCPC,TENB,TGTX,TREE,TRUP,TTWO,TW,TXG,UBSI,UCTT,UFPT,UMBF,UPBD,URBN,VBTX,VCTR,VEON,VNET,VRSK,VSEC,WABC,WTFCM,WVE,WW,WWD,XEL,ZD,ZYME
AAL,0.0,-0.324,-0.275,0.2,0.242,-0.107,0.167,-0.283,0.07,-0.007,0.196,-0.318,-0.062,0.393,0.069,-0.347,-0.179,-0.081,0.403,0.306,-0.438,-0.042,-0.198,0.279,-0.188,-0.189,-0.445,-0.023,-0.058,0.475,-0.334,0.453,-0.067,0.441,-0.193,-0.478,0.434,0.028,-0.403,-0.389,-0.591,0.221,-0.058,0.51,-0.186,0.393,-0.005,0.229,0.487,0.044,-0.104,0.433,-0.287,0.125,0.364,0.093,0.295,0.362,-0.145,-0.352,0.132,-0.14,0.021,-0.408,0.419,-0.38,-0.142,0.249,0.144,-0.245,-0.296,0.33,0.018,-0.017,0.247,0.248,-0.248,-0.228,-0.459,0.236,0.462,-0.445,-0.269,-0.482,-0.227,0.399,-0.22,-0.076,-0.024,-0.06,0.438,-0.352,0.406,0.482,-0.217,0.321,0.1,-0.164,-0.477,-0.184,0.67,0.028,0.037,0.265,0.413,-0.245,-0.144,0.292,0.452,-0.007,-0.307,0.574,0.208,-0.267,-0.177,0.44,-0.266,-0.431,-0.052,-0.491,-0.098,0.004,0.51,0.449,0.095,-0.55,0.018,-0.129,-0.415,0.496,0.048,-0.035,0.48,0.035,-0.479,-0.045,0.439,0.266,-0.091,0.579,0.631,-0.424,-0.562,-0.191,-0.238,0.344,0.301,-0.315,0.46,0.023,-0.013,-0.318,-0.322,0.125,-0.297,-0.062,0.284,0.259,-0.304,-0.228,-0.353,0.331,0.013,-0.243,-0.494,-0.628,-0.063,-0.101,-0.252,0.162,0.208,0.419,0.6,0.368,0.188,0.25,0.442,-0.316,0.035,0.049,-0.106,-0.316,-0.308,0.189,-0.345,0.584,0.272,-0.036,-0.353,-0.173,-0.022,0.221,-0.099,0.455,0.394,-0.145,0.503,0.184,0.061,0.255
AAON,-0.324,0.0,0.531,0.086,-0.148,0.598,0.024,0.594,0.258,-0.087,0.072,0.829,0.568,-0.139,0.67,0.791,0.754,0.255,-0.418,-0.556,0.789,0.697,-0.276,-0.035,0.721,0.277,0.337,0.299,0.184,-0.738,0.435,0.277,0.398,-0.761,0.429,0.82,-0.782,0.464,0.279,0.489,0.755,0.018,0.459,-0.501,0.798,-0.04,0.537,0.341,-0.209,0.077,0.482,-0.504,0.649,0.331,-0.052,0.462,-0.55,-0.025,0.518,0.444,-0.14,0.718,-0.301,0.758,-0.624,0.61,-0.17,-0.77,0.243,0.548,0.623,-0.17,0.352,0.336,-0.419,0.008,0.511,0.799,0.562,-0.071,-0.669,-0.036,0.725,0.769,0.295,0.031,0.605,0.458,0.081,0.349,-0.395,0.723,-0.406,-0.419,0.503,-0.1,-0.211,0.469,0.8,0.337,-0.584,0.007,0.45,0.148,-0.54,0.633,0.685,-0.099,-0.361,0.483,0.671,-0.411,0.381,0.478,0.585,-0.527,0.497,0.717,0.811,0.187,0.664,0.24,-0.242,-0.346,0.3,0.552,0.362,0.283,0.732,-0.629,0.525,0.507,0.332,0.274,0.608,0.4,-0.255,0.154,0.672,-0.302,-0.802,0.71,0.812,0.785,0.274,-0.147,0.126,0.893,-0.711,0.24,0.192,0.691,0.158,0.542,0.626,0.295,-0.746,-0.554,0.754,0.598,0.835,-0.631,0.652,0.622,0.728,0.621,0.387,0.444,0.589,-0.341,-0.071,-0.22,-0.283,-0.235,-0.416,0.071,-0.62,0.687,0.3,-0.192,0.511,0.682,0.749,0.193,0.644,-0.64,-0.143,-0.018,0.77,0.258,0.557,0.646,0.398,-0.084,-0.089,0.51,0.055,-0.018,0.289,-0.116
ACB,-0.275,0.531,0.0,0.654,-0.459,0.886,0.423,0.836,-0.311,0.486,-0.609,0.588,0.819,-0.063,0.582,0.875,0.332,0.63,-0.232,-0.654,0.678,0.442,-0.454,0.483,0.845,-0.347,0.682,-0.389,0.599,-0.804,0.807,0.359,0.882,-0.566,0.859,0.733,-0.348,0.91,-0.114,0.863,0.369,0.213,0.913,-0.835,0.736,0.497,-0.125,0.671,-0.571,-0.134,0.841,-0.916,0.956,0.61,-0.597,0.236,-0.446,0.273,0.879,0.75,-0.721,0.535,0.115,0.828,-0.715,0.883,-0.678,-0.481,-0.495,0.938,0.885,-0.24,0.871,0.836,-0.753,0.2,0.34,0.827,-0.031,-0.672,-0.841,0.206,0.709,0.726,0.656,0.373,0.821,0.93,0.535,0.806,0.259,0.943,-0.757,-0.825,0.952,-0.706,0.27,0.953,0.72,0.874,-0.863,-0.501,0.748,-0.285,-0.886,0.637,0.705,-0.033,-0.17,0.823,0.868,-0.249,0.082,0.824,0.931,-0.763,0.94,0.868,0.423,0.652,0.63,0.771,-0.699,0.389,0.833,0.875,0.102,-0.258,0.79,-0.229,0.757,0.071,0.427,0.118,0.605,0.893,-0.443,-0.459,0.863,-0.406,-0.639,0.756,0.729,0.59,0.654,-0.119,0.562,0.751,-0.5,0.405,-0.604,0.895,0.753,0.704,0.296,0.682,-0.678,-0.903,0.473,0.445,0.712,-0.592,0.645,0.921,0.454,0.083,0.739,0.808,0.967,-0.049,-0.412,0.112,-0.683,-0.048,-0.382,-0.261,-0.792,0.937,0.644,-0.64,0.827,0.963,0.767,0.73,0.872,-0.29,0.349,0.401,0.835,0.678,0.394,0.499,0.933,0.142,-0.698,0.953,0.396,-0.381,-0.184,-0.75
ACGL,0.2,0.086,0.654,0.0,-0.149,0.534,0.542,0.573,-0.222,0.503,-0.664,0.011,0.533,0.085,0.152,0.452,-0.174,0.594,0.105,-0.31,0.091,-0.04,-0.568,0.667,0.438,-0.614,0.593,-0.565,0.494,-0.262,0.513,0.521,0.793,-0.012,0.585,0.194,0.251,0.743,-0.41,0.645,-0.175,0.375,0.744,-0.391,0.27,0.867,-0.461,0.691,-0.244,-0.026,0.562,-0.535,0.556,0.432,-0.394,0.094,-0.094,0.541,0.582,0.484,-0.529,0.338,0.346,0.349,-0.19,0.554,-0.507,0.061,-0.662,0.646,0.382,0.128,0.8,0.656,-0.404,0.411,-0.078,0.436,-0.513,-0.364,-0.31,0.039,0.237,0.058,0.249,0.674,0.442,0.61,0.262,0.782,0.604,0.534,-0.475,-0.36,0.708,-0.658,0.512,0.719,0.268,0.731,-0.369,-0.454,0.731,-0.391,-0.539,0.199,0.307,0.31,0.323,0.707,0.501,0.12,0.012,0.547,0.612,-0.246,0.714,0.442,0.072,0.525,0.53,0.722,-0.388,0.74,0.826,0.439,0.084,-0.515,0.317,0.281,0.567,-0.302,0.572,-0.184,0.118,0.796,-0.02,-0.503,0.603,0.015,-0.033,0.142,0.149,0.296,0.45,0.024,0.783,0.24,0.066,0.506,-0.738,0.525,0.61,0.49,-0.151,0.527,-0.191,-0.417,0.055,-0.067,0.114,-0.05,0.284,0.601,-0.156,-0.415,0.598,0.682,0.663,0.178,-0.307,0.416,-0.317,0.322,0.036,-0.154,-0.303,0.525,0.5,-0.57,0.657,0.537,0.337,0.846,0.558,0.182,0.658,0.547,0.332,0.474,0.342,0.379,0.789,0.327,-0.603,0.785,0.603,-0.052,-0.186,-0.648
ACGLO,0.242,-0.148,-0.459,-0.149,0.0,-0.393,0.35,-0.15,0.154,-0.021,0.479,-0.094,-0.15,0.468,-0.337,-0.303,0.12,0.2,0.687,0.668,-0.417,-0.183,0.22,-0.126,-0.357,0.15,-0.497,0.539,0.022,0.607,-0.49,-0.341,-0.525,0.428,-0.362,-0.389,0.407,-0.422,0.056,-0.389,-0.195,-0.406,-0.514,0.635,-0.35,-0.095,0.441,-0.23,0.787,0.236,-0.442,0.596,-0.399,0.069,0.658,0.436,0.612,0.367,-0.149,-0.116,0.684,0.115,0.22,-0.318,0.494,-0.249,0.483,0.23,0.501,-0.26,-0.485,0.03,-0.466,-0.216,0.773,0.409,0.108,-0.357,0.154,0.607,0.554,0.006,-0.229,-0.347,-0.219,0.102,-0.452,-0.387,0.039,-0.185,0.068,-0.433,0.677,0.64,-0.542,0.575,0.076,-0.492,-0.505,-0.396,0.531,0.27,-0.15,0.383,0.625,-0.306,0.0,0.493,0.354,-0.282,-0.356,0.648,0.324,-0.052,-0.45,0.401,-0.54,-0.222,0.18,-0.407,0.048,-0.011,0.686,-0.149,-0.434,-0.432,0.534,0.235,-0.187,0.481,-0.168,0.391,-0.202,0.129,-0.298,-0.532,0.561,0.34,-0.443,0.719,0.501,-0.374,-0.281,-0.028,-0.118,0.652,-0.273,-0.318,0.483,0.346,0.42,-0.462,-0.532,-0.26,0.208,-0.128,0.511,0.416,0.065,-0.031,-0.227,0.253,0.002,-0.368,-0.337,-0.044,0.074,-0.018,-0.422,0.513,0.697,-0.151,0.562,0.59,0.658,0.644,0.649,-0.32,0.08,0.567,-0.556,-0.446,-0.494,-0.356,-0.345,0.325,-0.288,-0.201,-0.576,-0.003,0.409,-0.039,-0.51,0.376,0.608,-0.363,0.193,0.446,0.229,0.584
ACIW,-0.107,0.598,0.886,0.534,-0.393,0.0,0.402,0.795,-0.141,0.499,-0.478,0.635,0.813,0.066,0.652,0.833,0.378,0.586,-0.159,-0.567,0.601,0.513,-0.456,0.465,0.83,-0.392,0.569,-0.311,0.633,-0.733,0.733,0.502,0.827,-0.49,0.783,0.67,-0.417,0.904,-0.132,0.662,0.33,0.324,0.88,-0.762,0.831,0.545,0.016,0.82,-0.388,0.068,0.929,-0.786,0.874,0.579,-0.486,0.348,-0.383,0.374,0.853,0.632,-0.675,0.524,0.076,0.694,-0.58,0.81,-0.686,-0.495,-0.293,0.869,0.856,-0.15,0.832,0.729,-0.678,0.329,0.307,0.847,-0.065,-0.572,-0.713,-0.015,0.691,0.694,0.628,0.365,0.887,0.895,0.424,0.723,0.263,0.906,-0.604,-0.672,0.882,-0.543,0.349,0.905,0.684,0.72,-0.735,-0.533,0.791,-0.197,-0.815,0.587,0.779,-0.015,-0.108,0.817,0.818,-0.146,0.309,0.761,0.916,-0.592,0.85,0.791,0.518,0.463,0.651,0.694,-0.473,0.377,0.834,0.72,0.216,-0.122,0.688,-0.189,0.749,0.15,0.579,0.08,0.416,0.848,-0.331,-0.354,0.836,-0.274,-0.581,0.674,0.661,0.724,0.639,-0.052,0.605,0.766,-0.409,0.388,-0.535,0.9,0.6,0.681,0.359,0.723,-0.677,-0.867,0.484,0.471,0.688,-0.678,0.726,0.909,0.384,0.08,0.724,0.752,0.883,-0.114,-0.345,0.271,-0.502,0.049,-0.381,-0.182,-0.728,0.887,0.577,-0.639,0.814,0.918,0.71,0.719,0.719,-0.253,0.187,0.523,0.755,0.655,0.49,0.615,0.859,0.145,-0.492,0.849,0.456,-0.205,-0.202,-0.594
ADBE,0.167,0.024,0.423,0.542,0.35,0.402,0.0,0.61,-0.403,0.469,-0.24,0.195,0.663,0.693,0.093,0.409,0.183,0.881,0.67,0.157,-0.033,0.046,-0.203,0.612,0.393,-0.395,0.131,-0.02,0.783,0.004,0.183,0.082,0.32,0.181,0.546,0.029,0.381,0.45,-0.346,0.431,-0.218,-0.171,0.366,-0.105,0.131,0.55,0.08,0.43,0.293,-0.07,0.37,-0.163,0.452,0.581,0.115,0.678,0.423,0.825,0.71,0.581,-0.011,0.561,0.651,0.316,-0.004,0.504,-0.344,0.126,-0.181,0.612,0.276,-0.276,0.362,0.712,0.14,0.63,0.355,0.324,-0.177,-0.222,-0.079,0.161,0.295,0.102,0.451,0.697,0.359,0.536,0.58,0.579,0.637,0.338,0.056,-0.029,0.338,-0.183,0.457,0.44,-0.067,0.525,-0.151,-0.264,0.663,0.095,-0.115,0.311,0.484,0.724,0.492,0.453,0.33,0.606,0.254,0.664,0.43,-0.278,0.34,0.458,0.317,0.207,0.412,0.852,0.107,0.485,0.421,0.298,0.499,-0.216,0.386,0.525,0.635,0.282,0.265,0.211,0.053,0.37,0.334,-0.098,0.217,0.436,0.162,0.215,0.195,0.379,0.426,0.671,0.289,0.217,0.206,0.779,-0.388,0.26,0.268,0.33,0.214,0.58,0.069,-0.409,0.369,0.301,0.19,-0.164,0.475,0.388,-0.237,-0.313,0.85,0.813,0.47,0.695,0.27,0.053,0.033,0.723,0.427,0.348,0.123,0.49,0.791,-0.019,0.184,0.374,0.065,0.488,0.402,0.47,0.233,0.263,0.058,0.745,0.659,0.322,0.405,0.677,-0.084,0.454,0.721,-0.131,0.07,-0.166
ADSK,-0.283,0.594,0.836,0.573,-0.15,0.795,0.61,0.0,-0.129,0.412,-0.43,0.626,0.887,0.211,0.448,0.884,0.399,0.846,0.028,-0.412,0.552,0.395,-0.35,0.524,0.834,-0.294,0.66,-0.054,0.765,-0.642,0.736,0.215,0.691,-0.384,0.816,0.692,-0.272,0.744,-0.157,0.829,0.446,-0.005,0.732,-0.67,0.643,0.464,0.121,0.634,-0.26,-0.03,0.76,-0.673,0.88,0.619,-0.326,0.568,-0.151,0.508,0.9,0.857,-0.428,0.779,0.34,0.796,-0.513,0.915,-0.487,-0.406,-0.293,0.942,0.729,-0.3,0.677,0.789,-0.382,0.395,0.566,0.828,0.091,-0.463,-0.67,0.253,0.622,0.684,0.673,0.498,0.775,0.828,0.455,0.778,0.273,0.885,-0.473,-0.547,0.783,-0.501,0.279,0.842,0.699,0.802,-0.749,-0.448,0.835,-0.05,-0.714,0.589,0.756,0.338,0.027,0.823,0.771,-0.075,0.194,0.896,0.862,-0.687,0.831,0.89,0.494,0.615,0.697,0.827,-0.415,0.243,0.657,0.832,0.441,-0.141,0.815,-0.084,0.772,0.294,0.351,0.065,0.548,0.744,-0.2,-0.335,0.712,-0.19,-0.571,0.731,0.784,0.779,0.645,0.16,0.443,0.753,-0.358,0.705,-0.441,0.841,0.603,0.663,0.461,0.773,-0.478,-0.78,0.734,0.594,0.695,-0.51,0.719,0.854,0.356,0.196,0.902,0.917,0.867,0.195,-0.061,-0.014,-0.427,0.24,-0.052,0.057,-0.608,0.919,0.761,-0.396,0.656,0.868,0.643,0.602,0.837,-0.295,0.184,0.422,0.682,0.686,0.695,0.584,0.766,0.247,-0.475,0.793,0.439,-0.113,0.001,-0.518
AEP,0.07,0.258,-0.311,-0.222,0.154,-0.141,-0.403,-0.129,0.0,-0.237,0.496,0.092,-0.219,-0.116,-0.02,-0.053,0.107,-0.255,-0.16,0.131,-0.053,0.048,0.256,-0.234,-0.137,0.344,-0.023,0.398,-0.279,0.1,-0.009,0.127,-0.165,0.068,-0.24,0.04,-0.254,-0.242,0.159,-0.265,0.265,0.105,-0.193,0.198,0.04,-0.168,0.345,-0.082,0.253,0.423,-0.166,0.367,-0.255,-0.086,0.312,0.077,-0.085,-0.085,-0.321,-0.225,0.286,0.13,-0.359,-0.209,0.188,-0.118,0.458,-0.065,0.446,-0.283,-0.24,0.424,-0.18,-0.447,0.201,0.025,0.081,-0.062,0.293,0.47,0.171,-0.006,-0.11,-0.037,-0.146,-0.263,-0.058,-0.358,-0.48,-0.215,-0.388,-0.111,0.294,0.369,-0.231,0.363,-0.043,-0.28,0.198,-0.413,0.23,0.242,-0.074,0.267,0.227,-0.149,-0.035,0.015,0.036,0.021,-0.209,-0.19,0.238,-0.2,-0.212,0.314,-0.235,-0.177,0.121,-0.277,0.139,-0.408,0.354,-0.405,-0.246,-0.234,0.264,0.397,-0.179,-0.14,-0.249,0.188,0.09,-0.181,-0.14,-0.216,0.207,0.227,-0.042,0.1,-0.085,-0.181,-0.007,0.265,-0.121,-0.092,0.006,0.051,0.012,-0.028,0.411,-0.061,-0.356,-0.021,0.171,0.012,-0.013,0.343,0.156,0.057,-0.008,0.201,0.089,-0.106,0.202,0.411,-0.27,-0.269,-0.277,-0.164,0.188,0.049,0.389,-0.093,0.119,0.261,0.025,-0.208,-0.311,0.194,-0.054,-0.2,-0.045,-0.279,-0.196,-0.279,-0.182,0.066,-0.098,-0.478,0.191,0.264,-0.271,-0.23,0.299,-0.293,-0.209,0.715,0.245,0.385
AGIO,-0.007,-0.087,0.486,0.503,-0.021,0.499,0.469,0.412,-0.237,0.0,-0.492,0.084,0.445,0.201,0.015,0.24,-0.154,0.566,0.398,0.122,-0.067,0.025,-0.019,0.307,0.245,-0.621,0.388,-0.403,0.58,-0.045,0.547,0.095,0.408,0.159,0.351,0.064,0.245,0.489,0.051,0.248,-0.089,0.262,0.414,-0.278,0.218,0.613,-0.308,0.57,-0.075,0.442,0.603,-0.38,0.332,0.416,-0.471,0.088,0.234,0.533,0.465,0.387,-0.477,0.032,0.481,0.082,0.042,0.496,-0.228,0.127,-0.371,0.536,0.363,0.006,0.494,0.351,-0.187,0.638,-0.13,0.18,-0.305,-0.311,-0.078,0.125,0.261,0.188,0.547,0.343,0.35,0.505,0.408,0.557,0.611,0.391,-0.165,-0.279,0.409,-0.387,0.73,0.504,0.149,0.391,-0.31,-0.742,0.429,-0.413,-0.371,-0.101,0.497,0.132,0.144,0.46,0.31,0.322,0.321,0.612,0.443,-0.024,0.413,0.307,-0.001,0.409,0.362,0.595,-0.219,0.662,0.518,0.441,0.26,0.04,0.239,0.477,0.177,-0.105,0.216,-0.121,0.038,0.428,-0.023,-0.64,0.224,0.197,0.064,0.045,0.075,0.28,0.787,0.258,0.508,0.024,0.272,0.426,-0.667,0.419,0.372,0.204,0.214,0.605,0.113,-0.314,-0.004,0.015,0.117,-0.294,0.338,0.53,-0.14,-0.145,0.528,0.486,0.4,0.393,-0.108,0.547,-0.38,0.503,0.215,0.072,-0.169,0.385,0.397,-0.423,0.256,0.413,0.057,0.395,0.158,0.132,0.053,0.677,0.056,0.578,0.35,0.159,0.465,0.125,-0.36,0.507,0.497,0.105,-0.655,-0.502
ALEC,0.196,0.072,-0.609,-0.664,0.479,-0.478,-0.24,-0.43,0.496,-0.492,0.0,0.138,-0.313,0.195,0.036,-0.307,0.39,-0.336,0.157,0.439,-0.123,0.175,0.469,-0.49,-0.295,0.736,-0.705,0.792,-0.393,0.377,-0.563,-0.155,-0.67,0.054,-0.49,-0.166,-0.105,-0.585,0.264,-0.583,0.078,-0.364,-0.609,0.624,-0.152,-0.578,0.745,-0.497,0.636,0.121,-0.57,0.692,-0.492,-0.027,0.795,0.305,0.178,-0.16,-0.426,-0.358,0.731,0.022,-0.348,-0.301,0.251,-0.456,0.608,-0.11,0.898,-0.542,-0.409,0.048,-0.631,-0.483,0.567,-0.091,0.286,-0.335,0.552,0.646,0.367,-0.008,-0.148,-0.101,-0.211,-0.362,-0.373,-0.545,-0.189,-0.594,-0.465,-0.489,0.636,0.594,-0.675,0.898,-0.389,-0.687,-0.285,-0.718,0.596,0.64,-0.481,0.723,0.727,-0.125,-0.105,0.04,-0.058,-0.474,-0.441,0.203,0.318,-0.388,-0.553,0.3,-0.72,-0.362,0.288,-0.76,-0.137,-0.495,0.73,-0.608,-0.667,-0.552,0.313,0.633,-0.256,-0.079,-0.289,0.611,-0.204,0.354,-0.144,-0.692,0.376,0.772,-0.413,0.398,0.194,-0.189,-0.156,-0.04,-0.45,0.341,-0.485,-0.121,0.06,-0.136,0.847,-0.523,-0.75,-0.194,0.284,-0.283,0.15,0.432,0.154,0.214,0.018,0.195,0.064,-0.49,0.158,0.341,-0.371,-0.443,-0.598,0.031,0.644,-0.299,0.675,-0.02,0.208,0.595,0.463,-0.44,-0.237,0.731,-0.544,-0.513,-0.314,-0.654,-0.44,0.003,-0.402,-0.577,-0.362,-0.43,0.086,0.086,-0.719,0.078,0.857,-0.636,-0.166,0.294,0.514,0.881
ALNY,-0.318,0.829,0.588,0.011,-0.094,0.635,0.195,0.626,0.092,0.084,0.138,0.0,0.67,-0.007,0.729,0.811,0.877,0.394,-0.23,-0.437,0.837,0.716,-0.071,-0.06,0.729,0.355,0.187,0.36,0.29,-0.722,0.424,0.114,0.342,-0.737,0.504,0.842,-0.69,0.472,0.283,0.474,0.741,-0.177,0.428,-0.516,0.752,-0.094,0.638,0.263,-0.159,-0.07,0.483,-0.488,0.715,0.521,0.025,0.588,-0.425,0.067,0.653,0.619,-0.149,0.68,-0.224,0.791,-0.704,0.677,-0.218,-0.769,0.333,0.623,0.734,-0.32,0.33,0.476,-0.37,0.045,0.695,0.761,0.617,-0.166,-0.736,0.275,0.76,0.892,0.571,-0.015,0.617,0.566,0.453,0.371,-0.289,0.704,-0.331,-0.52,0.478,-0.026,-0.158,0.47,0.657,0.372,-0.579,-0.017,0.389,0.294,-0.442,0.682,0.775,-0.076,-0.337,0.488,0.691,-0.243,0.409,0.619,0.581,-0.712,0.455,0.806,0.831,0.17,0.604,0.404,-0.222,-0.31,0.256,0.625,0.502,0.366,0.785,-0.484,0.583,0.694,0.194,0.506,0.664,0.345,-0.324,0.191,0.613,-0.235,-0.737,0.818,0.879,0.773,0.362,0.092,0.013,0.864,-0.681,0.269,0.171,0.635,0.182,0.596,0.75,0.486,-0.713,-0.707,0.794,0.818,0.927,-0.718,0.774,0.639,0.796,0.598,0.514,0.524,0.611,-0.168,0.037,-0.34,-0.26,-0.187,-0.298,0.162,-0.589,0.752,0.526,-0.065,0.404,0.695,0.692,0.126,0.666,-0.5,-0.134,-0.086,0.723,0.47,0.554,0.529,0.379,0.07,-0.047,0.498,0.178,-0.198,0.309,-0.061
ALTR,-0.062,0.568,0.819,0.533,-0.15,0.813,0.663,0.887,-0.219,0.445,-0.313,0.67,0.0,0.292,0.659,0.852,0.537,0.787,0.099,-0.371,0.575,0.611,-0.356,0.482,0.879,-0.206,0.444,-0.001,0.748,-0.613,0.66,0.324,0.639,-0.419,0.822,0.643,-0.286,0.775,-0.11,0.724,0.304,-0.005,0.729,-0.558,0.72,0.491,0.226,0.652,-0.153,-0.093,0.784,-0.602,0.866,0.717,-0.229,0.626,-0.137,0.516,0.927,0.755,-0.439,0.752,0.259,0.755,-0.529,0.868,-0.556,-0.428,-0.158,0.905,0.811,-0.261,0.65,0.833,-0.387,0.395,0.576,0.822,0.088,-0.42,-0.635,0.162,0.718,0.693,0.743,0.573,0.761,0.897,0.591,0.72,0.38,0.828,-0.363,-0.524,0.734,-0.325,0.177,0.823,0.589,0.774,-0.612,-0.367,0.809,0.11,-0.606,0.666,0.829,0.333,0.014,0.813,0.799,0.085,0.323,0.835,0.884,-0.665,0.742,0.849,0.599,0.432,0.724,0.862,-0.316,0.338,0.668,0.751,0.426,-0.012,0.772,-0.051,0.855,0.42,0.489,0.248,0.54,0.702,-0.157,-0.19,0.74,-0.06,-0.475,0.75,0.696,0.737,0.651,0.335,0.409,0.76,-0.356,0.635,-0.393,0.75,0.433,0.749,0.478,0.765,-0.477,-0.787,0.733,0.678,0.743,-0.544,0.831,0.8,0.364,0.08,0.889,0.9,0.856,0.212,-0.006,0.07,-0.338,0.269,-0.106,0.14,-0.495,0.909,0.836,-0.389,0.59,0.841,0.668,0.596,0.778,-0.094,0.171,0.297,0.682,0.705,0.667,0.681,0.729,0.354,-0.321,0.766,0.584,-0.233,0.08,-0.477
AMBA,0.393,-0.139,-0.063,0.085,0.468,0.066,0.693,0.211,-0.116,0.201,0.195,-0.007,0.292,0.0,-0.081,0.024,0.085,0.55,0.826,0.595,-0.404,-0.017,0.164,0.46,0.045,-0.271,-0.312,0.307,0.613,0.41,-0.183,0.036,-0.122,0.509,0.189,-0.332,0.472,0.052,-0.288,-0.093,-0.365,-0.197,-0.062,0.308,-0.174,0.318,0.313,0.216,0.636,0.156,0.054,0.345,0.001,0.402,0.467,0.686,0.728,0.763,0.262,0.137,0.387,0.33,0.632,-0.097,0.447,0.035,-0.006,0.21,0.243,0.174,-0.154,-0.37,-0.025,0.297,0.458,0.698,0.313,-0.022,-0.084,0.022,0.36,-0.025,-0.022,-0.149,0.261,0.585,0.094,0.151,0.28,0.088,0.517,-0.057,0.539,0.463,-0.156,0.291,0.37,-0.018,-0.345,-0.028,0.308,-0.039,0.318,0.362,0.345,-0.031,0.278,0.747,0.55,0.013,-0.133,0.743,0.394,0.309,0.019,0.113,-0.131,-0.028,0.159,-0.361,-0.008,0.409,0.621,0.267,-0.001,-0.183,0.51,0.088,0.095,0.604,0.243,0.431,0.204,0.169,-0.272,-0.043,0.635,0.157,-0.241,0.729,0.456,-0.078,-0.131,0.203,0.14,0.774,0.081,-0.047,0.431,0.68,-0.009,-0.099,-0.219,0.116,0.2,0.328,0.35,-0.058,0.237,0.202,-0.074,0.052,0.321,-0.024,-0.455,-0.213,0.505,0.371,-0.03,0.757,0.602,0.102,0.5,0.801,0.576,0.614,0.448,0.026,0.459,0.36,-0.181,-0.031,-0.364,0.118,-0.107,0.476,-0.014,0.099,-0.325,0.311,0.522,0.3,-0.057,0.695,0.413,-0.068,0.601,0.081,0.075,0.351
AMCX,0.069,0.67,0.582,0.152,-0.337,0.652,0.093,0.448,-0.02,0.015,0.036,0.729,0.659,-0.081,0.0,0.654,0.716,0.172,-0.326,-0.592,0.763,0.884,-0.364,0.121,0.773,0.18,0.069,0.122,0.172,-0.689,0.392,0.467,0.436,-0.694,0.445,0.691,-0.636,0.606,0.003,0.356,0.43,0.089,0.562,-0.425,0.828,0.126,0.422,0.441,-0.206,-0.186,0.541,-0.499,0.659,0.497,-0.107,0.364,-0.556,0.022,0.547,0.317,-0.401,0.478,-0.387,0.65,-0.711,0.481,-0.536,-0.76,0.192,0.519,0.735,-0.096,0.449,0.519,-0.538,-0.079,0.409,0.751,0.261,-0.31,-0.661,-0.107,0.708,0.698,0.455,0.114,0.562,0.647,0.374,0.391,-0.001,0.615,-0.374,-0.503,0.522,-0.026,-0.25,0.539,0.558,0.432,-0.417,-0.095,0.394,0.343,-0.461,0.683,0.634,-0.189,-0.347,0.559,0.625,-0.214,0.306,0.369,0.653,-0.575,0.479,0.596,0.699,0.058,0.512,0.353,-0.252,0.001,0.462,0.448,0.139,0.144,0.587,-0.458,0.66,0.475,0.562,0.401,0.526,0.466,-0.302,0.212,0.734,-0.251,-0.565,0.712,0.596,0.547,0.212,-0.006,0.23,0.768,-0.635,0.067,0.006,0.582,0.173,0.726,0.399,0.343,-0.758,-0.639,0.551,0.575,0.801,-0.624,0.694,0.562,0.617,0.179,0.37,0.4,0.591,-0.334,-0.126,-0.046,-0.24,-0.263,-0.56,-0.021,-0.566,0.645,0.439,-0.316,0.511,0.644,0.726,0.338,0.546,-0.276,0.057,-0.096,0.761,0.279,0.295,0.589,0.48,0.141,-0.032,0.515,0.308,-0.289,0.22,-0.208
AMKR,-0.347,0.791,0.875,0.452,-0.303,0.833,0.409,0.884,-0.053,0.24,-0.307,0.811,0.852,0.024,0.654,0.0,0.617,0.625,-0.26,-0.614,0.789,0.57,-0.346,0.343,0.895,-0.036,0.586,-0.019,0.56,-0.846,0.7,0.308,0.727,-0.676,0.829,0.853,-0.544,0.77,0.024,0.839,0.579,0.027,0.772,-0.756,0.791,0.287,0.249,0.532,-0.397,-0.128,0.739,-0.758,0.94,0.583,-0.286,0.518,-0.454,0.25,0.866,0.787,-0.422,0.806,0.018,0.915,-0.733,0.905,-0.485,-0.619,-0.166,0.886,0.852,-0.312,0.69,0.751,-0.6,0.174,0.599,0.913,0.299,-0.448,-0.847,0.248,0.806,0.829,0.62,0.326,0.838,0.812,0.425,0.677,-0.013,0.948,-0.594,-0.675,0.827,-0.471,0.07,0.817,0.812,0.742,-0.815,-0.243,0.764,-0.036,-0.758,0.784,0.776,0.1,-0.166,0.752,0.88,-0.292,0.231,0.803,0.866,-0.8,0.826,0.939,0.685,0.487,0.708,0.681,-0.483,0.041,0.627,0.836,0.335,-0.019,0.87,-0.398,0.797,0.379,0.388,0.265,0.678,0.74,-0.318,-0.164,0.823,-0.355,-0.772,0.847,0.899,0.813,0.533,-0.036,0.347,0.936,-0.642,0.472,-0.264,0.874,0.541,0.72,0.523,0.662,-0.753,-0.854,0.762,0.679,0.852,-0.649,0.76,0.862,0.627,0.373,0.746,0.812,0.913,-0.059,-0.212,-0.144,-0.481,-0.062,-0.307,-0.048,-0.731,0.953,0.659,-0.391,0.727,0.939,0.819,0.544,0.917,-0.406,0.19,0.226,0.869,0.628,0.6,0.643,0.763,0.13,-0.465,0.823,0.32,-0.282,0.163,-0.462
AMRX,-0.179,0.754,0.332,-0.174,0.12,0.378,0.183,0.399,0.107,-0.154,0.39,0.877,0.537,0.085,0.716,0.617,0.0,0.248,-0.117,-0.276,0.709,0.781,0.013,-0.169,0.578,0.535,-0.135,0.588,0.127,-0.524,0.131,0.028,0.057,-0.662,0.302,0.65,-0.628,0.237,0.331,0.253,0.616,-0.345,0.171,-0.218,0.612,-0.274,0.823,0.042,0.107,-0.136,0.201,-0.22,0.494,0.437,0.302,0.64,-0.312,0.005,0.47,0.361,0.135,0.644,-0.31,0.637,-0.571,0.424,-0.059,-0.732,0.569,0.383,0.522,-0.34,0.054,0.324,-0.139,-0.018,0.678,0.591,0.712,0.022,-0.522,0.161,0.71,0.711,0.383,-0.031,0.353,0.36,0.401,0.134,-0.333,0.447,-0.057,-0.272,0.187,0.271,-0.38,0.194,0.429,0.153,-0.31,0.23,0.192,0.524,-0.145,0.626,0.651,0.012,-0.336,0.262,0.494,-0.099,0.43,0.392,0.35,-0.555,0.16,0.604,0.873,-0.102,0.494,0.243,0.028,-0.448,0.005,0.35,0.475,0.447,0.637,-0.447,0.481,0.837,0.152,0.567,0.561,0.071,-0.144,0.462,0.41,-0.03,-0.557,0.689,0.691,0.616,0.148,0.247,-0.207,0.739,-0.632,0.206,0.448,0.354,-0.139,0.506,0.733,0.232,-0.573,-0.493,0.766,0.744,0.815,-0.583,0.684,0.351,0.688,0.544,0.356,0.357,0.378,-0.094,0.235,-0.456,-0.02,-0.147,-0.22,0.325,-0.313,0.53,0.461,0.198,0.134,0.451,0.521,-0.085,0.47,-0.355,-0.236,-0.377,0.549,0.323,0.522,0.492,0.1,0.152,0.251,0.249,0.144,-0.188,0.49,0.194
ANSS,-0.081,0.255,0.63,0.594,0.2,0.586,0.881,0.846,-0.255,0.566,-0.336,0.394,0.787,0.55,0.172,0.625,0.248,0.0,0.503,0.02,0.17,0.16,-0.155,0.57,0.569,-0.411,0.416,-0.004,0.872,-0.223,0.474,0.068,0.481,0.008,0.701,0.326,0.181,0.573,-0.219,0.631,0.112,-0.112,0.518,-0.339,0.333,0.55,0.104,0.549,0.11,0.044,0.568,-0.377,0.647,0.692,-0.083,0.681,0.294,0.789,0.83,0.771,-0.175,0.67,0.645,0.515,-0.157,0.744,-0.322,-0.086,-0.23,0.819,0.466,-0.34,0.509,0.745,-0.019,0.671,0.511,0.518,-0.042,-0.297,-0.317,0.298,0.401,0.388,0.644,0.641,0.547,0.678,0.588,0.719,0.531,0.601,-0.144,-0.244,0.53,-0.322,0.495,0.637,0.285,0.644,-0.429,-0.418,0.748,-0.005,-0.38,0.323,0.676,0.613,0.328,0.637,0.534,0.384,0.255,0.88,0.616,-0.442,0.562,0.678,0.357,0.447,0.596,0.907,-0.107,0.421,0.515,0.583,0.606,-0.139,0.623,0.367,0.646,0.335,0.249,0.095,0.283,0.53,0.134,-0.324,0.397,0.237,-0.13,0.444,0.483,0.605,0.646,0.549,0.383,0.417,0.059,0.888,-0.45,0.538,0.445,0.47,0.421,0.743,-0.087,-0.581,0.57,0.454,0.415,-0.303,0.606,0.655,-0.004,-0.029,0.954,0.915,0.64,0.602,0.235,0.063,-0.171,0.622,0.341,0.334,-0.194,0.699,0.843,-0.138,0.373,0.606,0.254,0.513,0.592,0.071,0.172,0.42,0.28,0.769,0.774,0.468,0.567,0.493,-0.281,0.625,0.656,-0.03,-0.053,-0.33
APPN,0.403,-0.418,-0.232,0.105,0.687,-0.159,0.67,0.028,-0.16,0.398,0.157,-0.23,0.099,0.826,-0.326,-0.26,-0.117,0.503,0.0,0.789,-0.61,-0.219,0.269,0.282,-0.216,-0.324,-0.373,0.239,0.462,0.665,-0.277,-0.197,-0.308,0.697,-0.082,-0.519,0.712,-0.147,-0.182,-0.268,-0.47,-0.233,-0.27,0.516,-0.382,0.306,0.153,0.095,0.758,0.277,-0.115,0.469,-0.242,0.298,0.429,0.477,0.878,0.743,0.086,0.011,0.403,0.055,0.675,-0.353,0.614,-0.114,0.186,0.412,0.194,0.009,-0.332,-0.167,-0.192,0.087,0.667,0.727,0.064,-0.31,-0.198,0.206,0.578,0.026,-0.205,-0.359,0.158,0.452,-0.218,-0.046,0.308,0.063,0.621,-0.303,0.642,0.546,-0.351,0.348,0.472,-0.197,-0.571,-0.145,0.466,-0.147,0.087,0.248,0.496,-0.351,0.136,0.699,0.56,-0.091,-0.307,0.906,0.319,0.199,-0.206,0.347,-0.322,-0.191,-0.044,-0.27,-0.035,0.345,0.626,0.366,-0.133,-0.287,0.509,0.09,-0.13,0.867,-0.026,0.273,-0.006,0.046,-0.402,-0.25,0.639,0.019,-0.436,0.858,0.702,-0.349,-0.367,-0.018,0.191,0.853,0.012,-0.395,0.708,0.602,-0.06,-0.319,-0.292,-0.116,0.13,0.197,0.649,0.197,-0.02,-0.058,-0.298,0.2,0.084,-0.169,-0.621,-0.343,0.365,0.226,-0.242,0.854,0.655,0.189,0.48,0.904,0.765,0.658,0.653,-0.187,0.372,0.401,-0.424,-0.272,-0.583,-0.047,-0.327,0.6,-0.115,0.138,-0.598,0.288,0.426,0.022,-0.238,0.591,0.427,-0.186,0.567,0.275,-0.117,0.324
APTO,0.306,-0.556,-0.654,-0.31,0.668,-0.567,0.157,-0.412,0.131,0.122,0.439,-0.437,-0.371,0.595,-0.592,-0.614,-0.276,0.02,0.789,0.0,-0.791,-0.395,0.6,-0.157,-0.608,-0.028,-0.537,0.38,0.048,0.885,-0.512,-0.379,-0.673,0.765,-0.469,-0.702,0.666,-0.607,0.089,-0.626,-0.452,-0.253,-0.685,0.758,-0.659,-0.085,0.166,-0.3,0.759,0.392,-0.484,0.79,-0.679,-0.071,0.539,0.159,0.882,0.325,-0.422,-0.358,0.649,-0.277,0.447,-0.688,0.857,-0.495,0.619,0.537,0.402,-0.47,-0.676,-0.031,-0.58,-0.448,0.818,0.484,-0.088,-0.683,-0.039,0.524,0.827,0.048,-0.52,-0.556,-0.133,0.076,-0.557,-0.522,-0.072,-0.442,0.244,-0.653,0.829,0.78,-0.741,0.602,0.248,-0.634,-0.69,-0.611,0.712,0.115,-0.367,0.23,0.787,-0.661,-0.206,0.455,0.419,-0.533,-0.64,0.733,0.233,-0.218,-0.635,0.656,-0.702,-0.592,-0.311,-0.508,-0.36,-0.2,0.767,0.032,-0.57,-0.588,0.335,0.346,-0.468,0.701,-0.527,0.166,-0.32,-0.09,-0.538,-0.646,0.643,0.117,-0.787,0.794,0.77,-0.616,-0.598,-0.286,-0.075,0.654,-0.292,-0.673,0.767,0.233,0.266,-0.665,-0.608,-0.46,0.028,-0.136,0.848,0.599,-0.244,-0.215,-0.555,0.466,-0.244,-0.555,-0.591,-0.117,-0.158,-0.288,-0.685,0.659,0.707,0.128,0.646,0.657,0.78,0.651,0.817,-0.618,-0.123,0.609,-0.744,-0.658,-0.826,-0.494,-0.688,0.434,-0.316,-0.05,-0.86,-0.167,0.095,-0.213,-0.666,0.217,0.606,-0.627,0.114,0.42,-0.106,0.6
ARCT,-0.438,0.789,0.678,0.091,-0.417,0.601,-0.033,0.552,-0.053,-0.067,-0.123,0.837,0.575,-0.404,0.763,0.789,0.709,0.17,-0.61,-0.791,0.0,0.672,-0.31,-0.078,0.771,0.35,0.369,0.079,0.088,-0.914,0.504,0.149,0.482,-0.918,0.509,0.929,-0.798,0.517,0.203,0.619,0.758,-0.081,0.542,-0.674,0.777,-0.143,0.314,0.197,-0.549,-0.338,0.464,-0.699,0.765,0.339,-0.273,0.226,-0.75,-0.254,0.574,0.558,-0.413,0.533,-0.431,0.871,-0.934,0.645,-0.416,-0.79,0.004,0.586,0.805,-0.196,0.417,0.493,-0.636,-0.35,0.514,0.793,0.482,-0.342,-0.917,0.223,0.725,0.875,0.427,-0.131,0.576,0.58,0.34,0.402,-0.369,0.733,-0.65,-0.76,0.628,-0.292,-0.368,0.569,0.763,0.54,-0.737,-0.031,0.327,0.102,-0.659,0.79,0.547,-0.331,-0.499,0.515,0.761,-0.569,0.043,0.455,0.635,-0.823,0.607,0.794,0.64,0.408,0.518,0.302,-0.593,-0.277,0.361,0.724,0.086,0.064,0.752,-0.748,0.586,0.358,0.167,0.382,0.792,0.475,-0.583,0.078,0.763,-0.633,-0.885,0.881,0.875,0.536,0.225,-0.3,0.033,0.86,-0.874,-0.024,0.026,0.685,0.405,0.557,0.45,0.284,-0.861,-0.707,0.633,0.655,0.891,-0.665,0.551,0.611,0.883,0.486,0.333,0.414,0.689,-0.473,-0.309,-0.39,-0.541,-0.544,-0.611,-0.251,-0.777,0.756,0.358,-0.317,0.557,0.739,0.891,0.232,0.777,-0.588,0.048,-0.157,0.913,0.331,0.205,0.359,0.516,-0.153,-0.351,0.585,-0.043,-0.406,0.27,-0.356
ARWR,-0.042,0.697,0.442,-0.04,-0.183,0.513,0.046,0.395,0.048,0.025,0.175,0.716,0.611,-0.017,0.884,0.57,0.781,0.16,-0.219,-0.395,0.672,0.0,-0.133,-0.029,0.68,0.249,-0.035,0.349,0.151,-0.578,0.384,0.259,0.2,-0.651,0.323,0.625,-0.668,0.395,0.274,0.227,0.492,-0.095,0.342,-0.309,0.766,-0.022,0.57,0.313,-0.065,0.002,0.457,-0.363,0.527,0.419,-0.017,0.401,-0.384,-0.038,0.453,0.248,-0.223,0.466,-0.315,0.568,-0.56,0.441,-0.259,-0.727,0.375,0.434,0.632,-0.203,0.22,0.343,-0.357,0.031,0.427,0.624,0.458,-0.187,-0.511,-0.112,0.729,0.707,0.476,0.085,0.437,0.525,0.312,0.242,-0.07,0.534,-0.163,-0.364,0.322,0.173,-0.315,0.379,0.554,0.257,-0.355,-0.064,0.266,0.392,-0.335,0.562,0.677,-0.16,-0.432,0.424,0.512,-0.176,0.417,0.361,0.559,-0.458,0.317,0.534,0.713,-0.022,0.488,0.252,-0.119,-0.15,0.231,0.43,0.25,0.414,0.583,-0.441,0.467,0.62,0.463,0.401,0.525,0.252,-0.269,0.208,0.545,-0.131,-0.554,0.657,0.583,0.529,0.336,0.146,0.038,0.716,-0.604,0.14,0.174,0.492,-0.05,0.658,0.607,0.248,-0.58,-0.503,0.633,0.597,0.789,-0.621,0.705,0.453,0.583,0.357,0.322,0.326,0.452,-0.182,0.054,-0.091,-0.206,-0.155,-0.392,0.162,-0.448,0.552,0.377,-0.125,0.268,0.556,0.609,0.067,0.38,-0.375,-0.242,-0.145,0.639,0.191,0.378,0.585,0.27,0.053,0.139,0.355,0.206,-0.168,0.181,-0.087
ASND,-0.198,-0.276,-0.454,-0.568,0.22,-0.456,-0.203,-0.35,0.256,-0.019,0.469,-0.071,-0.356,0.164,-0.364,-0.346,0.013,-0.155,0.269,0.6,-0.31,-0.133,0.0,-0.435,-0.426,0.343,-0.371,0.442,-0.135,0.388,-0.215,-0.533,-0.609,0.3,-0.294,-0.256,0.147,-0.587,0.425,-0.431,0.059,-0.383,-0.602,0.333,-0.435,-0.486,0.276,-0.507,0.343,0.212,-0.413,0.483,-0.439,-0.165,0.349,0.018,0.452,-0.144,-0.376,-0.254,0.484,-0.273,0.161,-0.357,0.383,-0.3,0.68,0.195,0.439,-0.368,-0.349,-0.279,-0.576,-0.456,0.428,0.087,0.148,-0.514,0.42,0.255,0.338,0.435,-0.242,-0.077,0.185,-0.331,-0.365,-0.416,0.044,-0.532,-0.206,-0.41,0.536,0.311,-0.579,0.47,-0.048,-0.542,-0.283,-0.539,0.31,0.243,-0.52,0.221,0.54,-0.401,-0.141,0.033,-0.058,-0.518,-0.412,0.143,0.099,-0.132,-0.505,0.202,-0.54,-0.323,-0.231,-0.334,-0.405,-0.339,0.387,-0.372,-0.666,-0.221,0.199,0.554,-0.177,0.171,-0.563,0.301,-0.529,0.071,-0.118,-0.6,0.166,0.107,-0.628,0.278,0.218,-0.213,-0.143,-0.204,0.037,0.307,-0.534,-0.365,0.172,-0.011,0.419,-0.43,-0.453,-0.319,0.264,-0.121,0.434,0.326,-0.019,0.057,-0.178,0.181,-0.182,-0.378,-0.008,0.42,-0.292,-0.373,-0.504,0.345,0.444,-0.213,0.289,0.07,0.46,0.413,0.353,-0.401,-0.139,0.661,-0.621,-0.421,-0.48,-0.712,-0.454,-0.046,-0.412,-0.187,-0.445,-0.19,-0.103,-0.26,-0.593,-0.213,0.38,-0.562,-0.224,0.125,-0.018,0.492
ASTH,0.279,-0.035,0.483,0.667,-0.126,0.465,0.612,0.524,-0.234,0.307,-0.49,-0.06,0.482,0.46,0.121,0.343,-0.169,0.57,0.282,-0.157,-0.078,-0.029,-0.435,0.0,0.365,-0.665,0.36,-0.356,0.657,-0.134,0.405,0.388,0.592,0.255,0.563,-0.029,0.25,0.634,-0.693,0.46,-0.274,0.242,0.61,-0.343,0.15,0.708,-0.287,0.591,-0.084,-0.017,0.477,-0.31,0.46,0.374,-0.269,0.256,0.139,0.613,0.524,0.377,-0.374,0.354,0.46,0.247,-0.026,0.383,-0.608,0.15,-0.517,0.535,0.214,-0.102,0.611,0.693,-0.241,0.425,0.068,0.373,-0.517,-0.57,-0.142,-0.05,0.126,-0.003,0.285,0.671,0.466,0.57,0.2,0.603,0.674,0.41,-0.199,-0.104,0.529,-0.477,0.51,0.586,0.103,0.597,-0.245,-0.389,0.722,-0.069,-0.351,0.307,0.222,0.456,0.355,0.588,0.197,0.182,0.003,0.451,0.563,-0.231,0.55,0.269,0.017,0.267,0.192,0.617,-0.123,0.603,0.665,0.266,-0.007,-0.541,0.256,0.359,0.592,-0.159,0.506,-0.128,-0.045,0.642,0.154,-0.258,0.382,0.092,0.058,0.144,0.075,0.215,0.316,0.138,0.645,0.226,0.121,0.548,-0.621,0.425,0.493,0.447,-0.174,0.53,-0.106,-0.408,0.112,0.04,0.052,-0.002,0.341,0.414,-0.322,-0.457,0.633,0.625,0.514,0.387,-0.171,0.343,-0.121,0.454,0.063,-0.121,-0.196,0.423,0.458,-0.392,0.526,0.431,0.167,0.775,0.351,0.341,0.488,0.488,0.208,0.317,0.303,0.325,0.648,0.604,-0.33,0.5,0.522,-0.065,-0.135,-0.407
ATSG,-0.188,0.721,0.845,0.438,-0.357,0.83,0.393,0.834,-0.137,0.245,-0.295,0.729,0.879,0.045,0.773,0.895,0.578,0.569,-0.216,-0.608,0.771,0.68,-0.426,0.365,0.0,-0.083,0.476,-0.019,0.565,-0.79,0.685,0.398,0.692,-0.639,0.759,0.812,-0.504,0.781,-0.085,0.734,0.504,0.055,0.771,-0.659,0.813,0.346,0.218,0.616,-0.362,-0.143,0.763,-0.713,0.894,0.612,-0.313,0.478,-0.437,0.269,0.831,0.685,-0.508,0.714,-0.006,0.858,-0.722,0.815,-0.601,-0.649,-0.155,0.858,0.866,-0.248,0.689,0.769,-0.579,0.139,0.538,0.908,0.186,-0.492,-0.8,0.106,0.766,0.796,0.666,0.362,0.762,0.864,0.462,0.681,0.135,0.879,-0.545,-0.647,0.796,-0.384,0.017,0.828,0.755,0.764,-0.718,-0.348,0.712,0.105,-0.721,0.758,0.772,0.095,-0.169,0.785,0.831,-0.203,0.243,0.734,0.881,-0.75,0.802,0.851,0.634,0.456,0.671,0.68,-0.447,0.18,0.676,0.78,0.266,-0.053,0.828,-0.374,0.817,0.367,0.507,0.23,0.654,0.745,-0.32,-0.126,0.845,-0.316,-0.669,0.847,0.792,0.716,0.499,0.024,0.41,0.863,-0.597,0.432,-0.305,0.845,0.515,0.765,0.44,0.639,-0.708,-0.823,0.71,0.646,0.858,-0.64,0.762,0.812,0.559,0.237,0.709,0.76,0.859,-0.096,-0.147,-0.024,-0.425,-0.05,-0.358,-0.026,-0.686,0.902,0.669,-0.439,0.708,0.891,0.814,0.581,0.832,-0.341,0.187,0.196,0.863,0.567,0.509,0.642,0.757,0.167,-0.37,0.787,0.42,-0.296,0.07,-0.47
AVTX,-0.189,0.277,-0.347,-0.614,0.15,-0.392,-0.395,-0.294,0.344,-0.621,0.736,0.355,-0.206,-0.271,0.18,-0.036,0.535,-0.411,-0.324,-0.028,0.35,0.249,0.343,-0.665,-0.083,0.0,-0.404,0.663,-0.541,-0.072,-0.366,-0.273,-0.476,-0.399,-0.299,0.231,-0.411,-0.474,0.407,-0.199,0.406,-0.45,-0.444,0.27,-0.004,-0.764,0.63,-0.663,0.127,-0.302,-0.506,0.327,-0.2,-0.108,0.541,0.145,-0.276,-0.512,-0.296,-0.112,0.502,0.13,-0.569,0.078,-0.256,-0.21,0.462,-0.317,0.658,-0.378,-0.103,0.002,-0.515,-0.338,0.22,-0.55,0.408,-0.101,0.738,0.477,-0.107,0.284,0.053,0.215,-0.149,-0.527,-0.261,-0.403,-0.084,-0.478,-0.747,-0.25,0.223,0.116,-0.398,0.574,-0.715,-0.483,0.026,-0.403,0.2,0.699,-0.47,0.563,0.397,0.207,-0.127,-0.194,-0.288,-0.365,-0.09,-0.253,0.024,-0.317,-0.387,-0.145,-0.438,-0.048,0.318,-0.373,-0.037,-0.444,0.215,-0.79,-0.6,-0.17,0.13,0.491,-0.005,-0.523,-0.155,0.513,-0.382,0.474,0.296,-0.516,-0.034,0.703,-0.138,-0.121,-0.239,0.167,0.203,-0.029,-0.46,-0.011,-0.641,0.139,-0.399,-0.363,0.802,-0.314,-0.446,-0.12,0.249,-0.324,-0.172,0.21,0.294,0.39,0.263,0.053,0.015,-0.354,0.579,0.535,-0.392,-0.377,-0.313,-0.292,0.305,-0.65,0.276,-0.497,-0.093,0.232,0.103,-0.182,-0.192,0.554,-0.35,-0.266,0.114,-0.614,-0.033,-0.272,-0.234,-0.759,0.05,-0.346,-0.104,-0.053,-0.51,-0.21,0.447,-0.411,-0.412,-0.069,0.691,0.556
BCPC,-0.445,0.337,0.682,0.593,-0.497,0.569,0.131,0.66,-0.023,0.388,-0.705,0.187,0.444,-0.312,0.069,0.586,-0.135,0.416,-0.373,-0.537,0.369,-0.035,-0.371,0.36,0.476,-0.404,0.0,-0.514,0.413,-0.589,0.767,0.23,0.753,-0.284,0.608,0.522,-0.243,0.604,-0.07,0.761,0.344,0.408,0.69,-0.748,0.422,0.423,-0.453,0.492,-0.649,0.065,0.646,-0.716,0.606,0.146,-0.724,-0.113,-0.358,0.11,0.494,0.575,-0.654,0.318,0.219,0.486,-0.378,0.693,-0.363,-0.066,-0.692,0.642,0.524,0.09,0.661,0.404,-0.567,0.066,0.066,0.555,-0.19,-0.43,-0.564,0.224,0.273,0.401,0.322,0.193,0.625,0.518,0.004,0.596,0.098,0.717,-0.713,-0.614,0.772,-0.808,0.355,0.744,0.707,0.672,-0.771,-0.477,0.594,-0.573,-0.822,0.275,0.296,-0.045,-0.1,0.644,0.578,-0.449,-0.168,0.531,0.66,-0.394,0.804,0.573,-0.029,0.847,0.477,0.429,-0.722,0.278,0.646,0.734,-0.067,-0.305,0.449,-0.199,0.371,-0.374,0.161,-0.352,0.4,0.743,-0.356,-0.653,0.607,-0.545,-0.569,0.399,0.507,0.442,0.536,-0.407,0.543,0.432,-0.259,0.26,-0.641,0.724,0.768,0.268,0.027,0.514,-0.365,-0.473,0.237,0.13,0.29,-0.191,0.206,0.697,0.25,0.129,0.439,0.528,0.68,-0.163,-0.525,0.235,-0.656,-0.097,-0.235,-0.435,-0.674,0.632,0.221,-0.679,0.722,0.656,0.562,0.586,0.651,-0.387,0.311,0.631,0.558,0.356,0.2,0.243,0.742,-0.257,-0.837,0.668,-0.019,-0.006,-0.27,-0.776
BEAM,-0.023,0.299,-0.389,-0.565,0.539,-0.311,-0.02,-0.054,0.398,-0.403,0.792,0.36,-0.001,0.307,0.122,-0.019,0.588,-0.004,0.239,0.38,0.079,0.349,0.442,-0.356,-0.019,0.663,-0.514,0.0,-0.101,0.187,-0.327,-0.351,-0.602,-0.042,-0.271,0.084,-0.198,-0.468,0.291,-0.299,0.375,-0.598,-0.524,0.448,-0.053,-0.538,0.881,-0.406,0.577,0.071,-0.402,0.531,-0.213,0.099,0.726,0.566,0.24,-0.01,-0.152,-0.051,0.702,0.355,-0.113,0.034,0.106,-0.145,0.542,-0.294,0.85,-0.211,-0.224,-0.238,-0.574,-0.234,0.561,0.043,0.54,-0.037,0.717,0.498,0.163,0.163,0.06,0.162,0.023,-0.133,-0.259,-0.297,-0.027,-0.359,-0.369,-0.216,0.599,0.445,-0.524,0.771,-0.442,-0.467,-0.048,-0.418,0.318,0.46,-0.257,0.78,0.52,0.075,0.162,0.287,-0.067,-0.262,-0.201,0.175,0.346,-0.059,-0.304,0.017,-0.474,-0.032,0.432,-0.467,0.045,-0.213,0.59,-0.66,-0.62,-0.201,0.529,0.611,0.128,-0.122,-0.107,0.812,-0.225,0.334,0.157,-0.555,0.282,0.638,-0.296,0.353,-0.024,0.132,0.177,0.213,-0.199,0.471,-0.545,0.136,-0.106,0.194,0.802,-0.254,-0.643,0.006,0.54,-0.115,0.107,0.215,0.522,0.461,0.258,-0.018,0.237,-0.296,0.234,0.534,-0.029,-0.115,-0.338,0.215,0.719,-0.522,0.498,0.119,0.33,0.696,0.304,-0.145,0.071,0.731,-0.505,-0.241,-0.122,-0.61,-0.152,-0.19,-0.48,-0.54,-0.141,-0.231,0.375,0.177,-0.565,0.155,0.736,-0.451,-0.067,0.259,0.533,0.726
BILI,-0.058,0.184,0.599,0.494,0.022,0.633,0.783,0.765,-0.279,0.58,-0.393,0.29,0.748,0.613,0.172,0.56,0.127,0.872,0.462,0.048,0.088,0.151,-0.135,0.657,0.565,-0.541,0.413,-0.101,0.0,-0.211,0.518,0.154,0.484,0.085,0.708,0.249,0.142,0.593,-0.304,0.538,0.036,0.011,0.536,-0.397,0.328,0.576,0.002,0.637,0.013,0.123,0.657,-0.358,0.589,0.593,-0.218,0.57,0.333,0.735,0.767,0.634,-0.293,0.541,0.66,0.415,-0.062,0.655,-0.439,-0.018,-0.287,0.764,0.469,-0.345,0.531,0.705,-0.114,0.665,0.432,0.502,-0.152,-0.444,-0.259,0.192,0.339,0.338,0.685,0.643,0.585,0.716,0.486,0.593,0.614,0.592,-0.147,-0.235,0.529,-0.355,0.553,0.66,0.265,0.599,-0.431,-0.501,0.764,-0.017,-0.4,0.33,0.637,0.564,0.289,0.586,0.474,0.338,0.282,0.807,0.648,-0.372,0.572,0.552,0.223,0.379,0.403,0.808,-0.094,0.496,0.557,0.535,0.393,-0.144,0.549,0.328,0.617,0.22,0.304,-0.04,0.2,0.572,0.121,-0.383,0.351,0.175,-0.106,0.416,0.388,0.528,0.66,0.454,0.434,0.378,0.089,0.792,-0.54,0.55,0.418,0.445,0.3,0.761,-0.055,-0.599,0.485,0.416,0.345,-0.295,0.559,0.612,-0.082,-0.071,0.868,0.822,0.604,0.538,0.157,0.223,-0.172,0.617,0.248,0.205,-0.208,0.649,0.723,-0.256,0.397,0.601,0.227,0.565,0.484,0.132,0.126,0.548,0.263,0.701,0.613,0.447,0.582,0.47,-0.277,0.544,0.582,-0.092,-0.215,-0.359
BJRI,0.475,-0.738,-0.804,-0.262,0.607,-0.733,0.004,-0.642,0.1,-0.045,0.377,-0.722,-0.613,0.41,-0.689,-0.846,-0.524,-0.223,0.665,0.885,-0.914,-0.578,0.388,-0.134,-0.79,-0.072,-0.589,0.187,-0.211,0.0,-0.683,-0.264,-0.682,0.859,-0.669,-0.894,0.775,-0.673,-0.099,-0.743,-0.651,-0.103,-0.721,0.879,-0.794,-0.058,-0.065,-0.368,0.708,0.278,-0.649,0.859,-0.854,-0.258,0.51,-0.095,0.761,0.201,-0.643,-0.573,0.605,-0.487,0.304,-0.869,0.894,-0.736,0.538,0.667,0.261,-0.689,-0.865,0.217,-0.608,-0.564,0.814,0.262,-0.378,-0.836,-0.291,0.554,0.947,-0.168,-0.736,-0.827,-0.457,-0.001,-0.726,-0.701,-0.291,-0.492,0.24,-0.857,0.79,0.868,-0.803,0.557,0.183,-0.744,-0.852,-0.674,0.883,0.183,-0.483,0.152,0.847,-0.759,-0.52,0.331,0.473,-0.618,-0.819,0.669,0.024,-0.513,-0.788,0.826,-0.795,-0.822,-0.498,-0.548,-0.494,-0.377,0.747,0.102,-0.552,-0.807,0.064,0.088,-0.739,0.704,-0.618,-0.127,-0.275,-0.196,-0.724,-0.685,0.666,0.177,-0.825,0.723,0.926,-0.851,-0.854,-0.557,-0.359,0.433,-0.228,-0.87,0.86,-0.019,0.233,-0.819,-0.58,-0.607,-0.32,-0.383,0.884,0.8,-0.546,-0.537,-0.799,0.656,-0.509,-0.737,-0.758,-0.386,-0.394,-0.498,-0.831,0.479,0.534,0.197,0.684,0.515,0.653,0.438,0.898,-0.833,-0.361,0.533,-0.73,-0.85,-0.901,-0.429,-0.828,0.566,-0.154,-0.115,-0.966,-0.398,-0.164,-0.387,-0.708,0.183,0.583,-0.715,0.035,0.439,-0.098,0.581
BLUE,-0.334,0.435,0.807,0.513,-0.49,0.733,0.183,0.736,-0.009,0.547,-0.563,0.424,0.66,-0.183,0.392,0.7,0.131,0.474,-0.277,-0.512,0.504,0.384,-0.215,0.405,0.685,-0.366,0.767,-0.327,0.518,-0.683,0.0,0.267,0.73,-0.387,0.679,0.617,-0.396,0.715,-0.006,0.668,0.406,0.249,0.743,-0.799,0.611,0.448,-0.21,0.613,-0.584,0.187,0.816,-0.753,0.743,0.363,-0.69,0.052,-0.326,0.161,0.638,0.605,-0.738,0.374,0.117,0.602,-0.485,0.805,-0.442,-0.299,-0.473,0.766,0.716,-0.058,0.718,0.539,-0.664,0.225,0.188,0.666,-0.028,-0.598,-0.653,0.226,0.548,0.632,0.662,0.27,0.684,0.757,0.271,0.625,0.229,0.837,-0.593,-0.676,0.797,-0.636,0.31,0.811,0.783,0.71,-0.783,-0.612,0.647,-0.315,-0.808,0.414,0.577,-0.079,-0.221,0.769,0.652,-0.376,0.141,0.699,0.838,-0.528,0.836,0.674,0.196,0.669,0.499,0.541,-0.634,0.311,0.681,0.839,0.047,-0.075,0.607,-0.217,0.464,-0.066,0.347,-0.17,0.474,0.761,-0.483,-0.589,0.697,-0.433,-0.629,0.573,0.609,0.529,0.766,-0.186,0.537,0.593,-0.393,0.341,-0.58,0.843,0.615,0.603,0.287,0.692,-0.445,-0.643,0.406,0.365,0.554,-0.447,0.561,0.811,0.402,0.225,0.559,0.612,0.783,-0.052,-0.42,0.278,-0.673,-0.025,-0.226,-0.274,-0.775,0.765,0.394,-0.637,0.685,0.808,0.664,0.538,0.631,-0.407,0.164,0.601,0.691,0.38,0.304,0.404,0.782,-0.13,-0.653,0.741,0.172,-0.068,-0.364,-0.731
