,AAL,AAON,ACB,ACGL,ACGLO,ACIW,ADBE,ADSK,AEP,AGIO,ALEC,ALNY,ALTR,AMBA,AMCX,AMKR,AMRX,ANSS,APPN,APTO,ARCT,ARWR,ASND,ASTH,ATSG,AVTX,BCPC,BEAM,BILI,BJRI,BLUE,BPOP,BRKL,BWIN,BZUN,CARG,CBRL,CBSH,CBUS,CENTA,CERS,CFFN,CHCO,CHEF,CHRD,CINF,CLLS,CMCO,CMCSA,COLL,COMM,COOP,CPB,CRON,CROX,CRUS,CRWD,CTAS,CYBR,CYTK,DGII,DIOD,DOMO,DPZ,DSGR,DXCM,ERIE,ESTA,EXEL,FAST,FCEL,FCFS,FHB,FITBI,FSV,FTDR,FUTU,GLDD,GLPG,GLPI,GOGO,GOSS,GSAT,GYRE,HALO,HAS,HLIT,HLNE,HSDT,HSIC,HTHT,ICHR,IDYA,IMVT,INDB,INSM,IONS,IOSP,ITRI,JBHT,JBLU,JSM,KLIC,KOD,KURA,LAB,LASR,LIN,LKQ,LNT,MBUU,MCRI,MDGL,MEDP,MGNI,MGPI,MGRC,MKTX,MRNA,MRTN,MSEX,MSFT,MU,NAVI,NBTB,NEO,NEOG,NGNE,NSSC,NTAP,NTES,NTLA,NTRS,NYMTN,OBLG,OCFC,ON,ONC,OPI,OSIS,OSW,PALI,PANW,PCAR,PCRX,PCTY,PEBO,PLAB,PLAY,PLMR,PLSE,PLUS,PRTA,PSEC,PSNL,PTCT,PTON,QNST,QRVO,QTTB,RARE,RBCAA,RGNX,SAIC,SGMO,SINT,SNPS,SPSC,SPTN,SSYS,STNE,TBBK,TCPC,TENB,TGTX,TREE,TRUP,TTWO,TW,TXG,UBSI,UCTT,UFPT,UMBF,UPBD,URBN,VBTX,VCTR,VEON,VNET,VRSK,VSEC,WABC,WTFCM,WVE,WW,WWD,XEL,ZD,ZYME
AAL,0.0,0.406,-0.254,0.771,0.278,0.404,0.334,0.662,-0.025,-0.415,-0.581,-0.227,0.089,-0.451,0.318,0.896,0.147,0.297,-0.575,-0.63,-0.513,0.239,-0.554,-0.582,0.583,-0.295,-0.094,0.306,0.311,0.655,0.681,0.476,0.552,0.815,0.531,-0.025,0.799,0.335,0.6,-0.189,-0.297,0.14,0.534,0.708,0.847,0.775,-0.689,0.671,0.45,-0.634,0.351,0.577,-0.498,0.46,0.838,-0.271,0.421,0.892,-0.031,0.066,0.281,0.597,0.728,-0.097,0.825,0.077,0.614,-0.146,-0.735,0.569,0.658,0.401,0.728,0.047,0.866,-0.25,0.481,0.386,-0.088,0.881,0.913,0.461,0.654,0.108,-0.271,0.698,0.049,-0.603,0.288,0.137,0.549,0.611,0.151,-0.017,0.218,0.459,0.528,0.366,0.694,0.228,0.914,-0.03,0.746,-0.044,-0.014,-0.75,0.827,0.649,0.188,0.422,0.726,0.06,-0.32,-0.269,0.819,0.014,0.216,-0.134,0.253,-0.396,0.622,0.392,0.881,0.806,0.304,0.361,0.315,0.182,0.44,0.395,0.612,0.313,0.839,0.613,0.455,0.559,0.872,0.399,0.827,0.292,0.262,-0.317,-0.258,0.65,0.545,0.327,0.163,0.268,0.913,0.631,-0.116,0.072,-0.466,0.733,0.267,-0.091,0.296,0.706,0.809,0.526,-0.037,0.491,-0.355,-0.206,-0.227,0.037,0.436,0.476,-0.204,-0.15,0.77,0.853,0.311,-0.516,-0.378,0.772,0.563,-0.074,-0.338,0.431,0.364,0.796,0.234,0.717,0.582,0.534,0.568,0.354,0.818,-0.126,-0.277,0.793,0.043,0.351,-0.153,0.377,0.911,0.249,-0.026,-0.478
AAON,0.406,0.0,0.612,0.792,0.46,0.868,-0.269,0.11,0.656,0.478,0.117,-0.171,0.614,0.363,0.825,0.444,0.651,0.413,0.317,0.215,-0.429,0.07,-0.243,0.132,0.852,0.368,0.766,0.332,-0.312,0.845,0.766,0.909,0.859,0.113,-0.062,0.371,0.806,0.934,0.152,0.617,-0.254,0.829,0.82,0.851,0.308,0.813,0.14,0.855,0.869,0.256,0.783,0.087,0.013,0.672,0.608,0.455,-0.111,0.535,0.73,-0.351,0.877,0.891,0.25,0.005,0.678,-0.389,0.485,0.627,-0.093,0.64,0.298,0.695,0.847,0.764,0.273,0.216,-0.123,0.94,-0.008,0.487,0.608,0.501,0.275,0.486,0.092,0.794,0.781,0.232,0.814,0.802,0.397,0.879,-0.297,-0.124,0.921,-0.159,0.137,0.901,0.731,0.651,0.674,0.691,0.829,0.35,0.026,-0.14,0.697,0.66,0.796,0.732,0.634,0.814,0.512,0.488,0.628,0.783,0.848,-0.164,-0.494,0.248,0.378,-0.145,0.595,0.777,0.896,0.142,0.655,-0.112,0.653,0.923,0.143,0.123,0.773,0.492,-0.263,0.927,0.352,0.115,0.622,0.867,0.732,0.533,0.46,0.894,0.886,0.195,0.863,0.869,0.625,0.114,-0.161,0.823,0.508,0.597,0.603,0.076,-0.278,0.746,0.546,0.684,0.069,0.894,0.289,0.526,0.202,-0.144,0.086,0.277,0.634,0.644,0.294,0.683,0.75,0.161,0.098,0.739,0.013,-0.49,0.077,-0.237,0.907,0.746,0.82,0.87,0.889,0.871,0.931,0.882,0.05,-0.347,0.257,0.704,0.824,0.671,-0.224,0.085,0.578,0.436,0.765,0.313
ACB,-0.254,0.612,0.0,0.229,0.055,0.407,-0.553,-0.508,0.541,0.799,0.48,-0.082,0.242,0.631,0.582,-0.227,0.515,-0.054,0.727,0.574,-0.088,-0.115,0.075,0.436,0.419,0.563,0.775,0.003,-0.566,0.354,0.146,0.551,0.521,-0.457,-0.529,0.158,0.229,0.672,-0.232,0.713,-0.234,0.772,0.506,0.363,-0.212,0.263,0.618,0.345,0.502,0.74,0.422,-0.333,0.205,0.499,0.002,0.625,-0.607,-0.132,0.57,-0.37,0.7,0.418,-0.428,-0.213,0.017,-0.466,-0.09,0.638,0.41,0.034,-0.183,0.458,0.362,0.713,-0.395,0.259,-0.557,0.587,0.055,-0.162,-0.056,0.113,-0.113,0.45,0.216,0.241,0.865,0.565,0.684,0.632,-0.148,0.347,-0.491,-0.288,0.766,-0.435,-0.174,0.641,0.205,0.41,0.074,0.594,0.273,0.206,0.014,0.392,0.048,-0.011,0.562,0.294,0.037,0.704,0.817,0.744,-0.045,0.776,0.706,-0.338,-0.801,0.348,-0.172,-0.491,-0.077,0.185,0.73,0.019,0.29,-0.253,0.187,0.63,-0.459,-0.315,0.18,0.038,-0.567,0.513,-0.296,-0.298,0.068,0.544,0.595,0.807,0.508,0.415,0.383,-0.221,0.787,0.641,-0.002,-0.503,-0.036,0.758,0.808,0.215,0.277,0.042,-0.587,0.178,-0.15,0.287,0.081,0.614,0.674,0.616,0.339,-0.154,-0.393,-0.212,0.694,0.677,-0.277,0.014,0.534,0.388,0.469,0.181,-0.405,-0.382,0.101,-0.652,0.63,0.087,0.55,0.359,0.458,0.473,0.53,0.585,-0.528,-0.278,0.24,0.086,0.799,0.357,-0.006,-0.245,-0.107,0.038,0.753,0.579
ACGL,0.771,0.792,0.229,0.0,0.408,0.726,-0.103,0.384,0.48,0.08,-0.327,-0.391,0.377,0.031,0.783,0.714,0.316,0.346,-0.068,-0.255,-0.662,-0.02,-0.564,-0.323,0.846,-0.008,0.428,0.397,-0.145,0.921,0.843,0.815,0.787,0.524,0.206,0.187,0.958,0.771,0.362,0.296,-0.384,0.613,0.725,0.947,0.636,0.896,-0.368,0.935,0.873,-0.211,0.717,0.28,-0.324,0.649,0.78,0.228,0.153,0.816,0.404,-0.335,0.719,0.811,0.557,0.009,0.922,-0.342,0.568,0.359,-0.594,0.631,0.662,0.76,0.903,0.506,0.61,-0.056,0.149,0.845,-0.265,0.801,0.86,0.492,0.495,0.531,-0.267,0.891,0.523,-0.237,0.698,0.549,0.639,0.819,-0.253,-0.208,0.651,0.11,0.326,0.795,0.786,0.369,0.925,0.444,0.911,0.175,-0.211,-0.498,0.828,0.743,0.655,0.784,0.768,0.579,0.006,0.022,0.842,0.444,0.698,-0.222,-0.183,-0.132,0.692,0.011,0.779,0.927,0.704,0.151,0.472,-0.112,0.765,0.786,0.467,0.223,0.965,0.475,0.026,0.862,0.676,0.139,0.879,0.751,0.704,0.162,0.076,0.833,0.765,0.196,0.645,0.689,0.893,0.391,-0.353,0.577,0.075,0.837,0.502,-0.154,-0.04,0.88,0.802,0.732,-0.09,0.794,-0.099,0.336,0.172,-0.194,0.227,0.341,0.357,0.432,0.539,0.846,0.683,-0.309,-0.34,0.793,0.218,-0.489,-0.125,0.055,0.737,0.802,0.619,0.943,0.9,0.876,0.881,0.733,0.479,-0.439,0.001,0.903,0.514,0.465,-0.434,0.246,0.822,0.474,0.54,-0.174
ACGLO,0.278,0.46,0.055,0.408,0.0,0.642,0.227,0.519,0.508,0.06,0.338,0.158,0.641,0.119,0.231,0.408,0.426,0.801,0.0,0.098,-0.192,0.266,-0.033,0.132,0.436,0.229,0.22,0.534,0.172,0.387,0.417,0.433,0.284,0.271,0.323,0.382,0.398,0.386,0.272,0.172,0.285,0.173,0.272,0.421,0.291,0.51,-0.038,0.486,0.449,-0.149,0.626,0.405,0.481,0.384,0.487,0.032,0.436,0.465,0.579,0.057,0.397,0.508,0.449,0.365,0.52,0.236,0.569,0.342,-0.028,0.714,0.165,0.094,0.422,0.353,0.394,0.623,0.379,0.478,0.231,0.371,0.388,0.361,0.363,0.079,0.194,0.529,0.127,0.054,0.384,0.436,0.472,0.494,0.367,0.429,0.309,0.138,0.384,0.373,0.585,0.559,0.342,0.421,0.524,0.589,0.252,-0.102,0.566,0.646,0.357,0.631,0.48,0.383,0.125,0.212,0.508,0.19,0.213,0.473,0.156,0.2,0.423,0.285,0.438,0.517,0.248,0.066,0.599,0.26,0.387,0.355,0.347,0.428,0.388,0.578,0.234,0.425,0.399,0.465,0.429,0.299,0.26,0.213,0.606,0.518,0.538,0.573,0.245,0.323,0.367,0.481,0.042,0.288,0.039,0.27,0.45,0.291,0.261,0.568,0.575,0.469,0.231,0.302,-0.142,0.27,0.054,-0.051,0.597,0.532,0.265,0.248,0.31,0.396,0.455,0.254,-0.134,0.543,0.275,0.082,0.5,0.319,0.44,0.55,0.391,0.442,0.541,0.311,0.39,0.548,0.299,-0.059,0.634,0.61,0.198,0.516,0.04,0.419,0.453,0.646,0.223,0.24
ACIW,0.404,0.868,0.407,0.726,0.642,0.0,-0.095,0.28,0.641,0.249,0.178,-0.022,0.745,0.294,0.734,0.473,0.497,0.592,0.24,0.226,-0.277,0.146,-0.145,0.235,0.718,0.408,0.672,0.517,-0.107,0.789,0.722,0.871,0.747,0.157,0.115,0.557,0.747,0.805,0.101,0.485,0.014,0.654,0.705,0.801,0.324,0.788,0.145,0.795,0.774,0.145,0.806,0.307,0.183,0.475,0.66,0.314,0.138,0.555,0.789,-0.218,0.8,0.864,0.415,0.104,0.705,-0.186,0.542,0.604,-0.013,0.683,0.223,0.495,0.751,0.616,0.331,0.423,0.088,0.839,0.095,0.607,0.61,0.611,0.283,0.416,0.202,0.82,0.541,0.233,0.676,0.833,0.505,0.816,-0.054,0.196,0.794,-0.058,0.202,0.798,0.815,0.671,0.632,0.646,0.78,0.456,0.179,-0.083,0.718,0.739,0.778,0.751,0.71,0.748,0.336,0.463,0.697,0.668,0.663,0.111,-0.229,0.327,0.567,-0.033,0.589,0.799,0.741,0.185,0.786,-0.038,0.711,0.799,0.3,0.338,0.69,0.571,-0.122,0.861,0.442,0.298,0.546,0.785,0.598,0.408,0.554,0.783,0.823,0.415,0.689,0.746,0.613,0.325,-0.038,0.706,0.371,0.462,0.638,0.247,-0.077,0.767,0.634,0.623,0.164,0.783,0.189,0.45,0.14,-0.098,0.244,0.502,0.596,0.603,0.374,0.674,0.77,0.247,0.066,0.696,0.159,-0.38,0.19,-0.006,0.833,0.727,0.823,0.77,0.836,0.78,0.814,0.759,0.148,-0.227,0.378,0.739,0.666,0.59,-0.173,0.326,0.655,0.511,0.605,0.341
ADBE,0.334,-0.269,-0.553,-0.103,0.227,-0.095,0.0,0.828,-0.533,-0.618,-0.248,0.658,0.094,-0.804,-0.585,0.554,0.169,0.509,-0.686,-0.566,0.224,0.821,0.259,-0.411,-0.19,-0.442,-0.705,0.454,0.931,-0.279,0.092,-0.342,-0.199,0.615,0.853,0.12,-0.04,-0.483,0.668,-0.795,0.51,-0.684,-0.218,-0.19,0.441,0.165,-0.282,-0.227,-0.399,-0.754,-0.323,0.698,-0.004,-0.093,0.427,-0.908,0.825,0.445,-0.37,0.875,-0.466,0.013,0.644,0.218,0.197,0.84,0.566,-0.601,-0.105,0.448,0.073,-0.6,-0.037,-0.63,0.65,-0.126,0.908,-0.386,0.583,0.228,0.261,0.385,0.333,-0.729,0.469,-0.106,-0.633,-0.64,-0.477,-0.366,0.365,0.103,0.764,0.729,-0.498,0.859,0.722,-0.516,0.213,0.09,0.066,-0.602,0.061,-0.17,0.609,-0.572,0.243,0.353,-0.554,-0.169,0.273,-0.648,-0.394,-0.374,0.35,-0.545,-0.673,0.569,0.75,-0.293,-0.038,0.956,0.397,0.029,-0.516,0.489,0.139,0.857,-0.085,-0.404,0.66,0.671,-0.003,0.535,0.733,-0.218,0.618,0.844,0.141,-0.528,-0.634,-0.671,-0.094,0.042,0.053,0.748,-0.623,-0.563,0.123,0.681,0.525,-0.673,-0.578,0.067,0.086,0.593,0.911,0.106,0.442,0.136,0.608,-0.316,-0.415,-0.802,-0.797,0.641,0.813,0.695,-0.724,-0.66,0.729,0.278,-0.489,-0.127,-0.018,0.295,0.862,0.787,-0.147,0.875,-0.432,0.283,-0.468,-0.121,-0.155,-0.36,-0.295,-0.198,0.685,0.79,-0.011,0.173,-0.668,0.313,0.532,0.295,0.366,0.192,-0.694,-0.067
ADSK,0.662,0.11,-0.508,0.384,0.519,0.28,0.828,0.0,-0.169,-0.567,-0.342,0.344,0.328,-0.666,-0.166,0.83,0.224,0.714,-0.673,-0.616,-0.157,0.648,-0.105,-0.516,0.225,-0.417,-0.451,0.637,0.754,0.179,0.468,0.052,0.115,0.817,0.883,0.208,0.403,-0.085,0.758,-0.566,0.324,-0.373,0.066,0.265,0.685,0.539,-0.508,0.256,0.088,-0.839,0.12,0.762,-0.058,0.209,0.722,-0.679,0.908,0.787,-0.08,0.568,-0.089,0.365,0.884,0.326,0.649,0.608,0.799,-0.354,-0.431,0.741,0.415,-0.196,0.353,-0.323,0.893,-0.027,0.925,0.066,0.333,0.599,0.65,0.539,0.543,-0.356,0.201,0.351,-0.4,-0.686,-0.1,-0.09,0.667,0.447,0.614,0.574,-0.193,0.78,0.763,-0.099,0.556,0.226,0.48,-0.289,0.482,0.049,0.372,-0.723,0.632,0.72,-0.17,0.302,0.614,-0.287,-0.435,-0.41,0.724,-0.351,-0.296,0.524,0.691,-0.309,0.396,0.856,0.708,0.469,-0.197,0.393,0.359,0.684,0.323,-0.016,0.859,0.759,0.451,0.677,0.722,0.176,0.873,0.826,0.56,-0.122,-0.22,-0.522,0.002,0.391,0.409,0.784,-0.297,-0.179,0.532,0.875,0.201,-0.349,-0.56,0.407,0.334,0.394,0.834,0.535,0.816,0.48,0.428,0.02,-0.546,-0.488,-0.542,0.375,0.918,0.792,-0.454,-0.374,0.862,0.634,-0.084,-0.259,-0.331,0.621,0.845,0.452,-0.026,0.877,-0.053,0.638,-0.12,0.328,0.277,0.06,0.122,0.185,0.877,0.408,0.108,0.624,-0.401,0.45,0.199,0.444,0.713,0.498,-0.378,-0.189
AEP,-0.025,0.656,0.541,0.48,0.508,0.641,-0.533,-0.169,0.0,0.597,0.341,-0.365,0.541,0.664,0.74,-0.054,0.244,0.371,0.536,0.437,-0.484,-0.399,-0.248,0.294,0.552,0.627,0.766,0.259,-0.647,0.586,0.449,0.651,0.371,-0.263,-0.384,0.235,0.406,0.74,-0.271,0.724,-0.137,0.697,0.339,0.554,-0.048,0.339,0.231,0.594,0.774,0.423,0.847,-0.337,0.414,0.469,0.095,0.699,-0.178,0.092,0.76,-0.685,0.713,0.402,-0.03,0.294,0.338,-0.557,0.16,0.855,0.023,0.318,0.193,0.603,0.444,0.737,-0.16,0.46,-0.374,0.771,-0.261,0.109,0.169,0.134,0.013,0.608,-0.112,0.531,0.577,0.5,0.695,0.668,0.3,0.397,-0.478,-0.21,0.673,-0.524,-0.105,0.727,0.27,0.343,0.263,0.804,0.374,0.464,-0.338,0.21,0.34,0.415,0.745,0.834,0.162,0.847,0.344,0.367,0.232,0.576,0.738,0.075,-0.395,0.299,0.362,-0.473,0.087,0.44,0.617,-0.441,0.314,-0.392,0.49,0.631,-0.114,-0.091,0.371,-0.011,-0.495,0.598,-0.117,-0.266,0.304,0.738,0.766,0.767,0.617,0.439,0.494,-0.057,0.715,0.672,0.257,-0.041,-0.509,0.761,0.548,0.209,0.413,-0.156,-0.438,0.431,0.184,0.318,-0.275,0.51,0.051,0.826,0.616,-0.445,-0.034,-0.094,0.861,0.743,-0.243,0.231,0.748,0.334,-0.2,0.288,-0.489,-0.562,0.554,-0.445,0.679,0.234,0.749,0.519,0.573,0.583,0.62,0.705,-0.278,-0.617,0.65,0.402,0.686,0.219,-0.533,-0.178,0.105,0.646,0.824,0.249
AGIO,-0.415,0.478,0.799,0.08,0.06,0.249,-0.618,-0.567,0.597,0.0,0.511,-0.224,0.151,0.75,0.468,-0.393,0.368,-0.09,0.706,0.667,-0.108,-0.278,0.086,0.348,0.263,0.581,0.689,-0.14,-0.698,0.202,0.1,0.321,0.274,-0.588,-0.67,0.012,0.035,0.529,-0.33,0.781,-0.156,0.673,0.253,0.18,-0.325,0.001,0.578,0.216,0.408,0.711,0.363,-0.553,0.307,0.398,-0.249,0.722,-0.578,-0.293,0.454,-0.484,0.515,0.164,-0.539,0.057,-0.113,-0.504,-0.189,0.582,0.371,-0.033,-0.058,0.464,0.173,0.65,-0.525,0.253,-0.634,0.486,-0.106,-0.396,-0.255,-0.122,-0.286,0.464,0.106,0.043,0.699,0.602,0.523,0.394,-0.198,0.153,-0.588,-0.36,0.574,-0.485,-0.324,0.516,-0.096,0.232,-0.128,0.544,0.071,0.227,-0.206,0.417,-0.157,-0.13,0.462,0.27,-0.211,0.627,0.712,0.515,-0.231,0.593,0.637,-0.263,-0.731,0.34,-0.212,-0.517,-0.247,-0.043,0.534,-0.308,0.131,-0.357,0.109,0.44,-0.461,-0.392,0.01,-0.203,-0.64,0.286,-0.477,-0.453,-0.021,0.464,0.572,0.806,0.49,0.231,0.214,-0.379,0.658,0.526,-0.183,-0.583,-0.278,0.677,0.764,0.023,0.205,-0.047,-0.639,-0.005,-0.294,0.112,-0.128,0.361,0.474,0.71,0.536,-0.296,-0.388,-0.422,0.693,0.582,-0.467,-0.131,0.399,0.36,0.266,-0.0,-0.617,-0.341,0.312,-0.685,0.444,-0.122,0.419,0.191,0.292,0.282,0.351,0.426,-0.615,-0.366,0.377,-0.038,0.694,0.15,-0.163,-0.353,-0.344,0.155,0.77,0.523
ALEC,-0.581,0.117,0.48,-0.327,0.338,0.178,-0.248,-0.342,0.341,0.511,0.0,0.3,0.403,0.624,-0.032,-0.461,0.313,0.223,0.599,0.785,0.447,0.05,0.483,0.689,-0.071,0.528,0.417,-0.007,-0.184,-0.172,-0.259,0.052,-0.052,-0.571,-0.313,0.309,-0.326,0.128,-0.373,0.427,0.321,0.185,-0.031,-0.197,-0.535,-0.207,0.685,-0.138,-0.013,0.607,0.122,-0.144,0.731,0.025,-0.292,0.391,-0.268,-0.442,0.541,-0.003,0.205,0.039,-0.423,0.134,-0.359,0.061,-0.198,0.381,0.707,-0.004,-0.534,-0.174,-0.225,0.353,-0.494,0.714,-0.291,0.072,0.292,-0.439,-0.456,-0.068,-0.203,0.004,0.439,-0.143,0.277,0.693,0.141,0.314,-0.322,-0.051,0.104,0.222,0.236,-0.358,-0.225,0.126,-0.06,0.432,-0.443,0.406,-0.143,0.522,0.349,0.649,-0.248,-0.171,0.188,0.009,-0.208,0.327,0.671,0.626,-0.383,0.35,0.123,0.242,-0.322,0.675,-0.281,-0.227,-0.378,-0.255,0.142,-0.107,0.331,-0.037,-0.161,0.057,-0.434,-0.08,-0.342,-0.023,-0.288,-0.047,-0.481,-0.038,-0.39,0.046,0.027,0.552,0.704,-0.056,0.02,0.053,0.19,0.216,-0.439,-0.366,0.242,0.305,0.583,-0.374,0.189,0.317,-0.259,-0.158,-0.336,-0.031,0.239,-0.013,0.51,0.415,0.227,-0.154,-0.091,-0.04,0.419,0.373,-0.421,-0.412,0.129,0.703,0.511,-0.176,-0.31,0.106,0.582,-0.275,0.185,-0.196,0.207,-0.185,-0.008,-0.111,-0.064,0.16,-0.553,0.035,0.582,-0.239,0.328,0.174,0.324,0.026,-0.404,0.03,0.255,0.72
ALNY,-0.227,-0.171,-0.082,-0.391,0.158,-0.022,0.658,0.344,-0.365,-0.224,0.3,0.0,0.362,-0.352,-0.498,0.038,0.328,0.462,-0.061,-0.038,0.64,0.748,0.76,0.263,-0.251,-0.12,-0.278,0.416,0.707,-0.405,-0.173,-0.244,-0.201,0.099,0.55,0.516,-0.295,-0.355,0.188,-0.471,0.615,-0.489,-0.212,-0.394,-0.183,-0.045,0.397,-0.415,-0.434,-0.092,-0.344,0.415,0.384,-0.317,0.142,-0.596,0.447,-0.011,0.049,0.794,-0.367,0.018,0.22,0.176,-0.202,0.651,0.316,-0.206,0.526,0.287,-0.545,-0.746,-0.27,-0.369,0.154,0.167,0.534,-0.323,0.793,-0.141,-0.122,0.33,-0.033,-0.759,0.831,-0.31,-0.334,0.013,-0.392,0.012,0.128,0.055,0.67,0.817,-0.243,0.431,0.321,-0.447,0.095,0.274,-0.322,-0.217,-0.123,0.131,0.845,-0.002,-0.076,0.151,-0.305,-0.288,0.092,-0.358,0.094,0.209,0.01,-0.126,-0.543,0.622,0.32,0.223,-0.405,0.578,0.011,-0.224,-0.359,0.462,0.213,0.744,-0.146,-0.323,0.226,0.579,-0.339,0.386,0.245,-0.241,0.119,0.734,-0.364,-0.361,-0.686,-0.301,0.289,-0.087,0.058,0.725,-0.43,-0.408,-0.262,0.296,0.824,-0.416,0.072,-0.251,0.227,0.736,0.613,-0.093,0.062,0.064,0.862,-0.287,0.147,-0.524,-0.727,0.654,0.452,0.616,-0.322,-0.22,0.312,-0.131,-0.47,0.429,0.519,0.029,0.532,0.616,0.037,0.464,-0.301,0.04,-0.244,-0.343,-0.246,-0.329,-0.351,-0.138,0.037,0.867,0.184,-0.188,-0.363,0.419,0.673,0.115,-0.027,0.031,-0.428,0.563
ALTR,0.089,0.614,0.242,0.377,0.641,0.745,0.094,0.328,0.541,0.151,0.403,0.362,0.0,0.248,0.368,0.282,0.508,0.779,0.309,0.268,0.035,0.289,0.236,0.394,0.491,0.286,0.496,0.581,0.081,0.431,0.502,0.535,0.341,0.065,0.264,0.758,0.39,0.481,0.066,0.229,0.349,0.287,0.299,0.397,-0.016,0.505,0.317,0.424,0.499,0.144,0.525,0.231,0.455,0.186,0.454,0.125,0.32,0.339,0.789,0.016,0.481,0.617,0.42,0.374,0.411,0.019,0.531,0.545,0.216,0.691,-0.068,0.087,0.358,0.394,0.257,0.517,0.234,0.564,0.277,0.304,0.347,0.58,0.164,0.025,0.442,0.497,0.26,0.306,0.338,0.654,0.509,0.64,0.159,0.45,0.487,-0.049,0.204,0.444,0.555,0.631,0.249,0.578,0.499,0.553,0.377,0.042,0.512,0.716,0.532,0.597,0.522,0.525,0.306,0.393,0.47,0.44,0.331,0.514,-0.033,0.506,0.271,0.132,0.349,0.45,0.372,0.105,0.653,0.201,0.573,0.459,0.342,0.55,0.332,0.439,-0.087,0.509,0.265,0.458,0.184,0.526,0.192,0.255,0.654,0.491,0.674,0.641,0.333,0.457,0.288,0.371,0.155,0.422,0.452,0.142,0.687,0.432,0.183,0.578,0.502,0.567,0.439,0.367,0.129,0.286,-0.049,0.058,0.431,0.59,0.456,0.541,0.293,0.36,0.384,0.482,0.149,0.481,0.198,-0.155,0.428,0.131,0.492,0.534,0.581,0.402,0.523,0.457,0.439,0.62,0.029,0.076,0.599,0.441,0.373,0.606,-0.002,0.189,0.386,0.575,0.351,0.55
AMBA,-0.451,0.363,0.631,0.031,0.119,0.294,-0.804,-0.666,0.664,0.75,0.624,-0.352,0.248,0.0,0.513,-0.56,0.077,-0.136,0.781,0.843,-0.023,-0.559,0.016,0.593,0.219,0.631,0.753,-0.175,-0.787,0.197,-0.012,0.338,0.143,-0.687,-0.728,0.148,-0.041,0.506,-0.6,0.808,-0.12,0.628,0.134,0.136,-0.518,-0.13,0.585,0.188,0.403,0.774,0.417,-0.557,0.441,0.136,-0.384,0.863,-0.615,-0.461,0.609,-0.667,0.518,0.086,-0.553,0.042,-0.186,-0.6,-0.398,0.683,0.402,-0.217,-0.171,0.432,0.006,0.669,-0.627,0.469,-0.729,0.435,-0.323,-0.299,-0.311,-0.275,-0.322,0.612,-0.071,0.076,0.597,0.811,0.455,0.472,-0.235,-0.017,-0.567,-0.386,0.534,-0.736,-0.531,0.526,-0.121,0.145,-0.187,0.671,-0.045,0.43,-0.304,0.668,-0.192,-0.186,0.58,0.276,-0.242,0.71,0.563,0.487,-0.341,0.542,0.623,-0.184,-0.686,0.523,0.002,-0.754,-0.408,-0.037,0.481,-0.496,0.135,-0.61,0.126,0.375,-0.521,-0.406,-0.058,-0.369,-0.663,0.223,-0.612,-0.568,-0.179,0.507,0.562,0.772,0.516,0.028,0.06,-0.445,0.598,0.57,-0.224,-0.587,-0.383,0.705,0.741,-0.18,0.252,-0.232,-0.702,0.001,-0.351,0.007,-0.279,0.257,0.441,0.86,0.739,-0.496,-0.531,-0.462,0.812,0.763,-0.666,-0.291,0.526,0.436,0.189,-0.157,-0.757,-0.567,0.542,-0.739,0.454,-0.22,0.525,0.1,0.236,0.277,0.277,0.315,-0.703,-0.569,0.383,-0.132,0.69,-0.081,-0.34,-0.2,-0.372,0.069,0.736,0.398
AMCX,0.318,0.825,0.582,0.783,0.231,0.734,-0.585,-0.166,0.74,0.468,-0.032,-0.498,0.368,0.513,0.0,0.188,0.221,0.097,0.426,0.233,-0.54,-0.381,-0.416,0.116,0.748,0.379,0.804,0.204,-0.6,0.869,0.645,0.885,0.719,-0.027,-0.292,0.244,0.749,0.903,-0.165,0.675,-0.444,0.869,0.676,0.842,0.171,0.619,0.086,0.808,0.909,0.343,0.775,-0.172,-0.094,0.511,0.383,0.646,-0.282,0.337,0.648,-0.698,0.852,0.663,0.092,-0.04,0.582,-0.707,0.19,0.729,-0.221,0.275,0.354,0.836,0.718,0.763,0.065,0.07,-0.369,0.902,-0.402,0.482,0.503,0.293,0.119,0.748,-0.232,0.727,0.755,0.314,0.808,0.765,0.382,0.625,-0.617,-0.388,0.856,-0.41,-0.125,0.901,0.521,0.273,0.63,0.745,0.647,0.255,-0.367,-0.003,0.516,0.446,0.886,0.74,0.448,0.883,0.28,0.343,0.468,0.73,0.903,-0.33,-0.554,0.127,0.513,-0.525,0.345,0.709,0.856,-0.148,0.369,-0.472,0.692,0.849,0.014,-0.079,0.698,0.114,-0.478,0.837,0.15,-0.253,0.515,0.926,0.876,0.562,0.279,0.637,0.624,-0.13,0.872,0.845,0.587,-0.059,-0.465,0.848,0.504,0.536,0.487,-0.3,-0.49,0.631,0.363,0.481,-0.27,0.818,0.192,0.696,0.491,-0.36,-0.241,-0.016,0.778,0.769,0.026,0.503,0.845,0.036,-0.135,0.481,-0.301,-0.792,0.059,-0.461,0.834,0.455,0.852,0.772,0.781,0.896,0.863,0.72,-0.107,-0.642,0.094,0.569,0.814,0.275,-0.59,-0.061,0.422,0.347,0.862,0.072
AMKR,0.896,0.444,-0.227,0.714,0.408,0.473,0.554,0.83,-0.054,-0.393,-0.461,0.038,0.282,-0.56,0.188,0.0,0.373,0.516,-0.585,-0.614,-0.407,0.529,-0.366,-0.567,0.555,-0.316,-0.144,0.455,0.495,0.562,0.691,0.412,0.543,0.838,0.681,0.098,0.756,0.279,0.783,-0.263,-0.071,0.061,0.516,0.64,0.856,0.824,-0.577,0.624,0.391,-0.676,0.305,0.709,-0.376,0.491,0.912,-0.41,0.584,0.959,0.005,0.31,0.271,0.673,0.821,0.037,0.855,0.298,0.776,-0.201,-0.595,0.772,0.584,0.248,0.717,-0.027,0.916,-0.157,0.671,0.38,0.163,0.795,0.876,0.621,0.65,-0.055,0.004,0.672,0.015,-0.668,0.241,0.131,0.6,0.729,0.332,0.227,0.195,0.635,0.692,0.303,0.771,0.397,0.817,-0.096,0.785,-0.018,0.235,-0.789,0.847,0.76,0.103,0.42,0.801,-0.007,-0.213,-0.213,0.887,0.019,0.122,0.067,0.341,-0.303,0.52,0.643,0.935,0.753,0.251,0.523,0.484,0.424,0.476,0.384,0.728,0.507,0.791,0.755,0.571,0.549,0.967,0.625,0.828,0.211,0.145,-0.343,-0.114,0.718,0.653,0.562,0.11,0.199,0.827,0.73,0.069,0.008,-0.417,0.715,0.329,0.227,0.497,0.732,0.9,0.618,0.236,0.463,-0.311,-0.313,-0.39,0.212,0.668,0.672,-0.274,-0.194,0.925,0.886,0.203,-0.415,-0.262,0.833,0.757,0.147,-0.303,0.617,0.321,0.873,0.155,0.694,0.594,0.443,0.522,0.424,0.878,0.132,-0.1,0.832,-0.018,0.547,0.073,0.432,0.924,0.358,-0.095,-0.25
AMRX,0.147,0.651,0.515,0.316,0.426,0.497,0.169,0.224,0.244,0.368,0.313,0.328,0.508,0.077,0.221,0.373,0.0,0.495,0.142,0.191,-0.057,0.536,0.13,0.114,0.505,0.223,0.346,0.273,0.101,0.295,0.406,0.442,0.514,0.091,0.113,0.206,0.383,0.514,0.459,0.249,0.029,0.398,0.534,0.382,0.232,0.555,0.272,0.383,0.366,0.147,0.333,0.198,0.193,0.567,0.442,0.07,0.025,0.381,0.428,0.232,0.491,0.647,0.172,0.046,0.35,0.174,0.505,0.24,0.197,0.636,-0.033,0.152,0.549,0.45,0.25,0.247,0.108,0.493,0.503,0.077,0.269,0.492,0.293,-0.095,0.534,0.354,0.511,0.09,0.463,0.408,0.144,0.654,0.095,0.18,0.532,0.159,0.386,0.409,0.489,0.675,0.291,0.253,0.516,0.207,0.468,-0.141,0.46,0.425,0.204,0.3,0.336,0.326,0.634,0.459,0.365,0.473,0.348,0.068,-0.294,0.165,-0.15,0.288,0.441,0.369,0.501,0.336,0.536,0.419,0.151,0.508,0.052,0.199,0.38,0.603,0.051,0.528,0.274,0.385,0.361,0.283,0.22,0.33,0.53,0.707,0.66,0.405,0.446,0.446,0.219,0.03,0.317,0.394,0.388,0.387,0.362,0.452,0.027,0.397,0.331,0.531,0.462,0.531,0.306,0.072,-0.266,0.223,0.349,0.326,0.192,0.211,0.361,0.405,0.28,0.362,0.42,0.592,0.252,0.159,0.101,0.01,0.515,0.599,0.336,0.49,0.541,0.337,0.522,0.658,0.065,0.182,0.312,0.401,0.471,0.775,0.361,-0.033,0.32,0.28,0.318,0.508
ANSS,0.297,0.413,-0.054,0.346,0.801,0.592,0.509,0.714,0.371,-0.09,0.223,0.462,0.779,-0.136,0.097,0.516,0.495,0.0,-0.149,-0.085,-0.082,0.538,0.128,0.013,0.355,0.12,0.075,0.723,0.421,0.283,0.512,0.327,0.2,0.382,0.578,0.514,0.351,0.239,0.379,-0.105,0.399,-0.04,0.143,0.328,0.335,0.532,-0.014,0.347,0.335,-0.315,0.473,0.48,0.486,0.287,0.586,-0.263,0.692,0.561,0.483,0.314,0.21,0.511,0.657,0.475,0.522,0.384,0.772,0.224,-0.015,0.847,0.097,-0.127,0.377,0.124,0.542,0.42,0.597,0.365,0.421,0.367,0.433,0.562,0.394,-0.245,0.468,0.431,-0.066,-0.072,0.195,0.383,0.641,0.564,0.457,0.643,0.175,0.356,0.566,0.185,0.569,0.569,0.311,0.234,0.482,0.403,0.456,-0.33,0.595,0.805,0.2,0.595,0.51,0.183,0.024,0.088,0.6,0.07,0.004,0.692,0.361,0.15,0.282,0.536,0.52,0.476,0.083,0.149,0.564,0.545,0.379,0.226,0.56,0.671,0.342,0.657,0.275,0.372,0.53,0.722,0.359,0.21,0.012,0.024,0.599,0.495,0.608,0.84,0.037,0.13,0.355,0.674,0.226,0.05,0.016,0.241,0.583,0.527,0.532,0.546,0.658,0.522,0.477,0.181,-0.265,-0.035,-0.292,0.227,0.826,0.756,0.11,0.098,0.531,0.494,0.188,0.313,-0.076,0.579,0.469,0.27,0.419,0.499,0.27,0.596,0.294,0.369,0.425,0.239,0.297,0.501,0.406,0.267,0.622,0.568,0.022,0.636,0.13,0.251,0.503,0.744,0.048,0.3
APPN,-0.575,0.317,0.727,-0.068,0.0,0.24,-0.686,-0.673,0.536,0.706,0.599,-0.061,0.309,0.781,0.426,-0.585,0.142,-0.149,0.0,0.766,0.193,-0.416,0.277,0.719,0.151,0.488,0.739,-0.074,-0.633,0.115,-0.122,0.306,0.15,-0.662,-0.624,0.392,-0.097,0.421,-0.585,0.691,0.046,0.548,0.143,0.033,-0.673,-0.149,0.707,0.055,0.282,0.871,0.264,-0.511,0.341,0.042,-0.354,0.736,-0.595,-0.488,0.64,-0.477,0.46,0.099,-0.516,0.036,-0.284,-0.53,-0.388,0.681,0.559,-0.22,-0.318,0.278,-0.101,0.569,-0.614,0.425,-0.652,0.357,-0.103,-0.341,-0.35,-0.045,-0.379,0.454,0.087,-0.027,0.606,0.793,0.366,0.494,-0.225,0.019,-0.481,-0.218,0.512,-0.672,-0.539,0.416,-0.086,0.121,-0.28,0.695,-0.046,0.452,-0.135,0.765,-0.277,-0.206,0.556,0.164,-0.141,0.669,0.635,0.641,-0.341,0.625,0.526,-0.109,-0.671,0.614,-0.141,-0.664,-0.436,-0.143,0.437,-0.231,0.141,-0.465,0.213,0.333,-0.53,-0.223,-0.168,-0.353,-0.705,0.162,-0.615,-0.455,-0.325,0.446,0.381,0.73,0.463,-0.03,0.072,-0.282,0.529,0.501,-0.289,-0.586,-0.093,0.66,0.869,-0.167,0.178,-0.118,-0.607,-0.026,-0.382,0.08,-0.009,0.232,0.654,0.75,0.541,-0.317,-0.539,-0.327,0.752,0.768,-0.596,-0.392,0.39,0.517,0.368,-0.222,-0.611,-0.519,0.334,-0.66,0.368,-0.259,0.459,-0.013,0.13,0.274,0.186,0.285,-0.791,-0.344,0.34,-0.217,0.61,0.036,-0.142,-0.182,-0.419,-0.014,0.66,0.614
APTO,-0.63,0.215,0.574,-0.255,0.098,0.226,-0.566,-0.616,0.437,0.667,0.785,-0.038,0.268,0.843,0.233,-0.614,0.191,-0.085,0.766,0.0,0.324,-0.267,0.35,0.759,-0.041,0.623,0.61,-0.178,-0.543,-0.053,-0.188,0.169,0.032,-0.783,-0.637,0.237,-0.257,0.283,-0.57,0.654,0.156,0.439,0.047,-0.089,-0.619,-0.265,0.761,-0.058,0.091,0.801,0.201,-0.408,0.544,-0.052,-0.439,0.67,-0.529,-0.586,0.558,-0.352,0.357,0.004,-0.56,0.031,-0.379,-0.302,-0.452,0.552,0.665,-0.253,-0.422,0.117,-0.171,0.484,-0.689,0.57,-0.612,0.182,-0.019,-0.432,-0.508,-0.174,-0.425,0.332,0.264,-0.113,0.439,0.852,0.208,0.371,-0.403,-0.103,-0.307,-0.078,0.399,-0.623,-0.491,0.293,-0.162,0.201,-0.413,0.492,-0.203,0.362,0.004,0.785,-0.324,-0.294,0.388,0.001,-0.291,0.525,0.64,0.587,-0.447,0.484,0.362,-0.023,-0.567,0.619,-0.203,-0.563,-0.509,-0.233,0.323,-0.321,0.241,-0.388,-0.064,0.161,-0.552,-0.269,-0.292,-0.289,-0.533,0.057,-0.65,-0.384,-0.403,0.259,0.274,0.695,0.571,-0.103,-0.04,-0.275,0.406,0.376,-0.443,-0.581,-0.04,0.519,0.718,-0.387,0.16,0.09,-0.54,-0.177,-0.481,-0.136,-0.045,0.121,0.565,0.627,0.52,-0.28,-0.437,-0.32,0.65,0.568,-0.611,-0.416,0.33,0.669,0.453,-0.264,-0.584,-0.281,0.482,-0.579,0.301,-0.291,0.389,-0.12,0.038,0.044,0.068,0.135,-0.754,-0.219,0.379,-0.307,0.545,-0.047,-0.008,-0.114,-0.474,-0.088,0.499,0.595
ARCT,-0.513,-0.429,-0.088,-0.662,-0.192,-0.277,0.224,-0.157,-0.484,-0.108,0.447,0.64,0.035,-0.023,-0.54,-0.407,-0.057,-0.082,0.193,0.324,0.0,0.328,0.748,0.461,-0.586,-0.092,-0.217,-0.12,0.41,-0.595,-0.521,-0.441,-0.413,-0.335,0.109,0.326,-0.609,-0.525,-0.238,-0.3,0.548,-0.453,-0.394,-0.607,-0.511,-0.452,0.489,-0.655,-0.632,0.219,-0.573,0.17,0.253,-0.585,-0.314,-0.25,0.003,-0.468,-0.03,0.534,-0.442,-0.305,-0.235,-0.137,-0.582,0.474,-0.279,-0.249,0.613,-0.309,-0.687,-0.716,-0.626,-0.34,-0.293,0.269,0.111,-0.55,0.44,-0.362,-0.498,0.036,-0.325,-0.502,0.521,-0.524,-0.324,0.271,-0.512,-0.147,-0.381,-0.367,0.459,0.469,-0.364,0.1,-0.219,-0.507,-0.261,-0.018,-0.593,-0.204,-0.458,0.051,0.534,0.478,-0.488,-0.401,-0.337,-0.622,-0.266,-0.35,0.177,0.247,-0.461,-0.158,-0.529,0.26,0.094,0.405,-0.434,0.142,-0.461,-0.546,-0.439,0.24,0.025,0.25,-0.381,-0.483,-0.151,0.2,-0.645,-0.052,0.086,-0.538,-0.318,0.233,-0.709,-0.464,-0.661,-0.184,0.101,-0.501,-0.41,0.195,-0.477,-0.344,-0.585,-0.193,0.673,-0.336,0.123,-0.561,-0.061,0.44,0.207,-0.476,-0.421,-0.2,0.498,-0.466,0.383,-0.326,-0.342,0.259,-0.086,0.169,-0.259,-0.175,-0.159,-0.562,-0.503,0.381,0.596,-0.448,0.154,0.407,0.039,0.156,-0.434,-0.396,-0.323,-0.666,-0.477,-0.516,-0.609,-0.505,-0.303,0.585,-0.034,-0.561,-0.332,-0.092,0.63,0.224,-0.388,-0.46,-0.45,0.487
ARWR,0.239,0.07,-0.115,-0.02,0.266,0.146,0.821,0.648,-0.399,-0.278,0.05,0.748,0.289,-0.559,-0.381,0.529,0.536,0.538,-0.416,-0.267,0.328,0.0,0.39,-0.132,-0.029,-0.231,-0.331,0.42,0.797,-0.121,0.142,-0.067,0.139,0.394,0.675,0.252,0.071,-0.19,0.596,-0.487,0.456,-0.331,0.103,-0.026,0.37,0.351,0.054,-0.069,-0.225,-0.398,-0.196,0.703,0.08,0.112,0.516,-0.7,0.557,0.427,-0.082,0.873,-0.136,0.305,0.477,-0.002,0.2,0.739,0.54,-0.387,0.161,0.54,-0.151,-0.476,0.155,-0.342,0.503,0.043,0.708,-0.148,0.744,0.174,0.258,0.543,0.351,-0.627,0.71,0.053,-0.23,-0.355,-0.177,-0.032,0.194,0.36,0.7,0.707,-0.109,0.73,0.625,-0.221,0.395,0.451,0.11,-0.38,0.23,-0.087,0.815,-0.399,0.314,0.37,-0.318,-0.144,0.389,-0.358,0.1,0.079,0.345,-0.117,-0.379,0.386,0.354,-0.042,-0.206,0.836,0.417,0.131,-0.15,0.672,0.435,0.816,-0.048,-0.089,0.445,0.581,0.081,0.722,0.542,0.056,0.549,0.862,0.143,-0.311,-0.452,-0.35,0.149,0.299,0.324,0.745,-0.274,-0.256,0.121,0.469,0.724,-0.354,-0.191,0.12,0.273,0.801,0.688,0.18,0.384,0.299,0.75,0.02,0.029,-0.633,-0.758,0.634,0.677,0.743,-0.476,-0.419,0.7,0.343,-0.326,0.126,0.408,0.427,0.828,0.694,-0.197,0.646,-0.101,0.424,-0.213,0.048,0.088,-0.141,-0.037,0.059,0.484,0.811,0.054,0.219,-0.285,0.589,0.738,0.323,0.383,0.085,-0.447,0.297
ASND,-0.554,-0.243,0.075,-0.564,-0.033,-0.145,0.259,-0.105,-0.248,0.086,0.483,0.76,0.236,0.016,-0.416,-0.366,0.13,0.128,0.277,0.35,0.748,0.39,0.0,0.539,-0.378,0.039,-0.053,0.129,0.303,-0.443,-0.381,-0.286,-0.302,-0.347,0.112,0.481,-0.472,-0.345,-0.202,-0.186,0.561,-0.315,-0.305,-0.525,-0.6,-0.354,0.634,-0.527,-0.484,0.3,-0.424,0.064,0.351,-0.523,-0.22,-0.204,0.065,-0.411,0.098,0.455,-0.349,-0.202,-0.165,0.127,-0.525,0.3,-0.147,-0.022,0.658,-0.059,-0.636,-0.579,-0.514,-0.251,-0.254,0.207,0.119,-0.371,0.525,-0.388,-0.441,0.079,-0.419,-0.517,0.681,-0.463,-0.211,0.369,-0.458,-0.013,-0.132,-0.163,0.355,0.558,-0.19,0.004,-0.152,-0.386,-0.208,0.101,-0.574,-0.051,-0.353,0.166,0.544,0.373,-0.375,-0.146,-0.135,-0.408,-0.163,-0.176,0.176,0.305,-0.36,0.005,-0.378,0.405,0.02,0.415,-0.498,0.164,-0.376,-0.46,-0.3,0.217,0.128,0.33,-0.207,-0.415,-0.084,0.292,-0.542,-0.034,-0.075,-0.371,-0.296,0.325,-0.637,-0.253,-0.574,-0.064,0.174,-0.329,-0.181,0.325,-0.323,-0.342,-0.492,-0.026,0.627,-0.245,0.345,-0.519,0.131,0.506,0.276,-0.287,-0.313,-0.203,0.556,-0.359,0.353,-0.233,-0.295,0.368,0.062,0.269,-0.071,-0.017,-0.092,-0.453,-0.453,0.506,0.608,-0.271,0.124,0.334,0.066,0.088,-0.297,-0.278,-0.179,-0.51,-0.358,-0.349,-0.429,-0.318,-0.377,0.662,0.133,-0.495,-0.203,0.116,0.481,0.008,-0.36,-0.166,-0.259,0.65
ASTH,-0.582,0.132,0.436,-0.323,0.132,0.235,-0.411,-0.516,0.294,0.348,0.689,0.263,0.394,0.593,0.116,-0.567,0.114,0.013,0.719,0.759,0.461,-0.132,0.539,0.0,-0.067,0.519,0.575,-0.094,-0.293,-0.058,-0.313,0.205,0.047,-0.659,-0.422,0.503,-0.254,0.188,-0.649,0.464,0.214,0.285,0.08,-0.163,-0.707,-0.222,0.736,-0.131,-0.021,0.793,0.138,-0.242,0.504,-0.305,-0.317,0.431,-0.431,-0.538,0.613,-0.192,0.209,0.034,-0.438,-0.13,-0.445,-0.216,-0.385,0.556,0.763,-0.192,-0.706,-0.124,-0.258,0.34,-0.581,0.593,-0.46,0.061,0.216,-0.306,-0.413,-0.036,-0.384,0.089,0.327,-0.084,0.288,0.863,0.084,0.496,-0.341,-0.064,-0.008,0.174,0.348,-0.639,-0.547,0.166,-0.054,0.302,-0.401,0.543,-0.195,0.478,0.254,0.799,-0.264,-0.177,0.398,-0.089,-0.129,0.447,0.533,0.754,-0.383,0.512,0.195,0.104,-0.41,0.693,-0.23,-0.484,-0.433,-0.208,0.24,-0.031,0.267,-0.268,-0.057,0.121,-0.546,-0.133,-0.368,-0.117,-0.496,0.047,-0.573,-0.132,-0.575,0.244,0.006,0.508,0.456,-0.146,0.024,-0.027,0.258,0.248,-0.379,-0.352,0.324,0.376,0.648,-0.492,0.1,0.158,-0.382,-0.168,-0.431,-0.194,0.116,0.088,0.646,0.403,0.243,-0.134,-0.395,-0.046,0.544,0.504,-0.518,-0.433,0.21,0.73,0.61,-0.282,-0.37,-0.274,0.296,-0.462,0.266,-0.213,0.393,-0.216,-0.069,0.073,-0.007,0.026,-0.735,-0.037,0.297,-0.378,0.413,0.054,0.142,0.038,-0.368,-0.207,0.269,0.644
ATSG,0.583,0.852,0.419,0.846,0.436,0.718,-0.19,0.225,0.552,0.263,-0.071,-0.251,0.491,0.219,0.748,0.555,0.505,0.355,0.151,-0.041,-0.586,-0.029,-0.378,-0.067,0.0,0.206,0.579,0.365,-0.241,0.858,0.743,0.822,0.759,0.352,0.059,0.273,0.867,0.843,0.307,0.437,-0.352,0.683,0.74,0.853,0.391,0.804,-0.102,0.868,0.859,0.019,0.704,0.103,-0.117,0.682,0.659,0.338,-0.015,0.625,0.558,-0.365,0.768,0.821,0.366,0.096,0.755,-0.396,0.53,0.486,-0.322,0.637,0.488,0.726,0.827,0.632,0.452,0.047,-0.006,0.872,-0.112,0.592,0.742,0.428,0.388,0.467,-0.117,0.769,0.657,-0.007,0.723,0.615,0.526,0.839,-0.296,-0.179,0.758,-0.096,0.212,0.813,0.702,0.494,0.783,0.587,0.855,0.382,-0.066,-0.312,0.759,0.682,0.692,0.739,0.657,0.686,0.265,0.251,0.666,0.594,0.754,-0.159,-0.316,0.046,0.473,-0.076,0.686,0.796,0.767,0.147,0.491,-0.066,0.691,0.827,0.258,0.139,0.848,0.422,-0.132,0.854,0.47,0.116,0.723,0.767,0.686,0.337,0.232,0.851,0.814,0.175,0.726,0.768,0.777,0.231,-0.279,0.668,0.299,0.721,0.561,-0.149,-0.158,0.838,0.662,0.686,0.008,0.782,0.079,0.429,0.164,-0.173,0.163,0.245,0.492,0.54,0.386,0.699,0.708,-0.07,-0.143,0.798,0.075,-0.479,0.06,-0.141,0.777,0.771,0.678,0.887,0.842,0.84,0.889,0.824,0.219,-0.412,0.144,0.738,0.66,0.612,-0.319,0.072,0.65,0.449,0.648,0.105
AVTX,-0.295,0.368,0.563,-0.008,0.229,0.408,-0.442,-0.417,0.627,0.581,0.528,-0.12,0.286,0.631,0.379,-0.316,0.223,0.12,0.488,0.623,-0.092,-0.231,0.039,0.519,0.206,0.0,0.646,-0.023,-0.519,0.211,0.095,0.389,0.219,-0.531,-0.54,0.073,0.02,0.461,-0.436,0.682,-0.059,0.538,0.257,0.196,-0.225,0.018,0.492,0.218,0.307,0.604,0.492,-0.344,0.555,0.221,-0.174,0.529,-0.384,-0.265,0.524,-0.431,0.445,0.144,-0.384,0.029,-0.119,-0.328,-0.094,0.624,0.461,0.016,-0.203,0.269,0.158,0.531,-0.465,0.428,-0.514,0.363,0.05,-0.202,-0.185,-0.046,-0.149,0.292,0.198,0.168,0.432,0.669,0.399,0.507,-0.148,0.085,-0.315,-0.039,0.519,-0.545,-0.191,0.43,0.01,0.396,-0.08,0.546,-0.012,0.283,0.027,0.4,0.006,0.012,0.439,0.313,-0.163,0.573,0.563,0.59,-0.14,0.56,0.463,0.001,-0.348,0.43,0.015,-0.463,-0.142,0.092,0.463,-0.245,0.237,-0.294,-0.003,0.355,-0.47,-0.349,-0.036,-0.05,-0.506,0.336,-0.393,-0.269,-0.091,0.406,0.439,0.702,0.577,0.194,0.209,-0.172,0.524,0.416,-0.087,-0.26,-0.151,0.562,0.506,-0.169,0.142,0.066,-0.52,-0.013,-0.237,-0.133,-0.208,0.33,0.299,0.533,0.388,-0.192,-0.237,-0.226,0.677,0.422,-0.401,-0.01,0.493,0.53,0.257,0.035,-0.515,-0.222,0.457,-0.555,0.474,-0.046,0.587,0.16,0.184,0.22,0.335,0.344,-0.502,-0.316,0.498,-0.019,0.613,0.09,-0.14,-0.279,-0.172,0.214,0.542,0.389
BCPC,-0.094,0.766,0.775,0.428,0.22,0.672,-0.705,-0.451,0.766,0.689,0.417,-0.278,0.496,0.753,0.804,-0.144,0.346,0.075,0.739,0.61,-0.217,-0.331,-0.053,0.575,0.579,0.646,0.0,0.033,-0.689,0.642,0.336,0.781,0.627,-0.434,-0.549,0.357,0.433,0.838,-0.425,0.885,-0.254,0.899,0.611,0.557,-0.233,0.356,0.48,0.586,0.706,0.748,0.679,-0.311,0.204,0.358,0.101,0.801,-0.537,-0.037,0.806,-0.646,0.824,0.555,-0.264,-0.085,0.181,-0.68,-0.058,0.844,0.269,0.164,-0.064,0.649,0.445,0.816,-0.309,0.371,-0.602,0.762,-0.157,0.099,0.135,0.186,-0.137,0.648,0.011,0.525,0.835,0.702,0.722,0.828,0.001,0.484,-0.521,-0.284,0.896,-0.667,-0.387,0.843,0.339,0.497,0.254,0.868,0.416,0.443,-0.143,0.41,0.25,0.221,0.875,0.532,0.244,0.945,0.665,0.724,0.109,0.905,0.879,-0.27,-0.717,0.536,0.193,-0.639,0.06,0.399,0.851,-0.109,0.462,-0.536,0.465,0.776,-0.364,-0.239,0.349,0.026,-0.64,0.69,-0.224,-0.318,0.131,0.843,0.736,0.804,0.482,0.488,0.535,-0.197,0.887,0.844,0.224,-0.307,-0.217,0.921,0.794,0.159,0.389,-0.108,-0.668,0.379,0.016,0.28,-0.176,0.711,0.579,0.797,0.552,-0.395,-0.387,-0.109,0.91,0.85,-0.285,0.181,0.738,0.398,0.278,0.242,-0.474,-0.711,0.197,-0.667,0.827,0.252,0.847,0.514,0.6,0.721,0.699,0.638,-0.499,-0.534,0.329,0.238,0.932,0.304,-0.319,-0.077,0.081,0.169,0.861,0.459
BEAM,0.306,0.332,0.003,0.397,0.534,0.517,0.454,0.637,0.259,-0.14,-0.007,0.416,0.581,-0.175,0.204,0.455,0.273,0.723,-0.074,-0.178,-0.12,0.42,0.129,-0.094,0.365,-0.023,0.033,0.0,0.367,0.292,0.468,0.309,0.204,0.447,0.561,0.516,0.396,0.233,0.374,-0.187,0.354,-0.034,0.11,0.325,0.296,0.505,0.04,0.322,0.333,-0.347,0.383,0.473,0.291,0.224,0.558,-0.294,0.681,0.509,0.341,0.276,0.23,0.434,0.629,0.49,0.548,0.251,0.684,0.144,-0.038,0.664,0.195,-0.038,0.346,-0.027,0.552,0.141,0.627,0.357,0.306,0.43,0.497,0.61,0.306,-0.067,0.431,0.348,-0.059,-0.192,0.17,0.318,0.777,0.47,0.241,0.614,0.167,0.404,0.556,0.157,0.541,0.252,0.341,0.146,0.449,0.35,0.328,-0.344,0.512,0.714,0.25,0.554,0.554,0.168,-0.171,-0.038,0.59,0.036,0.017,0.599,0.348,-0.064,0.367,0.432,0.454,0.461,0.084,0.216,0.446,0.469,0.549,0.193,0.637,0.747,0.388,0.45,0.255,0.356,0.535,0.64,0.397,0.203,0.042,-0.058,0.392,0.398,0.469,0.722,0.054,0.076,0.404,0.641,0.103,0.035,0.051,0.312,0.631,0.434,0.584,0.625,0.671,0.549,0.541,0.181,-0.248,-0.037,-0.27,0.346,0.681,0.704,0.132,0.219,0.54,0.475,0.222,0.106,-0.128,0.541,0.477,0.108,0.259,0.472,0.2,0.46,0.224,0.37,0.437,0.284,0.299,0.41,0.412,0.259,0.399,0.511,-0.036,0.496,-0.016,0.178,0.496,0.708,0.1,0.236
BILI,0.311,-0.312,-0.566,-0.145,0.172,-0.107,0.931,0.754,-0.647,-0.698,-0.184,0.707,0.081,-0.787,-0.6,0.495,0.101,0.421,-0.633,-0.543,0.41,0.797,0.303,-0.293,-0.241,-0.519,-0.689,0.367,0.0,-0.297,-0.024,-0.333,-0.181,0.607,0.882,0.215,-0.071,-0.517,0.574,-0.816,0.482,-0.703,-0.185,-0.222,0.362,0.142,-0.27,-0.266,-0.449,-0.682,-0.407,0.781,-0.054,-0.219,0.426,-0.888,0.75,0.403,-0.336,0.913,-0.495,0.039,0.588,0.053,0.143,0.868,0.481,-0.637,-0.064,0.356,-0.084,-0.681,-0.102,-0.608,0.613,-0.057,0.881,-0.431,0.58,0.276,0.231,0.374,0.343,-0.75,0.429,-0.111,-0.613,-0.582,-0.487,-0.302,0.269,0.069,0.854,0.735,-0.506,0.827,0.596,-0.533,0.26,0.119,0.044,-0.567,0.06,-0.095,0.697,-0.45,0.184,0.255,-0.533,-0.289,0.305,-0.657,-0.354,-0.265,0.309,-0.496,-0.704,0.484,0.697,-0.164,-0.016,0.885,0.35,0.017,-0.519,0.589,0.166,0.811,-0.122,-0.402,0.593,0.65,-0.054,0.56,0.732,-0.261,0.588,0.849,0.031,-0.536,-0.709,-0.716,-0.127,-0.02,-0.004,0.748,-0.662,-0.535,0.093,0.613,0.677,-0.678,-0.56,0.036,0.044,0.56,0.862,0.057,0.39,0.146,0.655,-0.316,-0.259,-0.824,-0.84,0.573,0.684,0.727,-0.756,-0.622,0.691,0.185,-0.514,-0.125,0.102,0.206,0.884,0.752,-0.212,0.877,-0.424,0.257,-0.46,-0.187,-0.187,-0.35,-0.349,-0.282,0.643,0.787,-0.133,0.122,-0.665,0.268,0.615,0.449,0.366,-0.013,-0.763,-0.011
BJRI,0.655,0.845,0.354,0.921,0.387,0.789,-0.279,0.179,0.586,0.202,-0.172,-0.405,0.431,0.197,0.869,0.562,0.295,0.283,0.115,-0.053,-0.595,-0.121,-0.443,-0.058,0.858,0.211,0.642,0.292,-0.297,0.0,0.764,0.929,0.837,0.306,0.019,0.264,0.942,0.851,0.131,0.481,-0.422,0.752,0.807,0.959,0.452,0.835,-0.198,0.952,0.893,0.038,0.768,0.168,-0.243,0.576,0.704,0.389,-0.033,0.656,0.559,-0.486,0.805,0.829,0.388,-0.06,0.789,-0.491,0.423,0.551,-0.427,0.55,0.497,0.802,0.87,0.627,0.422,0.053,-0.051,0.873,-0.263,0.754,0.783,0.479,0.363,0.593,-0.241,0.916,0.624,0.029,0.75,0.705,0.509,0.82,-0.33,-0.219,0.795,-0.155,0.093,0.884,0.76,0.462,0.868,0.635,0.869,0.28,-0.185,-0.289,0.794,0.68,0.815,0.761,0.724,0.752,0.15,0.262,0.725,0.653,0.808,-0.268,-0.314,0.048,0.655,-0.199,0.684,0.903,0.825,0.136,0.535,-0.265,0.759,0.849,0.258,0.098,0.896,0.411,-0.152,0.919,0.509,0.04,0.732,0.869,0.769,0.333,0.128,0.814,0.787,0.112,0.763,0.794,0.864,0.284,-0.322,0.713,0.229,0.7,0.488,-0.193,-0.229,0.835,0.652,0.596,-0.185,0.87,0.078,0.451,0.286,-0.297,0.054,0.276,0.547,0.551,0.381,0.76,0.782,-0.14,-0.197,0.737,0.057,-0.62,-0.109,-0.146,0.856,0.756,0.793,0.918,0.879,0.947,0.931,0.731,0.253,-0.511,0.032,0.794,0.677,0.446,-0.444,0.204,0.741,0.369,0.636,-0.029
BLUE,0.681,0.766,0.146,0.843,0.417,0.722,0.092,0.468,0.449,0.1,-0.259,-0.173,0.502,-0.012,0.645,0.691,0.406,0.512,-0.122,-0.188,-0.521,0.142,-0.381,-0.313,0.743,0.095,0.336,0.468,-0.024,0.764,0.0,0.696,0.625,0.473,0.318,0.279,0.814,0.665,0.343,0.18,-0.174,0.452,0.551,0.812,0.586,0.811,-0.233,0.762,0.737,-0.264,0.632,0.21,-0.166,0.551,0.73,0.079,0.313,0.754,0.421,-0.184,0.554,0.729,0.633,0.223,0.84,-0.202,0.719,0.347,-0.468,0.699,0.639,0.58,0.822,0.41,0.617,-0.109,0.233,0.745,-0.131,0.684,0.781,0.528,0.389,0.261,0.019,0.722,0.34,-0.174,0.515,0.483,0.717,0.816,-0.174,-0.029,0.551,0.193,0.459,0.632,0.664,0.365,0.794,0.369,0.774,0.089,-0.078,-0.569,0.79,0.818,0.513,0.732,0.633,0.447,0.002,-0.048,0.812,0.305,0.534,0.035,-0.05,-0.09,0.531,0.159,0.759,0.799,0.552,0.016,0.429,0.09,0.668,0.646,0.579,0.376,0.833,0.484,-0.028,0.76,0.633,0.286,0.741,0.678,0.517,0.083,0.198,0.771,0.759,0.36,0.501,0.591,0.764,0.457,-0.3,0.463,0.098,0.673,0.623,0.058,0.096,0.765,0.778,0.68,0.066,0.626,-0.243,0.198,-0.011,0.029,0.375,0.414,0.306,0.306,0.578,0.843,0.537,-0.099,-0.316,0.782,0.236,-0.311,0.019,0.097,0.582,0.771,0.588,0.811,0.758,0.728,0.757,0.702,0.431,-0.186,0.092,0.798,0.41,0.554,-0.381,0.061,0.751,0.612,0.482,-0.092
