,AAL,AAON,ACB,ACGL,ACGLO,ACIW,ADBE,ADSK,AEP,AGIO,ALEC,ALNY,ALTR,AMBA,AMCX,AMKR,AMRX,ANSS,APPN,APTO,ARCT,ARWR,ASND,ASTH,ATSG,AVTX,BCPC,BEAM,BILI,BJRI,BLUE,BPOP,BRKL,BWIN,BZUN,CARG,CBRL,CBSH,CBUS,CENTA,CERS,CFFN,CHCO,CHEF,CHRD,CINF,CLLS,CMCO,CMCSA,COLL,COMM,COOP,CPB,CRON,CROX,CRUS,CRWD,CTAS,CYBR,CYTK,DGII,DIOD,DOMO,DPZ,DSGR,DXCM,ERIE,ESTA,EXEL,FAST,FCEL,FCFS,FHB,FITBI,FSV,FTDR,FUTU,GLDD,GLPG,GLPI,GOGO,GOSS,GSAT,GYRE,HALO,HAS,HLIT,HLNE,HSDT,HSIC,HTHT,ICHR,IDYA,IMVT,INDB,INSM,IONS,IOSP,ITRI,JBHT,JBLU,JSM,KLIC,KOD,KURA,LAB,LASR,LIN,LKQ,LNT,MBUU,MCRI,MDGL,MEDP,MGNI,MGPI,MGRC,MKTX,MRNA,MRTN,MSEX,MSFT,MU,NAVI,NBTB,NEO,NEOG,NGNE,NSSC,NTAP,NTES,NTLA,NTRS,NYMTN,OBLG,OCFC,ON,ONC,OPI,OSIS,OSW,PALI,PANW,PCAR,PCRX,PCTY,PEBO,PLAB,PLAY,PLMR,PLSE,PLUS,PRTA,PSEC,PSNL,PTCT,PTON,QNST,QRVO,QTTB,RARE,RBCAA,RGNX,SAIC,SGMO,SINT,SNPS,SPSC,SPTN,SSYS,STNE,TBBK,TCPC,TENB,TGTX,TREE,TRUP,TTWO,TW,TXG,UBSI,UCTT,UFPT,UMBF,UPBD,URBN,VBTX,VCTR,VEON,VNET,VRSK,VSEC,WABC,WTFCM,WVE,WW,WWD,XEL,ZD,ZYME
AAL,0.0,0.199,-0.245,0.805,0.331,0.832,0.104,-0.468,-0.215,-0.632,-0.439,-0.681,-0.032,0.27,0.299,-0.192,0.011,0.058,0.015,-0.294,-0.185,-0.565,0.277,0.733,0.845,0.039,0.743,0.708,-0.257,0.716,0.081,0.196,0.788,0.788,0.192,0.268,0.768,0.792,0.843,0.758,0.002,0.593,0.824,0.903,0.569,0.268,0.457,0.872,-0.073,0.869,0.692,0.558,0.458,-0.721,0.556,-0.499,-0.553,0.499,-0.794,-0.344,0.741,0.098,-0.465,0.248,0.836,-0.247,0.544,0.614,-0.735,0.375,0.512,0.122,0.451,-0.631,0.039,0.41,0.357,0.884,-0.352,0.752,0.661,0.249,0.254,-0.009,0.545,0.588,0.524,-0.186,-0.285,-0.246,0.78,-0.318,-0.071,0.799,0.751,0.814,-0.675,0.624,-0.521,0.767,0.901,0.397,0.189,0.438,0.904,0.554,0.625,0.224,0.825,0.286,-0.404,0.804,-0.29,0.251,0.85,-0.385,0.598,-0.605,-0.428,0.527,0.549,0.143,-0.7,0.608,0.791,0.562,0.601,0.585,0.22,-0.072,0.136,0.31,0.82,0.584,-0.341,0.731,0.585,-0.248,0.429,0.841,0.607,-0.411,0.402,0.497,0.898,-0.343,0.84,-0.064,0.835,0.643,-0.285,0.584,0.022,0.555,0.633,0.095,0.072,0.78,0.344,-0.63,0.431,0.793,-0.291,0.547,0.72,0.293,-0.433,0.667,-0.075,-0.017,0.396,0.795,0.519,0.003,-0.382,-0.719,0.776,0.444,-0.665,-0.033,0.664,0.133,-0.321,0.78,0.717,0.794,0.787,0.147,-0.651,0.228,0.357,0.741,0.596,-0.189,0.031,-0.686,0.736,0.557,0.804,-0.08
AAON,0.199,0.0,-0.464,0.499,0.542,0.269,0.076,-0.294,-0.019,-0.501,-0.507,-0.448,0.168,0.021,-0.067,0.118,0.007,0.282,0.166,-0.35,-0.401,-0.412,0.079,0.287,0.525,-0.034,0.49,-0.323,0.201,0.451,-0.46,0.315,0.374,0.553,0.454,0.386,0.455,0.44,0.435,0.34,0.44,-0.117,0.327,0.254,0.136,0.19,0.077,0.38,0.221,0.137,0.319,0.536,0.393,-0.175,0.38,0.344,0.074,0.527,-0.089,-0.435,0.498,0.216,-0.266,-0.251,0.34,0.098,0.477,0.575,-0.492,0.508,-0.055,-0.252,0.419,-0.12,0.299,-0.073,0.374,0.396,-0.33,0.524,0.178,-0.258,0.442,-0.328,-0.007,0.164,0.469,-0.187,-0.042,0.512,0.412,0.263,-0.308,0.107,0.322,0.197,-0.475,0.176,0.141,0.263,0.272,0.559,0.12,-0.041,0.348,0.499,0.366,0.302,0.454,0.503,0.122,0.508,-0.083,0.401,0.446,-0.326,0.509,-0.441,-0.411,0.211,0.279,0.218,-0.112,0.437,0.397,0.425,0.143,0.005,0.39,0.015,0.127,-0.296,0.444,0.595,0.071,0.15,0.424,-0.325,0.541,0.503,0.055,-0.172,0.336,0.432,0.395,-0.254,0.437,0.485,0.387,0.56,-0.157,0.387,-0.245,0.471,0.236,-0.204,0.347,0.297,0.458,-0.458,0.04,0.284,-0.489,0.587,0.344,0.242,0.035,0.451,-0.102,-0.199,0.482,0.484,0.534,0.456,-0.514,-0.102,0.113,0.395,-0.355,0.369,0.219,0.466,-0.567,0.541,0.51,0.44,0.547,-0.293,-0.306,0.089,0.469,0.37,0.454,0.362,-0.222,-0.069,0.225,0.461,0.538,0.001
ACB,-0.245,-0.464,0.0,-0.56,-0.73,-0.567,-0.376,0.223,0.154,0.758,0.736,0.77,-0.586,0.391,0.491,-0.407,0.489,-0.457,-0.624,0.753,0.298,0.801,-0.049,-0.492,-0.508,-0.094,-0.626,0.181,-0.018,-0.757,0.657,-0.336,-0.487,-0.554,-0.329,-0.691,-0.669,-0.581,-0.456,-0.632,-0.499,0.416,-0.285,-0.195,0.036,-0.589,0.203,-0.459,-0.539,-0.187,-0.694,-0.745,-0.382,0.621,-0.644,-0.118,-0.123,-0.891,-0.077,0.831,-0.715,-0.146,0.647,0.54,-0.566,-0.293,-0.818,-0.752,0.663,-0.888,0.503,0.57,-0.64,-0.16,-0.8,0.4,-0.639,-0.365,0.723,-0.652,-0.079,0.433,-0.788,0.75,0.105,0.057,-0.795,-0.192,-0.084,-0.568,-0.207,-0.528,0.824,-0.176,-0.378,-0.498,0.823,0.02,0.144,-0.089,-0.068,-0.874,-0.641,0.358,-0.339,-0.455,-0.61,-0.496,-0.578,-0.87,-0.487,-0.663,0.233,-0.664,-0.29,0.556,-0.727,0.774,0.772,0.165,-0.384,-0.224,0.363,-0.782,-0.491,-0.647,-0.183,0.277,-0.677,0.508,-0.117,0.631,-0.353,-0.774,-0.377,0.032,-0.036,0.664,-0.485,-0.606,-0.436,-0.137,-0.71,-0.855,-0.277,0.616,-0.591,-0.736,-0.378,-0.736,0.413,-0.429,0.397,-0.752,-0.505,0.769,-0.592,-0.642,-0.735,0.785,0.253,-0.229,0.858,-0.862,-0.363,-0.377,-0.091,-0.583,-0.2,0.401,-0.855,-0.623,-0.856,-0.635,0.777,-0.164,-0.572,-0.713,0.477,-0.767,-0.285,-0.693,0.744,-0.638,-0.708,-0.528,-0.656,0.471,0.776,0.088,-0.857,-0.176,-0.838,-0.094,0.664,0.411,-0.247,-0.837,-0.507,0.31
ACGL,0.805,0.499,-0.56,0.0,0.521,0.847,0.139,-0.565,-0.018,-0.713,-0.572,-0.818,0.077,0.126,0.116,-0.095,-0.238,0.183,0.151,-0.55,-0.28,-0.687,0.128,0.747,0.85,0.051,0.8,0.409,-0.27,0.834,-0.209,0.419,0.862,0.917,0.229,0.366,0.846,0.874,0.904,0.766,0.129,0.392,0.853,0.828,0.356,0.453,0.216,0.874,0.188,0.73,0.756,0.671,0.466,-0.85,0.677,-0.291,-0.478,0.728,-0.538,-0.558,0.864,0.082,-0.539,-0.109,0.86,-0.196,0.675,0.819,-0.802,0.595,0.265,0.008,0.717,-0.49,0.221,0.273,0.412,0.774,-0.47,0.822,0.557,0.071,0.415,-0.226,0.279,0.521,0.619,-0.077,-0.253,0.135,0.697,-0.109,-0.272,0.729,0.838,0.808,-0.824,0.57,-0.323,0.702,0.753,0.647,0.31,0.269,0.885,0.601,0.711,0.263,0.886,0.571,-0.237,0.891,-0.198,0.361,0.857,-0.415,0.769,-0.723,-0.649,0.479,0.71,0.127,-0.643,0.719,0.88,0.623,0.478,0.475,0.347,-0.087,0.036,-0.01,0.815,0.776,-0.092,0.674,0.537,-0.421,0.643,0.909,0.609,-0.33,0.489,0.692,0.842,-0.517,0.938,0.19,0.869,0.743,-0.375,0.626,-0.079,0.743,0.549,-0.176,0.164,0.76,0.514,-0.739,0.249,0.755,-0.517,0.739,0.758,0.275,-0.335,0.719,-0.039,-0.195,0.591,0.885,0.718,0.223,-0.594,-0.453,0.695,0.493,-0.673,0.171,0.733,0.373,-0.527,0.92,0.79,0.754,0.89,0.051,-0.749,-0.059,0.577,0.776,0.809,-0.138,-0.116,-0.545,0.746,0.748,0.856,-0.192
ACGLO,0.331,0.542,-0.73,0.521,0.0,0.552,0.58,-0.051,-0.185,-0.85,-0.904,-0.707,0.68,-0.016,-0.543,0.401,0.025,0.767,0.68,-0.462,-0.399,-0.817,0.442,0.434,0.617,0.208,0.697,-0.097,0.445,0.647,-0.653,-0.115,0.259,0.538,0.774,0.9,0.681,0.45,0.414,0.793,0.817,-0.268,0.251,0.204,-0.01,0.128,0.071,0.371,0.179,0.227,0.793,0.922,0.434,-0.395,0.682,0.337,0.4,0.651,-0.007,-0.803,0.764,0.362,-0.513,-0.284,0.619,0.556,0.853,0.795,-0.771,0.864,-0.271,-0.659,0.364,-0.152,0.681,-0.275,0.899,0.541,-0.651,0.813,0.169,-0.485,0.811,-0.687,0.278,0.036,0.798,0.014,0.132,0.577,0.464,0.649,-0.631,0.092,0.154,0.584,-0.728,-0.224,-0.288,0.195,0.142,0.717,0.432,-0.03,0.328,0.748,0.747,0.323,0.643,0.703,0.257,0.696,-0.464,0.708,0.381,-0.846,0.734,-0.616,-0.593,-0.011,0.204,0.568,-0.482,0.604,0.397,0.873,0.522,-0.189,0.868,-0.507,0.498,-0.377,0.545,0.871,-0.027,-0.157,0.178,-0.507,0.549,0.713,0.173,0.257,0.812,0.581,0.433,-0.339,0.542,0.733,0.326,0.872,-0.234,0.542,-0.188,0.532,0.734,-0.501,0.826,0.691,0.934,-0.795,0.143,0.167,-0.842,0.814,0.516,0.539,0.321,0.731,-0.215,-0.264,0.856,0.694,0.755,0.782,-0.647,-0.12,0.637,0.873,-0.582,0.744,-0.023,0.893,-0.933,0.667,0.814,0.753,0.659,-0.614,-0.728,0.316,0.879,0.117,0.655,0.37,-0.586,-0.451,-0.031,0.773,0.559,0.045
ACIW,0.832,0.269,-0.567,0.847,0.552,0.0,0.411,-0.3,-0.112,-0.749,-0.609,-0.784,0.343,0.153,-0.016,-0.03,-0.165,0.35,0.398,-0.513,-0.153,-0.727,0.362,0.678,0.852,0.183,0.809,0.574,-0.147,0.829,-0.138,0.198,0.748,0.847,0.294,0.477,0.821,0.818,0.853,0.885,0.211,0.319,0.766,0.783,0.431,0.417,0.338,0.81,0.117,0.814,0.898,0.715,0.458,-0.859,0.691,-0.424,-0.36,0.689,-0.499,-0.6,0.874,0.214,-0.518,-0.071,0.938,0.043,0.766,0.758,-0.781,0.677,0.211,-0.043,0.643,-0.54,0.29,0.306,0.53,0.844,-0.457,0.864,0.554,0.148,0.431,-0.245,0.457,0.504,0.713,0.084,-0.104,0.051,0.681,-0.077,-0.344,0.79,0.724,0.916,-0.835,0.465,-0.48,0.681,0.677,0.648,0.459,0.275,0.84,0.632,0.864,0.362,0.879,0.53,-0.14,0.88,-0.225,0.448,0.799,-0.514,0.739,-0.725,-0.628,0.347,0.675,0.335,-0.666,0.76,0.805,0.75,0.633,0.459,0.425,-0.243,0.276,0.067,0.771,0.767,-0.116,0.529,0.483,-0.331,0.559,0.899,0.578,-0.137,0.702,0.728,0.854,-0.459,0.891,0.22,0.778,0.796,-0.224,0.719,0.034,0.69,0.735,-0.259,0.306,0.913,0.595,-0.768,0.331,0.684,-0.554,0.749,0.762,0.36,-0.156,0.807,0.011,0.004,0.651,0.864,0.735,0.301,-0.507,-0.454,0.906,0.629,-0.578,0.304,0.583,0.364,-0.523,0.842,0.846,0.819,0.848,0.032,-0.878,0.165,0.651,0.602,0.779,-0.219,-0.165,-0.648,0.684,0.789,0.808,-0.143
ADBE,0.104,0.076,-0.376,0.139,0.58,0.411,0.0,0.624,0.017,-0.366,-0.448,-0.175,0.762,0.364,-0.522,0.182,0.159,0.884,0.784,-0.023,0.141,-0.316,0.748,0.033,0.298,0.538,0.381,0.129,0.631,0.193,-0.129,-0.461,-0.131,0.276,0.711,0.638,0.177,0.058,0.128,0.524,0.62,-0.319,-0.025,-0.021,-0.037,-0.117,0.365,-0.006,-0.188,0.237,0.606,0.533,0.018,-0.218,0.232,0.21,0.457,0.187,0.33,-0.425,0.399,0.483,0.076,-0.101,0.431,0.74,0.557,0.389,-0.258,0.58,-0.093,-0.302,0.127,-0.138,0.308,0.057,0.635,0.328,-0.03,0.466,0.081,-0.042,0.375,-0.227,0.544,0.112,0.434,0.385,0.442,0.354,0.286,0.461,-0.268,0.181,-0.131,0.466,-0.296,-0.304,-0.224,0.19,-0.029,0.313,0.337,0.224,0.103,0.525,0.717,0.339,0.291,0.25,0.151,0.273,-0.014,0.357,0.203,-0.567,0.231,-0.134,-0.204,-0.039,0.137,0.879,-0.035,0.252,0.036,0.647,0.604,0.071,0.537,-0.159,0.839,0.075,0.209,0.431,0.021,-0.364,0.232,0.107,0.238,0.347,-0.192,0.464,0.823,0.256,0.258,0.201,0.195,0.472,-0.025,0.539,0.312,0.568,0.327,0.108,0.609,-0.301,0.709,0.512,0.669,-0.304,0.452,-0.119,-0.375,0.408,0.422,0.448,0.765,0.63,-0.254,0.352,0.511,0.32,0.381,0.547,-0.046,0.018,0.52,0.654,0.053,0.567,-0.326,0.523,-0.502,0.199,0.432,0.37,0.224,-0.185,-0.477,0.479,0.585,-0.151,0.229,0.163,-0.161,-0.205,-0.169,0.42,0.239,0.372
ADSK,-0.468,-0.294,0.223,-0.565,-0.051,-0.3,0.624,0.0,0.161,0.373,0.22,0.583,0.448,0.321,-0.37,0.071,0.381,0.484,0.409,0.471,0.436,0.399,0.548,-0.525,-0.393,0.429,-0.305,-0.077,0.636,-0.542,0.236,-0.581,-0.702,-0.436,0.286,0.09,-0.57,-0.573,-0.548,-0.209,0.254,-0.405,-0.577,-0.544,-0.17,-0.401,0.263,-0.604,-0.352,-0.255,-0.131,-0.19,-0.387,0.438,-0.384,0.298,0.583,-0.461,0.649,0.206,-0.372,0.287,0.578,0.013,-0.281,0.648,-0.13,-0.369,0.501,-0.098,-0.113,-0.039,-0.386,0.195,-0.082,-0.005,0.069,-0.303,0.496,-0.3,-0.252,0.104,-0.188,0.177,0.264,-0.115,-0.208,0.431,0.572,0.139,-0.268,0.285,0.147,-0.259,-0.63,-0.24,0.469,-0.5,0.119,-0.234,-0.485,-0.307,-0.002,0.044,-0.523,-0.083,0.013,0.051,-0.423,-0.317,0.167,-0.497,0.284,-0.115,-0.415,-0.005,-0.474,0.518,0.375,-0.253,-0.286,0.559,0.562,-0.389,-0.594,-0.016,0.119,-0.11,0.01,0.112,0.613,0.223,-0.459,-0.321,0.093,-0.66,-0.108,0.572,-0.208,-0.43,-0.651,0.559,0.217,-0.362,-0.387,0.733,-0.517,0.12,-0.613,-0.206,0.674,0.045,0.436,-0.515,0.025,0.02,0.289,-0.21,0.033,0.413,0.264,-0.585,0.264,-0.329,-0.19,0.141,0.855,-0.04,-0.167,0.612,-0.17,-0.444,-0.314,0.142,0.543,0.318,-0.132,0.024,0.619,0.188,-0.706,-0.021,0.182,-0.553,-0.304,-0.317,-0.491,0.044,0.238,0.431,-0.092,-0.61,-0.479,0.17,0.161,0.28,-0.572,-0.285,-0.444,0.532
AEP,-0.215,-0.019,0.154,-0.018,-0.185,-0.112,0.017,0.161,0.0,0.349,0.373,0.306,-0.193,0.333,0.129,-0.54,0.111,-0.071,-0.125,0.16,0.309,0.295,0.122,-0.401,-0.244,0.247,-0.233,0.027,-0.067,-0.324,0.231,0.045,-0.146,-0.018,-0.221,-0.317,-0.364,-0.063,-0.164,-0.271,-0.309,0.044,-0.026,-0.075,-0.072,-0.12,0.054,-0.313,-0.298,-0.042,-0.123,-0.314,-0.355,-0.025,-0.346,-0.04,-0.225,-0.247,0.277,0.166,-0.235,-0.393,0.256,-0.233,-0.095,-0.007,-0.28,-0.268,0.347,-0.233,0.259,0.505,0.157,-0.029,-0.397,0.377,-0.376,-0.214,0.492,-0.23,-0.025,0.403,-0.296,0.473,-0.071,0.459,-0.321,0.319,0.326,0.158,-0.264,-0.24,0.429,0.177,0.057,-0.148,0.269,0.005,0.213,0.11,-0.019,-0.225,-0.343,-0.045,-0.136,-0.067,-0.074,-0.233,-0.193,-0.154,-0.289,-0.287,0.378,-0.498,-0.035,0.301,-0.363,0.296,0.068,0.125,0.223,0.024,0.366,-0.29,-0.147,-0.266,-0.099,0.331,-0.391,0.521,-0.018,0.171,-0.2,-0.306,0.234,0.046,-0.061,0.474,0.271,-0.21,-0.409,0.026,-0.141,-0.185,-0.085,0.297,-0.127,-0.212,-0.1,-0.254,0.446,0.136,0.128,-0.319,-0.247,0.095,-0.318,-0.264,-0.189,0.391,0.158,-0.233,0.303,-0.294,0.023,-0.019,0.202,-0.12,-0.262,0.348,-0.376,-0.185,-0.222,-0.271,0.438,0.128,-0.164,-0.318,0.378,-0.27,0.028,-0.259,0.266,-0.145,-0.297,-0.314,-0.246,0.355,0.19,-0.266,-0.289,-0.138,-0.21,0.069,0.499,0.306,-0.021,-0.108,-0.216,0.281
AGIO,-0.632,-0.501,0.758,-0.713,-0.85,-0.749,-0.366,0.373,0.349,0.0,0.929,0.924,-0.525,0.116,0.305,-0.343,0.108,-0.517,-0.532,0.561,0.484,0.941,-0.264,-0.688,-0.805,-0.07,-0.826,-0.109,-0.146,-0.878,0.629,-0.107,-0.589,-0.707,-0.594,-0.836,-0.914,-0.731,-0.659,-0.898,-0.608,0.037,-0.527,-0.505,-0.222,-0.308,-0.045,-0.678,-0.262,-0.444,-0.849,-0.956,-0.596,0.598,-0.835,-0.024,-0.084,-0.811,0.377,0.815,-0.891,-0.278,0.701,0.116,-0.785,-0.266,-0.899,-0.896,0.961,-0.868,0.146,0.539,-0.521,0.291,-0.671,0.201,-0.852,-0.746,0.811,-0.924,-0.325,0.42,-0.805,0.697,-0.292,-0.142,-0.898,0.152,0.073,-0.282,-0.602,-0.421,0.657,-0.31,-0.453,-0.731,0.898,-0.07,0.437,-0.341,-0.424,-0.81,-0.473,0.012,-0.598,-0.741,-0.751,-0.421,-0.842,-0.757,-0.201,-0.9,0.566,-0.734,-0.564,0.814,-0.881,0.811,0.71,-0.078,-0.299,-0.365,0.69,-0.818,-0.661,-0.879,-0.528,0.068,-0.805,0.55,-0.308,0.342,-0.732,-0.928,0.087,-0.185,-0.269,0.697,-0.566,-0.89,-0.495,-0.002,-0.751,-0.752,-0.635,0.606,-0.77,-0.605,-0.587,-0.929,0.489,-0.544,0.363,-0.734,-0.79,0.451,-0.668,-0.846,-0.858,0.957,-0.074,-0.433,0.869,-0.922,-0.608,-0.491,0.066,-0.749,0.062,0.393,-0.886,-0.854,-0.859,-0.612,0.797,0.361,-0.781,-0.869,0.77,-0.615,-0.322,-0.78,0.88,-0.861,-0.944,-0.916,-0.866,0.551,0.837,-0.265,-0.844,-0.382,-0.826,-0.211,0.61,0.664,-0.294,-0.863,-0.741,0.198
ALEC,-0.439,-0.507,0.736,-0.572,-0.904,-0.609,-0.448,0.22,0.373,0.929,0.0,0.83,-0.651,0.178,0.491,-0.508,0.096,-0.657,-0.642,0.568,0.511,0.904,-0.264,-0.561,-0.659,-0.094,-0.724,0.078,-0.295,-0.785,0.719,-0.019,-0.421,-0.572,-0.715,-0.87,-0.827,-0.55,-0.516,-0.813,-0.763,0.169,-0.385,-0.312,-0.09,-0.264,0.075,-0.523,-0.348,-0.243,-0.773,-0.932,-0.622,0.42,-0.82,-0.163,-0.332,-0.754,0.167,0.823,-0.814,-0.298,0.606,0.217,-0.662,-0.404,-0.882,-0.853,0.868,-0.878,0.324,0.674,-0.438,0.194,-0.734,0.358,-0.903,-0.594,0.816,-0.858,-0.241,0.562,-0.794,0.78,-0.178,0.031,-0.862,0.108,-0.0,-0.435,-0.515,-0.573,0.683,-0.129,-0.281,-0.608,0.814,0.107,0.353,-0.165,-0.201,-0.791,-0.557,0.051,-0.409,-0.648,-0.695,-0.357,-0.71,-0.771,-0.334,-0.791,0.561,-0.803,-0.404,0.794,-0.841,0.718,0.624,0.061,-0.223,-0.418,0.582,-0.73,-0.535,-0.872,-0.452,0.226,-0.872,0.633,-0.363,0.465,-0.632,-0.9,0.079,0.007,-0.18,0.718,-0.558,-0.771,-0.406,-0.219,-0.77,-0.679,-0.466,0.513,-0.636,-0.704,-0.441,-0.89,0.41,-0.469,0.317,-0.678,-0.734,0.537,-0.779,-0.744,-0.881,0.886,0.02,-0.312,0.918,-0.868,-0.435,-0.438,-0.122,-0.704,0.006,0.419,-0.911,-0.736,-0.828,-0.822,0.81,0.15,-0.655,-0.865,0.669,-0.727,-0.135,-0.858,0.923,-0.774,-0.881,-0.828,-0.771,0.647,0.755,-0.254,-0.893,-0.197,-0.762,-0.23,0.708,0.512,-0.093,-0.814,-0.605,0.226
ALNY,-0.681,-0.448,0.77,-0.818,-0.707,-0.784,-0.175,0.583,0.306,0.924,0.83,0.0,-0.328,0.232,0.186,-0.263,0.349,-0.308,-0.363,0.702,0.482,0.929,-0.009,-0.739,-0.776,0.029,-0.803,-0.169,0.141,-0.932,0.57,-0.358,-0.773,-0.779,-0.348,-0.632,-0.942,-0.827,-0.77,-0.822,-0.36,-0.104,-0.68,-0.614,-0.228,-0.502,0.095,-0.798,-0.385,-0.49,-0.798,-0.833,-0.591,0.751,-0.826,0.157,0.164,-0.876,0.432,0.783,-0.885,-0.068,0.75,0.199,-0.787,0.015,-0.821,-0.886,0.946,-0.791,0.136,0.377,-0.681,0.289,-0.588,0.141,-0.648,-0.692,0.821,-0.863,-0.351,0.338,-0.725,0.634,-0.095,-0.183,-0.801,0.096,0.192,-0.241,-0.563,-0.223,0.597,-0.433,-0.664,-0.723,0.955,-0.274,0.351,-0.374,-0.511,-0.819,-0.505,0.034,-0.68,-0.593,-0.675,-0.386,-0.845,-0.766,-0.13,-0.913,0.509,-0.651,-0.626,0.623,-0.897,0.874,0.78,-0.121,-0.446,-0.116,0.744,-0.866,-0.807,-0.739,-0.386,-0.02,-0.628,0.462,-0.046,0.395,-0.756,-0.882,0.015,-0.401,-0.266,0.757,-0.564,-0.88,-0.69,0.128,-0.621,-0.831,-0.643,0.749,-0.865,-0.447,-0.725,-0.842,0.613,-0.505,0.408,-0.85,-0.631,0.498,-0.447,-0.816,-0.699,0.934,0.068,-0.587,0.825,-0.894,-0.554,-0.303,0.296,-0.695,-0.082,0.509,-0.82,-0.887,-0.868,-0.494,0.863,0.294,-0.738,-0.691,0.774,-0.497,-0.557,-0.623,0.768,-0.917,-0.887,-0.828,-0.905,0.388,0.849,0.039,-0.782,-0.525,-0.915,0.007,0.537,0.64,-0.511,-0.853,-0.773,0.411
ALTR,-0.032,0.168,-0.586,0.077,0.68,0.343,0.762,0.448,-0.193,-0.525,-0.651,-0.328,0.0,-0.14,-0.769,0.565,0.015,0.823,0.943,-0.272,-0.024,-0.541,0.488,0.13,0.205,0.352,0.357,-0.197,0.524,0.333,-0.517,-0.279,-0.076,0.141,0.629,0.786,0.303,0.095,0.015,0.498,0.766,-0.495,-0.114,-0.174,-0.085,0.12,-0.023,0.003,0.192,-0.05,0.552,0.614,0.209,-0.131,0.484,0.232,0.644,0.415,0.369,-0.595,0.456,0.411,-0.226,-0.311,0.373,0.82,0.673,0.453,-0.348,0.75,-0.53,-0.641,0.192,0.081,0.699,-0.445,0.77,0.196,-0.427,0.46,-0.061,-0.428,0.542,-0.607,0.195,-0.226,0.618,0.339,0.406,0.463,0.059,0.706,-0.61,-0.075,-0.164,0.351,-0.411,-0.492,-0.172,-0.148,-0.295,0.526,0.591,-0.197,-0.025,0.408,0.569,0.39,0.254,0.538,0.556,0.299,-0.192,0.641,-0.05,-0.672,0.394,-0.3,-0.356,-0.376,0.052,0.627,-0.074,0.425,0.064,0.689,0.402,-0.353,0.77,-0.576,0.591,-0.408,0.122,0.51,0.143,-0.491,-0.135,-0.308,0.315,0.32,-0.016,0.648,0.819,0.43,0.03,-0.097,0.178,0.732,-0.113,0.575,0.067,0.348,-0.092,0.282,0.624,-0.575,0.826,0.455,0.744,-0.478,-0.026,-0.148,-0.669,0.536,0.166,0.412,0.651,0.507,0.048,-0.0,0.7,0.271,0.534,0.755,-0.33,0.212,0.484,0.726,-0.124,0.811,-0.307,0.702,-0.608,0.238,0.517,0.416,0.295,-0.545,-0.531,0.368,0.732,-0.302,0.402,0.223,-0.606,-0.3,-0.277,0.568,0.126,-0.004
AMBA,0.27,0.021,0.391,0.126,-0.016,0.153,0.364,0.321,0.333,0.116,0.178,0.232,-0.14,0.0,0.336,-0.605,0.62,0.235,-0.131,0.549,0.236,0.286,0.627,-0.101,0.247,0.362,0.089,0.504,0.326,-0.217,0.455,-0.495,-0.127,0.207,0.313,-0.075,-0.135,-0.019,0.151,0.16,-0.005,0.414,0.182,0.294,0.246,-0.617,0.697,-0.016,-0.69,0.436,0.16,-0.001,-0.234,-0.035,-0.204,0.027,-0.166,-0.407,-0.173,0.229,0.019,0.344,0.48,0.465,0.196,0.109,-0.119,-0.043,0.031,-0.207,0.772,0.477,-0.2,-0.579,-0.628,0.741,-0.005,0.362,0.574,0.124,0.356,0.568,-0.289,0.56,0.77,0.61,-0.179,-0.032,0.079,-0.179,0.474,-0.274,0.549,0.364,-0.002,0.258,0.213,0.206,-0.186,0.615,0.438,-0.346,-0.5,0.707,0.238,0.371,0.268,-0.179,0.172,-0.475,-0.719,0.02,0.119,-0.417,0.426,-0.076,-0.154,0.338,0.279,0.636,0.083,0.508,0.03,-0.309,-0.032,0.13,0.578,0.712,-0.185,0.569,0.551,0.819,0.3,-0.022,-0.401,0.183,0.604,0.687,0.026,0.156,-0.424,-0.165,0.076,-0.38,0.474,0.544,0.063,-0.336,0.118,0.041,0.519,0.42,0.61,-0.399,0.17,0.591,-0.108,0.101,0.049,0.194,0.907,0.062,0.414,-0.201,0.513,0.223,0.263,0.275,-0.653,0.626,-0.252,0.101,-0.257,-0.256,0.509,-0.554,0.134,0.003,0.176,-0.382,-0.126,-0.099,0.092,0.029,0.005,0.143,-0.037,0.368,0.099,0.467,-0.204,0.234,-0.294,0.123,0.703,0.061,0.041,-0.182,0.208,0.725
AMCX,0.299,-0.067,0.491,0.116,-0.543,-0.016,-0.522,-0.37,0.129,0.305,0.491,0.186,-0.769,0.336,0.0,-0.662,0.135,-0.667,-0.752,0.312,-0.072,0.395,-0.17,-0.031,0.088,-0.211,-0.118,0.401,-0.422,-0.131,0.544,0.259,0.252,0.083,-0.49,-0.615,-0.104,0.171,0.216,-0.209,-0.681,0.6,0.305,0.436,0.462,-0.127,0.261,0.201,-0.266,0.341,-0.271,-0.404,-0.056,-0.046,-0.324,-0.352,-0.707,-0.288,-0.524,0.51,-0.239,-0.14,0.203,0.516,-0.078,-0.713,-0.436,-0.296,0.169,-0.568,0.723,0.706,-0.023,-0.362,-0.686,0.652,-0.582,0.194,0.431,-0.2,0.271,0.579,-0.482,0.611,0.131,0.515,-0.353,-0.302,-0.362,-0.473,0.22,-0.714,0.523,0.342,0.331,-0.105,0.243,0.652,0.031,0.423,0.535,-0.355,-0.541,0.299,0.267,-0.167,-0.243,-0.157,0.02,-0.509,-0.603,-0.06,0.146,-0.558,0.299,0.505,-0.228,0.141,0.202,0.503,0.084,-0.324,-0.017,-0.22,0.115,-0.434,-0.105,0.561,-0.655,0.542,-0.289,0.57,0.114,-0.316,-0.241,0.64,0.403,0.376,-0.164,-0.052,0.025,-0.674,-0.542,-0.277,0.27,0.066,0.066,-0.632,0.292,-0.328,0.07,-0.036,0.107,-0.19,-0.328,0.582,-0.694,-0.161,-0.553,0.289,0.254,0.319,0.566,-0.346,0.07,-0.148,-0.593,-0.248,-0.09,0.208,-0.517,-0.066,-0.386,-0.695,0.334,-0.432,-0.189,-0.502,0.088,-0.734,0.419,-0.655,0.495,-0.027,-0.264,-0.107,-0.043,0.607,0.285,0.002,-0.614,0.464,-0.258,-0.211,0.63,0.184,0.471,-0.392,0.158,0.086
AMKR,-0.192,0.118,-0.407,-0.095,0.401,-0.03,0.182,0.071,-0.54,-0.343,-0.508,-0.263,0.565,-0.605,-0.662,0.0,-0.326,0.369,0.542,-0.447,-0.149,-0.388,-0.118,0.209,-0.016,-0.169,0.146,-0.515,0.252,0.272,-0.535,0.005,-0.062,-0.095,0.342,0.503,0.243,-0.087,-0.068,0.161,0.584,-0.558,-0.248,-0.341,-0.333,0.308,-0.345,0.013,0.486,-0.349,0.122,0.376,0.421,0.159,0.316,0.283,0.603,0.398,0.228,-0.436,0.234,0.244,-0.307,-0.353,-0.017,0.379,0.426,0.271,-0.241,0.485,-0.745,-0.783,-0.011,0.392,0.753,-0.748,0.498,-0.106,-0.605,0.18,-0.251,-0.673,0.419,-0.684,-0.264,-0.689,0.417,-0.021,0.024,0.331,-0.113,0.652,-0.644,-0.42,-0.246,0.006,-0.282,-0.435,0.006,-0.466,-0.446,0.421,0.636,-0.329,-0.15,0.015,0.077,0.27,-0.003,0.538,0.745,0.151,-0.199,0.818,-0.307,-0.366,0.343,-0.296,-0.167,-0.481,-0.175,0.068,-0.068,0.36,0.031,0.303,-0.116,-0.691,0.611,-0.643,0.03,-0.636,-0.058,0.322,0.159,-0.463,-0.314,-0.617,0.101,0.073,0.228,0.385,0.337,0.341,-0.257,-0.335,-0.035,0.705,-0.184,0.303,-0.355,-0.202,-0.199,0.4,0.242,-0.518,0.581,0.138,0.381,-0.373,-0.455,-0.066,-0.601,0.403,-0.236,0.047,0.227,0.09,0.421,-0.371,0.558,0.047,0.384,0.618,-0.55,0.392,0.048,0.421,-0.25,0.684,-0.265,0.536,-0.468,0.044,0.26,0.142,0.139,-0.608,-0.223,0.047,0.553,-0.278,0.296,0.052,-0.81,-0.199,-0.293,0.344,-0.037,-0.37
AMRX,0.011,0.007,0.489,-0.238,0.025,-0.165,0.159,0.381,0.111,0.108,0.096,0.349,0.015,0.62,0.135,-0.326,0.0,0.214,-0.102,0.687,-0.014,0.262,0.52,-0.226,-0.019,0.209,-0.114,0.164,0.51,-0.39,0.209,-0.637,-0.432,-0.246,0.341,0.083,-0.243,-0.261,-0.285,-0.004,0.196,0.239,-0.194,-0.062,0.225,-0.754,0.44,-0.286,-0.61,-0.007,-0.097,-0.037,-0.19,0.416,-0.161,0.264,0.264,-0.53,-0.078,0.292,-0.219,0.26,0.357,0.488,-0.108,0.31,-0.204,-0.223,0.116,-0.275,0.454,0.126,-0.5,-0.34,-0.369,0.282,0.128,0.116,0.359,-0.058,0.055,0.135,-0.142,0.29,0.561,0.287,-0.192,-0.206,0.138,-0.209,0.158,0.036,0.396,-0.124,-0.382,-0.115,0.393,-0.24,-0.145,0.139,0.072,-0.43,-0.541,0.323,-0.186,0.199,-0.018,-0.235,-0.076,-0.498,-0.404,-0.211,-0.224,-0.304,-0.028,-0.194,-0.26,0.417,0.346,0.201,-0.376,0.408,0.088,-0.455,-0.349,0.074,0.369,0.174,-0.007,0.151,0.485,0.523,0.034,-0.177,-0.49,-0.179,0.117,0.483,-0.121,-0.095,-0.589,0.077,-0.06,-0.569,0.117,0.613,-0.267,-0.208,-0.228,-0.095,0.389,0.085,0.222,-0.612,0.118,0.571,0.075,-0.158,0.043,0.23,0.538,-0.276,0.354,-0.346,0.145,0.217,0.304,-0.043,-0.635,0.396,-0.305,-0.188,-0.402,-0.109,0.488,-0.46,-0.016,0.005,0.12,-0.244,-0.436,-0.002,0.092,-0.202,-0.092,0.119,-0.225,-0.07,0.309,0.65,-0.308,-0.198,-0.497,0.478,0.354,0.069,-0.411,-0.353,-0.127,0.654
ANSS,0.058,0.282,-0.457,0.183,0.767,0.35,0.884,0.484,-0.071,-0.517,-0.657,-0.308,0.823,0.235,-0.667,0.369,0.214,0.0,0.812,-0.087,-0.047,-0.467,0.657,0.112,0.316,0.43,0.42,-0.071,0.705,0.249,-0.414,-0.437,-0.141,0.261,0.856,0.792,0.294,0.068,0.109,0.575,0.832,-0.371,-0.033,-0.069,-0.095,-0.16,0.191,0.013,-0.063,0.091,0.613,0.68,0.117,-0.124,0.43,0.414,0.632,0.279,0.352,-0.539,0.477,0.459,-0.037,-0.196,0.415,0.805,0.647,0.509,-0.41,0.692,-0.238,-0.498,0.132,-0.158,0.458,-0.17,0.793,0.296,-0.251,0.556,0.042,-0.33,0.522,-0.445,0.421,-0.021,0.523,0.264,0.417,0.528,0.276,0.677,-0.393,-0.007,-0.173,0.433,-0.361,-0.435,-0.142,0.052,-0.093,0.429,0.383,0.131,0.044,0.587,0.689,0.307,0.361,0.4,0.267,0.348,-0.209,0.529,0.155,-0.733,0.397,-0.202,-0.27,-0.115,0.024,0.828,-0.11,0.302,0.067,0.756,0.534,-0.123,0.72,-0.318,0.77,-0.146,0.271,0.581,-0.021,-0.442,0.133,-0.138,0.379,0.416,-0.194,0.539,0.822,0.285,0.228,0.087,0.21,0.642,-0.028,0.644,0.123,0.51,0.124,0.18,0.632,-0.392,0.844,0.489,0.832,-0.433,0.323,-0.156,-0.555,0.514,0.405,0.418,0.758,0.63,-0.295,0.094,0.635,0.368,0.481,0.743,-0.24,0.039,0.468,0.735,-0.126,0.697,-0.393,0.779,-0.698,0.307,0.541,0.483,0.317,-0.473,-0.479,0.431,0.713,-0.158,0.303,0.354,-0.353,-0.209,-0.311,0.499,0.259,0.309
APPN,0.015,0.166,-0.624,0.151,0.68,0.398,0.784,0.409,-0.125,-0.532,-0.642,-0.363,0.943,-0.131,-0.752,0.542,-0.102,0.812,0.0,-0.364,0.095,-0.585,0.507,0.132,0.218,0.36,0.443,-0.169,0.489,0.375,-0.444,-0.219,-0.009,0.229,0.607,0.787,0.326,0.154,0.069,0.525,0.728,-0.507,-0.055,-0.128,-0.141,0.218,0.054,0.052,0.21,0.024,0.606,0.638,0.233,-0.23,0.479,0.205,0.554,0.467,0.33,-0.625,0.526,0.336,-0.301,-0.347,0.429,0.771,0.712,0.489,-0.373,0.791,-0.467,-0.616,0.281,0.07,0.698,-0.384,0.734,0.218,-0.433,0.505,-0.011,-0.376,0.539,-0.562,0.215,-0.198,0.657,0.352,0.427,0.495,0.052,0.682,-0.583,0.025,-0.088,0.442,-0.451,-0.426,-0.237,-0.102,-0.26,0.584,0.608,-0.2,0.066,0.421,0.622,0.357,0.27,0.618,0.573,0.345,-0.148,0.663,0.02,-0.653,0.382,-0.356,-0.382,-0.376,0.196,0.664,-0.083,0.503,0.135,0.671,0.391,-0.281,0.74,-0.548,0.561,-0.402,0.154,0.522,0.196,-0.452,-0.092,-0.318,0.381,0.371,0.023,0.66,0.83,0.523,0.088,-0.148,0.241,0.748,-0.078,0.63,0.088,0.357,-0.034,0.355,0.663,-0.61,0.841,0.516,0.748,-0.477,0.016,-0.109,-0.678,0.605,0.249,0.461,0.651,0.54,0.125,0.024,0.718,0.308,0.6,0.714,-0.338,0.251,0.528,0.771,-0.167,0.819,-0.212,0.674,-0.627,0.28,0.542,0.44,0.337,-0.47,-0.599,0.305,0.763,-0.25,0.453,0.133,-0.599,-0.3,-0.19,0.652,0.154,-0.001
APTO,-0.294,-0.35,0.753,-0.55,-0.462,-0.513,-0.023,0.471,0.16,0.561,0.568,0.702,-0.272,0.549,0.312,-0.447,0.687,-0.087,-0.364,0.0,0.26,0.703,0.236,-0.529,-0.411,0.172,-0.52,0.156,0.359,-0.759,0.464,-0.532,-0.631,-0.519,-0.007,-0.341,-0.659,-0.543,-0.531,-0.442,-0.216,0.162,-0.414,-0.296,0.071,-0.801,0.309,-0.565,-0.709,-0.167,-0.505,-0.504,-0.566,0.587,-0.515,0.2,0.138,-0.844,0.163,0.731,-0.645,0.097,0.706,0.601,-0.463,0.078,-0.621,-0.624,0.558,-0.645,0.465,0.433,-0.594,-0.159,-0.632,0.336,-0.317,-0.293,0.724,-0.536,-0.172,0.27,-0.49,0.554,0.336,0.154,-0.636,-0.043,0.157,-0.395,-0.179,-0.171,0.596,-0.239,-0.508,-0.409,0.746,-0.218,0.199,-0.131,-0.097,-0.747,-0.657,0.324,-0.428,-0.173,-0.368,-0.231,-0.453,-0.824,-0.372,-0.612,0.144,-0.641,-0.284,0.197,-0.658,0.761,0.572,0.035,-0.574,0.165,0.449,-0.726,-0.602,-0.39,0.045,0.189,-0.424,0.46,0.265,0.628,-0.342,-0.615,-0.347,-0.226,-0.004,0.701,-0.495,-0.515,-0.683,-0.004,-0.402,-0.805,-0.247,0.733,-0.583,-0.46,-0.508,-0.543,0.437,-0.174,0.258,-0.817,-0.311,0.603,-0.244,-0.494,-0.372,0.664,0.404,-0.501,0.732,-0.703,-0.152,-0.13,0.244,-0.4,-0.477,0.451,-0.668,-0.533,-0.733,-0.471,0.79,-0.207,-0.405,-0.426,0.527,-0.52,-0.494,-0.365,0.528,-0.588,-0.563,-0.388,-0.61,0.227,0.647,0.347,-0.691,-0.275,-0.807,0.309,0.607,0.382,-0.455,-0.747,-0.433,0.591
ARCT,-0.185,-0.401,0.298,-0.28,-0.399,-0.153,0.141,0.436,0.309,0.484,0.511,0.482,-0.024,0.236,-0.072,-0.149,-0.014,-0.047,0.095,0.26,0.0,0.394,0.204,-0.31,-0.372,0.354,-0.228,0.188,-0.021,-0.427,0.549,-0.189,-0.287,-0.218,-0.223,-0.306,-0.481,-0.348,-0.296,-0.328,-0.254,-0.053,-0.239,-0.211,-0.137,-0.014,0.344,-0.305,-0.228,0.019,-0.197,-0.389,-0.474,0.087,-0.367,-0.169,-0.113,-0.368,0.203,0.313,-0.238,-0.119,0.26,-0.015,-0.142,0.059,-0.269,-0.433,0.467,-0.228,0.156,0.269,-0.153,0.043,-0.273,0.186,-0.333,-0.308,0.45,-0.34,-0.007,0.403,-0.44,0.518,0.168,-0.043,-0.33,0.438,0.389,-0.095,-0.384,-0.204,0.366,0.131,-0.165,-0.017,0.405,-0.071,0.097,-0.07,-0.202,-0.36,-0.003,0.076,-0.119,-0.207,-0.135,-0.147,-0.395,-0.242,-0.038,-0.427,0.521,-0.296,-0.178,0.252,-0.556,0.398,0.356,-0.082,0.155,0.086,0.437,-0.233,-0.225,-0.304,-0.01,0.231,-0.298,0.34,-0.005,0.302,-0.387,-0.472,0.142,-0.198,-0.129,0.475,-0.155,-0.331,-0.207,0.263,-0.105,-0.214,-0.181,0.421,-0.302,-0.226,-0.357,-0.293,0.461,-0.082,0.467,-0.332,-0.047,0.151,-0.181,-0.219,-0.317,0.514,0.244,-0.214,0.452,-0.335,0.013,-0.063,0.306,-0.121,0.158,0.576,-0.354,-0.358,-0.262,-0.422,0.545,0.205,-0.069,-0.2,0.338,-0.186,-0.136,-0.373,0.483,-0.458,-0.365,-0.385,-0.433,0.431,0.234,-0.089,-0.269,-0.175,-0.318,-0.254,0.34,0.099,-0.072,-0.195,-0.42,0.245
ARWR,-0.565,-0.412,0.801,-0.687,-0.817,-0.727,-0.316,0.399,0.295,0.941,0.904,0.929,-0.541,0.286,0.395,-0.388,0.262,-0.467,-0.585,0.703,0.394,0.0,-0.153,-0.647,-0.674,-0.04,-0.801,-0.06,-0.024,-0.866,0.63,-0.189,-0.606,-0.652,-0.463,-0.793,-0.88,-0.703,-0.592,-0.832,-0.551,0.059,-0.5,-0.429,-0.09,-0.467,0.079,-0.646,-0.376,-0.356,-0.83,-0.894,-0.588,0.655,-0.826,0.025,-0.059,-0.851,0.305,0.846,-0.884,-0.096,0.822,0.274,-0.746,-0.239,-0.883,-0.856,0.904,-0.88,0.271,0.574,-0.584,0.214,-0.742,0.283,-0.776,-0.618,0.875,-0.863,-0.253,0.457,-0.789,0.715,-0.133,-0.039,-0.878,0.034,0.058,-0.36,-0.423,-0.422,0.666,-0.307,-0.475,-0.71,0.9,-0.044,0.418,-0.232,-0.303,-0.833,-0.557,0.149,-0.547,-0.617,-0.709,-0.34,-0.741,-0.841,-0.28,-0.837,0.575,-0.743,-0.467,0.743,-0.83,0.832,0.738,0.054,-0.387,-0.268,0.691,-0.843,-0.67,-0.804,-0.429,0.145,-0.786,0.633,-0.155,0.495,-0.649,-0.866,-0.006,-0.151,-0.083,0.765,-0.592,-0.827,-0.572,-0.116,-0.721,-0.811,-0.524,0.678,-0.748,-0.59,-0.53,-0.887,0.499,-0.445,0.403,-0.767,-0.745,0.572,-0.647,-0.8,-0.796,0.913,0.096,-0.425,0.909,-0.91,-0.495,-0.439,0.085,-0.699,-0.084,0.458,-0.889,-0.799,-0.879,-0.624,0.816,0.183,-0.779,-0.828,0.78,-0.653,-0.364,-0.726,0.841,-0.828,-0.891,-0.842,-0.83,0.54,0.88,-0.067,-0.863,-0.294,-0.877,-0.077,0.693,0.634,-0.295,-0.903,-0.619,0.336
ASND,0.277,0.079,-0.049,0.128,0.442,0.362,0.748,0.548,0.122,-0.264,-0.264,-0.009,0.488,0.627,-0.17,-0.118,0.52,0.657,0.507,0.236,0.204,-0.153,0.0,-0.034,0.375,0.638,0.372,0.326,0.611,0.069,0.159,-0.516,-0.136,0.253,0.611,0.485,0.097,0.098,0.111,0.498,0.476,-0.036,0.05,0.168,0.266,-0.29,0.717,0.028,-0.433,0.423,0.518,0.443,-0.006,-0.09,0.139,0.095,0.258,-0.02,0.031,-0.197,0.31,0.42,0.11,0.123,0.457,0.608,0.42,0.2,-0.192,0.339,0.319,-0.075,-0.008,-0.319,0.024,0.256,0.521,0.5,0.177,0.417,0.383,0.252,0.121,0.133,0.791,0.407,0.373,0.165,0.454,0.153,0.41,0.226,-0.03,0.298,-0.094,0.433,-0.121,-0.152,-0.359,0.387,0.212,0.132,0.066,0.315,0.193,0.575,0.591,0.185,0.313,0.019,-0.107,0.214,0.047,0.144,0.307,-0.49,0.089,-0.046,-0.043,0.18,0.157,0.821,0.012,0.126,0.015,0.538,0.704,0.319,0.364,0.045,0.849,0.426,0.282,0.288,-0.106,-0.189,0.376,0.376,0.303,0.329,-0.332,0.312,0.613,0.056,0.397,0.413,0.188,0.243,0.044,0.455,0.567,0.612,0.369,-0.108,0.67,0.055,0.486,0.465,0.516,-0.16,0.716,-0.03,-0.093,0.225,0.554,0.641,0.615,0.561,-0.387,0.593,0.235,0.256,0.195,0.235,0.224,-0.279,0.507,0.553,0.001,0.28,-0.247,0.3,-0.285,0.16,0.382,0.438,0.204,0.014,-0.314,0.758,0.28,0.005,0.026,0.257,0.14,-0.268,-0.109,0.282,0.266,0.638
ASTH,0.733,0.287,-0.492,0.747,0.434,0.678,0.033,-0.525,-0.401,-0.688,-0.561,-0.739,0.13,-0.101,-0.031,0.209,-0.226,0.112,0.132,-0.529,-0.31,-0.647,-0.034,0.0,0.714,-0.235,0.639,0.322,-0.361,0.782,-0.274,0.256,0.712,0.635,0.169,0.393,0.812,0.649,0.732,0.682,0.202,0.257,0.594,0.644,0.25,0.387,0.077,0.805,0.267,0.5,0.588,0.609,0.51,-0.66,0.618,-0.257,-0.326,0.653,-0.595,-0.473,0.744,0.226,-0.569,-0.021,0.672,-0.152,0.593,0.724,-0.74,0.511,0.039,-0.234,0.337,-0.307,0.381,-0.014,0.445,0.631,-0.626,0.708,0.401,-0.127,0.421,-0.398,0.228,0.139,0.564,-0.177,-0.386,-0.052,0.571,-0.008,-0.409,0.449,0.571,0.693,-0.729,0.373,-0.35,0.478,0.568,0.483,0.374,0.289,0.741,0.444,0.515,0.248,0.738,0.524,-0.124,0.788,-0.33,0.471,0.566,-0.472,0.752,-0.64,-0.495,0.343,0.398,-0.039,-0.733,0.602,0.686,0.598,0.387,0.184,0.432,-0.378,-0.07,-0.065,0.624,0.671,-0.219,0.5,0.281,-0.598,0.348,0.776,0.709,-0.335,0.375,0.559,0.653,-0.55,0.712,0.211,0.7,0.618,-0.598,0.31,-0.084,0.676,0.526,-0.037,0.185,0.622,0.431,-0.761,0.096,0.676,-0.494,0.631,0.527,0.115,-0.421,0.547,0.063,-0.342,0.574,0.721,0.576,0.21,-0.642,-0.468,0.612,0.464,-0.762,0.189,0.528,0.399,-0.472,0.718,0.684,0.67,0.737,-0.171,-0.634,0.026,0.552,0.589,0.691,-0.168,-0.333,-0.721,0.567,0.629,0.686,-0.28
ATSG,0.845,0.525,-0.508,0.85,0.617,0.852,0.298,-0.393,-0.244,-0.805,-0.659,-0.776,0.205,0.247,0.088,-0.016,-0.019,0.316,0.218,-0.411,-0.372,-0.674,0.375,0.714,0.0,0.113,0.856,0.449,-0.002,0.836,-0.21,0.17,0.739,0.893,0.463,0.517,0.847,0.814,0.892,0.878,0.31,0.301,0.761,0.806,0.467,0.265,0.437,0.855,0.036,0.81,0.819,0.792,0.529,-0.684,0.653,-0.202,-0.289,0.662,-0.594,-0.592,0.861,0.353,-0.446,0.05,0.873,0.011,0.758,0.813,-0.859,0.63,0.296,-0.115,0.513,-0.507,0.246,0.263,0.605,0.943,-0.442,0.894,0.592,0.082,0.467,-0.271,0.523,0.498,0.722,-0.164,-0.215,0.07,0.886,-0.023,-0.349,0.658,0.67,0.812,-0.814,0.498,-0.419,0.764,0.771,0.641,0.315,0.358,0.863,0.752,0.777,0.395,0.929,0.481,-0.206,0.922,-0.261,0.466,0.874,-0.559,0.795,-0.72,-0.541,0.543,0.54,0.325,-0.669,0.717,0.771,0.766,0.651,0.429,0.48,-0.142,0.331,0.135,0.864,0.843,-0.178,0.544,0.677,-0.323,0.531,0.932,0.499,-0.348,0.615,0.634,0.894,-0.397,0.876,0.278,0.825,0.835,-0.25,0.732,0.011,0.674,0.708,-0.098,0.327,0.873,0.617,-0.807,0.419,0.729,-0.544,0.772,0.79,0.429,-0.228,0.809,-0.156,-0.058,0.646,0.901,0.711,0.318,-0.57,-0.603,0.757,0.653,-0.654,0.266,0.533,0.442,-0.608,0.875,0.878,0.859,0.886,-0.059,-0.742,0.342,0.612,0.716,0.728,0.012,-0.147,-0.641,0.627,0.711,0.921,-0.002
AVTX,0.039,-0.034,-0.094,0.051,0.208,0.183,0.538,0.429,0.247,-0.07,-0.094,0.029,0.352,0.362,-0.211,-0.169,0.209,0.43,0.36,0.172,0.354,-0.04,0.638,-0.235,0.113,0.0,0.102,0.165,0.403,-0.018,0.107,-0.175,-0.108,0.16,0.349,0.228,-0.033,0.094,-0.023,0.182,0.222,-0.086,0.095,0.08,0.295,-0.029,0.344,-0.084,-0.151,0.229,0.292,0.197,-0.214,-0.065,0.103,-0.069,0.184,-0.008,0.271,-0.207,0.114,0.001,0.125,-0.122,0.307,0.367,0.245,0.024,-0.025,0.26,0.06,-0.01,0.251,-0.07,0.014,0.06,0.287,0.184,0.183,0.165,0.359,0.207,0.063,0.148,0.343,0.275,0.195,0.382,0.683,0.265,0.107,0.132,-0.054,0.194,0.04,0.181,-0.075,-0.209,-0.076,0.133,0.033,0.147,0.209,0.002,-0.015,0.256,0.307,0.228,0.12,0.036,0.091,0.008,0.264,-0.037,0.131,-0.17,-0.068,-0.07,-0.127,-0.064,0.184,0.478,0.252,0.154,0.079,0.259,0.363,0.173,0.224,0.192,0.556,0.136,0.075,0.092,0.225,-0.186,0.174,0.295,0.223,0.08,-0.157,0.488,0.455,0.143,0.106,0.384,0.153,0.132,-0.014,0.231,0.498,0.549,0.126,-0.069,0.42,-0.227,0.269,0.274,0.297,0.017,0.341,-0.156,-0.052,0.112,0.305,0.399,0.523,0.384,-0.095,0.473,0.116,0.13,0.228,0.128,0.165,0.125,0.321,0.308,0.199,0.293,-0.055,0.158,-0.079,0.067,0.204,0.136,0.062,0.136,-0.158,0.309,0.164,-0.008,0.088,0.101,0.13,-0.115,-0.085,0.193,0.044,0.286
BCPC,0.743,0.49,-0.626,0.8,0.697,0.809,0.381,-0.305,-0.233,-0.826,-0.724,-0.803,0.357,0.089,-0.118,0.146,-0.114,0.42,0.443,-0.52,-0.228,-0.801,0.372,0.639,0.856,0.102,0.0,0.323,0.096,0.808,-0.273,0.15,0.682,0.826,0.495,0.662,0.802,0.77,0.741,0.866,0.404,0.119,0.634,0.605,0.233,0.362,0.36,0.775,0.085,0.669,0.856,0.847,0.562,-0.701,0.674,-0.038,-0.161,0.724,-0.463,-0.681,0.909,0.31,-0.6,-0.067,0.831,0.16,0.849,0.814,-0.849,0.763,0.141,-0.29,0.566,-0.383,0.445,0.107,0.667,0.821,-0.563,0.888,0.404,-0.072,0.616,-0.389,0.467,0.32,0.799,-0.041,-0.145,0.233,0.665,0.207,-0.402,0.589,0.59,0.829,-0.818,0.351,-0.428,0.592,0.581,0.724,0.4,0.122,0.781,0.772,0.815,0.44,0.82,0.638,0.008,0.863,-0.331,0.586,0.74,-0.648,0.734,-0.72,-0.596,0.324,0.556,0.422,-0.609,0.794,0.727,0.776,0.648,0.24,0.589,-0.273,0.31,-0.059,0.775,0.823,-0.127,0.341,0.452,-0.419,0.582,0.905,0.448,-0.128,0.689,0.723,0.771,-0.466,0.823,0.467,0.623,0.889,-0.285,0.627,-0.073,0.688,0.765,-0.27,0.514,0.873,0.697,-0.82,0.309,0.615,-0.661,0.854,0.742,0.5,-0.073,0.8,-0.022,-0.08,0.74,0.866,0.774,0.418,-0.588,-0.411,0.8,0.783,-0.692,0.441,0.453,0.527,-0.678,0.831,0.868,0.864,0.848,-0.221,-0.812,0.265,0.723,0.518,0.769,0.052,-0.358,-0.606,0.504,0.811,0.776,-0.035
BEAM,0.708,-0.323,0.181,0.409,-0.097,0.574,0.129,-0.077,0.027,-0.109,0.078,-0.169,-0.197,0.504,0.401,-0.515,0.164,-0.071,-0.169,0.156,0.188,-0.06,0.326,0.322,0.449,0.165,0.323,0.0,-0.233,0.192,0.515,-0.068,0.377,0.39,-0.084,-0.11,0.245,0.383,0.46,0.422,-0.351,0.678,0.535,0.657,0.437,-0.055,0.557,0.461,-0.442,0.814,0.408,0.066,-0.047,-0.507,0.134,-0.575,-0.579,-0.057,-0.548,0.1,0.26,0.01,-0.0,0.408,0.501,-0.225,0.082,0.097,-0.223,-0.093,0.686,0.509,0.132,-0.632,-0.398,0.703,-0.023,0.527,0.178,0.286,0.464,0.583,-0.171,0.389,0.615,0.628,0.001,0.111,-0.139,-0.477,0.473,-0.568,0.354,0.735,0.47,0.602,-0.179,0.524,-0.37,0.681,0.691,-0.114,-0.07,0.551,0.572,0.259,0.388,-0.02,0.426,-0.243,-0.637,0.307,-0.051,-0.244,0.571,-0.075,0.08,-0.076,-0.017,0.507,0.377,0.124,-0.417,0.116,0.406,0.206,0.511,0.739,-0.199,0.204,0.16,0.691,0.426,0.082,-0.385,0.581,0.394,0.282,0.054,0.389,0.277,-0.319,0.133,0.032,0.606,0.131,0.427,-0.495,0.479,0.153,0.071,0.46,0.352,0.036,0.341,0.354,-0.229,0.462,-0.026,-0.141,0.574,0.471,0.237,0.005,0.55,0.048,-0.27,0.348,-0.238,0.33,-0.091,0.38,0.024,-0.362,0.202,-0.643,0.56,0.025,-0.189,-0.366,0.401,-0.264,0.18,0.303,0.248,0.356,0.278,0.507,-0.308,0.172,-0.092,0.479,0.108,-0.312,0.455,-0.431,0.525,0.083,0.358,0.208
BILI,-0.257,0.201,-0.018,-0.27,0.445,-0.147,0.631,0.636,-0.067,-0.146,-0.295,0.141,0.524,0.326,-0.422,0.252,0.51,0.705,0.489,0.359,-0.021,-0.024,0.611,-0.361,-0.002,0.403,0.096,-0.233,0.0,-0.204,-0.188,-0.592,-0.516,-0.121,0.777,0.539,-0.153,-0.278,-0.307,0.158,0.669,-0.42,-0.363,-0.39,-0.143,-0.508,0.262,-0.365,-0.324,-0.174,0.15,0.313,-0.044,0.412,0.02,0.652,0.779,-0.178,0.421,-0.144,-0.012,0.45,0.268,0.126,-0.067,0.736,0.215,0.036,-0.038,0.245,-0.092,-0.383,-0.222,0.022,0.179,-0.15,0.53,0.038,0.078,0.119,-0.164,-0.3,0.305,-0.188,0.39,-0.094,0.158,0.065,0.409,0.36,0.095,0.624,-0.094,-0.355,-0.523,-0.047,0.117,-0.554,0.025,-0.146,-0.288,0.055,-0.042,0.005,-0.324,0.366,0.24,0.175,-0.07,-0.03,0.263,-0.089,-0.17,0.245,-0.143,-0.458,-0.055,0.202,0.118,-0.179,-0.377,0.773,0.251,-0.087,-0.339,0.343,0.349,-0.261,0.43,-0.067,0.782,0.031,-0.014,0.145,-0.111,-0.635,0.089,0.204,0.037,-0.029,-0.598,0.476,0.417,-0.152,-0.091,0.433,-0.223,0.467,-0.409,0.242,0.366,0.231,0.124,-0.262,0.305,-0.112,0.68,0.092,0.479,-0.012,0.314,-0.464,-0.162,0.097,0.082,0.394,0.784,0.212,-0.381,0.249,0.211,-0.058,0.041,0.457,0.125,0.068,0.028,0.436,0.172,0.438,-0.66,0.47,-0.371,-0.125,0.13,0.165,-0.105,-0.423,0.023,0.641,0.221,-0.419,-0.198,0.611,-0.151,0.139,-0.623,-0.007,-0.083,0.545
BJRI,0.716,0.451,-0.757,0.834,0.647,0.829,0.193,-0.542,-0.324,-0.878,-0.785,-0.932,0.333,-0.217,-0.131,0.272,-0.39,0.249,0.375,-0.759,-0.427,-0.866,0.069,0.782,0.836,-0.018,0.808,0.192,-0.204,0.0,-0.463,0.391,0.831,0.816,0.312,0.572,0.958,0.843,0.841,0.823,0.326,0.121,0.716,0.685,0.329,0.611,0.014,0.859,0.461,0.569,0.794,0.801,0.674,-0.762,0.794,-0.279,-0.225,0.911,-0.487,-0.762,0.903,0.165,-0.7,-0.206,0.828,-0.022,0.836,0.884,-0.892,0.787,-0.111,-0.35,0.671,-0.236,0.576,-0.115,0.618,0.76,-0.76,0.869,0.483,-0.186,0.622,-0.56,0.132,0.205,0.843,-0.102,-0.22,0.192,0.643,0.118,-0.622,0.517,0.706,0.748,-0.955,0.376,-0.404,0.472,0.529,0.832,0.591,0.022,0.764,0.546,0.68,0.438,0.864,0.774,0.144,0.944,-0.331,0.661,0.666,-0.514,0.904,-0.888,-0.71,0.206,0.592,0.109,-0.714,0.886,0.831,0.727,0.401,0.104,0.589,-0.46,0.08,-0.311,0.743,0.878,0.02,0.468,0.37,-0.691,0.556,0.885,0.764,-0.157,0.626,0.865,0.679,-0.728,0.894,0.448,0.801,0.838,-0.491,0.523,-0.259,0.9,0.648,-0.448,0.38,0.845,0.622,-0.913,-0.034,0.7,-0.789,0.892,0.539,0.34,-0.314,0.719,0.221,-0.387,0.809,0.872,0.87,0.478,-0.839,-0.28,0.744,0.687,-0.728,0.475,0.631,0.515,-0.69,0.903,0.896,0.804,0.924,-0.238,-0.841,0.047,0.779,0.581,0.936,-0.129,-0.505,-0.665,0.623,0.875,0.817,-0.431
