,AAL,AAON,ACB,ACGL,ACGLO,ACIW,ADBE,ADSK,AEP,AGIO,ALEC,ALNY,ALTR,AMBA,AMCX,AMKR,AMRX,ANSS,APPN,APTO,ARCT,ARWR,ASND,ASTH,ATSG,AVTX,BCPC,BEAM,BILI,BJRI,BLUE,BPOP,BRKL,BWIN,BZUN,CARG,CBRL,CBSH,CBUS,CENTA,CERS,CFFN,CHCO,CHEF,CHRD,CINF,CLLS,CMCO,CMCSA,COLL,COMM,COOP,CPB,CRON,CROX,CRUS,CRWD,CTAS,CYBR,CYTK,DGII,DIOD,DOMO,DPZ,DSGR,DXCM,ERIE,ESTA,EXEL,FAST,FCEL,FCFS,FHB,FITBI,FSV,FTDR,FUTU,GLDD,GLPG,GLPI,GOGO,GOSS,GSAT,GYRE,HALO,HAS,HLIT,HLNE,HSDT,HSIC,HTHT,ICHR,IDYA,IMVT,INDB,INSM,IONS,IOSP,ITRI,JBHT,JBLU,JSM,KLIC,KOD,KURA,LAB,LASR,LIN,LKQ,LNT,MBUU,MCRI,MDGL,MEDP,MGNI,MGPI,MGRC,MKTX,MRNA,MRTN,MSEX,MSFT,MU,NAVI,NBTB,NEO,NEOG,NGNE,NSSC,NTAP,NTES,NTLA,NTRS,NYMTN,OBLG,OCFC,ON,ONC,OPI,OSIS,OSW,PALI,PANW,PCAR,PCRX,PCTY,PEBO,PLAB,PLAY,PLMR,PLSE,PLUS,PRTA,PSEC,PSNL,PTCT,PTON,QNST,QRVO,QTTB,RARE,RBCAA,RGNX,SAIC,SGMO,SINT,SNPS,SPSC,SPTN,SSYS,STNE,TBBK,TCPC,TENB,TGTX,TREE,TRUP,TTWO,TW,TXG,UBSI,UCTT,UFPT,UMBF,UPBD,URBN,VBTX,VCTR,VEON,VNET,VRSK,VSEC,WABC,WTFCM,WVE,WW,WWD,XEL,ZD,ZYME
AAL,0.0,-0.718,0.006,0.34,0.382,0.875,0.491,0.404,-0.598,-0.776,0.649,0.053,0.604,0.814,-0.38,0.612,0.603,0.367,0.094,-0.776,0.704,0.533,0.688,-0.538,0.042,0.704,0.657,0.701,0.628,-0.187,-0.061,0.519,0.119,-0.384,-0.567,0.26,-0.658,-0.364,0.168,-0.683,0.653,-0.536,0.579,0.662,0.888,0.501,0.772,0.785,0.175,0.371,0.858,0.285,-0.802,-0.079,0.701,0.448,0.516,-0.436,-0.041,0.476,0.565,0.443,0.418,-0.213,0.633,0.725,0.118,0.649,0.331,0.429,-0.272,0.56,0.631,0.441,-0.671,0.703,-0.228,0.315,-0.326,0.408,-0.076,0.464,0.085,0.413,0.359,-0.59,0.885,0.342,0.458,0.919,-0.643,0.176,0.693,-0.178,0.656,0.055,-0.389,0.43,0.606,0.542,-0.143,0.756,0.854,-0.093,0.692,0.306,0.763,-0.587,0.665,-0.328,0.345,-0.118,0.674,0.768,0.113,0.493,-0.194,0.577,0.599,0.147,0.554,-0.016,0.82,-0.333,0.723,0.512,0.72,-0.159,-0.181,0.672,-0.459,0.632,-0.47,0.896,0.206,0.56,0.756,-0.554,0.252,0.799,0.049,0.37,0.287,-0.63,-0.585,-0.373,0.484,-0.023,-0.14,0.27,0.417,0.214,0.387,0.449,0.683,0.229,0.248,0.712,0.499,0.165,0.481,0.433,0.364,0.853,0.305,-0.22,0.55,-0.309,-0.431,0.523,0.242,0.823,0.534,0.206,0.347,0.486,0.317,0.484,0.686,0.367,0.617,0.737,0.789,-0.449,-0.078,-0.528,0.503,0.773,0.766,0.165,-0.413,0.542,-0.623,0.32,-0.265,0.02,0.744,-0.769,0.767,0.307
AAON,-0.718,0.0,-0.356,0.064,-0.053,-0.803,-0.478,-0.319,0.44,0.395,-0.435,-0.019,-0.34,-0.792,0.436,-0.663,-0.311,-0.441,0.12,0.433,-0.727,-0.303,-0.557,0.712,0.387,-0.566,-0.342,-0.581,-0.327,0.311,-0.336,-0.181,0.145,0.416,0.297,-0.052,0.53,0.682,0.128,0.633,-0.691,0.726,-0.132,-0.685,-0.759,-0.337,-0.827,-0.535,-0.063,-0.245,-0.671,-0.018,0.536,-0.269,-0.557,-0.657,-0.305,0.299,0.075,-0.26,-0.257,-0.72,-0.199,0.208,-0.345,-0.609,0.178,-0.408,-0.188,-0.138,0.422,-0.155,-0.319,-0.142,0.245,-0.437,0.549,0.01,0.099,0.037,0.11,-0.164,-0.091,-0.24,-0.058,0.437,-0.603,0.01,-0.551,-0.718,0.468,-0.443,-0.663,0.187,-0.26,-0.103,0.238,0.018,-0.305,-0.224,0.144,-0.483,-0.607,0.172,-0.329,-0.202,-0.644,0.717,-0.319,0.146,-0.107,0.207,-0.585,-0.575,-0.134,-0.022,0.374,-0.52,-0.766,0.322,-0.154,0.043,-0.796,0.407,-0.284,-0.33,-0.445,0.246,-0.055,-0.535,0.718,-0.447,0.558,-0.717,-0.457,-0.209,-0.514,0.807,0.143,-0.351,-0.139,-0.132,-0.094,0.76,0.608,0.304,-0.077,-0.304,0.354,-0.044,-0.341,-0.118,-0.146,-0.09,-0.446,-0.043,-0.138,-0.44,-0.697,0.003,-0.224,-0.048,-0.206,-0.533,-0.102,-0.127,-0.46,0.353,0.152,-0.39,-0.05,-0.498,-0.658,-0.123,-0.079,0.048,-0.055,-0.353,-0.423,-0.414,-0.143,-0.883,-0.652,0.681,0.166,0.606,-0.131,-0.724,-0.421,-0.001,0.432,-0.219,0.775,-0.141,0.211,-0.192,-0.462,0.627,-0.555,-0.708
ACB,0.006,-0.356,0.0,-0.492,-0.479,0.051,0.026,-0.145,0.373,0.224,-0.308,-0.138,-0.233,0.125,0.194,0.294,-0.194,0.023,-0.054,0.399,0.198,-0.297,-0.1,-0.056,-0.314,-0.03,-0.332,-0.195,-0.393,-0.356,0.411,-0.453,-0.193,-0.101,0.432,-0.377,0.186,-0.44,-0.479,0.175,0.097,-0.172,-0.428,0.272,-0.018,-0.242,0.268,-0.01,0.179,0.2,-0.067,-0.402,0.238,0.894,-0.119,0.426,-0.354,0.392,-0.362,-0.307,-0.225,0.633,-0.366,-0.156,-0.405,-0.044,-0.567,-0.334,-0.103,-0.249,-0.122,-0.475,-0.174,-0.135,0.429,-0.215,-0.26,-0.537,0.406,-0.256,0.189,-0.361,-0.205,-0.158,-0.481,0.065,0.004,-0.448,0.497,0.053,0.219,0.607,0.32,0.18,-0.382,0.389,-0.151,-0.459,-0.368,-0.306,0.318,-0.144,-0.143,-0.268,-0.21,-0.139,0.011,-0.11,-0.069,0.458,-0.373,-0.133,0.241,-0.056,-0.249,-0.536,-0.021,-0.028,0.611,-0.561,-0.287,-0.268,0.153,0.053,-0.31,-0.273,-0.237,0.287,0.505,-0.231,-0.468,-0.285,0.021,-0.031,0.594,-0.537,-0.243,-0.358,-0.135,-0.348,0.333,-0.239,-0.452,-0.191,0.116,-0.084,-0.435,0.509,-0.31,-0.446,-0.274,-0.007,-0.351,-0.273,-0.319,-0.268,-0.318,-0.349,0.325,-0.38,-0.376,-0.222,-0.353,-0.224,-0.45,0.476,-0.128,-0.178,0.452,-0.198,-0.391,-0.22,0.398,-0.367,-0.452,-0.531,-0.37,-0.239,-0.227,0.379,-0.397,0.412,0.21,-0.123,-0.501,-0.031,-0.465,0.034,-0.283,-0.323,-0.181,-0.413,-0.195,-0.497,0.179,0.537,-0.209,0.179,-0.2,0.625
ACGL,0.34,0.064,-0.492,0.0,0.799,0.392,0.3,0.472,-0.433,-0.583,0.595,0.573,0.594,0.393,-0.283,0.35,0.742,0.328,-0.072,-0.637,0.269,0.68,0.385,-0.159,0.424,0.428,0.677,0.424,0.654,0.289,-0.156,0.854,0.012,-0.09,-0.649,0.75,-0.322,0.349,0.764,-0.389,0.066,-0.147,0.637,0.021,0.367,0.677,0.118,0.644,0.036,0.23,0.464,0.732,-0.553,-0.625,0.613,0.012,0.57,-0.415,0.387,0.646,0.715,-0.193,0.725,0.188,0.571,0.592,0.781,0.666,0.557,0.488,0.018,0.872,0.435,0.461,-0.489,0.595,-0.139,0.608,-0.756,0.807,-0.594,0.756,0.477,0.653,0.555,0.145,0.459,0.77,-0.234,0.337,-0.416,-0.518,-0.226,0.295,0.747,-0.429,0.161,0.832,0.772,0.347,-0.534,0.535,0.581,0.356,0.374,0.595,0.537,0.049,0.464,-0.5,0.756,0.244,0.348,0.651,0.233,0.818,-0.089,0.375,-0.269,0.385,0.646,0.416,0.408,-0.242,0.651,0.617,0.651,-0.244,-0.647,0.639,0.124,0.544,-0.332,0.358,-0.252,0.714,0.556,0.242,0.368,0.633,-0.144,0.72,0.639,-0.064,-0.227,0.051,0.736,-0.441,0.453,0.75,0.548,0.134,0.727,0.54,0.535,0.564,0.585,0.602,-0.016,0.598,0.727,0.569,0.668,0.598,0.627,-0.628,0.549,0.018,-0.656,0.57,0.644,0.675,-0.04,0.499,0.774,0.57,0.668,0.577,0.627,0.022,0.805,-0.096,0.1,0.062,0.313,-0.255,0.833,0.324,0.603,0.286,0.276,0.819,-0.126,0.602,-0.259,-0.447,0.501,-0.342,0.541,-0.365
ACGLO,0.382,-0.053,-0.479,0.799,0.0,0.524,0.499,0.724,-0.58,-0.664,0.786,0.733,0.8,0.475,-0.356,0.399,0.812,0.539,0.029,-0.766,0.396,0.884,0.652,-0.382,0.346,0.592,0.852,0.683,0.846,0.095,-0.087,0.94,-0.113,-0.406,-0.774,0.91,-0.546,0.127,0.857,-0.638,0.274,-0.402,0.576,-0.009,0.487,0.7,0.234,0.641,-0.214,-0.04,0.593,0.867,-0.706,-0.719,0.694,-0.044,0.757,-0.672,0.583,0.868,0.823,-0.248,0.88,0.395,0.564,0.711,0.898,0.854,0.779,0.661,0.171,0.865,0.422,0.46,-0.447,0.8,-0.306,0.688,-0.829,0.589,-0.673,0.921,0.516,0.795,0.742,0.122,0.472,0.88,-0.355,0.36,-0.696,-0.677,-0.288,0.175,0.805,-0.498,0.253,0.702,0.85,0.416,-0.752,0.533,0.644,0.593,0.406,0.729,0.572,-0.023,0.24,-0.774,0.904,0.422,0.391,0.699,0.409,0.841,-0.422,0.575,-0.077,0.26,0.598,0.535,0.486,-0.54,0.592,0.845,0.758,-0.309,-0.825,0.778,-0.007,0.772,-0.57,0.532,-0.096,0.866,0.715,0.236,0.109,0.677,-0.322,0.797,0.814,-0.332,-0.435,0.174,0.733,-0.608,0.445,0.91,0.781,-0.104,0.85,0.718,0.744,0.7,0.772,0.798,0.037,0.814,0.909,0.287,0.865,0.65,0.807,-0.778,0.721,0.201,-0.889,0.796,0.832,0.75,-0.109,0.715,0.933,0.616,0.86,0.84,0.823,0.199,0.7,-0.043,0.015,-0.27,0.399,-0.532,0.93,0.507,0.712,0.553,0.409,0.915,-0.397,0.72,-0.307,-0.696,0.646,-0.531,0.744,-0.268
ACIW,0.875,-0.803,0.051,0.392,0.524,0.0,0.663,0.619,-0.639,-0.722,0.797,0.338,0.711,0.945,-0.563,0.762,0.688,0.627,-0.077,-0.779,0.837,0.703,0.805,-0.752,-0.081,0.801,0.739,0.843,0.717,-0.163,0.231,0.628,-0.127,-0.529,-0.624,0.475,-0.71,-0.471,0.287,-0.852,0.763,-0.758,0.457,0.668,0.943,0.701,0.856,0.816,0.0,0.21,0.909,0.438,-0.809,-0.13,0.841,0.537,0.653,-0.556,0.198,0.643,0.629,0.534,0.606,0.005,0.679,0.906,0.273,0.786,0.515,0.463,-0.315,0.597,0.532,0.407,-0.513,0.791,-0.557,0.359,-0.487,0.37,-0.366,0.617,0.369,0.56,0.459,-0.364,0.841,0.464,0.38,0.871,-0.746,0.102,0.476,-0.071,0.649,-0.085,-0.135,0.414,0.726,0.51,-0.441,0.709,0.873,0.106,0.54,0.512,0.896,-0.603,0.51,-0.467,0.528,0.015,0.705,0.881,0.312,0.487,-0.447,0.756,0.625,-0.029,0.5,0.211,0.953,-0.524,0.596,0.7,0.781,-0.383,-0.338,0.874,-0.58,0.776,-0.692,0.903,0.303,0.632,0.825,-0.6,-0.015,0.721,0.097,0.524,0.481,-0.79,-0.711,-0.179,0.457,-0.04,-0.021,0.468,0.691,0.133,0.529,0.424,0.773,0.412,0.482,0.801,0.62,0.393,0.639,0.26,0.595,0.827,0.459,-0.262,0.75,-0.208,-0.567,0.736,0.437,0.846,0.535,0.434,0.502,0.309,0.473,0.701,0.783,0.436,0.581,0.783,0.632,-0.647,0.052,-0.734,0.597,0.922,0.747,0.289,-0.184,0.649,-0.83,0.447,-0.356,-0.13,0.822,-0.783,0.861,0.473
ADBE,0.491,-0.478,0.026,0.3,0.499,0.663,0.0,0.881,-0.531,-0.319,0.768,0.655,0.72,0.717,-0.499,0.773,0.576,0.913,0.237,-0.557,0.745,0.663,0.649,-0.44,0.273,0.643,0.613,0.679,0.718,0.112,0.519,0.586,-0.42,-0.208,-0.463,0.622,-0.626,-0.287,0.476,-0.642,0.581,-0.757,-0.015,0.463,0.716,0.77,0.59,0.498,-0.135,0.147,0.621,0.683,-0.438,-0.202,0.724,0.562,0.801,-0.458,0.679,0.495,0.495,0.429,0.774,0.564,0.629,0.751,0.438,0.765,0.49,0.492,0.219,0.308,0.097,0.288,0.005,0.612,-0.552,0.602,-0.694,0.132,-0.34,0.623,0.659,0.569,0.62,0.119,0.628,0.677,0.18,0.383,-0.592,0.007,0.177,0.245,0.336,-0.574,0.485,0.428,0.689,0.643,-0.559,0.465,0.495,0.588,0.091,0.726,0.689,-0.124,0.085,-0.575,0.658,0.519,0.466,0.655,0.712,0.404,-0.371,0.867,0.435,0.061,-0.027,0.722,0.717,-0.708,0.258,0.773,0.569,-0.469,-0.26,0.744,-0.122,0.717,-0.45,0.574,0.131,0.618,0.766,-0.079,-0.335,0.444,0.258,0.648,0.741,-0.604,-0.435,0.461,0.269,0.011,0.392,0.651,0.816,0.412,0.707,0.46,0.67,0.399,0.765,0.713,0.733,0.577,0.72,-0.001,0.71,0.413,0.49,-0.423,0.894,0.433,-0.571,0.816,0.713,0.518,0.224,0.776,0.552,0.168,0.711,0.755,0.73,0.597,0.296,0.46,0.107,-0.576,0.445,-0.672,0.58,0.662,0.606,0.643,0.413,0.622,-0.747,0.601,-0.57,-0.46,0.597,-0.522,0.56,0.481
ADSK,0.404,-0.319,-0.145,0.472,0.724,0.619,0.881,0.0,-0.598,-0.466,0.854,0.83,0.881,0.637,-0.478,0.69,0.683,0.924,0.176,-0.669,0.693,0.851,0.789,-0.494,0.293,0.725,0.798,0.776,0.848,-0.013,0.315,0.76,-0.463,-0.396,-0.675,0.853,-0.686,-0.229,0.707,-0.708,0.553,-0.755,0.142,0.247,0.674,0.772,0.507,0.559,-0.325,-0.066,0.644,0.857,-0.54,-0.43,0.714,0.355,0.879,-0.681,0.762,0.737,0.732,0.155,0.914,0.656,0.594,0.784,0.707,0.87,0.726,0.676,0.285,0.515,0.115,0.251,-0.071,0.784,-0.576,0.715,-0.831,0.252,-0.518,0.84,0.742,0.761,0.74,0.189,0.519,0.831,-0.112,0.364,-0.749,-0.366,-0.076,0.214,0.488,-0.65,0.457,0.492,0.756,0.625,-0.808,0.387,0.588,0.763,0.207,0.849,0.636,-0.008,0.007,-0.777,0.812,0.676,0.471,0.73,0.713,0.614,-0.541,0.848,0.323,0.149,0.196,0.758,0.638,-0.792,0.322,0.917,0.688,-0.432,-0.585,0.809,-0.129,0.843,-0.644,0.59,0.197,0.774,0.809,0.082,-0.329,0.566,-0.029,0.786,0.876,-0.613,-0.568,0.456,0.423,-0.316,0.408,0.855,0.896,0.135,0.822,0.606,0.795,0.568,0.891,0.838,0.494,0.793,0.891,-0.032,0.871,0.512,0.736,-0.597,0.939,0.478,-0.793,0.936,0.881,0.588,0.004,0.871,0.807,0.39,0.89,0.928,0.86,0.604,0.384,0.253,-0.034,-0.613,0.467,-0.801,0.753,0.673,0.671,0.785,0.561,0.791,-0.727,0.688,-0.555,-0.715,0.632,-0.586,0.705,0.269
AEP,-0.598,0.44,0.373,-0.433,-0.58,-0.639,-0.531,-0.598,0.0,0.524,-0.797,-0.359,-0.726,-0.632,0.523,-0.364,-0.471,-0.568,-0.151,0.805,-0.669,-0.754,-0.709,0.587,-0.138,-0.681,-0.75,-0.805,-0.829,-0.152,0.026,-0.652,0.106,0.327,0.749,-0.553,0.705,0.198,-0.442,0.792,-0.713,0.597,-0.335,-0.331,-0.721,-0.598,-0.575,-0.422,0.382,0.165,-0.715,-0.552,0.672,0.546,-0.645,-0.179,-0.819,0.776,-0.532,-0.585,-0.599,0.011,-0.689,-0.228,-0.675,-0.668,-0.556,-0.787,-0.421,-0.514,-0.17,-0.539,-0.24,-0.38,0.476,-0.704,0.284,-0.656,0.59,-0.211,0.404,-0.602,-0.411,-0.512,-0.608,0.373,-0.549,-0.587,0.051,-0.518,0.751,0.271,-0.187,0.348,-0.537,0.398,-0.13,-0.325,-0.681,-0.599,0.532,-0.454,-0.669,-0.401,-0.582,-0.531,-0.514,0.393,-0.14,0.838,-0.601,-0.186,-0.38,-0.621,-0.619,-0.665,0.492,-0.628,-0.248,-0.335,-0.306,-0.36,-0.558,0.619,-0.407,-0.747,-0.662,0.504,0.545,-0.738,0.084,-0.837,0.618,-0.645,-0.041,-0.736,-0.737,0.139,0.147,-0.652,0.063,-0.424,-0.714,0.66,0.648,-0.14,-0.357,0.309,-0.176,-0.607,-0.683,-0.049,-0.59,-0.437,-0.84,-0.384,-0.664,-0.812,-0.354,-0.557,-0.703,-0.041,-0.681,-0.635,-0.736,0.377,-0.7,-0.261,0.73,-0.704,-0.665,-0.587,0.03,-0.68,-0.647,-0.543,-0.645,-0.694,-0.717,-0.295,-0.448,-0.321,-0.202,0.616,-0.523,0.643,-0.603,-0.623,-0.65,-0.474,-0.038,-0.627,0.65,-0.63,0.539,0.515,-0.689,0.899,-0.743,-0.102
AGIO,-0.776,0.395,0.224,-0.583,-0.664,-0.722,-0.319,-0.466,0.524,0.0,-0.684,-0.261,-0.726,-0.598,0.348,-0.458,-0.738,-0.293,0.027,0.837,-0.467,-0.701,-0.752,0.412,-0.057,-0.725,-0.834,-0.69,-0.709,0.308,0.372,-0.685,-0.056,0.549,0.753,-0.515,0.658,0.211,-0.491,0.634,-0.445,0.419,-0.751,-0.326,-0.708,-0.463,-0.516,-0.853,-0.048,-0.168,-0.767,-0.482,0.887,0.34,-0.636,-0.154,-0.504,0.566,-0.006,-0.749,-0.799,-0.045,-0.55,0.069,-0.477,-0.683,-0.45,-0.704,-0.588,-0.656,0.162,-0.806,-0.593,-0.341,0.683,-0.842,0.204,-0.42,0.486,-0.642,0.254,-0.688,-0.174,-0.607,-0.413,0.416,-0.704,-0.55,-0.049,-0.822,0.753,0.328,-0.305,0.058,-0.809,0.038,0.418,-0.586,-0.664,-0.435,0.451,-0.654,-0.874,-0.064,-0.748,-0.432,-0.674,0.285,-0.619,0.494,-0.553,-0.104,-0.678,-0.817,0.046,-0.711,0.298,-0.503,-0.33,-0.235,-0.826,-0.016,-0.642,0.399,-0.766,-0.629,-0.84,0.002,0.515,-0.677,0.366,-0.653,0.611,-0.828,-0.225,-0.685,-0.753,0.24,-0.359,-0.901,0.372,-0.593,-0.394,0.487,0.623,0.402,-0.678,0.449,0.095,-0.52,-0.442,0.116,-0.547,-0.571,-0.714,-0.374,-0.341,-0.775,-0.154,-0.352,-0.639,-0.494,-0.501,-0.901,-0.5,0.467,-0.528,0.273,0.661,-0.608,-0.386,-0.852,-0.248,-0.244,-0.618,-0.74,-0.51,-0.61,-0.791,-0.329,-0.732,-0.376,-0.578,0.357,0.155,0.577,-0.716,-0.655,-0.816,-0.249,0.181,-0.735,0.471,-0.443,0.18,0.26,-0.69,0.67,-0.84,0.068
ALEC,0.649,-0.435,-0.308,0.595,0.786,0.797,0.768,0.854,-0.797,-0.684,0.0,0.625,0.916,0.773,-0.592,0.641,0.756,0.79,0.056,-0.874,0.749,0.923,0.87,-0.598,0.213,0.84,0.919,0.921,0.948,0.061,0.122,0.847,-0.228,-0.448,-0.823,0.785,-0.777,-0.198,0.64,-0.857,0.72,-0.714,0.42,0.424,0.823,0.83,0.634,0.687,-0.282,-0.041,0.811,0.791,-0.772,-0.532,0.84,0.349,0.926,-0.766,0.628,0.802,0.781,0.156,0.888,0.419,0.765,0.87,0.695,0.963,0.676,0.704,0.136,0.712,0.373,0.423,-0.417,0.887,-0.48,0.768,-0.78,0.408,-0.465,0.846,0.653,0.735,0.783,-0.145,0.693,0.808,-0.021,0.634,-0.877,-0.339,0.13,-0.039,0.694,-0.455,0.232,0.591,0.895,0.7,-0.736,0.579,0.799,0.559,0.52,0.765,0.774,-0.243,0.285,-0.824,0.827,0.428,0.555,0.844,0.621,0.769,-0.527,0.852,0.311,0.267,0.44,0.566,0.76,-0.696,0.543,0.934,0.844,-0.483,-0.621,0.93,-0.212,0.946,-0.693,0.777,0.125,0.897,0.916,-0.12,-0.129,0.8,-0.08,0.711,0.858,-0.666,-0.697,0.206,0.582,-0.39,0.324,0.822,0.891,0.111,0.827,0.572,0.935,0.605,0.833,0.956,0.488,0.728,0.903,0.2,0.89,0.766,0.8,-0.556,0.897,0.273,-0.849,0.939,0.812,0.791,0.106,0.797,0.817,0.577,0.846,0.901,0.915,0.447,0.634,0.392,0.264,-0.601,0.463,-0.785,0.819,0.8,0.831,0.659,0.254,0.86,-0.743,0.74,-0.525,-0.602,0.864,-0.788,0.88,0.21
ALNY,0.053,-0.019,-0.138,0.573,0.733,0.338,0.655,0.83,-0.359,-0.261,0.625,0.0,0.703,0.413,-0.3,0.559,0.632,0.785,0.037,-0.419,0.469,0.756,0.537,-0.371,0.317,0.504,0.614,0.524,0.659,0.072,0.384,0.721,-0.532,-0.29,-0.513,0.91,-0.344,0.04,0.812,-0.451,0.219,-0.547,0.069,-0.095,0.315,0.661,0.236,0.4,-0.296,-0.091,0.371,0.844,-0.312,-0.457,0.57,0.15,0.699,-0.513,0.764,0.676,0.673,-0.03,0.853,0.683,0.352,0.645,0.805,0.689,0.784,0.541,0.314,0.482,0.006,0.197,0.103,0.568,-0.579,0.56,-0.802,0.322,-0.722,0.818,0.745,0.769,0.634,0.564,0.241,0.789,-0.335,0.022,-0.47,-0.502,-0.483,0.495,0.406,-0.653,0.616,0.443,0.645,0.318,-0.787,0.216,0.372,0.8,0.013,0.825,0.434,0.226,-0.097,-0.656,0.831,0.668,0.333,0.556,0.608,0.528,-0.496,0.62,0.017,0.04,0.179,0.815,0.407,-0.663,0.16,0.794,0.502,-0.315,-0.692,0.641,0.001,0.638,-0.547,0.243,0.069,0.609,0.54,0.34,-0.26,0.3,-0.058,0.777,0.808,-0.349,-0.268,0.607,0.388,-0.327,0.536,0.86,0.785,-0.018,0.777,0.56,0.538,0.676,0.854,0.575,0.203,0.869,0.823,-0.074,0.837,0.268,0.707,-0.612,0.792,0.486,-0.709,0.769,0.88,0.402,-0.146,0.798,0.822,0.219,0.84,0.819,0.662,0.472,0.3,-0.067,-0.325,-0.352,0.458,-0.583,0.71,0.405,0.418,0.644,0.749,0.71,-0.46,0.562,-0.343,-0.698,0.427,-0.272,0.5,0.057
ALTR,0.604,-0.34,-0.233,0.594,0.8,0.711,0.72,0.881,-0.726,-0.726,0.916,0.703,0.0,0.695,-0.434,0.641,0.778,0.772,0.11,-0.86,0.738,0.934,0.906,-0.545,0.276,0.854,0.948,0.871,0.94,-0.128,0.023,0.846,-0.311,-0.574,-0.841,0.84,-0.767,-0.214,0.739,-0.794,0.624,-0.693,0.411,0.273,0.755,0.724,0.579,0.723,-0.292,-0.037,0.766,0.821,-0.761,-0.503,0.759,0.261,0.871,-0.779,0.572,0.864,0.898,0.056,0.893,0.438,0.599,0.837,0.74,0.934,0.793,0.822,0.219,0.707,0.32,0.334,-0.373,0.919,-0.504,0.726,-0.786,0.443,-0.476,0.908,0.608,0.824,0.744,-0.061,0.638,0.825,-0.123,0.587,-0.871,-0.471,0.041,0.039,0.699,-0.473,0.149,0.557,0.806,0.637,-0.763,0.497,0.798,0.604,0.572,0.793,0.676,-0.088,0.246,-0.837,0.821,0.53,0.604,0.854,0.532,0.782,-0.568,0.791,0.361,0.281,0.501,0.552,0.686,-0.758,0.533,0.943,0.861,-0.302,-0.696,0.843,-0.238,0.919,-0.751,0.751,0.242,0.851,0.876,0.012,-0.085,0.812,-0.213,0.77,0.816,-0.658,-0.691,0.2,0.549,-0.504,0.253,0.832,0.813,-0.037,0.845,0.666,0.9,0.599,0.807,0.937,0.35,0.756,0.927,0.158,0.862,0.753,0.8,-0.631,0.887,0.293,-0.887,0.931,0.83,0.757,0.02,0.74,0.874,0.661,0.894,0.922,0.951,0.585,0.582,0.291,0.178,-0.588,0.336,-0.833,0.835,0.738,0.825,0.681,0.331,0.868,-0.706,0.655,-0.483,-0.658,0.778,-0.767,0.889,0.128
AMBA,0.814,-0.792,0.125,0.393,0.475,0.945,0.717,0.637,-0.632,-0.598,0.773,0.413,0.695,0.0,-0.462,0.837,0.671,0.708,-0.017,-0.719,0.903,0.679,0.744,-0.746,0.004,0.8,0.672,0.807,0.688,-0.093,0.374,0.61,-0.195,-0.473,-0.598,0.495,-0.625,-0.433,0.313,-0.798,0.752,-0.796,0.331,0.659,0.902,0.688,0.86,0.758,0.033,0.292,0.879,0.456,-0.73,-0.093,0.817,0.614,0.67,-0.522,0.264,0.577,0.613,0.609,0.628,0.055,0.64,0.898,0.267,0.762,0.539,0.437,-0.218,0.521,0.486,0.433,-0.408,0.717,-0.642,0.367,-0.49,0.309,-0.424,0.587,0.425,0.613,0.429,-0.288,0.834,0.45,0.406,0.766,-0.667,0.165,0.452,0.004,0.58,-0.12,0.005,0.391,0.716,0.469,-0.411,0.671,0.829,0.164,0.498,0.532,0.849,-0.525,0.462,-0.448,0.549,0.082,0.729,0.848,0.407,0.451,-0.456,0.741,0.611,-0.059,0.395,0.3,0.945,-0.56,0.513,0.705,0.729,-0.374,-0.317,0.841,-0.579,0.763,-0.666,0.81,0.288,0.585,0.785,-0.534,-0.038,0.626,0.219,0.504,0.504,-0.767,-0.643,-0.046,0.385,0.073,0.057,0.457,0.688,0.228,0.567,0.429,0.725,0.437,0.529,0.738,0.669,0.431,0.642,0.228,0.606,0.751,0.475,-0.264,0.787,-0.098,-0.527,0.745,0.478,0.774,0.51,0.474,0.499,0.237,0.481,0.695,0.731,0.518,0.505,0.763,0.577,-0.635,0.132,-0.717,0.558,0.861,0.688,0.339,-0.114,0.617,-0.837,0.401,-0.328,-0.092,0.797,-0.757,0.803,0.535
AMCX,-0.38,0.436,0.194,-0.283,-0.356,-0.563,-0.499,-0.478,0.523,0.348,-0.592,-0.3,-0.434,-0.462,0.0,-0.428,-0.42,-0.503,0.354,0.476,-0.463,-0.536,-0.516,0.434,0.239,-0.423,-0.492,-0.579,-0.535,-0.116,-0.164,-0.399,0.255,0.054,0.485,-0.344,0.635,0.244,-0.241,0.512,-0.522,0.502,-0.206,-0.32,-0.574,-0.6,-0.473,-0.353,0.29,0.209,-0.413,-0.376,0.356,0.232,-0.669,-0.443,-0.552,0.434,-0.404,-0.337,-0.243,-0.28,-0.485,-0.236,-0.583,-0.555,-0.335,-0.563,-0.181,-0.362,0.099,-0.373,-0.01,-0.166,0.154,-0.431,0.253,-0.445,0.485,-0.269,0.188,-0.405,-0.453,-0.26,-0.478,0.034,-0.381,-0.403,-0.103,-0.445,0.551,0.046,-0.22,0.078,-0.29,0.362,-0.195,-0.241,-0.54,-0.521,0.507,-0.376,-0.464,-0.198,-0.128,-0.524,-0.666,0.372,-0.188,0.436,-0.437,-0.035,-0.272,-0.542,-0.366,-0.301,0.283,-0.681,-0.215,-0.19,-0.096,-0.357,-0.562,0.446,-0.206,-0.501,-0.439,0.535,0.193,-0.658,0.022,-0.539,0.452,-0.509,-0.132,-0.476,-0.622,0.345,0.244,-0.422,-0.016,-0.438,-0.5,0.44,0.469,-0.11,-0.286,0.081,-0.039,-0.462,-0.6,-0.131,-0.425,0.047,-0.576,-0.112,-0.517,-0.563,-0.601,-0.33,-0.464,-0.045,-0.477,-0.374,-0.359,0.149,-0.56,-0.024,0.446,-0.488,-0.444,-0.421,-0.221,-0.505,-0.361,-0.168,-0.442,-0.473,-0.502,-0.139,-0.329,-0.43,-0.144,0.476,-0.304,0.512,-0.412,-0.521,-0.489,-0.142,-0.105,-0.415,0.502,-0.582,0.565,0.322,-0.47,0.427,-0.469,-0.28
AMKR,0.612,-0.663,0.294,0.35,0.399,0.762,0.773,0.69,-0.364,-0.458,0.641,0.559,0.641,0.837,-0.428,0.0,0.693,0.785,-0.067,-0.518,0.82,0.592,0.649,-0.534,-0.005,0.714,0.565,0.635,0.569,-0.22,0.502,0.518,-0.325,-0.331,-0.431,0.497,-0.585,-0.421,0.349,-0.573,0.55,-0.757,0.156,0.513,0.728,0.636,0.73,0.72,0.093,0.351,0.687,0.459,-0.498,0.083,0.781,0.8,0.55,-0.33,0.28,0.476,0.563,0.706,0.599,0.262,0.455,0.81,0.257,0.651,0.56,0.482,-0.103,0.399,0.28,0.252,-0.081,0.59,-0.675,0.319,-0.486,0.277,-0.323,0.57,0.491,0.655,0.415,0.064,0.698,0.452,0.416,0.595,-0.499,0.205,0.37,0.327,0.43,-0.211,0.168,0.378,0.598,0.414,-0.458,0.583,0.695,0.255,0.259,0.666,0.816,-0.219,0.402,-0.297,0.547,0.27,0.744,0.802,0.33,0.291,-0.34,0.738,0.618,-0.098,0.233,0.411,0.886,-0.601,0.382,0.634,0.621,-0.176,-0.182,0.71,-0.491,0.594,-0.558,0.688,0.403,0.451,0.722,-0.368,-0.054,0.485,0.168,0.581,0.454,-0.613,-0.476,0.117,0.295,0.187,0.055,0.461,0.602,0.289,0.595,0.36,0.553,0.333,0.52,0.59,0.776,0.403,0.59,0.211,0.527,0.566,0.324,-0.191,0.782,0.015,-0.406,0.668,0.495,0.612,0.572,0.444,0.442,0.104,0.503,0.647,0.679,0.681,0.391,0.71,0.421,-0.511,0.026,-0.692,0.506,0.681,0.616,0.284,0.166,0.563,-0.732,0.344,-0.345,-0.102,0.606,-0.473,0.629,0.6
AMRX,0.603,-0.311,-0.194,0.742,0.812,0.688,0.576,0.683,-0.471,-0.738,0.756,0.632,0.778,0.671,-0.42,0.693,0.0,0.592,-0.056,-0.773,0.581,0.782,0.684,-0.459,0.247,0.687,0.796,0.676,0.766,-0.11,0.072,0.854,-0.025,-0.385,-0.742,0.747,-0.596,0.04,0.75,-0.6,0.316,-0.479,0.632,0.179,0.63,0.693,0.457,0.859,0.115,0.314,0.678,0.705,-0.752,-0.384,0.846,0.318,0.635,-0.479,0.326,0.726,0.777,0.164,0.785,0.16,0.54,0.805,0.648,0.8,0.767,0.688,-0.041,0.818,0.592,0.461,-0.467,0.748,-0.451,0.544,-0.715,0.686,-0.485,0.856,0.413,0.857,0.666,0.044,0.718,0.723,0.01,0.576,-0.641,-0.326,0.101,0.3,0.85,-0.273,0.089,0.748,0.834,0.421,-0.593,0.756,0.787,0.353,0.506,0.677,0.753,-0.173,0.605,-0.504,0.839,0.258,0.65,0.852,0.198,0.667,-0.277,0.617,0.177,0.188,0.647,0.433,0.738,-0.51,0.72,0.755,0.794,-0.119,-0.574,0.792,-0.242,0.69,-0.542,0.691,0.107,0.742,0.8,-0.045,0.356,0.733,-0.194,0.772,0.62,-0.369,-0.397,0.003,0.719,-0.323,0.207,0.727,0.66,0.055,0.853,0.677,0.662,0.598,0.613,0.747,0.322,0.661,0.834,0.53,0.722,0.746,0.545,-0.602,0.746,-0.044,-0.705,0.73,0.658,0.855,0.279,0.514,0.757,0.534,0.725,0.754,0.81,0.374,0.786,0.312,0.352,-0.232,0.137,-0.563,0.875,0.576,0.819,0.359,0.195,0.857,-0.441,0.546,-0.216,-0.35,0.703,-0.532,0.779,-0.027
ANSS,0.367,-0.441,0.023,0.328,0.539,0.627,0.913,0.924,-0.568,-0.293,0.79,0.785,0.772,0.708,-0.503,0.785,0.592,0.0,0.093,-0.551,0.797,0.748,0.717,-0.559,0.185,0.705,0.656,0.746,0.737,0.015,0.56,0.617,-0.515,-0.344,-0.558,0.723,-0.616,-0.307,0.548,-0.672,0.625,-0.815,-0.033,0.344,0.665,0.752,0.598,0.468,-0.275,-0.027,0.595,0.712,-0.413,-0.25,0.711,0.545,0.817,-0.578,0.742,0.581,0.57,0.386,0.821,0.629,0.538,0.769,0.542,0.779,0.631,0.585,0.231,0.335,0.038,0.216,0.059,0.639,-0.697,0.621,-0.699,0.108,-0.476,0.696,0.744,0.69,0.639,0.202,0.506,0.675,0.037,0.324,-0.639,-0.126,0.023,0.199,0.334,-0.56,0.548,0.345,0.678,0.579,-0.713,0.359,0.528,0.673,0.121,0.803,0.632,-0.059,0.0,-0.657,0.721,0.589,0.494,0.682,0.764,0.424,-0.527,0.858,0.421,0.059,0.029,0.752,0.69,-0.782,0.178,0.838,0.581,-0.475,-0.419,0.768,-0.209,0.778,-0.61,0.537,0.278,0.637,0.751,-0.067,-0.422,0.414,0.175,0.65,0.797,-0.643,-0.535,0.528,0.247,-0.07,0.353,0.716,0.854,0.228,0.737,0.449,0.708,0.496,0.841,0.719,0.676,0.715,0.777,-0.126,0.792,0.397,0.615,-0.392,0.931,0.479,-0.643,0.868,0.805,0.464,0.142,0.831,0.65,0.166,0.774,0.844,0.746,0.652,0.263,0.412,-0.003,-0.647,0.481,-0.793,0.6,0.668,0.553,0.678,0.534,0.639,-0.785,0.595,-0.559,-0.547,0.602,-0.553,0.618,0.498
APPN,0.094,0.12,-0.054,-0.072,0.029,-0.077,0.237,0.176,-0.151,0.027,0.056,0.037,0.11,-0.017,0.354,-0.067,-0.056,0.093,0.0,-0.096,0.033,0.006,0.009,0.127,0.447,0.053,0.063,0.007,0.14,0.128,-0.035,0.073,0.042,0.171,0.026,0.057,-0.016,0.198,0.126,-0.004,0.044,0.025,-0.18,-0.074,0.07,-0.019,-0.074,-0.124,0.075,0.179,0.144,0.189,-0.045,-0.116,-0.119,-0.226,0.192,-0.056,0.217,-0.079,0.102,-0.216,0.129,0.199,0.118,-0.083,0.065,0.088,0.053,-0.042,0.494,-0.131,0.029,0.084,0.01,0.054,0.111,0.225,-0.112,-0.214,0.1,0.037,-0.003,0.012,0.152,-0.144,0.148,0.203,-0.001,-0.15,-0.033,0.016,0.022,0.032,-0.026,-0.212,0.17,0.139,0.03,0.237,0.096,0.071,-0.087,0.311,-0.0,0.013,-0.198,0.191,-0.187,-0.164,0.081,0.364,0.014,-0.125,0.33,0.113,0.013,0.001,-0.02,0.16,-0.17,0.21,-0.131,-0.055,0.042,0.103,-0.043,0.177,-0.031,-0.075,0.261,0.101,0.237,-0.029,-0.259,0.113,0.077,0.448,-0.001,0.052,0.064,-0.01,0.169,-0.072,0.183,0.312,-0.029,0.048,0.313,0.073,0.033,0.281,0.071,0.48,0.095,-0.021,0.119,0.109,-0.093,0.081,0.112,-0.015,0.076,-0.028,0.078,-0.191,0.123,0.431,-0.102,0.07,0.147,0.013,-0.308,0.189,0.075,0.222,0.134,0.067,0.088,0.231,-0.082,-0.152,-0.049,0.036,0.293,0.079,0.062,-0.066,0.116,0.472,0.125,0.08,-0.034,0.046,-0.033,-0.234,0.035,-0.129,-0.037,-0.121
APTO,-0.776,0.433,0.399,-0.637,-0.766,-0.779,-0.557,-0.669,0.805,0.837,-0.874,-0.419,-0.86,-0.719,0.476,-0.518,-0.773,-0.551,-0.096,0.0,-0.675,-0.85,-0.83,0.552,-0.248,-0.775,-0.92,-0.86,-0.914,0.072,0.187,-0.841,-0.001,0.483,0.897,-0.678,0.817,0.161,-0.615,0.808,-0.611,0.572,-0.644,-0.334,-0.815,-0.658,-0.581,-0.772,0.12,-0.088,-0.838,-0.675,0.9,0.565,-0.763,-0.209,-0.797,0.77,-0.37,-0.772,-0.801,-0.028,-0.775,-0.123,-0.709,-0.788,-0.634,-0.897,-0.628,-0.715,-0.017,-0.823,-0.546,-0.46,0.689,-0.869,0.318,-0.682,0.691,-0.504,0.402,-0.799,-0.362,-0.7,-0.655,0.397,-0.757,-0.721,-0.003,-0.74,0.836,0.357,-0.256,0.181,-0.841,0.289,0.077,-0.635,-0.833,-0.656,0.598,-0.688,-0.886,-0.319,-0.74,-0.611,-0.709,0.328,-0.477,0.743,-0.722,-0.211,-0.622,-0.843,-0.379,-0.815,0.392,-0.667,-0.286,-0.389,-0.645,-0.311,-0.706,0.598,-0.737,-0.822,-0.885,0.317,0.628,-0.84,0.214,-0.88,0.656,-0.84,-0.074,-0.882,-0.887,0.16,-0.18,-0.9,0.23,-0.641,-0.693,0.589,0.701,0.113,-0.61,0.413,-0.12,-0.698,-0.705,-0.051,-0.743,-0.658,-0.896,-0.469,-0.622,-0.93,-0.302,-0.584,-0.828,-0.384,-0.732,-0.893,-0.69,0.58,-0.754,-0.029,0.835,-0.791,-0.664,-0.867,-0.166,-0.589,-0.77,-0.74,-0.729,-0.793,-0.893,-0.354,-0.748,-0.373,-0.423,0.496,-0.279,0.676,-0.833,-0.726,-0.883,-0.479,0.004,-0.852,0.616,-0.625,0.442,0.49,-0.807,0.862,-0.908,0.022
ARCT,0.704,-0.727,0.198,0.269,0.396,0.837,0.745,0.693,-0.669,-0.467,0.749,0.469,0.738,0.903,-0.463,0.82,0.581,0.797,0.033,-0.675,0.0,0.692,0.792,-0.744,0.002,0.805,0.663,0.825,0.704,-0.161,0.419,0.533,-0.358,-0.493,-0.598,0.496,-0.688,-0.475,0.326,-0.798,0.825,-0.865,0.15,0.548,0.86,0.619,0.88,0.617,-0.177,0.099,0.802,0.456,-0.613,-0.055,0.749,0.642,0.708,-0.61,0.367,0.529,0.594,0.566,0.641,0.199,0.535,0.835,0.293,0.737,0.564,0.522,-0.027,0.371,0.266,0.306,-0.252,0.676,-0.663,0.393,-0.479,0.176,-0.385,0.573,0.464,0.629,0.441,-0.218,0.715,0.44,0.336,0.658,-0.674,0.118,0.403,-0.05,0.434,-0.19,0.11,0.216,0.605,0.515,-0.474,0.509,0.761,0.305,0.467,0.623,0.74,-0.408,0.282,-0.524,0.537,0.179,0.737,0.802,0.526,0.393,-0.562,0.798,0.702,-0.015,0.244,0.369,0.859,-0.676,0.321,0.742,0.667,-0.34,-0.322,0.767,-0.526,0.793,-0.718,0.753,0.439,0.529,0.775,-0.427,-0.194,0.569,0.171,0.466,0.546,-0.832,-0.675,0.128,0.186,0.085,0.018,0.465,0.681,0.123,0.562,0.373,0.753,0.346,0.597,0.716,0.69,0.494,0.64,-0.004,0.611,0.621,0.504,-0.2,0.823,0.106,-0.571,0.752,0.552,0.607,0.378,0.542,0.5,0.241,0.555,0.728,0.731,0.663,0.332,0.71,0.404,-0.723,0.221,-0.808,0.483,0.806,0.651,0.388,0.038,0.545,-0.887,0.375,-0.443,-0.22,0.725,-0.763,0.759,0.608
ARWR,0.533,-0.303,-0.297,0.68,0.884,0.703,0.663,0.851,-0.754,-0.701,0.923,0.756,0.934,0.679,-0.536,0.592,0.782,0.748,0.006,-0.85,0.692,0.0,0.864,-0.582,0.193,0.795,0.951,0.889,0.951,-0.001,0.053,0.898,-0.318,-0.526,-0.855,0.897,-0.736,-0.143,0.772,-0.792,0.62,-0.682,0.447,0.212,0.717,0.778,0.55,0.678,-0.357,-0.147,0.751,0.859,-0.754,-0.587,0.803,0.206,0.896,-0.83,0.642,0.89,0.884,-0.012,0.928,0.472,0.644,0.849,0.831,0.948,0.805,0.756,0.195,0.777,0.317,0.366,-0.374,0.903,-0.48,0.742,-0.835,0.495,-0.634,0.924,0.657,0.815,0.745,0.005,0.573,0.861,-0.209,0.537,-0.864,-0.53,-0.088,0.057,0.724,-0.495,0.235,0.556,0.868,0.599,-0.827,0.496,0.787,0.635,0.492,0.844,0.706,-0.137,0.215,-0.871,0.898,0.464,0.577,0.844,0.57,0.824,-0.613,0.804,0.229,0.245,0.528,0.579,0.67,-0.732,0.505,0.971,0.83,-0.402,-0.775,0.901,-0.182,0.946,-0.771,0.698,0.161,0.88,0.862,0.024,-0.109,0.765,-0.218,0.79,0.87,-0.625,-0.667,0.228,0.602,-0.518,0.335,0.904,0.883,-0.087,0.844,0.619,0.921,0.623,0.869,0.923,0.306,0.83,0.947,0.132,0.926,0.727,0.882,-0.631,0.884,0.275,-0.936,0.929,0.884,0.757,-0.027,0.8,0.928,0.609,0.907,0.949,0.932,0.458,0.622,0.223,0.113,-0.569,0.434,-0.789,0.876,0.73,0.784,0.617,0.368,0.89,-0.692,0.721,-0.492,-0.701,0.785,-0.73,0.879,0.073
ASND,0.688,-0.557,-0.1,0.385,0.652,0.805,0.649,0.789,-0.709,-0.752,0.87,0.537,0.906,0.744,-0.516,0.649,0.684,0.717,0.009,-0.83,0.792,0.864,0.0,-0.711,-0.023,0.871,0.894,0.927,0.858,-0.34,0.028,0.693,-0.331,-0.689,-0.802,0.677,-0.836,-0.435,0.535,-0.849,0.776,-0.8,0.405,0.363,0.832,0.598,0.764,0.703,-0.322,-0.138,0.819,0.625,-0.796,-0.345,0.726,0.34,0.77,-0.806,0.4,0.817,0.817,0.204,0.741,0.288,0.54,0.823,0.542,0.859,0.746,0.75,0.044,0.604,0.356,0.221,-0.387,0.905,-0.539,0.554,-0.608,0.304,-0.383,0.783,0.481,0.728,0.614,-0.235,0.636,0.614,0.003,0.718,-0.921,-0.309,0.218,-0.119,0.631,-0.267,-0.042,0.335,0.694,0.583,-0.713,0.479,0.856,0.443,0.611,0.672,0.712,-0.298,0.256,-0.739,0.668,0.336,0.676,0.846,0.426,0.618,-0.671,0.792,0.564,0.123,0.517,0.373,0.749,-0.758,0.484,0.865,0.824,-0.254,-0.607,0.83,-0.461,0.89,-0.856,0.852,0.435,0.751,0.864,-0.272,-0.154,0.796,-0.269,0.624,0.656,-0.818,-0.821,0.019,0.469,-0.373,-0.029,0.666,0.75,-0.163,0.66,0.523,0.908,0.486,0.665,0.902,0.419,0.638,0.795,0.048,0.742,0.775,0.709,-0.424,0.806,0.099,-0.796,0.854,0.66,0.74,0.155,0.601,0.729,0.586,0.723,0.877,0.895,0.615,0.478,0.494,0.33,-0.734,0.158,-0.922,0.689,0.836,0.796,0.553,0.114,0.719,-0.82,0.531,-0.4,-0.512,0.775,-0.819,0.936,0.312
ASTH,-0.538,0.712,-0.056,-0.159,-0.382,-0.752,-0.44,-0.494,0.587,0.412,-0.598,-0.371,-0.545,-0.746,0.434,-0.534,-0.459,-0.559,0.127,0.552,-0.744,-0.582,-0.711,0.0,0.285,-0.647,-0.53,-0.763,-0.542,0.293,-0.317,-0.44,0.272,0.582,0.544,-0.43,0.511,0.429,-0.254,0.771,-0.708,0.764,-0.25,-0.276,-0.669,-0.406,-0.76,-0.481,0.195,0.104,-0.686,-0.311,0.597,0.167,-0.606,-0.315,-0.518,0.613,-0.226,-0.53,-0.493,-0.353,-0.47,0.012,-0.39,-0.7,-0.244,-0.587,-0.567,-0.309,0.262,-0.361,-0.361,-0.232,0.312,-0.564,0.653,-0.163,0.327,-0.054,0.477,-0.485,-0.327,-0.541,-0.378,0.212,-0.465,-0.221,-0.139,-0.518,0.635,0.01,-0.183,0.13,-0.448,0.045,0.01,-0.018,-0.486,-0.187,0.472,-0.416,-0.659,-0.216,-0.417,-0.37,-0.566,0.615,-0.157,0.448,-0.435,0.06,-0.508,-0.608,-0.359,-0.242,0.714,-0.54,-0.508,0.293,-0.344,-0.242,-0.689,0.575,-0.255,-0.593,-0.528,0.292,0.477,-0.689,0.644,-0.673,0.789,-0.619,-0.387,-0.416,-0.575,0.518,0.213,-0.406,0.069,-0.27,-0.396,0.769,0.623,0.03,-0.214,0.031,0.151,-0.372,-0.594,0.231,-0.383,-0.301,-0.622,-0.408,-0.454,-0.576,-0.382,-0.477,-0.529,0.115,-0.543,-0.528,-0.488,0.169,-0.597,0.142,0.508,-0.586,-0.397,-0.568,-0.295,-0.394,-0.454,-0.159,-0.362,-0.636,-0.534,-0.367,-0.225,-0.567,-0.323,0.681,-0.129,0.733,-0.381,-0.738,-0.484,-0.275,0.15,-0.416,0.751,-0.229,0.107,0.178,-0.612,0.689,-0.733,-0.431
ATSG,0.042,0.387,-0.314,0.424,0.346,-0.081,0.273,0.293,-0.138,-0.057,0.213,0.317,0.276,0.004,0.239,-0.005,0.247,0.185,0.447,-0.248,0.002,0.193,-0.023,0.285,0.0,0.004,0.207,-0.015,0.317,0.402,-0.123,0.415,0.197,0.185,-0.204,0.39,0.006,0.388,0.418,0.009,-0.228,0.151,0.175,-0.078,0.001,0.313,-0.225,0.126,0.141,0.328,0.042,0.501,-0.105,-0.392,0.081,-0.225,0.374,-0.031,0.414,0.132,0.21,-0.284,0.399,0.284,0.328,0.106,0.425,0.27,0.129,0.19,0.412,0.288,0.124,0.419,-0.189,0.155,0.197,0.511,-0.458,0.265,-0.171,0.339,0.156,0.227,0.345,0.126,0.235,0.555,-0.204,-0.156,-0.013,-0.275,-0.211,0.182,0.285,-0.418,0.342,0.579,0.359,0.359,-0.074,0.174,-0.008,0.39,0.085,0.247,-0.008,0.325,0.052,-0.279,0.326,0.417,-0.134,0.073,0.338,0.477,0.341,0.08,-0.289,0.492,0.029,0.387,-0.072,-0.034,0.335,0.252,0.188,-0.179,-0.241,0.101,0.525,0.168,0.24,-0.065,-0.449,0.431,0.163,0.572,0.204,0.202,0.256,0.342,0.439,0.214,0.188,0.327,0.341,-0.205,0.629,0.373,0.234,0.467,0.395,0.565,0.141,0.351,0.315,0.233,-0.14,0.316,0.365,0.251,0.301,0.088,0.218,-0.558,0.267,0.459,-0.278,0.251,0.412,0.163,-0.204,0.389,0.351,0.314,0.445,0.217,0.258,-0.012,0.341,-0.353,-0.212,0.253,0.396,0.149,0.445,-0.052,0.202,0.469,0.396,0.416,0.141,0.306,-0.276,-0.374,0.142,-0.072,0.024,-0.401
AVTX,0.704,-0.566,-0.03,0.428,0.592,0.801,0.643,0.725,-0.681,-0.725,0.84,0.504,0.854,0.8,-0.423,0.714,0.687,0.705,0.053,-0.775,0.805,0.795,0.871,-0.647,0.004,0.0,0.833,0.869,0.777,-0.215,0.119,0.667,-0.32,-0.583,-0.71,0.606,-0.702,-0.335,0.502,-0.771,0.771,-0.749,0.338,0.467,0.823,0.622,0.764,0.743,-0.161,0.052,0.813,0.574,-0.747,-0.224,0.751,0.445,0.704,-0.653,0.318,0.735,0.792,0.312,0.697,0.226,0.493,0.81,0.472,0.802,0.67,0.693,0.054,0.567,0.359,0.322,-0.327,0.848,-0.605,0.525,-0.558,0.394,-0.324,0.703,0.531,0.717,0.535,-0.216,0.692,0.564,0.125,0.729,-0.829,-0.188,0.291,-0.036,0.59,-0.238,-0.043,0.405,0.682,0.516,-0.591,0.537,0.837,0.357,0.598,0.631,0.7,-0.233,0.394,-0.635,0.648,0.354,0.744,0.862,0.381,0.585,-0.589,0.753,0.555,0.084,0.5,0.366,0.788,-0.671,0.501,0.809,0.842,-0.169,-0.492,0.788,-0.511,0.834,-0.759,0.816,0.397,0.652,0.826,-0.284,-0.065,0.76,-0.168,0.582,0.583,-0.736,-0.74,0.028,0.415,-0.283,0.022,0.596,0.652,-0.058,0.656,0.53,0.824,0.45,0.615,0.834,0.482,0.519,0.737,0.17,0.681,0.762,0.638,-0.327,0.792,0.074,-0.679,0.821,0.592,0.729,0.235,0.509,0.651,0.543,0.653,0.768,0.839,0.62,0.491,0.546,0.438,-0.639,0.138,-0.849,0.625,0.802,0.751,0.479,0.069,0.702,-0.769,0.484,-0.347,-0.355,0.776,-0.773,0.857,0.382
BCPC,0.657,-0.342,-0.332,0.677,0.852,0.739,0.613,0.798,-0.75,-0.834,0.919,0.614,0.948,0.672,-0.492,0.565,0.796,0.656,0.063,-0.92,0.663,0.951,0.894,-0.53,0.207,0.833,0.0,0.881,0.95,-0.094,-0.124,0.885,-0.205,-0.543,-0.892,0.815,-0.792,-0.165,0.724,-0.804,0.623,-0.623,0.556,0.287,0.779,0.735,0.555,0.77,-0.262,-0.044,0.804,0.806,-0.839,-0.561,0.78,0.195,0.847,-0.802,0.499,0.897,0.909,-0.017,0.866,0.346,0.654,0.819,0.758,0.943,0.749,0.806,0.124,0.817,0.423,0.351,-0.504,0.959,-0.409,0.743,-0.788,0.543,-0.471,0.901,0.544,0.771,0.705,-0.165,0.645,0.829,-0.151,0.676,-0.905,-0.504,0.072,-0.037,0.781,-0.414,0.039,0.623,0.849,0.668,-0.759,0.577,0.852,0.512,0.619,0.768,0.722,-0.164,0.348,-0.83,0.818,0.431,0.63,0.878,0.444,0.861,-0.531,0.773,0.285,0.334,0.627,0.45,0.687,-0.667,0.63,0.923,0.892,-0.31,-0.722,0.876,-0.221,0.924,-0.739,0.797,0.178,0.897,0.897,-0.033,0.012,0.893,-0.303,0.762,0.789,-0.612,-0.731,0.041,0.652,-0.545,0.229,0.838,0.79,-0.08,0.802,0.657,0.941,0.552,0.756,0.962,0.286,0.704,0.909,0.26,0.853,0.847,0.808,-0.627,0.834,0.159,-0.905,0.894,0.78,0.826,0.043,0.69,0.882,0.736,0.857,0.895,0.965,0.443,0.693,0.28,0.273,-0.538,0.309,-0.786,0.873,0.758,0.863,0.579,0.22,0.902,-0.662,0.706,-0.49,-0.646,0.8,-0.791,0.92,0.032
BEAM,0.701,-0.581,-0.195,0.424,0.683,0.843,0.679,0.776,-0.805,-0.69,0.921,0.524,0.871,0.807,-0.579,0.635,0.676,0.746,0.007,-0.86,0.825,0.889,0.927,-0.763,-0.015,0.869,0.881,0.0,0.892,-0.133,0.134,0.736,-0.272,-0.589,-0.814,0.679,-0.806,-0.338,0.536,-0.905,0.828,-0.807,0.4,0.422,0.867,0.686,0.759,0.659,-0.32,-0.141,0.833,0.652,-0.789,-0.426,0.804,0.367,0.842,-0.851,0.488,0.779,0.752,0.216,0.778,0.287,0.644,0.839,0.564,0.897,0.681,0.708,0.028,0.622,0.392,0.352,-0.439,0.869,-0.534,0.62,-0.628,0.289,-0.427,0.756,0.549,0.709,0.666,-0.262,0.655,0.629,0.032,0.694,-0.914,-0.27,0.222,-0.182,0.646,-0.295,0.074,0.377,0.776,0.61,-0.683,0.546,0.849,0.465,0.574,0.673,0.738,-0.386,0.274,-0.772,0.717,0.285,0.643,0.835,0.555,0.648,-0.683,0.816,0.482,0.124,0.462,0.445,0.787,-0.731,0.479,0.889,0.79,-0.401,-0.598,0.891,-0.414,0.952,-0.815,0.84,0.301,0.79,0.898,-0.303,-0.173,0.773,-0.17,0.574,0.724,-0.777,-0.808,0.078,0.462,-0.32,0.098,0.693,0.811,-0.084,0.682,0.51,0.938,0.491,0.733,0.913,0.486,0.653,0.815,0.058,0.8,0.768,0.754,-0.418,0.836,0.139,-0.816,0.875,0.705,0.765,0.163,0.678,0.738,0.544,0.724,0.871,0.867,0.507,0.513,0.516,0.361,-0.724,0.363,-0.865,0.699,0.85,0.798,0.565,0.093,0.736,-0.828,0.618,-0.441,-0.5,0.847,-0.86,0.926,0.326
BILI,0.628,-0.327,-0.393,0.654,0.846,0.717,0.718,0.848,-0.829,-0.709,0.948,0.659,0.94,0.688,-0.535,0.569,0.766,0.737,0.14,-0.914,0.704,0.951,0.858,-0.542,0.317,0.777,0.95,0.892,0.0,0.036,-0.017,0.893,-0.205,-0.435,-0.876,0.841,-0.805,-0.127,0.742,-0.821,0.624,-0.654,0.48,0.26,0.779,0.775,0.553,0.665,-0.315,-0.07,0.788,0.849,-0.783,-0.642,0.797,0.216,0.943,-0.829,0.649,0.814,0.832,-0.013,0.925,0.435,0.745,0.825,0.789,0.976,0.711,0.76,0.214,0.762,0.357,0.436,-0.473,0.893,-0.368,0.811,-0.839,0.438,-0.513,0.9,0.583,0.769,0.8,-0.13,0.659,0.872,-0.14,0.568,-0.867,-0.463,0.054,-0.039,0.745,-0.53,0.216,0.614,0.882,0.725,-0.755,0.577,0.791,0.615,0.549,0.794,0.708,-0.181,0.252,-0.887,0.854,0.439,0.531,0.822,0.614,0.841,-0.507,0.808,0.243,0.382,0.475,0.576,0.673,-0.731,0.579,0.949,0.844,-0.436,-0.72,0.892,-0.077,0.949,-0.682,0.753,0.058,0.936,0.919,0.028,-0.061,0.831,-0.172,0.749,0.89,-0.616,-0.66,0.211,0.618,-0.453,0.335,0.873,0.872,0.061,0.845,0.668,0.947,0.573,0.843,0.965,0.361,0.776,0.946,0.195,0.888,0.764,0.831,-0.666,0.89,0.315,-0.932,0.909,0.873,0.782,0.008,0.817,0.888,0.685,0.905,0.92,0.946,0.437,0.646,0.264,0.173,-0.557,0.49,-0.75,0.887,0.718,0.857,0.662,0.306,0.898,-0.675,0.771,-0.563,-0.706,0.819,-0.8,0.879,0.035
BJRI,-0.187,0.311,-0.356,0.289,0.095,-0.163,0.112,-0.013,-0.152,0.308,0.061,0.072,-0.128,-0.093,-0.116,-0.22,-0.11,0.015,0.128,0.072,-0.161,-0.001,-0.34,0.293,0.402,-0.215,-0.094,-0.133,0.036,0.0,0.174,0.148,0.048,0.581,0.093,0.088,0.239,0.501,0.076,0.101,-0.099,0.234,-0.142,0.112,-0.116,0.367,-0.268,-0.248,-0.086,0.055,-0.146,0.236,0.222,-0.301,0.053,-0.127,0.224,0.097,0.446,-0.153,-0.195,-0.22,0.16,0.217,0.359,-0.075,0.222,0.042,-0.322,-0.258,0.224,0.023,-0.144,0.294,0.076,-0.143,0.228,0.345,-0.282,0.167,-0.162,-0.059,0.295,-0.223,0.117,0.234,-0.063,0.256,-0.167,-0.282,0.201,-0.049,-0.247,0.058,-0.109,-0.403,0.536,0.275,0.24,0.189,0.098,0.002,-0.281,0.197,-0.335,0.081,-0.026,0.11,-0.1,-0.116,0.148,0.106,-0.402,-0.169,0.433,0.221,0.265,0.043,-0.553,0.258,-0.29,0.351,-0.151,0.272,-0.062,0.02,-0.151,-0.516,0.059,0.065,0.594,0.017,0.386,-0.34,-0.647,0.126,-0.083,0.326,-0.101,-0.147,0.448,0.064,0.299,0.309,0.291,0.401,0.054,-0.034,0.728,0.183,0.177,0.451,0.106,-0.07,-0.012,0.061,0.273,-0.027,-0.007,0.075,0.049,0.052,0.196,-0.195,0.15,-0.109,0.056,0.344,0.009,0.028,0.192,-0.107,-0.303,0.33,0.055,-0.115,0.127,-0.086,-0.118,-0.457,0.109,-0.33,-0.281,0.28,0.66,0.376,0.069,-0.137,-0.168,0.116,0.223,0.082,0.206,0.334,-0.307,-0.156,0.002,0.123,-0.268,-0.194
BLUE,-0.061,-0.336,0.411,-0.156,-0.087,0.231,0.519,0.315,0.026,0.372,0.122,0.384,0.023,0.374,-0.164,0.502,0.072,0.56,-0.035,0.187,0.419,0.053,0.028,-0.317,-0.123,0.119,-0.124,0.134,-0.017,0.174,0.0,-0.031,-0.414,0.037,0.236,0.113,0.095,-0.199,-0.04,-0.159,0.239,-0.449,-0.494,0.289,0.159,0.343,0.32,-0.036,-0.004,0.098,0.087,0.061,0.208,0.278,0.277,0.502,0.154,0.09,0.332,-0.064,-0.121,0.594,0.184,0.31,0.079,0.303,-0.097,0.083,0.11,-0.15,-0.064,-0.295,-0.197,0.002,0.454,-0.075,-0.592,-0.089,-0.077,-0.251,-0.271,0.032,0.441,0.137,0.088,0.412,0.097,0.005,0.301,-0.117,0.102,0.435,-0.03,0.381,-0.25,-0.126,0.566,-0.143,0.083,-0.019,-0.092,0.018,-0.071,0.23,-0.396,0.247,0.221,-0.099,-0.163,0.06,0.154,0.131,0.131,0.101,0.448,-0.299,-0.223,0.345,0.268,-0.442,-0.423,0.438,0.353,-0.224,-0.316,0.164,-0.106,-0.298,0.154,0.214,-0.242,0.107,-0.094,-0.033,0.119,-0.118,0.072,-0.219,-0.449,-0.316,0.571,0.084,0.162,-0.284,0.049,0.519,-0.272,0.491,0.262,0.059,0.329,0.288,0.132,-0.064,-0.022,0.21,0.283,-0.036,0.552,0.228,0.088,-0.309,0.199,-0.222,-0.02,0.205,0.354,0.226,0.101,0.226,0.188,-0.085,0.293,0.291,-0.046,-0.613,0.06,0.19,0.006,0.309,-0.232,0.374,-0.09,-0.29,0.242,-0.204,-0.079,0.228,-0.13,0.141,0.291,-0.053,-0.398,-0.007,-0.097,0.109,0.093,0.069,-0.046,0.678
