,AAL,AAON,ACB,ACGL,ACGLO,ACIW,ADBE,ADSK,AEP,AGIO,ALEC,ALNY,ALTR,AMBA,AMCX,AMKR,AMRX,ANSS,APPN,APTO,ARCT,ARWR,ASND,ASTH,ATSG,AVTX,BCPC,BEAM,BILI,BJRI,BLUE,BPOP,BRKL,BWIN,BZUN,CARG,CBRL,CBSH,CBUS,CENTA,CERS,CFFN,CHCO,CHEF,CHRD,CINF,CLLS,CMCO,CMCSA,COLL,COMM,COOP,CPB,CRON,CROX,CRUS,CRWD,CTAS,CYBR,CYTK,DGII,DIOD,DOMO,DPZ,DSGR,DXCM,ERIE,ESTA,EXEL,FAST,FCEL,FCFS,FHB,FITBI,FSV,FTDR,FUTU,GLDD,GLPG,GLPI,GOGO,GOSS,GSAT,GYRE,HALO,HAS,HLIT,HLNE,HSDT,HSIC,HTHT,ICHR,IDYA,IMVT,INDB,INSM,IONS,IOSP,ITRI,JBHT,JBLU,JSM,KLIC,KOD,KURA,LAB,LASR,LIN,LKQ,LNT,MBUU,MCRI,MDGL,MEDP,MGNI,MGPI,MGRC,MKTX,MRNA,MRTN,MSEX,MSFT,MU,NAVI,NBTB,NEO,NEOG,NGNE,NSSC,NTAP,NTES,NTLA,NTRS,NYMTN,OBLG,OCFC,ON,ONC,OPI,OSIS,OSW,PALI,PANW,PCAR,PCRX,PCTY,PEBO,PLAB,PLAY,PLMR,PLSE,PLUS,PRTA,PSEC,PSNL,PTCT,PTON,QNST,QRVO,QTTB,RARE,RBCAA,RGNX,SAIC,SGMO,SINT,SNPS,SPSC,SPTN,SSYS,STNE,TBBK,TCPC,TENB,TGTX,TREE,TRUP,TTWO,TW,TXG,UBSI,UCTT,UFPT,UMBF,UPBD,URBN,VBTX,VCTR,VEON,VNET,VRSK,VSEC,WABC,WTFCM,WVE,WW,WWD,XEL,ZD,ZYME
AAL,0.0,0.413,-0.352,0.777,0.369,0.423,0.473,0.752,0.067,-0.468,-0.619,-0.26,0.184,-0.544,0.279,0.939,0.14,0.4,-0.649,-0.679,-0.563,0.323,-0.629,-0.597,0.59,-0.224,-0.099,0.392,0.405,0.679,0.605,0.496,0.574,0.838,0.644,0.06,0.807,0.354,0.652,-0.226,-0.236,0.106,0.553,0.719,0.861,0.797,-0.732,0.709,0.461,-0.695,0.399,0.673,-0.376,0.435,0.884,-0.419,0.539,0.915,-0.055,0.077,0.24,0.573,0.794,0.046,0.837,0.044,0.69,-0.116,-0.766,0.663,0.683,0.389,0.751,-0.032,0.902,-0.231,0.619,0.416,-0.147,0.884,0.914,0.377,0.629,0.043,-0.363,0.726,-0.059,-0.629,0.171,0.168,0.622,0.654,0.244,0.194,0.246,0.537,0.611,0.368,0.733,0.344,0.918,-0.03,0.737,-0.025,0.05,-0.807,0.815,0.716,0.217,0.488,0.765,0.072,-0.421,-0.331,0.841,0.036,0.2,0.012,0.233,-0.328,0.672,0.52,0.898,0.823,0.307,0.34,0.42,0.292,0.486,0.325,0.713,0.371,0.856,0.675,0.518,0.598,0.929,0.558,0.845,0.307,0.261,-0.413,-0.312,0.694,0.515,0.476,0.144,0.05,0.92,0.704,-0.163,-0.069,-0.534,0.738,0.292,-0.117,0.431,0.741,0.842,0.421,-0.077,0.497,-0.455,-0.282,-0.309,0.103,0.57,0.626,-0.19,-0.206,0.846,0.882,0.294,-0.501,-0.466,0.819,0.685,-0.059,-0.346,0.541,0.402,0.81,0.244,0.745,0.565,0.527,0.584,0.379,0.855,-0.08,-0.065,0.813,-0.006,0.411,-0.242,0.34,0.929,0.376,-0.067,-0.501
AAON,0.413,0.0,0.511,0.794,0.457,0.861,-0.276,0.147,0.659,0.44,0.071,-0.208,0.634,0.321,0.835,0.457,0.666,0.43,0.221,0.14,-0.369,0.083,-0.295,0.113,0.849,0.37,0.771,0.354,-0.317,0.845,0.724,0.91,0.854,0.142,-0.021,0.4,0.799,0.958,0.166,0.639,-0.26,0.839,0.82,0.855,0.32,0.808,0.08,0.813,0.887,0.194,0.807,0.13,0.028,0.665,0.626,0.423,-0.066,0.54,0.721,-0.415,0.868,0.885,0.274,0.028,0.675,-0.418,0.502,0.637,-0.121,0.637,0.315,0.726,0.837,0.802,0.299,0.217,-0.077,0.949,-0.033,0.488,0.61,0.473,0.276,0.508,0.083,0.777,0.73,0.211,0.78,0.805,0.404,0.904,-0.277,-0.051,0.927,-0.157,0.174,0.917,0.705,0.649,0.675,0.717,0.829,0.355,0.041,-0.178,0.684,0.647,0.805,0.711,0.625,0.827,0.362,0.442,0.607,0.783,0.874,-0.125,-0.501,0.251,0.389,-0.14,0.582,0.761,0.906,0.129,0.654,-0.1,0.653,0.906,0.183,0.136,0.756,0.514,-0.238,0.908,0.374,0.168,0.611,0.884,0.771,0.464,0.402,0.851,0.87,0.242,0.873,0.711,0.614,0.151,-0.191,0.745,0.408,0.605,0.629,0.076,-0.277,0.723,0.544,0.642,0.058,0.898,0.177,0.563,0.188,-0.135,0.128,0.331,0.651,0.638,0.316,0.667,0.787,0.167,0.028,0.729,0.039,-0.519,0.064,-0.191,0.918,0.748,0.825,0.851,0.88,0.879,0.931,0.881,0.08,-0.471,0.271,0.666,0.82,0.704,-0.252,0.076,0.569,0.415,0.772,0.344
ACB,-0.352,0.511,0.0,0.125,-0.125,0.316,-0.65,-0.607,0.322,0.818,0.541,-0.001,0.111,0.69,0.563,-0.341,0.533,-0.179,0.789,0.655,0.263,-0.055,0.128,0.456,0.318,0.416,0.707,-0.106,-0.612,0.208,0.182,0.422,0.382,-0.551,-0.618,0.054,0.113,0.552,-0.27,0.691,-0.28,0.736,0.374,0.244,-0.283,0.14,0.721,0.097,0.403,0.789,0.27,-0.46,0.075,0.449,-0.104,0.733,-0.697,-0.237,0.54,-0.317,0.67,0.386,-0.513,-0.345,-0.09,-0.349,-0.213,0.532,0.51,-0.165,-0.281,0.425,0.192,0.763,-0.491,0.216,-0.669,0.442,0.186,-0.233,-0.124,0.239,-0.119,0.483,0.405,0.055,0.891,0.572,0.737,0.508,-0.303,0.257,-0.545,-0.481,0.625,-0.457,-0.303,0.555,0.014,0.188,-0.037,0.528,0.206,0.138,-0.006,0.518,0.005,-0.185,0.437,0.071,-0.09,0.611,0.851,0.765,-0.221,0.664,0.652,-0.448,-0.691,0.255,-0.328,-0.566,-0.21,0.024,0.633,0.087,0.09,-0.319,0.063,0.632,-0.539,-0.308,-0.001,-0.063,-0.605,0.319,-0.398,-0.41,-0.101,0.44,0.535,0.849,0.545,0.165,0.374,-0.37,0.728,0.731,-0.136,-0.622,0.086,0.816,0.846,0.12,0.27,0.155,-0.684,0.009,-0.261,0.357,0.21,0.503,0.743,0.645,0.379,-0.182,-0.529,-0.367,0.598,0.676,-0.475,-0.145,0.506,0.378,0.609,0.012,-0.466,-0.331,0.099,-0.729,0.467,0.013,0.461,0.163,0.399,0.398,0.397,0.454,-0.594,-0.359,-0.02,-0.115,0.781,0.287,0.187,-0.189,-0.254,-0.209,0.73,0.615
ACGL,0.777,0.794,0.125,0.0,0.448,0.743,0.013,0.485,0.491,0.029,-0.356,-0.394,0.454,-0.067,0.757,0.77,0.351,0.441,-0.177,-0.317,-0.571,0.08,-0.611,-0.349,0.848,0.011,0.406,0.483,-0.061,0.924,0.807,0.817,0.797,0.55,0.324,0.258,0.962,0.771,0.434,0.253,-0.326,0.582,0.729,0.949,0.662,0.922,-0.387,0.905,0.874,-0.292,0.727,0.382,-0.256,0.635,0.841,0.098,0.272,0.847,0.376,-0.325,0.686,0.813,0.631,0.096,0.93,-0.335,0.648,0.355,-0.601,0.7,0.67,0.755,0.903,0.453,0.659,-0.058,0.288,0.845,-0.266,0.811,0.878,0.491,0.485,0.487,-0.271,0.879,0.425,-0.282,0.606,0.555,0.681,0.881,-0.168,-0.024,0.653,0.199,0.408,0.791,0.8,0.45,0.926,0.428,0.917,0.167,-0.139,-0.563,0.84,0.788,0.657,0.777,0.806,0.572,-0.094,-0.029,0.839,0.444,0.683,-0.101,-0.166,-0.1,0.691,0.129,0.796,0.923,0.697,0.182,0.55,-0.009,0.79,0.736,0.582,0.322,0.952,0.548,0.096,0.865,0.748,0.293,0.87,0.748,0.704,0.061,0.023,0.829,0.77,0.339,0.624,0.475,0.894,0.469,-0.356,0.445,-0.01,0.839,0.572,-0.114,0.085,0.89,0.835,0.675,-0.062,0.792,-0.188,0.283,0.096,-0.126,0.36,0.491,0.336,0.377,0.625,0.868,0.672,-0.299,-0.36,0.836,0.347,-0.455,-0.155,0.169,0.74,0.833,0.615,0.935,0.896,0.87,0.882,0.739,0.534,-0.468,0.106,0.882,0.468,0.548,-0.442,0.241,0.837,0.505,0.502,-0.155
ACGLO,0.369,0.457,-0.125,0.448,0.0,0.637,0.329,0.624,0.598,-0.058,0.15,0.1,0.698,-0.01,0.203,0.502,0.378,0.861,-0.206,-0.113,-0.438,0.262,-0.106,0.059,0.46,0.299,0.21,0.592,0.231,0.449,0.326,0.472,0.34,0.387,0.434,0.441,0.448,0.427,0.318,0.157,0.352,0.148,0.331,0.46,0.354,0.551,-0.227,0.591,0.473,-0.294,0.701,0.527,0.54,0.356,0.542,-0.117,0.559,0.529,0.507,0.006,0.344,0.466,0.541,0.481,0.561,0.135,0.649,0.371,-0.164,0.797,0.259,0.102,0.486,0.28,0.487,0.594,0.513,0.518,0.095,0.422,0.422,0.21,0.348,0.031,0.072,0.594,-0.001,-0.007,0.242,0.459,0.572,0.518,0.44,0.606,0.349,0.176,0.483,0.385,0.659,0.653,0.404,0.44,0.515,0.598,0.302,-0.277,0.55,0.725,0.401,0.71,0.551,0.402,-0.12,0.082,0.597,0.226,0.215,0.585,0.112,0.257,0.544,0.373,0.525,0.585,0.272,0.001,0.692,0.342,0.449,0.278,0.435,0.44,0.481,0.629,0.312,0.499,0.495,0.591,0.521,0.33,0.281,0.049,0.434,0.6,0.477,0.707,0.235,0.041,0.452,0.615,-0.067,0.109,-0.139,0.316,0.439,0.24,0.37,0.637,0.636,0.318,0.136,0.33,-0.339,0.246,-0.002,0.0,0.722,0.671,0.275,0.181,0.508,0.499,0.448,0.219,-0.333,0.621,0.346,0.045,0.46,0.437,0.502,0.565,0.415,0.528,0.513,0.324,0.434,0.568,0.398,-0.058,0.727,0.686,0.148,0.548,-0.149,0.343,0.545,0.731,0.188,0.17
ACIW,0.423,0.861,0.316,0.743,0.637,0.0,-0.096,0.311,0.665,0.216,0.128,-0.066,0.756,0.267,0.754,0.486,0.49,0.611,0.149,0.144,-0.294,0.153,-0.211,0.213,0.737,0.426,0.676,0.542,-0.11,0.808,0.691,0.887,0.751,0.203,0.149,0.572,0.756,0.837,0.113,0.513,0.018,0.671,0.718,0.816,0.341,0.792,0.063,0.78,0.806,0.084,0.856,0.332,0.204,0.478,0.676,0.289,0.177,0.563,0.779,-0.292,0.798,0.854,0.434,0.137,0.711,-0.221,0.558,0.628,-0.063,0.672,0.251,0.54,0.75,0.664,0.347,0.437,0.129,0.859,0.054,0.619,0.619,0.569,0.286,0.448,0.177,0.802,0.499,0.214,0.658,0.84,0.51,0.832,-0.037,0.242,0.805,-0.065,0.228,0.828,0.795,0.666,0.644,0.686,0.788,0.491,0.202,-0.13,0.717,0.725,0.799,0.75,0.71,0.777,0.211,0.415,0.671,0.676,0.696,0.145,-0.233,0.341,0.601,-0.029,0.591,0.8,0.762,0.169,0.78,-0.03,0.717,0.794,0.333,0.361,0.689,0.584,-0.1,0.855,0.461,0.351,0.553,0.811,0.655,0.354,0.499,0.748,0.811,0.455,0.707,0.593,0.623,0.342,-0.085,0.641,0.277,0.476,0.658,0.258,-0.066,0.757,0.636,0.567,0.134,0.792,0.081,0.499,0.151,-0.099,0.283,0.546,0.609,0.6,0.387,0.669,0.832,0.235,-0.023,0.698,0.181,-0.405,0.196,0.031,0.857,0.732,0.845,0.772,0.836,0.798,0.828,0.768,0.179,-0.353,0.385,0.714,0.668,0.617,-0.227,0.321,0.645,0.491,0.619,0.339
ADBE,0.473,-0.276,-0.65,0.013,0.329,-0.096,0.0,0.821,-0.371,-0.725,-0.355,0.463,0.031,-0.8,-0.537,0.569,0.01,0.486,-0.705,-0.647,-0.121,0.69,-0.051,-0.48,-0.101,-0.38,-0.716,0.426,0.916,-0.17,0.062,-0.26,-0.151,0.76,0.838,0.052,0.047,-0.384,0.663,-0.761,0.375,-0.659,-0.133,-0.092,0.524,0.194,-0.543,-0.037,-0.296,-0.802,-0.129,0.678,0.031,-0.042,0.419,-0.879,0.81,0.495,-0.382,0.765,-0.456,-0.015,0.652,0.26,0.291,0.745,0.561,-0.549,-0.313,0.419,0.211,-0.505,0.057,-0.553,0.683,-0.074,0.885,-0.285,0.392,0.335,0.32,0.168,0.442,-0.664,0.119,0.014,-0.638,-0.687,-0.417,-0.33,0.395,0.029,0.753,0.628,-0.457,0.826,0.736,-0.446,0.282,0.065,0.186,-0.519,0.108,-0.018,0.486,-0.584,0.273,0.357,-0.486,-0.002,0.298,-0.596,-0.484,-0.455,0.42,-0.54,-0.622,0.532,0.749,-0.296,0.226,0.945,0.48,0.163,-0.464,0.359,0.104,0.823,-0.061,-0.368,0.619,0.561,0.129,0.522,0.767,-0.135,0.618,0.794,0.283,-0.456,-0.528,-0.682,-0.128,0.108,-0.004,0.692,-0.592,-0.557,0.247,0.655,0.323,-0.648,-0.7,0.175,-0.08,0.338,0.89,0.17,0.488,0.052,0.379,-0.266,-0.513,-0.744,-0.741,0.578,0.774,0.621,-0.691,-0.656,0.634,0.321,-0.36,-0.266,-0.278,0.309,0.825,0.698,-0.066,0.873,-0.315,0.304,-0.402,0.016,-0.142,-0.29,-0.214,-0.136,0.741,0.689,0.065,0.295,-0.663,0.226,0.261,0.294,0.424,0.272,-0.673,-0.334
ADSK,0.752,0.147,-0.607,0.485,0.624,0.311,0.821,0.0,0.055,-0.628,-0.461,0.128,0.356,-0.667,-0.103,0.85,0.106,0.729,-0.724,-0.698,-0.477,0.506,-0.364,-0.54,0.318,-0.274,-0.385,0.631,0.714,0.313,0.383,0.167,0.203,0.899,0.885,0.226,0.489,0.051,0.734,-0.484,0.254,-0.312,0.179,0.37,0.727,0.579,-0.714,0.455,0.208,-0.867,0.322,0.783,0.042,0.232,0.731,-0.69,0.915,0.817,-0.074,0.398,-0.062,0.336,0.895,0.419,0.713,0.42,0.812,-0.233,-0.599,0.769,0.53,-0.08,0.457,-0.269,0.906,0.029,0.935,0.2,0.095,0.666,0.681,0.295,0.565,-0.287,-0.132,0.481,-0.426,-0.678,-0.113,0.001,0.721,0.438,0.606,0.614,-0.084,0.724,0.782,0.008,0.637,0.31,0.578,-0.167,0.509,0.17,0.281,-0.763,0.626,0.758,-0.041,0.478,0.654,-0.172,-0.565,-0.479,0.785,-0.264,-0.199,0.552,0.584,-0.226,0.619,0.84,0.771,0.589,-0.099,0.24,0.427,0.653,0.393,-0.006,0.855,0.664,0.577,0.679,0.728,0.302,0.882,0.834,0.678,-0.005,-0.085,-0.554,-0.086,0.495,0.347,0.803,-0.222,-0.3,0.635,0.882,-0.025,-0.388,-0.665,0.489,0.25,0.158,0.83,0.615,0.847,0.33,0.189,0.105,-0.661,-0.41,-0.484,0.32,0.926,0.81,-0.349,-0.348,0.858,0.693,0.034,-0.32,-0.57,0.668,0.817,0.31,0.024,0.882,0.106,0.65,-0.015,0.474,0.297,0.145,0.232,0.27,0.898,0.277,0.282,0.73,-0.363,0.418,-0.11,0.382,0.767,0.609,-0.322,-0.357
AEP,0.067,0.659,0.322,0.491,0.598,0.665,-0.371,0.055,0.0,0.465,0.196,-0.325,0.665,0.471,0.66,0.12,0.286,0.529,0.243,0.199,-0.539,-0.354,-0.197,0.224,0.553,0.639,0.715,0.389,-0.524,0.61,0.393,0.653,0.408,-0.106,-0.172,0.357,0.443,0.725,-0.156,0.65,0.023,0.619,0.364,0.567,0.043,0.416,0.093,0.638,0.754,0.203,0.852,-0.096,0.485,0.433,0.232,0.467,0.052,0.21,0.693,-0.679,0.638,0.401,0.144,0.424,0.396,-0.544,0.322,0.833,-0.052,0.507,0.248,0.546,0.496,0.618,0.017,0.444,-0.129,0.77,-0.274,0.165,0.229,0.109,0.005,0.496,-0.075,0.582,0.399,0.402,0.51,0.67,0.448,0.493,-0.319,0.112,0.671,-0.417,0.076,0.697,0.386,0.497,0.309,0.767,0.387,0.441,-0.212,-0.021,0.369,0.562,0.737,0.855,0.283,0.817,0.084,0.248,0.368,0.567,0.684,0.275,-0.366,0.342,0.409,-0.32,0.21,0.493,0.591,-0.414,0.481,-0.241,0.555,0.523,0.071,0.016,0.438,0.13,-0.347,0.641,0.066,-0.051,0.383,0.72,0.726,0.544,0.475,0.539,0.486,0.199,0.657,0.343,0.331,0.218,-0.51,0.519,0.334,0.237,0.492,-0.083,-0.253,0.52,0.307,0.234,-0.252,0.508,-0.158,0.744,0.494,-0.327,0.218,0.164,0.816,0.632,0.109,0.362,0.689,0.352,-0.306,0.425,-0.346,-0.498,0.495,-0.223,0.686,0.302,0.726,0.566,0.56,0.558,0.628,0.711,-0.108,-0.602,0.734,0.495,0.59,0.335,-0.56,-0.188,0.249,0.729,0.737,0.298
AGIO,-0.468,0.44,0.818,0.029,-0.058,0.216,-0.725,-0.628,0.465,0.0,0.554,-0.186,0.083,0.801,0.483,-0.454,0.41,-0.163,0.735,0.696,0.116,-0.294,0.111,0.372,0.209,0.505,0.674,-0.177,-0.772,0.116,0.135,0.267,0.215,-0.64,-0.741,-0.047,-0.027,0.487,-0.362,0.812,-0.189,0.685,0.196,0.115,-0.366,-0.058,0.643,0.073,0.361,0.745,0.293,-0.61,0.23,0.382,-0.308,0.826,-0.641,-0.348,0.459,-0.489,0.524,0.164,-0.586,-0.036,-0.172,-0.443,-0.263,0.535,0.451,-0.139,-0.128,0.463,0.088,0.701,-0.57,0.221,-0.725,0.414,-0.017,-0.433,-0.293,-0.024,-0.284,0.517,0.249,-0.053,0.744,0.626,0.58,0.345,-0.288,0.11,-0.636,-0.476,0.519,-0.52,-0.381,0.481,-0.18,0.112,-0.188,0.526,0.038,0.182,-0.235,0.487,-0.17,-0.223,0.403,0.142,-0.267,0.593,0.723,0.547,-0.313,0.552,0.633,-0.337,-0.677,0.287,-0.307,-0.598,-0.311,-0.121,0.506,-0.265,0.024,-0.433,0.034,0.465,-0.534,-0.401,-0.082,-0.254,-0.672,0.19,-0.533,-0.556,-0.114,0.417,0.561,0.834,0.533,0.098,0.224,-0.468,0.656,0.586,-0.259,-0.622,-0.201,0.733,0.79,-0.022,0.214,0.018,-0.741,-0.092,-0.352,0.171,-0.053,0.322,0.533,0.786,0.586,-0.332,-0.475,-0.52,0.662,0.616,-0.549,-0.208,0.412,0.386,0.384,-0.095,-0.698,-0.322,0.311,-0.744,0.373,-0.157,0.386,0.089,0.275,0.255,0.292,0.368,-0.652,-0.502,0.195,-0.147,0.715,0.12,-0.032,-0.337,-0.408,-0.011,0.793,0.562
ALEC,-0.619,0.071,0.541,-0.356,0.15,0.128,-0.355,-0.461,0.196,0.554,0.0,0.366,0.261,0.706,0.001,-0.54,0.323,0.082,0.672,0.808,0.534,0.093,0.525,0.688,-0.101,0.43,0.392,-0.073,-0.262,-0.237,-0.158,-0.005,-0.117,-0.629,-0.435,0.185,-0.368,0.076,-0.411,0.451,0.261,0.208,-0.091,-0.244,-0.562,-0.269,0.743,-0.262,-0.049,0.665,0.045,-0.296,0.581,0.034,-0.37,0.542,-0.393,-0.503,0.525,0.021,0.222,0.032,-0.505,0.0,-0.406,0.131,-0.311,0.326,0.751,-0.18,-0.572,-0.154,-0.3,0.425,-0.575,0.649,-0.44,0.001,0.377,-0.469,-0.48,0.044,-0.205,0.067,0.598,-0.249,0.368,0.704,0.251,0.241,-0.436,-0.12,0.007,-0.034,0.166,-0.414,-0.339,0.098,-0.186,0.215,-0.482,0.377,-0.169,0.48,0.322,0.727,-0.234,-0.301,0.121,-0.125,-0.279,0.291,0.734,0.66,-0.479,0.293,0.123,0.086,-0.238,0.569,-0.369,-0.314,-0.446,-0.329,0.112,-0.049,0.138,-0.132,-0.238,0.119,-0.543,-0.083,-0.422,-0.122,-0.35,-0.144,-0.565,-0.178,-0.465,0.006,0.025,0.62,0.752,-0.204,0.046,-0.129,0.19,0.363,-0.487,-0.495,0.318,0.44,0.647,-0.403,0.168,0.418,-0.367,-0.257,-0.411,0.051,0.309,-0.056,0.595,0.482,0.311,-0.21,-0.254,-0.224,0.374,0.407,-0.58,-0.49,0.163,0.666,0.606,-0.287,-0.401,0.149,0.573,-0.394,0.096,-0.237,0.173,-0.277,-0.019,-0.125,-0.119,0.095,-0.606,-0.026,0.29,-0.35,0.356,0.111,0.442,0.045,-0.488,-0.17,0.284,0.706
ALNY,-0.26,-0.208,-0.001,-0.394,0.1,-0.066,0.463,0.128,-0.325,-0.186,0.366,0.0,0.225,-0.166,-0.423,-0.14,0.228,0.301,0.125,0.071,0.519,0.625,0.697,0.351,-0.228,-0.099,-0.23,0.286,0.583,-0.414,-0.198,-0.22,-0.238,0.071,0.359,0.424,-0.33,-0.297,0.037,-0.36,0.454,-0.419,-0.203,-0.405,-0.268,-0.134,0.347,-0.413,-0.391,0.06,-0.257,0.206,0.364,-0.308,-0.007,-0.366,0.228,-0.125,0.129,0.713,-0.323,-0.011,0.044,0.051,-0.253,0.61,0.151,-0.141,0.522,0.06,-0.593,-0.702,-0.317,-0.149,0.007,0.257,0.297,-0.294,0.767,-0.162,-0.184,0.219,0.013,-0.664,0.749,-0.35,-0.192,0.119,-0.21,0.047,-0.027,-0.098,0.56,0.508,-0.231,0.252,0.156,-0.405,0.009,0.1,-0.346,-0.08,-0.138,0.31,0.767,0.199,-0.133,-0.028,-0.271,-0.291,-0.022,-0.297,0.193,0.302,-0.103,-0.102,-0.483,0.449,0.29,0.235,-0.333,0.378,-0.071,-0.239,-0.321,0.383,0.024,0.613,-0.231,-0.226,-0.005,0.438,-0.379,0.26,0.12,-0.285,-0.076,0.541,-0.41,-0.316,-0.627,-0.143,0.396,-0.197,0.014,0.496,-0.375,-0.194,-0.3,0.054,0.795,-0.221,0.136,-0.253,0.078,0.616,0.406,-0.187,-0.056,0.067,0.811,-0.286,0.24,-0.356,-0.609,0.554,0.19,0.359,-0.255,-0.089,-0.029,-0.272,-0.341,0.405,0.468,-0.123,0.336,0.521,0.165,0.269,-0.26,-0.037,-0.187,-0.365,-0.272,-0.291,-0.359,-0.135,-0.1,0.789,0.056,-0.251,-0.271,0.297,0.596,0.127,-0.149,-0.109,-0.337,0.496
ALTR,0.184,0.634,0.111,0.454,0.698,0.756,0.031,0.356,0.665,0.083,0.261,0.225,0.0,0.232,0.426,0.322,0.439,0.78,0.166,0.116,-0.228,0.136,0.107,0.352,0.553,0.356,0.538,0.582,0.021,0.519,0.441,0.608,0.397,0.179,0.273,0.76,0.452,0.583,0.048,0.309,0.309,0.339,0.374,0.472,0.042,0.534,0.093,0.541,0.59,0.054,0.675,0.272,0.488,0.209,0.469,0.132,0.341,0.381,0.788,-0.163,0.501,0.599,0.443,0.41,0.468,-0.116,0.548,0.624,0.059,0.7,0.04,0.181,0.432,0.483,0.308,0.552,0.248,0.654,0.113,0.362,0.381,0.409,0.195,0.1,0.257,0.577,0.227,0.29,0.336,0.703,0.546,0.638,0.15,0.471,0.553,-0.127,0.244,0.526,0.602,0.652,0.33,0.688,0.525,0.639,0.32,-0.049,0.509,0.728,0.616,0.693,0.546,0.608,0.1,0.31,0.525,0.487,0.412,0.523,-0.094,0.535,0.432,0.072,0.41,0.533,0.442,-0.011,0.676,0.151,0.609,0.469,0.343,0.486,0.426,0.451,-0.063,0.577,0.295,0.458,0.293,0.61,0.304,0.196,0.551,0.546,0.627,0.654,0.391,0.311,0.369,0.415,-0.007,0.367,0.278,0.21,0.639,0.293,0.143,0.621,0.534,0.464,0.285,0.425,-0.052,0.405,0.007,0.005,0.45,0.608,0.53,0.568,0.342,0.414,0.492,0.437,-0.084,0.514,0.15,-0.278,0.462,0.153,0.598,0.548,0.652,0.5,0.538,0.52,0.511,0.674,0.089,-0.113,0.638,0.52,0.402,0.592,-0.213,0.156,0.442,0.612,0.402,0.47
AMBA,-0.544,0.321,0.69,-0.067,-0.01,0.267,-0.8,-0.667,0.471,0.801,0.706,-0.166,0.232,0.0,0.463,-0.582,0.19,-0.143,0.786,0.872,0.265,-0.428,0.24,0.621,0.137,0.53,0.706,-0.156,-0.763,0.079,0.041,0.241,0.066,-0.762,-0.725,0.144,-0.124,0.394,-0.581,0.76,-0.02,0.583,0.039,0.036,-0.564,-0.173,0.751,-0.009,0.304,0.789,0.255,-0.571,0.369,0.107,-0.396,0.866,-0.613,-0.501,0.599,-0.551,0.492,0.099,-0.568,-0.035,-0.262,-0.455,-0.413,0.597,0.552,-0.261,-0.281,0.345,-0.099,0.64,-0.656,0.428,-0.726,0.316,-0.126,-0.369,-0.353,-0.076,-0.363,0.565,0.252,-0.066,0.604,0.817,0.446,0.399,-0.298,-0.004,-0.553,-0.391,0.445,-0.697,-0.551,0.442,-0.207,0.079,-0.286,0.585,-0.08,0.339,-0.201,0.686,-0.198,-0.239,0.476,0.098,-0.28,0.629,0.633,0.541,-0.421,0.482,0.554,-0.188,-0.605,0.475,-0.202,-0.735,-0.471,-0.157,0.404,-0.369,0.081,-0.575,0.062,0.357,-0.51,-0.296,-0.189,-0.374,-0.671,0.106,-0.623,-0.548,-0.304,0.41,0.468,0.779,0.565,-0.092,0.109,-0.441,0.543,0.586,-0.323,-0.595,-0.2,0.705,0.804,-0.264,0.358,0.01,-0.684,-0.087,-0.393,0.095,-0.063,0.182,0.529,0.835,0.711,-0.447,-0.527,-0.457,0.73,0.745,-0.643,-0.349,0.446,0.508,0.399,-0.207,-0.737,-0.444,0.506,-0.737,0.319,-0.241,0.445,-0.041,0.212,0.203,0.18,0.237,-0.728,-0.524,0.203,-0.258,0.664,-0.034,-0.079,-0.163,-0.437,-0.085,0.701,0.568
AMCX,0.279,0.835,0.563,0.757,0.203,0.754,-0.537,-0.103,0.66,0.483,0.001,-0.423,0.426,0.463,0.0,0.219,0.319,0.16,0.368,0.224,-0.298,-0.271,-0.343,0.117,0.73,0.342,0.795,0.275,-0.559,0.835,0.671,0.864,0.707,-0.054,-0.221,0.302,0.731,0.876,-0.113,0.644,-0.381,0.86,0.648,0.819,0.168,0.634,0.173,0.696,0.889,0.307,0.715,-0.116,-0.095,0.506,0.432,0.584,-0.212,0.346,0.648,-0.671,0.85,0.7,0.135,-0.03,0.563,-0.653,0.242,0.705,-0.149,0.308,0.309,0.823,0.681,0.749,0.086,0.047,-0.287,0.869,-0.308,0.464,0.51,0.417,0.093,0.725,-0.063,0.661,0.72,0.297,0.774,0.755,0.379,0.703,-0.581,-0.282,0.838,-0.348,-0.085,0.889,0.494,0.304,0.597,0.717,0.657,0.201,-0.284,-0.032,0.538,0.456,0.861,0.653,0.462,0.867,0.267,0.352,0.427,0.724,0.891,-0.266,-0.525,0.123,0.409,-0.47,0.328,0.657,0.842,-0.061,0.404,-0.408,0.695,0.84,0.1,0.046,0.635,0.167,-0.453,0.797,0.198,-0.148,0.454,0.906,0.861,0.519,0.278,0.584,0.68,-0.036,0.863,0.736,0.547,-0.018,-0.381,0.788,0.496,0.509,0.614,-0.164,-0.424,0.607,0.373,0.515,-0.145,0.806,0.188,0.672,0.435,-0.298,-0.157,0.089,0.747,0.752,0.092,0.494,0.827,0.083,-0.031,0.497,-0.214,-0.743,0.015,-0.4,0.79,0.482,0.837,0.709,0.795,0.887,0.84,0.706,-0.087,-0.677,0.078,0.496,0.801,0.369,-0.466,-0.043,0.404,0.289,0.852,0.188
AMKR,0.939,0.457,-0.341,0.77,0.502,0.486,0.569,0.85,0.12,-0.454,-0.54,-0.14,0.322,-0.582,0.219,0.0,0.284,0.551,-0.64,-0.676,-0.585,0.448,-0.587,-0.582,0.605,-0.201,-0.104,0.474,0.481,0.641,0.595,0.482,0.588,0.888,0.708,0.132,0.795,0.373,0.769,-0.211,-0.122,0.092,0.578,0.698,0.872,0.834,-0.723,0.733,0.469,-0.714,0.452,0.74,-0.26,0.49,0.912,-0.452,0.624,0.965,0.002,0.178,0.27,0.632,0.838,0.152,0.884,0.157,0.794,-0.112,-0.707,0.798,0.66,0.327,0.769,-0.003,0.924,-0.113,0.71,0.468,-0.018,0.826,0.882,0.421,0.652,-0.013,-0.264,0.741,-0.046,-0.664,0.193,0.193,0.652,0.719,0.347,0.318,0.265,0.61,0.722,0.369,0.807,0.463,0.865,-0.01,0.784,0.069,0.182,-0.815,0.821,0.786,0.193,0.546,0.816,0.071,-0.365,-0.287,0.906,0.073,0.184,0.136,0.269,-0.23,0.676,0.653,0.953,0.817,0.311,0.403,0.535,0.418,0.522,0.362,0.746,0.445,0.854,0.76,0.588,0.619,0.971,0.662,0.887,0.289,0.242,-0.398,-0.186,0.761,0.586,0.611,0.152,0.023,0.872,0.755,-0.104,-0.072,-0.518,0.756,0.273,0.046,0.514,0.771,0.911,0.475,0.052,0.508,-0.449,-0.269,-0.369,0.185,0.708,0.717,-0.195,-0.19,0.91,0.904,0.283,-0.446,-0.461,0.851,0.764,0.047,-0.264,0.65,0.429,0.866,0.224,0.773,0.587,0.49,0.585,0.477,0.89,0.003,0.093,0.877,-0.009,0.533,-0.164,0.374,0.938,0.476,-0.067,-0.368
AMRX,0.14,0.666,0.533,0.351,0.378,0.49,0.01,0.106,0.286,0.41,0.323,0.228,0.439,0.19,0.319,0.284,0.0,0.4,0.213,0.227,-0.043,0.488,-0.001,0.138,0.549,0.235,0.409,0.184,-0.031,0.325,0.401,0.486,0.523,0.073,-0.012,0.136,0.391,0.602,0.39,0.372,-0.125,0.503,0.568,0.416,0.204,0.523,0.226,0.374,0.445,0.215,0.421,0.082,0.153,0.618,0.374,0.232,-0.102,0.328,0.479,0.109,0.566,0.658,0.078,-0.033,0.34,0.098,0.415,0.3,0.164,0.495,-0.023,0.269,0.54,0.656,0.172,0.29,-0.034,0.55,0.45,0.074,0.254,0.43,0.331,0.031,0.473,0.34,0.609,0.141,0.602,0.436,0.065,0.618,-0.014,0.001,0.575,0.043,0.294,0.495,0.426,0.575,0.304,0.357,0.537,0.28,0.39,-0.046,0.439,0.32,0.255,0.302,0.269,0.404,0.584,0.491,0.287,0.514,0.456,-0.057,-0.355,0.158,-0.1,0.156,0.387,0.369,0.577,0.274,0.436,0.323,0.125,0.602,-0.066,0.079,0.367,0.537,-0.03,0.517,0.18,0.266,0.343,0.347,0.342,0.42,0.545,0.617,0.657,0.266,0.539,0.515,0.207,-0.084,0.242,0.503,0.388,0.41,0.308,0.379,-0.147,0.345,0.268,0.532,0.395,0.575,0.305,0.232,-0.167,0.123,0.203,0.184,0.258,0.306,0.168,0.335,0.411,0.341,0.349,0.511,0.133,0.048,0.157,-0.11,0.578,0.575,0.396,0.492,0.568,0.4,0.559,0.688,-0.003,-0.03,0.226,0.346,0.573,0.736,0.285,-0.033,0.251,0.179,0.423,0.486
ANSS,0.4,0.43,-0.179,0.441,0.861,0.611,0.486,0.729,0.529,-0.163,0.082,0.301,0.78,-0.143,0.16,0.551,0.4,0.0,-0.25,-0.214,-0.365,0.417,-0.071,-0.029,0.44,0.216,0.117,0.725,0.375,0.396,0.448,0.422,0.272,0.496,0.583,0.511,0.431,0.354,0.365,-0.024,0.346,0.016,0.238,0.418,0.389,0.567,-0.24,0.504,0.44,-0.384,0.652,0.512,0.538,0.314,0.597,-0.26,0.709,0.599,0.477,0.146,0.234,0.488,0.678,0.541,0.587,0.234,0.782,0.317,-0.186,0.846,0.212,-0.017,0.46,0.202,0.572,0.465,0.61,0.471,0.224,0.442,0.473,0.363,0.425,-0.177,0.234,0.527,-0.094,-0.086,0.197,0.443,0.678,0.553,0.448,0.653,0.254,0.294,0.585,0.28,0.635,0.604,0.405,0.35,0.512,0.517,0.393,-0.397,0.601,0.82,0.303,0.719,0.555,0.28,-0.153,0.005,0.653,0.133,0.09,0.705,0.293,0.204,0.487,0.51,0.591,0.582,0.166,0.025,0.604,0.514,0.435,0.241,0.557,0.603,0.456,0.658,0.297,0.465,0.555,0.73,0.475,0.304,0.14,-0.026,0.495,0.557,0.559,0.849,0.102,-0.001,0.46,0.694,0.035,0.01,-0.133,0.317,0.52,0.366,0.519,0.613,0.697,0.397,0.285,0.249,-0.399,0.072,-0.227,0.172,0.836,0.767,0.183,0.121,0.558,0.555,0.308,0.246,-0.312,0.621,0.429,0.151,0.467,0.517,0.399,0.612,0.383,0.491,0.446,0.315,0.387,0.564,0.457,0.105,0.681,0.658,0.053,0.613,-0.129,0.213,0.563,0.778,0.101,0.159
APPN,-0.649,0.221,0.789,-0.177,-0.206,0.149,-0.705,-0.724,0.243,0.735,0.672,0.125,0.166,0.786,0.368,-0.64,0.213,-0.25,0.0,0.822,0.531,-0.274,0.46,0.694,0.038,0.296,0.624,-0.147,-0.607,-0.047,-0.043,0.156,0.022,-0.739,-0.666,0.266,-0.204,0.259,-0.564,0.603,0.057,0.476,0.009,-0.09,-0.689,-0.233,0.848,-0.206,0.149,0.888,0.052,-0.597,0.163,0.017,-0.407,0.782,-0.659,-0.546,0.578,-0.322,0.413,0.095,-0.577,-0.157,-0.372,-0.331,-0.462,0.513,0.677,-0.376,-0.426,0.192,-0.24,0.555,-0.669,0.335,-0.711,0.18,0.116,-0.409,-0.39,0.17,-0.366,0.42,0.389,-0.216,0.632,0.75,0.411,0.343,-0.375,-0.029,-0.501,-0.391,0.349,-0.621,-0.602,0.293,-0.255,-0.07,-0.379,0.552,-0.091,0.309,-0.089,0.813,-0.285,-0.353,0.376,-0.092,-0.254,0.515,0.74,0.672,-0.484,0.484,0.422,-0.229,-0.53,0.456,-0.37,-0.666,-0.528,-0.296,0.316,-0.089,-0.046,-0.463,0.065,0.328,-0.563,-0.141,-0.334,-0.4,-0.707,-0.026,-0.659,-0.503,-0.469,0.296,0.26,0.755,0.506,-0.232,0.101,-0.398,0.438,0.615,-0.409,-0.688,0.107,0.698,0.908,-0.251,0.209,0.1,-0.633,-0.191,-0.464,0.198,0.214,0.122,0.758,0.698,0.51,-0.295,-0.626,-0.434,0.594,0.717,-0.707,-0.495,0.294,0.511,0.593,-0.34,-0.6,-0.386,0.277,-0.702,0.172,-0.296,0.322,-0.201,0.085,0.176,0.047,0.149,-0.81,-0.296,0.014,-0.4,0.56,0.011,0.163,-0.111,-0.527,-0.283,0.59,0.705
APTO,-0.679,0.14,0.655,-0.317,-0.113,0.144,-0.647,-0.698,0.199,0.696,0.808,0.071,0.116,0.872,0.224,-0.676,0.227,-0.214,0.822,0.0,0.56,-0.207,0.453,0.732,-0.11,0.439,0.532,-0.26,-0.572,-0.168,-0.105,0.06,-0.069,-0.822,-0.71,0.113,-0.327,0.172,-0.575,0.611,0.113,0.408,-0.053,-0.176,-0.64,-0.332,0.85,-0.263,0.01,0.838,0.042,-0.53,0.343,-0.058,-0.496,0.767,-0.627,-0.633,0.517,-0.268,0.342,0.006,-0.627,-0.158,-0.442,-0.168,-0.538,0.428,0.738,-0.415,-0.496,0.085,-0.283,0.522,-0.741,0.477,-0.714,0.056,0.14,-0.474,-0.525,0.005,-0.396,0.355,0.484,-0.269,0.509,0.815,0.299,0.252,-0.52,-0.156,-0.373,-0.308,0.272,-0.621,-0.575,0.214,-0.307,-0.016,-0.474,0.402,-0.224,0.26,-0.011,0.839,-0.327,-0.431,0.254,-0.196,-0.382,0.419,0.73,0.62,-0.561,0.376,0.309,-0.179,-0.459,0.469,-0.374,-0.623,-0.58,-0.349,0.241,-0.212,0.029,-0.444,-0.169,0.193,-0.616,-0.244,-0.416,-0.364,-0.573,-0.097,-0.706,-0.491,-0.513,0.16,0.208,0.739,0.6,-0.283,-0.011,-0.424,0.356,0.526,-0.523,-0.69,0.103,0.601,0.776,-0.425,0.161,0.233,-0.62,-0.307,-0.549,-0.004,0.105,0.043,0.679,0.633,0.541,-0.297,-0.569,-0.469,0.535,0.565,-0.742,-0.512,0.29,0.633,0.618,-0.38,-0.629,-0.214,0.432,-0.659,0.146,-0.327,0.286,-0.264,0.012,-0.006,-0.033,0.036,-0.786,-0.256,0.055,-0.451,0.529,-0.092,0.217,-0.063,-0.569,-0.325,0.475,0.635
ARCT,-0.563,-0.369,0.263,-0.571,-0.438,-0.294,-0.121,-0.477,-0.539,0.116,0.534,0.519,-0.228,0.265,-0.298,-0.585,-0.043,-0.365,0.531,0.56,0.0,0.209,0.587,0.438,-0.499,-0.196,-0.125,-0.308,0.104,-0.571,-0.289,-0.408,-0.418,-0.504,-0.254,0.011,-0.571,-0.435,-0.349,-0.123,0.214,-0.241,-0.388,-0.544,-0.534,-0.501,0.616,-0.716,-0.504,0.481,-0.539,-0.261,-0.032,-0.404,-0.466,0.187,-0.374,-0.561,0.044,0.413,-0.232,-0.226,-0.464,-0.412,-0.578,0.411,-0.498,-0.229,0.634,-0.607,-0.649,-0.48,-0.624,-0.054,-0.499,0.164,-0.313,-0.498,0.453,-0.401,-0.489,0.169,-0.229,-0.199,0.541,-0.59,0.038,0.332,-0.097,-0.19,-0.6,-0.429,0.09,-0.205,-0.339,-0.087,-0.454,-0.385,-0.464,-0.354,-0.57,-0.139,-0.393,-0.004,0.244,0.692,-0.434,-0.622,-0.324,-0.675,-0.433,-0.277,0.509,0.359,-0.636,-0.16,-0.344,-0.167,0.072,0.168,-0.532,-0.154,-0.573,-0.582,-0.333,0.198,-0.33,-0.059,-0.458,-0.205,-0.406,0.044,-0.673,-0.276,-0.164,-0.572,-0.527,-0.16,-0.725,-0.386,-0.473,0.169,0.252,-0.643,-0.29,-0.282,-0.296,0.221,-0.622,-0.592,0.598,0.097,0.393,-0.503,-0.122,0.374,-0.153,-0.585,-0.548,0.02,0.465,-0.392,0.648,-0.085,-0.071,0.022,-0.487,-0.3,-0.19,0.031,-0.652,-0.668,-0.31,0.283,0.722,-0.605,-0.119,0.241,0.075,-0.232,-0.429,-0.425,-0.273,-0.67,-0.362,-0.39,-0.534,-0.458,-0.485,0.334,-0.408,-0.679,-0.115,-0.236,0.665,0.197,-0.565,-0.698,-0.218,0.374
ARWR,0.323,0.083,-0.055,0.08,0.262,0.153,0.69,0.506,-0.354,-0.294,0.093,0.625,0.136,-0.428,-0.271,0.448,0.488,0.417,-0.274,-0.207,0.209,0.0,0.076,-0.128,0.068,-0.219,-0.307,0.322,0.717,-0.065,0.189,0.022,0.194,0.468,0.529,0.096,0.125,-0.063,0.561,-0.373,0.2,-0.217,0.21,0.055,0.418,0.361,-0.084,0.005,-0.12,-0.309,-0.021,0.569,0.037,0.242,0.454,-0.496,0.373,0.416,-0.02,0.817,-0.032,0.355,0.365,-0.136,0.248,0.744,0.439,-0.362,0.075,0.358,-0.127,-0.349,0.205,-0.083,0.434,0.137,0.52,-0.063,0.722,0.246,0.292,0.464,0.533,-0.49,0.521,0.082,-0.062,-0.339,0.087,0.014,0.053,0.266,0.629,0.381,-0.056,0.65,0.545,-0.111,0.39,0.317,0.197,-0.268,0.315,0.099,0.739,-0.247,0.368,0.23,-0.282,-0.101,0.357,-0.293,0.198,0.16,0.296,-0.082,-0.273,0.172,0.361,-0.078,-0.049,0.736,0.437,0.213,-0.044,0.665,0.285,0.718,-0.127,0.087,0.244,0.432,0.131,0.705,0.512,0.083,0.445,0.716,0.199,-0.252,-0.315,-0.207,0.27,0.25,0.353,0.543,-0.171,-0.04,0.175,0.254,0.674,-0.136,-0.184,0.222,0.106,0.673,0.501,0.145,0.344,0.348,0.641,0.107,0.112,-0.483,-0.661,0.536,0.47,0.521,-0.458,-0.337,0.379,0.287,-0.11,0.015,0.337,0.351,0.741,0.64,-0.097,0.509,0.018,0.454,-0.128,0.12,0.146,-0.041,0.041,0.13,0.449,0.611,-0.063,0.229,-0.168,0.529,0.661,0.4,0.341,-0.035,-0.362,0.101
ASND,-0.629,-0.295,0.128,-0.611,-0.106,-0.211,-0.051,-0.364,-0.197,0.111,0.525,0.697,0.107,0.24,-0.343,-0.587,-0.001,-0.071,0.46,0.453,0.587,0.076,0.0,0.688,-0.399,0.085,0.038,-0.035,0.086,-0.488,-0.466,-0.279,-0.347,-0.412,-0.135,0.403,-0.552,-0.296,-0.438,-0.018,0.398,-0.234,-0.308,-0.582,-0.754,-0.499,0.589,-0.539,-0.483,0.482,-0.35,-0.159,0.355,-0.594,-0.432,0.078,-0.187,-0.576,0.185,0.277,-0.315,-0.273,-0.365,0.016,-0.627,0.174,-0.372,0.079,0.689,-0.292,-0.715,-0.53,-0.601,-0.053,-0.427,0.293,-0.184,-0.369,0.437,-0.453,-0.562,-0.103,-0.41,-0.384,0.554,-0.519,-0.073,0.547,-0.338,0.021,-0.298,-0.364,0.218,0.27,-0.168,-0.284,-0.355,-0.353,-0.314,-0.076,-0.647,0.128,-0.439,0.34,0.39,0.592,-0.498,-0.344,-0.08,-0.433,-0.298,-0.093,0.243,0.391,-0.483,0.059,-0.306,0.236,-0.065,0.467,-0.448,-0.161,-0.492,-0.515,-0.259,0.065,-0.061,0.07,-0.315,-0.359,-0.385,0.083,-0.609,-0.219,-0.239,-0.427,-0.545,0.029,-0.716,-0.206,-0.529,0.089,0.253,-0.449,-0.285,0.066,-0.258,-0.148,-0.572,-0.245,0.573,-0.072,0.42,-0.575,-0.036,0.294,-0.016,-0.399,-0.473,-0.26,0.435,-0.373,0.429,0.001,-0.099,0.231,-0.242,-0.023,0.042,0.151,-0.414,-0.622,-0.347,0.541,0.559,-0.471,-0.177,0.141,0.197,-0.15,-0.264,-0.411,-0.112,-0.557,-0.42,-0.321,-0.458,-0.346,-0.559,0.481,0.037,-0.573,-0.097,-0.063,0.345,-0.033,-0.504,-0.282,-0.15,0.57
ASTH,-0.597,0.113,0.456,-0.349,0.059,0.213,-0.48,-0.54,0.224,0.372,0.688,0.351,0.352,0.621,0.117,-0.582,0.138,-0.029,0.694,0.732,0.438,-0.128,0.688,0.0,-0.092,0.47,0.569,-0.116,-0.326,-0.097,-0.29,0.173,0.017,-0.66,-0.461,0.468,-0.28,0.16,-0.674,0.481,0.233,0.29,0.047,-0.193,-0.714,-0.247,0.739,-0.188,-0.047,0.782,0.094,-0.281,0.443,-0.307,-0.343,0.484,-0.464,-0.552,0.615,-0.184,0.214,0.035,-0.463,-0.175,-0.464,-0.185,-0.412,0.532,0.78,-0.235,-0.719,-0.144,-0.289,0.377,-0.59,0.579,-0.506,0.025,0.271,-0.329,-0.429,0.016,-0.387,0.1,0.462,-0.134,0.316,0.871,0.115,0.464,-0.367,-0.082,-0.035,0.097,0.318,-0.689,-0.564,0.148,-0.103,0.226,-0.426,0.541,-0.207,0.458,0.288,0.777,-0.275,-0.218,0.365,-0.141,-0.164,0.43,0.516,0.758,-0.405,0.49,0.187,0.054,-0.393,0.655,-0.286,-0.553,-0.451,-0.245,0.224,-0.008,0.196,-0.309,-0.09,0.134,-0.586,-0.133,-0.397,-0.146,-0.518,-0.001,-0.593,-0.172,-0.587,0.217,-0.017,0.527,0.465,-0.192,0.031,-0.079,0.255,0.287,-0.405,-0.372,0.387,0.404,0.642,-0.515,0.11,0.248,-0.443,-0.206,-0.449,-0.153,0.184,0.066,0.607,0.445,0.264,-0.151,-0.433,-0.094,0.527,0.524,-0.516,-0.45,0.206,0.749,0.604,-0.313,-0.417,-0.268,0.293,-0.494,0.224,-0.232,0.372,-0.255,-0.076,0.057,-0.037,-0.001,-0.737,-0.029,0.184,-0.402,0.426,0.043,0.212,0.051,-0.392,-0.249,0.277,0.712
ATSG,0.59,0.849,0.318,0.848,0.46,0.737,-0.101,0.318,0.553,0.209,-0.101,-0.228,0.553,0.137,0.73,0.605,0.549,0.44,0.038,-0.11,-0.499,0.068,-0.399,-0.092,0.0,0.218,0.559,0.457,-0.177,0.857,0.723,0.825,0.767,0.379,0.158,0.326,0.87,0.846,0.37,0.41,-0.302,0.663,0.743,0.85,0.417,0.826,-0.131,0.833,0.86,-0.063,0.716,0.197,-0.062,0.671,0.711,0.235,0.094,0.654,0.535,-0.361,0.744,0.825,0.437,0.176,0.762,-0.386,0.596,0.483,-0.33,0.688,0.494,0.727,0.823,0.6,0.496,0.042,0.11,0.868,-0.103,0.605,0.757,0.44,0.38,0.43,-0.083,0.75,0.574,-0.043,0.65,0.618,0.562,0.892,-0.224,-0.029,0.757,-0.03,0.285,0.81,0.714,0.549,0.782,0.58,0.861,0.38,0.016,-0.377,0.775,0.719,0.692,0.73,0.696,0.683,0.143,0.2,0.665,0.594,0.746,-0.052,-0.291,0.07,0.477,0.019,0.7,0.794,0.765,0.182,0.552,0.026,0.711,0.79,0.352,0.235,0.834,0.483,-0.07,0.852,0.536,0.249,0.717,0.764,0.688,0.246,0.188,0.83,0.825,0.299,0.714,0.567,0.775,0.316,-0.271,0.555,0.209,0.72,0.632,-0.107,-0.059,0.843,0.695,0.638,0.052,0.782,-0.02,0.4,0.101,-0.117,0.281,0.373,0.47,0.499,0.47,0.723,0.709,-0.053,-0.17,0.827,0.176,-0.445,0.038,-0.04,0.779,0.797,0.679,0.876,0.842,0.838,0.89,0.826,0.276,-0.449,0.212,0.722,0.627,0.692,-0.317,0.066,0.666,0.47,0.624,0.13
AVTX,-0.224,0.37,0.416,0.011,0.299,0.426,-0.38,-0.274,0.639,0.505,0.43,-0.099,0.356,0.53,0.342,-0.201,0.235,0.216,0.296,0.439,-0.196,-0.219,0.085,0.47,0.218,0.0,0.621,0.052,-0.476,0.239,0.081,0.398,0.243,-0.4,-0.427,0.139,0.054,0.461,-0.378,0.663,0.022,0.508,0.271,0.213,-0.166,0.07,0.372,0.266,0.305,0.448,0.513,-0.205,0.588,0.21,-0.091,0.416,-0.242,-0.182,0.489,-0.458,0.406,0.141,-0.27,0.134,-0.068,-0.327,0.006,0.623,0.385,0.137,-0.154,0.25,0.198,0.484,-0.344,0.424,-0.382,0.372,0.037,-0.158,-0.142,-0.059,-0.158,0.237,0.252,0.211,0.335,0.611,0.308,0.512,-0.028,0.139,-0.236,0.131,0.522,-0.518,-0.09,0.423,0.092,0.467,-0.041,0.534,0.003,0.283,0.114,0.239,0.035,0.12,0.443,0.355,-0.074,0.568,0.347,0.509,-0.031,0.556,0.443,0.116,-0.321,0.448,0.066,-0.407,-0.055,0.139,0.456,-0.23,0.329,-0.228,0.051,0.302,-0.375,-0.318,0.027,0.024,-0.424,0.369,-0.278,-0.172,-0.02,0.405,0.434,0.571,0.5,0.258,0.211,-0.027,0.501,0.221,-0.021,-0.067,-0.158,0.433,0.363,-0.147,0.182,0.127,-0.448,0.064,-0.143,-0.175,-0.222,0.332,0.123,0.51,0.342,-0.135,-0.086,-0.086,0.662,0.367,-0.159,0.079,0.477,0.536,0.129,0.124,-0.471,-0.176,0.432,-0.428,0.486,-0.004,0.582,0.204,0.182,0.213,0.346,0.355,-0.385,-0.324,0.533,0.068,0.568,0.152,-0.169,-0.283,-0.069,0.297,0.505,0.425
BCPC,-0.099,0.771,0.707,0.406,0.21,0.676,-0.716,-0.385,0.715,0.674,0.392,-0.23,0.538,0.706,0.795,-0.104,0.409,0.117,0.624,0.532,-0.125,-0.307,0.038,0.569,0.559,0.621,0.0,0.074,-0.686,0.617,0.33,0.763,0.617,-0.407,-0.496,0.404,0.418,0.827,-0.402,0.89,-0.202,0.895,0.593,0.54,-0.223,0.363,0.475,0.517,0.691,0.673,0.649,-0.247,0.202,0.346,0.138,0.76,-0.472,-0.018,0.803,-0.67,0.814,0.57,-0.219,-0.069,0.175,-0.662,-0.014,0.833,0.287,0.202,-0.076,0.636,0.427,0.823,-0.262,0.361,-0.541,0.742,-0.108,0.088,0.139,0.24,-0.154,0.642,0.128,0.49,0.79,0.685,0.68,0.821,0.029,0.533,-0.489,-0.187,0.886,-0.663,-0.333,0.835,0.327,0.51,0.237,0.867,0.416,0.412,-0.078,0.338,0.25,0.24,0.86,0.482,0.253,0.938,0.545,0.701,0.115,0.9,0.878,-0.216,-0.705,0.534,0.139,-0.64,0.063,0.37,0.844,-0.072,0.482,-0.52,0.465,0.756,-0.313,-0.193,0.321,0.069,-0.611,0.661,-0.177,-0.259,0.115,0.832,0.73,0.741,0.449,0.463,0.552,-0.122,0.882,0.716,0.205,-0.222,-0.17,0.846,0.719,0.144,0.46,-0.019,-0.662,0.367,0.034,0.286,-0.112,0.703,0.471,0.816,0.522,-0.365,-0.314,-0.028,0.904,0.839,-0.177,0.19,0.73,0.442,0.269,0.259,-0.447,-0.699,0.166,-0.609,0.804,0.266,0.836,0.478,0.597,0.709,0.682,0.627,-0.457,-0.606,0.303,0.213,0.924,0.366,-0.256,-0.072,0.093,0.158,0.854,0.57
BEAM,0.392,0.354,-0.106,0.483,0.592,0.542,0.426,0.631,0.389,-0.177,-0.073,0.286,0.582,-0.156,0.275,0.474,0.184,0.725,-0.147,-0.26,-0.308,0.322,-0.035,-0.116,0.457,0.052,0.074,0.0,0.321,0.397,0.454,0.387,0.249,0.524,0.56,0.523,0.469,0.325,0.365,-0.127,0.295,0.02,0.177,0.412,0.336,0.541,-0.124,0.443,0.437,-0.386,0.519,0.467,0.338,0.261,0.574,-0.268,0.678,0.539,0.351,0.119,0.256,0.426,0.633,0.51,0.605,0.147,0.69,0.228,-0.165,0.644,0.277,0.065,0.41,0.072,0.557,0.199,0.626,0.451,0.163,0.501,0.539,0.475,0.321,0.013,0.249,0.426,-0.071,-0.203,0.196,0.375,0.78,0.457,0.222,0.589,0.225,0.346,0.546,0.247,0.576,0.266,0.42,0.248,0.49,0.492,0.267,-0.363,0.55,0.717,0.34,0.636,0.594,0.263,-0.253,-0.074,0.621,0.076,0.1,0.599,0.326,-0.021,0.528,0.402,0.498,0.543,0.145,0.139,0.458,0.449,0.591,0.232,0.639,0.725,0.468,0.45,0.27,0.424,0.543,0.634,0.47,0.302,0.171,-0.078,0.358,0.433,0.461,0.712,0.107,-0.004,0.5,0.621,-0.05,0.04,-0.054,0.379,0.602,0.312,0.581,0.668,0.693,0.467,0.402,0.226,-0.334,0.054,-0.186,0.313,0.668,0.692,0.201,0.246,0.513,0.496,0.357,0.019,-0.287,0.57,0.444,0.048,0.313,0.471,0.292,0.483,0.311,0.452,0.461,0.354,0.369,0.465,0.447,0.105,0.434,0.574,-0.006,0.478,-0.202,0.168,0.531,0.696,0.151,0.125
BILI,0.405,-0.317,-0.612,-0.061,0.231,-0.11,0.916,0.714,-0.524,-0.772,-0.262,0.583,0.021,-0.763,-0.559,0.481,-0.031,0.375,-0.607,-0.572,0.104,0.717,0.086,-0.326,-0.177,-0.476,-0.686,0.321,0.0,-0.216,-0.06,-0.265,-0.142,0.693,0.853,0.161,-0.011,-0.439,0.548,-0.787,0.37,-0.68,-0.115,-0.15,0.409,0.154,-0.459,-0.122,-0.374,-0.682,-0.262,0.741,-0.039,-0.193,0.402,-0.847,0.702,0.422,-0.332,0.859,-0.48,0.02,0.57,0.059,0.203,0.79,0.45,-0.595,-0.216,0.306,0.007,-0.618,-0.038,-0.538,0.613,-0.009,0.835,-0.354,0.429,0.353,0.266,0.203,0.427,-0.7,0.157,-0.023,-0.596,-0.598,-0.428,-0.265,0.266,0.002,0.843,0.623,-0.468,0.795,0.577,-0.477,0.299,0.085,0.13,-0.494,0.093,0.027,0.622,-0.428,0.191,0.234,-0.475,-0.165,0.31,-0.613,-0.399,-0.309,0.34,-0.481,-0.663,0.425,0.674,-0.156,0.181,0.859,0.395,0.113,-0.473,0.492,0.123,0.774,-0.11,-0.366,0.538,0.561,0.04,0.539,0.741,-0.2,0.563,0.809,0.128,-0.479,-0.641,-0.704,-0.152,0.02,-0.059,0.678,-0.635,-0.49,0.174,0.55,0.546,-0.638,-0.627,0.114,-0.094,0.369,0.827,0.093,0.405,0.089,0.498,-0.272,-0.316,-0.784,-0.809,0.504,0.612,0.652,-0.725,-0.6,0.566,0.201,-0.418,-0.225,-0.098,0.196,0.859,0.661,-0.153,0.85,-0.328,0.263,-0.405,-0.086,-0.178,-0.292,-0.288,-0.239,0.658,0.763,-0.079,0.202,-0.65,0.186,0.404,0.46,0.391,0.043,-0.747,-0.209
BJRI,0.679,0.845,0.208,0.924,0.449,0.808,-0.17,0.313,0.61,0.116,-0.237,-0.414,0.519,0.079,0.835,0.641,0.325,0.396,-0.047,-0.168,-0.571,-0.065,-0.488,-0.097,0.857,0.239,0.617,0.397,-0.216,0.0,0.716,0.932,0.85,0.367,0.154,0.342,0.948,0.856,0.206,0.446,-0.352,0.715,0.816,0.959,0.494,0.866,-0.264,0.938,0.89,-0.087,0.795,0.303,-0.154,0.553,0.772,0.245,0.119,0.705,0.522,-0.499,0.762,0.822,0.489,0.068,0.808,-0.496,0.52,0.551,-0.456,0.652,0.523,0.791,0.881,0.559,0.503,0.048,0.105,0.876,-0.284,0.77,0.803,0.453,0.356,0.543,-0.256,0.915,0.502,-0.023,0.632,0.712,0.583,0.879,-0.225,-0.001,0.799,-0.077,0.211,0.875,0.794,0.554,0.876,0.625,0.867,0.272,-0.106,-0.399,0.805,0.749,0.818,0.777,0.777,0.746,-0.01,0.178,0.756,0.653,0.791,-0.118,-0.293,0.087,0.678,-0.092,0.723,0.911,0.818,0.15,0.625,-0.176,0.788,0.782,0.377,0.186,0.902,0.495,-0.059,0.93,0.603,0.197,0.753,0.865,0.766,0.197,0.062,0.832,0.778,0.28,0.738,0.528,0.872,0.414,-0.334,0.549,0.101,0.709,0.548,-0.179,-0.106,0.861,0.707,0.52,-0.184,0.869,-0.078,0.406,0.206,-0.228,0.221,0.445,0.53,0.489,0.524,0.806,0.774,-0.119,-0.269,0.793,0.176,-0.593,-0.136,-0.005,0.868,0.79,0.792,0.924,0.868,0.937,0.935,0.74,0.34,-0.563,0.168,0.806,0.623,0.528,-0.478,0.182,0.78,0.454,0.593,-0.022
BLUE,0.605,0.724,0.182,0.807,0.326,0.691,0.062,0.383,0.393,0.135,-0.158,-0.198,0.441,0.041,0.671,0.595,0.401,0.448,-0.043,-0.105,-0.289,0.189,-0.466,-0.29,0.723,0.081,0.33,0.454,-0.06,0.716,0.0,0.666,0.578,0.391,0.261,0.233,0.759,0.651,0.317,0.203,-0.235,0.474,0.512,0.772,0.53,0.75,-0.156,0.639,0.73,-0.194,0.612,0.129,-0.182,0.556,0.67,0.146,0.243,0.671,0.423,-0.222,0.559,0.709,0.549,0.165,0.771,-0.174,0.636,0.337,-0.403,0.56,0.578,0.623,0.74,0.473,0.516,-0.107,0.171,0.708,-0.088,0.637,0.733,0.566,0.376,0.308,0.05,0.617,0.37,-0.151,0.565,0.454,0.588,0.776,-0.218,-0.115,0.521,0.174,0.379,0.633,0.557,0.276,0.734,0.373,0.752,0.101,-0.103,-0.446,0.773,0.684,0.489,0.63,0.564,0.447,0.086,-0.008,0.658,0.288,0.551,-0.016,-0.014,-0.11,0.471,0.139,0.656,0.717,0.545,0.049,0.34,0.065,0.604,0.671,0.532,0.409,0.729,0.425,-0.066,0.68,0.55,0.252,0.636,0.665,0.553,0.127,0.244,0.625,0.76,0.283,0.51,0.574,0.687,0.306,-0.293,0.509,0.141,0.635,0.63,0.079,0.064,0.663,0.686,0.672,0.08,0.596,-0.126,0.246,0.036,0.001,0.293,0.337,0.298,0.327,0.391,0.724,0.589,-0.11,-0.205,0.681,0.219,-0.285,0.033,0.04,0.546,0.725,0.58,0.721,0.739,0.72,0.718,0.665,0.362,-0.321,0.014,0.651,0.429,0.538,-0.314,0.076,0.629,0.436,0.507,-0.097
