,AAL,AAON,ACB,ACGL,ACGLO,ACIW,ADBE,ADSK,AEP,AGIO,ALEC,ALNY,ALTR,AMBA,AMCX,AMKR,AMRX,ANSS,APPN,APTO,ARCT,ARWR,ASND,ASTH,ATSG,AVTX,BCPC,BEAM,BILI,BJRI,BLUE,BPOP,BRKL,BWIN,BZUN,CARG,CBRL,CBSH,CBUS,CENTA,CERS,CFFN,CHCO,CHEF,CHRD,CINF,CLLS,CMCO,CMCSA,COLL,COMM,COOP,CPB,CRON,CROX,CRUS,CRWD,CTAS,CYBR,CYTK,DGII,DIOD,DOMO,DPZ,DSGR,DXCM,ERIE,ESTA,EXEL,FAST,FCEL,FCFS,FHB,FITBI,FSV,FTDR,FUTU,GLDD,GLPG,GLPI,GOGO,GOSS,GSAT,GYRE,HALO,HAS,HLIT,HLNE,HSDT,HSIC,HTHT,ICHR,IDYA,IMVT,INDB,INSM,IONS,IOSP,ITRI,JBHT,JBLU,JSM,KLIC,KOD,KURA,LAB,LASR,LIN,LKQ,LNT,MBUU,MCRI,MDGL,MEDP,MGNI,MGPI,MGRC,MKTX,MRNA,MRTN,MSEX,MSFT,MU,NAVI,NBTB,NEO,NEOG,NGNE,NSSC,NTAP,NTES,NTLA,NTRS,NYMTN,OBLG,OCFC,ON,ONC,OPI,OSIS,OSW,PALI,PANW,PCAR,PCRX,PCTY,PEBO,PLAB,PLAY,PLMR,PLSE,PLUS,PRTA,PSEC,PSNL,PTCT,PTON,QNST,QRVO,QTTB,RARE,RBCAA,RGNX,SAIC,SGMO,SINT,SNPS,SPSC,SPTN,SSYS,STNE,TBBK,TCPC,TENB,TGTX,TREE,TRUP,TTWO,TW,TXG,UBSI,UCTT,UFPT,UMBF,UPBD,URBN,VBTX,VCTR,VEON,VNET,VRSK,VSEC,WABC,WTFCM,WVE,WW,WWD,XEL,ZD,ZYME
AAL,0.0,0.03,0.096,0.858,-0.015,0.08,-0.108,-0.45,0.41,0.269,0.407,-0.171,-0.365,0.096,0.092,-0.245,0.004,-0.266,-0.054,-0.088,-0.31,-0.444,-0.358,0.332,0.423,0.046,0.257,-0.317,-0.306,0.082,0.234,0.64,0.56,-0.059,-0.097,0.005,0.265,0.625,0.023,0.279,-0.259,0.508,0.575,0.461,0.185,0.856,-0.399,0.497,0.152,-0.093,0.184,0.692,-0.451,0.5,-0.098,0.566,-0.154,0.12,-0.018,-0.558,0.224,0.234,-0.344,-0.626,0.344,-0.514,-0.195,0.506,-0.507,-0.156,-0.423,0.128,0.564,-0.102,-0.164,0.456,0.156,0.239,0.196,0.576,0.152,-0.151,0.3,-0.116,0.014,0.46,0.316,0.172,0.42,0.588,-0.014,-0.036,0.435,-0.122,0.385,0.536,0.173,0.533,0.054,-0.109,0.85,-0.212,0.545,0.122,0.07,-0.262,0.14,0.128,0.283,0.526,-0.266,0.075,-0.162,-0.273,0.009,0.14,-0.475,-0.51,0.226,0.035,0.432,-0.061,0.742,0.607,0.699,-0.359,0.459,-0.669,0.088,0.434,-0.183,-0.314,0.791,-0.224,0.152,0.573,0.489,-0.347,0.463,0.64,0.369,-0.026,-0.588,0.279,-0.376,-0.025,0.663,0.029,0.438,0.022,-0.069,-0.051,-0.334,0.325,-0.522,-0.254,0.003,0.146,-0.364,0.215,-0.444,0.642,0.374,0.085,-0.002,-0.067,-0.212,-0.023,0.335,0.527,-0.101,0.588,0.817,-0.064,-0.386,0.565,0.492,-0.402,-0.304,-0.463,0.487,-0.067,0.089,0.587,0.124,0.204,0.589,0.49,0.03,-0.018,0.266,0.336,0.601,0.137,-0.081,0.493,0.6,0.413,-0.128,0.161
AAON,0.03,0.0,0.555,0.266,-0.607,0.763,-0.8,-0.499,0.663,0.166,0.604,0.726,-0.558,-0.763,0.42,0.681,0.714,-0.752,-0.864,-0.644,0.489,0.491,0.316,-0.665,0.65,0.793,0.812,-0.199,-0.695,-0.83,0.76,0.205,0.679,-0.82,0.218,0.762,-0.798,0.462,0.698,0.668,0.737,0.629,0.679,-0.564,0.843,0.109,-0.025,-0.011,-0.726,-0.024,0.442,-0.248,-0.019,0.405,-0.344,0.345,-0.793,-0.716,-0.311,-0.482,0.39,0.606,-0.757,-0.197,-0.409,0.254,0.543,-0.219,0.449,-0.243,0.313,0.259,0.581,-0.713,-0.716,0.023,0.637,0.728,0.651,0.585,-0.708,0.422,0.746,0.724,0.053,-0.431,0.648,-0.288,0.243,0.327,-0.831,0.764,-0.314,-0.697,0.809,0.315,-0.362,0.665,0.859,-0.407,-0.278,0.311,0.056,-0.372,-0.809,0.044,0.575,-0.515,-0.407,0.114,0.578,-0.706,0.039,-0.116,0.239,-0.231,-0.139,0.327,0.603,0.649,0.683,-0.745,0.117,-0.507,0.44,0.589,0.446,-0.236,0.586,-0.649,-0.543,0.015,0.075,0.045,0.759,0.622,0.192,-0.519,0.719,-0.225,-0.744,0.598,0.479,0.794,-0.025,-0.784,0.472,0.8,-0.571,-0.656,0.754,0.62,0.059,0.065,-0.235,-0.188,-0.706,-0.112,0.39,0.526,0.485,0.511,0.696,0.588,0.847,0.766,-0.763,-0.469,0.713,0.126,-0.325,0.547,0.343,-0.801,-0.731,0.432,-0.454,0.236,-0.615,-0.697,0.713,0.705,0.813,-0.304,0.782,-0.766,0.503,0.455,0.826,0.114,0.342,0.642,0.603,-0.811,-0.783,0.436,-0.276,0.44,-0.051,-0.631
ACB,0.096,0.555,0.0,0.277,-0.577,0.744,-0.701,-0.556,0.681,0.453,0.769,0.82,-0.448,-0.625,0.541,0.741,0.836,-0.634,-0.668,-0.446,0.391,0.548,0.458,-0.676,0.67,0.739,0.572,-0.398,-0.692,-0.764,0.658,-0.1,0.648,-0.822,0.23,0.807,-0.615,0.573,0.712,0.739,0.614,0.605,0.625,-0.381,0.798,0.062,-0.129,-0.199,-0.545,-0.401,0.27,-0.202,0.117,0.745,-0.135,0.431,-0.714,-0.699,0.033,-0.444,0.453,0.635,-0.699,-0.213,-0.453,0.349,0.421,-0.376,0.603,0.009,0.281,-0.155,0.682,-0.584,-0.832,0.028,0.766,0.685,0.8,0.358,-0.778,0.694,0.738,0.802,0.369,-0.363,0.765,0.164,0.615,0.541,-0.754,0.83,-0.073,-0.848,0.757,0.336,-0.252,0.611,0.738,-0.409,-0.21,0.331,-0.221,-0.263,-0.65,0.042,0.795,-0.464,-0.439,0.153,0.73,-0.593,0.041,0.153,0.134,-0.507,-0.263,0.478,0.665,0.505,0.738,-0.542,0.176,-0.35,0.472,0.552,0.538,-0.322,0.705,-0.55,-0.577,0.246,-0.127,0.353,0.838,0.623,0.181,-0.642,0.622,0.069,-0.667,0.713,0.395,0.639,-0.048,-0.571,0.465,0.8,-0.505,-0.681,0.732,0.229,-0.047,-0.175,-0.277,0.149,-0.666,-0.444,0.449,0.682,0.593,0.535,0.771,0.697,0.748,0.81,-0.714,-0.419,0.658,0.467,-0.392,0.503,0.319,-0.766,-0.665,0.559,-0.326,0.484,-0.311,-0.546,0.688,0.876,0.753,-0.341,0.788,-0.608,0.553,0.43,0.791,0.224,0.431,0.58,0.633,-0.55,-0.804,0.587,-0.068,0.346,-0.227,-0.585
ACGL,0.858,0.266,0.277,0.0,-0.111,0.301,-0.349,-0.606,0.64,0.482,0.582,0.038,-0.559,-0.163,0.033,-0.027,0.15,-0.458,-0.248,-0.165,-0.322,-0.399,-0.227,0.047,0.607,0.158,0.529,-0.506,-0.533,-0.099,0.446,0.546,0.755,-0.303,-0.166,0.222,0.08,0.732,0.322,0.498,-0.058,0.718,0.747,0.33,0.414,0.901,-0.593,0.512,0.001,0.005,0.31,0.61,-0.561,0.638,-0.174,0.673,-0.341,-0.083,-0.106,-0.709,0.367,0.464,-0.517,-0.759,0.341,-0.3,0.136,0.476,-0.351,-0.199,-0.491,0.242,0.769,-0.415,-0.403,0.616,0.34,0.468,0.474,0.8,0.033,0.041,0.532,0.032,0.016,0.325,0.549,-0.023,0.491,0.729,-0.252,0.24,0.378,-0.379,0.602,0.585,0.235,0.709,0.318,-0.307,0.688,-0.164,0.508,-0.179,-0.208,-0.408,0.438,-0.012,0.184,0.455,-0.003,-0.086,0.026,-0.187,-0.092,0.209,-0.492,-0.335,0.436,0.298,0.699,-0.262,0.822,0.47,0.814,-0.168,0.697,-0.723,0.226,0.273,-0.452,-0.399,0.719,-0.214,0.38,0.758,0.576,-0.631,0.621,0.701,0.163,0.046,-0.512,0.539,-0.309,-0.266,0.822,0.247,0.364,-0.167,0.092,0.066,-0.385,0.213,-0.622,-0.242,-0.102,0.237,-0.286,0.3,-0.408,0.799,0.582,0.317,0.138,0.215,-0.462,-0.174,0.518,0.66,-0.229,0.796,0.839,-0.238,-0.559,0.753,0.394,-0.386,-0.462,-0.692,0.677,0.191,0.264,0.429,0.278,-0.061,0.684,0.722,0.192,0.111,0.537,0.501,0.749,-0.152,-0.373,0.713,0.535,0.65,-0.266,-0.155
ACGLO,-0.015,-0.607,-0.577,-0.111,0.0,-0.595,0.788,0.574,-0.611,-0.073,-0.602,-0.603,0.547,0.662,-0.517,-0.568,-0.521,0.766,0.783,0.655,-0.367,-0.408,-0.157,0.51,-0.646,-0.619,-0.606,0.453,0.71,0.75,-0.508,-0.066,-0.617,0.757,-0.011,-0.732,0.726,-0.465,-0.6,-0.678,-0.617,-0.597,-0.595,0.548,-0.762,0.06,0.28,0.178,0.785,0.375,-0.204,0.236,0.05,-0.504,0.465,-0.23,0.79,0.783,0.303,0.523,-0.017,-0.508,0.665,0.229,0.446,-0.088,-0.224,0.29,-0.305,0.391,-0.172,-0.038,-0.579,0.61,0.769,0.239,-0.61,-0.683,-0.643,-0.333,0.72,-0.548,-0.589,-0.66,-0.185,0.523,-0.704,0.211,-0.153,-0.197,0.747,-0.691,0.416,0.698,-0.657,-0.274,0.331,-0.583,-0.742,0.557,0.29,-0.34,0.192,0.19,0.751,-0.103,-0.452,0.623,0.506,0.018,-0.396,0.727,0.201,0.187,-0.026,0.355,0.07,-0.179,-0.454,-0.459,-0.559,0.744,-0.054,0.511,-0.441,-0.472,-0.311,0.25,-0.54,0.671,0.518,0.067,0.046,-0.164,-0.699,-0.604,-0.129,0.494,-0.588,0.283,0.721,-0.584,-0.362,-0.535,0.335,0.783,-0.442,-0.745,0.574,0.761,-0.722,-0.284,-0.109,0.182,0.452,0.163,0.799,0.267,-0.286,-0.462,-0.463,-0.528,-0.557,-0.47,-0.671,-0.631,0.73,0.684,-0.456,-0.146,0.476,-0.472,-0.25,0.798,0.772,-0.331,0.538,-0.132,0.545,0.626,-0.684,-0.645,-0.754,0.25,-0.577,0.679,-0.442,-0.382,-0.782,0.066,-0.089,-0.389,-0.597,0.596,0.678,-0.403,0.385,-0.307,0.159,0.491
ACIW,0.08,0.763,0.744,0.301,-0.595,0.0,-0.689,-0.446,0.721,0.357,0.671,0.78,-0.395,-0.539,0.438,0.865,0.756,-0.613,-0.684,-0.404,0.244,0.514,0.426,-0.576,0.763,0.65,0.728,-0.338,-0.611,-0.746,0.713,-0.04,0.714,-0.761,0.375,0.745,-0.642,0.589,0.772,0.825,0.616,0.616,0.671,-0.401,0.852,0.097,-0.128,0.015,-0.49,-0.29,0.448,-0.036,0.063,0.676,-0.062,0.544,-0.673,-0.577,0.03,-0.434,0.55,0.871,-0.635,-0.258,-0.291,0.462,0.474,-0.14,0.543,0.029,0.207,0.072,0.671,-0.648,-0.797,0.176,0.844,0.844,0.819,0.486,-0.676,0.725,0.775,0.732,0.295,-0.17,0.821,-0.015,0.368,0.433,-0.717,0.88,-0.038,-0.779,0.805,0.351,-0.267,0.754,0.828,-0.371,-0.174,0.395,0.118,-0.266,-0.681,0.063,0.78,-0.211,-0.154,0.104,0.73,-0.527,0.175,0.243,0.287,-0.322,-0.026,0.439,0.617,0.649,0.756,-0.561,0.292,-0.391,0.507,0.587,0.591,-0.294,0.626,-0.545,-0.52,0.241,0.014,0.291,0.829,0.71,0.421,-0.658,0.611,0.08,-0.683,0.624,0.406,0.842,0.04,-0.639,0.512,0.89,-0.424,-0.593,0.678,0.382,-0.074,-0.086,-0.393,0.172,-0.607,-0.245,0.619,0.622,0.454,0.619,0.806,0.633,0.693,0.813,-0.705,-0.318,0.746,0.474,-0.294,0.579,0.381,-0.681,-0.679,0.587,-0.328,0.387,-0.329,-0.619,0.722,0.881,0.772,-0.262,0.837,-0.625,0.579,0.533,0.78,0.343,0.616,0.709,0.699,-0.622,-0.822,0.523,-0.019,0.462,-0.03,-0.576
ADBE,-0.108,-0.8,-0.701,-0.349,0.788,-0.689,0.0,0.77,-0.831,-0.367,-0.763,-0.681,0.835,0.881,-0.385,-0.596,-0.622,0.943,0.929,0.655,-0.331,-0.337,-0.289,0.71,-0.72,-0.707,-0.855,0.555,0.903,0.824,-0.78,-0.164,-0.801,0.878,0.107,-0.824,0.8,-0.598,-0.8,-0.714,-0.757,-0.83,-0.764,0.512,-0.899,-0.166,0.405,0.005,0.817,0.058,-0.319,0.23,0.284,-0.57,0.603,-0.294,0.907,0.88,0.554,0.719,-0.256,-0.573,0.863,0.463,0.318,-0.087,-0.56,0.244,-0.353,0.473,-0.029,-0.219,-0.777,0.904,0.92,-0.014,-0.632,-0.783,-0.819,-0.589,0.69,-0.526,-0.768,-0.735,-0.087,0.584,-0.815,0.41,-0.281,-0.48,0.925,-0.832,0.331,0.857,-0.843,-0.285,0.167,-0.699,-0.926,0.73,0.226,-0.206,0.187,0.51,0.924,0.192,-0.665,0.734,0.593,-0.082,-0.526,0.839,-0.014,0.19,0.03,0.144,0.27,-0.149,-0.576,-0.682,-0.796,0.948,-0.2,0.449,-0.588,-0.502,-0.494,0.362,-0.609,0.658,0.811,0.237,-0.074,-0.011,-0.853,-0.753,-0.23,0.75,-0.733,0.121,0.767,-0.546,-0.287,-0.766,0.158,0.945,-0.674,-0.804,0.502,0.864,-0.759,-0.508,-0.004,0.205,0.448,0.187,0.792,0.028,-0.184,-0.537,-0.388,-0.678,-0.742,-0.683,-0.804,-0.864,0.954,0.816,-0.597,-0.268,0.568,-0.716,-0.36,0.915,0.876,-0.505,0.501,-0.073,0.782,0.843,-0.865,-0.774,-0.818,0.29,-0.648,0.863,-0.58,-0.655,-0.836,0.065,-0.305,-0.6,-0.709,0.85,0.905,-0.535,0.325,-0.63,0.291,0.742
ADSK,-0.45,-0.499,-0.556,-0.606,0.574,-0.446,0.77,0.0,-0.736,-0.498,-0.731,-0.375,0.889,0.628,-0.255,-0.254,-0.429,0.882,0.676,0.471,-0.019,0.022,-0.097,0.452,-0.675,-0.497,-0.658,0.753,0.843,0.508,-0.573,-0.377,-0.826,0.682,0.225,-0.513,0.409,-0.73,-0.666,-0.583,-0.307,-0.863,-0.811,0.14,-0.717,-0.468,0.647,-0.139,0.521,0.052,-0.143,-0.054,0.559,-0.611,0.548,-0.381,0.733,0.655,0.475,0.872,-0.269,-0.426,0.786,0.73,0.06,0.274,-0.354,-0.149,0.063,0.596,0.205,-0.259,-0.828,0.744,0.798,-0.232,-0.45,-0.629,-0.709,-0.641,0.363,-0.331,-0.728,-0.4,-0.004,0.348,-0.744,0.329,-0.446,-0.588,0.677,-0.516,0.118,0.728,-0.754,-0.397,-0.095,-0.678,-0.594,0.724,-0.22,-0.094,0.049,0.483,0.582,0.283,-0.566,0.602,0.372,-0.04,-0.256,0.518,-0.01,0.301,0.253,-0.057,0.496,0.193,-0.583,-0.454,-0.749,0.761,-0.47,-0.011,-0.752,-0.11,-0.497,0.551,-0.414,0.25,0.731,0.429,-0.332,-0.007,-0.677,-0.774,-0.417,0.715,-0.645,-0.261,0.32,-0.267,0.223,-0.584,0.253,0.741,-0.776,-0.509,0.127,0.745,-0.424,-0.114,0.197,0.187,0.623,0.361,0.583,-0.082,0.277,-0.393,0.006,-0.77,-0.667,-0.462,-0.535,-0.576,0.866,0.712,-0.539,-0.46,0.526,-0.824,-0.531,0.699,0.838,-0.572,0.023,0.278,0.75,0.832,-0.825,-0.503,-0.57,-0.038,-0.416,0.402,-0.686,-0.699,-0.537,-0.099,-0.244,-0.517,-0.735,0.573,0.714,-0.626,-0.019,-0.542,0.332,0.564
AEP,0.41,0.663,0.681,0.64,-0.611,0.721,-0.831,-0.736,0.0,0.605,0.88,0.61,-0.753,-0.617,0.191,0.503,0.603,-0.817,-0.708,-0.475,0.101,0.068,0.238,-0.451,0.799,0.595,0.912,-0.54,-0.824,-0.671,0.865,0.193,0.881,-0.764,-0.014,0.763,-0.579,0.664,0.721,0.793,0.56,0.912,0.862,-0.353,0.828,0.505,-0.483,0.072,-0.565,-0.061,0.543,0.213,-0.411,0.786,-0.489,0.661,-0.748,-0.669,-0.267,-0.815,0.449,0.712,-0.83,-0.694,-0.034,0.123,0.484,0.08,0.209,-0.259,-0.173,0.142,0.885,-0.834,-0.825,0.356,0.739,0.762,0.847,0.741,-0.483,0.528,0.826,0.634,0.281,-0.262,0.894,-0.195,0.487,0.723,-0.811,0.803,0.159,-0.793,0.868,0.586,0.104,0.825,0.853,-0.687,0.031,-0.018,0.202,-0.411,-0.758,-0.257,0.773,-0.462,-0.361,0.414,0.372,-0.7,0.054,-0.142,-0.056,-0.098,-0.491,0.099,0.678,0.638,0.948,-0.741,0.619,-0.228,0.729,0.418,0.809,-0.549,0.644,-0.331,-0.801,-0.193,0.262,-0.159,0.804,0.857,0.387,-0.871,0.78,0.272,-0.534,0.526,0.058,0.845,-0.184,-0.747,0.79,0.766,-0.224,-0.609,0.645,0.391,-0.187,-0.144,-0.531,-0.067,-0.554,0.018,0.183,0.706,0.133,0.841,0.867,0.611,0.669,0.793,-0.846,-0.558,0.726,0.657,-0.505,0.844,0.671,-0.73,-0.855,0.798,-0.116,0.047,-0.724,-0.904,0.908,0.718,0.741,-0.149,0.6,-0.646,0.62,0.858,0.692,0.057,0.637,0.6,0.85,-0.655,-0.839,0.644,-0.086,0.855,-0.496,-0.562
AGIO,0.269,0.166,0.453,0.482,-0.073,0.357,-0.367,-0.498,0.605,0.0,0.611,0.351,-0.497,-0.173,-0.318,0.169,0.291,-0.314,-0.11,0.224,-0.256,-0.179,0.485,-0.351,0.367,0.165,0.514,-0.429,-0.379,-0.133,0.608,-0.14,0.463,-0.311,-0.105,0.305,-0.03,0.33,0.528,0.341,0.206,0.583,0.409,0.041,0.339,0.457,-0.463,0.121,-0.037,0.251,0.397,0.273,-0.511,0.63,-0.233,0.515,-0.187,-0.192,-0.107,-0.471,0.612,0.357,-0.344,-0.68,0.352,0.195,0.54,0.291,0.196,0.092,-0.298,-0.115,0.579,-0.571,-0.424,0.672,0.421,0.309,0.607,0.487,0.006,0.434,0.539,0.366,0.346,-0.071,0.54,-0.066,0.566,0.673,-0.345,0.458,0.486,-0.494,0.391,0.463,0.601,0.418,0.369,-0.564,0.169,-0.386,0.015,-0.472,-0.234,-0.54,0.725,-0.158,-0.131,0.181,0.188,-0.182,0.495,0.274,-0.335,0.175,-0.581,0.006,0.35,0.385,0.636,-0.259,0.61,0.168,0.431,0.233,0.728,-0.223,0.407,0.173,-0.692,-0.055,-0.041,-0.119,0.467,0.445,0.398,-0.723,0.252,0.611,-0.06,0.153,-0.218,0.503,0.303,-0.22,0.54,0.241,0.256,-0.181,0.1,0.045,-0.153,-0.321,-0.171,0.265,0.064,0.143,-0.036,0.495,-0.101,0.507,0.616,0.36,0.247,0.552,-0.446,-0.171,0.326,0.783,-0.182,0.628,0.441,-0.214,-0.351,0.73,0.325,-0.035,-0.372,-0.471,0.434,0.456,0.15,-0.283,0.13,-0.249,0.332,0.7,0.115,0.36,0.662,0.335,0.372,-0.342,-0.497,0.385,0.213,0.661,-0.591,-0.303
ALEC,0.407,0.604,0.769,0.582,-0.602,0.671,-0.763,-0.731,0.88,0.611,0.0,0.665,-0.696,-0.553,0.305,0.49,0.687,-0.78,-0.684,-0.466,0.211,0.183,0.281,-0.451,0.767,0.706,0.795,-0.471,-0.779,-0.694,0.828,0.207,0.845,-0.778,0.098,0.739,-0.549,0.697,0.635,0.741,0.491,0.853,0.861,-0.345,0.795,0.463,-0.417,-0.019,-0.575,-0.173,0.424,0.184,-0.288,0.8,-0.388,0.681,-0.726,-0.667,-0.185,-0.741,0.558,0.662,-0.845,-0.597,-0.137,0.098,0.395,0.009,0.298,-0.2,-0.087,-0.058,0.895,-0.702,-0.803,0.307,0.767,0.692,0.845,0.658,-0.556,0.519,0.855,0.701,0.306,-0.32,0.86,0.008,0.665,0.712,-0.793,0.778,0.168,-0.828,0.87,0.659,0.059,0.795,0.765,-0.582,0.029,0.068,0.119,-0.247,-0.651,-0.113,0.753,-0.496,-0.428,0.375,0.366,-0.655,0.041,-0.155,0.04,-0.29,-0.606,0.121,0.727,0.506,0.882,-0.661,0.583,-0.155,0.739,0.379,0.749,-0.557,0.708,-0.339,-0.689,-0.081,0.182,-0.042,0.806,0.814,0.317,-0.771,0.816,0.225,-0.493,0.635,0.087,0.744,-0.239,-0.64,0.766,0.756,-0.282,-0.608,0.627,0.332,-0.101,-0.089,-0.444,0.033,-0.59,-0.189,0.193,0.795,0.26,0.816,0.893,0.511,0.692,0.765,-0.782,-0.469,0.734,0.649,-0.458,0.808,0.687,-0.759,-0.826,0.776,-0.046,0.156,-0.675,-0.821,0.886,0.739,0.73,-0.132,0.659,-0.545,0.663,0.74,0.702,0.091,0.482,0.642,0.804,-0.552,-0.766,0.6,-0.042,0.632,-0.453,-0.417
ALNY,-0.171,0.726,0.82,0.038,-0.603,0.78,-0.681,-0.375,0.61,0.351,0.665,0.0,-0.334,-0.681,0.487,0.826,0.908,-0.584,-0.701,-0.533,0.63,0.691,0.532,-0.755,0.558,0.836,0.619,-0.165,-0.623,-0.885,0.689,-0.277,0.497,-0.854,0.316,0.867,-0.804,0.338,0.696,0.681,0.795,0.466,0.495,-0.69,0.772,-0.161,0.092,-0.418,-0.682,-0.345,0.322,-0.377,0.276,0.528,-0.14,0.373,-0.705,-0.754,0.042,-0.264,0.468,0.625,-0.668,-0.007,-0.594,0.571,0.453,-0.432,0.819,0.109,0.483,-0.114,0.488,-0.569,-0.728,-0.108,0.784,0.654,0.734,0.307,-0.859,0.717,0.71,0.909,0.35,-0.539,0.66,0.064,0.477,0.384,-0.815,0.859,-0.185,-0.807,0.686,0.325,-0.305,0.525,0.77,-0.318,-0.515,0.33,-0.233,-0.245,-0.719,0.199,0.703,-0.527,-0.533,0.125,0.723,-0.714,0.093,0.122,0.17,-0.606,-0.163,0.716,0.687,0.601,0.657,-0.529,-0.006,-0.65,0.253,0.79,0.506,-0.105,0.756,-0.69,-0.471,0.368,-0.345,0.312,0.819,0.459,-0.027,-0.482,0.594,-0.233,-0.828,0.817,0.687,0.651,0.04,-0.618,0.242,0.857,-0.727,-0.667,0.836,0.377,0.194,-0.177,-0.066,0.146,-0.696,-0.472,0.629,0.744,0.759,0.338,0.702,0.538,0.843,0.831,-0.637,-0.358,0.691,0.259,-0.331,0.329,0.154,-0.794,-0.606,0.413,-0.466,0.648,-0.312,-0.491,0.559,0.869,0.822,-0.578,0.813,-0.715,0.334,0.302,0.843,0.274,0.373,0.448,0.488,-0.648,-0.776,0.403,-0.342,0.281,-0.196,-0.596
ALTR,-0.365,-0.558,-0.448,-0.559,0.547,-0.395,0.835,0.889,-0.753,-0.497,-0.696,-0.334,0.0,0.681,-0.099,-0.204,-0.34,0.873,0.711,0.45,0.003,0.094,-0.12,0.452,-0.629,-0.432,-0.75,0.674,0.827,0.497,-0.676,-0.349,-0.793,0.631,0.369,-0.507,0.465,-0.616,-0.655,-0.5,-0.441,-0.871,-0.751,0.205,-0.688,-0.464,0.646,-0.24,0.558,-0.174,-0.196,-0.023,0.649,-0.499,0.715,-0.312,0.71,0.645,0.691,0.856,-0.249,-0.373,0.765,0.747,-0.026,0.295,-0.462,-0.115,0.072,0.626,0.321,-0.285,-0.79,0.841,0.756,-0.264,-0.388,-0.626,-0.694,-0.655,0.305,-0.256,-0.691,-0.422,0.077,0.424,-0.705,0.522,-0.315,-0.575,0.699,-0.544,0.13,0.692,-0.717,-0.318,-0.143,-0.647,-0.665,0.775,-0.138,0.071,0.064,0.536,0.681,0.433,-0.529,0.631,0.448,-0.093,-0.168,0.591,-0.049,0.316,0.194,-0.171,0.482,0.262,-0.451,-0.564,-0.722,0.856,-0.438,0.06,-0.689,-0.164,-0.474,0.491,-0.403,0.261,0.832,0.546,-0.284,0.172,-0.649,-0.741,-0.393,0.765,-0.626,-0.183,0.374,-0.211,0.165,-0.645,0.17,0.793,-0.802,-0.478,0.104,0.687,-0.411,-0.354,0.133,0.179,0.548,0.348,0.524,-0.221,0.263,-0.36,0.032,-0.741,-0.639,-0.507,-0.519,-0.637,0.862,0.772,-0.457,-0.387,0.537,-0.831,-0.505,0.691,0.81,-0.536,0.14,0.316,0.863,0.857,-0.814,-0.488,-0.521,0.055,-0.343,0.568,-0.598,-0.782,-0.515,0.04,-0.267,-0.508,-0.666,0.669,0.708,-0.486,0.103,-0.688,0.357,0.562
AMBA,0.096,-0.763,-0.625,-0.163,0.662,-0.539,0.881,0.628,-0.617,-0.173,-0.553,-0.681,0.681,0.0,-0.481,-0.577,-0.636,0.845,0.905,0.776,-0.547,-0.474,-0.196,0.794,-0.531,-0.724,-0.659,0.446,0.862,0.841,-0.594,-0.047,-0.591,0.86,0.21,-0.793,0.849,-0.411,-0.702,-0.569,-0.77,-0.597,-0.55,0.574,-0.805,0.076,0.239,0.182,0.833,0.11,-0.109,0.532,0.073,-0.325,0.499,-0.033,0.907,0.897,0.498,0.505,-0.094,-0.399,0.796,0.171,0.562,-0.149,-0.479,0.444,-0.419,0.504,-0.221,-0.312,-0.541,0.762,0.803,0.269,-0.436,-0.635,-0.649,-0.453,0.751,-0.425,-0.64,-0.669,0.053,0.725,-0.583,0.47,-0.158,-0.327,0.876,-0.703,0.568,0.755,-0.69,-0.064,0.345,-0.46,-0.794,0.536,0.398,-0.304,0.36,0.502,0.885,0.005,-0.479,0.804,0.654,-0.009,-0.57,0.818,0.017,0.26,0.047,0.213,0.117,-0.328,-0.602,-0.616,-0.629,0.844,0.128,0.587,-0.372,-0.507,-0.279,0.208,-0.468,0.774,0.628,0.223,0.066,-0.121,-0.721,-0.519,0.038,0.501,-0.658,0.354,0.807,-0.482,-0.423,-0.57,0.167,0.891,-0.411,-0.715,0.693,0.894,-0.797,-0.461,-0.099,0.201,0.275,0.304,0.838,0.026,-0.135,-0.375,-0.515,-0.383,-0.53,-0.6,-0.793,-0.74,0.833,0.749,-0.492,0.041,0.601,-0.44,-0.08,0.89,0.727,-0.228,0.618,-0.181,0.643,0.666,-0.652,-0.666,-0.809,0.388,-0.617,0.806,-0.4,-0.37,-0.821,0.066,-0.114,-0.388,-0.495,0.824,0.794,-0.506,0.448,-0.412,0.161,0.79
AMCX,0.092,0.42,0.541,0.033,-0.517,0.438,-0.385,-0.255,0.191,-0.318,0.305,0.487,-0.099,-0.481,0.0,0.492,0.577,-0.437,-0.576,-0.721,0.607,0.672,-0.136,-0.317,0.488,0.626,0.112,-0.106,-0.461,-0.622,0.123,0.185,0.353,-0.561,0.155,0.516,-0.496,0.475,0.259,0.466,0.392,0.177,0.388,-0.264,0.552,-0.166,0.153,-0.218,-0.494,-0.691,-0.194,-0.318,0.49,0.3,0.055,0.128,-0.622,-0.454,0.087,-0.133,-0.069,0.408,-0.491,0.276,-0.809,0.039,-0.229,-0.516,0.344,-0.111,0.44,0.08,0.31,-0.055,-0.47,-0.528,0.374,0.514,0.322,0.063,-0.775,0.31,0.368,0.467,0.097,-0.276,0.328,0.265,0.239,0.162,-0.405,0.353,-0.46,-0.462,0.476,0.071,-0.763,0.39,0.383,0.166,-0.124,0.532,-0.126,0.321,-0.391,0.534,0.166,-0.304,-0.151,0.111,0.431,-0.385,-0.389,-0.093,0.382,-0.671,0.191,0.344,0.468,0.242,0.248,-0.284,-0.217,-0.308,0.275,0.295,0.02,-0.321,0.397,-0.583,0.043,0.266,0.118,0.503,0.476,0.354,-0.009,-0.028,0.529,-0.351,-0.483,0.546,0.447,0.233,-0.472,-0.392,0.136,0.583,-0.646,-0.568,0.583,0.216,0.135,0.238,-0.307,-0.181,-0.763,-0.505,0.361,0.257,0.61,0.207,0.302,0.3,0.536,0.249,-0.35,-0.274,0.414,-0.138,-0.197,0.076,0.103,-0.598,-0.467,0.029,-0.505,0.349,-0.034,-0.235,0.393,0.42,0.654,0.033,0.684,-0.289,0.448,-0.125,0.712,-0.024,-0.161,0.287,0.442,-0.199,-0.338,0.411,-0.02,-0.181,0.355,-0.265
AMKR,-0.245,0.681,0.741,-0.027,-0.568,0.865,-0.596,-0.254,0.503,0.169,0.49,0.826,-0.204,-0.577,0.492,0.0,0.774,-0.479,-0.657,-0.416,0.411,0.763,0.485,-0.675,0.517,0.636,0.516,-0.25,-0.503,-0.775,0.535,-0.294,0.464,-0.741,0.438,0.713,-0.734,0.366,0.709,0.701,0.67,0.37,0.408,-0.544,0.753,-0.273,0.072,-0.185,-0.507,-0.371,0.263,-0.355,0.345,0.463,0.093,0.234,-0.626,-0.619,0.069,-0.147,0.447,0.757,-0.498,0.07,-0.498,0.665,0.462,-0.427,0.734,0.059,0.447,0.011,0.425,-0.526,-0.726,-0.127,0.706,0.702,0.692,0.181,-0.751,0.735,0.615,0.729,0.185,-0.294,0.651,-0.053,0.195,0.193,-0.681,0.877,-0.261,-0.694,0.619,0.044,-0.438,0.458,0.747,-0.264,-0.449,0.553,-0.141,-0.283,-0.645,0.246,0.653,-0.247,-0.27,-0.041,0.859,-0.561,0.218,0.291,0.31,-0.409,0.189,0.659,0.547,0.522,0.544,-0.485,-0.078,-0.62,0.238,0.646,0.312,-0.043,0.481,-0.732,-0.348,0.357,-0.253,0.469,0.729,0.439,0.186,-0.429,0.434,-0.197,-0.822,0.597,0.638,0.644,0.132,-0.598,0.222,0.872,-0.639,-0.624,0.685,0.274,0.062,-0.204,-0.162,0.259,-0.648,-0.335,0.767,0.513,0.66,0.325,0.611,0.573,0.668,0.765,-0.582,-0.273,0.58,0.194,-0.31,0.265,0.024,-0.651,-0.475,0.273,-0.531,0.627,-0.129,-0.387,0.494,0.903,0.73,-0.42,0.802,-0.621,0.361,0.228,0.778,0.299,0.463,0.587,0.447,-0.576,-0.76,0.361,-0.255,0.223,0.094,-0.632
AMRX,0.004,0.714,0.836,0.15,-0.521,0.756,-0.622,-0.429,0.603,0.291,0.687,0.908,-0.34,-0.636,0.577,0.774,0.0,-0.597,-0.698,-0.588,0.639,0.657,0.451,-0.657,0.612,0.874,0.58,-0.154,-0.628,-0.881,0.663,-0.107,0.554,-0.848,0.392,0.821,-0.752,0.434,0.643,0.692,0.693,0.495,0.583,-0.602,0.777,-0.036,0.136,-0.385,-0.599,-0.418,0.282,-0.298,0.297,0.561,-0.103,0.45,-0.716,-0.71,0.124,-0.346,0.509,0.614,-0.72,-0.05,-0.6,0.404,0.34,-0.37,0.691,0.084,0.513,-0.132,0.537,-0.493,-0.719,-0.109,0.765,0.663,0.698,0.346,-0.851,0.624,0.773,0.863,0.333,-0.452,0.657,0.174,0.617,0.438,-0.783,0.783,-0.117,-0.79,0.738,0.368,-0.391,0.578,0.71,-0.227,-0.364,0.381,-0.136,-0.16,-0.652,0.276,0.667,-0.46,-0.497,0.213,0.695,-0.658,-0.05,0.024,0.256,-0.65,-0.265,0.651,0.756,0.56,0.676,-0.491,0.078,-0.531,0.339,0.675,0.485,-0.274,0.762,-0.607,-0.402,0.372,-0.199,0.294,0.798,0.505,0.034,-0.462,0.666,-0.151,-0.736,0.834,0.6,0.654,-0.05,-0.559,0.284,0.839,-0.694,-0.639,0.816,0.341,0.082,-0.063,-0.122,0.033,-0.712,-0.538,0.562,0.763,0.693,0.393,0.728,0.506,0.851,0.767,-0.627,-0.297,0.772,0.308,-0.333,0.366,0.3,-0.795,-0.654,0.443,-0.342,0.64,-0.293,-0.501,0.608,0.808,0.831,-0.425,0.865,-0.582,0.432,0.293,0.854,0.336,0.351,0.477,0.555,-0.604,-0.742,0.431,-0.226,0.234,-0.122,-0.557
ANSS,-0.266,-0.752,-0.634,-0.458,0.766,-0.613,0.943,0.882,-0.817,-0.314,-0.78,-0.584,0.873,0.845,-0.437,-0.479,-0.597,0.0,0.918,0.734,-0.307,-0.232,-0.111,0.593,-0.75,-0.71,-0.808,0.62,0.938,0.785,-0.703,-0.331,-0.85,0.865,0.156,-0.753,0.733,-0.684,-0.724,-0.697,-0.6,-0.865,-0.842,0.434,-0.878,-0.29,0.479,-0.005,0.794,0.127,-0.244,0.135,0.36,-0.558,0.609,-0.35,0.932,0.862,0.532,0.814,-0.224,-0.547,0.919,0.542,0.316,0.1,-0.402,0.11,-0.162,0.612,0.029,-0.294,-0.816,0.837,0.899,-0.007,-0.577,-0.764,-0.773,-0.639,0.629,-0.405,-0.794,-0.617,-0.002,0.545,-0.806,0.387,-0.326,-0.513,0.889,-0.715,0.308,0.825,-0.868,-0.355,0.16,-0.732,-0.829,0.697,0.078,-0.223,0.07,0.442,0.845,0.095,-0.571,0.735,0.544,-0.107,-0.407,0.79,0.095,0.373,0.067,0.13,0.371,-0.031,-0.665,-0.597,-0.794,0.926,-0.297,0.336,-0.684,-0.347,-0.475,0.506,-0.546,0.577,0.733,0.351,-0.238,-0.006,-0.805,-0.799,-0.274,0.691,-0.789,0.07,0.643,-0.491,-0.121,-0.713,0.339,0.934,-0.721,-0.752,0.455,0.887,-0.705,-0.4,0.058,0.154,0.566,0.34,0.82,0.005,-0.003,-0.506,-0.264,-0.734,-0.726,-0.555,-0.759,-0.739,0.954,0.807,-0.639,-0.282,0.605,-0.76,-0.461,0.909,0.934,-0.503,0.341,0.055,0.834,0.903,-0.901,-0.665,-0.82,0.11,-0.621,0.683,-0.65,-0.652,-0.8,0.045,-0.219,-0.555,-0.768,0.762,0.833,-0.583,0.261,-0.573,0.28,0.671
APPN,-0.054,-0.864,-0.668,-0.248,0.783,-0.684,0.929,0.676,-0.708,-0.11,-0.684,-0.701,0.711,0.905,-0.576,-0.657,-0.698,0.918,0.0,0.827,-0.538,-0.501,-0.18,0.691,-0.684,-0.823,-0.761,0.413,0.868,0.909,-0.686,-0.238,-0.741,0.9,-0.015,-0.816,0.889,-0.564,-0.706,-0.687,-0.744,-0.706,-0.728,0.594,-0.903,-0.059,0.207,0.105,0.871,0.181,-0.244,0.338,0.055,-0.43,0.487,-0.23,0.95,0.897,0.469,0.595,-0.213,-0.566,0.871,0.239,0.528,-0.09,-0.437,0.345,-0.378,0.487,-0.223,-0.279,-0.671,0.758,0.865,0.193,-0.594,-0.764,-0.711,-0.527,0.801,-0.421,-0.731,-0.732,0.037,0.604,-0.723,0.364,-0.209,-0.352,0.93,-0.783,0.46,0.796,-0.841,-0.212,0.427,-0.649,-0.884,0.526,0.297,-0.403,0.143,0.374,0.904,-0.086,-0.512,0.722,0.577,-0.101,-0.557,0.852,0.106,0.297,-0.167,0.293,0.164,-0.24,-0.656,-0.618,-0.699,0.894,-0.046,0.542,-0.509,-0.498,-0.342,0.322,-0.562,0.784,0.601,0.164,-0.099,-0.113,-0.798,-0.681,-0.128,0.548,-0.781,0.316,0.826,-0.598,-0.427,-0.706,0.254,0.921,-0.54,-0.845,0.686,0.878,-0.822,-0.557,-0.045,0.068,0.388,0.278,0.907,0.129,-0.266,-0.516,-0.513,-0.564,-0.661,-0.617,-0.854,-0.78,0.875,0.74,-0.652,-0.068,0.57,-0.565,-0.292,0.951,0.84,-0.338,0.575,-0.2,0.712,0.764,-0.808,-0.739,-0.895,0.239,-0.759,0.797,-0.551,-0.463,-0.911,0.098,-0.161,-0.587,-0.671,0.815,0.828,-0.49,0.392,-0.429,0.084,0.704
APTO,-0.088,-0.644,-0.446,-0.165,0.655,-0.404,0.655,0.471,-0.475,0.224,-0.466,-0.533,0.45,0.776,-0.721,-0.416,-0.588,0.734,0.827,0.0,-0.693,-0.432,0.203,0.416,-0.518,-0.744,-0.469,0.224,0.727,0.809,-0.369,-0.285,-0.519,0.726,0.076,-0.694,0.78,-0.422,-0.335,-0.524,-0.561,-0.443,-0.559,0.559,-0.679,0.01,0.056,0.282,0.803,0.425,-0.007,0.33,-0.156,-0.226,0.37,-0.164,0.841,0.754,0.268,0.438,0.09,-0.367,0.757,-0.009,0.71,0.04,0.017,0.389,-0.222,0.46,-0.276,-0.295,-0.43,0.388,0.591,0.502,-0.398,-0.55,-0.413,-0.368,0.766,-0.177,-0.502,-0.522,0.103,0.569,-0.442,0.181,-0.138,-0.229,0.719,-0.467,0.492,0.558,-0.636,-0.187,0.584,-0.467,-0.594,0.178,0.273,-0.403,0.069,0.008,0.71,-0.381,-0.154,0.658,0.497,-0.241,-0.316,0.745,0.453,0.553,-0.182,0.485,0.099,-0.28,-0.632,-0.394,-0.466,0.629,0.095,0.527,-0.359,-0.351,-0.163,0.372,-0.445,0.708,0.217,0.158,-0.176,-0.076,-0.531,-0.473,0.146,0.201,-0.752,0.489,0.657,-0.575,-0.421,-0.393,0.586,0.714,-0.294,-0.676,0.767,0.735,-0.784,-0.451,-0.109,-0.11,0.356,0.482,0.891,0.222,-0.158,-0.381,-0.472,-0.337,-0.377,-0.305,-0.684,-0.414,0.587,0.566,-0.562,0.18,0.556,-0.269,-0.213,0.822,0.693,-0.092,0.516,-0.218,0.533,0.572,-0.593,-0.422,-0.835,0.065,-0.652,0.525,-0.389,-0.163,-0.817,0.229,0.132,-0.236,-0.53,0.505,0.503,-0.416,0.407,-0.174,-0.029,0.464
ARCT,-0.31,0.489,0.391,-0.322,-0.367,0.244,-0.331,-0.019,0.101,-0.256,0.211,0.63,0.003,-0.547,0.607,0.411,0.639,-0.307,-0.538,-0.693,0.0,0.699,0.143,-0.495,0.103,0.767,0.15,0.319,-0.29,-0.697,0.234,-0.097,0.027,-0.535,0.229,0.583,-0.688,-0.089,0.11,0.175,0.604,-0.024,0.094,-0.646,0.364,-0.406,0.513,-0.662,-0.677,-0.348,0.017,-0.597,0.566,-0.028,-0.107,-0.056,-0.515,-0.589,-0.001,0.094,0.004,0.055,-0.439,0.493,-0.856,0.241,0.004,-0.678,0.609,0.03,0.737,-0.07,-0.03,-0.06,-0.241,-0.637,0.276,0.149,0.109,0.0,-0.776,0.129,0.232,0.628,0.062,-0.635,0.043,0.127,0.147,-0.019,-0.532,0.331,-0.442,-0.315,0.278,0.084,-0.597,0.049,0.354,0.14,-0.612,0.302,-0.309,0.115,-0.454,0.571,0.033,-0.563,-0.589,0.196,0.374,-0.589,-0.318,-0.292,0.253,-0.716,-0.055,0.59,0.451,0.192,0.131,-0.258,-0.455,-0.65,-0.145,0.535,-0.046,0.121,0.456,-0.691,0.056,0.364,-0.309,0.14,0.32,-0.045,-0.536,0.162,0.428,-0.724,-0.628,0.684,0.766,0.096,-0.195,-0.333,-0.246,0.467,-0.883,-0.431,0.688,0.447,0.369,0.065,0.299,-0.167,-0.636,-0.498,0.404,0.454,0.821,-0.198,0.125,0.108,0.683,0.334,-0.199,-0.226,0.357,-0.397,-0.218,-0.222,-0.146,-0.602,-0.255,-0.147,-0.506,0.64,-0.164,-0.082,0.129,0.345,0.625,-0.424,0.559,-0.445,-0.057,-0.29,0.646,-0.157,-0.299,0.002,0.059,-0.382,-0.249,0.035,-0.545,-0.205,0.022,-0.262
ARWR,-0.444,0.491,0.548,-0.399,-0.408,0.514,-0.337,0.022,0.068,-0.179,0.183,0.691,0.094,-0.474,0.672,0.763,0.657,-0.232,-0.501,-0.432,0.699,0.0,0.436,-0.556,0.183,0.626,0.093,0.123,-0.24,-0.646,0.238,-0.325,0.072,-0.527,0.458,0.498,-0.629,0.091,0.349,0.312,0.58,-0.061,0.072,-0.553,0.462,-0.585,0.461,-0.447,-0.488,-0.411,-0.103,-0.63,0.695,0.132,0.206,-0.112,-0.468,-0.473,0.092,0.224,0.147,0.335,-0.293,0.531,-0.802,0.549,0.186,-0.725,0.805,0.135,0.726,-0.061,0.037,-0.115,-0.403,-0.5,0.416,0.342,0.296,-0.198,-0.783,0.503,0.293,0.649,0.139,-0.447,0.207,0.135,0.067,-0.101,-0.443,0.525,-0.474,-0.408,0.298,-0.126,-0.651,0.093,0.433,0.102,-0.577,0.576,-0.386,0.06,-0.376,0.517,0.259,-0.293,-0.313,-0.092,0.681,-0.422,0.069,0.262,0.352,-0.618,0.338,0.654,0.304,0.218,0.114,-0.236,-0.492,-0.636,-0.136,0.564,-0.091,0.204,0.324,-0.735,0.024,0.598,-0.405,0.561,0.434,0.032,-0.195,0.063,0.254,-0.539,-0.708,0.547,0.788,0.205,0.122,-0.347,-0.177,0.59,-0.791,-0.48,0.569,0.278,0.393,0.016,0.175,0.227,-0.619,-0.526,0.69,0.302,0.907,-0.107,0.265,0.306,0.61,0.455,-0.253,-0.163,0.307,-0.243,-0.119,-0.174,-0.302,-0.519,-0.189,-0.127,-0.687,0.689,0.111,0.014,0.125,0.609,0.538,-0.456,0.621,-0.465,0.092,-0.284,0.651,0.095,-0.047,0.272,0.097,-0.359,-0.392,0.086,-0.307,-0.237,0.297,-0.348
ASND,-0.358,0.316,0.458,-0.227,-0.157,0.426,-0.289,-0.097,0.238,0.485,0.281,0.532,-0.12,-0.196,-0.136,0.485,0.451,-0.111,-0.18,0.203,0.143,0.436,0.0,-0.498,0.042,0.309,0.302,0.039,-0.073,-0.308,0.508,-0.421,0.071,-0.281,0.445,0.292,-0.321,-0.037,0.46,0.131,0.428,0.158,0.054,-0.379,0.255,-0.244,0.222,-0.228,-0.158,0.241,0.302,-0.314,0.081,0.245,-0.005,0.03,-0.107,-0.289,-0.046,0.019,0.513,0.152,-0.092,-0.023,-0.06,0.497,0.687,-0.201,0.667,0.246,0.353,-0.288,0.097,-0.382,-0.32,0.211,0.405,0.137,0.355,-0.064,-0.29,0.519,0.293,0.553,0.355,-0.309,0.278,0.004,0.246,0.049,-0.349,0.499,0.098,-0.362,0.179,0.059,0.185,0.048,0.366,-0.339,-0.403,0.096,-0.358,-0.394,-0.21,-0.171,0.514,-0.205,-0.391,-0.167,0.479,-0.259,0.499,0.466,0.002,-0.102,-0.167,0.353,0.064,0.204,0.217,-0.228,-0.049,-0.326,-0.109,0.466,0.199,0.307,0.347,-0.235,-0.401,0.458,-0.51,0.13,0.381,0.011,0.069,-0.288,-0.027,-0.007,-0.409,0.314,0.389,0.303,0.684,-0.186,-0.005,0.287,-0.228,-0.161,0.261,0.146,0.244,-0.293,0.351,0.511,-0.065,-0.246,0.4,0.376,0.452,0.018,0.393,0.372,0.426,0.613,-0.282,-0.11,0.165,0.263,0.055,0.123,-0.129,-0.259,-0.076,0.239,-0.213,0.415,-0.057,-0.024,0.109,0.539,0.148,-0.626,0.216,-0.423,-0.008,0.156,0.235,0.295,0.32,0.301,0.012,-0.447,-0.454,-0.104,-0.189,0.163,-0.229,-0.302
ASTH,0.332,-0.665,-0.676,0.047,0.51,-0.576,0.71,0.452,-0.451,-0.351,-0.451,-0.755,0.452,0.794,-0.317,-0.675,-0.657,0.593,0.691,0.416,-0.495,-0.556,-0.498,0.0,-0.396,-0.656,-0.54,0.335,0.626,0.725,-0.515,0.223,-0.383,0.781,-0.018,-0.726,0.716,-0.194,-0.765,-0.472,-0.727,-0.434,-0.326,0.484,-0.683,0.245,0.084,0.256,0.645,0.086,-0.233,0.628,-0.046,-0.311,0.287,0.001,0.665,0.752,0.278,0.27,-0.3,-0.355,0.546,0.048,0.48,-0.416,-0.649,0.496,-0.657,0.143,-0.447,-0.036,-0.38,0.7,0.682,0.14,-0.447,-0.514,-0.62,-0.325,0.684,-0.543,-0.574,-0.73,-0.112,0.633,-0.506,0.322,-0.256,-0.226,0.767,-0.719,0.452,0.722,-0.527,-0.009,0.256,-0.312,-0.702,0.487,0.517,-0.267,0.52,0.631,0.75,0.108,-0.618,0.641,0.579,0.236,-0.762,0.616,-0.215,-0.103,0.092,0.213,0.081,-0.523,-0.497,-0.586,-0.534,0.622,0.226,0.557,-0.169,-0.633,-0.285,-0.084,-0.526,0.713,0.608,-0.087,0.381,-0.274,-0.693,-0.316,0.03,0.489,-0.377,0.271,0.761,-0.491,-0.528,-0.527,-0.178,0.661,-0.196,-0.618,0.604,0.729,-0.654,-0.296,-0.128,0.408,0.009,0.035,0.598,0.145,-0.324,-0.413,-0.602,-0.19,-0.473,-0.609,-0.737,-0.781,0.686,0.549,-0.386,-0.025,0.338,-0.297,0.08,0.722,0.497,-0.238,0.479,-0.375,0.375,0.43,-0.439,-0.723,-0.628,0.631,-0.586,0.761,-0.233,-0.247,-0.669,-0.265,-0.225,-0.383,-0.269,0.817,0.775,-0.382,0.389,-0.24,0.177,0.827
ATSG,0.423,0.65,0.67,0.607,-0.646,0.763,-0.72,-0.675,0.799,0.367,0.767,0.558,-0.629,-0.531,0.488,0.517,0.612,-0.75,-0.684,-0.518,0.103,0.183,0.042,-0.396,0.0,0.579,0.746,-0.513,-0.763,-0.647,0.672,0.307,0.892,-0.758,-0.003,0.718,-0.487,0.758,0.721,0.883,0.494,0.788,0.869,-0.226,0.859,0.453,-0.421,0.168,-0.52,-0.31,0.391,0.22,-0.223,0.79,-0.394,0.712,-0.718,-0.552,-0.04,-0.725,0.297,0.8,-0.761,-0.529,-0.192,0.025,0.256,0.059,0.156,-0.151,-0.075,0.073,0.867,-0.64,-0.782,0.267,0.756,0.902,0.814,0.687,-0.579,0.579,0.843,0.602,0.315,-0.141,0.875,0.01,0.561,0.596,-0.668,0.696,-0.006,-0.799,0.858,0.552,-0.234,0.953,0.766,-0.429,0.116,0.134,0.222,-0.124,-0.684,-0.074,0.748,-0.298,-0.126,0.198,0.38,-0.484,-0.131,0.031,0.159,-0.303,-0.23,0.116,0.675,0.73,0.832,-0.612,0.538,-0.137,0.741,0.464,0.732,-0.618,0.714,-0.333,-0.633,-0.05,0.284,0.147,0.83,0.923,0.477,-0.784,0.743,0.259,-0.47,0.574,0.121,0.824,-0.314,-0.641,0.755,0.766,-0.213,-0.594,0.601,0.359,-0.248,0.081,-0.683,-0.184,-0.611,-0.201,0.256,0.544,0.214,0.855,0.817,0.62,0.611,0.645,-0.76,-0.449,0.741,0.61,-0.346,0.809,0.681,-0.677,-0.883,0.753,-0.182,-0.009,-0.52,-0.794,0.873,0.664,0.72,-0.039,0.714,-0.543,0.735,0.732,0.723,0.271,0.52,0.605,0.875,-0.527,-0.715,0.737,0.147,0.547,-0.133,-0.434
AVTX,0.046,0.793,0.739,0.158,-0.619,0.65,-0.707,-0.497,0.595,0.165,0.706,0.836,-0.432,-0.724,0.626,0.636,0.874,-0.71,-0.823,-0.744,0.767,0.626,0.309,-0.656,0.579,0.0,0.621,-0.082,-0.687,-0.903,0.68,0.155,0.574,-0.867,0.294,0.814,-0.803,0.408,0.548,0.615,0.674,0.519,0.63,-0.616,0.787,0.035,0.143,-0.401,-0.796,-0.29,0.328,-0.331,0.206,0.463,-0.292,0.38,-0.812,-0.793,-0.113,-0.394,0.379,0.481,-0.813,-0.055,-0.669,0.232,0.34,-0.397,0.591,-0.133,0.51,0.02,0.534,-0.509,-0.681,-0.185,0.679,0.564,0.592,0.453,-0.867,0.412,0.72,0.847,0.203,-0.587,0.587,0.049,0.493,0.383,-0.852,0.704,-0.227,-0.719,0.764,0.455,-0.421,0.566,0.738,-0.279,-0.352,0.347,-0.095,-0.156,-0.707,0.295,0.516,-0.663,-0.578,0.259,0.541,-0.761,-0.135,-0.227,0.254,-0.613,-0.331,0.46,0.759,0.44,0.641,-0.596,0.048,-0.509,0.383,0.602,0.413,-0.206,0.708,-0.675,-0.398,0.232,-0.047,0.15,0.735,0.498,-0.075,-0.373,0.779,-0.314,-0.727,0.81,0.571,0.592,-0.183,-0.639,0.309,0.798,-0.748,-0.684,0.837,0.517,0.148,0.075,-0.094,-0.143,-0.798,-0.428,0.399,0.73,0.706,0.391,0.667,0.458,0.934,0.711,-0.656,-0.445,0.766,0.118,-0.358,0.382,0.329,-0.875,-0.701,0.389,-0.382,0.488,-0.52,-0.576,0.646,0.702,0.87,-0.357,0.833,-0.639,0.422,0.265,0.875,0.042,0.129,0.502,0.555,-0.664,-0.68,0.418,-0.337,0.217,-0.154,-0.501
BCPC,0.257,0.812,0.572,0.529,-0.606,0.728,-0.855,-0.658,0.912,0.514,0.795,0.619,-0.75,-0.659,0.112,0.516,0.58,-0.808,-0.761,-0.469,0.15,0.093,0.302,-0.54,0.746,0.621,0.0,-0.432,-0.769,-0.698,0.883,0.21,0.829,-0.767,0.019,0.759,-0.66,0.56,0.752,0.744,0.645,0.877,0.814,-0.452,0.82,0.423,-0.394,0.117,-0.631,0.092,0.636,0.094,-0.412,0.621,-0.547,0.575,-0.723,-0.683,-0.365,-0.75,0.485,0.663,-0.776,-0.625,-0.017,0.143,0.609,0.066,0.25,-0.261,-0.101,0.19,0.795,-0.887,-0.776,0.354,0.708,0.753,0.802,0.766,-0.481,0.47,0.801,0.66,0.203,-0.342,0.838,-0.323,0.381,0.57,-0.843,0.809,0.033,-0.766,0.85,0.53,0.057,0.797,0.892,-0.692,-0.099,0.015,0.165,-0.514,-0.828,-0.284,0.742,-0.491,-0.413,0.252,0.39,-0.705,0.101,-0.152,0.008,-0.035,-0.424,0.118,0.6,0.718,0.878,-0.799,0.506,-0.318,0.634,0.495,0.737,-0.407,0.649,-0.401,-0.807,-0.229,0.165,-0.214,0.792,0.799,0.352,-0.824,0.729,0.124,-0.603,0.528,0.18,0.895,-0.065,-0.785,0.73,0.75,-0.272,-0.586,0.659,0.534,-0.112,-0.116,-0.403,-0.132,-0.53,0.052,0.22,0.647,0.153,0.763,0.817,0.627,0.702,0.825,-0.845,-0.548,0.709,0.51,-0.432,0.817,0.592,-0.734,-0.823,0.727,-0.19,0.033,-0.771,-0.884,0.862,0.701,0.722,-0.245,0.605,-0.753,0.547,0.829,0.69,0.095,0.585,0.637,0.746,-0.798,-0.852,0.506,-0.207,0.793,-0.411,-0.614
BEAM,-0.317,-0.199,-0.398,-0.506,0.453,-0.338,0.555,0.753,-0.54,-0.429,-0.471,-0.165,0.674,0.446,-0.106,-0.25,-0.154,0.62,0.413,0.224,0.319,0.123,0.039,0.335,-0.513,-0.082,-0.432,0.0,0.676,0.252,-0.272,-0.085,-0.643,0.458,0.359,-0.299,0.199,-0.646,-0.613,-0.527,-0.106,-0.675,-0.539,-0.065,-0.542,-0.283,0.832,-0.285,0.224,0.18,0.061,-0.046,0.516,-0.521,0.295,-0.198,0.503,0.413,0.34,0.663,-0.134,-0.436,0.452,0.662,-0.113,0.1,-0.231,-0.199,0.161,0.534,0.402,-0.265,-0.659,0.632,0.677,-0.175,-0.27,-0.563,-0.633,-0.442,0.115,-0.394,-0.499,-0.138,0.064,0.108,-0.65,0.436,-0.176,-0.418,0.401,-0.42,0.15,0.575,-0.49,-0.096,-0.141,-0.472,-0.405,0.668,-0.265,-0.167,0.111,0.505,0.406,0.369,-0.471,0.305,0.11,0.142,-0.305,0.268,-0.175,0.081,0.35,-0.28,0.139,0.159,-0.319,-0.358,-0.575,0.555,-0.362,-0.053,-0.614,0.042,-0.361,0.446,-0.092,0.162,0.587,0.534,-0.243,-0.198,-0.484,-0.642,-0.556,0.646,-0.35,-0.368,0.214,0.035,0.353,-0.426,0.213,0.582,-0.658,-0.361,-0.063,0.624,-0.198,0.225,0.253,0.39,0.734,0.189,0.388,-0.283,0.239,-0.099,0.2,-0.645,-0.457,-0.38,-0.158,-0.379,0.68,0.554,-0.249,-0.42,0.549,-0.662,-0.293,0.418,0.593,-0.394,0.022,0.327,0.433,0.627,-0.607,-0.406,-0.325,-0.123,-0.195,0.248,-0.569,-0.593,-0.301,-0.215,-0.331,-0.362,-0.565,0.348,0.582,-0.588,-0.11,-0.486,0.155,0.523
BILI,-0.306,-0.695,-0.692,-0.533,0.71,-0.611,0.903,0.843,-0.824,-0.379,-0.779,-0.623,0.827,0.862,-0.461,-0.503,-0.628,0.938,0.868,0.727,-0.29,-0.24,-0.073,0.626,-0.763,-0.687,-0.769,0.676,0.0,0.772,-0.676,-0.235,-0.851,0.876,0.215,-0.766,0.689,-0.705,-0.758,-0.743,-0.583,-0.843,-0.819,0.376,-0.883,-0.305,0.506,0.0,0.708,0.22,-0.197,0.148,0.29,-0.622,0.515,-0.383,0.931,0.81,0.416,0.77,-0.223,-0.59,0.903,0.518,0.345,0.001,-0.403,0.13,-0.218,0.505,0.03,-0.272,-0.831,0.81,0.897,-0.016,-0.573,-0.784,-0.807,-0.673,0.647,-0.468,-0.81,-0.623,-0.049,0.49,-0.82,0.35,-0.401,-0.603,0.859,-0.725,0.268,0.853,-0.856,-0.36,0.186,-0.734,-0.811,0.631,0.034,-0.212,0.106,0.45,0.826,0.151,-0.628,0.694,0.47,-0.185,-0.451,0.745,0.062,0.28,0.091,0.172,0.332,-0.133,-0.715,-0.637,-0.844,0.832,-0.291,0.314,-0.69,-0.384,-0.567,0.509,-0.552,0.523,0.737,0.32,-0.217,-0.101,-0.803,-0.801,-0.258,0.725,-0.81,-0.029,0.626,-0.472,-0.126,-0.724,0.329,0.868,-0.719,-0.758,0.441,0.872,-0.714,-0.331,0.092,0.16,0.58,0.314,0.801,0.009,-0.029,-0.496,-0.268,-0.73,-0.74,-0.607,-0.722,-0.722,0.915,0.747,-0.659,-0.334,0.657,-0.746,-0.457,0.882,0.909,-0.537,0.343,-0.002,0.733,0.872,-0.878,-0.679,-0.816,0.156,-0.637,0.674,-0.659,-0.649,-0.794,-0.021,-0.325,-0.532,-0.779,0.726,0.837,-0.718,0.155,-0.604,0.261,0.721
BJRI,0.082,-0.83,-0.764,-0.099,0.75,-0.746,0.824,0.508,-0.671,-0.133,-0.694,-0.885,0.497,0.841,-0.622,-0.775,-0.881,0.785,0.909,0.809,-0.697,-0.646,-0.308,0.725,-0.647,-0.903,-0.698,0.252,0.772,0.0,-0.685,0.016,-0.615,0.931,-0.201,-0.916,0.951,-0.431,-0.676,-0.731,-0.82,-0.575,-0.624,0.75,-0.875,0.101,0.003,0.358,0.859,0.37,-0.288,0.4,-0.192,-0.455,0.346,-0.313,0.884,0.906,0.163,0.448,-0.286,-0.6,0.817,0.065,0.663,-0.336,-0.38,0.444,-0.618,0.214,-0.432,-0.025,-0.566,0.645,0.815,0.278,-0.724,-0.726,-0.722,-0.414,0.923,-0.573,-0.751,-0.871,-0.189,0.638,-0.7,0.113,-0.37,-0.334,0.931,-0.841,0.365,0.831,-0.787,-0.271,0.478,-0.598,-0.857,0.395,0.493,-0.433,0.184,0.247,0.874,-0.264,-0.57,0.679,0.648,-0.146,-0.654,0.874,0.156,0.183,-0.226,0.571,0.177,-0.556,-0.726,-0.612,-0.681,0.741,0.032,0.703,-0.366,-0.689,-0.396,0.254,-0.723,0.828,0.495,-0.124,0.147,-0.199,-0.828,-0.569,0.035,0.486,-0.743,0.389,0.911,-0.815,-0.654,-0.674,0.208,0.796,-0.347,-0.919,0.837,0.815,-0.934,-0.499,-0.114,0.114,0.229,0.125,0.896,0.391,-0.505,-0.683,-0.7,-0.439,-0.679,-0.56,-0.908,-0.812,0.76,0.556,-0.718,-0.111,0.513,-0.407,-0.231,0.941,0.769,-0.34,0.568,-0.512,0.526,0.633,-0.701,-0.807,-0.944,0.431,-0.85,0.777,-0.422,-0.351,-0.962,-0.066,-0.209,-0.473,-0.586,0.747,0.811,-0.436,0.469,-0.318,0.123,0.666
