,AAL,AAON,ACB,ACGL,ACGLO,ACIW,ADBE,ADSK,AEP,AGIO,ALEC,ALNY,ALTR,AMBA,AMCX,AMKR,AMRX,ANSS,APPN,APTO,ARCT,ARWR,ASND,ASTH,ATSG,AVTX,BCPC,BEAM,BILI,BJRI,BLUE,BPOP,BRKL,BWIN,BZUN,CARG,CBRL,CBSH,CBUS,CENTA,CERS,CFFN,CHCO,CHEF,CHRD,CINF,CLLS,CMCO,CMCSA,COLL,COMM,COOP,CPB,CRON,CROX,CRUS,CRWD,CTAS,CYBR,CYTK,DGII,DIOD,DOMO,DPZ,DSGR,DXCM,ERIE,ESTA,EXEL,FAST,FCEL,FCFS,FHB,FITBI,FSV,FTDR,FUTU,GLDD,GLPG,GLPI,GOGO,GOSS,GSAT,GYRE,HALO,HAS,HLIT,HLNE,HSDT,HSIC,HTHT,ICHR,IDYA,IMVT,INDB,INSM,IONS,IOSP,ITRI,JBHT,JBLU,JSM,KLIC,KOD,KURA,LAB,LASR,LIN,LKQ,LNT,MBUU,MCRI,MDGL,MEDP,MGNI,MGPI,MGRC,MKTX,MRNA,MRTN,MSEX,MSFT,MU,NAVI,NBTB,NEO,NEOG,NGNE,NSSC,NTAP,NTES,NTLA,NTRS,NYMTN,OBLG,OCFC,ON,ONC,OPI,OSIS,OSW,PALI,PANW,PCAR,PCRX,PCTY,PEBO,PLAB,PLAY,PLMR,PLSE,PLUS,PRTA,PSEC,PSNL,PTCT,PTON,QNST,QRVO,QTTB,RARE,RBCAA,RGNX,SAIC,SGMO,SINT,SNPS,SPSC,SPTN,SSYS,STNE,TBBK,TCPC,TENB,TGTX,TREE,TRUP,TTWO,TW,TXG,UBSI,UCTT,UFPT,UMBF,UPBD,URBN,VBTX,VCTR,VEON,VNET,VRSK,VSEC,WABC,WTFCM,WVE,WW,WWD,XEL,ZD,ZYME
AAL,0.0,0.276,-0.067,0.65,0.424,0.626,0.242,0.3,0.59,0.048,0.059,0.006,0.3,0.116,0.72,0.368,0.544,0.204,0.289,0.1,0.093,0.28,0.272,0.544,0.289,0.5,0.292,-0.077,0.263,0.595,-0.004,0.461,0.594,0.7,0.456,0.513,0.448,0.573,0.151,0.273,0.169,0.415,0.381,0.722,-0.18,0.434,0.148,0.586,0.511,0.293,0.419,0.475,0.034,0.18,0.462,0.298,-0.118,0.442,0.206,0.201,0.347,0.339,0.344,0.097,0.555,0.008,0.067,0.143,-0.126,0.234,0.032,0.722,0.385,0.561,0.532,0.515,0.227,0.587,0.276,0.81,0.396,0.07,0.273,0.323,-0.023,0.298,0.026,0.42,-0.008,0.556,0.052,0.53,0.241,0.115,0.483,0.072,0.067,0.614,0.284,0.335,0.928,0.339,0.316,0.393,0.385,-0.157,0.468,0.559,0.528,0.645,0.323,0.461,0.045,0.335,0.447,0.472,0.365,0.203,-0.176,0.298,0.633,0.278,0.559,0.823,0.459,0.22,-0.344,0.198,0.5,0.572,0.085,0.021,0.514,0.53,0.123,0.364,0.432,0.159,0.738,0.487,0.432,0.203,0.262,0.342,0.157,0.781,0.546,0.363,0.65,0.242,0.114,0.471,-0.037,0.727,0.032,0.036,0.264,0.42,0.41,0.286,-0.017,0.48,0.047,0.139,0.112,0.131,0.217,0.309,-0.109,0.406,0.71,0.679,0.539,0.232,-0.09,0.356,0.567,-0.147,0.096,0.114,0.347,0.659,0.441,0.59,0.643,0.744,0.438,-0.182,0.594,-0.256,0.255,0.257,0.12,0.333,-0.12,0.468,0.633,0.495,0.488,0.163
AAON,0.276,0.0,0.434,0.259,-0.012,0.424,-0.023,0.036,0.163,-0.102,0.308,-0.14,0.034,0.342,0.517,0.325,0.336,-0.05,0.016,-0.329,0.253,-0.018,-0.035,0.446,0.562,-0.118,0.573,0.235,-0.252,0.308,-0.087,0.741,0.723,0.481,0.196,0.356,0.252,0.352,0.048,0.199,0.275,0.416,0.767,0.241,0.411,-0.142,-0.112,0.525,0.325,0.11,0.501,0.161,-0.287,0.249,0.109,0.289,-0.001,0.362,0.128,0.055,0.397,0.357,0.095,-0.233,0.505,-0.08,0.065,0.288,0.03,0.11,0.298,0.348,0.459,0.085,0.239,0.331,0.248,0.662,0.023,0.576,0.163,0.136,0.397,0.317,0.185,0.384,-0.336,0.471,0.163,0.236,0.185,0.37,0.29,-0.235,0.549,0.175,0.174,0.613,0.398,0.185,0.371,0.269,0.235,0.031,0.186,0.351,0.218,0.266,0.641,0.144,0.321,0.704,-0.042,0.222,0.471,0.117,0.706,0.022,-0.253,0.501,0.517,-0.03,0.508,0.571,0.69,0.153,0.193,-0.454,0.439,0.569,-0.097,0.033,0.545,0.099,0.321,0.736,0.427,-0.079,0.686,0.296,0.303,-0.255,0.015,0.253,0.147,0.421,0.618,0.391,0.598,-0.216,0.519,0.439,0.069,0.601,0.135,0.09,-0.303,0.322,0.386,0.262,0.014,0.542,0.184,0.3,0.055,-0.073,0.014,0.357,-0.114,0.272,0.538,0.358,0.128,0.204,-0.079,0.244,0.09,-0.353,0.028,-0.045,0.497,0.364,0.137,0.644,0.327,0.244,0.718,0.458,0.438,0.022,0.282,0.321,0.451,0.099,0.307,0.299,0.65,0.106,0.43,0.02
ACB,-0.067,0.434,0.0,0.382,-0.721,-0.199,-0.791,-0.719,-0.535,-0.741,-0.29,-0.763,-0.686,-0.39,0.156,-0.432,-0.39,-0.762,-0.741,-0.889,-0.437,-0.724,-0.703,-0.306,-0.092,-0.709,0.597,-0.152,-0.758,-0.386,-0.691,0.253,0.455,0.176,-0.618,-0.391,-0.552,-0.364,-0.662,-0.502,-0.441,-0.184,0.339,-0.374,-0.107,-0.398,-0.762,-0.165,-0.401,-0.624,-0.312,-0.514,-0.849,-0.439,-0.586,-0.548,-0.628,-0.437,-0.587,-0.644,-0.369,-0.429,-0.692,-0.792,-0.125,-0.744,-0.506,-0.433,-0.533,-0.692,-0.404,0.198,-0.136,-0.632,-0.474,-0.427,-0.211,0.258,-0.664,0.053,0.531,-0.549,-0.329,-0.459,-0.494,-0.261,-0.774,-0.305,-0.296,-0.486,-0.377,-0.427,-0.45,-0.825,-0.115,-0.493,-0.565,-0.078,-0.334,-0.596,-0.072,-0.478,-0.589,-0.667,-0.46,0.02,-0.564,-0.441,-0.051,-0.464,-0.372,0.033,-0.709,-0.558,-0.331,-0.646,0.316,-0.676,-0.721,-0.164,-0.031,-0.777,-0.071,0.11,0.491,-0.638,-0.037,-0.8,-0.365,-0.25,-0.791,-0.623,0.171,-0.604,0.593,0.522,-0.381,-0.764,0.209,-0.492,-0.436,-0.787,-0.756,-0.469,-0.584,-0.251,0.185,-0.416,0.098,-0.556,-0.078,-0.393,-0.356,0.016,-0.546,-0.589,-0.838,-0.43,-0.458,0.585,-0.648,0.039,-0.508,-0.479,-0.596,-0.665,-0.778,-0.38,-0.706,-0.451,-0.151,-0.291,-0.631,-0.574,-0.616,-0.481,-0.63,-0.765,-0.69,-0.665,-0.156,-0.352,-0.597,0.118,-0.42,-0.358,0.12,0.74,-0.244,-0.562,-0.421,-0.344,-0.113,-0.557,0.189,-0.449,0.47,-0.635,-0.396,-0.514
ACGL,0.65,0.259,0.382,0.0,-0.139,0.278,-0.284,-0.266,0.205,-0.438,-0.42,-0.527,-0.287,-0.424,0.511,-0.049,-0.032,-0.251,-0.329,-0.415,-0.504,-0.243,-0.219,0.122,-0.135,0.14,0.753,-0.297,-0.145,0.118,-0.575,0.282,0.582,0.797,-0.05,-0.053,-0.132,0.114,-0.414,-0.17,-0.363,-0.001,0.272,0.32,-0.535,0.521,-0.449,0.176,0.225,-0.185,-0.035,-0.099,-0.435,-0.259,-0.062,-0.264,-0.629,-0.059,-0.347,-0.375,-0.228,-0.077,-0.301,-0.333,0.17,-0.599,-0.316,-0.466,-0.661,-0.354,-0.516,0.791,-0.066,0.067,0.01,-0.065,0.258,0.321,-0.116,0.569,0.735,-0.448,-0.234,-0.251,-0.596,0.081,-0.262,-0.079,-0.615,-0.079,-0.475,0.035,-0.378,-0.508,0.108,-0.356,-0.414,0.341,-0.218,-0.146,0.625,-0.281,-0.209,-0.141,-0.303,-0.513,-0.122,0.272,0.124,0.385,-0.337,0.052,-0.533,-0.03,-0.137,-0.09,0.206,-0.261,-0.674,0.067,0.565,-0.163,0.462,0.678,0.492,-0.36,-0.323,-0.16,0.003,0.144,-0.405,-0.461,0.657,0.027,0.564,0.355,-0.072,-0.331,0.657,-0.017,-0.153,-0.104,-0.287,-0.042,-0.45,0.321,0.309,-0.122,0.372,-0.238,-0.339,-0.087,-0.166,0.416,-0.581,-0.576,-0.158,-0.188,-0.116,0.831,-0.539,0.065,-0.515,-0.419,-0.425,-0.533,-0.325,-0.232,-0.708,-0.099,0.366,0.215,-0.04,-0.392,-0.575,-0.19,0.011,-0.429,-0.387,-0.501,-0.124,0.273,-0.086,0.259,0.197,0.435,0.1,0.128,0.298,-0.611,-0.068,-0.198,-0.24,-0.016,-0.41,-0.068,0.773,0.033,-0.074,-0.11
ACGLO,0.424,-0.012,-0.721,-0.139,0.0,0.713,0.902,0.95,0.901,0.874,0.628,0.871,0.94,0.673,0.274,0.82,0.656,0.895,0.901,0.862,0.682,0.964,0.88,0.736,0.593,0.815,-0.305,0.356,0.875,0.819,0.82,0.309,0.104,0.205,0.859,0.82,0.872,0.787,0.893,0.828,0.775,0.63,0.065,0.773,0.285,0.499,0.892,0.666,0.7,0.921,0.738,0.89,0.756,0.761,0.903,0.789,0.763,0.828,0.902,0.899,0.758,0.749,0.901,0.868,0.65,0.81,0.703,0.74,0.731,0.881,0.679,0.138,0.659,0.827,0.891,0.839,0.304,0.212,0.888,0.441,-0.522,0.823,0.627,0.82,0.735,0.689,0.754,0.727,0.375,0.873,0.497,0.834,0.79,0.859,0.529,0.805,0.821,0.51,0.731,0.825,0.436,0.85,0.838,0.887,0.682,0.238,0.915,0.806,0.575,0.785,0.732,0.429,0.868,0.881,0.74,0.914,0.144,0.803,0.731,0.591,0.39,0.872,0.39,0.367,-0.078,0.793,-0.048,0.753,0.763,0.676,0.754,0.822,0.178,0.959,-0.617,0.029,0.771,0.877,0.294,0.865,0.817,0.729,0.94,0.798,0.85,0.702,0.285,0.775,0.44,0.725,0.384,0.76,0.477,0.42,0.739,0.773,0.688,0.806,0.788,-0.484,0.831,0.486,0.794,0.773,0.859,0.753,0.908,0.735,0.703,0.799,0.612,0.735,0.924,0.837,0.803,0.874,0.911,0.688,0.814,0.864,0.631,0.754,0.916,0.441,0.852,0.739,0.378,-0.649,0.654,0.632,0.693,0.732,0.529,0.845,-0.111,0.828,0.019,0.906,0.75,0.813
ACIW,0.626,0.424,-0.199,0.278,0.713,0.0,0.597,0.713,0.822,0.548,0.672,0.498,0.74,0.628,0.729,0.854,0.722,0.636,0.63,0.371,0.595,0.675,0.71,0.88,0.73,0.555,0.277,0.21,0.549,0.932,0.508,0.807,0.666,0.553,0.776,0.804,0.837,0.915,0.646,0.815,0.738,0.823,0.556,0.891,0.234,0.371,0.596,0.909,0.836,0.743,0.867,0.723,0.35,0.729,0.83,0.732,0.477,0.887,0.717,0.684,0.816,0.819,0.683,0.467,0.889,0.468,0.645,0.647,0.467,0.673,0.557,0.629,0.834,0.628,0.892,0.807,0.504,0.684,0.726,0.802,-0.16,0.637,0.654,0.74,0.525,0.8,0.272,0.864,0.287,0.83,0.512,0.882,0.717,0.415,0.8,0.695,0.66,0.856,0.793,0.755,0.735,0.74,0.78,0.73,0.645,0.2,0.85,0.89,0.878,0.753,0.684,0.742,0.547,0.804,0.77,0.787,0.668,0.667,0.331,0.841,0.727,0.63,0.707,0.788,0.516,0.517,0.016,0.256,0.839,0.812,0.431,0.588,0.669,0.784,-0.217,0.477,0.844,0.59,0.738,0.845,0.748,0.38,0.688,0.844,0.649,0.911,0.782,0.828,0.842,0.46,0.579,0.838,0.344,0.679,0.538,0.524,0.286,0.788,0.797,-0.057,0.531,0.747,0.596,0.672,0.649,0.389,0.628,0.764,0.346,0.851,0.875,0.908,0.779,0.701,0.467,0.806,0.809,0.175,0.572,0.591,0.837,0.881,0.783,0.85,0.92,0.895,0.765,-0.276,0.82,0.265,0.742,0.812,0.699,0.7,0.058,0.855,0.611,0.772,0.794,0.671
ADBE,0.242,-0.023,-0.791,-0.284,0.902,0.597,0.0,0.961,0.792,0.916,0.68,0.89,0.922,0.747,0.199,0.832,0.67,0.956,0.927,0.878,0.737,0.913,0.914,0.685,0.526,0.786,-0.285,0.392,0.846,0.729,0.874,0.219,-0.07,0.076,0.892,0.742,0.856,0.698,0.909,0.807,0.793,0.551,0.043,0.661,0.298,0.438,0.901,0.564,0.738,0.887,0.726,0.737,0.858,0.817,0.871,0.881,0.838,0.802,0.866,0.869,0.726,0.782,0.901,0.864,0.533,0.883,0.751,0.725,0.737,0.938,0.737,0.051,0.562,0.765,0.8,0.743,0.431,0.089,0.888,0.351,-0.614,0.82,0.616,0.806,0.763,0.654,0.781,0.703,0.421,0.804,0.589,0.792,0.751,0.894,0.493,0.817,0.859,0.476,0.72,0.87,0.31,0.787,0.902,0.911,0.682,0.217,0.848,0.754,0.51,0.681,0.684,0.421,0.91,0.86,0.699,0.874,0.137,0.884,0.798,0.605,0.381,0.964,0.428,0.243,-0.132,0.876,0.24,0.715,0.684,0.655,0.908,0.892,0.175,0.824,-0.598,-0.136,0.772,0.913,0.168,0.804,0.746,0.802,0.961,0.811,0.845,0.586,0.222,0.805,0.32,0.669,0.456,0.77,0.566,0.314,0.797,0.835,0.783,0.74,0.825,-0.541,0.866,0.363,0.8,0.81,0.856,0.77,0.973,0.718,0.791,0.818,0.537,0.598,0.876,0.863,0.803,0.811,0.859,0.795,0.903,0.856,0.572,0.696,0.88,0.324,0.748,0.638,0.311,-0.626,0.615,0.741,0.786,0.695,0.503,0.794,-0.037,0.767,-0.126,0.857,0.772,0.777
ADSK,0.3,0.036,-0.719,-0.266,0.95,0.713,0.961,0.0,0.848,0.937,0.76,0.919,0.981,0.796,0.26,0.887,0.697,0.956,0.929,0.858,0.79,0.958,0.932,0.765,0.649,0.764,-0.279,0.441,0.858,0.834,0.894,0.354,0.064,0.117,0.889,0.828,0.918,0.8,0.954,0.892,0.867,0.668,0.136,0.738,0.387,0.396,0.934,0.68,0.762,0.948,0.808,0.823,0.824,0.875,0.923,0.901,0.87,0.883,0.934,0.946,0.814,0.844,0.934,0.87,0.666,0.899,0.807,0.808,0.809,0.956,0.785,0.104,0.691,0.786,0.888,0.828,0.424,0.221,0.926,0.408,-0.624,0.893,0.682,0.874,0.827,0.708,0.741,0.794,0.457,0.872,0.64,0.858,0.851,0.891,0.587,0.889,0.914,0.553,0.821,0.897,0.369,0.873,0.927,0.937,0.746,0.3,0.932,0.809,0.618,0.723,0.774,0.501,0.934,0.902,0.767,0.933,0.244,0.907,0.809,0.689,0.427,0.934,0.449,0.314,-0.027,0.851,0.162,0.68,0.782,0.709,0.843,0.922,0.215,0.896,-0.63,0.004,0.841,0.933,0.243,0.885,0.818,0.752,0.982,0.869,0.907,0.674,0.333,0.862,0.452,0.683,0.534,0.826,0.508,0.384,0.84,0.868,0.702,0.832,0.867,-0.546,0.9,0.503,0.866,0.874,0.918,0.776,0.969,0.799,0.791,0.874,0.612,0.707,0.913,0.922,0.855,0.898,0.905,0.729,0.901,0.916,0.7,0.757,0.933,0.461,0.834,0.7,0.432,-0.611,0.674,0.722,0.803,0.805,0.626,0.843,0.001,0.86,-0.022,0.894,0.831,0.82
AEP,0.59,0.163,-0.535,0.205,0.901,0.822,0.792,0.848,0.0,0.725,0.507,0.66,0.821,0.541,0.433,0.826,0.628,0.81,0.758,0.666,0.512,0.846,0.788,0.791,0.582,0.833,0.041,0.259,0.807,0.859,0.604,0.439,0.327,0.522,0.848,0.783,0.843,0.831,0.753,0.787,0.652,0.652,0.261,0.868,0.127,0.666,0.699,0.738,0.829,0.863,0.76,0.802,0.603,0.715,0.867,0.724,0.552,0.834,0.766,0.764,0.688,0.766,0.77,0.727,0.734,0.592,0.618,0.591,0.491,0.768,0.514,0.427,0.632,0.831,0.874,0.79,0.516,0.352,0.852,0.632,-0.279,0.68,0.534,0.725,0.539,0.76,0.624,0.73,0.139,0.82,0.361,0.858,0.657,0.654,0.595,0.706,0.704,0.684,0.689,0.82,0.621,0.724,0.781,0.823,0.567,0.056,0.865,0.924,0.645,0.957,0.595,0.475,0.659,0.893,0.663,0.881,0.27,0.744,0.481,0.696,0.678,0.829,0.626,0.599,0.149,0.645,-0.032,0.637,0.767,0.734,0.624,0.679,0.483,0.935,-0.358,0.159,0.775,0.773,0.552,0.889,0.727,0.666,0.831,0.809,0.674,0.794,0.421,0.768,0.588,0.554,0.32,0.736,0.414,0.567,0.54,0.569,0.608,0.729,0.778,-0.152,0.648,0.494,0.616,0.656,0.712,0.489,0.798,0.662,0.432,0.756,0.769,0.773,0.884,0.71,0.586,0.788,0.901,0.526,0.704,0.666,0.597,0.875,0.868,0.548,0.917,0.88,0.443,-0.559,0.78,0.448,0.755,0.684,0.482,0.816,-0.246,0.798,0.323,0.949,0.749,0.76
AGIO,0.048,-0.102,-0.741,-0.438,0.874,0.548,0.916,0.937,0.725,0.0,0.729,0.962,0.915,0.735,0.048,0.798,0.499,0.939,0.852,0.888,0.737,0.927,0.913,0.601,0.548,0.635,-0.383,0.393,0.875,0.685,0.929,0.192,-0.135,-0.079,0.758,0.658,0.787,0.68,0.935,0.864,0.811,0.57,-0.051,0.57,0.378,0.345,0.93,0.5,0.646,0.896,0.684,0.699,0.867,0.859,0.842,0.809,0.935,0.766,0.908,0.942,0.717,0.758,0.838,0.911,0.521,0.923,0.867,0.744,0.868,0.907,0.751,-0.079,0.566,0.617,0.764,0.666,0.387,-0.009,0.898,0.161,-0.783,0.894,0.623,0.776,0.827,0.669,0.804,0.654,0.419,0.73,0.624,0.707,0.776,0.907,0.453,0.901,0.927,0.342,0.741,0.836,0.125,0.76,0.853,0.85,0.625,0.269,0.817,0.685,0.446,0.59,0.637,0.309,0.953,0.852,0.591,0.834,0.108,0.897,0.92,0.605,0.229,0.893,0.276,0.052,-0.209,0.774,0.242,0.689,0.625,0.515,0.844,0.941,0.077,0.784,-0.692,-0.168,0.7,0.944,0.016,0.773,0.649,0.754,0.947,0.817,0.867,0.442,0.134,0.749,0.244,0.675,0.44,0.662,0.602,0.131,0.826,0.88,0.642,0.7,0.739,-0.645,0.946,0.321,0.853,0.832,0.937,0.735,0.94,0.74,0.839,0.756,0.413,0.504,0.781,0.851,0.933,0.8,0.781,0.826,0.926,0.923,0.59,0.583,0.844,0.277,0.68,0.539,0.272,-0.636,0.516,0.836,0.761,0.744,0.605,0.773,-0.057,0.737,-0.214,0.803,0.661,0.843
ALEC,0.059,0.308,-0.29,-0.42,0.628,0.672,0.68,0.76,0.507,0.729,0.0,0.746,0.804,0.943,0.333,0.802,0.654,0.695,0.722,0.483,0.886,0.694,0.728,0.697,0.821,0.292,-0.138,0.485,0.483,0.733,0.801,0.621,0.284,-0.041,0.663,0.757,0.796,0.72,0.814,0.835,0.923,0.765,0.398,0.534,0.613,-0.114,0.769,0.712,0.575,0.753,0.816,0.647,0.512,0.835,0.744,0.848,0.843,0.822,0.862,0.808,0.891,0.803,0.759,0.575,0.697,0.783,0.809,0.884,0.864,0.777,0.888,0.036,0.827,0.379,0.725,0.746,0.314,0.437,0.692,0.384,-0.659,0.87,0.76,0.84,0.891,0.661,0.33,0.84,0.686,0.725,0.816,0.76,0.89,0.613,0.71,0.883,0.859,0.569,0.899,0.706,0.195,0.832,0.817,0.734,0.761,0.607,0.781,0.571,0.75,0.317,0.825,0.72,0.816,0.684,0.785,0.676,0.619,0.713,0.7,0.739,0.324,0.614,0.359,0.252,0.244,0.692,0.398,0.206,0.722,0.651,0.604,0.834,0.208,0.585,-0.581,0.303,0.83,0.687,0.268,0.719,0.725,0.313,0.739,0.763,0.87,0.558,0.579,0.843,0.563,0.508,0.84,0.816,0.472,0.318,0.896,0.857,0.228,0.834,0.808,-0.534,0.816,0.702,0.892,0.897,0.864,0.648,0.715,0.835,0.742,0.853,0.531,0.657,0.631,0.893,0.793,0.851,0.622,0.418,0.712,0.833,0.88,0.571,0.724,0.635,0.625,0.451,0.706,-0.182,0.517,0.693,0.716,0.889,0.874,0.591,0.404,0.818,0.074,0.572,0.777,0.681
ALNY,0.006,-0.14,-0.763,-0.527,0.871,0.498,0.89,0.919,0.66,0.962,0.746,0.0,0.923,0.766,-0.002,0.734,0.52,0.893,0.888,0.905,0.756,0.921,0.867,0.544,0.55,0.624,-0.507,0.472,0.825,0.64,0.963,0.149,-0.159,-0.154,0.721,0.655,0.781,0.627,0.92,0.822,0.814,0.565,-0.087,0.498,0.446,0.244,0.953,0.472,0.521,0.87,0.64,0.745,0.84,0.777,0.787,0.772,0.939,0.726,0.928,0.937,0.736,0.688,0.847,0.902,0.454,0.959,0.809,0.781,0.911,0.884,0.771,-0.175,0.595,0.614,0.729,0.689,0.251,0.002,0.861,0.119,-0.775,0.903,0.628,0.766,0.869,0.597,0.79,0.633,0.537,0.712,0.656,0.666,0.797,0.913,0.411,0.878,0.91,0.288,0.716,0.765,0.045,0.799,0.8,0.838,0.664,0.417,0.795,0.599,0.409,0.486,0.705,0.296,0.975,0.794,0.621,0.784,0.065,0.829,0.95,0.527,0.128,0.83,0.13,0.003,-0.25,0.805,0.246,0.706,0.61,0.495,0.814,0.944,-0.065,0.752,-0.75,-0.133,0.666,0.906,-0.06,0.735,0.697,0.712,0.925,0.739,0.907,0.401,0.122,0.696,0.216,0.726,0.447,0.657,0.565,0.105,0.863,0.91,0.611,0.712,0.689,-0.735,0.941,0.373,0.889,0.844,0.93,0.815,0.906,0.705,0.895,0.75,0.324,0.526,0.742,0.87,0.963,0.807,0.736,0.802,0.853,0.945,0.586,0.485,0.801,0.253,0.613,0.449,0.264,-0.591,0.432,0.842,0.654,0.746,0.598,0.741,0.065,0.723,-0.297,0.747,0.633,0.809
ALTR,0.3,0.034,-0.686,-0.287,0.94,0.74,0.922,0.981,0.821,0.915,0.804,0.923,0.0,0.824,0.304,0.881,0.722,0.928,0.939,0.836,0.816,0.951,0.92,0.763,0.684,0.714,-0.305,0.426,0.829,0.855,0.906,0.398,0.113,0.097,0.871,0.85,0.93,0.818,0.956,0.904,0.89,0.722,0.157,0.738,0.423,0.312,0.952,0.726,0.721,0.94,0.811,0.857,0.784,0.851,0.92,0.894,0.872,0.894,0.959,0.956,0.864,0.842,0.937,0.855,0.691,0.901,0.82,0.848,0.843,0.937,0.799,0.102,0.75,0.752,0.896,0.859,0.368,0.284,0.911,0.412,-0.626,0.914,0.718,0.873,0.854,0.703,0.689,0.819,0.532,0.89,0.7,0.866,0.893,0.876,0.614,0.902,0.909,0.563,0.848,0.867,0.364,0.905,0.915,0.927,0.795,0.368,0.946,0.79,0.649,0.674,0.821,0.528,0.938,0.883,0.799,0.919,0.293,0.878,0.815,0.68,0.403,0.886,0.407,0.319,-0.001,0.833,0.161,0.65,0.805,0.693,0.813,0.918,0.186,0.889,-0.671,0.05,0.852,0.908,0.259,0.892,0.837,0.683,0.968,0.86,0.932,0.686,0.397,0.867,0.499,0.705,0.575,0.842,0.477,0.373,0.868,0.875,0.633,0.876,0.86,-0.58,0.903,0.569,0.89,0.885,0.932,0.786,0.939,0.819,0.816,0.9,0.61,0.754,0.897,0.945,0.869,0.93,0.899,0.68,0.868,0.943,0.752,0.733,0.924,0.507,0.829,0.691,0.487,-0.576,0.634,0.706,0.77,0.853,0.675,0.822,0.069,0.9,-0.009,0.862,0.833,0.819
AMBA,0.116,0.342,-0.39,-0.424,0.673,0.628,0.747,0.796,0.541,0.735,0.943,0.766,0.824,0.0,0.306,0.812,0.725,0.728,0.783,0.545,0.911,0.733,0.731,0.747,0.839,0.389,-0.166,0.577,0.497,0.741,0.808,0.587,0.261,0.003,0.735,0.823,0.839,0.724,0.836,0.822,0.93,0.769,0.434,0.547,0.662,-0.07,0.786,0.718,0.596,0.794,0.847,0.705,0.565,0.826,0.758,0.901,0.846,0.847,0.866,0.818,0.895,0.834,0.834,0.621,0.684,0.811,0.776,0.899,0.857,0.831,0.926,-0.008,0.81,0.482,0.741,0.803,0.345,0.45,0.715,0.43,-0.654,0.891,0.816,0.889,0.923,0.645,0.368,0.859,0.695,0.749,0.814,0.798,0.912,0.652,0.734,0.871,0.866,0.621,0.915,0.726,0.233,0.881,0.846,0.779,0.806,0.63,0.811,0.593,0.758,0.359,0.864,0.76,0.838,0.695,0.853,0.716,0.588,0.728,0.696,0.713,0.374,0.667,0.401,0.285,0.241,0.777,0.403,0.253,0.769,0.714,0.69,0.843,0.198,0.635,-0.588,0.301,0.88,0.728,0.304,0.746,0.794,0.365,0.786,0.762,0.895,0.577,0.553,0.869,0.574,0.471,0.85,0.871,0.443,0.392,0.941,0.891,0.347,0.868,0.866,-0.531,0.844,0.681,0.916,0.933,0.868,0.726,0.77,0.832,0.771,0.86,0.556,0.678,0.694,0.934,0.781,0.867,0.668,0.477,0.737,0.844,0.866,0.603,0.769,0.626,0.651,0.462,0.716,-0.195,0.578,0.725,0.719,0.861,0.845,0.633,0.393,0.85,0.042,0.617,0.842,0.665
AMCX,0.72,0.517,0.156,0.511,0.274,0.729,0.199,0.26,0.433,0.048,0.333,-0.002,0.304,0.306,0.0,0.483,0.614,0.192,0.274,-0.072,0.265,0.163,0.294,0.556,0.414,0.234,0.502,-0.147,0.113,0.617,0.084,0.729,0.702,0.544,0.462,0.478,0.467,0.592,0.175,0.369,0.349,0.578,0.58,0.645,-0.068,0.141,0.167,0.705,0.554,0.225,0.531,0.37,-0.098,0.327,0.494,0.439,-0.004,0.522,0.263,0.197,0.509,0.476,0.284,-0.031,0.617,0.013,0.267,0.296,-0.001,0.27,0.184,0.783,0.575,0.293,0.537,0.458,0.272,0.715,0.25,0.826,0.277,0.121,0.416,0.37,0.084,0.512,-0.196,0.575,0.213,0.578,0.315,0.577,0.334,0.02,0.596,0.198,0.157,0.721,0.405,0.4,0.789,0.371,0.429,0.335,0.471,0.011,0.447,0.554,0.712,0.409,0.422,0.682,0.1,0.353,0.536,0.382,0.663,0.23,-0.116,0.525,0.629,0.224,0.624,0.827,0.584,0.196,0.007,-0.11,0.505,0.592,0.089,0.086,0.628,0.35,0.151,0.457,0.524,0.071,0.768,0.456,0.452,-0.009,0.232,0.457,0.194,0.742,0.826,0.52,0.756,0.184,0.416,0.584,0.068,0.631,0.15,0.119,-0.007,0.444,0.499,0.175,0.019,0.586,0.137,0.258,0.141,0.095,0.197,0.425,0.004,0.552,0.734,0.668,0.443,0.304,-0.054,0.419,0.478,-0.272,0.141,0.138,0.564,0.622,0.394,0.747,0.586,0.693,0.654,0.075,0.569,-0.191,0.423,0.416,0.352,0.304,0.25,0.514,0.734,0.352,0.518,0.166
AMKR,0.368,0.325,-0.432,-0.049,0.82,0.854,0.832,0.887,0.826,0.798,0.802,0.734,0.881,0.812,0.483,0.0,0.679,0.86,0.796,0.612,0.767,0.829,0.856,0.888,0.802,0.597,0.091,0.416,0.712,0.923,0.727,0.664,0.368,0.32,0.895,0.875,0.91,0.9,0.872,0.918,0.88,0.775,0.412,0.838,0.409,0.375,0.762,0.859,0.884,0.914,0.926,0.739,0.586,0.889,0.907,0.906,0.767,0.957,0.873,0.848,0.845,0.953,0.829,0.698,0.847,0.716,0.813,0.774,0.7,0.871,0.785,0.326,0.793,0.657,0.907,0.811,0.601,0.426,0.859,0.59,-0.506,0.844,0.715,0.875,0.758,0.857,0.55,0.915,0.359,0.845,0.615,0.947,0.84,0.649,0.729,0.892,0.879,0.752,0.907,0.898,0.515,0.843,0.942,0.823,0.691,0.258,0.922,0.898,0.835,0.724,0.741,0.696,0.78,0.928,0.821,0.89,0.538,0.867,0.601,0.888,0.627,0.848,0.702,0.56,0.275,0.726,0.205,0.383,0.874,0.807,0.707,0.825,0.528,0.848,-0.422,0.274,0.93,0.796,0.543,0.914,0.791,0.557,0.882,0.949,0.803,0.761,0.567,0.959,0.697,0.463,0.642,0.884,0.5,0.515,0.757,0.738,0.483,0.838,0.928,-0.304,0.799,0.6,0.804,0.839,0.843,0.557,0.864,0.863,0.611,0.896,0.808,0.763,0.857,0.855,0.715,0.925,0.856,0.531,0.846,0.787,0.829,0.881,0.915,0.675,0.907,0.802,0.664,-0.353,0.837,0.63,0.902,0.837,0.762,0.838,-0.019,0.906,0.33,0.815,0.877,0.799
AMRX,0.544,0.336,-0.39,-0.032,0.656,0.722,0.67,0.697,0.628,0.499,0.654,0.52,0.722,0.725,0.614,0.679,0.0,0.576,0.748,0.445,0.768,0.623,0.619,0.763,0.592,0.597,-0.045,0.179,0.416,0.75,0.6,0.552,0.422,0.275,0.783,0.787,0.84,0.71,0.63,0.639,0.755,0.727,0.532,0.672,0.322,0.07,0.638,0.728,0.655,0.611,0.771,0.737,0.52,0.629,0.74,0.796,0.511,0.769,0.656,0.635,0.797,0.682,0.819,0.42,0.637,0.604,0.514,0.725,0.481,0.742,0.675,0.319,0.75,0.709,0.771,0.828,0.263,0.674,0.591,0.704,-0.193,0.59,0.725,0.762,0.612,0.533,0.175,0.8,0.609,0.843,0.625,0.761,0.735,0.564,0.749,0.557,0.572,0.75,0.707,0.658,0.582,0.782,0.748,0.761,0.836,0.357,0.777,0.629,0.734,0.537,0.817,0.778,0.614,0.582,0.846,0.739,0.546,0.618,0.398,0.579,0.542,0.594,0.488,0.559,0.395,0.715,0.146,0.285,0.715,0.776,0.645,0.585,0.33,0.644,-0.354,0.309,0.815,0.607,0.508,0.69,0.825,0.372,0.68,0.65,0.708,0.821,0.679,0.754,0.669,0.451,0.722,0.897,0.234,0.708,0.702,0.647,0.538,0.805,0.786,-0.279,0.543,0.744,0.644,0.731,0.604,0.647,0.64,0.714,0.582,0.826,0.654,0.827,0.798,0.777,0.414,0.698,0.77,0.226,0.579,0.627,0.76,0.676,0.702,0.715,0.72,0.63,0.706,-0.368,0.58,0.281,0.588,0.719,0.557,0.486,0.371,0.794,0.205,0.7,0.854,0.449
ANSS,0.204,-0.05,-0.762,-0.251,0.895,0.636,0.956,0.956,0.81,0.939,0.695,0.893,0.928,0.728,0.192,0.86,0.576,0.0,0.867,0.878,0.685,0.914,0.945,0.695,0.564,0.745,-0.225,0.406,0.889,0.775,0.837,0.266,-0.059,0.096,0.86,0.727,0.844,0.739,0.924,0.876,0.789,0.557,0.011,0.696,0.308,0.469,0.899,0.611,0.771,0.924,0.728,0.689,0.826,0.844,0.889,0.867,0.85,0.826,0.876,0.887,0.721,0.845,0.847,0.891,0.606,0.846,0.83,0.699,0.762,0.907,0.692,0.088,0.541,0.687,0.805,0.698,0.528,0.058,0.924,0.314,-0.665,0.848,0.587,0.774,0.745,0.685,0.79,0.713,0.339,0.754,0.599,0.817,0.754,0.848,0.484,0.882,0.878,0.48,0.756,0.891,0.313,0.759,0.904,0.876,0.642,0.144,0.862,0.815,0.529,0.699,0.618,0.373,0.894,0.894,0.642,0.874,0.166,0.92,0.803,0.66,0.417,0.97,0.495,0.235,-0.139,0.746,0.215,0.67,0.723,0.578,0.845,0.889,0.247,0.839,-0.635,-0.16,0.776,0.922,0.19,0.82,0.68,0.784,0.955,0.866,0.814,0.561,0.224,0.828,0.36,0.631,0.427,0.723,0.55,0.21,0.764,0.783,0.699,0.739,0.822,-0.511,0.873,0.312,0.777,0.772,0.874,0.672,0.968,0.712,0.75,0.809,0.583,0.587,0.834,0.845,0.83,0.838,0.856,0.799,0.915,0.863,0.581,0.735,0.901,0.314,0.769,0.687,0.299,-0.603,0.635,0.752,0.828,0.721,0.556,0.859,-0.122,0.8,-0.047,0.833,0.745,0.831
APPN,0.289,0.016,-0.741,-0.329,0.901,0.63,0.927,0.929,0.758,0.852,0.722,0.888,0.939,0.783,0.274,0.796,0.748,0.867,0.0,0.838,0.787,0.889,0.861,0.678,0.585,0.717,-0.369,0.372,0.781,0.747,0.903,0.273,0.02,0.063,0.881,0.79,0.896,0.71,0.905,0.778,0.822,0.634,0.113,0.652,0.376,0.269,0.92,0.641,0.641,0.848,0.738,0.827,0.777,0.745,0.845,0.863,0.822,0.804,0.903,0.882,0.81,0.737,0.919,0.8,0.551,0.897,0.707,0.813,0.77,0.92,0.774,0.03,0.677,0.786,0.821,0.807,0.276,0.224,0.823,0.368,-0.562,0.828,0.65,0.816,0.813,0.641,0.687,0.753,0.606,0.87,0.661,0.797,0.823,0.9,0.515,0.782,0.835,0.498,0.736,0.83,0.315,0.856,0.869,0.879,0.789,0.375,0.871,0.691,0.563,0.604,0.817,0.495,0.905,0.813,0.784,0.859,0.169,0.82,0.806,0.57,0.324,0.863,0.315,0.28,-0.08,0.89,0.209,0.667,0.721,0.678,0.86,0.867,0.075,0.821,-0.591,-0.026,0.776,0.846,0.188,0.818,0.819,0.669,0.933,0.756,0.88,0.621,0.33,0.803,0.392,0.722,0.527,0.818,0.459,0.376,0.844,0.861,0.701,0.805,0.809,-0.638,0.839,0.509,0.847,0.836,0.848,0.821,0.922,0.741,0.837,0.835,0.532,0.687,0.878,0.894,0.802,0.855,0.866,0.66,0.829,0.889,0.648,0.644,0.849,0.421,0.741,0.596,0.407,-0.55,0.563,0.682,0.693,0.738,0.538,0.737,0.136,0.799,-0.113,0.825,0.793,0.703
APTO,0.1,-0.329,-0.889,-0.415,0.862,0.371,0.878,0.858,0.666,0.888,0.483,0.905,0.836,0.545,-0.072,0.612,0.445,0.878,0.838,0.0,0.554,0.862,0.825,0.426,0.326,0.732,-0.557,0.333,0.884,0.544,0.833,-0.086,-0.334,-0.114,0.697,0.541,0.677,0.513,0.825,0.676,0.611,0.342,-0.283,0.488,0.232,0.417,0.879,0.337,0.49,0.786,0.468,0.657,0.862,0.62,0.726,0.659,0.79,0.593,0.781,0.821,0.537,0.566,0.773,0.91,0.324,0.856,0.651,0.575,0.718,0.806,0.556,-0.166,0.339,0.679,0.639,0.557,0.244,-0.189,0.807,0.041,-0.654,0.733,0.43,0.611,0.663,0.449,0.88,0.465,0.339,0.633,0.475,0.577,0.617,0.923,0.221,0.704,0.744,0.167,0.514,0.717,0.095,0.65,0.71,0.766,0.533,0.129,0.709,0.569,0.221,0.553,0.518,0.078,0.861,0.719,0.471,0.759,-0.191,0.78,0.859,0.34,0.093,0.86,0.133,-0.035,-0.427,0.714,0.08,0.833,0.501,0.367,0.814,0.798,-0.113,0.75,-0.688,-0.362,0.519,0.86,-0.122,0.658,0.569,0.806,0.878,0.623,0.736,0.344,-0.078,0.571,0.063,0.691,0.183,0.507,0.447,0.029,0.678,0.734,0.778,0.573,0.576,-0.662,0.815,0.124,0.686,0.639,0.779,0.744,0.887,0.554,0.792,0.589,0.281,0.399,0.733,0.715,0.822,0.664,0.731,0.845,0.812,0.82,0.337,0.473,0.765,0.035,0.561,0.456,0.015,-0.719,0.374,0.709,0.558,0.513,0.32,0.713,-0.171,0.594,-0.365,0.728,0.522,0.698
ARCT,0.093,0.253,-0.437,-0.504,0.682,0.595,0.737,0.79,0.512,0.737,0.886,0.756,0.816,0.911,0.265,0.767,0.768,0.685,0.787,0.554,0.0,0.747,0.708,0.73,0.735,0.385,-0.298,0.404,0.466,0.69,0.837,0.516,0.195,-0.103,0.729,0.797,0.832,0.674,0.838,0.762,0.948,0.729,0.406,0.5,0.667,-0.137,0.799,0.645,0.568,0.748,0.825,0.715,0.649,0.82,0.734,0.869,0.857,0.816,0.827,0.816,0.865,0.761,0.888,0.582,0.61,0.829,0.724,0.938,0.856,0.867,0.961,-0.113,0.806,0.534,0.754,0.813,0.194,0.458,0.638,0.358,-0.669,0.867,0.823,0.896,0.931,0.598,0.319,0.837,0.745,0.798,0.752,0.736,0.917,0.717,0.688,0.82,0.84,0.554,0.869,0.715,0.207,0.895,0.83,0.736,0.831,0.603,0.811,0.519,0.711,0.342,0.908,0.737,0.848,0.654,0.862,0.737,0.498,0.728,0.706,0.654,0.249,0.625,0.297,0.205,0.174,0.796,0.245,0.27,0.728,0.683,0.736,0.826,0.1,0.636,-0.615,0.234,0.848,0.75,0.216,0.703,0.831,0.371,0.788,0.728,0.912,0.593,0.482,0.818,0.479,0.444,0.879,0.864,0.393,0.441,0.948,0.896,0.438,0.868,0.827,-0.605,0.853,0.672,0.929,0.929,0.851,0.782,0.76,0.846,0.838,0.819,0.477,0.642,0.756,0.908,0.754,0.827,0.68,0.453,0.778,0.849,0.859,0.546,0.73,0.607,0.636,0.407,0.676,-0.326,0.5,0.666,0.676,0.849,0.78,0.569,0.424,0.805,-0.081,0.626,0.818,0.593
ARWR,0.28,-0.018,-0.724,-0.243,0.964,0.675,0.913,0.958,0.846,0.927,0.694,0.921,0.951,0.733,0.163,0.829,0.623,0.914,0.889,0.862,0.747,0.0,0.896,0.734,0.602,0.778,-0.319,0.443,0.846,0.787,0.873,0.305,0.069,0.135,0.814,0.804,0.861,0.763,0.923,0.856,0.834,0.645,0.059,0.69,0.389,0.448,0.917,0.624,0.697,0.948,0.765,0.853,0.822,0.824,0.871,0.802,0.849,0.834,0.923,0.935,0.773,0.77,0.921,0.894,0.622,0.861,0.761,0.769,0.81,0.9,0.756,0.031,0.68,0.784,0.867,0.841,0.319,0.191,0.919,0.371,-0.633,0.899,0.684,0.849,0.813,0.694,0.769,0.723,0.386,0.83,0.521,0.795,0.821,0.863,0.55,0.878,0.891,0.493,0.772,0.806,0.321,0.861,0.845,0.899,0.664,0.311,0.901,0.781,0.55,0.729,0.729,0.421,0.919,0.892,0.732,0.891,0.172,0.829,0.795,0.617,0.365,0.869,0.347,0.271,-0.066,0.816,0.039,0.73,0.753,0.669,0.787,0.904,0.168,0.924,-0.674,0.036,0.786,0.931,0.215,0.848,0.799,0.765,0.959,0.821,0.901,0.635,0.251,0.775,0.399,0.676,0.449,0.754,0.544,0.377,0.8,0.832,0.671,0.817,0.789,-0.5,0.907,0.491,0.865,0.837,0.92,0.772,0.919,0.76,0.753,0.812,0.533,0.697,0.893,0.867,0.874,0.876,0.862,0.747,0.85,0.896,0.665,0.687,0.905,0.43,0.815,0.666,0.391,-0.668,0.622,0.723,0.702,0.803,0.596,0.848,-0.091,0.835,-0.06,0.881,0.749,0.88
ASND,0.272,-0.035,-0.703,-0.219,0.88,0.71,0.914,0.932,0.788,0.913,0.728,0.867,0.92,0.731,0.294,0.856,0.619,0.945,0.861,0.825,0.708,0.896,0.0,0.722,0.576,0.686,-0.222,0.303,0.867,0.807,0.838,0.353,0.036,0.114,0.854,0.736,0.851,0.791,0.895,0.885,0.811,0.62,0.065,0.733,0.274,0.411,0.902,0.651,0.79,0.886,0.76,0.694,0.796,0.856,0.906,0.865,0.838,0.842,0.876,0.891,0.767,0.836,0.85,0.844,0.648,0.825,0.843,0.718,0.755,0.902,0.693,0.165,0.601,0.677,0.847,0.719,0.477,0.147,0.901,0.368,-0.62,0.838,0.654,0.79,0.73,0.733,0.709,0.75,0.393,0.804,0.625,0.817,0.773,0.831,0.552,0.86,0.868,0.511,0.772,0.888,0.388,0.774,0.918,0.883,0.677,0.146,0.88,0.815,0.589,0.677,0.658,0.435,0.879,0.881,0.671,0.882,0.248,0.91,0.794,0.68,0.39,0.924,0.488,0.31,-0.053,0.727,0.151,0.61,0.734,0.621,0.815,0.862,0.298,0.828,-0.571,-0.09,0.782,0.895,0.23,0.822,0.694,0.734,0.943,0.889,0.818,0.631,0.324,0.831,0.422,0.684,0.475,0.756,0.557,0.272,0.764,0.795,0.652,0.76,0.818,-0.502,0.848,0.382,0.773,0.783,0.886,0.699,0.936,0.772,0.739,0.832,0.606,0.651,0.844,0.842,0.81,0.843,0.872,0.693,0.894,0.862,0.653,0.749,0.891,0.422,0.796,0.725,0.386,-0.598,0.668,0.673,0.81,0.756,0.601,0.822,-0.055,0.816,0.015,0.824,0.745,0.838
ASTH,0.544,0.446,-0.306,0.122,0.736,0.88,0.685,0.765,0.791,0.601,0.697,0.544,0.763,0.747,0.556,0.888,0.763,0.695,0.678,0.426,0.73,0.734,0.722,0.0,0.811,0.552,0.176,0.387,0.524,0.914,0.545,0.776,0.585,0.458,0.837,0.902,0.878,0.907,0.741,0.826,0.822,0.81,0.585,0.848,0.455,0.284,0.62,0.89,0.877,0.82,0.945,0.715,0.472,0.782,0.818,0.837,0.583,0.93,0.743,0.725,0.829,0.895,0.803,0.505,0.898,0.555,0.647,0.73,0.55,0.768,0.716,0.406,0.803,0.688,0.886,0.856,0.53,0.661,0.732,0.752,-0.313,0.742,0.755,0.858,0.663,0.742,0.302,0.917,0.355,0.821,0.527,0.924,0.812,0.495,0.849,0.753,0.742,0.872,0.89,0.781,0.691,0.829,0.85,0.757,0.712,0.254,0.888,0.864,0.907,0.731,0.746,0.804,0.608,0.804,0.859,0.845,0.675,0.736,0.372,0.837,0.729,0.693,0.758,0.693,0.502,0.616,0.036,0.213,0.913,0.863,0.563,0.658,0.629,0.814,-0.294,0.457,0.941,0.7,0.716,0.859,0.797,0.411,0.751,0.872,0.72,0.885,0.687,0.898,0.809,0.337,0.709,0.911,0.34,0.726,0.676,0.615,0.403,0.866,0.917,-0.095,0.644,0.716,0.705,0.765,0.722,0.498,0.713,0.821,0.443,0.843,0.873,0.86,0.835,0.783,0.516,0.852,0.848,0.288,0.694,0.658,0.864,0.892,0.85,0.816,0.92,0.815,0.8,-0.281,0.863,0.419,0.77,0.812,0.728,0.735,0.049,0.903,0.484,0.782,0.908,0.678
ATSG,0.289,0.562,-0.092,-0.135,0.593,0.73,0.526,0.649,0.582,0.548,0.821,0.55,0.684,0.839,0.414,0.802,0.592,0.564,0.585,0.326,0.735,0.602,0.576,0.811,0.0,0.257,0.096,0.558,0.394,0.794,0.554,0.792,0.562,0.256,0.646,0.826,0.778,0.792,0.706,0.779,0.81,0.796,0.595,0.651,0.673,-0.022,0.565,0.854,0.608,0.743,0.864,0.659,0.262,0.716,0.669,0.757,0.651,0.837,0.769,0.702,0.839,0.812,0.658,0.451,0.859,0.567,0.634,0.787,0.69,0.66,0.782,0.175,0.835,0.413,0.735,0.763,0.421,0.604,0.595,0.554,-0.454,0.787,0.71,0.801,0.775,0.698,0.217,0.886,0.497,0.686,0.658,0.825,0.845,0.405,0.773,0.788,0.765,0.699,0.918,0.655,0.394,0.816,0.737,0.587,0.666,0.562,0.779,0.646,0.886,0.44,0.778,0.798,0.603,0.681,0.815,0.658,0.711,0.597,0.433,0.794,0.513,0.506,0.548,0.493,0.462,0.548,0.216,0.036,0.845,0.732,0.408,0.667,0.414,0.645,-0.355,0.588,0.86,0.553,0.582,0.771,0.714,0.127,0.627,0.736,0.733,0.647,0.664,0.844,0.773,0.318,0.769,0.8,0.309,0.52,0.742,0.667,0.091,0.823,0.817,-0.268,0.677,0.74,0.781,0.8,0.739,0.453,0.596,0.809,0.486,0.738,0.741,0.718,0.596,0.787,0.618,0.84,0.616,0.242,0.596,0.675,0.878,0.696,0.705,0.77,0.716,0.542,0.832,0.051,0.694,0.568,0.691,0.786,0.873,0.613,0.244,0.822,0.41,0.559,0.807,0.593
AVTX,0.5,-0.118,-0.709,0.14,0.815,0.555,0.786,0.764,0.833,0.635,0.292,0.624,0.714,0.389,0.234,0.597,0.597,0.745,0.717,0.732,0.385,0.778,0.686,0.552,0.257,0.0,-0.112,0.247,0.731,0.624,0.554,0.089,0.034,0.379,0.727,0.596,0.679,0.558,0.605,0.556,0.478,0.391,0.005,0.659,-0.043,0.718,0.65,0.435,0.642,0.705,0.511,0.697,0.688,0.534,0.699,0.571,0.442,0.595,0.586,0.607,0.447,0.533,0.718,0.708,0.39,0.556,0.414,0.393,0.347,0.669,0.366,0.271,0.388,0.851,0.688,0.65,0.352,0.127,0.769,0.478,-0.185,0.497,0.355,0.564,0.386,0.487,0.676,0.46,0.064,0.662,0.189,0.614,0.443,0.644,0.341,0.507,0.525,0.466,0.421,0.633,0.462,0.569,0.604,0.778,0.444,-0.03,0.673,0.738,0.323,0.821,0.448,0.227,0.606,0.695,0.501,0.734,-0.031,0.617,0.451,0.403,0.506,0.781,0.404,0.412,-0.074,0.654,-0.054,0.784,0.524,0.566,0.659,0.591,0.252,0.792,-0.393,-0.079,0.562,0.712,0.269,0.652,0.648,0.805,0.746,0.585,0.561,0.606,0.148,0.53,0.308,0.533,0.104,0.564,0.345,0.444,0.426,0.472,0.814,0.535,0.575,-0.161,0.528,0.283,0.466,0.494,0.544,0.552,0.723,0.402,0.414,0.617,0.473,0.61,0.796,0.571,0.477,0.57,0.762,0.617,0.574,0.545,0.318,0.639,0.726,0.262,0.7,0.692,0.135,-0.717,0.568,0.338,0.525,0.465,0.176,0.707,-0.256,0.59,0.033,0.825,0.582,0.633
BCPC,0.292,0.573,0.597,0.753,-0.305,0.277,-0.285,-0.279,0.041,-0.383,-0.138,-0.507,-0.305,-0.166,0.502,0.091,-0.045,-0.225,-0.369,-0.557,-0.298,-0.319,-0.222,0.176,0.096,-0.112,0.0,-0.067,-0.304,0.099,-0.494,0.507,0.625,0.665,-0.048,-0.037,-0.104,0.1,-0.333,-0.074,-0.161,0.103,0.514,0.175,-0.218,0.248,-0.476,0.248,0.282,-0.168,0.124,-0.256,-0.493,-0.037,-0.101,-0.099,-0.433,0.032,-0.3,-0.348,-0.115,0.101,-0.336,-0.429,0.249,-0.54,-0.141,-0.311,-0.486,-0.285,-0.256,0.668,0.059,-0.162,-0.018,-0.111,0.435,0.38,-0.123,0.517,0.498,-0.305,-0.136,-0.151,-0.39,0.227,-0.384,0.078,-0.471,-0.133,-0.276,0.074,-0.257,-0.603,0.21,-0.155,-0.238,0.435,-0.02,-0.064,0.401,-0.25,-0.094,-0.213,-0.274,-0.275,-0.147,0.24,0.292,0.174,-0.256,0.268,-0.454,0.009,-0.044,-0.172,0.489,-0.167,-0.6,0.33,0.604,-0.173,0.581,0.599,0.644,-0.346,0.097,-0.504,0.053,0.189,-0.355,-0.306,0.767,-0.138,0.601,0.494,0.063,-0.34,0.643,-0.03,-0.145,-0.235,-0.297,0.079,-0.385,0.192,0.438,0.057,0.436,-0.451,0.007,0.015,-0.029,0.34,-0.407,-0.44,-0.361,-0.15,0.017,0.768,-0.412,0.117,-0.347,-0.236,-0.346,-0.597,-0.301,-0.12,-0.612,-0.01,0.382,0.097,-0.142,-0.288,-0.48,-0.136,-0.115,-0.414,-0.261,-0.472,0.059,0.238,-0.121,0.364,0.122,0.286,0.295,0.417,0.346,-0.382,0.139,-0.062,0.034,-0.021,-0.136,-0.039,0.811,-0.104,0.026,-0.093
BEAM,-0.077,0.235,-0.152,-0.297,0.356,0.21,0.392,0.441,0.259,0.393,0.485,0.472,0.426,0.577,-0.147,0.416,0.179,0.406,0.372,0.333,0.404,0.443,0.303,0.387,0.558,0.247,-0.067,0.0,0.216,0.303,0.406,0.245,0.059,0.052,0.283,0.479,0.398,0.263,0.483,0.369,0.486,0.277,0.106,0.137,0.623,0.019,0.346,0.323,0.205,0.524,0.429,0.335,0.239,0.44,0.237,0.41,0.497,0.399,0.478,0.429,0.401,0.414,0.386,0.349,0.332,0.44,0.263,0.452,0.53,0.367,0.545,-0.243,0.396,0.275,0.329,0.432,0.173,0.11,0.423,0.147,-0.381,0.571,0.298,0.494,0.591,0.225,0.372,0.397,0.238,0.259,0.26,0.373,0.492,0.279,0.233,0.553,0.539,0.236,0.498,0.271,-0.053,0.503,0.342,0.379,0.286,0.577,0.369,0.279,0.33,0.152,0.461,0.298,0.465,0.382,0.461,0.287,0.2,0.308,0.361,0.358,0.219,0.334,0.154,0.083,0.066,0.435,0.27,0.146,0.453,0.402,0.214,0.556,0.003,0.356,-0.299,0.285,0.447,0.37,0.06,0.401,0.467,0.292,0.383,0.319,0.495,0.138,0.08,0.417,0.256,0.144,0.381,0.39,0.26,0.164,0.485,0.481,0.09,0.42,0.43,-0.213,0.491,0.331,0.573,0.519,0.465,0.386,0.378,0.287,0.317,0.384,0.212,0.263,0.267,0.492,0.536,0.479,0.227,0.382,0.31,0.417,0.362,0.222,0.413,0.214,0.285,0.082,0.263,0.036,0.329,0.565,0.272,0.416,0.419,0.471,0.161,0.384,-0.005,0.237,0.461,0.428
BILI,0.263,-0.252,-0.758,-0.145,0.875,0.549,0.846,0.858,0.807,0.875,0.483,0.825,0.829,0.497,0.113,0.712,0.416,0.889,0.781,0.884,0.466,0.846,0.867,0.524,0.394,0.731,-0.304,0.216,0.0,0.679,0.747,0.077,-0.134,0.109,0.751,0.583,0.72,0.649,0.804,0.759,0.581,0.445,-0.18,0.686,0.061,0.595,0.818,0.466,0.624,0.825,0.53,0.674,0.783,0.671,0.826,0.659,0.706,0.666,0.784,0.82,0.551,0.649,0.71,0.913,0.482,0.75,0.729,0.508,0.624,0.772,0.467,0.123,0.39,0.662,0.731,0.565,0.474,-0.094,0.858,0.224,-0.544,0.705,0.409,0.577,0.56,0.608,0.844,0.532,0.168,0.669,0.464,0.673,0.574,0.823,0.328,0.721,0.722,0.287,0.561,0.779,0.28,0.601,0.741,0.795,0.486,-0.023,0.747,0.728,0.333,0.732,0.445,0.131,0.778,0.801,0.438,0.811,-0.047,0.82,0.761,0.478,0.299,0.888,0.344,0.168,-0.262,0.614,0.077,0.802,0.542,0.409,0.754,0.762,0.146,0.808,-0.57,-0.265,0.573,0.852,0.101,0.732,0.528,0.793,0.873,0.729,0.667,0.467,0.08,0.637,0.246,0.715,0.131,0.528,0.483,0.113,0.584,0.661,0.706,0.561,0.616,-0.466,0.762,0.177,0.613,0.596,0.774,0.566,0.862,0.568,0.634,0.641,0.47,0.492,0.754,0.679,0.751,0.696,0.806,0.789,0.808,0.782,0.39,0.644,0.784,0.17,0.685,0.654,0.098,-0.666,0.54,0.635,0.701,0.541,0.386,0.756,-0.318,0.645,-0.098,0.82,0.544,0.78
BJRI,0.595,0.308,-0.386,0.118,0.819,0.932,0.729,0.834,0.859,0.685,0.733,0.64,0.855,0.741,0.617,0.923,0.75,0.775,0.747,0.544,0.69,0.787,0.807,0.914,0.794,0.624,0.099,0.303,0.679,0.0,0.622,0.722,0.521,0.445,0.856,0.904,0.916,0.959,0.792,0.9,0.811,0.838,0.477,0.942,0.335,0.362,0.728,0.928,0.86,0.866,0.904,0.802,0.504,0.786,0.916,0.845,0.622,0.954,0.825,0.808,0.857,0.914,0.81,0.636,0.923,0.621,0.751,0.726,0.601,0.793,0.659,0.489,0.818,0.695,0.938,0.855,0.555,0.586,0.821,0.719,-0.338,0.765,0.715,0.828,0.657,0.778,0.421,0.914,0.354,0.88,0.619,0.958,0.825,0.584,0.804,0.795,0.763,0.825,0.888,0.831,0.695,0.833,0.877,0.821,0.745,0.221,0.942,0.915,0.87,0.779,0.742,0.718,0.68,0.853,0.818,0.903,0.607,0.794,0.485,0.816,0.708,0.759,0.714,0.686,0.402,0.618,0.046,0.372,0.906,0.804,0.591,0.701,0.572,0.877,-0.386,0.351,0.923,0.737,0.667,0.924,0.792,0.477,0.814,0.902,0.748,0.885,0.685,0.914,0.829,0.501,0.604,0.883,0.337,0.615,0.683,0.641,0.432,0.874,0.896,-0.204,0.679,0.703,0.707,0.759,0.777,0.515,0.772,0.846,0.502,0.891,0.886,0.898,0.861,0.825,0.6,0.906,0.901,0.363,0.717,0.747,0.853,0.927,0.901,0.784,0.957,0.893,0.731,-0.356,0.838,0.431,0.803,0.833,0.741,0.785,-0.011,0.951,0.465,0.832,0.882,0.732
BLUE,-0.004,-0.087,-0.691,-0.575,0.82,0.508,0.874,0.894,0.604,0.929,0.801,0.963,0.906,0.808,0.084,0.727,0.6,0.837,0.903,0.833,0.837,0.873,0.838,0.545,0.554,0.554,-0.494,0.406,0.747,0.622,0.0,0.195,-0.122,-0.2,0.727,0.649,0.796,0.61,0.911,0.789,0.855,0.613,0.004,0.461,0.459,0.115,0.946,0.482,0.507,0.813,0.666,0.732,0.818,0.796,0.782,0.806,0.941,0.727,0.912,0.913,0.779,0.673,0.86,0.817,0.44,0.965,0.799,0.843,0.913,0.905,0.833,-0.172,0.664,0.584,0.729,0.702,0.188,0.088,0.803,0.148,-0.761,0.886,0.662,0.793,0.898,0.615,0.683,0.672,0.657,0.761,0.715,0.654,0.819,0.916,0.453,0.852,0.9,0.322,0.725,0.77,0.04,0.817,0.811,0.829,0.733,0.491,0.783,0.544,0.452,0.415,0.782,0.392,0.977,0.745,0.67,0.76,0.135,0.808,0.944,0.549,0.108,0.785,0.098,0.011,-0.189,0.842,0.321,0.63,0.582,0.529,0.834,0.941,-0.091,0.691,-0.715,-0.091,0.683,0.866,-0.063,0.71,0.727,0.637,0.898,0.72,0.92,0.42,0.213,0.712,0.23,0.712,0.565,0.709,0.557,0.161,0.907,0.951,0.581,0.729,0.703,-0.781,0.929,0.446,0.916,0.884,0.916,0.847,0.88,0.738,0.933,0.781,0.31,0.533,0.749,0.887,0.934,0.8,0.72,0.727,0.846,0.94,0.645,0.454,0.764,0.326,0.581,0.407,0.337,-0.545,0.408,0.805,0.664,0.773,0.625,0.67,0.233,0.711,-0.31,0.724,0.658,0.743
BPOP,0.461,0.741,0.253,0.282,0.309,0.807,0.219,0.354,0.439,0.192,0.621,0.149,0.398,0.587,0.729,0.664,0.552,0.266,0.273,-0.086,0.516,0.305,0.353,0.776,0.792,0.089,0.507,0.245,0.077,0.722,0.195,0.0,0.866,0.496,0.483,0.661,0.583,0.735,0.356,0.593,0.608,0.759,0.814,0.632,0.425,-0.013,0.235,0.842,0.63,0.451,0.789,0.433,-0.056,0.544,0.511,0.554,0.266,0.713,0.452,0.386,0.684,0.686,0.401,0.064,0.835,0.167,0.442,0.537,0.306,0.386,0.511,0.554,0.786,0.245,0.621,0.612,0.407,0.834,0.363,0.767,-0.052,0.447,0.626,0.6,0.413,0.654,-0.169,0.785,0.279,0.553,0.431,0.697,0.589,0.009,0.812,0.509,0.452,0.836,0.731,0.474,0.626,0.571,0.55,0.37,0.486,0.328,0.585,0.611,0.925,0.38,0.575,0.872,0.244,0.499,0.698,0.459,0.918,0.356,0.007,0.793,0.656,0.24,0.686,0.771,0.782,0.253,0.06,-0.28,0.728,0.723,0.107,0.314,0.719,0.433,0.014,0.777,0.736,0.235,0.818,0.587,0.566,-0.082,0.333,0.635,0.429,0.733,0.886,0.69,0.897,0.039,0.716,0.71,0.18,0.678,0.4,0.316,-0.149,0.643,0.657,0.143,0.29,0.782,0.444,0.531,0.404,0.134,0.278,0.655,0.107,0.633,0.786,0.73,0.446,0.491,0.204,0.615,0.456,-0.185,0.297,0.308,0.844,0.676,0.496,0.921,0.665,0.623,0.932,0.208,0.719,0.113,0.559,0.679,0.753,0.419,0.264,0.683,0.769,0.374,0.666,0.38
