,AAL,AAON,ACB,ACGL,ACGLO,ACIW,ADBE,ADSK,AEP,AGIO,ALEC,ALNY,ALTR,AMBA,AMCX,AMKR,AMRX,ANSS,APPN,APTO,ARCT,ARWR,ASND,ASTH,ATSG,AVTX,BCPC,BEAM,BILI,BJRI,BLUE,BPOP,BRKL,BWIN,BZUN,CARG,CBRL,CBSH,CBUS,CENTA,CERS,CFFN,CHCO,CHEF,CHRD,CINF,CLLS,CMCO,CMCSA,COLL,COMM,COOP,CPB,CRON,CROX,CRUS,CRWD,CTAS,CYBR,CYTK,DGII,DIOD,DOMO,DPZ,DSGR,DXCM,ERIE,ESTA,EXEL,FAST,FCEL,FCFS,FHB,FITBI,FSV,FTDR,FUTU,GLDD,GLPG,GLPI,GOGO,GOSS,GSAT,GYRE,HALO,HAS,HLIT,HLNE,HSDT,HSIC,HTHT,ICHR,IDYA,IMVT,INDB,INSM,IONS,IOSP,ITRI,JBHT,JBLU,JSM,KLIC,KOD,KURA,LAB,LASR,LIN,LKQ,LNT,MBUU,MCRI,MDGL,MEDP,MGNI,MGPI,MGRC,MKTX,MRNA,MRTN,MSEX,MSFT,MU,NAVI,NBTB,NEO,NEOG,NGNE,NSSC,NTAP,NTES,NTLA,NTRS,NYMTN,OBLG,OCFC,ON,ONC,OPI,OSIS,OSW,PALI,PANW,PCAR,PCRX,PCTY,PEBO,PLAB,PLAY,PLMR,PLSE,PLUS,PRTA,PSEC,PSNL,PTCT,PTON,QNST,QRVO,QTTB,RARE,RBCAA,RGNX,SAIC,SGMO,SINT,SNPS,SPSC,SPTN,SSYS,STNE,TBBK,TCPC,TENB,TGTX,TREE,TRUP,TTWO,TW,TXG,UBSI,UCTT,UFPT,UMBF,UPBD,URBN,VBTX,VCTR,VEON,VNET,VRSK,VSEC,WABC,WTFCM,WVE,WW,WWD,XEL,ZD,ZYME
AAL,0.0,-0.044,0.544,-0.048,-0.151,-0.401,-0.444,0.087,-0.061,-0.177,-0.288,-0.36,0.677,0.159,0.055,-0.096,-0.321,-0.062,-0.281,0.584,-0.179,-0.498,-0.559,-0.435,0.236,-0.263,0.271,-0.021,0.097,0.262,-0.266,0.679,0.495,-0.404,-0.241,0.202,0.19,0.293,0.148,-0.182,-0.623,0.043,0.591,-0.054,0.042,0.62,-0.305,0.257,0.28,-0.408,0.282,0.421,0.514,0.387,-0.337,-0.208,-0.179,-0.241,-0.477,-0.579,-0.266,-0.265,-0.123,-0.412,0.424,-0.077,0.368,-0.122,-0.533,0.555,0.583,-0.032,-0.027,-0.23,-0.289,0.497,0.345,0.678,-0.151,0.119,0.779,-0.426,-0.077,-0.16,-0.784,0.532,-0.375,-0.331,-0.44,-0.544,0.719,0.595,-0.185,-0.359,0.58,-0.509,-0.328,0.74,0.053,0.298,0.479,0.349,-0.047,-0.341,-0.543,-0.595,-0.072,0.409,0.561,-0.428,0.407,0.612,-0.493,-0.405,-0.037,0.72,0.273,-0.026,0.217,0.254,0.342,-0.423,0.583,0.013,-0.038,-0.092,-0.266,-0.557,-0.801,-0.406,0.281,-0.065,0.554,-0.102,-0.036,0.331,0.41,0.748,0.154,-0.31,0.392,-0.063,-0.191,0.54,-0.241,-0.608,0.519,-0.64,0.264,-0.023,0.634,0.001,-0.358,0.236,-0.52,-0.509,0.363,0.089,0.546,-0.138,-0.492,0.009,-0.277,0.003,-0.25,0.505,-0.119,-0.716,0.24,0.863,0.421,0.082,0.685,-0.29,-0.142,-0.283,-0.074,0.098,-0.109,0.037,0.125,0.463,-0.107,0.348,0.472,0.366,-0.223,0.016,0.783,-0.491,-0.408,0.266,0.415,0.046,-0.101,0.85,0.887,-0.02,-0.457,-0.227
AAON,-0.044,0.0,-0.697,0.689,-0.843,0.615,-0.67,0.728,0.606,-0.622,-0.802,-0.795,0.32,-0.427,-0.742,-0.834,-0.098,0.267,-0.799,0.548,-0.764,-0.662,0.543,-0.764,0.115,-0.795,-0.675,-0.738,-0.632,0.782,-0.596,0.474,0.511,-0.724,-0.026,0.877,0.767,0.767,-0.378,-0.362,0.353,0.42,0.322,-0.572,-0.8,-0.247,0.758,0.776,-0.493,0.724,-0.788,0.039,0.518,-0.758,-0.622,-0.715,-0.59,-0.126,-0.685,0.674,-0.639,-0.63,-0.812,-0.715,0.712,-0.863,0.697,-0.304,0.595,0.519,-0.366,-0.819,-0.626,-0.518,-0.739,0.758,-0.715,-0.221,-0.464,-0.771,-0.087,0.573,0.781,-0.421,0.21,-0.023,-0.781,0.291,-0.627,0.009,0.206,-0.277,-0.674,0.78,-0.369,-0.649,-0.23,0.501,-0.708,0.765,0.785,-0.804,-0.803,0.198,0.561,-0.404,-0.361,0.727,0.748,-0.42,0.732,0.553,0.768,-0.756,-0.489,-0.142,0.522,0.454,-0.772,-0.107,-0.692,-0.596,0.266,-0.844,0.666,-0.769,0.666,0.039,-0.226,-0.645,0.796,-0.705,0.445,-0.874,-0.52,0.272,0.665,0.332,-0.765,-0.692,-0.652,-0.768,0.006,-0.17,0.742,-0.372,0.597,-0.348,-0.161,-0.786,0.362,0.595,-0.786,-0.771,-0.336,-0.667,-0.314,0.715,-0.496,-0.717,0.723,-0.712,-0.644,-0.851,-0.591,-0.602,-0.666,-0.463,0.117,0.03,0.091,-0.764,-0.019,-0.517,-0.724,-0.721,-0.769,0.6,-0.714,-0.819,0.769,-0.605,-0.76,0.597,-0.352,-0.44,-0.667,-0.665,0.351,-0.146,0.435,-0.803,0.575,-0.733,-0.582,-0.176,0.063,0.837,-0.681,-0.796
ACB,0.544,-0.697,0.0,-0.57,0.626,-0.753,0.418,-0.482,-0.677,0.494,0.474,0.545,0.269,0.495,0.736,0.744,0.205,-0.252,0.602,-0.128,0.659,0.4,-0.704,0.448,0.269,0.633,0.772,0.747,0.662,-0.346,0.567,0.008,-0.164,0.502,0.001,-0.64,-0.45,-0.511,0.599,0.391,-0.447,-0.375,0.073,0.653,0.726,0.518,-0.61,-0.528,0.664,-0.702,0.918,0.496,-0.301,0.949,0.424,0.558,0.48,-0.078,0.409,-0.794,0.547,0.472,0.692,0.48,-0.318,0.743,-0.441,0.36,-0.71,0.026,0.782,0.727,0.522,0.191,0.592,-0.297,0.849,0.626,0.59,0.837,0.505,-0.579,-0.454,0.535,-0.502,0.562,0.498,-0.253,0.4,-0.244,0.23,0.668,0.592,-0.832,0.682,0.37,0.31,0.044,0.736,-0.482,-0.356,0.903,0.77,-0.235,-0.719,0.167,0.286,-0.44,-0.241,0.129,-0.373,0.006,-0.896,0.43,0.635,0.635,-0.095,-0.439,0.864,0.438,0.893,0.412,-0.005,0.778,-0.619,0.746,-0.666,-0.063,-0.227,0.425,-0.416,0.738,-0.064,0.714,0.686,-0.092,-0.268,0.259,0.861,0.376,0.794,0.661,-0.009,0.436,-0.852,0.163,-0.238,-0.088,0.529,0.766,-0.046,-0.481,0.534,0.872,0.229,0.405,0.696,-0.487,0.806,0.695,-0.809,0.646,0.552,0.704,0.562,0.797,0.61,0.068,0.301,0.488,0.182,0.738,0.564,0.502,0.7,0.54,0.738,-0.176,0.612,0.803,-0.601,0.856,0.535,-0.417,0.81,0.726,0.433,0.678,0.02,-0.101,-0.683,0.895,-0.29,0.713,0.652,0.676,0.494,-0.738,0.253,0.667
ACGL,-0.048,0.689,-0.57,0.0,-0.588,0.367,-0.602,0.276,0.58,-0.421,-0.486,-0.604,0.159,-0.473,-0.517,-0.673,-0.118,0.018,-0.624,0.406,-0.537,-0.524,0.478,-0.588,0.089,-0.597,-0.367,-0.654,-0.47,0.523,-0.541,0.56,0.678,-0.535,-0.118,0.661,0.602,0.747,-0.277,-0.164,0.149,0.742,0.539,-0.503,-0.533,0.102,0.485,0.672,-0.459,0.6,-0.586,0.03,0.504,-0.538,-0.646,-0.638,-0.57,-0.21,-0.598,0.596,-0.48,-0.487,-0.629,-0.489,0.435,-0.642,0.702,-0.312,0.642,0.304,-0.28,-0.48,-0.139,-0.243,-0.543,0.535,-0.595,0.03,-0.445,-0.638,-0.005,0.343,0.57,-0.331,0.14,-0.04,-0.492,-0.052,-0.519,0.203,0.34,-0.057,-0.592,0.491,-0.014,-0.43,-0.148,0.385,-0.569,0.712,0.512,-0.634,-0.612,-0.07,0.359,-0.39,-0.233,0.581,0.596,-0.296,0.712,0.289,0.644,-0.529,-0.512,-0.214,0.526,0.293,-0.603,0.263,-0.639,-0.601,0.357,-0.557,0.788,-0.629,0.531,0.044,-0.196,-0.537,0.617,-0.603,0.345,-0.62,-0.387,0.636,0.472,0.143,-0.63,-0.513,-0.372,-0.424,-0.263,0.077,0.594,-0.403,0.687,-0.056,-0.233,-0.6,0.439,0.31,-0.557,-0.551,-0.339,-0.549,-0.365,0.433,-0.369,-0.56,0.589,-0.375,-0.381,-0.624,-0.445,-0.402,-0.7,-0.34,0.012,-0.102,-0.167,-0.462,0.027,-0.483,-0.6,-0.565,-0.666,0.288,-0.489,-0.671,0.745,-0.441,-0.367,0.758,-0.32,-0.54,-0.226,-0.464,0.325,-0.145,0.282,-0.6,0.701,-0.576,-0.461,-0.142,0.123,0.655,-0.425,-0.576
ACGLO,-0.151,-0.843,0.626,-0.588,0.0,-0.43,0.809,-0.671,-0.559,0.659,0.856,0.906,-0.287,0.468,0.799,0.901,0.3,-0.19,0.862,-0.651,0.875,0.836,-0.394,0.857,0.088,0.888,0.664,0.828,0.716,-0.808,0.757,-0.523,-0.528,0.832,0.162,-0.916,-0.761,-0.802,0.5,0.47,-0.167,-0.387,-0.371,0.679,0.856,0.238,-0.561,-0.778,0.474,-0.578,0.817,0.0,-0.618,0.755,0.762,0.75,0.619,0.154,0.775,-0.566,0.728,0.808,0.86,0.84,-0.776,0.917,-0.782,0.372,-0.357,-0.492,0.314,0.903,0.656,0.501,0.884,-0.755,0.719,0.167,0.602,0.85,-0.091,-0.444,-0.662,0.578,0.011,0.139,0.867,-0.261,0.795,0.212,-0.229,0.339,0.721,-0.784,0.291,0.833,0.414,-0.543,0.749,-0.812,-0.871,0.767,0.874,-0.163,-0.45,0.515,0.258,-0.773,-0.748,0.643,-0.767,-0.515,-0.664,0.866,0.628,0.124,-0.326,-0.462,0.81,0.231,0.665,0.754,-0.37,0.876,-0.635,0.864,-0.614,0.189,0.391,0.763,-0.723,0.82,-0.528,0.908,0.585,-0.261,-0.691,-0.317,0.813,0.702,0.628,0.878,0.118,0.222,-0.685,0.6,-0.644,0.411,0.162,0.871,-0.459,-0.7,0.841,0.816,0.478,0.793,0.332,-0.7,0.486,0.8,-0.585,0.768,0.749,0.919,0.736,0.524,0.753,0.667,-0.054,-0.178,-0.157,0.781,0.049,0.682,0.864,0.753,0.804,-0.391,0.786,0.843,-0.785,0.649,0.846,-0.626,0.401,0.341,0.757,0.735,-0.536,0.175,-0.349,0.823,-0.58,0.79,0.67,0.115,-0.132,-0.754,0.706,0.893
ACIW,-0.401,0.615,-0.753,0.367,-0.43,0.0,-0.288,0.559,0.473,-0.307,-0.426,-0.43,-0.062,-0.352,-0.461,-0.528,-0.097,0.28,-0.448,0.148,-0.452,-0.207,0.46,-0.359,-0.068,-0.442,-0.687,-0.443,-0.557,0.409,-0.307,-0.014,0.117,-0.342,0.143,0.476,0.527,0.339,-0.362,-0.119,0.372,0.161,-0.121,-0.316,-0.6,-0.331,0.528,0.51,-0.571,0.582,-0.671,-0.468,0.208,-0.718,-0.192,-0.486,-0.459,0.0,-0.289,0.609,-0.37,-0.3,-0.529,-0.388,0.316,-0.553,0.207,-0.322,0.611,0.189,-0.465,-0.531,-0.523,-0.394,-0.398,0.285,-0.633,-0.405,-0.355,-0.508,-0.391,0.682,0.256,-0.355,0.335,-0.249,-0.419,0.32,-0.271,0.316,-0.125,-0.536,-0.436,0.661,-0.656,-0.24,-0.254,0.1,-0.581,0.297,0.349,-0.731,-0.534,0.194,0.536,-0.124,-0.46,0.332,0.248,0.037,0.259,0.237,0.72,-0.335,-0.258,-0.314,0.265,0.228,-0.578,-0.383,-0.652,-0.218,-0.122,-0.637,0.414,-0.553,0.469,0.201,0.199,-0.217,0.342,-0.5,0.049,-0.593,-0.482,0.017,0.208,-0.087,-0.557,-0.424,-0.556,-0.519,0.1,-0.209,0.756,-0.011,0.171,-0.074,-0.24,-0.581,0.042,0.311,-0.453,-0.575,-0.169,-0.272,-0.494,0.424,-0.541,-0.571,0.634,-0.59,-0.426,-0.477,-0.298,-0.537,-0.396,0.016,-0.173,-0.271,-0.19,-0.536,-0.272,-0.264,-0.428,-0.47,-0.557,0.419,-0.529,-0.614,0.35,-0.606,-0.385,0.261,-0.455,-0.622,-0.391,-0.518,-0.089,-0.109,0.542,-0.638,0.237,-0.521,-0.444,-0.4,-0.341,0.621,-0.243,-0.507
ADBE,-0.444,-0.67,0.418,-0.602,0.809,-0.288,0.0,-0.422,-0.548,0.518,0.813,0.94,-0.325,0.614,0.613,0.878,0.416,0.116,0.901,-0.87,0.809,0.927,-0.097,0.945,0.081,0.858,0.457,0.815,0.651,-0.687,0.83,-0.739,-0.779,0.918,0.293,-0.823,-0.756,-0.862,0.333,0.413,0.268,-0.602,-0.694,0.605,0.763,-0.198,-0.263,-0.867,0.55,-0.304,0.658,0.055,-0.853,0.517,0.921,0.903,0.831,0.424,0.959,-0.294,0.863,0.841,0.864,0.842,-0.713,0.867,-0.804,0.62,-0.251,-0.577,0.059,0.751,0.528,0.52,0.888,-0.795,0.568,-0.19,0.709,0.695,-0.422,-0.292,-0.361,0.594,0.45,0.059,0.894,0.221,0.888,0.195,-0.552,0.174,0.772,-0.437,-0.001,0.881,0.636,-0.735,0.795,-0.751,-0.797,0.586,0.818,0.33,-0.008,0.841,0.422,-0.795,-0.815,0.533,-0.91,-0.558,-0.465,0.936,0.615,-0.198,-0.335,-0.212,0.593,0.083,0.576,0.947,-0.486,0.786,-0.711,0.889,-0.288,0.361,0.607,0.83,-0.687,0.868,-0.551,0.833,0.686,-0.599,-0.542,-0.503,0.685,0.813,0.308,0.696,0.424,-0.211,-0.646,0.898,-0.903,0.631,0.095,0.843,-0.742,-0.404,0.934,0.576,0.776,0.937,0.424,-0.533,0.359,0.861,-0.263,0.684,0.727,0.761,0.736,0.155,0.907,0.829,0.119,-0.353,-0.043,0.585,-0.229,0.84,0.846,0.89,0.864,-0.275,0.805,0.822,-0.698,0.493,0.593,-0.836,0.333,0.453,0.578,0.573,-0.809,0.535,-0.09,0.625,-0.849,0.574,0.662,-0.254,-0.396,-0.692,0.718,0.877
ADSK,0.087,0.728,-0.482,0.276,-0.671,0.559,-0.422,0.0,0.521,-0.522,-0.619,-0.658,0.481,-0.041,-0.558,-0.612,-0.304,0.637,-0.644,0.419,-0.705,-0.532,0.341,-0.604,0.018,-0.687,-0.674,-0.461,-0.542,0.629,-0.452,0.313,0.275,-0.578,-0.167,0.751,0.559,0.507,-0.371,-0.432,0.244,-0.022,0.07,-0.456,-0.592,-0.238,0.525,0.568,-0.082,0.51,-0.575,0.006,0.439,-0.592,-0.325,-0.381,-0.293,0.239,-0.455,0.355,-0.449,-0.318,-0.523,-0.698,0.644,-0.608,0.508,-0.074,0.169,0.558,-0.258,-0.699,-0.681,-0.471,-0.649,0.692,-0.431,-0.273,-0.37,-0.565,-0.035,0.339,0.539,-0.53,0.135,0.013,-0.661,0.554,-0.53,-0.304,0.013,-0.105,-0.42,0.696,-0.347,-0.652,-0.305,0.502,-0.448,0.558,0.756,-0.565,-0.609,0.39,0.438,-0.264,-0.245,0.685,0.628,-0.423,0.377,0.62,0.444,-0.575,-0.34,-0.105,0.464,0.645,-0.588,-0.352,-0.389,-0.281,0.413,-0.692,0.337,-0.543,0.64,-0.12,-0.298,-0.465,0.613,-0.479,0.548,-0.677,-0.429,-0.062,0.749,0.379,-0.553,-0.499,-0.529,-0.722,0.436,-0.156,0.514,-0.165,0.308,-0.273,-0.2,-0.546,0.248,0.56,-0.628,-0.643,-0.225,-0.502,-0.057,0.687,-0.131,-0.613,0.445,-0.61,-0.664,-0.585,-0.542,-0.532,-0.274,-0.405,0.191,0.262,0.502,-0.61,-0.027,-0.258,-0.51,-0.537,-0.483,0.621,-0.498,-0.511,0.554,-0.287,-0.765,0.304,-0.183,-0.15,-0.742,-0.546,0.283,-0.2,0.469,-0.572,0.315,-0.626,-0.568,-0.04,0.172,0.7,-0.577,-0.696
AEP,-0.061,0.606,-0.677,0.58,-0.559,0.473,-0.548,0.521,0.0,-0.622,-0.441,-0.651,0.156,-0.295,-0.718,-0.753,-0.443,0.351,-0.747,0.321,-0.687,-0.6,0.427,-0.627,-0.064,-0.733,-0.63,-0.662,-0.591,0.262,-0.664,0.321,0.428,-0.671,-0.204,0.712,0.342,0.643,-0.521,-0.66,0.067,0.356,0.21,-0.791,-0.599,-0.11,0.432,0.538,-0.384,0.54,-0.7,-0.435,0.588,-0.657,-0.553,-0.546,-0.485,0.093,-0.63,0.432,-0.694,-0.512,-0.713,-0.675,0.398,-0.694,0.648,-0.46,0.495,0.221,-0.588,-0.636,-0.505,-0.161,-0.703,0.53,-0.645,-0.352,-0.616,-0.759,-0.163,0.208,0.369,-0.644,0.155,-0.312,-0.637,-0.037,-0.562,0.015,0.129,-0.208,-0.693,0.617,-0.355,-0.566,-0.476,0.265,-0.688,0.649,0.491,-0.669,-0.794,0.105,0.423,-0.383,-0.386,0.7,0.474,-0.11,0.484,0.238,0.591,-0.536,-0.744,-0.353,0.252,0.543,-0.701,-0.296,-0.724,-0.568,0.489,-0.723,0.547,-0.707,0.574,-0.355,-0.152,-0.595,0.552,-0.67,0.394,-0.691,-0.751,0.234,0.527,0.132,-0.757,-0.436,-0.607,-0.566,0.027,-0.109,0.652,-0.42,0.437,-0.133,-0.645,-0.684,0.411,0.374,-0.667,-0.726,-0.483,-0.633,-0.504,0.33,-0.457,-0.7,0.572,-0.572,-0.728,-0.57,-0.667,-0.548,-0.602,-0.449,-0.163,-0.074,0.165,-0.72,-0.238,-0.623,-0.709,-0.694,-0.751,0.235,-0.502,-0.735,0.626,-0.488,-0.493,0.596,-0.668,-0.588,-0.53,-0.633,0.418,-0.138,0.611,-0.729,0.486,-0.629,-0.695,-0.291,-0.022,0.883,-0.532,-0.743
AGIO,-0.177,-0.622,0.494,-0.421,0.659,-0.307,0.518,-0.522,-0.622,0.0,0.626,0.673,-0.328,-0.007,0.811,0.689,0.429,-0.482,0.695,-0.249,0.705,0.686,-0.271,0.613,-0.107,0.791,0.527,0.672,0.266,-0.405,0.717,-0.358,-0.302,0.717,-0.116,-0.739,-0.311,-0.631,0.626,0.739,-0.236,-0.187,-0.151,0.784,0.503,0.244,-0.56,-0.456,0.24,-0.409,0.591,0.088,-0.518,0.553,0.462,0.475,0.282,-0.13,0.635,-0.259,0.663,0.614,0.711,0.73,-0.611,0.701,-0.711,0.241,-0.263,-0.196,0.511,0.691,0.487,0.109,0.713,-0.65,0.469,0.311,0.636,0.717,0.201,0.034,-0.526,0.631,-0.176,0.066,0.672,-0.094,0.583,0.355,-0.358,0.049,0.756,-0.509,0.36,0.63,0.377,-0.329,0.484,-0.793,-0.667,0.493,0.748,-0.269,-0.548,0.435,0.181,-0.768,-0.571,0.473,-0.534,-0.411,-0.442,0.539,0.731,0.264,-0.343,-0.624,0.756,0.22,0.556,0.616,-0.465,0.653,-0.359,0.64,-0.526,0.467,0.336,0.762,-0.625,0.572,-0.49,0.694,0.577,-0.004,-0.704,-0.285,0.718,0.385,0.657,0.623,-0.03,0.283,-0.488,0.465,-0.386,0.264,0.459,0.616,-0.316,-0.597,0.658,0.712,0.514,0.71,0.214,-0.412,0.296,0.586,-0.542,0.513,0.801,0.644,0.773,0.623,0.457,0.501,-0.179,-0.108,-0.278,0.816,0.171,0.665,0.745,0.52,0.649,-0.192,0.409,0.662,-0.706,0.376,0.631,-0.503,0.422,0.229,0.706,0.754,-0.495,-0.176,-0.609,0.667,-0.292,0.751,0.754,0.175,-0.139,-0.647,0.649,0.732
ALEC,-0.288,-0.802,0.474,-0.486,0.856,-0.426,0.813,-0.619,-0.441,0.626,0.0,0.867,-0.444,0.51,0.728,0.827,0.125,-0.211,0.799,-0.735,0.758,0.787,-0.181,0.878,-0.103,0.834,0.635,0.735,0.527,-0.834,0.627,-0.518,-0.542,0.852,-0.015,-0.863,-0.799,-0.76,0.325,0.407,-0.188,-0.36,-0.405,0.57,0.834,0.1,-0.578,-0.777,0.537,-0.559,0.681,-0.015,-0.609,0.601,0.787,0.78,0.624,0.29,0.798,-0.367,0.753,0.777,0.856,0.777,-0.858,0.862,-0.744,0.407,-0.401,-0.628,0.195,0.857,0.679,0.541,0.797,-0.842,0.65,0.069,0.476,0.681,-0.119,-0.439,-0.585,0.379,0.146,-0.11,0.921,-0.075,0.668,0.196,-0.425,0.226,0.794,-0.611,0.269,0.753,0.287,-0.615,0.746,-0.753,-0.859,0.657,0.806,0.006,-0.267,0.548,0.485,-0.751,-0.774,0.544,-0.819,-0.65,-0.606,0.895,0.452,-0.157,-0.386,-0.273,0.675,0.225,0.601,0.755,-0.25,0.849,-0.539,0.803,-0.393,0.132,0.447,0.761,-0.801,0.743,-0.473,0.903,0.546,-0.239,-0.685,-0.578,0.667,0.843,0.572,0.8,0.15,0.11,-0.648,0.591,-0.678,0.627,-0.058,0.819,-0.514,-0.512,0.888,0.657,0.497,0.822,0.278,-0.665,0.36,0.768,-0.526,0.809,0.702,0.828,0.593,0.405,0.709,0.644,-0.149,-0.333,-0.111,0.767,-0.174,0.677,0.76,0.787,0.812,-0.546,0.75,0.766,-0.67,0.541,0.785,-0.571,0.293,0.356,0.75,0.637,-0.618,0.287,-0.298,0.732,-0.578,0.675,0.563,-0.083,-0.245,-0.718,0.801,0.83
ALNY,-0.36,-0.795,0.545,-0.604,0.906,-0.43,0.94,-0.658,-0.651,0.673,0.867,0.0,-0.405,0.487,0.731,0.94,0.471,-0.139,0.96,-0.806,0.902,0.938,-0.236,0.971,0.057,0.952,0.619,0.835,0.714,-0.763,0.865,-0.678,-0.693,0.942,0.272,-0.932,-0.785,-0.867,0.455,0.513,0.099,-0.469,-0.539,0.702,0.838,-0.024,-0.429,-0.883,0.496,-0.432,0.761,0.087,-0.832,0.649,0.847,0.871,0.776,0.272,0.936,-0.395,0.875,0.832,0.912,0.929,-0.785,0.931,-0.845,0.542,-0.282,-0.611,0.195,0.864,0.675,0.557,0.946,-0.861,0.632,-0.011,0.734,0.798,-0.278,-0.335,-0.485,0.697,0.262,0.071,0.951,-0.015,0.915,0.263,-0.449,0.208,0.811,-0.624,0.181,0.93,0.628,-0.725,0.81,-0.824,-0.902,0.7,0.901,0.072,-0.238,0.755,0.418,-0.88,-0.852,0.578,-0.87,-0.624,-0.562,0.943,0.679,-0.061,-0.407,-0.422,0.729,0.194,0.636,0.881,-0.534,0.894,-0.674,0.926,-0.477,0.34,0.584,0.856,-0.766,0.874,-0.612,0.924,0.727,-0.44,-0.699,-0.476,0.796,0.819,0.473,0.831,0.226,-0.053,-0.709,0.787,-0.814,0.581,0.192,0.889,-0.657,-0.574,0.969,0.729,0.712,0.942,0.38,-0.639,0.374,0.907,-0.425,0.781,0.846,0.846,0.812,0.361,0.84,0.808,0.033,-0.328,-0.175,0.733,-0.127,0.797,0.893,0.889,0.886,-0.415,0.825,0.876,-0.767,0.534,0.749,-0.775,0.377,0.43,0.759,0.731,-0.744,0.424,-0.285,0.746,-0.768,0.734,0.751,-0.125,-0.333,-0.812,0.798,0.964
ALTR,0.677,0.32,0.269,0.159,-0.287,-0.062,-0.325,0.481,0.156,-0.328,-0.444,-0.405,0.0,0.254,-0.15,-0.224,-0.149,0.358,-0.349,0.496,-0.245,-0.419,-0.172,-0.485,0.457,-0.372,-0.106,-0.031,-0.016,0.463,-0.144,0.546,0.425,-0.404,-0.067,0.416,0.348,0.347,0.073,-0.217,-0.139,0.022,0.441,-0.135,-0.119,0.372,0.175,0.346,0.243,0.112,0.104,0.376,0.421,0.12,-0.271,-0.226,-0.086,-0.072,-0.415,-0.218,-0.197,-0.209,-0.214,-0.477,0.548,-0.181,0.488,-0.0,-0.126,0.693,0.36,-0.172,-0.253,-0.377,-0.317,0.652,0.112,0.4,-0.005,-0.033,0.447,-0.127,0.319,-0.072,-0.343,0.629,-0.441,0.016,-0.315,-0.424,0.517,0.577,-0.23,0.024,0.279,-0.456,-0.014,0.718,-0.031,0.45,0.617,0.046,-0.184,0.081,-0.12,-0.347,-0.208,0.541,0.648,-0.357,0.425,0.76,-0.135,-0.422,-0.001,0.491,0.594,0.249,-0.031,0.231,0.109,-0.282,0.561,-0.221,0.049,-0.125,0.093,-0.222,-0.686,-0.397,0.57,-0.047,0.555,-0.308,0.023,0.154,0.723,0.79,-0.002,-0.445,0.071,-0.18,0.195,0.284,-0.037,-0.272,0.423,-0.508,0.181,-0.087,0.528,0.121,-0.421,0.007,-0.264,-0.452,0.444,0.341,0.518,-0.177,-0.017,-0.178,-0.341,-0.192,-0.185,0.121,-0.053,-0.569,0.514,0.772,0.543,-0.189,0.623,-0.104,-0.154,-0.31,-0.161,0.599,-0.145,-0.078,0.267,0.354,-0.342,0.269,0.415,0.217,-0.437,-0.143,0.565,-0.333,-0.049,0.006,0.372,-0.192,-0.122,0.582,0.758,0.316,-0.626,-0.331
AMBA,0.159,-0.427,0.495,-0.473,0.468,-0.352,0.614,-0.041,-0.295,-0.007,0.51,0.487,0.254,0.0,0.276,0.573,-0.128,0.422,0.471,-0.548,0.36,0.359,-0.147,0.518,0.177,0.374,0.41,0.537,0.604,-0.425,0.361,-0.222,-0.406,0.426,0.219,-0.39,-0.623,-0.461,0.056,-0.097,0.039,-0.536,-0.338,0.225,0.706,-0.046,-0.215,-0.564,0.815,-0.37,0.589,0.307,-0.385,0.453,0.676,0.69,0.754,0.6,0.485,-0.483,0.562,0.559,0.596,0.25,-0.25,0.584,-0.274,0.626,-0.543,-0.256,0.119,0.495,0.362,0.446,0.402,-0.27,0.641,0.032,0.318,0.429,-0.118,-0.641,-0.098,0.127,0.186,0.258,0.485,0.256,0.381,-0.414,-0.125,0.561,0.491,-0.385,0.199,0.284,0.26,-0.185,0.761,-0.227,-0.22,0.625,0.511,0.396,0.03,0.356,0.512,-0.187,-0.242,0.01,-0.569,-0.029,-0.626,0.583,0.251,-0.074,0.077,0.259,0.341,0.131,0.582,0.544,0.191,0.569,-0.566,0.639,-0.078,-0.246,0.033,0.28,-0.311,0.636,0.043,0.533,0.465,-0.444,0.085,-0.013,0.468,0.644,0.251,0.415,0.545,-0.092,-0.612,0.462,-0.531,0.323,-0.086,0.678,-0.269,-0.111,0.52,0.353,0.303,0.4,0.641,-0.205,0.618,0.587,-0.35,0.608,0.19,0.523,0.179,0.085,0.773,0.256,0.394,0.185,0.516,0.315,-0.045,0.485,0.453,0.619,0.653,-0.209,0.679,0.622,-0.26,0.673,0.213,-0.443,0.468,0.656,0.181,0.31,-0.235,0.428,0.017,0.538,-0.557,0.241,0.219,0.106,0.202,-0.428,0.275,0.447
AMCX,0.055,-0.742,0.736,-0.517,0.799,-0.461,0.613,-0.558,-0.718,0.811,0.728,0.731,-0.15,0.276,0.0,0.842,0.328,-0.409,0.763,-0.323,0.837,0.729,-0.506,0.675,0.16,0.849,0.746,0.859,0.505,-0.495,0.728,-0.255,-0.324,0.795,-0.125,-0.838,-0.445,-0.72,0.68,0.726,-0.412,-0.33,-0.132,0.82,0.703,0.464,-0.646,-0.563,0.451,-0.686,0.83,0.23,-0.468,0.815,0.622,0.584,0.352,-0.178,0.639,-0.542,0.684,0.707,0.806,0.77,-0.668,0.855,-0.753,0.298,-0.491,-0.159,0.698,0.865,0.57,0.12,0.821,-0.625,0.794,0.494,0.651,0.896,0.32,-0.296,-0.65,0.611,-0.288,0.303,0.747,-0.213,0.59,0.229,-0.121,0.379,0.773,-0.769,0.493,0.666,0.31,-0.208,0.686,-0.794,-0.677,0.736,0.897,-0.282,-0.615,0.343,0.234,-0.754,-0.547,0.483,-0.561,-0.322,-0.712,0.641,0.742,0.408,-0.245,-0.631,0.938,0.428,0.798,0.665,-0.319,0.828,-0.575,0.795,-0.662,0.368,0.14,0.784,-0.645,0.772,-0.423,0.858,0.673,-0.038,-0.673,-0.195,0.855,0.455,0.849,0.771,-0.086,0.507,-0.727,0.424,-0.41,0.184,0.475,0.788,-0.289,-0.579,0.721,0.926,0.408,0.7,0.459,-0.584,0.595,0.735,-0.735,0.678,0.818,0.837,0.789,0.788,0.623,0.448,-0.076,0.051,-0.218,0.938,0.383,0.742,0.869,0.641,0.789,-0.144,0.556,0.818,-0.797,0.703,0.784,-0.535,0.669,0.462,0.685,0.735,-0.401,-0.138,-0.7,0.901,-0.34,0.835,0.765,0.395,0.109,-0.805,0.588,0.824
AMKR,-0.096,-0.834,0.744,-0.673,0.901,-0.528,0.878,-0.612,-0.753,0.689,0.827,0.94,-0.224,0.573,0.842,0.0,0.418,-0.167,0.94,-0.656,0.913,0.871,-0.435,0.901,0.153,0.955,0.758,0.921,0.748,-0.655,0.855,-0.514,-0.604,0.92,0.19,-0.938,-0.724,-0.853,0.544,0.565,-0.088,-0.533,-0.429,0.789,0.883,0.146,-0.533,-0.832,0.633,-0.589,0.9,0.261,-0.764,0.8,0.839,0.864,0.731,0.19,0.868,-0.572,0.871,0.83,0.937,0.866,-0.692,0.971,-0.831,0.564,-0.484,-0.424,0.423,0.915,0.675,0.44,0.938,-0.766,0.798,0.217,0.782,0.915,-0.034,-0.437,-0.54,0.706,0.031,0.264,0.902,-0.025,0.819,0.119,-0.284,0.379,0.846,-0.751,0.35,0.833,0.554,-0.518,0.881,-0.806,-0.787,0.841,0.975,-0.009,-0.412,0.647,0.407,-0.824,-0.727,0.499,-0.814,-0.444,-0.744,0.884,0.766,0.184,-0.308,-0.481,0.865,0.277,0.811,0.858,-0.407,0.955,-0.746,0.976,-0.594,0.275,0.384,0.842,-0.76,0.941,-0.478,0.956,0.802,-0.382,-0.618,-0.297,0.921,0.751,0.648,0.811,0.184,0.132,-0.835,0.688,-0.724,0.427,0.373,0.955,-0.543,-0.562,0.927,0.856,0.618,0.869,0.542,-0.638,0.585,0.936,-0.615,0.809,0.828,0.905,0.811,0.54,0.883,0.654,0.119,-0.091,-0.083,0.832,0.115,0.825,0.941,0.87,0.951,-0.334,0.828,0.953,-0.804,0.72,0.742,-0.757,0.602,0.595,0.71,0.782,-0.599,0.276,-0.459,0.893,-0.704,0.81,0.79,0.14,-0.079,-0.884,0.705,0.971
AMRX,-0.321,-0.098,0.205,-0.118,0.3,-0.097,0.416,-0.304,-0.443,0.429,0.125,0.471,-0.149,-0.128,0.328,0.418,0.0,-0.194,0.459,-0.243,0.545,0.582,-0.139,0.376,0.412,0.52,0.206,0.426,0.281,-0.009,0.684,-0.276,-0.259,0.482,0.301,-0.392,-0.01,-0.317,0.498,0.579,0.419,-0.166,-0.227,0.541,0.166,-0.054,0.153,-0.251,-0.091,0.191,0.299,0.232,-0.598,0.226,0.313,0.293,0.263,-0.249,0.467,0.063,0.433,0.272,0.284,0.563,-0.127,0.328,-0.491,0.283,0.295,0.014,0.155,0.276,0.284,-0.067,0.546,-0.301,0.024,-0.021,0.732,0.454,-0.252,0.334,0.028,0.794,0.284,0.385,0.346,0.102,0.632,0.518,-0.179,-0.037,0.342,-0.149,-0.012,0.626,0.725,-0.322,0.225,-0.336,-0.342,0.128,0.437,0.073,-0.046,0.558,-0.163,-0.531,-0.305,0.418,-0.265,-0.075,0.049,0.283,0.644,0.238,-0.029,-0.589,0.371,0.194,0.168,0.461,-0.676,0.328,-0.203,0.415,-0.318,0.666,0.413,0.566,-0.214,0.473,-0.364,0.281,0.575,-0.189,-0.337,-0.057,0.473,0.075,0.048,0.306,0.018,-0.056,-0.234,0.512,-0.287,0.073,0.584,0.307,-0.451,-0.236,0.435,0.384,0.61,0.532,0.165,-0.241,-0.015,0.461,0.135,0.195,0.612,0.256,0.7,0.123,0.292,0.47,0.185,-0.208,-0.425,0.304,0.192,0.485,0.525,0.299,0.315,0.243,0.196,0.342,-0.381,0.094,0.239,-0.434,0.319,0.119,0.33,0.358,-0.479,0.147,-0.267,0.228,-0.322,0.334,0.636,-0.145,-0.272,-0.316,0.216,0.515
ANSS,-0.062,0.267,-0.252,0.018,-0.19,0.28,0.116,0.637,0.351,-0.482,-0.211,-0.139,0.358,0.422,-0.409,-0.167,-0.194,0.0,-0.172,-0.185,-0.296,-0.11,0.238,-0.094,0.107,-0.305,-0.394,-0.101,0.052,0.056,-0.093,-0.102,-0.144,-0.199,0.091,0.35,-0.064,0.077,-0.307,-0.497,0.434,-0.289,-0.29,-0.402,-0.091,-0.306,0.394,-0.023,0.259,0.322,-0.188,-0.036,0.029,-0.294,0.078,0.142,0.293,0.65,-0.011,0.051,-0.085,0.12,-0.105,-0.297,0.315,-0.124,0.244,0.269,0.086,0.108,-0.409,-0.292,-0.324,0.141,-0.216,0.296,-0.119,-0.468,-0.125,-0.282,-0.402,-0.155,0.344,-0.27,0.443,0.047,-0.207,0.407,0.0,-0.293,-0.147,0.19,-0.203,0.346,-0.318,-0.173,0.097,0.04,0.0,0.289,0.294,-0.144,-0.24,0.519,0.464,0.129,0.029,0.409,0.177,-0.199,-0.084,0.26,0.128,-0.024,-0.217,-0.318,0.242,0.628,-0.355,-0.364,-0.171,0.116,0.305,-0.257,-0.1,-0.077,0.505,-0.222,-0.022,-0.228,0.32,-0.028,0.27,-0.234,-0.171,-0.428,0.589,0.229,-0.262,0.04,-0.51,-0.27,0.66,-0.336,0.091,0.25,-0.192,0.121,-0.369,-0.083,-0.085,0.279,-0.138,-0.392,0.108,-0.109,0.128,0.321,0.126,-0.141,0.358,-0.185,-0.367,-0.126,-0.262,-0.55,0.23,-0.005,0.302,0.096,0.549,-0.447,-0.266,0.01,-0.168,-0.053,-0.104,0.261,0.075,-0.053,0.288,0.04,-0.413,-0.075,-0.178,0.063,-0.424,-0.313,-0.02,0.287,0.668,-0.274,-0.212,-0.411,-0.328,-0.233,0.037,0.351,-0.227,-0.251
APPN,-0.281,-0.799,0.602,-0.624,0.862,-0.448,0.901,-0.644,-0.747,0.695,0.799,0.96,-0.349,0.471,0.763,0.94,0.459,-0.172,0.0,-0.738,0.916,0.91,-0.253,0.944,0.06,0.939,0.627,0.861,0.719,-0.645,0.867,-0.65,-0.662,0.939,0.285,-0.915,-0.704,-0.887,0.525,0.589,0.099,-0.461,-0.501,0.757,0.799,-0.014,-0.439,-0.86,0.501,-0.454,0.777,0.161,-0.83,0.696,0.807,0.848,0.748,0.198,0.925,-0.411,0.884,0.802,0.921,0.937,-0.747,0.932,-0.834,0.574,-0.334,-0.551,0.312,0.85,0.653,0.501,0.94,-0.834,0.663,0.064,0.761,0.816,-0.19,-0.312,-0.474,0.735,0.179,0.125,0.923,0.011,0.88,0.2,-0.419,0.212,0.833,-0.619,0.214,0.891,0.653,-0.661,0.816,-0.832,-0.848,0.718,0.917,0.079,-0.276,0.738,0.451,-0.891,-0.818,0.498,-0.813,-0.592,-0.576,0.898,0.719,0.006,-0.414,-0.436,0.753,0.22,0.686,0.861,-0.542,0.887,-0.694,0.933,-0.488,0.403,0.5,0.83,-0.748,0.874,-0.618,0.908,0.786,-0.433,-0.681,-0.443,0.807,0.758,0.515,0.816,0.189,-0.051,-0.744,0.769,-0.782,0.52,0.326,0.889,-0.621,-0.539,0.946,0.755,0.736,0.922,0.458,-0.558,0.433,0.913,-0.471,0.745,0.875,0.81,0.847,0.424,0.819,0.778,0.111,-0.21,-0.145,0.753,-0.052,0.818,0.907,0.926,0.91,-0.38,0.811,0.896,-0.782,0.54,0.705,-0.794,0.459,0.487,0.736,0.76,-0.694,0.388,-0.338,0.764,-0.754,0.721,0.8,-0.04,-0.274,-0.861,0.78,0.96
APTO,0.584,0.548,-0.128,0.406,-0.651,0.148,-0.87,0.419,0.321,-0.249,-0.735,-0.806,0.496,-0.548,-0.323,-0.656,-0.243,-0.185,-0.738,0.0,-0.595,-0.786,-0.098,-0.881,0.061,-0.642,-0.266,-0.532,-0.538,0.716,-0.583,0.749,0.734,-0.739,-0.345,0.647,0.749,0.693,-0.048,-0.171,-0.395,0.431,0.701,-0.318,-0.643,0.373,0.159,0.792,-0.387,0.142,-0.397,0.097,0.746,-0.248,-0.789,-0.782,-0.767,-0.542,-0.827,0.125,-0.701,-0.674,-0.666,-0.698,0.65,-0.654,0.614,-0.539,0.083,0.754,0.256,-0.567,-0.51,-0.662,-0.682,0.746,-0.318,0.432,-0.408,-0.391,0.658,0.294,0.239,-0.336,-0.633,0.182,-0.793,-0.214,-0.762,-0.199,0.58,-0.003,-0.545,0.248,0.161,-0.775,-0.507,0.842,-0.638,0.544,0.738,-0.39,-0.568,-0.398,-0.238,-0.764,-0.473,0.643,0.78,-0.422,0.815,0.642,0.246,-0.867,-0.287,0.5,0.361,0.013,-0.281,0.036,-0.286,-0.75,0.412,-0.618,0.502,-0.665,0.069,-0.198,-0.67,-0.622,0.615,-0.627,0.511,-0.667,-0.457,0.577,0.473,0.646,-0.374,-0.847,0.0,-0.556,-0.397,0.403,0.437,-0.779,0.848,-0.756,0.198,-0.632,0.723,0.253,-0.82,-0.281,-0.628,-0.785,-0.198,0.451,-0.092,-0.67,0.043,-0.615,-0.531,-0.576,-0.474,0.131,-0.706,-0.807,-0.055,0.527,0.073,-0.342,0.528,-0.589,-0.562,-0.78,-0.64,0.459,-0.72,-0.59,0.446,-0.236,-0.471,0.646,-0.012,-0.263,-0.525,-0.353,0.776,-0.712,-0.184,-0.362,0.798,-0.299,-0.38,0.529,0.543,0.533,-0.719,-0.679
ARCT,-0.179,-0.764,0.659,-0.537,0.875,-0.452,0.809,-0.705,-0.687,0.705,0.758,0.902,-0.245,0.36,0.837,0.913,0.545,-0.296,0.916,-0.595,0.0,0.893,-0.355,0.835,0.306,0.941,0.684,0.905,0.701,-0.615,0.873,-0.529,-0.553,0.907,0.218,-0.911,-0.625,-0.83,0.686,0.651,-0.036,-0.406,-0.368,0.769,0.747,0.171,-0.391,-0.745,0.39,-0.495,0.818,0.135,-0.715,0.777,0.738,0.702,0.575,-0.079,0.803,-0.408,0.784,0.706,0.827,0.924,-0.747,0.898,-0.798,0.361,-0.257,-0.413,0.446,0.888,0.603,0.353,0.946,-0.759,0.684,0.215,0.799,0.872,-0.065,-0.245,-0.542,0.824,0.053,0.257,0.862,-0.188,0.854,0.328,-0.213,0.292,0.761,-0.715,0.266,0.907,0.62,-0.525,0.726,-0.809,-0.825,0.712,0.909,-0.02,-0.346,0.619,0.244,-0.876,-0.748,0.607,-0.666,-0.502,-0.572,0.811,0.753,0.2,-0.354,-0.609,0.848,0.37,0.68,0.769,-0.524,0.861,-0.68,0.893,-0.615,0.463,0.399,0.822,-0.657,0.887,-0.648,0.878,0.776,-0.281,-0.704,-0.324,0.841,0.588,0.627,0.867,-0.021,0.145,-0.735,0.646,-0.639,0.326,0.41,0.853,-0.467,-0.594,0.86,0.862,0.661,0.849,0.472,-0.654,0.456,0.902,-0.455,0.686,0.902,0.81,0.925,0.583,0.716,0.656,0.065,-0.134,-0.308,0.777,0.184,0.784,0.925,0.807,0.824,-0.208,0.692,0.84,-0.819,0.603,0.796,-0.716,0.521,0.424,0.7,0.674,-0.569,0.245,-0.465,0.8,-0.599,0.775,0.866,0.073,-0.172,-0.814,0.632,0.948
ARWR,-0.498,-0.662,0.4,-0.524,0.836,-0.207,0.927,-0.532,-0.6,0.686,0.787,0.938,-0.419,0.359,0.729,0.871,0.582,-0.11,0.91,-0.786,0.893,0.0,-0.171,0.926,0.13,0.922,0.463,0.836,0.559,-0.631,0.89,-0.721,-0.705,0.952,0.254,-0.871,-0.616,-0.862,0.488,0.634,0.213,-0.481,-0.61,0.734,0.68,-0.081,-0.292,-0.764,0.338,-0.282,0.642,-0.004,-0.841,0.527,0.848,0.781,0.652,0.157,0.932,-0.217,0.834,0.803,0.82,0.928,-0.748,0.848,-0.88,0.478,-0.119,-0.506,0.178,0.782,0.54,0.367,0.94,-0.826,0.499,-0.097,0.765,0.757,-0.364,-0.093,-0.457,0.707,0.361,0.089,0.896,0.097,0.92,0.424,-0.512,0.069,0.778,-0.473,0.012,0.966,0.649,-0.714,0.681,-0.83,-0.859,0.522,0.848,0.163,-0.113,0.805,0.244,-0.897,-0.841,0.67,-0.83,-0.572,-0.375,0.888,0.725,-0.069,-0.34,-0.47,0.679,0.156,0.531,0.913,-0.636,0.773,-0.624,0.852,-0.404,0.562,0.632,0.918,-0.714,0.842,-0.669,0.824,0.705,-0.449,-0.707,-0.522,0.726,0.672,0.377,0.744,0.223,-0.065,-0.572,0.857,-0.807,0.551,0.265,0.79,-0.71,-0.5,0.917,0.669,0.771,0.961,0.324,-0.591,0.271,0.827,-0.256,0.632,0.848,0.77,0.879,0.286,0.775,0.858,0.019,-0.396,-0.303,0.678,-0.102,0.851,0.896,0.817,0.8,-0.186,0.682,0.78,-0.78,0.42,0.693,-0.797,0.346,0.306,0.676,0.615,-0.829,0.365,-0.237,0.64,-0.729,0.649,0.763,-0.224,-0.439,-0.71,0.745,0.911
ASND,-0.559,0.543,-0.704,0.478,-0.394,0.46,-0.097,0.341,0.427,-0.271,-0.181,-0.236,-0.172,-0.147,-0.506,-0.435,-0.139,0.238,-0.253,-0.098,-0.355,-0.171,0.0,-0.134,-0.23,-0.349,-0.473,-0.442,-0.372,0.208,-0.253,-0.078,0.041,-0.177,0.093,0.421,0.182,0.273,-0.352,-0.243,0.543,0.318,-0.093,-0.421,-0.375,-0.579,0.55,0.209,-0.214,0.633,-0.607,-0.137,0.008,-0.618,-0.162,-0.21,-0.119,0.269,-0.087,0.741,-0.116,-0.147,-0.28,-0.191,0.039,-0.397,0.342,0.02,0.557,-0.193,-0.577,-0.384,-0.25,0.102,-0.287,0.119,-0.526,-0.489,-0.259,-0.623,-0.445,0.392,0.631,-0.227,0.613,-0.452,-0.162,0.401,-0.164,0.144,-0.352,-0.396,-0.229,0.695,-0.407,-0.152,0.067,-0.156,-0.312,0.327,0.172,-0.608,-0.449,0.442,0.722,0.139,0.183,0.22,0.11,-0.193,0.203,-0.17,0.662,-0.132,-0.407,-0.699,0.063,0.572,-0.636,-0.07,-0.563,-0.113,-0.019,-0.434,0.412,-0.346,0.727,0.185,0.333,-0.25,0.294,-0.401,-0.046,-0.388,-0.254,0.022,0.222,-0.352,-0.626,-0.015,-0.537,-0.317,0.172,-0.515,0.496,0.143,0.034,0.368,-0.485,-0.361,-0.05,0.36,-0.205,-0.643,0.186,-0.093,-0.245,0.508,-0.531,-0.271,0.657,-0.275,-0.207,-0.523,-0.284,-0.647,-0.293,0.136,-0.004,-0.438,0.043,-0.477,-0.58,-0.123,-0.393,-0.117,-0.312,0.09,-0.183,-0.442,0.492,-0.578,-0.404,0.205,-0.5,-0.359,-0.185,-0.346,-0.221,0.36,0.58,-0.601,0.1,-0.526,-0.309,-0.615,-0.434,0.467,-0.047,-0.335
ASTH,-0.435,-0.764,0.448,-0.588,0.857,-0.359,0.945,-0.604,-0.627,0.613,0.878,0.971,-0.485,0.518,0.675,0.901,0.376,-0.094,0.944,-0.881,0.835,0.926,-0.134,0.0,-0.052,0.905,0.551,0.773,0.662,-0.746,0.797,-0.715,-0.714,0.931,0.269,-0.888,-0.779,-0.856,0.356,0.47,0.16,-0.451,-0.595,0.663,0.818,-0.148,-0.405,-0.876,0.501,-0.399,0.676,0.075,-0.841,0.557,0.875,0.883,0.789,0.362,0.955,-0.326,0.875,0.843,0.905,0.899,-0.784,0.89,-0.83,0.589,-0.292,-0.687,0.113,0.816,0.665,0.598,0.897,-0.868,0.582,-0.105,0.64,0.715,-0.357,-0.327,-0.443,0.586,0.349,-0.046,0.956,0.101,0.865,0.202,-0.524,0.125,0.814,-0.536,0.112,0.897,0.575,-0.779,0.806,-0.802,-0.879,0.644,0.861,0.158,-0.134,0.77,0.514,-0.865,-0.867,0.509,-0.89,-0.666,-0.504,0.959,0.614,-0.198,-0.407,-0.302,0.635,0.141,0.591,0.888,-0.507,0.862,-0.628,0.887,-0.356,0.321,0.63,0.824,-0.797,0.822,-0.599,0.901,0.69,-0.464,-0.683,-0.587,0.703,0.875,0.397,0.772,0.285,-0.146,-0.651,0.81,-0.843,0.672,0.12,0.859,-0.71,-0.478,0.971,0.625,0.723,0.944,0.358,-0.56,0.307,0.86,-0.383,0.774,0.802,0.796,0.732,0.251,0.825,0.853,0.022,-0.392,-0.139,0.697,-0.257,0.785,0.839,0.917,0.879,-0.479,0.824,0.838,-0.697,0.459,0.683,-0.761,0.311,0.418,0.748,0.68,-0.797,0.495,-0.199,0.683,-0.789,0.649,0.657,-0.217,-0.406,-0.802,0.858,0.921
ATSG,0.236,0.115,0.269,0.089,0.088,-0.068,0.081,0.018,-0.064,-0.107,-0.103,0.057,0.457,0.177,0.16,0.153,0.412,0.107,0.06,0.061,0.306,0.13,-0.23,-0.052,0.0,0.097,0.251,0.321,0.319,0.136,0.27,0.203,0.095,0.077,0.167,-0.022,0.089,-0.011,0.42,0.101,0.046,-0.101,0.126,0.092,0.086,0.3,0.278,0.06,0.091,0.006,0.305,0.308,-0.021,0.281,0.098,-0.011,0.012,-0.307,-0.054,-0.161,0.052,0.03,-0.017,0.098,0.103,0.109,0.012,-0.02,0.157,0.36,0.281,0.154,0.038,-0.184,0.185,0.159,0.237,0.236,0.389,0.239,0.067,-0.035,0.114,0.452,0.004,0.638,-0.019,-0.165,0.222,0.186,0.392,0.481,-0.031,-0.219,0.148,0.177,0.341,0.254,0.132,0.113,0.101,0.173,0.163,0.118,0.037,0.029,-0.255,0.021,0.184,0.161,0.149,0.351,-0.118,-0.019,0.228,0.392,0.315,-0.24,0.247,0.397,0.16,0.058,0.004,0.131,-0.168,0.193,-0.218,0.236,-0.172,0.084,0.249,0.314,-0.022,0.05,0.296,0.033,0.18,0.429,0.248,-0.18,0.109,0.163,-0.081,0.272,-0.261,0.086,0.076,-0.291,0.35,0.151,0.152,-0.029,-0.009,0.312,0.093,-0.009,0.441,-0.098,0.312,0.262,0.081,0.083,0.161,0.124,0.327,0.201,0.123,-0.112,0.373,0.314,-0.095,0.05,0.574,0.222,0.237,0.014,0.06,0.54,0.049,0.13,-0.06,0.395,0.091,-0.035,0.407,0.222,-0.06,-0.013,0.098,0.017,-0.124,0.197,0.027,0.096,0.29,0.216,0.328,-0.028,-0.292,0.142
AVTX,-0.263,-0.795,0.633,-0.597,0.888,-0.442,0.858,-0.687,-0.733,0.791,0.834,0.952,-0.372,0.374,0.849,0.955,0.52,-0.305,0.939,-0.642,0.941,0.922,-0.349,0.905,0.097,0.0,0.708,0.874,0.66,-0.651,0.881,-0.574,-0.599,0.952,0.198,-0.954,-0.666,-0.851,0.566,0.667,-0.042,-0.433,-0.429,0.819,0.797,0.109,-0.475,-0.793,0.444,-0.502,0.806,0.142,-0.789,0.726,0.801,0.782,0.628,0.066,0.881,-0.397,0.854,0.794,0.892,0.929,-0.765,0.926,-0.877,0.457,-0.319,-0.475,0.38,0.898,0.656,0.399,0.957,-0.835,0.675,0.177,0.792,0.882,-0.091,-0.254,-0.55,0.762,0.081,0.151,0.925,-0.064,0.846,0.291,-0.35,0.217,0.845,-0.688,0.271,0.904,0.581,-0.6,0.771,-0.861,-0.865,0.718,0.951,-0.064,-0.384,0.679,0.329,-0.903,-0.799,0.591,-0.788,-0.551,-0.596,0.871,0.794,0.124,-0.366,-0.584,0.837,0.281,0.7,0.845,-0.553,0.9,-0.661,0.919,-0.587,0.428,0.498,0.883,-0.779,0.884,-0.611,0.922,0.779,-0.317,-0.752,-0.405,0.877,0.692,0.632,0.824,0.067,0.107,-0.724,0.703,-0.705,0.451,0.389,0.887,-0.581,-0.598,0.932,0.828,0.671,0.92,0.392,-0.665,0.417,0.9,-0.52,0.739,0.902,0.852,0.879,0.521,0.777,0.735,-0.005,-0.253,-0.282,0.83,0.067,0.815,0.934,0.839,0.887,-0.326,0.751,0.875,-0.828,0.565,0.791,-0.75,0.502,0.432,0.763,0.766,-0.682,0.25,-0.47,0.816,-0.659,0.825,0.83,0.032,-0.239,-0.852,0.748,0.983
BCPC,0.271,-0.675,0.772,-0.367,0.664,-0.687,0.457,-0.674,-0.63,0.527,0.635,0.619,-0.106,0.41,0.746,0.758,0.206,-0.394,0.627,-0.266,0.684,0.463,-0.473,0.551,0.251,0.708,0.0,0.65,0.684,-0.474,0.511,0.01,-0.129,0.597,0.024,-0.711,-0.537,-0.476,0.486,0.415,-0.463,-0.154,0.085,0.558,0.782,0.488,-0.581,-0.522,0.574,-0.709,0.843,0.474,-0.395,0.801,0.467,0.53,0.379,-0.058,0.435,-0.623,0.585,0.544,0.674,0.588,-0.502,0.733,-0.471,0.335,-0.51,-0.207,0.558,0.809,0.738,0.364,0.657,-0.51,0.802,0.604,0.528,0.744,0.37,-0.59,-0.412,0.541,-0.314,0.354,0.645,-0.337,0.431,0.021,0.16,0.592,0.583,-0.838,0.707,0.486,0.275,-0.111,0.731,-0.459,-0.527,0.836,0.778,-0.373,-0.579,0.187,0.422,-0.504,-0.339,0.224,-0.391,-0.248,-0.798,0.555,0.501,0.364,-0.161,-0.509,0.784,0.559,0.725,0.412,-0.092,0.851,-0.469,0.725,-0.624,0.003,0.018,0.494,-0.535,0.683,-0.194,0.782,0.632,0.093,-0.459,-0.014,0.781,0.544,0.785,0.684,-0.213,0.466,-0.79,0.182,-0.235,0.186,0.386,0.76,-0.094,-0.475,0.63,0.811,0.197,0.47,0.472,-0.566,0.585,0.751,-0.735,0.793,0.653,0.741,0.524,0.701,0.527,0.229,0.04,0.091,-0.128,0.784,0.357,0.481,0.645,0.587,0.708,-0.391,0.643,0.726,-0.506,0.738,0.706,-0.287,0.644,0.579,0.669,0.688,-0.175,0.08,-0.613,0.855,-0.271,0.725,0.603,0.424,0.306,-0.78,0.463,0.737
BEAM,-0.021,-0.738,0.747,-0.654,0.828,-0.443,0.815,-0.461,-0.662,0.672,0.735,0.835,-0.031,0.537,0.859,0.921,0.426,-0.101,0.861,-0.532,0.905,0.836,-0.442,0.773,0.321,0.874,0.65,0.0,0.625,-0.551,0.863,-0.444,-0.56,0.866,0.077,-0.856,-0.591,-0.838,0.65,0.582,-0.13,-0.6,-0.388,0.759,0.756,0.234,-0.479,-0.725,0.6,-0.552,0.881,0.211,-0.66,0.813,0.781,0.771,0.614,0.043,0.779,-0.544,0.793,0.745,0.857,0.799,-0.649,0.923,-0.789,0.442,-0.454,-0.203,0.542,0.863,0.501,0.224,0.894,-0.662,0.792,0.249,0.82,0.895,0.07,-0.336,-0.539,0.707,-0.033,0.392,0.783,-0.03,0.767,0.186,-0.255,0.411,0.796,-0.671,0.319,0.767,0.529,-0.35,0.789,-0.782,-0.691,0.774,0.908,0.076,-0.39,0.609,0.252,-0.767,-0.628,0.547,-0.72,-0.308,-0.708,0.757,0.75,0.307,-0.266,-0.493,0.891,0.283,0.803,0.822,-0.358,0.845,-0.777,0.926,-0.581,0.361,0.25,0.831,-0.621,0.941,-0.444,0.866,0.767,-0.384,-0.538,-0.178,0.881,0.572,0.638,0.767,0.179,0.219,-0.825,0.648,-0.664,0.269,0.416,0.88,-0.442,-0.508,0.813,0.875,0.601,0.797,0.619,-0.599,0.645,0.884,-0.565,0.682,0.781,0.847,0.867,0.614,0.833,0.514,0.159,0.077,-0.045,0.782,0.27,0.858,0.941,0.766,0.882,-0.057,0.703,0.898,-0.848,0.749,0.691,-0.756,0.654,0.586,0.554,0.687,-0.497,0.126,-0.476,0.857,-0.621,0.759,0.848,0.216,0.011,-0.768,0.53,0.881
BILI,0.097,-0.632,0.662,-0.47,0.716,-0.557,0.651,-0.542,-0.591,0.266,0.527,0.714,-0.016,0.604,0.505,0.748,0.281,0.052,0.719,-0.538,0.701,0.559,-0.372,0.662,0.319,0.66,0.684,0.625,0.0,-0.551,0.602,-0.317,-0.368,0.575,0.431,-0.64,-0.664,-0.584,0.398,0.196,0.033,-0.3,-0.213,0.45,0.794,0.141,-0.21,-0.689,0.565,-0.499,0.756,0.339,-0.515,0.709,0.594,0.665,0.714,0.236,0.588,-0.572,0.596,0.627,0.694,0.628,-0.419,0.73,-0.44,0.498,-0.346,-0.404,0.267,0.691,0.606,0.613,0.663,-0.437,0.714,0.185,0.498,0.681,-0.12,-0.604,-0.272,0.574,0.072,0.317,0.657,-0.22,0.657,-0.153,0.119,0.588,0.494,-0.764,0.339,0.621,0.565,-0.366,0.776,-0.45,-0.531,0.795,0.721,-0.056,-0.266,0.352,0.44,-0.483,-0.464,0.185,-0.503,-0.263,-0.653,0.683,0.505,0.116,-0.135,-0.221,0.587,0.335,0.627,0.536,-0.161,0.764,-0.598,0.765,-0.431,0.018,0.154,0.382,-0.37,0.735,-0.344,0.722,0.622,-0.294,-0.277,0.024,0.68,0.612,0.447,0.717,0.154,0.045,-0.718,0.455,-0.483,0.226,0.237,0.777,-0.281,-0.481,0.662,0.635,0.429,0.551,0.528,-0.436,0.571,0.765,-0.439,0.685,0.587,0.687,0.531,0.341,0.694,0.479,0.286,0.041,0.055,0.509,0.113,0.496,0.665,0.727,0.7,-0.358,0.776,0.75,-0.429,0.686,0.559,-0.499,0.479,0.563,0.534,0.562,-0.303,0.444,-0.228,0.696,-0.551,0.53,0.501,0.188,0.095,-0.711,0.436,0.738
BJRI,0.262,0.782,-0.346,0.523,-0.808,0.409,-0.687,0.629,0.262,-0.405,-0.834,-0.763,0.463,-0.425,-0.495,-0.655,-0.009,0.056,-0.645,0.716,-0.615,-0.631,0.208,-0.746,0.136,-0.651,-0.474,-0.551,-0.551,0.0,-0.459,0.575,0.582,-0.623,-0.04,0.753,0.891,0.683,-0.164,-0.076,0.183,0.345,0.422,-0.267,-0.72,-0.052,0.53,0.778,-0.382,0.54,-0.543,0.268,0.452,-0.481,-0.615,-0.668,-0.581,-0.332,-0.627,0.439,-0.491,-0.62,-0.667,-0.639,0.795,-0.718,0.597,-0.215,0.312,0.695,0.04,-0.688,-0.504,-0.655,-0.635,0.762,-0.524,0.142,-0.249,-0.502,0.252,0.533,0.612,-0.236,-0.146,0.238,-0.739,0.318,-0.637,-0.15,0.365,-0.159,-0.501,0.588,-0.121,-0.653,-0.166,0.638,-0.567,0.657,0.853,-0.588,-0.58,0.079,0.226,-0.41,-0.337,0.6,0.769,-0.539,0.744,0.684,0.538,-0.777,-0.192,0.216,0.551,0.221,-0.51,0.014,-0.409,-0.554,0.237,-0.672,0.538,-0.617,0.416,0.122,-0.422,-0.537,0.662,-0.556,0.488,-0.755,-0.235,0.323,0.641,0.464,-0.475,-0.777,-0.345,-0.716,-0.106,-0.01,0.527,-0.417,0.656,-0.506,0.317,-0.632,0.417,0.529,-0.711,-0.507,-0.297,-0.624,-0.077,0.68,-0.226,-0.596,0.438,-0.658,-0.486,-0.753,-0.413,-0.283,-0.584,-0.529,0.303,0.347,0.092,-0.505,0.314,-0.401,-0.551,-0.606,-0.578,0.619,-0.658,-0.614,0.605,-0.404,-0.731,0.492,0.029,-0.197,-0.603,-0.451,0.443,-0.325,0.082,-0.553,0.588,-0.524,-0.37,0.182,0.294,0.572,-0.683,-0.658
