,AAL,AAON,ACB,ACGL,ACGLO,ACIW,ADBE,ADSK,AEP,AGIO,ALEC,ALNY,ALTR,AMBA,AMCX,AMKR,AMRX,ANSS,APPN,APTO,ARCT,ARWR,ASND,ASTH,ATSG,AVTX,BCPC,BEAM,BILI,BJRI,BLUE,BPOP,BRKL,BWIN,BZUN,CARG,CBRL,CBSH,CBUS,CENTA,CERS,CFFN,CHCO,CHEF,CHRD,CINF,CLLS,CMCO,CMCSA,COLL,COMM,COOP,CPB,CRON,CROX,CRUS,CRWD,CTAS,CYBR,CYTK,DGII,DIOD,DOMO,DPZ,DSGR,DXCM,ERIE,ESTA,EXEL,FAST,FCEL,FCFS,FHB,FITBI,FSV,FTDR,FUTU,GLDD,GLPG,GLPI,GOGO,GOSS,GSAT,GYRE,HALO,HAS,HLIT,HLNE,HSDT,HSIC,HTHT,ICHR,IDYA,IMVT,INDB,INSM,IONS,IOSP,ITRI,JBHT,JBLU,JSM,KLIC,KOD,KURA,LAB,LASR,LIN,LKQ,LNT,MBUU,MCRI,MDGL,MEDP,MGNI,MGPI,MGRC,MKTX,MRNA,MRTN,MSEX,MSFT,MU,NAVI,NBTB,NEO,NEOG,NGNE,NSSC,NTAP,NTES,NTLA,NTRS,NYMTN,OBLG,OCFC,ON,ONC,OPI,OSIS,OSW,PALI,PANW,PCAR,PCRX,PCTY,PEBO,PLAB,PLAY,PLMR,PLSE,PLUS,PRTA,PSEC,PSNL,PTCT,PTON,QNST,QRVO,QTTB,RARE,RBCAA,RGNX,SAIC,SGMO,SINT,SNPS,SPSC,SPTN,SSYS,STNE,TBBK,TCPC,TENB,TGTX,TREE,TRUP,TTWO,TW,TXG,UBSI,UCTT,UFPT,UMBF,UPBD,URBN,VBTX,VCTR,VEON,VNET,VRSK,VSEC,WABC,WTFCM,WVE,WW,WWD,XEL,ZD,ZYME
AAL,0.0,0.592,-0.351,-0.49,-0.59,-0.643,-0.806,0.498,-0.828,0.693,-0.161,-0.403,-0.651,0.711,0.539,-0.687,0.551,-0.774,-0.334,-0.756,-0.688,-0.37,0.291,0.383,-0.299,-0.542,0.851,-0.728,-0.707,0.913,0.798,0.695,0.65,-0.588,-0.764,0.544,0.711,0.384,-0.611,0.851,0.186,0.688,0.534,0.913,0.704,-0.39,-0.663,0.684,-0.659,0.445,-0.706,0.16,-0.772,-0.58,0.436,-0.522,-0.546,-0.408,-0.134,0.641,-0.253,-0.456,0.618,-0.833,0.112,0.163,0.403,-0.643,0.605,-0.335,0.803,0.137,0.803,0.211,-0.247,-0.823,-0.671,0.351,-0.7,-0.605,0.455,0.904,-0.594,-0.178,-0.693,-0.747,-0.254,0.521,-0.565,0.025,-0.539,-0.481,-0.358,0.295,0.636,-0.363,-0.541,-0.523,-0.385,-0.313,0.963,-0.402,-0.782,0.642,0.048,-0.651,-0.043,-0.623,0.358,-0.814,0.401,0.9,0.584,0.273,0.025,0.348,0.814,-0.583,-0.44,0.778,-0.763,-0.626,-0.139,-0.511,0.571,-0.449,0.261,-0.494,0.567,0.209,-0.484,-0.668,-0.333,-0.755,-0.837,0.373,0.231,0.197,-0.117,-0.093,0.347,-0.769,0.414,-0.678,0.632,0.81,0.65,-0.352,0.926,-0.674,0.055,-0.542,0.091,0.401,-0.81,-0.684,-0.784,-0.591,-0.691,0.662,-0.767,0.59,0.306,0.133,-0.161,-0.59,-0.806,0.875,0.508,-0.505,-0.742,0.525,-0.42,-0.042,0.911,-0.556,-0.322,-0.488,-0.792,-0.677,0.354,-0.35,-0.73,0.844,-0.347,-0.171,0.836,0.082,-0.539,-0.787,-0.124,0.072,0.448,-0.867,-0.294,-0.825,-0.774,-0.774,0.651,-0.738
AAON,0.592,0.0,-0.141,-0.211,-0.312,-0.225,-0.431,0.499,-0.474,0.768,0.225,0.095,-0.231,0.441,0.291,-0.332,0.558,-0.466,0.077,-0.353,-0.329,0.096,0.656,0.12,-0.115,-0.148,0.622,-0.316,-0.33,0.696,0.539,0.493,0.459,-0.275,-0.356,0.311,0.731,0.425,-0.249,0.6,0.454,0.516,0.463,0.61,0.303,0.004,-0.233,0.432,-0.278,0.685,-0.26,0.109,-0.445,-0.104,0.341,-0.333,-0.118,-0.161,0.153,0.547,0.104,0.007,0.634,-0.501,0.108,0.051,0.505,-0.324,0.42,0.297,0.67,0.098,0.615,0.426,0.014,-0.591,-0.383,0.56,-0.361,-0.16,0.19,0.581,-0.435,0.005,-0.302,-0.376,0.234,0.506,-0.137,0.17,-0.357,-0.046,-0.624,0.389,0.52,0.016,0.071,-0.254,0.115,0.084,0.587,-0.201,-0.396,0.323,-0.078,-0.047,0.055,-0.201,0.365,-0.376,0.411,0.599,0.698,0.358,0.402,0.462,0.633,-0.061,-0.311,0.591,-0.463,-0.227,0.15,-0.313,0.43,-0.243,0.367,-0.205,0.458,0.242,-0.185,-0.129,-0.022,-0.319,-0.472,0.248,0.241,0.068,0.074,0.077,0.187,-0.564,0.243,-0.256,0.684,0.665,0.541,0.007,0.651,-0.151,0.318,-0.2,0.195,0.638,-0.447,-0.323,-0.556,-0.242,-0.202,0.535,-0.382,0.608,0.193,0.332,0.156,-0.157,-0.392,0.559,0.257,-0.331,-0.351,0.338,-0.085,-0.021,0.636,-0.105,0.058,-0.216,-0.367,-0.373,0.332,-0.092,-0.219,0.587,0.121,0.081,0.556,-0.068,-0.41,-0.455,0.175,0.355,0.4,-0.499,0.077,-0.469,-0.404,-0.403,0.55,-0.515
ACB,-0.351,-0.141,0.0,0.064,0.108,0.628,0.209,-0.047,0.596,-0.528,0.029,0.539,0.047,-0.707,-0.207,0.299,0.415,0.235,0.277,0.406,0.208,0.453,0.254,-0.367,0.749,0.534,-0.052,0.508,0.537,-0.16,-0.069,0.159,0.312,0.727,0.597,-0.636,0.09,0.594,0.551,-0.299,-0.252,0.189,0.454,-0.259,-0.263,0.643,0.429,0.234,0.673,-0.076,0.699,0.281,0.209,0.6,-0.773,-0.103,0.367,-0.187,0.09,-0.186,0.409,0.234,0.227,0.367,0.503,-0.578,-0.551,0.511,-0.162,0.364,-0.341,0.243,0.046,-0.077,-0.194,0.142,0.611,0.261,0.624,0.629,0.416,-0.332,0.481,-0.544,0.259,0.33,0.358,-0.464,0.034,0.5,0.607,0.204,-0.013,0.411,0.378,0.689,0.22,0.753,0.562,0.582,-0.269,-0.116,0.329,-0.706,-0.646,0.423,0.372,0.188,-0.101,0.522,0.535,-0.048,-0.187,0.253,0.021,0.535,-0.061,0.707,-0.338,-0.357,0.496,0.0,-0.125,-0.06,0.37,0.473,0.64,0.005,-0.533,-0.103,0.851,0.42,0.736,0.638,0.426,0.617,-0.746,-0.746,0.56,0.808,0.379,0.511,-0.555,0.478,-0.097,-0.574,0.23,0.429,-0.282,0.377,0.577,0.723,-0.723,0.039,0.28,0.178,0.019,0.404,0.522,-0.772,0.244,0.364,-0.663,0.563,0.333,0.676,0.268,-0.605,0.354,0.347,0.296,0.456,0.729,0.1,-0.274,0.252,0.29,0.926,0.481,0.48,0.642,-0.068,0.612,-0.036,0.147,-0.268,-0.055,0.524,0.054,0.558,-0.289,0.593,0.538,0.485,0.025,0.541,0.385,0.635,-0.051,0.154
ACGL,-0.49,-0.211,0.064,0.0,0.372,0.582,0.678,0.098,0.666,-0.247,-0.054,0.281,0.744,-0.33,-0.2,0.702,-0.316,0.743,0.597,0.7,0.742,0.606,0.042,-0.038,0.198,0.549,-0.5,0.628,0.602,-0.411,-0.461,-0.422,-0.4,0.519,0.616,-0.254,-0.208,-0.172,0.588,-0.596,0.14,-0.342,-0.325,-0.641,-0.493,0.673,0.681,-0.506,0.54,0.244,0.601,-0.09,0.643,0.567,-0.148,0.715,0.552,0.762,0.469,-0.617,0.575,0.63,-0.38,0.739,0.154,-0.031,-0.24,0.455,-0.582,0.584,-0.343,0.371,-0.504,-0.122,0.443,0.568,0.56,0.117,0.626,0.58,-0.64,-0.576,0.664,0.333,0.444,0.706,0.624,-0.08,0.598,0.318,0.574,0.695,0.256,-0.074,-0.39,0.468,0.577,0.535,0.524,0.483,-0.423,0.412,0.72,-0.158,0.331,0.599,-0.046,0.817,0.13,0.694,-0.202,-0.529,-0.021,0.063,0.407,0.019,-0.468,0.45,0.613,-0.43,0.698,0.68,0.548,0.71,-0.319,0.221,-0.052,0.442,-0.358,0.279,0.3,0.663,0.507,0.428,0.56,-0.195,0.094,-0.205,0.424,0.187,0.046,0.42,-0.123,0.64,-0.027,-0.388,-0.341,0.633,-0.406,0.685,0.119,0.552,0.227,0.012,0.635,0.519,0.62,0.669,0.688,-0.249,0.663,-0.26,-0.301,0.211,0.478,0.629,0.744,-0.558,-0.497,0.659,0.716,-0.341,0.415,0.444,-0.575,0.698,0.711,0.198,0.709,0.567,-0.316,0.661,0.564,-0.519,0.571,0.501,-0.488,-0.44,0.802,0.631,0.557,0.078,-0.264,0.44,0.684,0.62,0.609,0.639,-0.037,0.441
ACGLO,-0.59,-0.312,0.108,0.372,0.0,0.43,0.741,-0.088,0.563,-0.394,0.304,0.398,0.559,-0.407,-0.543,0.413,-0.463,0.651,0.474,0.68,0.686,0.43,0.052,-0.366,-0.014,0.503,-0.686,0.652,0.574,-0.579,-0.703,-0.667,-0.629,0.481,0.626,-0.451,-0.431,-0.398,0.488,-0.649,0.312,-0.528,-0.472,-0.554,-0.694,0.26,0.634,-0.639,0.533,-0.273,0.498,-0.37,0.343,0.567,-0.101,0.331,0.677,0.354,0.507,-0.543,0.144,0.234,-0.243,0.666,0.054,0.362,-0.001,0.698,-0.623,0.359,-0.601,-0.097,-0.702,0.111,0.473,0.657,0.562,-0.359,0.544,0.524,-0.512,-0.706,0.471,0.266,0.747,0.59,0.264,-0.43,0.41,-0.172,0.372,0.481,0.279,-0.128,-0.488,0.226,0.582,0.268,0.277,0.284,-0.598,0.296,0.609,-0.141,0.119,0.558,0.045,0.502,-0.331,0.647,-0.46,-0.615,-0.352,0.079,0.234,-0.239,-0.409,0.516,0.568,-0.642,0.618,0.614,0.25,0.422,-0.557,0.497,-0.287,0.436,-0.636,-0.258,0.263,0.643,0.107,0.558,0.633,-0.43,-0.083,-0.05,0.104,0.026,-0.109,0.415,-0.403,0.275,-0.236,-0.29,-0.58,0.469,-0.536,0.638,0.058,0.354,0.147,0.024,0.743,0.689,0.533,0.338,0.415,-0.254,0.718,-0.567,-0.394,-0.372,0.344,0.339,0.664,-0.572,-0.652,0.63,0.667,-0.417,0.238,-0.175,-0.65,0.63,0.439,0.249,0.648,0.679,-0.426,0.395,0.579,-0.713,0.575,0.431,-0.676,-0.263,0.257,0.568,0.191,-0.257,-0.304,0.653,0.357,0.589,0.354,0.586,-0.47,0.568
ACIW,-0.643,-0.225,0.628,0.582,0.43,0.0,0.723,0.014,0.881,-0.491,0.126,0.674,0.691,-0.661,-0.418,0.776,-0.053,0.777,0.719,0.821,0.729,0.761,0.218,-0.328,0.504,0.771,-0.52,0.865,0.88,-0.456,-0.578,-0.315,-0.233,0.828,0.876,-0.57,-0.111,0.153,0.821,-0.709,0.044,-0.218,-0.036,-0.675,-0.593,0.81,0.81,-0.318,0.813,0.111,0.907,0.079,0.606,0.852,-0.566,0.521,0.799,0.422,0.508,-0.557,0.629,0.734,-0.086,0.786,0.36,-0.216,-0.454,0.758,-0.603,0.718,-0.517,0.238,-0.409,-0.043,0.362,0.606,0.866,0.213,0.887,0.889,-0.314,-0.708,0.696,-0.021,0.642,0.782,0.663,-0.415,0.543,0.463,0.821,0.75,0.083,0.049,-0.136,0.803,0.682,0.864,0.765,0.736,-0.553,0.316,0.829,-0.607,-0.228,0.747,0.252,0.798,0.027,0.868,0.148,-0.487,-0.13,0.265,0.463,0.266,-0.424,0.809,0.336,-0.639,0.816,0.649,0.34,0.485,-0.12,0.514,0.259,0.411,-0.616,0.151,0.803,0.836,0.764,0.797,0.782,0.105,-0.342,-0.582,0.637,0.58,0.211,0.623,-0.402,0.778,-0.172,-0.566,-0.21,0.806,-0.5,0.794,0.438,0.885,-0.241,0.147,0.72,0.569,0.485,0.793,0.886,-0.658,0.731,-0.037,-0.629,0.336,0.556,0.878,0.811,-0.814,-0.262,0.705,0.791,-0.031,0.774,0.378,-0.666,0.769,0.666,0.719,0.852,0.764,0.083,0.507,0.874,-0.488,0.58,0.251,-0.479,0.006,0.519,0.88,0.302,0.44,0.098,0.728,0.538,0.813,0.756,0.889,-0.136,0.44
ADBE,-0.806,-0.431,0.209,0.678,0.741,0.723,0.0,-0.126,0.827,-0.493,0.309,0.531,0.897,-0.604,-0.465,0.797,-0.584,0.948,0.678,0.917,0.898,0.631,0.0,-0.353,0.138,0.654,-0.878,0.881,0.797,-0.75,-0.864,-0.791,-0.739,0.624,0.828,-0.472,-0.53,-0.449,0.695,-0.89,0.249,-0.708,-0.605,-0.859,-0.807,0.535,0.854,-0.811,0.66,-0.188,0.762,-0.372,0.718,0.718,-0.226,0.655,0.846,0.599,0.584,-0.713,0.313,0.618,-0.496,0.942,0.105,0.139,-0.196,0.738,-0.8,0.565,-0.69,-0.029,-0.861,-0.073,0.621,0.869,0.726,-0.189,0.778,0.72,-0.754,-0.93,0.632,0.451,0.817,0.924,0.477,-0.457,0.614,0.062,0.585,0.773,0.355,-0.24,-0.683,0.433,0.799,0.514,0.482,0.476,-0.742,0.428,0.921,-0.348,0.226,0.749,0.075,0.847,-0.159,0.881,-0.467,-0.826,-0.315,-0.052,0.342,-0.254,-0.723,0.638,0.728,-0.832,0.826,0.893,0.431,0.781,-0.687,0.333,-0.296,0.643,-0.67,-0.037,0.424,0.863,0.355,0.673,0.89,-0.492,-0.011,-0.104,0.238,0.094,-0.167,0.6,-0.359,0.649,-0.373,-0.543,-0.716,0.682,-0.735,0.847,0.106,0.571,0.176,-0.076,0.938,0.815,0.809,0.604,0.763,-0.399,0.918,-0.612,-0.386,-0.203,0.44,0.64,0.968,-0.823,-0.769,0.761,0.925,-0.604,0.376,0.165,-0.899,0.859,0.586,0.351,0.882,0.794,-0.536,0.678,0.746,-0.893,0.706,0.568,-0.901,-0.31,0.621,0.819,0.314,-0.16,-0.448,0.838,0.6,0.863,0.706,0.798,-0.482,0.794
ADSK,0.498,0.499,-0.047,0.098,-0.088,0.014,-0.126,0.0,-0.21,0.457,-0.018,0.036,-0.025,0.339,0.168,-0.093,0.426,-0.083,0.338,-0.082,0.036,0.296,0.569,0.334,-0.1,0.02,0.43,-0.012,-0.073,0.616,0.31,0.37,0.37,0.022,-0.106,0.103,0.613,0.388,-0.037,0.398,0.527,0.401,0.411,0.422,0.225,0.322,0.015,0.374,-0.1,0.503,-0.042,-0.084,-0.226,0.083,0.32,-0.072,0.178,0.035,0.51,0.174,0.148,0.145,0.611,-0.133,0.517,0.293,0.155,-0.09,0.04,0.358,0.421,0.49,0.436,0.366,0.327,-0.329,-0.04,0.52,-0.073,0.093,0.028,0.347,-0.036,-0.026,-0.133,-0.02,0.272,0.268,-0.001,0.359,-0.005,0.177,-0.219,0.354,0.436,0.122,0.117,0.005,0.219,0.339,0.48,-0.287,-0.165,0.429,0.069,-0.011,0.345,0.067,0.545,-0.141,0.308,0.496,0.611,0.536,0.483,0.469,0.591,0.048,0.102,0.293,-0.107,0.015,0.256,-0.006,0.296,-0.23,0.429,-0.057,-0.007,0.377,0.001,0.063,0.161,-0.214,-0.21,0.259,0.161,-0.03,0.289,0.23,0.446,-0.366,0.059,-0.133,0.623,0.589,0.398,0.305,0.53,-0.047,0.477,0.036,0.148,0.709,-0.229,-0.206,-0.446,-0.081,-0.058,0.393,-0.123,0.462,-0.186,0.27,0.347,-0.001,-0.107,0.351,0.162,0.133,-0.116,0.332,0.007,0.184,0.417,0.141,0.28,-0.124,-0.122,-0.029,0.249,0.201,-0.137,0.429,0.325,0.313,0.431,-0.018,0.004,-0.167,0.247,0.274,0.501,-0.353,0.237,-0.22,-0.437,-0.164,0.614,-0.352
AEP,-0.828,-0.474,0.596,0.666,0.563,0.881,0.827,-0.21,0.0,-0.721,0.02,0.557,0.692,-0.792,-0.503,0.791,-0.234,0.862,0.597,0.912,0.796,0.655,-0.019,-0.397,0.544,0.795,-0.68,0.908,0.905,-0.692,-0.667,-0.49,-0.43,0.868,0.944,-0.685,-0.401,-0.014,0.88,-0.872,-0.102,-0.398,-0.234,-0.863,-0.749,0.748,0.853,-0.497,0.867,-0.139,0.918,0.002,0.699,0.831,-0.633,0.559,0.733,0.512,0.391,-0.774,0.583,0.609,-0.349,0.927,0.247,-0.295,-0.593,0.786,-0.727,0.59,-0.735,0.144,-0.629,-0.25,0.303,0.737,0.915,-0.041,0.941,0.866,-0.374,-0.869,0.853,-0.015,0.663,0.847,0.536,-0.528,0.579,0.315,0.86,0.678,0.302,0.013,-0.337,0.693,0.628,0.852,0.682,0.651,-0.752,0.402,0.911,-0.655,-0.144,0.762,0.061,0.787,-0.188,0.973,-0.043,-0.717,-0.358,0.112,0.235,0.088,-0.646,0.812,0.431,-0.768,0.961,0.635,0.253,0.559,-0.303,0.591,0.112,0.397,-0.726,0.003,0.755,0.846,0.722,0.8,0.854,-0.03,-0.427,-0.578,0.539,0.511,0.016,0.774,-0.529,0.812,-0.352,-0.79,-0.416,0.704,-0.718,0.822,0.293,0.858,-0.249,-0.16,0.835,0.684,0.694,0.816,0.885,-0.783,0.834,-0.274,-0.659,0.205,0.513,0.866,0.885,-0.958,-0.353,0.736,0.869,-0.202,0.722,0.251,-0.849,0.747,0.674,0.719,0.953,0.869,-0.074,0.467,0.901,-0.696,0.503,0.208,-0.679,-0.094,0.61,0.949,0.274,0.247,-0.116,0.823,0.513,0.919,0.838,0.982,-0.33,0.583
AGIO,0.693,0.768,-0.528,-0.247,-0.394,-0.491,-0.493,0.457,-0.721,0.0,0.247,-0.22,-0.236,0.658,0.396,-0.432,0.286,-0.536,-0.017,-0.513,-0.381,-0.107,0.435,0.294,-0.483,-0.353,0.57,-0.49,-0.523,0.7,0.525,0.387,0.375,-0.581,-0.59,0.547,0.624,0.095,-0.477,0.703,0.534,0.403,0.259,0.699,0.493,-0.282,-0.376,0.334,-0.583,0.602,-0.533,-0.058,-0.496,-0.382,0.605,-0.261,-0.295,-0.174,0.099,0.586,-0.138,-0.128,0.436,-0.611,0.012,0.278,0.71,-0.531,0.438,0.024,0.792,0.02,0.532,0.359,0.041,-0.589,-0.631,0.415,-0.597,-0.481,0.003,0.667,-0.657,0.261,-0.411,-0.466,0.012,0.718,-0.243,-0.081,-0.593,-0.124,-0.362,0.175,0.307,-0.283,-0.046,-0.574,-0.172,-0.167,0.645,-0.172,-0.525,0.685,0.297,-0.284,0.005,-0.288,0.394,-0.634,0.109,0.603,0.678,0.119,0.327,0.186,0.625,-0.431,-0.137,0.708,-0.665,-0.237,0.227,-0.15,0.252,-0.548,0.066,-0.165,0.632,0.226,-0.495,-0.331,-0.354,-0.574,-0.565,-0.011,0.548,0.435,-0.2,-0.311,0.134,-0.754,0.426,-0.476,0.647,0.825,0.416,-0.166,0.672,-0.353,0.064,-0.557,0.484,0.553,-0.53,-0.325,-0.538,-0.473,-0.428,0.859,-0.501,0.381,0.498,-0.007,-0.003,-0.457,-0.508,0.747,0.088,-0.413,-0.457,0.079,-0.489,-0.014,0.702,-0.213,-0.189,-0.617,-0.623,-0.556,0.01,-0.01,-0.504,0.549,0.047,0.18,0.518,-0.155,-0.365,-0.638,0.098,-0.002,0.167,-0.665,0.072,-0.617,-0.597,-0.687,0.427,-0.48
ALEC,-0.161,0.225,0.029,-0.054,0.304,0.126,0.309,-0.018,0.02,0.247,0.0,0.317,0.299,-0.231,-0.067,0.117,-0.115,0.093,0.37,0.245,0.246,0.262,0.413,-0.494,-0.242,0.23,-0.305,0.273,0.179,-0.136,-0.328,-0.346,-0.239,0.017,0.206,-0.14,-0.004,-0.239,0.056,-0.109,0.509,-0.243,-0.208,-0.011,-0.335,0.031,0.316,-0.325,0.116,-0.025,0.242,-0.461,0.077,0.253,0.096,-0.133,0.397,-0.129,0.392,0.12,-0.138,0.182,0.045,0.172,0.052,0.207,0.534,0.211,-0.161,0.345,-0.043,-0.321,-0.294,0.467,0.229,0.176,-0.003,0.011,0.099,0.211,-0.312,-0.23,-0.274,0.421,0.445,0.271,0.25,0.021,0.066,-0.166,-0.179,0.34,-0.03,0.005,-0.232,-0.009,0.591,-0.129,0.221,0.208,-0.163,-0.008,0.179,-0.012,-0.009,0.342,0.301,0.168,-0.185,0.148,-0.281,-0.128,-0.023,-0.135,0.208,-0.077,-0.075,0.305,0.07,-0.145,-0.005,0.339,0.274,0.225,-0.307,-0.159,-0.203,0.343,-0.082,-0.337,0.1,0.356,-0.15,0.295,0.32,-0.384,0.158,0.32,-0.124,-0.142,-0.084,-0.093,-0.184,-0.019,0.08,0.071,-0.218,0.265,-0.217,0.329,0.235,-0.1,0.145,0.29,0.292,0.503,0.055,-0.212,0.182,0.177,0.215,-0.234,0.125,-0.255,0.207,0.053,0.213,-0.128,-0.433,0.12,0.286,-0.382,-0.181,-0.28,-0.178,0.379,-0.036,-0.019,0.127,0.139,-0.256,0.234,0.262,-0.28,0.558,0.45,-0.373,0.067,-0.157,0.097,-0.231,-0.183,-0.133,0.37,0.172,0.243,0.011,0.048,-0.43,0.378
ALNY,-0.403,0.095,0.539,0.281,0.398,0.674,0.531,0.036,0.557,-0.22,0.317,0.0,0.515,-0.474,-0.254,0.501,0.022,0.509,0.566,0.554,0.435,0.732,0.414,-0.356,0.343,0.52,-0.362,0.598,0.564,-0.236,-0.386,-0.196,-0.156,0.592,0.585,-0.27,0.001,0.132,0.51,-0.507,0.242,-0.18,0.019,-0.357,-0.443,0.533,0.577,-0.239,0.619,0.176,0.659,0.095,0.266,0.628,-0.383,0.253,0.704,0.187,0.454,-0.155,0.458,0.472,0.097,0.463,0.266,-0.083,-0.061,0.665,-0.24,0.554,-0.342,0.154,-0.25,0.267,0.295,0.435,0.546,0.177,0.593,0.599,-0.203,-0.502,0.378,0.06,0.577,0.447,0.593,-0.355,0.269,0.231,0.441,0.506,-0.092,0.054,-0.026,0.711,0.579,0.513,0.455,0.485,-0.311,0.123,0.525,-0.455,-0.175,0.639,0.326,0.495,-0.043,0.603,0.105,-0.295,0.05,0.294,0.412,0.235,-0.211,0.642,0.093,-0.472,0.476,0.491,0.283,0.255,-0.066,0.379,0.206,0.299,-0.442,0.061,0.544,0.632,0.448,0.614,0.531,0.102,-0.189,-0.336,0.324,0.401,0.242,0.385,-0.191,0.47,-0.035,-0.276,-0.114,0.625,-0.257,0.709,0.408,0.64,-0.148,0.277,0.553,0.41,0.321,0.416,0.589,-0.353,0.537,0.041,-0.447,0.197,0.39,0.584,0.544,-0.526,-0.288,0.51,0.542,0.006,0.584,0.252,-0.4,0.585,0.466,0.581,0.598,0.504,0.11,0.313,0.642,-0.32,0.441,0.101,-0.336,-0.022,0.156,0.549,0.096,0.251,0.143,0.581,0.362,0.535,0.476,0.635,-0.157,0.389
ALTR,-0.651,-0.231,0.047,0.744,0.559,0.691,0.897,-0.025,0.692,-0.236,0.299,0.515,0.0,-0.348,-0.29,0.884,-0.556,0.915,0.706,0.799,0.848,0.634,0.09,-0.146,0.067,0.541,-0.747,0.772,0.699,-0.578,-0.773,-0.657,-0.648,0.463,0.69,-0.197,-0.35,-0.445,0.572,-0.754,0.314,-0.641,-0.58,-0.767,-0.607,0.54,0.758,-0.776,0.51,0.099,0.669,-0.291,0.73,0.647,-0.022,0.787,0.791,0.716,0.574,-0.544,0.43,0.794,-0.447,0.817,0.038,0.197,-0.077,0.553,-0.625,0.608,-0.423,0.054,-0.704,0.027,0.725,0.777,0.597,-0.014,0.645,0.636,-0.824,-0.758,0.474,0.601,0.735,0.852,0.621,-0.211,0.652,0.196,0.497,0.856,0.171,-0.334,-0.646,0.466,0.801,0.417,0.494,0.421,-0.565,0.492,0.864,-0.24,0.342,0.73,0.105,0.924,0.128,0.742,-0.393,-0.72,-0.045,-0.038,0.561,-0.255,-0.635,0.476,0.741,-0.652,0.662,0.961,0.626,0.824,-0.607,0.21,-0.294,0.694,-0.371,0.242,0.306,0.797,0.345,0.596,0.801,-0.49,0.278,0.008,0.217,-0.006,-0.094,0.462,-0.045,0.686,-0.236,-0.355,-0.573,0.711,-0.544,0.791,0.038,0.539,0.372,0.108,0.823,0.674,0.754,0.622,0.792,-0.192,0.803,-0.484,-0.168,-0.106,0.402,0.628,0.92,-0.635,-0.772,0.704,0.853,-0.596,0.363,0.439,-0.745,0.843,0.571,0.171,0.754,0.597,-0.552,0.839,0.647,-0.739,0.71,0.668,-0.76,-0.373,0.685,0.705,0.506,-0.075,-0.466,0.693,0.679,0.699,0.707,0.651,-0.248,0.713
AMBA,0.711,0.441,-0.707,-0.33,-0.407,-0.661,-0.604,0.339,-0.792,0.658,-0.231,-0.474,-0.348,0.0,0.482,-0.435,0.056,-0.53,-0.436,-0.714,-0.513,-0.539,-0.053,0.655,-0.456,-0.708,0.528,-0.717,-0.717,0.562,0.508,0.406,0.217,-0.727,-0.774,0.801,0.328,-0.102,-0.721,0.694,0.121,0.234,0.048,0.593,0.684,-0.573,-0.678,0.266,-0.774,0.303,-0.809,0.105,-0.454,-0.629,0.773,-0.072,-0.536,-0.039,-0.264,0.552,-0.262,-0.266,0.245,-0.711,-0.331,0.498,0.47,-0.666,0.604,-0.407,0.662,-0.011,0.503,0.199,0.076,-0.513,-0.681,0.031,-0.809,-0.699,0.101,0.762,-0.613,0.219,-0.534,-0.643,-0.307,0.56,-0.281,-0.213,-0.646,-0.359,-0.376,-0.181,0.143,-0.516,-0.501,-0.699,-0.555,-0.602,0.631,-0.161,-0.642,0.656,0.37,-0.561,-0.125,-0.421,0.423,-0.768,0.026,0.51,0.461,0.02,0.102,-0.178,0.498,-0.779,-0.03,0.651,-0.751,-0.312,0.075,-0.336,0.126,-0.388,-0.198,-0.22,0.718,0.39,-0.739,-0.647,-0.566,-0.667,-0.702,-0.084,0.668,0.518,-0.454,-0.543,-0.033,-0.606,0.698,-0.521,0.329,0.774,0.301,-0.451,0.714,-0.614,-0.447,-0.646,0.497,0.292,-0.642,-0.627,-0.408,-0.419,-0.616,0.768,-0.588,0.183,0.616,-0.174,-0.399,-0.65,-0.594,0.881,0.153,-0.445,-0.641,0.099,-0.492,0.089,0.709,-0.531,-0.331,-0.796,-0.716,-0.734,-0.099,-0.073,-0.729,0.541,-0.327,0.057,0.571,-0.17,-0.297,-0.736,0.219,-0.188,-0.07,-0.727,-0.254,-0.832,-0.604,-0.797,0.579,-0.5
AMCX,0.539,0.291,-0.207,-0.2,-0.543,-0.418,-0.465,0.168,-0.503,0.396,-0.067,-0.254,-0.29,0.482,0.0,-0.154,0.142,-0.395,-0.452,-0.534,-0.511,-0.383,-0.069,0.595,0.091,-0.559,0.442,-0.498,-0.578,0.448,0.543,0.506,0.415,-0.495,-0.58,0.644,0.238,0.091,-0.559,0.502,-0.164,0.112,0.154,0.371,0.615,-0.178,-0.511,0.376,-0.556,0.187,-0.402,0.096,-0.116,-0.511,0.438,-0.077,-0.515,-0.143,-0.432,0.49,-0.248,-0.181,-0.003,-0.502,-0.097,-0.095,0.136,-0.61,0.568,-0.269,0.531,-0.029,0.481,-0.057,-0.111,-0.462,-0.56,0.344,-0.574,-0.549,0.226,0.528,-0.509,0.207,-0.591,-0.36,-0.154,0.425,-0.367,0.202,-0.5,-0.33,-0.277,-0.082,0.184,-0.312,-0.407,-0.358,-0.329,-0.359,0.623,-0.373,-0.472,0.235,0.29,-0.393,0.177,-0.333,0.537,-0.53,0.219,0.494,0.423,-0.311,-0.116,-0.026,0.211,-0.54,-0.302,0.417,-0.591,-0.313,0.115,-0.149,0.259,-0.59,0.017,-0.018,0.525,0.496,-0.402,-0.5,-0.192,-0.47,-0.444,0.193,0.433,0.366,-0.431,-0.265,0.027,-0.198,0.507,-0.074,0.078,0.254,0.361,-0.274,0.476,-0.43,-0.231,-0.376,0.179,0.037,-0.542,-0.593,-0.205,-0.357,-0.305,0.405,-0.605,0.323,0.538,0.168,-0.405,-0.274,-0.462,0.508,0.363,-0.315,-0.523,0.125,-0.257,0.242,0.51,-0.465,-0.322,-0.391,-0.537,-0.658,0.121,-0.072,-0.521,0.495,-0.314,0.006,0.431,0.17,-0.135,-0.527,-0.281,0.031,0.068,-0.44,-0.31,-0.479,-0.271,-0.536,0.48,-0.126
AMKR,-0.687,-0.332,0.299,0.702,0.413,0.776,0.797,-0.093,0.791,-0.432,0.117,0.501,0.884,-0.435,-0.154,0.0,-0.427,0.897,0.556,0.753,0.737,0.535,-0.057,-0.017,0.435,0.528,-0.66,0.769,0.725,-0.582,-0.66,-0.43,-0.454,0.559,0.725,-0.223,-0.347,-0.228,0.61,-0.747,-0.044,-0.563,-0.419,-0.837,-0.491,0.671,0.689,-0.591,0.564,0.055,0.77,-0.06,0.845,0.661,-0.194,0.824,0.662,0.688,0.325,-0.553,0.507,0.845,-0.478,0.801,0.077,-0.108,-0.407,0.488,-0.529,0.574,-0.439,0.108,-0.556,-0.126,0.563,0.72,0.682,0.109,0.687,0.665,-0.585,-0.724,0.549,0.4,0.581,0.848,0.637,-0.25,0.636,0.405,0.618,0.809,0.115,-0.309,-0.507,0.569,0.626,0.612,0.564,0.464,-0.566,0.445,0.853,-0.48,0.176,0.708,0.224,0.891,0.249,0.765,-0.134,-0.669,-0.098,-0.092,0.447,-0.142,-0.672,0.497,0.562,-0.654,0.702,0.815,0.609,0.739,-0.414,0.277,-0.104,0.645,-0.355,0.426,0.499,0.734,0.569,0.67,0.82,-0.22,0.138,-0.197,0.272,0.178,-0.017,0.686,-0.044,0.9,-0.383,-0.582,-0.384,0.694,-0.542,0.748,0.025,0.709,0.144,-0.018,0.72,0.504,0.77,0.746,0.908,-0.462,0.677,-0.293,-0.223,0.144,0.307,0.79,0.876,-0.728,-0.484,0.699,0.783,-0.395,0.573,0.59,-0.726,0.705,0.553,0.361,0.758,0.559,-0.295,0.796,0.718,-0.622,0.544,0.485,-0.653,-0.152,0.712,0.776,0.385,0.166,-0.33,0.726,0.545,0.738,0.844,0.727,-0.116,0.698
AMRX,0.551,0.558,0.415,-0.316,-0.463,-0.053,-0.584,0.426,-0.234,0.286,-0.115,0.022,-0.556,0.056,0.142,-0.427,0.0,-0.543,0.0,-0.306,-0.396,0.107,0.557,-0.06,0.302,0.098,0.774,-0.214,-0.129,0.724,0.708,0.752,0.822,0.12,-0.153,-0.093,0.796,0.934,0.03,0.537,0.031,0.896,0.914,0.623,0.333,0.195,-0.189,0.813,0.05,0.488,-0.057,0.451,-0.534,0.027,-0.306,-0.586,-0.213,-0.385,0.011,0.304,0.308,-0.168,0.819,-0.441,0.471,-0.419,-0.088,-0.178,0.341,0.146,0.434,0.343,0.779,0.177,-0.446,-0.694,-0.06,0.533,-0.075,0.025,0.72,0.568,-0.065,-0.672,-0.437,-0.418,0.146,0.252,-0.289,0.364,0.071,-0.221,-0.359,0.717,0.93,0.239,-0.219,0.184,0.268,0.334,0.534,-0.303,-0.393,0.018,-0.54,-0.159,0.068,-0.346,0.132,-0.261,0.851,0.723,0.467,0.614,0.101,0.839,0.729,0.166,-0.636,0.538,-0.216,-0.604,-0.209,-0.55,0.858,0.087,0.846,-0.578,0.14,0.047,0.306,-0.173,0.368,-0.159,-0.414,0.804,-0.468,-0.534,0.456,0.639,0.545,-0.328,-0.169,-0.218,0.628,0.284,0.829,0.026,0.594,-0.217,0.632,0.121,-0.477,0.433,-0.51,-0.383,-0.716,-0.11,-0.152,-0.01,-0.413,0.871,-0.331,0.648,0.301,0.033,-0.502,0.298,0.762,-0.247,-0.364,0.848,0.205,-0.013,0.606,-0.228,0.079,0.286,-0.279,-0.123,0.871,-0.402,-0.065,0.746,-0.164,-0.437,0.753,0.332,-0.435,-0.218,-0.109,0.654,0.844,-0.433,-0.064,-0.291,-0.373,-0.143,0.51,-0.723
ANSS,-0.774,-0.466,0.235,0.743,0.651,0.777,0.948,-0.083,0.862,-0.536,0.093,0.509,0.915,-0.53,-0.395,0.897,-0.543,0.0,0.652,0.894,0.88,0.622,-0.067,-0.159,0.273,0.635,-0.805,0.874,0.814,-0.693,-0.806,-0.658,-0.641,0.651,0.819,-0.385,-0.472,-0.36,0.716,-0.883,0.118,-0.644,-0.531,-0.888,-0.68,0.618,0.815,-0.73,0.661,-0.099,0.772,-0.206,0.775,0.72,-0.242,0.781,0.796,0.699,0.507,-0.744,0.445,0.718,-0.502,0.929,0.132,0.067,-0.36,0.685,-0.743,0.549,-0.639,0.13,-0.759,-0.179,0.627,0.843,0.785,-0.1,0.797,0.719,-0.707,-0.88,0.707,0.383,0.738,0.92,0.533,-0.402,0.651,0.225,0.69,0.793,0.338,-0.271,-0.615,0.514,0.696,0.614,0.513,0.485,-0.683,0.484,0.932,-0.369,0.254,0.721,0.081,0.908,0.017,0.868,-0.33,-0.784,-0.231,0.007,0.407,-0.212,-0.718,0.574,0.733,-0.802,0.844,0.884,0.501,0.792,-0.578,0.376,-0.213,0.627,-0.617,0.187,0.469,0.827,0.482,0.669,0.886,-0.363,0.017,-0.199,0.309,0.17,-0.048,0.668,-0.246,0.765,-0.386,-0.576,-0.589,0.708,-0.66,0.817,0.064,0.689,0.176,-0.071,0.881,0.686,0.824,0.735,0.829,-0.456,0.874,-0.502,-0.404,-0.076,0.421,0.719,0.971,-0.818,-0.665,0.82,0.903,-0.488,0.499,0.381,-0.863,0.818,0.642,0.379,0.873,0.768,-0.449,0.748,0.74,-0.801,0.614,0.504,-0.801,-0.283,0.734,0.855,0.418,-0.023,-0.39,0.782,0.62,0.831,0.782,0.817,-0.313,0.74
APPN,-0.334,0.077,0.277,0.597,0.474,0.719,0.678,0.338,0.597,-0.017,0.37,0.566,0.706,-0.436,-0.452,0.556,0.0,0.652,0.0,0.784,0.789,0.906,0.566,-0.403,0.082,0.821,-0.393,0.81,0.799,-0.154,-0.48,-0.383,-0.235,0.655,0.752,-0.475,0.188,0.067,0.763,-0.513,0.613,-0.063,-0.038,-0.369,-0.621,0.708,0.858,-0.372,0.651,0.423,0.723,-0.186,0.276,0.83,-0.282,0.371,0.887,0.424,0.907,-0.499,0.594,0.702,0.152,0.663,0.481,0.092,-0.003,0.652,-0.714,0.837,-0.206,0.293,-0.365,0.17,0.495,0.432,0.693,0.283,0.757,0.771,-0.544,-0.542,0.542,0.182,0.64,0.718,0.741,-0.115,0.506,0.291,0.644,0.872,0.131,0.235,-0.105,0.674,0.87,0.571,0.762,0.804,-0.29,0.38,0.736,-0.054,0.061,0.728,0.11,0.776,0.02,0.671,-0.004,-0.305,0.198,0.494,0.763,0.356,-0.143,0.727,0.516,-0.417,0.656,0.664,0.548,0.626,-0.17,0.309,0.204,0.291,-0.526,0.075,0.585,0.87,0.573,0.519,0.636,-0.09,-0.099,-0.357,0.66,0.46,0.352,0.164,-0.385,0.421,0.289,-0.103,-0.169,0.887,-0.223,0.783,0.597,0.607,0.122,0.462,0.663,0.691,0.285,0.531,0.704,-0.147,0.719,-0.059,-0.58,0.137,0.846,0.675,0.706,-0.547,-0.507,0.717,0.806,-0.145,0.388,0.245,-0.449,0.935,0.764,0.366,0.674,0.748,-0.117,0.664,0.704,-0.414,0.864,0.509,-0.427,-0.265,0.363,0.696,0.434,0.217,0.088,0.453,0.852,0.655,0.381,0.646,-0.104,0.266
APTO,-0.756,-0.353,0.406,0.7,0.68,0.821,0.917,-0.082,0.912,-0.513,0.245,0.554,0.799,-0.714,-0.534,0.753,-0.306,0.894,0.784,0.0,0.919,0.751,0.152,-0.455,0.316,0.855,-0.726,0.965,0.926,-0.629,-0.727,-0.622,-0.55,0.812,0.946,-0.648,-0.326,-0.158,0.879,-0.852,0.228,-0.436,-0.345,-0.793,-0.829,0.707,0.956,-0.637,0.817,-0.032,0.874,-0.199,0.608,0.878,-0.466,0.551,0.863,0.564,0.641,-0.788,0.549,0.644,-0.311,0.954,0.294,-0.078,-0.328,0.809,-0.839,0.694,-0.661,0.13,-0.726,-0.155,0.471,0.751,0.875,-0.061,0.927,0.857,-0.599,-0.877,0.787,0.208,0.756,0.905,0.597,-0.39,0.609,0.215,0.788,0.816,0.38,0.066,-0.435,0.618,0.82,0.734,0.707,0.698,-0.695,0.455,0.945,-0.385,0.077,0.807,0.004,0.859,-0.198,0.943,-0.197,-0.699,-0.236,0.18,0.419,0.053,-0.596,0.805,0.604,-0.746,0.932,0.764,0.416,0.727,-0.457,0.49,-0.015,0.463,-0.747,-0.053,0.654,0.939,0.607,0.735,0.887,-0.231,-0.259,-0.413,0.526,0.397,0.05,0.58,-0.555,0.685,-0.168,-0.597,-0.503,0.8,-0.66,0.889,0.342,0.731,-0.007,0.007,0.908,0.851,0.692,0.728,0.851,-0.532,0.917,-0.387,-0.624,0.015,0.687,0.783,0.928,-0.892,-0.586,0.821,0.966,-0.362,0.541,0.157,-0.84,0.908,0.754,0.538,0.935,0.92,-0.283,0.63,0.873,-0.775,0.746,0.459,-0.77,-0.262,0.592,0.918,0.334,0.077,-0.205,0.778,0.705,0.919,0.721,0.906,-0.393,0.626
ARCT,-0.688,-0.329,0.208,0.742,0.686,0.729,0.898,0.036,0.796,-0.381,0.246,0.435,0.848,-0.513,-0.511,0.737,-0.396,0.88,0.789,0.919,0.0,0.716,0.164,-0.324,0.115,0.761,-0.733,0.894,0.855,-0.595,-0.729,-0.673,-0.61,0.684,0.863,-0.546,-0.307,-0.286,0.77,-0.77,0.357,-0.475,-0.421,-0.738,-0.762,0.615,0.909,-0.68,0.698,0.006,0.753,-0.316,0.587,0.812,-0.261,0.613,0.851,0.622,0.687,-0.743,0.518,0.669,-0.29,0.917,0.245,0.161,-0.222,0.773,-0.814,0.631,-0.548,0.165,-0.735,-0.027,0.553,0.75,0.789,-0.141,0.82,0.773,-0.703,-0.809,0.711,0.329,0.804,0.871,0.586,-0.299,0.687,0.131,0.7,0.849,0.365,-0.023,-0.506,0.534,0.815,0.586,0.624,0.586,-0.659,0.49,0.903,-0.199,0.187,0.822,0.062,0.864,-0.155,0.842,-0.316,-0.684,-0.153,0.189,0.481,-0.073,-0.539,0.678,0.763,-0.706,0.848,0.816,0.48,0.751,-0.52,0.455,-0.129,0.518,-0.632,-0.026,0.506,0.896,0.469,0.666,0.844,-0.36,-0.078,-0.232,0.454,0.243,0.021,0.506,-0.42,0.58,-0.127,-0.442,-0.541,0.787,-0.604,0.82,0.259,0.611,0.178,0.044,0.907,0.816,0.665,0.674,0.772,-0.346,0.917,-0.482,-0.488,-0.093,0.659,0.697,0.902,-0.759,-0.693,0.833,0.933,-0.446,0.386,0.192,-0.765,0.911,0.709,0.342,0.849,0.848,-0.404,0.724,0.749,-0.773,0.795,0.593,-0.744,-0.305,0.645,0.847,0.445,-0.013,-0.311,0.699,0.731,0.803,0.596,0.783,-0.341,0.603
ARWR,-0.37,0.096,0.453,0.606,0.43,0.761,0.631,0.296,0.655,-0.107,0.262,0.732,0.634,-0.539,-0.383,0.535,0.107,0.622,0.906,0.751,0.716,0.0,0.608,-0.396,0.252,0.807,-0.334,0.786,0.768,-0.134,-0.377,-0.265,-0.106,0.747,0.756,-0.489,0.201,0.216,0.77,-0.522,0.501,-0.015,0.095,-0.363,-0.58,0.784,0.828,-0.23,0.757,0.409,0.792,-0.056,0.29,0.827,-0.432,0.295,0.84,0.358,0.785,-0.451,0.672,0.617,0.182,0.644,0.52,-0.083,-0.116,0.722,-0.581,0.815,-0.26,0.399,-0.276,0.161,0.357,0.396,0.709,0.338,0.793,0.767,-0.379,-0.551,0.614,0.029,0.614,0.66,0.797,-0.182,0.458,0.361,0.675,0.738,0.122,0.29,0.031,0.795,0.798,0.68,0.75,0.808,-0.289,0.292,0.686,-0.218,-0.068,0.769,0.197,0.703,0.006,0.713,0.121,-0.267,0.225,0.513,0.633,0.432,-0.138,0.793,0.335,-0.438,0.676,0.567,0.448,0.494,-0.013,0.383,0.348,0.259,-0.569,0.068,0.653,0.842,0.666,0.57,0.607,0.106,-0.253,-0.459,0.662,0.596,0.402,0.291,-0.41,0.485,0.247,-0.223,-0.074,0.858,-0.244,0.819,0.685,0.726,-0.039,0.386,0.644,0.597,0.274,0.545,0.701,-0.273,0.696,0.068,-0.66,0.319,0.787,0.749,0.666,-0.6,-0.367,0.693,0.745,0.006,0.529,0.302,-0.428,0.864,0.758,0.551,0.699,0.748,0.076,0.498,0.723,-0.339,0.721,0.293,-0.341,-0.163,0.378,0.703,0.323,0.331,0.222,0.48,0.759,0.67,0.428,0.729,-0.093,0.273
ASND,0.291,0.656,0.254,0.042,0.052,0.218,0.0,0.569,-0.019,0.435,0.413,0.414,0.09,-0.053,-0.069,-0.057,0.557,-0.067,0.566,0.152,0.164,0.608,0.0,-0.286,-0.036,0.355,0.316,0.21,0.175,0.5,0.2,0.222,0.334,0.243,0.162,-0.184,0.704,0.471,0.222,0.186,0.671,0.432,0.455,0.352,-0.101,0.383,0.277,0.263,0.248,0.587,0.255,-0.102,-0.295,0.387,-0.075,-0.29,0.395,-0.106,0.617,0.171,0.365,0.205,0.697,-0.027,0.501,0.038,0.276,0.195,-0.02,0.559,0.339,0.31,0.315,0.458,0.146,-0.293,0.111,0.515,0.193,0.332,0.055,0.126,-0.009,-0.084,0.174,0.039,0.58,0.161,-0.005,0.31,0.1,0.323,-0.307,0.554,0.49,0.433,0.478,0.181,0.474,0.537,0.319,-0.066,0.027,0.131,-0.24,0.324,0.237,0.127,0.167,0.086,0.367,0.364,0.614,0.587,0.559,0.598,0.482,0.427,-0.138,0.164,0.022,0.074,0.205,-0.014,0.366,0.042,0.509,-0.1,-0.076,0.009,0.29,0.324,0.308,0.131,0.007,0.303,-0.111,-0.248,0.455,0.469,0.467,-0.326,-0.189,-0.087,0.708,0.382,0.369,0.513,0.356,0.253,0.761,0.228,-0.052,0.705,0.022,0.127,-0.398,-0.024,0.143,0.234,0.085,0.463,-0.321,0.379,0.596,0.238,0.016,0.075,0.038,0.133,0.128,0.328,0.155,0.043,0.244,0.387,0.329,0.223,0.063,0.182,0.367,0.135,0.199,0.269,0.469,0.184,0.24,0.057,-0.207,0.027,0.136,0.38,0.531,-0.058,0.384,0.004,-0.194,0.094,0.267,-0.219
ASTH,0.383,0.12,-0.367,-0.038,-0.366,-0.328,-0.353,0.334,-0.397,0.294,-0.494,-0.356,-0.146,0.655,0.595,-0.017,-0.06,-0.159,-0.403,-0.455,-0.324,-0.396,-0.286,0.0,0.067,-0.561,0.359,-0.424,-0.466,0.359,0.394,0.43,0.287,-0.45,-0.511,0.672,0.14,-0.017,-0.471,0.44,-0.184,0.031,0.071,0.201,0.691,-0.134,-0.487,0.303,-0.555,0.178,-0.458,0.152,0.053,-0.466,0.577,0.24,-0.458,0.152,-0.393,0.267,-0.1,-0.019,-0.059,-0.374,-0.054,0.143,-0.1,-0.543,0.455,-0.303,0.449,0.237,0.414,-0.156,0.101,-0.287,-0.374,0.221,-0.497,-0.5,0.067,0.468,-0.266,0.175,-0.516,-0.249,-0.185,0.469,-0.073,0.215,-0.302,-0.248,-0.17,-0.252,0.07,-0.284,-0.491,-0.279,-0.331,-0.407,0.424,-0.164,-0.375,0.37,0.453,-0.358,0.153,-0.151,0.696,-0.465,0.12,0.345,0.404,-0.143,0.026,-0.175,0.169,-0.638,0.051,0.325,-0.426,-0.163,0.192,-0.064,0.165,-0.369,-0.038,0.044,0.458,0.695,-0.434,-0.462,-0.15,-0.439,-0.342,0.108,0.54,0.329,-0.343,-0.311,0.02,-0.057,0.602,0.02,-0.019,0.293,0.303,-0.277,0.435,-0.446,-0.381,-0.256,0.423,0.047,-0.457,-0.657,-0.089,-0.093,-0.256,0.381,-0.469,0.217,0.453,0.066,-0.406,-0.249,-0.311,0.484,0.272,-0.134,-0.457,0.101,-0.162,0.429,0.429,-0.437,-0.171,-0.458,-0.456,-0.534,-0.001,0.095,-0.498,0.425,-0.338,0.03,0.43,0.07,0.17,-0.389,0.129,0.059,-0.021,-0.487,-0.211,-0.49,-0.239,-0.469,0.581,-0.186
ATSG,-0.299,-0.115,0.749,0.198,-0.014,0.504,0.138,-0.1,0.544,-0.483,-0.242,0.343,0.067,-0.456,0.091,0.435,0.302,0.273,0.082,0.316,0.115,0.252,-0.036,0.067,0.0,0.392,0.005,0.398,0.422,-0.127,0.076,0.3,0.31,0.563,0.459,-0.303,0.049,0.522,0.482,-0.253,-0.467,0.114,0.334,-0.366,-0.094,0.615,0.285,0.226,0.489,0.05,0.557,0.473,0.361,0.456,-0.565,0.181,0.12,0.156,-0.178,-0.302,0.513,0.337,-0.038,0.304,0.289,-0.693,-0.711,0.214,-0.082,0.326,-0.225,0.259,0.116,-0.367,-0.157,0.07,0.531,0.37,0.468,0.406,0.296,-0.21,0.492,-0.357,-0.045,0.319,0.372,-0.127,0.173,0.526,0.546,0.19,-0.067,0.267,0.258,0.542,0.035,0.728,0.481,0.439,-0.184,0.026,0.319,-0.584,-0.29,0.354,0.149,0.248,0.152,0.429,0.566,-0.076,-0.034,0.144,0.038,0.421,-0.196,0.454,-0.201,-0.209,0.428,-0.041,0.162,0.046,0.334,0.382,0.549,0.056,-0.262,0.34,0.663,0.304,0.766,0.425,0.342,0.582,-0.447,-0.647,0.372,0.662,0.237,0.618,-0.27,0.685,-0.184,-0.619,0.321,0.333,-0.15,0.344,0.278,0.664,-0.386,-0.136,0.143,-0.031,0.256,0.536,0.561,-0.679,0.126,0.383,-0.446,0.631,0.207,0.685,0.239,-0.51,0.394,0.34,0.234,0.37,0.687,0.334,-0.18,0.118,0.402,0.668,0.382,0.329,0.516,0.085,0.522,0.022,0.009,-0.237,0.004,0.306,0.219,0.5,-0.086,0.598,0.321,0.309,0.089,0.426,0.51,0.53,0.164,0.127
AVTX,-0.542,-0.148,0.534,0.549,0.503,0.771,0.654,0.02,0.795,-0.353,0.23,0.52,0.541,-0.708,-0.559,0.528,0.098,0.635,0.821,0.855,0.761,0.807,0.355,-0.561,0.392,0.0,-0.424,0.88,0.916,-0.346,-0.431,-0.362,-0.203,0.857,0.903,-0.709,0.027,0.204,0.934,-0.648,0.285,-0.033,0.056,-0.514,-0.751,0.721,0.903,-0.309,0.872,0.177,0.835,0.021,0.329,0.901,-0.649,0.267,0.765,0.396,0.658,-0.718,0.693,0.578,0.033,0.752,0.483,-0.251,-0.32,0.748,-0.758,0.735,-0.466,0.273,-0.431,-0.099,0.161,0.465,0.865,0.119,0.906,0.834,-0.317,-0.659,0.778,-0.097,0.582,0.72,0.653,-0.222,0.568,0.228,0.82,0.731,0.255,0.372,-0.057,0.691,0.734,0.793,0.815,0.83,-0.496,0.427,0.798,-0.325,-0.139,0.764,-0.061,0.682,-0.275,0.81,0.139,-0.411,-0.064,0.475,0.461,0.399,-0.295,0.877,0.357,-0.512,0.828,0.448,0.35,0.5,-0.082,0.591,0.314,0.171,-0.67,-0.11,0.801,0.891,0.735,0.656,0.712,0.074,-0.478,-0.628,0.715,0.666,0.3,0.443,-0.645,0.54,0.066,-0.494,-0.148,0.788,-0.418,0.827,0.61,0.742,-0.188,0.119,0.726,0.74,0.401,0.673,0.761,-0.503,0.778,-0.067,-0.769,0.254,0.851,0.799,0.692,-0.785,-0.319,0.714,0.848,-0.025,0.538,0.119,-0.578,0.829,0.796,0.625,0.799,0.912,0.057,0.447,0.858,-0.484,0.681,0.209,-0.462,-0.165,0.353,0.864,0.274,0.296,0.1,0.588,0.742,0.822,0.533,0.837,-0.281,0.286
BCPC,0.851,0.622,-0.052,-0.5,-0.686,-0.52,-0.878,0.43,-0.68,0.57,-0.305,-0.362,-0.747,0.528,0.442,-0.66,0.774,-0.805,-0.393,-0.726,-0.733,-0.334,0.316,0.359,0.005,-0.424,0.0,-0.669,-0.622,0.894,0.926,0.887,0.846,-0.404,-0.653,0.359,0.755,0.667,-0.469,0.866,-0.033,0.84,0.763,0.857,0.726,-0.211,-0.637,0.875,-0.485,0.441,-0.559,0.395,-0.7,-0.47,0.185,-0.577,-0.625,-0.447,-0.295,0.622,-0.058,-0.415,0.668,-0.803,0.181,-0.203,0.134,-0.632,0.689,-0.237,0.754,0.29,0.941,0.064,-0.439,-0.891,-0.545,0.469,-0.583,-0.485,0.713,0.897,-0.439,-0.451,-0.775,-0.759,-0.176,0.511,-0.505,0.193,-0.387,-0.533,-0.388,0.491,0.837,-0.19,-0.577,-0.288,-0.198,-0.144,0.822,-0.423,-0.772,0.373,-0.212,-0.562,-0.019,-0.639,0.359,-0.715,0.67,0.897,0.561,0.317,-0.048,0.55,0.832,-0.413,-0.659,0.838,-0.652,-0.767,-0.257,-0.621,0.795,-0.295,0.571,-0.55,0.54,0.225,-0.238,-0.63,-0.065,-0.604,-0.797,0.654,-0.03,-0.09,0.032,0.167,0.388,-0.624,0.271,-0.492,0.614,0.605,0.838,-0.372,0.839,-0.661,0.202,-0.331,-0.171,0.346,-0.844,-0.739,-0.834,-0.432,-0.557,0.399,-0.795,0.82,0.16,0.439,-0.11,-0.412,-0.826,0.745,0.79,-0.569,-0.769,0.734,-0.171,-0.004,0.9,-0.625,-0.277,-0.211,-0.712,-0.608,0.664,-0.481,-0.582,0.948,-0.451,-0.399,0.939,0.254,-0.508,-0.685,-0.141,0.367,0.648,-0.826,-0.333,-0.737,-0.651,-0.637,0.695,-0.82
BEAM,-0.728,-0.316,0.508,0.628,0.652,0.865,0.881,-0.012,0.908,-0.49,0.273,0.598,0.772,-0.717,-0.498,0.769,-0.214,0.874,0.81,0.965,0.894,0.786,0.21,-0.424,0.398,0.88,-0.669,0.0,0.954,-0.568,-0.685,-0.533,-0.429,0.849,0.963,-0.66,-0.237,-0.047,0.908,-0.814,0.237,-0.367,-0.227,-0.752,-0.784,0.754,0.96,-0.535,0.84,0.001,0.918,-0.144,0.598,0.925,-0.487,0.517,0.88,0.503,0.649,-0.753,0.577,0.686,-0.205,0.914,0.369,-0.108,-0.371,0.812,-0.813,0.734,-0.605,0.157,-0.626,-0.113,0.456,0.695,0.915,0.048,0.935,0.875,-0.511,-0.844,0.767,0.146,0.749,0.912,0.64,-0.379,0.597,0.258,0.808,0.836,0.307,0.087,-0.337,0.683,0.815,0.777,0.763,0.763,-0.661,0.425,0.936,-0.422,-0.002,0.827,0.123,0.846,-0.138,0.926,-0.077,-0.638,-0.171,0.24,0.476,0.132,-0.526,0.843,0.563,-0.723,0.908,0.717,0.448,0.68,-0.346,0.509,0.098,0.459,-0.754,0.012,0.753,0.958,0.68,0.771,0.9,-0.13,-0.291,-0.466,0.545,0.488,0.128,0.62,-0.566,0.713,-0.166,-0.581,-0.394,0.844,-0.613,0.892,0.421,0.785,-0.05,0.082,0.874,0.793,0.626,0.725,0.881,-0.552,0.885,-0.287,-0.663,0.091,0.704,0.845,0.904,-0.89,-0.498,0.846,0.946,-0.265,0.577,0.212,-0.781,0.905,0.754,0.602,0.911,0.928,-0.161,0.631,0.907,-0.69,0.745,0.406,-0.696,-0.136,0.522,0.94,0.292,0.181,-0.091,0.786,0.699,0.914,0.695,0.908,-0.341,0.583
BILI,-0.707,-0.33,0.537,0.602,0.574,0.88,0.797,-0.073,0.905,-0.523,0.179,0.564,0.699,-0.717,-0.578,0.725,-0.129,0.814,0.799,0.926,0.855,0.768,0.175,-0.466,0.422,0.916,-0.622,0.954,0.0,-0.549,-0.648,-0.485,-0.363,0.869,0.972,-0.688,-0.187,0.043,0.943,-0.8,0.156,-0.244,-0.132,-0.718,-0.758,0.74,0.929,-0.469,0.863,0.06,0.901,-0.006,0.529,0.932,-0.605,0.488,0.839,0.464,0.606,-0.754,0.648,0.695,-0.143,0.868,0.355,-0.16,-0.42,0.818,-0.802,0.697,-0.586,0.2,-0.567,-0.128,0.318,0.677,0.961,0.031,0.963,0.896,-0.422,-0.795,0.801,0.003,0.723,0.845,0.62,-0.388,0.612,0.269,0.887,0.813,0.297,0.13,-0.248,0.735,0.742,0.821,0.788,0.765,-0.654,0.507,0.922,-0.454,-0.108,0.803,0.045,0.814,-0.211,0.9,0.004,-0.599,-0.204,0.322,0.472,0.206,-0.481,0.843,0.487,-0.681,0.911,0.634,0.395,0.591,-0.251,0.623,0.169,0.343,-0.711,-0.027,0.828,0.92,0.724,0.765,0.862,-0.04,-0.387,-0.569,0.657,0.567,0.198,0.609,-0.572,0.676,-0.147,-0.596,-0.314,0.814,-0.579,0.863,0.426,0.817,-0.144,0.055,0.832,0.763,0.567,0.784,0.87,-0.625,0.861,-0.222,-0.716,0.138,0.717,0.86,0.849,-0.888,-0.417,0.819,0.924,-0.155,0.627,0.212,-0.743,0.869,0.756,0.649,0.887,0.924,-0.065,0.568,0.914,-0.633,0.677,0.28,-0.623,-0.114,0.487,0.968,0.331,0.267,-0.032,0.744,0.691,0.896,0.704,0.915,-0.325,0.458
BJRI,0.913,0.696,-0.16,-0.411,-0.579,-0.456,-0.75,0.616,-0.692,0.7,-0.136,-0.236,-0.578,0.562,0.448,-0.582,0.724,-0.693,-0.154,-0.629,-0.595,-0.134,0.5,0.359,-0.127,-0.346,0.894,-0.568,-0.549,0.0,0.811,0.79,0.782,-0.393,-0.615,0.431,0.881,0.59,-0.43,0.82,0.25,0.789,0.707,0.879,0.662,-0.146,-0.525,0.788,-0.46,0.591,-0.501,0.225,-0.681,-0.392,0.281,-0.528,-0.426,-0.366,-0.024,0.579,-0.028,-0.284,0.746,-0.743,0.291,-0.017,0.278,-0.562,0.553,-0.103,0.803,0.317,0.887,0.237,-0.258,-0.842,-0.517,0.55,-0.525,-0.432,0.485,0.84,-0.464,-0.286,-0.642,-0.624,-0.023,0.576,-0.429,0.216,-0.378,-0.358,-0.401,0.42,0.783,-0.144,-0.393,-0.31,-0.129,-0.054,0.914,-0.373,-0.685,0.523,-0.072,-0.477,0.053,-0.496,0.453,-0.685,0.577,0.913,0.757,0.44,0.165,0.531,0.845,-0.379,-0.494,0.756,-0.649,-0.59,-0.053,-0.47,0.724,-0.372,0.494,-0.517,0.488,0.285,-0.258,-0.502,-0.081,-0.609,-0.706,0.533,0.116,0.006,0.069,0.148,0.49,-0.68,0.299,-0.513,0.718,0.737,0.803,-0.198,0.915,-0.534,0.321,-0.317,0.01,0.529,-0.76,-0.65,-0.81,-0.462,-0.512,0.57,-0.684,0.767,0.134,0.361,0.017,-0.38,-0.716,0.751,0.584,-0.418,-0.637,0.645,-0.26,0.091,0.881,-0.417,-0.175,-0.285,-0.688,-0.533,0.534,-0.295,-0.561,0.901,-0.254,-0.225,0.879,0.16,-0.466,-0.644,-0.067,0.304,0.633,-0.801,-0.137,-0.7,-0.693,-0.624,0.681,-0.756
