,AAL,AAON,ACB,ACGL,ACGLO,ACIW,ADBE,ADSK,AEP,AGIO,ALEC,ALNY,ALTR,AMBA,AMCX,AMKR,AMRX,ANSS,APPN,APTO,ARCT,ARWR,ASND,ASTH,ATSG,AVTX,BCPC,BEAM,BILI,BJRI,BLUE,BPOP,BRKL,BWIN,BZUN,CARG,CBRL,CBSH,CBUS,CENTA,CERS,CFFN,CHCO,CHEF,CHRD,CINF,CLLS,CMCO,CMCSA,COLL,COMM,COOP,CPB,CRON,CROX,CRUS,CRWD,CTAS,CYBR,CYTK,DGII,DIOD,DOMO,DPZ,DSGR,DXCM,ERIE,ESTA,EXEL,FAST,FCEL,FCFS,FHB,FITBI,FSV,FTDR,FUTU,GLDD,GLPG,GLPI,GOGO,GOSS,GSAT,GYRE,HALO,HAS,HLIT,HLNE,HSDT,HSIC,HTHT,ICHR,IDYA,IMVT,INDB,INSM,IONS,IOSP,ITRI,JBHT,JBLU,JSM,KLIC,KOD,KURA,LAB,LASR,LIN,LKQ,LNT,MBUU,MCRI,MDGL,MEDP,MGNI,MGPI,MGRC,MKTX,MRNA,MRTN,MSEX,MSFT,MU,NAVI,NBTB,NEO,NEOG,NGNE,NSSC,NTAP,NTES,NTLA,NTRS,NYMTN,OBLG,OCFC,ON,ONC,OPI,OSIS,OSW,PALI,PANW,PCAR,PCRX,PCTY,PEBO,PLAB,PLAY,PLMR,PLSE,PLUS,PRTA,PSEC,PSNL,PTCT,PTON,QNST,QRVO,QTTB,RARE,RBCAA,RGNX,SAIC,SGMO,SINT,SNPS,SPSC,SPTN,SSYS,STNE,TBBK,TCPC,TENB,TGTX,TREE,TRUP,TTWO,TW,TXG,UBSI,UCTT,UFPT,UMBF,UPBD,URBN,VBTX,VCTR,VEON,VNET,VRSK,VSEC,WABC,WTFCM,WVE,WW,WWD,XEL,ZD,ZYME
AAL,0.0,0.811,-0.046,-0.046,0.501,0.763,0.566,0.55,-0.147,-0.609,0.816,-0.06,0.598,0.6,0.789,0.766,-0.654,0.779,0.012,0.857,-0.828,0.897,0.555,0.902,0.85,0.445,0.886,0.198,-0.009,0.412,-0.434,0.228,0.679,0.553,-0.542,0.867,0.955,0.733,0.602,0.83,0.831,0.845,0.537,0.64,0.5,0.448,0.38,0.858,0.263,-0.586,-0.703,-0.011,0.489,0.377,0.671,-0.584,0.112,0.594,0.908,0.878,0.758,0.787,-0.335,0.675,0.91,0.641,0.869,-0.302,-0.893,0.783,0.801,-0.606,0.092,0.531,-0.289,-0.685,-0.463,0.504,0.757,-0.603,-0.518,0.408,0.541,-0.431,0.513,0.649,0.839,0.586,-0.709,0.553,-0.222,0.76,0.537,0.532,0.786,0.721,0.689,0.73,-0.298,0.027,0.875,0.476,0.305,0.453,0.847,-0.629,0.288,0.75,0.722,-0.285,0.796,0.252,0.88,0.45,-0.612,0.76,0.762,-0.846,-0.935,0.469,-0.61,0.59,0.846,0.189,0.77,-0.653,0.894,0.283,0.143,0.178,0.368,0.439,-0.014,0.449,0.154,0.001,0.743,-0.207,0.295,0.263,0.928,0.614,0.128,0.366,0.967,-0.625,0.511,0.845,0.548,0.654,0.754,0.867,-0.224,0.679,0.332,0.828,-0.933,0.33,-0.743,0.703,0.265,0.777,0.841,0.233,0.943,-0.367,0.62,-0.687,0.849,0.627,-0.738,0.521,-0.272,0.706,0.878,0.094,0.763,0.467,0.774,0.609,0.632,0.807,0.762,0.623,-0.89,0.825,0.762,0.848,-0.57,-0.292,0.703,0.726,0.634,0.842,0.436,0.841,0.908,-0.584,0.47,-0.253
AAON,0.811,0.0,-0.124,-0.168,0.368,0.832,0.736,0.765,0.07,-0.444,0.525,-0.414,0.728,0.759,0.445,0.57,-0.664,0.836,0.375,0.666,-0.776,0.827,0.389,0.849,0.854,0.466,0.88,0.221,0.256,0.056,-0.3,0.399,0.834,0.448,-0.652,0.683,0.844,0.709,0.673,0.871,0.816,0.901,0.713,0.675,0.72,0.555,0.473,0.59,0.031,-0.62,-0.822,0.145,0.214,0.211,0.817,-0.396,0.167,0.746,0.796,0.648,0.739,0.882,-0.372,0.781,0.751,0.783,0.908,-0.242,-0.85,0.918,0.889,-0.463,-0.021,0.705,-0.048,-0.808,-0.669,0.699,0.661,-0.51,-0.478,0.006,0.554,-0.691,0.489,0.8,0.768,0.741,-0.752,0.389,-0.462,0.841,0.228,0.237,0.883,0.783,0.526,0.864,-0.115,0.355,0.52,0.569,0.563,0.551,0.487,-0.731,0.385,0.879,0.787,-0.043,0.722,0.398,0.713,0.646,-0.715,0.611,0.503,-0.675,-0.818,0.696,-0.556,0.772,0.893,0.102,0.763,-0.384,0.892,0.112,0.273,-0.065,0.568,0.578,0.207,0.49,0.116,0.193,0.834,-0.054,0.08,0.028,0.796,0.586,0.134,0.566,0.858,-0.429,0.45,0.747,0.399,0.819,0.6,0.91,-0.524,0.764,0.173,0.74,-0.799,0.024,-0.578,0.403,0.356,0.872,0.717,0.196,0.787,-0.703,0.809,-0.783,0.822,0.781,-0.729,0.632,-0.234,0.79,0.592,0.033,0.799,0.638,0.863,0.649,0.758,0.886,0.581,0.593,-0.773,0.878,0.857,0.857,-0.738,-0.34,0.606,0.886,0.724,0.864,0.266,0.699,0.739,-0.589,0.731,-0.572
ACB,-0.046,-0.124,0.0,-0.068,-0.115,0.067,-0.295,-0.367,-0.044,-0.105,0.089,0.593,-0.401,-0.41,0.319,0.186,0.472,-0.348,0.06,-0.104,-0.072,-0.176,-0.253,-0.016,-0.351,-0.552,-0.012,0.559,0.373,0.346,-0.439,-0.058,-0.323,0.406,0.642,0.012,-0.11,-0.037,-0.42,-0.322,-0.298,-0.207,-0.201,-0.383,-0.531,-0.446,-0.285,0.159,0.623,0.621,0.403,0.034,0.427,0.677,-0.432,0.009,0.411,-0.406,-0.062,0.046,-0.201,-0.331,0.566,-0.443,-0.027,-0.399,-0.23,-0.453,0.133,-0.319,-0.031,-0.07,0.504,-0.466,0.06,0.36,0.514,-0.377,-0.206,-0.004,0.149,0.082,-0.016,0.327,-0.212,-0.367,-0.224,-0.461,-0.175,0.156,0.554,-0.346,0.077,0.361,-0.227,-0.426,-0.136,-0.377,-0.243,-0.272,0.168,-0.325,-0.317,-0.457,0.061,0.303,-0.363,-0.327,-0.195,-0.294,-0.359,-0.652,-0.198,-0.599,0.455,-0.153,0.226,0.198,0.1,-0.317,0.211,-0.52,-0.194,0.497,-0.063,0.15,-0.279,-0.181,-0.512,0.401,0.079,-0.125,0.057,-0.367,-0.594,-0.301,-0.356,0.396,0.593,0.293,-0.07,-0.111,0.415,-0.543,-0.064,-0.317,0.315,-0.296,-0.388,-0.449,0.059,-0.209,0.452,0.201,-0.136,-0.314,0.088,0.318,0.159,0.125,-0.628,-0.327,-0.341,0.186,-0.177,0.288,-0.353,0.259,-0.322,-0.279,0.419,-0.182,-0.1,-0.361,-0.096,-0.037,-0.07,-0.435,-0.369,-0.23,-0.172,-0.348,0.139,0.15,0.273,-0.335,-0.178,-0.205,0.53,0.738,0.154,-0.435,-0.069,-0.331,-0.168,0.256,0.076,0.415,-0.291,0.009
ACGL,-0.046,-0.168,-0.068,0.0,0.101,-0.254,0.173,0.093,0.562,0.474,0.161,0.13,0.196,0.13,-0.057,0.225,0.028,0.09,-0.04,0.092,0.085,0.117,-0.195,-0.115,-0.024,-0.071,0.075,0.243,0.213,-0.157,0.143,0.419,0.148,0.052,0.027,-0.003,-0.191,0.287,-0.046,0.044,0.05,-0.05,0.324,-0.238,0.095,0.309,0.322,0.1,0.244,0.058,0.166,0.438,-0.083,0.144,0.13,0.005,-0.071,0.232,-0.05,-0.025,0.12,0.069,0.163,-0.091,0.008,0.05,0.03,0.242,0.023,0.013,-0.161,0.381,0.411,0.158,0.235,0.263,0.32,0.1,0.022,0.399,0.208,-0.034,-0.135,-0.118,0.518,-0.329,0.108,0.203,0.203,0.247,-0.046,-0.173,0.043,-0.194,0.088,0.017,-0.139,0.105,0.379,0.173,0.085,0.122,0.191,0.178,0.136,-0.061,0.356,0.069,0.179,0.484,0.094,0.104,-0.03,0.014,-0.151,0.275,0.264,0.17,0.128,0.227,-0.041,-0.015,0.031,-0.148,0.247,0.119,0.041,0.184,0.257,0.24,0.28,0.199,0.404,-0.333,-0.066,0.367,0.087,0.328,-0.066,0.152,-0.011,0.151,-0.406,0.089,0.029,0.208,0.146,-0.119,0.362,-0.051,0.281,-0.067,0.239,-0.104,-0.04,0.021,0.173,-0.283,0.214,0.06,0.044,0.128,0.188,0.331,-0.051,0.162,0.116,0.085,0.134,0.118,0.109,0.339,0.317,0.112,-0.013,-0.153,0.139,0.225,0.076,0.243,0.236,-0.103,-0.197,0.256,0.213,0.052,-0.002,0.021,-0.128,0.169,0.059,-0.064,0.243,0.043,-0.226,-0.134,0.024,0.027,0.032,0.231
ACGLO,0.501,0.368,-0.115,0.101,0.0,0.198,0.348,0.161,-0.193,-0.218,0.298,0.03,0.334,0.342,0.396,0.48,-0.344,0.402,0.13,0.501,-0.284,0.562,0.466,0.236,0.312,0.244,0.371,0.142,0.077,0.218,0.041,-0.104,0.219,0.295,-0.147,0.301,0.463,0.473,0.418,0.319,0.493,0.376,0.085,0.412,0.18,0.073,0.537,0.392,0.134,-0.374,-0.179,-0.155,0.157,0.219,0.34,-0.085,-0.145,0.4,0.478,0.282,0.551,0.34,0.051,0.287,0.44,0.356,0.362,0.155,-0.42,0.412,0.514,-0.428,0.196,0.317,-0.025,-0.269,-0.319,0.094,0.332,-0.188,-0.021,0.429,0.462,-0.159,0.489,0.288,0.524,0.333,-0.128,0.393,-0.011,0.404,0.325,0.277,0.448,0.388,0.355,0.367,0.136,0.146,0.445,0.522,0.023,0.524,0.484,-0.064,0.421,0.32,0.393,-0.174,0.535,0.046,0.558,0.191,-0.171,0.553,0.283,-0.294,-0.389,0.203,-0.634,0.338,0.352,0.068,0.267,-0.419,0.444,0.429,0.133,-0.042,0.235,0.526,0.158,0.312,0.189,0.058,0.476,-0.214,0.327,-0.092,0.508,0.499,0.284,0.303,0.482,-0.133,0.214,0.397,0.037,0.231,0.523,0.332,-0.016,0.052,0.359,0.555,-0.353,0.083,-0.23,0.587,0.173,0.392,0.372,0.281,0.5,0.039,0.258,-0.41,0.414,0.32,-0.187,0.186,0.145,0.255,0.495,0.266,0.309,0.197,0.32,0.318,0.259,0.423,0.341,0.178,-0.419,0.405,0.349,0.335,-0.2,0.037,0.333,0.272,0.114,0.387,0.451,0.241,0.458,-0.293,0.075,0.079
ACIW,0.763,0.832,0.067,-0.254,0.198,0.0,0.423,0.48,-0.043,-0.575,0.617,-0.107,0.401,0.419,0.616,0.514,-0.467,0.588,0.085,0.606,-0.774,0.635,0.312,0.853,0.679,0.237,0.762,0.097,0.17,0.36,-0.47,0.297,0.613,0.375,-0.384,0.775,0.799,0.616,0.417,0.697,0.593,0.762,0.534,0.54,0.412,0.302,0.157,0.66,0.275,-0.373,-0.63,-0.003,0.433,0.224,0.531,-0.497,0.232,0.447,0.729,0.712,0.544,0.65,-0.273,0.541,0.716,0.493,0.719,-0.411,-0.696,0.695,0.703,-0.502,0.136,0.378,-0.247,-0.595,-0.415,0.499,0.469,-0.498,-0.455,0.157,0.401,-0.406,0.223,0.622,0.6,0.415,-0.847,0.445,-0.196,0.622,0.316,0.41,0.632,0.526,0.5,0.592,-0.351,0.083,0.632,0.307,0.302,0.209,0.532,-0.563,0.068,0.613,0.595,-0.202,0.569,0.169,0.634,0.325,-0.522,0.418,0.607,-0.665,-0.822,0.406,-0.38,0.435,0.704,0.342,0.714,-0.478,0.712,0.044,0.004,0.18,0.421,0.268,0.031,0.304,-0.052,-0.063,0.561,-0.005,0.306,0.23,0.767,0.331,0.14,0.288,0.761,-0.604,0.604,0.666,0.377,0.549,0.456,0.833,-0.275,0.731,0.122,0.555,-0.787,0.35,-0.666,0.451,0.062,0.633,0.578,0.214,0.719,-0.567,0.522,-0.603,0.639,0.496,-0.582,0.455,-0.459,0.54,0.609,0.047,0.648,0.338,0.609,0.441,0.609,0.657,0.69,0.619,-0.678,0.676,0.711,0.713,-0.446,-0.181,0.637,0.644,0.677,0.665,0.29,0.78,0.792,-0.317,0.465,-0.425
ADBE,0.566,0.736,-0.295,0.173,0.348,0.423,0.0,0.891,0.359,-0.065,0.305,-0.479,0.91,0.885,0.125,0.567,-0.751,0.914,0.565,0.413,-0.576,0.726,0.041,0.565,0.773,0.413,0.743,0.212,0.418,-0.356,0.005,0.68,0.806,0.368,-0.677,0.41,0.523,0.675,0.624,0.724,0.793,0.67,0.796,0.406,0.806,0.781,0.578,0.352,-0.11,-0.659,-0.808,0.535,-0.133,0.125,0.894,-0.338,0.248,0.939,0.642,0.417,0.63,0.862,-0.162,0.75,0.451,0.763,0.8,0.031,-0.727,0.867,0.623,0.001,0.015,0.87,0.4,-0.612,-0.538,0.683,0.488,-0.318,-0.188,-0.29,0.323,-0.891,0.709,0.608,0.611,0.902,-0.404,0.205,-0.714,0.609,-0.019,-0.201,0.833,0.734,0.175,0.785,0.252,0.705,0.23,0.768,0.808,0.695,0.283,-0.691,0.594,0.858,0.809,0.303,0.624,0.552,0.505,0.736,-0.85,0.681,0.384,-0.491,-0.607,0.912,-0.369,0.822,0.803,-0.301,0.632,-0.334,0.766,0.113,0.538,-0.215,0.723,0.607,0.487,0.323,0.031,0.306,0.803,0.202,-0.245,-0.091,0.655,0.635,-0.247,0.576,0.627,-0.018,0.279,0.433,0.503,0.755,0.527,0.654,-0.659,0.573,0.107,0.594,-0.51,-0.36,-0.432,0.163,0.435,0.856,0.659,0.207,0.597,-0.581,0.933,-0.552,0.792,0.88,-0.54,0.848,0.164,0.821,0.323,-0.016,0.858,0.914,0.846,0.892,0.706,0.717,0.244,0.534,-0.583,0.828,0.618,0.688,-0.804,-0.312,0.569,0.785,0.68,0.758,-0.148,0.244,0.375,-0.704,0.736,-0.624
ADSK,0.55,0.765,-0.367,0.093,0.161,0.48,0.891,0.0,0.409,-0.086,0.231,-0.623,0.918,0.915,0.071,0.451,-0.667,0.897,0.459,0.336,-0.641,0.646,0.045,0.641,0.79,0.462,0.75,0.175,0.262,-0.411,-0.15,0.671,0.874,0.31,-0.793,0.388,0.535,0.513,0.562,0.8,0.705,0.723,0.872,0.439,0.897,0.835,0.442,0.29,-0.245,-0.672,-0.859,0.543,-0.264,0.067,0.898,-0.314,0.206,0.858,0.58,0.436,0.556,0.906,-0.432,0.79,0.419,0.806,0.83,0.002,-0.654,0.85,0.609,0.031,-0.156,0.902,0.357,-0.743,-0.656,0.854,0.516,-0.267,-0.459,-0.369,0.308,-0.922,0.555,0.725,0.564,0.883,-0.47,0.111,-0.703,0.669,-0.155,-0.298,0.817,0.737,0.208,0.838,0.191,0.646,0.182,0.685,0.897,0.584,0.201,-0.848,0.421,0.901,0.765,0.347,0.558,0.664,0.38,0.82,-0.865,0.492,0.324,-0.541,-0.615,0.912,-0.295,0.86,0.845,-0.203,0.681,-0.172,0.782,-0.006,0.657,-0.208,0.621,0.608,0.401,0.401,0.148,0.374,0.772,0.035,-0.34,-0.07,0.543,0.528,-0.206,0.626,0.603,-0.098,0.188,0.505,0.568,0.878,0.484,0.706,-0.75,0.685,0.059,0.534,-0.595,-0.418,-0.393,-0.021,0.489,0.863,0.659,0.08,0.544,-0.688,0.965,-0.576,0.75,0.852,-0.638,0.839,0.092,0.883,0.313,-0.136,0.848,0.889,0.87,0.781,0.707,0.763,0.272,0.494,-0.621,0.795,0.689,0.798,-0.88,-0.492,0.396,0.876,0.748,0.814,-0.172,0.307,0.376,-0.674,0.838,-0.705
AEP,-0.147,0.07,-0.044,0.562,-0.193,-0.043,0.359,0.409,0.0,0.564,-0.118,-0.315,0.37,0.298,-0.269,0.066,0.038,0.225,0.248,-0.125,-0.04,0.05,-0.357,-0.03,0.066,-0.014,0.135,0.089,0.506,-0.554,0.194,0.589,0.393,-0.043,-0.098,-0.182,-0.185,0.221,0.064,0.136,0.099,0.137,0.572,-0.08,0.353,0.408,0.299,-0.162,-0.006,-0.135,-0.035,0.634,-0.264,0.016,0.317,0.21,0.005,0.411,-0.125,-0.173,0.168,0.256,0.017,0.138,-0.185,0.312,0.188,0.224,0.012,0.212,-0.024,0.371,0.273,0.413,0.468,-0.047,0.049,0.426,-0.089,0.418,0.142,-0.63,-0.029,-0.484,0.445,-0.036,0.069,0.385,-0.02,0.199,-0.246,0.014,-0.327,-0.458,0.257,0.168,-0.242,0.277,0.591,0.456,-0.239,0.298,0.6,0.241,-0.234,-0.223,0.361,0.257,0.228,0.874,0.017,0.261,-0.223,0.266,-0.276,0.122,-0.001,0.239,0.081,0.527,0.064,0.256,0.152,-0.169,0.275,0.348,0.091,0.078,0.434,-0.022,0.531,0.181,0.713,-0.264,-0.161,0.562,0.228,0.34,-0.317,-0.121,-0.109,0.141,-0.309,0.356,-0.04,0.361,0.143,-0.132,0.155,0.233,0.178,0.033,-0.29,0.095,-0.129,-0.053,0.156,-0.61,0.307,-0.247,0.154,0.284,0.027,0.316,-0.141,-0.281,0.405,-0.131,0.153,0.246,0.022,0.501,0.426,0.216,-0.299,-0.214,0.305,0.444,0.24,0.326,0.435,0.057,-0.307,0.255,0.214,0.159,0.154,0.1,-0.332,0.055,0.01,0.193,0.389,0.134,-0.497,-0.216,-0.04,0.083,0.305,-0.301
AGIO,-0.609,-0.444,-0.105,0.474,-0.218,-0.575,-0.065,-0.086,0.564,0.0,-0.478,-0.25,-0.003,-0.017,-0.681,-0.281,0.313,-0.259,0.267,-0.39,0.654,-0.326,-0.267,-0.662,-0.368,-0.009,-0.485,0.121,0.152,-0.607,0.611,0.189,-0.066,-0.365,0.171,-0.649,-0.62,-0.141,-0.072,-0.282,-0.244,-0.32,0.032,-0.253,0.041,0.065,0.308,-0.618,-0.325,0.142,0.393,0.282,-0.401,-0.201,-0.076,0.607,-0.373,-0.017,-0.553,-0.618,-0.133,-0.244,0.129,-0.209,-0.599,-0.058,-0.365,0.629,0.492,-0.305,-0.401,0.489,0.057,0.069,0.329,0.311,0.228,-0.012,-0.227,0.751,0.582,-0.369,-0.135,0.005,0.183,-0.428,-0.259,0.042,0.657,-0.118,-0.14,-0.27,-0.249,-0.475,-0.172,-0.127,-0.295,-0.142,0.721,0.239,-0.577,0.075,0.191,0.203,-0.493,0.299,0.394,-0.213,-0.211,0.708,-0.199,0.09,-0.433,0.041,0.168,-0.133,-0.427,0.645,0.648,0.095,0.118,-0.091,-0.326,-0.334,-0.207,0.523,-0.361,0.213,0.305,-0.121,0.053,0.049,0.417,-0.35,0.073,0.569,-0.133,0.185,-0.504,-0.404,-0.565,-0.02,-0.298,0.19,-0.488,0.749,-0.239,-0.391,-0.097,-0.162,-0.137,-0.509,0.007,-0.538,0.09,-0.284,0.728,-0.495,0.66,-0.338,0.271,-0.186,-0.295,0.17,-0.526,0.187,-0.085,0.201,-0.272,-0.039,0.35,0.016,0.637,-0.232,-0.549,-0.105,-0.342,0.102,-0.218,-0.032,-0.008,-0.3,-0.677,-0.177,0.632,-0.265,-0.251,-0.456,0.052,0.112,-0.352,-0.249,-0.204,-0.313,-0.351,-0.674,-0.525,0.22,0.014,0.28
ALEC,0.816,0.525,0.089,0.161,0.298,0.617,0.305,0.231,-0.118,-0.478,0.0,0.235,0.335,0.283,0.799,0.686,-0.424,0.519,-0.14,0.859,-0.601,0.726,0.499,0.729,0.639,0.244,0.702,0.197,-0.08,0.582,-0.365,0.179,0.465,0.492,-0.271,0.874,0.756,0.677,0.376,0.61,0.624,0.607,0.391,0.402,0.196,0.288,0.24,0.877,0.475,-0.364,-0.428,-0.109,0.711,0.354,0.401,-0.598,0.088,0.357,0.78,0.86,0.598,0.509,-0.137,0.424,0.835,0.387,0.629,-0.332,-0.723,0.506,0.489,-0.576,0.281,0.242,-0.438,-0.36,-0.028,0.234,0.621,-0.506,-0.22,0.557,0.439,-0.109,0.463,0.238,0.701,0.333,-0.574,0.67,-0.064,0.478,0.76,0.711,0.524,0.515,0.652,0.478,-0.36,-0.252,0.896,0.146,0.069,0.264,0.885,-0.398,0.234,0.464,0.554,-0.295,0.668,-0.047,0.807,0.138,-0.426,0.718,0.805,-0.681,-0.751,0.211,-0.439,0.241,0.59,0.21,0.675,-0.678,0.664,0.33,-0.109,0.478,0.227,0.211,-0.133,0.196,-0.01,-0.084,0.496,-0.024,0.318,0.359,0.778,0.476,-0.013,0.123,0.8,-0.576,0.556,0.688,0.578,0.327,0.695,0.664,0.162,0.468,0.313,0.672,-0.69,0.521,-0.693,0.799,0.105,0.517,0.746,0.375,0.811,-0.097,0.338,-0.463,0.688,0.374,-0.568,0.36,-0.276,0.472,0.822,0.085,0.546,0.274,0.528,0.464,0.508,0.509,0.683,0.646,-0.645,0.617,0.566,0.593,-0.312,-0.122,0.732,0.422,0.54,0.609,0.388,0.792,0.847,-0.328,0.184,0.076
ALNY,-0.06,-0.414,0.593,0.13,0.03,-0.107,-0.479,-0.623,-0.315,-0.25,0.235,0.0,-0.605,-0.692,0.443,0.11,0.435,-0.456,-0.416,-0.07,0.013,-0.295,-0.226,-0.119,-0.467,-0.686,-0.181,0.129,0.003,0.686,-0.409,-0.218,-0.582,0.269,0.725,0.117,-0.161,-0.121,-0.622,-0.503,-0.438,-0.439,-0.448,-0.558,-0.796,-0.602,-0.497,0.322,0.805,0.655,0.534,-0.208,0.463,0.446,-0.644,-0.316,0.324,-0.557,0.0,0.151,-0.401,-0.548,0.649,-0.632,0.031,-0.676,-0.43,-0.391,0.257,-0.511,-0.358,-0.039,0.601,-0.736,-0.135,0.648,0.78,-0.626,-0.38,-0.06,0.218,0.461,-0.324,0.655,-0.273,-0.639,-0.327,-0.678,0.01,0.133,0.669,-0.605,0.256,0.396,-0.524,-0.623,-0.158,-0.618,-0.403,-0.471,0.328,-0.517,-0.64,-0.621,0.283,0.465,-0.539,-0.581,-0.352,-0.508,-0.335,-0.719,-0.127,-0.836,0.496,-0.172,0.309,0.145,0.08,-0.63,0.302,-0.782,-0.443,0.47,-0.168,-0.192,-0.414,-0.141,-0.613,0.651,-0.214,-0.408,-0.225,-0.502,-0.511,-0.624,-0.577,0.296,0.711,0.497,-0.008,-0.343,0.202,-0.809,-0.158,-0.373,0.262,-0.367,-0.161,-0.724,-0.038,-0.346,0.814,-0.093,-0.053,-0.356,0.103,0.604,-0.071,0.284,-0.783,-0.548,-0.287,0.208,-0.111,0.579,-0.626,0.522,-0.386,-0.529,0.527,-0.34,-0.225,-0.508,0.091,0.15,-0.208,-0.591,-0.567,-0.301,-0.437,-0.604,0.283,0.038,0.251,-0.496,-0.465,-0.323,0.703,0.659,0.148,-0.68,-0.185,-0.469,-0.044,0.161,0.068,0.508,-0.692,0.385
ALTR,0.598,0.728,-0.401,0.196,0.334,0.401,0.91,0.918,0.37,-0.003,0.335,-0.605,0.0,0.948,0.127,0.556,-0.707,0.93,0.488,0.487,-0.529,0.768,0.242,0.567,0.833,0.599,0.717,0.203,0.182,-0.366,0.072,0.619,0.89,0.27,-0.793,0.399,0.591,0.632,0.73,0.83,0.827,0.765,0.819,0.556,0.903,0.807,0.641,0.317,-0.24,-0.771,-0.825,0.43,-0.151,0.055,0.944,-0.251,0.01,0.934,0.615,0.434,0.733,0.921,-0.38,0.853,0.48,0.887,0.853,0.201,-0.703,0.88,0.659,-0.11,-0.125,0.947,0.226,-0.739,-0.638,0.8,0.651,-0.261,-0.273,-0.202,0.486,-0.861,0.75,0.659,0.706,0.955,-0.33,0.268,-0.726,0.739,0.032,-0.144,0.882,0.854,0.373,0.866,0.336,0.569,0.275,0.796,0.836,0.783,0.316,-0.73,0.662,0.915,0.771,0.373,0.725,0.677,0.542,0.867,-0.847,0.68,0.329,-0.559,-0.607,0.89,-0.512,0.896,0.86,-0.261,0.693,-0.288,0.841,0.298,0.682,-0.217,0.573,0.681,0.392,0.464,0.239,0.489,0.884,-0.065,-0.403,-0.189,0.587,0.666,-0.233,0.736,0.666,0.028,0.203,0.614,0.596,0.88,0.629,0.686,-0.667,0.517,0.292,0.715,-0.55,-0.377,-0.408,0.201,0.651,0.905,0.748,0.218,0.64,-0.553,0.956,-0.68,0.844,0.911,-0.688,0.784,0.201,0.862,0.439,-0.009,0.811,0.916,0.909,0.856,0.788,0.817,0.257,0.5,-0.647,0.866,0.739,0.748,-0.877,-0.515,0.428,0.869,0.673,0.856,-0.008,0.269,0.442,-0.742,0.779,-0.495
AMBA,0.6,0.759,-0.41,0.13,0.342,0.419,0.885,0.915,0.298,-0.017,0.283,-0.692,0.948,0.0,0.064,0.5,-0.759,0.903,0.511,0.49,-0.511,0.777,0.278,0.57,0.849,0.682,0.713,0.244,0.148,-0.408,0.051,0.524,0.881,0.252,-0.852,0.377,0.593,0.589,0.764,0.848,0.837,0.767,0.787,0.615,0.939,0.836,0.669,0.291,-0.343,-0.777,-0.837,0.412,-0.159,0.029,0.946,-0.175,-0.007,0.896,0.573,0.401,0.719,0.92,-0.491,0.873,0.463,0.877,0.841,0.155,-0.722,0.878,0.686,-0.101,-0.248,0.962,0.209,-0.784,-0.735,0.79,0.692,-0.237,-0.348,-0.2,0.472,-0.873,0.689,0.762,0.712,0.955,-0.331,0.184,-0.739,0.789,0.041,-0.156,0.891,0.859,0.385,0.884,0.257,0.588,0.232,0.809,0.818,0.793,0.283,-0.769,0.655,0.933,0.771,0.315,0.695,0.719,0.549,0.907,-0.842,0.653,0.303,-0.563,-0.582,0.9,-0.528,0.944,0.874,-0.303,0.639,-0.24,0.842,0.228,0.654,-0.32,0.54,0.72,0.349,0.533,0.36,0.491,0.88,-0.112,-0.4,-0.191,0.58,0.707,-0.202,0.765,0.673,-0.006,0.12,0.636,0.55,0.913,0.565,0.701,-0.744,0.528,0.215,0.701,-0.555,-0.385,-0.363,0.15,0.694,0.906,0.734,0.059,0.613,-0.558,0.946,-0.685,0.821,0.905,-0.721,0.758,0.162,0.898,0.404,-0.09,0.752,0.895,0.917,0.776,0.74,0.863,0.194,0.415,-0.663,0.869,0.736,0.754,-0.911,-0.56,0.378,0.906,0.603,0.862,0.047,0.278,0.399,-0.788,0.861,-0.505
AMCX,0.789,0.445,0.319,-0.057,0.396,0.616,0.125,0.071,-0.269,-0.681,0.799,0.443,0.127,0.064,0.0,0.685,-0.206,0.359,-0.311,0.671,-0.672,0.548,0.413,0.697,0.444,0.037,0.623,0.124,-0.044,0.789,-0.552,-0.02,0.23,0.56,-0.004,0.754,0.745,0.506,0.167,0.386,0.435,0.484,0.148,0.334,-0.072,0.002,-0.006,0.867,0.648,-0.179,-0.246,-0.144,0.671,0.509,0.159,-0.556,0.188,0.146,0.71,0.823,0.442,0.332,0.071,0.221,0.783,0.178,0.478,-0.421,-0.555,0.36,0.461,-0.625,0.374,0.015,-0.361,-0.267,0.008,0.081,0.394,-0.555,-0.335,0.583,0.369,0.058,0.259,0.21,0.519,0.055,-0.604,0.644,0.3,0.348,0.624,0.749,0.359,0.28,0.547,0.269,-0.411,-0.339,0.933,0.066,-0.108,0.017,0.867,-0.205,-0.098,0.256,0.394,-0.472,0.486,-0.254,0.656,-0.116,-0.149,0.506,0.747,-0.613,-0.751,-0.018,-0.334,0.046,0.439,0.496,0.514,-0.646,0.498,0.24,-0.212,0.493,0.137,0.115,-0.143,0.185,-0.148,-0.332,0.295,-0.159,0.649,0.515,0.739,0.261,0.3,-0.077,0.703,-0.684,0.615,0.538,0.309,0.146,0.614,0.529,0.254,0.471,0.331,0.497,-0.757,0.601,-0.636,0.757,-0.19,0.341,0.511,0.325,0.722,-0.007,0.126,-0.314,0.477,0.137,-0.337,0.195,-0.303,0.249,0.793,0.143,0.483,-0.023,0.293,0.282,0.292,0.369,0.821,0.528,-0.602,0.395,0.392,0.529,-0.01,0.122,0.653,0.238,0.405,0.437,0.369,0.799,0.838,-0.116,-0.075,-0.028
AMKR,0.766,0.57,0.186,0.225,0.48,0.514,0.567,0.451,0.066,-0.281,0.686,0.11,0.556,0.5,0.685,0.0,-0.431,0.652,0.182,0.646,-0.64,0.74,0.298,0.624,0.607,0.22,0.726,0.364,0.259,0.301,-0.336,0.385,0.553,0.585,-0.208,0.648,0.688,0.698,0.484,0.593,0.677,0.62,0.535,0.384,0.321,0.348,0.415,0.696,0.388,-0.351,-0.447,0.252,0.356,0.55,0.549,-0.418,0.144,0.537,0.766,0.693,0.677,0.632,0.096,0.47,0.69,0.495,0.677,-0.132,-0.68,0.586,0.628,-0.369,0.389,0.47,0.038,-0.388,-0.124,0.403,0.565,-0.384,-0.181,0.264,0.467,-0.353,0.622,0.328,0.68,0.498,-0.474,0.644,-0.102,0.496,0.443,0.418,0.671,0.563,0.439,0.542,0.025,0.092,0.753,0.481,0.385,0.437,0.735,-0.366,0.36,0.564,0.695,-0.128,0.688,0.077,0.648,0.255,-0.441,0.751,0.731,-0.582,-0.699,0.459,-0.51,0.388,0.687,0.209,0.693,-0.541,0.692,0.323,0.18,0.372,0.57,0.48,0.228,0.152,-0.098,0.054,0.617,0.021,0.287,0.279,0.754,0.621,0.113,0.247,0.762,-0.401,0.666,0.549,0.472,0.397,0.822,0.587,-0.059,0.522,0.385,0.644,-0.619,0.195,-0.512,0.654,0.14,0.649,0.641,0.466,0.738,-0.132,0.524,-0.473,0.71,0.586,-0.41,0.588,0.049,0.576,0.671,0.054,0.718,0.471,0.574,0.697,0.589,0.567,0.587,0.686,-0.568,0.651,0.562,0.626,-0.355,0.073,0.713,0.472,0.612,0.619,0.094,0.622,0.732,-0.444,0.279,-0.21
AMRX,-0.654,-0.664,0.472,0.028,-0.344,-0.467,-0.751,-0.667,0.038,0.313,-0.424,0.435,-0.707,-0.759,-0.206,-0.431,0.0,-0.801,-0.209,-0.545,0.539,-0.726,-0.299,-0.597,-0.824,-0.611,-0.654,0.04,-0.002,0.126,0.007,-0.309,-0.646,-0.22,0.777,-0.547,-0.64,-0.522,-0.655,-0.717,-0.822,-0.613,-0.503,-0.568,-0.709,-0.703,-0.443,-0.455,0.241,0.744,0.848,-0.155,-0.086,0.037,-0.775,0.464,-0.062,-0.726,-0.656,-0.536,-0.564,-0.783,0.44,-0.771,-0.579,-0.626,-0.749,0.071,0.815,-0.752,-0.551,0.178,0.307,-0.71,0.011,0.64,0.615,-0.487,-0.616,0.481,0.281,-0.006,-0.266,0.68,-0.491,-0.687,-0.653,-0.764,0.41,-0.121,0.624,-0.655,-0.259,-0.031,-0.706,-0.745,-0.375,-0.681,0.123,-0.37,-0.354,-0.625,-0.5,-0.6,-0.437,0.64,-0.49,-0.767,-0.648,0.031,-0.652,-0.576,-0.682,-0.704,0.847,-0.672,-0.448,0.707,0.699,-0.676,0.452,-0.776,-0.739,0.437,-0.458,0.614,-0.765,-0.166,-0.413,0.315,-0.398,-0.354,-0.045,-0.473,-0.337,-0.05,-0.717,0.08,0.216,-0.03,-0.74,-0.57,0.331,-0.493,-0.673,0.217,-0.026,-0.604,-0.541,-0.706,-0.375,-0.687,0.628,-0.432,-0.149,-0.672,0.62,-0.001,0.695,-0.292,-0.517,-0.749,-0.76,0.163,-0.723,0.44,-0.722,0.53,-0.789,-0.754,0.723,-0.575,0.142,-0.796,-0.477,0.112,-0.657,-0.731,-0.795,-0.738,-0.466,-0.752,-0.302,-0.306,0.794,-0.809,-0.526,-0.662,0.759,0.554,-0.457,-0.772,-0.428,-0.728,-0.178,-0.333,-0.427,0.834,-0.632,0.393
ANSS,0.779,0.836,-0.348,0.09,0.402,0.588,0.914,0.897,0.225,-0.259,0.519,-0.456,0.93,0.903,0.359,0.652,-0.801,0.0,0.358,0.637,-0.721,0.866,0.302,0.755,0.919,0.55,0.863,0.153,0.17,-0.142,-0.131,0.549,0.876,0.396,-0.785,0.615,0.76,0.711,0.711,0.881,0.896,0.834,0.789,0.599,0.834,0.784,0.551,0.549,-0.081,-0.79,-0.891,0.356,0.042,0.124,0.93,-0.444,0.13,0.913,0.807,0.65,0.76,0.964,-0.386,0.879,0.667,0.849,0.935,-0.035,-0.85,0.949,0.725,-0.246,-0.069,0.876,0.12,-0.775,-0.635,0.74,0.683,-0.443,-0.38,-0.065,0.461,-0.822,0.702,0.736,0.786,0.906,-0.541,0.344,-0.648,0.78,0.183,0.031,0.905,0.861,0.453,0.876,0.103,0.479,0.478,0.74,0.737,0.69,0.511,-0.797,0.539,0.937,0.852,0.16,0.776,0.568,0.696,0.78,-0.886,0.753,0.517,-0.717,-0.806,0.843,-0.52,0.871,0.924,-0.188,0.748,-0.494,0.916,0.216,0.513,-0.116,0.585,0.601,0.293,0.495,0.188,0.279,0.89,-0.052,-0.184,-0.003,0.791,0.689,-0.173,0.629,0.814,-0.227,0.31,0.7,0.622,0.865,0.669,0.824,-0.622,0.649,0.264,0.77,-0.747,-0.151,-0.616,0.353,0.513,0.935,0.837,0.188,0.82,-0.578,0.942,-0.693,0.917,0.893,-0.753,0.796,0.024,0.894,0.614,-0.019,0.911,0.867,0.94,0.886,0.759,0.869,0.483,0.583,-0.803,0.93,0.767,0.849,-0.848,-0.475,0.611,0.898,0.723,0.918,0.093,0.472,0.61,-0.758,0.746,-0.528
APPN,0.012,0.375,0.06,-0.04,0.13,0.085,0.565,0.459,0.248,0.267,-0.14,-0.416,0.488,0.511,-0.311,0.182,-0.209,0.358,0.0,-0.006,-0.017,0.234,-0.108,0.023,0.23,0.151,0.204,0.472,0.447,-0.512,0.246,0.403,0.392,0.093,-0.23,-0.084,0.031,0.247,0.357,0.247,0.293,0.251,0.403,0.133,0.445,0.267,0.429,-0.168,-0.253,-0.193,-0.322,0.305,-0.217,0.103,0.444,0.178,0.222,0.468,0.148,-0.125,0.262,0.331,0.139,0.317,-0.06,0.405,0.253,0.173,-0.207,0.372,0.355,0.105,-0.01,0.496,0.468,-0.277,-0.251,0.353,0.204,-0.009,0.232,-0.318,0.32,-0.477,0.305,0.268,0.141,0.468,0.0,-0.07,-0.521,0.274,-0.204,-0.245,0.426,0.323,-0.059,0.332,0.37,0.554,-0.254,0.444,0.527,0.464,-0.232,-0.209,0.458,0.383,0.332,0.269,0.175,0.238,0.045,0.424,-0.253,0.219,-0.146,0.053,0.015,0.516,-0.155,0.419,0.313,-0.16,0.205,0.191,0.255,0.025,0.241,-0.254,0.433,0.56,0.395,0.112,-0.048,0.347,0.378,0.319,-0.321,-0.415,0.077,0.399,0.047,0.332,0.119,0.342,0.088,0.021,-0.036,0.346,0.164,0.157,-0.417,0.237,0.047,0.172,0.101,-0.371,0.116,-0.093,0.287,0.342,0.054,0.177,0.034,-0.274,0.504,-0.298,0.225,0.534,-0.079,0.374,0.245,0.352,-0.143,0.176,0.296,0.525,0.357,0.386,0.401,0.283,-0.128,0.197,0.008,0.333,0.31,0.155,-0.361,-0.033,0.208,0.333,0.234,0.229,-0.235,-0.062,-0.083,-0.302,0.501,-0.37
APTO,0.857,0.666,-0.104,0.092,0.501,0.606,0.413,0.336,-0.125,-0.39,0.859,-0.07,0.487,0.49,0.671,0.646,-0.545,0.637,-0.006,0.0,-0.552,0.892,0.746,0.707,0.738,0.505,0.715,0.218,-0.065,0.401,-0.164,0.077,0.603,0.417,-0.446,0.79,0.833,0.764,0.67,0.758,0.804,0.766,0.423,0.668,0.411,0.376,0.544,0.762,0.205,-0.581,-0.511,-0.217,0.586,0.243,0.594,-0.365,-0.192,0.51,0.796,0.738,0.83,0.659,-0.341,0.602,0.841,0.624,0.748,-0.147,-0.82,0.672,0.712,-0.699,0.101,0.446,-0.461,-0.56,-0.336,0.346,0.783,-0.44,-0.258,0.544,0.606,-0.244,0.588,0.446,0.893,0.538,-0.516,0.69,-0.193,0.744,0.754,0.657,0.716,0.741,0.798,0.693,-0.173,-0.13,0.806,0.38,0.154,0.568,0.821,-0.451,0.51,0.639,0.67,-0.197,0.84,0.115,0.934,0.379,-0.49,0.823,0.649,-0.662,-0.741,0.347,-0.738,0.507,0.716,0.079,0.665,-0.601,0.783,0.467,0.015,0.23,0.273,0.414,-0.052,0.385,0.278,0.168,0.737,-0.247,0.181,0.105,0.784,0.686,0.111,0.442,0.886,-0.465,0.462,0.852,0.463,0.533,0.768,0.757,-0.055,0.398,0.407,0.871,-0.705,0.355,-0.575,0.83,0.399,0.684,0.824,0.345,0.882,-0.278,0.474,-0.715,0.796,0.529,-0.716,0.362,-0.172,0.556,0.848,0.098,0.527,0.377,0.688,0.497,0.621,0.744,0.581,0.55,-0.714,0.767,0.732,0.63,-0.498,-0.253,0.63,0.615,0.471,0.756,0.62,0.717,0.85,-0.485,0.361,0.098
ARCT,-0.828,-0.776,-0.072,0.085,-0.284,-0.774,-0.576,-0.641,-0.04,0.654,-0.601,0.013,-0.529,-0.511,-0.672,-0.64,0.539,-0.721,-0.017,-0.552,0.0,-0.671,-0.156,-0.911,-0.689,-0.124,-0.899,-0.154,-0.23,-0.287,0.703,-0.415,-0.621,-0.623,0.431,-0.779,-0.781,-0.573,-0.305,-0.7,-0.615,-0.721,-0.621,-0.362,-0.446,-0.427,-0.071,-0.758,-0.346,0.398,0.686,-0.234,-0.303,-0.432,-0.584,0.688,-0.413,-0.53,-0.824,-0.809,-0.489,-0.729,0.231,-0.531,-0.753,-0.507,-0.803,0.522,0.779,-0.706,-0.677,0.339,-0.178,-0.461,-0.014,0.587,0.376,-0.536,-0.451,0.629,0.655,-0.049,-0.295,0.545,-0.307,-0.589,-0.583,-0.483,0.843,-0.383,0.157,-0.537,-0.176,-0.249,-0.659,-0.504,-0.355,-0.624,0.377,-0.181,-0.677,-0.365,-0.427,-0.165,-0.61,0.695,0.014,-0.691,-0.656,0.228,-0.512,-0.191,-0.553,-0.325,0.627,-0.508,-0.724,0.741,0.899,-0.508,0.282,-0.482,-0.781,-0.274,-0.738,0.48,-0.75,0.066,-0.157,-0.214,-0.51,-0.324,-0.148,-0.278,0.139,0.149,-0.562,-0.049,-0.34,-0.379,-0.808,-0.42,-0.165,-0.184,-0.799,0.742,-0.516,-0.571,-0.463,-0.575,-0.58,-0.808,0.317,-0.885,0.03,-0.519,0.898,-0.183,0.678,-0.368,0.052,-0.682,-0.633,-0.166,-0.736,0.515,-0.633,0.514,-0.686,-0.551,0.556,-0.619,0.318,-0.669,-0.607,0.047,-0.847,-0.44,-0.671,-0.569,-0.539,-0.63,-0.721,-0.65,0.768,-0.675,-0.631,-0.839,0.525,0.143,-0.645,-0.646,-0.749,-0.716,-0.078,-0.779,-0.758,0.445,-0.473,0.577
ARWR,0.897,0.827,-0.176,0.117,0.562,0.635,0.726,0.646,0.05,-0.326,0.726,-0.295,0.768,0.777,0.548,0.74,-0.726,0.866,0.234,0.892,-0.671,0.0,0.607,0.769,0.883,0.593,0.853,0.293,0.119,0.117,-0.14,0.32,0.806,0.466,-0.647,0.744,0.867,0.841,0.803,0.895,0.95,0.884,0.651,0.714,0.685,0.598,0.693,0.69,0.073,-0.714,-0.732,0.07,0.367,0.252,0.839,-0.372,-0.069,0.781,0.838,0.696,0.919,0.88,-0.376,0.802,0.818,0.821,0.921,-0.079,-0.924,0.878,0.852,-0.532,0.035,0.733,-0.199,-0.714,-0.542,0.569,0.83,-0.432,-0.339,0.257,0.642,-0.598,0.738,0.65,0.953,0.808,-0.568,0.578,-0.446,0.852,0.51,0.397,0.914,0.879,0.676,0.866,-0.012,0.193,0.697,0.668,0.46,0.74,0.714,-0.657,0.637,0.876,0.807,-0.023,0.883,0.382,0.898,0.642,-0.715,0.89,0.636,-0.733,-0.809,0.661,-0.77,0.771,0.899,-0.055,0.766,-0.544,0.936,0.402,0.262,-0.004,0.513,0.595,0.162,0.479,0.26,0.298,0.919,-0.151,0.026,0.015,0.851,0.805,0.008,0.607,0.939,-0.372,0.42,0.85,0.528,0.76,0.817,0.855,-0.369,0.555,0.343,0.918,-0.768,0.067,-0.581,0.669,0.511,0.892,0.88,0.29,0.906,-0.434,0.765,-0.809,0.927,0.791,-0.794,0.602,-0.077,0.777,0.772,0.045,0.758,0.66,0.893,0.725,0.769,0.898,0.515,0.598,-0.809,0.929,0.846,0.787,-0.739,-0.339,0.647,0.815,0.61,0.9,0.419,0.647,0.797,-0.702,0.622,-0.232
ASND,0.555,0.389,-0.253,-0.195,0.466,0.312,0.041,0.045,-0.357,-0.267,0.499,-0.226,0.242,0.278,0.413,0.298,-0.299,0.302,-0.108,0.746,-0.156,0.607,0.0,0.327,0.46,0.676,0.279,-0.022,-0.41,0.357,0.105,-0.388,0.327,0.007,-0.357,0.41,0.646,0.354,0.683,0.51,0.562,0.568,0.029,0.806,0.264,0.029,0.487,0.35,-0.161,-0.549,-0.252,-0.591,0.407,-0.044,0.339,0.052,-0.602,0.211,0.431,0.378,0.691,0.363,-0.474,0.497,0.556,0.519,0.438,0.183,-0.465,0.374,0.563,-0.823,-0.251,0.277,-0.69,-0.539,-0.42,0.201,0.716,-0.276,-0.219,0.599,0.714,0.057,0.334,0.423,0.705,0.3,-0.149,0.504,-0.027,0.72,0.662,0.669,0.453,0.627,0.846,0.477,-0.057,-0.42,0.534,0.27,-0.082,0.532,0.565,-0.122,0.436,0.369,0.242,-0.253,0.699,0.132,0.728,0.354,-0.119,0.529,0.153,-0.426,-0.412,-0.006,-0.795,0.412,0.397,0.075,0.291,-0.34,0.53,0.622,0.021,-0.029,-0.141,0.331,-0.337,0.539,0.633,0.234,0.556,-0.679,-0.021,-0.182,0.394,0.469,0.314,0.5,0.567,-0.219,0.107,0.8,0.168,0.412,0.531,0.463,-0.022,-0.033,0.564,0.768,-0.435,0.317,-0.29,0.7,0.574,0.39,0.522,0.146,0.618,-0.053,0.17,-0.681,0.499,0.259,-0.648,-0.127,-0.082,0.267,0.674,0.256,0.06,0.063,0.427,0.095,0.352,0.622,0.331,0.098,-0.536,0.482,0.558,0.346,-0.292,-0.394,0.176,0.436,0.005,0.507,0.834,0.452,0.591,-0.347,0.163,0.32
ASTH,0.902,0.849,-0.016,-0.115,0.236,0.853,0.565,0.641,-0.03,-0.662,0.729,-0.119,0.567,0.57,0.697,0.624,-0.597,0.755,0.023,0.707,-0.911,0.769,0.327,0.0,0.832,0.293,0.913,0.161,0.111,0.317,-0.567,0.373,0.71,0.553,-0.558,0.866,0.869,0.636,0.453,0.821,0.706,0.81,0.635,0.505,0.531,0.508,0.169,0.784,0.263,-0.484,-0.767,0.118,0.382,0.291,0.651,-0.66,0.298,0.553,0.849,0.855,0.591,0.793,-0.37,0.647,0.839,0.594,0.866,-0.497,-0.859,0.78,0.727,-0.435,0.045,0.506,-0.179,-0.659,-0.443,0.553,0.603,-0.603,-0.64,0.166,0.379,-0.533,0.332,0.656,0.693,0.547,-0.866,0.392,-0.272,0.672,0.328,0.368,0.725,0.624,0.519,0.715,-0.404,0.109,0.734,0.342,0.391,0.264,0.672,-0.768,0.097,0.761,0.725,-0.215,0.626,0.255,0.701,0.43,-0.683,0.562,0.744,-0.818,-0.928,0.53,-0.387,0.559,0.852,0.198,0.784,-0.525,0.831,-0.016,0.093,0.189,0.444,0.343,0.0,0.382,-0.007,-0.032,0.654,-0.032,0.245,0.309,0.844,0.46,0.066,0.276,0.88,-0.669,0.513,0.734,0.567,0.667,0.588,0.91,-0.326,0.863,0.052,0.652,-0.948,0.238,-0.738,0.437,0.128,0.754,0.75,0.133,0.823,-0.566,0.661,-0.602,0.777,0.597,-0.724,0.595,-0.417,0.714,0.717,-0.07,0.812,0.485,0.759,0.562,0.624,0.742,0.733,0.655,-0.825,0.784,0.753,0.875,-0.61,-0.299,0.654,0.746,0.749,0.815,0.238,0.851,0.822,-0.531,0.566,-0.468
ATSG,0.85,0.854,-0.351,-0.024,0.312,0.679,0.773,0.79,0.066,-0.368,0.639,-0.467,0.833,0.849,0.444,0.607,-0.824,0.919,0.23,0.738,-0.689,0.883,0.46,0.832,0.0,0.683,0.846,0.091,-0.028,0.005,-0.131,0.418,0.869,0.342,-0.836,0.717,0.855,0.687,0.76,0.936,0.922,0.879,0.705,0.72,0.809,0.75,0.503,0.607,-0.11,-0.802,-0.91,0.193,0.217,0.056,0.883,-0.466,0.023,0.805,0.786,0.725,0.773,0.937,-0.521,0.903,0.762,0.827,0.937,-0.11,-0.894,0.916,0.737,-0.381,-0.206,0.803,-0.149,-0.813,-0.658,0.704,0.801,-0.505,-0.458,0.096,0.519,-0.706,0.602,0.783,0.831,0.842,-0.584,0.357,-0.61,0.858,0.362,0.228,0.888,0.887,0.632,0.875,-0.085,0.293,0.577,0.623,0.605,0.651,0.603,-0.799,0.499,0.917,0.793,0.031,0.815,0.574,0.807,0.781,-0.851,0.748,0.572,-0.823,-0.845,0.742,-0.566,0.845,0.932,-0.157,0.75,-0.555,0.951,0.271,0.406,-0.107,0.431,0.509,0.069,0.575,0.291,0.245,0.876,-0.178,-0.171,0.047,0.821,0.668,-0.2,0.614,0.879,-0.298,0.288,0.847,0.681,0.885,0.631,0.884,-0.573,0.635,0.307,0.84,-0.817,0.014,-0.701,0.428,0.588,0.916,0.883,0.088,0.866,-0.546,0.852,-0.738,0.942,0.829,-0.879,0.674,-0.146,0.883,0.696,-0.027,0.803,0.771,0.94,0.762,0.745,0.919,0.508,0.544,-0.876,0.958,0.807,0.869,-0.834,-0.602,0.594,0.925,0.671,0.936,0.278,0.604,0.69,-0.783,0.736,-0.41
AVTX,0.445,0.466,-0.552,-0.071,0.244,0.237,0.413,0.462,-0.014,-0.009,0.244,-0.686,0.599,0.682,0.037,0.22,-0.611,0.55,0.151,0.505,-0.124,0.593,0.676,0.293,0.683,0.0,0.321,-0.086,-0.371,-0.172,0.318,-0.028,0.571,-0.127,-0.766,0.239,0.544,0.298,0.821,0.642,0.704,0.595,0.31,0.838,0.684,0.518,0.574,0.114,-0.561,-0.796,-0.578,-0.064,0.008,-0.244,0.64,0.104,-0.508,0.532,0.296,0.265,0.642,0.606,-0.66,0.765,0.399,0.706,0.563,0.38,-0.486,0.565,0.471,-0.383,-0.588,0.667,-0.303,-0.711,-0.703,0.522,0.76,-0.178,-0.28,0.146,0.557,-0.422,0.499,0.676,0.64,0.66,-0.029,0.179,-0.491,0.789,0.334,0.165,0.607,0.783,0.668,0.647,0.186,0.069,0.223,0.566,0.409,0.718,0.316,-0.404,0.598,0.621,0.359,0.133,0.665,0.655,0.583,0.786,-0.496,0.527,0.046,-0.47,-0.375,0.426,-0.623,0.764,0.568,-0.34,0.303,-0.235,0.647,0.541,0.511,-0.421,0.01,0.463,-0.141,0.685,0.772,0.433,0.689,-0.561,-0.504,-0.243,0.358,0.529,-0.172,0.768,0.499,0.095,-0.148,0.728,0.417,0.739,0.379,0.484,-0.535,0.042,0.517,0.72,-0.386,-0.138,-0.289,0.279,0.901,0.613,0.607,-0.147,0.532,-0.227,0.528,-0.633,0.645,0.574,-0.768,0.212,0.121,0.62,0.447,0.024,0.261,0.497,0.665,0.399,0.478,0.764,0.076,0.033,-0.591,0.653,0.558,0.486,-0.643,-0.737,0.078,0.708,0.136,0.644,0.473,0.172,0.316,-0.674,0.544,-0.048
BCPC,0.886,0.88,-0.012,0.075,0.371,0.762,0.743,0.75,0.135,-0.485,0.702,-0.181,0.717,0.713,0.623,0.726,-0.654,0.863,0.204,0.715,-0.899,0.853,0.279,0.913,0.846,0.321,0.0,0.305,0.262,0.167,-0.489,0.484,0.788,0.638,-0.578,0.798,0.842,0.749,0.521,0.847,0.802,0.844,0.756,0.499,0.621,0.631,0.366,0.78,0.238,-0.555,-0.774,0.309,0.292,0.425,0.764,-0.568,0.304,0.726,0.882,0.823,0.694,0.873,-0.278,0.711,0.822,0.699,0.924,-0.371,-0.892,0.864,0.771,-0.357,0.144,0.662,0.016,-0.671,-0.452,0.644,0.639,-0.551,-0.505,0.07,0.442,-0.658,0.562,0.649,0.768,0.694,-0.783,0.494,-0.338,0.694,0.322,0.278,0.838,0.712,0.472,0.811,-0.212,0.281,0.694,0.506,0.555,0.429,0.674,-0.774,0.302,0.845,0.836,-0.066,0.692,0.28,0.711,0.504,-0.753,0.713,0.755,-0.753,-0.893,0.676,-0.435,0.656,0.908,0.121,0.832,-0.499,0.889,0.088,0.264,0.146,0.607,0.524,0.236,0.39,-0.033,0.08,0.762,0.048,0.192,0.275,0.873,0.615,0.051,0.4,0.915,-0.564,0.521,0.693,0.565,0.717,0.721,0.883,-0.368,0.849,0.102,0.704,-0.872,0.095,-0.656,0.467,0.193,0.854,0.799,0.256,0.838,-0.559,0.784,-0.636,0.853,0.735,-0.683,0.75,-0.176,0.804,0.679,-0.056,0.908,0.63,0.83,0.727,0.712,0.791,0.663,0.724,-0.794,0.848,0.765,0.904,-0.678,-0.23,0.733,0.792,0.808,0.861,0.118,0.778,0.803,-0.591,0.631,-0.534
BEAM,0.198,0.221,0.559,0.243,0.142,0.097,0.212,0.175,0.089,0.121,0.197,0.129,0.203,0.244,0.124,0.364,0.04,0.153,0.472,0.218,-0.154,0.293,-0.022,0.161,0.091,-0.086,0.305,0.0,0.344,-0.025,-0.253,0.222,0.193,0.511,0.053,0.152,0.099,0.277,0.075,0.194,0.15,0.165,0.256,-0.12,0.091,0.136,0.275,0.225,0.268,0.21,-0.05,0.191,0.162,0.624,0.145,0.025,0.278,0.122,0.215,0.162,0.209,0.175,0.197,0.035,0.181,0.131,0.195,-0.182,-0.205,0.139,0.308,-0.01,0.244,0.13,0.194,-0.007,0.113,0.055,0.299,0.082,0.031,0.086,0.176,-0.14,0.274,-0.012,0.205,0.164,-0.121,0.135,-0.014,0.099,0.137,0.152,0.253,0.081,0.102,0.168,0.009,0.101,0.198,0.131,0.121,0.141,0.183,-0.194,0.179,0.237,0.262,-0.038,0.071,-0.153,0.108,0.015,-0.062,0.233,0.314,0.001,-0.05,0.194,-0.168,0.043,0.285,0.15,0.272,0.164,0.177,-0.058,-0.07,0.229,0.294,0.479,0.163,-0.05,-0.194,0.147,0.16,0.357,0.168,0.034,0.131,0.371,0.232,-0.021,0.257,-0.172,0.225,0.053,0.031,0.093,0.403,0.116,0.124,0.387,0.005,0.123,-0.076,0.014,0.093,0.144,-0.042,0.158,0.159,0.222,0.111,0.028,0.187,-0.075,0.124,0.314,-0.016,0.219,0.042,0.179,0.13,-0.103,0.231,0.138,0.177,0.181,0.245,0.133,0.129,0.306,-0.009,0.136,0.252,0.141,-0.095,0.333,0.214,0.064,0.208,0.168,-0.082,0.299,0.164,-0.116,0.307,-0.056
BILI,-0.009,0.256,0.373,0.213,0.077,0.17,0.418,0.262,0.506,0.152,-0.08,0.003,0.182,0.148,-0.044,0.259,-0.002,0.17,0.447,-0.065,-0.23,0.119,-0.41,0.111,-0.028,-0.371,0.262,0.344,0.0,-0.279,-0.098,0.492,0.212,0.329,0.224,-0.015,-0.085,0.368,-0.022,0.022,0.084,0.087,0.417,-0.205,0.103,0.104,0.215,0.0,0.301,0.179,-0.029,0.466,-0.104,0.368,0.207,0.053,0.396,0.303,0.121,-0.116,0.117,0.18,0.453,-0.057,-0.042,0.105,0.161,-0.212,-0.16,0.21,0.268,0.223,0.555,0.174,0.601,0.084,0.124,0.129,-0.246,0.113,0.19,-0.517,-0.068,-0.399,0.241,-0.031,0.02,0.211,-0.318,0.145,-0.03,-0.062,-0.285,-0.246,0.246,0.007,-0.419,0.169,0.263,0.522,-0.128,0.223,0.36,0.118,-0.17,-0.087,0.203,0.177,0.349,0.314,-0.036,-0.153,-0.115,-0.056,-0.138,0.139,0.135,0.227,-0.042,0.424,0.019,0.09,0.151,0.055,0.22,0.186,0.044,-0.274,-0.021,0.041,0.825,0.207,0.717,-0.34,-0.506,0.137,0.168,0.623,0.233,-0.036,0.118,0.16,0.103,0.044,0.059,0.041,0.427,-0.27,-0.21,-0.02,0.14,0.119,-0.136,0.321,-0.355,-0.101,0.052,-0.334,0.168,-0.074,-0.298,0.219,-0.104,0.35,-0.069,-0.372,0.285,-0.075,0.062,0.23,0.238,0.443,0.147,0.069,-0.295,-0.142,0.358,0.27,0.117,0.305,0.279,0.013,-0.064,0.397,0.194,0.127,0.142,0.039,-0.107,0.576,0.289,0.058,0.365,0.029,-0.42,0.01,0.042,0.069,0.209,-0.489
BJRI,0.412,0.056,0.346,-0.157,0.218,0.36,-0.356,-0.411,-0.554,-0.607,0.582,0.686,-0.366,-0.408,0.789,0.301,0.126,-0.142,-0.512,0.401,-0.287,0.117,0.357,0.317,0.005,-0.172,0.167,-0.025,-0.279,0.0,-0.496,-0.333,-0.224,0.284,0.326,0.515,0.42,0.147,-0.158,-0.017,-0.002,0.086,-0.293,0.071,-0.483,-0.423,-0.318,0.611,0.638,0.194,0.158,-0.469,0.668,0.339,-0.302,-0.42,0.058,-0.333,0.369,0.559,0.029,-0.165,0.209,-0.191,0.534,-0.259,-0.001,-0.383,-0.138,-0.11,0.09,-0.566,0.325,-0.464,-0.561,0.094,0.303,-0.281,0.123,-0.4,-0.176,0.756,0.138,0.553,-0.142,-0.145,0.125,-0.417,-0.299,0.404,0.577,-0.012,0.632,0.801,-0.126,-0.141,0.408,-0.162,-0.563,-0.649,0.73,-0.36,-0.542,-0.332,0.677,0.214,-0.401,-0.218,-0.072,-0.696,0.182,-0.499,0.384,-0.492,0.274,0.134,0.469,-0.281,-0.366,-0.528,-0.096,-0.402,-0.032,0.616,0.153,-0.454,0.074,0.154,-0.491,0.575,-0.27,-0.171,-0.474,-0.021,-0.146,-0.529,-0.159,-0.16,0.724,0.467,0.382,-0.151,0.399,-0.413,0.319,-0.64,0.445,0.252,0.117,-0.283,0.224,0.154,0.642,0.114,0.249,0.17,-0.389,0.823,-0.41,0.632,-0.402,-0.147,0.164,0.216,0.376,0.291,-0.386,0.023,0.056,-0.278,-0.029,-0.275,-0.415,-0.168,0.588,0.275,-0.018,-0.491,-0.173,-0.171,-0.101,-0.049,0.658,0.199,-0.242,-0.052,0.023,0.131,0.39,0.257,0.351,-0.193,0.036,-0.008,0.444,0.613,0.551,0.2,-0.443,0.324
BLUE,-0.434,-0.3,-0.439,0.143,0.041,-0.47,0.005,-0.15,0.194,0.611,-0.365,-0.409,0.072,0.051,-0.552,-0.336,0.007,-0.131,0.246,-0.164,0.703,-0.14,0.105,-0.567,-0.131,0.318,-0.489,-0.253,-0.098,-0.496,0.0,-0.114,-0.07,-0.581,-0.061,-0.509,-0.375,-0.088,0.273,-0.193,-0.013,-0.214,-0.193,0.137,0.105,0.028,0.436,-0.554,-0.504,-0.225,0.172,-0.104,-0.314,-0.584,0.04,0.566,-0.542,0.127,-0.435,-0.592,0.081,-0.152,-0.002,0.038,-0.434,0.081,-0.257,0.707,0.277,-0.093,-0.236,0.146,-0.246,0.138,0.03,0.115,-0.098,-0.127,-0.096,0.403,0.623,-0.159,0.043,0.01,0.224,-0.146,-0.061,0.145,0.634,-0.109,-0.322,-0.015,-0.097,-0.274,-0.078,0.103,-0.077,-0.076,0.665,0.194,-0.5,0.213,0.011,0.453,-0.407,0.322,0.579,-0.134,-0.151,0.525,0.033,0.221,-0.077,0.233,0.082,0.009,-0.557,0.387,0.467,0.056,-0.155,0.132,-0.272,-0.541,-0.365,0.136,-0.218,0.409,0.219,-0.469,-0.143,0.005,0.146,0.034,0.351,0.452,0.07,-0.126,-0.593,-0.556,-0.366,0.043,-0.361,0.392,-0.372,0.877,-0.363,-0.137,-0.171,-0.026,-0.213,-0.345,-0.163,-0.701,0.262,0.017,0.558,-0.402,0.357,-0.116,0.517,-0.083,-0.17,0.017,-0.279,0.101,-0.049,-0.029,-0.109,-0.025,0.105,-0.17,0.43,-0.207,-0.329,0.121,-0.382,0.155,-0.081,-0.035,-0.01,-0.075,-0.597,-0.357,0.324,-0.065,-0.164,-0.437,-0.025,-0.211,-0.319,-0.083,-0.4,-0.174,0.061,-0.675,-0.436,-0.001,-0.065,0.331
