,AAL,AAON,ACB,ACGL,ACGLO,ACIW,ADBE,ADSK,AEP,AGIO,ALEC,ALNY,ALTR,AMBA,AMCX,AMKR,AMRX,ANSS,APPN,APTO,ARCT,ARWR,ASND,ASTH,ATSG,AVTX,BCPC,BEAM,BILI,BJRI,BLUE,BPOP,BRKL,BWIN,BZUN,CARG,CBRL,CBSH,CBUS,CENTA,CERS,CFFN,CHCO,CHEF,CHRD,CINF,CLLS,CMCO,CMCSA,COLL,COMM,COOP,CPB,CRON,CROX,CRUS,CRWD,CTAS,CYBR,CYTK,DGII,DIOD,DOMO,DPZ,DSGR,DXCM,ERIE,ESTA,EXEL,FAST,FCEL,FCFS,FHB,FITBI,FSV,FTDR,FUTU,GLDD,GLPG,GLPI,GOGO,GOSS,GSAT,GYRE,HALO,HAS,HLIT,HLNE,HSDT,HSIC,HTHT,ICHR,IDYA,IMVT,INDB,INSM,IONS,IOSP,ITRI,JBHT,JBLU,JSM,KLIC,KOD,KURA,LAB,LASR,LIN,LKQ,LNT,MBUU,MCRI,MDGL,MEDP,MGNI,MGPI,MGRC,MKTX,MRNA,MRTN,MSEX,MSFT,MU,NAVI,NBTB,NEO,NEOG,NGNE,NSSC,NTAP,NTES,NTLA,NTRS,NYMTN,OBLG,OCFC,ON,ONC,OPI,OSIS,OSW,PALI,PANW,PCAR,PCRX,PCTY,PEBO,PLAB,PLAY,PLMR,PLSE,PLUS,PRTA,PSEC,PSNL,PTCT,PTON,QNST,QRVO,QTTB,RARE,RBCAA,RGNX,SAIC,SGMO,SINT,SNPS,SPSC,SPTN,SSYS,STNE,TBBK,TCPC,TENB,TGTX,TREE,TRUP,TTWO,TW,TXG,UBSI,UCTT,UFPT,UMBF,UPBD,URBN,VBTX,VCTR,VEON,VNET,VRSK,VSEC,WABC,WTFCM,WVE,WW,WWD,XEL,ZD,ZYME
AAL,0.0,-0.469,-0.27,0.859,0.637,-0.163,-0.455,-0.512,0.601,0.012,0.486,-0.332,-0.065,-0.541,0.708,0.077,0.74,-0.469,-0.339,-0.386,-0.382,-0.525,-0.526,0.872,0.356,-0.493,0.731,-0.009,-0.533,0.809,0.662,0.856,0.756,-0.023,-0.437,-0.559,0.795,0.812,-0.529,0.755,-0.467,0.588,0.692,0.531,0.769,0.785,-0.218,0.739,0.786,0.255,0.874,0.834,0.677,-0.358,0.349,-0.45,-0.447,0.391,-0.537,0.704,-0.34,0.503,0.009,0.174,0.79,-0.69,-0.638,-0.691,0.695,0.469,-0.271,0.73,0.676,0.659,-0.117,0.455,-0.447,0.078,-0.584,0.524,-0.691,-0.034,-0.293,-0.354,-0.29,0.616,0.794,-0.286,0.161,0.643,0.399,0.603,0.812,0.027,0.702,-0.6,-0.303,0.669,-0.395,0.703,0.896,0.641,0.234,0.232,-0.612,-0.418,-0.571,0.738,0.738,0.722,0.804,0.693,-0.338,0.331,-0.274,0.025,0.779,-0.34,-0.274,0.377,0.494,-0.043,0.267,0.735,0.733,-0.162,0.286,-0.659,0.69,0.249,-0.61,0.18,0.865,0.723,-0.369,0.848,0.034,0.003,0.808,0.723,0.465,0.15,-0.653,0.578,-0.27,-0.267,0.708,-0.343,0.833,-0.731,-0.407,0.73,0.597,0.476,-0.474,-0.268,-0.604,-0.548,0.419,-0.538,-0.413,0.808,-0.052,0.526,-0.36,-0.268,-0.535,0.035,0.56,-0.459,-0.7,0.754,0.863,-0.443,0.482,-0.628,-0.469,-0.613,0.713,-0.218,0.753,0.692,-0.013,0.799,0.816,0.846,0.867,0.87,0.537,-0.484,-0.299,0.743,0.64,0.677,0.06,0.587,0.821,0.436,0.864,-0.582
AAON,-0.469,0.0,0.716,-0.61,-0.374,0.346,0.789,0.743,-0.623,0.298,0.097,0.772,0.369,0.602,-0.648,0.675,-0.428,0.729,0.682,0.622,0.616,0.85,0.845,-0.481,-0.493,0.719,-0.618,0.503,0.657,-0.59,-0.422,-0.612,-0.712,0.359,0.671,0.664,-0.7,-0.568,0.708,-0.706,0.557,-0.582,-0.7,-0.255,-0.578,-0.68,0.595,-0.656,-0.716,0.228,-0.528,-0.665,-0.59,0.744,0.08,0.769,0.719,-0.352,0.723,-0.295,0.847,-0.092,0.514,0.139,-0.512,0.873,0.787,0.791,-0.221,0.237,0.638,-0.784,-0.478,-0.743,0.168,-0.357,0.68,0.453,0.56,0.303,0.514,0.344,0.701,0.46,0.768,-0.518,-0.274,0.666,0.378,-0.308,0.19,-0.05,-0.587,0.208,-0.642,0.245,0.581,-0.267,0.409,-0.711,-0.514,-0.25,0.447,0.219,0.226,0.634,0.76,-0.501,-0.725,-0.586,-0.558,-0.138,0.74,0.146,0.694,0.385,-0.37,0.814,0.625,-0.576,-0.422,0.198,0.325,-0.679,-0.717,0.66,0.353,0.741,-0.72,0.071,0.576,0.344,-0.608,-0.748,0.724,-0.677,0.467,0.454,-0.673,-0.468,-0.16,0.272,0.798,-0.429,0.802,0.763,-0.611,0.558,-0.634,0.797,0.683,-0.652,-0.153,-0.04,0.782,-0.094,0.751,0.677,0.183,0.78,0.861,-0.642,0.33,-0.228,0.524,0.486,0.799,0.191,-0.695,0.815,0.817,-0.729,-0.709,0.667,-0.115,0.771,0.793,0.795,-0.292,0.686,-0.693,-0.187,-0.211,-0.73,-0.416,-0.682,-0.676,-0.509,-0.254,0.818,0.173,-0.543,-0.589,-0.73,0.152,-0.798,-0.129,-0.387,-0.572,0.803
ACB,-0.27,0.716,0.0,-0.485,0.095,0.646,0.895,0.89,-0.284,0.579,0.2,0.862,0.597,0.774,-0.607,0.784,-0.086,0.882,0.932,0.902,0.931,0.889,0.792,-0.273,-0.234,0.919,-0.564,0.869,0.668,-0.482,-0.331,-0.549,-0.645,0.572,0.905,0.86,-0.527,-0.441,0.805,-0.483,0.836,-0.696,-0.61,-0.279,-0.609,-0.604,0.912,-0.64,-0.514,0.413,-0.344,-0.461,-0.28,0.982,0.557,0.868,0.912,-0.054,0.89,0.143,0.831,0.326,0.756,0.554,-0.393,0.803,0.802,0.638,0.098,0.557,0.836,-0.676,-0.55,-0.557,0.326,0.074,0.861,0.237,0.441,0.325,0.339,0.724,0.906,0.733,0.866,-0.529,-0.016,0.695,0.777,0.057,0.487,0.403,-0.392,0.422,-0.568,0.365,0.903,-0.323,0.059,-0.547,-0.373,0.254,0.621,0.465,0.392,0.857,0.858,-0.191,-0.615,-0.26,-0.286,-0.24,0.627,0.306,0.908,0.406,-0.058,0.705,0.859,-0.474,0.054,0.542,0.389,-0.539,-0.618,0.911,0.613,0.721,-0.62,0.537,0.797,0.777,-0.382,-0.633,0.947,-0.553,0.695,0.793,-0.538,-0.425,-0.389,0.71,0.865,-0.0,0.765,0.925,-0.481,0.784,-0.473,0.808,0.869,-0.602,0.225,0.406,0.939,-0.099,0.862,0.672,0.523,0.873,0.909,-0.508,0.622,0.235,0.839,0.631,0.908,0.561,-0.544,0.895,0.709,-0.525,-0.48,0.846,0.299,0.831,0.902,0.821,-0.283,0.871,-0.647,0.294,-0.364,-0.665,-0.312,-0.613,-0.476,-0.191,0.133,0.867,0.5,-0.442,-0.571,-0.54,0.52,-0.655,0.122,-0.068,-0.351,0.821
ACGL,0.859,-0.61,-0.485,0.0,0.573,-0.191,-0.652,-0.699,0.723,-0.169,0.449,-0.561,-0.124,-0.598,0.873,-0.198,0.772,-0.685,-0.507,-0.6,-0.529,-0.728,-0.672,0.868,0.502,-0.679,0.825,-0.225,-0.715,0.931,0.817,0.934,0.904,-0.232,-0.631,-0.661,0.919,0.876,-0.744,0.914,-0.544,0.79,0.868,0.607,0.79,0.936,-0.367,0.888,0.926,0.108,0.929,0.929,0.707,-0.568,0.263,-0.67,-0.604,0.594,-0.679,0.549,-0.579,0.448,-0.077,0.072,0.883,-0.831,-0.787,-0.838,0.68,0.272,-0.365,0.829,0.75,0.874,-0.15,0.471,-0.5,0.106,-0.7,0.229,-0.524,-0.191,-0.462,-0.397,-0.533,0.855,0.71,-0.545,-0.096,0.605,0.121,0.385,0.935,0.072,0.887,-0.463,-0.459,0.696,-0.44,0.904,0.882,0.465,-0.043,0.227,-0.554,-0.577,-0.734,0.789,0.922,0.795,0.88,0.716,-0.407,0.185,-0.497,-0.095,0.65,-0.408,-0.465,0.581,0.57,0.044,0.123,0.897,0.896,-0.435,0.149,-0.664,0.828,0.073,-0.7,-0.03,0.885,0.845,-0.598,0.917,-0.191,-0.21,0.927,0.8,0.398,-0.063,-0.757,0.665,-0.43,-0.45,0.858,-0.509,0.929,-0.79,-0.517,0.924,0.478,0.225,-0.678,0.022,-0.649,-0.518,0.222,-0.73,-0.628,0.872,0.025,0.424,-0.519,-0.282,-0.716,0.006,0.811,-0.658,-0.846,0.906,0.946,-0.509,0.465,-0.802,-0.617,-0.794,0.811,-0.469,0.851,0.55,-0.025,0.919,0.908,0.927,0.933,0.864,0.523,-0.676,-0.252,0.865,0.815,0.858,-0.001,0.821,0.565,0.536,0.944,-0.696
ACGLO,0.637,-0.374,0.095,0.573,0.0,0.461,-0.15,-0.073,0.774,0.409,0.575,-0.134,0.078,-0.111,0.36,0.156,0.842,-0.012,0.12,0.086,0.13,-0.235,-0.284,0.719,0.583,-0.104,0.543,0.438,-0.463,0.467,0.5,0.532,0.53,0.275,-0.023,-0.023,0.621,0.624,-0.269,0.699,0.153,0.215,0.563,0.28,0.259,0.516,0.199,0.344,0.646,0.548,0.683,0.614,0.794,0.048,0.773,-0.101,-0.08,0.646,-0.066,0.862,-0.181,0.813,0.352,0.729,0.587,-0.385,-0.288,-0.55,0.789,0.563,0.159,0.496,0.308,0.614,-0.125,0.799,0.061,0.005,-0.519,0.261,-0.428,0.486,0.081,0.076,0.031,0.331,0.642,0.051,0.511,0.835,0.436,0.661,0.644,0.499,0.55,-0.108,0.169,0.426,-0.778,0.533,0.623,0.81,0.209,0.505,-0.123,0.175,-0.184,0.807,0.518,0.831,0.771,0.344,-0.002,0.17,0.101,0.175,0.798,-0.274,0.141,0.413,0.882,0.479,0.086,0.521,0.58,0.187,0.613,-0.226,0.447,0.709,-0.043,0.602,0.718,0.535,-0.011,0.606,0.141,0.456,0.633,0.567,-0.186,0.571,-0.198,0.774,0.019,0.127,0.635,0.171,0.643,-0.295,0.118,0.41,0.769,0.642,-0.067,-0.154,-0.099,-0.278,0.447,-0.143,-0.117,0.661,0.294,0.89,0.183,0.129,-0.16,0.634,0.578,-0.053,-0.526,0.612,0.614,0.088,0.857,-0.218,-0.088,-0.361,0.415,-0.009,0.428,0.826,-0.481,0.494,0.57,0.525,0.691,0.799,0.782,-0.184,0.379,0.599,0.467,0.653,0.165,0.344,0.627,0.787,0.686,-0.147
ACIW,-0.163,0.346,0.646,-0.191,0.461,0.0,0.478,0.63,0.267,0.805,0.444,0.447,0.25,0.505,-0.432,0.4,0.25,0.687,0.655,0.652,0.682,0.452,0.321,-0.058,0.429,0.595,-0.066,0.78,0.035,-0.313,-0.2,-0.218,-0.195,0.712,0.514,0.717,-0.114,-0.012,0.33,-0.002,0.823,-0.403,-0.096,-0.056,-0.518,-0.181,0.674,-0.411,-0.111,0.618,-0.101,-0.188,0.212,0.678,0.68,0.578,0.503,0.398,0.667,0.366,0.41,0.607,0.614,0.85,-0.174,0.456,0.485,0.228,0.392,0.36,0.618,-0.279,-0.169,-0.07,0.016,0.55,0.706,0.278,0.193,-0.071,0.413,0.83,0.612,0.452,0.632,-0.251,0.064,0.606,0.713,0.544,0.256,0.319,-0.038,0.76,-0.089,0.594,0.759,0.045,-0.552,-0.162,-0.019,0.343,0.168,0.532,0.533,0.798,0.581,0.286,-0.197,0.215,0.159,-0.229,0.603,-0.174,0.675,0.656,0.221,0.268,0.545,0.003,0.547,0.643,-0.013,-0.223,-0.115,0.583,0.668,0.602,-0.214,0.829,0.717,0.673,0.027,-0.245,0.637,-0.169,0.321,0.749,-0.085,-0.01,-0.578,0.702,0.628,0.325,0.698,0.664,0.064,0.85,-0.062,0.585,0.759,-0.315,0.271,0.532,0.591,0.176,0.682,0.424,0.249,0.618,0.536,-0.03,0.522,0.646,0.795,0.689,0.55,0.846,-0.035,0.59,0.223,-0.085,-0.246,0.766,0.569,0.624,0.612,0.322,-0.25,0.368,-0.276,0.337,-0.714,-0.277,-0.106,-0.286,-0.072,0.136,0.376,0.467,0.869,-0.004,-0.04,-0.007,0.223,-0.397,0.188,0.515,-0.072,0.696
ADBE,-0.455,0.789,0.895,-0.652,-0.15,0.478,0.0,0.932,-0.494,0.395,0.047,0.89,0.595,0.798,-0.704,0.768,-0.315,0.903,0.911,0.888,0.88,0.955,0.894,-0.431,-0.457,0.893,-0.725,0.724,0.826,-0.613,-0.443,-0.694,-0.798,0.505,0.934,0.859,-0.716,-0.631,0.872,-0.672,0.783,-0.787,-0.772,-0.416,-0.656,-0.766,0.827,-0.717,-0.662,0.238,-0.513,-0.623,-0.456,0.904,0.298,0.93,0.935,-0.267,0.872,-0.085,0.898,0.107,0.673,0.373,-0.575,0.89,0.875,0.814,-0.154,0.432,0.79,-0.77,-0.672,-0.698,0.314,-0.152,0.819,0.196,0.534,0.303,0.402,0.528,0.869,0.701,0.874,-0.618,-0.164,0.696,0.575,-0.204,0.422,0.286,-0.584,0.252,-0.741,0.28,0.819,-0.447,0.283,-0.745,-0.601,0.054,0.657,0.383,0.344,0.799,0.882,-0.398,-0.763,-0.473,-0.507,-0.287,0.63,0.391,0.863,0.315,-0.283,0.772,0.858,-0.633,-0.207,0.484,0.451,-0.657,-0.78,0.9,0.456,0.738,-0.703,0.345,0.823,0.629,-0.575,-0.751,0.897,-0.719,0.72,0.671,-0.726,-0.549,-0.362,0.521,0.893,-0.265,0.73,0.898,-0.672,0.718,-0.665,0.856,0.784,-0.734,0.083,0.206,0.959,-0.141,0.871,0.731,0.469,0.903,0.936,-0.696,0.485,-0.016,0.77,0.489,0.973,0.393,-0.687,0.912,0.876,-0.737,-0.654,0.803,0.083,0.863,0.919,0.933,-0.385,0.911,-0.774,0.104,-0.214,-0.804,-0.474,-0.759,-0.666,-0.42,-0.122,0.958,0.347,-0.602,-0.733,-0.704,0.371,-0.771,-0.049,-0.296,-0.526,0.839
ADSK,-0.512,0.743,0.89,-0.699,-0.073,0.63,0.932,0.0,-0.397,0.573,0.079,0.825,0.424,0.798,-0.812,0.663,-0.283,0.966,0.892,0.912,0.895,0.934,0.828,-0.503,-0.288,0.926,-0.679,0.761,0.718,-0.732,-0.57,-0.737,-0.79,0.599,0.912,0.919,-0.712,-0.596,0.852,-0.661,0.887,-0.843,-0.749,-0.478,-0.759,-0.772,0.813,-0.817,-0.692,0.391,-0.58,-0.701,-0.373,0.927,0.324,0.947,0.868,-0.24,0.904,-0.015,0.828,0.143,0.613,0.461,-0.631,0.906,0.888,0.752,-0.121,0.322,0.739,-0.754,-0.661,-0.7,0.204,-0.047,0.83,0.132,0.551,0.17,0.446,0.666,0.831,0.674,0.904,-0.717,-0.253,0.801,0.632,-0.124,0.381,0.218,-0.631,0.384,-0.726,0.402,0.865,-0.433,0.139,-0.764,-0.596,0.074,0.488,0.325,0.456,0.908,0.926,-0.38,-0.767,-0.412,-0.487,-0.449,0.701,0.145,0.869,0.383,-0.226,0.625,0.866,-0.568,-0.094,0.463,0.242,-0.726,-0.754,0.876,0.47,0.827,-0.731,0.461,0.896,0.631,-0.537,-0.766,0.934,-0.721,0.596,0.749,-0.718,-0.527,-0.513,0.588,0.934,-0.226,0.791,0.904,-0.628,0.861,-0.679,0.885,0.85,-0.806,0.111,0.29,0.964,-0.095,0.888,0.645,0.337,0.938,0.923,-0.654,0.432,0.111,0.839,0.603,0.964,0.543,-0.676,0.935,0.806,-0.715,-0.72,0.845,0.107,0.937,0.917,0.884,-0.504,0.802,-0.788,0.07,-0.32,-0.823,-0.576,-0.774,-0.663,-0.421,-0.098,0.892,0.541,-0.624,-0.701,-0.654,0.266,-0.842,-0.07,-0.143,-0.572,0.893
AEP,0.601,-0.623,-0.284,0.723,0.774,0.267,-0.494,-0.397,0.0,0.219,0.499,-0.469,-0.258,-0.455,0.512,-0.231,0.849,-0.362,-0.294,-0.326,-0.225,-0.602,-0.644,0.663,0.776,-0.431,0.711,0.017,-0.74,0.597,0.519,0.687,0.728,0.088,-0.392,-0.272,0.791,0.788,-0.646,0.872,-0.142,0.45,0.757,0.27,0.354,0.784,-0.109,0.554,0.808,0.397,0.718,0.692,0.889,-0.33,0.425,-0.41,-0.441,0.634,-0.414,0.749,-0.527,0.637,0.019,0.481,0.601,-0.66,-0.566,-0.745,0.773,0.253,-0.238,0.723,0.486,0.833,-0.28,0.825,-0.272,-0.152,-0.597,-0.048,-0.267,0.108,-0.225,-0.204,-0.327,0.604,0.493,-0.302,0.133,0.817,0.223,0.406,0.775,0.442,0.742,-0.136,-0.141,0.512,-0.826,0.778,0.757,0.632,-0.106,0.385,-0.18,-0.143,-0.51,0.876,0.8,0.96,0.865,0.246,-0.156,-0.105,-0.306,0.097,0.721,-0.517,-0.194,0.576,0.875,0.367,-0.041,0.639,0.796,-0.25,0.325,-0.424,0.69,0.47,-0.265,0.169,0.843,0.746,-0.354,0.755,-0.178,0.168,0.81,0.799,-0.161,0.277,-0.467,0.725,-0.255,-0.235,0.796,-0.058,0.764,-0.531,-0.285,0.661,0.586,0.385,-0.434,0.15,-0.359,-0.462,0.173,-0.455,-0.477,0.767,0.147,0.774,-0.081,0.067,-0.483,0.44,0.746,-0.43,-0.799,0.792,0.724,-0.177,0.601,-0.506,-0.462,-0.688,0.481,-0.434,0.607,0.62,-0.402,0.731,0.606,0.742,0.814,0.83,0.552,-0.541,0.301,0.698,0.68,0.859,-0.117,0.566,0.477,0.924,0.781,-0.428
AGIO,0.012,0.298,0.579,-0.169,0.409,0.805,0.395,0.573,0.219,0.0,0.476,0.505,-0.035,0.326,-0.483,0.367,0.176,0.63,0.498,0.553,0.499,0.394,0.238,-0.019,0.369,0.493,-0.028,0.661,0.001,-0.329,-0.36,-0.148,-0.168,0.743,0.427,0.568,-0.137,0.069,0.221,-0.06,0.625,-0.402,-0.123,-0.082,-0.356,-0.137,0.512,-0.394,-0.141,0.729,-0.092,-0.204,0.227,0.598,0.536,0.555,0.329,0.168,0.52,0.483,0.385,0.438,0.406,0.688,-0.14,0.404,0.415,0.2,0.462,0.328,0.355,-0.162,-0.031,-0.173,-0.129,0.418,0.455,0.205,0.192,0.152,0.179,0.759,0.47,0.153,0.648,-0.339,0.077,0.653,0.669,0.514,0.375,0.332,-0.074,0.63,-0.117,0.348,0.717,0.101,-0.457,-0.229,0.108,0.466,0.174,0.354,0.349,0.699,0.432,0.256,-0.205,0.22,0.182,-0.221,0.585,-0.251,0.571,0.74,0.322,0.182,0.474,-0.166,0.378,0.33,-0.018,-0.277,-0.1,0.536,0.568,0.441,-0.228,0.751,0.554,0.55,0.13,-0.267,0.607,-0.097,0.235,0.733,-0.062,0.082,-0.384,0.65,0.5,0.178,0.696,0.577,0.04,0.811,-0.087,0.393,0.608,-0.354,0.29,0.592,0.516,-0.007,0.449,0.12,0.229,0.503,0.493,0.016,0.228,0.623,0.642,0.558,0.443,0.751,-0.195,0.481,0.163,-0.09,-0.23,0.533,0.415,0.588,0.479,0.261,-0.199,0.308,-0.174,0.325,-0.525,-0.218,-0.161,-0.178,-0.022,0.179,0.25,0.373,0.666,-0.054,-0.026,-0.066,0.174,-0.465,0.435,0.473,-0.072,0.608
ALEC,0.486,0.097,0.2,0.449,0.575,0.444,0.047,0.079,0.499,0.476,0.0,0.066,0.035,-0.049,0.178,0.35,0.634,0.066,0.17,0.062,0.088,-0.024,-0.045,0.59,0.451,-0.013,0.454,0.419,-0.344,0.294,0.386,0.499,0.41,0.402,-0.01,0.064,0.461,0.627,-0.195,0.477,0.145,0.215,0.422,0.335,0.216,0.449,0.251,0.263,0.407,0.773,0.584,0.383,0.512,0.16,0.49,0.099,-0.003,0.47,0.008,0.606,0.1,0.704,0.543,0.513,0.518,-0.115,-0.192,-0.27,0.766,0.494,0.284,0.363,0.381,0.377,-0.227,0.506,0.179,0.448,-0.312,0.338,-0.002,0.389,0.287,0.031,0.331,0.272,0.552,0.157,0.469,0.623,0.473,0.526,0.528,0.568,0.479,-0.06,0.179,0.654,-0.479,0.357,0.511,0.519,0.314,0.718,-0.31,0.164,-0.067,0.623,0.411,0.553,0.589,0.49,0.529,0.134,0.266,0.5,0.514,0.097,0.193,0.181,0.59,0.463,0.371,0.341,0.446,0.215,0.757,0.109,0.345,0.499,-0.009,0.475,0.573,0.352,0.128,0.483,0.137,0.541,0.482,0.668,-0.068,0.444,-0.032,0.472,0.44,0.329,0.525,0.267,0.499,-0.075,0.186,0.333,0.605,0.379,0.06,-0.074,0.084,0.014,0.432,-0.015,0.136,0.505,0.4,0.633,0.165,0.435,0.005,0.591,0.358,0.123,-0.292,0.421,0.307,0.248,0.695,-0.051,0.111,-0.209,0.541,0.035,0.349,0.568,-0.473,0.388,0.509,0.433,0.498,0.571,0.422,0.033,0.147,0.557,0.429,0.394,-0.096,0.052,0.587,0.58,0.557,0.108
ALNY,-0.332,0.772,0.862,-0.561,-0.134,0.447,0.89,0.825,-0.469,0.505,0.066,0.0,0.47,0.697,-0.652,0.763,-0.305,0.851,0.81,0.806,0.789,0.877,0.822,-0.378,-0.462,0.829,-0.706,0.662,0.746,-0.534,-0.495,-0.612,-0.745,0.489,0.865,0.805,-0.674,-0.555,0.765,-0.636,0.669,-0.743,-0.756,-0.376,-0.569,-0.68,0.741,-0.661,-0.647,0.227,-0.474,-0.579,-0.399,0.861,0.311,0.899,0.831,-0.31,0.774,0.007,0.868,0.058,0.538,0.313,-0.506,0.836,0.852,0.772,-0.039,0.46,0.642,-0.721,-0.566,-0.681,0.217,-0.162,0.677,0.167,0.441,0.426,0.302,0.487,0.791,0.541,0.817,-0.558,-0.186,0.659,0.577,-0.158,0.468,0.291,-0.542,0.245,-0.714,0.193,0.862,-0.412,0.32,-0.685,-0.465,0.111,0.647,0.286,0.291,0.753,0.787,-0.386,-0.713,-0.436,-0.451,-0.258,0.567,0.277,0.779,0.355,-0.145,0.761,0.793,-0.693,-0.247,0.329,0.471,-0.621,-0.741,0.851,0.393,0.649,-0.702,0.329,0.712,0.549,-0.485,-0.768,0.876,-0.657,0.724,0.636,-0.665,-0.513,-0.284,0.547,0.819,-0.318,0.71,0.833,-0.64,0.679,-0.615,0.757,0.717,-0.712,0.044,0.231,0.895,-0.101,0.753,0.609,0.488,0.822,0.886,-0.637,0.384,0.009,0.717,0.375,0.877,0.327,-0.727,0.837,0.816,-0.669,-0.587,0.662,0.035,0.83,0.823,0.87,-0.319,0.89,-0.665,0.121,-0.135,-0.733,-0.438,-0.665,-0.572,-0.325,-0.122,0.87,0.312,-0.595,-0.68,-0.67,0.51,-0.71,0.076,-0.248,-0.488,0.784
ALTR,-0.065,0.369,0.597,-0.124,0.078,0.25,0.595,0.424,-0.258,-0.035,0.035,0.47,0.0,0.582,-0.042,0.608,0.012,0.402,0.652,0.54,0.61,0.533,0.54,0.018,-0.263,0.525,-0.277,0.556,0.552,-0.003,0.228,-0.203,-0.303,0.208,0.571,0.417,-0.208,-0.3,0.559,-0.175,0.486,-0.255,-0.276,0.097,-0.164,-0.307,0.637,-0.131,-0.113,-0.121,-0.013,0.0,-0.291,0.55,0.485,0.401,0.702,0.217,0.565,-0.049,0.515,0.329,0.682,0.304,-0.058,0.403,0.428,0.397,-0.038,0.533,0.737,-0.4,-0.327,-0.159,0.56,0.005,0.653,0.287,0.266,0.266,0.144,0.343,0.538,0.667,0.381,-0.089,0.265,0.22,0.442,-0.016,0.232,0.452,-0.038,0.051,-0.241,0.175,0.434,-0.184,0.126,-0.2,-0.241,0.103,0.561,0.442,0.21,0.335,0.531,-0.037,-0.306,-0.222,-0.117,0.213,0.117,0.664,0.572,0.101,-0.125,0.589,0.447,-0.185,0.061,0.517,0.492,-0.037,-0.326,0.571,0.385,0.336,-0.19,0.249,0.434,0.62,-0.247,-0.251,0.469,-0.269,0.682,0.322,-0.26,-0.369,-0.011,0.301,0.435,0.19,0.254,0.549,-0.244,0.233,-0.135,0.448,0.502,-0.127,0.116,0.206,0.526,0.008,0.553,0.671,0.579,0.468,0.518,-0.285,0.659,0.001,0.42,0.226,0.541,0.192,-0.12,0.476,0.475,-0.221,-0.066,0.549,0.334,0.326,0.605,0.517,0.014,0.676,-0.319,0.334,-0.076,-0.317,0.14,-0.354,-0.205,-0.049,0.3,0.604,0.125,-0.115,-0.318,-0.248,0.583,-0.086,0.047,-0.257,-0.027,0.369
AMBA,-0.541,0.602,0.774,-0.598,-0.111,0.505,0.798,0.798,-0.455,0.326,-0.049,0.697,0.582,0.0,-0.589,0.485,-0.361,0.753,0.829,0.804,0.813,0.806,0.747,-0.47,-0.298,0.813,-0.639,0.614,0.713,-0.547,-0.372,-0.634,-0.65,0.433,0.822,0.802,-0.586,-0.566,0.808,-0.557,0.788,-0.591,-0.6,-0.182,-0.599,-0.687,0.69,-0.635,-0.577,0.11,-0.515,-0.526,-0.479,0.804,0.326,0.736,0.82,-0.032,0.834,-0.209,0.629,0.056,0.588,0.286,-0.465,0.777,0.744,0.651,-0.191,0.209,0.785,-0.671,-0.551,-0.557,0.392,-0.154,0.829,0.211,0.498,-0.003,0.5,0.608,0.717,0.741,0.694,-0.586,-0.226,0.532,0.437,-0.25,0.099,0.134,-0.513,0.233,-0.571,0.551,0.747,-0.418,0.231,-0.603,-0.619,-0.064,0.317,0.223,0.535,0.701,0.815,-0.414,-0.68,-0.479,-0.452,-0.337,0.481,0.193,0.749,0.239,-0.386,0.594,0.658,-0.332,-0.112,0.429,0.164,-0.506,-0.639,0.686,0.299,0.789,-0.612,0.263,0.787,0.525,-0.573,-0.677,0.766,-0.655,0.502,0.483,-0.633,-0.61,-0.374,0.389,0.826,-0.069,0.604,0.726,-0.526,0.635,-0.565,0.846,0.838,-0.633,-0.071,0.082,0.827,0.07,0.838,0.751,0.243,0.764,0.714,-0.589,0.506,-0.059,0.702,0.483,0.821,0.396,-0.46,0.762,0.776,-0.561,-0.591,0.764,0.132,0.791,0.839,0.794,-0.438,0.697,-0.632,-0.021,-0.147,-0.708,-0.461,-0.735,-0.608,-0.453,0.017,0.781,0.418,-0.497,-0.566,-0.576,0.446,-0.56,-0.214,-0.257,-0.506,0.777
AMCX,0.708,-0.648,-0.607,0.873,0.36,-0.432,-0.704,-0.812,0.512,-0.483,0.178,-0.652,-0.042,-0.589,0.0,-0.32,0.558,-0.828,-0.576,-0.709,-0.641,-0.772,-0.664,0.768,0.267,-0.743,0.708,-0.42,-0.595,0.937,0.836,0.84,0.841,-0.477,-0.68,-0.787,0.834,0.678,-0.715,0.821,-0.68,0.851,0.795,0.628,0.834,0.829,-0.494,0.918,0.866,-0.237,0.834,0.881,0.475,-0.679,0.107,-0.805,-0.631,0.518,-0.745,0.264,-0.663,0.204,-0.207,-0.204,0.837,-0.847,-0.822,-0.802,0.43,0.111,-0.412,0.754,0.62,0.826,-0.058,0.228,-0.556,0.061,-0.611,0.127,-0.527,-0.368,-0.591,-0.413,-0.723,0.859,0.581,-0.744,-0.344,0.331,-0.132,0.187,0.815,-0.228,0.816,-0.478,-0.649,0.496,-0.197,0.858,0.689,0.25,-0.136,0.047,-0.511,-0.754,-0.774,0.57,0.827,0.584,0.689,0.721,-0.607,0.214,-0.635,-0.343,0.389,-0.402,-0.589,0.608,0.348,-0.059,0.065,0.906,0.803,-0.588,-0.09,-0.716,0.771,-0.24,-0.789,-0.214,0.675,0.794,-0.738,0.801,-0.253,-0.495,0.82,0.591,0.51,-0.325,-0.809,0.521,-0.641,-0.596,0.718,-0.763,0.833,-0.806,-0.62,0.928,0.23,-0.042,-0.765,0.11,-0.707,-0.45,0.103,-0.826,-0.718,0.738,-0.085,0.123,-0.688,-0.488,-0.781,-0.269,0.786,-0.74,-0.762,0.827,0.903,-0.619,0.263,-0.898,-0.673,-0.759,0.756,-0.523,0.801,0.352,0.253,0.848,0.865,0.835,0.792,0.662,0.437,-0.713,-0.456,0.772,0.721,0.761,0.029,0.926,0.293,0.264,0.832,-0.825
AMKR,0.077,0.675,0.784,-0.198,0.156,0.4,0.768,0.663,-0.231,0.367,0.35,0.763,0.608,0.485,-0.32,0.0,0.127,0.69,0.746,0.674,0.694,0.731,0.672,0.039,-0.328,0.678,-0.362,0.77,0.541,-0.196,-0.066,-0.255,-0.441,0.423,0.715,0.601,-0.308,-0.218,0.612,-0.305,0.538,-0.521,-0.456,-0.215,-0.289,-0.365,0.754,-0.336,-0.298,0.38,-0.052,-0.229,-0.134,0.755,0.512,0.753,0.747,-0.118,0.604,0.292,0.842,0.455,0.716,0.477,-0.193,0.585,0.612,0.494,0.204,0.771,0.675,-0.463,-0.336,-0.376,0.126,0.074,0.605,0.268,0.178,0.647,0.033,0.452,0.771,0.526,0.752,-0.25,0.218,0.616,0.708,0.15,0.684,0.596,-0.179,0.317,-0.405,-0.087,0.652,-0.064,0.087,-0.391,-0.128,0.311,0.887,0.603,-0.046,0.623,0.652,-0.044,-0.38,-0.142,-0.137,0.164,0.521,0.593,0.782,0.336,0.213,0.719,0.783,-0.456,0.013,0.474,0.737,-0.299,-0.438,0.859,0.672,0.43,-0.366,0.466,0.469,0.743,-0.137,-0.404,0.727,-0.287,0.873,0.725,-0.338,-0.149,-0.146,0.675,0.582,-0.054,0.623,0.835,-0.345,0.536,-0.235,0.493,0.559,-0.371,0.378,0.439,0.74,-0.317,0.603,0.531,0.778,0.692,0.805,-0.299,0.509,0.269,0.608,0.371,0.718,0.407,-0.465,0.765,0.542,-0.387,-0.245,0.607,0.324,0.539,0.727,0.643,0.064,0.866,-0.434,0.488,-0.307,-0.409,-0.002,-0.32,-0.215,0.057,0.139,0.756,0.181,-0.224,-0.437,-0.388,0.385,-0.506,0.384,-0.083,-0.096,0.558
AMRX,0.74,-0.428,-0.086,0.772,0.842,0.25,-0.315,-0.283,0.849,0.176,0.634,-0.305,0.012,-0.361,0.558,0.127,0.0,-0.245,-0.124,-0.19,-0.066,-0.419,-0.447,0.782,0.619,-0.305,0.648,0.229,-0.59,0.635,0.671,0.681,0.646,0.056,-0.24,-0.207,0.764,0.739,-0.474,0.81,-0.086,0.358,0.658,0.254,0.374,0.714,0.103,0.547,0.764,0.464,0.81,0.722,0.824,-0.159,0.593,-0.269,-0.239,0.584,-0.309,0.836,-0.273,0.811,0.255,0.563,0.658,-0.546,-0.471,-0.668,0.82,0.527,-0.049,0.598,0.391,0.761,-0.207,0.778,-0.128,-0.046,-0.65,0.265,-0.412,0.162,-0.027,-0.05,-0.167,0.631,0.64,-0.169,0.347,0.825,0.459,0.593,0.798,0.463,0.667,-0.281,-0.068,0.528,-0.728,0.726,0.769,0.701,0.217,0.571,-0.358,-0.061,-0.355,0.854,0.75,0.89,0.825,0.476,-0.057,0.218,-0.098,0.035,0.841,-0.262,0.024,0.442,0.858,0.454,0.254,0.63,0.7,-0.024,0.527,-0.375,0.614,0.521,-0.266,0.403,0.824,0.71,-0.206,0.734,0.102,0.316,0.749,0.767,-0.104,0.448,-0.388,0.746,-0.141,-0.022,0.715,-0.045,0.775,-0.467,-0.175,0.638,0.777,0.55,-0.283,-0.074,-0.251,-0.334,0.471,-0.318,-0.253,0.719,0.334,0.794,-0.011,0.113,-0.336,0.449,0.642,-0.221,-0.687,0.73,0.75,-0.068,0.716,-0.458,-0.29,-0.532,0.649,-0.164,0.515,0.814,-0.461,0.662,0.736,0.715,0.8,0.891,0.655,-0.366,0.214,0.703,0.563,0.768,0.026,0.506,0.596,0.792,0.829,-0.371
ANSS,-0.469,0.729,0.882,-0.685,-0.012,0.687,0.903,0.966,-0.362,0.63,0.066,0.851,0.402,0.753,-0.828,0.69,-0.245,0.0,0.878,0.927,0.901,0.914,0.789,-0.486,-0.252,0.919,-0.656,0.786,0.655,-0.726,-0.599,-0.723,-0.784,0.633,0.894,0.933,-0.705,-0.58,0.826,-0.642,0.882,-0.874,-0.74,-0.485,-0.77,-0.755,0.816,-0.828,-0.685,0.386,-0.579,-0.691,-0.307,0.923,0.366,0.959,0.857,-0.248,0.906,0.044,0.844,0.188,0.574,0.552,-0.654,0.89,0.905,0.759,-0.101,0.354,0.712,-0.755,-0.637,-0.684,0.16,0.017,0.801,0.094,0.493,0.187,0.401,0.662,0.835,0.636,0.905,-0.715,-0.259,0.847,0.677,-0.038,0.416,0.239,-0.619,0.425,-0.73,0.403,0.9,-0.426,0.061,-0.757,-0.534,0.107,0.502,0.31,0.484,0.944,0.92,-0.33,-0.76,-0.375,-0.46,-0.466,0.668,0.106,0.878,0.429,-0.123,0.604,0.857,-0.578,-0.062,0.429,0.236,-0.731,-0.743,0.898,0.468,0.763,-0.731,0.553,0.899,0.646,-0.5,-0.755,0.934,-0.704,0.629,0.772,-0.699,-0.519,-0.542,0.651,0.922,-0.248,0.79,0.893,-0.61,0.903,-0.658,0.866,0.842,-0.828,0.102,0.36,0.959,-0.129,0.872,0.605,0.347,0.957,0.919,-0.625,0.397,0.181,0.888,0.562,0.947,0.545,-0.683,0.934,0.781,-0.708,-0.705,0.826,0.12,0.95,0.899,0.861,-0.54,0.814,-0.774,0.099,-0.391,-0.808,-0.578,-0.761,-0.624,-0.369,-0.067,0.884,0.596,-0.612,-0.688,-0.634,0.301,-0.85,-0.009,-0.09,-0.579,0.907
APPN,-0.339,0.682,0.932,-0.507,0.12,0.655,0.911,0.892,-0.294,0.498,0.17,0.81,0.652,0.829,-0.576,0.746,-0.124,0.878,0.0,0.932,0.937,0.893,0.829,-0.247,-0.283,0.906,-0.57,0.883,0.686,-0.472,-0.286,-0.566,-0.629,0.529,0.931,0.865,-0.529,-0.478,0.826,-0.46,0.873,-0.667,-0.578,-0.258,-0.599,-0.638,0.876,-0.636,-0.489,0.347,-0.338,-0.46,-0.278,0.943,0.574,0.853,0.928,0.026,0.897,0.088,0.805,0.324,0.775,0.566,-0.381,0.797,0.797,0.624,0.038,0.543,0.914,-0.671,-0.575,-0.514,0.33,0.077,0.91,0.265,0.451,0.272,0.331,0.747,0.874,0.8,0.837,-0.542,-0.009,0.684,0.724,0.012,0.41,0.387,-0.415,0.402,-0.544,0.377,0.855,-0.351,0.053,-0.569,-0.468,0.217,0.597,0.484,0.405,0.858,0.865,-0.204,-0.637,-0.27,-0.305,-0.203,0.614,0.337,0.904,0.366,-0.12,0.695,0.865,-0.41,0.075,0.618,0.338,-0.479,-0.606,0.919,0.622,0.74,-0.615,0.514,0.818,0.803,-0.417,-0.628,0.901,-0.566,0.69,0.754,-0.549,-0.466,-0.437,0.659,0.872,-0.004,0.73,0.924,-0.471,0.737,-0.478,0.827,0.898,-0.614,0.215,0.362,0.94,-0.094,0.89,0.721,0.495,0.866,0.889,-0.497,0.606,0.212,0.82,0.563,0.91,0.588,-0.467,0.909,0.734,-0.543,-0.495,0.869,0.367,0.814,0.937,0.832,-0.306,0.87,-0.652,0.271,-0.345,-0.679,-0.306,-0.651,-0.488,-0.229,0.197,0.893,0.503,-0.411,-0.562,-0.517,0.481,-0.631,0.034,-0.081,-0.366,0.826
APTO,-0.386,0.622,0.902,-0.6,0.086,0.652,0.888,0.912,-0.326,0.553,0.062,0.806,0.54,0.804,-0.709,0.674,-0.19,0.927,0.932,0.0,0.933,0.891,0.811,-0.366,-0.252,0.915,-0.633,0.844,0.693,-0.599,-0.454,-0.65,-0.704,0.573,0.936,0.893,-0.606,-0.52,0.861,-0.543,0.893,-0.78,-0.652,-0.383,-0.692,-0.701,0.824,-0.744,-0.595,0.34,-0.47,-0.555,-0.27,0.926,0.469,0.89,0.892,-0.119,0.9,0.097,0.777,0.253,0.617,0.56,-0.51,0.804,0.84,0.673,-0.055,0.43,0.802,-0.682,-0.61,-0.602,0.328,0.101,0.844,0.083,0.456,0.194,0.283,0.725,0.848,0.765,0.839,-0.679,-0.135,0.763,0.738,-0.017,0.424,0.337,-0.512,0.413,-0.642,0.434,0.891,-0.429,0.038,-0.626,-0.507,0.182,0.535,0.327,0.472,0.89,0.876,-0.282,-0.69,-0.315,-0.391,-0.402,0.568,0.247,0.887,0.352,-0.098,0.555,0.838,-0.428,0.028,0.481,0.237,-0.611,-0.673,0.905,0.501,0.723,-0.66,0.558,0.865,0.731,-0.455,-0.672,0.926,-0.621,0.653,0.756,-0.625,-0.542,-0.484,0.684,0.866,-0.077,0.692,0.851,-0.539,0.808,-0.565,0.819,0.862,-0.733,0.191,0.416,0.935,-0.118,0.851,0.618,0.398,0.908,0.859,-0.543,0.501,0.215,0.877,0.552,0.906,0.544,-0.567,0.892,0.74,-0.613,-0.568,0.817,0.256,0.877,0.884,0.842,-0.474,0.848,-0.696,0.196,-0.324,-0.734,-0.475,-0.709,-0.542,-0.293,0.118,0.865,0.559,-0.528,-0.637,-0.564,0.453,-0.694,0.007,-0.103,-0.481,0.839
ARCT,-0.382,0.616,0.931,-0.529,0.13,0.682,0.88,0.895,-0.225,0.499,0.088,0.789,0.61,0.813,-0.641,0.694,-0.066,0.901,0.937,0.933,0.0,0.868,0.776,-0.346,-0.186,0.913,-0.605,0.86,0.666,-0.53,-0.34,-0.629,-0.687,0.531,0.932,0.921,-0.551,-0.516,0.825,-0.477,0.91,-0.766,-0.626,-0.396,-0.716,-0.653,0.922,-0.701,-0.525,0.343,-0.407,-0.499,-0.232,0.941,0.542,0.865,0.938,-0.039,0.913,0.118,0.777,0.339,0.712,0.617,-0.484,0.785,0.824,0.641,0.002,0.488,0.843,-0.708,-0.661,-0.514,0.358,0.151,0.878,0.079,0.404,0.167,0.374,0.7,0.896,0.848,0.805,-0.543,-0.102,0.702,0.741,0.03,0.461,0.358,-0.431,0.456,-0.609,0.435,0.898,-0.432,-0.016,-0.557,-0.464,0.21,0.553,0.448,0.49,0.901,0.882,-0.202,-0.626,-0.246,-0.328,-0.364,0.576,0.28,0.878,0.292,-0.074,0.623,0.89,-0.448,0.128,0.623,0.308,-0.561,-0.638,0.902,0.55,0.722,-0.625,0.574,0.873,0.776,-0.436,-0.609,0.909,-0.611,0.687,0.786,-0.581,-0.48,-0.565,0.718,0.884,0.005,0.676,0.894,-0.506,0.802,-0.511,0.838,0.862,-0.647,0.239,0.403,0.937,-0.073,0.905,0.692,0.465,0.901,0.864,-0.547,0.654,0.245,0.887,0.632,0.916,0.594,-0.492,0.897,0.702,-0.556,-0.508,0.885,0.306,0.833,0.885,0.818,-0.388,0.848,-0.725,0.268,-0.449,-0.71,-0.387,-0.678,-0.516,-0.234,0.145,0.849,0.629,-0.483,-0.627,-0.507,0.482,-0.638,-0.027,-0.011,-0.404,0.819
ARWR,-0.525,0.85,0.889,-0.728,-0.235,0.452,0.955,0.934,-0.602,0.394,-0.024,0.877,0.533,0.806,-0.772,0.731,-0.419,0.914,0.893,0.891,0.868,0.0,0.942,-0.523,-0.495,0.931,-0.757,0.715,0.836,-0.698,-0.523,-0.764,-0.849,0.455,0.918,0.858,-0.787,-0.689,0.922,-0.763,0.791,-0.801,-0.822,-0.433,-0.708,-0.836,0.785,-0.802,-0.773,0.239,-0.607,-0.721,-0.547,0.918,0.23,0.929,0.925,-0.323,0.906,-0.179,0.918,0.018,0.607,0.3,-0.63,0.948,0.924,0.85,-0.266,0.344,0.781,-0.85,-0.666,-0.807,0.313,-0.23,0.82,0.224,0.592,0.25,0.417,0.539,0.834,0.711,0.882,-0.715,-0.25,0.77,0.57,-0.29,0.335,0.157,-0.679,0.234,-0.792,0.349,0.793,-0.469,0.338,-0.814,-0.66,-0.07,0.556,0.264,0.37,0.807,0.929,-0.51,-0.842,-0.588,-0.604,-0.338,0.654,0.268,0.877,0.317,-0.335,0.775,0.827,-0.641,-0.3,0.337,0.332,-0.745,-0.84,0.874,0.395,0.8,-0.787,0.282,0.797,0.571,-0.659,-0.825,0.916,-0.78,0.647,0.631,-0.796,-0.643,-0.34,0.481,0.921,-0.345,0.76,0.883,-0.728,0.718,-0.739,0.895,0.82,-0.812,-0.01,0.168,0.964,-0.193,0.881,0.732,0.34,0.941,0.957,-0.738,0.421,-0.101,0.74,0.522,0.967,0.346,-0.754,0.938,0.913,-0.804,-0.747,0.802,0.01,0.914,0.941,0.959,-0.457,0.888,-0.822,-0.028,-0.203,-0.868,-0.555,-0.828,-0.744,-0.513,-0.162,0.957,0.336,-0.667,-0.765,-0.795,0.356,-0.842,-0.126,-0.375,-0.644,0.888
ASND,-0.526,0.845,0.792,-0.672,-0.284,0.321,0.894,0.828,-0.644,0.238,-0.045,0.822,0.54,0.747,-0.664,0.672,-0.447,0.789,0.829,0.811,0.776,0.942,0.0,-0.455,-0.561,0.831,-0.762,0.614,0.84,-0.594,-0.418,-0.711,-0.796,0.296,0.865,0.742,-0.759,-0.675,0.864,-0.723,0.681,-0.676,-0.769,-0.376,-0.634,-0.795,0.675,-0.716,-0.745,0.161,-0.538,-0.663,-0.583,0.823,0.168,0.824,0.864,-0.296,0.816,-0.26,0.858,-0.062,0.569,0.174,-0.516,0.88,0.864,0.811,-0.29,0.324,0.757,-0.808,-0.63,-0.771,0.349,-0.306,0.772,0.291,0.548,0.261,0.375,0.436,0.753,0.704,0.77,-0.617,-0.216,0.647,0.472,-0.383,0.263,0.08,-0.631,0.154,-0.732,0.295,0.683,-0.462,0.432,-0.737,-0.681,-0.146,0.525,0.216,0.252,0.687,0.818,-0.544,-0.797,-0.601,-0.603,-0.217,0.619,0.325,0.769,0.216,-0.401,0.786,0.745,-0.566,-0.372,0.296,0.323,-0.679,-0.796,0.786,0.354,0.774,-0.757,0.117,0.673,0.486,-0.673,-0.78,0.807,-0.745,0.563,0.514,-0.757,-0.641,-0.247,0.362,0.834,-0.334,0.687,0.792,-0.696,0.547,-0.703,0.83,0.752,-0.731,-0.022,0.023,0.876,-0.185,0.811,0.714,0.286,0.844,0.878,-0.712,0.391,-0.211,0.595,0.443,0.882,0.238,-0.677,0.861,0.891,-0.77,-0.69,0.713,0.001,0.805,0.86,0.919,-0.344,0.855,-0.766,-0.09,-0.123,-0.815,-0.474,-0.791,-0.725,-0.528,-0.143,0.91,0.206,-0.614,-0.719,-0.782,0.374,-0.742,-0.209,-0.448,-0.606,0.81
ASTH,0.872,-0.481,-0.273,0.868,0.719,-0.058,-0.431,-0.503,0.663,-0.019,0.59,-0.378,0.018,-0.47,0.768,0.039,0.782,-0.486,-0.247,-0.366,-0.346,-0.523,-0.455,0.0,0.426,-0.484,0.761,0.046,-0.584,0.842,0.777,0.872,0.819,-0.104,-0.405,-0.525,0.841,0.826,-0.557,0.858,-0.389,0.663,0.795,0.564,0.711,0.805,-0.19,0.781,0.855,0.292,0.964,0.87,0.722,-0.348,0.455,-0.476,-0.404,0.626,-0.497,0.663,-0.355,0.615,0.172,0.252,0.904,-0.691,-0.652,-0.731,0.743,0.483,-0.107,0.758,0.642,0.758,-0.148,0.519,-0.307,0.213,-0.631,0.376,-0.601,0.021,-0.262,-0.256,-0.295,0.673,0.851,-0.356,0.165,0.665,0.294,0.56,0.875,0.131,0.81,-0.446,-0.305,0.692,-0.488,0.779,0.796,0.612,0.179,0.412,-0.601,-0.385,-0.576,0.821,0.784,0.777,0.859,0.784,-0.245,0.345,-0.231,0.007,0.707,-0.263,-0.242,0.534,0.61,0.184,0.237,0.839,0.808,-0.169,0.408,-0.538,0.736,0.24,-0.567,0.236,0.854,0.784,-0.406,0.88,-0.029,0.033,0.856,0.75,0.351,0.141,-0.616,0.674,-0.256,-0.226,0.803,-0.379,0.878,-0.668,-0.323,0.784,0.613,0.344,-0.467,-0.209,-0.496,-0.424,0.401,-0.557,-0.414,0.855,0.069,0.562,-0.355,-0.214,-0.528,0.164,0.733,-0.434,-0.705,0.813,0.857,-0.342,0.682,-0.653,-0.413,-0.621,0.801,-0.232,0.769,0.693,-0.11,0.818,0.891,0.831,0.892,0.869,0.655,-0.436,-0.234,0.861,0.725,0.733,0.055,0.661,0.671,0.515,0.902,-0.531
ATSG,0.356,-0.493,-0.234,0.502,0.583,0.429,-0.457,-0.288,0.776,0.369,0.451,-0.462,-0.263,-0.298,0.267,-0.328,0.619,-0.252,-0.283,-0.252,-0.186,-0.495,-0.561,0.426,0.0,-0.315,0.701,0.045,-0.743,0.334,0.301,0.549,0.624,0.236,-0.412,-0.175,0.642,0.679,-0.528,0.679,0.016,0.401,0.696,0.35,0.181,0.63,-0.124,0.371,0.594,0.45,0.482,0.512,0.679,-0.233,0.306,-0.342,-0.389,0.642,-0.218,0.463,-0.446,0.556,0.049,0.454,0.433,-0.471,-0.43,-0.542,0.535,-0.036,-0.167,0.554,0.547,0.626,-0.175,0.722,-0.148,0.085,-0.303,-0.385,0.025,0.228,-0.222,-0.212,-0.207,0.405,0.375,-0.12,0.16,0.75,-0.052,0.134,0.636,0.48,0.664,0.3,-0.09,0.606,-0.842,0.614,0.616,0.329,-0.396,0.263,0.075,-0.079,-0.327,0.771,0.624,0.699,0.713,0.129,-0.013,-0.379,-0.153,0.37,0.494,-0.472,-0.324,0.584,0.744,0.175,-0.329,0.46,0.701,-0.307,0.243,-0.153,0.63,0.495,-0.124,0.06,0.645,0.595,-0.266,0.613,-0.363,0.123,0.675,0.624,-0.126,0.18,-0.32,0.667,-0.037,-0.246,0.779,0.124,0.653,-0.305,-0.101,0.479,0.269,0.363,-0.381,0.18,-0.204,-0.273,-0.133,-0.29,-0.411,0.68,0.091,0.645,0.012,0.284,-0.403,0.423,0.678,-0.371,-0.657,0.693,0.453,-0.019,0.511,-0.278,-0.334,-0.622,0.211,-0.508,0.531,0.289,-0.519,0.584,0.429,0.511,0.623,0.585,0.419,-0.467,0.425,0.659,0.717,0.672,-0.18,0.383,0.305,0.764,0.518,-0.166
AVTX,-0.493,0.719,0.919,-0.679,-0.104,0.595,0.893,0.926,-0.431,0.493,-0.013,0.829,0.525,0.813,-0.743,0.678,-0.305,0.919,0.906,0.915,0.913,0.931,0.831,-0.484,-0.315,0.0,-0.699,0.785,0.74,-0.652,-0.535,-0.718,-0.78,0.528,0.919,0.912,-0.672,-0.603,0.893,-0.641,0.865,-0.788,-0.736,-0.431,-0.74,-0.753,0.817,-0.765,-0.69,0.282,-0.566,-0.661,-0.415,0.95,0.363,0.906,0.918,-0.18,0.915,-0.045,0.847,0.163,0.615,0.425,-0.607,0.879,0.891,0.74,-0.158,0.374,0.795,-0.791,-0.64,-0.699,0.293,-0.047,0.843,0.135,0.556,0.115,0.428,0.645,0.842,0.758,0.847,-0.683,-0.234,0.699,0.674,-0.121,0.335,0.221,-0.593,0.338,-0.713,0.485,0.858,-0.452,0.162,-0.696,-0.583,0.031,0.489,0.306,0.505,0.863,0.951,-0.39,-0.752,-0.462,-0.501,-0.435,0.59,0.169,0.897,0.342,-0.223,0.676,0.818,-0.516,-0.099,0.426,0.258,-0.672,-0.755,0.866,0.441,0.797,-0.708,0.435,0.857,0.628,-0.557,-0.761,0.942,-0.711,0.649,0.691,-0.714,-0.609,-0.455,0.61,0.918,-0.205,0.711,0.864,-0.626,0.79,-0.645,0.89,0.835,-0.763,0.004,0.273,0.948,-0.051,0.897,0.728,0.361,0.942,0.899,-0.644,0.484,0.081,0.85,0.598,0.94,0.461,-0.668,0.911,0.817,-0.689,-0.675,0.837,0.118,0.905,0.929,0.892,-0.479,0.84,-0.766,0.069,-0.266,-0.803,-0.526,-0.777,-0.635,-0.4,-0.053,0.889,0.504,-0.597,-0.681,-0.677,0.449,-0.746,-0.084,-0.209,-0.582,0.858
BCPC,0.731,-0.618,-0.564,0.825,0.543,-0.066,-0.725,-0.679,0.711,-0.028,0.454,-0.706,-0.277,-0.639,0.708,-0.362,0.648,-0.656,-0.57,-0.633,-0.605,-0.757,-0.762,0.761,0.701,-0.699,0.0,-0.235,-0.871,0.73,0.677,0.882,0.927,-0.079,-0.752,-0.681,0.882,0.87,-0.788,0.867,-0.482,0.788,0.933,0.657,0.72,0.888,-0.45,0.793,0.877,0.228,0.814,0.834,0.682,-0.602,0.167,-0.694,-0.699,0.627,-0.613,0.424,-0.626,0.426,-0.133,0.123,0.778,-0.786,-0.796,-0.808,0.55,0.028,-0.382,0.828,0.835,0.809,-0.24,0.482,-0.485,0.219,-0.515,-0.022,-0.363,-0.096,-0.563,-0.533,-0.487,0.688,0.635,-0.394,-0.129,0.644,-0.096,0.187,0.861,0.097,0.918,-0.243,-0.546,0.814,-0.631,0.794,0.854,0.333,-0.321,0.149,-0.407,-0.549,-0.69,0.829,0.85,0.738,0.859,0.624,-0.301,-0.114,-0.458,0.142,0.557,-0.53,-0.601,0.66,0.569,-0.072,-0.172,0.8,0.933,-0.542,0.125,-0.579,0.851,0.141,-0.634,-0.104,0.831,0.871,-0.648,0.91,-0.417,-0.228,0.926,0.819,0.389,-0.17,-0.732,0.623,-0.32,-0.493,0.926,-0.388,0.903,-0.746,-0.463,0.838,0.304,0.226,-0.726,-0.034,-0.633,-0.548,-0.051,-0.699,-0.654,0.923,-0.153,0.441,-0.515,-0.146,-0.753,0.085,0.835,-0.685,-0.875,0.868,0.784,-0.426,0.45,-0.717,-0.618,-0.875,0.609,-0.659,0.848,0.344,-0.175,0.898,0.782,0.861,0.868,0.746,0.437,-0.711,-0.146,0.893,0.916,0.835,-0.311,0.671,0.498,0.572,0.807,-0.589
BEAM,-0.009,0.503,0.869,-0.225,0.438,0.78,0.724,0.761,0.017,0.661,0.419,0.662,0.556,0.614,-0.42,0.77,0.229,0.786,0.883,0.844,0.86,0.715,0.614,0.046,0.045,0.785,-0.235,0.0,0.38,-0.271,-0.104,-0.284,-0.356,0.629,0.77,0.749,-0.222,-0.146,0.618,-0.159,0.83,-0.524,-0.298,-0.138,-0.445,-0.346,0.862,-0.442,-0.22,0.604,-0.047,-0.206,0.055,0.865,0.753,0.746,0.777,0.226,0.78,0.419,0.713,0.646,0.809,0.791,-0.149,0.577,0.61,0.362,0.32,0.692,0.834,-0.427,-0.32,-0.275,0.212,0.394,0.807,0.293,0.221,0.324,0.139,0.845,0.802,0.688,0.8,-0.356,0.249,0.714,0.917,0.39,0.57,0.581,-0.108,0.583,-0.275,0.321,0.81,-0.053,-0.296,-0.306,-0.104,0.45,0.593,0.624,0.277,0.818,0.73,0.154,-0.349,0.05,0.028,-0.042,0.601,0.294,0.904,0.5,0.259,0.533,0.803,-0.231,0.392,0.645,0.341,-0.28,-0.311,0.882,0.812,0.578,-0.343,0.775,0.685,0.919,-0.069,-0.337,0.828,-0.249,0.669,0.878,-0.238,-0.16,-0.405,0.831,0.695,0.253,0.721,0.871,-0.157,0.768,-0.156,0.612,0.817,-0.397,0.461,0.669,0.789,-0.212,0.742,0.524,0.592,0.761,0.778,-0.16,0.615,0.552,0.795,0.646,0.732,0.756,-0.25,0.79,0.426,-0.255,-0.236,0.819,0.616,0.664,0.801,0.581,-0.106,0.754,-0.414,0.526,-0.576,-0.401,-0.048,-0.361,-0.16,0.134,0.41,0.709,0.603,-0.108,-0.286,-0.233,0.433,-0.493,0.332,0.221,-0.088,0.709
BILI,-0.533,0.657,0.668,-0.715,-0.463,0.035,0.826,0.718,-0.74,0.001,-0.344,0.746,0.552,0.713,-0.595,0.541,-0.59,0.655,0.686,0.693,0.666,0.836,0.84,-0.584,-0.743,0.74,-0.871,0.38,0.0,-0.583,-0.488,-0.756,-0.851,0.171,0.818,0.628,-0.802,-0.789,0.871,-0.804,0.504,-0.694,-0.864,-0.449,-0.539,-0.832,0.549,-0.663,-0.763,-0.185,-0.641,-0.664,-0.681,0.683,-0.025,0.713,0.797,-0.493,0.678,-0.368,0.722,-0.286,0.331,-0.099,-0.615,0.778,0.776,0.809,-0.475,0.193,0.552,-0.784,-0.715,-0.788,0.422,-0.494,0.581,-0.011,0.588,0.222,0.265,0.214,0.607,0.631,0.567,-0.64,-0.324,0.443,0.261,-0.583,0.216,0.066,-0.732,-0.178,-0.841,0.142,0.558,-0.654,0.649,-0.769,-0.765,-0.202,0.518,-0.015,0.28,0.501,0.737,-0.713,-0.83,-0.727,-0.743,-0.362,0.271,0.413,0.585,-0.039,-0.519,0.638,0.64,-0.644,-0.529,0.126,0.346,-0.66,-0.879,0.662,0.044,0.573,-0.75,-0.078,0.607,0.311,-0.741,-0.798,0.71,-0.807,0.579,0.292,-0.843,-0.781,-0.163,0.205,0.711,-0.459,0.382,0.595,-0.849,0.364,-0.788,0.715,0.531,-0.725,-0.182,-0.073,0.777,-0.103,0.641,0.622,0.27,0.719,0.73,-0.823,0.257,-0.403,0.492,0.177,0.806,-0.047,-0.774,0.716,0.901,-0.805,-0.659,0.494,-0.283,0.688,0.712,0.914,-0.468,0.798,-0.758,-0.158,0.234,-0.824,-0.572,-0.804,-0.779,-0.632,-0.3,0.814,0.018,-0.761,-0.852,-0.836,0.412,-0.624,-0.275,-0.659,-0.653,0.584
BJRI,0.809,-0.59,-0.482,0.931,0.467,-0.313,-0.613,-0.732,0.597,-0.329,0.294,-0.534,-0.003,-0.547,0.937,-0.196,0.635,-0.726,-0.472,-0.599,-0.53,-0.698,-0.594,0.842,0.334,-0.652,0.73,-0.271,-0.583,0.0,0.837,0.894,0.854,-0.342,-0.59,-0.704,0.869,0.768,-0.675,0.861,-0.593,0.833,0.811,0.665,0.842,0.871,-0.384,0.908,0.895,-0.082,0.902,0.923,0.572,-0.566,0.233,-0.698,-0.544,0.581,-0.662,0.412,-0.559,0.332,-0.09,-0.054,0.87,-0.816,-0.75,-0.771,0.572,0.28,-0.312,0.768,0.695,0.815,-0.03,0.341,-0.492,0.141,-0.623,0.24,-0.52,-0.253,-0.466,-0.342,-0.591,0.861,0.715,-0.651,-0.179,0.471,0.047,0.356,0.889,-0.1,0.836,-0.479,-0.501,0.589,-0.274,0.87,0.79,0.397,-0.005,0.153,-0.539,-0.652,-0.726,0.692,0.847,0.681,0.804,0.755,-0.514,0.296,-0.521,-0.188,0.519,-0.34,-0.499,0.581,0.436,0.018,0.161,0.915,0.827,-0.443,0.075,-0.689,0.782,-0.068,-0.723,-0.075,0.781,0.791,-0.616,0.847,-0.151,-0.33,0.867,0.674,0.517,-0.167,-0.747,0.623,-0.509,-0.48,0.776,-0.628,0.883,-0.768,-0.531,0.928,0.355,0.109,-0.667,0.059,-0.649,-0.424,0.226,-0.734,-0.632,0.793,-0.004,0.274,-0.578,-0.393,-0.699,-0.134,0.79,-0.668,-0.747,0.857,0.94,-0.535,0.389,-0.823,-0.593,-0.721,0.8,-0.408,0.826,0.491,0.144,0.875,0.917,0.867,0.859,0.784,0.508,-0.632,-0.38,0.817,0.759,0.768,0.133,0.869,0.483,0.361,0.903,-0.728
