,AAL,AAON,ACB,ACGL,ACGLO,ACIW,ADBE,ADSK,AEP,AGIO,ALEC,ALNY,ALTR,AMBA,AMCX,AMKR,AMRX,ANSS,APPN,APTO,ARCT,ARWR,ASND,ASTH,ATSG,AVTX,BCPC,BEAM,BILI,BJRI,BLUE,BPOP,BRKL,BWIN,BZUN,CARG,CBRL,CBSH,CBUS,CENTA,CERS,CFFN,CHCO,CHEF,CHRD,CINF,CLLS,CMCO,CMCSA,COLL,COMM,COOP,CPB,CRON,CROX,CRUS,CRWD,CTAS,CYBR,CYTK,DGII,DIOD,DOMO,DPZ,DSGR,DXCM,ERIE,ESTA,EXEL,FAST,FCEL,FCFS,FHB,FITBI,FSV,FTDR,FUTU,GLDD,GLPG,GLPI,GOGO,GOSS,GSAT,GYRE,HALO,HAS,HLIT,HLNE,HSDT,HSIC,HTHT,ICHR,IDYA,IMVT,INDB,INSM,IONS,IOSP,ITRI,JBHT,JBLU,JSM,KLIC,KOD,KURA,LAB,LASR,LIN,LKQ,LNT,MBUU,MCRI,MDGL,MEDP,MGNI,MGPI,MGRC,MKTX,MRNA,MRTN,MSEX,MSFT,MU,NAVI,NBTB,NEO,NEOG,NGNE,NSSC,NTAP,NTES,NTLA,NTRS,NYMTN,OBLG,OCFC,ON,ONC,OPI,OSIS,OSW,PALI,PANW,PCAR,PCRX,PCTY,PEBO,PLAB,PLAY,PLMR,PLSE,PLUS,PRTA,PSEC,PSNL,PTCT,PTON,QNST,QRVO,QTTB,RARE,RBCAA,RGNX,SAIC,SGMO,SINT,SNPS,SPSC,SPTN,SSYS,STNE,TBBK,TCPC,TENB,TGTX,TREE,TRUP,TTWO,TW,TXG,UBSI,UCTT,UFPT,UMBF,UPBD,URBN,VBTX,VCTR,VEON,VNET,VRSK,VSEC,WABC,WTFCM,WVE,WW,WWD,XEL,ZD,ZYME
AAL,0.0,0.609,0.126,-0.408,-0.588,-0.595,-0.761,0.122,-0.836,0.237,-0.248,0.049,-0.677,0.539,0.229,-0.708,0.758,-0.76,-0.31,-0.722,-0.616,-0.238,0.681,0.049,-0.184,-0.489,0.785,-0.718,-0.749,0.94,0.731,0.666,0.706,-0.438,-0.818,0.279,0.867,0.672,-0.551,0.82,0.036,0.793,0.743,0.892,0.679,-0.32,-0.603,0.718,-0.546,0.326,-0.532,0.314,-0.805,-0.574,-0.074,-0.595,-0.546,-0.539,-0.1,0.595,-0.174,-0.45,0.793,-0.825,0.474,-0.153,0.362,-0.57,0.581,-0.37,0.568,0.167,0.811,-0.159,-0.397,-0.855,-0.663,0.1,-0.647,-0.507,0.593,0.886,-0.589,-0.483,-0.571,-0.676,-0.278,0.356,-0.483,0.295,-0.375,-0.461,-0.244,0.592,0.766,-0.216,-0.557,-0.362,-0.272,-0.165,0.957,-0.473,-0.706,0.493,-0.374,-0.476,-0.195,-0.603,0.229,-0.852,0.585,0.897,0.357,0.591,-0.154,0.673,0.765,-0.647,-0.499,0.606,-0.812,-0.652,-0.348,-0.537,0.681,-0.424,0.627,-0.521,0.43,-0.061,-0.28,-0.661,-0.137,-0.506,-0.786,0.58,-0.276,-0.26,0.455,0.421,0.57,-0.779,0.083,-0.68,-0.028,0.688,0.699,-0.335,0.895,-0.677,0.414,-0.324,-0.302,0.568,-0.749,-0.635,-0.849,-0.558,-0.658,0.096,-0.724,0.726,-0.259,0.364,-0.117,-0.522,-0.738,0.851,0.545,-0.394,-0.683,0.607,0.04,-0.106,0.884,-0.525,-0.361,0.042,-0.816,-0.697,0.616,-0.451,-0.761,0.802,-0.342,-0.311,0.796,0.265,-0.382,-0.806,-0.286,0.346,0.78,-0.815,-0.342,-0.78,-0.711,-0.784,0.543,-0.746
AAON,0.609,0.0,0.284,0.208,-0.579,-0.554,-0.66,-0.056,-0.526,-0.129,-0.177,0.423,-0.399,0.515,-0.176,-0.549,0.677,-0.585,-0.366,-0.679,-0.611,-0.465,0.758,-0.094,-0.288,-0.562,0.794,-0.663,-0.552,0.671,0.491,0.695,0.668,-0.111,-0.616,0.546,0.723,0.64,-0.62,0.705,-0.005,0.747,0.679,0.747,0.662,0.018,-0.663,0.677,-0.291,0.384,-0.765,0.388,-0.43,-0.543,-0.141,-0.596,-0.396,-0.145,0.041,0.719,-0.011,-0.505,0.621,-0.665,0.348,-0.183,0.646,-0.213,0.598,-0.205,0.341,-0.155,0.721,-0.512,-0.285,-0.682,-0.618,-0.169,-0.743,-0.084,0.382,0.671,-0.555,-0.565,-0.616,-0.638,-0.299,0.7,-0.584,0.467,-0.088,-0.514,-0.3,0.576,0.721,0.08,-0.47,-0.289,-0.533,0.104,0.619,-0.533,-0.694,0.546,-0.408,-0.671,-0.502,-0.461,0.181,-0.619,0.63,0.708,0.336,0.598,-0.168,0.732,0.824,-0.541,-0.589,0.373,-0.49,-0.324,-0.428,-0.589,0.666,-0.566,0.372,-0.621,0.456,0.019,0.143,-0.579,0.127,-0.051,-0.742,0.58,-0.288,-0.326,0.571,0.498,0.651,-0.669,0.38,-0.264,-0.371,0.548,0.711,-0.473,0.735,-0.604,0.114,-0.019,-0.135,0.783,-0.685,-0.663,-0.726,-0.474,-0.618,-0.254,-0.642,0.722,-0.463,0.427,-0.322,-0.535,-0.648,0.737,0.608,0.093,-0.667,0.692,0.393,0.256,0.554,-0.524,-0.142,0.434,-0.616,-0.545,0.569,-0.479,-0.434,0.769,-0.454,-0.426,0.76,0.298,0.268,-0.641,0.124,0.398,0.591,-0.794,-0.376,-0.794,-0.502,-0.509,0.547,-0.76
ACB,0.126,0.284,0.0,0.12,-0.6,-0.248,-0.553,-0.588,0.098,-0.788,-0.532,0.684,-0.465,-0.341,-0.212,-0.299,0.507,-0.424,-0.761,-0.532,-0.706,-0.65,0.012,-0.198,0.456,-0.53,0.568,-0.491,-0.344,0.141,0.247,0.692,0.651,0.455,-0.266,0.082,0.185,0.667,-0.493,0.25,-0.773,0.498,0.607,0.306,0.623,0.064,-0.648,0.661,0.257,-0.354,-0.517,0.666,-0.064,-0.449,-0.78,-0.596,-0.511,-0.255,-0.617,0.569,-0.068,-0.624,0.106,-0.448,0.283,-0.665,0.058,0.057,0.634,-0.621,-0.348,-0.282,0.501,-0.751,-0.595,-0.365,-0.308,-0.49,-0.479,0.193,0.697,0.227,-0.164,-0.793,-0.542,-0.567,-0.505,0.208,-0.646,0.517,0.346,-0.693,0.04,0.372,0.634,0.239,-0.78,0.301,-0.668,-0.11,0.239,-0.694,-0.578,-0.297,-0.709,-0.702,-0.485,-0.557,-0.092,-0.21,0.735,0.407,-0.366,0.235,-0.69,0.581,0.473,-0.2,-0.794,-0.219,-0.104,-0.436,-0.658,-0.674,0.652,-0.4,0.382,-0.597,-0.063,-0.14,0.644,-0.627,0.415,0.514,-0.414,0.804,-0.79,-0.721,0.331,0.758,0.633,0.028,0.096,0.148,-0.771,-0.405,0.61,-0.609,0.305,-0.515,-0.28,0.468,-0.721,0.268,-0.55,-0.691,-0.405,-0.319,-0.415,-0.871,-0.582,0.595,-0.727,0.542,-0.718,-0.167,-0.56,0.016,0.784,0.2,-0.619,0.765,0.805,0.317,0.062,-0.748,-0.376,0.913,-0.296,-0.375,0.757,-0.647,0.046,0.572,-0.796,-0.768,0.541,0.742,0.348,-0.249,-0.424,0.394,0.513,-0.282,-0.747,-0.342,-0.001,0.116,0.151,-0.351
ACGL,-0.408,0.208,0.12,0.0,0.077,0.232,0.285,-0.022,0.499,-0.377,0.086,0.329,0.536,-0.048,-0.296,0.421,-0.161,0.412,0.234,0.257,0.2,-0.02,0.042,-0.069,-0.027,0.156,-0.124,0.279,0.449,-0.306,-0.29,-0.042,-0.093,0.534,0.432,0.361,-0.113,-0.096,0.119,-0.27,0.059,-0.1,-0.17,-0.294,-0.14,0.671,0.168,-0.168,0.421,0.24,-0.08,0.034,0.581,0.248,-0.025,0.22,0.383,0.694,0.394,-0.087,0.384,0.149,-0.269,0.391,0.054,0.05,0.209,0.399,-0.229,0.411,-0.178,-0.213,-0.212,-0.29,0.269,0.334,0.251,-0.111,0.109,0.622,-0.439,-0.337,0.271,0.094,-0.031,0.255,0.306,0.461,0.029,0.253,0.541,0.215,0.1,-0.007,-0.173,0.456,0.263,0.274,-0.139,0.643,-0.352,0.069,0.222,0.17,0.215,-0.088,-0.26,0.409,0.068,0.423,0.006,-0.268,0.061,0.021,0.182,0.138,-0.03,0.254,0.075,-0.23,0.549,0.53,0.217,0.207,-0.074,-0.123,-0.3,0.014,-0.04,0.311,0.556,0.299,0.522,0.459,0.204,-0.051,0.177,-0.072,0.218,0.127,0.145,0.175,0.437,0.649,-0.229,-0.205,-0.022,0.159,-0.125,0.316,-0.177,0.492,0.31,0.23,0.215,0.126,0.305,0.24,0.284,-0.303,0.245,-0.072,-0.204,0.166,0.007,0.22,0.289,-0.245,-0.074,0.771,0.251,-0.037,0.35,0.661,-0.456,0.237,0.521,0.313,0.393,0.333,-0.182,0.253,0.524,-0.154,0.076,0.068,-0.15,-0.139,0.879,0.391,0.567,-0.046,-0.301,0.098,0.227,0.211,0.336,0.468,0.077,0.127
ACGLO,-0.588,-0.579,-0.6,0.077,0.0,0.531,0.835,0.448,0.427,0.329,0.465,-0.405,0.639,-0.053,0.02,0.569,-0.722,0.756,0.705,0.798,0.829,0.605,-0.331,0.176,-0.064,0.668,-0.808,0.798,0.69,-0.593,-0.544,-0.818,-0.793,0.093,0.71,-0.246,-0.589,-0.772,0.64,-0.634,0.545,-0.777,-0.77,-0.667,-0.807,0.194,0.79,-0.817,0.256,-0.017,0.684,-0.597,0.41,0.726,0.598,0.724,0.773,0.445,0.555,-0.725,0.127,0.627,-0.377,0.782,-0.316,0.694,-0.265,0.482,-0.719,0.605,-0.152,0.211,-0.775,0.657,0.678,0.759,0.705,0.258,0.728,0.225,-0.691,-0.653,0.552,0.769,0.774,0.773,0.494,-0.487,0.655,-0.505,0.037,0.707,0.07,-0.505,-0.788,0.018,0.787,0.039,0.59,0.171,-0.629,0.694,0.769,-0.017,0.683,0.761,0.536,0.67,-0.078,0.649,-0.768,-0.702,0.012,-0.342,0.581,-0.72,-0.664,0.611,0.816,-0.274,0.563,0.646,0.651,0.711,-0.791,0.678,-0.542,0.736,-0.478,0.139,-0.181,0.814,-0.195,0.004,0.747,-0.778,0.623,0.59,-0.493,-0.636,-0.643,0.512,-0.168,0.241,0.557,-0.066,-0.768,0.66,-0.619,0.77,0.017,-0.039,0.612,-0.42,0.837,0.797,0.736,0.514,0.619,0.514,0.817,-0.794,0.516,-0.63,0.581,0.403,0.797,-0.501,-0.806,0.273,0.801,-0.774,-0.478,-0.205,-0.492,0.802,0.532,-0.564,0.706,0.754,-0.78,0.691,0.451,-0.818,0.768,0.7,-0.786,-0.511,-0.088,0.664,0.367,-0.468,-0.649,0.728,0.63,0.701,0.304,0.431,-0.35,0.688
ACIW,-0.595,-0.554,-0.248,0.232,0.531,0.0,0.75,0.306,0.737,0.148,-0.037,-0.15,0.746,-0.155,0.261,0.875,-0.548,0.84,0.622,0.776,0.694,0.652,-0.412,0.45,0.414,0.642,-0.663,0.802,0.804,-0.529,-0.48,-0.529,-0.546,0.364,0.776,-0.02,-0.448,-0.454,0.726,-0.699,0.124,-0.644,-0.55,-0.783,-0.519,0.56,0.719,-0.6,0.459,0.169,0.788,-0.161,0.676,0.767,0.256,0.841,0.67,0.632,0.288,-0.642,0.504,0.791,-0.476,0.766,-0.229,0.258,-0.594,0.427,-0.503,0.635,-0.186,0.399,-0.552,0.427,0.611,0.711,0.822,0.417,0.828,0.548,-0.553,-0.629,0.702,0.615,0.6,0.775,0.681,-0.405,0.673,0.082,0.509,0.747,-0.073,-0.589,-0.6,0.501,0.623,0.671,0.634,0.345,-0.509,0.59,0.815,-0.428,0.502,0.665,0.491,0.83,0.342,0.79,-0.356,-0.609,0.111,-0.284,0.559,-0.5,-0.703,0.641,0.644,-0.376,0.683,0.685,0.664,0.67,-0.519,0.564,-0.227,0.705,-0.304,0.612,0.201,0.755,0.377,0.237,0.778,-0.425,0.527,0.182,-0.046,-0.231,-0.419,0.736,0.131,0.692,0.352,-0.372,-0.518,0.767,-0.51,0.775,-0.032,0.543,0.4,-0.367,0.727,0.515,0.788,0.851,0.873,0.203,0.707,-0.465,0.371,-0.068,0.443,0.813,0.83,-0.68,-0.543,0.354,0.766,-0.521,0.0,0.352,-0.531,0.703,0.581,-0.265,0.806,0.626,-0.475,0.717,0.694,-0.622,0.555,0.532,-0.606,-0.326,0.189,0.833,0.44,0.097,-0.469,0.72,0.569,0.745,0.778,0.716,-0.01,0.626
ADBE,-0.761,-0.66,-0.553,0.285,0.835,0.75,0.0,0.358,0.683,0.237,0.454,-0.3,0.895,-0.23,0.086,0.847,-0.873,0.958,0.783,0.955,0.905,0.684,-0.449,0.215,0.034,0.731,-0.928,0.947,0.861,-0.746,-0.711,-0.886,-0.884,0.217,0.871,-0.165,-0.711,-0.859,0.759,-0.838,0.468,-0.928,-0.905,-0.89,-0.855,0.387,0.908,-0.933,0.361,-0.006,0.794,-0.6,0.701,0.812,0.527,0.872,0.882,0.654,0.561,-0.801,0.227,0.783,-0.651,0.961,-0.323,0.556,-0.363,0.498,-0.816,0.701,-0.254,0.185,-0.905,0.548,0.784,0.928,0.796,0.284,0.862,0.438,-0.872,-0.858,0.657,0.88,0.81,0.945,0.625,-0.455,0.751,-0.343,0.232,0.853,0.171,-0.668,-0.932,0.169,0.905,0.255,0.62,0.297,-0.735,0.717,0.942,-0.175,0.786,0.788,0.501,0.884,0.069,0.863,-0.792,-0.865,0.015,-0.487,0.602,-0.795,-0.857,0.698,0.869,-0.473,0.758,0.862,0.747,0.88,-0.894,0.542,-0.638,0.832,-0.469,0.318,-0.069,0.944,0.004,0.12,0.927,-0.839,0.724,0.596,-0.446,-0.637,-0.67,0.653,-0.038,0.539,0.45,-0.288,-0.868,0.777,-0.758,0.913,-0.074,0.17,0.682,-0.492,0.952,0.857,0.942,0.679,0.836,0.42,0.936,-0.862,0.535,-0.534,0.564,0.635,0.975,-0.73,-0.888,0.385,0.95,-0.859,-0.378,0.064,-0.731,0.91,0.607,-0.506,0.894,0.824,-0.888,0.839,0.625,-0.936,0.801,0.772,-0.94,-0.57,0.155,0.849,0.441,-0.45,-0.828,0.857,0.731,0.891,0.613,0.644,-0.371,0.869
ADSK,0.122,-0.056,-0.588,-0.022,0.448,0.306,0.358,0.0,-0.174,0.725,0.205,-0.551,0.307,0.586,0.591,0.301,-0.054,0.357,0.71,0.324,0.566,0.581,0.25,0.621,-0.056,0.376,-0.209,0.4,0.265,0.206,0.222,-0.252,-0.168,-0.219,0.19,0.28,0.181,-0.186,0.342,0.093,0.709,-0.208,-0.163,-0.068,-0.272,0.426,0.437,-0.248,-0.246,0.566,0.462,-0.413,0.042,0.428,0.783,0.562,0.458,0.248,0.662,-0.352,0.252,0.619,0.34,0.309,0.171,0.606,-0.217,-0.112,-0.273,0.708,0.58,0.58,-0.056,0.745,0.623,0.108,0.362,0.786,0.361,-0.138,-0.342,0.101,0.194,0.588,0.212,0.505,0.619,-0.055,0.477,-0.012,-0.198,0.592,-0.343,-0.049,-0.238,0.137,0.562,-0.053,0.649,0.44,0.051,0.519,0.381,0.36,0.565,0.584,0.717,0.46,0.531,0.031,-0.255,0.012,0.695,0.054,0.776,-0.155,-0.145,0.128,0.605,0.412,-0.014,0.3,0.653,0.515,-0.25,0.376,0.116,0.528,0.052,0.575,-0.181,0.485,0.039,-0.513,0.254,-0.337,0.685,0.487,-0.089,-0.269,-0.311,0.033,0.198,0.035,0.81,0.547,-0.179,0.657,0.079,0.346,0.678,-0.148,0.516,0.034,0.339,0.279,0.181,0.337,0.397,0.774,0.314,-0.123,0.583,-0.077,0.686,0.23,0.411,0.218,-0.354,0.077,0.389,-0.411,-0.521,0.083,0.272,0.588,0.499,-0.64,0.136,0.237,-0.309,0.602,-0.142,-0.189,0.674,0.629,-0.152,-0.213,-0.184,0.193,0.44,0.073,-0.008,0.098,0.592,0.159,-0.19,-0.199,0.456,0.137
AEP,-0.836,-0.526,0.098,0.499,0.427,0.737,0.683,-0.174,0.0,-0.388,-0.089,0.156,0.681,-0.554,-0.201,0.793,-0.575,0.778,0.292,0.719,0.491,0.27,-0.595,0.054,0.473,0.541,-0.614,0.725,0.817,-0.781,-0.657,-0.444,-0.533,0.693,0.86,-0.2,-0.668,-0.408,0.628,-0.843,-0.2,-0.615,-0.551,-0.86,-0.528,0.522,0.563,-0.56,0.726,-0.184,0.521,-0.01,0.815,0.63,-0.136,0.579,0.535,0.702,0.082,-0.586,0.417,0.453,-0.747,0.776,-0.269,-0.04,-0.481,0.582,-0.523,0.382,-0.618,-0.039,-0.644,-0.038,0.362,0.77,0.752,-0.083,0.677,0.771,-0.495,-0.825,0.756,0.332,0.441,0.626,0.365,-0.252,0.446,0.015,0.739,0.476,0.248,-0.475,-0.569,0.451,0.406,0.694,0.25,0.348,-0.726,0.354,0.694,-0.508,0.304,0.354,0.035,0.654,-0.027,0.935,-0.273,-0.759,-0.287,-0.31,0.154,-0.405,-0.659,0.727,0.392,-0.674,0.933,0.62,0.372,0.474,-0.48,0.369,-0.387,0.4,-0.485,0.321,0.499,0.626,0.486,0.574,0.734,-0.315,0.157,-0.077,-0.069,-0.053,-0.282,0.816,0.003,0.832,-0.12,-0.757,-0.489,0.421,-0.644,0.693,-0.379,0.672,0.214,-0.389,0.639,0.464,0.815,0.675,0.722,-0.291,0.65,-0.496,-0.027,-0.075,0.135,0.699,0.701,-0.906,-0.384,0.565,0.655,-0.367,0.292,0.373,-0.848,0.468,0.512,0.138,0.866,0.723,-0.403,0.458,0.916,-0.627,0.249,0.231,-0.633,-0.245,0.504,0.867,0.339,-0.086,-0.592,0.722,0.335,0.774,0.869,0.975,-0.291,0.619
AGIO,0.237,-0.129,-0.788,-0.377,0.329,0.148,0.237,0.725,-0.388,0.0,0.276,-0.706,0.151,0.504,0.594,0.106,-0.128,0.144,0.628,0.249,0.471,0.656,0.206,0.465,-0.22,0.385,-0.216,0.253,0.077,0.259,0.23,-0.338,-0.211,-0.571,-0.014,0.061,0.188,-0.28,0.341,0.131,0.684,-0.182,-0.184,0.016,-0.222,-0.004,0.434,-0.28,-0.434,0.538,0.487,-0.415,-0.203,0.302,0.709,0.454,0.202,-0.037,0.421,-0.318,0.119,0.551,0.223,0.131,-0.02,0.452,-0.137,-0.335,-0.237,0.493,0.659,0.63,-0.072,0.767,0.387,-0.0,0.143,0.738,0.325,-0.461,-0.301,0.171,0.003,0.606,0.294,0.358,0.493,-0.136,0.474,-0.213,-0.451,0.534,-0.223,-0.109,-0.248,-0.121,0.523,-0.255,0.711,0.049,0.153,0.516,0.321,0.328,0.566,0.625,0.634,0.337,0.387,-0.136,-0.381,0.02,0.609,-0.101,0.665,-0.297,-0.215,-0.047,0.575,0.509,-0.251,0.095,0.588,0.497,-0.273,0.334,0.123,0.506,0.245,0.292,-0.607,0.37,-0.274,-0.707,0.181,-0.419,0.665,0.573,-0.113,-0.469,-0.382,-0.147,-0.064,-0.28,0.86,0.555,-0.24,0.546,0.011,0.256,0.56,-0.471,0.514,-0.129,0.269,0.366,0.102,0.235,0.278,0.94,0.238,-0.185,0.734,-0.182,0.697,0.159,0.286,0.242,-0.457,-0.365,0.336,-0.477,-0.735,-0.273,0.386,0.519,0.207,-0.856,-0.039,0.06,-0.356,0.5,-0.34,-0.199,0.67,0.62,-0.177,-0.377,-0.542,0.008,0.193,-0.001,-0.036,0.031,0.6,0.112,-0.196,-0.4,0.189,0.109
ALEC,-0.248,-0.177,-0.532,0.086,0.465,-0.037,0.454,0.205,-0.089,0.276,0.0,-0.206,0.392,-0.021,0.006,0.127,-0.553,0.281,0.34,0.313,0.393,0.166,-0.018,-0.206,-0.62,0.096,-0.47,0.238,0.088,-0.335,-0.425,-0.579,-0.533,-0.365,0.139,0.017,-0.394,-0.692,-0.052,-0.192,0.557,-0.516,-0.58,-0.176,-0.413,-0.152,0.325,-0.533,-0.194,-0.179,0.138,-0.718,0.173,0.075,0.545,0.194,0.428,0.07,0.45,-0.121,-0.4,0.163,-0.287,0.365,-0.145,0.586,0.41,0.197,-0.323,0.174,-0.035,-0.113,-0.564,0.352,0.406,0.437,-0.058,-0.043,0.106,-0.069,-0.548,-0.34,-0.199,0.56,0.484,0.35,0.09,-0.115,0.175,-0.411,-0.482,0.275,0.267,-0.295,-0.544,-0.421,0.548,-0.535,0.084,-0.138,-0.291,0.213,0.238,0.298,0.468,0.264,0.288,0.238,-0.181,0.115,-0.7,-0.324,-0.101,-0.452,0.158,-0.538,-0.281,0.018,0.368,-0.149,0.032,0.481,0.237,0.409,-0.6,-0.057,-0.684,0.45,-0.104,-0.311,-0.47,0.328,-0.626,-0.032,0.327,-0.659,0.501,0.85,-0.559,-0.773,-0.373,-0.088,-0.002,-0.131,0.215,0.181,-0.549,0.165,-0.433,0.263,-0.043,-0.5,0.475,-0.141,0.435,0.576,0.274,-0.136,0.07,0.418,0.346,-0.597,0.491,-0.673,0.15,-0.215,0.331,-0.051,-0.589,0.066,0.328,-0.553,-0.541,-0.3,-0.286,0.388,-0.049,-0.419,0.181,0.167,-0.673,0.311,-0.095,-0.494,0.486,0.538,-0.525,-0.264,0.044,0.059,-0.011,-0.7,-0.515,0.336,0.206,0.257,-0.09,-0.147,-0.478,0.518
ALNY,0.049,0.423,0.684,0.329,-0.405,-0.15,-0.3,-0.551,0.156,-0.706,-0.206,0.0,-0.092,-0.199,-0.497,-0.174,0.231,-0.192,-0.459,-0.337,-0.551,-0.405,0.256,-0.368,0.003,-0.446,0.381,-0.348,-0.189,0.064,-0.132,0.446,0.341,0.439,-0.174,0.338,0.136,0.361,-0.451,0.021,-0.387,0.316,0.34,0.245,0.446,0.031,-0.484,0.379,0.33,-0.178,-0.552,0.504,-0.027,-0.345,-0.587,-0.473,-0.099,0.03,-0.15,0.555,0.003,-0.523,0.044,-0.303,0.165,-0.303,0.429,0.383,0.461,-0.443,-0.435,-0.325,0.253,-0.726,-0.269,-0.114,-0.283,-0.616,-0.42,0.395,0.248,0.005,-0.181,-0.562,-0.215,-0.462,-0.359,0.276,-0.577,0.377,0.349,-0.493,0.115,0.124,0.427,0.344,-0.474,0.112,-0.735,-0.056,0.173,-0.605,-0.423,-0.018,-0.443,-0.673,-0.577,-0.302,-0.116,-0.041,0.459,0.218,-0.24,0.374,-0.456,0.411,0.426,-0.179,-0.618,-0.41,0.033,-0.016,-0.491,-0.501,0.39,-0.472,0.0,-0.518,-0.126,-0.124,0.46,-0.406,0.185,0.593,-0.296,0.51,-0.487,-0.462,0.324,0.488,0.655,-0.108,0.328,0.106,-0.809,-0.154,0.375,-0.437,0.276,-0.247,-0.377,0.474,-0.328,0.507,-0.33,-0.451,-0.257,-0.306,-0.376,-0.729,-0.31,0.357,-0.741,0.221,-0.606,-0.259,-0.348,0.017,0.409,0.445,-0.399,0.614,0.768,0.42,-0.139,-0.467,-0.185,0.807,-0.116,-0.184,0.416,-0.453,0.159,0.384,-0.601,-0.583,0.345,0.339,0.508,-0.174,-0.106,0.108,0.266,-0.204,-0.51,-0.312,0.068,0.228,0.016,-0.238
ALTR,-0.677,-0.399,-0.465,0.536,0.639,0.746,0.895,0.307,0.681,0.151,0.392,-0.092,0.0,-0.062,0.023,0.897,-0.768,0.936,0.769,0.845,0.802,0.619,-0.243,0.253,-0.033,0.605,-0.761,0.847,0.827,-0.626,-0.699,-0.707,-0.737,0.264,0.798,0.101,-0.52,-0.734,0.625,-0.742,0.451,-0.773,-0.785,-0.796,-0.666,0.538,0.791,-0.82,0.361,0.191,0.622,-0.462,0.756,0.752,0.497,0.82,0.884,0.79,0.615,-0.608,0.394,0.773,-0.583,0.879,-0.24,0.505,-0.186,0.471,-0.671,0.736,-0.157,0.153,-0.753,0.367,0.8,0.857,0.693,0.239,0.719,0.603,-0.889,-0.758,0.546,0.783,0.699,0.84,0.688,-0.178,0.647,-0.082,0.368,0.826,0.087,-0.617,-0.801,0.36,0.86,0.283,0.486,0.422,-0.619,0.614,0.845,-0.075,0.729,0.628,0.337,0.923,0.231,0.806,-0.619,-0.762,0.157,-0.341,0.652,-0.61,-0.684,0.573,0.742,-0.434,0.732,0.959,0.727,0.808,-0.736,0.356,-0.591,0.712,-0.236,0.482,0.046,0.871,0.173,0.264,0.821,-0.705,0.766,0.493,-0.221,-0.51,-0.449,0.512,0.254,0.661,0.297,-0.199,-0.678,0.748,-0.596,0.838,-0.13,0.339,0.724,-0.207,0.824,0.7,0.832,0.671,0.819,0.297,0.827,-0.672,0.417,-0.361,0.464,0.629,0.903,-0.604,-0.777,0.527,0.852,-0.705,-0.158,0.382,-0.698,0.847,0.646,-0.352,0.833,0.686,-0.788,0.839,0.642,-0.766,0.706,0.711,-0.778,-0.547,0.426,0.787,0.619,-0.319,-0.759,0.703,0.706,0.737,0.644,0.634,-0.178,0.742
AMBA,0.539,0.515,-0.341,-0.048,-0.053,-0.155,-0.23,0.586,-0.554,0.504,-0.021,-0.199,-0.062,0.0,0.157,-0.188,0.352,-0.19,0.256,-0.245,0.019,0.098,0.652,0.327,-0.366,-0.134,0.333,-0.198,-0.197,0.565,0.412,0.221,0.227,-0.32,-0.304,0.455,0.611,0.208,-0.177,0.558,0.495,0.36,0.271,0.453,0.252,0.043,-0.114,0.191,-0.434,0.62,-0.186,-0.015,-0.398,0.023,0.493,0.019,0.06,-0.002,0.437,0.242,0.215,0.123,0.733,-0.285,0.176,0.458,0.301,-0.249,0.23,0.272,0.675,0.294,0.41,0.268,0.289,-0.371,-0.147,0.335,-0.25,-0.156,0.036,0.592,-0.284,0.046,-0.117,-0.158,0.229,0.304,-0.027,0.152,-0.258,0.125,-0.5,0.257,0.271,0.084,0.081,-0.325,0.131,0.154,0.419,0.088,-0.191,0.562,0.061,0.021,0.155,0.005,0.407,-0.438,0.173,0.427,0.618,0.489,0.514,0.27,0.439,-0.304,0.086,0.604,-0.42,-0.019,0.176,-0.074,0.204,0.047,0.285,-0.064,0.464,0.303,-0.204,-0.067,-0.073,-0.336,-0.324,0.059,0.338,0.1,0.312,0.003,0.171,-0.539,0.323,-0.329,0.386,0.844,0.291,0.167,0.551,-0.198,0.387,-0.222,0.266,0.591,-0.22,-0.19,-0.405,-0.026,-0.146,0.45,-0.164,0.322,0.147,0.107,0.28,-0.212,-0.157,0.723,0.058,-0.04,-0.163,0.134,-0.163,0.104,0.596,0.067,0.189,-0.295,-0.345,-0.253,0.115,0.142,-0.39,0.334,0.204,0.204,0.388,-0.072,-0.154,-0.324,0.453,0.243,0.33,-0.441,0.169,-0.494,-0.509,-0.534,0.678,-0.45
AMCX,0.229,-0.176,-0.212,-0.296,0.02,0.261,0.086,0.591,-0.201,0.594,0.006,-0.497,0.023,0.157,0.0,0.216,0.069,0.106,0.298,0.092,0.207,0.402,0.026,0.636,0.317,0.136,-0.03,0.143,-0.025,0.294,0.383,-0.007,0.143,-0.318,-0.053,0.194,0.2,0.046,0.158,0.168,0.178,-0.089,0.07,-0.001,0.074,0.325,0.182,0.023,-0.296,0.348,0.489,-0.172,0.05,0.135,0.407,0.333,-0.01,-0.122,0.036,-0.118,0.042,0.447,0.128,0.064,0.21,-0.008,-0.396,-0.462,0.036,0.327,0.552,0.606,0.158,0.509,0.198,-0.079,0.092,0.802,0.242,-0.318,0.033,0.194,-0.003,0.352,-0.016,0.319,0.43,-0.156,0.242,0.315,-0.253,0.301,-0.276,-0.06,-0.021,0.045,0.205,0.109,0.552,0.123,0.295,0.238,0.17,-0.069,0.29,0.396,0.666,0.21,0.664,-0.137,-0.007,0.201,0.48,-0.261,0.372,-0.079,-0.192,-0.086,0.225,0.334,-0.27,-0.032,0.403,0.346,0.039,0.105,0.359,0.442,0.197,0.512,-0.191,0.139,0.155,-0.447,0.17,-0.001,0.392,0.301,-0.021,-0.077,-0.157,0.108,0.104,0.099,0.553,0.154,0.041,0.381,0.056,0.066,0.531,-0.083,0.094,-0.181,0.074,-0.007,0.04,0.207,0.308,0.529,-0.046,0.117,0.572,0.29,0.317,0.312,0.162,0.093,-0.041,-0.255,0.123,-0.193,-0.37,0.068,0.331,0.227,0.026,-0.414,-0.083,-0.16,0.012,0.328,-0.301,0.036,0.345,0.36,0.003,0.174,-0.285,0.006,-0.129,0.302,0.229,0.05,0.247,0.135,0.01,-0.265,0.363,0.178
AMKR,-0.708,-0.549,-0.299,0.421,0.569,0.875,0.847,0.301,0.793,0.106,0.127,-0.174,0.897,-0.188,0.216,0.0,-0.689,0.937,0.673,0.843,0.778,0.608,-0.435,0.434,0.333,0.636,-0.738,0.871,0.859,-0.628,-0.588,-0.6,-0.634,0.352,0.847,-0.004,-0.537,-0.589,0.715,-0.756,0.184,-0.754,-0.691,-0.878,-0.599,0.659,0.775,-0.728,0.421,0.159,0.779,-0.312,0.833,0.802,0.373,0.883,0.748,0.741,0.37,-0.666,0.471,0.85,-0.628,0.888,-0.232,0.271,-0.523,0.357,-0.612,0.715,-0.158,0.282,-0.662,0.39,0.697,0.821,0.803,0.372,0.823,0.622,-0.717,-0.733,0.671,0.71,0.615,0.874,0.73,-0.301,0.695,0.068,0.49,0.832,0.029,-0.628,-0.735,0.459,0.739,0.549,0.612,0.44,-0.621,0.632,0.877,-0.35,0.628,0.69,0.465,0.919,0.362,0.849,-0.481,-0.746,0.114,-0.419,0.598,-0.571,-0.762,0.628,0.706,-0.425,0.769,0.825,0.753,0.802,-0.636,0.455,-0.373,0.74,-0.238,0.638,0.205,0.843,0.396,0.284,0.873,-0.555,0.669,0.32,-0.154,-0.35,-0.454,0.726,0.196,0.81,0.32,-0.415,-0.588,0.773,-0.624,0.825,-0.113,0.505,0.538,-0.37,0.78,0.599,0.869,0.808,0.948,0.2,0.755,-0.561,0.432,-0.142,0.436,0.839,0.905,-0.731,-0.636,0.447,0.834,-0.644,-0.07,0.426,-0.667,0.779,0.622,-0.297,0.854,0.658,-0.625,0.843,0.713,-0.72,0.642,0.643,-0.733,-0.387,0.359,0.87,0.502,-0.081,-0.643,0.765,0.65,0.814,0.785,0.729,-0.071,0.763
AMRX,0.758,0.677,0.507,-0.161,-0.722,-0.548,-0.873,-0.054,-0.575,-0.128,-0.553,0.231,-0.768,0.352,0.069,-0.689,0.0,-0.782,-0.548,-0.795,-0.735,-0.484,0.552,-0.028,0.13,-0.481,0.921,-0.757,-0.642,0.812,0.853,0.876,0.895,-0.033,-0.685,0.349,0.803,0.944,-0.531,0.8,-0.319,0.929,0.937,0.828,0.78,-0.088,-0.75,0.9,-0.209,0.271,-0.634,0.653,-0.631,-0.595,-0.428,-0.669,-0.714,-0.385,-0.325,0.624,0.086,-0.57,0.762,-0.814,0.452,-0.487,0.203,-0.436,0.739,-0.425,0.34,0.059,0.916,-0.404,-0.613,-0.885,-0.543,-0.051,-0.666,-0.321,0.809,0.867,-0.396,-0.766,-0.823,-0.76,-0.356,0.512,-0.591,0.449,-0.035,-0.658,-0.285,0.748,0.931,0.039,-0.767,-0.048,-0.412,0.019,0.743,-0.539,-0.773,0.267,-0.611,-0.638,-0.384,-0.676,0.111,-0.749,0.877,0.88,0.258,0.67,-0.348,0.872,0.825,-0.509,-0.714,0.553,-0.603,-0.764,-0.535,-0.733,0.903,-0.349,0.777,-0.718,0.424,-0.019,0.258,-0.745,0.253,-0.204,-0.815,0.853,-0.612,-0.632,0.599,0.768,0.67,-0.536,0.16,-0.371,-0.256,0.349,0.893,-0.534,0.84,-0.715,0.35,0.019,-0.552,0.522,-0.822,-0.8,-0.816,-0.439,-0.639,-0.298,-0.792,0.904,-0.497,0.665,-0.275,-0.459,-0.818,0.703,0.865,-0.182,-0.777,0.843,0.381,0.144,0.771,-0.712,-0.271,0.447,-0.743,-0.605,0.883,-0.646,-0.503,0.913,-0.644,-0.665,0.933,0.515,-0.072,-0.656,-0.19,0.605,0.867,-0.812,-0.496,-0.769,-0.551,-0.528,0.595,-0.888
ANSS,-0.76,-0.585,-0.424,0.412,0.756,0.84,0.958,0.357,0.778,0.144,0.281,-0.192,0.936,-0.19,0.106,0.937,-0.782,0.0,0.773,0.939,0.868,0.666,-0.417,0.312,0.184,0.728,-0.844,0.955,0.922,-0.702,-0.666,-0.754,-0.773,0.364,0.911,-0.041,-0.621,-0.73,0.774,-0.831,0.375,-0.845,-0.806,-0.899,-0.762,0.567,0.87,-0.85,0.456,0.096,0.779,-0.441,0.771,0.854,0.451,0.899,0.885,0.764,0.538,-0.765,0.403,0.822,-0.618,0.958,-0.258,0.46,-0.42,0.515,-0.742,0.753,-0.235,0.234,-0.805,0.457,0.788,0.905,0.861,0.322,0.869,0.575,-0.829,-0.828,0.724,0.799,0.721,0.932,0.704,-0.351,0.721,-0.15,0.423,0.857,0.102,-0.628,-0.842,0.362,0.852,0.435,0.601,0.436,-0.701,0.7,0.935,-0.218,0.746,0.738,0.455,0.932,0.2,0.895,-0.629,-0.82,0.093,-0.384,0.645,-0.666,-0.806,0.71,0.806,-0.472,0.821,0.89,0.771,0.853,-0.774,0.535,-0.534,0.78,-0.42,0.507,0.128,0.937,0.237,0.226,0.922,-0.703,0.696,0.437,-0.287,-0.462,-0.543,0.697,0.105,0.707,0.384,-0.336,-0.731,0.802,-0.678,0.917,-0.073,0.391,0.646,-0.398,0.902,0.751,0.935,0.776,0.904,0.304,0.893,-0.724,0.439,-0.358,0.538,0.734,0.972,-0.745,-0.781,0.517,0.929,-0.748,-0.197,0.283,-0.731,0.88,0.706,-0.371,0.918,0.82,-0.776,0.859,0.725,-0.847,0.73,0.7,-0.848,-0.512,0.306,0.909,0.541,-0.28,-0.747,0.815,0.728,0.867,0.707,0.738,-0.209,0.813
APPN,-0.31,-0.366,-0.761,0.234,0.705,0.622,0.783,0.71,0.292,0.628,0.34,-0.459,0.769,0.256,0.298,0.673,-0.548,0.773,0.0,0.795,0.881,0.86,-0.017,0.417,-0.097,0.769,-0.651,0.801,0.728,-0.258,-0.299,-0.686,-0.626,0.007,0.641,0.105,-0.196,-0.627,0.73,-0.476,0.769,-0.59,-0.631,-0.544,-0.679,0.448,0.856,-0.731,0.109,0.517,0.71,-0.528,0.347,0.784,0.711,0.855,0.821,0.623,0.797,-0.713,0.448,0.859,-0.193,0.725,-0.094,0.662,-0.245,0.236,-0.713,0.864,0.262,0.488,-0.574,0.701,0.787,0.593,0.685,0.606,0.756,0.187,-0.811,-0.437,0.556,0.874,0.61,0.819,0.821,-0.169,0.743,-0.243,0.129,0.92,-0.04,-0.374,-0.679,0.263,0.912,0.145,0.752,0.478,-0.334,0.787,0.815,0.255,0.891,0.807,0.552,0.849,0.301,0.516,-0.607,-0.496,0.501,-0.125,0.901,-0.486,-0.566,0.449,0.887,0.001,0.46,0.707,0.891,0.873,-0.649,0.537,-0.327,0.73,-0.158,0.538,-0.203,0.877,0.059,-0.272,0.67,-0.698,0.871,0.571,-0.14,-0.509,-0.492,0.281,0.132,0.299,0.752,0.204,-0.586,0.907,-0.303,0.806,0.34,0.028,0.826,-0.223,0.77,0.728,0.672,0.648,0.741,0.742,0.776,-0.57,0.6,-0.36,0.859,0.55,0.812,-0.297,-0.81,0.297,0.852,-0.744,-0.529,0.144,-0.256,0.952,0.765,-0.722,0.602,0.658,-0.752,0.904,0.329,-0.662,0.9,0.824,-0.636,-0.676,-0.001,0.643,0.62,-0.248,-0.541,0.466,0.929,0.615,0.291,0.282,0.033,0.52
APTO,-0.722,-0.679,-0.532,0.257,0.798,0.776,0.955,0.324,0.719,0.249,0.313,-0.337,0.845,-0.245,0.092,0.843,-0.795,0.939,0.795,0.0,0.905,0.711,-0.471,0.254,0.165,0.847,-0.88,0.973,0.914,-0.694,-0.632,-0.828,-0.841,0.306,0.913,-0.222,-0.639,-0.771,0.864,-0.837,0.41,-0.845,-0.84,-0.891,-0.839,0.41,0.948,-0.898,0.435,0.067,0.825,-0.473,0.652,0.88,0.432,0.88,0.821,0.699,0.507,-0.876,0.382,0.804,-0.647,0.949,-0.269,0.443,-0.46,0.456,-0.837,0.718,-0.25,0.277,-0.865,0.509,0.71,0.874,0.866,0.302,0.925,0.46,-0.832,-0.815,0.779,0.839,0.746,0.926,0.671,-0.381,0.791,-0.321,0.369,0.877,0.231,-0.557,-0.879,0.209,0.869,0.401,0.686,0.366,-0.697,0.749,0.963,-0.162,0.813,0.801,0.431,0.896,0.068,0.87,-0.698,-0.829,0.043,-0.388,0.619,-0.709,-0.853,0.735,0.866,-0.411,0.806,0.782,0.791,0.892,-0.836,0.609,-0.533,0.787,-0.465,0.368,-0.018,0.955,0.131,0.098,0.928,-0.764,0.665,0.448,-0.298,-0.527,-0.616,0.658,-0.118,0.559,0.479,-0.343,-0.793,0.812,-0.691,0.933,-0.034,0.23,0.664,-0.512,0.932,0.869,0.951,0.772,0.88,0.402,0.933,-0.8,0.47,-0.454,0.677,0.707,0.953,-0.769,-0.85,0.38,0.975,-0.812,-0.333,0.067,-0.692,0.906,0.703,-0.514,0.903,0.877,-0.832,0.854,0.695,-0.905,0.8,0.747,-0.896,-0.64,0.126,0.9,0.45,-0.368,-0.783,0.801,0.796,0.917,0.66,0.685,-0.33,0.81
ARCT,-0.616,-0.611,-0.706,0.2,0.829,0.694,0.905,0.566,0.491,0.471,0.393,-0.551,0.802,0.019,0.207,0.778,-0.735,0.868,0.881,0.905,0.0,0.763,-0.337,0.373,0.005,0.808,-0.858,0.915,0.826,-0.572,-0.476,-0.841,-0.808,0.083,0.809,-0.169,-0.525,-0.787,0.804,-0.656,0.595,-0.806,-0.806,-0.779,-0.834,0.383,0.937,-0.871,0.217,0.206,0.825,-0.621,0.554,0.863,0.662,0.915,0.82,0.603,0.601,-0.847,0.353,0.878,-0.437,0.895,-0.251,0.628,-0.431,0.333,-0.81,0.793,0.03,0.349,-0.782,0.73,0.753,0.785,0.801,0.466,0.873,0.266,-0.827,-0.649,0.659,0.914,0.744,0.921,0.745,-0.369,0.85,-0.409,0.149,0.922,0.036,-0.521,-0.872,0.162,0.938,0.207,0.781,0.345,-0.656,0.856,0.928,-0.041,0.831,0.919,0.626,0.868,0.115,0.699,-0.765,-0.745,0.225,-0.389,0.757,-0.722,-0.789,0.621,0.957,-0.18,0.62,0.737,0.847,0.905,-0.816,0.687,-0.479,0.847,-0.276,0.38,-0.145,0.954,0.015,-0.085,0.854,-0.827,0.803,0.609,-0.377,-0.642,-0.719,0.551,-0.043,0.416,0.703,-0.105,-0.77,0.865,-0.624,0.866,0.155,0.037,0.739,-0.504,0.912,0.843,0.843,0.722,0.845,0.628,0.906,-0.78,0.679,-0.475,0.765,0.644,0.92,-0.546,-0.872,0.255,0.937,-0.889,-0.553,0.015,-0.485,0.954,0.679,-0.698,0.769,0.768,-0.848,0.901,0.485,-0.868,0.893,0.832,-0.83,-0.617,0.016,0.798,0.525,-0.351,-0.745,0.716,0.852,0.791,0.433,0.449,-0.216,0.735
ARWR,-0.238,-0.465,-0.65,-0.02,0.605,0.652,0.684,0.581,0.27,0.656,0.166,-0.405,0.619,0.098,0.402,0.608,-0.484,0.666,0.86,0.711,0.763,0.0,-0.052,0.498,0.08,0.752,-0.614,0.736,0.621,-0.17,-0.249,-0.611,-0.52,0.001,0.552,-0.008,-0.172,-0.506,0.75,-0.483,0.601,-0.545,-0.502,-0.5,-0.545,0.316,0.819,-0.606,0.195,0.43,0.811,-0.376,0.27,0.733,0.532,0.763,0.648,0.426,0.544,-0.681,0.426,0.799,-0.218,0.598,-0.058,0.454,-0.397,0.193,-0.592,0.683,0.192,0.691,-0.473,0.694,0.583,0.507,0.651,0.601,0.79,0.048,-0.616,-0.415,0.584,0.768,0.66,0.723,0.786,-0.339,0.762,-0.223,0.113,0.815,0.016,-0.451,-0.561,0.25,0.743,0.261,0.797,0.278,-0.217,0.685,0.752,0.037,0.764,0.823,0.61,0.744,0.33,0.478,-0.531,-0.428,0.465,-0.112,0.748,-0.519,-0.592,0.496,0.807,-0.066,0.357,0.502,0.836,0.767,-0.529,0.563,-0.118,0.715,-0.208,0.493,-0.285,0.774,0.041,-0.289,0.654,-0.564,0.733,0.494,-0.135,-0.396,-0.417,0.394,-0.04,0.209,0.697,0.073,-0.502,0.875,-0.297,0.789,0.363,0.092,0.665,-0.322,0.689,0.621,0.618,0.605,0.689,0.709,0.709,-0.492,0.531,-0.234,0.778,0.656,0.718,-0.377,-0.744,0.106,0.774,-0.641,-0.489,0.069,-0.157,0.845,0.574,-0.697,0.541,0.589,-0.577,0.786,0.28,-0.564,0.794,0.689,-0.553,-0.586,-0.213,0.594,0.343,-0.12,-0.376,0.49,0.836,0.628,0.331,0.304,-0.062,0.517
ASND,0.681,0.758,0.012,0.042,-0.331,-0.412,-0.449,0.25,-0.595,0.206,-0.018,0.256,-0.243,0.652,0.026,-0.435,0.552,-0.417,-0.017,-0.471,-0.337,-0.052,0.0,0.048,-0.409,-0.319,0.624,-0.451,-0.437,0.754,0.504,0.473,0.508,-0.195,-0.512,0.586,0.775,0.438,-0.453,0.616,0.357,0.554,0.52,0.695,0.505,-0.022,-0.4,0.484,-0.284,0.503,-0.493,0.139,-0.517,-0.333,0.118,-0.384,-0.134,-0.103,0.341,0.52,0.063,-0.283,0.685,-0.523,0.433,0.11,0.546,-0.212,0.436,-0.061,0.499,0.183,0.585,-0.184,-0.089,-0.547,-0.481,0.036,-0.513,-0.212,0.208,0.597,-0.423,-0.253,-0.365,-0.441,0.001,0.529,-0.366,0.275,-0.243,-0.24,-0.292,0.454,0.567,0.075,-0.201,-0.354,-0.299,0.078,0.686,-0.293,-0.491,0.697,-0.097,-0.374,-0.212,-0.298,0.285,-0.576,0.407,0.655,0.617,0.621,0.122,0.532,0.675,-0.511,-0.309,0.357,-0.526,-0.206,-0.145,-0.311,0.492,-0.382,0.344,-0.373,0.35,0.124,-0.071,-0.352,-0.046,-0.218,-0.535,0.377,-0.003,-0.051,0.411,0.292,0.558,-0.65,0.376,-0.413,-0.064,0.717,0.523,-0.126,0.763,-0.373,0.427,-0.147,0.082,0.728,-0.448,-0.443,-0.592,-0.415,-0.498,0.142,-0.412,0.539,-0.253,0.268,0.001,-0.427,-0.463,0.718,0.297,0.076,-0.427,0.48,0.075,0.233,0.597,-0.217,-0.028,0.101,-0.554,-0.377,0.367,-0.193,-0.513,0.605,-0.132,-0.148,0.597,0.151,0.053,-0.535,0.135,0.182,0.526,-0.632,-0.09,-0.634,-0.593,-0.533,0.523,-0.555
ASTH,0.049,-0.094,-0.198,-0.069,0.176,0.45,0.215,0.621,0.054,0.465,-0.206,-0.368,0.253,0.327,0.636,0.434,-0.028,0.312,0.417,0.254,0.373,0.498,0.048,0.0,0.433,0.258,-0.112,0.366,0.228,0.202,0.165,-0.008,0.045,-0.064,0.167,0.077,0.198,0.03,0.349,0.073,0.241,-0.134,0.019,-0.189,0.028,0.512,0.35,-0.032,-0.148,0.419,0.478,-0.146,0.272,0.413,0.474,0.459,0.21,0.164,0.135,-0.27,0.354,0.584,0.118,0.223,0.342,0.121,-0.513,-0.251,-0.133,0.519,0.46,0.592,0.117,0.412,0.385,0.003,0.354,0.691,0.358,0.025,-0.142,0.077,0.236,0.351,0.108,0.413,0.518,-0.014,0.442,0.358,0.086,0.462,-0.278,-0.099,-0.101,0.247,0.298,0.356,0.61,0.363,0.072,0.295,0.306,-0.026,0.372,0.491,0.591,0.42,0.727,0.113,-0.015,0.035,0.562,-0.019,0.545,-0.068,-0.171,0.179,0.417,0.212,0.038,0.17,0.556,0.387,-0.036,0.226,0.384,0.423,0.086,0.723,-0.047,0.352,0.387,-0.206,0.304,-0.057,0.485,0.13,0.047,0.001,-0.162,0.288,0.014,0.328,0.485,0.13,0.06,0.566,0.041,0.236,0.455,0.178,0.365,0.006,0.141,-0.004,0.157,0.439,0.485,0.417,0.145,0.1,0.348,0.214,0.413,0.557,0.309,-0.027,-0.107,-0.024,0.24,-0.232,-0.163,0.236,0.22,0.346,0.339,-0.372,0.134,0.07,-0.039,0.51,0.05,-0.029,0.423,0.429,-0.019,-0.014,-0.094,0.243,0.202,0.425,0.12,0.09,0.398,0.18,0.077,0.004,0.446,0.163
ATSG,-0.184,-0.288,0.456,-0.027,-0.064,0.414,0.034,-0.056,0.473,-0.22,-0.62,0.003,-0.033,-0.366,0.317,0.333,0.13,0.184,-0.097,0.165,0.005,0.08,-0.409,0.433,0.0,0.241,0.001,0.236,0.296,-0.087,0.158,0.204,0.212,0.465,0.316,-0.175,-0.045,0.32,0.365,-0.18,-0.512,0.01,0.185,-0.3,0.08,0.455,0.103,0.147,0.389,-0.031,0.36,0.435,0.303,0.298,-0.344,0.188,-0.13,0.134,-0.418,-0.241,0.4,0.22,-0.187,0.163,0.129,-0.518,-0.72,-0.038,0.031,0.083,-0.142,0.337,0.12,-0.079,-0.154,0.034,0.442,0.255,0.352,0.243,0.258,-0.093,0.494,-0.142,-0.126,0.187,0.184,-0.116,0.16,0.404,0.558,0.068,-0.006,0.028,0.108,0.395,-0.185,0.795,0.258,0.241,-0.062,0.069,0.187,-0.511,-0.076,0.145,0.126,0.142,0.242,0.295,0.343,-0.044,-0.045,-0.014,-0.04,0.138,-0.205,0.365,-0.037,-0.115,0.324,-0.141,0.142,0.043,0.199,0.269,0.467,0.096,-0.143,0.438,0.521,0.097,0.707,0.199,0.245,0.35,-0.225,-0.468,0.255,0.513,0.065,0.59,-0.106,0.531,-0.031,-0.577,0.212,0.148,-0.089,0.162,0.043,0.585,-0.233,-0.3,0.03,-0.166,0.241,0.444,0.395,-0.303,0.002,0.221,-0.13,0.487,0.03,0.603,0.123,-0.456,0.262,0.138,0.097,0.142,0.357,0.266,-0.06,-0.045,0.214,0.254,0.236,0.185,0.316,0.066,0.397,0.045,-0.103,-0.156,0.031,0.289,0.064,0.401,-0.116,0.516,0.194,0.21,-0.009,0.316,0.462,0.453,0.185,0.1
AVTX,-0.489,-0.562,-0.53,0.156,0.668,0.642,0.731,0.376,0.541,0.385,0.096,-0.446,0.605,-0.134,0.136,0.636,-0.481,0.728,0.769,0.847,0.808,0.752,-0.319,0.258,0.241,0.0,-0.658,0.841,0.843,-0.428,-0.276,-0.655,-0.608,0.286,0.798,-0.216,-0.351,-0.514,0.914,-0.639,0.43,-0.56,-0.559,-0.671,-0.742,0.355,0.878,-0.681,0.453,0.264,0.762,-0.281,0.378,0.837,0.301,0.761,0.61,0.631,0.453,-0.884,0.562,0.738,-0.404,0.758,-0.121,0.303,-0.503,0.321,-0.745,0.673,-0.059,0.477,-0.639,0.51,0.459,0.606,0.833,0.394,0.883,0.244,-0.633,-0.567,0.848,0.684,0.541,0.771,0.701,-0.215,0.806,-0.347,0.395,0.791,0.181,-0.263,-0.639,0.201,0.719,0.46,0.744,0.411,-0.485,0.76,0.846,-0.011,0.748,0.779,0.343,0.747,0.019,0.674,-0.478,-0.591,0.221,-0.116,0.617,-0.474,-0.684,0.695,0.785,-0.153,0.665,0.467,0.771,0.777,-0.581,0.705,-0.227,0.619,-0.329,0.355,0.016,0.859,0.226,-0.119,0.736,-0.571,0.511,0.266,-0.084,-0.286,-0.467,0.549,-0.202,0.389,0.578,-0.252,-0.551,0.775,-0.446,0.852,0.226,0.189,0.579,-0.514,0.785,0.755,0.787,0.762,0.76,0.479,0.816,-0.591,0.386,-0.249,0.833,0.7,0.761,-0.614,-0.692,0.272,0.876,-0.643,-0.389,0.027,-0.401,0.817,0.763,-0.542,0.723,0.851,-0.618,0.748,0.564,-0.702,0.726,0.595,-0.656,-0.649,-0.031,0.812,0.432,-0.193,-0.575,0.568,0.848,0.79,0.483,0.549,-0.196,0.531
BCPC,0.785,0.794,0.568,-0.124,-0.808,-0.663,-0.928,-0.209,-0.614,-0.216,-0.47,0.381,-0.761,0.333,-0.03,-0.738,0.921,-0.844,-0.651,-0.88,-0.858,-0.614,0.624,-0.112,0.001,-0.658,0.0,-0.854,-0.757,0.813,0.76,0.937,0.925,-0.094,-0.788,0.345,0.809,0.912,-0.704,0.841,-0.347,0.947,0.934,0.892,0.875,-0.155,-0.857,0.937,-0.297,0.189,-0.788,0.633,-0.642,-0.716,-0.441,-0.787,-0.747,-0.45,-0.353,0.796,-0.077,-0.699,0.695,-0.889,0.44,-0.513,0.395,-0.448,0.81,-0.521,0.316,-0.074,0.939,-0.592,-0.623,-0.908,-0.715,-0.192,-0.833,-0.296,0.789,0.858,-0.575,-0.819,-0.849,-0.861,-0.487,0.596,-0.739,0.507,-0.108,-0.747,-0.196,0.745,0.964,0.001,-0.817,-0.166,-0.596,-0.058,0.795,-0.7,-0.885,0.333,-0.658,-0.793,-0.514,-0.755,0.118,-0.801,0.88,0.906,0.181,0.615,-0.443,0.9,0.913,-0.672,-0.83,0.477,-0.662,-0.727,-0.628,-0.786,0.914,-0.581,0.696,-0.779,0.442,-0.086,0.218,-0.849,0.173,-0.111,-0.892,0.88,-0.619,-0.6,0.587,0.731,0.783,-0.659,0.2,-0.407,-0.441,0.381,0.913,-0.649,0.857,-0.836,0.178,-0.029,-0.548,0.662,-0.909,-0.862,-0.902,-0.596,-0.755,-0.399,-0.896,0.932,-0.583,0.629,-0.449,-0.569,-0.902,0.749,0.893,-0.157,-0.888,0.904,0.471,0.148,0.728,-0.814,-0.407,0.547,-0.825,-0.73,0.887,-0.713,-0.563,0.973,-0.707,-0.683,0.959,0.562,0.018,-0.78,-0.265,0.524,0.865,-0.881,-0.616,-0.866,-0.579,-0.585,0.558,-0.879
BEAM,-0.718,-0.663,-0.491,0.279,0.798,0.802,0.947,0.4,0.725,0.253,0.238,-0.348,0.847,-0.198,0.143,0.871,-0.757,0.955,0.801,0.973,0.915,0.736,-0.451,0.366,0.236,0.841,-0.854,0.0,0.927,-0.664,-0.576,-0.782,-0.783,0.333,0.922,-0.211,-0.606,-0.72,0.88,-0.804,0.414,-0.828,-0.79,-0.89,-0.81,0.484,0.95,-0.848,0.434,0.086,0.843,-0.457,0.676,0.912,0.464,0.902,0.824,0.7,0.508,-0.876,0.411,0.831,-0.598,0.948,-0.215,0.447,-0.519,0.45,-0.817,0.757,-0.196,0.327,-0.807,0.526,0.733,0.849,0.906,0.373,0.931,0.441,-0.796,-0.793,0.807,0.828,0.718,0.942,0.708,-0.373,0.805,-0.281,0.389,0.884,0.175,-0.534,-0.85,0.26,0.857,0.45,0.715,0.433,-0.694,0.754,0.962,-0.17,0.806,0.824,0.487,0.903,0.139,0.867,-0.651,-0.808,0.11,-0.365,0.656,-0.674,-0.831,0.771,0.885,-0.381,0.808,0.763,0.815,0.891,-0.788,0.629,-0.447,0.804,-0.473,0.457,0.048,0.97,0.209,0.087,0.925,-0.724,0.677,0.427,-0.317,-0.466,-0.605,0.704,-0.103,0.607,0.5,-0.331,-0.746,0.846,-0.673,0.931,0.025,0.29,0.672,-0.496,0.916,0.811,0.937,0.791,0.902,0.405,0.923,-0.751,0.464,-0.392,0.679,0.769,0.956,-0.755,-0.804,0.41,0.961,-0.796,-0.327,0.13,-0.647,0.906,0.733,-0.497,0.9,0.886,-0.781,0.873,0.693,-0.868,0.794,0.733,-0.856,-0.581,0.136,0.918,0.474,-0.301,-0.731,0.79,0.798,0.907,0.633,0.69,-0.259,0.794
BILI,-0.749,-0.552,-0.344,0.449,0.69,0.804,0.861,0.265,0.817,0.077,0.088,-0.189,0.827,-0.197,-0.025,0.859,-0.642,0.922,0.728,0.914,0.826,0.621,-0.437,0.228,0.296,0.843,-0.757,0.927,0.0,-0.689,-0.543,-0.674,-0.692,0.504,0.974,-0.106,-0.557,-0.594,0.866,-0.803,0.286,-0.693,-0.685,-0.865,-0.751,0.56,0.861,-0.766,0.57,0.157,0.727,-0.249,0.668,0.904,0.266,0.844,0.788,0.798,0.48,-0.804,0.58,0.766,-0.564,0.911,-0.26,0.333,-0.472,0.563,-0.737,0.719,-0.255,0.261,-0.744,0.364,0.626,0.826,0.942,0.258,0.893,0.584,-0.732,-0.764,0.869,0.669,0.611,0.846,0.688,-0.249,0.718,-0.186,0.606,0.811,0.151,-0.431,-0.738,0.441,0.753,0.568,0.596,0.488,-0.712,0.73,0.912,-0.18,0.683,0.704,0.298,0.873,0.054,0.889,-0.497,-0.775,0.067,-0.224,0.61,-0.513,-0.741,0.779,0.752,-0.406,0.895,0.741,0.739,0.78,-0.66,0.653,-0.415,0.651,-0.405,0.463,0.292,0.907,0.37,0.235,0.854,-0.581,0.534,0.227,-0.093,-0.275,-0.459,0.704,0.022,0.695,0.362,-0.408,-0.625,0.765,-0.605,0.915,-0.067,0.449,0.587,-0.428,0.864,0.739,0.917,0.853,0.877,0.206,0.878,-0.647,0.29,-0.262,0.612,0.773,0.89,-0.77,-0.684,0.574,0.914,-0.633,-0.122,0.272,-0.682,0.827,0.815,-0.293,0.91,0.901,-0.661,0.793,0.823,-0.79,0.658,0.568,-0.762,-0.539,0.309,0.973,0.598,-0.186,-0.695,0.723,0.744,0.847,0.714,0.803,-0.183,0.659
BJRI,0.94,0.671,0.141,-0.306,-0.593,-0.529,-0.746,0.206,-0.781,0.259,-0.335,0.064,-0.626,0.565,0.294,-0.628,0.812,-0.702,-0.258,-0.694,-0.572,-0.17,0.754,0.202,-0.087,-0.428,0.813,-0.664,-0.689,0.0,0.796,0.729,0.773,-0.339,-0.773,0.396,0.937,0.736,-0.493,0.833,0.055,0.806,0.798,0.863,0.711,-0.144,-0.582,0.762,-0.463,0.451,-0.491,0.354,-0.705,-0.521,-0.063,-0.539,-0.531,-0.432,-0.074,0.555,-0.014,-0.376,0.817,-0.783,0.534,-0.22,0.276,-0.598,0.585,-0.247,0.619,0.264,0.87,-0.163,-0.384,-0.866,-0.599,0.198,-0.602,-0.49,0.563,0.884,-0.505,-0.478,-0.64,-0.621,-0.159,0.48,-0.432,0.384,-0.298,-0.43,-0.313,0.594,0.797,-0.081,-0.522,-0.246,-0.22,-0.004,0.926,-0.425,-0.674,0.487,-0.322,-0.438,-0.164,-0.535,0.346,-0.821,0.644,0.897,0.547,0.635,-0.074,0.715,0.76,-0.632,-0.482,0.637,-0.771,-0.626,-0.269,-0.495,0.742,-0.406,0.716,-0.519,0.468,0.109,-0.155,-0.608,0.038,-0.486,-0.74,0.628,-0.236,-0.304,0.489,0.498,0.591,-0.695,0.155,-0.537,0.005,0.657,0.775,-0.289,0.914,-0.631,0.54,-0.211,-0.258,0.594,-0.744,-0.681,-0.812,-0.48,-0.583,0.105,-0.705,0.804,-0.259,0.499,-0.07,-0.429,-0.705,0.831,0.587,-0.316,-0.656,0.622,0.065,0.06,0.89,-0.483,-0.244,0.079,-0.798,-0.646,0.657,-0.402,-0.72,0.841,-0.339,-0.339,0.839,0.287,-0.27,-0.736,-0.182,0.454,0.823,-0.826,-0.259,-0.762,-0.685,-0.731,0.628,-0.758
