,AAL,AAON,ACB,ACGL,ACGLO,ACIW,ADBE,ADSK,AEP,AGIO,ALEC,ALNY,ALTR,AMBA,AMCX,AMKR,AMRX,ANSS,APPN,APTO,ARCT,ARWR,ASND,ASTH,ATSG,AVTX,BCPC,BEAM,BILI,BJRI,BLUE,BPOP,BRKL,BWIN,BZUN,CARG,CBRL,CBSH,CBUS,CENTA,CERS,CFFN,CHCO,CHEF,CHRD,CINF,CLLS,CMCO,CMCSA,COLL,COMM,COOP,CPB,CRON,CROX,CRUS,CRWD,CTAS,CYBR,CYTK,DGII,DIOD,DOMO,DPZ,DSGR,DXCM,ERIE,ESTA,EXEL,FAST,FCEL,FCFS,FHB,FITBI,FSV,FTDR,FUTU,GLDD,GLPG,GLPI,GOGO,GOSS,GSAT,GYRE,HALO,HAS,HLIT,HLNE,HSDT,HSIC,HTHT,ICHR,IDYA,IMVT,INDB,INSM,IONS,IOSP,ITRI,JBHT,JBLU,JSM,KLIC,KOD,KURA,LAB,LASR,LIN,LKQ,LNT,MBUU,MCRI,MDGL,MEDP,MGNI,MGPI,MGRC,MKTX,MRNA,MRTN,MSEX,MSFT,MU,NAVI,NBTB,NEO,NEOG,NGNE,NSSC,NTAP,NTES,NTLA,NTRS,NYMTN,OBLG,OCFC,ON,ONC,OPI,OSIS,OSW,PALI,PANW,PCAR,PCRX,PCTY,PEBO,PLAB,PLAY,PLMR,PLSE,PLUS,PRTA,PSEC,PSNL,PTCT,PTON,QNST,QRVO,QTTB,RARE,RBCAA,RGNX,SAIC,SGMO,SINT,SNPS,SPSC,SPTN,SSYS,STNE,TBBK,TCPC,TENB,TGTX,TREE,TRUP,TTWO,TW,TXG,UBSI,UCTT,UFPT,UMBF,UPBD,URBN,VBTX,VCTR,VEON,VNET,VRSK,VSEC,WABC,WTFCM,WVE,WW,WWD,XEL,ZD,ZYME
AAL,0.0,0.137,-0.058,0.314,-0.575,0.417,-0.227,0.067,-0.587,0.127,-0.241,-0.483,0.023,0.323,0.043,0.417,0.117,0.171,-0.267,-0.205,-0.417,0.073,0.136,0.138,0.521,0.386,0.318,0.137,-0.05,0.442,-0.592,0.623,0.675,0.317,0.198,-0.508,0.527,0.469,-0.091,0.12,-0.061,0.395,0.45,0.479,0.558,0.563,-0.633,0.435,0.463,0.237,-0.48,0.273,-0.29,0.075,0.353,-0.481,0.137,0.248,-0.389,-0.129,0.292,0.324,-0.314,-0.506,-0.148,0.353,0.292,0.453,-0.223,-0.118,-0.321,0.485,0.624,-0.687,0.408,-0.232,0.433,0.341,-0.462,0.299,-0.329,0.136,0.207,-0.049,-0.187,-0.338,-0.217,0.615,-0.068,-0.401,0.34,0.356,-0.132,-0.473,0.578,-0.186,-0.63,0.412,0.137,0.137,0.699,-0.57,0.376,-0.456,-0.013,-0.359,0.477,-0.034,0.487,-0.585,0.325,0.404,0.147,0.256,0.292,0.438,0.382,0.034,-0.025,-0.364,-0.495,-0.1,0.413,0.268,0.486,-0.14,-0.214,-0.31,0.411,0.638,-0.252,-0.136,0.304,0.36,0.014,0.557,0.329,-0.374,0.298,0.313,0.578,0.149,0.146,-0.07,0.335,-0.066,0.419,0.395,0.626,-0.44,-0.165,-0.007,0.457,0.596,-0.648,-0.394,-0.705,0.27,-0.142,-0.412,-0.138,0.471,-0.37,-0.425,-0.599,0.123,-0.265,0.157,-0.458,-0.299,0.304,0.481,0.37,-0.525,-0.467,0.001,-0.489,-0.562,0.418,0.002,0.584,0.352,0.603,0.603,0.377,0.603,0.388,0.193,0.261,-0.341,-0.053,0.174,0.445,-0.538,-0.157,0.217,0.073,-0.55,0.508,-0.268
AAON,0.137,0.0,0.794,0.631,-0.245,0.471,0.754,0.703,-0.159,0.853,0.737,0.364,0.868,0.598,-0.523,0.374,0.78,0.66,0.241,0.724,0.544,0.759,-0.011,0.747,0.579,0.425,0.656,0.74,0.694,0.824,0.126,0.548,0.311,0.624,0.714,0.572,0.646,0.576,0.715,0.764,0.791,0.086,0.324,0.479,0.542,0.2,-0.076,0.721,0.689,0.526,0.378,0.493,-0.409,0.799,0.596,-0.54,0.523,0.833,0.042,0.787,0.797,0.444,0.724,0.598,0.487,0.571,0.842,0.498,0.327,0.506,0.729,0.55,0.338,0.11,0.626,0.246,0.453,0.748,-0.293,0.584,0.1,0.48,0.529,0.403,0.725,-0.218,-0.253,0.471,0.232,0.58,0.733,0.498,0.82,-0.534,0.34,0.587,-0.332,0.701,0.711,0.701,0.44,0.276,0.491,0.727,0.748,-0.009,0.178,0.544,0.418,0.021,0.598,0.421,0.422,0.671,0.82,0.62,0.735,0.492,0.697,0.444,0.48,0.662,0.431,0.773,0.484,0.597,0.698,0.403,0.474,0.599,0.813,0.649,0.682,0.582,0.674,0.407,0.671,0.668,0.569,0.449,-0.027,0.477,0.663,0.71,0.81,0.763,0.415,0.557,0.618,0.587,0.714,0.771,0.206,0.345,0.035,0.689,0.115,0.726,-0.312,0.666,0.825,0.695,0.761,-0.122,0.149,0.712,0.643,0.662,0.322,0.724,0.669,0.447,0.405,-0.434,0.421,0.714,0.139,0.164,0.548,0.613,0.447,0.554,0.264,0.515,0.691,0.613,0.618,0.722,0.462,0.681,0.601,-0.459,0.392,0.002,0.669,0.553,0.201,-0.518,0.519,0.175
ACB,-0.058,0.794,0.0,0.465,-0.068,0.35,0.713,0.583,0.012,0.701,0.716,0.434,0.71,0.431,-0.535,0.139,0.693,0.492,0.286,0.671,0.619,0.62,0.01,0.639,0.35,0.31,0.421,0.65,0.651,0.644,0.234,0.38,0.129,0.45,0.592,0.683,0.425,0.349,0.701,0.607,0.773,-0.087,0.114,0.233,0.355,-0.022,-0.004,0.547,0.516,0.521,0.469,0.33,-0.32,0.94,0.432,-0.413,0.426,0.704,0.084,0.783,0.604,0.243,0.717,0.593,0.428,0.429,0.685,0.328,0.486,0.392,0.773,0.349,0.139,0.244,0.51,0.214,0.406,0.556,-0.183,0.429,0.107,0.403,0.516,0.451,0.731,-0.155,-0.168,0.216,0.086,0.547,0.487,0.33,0.851,-0.359,0.178,0.587,-0.124,0.458,0.577,0.509,0.193,0.434,0.337,0.711,0.624,0.183,0.018,0.351,0.232,0.137,0.448,0.205,0.252,0.535,0.615,0.452,0.524,0.415,0.675,0.422,0.587,0.66,0.206,0.65,0.273,0.516,0.522,0.495,0.277,0.33,0.772,0.68,0.465,0.415,0.632,0.234,0.486,0.653,0.354,0.2,-0.177,0.493,0.58,0.668,0.569,0.724,0.278,0.341,0.435,0.664,0.642,0.627,0.039,0.148,0.19,0.73,0.222,0.584,-0.292,0.695,0.848,0.483,0.766,-0.038,0.27,0.642,0.564,0.533,0.424,0.764,0.51,0.321,0.228,-0.293,0.408,0.629,0.326,0.26,0.37,0.486,0.236,0.383,0.055,0.297,0.473,0.365,0.419,0.547,0.405,0.712,0.62,-0.499,0.178,0.163,0.618,0.541,0.001,-0.378,0.341,0.112
ACGL,0.314,0.631,0.465,0.0,-0.739,0.899,0.606,0.777,-0.577,0.838,0.484,0.12,0.753,0.92,-0.058,0.867,0.787,0.875,-0.2,0.562,-0.093,0.813,0.451,0.843,0.853,0.886,0.839,0.507,0.736,0.805,-0.548,0.823,0.789,0.965,0.848,0.043,0.881,0.933,0.656,0.784,0.669,0.57,0.801,0.562,0.918,0.792,-0.469,0.808,0.885,0.503,-0.193,0.771,-0.701,0.655,0.922,-0.688,0.748,0.859,-0.442,0.491,0.886,0.874,0.312,0.28,0.56,0.805,0.787,0.919,-0.113,0.375,0.139,0.902,0.856,-0.264,0.927,0.338,0.885,0.927,-0.784,0.812,0.105,0.728,0.839,0.765,0.538,-0.586,-0.415,0.88,0.457,0.004,0.879,0.89,0.497,-0.838,0.832,0.577,-0.684,0.922,0.922,0.912,0.834,-0.325,0.896,0.374,0.82,-0.423,0.775,0.389,0.735,-0.424,0.817,0.644,0.411,0.939,0.894,0.913,0.957,0.037,0.403,0.36,-0.138,0.455,0.865,0.821,0.898,0.663,0.588,0.127,0.89,0.665,0.648,0.499,0.908,0.939,0.656,0.888,0.925,0.482,0.794,0.463,-0.013,0.72,0.833,0.532,0.909,0.524,0.551,0.947,0.796,0.182,0.263,0.723,0.795,0.854,-0.282,0.39,-0.357,0.841,-0.109,0.29,0.39,0.934,0.38,-0.455,-0.42,0.847,0.58,0.865,-0.014,0.241,0.92,0.896,0.907,-0.793,-0.141,0.622,-0.493,-0.399,0.917,0.694,0.884,0.918,0.761,0.885,0.954,0.846,0.935,0.878,0.861,0.56,0.724,0.127,0.868,-0.582,0.229,0.708,0.207,-0.766,0.775,0.469
ACGLO,-0.575,-0.245,-0.068,-0.739,0.0,-0.825,-0.25,-0.492,0.709,-0.506,-0.172,0.476,-0.414,-0.795,0.024,-0.836,-0.455,-0.671,0.36,-0.206,0.378,-0.433,-0.436,-0.621,-0.646,-0.79,-0.499,-0.234,-0.452,-0.593,0.845,-0.806,-0.748,-0.754,-0.567,0.501,-0.741,-0.752,-0.231,-0.488,-0.286,-0.431,-0.608,-0.39,-0.889,-0.869,0.756,-0.738,-0.737,-0.144,0.403,-0.486,0.747,-0.313,-0.794,0.742,-0.65,-0.567,0.688,-0.118,-0.599,-0.687,0.145,0.22,-0.039,-0.762,-0.596,-0.817,0.321,0.103,0.291,-0.822,-0.861,0.689,-0.757,-0.077,-0.817,-0.669,0.857,-0.778,0.177,-0.573,-0.62,-0.441,-0.083,0.535,0.607,-0.877,-0.119,0.474,-0.723,-0.815,-0.064,0.85,-0.748,-0.111,0.838,-0.639,-0.601,-0.544,-0.826,0.657,-0.854,0.215,-0.34,0.551,-0.796,-0.043,-0.639,0.674,-0.522,-0.441,-0.094,-0.738,-0.617,-0.815,-0.735,-0.079,-0.197,0.228,0.546,-0.25,-0.836,-0.563,-0.701,-0.281,-0.074,0.296,-0.742,-0.571,-0.157,-0.1,-0.654,-0.799,-0.212,-0.828,-0.744,-0.066,-0.473,-0.199,-0.237,-0.539,-0.657,-0.016,-0.629,-0.181,-0.376,-0.833,-0.677,0.087,0.092,-0.325,-0.891,-0.902,0.572,0.125,0.642,-0.611,-0.053,0.17,0.06,-0.716,0.052,0.795,0.785,-0.499,-0.244,-0.517,0.493,0.1,-0.766,-0.907,-0.82,0.805,0.53,-0.302,0.798,0.597,-0.846,-0.503,-0.784,-0.793,-0.868,-0.867,-0.74,-0.742,-0.704,-0.591,-0.567,-0.123,-0.338,-0.118,-0.694,0.808,0.075,-0.502,-0.068,0.819,-0.723,-0.067
ACIW,0.417,0.471,0.35,0.899,-0.825,0.0,0.499,0.738,-0.546,0.665,0.357,-0.085,0.635,0.924,-0.071,0.842,0.731,0.826,-0.235,0.47,-0.146,0.746,0.556,0.756,0.805,0.921,0.654,0.519,0.662,0.766,-0.686,0.86,0.778,0.872,0.743,-0.133,0.86,0.857,0.589,0.618,0.593,0.489,0.69,0.483,0.928,0.83,-0.564,0.813,0.826,0.395,-0.335,0.66,-0.746,0.564,0.91,-0.704,0.791,0.797,-0.512,0.404,0.803,0.875,0.209,0.093,0.354,0.863,0.756,0.891,-0.055,0.266,-0.023,0.892,0.85,-0.402,0.891,0.215,0.906,0.801,-0.804,0.805,-0.056,0.778,0.792,0.694,0.425,-0.556,-0.493,0.872,0.29,-0.245,0.818,0.923,0.367,-0.85,0.82,0.461,-0.695,0.81,0.825,0.797,0.818,-0.409,0.916,0.136,0.673,-0.289,0.811,0.258,0.778,-0.462,0.69,0.484,0.337,0.874,0.826,0.855,0.874,0.1,0.401,0.08,-0.246,0.461,0.907,0.768,0.805,0.548,0.397,0.135,0.822,0.642,0.467,0.461,0.792,0.89,0.554,0.857,0.899,0.307,0.609,0.405,0.068,0.719,0.838,0.306,0.805,0.448,0.428,0.93,0.745,0.107,0.195,0.524,0.866,0.87,-0.283,0.198,-0.453,0.791,0.005,0.123,0.276,0.843,0.232,-0.593,-0.481,0.726,0.46,0.799,-0.213,0.166,0.912,0.917,0.865,-0.788,-0.223,0.525,-0.56,-0.389,0.91,0.668,0.849,0.927,0.86,0.884,0.863,0.738,0.861,0.754,0.748,0.441,0.69,0.117,0.765,-0.671,0.184,0.656,0.094,-0.763,0.775,0.29
ADBE,-0.227,0.754,0.713,0.606,-0.25,0.499,0.0,0.869,0.035,0.762,0.927,0.403,0.904,0.67,-0.447,0.397,0.719,0.794,0.327,0.907,0.588,0.771,0.264,0.753,0.356,0.477,0.454,0.664,0.882,0.578,0.078,0.444,0.072,0.625,0.673,0.59,0.484,0.461,0.799,0.755,0.91,0.034,0.17,0.293,0.449,0.117,0.071,0.607,0.605,0.256,0.52,0.537,-0.515,0.779,0.621,-0.457,0.725,0.792,-0.067,0.8,0.711,0.462,0.821,0.733,0.455,0.621,0.754,0.414,0.357,0.488,0.708,0.47,0.199,0.272,0.488,0.392,0.45,0.649,-0.287,0.716,0.351,0.613,0.567,0.556,0.78,-0.089,-0.488,0.307,0.328,0.515,0.67,0.593,0.738,-0.537,0.151,0.736,-0.154,0.509,0.803,0.716,0.216,0.348,0.571,0.783,0.761,0.033,0.187,0.481,0.339,0.174,0.462,0.286,0.19,0.695,0.729,0.557,0.617,0.427,0.708,0.466,0.511,0.863,0.462,0.76,0.331,0.743,0.71,0.413,0.366,0.242,0.878,0.73,0.674,0.574,0.681,0.264,0.682,0.895,0.383,0.323,-0.345,0.638,0.799,0.666,0.671,0.821,0.126,0.557,0.356,0.772,0.706,0.819,0.315,0.266,0.377,0.779,0.388,0.744,-0.077,0.812,0.714,0.486,0.892,-0.186,0.223,0.704,0.909,0.74,0.353,0.828,0.73,0.481,0.482,-0.311,0.437,0.816,0.138,0.35,0.505,0.828,0.31,0.606,0.22,0.402,0.564,0.404,0.545,0.734,0.422,0.863,0.73,-0.404,0.271,-0.003,0.711,0.481,0.155,-0.409,0.414,0.306
ADSK,0.067,0.703,0.583,0.777,-0.492,0.738,0.869,0.0,-0.175,0.795,0.752,0.311,0.914,0.851,-0.295,0.603,0.746,0.887,0.048,0.819,0.363,0.89,0.399,0.786,0.624,0.722,0.633,0.769,0.863,0.729,-0.236,0.697,0.421,0.79,0.738,0.377,0.752,0.684,0.828,0.765,0.921,0.275,0.459,0.559,0.685,0.44,-0.179,0.765,0.705,0.328,0.229,0.731,-0.705,0.751,0.842,-0.619,0.798,0.923,-0.205,0.716,0.859,0.711,0.725,0.446,0.462,0.841,0.795,0.616,0.305,0.503,0.44,0.702,0.519,0.03,0.674,0.263,0.656,0.762,-0.45,0.822,0.197,0.786,0.623,0.592,0.72,-0.185,-0.51,0.604,0.388,0.302,0.797,0.832,0.679,-0.732,0.466,0.779,-0.355,0.727,0.917,0.868,0.534,0.117,0.735,0.576,0.847,-0.05,0.476,0.582,0.675,-0.061,0.673,0.564,0.27,0.785,0.858,0.688,0.788,0.349,0.606,0.402,0.25,0.693,0.701,0.884,0.598,0.682,0.686,0.415,0.567,0.46,0.739,0.769,0.848,0.749,0.715,0.541,0.858,0.774,0.509,0.447,-0.028,0.698,0.894,0.584,0.783,0.819,0.372,0.764,0.62,0.481,0.654,0.815,0.558,0.563,0.202,0.652,0.087,0.871,-0.038,0.616,0.644,0.718,0.695,-0.402,-0.0,0.746,0.769,0.898,0.126,0.614,0.864,0.691,0.699,-0.527,0.319,0.822,-0.063,0.141,0.721,0.861,0.62,0.828,0.545,0.687,0.764,0.588,0.804,0.827,0.59,0.755,0.775,-0.161,0.553,-0.234,0.612,0.493,0.322,-0.533,0.547,0.384
AEP,-0.587,-0.159,0.012,-0.577,0.709,-0.546,0.035,-0.175,0.0,-0.394,0.059,0.371,-0.206,-0.547,-0.202,-0.778,-0.41,-0.456,0.308,-0.038,0.578,-0.273,-0.382,-0.388,-0.641,-0.655,-0.51,-0.031,-0.172,-0.416,0.718,-0.527,-0.7,-0.545,-0.513,0.53,-0.511,-0.678,-0.104,-0.341,-0.027,-0.533,-0.583,-0.272,-0.694,-0.732,0.484,-0.431,-0.594,-0.382,0.403,-0.418,0.414,-0.157,-0.549,0.339,-0.384,-0.328,0.595,0.191,-0.417,-0.626,0.379,0.198,-0.127,-0.361,-0.355,-0.728,0.547,0.196,0.236,-0.684,-0.781,0.678,-0.626,-0.336,-0.675,-0.624,0.754,-0.385,-0.025,-0.305,-0.596,-0.436,-0.099,0.789,0.265,-0.751,-0.24,0.357,-0.587,-0.538,0.1,0.51,-0.665,0.104,0.789,-0.582,-0.401,-0.378,-0.717,0.777,-0.629,0.213,-0.276,0.739,-0.76,0.151,-0.335,0.878,-0.452,-0.348,-0.258,-0.583,-0.47,-0.668,-0.608,0.324,-0.104,0.161,0.57,0.059,-0.616,-0.303,-0.636,-0.308,-0.125,0.386,-0.757,-0.646,-0.068,0.121,-0.47,-0.64,-0.232,-0.781,-0.559,0.108,-0.601,-0.226,-0.11,-0.503,-0.285,-0.058,-0.505,0.131,-0.303,-0.667,-0.559,0.266,0.264,-0.219,-0.685,-0.75,0.649,0.285,0.626,-0.348,-0.069,0.19,0.224,-0.627,0.191,0.365,0.736,-0.49,-0.12,-0.314,0.326,0.218,-0.517,-0.65,-0.593,0.648,0.621,-0.238,0.737,0.784,-0.604,-0.23,-0.678,-0.585,-0.622,-0.638,-0.614,-0.723,-0.497,-0.393,-0.588,0.06,-0.053,-0.284,-0.61,0.752,0.328,-0.603,0.109,0.806,-0.733,-0.087
AGIO,0.127,0.853,0.701,0.838,-0.506,0.665,0.762,0.795,-0.394,0.0,0.732,0.28,0.909,0.799,-0.332,0.629,0.811,0.818,-0.065,0.747,0.315,0.839,0.12,0.914,0.676,0.631,0.804,0.677,0.799,0.806,-0.142,0.685,0.509,0.839,0.805,0.379,0.768,0.729,0.724,0.83,0.802,0.224,0.534,0.492,0.749,0.482,-0.25,0.837,0.798,0.451,0.242,0.633,-0.662,0.781,0.811,-0.646,0.668,0.892,-0.2,0.711,0.854,0.661,0.58,0.495,0.561,0.733,0.851,0.696,0.129,0.372,0.49,0.754,0.577,-0.03,0.789,0.335,0.657,0.881,-0.544,0.758,0.102,0.661,0.673,0.6,0.729,-0.37,-0.386,0.67,0.347,0.393,0.848,0.723,0.785,-0.709,0.54,0.627,-0.486,0.826,0.871,0.836,0.612,0.044,0.701,0.65,0.866,-0.257,0.434,0.57,0.547,-0.199,0.753,0.593,0.32,0.853,0.895,0.792,0.888,0.323,0.59,0.48,0.231,0.577,0.65,0.835,0.691,0.662,0.684,0.279,0.69,0.56,0.823,0.656,0.831,0.81,0.661,0.646,0.828,0.731,0.702,0.359,-0.01,0.616,0.818,0.622,0.904,0.708,0.517,0.771,0.707,0.499,0.536,0.837,0.457,0.596,-0.082,0.671,-0.07,0.796,-0.129,0.59,0.699,0.841,0.695,-0.362,-0.117,0.809,0.693,0.764,0.142,0.566,0.821,0.706,0.679,-0.613,0.214,0.711,-0.16,-0.057,0.771,0.727,0.651,0.753,0.509,0.706,0.876,0.733,0.804,0.855,0.649,0.751,0.645,-0.267,0.64,-0.208,0.481,0.668,0.317,-0.663,0.589,0.361
ALEC,-0.241,0.737,0.716,0.484,-0.172,0.357,0.927,0.752,0.059,0.732,0.0,0.393,0.849,0.53,-0.546,0.259,0.611,0.652,0.335,0.857,0.665,0.657,0.155,0.699,0.251,0.316,0.421,0.633,0.79,0.496,0.205,0.386,-0.036,0.515,0.55,0.616,0.379,0.345,0.689,0.705,0.852,-0.053,0.059,0.249,0.362,-0.024,0.088,0.561,0.506,0.178,0.631,0.464,-0.459,0.743,0.486,-0.451,0.575,0.707,-0.082,0.827,0.636,0.287,0.796,0.664,0.34,0.54,0.699,0.261,0.425,0.373,0.746,0.357,0.084,0.301,0.348,0.27,0.294,0.579,-0.161,0.675,0.306,0.554,0.424,0.396,0.715,0.01,-0.475,0.19,0.243,0.577,0.575,0.46,0.762,-0.46,0.008,0.699,-0.088,0.411,0.683,0.554,0.13,0.433,0.454,0.766,0.665,0.067,0.03,0.458,0.21,0.159,0.375,0.25,0.094,0.574,0.636,0.503,0.519,0.474,0.676,0.406,0.547,0.774,0.283,0.728,0.235,0.608,0.617,0.42,0.233,0.138,0.806,0.64,0.606,0.475,0.576,0.147,0.556,0.868,0.307,0.253,-0.286,0.518,0.681,0.618,0.58,0.77,0.127,0.423,0.278,0.765,0.736,0.79,0.179,0.145,0.361,0.776,0.41,0.652,-0.164,0.873,0.719,0.393,0.913,-0.152,0.279,0.604,0.842,0.601,0.36,0.876,0.618,0.397,0.35,-0.248,0.474,0.755,0.226,0.396,0.376,0.697,0.205,0.471,0.1,0.309,0.469,0.343,0.448,0.676,0.261,0.786,0.524,-0.501,0.168,0.117,0.775,0.389,0.171,-0.383,0.294,0.21
ALNY,-0.483,0.364,0.434,0.12,0.476,-0.085,0.403,0.311,0.371,0.28,0.393,0.0,0.341,-0.047,0.053,-0.183,0.273,0.057,0.278,0.375,0.45,0.404,0.039,0.101,0.125,-0.061,0.325,0.365,0.28,0.127,0.526,-0.17,-0.141,0.131,0.217,0.823,-0.0,0.059,0.461,0.304,0.461,0.137,0.128,0.27,-0.154,-0.312,0.496,-0.078,-0.077,0.384,0.355,0.347,0.195,0.349,-0.019,0.232,-0.06,0.257,0.358,0.476,0.266,0.069,0.648,0.597,0.627,-0.07,0.063,-0.094,0.54,0.661,0.561,-0.049,-0.207,0.692,-0.021,0.23,-0.132,0.155,0.36,-0.104,0.472,0.131,0.056,0.238,0.496,0.166,0.323,-0.22,0.473,0.704,0.049,-0.055,0.577,0.223,-0.099,0.663,0.446,0.208,0.275,0.364,-0.155,0.605,-0.12,0.778,0.527,0.382,-0.248,0.583,0.065,0.52,0.345,0.229,0.424,0.04,0.2,-0.045,0.081,-0.103,0.245,0.811,0.633,0.131,-0.171,0.281,0.108,0.36,0.678,0.704,-0.014,-0.043,0.516,0.481,0.232,0.01,0.548,-0.107,0.042,0.55,0.272,0.347,-0.284,0.102,0.046,0.644,0.155,0.382,0.181,-0.075,0.018,0.242,0.573,0.475,-0.31,-0.26,0.549,0.76,0.495,0.175,-0.273,0.673,0.573,0.113,0.56,0.571,0.692,0.25,0.348,0.347,0.772,0.453,0.032,-0.235,-0.066,0.116,0.713,0.407,0.611,0.465,-0.159,0.095,-0.048,-0.005,-0.315,-0.154,0.125,-0.075,0.178,0.224,0.177,0.532,0.36,0.059,0.08,0.455,0.44,0.062,0.217,0.293,-0.14,0.608
ALTR,0.023,0.868,0.71,0.753,-0.414,0.635,0.904,0.914,-0.206,0.909,0.849,0.341,0.0,0.798,-0.449,0.552,0.813,0.863,0.174,0.855,0.496,0.879,0.203,0.865,0.576,0.612,0.669,0.757,0.887,0.794,-0.05,0.635,0.337,0.756,0.795,0.49,0.724,0.654,0.819,0.85,0.905,0.147,0.37,0.513,0.65,0.338,-0.127,0.776,0.74,0.374,0.397,0.646,-0.637,0.808,0.776,-0.61,0.76,0.918,-0.126,0.789,0.872,0.614,0.771,0.585,0.497,0.767,0.868,0.594,0.278,0.468,0.636,0.678,0.433,0.067,0.671,0.343,0.574,0.813,-0.438,0.792,0.215,0.693,0.632,0.558,0.782,-0.207,-0.495,0.557,0.325,0.481,0.83,0.731,0.783,-0.67,0.367,0.69,-0.375,0.734,0.889,0.829,0.486,0.194,0.687,0.717,0.861,-0.099,0.353,0.559,0.528,-0.045,0.643,0.503,0.295,0.809,0.892,0.706,0.818,0.424,0.742,0.446,0.376,0.752,0.611,0.874,0.549,0.727,0.751,0.351,0.537,0.488,0.852,0.72,0.821,0.728,0.716,0.494,0.824,0.849,0.566,0.396,-0.101,0.645,0.852,0.677,0.849,0.839,0.357,0.719,0.633,0.629,0.731,0.899,0.416,0.487,0.134,0.728,0.171,0.87,-0.128,0.718,0.754,0.729,0.816,-0.308,0.055,0.808,0.827,0.815,0.244,0.734,0.836,0.625,0.609,-0.499,0.376,0.844,-0.014,0.168,0.671,0.843,0.547,0.749,0.422,0.628,0.773,0.636,0.743,0.851,0.539,0.806,0.703,-0.382,0.475,-0.12,0.694,0.596,0.278,-0.578,0.55,0.303
AMBA,0.323,0.598,0.431,0.92,-0.795,0.924,0.67,0.851,-0.547,0.799,0.53,-0.047,0.798,0.0,-0.173,0.889,0.797,0.957,-0.13,0.657,-0.013,0.824,0.49,0.843,0.765,0.921,0.672,0.577,0.808,0.78,-0.595,0.832,0.688,0.905,0.832,-0.024,0.869,0.86,0.696,0.729,0.709,0.418,0.624,0.495,0.915,0.775,-0.443,0.84,0.872,0.367,-0.11,0.713,-0.796,0.642,0.962,-0.703,0.901,0.871,-0.445,0.472,0.85,0.88,0.354,0.255,0.388,0.886,0.835,0.885,-0.091,0.297,0.157,0.9,0.805,-0.338,0.885,0.344,0.895,0.867,-0.81,0.877,0.087,0.788,0.813,0.728,0.584,-0.546,-0.59,0.862,0.352,-0.073,0.913,0.962,0.444,-0.88,0.725,0.506,-0.699,0.824,0.924,0.862,0.773,-0.33,0.944,0.294,0.772,-0.404,0.786,0.305,0.714,-0.44,0.698,0.525,0.285,0.946,0.895,0.869,0.924,0.184,0.525,0.168,-0.133,0.592,0.94,0.813,0.764,0.691,0.521,0.08,0.825,0.652,0.621,0.549,0.853,0.92,0.611,0.819,0.969,0.523,0.634,0.399,-0.013,0.798,0.919,0.409,0.877,0.582,0.386,0.97,0.745,0.302,0.305,0.68,0.836,0.847,-0.179,0.323,-0.265,0.869,0.077,0.297,0.363,0.851,0.422,-0.593,-0.42,0.82,0.664,0.86,-0.131,0.341,0.969,0.927,0.886,-0.731,-0.132,0.683,-0.508,-0.288,0.928,0.841,0.815,0.973,0.808,0.872,0.895,0.794,0.868,0.834,0.756,0.568,0.719,-0.022,0.724,-0.613,0.29,0.709,0.154,-0.79,0.789,0.313
AMCX,0.043,-0.523,-0.535,-0.058,0.024,-0.071,-0.447,-0.295,-0.202,-0.332,-0.546,0.053,-0.449,-0.173,0.0,0.126,-0.235,-0.203,-0.178,-0.419,-0.652,-0.222,0.314,-0.339,0.061,0.059,0.003,-0.46,-0.348,-0.385,-0.322,-0.274,0.169,-0.039,-0.132,-0.375,-0.207,0.048,-0.205,-0.266,-0.417,0.476,0.327,-0.055,-0.094,0.191,0.071,-0.38,-0.25,0.042,-0.511,0.078,0.294,-0.446,-0.149,0.472,-0.259,-0.371,-0.142,-0.604,-0.252,0.144,-0.52,-0.24,0.244,-0.349,-0.503,0.027,-0.406,0.008,-0.51,-0.04,0.125,-0.039,-0.122,0.163,-0.015,-0.149,-0.045,-0.362,0.335,-0.16,-0.026,0.134,-0.3,-0.245,0.354,0.017,0.463,-0.344,-0.216,-0.115,-0.496,0.251,0.171,-0.141,0.023,-0.062,-0.165,-0.048,0.047,-0.413,-0.091,-0.31,-0.151,-0.259,0.267,-0.141,-0.049,-0.225,0.1,0.044,0.259,-0.167,-0.276,-0.109,-0.178,-0.715,-0.494,0.156,-0.417,-0.492,-0.011,-0.336,0.144,-0.07,-0.022,-0.178,0.151,-0.005,-0.368,-0.38,-0.125,-0.031,-0.095,0.112,-0.173,-0.345,0.144,0.156,-0.102,-0.047,-0.379,-0.143,-0.223,-0.578,0.014,-0.061,-0.144,-0.599,-0.514,-0.309,0.156,0.09,-0.15,-0.352,-0.262,-0.323,0.224,-0.392,-0.593,-0.099,-0.526,0.224,-0.218,-0.161,-0.279,-0.114,0.018,-0.578,-0.237,-0.121,0.082,-0.003,-0.346,-0.254,-0.243,-0.392,-0.115,-0.354,0.037,-0.09,-0.0,-0.122,-0.087,-0.102,-0.08,-0.242,0.13,-0.296,-0.178,0.773,0.2,-0.288,-0.587,-0.119,-0.054,0.211,-0.002,0.414
AMKR,0.417,0.374,0.139,0.867,-0.836,0.842,0.397,0.603,-0.778,0.629,0.259,-0.183,0.552,0.889,0.126,0.0,0.664,0.836,-0.174,0.396,-0.398,0.634,0.609,0.665,0.785,0.914,0.645,0.269,0.598,0.62,-0.779,0.718,0.762,0.855,0.777,-0.318,0.748,0.886,0.448,0.603,0.399,0.618,0.725,0.431,0.894,0.885,-0.467,0.641,0.811,0.387,-0.345,0.692,-0.627,0.381,0.841,-0.522,0.783,0.647,-0.609,0.113,0.7,0.888,-0.013,0.114,0.348,0.685,0.625,0.936,-0.435,0.187,-0.097,0.893,0.892,-0.507,0.833,0.453,0.876,0.824,-0.916,0.72,0.205,0.625,0.826,0.736,0.357,-0.74,-0.507,0.894,0.438,-0.269,0.856,0.858,0.12,-0.77,0.777,0.254,-0.81,0.778,0.782,0.753,0.818,-0.653,0.927,0.082,0.611,-0.692,0.925,0.095,0.604,-0.657,0.662,0.476,0.374,0.885,0.75,0.853,0.851,-0.172,0.316,0.074,-0.425,0.319,0.929,0.602,0.809,0.65,0.435,-0.207,0.914,0.69,0.409,0.206,0.768,0.891,0.485,0.893,0.868,0.26,0.723,0.433,-0.067,0.774,0.683,0.298,0.779,0.213,0.319,0.946,0.669,0.007,-0.001,0.516,0.927,0.911,-0.397,0.034,-0.438,0.682,0.107,0.054,-0.005,0.798,0.126,-0.487,-0.644,0.749,0.522,0.721,-0.181,0.025,0.858,0.891,0.897,-0.755,-0.426,0.521,-0.752,-0.59,0.852,0.65,0.842,0.903,0.808,0.831,0.841,0.837,0.779,0.701,0.794,0.308,0.495,0.26,0.777,-0.817,-0.045,0.73,0.016,-0.821,0.869,0.353
AMRX,0.117,0.78,0.693,0.787,-0.455,0.731,0.719,0.746,-0.41,0.811,0.611,0.273,0.813,0.797,-0.235,0.664,0.0,0.812,0.206,0.743,0.228,0.857,0.382,0.755,0.729,0.759,0.651,0.682,0.758,0.796,-0.239,0.565,0.46,0.76,0.888,0.325,0.688,0.754,0.812,0.731,0.773,0.293,0.461,0.396,0.716,0.445,-0.143,0.699,0.774,0.649,0.05,0.589,-0.488,0.772,0.741,-0.454,0.741,0.839,-0.214,0.592,0.849,0.736,0.526,0.565,0.541,0.639,0.839,0.748,0.118,0.431,0.541,0.757,0.548,-0.099,0.794,0.52,0.728,0.846,-0.575,0.618,0.264,0.683,0.805,0.745,0.786,-0.569,-0.365,0.63,0.418,0.244,0.85,0.71,0.655,-0.609,0.528,0.574,-0.504,0.766,0.838,0.824,0.56,-0.059,0.743,0.59,0.81,-0.178,0.529,0.314,0.49,-0.262,0.668,0.296,0.57,0.855,0.898,0.756,0.842,0.136,0.767,0.345,0.269,0.649,0.684,0.79,0.617,0.784,0.751,0.361,0.749,0.699,0.801,0.629,0.73,0.76,0.856,0.645,0.828,0.565,0.666,0.458,-0.248,0.798,0.752,0.629,0.84,0.595,0.248,0.774,0.621,0.457,0.51,0.697,0.533,0.587,-0.037,0.535,-0.049,0.774,-0.127,0.573,0.586,0.782,0.632,-0.181,-0.04,0.871,0.723,0.797,0.271,0.599,0.841,0.644,0.603,-0.601,0.158,0.798,-0.15,-0.092,0.692,0.691,0.584,0.791,0.469,0.597,0.818,0.664,0.683,0.753,0.699,0.671,0.752,-0.194,0.517,-0.354,0.423,0.829,-0.093,-0.68,0.749,0.337
ANSS,0.171,0.66,0.492,0.875,-0.671,0.826,0.794,0.887,-0.456,0.818,0.652,0.057,0.863,0.957,-0.203,0.836,0.812,0.0,0.043,0.752,0.111,0.84,0.482,0.853,0.676,0.856,0.638,0.569,0.864,0.73,-0.445,0.724,0.531,0.866,0.845,0.113,0.772,0.783,0.746,0.772,0.763,0.329,0.519,0.416,0.811,0.639,-0.265,0.775,0.855,0.371,0.081,0.684,-0.732,0.679,0.913,-0.605,0.936,0.859,-0.339,0.518,0.82,0.838,0.463,0.455,0.458,0.819,0.826,0.815,-0.089,0.359,0.33,0.815,0.67,-0.183,0.82,0.493,0.813,0.856,-0.749,0.863,0.241,0.761,0.825,0.764,0.679,-0.499,-0.586,0.752,0.396,0.089,0.904,0.891,0.48,-0.794,0.58,0.537,-0.591,0.767,0.932,0.866,0.632,-0.216,0.89,0.456,0.806,-0.389,0.704,0.32,0.585,-0.329,0.638,0.454,0.287,0.942,0.884,0.82,0.884,0.209,0.602,0.275,0.022,0.705,0.873,0.782,0.668,0.809,0.623,0.093,0.752,0.582,0.732,0.59,0.826,0.87,0.641,0.705,0.947,0.659,0.618,0.375,-0.185,0.825,0.917,0.511,0.866,0.645,0.286,0.915,0.645,0.472,0.383,0.759,0.749,0.729,-0.022,0.427,-0.048,0.855,0.102,0.44,0.426,0.772,0.568,-0.464,-0.303,0.86,0.821,0.862,0.01,0.474,0.944,0.841,0.814,-0.607,-0.015,0.773,-0.398,-0.154,0.847,0.92,0.7,0.914,0.664,0.761,0.832,0.737,0.792,0.825,0.723,0.677,0.756,-0.116,0.615,-0.492,0.372,0.72,0.141,-0.722,0.761,0.311
APPN,-0.267,0.241,0.286,-0.2,0.36,-0.235,0.327,0.048,0.308,-0.065,0.335,0.278,0.174,-0.13,-0.178,-0.174,0.206,0.043,0.0,0.283,0.419,0.097,0.077,-0.091,-0.183,-0.125,-0.244,0.116,0.209,0.018,0.385,-0.346,-0.483,-0.159,0.2,0.422,-0.227,-0.128,0.269,0.116,0.164,-0.17,-0.393,-0.083,-0.251,-0.481,0.414,-0.246,-0.08,0.221,0.407,-0.035,0.403,0.216,-0.262,0.257,0.125,-0.007,0.171,0.158,0.033,-0.223,0.359,0.537,0.09,-0.225,0.083,-0.181,0.162,0.306,0.638,-0.196,-0.413,0.309,-0.218,0.317,-0.194,-0.038,0.166,-0.111,0.549,-0.101,0.096,0.079,0.25,0.078,-0.077,-0.33,0.135,0.398,0.038,-0.241,0.079,0.25,-0.471,0.03,0.174,-0.212,-0.006,-0.038,-0.344,0.327,-0.071,0.389,0.0,0.119,-0.243,-0.198,-0.344,0.302,-0.171,-0.399,0.31,-0.022,0.045,-0.105,-0.136,0.024,0.513,0.119,0.55,0.438,-0.249,0.018,-0.341,0.337,0.325,0.098,-0.252,0.065,0.29,-0.011,-0.082,-0.17,0.276,-0.352,-0.084,0.284,-0.077,0.164,-0.541,0.175,-0.105,0.445,-0.022,0.114,-0.46,-0.202,-0.185,0.413,0.401,0.164,-0.244,-0.301,0.33,0.234,0.579,0.072,-0.265,0.44,0.179,-0.236,0.392,0.494,0.437,0.189,0.412,0.032,0.644,0.541,-0.021,-0.273,-0.241,0.215,0.344,0.384,0.397,0.366,-0.358,0.106,-0.376,-0.129,-0.465,-0.353,-0.205,-0.088,-0.273,-0.046,-0.119,0.133,0.093,-0.347,-0.447,0.22,0.454,0.168,-0.478,0.083,0.119,-0.053
APTO,-0.205,0.724,0.671,0.562,-0.206,0.47,0.907,0.819,-0.038,0.747,0.857,0.375,0.855,0.657,-0.419,0.396,0.743,0.752,0.283,0.0,0.551,0.754,0.232,0.677,0.372,0.481,0.447,0.688,0.815,0.52,0.078,0.391,0.083,0.562,0.631,0.56,0.461,0.447,0.798,0.657,0.884,0.039,0.156,0.276,0.429,0.115,0.128,0.564,0.537,0.309,0.487,0.522,-0.477,0.711,0.599,-0.367,0.677,0.745,-0.029,0.736,0.659,0.496,0.783,0.69,0.449,0.558,0.718,0.384,0.352,0.455,0.699,0.446,0.208,0.259,0.461,0.403,0.437,0.627,-0.247,0.609,0.34,0.625,0.523,0.548,0.817,-0.131,-0.398,0.304,0.389,0.508,0.639,0.587,0.72,-0.492,0.155,0.714,-0.147,0.508,0.782,0.685,0.203,0.316,0.518,0.742,0.766,0.023,0.207,0.423,0.316,0.129,0.462,0.284,0.202,0.651,0.705,0.51,0.597,0.374,0.693,0.457,0.495,0.755,0.45,0.716,0.317,0.729,0.692,0.459,0.403,0.313,0.843,0.761,0.622,0.543,0.7,0.277,0.661,0.845,0.39,0.331,-0.288,0.647,0.745,0.599,0.64,0.767,0.106,0.547,0.344,0.73,0.646,0.743,0.281,0.254,0.402,0.726,0.359,0.661,0.024,0.817,0.681,0.477,0.88,-0.125,0.269,0.677,0.862,0.727,0.333,0.831,0.682,0.457,0.442,-0.249,0.417,0.81,0.17,0.329,0.478,0.782,0.304,0.61,0.229,0.363,0.548,0.383,0.511,0.688,0.413,0.807,0.652,-0.366,0.259,0.005,0.64,0.495,0.15,-0.404,0.392,0.334
ARCT,-0.417,0.544,0.619,-0.093,0.378,-0.146,0.588,0.363,0.578,0.315,0.665,0.45,0.496,-0.013,-0.652,-0.398,0.228,0.111,0.419,0.551,0.0,0.303,-0.393,0.276,-0.239,-0.249,-0.039,0.563,0.365,0.205,0.71,-0.061,-0.473,-0.097,0.055,0.803,-0.007,-0.236,0.455,0.253,0.566,-0.57,-0.436,-0.01,-0.214,-0.534,0.353,0.21,-0.036,-0.044,0.779,-0.106,-0.097,0.482,-0.012,-0.119,0.104,0.315,0.477,0.718,0.199,-0.253,0.825,0.527,0.123,0.167,0.337,-0.321,0.718,0.252,0.792,-0.193,-0.477,0.553,-0.124,-0.105,-0.24,-0.002,0.423,0.139,-0.018,0.155,-0.133,-0.118,0.492,0.493,-0.08,-0.328,-0.154,0.706,0.038,-0.071,0.698,0.051,-0.433,0.437,0.403,-0.075,0.151,0.075,-0.36,0.871,-0.176,0.643,0.257,0.59,-0.558,0.4,-0.113,0.586,-0.073,-0.097,-0.086,-0.016,0.198,-0.125,-0.009,0.718,0.543,0.28,0.856,0.569,-0.243,0.295,-0.311,0.138,0.317,0.574,-0.373,-0.171,0.5,0.585,0.044,-0.13,0.247,-0.42,0.032,0.636,-0.225,-0.08,-0.112,-0.052,0.267,0.348,0.111,0.691,-0.039,-0.169,-0.063,0.763,0.764,0.38,-0.465,-0.413,0.576,0.706,0.669,0.233,-0.145,0.701,0.805,-0.084,0.765,0.098,0.696,0.109,0.4,0.122,0.381,0.817,0.049,-0.211,-0.284,0.279,0.8,0.372,0.72,0.812,-0.128,0.3,-0.331,-0.088,-0.336,-0.193,-0.056,-0.208,-0.046,0.158,-0.277,0.559,0.257,-0.77,-0.358,0.678,0.816,-0.065,0.192,0.184,-0.265,-0.133
ARWR,0.073,0.759,0.62,0.813,-0.433,0.746,0.771,0.89,-0.273,0.839,0.657,0.404,0.879,0.824,-0.222,0.634,0.857,0.84,0.097,0.754,0.303,0.0,0.346,0.766,0.729,0.751,0.711,0.801,0.817,0.799,-0.206,0.632,0.481,0.811,0.834,0.407,0.774,0.75,0.862,0.784,0.858,0.316,0.52,0.556,0.708,0.459,-0.158,0.726,0.699,0.548,0.099,0.699,-0.586,0.745,0.81,-0.53,0.748,0.915,-0.154,0.667,0.897,0.748,0.682,0.518,0.582,0.746,0.821,0.697,0.242,0.557,0.477,0.739,0.556,-0.011,0.762,0.376,0.693,0.801,-0.492,0.692,0.223,0.745,0.711,0.698,0.759,-0.358,-0.377,0.635,0.463,0.302,0.857,0.78,0.695,-0.651,0.535,0.725,-0.385,0.794,0.897,0.903,0.575,0.059,0.74,0.627,0.909,-0.073,0.519,0.546,0.631,-0.129,0.721,0.501,0.485,0.815,0.915,0.698,0.835,0.205,0.67,0.464,0.278,0.612,0.696,0.855,0.656,0.744,0.771,0.483,0.656,0.605,0.794,0.747,0.821,0.771,0.806,0.616,0.857,0.7,0.617,0.476,-0.086,0.707,0.817,0.656,0.849,0.74,0.375,0.776,0.666,0.425,0.634,0.81,0.518,0.59,0.113,0.68,0.037,0.852,-0.118,0.594,0.668,0.792,0.674,-0.254,0.017,0.836,0.72,0.879,0.232,0.591,0.853,0.646,0.656,-0.557,0.342,0.798,-0.089,0.041,0.718,0.78,0.638,0.829,0.512,0.656,0.836,0.635,0.805,0.807,0.675,0.739,0.781,-0.127,0.601,-0.256,0.543,0.649,0.179,-0.567,0.628,0.472
ASND,0.136,-0.011,0.01,0.451,-0.436,0.556,0.264,0.399,-0.382,0.12,0.155,0.039,0.203,0.49,0.314,0.609,0.382,0.482,0.077,0.232,-0.393,0.346,0.0,0.188,0.466,0.667,0.236,0.112,0.373,0.186,-0.596,0.319,0.354,0.463,0.429,-0.226,0.251,0.506,0.277,0.263,0.276,0.595,0.396,0.213,0.457,0.445,-0.108,0.139,0.392,0.338,-0.282,0.549,-0.258,0.22,0.417,-0.081,0.536,0.308,-0.588,-0.032,0.35,0.6,-0.028,0.115,0.212,0.315,0.225,0.528,-0.135,0.265,-0.087,0.49,0.493,-0.164,0.373,0.458,0.547,0.423,-0.501,0.376,0.53,0.432,0.598,0.616,0.226,-0.502,-0.345,0.392,0.488,-0.306,0.425,0.527,-0.073,-0.333,0.359,0.305,-0.335,0.349,0.469,0.428,0.358,-0.449,0.588,0.015,0.362,-0.254,0.623,-0.091,0.322,-0.339,0.357,0.135,0.391,0.477,0.333,0.478,0.373,-0.433,0.219,0.012,-0.305,0.22,0.534,0.352,0.429,0.553,0.317,0.03,0.542,0.309,0.169,0.114,0.435,0.49,0.437,0.489,0.484,0.108,0.374,0.445,-0.333,0.725,0.326,0.201,0.294,-0.011,-0.069,0.526,0.219,-0.125,-0.022,0.242,0.704,0.465,0.056,-0.041,-0.139,0.328,0.132,0.144,-0.209,0.322,0.058,-0.09,-0.241,0.434,0.431,0.525,0.078,0.029,0.532,0.475,0.514,-0.407,-0.3,0.402,-0.395,-0.301,0.346,0.393,0.464,0.568,0.404,0.372,0.364,0.359,0.382,0.316,0.509,0.22,0.353,0.45,0.385,-0.59,-0.078,0.464,-0.242,-0.418,0.582,0.358
ASTH,0.138,0.747,0.639,0.843,-0.621,0.756,0.753,0.786,-0.388,0.914,0.699,0.101,0.865,0.843,-0.339,0.665,0.755,0.853,-0.091,0.677,0.276,0.766,0.188,0.0,0.617,0.681,0.713,0.574,0.791,0.778,-0.277,0.751,0.531,0.819,0.766,0.23,0.761,0.713,0.706,0.773,0.741,0.193,0.506,0.341,0.781,0.561,-0.336,0.886,0.818,0.304,0.189,0.554,-0.747,0.755,0.848,-0.686,0.744,0.866,-0.292,0.627,0.814,0.664,0.483,0.406,0.487,0.817,0.839,0.729,0.052,0.245,0.373,0.759,0.606,-0.094,0.819,0.29,0.728,0.839,-0.643,0.845,0.002,0.697,0.731,0.633,0.613,-0.384,-0.462,0.703,0.195,0.216,0.811,0.766,0.692,-0.766,0.577,0.531,-0.576,0.757,0.845,0.771,0.61,-0.029,0.766,0.507,0.769,-0.258,0.496,0.444,0.531,-0.237,0.653,0.497,0.215,0.877,0.854,0.827,0.871,0.393,0.526,0.31,0.119,0.647,0.719,0.784,0.668,0.623,0.562,0.171,0.665,0.469,0.75,0.572,0.792,0.841,0.528,0.658,0.865,0.674,0.627,0.293,-0.037,0.626,0.883,0.481,0.861,0.666,0.49,0.809,0.662,0.517,0.425,0.742,0.56,0.635,-0.128,0.531,-0.116,0.794,-0.014,0.461,0.598,0.789,0.591,-0.528,-0.271,0.79,0.678,0.727,-0.022,0.49,0.853,0.77,0.727,-0.619,0.059,0.63,-0.299,-0.124,0.844,0.763,0.663,0.776,0.599,0.76,0.835,0.686,0.781,0.811,0.622,0.732,0.672,-0.286,0.624,-0.298,0.447,0.639,0.268,-0.682,0.607,0.241
ATSG,0.521,0.579,0.35,0.853,-0.646,0.805,0.356,0.624,-0.641,0.676,0.251,0.125,0.576,0.765,0.061,0.785,0.729,0.676,-0.183,0.372,-0.239,0.729,0.466,0.617,0.0,0.811,0.831,0.527,0.501,0.788,-0.574,0.754,0.847,0.855,0.77,-0.015,0.837,0.931,0.55,0.622,0.521,0.693,0.843,0.681,0.867,0.76,-0.427,0.699,0.762,0.638,-0.378,0.755,-0.442,0.529,0.771,-0.55,0.524,0.768,-0.391,0.323,0.825,0.831,0.185,0.127,0.463,0.654,0.67,0.858,-0.072,0.436,0.05,0.845,0.869,-0.341,0.846,0.246,0.797,0.848,-0.668,0.589,0.084,0.609,0.71,0.596,0.417,-0.62,-0.202,0.879,0.467,-0.023,0.817,0.756,0.382,-0.722,0.86,0.471,-0.702,0.917,0.754,0.817,0.885,-0.398,0.763,0.228,0.699,-0.358,0.763,0.38,0.763,-0.486,0.847,0.659,0.61,0.775,0.829,0.836,0.875,-0.076,0.302,0.279,-0.197,0.229,0.757,0.735,0.896,0.515,0.562,0.197,0.893,0.839,0.453,0.367,0.821,0.813,0.644,0.873,0.799,0.206,0.837,0.665,0.196,0.628,0.597,0.488,0.83,0.319,0.57,0.838,0.809,-0.101,0.262,0.524,0.722,0.836,-0.374,0.215,-0.52,0.69,-0.215,0.17,0.295,0.919,0.181,-0.294,-0.379,0.7,0.343,0.799,-0.018,0.124,0.779,0.746,0.793,-0.815,-0.121,0.554,-0.411,-0.453,0.795,0.449,0.883,0.811,0.697,0.826,0.899,0.838,0.849,0.734,0.799,0.296,0.555,0.276,0.861,-0.628,0.113,0.618,0.12,-0.723,0.805,0.459
AVTX,0.386,0.425,0.31,0.886,-0.79,0.921,0.477,0.722,-0.655,0.631,0.316,-0.061,0.612,0.921,0.059,0.914,0.759,0.856,-0.125,0.481,-0.249,0.751,0.667,0.681,0.811,0.0,0.643,0.452,0.657,0.696,-0.742,0.749,0.76,0.858,0.809,-0.182,0.803,0.895,0.628,0.63,0.568,0.6,0.701,0.465,0.893,0.807,-0.465,0.691,0.792,0.502,-0.331,0.72,-0.672,0.555,0.897,-0.564,0.822,0.756,-0.55,0.261,0.784,0.909,0.158,0.139,0.404,0.761,0.683,0.924,-0.189,0.264,0.014,0.894,0.867,-0.439,0.878,0.407,0.942,0.818,-0.833,0.731,0.188,0.752,0.868,0.799,0.483,-0.708,-0.488,0.871,0.465,-0.253,0.838,0.918,0.268,-0.789,0.795,0.443,-0.722,0.792,0.836,0.811,0.8,-0.503,0.923,0.145,0.687,-0.437,0.901,0.129,0.689,-0.582,0.692,0.465,0.44,0.879,0.813,0.846,0.86,-0.104,0.44,0.112,-0.274,0.406,0.919,0.711,0.8,0.662,0.473,0.055,0.876,0.709,0.469,0.421,0.787,0.896,0.639,0.886,0.92,0.324,0.659,0.441,-0.069,0.839,0.771,0.369,0.765,0.386,0.343,0.936,0.72,0.057,0.14,0.539,0.904,0.884,-0.259,0.155,-0.382,0.77,0.055,0.156,0.157,0.828,0.22,-0.487,-0.492,0.809,0.53,0.807,-0.102,0.151,0.903,0.883,0.863,-0.764,-0.287,0.63,-0.584,-0.467,0.861,0.688,0.84,0.958,0.803,0.831,0.852,0.767,0.822,0.716,0.836,0.418,0.669,0.217,0.752,-0.751,0.091,0.736,-0.029,-0.777,0.85,0.382
BCPC,0.318,0.656,0.421,0.839,-0.499,0.654,0.454,0.633,-0.51,0.804,0.421,0.325,0.669,0.672,0.003,0.645,0.651,0.638,-0.244,0.447,-0.039,0.711,0.236,0.713,0.831,0.643,0.0,0.515,0.529,0.719,-0.303,0.694,0.746,0.82,0.672,0.195,0.772,0.82,0.559,0.71,0.593,0.606,0.827,0.654,0.747,0.609,-0.301,0.692,0.701,0.548,-0.085,0.768,-0.5,0.539,0.731,-0.521,0.418,0.765,-0.281,0.463,0.799,0.729,0.327,0.25,0.635,0.594,0.619,0.712,0.008,0.438,0.185,0.736,0.738,-0.08,0.743,0.265,0.62,0.851,-0.49,0.602,0.112,0.603,0.593,0.549,0.47,-0.438,-0.118,0.744,0.52,0.264,0.713,0.665,0.586,-0.621,0.746,0.615,-0.524,0.919,0.773,0.811,0.762,-0.157,0.623,0.466,0.786,-0.309,0.559,0.595,0.67,-0.325,0.834,0.807,0.468,0.72,0.785,0.773,0.854,-0.013,0.233,0.545,-0.031,0.189,0.613,0.741,0.888,0.513,0.649,0.271,0.78,0.623,0.564,0.451,0.853,0.769,0.624,0.781,0.741,0.441,0.867,0.573,0.169,0.493,0.587,0.574,0.818,0.465,0.732,0.739,0.761,0.053,0.334,0.717,0.516,0.658,-0.235,0.465,-0.31,0.661,-0.219,0.367,0.456,0.886,0.37,-0.203,-0.216,0.694,0.417,0.746,0.107,0.197,0.684,0.644,0.712,-0.66,0.049,0.554,-0.254,-0.326,0.72,0.441,0.814,0.691,0.583,0.76,0.874,0.776,0.869,0.772,0.722,0.481,0.524,0.196,0.866,-0.345,0.232,0.507,0.41,-0.586,0.571,0.536
BEAM,0.137,0.74,0.65,0.507,-0.234,0.519,0.664,0.769,-0.031,0.677,0.633,0.365,0.757,0.577,-0.46,0.269,0.682,0.569,0.116,0.688,0.563,0.801,0.112,0.574,0.527,0.452,0.515,0.0,0.611,0.718,0.044,0.53,0.248,0.517,0.54,0.501,0.625,0.453,0.718,0.555,0.837,0.009,0.215,0.539,0.497,0.155,-0.062,0.676,0.503,0.403,0.255,0.46,-0.528,0.699,0.595,-0.522,0.515,0.812,0.013,0.745,0.733,0.447,0.77,0.343,0.311,0.666,0.76,0.356,0.58,0.422,0.545,0.506,0.29,0.062,0.493,0.039,0.406,0.558,-0.134,0.552,-0.028,0.657,0.361,0.286,0.688,-0.006,-0.329,0.393,0.186,0.4,0.63,0.556,0.77,-0.499,0.274,0.685,-0.179,0.559,0.634,0.625,0.376,0.331,0.437,0.531,0.699,0.272,0.148,0.622,0.54,0.055,0.519,0.42,0.319,0.502,0.756,0.461,0.59,0.511,0.671,0.264,0.475,0.557,0.418,0.786,0.366,0.424,0.555,0.652,0.33,0.487,0.595,0.811,0.61,0.474,0.681,0.319,0.623,0.568,0.299,0.349,0.212,0.457,0.672,0.468,0.622,0.766,0.318,0.476,0.556,0.431,0.797,0.621,0.197,0.326,0.222,0.653,0.095,0.677,-0.19,0.626,0.8,0.584,0.676,-0.24,0.275,0.525,0.5,0.665,0.143,0.702,0.625,0.402,0.317,-0.364,0.57,0.692,0.242,0.363,0.473,0.589,0.394,0.564,0.358,0.475,0.593,0.42,0.592,0.605,0.301,0.608,0.562,-0.364,0.323,0.042,0.698,0.387,0.251,-0.402,0.363,0.149
BILI,-0.05,0.694,0.651,0.736,-0.452,0.662,0.882,0.863,-0.172,0.799,0.79,0.28,0.887,0.808,-0.348,0.598,0.758,0.864,0.209,0.815,0.365,0.817,0.373,0.791,0.501,0.657,0.529,0.611,0.0,0.682,-0.161,0.578,0.3,0.759,0.801,0.408,0.664,0.621,0.777,0.835,0.848,0.193,0.348,0.433,0.634,0.392,-0.168,0.662,0.686,0.314,0.279,0.649,-0.591,0.781,0.747,-0.57,0.838,0.831,-0.227,0.708,0.78,0.611,0.657,0.575,0.424,0.719,0.764,0.616,0.2,0.518,0.522,0.634,0.429,0.083,0.642,0.372,0.636,0.725,-0.521,0.764,0.297,0.664,0.697,0.681,0.718,-0.249,-0.527,0.505,0.375,0.301,0.765,0.725,0.648,-0.659,0.358,0.649,-0.342,0.648,0.892,0.791,0.441,0.096,0.752,0.641,0.768,-0.181,0.431,0.356,0.488,-0.041,0.609,0.369,0.223,0.828,0.793,0.677,0.747,0.267,0.664,0.435,0.255,0.773,0.643,0.782,0.509,0.767,0.657,0.237,0.542,0.415,0.82,0.641,0.763,0.707,0.685,0.481,0.788,0.809,0.497,0.349,-0.309,0.745,0.853,0.677,0.789,0.767,0.22,0.718,0.565,0.619,0.589,0.837,0.522,0.515,0.171,0.656,0.2,0.855,-0.112,0.629,0.591,0.631,0.747,-0.296,-0.019,0.814,0.838,0.815,0.274,0.644,0.826,0.676,0.687,-0.497,0.194,0.806,-0.103,0.093,0.644,0.864,0.508,0.751,0.436,0.575,0.701,0.58,0.684,0.789,0.59,0.768,0.77,-0.227,0.45,-0.245,0.567,0.623,0.133,-0.55,0.548,0.376
BJRI,0.442,0.824,0.644,0.805,-0.593,0.766,0.578,0.729,-0.416,0.806,0.496,0.127,0.794,0.78,-0.385,0.62,0.796,0.73,0.018,0.52,0.205,0.799,0.186,0.778,0.788,0.696,0.719,0.718,0.682,0.0,-0.302,0.795,0.659,0.791,0.812,0.21,0.9,0.799,0.637,0.75,0.685,0.296,0.571,0.665,0.82,0.579,-0.478,0.838,0.833,0.576,-0.035,0.618,-0.604,0.756,0.788,-0.748,0.648,0.898,-0.243,0.62,0.909,0.647,0.475,0.249,0.383,0.785,0.87,0.773,0.169,0.39,0.36,0.82,0.682,-0.275,0.841,0.137,0.721,0.841,-0.598,0.717,-0.09,0.61,0.676,0.482,0.53,-0.391,-0.397,0.773,0.158,0.19,0.85,0.723,0.644,-0.737,0.668,0.469,-0.633,0.849,0.775,0.792,0.774,-0.097,0.743,0.4,0.708,-0.174,0.506,0.446,0.733,-0.258,0.739,0.55,0.453,0.803,0.907,0.79,0.885,0.332,0.622,0.222,0.093,0.526,0.691,0.843,0.724,0.508,0.554,0.215,0.674,0.774,0.618,0.519,0.81,0.762,0.655,0.719,0.817,0.435,0.651,0.447,0.181,0.56,0.745,0.563,0.879,0.646,0.551,0.77,0.881,0.259,0.548,0.71,0.527,0.702,-0.304,0.444,-0.272,0.869,-0.356,0.335,0.628,0.889,0.442,-0.388,-0.227,0.763,0.461,0.749,0.054,0.402,0.825,0.711,0.654,-0.735,0.104,0.637,-0.234,-0.184,0.761,0.61,0.749,0.771,0.627,0.814,0.867,0.817,0.83,0.785,0.654,0.492,0.656,-0.221,0.642,-0.341,0.489,0.672,0.155,-0.724,0.717,0.15
BLUE,-0.592,0.126,0.234,-0.548,0.845,-0.686,0.078,-0.236,0.718,-0.142,0.205,0.526,-0.05,-0.595,-0.322,-0.779,-0.239,-0.445,0.385,0.078,0.71,-0.206,-0.596,-0.277,-0.574,-0.742,-0.303,0.044,-0.161,-0.302,0.0,-0.592,-0.747,-0.547,-0.38,0.728,-0.519,-0.653,-0.056,-0.166,0.011,-0.611,-0.621,-0.26,-0.717,-0.849,0.648,-0.404,-0.5,-0.134,0.674,-0.422,0.479,-0.03,-0.577,0.421,-0.461,-0.28,0.729,0.289,-0.343,-0.629,0.446,0.414,0.015,-0.491,-0.25,-0.723,0.499,0.162,0.575,-0.667,-0.828,0.745,-0.586,-0.086,-0.741,-0.442,0.787,-0.472,0.066,-0.395,-0.531,-0.423,0.148,0.628,0.406,-0.763,-0.168,0.714,-0.482,-0.646,0.301,0.629,-0.739,0.075,0.771,-0.444,-0.373,-0.348,-0.732,0.837,-0.703,0.488,-0.127,0.589,-0.86,0.205,-0.528,0.735,-0.384,-0.317,-0.16,-0.512,-0.346,-0.603,-0.496,0.291,0.086,0.346,0.76,0.043,-0.735,-0.272,-0.616,-0.166,0.086,0.39,-0.678,-0.493,0.146,0.142,-0.438,-0.626,-0.09,-0.762,-0.547,0.247,-0.393,-0.242,-0.189,-0.48,-0.36,0.162,-0.348,0.175,-0.242,-0.673,-0.475,0.431,0.394,-0.007,-0.877,-0.822,0.586,0.437,0.728,-0.341,-0.158,0.43,0.424,-0.516,0.404,0.612,0.835,-0.326,-0.011,-0.368,0.513,0.417,-0.541,-0.731,-0.715,0.667,0.723,-0.094,0.857,0.759,-0.65,-0.242,-0.704,-0.65,-0.789,-0.696,-0.516,-0.577,-0.515,-0.311,-0.55,0.161,-0.172,-0.477,-0.629,0.914,0.385,-0.385,0.129,0.634,-0.665,-0.116
