,AAL,AAON,ACB,ACGL,ACGLO,ACIW,ADBE,ADSK,AEP,AGIO,ALEC,ALNY,ALTR,AMBA,AMCX,AMKR,AMRX,ANSS,APPN,APTO,ARCT,ARWR,ASND,ASTH,ATSG,AVTX,BCPC,BEAM,BILI,BJRI,BLUE,BPOP,BRKL,BWIN,BZUN,CARG,CBRL,CBSH,CBUS,CENTA,CERS,CFFN,CHCO,CHEF,CHRD,CINF,CLLS,CMCO,CMCSA,COLL,COMM,COOP,CPB,CRON,CROX,CRUS,CRWD,CTAS,CYBR,CYTK,DGII,DIOD,DOMO,DPZ,DSGR,DXCM,ERIE,ESTA,EXEL,FAST,FCEL,FCFS,FHB,FITBI,FSV,FTDR,FUTU,GLDD,GLPG,GLPI,GOGO,GOSS,GSAT,GYRE,HALO,HAS,HLIT,HLNE,HSDT,HSIC,HTHT,ICHR,IDYA,IMVT,INDB,INSM,IONS,IOSP,ITRI,JBHT,JBLU,JSM,KLIC,KOD,KURA,LAB,LASR,LIN,LKQ,LNT,MBUU,MCRI,MDGL,MEDP,MGNI,MGPI,MGRC,MKTX,MRNA,MRTN,MSEX,MSFT,MU,NAVI,NBTB,NEO,NEOG,NGNE,NSSC,NTAP,NTES,NTLA,NTRS,NYMTN,OBLG,OCFC,ON,ONC,OPI,OSIS,OSW,PALI,PANW,PCAR,PCRX,PCTY,PEBO,PLAB,PLAY,PLMR,PLSE,PLUS,PRTA,PSEC,PSNL,PTCT,PTON,QNST,QRVO,QTTB,RARE,RBCAA,RGNX,SAIC,SGMO,SINT,SNPS,SPSC,SPTN,SSYS,STNE,TBBK,TCPC,TENB,TGTX,TREE,TRUP,TTWO,TW,TXG,UBSI,UCTT,UFPT,UMBF,UPBD,URBN,VBTX,VCTR,VEON,VNET,VRSK,VSEC,WABC,WTFCM,WVE,WW,WWD,XEL,ZD,ZYME
AAL,0.0,0.555,0.026,-0.07,0.331,0.486,0.551,0.436,-0.452,0.616,0.426,0.749,0.452,0.704,0.796,0.729,0.358,0.019,-0.286,0.449,-0.09,0.732,0.055,0.451,-0.527,-0.147,-0.145,0.631,0.319,-0.301,0.736,0.754,0.539,-0.323,0.721,0.499,0.119,-0.442,0.018,-0.478,0.168,-0.047,0.179,-0.067,0.684,0.519,-0.185,0.153,-0.265,0.682,0.815,0.615,-0.522,0.365,-0.023,0.581,0.73,0.225,0.197,-0.462,0.87,0.421,0.658,-0.321,0.901,0.028,-0.598,0.853,-0.597,-0.11,0.639,0.812,0.274,0.515,0.316,0.262,0.253,0.21,-0.126,0.292,0.844,0.64,0.833,-0.533,-0.518,-0.58,-0.306,0.609,-0.718,-0.334,-0.031,0.218,0.487,-0.392,-0.108,-0.586,-0.424,0.443,0.882,-0.529,0.885,0.816,0.158,-0.362,-0.666,0.746,0.672,0.54,0.771,0.56,-0.54,-0.11,-0.688,0.475,-0.177,0.904,0.787,0.135,0.417,-0.464,0.793,0.355,0.094,0.86,0.316,-0.201,-0.229,-0.586,0.316,0.651,0.643,0.311,0.61,0.635,-0.715,-0.189,0.685,0.787,0.753,0.377,0.721,-0.722,0.682,-0.26,0.356,0.026,-0.487,0.74,-0.32,0.627,0.026,-0.468,0.621,0.849,0.443,-0.037,0.758,-0.3,0.217,-0.002,-0.257,0.668,0.133,0.088,0.164,0.195,0.726,-0.381,0.689,0.785,0.563,0.122,0.663,0.823,-0.587,0.546,0.685,0.767,0.035,0.282,0.259,0.794,0.314,-0.057,0.315,0.214,0.349,0.741,0.209,-0.531,-0.383,0.692,-0.453,0.321,0.851,0.457,-0.11,-0.144,0.718,0.314
AAON,0.555,0.0,-0.55,0.231,0.15,0.789,0.155,0.016,-0.24,0.505,0.204,0.499,0.201,0.131,0.535,0.154,0.204,-0.252,-0.44,0.197,-0.208,0.713,-0.093,0.098,-0.412,-0.466,-0.041,0.167,-0.167,-0.441,0.431,0.637,0.534,-0.451,0.334,0.629,-0.085,-0.084,-0.135,-0.208,-0.005,0.2,0.39,-0.1,0.071,0.502,-0.22,0.668,-0.174,0.466,0.49,0.375,-0.093,-0.151,-0.281,-0.029,0.224,0.265,0.052,0.27,0.467,0.069,0.178,-0.151,0.502,-0.414,-0.475,0.314,0.191,0.067,0.101,0.667,0.393,0.167,-0.2,0.135,-0.329,0.204,-0.081,0.044,0.61,0.525,0.366,-0.5,-0.512,-0.54,-0.221,0.15,-0.525,-0.02,-0.158,-0.22,0.25,-0.52,-0.229,-0.514,-0.285,0.264,0.554,-0.132,0.49,0.251,-0.173,-0.457,-0.295,0.588,0.321,0.542,0.676,0.574,-0.084,-0.093,-0.009,0.195,-0.44,0.653,0.763,0.078,0.076,-0.111,0.276,0.06,-0.336,0.507,0.624,-0.391,-0.262,-0.261,0.134,0.488,0.194,-0.122,0.483,0.207,-0.707,0.134,0.188,0.45,0.315,0.095,0.299,-0.612,0.204,0.211,0.319,-0.187,-0.251,0.402,-0.254,0.087,-0.04,-0.19,0.016,0.281,0.001,-0.366,0.46,-0.407,-0.277,-0.126,0.055,0.458,0.527,-0.094,0.258,-0.212,0.253,-0.294,0.575,0.293,0.008,0.027,0.213,0.616,-0.604,0.121,0.183,0.328,0.293,-0.14,0.663,0.328,0.553,0.413,-0.26,-0.145,0.281,0.64,0.218,-0.292,-0.18,0.288,-0.073,-0.039,0.535,0.489,-0.336,0.062,0.779,0.014
ACB,0.026,-0.55,0.0,-0.06,0.214,-0.609,0.517,0.596,0.369,-0.02,0.225,-0.005,0.522,0.484,0.087,0.492,-0.117,0.592,0.625,0.227,0.464,-0.35,0.25,0.161,0.41,0.691,-0.124,0.423,0.533,0.566,0.062,-0.38,-0.23,0.583,0.081,-0.471,0.42,-0.008,0.343,-0.04,0.341,-0.173,-0.095,0.523,0.396,-0.271,0.409,-0.68,0.427,-0.049,0.023,0.296,-0.247,0.717,0.411,0.495,0.351,0.256,0.42,-0.419,0.083,0.505,0.51,-0.033,-0.178,0.85,0.434,0.249,-0.466,0.154,0.512,-0.313,-0.239,0.259,0.605,0.451,0.74,0.215,0.276,0.596,-0.174,-0.324,0.063,0.535,0.533,0.568,0.456,0.466,0.36,-0.353,0.375,0.733,0.3,0.574,0.561,0.42,0.31,0.115,0.102,0.023,0.162,0.413,0.587,0.554,0.128,-0.215,0.298,-0.276,-0.231,-0.357,-0.057,0.48,-0.452,0.286,0.702,-0.202,-0.293,0.333,0.583,-0.065,0.425,0.579,0.762,0.137,-0.545,0.649,0.586,0.217,-0.054,-0.096,0.302,0.665,-0.072,0.412,0.625,-0.047,0.448,0.072,0.338,0.573,0.242,0.497,0.397,-0.243,-0.283,0.583,0.183,0.148,0.362,0.593,0.213,0.129,0.673,0.296,0.531,0.685,0.068,0.544,0.701,0.475,-0.271,0.213,-0.322,0.597,0.09,0.422,0.409,0.45,-0.222,0.283,0.653,0.051,0.379,-0.194,0.614,0.391,0.581,0.138,-0.017,0.564,-0.542,0.335,-0.681,-0.246,0.824,0.521,-0.091,-0.11,-0.14,0.144,0.383,0.344,0.063,0.446,-0.064,-0.356,0.759,0.1,-0.405,0.507
ACGL,-0.07,0.231,-0.06,0.0,0.25,-0.079,-0.077,-0.008,0.53,-0.051,0.005,-0.155,0.092,-0.148,-0.169,-0.024,0.208,0.147,0.243,0.096,0.458,-0.126,0.188,-0.437,0.499,0.1,0.331,-0.072,0.132,0.477,-0.107,-0.027,0.453,0.378,-0.064,-0.176,0.516,0.575,0.442,0.331,0.411,0.769,0.592,0.416,-0.277,0.12,0.319,0.256,0.025,0.062,-0.185,0.312,0.147,0.152,0.08,-0.123,-0.26,0.189,0.008,0.427,-0.048,0.088,-0.114,0.538,-0.08,0.105,0.469,-0.093,0.42,0.306,-0.062,-0.125,0.476,0.341,0.248,0.024,0.063,0.37,0.205,0.374,-0.198,-0.081,-0.058,0.312,0.404,0.324,0.398,-0.071,0.328,0.208,0.377,0.239,-0.271,0.325,0.475,0.365,0.325,0.018,-0.141,0.411,0.052,-0.186,0.243,0.303,0.362,-0.189,-0.075,-0.055,0.038,0.048,0.607,0.376,0.421,0.092,0.267,-0.18,0.069,0.053,0.056,0.451,-0.18,0.105,0.285,0.019,0.462,0.214,0.494,0.454,0.113,0.069,-0.043,0.047,-0.102,-0.047,0.146,0.727,-0.026,-0.199,-0.135,0.15,0.278,0.185,-0.215,0.207,0.061,0.227,0.676,0.231,0.524,-0.094,-0.027,0.301,-0.087,0.079,0.244,0.079,-0.261,0.305,0.158,0.11,0.487,0.32,0.264,0.321,0.268,0.12,-0.16,0.409,0.026,-0.18,-0.043,0.274,0.284,-0.261,0.246,0.115,-0.13,-0.181,0.357,0.069,0.45,-0.122,-0.029,0.766,0.01,0.104,0.533,0.189,0.348,0.299,0.358,-0.139,0.718,0.169,-0.079,-0.244,0.3,0.428,-0.096,0.344
ACGLO,0.331,0.15,0.214,0.25,0.0,0.084,0.5,0.582,0.317,0.393,0.233,0.329,0.489,0.457,0.322,0.537,0.239,0.371,0.081,0.355,0.196,0.22,0.045,0.175,-0.083,0.307,-0.131,0.332,0.384,0.151,0.349,0.175,0.462,0.075,0.459,0.002,0.471,0.057,0.199,-0.087,0.509,0.333,0.287,0.443,0.437,0.32,0.145,0.007,-0.044,0.55,0.295,0.249,-0.221,0.242,0.241,0.557,0.417,0.483,0.279,-0.359,0.458,0.568,0.484,-0.109,0.373,0.37,-0.022,0.507,-0.291,0.19,0.299,0.244,0.212,0.671,0.536,0.434,0.304,0.227,-0.073,0.617,0.161,0.257,0.374,-0.056,0.103,-0.036,0.029,0.501,-0.137,-0.096,0.185,0.518,0.114,0.161,0.238,-0.019,-0.087,0.185,0.341,-0.155,0.359,0.407,0.384,0.071,-0.369,0.155,0.223,0.243,0.356,0.422,-0.188,0.245,-0.309,0.486,0.322,0.256,0.396,0.169,0.342,-0.175,0.347,0.606,0.451,0.331,0.276,0.171,0.318,-0.192,0.381,0.485,0.523,0.22,0.309,0.439,-0.121,0.115,0.551,0.349,0.548,0.348,0.585,-0.181,0.555,-0.114,0.477,0.382,0.057,0.673,0.008,0.438,-0.1,-0.31,0.325,0.542,0.508,0.361,0.213,0.144,0.474,-0.363,-0.063,0.51,-0.106,0.493,0.092,0.065,0.507,0.262,0.123,0.361,0.553,0.159,0.58,0.234,-0.025,0.438,0.391,0.505,0.027,0.354,0.02,0.489,-0.144,0.167,0.387,-0.007,0.533,0.498,-0.018,-0.396,0.132,0.393,0.171,0.583,0.28,0.016,0.28,0.558,0.254,0.249
ACIW,0.486,0.789,-0.609,-0.079,0.084,0.0,0.072,-0.054,-0.427,0.603,0.038,0.478,0.134,0.091,0.532,0.086,-0.014,-0.433,-0.677,0.043,-0.561,0.738,-0.308,0.4,-0.696,-0.564,-0.173,0.037,-0.365,-0.725,0.461,0.676,0.444,-0.727,0.322,0.827,-0.383,-0.229,-0.502,-0.22,-0.243,-0.029,0.138,-0.364,0.167,0.561,-0.467,0.603,-0.196,0.461,0.576,0.09,-0.021,-0.372,-0.287,0.056,0.275,0.253,-0.059,0.022,0.426,0.006,0.151,-0.425,0.516,-0.53,-0.719,0.319,0.101,-0.081,-0.014,0.748,0.295,-0.028,-0.346,0.118,-0.502,-0.129,-0.356,-0.194,0.683,0.56,0.329,-0.717,-0.747,-0.71,-0.512,0.07,-0.682,0.09,-0.387,-0.384,0.272,-0.682,-0.536,-0.728,-0.533,0.321,0.512,-0.209,0.324,0.213,-0.39,-0.717,-0.489,0.674,0.178,0.658,0.657,0.676,-0.322,-0.306,-0.122,0.071,-0.612,0.683,0.704,-0.106,-0.117,-0.301,0.239,-0.054,-0.522,0.472,0.529,-0.595,-0.523,-0.543,0.135,0.491,0.192,-0.333,0.589,0.162,-0.789,-0.205,0.216,0.433,0.334,-0.091,0.075,-0.719,0.265,0.24,0.422,-0.41,-0.556,0.337,-0.589,0.023,-0.045,-0.415,-0.117,0.163,-0.232,-0.489,0.485,-0.588,-0.429,-0.316,-0.155,0.196,0.478,-0.225,0.012,-0.335,0.234,-0.531,0.524,0.285,-0.057,-0.007,0.025,0.732,-0.765,-0.114,0.118,0.395,0.092,-0.298,0.56,0.339,0.622,0.15,-0.319,-0.398,0.212,0.597,-0.118,-0.567,-0.398,0.256,-0.337,-0.228,0.466,0.68,-0.455,0.04,0.844,-0.347
ADBE,0.551,0.155,0.517,-0.077,0.5,0.072,0.0,0.915,0.17,0.518,0.699,0.709,0.722,0.914,0.684,0.885,0.388,0.731,0.409,0.721,0.406,0.491,0.413,0.159,-0.062,0.508,-0.248,0.882,0.711,0.213,0.596,0.097,0.092,0.261,0.683,-0.097,0.511,-0.384,0.373,-0.567,0.463,-0.03,-0.043,0.439,0.674,-0.067,0.453,-0.29,0.027,0.583,0.354,0.614,-0.699,0.652,0.1,0.674,0.863,0.326,0.777,-0.327,0.701,0.878,0.931,-0.339,0.42,0.72,-0.068,0.732,-0.595,0.022,0.83,0.289,-0.203,0.454,0.538,0.647,0.72,0.597,0.276,0.706,0.282,0.425,0.598,0.111,0.148,-0.084,0.291,0.737,-0.107,-0.672,0.36,0.788,0.623,0.125,0.387,0.073,0.182,0.17,0.73,-0.527,0.723,0.744,0.728,0.315,-0.265,0.428,0.717,0.028,0.193,0.127,-0.347,0.429,-0.58,0.836,0.559,0.359,0.447,0.696,0.86,-0.583,0.796,0.873,0.663,0.48,-0.096,0.528,0.457,-0.089,0.379,0.235,0.751,0.791,0.186,0.414,-0.066,-0.019,0.841,0.748,0.832,0.586,0.683,-0.071,0.85,-0.492,0.322,0.732,-0.188,0.608,0.108,0.83,0.405,-0.276,0.816,0.68,0.779,0.583,0.679,0.415,0.773,0.115,-0.36,0.65,-0.251,0.494,0.524,0.409,0.935,0.365,0.087,0.818,0.926,-0.192,0.701,0.482,0.116,0.836,0.853,0.692,-0.095,0.793,-0.282,0.849,-0.452,-0.133,0.643,0.203,0.063,0.282,0.039,-0.269,0.276,0.769,-0.149,0.665,0.454,-0.144,0.296,0.177,0.344,0.605
ADSK,0.436,0.016,0.596,-0.008,0.582,-0.054,0.915,0.0,0.296,0.514,0.535,0.572,0.702,0.86,0.528,0.882,0.28,0.691,0.4,0.578,0.396,0.318,0.321,0.218,-0.013,0.574,-0.287,0.771,0.693,0.322,0.516,0.059,0.154,0.31,0.636,-0.158,0.59,-0.214,0.336,-0.353,0.635,0.039,0.033,0.596,0.654,0.011,0.428,-0.301,0.085,0.558,0.318,0.474,-0.53,0.569,0.31,0.739,0.747,0.396,0.628,-0.42,0.6,0.92,0.872,-0.298,0.345,0.747,0.009,0.688,-0.594,0.03,0.717,0.218,-0.138,0.472,0.645,0.614,0.706,0.44,0.153,0.75,0.148,0.328,0.483,0.135,0.278,0.067,0.329,0.833,-0.059,-0.533,0.315,0.834,0.49,0.338,0.374,0.187,0.069,0.276,0.601,-0.435,0.64,0.654,0.667,0.352,-0.236,0.245,0.556,0.092,0.174,0.132,-0.35,0.485,-0.557,0.781,0.643,0.269,0.362,0.49,0.714,-0.473,0.668,0.937,0.776,0.445,-0.04,0.502,0.547,-0.041,0.412,0.361,0.741,0.698,0.203,0.443,0.066,-0.027,0.848,0.617,0.761,0.669,0.619,0.029,0.814,-0.357,0.424,0.722,-0.051,0.628,0.144,0.83,0.309,-0.236,0.726,0.647,0.82,0.748,0.453,0.41,0.85,0.0,-0.154,0.59,-0.242,0.549,0.319,0.317,0.875,0.465,0.017,0.694,0.933,-0.152,0.739,0.346,0.211,0.77,0.819,0.654,-0.09,0.678,-0.322,0.786,-0.471,-0.087,0.666,0.239,0.209,0.294,0.015,-0.268,0.247,0.645,-0.012,0.654,0.323,-0.119,0.397,0.308,0.203,0.567
AEP,-0.452,-0.24,0.369,0.53,0.317,-0.427,0.17,0.296,0.0,-0.161,0.078,-0.325,0.201,-0.045,-0.274,0.008,-0.055,0.52,0.652,0.117,0.587,-0.427,0.219,-0.414,0.679,0.632,0.121,-0.041,0.237,0.72,-0.393,-0.597,-0.059,0.689,-0.197,-0.597,0.591,0.541,0.407,0.294,0.394,0.46,0.237,0.708,-0.249,-0.307,0.551,-0.203,0.367,-0.182,-0.513,0.071,0.146,0.196,0.219,-0.073,-0.183,0.31,0.363,0.262,-0.328,0.276,0.022,0.302,-0.519,0.557,0.745,-0.234,0.239,0.369,-0.051,-0.572,0.002,0.159,0.335,0.343,0.327,0.414,0.28,0.526,-0.605,-0.41,-0.361,0.703,0.784,0.732,0.697,0.04,0.694,0.014,0.399,0.492,-0.084,0.59,0.66,0.694,0.551,-0.168,-0.329,0.428,-0.164,-0.197,0.46,0.671,0.529,-0.554,-0.129,-0.383,-0.435,-0.162,0.544,0.668,0.329,0.129,0.658,-0.593,-0.288,0.302,0.264,0.329,-0.119,0.442,0.553,-0.289,-0.047,0.627,0.818,0.676,0.007,-0.217,-0.065,0.231,-0.333,-0.083,0.67,0.553,0.004,-0.291,-0.049,0.308,0.07,0.652,-0.075,0.148,-0.068,0.602,0.717,0.003,0.621,0.042,0.064,0.423,0.048,-0.113,0.289,0.499,-0.349,0.644,0.418,0.074,0.21,0.089,-0.099,0.591,0.258,0.156,-0.059,0.805,-0.452,-0.23,0.156,0.025,0.222,-0.542,0.727,0.156,-0.041,-0.24,0.226,0.286,-0.155,-0.149,-0.613,0.446,0.249,0.126,0.114,-0.177,-0.004,0.362,0.792,-0.114,0.716,0.304,-0.451,-0.578,0.609,0.748,-0.437,0.325
AGIO,0.616,0.505,-0.02,-0.051,0.393,0.603,0.518,0.514,-0.161,0.0,0.411,0.761,0.498,0.53,0.758,0.567,0.098,-0.002,-0.28,0.406,-0.179,0.736,0.086,0.558,-0.57,-0.005,-0.444,0.457,0.171,-0.389,0.738,0.571,0.502,-0.371,0.66,0.571,0.051,-0.349,-0.216,-0.395,0.189,0.093,0.197,-0.006,0.605,0.474,-0.118,0.119,-0.201,0.782,0.694,0.293,-0.253,0.077,-0.196,0.437,0.661,0.265,0.271,-0.356,0.699,0.572,0.666,-0.401,0.593,0.075,-0.527,0.654,-0.267,-0.295,0.5,0.76,0.171,0.303,0.249,0.462,0.023,0.094,-0.239,0.178,0.659,0.637,0.631,-0.399,-0.407,-0.465,-0.147,0.452,-0.593,-0.223,-0.089,0.225,0.524,-0.31,-0.198,-0.399,-0.423,0.454,0.756,-0.437,0.563,0.532,0.033,-0.38,-0.568,0.633,0.548,0.564,0.604,0.61,-0.477,-0.103,-0.42,0.41,-0.088,0.678,0.725,0.088,0.322,-0.509,0.526,0.405,0.083,0.648,0.373,-0.181,-0.12,-0.426,0.4,0.551,0.685,0.081,0.489,0.459,-0.511,-0.159,0.68,0.77,0.691,0.33,0.389,-0.476,0.686,-0.022,0.573,0.086,-0.462,0.678,-0.487,0.619,0.251,-0.593,0.418,0.556,0.38,0.149,0.621,-0.28,0.196,-0.137,-0.054,0.468,0.414,0.067,0.195,-0.002,0.636,-0.155,0.433,0.666,0.526,-0.167,0.519,0.763,-0.454,0.356,0.537,0.754,-0.057,0.108,0.183,0.733,0.231,0.029,0.142,-0.207,0.36,0.65,-0.163,-0.635,-0.215,0.568,-0.289,0.156,0.633,0.529,-0.08,0.24,0.715,0.173
ALEC,0.426,0.204,0.225,0.005,0.233,0.038,0.699,0.535,0.078,0.411,0.0,0.636,0.292,0.615,0.523,0.562,0.512,0.639,0.478,0.918,0.557,0.544,0.748,-0.05,0.046,0.452,-0.24,0.739,0.722,0.197,0.508,0.001,-0.006,0.333,0.657,-0.206,0.514,-0.457,0.553,-0.789,0.186,0.163,-0.086,0.174,0.483,-0.346,0.594,-0.291,-0.368,0.512,0.071,0.525,-0.789,0.517,-0.305,0.2,0.689,-0.182,0.839,-0.033,0.563,0.574,0.658,-0.045,0.367,0.528,-0.025,0.506,-0.361,-0.295,0.766,0.199,-0.293,0.311,0.297,0.423,0.592,0.778,0.299,0.465,0.17,0.555,0.594,0.258,0.15,-0.22,0.351,0.278,0.022,-0.734,0.594,0.526,0.66,0.054,0.398,0.172,0.384,-0.223,0.563,-0.536,0.57,0.48,0.707,0.356,-0.105,0.417,0.731,-0.311,-0.025,0.094,-0.154,0.173,-0.192,0.706,0.47,0.237,0.378,0.771,0.804,-0.566,0.522,0.44,0.411,0.205,-0.047,0.588,0.325,0.115,0.407,-0.111,0.591,0.647,-0.186,0.087,-0.117,0.277,0.457,0.705,0.601,0.206,0.566,-0.005,0.615,-0.665,0.274,0.683,-0.104,0.395,0.157,0.589,0.609,-0.247,0.644,0.488,0.686,0.288,0.635,0.432,0.521,0.222,-0.282,0.505,-0.249,0.304,0.823,0.647,0.592,0.336,-0.044,0.745,0.638,-0.23,0.526,0.369,0.115,0.785,0.48,0.506,-0.278,0.748,-0.235,0.552,-0.406,-0.041,0.301,0.015,-0.018,0.077,0.122,-0.083,0.416,0.612,-0.153,0.523,0.489,-0.331,0.026,0.033,0.327,0.655
ALNY,0.749,0.499,-0.005,-0.155,0.329,0.478,0.709,0.572,-0.325,0.761,0.636,0.0,0.452,0.76,0.858,0.709,0.452,0.267,-0.097,0.671,-0.004,0.881,0.34,0.319,-0.554,0.025,-0.322,0.78,0.451,-0.36,0.862,0.584,0.374,-0.289,0.822,0.378,0.111,-0.579,0.079,-0.723,0.178,0.012,0.064,-0.063,0.74,0.273,0.063,0.036,-0.351,0.82,0.636,0.505,-0.653,0.363,-0.33,0.484,0.863,0.033,0.478,-0.314,0.884,0.63,0.799,-0.407,0.722,0.185,-0.562,0.795,-0.479,-0.311,0.754,0.76,-0.004,0.373,0.239,0.414,0.278,0.354,0.033,0.217,0.663,0.819,0.843,-0.373,-0.406,-0.637,-0.144,0.488,-0.581,-0.585,0.067,0.342,0.535,-0.37,-0.056,-0.382,-0.185,0.252,0.906,-0.779,0.726,0.689,0.285,-0.22,-0.621,0.794,0.73,0.322,0.511,0.4,-0.587,-0.081,-0.539,0.689,0.012,0.729,0.771,0.426,0.526,-0.731,0.672,0.418,0.147,0.646,0.273,-0.003,-0.107,-0.458,0.366,0.357,0.791,0.399,0.369,0.344,-0.602,-0.136,0.735,0.944,0.782,0.246,0.603,-0.531,0.779,-0.447,0.56,0.284,-0.545,0.667,-0.376,0.691,0.435,-0.664,0.597,0.689,0.531,0.154,0.839,-0.092,0.354,-0.067,-0.243,0.625,0.052,-0.019,0.425,0.225,0.811,-0.143,0.44,0.881,0.65,-0.285,0.543,0.852,-0.455,0.651,0.651,0.835,-0.18,0.466,0.084,0.856,0.083,-0.113,0.208,-0.171,0.179,0.451,0.074,-0.554,-0.235,0.722,-0.389,0.383,0.784,0.289,-0.259,-0.073,0.714,0.338
ALTR,0.452,0.201,0.522,0.092,0.489,0.134,0.722,0.702,0.201,0.498,0.292,0.452,0.0,0.636,0.563,0.666,0.128,0.398,0.205,0.26,0.147,0.27,0.03,0.273,-0.043,0.26,-0.079,0.568,0.359,0.175,0.505,0.222,0.323,0.135,0.302,0.114,0.295,0.08,0.146,-0.064,0.373,0.041,0.308,0.505,0.49,0.267,0.122,-0.018,0.427,0.436,0.496,0.597,-0.23,0.491,0.324,0.69,0.58,0.675,0.393,-0.268,0.516,0.634,0.755,-0.252,0.256,0.57,0.027,0.53,-0.309,0.449,0.548,0.276,0.245,0.406,0.375,0.489,0.464,0.28,0.295,0.64,0.355,0.07,0.354,0.018,0.078,0.167,0.177,0.713,-0.082,-0.224,0.136,0.626,0.548,0.177,0.42,-0.021,0.058,0.499,0.546,-0.028,0.527,0.612,0.419,0.13,-0.23,0.279,0.405,0.334,0.446,0.098,-0.162,0.529,-0.517,0.475,0.324,0.344,0.447,0.378,0.605,-0.083,0.602,0.758,0.578,0.585,0.075,0.29,0.38,-0.094,0.134,0.436,0.467,0.572,0.496,0.584,0.03,0.023,0.755,0.426,0.645,0.753,0.503,-0.075,0.663,0.078,0.029,0.399,0.002,0.567,0.125,0.712,0.154,-0.117,0.667,0.55,0.449,0.438,0.441,0.207,0.561,0.161,-0.255,0.633,0.098,0.581,0.221,0.165,0.699,0.243,0.296,0.513,0.74,0.251,0.552,0.369,0.089,0.433,0.743,0.433,0.394,0.434,0.12,0.67,-0.214,0.156,0.712,0.347,0.293,0.47,-0.005,-0.242,0.139,0.57,0.091,0.343,0.229,0.115,0.595,0.31,0.272,0.381
AMBA,0.704,0.131,0.484,-0.148,0.457,0.091,0.914,0.86,-0.045,0.53,0.615,0.76,0.636,0.0,0.76,0.964,0.397,0.598,0.24,0.668,0.269,0.522,0.321,0.288,-0.223,0.386,-0.217,0.908,0.68,0.074,0.691,0.319,0.229,0.097,0.774,0.021,0.425,-0.466,0.283,-0.598,0.43,-0.044,-0.012,0.299,0.827,0.096,0.257,-0.257,-0.076,0.65,0.523,0.63,-0.762,0.647,0.08,0.781,0.92,0.242,0.62,-0.53,0.83,0.84,0.929,-0.406,0.594,0.605,-0.251,0.876,-0.762,-0.09,0.881,0.466,-0.086,0.482,0.565,0.578,0.681,0.46,0.142,0.6,0.449,0.526,0.74,-0.076,-0.036,-0.247,0.091,0.783,-0.319,-0.675,0.237,0.735,0.563,-0.006,0.265,-0.11,-0.031,0.291,0.826,-0.65,0.815,0.851,0.621,0.15,-0.465,0.536,0.747,0.149,0.33,0.21,-0.517,0.286,-0.754,0.822,0.419,0.523,0.531,0.522,0.741,-0.661,0.845,0.77,0.603,0.654,-0.007,0.348,0.287,-0.322,0.38,0.376,0.815,0.697,0.314,0.532,-0.221,-0.143,0.913,0.799,0.881,0.56,0.737,-0.255,0.876,-0.536,0.382,0.581,-0.316,0.715,-0.048,0.871,0.333,-0.41,0.864,0.818,0.771,0.488,0.749,0.256,0.746,0.064,-0.38,0.71,-0.258,0.352,0.338,0.399,0.96,0.133,0.258,0.904,0.917,-0.143,0.748,0.609,-0.08,0.832,0.881,0.81,-0.185,0.745,-0.218,0.934,-0.32,-0.203,0.651,0.197,0.188,0.363,0.078,-0.409,0.003,0.828,-0.273,0.664,0.609,-0.004,0.203,-0.002,0.407,0.517
AMCX,0.796,0.535,0.087,-0.169,0.322,0.532,0.684,0.528,-0.274,0.758,0.523,0.858,0.563,0.76,0.0,0.721,0.257,0.153,-0.181,0.531,-0.137,0.775,0.089,0.472,-0.559,-0.009,-0.262,0.691,0.273,-0.394,0.787,0.638,0.431,-0.356,0.7,0.508,0.024,-0.496,-0.087,-0.61,0.051,-0.051,0.155,-0.044,0.743,0.4,-0.124,0.076,-0.083,0.743,0.776,0.564,-0.564,0.36,-0.279,0.543,0.851,0.279,0.444,-0.414,0.845,0.58,0.794,-0.526,0.678,0.171,-0.589,0.824,-0.49,-0.16,0.728,0.792,0.131,0.36,0.203,0.542,0.208,0.267,-0.013,0.283,0.799,0.65,0.787,-0.429,-0.494,-0.564,-0.225,0.516,-0.64,-0.467,-0.051,0.301,0.623,-0.467,-0.057,-0.525,-0.293,0.417,0.935,-0.574,0.729,0.8,0.192,-0.323,-0.658,0.803,0.745,0.453,0.636,0.51,-0.569,-0.032,-0.675,0.581,-0.097,0.793,0.797,0.345,0.526,-0.626,0.795,0.448,0.11,0.818,0.249,-0.074,-0.13,-0.555,0.246,0.486,0.714,0.322,0.565,0.573,-0.571,-0.228,0.769,0.857,0.855,0.383,0.561,-0.59,0.776,-0.239,0.382,0.175,-0.574,0.711,-0.429,0.72,0.268,-0.568,0.67,0.717,0.423,0.022,0.921,-0.197,0.266,0.007,-0.427,0.681,0.201,0.096,0.288,0.158,0.804,-0.279,0.552,0.859,0.627,-0.12,0.556,0.883,-0.515,0.547,0.731,0.825,-0.059,0.374,0.179,0.88,0.112,-0.051,0.34,-0.085,0.213,0.624,-0.024,-0.613,-0.215,0.823,-0.397,0.312,0.777,0.411,-0.059,0.008,0.781,0.22
AMKR,0.729,0.154,0.492,-0.024,0.537,0.086,0.885,0.882,0.008,0.567,0.562,0.709,0.666,0.964,0.721,0.0,0.4,0.549,0.198,0.626,0.285,0.481,0.268,0.308,-0.208,0.39,-0.165,0.856,0.689,0.139,0.686,0.37,0.359,0.11,0.786,0.037,0.499,-0.346,0.3,-0.472,0.546,0.063,0.111,0.373,0.802,0.203,0.229,-0.208,-0.068,0.687,0.561,0.637,-0.662,0.629,0.192,0.842,0.868,0.314,0.535,-0.561,0.825,0.86,0.904,-0.311,0.632,0.591,-0.221,0.886,-0.758,-0.044,0.845,0.488,0.032,0.575,0.66,0.534,0.674,0.418,0.085,0.649,0.465,0.503,0.753,-0.091,0.005,-0.193,0.086,0.837,-0.335,-0.534,0.252,0.766,0.502,0.069,0.283,-0.085,-0.097,0.381,0.801,-0.56,0.821,0.86,0.594,0.139,-0.467,0.479,0.683,0.233,0.415,0.291,-0.449,0.294,-0.744,0.805,0.425,0.549,0.538,0.404,0.712,-0.554,0.826,0.806,0.659,0.699,0.089,0.32,0.328,-0.315,0.435,0.503,0.843,0.658,0.352,0.621,-0.221,-0.095,0.936,0.754,0.865,0.629,0.795,-0.274,0.857,-0.451,0.435,0.546,-0.224,0.795,-0.008,0.864,0.231,-0.386,0.823,0.868,0.812,0.516,0.686,0.21,0.772,0.045,-0.253,0.743,-0.172,0.398,0.289,0.389,0.942,0.163,0.306,0.86,0.921,-0.069,0.84,0.587,-0.085,0.827,0.883,0.819,-0.125,0.673,-0.149,0.926,-0.263,-0.107,0.662,0.269,0.346,0.461,0.126,-0.405,-0.009,0.775,-0.183,0.683,0.601,0.043,0.266,0.098,0.396,0.548
AMRX,0.358,0.204,-0.117,0.208,0.239,-0.014,0.388,0.28,-0.055,0.098,0.512,0.452,0.128,0.397,0.257,0.4,0.0,0.437,0.252,0.544,0.418,0.396,0.508,-0.388,0.024,0.108,0.223,0.519,0.609,0.217,0.35,0.22,0.298,0.186,0.498,-0.212,0.461,-0.094,0.622,-0.39,0.361,0.433,0.231,0.139,0.256,-0.106,0.379,0.07,-0.487,0.457,-0.009,0.425,-0.516,0.342,-0.122,0.261,0.364,-0.267,0.278,0.058,0.492,0.352,0.305,0.188,0.465,0.179,-0.039,0.348,-0.252,-0.03,0.443,0.206,0.122,0.329,0.22,-0.105,0.431,0.534,0.394,0.22,0.072,0.532,0.542,0.033,0.091,-0.251,0.122,0.227,-0.075,-0.315,0.409,0.371,0.103,0.03,0.338,0.142,0.285,-0.108,0.316,-0.466,0.424,0.229,0.486,0.271,-0.155,0.246,0.333,-0.137,0.137,0.013,0.019,0.128,-0.048,0.516,0.248,0.208,0.335,0.45,0.349,-0.218,0.187,0.206,0.311,0.152,0.33,0.278,0.179,0.012,0.512,0.068,0.399,0.429,-0.123,-0.029,-0.278,0.324,0.253,0.428,0.238,0.161,0.665,-0.224,0.261,-0.505,0.326,0.401,0.137,0.344,0.265,0.208,0.265,-0.194,0.235,0.463,0.499,0.184,0.334,0.301,0.418,-0.103,0.08,0.501,-0.315,-0.041,0.491,0.425,0.342,0.223,0.118,0.431,0.335,-0.026,0.448,0.252,-0.064,0.646,0.139,0.326,-0.117,0.511,0.12,0.301,-0.073,0.215,0.097,0.024,0.313,0.034,0.513,-0.023,-0.016,0.268,0.128,0.437,0.352,-0.305,-0.216,-0.058,0.19,0.433
ANSS,0.019,-0.252,0.592,0.147,0.371,-0.433,0.731,0.691,0.52,-0.002,0.639,0.267,0.398,0.598,0.153,0.549,0.437,0.0,0.855,0.696,0.815,0.029,0.695,-0.339,0.492,0.783,-0.068,0.663,0.808,0.657,0.137,-0.45,-0.224,0.744,0.368,-0.668,0.746,-0.129,0.741,-0.435,0.497,0.193,-0.114,0.58,0.313,-0.562,0.838,-0.496,-0.004,0.198,-0.289,0.443,-0.654,0.669,0.069,0.313,0.478,0.001,0.812,0.002,0.274,0.683,0.57,0.077,-0.048,0.88,0.486,0.294,-0.316,0.091,0.62,-0.307,-0.39,0.322,0.542,0.483,0.836,0.769,0.529,0.699,-0.336,0.106,0.235,0.66,0.666,0.324,0.662,0.373,0.485,-0.655,0.681,0.858,0.308,0.512,0.721,0.61,0.687,-0.331,0.198,-0.284,0.319,0.295,0.952,0.801,0.239,-0.063,0.454,-0.561,-0.389,-0.319,0.094,0.581,-0.116,0.716,0.901,-0.262,-0.067,0.812,0.792,-0.316,0.354,0.68,0.809,-0.075,-0.311,0.895,0.78,0.418,0.316,-0.279,0.44,0.809,-0.385,0.013,0.438,0.37,0.437,0.304,0.394,0.359,0.499,0.471,0.454,-0.624,0.094,0.96,0.289,0.253,0.555,0.491,0.51,0.06,0.595,0.327,0.739,0.676,0.231,0.875,0.84,0.234,-0.224,0.401,-0.57,0.521,0.634,0.584,0.524,0.763,-0.436,0.444,0.682,-0.22,0.476,-0.111,0.631,0.765,0.439,0.253,-0.222,0.928,-0.505,0.39,-0.821,-0.014,0.566,0.173,-0.073,-0.247,0.096,0.214,0.654,0.389,0.225,0.718,0.042,-0.735,0.414,0.197,-0.192,0.704
APPN,-0.286,-0.44,0.625,0.243,0.081,-0.677,0.409,0.4,0.652,-0.28,0.478,-0.097,0.205,0.24,-0.181,0.198,0.252,0.855,0.0,0.477,0.877,-0.308,0.689,-0.516,0.778,0.786,0.028,0.37,0.658,0.828,-0.202,-0.709,-0.415,0.925,-0.012,-0.84,0.681,0.11,0.771,-0.174,0.332,0.198,-0.105,0.572,-0.027,-0.738,0.87,-0.565,0.14,-0.205,-0.568,0.309,-0.363,0.636,0.088,-0.009,0.109,-0.12,0.658,0.225,-0.118,0.354,0.257,0.298,-0.41,0.823,0.765,-0.091,-0.059,0.139,0.381,-0.639,-0.37,0.142,0.388,0.301,0.763,0.691,0.614,0.541,-0.595,-0.247,-0.097,0.907,0.85,0.638,0.829,0.086,0.778,-0.494,0.75,0.692,0.175,0.655,0.821,0.817,0.862,-0.421,-0.16,0.038,0.033,-0.013,0.826,0.937,0.579,-0.359,0.262,-0.769,-0.645,-0.564,0.403,0.62,0.166,0.367,0.886,-0.585,-0.394,0.701,0.615,0.022,0.08,0.416,0.721,-0.327,-0.457,0.947,0.83,0.732,0.119,-0.557,0.081,0.705,-0.593,-0.163,0.72,0.505,0.076,-0.043,0.043,0.293,0.218,0.763,0.089,-0.435,-0.268,0.872,0.549,-0.095,0.754,0.25,0.457,0.36,0.402,0.024,0.524,0.598,-0.097,0.934,0.667,0.446,-0.05,0.142,-0.498,0.504,0.591,0.581,0.137,0.835,-0.571,0.099,0.392,-0.12,0.244,-0.477,0.87,0.491,0.157,-0.157,-0.057,0.736,-0.499,0.008,-0.845,0.083,0.47,0.292,-0.227,-0.483,0.11,0.549,0.797,0.087,0.389,0.456,-0.27,-0.877,0.515,0.16,-0.522,0.685
APTO,0.449,0.197,0.227,0.096,0.355,0.043,0.721,0.578,0.117,0.406,0.918,0.671,0.26,0.668,0.531,0.626,0.544,0.696,0.477,0.0,0.601,0.57,0.779,-0.047,0.037,0.53,-0.281,0.768,0.777,0.195,0.534,0.02,0.059,0.332,0.778,-0.204,0.609,-0.484,0.565,-0.816,0.269,0.237,-0.065,0.176,0.561,-0.286,0.649,-0.335,-0.472,0.607,0.086,0.538,-0.832,0.568,-0.34,0.256,0.741,-0.199,0.852,-0.102,0.635,0.646,0.68,-0.033,0.425,0.548,-0.043,0.593,-0.388,-0.35,0.792,0.235,-0.286,0.435,0.481,0.516,0.627,0.766,0.192,0.528,0.157,0.646,0.682,0.26,0.156,-0.265,0.331,0.276,-0.022,-0.75,0.654,0.596,0.533,0.041,0.372,0.145,0.347,-0.254,0.582,-0.621,0.578,0.497,0.754,0.345,-0.173,0.483,0.763,-0.317,-0.017,0.193,-0.186,0.13,-0.21,0.763,0.519,0.248,0.369,0.744,0.785,-0.651,0.544,0.452,0.444,0.233,-0.033,0.568,0.359,0.07,0.499,-0.08,0.725,0.617,-0.19,0.122,-0.151,0.275,0.528,0.744,0.653,0.175,0.659,-0.042,0.652,-0.764,0.413,0.735,-0.124,0.517,0.109,0.587,0.604,-0.355,0.638,0.596,0.776,0.329,0.628,0.475,0.57,0.146,-0.266,0.527,-0.288,0.298,0.798,0.639,0.635,0.346,-0.086,0.782,0.673,-0.27,0.617,0.4,0.088,0.853,0.48,0.617,-0.39,0.815,-0.255,0.616,-0.413,-0.018,0.32,-0.092,0.073,0.143,0.077,-0.152,0.381,0.607,-0.149,0.653,0.593,-0.368,-0.013,0.083,0.345,0.669
ARCT,-0.09,-0.208,0.464,0.458,0.196,-0.561,0.406,0.396,0.587,-0.179,0.557,-0.004,0.147,0.269,-0.137,0.285,0.418,0.815,0.877,0.601,0.0,-0.154,0.775,-0.57,0.755,0.687,0.128,0.442,0.742,0.839,-0.05,-0.525,-0.172,0.899,0.178,-0.752,0.835,0.108,0.898,-0.21,0.517,0.419,0.039,0.589,-0.031,-0.609,0.902,-0.376,-0.086,0.007,-0.498,0.413,-0.452,0.606,0.076,-0.006,0.12,-0.17,0.605,0.283,0.036,0.405,0.252,0.499,-0.173,0.705,0.709,0.019,-0.037,0.068,0.43,-0.463,-0.236,0.305,0.532,0.219,0.734,0.801,0.552,0.62,-0.48,-0.041,0.06,0.815,0.818,0.491,0.81,0.124,0.657,-0.423,0.82,0.698,0.106,0.64,0.784,0.788,0.782,-0.429,-0.055,0.002,0.211,0.034,0.854,0.892,0.533,-0.287,0.302,-0.665,-0.47,-0.382,0.478,0.539,0.236,0.468,0.856,-0.421,-0.23,0.625,0.627,0.043,0.091,0.417,0.725,-0.227,-0.211,0.87,0.822,0.717,0.297,-0.378,0.192,0.691,-0.613,-0.126,0.514,0.644,0.115,0.062,0.058,0.259,0.422,0.599,0.087,-0.5,-0.07,0.834,0.609,0.097,0.79,0.228,0.404,0.346,0.391,0.195,0.69,0.543,-0.064,0.855,0.666,0.44,0.152,0.299,-0.353,0.444,0.692,0.647,0.167,0.819,-0.425,0.174,0.395,-0.121,0.406,-0.376,0.736,0.633,0.161,-0.055,-0.068,0.722,-0.345,0.06,-0.703,0.222,0.365,0.337,0.005,-0.278,0.346,0.555,0.736,0.089,0.435,0.554,-0.045,-0.817,0.403,0.165,-0.386,0.838
ARWR,0.732,0.713,-0.35,-0.126,0.22,0.738,0.491,0.318,-0.427,0.736,0.544,0.881,0.27,0.522,0.775,0.481,0.396,0.029,-0.308,0.57,-0.154,0.0,0.225,0.31,-0.646,-0.19,-0.341,0.556,0.217,-0.525,0.739,0.655,0.383,-0.446,0.749,0.58,-0.011,-0.548,-0.079,-0.675,0.015,0.018,0.025,-0.246,0.537,0.337,-0.049,0.273,-0.48,0.764,0.589,0.411,-0.52,0.067,-0.426,0.262,0.688,-0.013,0.351,-0.142,0.777,0.381,0.562,-0.393,0.762,-0.131,-0.692,0.675,-0.257,-0.326,0.501,0.807,0.059,0.261,0.016,0.274,0.008,0.264,-0.153,0.049,0.695,0.86,0.749,-0.525,-0.578,-0.782,-0.286,0.297,-0.667,-0.412,0.02,0.028,0.524,-0.538,-0.278,-0.541,-0.307,0.147,0.809,-0.672,0.66,0.496,0.08,-0.425,-0.589,0.86,0.621,0.421,0.582,0.581,-0.506,-0.23,-0.314,0.518,-0.248,0.768,0.841,0.287,0.317,-0.653,0.529,0.189,-0.155,0.561,0.383,-0.232,-0.322,-0.47,0.415,0.385,0.611,0.136,0.403,0.219,-0.792,-0.095,0.515,0.856,0.632,0.05,0.472,-0.666,0.618,-0.299,0.594,0.053,-0.597,0.584,-0.466,0.445,0.307,-0.623,0.317,0.545,0.289,-0.151,0.757,-0.274,0.025,-0.202,-0.194,0.454,0.185,-0.145,0.39,0.08,0.61,-0.29,0.435,0.732,0.375,-0.219,0.393,0.874,-0.629,0.451,0.402,0.732,-0.152,0.226,0.272,0.672,0.352,0.013,-0.064,-0.333,0.179,0.547,0.03,-0.556,-0.294,0.551,-0.452,0.172,0.778,0.4,-0.482,-0.071,0.884,0.161
ASND,0.055,-0.093,0.25,0.188,0.045,-0.308,0.413,0.321,0.219,0.086,0.748,0.34,0.03,0.321,0.089,0.268,0.508,0.695,0.689,0.779,0.775,0.225,0.0,-0.343,0.381,0.555,-0.167,0.54,0.74,0.423,0.226,-0.312,-0.196,0.586,0.421,-0.491,0.586,-0.281,0.725,-0.583,0.27,0.278,-0.111,0.187,0.22,-0.597,0.811,-0.415,-0.414,0.252,-0.308,0.334,-0.61,0.517,-0.335,-0.082,0.357,-0.479,0.668,0.188,0.246,0.386,0.362,0.314,0.047,0.538,0.321,0.162,-0.088,-0.316,0.569,-0.163,-0.38,0.225,0.387,0.237,0.605,0.738,0.414,0.317,-0.239,0.334,0.34,0.58,0.447,0.067,0.613,-0.009,0.37,-0.624,0.746,0.513,0.291,0.332,0.484,0.502,0.625,-0.478,0.162,-0.382,0.236,0.091,0.727,0.6,0.233,0.094,0.535,-0.594,-0.385,-0.26,0.151,0.188,0.164,0.504,0.624,-0.176,-0.02,0.67,0.593,-0.329,0.131,0.192,0.449,-0.152,-0.196,0.675,0.443,0.472,0.366,-0.456,0.375,0.595,-0.573,-0.205,0.2,0.449,0.152,0.388,0.179,0.015,0.377,0.357,0.253,-0.682,0.121,0.712,0.189,0.128,0.379,0.305,0.724,-0.07,0.406,0.235,0.628,0.406,0.203,0.66,0.501,0.369,0.027,0.235,-0.342,0.152,0.791,0.712,0.24,0.533,-0.344,0.422,0.395,-0.335,0.319,-0.028,0.424,0.648,0.15,0.184,-0.319,0.707,-0.342,0.204,-0.498,0.015,0.21,-0.017,-0.102,-0.268,0.168,0.27,0.461,0.227,0.063,0.423,0.258,-0.622,0.008,-0.053,-0.086,0.74
ASTH,0.451,0.098,0.161,-0.437,0.175,0.4,0.159,0.218,-0.414,0.558,-0.05,0.319,0.273,0.288,0.472,0.308,-0.388,-0.339,-0.516,-0.047,-0.57,0.31,-0.343,0.0,-0.663,-0.109,-0.488,0.077,-0.147,-0.561,0.416,0.463,0.2,-0.565,0.348,0.642,-0.349,-0.384,-0.64,-0.132,-0.132,-0.429,-0.11,-0.281,0.616,0.541,-0.494,-0.116,0.021,0.396,0.747,-0.069,0.034,-0.096,0.036,0.452,0.449,0.296,-0.092,-0.733,0.359,0.194,0.352,-0.562,0.424,-0.079,-0.659,0.508,-0.423,-0.253,0.178,0.571,0.035,0.111,0.146,0.33,-0.155,-0.491,-0.622,-0.028,0.608,0.232,0.327,-0.553,-0.584,-0.398,-0.504,0.31,-0.664,0.01,-0.369,-0.089,0.375,-0.294,-0.529,-0.64,-0.75,0.486,0.44,-0.245,0.223,0.478,-0.315,-0.634,-0.694,0.457,0.24,0.613,0.522,0.549,-0.722,-0.377,-0.634,-0.009,-0.333,0.595,0.351,-0.352,-0.017,-0.405,0.42,0.109,-0.168,0.544,-0.035,-0.436,-0.464,-0.687,0.018,0.512,0.401,-0.189,0.628,0.571,-0.369,-0.665,0.441,0.385,0.499,0.144,-0.0,-0.468,0.527,0.141,0.268,-0.316,-0.687,0.369,-0.732,0.434,-0.066,-0.527,0.264,0.327,-0.002,-0.035,0.363,-0.545,-0.112,-0.144,-0.335,-0.003,0.269,0.062,-0.422,-0.205,0.359,-0.511,0.358,0.383,0.291,0.068,0.174,0.573,-0.49,-0.086,0.426,0.547,-0.164,-0.209,-0.034,0.463,0.327,-0.398,0.228,-0.126,0.123,0.56,-0.509,-0.699,-0.477,0.406,-0.614,-0.09,0.461,0.718,-0.0,0.002,0.479,-0.268
ATSG,-0.527,-0.412,0.41,0.499,-0.083,-0.696,-0.062,-0.013,0.679,-0.57,0.046,-0.554,-0.043,-0.223,-0.559,-0.208,0.024,0.492,0.778,0.037,0.755,-0.646,0.381,-0.663,0.0,0.486,0.338,-0.103,0.26,0.862,-0.55,-0.758,-0.345,0.88,-0.439,-0.788,0.542,0.484,0.647,0.29,0.219,0.317,0.063,0.544,-0.477,-0.641,0.665,-0.267,0.293,-0.516,-0.728,0.122,0.056,0.331,0.242,-0.314,-0.405,-0.052,0.229,0.498,-0.49,-0.032,-0.226,0.589,-0.651,0.477,0.93,-0.492,0.345,0.34,-0.079,-0.816,-0.138,-0.026,0.17,0.018,0.413,0.456,0.521,0.392,-0.751,-0.564,-0.504,0.883,0.872,0.817,0.788,-0.197,0.906,-0.048,0.583,0.36,-0.155,0.69,0.728,0.837,0.8,-0.404,-0.539,0.528,-0.252,-0.367,0.515,0.839,0.846,-0.644,-0.14,-0.709,-0.659,-0.632,0.76,0.585,0.5,-0.052,0.666,-0.765,-0.597,0.341,0.23,0.5,-0.291,0.111,0.484,-0.495,-0.315,0.706,0.741,0.883,-0.124,-0.544,-0.37,0.362,-0.627,-0.317,0.798,0.634,-0.312,-0.51,-0.383,0.135,-0.057,0.812,-0.391,-0.045,-0.496,0.506,0.826,-0.339,0.885,-0.192,0.146,0.707,0.001,-0.292,0.169,0.336,-0.509,0.783,0.296,0.471,0.183,-0.056,-0.261,0.413,0.333,0.326,-0.328,0.726,-0.525,-0.388,-0.054,0.126,-0.036,-0.787,0.879,0.073,-0.189,-0.59,0.175,0.316,-0.219,-0.428,-0.629,0.316,0.233,0.398,-0.139,-0.486,0.194,0.788,0.752,-0.281,0.639,0.152,-0.55,-0.796,0.562,0.146,-0.711,0.441
AVTX,-0.147,-0.466,0.691,0.1,0.307,-0.564,0.508,0.574,0.632,-0.005,0.452,0.025,0.26,0.386,-0.009,0.39,0.108,0.783,0.786,0.53,0.687,-0.19,0.555,-0.109,0.486,0.0,-0.222,0.369,0.669,0.653,-0.086,-0.559,-0.276,0.733,0.272,-0.646,0.692,-0.041,0.501,-0.245,0.387,0.121,-0.122,0.47,0.273,-0.489,0.739,-0.742,0.015,0.082,-0.308,0.193,-0.355,0.525,0.093,0.25,0.322,-0.017,0.664,-0.204,0.059,0.553,0.403,0.101,-0.18,0.854,0.502,0.172,-0.33,-0.051,0.449,-0.406,-0.403,0.283,0.647,0.515,0.752,0.484,0.199,0.583,-0.418,-0.082,0.098,0.706,0.673,0.486,0.624,0.239,0.481,-0.447,0.642,0.744,0.277,0.556,0.599,0.607,0.488,-0.297,-0.008,-0.131,0.071,0.19,0.754,0.699,0.214,-0.203,0.345,-0.549,-0.455,-0.179,0.067,0.409,-0.125,0.405,0.837,-0.377,-0.298,0.499,0.619,-0.208,0.252,0.527,0.725,-0.154,-0.437,0.804,0.72,0.451,0.313,-0.291,0.402,0.562,-0.392,0.113,0.571,0.244,0.31,0.144,0.301,0.369,0.314,0.541,0.353,-0.447,0.033,0.809,0.29,0.185,0.418,0.427,0.377,0.049,0.5,0.263,0.634,0.693,0.016,0.757,0.711,0.223,-0.152,0.131,-0.446,0.54,0.41,0.541,0.325,0.691,-0.56,0.288,0.557,-0.14,0.458,-0.27,0.671,0.558,0.304,0.205,-0.294,0.683,-0.623,0.23,-0.786,-0.084,0.547,0.147,-0.055,-0.206,-0.191,0.14,0.675,0.227,0.178,0.57,-0.031,-0.654,0.547,0.381,-0.293,0.575
BCPC,-0.145,-0.041,-0.124,0.331,-0.131,-0.173,-0.248,-0.287,0.121,-0.444,-0.24,-0.322,-0.079,-0.217,-0.262,-0.165,0.223,-0.068,0.028,-0.281,0.128,-0.341,-0.167,-0.488,0.338,-0.222,0.0,-0.122,-0.087,0.27,-0.17,0.002,0.179,0.125,-0.367,-0.195,-0.013,0.517,0.269,0.417,-0.005,0.338,0.376,0.124,-0.426,-0.014,-0.073,0.373,0.266,-0.283,-0.213,0.12,0.139,0.0,0.218,-0.062,-0.372,0.045,-0.276,0.311,-0.187,-0.258,-0.3,0.355,-0.178,-0.129,0.304,-0.319,0.173,0.452,-0.169,-0.191,0.389,-0.041,-0.197,-0.463,-0.02,0.082,0.408,-0.015,-0.105,-0.286,-0.22,0.07,0.187,0.223,0.024,-0.163,0.257,0.383,-0.029,-0.027,-0.331,0.095,0.323,0.215,0.261,0.105,-0.258,0.402,-0.138,-0.138,0.001,0.203,0.298,-0.309,-0.373,-0.126,-0.027,-0.295,0.55,0.273,0.171,-0.129,-0.024,-0.193,-0.164,-0.064,-0.097,0.521,-0.254,-0.123,0.047,-0.083,0.262,0.062,0.183,0.182,-0.229,-0.034,-0.376,0.079,-0.132,-0.122,0.13,0.298,-0.227,-0.422,-0.347,0.017,0.046,0.06,-0.446,0.153,-0.342,-0.131,0.475,-0.213,0.475,-0.361,-0.19,0.461,-0.186,-0.146,-0.165,-0.184,-0.176,0.124,-0.049,0.193,0.175,0.174,0.084,-0.111,0.029,0.109,-0.294,0.048,0.253,-0.31,-0.272,0.308,-0.157,-0.261,0.105,-0.097,-0.176,-0.427,0.339,-0.073,0.377,-0.303,-0.033,0.339,0.004,0.364,0.194,-0.168,0.531,0.383,0.008,-0.189,0.49,-0.059,-0.317,-0.174,0.154,-0.07,-0.325,-0.031
BEAM,0.631,0.167,0.423,-0.072,0.332,0.037,0.882,0.771,-0.041,0.457,0.739,0.78,0.568,0.908,0.691,0.856,0.519,0.663,0.37,0.768,0.442,0.556,0.54,0.077,-0.103,0.369,-0.122,0.0,0.758,0.146,0.732,0.244,0.152,0.202,0.729,-0.065,0.444,-0.45,0.483,-0.668,0.428,0.018,-0.025,0.303,0.692,-0.086,0.426,-0.214,-0.139,0.598,0.365,0.676,-0.826,0.72,-0.037,0.601,0.853,0.052,0.682,-0.284,0.767,0.762,0.89,-0.209,0.514,0.6,-0.139,0.744,-0.6,-0.116,0.928,0.386,-0.138,0.428,0.492,0.438,0.701,0.601,0.345,0.551,0.366,0.558,0.711,0.058,0.07,-0.23,0.21,0.643,-0.179,-0.718,0.402,0.711,0.547,0.053,0.365,0.04,0.191,0.142,0.772,-0.63,0.768,0.746,0.685,0.283,-0.281,0.507,0.751,-0.019,0.214,0.053,-0.335,0.314,-0.554,0.837,0.467,0.426,0.466,0.653,0.79,-0.596,0.731,0.66,0.583,0.522,-0.017,0.464,0.335,-0.134,0.358,0.179,0.737,0.822,0.111,0.371,-0.166,0.03,0.776,0.778,0.738,0.459,0.713,-0.133,0.76,-0.632,0.293,0.64,-0.209,0.579,0.094,0.783,0.506,-0.338,0.813,0.714,0.794,0.46,0.733,0.36,0.717,0.256,-0.276,0.701,-0.226,0.264,0.575,0.575,0.86,0.242,0.21,0.884,0.848,-0.247,0.641,0.549,0.021,0.86,0.791,0.667,-0.154,0.799,-0.185,0.82,-0.355,-0.144,0.552,0.195,0.083,0.213,0.228,-0.197,0.096,0.74,-0.188,0.628,0.584,-0.14,0.102,-0.096,0.333,0.661
BILI,0.319,-0.167,0.533,0.132,0.384,-0.365,0.711,0.693,0.237,0.171,0.722,0.451,0.359,0.68,0.273,0.689,0.609,0.808,0.658,0.777,0.742,0.217,0.74,-0.147,0.26,0.669,-0.087,0.758,0.0,0.537,0.366,-0.127,0.015,0.577,0.634,-0.487,0.764,-0.226,0.73,-0.485,0.573,0.237,-0.022,0.402,0.496,-0.313,0.733,-0.48,-0.293,0.436,-0.044,0.51,-0.682,0.731,0.082,0.486,0.602,-0.162,0.659,-0.245,0.488,0.683,0.642,0.136,0.301,0.757,0.217,0.518,-0.549,-0.154,0.749,-0.02,-0.219,0.537,0.683,0.309,0.891,0.648,0.327,0.61,-0.081,0.337,0.536,0.414,0.45,0.09,0.429,0.455,0.167,-0.599,0.74,0.82,0.332,0.435,0.571,0.442,0.409,-0.158,0.356,-0.503,0.493,0.456,0.848,0.603,-0.048,0.122,0.577,-0.37,-0.117,-0.114,-0.083,0.331,-0.28,0.724,0.75,0.023,0.102,0.598,0.737,-0.391,0.447,0.589,0.773,0.147,-0.148,0.709,0.568,0.199,0.52,-0.044,0.667,0.792,-0.27,0.172,0.152,0.249,0.549,0.505,0.482,0.389,0.691,0.187,0.556,-0.703,0.279,0.803,0.157,0.437,0.403,0.61,0.441,-0.148,0.648,0.608,0.888,0.63,0.328,0.628,0.849,0.184,-0.044,0.473,-0.475,0.357,0.581,0.687,0.601,0.565,-0.194,0.627,0.745,-0.12,0.672,0.099,0.372,0.881,0.487,0.477,-0.271,0.838,-0.397,0.52,-0.568,-0.061,0.553,0.248,0.155,-0.027,0.237,0.077,0.339,0.424,0.045,0.697,0.336,-0.523,0.248,0.057,-0.038,0.8
BJRI,-0.301,-0.441,0.566,0.477,0.151,-0.725,0.213,0.322,0.72,-0.389,0.197,-0.36,0.175,0.074,-0.394,0.139,0.217,0.657,0.828,0.195,0.839,-0.525,0.423,-0.561,0.862,0.653,0.27,0.146,0.537,0.0,-0.347,-0.629,-0.174,0.937,-0.164,-0.835,0.772,0.457,0.767,0.226,0.53,0.375,0.113,0.734,-0.221,-0.522,0.724,-0.362,0.228,-0.274,-0.575,0.25,-0.084,0.476,0.458,0.047,-0.163,0.066,0.311,0.223,-0.258,0.248,0.046,0.5,-0.379,0.679,0.858,-0.193,-0.002,0.353,0.138,-0.684,-0.06,0.194,0.462,0.045,0.661,0.513,0.52,0.596,-0.652,-0.421,-0.24,0.824,0.923,0.801,0.771,0.181,0.784,-0.104,0.642,0.624,-0.055,0.816,0.818,0.868,0.699,-0.249,-0.338,0.323,0.013,-0.105,0.678,0.907,0.645,-0.606,-0.056,-0.59,-0.497,-0.5,0.58,0.694,0.239,0.195,0.829,-0.597,-0.444,0.363,0.39,0.378,-0.067,0.417,0.765,-0.302,-0.222,0.798,0.873,0.757,0.154,-0.29,-0.074,0.551,-0.512,-0.092,0.732,0.574,-0.013,-0.3,-0.128,0.376,0.263,0.717,-0.098,-0.169,-0.256,0.678,0.822,-0.072,0.912,0.08,0.102,0.567,0.213,0.03,0.474,0.582,-0.377,0.803,0.617,0.345,0.235,0.148,-0.388,0.552,0.341,0.453,-0.022,0.837,-0.467,-0.143,0.261,0.15,0.3,-0.645,0.863,0.352,0.054,-0.309,0.165,0.483,-0.297,-0.164,-0.693,0.29,0.416,0.526,0.072,-0.331,0.305,0.627,0.701,-0.144,0.628,0.392,-0.417,-0.786,0.643,0.29,-0.636,0.628
BLUE,0.736,0.431,0.062,-0.107,0.349,0.461,0.596,0.516,-0.393,0.738,0.508,0.862,0.505,0.691,0.787,0.686,0.35,0.137,-0.202,0.534,-0.05,0.739,0.226,0.416,-0.55,-0.086,-0.17,0.732,0.366,-0.347,0.0,0.656,0.491,-0.336,0.734,0.457,0.048,-0.435,0.067,-0.548,0.218,0.056,0.177,-0.009,0.724,0.371,-0.054,0.136,-0.213,0.811,0.707,0.425,-0.553,0.345,-0.135,0.579,0.775,0.127,0.303,-0.378,0.837,0.568,0.762,-0.314,0.709,0.143,-0.54,0.755,-0.425,-0.23,0.716,0.774,0.181,0.362,0.252,0.254,0.199,0.196,0.014,0.252,0.71,0.737,0.792,-0.42,-0.4,-0.582,-0.234,0.502,-0.566,-0.361,0.03,0.326,0.478,-0.235,-0.068,-0.379,-0.265,0.421,0.838,-0.591,0.642,0.685,0.2,-0.268,-0.613,0.746,0.558,0.415,0.601,0.382,-0.5,-0.065,-0.555,0.606,-0.019,0.746,0.723,0.235,0.429,-0.568,0.568,0.366,0.179,0.685,0.335,-0.061,-0.123,-0.5,0.295,0.483,0.724,0.37,0.433,0.462,-0.542,-0.178,0.732,0.806,0.698,0.255,0.551,-0.528,0.734,-0.34,0.474,0.138,-0.469,0.647,-0.351,0.64,0.355,-0.612,0.563,0.663,0.5,0.117,0.761,-0.178,0.325,0.03,-0.201,0.646,0.177,-0.0,0.311,0.29,0.727,-0.203,0.555,0.814,0.631,-0.114,0.461,0.825,-0.463,0.531,0.666,0.742,-0.115,0.344,0.189,0.796,0.15,-0.075,0.274,-0.065,0.349,0.531,0.129,-0.535,-0.346,0.651,-0.316,0.299,0.744,0.385,-0.152,-0.101,0.631,0.276
