,AAL,AAON,ACB,ACGL,ACGLO,ACIW,ADBE,ADSK,AEP,AGIO,ALEC,ALNY,ALTR,AMBA,AMCX,AMKR,AMRX,ANSS,APPN,APTO,ARCT,ARWR,ASND,ASTH,ATSG,AVTX,BCPC,BEAM,BILI,BJRI,BLUE,BPOP,BRKL,BWIN,BZUN,CARG,CBRL,CBSH,CBUS,CENTA,CERS,CFFN,CHCO,CHEF,CHRD,CINF,CLLS,CMCO,CMCSA,COLL,COMM,COOP,CPB,CRON,CROX,CRUS,CRWD,CTAS,CYBR,CYTK,DGII,DIOD,DOMO,DPZ,DSGR,DXCM,ERIE,ESTA,EXEL,FAST,FCEL,FCFS,FHB,FITBI,FSV,FTDR,FUTU,GLDD,GLPG,GLPI,GOGO,GOSS,GSAT,GYRE,HALO,HAS,HLIT,HLNE,HSDT,HSIC,HTHT,ICHR,IDYA,IMVT,INDB,INSM,IONS,IOSP,ITRI,JBHT,JBLU,JSM,KLIC,KOD,KURA,LAB,LASR,LIN,LKQ,LNT,MBUU,MCRI,MDGL,MEDP,MGNI,MGPI,MGRC,MKTX,MRNA,MRTN,MSEX,MSFT,MU,NAVI,NBTB,NEO,NEOG,NGNE,NSSC,NTAP,NTES,NTLA,NTRS,NYMTN,OBLG,OCFC,ON,ONC,OPI,OSIS,OSW,PALI,PANW,PCAR,PCRX,PCTY,PEBO,PLAB,PLAY,PLMR,PLSE,PLUS,PRTA,PSEC,PSNL,PTCT,PTON,QNST,QRVO,QTTB,RARE,RBCAA,RGNX,SAIC,SGMO,SINT,SNPS,SPSC,SPTN,SSYS,STNE,TBBK,TCPC,TENB,TGTX,TREE,TRUP,TTWO,TW,TXG,UBSI,UCTT,UFPT,UMBF,UPBD,URBN,VBTX,VCTR,VEON,VNET,VRSK,VSEC,WABC,WTFCM,WVE,WW,WWD,XEL,ZD,ZYME
AAL,0.0,-0.752,0.657,0.233,0.88,0.787,0.044,0.843,0.496,0.939,0.916,-0.035,0.842,0.146,0.949,0.482,0.949,0.549,0.907,0.701,-0.36,0.654,0.871,0.375,0.453,0.91,0.35,0.913,0.783,0.893,0.719,0.707,0.846,0.694,0.808,0.313,0.931,0.813,0.86,0.904,0.886,0.91,0.814,0.967,0.573,0.942,0.861,0.952,0.857,0.921,-0.463,0.955,0.267,0.866,0.802,-0.088,0.902,0.431,0.78,0.678,0.527,0.347,0.79,-0.597,0.938,0.78,0.889,0.779,0.925,-0.321,0.847,0.919,0.902,0.955,0.264,0.532,0.775,0.432,0.907,0.933,0.934,0.929,0.897,0.86,0.94,-0.124,-0.031,0.594,0.855,0.912,0.832,0.284,0.501,0.915,0.976,0.929,0.936,0.948,0.959,0.44,0.964,0.696,-0.123,0.943,0.903,0.586,0.917,0.919,0.241,-0.326,0.581,0.764,0.864,0.753,0.939,-0.776,0.44,0.888,-0.802,0.818,0.056,0.324,-0.771,0.258,0.688,0.922,0.923,0.868,0.073,0.319,-0.17,0.846,0.797,0.741,0.847,0.806,-0.708,0.565,0.93,0.827,0.949,0.899,-0.653,0.781,0.883,0.821,0.75,0.804,0.927,0.946,0.816,0.927,0.842,0.55,0.927,0.871,0.728,0.493,0.817,0.916,0.81,0.926,0.86,0.858,0.955,0.864,-0.222,0.538,0.476,0.941,0.857,0.929,0.868,0.897,0.939,0.948,0.423,0.866,-0.347,0.863,0.729,0.79,-0.272,0.504,-0.095,0.689,0.885,0.755,0.862,0.886,-0.64,0.785,0.762,0.71,0.905,0.805,0.921,-0.557,0.939,0.589
AAON,-0.752,0.0,-0.602,0.1,-0.698,-0.517,-0.397,-0.733,-0.18,-0.858,-0.78,-0.054,-0.823,-0.204,-0.766,-0.445,-0.741,-0.631,-0.83,-0.651,-0.045,-0.542,-0.855,-0.433,-0.102,-0.805,-0.187,-0.853,-0.691,-0.527,-0.651,-0.436,-0.501,-0.591,-0.708,-0.267,-0.747,-0.463,-0.853,-0.648,-0.891,-0.56,-0.355,-0.726,-0.351,-0.649,-0.808,-0.718,-0.556,-0.704,0.431,-0.649,0.014,-0.782,-0.751,0.062,-0.838,-0.304,-0.841,-0.671,-0.374,-0.21,-0.859,0.444,-0.779,-0.795,-0.751,-0.77,-0.877,0.389,-0.759,-0.712,-0.56,-0.78,-0.171,-0.448,-0.707,-0.231,-0.794,-0.644,-0.749,-0.822,-0.813,-0.714,-0.804,0.221,-0.035,-0.518,-0.838,-0.735,-0.711,-0.435,-0.462,-0.663,-0.71,-0.799,-0.794,-0.666,-0.801,-0.212,-0.691,-0.489,0.038,-0.857,-0.855,-0.719,-0.855,-0.644,-0.154,0.553,-0.461,-0.475,-0.802,-0.763,-0.847,0.605,-0.185,-0.736,0.519,-0.507,0.088,-0.478,0.705,0.31,-0.194,-0.828,-0.715,-0.755,-0.122,-0.24,-0.0,-0.862,-0.486,-0.681,-0.766,-0.424,0.497,-0.678,-0.72,-0.658,-0.684,-0.854,0.399,-0.46,-0.744,-0.83,-0.426,-0.528,-0.785,-0.814,-0.829,-0.615,-0.751,-0.368,-0.838,-0.777,-0.816,-0.196,-0.672,-0.865,-0.612,-0.62,-0.596,-0.488,-0.81,-0.872,-0.01,-0.621,-0.168,-0.85,-0.718,-0.769,-0.595,-0.833,-0.773,-0.801,-0.491,-0.779,0.083,-0.837,-0.364,-0.753,0.464,-0.14,0.343,-0.613,-0.527,-0.586,-0.746,-0.802,0.494,-0.512,-0.344,-0.622,-0.816,-0.586,-0.664,0.644,-0.776,-0.684
ACB,0.657,-0.602,0.0,0.003,0.388,0.878,0.208,0.812,0.063,0.692,0.559,-0.439,0.746,0.081,0.795,0.517,0.79,0.337,0.734,0.913,-0.104,0.08,0.774,0.823,0.396,0.76,0.352,0.769,0.902,0.546,0.805,0.688,0.643,0.822,0.925,0.678,0.783,0.677,0.858,0.796,0.605,0.709,0.43,0.541,0.709,0.573,0.596,0.749,0.689,0.824,-0.313,0.596,0.456,0.865,0.875,0.007,0.781,0.484,0.832,0.423,0.824,0.301,0.828,-0.165,0.768,0.869,0.839,0.448,0.718,0.127,0.904,0.545,0.683,0.614,0.007,0.827,0.883,0.623,0.603,0.687,0.806,0.556,0.809,0.357,0.808,0.233,-0.047,0.593,0.499,0.817,0.776,0.5,0.439,0.565,0.661,0.735,0.795,0.736,0.733,0.708,0.651,0.373,0.355,0.673,0.75,0.777,0.683,0.709,0.564,-0.433,0.081,0.719,0.759,0.751,0.815,-0.553,0.508,0.856,-0.685,0.787,0.229,0.489,-0.648,0.119,0.31,0.813,0.711,0.558,0.08,0.02,0.308,0.826,0.77,0.46,0.474,0.669,-0.431,0.838,0.826,0.836,0.788,0.766,-0.4,0.671,0.689,0.625,0.698,0.784,0.816,0.803,0.588,0.643,0.727,0.648,0.708,0.686,0.777,0.767,0.847,0.67,0.533,0.643,0.4,0.543,0.744,0.619,0.14,0.696,0.525,0.746,0.786,0.713,0.496,0.766,0.673,0.793,0.734,0.751,0.082,0.657,0.594,0.808,-0.309,0.412,0.207,0.806,0.658,0.444,0.611,0.891,-0.413,0.815,0.542,0.265,0.772,0.851,0.672,-0.533,0.786,0.147
ACGL,0.233,0.1,0.003,0.0,0.251,0.17,-0.218,0.096,0.678,0.042,0.035,0.192,0.084,-0.241,0.212,0.257,0.095,0.082,-0.032,0.18,-0.523,-0.023,0.101,-0.052,0.717,0.184,0.566,-0.003,0.018,0.405,0.132,0.518,0.459,0.091,0.123,-0.341,0.168,0.545,0.059,0.221,0.104,0.377,0.546,0.197,0.473,0.376,-0.065,0.359,0.253,0.151,0.396,0.341,0.453,0.078,0.117,0.035,-0.067,0.502,-0.096,0.162,0.17,0.005,-0.104,0.08,0.064,0.049,0.183,0.159,0.136,0.315,-0.009,0.009,0.502,0.16,0.545,0.225,0.14,0.552,0.042,0.248,0.118,0.099,0.028,0.008,0.16,0.299,0.346,0.448,0.149,0.326,0.17,0.031,0.522,0.165,0.334,0.173,0.173,0.309,0.182,0.48,0.309,0.535,0.333,0.09,0.047,-0.196,0.223,0.224,0.496,0.674,0.568,0.525,-0.022,0.077,0.062,-0.087,0.414,0.161,-0.272,0.436,0.317,0.086,0.051,0.494,0.452,0.038,0.372,0.064,0.485,-0.252,-0.058,0.012,0.494,0.118,-0.106,0.485,-0.011,-0.19,0.233,0.297,0.253,-0.012,-0.128,0.584,0.086,0.072,0.461,0.212,0.223,0.061,0.149,0.241,0.212,0.141,0.006,0.303,-0.071,0.216,0.161,0.025,0.19,0.43,0.12,0.532,0.143,-0.055,-0.1,0.204,0.527,0.026,0.046,0.247,0.192,0.077,0.184,0.071,0.058,-0.092,-0.066,-0.102,0.547,0.135,0.452,0.519,0.309,0.106,0.324,0.03,0.011,0.065,0.132,0.322,0.572,0.117,-0.014,0.175,0.327,0.406,-0.002,-0.141
ACGLO,0.88,-0.698,0.388,0.251,0.0,0.533,-0.02,0.672,0.422,0.852,0.885,0.076,0.707,0.368,0.793,0.389,0.804,0.604,0.815,0.444,-0.303,0.757,0.78,0.045,0.297,0.721,0.144,0.767,0.54,0.824,0.527,0.451,0.649,0.546,0.578,0.068,0.76,0.606,0.654,0.722,0.831,0.714,0.711,0.919,0.278,0.87,0.858,0.777,0.715,0.743,-0.422,0.853,0.052,0.734,0.6,-0.149,0.741,0.252,0.59,0.569,0.282,0.321,0.586,-0.706,0.796,0.555,0.661,0.813,0.809,-0.488,0.616,0.873,0.706,0.932,0.322,0.222,0.493,0.179,0.897,0.836,0.795,0.925,0.762,0.873,0.81,-0.343,-0.084,0.472,0.873,0.732,0.646,0.078,0.33,0.865,0.885,0.803,0.769,0.839,0.868,0.146,0.88,0.73,-0.234,0.872,0.771,0.462,0.82,0.814,-0.005,-0.311,0.639,0.55,0.757,0.6,0.804,-0.549,0.27,0.722,-0.695,0.616,-0.188,0.182,-0.702,0.207,0.679,0.741,0.759,0.868,0.028,0.434,-0.399,0.684,0.554,0.666,0.846,0.629,-0.64,0.339,0.749,0.586,0.781,0.762,-0.647,0.578,0.825,0.736,0.518,0.637,0.731,0.763,0.728,0.772,0.668,0.247,0.851,0.725,0.615,0.239,0.687,0.82,0.832,0.795,0.862,0.736,0.865,0.824,-0.258,0.392,0.265,0.843,0.747,0.771,0.868,0.73,0.823,0.819,0.151,0.763,-0.413,0.789,0.512,0.643,-0.327,0.292,-0.325,0.484,0.75,0.785,0.831,0.686,-0.662,0.53,0.589,0.748,0.745,0.627,0.746,-0.563,0.789,0.715
ACIW,0.787,-0.517,0.878,0.17,0.533,0.0,-0.013,0.88,0.343,0.733,0.673,-0.457,0.741,0.03,0.882,0.592,0.862,0.36,0.753,0.838,-0.393,0.191,0.75,0.699,0.582,0.76,0.414,0.78,0.843,0.764,0.817,0.759,0.8,0.768,0.915,0.653,0.887,0.834,0.809,0.915,0.597,0.841,0.662,0.715,0.738,0.728,0.612,0.852,0.865,0.908,-0.447,0.76,0.516,0.816,0.843,-0.02,0.813,0.578,0.767,0.417,0.814,0.371,0.75,-0.291,0.825,0.826,0.884,0.444,0.74,0.115,0.849,0.676,0.83,0.725,-0.042,0.831,0.852,0.661,0.677,0.831,0.867,0.618,0.806,0.504,0.844,0.254,-0.119,0.634,0.504,0.885,0.835,0.29,0.414,0.695,0.795,0.783,0.871,0.868,0.802,0.665,0.796,0.474,0.139,0.698,0.786,0.599,0.725,0.862,0.516,-0.268,0.16,0.836,0.736,0.769,0.834,-0.643,0.603,0.876,-0.856,0.903,0.276,0.367,-0.739,0.274,0.555,0.832,0.816,0.64,0.107,0.06,0.114,0.794,0.841,0.5,0.547,0.828,-0.523,0.684,0.92,0.893,0.893,0.745,-0.641,0.797,0.778,0.626,0.844,0.907,0.866,0.846,0.524,0.84,0.758,0.655,0.743,0.724,0.719,0.848,0.881,0.673,0.637,0.822,0.561,0.709,0.807,0.6,0.015,0.627,0.538,0.77,0.808,0.761,0.645,0.79,0.76,0.851,0.605,0.781,-0.101,0.642,0.759,0.746,-0.262,0.587,0.256,0.857,0.811,0.502,0.683,0.883,-0.497,0.898,0.761,0.337,0.795,0.911,0.799,-0.414,0.857,0.148
ADBE,0.044,-0.397,0.208,-0.218,-0.02,-0.013,0.0,0.168,0.015,0.101,0.049,0.437,0.451,-0.125,0.058,0.341,0.009,0.502,0.107,0.372,0.322,0.077,0.209,0.502,-0.01,0.313,0.353,0.315,0.148,-0.274,0.137,0.183,0.033,0.073,0.198,0.133,0.138,-0.028,0.373,-0.022,0.34,-0.046,-0.169,-0.016,0.192,-0.043,0.023,0.097,-0.223,-0.008,-0.103,-0.036,-0.238,0.08,0.347,0.373,0.251,0.365,0.5,0.623,0.107,0.179,0.516,0.378,0.046,0.443,0.204,0.018,0.318,0.154,0.283,-0.11,-0.002,0.04,0.404,0.264,0.342,0.169,0.04,-0.126,0.037,0.122,0.275,-0.091,0.081,0.241,0.605,0.402,0.197,0.135,0.257,0.759,0.396,0.009,0.007,0.209,0.169,-0.077,0.049,0.094,-0.101,0.065,0.07,0.164,0.262,0.236,0.255,-0.041,0.294,-0.132,0.162,0.082,0.085,0.397,0.173,-0.226,0.07,-0.008,0.226,-0.139,0.401,0.818,0.191,-0.534,-0.449,0.282,0.203,-0.097,0.335,-0.302,0.568,0.371,0.023,0.29,-0.018,-0.113,0.192,0.457,0.051,0.193,0.03,0.278,0.493,-0.135,0.013,0.492,0.069,-0.097,0.219,0.187,0.412,-0.017,0.369,0.371,0.072,0.337,0.191,-0.094,0.047,0.187,-0.106,-0.041,-0.079,-0.105,0.057,0.205,0.62,0.533,-0.087,0.139,-0.045,0.241,-0.254,0.395,0.075,0.07,0.627,0.031,0.614,0.135,0.051,0.258,0.149,0.06,-0.035,0.269,-0.155,-0.2,-0.127,0.156,0.449,0.107,-0.14,0.243,0.229,-0.122,-0.052,0.022,0.092,0.235
ADSK,0.843,-0.733,0.812,0.096,0.672,0.88,0.168,0.0,0.309,0.823,0.752,-0.297,0.895,0.215,0.929,0.734,0.857,0.621,0.817,0.842,-0.328,0.299,0.838,0.669,0.477,0.818,0.411,0.876,0.77,0.767,0.76,0.665,0.778,0.818,0.904,0.557,0.951,0.744,0.857,0.931,0.77,0.803,0.598,0.784,0.634,0.747,0.705,0.847,0.825,0.899,-0.611,0.765,0.245,0.847,0.911,0.062,0.88,0.625,0.882,0.558,0.715,0.45,0.84,-0.339,0.839,0.896,0.87,0.549,0.829,-0.013,0.85,0.724,0.796,0.831,0.006,0.765,0.828,0.577,0.773,0.838,0.891,0.758,0.871,0.592,0.882,0.192,-0.028,0.743,0.677,0.884,0.934,0.381,0.47,0.708,0.843,0.823,0.924,0.869,0.854,0.505,0.841,0.552,0.124,0.793,0.951,0.587,0.883,0.916,0.452,-0.405,0.269,0.784,0.76,0.919,0.9,-0.594,0.589,0.865,-0.847,0.816,0.249,0.518,-0.776,0.077,0.502,0.875,0.853,0.707,0.192,0.032,0.05,0.929,0.749,0.586,0.644,0.772,-0.431,0.718,0.91,0.909,0.885,0.817,-0.629,0.699,0.883,0.797,0.799,0.888,0.906,0.896,0.648,0.779,0.881,0.627,0.816,0.828,0.813,0.691,0.914,0.75,0.709,0.837,0.611,0.662,0.87,0.706,0.111,0.761,0.419,0.854,0.808,0.806,0.692,0.894,0.781,0.886,0.685,0.814,-0.002,0.726,0.707,0.86,-0.37,0.555,-0.023,0.91,0.767,0.533,0.742,0.918,-0.493,0.801,0.679,0.459,0.801,0.883,0.778,-0.507,0.887,0.366
AEP,0.496,-0.18,0.063,0.678,0.422,0.343,0.015,0.309,0.0,0.265,0.299,0.318,0.354,-0.466,0.42,0.403,0.3,0.319,0.22,0.288,-0.571,0.282,0.226,0.088,0.721,0.445,0.684,0.314,0.168,0.497,0.198,0.607,0.599,0.086,0.258,-0.156,0.435,0.652,0.322,0.402,0.339,0.536,0.621,0.461,0.521,0.535,0.112,0.564,0.407,0.328,0.01,0.559,0.45,0.16,0.267,0.195,0.284,0.6,0.18,0.466,0.213,0.046,0.205,0.008,0.302,0.291,0.475,0.245,0.393,0.221,0.22,0.269,0.627,0.377,0.484,0.329,0.375,0.553,0.248,0.358,0.3,0.291,0.238,0.309,0.316,0.3,0.417,0.494,0.356,0.501,0.359,0.161,0.613,0.362,0.491,0.403,0.451,0.432,0.364,0.446,0.445,0.576,-0.127,0.312,0.298,-0.141,0.424,0.374,0.395,0.587,0.624,0.581,0.104,0.29,0.3,-0.515,0.3,0.286,-0.309,0.49,0.467,0.276,-0.109,0.276,0.356,0.356,0.586,0.214,0.406,-0.141,-0.051,0.239,0.535,0.457,0.158,0.509,-0.222,-0.085,0.408,0.481,0.439,0.247,-0.236,0.643,0.216,0.335,0.538,0.292,0.453,0.34,0.416,0.541,0.436,0.417,0.221,0.522,0.058,0.267,0.252,0.274,0.185,0.573,0.341,0.675,0.311,0.217,-0.061,0.337,0.438,0.255,0.138,0.434,0.29,0.39,0.446,0.297,0.213,0.172,-0.174,0.105,0.6,0.169,0.369,0.595,0.348,0.295,0.412,0.076,0.145,0.238,0.083,0.49,0.612,0.351,0.275,0.223,0.519,0.363,0.27,0.038
AGIO,0.939,-0.858,0.692,0.042,0.852,0.733,0.101,0.823,0.265,0.0,0.947,-0.088,0.841,0.277,0.915,0.416,0.953,0.542,0.959,0.686,-0.135,0.684,0.93,0.366,0.261,0.888,0.162,0.928,0.815,0.809,0.769,0.571,0.721,0.72,0.81,0.348,0.888,0.663,0.879,0.856,0.932,0.81,0.661,0.927,0.428,0.89,0.953,0.888,0.807,0.901,-0.496,0.893,0.16,0.919,0.822,-0.227,0.934,0.297,0.83,0.623,0.485,0.374,0.84,-0.669,0.957,0.794,0.855,0.845,0.946,-0.473,0.869,0.939,0.776,0.949,0.17,0.468,0.739,0.272,0.946,0.901,0.938,0.958,0.938,0.887,0.962,-0.277,-0.132,0.506,0.884,0.867,0.793,0.266,0.418,0.917,0.917,0.929,0.909,0.905,0.967,0.31,0.915,0.62,-0.117,0.985,0.919,0.749,0.914,0.878,0.122,-0.54,0.5,0.645,0.949,0.763,0.965,-0.725,0.316,0.899,-0.747,0.737,-0.123,0.294,-0.846,0.074,0.57,0.927,0.849,0.927,-0.039,0.425,-0.193,0.876,0.691,0.732,0.919,0.684,-0.713,0.657,0.891,0.743,0.894,0.951,-0.628,0.662,0.901,0.849,0.617,0.77,0.885,0.948,0.823,0.851,0.81,0.425,0.987,0.83,0.842,0.384,0.822,0.973,0.846,0.829,0.852,0.748,0.979,0.944,-0.208,0.505,0.35,0.982,0.916,0.912,0.864,0.891,0.937,0.967,0.394,0.933,-0.313,0.959,0.568,0.809,-0.438,0.296,-0.221,0.661,0.813,0.825,0.933,0.914,-0.732,0.691,0.599,0.719,0.939,0.796,0.856,-0.735,0.949,0.703
ALEC,0.916,-0.78,0.559,0.035,0.885,0.673,0.049,0.752,0.299,0.947,0.0,-0.026,0.759,0.333,0.852,0.368,0.901,0.555,0.928,0.559,-0.201,0.739,0.87,0.243,0.217,0.798,0.109,0.876,0.697,0.823,0.661,0.495,0.681,0.619,0.701,0.28,0.828,0.603,0.778,0.788,0.878,0.752,0.671,0.94,0.33,0.858,0.935,0.822,0.785,0.85,-0.54,0.86,0.097,0.822,0.712,-0.253,0.889,0.225,0.748,0.611,0.345,0.326,0.754,-0.727,0.892,0.695,0.762,0.824,0.893,-0.54,0.764,0.93,0.724,0.94,0.141,0.35,0.613,0.157,0.935,0.871,0.873,0.953,0.874,0.913,0.88,-0.328,-0.219,0.425,0.848,0.783,0.719,0.177,0.325,0.928,0.89,0.869,0.842,0.86,0.912,0.173,0.892,0.612,-0.243,0.932,0.856,0.633,0.835,0.856,0.026,-0.524,0.54,0.573,0.882,0.694,0.899,-0.688,0.273,0.822,-0.74,0.665,-0.185,0.206,-0.823,0.093,0.61,0.858,0.789,0.916,-0.098,0.446,-0.31,0.8,0.592,0.702,0.915,0.648,-0.72,0.57,0.829,0.663,0.829,0.88,-0.68,0.567,0.903,0.797,0.557,0.677,0.824,0.882,0.742,0.851,0.725,0.358,0.933,0.768,0.753,0.308,0.735,0.92,0.82,0.806,0.874,0.689,0.935,0.91,-0.252,0.397,0.213,0.932,0.839,0.845,0.852,0.816,0.886,0.913,0.266,0.872,-0.349,0.919,0.533,0.744,-0.478,0.276,-0.311,0.582,0.787,0.815,0.92,0.82,-0.728,0.605,0.592,0.773,0.878,0.725,0.817,-0.692,0.903,0.76
ALNY,-0.035,-0.054,-0.439,0.192,0.076,-0.457,0.437,-0.297,0.318,-0.088,-0.026,0.0,-0.005,-0.267,-0.22,-0.091,-0.23,0.142,-0.172,-0.197,0.168,0.401,-0.109,-0.277,0.023,0.055,0.276,-0.03,-0.322,-0.185,-0.288,0.012,-0.018,-0.407,-0.314,-0.542,-0.158,-0.114,-0.059,-0.288,0.169,-0.111,0.061,-0.015,-0.135,-0.041,-0.122,-0.047,-0.4,-0.288,0.235,0.011,-0.31,-0.284,-0.168,0.176,-0.119,0.011,-0.098,0.462,-0.409,-0.141,-0.049,0.128,-0.211,-0.095,-0.127,0.091,0.051,-0.189,-0.185,-0.126,-0.053,-0.081,0.618,-0.348,-0.17,-0.122,-0.109,-0.251,-0.271,0.058,-0.104,0.034,-0.191,-0.092,0.499,0.046,0.153,-0.153,-0.152,0.286,0.342,-0.003,-0.034,0.017,-0.104,-0.222,-0.156,-0.218,-0.156,0.129,-0.264,-0.006,-0.108,-0.271,-0.002,-0.255,-0.074,0.3,0.559,-0.101,-0.209,-0.108,-0.166,-0.172,-0.186,-0.318,0.42,-0.321,0.132,0.235,0.427,-0.119,-0.187,-0.067,0.028,-0.168,0.276,-0.183,0.084,-0.12,-0.157,0.175,-0.06,-0.189,0.071,-0.22,-0.239,-0.194,-0.196,-0.057,0.42,-0.173,-0.233,0.14,-0.144,-0.429,-0.091,-0.13,0.278,-0.091,0.017,0.02,-0.143,0.135,-0.297,-0.543,-0.386,0.003,-0.129,-0.069,0.061,-0.02,-0.148,0.011,-0.004,-0.055,-0.134,-0.137,-0.355,0.056,-0.188,0.001,-0.005,-0.218,-0.066,-0.3,0.085,-0.073,-0.025,-0.156,0.42,0.009,-0.165,-0.301,-0.244,-0.18,-0.253,-0.263,0.404,-0.187,-0.049,0.3,-0.091,-0.477,-0.122,0.298,-0.241,0.301
ALTR,0.842,-0.823,0.746,0.084,0.707,0.741,0.451,0.895,0.354,0.841,0.759,-0.005,0.0,0.144,0.885,0.709,0.816,0.759,0.832,0.828,-0.129,0.479,0.846,0.633,0.401,0.899,0.439,0.931,0.741,0.645,0.732,0.648,0.709,0.737,0.84,0.443,0.912,0.669,0.916,0.831,0.896,0.739,0.542,0.787,0.598,0.748,0.736,0.845,0.681,0.811,-0.501,0.769,0.145,0.832,0.92,0.148,0.892,0.636,0.932,0.79,0.601,0.445,0.918,-0.285,0.823,0.919,0.861,0.634,0.919,-0.08,0.866,0.698,0.748,0.828,0.281,0.678,0.838,0.507,0.806,0.757,0.855,0.806,0.908,0.619,0.868,0.102,0.214,0.786,0.813,0.865,0.872,0.538,0.577,0.743,0.817,0.878,0.911,0.793,0.854,0.464,0.792,0.605,0.042,0.859,0.936,0.66,0.934,0.812,0.394,-0.379,0.425,0.741,0.775,0.916,0.908,-0.674,0.437,0.796,-0.644,0.682,0.242,0.679,-0.631,-0.058,0.335,0.911,0.868,0.707,0.262,0.064,0.114,0.952,0.692,0.703,0.673,0.649,-0.405,0.703,0.848,0.853,0.838,0.887,-0.386,0.624,0.8,0.936,0.688,0.737,0.906,0.886,0.844,0.74,0.931,0.619,0.831,0.898,0.795,0.509,0.84,0.828,0.685,0.764,0.644,0.663,0.858,0.803,0.177,0.835,0.349,0.876,0.749,0.854,0.637,0.972,0.803,0.867,0.76,0.798,0.038,0.775,0.617,0.83,-0.256,0.448,-0.052,0.835,0.658,0.507,0.672,0.865,-0.354,0.732,0.544,0.608,0.856,0.727,0.729,-0.509,0.859,0.541
AMBA,0.146,-0.204,0.081,-0.241,0.368,0.03,-0.125,0.215,-0.466,0.277,0.333,-0.267,0.144,0.0,0.154,0.089,0.219,0.258,0.289,-0.046,0.071,0.174,0.271,-0.138,-0.366,-0.016,-0.473,0.164,0.067,0.239,0.127,-0.264,-0.058,0.333,0.113,0.147,0.122,-0.143,0.018,0.154,0.195,0.005,0.009,0.255,-0.271,0.117,0.442,-0.026,0.179,0.194,-0.343,0.06,-0.438,0.279,0.145,-0.054,0.15,-0.227,0.151,-0.079,-0.026,0.413,0.082,-0.521,0.177,0.014,-0.09,0.295,0.131,-0.426,0.094,0.309,-0.053,0.306,-0.238,-0.163,-0.121,-0.334,0.388,0.275,0.224,0.364,0.22,0.29,0.204,-0.373,-0.407,-0.046,0.247,-0.004,0.122,-0.15,-0.356,0.223,0.179,0.1,0.07,0.209,0.249,-0.337,0.252,0.066,0.057,0.246,0.236,0.254,0.188,0.302,-0.323,-0.578,-0.009,-0.085,0.324,0.184,0.209,0.266,0.119,0.188,-0.301,-0.009,-0.498,-0.097,-0.345,0.061,0.341,0.081,-0.039,0.39,-0.226,0.38,-0.346,0.201,-0.113,-0.025,0.372,0.072,-0.037,0.187,0.114,-0.004,0.103,0.175,-0.328,-0.151,0.448,0.149,-0.056,0.234,0.065,0.133,-0.024,0.002,0.049,-0.274,0.317,0.014,0.315,-0.011,0.281,0.201,0.451,0.097,0.261,-0.095,0.28,0.244,-0.089,-0.006,-0.222,0.288,0.318,0.068,0.368,0.075,0.071,0.239,-0.142,0.271,-0.028,0.348,-0.097,0.35,-0.557,-0.204,-0.553,0.105,0.168,0.446,0.444,0.169,-0.498,-0.152,-0.049,0.246,0.12,0.251,0.038,-0.545,0.231,0.461
AMCX,0.949,-0.766,0.795,0.212,0.793,0.882,0.058,0.929,0.42,0.915,0.852,-0.22,0.885,0.154,0.0,0.58,0.953,0.577,0.915,0.804,-0.341,0.463,0.888,0.537,0.478,0.901,0.354,0.907,0.848,0.867,0.798,0.712,0.818,0.805,0.895,0.454,0.966,0.818,0.902,0.957,0.837,0.894,0.72,0.899,0.658,0.89,0.829,0.946,0.899,0.953,-0.495,0.893,0.365,0.921,0.888,-0.067,0.906,0.529,0.842,0.601,0.652,0.363,0.829,-0.505,0.945,0.858,0.923,0.724,0.907,-0.153,0.881,0.849,0.886,0.923,0.142,0.688,0.852,0.531,0.885,0.937,0.969,0.856,0.913,0.749,0.964,0.014,-0.065,0.681,0.807,0.948,0.87,0.304,0.505,0.837,0.937,0.903,0.964,0.955,0.962,0.549,0.952,0.641,0.062,0.904,0.932,0.666,0.926,0.932,0.361,-0.349,0.416,0.807,0.872,0.825,0.962,-0.699,0.484,0.95,-0.853,0.882,0.096,0.379,-0.828,0.187,0.603,0.924,0.912,0.846,0.103,0.218,-0.087,0.91,0.831,0.677,0.772,0.808,-0.627,0.657,0.972,0.902,0.964,0.901,-0.673,0.813,0.895,0.812,0.781,0.88,0.951,0.947,0.776,0.888,0.871,0.561,0.913,0.853,0.816,0.639,0.914,0.877,0.791,0.899,0.737,0.822,0.957,0.832,-0.111,0.67,0.49,0.941,0.908,0.894,0.816,0.916,0.891,0.965,0.563,0.896,-0.226,0.829,0.717,0.846,-0.351,0.497,-0.009,0.831,0.871,0.703,0.836,0.95,-0.623,0.826,0.728,0.591,0.895,0.911,0.894,-0.561,0.951,0.468
AMKR,0.482,-0.445,0.517,0.257,0.389,0.592,0.341,0.734,0.403,0.416,0.368,-0.091,0.709,0.089,0.58,0.0,0.421,0.615,0.393,0.688,-0.276,0.039,0.527,0.62,0.618,0.502,0.623,0.597,0.323,0.45,0.472,0.558,0.587,0.564,0.626,0.357,0.667,0.554,0.574,0.596,0.503,0.457,0.343,0.418,0.611,0.381,0.249,0.548,0.501,0.517,-0.358,0.444,0.144,0.449,0.688,0.419,0.546,0.848,0.647,0.518,0.621,0.421,0.587,0.175,0.393,0.712,0.583,0.205,0.535,0.397,0.493,0.248,0.554,0.452,0.048,0.718,0.575,0.692,0.39,0.456,0.472,0.389,0.547,0.153,0.482,0.53,0.333,0.873,0.402,0.618,0.719,0.433,0.561,0.326,0.52,0.557,0.656,0.496,0.458,0.459,0.48,0.457,0.233,0.405,0.621,0.229,0.619,0.598,0.654,-0.049,0.264,0.696,0.301,0.833,0.54,-0.325,0.589,0.451,-0.571,0.555,0.518,0.729,-0.37,-0.022,0.183,0.545,0.629,0.287,0.575,-0.382,0.255,0.682,0.508,0.407,0.188,0.573,0.126,0.429,0.605,0.743,0.514,0.412,-0.322,0.48,0.573,0.559,0.682,0.602,0.656,0.507,0.407,0.41,0.694,0.564,0.387,0.679,0.515,0.594,0.684,0.327,0.373,0.59,0.225,0.388,0.486,0.319,0.443,0.857,0.184,0.449,0.328,0.463,0.32,0.644,0.433,0.483,0.73,0.385,0.397,0.273,0.574,0.591,-0.132,0.644,0.086,0.79,0.341,-0.016,0.324,0.522,0.051,0.604,0.508,0.196,0.412,0.525,0.431,-0.077,0.482,0.044
AMRX,0.949,-0.741,0.79,0.095,0.804,0.862,0.009,0.857,0.3,0.953,0.901,-0.23,0.816,0.219,0.953,0.421,0.0,0.453,0.947,0.747,-0.291,0.568,0.901,0.461,0.381,0.892,0.225,0.911,0.892,0.846,0.793,0.675,0.798,0.775,0.876,0.444,0.921,0.769,0.883,0.924,0.836,0.899,0.745,0.91,0.558,0.901,0.897,0.925,0.871,0.965,-0.503,0.908,0.325,0.938,0.839,-0.185,0.923,0.343,0.817,0.557,0.613,0.392,0.821,-0.628,0.976,0.806,0.903,0.744,0.906,-0.33,0.915,0.924,0.848,0.933,0.14,0.578,0.811,0.4,0.914,0.946,0.973,0.895,0.935,0.824,0.973,-0.148,-0.184,0.522,0.792,0.909,0.824,0.264,0.401,0.916,0.935,0.914,0.93,0.957,0.969,0.459,0.934,0.596,-0.048,0.936,0.894,0.713,0.864,0.926,0.226,-0.459,0.396,0.72,0.938,0.742,0.966,-0.744,0.421,0.946,-0.832,0.848,-0.018,0.27,-0.838,0.234,0.657,0.94,0.876,0.883,-0.069,0.377,-0.122,0.858,0.799,0.694,0.852,0.776,-0.755,0.686,0.951,0.811,0.961,0.935,-0.665,0.754,0.896,0.784,0.727,0.869,0.904,0.965,0.763,0.911,0.807,0.539,0.957,0.796,0.802,0.57,0.872,0.923,0.829,0.872,0.817,0.803,0.97,0.871,-0.211,0.506,0.475,0.966,0.955,0.913,0.852,0.88,0.928,0.981,0.435,0.93,-0.327,0.901,0.673,0.822,-0.373,0.409,-0.062,0.726,0.9,0.815,0.903,0.947,-0.736,0.806,0.705,0.641,0.948,0.893,0.896,-0.673,0.979,0.539
ANSS,0.549,-0.631,0.337,0.082,0.604,0.36,0.502,0.621,0.319,0.542,0.555,0.142,0.759,0.258,0.577,0.615,0.453,0.0,0.588,0.454,-0.06,0.368,0.57,0.311,0.176,0.51,0.236,0.616,0.309,0.452,0.357,0.245,0.344,0.515,0.42,0.196,0.575,0.328,0.537,0.488,0.673,0.337,0.245,0.565,0.271,0.494,0.503,0.481,0.459,0.454,-0.487,0.468,-0.058,0.491,0.566,0.143,0.572,0.537,0.635,0.617,0.178,0.386,0.588,-0.181,0.485,0.572,0.456,0.513,0.627,-0.038,0.445,0.418,0.384,0.612,0.258,0.352,0.414,0.201,0.596,0.479,0.519,0.597,0.586,0.445,0.527,0.083,0.243,0.627,0.673,0.489,0.51,0.316,0.365,0.462,0.527,0.516,0.58,0.477,0.572,0.171,0.541,0.552,-0.011,0.582,0.659,0.361,0.681,0.541,0.165,-0.253,0.353,0.423,0.461,0.668,0.583,-0.265,0.157,0.474,-0.345,0.306,0.078,0.563,-0.432,-0.237,0.138,0.543,0.538,0.524,0.213,0.079,-0.146,0.682,0.29,0.462,0.484,0.302,-0.085,0.377,0.479,0.525,0.459,0.58,-0.224,0.267,0.574,0.74,0.325,0.367,0.577,0.505,0.602,0.413,0.615,0.231,0.538,0.626,0.593,0.216,0.578,0.551,0.465,0.441,0.373,0.382,0.56,0.584,0.382,0.699,-0.023,0.594,0.425,0.504,0.428,0.678,0.455,0.542,0.536,0.513,0.185,0.495,0.313,0.541,-0.257,0.18,-0.178,0.587,0.366,0.312,0.42,0.481,-0.118,0.273,0.226,0.559,0.468,0.411,0.396,-0.295,0.538,0.519
APPN,0.907,-0.83,0.734,-0.032,0.815,0.753,0.107,0.817,0.22,0.959,0.928,-0.172,0.832,0.289,0.915,0.393,0.947,0.588,0.0,0.677,-0.125,0.622,0.915,0.397,0.215,0.844,0.1,0.92,0.834,0.784,0.724,0.516,0.651,0.749,0.8,0.414,0.863,0.618,0.869,0.844,0.875,0.762,0.576,0.895,0.423,0.841,0.942,0.845,0.83,0.903,-0.527,0.841,0.251,0.919,0.799,-0.227,0.936,0.266,0.833,0.582,0.457,0.305,0.837,-0.651,0.952,0.783,0.841,0.826,0.906,-0.41,0.861,0.904,0.716,0.925,0.099,0.483,0.736,0.234,0.944,0.886,0.933,0.916,0.93,0.861,0.937,-0.237,-0.219,0.459,0.865,0.833,0.73,0.236,0.358,0.876,0.875,0.875,0.896,0.871,0.95,0.348,0.89,0.585,-0.079,0.951,0.889,0.764,0.857,0.855,0.113,-0.573,0.385,0.591,0.944,0.736,0.964,-0.686,0.218,0.922,-0.728,0.727,-0.172,0.265,-0.871,0.031,0.501,0.916,0.796,0.917,-0.158,0.462,-0.225,0.882,0.647,0.715,0.907,0.614,-0.71,0.68,0.875,0.735,0.861,0.944,-0.621,0.618,0.884,0.816,0.55,0.738,0.869,0.923,0.806,0.835,0.744,0.418,0.965,0.766,0.869,0.435,0.839,0.957,0.783,0.761,0.766,0.703,0.955,0.948,-0.144,0.525,0.275,0.982,0.924,0.849,0.821,0.876,0.896,0.964,0.425,0.959,-0.296,0.932,0.496,0.793,-0.519,0.215,-0.169,0.684,0.808,0.813,0.918,0.907,-0.727,0.647,0.519,0.689,0.923,0.826,0.819,-0.756,0.959,0.657
APTO,0.701,-0.651,0.913,0.18,0.444,0.838,0.372,0.842,0.288,0.686,0.559,-0.197,0.828,-0.046,0.804,0.688,0.747,0.454,0.677,0.0,-0.211,0.111,0.78,0.851,0.562,0.838,0.607,0.812,0.836,0.542,0.781,0.829,0.762,0.748,0.925,0.543,0.822,0.782,0.897,0.794,0.69,0.754,0.53,0.571,0.824,0.605,0.521,0.816,0.629,0.786,-0.289,0.632,0.374,0.788,0.918,0.173,0.788,0.684,0.868,0.627,0.819,0.322,0.874,-0.032,0.72,0.934,0.871,0.444,0.782,0.212,0.879,0.495,0.782,0.622,0.195,0.891,0.938,0.774,0.565,0.654,0.759,0.592,0.808,0.328,0.798,0.336,0.228,0.784,0.542,0.872,0.869,0.67,0.655,0.561,0.716,0.797,0.838,0.742,0.727,0.746,0.652,0.446,0.352,0.689,0.792,0.649,0.773,0.715,0.698,-0.265,0.309,0.833,0.687,0.855,0.804,-0.649,0.637,0.798,-0.685,0.799,0.446,0.7,-0.545,0.053,0.311,0.841,0.842,0.498,0.377,-0.18,0.42,0.873,0.82,0.53,0.4,0.725,-0.335,0.823,0.843,0.923,0.799,0.749,-0.323,0.727,0.695,0.709,0.824,0.757,0.879,0.817,0.682,0.671,0.851,0.756,0.666,0.828,0.733,0.707,0.806,0.666,0.488,0.736,0.416,0.582,0.731,0.602,0.218,0.834,0.575,0.721,0.688,0.787,0.441,0.842,0.695,0.755,0.847,0.659,0.198,0.61,0.725,0.842,-0.145,0.603,0.186,0.857,0.642,0.329,0.542,0.868,-0.219,0.877,0.655,0.339,0.765,0.772,0.704,-0.353,0.755,0.165
ARCT,-0.36,-0.045,-0.104,-0.523,-0.303,-0.393,0.322,-0.328,-0.571,-0.135,-0.201,0.168,-0.129,0.071,-0.341,-0.276,-0.291,-0.06,-0.125,-0.211,0.0,0.053,-0.126,-0.084,-0.557,-0.2,-0.397,-0.139,-0.163,-0.46,-0.08,-0.45,-0.496,-0.21,-0.242,0.084,-0.334,-0.552,-0.102,-0.386,-0.036,-0.476,-0.575,-0.311,-0.404,-0.369,-0.042,-0.36,-0.395,-0.355,0.256,-0.337,-0.303,-0.128,-0.132,-0.117,-0.125,-0.375,-0.054,-0.025,-0.211,-0.117,-0.023,0.136,-0.202,-0.123,-0.271,-0.007,-0.148,-0.166,-0.136,-0.222,-0.497,-0.302,-0.122,-0.304,-0.24,-0.436,-0.182,-0.375,-0.255,-0.168,-0.105,-0.186,-0.231,-0.236,0.063,-0.306,-0.101,-0.334,-0.349,0.015,-0.135,-0.261,-0.385,-0.162,-0.278,-0.426,-0.269,-0.303,-0.38,-0.323,-0.069,-0.127,-0.2,0.308,-0.206,-0.453,-0.291,-0.37,-0.233,-0.403,-0.055,-0.166,-0.18,0.175,-0.501,-0.254,0.569,-0.487,-0.343,-0.011,0.162,-0.424,-0.59,-0.193,-0.397,-0.15,-0.198,0.125,0.133,-0.111,-0.433,-0.178,-0.044,-0.528,0.235,0.005,-0.365,-0.384,-0.382,-0.101,0.395,-0.483,-0.314,-0.076,-0.558,-0.409,-0.269,-0.244,-0.013,-0.391,-0.265,-0.327,-0.12,-0.246,0.005,-0.406,-0.265,-0.055,-0.185,-0.497,-0.223,-0.426,-0.217,0.003,0.164,-0.109,-0.413,-0.157,-0.205,-0.253,-0.26,-0.158,-0.211,-0.216,-0.031,-0.086,0.182,0.0,-0.589,-0.256,-0.167,-0.573,-0.079,-0.283,-0.464,-0.172,-0.175,-0.216,0.151,-0.397,-0.627,-0.063,-0.119,-0.37,-0.389,-0.255,-0.246,0.132
ARWR,0.654,-0.542,0.08,-0.023,0.757,0.191,0.077,0.299,0.282,0.684,0.739,0.401,0.479,0.174,0.463,0.039,0.568,0.368,0.622,0.111,0.053,0.0,0.527,-0.21,0.01,0.554,-0.042,0.602,0.29,0.508,0.261,0.194,0.375,0.161,0.232,-0.126,0.47,0.253,0.45,0.389,0.717,0.452,0.492,0.723,-0.049,0.661,0.725,0.524,0.395,0.432,-0.286,0.689,-0.114,0.457,0.328,-0.252,0.589,-0.06,0.386,0.556,-0.047,0.172,0.43,-0.649,0.603,0.311,0.435,0.667,0.627,-0.714,0.425,0.761,0.407,0.693,0.369,-0.171,0.218,-0.199,0.704,0.544,0.535,0.761,0.577,0.825,0.539,-0.559,-0.034,0.122,0.737,0.434,0.318,-0.002,0.184,0.762,0.613,0.636,0.509,0.502,0.596,-0.149,0.577,0.527,-0.604,0.719,0.512,0.341,0.542,0.485,-0.319,-0.336,0.589,0.208,0.579,0.303,0.568,-0.594,-0.132,0.389,-0.256,0.25,-0.315,0.027,-0.422,0.073,0.383,0.559,0.494,0.67,-0.221,0.577,-0.431,0.405,0.248,0.642,0.793,0.282,-0.613,0.118,0.427,0.197,0.497,0.624,-0.328,0.256,0.489,0.612,0.155,0.271,0.446,0.555,0.663,0.579,0.413,0.105,0.675,0.494,0.352,-0.179,0.317,0.717,0.603,0.471,0.839,0.545,0.62,0.728,-0.337,0.054,0.008,0.635,0.479,0.589,0.688,0.54,0.69,0.579,-0.081,0.596,-0.491,0.69,0.195,0.28,-0.177,0.024,-0.345,0.106,0.447,0.641,0.62,0.395,-0.518,0.251,0.261,0.736,0.633,0.213,0.524,-0.536,0.562,0.78
ASND,0.871,-0.855,0.774,0.101,0.78,0.75,0.209,0.838,0.226,0.93,0.87,-0.109,0.846,0.271,0.888,0.527,0.901,0.57,0.915,0.78,-0.126,0.527,0.0,0.499,0.352,0.858,0.259,0.913,0.816,0.765,0.811,0.631,0.716,0.768,0.863,0.393,0.861,0.674,0.895,0.832,0.904,0.759,0.589,0.837,0.518,0.819,0.865,0.863,0.783,0.881,-0.39,0.821,0.21,0.913,0.863,-0.197,0.914,0.406,0.877,0.626,0.601,0.32,0.872,-0.501,0.9,0.859,0.867,0.807,0.924,-0.295,0.875,0.809,0.765,0.886,0.183,0.598,0.777,0.413,0.87,0.857,0.89,0.901,0.931,0.746,0.938,-0.11,-0.07,0.605,0.83,0.883,0.814,0.362,0.503,0.827,0.88,0.905,0.901,0.866,0.922,0.41,0.86,0.647,0.056,0.923,0.895,0.759,0.89,0.852,0.327,-0.504,0.488,0.688,0.914,0.829,0.944,-0.634,0.41,0.895,-0.763,0.762,-0.038,0.419,-0.82,0.044,0.497,0.908,0.848,0.844,0.075,0.273,-0.046,0.906,0.725,0.72,0.807,0.691,-0.595,0.743,0.891,0.799,0.854,0.905,-0.58,0.667,0.89,0.837,0.654,0.762,0.903,0.913,0.798,0.78,0.804,0.474,0.922,0.852,0.893,0.464,0.856,0.909,0.803,0.812,0.71,0.675,0.944,0.878,-0.014,0.624,0.357,0.932,0.874,0.879,0.775,0.882,0.892,0.923,0.515,0.876,-0.11,0.893,0.603,0.859,-0.423,0.339,-0.18,0.725,0.768,0.715,0.883,0.919,-0.6,0.732,0.606,0.648,0.891,0.816,0.814,-0.684,0.898,0.587
ASTH,0.375,-0.433,0.823,-0.052,0.045,0.699,0.502,0.669,0.088,0.366,0.243,-0.277,0.633,-0.138,0.537,0.62,0.461,0.311,0.397,0.851,-0.084,-0.21,0.499,0.0,0.426,0.582,0.557,0.571,0.657,0.208,0.618,0.651,0.517,0.595,0.761,0.686,0.593,0.525,0.7,0.555,0.376,0.471,0.209,0.227,0.75,0.248,0.195,0.516,0.371,0.545,-0.265,0.284,0.307,0.518,0.757,0.305,0.565,0.637,0.755,0.46,0.767,0.299,0.738,0.281,0.439,0.806,0.654,0.068,0.502,0.442,0.704,0.162,0.496,0.287,0.001,0.886,0.807,0.711,0.237,0.345,0.489,0.237,0.576,-0.012,0.489,0.578,0.253,0.67,0.184,0.598,0.694,0.723,0.515,0.222,0.373,0.492,0.58,0.413,0.395,0.661,0.314,0.127,0.42,0.35,0.567,0.483,0.488,0.44,0.739,-0.225,-0.054,0.612,0.4,0.717,0.536,-0.429,0.587,0.522,-0.428,0.544,0.599,0.742,-0.295,-0.093,0.003,0.608,0.551,0.141,0.353,-0.381,0.653,0.69,0.604,0.298,0.087,0.495,-0.042,0.807,0.587,0.736,0.524,0.505,-0.071,0.442,0.406,0.51,0.656,0.564,0.637,0.571,0.386,0.397,0.654,0.758,0.351,0.566,0.517,0.681,0.586,0.35,0.164,0.424,0.057,0.251,0.415,0.295,0.455,0.759,0.397,0.428,0.409,0.51,0.084,0.634,0.375,0.474,0.892,0.39,0.488,0.316,0.547,0.654,-0.056,0.518,0.312,0.781,0.359,-0.007,0.22,0.652,0.069,0.695,0.407,0.073,0.52,0.564,0.404,-0.137,0.502,-0.094
ATSG,0.453,-0.102,0.396,0.717,0.297,0.582,-0.01,0.477,0.721,0.261,0.217,0.023,0.401,-0.366,0.478,0.618,0.381,0.176,0.215,0.562,-0.557,0.01,0.352,0.426,0.0,0.467,0.827,0.359,0.322,0.519,0.368,0.802,0.76,0.349,0.521,0.063,0.54,0.777,0.417,0.563,0.291,0.628,0.67,0.352,0.75,0.489,0.047,0.624,0.469,0.477,0.032,0.555,0.587,0.302,0.467,0.158,0.335,0.763,0.316,0.375,0.599,0.182,0.296,0.194,0.319,0.492,0.581,0.097,0.374,0.462,0.379,0.189,0.713,0.338,0.363,0.627,0.524,0.84,0.186,0.427,0.373,0.229,0.36,0.097,0.407,0.584,0.332,0.701,0.219,0.616,0.558,0.293,0.724,0.362,0.543,0.479,0.537,0.527,0.367,0.679,0.45,0.549,0.255,0.282,0.361,-0.022,0.417,0.51,0.77,0.458,0.425,0.766,0.16,0.485,0.371,-0.444,0.61,0.4,-0.519,0.709,0.639,0.419,-0.184,0.411,0.429,0.418,0.663,0.132,0.512,-0.38,0.238,0.365,0.708,0.364,0.026,0.718,-0.137,0.187,0.555,0.637,0.531,0.254,-0.271,0.717,0.318,0.324,0.787,0.553,0.54,0.41,0.304,0.52,0.538,0.636,0.215,0.577,0.203,0.592,0.456,0.208,0.289,0.668,0.226,0.623,0.366,0.118,0.173,0.508,0.58,0.269,0.247,0.495,0.278,0.436,0.47,0.351,0.456,0.19,0.086,0.067,0.793,0.364,0.369,0.794,0.492,0.523,0.493,0.005,0.176,0.401,0.1,0.723,0.78,0.145,0.309,0.458,0.513,0.264,0.325,-0.212
AVTX,0.91,-0.805,0.76,0.184,0.721,0.76,0.313,0.818,0.445,0.888,0.798,0.055,0.899,-0.016,0.901,0.502,0.892,0.51,0.844,0.838,-0.2,0.554,0.858,0.582,0.467,0.0,0.495,0.927,0.859,0.689,0.767,0.795,0.824,0.665,0.869,0.359,0.903,0.786,0.955,0.849,0.897,0.881,0.715,0.823,0.678,0.841,0.771,0.945,0.692,0.856,-0.348,0.864,0.292,0.856,0.891,0.026,0.898,0.503,0.875,0.794,0.626,0.322,0.903,-0.372,0.895,0.892,0.936,0.683,0.947,-0.194,0.924,0.782,0.866,0.846,0.401,0.646,0.907,0.548,0.797,0.796,0.885,0.838,0.915,0.698,0.915,0.0,0.181,0.674,0.806,0.927,0.866,0.565,0.666,0.824,0.884,0.94,0.922,0.857,0.893,0.552,0.827,0.613,0.015,0.908,0.896,0.675,0.914,0.803,0.4,-0.296,0.556,0.767,0.834,0.796,0.924,-0.844,0.454,0.848,-0.659,0.784,0.238,0.55,-0.617,0.099,0.462,0.955,0.938,0.725,0.2,0.135,0.155,0.888,0.828,0.752,0.712,0.738,-0.627,0.713,0.896,0.849,0.916,0.925,-0.402,0.764,0.766,0.876,0.757,0.751,0.928,0.95,0.899,0.851,0.916,0.688,0.863,0.913,0.723,0.475,0.766,0.897,0.682,0.844,0.741,0.787,0.889,0.837,-0.086,0.663,0.555,0.894,0.804,0.957,0.68,0.946,0.902,0.895,0.636,0.804,-0.148,0.826,0.709,0.825,-0.135,0.501,0.019,0.72,0.771,0.617,0.721,0.908,-0.443,0.846,0.679,0.66,0.932,0.731,0.857,-0.485,0.883,0.523
BCPC,0.35,-0.187,0.352,0.566,0.144,0.414,0.353,0.411,0.684,0.162,0.109,0.276,0.439,-0.473,0.354,0.623,0.225,0.236,0.1,0.607,-0.397,-0.042,0.259,0.557,0.827,0.495,0.0,0.369,0.252,0.264,0.277,0.79,0.672,0.223,0.453,0.045,0.45,0.662,0.444,0.393,0.308,0.507,0.502,0.216,0.774,0.303,-0.082,0.528,0.213,0.315,0.095,0.377,0.394,0.189,0.469,0.433,0.305,0.807,0.386,0.595,0.526,0.091,0.395,0.44,0.184,0.544,0.52,-0.018,0.358,0.525,0.375,0.017,0.612,0.193,0.491,0.622,0.565,0.838,0.035,0.198,0.236,0.148,0.295,-0.066,0.278,0.653,0.635,0.73,0.166,0.533,0.554,0.633,0.813,0.188,0.397,0.42,0.455,0.334,0.226,0.662,0.254,0.382,0.285,0.208,0.343,-0.062,0.389,0.321,0.837,0.432,0.486,0.697,0.04,0.5,0.289,-0.496,0.622,0.247,-0.293,0.521,0.836,0.696,0.057,0.201,0.158,0.396,0.617,-0.066,0.702,-0.604,0.527,0.392,0.604,0.335,-0.13,0.568,0.035,0.275,0.424,0.615,0.407,0.219,0.053,0.578,0.192,0.366,0.714,0.334,0.512,0.361,0.375,0.381,0.575,0.758,0.092,0.6,0.1,0.437,0.3,0.145,0.039,0.535,0.116,0.438,0.229,0.076,0.281,0.621,0.556,0.169,0.044,0.454,0.03,0.451,0.34,0.221,0.634,0.046,0.332,0.011,0.732,0.376,0.49,0.805,0.432,0.465,0.291,-0.227,-0.03,0.328,0.376,0.651,0.641,0.108,0.254,0.23,0.423,0.368,0.212,-0.198
BEAM,0.913,-0.853,0.769,-0.003,0.767,0.78,0.315,0.876,0.314,0.928,0.876,-0.03,0.931,0.164,0.907,0.597,0.911,0.616,0.92,0.812,-0.139,0.602,0.913,0.571,0.359,0.927,0.369,0.0,0.815,0.713,0.752,0.672,0.766,0.732,0.867,0.445,0.925,0.697,0.948,0.854,0.924,0.8,0.622,0.856,0.565,0.804,0.838,0.893,0.746,0.893,-0.518,0.845,0.175,0.884,0.893,0.024,0.976,0.467,0.931,0.765,0.596,0.361,0.943,-0.429,0.906,0.913,0.91,0.705,0.951,-0.261,0.928,0.829,0.787,0.884,0.199,0.616,0.845,0.432,0.87,0.823,0.898,0.891,0.959,0.753,0.918,-0.043,0.035,0.654,0.835,0.891,0.868,0.477,0.53,0.848,0.887,0.949,0.954,0.849,0.905,0.422,0.838,0.588,-0.087,0.932,0.937,0.701,0.906,0.858,0.306,-0.503,0.461,0.709,0.867,0.875,0.966,-0.794,0.4,0.855,-0.714,0.739,0.127,0.54,-0.741,0.016,0.435,0.98,0.896,0.79,0.117,0.202,0.047,0.949,0.712,0.763,0.797,0.694,-0.589,0.745,0.901,0.837,0.884,0.942,-0.5,0.648,0.872,0.889,0.697,0.756,0.937,0.961,0.859,0.838,0.878,0.648,0.915,0.897,0.825,0.493,0.841,0.916,0.726,0.82,0.759,0.691,0.926,0.889,0.0,0.689,0.336,0.947,0.824,0.905,0.731,0.966,0.905,0.935,0.619,0.886,-0.107,0.88,0.635,0.837,-0.355,0.426,-0.129,0.774,0.744,0.624,0.814,0.914,-0.516,0.774,0.608,0.663,0.944,0.768,0.821,-0.635,0.943,0.578
BILI,0.783,-0.691,0.902,0.018,0.54,0.843,0.148,0.77,0.168,0.815,0.697,-0.322,0.741,0.067,0.848,0.323,0.892,0.309,0.834,0.836,-0.163,0.29,0.816,0.657,0.322,0.859,0.252,0.815,0.0,0.623,0.833,0.705,0.696,0.735,0.915,0.579,0.803,0.723,0.895,0.817,0.699,0.807,0.574,0.692,0.645,0.726,0.744,0.832,0.718,0.876,-0.34,0.721,0.406,0.888,0.831,-0.103,0.83,0.313,0.813,0.486,0.701,0.301,0.841,-0.424,0.884,0.815,0.878,0.611,0.814,-0.145,0.927,0.725,0.752,0.731,0.12,0.708,0.909,0.494,0.724,0.773,0.868,0.701,0.852,0.599,0.887,-0.02,-0.099,0.464,0.612,0.843,0.77,0.452,0.43,0.713,0.762,0.804,0.821,0.819,0.845,0.607,0.748,0.401,0.188,0.806,0.785,0.804,0.752,0.743,0.35,-0.428,0.235,0.666,0.876,0.67,0.873,-0.7,0.42,0.909,-0.691,0.782,0.089,0.357,-0.702,0.118,0.45,0.882,0.778,0.7,-0.031,0.243,0.193,0.811,0.803,0.584,0.661,0.672,-0.671,0.816,0.859,0.798,0.858,0.869,-0.451,0.72,0.726,0.68,0.681,0.776,0.836,0.889,0.701,0.788,0.733,0.593,0.829,0.713,0.774,0.62,0.776,0.829,0.618,0.716,0.576,0.655,0.826,0.754,-0.099,0.532,0.578,0.847,0.888,0.837,0.606,0.806,0.794,0.872,0.565,0.825,-0.176,0.797,0.599,0.803,-0.291,0.329,0.109,0.71,0.79,0.677,0.736,0.928,-0.581,0.798,0.589,0.465,0.887,0.844,0.772,-0.584,0.869,0.347
BJRI,0.893,-0.527,0.546,0.405,0.824,0.764,-0.274,0.767,0.497,0.809,0.823,-0.185,0.645,0.239,0.867,0.45,0.846,0.452,0.784,0.542,-0.46,0.508,0.765,0.208,0.519,0.689,0.264,0.713,0.623,0.0,0.666,0.612,0.793,0.664,0.693,0.27,0.83,0.788,0.646,0.872,0.704,0.839,0.803,0.907,0.494,0.898,0.756,0.846,0.932,0.855,-0.377,0.904,0.361,0.768,0.662,-0.217,0.735,0.42,0.563,0.411,0.486,0.333,0.538,-0.622,0.825,0.593,0.743,0.719,0.739,-0.227,0.652,0.836,0.854,0.872,0.097,0.462,0.568,0.406,0.807,0.935,0.846,0.803,0.735,0.771,0.839,-0.058,-0.2,0.509,0.709,0.81,0.702,-0.02,0.385,0.82,0.912,0.772,0.818,0.917,0.865,0.418,0.955,0.713,-0.044,0.788,0.758,0.437,0.781,0.904,0.237,-0.193,0.513,0.765,0.747,0.629,0.799,-0.543,0.466,0.836,-0.861,0.831,-0.045,0.075,-0.806,0.461,0.815,0.727,0.788,0.829,0.016,0.334,-0.37,0.678,0.757,0.556,0.747,0.831,-0.612,0.366,0.849,0.742,0.855,0.698,-0.818,0.791,0.839,0.617,0.713,0.805,0.809,0.781,0.567,0.852,0.668,0.35,0.809,0.721,0.652,0.554,0.798,0.743,0.834,0.903,0.771,0.835,0.872,0.689,-0.268,0.392,0.457,0.802,0.785,0.766,0.894,0.697,0.827,0.843,0.233,0.765,-0.391,0.714,0.718,0.669,-0.295,0.504,-0.019,0.609,0.88,0.716,0.831,0.762,-0.681,0.691,0.802,0.582,0.704,0.827,0.856,-0.46,0.809,0.44
BLUE,0.719,-0.651,0.805,0.132,0.527,0.817,0.137,0.76,0.198,0.769,0.661,-0.288,0.732,0.127,0.798,0.472,0.793,0.357,0.724,0.781,-0.08,0.261,0.811,0.618,0.368,0.767,0.277,0.752,0.833,0.666,0.0,0.678,0.685,0.68,0.86,0.603,0.777,0.689,0.813,0.782,0.691,0.727,0.54,0.688,0.6,0.715,0.68,0.789,0.728,0.798,-0.226,0.695,0.274,0.815,0.855,-0.12,0.773,0.474,0.779,0.483,0.758,0.44,0.777,-0.346,0.802,0.797,0.811,0.582,0.792,-0.059,0.829,0.654,0.737,0.683,0.054,0.729,0.798,0.532,0.662,0.765,0.806,0.666,0.808,0.524,0.839,0.062,0.007,0.571,0.566,0.829,0.772,0.342,0.453,0.658,0.733,0.789,0.787,0.773,0.791,0.527,0.743,0.474,0.158,0.735,0.759,0.773,0.773,0.73,0.413,-0.363,0.285,0.757,0.824,0.744,0.804,-0.556,0.556,0.815,-0.701,0.739,0.124,0.39,-0.702,0.128,0.466,0.792,0.745,0.691,0.199,0.148,0.156,0.782,0.784,0.466,0.602,0.705,-0.462,0.729,0.821,0.785,0.801,0.761,-0.514,0.733,0.727,0.684,0.708,0.798,0.819,0.809,0.573,0.723,0.737,0.486,0.773,0.727,0.771,0.607,0.785,0.733,0.695,0.735,0.561,0.609,0.808,0.659,-0.002,0.569,0.504,0.763,0.788,0.784,0.595,0.768,0.746,0.802,0.552,0.751,-0.008,0.739,0.642,0.755,-0.27,0.376,0.105,0.736,0.7,0.562,0.706,0.855,-0.499,0.776,0.617,0.428,0.795,0.789,0.724,-0.491,0.782,0.35
