,AAL,AAON,ACB,ACGL,ACGLO,ACIW,ADBE,ADSK,AEP,AGIO,ALEC,ALNY,ALTR,AMBA,AMCX,AMKR,AMRX,ANSS,APPN,APTO,ARCT,ARWR,ASND,ASTH,ATSG,AVTX,BCPC,BEAM,BILI,BJRI,BLUE,BPOP,BRKL,BWIN,BZUN,CARG,CBRL,CBSH,CBUS,CENTA,CERS,CFFN,CHCO,CHEF,CHRD,CINF,CLLS,CMCO,CMCSA,COLL,COMM,COOP,CPB,CRON,CROX,CRUS,CRWD,CTAS,CYBR,CYTK,DGII,DIOD,DOMO,DPZ,DSGR,DXCM,ERIE,ESTA,EXEL,FAST,FCEL,FCFS,FHB,FITBI,FSV,FTDR,FUTU,GLDD,GLPG,GLPI,GOGO,GOSS,GSAT,GYRE,HALO,HAS,HLIT,HLNE,HSDT,HSIC,HTHT,ICHR,IDYA,IMVT,INDB,INSM,IONS,IOSP,ITRI,JBHT,JBLU,JSM,KLIC,KOD,KURA,LAB,LASR,LIN,LKQ,LNT,MBUU,MCRI,MDGL,MEDP,MGNI,MGPI,MGRC,MKTX,MRNA,MRTN,MSEX,MSFT,MU,NAVI,NBTB,NEO,NEOG,NGNE,NSSC,NTAP,NTES,NTLA,NTRS,NYMTN,OBLG,OCFC,ON,ONC,OPI,OSIS,OSW,PALI,PANW,PCAR,PCRX,PCTY,PEBO,PLAB,PLAY,PLMR,PLSE,PLUS,PRTA,PSEC,PSNL,PTCT,PTON,QNST,QRVO,QTTB,RARE,RBCAA,RGNX,SAIC,SGMO,SINT,SNPS,SPSC,SPTN,SSYS,STNE,TBBK,TCPC,TENB,TGTX,TREE,TRUP,TTWO,TW,TXG,UBSI,UCTT,UFPT,UMBF,UPBD,URBN,VBTX,VCTR,VEON,VNET,VRSK,VSEC,WABC,WTFCM,WVE,WW,WWD,XEL,ZD,ZYME
AAL,0.0,0.038,0.627,0.012,-0.034,0.293,0.519,-0.103,-0.256,0.378,0.307,0.339,0.395,0.082,-0.012,0.385,0.605,0.319,0.451,0.672,0.654,0.598,0.426,-0.021,0.302,0.547,0.326,0.405,0.413,0.775,0.382,0.581,0.477,0.083,0.693,0.467,0.68,0.486,0.63,-0.065,0.607,0.318,0.126,0.669,0.294,0.34,0.494,0.672,0.178,0.432,0.573,0.109,-0.639,0.499,0.318,0.352,0.724,-0.049,0.672,0.525,0.566,0.534,0.256,-0.173,0.27,0.213,0.18,0.53,0.354,0.246,0.504,0.139,0.599,0.349,0.359,0.158,0.328,0.325,0.103,0.305,0.607,0.506,0.209,0.511,0.519,0.585,-0.146,0.037,0.11,-0.099,0.293,0.41,-0.053,0.491,0.279,0.499,0.335,0.566,0.738,0.387,0.947,-0.196,0.313,0.55,0.539,0.644,0.425,0.314,0.582,-0.179,0.167,0.659,0.531,0.172,0.555,0.547,0.38,0.219,0.013,0.221,0.2,0.262,0.58,0.388,0.178,0.343,0.271,0.391,0.199,0.349,0.651,0.452,0.743,0.198,0.208,0.559,0.349,0.117,0.392,-0.064,0.772,0.043,0.561,0.292,0.65,0.499,0.242,0.61,0.83,0.513,0.588,0.231,0.304,0.313,0.425,0.507,-0.073,0.336,0.579,0.477,0.406,0.208,-0.032,0.117,0.628,0.402,0.379,0.369,0.328,0.17,0.135,0.682,0.691,0.368,0.326,0.451,0.507,-0.001,0.546,0.305,0.455,0.494,0.577,0.484,0.552,-0.111,0.556,0.161,0.428,0.421,0.239,0.601,0.296,0.41,0.221,0.393,0.526,-0.266,0.706,0.437
AAON,0.038,0.0,0.205,0.809,-0.357,-0.479,-0.125,0.822,0.247,-0.442,0.673,0.88,-0.049,-0.811,0.688,-0.57,0.166,-0.53,-0.144,-0.254,-0.411,-0.201,-0.497,-0.893,0.726,0.436,-0.431,-0.171,-0.562,0.329,0.094,0.653,0.427,-0.527,-0.239,-0.487,0.13,0.618,-0.404,0.897,-0.188,0.625,0.821,0.514,-0.786,0.879,-0.426,-0.021,-0.06,0.65,0.574,-0.78,-0.422,0.572,0.323,-0.618,-0.053,-0.641,-0.21,0.32,-0.35,-0.182,0.827,-0.118,0.64,-0.77,-0.306,-0.286,-0.588,0.847,0.311,-0.785,0.688,-0.245,0.048,-0.779,-0.642,-0.405,-0.452,-0.505,0.143,-0.41,-0.693,-0.358,-0.346,-0.296,0.803,0.643,-0.501,-0.653,-0.694,-0.482,-0.817,-0.456,0.856,-0.435,0.806,0.638,0.104,0.184,-0.039,-0.613,-0.672,-0.345,-0.559,0.255,-0.198,-0.232,0.318,0.565,0.771,0.369,0.65,-0.664,-0.463,-0.202,-0.189,0.887,-0.847,0.124,-0.62,0.324,-0.29,-0.644,0.802,-0.645,0.401,-0.407,-0.548,-0.668,-0.095,-0.248,0.485,-0.606,-0.671,0.634,-0.614,-0.821,0.216,0.724,0.025,-0.564,-0.494,-0.553,0.567,-0.355,0.592,-0.278,-0.152,-0.094,0.311,-0.301,-0.679,0.815,-0.607,-0.358,0.148,-0.684,0.604,-0.596,-0.643,0.318,-0.623,-0.524,-0.034,0.372,-0.354,-0.552,-0.028,-0.775,0.824,0.134,0.134,-0.7,-0.612,0.73,0.608,0.716,0.341,-0.553,0.757,-0.508,0.066,0.557,0.614,0.78,-0.377,0.372,-0.525,-0.675,-0.652,0.173,0.693,0.208,0.021,0.375,-0.038,0.439,-0.151,-0.081
ACB,0.627,0.205,0.0,-0.173,0.237,0.583,0.758,-0.143,0.117,0.521,0.528,0.393,0.52,0.141,-0.193,0.424,0.868,0.359,0.806,0.767,0.663,0.811,0.571,-0.149,0.326,0.865,0.573,0.814,0.601,0.762,0.215,0.415,0.812,0.453,0.836,0.335,0.902,0.807,0.699,-0.05,0.856,0.634,0.291,0.817,0.14,0.386,0.709,0.787,0.686,0.398,0.826,0.182,-0.451,0.768,0.034,0.283,0.782,-0.13,0.796,0.69,0.628,0.65,0.31,-0.106,0.429,0.305,0.564,0.721,0.372,0.582,0.545,0.214,0.694,0.588,0.552,0.127,0.45,0.605,0.417,0.617,0.881,0.535,0.276,0.482,0.683,0.686,-0.056,-0.233,0.179,0.087,0.441,0.599,0.039,0.659,0.429,0.665,0.662,0.58,0.831,0.811,0.633,-0.353,0.42,0.424,0.385,0.826,0.67,0.561,0.593,0.192,0.002,0.574,0.561,0.381,0.636,0.807,0.704,0.496,-0.153,0.398,0.411,0.555,0.549,0.373,0.229,0.43,0.806,0.475,0.197,0.351,0.856,0.778,0.717,0.469,0.325,0.552,0.248,0.138,0.599,0.153,0.724,0.129,0.492,0.346,0.768,0.723,0.511,0.737,0.638,0.693,0.853,0.6,0.308,0.302,0.523,0.751,-0.58,0.399,0.658,0.474,0.477,0.644,-0.134,0.244,0.877,0.67,0.542,0.375,0.582,0.264,0.015,0.653,0.663,0.333,0.447,0.644,0.517,0.334,0.548,0.567,0.677,0.51,0.81,0.453,0.701,-0.156,0.607,0.288,0.496,0.455,0.339,0.861,0.55,0.758,0.616,0.429,0.459,0.108,0.623,0.425
ACGL,0.012,0.809,-0.173,0.0,-0.592,-0.772,-0.457,0.939,0.112,-0.719,0.38,0.715,-0.311,-0.938,0.771,-0.802,-0.133,-0.672,-0.507,-0.502,-0.595,-0.54,-0.769,-0.852,0.57,0.085,-0.734,-0.556,-0.783,0.119,0.091,0.582,0.085,-0.766,-0.494,-0.616,-0.24,0.299,-0.632,0.937,-0.535,0.431,0.741,0.273,-0.8,0.8,-0.729,-0.296,-0.41,0.597,0.258,-0.907,-0.408,0.313,0.325,-0.746,-0.304,-0.659,-0.469,-0.02,-0.611,-0.488,0.803,-0.053,0.587,-0.904,-0.699,-0.528,-0.773,0.487,0.091,-0.891,0.46,-0.564,-0.208,-0.831,-0.793,-0.737,-0.605,-0.798,-0.127,-0.62,-0.819,-0.601,-0.621,-0.532,0.817,0.754,-0.639,-0.802,-0.854,-0.792,-0.836,-0.715,0.757,-0.715,0.49,0.51,-0.188,-0.25,-0.107,-0.536,-0.894,-0.397,-0.641,-0.09,-0.53,-0.565,0.148,0.367,0.867,0.278,0.419,-0.89,-0.734,-0.554,-0.526,0.637,-0.705,-0.129,-0.814,0.044,-0.52,-0.78,0.772,-0.844,-0.018,-0.645,-0.726,-0.831,-0.369,-0.602,0.304,-0.892,-0.853,0.529,-0.751,-0.92,0.105,0.631,-0.134,-0.688,-0.647,-0.803,0.341,-0.667,0.316,-0.575,-0.302,-0.466,-0.032,-0.619,-0.838,0.774,-0.823,-0.688,0.469,-0.862,0.304,-0.782,-0.834,-0.099,-0.645,-0.68,-0.348,0.119,-0.618,-0.72,-0.293,-0.908,0.909,0.023,-0.078,-0.834,-0.833,0.516,0.454,0.589,0.142,-0.781,0.521,-0.723,-0.293,0.472,0.334,0.891,-0.548,0.298,-0.716,-0.819,-0.845,-0.197,0.51,-0.195,-0.277,0.291,-0.225,0.249,-0.369,-0.291
ACGLO,-0.034,-0.357,0.237,-0.592,0.0,0.579,0.465,-0.462,0.249,0.402,-0.202,-0.338,0.183,0.526,-0.43,0.394,0.169,0.516,0.38,0.337,0.294,0.357,0.431,0.47,-0.213,0.063,0.516,0.552,0.491,-0.081,-0.08,-0.363,0.069,0.644,0.33,0.221,0.17,0.019,0.379,-0.496,0.409,-0.08,-0.294,-0.069,0.357,-0.385,0.485,0.24,0.454,-0.367,-0.065,0.479,0.303,-0.035,-0.132,0.343,0.178,0.369,0.33,-0.033,0.326,0.229,-0.393,0.104,-0.127,0.552,0.44,0.452,0.356,-0.131,-0.101,0.517,-0.255,0.328,0.437,0.406,0.509,0.53,0.518,0.552,0.156,0.271,0.553,0.263,0.403,0.314,-0.415,-0.527,0.324,0.579,0.557,0.495,0.56,0.477,-0.292,0.427,-0.198,-0.146,0.096,0.348,0.02,0.199,0.53,0.209,0.275,0.062,0.387,0.358,-0.142,0.023,-0.528,-0.131,-0.194,0.676,0.437,0.401,0.522,-0.223,0.429,0.031,0.645,0.103,0.241,0.397,-0.338,0.502,0.278,0.382,0.229,0.421,0.262,0.49,-0.156,0.537,0.456,-0.185,0.3,0.455,0.047,-0.172,0.053,0.378,0.291,0.408,-0.092,0.518,-0.129,0.351,0.136,0.315,0.135,0.494,0.447,-0.388,0.484,0.447,-0.419,0.485,-0.185,0.419,0.484,0.174,0.11,0.355,0.362,-0.051,0.39,0.37,0.263,0.597,-0.484,0.122,0.081,0.385,0.484,-0.137,-0.076,-0.139,0.048,0.67,-0.202,0.369,0.198,-0.277,-0.141,-0.464,0.323,-0.189,0.38,0.421,0.498,0.105,-0.051,0.101,0.262,-0.167,-0.04,0.146,0.215,0.075
ACIW,0.293,-0.479,0.583,-0.772,0.579,0.0,0.708,-0.743,0.008,0.821,-0.053,-0.372,0.496,0.76,-0.566,0.808,0.465,0.7,0.719,0.726,0.745,0.782,0.813,0.581,-0.27,0.331,0.866,0.799,0.84,0.243,0.109,-0.239,0.37,0.757,0.733,0.627,0.607,0.166,0.758,-0.672,0.806,0.062,-0.365,0.194,0.677,-0.394,0.88,0.62,0.614,-0.203,0.182,0.775,0.142,0.075,-0.166,0.725,0.586,0.461,0.682,0.39,0.751,0.711,-0.455,0.003,-0.207,0.812,0.796,0.731,0.771,-0.074,0.214,0.795,-0.015,0.707,0.403,0.729,0.762,0.858,0.65,0.884,0.49,0.719,0.751,0.669,0.832,0.721,-0.599,-0.628,0.59,0.655,0.849,0.894,0.684,0.858,-0.325,0.847,-0.064,-0.066,0.521,0.575,0.405,0.24,0.869,0.474,0.651,0.461,0.737,0.768,0.117,-0.187,-0.633,0.095,0.028,0.834,0.843,0.786,0.759,-0.24,0.457,0.361,0.799,0.283,0.615,0.781,-0.394,0.821,0.45,0.751,0.669,0.776,0.666,0.811,0.108,0.867,0.734,-0.058,0.692,0.749,0.287,-0.402,0.435,0.54,0.715,0.753,0.147,0.836,0.049,0.747,0.499,0.642,0.427,0.753,0.745,-0.423,0.87,0.861,-0.661,0.842,0.13,0.802,0.849,0.401,0.459,0.663,0.709,0.221,0.683,0.739,0.507,0.793,-0.645,0.36,0.458,0.779,0.848,-0.063,-0.026,-0.296,0.216,0.817,-0.06,0.786,0.58,-0.076,0.075,-0.685,0.71,-0.065,0.784,0.773,0.789,0.56,-0.054,0.476,0.525,0.016,0.394,-0.122,0.586,0.473
ADBE,0.519,-0.125,0.758,-0.457,0.465,0.708,0.0,-0.414,0.001,0.644,0.002,0.006,0.755,0.516,-0.521,0.695,0.743,0.812,0.79,0.895,0.802,0.872,0.737,0.269,0.202,0.587,0.836,0.825,0.761,0.595,-0.016,0.184,0.508,0.529,0.767,0.609,0.776,0.482,0.854,-0.389,0.91,0.316,-0.152,0.52,0.47,0.029,0.867,0.77,0.575,0.027,0.591,0.527,-0.355,0.276,0.181,0.677,0.856,0.301,0.863,0.466,0.837,0.819,0.005,-0.314,0.12,0.636,0.736,0.863,0.616,0.266,0.256,0.533,0.359,0.512,0.709,0.452,0.665,0.684,0.305,0.684,0.644,0.78,0.626,0.681,0.752,0.706,-0.381,-0.424,0.447,0.238,0.729,0.776,0.419,0.833,0.062,0.861,0.24,0.26,0.736,0.686,0.597,-0.076,0.686,0.735,0.718,0.752,0.905,0.715,0.553,-0.104,-0.31,0.48,0.267,0.649,0.79,0.826,0.775,0.101,0.231,0.592,0.733,0.705,0.703,0.683,-0.182,0.768,0.634,0.63,0.452,0.664,0.774,0.731,0.49,0.665,0.531,0.312,0.578,0.441,0.344,-0.266,0.784,0.47,0.762,0.644,0.508,0.908,0.26,0.853,0.685,0.866,0.677,0.839,0.671,-0.133,0.791,0.841,-0.56,0.721,0.421,0.707,0.705,0.356,0.108,0.37,0.793,0.392,0.878,0.746,0.773,0.566,-0.278,0.471,0.515,0.655,0.774,0.209,0.485,-0.118,0.57,0.77,0.297,0.742,0.809,0.105,0.52,-0.403,0.803,-0.08,0.807,0.691,0.736,0.673,0.211,0.69,0.456,0.104,0.603,-0.117,0.826,0.414
ADSK,-0.103,0.822,-0.143,0.939,-0.462,-0.743,-0.414,0.0,0.188,-0.744,0.384,0.667,-0.258,-0.915,0.739,-0.854,-0.084,-0.618,-0.455,-0.541,-0.668,-0.583,-0.841,-0.861,0.577,0.113,-0.757,-0.452,-0.72,0.016,-0.071,0.488,0.089,-0.68,-0.507,-0.746,-0.275,0.344,-0.642,0.949,-0.533,0.459,0.778,0.252,-0.837,0.767,-0.726,-0.376,-0.344,0.544,0.27,-0.889,-0.31,0.353,0.228,-0.821,-0.357,-0.714,-0.493,-0.117,-0.679,-0.555,0.827,-0.112,0.65,-0.877,-0.677,-0.461,-0.845,0.489,0.038,-0.923,0.407,-0.582,-0.114,-0.859,-0.71,-0.685,-0.519,-0.76,-0.142,-0.675,-0.846,-0.689,-0.65,-0.523,0.865,0.674,-0.637,-0.724,-0.799,-0.8,-0.766,-0.715,0.777,-0.734,0.51,0.444,-0.27,-0.229,-0.197,-0.524,-0.903,-0.451,-0.711,-0.145,-0.502,-0.597,0.062,0.413,0.865,0.283,0.342,-0.823,-0.75,-0.54,-0.412,0.657,-0.663,-0.192,-0.773,0.097,-0.557,-0.857,0.745,-0.861,0.068,-0.739,-0.818,-0.906,-0.359,-0.53,0.203,-0.837,-0.792,0.476,-0.825,-0.927,0.095,0.683,-0.204,-0.664,-0.712,-0.824,0.289,-0.646,0.334,-0.625,-0.4,-0.485,-0.088,-0.59,-0.871,0.769,-0.842,-0.698,0.414,-0.877,0.211,-0.823,-0.874,-0.058,-0.717,-0.726,-0.335,0.178,-0.606,-0.782,-0.287,-0.842,0.926,-0.022,-0.199,-0.881,-0.821,0.578,0.468,0.7,0.07,-0.698,0.509,-0.793,-0.347,0.405,0.349,0.95,-0.589,0.347,-0.78,-0.82,-0.86,-0.253,0.56,-0.173,-0.242,0.338,-0.32,0.321,-0.476,-0.4
AEP,-0.256,0.247,0.117,0.112,0.249,0.008,0.001,0.188,0.0,-0.154,0.106,0.146,-0.306,-0.183,0.14,-0.349,-0.102,-0.201,0.04,-0.181,-0.218,-0.052,-0.135,-0.234,0.029,0.173,-0.053,0.158,-0.188,-0.127,0.159,-0.189,0.189,0.313,-0.119,-0.489,-0.041,0.252,-0.242,0.216,-0.057,0.37,0.386,0.053,-0.447,0.236,-0.074,-0.038,0.324,-0.109,-0.009,-0.237,0.282,0.211,-0.318,-0.388,-0.286,-0.2,-0.163,-0.078,-0.292,-0.323,0.095,0.466,0.372,-0.097,0.006,-0.045,-0.317,0.314,-0.175,-0.08,-0.033,0.006,0.234,-0.273,-0.113,-0.039,0.295,0.118,0.057,-0.37,-0.072,-0.371,-0.131,-0.191,0.272,-0.248,-0.193,0.122,-0.151,-0.155,-0.08,-0.077,0.295,-0.177,0.279,0.153,-0.195,0.222,-0.372,-0.398,-0.216,-0.304,-0.459,-0.106,-0.138,-0.068,-0.266,0.889,-0.011,-0.154,0.056,0.053,-0.259,0.133,0.189,0.392,-0.215,-0.248,0.15,-0.021,-0.462,-0.303,0.165,-0.242,0.488,-0.151,-0.404,-0.304,-0.168,0.055,-0.101,-0.104,-0.253,0.182,-0.51,-0.304,0.395,0.557,-0.358,-0.34,-0.47,-0.318,0.124,-0.104,0.042,-0.158,-0.325,-0.143,0.127,0.006,-0.367,0.164,-0.215,-0.05,-0.342,-0.24,-0.14,-0.36,-0.199,0.44,-0.498,-0.032,0.138,0.09,-0.222,-0.36,0.041,-0.105,0.046,0.058,0.054,-0.39,-0.227,0.217,0.052,0.51,0.044,0.06,0.212,-0.369,-0.074,-0.017,0.019,0.168,-0.188,0.096,-0.302,-0.301,-0.208,-0.005,0.427,-0.028,0.31,-0.014,-0.514,0.925,-0.184,-0.271
AGIO,0.378,-0.442,0.521,-0.719,0.402,0.821,0.644,-0.744,-0.154,0.0,0.017,-0.325,0.57,0.775,-0.477,0.854,0.427,0.709,0.563,0.723,0.793,0.769,0.812,0.615,-0.131,0.29,0.809,0.707,0.814,0.279,0.308,-0.073,0.356,0.629,0.722,0.713,0.621,0.135,0.763,-0.655,0.779,-0.009,-0.39,0.213,0.782,-0.355,0.835,0.603,0.546,-0.135,0.16,0.803,0.146,0.041,-0.03,0.75,0.553,0.582,0.614,0.477,0.79,0.719,-0.444,-0.124,-0.334,0.779,0.824,0.649,0.913,-0.086,0.287,0.777,0.082,0.774,0.489,0.7,0.747,0.878,0.557,0.814,0.413,0.771,0.691,0.777,0.846,0.73,-0.55,-0.456,0.642,0.675,0.77,0.893,0.649,0.858,-0.359,0.846,-0.034,-0.071,0.539,0.488,0.536,0.393,0.816,0.541,0.751,0.554,0.686,0.772,0.171,-0.257,-0.492,0.124,0.123,0.783,0.885,0.772,0.676,-0.253,0.483,0.396,0.742,0.252,0.702,0.814,-0.352,0.819,0.355,0.735,0.747,0.808,0.635,0.807,0.167,0.826,0.774,-0.003,0.787,0.755,0.166,-0.535,0.458,0.511,0.751,0.826,0.203,0.792,0.138,0.73,0.581,0.664,0.352,0.672,0.799,-0.373,0.858,0.85,-0.426,0.857,0.19,0.863,0.885,0.397,0.597,0.751,0.681,0.201,0.634,0.755,0.483,0.792,-0.587,0.355,0.519,0.821,0.855,-0.11,-0.006,-0.362,0.287,0.728,-0.071,0.812,0.562,0.075,0.087,-0.671,0.682,-0.089,0.78,0.783,0.798,0.614,-0.12,0.463,0.564,0.019,0.544,-0.264,0.647,0.682
ALEC,0.307,0.673,0.528,0.38,-0.202,-0.053,0.002,0.384,0.106,0.017,0.0,0.735,-0.025,-0.48,0.481,-0.178,0.368,-0.41,0.213,0.059,-0.013,0.178,-0.056,-0.647,0.478,0.676,-0.16,0.223,-0.109,0.539,0.324,0.546,0.696,-0.133,0.261,-0.166,0.499,0.683,-0.01,0.508,0.181,0.593,0.711,0.695,-0.423,0.644,-0.02,0.322,0.26,0.587,0.604,-0.445,-0.325,0.802,0.063,-0.379,0.17,-0.565,0.117,0.623,-0.038,0.1,0.549,0.044,0.465,-0.416,-0.005,-0.028,-0.191,0.757,0.564,-0.429,0.757,0.283,0.058,-0.454,-0.252,0.033,0.037,-0.008,0.468,-0.136,-0.432,-0.011,0.144,0.233,0.454,0.366,-0.259,-0.279,-0.352,-0.03,-0.592,-0.088,0.646,-0.057,0.827,0.637,0.449,0.479,0.264,-0.413,-0.244,-0.247,-0.302,0.428,-0.019,0.048,0.305,0.427,0.518,0.333,0.751,-0.282,0.015,0.174,0.106,0.764,-0.686,0.016,-0.359,0.098,0.044,-0.313,0.654,-0.316,0.48,-0.002,-0.205,-0.299,0.334,0.206,0.577,-0.151,-0.21,0.535,-0.295,-0.418,0.393,0.589,0.208,-0.438,-0.188,-0.234,0.646,-0.026,0.628,0.085,0.172,0.108,0.542,-0.152,-0.373,0.713,-0.219,0.096,-0.148,-0.337,0.721,-0.166,-0.193,0.552,-0.335,-0.216,0.352,0.452,-0.219,-0.334,-0.033,-0.395,0.498,0.435,0.427,-0.329,-0.299,0.767,0.364,0.626,0.262,-0.173,0.749,-0.122,0.317,0.689,0.575,0.334,-0.127,0.62,-0.247,-0.227,-0.403,0.528,0.663,0.447,0.335,0.495,0.062,0.313,-0.002,0.22
ALNY,0.339,0.88,0.393,0.715,-0.338,-0.372,0.006,0.667,0.146,-0.325,0.735,0.0,-0.061,-0.747,0.534,-0.415,0.298,-0.483,0.052,-0.011,-0.146,0.027,-0.262,-0.839,0.692,0.583,-0.328,-0.051,-0.386,0.591,0.237,0.772,0.498,-0.442,0.045,-0.271,0.328,0.7,-0.138,0.746,0.013,0.601,0.77,0.658,-0.653,0.888,-0.234,0.207,-0.015,0.743,0.685,-0.701,-0.678,0.721,0.35,-0.463,0.215,-0.654,0.08,0.457,-0.147,-0.01,0.825,-0.029,0.648,-0.639,-0.256,-0.154,-0.436,0.861,0.409,-0.671,0.82,-0.125,0.079,-0.648,-0.469,-0.316,-0.363,-0.371,0.408,-0.233,-0.564,-0.171,-0.188,-0.088,0.621,0.587,-0.481,-0.693,-0.579,-0.34,-0.832,-0.284,0.841,-0.254,0.841,0.762,0.368,0.316,0.205,-0.65,-0.501,-0.109,-0.337,0.441,-0.111,-0.163,0.5,0.491,0.718,0.475,0.725,-0.551,-0.236,0.0,-0.157,0.895,-0.767,0.134,-0.535,0.248,-0.078,-0.471,0.74,-0.478,0.405,-0.225,-0.467,-0.465,0.126,-0.083,0.709,-0.517,-0.535,0.691,-0.468,-0.721,0.296,0.659,0.273,-0.514,-0.274,-0.428,0.676,-0.174,0.536,-0.054,0.149,0.084,0.522,-0.225,-0.503,0.872,-0.434,-0.166,0.119,-0.539,0.725,-0.403,-0.447,0.38,-0.628,-0.46,0.157,0.394,-0.232,-0.417,0.019,-0.695,0.752,0.331,0.371,-0.534,-0.501,0.776,0.639,0.635,0.443,-0.398,0.845,-0.296,0.282,0.62,0.713,0.588,-0.179,0.352,-0.354,-0.451,-0.551,0.329,0.684,0.304,0.068,0.487,0.098,0.344,0.071,0.003
ALTR,0.395,-0.049,0.52,-0.311,0.183,0.496,0.755,-0.258,-0.306,0.57,-0.025,-0.061,0.0,0.47,-0.4,0.614,0.693,0.745,0.554,0.682,0.614,0.618,0.509,0.214,0.261,0.385,0.647,0.548,0.628,0.413,-0.146,0.221,0.319,0.191,0.508,0.521,0.622,0.31,0.682,-0.246,0.672,0.178,-0.228,0.355,0.473,0.012,0.644,0.438,0.347,0.133,0.548,0.474,-0.267,0.084,0.297,0.59,0.677,0.321,0.603,0.427,0.719,0.718,0.058,-0.693,-0.038,0.481,0.644,0.693,0.582,0.145,0.418,0.356,0.318,0.327,0.545,0.355,0.538,0.595,-0.004,0.441,0.347,0.765,0.359,0.648,0.524,0.488,-0.146,-0.18,0.479,0.183,0.596,0.608,0.365,0.664,0.027,0.699,0.213,0.044,0.558,0.323,0.573,0.081,0.516,0.617,0.657,0.689,0.839,0.615,0.519,-0.332,-0.158,0.55,0.178,0.384,0.636,0.591,0.61,-0.007,0.2,0.638,0.46,0.789,0.671,0.57,-0.104,0.62,0.391,0.355,0.533,0.503,0.598,0.583,0.364,0.556,0.523,0.206,0.597,0.4,0.058,-0.46,0.685,0.396,0.718,0.664,0.34,0.679,0.326,0.625,0.532,0.764,0.347,0.682,0.593,-0.137,0.632,0.601,-0.238,0.615,0.359,0.616,0.478,0.199,0.37,0.317,0.501,0.518,0.814,0.69,0.698,0.474,-0.102,0.174,0.221,0.6,0.709,0.159,0.414,-0.175,0.385,0.433,0.186,0.581,0.6,0.145,0.491,-0.155,0.664,-0.108,0.672,0.554,0.643,0.505,0.001,0.637,0.212,0.098,0.772,-0.406,0.682,0.522
AMBA,0.082,-0.811,0.141,-0.938,0.526,0.76,0.516,-0.915,-0.183,0.775,-0.48,-0.747,0.47,0.0,-0.725,0.863,0.19,0.802,0.437,0.546,0.656,0.564,0.767,0.91,-0.456,-0.096,0.791,0.518,0.796,-0.081,-0.002,-0.491,-0.113,0.7,0.49,0.718,0.262,-0.327,0.674,-0.916,0.561,-0.441,-0.799,-0.272,0.871,-0.777,0.757,0.31,0.378,-0.548,-0.241,0.964,0.376,-0.391,-0.15,0.846,0.344,0.804,0.462,0.034,0.696,0.556,-0.786,-0.091,-0.642,0.944,0.716,0.575,0.857,-0.529,-0.055,0.913,-0.43,0.53,0.283,0.868,0.818,0.749,0.507,0.752,0.072,0.738,0.857,0.708,0.624,0.517,-0.797,-0.705,0.722,0.766,0.898,0.826,0.878,0.774,-0.76,0.774,-0.518,-0.496,0.213,0.154,0.237,0.547,0.903,0.515,0.767,0.167,0.583,0.595,-0.045,-0.448,-0.819,-0.187,-0.358,0.866,0.762,0.562,0.549,-0.697,0.765,0.225,0.847,0.07,0.596,0.867,-0.765,0.896,-0.019,0.661,0.802,0.881,0.378,0.588,-0.267,0.889,0.844,-0.459,0.849,0.957,-0.164,-0.767,0.22,0.722,0.74,0.883,-0.28,0.694,-0.298,0.608,0.388,0.533,-0.009,0.646,0.898,-0.81,0.878,0.702,-0.351,0.935,-0.273,0.852,0.865,0.03,0.738,0.688,0.366,-0.062,0.684,0.827,0.372,0.947,-0.866,-0.01,0.112,0.904,0.91,-0.547,-0.311,-0.677,-0.073,0.753,-0.55,0.772,0.308,-0.428,-0.302,-0.841,0.628,-0.402,0.795,0.845,0.92,0.192,-0.56,0.192,0.288,-0.318,0.373,-0.361,0.496,0.43
AMCX,-0.012,0.688,-0.193,0.771,-0.43,-0.566,-0.521,0.739,0.14,-0.477,0.481,0.534,-0.4,-0.725,0.0,-0.636,-0.218,-0.635,-0.567,-0.548,-0.585,-0.498,-0.703,-0.602,0.504,0.07,-0.63,-0.386,-0.705,-0.028,0.369,0.419,0.121,-0.53,-0.448,-0.509,-0.247,0.186,-0.654,0.795,-0.476,0.337,0.653,0.18,-0.657,0.552,-0.62,-0.264,-0.302,0.473,0.055,-0.695,-0.047,0.297,0.265,-0.654,-0.456,-0.444,-0.586,0.03,-0.562,-0.473,0.496,0.107,0.39,-0.765,-0.589,-0.519,-0.597,0.362,0.133,-0.734,0.323,-0.347,-0.208,-0.662,-0.709,-0.516,-0.315,-0.65,-0.231,-0.575,-0.684,-0.454,-0.448,-0.436,0.69,0.645,-0.525,-0.487,-0.742,-0.605,-0.655,-0.63,0.515,-0.631,0.39,0.426,-0.243,-0.21,-0.076,-0.336,-0.731,-0.541,-0.62,-0.16,-0.592,-0.47,-0.076,0.376,0.711,0.056,0.532,-0.704,-0.61,-0.512,-0.414,0.484,-0.566,-0.235,-0.695,-0.175,-0.435,-0.682,0.658,-0.764,-0.011,-0.441,-0.534,-0.722,-0.353,-0.458,0.091,-0.682,-0.742,0.381,-0.604,-0.698,0.055,0.581,-0.316,-0.514,-0.66,-0.657,0.289,-0.608,0.305,-0.529,-0.293,-0.514,-0.109,-0.656,-0.748,0.607,-0.702,-0.559,0.424,-0.728,0.26,-0.632,-0.659,0.003,-0.413,-0.54,-0.231,0.085,-0.732,-0.663,-0.404,-0.688,0.684,0.08,0.02,-0.729,-0.723,0.454,0.353,0.507,0.033,-0.655,0.323,-0.608,-0.365,0.439,0.14,0.715,-0.553,0.372,-0.689,-0.764,-0.77,-0.144,0.423,-0.255,0.001,0.228,-0.284,0.304,-0.389,-0.043
AMKR,0.385,-0.57,0.424,-0.802,0.394,0.808,0.695,-0.854,-0.349,0.854,-0.178,-0.415,0.614,0.863,-0.636,0.0,0.422,0.782,0.638,0.77,0.841,0.809,0.901,0.713,-0.227,0.203,0.904,0.624,0.814,0.324,0.105,-0.138,0.22,0.578,0.686,0.919,0.589,-0.04,0.83,-0.772,0.788,-0.197,-0.619,0.105,0.843,-0.501,0.883,0.647,0.411,-0.275,0.131,0.869,0.011,-0.135,0.091,0.947,0.678,0.682,0.723,0.418,0.916,0.857,-0.561,-0.178,-0.478,0.854,0.819,0.641,0.929,-0.212,0.233,0.835,-0.023,0.672,0.313,0.83,0.721,0.803,0.378,0.761,0.364,0.903,0.841,0.911,0.825,0.708,-0.761,-0.507,0.694,0.556,0.847,0.947,0.644,0.853,-0.527,0.921,-0.218,-0.145,0.601,0.428,0.525,0.402,0.953,0.672,0.875,0.527,0.774,0.777,0.33,-0.482,-0.665,0.067,-0.016,0.781,0.909,0.705,0.583,-0.438,0.492,0.498,0.765,0.275,0.834,0.956,-0.529,0.948,0.16,0.868,0.904,0.952,0.616,0.658,0.142,0.873,0.761,-0.144,0.957,0.867,0.028,-0.656,0.573,0.704,0.912,0.932,0.074,0.855,-0.018,0.852,0.678,0.772,0.367,0.769,0.935,-0.58,0.959,0.867,-0.449,0.953,0.204,0.941,0.93,0.174,0.695,0.672,0.556,0.105,0.814,0.947,0.537,0.801,-0.722,0.257,0.431,0.963,0.93,-0.292,-0.055,-0.637,0.242,0.729,-0.203,0.972,0.633,-0.118,0.059,-0.826,0.797,-0.216,0.939,0.87,0.924,0.534,-0.349,0.484,0.362,-0.15,0.67,-0.452,0.78,0.615
AMRX,0.605,0.166,0.868,-0.133,0.169,0.465,0.743,-0.084,-0.102,0.427,0.368,0.298,0.693,0.19,-0.218,0.422,0.0,0.466,0.684,0.735,0.616,0.723,0.483,-0.1,0.421,0.761,0.543,0.678,0.603,0.706,0.101,0.446,0.611,0.323,0.763,0.382,0.809,0.681,0.704,-0.046,0.786,0.454,0.131,0.695,0.194,0.333,0.655,0.626,0.591,0.418,0.803,0.214,-0.492,0.653,0.153,0.323,0.771,-0.01,0.734,0.569,0.644,0.633,0.325,-0.351,0.297,0.291,0.49,0.768,0.367,0.45,0.527,0.145,0.625,0.441,0.538,0.116,0.463,0.532,0.256,0.477,0.727,0.62,0.243,0.527,0.553,0.594,-0.035,-0.198,0.247,0.007,0.49,0.54,0.077,0.637,0.351,0.656,0.553,0.455,0.755,0.578,0.675,-0.289,0.383,0.481,0.492,0.801,0.659,0.444,0.681,-0.029,0.049,0.629,0.503,0.288,0.589,0.675,0.649,0.338,-0.086,0.419,0.365,0.631,0.622,0.383,0.138,0.439,0.609,0.355,0.239,0.345,0.836,0.685,0.653,0.472,0.358,0.439,0.315,0.194,0.321,-0.055,0.765,0.239,0.577,0.412,0.695,0.672,0.452,0.688,0.648,0.706,0.679,0.549,0.352,0.201,0.517,0.662,-0.351,0.418,0.57,0.52,0.426,0.418,-0.014,0.112,0.743,0.709,0.622,0.442,0.564,0.281,0.07,0.462,0.453,0.378,0.479,0.556,0.594,0.236,0.414,0.504,0.53,0.486,0.737,0.36,0.653,-0.075,0.602,0.127,0.52,0.481,0.386,0.707,0.358,0.717,0.481,0.361,0.592,-0.143,0.613,0.471
ANSS,0.319,-0.53,0.359,-0.672,0.516,0.7,0.812,-0.618,-0.201,0.709,-0.41,-0.483,0.745,0.802,-0.635,0.782,0.466,0.0,0.512,0.741,0.73,0.656,0.674,0.679,-0.072,0.147,0.81,0.652,0.806,0.198,-0.089,-0.146,0.097,0.533,0.573,0.676,0.439,0.002,0.778,-0.661,0.712,-0.093,-0.546,0.08,0.777,-0.418,0.79,0.472,0.373,-0.266,0.124,0.797,0.004,-0.188,0.162,0.821,0.599,0.632,0.623,0.127,0.772,0.683,-0.37,-0.403,-0.275,0.827,0.671,0.784,0.761,-0.262,0.041,0.734,-0.093,0.39,0.603,0.7,0.796,0.711,0.33,0.646,0.252,0.799,0.757,0.69,0.68,0.622,-0.575,-0.524,0.669,0.497,0.873,0.772,0.774,0.817,-0.379,0.816,-0.259,-0.172,0.404,0.29,0.486,0.352,0.775,0.735,0.839,0.414,0.783,0.637,0.229,-0.445,-0.517,0.252,-0.105,0.765,0.778,0.624,0.692,-0.415,0.652,0.452,0.829,0.472,0.663,0.799,-0.493,0.864,0.229,0.579,0.616,0.764,0.555,0.622,0.061,0.751,0.719,-0.069,0.769,0.721,0.025,-0.658,0.551,0.646,0.809,0.777,0.084,0.815,-0.025,0.685,0.541,0.673,0.203,0.749,0.835,-0.514,0.852,0.723,-0.342,0.87,-0.009,0.813,0.782,0.01,0.459,0.486,0.539,0.129,0.838,0.847,0.621,0.822,-0.515,0.222,0.236,0.821,0.899,-0.229,0.182,-0.473,0.271,0.779,-0.219,0.756,0.488,-0.173,0.082,-0.544,0.75,-0.284,0.835,0.785,0.882,0.333,-0.212,0.361,0.282,-0.119,0.544,-0.416,0.671,0.42
APPN,0.451,-0.144,0.806,-0.507,0.38,0.719,0.79,-0.455,0.04,0.563,0.213,0.052,0.554,0.437,-0.567,0.638,0.684,0.512,0.0,0.776,0.747,0.846,0.762,0.137,-0.1,0.649,0.731,0.802,0.724,0.596,-0.093,0.041,0.597,0.593,0.787,0.499,0.799,0.49,0.789,-0.379,0.858,0.335,-0.045,0.52,0.353,0.008,0.824,0.759,0.629,-0.015,0.616,0.444,-0.296,0.414,-0.107,0.523,0.798,0.058,0.88,0.553,0.736,0.744,-0.054,-0.065,0.183,0.582,0.692,0.73,0.499,0.278,0.365,0.5,0.34,0.613,0.384,0.424,0.627,0.652,0.406,0.765,0.755,0.663,0.543,0.573,0.716,0.691,-0.393,-0.483,0.29,0.291,0.658,0.753,0.278,0.733,0.073,0.777,0.319,0.274,0.766,0.768,0.466,-0.123,0.698,0.525,0.511,0.642,0.815,0.682,0.462,0.002,-0.405,0.388,0.166,0.603,0.746,0.84,0.753,0.179,0.073,0.419,0.589,0.471,0.604,0.596,-0.128,0.677,0.654,0.63,0.417,0.58,0.75,0.757,0.491,0.668,0.566,0.233,0.465,0.419,0.504,-0.065,0.684,0.315,0.644,0.557,0.394,0.833,0.276,0.812,0.586,0.794,0.742,0.773,0.537,-0.09,0.721,0.825,-0.741,0.624,0.425,0.612,0.639,0.562,0.066,0.385,0.743,0.423,0.753,0.585,0.63,0.493,-0.318,0.495,0.436,0.584,0.652,0.316,0.185,0.015,0.402,0.708,0.377,0.676,0.786,0.119,0.492,-0.481,0.717,0.117,0.679,0.639,0.589,0.731,0.229,0.725,0.412,0.23,0.467,-0.0,0.671,0.268
APTO,0.672,-0.254,0.767,-0.502,0.337,0.726,0.895,-0.541,-0.181,0.723,0.059,-0.011,0.682,0.546,-0.548,0.77,0.735,0.741,0.776,0.0,0.926,0.92,0.842,0.327,0.101,0.559,0.826,0.773,0.806,0.686,0.133,0.237,0.478,0.508,0.872,0.732,0.828,0.424,0.943,-0.489,0.933,0.236,-0.231,0.539,0.607,-0.035,0.898,0.824,0.524,0.104,0.556,0.581,-0.43,0.304,0.128,0.744,0.919,0.298,0.915,0.522,0.912,0.852,-0.069,-0.282,0.027,0.663,0.702,0.824,0.749,0.172,0.337,0.596,0.384,0.605,0.599,0.535,0.714,0.742,0.341,0.725,0.725,0.856,0.647,0.772,0.817,0.794,-0.457,-0.365,0.492,0.259,0.733,0.811,0.418,0.888,-0.019,0.9,0.192,0.271,0.822,0.65,0.753,0.008,0.747,0.741,0.822,0.775,0.84,0.696,0.551,-0.245,-0.332,0.501,0.293,0.647,0.892,0.858,0.693,0.017,0.274,0.562,0.684,0.513,0.785,0.763,-0.215,0.817,0.491,0.694,0.554,0.755,0.839,0.774,0.566,0.687,0.628,0.28,0.692,0.525,0.335,-0.334,0.855,0.43,0.871,0.704,0.498,0.89,0.24,0.913,0.81,0.855,0.688,0.787,0.744,-0.113,0.839,0.88,-0.489,0.783,0.442,0.823,0.794,0.338,0.237,0.467,0.807,0.403,0.841,0.789,0.71,0.602,-0.338,0.537,0.635,0.754,0.797,0.173,0.356,-0.224,0.524,0.747,0.275,0.836,0.843,0.172,0.465,-0.516,0.849,-0.074,0.865,0.784,0.742,0.742,0.109,0.655,0.413,0.154,0.689,-0.278,0.858,0.54
ARCT,0.654,-0.411,0.663,-0.595,0.294,0.745,0.802,-0.668,-0.218,0.793,-0.013,-0.146,0.614,0.656,-0.585,0.841,0.616,0.73,0.747,0.926,0.0,0.923,0.904,0.463,-0.085,0.477,0.846,0.725,0.817,0.629,0.222,0.105,0.426,0.546,0.856,0.807,0.789,0.256,0.938,-0.601,0.896,0.128,-0.342,0.435,0.707,-0.17,0.918,0.817,0.503,-0.006,0.407,0.666,-0.303,0.175,0.07,0.808,0.85,0.402,0.886,0.533,0.926,0.864,-0.252,-0.139,-0.124,0.755,0.704,0.777,0.83,0.006,0.343,0.708,0.269,0.653,0.454,0.645,0.751,0.715,0.397,0.765,0.652,0.897,0.721,0.834,0.855,0.785,-0.589,-0.442,0.507,0.369,0.789,0.866,0.5,0.905,-0.172,0.93,0.059,0.181,0.801,0.583,0.731,0.106,0.826,0.8,0.865,0.677,0.8,0.731,0.504,-0.3,-0.458,0.368,0.216,0.687,0.912,0.841,0.676,-0.13,0.372,0.494,0.729,0.371,0.794,0.861,-0.292,0.87,0.374,0.791,0.67,0.828,0.78,0.736,0.471,0.745,0.698,0.175,0.764,0.642,0.335,-0.439,0.795,0.471,0.887,0.747,0.399,0.887,0.123,0.915,0.806,0.82,0.62,0.752,0.813,-0.263,0.898,0.914,-0.504,0.848,0.355,0.882,0.87,0.308,0.378,0.52,0.787,0.289,0.814,0.83,0.648,0.674,-0.465,0.523,0.603,0.834,0.845,0.023,0.167,-0.334,0.405,0.746,0.137,0.886,0.774,0.098,0.309,-0.66,0.874,-0.076,0.896,0.825,0.798,0.717,-0.019,0.575,0.424,0.047,0.69,-0.326,0.864,0.591
ARWR,0.598,-0.201,0.811,-0.54,0.357,0.782,0.872,-0.583,-0.052,0.769,0.178,0.027,0.618,0.564,-0.498,0.809,0.723,0.656,0.846,0.92,0.923,0.0,0.899,0.302,0.053,0.666,0.882,0.817,0.787,0.71,0.251,0.162,0.602,0.6,0.889,0.751,0.902,0.446,0.906,-0.471,0.968,0.278,-0.181,0.569,0.53,-0.03,0.94,0.905,0.657,0.053,0.559,0.574,-0.318,0.354,0.094,0.721,0.875,0.319,0.911,0.689,0.919,0.897,-0.145,-0.08,-0.015,0.678,0.787,0.779,0.749,0.261,0.435,0.622,0.403,0.737,0.508,0.545,0.659,0.755,0.442,0.799,0.754,0.845,0.679,0.825,0.883,0.796,-0.501,-0.462,0.47,0.331,0.735,0.886,0.366,0.886,-0.032,0.94,0.286,0.308,0.884,0.764,0.663,-0.06,0.787,0.692,0.738,0.81,0.832,0.762,0.584,-0.09,-0.403,0.348,0.37,0.664,0.886,0.904,0.736,0.084,0.15,0.518,0.713,0.477,0.766,0.785,-0.166,0.808,0.593,0.831,0.624,0.768,0.849,0.794,0.544,0.76,0.596,0.268,0.668,0.554,0.42,-0.255,0.79,0.434,0.815,0.71,0.543,0.925,0.251,0.95,0.784,0.886,0.788,0.803,0.718,-0.158,0.862,0.962,-0.643,0.779,0.519,0.809,0.827,0.494,0.26,0.48,0.86,0.398,0.804,0.773,0.693,0.576,-0.42,0.569,0.687,0.74,0.784,0.19,0.292,-0.169,0.487,0.754,0.305,0.854,0.872,0.18,0.449,-0.6,0.838,0.012,0.856,0.76,0.741,0.816,0.143,0.718,0.567,0.112,0.653,-0.12,0.87,0.597
ASND,0.426,-0.497,0.571,-0.769,0.431,0.813,0.737,-0.841,-0.135,0.812,-0.056,-0.262,0.509,0.767,-0.703,0.901,0.483,0.674,0.762,0.842,0.904,0.899,0.0,0.561,-0.247,0.366,0.904,0.696,0.815,0.475,0.143,-0.116,0.327,0.656,0.783,0.831,0.71,0.115,0.876,-0.745,0.846,-0.052,-0.486,0.24,0.7,-0.356,0.92,0.751,0.542,-0.222,0.243,0.746,-0.101,0.052,-0.058,0.831,0.74,0.504,0.823,0.485,0.898,0.836,-0.46,-0.011,-0.324,0.83,0.806,0.682,0.859,-0.039,0.251,0.812,0.075,0.737,0.353,0.708,0.743,0.763,0.47,0.843,0.542,0.853,0.803,0.847,0.83,0.721,-0.724,-0.593,0.578,0.514,0.81,0.92,0.554,0.878,-0.363,0.927,-0.047,-0.017,0.701,0.589,0.493,0.167,0.914,0.656,0.791,0.575,0.776,0.762,0.368,-0.236,-0.676,0.091,0.064,0.778,0.902,0.815,0.624,-0.228,0.368,0.439,0.785,0.266,0.729,0.888,-0.464,0.91,0.324,0.856,0.773,0.923,0.688,0.717,0.275,0.845,0.749,-0.061,0.799,0.756,0.191,-0.472,0.607,0.553,0.851,0.828,0.198,0.868,-0.014,0.899,0.676,0.816,0.557,0.787,0.862,-0.451,0.92,0.922,-0.597,0.887,0.241,0.88,0.907,0.341,0.479,0.621,0.673,0.157,0.815,0.85,0.587,0.731,-0.686,0.331,0.513,0.867,0.87,-0.159,-0.065,-0.439,0.259,0.768,-0.022,0.901,0.748,-0.092,0.125,-0.826,0.786,-0.185,0.909,0.856,0.87,0.647,-0.173,0.556,0.416,-0.144,0.572,-0.222,0.777,0.54
ASTH,-0.021,-0.893,-0.149,-0.852,0.47,0.581,0.269,-0.861,-0.234,0.615,-0.647,-0.839,0.214,0.91,-0.602,0.713,-0.1,0.679,0.137,0.327,0.463,0.302,0.561,0.0,-0.55,-0.387,0.587,0.28,0.591,-0.303,0.041,-0.545,-0.342,0.568,0.262,0.621,-0.041,-0.544,0.456,-0.888,0.305,-0.607,-0.841,-0.482,0.87,-0.866,0.524,0.102,0.122,-0.632,-0.52,0.898,0.483,-0.581,-0.136,0.762,0.109,0.834,0.227,-0.207,0.493,0.325,-0.871,0.02,-0.729,0.824,0.469,0.358,0.736,-0.738,-0.262,0.856,-0.611,0.333,0.123,0.872,0.653,0.563,0.435,0.542,-0.158,0.531,0.797,0.531,0.456,0.35,-0.801,-0.58,0.626,0.722,0.741,0.617,0.872,0.562,-0.88,0.543,-0.759,-0.577,-0.038,-0.095,0.109,0.674,0.762,0.413,0.668,-0.105,0.311,0.391,-0.246,-0.539,-0.774,-0.348,-0.505,0.756,0.57,0.302,0.311,-0.864,0.855,0.059,0.71,-0.193,0.443,0.757,-0.794,0.742,-0.29,0.539,0.69,0.768,0.117,0.351,-0.445,0.695,0.694,-0.559,0.768,0.892,-0.289,-0.785,0.015,0.681,0.577,0.726,-0.474,0.467,-0.451,0.369,0.24,0.25,-0.269,0.419,0.786,-0.841,0.709,0.462,-0.131,0.795,-0.469,0.71,0.745,-0.19,0.73,0.619,0.136,-0.321,0.443,0.689,0.144,0.857,-0.857,-0.084,0.014,0.786,0.735,-0.723,-0.432,-0.791,-0.171,0.61,-0.746,0.635,0.03,-0.478,-0.531,-0.802,0.473,-0.421,0.63,0.692,0.775,-0.064,-0.673,-0.127,0.119,-0.373,0.188,-0.423,0.311,0.294
ATSG,0.302,0.726,0.326,0.57,-0.213,-0.27,0.202,0.577,0.029,-0.131,0.478,0.692,0.261,-0.456,0.504,-0.227,0.421,-0.072,-0.1,0.101,-0.085,0.053,-0.247,-0.55,0.0,0.492,-0.131,0.076,-0.179,0.454,0.229,0.754,0.399,-0.358,0.066,-0.099,0.307,0.577,-0.032,0.597,0.099,0.486,0.519,0.549,-0.417,0.695,-0.114,0.149,0.041,0.648,0.574,-0.413,-0.51,0.505,0.533,-0.238,0.197,-0.243,0.006,0.281,-0.001,0.09,0.744,-0.445,0.442,-0.414,-0.078,0.053,-0.224,0.674,0.323,-0.543,0.696,-0.112,0.455,-0.526,-0.257,-0.138,-0.341,-0.342,0.19,-0.013,-0.418,0.04,-0.122,-0.034,0.585,0.508,-0.113,-0.573,-0.331,-0.181,-0.507,-0.091,0.662,-0.076,0.663,0.529,0.258,0.147,0.311,-0.483,-0.378,0.06,-0.082,0.502,0.042,-0.079,0.515,0.26,0.678,0.499,0.707,-0.378,-0.119,-0.001,-0.019,0.613,-0.464,0.269,-0.287,0.484,0.097,-0.291,0.554,-0.272,0.33,-0.222,-0.273,-0.287,0.22,-0.01,0.523,-0.326,-0.38,0.638,-0.222,-0.509,0.014,0.328,0.301,-0.216,-0.096,-0.194,0.653,-0.046,0.558,0.031,0.249,0.193,0.305,-0.074,-0.27,0.624,-0.253,-0.081,0.316,-0.304,0.583,-0.203,-0.3,0.133,-0.379,-0.421,0.197,0.508,-0.047,-0.172,0.158,-0.405,0.644,0.202,0.31,-0.338,-0.227,0.592,0.803,0.405,0.363,-0.244,0.606,-0.168,0.3,0.498,0.632,0.595,-0.072,0.163,-0.167,-0.255,-0.29,0.247,0.502,0.35,0.235,0.287,0.284,0.121,0.174,0.198
AVTX,0.547,0.436,0.865,0.085,0.063,0.331,0.587,0.113,0.173,0.29,0.676,0.583,0.385,-0.096,0.07,0.203,0.761,0.147,0.649,0.559,0.477,0.666,0.366,-0.387,0.492,0.0,0.363,0.656,0.345,0.815,0.265,0.481,0.836,0.243,0.656,0.22,0.842,0.787,0.49,0.221,0.674,0.724,0.484,0.863,-0.155,0.544,0.496,0.738,0.576,0.472,0.834,-0.073,-0.507,0.822,0.167,0.064,0.637,-0.27,0.595,0.721,0.443,0.538,0.461,-0.078,0.519,0.08,0.373,0.477,0.13,0.72,0.579,-0.058,0.786,0.477,0.413,-0.112,0.212,0.332,0.234,0.357,0.782,0.368,0.05,0.381,0.486,0.519,0.133,-0.059,-0.03,-0.176,0.182,0.393,-0.241,0.41,0.585,0.465,0.807,0.702,0.793,0.733,0.523,-0.56,0.168,0.287,0.165,0.757,0.48,0.371,0.653,0.339,0.197,0.524,0.75,0.098,0.402,0.609,0.525,0.673,-0.419,0.309,0.158,0.509,0.38,0.152,0.415,0.187,0.769,0.37,0.036,0.12,0.733,0.535,0.728,0.236,0.076,0.609,0.031,-0.1,0.57,0.356,0.646,-0.067,0.273,0.106,0.838,0.521,0.6,0.579,0.543,0.585,0.857,0.38,0.065,0.463,0.272,0.572,-0.471,0.143,0.754,0.23,0.226,0.602,-0.29,-0.107,0.753,0.64,0.343,0.156,0.525,-0.015,0.243,0.642,0.609,0.08,0.188,0.744,0.61,0.479,0.442,0.318,0.766,0.287,0.741,0.555,0.732,0.049,0.412,0.41,0.276,0.194,0.093,0.789,0.644,0.739,0.619,0.417,0.392,0.233,0.5,0.362
BCPC,0.326,-0.431,0.573,-0.734,0.516,0.866,0.836,-0.757,-0.053,0.809,-0.16,-0.328,0.647,0.791,-0.63,0.904,0.543,0.81,0.731,0.826,0.846,0.882,0.904,0.587,-0.131,0.363,0.0,0.764,0.8,0.379,0.094,-0.148,0.356,0.676,0.7,0.793,0.669,0.136,0.821,-0.667,0.877,0.052,-0.474,0.231,0.684,-0.347,0.934,0.722,0.586,-0.237,0.278,0.781,-0.008,-0.011,0.04,0.863,0.707,0.602,0.763,0.449,0.911,0.857,-0.428,-0.121,-0.272,0.841,0.866,0.75,0.844,-0.03,0.209,0.813,0.053,0.662,0.467,0.718,0.705,0.813,0.443,0.817,0.477,0.885,0.85,0.833,0.84,0.656,-0.645,-0.605,0.615,0.537,0.863,0.935,0.64,0.91,-0.331,0.949,-0.047,-0.019,0.634,0.58,0.445,0.164,0.903,0.672,0.784,0.595,0.861,0.821,0.379,-0.22,-0.682,0.116,0.077,0.78,0.852,0.785,0.718,-0.242,0.392,0.574,0.847,0.473,0.726,0.899,-0.424,0.923,0.439,0.849,0.774,0.876,0.658,0.717,0.201,0.864,0.67,-0.01,0.801,0.749,0.207,-0.478,0.591,0.651,0.83,0.832,0.237,0.916,0.081,0.884,0.596,0.817,0.523,0.898,0.85,-0.512,0.94,0.92,-0.638,0.914,0.231,0.862,0.882,0.312,0.488,0.602,0.69,0.226,0.874,0.911,0.707,0.761,-0.664,0.301,0.454,0.852,0.921,-0.149,0.089,-0.421,0.318,0.799,-0.039,0.895,0.729,-0.103,0.151,-0.731,0.835,-0.195,0.941,0.788,0.921,0.625,-0.135,0.583,0.484,-0.193,0.606,-0.199,0.801,0.575
BEAM,0.405,-0.171,0.814,-0.556,0.552,0.799,0.825,-0.452,0.158,0.707,0.223,-0.051,0.548,0.518,-0.386,0.624,0.678,0.652,0.802,0.773,0.725,0.817,0.696,0.28,0.076,0.656,0.764,0.0,0.784,0.464,0.132,0.029,0.629,0.741,0.795,0.46,0.759,0.507,0.767,-0.386,0.888,0.406,-0.02,0.516,0.428,-0.058,0.859,0.724,0.739,-0.01,0.494,0.549,-0.072,0.437,-0.072,0.504,0.653,0.213,0.731,0.449,0.707,0.672,-0.096,-0.097,0.16,0.639,0.726,0.811,0.576,0.229,0.292,0.546,0.311,0.643,0.655,0.431,0.708,0.789,0.617,0.797,0.684,0.643,0.572,0.581,0.802,0.753,-0.321,-0.503,0.382,0.425,0.72,0.79,0.472,0.805,0.041,0.796,0.297,0.257,0.652,0.754,0.484,-0.042,0.685,0.504,0.531,0.614,0.759,0.699,0.308,0.064,-0.367,0.322,0.291,0.719,0.77,0.838,0.858,0.129,0.251,0.377,0.718,0.44,0.595,0.586,-0.113,0.686,0.72,0.624,0.383,0.57,0.787,0.871,0.357,0.728,0.597,0.244,0.46,0.46,0.465,-0.091,0.566,0.395,0.567,0.554,0.462,0.853,0.363,0.773,0.548,0.706,0.632,0.758,0.56,-0.091,0.736,0.866,-0.683,0.661,0.32,0.656,0.698,0.547,0.1,0.392,0.887,0.449,0.653,0.564,0.622,0.642,-0.338,0.554,0.502,0.557,0.709,0.311,0.298,0.062,0.368,0.841,0.293,0.651,0.714,0.178,0.391,-0.432,0.695,0.175,0.653,0.636,0.607,0.73,0.298,0.66,0.689,0.185,0.383,0.066,0.592,0.438
BILI,0.413,-0.562,0.601,-0.783,0.491,0.84,0.761,-0.72,-0.188,0.814,-0.109,-0.386,0.628,0.796,-0.705,0.814,0.603,0.806,0.724,0.806,0.817,0.787,0.815,0.591,-0.179,0.345,0.8,0.784,0.0,0.313,-0.001,-0.142,0.3,0.718,0.844,0.661,0.633,0.172,0.897,-0.725,0.822,-0.029,-0.441,0.228,0.754,-0.383,0.898,0.581,0.593,-0.174,0.233,0.805,-0.01,0.109,-0.135,0.744,0.673,0.466,0.774,0.294,0.793,0.702,-0.361,-0.206,-0.218,0.87,0.759,0.83,0.787,-0.156,0.206,0.76,0.036,0.645,0.493,0.714,0.93,0.827,0.617,0.863,0.507,0.784,0.709,0.711,0.789,0.794,-0.629,-0.658,0.643,0.576,0.927,0.881,0.704,0.89,-0.329,0.891,-0.084,-0.139,0.554,0.468,0.534,0.264,0.859,0.639,0.79,0.519,0.763,0.664,0.253,-0.353,-0.542,0.207,-0.061,0.832,0.901,0.805,0.739,-0.304,0.568,0.28,0.818,0.329,0.739,0.806,-0.469,0.871,0.334,0.632,0.621,0.811,0.811,0.835,0.166,0.884,0.862,-0.081,0.725,0.778,0.163,-0.554,0.57,0.607,0.826,0.789,0.137,0.872,-0.016,0.787,0.633,0.702,0.364,0.733,0.826,-0.396,0.898,0.866,-0.483,0.879,0.063,0.864,0.871,0.24,0.442,0.579,0.686,0.288,0.776,0.763,0.548,0.856,-0.589,0.317,0.356,0.837,0.89,-0.069,0.014,-0.31,0.152,0.871,-0.076,0.799,0.601,-0.057,0.133,-0.665,0.737,-0.11,0.817,0.94,0.835,0.523,-0.136,0.521,0.46,0.074,0.477,-0.329,0.619,0.428
BJRI,0.775,0.329,0.762,0.119,-0.081,0.243,0.595,0.016,-0.127,0.279,0.539,0.591,0.413,-0.081,-0.028,0.324,0.706,0.198,0.596,0.686,0.629,0.71,0.475,-0.303,0.454,0.815,0.379,0.464,0.313,0.0,0.299,0.661,0.703,0.045,0.676,0.45,0.865,0.684,0.606,0.116,0.666,0.553,0.316,0.855,0.02,0.533,0.495,0.821,0.347,0.492,0.815,-0.057,-0.766,0.672,0.369,0.26,0.811,-0.197,0.726,0.734,0.592,0.661,0.428,-0.181,0.386,0.076,0.276,0.444,0.249,0.621,0.557,0.004,0.823,0.39,0.338,-0.019,0.18,0.237,-0.024,0.263,0.767,0.491,0.114,0.519,0.511,0.558,-0.02,0.099,0.061,-0.315,0.157,0.395,-0.284,0.419,0.507,0.502,0.647,0.745,0.922,0.648,0.732,-0.445,0.235,0.499,0.388,0.803,0.504,0.366,0.815,0.063,0.205,0.621,0.715,0.06,0.489,0.567,0.377,0.546,-0.374,0.427,0.121,0.448,0.52,0.298,0.343,0.286,0.518,0.462,0.162,0.27,0.717,0.403,0.897,0.162,0.084,0.664,0.228,-0.069,0.472,0.182,0.864,-0.071,0.482,0.2,0.827,0.517,0.487,0.671,0.76,0.675,0.864,0.364,0.202,0.423,0.341,0.555,-0.318,0.218,0.845,0.347,0.307,0.4,-0.203,-0.051,0.666,0.518,0.446,0.317,0.492,-0.05,0.231,0.695,0.713,0.23,0.232,0.592,0.597,0.191,0.596,0.235,0.731,0.445,0.803,0.557,0.752,-0.056,0.514,0.246,0.421,0.291,0.173,0.777,0.502,0.665,0.321,0.35,0.591,-0.052,0.703,0.403
BLUE,0.382,0.094,0.215,0.091,-0.08,0.109,-0.016,-0.071,0.159,0.308,0.324,0.237,-0.146,-0.002,0.369,0.105,0.101,-0.089,-0.093,0.133,0.222,0.251,0.143,0.041,0.229,0.265,0.094,0.132,-0.001,0.299,0.0,0.332,0.274,0.166,0.278,0.206,0.274,0.203,0.091,0.063,0.181,0.17,0.156,0.253,0.058,0.162,0.145,0.291,0.26,0.321,0.043,0.043,0.023,0.329,0.127,0.038,0.03,0.208,0.023,0.369,0.174,0.092,-0.038,0.318,-0.002,-0.015,0.026,0.009,0.247,0.176,0.24,0.078,0.302,0.334,0.169,0.023,-0.022,0.154,0.269,0.102,0.208,0.108,0.063,0.262,0.234,0.148,0.063,0.084,0.037,0.041,-0.042,0.157,-0.089,0.173,0.073,0.135,0.231,0.377,0.258,0.118,0.362,-0.127,0.02,0.067,0.104,0.266,-0.17,0.065,0.121,0.235,0.124,-0.034,0.526,0.034,0.153,0.202,0.035,0.158,-0.062,-0.075,0.056,-0.255,0.165,0.139,0.203,0.02,0.118,0.292,0.127,0.101,0.189,0.214,0.263,0.031,-0.09,0.285,0.084,0.037,0.189,0.096,0.081,-0.12,0.037,0.079,0.419,0.055,0.186,0.166,0.349,0.067,0.212,-0.117,0.012,0.198,0.092,0.219,0.09,0.066,0.279,0.179,0.211,0.301,0.079,0.197,0.38,0.157,-0.197,0.014,-0.052,0.011,-0.001,0.396,0.582,0.048,0.002,0.168,0.183,0.086,0.16,0.046,0.165,0.133,0.146,0.378,0.032,-0.09,0.126,0.092,0.038,0.028,-0.033,0.292,0.148,-0.002,0.529,0.143,0.112,0.167,0.225,0.551
