,AAL,AAON,ACB,ACGL,ACGLO,ACIW,ADBE,ADSK,AEP,AGIO,ALEC,ALNY,ALTR,AMBA,AMCX,AMKR,AMRX,ANSS,APPN,APTO,ARCT,ARWR,ASND,ASTH,ATSG,AVTX,BCPC,BEAM,BILI,BJRI,BLUE,BPOP,BRKL,BWIN,BZUN,CARG,CBRL,CBSH,CBUS,CENTA,CERS,CFFN,CHCO,CHEF,CHRD,CINF,CLLS,CMCO,CMCSA,COLL,COMM,COOP,CPB,CRON,CROX,CRUS,CRWD,CTAS,CYBR,CYTK,DGII,DIOD,DOMO,DPZ,DSGR,DXCM,ERIE,ESTA,EXEL,FAST,FCEL,FCFS,FHB,FITBI,FSV,FTDR,FUTU,GLDD,GLPG,GLPI,GOGO,GOSS,GSAT,GYRE,HALO,HAS,HLIT,HLNE,HSDT,HSIC,HTHT,ICHR,IDYA,IMVT,INDB,INSM,IONS,IOSP,ITRI,JBHT,JBLU,JSM,KLIC,KOD,KURA,LAB,LASR,LIN,LKQ,LNT,MBUU,MCRI,MDGL,MEDP,MGNI,MGPI,MGRC,MKTX,MRNA,MRTN,MSEX,MSFT,MU,NAVI,NBTB,NEO,NEOG,NGNE,NSSC,NTAP,NTES,NTLA,NTRS,NYMTN,OBLG,OCFC,ON,ONC,OPI,OSIS,OSW,PALI,PANW,PCAR,PCRX,PCTY,PEBO,PLAB,PLAY,PLMR,PLSE,PLUS,PRTA,PSEC,PSNL,PTCT,PTON,QNST,QRVO,QTTB,RARE,RBCAA,RGNX,SAIC,SGMO,SINT,SNPS,SPSC,SPTN,SSYS,STNE,TBBK,TCPC,TENB,TGTX,TREE,TRUP,TTWO,TW,TXG,UBSI,UCTT,UFPT,UMBF,UPBD,URBN,VBTX,VCTR,VEON,VNET,VRSK,VSEC,WABC,WTFCM,WVE,WW,WWD,XEL,ZD,ZYME
AAL,0.0,0.068,0.811,0.181,0.058,0.147,0.494,0.603,-0.118,0.483,0.017,0.042,0.78,-0.139,0.89,0.635,0.706,0.08,0.645,0.691,-0.347,0.434,0.66,0.702,0.227,0.835,0.606,0.492,0.725,0.206,0.514,0.868,0.822,0.644,0.849,0.499,0.898,0.707,0.662,0.787,0.708,0.832,0.666,0.797,0.923,0.674,0.172,0.926,0.491,0.423,-0.067,0.763,-0.368,0.847,0.643,-0.283,0.669,0.093,0.49,0.568,0.005,0.509,0.575,0.458,0.769,0.767,0.767,0.539,0.077,-0.075,0.7,0.801,0.847,0.681,0.766,0.836,0.849,0.755,-0.253,0.393,0.685,0.722,0.715,0.785,-0.022,0.194,0.719,0.782,0.71,0.643,0.826,0.683,0.776,0.672,0.853,0.785,0.281,0.138,0.702,0.448,0.728,0.669,0.343,0.742,0.57,0.415,0.834,-0.09,0.825,-0.203,0.656,0.899,0.401,0.6,0.805,-0.581,0.734,-0.311,-0.198,0.633,0.648,0.599,0.484,-0.223,0.378,0.778,0.272,0.446,0.248,-0.206,0.612,0.263,0.85,0.508,0.181,0.737,-0.014,0.528,0.939,0.769,0.893,0.61,0.219,0.514,-0.12,0.659,0.854,-0.297,0.504,0.728,0.706,0.849,0.782,0.812,0.576,0.606,0.359,-0.093,0.344,0.663,-0.21,0.745,0.696,0.708,0.779,0.551,0.001,0.695,0.228,0.793,0.62,0.692,0.103,0.327,0.722,0.69,0.325,-0.189,0.426,0.469,0.866,0.686,0.816,0.663,0.093,0.75,0.732,0.055,0.475,0.753,0.413,0.862,0.435,0.522,0.7,0.705,0.78,-0.21,0.818,0.395
AAON,0.068,0.0,0.011,0.375,0.073,0.355,0.109,-0.033,-0.094,-0.563,0.25,-0.623,0.002,0.733,0.214,0.586,-0.384,0.487,-0.043,0.025,-0.343,0.266,0.223,-0.296,0.161,-0.2,-0.05,-0.347,-0.114,0.689,-0.278,-0.134,-0.208,0.381,-0.035,0.436,0.082,0.096,-0.476,0.221,0.041,-0.143,-0.104,0.467,0.145,-0.02,0.182,0.055,-0.236,-0.172,0.617,0.321,0.091,0.008,0.196,0.344,-0.46,0.436,-0.629,-0.566,0.212,0.449,-0.476,0.194,0.053,-0.259,-0.242,0.481,-0.53,0.522,-0.254,-0.286,0.069,-0.261,0.176,-0.071,-0.145,0.156,-0.063,0.652,0.003,-0.029,-0.155,-0.017,-0.499,0.468,-0.305,0.207,-0.34,0.187,-0.003,-0.144,0.03,0.054,0.116,-0.181,0.142,0.073,0.094,0.368,0.493,0.17,0.702,-0.3,-0.532,0.08,0.167,0.303,0.196,0.14,-0.109,0.347,-0.45,-0.272,-0.151,0.555,0.176,0.111,-0.439,0.049,-0.477,0.188,0.249,0.4,0.179,-0.359,-0.484,0.407,0.149,0.377,-0.12,-0.317,0.025,-0.218,-0.118,-0.162,0.624,-0.188,0.007,0.234,0.348,-0.357,-0.323,0.469,0.411,0.019,-0.111,0.325,0.172,-0.385,-0.159,0.336,-0.238,-0.106,-0.094,-0.354,-0.106,0.543,0.806,0.002,0.232,0.178,0.114,-0.161,-0.067,-0.237,0.514,0.285,-0.401,-0.1,0.358,-0.223,0.715,-0.504,-0.294,-0.134,0.599,-0.205,0.02,-0.034,0.05,0.334,0.032,0.246,0.679,0.109,0.028,0.276,0.257,-0.415,0.072,0.05,0.294,-0.23,-0.259,0.428,-0.001,0.16,-0.089,-0.167
ACB,0.811,0.011,0.0,-0.197,-0.308,-0.17,0.77,0.333,-0.444,0.613,-0.155,0.014,0.894,-0.139,0.847,0.522,0.579,-0.006,0.877,0.836,-0.274,0.671,0.838,0.879,-0.135,0.934,0.323,0.476,0.93,-0.13,0.615,0.772,0.696,0.726,0.851,0.695,0.775,0.361,0.827,0.541,0.896,0.77,0.296,0.694,0.735,0.582,0.379,0.842,0.49,0.051,-0.162,0.621,-0.578,0.967,0.831,-0.463,0.822,-0.119,0.661,0.602,-0.25,0.626,0.804,0.461,0.878,0.885,0.769,0.731,-0.05,-0.308,0.889,0.65,0.614,0.438,0.871,0.779,0.928,0.44,-0.465,0.104,0.424,0.773,0.916,0.94,-0.255,0.043,0.681,0.821,0.861,0.447,0.847,0.88,0.829,0.605,0.698,0.782,0.062,-0.253,0.525,0.253,0.364,0.586,0.355,0.874,0.532,0.764,0.856,-0.402,0.776,-0.52,0.728,0.782,0.601,0.567,0.852,-0.674,0.729,-0.531,0.213,0.362,0.496,0.699,0.558,-0.495,-0.03,0.869,0.006,0.476,-0.055,0.005,0.845,0.18,0.669,0.653,0.576,0.395,-0.045,0.787,0.787,0.535,0.748,0.842,0.52,0.277,-0.378,0.861,0.691,-0.467,0.333,0.832,0.924,0.784,0.815,0.881,0.659,0.453,0.668,-0.346,0.271,0.92,-0.439,0.509,0.411,0.677,0.806,0.872,0.044,0.754,-0.123,0.949,0.6,0.821,-0.154,0.224,0.735,0.565,0.328,-0.252,0.671,0.781,0.74,0.766,0.766,0.369,0.009,0.808,0.708,0.163,0.648,0.83,0.492,0.678,0.046,0.572,0.895,0.592,0.621,-0.466,0.854,0.658
ACGL,0.181,0.375,-0.197,0.0,0.737,0.839,-0.416,0.331,0.73,-0.474,0.522,0.002,-0.162,0.174,-0.005,0.378,-0.062,0.462,-0.3,-0.381,-0.209,-0.056,-0.192,-0.413,0.908,-0.217,0.714,0.077,-0.337,0.81,-0.374,0.219,0.052,-0.166,0.114,-0.31,0.192,0.703,-0.353,0.413,-0.339,-0.041,0.562,0.264,0.326,0.299,-0.265,0.241,-0.315,0.645,0.626,0.542,0.671,-0.179,-0.271,0.619,-0.276,0.819,-0.422,-0.251,0.809,-0.145,-0.53,0.31,0.0,-0.156,0.149,-0.148,0.244,0.794,-0.413,-0.003,0.493,0.157,-0.082,-0.112,-0.148,0.66,0.457,0.707,0.458,-0.169,-0.282,-0.228,0.351,0.778,0.079,-0.014,-0.286,0.669,-0.197,-0.362,0.096,0.175,0.352,0.048,0.622,0.86,0.541,0.744,0.656,0.185,0.195,-0.339,-0.228,-0.573,0.078,0.846,0.234,0.817,-0.151,0.203,-0.586,-0.036,0.042,0.258,-0.185,0.667,-0.758,0.583,-0.048,0.04,0.045,0.811,0.537,-0.184,0.456,-0.119,0.758,-0.234,-0.346,0.22,0.453,-0.119,-0.515,0.352,0.242,-0.602,0.194,0.589,0.371,-0.389,-0.444,0.796,0.618,-0.433,0.154,0.618,0.623,-0.339,-0.372,0.292,-0.237,-0.121,0.011,0.104,-0.572,0.77,0.461,-0.417,0.484,0.51,0.421,-0.027,-0.198,-0.475,0.356,-0.002,0.576,-0.293,0.422,-0.329,0.765,0.122,0.081,0.308,0.33,0.189,-0.339,-0.454,0.099,-0.089,0.119,0.673,0.631,-0.207,-0.085,-0.204,-0.273,-0.244,0.319,0.382,0.89,-0.173,-0.41,0.131,0.311,0.79,-0.117,-0.668
ACGLO,0.058,0.073,-0.308,0.737,0.0,0.779,-0.525,0.412,0.775,-0.408,0.609,0.247,-0.207,0.121,-0.187,0.212,0.047,0.438,-0.353,-0.496,0.035,-0.167,-0.391,-0.422,0.785,-0.282,0.59,0.267,-0.422,0.568,-0.337,0.049,-0.057,-0.381,0.03,-0.475,0.086,0.548,-0.314,0.245,-0.41,-0.184,0.47,0.061,0.124,0.062,-0.12,0.03,-0.424,0.71,0.425,0.233,0.628,-0.27,-0.461,0.649,-0.231,0.656,-0.26,-0.127,0.809,-0.309,-0.468,0.179,-0.187,-0.16,0.033,-0.357,0.49,0.685,-0.459,0.071,0.241,0.281,-0.286,-0.153,-0.219,0.506,0.656,0.533,0.457,-0.174,-0.357,-0.349,0.57,0.558,0.107,-0.204,-0.32,0.489,-0.275,-0.397,-0.135,0.111,0.157,0.052,0.666,0.861,0.484,0.454,0.427,-0.059,-0.036,-0.305,-0.04,-0.681,-0.095,0.814,-0.06,0.779,-0.325,-0.027,-0.508,0.113,0.02,0.273,-0.316,0.725,-0.662,0.277,0.08,-0.045,-0.059,0.71,0.432,-0.125,0.57,-0.223,0.761,-0.376,-0.396,0.446,0.219,-0.245,-0.52,0.278,0.099,-0.609,0.067,0.454,0.154,-0.393,-0.417,0.451,0.694,-0.548,0.03,0.611,0.501,-0.353,-0.468,0.02,-0.241,-0.242,0.142,0.227,-0.623,0.702,0.231,-0.532,0.599,0.278,0.448,-0.236,-0.257,-0.52,0.263,-0.163,0.592,-0.353,0.255,-0.434,0.485,0.336,-0.025,0.327,0.227,0.387,-0.39,-0.431,-0.079,-0.23,-0.145,0.447,0.378,-0.281,-0.301,-0.302,-0.482,-0.233,0.173,0.259,0.714,-0.103,-0.438,-0.055,0.002,0.765,-0.132,-0.669
ACIW,0.147,0.355,-0.17,0.839,0.779,0.0,-0.452,0.48,0.797,-0.574,0.751,0.134,-0.075,0.189,-0.067,0.395,-0.021,0.639,-0.213,-0.446,0.022,0.135,-0.261,-0.451,0.866,-0.24,0.677,0.318,-0.399,0.813,-0.456,0.024,-0.131,-0.308,0.076,-0.371,0.205,0.555,-0.379,0.372,-0.312,-0.255,0.379,0.188,0.218,-0.001,-0.041,0.131,-0.567,0.681,0.644,0.422,0.755,-0.171,-0.405,0.824,-0.227,0.867,-0.352,-0.244,0.913,-0.236,-0.542,0.472,-0.038,-0.053,0.1,-0.161,0.457,0.888,-0.493,-0.002,0.291,0.11,-0.222,-0.117,-0.152,0.635,0.649,0.767,0.601,-0.216,-0.32,-0.295,0.505,0.738,0.098,-0.167,-0.295,0.69,-0.264,-0.42,0.016,0.165,0.163,0.048,0.869,0.874,0.539,0.668,0.609,0.003,0.245,-0.313,-0.106,-0.622,0.052,0.902,0.012,0.857,-0.449,0.11,-0.665,0.083,0.144,0.282,-0.349,0.831,-0.694,0.279,-0.05,0.1,0.084,0.8,0.213,-0.115,0.48,-0.113,0.82,-0.31,-0.46,0.506,0.246,-0.178,-0.432,0.147,0.259,-0.667,0.115,0.587,0.335,-0.331,-0.357,0.66,0.826,-0.5,-0.053,0.813,0.671,-0.437,-0.433,0.168,-0.256,-0.265,0.275,0.18,-0.58,0.908,0.531,-0.46,0.639,0.27,0.512,-0.275,-0.246,-0.465,0.514,-0.023,0.505,-0.295,0.509,-0.515,0.686,0.329,0.015,0.4,0.551,0.5,-0.385,-0.358,-0.112,-0.167,-0.046,0.497,0.732,-0.259,-0.377,-0.398,-0.508,-0.262,0.277,0.393,0.786,-0.191,-0.448,0.022,0.046,0.838,-0.094,-0.76
ADBE,0.494,0.109,0.77,-0.416,-0.525,-0.452,0.0,0.045,-0.735,0.473,-0.487,-0.238,0.763,0.108,0.693,0.378,0.151,0.016,0.773,0.788,-0.586,0.491,0.839,0.801,-0.485,0.673,-0.049,0.054,0.858,-0.277,0.471,0.51,0.427,0.787,0.623,0.793,0.52,0.034,0.579,0.273,0.73,0.591,-0.052,0.531,0.436,0.451,0.154,0.569,0.455,-0.345,-0.261,0.401,-0.682,0.685,0.914,-0.505,0.584,-0.182,0.47,0.34,-0.438,0.728,0.726,0.147,0.753,0.636,0.502,0.647,-0.458,-0.367,0.811,0.293,0.374,0.106,0.81,0.432,0.737,0.091,-0.776,-0.109,-0.034,0.598,0.781,0.755,-0.589,-0.053,0.4,0.77,0.711,0.113,0.753,0.797,0.554,0.257,0.518,0.42,-0.381,-0.552,0.183,0.11,0.077,0.393,0.312,0.592,0.248,0.84,0.734,-0.54,0.621,-0.707,0.707,0.558,0.48,0.195,0.481,-0.467,0.683,-0.721,0.288,0.161,0.12,0.771,0.565,-0.567,-0.093,0.533,-0.432,0.403,-0.224,0.215,0.87,-0.198,0.36,0.578,0.522,0.063,0.167,0.775,0.45,0.223,0.522,0.747,0.567,0.115,-0.542,0.887,0.504,-0.611,0.101,0.682,0.826,0.629,0.575,0.766,0.257,0.001,0.596,-0.484,0.257,0.867,-0.659,0.384,0.084,0.506,0.494,0.762,0.138,0.738,-0.453,0.773,0.418,0.793,-0.118,-0.203,0.376,0.087,0.142,-0.613,0.725,0.644,0.619,0.721,0.635,0.233,-0.089,0.754,0.662,0.313,0.729,0.607,0.419,0.279,-0.219,0.465,0.772,0.383,0.405,-0.617,0.588,0.708
ADSK,0.603,-0.033,0.333,0.331,0.412,0.48,0.045,0.0,0.306,0.179,0.301,0.23,0.541,-0.06,0.488,0.534,0.5,0.401,0.205,0.186,-0.08,0.106,0.153,0.314,0.473,0.4,0.656,0.551,0.166,0.341,0.183,0.451,0.48,0.191,0.532,0.051,0.727,0.571,0.286,0.746,0.295,0.411,0.563,0.454,0.481,0.381,0.059,0.514,0.085,0.671,-0.087,0.488,0.028,0.362,0.16,0.144,0.397,0.38,0.341,0.327,0.38,0.187,0.185,0.373,0.376,0.512,0.493,-0.034,0.376,0.243,0.225,0.63,0.541,0.671,0.233,0.478,0.388,0.66,0.214,0.461,0.763,0.414,0.311,0.224,0.363,0.413,0.506,0.376,0.26,0.567,0.477,0.241,0.394,0.44,0.546,0.44,0.581,0.504,0.624,0.323,0.599,0.355,0.126,0.324,0.706,-0.145,0.55,0.397,0.393,0.221,0.107,0.453,-0.0,0.69,0.586,-0.213,0.283,0.174,-0.393,0.398,0.605,0.374,0.195,0.128,0.34,0.47,0.512,0.049,0.475,-0.479,0.131,0.609,0.531,0.132,-0.105,0.577,0.093,0.054,0.551,0.676,0.6,0.251,-0.053,0.383,0.31,0.204,0.539,0.138,0.495,0.342,0.164,0.44,0.515,0.383,0.517,0.576,0.007,0.244,0.271,0.112,0.224,0.52,0.682,0.283,0.396,0.035,0.22,0.399,0.459,0.343,0.496,0.196,0.177,0.56,0.383,0.653,0.344,0.193,0.201,0.098,0.445,0.295,0.392,0.578,0.16,0.421,0.259,-0.156,-0.068,0.479,0.328,0.609,0.527,0.194,0.168,0.461,0.329,0.253,0.502,-0.025
AEP,-0.118,-0.094,-0.444,0.73,0.775,0.797,-0.735,0.306,0.0,-0.411,0.627,0.434,-0.344,-0.175,-0.404,-0.078,0.026,0.366,-0.407,-0.68,0.299,-0.187,-0.599,-0.545,0.817,-0.36,0.605,0.325,-0.584,0.469,-0.413,-0.086,-0.193,-0.676,-0.188,-0.746,-0.097,0.424,-0.328,0.088,-0.555,-0.34,0.345,-0.227,-0.035,-0.055,-0.213,-0.123,-0.501,0.716,0.39,0.081,0.861,-0.438,-0.706,0.701,-0.221,0.638,-0.232,-0.085,0.819,-0.609,-0.519,0.271,-0.264,-0.229,0.037,-0.549,0.701,0.679,-0.584,-0.047,0.101,0.148,-0.502,-0.28,-0.349,0.409,0.805,0.362,0.438,-0.366,-0.5,-0.509,0.774,0.488,0.065,-0.477,-0.356,0.427,-0.539,-0.559,-0.157,-0.002,-0.089,-0.059,0.73,0.87,0.348,0.43,0.228,-0.16,-0.233,-0.387,-0.037,-0.818,-0.304,0.811,-0.24,0.949,-0.51,-0.274,-0.528,0.043,-0.036,0.2,-0.624,0.898,-0.436,0.215,0.088,-0.262,-0.185,0.74,0.158,-0.188,0.724,-0.452,0.654,-0.387,-0.626,0.531,0.098,-0.237,-0.502,0.137,-0.079,-0.779,-0.113,0.303,-0.065,-0.415,-0.328,0.366,0.645,-0.728,-0.192,0.726,0.452,-0.448,-0.574,-0.197,-0.34,-0.413,0.082,0.263,-0.666,0.687,0.0,-0.675,0.622,0.05,0.275,-0.269,-0.391,-0.557,0.196,-0.335,0.776,-0.503,0.077,-0.593,0.359,0.512,-0.021,0.325,0.101,0.687,-0.546,-0.548,-0.335,-0.542,-0.242,0.256,0.367,-0.552,-0.504,-0.502,-0.771,-0.304,0.182,0.138,0.579,-0.26,-0.546,-0.312,-0.04,0.9,-0.256,-0.798
AGIO,0.483,-0.563,0.613,-0.474,-0.408,-0.574,0.473,0.179,-0.411,0.0,-0.463,0.406,0.57,-0.564,0.482,-0.06,0.72,-0.461,0.594,0.624,0.004,0.165,0.484,0.84,-0.342,0.754,0.081,0.418,0.691,-0.616,0.848,0.605,0.731,0.405,0.516,0.298,0.44,0.131,0.886,0.255,0.669,0.754,0.309,0.195,0.361,0.472,0.107,0.498,0.753,0.082,-0.696,0.124,-0.68,0.652,0.539,-0.814,0.826,-0.606,0.842,0.85,-0.549,0.261,0.891,-0.027,0.493,0.658,0.585,0.208,0.144,-0.783,0.849,0.67,0.333,0.538,0.529,0.668,0.66,0.076,-0.397,-0.464,0.099,0.703,0.758,0.673,0.016,-0.462,0.535,0.533,0.768,-0.071,0.639,0.733,0.56,0.473,0.446,0.678,-0.26,-0.368,0.19,-0.274,-0.114,0.334,-0.348,0.835,0.733,0.568,0.383,-0.642,0.422,-0.621,0.734,0.345,0.915,0.596,0.574,-0.797,0.532,-0.655,0.514,0.282,0.751,0.192,0.082,-0.705,0.075,0.774,0.248,0.155,-0.366,-0.199,0.681,0.127,0.403,0.462,0.417,0.507,-0.448,0.769,0.555,0.073,0.198,0.724,0.47,-0.274,-0.679,0.693,0.647,-0.79,-0.075,0.893,0.746,0.29,0.818,0.702,0.374,0.616,0.728,-0.79,-0.482,0.69,-0.46,0.286,0.197,0.738,0.724,0.703,-0.512,0.417,0.07,0.719,-0.068,0.833,-0.661,0.379,0.665,0.386,-0.432,-0.204,0.562,0.564,0.593,0.333,0.519,0.035,-0.663,0.591,0.666,0.141,0.439,0.825,0.163,0.316,-0.253,0.527,0.811,0.329,0.442,-0.624,0.706,0.791
ALEC,0.017,0.25,-0.155,0.522,0.609,0.751,-0.487,0.301,0.627,-0.463,0.0,0.241,-0.148,0.311,-0.24,0.272,0.077,0.493,-0.199,-0.411,0.394,0.293,-0.215,-0.424,0.586,-0.185,0.427,0.458,-0.41,0.581,-0.334,-0.139,-0.232,-0.35,-0.066,-0.357,-0.02,0.196,-0.309,0.071,-0.146,-0.393,0.172,0.057,0.047,-0.281,0.426,-0.08,-0.657,0.501,0.569,0.057,0.541,-0.104,-0.459,0.721,-0.18,0.552,-0.185,-0.104,0.709,-0.187,-0.442,0.392,-0.231,-0.04,-0.14,-0.01,0.567,0.592,-0.463,-0.029,-0.003,0.053,-0.266,-0.107,-0.227,0.306,0.747,0.563,0.488,-0.032,-0.266,-0.276,0.493,0.417,0.051,-0.328,-0.408,0.399,-0.294,-0.286,-0.014,0.286,-0.108,0.075,0.794,0.635,0.341,0.265,0.332,-0.086,0.356,-0.161,-0.046,-0.468,-0.092,0.709,-0.138,0.623,-0.525,-0.019,-0.431,0.224,0.131,0.36,-0.304,0.754,-0.445,-0.059,-0.032,-0.027,0.138,0.602,-0.007,-0.059,0.4,-0.021,0.579,-0.178,-0.477,0.614,0.004,-0.279,-0.176,0.017,0.213,-0.492,-0.037,0.336,0.112,-0.302,-0.131,0.262,0.869,-0.469,-0.24,0.814,0.43,-0.427,-0.432,-0.066,-0.18,-0.337,0.44,0.271,-0.427,0.744,0.379,-0.367,0.755,-0.063,0.458,-0.499,-0.089,-0.334,0.42,-0.167,0.311,-0.216,0.387,-0.542,0.362,0.419,-0.079,0.369,0.61,0.591,-0.198,-0.011,-0.283,-0.049,-0.198,0.145,0.529,-0.352,-0.494,-0.036,-0.429,-0.255,0.092,0.255,0.505,-0.129,-0.366,-0.068,-0.145,0.664,-0.082,-0.546
ALNY,0.042,-0.623,0.014,0.002,0.247,0.134,-0.238,0.23,0.434,0.406,0.241,0.0,0.053,-0.552,-0.216,-0.355,0.504,-0.099,0.121,-0.253,0.426,0.084,-0.124,0.123,0.227,0.137,0.396,0.716,-0.049,-0.191,0.234,0.13,0.173,-0.459,0.138,-0.514,0.052,0.149,0.322,0.025,0.016,0.033,0.25,-0.28,-0.036,-0.052,0.087,0.033,-0.081,0.583,-0.206,-0.089,0.228,0.032,-0.318,0.048,0.439,-0.068,0.493,0.646,0.245,-0.503,0.26,0.103,-0.032,0.323,0.339,-0.355,0.849,-0.113,0.075,0.267,0.014,0.325,-0.165,0.13,0.106,0.164,0.426,-0.215,0.255,0.201,0.079,-0.059,0.774,-0.186,0.293,-0.237,0.219,0.122,-0.105,0.005,0.183,0.277,0.029,0.442,0.436,0.311,0.215,-0.081,-0.168,-0.195,-0.604,0.285,0.517,-0.261,-0.159,0.112,-0.172,0.247,-0.06,-0.217,0.247,0.445,0.345,-0.433,-0.336,0.335,0.2,0.061,0.513,-0.095,-0.119,0.039,-0.074,0.41,0.714,-0.399,0.22,-0.619,-0.034,0.697,0.05,0.063,-0.091,0.233,-0.504,-0.087,0.071,0.077,-0.15,0.209,0.184,-0.192,0.109,-0.155,0.061,0.015,0.302,0.188,-0.02,-0.205,0.224,-0.02,0.463,0.718,-0.012,-0.061,-0.503,-0.08,0.349,0.006,0.358,0.015,0.062,0.043,-0.245,-0.093,0.564,0.027,-0.091,0.005,-0.396,0.762,0.398,0.437,-0.271,0.477,-0.06,0.091,-0.052,-0.374,-0.013,-0.047,-0.262,-0.217,-0.208,-0.384,-0.493,0.3,0.124,0.183,0.105,0.201,0.108,-0.296,-0.004,0.168,0.176,-0.07
ALTR,0.78,0.002,0.894,-0.162,-0.207,-0.075,0.763,0.541,-0.344,0.57,-0.148,0.053,0.0,-0.074,0.843,0.573,0.56,0.233,0.879,0.766,-0.313,0.591,0.734,0.869,-0.095,0.863,0.363,0.525,0.832,-0.101,0.564,0.716,0.642,0.702,0.82,0.65,0.848,0.377,0.761,0.645,0.841,0.732,0.318,0.69,0.692,0.588,0.299,0.789,0.46,0.147,-0.235,0.602,-0.518,0.855,0.797,-0.352,0.815,0.028,0.684,0.607,-0.143,0.653,0.764,0.455,0.855,0.873,0.749,0.571,-0.003,-0.191,0.837,0.675,0.608,0.526,0.802,0.718,0.872,0.452,-0.381,0.153,0.509,0.774,0.861,0.805,-0.145,0.17,0.73,0.822,0.809,0.426,0.825,0.835,0.745,0.584,0.693,0.715,0.106,-0.151,0.584,0.296,0.391,0.534,0.283,0.79,0.632,0.644,0.882,-0.255,0.726,-0.425,0.648,0.727,0.519,0.665,0.851,-0.599,0.674,-0.443,0.149,0.363,0.542,0.803,0.598,-0.402,0.025,0.827,0.061,0.421,0.045,-0.037,0.771,0.307,0.643,0.563,0.499,0.409,0.112,0.69,0.735,0.603,0.731,0.815,0.555,0.277,-0.288,0.84,0.697,-0.413,0.372,0.796,0.835,0.762,0.844,0.85,0.659,0.467,0.568,-0.269,0.298,0.817,-0.374,0.543,0.479,0.62,0.722,0.746,0.193,0.842,-0.048,0.899,0.597,0.764,-0.083,0.354,0.639,0.597,0.32,-0.203,0.705,0.688,0.713,0.728,0.746,0.437,0.005,0.844,0.662,0.12,0.498,0.813,0.574,0.628,0.082,0.579,0.81,0.573,0.553,-0.35,0.87,0.609
AMBA,-0.139,0.733,-0.139,0.174,0.121,0.189,0.108,-0.06,-0.175,-0.564,0.311,-0.552,-0.074,0.0,-0.02,0.516,-0.483,0.499,-0.157,-0.101,-0.276,0.145,0.114,-0.295,-0.046,-0.3,-0.205,-0.326,-0.194,0.477,-0.342,-0.297,-0.392,0.272,-0.114,0.35,-0.082,-0.16,-0.51,-0.024,-0.058,-0.313,-0.261,0.341,-0.099,-0.184,0.313,-0.19,-0.359,-0.245,0.473,0.008,-0.013,-0.133,0.137,0.399,-0.472,0.334,-0.499,-0.516,0.197,0.491,-0.431,-0.11,-0.163,-0.327,-0.458,0.321,-0.448,0.399,-0.301,-0.371,-0.131,-0.303,0.021,-0.273,-0.265,-0.143,0.026,0.397,-0.114,-0.008,-0.169,-0.2,-0.465,0.372,-0.304,0.054,-0.469,-0.077,-0.065,-0.07,-0.2,-0.106,-0.059,-0.293,-0.022,-0.0,-0.039,0.116,0.232,-0.027,0.664,-0.386,-0.478,0.057,0.082,0.317,0.029,0.034,-0.183,0.13,-0.445,-0.237,-0.27,0.691,0.131,0.112,-0.368,-0.168,-0.577,0.232,0.391,0.359,0.106,-0.422,-0.545,0.286,0.128,0.403,-0.085,-0.194,-0.196,-0.344,0.017,-0.277,0.802,-0.171,-0.249,0.085,0.115,-0.381,-0.155,0.198,0.459,-0.043,-0.225,0.346,0.054,-0.429,-0.258,0.113,-0.304,-0.183,-0.085,-0.434,-0.249,0.468,0.68,-0.082,0.281,0.001,0.008,-0.441,-0.186,-0.266,0.54,0.199,-0.45,-0.131,0.296,-0.279,0.577,-0.466,-0.5,-0.208,0.519,-0.244,0.135,0.029,-0.119,0.39,-0.163,0.092,0.463,0.031,-0.115,0.503,0.239,-0.453,-0.041,-0.2,0.127,-0.194,-0.286,0.168,-0.222,0.146,-0.218,-0.114
AMCX,0.89,0.214,0.847,-0.005,-0.187,-0.067,0.693,0.488,-0.404,0.482,-0.24,-0.216,0.843,-0.02,0.0,0.692,0.53,0.094,0.713,0.846,-0.466,0.418,0.743,0.757,-0.007,0.818,0.339,0.251,0.807,0.088,0.533,0.77,0.761,0.838,0.79,0.763,0.878,0.516,0.638,0.775,0.793,0.852,0.455,0.821,0.838,0.681,0.194,0.88,0.607,0.1,-0.129,0.734,-0.564,0.859,0.836,-0.443,0.602,-0.009,0.403,0.405,-0.233,0.714,0.596,0.404,0.817,0.714,0.677,0.684,-0.273,-0.163,0.773,0.686,0.717,0.559,0.874,0.824,0.826,0.574,-0.497,0.309,0.468,0.705,0.757,0.852,-0.348,0.149,0.567,0.918,0.72,0.465,0.888,0.736,0.73,0.574,0.8,0.648,0.033,-0.131,0.542,0.349,0.61,0.683,0.422,0.708,0.447,0.636,0.868,-0.281,0.855,-0.426,0.74,0.903,0.441,0.495,0.706,-0.511,0.854,-0.547,-0.073,0.533,0.492,0.641,0.471,-0.369,0.288,0.693,-0.053,0.589,0.008,0.018,0.722,0.006,0.742,0.477,0.28,0.563,0.118,0.667,0.866,0.626,0.847,0.624,0.218,0.43,-0.313,0.83,0.805,-0.488,0.28,0.745,0.799,0.891,0.78,0.841,0.431,0.367,0.539,-0.228,0.425,0.783,-0.387,0.684,0.476,0.748,0.775,0.626,0.033,0.799,-0.097,0.831,0.54,0.771,0.072,0.072,0.607,0.495,0.329,-0.378,0.543,0.52,0.861,0.789,0.801,0.54,0.071,0.899,0.832,0.144,0.678,0.704,0.372,0.699,0.22,0.492,0.735,0.824,0.705,-0.42,0.8,0.565
AMKR,0.635,0.586,0.522,0.378,0.212,0.395,0.378,0.534,-0.078,-0.06,0.272,-0.355,0.573,0.516,0.692,0.0,0.223,0.527,0.376,0.438,-0.398,0.481,0.522,0.287,0.327,0.404,0.403,0.21,0.358,0.547,0.133,0.465,0.363,0.632,0.568,0.592,0.691,0.496,0.15,0.691,0.49,0.408,0.359,0.837,0.635,0.459,0.329,0.623,0.128,0.238,0.317,0.693,-0.194,0.546,0.544,0.108,0.198,0.437,-0.004,-0.003,0.254,0.734,0.073,0.415,0.517,0.378,0.359,0.6,-0.191,0.351,0.28,0.393,0.568,0.368,0.57,0.484,0.426,0.594,-0.075,0.663,0.555,0.485,0.441,0.449,-0.26,0.554,0.369,0.665,0.216,0.547,0.544,0.399,0.481,0.511,0.635,0.424,0.357,0.228,0.612,0.503,0.75,0.605,0.738,0.276,0.104,0.304,0.687,0.262,0.685,0.004,0.304,0.781,-0.068,0.391,0.5,0.05,0.591,-0.069,-0.444,0.442,0.134,0.608,0.529,0.148,0.314,0.327,-0.077,0.583,0.316,0.134,0.327,0.131,0.571,0.16,0.17,0.392,0.595,0.184,0.579,0.708,0.783,0.178,-0.03,0.621,0.269,0.435,0.497,0.094,0.434,0.224,0.334,0.778,0.379,0.46,0.463,0.193,0.119,0.358,0.825,0.399,0.112,0.584,0.523,0.288,0.487,0.197,0.494,0.702,-0.111,0.497,0.763,0.272,0.543,0.018,0.285,0.506,0.681,-0.14,0.395,0.284,0.535,0.735,0.501,0.595,0.506,0.632,0.441,0.247,0.475,0.242,0.339,0.595,0.478,0.181,0.292,0.743,0.412,0.066,0.49,0.119
AMRX,0.706,-0.384,0.579,-0.062,0.047,-0.021,0.151,0.5,0.026,0.72,0.077,0.504,0.56,-0.483,0.53,0.223,0.0,-0.202,0.53,0.509,0.239,0.318,0.372,0.612,0.154,0.731,0.44,0.713,0.498,-0.171,0.651,0.661,0.762,0.257,0.583,0.133,0.602,0.443,0.753,0.508,0.632,0.673,0.591,0.339,0.616,0.393,0.318,0.617,0.515,0.501,-0.318,0.325,-0.357,0.672,0.274,-0.428,0.742,-0.268,0.695,0.808,-0.125,0.156,0.622,0.336,0.431,0.682,0.624,0.244,0.488,-0.374,0.616,0.835,0.473,0.783,0.445,0.815,0.626,0.503,0.048,0.03,0.578,0.697,0.583,0.588,0.363,-0.236,0.669,0.419,0.606,0.307,0.581,0.545,0.619,0.754,0.502,0.815,0.299,0.086,0.445,-0.002,0.301,0.48,-0.101,0.806,0.773,0.261,0.391,-0.225,0.457,-0.191,0.478,0.523,0.668,0.809,0.737,-0.669,0.475,-0.238,0.111,0.381,0.883,0.195,0.156,-0.387,0.213,0.822,0.555,0.263,0.028,-0.338,0.385,0.469,0.561,0.35,0.176,0.73,-0.365,0.497,0.745,0.42,0.412,0.526,0.297,0.005,-0.178,0.463,0.656,-0.371,0.185,0.707,0.542,0.407,0.794,0.568,0.653,0.881,0.44,-0.32,-0.184,0.477,-0.01,0.371,0.604,0.59,0.791,0.472,-0.295,0.368,0.352,0.637,0.179,0.552,-0.384,0.698,0.753,0.723,-0.042,0.188,0.329,0.459,0.574,0.324,0.502,0.216,-0.321,0.484,0.477,-0.038,0.184,0.729,0.136,0.676,0.165,0.521,0.651,0.468,0.508,-0.267,0.729,0.445
ANSS,0.08,0.487,-0.006,0.462,0.438,0.639,0.016,0.401,0.366,-0.461,0.493,-0.099,0.233,0.499,0.094,0.527,-0.202,0.0,0.091,-0.19,-0.119,0.264,-0.037,-0.179,0.396,-0.138,0.333,0.174,-0.165,0.548,-0.309,-0.049,-0.237,0.093,0.054,0.117,0.212,0.285,-0.265,0.286,-0.034,-0.204,0.05,0.363,0.169,0.119,0.172,0.073,-0.384,0.254,0.5,0.335,0.353,-0.045,-0.021,0.595,-0.115,0.757,-0.196,-0.208,0.581,0.254,-0.307,0.442,0.151,-0.003,0.012,0.105,0.091,0.734,-0.234,-0.093,0.137,0.088,0.074,-0.096,-0.077,0.296,0.393,0.597,0.411,0.033,-0.079,-0.148,0.066,0.725,0.168,0.122,-0.201,0.361,-0.113,-0.093,-0.014,0.134,0.13,-0.022,0.489,0.472,0.467,0.538,0.421,0.098,0.365,-0.23,-0.114,-0.171,0.234,0.654,0.129,0.446,-0.241,0.162,-0.447,0.1,0.14,0.424,-0.107,0.49,-0.33,0.036,-0.183,0.394,0.384,0.593,0.072,-0.095,0.062,0.146,0.48,0.138,-0.157,0.355,0.149,-0.216,-0.017,-0.091,0.611,-0.362,0.01,0.482,0.317,-0.136,0.001,0.448,0.57,-0.105,-0.08,0.523,0.465,-0.29,-0.182,0.265,-0.106,-0.086,0.289,-0.007,-0.282,0.696,0.646,-0.14,0.41,0.185,0.279,-0.233,-0.157,-0.208,0.795,0.35,0.065,-0.04,0.512,-0.281,0.605,0.193,-0.189,0.32,0.61,0.282,0.098,-0.03,-0.047,0.167,0.027,0.367,0.622,0.041,-0.153,0.006,-0.208,-0.224,0.499,0.086,0.414,-0.045,-0.249,0.123,-0.018,0.53,0.104,-0.359
APPN,0.645,-0.043,0.877,-0.3,-0.353,-0.213,0.773,0.205,-0.407,0.594,-0.199,0.121,0.879,-0.157,0.713,0.376,0.53,0.091,0.0,0.739,-0.215,0.717,0.742,0.818,-0.246,0.83,0.215,0.503,0.851,-0.255,0.574,0.624,0.507,0.623,0.685,0.618,0.624,0.213,0.768,0.383,0.839,0.622,0.126,0.536,0.611,0.448,0.375,0.692,0.44,-0.025,-0.147,0.477,-0.498,0.825,0.745,-0.407,0.814,-0.118,0.654,0.635,-0.257,0.544,0.783,0.468,0.81,0.798,0.695,0.659,0.003,-0.277,0.836,0.513,0.438,0.331,0.78,0.63,0.841,0.298,-0.416,-0.032,0.319,0.702,0.823,0.807,-0.176,-0.032,0.669,0.692,0.836,0.309,0.673,0.802,0.732,0.554,0.522,0.717,0.01,-0.327,0.438,0.261,0.18,0.427,0.213,0.794,0.466,0.748,0.718,-0.425,0.625,-0.488,0.64,0.621,0.6,0.486,0.795,-0.663,0.549,-0.472,0.367,0.258,0.421,0.723,0.604,-0.486,-0.194,0.802,-0.03,0.44,-0.099,0.082,0.754,0.207,0.499,0.582,0.541,0.227,0.025,0.7,0.615,0.416,0.564,0.819,0.698,0.168,-0.4,0.802,0.52,-0.478,0.27,0.741,0.873,0.65,0.721,0.764,0.619,0.419,0.614,-0.367,0.183,0.858,-0.435,0.348,0.351,0.559,0.648,0.855,0.112,0.772,-0.162,0.859,0.489,0.73,-0.207,0.3,0.629,0.482,0.221,-0.138,0.637,0.76,0.568,0.617,0.66,0.221,-0.038,0.694,0.559,0.07,0.484,0.709,0.54,0.51,-0.12,0.583,0.851,0.403,0.496,-0.459,0.799,0.63
APTO,0.691,0.025,0.836,-0.381,-0.496,-0.446,0.788,0.186,-0.68,0.624,-0.411,-0.253,0.766,-0.101,0.846,0.438,0.509,-0.19,0.739,0.0,-0.283,0.411,0.78,0.835,-0.347,0.833,0.006,0.149,0.881,-0.308,0.659,0.653,0.708,0.818,0.666,0.794,0.631,0.175,0.739,0.448,0.868,0.79,0.235,0.577,0.637,0.519,0.293,0.699,0.69,-0.223,-0.325,0.455,-0.78,0.845,0.846,-0.701,0.638,-0.365,0.545,0.435,-0.571,0.7,0.764,0.26,0.71,0.698,0.531,0.722,-0.36,-0.519,0.882,0.6,0.463,0.417,0.847,0.763,0.776,0.247,-0.662,-0.024,0.157,0.71,0.808,0.895,-0.471,-0.201,0.47,0.816,0.724,0.145,0.879,0.828,0.642,0.525,0.555,0.551,-0.309,-0.492,0.229,-0.002,0.223,0.634,0.355,0.783,0.435,0.838,0.717,-0.629,0.725,-0.734,0.786,0.724,0.688,0.449,0.59,-0.583,0.891,-0.798,0.225,0.256,0.448,0.563,0.387,-0.7,0.056,0.688,-0.25,0.616,-0.317,0.176,0.8,-0.164,0.52,0.547,0.532,0.386,-0.047,0.896,0.719,0.274,0.563,0.727,0.451,0.053,-0.576,0.916,0.685,-0.689,-0.098,0.822,0.888,0.681,0.772,0.826,0.335,0.228,0.745,-0.578,0.156,0.867,-0.622,0.405,0.198,0.698,0.813,0.77,-0.097,0.624,-0.33,0.868,0.315,0.855,-0.264,-0.013,0.556,0.272,0.122,-0.479,0.659,0.678,0.747,0.78,0.678,0.201,-0.259,0.838,0.807,0.325,0.809,0.735,0.211,0.501,-0.151,0.56,0.852,0.658,0.561,-0.707,0.722,0.799
ARCT,-0.347,-0.343,-0.274,-0.209,0.035,0.022,-0.586,-0.08,0.299,0.004,0.394,0.426,-0.313,-0.276,-0.466,-0.398,0.239,-0.119,-0.215,-0.283,0.0,-0.014,-0.465,-0.291,0.026,-0.195,-0.206,0.304,-0.395,-0.234,-0.015,-0.405,-0.234,-0.538,-0.407,-0.416,-0.399,-0.347,-0.029,-0.342,-0.115,-0.392,-0.174,-0.481,-0.356,-0.483,0.45,-0.447,-0.199,0.059,-0.008,-0.506,0.186,-0.198,-0.597,0.066,-0.06,-0.282,0.114,0.112,-0.028,-0.458,-0.14,0.091,-0.472,-0.154,-0.322,-0.219,0.544,-0.134,-0.297,-0.017,-0.542,0.072,-0.465,-0.022,-0.384,-0.291,0.607,-0.176,0.061,-0.142,-0.285,-0.293,0.479,-0.363,-0.108,-0.569,-0.307,-0.314,-0.43,-0.284,-0.248,0.064,-0.596,-0.083,0.247,0.036,-0.267,-0.467,-0.355,-0.22,-0.245,0.0,0.15,-0.24,-0.535,-0.011,-0.51,0.153,-0.475,-0.433,0.136,0.232,-0.08,0.113,-0.393,0.318,0.348,-0.518,0.173,-0.559,-0.358,-0.025,-0.364,-0.023,0.309,-0.109,-0.241,-0.026,-0.475,0.389,-0.391,-0.319,0.151,-0.148,-0.319,-0.17,-0.29,-0.37,-0.539,-0.22,0.016,-0.569,0.181,-0.381,-0.454,0.226,-0.355,-0.231,-0.316,-0.574,-0.11,-0.465,0.22,0.271,0.014,0.011,-0.413,-0.32,0.447,-0.643,-0.135,-0.335,-0.008,-0.158,-0.174,-0.519,0.124,-0.241,-0.412,-0.413,-0.439,0.504,-0.08,0.123,-0.053,0.718,-0.242,0.033,-0.534,-0.412,-0.494,-0.612,-0.22,-0.441,-0.488,-0.12,-0.461,-0.175,-0.353,-0.209,-0.283,-0.055,-0.229,-0.272,-0.419,0.084,-0.183,-0.122
ARWR,0.434,0.266,0.671,-0.056,-0.167,0.135,0.491,0.106,-0.187,0.165,0.293,0.084,0.591,0.145,0.418,0.481,0.318,0.264,0.717,0.411,-0.014,0.0,0.66,0.402,0.006,0.524,0.225,0.511,0.49,0.134,0.263,0.339,0.174,0.368,0.472,0.416,0.397,0.082,0.369,0.247,0.671,0.192,-0.036,0.456,0.43,0.115,0.585,0.472,-0.045,0.026,0.284,0.421,-0.165,0.63,0.453,0.029,0.485,0.133,0.295,0.306,0.102,0.453,0.359,0.636,0.558,0.593,0.439,0.699,0.115,0.054,0.415,0.209,0.23,0.058,0.547,0.388,0.528,0.283,-0.134,0.3,0.36,0.499,0.557,0.546,-0.095,0.125,0.457,0.386,0.428,0.413,0.367,0.475,0.647,0.555,0.288,0.564,0.346,-0.155,0.367,0.308,0.25,0.314,0.507,0.543,0.152,0.492,0.505,-0.109,0.418,-0.182,0.203,0.493,0.224,0.345,0.653,-0.275,0.273,-0.078,0.155,0.07,0.112,0.596,0.556,-0.151,-0.347,0.54,-0.079,0.428,0.076,0.179,0.368,0.314,0.297,0.401,0.478,-0.02,0.249,0.347,0.377,0.352,0.485,0.508,0.537,0.259,0.083,0.467,0.162,0.034,0.397,0.285,0.498,0.472,0.396,0.388,0.712,0.304,0.34,0.063,0.491,0.614,0.029,0.128,0.394,0.13,0.442,0.547,0.411,0.547,-0.227,0.568,0.654,0.286,0.053,0.23,0.467,0.401,0.599,0.086,0.478,0.651,0.235,0.487,0.449,0.119,0.392,0.376,0.147,0.108,0.296,0.351,0.421,0.502,0.01,0.345,0.512,0.259,0.242,-0.144,0.49,0.252
ASND,0.66,0.223,0.838,-0.192,-0.391,-0.261,0.839,0.153,-0.599,0.484,-0.215,-0.124,0.734,0.114,0.743,0.522,0.372,-0.037,0.742,0.78,-0.465,0.66,0.0,0.747,-0.228,0.743,0.159,0.22,0.812,-0.029,0.545,0.646,0.577,0.787,0.736,0.731,0.613,0.22,0.572,0.425,0.841,0.657,0.169,0.666,0.584,0.469,0.287,0.711,0.424,-0.098,-0.079,0.549,-0.62,0.806,0.867,-0.448,0.606,-0.145,0.439,0.4,-0.296,0.709,0.654,0.31,0.743,0.707,0.583,0.774,-0.29,-0.318,0.778,0.407,0.5,0.25,0.869,0.613,0.768,0.311,-0.639,0.135,0.14,0.76,0.795,0.81,-0.45,-0.022,0.423,0.783,0.654,0.325,0.807,0.78,0.761,0.52,0.657,0.619,-0.102,-0.379,0.321,0.166,0.303,0.572,0.439,0.7,0.292,0.746,0.751,-0.415,0.746,-0.574,0.697,0.736,0.481,0.359,0.627,-0.454,0.756,-0.599,0.089,0.311,0.262,0.701,0.523,-0.465,0.066,0.636,-0.242,0.486,-0.1,0.108,0.791,-0.072,0.514,0.593,0.447,0.286,0.104,0.76,0.633,0.355,0.675,0.669,0.425,0.251,-0.313,0.858,0.608,-0.478,0.249,0.676,0.776,0.719,0.653,0.771,0.443,0.267,0.616,-0.345,0.367,0.878,-0.391,0.505,0.356,0.527,0.673,0.697,0.133,0.733,-0.328,0.792,0.563,0.763,-0.029,-0.087,0.572,0.25,0.286,-0.515,0.728,0.7,0.742,0.778,0.739,0.343,0.043,0.741,0.683,0.387,0.768,0.648,0.368,0.542,0.033,0.488,0.768,0.559,0.524,-0.526,0.657,0.656
ASTH,0.702,-0.296,0.879,-0.413,-0.422,-0.451,0.801,0.314,-0.545,0.84,-0.424,0.123,0.869,-0.295,0.757,0.287,0.612,-0.179,0.818,0.835,-0.291,0.402,0.747,0.0,-0.344,0.917,0.183,0.412,0.927,-0.437,0.743,0.747,0.748,0.688,0.77,0.611,0.695,0.233,0.916,0.436,0.84,0.833,0.279,0.508,0.578,0.607,0.185,0.725,0.674,-0.008,-0.526,0.404,-0.735,0.859,0.831,-0.691,0.899,-0.346,0.844,0.748,-0.454,0.569,0.963,0.176,0.795,0.855,0.727,0.485,-0.051,-0.581,0.983,0.695,0.538,0.502,0.793,0.728,0.895,0.237,-0.575,-0.218,0.266,0.789,0.937,0.869,-0.218,-0.17,0.685,0.789,0.912,0.182,0.866,0.93,0.706,0.489,0.641,0.711,-0.214,-0.39,0.375,0.009,0.119,0.5,0.045,0.892,0.69,0.759,0.758,-0.572,0.674,-0.68,0.815,0.61,0.778,0.596,0.747,-0.772,0.731,-0.712,0.388,0.332,0.617,0.619,0.437,-0.683,0.022,0.864,0.033,0.323,-0.219,-0.06,0.898,0.122,0.577,0.648,0.574,0.445,-0.171,0.884,0.693,0.333,0.541,0.906,0.607,0.013,-0.622,0.91,0.751,-0.712,0.133,0.964,0.94,0.614,0.89,0.918,0.495,0.46,0.722,-0.648,-0.07,0.9,-0.606,0.461,0.28,0.751,0.78,0.875,-0.165,0.691,-0.083,0.938,0.333,0.948,-0.401,0.258,0.688,0.447,-0.044,-0.369,0.743,0.725,0.756,0.663,0.734,0.269,-0.369,0.829,0.783,0.213,0.63,0.925,0.413,0.49,-0.146,0.626,0.948,0.468,0.569,-0.613,0.842,0.816
ATSG,0.227,0.161,-0.135,0.908,0.785,0.866,-0.485,0.473,0.817,-0.342,0.586,0.227,-0.095,-0.046,-0.007,0.327,0.154,0.396,-0.246,-0.347,0.026,0.006,-0.228,-0.344,0.0,-0.114,0.777,0.303,-0.32,0.694,-0.259,0.254,0.141,-0.294,0.175,-0.421,0.27,0.705,-0.196,0.468,-0.271,-0.011,0.623,0.173,0.325,0.27,-0.174,0.272,-0.304,0.787,0.505,0.519,0.687,-0.115,-0.362,0.574,-0.107,0.748,-0.233,-0.087,0.833,-0.257,-0.42,0.427,0.022,0.008,0.274,-0.216,0.49,0.719,-0.357,0.177,0.455,0.331,-0.13,0.011,-0.096,0.722,0.576,0.649,0.584,-0.127,-0.223,-0.181,0.58,0.681,0.187,-0.067,-0.195,0.708,-0.16,-0.338,0.151,0.298,0.321,0.187,0.768,0.903,0.563,0.637,0.605,0.212,0.084,-0.193,0.002,-0.595,0.066,0.816,0.196,0.835,-0.2,0.167,-0.468,0.195,0.195,0.107,-0.227,0.705,-0.676,0.515,0.177,0.008,-0.07,0.704,0.419,-0.001,0.652,-0.169,0.761,-0.369,-0.36,0.439,0.456,-0.07,-0.442,0.418,0.062,-0.562,0.268,0.587,0.335,-0.283,-0.409,0.665,0.621,-0.433,0.178,0.611,0.601,-0.237,-0.333,0.239,-0.108,-0.103,0.193,0.321,-0.496,0.704,0.321,-0.413,0.555,0.443,0.48,-0.012,-0.084,-0.42,0.318,-0.059,0.678,-0.233,0.401,-0.318,0.583,0.388,0.258,0.462,0.309,0.407,-0.346,-0.415,0.069,-0.166,0.098,0.574,0.525,-0.201,-0.156,-0.37,-0.39,-0.094,0.304,0.498,0.846,-0.075,-0.33,0.107,0.239,0.776,-0.045,-0.65
AVTX,0.835,-0.2,0.934,-0.217,-0.282,-0.24,0.673,0.4,-0.36,0.754,-0.185,0.137,0.863,-0.3,0.818,0.404,0.731,-0.138,0.83,0.833,-0.195,0.524,0.743,0.917,-0.114,0.0,0.375,0.536,0.906,-0.263,0.722,0.837,0.802,0.639,0.822,0.563,0.776,0.398,0.919,0.558,0.873,0.852,0.421,0.59,0.749,0.625,0.306,0.84,0.587,0.155,-0.319,0.537,-0.593,0.926,0.758,-0.559,0.892,-0.213,0.773,0.752,-0.299,0.528,0.87,0.416,0.838,0.898,0.805,0.583,0.077,-0.428,0.922,0.771,0.646,0.587,0.819,0.823,0.926,0.441,-0.419,-0.025,0.454,0.808,0.9,0.922,-0.116,-0.062,0.748,0.776,0.886,0.394,0.858,0.897,0.833,0.643,0.689,0.818,0.028,-0.216,0.511,0.17,0.293,0.586,0.201,0.929,0.686,0.687,0.798,-0.434,0.773,-0.502,0.776,0.725,0.716,0.675,0.852,-0.776,0.737,-0.55,0.241,0.44,0.686,0.602,0.483,-0.562,0.045,0.924,0.175,0.389,-0.065,-0.088,0.814,0.236,0.704,0.647,0.51,0.534,-0.192,0.804,0.819,0.503,0.676,0.863,0.55,0.191,-0.442,0.831,0.772,-0.54,0.253,0.926,0.92,0.717,0.91,0.919,0.609,0.584,0.647,-0.471,0.066,0.868,-0.463,0.527,0.43,0.75,0.861,0.854,-0.122,0.677,0.053,0.938,0.461,0.867,-0.296,0.366,0.788,0.598,0.159,-0.213,0.641,0.73,0.769,0.706,0.773,0.355,-0.189,0.782,0.747,0.14,0.587,0.919,0.459,0.69,0.029,0.638,0.933,0.551,0.688,-0.457,0.88,0.692
BCPC,0.606,-0.05,0.323,0.714,0.59,0.677,-0.049,0.656,0.605,0.081,0.427,0.396,0.363,-0.205,0.339,0.403,0.44,0.333,0.215,0.006,-0.206,0.225,0.159,0.183,0.777,0.375,0.0,0.602,0.178,0.483,0.05,0.642,0.483,-0.001,0.605,-0.189,0.617,0.85,0.274,0.648,0.129,0.388,0.75,0.417,0.627,0.519,-0.13,0.662,-0.081,0.844,0.258,0.709,0.382,0.311,0.049,0.331,0.397,0.625,0.238,0.362,0.671,-0.049,0.101,0.516,0.452,0.485,0.696,-0.024,0.552,0.453,0.145,0.49,0.771,0.503,0.263,0.308,0.435,0.868,0.281,0.494,0.752,0.286,0.241,0.24,0.53,0.609,0.599,0.283,0.317,0.874,0.262,0.164,0.564,0.485,0.664,0.576,0.719,0.751,0.822,0.728,0.638,0.327,0.072,0.263,0.387,-0.268,0.483,0.565,0.496,0.541,0.193,0.445,-0.134,0.44,0.614,-0.358,0.061,0.433,-0.485,0.725,0.471,0.398,0.287,0.401,0.382,0.464,0.722,-0.136,0.769,-0.54,0.127,0.599,0.738,0.311,-0.228,0.602,-0.063,-0.151,0.59,0.823,0.655,0.235,0.009,0.749,0.359,-0.003,0.537,0.315,0.83,0.256,0.15,0.544,0.327,0.381,0.48,0.588,-0.221,0.417,0.267,0.047,0.219,0.704,0.721,0.318,0.223,0.049,0.216,0.322,0.754,0.24,0.632,0.154,0.369,0.555,0.588,0.706,0.294,0.209,-0.001,-0.013,0.443,0.149,0.508,0.783,0.376,0.14,0.186,-0.304,-0.166,0.41,0.581,0.762,0.817,0.176,0.149,0.213,0.613,0.548,0.396,-0.294
BEAM,0.492,-0.347,0.476,0.077,0.267,0.318,0.054,0.551,0.325,0.418,0.458,0.716,0.525,-0.326,0.251,0.21,0.713,0.174,0.503,0.149,0.304,0.511,0.22,0.412,0.303,0.536,0.602,0.0,0.31,-0.001,0.354,0.451,0.395,-0.07,0.518,-0.127,0.468,0.379,0.559,0.343,0.442,0.278,0.404,0.193,0.41,0.174,0.429,0.444,-0.02,0.644,-0.061,0.264,0.055,0.492,0.047,0.096,0.688,0.132,0.643,0.726,0.327,-0.05,0.451,0.481,0.368,0.684,0.586,0.099,0.78,0.015,0.356,0.593,0.351,0.526,0.225,0.473,0.513,0.491,0.354,0.138,0.674,0.544,0.451,0.345,0.627,0.073,0.662,0.161,0.479,0.492,0.291,0.388,0.519,0.616,0.331,0.723,0.648,0.332,0.59,0.202,0.214,0.155,-0.063,0.611,0.676,0.028,0.349,0.149,0.236,0.139,0.113,0.258,0.302,0.734,0.801,-0.532,0.051,0.232,0.062,0.216,0.658,0.361,0.336,-0.017,-0.085,0.749,0.663,-0.012,0.366,-0.456,0.217,0.884,0.405,0.293,0.182,0.412,-0.192,0.157,0.458,0.505,0.344,0.502,0.416,0.123,0.213,0.174,0.339,0.09,0.529,0.421,0.323,0.251,0.545,0.348,0.875,0.825,0.131,0.06,-0.025,0.289,0.252,0.222,0.673,0.185,0.441,0.367,0.061,0.319,0.465,0.477,0.437,0.22,-0.199,0.865,0.601,0.788,0.252,0.48,0.244,0.458,0.222,0.154,0.323,0.227,0.001,0.199,0.037,-0.195,-0.186,0.571,0.377,0.618,0.26,0.411,0.415,0.089,0.275,0.142,0.583,0.076
BILI,0.725,-0.114,0.93,-0.337,-0.422,-0.399,0.858,0.166,-0.584,0.691,-0.41,-0.049,0.832,-0.194,0.807,0.358,0.498,-0.165,0.851,0.881,-0.395,0.49,0.812,0.927,-0.32,0.906,0.178,0.31,0.0,-0.34,0.647,0.765,0.692,0.734,0.806,0.708,0.669,0.286,0.856,0.407,0.837,0.803,0.242,0.585,0.668,0.598,0.229,0.784,0.605,-0.1,-0.3,0.507,-0.693,0.885,0.876,-0.611,0.797,-0.272,0.671,0.604,-0.428,0.608,0.88,0.258,0.841,0.808,0.724,0.656,-0.194,-0.467,0.952,0.597,0.572,0.378,0.88,0.7,0.932,0.304,-0.633,-0.126,0.206,0.736,0.901,0.94,-0.363,-0.107,0.627,0.824,0.903,0.282,0.857,0.923,0.725,0.461,0.654,0.691,-0.217,-0.401,0.394,0.155,0.184,0.523,0.217,0.839,0.48,0.83,0.798,-0.574,0.747,-0.658,0.848,0.68,0.679,0.419,0.726,-0.737,0.758,-0.701,0.315,0.351,0.446,0.679,0.549,-0.614,-0.014,0.81,-0.1,0.421,-0.166,0.043,0.945,-0.013,0.6,0.689,0.549,0.354,-0.12,0.867,0.717,0.386,0.625,0.86,0.571,0.162,-0.601,0.899,0.703,-0.665,0.173,0.892,0.974,0.719,0.778,0.918,0.447,0.319,0.678,-0.549,0.099,0.933,-0.665,0.494,0.245,0.721,0.73,0.897,-0.093,0.716,-0.177,0.926,0.419,0.916,-0.27,0.081,0.67,0.395,0.086,-0.441,0.649,0.719,0.753,0.738,0.745,0.305,-0.211,0.8,0.781,0.207,0.719,0.834,0.429,0.536,-0.092,0.601,0.939,0.492,0.625,-0.612,0.784,0.755
BJRI,0.206,0.689,-0.13,0.81,0.568,0.813,-0.277,0.341,0.469,-0.616,0.581,-0.191,-0.101,0.477,0.088,0.547,-0.171,0.548,-0.255,-0.308,-0.234,0.134,-0.029,-0.437,0.694,-0.263,0.483,-0.001,-0.34,0.0,-0.435,0.014,-0.089,0.005,0.074,-0.07,0.216,0.475,-0.51,0.425,-0.212,-0.155,0.295,0.418,0.246,0.045,-0.025,0.163,-0.4,0.442,0.682,0.476,0.512,-0.097,-0.153,0.669,-0.39,0.746,-0.562,-0.406,0.701,0.051,-0.606,0.282,-0.039,-0.171,-0.039,0.092,0.019,0.795,-0.455,-0.076,0.317,-0.007,-0.06,-0.077,-0.158,0.538,0.343,0.857,0.439,-0.15,-0.284,-0.219,0.112,0.688,-0.08,0.002,-0.376,0.571,-0.116,-0.369,0.075,0.12,0.263,-0.028,0.635,0.643,0.384,0.615,0.763,0.16,0.496,-0.348,-0.304,-0.428,0.142,0.744,0.146,0.633,-0.311,0.318,-0.677,-0.098,0.008,0.447,-0.092,0.57,-0.759,0.329,-0.221,0.099,0.12,0.722,0.402,-0.262,0.119,0.073,0.616,-0.116,-0.365,0.154,0.243,-0.217,-0.457,0.175,0.474,-0.54,0.12,0.515,0.449,-0.443,-0.505,0.707,0.733,-0.311,0.007,0.66,0.601,-0.452,-0.39,0.288,-0.26,-0.211,0.085,-0.003,-0.479,0.845,0.725,-0.307,0.585,0.364,0.457,-0.197,-0.156,-0.479,0.476,0.095,0.218,-0.249,0.507,-0.402,0.843,-0.078,-0.084,0.189,0.598,0.137,-0.27,-0.31,0.054,0.054,0.083,0.536,0.815,-0.111,-0.15,-0.087,-0.174,-0.338,0.117,0.348,0.755,-0.24,-0.445,0.264,0.117,0.608,-0.133,-0.587
BLUE,0.514,-0.278,0.615,-0.374,-0.337,-0.456,0.471,0.183,-0.413,0.848,-0.334,0.234,0.564,-0.342,0.533,0.133,0.651,-0.309,0.574,0.659,-0.015,0.263,0.545,0.743,-0.259,0.722,0.05,0.354,0.647,-0.435,0.0,0.569,0.697,0.509,0.49,0.427,0.455,0.169,0.765,0.33,0.706,0.705,0.33,0.317,0.428,0.46,0.23,0.505,0.703,0.083,-0.512,0.233,-0.656,0.674,0.559,-0.733,0.708,-0.492,0.698,0.719,-0.476,0.391,0.762,0.069,0.517,0.6,0.502,0.365,0.043,-0.628,0.773,0.648,0.342,0.553,0.591,0.707,0.591,0.135,-0.354,-0.245,0.136,0.717,0.715,0.682,-0.112,-0.342,0.466,0.578,0.64,-0.022,0.634,0.672,0.555,0.565,0.445,0.645,-0.209,-0.344,0.237,-0.191,0.028,0.475,-0.135,0.776,0.622,0.604,0.396,-0.549,0.5,-0.572,0.697,0.469,0.862,0.598,0.54,-0.61,0.622,-0.624,0.387,0.261,0.705,0.225,0.127,-0.599,0.132,0.698,0.123,0.353,-0.357,-0.03,0.622,0.051,0.422,0.364,0.476,0.509,-0.299,0.724,0.585,0.128,0.264,0.629,0.406,-0.178,-0.548,0.694,0.615,-0.694,-0.102,0.774,0.696,0.374,0.753,0.661,0.413,0.564,0.731,-0.638,-0.261,0.671,-0.355,0.302,0.237,0.688,0.777,0.614,-0.314,0.457,-0.041,0.696,0.009,0.755,-0.449,0.305,0.607,0.37,-0.245,-0.194,0.568,0.547,0.613,0.421,0.517,0.053,-0.489,0.626,0.669,0.212,0.519,0.698,0.223,0.362,-0.176,0.555,0.765,0.468,0.413,-0.574,0.675,0.756
