,AAL,AAON,ACB,ACGL,ACGLO,ACIW,ADBE,ADSK,AEP,AGIO,ALEC,ALNY,ALTR,AMBA,AMCX,AMKR,AMRX,ANSS,APPN,APTO,ARCT,ARWR,ASND,ASTH,ATSG,AVTX,BCPC,BEAM,BILI,BJRI,BLUE,BPOP,BRKL,BWIN,BZUN,CARG,CBRL,CBSH,CBUS,CENTA,CERS,CFFN,CHCO,CHEF,CHRD,CINF,CLLS,CMCO,CMCSA,COLL,COMM,COOP,CPB,CRON,CROX,CRUS,CRWD,CTAS,CYBR,CYTK,DGII,DIOD,DOMO,DPZ,DSGR,DXCM,ERIE,ESTA,EXEL,FAST,FCEL,FCFS,FHB,FITBI,FSV,FTDR,FUTU,GLDD,GLPG,GLPI,GOGO,GOSS,GSAT,GYRE,HALO,HAS,HLIT,HLNE,HSDT,HSIC,HTHT,ICHR,IDYA,IMVT,INDB,INSM,IONS,IOSP,ITRI,JBHT,JBLU,JSM,KLIC,KOD,KURA,LAB,LASR,LIN,LKQ,LNT,MBUU,MCRI,MDGL,MEDP,MGNI,MGPI,MGRC,MKTX,MRNA,MRTN,MSEX,MSFT,MU,NAVI,NBTB,NEO,NEOG,NGNE,NSSC,NTAP,NTES,NTLA,NTRS,NYMTN,OBLG,OCFC,ON,ONC,OPI,OSIS,OSW,PALI,PANW,PCAR,PCRX,PCTY,PEBO,PLAB,PLAY,PLMR,PLSE,PLUS,PRTA,PSEC,PSNL,PTCT,PTON,QNST,QRVO,QTTB,RARE,RBCAA,RGNX,SAIC,SGMO,SINT,SNPS,SPSC,SPTN,SSYS,STNE,TBBK,TCPC,TENB,TGTX,TREE,TRUP,TTWO,TW,TXG,UBSI,UCTT,UFPT,UMBF,UPBD,URBN,VBTX,VCTR,VEON,VNET,VRSK,VSEC,WABC,WTFCM,WVE,WW,WWD,XEL,ZD,ZYME
AAL,0.0,-0.068,0.189,0.668,0.287,0.003,0.244,0.682,0.153,-0.534,-0.323,0.131,0.555,0.336,0.139,0.788,0.724,0.686,0.269,-0.064,0.449,0.38,-0.105,0.358,0.648,0.047,0.601,0.305,-0.257,0.355,0.034,0.663,0.341,0.407,-0.303,0.301,0.319,0.288,-0.334,0.004,0.274,0.248,0.562,0.305,0.39,0.002,0.084,0.398,0.534,0.351,0.211,0.554,-0.59,0.215,0.654,0.256,0.412,0.356,0.421,0.155,0.777,0.716,0.467,0.448,0.366,0.186,0.143,0.207,0.161,0.156,0.088,0.683,0.303,-0.016,0.388,0.847,-0.101,0.641,0.146,0.543,0.451,0.456,0.042,-0.055,0.133,0.55,0.837,0.564,-0.212,0.614,-0.225,0.403,0.68,0.463,0.225,-0.192,0.418,0.155,0.608,0.382,0.495,-0.149,0.624,0.192,0.286,0.593,0.478,0.751,0.573,0.067,0.37,0.497,-0.257,-0.227,0.554,0.185,0.342,0.483,0.223,-0.069,0.069,0.339,0.255,0.331,0.257,0.443,-0.173,-0.135,0.451,0.16,-0.425,0.222,0.42,0.267,0.243,0.325,0.474,-0.277,0.515,0.329,0.679,0.168,0.122,-0.137,0.755,0.514,0.746,0.506,0.412,0.56,0.508,0.437,-0.013,0.786,0.233,-0.392,0.381,0.67,0.554,0.381,-0.098,0.486,-0.086,0.095,0.233,0.503,0.684,0.576,0.508,0.193,0.18,0.5,0.624,0.621,0.031,0.512,0.571,0.355,0.431,0.514,0.414,0.746,0.406,0.507,0.778,0.249,0.267,-0.313,-0.048,-0.034,-0.045,0.237,0.182,0.213,-0.488,0.236,0.718,-0.246,0.581,-0.171
AAON,-0.068,0.0,0.812,0.383,0.732,0.886,-0.748,-0.537,-0.581,0.742,0.326,-0.463,0.562,0.795,0.806,-0.024,0.38,-0.453,0.761,0.875,0.504,0.118,0.846,-0.656,-0.02,0.819,0.169,0.658,0.603,0.609,0.883,0.45,0.755,0.448,0.697,-0.707,0.702,0.565,0.672,0.741,0.704,0.693,-0.088,0.74,0.724,0.333,0.792,0.74,-0.118,-0.692,0.79,-0.344,0.501,0.805,-0.57,0.381,0.03,-0.117,-0.546,-0.644,0.116,0.419,-0.616,-0.751,0.14,-0.556,0.815,0.809,0.843,-0.556,0.875,-0.047,0.591,0.576,-0.613,0.286,0.739,-0.151,0.799,-0.446,0.661,0.739,0.843,0.177,0.793,-0.148,0.113,0.022,0.722,-0.279,0.746,0.702,-0.43,0.59,0.691,0.826,0.611,0.689,0.566,-0.041,0.711,-0.129,0.317,0.809,0.747,-0.212,0.681,-0.447,0.004,-0.767,-0.693,0.674,0.803,0.194,0.638,0.835,0.629,-0.271,-0.792,0.711,-0.786,-0.761,0.743,-0.607,0.696,0.277,0.858,0.815,0.695,0.876,0.503,0.757,0.641,0.694,0.804,0.728,0.611,0.629,-0.231,0.67,-0.102,0.384,-0.601,0.314,-0.064,-0.328,0.156,-0.559,0.619,-0.087,-0.379,-0.577,0.651,0.297,0.798,0.706,0.31,0.268,0.44,0.655,0.89,-0.665,0.778,0.046,0.753,0.362,-0.296,0.505,-0.398,0.816,0.834,0.432,-0.257,-0.419,0.765,0.597,0.361,0.507,-0.267,0.566,0.574,0.359,-0.172,0.498,-0.378,0.728,0.678,0.738,0.777,0.799,-0.742,-0.788,0.49,0.675,0.669,0.823,0.535,-0.62,-0.266,0.536
ACB,0.189,0.812,0.0,0.531,0.772,0.903,-0.776,-0.435,-0.595,0.559,0.221,-0.596,0.723,0.956,0.952,0.171,0.555,-0.341,0.872,0.902,0.519,0.256,0.851,-0.655,0.196,0.924,0.154,0.794,0.609,0.866,0.927,0.718,0.874,0.41,0.692,-0.64,0.876,0.672,0.557,0.857,0.831,0.749,0.008,0.8,0.887,0.375,0.895,0.875,-0.039,-0.658,0.898,-0.341,0.288,0.979,-0.437,0.563,0.102,-0.214,-0.505,-0.724,0.213,0.6,-0.575,-0.614,0.04,-0.637,0.803,0.931,0.938,-0.744,0.96,0.08,0.767,0.587,-0.612,0.516,0.761,-0.09,0.919,-0.429,0.873,0.832,0.943,0.25,0.922,0.015,0.397,0.187,0.717,-0.261,0.708,0.892,-0.22,0.721,0.803,0.86,0.691,0.783,0.776,0.129,0.894,-0.16,0.6,0.916,0.833,-0.142,0.789,-0.345,0.05,-0.864,-0.623,0.811,0.809,0.155,0.757,0.949,0.844,-0.168,-0.822,0.786,-0.749,-0.709,0.91,-0.513,0.753,0.357,0.862,0.834,0.741,0.893,0.426,0.83,0.82,0.796,0.917,0.854,0.794,0.631,-0.179,0.781,0.118,0.634,-0.727,0.414,0.093,-0.412,0.32,-0.365,0.897,-0.152,-0.27,-0.569,0.597,0.591,0.903,0.59,0.266,0.411,0.643,0.82,0.904,-0.589,0.755,-0.055,0.844,0.582,-0.205,0.516,-0.334,0.939,0.915,0.616,-0.005,-0.362,0.803,0.747,0.336,0.773,-0.268,0.648,0.767,0.55,-0.282,0.609,-0.273,0.938,0.806,0.693,0.834,0.887,-0.925,-0.627,0.523,0.724,0.513,0.902,0.661,-0.754,-0.308,0.408
ACGL,0.668,0.383,0.531,0.0,0.483,0.449,-0.32,0.192,-0.168,-0.11,-0.226,-0.244,0.652,0.656,0.593,0.457,0.845,0.226,0.603,0.436,0.76,0.455,0.442,-0.186,0.365,0.449,0.658,0.772,0.159,0.555,0.523,0.741,0.69,0.699,0.131,-0.157,0.613,0.62,-0.176,0.456,0.733,0.596,0.425,0.557,0.535,0.085,0.476,0.732,0.243,-0.035,0.483,0.051,0.018,0.52,0.148,0.355,0.14,0.172,-0.148,-0.122,0.558,0.748,-0.065,-0.059,0.41,-0.298,0.7,0.621,0.51,-0.282,0.52,0.317,0.45,0.292,-0.154,0.699,0.401,0.27,0.498,0.043,0.739,0.731,0.388,-0.085,0.478,0.184,0.614,0.451,0.245,0.137,0.235,0.635,0.426,0.737,0.657,0.239,0.78,0.371,0.681,0.162,0.734,-0.143,0.79,0.485,0.756,0.305,0.77,0.289,0.222,-0.321,-0.099,0.652,0.084,-0.248,0.773,0.577,0.58,0.27,-0.193,0.217,-0.421,-0.215,0.519,-0.177,0.595,0.398,0.329,0.347,0.617,0.449,-0.081,0.637,0.618,0.553,0.626,0.635,0.5,0.096,0.339,0.492,0.484,0.346,-0.411,0.167,0.666,0.209,0.658,0.154,0.653,0.448,0.263,-0.032,0.128,0.74,0.694,0.025,0.452,0.707,0.525,0.746,0.394,0.054,0.391,0.007,0.729,0.665,0.251,0.757,0.258,0.605,0.604,0.489,0.233,0.244,0.409,0.72,0.673,0.719,0.1,0.674,0.701,0.641,-0.073,0.623,0.427,0.516,0.59,0.166,0.427,0.384,-0.441,-0.154,0.62,0.488,-0.142,0.666,0.752,-0.483,0.163,0.274
ACGLO,0.287,0.732,0.772,0.483,0.0,0.769,-0.502,-0.177,-0.334,0.362,0.347,-0.526,0.703,0.812,0.725,0.26,0.509,-0.045,0.716,0.719,0.374,0.064,0.59,-0.419,0.284,0.668,0.358,0.521,0.182,0.79,0.781,0.672,0.742,0.547,0.376,-0.664,0.711,0.46,0.558,0.658,0.56,0.583,0.046,0.737,0.87,0.258,0.616,0.798,0.361,-0.683,0.82,-0.1,0.195,0.801,-0.28,0.448,0.363,-0.103,-0.287,-0.701,0.274,0.598,-0.416,-0.356,-0.015,-0.345,0.654,0.812,0.836,-0.452,0.788,0.21,0.73,0.569,-0.433,0.584,0.414,0.035,0.79,-0.267,0.619,0.74,0.725,-0.138,0.816,0.316,0.442,0.138,0.453,0.029,0.437,0.741,-0.266,0.745,0.581,0.629,0.655,0.74,0.779,0.296,0.783,-0.123,0.345,0.788,0.651,0.037,0.694,-0.09,0.22,-0.631,-0.618,0.701,0.623,-0.004,0.749,0.734,0.622,-0.139,-0.711,0.737,-0.701,-0.429,0.743,-0.46,0.636,0.338,0.637,0.558,0.757,0.903,0.05,0.557,0.686,0.78,0.672,0.708,0.745,0.334,-0.316,0.831,0.064,0.254,-0.476,0.09,0.127,-0.285,0.307,-0.475,0.741,-0.032,-0.202,-0.449,0.629,0.476,0.651,0.438,0.197,0.261,0.52,0.494,0.69,-0.455,0.465,0.097,0.603,0.41,0.099,0.514,-0.32,0.737,0.791,0.628,0.087,-0.114,0.546,0.755,0.391,0.474,-0.148,0.579,0.623,0.497,-0.138,0.573,-0.126,0.744,0.675,0.531,0.695,0.589,-0.721,-0.696,0.346,0.808,0.226,0.8,0.746,-0.499,0.018,0.135
ACIW,0.003,0.886,0.903,0.449,0.769,0.0,-0.806,-0.581,-0.701,0.742,0.406,-0.631,0.598,0.874,0.917,-0.101,0.395,-0.454,0.851,0.957,0.421,0.085,0.898,-0.699,-0.053,0.931,0.064,0.716,0.638,0.812,0.955,0.541,0.766,0.407,0.767,-0.787,0.856,0.622,0.647,0.894,0.736,0.669,-0.212,0.663,0.809,0.39,0.83,0.784,-0.117,-0.778,0.859,-0.531,0.494,0.862,-0.629,0.575,0.065,-0.291,-0.586,-0.796,-0.018,0.446,-0.695,-0.75,-0.036,-0.655,0.825,0.893,0.913,-0.732,0.948,-0.113,0.701,0.737,-0.762,0.312,0.797,-0.316,0.849,-0.541,0.774,0.708,0.917,0.185,0.94,-0.13,0.18,0.109,0.749,-0.429,0.777,0.802,-0.45,0.57,0.752,0.894,0.632,0.739,0.629,0.121,0.843,-0.03,0.422,0.8,0.757,-0.397,0.683,-0.477,-0.058,-0.91,-0.757,0.655,0.85,0.316,0.672,0.899,0.723,-0.341,-0.903,0.821,-0.868,-0.759,0.867,-0.603,0.634,0.214,0.914,0.93,0.649,0.908,0.49,0.776,0.726,0.759,0.869,0.788,0.643,0.629,-0.294,0.657,-0.045,0.446,-0.709,0.522,-0.139,-0.471,0.143,-0.519,0.778,-0.303,-0.482,-0.699,0.644,0.403,0.854,0.78,0.21,0.283,0.552,0.696,0.929,-0.731,0.83,-0.036,0.804,0.372,-0.313,0.497,-0.496,0.902,0.923,0.44,-0.165,-0.468,0.809,0.579,0.262,0.655,-0.287,0.507,0.663,0.376,-0.32,0.396,-0.474,0.867,0.723,0.864,0.882,0.854,-0.858,-0.75,0.467,0.703,0.647,0.908,0.529,-0.735,-0.4,0.526
ADBE,0.244,-0.748,-0.776,-0.32,-0.502,-0.806,0.0,0.808,0.524,-0.758,-0.138,0.75,-0.322,-0.68,-0.859,0.245,-0.205,0.766,-0.574,-0.843,-0.363,-0.206,-0.899,0.913,0.147,-0.801,0.074,-0.713,-0.76,-0.57,-0.841,-0.325,-0.714,-0.14,-0.806,0.738,-0.706,-0.666,-0.499,-0.839,-0.726,-0.729,0.117,-0.596,-0.525,-0.32,-0.734,-0.682,0.432,0.686,-0.66,0.705,-0.67,-0.753,0.793,-0.316,0.424,0.524,0.886,0.697,0.174,-0.184,0.876,0.865,0.039,0.898,-0.769,-0.746,-0.735,0.842,-0.831,0.347,-0.531,-0.491,0.841,-0.005,-0.834,0.407,-0.695,0.703,-0.618,-0.533,-0.761,-0.117,-0.697,0.285,0.063,0.253,-0.787,0.648,-0.776,-0.576,0.417,-0.442,-0.793,-0.863,-0.455,-0.653,-0.363,0.122,-0.581,0.104,-0.37,-0.693,-0.724,0.447,-0.527,0.737,0.388,0.763,0.726,-0.519,-0.732,-0.1,-0.381,-0.765,-0.609,0.341,0.828,-0.732,0.783,0.96,-0.678,0.656,-0.674,0.12,-0.898,-0.847,-0.384,-0.672,-0.59,-0.699,-0.557,-0.659,-0.775,-0.694,-0.388,-0.69,0.242,-0.56,0.213,-0.418,0.885,-0.505,0.172,0.684,-0.041,0.466,-0.662,0.348,0.485,0.709,-0.358,-0.138,-0.753,-0.662,-0.064,-0.037,-0.233,-0.641,-0.857,0.752,-0.744,0.149,-0.765,-0.321,0.685,-0.16,0.367,-0.807,-0.723,-0.309,0.367,0.725,-0.637,-0.427,-0.029,-0.56,0.617,-0.263,-0.64,-0.043,0.541,-0.387,0.583,-0.722,-0.673,-0.811,-0.803,-0.853,0.846,0.624,-0.629,-0.446,-0.656,-0.741,-0.24,0.548,0.695,-0.518
ADSK,0.682,-0.537,-0.435,0.192,-0.177,-0.581,0.808,0.0,0.534,-0.884,-0.346,0.581,0.128,-0.258,-0.522,0.659,0.323,0.952,-0.257,-0.63,0.056,0.103,-0.666,0.79,0.502,-0.581,0.497,-0.279,-0.726,-0.26,-0.565,0.146,-0.259,0.201,-0.776,0.676,-0.358,-0.325,-0.628,-0.606,-0.299,-0.352,0.458,-0.198,-0.173,-0.295,-0.494,-0.197,0.63,0.679,-0.318,0.821,-0.78,-0.379,0.938,-0.232,0.519,0.575,0.814,0.599,0.609,0.354,0.861,0.876,0.258,0.738,-0.394,-0.37,-0.419,0.661,-0.533,0.615,-0.239,-0.458,0.814,0.473,-0.671,0.705,-0.378,0.732,-0.209,-0.07,-0.543,-0.224,-0.434,0.524,0.547,0.489,-0.672,0.828,-0.674,-0.172,0.749,0.037,-0.394,-0.731,-0.014,-0.383,0.12,0.275,-0.164,-0.113,0.12,-0.339,-0.273,0.761,-0.022,0.917,0.575,0.608,0.705,-0.048,-0.713,-0.343,0.072,-0.442,-0.247,0.583,0.723,-0.563,0.587,0.852,-0.326,0.528,-0.259,0.374,-0.723,-0.713,0.029,-0.388,-0.691,-0.376,-0.177,-0.299,-0.378,-0.298,0.026,-0.63,0.415,-0.146,0.528,-0.221,0.642,-0.546,0.637,0.782,0.391,0.602,-0.254,0.664,0.661,0.706,-0.298,0.308,-0.374,-0.767,0.163,0.347,0.13,-0.214,-0.66,0.817,-0.616,0.122,-0.359,0.082,0.901,0.248,0.57,-0.445,-0.373,0.085,0.587,0.857,-0.464,0.097,0.37,-0.128,0.568,0.139,-0.193,0.376,0.495,0.094,0.884,-0.4,-0.258,-0.794,-0.559,-0.605,0.54,0.529,-0.263,-0.152,-0.819,-0.363,0.253,0.295,0.792,-0.54
AEP,0.153,-0.581,-0.595,-0.168,-0.334,-0.701,0.524,0.534,0.0,-0.661,-0.369,0.285,-0.265,-0.51,-0.608,0.362,-0.149,0.489,-0.698,-0.734,-0.282,-0.089,-0.654,0.414,0.323,-0.751,0.35,-0.527,-0.676,-0.532,-0.653,-0.195,-0.337,-0.087,-0.711,0.499,-0.58,-0.264,-0.547,-0.624,-0.529,-0.292,0.54,-0.164,-0.47,-0.227,-0.676,-0.292,0.374,0.482,-0.457,0.511,-0.36,-0.48,0.473,-0.614,-0.001,0.15,0.35,0.417,0.248,-0.118,0.434,0.63,-0.057,0.505,-0.438,-0.568,-0.556,0.527,-0.651,0.263,-0.297,-0.731,0.654,-0.079,-0.75,0.474,-0.535,0.46,-0.613,-0.36,-0.676,-0.474,-0.667,0.533,0.133,-0.113,-0.621,0.573,-0.674,-0.512,0.44,-0.069,-0.383,-0.634,-0.389,-0.31,-0.279,0.119,-0.586,-0.148,-0.287,-0.377,-0.427,0.625,-0.348,0.453,0.118,0.839,0.488,-0.288,-0.692,-0.534,-0.409,-0.654,-0.464,0.303,0.602,-0.434,0.621,0.584,-0.558,0.321,-0.11,-0.23,-0.625,-0.815,-0.361,-0.508,-0.617,-0.693,-0.333,-0.247,-0.613,-0.39,-0.278,-0.567,0.239,-0.06,0.032,-0.553,0.459,-0.702,0.274,0.248,0.112,0.338,-0.374,0.409,0.441,0.586,-0.5,-0.225,-0.638,-0.792,-0.23,-0.309,-0.429,-0.521,-0.72,0.608,-0.852,0.199,-0.581,-0.191,0.38,-0.353,0.493,-0.609,-0.628,0.003,0.374,0.367,-0.78,-0.122,-0.116,-0.442,-0.008,-0.371,-0.226,-0.274,0.186,0.06,0.495,-0.56,-0.405,-0.662,-0.541,-0.633,0.517,0.53,-0.09,-0.386,-0.72,-0.549,-0.111,0.831,0.443,-0.693
AGIO,-0.534,0.742,0.559,-0.11,0.362,0.742,-0.758,-0.884,-0.661,0.0,0.497,-0.475,0.088,0.441,0.599,-0.503,-0.205,-0.799,0.44,0.741,0.029,-0.17,0.764,-0.732,-0.373,0.721,-0.412,0.336,0.775,0.376,0.678,0.027,0.393,0.014,0.86,-0.698,0.51,0.399,0.783,0.673,0.361,0.45,-0.433,0.325,0.386,0.455,0.629,0.338,-0.465,-0.74,0.527,-0.687,0.66,0.512,-0.873,0.371,-0.293,-0.471,-0.697,-0.693,-0.402,-0.131,-0.798,-0.91,-0.193,-0.623,0.469,0.496,0.594,-0.608,0.653,-0.416,0.4,0.567,-0.743,-0.283,0.73,-0.575,0.5,-0.593,0.343,0.246,0.693,0.334,0.601,-0.477,-0.364,-0.244,0.739,-0.68,0.786,0.349,-0.781,0.082,0.471,0.847,0.132,0.525,0.101,-0.138,0.356,0.067,-0.052,0.499,0.356,-0.707,0.195,-0.795,-0.307,-0.737,-0.707,0.252,0.849,0.541,0.119,0.567,0.399,-0.558,-0.806,0.676,-0.665,-0.808,0.518,-0.511,0.351,-0.18,0.805,0.83,0.184,0.593,0.76,0.51,0.369,0.404,0.526,0.44,0.233,0.717,-0.337,0.285,-0.342,0.271,-0.542,0.558,-0.62,-0.637,-0.241,-0.614,0.349,-0.6,-0.671,-0.669,0.568,-0.104,0.505,0.906,-0.088,-0.143,0.156,0.314,0.765,-0.823,0.751,0.016,0.441,-0.073,-0.698,0.011,-0.631,0.565,0.539,0.076,-0.436,-0.797,0.664,0.049,-0.2,0.189,-0.419,0.044,0.284,-0.14,-0.287,0.042,-0.819,0.544,0.416,0.896,0.684,0.718,-0.57,-0.63,0.259,0.286,0.929,0.495,-0.013,-0.436,-0.647,0.636
ALEC,-0.323,0.326,0.221,-0.226,0.347,0.406,-0.138,-0.346,-0.369,0.497,0.0,-0.19,0.13,0.193,0.202,-0.384,-0.199,-0.181,0.271,0.379,-0.203,-0.739,0.252,-0.198,-0.371,0.297,-0.331,-0.098,0.1,0.269,0.333,-0.054,-0.044,0.187,0.296,-0.555,0.181,-0.108,0.581,0.21,-0.115,-0.123,-0.598,0.059,0.311,0.15,0.195,0.029,0.155,-0.621,0.271,-0.363,0.233,0.187,-0.463,0.375,0.333,-0.157,-0.083,-0.515,-0.415,-0.126,-0.346,-0.299,-0.422,0.001,0.069,0.178,0.335,-0.222,0.28,-0.198,0.191,0.479,-0.315,-0.106,0.108,-0.49,0.296,-0.326,-0.028,0.066,0.348,0.077,0.432,-0.025,-0.284,-0.023,0.269,-0.182,0.303,0.099,-0.592,0.037,-0.086,0.368,0.021,0.178,-0.006,0.069,0.159,-0.041,-0.375,0.229,-0.013,-0.47,0.012,-0.332,-0.024,-0.419,-0.571,-0.037,0.517,0.346,0.053,0.168,0.064,-0.409,-0.519,0.386,-0.373,-0.115,0.216,-0.359,-0.09,-0.061,0.325,0.378,0.083,0.411,0.173,0.026,0.113,0.183,0.11,0.004,0.137,0.192,-0.563,0.121,-0.335,-0.085,-0.02,0.066,-0.615,-0.306,-0.45,-0.612,0.101,-0.473,-0.516,-0.479,0.546,-0.095,0.084,0.543,-0.14,-0.249,0.063,-0.131,0.325,-0.582,0.287,-0.068,-0.001,-0.274,-0.108,0.052,-0.76,0.128,0.331,-0.109,-0.066,-0.269,0.316,-0.021,-0.124,-0.06,0.01,-0.022,-0.108,-0.138,-0.155,-0.273,-0.564,0.2,0.007,0.491,0.436,0.194,-0.261,-0.454,-0.329,0.312,0.41,0.266,0.004,-0.137,-0.08,0.171
ALNY,0.131,-0.463,-0.596,-0.244,-0.526,-0.631,0.75,0.581,0.285,-0.475,-0.19,0.0,-0.262,-0.528,-0.699,0.195,-0.095,0.513,-0.355,-0.662,-0.089,-0.001,-0.658,0.766,0.057,-0.591,0.081,-0.482,-0.459,-0.571,-0.678,-0.319,-0.532,-0.03,-0.605,0.783,-0.585,-0.484,-0.341,-0.679,-0.483,-0.514,0.169,-0.455,-0.498,-0.125,-0.407,-0.574,0.156,0.682,-0.568,0.674,-0.43,-0.614,0.629,-0.28,0.303,0.711,0.794,0.766,0.259,-0.144,0.795,0.559,0.269,0.802,-0.598,-0.627,-0.633,0.804,-0.654,0.264,-0.493,-0.372,0.74,-0.039,-0.558,0.453,-0.512,0.713,-0.39,-0.346,-0.515,0.292,-0.615,0.035,0.011,0.37,-0.58,0.518,-0.574,-0.488,0.368,-0.386,-0.623,-0.666,-0.301,-0.603,-0.345,-0.175,-0.478,0.037,-0.253,-0.507,-0.547,0.412,-0.376,0.571,0.382,0.644,0.702,-0.346,-0.512,0.097,-0.287,-0.503,-0.451,0.423,0.769,-0.76,0.726,0.656,-0.563,0.585,-0.525,0.344,-0.681,-0.581,-0.264,-0.548,-0.309,-0.439,-0.413,-0.671,-0.573,-0.564,-0.317,-0.448,0.453,-0.555,0.121,-0.192,0.858,-0.32,0.176,0.796,0.051,0.377,-0.608,0.457,0.479,0.69,-0.229,-0.03,-0.486,-0.433,0.183,0.231,-0.152,-0.302,-0.586,0.656,-0.454,0.207,-0.547,-0.167,0.47,-0.009,0.466,-0.647,-0.603,-0.286,0.234,0.615,-0.308,-0.387,0.103,-0.423,0.633,-0.009,-0.542,0.07,0.645,-0.249,0.54,-0.606,-0.489,-0.665,-0.699,-0.661,0.762,0.517,-0.409,-0.482,-0.291,-0.621,-0.194,0.381,0.593,-0.179
ALTR,0.555,0.562,0.723,0.652,0.703,0.598,-0.322,0.128,-0.265,0.088,0.13,-0.262,0.0,0.841,0.654,0.556,0.816,0.242,0.747,0.566,0.639,0.197,0.536,-0.234,0.382,0.582,0.499,0.664,0.163,0.666,0.629,0.762,0.733,0.629,0.237,-0.346,0.669,0.483,0.165,0.508,0.662,0.501,0.241,0.737,0.731,0.116,0.566,0.776,0.276,-0.29,0.694,0.08,-0.112,0.747,0.056,0.442,0.484,0.066,-0.023,-0.369,0.551,0.881,-0.104,-0.145,0.228,-0.233,0.611,0.705,0.715,-0.369,0.676,0.313,0.607,0.407,-0.191,0.82,0.33,0.302,0.724,-0.046,0.718,0.819,0.66,0.022,0.729,0.323,0.709,0.432,0.42,0.232,0.354,0.816,0.247,0.764,0.574,0.431,0.696,0.53,0.849,0.254,0.798,-0.319,0.691,0.72,0.695,0.321,0.881,0.158,0.291,-0.498,-0.272,0.773,0.355,-0.128,0.835,0.685,0.66,0.271,-0.409,0.472,-0.468,-0.212,0.778,-0.338,0.618,0.523,0.468,0.439,0.822,0.733,0.012,0.587,0.672,0.631,0.728,0.668,0.85,0.249,0.049,0.721,0.275,0.385,-0.275,-0.007,0.474,0.095,0.468,-0.021,0.728,0.3,0.059,-0.249,0.458,0.786,0.703,0.102,0.458,0.617,0.751,0.675,0.526,-0.185,0.402,-0.194,0.659,0.6,0.353,0.773,-0.049,0.7,0.76,0.628,0.363,0.168,0.539,0.832,0.68,0.691,-0.029,0.764,0.663,0.762,-0.035,0.651,0.228,0.683,0.642,0.242,0.599,0.544,-0.656,-0.401,0.392,0.634,0.029,0.75,0.812,-0.559,0.166,0.128
AMBA,0.336,0.795,0.956,0.656,0.812,0.874,-0.68,-0.258,-0.51,0.441,0.193,-0.528,0.841,0.0,0.925,0.312,0.674,-0.141,0.879,0.851,0.596,0.25,0.82,-0.563,0.298,0.868,0.309,0.826,0.502,0.854,0.892,0.811,0.909,0.55,0.59,-0.581,0.879,0.7,0.441,0.817,0.841,0.753,0.12,0.832,0.888,0.334,0.846,0.932,0.093,-0.581,0.91,-0.228,0.18,0.953,-0.299,0.585,0.209,-0.138,-0.413,-0.665,0.36,0.768,-0.482,-0.5,0.094,-0.539,0.822,0.939,0.933,-0.656,0.928,0.192,0.787,0.569,-0.512,0.639,0.681,0.045,0.9,-0.314,0.881,0.885,0.893,0.15,0.915,0.108,0.549,0.317,0.651,-0.125,0.659,0.931,-0.076,0.804,0.824,0.776,0.773,0.776,0.874,0.211,0.936,-0.23,0.689,0.913,0.87,0.006,0.896,-0.178,0.153,-0.794,-0.545,0.861,0.696,0.09,0.844,0.921,0.853,-0.024,-0.736,0.742,-0.737,-0.584,0.944,-0.492,0.788,0.422,0.795,0.762,0.818,0.903,0.318,0.812,0.851,0.807,0.919,0.879,0.871,0.559,-0.091,0.822,0.247,0.549,-0.651,0.318,0.249,-0.269,0.438,-0.272,0.907,0.002,-0.201,-0.485,0.613,0.7,0.912,0.473,0.29,0.538,0.751,0.833,0.837,-0.468,0.698,-0.053,0.861,0.605,-0.005,0.662,-0.248,0.931,0.939,0.682,0.133,-0.217,0.779,0.839,0.478,0.812,-0.214,0.724,0.823,0.653,-0.229,0.692,-0.11,0.918,0.841,0.611,0.833,0.835,-0.885,-0.599,0.574,0.75,0.361,0.924,0.782,-0.732,-0.17,0.343
AMCX,0.139,0.806,0.952,0.593,0.725,0.917,-0.859,-0.522,-0.608,0.599,0.202,-0.699,0.654,0.925,0.0,0.054,0.51,-0.43,0.822,0.927,0.518,0.236,0.906,-0.74,0.118,0.926,0.127,0.852,0.662,0.846,0.948,0.683,0.875,0.38,0.739,-0.704,0.91,0.752,0.498,0.914,0.849,0.79,-0.009,0.759,0.817,0.364,0.871,0.882,-0.108,-0.683,0.861,-0.485,0.409,0.923,-0.536,0.592,-0.051,-0.31,-0.649,-0.741,0.12,0.54,-0.695,-0.68,0.037,-0.76,0.86,0.928,0.909,-0.796,0.963,-0.033,0.754,0.632,-0.714,0.42,0.814,-0.215,0.878,-0.5,0.859,0.791,0.907,0.167,0.91,-0.062,0.305,0.106,0.755,-0.397,0.749,0.844,-0.244,0.686,0.874,0.869,0.697,0.782,0.696,0.095,0.884,-0.131,0.613,0.869,0.868,-0.259,0.772,-0.417,-0.066,-0.876,-0.67,0.765,0.777,0.13,0.701,0.933,0.838,-0.201,-0.846,0.79,-0.837,-0.78,0.889,-0.559,0.757,0.183,0.9,0.879,0.669,0.866,0.452,0.843,0.807,0.798,0.923,0.861,0.696,0.639,-0.166,0.73,0.087,0.569,-0.827,0.499,0.071,-0.49,0.286,-0.372,0.896,-0.205,-0.369,-0.629,0.548,0.533,0.914,0.619,0.198,0.361,0.574,0.806,0.92,-0.638,0.805,-0.11,0.89,0.531,-0.312,0.48,-0.345,0.943,0.921,0.549,-0.069,-0.453,0.786,0.686,0.287,0.777,-0.362,0.56,0.809,0.43,-0.392,0.571,-0.332,0.926,0.809,0.772,0.884,0.896,-0.938,-0.629,0.623,0.699,0.518,0.923,0.594,-0.751,-0.415,0.472
AMKR,0.788,-0.024,0.171,0.457,0.26,-0.101,0.245,0.659,0.362,-0.503,-0.384,0.195,0.556,0.312,0.054,0.0,0.593,0.65,0.1,-0.161,0.291,0.35,-0.133,0.283,0.821,-0.038,0.613,0.155,-0.224,0.213,-0.054,0.633,0.394,0.339,-0.279,0.355,0.204,0.26,-0.279,-0.064,0.185,0.307,0.754,0.436,0.321,0.118,0.06,0.412,0.517,0.369,0.262,0.706,-0.671,0.269,0.637,0.011,0.34,0.303,0.376,0.116,0.879,0.719,0.415,0.413,0.326,0.279,0.058,0.148,0.165,0.206,0.026,0.732,0.356,-0.273,0.533,0.784,-0.198,0.844,0.122,0.62,0.277,0.401,0.045,-0.002,0.052,0.566,0.848,0.506,-0.154,0.755,-0.175,0.404,0.627,0.483,0.23,-0.124,0.232,0.279,0.64,0.457,0.301,-0.302,0.508,0.296,0.21,0.794,0.423,0.689,0.617,0.19,0.445,0.553,-0.209,-0.308,0.403,0.096,0.344,0.481,0.231,0.026,0.219,0.342,0.259,0.315,0.419,0.419,-0.188,-0.264,0.402,0.144,-0.286,0.096,0.427,0.285,0.198,0.355,0.602,-0.092,0.517,0.473,0.626,0.173,0.159,-0.323,0.707,0.414,0.781,0.524,0.341,0.568,0.542,0.512,0.008,0.661,0.135,-0.501,0.186,0.519,0.53,0.29,-0.146,0.546,-0.23,0.239,0.106,0.421,0.672,0.363,0.523,0.135,0.087,0.687,0.712,0.484,-0.037,0.553,0.437,0.272,0.272,0.419,0.437,0.709,0.412,0.717,0.749,0.218,0.35,-0.372,-0.077,0.02,-0.038,0.244,0.235,0.131,-0.453,0.108,0.699,-0.0,0.538,-0.335
AMRX,0.724,0.38,0.555,0.845,0.509,0.395,-0.205,0.323,-0.149,-0.205,-0.199,-0.095,0.816,0.674,0.51,0.593,0.0,0.348,0.68,0.398,0.844,0.478,0.364,-0.071,0.345,0.378,0.694,0.703,0.015,0.511,0.487,0.678,0.614,0.661,0.008,-0.103,0.518,0.386,-0.152,0.319,0.713,0.437,0.343,0.616,0.57,-0.122,0.42,0.689,0.264,0.01,0.457,0.223,-0.147,0.56,0.276,0.229,0.396,0.336,0.077,-0.026,0.641,0.867,0.128,0.057,0.432,-0.143,0.627,0.582,0.516,-0.219,0.515,0.387,0.336,0.25,-0.038,0.855,0.274,0.433,0.566,0.055,0.721,0.813,0.419,-0.042,0.47,0.311,0.716,0.462,0.218,0.335,0.143,0.684,0.537,0.751,0.477,0.149,0.795,0.247,0.741,0.068,0.714,-0.297,0.756,0.509,0.703,0.503,0.851,0.331,0.266,-0.288,-0.075,0.657,0.046,-0.372,0.866,0.571,0.47,0.433,-0.13,0.134,-0.328,-0.126,0.543,-0.253,0.516,0.631,0.261,0.251,0.774,0.477,-0.186,0.57,0.509,0.504,0.638,0.527,0.613,0.002,0.251,0.537,0.367,0.359,-0.227,-0.095,0.757,0.372,0.565,0.144,0.585,0.619,0.334,-0.057,0.121,0.774,0.66,-0.112,0.692,0.726,0.571,0.748,0.355,0.056,0.298,-0.185,0.682,0.718,0.405,0.844,0.249,0.588,0.613,0.461,0.261,0.435,0.343,0.82,0.871,0.689,0.155,0.853,0.549,0.801,0.011,0.594,0.504,0.461,0.486,-0.02,0.343,0.345,-0.456,-0.238,0.383,0.554,-0.19,0.669,0.799,-0.539,0.336,0.111
ANSS,0.686,-0.453,-0.341,0.226,-0.045,-0.454,0.766,0.952,0.489,-0.799,-0.181,0.513,0.242,-0.141,-0.43,0.65,0.348,0.0,-0.149,-0.522,0.064,-0.009,-0.57,0.746,0.493,-0.474,0.504,-0.239,-0.713,-0.142,-0.452,0.232,-0.194,0.323,-0.709,0.547,-0.282,-0.274,-0.502,-0.503,-0.264,-0.324,0.408,-0.105,-0.066,-0.26,-0.403,-0.109,0.7,0.535,-0.207,0.761,-0.741,-0.291,0.858,-0.084,0.65,0.552,0.793,0.451,0.588,0.427,0.78,0.818,0.154,0.738,-0.329,-0.267,-0.288,0.595,-0.422,0.619,-0.115,-0.296,0.744,0.52,-0.632,0.647,-0.27,0.688,-0.153,-0.002,-0.422,-0.255,-0.284,0.56,0.588,0.542,-0.596,0.811,-0.591,-0.081,0.665,0.136,-0.345,-0.628,0.072,-0.288,0.215,0.334,-0.064,-0.117,0.118,-0.24,-0.211,0.728,0.067,0.901,0.565,0.516,0.571,-0.01,-0.597,-0.262,0.177,-0.355,-0.185,0.565,0.598,-0.44,0.461,0.832,-0.2,0.434,-0.2,0.397,-0.627,-0.618,0.134,-0.248,-0.677,-0.339,-0.087,-0.198,-0.32,-0.228,0.13,-0.58,0.327,-0.046,0.516,-0.24,0.622,-0.531,0.581,0.719,0.38,0.492,-0.149,0.607,0.558,0.604,-0.132,0.377,-0.294,-0.674,0.143,0.368,0.214,-0.188,-0.559,0.722,-0.547,0.124,-0.304,0.102,0.951,0.333,0.433,-0.351,-0.244,0.15,0.637,0.844,-0.366,0.174,0.404,-0.072,0.546,0.203,-0.117,0.408,0.455,0.115,0.811,-0.295,-0.224,-0.682,-0.417,-0.532,0.435,0.417,-0.251,-0.033,-0.777,-0.25,0.337,0.258,0.815,-0.505
APPN,0.269,0.761,0.872,0.603,0.716,0.851,-0.574,-0.257,-0.698,0.44,0.271,-0.355,0.747,0.879,0.822,0.1,0.68,-0.149,0.0,0.863,0.697,0.258,0.752,-0.415,-0.008,0.835,0.222,0.798,0.444,0.778,0.868,0.603,0.699,0.541,0.528,-0.555,0.747,0.461,0.453,0.711,0.818,0.526,-0.166,0.636,0.802,0.14,0.812,0.732,0.003,-0.537,0.749,-0.258,0.286,0.802,-0.275,0.598,0.368,0.061,-0.251,-0.487,0.192,0.633,-0.326,-0.464,0.167,-0.442,0.778,0.862,0.819,-0.547,0.886,0.061,0.525,0.715,-0.54,0.564,0.695,-0.094,0.862,-0.387,0.868,0.835,0.848,0.218,0.865,-0.042,0.369,0.319,0.599,-0.202,0.571,0.818,-0.109,0.667,0.6,0.648,0.834,0.494,0.7,-0.048,0.889,-0.12,0.582,0.748,0.794,-0.097,0.816,-0.189,0.068,-0.808,-0.576,0.665,0.653,0.171,0.882,0.904,0.662,-0.024,-0.648,0.519,-0.743,-0.549,0.799,-0.521,0.503,0.592,0.704,0.779,0.827,0.815,0.265,0.824,0.636,0.613,0.834,0.655,0.666,0.415,-0.191,0.566,0.108,0.568,-0.502,0.352,0.194,-0.076,0.209,-0.357,0.73,0.05,-0.195,-0.548,0.599,0.613,0.907,0.564,0.536,0.589,0.639,0.812,0.826,-0.515,0.769,-0.174,0.845,0.62,-0.006,0.776,-0.313,0.861,0.905,0.372,-0.098,-0.052,0.8,0.718,0.608,0.758,-0.029,0.827,0.542,0.629,-0.187,0.388,-0.141,0.768,0.623,0.542,0.707,0.711,-0.757,-0.674,0.35,0.765,0.414,0.886,0.626,-0.843,-0.087,0.493
APTO,-0.064,0.875,0.902,0.436,0.719,0.957,-0.843,-0.63,-0.734,0.741,0.379,-0.662,0.566,0.851,0.927,-0.161,0.398,-0.522,0.863,0.0,0.497,0.118,0.923,-0.737,-0.158,0.931,-0.01,0.767,0.669,0.77,0.981,0.493,0.735,0.379,0.793,-0.83,0.807,0.561,0.635,0.856,0.791,0.647,-0.285,0.661,0.771,0.248,0.856,0.746,-0.198,-0.792,0.806,-0.583,0.541,0.855,-0.651,0.555,0.027,-0.274,-0.644,-0.747,-0.079,0.386,-0.725,-0.758,-0.01,-0.721,0.846,0.896,0.903,-0.778,0.966,-0.188,0.607,0.736,-0.798,0.272,0.843,-0.382,0.874,-0.651,0.763,0.737,0.904,0.157,0.923,-0.215,0.082,-0.005,0.793,-0.494,0.803,0.77,-0.443,0.592,0.725,0.883,0.686,0.66,0.569,-0.04,0.81,-0.102,0.408,0.798,0.806,-0.401,0.692,-0.553,-0.171,-0.935,-0.819,0.61,0.847,0.216,0.676,0.901,0.672,-0.343,-0.9,0.767,-0.917,-0.819,0.82,-0.698,0.605,0.216,0.902,0.937,0.656,0.872,0.523,0.83,0.635,0.715,0.867,0.731,0.573,0.658,-0.377,0.614,-0.089,0.507,-0.774,0.474,-0.115,-0.484,0.042,-0.57,0.736,-0.275,-0.47,-0.785,0.638,0.337,0.889,0.78,0.238,0.245,0.458,0.715,0.96,-0.796,0.88,-0.161,0.853,0.408,-0.385,0.486,-0.547,0.914,0.931,0.343,-0.307,-0.485,0.827,0.597,0.296,0.664,-0.338,0.551,0.597,0.324,-0.429,0.353,-0.518,0.825,0.684,0.832,0.891,0.879,-0.888,-0.807,0.45,0.74,0.653,0.908,0.451,-0.776,-0.429,0.589
ARCT,0.449,0.504,0.519,0.76,0.374,0.421,-0.363,0.056,-0.282,0.029,-0.203,-0.089,0.639,0.596,0.518,0.291,0.844,0.064,0.697,0.497,0.0,0.496,0.509,-0.224,0.046,0.441,0.508,0.809,0.23,0.321,0.546,0.438,0.565,0.598,0.162,-0.177,0.417,0.407,-0.073,0.312,0.804,0.474,0.189,0.555,0.415,-0.239,0.508,0.57,-0.044,-0.023,0.337,0.019,0.176,0.489,0.065,0.197,0.155,0.302,-0.132,0.076,0.437,0.638,-0.005,-0.195,0.55,-0.317,0.698,0.571,0.463,-0.285,0.551,0.112,0.136,0.296,-0.206,0.572,0.483,0.213,0.541,-0.159,0.688,0.778,0.413,-0.02,0.406,-0.015,0.385,0.21,0.361,0.029,0.289,0.534,0.404,0.658,0.491,0.218,0.834,0.121,0.506,-0.322,0.617,-0.317,0.685,0.469,0.781,0.322,0.809,0.057,-0.011,-0.336,-0.199,0.529,0.114,-0.287,0.799,0.595,0.366,0.336,-0.138,0.05,-0.442,-0.362,0.431,-0.408,0.48,0.538,0.346,0.384,0.706,0.419,0.029,0.717,0.337,0.369,0.627,0.445,0.379,0.118,0.172,0.371,0.192,0.389,-0.325,0.004,0.647,0.348,0.356,0.008,0.436,0.604,0.218,-0.186,0.17,0.533,0.74,0.083,0.781,0.677,0.376,0.789,0.484,-0.115,0.496,-0.278,0.785,0.714,0.117,0.837,0.203,0.61,0.596,0.203,-0.152,0.255,0.48,0.696,0.853,0.653,-0.005,0.846,0.423,0.575,-0.082,0.46,0.308,0.361,0.4,0.076,0.371,0.406,-0.437,-0.35,0.475,0.466,0.035,0.643,0.554,-0.579,0.155,0.451
ARWR,0.38,0.118,0.256,0.455,0.064,0.085,-0.206,0.103,-0.089,-0.17,-0.739,-0.001,0.197,0.25,0.236,0.35,0.478,-0.009,0.258,0.118,0.496,0.0,0.141,-0.054,0.341,0.183,0.357,0.45,0.169,0.175,0.161,0.34,0.413,0.0,0.038,0.196,0.216,0.331,-0.168,0.229,0.535,0.441,0.449,0.29,0.157,-0.038,0.322,0.332,-0.173,0.257,0.149,0.211,-0.066,0.254,0.242,-0.008,-0.138,0.167,-0.072,0.174,0.43,0.356,0.1,-0.005,0.5,-0.231,0.295,0.295,0.149,-0.085,0.217,0.19,0.129,-0.058,-0.053,0.368,0.292,0.417,0.212,0.088,0.49,0.352,0.135,0.086,0.074,-0.036,0.396,0.114,0.075,0.035,0.045,0.34,0.351,0.286,0.396,0.049,0.389,0.152,0.37,-0.068,0.304,-0.015,0.574,0.214,0.405,0.346,0.325,0.165,0.09,-0.059,0.219,0.377,-0.054,-0.179,0.4,0.344,0.311,0.328,0.103,-0.036,-0.076,-0.241,0.195,0.072,0.345,0.379,0.074,0.086,0.334,0.068,0.036,0.408,0.212,0.19,0.32,0.359,0.176,0.144,0.371,0.171,0.321,0.468,-0.251,0.155,0.62,0.162,0.521,0.279,0.264,0.388,0.429,0.174,-0.128,0.323,0.392,-0.12,0.363,0.49,0.214,0.559,0.173,0.24,0.168,0.108,0.421,0.473,0.029,0.251,0.547,0.355,0.13,0.336,-0.093,0.178,0.186,0.359,0.343,0.41,0.03,0.422,0.361,0.458,0.068,0.448,0.382,0.24,0.313,-0.151,-0.057,0.2,-0.171,0.032,0.464,0.114,-0.099,0.173,0.299,-0.307,0.006,0.14
ASND,-0.105,0.846,0.851,0.442,0.59,0.898,-0.899,-0.666,-0.654,0.764,0.252,-0.658,0.536,0.82,0.906,-0.133,0.364,-0.57,0.752,0.923,0.509,0.141,0.0,-0.862,-0.11,0.897,-0.035,0.827,0.808,0.63,0.92,0.455,0.773,0.351,0.874,-0.754,0.797,0.674,0.518,0.854,0.825,0.721,-0.171,0.653,0.631,0.284,0.82,0.751,-0.358,-0.668,0.739,-0.638,0.545,0.821,-0.684,0.483,-0.205,-0.417,-0.77,-0.692,-0.054,0.398,-0.783,-0.825,0.045,-0.8,0.847,0.845,0.862,-0.846,0.918,-0.252,0.566,0.62,-0.798,0.172,0.902,-0.371,0.757,-0.629,0.74,0.675,0.845,0.151,0.831,-0.352,0.072,-0.03,0.882,-0.575,0.909,0.72,-0.331,0.544,0.825,0.907,0.609,0.662,0.526,-0.07,0.737,-0.174,0.507,0.749,0.825,-0.386,0.716,-0.615,-0.289,-0.87,-0.722,0.594,0.771,0.198,0.587,0.835,0.683,-0.239,-0.836,0.746,-0.846,-0.861,0.827,-0.689,0.701,0.049,0.909,0.923,0.556,0.765,0.67,0.838,0.635,0.693,0.884,0.762,0.549,0.76,-0.209,0.577,-0.022,0.486,-0.808,0.503,-0.088,-0.494,0.104,-0.398,0.705,-0.247,-0.487,-0.733,0.505,0.33,0.887,0.728,0.175,0.253,0.483,0.749,0.929,-0.75,0.896,-0.204,0.885,0.389,-0.478,0.439,-0.451,0.91,0.89,0.335,-0.272,-0.595,0.818,0.546,0.241,0.672,-0.502,0.474,0.679,0.241,-0.488,0.421,-0.507,0.788,0.726,0.839,0.91,0.936,-0.86,-0.665,0.595,0.579,0.682,0.861,0.397,-0.711,-0.582,0.649
ASTH,0.358,-0.656,-0.655,-0.186,-0.419,-0.699,0.913,0.79,0.414,-0.732,-0.198,0.766,-0.234,-0.563,-0.74,0.283,-0.071,0.746,-0.415,-0.737,-0.224,-0.054,-0.862,0.0,0.172,-0.681,0.181,-0.604,-0.753,-0.418,-0.747,-0.215,-0.609,-0.072,-0.828,0.76,-0.605,-0.556,-0.442,-0.742,-0.612,-0.616,0.17,-0.527,-0.406,-0.24,-0.599,-0.577,0.474,0.675,-0.539,0.759,-0.626,-0.663,0.808,-0.232,0.488,0.659,0.927,0.695,0.292,-0.095,0.913,0.807,0.11,0.85,-0.684,-0.647,-0.677,0.87,-0.725,0.476,-0.432,-0.375,0.821,0.127,-0.765,0.488,-0.561,0.73,-0.438,-0.423,-0.629,0.009,-0.605,0.371,0.173,0.367,-0.812,0.69,-0.82,-0.447,0.432,-0.37,-0.719,-0.841,-0.335,-0.592,-0.253,0.095,-0.428,0.188,-0.267,-0.593,-0.634,0.452,-0.43,0.796,0.524,0.689,0.724,-0.37,-0.661,-0.032,-0.249,-0.583,-0.498,0.369,0.797,-0.723,0.712,0.874,-0.59,0.704,-0.634,0.308,-0.81,-0.752,-0.236,-0.553,-0.661,-0.585,-0.438,-0.601,-0.656,-0.609,-0.299,-0.736,0.337,-0.494,0.258,-0.342,0.842,-0.384,0.275,0.72,0.086,0.43,-0.533,0.409,0.558,0.744,-0.278,0.014,-0.626,-0.631,0.101,0.157,-0.145,-0.487,-0.769,0.774,-0.69,0.213,-0.676,-0.151,0.69,-0.027,0.453,-0.715,-0.647,-0.21,0.382,0.791,-0.551,-0.339,0.097,-0.443,0.74,-0.134,-0.558,0.126,0.67,-0.313,0.666,-0.602,-0.573,-0.786,-0.79,-0.822,0.771,0.546,-0.547,-0.392,-0.634,-0.639,-0.131,0.415,0.781,-0.457
ATSG,0.648,-0.02,0.196,0.365,0.284,-0.053,0.147,0.502,0.323,-0.373,-0.371,0.057,0.382,0.298,0.118,0.821,0.345,0.493,-0.008,-0.158,0.046,0.341,-0.11,0.172,0.0,0.021,0.508,0.112,-0.137,0.265,-0.051,0.664,0.461,0.201,-0.178,0.332,0.274,0.383,-0.1,0.086,0.136,0.409,0.782,0.388,0.355,0.371,0.14,0.421,0.514,0.216,0.346,0.607,-0.586,0.294,0.511,0.094,0.147,0.128,0.214,-0.062,0.776,0.565,0.242,0.311,0.204,0.17,-0.006,0.189,0.172,0.126,0.029,0.707,0.531,-0.303,0.405,0.609,-0.16,0.734,0.119,0.578,0.262,0.281,0.062,0.006,0.083,0.53,0.766,0.458,-0.157,0.565,-0.125,0.343,0.414,0.408,0.333,0.008,0.114,0.484,0.612,0.596,0.283,-0.123,0.454,0.338,0.174,0.6,0.278,0.576,0.664,0.131,0.434,0.595,-0.052,-0.11,0.252,0.128,0.498,0.379,0.12,0.191,0.204,0.24,0.27,0.429,0.464,0.244,-0.06,-0.19,0.26,0.17,-0.192,0.09,0.534,0.304,0.151,0.445,0.584,0.051,0.477,0.489,0.651,0.208,0.022,-0.106,0.539,0.132,0.805,0.416,0.393,0.296,0.449,0.52,0.074,0.585,0.077,-0.343,-0.127,0.409,0.497,0.222,-0.069,0.497,-0.212,0.469,0.04,0.298,0.533,0.131,0.506,0.125,0.041,0.788,0.696,0.218,0.031,0.424,0.092,0.232,0.169,0.197,0.526,0.555,0.363,0.747,0.602,0.33,0.426,-0.203,-0.02,0.059,-0.077,0.307,0.32,0.107,-0.361,0.032,0.604,0.071,0.324,-0.342
AVTX,0.047,0.819,0.924,0.449,0.668,0.931,-0.801,-0.581,-0.751,0.721,0.297,-0.591,0.582,0.868,0.926,-0.038,0.378,-0.474,0.835,0.931,0.441,0.183,0.897,-0.681,0.021,0.0,-0.05,0.769,0.755,0.822,0.921,0.603,0.782,0.321,0.829,-0.677,0.873,0.682,0.634,0.885,0.788,0.707,-0.152,0.645,0.791,0.44,0.918,0.755,-0.2,-0.681,0.833,-0.498,0.391,0.87,-0.551,0.673,-0.024,-0.305,-0.582,-0.73,0.032,0.421,-0.653,-0.732,-0.001,-0.716,0.756,0.874,0.888,-0.743,0.935,-0.051,0.719,0.679,-0.694,0.333,0.864,-0.296,0.839,-0.462,0.848,0.705,0.931,0.356,0.914,-0.217,0.198,0.125,0.765,-0.456,0.797,0.813,-0.37,0.55,0.781,0.907,0.596,0.745,0.634,0.066,0.846,-0.005,0.529,0.804,0.768,-0.393,0.662,-0.443,-0.058,-0.924,-0.643,0.701,0.866,0.387,0.639,0.925,0.818,-0.3,-0.85,0.786,-0.806,-0.763,0.86,-0.465,0.632,0.22,0.888,0.941,0.619,0.84,0.593,0.873,0.759,0.708,0.875,0.804,0.651,0.708,-0.163,0.605,0.085,0.62,-0.729,0.622,-0.093,-0.462,0.223,-0.394,0.821,-0.313,-0.383,-0.606,0.651,0.492,0.895,0.764,0.19,0.38,0.606,0.772,0.925,-0.656,0.88,-0.041,0.821,0.484,-0.344,0.457,-0.434,0.911,0.876,0.475,-0.139,-0.495,0.888,0.542,0.204,0.696,-0.241,0.521,0.684,0.429,-0.258,0.433,-0.428,0.902,0.749,0.821,0.837,0.898,-0.856,-0.635,0.484,0.625,0.69,0.839,0.495,-0.793,-0.446,0.635
BCPC,0.601,0.169,0.154,0.658,0.358,0.064,0.074,0.497,0.35,-0.412,-0.331,0.081,0.499,0.309,0.127,0.613,0.694,0.504,0.222,-0.01,0.508,0.357,-0.035,0.181,0.508,-0.05,0.0,0.27,-0.354,0.177,0.111,0.469,0.407,0.649,-0.37,0.157,0.144,0.226,-0.288,0.028,0.307,0.3,0.626,0.432,0.273,-0.048,0.044,0.461,0.494,0.184,0.222,0.501,-0.14,0.222,0.413,-0.172,0.338,0.434,0.226,0.13,0.706,0.632,0.301,0.288,0.359,0.177,0.36,0.235,0.155,0.217,0.103,0.489,0.222,-0.144,0.238,0.635,-0.152,0.65,0.217,0.318,0.286,0.473,0.031,-0.28,0.089,0.549,0.612,0.408,-0.206,0.581,-0.245,0.325,0.495,0.569,0.259,-0.154,0.46,0.159,0.512,0.237,0.307,-0.166,0.397,0.255,0.364,0.698,0.483,0.539,0.427,0.196,0.183,0.441,-0.232,-0.503,0.52,0.193,0.187,0.421,0.161,-0.051,0.015,0.144,0.143,0.017,0.412,0.488,-0.021,-0.165,0.489,0.23,-0.482,0.131,0.303,0.288,0.21,0.314,0.364,-0.267,0.34,0.441,0.261,-0.053,0.052,-0.331,0.719,0.42,0.616,0.165,0.278,0.692,0.504,0.313,-0.088,0.472,0.216,-0.377,0.452,0.479,0.217,0.337,-0.026,0.394,-0.179,0.235,0.241,0.422,0.543,0.533,0.538,0.165,0.188,0.468,0.358,0.515,-0.074,0.604,0.64,0.3,0.208,0.472,0.388,0.538,0.2,0.587,0.673,0.127,0.267,-0.268,-0.021,-0.063,-0.063,-0.022,0.391,0.311,-0.46,0.281,0.651,0.033,0.534,-0.241
BEAM,0.305,0.658,0.794,0.772,0.521,0.716,-0.713,-0.279,-0.527,0.336,-0.098,-0.482,0.664,0.826,0.852,0.155,0.703,-0.239,0.798,0.767,0.809,0.45,0.827,-0.604,0.112,0.769,0.27,0.0,0.594,0.612,0.798,0.624,0.808,0.485,0.568,-0.461,0.759,0.694,0.147,0.708,0.964,0.713,0.104,0.643,0.611,0.074,0.763,0.783,-0.194,-0.328,0.629,-0.351,0.324,0.754,-0.261,0.461,-0.093,-0.121,-0.523,-0.348,0.262,0.633,-0.438,-0.497,0.333,-0.688,0.855,0.836,0.725,-0.68,0.814,-0.036,0.475,0.483,-0.566,0.477,0.785,-0.072,0.718,-0.405,0.875,0.809,0.686,0.076,0.705,-0.185,0.354,0.176,0.652,-0.338,0.647,0.737,0.147,0.686,0.825,0.616,0.829,0.501,0.639,-0.102,0.82,-0.238,0.823,0.681,0.942,-0.04,0.867,-0.238,-0.133,-0.685,-0.431,0.694,0.456,-0.05,0.772,0.824,0.717,0.117,-0.518,0.456,-0.697,-0.656,0.736,-0.506,0.68,0.296,0.682,0.729,0.664,0.627,0.365,0.91,0.626,0.606,0.868,0.747,0.552,0.507,0.05,0.53,0.243,0.564,-0.723,0.402,0.404,-0.125,0.371,-0.083,0.732,0.157,-0.107,-0.464,0.314,0.594,0.934,0.388,0.436,0.602,0.568,0.914,0.775,-0.391,0.766,-0.273,0.969,0.692,-0.16,0.684,-0.046,0.867,0.832,0.381,-0.137,-0.199,0.735,0.708,0.538,0.854,-0.302,0.713,0.729,0.498,-0.372,0.558,-0.031,0.712,0.718,0.489,0.713,0.76,-0.757,-0.455,0.689,0.583,0.306,0.832,0.553,-0.764,-0.308,0.557
BILI,-0.257,0.603,0.609,0.159,0.182,0.638,-0.76,-0.726,-0.676,0.775,0.1,-0.459,0.163,0.502,0.662,-0.224,0.015,-0.713,0.444,0.669,0.23,0.169,0.808,-0.753,-0.137,0.755,-0.354,0.594,0.0,0.382,0.623,0.229,0.532,-0.025,0.937,-0.457,0.631,0.603,0.441,0.686,0.596,0.618,-0.182,0.345,0.334,0.457,0.689,0.419,-0.612,-0.391,0.467,-0.611,0.411,0.562,-0.631,0.423,-0.52,-0.489,-0.734,-0.497,-0.166,0.071,-0.691,-0.824,0.065,-0.748,0.523,0.537,0.57,-0.712,0.636,-0.291,0.399,0.405,-0.658,-0.102,0.909,-0.4,0.421,-0.433,0.556,0.314,0.654,0.466,0.544,-0.625,-0.149,-0.062,0.815,-0.673,0.885,0.493,-0.389,0.113,0.684,0.809,0.191,0.523,0.246,-0.07,0.459,-0.001,0.402,0.466,0.512,-0.559,0.33,-0.635,-0.297,-0.718,-0.401,0.386,0.684,0.445,0.191,0.589,0.57,-0.361,-0.628,0.579,-0.533,-0.774,0.586,-0.323,0.492,-0.155,0.723,0.81,0.158,0.419,0.932,0.721,0.473,0.407,0.675,0.587,0.3,0.844,0.037,0.22,0.045,0.571,-0.681,0.731,-0.284,-0.498,0.083,-0.133,0.458,-0.447,-0.463,-0.481,0.315,0.16,0.647,0.719,-0.016,0.162,0.384,0.586,0.717,-0.574,0.835,-0.06,0.629,0.17,-0.661,0.091,-0.318,0.662,0.542,0.181,-0.307,-0.731,0.72,0.129,-0.123,0.463,-0.395,0.146,0.501,0.09,-0.296,0.237,-0.555,0.609,0.554,0.759,0.618,0.84,-0.576,-0.319,0.47,0.159,0.82,0.485,0.079,-0.589,-0.738,0.739
BJRI,0.355,0.609,0.866,0.555,0.79,0.812,-0.57,-0.26,-0.532,0.376,0.269,-0.571,0.666,0.854,0.846,0.213,0.511,-0.142,0.778,0.77,0.321,0.175,0.63,-0.418,0.265,0.822,0.177,0.612,0.382,0.0,0.805,0.79,0.736,0.361,0.514,-0.571,0.875,0.598,0.49,0.806,0.634,0.589,-0.003,0.653,0.895,0.449,0.754,0.798,0.192,-0.619,0.85,-0.246,0.113,0.836,-0.281,0.705,0.257,-0.155,-0.301,-0.736,0.225,0.565,-0.442,-0.38,-0.135,-0.488,0.645,0.821,0.835,-0.567,0.826,0.234,0.824,0.645,-0.489,0.601,0.555,-0.067,0.829,-0.239,0.813,0.711,0.839,0.213,0.89,0.218,0.489,0.296,0.469,-0.123,0.48,0.853,-0.225,0.645,0.655,0.698,0.594,0.752,0.773,0.37,0.883,0.068,0.524,0.775,0.653,-0.172,0.636,-0.099,0.214,-0.778,-0.522,0.747,0.698,0.181,0.703,0.839,0.808,-0.215,-0.751,0.743,-0.681,-0.462,0.831,-0.266,0.577,0.326,0.696,0.699,0.67,0.837,0.187,0.66,0.823,0.755,0.761,0.773,0.75,0.407,-0.139,0.711,0.206,0.515,-0.593,0.437,0.08,-0.385,0.381,-0.31,0.924,-0.227,-0.234,-0.433,0.569,0.651,0.747,0.496,0.142,0.396,0.643,0.654,0.713,-0.427,0.587,0.057,0.66,0.522,-0.021,0.46,-0.335,0.8,0.803,0.648,0.201,-0.178,0.647,0.639,0.268,0.647,-0.021,0.532,0.707,0.595,-0.137,0.484,-0.164,0.907,0.713,0.616,0.691,0.682,-0.797,-0.509,0.352,0.706,0.324,0.808,0.695,-0.689,-0.135,0.241
BLUE,0.034,0.883,0.927,0.523,0.781,0.955,-0.841,-0.565,-0.653,0.678,0.333,-0.678,0.629,0.892,0.948,-0.054,0.487,-0.452,0.868,0.981,0.546,0.161,0.92,-0.747,-0.051,0.921,0.111,0.798,0.623,0.805,0.0,0.577,0.801,0.456,0.753,-0.818,0.842,0.615,0.602,0.866,0.826,0.702,-0.17,0.756,0.823,0.255,0.861,0.825,-0.121,-0.777,0.84,-0.513,0.499,0.898,-0.602,0.54,0.045,-0.26,-0.635,-0.751,0.016,0.469,-0.708,-0.713,0.025,-0.71,0.881,0.931,0.942,-0.77,0.984,-0.114,0.663,0.704,-0.759,0.366,0.815,-0.298,0.898,-0.597,0.799,0.811,0.904,0.101,0.929,-0.121,0.176,0.014,0.772,-0.409,0.777,0.806,-0.368,0.695,0.772,0.877,0.737,0.707,0.645,0.007,0.853,-0.139,0.459,0.845,0.859,-0.286,0.756,-0.484,-0.132,-0.903,-0.801,0.677,0.816,0.121,0.738,0.917,0.71,-0.281,-0.894,0.786,-0.914,-0.803,0.841,-0.695,0.692,0.232,0.9,0.9,0.715,0.901,0.458,0.841,0.701,0.785,0.89,0.791,0.63,0.627,-0.324,0.702,-0.048,0.502,-0.774,0.401,-0.022,-0.454,0.139,-0.544,0.8,-0.19,-0.399,-0.734,0.615,0.402,0.912,0.72,0.264,0.272,0.477,0.755,0.954,-0.745,0.847,-0.126,0.885,0.468,-0.319,0.526,-0.48,0.944,0.952,0.435,-0.231,-0.426,0.802,0.688,0.356,0.681,-0.329,0.607,0.673,0.382,-0.404,0.459,-0.427,0.852,0.716,0.803,0.898,0.883,-0.909,-0.794,0.501,0.779,0.586,0.947,0.56,-0.754,-0.368,0.545
