,AAL,AAON,ACB,ACGL,ACGLO,ACIW,ADBE,ADSK,AEP,AGIO,ALEC,ALNY,ALTR,AMBA,AMCX,AMKR,AMRX,ANSS,APPN,APTO,ARCT,ARWR,ASND,ASTH,ATSG,AVTX,BCPC,BEAM,BILI,BJRI,BLUE,BPOP,BRKL,BWIN,BZUN,CARG,CBRL,CBSH,CBUS,CENTA,CERS,CFFN,CHCO,CHEF,CHRD,CINF,CLLS,CMCO,CMCSA,COLL,COMM,COOP,CPB,CRON,CROX,CRUS,CRWD,CTAS,CYBR,CYTK,DGII,DIOD,DOMO,DPZ,DSGR,DXCM,ERIE,ESTA,EXEL,FAST,FCEL,FCFS,FHB,FITBI,FSV,FTDR,FUTU,GLDD,GLPG,GLPI,GOGO,GOSS,GSAT,GYRE,HALO,HAS,HLIT,HLNE,HSDT,HSIC,HTHT,ICHR,IDYA,IMVT,INDB,INSM,IONS,IOSP,ITRI,JBHT,JBLU,JSM,KLIC,KOD,KURA,LAB,LASR,LIN,LKQ,LNT,MBUU,MCRI,MDGL,MEDP,MGNI,MGPI,MGRC,MKTX,MRNA,MRTN,MSEX,MSFT,MU,NAVI,NBTB,NEO,NEOG,NGNE,NSSC,NTAP,NTES,NTLA,NTRS,NYMTN,OBLG,OCFC,ON,ONC,OPI,OSIS,OSW,PALI,PANW,PCAR,PCRX,PCTY,PEBO,PLAB,PLAY,PLMR,PLSE,PLUS,PRTA,PSEC,PSNL,PTCT,PTON,QNST,QRVO,QTTB,RARE,RBCAA,RGNX,SAIC,SGMO,SINT,SNPS,SPSC,SPTN,SSYS,STNE,TBBK,TCPC,TENB,TGTX,TREE,TRUP,TTWO,TW,TXG,UBSI,UCTT,UFPT,UMBF,UPBD,URBN,VBTX,VCTR,VEON,VNET,VRSK,VSEC,WABC,WTFCM,WVE,WW,WWD,XEL,ZD,ZYME
AAL,0.0,0.189,0.175,0.434,0.381,0.16,-0.051,0.462,-0.752,-0.588,-0.162,0.209,-0.127,0.328,0.163,0.394,0.603,0.159,0.428,0.251,0.232,-0.404,-0.173,-0.138,0.475,0.343,-0.113,-0.038,-0.079,0.038,0.063,0.081,-0.216,0.276,0.012,-0.1,0.498,0.255,0.531,0.229,0.449,0.439,0.798,-0.133,-0.412,-0.362,0.373,0.21,-0.312,0.207,0.682,0.235,-0.484,0.683,-0.08,0.089,-0.135,0.499,-0.079,-0.366,0.748,0.11,-0.298,-0.292,-0.092,-0.192,-0.082,-0.018,-0.563,-0.495,0.762,-0.269,0.259,0.035,-0.426,-0.04,0.531,-0.004,-0.325,-0.547,0.351,0.585,0.518,0.435,-0.604,-0.233,0.5,0.598,0.307,-0.373,-0.293,0.424,0.038,0.024,0.615,-0.235,0.039,0.696,0.23,0.064,0.721,0.236,0.024,-0.28,0.228,0.061,0.509,-0.466,-0.204,-0.849,0.203,-0.12,-0.503,-0.27,0.572,0.484,-0.011,0.324,-0.469,0.26,-0.588,-0.031,0.723,-0.215,0.609,0.007,-0.691,-0.035,0.597,-0.308,-0.436,0.03,-0.001,0.161,0.609,0.693,0.364,-0.049,-0.348,-0.112,0.739,0.14,-0.004,0.347,0.636,0.047,-0.236,0.665,-0.245,0.489,0.445,-0.708,-0.044,-0.339,0.205,0.277,0.587,0.244,0.308,0.79,-0.191,0.264,0.438,-0.555,-0.195,0.881,0.545,-0.083,-0.48,0.455,0.318,-0.001,0.005,-0.123,0.719,0.348,-0.379,0.469,-0.306,0.254,0.111,0.484,-0.233,-0.111,0.348,0.479,0.14,-0.062,-0.166,0.41,-0.22,-0.284,0.177,-0.111,0.664,0.203,0.13,-0.812,0.027,0.36
AAON,0.189,0.0,-0.534,-0.057,0.773,0.949,0.723,0.688,-0.195,-0.043,0.151,0.476,-0.068,0.817,0.902,0.884,0.364,0.736,0.831,-0.183,0.788,-0.037,-0.69,-0.92,0.703,-0.578,-0.911,-0.074,-0.01,-0.375,-0.477,-0.807,-0.86,0.663,0.74,0.514,0.789,-0.716,0.844,-0.07,0.496,-0.082,0.272,0.609,-0.785,-0.898,0.804,0.711,-0.846,0.784,0.085,-0.486,0.218,0.591,-0.847,0.836,0.648,0.124,0.7,0.197,0.48,0.863,0.075,-0.938,-0.858,0.572,0.927,0.058,-0.043,-0.757,0.588,-0.623,-0.507,0.426,0.112,0.84,0.234,0.225,0.591,-0.561,0.343,0.186,-0.415,0.304,-0.278,-0.592,0.618,0.491,0.716,-0.813,-0.273,0.802,-0.144,-0.684,-0.124,0.29,0.163,0.174,0.629,-0.681,0.667,0.638,0.015,0.237,0.91,-0.589,0.801,-0.209,-0.889,-0.314,0.068,-0.811,-0.48,0.727,0.378,0.711,-0.193,0.838,-0.291,0.131,0.491,0.866,0.607,-0.876,0.094,0.69,-0.165,0.421,0.156,0.012,-0.248,0.052,-0.903,0.631,-0.285,0.599,0.871,-0.336,0.305,0.581,0.108,0.841,0.713,0.696,0.61,0.704,-0.502,-0.184,-0.187,0.853,0.893,-0.446,-0.358,-0.703,0.165,0.918,0.755,0.154,0.529,0.546,-0.16,0.185,0.425,-0.655,0.393,0.385,0.831,0.715,-0.154,0.657,0.78,-0.797,0.161,0.708,0.4,0.761,0.149,0.84,-0.734,0.512,-0.678,0.795,-0.497,-0.689,-0.615,-0.13,-0.714,0.148,-0.65,0.725,0.347,-0.222,-0.225,-0.349,0.546,0.324,-0.54,-0.453,0.575,-0.372
ACB,0.175,-0.534,0.0,0.187,-0.646,-0.495,-0.387,-0.089,-0.243,0.138,0.296,0.187,0.605,-0.171,-0.347,-0.59,-0.262,-0.158,-0.228,0.552,-0.405,0.379,0.78,0.664,-0.657,0.763,0.505,0.515,0.6,0.188,0.607,0.666,0.495,-0.197,-0.062,-0.117,-0.435,0.705,-0.333,-0.033,-0.169,0.17,-0.161,-0.279,0.596,0.469,-0.148,-0.564,0.472,-0.6,0.026,0.653,-0.718,0.171,0.788,-0.378,-0.149,-0.064,-0.24,0.292,0.014,-0.259,0.374,0.529,0.559,0.015,-0.624,0.378,0.198,0.567,0.112,0.622,0.237,-0.359,0.114,-0.653,0.161,0.437,-0.361,0.394,0.226,0.309,0.74,0.438,0.41,0.121,-0.282,0.046,-0.1,0.427,0.551,-0.147,0.67,0.612,0.51,0.214,0.446,-0.306,0.167,0.236,-0.142,-0.451,0.527,0.199,-0.509,0.715,-0.085,-0.039,0.646,-0.098,0.277,0.668,0.525,-0.688,0.264,-0.54,0.337,-0.647,0.364,-0.616,-0.436,-0.577,-0.282,0.711,0.038,-0.15,0.173,0.184,0.493,-0.078,0.52,0.474,0.653,-0.707,0.696,-0.086,-0.273,0.779,-0.211,-0.128,-0.089,-0.181,-0.524,-0.693,-0.202,-0.098,0.313,0.666,0.548,-0.451,-0.338,0.133,0.536,0.712,0.459,-0.653,-0.472,0.42,0.161,0.031,0.359,-0.21,0.039,0.279,0.064,0.073,-0.405,-0.443,-0.474,0.055,-0.108,0.395,0.384,-0.371,-0.005,-0.156,0.19,-0.465,0.361,0.091,0.602,-0.141,0.095,0.671,0.712,0.268,0.423,0.314,0.197,0.002,0.072,0.018,0.112,0.561,-0.134,-0.329,0.57,0.05,-0.549,0.668
ACGL,0.434,-0.057,0.187,0.0,0.018,-0.021,-0.011,0.251,-0.256,-0.052,0.118,0.201,-0.002,0.127,-0.035,-0.031,0.345,0.058,0.174,0.369,0.094,0.039,0.173,0.17,0.072,0.353,0.192,0.218,0.19,-0.092,0.362,0.371,0.135,0.211,-0.011,0.175,0.012,0.365,0.082,-0.051,0.25,0.575,0.258,0.205,0.052,0.031,0.209,0.128,0.091,0.137,0.279,0.392,-0.416,0.266,0.219,-0.066,-0.035,0.422,0.028,-0.026,0.382,0.065,0.079,0.067,0.158,0.004,-0.122,0.383,-0.063,0.015,0.202,0.123,0.235,0.152,0.122,-0.175,0.235,0.1,-0.114,0.051,0.382,0.49,0.331,0.207,-0.034,0.092,0.178,0.266,0.012,0.043,0.187,0.185,0.324,0.294,0.479,0.124,0.21,0.296,0.095,0.292,0.281,0.133,0.302,0.046,0.032,0.397,0.168,-0.003,0.134,-0.258,0.371,0.199,0.073,-0.217,0.308,-0.059,0.391,-0.04,0.106,-0.101,-0.245,-0.071,0.116,0.109,0.411,0.025,-0.206,0.012,0.357,0.077,-0.001,0.29,0.218,-0.255,0.46,0.26,0.159,0.172,-0.012,0.075,0.192,-0.066,-0.031,0.075,0.078,0.002,0.131,0.51,0.183,0.178,0.153,-0.267,0.321,0.115,0.301,0.008,0.092,0.329,0.231,0.319,0.151,0.123,0.371,0.024,0.048,0.403,0.11,-0.039,-0.349,0.225,0.105,0.228,0.201,0.107,0.469,0.193,0.039,-0.03,0.247,0.208,0.343,0.173,-0.006,0.28,0.491,0.341,0.229,-0.098,0.139,0.073,0.017,0.181,0.389,0.172,0.291,-0.058,0.35,-0.172,-0.107,0.399
ACGLO,0.381,0.773,-0.646,0.018,0.0,0.712,0.396,0.414,-0.293,-0.466,-0.283,0.087,-0.454,0.49,0.579,0.859,0.609,0.375,0.577,-0.392,0.531,-0.523,-0.888,-0.851,0.883,-0.575,-0.716,-0.482,-0.415,-0.213,-0.627,-0.705,-0.748,0.487,0.299,0.169,0.767,-0.559,0.77,0.249,0.351,0.044,0.587,0.266,-0.872,-0.816,0.5,0.736,-0.778,0.682,0.313,-0.541,0.361,0.524,-0.847,0.631,0.21,0.184,0.278,-0.34,0.434,0.484,-0.418,-0.823,-0.706,0.072,0.675,-0.328,-0.52,-0.865,0.496,-0.831,-0.187,0.512,-0.287,0.665,0.307,-0.222,0.197,-0.794,0.117,0.06,-0.385,-0.059,-0.702,-0.581,0.488,0.374,0.547,-0.721,-0.598,0.559,-0.415,-0.672,-0.099,-0.233,-0.264,0.521,0.183,-0.428,0.527,0.691,-0.356,-0.308,0.687,-0.706,0.554,-0.282,-0.821,-0.458,-0.114,-0.853,-0.812,0.497,0.127,0.828,-0.367,0.842,-0.651,0.578,0.079,0.607,0.761,-0.891,0.281,0.242,-0.574,-0.12,0.0,-0.113,-0.694,-0.364,-0.79,0.792,-0.257,0.574,0.637,-0.681,-0.014,0.249,0.472,0.53,0.502,0.783,0.612,0.239,-0.444,-0.199,-0.581,0.758,0.682,-0.555,-0.604,-0.836,-0.263,0.857,0.818,-0.143,0.183,0.478,-0.487,0.251,0.19,-0.695,-0.116,0.504,0.751,0.407,0.014,0.326,0.487,-0.524,-0.162,0.386,0.373,0.498,-0.327,0.786,-0.707,0.161,-0.614,0.533,-0.322,-0.755,-0.503,0.03,-0.392,-0.075,-0.436,0.482,-0.129,-0.34,-0.139,-0.516,0.478,0.428,-0.562,-0.601,0.533,-0.461
ACIW,0.16,0.949,-0.495,-0.021,0.712,0.0,0.793,0.745,-0.216,0.03,0.187,0.559,0.04,0.859,0.935,0.815,0.335,0.808,0.886,-0.145,0.837,0.106,-0.638,-0.871,0.628,-0.558,-0.856,0.07,0.139,-0.5,-0.329,-0.725,-0.843,0.698,0.789,0.623,0.675,-0.668,0.831,-0.102,0.565,-0.103,0.203,0.677,-0.715,-0.886,0.833,0.722,-0.814,0.76,0.044,-0.422,0.124,0.563,-0.752,0.901,0.759,0.124,0.792,0.306,0.521,0.9,0.219,-0.913,-0.822,0.692,0.914,0.17,0.052,-0.702,0.558,-0.489,-0.504,0.419,0.289,0.787,0.24,0.262,0.646,-0.44,0.48,0.232,-0.326,0.322,-0.157,-0.543,0.637,0.562,0.69,-0.743,-0.127,0.842,-0.092,-0.587,-0.043,0.413,0.235,0.094,0.671,-0.65,0.625,0.653,0.116,0.338,0.884,-0.499,0.814,-0.161,-0.837,-0.315,0.181,-0.775,-0.381,0.682,0.455,0.656,-0.15,0.784,-0.161,0.041,0.485,0.886,0.549,-0.83,0.061,0.761,-0.099,0.478,0.187,0.15,-0.131,0.221,-0.852,0.576,-0.222,0.572,0.913,-0.265,0.374,0.692,-0.016,0.853,0.781,0.642,0.56,0.778,-0.475,-0.125,-0.07,0.82,0.895,-0.451,-0.265,-0.626,0.286,0.886,0.718,0.229,0.647,0.525,-0.043,0.051,0.504,-0.599,0.509,0.356,0.816,0.71,-0.225,0.721,0.865,-0.744,0.169,0.813,0.395,0.857,0.265,0.773,-0.728,0.585,-0.627,0.842,-0.551,-0.595,-0.512,-0.189,-0.747,0.099,-0.667,0.762,0.375,-0.151,-0.237,-0.21,0.528,0.24,-0.482,-0.418,0.566,-0.375
ADBE,-0.051,0.723,-0.387,-0.011,0.396,0.793,0.0,0.767,0.123,0.393,0.4,0.66,0.034,0.767,0.849,0.472,0.001,0.876,0.81,0.198,0.856,0.428,-0.347,-0.618,0.45,-0.425,-0.651,0.348,0.227,-0.338,-0.028,-0.525,-0.621,0.784,0.672,0.676,0.417,-0.568,0.503,-0.461,0.52,-0.191,-0.13,0.603,-0.364,-0.686,0.742,0.435,-0.472,0.561,-0.153,-0.068,0.009,0.349,-0.523,0.62,0.836,-0.079,0.896,0.498,0.352,0.795,0.464,-0.623,-0.691,0.753,0.739,0.263,0.344,-0.47,0.271,-0.134,-0.348,0.137,0.467,0.723,0.297,0.393,0.574,-0.038,0.337,0.224,-0.358,0.242,0.171,-0.181,0.709,0.408,0.424,-0.617,0.134,0.618,0.002,-0.455,-0.001,0.556,0.322,-0.043,0.613,-0.481,0.463,0.512,0.275,0.594,0.773,-0.228,0.655,-0.057,-0.582,-0.062,0.185,-0.402,0.001,0.563,0.484,0.357,0.062,0.656,0.217,-0.109,0.597,0.784,0.268,-0.5,-0.215,0.767,0.237,0.626,-0.05,0.332,0.14,0.354,-0.643,0.33,-0.186,0.411,0.69,0.073,0.659,0.693,-0.26,0.635,0.939,0.387,0.228,0.868,-0.383,-0.125,0.016,0.601,0.679,-0.166,0.189,-0.371,0.43,0.647,0.523,0.37,0.623,0.289,0.177,-0.032,0.542,-0.147,0.696,0.06,0.674,0.83,-0.229,0.573,0.75,-0.629,0.314,0.793,0.452,0.771,0.507,0.576,-0.431,0.699,-0.495,0.671,-0.545,-0.257,-0.402,-0.506,-0.705,-0.126,-0.436,0.54,0.596,0.263,-0.178,-0.09,0.392,-0.063,-0.372,-0.1,0.668,-0.089
ADSK,0.462,0.688,-0.089,0.251,0.414,0.745,0.767,0.0,-0.436,0.102,0.296,0.803,0.173,0.913,0.817,0.563,0.292,0.825,0.931,0.323,0.799,0.298,-0.248,-0.508,0.457,-0.132,-0.602,0.425,0.372,-0.374,0.147,-0.274,-0.595,0.77,0.675,0.636,0.533,-0.23,0.711,-0.139,0.775,0.116,0.27,0.529,-0.452,-0.705,0.852,0.476,-0.537,0.516,0.314,0.123,-0.367,0.683,-0.346,0.641,0.679,0.269,0.686,0.354,0.763,0.804,0.391,-0.669,-0.549,0.664,0.544,0.425,0.073,-0.575,0.681,-0.111,-0.194,0.132,0.325,0.442,0.459,0.384,0.326,-0.294,0.649,0.562,0.108,0.567,-0.046,-0.272,0.8,0.836,0.465,-0.622,0.081,0.827,0.152,-0.208,0.369,0.523,0.368,0.261,0.769,-0.385,0.785,0.498,0.344,0.444,0.746,-0.089,0.882,-0.143,-0.521,-0.544,0.339,-0.335,-0.151,0.29,0.781,0.476,0.149,0.562,-0.015,-0.138,0.183,0.62,0.553,-0.45,0.216,0.656,-0.137,0.604,0.469,0.219,0.065,0.514,-0.438,0.254,0.286,0.699,0.852,0.191,0.261,0.632,0.05,0.68,0.697,0.488,0.563,0.822,-0.434,0.403,0.079,0.783,0.824,-0.588,0.185,-0.353,0.665,0.649,0.646,0.501,0.873,0.707,0.298,0.019,0.81,-0.48,0.538,0.543,0.832,0.646,-0.552,0.837,0.881,-0.524,0.428,0.646,0.736,0.907,0.329,0.697,-0.458,0.701,-0.261,0.915,-0.464,-0.175,-0.056,-0.025,-0.529,-0.021,-0.489,0.775,0.363,-0.006,-0.028,-0.068,0.681,0.187,-0.177,-0.528,0.399,0.207
AEP,-0.752,-0.195,-0.243,-0.256,-0.293,-0.216,0.123,-0.436,0.0,0.613,0.217,-0.196,-0.173,-0.41,-0.199,-0.365,-0.44,-0.187,-0.41,-0.091,-0.157,0.267,0.119,0.149,-0.248,-0.218,0.184,-0.042,-0.169,0.163,-0.07,-0.077,0.279,-0.143,-0.153,-0.025,-0.43,-0.238,-0.59,-0.446,-0.488,-0.284,-0.64,-0.011,0.403,0.325,-0.354,-0.246,0.392,-0.105,-0.686,-0.116,0.492,-0.603,-0.01,-0.283,0.001,-0.58,0.085,0.212,-0.749,-0.174,0.149,0.331,0.093,-0.024,0.01,-0.156,0.459,0.397,-0.754,0.198,-0.045,-0.109,0.194,0.191,-0.3,0.007,0.221,0.556,-0.493,-0.441,-0.53,-0.533,0.444,0.274,-0.321,-0.729,-0.291,0.241,0.203,-0.467,-0.044,-0.106,-0.522,0.091,-0.123,-0.428,-0.322,0.044,-0.568,-0.144,-0.092,0.203,-0.174,-0.057,-0.533,0.323,0.208,0.889,-0.303,0.181,0.438,0.227,-0.59,-0.418,0.134,-0.146,0.442,-0.065,0.517,0.039,-0.599,0.216,-0.534,-0.076,0.68,-0.039,-0.727,0.259,0.206,-0.205,-0.026,-0.084,-0.591,-0.581,-0.454,0.013,0.571,0.025,-0.551,-0.26,0.1,-0.31,-0.68,-0.127,0.295,-0.636,0.025,-0.442,-0.439,0.795,0.187,0.231,-0.312,-0.235,-0.456,-0.276,-0.456,-0.747,0.069,-0.091,-0.377,0.691,0.135,-0.827,-0.446,0.113,0.497,-0.559,-0.416,0.037,0.026,0.049,-0.463,-0.414,0.305,-0.429,0.375,-0.216,-0.085,-0.553,0.134,0.087,-0.355,-0.572,-0.011,-0.119,0.425,-0.569,0.255,0.483,-0.004,0.098,-0.6,-0.246,-0.122,0.833,0.234,-0.201
AGIO,-0.588,-0.043,0.138,-0.052,-0.466,0.03,0.393,0.102,0.613,0.0,0.674,0.449,0.443,0.116,0.146,-0.358,-0.407,0.255,0.018,0.324,0.14,0.852,0.452,0.211,-0.495,0.039,0.07,0.626,0.506,-0.141,0.45,0.099,0.193,0.13,0.343,0.475,-0.455,-0.079,-0.363,-0.524,-0.023,-0.176,-0.756,0.377,0.509,0.222,0.111,-0.188,0.326,-0.031,-0.621,0.177,-0.058,-0.274,0.224,0.003,0.467,-0.46,0.466,0.771,-0.338,0.283,0.79,0.21,0.106,0.561,0.091,0.526,0.853,0.472,-0.393,0.534,-0.178,-0.087,0.696,0.075,-0.185,0.497,0.472,0.711,0.141,0.061,-0.117,0.043,0.843,0.238,-0.104,-0.201,-0.121,0.212,0.636,0.014,0.461,0.205,-0.168,0.76,0.439,-0.644,0.302,-0.121,-0.251,-0.112,0.453,0.773,0.063,0.303,-0.073,0.404,0.243,0.677,0.141,0.31,0.799,0.191,-0.019,-0.523,0.484,-0.286,0.792,-0.658,0.594,0.211,-0.597,0.32,-0.473,0.378,0.812,0.556,-0.164,0.501,0.71,0.528,0.038,-0.328,-0.145,-0.338,-0.027,0.558,0.693,0.478,-0.777,0.119,0.247,-0.386,-0.488,0.418,0.236,-0.115,0.593,-0.243,-0.101,0.573,0.596,0.469,0.434,-0.189,-0.438,0.266,0.237,-0.39,0.643,-0.305,0.214,0.569,0.693,-0.598,-0.242,0.372,-0.019,0.041,0.099,-0.106,0.515,0.41,-0.158,0.086,0.809,-0.327,0.382,0.25,0.039,-0.043,-0.026,0.316,-0.104,-0.478,-0.25,0.084,0.233,-0.084,0.575,0.496,-0.016,0.447,-0.302,-0.216,0.116,0.708,0.021,0.163
ALEC,-0.162,0.151,0.296,0.118,-0.283,0.187,0.4,0.296,0.217,0.674,0.0,0.61,0.528,0.315,0.325,-0.107,-0.205,0.476,0.302,0.621,0.323,0.719,0.48,0.072,-0.288,0.295,-0.065,0.681,0.603,-0.112,0.444,-0.047,-0.011,0.297,0.553,0.415,-0.091,-0.091,0.021,-0.687,0.055,0.029,-0.457,0.298,0.183,-0.049,0.441,-0.136,0.088,0.119,-0.473,0.28,-0.428,0.167,0.12,0.075,0.55,-0.145,0.59,0.782,0.041,0.427,0.724,0.015,-0.035,0.586,0.146,0.554,0.684,0.232,0.128,0.296,-0.344,0.002,0.449,0.128,0.007,0.798,0.426,0.443,0.398,0.464,0.13,0.493,0.599,-0.003,0.096,0.02,0.33,-0.064,0.629,0.279,0.707,0.144,0.12,0.759,0.815,-0.512,0.588,-0.148,0.129,0.042,0.699,0.814,0.242,0.446,0.278,-0.135,0.031,0.282,0.416,0.2,0.586,0.168,0.405,-0.35,0.346,-0.05,0.66,-0.724,0.467,0.221,-0.288,0.143,-0.292,0.638,0.572,0.712,0.266,0.066,0.63,0.647,-0.068,-0.378,0.174,0.029,0.185,0.62,0.621,0.369,-0.413,0.346,0.213,-0.373,-0.103,0.58,-0.029,0.192,0.587,-0.023,0.235,0.23,0.614,0.256,0.599,-0.081,-0.047,0.564,0.382,0.103,0.352,-0.08,0.422,0.272,0.803,-0.05,0.047,0.383,-0.412,0.434,0.321,-0.244,0.483,0.361,0.217,0.293,0.666,-0.028,0.118,0.604,-0.018,0.248,-0.391,0.203,-0.026,-0.264,-0.335,0.207,-0.07,0.248,0.838,0.329,-0.059,0.471,0.089,-0.39,0.242,0.31,0.03,0.303
ALNY,0.209,0.476,0.187,0.201,0.087,0.559,0.66,0.803,-0.196,0.449,0.61,0.0,0.451,0.764,0.701,0.254,0.073,0.75,0.749,0.474,0.68,0.621,0.107,-0.277,0.08,0.08,-0.456,0.692,0.616,-0.288,0.377,-0.162,-0.433,0.664,0.714,0.658,0.203,-0.175,0.455,-0.379,0.559,-0.046,-0.131,0.478,-0.138,-0.484,0.782,0.167,-0.317,0.323,-0.093,0.218,-0.452,0.568,-0.103,0.494,0.68,-0.105,0.696,0.648,0.45,0.738,0.671,-0.438,-0.327,0.768,0.375,0.599,0.425,-0.237,0.508,0.11,-0.304,0.001,0.506,0.282,0.318,0.617,0.412,0.053,0.624,0.634,0.206,0.622,0.298,-0.196,0.523,0.594,0.47,-0.447,0.401,0.707,0.515,0.033,0.273,0.763,0.642,-0.149,0.829,-0.419,0.534,0.209,0.541,0.704,0.556,0.133,0.717,-0.114,-0.285,-0.24,0.275,-0.102,0.247,0.161,0.702,0.131,0.246,0.26,0.302,-0.515,0.243,0.456,0.212,-0.175,-0.113,0.691,0.159,0.749,0.425,0.213,0.399,0.728,-0.305,-0.048,0.344,0.42,0.659,0.5,0.424,0.669,-0.236,0.666,0.495,0.035,0.309,0.826,-0.327,0.391,0.42,0.472,0.619,-0.288,0.438,-0.036,0.809,0.379,0.319,0.61,0.807,0.507,0.511,-0.182,0.762,-0.195,0.761,0.272,0.532,0.536,-0.609,0.749,0.772,-0.478,0.549,0.574,0.534,0.761,0.538,0.399,-0.277,0.703,-0.202,0.725,-0.418,-0.027,-0.009,-0.192,-0.553,0.022,-0.322,0.68,0.532,0.02,-0.172,0.241,0.437,-0.003,-0.093,-0.218,0.185,0.35
ALTR,-0.127,-0.068,0.605,-0.002,-0.454,0.04,0.034,0.173,-0.173,0.443,0.528,0.451,0.0,0.263,0.147,-0.252,-0.219,0.266,0.116,0.272,-0.026,0.703,0.574,0.252,-0.615,0.348,0.1,0.704,0.841,-0.35,0.452,0.25,0.117,-0.078,0.504,0.376,-0.299,0.264,-0.0,-0.1,0.053,0.009,-0.36,0.292,0.332,0.166,0.235,-0.179,0.111,-0.16,-0.204,0.241,-0.5,0.118,0.429,0.192,0.385,-0.042,0.262,0.759,0.11,0.304,0.739,0.12,0.194,0.583,-0.034,0.669,0.625,0.454,0.188,0.527,-0.273,-0.016,0.592,-0.257,-0.159,0.677,0.333,0.445,0.489,0.219,0.415,0.618,0.649,-0.121,-0.18,0.228,0.193,0.242,0.65,0.303,0.685,0.366,0.239,0.686,0.707,-0.648,0.587,-0.194,-0.059,-0.189,0.728,0.625,-0.092,0.482,0.21,0.157,0.256,0.077,0.462,0.251,0.593,-0.096,0.364,-0.376,0.303,-0.427,0.547,-0.858,0.161,0.021,-0.293,0.309,-0.136,0.397,0.454,0.571,0.569,0.144,0.723,0.765,0.21,-0.497,0.34,-0.023,0.184,0.629,0.115,0.365,-0.496,0.319,-0.163,-0.462,-0.062,0.389,0.121,0.423,0.817,-0.15,0.06,0.173,0.354,0.546,0.654,-0.269,-0.364,0.545,0.505,0.08,0.509,-0.322,0.171,0.073,0.545,-0.056,-0.178,-0.005,-0.421,0.449,0.333,-0.04,0.43,0.225,-0.164,0.254,0.604,-0.264,0.112,0.342,0.244,0.246,-0.115,0.372,0.306,0.022,-0.131,0.473,-0.214,0.36,0.408,0.008,-0.097,0.624,-0.037,-0.198,0.349,0.165,-0.433,0.208
AMBA,0.328,0.817,-0.171,0.127,0.49,0.859,0.767,0.913,-0.41,0.116,0.315,0.764,0.263,0.0,0.9,0.692,0.323,0.871,0.939,0.153,0.824,0.301,-0.339,-0.656,0.441,-0.277,-0.729,0.385,0.376,-0.439,-0.016,-0.452,-0.708,0.693,0.806,0.713,0.604,-0.386,0.811,-0.109,0.749,0.019,0.188,0.673,-0.534,-0.76,0.918,0.551,-0.653,0.606,0.198,-0.092,-0.217,0.696,-0.488,0.789,0.768,0.239,0.744,0.413,0.709,0.923,0.411,-0.782,-0.625,0.76,0.718,0.453,0.152,-0.562,0.702,-0.26,-0.386,0.252,0.365,0.557,0.301,0.403,0.554,-0.311,0.616,0.475,-0.053,0.612,-0.015,-0.408,0.702,0.754,0.623,-0.644,0.031,0.904,0.14,-0.34,0.177,0.564,0.425,0.097,0.842,-0.555,0.767,0.485,0.348,0.506,0.828,-0.214,0.899,-0.106,-0.654,-0.452,0.294,-0.488,-0.18,0.498,0.712,0.506,0.033,0.602,-0.052,-0.202,0.362,0.739,0.543,-0.588,0.129,0.781,-0.103,0.633,0.468,0.166,0.075,0.488,-0.61,0.327,0.121,0.668,0.934,0.067,0.248,0.671,0.01,0.823,0.687,0.519,0.609,0.869,-0.48,0.236,0.159,0.802,0.887,-0.545,0.011,-0.406,0.608,0.729,0.64,0.479,0.865,0.686,0.232,0.035,0.688,-0.577,0.591,0.49,0.83,0.739,-0.456,0.884,0.925,-0.665,0.33,0.73,0.598,0.899,0.36,0.744,-0.563,0.733,-0.402,0.942,-0.486,-0.362,-0.249,-0.097,-0.651,0.11,-0.637,0.866,0.4,-0.164,-0.133,-0.049,0.655,0.206,-0.286,-0.482,0.348,0.002
AMCX,0.163,0.902,-0.347,-0.035,0.579,0.935,0.849,0.817,-0.199,0.146,0.325,0.701,0.147,0.9,0.0,0.726,0.173,0.877,0.925,0.024,0.877,0.255,-0.487,-0.804,0.534,-0.43,-0.853,0.268,0.254,-0.432,-0.195,-0.67,-0.826,0.771,0.847,0.668,0.653,-0.611,0.8,-0.257,0.578,-0.148,0.098,0.662,-0.632,-0.865,0.891,0.599,-0.762,0.684,0.003,-0.265,-0.016,0.611,-0.652,0.817,0.811,0.034,0.848,0.417,0.519,0.923,0.354,-0.856,-0.821,0.753,0.85,0.286,0.154,-0.654,0.614,-0.373,-0.512,0.26,0.335,0.751,0.303,0.418,0.606,-0.352,0.51,0.29,-0.246,0.451,-0.043,-0.467,0.676,0.584,0.712,-0.772,-0.027,0.848,0.036,-0.553,0.016,0.523,0.365,0.022,0.791,-0.676,0.658,0.569,0.23,0.475,0.868,-0.385,0.855,-0.2,-0.779,-0.317,0.199,-0.638,-0.245,0.592,0.578,0.579,-0.054,0.733,-0.046,-0.103,0.491,0.844,0.523,-0.718,-0.032,0.825,-0.011,0.601,0.208,0.128,0.002,0.339,-0.79,0.446,-0.101,0.589,0.899,-0.068,0.428,0.697,-0.072,0.875,0.789,0.51,0.564,0.892,-0.503,-0.036,0.023,0.825,0.875,-0.416,-0.113,-0.543,0.459,0.81,0.688,0.335,0.722,0.559,0.067,0.012,0.564,-0.527,0.611,0.343,0.813,0.755,-0.333,0.796,0.901,-0.793,0.272,0.779,0.46,0.877,0.343,0.772,-0.676,0.687,-0.605,0.872,-0.592,-0.491,-0.459,-0.253,-0.78,0.076,-0.672,0.825,0.503,-0.12,-0.282,-0.162,0.52,0.181,-0.458,-0.399,0.524,-0.193
AMKR,0.394,0.884,-0.59,-0.031,0.859,0.815,0.472,0.563,-0.365,-0.358,-0.107,0.254,-0.252,0.692,0.726,0.0,0.594,0.525,0.71,-0.336,0.651,-0.378,-0.809,-0.906,0.811,-0.567,-0.835,-0.283,-0.262,-0.302,-0.587,-0.768,-0.823,0.469,0.521,0.346,0.864,-0.624,0.898,0.143,0.505,0.02,0.515,0.433,-0.915,-0.857,0.681,0.724,-0.878,0.763,0.314,-0.55,0.261,0.618,-0.881,0.72,0.376,0.267,0.413,-0.162,0.566,0.68,-0.242,-0.92,-0.752,0.235,0.782,-0.113,-0.339,-0.86,0.662,-0.799,-0.387,0.408,-0.19,0.75,0.234,-0.06,0.42,-0.769,0.232,0.145,-0.317,0.216,-0.584,-0.589,0.546,0.507,0.661,-0.774,-0.536,0.717,-0.314,-0.691,-0.138,-0.029,-0.069,0.432,0.421,-0.587,0.724,0.572,-0.198,-0.074,0.821,-0.683,0.694,-0.266,-0.912,-0.481,-0.025,-0.859,-0.742,0.681,0.294,0.818,-0.339,0.857,-0.601,0.382,0.254,0.73,0.772,-0.93,0.313,0.448,-0.445,0.139,0.194,-0.141,-0.544,-0.176,-0.833,0.759,-0.237,0.622,0.79,-0.583,-0.015,0.309,0.406,0.694,0.541,0.833,0.768,0.444,-0.566,-0.151,-0.396,0.882,0.838,-0.618,-0.58,-0.846,-0.044,0.914,0.836,-0.037,0.361,0.622,-0.332,0.252,0.341,-0.83,0.078,0.567,0.858,0.547,-0.104,0.569,0.623,-0.702,-0.121,0.505,0.442,0.586,-0.187,0.892,-0.721,0.329,-0.656,0.714,-0.391,-0.801,-0.582,0.008,-0.551,0.048,-0.608,0.658,0.017,-0.449,-0.169,-0.463,0.592,0.487,-0.573,-0.627,0.482,-0.431
AMRX,0.603,0.364,-0.262,0.345,0.609,0.335,0.001,0.292,-0.44,-0.407,-0.205,0.073,-0.219,0.323,0.173,0.594,0.0,0.126,0.324,-0.17,0.28,-0.44,-0.434,-0.355,0.544,-0.098,-0.246,-0.243,-0.256,-0.17,-0.182,-0.203,-0.3,0.131,0.085,0.122,0.416,-0.093,0.539,0.325,0.392,0.349,0.617,0.135,-0.489,-0.381,0.376,0.474,-0.377,0.519,0.422,-0.281,0.013,0.497,-0.382,0.32,-0.07,0.4,-0.049,-0.336,0.52,0.258,-0.326,-0.446,-0.104,-0.131,0.233,-0.029,-0.398,-0.48,0.467,-0.541,0.047,0.408,-0.269,0.191,0.187,-0.198,0.095,-0.515,0.207,0.418,0.119,0.092,-0.569,-0.334,0.263,0.356,0.337,-0.285,-0.391,0.488,-0.027,-0.075,0.116,-0.17,-0.1,0.538,0.084,-0.04,0.5,0.38,-0.108,-0.255,0.397,-0.215,0.336,-0.111,-0.383,-0.443,0.1,-0.425,-0.524,0.2,0.153,0.458,-0.14,0.393,-0.483,0.345,-0.205,0.245,0.565,-0.487,0.513,0.036,-0.561,-0.16,0.37,-0.1,-0.547,-0.106,-0.302,0.439,0.106,0.415,0.425,-0.431,-0.245,0.009,0.569,0.216,0.052,0.511,0.491,-0.033,-0.171,0.243,-0.229,0.476,0.484,-0.516,-0.292,-0.433,-0.102,0.482,0.499,-0.032,0.152,0.525,-0.226,0.274,0.295,-0.557,-0.156,0.626,0.511,0.083,-0.125,0.304,0.268,-0.133,-0.191,0.147,0.461,0.251,-0.292,0.445,-0.294,0.12,-0.136,0.379,-0.048,-0.454,-0.038,0.342,-0.016,-0.03,-0.068,0.274,-0.321,-0.315,0.139,-0.115,0.533,0.375,-0.121,-0.5,0.091,-0.085
ANSS,0.159,0.736,-0.158,0.058,0.375,0.808,0.876,0.825,-0.187,0.255,0.476,0.75,0.266,0.871,0.877,0.525,0.126,0.0,0.89,0.312,0.848,0.426,-0.213,-0.6,0.399,-0.188,-0.648,0.45,0.385,-0.381,0.032,-0.497,-0.664,0.773,0.756,0.639,0.506,-0.444,0.663,-0.433,0.56,-0.089,-0.008,0.587,-0.427,-0.728,0.878,0.435,-0.552,0.533,-0.081,0.01,-0.269,0.554,-0.433,0.656,0.843,0.092,0.879,0.558,0.565,0.85,0.504,-0.646,-0.648,0.791,0.68,0.4,0.326,-0.46,0.551,-0.174,-0.435,0.143,0.409,0.593,0.295,0.588,0.544,-0.126,0.496,0.439,-0.069,0.56,0.117,-0.353,0.674,0.553,0.637,-0.644,0.166,0.782,0.197,-0.369,0.184,0.602,0.578,-0.09,0.799,-0.474,0.578,0.504,0.509,0.634,0.796,-0.062,0.827,-0.269,-0.583,-0.294,0.366,-0.382,-0.002,0.456,0.731,0.337,0.084,0.613,0.19,-0.273,0.483,0.722,0.408,-0.488,-0.106,0.867,0.093,0.73,0.29,0.078,0.162,0.512,-0.592,0.22,0.082,0.577,0.787,0.173,0.491,0.649,-0.108,0.749,0.776,0.291,0.387,0.927,-0.465,0.145,0.178,0.644,0.812,-0.347,0.175,-0.336,0.576,0.598,0.585,0.609,0.751,0.541,0.081,0.026,0.591,-0.343,0.74,0.322,0.74,0.729,-0.447,0.797,0.872,-0.639,0.342,0.719,0.563,0.866,0.47,0.634,-0.521,0.889,-0.418,0.834,-0.683,-0.248,-0.24,-0.331,-0.699,0.077,-0.596,0.76,0.642,0.063,-0.213,0.032,0.584,-0.155,-0.233,-0.308,0.449,0.03
APPN,0.428,0.831,-0.228,0.174,0.577,0.886,0.81,0.931,-0.41,0.018,0.302,0.749,0.116,0.939,0.925,0.71,0.324,0.89,0.0,0.202,0.895,0.201,-0.414,-0.707,0.592,-0.238,-0.752,0.324,0.282,-0.417,-0.045,-0.513,-0.777,0.815,0.757,0.627,0.676,-0.443,0.849,-0.214,0.724,0.022,0.273,0.578,-0.634,-0.863,0.938,0.58,-0.725,0.661,0.211,-0.069,-0.246,0.733,-0.547,0.747,0.752,0.211,0.793,0.335,0.736,0.875,0.317,-0.811,-0.731,0.678,0.709,0.312,0.04,-0.702,0.742,-0.325,-0.366,0.244,0.264,0.613,0.447,0.399,0.458,-0.395,0.613,0.516,-0.021,0.551,-0.141,-0.417,0.82,0.755,0.671,-0.777,-0.017,0.877,0.087,-0.402,0.252,0.468,0.395,0.21,0.794,-0.538,0.807,0.565,0.294,0.429,0.852,-0.224,0.94,-0.312,-0.718,-0.545,0.306,-0.544,-0.29,0.427,0.769,0.588,-0.013,0.735,-0.094,-0.073,0.267,0.739,0.63,-0.654,0.127,0.775,-0.175,0.603,0.392,0.075,-0.05,0.417,-0.65,0.375,0.153,0.728,0.923,0.016,0.328,0.635,0.107,0.803,0.764,0.537,0.651,0.865,-0.521,0.226,0.002,0.851,0.932,-0.604,0.018,-0.534,0.561,0.784,0.782,0.471,0.802,0.738,0.092,0.037,0.733,-0.578,0.569,0.561,0.899,0.684,-0.519,0.881,0.935,-0.673,0.282,0.716,0.694,0.948,0.274,0.807,-0.639,0.768,-0.471,0.952,-0.623,-0.396,-0.236,-0.128,-0.677,-0.006,-0.642,0.858,0.429,-0.097,-0.199,-0.11,0.707,0.137,-0.314,-0.575,0.504,-0.004
APTO,0.251,-0.183,0.552,0.369,-0.392,-0.145,0.198,0.323,-0.091,0.324,0.621,0.474,0.272,0.153,0.024,-0.336,-0.17,0.312,0.202,0.0,0.171,0.498,0.612,0.389,-0.203,0.646,0.241,0.612,0.405,0.318,0.728,0.385,0.23,0.318,0.047,0.046,-0.1,0.369,-0.11,-0.508,0.114,0.201,-0.127,-0.141,0.352,0.112,0.23,-0.419,0.355,-0.189,-0.043,0.779,-0.776,0.224,0.453,-0.311,0.157,0.096,0.24,0.387,0.268,0.016,0.425,0.284,0.233,0.226,-0.32,0.392,0.327,0.212,0.191,0.46,0.218,-0.338,0.107,-0.254,0.334,0.56,-0.217,0.363,0.258,0.636,0.496,0.524,0.35,0.293,0.276,0.135,0.052,0.029,0.454,0.07,0.518,0.441,0.571,0.372,0.633,-0.024,0.29,0.337,0.202,-0.111,0.576,0.486,0.038,0.74,0.187,-0.342,0.349,-0.131,0.367,0.591,0.508,-0.381,0.589,-0.322,0.424,-0.145,0.502,-0.436,-0.122,-0.267,-0.102,0.48,-0.077,0.287,0.19,0.497,0.3,-0.034,0.434,0.542,0.372,-0.507,0.636,0.231,-0.046,0.779,0.284,-0.018,0.022,-0.099,0.076,-0.425,-0.086,0.318,0.028,0.61,0.4,-0.118,0.063,-0.042,0.839,0.351,0.611,-0.331,0.014,0.678,0.315,0.293,0.259,0.065,0.499,0.34,0.477,0.226,0.058,0.11,-0.537,0.283,0.11,0.171,0.402,-0.093,0.538,0.169,0.284,-0.078,0.224,0.549,0.38,0.155,-0.317,0.533,0.524,-0.001,0.106,-0.085,0.136,0.053,0.542,0.392,0.181,0.41,0.248,-0.521,0.503,-0.004,-0.055,0.838
ARCT,0.232,0.788,-0.405,0.094,0.531,0.837,0.856,0.799,-0.157,0.14,0.323,0.68,-0.026,0.824,0.877,0.651,0.28,0.848,0.895,0.171,0.0,0.224,-0.419,-0.696,0.601,-0.329,-0.729,0.296,0.111,-0.261,-0.05,-0.603,-0.755,0.783,0.666,0.603,0.622,-0.616,0.715,-0.405,0.639,-0.18,0.077,0.566,-0.555,-0.797,0.876,0.473,-0.627,0.724,-0.0,-0.166,-0.068,0.545,-0.608,0.627,0.753,0.094,0.814,0.314,0.538,0.788,0.308,-0.74,-0.717,0.625,0.742,0.239,0.167,-0.641,0.532,-0.365,-0.411,0.136,0.266,0.693,0.331,0.304,0.569,-0.249,0.425,0.448,-0.227,0.394,-0.073,-0.192,0.815,0.497,0.609,-0.748,-0.052,0.743,0.009,-0.386,0.013,0.455,0.352,0.152,0.639,-0.483,0.7,0.488,0.184,0.502,0.85,-0.237,0.758,-0.281,-0.722,-0.323,0.185,-0.493,-0.216,0.527,0.622,0.548,-0.084,0.745,0.024,-0.011,0.414,0.732,0.469,-0.637,-0.114,0.777,-0.05,0.58,0.095,0.091,-0.013,0.319,-0.699,0.406,-0.059,0.528,0.763,-0.052,0.469,0.511,0.069,0.661,0.814,0.502,0.533,0.831,-0.539,-0.025,-0.026,0.771,0.831,-0.443,0.073,-0.555,0.458,0.75,0.72,0.363,0.594,0.6,0.06,0.102,0.663,-0.423,0.633,0.365,0.822,0.754,-0.291,0.74,0.777,-0.689,0.089,0.689,0.612,0.79,0.295,0.747,-0.582,0.76,-0.58,0.791,-0.609,-0.463,-0.385,-0.319,-0.752,-0.185,-0.536,0.658,0.477,-0.001,-0.286,-0.179,0.647,0.059,-0.387,-0.38,0.526,-0.046
ARWR,-0.404,-0.037,0.379,0.039,-0.523,0.106,0.428,0.298,0.267,0.852,0.719,0.621,0.703,0.301,0.255,-0.378,-0.44,0.426,0.201,0.498,0.224,0.0,0.59,0.252,-0.556,0.197,0.081,0.869,0.81,-0.246,0.642,0.225,0.147,0.225,0.494,0.578,-0.41,0.072,-0.202,-0.501,0.138,-0.121,-0.679,0.416,0.513,0.157,0.274,-0.202,0.265,-0.077,-0.472,0.385,-0.397,-0.082,0.383,0.114,0.613,-0.263,0.551,0.907,-0.071,0.375,0.945,0.174,0.111,0.751,0.064,0.717,0.883,0.479,-0.146,0.671,-0.213,-0.154,0.835,-0.054,-0.052,0.665,0.433,0.72,0.397,0.243,0.128,0.37,0.912,0.229,0.032,0.088,0.0,0.2,0.82,0.196,0.609,0.346,0.116,0.89,0.681,-0.67,0.522,-0.113,-0.102,-0.144,0.705,0.9,0.055,0.509,0.136,0.289,0.275,0.383,0.386,0.384,0.844,0.035,0.314,-0.505,0.485,-0.332,0.855,-0.843,0.454,0.147,-0.518,0.378,-0.411,0.519,0.742,0.715,0.162,0.48,0.885,0.834,0.147,-0.51,0.144,-0.147,0.13,0.761,0.575,0.545,-0.746,0.228,0.246,-0.462,-0.343,0.583,0.182,0.194,0.796,-0.183,0.02,0.367,0.717,0.578,0.727,-0.22,-0.381,0.566,0.513,-0.143,0.727,-0.365,0.349,0.457,0.809,-0.369,-0.16,0.334,-0.324,0.317,0.314,-0.073,0.549,0.447,-0.018,0.304,0.872,-0.288,0.268,0.482,0.172,0.179,-0.139,0.465,0.176,-0.336,-0.262,0.151,-0.003,0.164,0.645,0.461,-0.029,0.581,-0.105,-0.367,0.267,0.48,-0.089,0.322
ASND,-0.173,-0.69,0.78,0.173,-0.888,-0.638,-0.347,-0.248,0.119,0.452,0.48,0.107,0.574,-0.339,-0.487,-0.809,-0.434,-0.213,-0.414,0.612,-0.419,0.59,0.0,0.839,-0.831,0.764,0.687,0.618,0.562,0.192,0.757,0.712,0.689,-0.322,-0.175,-0.105,-0.664,0.626,-0.617,-0.313,-0.26,0.134,-0.478,-0.232,0.804,0.712,-0.29,-0.672,0.73,-0.597,-0.245,0.674,-0.611,-0.291,0.872,-0.591,-0.119,-0.054,-0.191,0.443,-0.222,-0.355,0.509,0.773,0.703,0.021,-0.67,0.468,0.536,0.818,-0.268,0.791,0.149,-0.415,0.292,-0.695,-0.185,0.438,-0.214,0.741,0.077,0.247,0.549,0.285,0.677,0.474,-0.37,-0.219,-0.348,0.632,0.697,-0.36,0.65,0.762,0.28,0.352,0.51,-0.499,0.018,0.464,-0.364,-0.559,0.577,0.419,-0.571,0.879,-0.341,0.128,0.791,0.293,0.331,0.869,0.839,-0.565,0.119,-0.823,0.479,-0.793,0.694,-0.709,-0.127,-0.585,-0.636,0.871,-0.224,-0.107,0.473,0.26,0.248,0.004,0.723,0.537,0.775,-0.878,0.489,-0.371,-0.504,0.822,0.04,-0.183,-0.34,-0.409,-0.499,-0.822,-0.497,-0.107,0.38,0.466,0.691,-0.661,-0.503,0.409,0.741,0.843,0.44,-0.819,-0.684,0.421,-0.021,-0.237,0.471,-0.177,-0.004,0.609,0.238,-0.255,-0.617,-0.344,-0.25,-0.112,-0.328,0.475,0.303,-0.346,-0.133,-0.328,0.378,-0.688,0.674,0.063,0.639,-0.351,0.179,0.762,0.634,0.081,0.371,0.151,0.367,-0.297,0.26,0.343,0.152,0.607,-0.246,-0.503,0.674,0.459,-0.586,0.636
ASTH,-0.138,-0.92,0.664,0.17,-0.851,-0.871,-0.618,-0.508,0.149,0.211,0.072,-0.277,0.252,-0.656,-0.804,-0.906,-0.355,-0.6,-0.707,0.389,-0.696,0.252,0.839,0.0,-0.788,0.697,0.922,0.278,0.234,0.341,0.656,0.9,0.908,-0.567,-0.571,-0.39,-0.792,0.793,-0.821,-0.006,-0.385,0.211,-0.28,-0.472,0.873,0.913,-0.666,-0.718,0.906,-0.739,-0.077,0.612,-0.394,-0.503,0.935,-0.773,-0.497,-0.028,-0.558,0.026,-0.363,-0.709,0.15,0.937,0.891,-0.362,-0.883,0.168,0.206,0.836,-0.504,0.782,0.495,-0.408,0.053,-0.86,-0.197,-0.003,-0.497,0.673,-0.124,0.005,0.492,-0.082,0.458,0.629,-0.517,-0.375,-0.673,0.825,0.461,-0.648,0.345,0.811,0.272,-0.031,0.054,-0.222,-0.418,0.705,-0.544,-0.592,0.207,-0.014,-0.827,0.755,-0.659,0.261,0.961,0.315,0.107,0.916,0.647,-0.721,-0.216,-0.776,0.39,-0.897,0.482,-0.344,-0.398,-0.81,-0.662,0.956,-0.019,-0.514,0.291,-0.195,0.041,0.088,0.467,0.19,0.95,-0.743,0.402,-0.505,-0.762,0.571,-0.168,-0.426,-0.196,-0.747,-0.67,-0.728,-0.612,-0.532,0.573,0.372,0.415,-0.815,-0.787,0.466,0.576,0.835,0.081,-0.934,-0.779,0.066,-0.318,-0.439,0.355,-0.097,-0.228,0.695,-0.181,-0.329,-0.788,-0.595,0.04,-0.485,-0.649,0.8,0.087,-0.596,-0.282,-0.614,0.074,-0.851,0.777,-0.347,0.813,-0.651,0.443,0.824,0.719,0.257,0.71,-0.03,0.648,-0.645,-0.145,0.362,0.354,0.49,-0.449,-0.349,0.714,0.48,-0.605,0.555
ATSG,0.475,0.703,-0.657,0.072,0.883,0.628,0.45,0.457,-0.248,-0.495,-0.288,0.08,-0.615,0.441,0.534,0.811,0.544,0.399,0.592,-0.203,0.601,-0.556,-0.831,-0.788,0.0,-0.468,-0.646,-0.459,-0.531,-0.055,-0.547,-0.659,-0.698,0.568,0.172,0.072,0.812,-0.538,0.71,0.059,0.378,0.03,0.606,0.112,-0.835,-0.807,0.487,0.607,-0.709,0.674,0.355,-0.338,0.254,0.497,-0.82,0.455,0.153,0.213,0.274,-0.409,0.502,0.384,-0.486,-0.75,-0.696,-0.039,0.589,-0.412,-0.53,-0.909,0.492,-0.771,-0.093,0.273,-0.407,0.683,0.445,-0.231,0.072,-0.757,-0.002,0.109,-0.346,-0.047,-0.751,-0.402,0.662,0.343,0.466,-0.787,-0.63,0.456,-0.496,-0.657,-0.016,-0.323,-0.266,0.679,0.099,-0.293,0.617,0.624,-0.355,-0.301,0.692,-0.601,0.529,-0.438,-0.786,-0.522,-0.131,-0.719,-0.805,0.419,0.226,0.827,-0.361,0.922,-0.625,0.698,0.015,0.522,0.782,-0.817,0.272,0.205,-0.554,-0.075,-0.069,-0.187,-0.736,-0.396,-0.698,0.744,-0.186,0.616,0.54,-0.618,0.024,0.091,0.578,0.385,0.574,0.764,0.601,0.234,-0.499,-0.158,-0.69,0.757,0.673,-0.578,-0.453,-0.878,-0.245,0.819,0.89,-0.079,0.111,0.532,-0.536,0.35,0.271,-0.609,-0.118,0.535,0.803,0.388,-0.045,0.296,0.406,-0.464,-0.221,0.275,0.559,0.454,-0.395,0.814,-0.667,0.241,-0.556,0.499,-0.396,-0.678,-0.412,-0.021,-0.36,-0.242,-0.371,0.367,-0.082,-0.182,-0.086,-0.569,0.577,0.301,-0.492,-0.643,0.694,-0.282
AVTX,0.343,-0.578,0.763,0.353,-0.575,-0.558,-0.425,-0.132,-0.218,0.039,0.295,0.08,0.348,-0.277,-0.43,-0.567,-0.098,-0.188,-0.238,0.646,-0.329,0.197,0.764,0.697,-0.468,0.0,0.603,0.412,0.333,0.246,0.619,0.636,0.527,-0.164,-0.291,-0.35,-0.364,0.678,-0.33,-0.209,-0.154,0.289,0.0,-0.38,0.477,0.466,-0.161,-0.513,0.508,-0.469,0.05,0.657,-0.746,0.026,0.743,-0.568,-0.309,0.12,-0.274,0.122,0.067,-0.369,0.179,0.586,0.561,-0.215,-0.706,0.283,0.104,0.448,0.094,0.498,0.292,-0.331,-0.087,-0.67,0.063,0.37,-0.459,0.339,0.122,0.478,0.776,0.403,0.196,0.289,-0.165,-0.046,-0.142,0.336,0.362,-0.193,0.575,0.634,0.563,0.055,0.419,-0.087,0.025,0.49,-0.067,-0.362,0.458,0.1,-0.443,0.803,-0.111,-0.268,0.616,-0.152,0.297,0.696,0.451,-0.755,0.331,-0.514,0.429,-0.523,0.343,-0.419,-0.489,-0.598,-0.16,0.667,0.081,-0.144,0.003,0.107,0.423,-0.335,0.291,0.358,0.685,-0.691,0.8,0.013,-0.369,0.638,-0.124,-0.316,0.142,-0.365,-0.528,-0.635,-0.165,-0.177,0.275,0.713,0.392,-0.398,-0.276,0.067,0.578,0.534,0.38,-0.643,-0.3,0.447,-0.022,0.146,0.133,-0.006,0.087,0.296,0.029,0.194,-0.327,-0.459,-0.403,0.016,-0.229,0.466,0.191,-0.495,0.193,-0.203,0.024,-0.413,0.433,0.117,0.593,-0.16,-0.032,0.604,0.728,0.291,0.42,0.051,0.311,-0.141,0.111,0.144,0.149,0.501,0.053,-0.428,0.681,0.009,-0.509,0.718
BCPC,-0.113,-0.911,0.505,0.192,-0.716,-0.856,-0.651,-0.602,0.184,0.07,-0.065,-0.456,0.1,-0.729,-0.853,-0.835,-0.246,-0.648,-0.752,0.241,-0.729,0.081,0.687,0.922,-0.646,0.603,0.0,0.113,0.086,0.285,0.518,0.844,0.933,-0.61,-0.648,-0.449,-0.756,0.767,-0.804,0.039,-0.429,0.289,-0.18,-0.475,0.787,0.887,-0.729,-0.562,0.861,-0.629,-0.041,0.529,-0.291,-0.543,0.825,-0.765,-0.545,0.046,-0.598,-0.127,-0.356,-0.761,0.002,0.923,0.868,-0.486,-0.839,0.009,0.105,0.78,-0.565,0.669,0.559,-0.332,-0.04,-0.79,-0.163,-0.127,-0.49,0.622,-0.204,-0.127,0.391,-0.252,0.327,0.565,-0.558,-0.457,-0.689,0.852,0.373,-0.69,0.2,0.674,0.273,-0.199,-0.075,-0.125,-0.567,0.76,-0.577,-0.454,0.148,-0.157,-0.839,0.668,-0.733,0.24,0.903,0.336,0.138,0.8,0.507,-0.633,-0.331,-0.727,0.326,-0.806,0.397,-0.167,-0.387,-0.755,-0.626,0.843,0.083,-0.579,0.23,-0.399,-0.027,0.09,0.28,0.04,0.888,-0.637,0.303,-0.481,-0.786,0.331,-0.178,-0.475,-0.108,-0.792,-0.626,-0.649,-0.657,-0.658,0.596,0.279,0.281,-0.804,-0.808,0.49,0.432,0.737,-0.141,-0.88,-0.726,0.009,-0.458,-0.493,0.147,-0.008,-0.363,0.688,-0.313,-0.303,-0.794,-0.63,0.138,-0.572,-0.716,0.889,-0.089,-0.579,-0.3,-0.664,-0.016,-0.867,0.755,-0.39,0.829,-0.717,0.428,0.747,0.684,0.268,0.795,-0.039,0.703,-0.724,-0.231,0.42,0.475,0.441,-0.464,-0.398,0.711,0.484,-0.506,0.365
BEAM,-0.038,-0.074,0.515,0.218,-0.482,0.07,0.348,0.425,-0.042,0.626,0.681,0.692,0.704,0.385,0.268,-0.283,-0.243,0.45,0.324,0.612,0.296,0.869,0.618,0.278,-0.459,0.412,0.113,0.0,0.812,-0.25,0.767,0.314,0.111,0.236,0.471,0.582,-0.274,0.199,-0.019,-0.484,0.357,0.019,-0.474,0.367,0.4,0.097,0.401,-0.185,0.177,-0.02,-0.191,0.517,-0.659,0.164,0.432,0.043,0.559,-0.06,0.477,0.757,0.226,0.358,0.882,0.148,0.141,0.616,-0.06,0.793,0.725,0.349,0.142,0.612,-0.175,-0.221,0.696,-0.176,0.121,0.647,0.318,0.576,0.547,0.466,0.401,0.564,0.731,0.255,0.18,0.3,0.104,0.119,0.754,0.313,0.668,0.424,0.307,0.804,0.742,-0.453,0.602,-0.087,0.171,-0.186,0.747,0.836,0.07,0.626,0.274,0.105,0.238,0.057,0.513,0.416,0.695,-0.104,0.587,-0.424,0.464,-0.278,0.715,-0.804,0.196,0.073,-0.299,0.351,-0.244,0.511,0.507,0.689,0.384,0.317,0.755,0.911,0.238,-0.517,0.445,0.008,0.209,0.759,0.373,0.419,-0.445,0.249,0.194,-0.417,-0.061,0.585,0.058,0.456,0.778,-0.024,0.13,0.084,0.727,0.479,0.875,-0.192,-0.198,0.669,0.593,0.171,0.704,-0.337,0.514,0.255,0.746,-0.027,-0.002,0.273,-0.572,0.527,0.383,-0.061,0.424,0.359,0.256,0.369,0.703,-0.151,0.243,0.615,0.21,0.329,-0.226,0.455,0.354,-0.197,-0.214,0.051,-0.088,0.334,0.528,0.309,-0.051,0.577,0.137,-0.331,0.333,0.187,-0.166,0.479
BILI,-0.079,-0.01,0.6,0.19,-0.415,0.139,0.227,0.372,-0.169,0.506,0.603,0.616,0.841,0.376,0.254,-0.262,-0.256,0.385,0.282,0.405,0.111,0.81,0.562,0.234,-0.531,0.333,0.086,0.812,0.0,-0.442,0.574,0.315,0.115,0.203,0.591,0.564,-0.298,0.292,0.009,-0.235,0.206,0.126,-0.36,0.442,0.345,0.084,0.349,-0.022,0.096,-0.107,-0.172,0.404,-0.62,0.223,0.455,0.256,0.568,-0.03,0.428,0.811,0.185,0.421,0.866,0.077,0.113,0.709,0.02,0.78,0.602,0.383,0.172,0.607,-0.229,-0.031,0.763,-0.19,0.102,0.686,0.298,0.461,0.684,0.349,0.427,0.541,0.715,-0.038,-0.01,0.37,0.116,0.199,0.848,0.346,0.735,0.358,0.378,0.817,0.702,-0.58,0.646,-0.142,0.046,-0.073,0.804,0.717,-0.026,0.521,0.319,0.191,0.249,0.028,0.604,0.268,0.629,-0.127,0.46,-0.427,0.443,-0.369,0.631,-0.872,0.181,0.112,-0.299,0.293,-0.039,0.456,0.458,0.609,0.584,0.352,0.795,0.905,0.188,-0.554,0.419,0.058,0.31,0.721,0.25,0.591,-0.557,0.356,0.044,-0.393,-0.134,0.509,0.155,0.493,0.807,-0.076,0.13,0.093,0.539,0.561,0.775,-0.167,-0.29,0.633,0.676,0.08,0.65,-0.349,0.357,0.149,0.625,-0.001,-0.102,0.118,-0.577,0.507,0.46,0.009,0.606,0.415,0.059,0.434,0.749,-0.219,0.153,0.462,0.294,0.338,-0.114,0.452,0.37,0.039,-0.135,0.405,-0.166,0.412,0.472,0.196,0.037,0.609,0.011,-0.264,0.396,0.16,-0.243,0.288
BJRI,0.038,-0.375,0.188,-0.092,-0.213,-0.5,-0.338,-0.374,0.163,-0.141,-0.112,-0.288,-0.35,-0.439,-0.432,-0.302,-0.17,-0.381,-0.417,0.318,-0.261,-0.246,0.192,0.341,-0.055,0.246,0.285,-0.25,-0.442,0.0,0.106,0.224,0.343,-0.196,-0.556,-0.542,-0.006,0.23,-0.376,-0.076,-0.354,-0.026,0.025,-0.62,0.274,0.32,-0.403,-0.606,0.441,-0.376,-0.04,0.317,0.017,-0.142,0.209,-0.603,-0.523,-0.108,-0.453,-0.423,-0.288,-0.577,-0.379,0.408,0.346,-0.509,-0.455,-0.39,-0.231,0.172,-0.178,-0.001,0.514,-0.486,-0.595,-0.23,0.126,-0.193,-0.539,0.054,-0.517,-0.027,-0.012,-0.102,-0.148,0.389,-0.117,-0.432,-0.211,0.134,-0.248,-0.475,-0.165,0.228,0.056,-0.447,-0.187,0.272,-0.459,0.422,-0.152,-0.372,-0.302,-0.301,-0.291,0.183,-0.427,-0.228,0.358,0.053,-0.349,0.468,0.011,-0.371,-0.219,-0.081,-0.046,-0.157,-0.094,0.259,-0.337,-0.597,-0.102,0.418,-0.113,-0.407,-0.132,-0.265,-0.325,-0.261,-0.113,-0.417,0.334,-0.059,0.075,-0.125,-0.573,0.132,-0.173,-0.639,0.406,-0.536,-0.324,-0.271,-0.157,-0.41,0.124,-0.031,-0.203,-0.355,-0.431,0.144,0.175,0.116,-0.273,-0.406,-0.116,-0.128,-0.488,-0.107,-0.264,0.299,-0.228,0.308,-0.327,-0.068,-0.242,-0.245,0.236,-0.466,-0.574,0.294,-0.206,-0.684,0.013,-0.557,-0.414,-0.143,0.197,-0.223,0.232,-0.475,0.153,0.194,0.168,0.065,0.455,-0.261,0.383,-0.483,-0.127,0.018,0.176,-0.146,-0.168,-0.164,0.152,0.042,-0.111,0.458
BLUE,0.063,-0.477,0.607,0.362,-0.627,-0.329,-0.028,0.147,-0.07,0.45,0.444,0.377,0.452,-0.016,-0.195,-0.587,-0.182,0.032,-0.045,0.728,-0.05,0.642,0.757,0.656,-0.547,0.619,0.518,0.767,0.574,0.106,0.0,0.69,0.488,-0.024,-0.039,0.203,-0.514,0.55,-0.346,-0.271,0.198,0.181,-0.302,-0.037,0.647,0.427,-0.023,-0.422,0.541,-0.29,-0.034,0.722,-0.718,-0.059,0.743,-0.328,0.087,0.051,0.025,0.404,0.108,-0.131,0.579,0.501,0.57,0.204,-0.498,0.627,0.477,0.519,-0.085,0.74,0.294,-0.313,0.413,-0.569,0.119,0.318,-0.143,0.619,0.369,0.483,0.568,0.319,0.594,0.537,-0.007,0.119,-0.273,0.453,0.66,-0.037,0.541,0.804,0.464,0.482,0.479,-0.173,0.142,0.431,-0.043,-0.336,0.516,0.475,-0.25,0.8,-0.111,0.11,0.611,0.045,0.432,0.721,0.7,-0.492,0.361,-0.546,0.476,-0.541,0.629,-0.543,-0.223,-0.391,-0.417,0.672,-0.088,0.059,0.311,0.308,0.274,0.341,0.624,0.719,0.652,-0.607,0.608,-0.144,-0.182,0.761,0.123,0.052,-0.236,-0.25,-0.113,-0.539,-0.238,0.115,0.278,0.585,0.656,-0.338,-0.231,0.091,0.829,0.625,0.649,-0.512,-0.358,0.47,0.289,0.044,0.623,-0.233,0.421,0.469,0.398,-0.012,-0.267,-0.12,-0.456,0.151,-0.043,0.404,0.278,-0.071,0.222,0.017,0.378,-0.415,0.48,0.268,0.566,-0.035,0.046,0.699,0.687,0.075,0.234,-0.133,0.305,-0.114,0.2,0.391,0.222,0.549,-0.006,-0.359,0.584,0.219,-0.308,0.708
