,AAL,AAON,ACB,ACGL,ACGLO,ACIW,ADBE,ADSK,AEP,AGIO,ALEC,ALNY,ALTR,AMBA,AMCX,AMKR,AMRX,ANSS,APPN,APTO,ARCT,ARWR,ASND,ASTH,ATSG,AVTX,BCPC,BEAM,BILI,BJRI,BLUE,BPOP,BRKL,BWIN,BZUN,CARG,CBRL,CBSH,CBUS,CENTA,CERS,CFFN,CHCO,CHEF,CHRD,CINF,CLLS,CMCO,CMCSA,COLL,COMM,COOP,CPB,CRON,CROX,CRUS,CRWD,CTAS,CYBR,CYTK,DGII,DIOD,DOMO,DPZ,DSGR,DXCM,ERIE,ESTA,EXEL,FAST,FCEL,FCFS,FHB,FITBI,FSV,FTDR,FUTU,GLDD,GLPG,GLPI,GOGO,GOSS,GSAT,GYRE,HALO,HAS,HLIT,HLNE,HSDT,HSIC,HTHT,ICHR,IDYA,IMVT,INDB,INSM,IONS,IOSP,ITRI,JBHT,JBLU,JSM,KLIC,KOD,KURA,LAB,LASR,LIN,LKQ,LNT,MBUU,MCRI,MDGL,MEDP,MGNI,MGPI,MGRC,MKTX,MRNA,MRTN,MSEX,MSFT,MU,NAVI,NBTB,NEO,NEOG,NGNE,NSSC,NTAP,NTES,NTLA,NTRS,NYMTN,OBLG,OCFC,ON,ONC,OPI,OSIS,OSW,PALI,PANW,PCAR,PCRX,PCTY,PEBO,PLAB,PLAY,PLMR,PLSE,PLUS,PRTA,PSEC,PSNL,PTCT,PTON,QNST,QRVO,QTTB,RARE,RBCAA,RGNX,SAIC,SGMO,SINT,SNPS,SPSC,SPTN,SSYS,STNE,TBBK,TCPC,TENB,TGTX,TREE,TRUP,TTWO,TW,TXG,UBSI,UCTT,UFPT,UMBF,UPBD,URBN,VBTX,VCTR,VEON,VNET,VRSK,VSEC,WABC,WTFCM,WVE,WW,WWD,XEL,ZD,ZYME
AAL,0.0,-0.504,0.809,0.078,0.805,0.868,0.12,0.855,0.329,0.81,0.735,-0.258,0.804,-0.211,0.938,0.442,0.928,0.146,0.848,0.807,-0.417,0.251,0.814,0.713,0.504,0.884,0.537,0.881,0.836,0.614,0.807,0.848,0.875,0.761,0.892,0.511,0.937,0.878,0.817,0.918,0.806,0.907,0.794,0.905,0.806,0.889,0.732,0.956,0.692,0.935,-0.347,0.918,0.308,0.851,0.834,-0.116,0.854,0.386,0.74,0.569,0.83,0.228,0.721,-0.281,0.911,0.817,0.91,0.556,0.877,-0.037,0.842,0.864,0.936,0.919,0.06,0.824,0.879,0.751,0.78,0.824,0.913,0.896,0.854,0.767,0.901,0.2,0.131,0.653,0.846,0.913,0.878,0.472,0.517,0.85,0.964,0.906,0.872,0.921,0.937,0.668,0.915,0.511,-0.093,0.895,0.842,0.554,0.908,0.778,0.592,-0.262,0.368,0.825,0.749,0.752,0.911,-0.706,0.698,0.736,-0.785,0.878,0.526,0.454,-0.674,0.09,0.599,0.903,0.913,0.783,0.252,-0.07,0.412,0.817,0.91,0.588,0.731,0.869,-0.574,0.615,0.947,0.892,0.948,0.805,-0.508,0.795,0.641,0.715,0.879,0.094,0.924,0.881,0.7,0.95,0.823,0.815,0.881,0.854,0.643,0.396,0.598,0.84,0.415,0.923,0.745,0.778,0.923,0.76,-0.144,0.575,0.718,0.897,0.804,0.797,0.682,0.87,0.893,0.921,0.222,0.794,-0.034,0.767,0.837,0.73,-0.025,0.697,0.009,0.778,0.874,0.565,0.769,0.871,-0.454,0.93,0.769,0.518,0.852,0.813,0.908,-0.387,0.919,0.224
AAON,-0.504,0.0,-0.623,0.542,-0.199,-0.25,-0.515,-0.565,0.27,-0.832,-0.128,0.033,-0.625,0.589,-0.544,0.023,-0.625,0.233,-0.664,-0.752,0.15,0.127,-0.592,-0.823,0.138,-0.679,-0.164,-0.654,-0.694,0.255,-0.763,-0.551,-0.582,-0.453,-0.653,-0.063,-0.565,-0.304,-0.831,-0.463,-0.554,-0.596,-0.258,-0.19,-0.354,-0.485,-0.383,-0.532,-0.693,-0.569,0.782,-0.31,0.225,-0.594,-0.672,0.678,-0.77,0.241,-0.849,-0.686,-0.281,0.284,-0.893,0.253,-0.601,-0.74,-0.696,-0.095,-0.698,0.586,-0.804,-0.514,-0.45,-0.568,0.21,-0.564,-0.716,-0.262,-0.23,-0.11,-0.507,-0.542,-0.715,-0.441,-0.699,0.284,-0.145,-0.377,-0.805,-0.452,-0.668,-0.587,-0.287,-0.339,-0.496,-0.589,-0.31,-0.328,-0.517,-0.135,-0.259,-0.032,0.609,-0.704,-0.763,-0.587,-0.57,-0.044,-0.31,0.72,-0.445,-0.191,-0.769,-0.608,-0.654,0.776,-0.285,-0.109,0.25,-0.512,-0.482,-0.421,0.609,0.731,-0.043,-0.728,-0.611,-0.396,0.054,0.237,-0.663,-0.652,-0.44,-0.634,-0.531,-0.46,0.565,-0.866,-0.585,-0.429,-0.371,-0.788,0.08,-0.087,0.019,-0.712,-0.587,0.567,-0.481,-0.81,-0.744,-0.335,-0.669,-0.684,-0.558,-0.553,-0.671,0.416,0.091,-0.663,0.311,-0.424,-0.204,-0.511,-0.587,-0.739,0.324,-0.346,-0.376,-0.676,-0.501,-0.82,0.055,-0.683,-0.64,-0.566,0.335,-0.495,-0.243,-0.549,-0.461,-0.307,0.238,-0.151,0.669,-0.597,-0.529,-0.243,-0.529,-0.76,0.311,-0.465,-0.032,-0.481,-0.76,-0.367,-0.535,0.702,-0.616,-0.594
ACB,0.809,-0.623,0.0,-0.125,0.561,0.83,0.289,0.857,-0.034,0.838,0.646,-0.427,0.845,-0.151,0.897,0.388,0.902,0.166,0.931,0.909,-0.112,-0.007,0.915,0.86,0.283,0.848,0.342,0.88,0.925,0.403,0.881,0.717,0.684,0.891,0.944,0.58,0.857,0.667,0.892,0.841,0.813,0.751,0.46,0.661,0.702,0.721,0.807,0.839,0.657,0.899,-0.391,0.693,0.311,0.979,0.918,-0.214,0.876,0.28,0.849,0.504,0.809,0.133,0.822,-0.224,0.9,0.897,0.884,0.617,0.893,-0.066,0.903,0.726,0.735,0.831,-0.071,0.855,0.897,0.641,0.76,0.7,0.915,0.824,0.921,0.551,0.931,0.141,0.017,0.617,0.884,0.872,0.818,0.557,0.463,0.717,0.802,0.851,0.809,0.809,0.912,0.654,0.76,0.391,-0.003,0.904,0.862,0.851,0.868,0.638,0.604,-0.494,0.178,0.689,0.858,0.8,0.95,-0.61,0.526,0.779,-0.679,0.812,0.362,0.511,-0.759,-0.144,0.29,0.9,0.793,0.789,0.08,-0.075,0.503,0.905,0.791,0.556,0.699,0.687,-0.536,0.813,0.894,0.836,0.838,0.886,-0.393,0.623,0.594,0.752,0.718,0.042,0.878,0.864,0.751,0.733,0.791,0.703,0.903,0.773,0.859,0.324,0.616,0.885,0.33,0.703,0.494,0.631,0.926,0.86,-0.012,0.683,0.588,0.937,0.889,0.754,0.505,0.857,0.817,0.931,0.256,0.872,0.179,0.829,0.616,0.785,-0.304,0.402,-0.067,0.823,0.745,0.563,0.777,0.94,-0.47,0.825,0.466,0.384,0.871,0.86,0.76,-0.586,0.898,0.289
ACGL,0.078,0.542,-0.125,0.0,0.226,0.222,-0.362,-0.056,0.727,-0.363,0.056,0.069,-0.145,0.137,0.04,0.35,-0.119,0.241,-0.271,-0.103,-0.431,-0.097,-0.11,-0.251,0.784,-0.083,0.547,-0.202,-0.189,0.547,-0.241,0.259,0.154,0.004,-0.063,-0.096,-0.001,0.443,-0.264,0.1,-0.128,0.088,0.4,0.187,0.406,0.144,-0.26,0.175,-0.16,0.004,0.621,0.272,0.587,-0.132,-0.129,0.45,-0.326,0.612,-0.383,-0.19,0.2,0.192,-0.421,0.36,-0.158,-0.176,-0.057,0.104,-0.143,0.693,-0.29,-0.229,0.301,-0.052,0.556,0.11,-0.084,0.512,-0.011,0.272,-0.037,-0.145,-0.237,-0.245,-0.141,0.624,0.233,0.28,-0.247,0.201,-0.076,-0.138,0.362,0.062,0.162,-0.041,0.164,0.239,0.009,0.528,0.258,0.546,0.548,-0.218,-0.261,-0.424,-0.003,0.326,0.463,0.827,0.167,0.467,-0.38,-0.119,-0.155,0.255,0.319,0.244,-0.23,0.226,0.169,0.017,0.302,0.682,0.362,-0.192,0.115,-0.138,0.522,-0.212,-0.199,-0.173,0.309,-0.196,-0.418,0.253,0.27,-0.433,0.036,0.211,0.165,-0.332,-0.1,0.56,0.199,-0.243,0.174,0.405,0.099,-0.262,-0.195,0.212,-0.081,-0.018,-0.212,0.097,-0.335,0.53,0.323,-0.257,0.342,0.27,-0.006,0.176,-0.089,-0.404,0.221,0.127,0.299,-0.232,-0.124,-0.189,0.228,-0.154,-0.068,-0.109,0.376,-0.251,-0.1,-0.349,0.317,0.123,0.516,0.484,0.628,-0.061,0.09,-0.135,-0.217,-0.21,0.309,0.194,0.59,-0.114,-0.298,0.107,0.116,0.678,-0.197,-0.64
ACGLO,0.805,-0.199,0.561,0.226,0.0,0.783,-0.1,0.682,0.367,0.526,0.708,-0.334,0.552,0.133,0.737,0.508,0.732,0.224,0.603,0.523,-0.485,0.275,0.606,0.387,0.551,0.583,0.413,0.64,0.57,0.69,0.567,0.632,0.676,0.605,0.682,0.505,0.749,0.785,0.491,0.768,0.56,0.701,0.749,0.861,0.615,0.729,0.636,0.744,0.487,0.763,-0.12,0.801,0.222,0.637,0.582,0.112,0.583,0.414,0.427,0.267,0.789,0.417,0.389,-0.289,0.675,0.532,0.643,0.436,0.608,0.146,0.551,0.735,0.741,0.809,0.083,0.605,0.58,0.634,0.757,0.8,0.737,0.736,0.593,0.629,0.658,0.211,0.019,0.534,0.523,0.743,0.683,0.192,0.267,0.763,0.818,0.719,0.734,0.854,0.768,0.513,0.816,0.539,0.04,0.628,0.573,0.307,0.66,0.816,0.432,-0.054,0.228,0.724,0.486,0.557,0.676,-0.368,0.706,0.658,-0.801,0.7,0.331,0.311,-0.506,0.364,0.708,0.647,0.682,0.69,0.297,0.047,0.189,0.567,0.716,0.293,0.559,0.755,-0.362,0.314,0.757,0.717,0.812,0.478,-0.618,0.697,0.709,0.44,0.712,0.221,0.694,0.599,0.336,0.836,0.563,0.544,0.699,0.622,0.379,0.548,0.659,0.54,0.605,0.824,0.735,0.545,0.728,0.462,-0.039,0.422,0.551,0.651,0.647,0.499,0.733,0.604,0.663,0.73,0.259,0.623,-0.151,0.549,0.699,0.622,-0.037,0.629,0.137,0.594,0.692,0.519,0.657,0.594,-0.455,0.773,0.781,0.4,0.586,0.695,0.677,-0.201,0.708,0.027
ACIW,0.868,-0.25,0.83,0.222,0.783,0.0,-0.023,0.86,0.325,0.613,0.827,-0.52,0.748,0.095,0.906,0.637,0.833,0.381,0.802,0.698,-0.309,0.152,0.802,0.598,0.597,0.706,0.463,0.788,0.733,0.792,0.675,0.666,0.66,0.847,0.849,0.673,0.883,0.814,0.65,0.906,0.714,0.701,0.61,0.89,0.757,0.734,0.765,0.856,0.525,0.895,-0.125,0.849,0.511,0.858,0.77,0.155,0.724,0.602,0.595,0.27,0.925,0.363,0.523,-0.173,0.829,0.738,0.789,0.648,0.759,0.282,0.67,0.731,0.8,0.831,-0.033,0.816,0.758,0.756,0.892,0.92,0.911,0.769,0.757,0.603,0.804,0.412,-0.046,0.652,0.689,0.918,0.754,0.274,0.425,0.79,0.853,0.802,0.942,0.94,0.918,0.739,0.934,0.558,0.252,0.759,0.719,0.56,0.844,0.923,0.602,-0.127,0.024,0.859,0.598,0.729,0.86,-0.399,0.608,0.916,-0.861,0.826,0.287,0.413,-0.682,0.276,0.491,0.771,0.761,0.819,0.268,-0.012,0.198,0.789,0.81,0.396,0.634,0.74,-0.366,0.451,0.89,0.897,0.933,0.656,-0.616,0.839,0.83,0.561,0.71,0.396,0.898,0.683,0.488,0.888,0.67,0.573,0.851,0.735,0.661,0.712,0.874,0.714,0.633,0.814,0.63,0.589,0.877,0.638,0.137,0.665,0.538,0.821,0.829,0.526,0.79,0.756,0.747,0.901,0.486,0.836,-0.021,0.696,0.663,0.789,-0.189,0.605,0.298,0.783,0.715,0.533,0.727,0.768,-0.449,0.868,0.753,0.273,0.692,0.901,0.759,-0.259,0.847,-0.048
ADBE,0.12,-0.515,0.289,-0.362,-0.1,-0.023,0.0,0.241,-0.073,0.309,-0.007,0.453,0.561,-0.337,0.135,0.191,0.134,0.318,0.231,0.472,0.247,0.041,0.306,0.609,-0.104,0.44,0.322,0.433,0.271,-0.433,0.32,0.296,0.194,0.115,0.287,0.076,0.227,0.007,0.505,0.044,0.495,0.12,-0.097,-0.066,0.199,0.069,0.043,0.184,0.05,0.091,-0.346,-0.023,-0.311,0.166,0.446,-0.143,0.405,0.12,0.605,0.738,0.062,0.036,0.62,0.399,0.16,0.527,0.33,-0.065,0.48,-0.124,0.427,-0.037,0.081,0.139,0.316,0.339,0.429,0.165,0.0,-0.202,0.098,0.242,0.409,-0.069,0.222,0.104,0.611,0.421,0.433,0.166,0.364,0.789,0.404,0.073,0.086,0.314,0.154,-0.075,0.11,0.026,-0.145,0.024,-0.245,0.322,0.415,0.345,0.355,-0.139,0.307,-0.291,0.306,0.059,0.271,0.476,0.283,-0.418,0.109,-0.098,0.228,-0.034,0.554,0.794,0.074,-0.565,-0.414,0.419,0.326,-0.113,0.279,-0.392,0.758,0.456,0.096,0.449,0.067,0.006,0.012,0.573,0.149,0.214,0.057,0.451,0.531,-0.185,-0.103,0.662,0.208,-0.279,0.267,0.362,0.601,0.017,0.49,0.516,0.155,0.44,0.316,-0.289,-0.12,0.348,-0.276,0.03,-0.081,0.073,0.161,0.384,0.337,0.507,0.004,0.273,0.018,0.423,-0.417,0.517,0.21,0.156,0.124,0.088,0.691,0.242,0.169,0.23,0.128,0.061,-0.273,0.349,-0.014,-0.225,-0.066,0.296,0.443,0.167,-0.179,0.413,0.393,-0.076,0.056,-0.153,0.21,0.498
ADSK,0.855,-0.565,0.857,-0.056,0.682,0.86,0.241,0.0,0.145,0.777,0.666,-0.409,0.897,-0.074,0.931,0.632,0.848,0.35,0.837,0.848,-0.329,-0.027,0.833,0.822,0.423,0.791,0.471,0.874,0.763,0.522,0.793,0.698,0.753,0.871,0.909,0.603,0.949,0.72,0.803,0.922,0.791,0.764,0.543,0.765,0.705,0.728,0.686,0.832,0.672,0.903,-0.491,0.73,0.183,0.851,0.905,-0.102,0.856,0.465,0.82,0.503,0.822,0.298,0.753,-0.16,0.829,0.883,0.851,0.428,0.836,0.049,0.805,0.722,0.775,0.882,-0.154,0.889,0.836,0.71,0.755,0.745,0.885,0.821,0.856,0.564,0.867,0.337,0.064,0.755,0.8,0.858,0.926,0.482,0.454,0.688,0.849,0.812,0.863,0.842,0.876,0.563,0.821,0.448,-0.028,0.817,0.936,0.576,0.935,0.788,0.63,-0.385,0.158,0.751,0.704,0.913,0.906,-0.542,0.693,0.716,-0.803,0.806,0.531,0.578,-0.75,-0.092,0.405,0.859,0.832,0.722,0.278,-0.233,0.42,0.924,0.761,0.51,0.632,0.764,-0.354,0.698,0.899,0.9,0.854,0.774,-0.542,0.63,0.697,0.776,0.816,0.09,0.885,0.84,0.608,0.774,0.855,0.752,0.834,0.82,0.781,0.402,0.667,0.749,0.397,0.814,0.532,0.606,0.893,0.705,0.088,0.757,0.521,0.876,0.785,0.704,0.558,0.882,0.764,0.894,0.309,0.796,0.233,0.703,0.722,0.795,-0.264,0.606,-0.068,0.927,0.747,0.425,0.732,0.884,-0.39,0.824,0.597,0.366,0.767,0.863,0.751,-0.431,0.886,0.226
AEP,0.329,0.27,-0.034,0.727,0.367,0.325,-0.073,0.145,0.0,-0.132,0.21,0.231,0.164,-0.17,0.234,0.484,0.049,0.364,-0.054,0.076,-0.436,0.185,0.021,-0.025,0.786,0.212,0.735,0.113,-0.039,0.499,-0.092,0.424,0.336,-0.028,0.088,-0.012,0.253,0.557,0.022,0.248,0.155,0.26,0.462,0.387,0.513,0.302,-0.156,0.387,-0.02,0.136,0.339,0.456,0.547,-0.049,0.07,0.428,0.002,0.69,-0.099,0.153,0.306,0.169,-0.114,0.436,0.067,0.094,0.243,0.132,0.137,0.596,-0.05,-0.013,0.455,0.14,0.519,0.273,0.18,0.621,0.102,0.288,0.11,0.045,-0.02,0.043,0.027,0.646,0.461,0.415,0.079,0.373,0.146,0.089,0.55,0.192,0.312,0.197,0.397,0.308,0.169,0.53,0.332,0.563,0.283,0.025,0.002,-0.344,0.243,0.352,0.487,0.756,0.292,0.535,-0.251,0.119,0.074,-0.117,0.281,0.263,-0.207,0.3,0.458,0.275,0.189,0.452,0.217,0.11,0.36,-0.053,0.592,-0.249,-0.008,0.057,0.405,0.168,-0.181,0.314,0.125,-0.299,0.206,0.392,0.323,-0.069,-0.091,0.624,0.201,0.051,0.316,0.349,0.324,0.007,0.128,0.442,0.192,0.299,-0.022,0.355,-0.2,0.463,0.319,-0.009,0.201,0.409,0.165,0.361,0.067,-0.105,0.227,0.315,0.344,-0.018,-0.081,0.027,0.215,0.17,0.194,0.083,0.411,-0.038,-0.055,-0.164,0.414,0.122,0.566,0.597,0.573,0.14,0.15,-0.203,-0.146,-0.027,0.378,0.387,0.59,0.097,-0.026,0.106,0.304,0.657,0.039,-0.453
AGIO,0.81,-0.832,0.838,-0.363,0.526,0.613,0.309,0.777,-0.132,0.0,0.497,-0.228,0.778,-0.396,0.82,0.143,0.923,-0.133,0.905,0.868,-0.206,0.121,0.829,0.839,0.104,0.86,0.234,0.865,0.896,0.17,0.956,0.733,0.803,0.721,0.872,0.357,0.82,0.592,0.927,0.779,0.779,0.853,0.566,0.591,0.557,0.802,0.729,0.803,0.821,0.862,-0.692,0.68,0.007,0.865,0.868,-0.568,0.936,-0.05,0.9,0.661,0.598,0.035,0.918,-0.439,0.894,0.851,0.887,0.399,0.881,-0.49,0.964,0.847,0.725,0.859,-0.157,0.729,0.854,0.452,0.606,0.535,0.819,0.859,0.924,0.738,0.942,-0.19,0.009,0.502,0.924,0.721,0.845,0.545,0.374,0.749,0.812,0.849,0.626,0.701,0.832,0.361,0.644,0.252,-0.454,0.942,0.903,0.756,0.79,0.451,0.412,-0.676,0.422,0.506,0.955,0.75,0.901,-0.832,0.511,0.472,-0.577,0.776,0.47,0.381,-0.795,-0.379,0.395,0.918,0.825,0.74,-0.073,-0.04,0.546,0.807,0.732,0.68,0.801,0.732,-0.705,0.88,0.855,0.666,0.73,0.935,-0.362,0.433,0.355,0.814,0.791,-0.313,0.743,0.975,0.777,0.704,0.824,0.782,0.869,0.755,0.812,-0.072,0.267,0.899,0.117,0.726,0.596,0.735,0.899,0.896,-0.337,0.449,0.593,0.927,0.812,0.933,0.398,0.852,0.885,0.87,-0.158,0.795,0.11,0.832,0.679,0.575,-0.234,0.363,-0.435,0.748,0.83,0.593,0.824,0.942,-0.559,0.746,0.38,0.567,0.943,0.708,0.8,-0.754,0.903,0.594
ALEC,0.735,-0.128,0.646,0.056,0.708,0.827,-0.007,0.666,0.21,0.497,0.0,-0.389,0.582,0.307,0.688,0.516,0.689,0.349,0.702,0.481,-0.061,0.431,0.736,0.409,0.374,0.596,0.303,0.726,0.591,0.73,0.52,0.475,0.481,0.647,0.671,0.653,0.697,0.576,0.497,0.686,0.712,0.493,0.468,0.837,0.518,0.535,0.818,0.665,0.247,0.72,-0.007,0.696,0.323,0.7,0.612,0.301,0.639,0.483,0.483,0.209,0.793,0.448,0.417,-0.219,0.705,0.604,0.6,0.699,0.667,0.147,0.534,0.691,0.607,0.676,-0.062,0.557,0.574,0.471,0.838,0.816,0.748,0.766,0.653,0.662,0.622,0.257,-0.13,0.395,0.51,0.735,0.613,0.267,0.334,0.761,0.682,0.693,0.833,0.757,0.765,0.463,0.766,0.339,0.337,0.678,0.569,0.5,0.7,0.842,0.36,-0.199,-0.054,0.637,0.49,0.598,0.731,-0.29,0.48,0.828,-0.717,0.559,0.078,0.335,-0.555,0.324,0.392,0.655,0.572,0.754,0.2,0.141,0.1,0.682,0.601,0.314,0.671,0.525,-0.292,0.376,0.698,0.688,0.783,0.551,-0.504,0.635,0.892,0.439,0.489,0.541,0.769,0.551,0.336,0.77,0.523,0.438,0.788,0.596,0.527,0.651,0.795,0.673,0.662,0.646,0.681,0.286,0.756,0.613,0.149,0.422,0.314,0.711,0.693,0.372,0.733,0.613,0.618,0.757,0.56,0.737,0.008,0.769,0.458,0.773,-0.229,0.453,0.305,0.543,0.507,0.556,0.713,0.617,-0.435,0.699,0.642,0.323,0.595,0.684,0.611,-0.211,0.737,0.089
ALNY,-0.258,0.033,-0.427,0.069,-0.334,-0.52,0.453,-0.409,0.231,-0.228,-0.389,0.0,-0.146,-0.393,-0.396,-0.175,-0.383,-0.091,-0.435,-0.155,0.135,0.242,-0.32,-0.112,0.006,-0.049,0.307,-0.184,-0.335,-0.45,-0.242,0.045,-0.024,-0.563,-0.346,-0.444,-0.291,-0.161,-0.104,-0.411,-0.044,-0.135,-0.014,-0.33,-0.094,-0.217,-0.518,-0.185,-0.313,-0.424,0.106,-0.199,-0.297,-0.488,-0.215,-0.034,-0.228,-0.073,-0.129,0.4,-0.417,-0.158,-0.059,0.429,-0.397,-0.14,-0.177,-0.305,-0.123,-0.082,-0.185,-0.407,-0.147,-0.365,0.541,-0.248,-0.175,-0.076,-0.526,-0.527,-0.493,-0.235,-0.246,-0.306,-0.346,0.024,0.552,0.004,-0.155,-0.317,-0.194,0.329,0.28,-0.237,-0.234,-0.133,-0.304,-0.45,-0.443,-0.211,-0.466,-0.103,-0.253,-0.252,-0.242,-0.353,-0.248,-0.493,0.033,0.283,0.508,-0.169,-0.309,-0.183,-0.366,-0.161,-0.098,-0.538,0.564,-0.365,0.365,0.228,0.61,-0.129,-0.276,-0.171,-0.066,-0.594,0.298,-0.399,0.363,-0.264,-0.184,0.043,-0.418,-0.208,0.163,-0.122,-0.355,-0.267,-0.369,-0.196,0.602,-0.291,-0.501,0.029,-0.094,-0.31,-0.246,-0.191,0.138,-0.234,-0.047,0.126,-0.437,0.036,-0.424,-0.432,-0.551,-0.223,-0.356,-0.184,-0.184,-0.1,-0.393,-0.249,-0.003,-0.103,-0.089,-0.385,-0.577,0.003,-0.579,-0.113,-0.165,-0.441,-0.132,-0.562,0.254,-0.322,0.001,-0.313,0.576,0.031,-0.106,-0.301,-0.325,-0.522,-0.553,-0.333,0.656,-0.206,-0.119,0.187,-0.187,-0.583,-0.242,0.358,-0.407,0.186
ALTR,0.804,-0.625,0.845,-0.145,0.552,0.748,0.561,0.897,0.164,0.778,0.582,-0.146,0.0,-0.23,0.858,0.59,0.797,0.397,0.818,0.893,-0.143,0.113,0.807,0.905,0.355,0.885,0.538,0.928,0.775,0.297,0.797,0.737,0.721,0.761,0.878,0.554,0.905,0.643,0.888,0.816,0.887,0.728,0.47,0.663,0.714,0.676,0.628,0.815,0.576,0.804,-0.499,0.672,0.12,0.799,0.942,-0.107,0.886,0.459,0.905,0.738,0.743,0.279,0.865,0.029,0.799,0.944,0.872,0.383,0.918,0.016,0.859,0.631,0.721,0.802,0.064,0.88,0.894,0.679,0.679,0.585,0.816,0.794,0.898,0.493,0.834,0.321,0.33,0.799,0.879,0.821,0.89,0.709,0.58,0.679,0.769,0.85,0.821,0.703,0.81,0.551,0.666,0.392,-0.107,0.847,0.916,0.652,0.934,0.615,0.636,-0.378,0.258,0.697,0.711,0.93,0.893,-0.675,0.578,0.6,-0.562,0.689,0.659,0.78,-0.564,-0.236,0.182,0.911,0.851,0.595,0.326,-0.282,0.637,0.942,0.722,0.624,0.587,0.65,-0.334,0.767,0.836,0.852,0.785,0.853,-0.214,0.521,0.538,0.914,0.764,0.005,0.873,0.854,0.802,0.722,0.928,0.843,0.792,0.88,0.759,0.265,0.538,0.81,0.258,0.71,0.49,0.601,0.833,0.776,0.162,0.836,0.483,0.863,0.69,0.765,0.357,0.97,0.768,0.84,0.346,0.743,0.373,0.715,0.67,0.736,-0.098,0.539,-0.074,0.896,0.637,0.299,0.577,0.854,-0.154,0.801,0.448,0.493,0.841,0.699,0.689,-0.401,0.855,0.38
AMBA,-0.211,0.589,-0.151,0.137,0.133,0.095,-0.337,-0.074,-0.17,-0.396,0.307,-0.393,-0.23,0.0,-0.164,0.26,-0.197,0.401,-0.161,-0.388,0.217,0.022,-0.1,-0.391,-0.068,-0.399,-0.321,-0.212,-0.267,0.376,-0.312,-0.446,-0.41,0.077,-0.177,0.454,-0.188,-0.212,-0.457,-0.091,-0.181,-0.39,-0.234,0.125,-0.238,-0.316,0.201,-0.32,-0.417,-0.127,0.462,-0.186,-0.037,-0.106,-0.21,0.626,-0.319,0.215,-0.367,-0.544,0.086,0.587,-0.463,-0.097,-0.21,-0.32,-0.417,0.192,-0.311,0.406,-0.386,-0.109,-0.307,-0.14,-0.156,-0.216,-0.386,-0.223,0.256,0.21,-0.08,-0.045,-0.253,-0.115,-0.288,0.195,-0.389,-0.2,-0.478,-0.184,-0.238,-0.338,-0.379,-0.076,-0.203,-0.262,-0.005,0.005,-0.094,-0.139,0.044,-0.124,0.62,-0.28,-0.28,-0.094,-0.178,0.322,-0.224,0.127,-0.546,-0.061,-0.285,-0.128,-0.192,0.692,0.068,0.249,-0.163,-0.286,-0.549,-0.154,0.109,0.571,0.128,-0.326,-0.407,0.087,-0.008,0.339,-0.43,-0.128,-0.273,-0.537,-0.048,-0.225,0.466,-0.323,-0.213,-0.103,-0.077,-0.379,-0.222,-0.067,0.501,-0.356,-0.343,0.574,-0.143,-0.404,-0.589,-0.13,-0.343,-0.488,-0.047,-0.302,-0.151,0.548,0.447,-0.259,0.589,-0.177,-0.003,-0.552,-0.135,-0.31,0.381,-0.073,-0.363,-0.179,-0.017,-0.537,0.302,-0.306,-0.375,-0.106,0.462,-0.033,-0.006,-0.023,-0.31,0.25,-0.321,-0.138,0.415,-0.152,-0.246,0.148,0.047,-0.286,-0.146,-0.255,0.04,-0.245,-0.352,0.071,-0.3,0.184,-0.152,-0.234
AMCX,0.938,-0.544,0.897,0.04,0.737,0.906,0.135,0.931,0.234,0.82,0.688,-0.396,0.858,-0.164,0.0,0.51,0.937,0.239,0.903,0.857,-0.373,0.044,0.846,0.792,0.474,0.86,0.466,0.878,0.866,0.579,0.843,0.789,0.81,0.886,0.934,0.605,0.96,0.831,0.845,0.961,0.788,0.869,0.667,0.835,0.816,0.851,0.759,0.929,0.739,0.962,-0.396,0.844,0.348,0.916,0.896,-0.151,0.86,0.413,0.783,0.511,0.848,0.231,0.742,-0.248,0.92,0.861,0.915,0.557,0.867,0.034,0.85,0.805,0.873,0.931,-0.044,0.908,0.896,0.757,0.822,0.827,0.951,0.85,0.873,0.668,0.93,0.255,0.037,0.724,0.866,0.918,0.879,0.449,0.487,0.784,0.922,0.872,0.889,0.921,0.958,0.696,0.909,0.482,-0.042,0.88,0.882,0.645,0.924,0.785,0.644,-0.315,0.248,0.806,0.781,0.816,0.944,-0.621,0.67,0.795,-0.815,0.904,0.481,0.468,-0.767,0.019,0.504,0.898,0.882,0.819,0.204,-0.108,0.402,0.887,0.886,0.535,0.691,0.828,-0.509,0.672,0.969,0.924,0.934,0.822,-0.557,0.768,0.663,0.739,0.849,0.063,0.921,0.877,0.69,0.889,0.839,0.758,0.893,0.832,0.753,0.434,0.673,0.83,0.439,0.874,0.602,0.747,0.946,0.772,-0.073,0.699,0.652,0.926,0.872,0.763,0.644,0.888,0.845,0.955,0.264,0.851,0.057,0.755,0.772,0.779,-0.189,0.605,-0.004,0.889,0.857,0.558,0.778,0.916,-0.484,0.895,0.671,0.436,0.842,0.916,0.863,-0.448,0.936,0.189
AMKR,0.442,0.023,0.388,0.35,0.508,0.637,0.191,0.632,0.484,0.143,0.516,-0.175,0.59,0.26,0.51,0.0,0.295,0.719,0.302,0.418,-0.192,-0.002,0.44,0.392,0.664,0.333,0.617,0.506,0.159,0.562,0.233,0.389,0.373,0.499,0.468,0.527,0.575,0.501,0.294,0.53,0.491,0.255,0.256,0.534,0.564,0.269,0.238,0.455,0.151,0.435,0.063,0.441,0.261,0.323,0.501,0.465,0.364,0.86,0.338,0.248,0.636,0.503,0.234,0.432,0.279,0.502,0.4,0.244,0.42,0.643,0.223,0.146,0.435,0.411,0.065,0.634,0.378,0.683,0.498,0.516,0.407,0.377,0.378,0.052,0.292,0.788,0.278,0.763,0.281,0.566,0.517,0.279,0.476,0.327,0.458,0.455,0.695,0.488,0.415,0.487,0.511,0.477,0.376,0.27,0.417,0.083,0.574,0.685,0.66,0.192,0.004,0.682,0.05,0.693,0.436,-0.046,0.546,0.524,-0.555,0.404,0.438,0.654,-0.216,0.254,0.136,0.392,0.467,0.26,0.676,-0.385,0.198,0.585,0.397,0.169,0.076,0.408,0.336,0.143,0.481,0.69,0.484,0.189,-0.341,0.494,0.683,0.381,0.459,0.41,0.609,0.25,0.19,0.464,0.481,0.413,0.327,0.578,0.324,0.664,0.736,0.213,0.49,0.514,0.185,0.162,0.404,0.166,0.578,0.791,0.064,0.342,0.233,0.125,0.377,0.506,0.297,0.419,0.675,0.33,0.414,0.175,0.43,0.596,-0.079,0.628,0.375,0.635,0.2,-0.15,0.237,0.303,0.188,0.513,0.537,0.069,0.22,0.488,0.311,0.198,0.382,-0.259
AMRX,0.928,-0.625,0.902,-0.119,0.732,0.833,0.134,0.848,0.049,0.923,0.689,-0.383,0.797,-0.197,0.937,0.295,0.0,0.019,0.946,0.848,-0.303,0.181,0.881,0.765,0.314,0.878,0.31,0.886,0.937,0.472,0.923,0.778,0.818,0.837,0.933,0.523,0.904,0.762,0.875,0.906,0.798,0.898,0.691,0.803,0.699,0.883,0.848,0.908,0.767,0.964,-0.473,0.839,0.231,0.952,0.879,-0.311,0.902,0.175,0.811,0.526,0.797,0.203,0.8,-0.455,0.97,0.836,0.916,0.571,0.897,-0.229,0.927,0.918,0.842,0.944,-0.068,0.8,0.886,0.61,0.814,0.784,0.953,0.919,0.926,0.793,0.978,-0.014,-0.042,0.561,0.896,0.869,0.861,0.448,0.391,0.872,0.92,0.903,0.802,0.899,0.967,0.568,0.855,0.405,-0.19,0.955,0.876,0.745,0.865,0.702,0.488,-0.48,0.294,0.693,0.913,0.744,0.958,-0.716,0.608,0.723,-0.763,0.879,0.391,0.363,-0.8,-0.063,0.551,0.93,0.866,0.877,0.015,0.047,0.427,0.832,0.863,0.601,0.829,0.814,-0.686,0.755,0.954,0.807,0.913,0.899,-0.513,0.678,0.585,0.748,0.827,-0.033,0.858,0.937,0.722,0.875,0.81,0.745,0.958,0.78,0.778,0.268,0.547,0.914,0.39,0.841,0.712,0.769,0.977,0.863,-0.235,0.518,0.68,0.971,0.933,0.849,0.643,0.864,0.911,0.971,0.078,0.888,-0.024,0.867,0.742,0.72,-0.201,0.494,-0.151,0.789,0.9,0.719,0.876,0.949,-0.631,0.875,0.602,0.517,0.934,0.869,0.877,-0.622,0.97,0.375
ANSS,0.146,0.233,0.166,0.241,0.224,0.381,0.318,0.35,0.364,-0.133,0.349,-0.091,0.397,0.401,0.239,0.719,0.019,0.0,0.119,0.125,0.086,-0.042,0.178,0.172,0.338,0.077,0.32,0.229,-0.014,0.388,-0.022,0.028,-0.03,0.321,0.151,0.574,0.252,0.191,0.028,0.227,0.302,-0.08,-0.068,0.317,0.298,0.008,0.118,0.12,-0.129,0.125,0.213,0.129,0.189,0.1,0.231,0.575,0.092,0.755,0.115,0.077,0.333,0.582,0.014,0.484,0.064,0.222,0.083,0.218,0.165,0.708,-0.019,-0.096,0.067,0.147,0.178,0.368,0.125,0.334,0.346,0.298,0.173,0.129,0.107,-0.123,0.022,0.692,0.268,0.477,0.028,0.231,0.167,0.178,0.228,0.076,0.099,0.117,0.42,0.199,0.181,0.33,0.244,0.286,0.478,0.03,0.153,0.05,0.315,0.453,0.339,0.256,-0.25,0.382,-0.131,0.379,0.163,0.258,0.224,0.4,-0.176,0.005,0.173,0.53,0.027,0.283,-0.1,0.115,0.122,0.109,0.448,-0.121,0.016,0.35,0.096,-0.136,-0.055,0.016,0.503,-0.043,0.132,0.396,0.215,0.006,-0.032,0.216,0.509,0.246,0.061,0.445,0.319,-0.043,0.006,0.191,0.208,0.068,0.121,0.296,0.162,0.626,0.609,0.056,0.443,0.125,-0.049,-0.141,0.116,-0.003,0.776,0.64,-0.144,0.113,0.053,-0.147,0.173,0.283,-0.047,0.166,0.741,0.164,0.431,0.068,0.098,0.42,-0.024,0.237,0.509,0.372,-0.065,-0.169,-0.064,0.028,0.346,0.132,0.214,0.063,-0.028,0.238,0.003,0.317,0.147,-0.215
APPN,0.848,-0.664,0.931,-0.271,0.603,0.802,0.231,0.837,-0.054,0.905,0.702,-0.435,0.818,-0.161,0.903,0.302,0.946,0.119,0.0,0.838,-0.107,0.128,0.902,0.799,0.172,0.837,0.206,0.901,0.937,0.398,0.909,0.66,0.678,0.853,0.915,0.618,0.858,0.63,0.885,0.843,0.817,0.765,0.471,0.735,0.624,0.758,0.882,0.823,0.726,0.916,-0.473,0.721,0.231,0.953,0.879,-0.287,0.929,0.16,0.851,0.503,0.748,0.154,0.835,-0.391,0.955,0.859,0.888,0.643,0.888,-0.208,0.909,0.853,0.711,0.873,-0.201,0.803,0.877,0.511,0.814,0.718,0.92,0.872,0.922,0.763,0.943,-0.018,-0.088,0.504,0.905,0.818,0.797,0.459,0.362,0.764,0.807,0.855,0.793,0.795,0.934,0.537,0.773,0.304,-0.143,0.943,0.869,0.853,0.85,0.631,0.44,-0.581,0.174,0.602,0.917,0.765,0.965,-0.665,0.45,0.745,-0.674,0.781,0.283,0.391,-0.852,-0.186,0.338,0.919,0.776,0.887,-0.055,0.098,0.404,0.881,0.751,0.583,0.856,0.664,-0.604,0.795,0.898,0.78,0.824,0.903,-0.463,0.576,0.588,0.747,0.692,-0.019,0.848,0.904,0.725,0.782,0.757,0.669,0.963,0.743,0.882,0.26,0.564,0.941,0.327,0.707,0.572,0.632,0.948,0.923,-0.13,0.572,0.521,0.978,0.918,0.773,0.564,0.867,0.857,0.958,0.147,0.941,0.06,0.909,0.58,0.722,-0.375,0.328,-0.141,0.801,0.782,0.661,0.875,0.943,-0.597,0.777,0.429,0.477,0.918,0.844,0.791,-0.675,0.962,0.407
APTO,0.807,-0.752,0.909,-0.103,0.523,0.698,0.472,0.848,0.076,0.868,0.481,-0.155,0.893,-0.388,0.857,0.418,0.848,0.125,0.838,0.0,-0.263,-0.064,0.859,0.942,0.348,0.906,0.54,0.895,0.868,0.23,0.882,0.852,0.821,0.786,0.923,0.366,0.861,0.718,0.95,0.798,0.832,0.822,0.555,0.568,0.766,0.739,0.595,0.863,0.702,0.844,-0.529,0.664,0.151,0.858,0.938,-0.332,0.893,0.279,0.915,0.737,0.712,0.043,0.913,-0.068,0.814,0.945,0.912,0.418,0.92,-0.136,0.928,0.633,0.798,0.8,0.055,0.896,0.94,0.731,0.573,0.535,0.802,0.8,0.909,0.454,0.909,0.162,0.272,0.754,0.926,0.84,0.896,0.732,0.606,0.658,0.824,0.875,0.739,0.731,0.829,0.614,0.655,0.403,-0.198,0.888,0.904,0.7,0.885,0.514,0.706,-0.454,0.455,0.701,0.82,0.867,0.9,-0.77,0.623,0.57,-0.609,0.817,0.659,0.671,-0.647,-0.315,0.28,0.925,0.907,0.607,0.292,-0.338,0.699,0.905,0.805,0.664,0.546,0.749,-0.5,0.873,0.88,0.848,0.767,0.883,-0.249,0.564,0.437,0.841,0.853,-0.171,0.862,0.913,0.861,0.693,0.901,0.879,0.782,0.882,0.805,0.116,0.41,0.836,0.114,0.761,0.441,0.704,0.861,0.813,-0.056,0.741,0.635,0.878,0.735,0.878,0.302,0.912,0.826,0.837,0.126,0.709,0.325,0.708,0.755,0.715,-0.121,0.544,-0.246,0.857,0.749,0.359,0.656,0.923,-0.248,0.841,0.486,0.488,0.874,0.733,0.772,-0.515,0.844,0.368
ARCT,-0.417,0.15,-0.112,-0.431,-0.485,-0.309,0.247,-0.329,-0.436,-0.206,-0.061,0.135,-0.143,0.217,-0.373,-0.192,-0.303,0.086,-0.107,-0.263,0.0,0.281,-0.121,-0.159,-0.47,-0.205,-0.391,-0.11,-0.185,-0.325,-0.188,-0.467,-0.507,-0.243,-0.267,0.17,-0.348,-0.572,-0.153,-0.385,0.01,-0.499,-0.617,-0.331,-0.442,-0.456,0.057,-0.402,-0.406,-0.365,0.225,-0.377,-0.13,-0.168,-0.152,0.144,-0.128,-0.207,-0.11,-0.087,-0.224,0.047,-0.096,0.19,-0.208,-0.142,-0.286,0.072,-0.176,-0.045,-0.179,-0.243,-0.54,-0.393,-0.111,-0.34,-0.271,-0.494,-0.133,-0.326,-0.263,-0.197,-0.118,-0.194,-0.284,-0.148,-0.067,-0.356,-0.196,-0.334,-0.385,-0.005,-0.095,-0.24,-0.459,-0.189,-0.193,-0.461,-0.319,-0.306,-0.434,-0.389,0.138,-0.153,-0.246,0.264,-0.28,-0.365,-0.339,-0.219,-0.366,-0.392,-0.112,-0.171,-0.183,0.202,-0.556,-0.115,0.564,-0.512,-0.422,-0.038,0.187,-0.13,-0.617,-0.195,-0.433,-0.174,-0.324,0.261,-0.03,-0.096,-0.468,-0.187,0.02,-0.58,0.245,-0.05,-0.391,-0.38,-0.364,-0.115,0.395,-0.458,-0.149,-0.12,-0.58,0.117,-0.254,-0.269,-0.066,-0.387,-0.277,-0.322,-0.115,-0.276,-0.003,-0.112,-0.09,-0.022,-0.012,-0.555,-0.234,-0.478,-0.24,0.021,0.269,-0.11,-0.497,-0.173,-0.202,-0.317,-0.258,-0.176,-0.234,-0.22,0.206,-0.034,0.177,0.062,-0.607,-0.178,-0.208,-0.556,0.15,-0.297,-0.51,-0.152,-0.188,-0.24,0.163,-0.392,-0.571,-0.094,-0.14,-0.338,-0.423,-0.099,-0.228,0.148
ARWR,0.251,0.127,-0.007,-0.097,0.275,0.152,0.041,-0.027,0.185,0.121,0.431,0.242,0.113,0.022,0.044,-0.002,0.181,-0.042,0.128,-0.064,0.281,0.0,0.115,-0.104,0.078,0.243,0.082,0.275,0.067,0.187,0.066,0.117,0.115,-0.162,0.027,0.143,0.14,0.079,0.089,0.079,0.343,0.128,0.226,0.373,-0.011,0.213,0.325,0.198,-0.129,0.075,0.148,0.381,0.038,0.071,0.089,0.208,0.224,0.072,0.041,0.177,0.205,0.265,0.068,-0.08,0.247,0.085,0.171,0.191,0.213,-0.11,0.139,0.387,0.145,0.163,0.221,-0.136,0.066,-0.065,0.265,0.226,0.177,0.309,0.204,0.448,0.092,-0.112,0.128,-0.085,0.119,0.172,0.066,0.048,0.104,0.456,0.181,0.317,0.26,0.134,0.147,-0.027,0.133,0.113,-0.07,0.259,0.044,0.089,0.11,0.199,-0.151,0.011,0.031,0.103,0.086,0.024,0.167,-0.274,-0.055,0.113,0.042,-0.015,-0.021,0.048,0.074,0.263,0.073,0.224,0.142,0.166,-0.073,0.354,-0.011,0.042,0.126,0.226,0.389,0.045,-0.196,-0.085,0.097,-0.008,0.25,0.175,0.05,0.152,0.17,0.159,0.014,0.281,0.157,0.142,0.168,0.359,0.096,0.161,0.279,0.149,-0.086,0.117,0.148,0.295,0.286,0.131,0.631,0.106,0.182,0.238,-0.01,-0.128,0.044,0.163,0.089,0.097,0.343,0.195,0.317,0.182,0.189,0.25,-0.203,0.341,0.041,0.007,0.263,0.12,0.259,-0.101,0.03,0.188,0.148,0.037,-0.079,0.232,0.175,0.259,0.28,-0.096,0.179,-0.007,0.203,0.155
ASND,0.814,-0.592,0.915,-0.11,0.606,0.802,0.306,0.833,0.021,0.829,0.736,-0.32,0.807,-0.1,0.846,0.44,0.881,0.178,0.902,0.859,-0.121,0.115,0.0,0.808,0.343,0.824,0.376,0.898,0.859,0.449,0.884,0.732,0.718,0.838,0.921,0.559,0.836,0.661,0.852,0.814,0.87,0.728,0.5,0.707,0.661,0.728,0.794,0.828,0.612,0.89,-0.362,0.718,0.238,0.906,0.887,-0.194,0.891,0.306,0.842,0.534,0.821,0.196,0.805,-0.21,0.873,0.891,0.875,0.658,0.897,-0.096,0.869,0.738,0.739,0.827,-0.061,0.835,0.848,0.632,0.75,0.713,0.849,0.893,0.909,0.633,0.897,0.163,0.007,0.606,0.83,0.856,0.83,0.549,0.516,0.77,0.824,0.865,0.826,0.793,0.885,0.548,0.744,0.441,-0.015,0.896,0.839,0.766,0.857,0.68,0.617,-0.466,0.252,0.672,0.829,0.835,0.926,-0.596,0.582,0.742,-0.711,0.777,0.375,0.523,-0.764,-0.114,0.341,0.896,0.812,0.775,0.152,-0.061,0.486,0.891,0.774,0.614,0.736,0.696,-0.5,0.801,0.882,0.815,0.812,0.841,-0.428,0.601,0.664,0.754,0.734,0.086,0.881,0.856,0.692,0.755,0.78,0.722,0.896,0.815,0.866,0.315,0.605,0.883,0.397,0.755,0.537,0.568,0.926,0.826,0.049,0.626,0.51,0.911,0.835,0.748,0.529,0.849,0.849,0.897,0.261,0.83,0.251,0.856,0.661,0.802,-0.274,0.445,-0.084,0.79,0.729,0.557,0.841,0.905,-0.427,0.83,0.54,0.472,0.852,0.82,0.77,-0.527,0.888,0.33
ASTH,0.713,-0.823,0.86,-0.251,0.387,0.598,0.609,0.822,-0.025,0.839,0.409,-0.112,0.905,-0.391,0.792,0.392,0.765,0.172,0.799,0.942,-0.159,-0.104,0.808,0.0,0.203,0.86,0.458,0.862,0.807,0.09,0.851,0.748,0.723,0.747,0.867,0.376,0.811,0.566,0.942,0.712,0.801,0.711,0.391,0.459,0.679,0.632,0.54,0.758,0.656,0.766,-0.609,0.531,0.028,0.797,0.921,-0.36,0.873,0.227,0.959,0.769,0.613,0.03,0.945,-0.02,0.751,0.945,0.853,0.321,0.896,-0.189,0.903,0.551,0.676,0.733,-0.011,0.855,0.901,0.616,0.506,0.421,0.735,0.724,0.889,0.4,0.836,0.158,0.291,0.742,0.906,0.741,0.863,0.77,0.562,0.543,0.709,0.787,0.657,0.593,0.739,0.48,0.543,0.299,-0.249,0.83,0.911,0.695,0.858,0.405,0.649,-0.536,0.376,0.571,0.785,0.875,0.854,-0.721,0.542,0.457,-0.48,0.686,0.65,0.724,-0.612,-0.455,0.12,0.885,0.814,0.52,0.245,-0.361,0.733,0.907,0.691,0.669,0.529,0.64,-0.413,0.912,0.799,0.765,0.661,0.887,-0.148,0.392,0.341,0.887,0.763,-0.23,0.796,0.88,0.846,0.569,0.887,0.845,0.721,0.823,0.791,0.011,0.325,0.791,0.016,0.633,0.32,0.605,0.79,0.801,0.01,0.742,0.49,0.838,0.657,0.848,0.18,0.905,0.742,0.774,0.106,0.65,0.451,0.671,0.655,0.669,-0.175,0.445,-0.328,0.854,0.642,0.263,0.581,0.888,-0.173,0.725,0.318,0.491,0.843,0.641,0.667,-0.531,0.788,0.459
ATSG,0.504,0.138,0.283,0.784,0.551,0.597,-0.104,0.423,0.786,0.104,0.374,0.006,0.355,-0.068,0.474,0.664,0.314,0.338,0.172,0.348,-0.47,0.078,0.343,0.203,0.0,0.369,0.801,0.316,0.187,0.677,0.201,0.621,0.562,0.328,0.406,0.157,0.505,0.749,0.224,0.537,0.357,0.462,0.634,0.542,0.697,0.503,0.075,0.608,0.182,0.435,0.278,0.67,0.584,0.264,0.346,0.305,0.211,0.778,0.115,0.193,0.611,0.275,0.061,0.333,0.276,0.345,0.447,0.255,0.343,0.592,0.175,0.172,0.652,0.391,0.441,0.535,0.366,0.827,0.329,0.546,0.369,0.29,0.255,0.109,0.313,0.713,0.328,0.661,0.236,0.628,0.424,0.151,0.657,0.453,0.582,0.464,0.617,0.595,0.418,0.687,0.583,0.729,0.346,0.25,0.246,-0.094,0.471,0.633,0.743,0.544,0.321,0.781,0.009,0.406,0.334,-0.177,0.566,0.499,-0.538,0.586,0.499,0.376,-0.099,0.477,0.42,0.321,0.574,0.186,0.663,-0.347,0.13,0.317,0.628,0.213,-0.029,0.588,0.011,-0.038,0.49,0.62,0.554,0.115,-0.326,0.771,0.455,0.235,0.573,0.357,0.549,0.226,0.212,0.612,0.402,0.445,0.227,0.564,0.099,0.598,0.55,0.175,0.465,0.666,0.295,0.472,0.368,0.039,0.277,0.505,0.461,0.234,0.217,0.235,0.435,0.364,0.428,0.349,0.456,0.179,0.036,0.03,0.645,0.405,0.396,0.745,0.514,0.408,0.396,-0.02,0.153,0.249,0.161,0.633,0.804,0.12,0.182,0.442,0.46,0.383,0.268,-0.419
AVTX,0.884,-0.679,0.848,-0.083,0.583,0.706,0.44,0.791,0.212,0.86,0.596,-0.049,0.885,-0.399,0.86,0.333,0.878,0.077,0.837,0.906,-0.205,0.243,0.824,0.86,0.369,0.0,0.572,0.922,0.887,0.287,0.845,0.877,0.844,0.672,0.891,0.367,0.874,0.736,0.942,0.805,0.895,0.87,0.652,0.679,0.763,0.81,0.672,0.92,0.605,0.839,-0.439,0.78,0.211,0.835,0.911,-0.232,0.896,0.277,0.871,0.777,0.732,0.109,0.878,-0.12,0.878,0.917,0.942,0.465,0.956,-0.175,0.931,0.742,0.843,0.823,0.204,0.811,0.952,0.69,0.63,0.592,0.837,0.852,0.918,0.635,0.897,0.128,0.314,0.669,0.934,0.869,0.879,0.741,0.67,0.778,0.855,0.912,0.79,0.755,0.856,0.6,0.69,0.405,-0.176,0.935,0.88,0.671,0.906,0.549,0.621,-0.355,0.45,0.685,0.8,0.789,0.911,-0.846,0.57,0.603,-0.544,0.788,0.642,0.632,-0.554,-0.194,0.312,0.957,0.927,0.621,0.246,-0.196,0.682,0.867,0.85,0.722,0.656,0.733,-0.601,0.796,0.874,0.808,0.845,0.92,-0.187,0.634,0.442,0.858,0.826,-0.049,0.874,0.931,0.907,0.812,0.915,0.917,0.83,0.881,0.687,0.144,0.412,0.908,0.198,0.785,0.615,0.753,0.871,0.855,-0.129,0.624,0.701,0.893,0.746,0.893,0.382,0.936,0.893,0.858,0.203,0.733,0.179,0.784,0.752,0.697,0.052,0.559,-0.108,0.759,0.763,0.463,0.649,0.904,-0.272,0.89,0.539,0.588,0.926,0.669,0.83,-0.423,0.87,0.407
BCPC,0.537,-0.164,0.342,0.547,0.413,0.463,0.322,0.471,0.735,0.234,0.303,0.307,0.538,-0.321,0.466,0.617,0.31,0.32,0.206,0.54,-0.391,0.082,0.376,0.458,0.801,0.572,0.0,0.477,0.262,0.38,0.269,0.748,0.655,0.268,0.463,0.037,0.546,0.706,0.439,0.47,0.523,0.521,0.585,0.439,0.759,0.452,-0.001,0.651,0.178,0.397,0.062,0.568,0.36,0.265,0.486,0.208,0.372,0.712,0.37,0.587,0.519,0.1,0.35,0.509,0.282,0.546,0.549,0.137,0.511,0.411,0.352,0.125,0.687,0.37,0.549,0.594,0.543,0.841,0.178,0.322,0.344,0.349,0.373,0.038,0.357,0.659,0.663,0.753,0.416,0.641,0.565,0.569,0.825,0.366,0.569,0.547,0.586,0.47,0.381,0.645,0.428,0.582,0.166,0.363,0.417,-0.03,0.579,0.432,0.825,0.362,0.551,0.746,0.084,0.541,0.398,-0.451,0.59,0.337,-0.358,0.537,0.79,0.698,0.008,0.14,0.205,0.47,0.697,0.021,0.81,-0.617,0.501,0.475,0.621,0.411,-0.069,0.577,-0.016,0.221,0.497,0.667,0.516,0.295,-0.001,0.642,0.302,0.465,0.654,0.162,0.63,0.387,0.505,0.545,0.601,0.712,0.216,0.722,0.147,0.319,0.334,0.282,0.115,0.645,0.272,0.487,0.367,0.203,0.231,0.634,0.524,0.292,0.113,0.432,0.15,0.539,0.47,0.337,0.402,0.129,0.299,0.105,0.71,0.451,0.494,0.802,0.271,0.461,0.348,-0.211,0.05,0.355,0.383,0.666,0.685,0.252,0.317,0.277,0.522,0.323,0.299,-0.167
BEAM,0.881,-0.654,0.88,-0.202,0.64,0.788,0.433,0.874,0.113,0.865,0.726,-0.184,0.928,-0.212,0.878,0.506,0.886,0.229,0.901,0.895,-0.11,0.275,0.898,0.862,0.316,0.922,0.477,0.0,0.85,0.364,0.861,0.769,0.77,0.757,0.919,0.568,0.911,0.682,0.924,0.828,0.943,0.773,0.537,0.749,0.702,0.736,0.772,0.871,0.61,0.873,-0.459,0.756,0.137,0.867,0.935,-0.141,0.96,0.342,0.904,0.707,0.795,0.219,0.887,-0.128,0.888,0.949,0.919,0.529,0.96,-0.114,0.914,0.782,0.771,0.855,-0.02,0.843,0.916,0.644,0.757,0.66,0.864,0.914,0.95,0.674,0.895,0.159,0.188,0.69,0.917,0.87,0.898,0.663,0.554,0.787,0.844,0.94,0.869,0.768,0.877,0.535,0.724,0.365,-0.143,0.942,0.912,0.729,0.921,0.653,0.58,-0.48,0.308,0.696,0.807,0.896,0.957,-0.754,0.58,0.667,-0.638,0.747,0.536,0.662,-0.677,-0.182,0.274,0.972,0.88,0.723,0.246,-0.152,0.601,0.947,0.764,0.665,0.748,0.704,-0.485,0.793,0.894,0.849,0.839,0.897,-0.333,0.577,0.615,0.852,0.779,0.027,0.916,0.916,0.811,0.812,0.882,0.848,0.904,0.893,0.796,0.265,0.56,0.917,0.317,0.772,0.638,0.614,0.917,0.88,0.01,0.713,0.511,0.936,0.772,0.804,0.48,0.96,0.878,0.914,0.291,0.839,0.234,0.856,0.681,0.759,-0.187,0.529,-0.113,0.839,0.698,0.436,0.751,0.905,-0.334,0.858,0.518,0.525,0.925,0.733,0.789,-0.513,0.931,0.397
BILI,0.836,-0.694,0.925,-0.189,0.57,0.733,0.271,0.763,-0.039,0.896,0.591,-0.335,0.775,-0.267,0.866,0.159,0.937,-0.014,0.937,0.868,-0.185,0.067,0.859,0.807,0.187,0.887,0.262,0.85,0.0,0.308,0.903,0.743,0.72,0.784,0.918,0.469,0.807,0.672,0.907,0.798,0.778,0.819,0.55,0.658,0.659,0.788,0.816,0.847,0.685,0.894,-0.447,0.71,0.229,0.94,0.853,-0.333,0.868,0.078,0.829,0.546,0.706,0.068,0.84,-0.414,0.93,0.832,0.889,0.606,0.893,-0.269,0.932,0.812,0.751,0.838,-0.019,0.777,0.922,0.553,0.723,0.645,0.884,0.843,0.903,0.712,0.946,-0.078,0.006,0.477,0.915,0.81,0.792,0.564,0.417,0.753,0.812,0.841,0.717,0.788,0.916,0.578,0.726,0.316,-0.15,0.944,0.838,0.836,0.828,0.54,0.456,-0.515,0.289,0.583,0.922,0.678,0.925,-0.727,0.474,0.697,-0.609,0.789,0.347,0.401,-0.734,-0.205,0.372,0.915,0.805,0.803,-0.03,0.039,0.543,0.821,0.802,0.626,0.781,0.688,-0.715,0.83,0.869,0.751,0.816,0.924,-0.329,0.597,0.465,0.74,0.725,-0.084,0.808,0.911,0.802,0.763,0.76,0.723,0.914,0.735,0.801,0.168,0.44,0.942,0.243,0.705,0.555,0.698,0.904,0.896,-0.221,0.501,0.677,0.946,0.908,0.843,0.464,0.836,0.857,0.915,0.076,0.845,0.01,0.861,0.63,0.701,-0.215,0.329,-0.18,0.726,0.82,0.705,0.799,0.942,-0.563,0.79,0.445,0.507,0.924,0.796,0.789,-0.631,0.904,0.413
BJRI,0.614,0.255,0.403,0.547,0.69,0.792,-0.433,0.522,0.499,0.17,0.73,-0.45,0.297,0.376,0.579,0.562,0.472,0.388,0.398,0.23,-0.325,0.187,0.449,0.09,0.677,0.287,0.38,0.364,0.308,0.0,0.257,0.386,0.407,0.547,0.451,0.549,0.55,0.669,0.153,0.65,0.355,0.418,0.547,0.811,0.533,0.498,0.497,0.557,0.234,0.58,0.274,0.705,0.607,0.47,0.338,0.435,0.282,0.66,0.086,-0.124,0.708,0.452,-0.005,-0.138,0.475,0.276,0.385,0.594,0.317,0.508,0.195,0.481,0.601,0.517,0.004,0.45,0.309,0.581,0.661,0.86,0.585,0.464,0.312,0.43,0.403,0.534,-0.167,0.365,0.199,0.623,0.381,-0.125,0.276,0.552,0.611,0.436,0.71,0.749,0.596,0.623,0.826,0.552,0.509,0.343,0.283,0.117,0.502,0.871,0.419,0.263,-0.092,0.748,0.166,0.345,0.453,0.016,0.506,0.795,-0.751,0.57,0.031,0.057,-0.404,0.695,0.607,0.326,0.414,0.581,0.272,0.13,-0.238,0.373,0.59,0.03,0.358,0.559,-0.083,-0.048,0.55,0.629,0.689,0.168,-0.673,0.8,0.797,0.105,0.432,0.64,0.61,0.242,0.014,0.698,0.266,0.199,0.503,0.409,0.253,0.853,0.83,0.308,0.752,0.643,0.513,0.335,0.535,0.188,0.187,0.322,0.384,0.408,0.498,0.108,0.841,0.316,0.416,0.541,0.539,0.492,-0.206,0.361,0.485,0.577,-0.026,0.576,0.582,0.39,0.49,0.405,0.488,0.342,-0.339,0.586,0.814,0.081,0.22,0.677,0.517,0.131,0.467,-0.36
BLUE,0.807,-0.763,0.881,-0.241,0.567,0.675,0.32,0.793,-0.092,0.956,0.52,-0.242,0.797,-0.312,0.843,0.233,0.923,-0.022,0.909,0.882,-0.188,0.066,0.884,0.851,0.201,0.845,0.269,0.861,0.903,0.257,0.0,0.763,0.8,0.796,0.901,0.439,0.83,0.642,0.915,0.81,0.787,0.845,0.583,0.616,0.614,0.816,0.738,0.821,0.82,0.891,-0.598,0.709,0.09,0.896,0.894,-0.502,0.91,0.053,0.888,0.636,0.676,0.108,0.889,-0.386,0.893,0.862,0.89,0.477,0.888,-0.354,0.95,0.803,0.749,0.861,-0.096,0.792,0.853,0.54,0.644,0.602,0.838,0.861,0.936,0.681,0.947,-0.064,0.011,0.575,0.909,0.758,0.835,0.54,0.43,0.764,0.84,0.861,0.671,0.743,0.857,0.461,0.693,0.361,-0.344,0.924,0.883,0.796,0.799,0.512,0.506,-0.602,0.402,0.589,0.949,0.778,0.908,-0.751,0.554,0.548,-0.612,0.798,0.458,0.429,-0.79,-0.288,0.428,0.91,0.828,0.772,-0.021,-0.052,0.548,0.825,0.782,0.627,0.776,0.764,-0.637,0.87,0.874,0.72,0.753,0.915,-0.388,0.497,0.416,0.817,0.805,-0.253,0.777,0.94,0.761,0.721,0.813,0.758,0.877,0.784,0.845,0.044,0.369,0.89,0.222,0.75,0.554,0.739,0.92,0.861,-0.221,0.528,0.592,0.925,0.833,0.904,0.437,0.858,0.879,0.883,-0.07,0.801,0.178,0.821,0.714,0.636,-0.236,0.38,-0.334,0.794,0.838,0.597,0.819,0.939,-0.516,0.77,0.435,0.573,0.919,0.777,0.782,-0.701,0.897,0.539
