,AAL,AAON,ACB,ACGL,ACGLO,ACIW,ADBE,ADSK,AEP,AGIO,ALEC,ALNY,ALTR,AMBA,AMCX,AMKR,AMRX,ANSS,APPN,APTO,ARCT,ARWR,ASND,ASTH,ATSG,AVTX,BCPC,BEAM,BILI,BJRI,BLUE,BPOP,BRKL,BWIN,BZUN,CARG,CBRL,CBSH,CBUS,CENTA,CERS,CFFN,CHCO,CHEF,CHRD,CINF,CLLS,CMCO,CMCSA,COLL,COMM,COOP,CPB,CRON,CROX,CRUS,CRWD,CTAS,CYBR,CYTK,DGII,DIOD,DOMO,DPZ,DSGR,DXCM,ERIE,ESTA,EXEL,FAST,FCEL,FCFS,FHB,FITBI,FSV,FTDR,FUTU,GLDD,GLPG,GLPI,GOGO,GOSS,GSAT,GYRE,HALO,HAS,HLIT,HLNE,HSDT,HSIC,HTHT,ICHR,IDYA,IMVT,INDB,INSM,IONS,IOSP,ITRI,JBHT,JBLU,JSM,KLIC,KOD,KURA,LAB,LASR,LIN,LKQ,LNT,MBUU,MCRI,MDGL,MEDP,MGNI,MGPI,MGRC,MKTX,MRNA,MRTN,MSEX,MSFT,MU,NAVI,NBTB,NEO,NEOG,NGNE,NSSC,NTAP,NTES,NTLA,NTRS,NYMTN,OBLG,OCFC,ON,ONC,OPI,OSIS,OSW,PALI,PANW,PCAR,PCRX,PCTY,PEBO,PLAB,PLAY,PLMR,PLSE,PLUS,PRTA,PSEC,PSNL,PTCT,PTON,QNST,QRVO,QTTB,RARE,RBCAA,RGNX,SAIC,SGMO,SINT,SNPS,SPSC,SPTN,SSYS,STNE,TBBK,TCPC,TENB,TGTX,TREE,TRUP,TTWO,TW,TXG,UBSI,UCTT,UFPT,UMBF,UPBD,URBN,VBTX,VCTR,VEON,VNET,VRSK,VSEC,WABC,WTFCM,WVE,WW,WWD,XEL,ZD,ZYME
AAL,0.0,-0.088,0.343,0.107,-0.088,0.18,0.326,0.131,-0.018,-0.131,0.099,0.122,0.18,0.102,0.331,0.003,0.417,0.237,0.385,-0.056,-0.179,0.24,-0.526,0.642,0.0,0.158,0.301,0.033,-0.123,0.466,0.052,0.536,-0.078,0.058,-0.175,0.168,0.408,0.401,-0.119,0.093,-0.156,0.366,0.125,0.28,0.701,-0.118,-0.016,0.444,0.473,0.022,0.019,0.045,-0.051,0.297,0.238,0.317,0.543,0.353,0.541,0.065,0.147,-0.033,0.357,0.286,0.344,-0.213,-0.028,0.263,0.164,-0.018,0.183,0.137,0.495,-0.03,0.257,0.158,-0.122,0.454,0.126,0.402,0.142,0.217,0.218,0.267,0.315,0.307,-0.183,0.546,-0.2,0.268,-0.17,0.305,0.264,0.451,-0.068,-0.17,0.201,0.129,0.118,0.076,0.79,-0.291,0.145,0.404,0.258,0.115,0.303,0.195,0.347,-0.091,0.027,0.191,-0.098,-0.005,0.621,0.023,0.116,-0.114,-0.019,-0.093,-0.087,0.497,-0.187,0.241,-0.134,0.011,-0.227,0.05,0.182,-0.103,-0.213,0.057,0.398,0.215,0.122,0.11,-0.212,-0.62,0.44,0.229,0.299,0.304,0.159,0.104,0.231,0.1,0.193,0.333,0.644,0.048,0.12,0.115,-0.113,0.887,0.321,-0.029,0.289,0.311,0.168,0.326,-0.218,0.16,0.04,0.27,0.298,0.142,0.088,-0.157,0.158,0.111,0.235,0.048,0.649,0.409,0.249,0.613,0.224,0.273,0.338,0.397,0.492,0.535,-0.051,0.045,0.223,0.301,0.056,-0.34,-0.338,-0.238,0.015,0.387,-0.155,-0.041,-0.159,0.506,0.598,-0.226,0.549,0.112
AAON,-0.088,0.0,0.191,0.819,0.566,-0.742,0.511,0.648,0.514,-0.565,-0.444,0.873,0.715,0.779,-0.169,0.775,0.525,0.469,-0.708,-0.076,0.788,-0.36,0.637,-0.401,0.862,0.176,0.225,0.801,-0.467,-0.707,-0.851,0.636,0.831,0.809,-0.402,0.703,-0.585,-0.314,0.167,-0.444,0.84,-0.176,0.811,0.531,-0.256,0.651,0.515,-0.099,0.243,-0.865,-0.834,0.708,-0.719,-0.153,0.541,-0.716,0.135,0.27,-0.188,0.402,0.508,0.828,0.526,0.227,-0.111,0.664,-0.621,-0.578,0.522,0.509,0.387,0.759,0.113,-0.65,0.537,-0.707,-0.295,0.006,-0.148,0.466,0.887,0.738,-0.158,-0.084,-0.193,0.203,0.689,0.022,-0.185,-0.112,-0.216,-0.231,0.329,-0.641,0.859,-0.099,0.617,0.625,-0.69,0.2,-0.081,0.529,0.923,-0.222,-0.439,0.322,-0.583,0.483,0.168,0.711,0.535,0.65,-0.197,-0.329,0.606,0.751,-0.712,0.536,0.759,-0.364,0.677,0.355,0.573,0.825,0.826,0.261,-0.209,-0.468,0.742,0.809,-0.445,0.784,0.617,0.462,0.026,0.892,0.731,0.258,-0.633,0.375,0.541,-0.652,-0.388,-0.712,0.295,0.92,0.871,0.463,-0.295,0.745,0.703,0.885,0.787,0.177,-0.24,-0.257,-0.287,0.214,0.369,0.644,0.736,0.645,-0.57,-0.777,0.019,-0.325,0.634,0.742,0.427,0.698,-0.053,0.846,0.169,-0.011,-0.768,-0.356,-0.58,-0.685,0.533,-0.449,0.308,-0.358,0.686,0.68,0.533,0.539,0.709,0.713,-0.043,0.365,0.278,-0.764,0.718,0.641,-0.202,0.398,-0.545,0.338,-0.626,-0.176
ACB,0.343,0.191,0.0,-0.023,0.036,0.241,-0.133,-0.112,-0.258,0.269,0.432,0.077,0.176,0.383,0.578,0.048,0.006,-0.083,0.242,0.593,0.007,-0.317,0.377,-0.169,0.067,0.702,-0.242,0.207,0.354,0.322,0.1,0.354,0.138,-0.014,0.413,-0.092,0.427,0.293,0.625,0.384,0.082,0.423,0.001,0.346,0.648,0.364,0.602,0.275,-0.044,-0.267,-0.056,-0.081,-0.091,0.717,-0.135,0.189,0.087,-0.232,-0.145,-0.4,-0.049,0.054,-0.084,-0.338,-0.118,-0.155,0.035,0.231,0.675,-0.311,0.639,0.079,0.568,0.049,-0.078,-0.125,0.412,-0.026,0.411,0.102,0.289,0.183,0.753,0.512,0.492,-0.082,-0.024,0.212,0.393,-0.181,0.473,0.358,-0.265,0.068,0.33,0.579,-0.061,0.435,-0.066,0.212,0.676,-0.169,0.24,0.58,0.022,-0.273,-0.041,-0.167,0.128,-0.29,-0.155,0.277,0.595,0.443,0.31,0.272,0.107,-0.263,-0.216,0.41,-0.164,-0.07,0.248,0.175,0.133,-0.145,0.377,0.419,0.086,0.271,0.273,0.367,0.516,0.444,0.606,0.334,0.037,0.209,0.023,0.246,0.193,0.241,-0.361,0.167,-0.249,0.055,0.141,0.169,0.574,-0.175,-0.114,0.085,0.39,0.429,0.508,0.417,-0.126,0.145,0.499,0.444,0.439,-0.184,0.268,0.022,0.508,-0.252,-0.077,-0.079,-0.277,0.606,0.639,0.154,0.245,-0.295,0.106,0.092,-0.272,0.062,0.045,-0.093,0.487,0.133,0.056,0.054,-0.177,0.77,0.328,0.373,0.469,0.661,-0.475,0.018,-0.015,-0.028,0.421,0.756,0.151,-0.333,-0.176,0.301
ACGL,0.107,0.819,-0.023,0.0,0.775,-0.871,0.816,0.914,0.68,-0.859,-0.662,0.832,0.831,0.819,-0.498,0.925,0.791,0.752,-0.706,-0.468,0.856,-0.021,0.36,-0.017,0.936,-0.204,0.515,0.777,-0.784,-0.695,-0.77,0.73,0.872,0.834,-0.736,0.878,-0.683,-0.541,-0.32,-0.69,0.848,-0.403,0.888,0.497,-0.194,0.551,0.235,0.02,0.581,-0.589,-0.748,0.914,-0.896,-0.256,0.851,-0.771,0.408,0.552,0.228,0.569,0.755,0.947,0.806,0.626,-0.123,0.867,-0.487,-0.641,0.373,0.828,-0.015,0.929,-0.022,-0.536,0.808,-0.431,-0.62,0.183,-0.103,0.678,0.819,0.865,-0.49,-0.361,-0.414,0.524,0.859,-0.062,-0.484,0.253,-0.592,-0.152,0.691,-0.718,0.684,-0.465,0.864,0.37,-0.59,0.403,-0.099,0.716,0.849,-0.412,-0.359,0.598,-0.347,0.84,0.499,0.855,0.839,0.766,-0.555,-0.472,0.657,0.685,-0.656,0.792,0.892,-0.515,0.882,0.704,0.676,0.911,0.824,0.592,-0.529,-0.741,0.862,0.818,-0.755,0.689,0.555,0.401,-0.009,0.77,0.863,0.108,-0.567,0.344,0.764,-0.791,0.046,-0.848,0.657,0.908,0.928,0.736,-0.364,0.869,0.898,0.939,0.691,0.376,-0.315,-0.586,-0.071,0.419,0.52,0.552,0.45,0.917,-0.756,-0.784,-0.233,0.018,0.894,0.913,0.684,0.488,-0.106,0.902,0.385,0.446,-0.881,-0.185,-0.206,-0.723,0.799,-0.163,0.159,-0.175,0.849,0.805,0.845,0.332,0.623,0.426,-0.309,-0.022,0.598,-0.779,0.639,0.787,-0.583,0.368,-0.444,0.376,-0.223,-0.426
ACGLO,-0.088,0.566,0.036,0.775,0.0,-0.729,0.648,0.828,0.668,-0.735,-0.587,0.456,0.818,0.834,-0.592,0.888,0.613,0.673,-0.689,-0.455,0.718,0.015,0.408,-0.134,0.841,-0.355,0.523,0.538,-0.729,-0.584,-0.458,0.562,0.853,0.543,-0.622,0.624,-0.604,-0.667,-0.341,-0.621,0.719,-0.456,0.723,0.446,-0.1,0.51,0.068,0.222,0.57,-0.301,-0.469,0.844,-0.868,0.072,0.739,-0.727,0.329,0.244,0.191,0.235,0.748,0.874,0.586,0.568,-0.318,0.866,-0.252,-0.431,0.419,0.768,-0.262,0.83,0.035,-0.288,0.677,-0.186,-0.661,0.166,0.125,0.559,0.554,0.75,-0.473,-0.565,-0.435,0.625,0.873,-0.313,-0.36,0.382,-0.503,0.045,0.59,-0.749,0.571,-0.268,0.64,0.278,-0.399,0.685,-0.226,0.801,0.573,-0.334,-0.23,0.602,-0.127,0.811,0.56,0.714,0.819,0.798,-0.417,-0.394,0.342,0.525,-0.411,0.809,0.627,-0.113,0.823,0.583,0.886,0.671,0.79,0.705,-0.314,-0.704,0.726,0.869,-0.659,0.479,0.432,0.497,0.234,0.606,0.899,0.375,-0.582,0.426,0.695,-0.824,0.207,-0.792,0.639,0.596,0.705,0.723,-0.361,0.65,0.689,0.703,0.614,0.184,-0.318,-0.626,-0.193,0.393,0.684,0.267,0.287,0.771,-0.713,-0.701,-0.49,0.137,0.866,0.866,0.544,0.355,0.075,0.844,0.393,0.351,-0.829,-0.109,-0.067,-0.696,0.564,-0.155,0.077,-0.125,0.835,0.842,0.721,0.257,0.66,0.366,-0.001,0.067,0.401,-0.805,0.531,0.813,-0.574,0.316,-0.404,0.386,-0.13,-0.579
ACIW,0.18,-0.742,0.241,-0.871,-0.729,0.0,-0.751,-0.863,-0.767,0.873,0.699,-0.768,-0.722,-0.663,0.676,-0.896,-0.657,-0.63,0.832,0.589,-0.874,0.06,-0.368,0.119,-0.869,0.375,-0.383,-0.699,0.81,0.861,0.782,-0.483,-0.777,-0.749,0.757,-0.789,0.891,0.733,0.434,0.84,-0.876,0.587,-0.805,-0.412,0.488,-0.294,-0.096,0.199,-0.404,0.524,0.765,-0.879,0.865,0.399,-0.798,0.876,-0.338,-0.453,-0.131,-0.629,-0.636,-0.895,-0.722,-0.647,0.155,-0.864,0.558,0.775,-0.155,-0.816,0.18,-0.822,0.298,0.609,-0.784,0.459,0.669,-0.04,0.16,-0.528,-0.708,-0.784,0.675,0.533,0.599,-0.473,-0.862,0.344,0.448,-0.162,0.634,0.382,-0.671,0.775,-0.539,0.526,-0.807,-0.165,0.653,-0.239,0.444,-0.696,-0.752,0.48,0.492,-0.632,0.448,-0.748,-0.274,-0.921,-0.767,-0.597,0.651,0.636,-0.411,-0.655,0.78,-0.853,-0.926,0.595,-0.906,-0.6,-0.62,-0.69,-0.781,-0.574,0.59,0.843,-0.776,-0.733,0.769,-0.587,-0.229,-0.259,0.126,-0.635,-0.853,-0.205,0.765,-0.227,-0.586,0.833,-0.061,0.939,-0.635,-0.833,-0.749,-0.564,0.597,-0.868,-0.9,-0.847,-0.642,-0.021,0.487,0.681,0.109,-0.307,-0.347,-0.357,-0.419,-0.829,0.819,0.898,0.391,-0.019,-0.846,-0.88,-0.604,-0.394,0.379,-0.799,-0.115,-0.402,0.935,0.287,0.2,0.819,-0.606,0.217,0.115,0.406,-0.82,-0.731,-0.777,-0.051,-0.446,-0.344,0.34,0.082,-0.51,0.878,-0.593,-0.783,0.622,-0.021,0.644,-0.521,0.279,0.498
ADBE,0.326,0.511,-0.133,0.816,0.648,-0.751,0.0,0.907,0.581,-0.89,-0.606,0.68,0.768,0.655,-0.579,0.792,0.838,0.813,-0.434,-0.582,0.664,0.273,-0.027,0.383,0.74,-0.356,0.558,0.635,-0.825,-0.515,-0.611,0.675,0.603,0.613,-0.81,0.811,-0.614,-0.552,-0.568,-0.744,0.67,-0.49,0.697,0.37,-0.085,0.109,0.052,0.002,0.66,-0.301,-0.57,0.84,-0.815,-0.258,0.929,-0.552,0.749,0.711,0.608,0.658,0.697,0.785,0.917,0.859,0.028,0.727,-0.423,-0.422,0.171,0.793,-0.245,0.801,-0.106,-0.381,0.828,-0.194,-0.701,0.313,-0.021,0.697,0.611,0.794,-0.579,-0.39,-0.358,0.537,0.697,0.006,-0.56,0.395,-0.669,-0.052,0.817,-0.478,0.302,-0.635,0.89,0.064,-0.417,0.337,-0.006,0.546,0.667,-0.34,-0.194,0.682,-0.102,0.872,0.52,0.731,0.791,0.579,-0.666,-0.47,0.7,0.516,-0.546,0.795,0.818,-0.603,0.772,0.932,0.54,0.716,0.532,0.72,-0.699,-0.75,0.819,0.558,-0.781,0.522,0.311,0.19,-0.045,0.514,0.67,-0.08,-0.424,0.209,0.744,-0.578,0.348,-0.742,0.818,0.755,0.714,0.731,-0.338,0.789,0.838,0.748,0.483,0.493,-0.189,-0.672,0.116,0.526,0.519,0.456,0.153,0.875,-0.665,-0.615,-0.236,0.227,0.903,0.753,0.629,0.266,-0.059,0.685,0.423,0.735,-0.659,0.095,0.098,-0.511,0.808,0.205,-0.008,0.057,0.705,0.646,0.845,0.08,0.355,0.025,-0.511,-0.315,0.586,-0.573,0.325,0.724,-0.714,0.154,-0.233,0.238,0.15,-0.412
ADSK,0.131,0.648,-0.112,0.914,0.828,-0.863,0.907,0.0,0.736,-0.956,-0.762,0.69,0.88,0.793,-0.687,0.938,0.871,0.85,-0.62,-0.643,0.805,0.187,0.165,0.175,0.895,-0.432,0.612,0.633,-0.893,-0.682,-0.686,0.679,0.816,0.753,-0.851,0.865,-0.729,-0.687,-0.54,-0.804,0.764,-0.549,0.835,0.477,-0.146,0.362,0.034,0.099,0.683,-0.355,-0.564,0.972,-0.93,-0.163,0.966,-0.775,0.562,0.629,0.474,0.601,0.863,0.929,0.882,0.822,-0.084,0.901,-0.429,-0.542,0.275,0.912,-0.221,0.919,-0.134,-0.512,0.9,-0.175,-0.778,0.332,0.036,0.622,0.648,0.855,-0.618,-0.54,-0.477,0.679,0.874,-0.147,-0.618,0.493,-0.718,-0.013,0.859,-0.678,0.497,-0.629,0.88,0.219,-0.394,0.514,-0.178,0.674,0.709,-0.407,-0.282,0.799,-0.129,0.94,0.647,0.848,0.921,0.782,-0.715,-0.578,0.591,0.527,-0.525,0.878,0.878,-0.487,0.912,0.826,0.694,0.784,0.757,0.74,-0.662,-0.874,0.912,0.773,-0.818,0.504,0.409,0.33,0.006,0.604,0.874,0.102,-0.542,0.404,0.75,-0.79,0.3,-0.898,0.813,0.793,0.835,0.789,-0.446,0.894,0.92,0.824,0.6,0.39,-0.372,-0.791,0.028,0.412,0.587,0.398,0.208,0.965,-0.832,-0.733,-0.367,0.229,0.979,0.912,0.757,0.316,-0.062,0.848,0.447,0.645,-0.847,0.018,0.059,-0.652,0.755,0.07,0.001,-0.032,0.812,0.828,0.939,0.151,0.548,0.172,-0.399,-0.157,0.598,-0.759,0.485,0.797,-0.777,0.237,-0.365,0.355,0.006,-0.634
AEP,-0.018,0.514,-0.258,0.68,0.668,-0.767,0.581,0.736,0.0,-0.785,-0.708,0.478,0.634,0.545,-0.603,0.754,0.564,0.624,-0.773,-0.731,0.618,-0.014,0.07,-0.096,0.746,-0.559,0.614,0.308,-0.829,-0.661,-0.592,0.492,0.708,0.595,-0.778,0.61,-0.696,-0.469,-0.489,-0.696,0.536,-0.327,0.827,0.619,-0.281,0.273,-0.211,0.223,0.584,-0.351,-0.477,0.758,-0.666,-0.114,0.661,-0.763,0.249,0.344,0.119,0.368,0.674,0.704,0.54,0.644,-0.153,0.704,-0.337,-0.565,0.148,0.704,-0.283,0.701,-0.041,-0.638,0.748,-0.243,-0.832,0.308,-0.067,0.455,0.409,0.639,-0.675,-0.7,-0.57,0.738,0.684,-0.213,-0.546,0.42,-0.685,-0.219,0.675,-0.465,0.453,-0.512,0.572,0.267,-0.375,0.355,-0.444,0.482,0.489,-0.19,-0.232,0.755,-0.163,0.678,0.352,0.869,0.62,0.61,-0.671,-0.736,0.292,0.333,-0.486,0.679,0.676,-0.308,0.773,0.57,0.446,0.469,0.768,0.426,-0.487,-0.854,0.618,0.591,-0.768,0.216,0.321,0.43,-0.238,0.502,0.666,-0.004,-0.454,0.585,0.441,-0.767,0.124,-0.872,0.637,0.565,0.647,0.426,-0.326,0.735,0.721,0.678,0.346,0.079,-0.61,-0.789,-0.179,0.15,0.161,0.087,0.069,0.737,-0.889,-0.562,-0.609,0.114,0.715,0.661,0.654,0.132,-0.402,0.735,0.403,0.359,-0.73,0.122,-0.081,-0.597,0.291,-0.182,0.129,-0.233,0.588,0.789,0.716,0.019,0.423,0.087,-0.253,-0.225,0.406,-0.58,0.612,0.612,-0.737,0.006,-0.3,0.805,-0.034,-0.679
AGIO,-0.131,-0.565,0.269,-0.859,-0.735,0.873,-0.89,-0.956,-0.785,0.0,0.779,-0.647,-0.804,-0.657,0.722,-0.863,-0.839,-0.822,0.622,0.749,-0.745,-0.182,-0.004,-0.227,-0.821,0.536,-0.607,-0.526,0.953,0.667,0.694,-0.605,-0.713,-0.728,0.923,-0.807,0.762,0.684,0.643,0.827,-0.679,0.617,-0.788,-0.421,0.225,-0.215,0.118,-0.035,-0.674,0.323,0.543,-0.911,0.853,0.282,-0.938,0.744,-0.55,-0.631,-0.489,-0.647,-0.788,-0.847,-0.858,-0.873,0.05,-0.847,0.505,0.578,-0.111,-0.885,0.28,-0.835,0.217,0.549,-0.871,0.151,0.865,-0.324,0.013,-0.551,-0.571,-0.766,0.708,0.628,0.522,-0.711,-0.8,0.147,0.719,-0.495,0.824,0.091,-0.873,0.601,-0.36,0.757,-0.84,-0.139,0.373,-0.423,0.266,-0.602,-0.648,0.464,0.313,-0.82,0.142,-0.905,-0.545,-0.864,-0.845,-0.653,0.823,0.712,-0.527,-0.431,0.531,-0.835,-0.878,0.547,-0.879,-0.831,-0.535,-0.701,-0.668,-0.662,0.769,0.922,-0.83,-0.649,0.877,-0.384,-0.278,-0.229,0.178,-0.505,-0.783,0.044,0.531,-0.374,-0.63,0.77,-0.298,0.897,-0.791,-0.74,-0.755,-0.685,0.458,-0.879,-0.902,-0.77,-0.466,-0.317,0.495,0.859,-0.04,-0.343,-0.393,-0.266,-0.09,-0.929,0.887,0.697,0.462,-0.277,-0.919,-0.838,-0.745,-0.2,0.229,-0.764,-0.415,-0.685,0.808,-0.045,-0.081,0.611,-0.677,-0.069,0.08,0.056,-0.709,-0.738,-0.924,-0.023,-0.403,-0.039,0.519,0.327,-0.596,0.685,-0.407,-0.733,0.868,-0.087,0.35,-0.432,-0.049,0.687
ALEC,0.099,-0.444,0.432,-0.662,-0.587,0.699,-0.606,-0.762,-0.708,0.779,0.0,-0.45,-0.629,-0.481,0.782,-0.681,-0.682,-0.673,0.551,0.74,-0.559,-0.411,-0.016,-0.103,-0.631,0.646,-0.716,-0.371,0.745,0.734,0.534,-0.314,-0.637,-0.61,0.764,-0.729,0.716,0.593,0.587,0.804,-0.458,0.515,-0.682,-0.384,0.39,-0.247,0.248,-0.132,-0.47,0.094,0.284,-0.793,0.611,0.231,-0.755,0.73,-0.13,-0.609,-0.328,-0.679,-0.809,-0.667,-0.66,-0.625,-0.096,-0.774,0.234,0.444,0.053,-0.839,0.352,-0.66,0.385,0.495,-0.759,0.01,0.736,-0.458,0.098,-0.35,-0.297,-0.602,0.672,0.596,0.656,-0.562,-0.623,0.1,0.694,-0.619,0.677,-0.047,-0.823,0.498,-0.279,0.702,-0.585,-0.077,0.14,-0.249,0.489,-0.561,-0.387,0.544,0.056,-0.861,-0.122,-0.769,-0.489,-0.736,-0.804,-0.592,0.777,0.67,-0.246,-0.127,0.286,-0.705,-0.715,0.456,-0.783,-0.474,-0.371,-0.485,-0.611,-0.614,0.568,0.844,-0.669,-0.467,0.593,-0.208,-0.149,-0.052,0.179,-0.289,-0.649,-0.006,0.229,-0.4,-0.452,0.744,-0.375,0.773,-0.693,-0.538,-0.607,-0.554,0.62,-0.817,-0.718,-0.578,-0.155,-0.108,0.428,0.838,-0.156,-0.211,-0.17,-0.124,0.102,-0.783,0.746,0.463,0.415,-0.443,-0.707,-0.743,-0.794,0.055,0.253,-0.601,-0.265,-0.512,0.641,-0.122,-0.256,0.421,-0.405,-0.169,0.169,-0.093,-0.529,-0.715,-0.82,0.207,-0.369,0.089,0.504,0.235,-0.747,0.554,-0.422,-0.535,0.704,0.078,0.212,-0.377,-0.046,0.665
ALNY,0.122,0.873,0.077,0.832,0.456,-0.768,0.68,0.69,0.478,-0.647,-0.45,0.0,0.656,0.669,-0.244,0.738,0.657,0.496,-0.549,-0.24,0.767,-0.116,0.415,-0.065,0.78,0.083,0.261,0.885,-0.549,-0.673,-0.81,0.617,0.688,0.796,-0.538,0.805,-0.598,-0.341,-0.078,-0.564,0.842,-0.232,0.766,0.446,-0.267,0.362,0.449,-0.194,0.276,-0.732,-0.884,0.711,-0.696,-0.319,0.649,-0.653,0.404,0.541,0.091,0.65,0.468,0.781,0.727,0.376,0.106,0.603,-0.612,-0.618,0.31,0.584,0.248,0.721,-0.04,-0.647,0.649,-0.681,-0.354,0.071,-0.186,0.639,0.904,0.776,-0.278,-0.027,-0.245,0.179,0.624,0.071,-0.266,-0.101,-0.357,-0.358,0.469,-0.52,0.642,-0.296,0.807,0.36,-0.747,0.011,0.011,0.428,0.922,-0.197,-0.404,0.371,-0.513,0.537,0.166,0.744,0.578,0.543,-0.356,-0.329,0.731,0.788,-0.809,0.603,0.863,-0.661,0.718,0.525,0.429,0.785,0.662,0.381,-0.434,-0.485,0.737,0.636,-0.564,0.808,0.45,0.244,-0.002,0.797,0.616,0.055,-0.556,0.149,0.581,-0.542,-0.146,-0.694,0.449,0.958,0.809,0.506,-0.321,0.797,0.808,0.894,0.696,0.314,-0.091,-0.289,-0.029,0.44,0.345,0.76,0.676,0.7,-0.543,-0.743,0.133,-0.227,0.661,0.691,0.515,0.65,-0.183,0.721,0.15,0.25,-0.691,-0.243,-0.375,-0.646,0.669,-0.186,0.189,-0.289,0.697,0.586,0.623,0.337,0.528,0.465,-0.334,0.069,0.444,-0.664,0.611,0.596,-0.27,0.297,-0.466,0.298,-0.369,-0.074
ALTR,0.18,0.715,0.176,0.831,0.818,-0.722,0.768,0.88,0.634,-0.804,-0.629,0.656,0.0,0.893,-0.452,0.901,0.846,0.798,-0.534,-0.39,0.735,0.12,0.288,0.019,0.875,-0.205,0.584,0.641,-0.738,-0.575,-0.635,0.722,0.851,0.71,-0.688,0.763,-0.568,-0.528,-0.247,-0.615,0.714,-0.37,0.817,0.631,0.012,0.481,0.198,0.221,0.591,-0.445,-0.543,0.891,-0.875,0.123,0.841,-0.698,0.496,0.482,0.362,0.441,0.821,0.897,0.779,0.613,-0.097,0.815,-0.393,-0.411,0.492,0.747,0.028,0.872,0.071,-0.469,0.759,-0.213,-0.653,0.371,0.208,0.581,0.686,0.865,-0.296,-0.368,-0.259,0.627,0.792,-0.0,-0.446,0.443,-0.526,0.183,0.708,-0.62,0.609,-0.395,0.741,0.422,-0.372,0.551,-0.012,0.605,0.749,-0.214,-0.163,0.704,-0.072,0.816,0.593,0.733,0.823,0.856,-0.463,-0.484,0.66,0.531,-0.435,0.755,0.745,-0.277,0.815,0.693,0.725,0.793,0.791,0.654,-0.455,-0.693,0.905,0.854,-0.659,0.572,0.54,0.461,0.19,0.683,0.84,0.166,-0.478,0.552,0.678,-0.707,0.164,-0.822,0.685,0.771,0.845,0.793,-0.277,0.809,0.791,0.806,0.647,0.453,-0.223,-0.653,0.019,0.399,0.636,0.504,0.315,0.844,-0.722,-0.67,-0.206,0.142,0.891,0.846,0.673,0.462,0.147,0.881,0.493,0.463,-0.762,0.076,-0.043,-0.563,0.657,0.004,0.191,0.075,0.751,0.842,0.82,0.404,0.648,0.29,-0.233,0.085,0.404,-0.719,0.487,0.771,-0.589,0.458,-0.273,0.267,-0.088,-0.523
AMBA,0.102,0.779,0.383,0.819,0.834,-0.663,0.655,0.793,0.545,-0.657,-0.481,0.669,0.893,0.0,-0.291,0.883,0.675,0.677,-0.564,-0.196,0.726,-0.093,0.521,-0.169,0.886,-0.001,0.455,0.716,-0.58,-0.533,-0.594,0.764,0.903,0.681,-0.491,0.694,-0.481,-0.429,-0.019,-0.494,0.774,-0.248,0.789,0.63,0.096,0.654,0.4,0.266,0.533,-0.562,-0.585,0.823,-0.878,0.23,0.723,-0.637,0.383,0.321,0.128,0.244,0.749,0.906,0.638,0.426,-0.232,0.789,-0.359,-0.342,0.667,0.62,0.172,0.883,0.227,-0.456,0.676,-0.373,-0.464,0.274,0.203,0.621,0.768,0.852,-0.145,-0.25,-0.178,0.498,0.787,0.014,-0.292,0.253,-0.299,0.182,0.512,-0.635,0.751,-0.113,0.69,0.545,-0.471,0.588,0.075,0.646,0.796,-0.09,-0.211,0.531,-0.165,0.73,0.538,0.625,0.734,0.873,-0.215,-0.251,0.618,0.651,-0.446,0.681,0.658,-0.128,0.755,0.568,0.839,0.802,0.841,0.583,-0.219,-0.538,0.841,0.92,-0.514,0.708,0.684,0.564,0.347,0.802,0.855,0.348,-0.529,0.539,0.78,-0.687,-0.039,-0.738,0.521,0.761,0.858,0.733,-0.175,0.703,0.696,0.828,0.791,0.418,-0.065,-0.443,-0.222,0.452,0.745,0.587,0.527,0.732,-0.618,-0.672,-0.12,-0.04,0.827,0.833,0.492,0.654,0.312,0.922,0.486,0.217,-0.746,-0.031,-0.244,-0.582,0.618,-0.158,0.314,-0.005,0.773,0.848,0.678,0.598,0.789,0.505,0.06,0.334,0.295,-0.749,0.56,0.742,-0.395,0.581,-0.3,0.228,-0.293,-0.397
AMCX,0.331,-0.169,0.578,-0.498,-0.592,0.676,-0.579,-0.687,-0.603,0.722,0.782,-0.244,-0.452,-0.291,0.0,-0.589,-0.511,-0.578,0.495,0.789,-0.568,-0.454,-0.01,-0.157,-0.465,0.8,-0.502,-0.247,0.715,0.705,0.321,-0.02,-0.444,-0.368,0.721,-0.524,0.798,0.833,0.777,0.802,-0.434,0.756,-0.42,-0.07,0.534,0.032,0.364,0.14,-0.321,-0.175,0.169,-0.684,0.555,0.374,-0.684,0.672,-0.236,-0.493,-0.422,-0.591,-0.613,-0.553,-0.566,-0.691,0.053,-0.757,0.096,0.492,0.258,-0.834,0.689,-0.493,0.639,0.211,-0.609,-0.153,0.692,-0.174,0.062,-0.227,-0.091,-0.422,0.837,0.742,0.729,-0.469,-0.665,0.485,0.541,-0.537,0.674,0.126,-0.748,0.605,-0.01,0.702,-0.569,0.321,0.104,-0.294,0.673,-0.599,-0.146,0.642,0.162,-0.739,-0.06,-0.706,-0.409,-0.669,-0.751,-0.351,0.778,0.547,0.041,-0.097,0.28,-0.773,-0.632,0.436,-0.736,-0.458,-0.439,-0.237,-0.416,-0.71,0.595,0.805,-0.483,-0.371,0.588,-0.06,0.233,0.128,0.181,-0.036,-0.628,-0.213,0.398,-0.045,-0.296,0.695,-0.598,0.688,-0.7,-0.318,-0.313,-0.444,0.808,-0.617,-0.619,-0.368,-0.142,0.165,0.48,0.805,-0.212,-0.184,-0.225,0.1,0.156,-0.667,0.662,0.512,0.593,-0.495,-0.681,-0.691,-0.66,0.234,0.336,-0.385,0.007,-0.613,0.629,0.086,-0.397,0.496,-0.369,-0.237,0.538,0.106,-0.551,-0.508,-0.695,0.5,-0.071,0.183,0.44,0.419,-0.66,0.584,-0.227,-0.492,0.712,0.356,0.399,-0.385,-0.168,0.651
AMKR,0.003,0.775,0.048,0.925,0.888,-0.896,0.792,0.938,0.754,-0.863,-0.681,0.738,0.901,0.883,-0.589,0.0,0.777,0.763,-0.75,-0.502,0.878,-0.002,0.428,-0.092,0.96,-0.284,0.505,0.723,-0.789,-0.746,-0.701,0.689,0.921,0.755,-0.718,0.817,-0.737,-0.665,-0.336,-0.757,0.876,-0.454,0.889,0.59,-0.172,0.492,0.2,0.088,0.559,-0.501,-0.676,0.963,-0.965,-0.061,0.864,-0.844,0.431,0.452,0.225,0.48,0.815,0.981,0.767,0.644,-0.185,0.913,-0.435,-0.603,0.452,0.842,-0.094,0.945,-0.038,-0.536,0.849,-0.345,-0.666,0.212,0.033,0.658,0.745,0.904,-0.5,-0.476,-0.458,0.599,0.928,-0.241,-0.414,0.344,-0.556,-0.085,0.715,-0.769,0.672,-0.394,0.819,0.348,-0.542,0.516,-0.205,0.72,0.786,-0.308,-0.333,0.693,-0.277,0.855,0.532,0.864,0.867,0.833,-0.532,-0.52,0.559,0.674,-0.624,0.868,0.856,-0.376,0.926,0.679,0.819,0.799,0.895,0.679,-0.496,-0.8,0.891,0.9,-0.736,0.649,0.5,0.49,0.125,0.753,0.947,0.293,-0.653,0.444,0.753,-0.841,0.123,-0.93,0.713,0.837,0.877,0.777,-0.423,0.863,0.898,0.891,0.742,0.282,-0.334,-0.681,-0.109,0.397,0.632,0.475,0.436,0.893,-0.805,-0.833,-0.334,0.061,0.942,0.938,0.658,0.493,-0.043,0.936,0.383,0.43,-0.919,-0.117,-0.138,-0.776,0.686,-0.125,0.106,-0.193,0.898,0.9,0.844,0.294,0.661,0.394,-0.185,0.078,0.471,-0.873,0.625,0.83,-0.606,0.327,-0.477,0.429,-0.195,-0.536
AMRX,0.417,0.525,0.006,0.791,0.613,-0.657,0.838,0.871,0.564,-0.839,-0.682,0.657,0.846,0.675,-0.511,0.777,0.0,0.783,-0.309,-0.57,0.623,0.4,-0.042,0.379,0.703,-0.327,0.639,0.563,-0.758,-0.463,-0.587,0.655,0.638,0.675,-0.791,0.818,-0.495,-0.473,-0.497,-0.669,0.572,-0.391,0.726,0.521,0.057,0.257,0.055,0.187,0.636,-0.221,-0.44,0.846,-0.761,-0.038,0.897,-0.576,0.612,0.768,0.66,0.67,0.815,0.755,0.91,0.743,0.135,0.695,-0.311,-0.397,0.23,0.793,-0.076,0.788,-0.103,-0.447,0.851,-0.02,-0.667,0.504,0.158,0.596,0.568,0.818,-0.382,-0.288,-0.322,0.651,0.643,0.102,-0.606,0.586,-0.683,0.165,0.875,-0.432,0.332,-0.661,0.803,0.179,-0.238,0.353,0.068,0.443,0.633,-0.247,-0.072,0.78,0.085,0.834,0.661,0.69,0.831,0.739,-0.668,-0.558,0.695,0.391,-0.346,0.711,0.771,-0.529,0.775,0.781,0.458,0.731,0.577,0.66,-0.664,-0.713,0.865,0.595,-0.709,0.429,0.41,0.263,0.067,0.461,0.657,-0.143,-0.234,0.415,0.61,-0.536,0.405,-0.735,0.798,0.71,0.754,0.79,-0.26,0.842,0.837,0.706,0.406,0.633,-0.155,-0.71,0.355,0.432,0.496,0.53,0.078,0.872,-0.659,-0.504,-0.097,0.355,0.828,0.727,0.795,0.261,0.029,0.683,0.516,0.744,-0.614,0.232,0.252,-0.407,0.778,0.341,0.041,0.253,0.642,0.692,0.908,0.155,0.406,-0.042,-0.586,-0.22,0.565,-0.497,0.276,0.597,-0.672,0.389,-0.086,0.151,0.23,-0.489
ANSS,0.237,0.469,-0.083,0.752,0.673,-0.63,0.813,0.85,0.624,-0.822,-0.673,0.496,0.798,0.677,-0.578,0.763,0.783,0.0,-0.451,-0.545,0.603,0.278,0.004,0.226,0.724,-0.419,0.639,0.459,-0.78,-0.502,-0.522,0.622,0.679,0.566,-0.756,0.739,-0.577,-0.542,-0.473,-0.614,0.528,-0.448,0.688,0.443,-0.027,0.308,0.01,0.162,0.66,-0.245,-0.31,0.811,-0.757,-0.042,0.833,-0.598,0.503,0.589,0.507,0.483,0.782,0.743,0.777,0.766,-0.117,0.766,-0.287,-0.344,0.299,0.764,-0.23,0.781,-0.063,-0.32,0.756,0.018,-0.717,0.384,0.092,0.486,0.408,0.717,-0.501,-0.458,-0.37,0.64,0.696,0.037,-0.607,0.59,-0.634,0.139,0.776,-0.508,0.343,-0.589,0.756,0.195,-0.121,0.519,-0.092,0.525,0.493,-0.314,-0.023,0.728,0.022,0.831,0.65,0.673,0.787,0.658,-0.592,-0.483,0.568,0.315,-0.31,0.722,0.672,-0.343,0.745,0.788,0.559,0.66,0.603,0.676,-0.604,-0.727,0.775,0.597,-0.688,0.38,0.372,0.28,-0.083,0.441,0.706,0.012,-0.324,0.411,0.672,-0.636,0.302,-0.727,0.761,0.606,0.699,0.706,-0.328,0.725,0.722,0.68,0.427,0.445,-0.281,-0.718,0.037,0.208,0.492,0.316,0.044,0.839,-0.703,-0.498,-0.326,0.304,0.849,0.755,0.663,0.053,0.051,0.706,0.49,0.633,-0.644,0.186,0.129,-0.428,0.642,0.2,0.039,0.126,0.606,0.701,0.805,0.139,0.435,0.032,-0.366,-0.205,0.579,-0.528,0.341,0.654,-0.704,0.229,-0.164,0.265,0.122,-0.532
APPN,0.385,-0.708,0.242,-0.706,-0.689,0.832,-0.434,-0.62,-0.773,0.622,0.551,-0.549,-0.534,-0.564,0.495,-0.75,-0.309,-0.451,0.0,0.427,-0.723,0.347,-0.496,0.498,-0.791,0.308,-0.312,-0.483,0.629,0.789,0.652,-0.388,-0.773,-0.579,0.524,-0.536,0.753,0.528,0.175,0.593,-0.722,0.346,-0.754,-0.447,0.503,-0.447,-0.088,0.097,-0.291,0.61,0.671,-0.684,0.689,0.291,-0.486,0.818,0.038,-0.085,0.3,-0.276,-0.483,-0.753,-0.336,-0.369,0.342,-0.733,0.45,0.696,-0.265,-0.588,0.15,-0.678,0.057,0.533,-0.527,0.534,0.558,0.086,0.242,-0.382,-0.557,-0.583,0.594,0.561,0.552,-0.371,-0.75,0.357,0.237,-0.021,0.399,0.426,-0.346,0.715,-0.663,0.206,-0.485,-0.342,0.618,-0.298,0.556,-0.672,-0.592,0.396,0.442,-0.413,0.536,-0.52,-0.105,-0.808,-0.543,-0.515,0.39,0.558,-0.173,-0.551,0.676,-0.661,-0.661,0.245,-0.723,-0.308,-0.601,-0.534,-0.821,-0.304,0.256,0.684,-0.532,-0.7,0.578,-0.472,-0.295,-0.417,0.181,-0.662,-0.757,-0.338,0.705,-0.329,-0.446,0.831,0.224,0.812,-0.378,-0.648,-0.656,-0.309,0.48,-0.631,-0.632,-0.73,-0.557,0.24,0.611,0.506,0.453,-0.071,-0.174,-0.142,-0.44,-0.612,0.729,0.764,0.552,0.241,-0.631,-0.729,-0.397,-0.324,0.395,-0.771,-0.064,-0.009,0.851,0.375,0.474,0.798,-0.314,0.563,-0.093,0.555,-0.689,-0.711,-0.506,-0.141,-0.511,-0.516,-0.019,-0.095,-0.325,0.792,-0.727,-0.698,0.421,0.022,0.626,-0.691,0.496,0.433
APTO,-0.056,-0.076,0.593,-0.468,-0.455,0.589,-0.582,-0.643,-0.731,0.749,0.74,-0.24,-0.39,-0.196,0.789,-0.502,-0.57,-0.545,0.427,0.0,-0.381,-0.43,0.316,-0.352,-0.423,0.83,-0.623,-0.064,0.786,0.488,0.291,-0.206,-0.353,-0.415,0.816,-0.478,0.603,0.535,0.862,0.72,-0.255,0.51,-0.505,-0.274,0.283,0.119,0.576,-0.173,-0.544,-0.154,0.142,-0.614,0.465,0.287,-0.665,0.515,-0.334,-0.533,-0.489,-0.519,-0.604,-0.445,-0.563,-0.751,-0.088,-0.557,0.146,0.404,0.265,-0.741,0.597,-0.459,0.354,0.377,-0.673,-0.175,0.831,-0.431,0.103,-0.372,-0.072,-0.395,0.839,0.777,0.612,-0.666,-0.471,0.258,0.681,-0.612,0.796,0.118,-0.778,0.284,0.02,0.779,-0.514,0.18,0.056,-0.265,0.449,-0.362,-0.134,0.375,0.073,-0.805,-0.189,-0.686,-0.434,-0.65,-0.639,-0.351,0.884,0.698,-0.087,0.001,0.227,-0.65,-0.565,0.416,-0.642,-0.567,-0.176,-0.204,-0.368,-0.513,0.66,0.821,-0.435,-0.228,0.699,0.102,0.068,0.017,0.288,-0.046,-0.436,0.169,0.175,-0.247,-0.296,0.574,-0.58,0.644,-0.689,-0.27,-0.35,-0.386,0.452,-0.588,-0.617,-0.364,0.045,-0.087,0.542,0.859,-0.204,-0.199,-0.054,0.17,0.321,-0.66,0.733,0.304,0.604,-0.441,-0.602,-0.488,-0.696,0.226,0.436,-0.377,-0.317,-0.674,0.482,-0.231,-0.434,0.331,-0.296,-0.258,0.224,-0.046,-0.388,-0.519,-0.726,0.446,-0.049,0.384,0.566,0.61,-0.605,0.338,-0.218,-0.376,0.833,0.255,0.061,-0.517,-0.391,0.71
ARCT,-0.179,0.788,0.007,0.856,0.718,-0.874,0.664,0.805,0.618,-0.745,-0.559,0.767,0.735,0.726,-0.568,0.878,0.623,0.603,-0.723,-0.381,0.0,-0.123,0.552,-0.177,0.859,-0.169,0.233,0.768,-0.662,-0.798,-0.703,0.485,0.794,0.742,-0.601,0.749,-0.782,-0.713,-0.263,-0.656,0.885,-0.516,0.749,0.365,-0.379,0.442,0.281,-0.242,0.281,-0.547,-0.751,0.841,-0.84,-0.275,0.715,-0.858,0.328,0.379,0.097,0.52,0.601,0.888,0.682,0.504,-0.191,0.837,-0.501,-0.766,0.291,0.797,-0.038,0.813,-0.24,-0.463,0.67,-0.449,-0.478,-0.083,-0.087,0.461,0.761,0.757,-0.471,-0.383,-0.436,0.375,0.935,-0.378,-0.292,0.091,-0.489,-0.329,0.572,-0.86,0.642,-0.374,0.768,0.214,-0.641,0.34,-0.275,0.661,0.765,-0.426,-0.52,0.474,-0.522,0.659,0.346,0.825,0.732,0.622,-0.471,-0.419,0.432,0.711,-0.714,0.764,0.861,-0.48,0.862,0.514,0.733,0.738,0.792,0.543,-0.447,-0.663,0.752,0.837,-0.676,0.677,0.311,0.291,0.028,0.679,0.885,0.338,-0.759,0.162,0.562,-0.78,0.015,-0.831,0.587,0.81,0.761,0.598,-0.526,0.764,0.833,0.837,0.762,0.093,-0.365,-0.516,-0.046,0.304,0.542,0.458,0.587,0.77,-0.708,-0.912,-0.248,-0.051,0.8,0.879,0.597,0.499,-0.202,0.78,0.06,0.33,-0.921,-0.413,-0.234,-0.879,0.634,-0.257,-0.073,-0.458,0.886,0.675,0.706,0.233,0.487,0.502,-0.212,0.069,0.433,-0.898,0.622,0.706,-0.44,0.238,-0.718,0.374,-0.355,-0.375
ARWR,0.24,-0.36,-0.317,-0.021,0.015,0.06,0.273,0.187,-0.014,-0.182,-0.411,-0.116,0.12,-0.093,-0.454,-0.002,0.4,0.278,0.347,-0.43,-0.123,0.0,-0.472,0.63,-0.145,-0.536,0.5,-0.049,-0.177,-0.016,0.268,-0.154,-0.115,-0.114,-0.317,0.237,-0.065,-0.183,-0.594,-0.334,-0.203,-0.193,-0.055,-0.03,0.007,-0.35,-0.345,0.211,0.232,0.659,0.346,0.19,0.002,0.014,0.336,0.034,0.253,0.623,0.706,0.475,0.363,-0.041,0.391,0.343,0.398,0.122,0.406,0.134,-0.346,0.362,-0.527,0.03,-0.429,0.194,0.286,0.544,-0.245,0.553,0.174,0.165,-0.306,0.105,-0.256,-0.104,-0.279,0.19,-0.044,0.134,-0.285,0.645,-0.302,0.362,0.543,0.133,-0.461,-0.478,0.232,-0.516,0.371,-0.056,-0.056,0.022,-0.281,-0.14,0.562,0.485,0.742,0.334,0.427,0.013,0.392,0.098,-0.39,-0.121,0.06,-0.356,0.298,0.25,0.074,-0.282,0.171,0.232,-0.099,-0.122,-0.187,0.542,-0.328,-0.206,0.149,-0.231,-0.077,-0.192,-0.298,-0.419,0.105,-0.419,-0.045,-0.19,0.463,-0.088,0.104,0.068,0.84,-0.032,0.507,-0.132,-0.102,0.309,-0.285,0.179,0.114,-0.114,-0.384,0.252,0.261,-0.384,0.721,0.333,0.061,0.013,-0.544,0.229,0.005,0.261,0.035,0.695,0.169,0.087,0.447,-0.476,0.052,-0.156,0.122,0.619,0.158,0.506,0.869,0.273,0.211,0.826,-0.366,0.625,0.006,0.091,0.348,-0.54,-0.214,-0.685,-0.546,-0.461,0.551,0.195,-0.262,-0.046,-0.292,-0.189,0.402,-0.2,0.742,-0.141
ASND,-0.526,0.637,0.377,0.36,0.408,-0.368,-0.027,0.165,0.07,-0.004,-0.016,0.415,0.288,0.521,-0.01,0.428,-0.042,0.004,-0.496,0.316,0.552,-0.472,0.0,-0.713,0.469,0.392,-0.257,0.579,0.098,-0.493,-0.319,0.146,0.551,0.335,0.202,0.186,-0.314,-0.278,0.489,-0.081,0.639,-0.072,0.295,0.202,-0.265,0.605,0.628,-0.22,-0.269,-0.535,-0.492,0.281,-0.399,0.057,0.037,-0.451,-0.254,-0.245,-0.56,-0.081,0.103,0.474,-0.024,-0.289,-0.32,0.397,-0.194,-0.382,0.531,0.141,0.352,0.356,0.037,-0.179,0.046,-0.548,0.245,-0.395,-0.069,0.165,0.538,0.343,0.161,0.082,-0.079,-0.234,0.492,-0.335,0.378,-0.39,0.329,-0.203,-0.192,-0.64,0.69,0.459,0.162,0.4,-0.527,0.169,-0.156,0.441,0.485,-0.096,-0.37,-0.141,-0.548,0.049,-0.085,0.245,0.207,0.345,0.334,0.196,0.033,0.613,-0.433,0.253,0.278,0.088,0.327,-0.219,0.619,0.369,0.572,0.098,0.289,0.015,0.255,0.642,0.097,0.652,0.319,0.338,0.361,0.579,0.547,0.765,-0.586,0.012,0.27,-0.411,-0.418,-0.292,-0.125,0.419,0.383,0.168,-0.283,0.202,0.225,0.436,0.7,-0.262,0.042,0.202,-0.375,0.091,0.426,0.391,0.849,0.118,-0.083,-0.584,0.14,-0.421,0.221,0.458,-0.052,0.65,0.151,0.469,-0.25,-0.447,-0.513,-0.638,-0.547,-0.58,0.137,-0.543,0.095,-0.518,0.52,0.34,0.013,0.449,0.488,0.854,0.496,0.709,-0.032,-0.661,0.502,0.363,0.327,0.303,-0.617,0.089,-0.741,0.135
ASTH,0.642,-0.401,-0.169,-0.017,-0.134,0.119,0.383,0.175,-0.096,-0.227,-0.103,-0.065,0.019,-0.169,-0.157,-0.092,0.379,0.226,0.498,-0.352,-0.177,0.63,-0.713,0.0,-0.183,-0.27,0.262,-0.104,-0.24,0.304,0.165,0.079,-0.31,-0.094,-0.358,0.167,0.141,0.013,-0.6,-0.159,-0.22,-0.126,-0.13,-0.188,0.297,-0.516,-0.368,0.112,0.355,0.485,0.239,0.046,0.021,-0.104,0.325,0.254,0.617,0.541,0.842,0.344,0.153,-0.12,0.45,0.457,0.422,-0.113,0.116,0.197,-0.369,0.203,-0.326,0.006,-0.139,0.141,0.269,0.459,-0.241,0.387,0.091,0.194,-0.169,-0.012,-0.187,-0.031,0.001,0.274,-0.136,0.195,-0.396,0.422,-0.413,0.215,0.446,0.311,-0.52,-0.571,0.255,-0.452,0.3,-0.028,0.361,-0.191,-0.15,0.008,0.248,0.249,0.48,0.269,0.382,-0.064,0.169,-0.056,-0.453,-0.032,0.292,-0.196,0.181,0.074,0.076,-0.343,-0.028,0.509,-0.243,-0.008,-0.392,0.289,-0.459,-0.12,0.114,-0.316,-0.282,-0.233,-0.199,-0.279,-0.004,-0.331,-0.211,-0.587,0.372,-0.167,0.144,0.22,0.617,0.115,0.415,-0.094,-0.107,0.28,0.131,0.066,0.133,-0.128,-0.293,0.547,0.171,-0.266,0.617,0.313,0.114,0.003,-0.542,0.206,-0.003,0.255,0.068,0.502,0.128,-0.105,0.269,-0.308,0.034,-0.235,0.276,0.739,0.234,0.492,0.692,0.306,0.301,0.677,-0.169,0.518,-0.071,-0.154,0.295,-0.337,-0.32,-0.685,-0.627,-0.648,0.265,0.332,-0.391,-0.136,-0.395,-0.03,0.417,-0.277,0.797,-0.082
ATSG,0.0,0.862,0.067,0.936,0.841,-0.869,0.74,0.895,0.746,-0.821,-0.631,0.78,0.875,0.886,-0.465,0.96,0.703,0.724,-0.791,-0.423,0.859,-0.145,0.469,-0.183,0.0,-0.19,0.483,0.729,-0.758,-0.736,-0.75,0.742,0.941,0.803,-0.668,0.817,-0.695,-0.561,-0.204,-0.663,0.866,-0.376,0.914,0.6,-0.175,0.583,0.256,0.11,0.547,-0.655,-0.738,0.919,-0.93,-0.079,0.8,-0.829,0.351,0.394,0.091,0.421,0.752,0.973,0.702,0.573,-0.2,0.874,-0.517,-0.604,0.52,0.77,0.021,0.935,0.078,-0.603,0.778,-0.479,-0.63,0.177,-0.026,0.634,0.805,0.867,-0.453,-0.429,-0.394,0.546,0.893,-0.146,-0.38,0.231,-0.495,-0.132,0.614,-0.74,0.774,-0.321,0.783,0.479,-0.598,0.51,-0.165,0.698,0.846,-0.29,-0.341,0.608,-0.369,0.791,0.473,0.854,0.796,0.82,-0.454,-0.481,0.61,0.693,-0.659,0.789,0.831,-0.335,0.879,0.634,0.77,0.842,0.919,0.569,-0.411,-0.74,0.861,0.905,-0.705,0.678,0.602,0.534,0.056,0.847,0.912,0.267,-0.66,0.477,0.753,-0.834,-0.052,-0.899,0.596,0.878,0.922,0.689,-0.357,0.835,0.854,0.929,0.769,0.268,-0.373,-0.591,-0.249,0.345,0.566,0.487,0.511,0.863,-0.794,-0.825,-0.304,-0.084,0.893,0.905,0.606,0.555,-0.047,0.966,0.392,0.292,-0.908,-0.164,-0.3,-0.771,0.648,-0.285,0.236,-0.247,0.854,0.884,0.778,0.405,0.727,0.517,-0.113,0.147,0.442,-0.852,0.701,0.827,-0.547,0.359,-0.482,0.462,-0.315,-0.494
AVTX,0.158,0.176,0.702,-0.204,-0.355,0.375,-0.356,-0.432,-0.559,0.536,0.646,0.083,-0.205,-0.001,0.8,-0.284,-0.327,-0.419,0.308,0.83,-0.169,-0.536,0.392,-0.27,-0.19,0.0,-0.612,0.171,0.63,0.375,0.017,0.1,-0.172,-0.103,0.668,-0.298,0.503,0.535,0.838,0.573,-0.022,0.513,-0.246,-0.067,0.328,0.214,0.657,-0.142,-0.413,-0.387,-0.144,-0.42,0.243,0.244,-0.45,0.381,-0.143,-0.39,-0.433,-0.389,-0.481,-0.229,-0.327,-0.619,-0.013,-0.454,-0.105,0.233,0.426,-0.594,0.82,-0.229,0.466,0.096,-0.419,-0.371,0.743,-0.393,-0.011,-0.107,0.247,-0.155,0.798,0.743,0.639,-0.56,-0.327,0.297,0.557,-0.662,0.676,0.016,-0.621,0.208,0.243,0.68,-0.285,0.383,-0.169,-0.238,0.619,-0.312,0.194,0.416,-0.135,-0.683,-0.35,-0.515,-0.369,-0.445,-0.514,-0.174,0.73,0.621,0.159,0.258,-0.019,-0.537,-0.295,0.251,-0.471,-0.332,-0.126,0.073,-0.166,-0.523,0.488,0.687,-0.196,-0.039,0.506,0.328,0.31,0.194,0.33,0.218,-0.287,0.075,0.043,-0.133,-0.1,0.438,-0.626,0.47,-0.592,0.012,-0.054,-0.215,0.528,-0.353,-0.341,-0.077,0.237,0.169,0.501,0.784,-0.189,-0.066,0.075,0.381,0.528,-0.443,0.557,0.109,0.717,-0.503,-0.415,-0.344,-0.558,0.539,0.401,-0.146,-0.146,-0.561,0.299,-0.267,-0.532,0.151,-0.091,-0.323,0.397,-0.113,-0.198,-0.364,-0.518,0.605,0.099,0.514,0.431,0.613,-0.518,0.178,-0.062,-0.255,0.724,0.468,0.018,-0.427,-0.444,0.686
BCPC,0.301,0.225,-0.242,0.515,0.523,-0.383,0.558,0.612,0.614,-0.607,-0.716,0.261,0.584,0.455,-0.502,0.505,0.639,0.639,-0.312,-0.623,0.233,0.5,-0.257,0.262,0.483,-0.612,0.0,0.198,-0.671,-0.329,-0.224,0.448,0.531,0.39,-0.692,0.587,-0.335,-0.224,-0.513,-0.503,0.196,-0.175,0.595,0.492,0.048,0.208,-0.304,0.535,0.688,0.003,-0.106,0.619,-0.446,0.069,0.637,-0.388,0.263,0.587,0.447,0.414,0.736,0.493,0.58,0.583,0.125,0.56,0.018,-0.119,0.054,0.636,-0.387,0.558,0.048,-0.287,0.611,0.089,-0.747,0.71,0.11,0.506,0.166,0.533,-0.468,-0.46,-0.412,0.66,0.376,0.217,-0.583,0.709,-0.579,0.295,0.722,-0.13,0.188,-0.508,0.474,0.119,0.003,0.391,-0.123,0.445,0.231,-0.19,0.314,0.752,0.405,0.732,0.584,0.517,0.673,0.611,-0.561,-0.484,0.404,0.017,-0.042,0.557,0.413,-0.206,0.584,0.544,0.286,0.386,0.442,0.588,-0.328,-0.634,0.547,0.326,-0.528,0.114,0.324,0.189,-0.057,0.272,0.4,-0.202,0.132,0.523,0.488,-0.503,0.433,-0.546,0.652,0.354,0.514,0.558,-0.192,0.567,0.493,0.459,-0.027,0.391,-0.168,-0.693,0.144,0.342,0.175,0.153,-0.27,0.66,-0.576,-0.134,-0.398,0.411,0.603,0.523,0.716,-0.124,-0.007,0.531,0.606,0.497,-0.33,0.479,0.319,-0.112,0.383,0.292,0.191,0.433,0.358,0.692,0.698,-0.008,0.382,-0.288,-0.388,-0.32,0.616,-0.196,0.314,0.431,-0.632,0.113,0.249,0.362,0.329,-0.537
BEAM,0.033,0.801,0.207,0.777,0.538,-0.699,0.635,0.633,0.308,-0.526,-0.371,0.885,0.641,0.716,-0.247,0.723,0.563,0.459,-0.483,-0.064,0.768,-0.049,0.579,-0.104,0.729,0.171,0.198,0.0,-0.417,-0.636,-0.623,0.51,0.675,0.605,-0.386,0.761,-0.56,-0.429,-0.021,-0.545,0.88,-0.27,0.618,0.316,-0.258,0.367,0.559,-0.235,0.164,-0.621,-0.838,0.674,-0.718,-0.238,0.606,-0.605,0.368,0.455,0.072,0.577,0.419,0.774,0.699,0.278,0.004,0.627,-0.437,-0.565,0.35,0.572,0.157,0.723,-0.106,-0.398,0.57,-0.673,-0.194,-0.059,-0.12,0.655,0.881,0.786,-0.178,0.074,-0.272,0.064,0.666,-0.04,-0.066,-0.16,-0.222,-0.303,0.396,-0.622,0.587,-0.128,0.774,0.196,-0.787,0.031,0.042,0.581,0.855,-0.235,-0.308,0.23,-0.469,0.528,0.168,0.613,0.596,0.548,-0.172,-0.09,0.656,0.85,-0.774,0.625,0.76,-0.571,0.699,0.441,0.608,0.757,0.604,0.54,-0.239,-0.345,0.699,0.669,-0.456,0.947,0.387,0.235,0.264,0.75,0.659,0.226,-0.563,-0.026,0.671,-0.521,-0.083,-0.602,0.433,0.876,0.699,0.606,-0.349,0.677,0.7,0.855,0.719,0.263,0.155,-0.169,0.03,0.579,0.537,0.809,0.745,0.607,-0.37,-0.778,0.175,-0.133,0.644,0.739,0.375,0.669,-0.022,0.673,0.028,0.184,-0.68,-0.35,-0.313,-0.677,0.714,-0.168,0.065,-0.283,0.806,0.537,0.533,0.351,0.521,0.541,-0.196,0.205,0.44,-0.723,0.538,0.651,-0.095,0.342,-0.515,0.098,-0.372,0.091
BILI,-0.123,-0.467,0.354,-0.784,-0.729,0.81,-0.825,-0.893,-0.829,0.953,0.745,-0.549,-0.738,-0.58,0.715,-0.789,-0.758,-0.78,0.629,0.786,-0.662,-0.177,0.098,-0.24,-0.758,0.63,-0.671,-0.417,0.0,0.616,0.616,-0.523,-0.655,-0.622,0.97,-0.753,0.738,0.636,0.706,0.767,-0.587,0.576,-0.755,-0.375,0.24,-0.149,0.248,-0.09,-0.704,0.268,0.486,-0.84,0.76,0.295,-0.863,0.713,-0.532,-0.565,-0.476,-0.581,-0.73,-0.777,-0.796,-0.864,0.106,-0.789,0.43,0.552,-0.003,-0.853,0.412,-0.762,0.182,0.494,-0.802,0.138,0.95,-0.333,-0.001,-0.521,-0.474,-0.681,0.775,0.699,0.565,-0.781,-0.749,0.159,0.744,-0.493,0.898,0.149,-0.833,0.538,-0.29,0.762,-0.774,-0.076,0.355,-0.416,0.323,-0.589,-0.547,0.429,0.271,-0.781,0.101,-0.857,-0.499,-0.86,-0.788,-0.591,0.837,0.715,-0.459,-0.367,0.497,-0.821,-0.798,0.506,-0.84,-0.804,-0.492,-0.612,-0.603,-0.647,0.69,0.907,-0.74,-0.588,0.943,-0.263,-0.211,-0.205,0.237,-0.436,-0.709,0.149,0.49,-0.379,-0.552,0.773,-0.327,0.859,-0.79,-0.648,-0.665,-0.599,0.417,-0.802,-0.824,-0.705,-0.364,-0.245,0.559,0.876,-0.021,-0.325,-0.31,-0.155,0.01,-0.882,0.906,0.628,0.603,-0.255,-0.871,-0.769,-0.75,-0.08,0.326,-0.706,-0.416,-0.656,0.759,-0.082,-0.089,0.571,-0.571,-0.016,0.059,0.081,-0.657,-0.708,-0.872,0.038,-0.362,0.036,0.514,0.47,-0.564,0.613,-0.425,-0.711,0.894,-0.018,0.315,-0.54,-0.107,0.72
BJRI,0.466,-0.707,0.322,-0.695,-0.584,0.861,-0.515,-0.682,-0.661,0.667,0.734,-0.673,-0.575,-0.533,0.705,-0.746,-0.463,-0.502,0.789,0.488,-0.798,-0.016,-0.493,0.304,-0.736,0.375,-0.329,-0.636,0.616,0.0,0.699,-0.205,-0.721,-0.643,0.588,-0.691,0.927,0.695,0.297,0.754,-0.771,0.521,-0.698,-0.33,0.69,-0.289,-0.115,0.269,-0.134,0.437,0.637,-0.76,0.666,0.403,-0.596,0.885,-0.053,-0.373,0.057,-0.627,-0.542,-0.763,-0.535,-0.393,0.055,-0.811,0.45,0.709,-0.071,-0.743,0.196,-0.647,0.442,0.583,-0.598,0.463,0.5,-0.004,0.241,-0.339,-0.535,-0.623,0.631,0.481,0.655,-0.245,-0.758,0.365,0.309,-0.105,0.436,0.399,-0.535,0.756,-0.511,0.396,-0.636,-0.11,0.563,-0.094,0.641,-0.622,-0.591,0.512,0.385,-0.574,0.402,-0.57,-0.151,-0.835,-0.678,-0.474,0.524,0.502,-0.199,-0.509,0.685,-0.768,-0.823,0.518,-0.822,-0.282,-0.538,-0.481,-0.731,-0.521,0.381,0.714,-0.628,-0.628,0.522,-0.511,-0.089,-0.094,0.143,-0.524,-0.762,-0.374,0.661,-0.15,-0.382,0.802,-0.055,0.831,-0.495,-0.714,-0.611,-0.392,0.816,-0.783,-0.725,-0.721,-0.532,0.242,0.452,0.561,0.084,-0.167,-0.197,-0.286,-0.429,-0.673,0.687,0.801,0.319,0.015,-0.676,-0.811,-0.591,-0.25,0.395,-0.662,0.115,-0.18,0.822,0.373,0.185,0.738,-0.383,0.229,0.215,0.451,-0.697,-0.662,-0.611,0.103,-0.402,-0.361,0.239,-0.027,-0.547,0.835,-0.638,-0.632,0.414,0.173,0.673,-0.525,0.4,0.404
