,AAL,AAON,ACB,ACGL,ACGLO,ACIW,ADBE,ADSK,AEP,AGIO,ALEC,ALNY,ALTR,AMBA,AMCX,AMKR,AMRX,ANSS,APPN,APTO,ARCT,ARWR,ASND,ASTH,ATSG,AVTX,BCPC,BEAM,BILI,BJRI,BLUE,BPOP,BRKL,BWIN,BZUN,CARG,CBRL,CBSH,CBUS,CENTA,CERS,CFFN,CHCO,CHEF,CHRD,CINF,CLLS,CMCO,CMCSA,COLL,COMM,COOP,CPB,CRON,CROX,CRUS,CRWD,CTAS,CYBR,CYTK,DGII,DIOD,DOMO,DPZ,DSGR,DXCM,ERIE,ESTA,EXEL,FAST,FCEL,FCFS,FHB,FITBI,FSV,FTDR,FUTU,GLDD,GLPG,GLPI,GOGO,GOSS,GSAT,GYRE,HALO,HAS,HLIT,HLNE,HSDT,HSIC,HTHT,ICHR,IDYA,IMVT,INDB,INSM,IONS,IOSP,ITRI,JBHT,JBLU,JSM,KLIC,KOD,KURA,LAB,LASR,LIN,LKQ,LNT,MBUU,MCRI,MDGL,MEDP,MGNI,MGPI,MGRC,MKTX,MRNA,MRTN,MSEX,MSFT,MU,NAVI,NBTB,NEO,NEOG,NGNE,NSSC,NTAP,NTES,NTLA,NTRS,NYMTN,OBLG,OCFC,ON,ONC,OPI,OSIS,OSW,PALI,PANW,PCAR,PCRX,PCTY,PEBO,PLAB,PLAY,PLMR,PLSE,PLUS,PRTA,PSEC,PSNL,PTCT,PTON,QNST,QRVO,QTTB,RARE,RBCAA,RGNX,SAIC,SGMO,SINT,SNPS,SPSC,SPTN,SSYS,STNE,TBBK,TCPC,TENB,TGTX,TREE,TRUP,TTWO,TW,TXG,UBSI,UCTT,UFPT,UMBF,UPBD,URBN,VBTX,VCTR,VEON,VNET,VRSK,VSEC,WABC,WTFCM,WVE,WW,WWD,XEL,ZD,ZYME
AAL,0.0,-0.379,-0.422,0.87,0.479,-0.316,-0.543,-0.562,0.448,-0.04,0.237,-0.398,-0.038,-0.52,0.77,0.013,0.591,-0.561,-0.466,-0.495,-0.507,-0.542,-0.589,0.847,0.311,-0.569,0.769,-0.136,-0.561,0.859,0.681,0.871,0.798,-0.14,-0.507,-0.671,0.812,0.813,-0.575,0.736,-0.548,0.699,0.728,0.771,0.852,0.81,-0.331,0.788,0.794,0.138,0.862,0.85,0.51,-0.466,0.328,-0.55,-0.532,0.45,-0.515,0.459,-0.408,0.347,-0.028,-0.079,0.813,-0.681,-0.68,-0.66,0.617,0.33,-0.327,0.743,0.756,0.62,0.115,0.16,-0.437,0.312,-0.428,0.463,-0.695,-0.153,-0.483,-0.514,-0.357,0.664,0.826,-0.216,-0.068,0.537,0.26,0.512,0.805,-0.229,0.759,-0.638,-0.428,0.723,-0.222,0.699,0.913,0.492,-0.009,-0.036,-0.612,-0.563,-0.605,0.706,0.734,0.637,0.82,0.801,-0.358,0.186,-0.363,-0.024,0.714,-0.261,-0.437,0.443,0.269,-0.236,0.27,0.746,0.756,-0.332,0.132,-0.682,0.699,0.07,-0.676,0.054,0.836,0.719,-0.498,0.855,-0.057,-0.209,0.818,0.713,0.685,-0.266,-0.671,0.517,-0.24,-0.291,0.736,-0.446,0.857,-0.766,-0.44,0.779,0.262,0.451,-0.552,-0.247,-0.656,-0.493,0.362,-0.648,-0.439,0.832,-0.228,0.252,-0.579,-0.351,-0.624,-0.09,0.592,-0.564,-0.702,0.752,0.862,-0.491,0.378,-0.662,-0.483,-0.649,0.776,-0.315,0.79,0.588,0.163,0.817,0.86,0.858,0.865,0.806,0.511,-0.553,-0.446,0.761,0.712,0.678,-0.057,0.616,0.831,0.313,0.858,-0.597
AAON,-0.379,0.0,0.643,-0.576,-0.311,0.334,0.72,0.702,-0.582,0.316,0.149,0.747,0.353,0.554,-0.621,0.741,-0.357,0.696,0.595,0.6,0.569,0.823,0.757,-0.429,-0.46,0.684,-0.575,0.528,0.626,-0.545,-0.415,-0.542,-0.649,0.384,0.652,0.601,-0.63,-0.507,0.677,-0.679,0.501,-0.566,-0.659,-0.3,-0.534,-0.607,0.56,-0.59,-0.694,0.305,-0.487,-0.619,-0.538,0.69,0.091,0.753,0.672,-0.387,0.686,-0.175,0.864,0.008,0.513,0.198,-0.477,0.838,0.731,0.773,-0.172,0.329,0.601,-0.728,-0.397,-0.731,0.082,-0.257,0.643,0.377,0.509,0.337,0.439,0.308,0.615,0.398,0.765,-0.491,-0.226,0.67,0.471,-0.232,0.355,0.034,-0.553,0.245,-0.604,0.199,0.549,-0.195,0.349,-0.673,-0.435,-0.188,0.541,0.277,0.156,0.578,0.731,-0.458,-0.677,-0.55,-0.526,-0.136,0.731,0.211,0.711,0.38,-0.28,0.802,0.608,-0.578,-0.356,0.177,0.385,-0.649,-0.674,0.663,0.418,0.677,-0.661,0.169,0.511,0.386,-0.558,-0.701,0.687,-0.604,0.529,0.516,-0.633,-0.418,-0.17,0.414,0.732,-0.416,0.788,0.745,-0.57,0.555,-0.559,0.699,0.62,-0.622,-0.054,0.027,0.726,-0.178,0.673,0.652,0.262,0.7,0.843,-0.558,0.307,-0.116,0.531,0.467,0.715,0.194,-0.705,0.759,0.774,-0.699,-0.674,0.622,-0.069,0.721,0.755,0.747,-0.258,0.704,-0.611,-0.105,-0.259,-0.658,-0.381,-0.615,-0.615,-0.459,-0.243,0.783,0.165,-0.498,-0.546,-0.714,0.158,-0.786,-0.051,-0.345,-0.542,0.758
ACB,-0.422,0.643,0.0,-0.539,0.151,0.712,0.913,0.893,-0.197,0.556,0.35,0.86,0.541,0.776,-0.663,0.715,-0.02,0.892,0.942,0.912,0.941,0.872,0.842,-0.32,-0.235,0.918,-0.624,0.856,0.685,-0.578,-0.363,-0.633,-0.711,0.606,0.892,0.887,-0.616,-0.53,0.812,-0.498,0.87,-0.748,-0.66,-0.499,-0.694,-0.682,0.919,-0.71,-0.546,0.42,-0.4,-0.534,-0.201,0.983,0.484,0.874,0.917,-0.102,0.867,0.29,0.806,0.365,0.713,0.655,-0.464,0.817,0.83,0.619,0.093,0.554,0.849,-0.725,-0.671,-0.527,0.144,0.255,0.85,0.094,0.351,0.31,0.448,0.763,0.928,0.802,0.846,-0.585,-0.186,0.566,0.833,0.06,0.489,0.368,-0.433,0.569,-0.636,0.468,0.915,-0.488,-0.035,-0.584,-0.505,0.289,0.703,0.588,0.467,0.88,0.857,-0.236,-0.663,-0.241,-0.365,-0.426,0.629,0.353,0.883,0.425,-0.085,0.62,0.884,-0.506,0.187,0.647,0.259,-0.571,-0.663,0.92,0.63,0.781,-0.684,0.575,0.837,0.763,-0.437,-0.67,0.949,-0.642,0.661,0.837,-0.585,-0.48,-0.598,0.889,0.899,0.014,0.721,0.889,-0.544,0.801,-0.576,0.854,0.896,-0.65,0.415,0.287,0.942,-0.018,0.891,0.644,0.442,0.907,0.883,-0.612,0.714,0.386,0.889,0.671,0.927,0.609,-0.544,0.916,0.744,-0.552,-0.532,0.857,0.306,0.851,0.909,0.837,-0.424,0.851,-0.726,0.28,-0.452,-0.731,-0.427,-0.683,-0.565,-0.21,0.082,0.873,0.602,-0.506,-0.646,-0.551,0.573,-0.661,-0.068,-0.01,-0.401,0.837
ACGL,0.87,-0.576,-0.539,0.0,0.502,-0.285,-0.682,-0.722,0.652,-0.192,0.295,-0.589,-0.107,-0.601,0.896,-0.237,0.719,-0.721,-0.555,-0.645,-0.583,-0.74,-0.689,0.877,0.481,-0.71,0.842,-0.295,-0.73,0.937,0.832,0.936,0.907,-0.294,-0.662,-0.699,0.925,0.889,-0.762,0.917,-0.579,0.825,0.879,0.72,0.818,0.935,-0.422,0.891,0.936,0.044,0.936,0.937,0.654,-0.608,0.256,-0.712,-0.639,0.631,-0.68,0.436,-0.615,0.368,-0.095,-0.084,0.899,-0.84,-0.8,-0.831,0.646,0.198,-0.395,0.844,0.749,0.86,-0.005,0.299,-0.506,0.248,-0.641,0.204,-0.541,-0.247,-0.535,-0.471,-0.564,0.869,0.73,-0.5,-0.231,0.568,0.039,0.349,0.941,-0.095,0.901,-0.492,-0.52,0.697,-0.347,0.908,0.884,0.391,-0.179,0.055,-0.567,-0.632,-0.753,0.788,0.928,0.768,0.893,0.758,-0.419,0.107,-0.543,-0.117,0.665,-0.37,-0.541,0.613,0.437,-0.089,0.14,0.905,0.905,-0.518,0.065,-0.687,0.842,-0.033,-0.721,-0.098,0.903,0.859,-0.652,0.926,-0.24,-0.328,0.935,0.806,0.52,-0.309,-0.773,0.634,-0.423,-0.465,0.87,-0.565,0.93,-0.796,-0.54,0.936,0.276,0.222,-0.704,0.021,-0.673,-0.502,0.203,-0.75,-0.642,0.872,-0.1,0.271,-0.623,-0.332,-0.736,-0.07,0.83,-0.693,-0.855,0.913,0.954,-0.537,0.41,-0.815,-0.632,-0.809,0.831,-0.521,0.854,0.514,0.09,0.923,0.922,0.935,0.948,0.866,0.507,-0.704,-0.346,0.876,0.832,0.862,-0.069,0.836,0.592,0.468,0.949,-0.714
ACGLO,0.479,-0.311,0.151,0.502,0.0,0.491,-0.057,0.013,0.75,0.431,0.521,-0.072,0.127,0.01,0.295,0.13,0.827,0.049,0.198,0.132,0.186,-0.154,-0.165,0.65,0.544,-0.036,0.456,0.453,-0.391,0.377,0.474,0.403,0.418,0.288,0.032,0.043,0.493,0.512,-0.196,0.644,0.236,0.166,0.478,0.268,0.169,0.388,0.259,0.232,0.589,0.524,0.607,0.519,0.775,0.116,0.803,-0.059,-0.003,0.691,0.048,0.846,-0.162,0.793,0.406,0.7,0.513,-0.281,-0.189,-0.493,0.773,0.526,0.245,0.383,0.174,0.58,-0.051,0.758,0.181,0.109,-0.461,0.249,-0.292,0.541,0.123,0.134,0.075,0.271,0.537,0.072,0.474,0.807,0.342,0.614,0.58,0.467,0.47,-0.012,0.221,0.269,-0.759,0.451,0.48,0.795,0.152,0.47,-0.0,0.216,-0.11,0.757,0.411,0.807,0.704,0.259,0.065,0.122,0.123,0.205,0.767,-0.213,0.166,0.397,0.867,0.502,0.011,0.444,0.491,0.2,0.601,-0.1,0.323,0.684,0.056,0.61,0.631,0.435,0.041,0.473,0.108,0.429,0.55,0.479,-0.174,0.471,-0.063,0.781,0.106,0.207,0.555,0.209,0.512,-0.155,0.253,0.338,0.7,0.581,0.018,-0.056,0.018,-0.195,0.392,-0.065,-0.046,0.513,0.327,0.869,0.17,0.184,-0.062,0.67,0.569,0.014,-0.43,0.539,0.536,0.185,0.86,-0.119,0.025,-0.264,0.323,0.008,0.292,0.792,-0.473,0.365,0.482,0.399,0.572,0.747,0.772,-0.112,0.411,0.513,0.382,0.613,0.197,0.292,0.492,0.777,0.626,-0.033
ACIW,-0.316,0.334,0.712,-0.285,0.491,0.0,0.571,0.682,0.299,0.781,0.503,0.51,0.25,0.559,-0.51,0.389,0.285,0.734,0.726,0.704,0.738,0.508,0.441,-0.132,0.367,0.654,-0.193,0.795,0.138,-0.423,-0.249,-0.348,-0.329,0.73,0.57,0.77,-0.253,-0.14,0.411,-0.071,0.861,-0.502,-0.215,-0.272,-0.61,-0.319,0.725,-0.516,-0.19,0.613,-0.186,-0.295,0.261,0.733,0.626,0.635,0.584,0.321,0.7,0.483,0.45,0.631,0.615,0.892,-0.269,0.525,0.567,0.272,0.363,0.382,0.668,-0.382,-0.359,-0.101,-0.077,0.659,0.739,0.171,0.151,-0.047,0.519,0.85,0.689,0.57,0.66,-0.338,-0.092,0.527,0.769,0.53,0.263,0.302,-0.12,0.809,-0.222,0.657,0.798,-0.176,-0.586,-0.247,-0.19,0.371,0.282,0.624,0.607,0.832,0.626,0.203,-0.298,0.194,0.034,-0.381,0.634,-0.096,0.695,0.647,0.205,0.256,0.623,-0.084,0.611,0.71,-0.072,-0.304,-0.227,0.648,0.689,0.675,-0.329,0.853,0.773,0.688,-0.06,-0.334,0.699,-0.304,0.339,0.795,-0.19,-0.106,-0.663,0.841,0.709,0.305,0.695,0.688,-0.066,0.865,-0.217,0.675,0.819,-0.408,0.405,0.436,0.661,0.23,0.748,0.454,0.212,0.687,0.577,-0.203,0.611,0.748,0.841,0.72,0.636,0.864,-0.096,0.66,0.317,-0.171,-0.325,0.809,0.56,0.685,0.677,0.416,-0.371,0.422,-0.412,0.328,-0.75,-0.4,-0.235,-0.4,-0.202,0.095,0.31,0.54,0.89,-0.123,-0.192,-0.081,0.305,-0.445,0.017,0.517,-0.153,0.746
ADBE,-0.543,0.72,0.913,-0.682,-0.057,0.571,0.0,0.935,-0.386,0.407,0.196,0.891,0.55,0.8,-0.745,0.74,-0.224,0.918,0.926,0.907,0.905,0.942,0.906,-0.451,-0.436,0.906,-0.756,0.755,0.83,-0.676,-0.465,-0.742,-0.831,0.557,0.933,0.89,-0.76,-0.676,0.877,-0.668,0.819,-0.833,-0.796,-0.598,-0.73,-0.805,0.852,-0.764,-0.675,0.286,-0.543,-0.665,-0.362,0.919,0.275,0.942,0.945,-0.299,0.858,0.087,0.888,0.19,0.659,0.513,-0.614,0.894,0.891,0.789,-0.124,0.48,0.803,-0.799,-0.743,-0.662,0.15,0.058,0.813,0.038,0.435,0.302,0.471,0.586,0.898,0.766,0.87,-0.655,-0.278,0.594,0.681,-0.158,0.485,0.302,-0.6,0.422,-0.777,0.366,0.852,-0.558,0.166,-0.756,-0.667,0.132,0.76,0.528,0.4,0.844,0.88,-0.409,-0.787,-0.426,-0.55,-0.442,0.64,0.447,0.867,0.336,-0.274,0.699,0.896,-0.653,-0.043,0.589,0.365,-0.679,-0.801,0.933,0.517,0.773,-0.743,0.434,0.853,0.661,-0.598,-0.77,0.922,-0.766,0.721,0.756,-0.746,-0.575,-0.563,0.752,0.916,-0.225,0.699,0.882,-0.703,0.755,-0.717,0.885,0.814,-0.768,0.29,0.153,0.965,-0.089,0.893,0.708,0.442,0.917,0.921,-0.75,0.59,0.169,0.853,0.542,0.977,0.468,-0.684,0.928,0.884,-0.744,-0.675,0.824,0.129,0.877,0.93,0.937,-0.485,0.911,-0.816,0.138,-0.33,-0.838,-0.549,-0.795,-0.716,-0.408,-0.134,0.96,0.471,-0.64,-0.775,-0.701,0.439,-0.772,-0.17,-0.209,-0.549,0.852
ADSK,-0.562,0.702,0.893,-0.722,0.013,0.682,0.935,0.0,-0.314,0.585,0.197,0.838,0.405,0.804,-0.835,0.672,-0.202,0.973,0.892,0.928,0.906,0.935,0.837,-0.514,-0.276,0.935,-0.706,0.797,0.734,-0.762,-0.584,-0.764,-0.811,0.643,0.922,0.922,-0.74,-0.631,0.863,-0.662,0.895,-0.875,-0.771,-0.611,-0.795,-0.794,0.835,-0.834,-0.704,0.443,-0.599,-0.726,-0.292,0.932,0.316,0.961,0.883,-0.275,0.901,0.151,0.842,0.232,0.617,0.573,-0.657,0.916,0.898,0.745,-0.092,0.389,0.755,-0.776,-0.7,-0.681,0.073,0.129,0.832,-0.003,0.477,0.186,0.487,0.69,0.842,0.712,0.911,-0.741,-0.323,0.732,0.738,-0.074,0.475,0.26,-0.643,0.502,-0.756,0.451,0.884,-0.504,0.042,-0.775,-0.637,0.15,0.605,0.456,0.487,0.914,0.928,-0.386,-0.788,-0.376,-0.521,-0.537,0.713,0.219,0.888,0.398,-0.197,0.583,0.895,-0.597,0.038,0.54,0.206,-0.741,-0.773,0.912,0.537,0.843,-0.759,0.557,0.902,0.675,-0.554,-0.782,0.947,-0.753,0.628,0.829,-0.737,-0.546,-0.611,0.792,0.949,-0.198,0.775,0.903,-0.656,0.883,-0.71,0.892,0.867,-0.828,0.283,0.269,0.967,-0.081,0.896,0.637,0.346,0.931,0.923,-0.69,0.512,0.277,0.893,0.635,0.957,0.594,-0.687,0.94,0.82,-0.727,-0.735,0.859,0.154,0.943,0.933,0.893,-0.562,0.827,-0.81,0.12,-0.412,-0.843,-0.62,-0.797,-0.7,-0.408,-0.108,0.903,0.607,-0.651,-0.736,-0.662,0.331,-0.847,-0.144,-0.076,-0.589,0.902
AEP,0.448,-0.582,-0.197,0.652,0.75,0.299,-0.386,-0.314,0.0,0.233,0.44,-0.413,-0.226,-0.358,0.447,-0.278,0.831,-0.296,-0.179,-0.271,-0.15,-0.532,-0.515,0.59,0.745,-0.359,0.622,0.025,-0.673,0.509,0.492,0.559,0.614,0.092,-0.334,-0.184,0.672,0.689,-0.577,0.827,-0.048,0.392,0.673,0.264,0.264,0.657,-0.044,0.437,0.759,0.359,0.647,0.602,0.889,-0.249,0.44,-0.363,-0.353,0.678,-0.319,0.713,-0.517,0.591,0.062,0.449,0.529,-0.574,-0.466,-0.695,0.754,0.2,-0.159,0.623,0.332,0.811,-0.205,0.784,-0.176,-0.067,-0.543,-0.073,-0.129,0.175,-0.142,-0.109,-0.292,0.547,0.393,-0.296,0.076,0.789,0.103,0.342,0.718,0.414,0.662,-0.045,-0.081,0.347,-0.808,0.71,0.614,0.604,-0.171,0.352,-0.062,-0.074,-0.446,0.832,0.713,0.947,0.802,0.175,-0.091,-0.158,-0.294,0.122,0.68,-0.472,-0.154,0.56,0.854,0.4,-0.107,0.568,0.712,-0.225,0.305,-0.312,0.582,0.421,-0.158,0.161,0.775,0.656,-0.289,0.628,-0.222,0.138,0.733,0.729,-0.141,0.174,-0.341,0.727,-0.188,-0.167,0.718,-0.024,0.633,-0.383,-0.163,0.589,0.515,0.318,-0.34,0.274,-0.237,-0.383,0.103,-0.355,-0.416,0.62,0.186,0.733,-0.072,0.114,-0.365,0.475,0.74,-0.348,-0.715,0.727,0.653,-0.079,0.588,-0.412,-0.367,-0.593,0.394,-0.424,0.469,0.575,-0.388,0.603,0.522,0.624,0.705,0.787,0.548,-0.467,0.334,0.614,0.589,0.829,-0.093,0.521,0.348,0.924,0.728,-0.328
AGIO,-0.04,0.316,0.556,-0.192,0.431,0.781,0.407,0.585,0.233,0.0,0.471,0.517,-0.029,0.356,-0.492,0.375,0.198,0.627,0.482,0.553,0.493,0.413,0.27,-0.043,0.371,0.499,-0.062,0.663,0.032,-0.35,-0.373,-0.186,-0.201,0.75,0.436,0.544,-0.18,0.028,0.244,-0.082,0.616,-0.407,-0.154,-0.132,-0.373,-0.176,0.515,-0.406,-0.167,0.748,-0.125,-0.237,0.261,0.59,0.528,0.555,0.342,0.153,0.546,0.561,0.397,0.473,0.413,0.688,-0.168,0.438,0.431,0.216,0.468,0.336,0.377,-0.198,-0.086,-0.189,-0.168,0.46,0.485,0.196,0.2,0.151,0.22,0.735,0.444,0.183,0.653,-0.356,0.031,0.64,0.694,0.541,0.404,0.333,-0.1,0.608,-0.151,0.372,0.7,0.037,-0.488,-0.257,0.05,0.483,0.2,0.366,0.38,0.654,0.452,0.239,-0.244,0.222,0.145,-0.245,0.594,-0.245,0.58,0.737,0.359,0.188,0.473,-0.176,0.406,0.335,-0.049,-0.302,-0.134,0.534,0.574,0.476,-0.267,0.79,0.55,0.558,0.105,-0.297,0.595,-0.138,0.237,0.735,-0.093,0.049,-0.353,0.673,0.528,0.178,0.72,0.589,0.004,0.804,-0.128,0.409,0.632,-0.371,0.318,0.571,0.519,0.013,0.46,0.124,0.217,0.492,0.507,-0.033,0.25,0.689,0.611,0.565,0.444,0.744,-0.211,0.484,0.196,-0.116,-0.262,0.541,0.42,0.601,0.505,0.287,-0.233,0.324,-0.211,0.327,-0.538,-0.252,-0.193,-0.217,-0.064,0.17,0.224,0.389,0.644,-0.085,-0.065,-0.089,0.197,-0.48,0.374,0.484,-0.099,0.634
ALEC,0.237,0.149,0.35,0.295,0.521,0.503,0.196,0.197,0.44,0.471,0.0,0.182,0.081,0.07,0.04,0.328,0.582,0.183,0.306,0.19,0.223,0.086,0.164,0.452,0.36,0.113,0.272,0.442,-0.21,0.11,0.297,0.278,0.197,0.425,0.099,0.202,0.235,0.414,-0.06,0.354,0.29,0.071,0.246,0.124,0.048,0.22,0.358,0.073,0.274,0.711,0.435,0.218,0.466,0.299,0.45,0.193,0.134,0.407,0.111,0.623,0.155,0.653,0.532,0.534,0.353,0.024,-0.023,-0.182,0.684,0.449,0.407,0.176,0.102,0.292,-0.244,0.523,0.277,0.457,-0.273,0.325,0.169,0.491,0.397,0.22,0.376,0.123,0.333,0.132,0.482,0.533,0.395,0.438,0.389,0.589,0.282,0.107,0.291,0.34,-0.453,0.211,0.258,0.47,0.361,0.724,-0.147,0.265,0.065,0.486,0.237,0.461,0.425,0.247,0.562,0.158,0.309,0.549,0.401,0.129,0.285,0.093,0.573,0.53,0.24,0.22,0.27,0.288,0.718,0.279,0.15,0.467,0.148,0.473,0.419,0.198,0.233,0.262,0.145,0.556,0.318,0.489,-0.23,0.495,0.134,0.432,0.477,0.391,0.344,0.334,0.264,0.109,0.327,0.185,0.657,0.25,0.194,0.019,0.235,0.1,0.344,0.177,0.22,0.257,0.522,0.635,0.249,0.51,0.173,0.616,0.275,0.257,-0.12,0.296,0.162,0.349,0.634,0.094,0.241,-0.054,0.314,0.107,0.123,0.488,-0.497,0.175,0.312,0.227,0.297,0.47,0.348,0.149,0.25,0.38,0.225,0.267,0.03,-0.03,0.35,0.522,0.415,0.233
ALNY,-0.398,0.747,0.86,-0.589,-0.072,0.51,0.891,0.838,-0.413,0.517,0.182,0.0,0.456,0.712,-0.683,0.764,-0.252,0.863,0.81,0.826,0.803,0.882,0.834,-0.397,-0.454,0.841,-0.728,0.693,0.759,-0.582,-0.511,-0.648,-0.767,0.534,0.87,0.811,-0.71,-0.598,0.78,-0.645,0.699,-0.77,-0.775,-0.498,-0.615,-0.711,0.763,-0.689,-0.664,0.27,-0.5,-0.612,-0.353,0.869,0.299,0.908,0.841,-0.337,0.779,0.139,0.875,0.126,0.541,0.417,-0.538,0.857,0.863,0.767,-0.021,0.506,0.671,-0.75,-0.607,-0.672,0.104,-0.017,0.692,0.068,0.388,0.432,0.353,0.528,0.792,0.59,0.826,-0.593,-0.258,0.603,0.667,-0.131,0.544,0.316,-0.561,0.359,-0.74,0.262,0.871,-0.475,0.245,-0.707,-0.519,0.167,0.735,0.399,0.334,0.765,0.803,-0.4,-0.742,-0.418,-0.485,-0.359,0.582,0.329,0.797,0.377,-0.134,0.728,0.817,-0.709,-0.135,0.412,0.415,-0.64,-0.761,0.874,0.446,0.687,-0.736,0.406,0.733,0.585,-0.515,-0.79,0.884,-0.696,0.741,0.705,-0.687,-0.542,-0.418,0.713,0.844,-0.291,0.704,0.835,-0.667,0.711,-0.65,0.773,0.746,-0.733,0.2,0.198,0.897,-0.079,0.771,0.604,0.484,0.826,0.889,-0.672,0.471,0.144,0.763,0.424,0.875,0.385,-0.733,0.85,0.837,-0.683,-0.614,0.686,0.07,0.845,0.845,0.879,-0.394,0.9,-0.697,0.151,-0.223,-0.761,-0.49,-0.698,-0.617,-0.325,-0.139,0.878,0.393,-0.623,-0.708,-0.681,0.551,-0.722,-0.009,-0.199,-0.511,0.803
ALTR,-0.038,0.353,0.541,-0.107,0.127,0.25,0.55,0.405,-0.226,-0.029,0.081,0.456,0.0,0.568,-0.049,0.636,0.078,0.387,0.581,0.52,0.566,0.516,0.495,0.048,-0.243,0.503,-0.263,0.561,0.534,-0.013,0.228,-0.182,-0.282,0.221,0.551,0.385,-0.187,-0.277,0.538,-0.158,0.451,-0.255,-0.262,0.027,-0.165,-0.282,0.605,-0.122,-0.104,-0.092,0.005,0.008,-0.257,0.515,0.491,0.394,0.66,0.202,0.548,0.029,0.518,0.41,0.675,0.334,-0.054,0.385,0.403,0.378,-0.012,0.588,0.71,-0.38,-0.285,-0.143,0.536,0.074,0.639,0.239,0.231,0.28,0.113,0.327,0.475,0.578,0.377,-0.087,0.26,0.207,0.495,0.031,0.319,0.515,-0.022,0.084,-0.233,0.163,0.414,-0.16,0.082,-0.181,-0.216,0.144,0.608,0.466,0.188,0.313,0.516,-0.011,-0.287,-0.196,-0.109,0.161,0.105,0.702,0.572,0.099,-0.073,0.579,0.433,-0.187,0.111,0.469,0.508,-0.029,-0.309,0.561,0.414,0.313,-0.165,0.309,0.398,0.636,-0.225,-0.229,0.448,-0.241,0.712,0.353,-0.245,-0.352,-0.06,0.381,0.407,0.207,0.238,0.536,-0.23,0.239,-0.117,0.405,0.473,-0.126,0.178,0.232,0.493,-0.016,0.508,0.669,0.625,0.429,0.506,-0.255,0.61,0.078,0.413,0.224,0.493,0.198,-0.123,0.449,0.454,-0.208,-0.051,0.522,0.366,0.307,0.591,0.492,0.005,0.675,-0.29,0.399,-0.11,-0.29,0.129,-0.331,-0.178,-0.01,0.294,0.578,0.131,-0.102,-0.302,-0.24,0.575,-0.082,0.067,-0.233,-0.015,0.35
AMBA,-0.52,0.554,0.776,-0.601,0.01,0.559,0.8,0.804,-0.358,0.356,0.07,0.712,0.568,0.0,-0.624,0.547,-0.243,0.78,0.815,0.834,0.83,0.809,0.727,-0.442,-0.257,0.831,-0.651,0.681,0.724,-0.572,-0.393,-0.63,-0.658,0.497,0.848,0.814,-0.578,-0.551,0.821,-0.543,0.786,-0.651,-0.613,-0.361,-0.65,-0.678,0.711,-0.645,-0.585,0.201,-0.511,-0.536,-0.36,0.811,0.34,0.777,0.832,-0.081,0.821,-0.01,0.673,0.2,0.606,0.426,-0.479,0.765,0.745,0.635,-0.137,0.325,0.784,-0.664,-0.566,-0.54,0.251,0.046,0.819,0.042,0.399,0.022,0.47,0.622,0.736,0.738,0.724,-0.605,-0.245,0.502,0.594,-0.155,0.263,0.235,-0.509,0.366,-0.598,0.55,0.776,-0.427,0.111,-0.59,-0.611,0.043,0.473,0.36,0.514,0.731,0.823,-0.385,-0.668,-0.42,-0.465,-0.414,0.483,0.29,0.801,0.243,-0.292,0.555,0.716,-0.364,0.035,0.477,0.19,-0.518,-0.645,0.756,0.397,0.774,-0.597,0.413,0.784,0.603,-0.546,-0.663,0.799,-0.64,0.578,0.609,-0.636,-0.598,-0.491,0.652,0.811,-0.036,0.585,0.73,-0.536,0.681,-0.563,0.823,0.824,-0.663,0.118,0.128,0.832,0.022,0.824,0.727,0.315,0.769,0.72,-0.58,0.538,0.146,0.791,0.508,0.814,0.448,-0.493,0.779,0.765,-0.564,-0.588,0.766,0.207,0.79,0.835,0.798,-0.472,0.754,-0.631,0.083,-0.254,-0.697,-0.491,-0.729,-0.591,-0.402,0.02,0.799,0.478,-0.502,-0.593,-0.58,0.493,-0.579,-0.203,-0.176,-0.508,0.771
AMCX,0.77,-0.621,-0.663,0.896,0.295,-0.51,-0.745,-0.835,0.447,-0.492,0.04,-0.683,-0.049,-0.624,0.0,-0.328,0.519,-0.849,-0.64,-0.746,-0.692,-0.792,-0.708,0.79,0.274,-0.773,0.742,-0.476,-0.63,0.941,0.832,0.872,0.864,-0.523,-0.712,-0.813,0.866,0.73,-0.744,0.827,-0.722,0.874,0.82,0.718,0.855,0.859,-0.557,0.929,0.872,-0.274,0.851,0.9,0.437,-0.72,0.097,-0.829,-0.679,0.528,-0.764,0.158,-0.682,0.148,-0.24,-0.328,0.853,-0.876,-0.848,-0.807,0.404,0.054,-0.468,0.791,0.677,0.809,0.057,0.074,-0.587,0.165,-0.561,0.101,-0.594,-0.431,-0.654,-0.512,-0.741,0.872,0.634,-0.673,-0.442,0.313,-0.171,0.17,0.826,-0.362,0.838,-0.534,-0.696,0.578,-0.123,0.877,0.738,0.184,-0.254,-0.112,-0.561,-0.786,-0.79,0.588,0.859,0.565,0.716,0.761,-0.631,0.135,-0.665,-0.362,0.431,-0.38,-0.652,0.634,0.222,-0.214,0.102,0.913,0.828,-0.649,-0.164,-0.757,0.816,-0.311,-0.819,-0.274,0.717,0.827,-0.774,0.849,-0.286,-0.577,0.841,0.625,0.601,-0.514,-0.851,0.482,-0.638,-0.619,0.748,-0.789,0.863,-0.837,-0.674,0.935,0.047,-0.004,-0.796,0.068,-0.752,-0.464,0.104,-0.838,-0.737,0.783,-0.224,-0.008,-0.753,-0.535,-0.808,-0.342,0.785,-0.774,-0.796,0.839,0.917,-0.664,0.213,-0.916,-0.715,-0.789,0.788,-0.562,0.833,0.332,0.337,0.882,0.881,0.868,0.846,0.679,0.421,-0.747,-0.536,0.798,0.757,0.766,-0.068,0.925,0.38,0.207,0.842,-0.852
AMKR,0.013,0.741,0.715,-0.237,0.13,0.389,0.74,0.672,-0.278,0.375,0.328,0.764,0.636,0.547,-0.328,0.0,0.089,0.672,0.692,0.654,0.654,0.762,0.658,-0.004,-0.37,0.669,-0.38,0.758,0.566,-0.214,-0.082,-0.295,-0.452,0.423,0.713,0.557,-0.347,-0.28,0.625,-0.346,0.536,-0.501,-0.475,-0.178,-0.282,-0.395,0.733,-0.348,-0.326,0.369,-0.096,-0.263,-0.212,0.724,0.514,0.732,0.73,-0.114,0.661,0.274,0.84,0.446,0.73,0.448,-0.219,0.645,0.625,0.542,0.182,0.771,0.69,-0.504,-0.325,-0.412,0.164,0.046,0.658,0.314,0.235,0.647,0.092,0.451,0.665,0.47,0.754,-0.27,0.167,0.628,0.689,0.113,0.705,0.592,-0.214,0.291,-0.413,-0.043,0.625,-0.111,0.122,-0.438,-0.168,0.297,0.863,0.566,0.006,0.568,0.667,-0.086,-0.437,-0.186,-0.167,0.12,0.557,0.584,0.776,0.344,0.165,0.772,0.731,-0.461,-0.008,0.445,0.716,-0.331,-0.466,0.814,0.665,0.465,-0.422,0.455,0.469,0.739,-0.205,-0.457,0.687,-0.342,0.876,0.697,-0.371,-0.197,-0.124,0.622,0.627,-0.068,0.668,0.864,-0.37,0.53,-0.266,0.503,0.599,-0.383,0.346,0.413,0.726,-0.291,0.607,0.604,0.775,0.631,0.83,-0.334,0.488,0.248,0.54,0.378,0.679,0.411,-0.474,0.727,0.591,-0.424,-0.283,0.628,0.311,0.561,0.781,0.661,0.027,0.856,-0.45,0.478,-0.295,-0.446,-0.032,-0.361,-0.284,0.005,0.118,0.749,0.186,-0.258,-0.436,-0.416,0.388,-0.525,0.32,-0.107,-0.131,0.598
AMRX,0.591,-0.357,-0.02,0.719,0.827,0.285,-0.224,-0.202,0.831,0.198,0.582,-0.252,0.078,-0.243,0.519,0.089,0.0,-0.194,-0.029,-0.149,-0.008,-0.346,-0.33,0.727,0.58,-0.245,0.584,0.24,-0.534,0.566,0.681,0.564,0.551,0.055,-0.192,-0.143,0.654,0.637,-0.417,0.781,0.011,0.331,0.593,0.302,0.314,0.597,0.172,0.447,0.738,0.429,0.76,0.652,0.782,-0.088,0.642,-0.243,-0.164,0.666,-0.198,0.792,-0.274,0.78,0.323,0.522,0.609,-0.447,-0.378,-0.623,0.821,0.484,0.046,0.498,0.263,0.751,-0.091,0.714,-0.003,0.105,-0.589,0.264,-0.259,0.239,0.013,0.017,-0.133,0.593,0.556,-0.152,0.278,0.791,0.339,0.541,0.762,0.422,0.613,-0.183,-0.017,0.37,-0.694,0.66,0.642,0.68,0.136,0.528,-0.23,-0.016,-0.295,0.82,0.66,0.879,0.789,0.419,0.026,0.167,-0.093,0.072,0.796,-0.185,0.04,0.444,0.838,0.493,0.195,0.577,0.631,-0.025,0.517,-0.252,0.498,0.459,-0.164,0.41,0.754,0.625,-0.165,0.61,0.063,0.273,0.69,0.704,-0.066,0.297,-0.25,0.775,-0.051,0.068,0.657,-0.019,0.662,-0.327,-0.032,0.593,0.696,0.487,-0.198,0.056,-0.13,-0.228,0.425,-0.245,-0.183,0.584,0.374,0.737,-0.043,0.176,-0.239,0.502,0.666,-0.159,-0.602,0.68,0.695,0.041,0.722,-0.367,-0.17,-0.449,0.579,-0.167,0.388,0.786,-0.443,0.541,0.68,0.609,0.69,0.86,0.666,-0.306,0.25,0.637,0.498,0.753,0.056,0.477,0.469,0.789,0.801,-0.265
ANSS,-0.561,0.696,0.892,-0.721,0.049,0.734,0.918,0.973,-0.296,0.627,0.183,0.863,0.387,0.78,-0.849,0.672,-0.194,0.0,0.892,0.937,0.914,0.921,0.819,-0.52,-0.26,0.929,-0.697,0.807,0.686,-0.765,-0.61,-0.773,-0.818,0.665,0.903,0.937,-0.756,-0.643,0.844,-0.656,0.901,-0.896,-0.771,-0.608,-0.807,-0.8,0.841,-0.855,-0.704,0.412,-0.615,-0.73,-0.258,0.932,0.344,0.965,0.879,-0.274,0.914,0.17,0.845,0.242,0.578,0.639,-0.688,0.916,0.924,0.761,-0.089,0.391,0.742,-0.796,-0.698,-0.67,0.046,0.168,0.818,-0.017,0.438,0.194,0.484,0.694,0.85,0.696,0.905,-0.742,-0.353,0.76,0.751,-0.021,0.456,0.245,-0.643,0.532,-0.765,0.473,0.915,-0.53,-0.012,-0.783,-0.609,0.16,0.594,0.434,0.543,0.944,0.923,-0.36,-0.8,-0.359,-0.509,-0.56,0.688,0.167,0.883,0.443,-0.138,0.57,0.882,-0.604,0.055,0.526,0.172,-0.754,-0.775,0.92,0.515,0.805,-0.783,0.611,0.915,0.672,-0.549,-0.791,0.945,-0.764,0.637,0.826,-0.731,-0.561,-0.636,0.812,0.958,-0.221,0.777,0.893,-0.652,0.914,-0.712,0.895,0.879,-0.849,0.259,0.298,0.968,-0.075,0.899,0.615,0.324,0.948,0.92,-0.691,0.5,0.314,0.92,0.604,0.951,0.595,-0.685,0.941,0.815,-0.731,-0.733,0.852,0.15,0.964,0.93,0.882,-0.607,0.824,-0.816,0.113,-0.466,-0.85,-0.632,-0.806,-0.693,-0.385,-0.087,0.899,0.66,-0.655,-0.732,-0.647,0.369,-0.852,-0.131,-0.04,-0.607,0.929
APPN,-0.466,0.595,0.942,-0.555,0.198,0.726,0.926,0.892,-0.179,0.482,0.306,0.81,0.581,0.815,-0.64,0.692,-0.029,0.892,0.0,0.935,0.951,0.873,0.854,-0.288,-0.27,0.91,-0.627,0.878,0.703,-0.57,-0.328,-0.645,-0.697,0.576,0.918,0.9,-0.609,-0.548,0.83,-0.47,0.892,-0.738,-0.631,-0.509,-0.706,-0.705,0.889,-0.709,-0.521,0.375,-0.394,-0.534,-0.163,0.946,0.5,0.868,0.934,-0.042,0.865,0.265,0.789,0.386,0.733,0.683,-0.452,0.799,0.823,0.602,0.048,0.564,0.9,-0.712,-0.695,-0.482,0.126,0.29,0.884,0.078,0.335,0.26,0.423,0.769,0.915,0.853,0.822,-0.588,-0.176,0.548,0.805,0.045,0.448,0.374,-0.45,0.563,-0.617,0.461,0.881,-0.512,-0.061,-0.591,-0.575,0.279,0.697,0.617,0.461,0.899,0.854,-0.237,-0.672,-0.227,-0.383,-0.406,0.611,0.387,0.887,0.372,-0.11,0.604,0.902,-0.45,0.23,0.711,0.232,-0.529,-0.651,0.94,0.653,0.778,-0.668,0.578,0.855,0.797,-0.455,-0.656,0.922,-0.641,0.666,0.82,-0.592,-0.505,-0.65,0.877,0.894,0.012,0.681,0.885,-0.534,0.765,-0.575,0.87,0.911,-0.668,0.416,0.264,0.944,-0.025,0.912,0.674,0.434,0.893,0.861,-0.599,0.69,0.394,0.899,0.606,0.93,0.633,-0.483,0.923,0.75,-0.57,-0.536,0.873,0.377,0.831,0.927,0.847,-0.443,0.859,-0.728,0.278,-0.45,-0.736,-0.424,-0.71,-0.564,-0.231,0.136,0.896,0.616,-0.48,-0.641,-0.525,0.534,-0.641,-0.132,-0.002,-0.412,0.832
APTO,-0.495,0.6,0.912,-0.645,0.132,0.704,0.907,0.928,-0.271,0.553,0.19,0.826,0.52,0.834,-0.746,0.654,-0.149,0.937,0.935,0.0,0.94,0.902,0.846,-0.41,-0.263,0.927,-0.679,0.855,0.722,-0.657,-0.478,-0.713,-0.753,0.608,0.939,0.903,-0.675,-0.596,0.877,-0.567,0.913,-0.813,-0.697,-0.52,-0.743,-0.757,0.849,-0.786,-0.626,0.362,-0.518,-0.613,-0.232,0.938,0.437,0.903,0.908,-0.153,0.912,0.211,0.783,0.297,0.616,0.642,-0.561,0.842,0.869,0.681,-0.05,0.454,0.827,-0.735,-0.679,-0.596,0.208,0.236,0.864,-0.014,0.411,0.199,0.38,0.754,0.859,0.793,0.845,-0.712,-0.247,0.681,0.801,-0.012,0.45,0.329,-0.548,0.521,-0.691,0.505,0.906,-0.534,-0.028,-0.666,-0.591,0.222,0.619,0.442,0.535,0.898,0.889,-0.32,-0.742,-0.309,-0.45,-0.507,0.593,0.293,0.889,0.377,-0.133,0.526,0.863,-0.468,0.131,0.567,0.165,-0.646,-0.716,0.922,0.538,0.778,-0.724,0.606,0.889,0.744,-0.514,-0.719,0.936,-0.696,0.652,0.807,-0.667,-0.589,-0.593,0.83,0.913,-0.063,0.689,0.856,-0.591,0.829,-0.636,0.859,0.903,-0.766,0.337,0.34,0.948,-0.06,0.882,0.632,0.363,0.915,0.868,-0.624,0.589,0.336,0.905,0.598,0.919,0.592,-0.58,0.908,0.783,-0.645,-0.613,0.846,0.272,0.902,0.92,0.869,-0.553,0.854,-0.754,0.196,-0.403,-0.788,-0.545,-0.766,-0.624,-0.321,0.08,0.882,0.628,-0.581,-0.689,-0.587,0.507,-0.712,-0.124,-0.06,-0.52,0.871
ARCT,-0.507,0.569,0.941,-0.583,0.186,0.738,0.905,0.906,-0.15,0.493,0.223,0.803,0.566,0.83,-0.692,0.654,-0.008,0.914,0.951,0.94,0.0,0.87,0.819,-0.393,-0.199,0.921,-0.661,0.862,0.695,-0.609,-0.375,-0.702,-0.745,0.569,0.93,0.937,-0.632,-0.594,0.84,-0.501,0.93,-0.811,-0.677,-0.568,-0.779,-0.722,0.932,-0.76,-0.559,0.363,-0.462,-0.568,-0.166,0.949,0.489,0.88,0.949,-0.086,0.909,0.252,0.773,0.381,0.693,0.705,-0.543,0.813,0.854,0.64,0.005,0.507,0.855,-0.758,-0.743,-0.5,0.206,0.311,0.88,-0.048,0.331,0.17,0.474,0.736,0.915,0.877,0.805,-0.593,-0.243,0.594,0.804,0.04,0.48,0.341,-0.473,0.578,-0.669,0.514,0.915,-0.564,-0.095,-0.597,-0.57,0.257,0.641,0.566,0.554,0.921,0.883,-0.247,-0.678,-0.23,-0.402,-0.506,0.597,0.329,0.87,0.316,-0.098,0.57,0.913,-0.488,0.245,0.702,0.214,-0.603,-0.685,0.922,0.584,0.774,-0.692,0.619,0.902,0.778,-0.493,-0.659,0.926,-0.693,0.671,0.836,-0.629,-0.53,-0.689,0.885,0.924,0.015,0.657,0.882,-0.567,0.822,-0.602,0.883,0.898,-0.695,0.402,0.308,0.949,-0.004,0.932,0.689,0.41,0.915,0.859,-0.643,0.724,0.385,0.93,0.668,0.934,0.64,-0.507,0.915,0.741,-0.592,-0.557,0.903,0.319,0.859,0.91,0.845,-0.496,0.845,-0.788,0.265,-0.524,-0.772,-0.483,-0.741,-0.603,-0.257,0.1,0.867,0.702,-0.547,-0.69,-0.528,0.533,-0.656,-0.18,0.041,-0.451,0.846
ARWR,-0.542,0.823,0.872,-0.74,-0.154,0.508,0.942,0.935,-0.532,0.413,0.086,0.882,0.516,0.809,-0.792,0.762,-0.346,0.921,0.873,0.902,0.87,0.0,0.918,-0.522,-0.477,0.934,-0.768,0.756,0.843,-0.715,-0.54,-0.771,-0.849,0.505,0.927,0.855,-0.791,-0.702,0.926,-0.762,0.793,-0.828,-0.829,-0.551,-0.736,-0.834,0.797,-0.805,-0.782,0.302,-0.617,-0.734,-0.481,0.911,0.231,0.943,0.924,-0.36,0.906,-0.033,0.937,0.113,0.616,0.415,-0.648,0.953,0.921,0.845,-0.232,0.424,0.786,-0.855,-0.671,-0.795,0.189,-0.067,0.822,0.095,0.53,0.267,0.429,0.56,0.822,0.712,0.894,-0.73,-0.293,0.726,0.682,-0.237,0.458,0.215,-0.684,0.352,-0.805,0.376,0.809,-0.498,0.249,-0.816,-0.669,0.007,0.669,0.381,0.379,0.815,0.932,-0.505,-0.848,-0.555,-0.621,-0.418,0.663,0.337,0.903,0.326,-0.3,0.745,0.853,-0.663,-0.178,0.403,0.32,-0.757,-0.846,0.907,0.467,0.803,-0.797,0.389,0.799,0.622,-0.667,-0.831,0.923,-0.788,0.69,0.718,-0.804,-0.649,-0.451,0.682,0.923,-0.32,0.75,0.885,-0.739,0.749,-0.743,0.88,0.825,-0.827,0.151,0.176,0.957,-0.206,0.874,0.725,0.37,0.916,0.959,-0.741,0.475,0.055,0.797,0.548,0.944,0.397,-0.77,0.933,0.916,-0.81,-0.755,0.809,0.06,0.913,0.948,0.958,-0.499,0.916,-0.819,0.033,-0.294,-0.868,-0.586,-0.833,-0.76,-0.499,-0.164,0.959,0.407,-0.679,-0.778,-0.797,0.401,-0.851,-0.16,-0.311,-0.653,0.892
ASND,-0.589,0.757,0.842,-0.689,-0.165,0.441,0.906,0.837,-0.515,0.27,0.164,0.834,0.495,0.727,-0.708,0.658,-0.33,0.819,0.854,0.846,0.819,0.918,0.0,-0.453,-0.518,0.848,-0.78,0.661,0.83,-0.659,-0.434,-0.74,-0.823,0.377,0.868,0.794,-0.788,-0.701,0.863,-0.7,0.732,-0.739,-0.785,-0.586,-0.705,-0.819,0.724,-0.757,-0.74,0.229,-0.546,-0.686,-0.465,0.857,0.158,0.85,0.88,-0.33,0.785,-0.046,0.855,0.052,0.558,0.354,-0.551,0.869,0.873,0.767,-0.235,0.391,0.776,-0.821,-0.707,-0.719,0.148,-0.061,0.756,0.118,0.424,0.276,0.431,0.51,0.815,0.773,0.777,-0.655,-0.314,0.545,0.61,-0.313,0.351,0.125,-0.627,0.355,-0.768,0.378,0.74,-0.559,0.287,-0.737,-0.725,-0.043,0.667,0.404,0.301,0.75,0.824,-0.529,-0.802,-0.535,-0.621,-0.388,0.62,0.402,0.784,0.265,-0.364,0.694,0.806,-0.599,-0.178,0.44,0.247,-0.68,-0.803,0.84,0.434,0.802,-0.776,0.236,0.72,0.538,-0.667,-0.778,0.847,-0.772,0.585,0.636,-0.76,-0.648,-0.496,0.651,0.847,-0.278,0.645,0.776,-0.715,0.609,-0.739,0.848,0.771,-0.756,0.228,-0.01,0.889,-0.15,0.83,0.668,0.282,0.884,0.861,-0.751,0.535,0.011,0.719,0.51,0.901,0.335,-0.672,0.891,0.887,-0.754,-0.698,0.733,0.063,0.818,0.862,0.913,-0.45,0.862,-0.799,-0.028,-0.26,-0.833,-0.543,-0.809,-0.748,-0.484,-0.152,0.913,0.355,-0.637,-0.762,-0.766,0.453,-0.739,-0.294,-0.342,-0.609,0.811
ASTH,0.847,-0.429,-0.32,0.877,0.65,-0.132,-0.451,-0.514,0.59,-0.043,0.452,-0.397,0.048,-0.442,0.79,-0.004,0.727,-0.52,-0.288,-0.41,-0.393,-0.522,-0.453,0.0,0.396,-0.51,0.765,-0.022,-0.59,0.844,0.799,0.857,0.812,-0.167,-0.436,-0.556,0.824,0.818,-0.571,0.856,-0.405,0.709,0.799,0.68,0.736,0.788,-0.23,0.775,0.864,0.223,0.966,0.87,0.654,-0.379,0.461,-0.522,-0.429,0.683,-0.474,0.546,-0.395,0.541,0.166,0.107,0.911,-0.677,-0.653,-0.722,0.718,0.41,-0.114,0.746,0.636,0.75,0.007,0.353,-0.284,0.393,-0.555,0.36,-0.577,-0.015,-0.338,-0.315,-0.324,0.69,0.849,-0.325,0.029,0.617,0.189,0.516,0.877,-0.019,0.822,-0.447,-0.354,0.667,-0.394,0.772,0.776,0.541,0.038,0.26,-0.582,-0.443,-0.584,0.812,0.772,0.747,0.866,0.801,-0.24,0.268,-0.282,-0.002,0.692,-0.209,-0.322,0.569,0.492,0.077,0.226,0.846,0.809,-0.255,0.327,-0.525,0.722,0.128,-0.576,0.17,0.848,0.774,-0.455,0.864,-0.088,-0.091,0.857,0.741,0.452,-0.112,-0.598,0.66,-0.224,-0.223,0.807,-0.426,0.86,-0.651,-0.31,0.802,0.428,0.318,-0.485,-0.169,-0.498,-0.378,0.367,-0.575,-0.416,0.83,-0.004,0.415,-0.469,-0.243,-0.541,0.108,0.764,-0.468,-0.694,0.813,0.858,-0.346,0.642,-0.652,-0.394,-0.624,0.81,-0.286,0.754,0.651,-0.01,0.802,0.898,0.818,0.883,0.859,0.65,-0.461,-0.302,0.86,0.739,0.737,0.004,0.677,0.657,0.451,0.908,-0.52
ATSG,0.311,-0.46,-0.235,0.481,0.544,0.367,-0.436,-0.276,0.745,0.371,0.36,-0.454,-0.243,-0.257,0.274,-0.37,0.58,-0.26,-0.27,-0.263,-0.199,-0.477,-0.518,0.396,0.0,-0.313,0.679,0.013,-0.729,0.329,0.305,0.513,0.592,0.204,-0.41,-0.191,0.606,0.651,-0.516,0.667,0.014,0.413,0.676,0.416,0.205,0.588,-0.13,0.353,0.588,0.415,0.462,0.494,0.65,-0.232,0.314,-0.354,-0.378,0.686,-0.178,0.385,-0.464,0.512,0.057,0.356,0.423,-0.439,-0.408,-0.52,0.513,-0.106,-0.151,0.527,0.493,0.614,-0.065,0.631,-0.113,0.203,-0.233,-0.412,0.083,0.21,-0.241,-0.216,-0.211,0.399,0.358,-0.094,0.074,0.736,-0.17,0.079,0.623,0.361,0.648,0.309,-0.111,0.541,-0.808,0.591,0.572,0.278,-0.486,0.174,0.128,-0.115,-0.319,0.759,0.595,0.68,0.702,0.165,0.014,-0.443,-0.176,0.374,0.463,-0.443,-0.347,0.596,0.678,0.123,-0.355,0.448,0.68,-0.34,0.196,-0.126,0.598,0.439,-0.121,0.025,0.626,0.569,-0.28,0.574,-0.408,0.048,0.657,0.605,0.014,0.018,-0.282,0.663,-0.0,-0.228,0.76,0.095,0.613,-0.274,-0.067,0.473,0.156,0.34,-0.365,0.231,-0.186,-0.22,-0.181,-0.289,-0.398,0.63,0.054,0.568,-0.071,0.27,-0.382,0.398,0.695,-0.366,-0.631,0.678,0.434,-0.001,0.487,-0.258,-0.298,-0.6,0.216,-0.533,0.493,0.237,-0.456,0.545,0.423,0.481,0.59,0.564,0.413,-0.459,0.353,0.639,0.693,0.665,-0.198,0.381,0.271,0.737,0.505,-0.137
AVTX,-0.569,0.684,0.918,-0.71,-0.036,0.654,0.906,0.935,-0.359,0.499,0.113,0.841,0.503,0.831,-0.773,0.669,-0.245,0.929,0.91,0.927,0.921,0.934,0.848,-0.51,-0.313,0.0,-0.73,0.809,0.76,-0.698,-0.551,-0.76,-0.81,0.572,0.924,0.917,-0.719,-0.656,0.903,-0.651,0.881,-0.822,-0.765,-0.567,-0.78,-0.79,0.839,-0.796,-0.707,0.32,-0.597,-0.699,-0.36,0.952,0.343,0.919,0.928,-0.214,0.918,0.086,0.85,0.229,0.617,0.531,-0.641,0.9,0.907,0.738,-0.139,0.419,0.811,-0.823,-0.693,-0.683,0.167,0.114,0.855,0.015,0.496,0.128,0.494,0.677,0.852,0.784,0.853,-0.712,-0.322,0.625,0.757,-0.094,0.39,0.239,-0.614,0.459,-0.748,0.538,0.877,-0.539,0.08,-0.72,-0.642,0.093,0.587,0.429,0.552,0.877,0.951,-0.41,-0.785,-0.437,-0.542,-0.53,0.609,0.228,0.905,0.358,-0.232,0.638,0.849,-0.546,0.024,0.517,0.202,-0.697,-0.782,0.894,0.495,0.828,-0.752,0.508,0.875,0.66,-0.595,-0.79,0.951,-0.761,0.662,0.759,-0.74,-0.64,-0.572,0.785,0.946,-0.181,0.7,0.865,-0.663,0.815,-0.693,0.908,0.865,-0.79,0.174,0.226,0.954,-0.015,0.913,0.727,0.349,0.935,0.9,-0.698,0.564,0.225,0.892,0.633,0.942,0.517,-0.674,0.92,0.841,-0.709,-0.702,0.857,0.152,0.919,0.951,0.907,-0.551,0.852,-0.802,0.093,-0.355,-0.837,-0.583,-0.814,-0.693,-0.407,-0.075,0.901,0.579,-0.636,-0.722,-0.686,0.498,-0.757,-0.184,-0.149,-0.606,0.878
BCPC,0.769,-0.575,-0.624,0.842,0.456,-0.193,-0.756,-0.706,0.622,-0.062,0.272,-0.728,-0.263,-0.651,0.742,-0.38,0.584,-0.697,-0.627,-0.679,-0.661,-0.768,-0.78,0.765,0.679,-0.73,0.0,-0.309,-0.876,0.759,0.685,0.897,0.932,-0.16,-0.776,-0.726,0.896,0.893,-0.804,0.86,-0.542,0.826,0.939,0.763,0.765,0.898,-0.513,0.815,0.878,0.16,0.82,0.849,0.619,-0.649,0.155,-0.733,-0.733,0.642,-0.623,0.291,-0.651,0.349,-0.166,-0.05,0.793,-0.799,-0.815,-0.8,0.508,-0.047,-0.43,0.845,0.842,0.785,-0.093,0.294,-0.503,0.353,-0.439,-0.042,-0.409,-0.192,-0.636,-0.602,-0.521,0.714,0.673,-0.336,-0.262,0.605,-0.175,0.15,0.861,-0.101,0.927,-0.307,-0.606,0.829,-0.528,0.802,0.869,0.249,-0.445,-0.03,-0.438,-0.622,-0.709,0.822,0.862,0.699,0.866,0.687,-0.328,-0.188,-0.506,0.096,0.574,-0.49,-0.667,0.685,0.415,-0.222,-0.135,0.81,0.938,-0.615,0.027,-0.615,0.872,0.039,-0.679,-0.179,0.849,0.885,-0.697,0.931,-0.45,-0.351,0.931,0.826,0.539,-0.41,-0.76,0.577,-0.317,-0.514,0.931,-0.452,0.912,-0.772,-0.51,0.854,0.096,0.237,-0.756,-0.053,-0.674,-0.539,-0.061,-0.735,-0.669,0.931,-0.275,0.279,-0.625,-0.22,-0.779,-0.017,0.836,-0.724,-0.886,0.869,0.796,-0.476,0.382,-0.74,-0.642,-0.886,0.657,-0.694,0.863,0.297,-0.045,0.912,0.806,0.878,0.896,0.741,0.417,-0.741,-0.274,0.9,0.926,0.828,-0.372,0.687,0.548,0.488,0.811,-0.617
BEAM,-0.136,0.528,0.856,-0.295,0.453,0.795,0.755,0.797,0.025,0.663,0.442,0.693,0.561,0.681,-0.476,0.758,0.24,0.807,0.878,0.855,0.862,0.756,0.661,-0.022,0.013,0.809,-0.309,0.0,0.437,-0.35,-0.149,-0.377,-0.432,0.65,0.793,0.76,-0.319,-0.243,0.659,-0.213,0.85,-0.568,-0.368,-0.245,-0.509,-0.433,0.875,-0.51,-0.278,0.607,-0.123,-0.288,0.056,0.872,0.728,0.767,0.802,0.195,0.833,0.486,0.728,0.671,0.815,0.813,-0.223,0.647,0.663,0.407,0.302,0.698,0.862,-0.504,-0.407,-0.305,0.166,0.457,0.859,0.256,0.23,0.318,0.242,0.849,0.781,0.694,0.816,-0.41,0.126,0.678,0.943,0.38,0.583,0.567,-0.171,0.612,-0.347,0.392,0.824,-0.187,-0.319,-0.373,-0.216,0.462,0.63,0.658,0.359,0.815,0.763,0.095,-0.433,0.027,-0.053,-0.161,0.637,0.312,0.911,0.508,0.236,0.546,0.811,-0.271,0.434,0.668,0.28,-0.345,-0.383,0.886,0.82,0.649,-0.433,0.803,0.723,0.921,-0.149,-0.413,0.838,-0.35,0.669,0.892,-0.31,-0.234,-0.455,0.886,0.768,0.244,0.751,0.897,-0.234,0.788,-0.257,0.673,0.876,-0.457,0.511,0.604,0.815,-0.154,0.784,0.575,0.559,0.763,0.809,-0.27,0.648,0.619,0.796,0.675,0.756,0.776,-0.284,0.805,0.498,-0.319,-0.305,0.857,0.612,0.715,0.862,0.636,-0.204,0.769,-0.495,0.514,-0.607,-0.486,-0.143,-0.448,-0.265,0.087,0.363,0.742,0.637,-0.189,-0.359,-0.281,0.472,-0.532,0.199,0.228,-0.152,0.768
BILI,-0.561,0.626,0.685,-0.73,-0.391,0.138,0.83,0.734,-0.673,0.032,-0.21,0.759,0.534,0.724,-0.63,0.566,-0.534,0.686,0.703,0.722,0.695,0.843,0.83,-0.59,-0.729,0.76,-0.876,0.437,0.0,-0.616,-0.507,-0.768,-0.854,0.236,0.832,0.663,-0.811,-0.805,0.879,-0.804,0.541,-0.733,-0.871,-0.565,-0.588,-0.836,0.584,-0.684,-0.771,-0.124,-0.654,-0.684,-0.639,0.703,-0.022,0.744,0.811,-0.521,0.68,-0.25,0.744,-0.211,0.347,0.047,-0.637,0.79,0.788,0.805,-0.444,0.264,0.57,-0.797,-0.716,-0.774,0.308,-0.333,0.587,-0.142,0.528,0.239,0.292,0.269,0.643,0.654,0.595,-0.662,-0.368,0.401,0.375,-0.55,0.314,0.116,-0.739,-0.008,-0.851,0.19,0.6,-0.668,0.569,-0.777,-0.772,-0.127,0.625,0.128,0.302,0.559,0.748,-0.713,-0.842,-0.698,-0.756,-0.442,0.294,0.476,0.621,-0.014,-0.528,0.607,0.687,-0.665,-0.404,0.232,0.328,-0.677,-0.885,0.713,0.121,0.592,-0.766,0.016,0.633,0.368,-0.756,-0.81,0.741,-0.821,0.621,0.394,-0.851,-0.787,-0.334,0.416,0.729,-0.431,0.378,0.608,-0.857,0.42,-0.794,0.727,0.554,-0.748,-0.014,-0.073,0.789,-0.101,0.662,0.615,0.295,0.727,0.74,-0.826,0.338,-0.264,0.585,0.23,0.807,0.033,-0.785,0.736,0.907,-0.814,-0.671,0.523,-0.233,0.705,0.73,0.918,-0.512,0.824,-0.766,-0.111,0.121,-0.832,-0.604,-0.815,-0.802,-0.627,-0.301,0.826,0.133,-0.773,-0.858,-0.837,0.453,-0.641,-0.312,-0.594,-0.663,0.603
BJRI,0.859,-0.545,-0.578,0.937,0.377,-0.423,-0.676,-0.762,0.509,-0.35,0.11,-0.582,-0.013,-0.572,0.941,-0.214,0.566,-0.765,-0.57,-0.657,-0.609,-0.715,-0.659,0.844,0.329,-0.698,0.759,-0.35,-0.616,0.0,0.82,0.915,0.876,-0.41,-0.631,-0.756,0.897,0.807,-0.707,0.849,-0.655,0.861,0.83,0.773,0.864,0.898,-0.472,0.92,0.887,-0.135,0.901,0.929,0.513,-0.634,0.211,-0.739,-0.61,0.583,-0.668,0.274,-0.585,0.25,-0.131,-0.219,0.875,-0.835,-0.785,-0.759,0.522,0.203,-0.384,0.8,0.747,0.78,0.113,0.148,-0.521,0.253,-0.546,0.194,-0.591,-0.341,-0.579,-0.481,-0.623,0.87,0.75,-0.564,-0.309,0.436,0.005,0.321,0.882,-0.275,0.857,-0.541,-0.579,0.66,-0.178,0.879,0.827,0.306,-0.158,-0.054,-0.589,-0.714,-0.746,0.693,0.87,0.642,0.813,0.799,-0.537,0.194,-0.563,-0.23,0.551,-0.305,-0.59,0.608,0.276,-0.176,0.199,0.907,0.844,-0.535,-0.022,-0.739,0.819,-0.158,-0.766,-0.155,0.805,0.812,-0.683,0.883,-0.197,-0.443,0.875,0.697,0.637,-0.411,-0.791,0.559,-0.503,-0.506,0.796,-0.675,0.905,-0.809,-0.593,0.931,0.123,0.145,-0.715,0.008,-0.706,-0.422,0.212,-0.778,-0.65,0.831,-0.187,0.108,-0.682,-0.461,-0.751,-0.232,0.777,-0.722,-0.777,0.853,0.94,-0.587,0.317,-0.845,-0.636,-0.753,0.832,-0.459,0.855,0.455,0.254,0.901,0.925,0.892,0.899,0.774,0.486,-0.677,-0.485,0.832,0.792,0.764,0.007,0.861,0.555,0.288,0.893,-0.756
BLUE,0.681,-0.415,-0.363,0.832,0.474,-0.249,-0.465,-0.584,0.492,-0.373,0.297,-0.511,0.228,-0.393,0.832,-0.082,0.681,-0.61,-0.328,-0.478,-0.375,-0.54,-0.434,0.799,0.305,-0.551,0.685,-0.149,-0.507,0.82,0.0,0.761,0.726,-0.324,-0.467,-0.55,0.766,0.66,-0.548,0.773,-0.407,0.705,0.738,0.616,0.661,0.722,-0.203,0.775,0.825,-0.036,0.847,0.863,0.432,-0.44,0.316,-0.607,-0.374,0.644,-0.478,0.286,-0.444,0.421,0.148,0.001,0.826,-0.66,-0.658,-0.678,0.494,0.281,-0.083,0.617,0.505,0.774,0.102,0.244,-0.226,0.315,-0.54,0.2,-0.404,-0.169,-0.321,-0.197,-0.465,0.806,0.675,-0.477,-0.165,0.419,-0.024,0.316,0.839,-0.082,0.756,-0.383,-0.47,0.53,-0.308,0.775,0.645,0.27,-0.021,0.255,-0.491,-0.514,-0.564,0.67,0.746,0.601,0.714,0.772,-0.318,0.347,-0.348,-0.177,0.436,-0.15,-0.361,0.535,0.427,0.12,0.21,0.819,0.729,-0.362,0.181,-0.497,0.714,-0.078,-0.562,0.082,0.643,0.774,-0.53,0.743,-0.11,-0.256,0.754,0.631,0.394,-0.227,-0.595,0.646,-0.378,-0.293,0.693,-0.542,0.784,-0.582,-0.355,0.845,0.309,0.089,-0.525,-0.02,-0.424,-0.224,0.259,-0.568,-0.462,0.658,0.157,0.184,-0.484,-0.197,-0.537,-0.027,0.781,-0.487,-0.64,0.732,0.832,-0.302,0.497,-0.714,-0.429,-0.603,0.789,-0.318,0.623,0.498,-0.008,0.732,0.877,0.726,0.737,0.69,0.544,-0.459,-0.319,0.769,0.637,0.718,-0.02,0.758,0.359,0.31,0.832,-0.574
