,AAL,AAON,ACB,ACGL,ACGLO,ACIW,ADBE,ADSK,AEP,AGIO,ALEC,ALNY,ALTR,AMBA,AMCX,AMKR,AMRX,ANSS,APPN,APTO,ARCT,ARWR,ASND,ASTH,ATSG,AVTX,BCPC,BEAM,BILI,BJRI,BLUE,BPOP,BRKL,BWIN,BZUN,CARG,CBRL,CBSH,CBUS,CENTA,CERS,CFFN,CHCO,CHEF,CHRD,CINF,CLLS,CMCO,CMCSA,COLL,COMM,COOP,CPB,CRON,CROX,CRUS,CRWD,CTAS,CYBR,CYTK,DGII,DIOD,DOMO,DPZ,DSGR,DXCM,ERIE,ESTA,EXEL,FAST,FCEL,FCFS,FHB,FITBI,FSV,FTDR,FUTU,GLDD,GLPG,GLPI,GOGO,GOSS,GSAT,GYRE,HALO,HAS,HLIT,HLNE,HSDT,HSIC,HTHT,ICHR,IDYA,IMVT,INDB,INSM,IONS,IOSP,ITRI,JBHT,JBLU,JSM,KLIC,KOD,KURA,LAB,LASR,LIN,LKQ,LNT,MBUU,MCRI,MDGL,MEDP,MGNI,MGPI,MGRC,MKTX,MRNA,MRTN,MSEX,MSFT,MU,NAVI,NBTB,NEO,NEOG,NGNE,NSSC,NTAP,NTES,NTLA,NTRS,NYMTN,OBLG,OCFC,ON,ONC,OPI,OSIS,OSW,PALI,PANW,PCAR,PCRX,PCTY,PEBO,PLAB,PLAY,PLMR,PLSE,PLUS,PRTA,PSEC,PSNL,PTCT,PTON,QNST,QRVO,QTTB,RARE,RBCAA,RGNX,SAIC,SGMO,SINT,SNPS,SPSC,SPTN,SSYS,STNE,TBBK,TCPC,TENB,TGTX,TREE,TRUP,TTWO,TW,TXG,UBSI,UCTT,UFPT,UMBF,UPBD,URBN,VBTX,VCTR,VEON,VNET,VRSK,VSEC,WABC,WTFCM,WVE,WW,WWD,XEL,ZD,ZYME
AAL,0.0,-0.136,0.164,-0.038,0.649,0.373,-0.098,0.557,-0.016,0.394,0.873,0.167,0.624,0.744,0.823,0.109,0.463,0.488,0.546,0.231,-0.17,0.721,0.6,-0.055,0.122,0.613,-0.115,0.642,0.477,0.944,0.044,0.085,0.577,0.438,0.337,0.202,0.791,0.513,0.58,0.741,0.694,0.692,0.567,0.725,-0.084,0.786,0.554,0.8,0.838,0.523,-0.399,0.699,0.077,0.656,0.527,-0.482,0.674,-0.0,0.588,0.318,0.098,0.334,0.52,-0.465,0.893,0.355,0.681,0.311,0.033,-0.272,0.495,0.603,0.728,0.7,-0.083,-0.122,0.323,-0.299,0.739,0.507,0.43,0.748,0.624,0.539,0.699,-0.24,0.12,0.244,0.252,0.751,0.467,-0.031,0.049,0.824,0.939,0.795,0.806,0.842,0.457,-0.221,0.964,0.478,-0.235,0.567,0.795,0.174,0.364,0.752,-0.139,-0.538,0.461,0.154,0.777,0.297,0.244,0.067,0.225,0.313,-0.592,0.609,-0.463,-0.066,-0.377,0.09,0.726,0.257,0.776,0.552,-0.429,0.749,-0.406,0.524,0.369,0.49,0.578,0.233,-0.049,0.25,0.771,0.416,0.868,0.675,-0.585,0.296,0.815,0.123,0.272,0.515,0.799,0.815,0.648,0.779,0.498,0.009,0.63,0.644,-0.105,0.135,0.022,0.756,0.404,0.879,0.744,0.576,0.837,0.527,-0.108,-0.131,0.261,0.786,0.491,0.902,0.557,0.776,0.753,0.587,0.055,0.682,-0.026,0.773,0.323,0.482,-0.191,0.108,-0.379,0.355,0.739,0.823,0.466,0.62,-0.44,0.23,0.371,0.787,0.652,0.544,0.831,-0.695,0.706,0.365
AAON,-0.136,0.0,0.302,-0.032,-0.731,0.519,0.489,-0.224,-0.39,-0.906,-0.399,0.575,-0.339,-0.36,0.185,0.45,-0.74,0.344,-0.768,0.551,-0.872,-0.165,-0.653,0.813,0.862,-0.747,0.912,-0.584,-0.116,-0.085,-0.873,0.71,0.503,0.297,-0.349,0.747,0.167,0.405,-0.555,0.227,0.053,0.412,0.446,-0.691,0.691,-0.514,-0.806,0.37,0.006,-0.465,-0.564,-0.669,0.659,-0.194,0.439,-0.397,-0.497,0.463,0.153,0.754,0.57,0.801,-0.573,0.826,-0.079,-0.041,0.439,-0.916,-0.898,0.873,0.472,-0.776,0.014,-0.748,-0.196,-0.355,-0.154,0.761,-0.627,-0.794,-0.806,-0.693,-0.628,-0.826,-0.671,0.873,0.67,0.302,-0.948,-0.304,-0.12,0.836,0.399,-0.322,-0.204,-0.372,-0.426,-0.29,-0.886,0.38,-0.089,-0.591,0.531,-0.827,-0.388,-0.822,-0.779,0.384,0.83,0.062,-0.124,-0.222,-0.02,-0.534,-0.88,0.496,0.847,-0.833,-0.565,0.333,0.587,0.558,0.861,0.642,0.333,-0.747,0.37,-0.843,0.35,-0.412,0.874,-0.574,-0.126,-0.572,-0.822,-0.533,0.69,0.112,0.022,0.426,0.015,-0.677,0.714,-0.546,0.205,-0.921,0.68,0.62,-0.354,-0.412,-0.431,0.324,-0.374,0.921,-0.765,0.036,-0.901,0.74,-0.79,-0.645,-0.88,0.149,-0.486,-0.571,0.128,-0.847,0.754,-0.408,0.726,-0.472,-0.733,-0.203,-0.823,-0.213,-0.638,-0.746,0.816,-0.599,0.854,-0.509,0.505,0.652,0.875,0.812,-0.675,0.358,0.091,-0.293,-0.851,-0.477,0.786,0.849,0.721,-0.156,-0.63,0.367,-0.039,0.319,-0.536,-0.877
ACB,0.164,0.302,0.0,-0.359,-0.286,0.81,0.034,0.532,-0.776,-0.153,0.023,-0.308,0.21,0.389,0.497,0.303,0.113,0.168,0.085,0.703,-0.32,-0.261,0.162,0.645,0.23,-0.069,0.176,0.192,0.721,0.243,-0.287,0.321,0.258,0.787,0.688,0.646,0.493,0.295,0.247,0.636,0.063,0.425,0.082,-0.183,0.498,-0.076,-0.071,0.375,0.538,0.412,-0.333,-0.176,0.468,0.683,0.569,-0.286,0.269,0.164,0.61,0.148,0.677,0.405,0.372,0.178,0.45,0.618,0.65,-0.287,-0.279,0.391,0.768,-0.113,0.177,-0.079,-0.531,0.209,0.637,0.417,0.075,0.01,-0.012,-0.12,0.236,-0.289,0.181,0.377,0.107,0.144,-0.337,0.348,0.427,0.351,-0.115,0.017,0.151,0.068,0.301,0.351,-0.101,0.534,0.291,-0.27,0.512,-0.139,0.257,0.112,-0.208,0.536,0.417,-0.596,-0.455,0.218,0.346,0.162,-0.023,0.326,0.405,0.141,-0.557,0.632,0.043,0.212,-0.052,0.338,0.268,0.056,0.262,-0.108,-0.193,0.076,0.356,0.342,0.38,-0.291,-0.142,0.018,0.202,0.807,0.623,0.674,0.434,0.132,0.003,0.039,0.483,-0.341,0.446,0.603,0.344,0.328,-0.143,0.301,0.11,0.429,0.024,0.07,-0.28,0.588,0.057,-0.007,-0.166,0.203,-0.187,-0.18,0.347,-0.125,0.38,0.053,0.379,0.228,0.209,0.124,-0.117,0.31,-0.057,0.128,0.472,0.224,0.371,0.097,0.234,0.57,-0.001,0.242,-0.235,0.605,0.416,0.204,-0.053,0.543,-0.034,0.563,0.299,-0.178,0.135,0.829,0.244,-0.4,0.311,-0.378
ACGL,-0.038,-0.032,-0.359,0.0,0.148,-0.415,-0.025,-0.401,0.58,-0.016,-0.072,0.274,-0.171,-0.196,-0.142,-0.111,-0.16,-0.046,-0.219,0.012,0.04,0.099,0.028,-0.226,0.114,0.092,0.135,-0.291,-0.199,-0.052,0.121,0.274,0.157,-0.251,-0.304,-0.317,-0.336,0.337,-0.037,-0.259,0.09,0.039,0.241,0.001,0.193,0.151,0.017,0.043,-0.222,-0.239,0.449,-0.028,0.093,-0.243,-0.096,0.175,-0.536,0.159,-0.436,-0.017,-0.119,-0.067,-0.426,0.004,-0.213,-0.36,-0.283,0.12,-0.013,-0.003,-0.287,-0.142,0.347,-0.033,0.577,0.106,-0.024,0.07,-0.097,0.005,-0.042,0.037,-0.216,-0.046,-0.027,-0.158,0.306,0.291,0.104,0.108,-0.183,0.161,0.466,-0.002,0.09,-0.01,-0.273,0.015,0.033,0.112,0.013,0.291,0.117,0.049,-0.186,-0.127,0.232,-0.184,0.117,0.675,0.543,0.199,-0.041,-0.279,-0.116,0.244,0.065,-0.065,0.214,0.043,-0.052,0.077,0.266,-0.008,0.163,-0.184,0.119,-0.011,0.331,-0.176,-0.023,-0.269,0.324,-0.014,-0.129,0.279,0.155,-0.349,-0.228,-0.156,-0.11,-0.095,0.191,0.418,-0.165,0.066,0.067,-0.133,-0.123,-0.308,0.227,-0.148,0.101,-0.171,-0.159,0.204,0.043,-0.234,-0.035,-0.008,0.037,0.115,0.0,0.312,-0.114,-0.072,-0.161,-0.119,0.225,-0.184,-0.153,0.086,-0.043,-0.322,-0.142,-0.225,-0.148,-0.32,-0.004,-0.184,0.311,-0.005,0.203,0.093,0.107,-0.241,0.068,-0.049,-0.172,-0.255,0.149,-0.155,0.102,0.097,-0.162,-0.273,0.077,0.345,-0.335,0.156
ACGLO,0.649,-0.731,-0.286,0.148,0.0,-0.28,-0.302,0.326,0.373,0.841,0.786,-0.139,0.599,0.648,0.255,-0.248,0.712,0.091,0.809,-0.307,0.523,0.67,0.795,-0.7,-0.499,0.86,-0.666,0.743,0.208,0.551,0.64,-0.457,-0.01,-0.073,0.27,-0.482,0.262,0.022,0.703,0.17,0.42,0.081,0.085,0.922,-0.57,0.801,0.889,0.181,0.359,0.5,0.213,0.864,-0.444,0.404,-0.017,0.017,0.627,-0.295,0.149,-0.297,-0.395,-0.353,0.597,-0.814,0.501,0.14,-0.007,0.833,0.628,-0.78,-0.104,0.854,0.42,0.941,0.282,0.136,0.142,-0.743,0.858,0.802,0.792,0.947,0.79,0.884,0.829,-0.797,-0.286,0.028,0.831,0.627,0.232,-0.573,-0.177,0.76,0.718,0.77,0.704,0.658,0.864,-0.496,0.58,0.797,-0.583,0.926,0.657,0.614,0.797,0.141,-0.683,-0.236,0.528,0.187,0.443,0.483,0.694,-0.293,-0.454,0.669,0.128,0.049,-0.727,-0.366,-0.707,-0.385,0.209,0.606,0.254,0.896,-0.427,0.71,-0.849,0.613,0.225,0.711,0.884,0.486,-0.438,-0.084,0.316,-0.215,0.45,0.833,-0.74,0.515,0.284,0.733,-0.361,-0.169,0.605,0.662,0.793,0.213,0.543,-0.675,0.863,0.429,0.567,-0.491,0.499,0.887,0.851,0.402,0.829,0.813,0.393,0.9,-0.584,0.134,-0.342,0.771,0.712,0.656,0.878,0.563,0.873,0.8,-0.568,0.754,-0.602,0.774,-0.14,-0.201,-0.632,-0.503,0.24,-0.136,0.344,0.668,0.796,0.537,-0.733,-0.503,-0.303,0.654,0.796,-0.082,0.461,-0.585,0.69,0.873
ACIW,0.373,0.519,0.81,-0.415,-0.28,0.0,0.152,0.545,-0.639,-0.298,0.166,-0.027,0.222,0.326,0.678,0.432,-0.012,0.384,-0.043,0.682,-0.609,-0.071,-0.0,0.75,0.486,-0.143,0.377,0.113,0.606,0.466,-0.485,0.521,0.573,0.71,0.511,0.827,0.71,0.483,0.118,0.769,0.212,0.665,0.414,-0.09,0.554,-0.013,-0.192,0.617,0.678,0.322,-0.651,-0.126,0.508,0.525,0.71,-0.488,0.29,0.298,0.71,0.462,0.692,0.682,0.281,0.256,0.562,0.545,0.829,-0.448,-0.451,0.49,0.824,-0.129,0.359,-0.093,-0.575,-0.007,0.497,0.481,0.031,-0.091,-0.148,-0.126,0.146,-0.298,0.081,0.537,0.264,0.234,-0.527,0.359,0.49,0.48,-0.051,0.141,0.285,0.138,0.319,0.388,-0.231,0.371,0.455,-0.294,0.43,-0.24,0.319,-0.164,-0.356,0.737,0.491,-0.588,-0.286,0.226,0.427,0.088,-0.246,0.317,0.639,-0.108,-0.825,0.715,0.168,0.3,0.101,0.496,0.55,-0.127,0.549,-0.197,-0.126,0.135,0.43,0.216,0.31,-0.228,-0.191,-0.12,0.32,0.725,0.717,0.772,0.608,0.043,-0.006,-0.109,0.652,-0.509,0.717,0.813,0.412,0.388,-0.195,0.657,0.085,0.638,-0.042,0.194,-0.543,0.763,-0.267,-0.02,-0.312,0.473,-0.059,-0.174,0.543,-0.241,0.51,-0.134,0.536,0.234,0.057,0.314,-0.207,0.431,-0.025,0.048,0.635,0.174,0.528,0.139,0.482,0.729,0.238,0.509,-0.52,0.724,0.567,0.285,-0.16,0.413,0.104,0.789,0.634,0.057,0.103,0.872,0.432,-0.32,0.297,-0.484
ADBE,-0.098,0.489,0.034,-0.025,-0.302,0.152,0.0,0.042,-0.271,-0.577,-0.147,0.619,0.275,0.038,0.198,0.783,-0.688,0.736,-0.466,0.486,-0.486,0.02,-0.288,0.539,0.651,-0.465,0.624,-0.273,-0.415,-0.136,-0.446,0.182,0.092,0.233,-0.331,0.463,0.239,0.183,-0.157,0.092,0.393,-0.064,-0.045,-0.386,0.279,-0.365,-0.478,0.206,-0.084,-0.565,-0.574,-0.525,0.279,-0.222,0.508,-0.111,-0.265,0.802,0.412,0.678,0.316,0.591,-0.122,0.693,-0.161,0.249,0.19,-0.526,-0.605,0.671,0.115,-0.607,-0.207,-0.389,-0.078,-0.076,-0.156,0.383,-0.305,-0.621,-0.453,-0.328,-0.309,-0.567,-0.393,0.572,0.618,0.704,-0.462,-0.171,-0.05,0.637,0.575,-0.202,-0.118,-0.038,-0.087,-0.332,-0.552,0.106,-0.028,-0.128,0.323,-0.438,0.006,-0.504,-0.262,0.26,0.614,-0.009,0.142,-0.194,0.115,0.131,-0.633,0.668,0.564,-0.646,-0.36,0.072,0.393,0.863,0.568,-0.064,-0.121,-0.652,0.314,-0.467,0.459,-0.477,0.546,-0.103,-0.473,-0.268,-0.534,-0.592,0.726,0.095,-0.135,0.358,-0.056,-0.366,0.437,-0.648,0.271,-0.416,0.305,0.366,-0.1,-0.39,-0.036,-0.0,-0.0,0.453,-0.458,0.392,-0.541,0.492,-0.578,-0.34,-0.465,0.053,-0.366,-0.467,0.238,-0.46,0.839,0.206,0.333,-0.219,-0.583,-0.163,-0.57,0.154,-0.464,-0.469,0.715,-0.319,0.74,-0.227,0.141,0.487,0.468,0.482,-0.603,0.548,-0.286,-0.396,-0.6,-0.42,0.752,0.369,0.188,0.06,-0.462,0.095,-0.284,0.128,-0.43,-0.393
ADSK,0.557,-0.224,0.532,-0.401,0.326,0.545,0.042,0.0,-0.311,0.341,0.464,-0.329,0.762,0.757,0.644,0.387,0.477,0.38,0.504,0.351,-0.026,0.065,0.487,0.216,-0.086,0.435,-0.167,0.646,0.51,0.581,0.09,-0.075,0.276,0.604,0.749,0.301,0.767,0.146,0.528,0.716,0.26,0.369,0.045,0.434,0.043,0.376,0.364,0.39,0.675,0.623,-0.379,0.359,-0.144,0.66,0.499,-0.062,0.715,0.206,0.789,0.045,0.265,0.185,0.8,-0.273,0.611,0.76,0.539,0.173,0.188,-0.07,0.462,0.404,0.35,0.521,-0.389,0.237,0.556,-0.019,0.516,0.457,0.421,0.44,0.644,0.277,0.565,-0.008,-0.131,0.207,0.192,0.587,0.848,-0.014,-0.253,0.323,0.505,0.413,0.751,0.624,0.401,0.012,0.59,0.205,0.07,0.359,0.852,0.3,0.269,0.594,-0.046,-0.663,-0.176,0.395,0.39,0.748,0.397,0.06,0.087,0.438,-0.457,0.414,-0.126,0.167,-0.484,-0.047,0.283,0.417,0.407,0.373,-0.216,0.282,-0.206,0.838,0.314,0.266,0.385,0.251,-0.059,0.621,0.706,0.631,0.623,0.539,-0.498,0.177,0.616,0.203,0.272,0.411,0.753,0.751,0.226,0.368,0.63,0.039,0.506,0.331,0.071,0.209,0.326,0.426,0.327,0.456,0.294,0.207,0.502,0.359,0.129,0.368,0.003,0.61,0.518,0.495,0.392,0.814,0.401,0.582,0.188,0.589,0.009,0.481,0.149,0.354,-0.375,0.022,-0.119,0.63,0.461,0.442,0.409,0.769,-0.368,0.169,0.11,0.257,0.46,0.63,0.427,-0.534,0.676,0.169
AEP,-0.016,-0.39,-0.776,0.58,0.373,-0.639,-0.271,-0.311,0.0,0.307,0.071,0.068,-0.147,-0.279,-0.352,-0.328,0.147,-0.243,0.043,-0.572,0.324,0.152,0.023,-0.604,-0.303,0.251,-0.24,-0.061,-0.413,-0.055,0.367,-0.137,-0.019,-0.626,-0.37,-0.647,-0.376,-0.08,-0.09,-0.418,-0.141,-0.177,0.111,0.304,-0.296,0.224,0.205,-0.281,-0.308,-0.073,0.496,0.29,-0.414,-0.471,-0.511,0.403,-0.204,-0.155,-0.555,-0.304,-0.582,-0.419,-0.243,-0.34,-0.306,-0.476,-0.539,0.381,0.417,-0.439,-0.601,0.229,0.165,0.229,0.495,0.011,-0.316,-0.322,0.047,0.251,0.15,0.217,-0.076,0.374,0.014,-0.419,-0.162,-0.136,0.409,-0.096,-0.116,-0.298,0.038,0.071,0.022,-0.057,-0.167,-0.044,0.295,-0.4,-0.112,0.358,-0.413,0.248,-0.106,-0.015,0.327,-0.398,-0.422,0.678,0.434,0.154,-0.323,-0.062,0.235,-0.345,-0.382,0.131,0.504,-0.386,-0.069,-0.246,-0.083,-0.214,-0.022,0.21,-0.143,0.231,0.148,-0.02,-0.436,-0.153,0.058,0.301,0.231,0.396,-0.274,-0.59,-0.372,-0.463,-0.264,0.036,-0.112,0.341,-0.355,0.425,-0.231,-0.5,-0.107,-0.109,0.156,-0.179,0.16,-0.434,0.083,-0.023,0.369,-0.6,0.214,0.102,0.276,-0.013,0.226,0.406,-0.33,0.206,-0.481,-0.073,-0.315,-0.109,-0.001,0.042,0.227,-0.24,0.131,0.024,-0.533,-0.16,-0.442,-0.068,0.066,-0.473,-0.106,-0.212,0.415,-0.499,-0.083,-0.032,0.174,-0.257,-0.15,-0.523,-0.131,0.227,0.018,-0.576,0.022,0.441,-0.105,0.463
AGIO,0.394,-0.906,-0.153,-0.016,0.841,-0.298,-0.577,0.341,0.307,0.0,0.609,-0.552,0.437,0.541,0.007,-0.453,0.882,-0.287,0.905,-0.434,0.795,0.365,0.787,-0.781,-0.794,0.884,-0.918,0.766,0.356,0.337,0.83,-0.592,-0.245,-0.15,0.5,-0.621,0.055,-0.195,0.709,0.04,0.106,-0.116,-0.175,0.859,-0.632,0.685,0.947,-0.136,0.238,0.692,0.455,0.836,-0.53,0.423,-0.256,0.231,0.661,-0.532,0.01,-0.671,-0.458,-0.649,0.689,-0.934,0.366,0.113,-0.2,0.926,0.861,-0.918,-0.198,0.922,0.25,0.887,0.123,0.324,0.289,-0.793,0.818,0.938,0.922,0.85,0.808,0.93,0.844,-0.915,-0.596,-0.261,0.936,0.509,0.242,-0.779,-0.407,0.602,0.481,0.588,0.632,0.571,0.969,-0.404,0.334,0.643,-0.575,0.946,0.547,0.859,0.834,-0.115,-0.848,-0.239,0.203,0.26,0.255,0.529,0.922,-0.498,-0.721,0.914,0.38,-0.082,-0.729,-0.622,-0.911,-0.487,-0.022,0.84,-0.126,0.946,-0.539,0.663,-0.904,0.66,0.295,0.622,0.94,0.639,-0.683,0.036,0.24,-0.323,0.27,0.854,-0.808,0.632,0.035,0.885,-0.523,-0.393,0.524,0.654,0.56,-0.036,0.501,-0.844,0.92,0.109,0.849,-0.587,0.787,0.83,0.957,0.102,0.7,0.736,0.111,0.938,-0.786,0.212,-0.579,0.721,0.873,0.45,0.935,0.402,0.826,0.88,-0.784,0.785,-0.835,0.711,-0.333,-0.468,-0.859,-0.73,0.603,-0.255,0.215,0.551,0.936,0.669,-0.908,-0.693,-0.546,0.334,0.834,-0.137,0.294,-0.528,0.77,0.917
ALEC,0.873,-0.399,0.023,-0.072,0.786,0.166,-0.147,0.464,0.071,0.609,0.0,0.035,0.617,0.751,0.62,-0.022,0.557,0.376,0.728,0.071,0.148,0.794,0.754,-0.305,-0.127,0.701,-0.38,0.751,0.402,0.812,0.326,-0.228,0.257,0.234,0.324,-0.013,0.601,0.325,0.722,0.525,0.687,0.367,0.265,0.833,-0.366,0.824,0.764,0.591,0.742,0.533,-0.215,0.761,-0.029,0.583,0.36,-0.4,0.773,-0.142,0.489,0.088,-0.107,0.054,0.649,-0.63,0.809,0.313,0.458,0.539,0.241,-0.495,0.258,0.734,0.531,0.815,-0.11,0.021,0.284,-0.607,0.862,0.627,0.633,0.866,0.738,0.715,0.795,-0.513,-0.042,0.176,0.494,0.737,0.298,-0.298,-0.003,0.898,0.852,0.885,0.835,0.77,0.628,-0.405,0.836,0.571,-0.473,0.76,0.783,0.418,0.589,0.53,-0.364,-0.551,0.492,0.052,0.775,0.396,0.42,-0.035,-0.056,0.479,-0.329,0.43,-0.674,-0.225,-0.594,-0.264,0.43,0.385,0.541,0.748,-0.576,0.795,-0.621,0.601,0.202,0.607,0.748,0.258,-0.192,0.232,0.62,0.161,0.711,0.812,-0.766,0.301,0.683,0.371,-0.074,0.238,0.772,0.77,0.712,0.607,0.471,-0.309,0.769,0.613,0.188,-0.084,0.191,0.894,0.601,0.676,0.818,0.611,0.741,0.743,-0.284,-0.034,-0.036,0.849,0.604,0.788,0.699,0.729,0.861,0.709,-0.199,0.821,-0.232,0.872,0.015,0.223,-0.484,-0.195,-0.169,0.224,0.533,0.768,0.644,0.63,-0.58,-0.085,0.008,0.805,0.792,0.32,0.697,-0.762,0.756,0.628
ALNY,0.167,0.575,-0.308,0.274,-0.139,-0.027,0.619,-0.329,0.068,-0.552,0.035,0.0,-0.02,-0.143,0.237,0.399,-0.658,0.623,-0.511,0.263,-0.598,0.437,-0.302,0.287,0.703,-0.376,0.669,-0.361,-0.466,0.134,-0.535,0.337,0.362,0.001,-0.699,0.325,0.173,0.394,-0.261,0.067,0.516,0.25,0.418,-0.209,0.192,-0.11,-0.392,0.436,-0.011,-0.606,-0.471,-0.271,0.365,-0.3,0.392,-0.372,-0.382,0.468,0.076,0.786,0.134,0.641,-0.492,0.505,-0.012,-0.163,0.252,-0.424,-0.672,0.47,0.111,-0.452,0.129,-0.322,0.145,-0.449,-0.435,0.223,-0.256,-0.558,-0.523,-0.177,-0.433,-0.372,-0.372,0.417,0.729,0.523,-0.457,-0.147,-0.338,0.582,0.673,0.033,0.132,0.078,-0.146,-0.204,-0.527,-0.094,0.178,0.002,0.107,-0.353,-0.115,-0.681,-0.29,0.305,0.502,0.191,0.554,-0.349,0.217,-0.36,-0.732,0.5,0.614,-0.736,-0.379,0.129,0.161,0.496,0.667,0.223,0.266,-0.72,0.487,-0.406,0.306,-0.159,0.39,-0.441,-0.334,-0.159,-0.414,-0.507,0.647,-0.327,-0.14,0.124,0.042,-0.365,0.398,-0.443,0.274,-0.533,0.313,0.382,-0.168,-0.355,0.212,0.29,-0.173,0.464,-0.416,0.471,-0.673,0.336,-0.774,-0.179,-0.473,0.33,-0.048,-0.169,0.361,-0.403,0.502,-0.323,0.53,-0.196,-0.638,0.074,-0.454,-0.031,-0.228,-0.536,0.539,-0.36,0.624,-0.109,0.32,0.508,0.659,0.557,-0.715,0.174,-0.022,-0.127,-0.585,-0.538,0.629,0.405,0.456,0.367,-0.407,-0.016,0.058,0.163,-0.481,-0.308
ALTR,0.624,-0.339,0.21,-0.171,0.599,0.222,0.275,0.762,-0.147,0.437,0.617,-0.02,0.0,0.853,0.619,0.411,0.414,0.586,0.561,0.245,0.112,0.423,0.631,-0.036,-0.069,0.565,-0.246,0.686,0.274,0.55,0.271,-0.257,0.142,0.434,0.491,0.1,0.71,0.134,0.688,0.568,0.539,0.225,0.021,0.594,-0.197,0.477,0.528,0.387,0.541,0.418,-0.325,0.459,-0.253,0.571,0.524,-0.053,0.645,0.299,0.739,0.124,0.098,0.184,0.773,-0.318,0.567,0.675,0.402,0.363,0.229,-0.19,0.299,0.454,0.334,0.659,-0.092,0.216,0.344,-0.284,0.666,0.459,0.527,0.638,0.708,0.413,0.668,-0.23,0.035,0.442,0.406,0.634,0.582,-0.071,-0.052,0.539,0.618,0.683,0.806,0.581,0.514,-0.218,0.652,0.526,-0.133,0.566,0.842,0.362,0.512,0.53,-0.161,-0.514,0.231,0.258,0.541,0.798,0.371,0.148,0.008,0.373,-0.335,0.29,-0.382,0.255,-0.439,-0.262,0.197,0.315,0.476,0.54,-0.16,0.395,-0.351,0.809,0.112,0.432,0.498,0.178,0.051,0.33,0.516,0.372,0.583,0.647,-0.481,0.143,0.611,0.4,0.048,0.317,0.709,0.648,0.602,0.285,0.726,-0.186,0.621,0.622,0.137,0.048,0.242,0.614,0.518,0.489,0.483,0.399,0.63,0.519,0.115,0.349,-0.059,0.714,0.484,0.566,0.486,0.857,0.535,0.604,0.119,0.663,-0.032,0.65,0.04,0.301,-0.364,-0.124,-0.18,0.511,0.309,0.47,0.441,0.59,-0.34,-0.049,-0.081,0.536,0.551,0.369,0.366,-0.62,0.598,0.441
AMBA,0.744,-0.36,0.389,-0.196,0.648,0.326,0.038,0.757,-0.279,0.541,0.751,-0.143,0.853,0.0,0.666,0.285,0.552,0.448,0.707,0.306,0.126,0.499,0.776,-0.059,-0.122,0.648,-0.315,0.844,0.512,0.692,0.254,-0.189,0.227,0.565,0.634,0.131,0.71,0.243,0.763,0.654,0.579,0.352,0.121,0.655,-0.148,0.609,0.653,0.506,0.705,0.618,-0.255,0.585,-0.091,0.796,0.535,-0.174,0.789,0.066,0.737,0.071,0.163,0.136,0.845,-0.457,0.747,0.639,0.506,0.43,0.235,-0.299,0.46,0.588,0.456,0.731,-0.154,0.157,0.489,-0.318,0.802,0.589,0.6,0.752,0.829,0.507,0.791,-0.321,-0.035,0.313,0.444,0.748,0.574,-0.121,-0.066,0.682,0.771,0.795,0.893,0.754,0.587,-0.128,0.765,0.521,-0.116,0.673,0.864,0.48,0.521,0.609,-0.196,-0.724,0.235,0.239,0.684,0.681,0.476,0.119,0.014,0.522,-0.395,0.481,-0.536,0.065,-0.565,-0.153,0.359,0.439,0.527,0.639,-0.369,0.606,-0.424,0.851,0.286,0.488,0.617,0.285,-0.069,0.468,0.706,0.401,0.708,0.787,-0.58,0.29,0.722,0.346,0.063,0.362,0.827,0.78,0.648,0.392,0.617,-0.182,0.734,0.588,0.176,0.085,0.342,0.755,0.567,0.567,0.596,0.452,0.698,0.643,-0.03,0.257,-0.006,0.852,0.639,0.694,0.627,0.874,0.684,0.718,0.012,0.807,-0.093,0.765,0.054,0.355,-0.475,-0.128,-0.149,0.47,0.5,0.65,0.578,0.768,-0.503,0.003,-0.031,0.548,0.701,0.512,0.56,-0.824,0.779,0.456
AMCX,0.823,0.185,0.497,-0.142,0.255,0.678,0.198,0.644,-0.352,0.007,0.62,0.237,0.619,0.666,0.0,0.41,0.177,0.695,0.242,0.593,-0.489,0.42,0.388,0.431,0.44,0.275,0.216,0.376,0.526,0.836,-0.258,0.284,0.613,0.718,0.397,0.595,0.905,0.592,0.434,0.871,0.651,0.73,0.492,0.357,0.261,0.478,0.2,0.883,0.885,0.341,-0.641,0.294,0.339,0.665,0.802,-0.612,0.495,0.321,0.805,0.561,0.45,0.643,0.447,-0.061,0.839,0.593,0.893,-0.058,-0.295,0.194,0.687,0.203,0.604,0.36,-0.317,-0.083,0.43,0.102,0.448,0.182,0.12,0.379,0.397,0.099,0.474,0.189,0.327,0.441,-0.137,0.684,0.504,0.314,0.151,0.513,0.721,0.572,0.666,0.688,0.128,0.087,0.898,0.179,0.185,0.197,0.713,-0.035,0.039,0.865,0.286,-0.587,0.217,0.181,0.765,0.27,-0.066,0.39,0.545,0.062,-0.859,0.771,-0.202,0.271,-0.122,0.231,0.665,-0.044,0.816,0.211,-0.221,0.445,0.018,0.466,0.325,0.175,0.188,-0.033,0.272,0.497,0.834,0.743,0.845,0.408,-0.318,0.076,0.893,-0.214,0.525,0.789,0.738,0.642,0.415,0.769,0.383,0.344,0.324,0.607,-0.458,0.472,-0.211,0.444,0.05,0.819,0.352,0.233,0.88,0.17,0.321,-0.048,0.507,0.564,0.27,0.729,0.172,0.733,0.395,0.327,0.504,0.482,0.382,0.539,0.415,0.772,0.053,0.351,-0.64,0.693,0.672,0.64,0.123,0.553,-0.116,0.562,0.534,0.576,0.367,0.8,0.708,-0.588,0.48,-0.05
AMKR,0.109,0.45,0.303,-0.111,-0.248,0.432,0.783,0.387,-0.328,-0.453,-0.022,0.399,0.411,0.285,0.41,0.0,-0.464,0.688,-0.351,0.668,-0.52,-0.004,-0.067,0.672,0.598,-0.36,0.6,0.005,-0.175,0.109,-0.457,0.313,0.378,0.496,0.046,0.618,0.491,0.346,0.025,0.378,0.379,0.17,0.086,-0.253,0.479,-0.281,-0.361,0.335,0.257,-0.224,-0.566,-0.43,0.227,0.04,0.683,-0.021,-0.035,0.826,0.651,0.624,0.562,0.682,0.155,0.602,0.065,0.569,0.434,-0.5,-0.531,0.662,0.41,-0.478,0.106,-0.262,-0.369,0.085,0.13,0.522,-0.168,-0.381,-0.366,-0.211,-0.104,-0.504,-0.228,0.594,0.615,0.75,-0.462,0.115,0.385,0.698,0.428,-0.149,0.082,0.069,0.164,-0.064,-0.421,0.118,0.195,-0.099,0.39,-0.349,0.246,-0.439,-0.2,0.515,0.664,-0.249,0.066,0.105,0.19,0.374,-0.455,0.657,0.666,-0.483,-0.558,0.298,0.334,0.882,0.396,0.124,0.136,-0.422,0.47,-0.382,0.454,-0.378,0.546,0.197,-0.176,-0.202,-0.429,-0.269,0.764,0.316,0.242,0.651,0.146,-0.245,0.257,-0.427,0.516,-0.424,0.576,0.599,0.226,-0.095,-0.038,0.156,0.24,0.545,-0.318,0.478,-0.533,0.563,-0.36,-0.245,-0.396,0.305,-0.298,-0.385,0.346,-0.394,0.821,0.203,0.355,-0.047,-0.422,-0.023,-0.423,0.359,-0.358,-0.303,0.746,-0.176,0.763,-0.155,0.386,0.67,0.326,0.632,-0.584,0.743,0.024,-0.277,-0.446,-0.094,0.579,0.51,0.366,0.04,-0.291,0.375,0.011,-0.023,-0.165,-0.413
AMRX,0.463,-0.74,0.113,-0.16,0.712,-0.012,-0.688,0.477,0.147,0.882,0.557,-0.658,0.414,0.552,0.177,-0.464,0.0,-0.308,0.882,-0.327,0.586,0.237,0.719,-0.565,-0.717,0.817,-0.828,0.762,0.578,0.428,0.63,-0.409,-0.075,0.059,0.659,-0.434,0.202,-0.159,0.62,0.24,-0.055,0.126,0.007,0.774,-0.449,0.663,0.836,-0.011,0.397,0.848,0.335,0.829,-0.471,0.584,-0.188,0.121,0.722,-0.586,0.109,-0.614,-0.292,-0.498,0.698,-0.904,0.496,0.233,0.021,0.771,0.804,-0.801,0.058,0.901,0.325,0.838,0.042,0.237,0.361,-0.593,0.778,0.932,0.805,0.756,0.84,0.841,0.823,-0.724,-0.636,-0.394,0.758,0.548,0.402,-0.685,-0.644,0.574,0.501,0.477,0.639,0.697,0.904,-0.256,0.408,0.471,-0.423,0.814,0.541,0.768,0.586,0.068,-0.753,-0.355,-0.051,0.343,0.224,0.459,0.923,-0.594,-0.612,0.911,0.182,0.073,-0.609,-0.625,-0.876,-0.178,0.167,0.91,-0.037,0.839,-0.606,0.711,-0.795,0.671,0.463,0.586,0.873,0.664,-0.712,0.18,0.458,-0.133,0.401,0.834,-0.73,0.637,0.123,0.715,-0.311,-0.199,0.553,0.802,0.444,0.154,0.464,-0.604,0.877,-0.024,0.67,-0.486,0.798,0.741,0.827,0.185,0.643,0.7,0.146,0.834,-0.697,0.141,-0.472,0.696,0.929,0.514,0.877,0.445,0.804,0.898,-0.644,0.765,-0.761,0.643,-0.187,-0.332,-0.756,-0.618,0.523,-0.159,0.435,0.689,0.903,0.788,-0.95,-0.442,-0.315,0.313,0.851,0.136,0.414,-0.536,0.855,0.706
ANSS,0.488,0.344,0.168,-0.046,0.091,0.384,0.736,0.38,-0.243,-0.287,0.376,0.623,0.586,0.448,0.695,0.688,-0.308,0.0,-0.082,0.58,-0.557,0.374,0.1,0.466,0.628,-0.083,0.479,0.089,-0.023,0.466,-0.382,0.202,0.395,0.495,-0.064,0.545,0.666,0.444,0.177,0.512,0.693,0.348,0.254,0.052,0.232,0.134,-0.114,0.677,0.475,-0.184,-0.722,-0.071,0.318,0.209,0.746,-0.465,0.171,0.665,0.724,0.785,0.334,0.727,0.18,0.345,0.408,0.428,0.61,-0.26,-0.5,0.451,0.377,-0.187,0.238,0.054,-0.149,-0.165,0.053,0.174,0.124,-0.252,-0.151,0.114,0.059,-0.192,0.081,0.379,0.573,0.701,-0.275,0.301,0.198,0.507,0.482,0.235,0.404,0.405,0.374,0.207,-0.193,0.029,0.548,0.145,0.224,-0.069,0.463,-0.324,-0.076,0.659,0.481,-0.333,0.362,-0.085,0.548,0.239,-0.418,0.606,0.606,-0.342,-0.703,0.456,0.033,0.667,0.232,0.004,0.307,-0.436,0.703,-0.092,0.146,0.05,0.226,0.221,-0.158,0.055,-0.134,-0.391,0.578,0.258,0.354,0.59,0.46,0.056,0.023,-0.34,0.706,-0.327,0.393,0.612,0.396,0.152,0.334,0.461,0.204,0.405,-0.019,0.692,-0.564,0.529,-0.518,0.149,-0.218,0.557,0.075,-0.095,0.755,-0.088,0.666,0.122,0.466,0.278,-0.196,0.379,-0.177,0.544,0.053,-0.073,0.703,0.145,0.624,0.29,0.275,0.719,0.309,0.436,-0.775,0.655,0.203,0.172,-0.232,0.035,0.359,0.466,0.388,0.524,-0.047,0.443,0.295,-0.287,0.029,-0.175
APPN,0.546,-0.768,0.085,-0.219,0.809,-0.043,-0.466,0.504,0.043,0.905,0.728,-0.511,0.561,0.707,0.242,-0.351,0.882,-0.082,0.0,-0.267,0.614,0.39,0.819,-0.587,-0.65,0.843,-0.824,0.858,0.527,0.504,0.669,-0.53,-0.164,0.104,0.606,-0.389,0.286,-0.139,0.77,0.264,0.219,0.033,-0.122,0.847,-0.547,0.699,0.911,0.068,0.456,0.787,0.181,0.823,-0.355,0.628,-0.058,-0.026,0.833,-0.495,0.274,-0.479,-0.361,-0.468,0.817,-0.876,0.57,0.28,0.064,0.829,0.713,-0.797,0.034,0.907,0.257,0.905,-0.012,0.245,0.366,-0.735,0.897,0.879,0.889,0.873,0.902,0.893,0.88,-0.757,-0.568,-0.236,0.821,0.573,0.291,-0.682,-0.411,0.688,0.596,0.647,0.779,0.666,0.902,-0.291,0.492,0.579,-0.449,0.907,0.659,0.826,0.712,0.119,-0.73,-0.516,0.12,0.165,0.428,0.558,0.864,-0.413,-0.582,0.896,0.122,0.111,-0.736,-0.554,-0.928,-0.403,0.077,0.797,0.044,0.922,-0.67,0.765,-0.851,0.783,0.265,0.643,0.932,0.463,-0.622,0.272,0.446,-0.108,0.438,0.914,-0.821,0.496,0.272,0.741,-0.43,-0.197,0.658,0.789,0.587,0.17,0.45,-0.652,0.943,0.183,0.685,-0.379,0.674,0.884,0.857,0.221,0.675,0.659,0.327,0.94,-0.608,0.212,-0.481,0.857,0.915,0.55,0.887,0.591,0.876,0.944,-0.582,0.9,-0.682,0.81,-0.316,-0.242,-0.841,-0.662,0.385,-0.044,0.361,0.698,0.942,0.797,-0.891,-0.498,-0.426,0.432,0.876,0.146,0.411,-0.719,0.888,0.795
APTO,0.231,0.551,0.703,0.012,-0.307,0.682,0.486,0.351,-0.572,-0.434,0.071,0.263,0.245,0.306,0.593,0.668,-0.327,0.58,-0.267,0.0,-0.589,0.022,0.077,0.775,0.663,-0.256,0.582,-0.03,0.366,0.257,-0.458,0.522,0.509,0.718,0.284,0.805,0.532,0.671,0.19,0.629,0.467,0.479,0.259,-0.274,0.656,-0.088,-0.255,0.612,0.508,-0.041,-0.506,-0.378,0.656,0.361,0.845,-0.341,-0.027,0.637,0.642,0.564,0.822,0.757,0.104,0.506,0.368,0.571,0.71,-0.509,-0.676,0.698,0.7,-0.411,0.325,-0.253,-0.478,0.212,0.517,0.53,-0.091,-0.292,-0.261,-0.187,-0.05,-0.524,-0.0,0.537,0.682,0.679,-0.558,0.365,0.307,0.722,0.464,0.022,0.244,0.191,0.206,0.244,-0.373,0.439,0.377,-0.212,0.516,-0.288,0.236,-0.294,-0.169,0.683,0.758,-0.347,-0.012,0.098,0.519,0.082,-0.462,0.776,0.794,-0.288,-0.716,0.724,0.139,0.66,0.339,0.243,0.377,-0.411,0.578,-0.325,0.105,-0.146,0.594,0.124,0.228,-0.353,-0.412,-0.154,0.717,0.641,0.472,0.769,0.422,-0.089,0.174,-0.128,0.653,-0.564,0.667,0.807,0.27,0.048,-0.016,0.399,0.152,0.588,-0.253,0.491,-0.584,0.715,-0.346,-0.092,-0.376,0.446,-0.224,-0.265,0.533,-0.369,0.691,-0.067,0.702,0.069,-0.209,0.158,-0.382,0.279,-0.239,-0.232,0.757,-0.027,0.775,-0.014,0.497,0.845,0.332,0.616,-0.58,0.786,0.366,0.006,-0.418,0.192,0.408,0.705,0.508,0.034,-0.104,0.711,0.239,-0.241,-0.024,-0.454
ARCT,-0.17,-0.872,-0.32,0.04,0.523,-0.609,-0.486,-0.026,0.324,0.795,0.148,-0.598,0.112,0.126,-0.489,-0.52,0.586,-0.557,0.614,-0.589,0.0,0.034,0.474,-0.816,-0.85,0.575,-0.883,0.419,0.011,-0.228,0.919,-0.697,-0.621,-0.46,0.25,-0.783,-0.428,-0.485,0.448,-0.434,-0.222,-0.581,-0.561,0.477,-0.67,0.267,0.679,-0.61,-0.283,0.351,0.712,0.447,-0.595,0.001,-0.573,0.545,0.27,-0.515,-0.363,-0.864,-0.534,-0.886,0.391,-0.672,-0.169,-0.124,-0.642,0.788,0.838,-0.79,-0.547,0.594,-0.179,0.511,0.2,0.434,0.084,-0.712,0.415,0.643,0.735,0.48,0.456,0.654,0.464,-0.848,-0.627,-0.357,0.848,0.083,-0.085,-0.809,-0.366,0.164,-0.034,0.187,0.192,0.045,0.726,-0.29,-0.227,0.419,-0.535,0.682,0.098,0.782,0.734,-0.592,-0.78,0.101,0.009,0.095,-0.142,0.378,0.777,-0.504,-0.882,0.716,0.78,-0.449,-0.511,-0.581,-0.701,-0.632,-0.49,0.652,-0.597,0.655,-0.305,0.228,-0.705,0.354,0.033,0.356,0.637,0.51,-0.626,-0.169,-0.267,-0.627,-0.248,0.478,-0.529,0.461,-0.455,0.899,-0.74,-0.727,0.047,0.15,0.235,-0.529,0.228,-0.92,0.581,-0.191,0.959,-0.728,0.76,0.437,0.78,-0.39,0.312,0.43,-0.362,0.668,-0.759,0.295,-0.751,0.265,0.573,-0.081,0.648,-0.058,0.418,0.541,-0.862,0.42,-0.843,0.288,-0.546,-0.787,-0.781,-0.824,0.838,-0.488,-0.265,0.043,0.689,0.277,-0.647,-0.891,-0.833,-0.108,0.473,-0.538,-0.213,-0.159,0.333,0.782
ARWR,0.721,-0.165,-0.261,0.099,0.67,-0.071,0.02,0.065,0.152,0.365,0.794,0.437,0.423,0.499,0.42,-0.004,0.237,0.374,0.39,0.022,0.034,0.0,0.538,-0.326,0.042,0.477,-0.147,0.516,0.052,0.576,0.152,-0.179,0.284,0.013,-0.12,-0.035,0.411,0.363,0.51,0.335,0.75,0.332,0.4,0.635,-0.375,0.629,0.563,0.525,0.446,0.152,-0.168,0.584,0.036,0.284,0.325,-0.329,0.422,-0.094,0.247,0.251,-0.073,0.183,0.246,-0.393,0.582,0.076,0.332,0.332,-0.008,-0.365,0.205,0.496,0.449,0.563,0.057,-0.153,-0.038,-0.56,0.646,0.348,0.354,0.685,0.446,0.519,0.512,-0.428,0.278,0.305,0.316,0.51,-0.003,-0.115,0.217,0.823,0.746,0.815,0.584,0.516,0.35,-0.569,0.656,0.533,-0.579,0.565,0.496,0.106,0.475,0.466,-0.255,-0.287,0.675,-0.214,0.67,0.096,0.121,0.07,0.086,0.102,-0.211,0.263,-0.618,-0.093,-0.202,-0.139,0.422,0.109,0.532,0.491,-0.431,0.655,-0.405,0.208,-0.028,0.455,0.521,0.118,0.063,-0.15,0.31,-0.115,0.509,0.549,-0.429,0.109,0.532,0.185,-0.075,0.251,0.39,0.436,0.752,0.536,0.312,-0.193,0.491,0.654,0.002,-0.109,-0.051,0.687,0.423,0.601,0.782,0.53,0.642,0.496,-0.194,-0.334,0.101,0.592,0.235,0.603,0.476,0.477,0.676,0.358,-0.134,0.522,-0.071,0.652,0.094,0.219,-0.152,-0.036,-0.267,0.04,0.383,0.534,0.312,0.207,-0.295,-0.05,0.052,0.77,0.581,0.043,0.517,-0.584,0.416,0.522
ASND,0.6,-0.653,0.162,0.028,0.795,-0.0,-0.288,0.487,0.023,0.787,0.754,-0.302,0.631,0.776,0.388,-0.067,0.719,0.1,0.819,0.077,0.474,0.538,0.0,-0.415,-0.451,0.763,-0.621,0.824,0.517,0.538,0.582,-0.398,-0.008,0.228,0.586,-0.21,0.348,0.151,0.9,0.376,0.459,0.122,-0.029,0.782,-0.329,0.649,0.884,0.229,0.575,0.641,0.202,0.658,-0.19,0.644,0.235,-0.002,0.679,-0.218,0.381,-0.331,-0.013,-0.221,0.766,-0.693,0.614,0.483,0.226,0.736,0.489,-0.58,0.215,0.727,0.441,0.816,-0.143,0.442,0.494,-0.572,0.855,0.8,0.764,0.849,0.848,0.718,0.892,-0.678,-0.158,0.167,0.69,0.78,0.323,-0.391,-0.128,0.687,0.695,0.795,0.821,0.722,0.805,-0.286,0.62,0.648,-0.36,0.862,0.699,0.703,0.794,0.304,-0.458,-0.461,0.344,0.228,0.608,0.591,0.684,-0.054,-0.299,0.752,-0.025,0.302,-0.823,-0.263,-0.754,-0.369,0.186,0.618,0.252,0.844,-0.519,0.682,-0.645,0.769,0.342,0.522,0.792,0.535,-0.224,0.293,0.511,0.042,0.483,0.858,-0.742,0.566,0.457,0.586,-0.242,0.065,0.71,0.701,0.749,0.215,0.553,-0.566,0.827,0.501,0.515,-0.276,0.593,0.877,0.785,0.387,0.632,0.662,0.479,0.82,-0.411,0.105,-0.244,0.823,0.755,0.54,0.777,0.572,0.787,0.789,-0.39,0.825,-0.405,0.774,-0.104,0.034,-0.735,-0.458,0.211,0.141,0.448,0.618,0.75,0.757,-0.722,-0.349,-0.314,0.499,0.842,0.238,0.489,-0.758,0.768,0.736
ASTH,-0.055,0.813,0.645,-0.226,-0.7,0.75,0.539,0.216,-0.604,-0.781,-0.305,0.287,-0.036,-0.059,0.431,0.672,-0.565,0.466,-0.587,0.775,-0.816,-0.326,-0.415,0.0,0.773,-0.637,0.798,-0.358,0.129,0.027,-0.774,0.611,0.441,0.614,0.065,0.901,0.416,0.398,-0.297,0.462,0.086,0.391,0.228,-0.621,0.768,-0.473,-0.689,0.417,0.265,-0.232,-0.636,-0.659,0.605,0.086,0.64,-0.322,-0.231,0.623,0.504,0.669,0.759,0.806,-0.174,0.772,0.084,0.406,0.617,-0.834,-0.797,0.91,0.618,-0.696,0.022,-0.61,-0.499,-0.071,0.205,0.807,-0.481,-0.627,-0.651,-0.607,-0.386,-0.798,-0.45,0.899,0.567,0.425,-0.869,-0.078,0.222,0.821,0.29,-0.359,-0.145,-0.283,-0.152,-0.125,-0.726,0.485,0.064,-0.581,0.664,-0.723,-0.073,-0.604,-0.658,0.518,0.875,-0.224,-0.34,0.002,0.1,-0.125,-0.682,0.619,0.84,-0.597,-0.709,0.474,0.552,0.69,0.596,0.492,0.247,-0.567,0.377,-0.703,0.324,-0.421,0.848,-0.156,-0.008,-0.563,-0.72,-0.422,0.695,0.494,0.293,0.747,0.155,-0.484,0.494,-0.472,0.4,-0.814,0.735,0.739,-0.027,-0.189,-0.432,0.309,-0.146,0.879,-0.6,0.11,-0.822,0.812,-0.556,-0.539,-0.757,0.191,-0.549,-0.62,0.241,-0.721,0.87,-0.075,0.641,-0.309,-0.514,-0.142,-0.711,0.059,-0.579,-0.521,0.915,-0.383,0.89,-0.388,0.462,0.764,0.605,0.756,-0.653,0.699,0.146,-0.251,-0.692,-0.119,0.655,0.859,0.633,-0.214,-0.477,0.64,0.008,0.126,-0.301,-0.837
ATSG,0.122,0.862,0.23,0.114,-0.499,0.486,0.651,-0.086,-0.303,-0.794,-0.127,0.703,-0.069,-0.122,0.44,0.598,-0.717,0.628,-0.65,0.663,-0.85,0.042,-0.451,0.773,0.0,-0.545,0.896,-0.468,-0.117,0.149,-0.718,0.729,0.606,0.398,-0.32,0.74,0.351,0.622,-0.315,0.328,0.397,0.47,0.478,-0.467,0.661,-0.254,-0.646,0.59,0.188,-0.463,-0.662,-0.511,0.677,-0.123,0.622,-0.457,-0.385,0.687,0.319,0.883,0.579,0.871,-0.413,0.76,0.082,0.062,0.534,-0.775,-0.902,0.843,0.429,-0.669,0.219,-0.541,-0.139,-0.255,-0.02,0.65,-0.442,-0.69,-0.637,-0.453,-0.505,-0.696,-0.453,0.767,0.777,0.582,-0.799,-0.061,-0.019,0.854,0.632,-0.119,0.047,-0.093,-0.199,-0.124,-0.73,0.397,0.185,-0.336,0.505,-0.617,-0.115,-0.761,-0.537,0.508,0.868,0.027,0.17,-0.129,0.272,-0.356,-0.861,0.712,0.917,-0.783,-0.71,0.514,0.479,0.695,0.77,0.464,0.428,-0.812,0.596,-0.653,0.373,-0.323,0.739,-0.404,-0.054,-0.402,-0.695,-0.485,0.778,0.152,0.148,0.567,0.227,-0.507,0.511,-0.448,0.425,-0.779,0.732,0.704,-0.068,-0.292,-0.202,0.407,-0.203,0.818,-0.602,0.367,-0.894,0.75,-0.833,-0.411,-0.716,0.412,-0.325,-0.409,0.389,-0.684,0.784,-0.244,0.808,-0.293,-0.646,0.074,-0.678,-0.007,-0.479,-0.608,0.849,-0.419,0.894,-0.282,0.582,0.778,0.806,0.848,-0.81,0.537,0.157,-0.167,-0.738,-0.378,0.775,0.813,0.742,0.083,-0.517,0.409,0.115,0.164,-0.442,-0.709
AVTX,0.613,-0.747,-0.069,0.092,0.86,-0.143,-0.465,0.435,0.251,0.884,0.701,-0.376,0.565,0.648,0.275,-0.36,0.817,-0.083,0.843,-0.256,0.575,0.477,0.763,-0.637,-0.545,0.0,-0.744,0.721,0.451,0.55,0.705,-0.36,0.017,0.011,0.515,-0.447,0.301,0.071,0.737,0.288,0.323,0.185,0.09,0.887,-0.49,0.825,0.898,0.167,0.39,0.661,0.241,0.889,-0.371,0.539,-0.014,0.053,0.639,-0.375,0.149,-0.431,-0.299,-0.414,0.652,-0.871,0.56,0.156,0.03,0.812,0.68,-0.785,-0.03,0.9,0.487,0.923,0.218,0.235,0.41,-0.657,0.856,0.886,0.89,0.892,0.811,0.869,0.904,-0.783,-0.427,-0.091,0.829,0.667,0.367,-0.605,-0.255,0.731,0.672,0.701,0.707,0.731,0.913,-0.282,0.573,0.719,-0.459,0.92,0.68,0.733,0.797,0.118,-0.692,-0.26,0.329,0.312,0.455,0.477,0.78,-0.312,-0.483,0.809,0.117,0.173,-0.656,-0.497,-0.777,-0.303,0.251,0.687,0.174,0.903,-0.522,0.697,-0.801,0.645,0.465,0.614,0.883,0.599,-0.565,0.082,0.413,-0.117,0.551,0.889,-0.793,0.667,0.239,0.764,-0.269,-0.135,0.634,0.748,0.651,0.181,0.633,-0.677,0.906,0.299,0.64,-0.413,0.604,0.871,0.92,0.389,0.79,0.84,0.341,0.864,-0.677,0.159,-0.272,0.779,0.863,0.69,0.919,0.56,0.846,0.875,-0.587,0.8,-0.678,0.777,-0.084,-0.222,-0.676,-0.511,0.361,-0.089,0.391,0.715,0.848,0.72,-0.831,-0.445,-0.281,0.485,0.838,0.053,0.476,-0.599,0.773,0.832
BCPC,-0.115,0.912,0.176,0.135,-0.666,0.377,0.624,-0.167,-0.24,-0.918,-0.38,0.669,-0.246,-0.315,0.216,0.6,-0.828,0.479,-0.824,0.582,-0.883,-0.147,-0.621,0.798,0.896,-0.744,0.0,-0.592,-0.295,-0.068,-0.863,0.687,0.502,0.294,-0.437,0.692,0.175,0.442,-0.556,0.185,0.14,0.345,0.389,-0.68,0.717,-0.477,-0.825,0.392,-0.016,-0.582,-0.546,-0.691,0.587,-0.271,0.466,-0.288,-0.54,0.668,0.171,0.82,0.538,0.802,-0.579,0.874,-0.151,0.008,0.387,-0.895,-0.911,0.908,0.351,-0.825,0.036,-0.722,-0.116,-0.319,-0.185,0.78,-0.647,-0.826,-0.833,-0.657,-0.678,-0.846,-0.683,0.883,0.759,0.472,-0.9,-0.268,-0.043,0.895,0.565,-0.387,-0.187,-0.356,-0.421,-0.317,-0.888,0.346,-0.057,-0.499,0.557,-0.814,-0.299,-0.897,-0.697,0.373,0.902,0.149,0.023,-0.154,-0.045,-0.414,-0.906,0.621,0.88,-0.88,-0.552,0.291,0.652,0.738,0.889,0.524,0.276,-0.813,0.417,-0.845,0.538,-0.541,0.847,-0.509,-0.159,-0.519,-0.854,-0.51,0.784,0.024,-0.038,0.495,-0.031,-0.707,0.717,-0.523,0.237,-0.889,0.677,0.576,-0.283,-0.468,-0.367,0.24,-0.263,0.893,-0.809,0.166,-0.908,0.671,-0.796,-0.657,-0.887,0.204,-0.505,-0.579,0.131,-0.849,0.82,-0.238,0.731,-0.516,-0.826,-0.197,-0.825,-0.184,-0.684,-0.786,0.845,-0.666,0.913,-0.551,0.533,0.68,0.875,0.872,-0.722,0.409,0.013,-0.39,-0.888,-0.531,0.874,0.784,0.709,-0.113,-0.72,0.282,-0.034,0.387,-0.625,-0.83
BEAM,0.642,-0.584,0.192,-0.291,0.743,0.113,-0.273,0.646,-0.061,0.766,0.751,-0.361,0.686,0.844,0.376,0.005,0.762,0.089,0.858,-0.03,0.419,0.516,0.824,-0.358,-0.468,0.721,-0.592,0.0,0.458,0.541,0.452,-0.446,0.052,0.291,0.608,-0.151,0.488,-0.014,0.756,0.453,0.337,0.16,-0.0,0.757,-0.419,0.645,0.814,0.219,0.566,0.783,0.005,0.72,-0.326,0.678,0.17,0.049,0.878,-0.281,0.491,-0.256,-0.102,-0.189,0.857,-0.704,0.637,0.485,0.264,0.603,0.51,-0.609,0.287,0.795,0.315,0.83,-0.177,0.21,0.384,-0.585,0.886,0.778,0.731,0.832,0.886,0.746,0.8,-0.569,-0.296,0.001,0.638,0.62,0.502,-0.424,-0.313,0.716,0.684,0.72,0.871,0.704,0.739,-0.413,0.583,0.512,-0.482,0.795,0.763,0.607,0.642,0.396,-0.528,-0.647,0.105,0.126,0.478,0.668,0.726,-0.252,-0.316,0.698,-0.061,0.204,-0.632,-0.258,-0.763,-0.286,0.196,0.744,0.24,0.764,-0.548,0.69,-0.654,0.835,0.192,0.603,0.817,0.462,-0.359,0.331,0.568,0.087,0.506,0.858,-0.718,0.344,0.498,0.555,-0.205,0.063,0.695,0.815,0.593,0.299,0.591,-0.393,0.832,0.363,0.475,-0.204,0.601,0.798,0.734,0.374,0.692,0.525,0.437,0.793,-0.354,0.189,-0.371,0.849,0.747,0.545,0.779,0.747,0.802,0.812,-0.362,0.838,-0.416,0.737,-0.134,0.007,-0.709,-0.398,0.193,0.178,0.435,0.61,0.777,0.768,-0.731,-0.283,-0.267,0.477,0.838,0.285,0.463,-0.744,0.893,0.663
BILI,0.477,-0.116,0.721,-0.199,0.208,0.606,-0.415,0.51,-0.413,0.356,0.402,-0.466,0.274,0.512,0.526,-0.175,0.578,-0.023,0.527,0.366,0.011,0.052,0.517,0.129,-0.117,0.451,-0.295,0.458,0.0,0.517,0.13,0.134,0.28,0.555,0.822,0.282,0.467,0.335,0.545,0.647,0.158,0.533,0.249,0.343,0.16,0.426,0.429,0.419,0.682,0.735,-0.097,0.378,0.27,0.797,0.353,-0.34,0.511,-0.262,0.441,-0.164,0.353,0.106,0.522,-0.408,0.715,0.416,0.566,0.22,0.123,-0.161,0.608,0.432,0.462,0.397,-0.334,0.287,0.772,-0.055,0.497,0.512,0.436,0.355,0.57,0.298,0.63,-0.164,-0.181,-0.093,0.116,0.586,0.414,-0.105,-0.256,0.451,0.494,0.385,0.544,0.712,0.415,0.273,0.543,0.064,0.138,0.372,0.446,0.474,0.207,0.473,-0.104,-0.543,-0.195,0.27,0.546,0.164,0.376,-0.022,0.051,0.583,-0.389,0.626,-0.388,-0.296,-0.477,0.158,0.461,0.423,0.299,0.412,-0.563,0.582,-0.151,0.471,0.643,0.098,0.392,0.344,-0.216,0.681,0.722,0.396,0.64,0.573,-0.423,0.49,0.474,0.071,0.218,0.415,0.537,0.675,0.189,0.488,0.251,-0.022,0.506,0.131,0.101,0.248,0.313,0.504,0.332,0.388,0.283,0.358,0.452,0.361,-0.176,-0.09,0.202,0.6,0.676,0.518,0.381,0.424,0.461,0.562,-0.015,0.597,-0.13,0.521,0.17,0.301,-0.312,-0.134,0.04,0.326,0.699,0.676,0.441,0.821,-0.55,0.217,0.168,0.151,0.607,0.727,0.51,-0.599,0.695,0.125
BJRI,0.944,-0.085,0.243,-0.052,0.551,0.466,-0.136,0.581,-0.055,0.337,0.812,0.134,0.55,0.692,0.836,0.109,0.428,0.466,0.504,0.257,-0.228,0.576,0.538,0.027,0.149,0.55,-0.068,0.541,0.517,0.0,-0.013,0.181,0.588,0.449,0.379,0.259,0.789,0.518,0.52,0.747,0.637,0.712,0.547,0.683,0.012,0.721,0.479,0.8,0.872,0.517,-0.397,0.634,0.13,0.658,0.552,-0.54,0.639,0.027,0.587,0.333,0.119,0.347,0.506,-0.419,0.886,0.368,0.702,0.286,0.02,-0.203,0.499,0.539,0.744,0.628,-0.149,-0.134,0.343,-0.175,0.645,0.468,0.374,0.667,0.579,0.462,0.659,-0.144,0.07,0.188,0.184,0.739,0.474,0.007,0.034,0.713,0.87,0.704,0.749,0.819,0.415,-0.08,0.947,0.404,-0.064,0.488,0.769,0.176,0.26,0.712,-0.072,-0.549,0.437,0.304,0.744,0.275,0.212,0.081,0.263,0.313,-0.651,0.649,-0.398,-0.09,-0.373,0.187,0.743,0.222,0.759,0.509,-0.368,0.699,-0.355,0.518,0.43,0.409,0.507,0.209,-0.046,0.319,0.797,0.517,0.852,0.598,-0.574,0.326,0.801,0.052,0.332,0.525,0.857,0.792,0.547,0.779,0.436,0.055,0.586,0.587,-0.147,0.202,-0.011,0.696,0.315,0.867,0.646,0.519,0.827,0.472,-0.081,-0.097,0.32,0.737,0.47,0.886,0.493,0.733,0.692,0.57,0.122,0.644,0.007,0.738,0.348,0.517,-0.164,0.146,-0.399,0.378,0.738,0.817,0.435,0.64,-0.414,0.302,0.444,0.697,0.567,0.618,0.852,-0.645,0.651,0.263
BLUE,0.044,-0.873,-0.287,0.121,0.64,-0.485,-0.446,0.09,0.367,0.83,0.326,-0.535,0.271,0.254,-0.258,-0.457,0.63,-0.382,0.669,-0.458,0.919,0.152,0.582,-0.774,-0.718,0.705,-0.863,0.452,0.13,-0.013,0.0,-0.557,-0.429,-0.374,0.33,-0.69,-0.243,-0.252,0.609,-0.269,-0.018,-0.389,-0.421,0.627,-0.598,0.436,0.757,-0.396,-0.075,0.383,0.585,0.549,-0.509,0.071,-0.377,0.414,0.341,-0.357,-0.218,-0.773,-0.427,-0.754,0.486,-0.705,0.009,-0.036,-0.469,0.825,0.792,-0.759,-0.474,0.669,0.066,0.635,0.176,0.539,0.237,-0.72,0.501,0.717,0.847,0.597,0.545,0.714,0.622,-0.872,-0.529,-0.185,0.868,0.305,0.025,-0.767,-0.284,0.322,0.161,0.383,0.348,0.216,0.814,-0.202,0.003,0.563,-0.524,0.784,0.263,0.796,0.845,-0.429,-0.722,0.085,0.178,0.224,0.091,0.453,0.747,-0.376,-0.758,0.749,0.578,-0.218,-0.559,-0.513,-0.734,-0.632,-0.298,0.589,-0.38,0.761,-0.341,0.33,-0.739,0.42,0.225,0.431,0.698,0.567,-0.548,-0.075,-0.119,-0.474,-0.004,0.594,-0.669,0.616,-0.276,0.937,-0.575,-0.559,0.249,0.298,0.33,-0.352,0.325,-0.917,0.682,0.029,0.902,-0.634,0.677,0.583,0.854,-0.149,0.435,0.598,-0.138,0.724,-0.728,0.258,-0.579,0.396,0.654,0.151,0.718,0.068,0.532,0.643,-0.794,0.553,-0.786,0.453,-0.353,-0.644,-0.764,-0.728,0.707,-0.328,-0.102,0.19,0.741,0.387,-0.676,-0.798,-0.684,0.057,0.584,-0.412,-0.005,-0.257,0.424,0.828
