,AAL,AAON,ACB,ACGL,ACGLO,ACIW,ADBE,ADSK,AEP,AGIO,ALEC,ALNY,ALTR,AMBA,AMCX,AMKR,AMRX,ANSS,APPN,APTO,ARCT,ARWR,ASND,ASTH,ATSG,AVTX,BCPC,BEAM,BILI,BJRI,BLUE,BPOP,BRKL,BWIN,BZUN,CARG,CBRL,CBSH,CBUS,CENTA,CERS,CFFN,CHCO,CHEF,CHRD,CINF,CLLS,CMCO,CMCSA,COLL,COMM,COOP,CPB,CRON,CROX,CRUS,CRWD,CTAS,CYBR,CYTK,DGII,DIOD,DOMO,DPZ,DSGR,DXCM,ERIE,ESTA,EXEL,FAST,FCEL,FCFS,FHB,FITBI,FSV,FTDR,FUTU,GLDD,GLPG,GLPI,GOGO,GOSS,GSAT,GYRE,HALO,HAS,HLIT,HLNE,HSDT,HSIC,HTHT,ICHR,IDYA,IMVT,INDB,INSM,IONS,IOSP,ITRI,JBHT,JBLU,JSM,KLIC,KOD,KURA,LAB,LASR,LIN,LKQ,LNT,MBUU,MCRI,MDGL,MEDP,MGNI,MGPI,MGRC,MKTX,MRNA,MRTN,MSEX,MSFT,MU,NAVI,NBTB,NEO,NEOG,NGNE,NSSC,NTAP,NTES,NTLA,NTRS,NYMTN,OBLG,OCFC,ON,ONC,OPI,OSIS,OSW,PALI,PANW,PCAR,PCRX,PCTY,PEBO,PLAB,PLAY,PLMR,PLSE,PLUS,PRTA,PSEC,PSNL,PTCT,PTON,QNST,QRVO,QTTB,RARE,RBCAA,RGNX,SAIC,SGMO,SINT,SNPS,SPSC,SPTN,SSYS,STNE,TBBK,TCPC,TENB,TGTX,TREE,TRUP,TTWO,TW,TXG,UBSI,UCTT,UFPT,UMBF,UPBD,URBN,VBTX,VCTR,VEON,VNET,VRSK,VSEC,WABC,WTFCM,WVE,WW,WWD,XEL,ZD,ZYME
AAL,0.0,0.557,-0.376,0.674,-0.605,0.697,0.765,0.608,-0.367,-0.438,0.096,-0.335,-0.02,-0.589,0.845,0.511,0.153,-0.331,-0.069,-0.625,0.379,0.394,0.497,-0.604,0.764,0.824,0.84,-0.237,-0.675,0.874,0.266,0.463,0.728,0.575,-0.593,-0.274,0.578,0.593,-0.488,0.653,0.018,-0.145,0.867,0.569,0.582,0.843,0.218,-0.08,0.309,0.707,0.751,0.557,0.841,0.132,0.671,-0.477,-0.42,0.206,-0.051,-0.365,0.263,0.483,-0.231,0.416,-0.303,0.479,0.63,-0.104,0.414,-0.22,-0.542,0.833,0.843,-0.684,0.281,-0.027,-0.41,-0.39,0.645,0.513,0.357,0.419,0.629,0.764,0.846,-0.614,0.719,-0.302,-0.375,0.338,-0.508,-0.558,0.626,0.555,0.895,-0.44,0.46,0.871,0.197,0.691,0.493,-0.505,-0.288,-0.629,0.799,-0.506,0.533,0.772,0.738,-0.495,-0.178,0.75,0.169,0.226,0.424,-0.249,0.446,0.589,0.556,-0.503,0.473,0.119,0.571,0.521,0.864,-0.653,-0.704,-0.382,-0.458,0.023,-0.68,-0.245,-0.422,-0.303,0.713,0.924,-0.252,0.872,0.311,-0.288,-0.127,-0.053,-0.253,0.671,-0.324,-0.445,0.826,0.092,0.933,0.114,0.464,0.753,0.308,0.75,-0.579,-0.289,-0.222,0.781,0.114,-0.592,-0.377,0.808,-0.149,0.835,-0.505,-0.747,-0.372,-0.075,0.765,-0.413,0.28,0.875,0.403,-0.298,-0.306,-0.597,-0.427,0.744,-0.424,-0.45,0.848,-0.203,0.479,0.745,-0.422,0.748,0.716,0.735,0.057,-0.151,-0.185,0.871,0.425,-0.577,0.772,0.254,0.735,-0.45,0.676,0.269
AAON,0.557,0.0,0.222,0.522,0.111,0.494,0.517,0.63,0.05,0.26,0.5,0.133,0.326,0.056,0.508,0.57,0.426,0.275,0.415,-0.156,0.533,0.715,0.15,0.06,0.348,0.219,0.693,0.391,-0.009,0.426,0.151,0.736,0.401,0.105,0.071,0.383,0.367,0.422,0.039,0.536,0.582,0.319,0.419,0.406,0.333,0.407,0.022,0.533,0.465,0.374,0.339,0.384,0.305,0.436,0.489,0.072,0.19,0.598,0.467,0.266,0.445,0.541,0.352,0.485,0.139,0.045,0.368,0.161,0.695,0.474,0.182,0.411,0.679,-0.004,0.51,0.576,0.264,0.119,0.694,0.39,0.445,0.193,0.382,0.16,0.393,-0.128,0.374,0.307,-0.024,0.642,0.208,0.11,0.347,0.168,0.422,0.207,0.28,0.584,0.758,0.732,0.655,0.034,0.214,0.002,0.214,0.063,0.807,0.703,0.491,0.026,0.02,0.375,0.142,0.492,0.608,0.284,0.78,0.377,0.334,-0.072,0.571,0.627,0.434,0.361,0.35,0.032,-0.107,0.17,0.125,0.262,-0.018,0.356,0.186,0.1,0.593,0.471,0.321,0.484,0.336,0.363,0.049,0.269,0.336,0.47,0.0,0.194,0.581,0.395,0.477,0.113,0.537,0.658,0.338,0.515,0.109,0.01,-0.183,0.537,0.555,-0.04,0.238,0.537,0.201,0.552,0.089,-0.216,0.277,0.409,0.249,0.3,0.276,0.547,0.435,0.333,0.343,0.112,0.232,0.313,0.144,0.189,0.537,0.301,0.451,0.6,-0.176,0.329,0.617,0.385,0.112,0.35,0.501,0.424,0.427,-0.069,0.11,0.555,0.585,0.052,0.587,0.407
ACB,-0.376,0.222,0.0,-0.217,0.81,-0.282,-0.205,0.103,0.509,0.758,0.425,0.856,0.599,0.836,-0.423,0.076,0.454,0.905,0.785,0.545,0.006,0.44,-0.338,0.873,-0.539,-0.656,-0.299,0.718,0.844,-0.471,-0.192,0.37,-0.371,-0.676,0.841,0.641,-0.042,-0.31,0.832,-0.36,0.703,0.474,-0.555,-0.27,-0.271,-0.603,0.029,0.732,0.367,-0.499,-0.42,-0.368,-0.704,0.76,-0.301,0.768,0.831,0.378,0.816,0.781,0.127,0.08,0.879,0.307,0.723,-0.591,-0.487,0.108,0.332,0.638,0.788,-0.484,-0.163,0.798,0.295,0.659,0.796,0.71,0.135,-0.319,0.209,0.238,-0.342,-0.568,-0.574,0.492,-0.409,0.768,0.634,0.238,0.873,0.854,-0.432,-0.518,-0.548,0.704,-0.277,-0.377,0.535,-0.09,0.442,0.765,0.655,0.822,-0.568,0.767,0.456,-0.106,-0.479,0.645,0.313,-0.33,-0.004,0.221,0.389,0.648,0.283,-0.327,-0.467,0.287,0.011,0.757,-0.247,-0.265,-0.661,0.873,0.785,0.796,0.79,0.367,0.77,0.797,0.608,0.558,-0.309,-0.457,0.848,-0.322,0.142,0.779,0.45,0.615,0.818,-0.373,0.212,0.871,-0.346,0.4,-0.418,-0.204,0.041,-0.064,0.016,-0.138,0.805,0.197,-0.072,-0.323,0.641,0.697,0.764,-0.258,0.52,-0.386,0.749,0.716,0.92,0.61,-0.74,0.931,-0.074,-0.463,0.254,0.904,0.85,0.751,0.785,-0.397,0.836,0.891,-0.378,0.651,-0.271,-0.253,0.411,-0.628,-0.108,-0.482,0.284,0.735,0.735,-0.609,-0.036,0.642,-0.802,0.413,-0.345,0.643,-0.063,0.302
ACGL,0.674,0.522,-0.217,0.0,-0.198,0.933,0.763,0.823,-0.722,-0.368,0.464,-0.389,0.21,-0.284,0.74,0.744,0.251,-0.335,0.135,-0.272,0.797,0.636,0.776,-0.533,0.854,0.721,0.761,0.042,-0.492,0.743,0.762,0.413,0.207,0.373,-0.471,-0.269,-0.055,0.687,-0.348,0.273,0.383,-0.355,0.724,0.529,0.934,0.797,0.127,-0.068,-0.096,0.742,0.718,0.822,0.469,0.197,0.876,-0.578,-0.005,0.608,0.108,-0.284,0.739,0.852,-0.046,0.171,-0.125,0.703,0.901,0.401,0.085,-0.148,-0.496,0.637,0.651,-0.429,0.709,0.181,-0.307,-0.611,0.527,0.586,0.68,0.085,0.858,0.694,0.812,-0.634,0.89,-0.282,-0.628,0.61,-0.276,-0.249,0.852,0.829,0.618,-0.019,0.837,0.487,0.22,0.589,0.291,-0.634,0.058,-0.488,0.764,-0.29,0.488,0.882,0.881,-0.724,-0.562,0.739,0.5,0.776,0.627,0.216,0.605,0.779,0.429,-0.093,-0.007,0.165,0.832,0.931,0.659,-0.428,-0.657,-0.448,-0.524,0.444,-0.389,0.105,-0.106,-0.382,0.637,0.546,0.018,0.524,-0.218,-0.254,-0.613,-0.25,0.095,0.905,0.313,-0.048,0.664,0.595,0.606,0.562,0.784,0.88,0.785,0.377,-0.156,0.039,-0.103,0.701,0.229,-0.545,-0.353,0.373,-0.076,0.783,-0.383,-0.72,-0.122,0.461,0.653,-0.23,0.749,0.75,-0.012,-0.195,-0.153,-0.521,-0.5,0.78,-0.521,-0.242,0.78,0.268,0.824,0.68,-0.72,0.592,0.395,0.697,-0.139,-0.354,0.023,0.774,-0.17,-0.24,0.494,-0.159,0.786,-0.705,0.682,0.47
ACGLO,-0.605,0.111,0.81,-0.198,0.0,-0.291,-0.351,-0.047,0.403,0.729,0.457,0.66,0.483,0.862,-0.542,0.012,0.275,0.761,0.622,0.715,0.063,0.338,-0.35,0.829,-0.575,-0.756,-0.395,0.688,0.864,-0.631,-0.08,0.223,-0.618,-0.716,0.846,0.633,-0.387,-0.327,0.764,-0.5,0.653,0.393,-0.668,-0.304,-0.241,-0.647,-0.174,0.663,0.099,-0.522,-0.531,-0.296,-0.814,0.392,-0.305,0.664,0.851,0.399,0.646,0.696,0.192,0.055,0.764,0.069,0.7,-0.542,-0.384,0.278,0.094,0.635,0.799,-0.645,-0.367,0.877,0.252,0.625,0.77,0.581,-0.069,-0.312,0.179,-0.145,-0.334,-0.668,-0.66,0.542,-0.45,0.683,0.489,0.24,0.85,0.894,-0.423,-0.46,-0.725,0.779,-0.191,-0.567,0.441,-0.213,0.173,0.675,0.665,0.816,-0.686,0.763,0.198,-0.189,-0.465,0.572,0.13,-0.484,-0.033,0.302,0.209,0.74,0.221,-0.319,-0.52,0.45,-0.178,0.563,-0.263,-0.186,-0.776,0.886,0.793,0.708,0.697,0.392,0.848,0.749,0.699,0.481,-0.379,-0.703,0.761,-0.579,-0.092,0.714,0.197,0.372,0.793,-0.331,0.456,0.862,-0.497,0.427,-0.644,-0.005,0.028,-0.195,0.105,-0.41,0.905,0.281,0.016,-0.462,0.495,0.77,0.739,-0.516,0.465,-0.481,0.718,0.754,0.867,0.619,-0.777,0.872,0.03,-0.59,-0.016,0.785,0.764,0.77,0.708,-0.502,0.698,0.83,-0.515,0.684,-0.129,-0.36,0.269,-0.706,-0.3,-0.527,0.128,0.524,0.725,-0.691,-0.314,0.744,-0.881,0.181,-0.372,0.548,-0.235,0.242
ACIW,0.697,0.494,-0.282,0.933,-0.291,0.0,0.844,0.868,-0.713,-0.412,0.279,-0.466,0.325,-0.283,0.819,0.788,0.316,-0.347,0.19,-0.309,0.823,0.528,0.864,-0.571,0.921,0.773,0.795,0.054,-0.49,0.836,0.795,0.429,0.341,0.452,-0.46,-0.233,0.029,0.816,-0.386,0.405,0.354,-0.294,0.728,0.675,0.906,0.851,0.29,-0.147,-0.038,0.824,0.845,0.897,0.521,0.182,0.94,-0.553,-0.015,0.629,0.068,-0.323,0.708,0.878,-0.115,0.239,-0.124,0.801,0.923,0.432,0.075,-0.125,-0.531,0.772,0.738,-0.494,0.718,0.197,-0.272,-0.589,0.586,0.743,0.711,0.157,0.93,0.726,0.859,-0.54,0.855,-0.222,-0.592,0.657,-0.273,-0.26,0.803,0.885,0.721,-0.03,0.847,0.52,0.261,0.623,0.332,-0.679,0.113,-0.501,0.79,-0.266,0.496,0.887,0.939,-0.74,-0.599,0.756,0.634,0.741,0.673,0.191,0.576,0.895,0.537,-0.083,0.038,0.166,0.882,0.919,0.747,-0.441,-0.697,-0.469,-0.604,0.552,-0.349,0.099,-0.061,-0.327,0.65,0.629,0.019,0.585,-0.211,-0.248,-0.618,-0.193,0.099,0.945,0.335,-0.08,0.728,0.602,0.674,0.589,0.773,0.918,0.65,0.507,-0.176,0.069,0.077,0.761,0.269,-0.649,-0.439,0.449,-0.233,0.842,-0.391,-0.753,-0.153,0.396,0.733,-0.282,0.827,0.837,0.075,-0.239,-0.197,-0.534,-0.55,0.87,-0.511,-0.259,0.875,0.281,0.813,0.799,-0.635,0.755,0.493,0.836,-0.047,-0.331,0.043,0.804,-0.052,-0.255,0.556,-0.148,0.884,-0.718,0.782,0.388
ADBE,0.765,0.517,-0.205,0.763,-0.351,0.844,0.0,0.851,-0.447,-0.348,0.046,-0.365,0.397,-0.194,0.8,0.876,0.476,-0.159,0.284,-0.364,0.567,0.415,0.673,-0.437,0.839,0.702,0.77,-0.026,-0.401,0.832,0.552,0.51,0.523,0.357,-0.372,-0.115,0.346,0.762,-0.318,0.499,0.323,-0.063,0.744,0.724,0.725,0.769,0.299,-0.007,0.277,0.698,0.892,0.733,0.585,0.26,0.784,-0.282,-0.023,0.601,0.183,-0.183,0.609,0.807,-0.044,0.489,0.032,0.606,0.79,0.215,0.262,-0.012,-0.406,0.847,0.815,-0.536,0.572,0.121,-0.154,-0.333,0.651,0.71,0.698,0.394,0.797,0.665,0.737,-0.418,0.679,-0.036,-0.316,0.688,-0.233,-0.187,0.569,0.725,0.772,-0.194,0.575,0.664,0.375,0.584,0.553,-0.548,0.212,-0.416,0.679,-0.159,0.636,0.876,0.813,-0.518,-0.523,0.825,0.437,0.54,0.667,0.157,0.628,0.82,0.432,-0.288,0.264,0.358,0.815,0.712,0.734,-0.397,-0.597,-0.274,-0.481,0.532,-0.345,0.052,-0.131,-0.079,0.626,0.778,0.144,0.642,0.093,-0.069,-0.362,0.058,0.131,0.82,0.067,-0.113,0.705,0.589,0.797,0.303,0.65,0.872,0.345,0.74,-0.186,-0.148,0.081,0.662,0.466,-0.515,-0.32,0.665,-0.341,0.839,-0.454,-0.646,-0.069,0.228,0.672,-0.174,0.659,0.797,0.381,-0.089,-0.224,-0.463,-0.499,0.87,-0.311,-0.218,0.863,0.297,0.718,0.832,-0.453,0.747,0.599,0.84,0.074,-0.123,0.104,0.76,0.213,-0.25,0.525,0.091,0.873,-0.473,0.829,0.437
ADSK,0.608,0.63,0.103,0.823,-0.047,0.868,0.851,0.0,-0.5,-0.122,0.365,-0.14,0.607,0.046,0.645,0.873,0.573,0.03,0.529,-0.196,0.785,0.674,0.726,-0.245,0.744,0.552,0.688,0.305,-0.176,0.722,0.682,0.538,0.251,0.19,-0.16,-0.018,0.109,0.687,-0.069,0.291,0.583,-0.133,0.553,0.593,0.782,0.627,0.297,0.109,0.137,0.607,0.753,0.728,0.285,0.529,0.842,-0.217,0.294,0.799,0.447,-0.033,0.8,0.946,0.264,0.382,0.146,0.555,0.737,0.41,0.221,0.129,-0.247,0.644,0.694,-0.234,0.832,0.432,0.044,-0.303,0.635,0.658,0.791,0.374,0.796,0.532,0.652,-0.393,0.703,0.084,-0.333,0.759,0.061,0.052,0.618,0.7,0.55,0.169,0.671,0.42,0.507,0.643,0.545,-0.395,0.381,-0.207,0.585,0.054,0.722,0.848,0.779,-0.486,-0.455,0.715,0.652,0.808,0.876,0.37,0.666,0.783,0.367,-0.023,0.072,0.51,0.825,0.788,0.519,-0.14,-0.427,-0.148,-0.325,0.686,-0.083,0.405,0.091,-0.077,0.556,0.52,0.388,0.507,-0.138,0.063,-0.398,0.091,0.417,0.821,0.364,0.256,0.6,0.778,0.561,0.436,0.767,0.903,0.593,0.548,0.095,0.078,0.056,0.631,0.582,-0.406,-0.196,0.411,-0.111,0.724,-0.169,-0.524,0.197,0.626,0.479,0.09,0.782,0.675,0.225,0.139,0.105,-0.261,-0.283,0.785,-0.186,0.085,0.749,0.539,0.704,0.709,-0.431,0.568,0.452,0.681,0.068,-0.023,0.32,0.599,0.002,-0.029,0.271,0.026,0.777,-0.455,0.807,0.533
AEP,-0.367,0.05,0.509,-0.722,0.403,-0.713,-0.447,-0.5,0.0,0.627,-0.163,0.669,0.08,0.479,-0.458,-0.392,0.078,0.718,0.256,0.308,-0.598,-0.179,-0.801,0.774,-0.782,-0.732,-0.407,0.229,0.662,-0.6,-0.784,0.204,0.085,-0.447,0.692,0.65,0.393,-0.461,0.519,0.085,0.06,0.784,-0.576,-0.208,-0.85,-0.653,-0.125,0.609,0.642,-0.612,-0.565,-0.703,-0.359,0.156,-0.725,0.86,0.231,-0.203,0.287,0.626,-0.551,-0.57,0.39,0.312,0.494,-0.85,-0.789,-0.371,0.48,0.602,0.809,-0.402,-0.192,0.53,-0.435,0.231,0.627,0.911,-0.007,-0.412,-0.372,0.055,-0.718,-0.726,-0.726,0.711,-0.84,0.701,0.9,-0.114,0.504,0.498,-0.867,-0.871,-0.417,0.233,-0.775,-0.116,0.387,-0.204,0.308,0.85,0.22,0.694,-0.793,0.511,0.138,-0.461,-0.738,0.975,0.603,-0.59,-0.528,-0.535,-0.211,0.108,-0.04,-0.626,-0.368,0.002,0.477,0.402,-0.717,-0.838,-0.566,0.617,0.791,0.782,0.773,-0.226,0.513,0.186,0.357,0.682,-0.353,-0.273,0.33,-0.277,0.637,0.701,0.843,0.631,0.241,-0.735,-0.394,0.281,-0.364,-0.315,-0.312,-0.605,-0.555,-0.51,-0.695,0.013,0.354,-0.103,0.021,-0.462,0.261,0.679,0.704,-0.014,0.235,-0.486,0.557,0.809,0.463,-0.233,-0.667,0.572,-0.661,-0.503,0.529,0.58,0.459,0.77,0.776,-0.692,0.845,0.516,-0.51,0.024,-0.591,-0.303,0.758,-0.511,0.063,-0.546,0.402,0.768,0.475,-0.644,0.514,0.318,-0.559,0.707,-0.467,0.979,-0.273,-0.176
AGIO,-0.438,0.26,0.758,-0.368,0.729,-0.412,-0.348,-0.122,0.627,0.0,0.376,0.689,0.283,0.672,-0.378,-0.134,0.08,0.722,0.506,0.665,-0.026,0.319,-0.524,0.814,-0.643,-0.672,-0.359,0.759,0.756,-0.508,-0.299,0.31,-0.214,-0.493,0.803,0.783,0.005,-0.28,0.568,-0.215,0.514,0.649,-0.624,-0.312,-0.485,-0.556,0.019,0.74,0.396,-0.397,-0.603,-0.345,-0.546,0.373,-0.365,0.737,0.534,0.113,0.478,0.804,-0.152,-0.168,0.577,0.242,0.533,-0.658,-0.559,0.258,0.387,0.648,0.834,-0.516,-0.223,0.734,0.032,0.629,0.796,0.746,0.147,-0.232,-0.167,-0.112,-0.485,-0.579,-0.605,0.681,-0.579,0.723,0.583,0.089,0.769,0.714,-0.485,-0.627,-0.536,0.725,-0.262,-0.268,0.499,-0.047,0.304,0.693,0.424,0.836,-0.682,0.605,0.28,-0.208,-0.513,0.72,0.507,-0.528,-0.256,0.032,0.05,0.378,0.18,-0.384,-0.159,0.498,0.237,0.566,-0.294,-0.373,-0.616,0.823,0.824,0.701,0.834,0.124,0.705,0.639,0.722,0.455,-0.306,-0.488,0.567,-0.255,0.295,0.777,0.45,0.48,0.503,-0.457,0.082,0.642,-0.27,0.122,-0.439,-0.188,-0.038,-0.239,-0.169,-0.164,0.67,0.483,-0.005,-0.25,0.435,0.69,0.845,-0.246,0.507,-0.545,0.827,0.717,0.668,0.341,-0.681,0.78,-0.253,-0.425,0.272,0.691,0.891,0.848,0.853,-0.603,0.796,0.783,-0.451,0.388,-0.295,-0.253,0.565,-0.587,-0.006,-0.474,0.19,0.699,0.679,-0.58,0.184,0.397,-0.761,0.493,-0.416,0.703,-0.276,-0.096
ALEC,0.096,0.5,0.425,0.464,0.457,0.279,0.046,0.365,-0.163,0.376,0.0,0.377,0.101,0.176,0.103,0.22,0.123,0.231,0.325,0.172,0.515,0.844,0.06,0.179,0.036,-0.036,0.248,0.467,0.122,-0.006,0.227,0.375,-0.308,-0.12,0.136,0.219,-0.239,-0.059,0.192,-0.152,0.634,-0.062,0.106,-0.121,0.373,0.033,-0.228,0.489,-0.009,0.059,-0.155,0.14,-0.175,0.341,0.221,-0.067,0.374,0.399,0.442,0.284,0.457,0.354,0.507,-0.028,0.16,-0.092,0.138,0.292,0.322,0.221,0.214,-0.134,0.106,0.375,0.404,0.484,0.165,-0.04,0.247,-0.126,0.322,-0.11,0.155,0.0,0.112,-0.233,0.364,0.049,-0.151,0.247,0.268,0.222,0.391,0.012,-0.153,0.437,0.405,0.038,0.276,0.28,0.181,0.145,0.094,0.187,0.085,0.041,0.366,0.384,0.153,-0.049,0.044,0.13,0.083,0.612,0.404,0.368,0.507,0.058,-0.041,0.177,-0.005,0.374,0.213,0.383,-0.114,0.224,0.122,0.108,0.294,0.134,0.094,0.39,0.228,-0.091,0.2,-0.137,0.283,0.082,-0.047,0.188,-0.059,-0.064,0.368,0.189,0.252,0.406,0.089,0.361,-0.007,0.116,0.457,0.371,0.742,-0.21,0.301,0.271,-0.48,0.171,0.226,0.189,0.363,-0.127,0.693,0.112,0.294,0.029,0.381,0.638,-0.138,0.385,0.178,0.07,-0.126,0.361,0.54,0.172,0.313,-0.01,0.1,0.327,0.025,0.323,0.28,-0.007,-0.341,-0.259,0.024,-0.155,-0.221,0.187,0.324,0.069,-0.282,0.192,-0.228,0.187,0.073,-0.054,0.172,0.453
ALNY,-0.335,0.133,0.856,-0.389,0.66,-0.466,-0.365,-0.14,0.669,0.689,0.377,0.0,0.351,0.646,-0.486,-0.209,0.264,0.856,0.576,0.373,-0.256,0.308,-0.526,0.829,-0.671,-0.675,-0.365,0.518,0.728,-0.543,-0.486,0.29,-0.252,-0.573,0.732,0.524,0.124,-0.504,0.746,-0.286,0.456,0.458,-0.531,-0.397,-0.48,-0.652,-0.131,0.657,0.456,-0.621,-0.561,-0.625,-0.615,0.553,-0.498,0.751,0.608,0.091,0.683,0.659,-0.146,-0.202,0.802,0.231,0.621,-0.752,-0.679,-0.211,0.412,0.535,0.741,-0.515,-0.221,0.761,-0.03,0.471,0.622,0.754,0.0,-0.538,-0.028,0.284,-0.534,-0.647,-0.622,0.432,-0.506,0.631,0.711,-0.009,0.692,0.668,-0.554,-0.721,-0.53,0.485,-0.484,-0.309,0.376,-0.12,0.353,0.871,0.39,0.752,-0.585,0.609,0.317,-0.273,-0.626,0.754,0.566,-0.387,-0.23,-0.064,0.191,0.391,0.08,-0.555,-0.527,0.114,0.112,0.613,-0.48,-0.501,-0.659,0.728,0.787,0.773,0.835,0.035,0.587,0.52,0.398,0.537,-0.361,-0.401,0.618,-0.284,0.306,0.681,0.752,0.625,0.58,-0.58,-0.076,0.663,-0.375,0.07,-0.381,-0.47,-0.247,-0.238,-0.118,-0.181,0.543,0.043,-0.231,-0.381,0.457,0.707,0.733,-0.183,0.644,-0.439,0.714,0.747,0.766,0.348,-0.765,0.804,-0.41,-0.511,0.304,0.813,0.745,0.714,0.82,-0.534,0.825,0.772,-0.483,0.357,-0.491,-0.386,0.525,-0.671,-0.104,-0.645,0.224,0.767,0.547,-0.637,0.101,0.525,-0.707,0.523,-0.508,0.759,-0.15,0.209
ALTR,-0.02,0.326,0.599,0.21,0.483,0.325,0.397,0.607,0.08,0.283,0.101,0.351,0.0,0.718,0.025,0.613,0.759,0.609,0.894,0.265,0.425,0.357,0.319,0.436,0.11,-0.168,0.097,0.615,0.56,0.101,0.334,0.433,-0.086,-0.336,0.542,0.399,-0.015,0.303,0.533,-0.026,0.706,0.268,-0.178,0.396,0.206,-0.059,0.295,0.345,0.275,-0.009,0.328,0.26,-0.377,0.682,0.308,0.477,0.811,0.797,0.774,0.424,0.572,0.641,0.661,0.472,0.694,0.055,0.16,0.308,0.144,0.58,0.367,0.123,0.251,0.322,0.683,0.67,0.628,0.326,0.35,0.379,0.679,0.378,0.333,-0.161,-0.086,0.293,-0.011,0.679,0.304,0.727,0.657,0.706,-0.113,0.155,-0.043,0.555,0.107,-0.142,0.673,0.245,0.582,0.22,0.887,0.464,-0.12,0.736,0.629,0.316,0.159,0.155,-0.189,0.143,0.58,0.56,0.782,0.739,0.43,0.359,-0.16,0.208,-0.091,0.743,0.307,0.23,-0.159,0.535,0.274,0.479,0.183,0.874,0.63,0.786,0.511,0.478,0.014,-0.03,0.874,-0.095,-0.147,0.581,-0.007,0.554,0.86,0.265,0.542,0.762,0.015,0.797,-0.029,0.223,0.353,0.407,0.101,0.328,0.679,0.079,0.439,0.03,0.832,0.205,0.271,0.013,-0.118,0.182,0.369,0.22,0.731,0.694,-0.166,0.627,0.579,0.026,0.36,0.65,0.466,0.366,0.215,0.273,0.446,0.663,0.194,0.87,0.256,0.311,0.173,0.066,0.144,0.201,0.412,0.401,0.721,-0.151,-0.043,0.565,-0.388,0.147,0.309,0.173,0.473,0.401
AMBA,-0.589,0.056,0.836,-0.284,0.862,-0.283,-0.194,0.046,0.479,0.672,0.176,0.646,0.718,0.0,-0.539,0.139,0.509,0.832,0.786,0.635,0.018,0.155,-0.255,0.867,-0.522,-0.753,-0.451,0.697,0.944,-0.544,-0.071,0.164,-0.514,-0.706,0.891,0.625,-0.241,-0.252,0.786,-0.411,0.631,0.445,-0.696,-0.096,-0.292,-0.653,-0.038,0.567,0.193,-0.544,-0.336,-0.254,-0.824,0.511,-0.293,0.811,0.92,0.484,0.744,0.715,0.234,0.133,0.786,0.209,0.82,-0.478,-0.377,0.225,0.048,0.725,0.807,-0.5,-0.314,0.762,0.3,0.606,0.863,0.664,-0.059,-0.149,0.266,0.048,-0.254,-0.692,-0.69,0.645,-0.524,0.82,0.611,0.366,0.901,0.977,-0.55,-0.405,-0.655,0.729,-0.298,-0.566,0.527,-0.207,0.298,0.651,0.879,0.874,-0.697,0.939,0.287,-0.203,-0.441,0.616,0.122,-0.379,0.117,0.263,0.32,0.766,0.179,-0.227,-0.552,0.414,-0.205,0.65,-0.204,-0.236,-0.752,0.916,0.795,0.764,0.637,0.565,0.933,0.81,0.684,0.644,-0.465,-0.604,0.911,-0.597,-0.094,0.794,0.253,0.57,0.865,-0.309,0.472,0.917,-0.525,0.534,-0.579,-0.047,-0.034,-0.184,-0.128,-0.191,0.944,0.184,0.331,-0.508,0.671,0.72,0.673,-0.436,0.17,-0.422,0.686,0.76,0.906,0.595,-0.724,0.897,0.118,-0.588,0.166,0.837,0.687,0.796,0.619,-0.367,0.763,0.907,-0.455,0.813,-0.13,-0.273,0.46,-0.556,-0.284,-0.424,0.292,0.565,0.777,-0.714,-0.205,0.822,-0.875,0.181,-0.282,0.604,-0.096,0.226
AMCX,0.845,0.508,-0.423,0.74,-0.542,0.819,0.8,0.645,-0.458,-0.378,0.103,-0.486,0.025,-0.539,0.0,0.587,0.049,-0.41,-0.039,-0.385,0.55,0.406,0.612,-0.629,0.834,0.85,0.859,-0.114,-0.644,0.86,0.486,0.528,0.723,0.613,-0.544,-0.172,0.394,0.818,-0.548,0.687,0.134,-0.042,0.814,0.671,0.664,0.913,0.387,-0.058,0.287,0.899,0.769,0.752,0.823,0.056,0.773,-0.513,-0.382,0.295,-0.203,-0.306,0.307,0.567,-0.369,0.395,-0.289,0.658,0.75,0.221,0.325,-0.179,-0.537,0.882,0.881,-0.65,0.376,0.035,-0.361,-0.441,0.711,0.706,0.42,0.186,0.759,0.806,0.888,-0.46,0.714,-0.247,-0.437,0.459,-0.474,-0.481,0.676,0.679,0.906,-0.22,0.683,0.819,0.221,0.65,0.408,-0.636,-0.179,-0.566,0.778,-0.498,0.486,0.829,0.828,-0.573,-0.373,0.672,0.328,0.352,0.434,-0.145,0.525,0.767,0.739,-0.223,0.456,0.092,0.7,0.66,0.901,-0.574,-0.708,-0.479,-0.528,0.224,-0.558,-0.182,-0.143,-0.312,0.745,0.857,-0.253,0.844,0.225,-0.266,-0.37,-0.137,-0.214,0.769,-0.127,-0.402,0.909,0.223,0.881,0.365,0.591,0.823,0.37,0.707,-0.459,0.039,-0.043,0.889,0.11,-0.705,-0.404,0.747,-0.225,0.827,-0.42,-0.75,-0.377,-0.026,0.802,-0.45,0.487,0.951,0.331,-0.395,-0.259,-0.527,-0.477,0.755,-0.451,-0.445,0.925,-0.075,0.626,0.87,-0.454,0.835,0.78,0.872,0.02,-0.21,-0.084,0.899,0.397,-0.566,0.738,0.159,0.829,-0.543,0.73,0.119
AMKR,0.511,0.57,0.076,0.744,0.012,0.788,0.876,0.873,-0.392,-0.134,0.22,-0.209,0.613,0.139,0.587,0.0,0.665,0.082,0.518,-0.153,0.678,0.542,0.616,-0.157,0.698,0.435,0.674,0.203,-0.085,0.625,0.629,0.554,0.226,0.067,-0.071,0.11,0.122,0.654,-0.031,0.324,0.613,0.034,0.516,0.653,0.721,0.541,0.211,0.204,0.206,0.522,0.756,0.709,0.266,0.406,0.724,-0.094,0.329,0.821,0.453,0.082,0.809,0.896,0.238,0.476,0.274,0.474,0.736,0.375,0.275,0.219,-0.135,0.621,0.675,-0.235,0.739,0.343,0.139,-0.195,0.625,0.655,0.857,0.271,0.755,0.44,0.528,-0.255,0.58,0.189,-0.205,0.845,0.094,0.142,0.491,0.644,0.493,0.09,0.542,0.435,0.521,0.448,0.576,-0.37,0.498,-0.146,0.46,0.122,0.697,0.849,0.71,-0.382,-0.61,0.695,0.505,0.744,0.779,0.506,0.76,0.772,0.214,-0.179,0.131,0.539,0.78,0.74,0.463,-0.079,-0.36,-0.035,-0.292,0.717,-0.028,0.347,0.096,0.129,0.578,0.513,0.445,0.389,-0.011,0.163,-0.432,0.136,0.461,0.762,0.347,0.207,0.492,0.811,0.546,0.338,0.768,0.851,0.418,0.574,0.206,-0.096,0.113,0.445,0.623,-0.241,-0.053,0.419,-0.212,0.717,-0.264,-0.416,0.252,0.498,0.44,0.135,0.782,0.593,0.305,0.212,0.004,-0.24,-0.309,0.729,-0.119,0.035,0.695,0.591,0.758,0.724,-0.488,0.513,0.436,0.695,0.128,0.023,0.365,0.527,0.009,0.049,0.202,0.09,0.812,-0.345,0.757,0.58
AMRX,0.153,0.426,0.454,0.251,0.275,0.316,0.476,0.573,0.078,0.08,0.123,0.264,0.759,0.509,0.049,0.665,0.0,0.537,0.723,-0.155,0.293,0.347,0.207,0.345,0.164,-0.097,0.283,0.276,0.387,0.199,0.155,0.363,-0.011,-0.336,0.323,0.315,0.194,0.163,0.372,0.17,0.575,0.211,0.08,0.402,0.213,-0.03,-0.048,0.317,0.285,-0.053,0.387,0.185,-0.197,0.569,0.212,0.35,0.631,0.722,0.791,0.292,0.581,0.563,0.655,0.445,0.551,-0.039,0.199,0.002,0.32,0.48,0.294,0.256,0.332,0.142,0.551,0.429,0.469,0.244,0.333,0.197,0.651,0.383,0.27,-0.136,0.003,0.022,0.112,0.516,0.296,0.664,0.475,0.445,-0.035,0.142,0.067,0.163,-0.021,0.101,0.602,0.232,0.576,0.197,0.654,0.233,-0.014,0.554,0.631,0.383,0.187,0.121,-0.276,0.357,0.352,0.456,0.708,0.595,0.572,0.317,-0.269,-0.211,0.053,0.689,0.264,0.217,-0.044,0.328,0.132,0.422,0.086,0.58,0.347,0.491,0.137,0.499,0.173,0.156,0.711,-0.008,0.034,0.501,0.093,0.518,0.686,0.274,0.285,0.501,-0.008,0.635,0.163,-0.094,0.363,0.423,0.07,0.34,0.477,-0.327,0.121,-0.071,0.723,0.147,0.233,0.154,-0.093,0.339,-0.003,0.082,0.578,0.516,-0.062,0.504,0.388,0.093,0.371,0.63,0.198,0.165,0.126,0.293,0.318,0.423,0.222,0.628,0.293,0.311,-0.083,0.065,0.096,0.151,0.356,0.356,0.583,-0.025,0.001,0.419,-0.227,0.268,0.418,0.157,0.552,0.621
ANSS,-0.331,0.275,0.905,-0.335,0.761,-0.347,-0.159,0.03,0.718,0.722,0.231,0.856,0.609,0.832,-0.41,0.082,0.537,0.0,0.768,0.43,-0.166,0.305,-0.474,0.924,-0.581,-0.71,-0.241,0.591,0.882,-0.476,-0.387,0.459,-0.194,-0.707,0.887,0.743,0.168,-0.302,0.832,-0.137,0.623,0.665,-0.538,-0.131,-0.434,-0.625,-0.065,0.796,0.576,-0.545,-0.37,-0.462,-0.627,0.628,-0.4,0.904,0.782,0.365,0.817,0.773,0.025,-0.003,0.873,0.429,0.794,-0.716,-0.538,-0.081,0.483,0.751,0.877,-0.385,-0.063,0.771,0.157,0.619,0.861,0.861,0.183,-0.312,0.194,0.278,-0.407,-0.67,-0.63,0.591,-0.553,0.892,0.828,0.304,0.86,0.846,-0.627,-0.618,-0.473,0.58,-0.47,-0.252,0.657,-0.077,0.565,0.868,0.671,0.829,-0.669,0.811,0.501,-0.128,-0.525,0.806,0.291,-0.352,-0.124,0.069,0.364,0.631,0.329,-0.353,-0.502,0.109,0.217,0.829,-0.373,-0.427,-0.638,0.859,0.821,0.923,0.793,0.318,0.776,0.685,0.575,0.756,-0.25,-0.344,0.844,-0.292,0.35,0.887,0.627,0.759,0.811,-0.437,0.05,0.782,-0.338,0.305,-0.335,-0.379,-0.09,-0.106,-0.22,0.003,0.76,-0.003,-0.042,-0.387,0.711,0.741,0.797,-0.11,0.414,-0.312,0.662,0.781,0.926,0.422,-0.748,0.944,-0.186,-0.44,0.455,0.959,0.754,0.804,0.821,-0.429,0.934,0.847,-0.363,0.595,-0.294,-0.174,0.495,-0.559,0.013,-0.441,0.402,0.876,0.81,-0.626,0.176,0.629,-0.765,0.603,-0.265,0.818,0.021,0.322
APPN,-0.069,0.415,0.785,0.135,0.622,0.19,0.284,0.529,0.256,0.506,0.325,0.576,0.894,0.786,-0.039,0.518,0.723,0.768,0.0,0.36,0.365,0.518,0.1,0.616,-0.071,-0.318,0.035,0.706,0.675,-0.041,0.163,0.536,-0.131,-0.459,0.667,0.565,0.053,0.134,0.646,-0.042,0.813,0.387,-0.25,0.246,0.076,-0.214,0.2,0.601,0.41,-0.121,0.115,0.082,-0.456,0.751,0.143,0.611,0.86,0.735,0.876,0.616,0.48,0.515,0.82,0.462,0.771,-0.182,-0.032,0.266,0.355,0.66,0.57,-0.008,0.218,0.522,0.614,0.746,0.751,0.488,0.415,0.188,0.585,0.358,0.142,-0.286,-0.204,0.356,-0.107,0.752,0.445,0.655,0.759,0.773,-0.189,-0.072,-0.17,0.639,0.047,-0.127,0.745,0.171,0.66,0.424,0.859,0.634,-0.259,0.759,0.691,0.285,-0.01,0.347,-0.027,0.074,0.387,0.53,0.739,0.745,0.499,0.148,-0.232,0.198,0.046,0.857,0.193,0.114,-0.299,0.665,0.45,0.618,0.437,0.737,0.682,0.818,0.571,0.57,-0.058,-0.109,0.919,-0.085,0.061,0.723,0.2,0.656,0.899,0.086,0.375,0.827,-0.043,0.735,-0.059,0.042,0.313,0.359,0.122,0.26,0.741,0.143,0.214,-0.032,0.851,0.378,0.503,-0.002,0.185,0.073,0.518,0.381,0.846,0.717,-0.364,0.794,0.374,-0.066,0.454,0.811,0.667,0.54,0.443,0.09,0.623,0.792,0.053,0.848,0.145,0.176,0.214,-0.143,0.152,-0.017,0.344,0.612,0.81,-0.265,0.027,0.613,-0.52,0.362,0.17,0.363,0.413,0.447
APTO,-0.625,-0.156,0.545,-0.272,0.715,-0.309,-0.364,-0.196,0.308,0.665,0.172,0.373,0.265,0.635,-0.385,-0.153,-0.155,0.43,0.36,0.0,0.028,0.089,-0.251,0.594,-0.502,-0.569,-0.509,0.635,0.652,-0.554,0.045,0.109,-0.428,-0.47,0.679,0.505,-0.409,-0.085,0.504,-0.509,0.38,0.404,-0.693,-0.317,-0.282,-0.469,0.222,0.436,0.042,-0.266,-0.499,-0.151,-0.596,0.159,-0.233,0.518,0.512,0.097,0.173,0.541,-0.103,-0.083,0.279,0.06,0.461,-0.306,-0.351,0.482,-0.131,0.369,0.577,-0.586,-0.383,0.639,0.093,0.432,0.593,0.456,-0.055,-0.098,-0.1,-0.306,-0.327,-0.434,-0.559,0.677,-0.506,0.522,0.338,0.042,0.623,0.713,-0.381,-0.342,-0.569,0.75,-0.008,-0.544,0.226,-0.257,-0.022,0.392,0.498,0.704,-0.596,0.578,-0.021,-0.268,-0.43,0.428,0.16,-0.599,-0.046,0.098,-0.076,0.438,-0.011,-0.241,-0.174,0.714,-0.171,0.266,-0.158,-0.18,-0.596,0.733,0.66,0.42,0.549,0.352,0.722,0.596,0.782,0.24,-0.486,-0.646,0.464,-0.493,-0.115,0.484,-0.012,0.155,0.446,-0.302,0.352,0.606,-0.33,0.261,-0.601,0.268,-0.013,-0.312,-0.037,-0.327,0.693,0.625,0.245,-0.251,0.27,0.515,0.532,-0.441,0.216,-0.611,0.741,0.627,0.522,0.347,-0.61,0.541,0.035,-0.484,-0.041,0.369,0.666,0.649,0.518,-0.48,0.535,0.643,-0.423,0.488,-0.196,-0.281,0.443,-0.511,-0.175,-0.335,0.047,0.276,0.494,-0.577,-0.183,0.437,-0.66,-0.007,-0.431,0.383,-0.407,-0.241
ARCT,0.379,0.533,0.006,0.797,0.063,0.823,0.567,0.785,-0.598,-0.026,0.515,-0.256,0.425,0.018,0.55,0.678,0.293,-0.166,0.365,0.028,0.0,0.651,0.74,-0.275,0.651,0.465,0.535,0.453,-0.168,0.58,0.834,0.363,0.04,0.255,-0.128,0.01,-0.214,0.642,-0.171,0.174,0.55,-0.22,0.374,0.492,0.769,0.584,0.238,0.028,-0.167,0.639,0.538,0.835,0.176,0.27,0.835,-0.363,0.246,0.69,0.242,-0.021,0.743,0.823,0.106,0.121,0.033,0.612,0.732,0.651,0.037,0.128,-0.222,0.442,0.469,-0.156,0.809,0.5,0.039,-0.438,0.488,0.694,0.616,-0.048,0.771,0.453,0.593,-0.291,0.679,-0.031,-0.522,0.641,0.066,0.037,0.705,0.695,0.363,0.364,0.818,0.228,0.371,0.582,0.255,-0.479,0.299,-0.148,0.509,0.0,0.467,0.717,0.759,-0.55,-0.396,0.478,0.7,0.849,0.669,0.345,0.519,0.742,0.46,0.27,-0.09,0.247,0.794,0.856,0.413,-0.088,-0.38,-0.262,-0.309,0.609,0.001,0.432,0.242,-0.213,0.46,0.254,0.223,0.319,-0.35,-0.037,-0.614,-0.148,0.288,0.803,0.584,0.246,0.498,0.669,0.325,0.664,0.793,0.762,0.689,0.289,0.169,0.363,0.19,0.602,0.313,-0.357,-0.14,0.114,-0.055,0.541,0.024,-0.482,0.074,0.646,0.466,0.007,0.83,0.572,-0.021,-0.024,0.196,-0.2,-0.247,0.591,-0.305,0.084,0.601,0.458,0.702,0.578,-0.454,0.477,0.304,0.561,-0.025,-0.206,0.273,0.507,-0.195,0.007,0.184,-0.144,0.664,-0.551,0.558,0.282
ARWR,0.394,0.715,0.44,0.636,0.338,0.528,0.415,0.674,-0.179,0.319,0.844,0.308,0.357,0.155,0.406,0.542,0.347,0.305,0.518,0.089,0.651,0.0,0.238,0.12,0.286,0.19,0.53,0.518,0.07,0.307,0.343,0.683,0.028,-0.091,0.138,0.314,0.051,0.273,0.188,0.099,0.763,0.092,0.298,0.148,0.51,0.284,0.043,0.578,0.284,0.319,0.177,0.356,0.044,0.547,0.482,-0.017,0.394,0.592,0.567,0.306,0.552,0.617,0.528,0.352,0.26,0.042,0.324,0.338,0.536,0.296,0.152,0.194,0.482,0.212,0.63,0.653,0.259,-0.002,0.624,0.199,0.546,0.167,0.371,0.221,0.349,-0.255,0.475,0.209,-0.098,0.532,0.308,0.224,0.457,0.2,0.171,0.441,0.526,0.314,0.538,0.528,0.556,0.051,0.244,0.118,0.27,0.093,0.723,0.677,0.374,-0.105,-0.094,0.361,0.249,0.695,0.701,0.413,0.73,0.346,0.184,0.053,0.236,0.629,0.446,0.518,0.15,0.171,-0.011,0.145,0.179,0.366,0.059,0.487,0.284,0.014,0.481,0.198,0.416,0.404,0.132,0.289,-0.064,0.125,0.484,0.423,0.189,0.398,0.399,0.546,0.32,0.186,0.689,0.682,0.706,0.224,0.284,0.215,-0.411,0.435,0.506,0.016,0.313,0.228,0.506,0.392,0.234,-0.123,0.43,0.684,0.038,0.399,0.367,0.381,0.21,0.417,0.56,0.097,0.239,0.273,0.152,0.328,0.362,0.446,0.413,0.355,-0.337,0.034,0.37,0.191,-0.014,0.314,0.474,0.294,0.005,0.06,-0.07,0.37,0.383,-0.09,0.471,0.523
ASND,0.497,0.15,-0.338,0.776,-0.35,0.864,0.673,0.726,-0.801,-0.524,0.06,-0.526,0.319,-0.255,0.612,0.616,0.207,-0.474,0.1,-0.251,0.74,0.238,0.0,-0.616,0.852,0.738,0.485,-0.002,-0.478,0.767,0.895,0.095,0.19,0.476,-0.475,-0.475,-0.139,0.727,-0.37,0.173,0.131,-0.501,0.527,0.59,0.838,0.742,0.4,-0.459,-0.304,0.722,0.81,0.839,0.382,0.128,0.851,-0.583,-0.039,0.485,-0.051,-0.435,0.616,0.773,-0.231,0.047,-0.141,0.895,0.842,0.452,-0.305,-0.274,-0.66,0.655,0.473,-0.549,0.647,0.036,-0.362,-0.704,0.288,0.723,0.577,0.16,0.881,0.706,0.75,-0.507,0.756,-0.325,-0.646,0.478,-0.337,-0.265,0.709,0.924,0.592,-0.038,0.771,0.245,0.016,0.412,0.075,-0.757,0.117,-0.474,0.766,-0.205,0.221,0.612,0.831,-0.814,-0.581,0.633,0.789,0.655,0.55,0.091,0.202,0.828,0.453,0.021,-0.284,-0.083,0.807,0.862,0.637,-0.438,-0.7,-0.55,-0.697,0.541,-0.291,0.101,-0.109,-0.377,0.386,0.451,-0.044,0.366,-0.478,-0.415,-0.703,-0.301,0.008,0.868,0.482,-0.056,0.538,0.531,0.463,0.67,0.605,0.697,0.534,0.362,-0.197,0.108,0.311,0.623,0.086,-0.679,-0.605,0.185,-0.394,0.642,-0.36,-0.723,-0.267,0.334,0.699,-0.404,0.838,0.655,-0.084,-0.374,-0.307,-0.61,-0.693,0.835,-0.608,-0.268,0.74,0.238,0.676,0.624,-0.503,0.714,0.258,0.749,-0.006,-0.542,-0.121,0.657,-0.257,-0.178,0.512,-0.477,0.7,-0.803,0.607,0.181
ASTH,-0.604,0.06,0.873,-0.533,0.829,-0.571,-0.437,-0.245,0.774,0.814,0.179,0.829,0.436,0.867,-0.629,-0.157,0.345,0.924,0.616,0.594,-0.275,0.12,-0.616,0.0,-0.793,-0.886,-0.502,0.603,0.959,-0.701,-0.446,0.222,-0.369,-0.754,0.952,0.75,-0.004,-0.469,0.822,-0.306,0.486,0.66,-0.764,-0.324,-0.62,-0.809,-0.149,0.721,0.395,-0.685,-0.624,-0.577,-0.771,0.435,-0.597,0.928,0.735,0.167,0.66,0.803,-0.147,-0.233,0.762,0.251,0.756,-0.812,-0.694,-0.027,0.293,0.725,0.951,-0.627,-0.346,0.851,-0.011,0.526,0.877,0.872,-0.042,-0.435,-0.061,0.025,-0.608,-0.83,-0.829,0.73,-0.742,0.852,0.84,0.101,0.88,0.87,-0.744,-0.757,-0.7,0.634,-0.561,-0.458,0.475,-0.287,0.314,0.9,0.61,0.927,-0.849,0.833,0.238,-0.382,-0.718,0.882,0.39,-0.596,-0.245,-0.075,0.09,0.565,0.112,-0.523,-0.568,0.276,0.076,0.628,-0.531,-0.559,-0.826,0.951,0.957,0.908,0.865,0.175,0.861,0.645,0.639,0.72,-0.468,-0.599,0.744,-0.524,0.254,0.867,0.596,0.649,0.691,-0.624,0.096,0.765,-0.543,0.154,-0.589,-0.37,-0.229,-0.391,-0.338,-0.253,0.809,0.119,0.036,-0.576,0.518,0.844,0.866,-0.353,0.418,-0.594,0.767,0.924,0.851,0.328,-0.881,0.909,-0.321,-0.668,0.279,0.882,0.759,0.898,0.88,-0.684,0.935,0.864,-0.609,0.497,-0.432,-0.399,0.594,-0.749,-0.208,-0.65,0.333,0.78,0.741,-0.819,0.059,0.657,-0.906,0.468,-0.504,0.872,-0.281,0.09
ATSG,0.764,0.348,-0.539,0.854,-0.575,0.921,0.839,0.744,-0.782,-0.643,0.036,-0.671,0.11,-0.522,0.834,0.698,0.164,-0.581,-0.071,-0.502,0.651,0.286,0.852,-0.793,0.0,0.906,0.784,-0.241,-0.719,0.901,0.721,0.232,0.435,0.596,-0.699,-0.458,0.099,0.776,-0.568,0.446,0.057,-0.437,0.847,0.66,0.88,0.928,0.292,-0.384,-0.128,0.842,0.915,0.856,0.702,0.005,0.9,-0.712,-0.294,0.409,-0.168,-0.523,0.589,0.74,-0.371,0.133,-0.362,0.887,0.939,0.267,-0.027,-0.354,-0.751,0.842,0.701,-0.729,0.522,-0.093,-0.522,-0.725,0.456,0.739,0.576,0.181,0.916,0.859,0.94,-0.665,0.889,-0.458,-0.714,0.477,-0.535,-0.517,0.837,0.935,0.827,-0.326,0.762,0.585,0.033,0.539,0.17,-0.842,-0.11,-0.728,0.897,-0.488,0.305,0.801,0.962,-0.854,-0.609,0.828,0.549,0.54,0.473,-0.073,0.385,0.859,0.574,-0.252,0.032,-0.085,0.858,0.855,0.882,-0.7,-0.893,-0.657,-0.782,0.347,-0.595,-0.19,-0.34,-0.446,0.689,0.749,-0.236,0.64,-0.202,-0.491,-0.659,-0.337,-0.177,0.923,0.165,-0.37,0.737,0.395,0.757,0.516,0.636,0.83,0.519,0.552,-0.445,-0.09,0.071,0.745,0.04,-0.786,-0.658,0.526,-0.405,0.879,-0.634,-0.912,-0.429,0.126,0.892,-0.546,0.721,0.872,0.019,-0.482,-0.483,-0.749,-0.77,0.94,-0.711,-0.542,0.893,0.026,0.759,0.76,-0.675,0.872,0.458,0.896,-0.127,-0.513,-0.259,0.908,-0.001,-0.436,0.771,-0.26,0.868,-0.827,0.707,0.27
AVTX,0.824,0.219,-0.656,0.721,-0.756,0.773,0.702,0.552,-0.732,-0.672,-0.036,-0.675,-0.168,-0.753,0.85,0.435,-0.097,-0.71,-0.318,-0.569,0.465,0.19,0.738,-0.886,0.906,0.0,0.723,-0.364,-0.878,0.918,0.552,0.135,0.575,0.733,-0.819,-0.588,0.246,0.691,-0.707,0.454,-0.186,-0.457,0.862,0.489,0.742,0.943,0.316,-0.475,-0.093,0.86,0.786,0.728,0.852,-0.13,0.781,-0.792,-0.575,0.083,-0.39,-0.634,0.282,0.488,-0.561,0.119,-0.55,0.807,0.79,0.142,-0.033,-0.536,-0.862,0.818,0.658,-0.837,0.264,-0.25,-0.678,-0.751,0.406,0.61,0.27,0.19,0.751,0.948,0.954,-0.718,0.836,-0.616,-0.712,0.175,-0.72,-0.736,0.806,0.821,0.885,-0.477,0.684,0.677,-0.172,0.518,0.07,-0.851,-0.418,-0.826,0.958,-0.694,0.162,0.668,0.843,-0.841,-0.412,0.738,0.355,0.269,0.252,-0.396,0.189,0.725,0.689,-0.299,0.13,-0.262,0.706,0.709,0.944,-0.827,-0.917,-0.757,-0.769,0.045,-0.785,-0.39,-0.459,-0.581,0.63,0.805,-0.499,0.779,-0.062,-0.636,-0.525,-0.418,-0.466,0.783,-0.11,-0.591,0.794,0.076,0.808,0.389,0.515,0.683,0.421,0.531,-0.698,-0.067,-0.084,0.798,-0.185,-0.867,-0.707,0.587,-0.33,0.753,-0.657,-0.947,-0.651,-0.126,0.918,-0.732,0.454,0.877,0.018,-0.665,-0.532,-0.849,-0.756,0.829,-0.762,-0.672,0.851,-0.292,0.557,0.681,-0.577,0.84,0.511,0.827,-0.143,-0.557,-0.463,0.949,0.133,-0.678,0.885,-0.224,0.693,-0.816,0.533,0.04
BCPC,0.84,0.693,-0.299,0.761,-0.395,0.795,0.77,0.688,-0.407,-0.359,0.248,-0.365,0.097,-0.451,0.859,0.674,0.283,-0.241,0.035,-0.509,0.535,0.53,0.485,-0.502,0.784,0.723,0.0,-0.118,-0.544,0.785,0.368,0.602,0.605,0.458,-0.469,-0.064,0.395,0.678,-0.388,0.686,0.274,-0.012,0.848,0.586,0.668,0.809,0.128,0.075,0.275,0.744,0.721,0.656,0.727,0.122,0.73,-0.456,-0.226,0.435,0.041,-0.259,0.448,0.613,-0.133,0.396,-0.228,0.499,0.735,0.096,0.473,-0.058,-0.395,0.787,0.886,-0.51,0.432,0.131,-0.269,-0.358,0.707,0.544,0.522,0.206,0.698,0.661,0.824,-0.534,0.749,-0.174,-0.384,0.52,-0.325,-0.404,0.692,0.585,0.821,-0.263,0.554,0.828,0.329,0.678,0.448,-0.477,-0.135,-0.565,0.71,-0.436,0.59,0.885,0.806,-0.49,-0.397,0.708,0.235,0.433,0.513,0.014,0.7,0.701,0.546,-0.381,0.481,0.244,0.636,0.637,0.815,-0.502,-0.635,-0.339,-0.435,0.196,-0.514,-0.12,-0.213,-0.221,0.834,0.826,-0.118,0.777,0.24,-0.155,-0.303,-0.071,-0.045,0.746,-0.109,-0.316,0.829,0.275,0.834,0.226,0.652,0.855,0.438,0.619,-0.349,-0.174,-0.248,0.759,0.223,-0.55,-0.261,0.755,-0.089,0.882,-0.475,-0.694,-0.2,0.107,0.72,-0.276,0.444,0.89,0.264,-0.174,-0.216,-0.484,-0.33,0.697,-0.365,-0.388,0.867,-0.013,0.663,0.827,-0.602,0.701,0.705,0.77,-0.015,-0.08,0.022,0.852,0.341,-0.457,0.636,0.265,0.845,-0.45,0.733,0.387
BEAM,-0.237,0.391,0.718,0.042,0.688,0.054,-0.026,0.305,0.229,0.759,0.467,0.518,0.615,0.697,-0.114,0.203,0.276,0.591,0.706,0.635,0.453,0.518,-0.002,0.603,-0.241,-0.364,-0.118,0.0,0.643,-0.171,0.198,0.399,-0.216,-0.325,0.704,0.615,-0.127,0.11,0.499,-0.205,0.753,0.412,-0.429,-0.013,-0.03,-0.23,0.194,0.57,0.215,-0.057,-0.207,0.125,-0.481,0.543,0.116,0.511,0.701,0.501,0.593,0.615,0.257,0.322,0.588,0.329,0.527,-0.208,-0.129,0.526,0.172,0.654,0.598,-0.272,0.004,0.564,0.521,0.831,0.74,0.439,0.302,0.167,0.236,0.027,0.014,-0.327,-0.262,0.477,-0.17,0.664,0.279,0.409,0.769,0.735,-0.111,-0.175,-0.303,0.866,0.149,-0.242,0.59,0.235,0.395,0.382,0.667,0.679,-0.319,0.651,0.478,0.133,-0.078,0.34,0.258,-0.252,0.264,0.454,0.455,0.597,0.332,0.065,-0.001,0.644,-0.016,0.645,0.122,0.097,-0.372,0.735,0.553,0.489,0.552,0.55,0.714,0.901,0.793,0.312,-0.187,-0.335,0.719,-0.147,-0.077,0.655,0.077,0.421,0.685,0.004,0.451,0.802,-0.008,0.524,-0.289,0.265,0.347,0.14,0.179,0.014,0.726,0.586,0.266,0.069,0.632,0.409,0.596,-0.18,0.295,-0.229,0.822,0.408,0.695,0.719,-0.38,0.714,0.276,-0.146,0.191,0.599,0.871,0.653,0.614,-0.18,0.565,0.835,-0.084,0.684,0.054,0.062,0.364,-0.254,0.088,-0.126,0.194,0.467,0.742,-0.312,0.011,0.436,-0.607,0.245,-0.079,0.322,0.023,0.058
BILI,-0.675,-0.009,0.844,-0.492,0.864,-0.49,-0.401,-0.176,0.662,0.756,0.122,0.728,0.56,0.944,-0.644,-0.085,0.387,0.882,0.675,0.652,-0.168,0.07,-0.478,0.959,-0.719,-0.878,-0.544,0.643,0.0,-0.686,-0.292,0.147,-0.471,-0.782,0.968,0.711,-0.158,-0.389,0.832,-0.365,0.511,0.569,-0.807,-0.235,-0.53,-0.795,-0.076,0.621,0.262,-0.65,-0.532,-0.465,-0.85,0.424,-0.498,0.892,0.824,0.275,0.661,0.745,-0.022,-0.118,0.754,0.175,0.774,-0.671,-0.596,0.098,0.133,0.716,0.913,-0.615,-0.386,0.849,0.108,0.565,0.907,0.791,-0.1,-0.317,0.045,-0.017,-0.496,-0.82,-0.815,0.754,-0.708,0.852,0.755,0.186,0.926,0.935,-0.718,-0.626,-0.732,0.711,-0.47,-0.588,0.484,-0.298,0.256,0.814,0.737,0.93,-0.843,0.91,0.194,-0.383,-0.641,0.787,0.255,-0.577,-0.057,0.034,0.151,0.649,0.08,-0.425,-0.57,0.383,-0.082,0.595,-0.442,-0.468,-0.844,0.968,0.919,0.861,0.752,0.349,0.955,0.72,0.693,0.707,-0.511,-0.67,0.806,-0.611,0.056,0.832,0.435,0.6,0.77,-0.529,0.291,0.841,-0.592,0.286,-0.659,-0.208,-0.192,-0.362,-0.297,-0.261,0.901,0.185,0.218,-0.595,0.546,0.798,0.758,-0.455,0.273,-0.572,0.762,0.895,0.872,0.42,-0.857,0.902,-0.13,-0.684,0.197,0.853,0.732,0.891,0.781,-0.594,0.874,0.894,-0.593,0.628,-0.36,-0.388,0.577,-0.679,-0.285,-0.579,0.335,0.69,0.761,-0.839,-0.077,0.75,-0.925,0.309,-0.44,0.773,-0.236,0.102
BJRI,0.874,0.426,-0.471,0.743,-0.631,0.836,0.832,0.722,-0.6,-0.508,-0.006,-0.543,0.101,-0.544,0.86,0.625,0.199,-0.476,-0.041,-0.554,0.58,0.307,0.767,-0.701,0.901,0.918,0.785,-0.171,-0.686,0.0,0.578,0.317,0.65,0.624,-0.62,-0.377,0.407,0.768,-0.558,0.573,0.007,-0.269,0.811,0.663,0.713,0.916,0.346,-0.298,0.088,0.855,0.877,0.777,0.794,0.056,0.835,-0.579,-0.373,0.297,-0.114,-0.461,0.393,0.632,-0.334,0.319,-0.31,0.723,0.794,0.197,0.139,-0.283,-0.675,0.902,0.792,-0.744,0.432,-0.008,-0.408,-0.577,0.594,0.733,0.406,0.291,0.784,0.865,0.911,-0.583,0.781,-0.344,-0.537,0.414,-0.502,-0.543,0.718,0.797,0.906,-0.346,0.644,0.741,0.133,0.651,0.333,-0.728,-0.174,-0.643,0.878,-0.453,0.421,0.771,0.869,-0.705,-0.395,0.772,0.438,0.392,0.473,-0.221,0.363,0.806,0.685,-0.296,0.255,0.015,0.768,0.727,0.91,-0.647,-0.795,-0.536,-0.642,0.227,-0.596,-0.152,-0.308,-0.349,0.66,0.856,-0.238,0.803,0.038,-0.365,-0.417,-0.179,-0.236,0.842,-0.042,-0.396,0.829,0.249,0.863,0.343,0.614,0.795,0.34,0.703,-0.514,-0.09,0.016,0.813,0.085,-0.763,-0.535,0.659,-0.347,0.813,-0.539,-0.856,-0.445,0.018,0.869,-0.513,0.538,0.918,0.265,-0.418,-0.36,-0.702,-0.612,0.863,-0.562,-0.456,0.915,-0.096,0.633,0.818,-0.475,0.866,0.63,0.871,0.061,-0.352,-0.179,0.907,0.251,-0.56,0.76,-0.043,0.818,-0.67,0.688,0.137
BLUE,0.266,0.151,-0.192,0.762,-0.08,0.795,0.552,0.682,-0.784,-0.299,0.227,-0.486,0.334,-0.071,0.486,0.629,0.155,-0.387,0.163,0.045,0.834,0.343,0.895,-0.446,0.721,0.552,0.368,0.198,-0.292,0.578,0.0,0.109,-0.039,0.286,-0.278,-0.275,-0.369,0.673,-0.246,0.003,0.299,-0.417,0.335,0.481,0.814,0.602,0.344,-0.29,-0.391,0.653,0.619,0.839,0.179,0.133,0.804,-0.494,0.134,0.551,-0.0,-0.223,0.688,0.781,-0.145,-0.027,-0.025,0.804,0.801,0.666,-0.355,-0.151,-0.469,0.44,0.319,-0.311,0.723,0.174,-0.18,-0.646,0.273,0.693,0.581,-0.076,0.8,0.573,0.6,-0.354,0.669,-0.212,-0.624,0.519,-0.145,-0.062,0.685,0.855,0.365,0.228,0.84,0.069,0.07,0.322,0.016,-0.679,0.246,-0.277,0.585,-0.07,0.184,0.567,0.741,-0.737,-0.626,0.45,0.769,0.782,0.519,0.277,0.279,0.792,0.404,0.246,-0.366,-0.029,0.793,0.897,0.437,-0.215,-0.526,-0.442,-0.552,0.62,-0.082,0.286,0.128,-0.308,0.329,0.198,0.08,0.176,-0.557,-0.272,-0.824,-0.363,0.152,0.816,0.664,0.129,0.407,0.648,0.244,0.795,0.696,0.628,0.615,0.152,0.066,0.301,0.307,0.506,0.111,-0.502,-0.403,-0.029,-0.281,0.464,-0.172,-0.556,-0.116,0.501,0.523,-0.23,0.896,0.498,-0.21,-0.259,-0.112,-0.423,-0.549,0.666,-0.504,-0.121,0.581,0.397,0.719,0.512,-0.526,0.516,0.121,0.628,-0.047,-0.505,0.037,0.496,-0.408,-0.068,0.277,-0.52,0.607,-0.747,0.453,0.163
