,AAL,AAON,ACB,ACGL,ACGLO,ACIW,ADBE,ADSK,AEP,AGIO,ALEC,ALNY,ALTR,AMBA,AMCX,AMKR,AMRX,ANSS,APPN,APTO,ARCT,ARWR,ASND,ASTH,ATSG,AVTX,BCPC,BEAM,BILI,BJRI,BLUE,BPOP,BRKL,BWIN,BZUN,CARG,CBRL,CBSH,CBUS,CENTA,CERS,CFFN,CHCO,CHEF,CHRD,CINF,CLLS,CMCO,CMCSA,COLL,COMM,COOP,CPB,CRON,CROX,CRUS,CRWD,CTAS,CYBR,CYTK,DGII,DIOD,DOMO,DPZ,DSGR,DXCM,ERIE,ESTA,EXEL,FAST,FCEL,FCFS,FHB,FITBI,FSV,FTDR,FUTU,GLDD,GLPG,GLPI,GOGO,GOSS,GSAT,GYRE,HALO,HAS,HLIT,HLNE,HSDT,HSIC,HTHT,ICHR,IDYA,IMVT,INDB,INSM,IONS,IOSP,ITRI,JBHT,JBLU,JSM,KLIC,KOD,KURA,LAB,LASR,LIN,LKQ,LNT,MBUU,MCRI,MDGL,MEDP,MGNI,MGPI,MGRC,MKTX,MRNA,MRTN,MSEX,MSFT,MU,NAVI,NBTB,NEO,NEOG,NGNE,NSSC,NTAP,NTES,NTLA,NTRS,NYMTN,OBLG,OCFC,ON,ONC,OPI,OSIS,OSW,PALI,PANW,PCAR,PCRX,PCTY,PEBO,PLAB,PLAY,PLMR,PLSE,PLUS,PRTA,PSEC,PSNL,PTCT,PTON,QNST,QRVO,QTTB,RARE,RBCAA,RGNX,SAIC,SGMO,SINT,SNPS,SPSC,SPTN,SSYS,STNE,TBBK,TCPC,TENB,TGTX,TREE,TRUP,TTWO,TW,TXG,UBSI,UCTT,UFPT,UMBF,UPBD,URBN,VBTX,VCTR,VEON,VNET,VRSK,VSEC,WABC,WTFCM,WVE,WW,WWD,XEL,ZD,ZYME
AAL,0.0,0.196,0.808,0.354,0.025,-0.62,0.535,0.276,0.372,0.7,0.739,0.664,-0.045,0.213,-0.397,0.401,-0.557,0.236,0.576,0.732,0.449,0.672,0.623,-0.266,0.175,0.578,-0.575,0.126,-0.079,0.615,0.681,-0.031,-0.156,0.537,-0.249,-0.317,0.598,0.349,0.708,0.615,0.091,0.308,0.097,-0.283,0.214,-0.174,0.651,0.08,-0.24,0.537,0.248,0.125,0.41,0.315,0.342,0.177,0.64,0.219,0.563,0.577,0.525,0.027,0.738,0.568,-0.622,0.336,0.545,0.54,-0.145,0.545,0.702,0.451,0.344,0.016,0.1,-0.254,-0.055,-0.648,0.681,-0.268,-0.105,0.696,0.675,0.711,-0.665,0.119,0.152,-0.064,-0.342,-0.404,0.008,0.444,0.502,0.6,0.148,0.702,0.711,-0.576,-0.579,0.486,0.741,0.436,0.18,0.527,0.352,0.712,0.293,0.343,0.25,0.321,0.263,0.344,0.681,0.255,0.683,0.63,0.186,0.432,0.59,0.243,-0.12,0.413,0.307,0.08,0.147,0.283,-0.446,0.077,-0.09,0.262,-0.585,-0.042,0.713,0.527,0.267,0.152,0.278,0.566,-0.216,0.209,0.645,0.058,0.582,0.154,0.01,0.566,0.198,0.11,0.524,0.55,0.417,-0.627,0.324,0.372,0.807,0.658,0.627,0.697,0.422,0.58,0.332,0.072,0.577,-0.601,0.727,0.33,0.191,0.271,0.438,-0.526,0.635,0.106,0.601,0.227,0.544,-0.103,0.549,-0.727,0.428,0.567,0.125,-0.414,0.52,0.29,0.646,0.603,0.316,0.282,0.721,0.447,0.453,0.202,-0.212,0.201,0.194,0.063,-0.226,0.362,0.297,0.795
AAON,0.196,0.0,0.363,0.347,0.868,-0.118,0.865,0.941,0.847,0.722,0.432,0.722,0.833,0.951,-0.264,0.917,0.025,0.959,0.646,0.189,0.563,0.63,0.491,0.722,0.816,-0.033,-0.308,-0.008,-0.409,0.619,0.32,-0.361,0.656,0.826,-0.764,-0.072,0.744,0.882,0.571,-0.004,-0.242,0.893,0.861,-0.854,0.82,-0.811,0.766,0.866,-0.706,0.734,0.939,0.854,0.753,0.577,0.899,0.922,0.621,0.947,0.362,0.751,0.868,0.892,0.436,-0.411,-0.106,0.871,0.872,0.854,-0.369,0.855,0.609,0.851,0.914,0.878,0.564,-0.63,-0.84,-0.634,-0.264,0.502,0.678,0.568,0.748,0.638,-0.691,-0.132,0.952,0.829,-0.469,-0.489,-0.516,0.817,0.132,0.412,0.795,0.456,0.613,0.217,0.302,0.807,0.34,0.913,0.104,0.357,-0.727,0.648,0.923,0.912,0.897,0.878,0.916,0.847,0.222,0.768,0.525,0.593,0.908,0.209,0.559,0.895,0.651,0.897,0.208,0.696,0.859,0.795,-0.283,-0.634,0.705,0.91,-0.395,-0.043,0.485,0.721,0.229,0.888,0.925,0.352,0.099,0.885,0.775,-0.125,0.155,0.913,0.737,0.805,0.881,0.934,0.86,0.835,-0.673,-0.361,0.209,0.905,0.433,0.711,0.658,0.414,0.572,0.596,-0.309,-0.82,0.71,0.42,0.446,0.789,0.949,0.947,0.541,-0.046,0.762,0.924,0.723,-0.523,0.315,-0.318,0.251,-0.298,0.496,0.775,0.855,0.197,0.797,0.726,0.772,0.51,0.826,0.908,0.399,-0.093,0.907,0.897,0.773,0.888,-0.743,0.341,0.366,0.875,0.7,0.564
ACB,0.808,0.363,0.0,0.487,0.147,-0.546,0.705,0.473,0.435,0.687,0.779,0.724,0.081,0.393,-0.168,0.539,-0.536,0.388,0.763,0.639,0.501,0.781,0.775,-0.063,0.266,0.602,-0.406,0.378,0.088,0.778,0.761,0.07,0.081,0.67,-0.261,-0.333,0.741,0.48,0.797,0.486,-0.003,0.44,0.251,-0.38,0.404,-0.215,0.743,0.294,-0.204,0.642,0.413,0.264,0.407,0.458,0.54,0.376,0.817,0.37,0.799,0.611,0.57,0.236,0.828,0.546,-0.247,0.532,0.622,0.649,-0.285,0.629,0.776,0.598,0.491,0.251,0.487,-0.254,-0.161,-0.674,0.595,-0.048,-0.075,0.792,0.722,0.718,-0.688,0.292,0.335,0.18,-0.29,-0.355,0.028,0.632,0.461,0.775,0.354,0.696,0.688,-0.346,-0.292,0.631,0.791,0.505,0.386,0.64,0.057,0.739,0.462,0.467,0.461,0.373,0.473,0.503,0.621,0.512,0.877,0.55,0.368,0.461,0.543,0.455,0.046,0.503,0.327,0.223,0.312,0.484,-0.401,0.153,0.062,0.504,-0.268,0.196,0.661,0.615,0.352,0.313,0.445,0.664,-0.158,0.433,0.717,-0.109,0.659,0.33,0.05,0.662,0.332,0.322,0.651,0.667,0.31,-0.529,0.456,0.545,0.872,0.719,0.869,0.683,0.641,0.638,0.069,-0.071,0.626,-0.439,0.818,0.468,0.354,0.479,0.235,-0.402,0.721,0.304,0.708,0.294,0.713,0.173,0.736,-0.585,0.678,0.643,0.25,-0.167,0.645,0.49,0.732,0.79,0.547,0.432,0.637,0.355,0.596,0.304,0.004,0.356,0.116,0.341,0.014,0.39,0.523,0.885
ACGL,0.354,0.347,0.487,0.0,0.106,-0.509,0.556,0.524,0.632,0.436,0.624,0.533,-0.024,0.391,-0.298,0.342,-0.557,0.375,0.334,0.387,-0.028,0.583,0.819,-0.206,0.175,0.714,0.169,0.481,0.074,0.705,0.76,0.575,0.552,0.681,-0.202,-0.749,0.728,0.653,0.436,0.317,-0.574,0.633,0.549,-0.502,0.644,0.019,0.621,0.528,-0.024,0.583,0.519,0.515,0.526,-0.226,0.479,0.339,0.574,0.46,0.588,0.596,0.502,0.236,0.501,0.277,-0.031,0.407,0.49,0.559,-0.776,0.606,0.771,0.548,0.59,0.434,0.514,-0.275,-0.402,-0.323,0.094,0.467,-0.014,0.685,0.561,0.601,-0.581,-0.046,0.359,0.486,-0.51,0.061,0.09,0.61,0.155,0.769,0.716,0.623,0.522,0.076,-0.005,0.691,0.65,0.355,0.166,0.817,0.014,0.231,0.384,0.541,0.504,0.514,0.635,0.547,0.372,0.741,0.581,0.533,0.529,0.041,0.046,0.547,0.435,0.517,-0.012,0.609,0.62,0.764,-0.085,-0.153,0.025,0.584,-0.052,0.074,0.621,0.636,0.044,0.588,0.399,0.571,0.107,0.613,0.611,-0.633,0.282,0.53,0.364,0.606,0.575,0.371,0.614,0.651,-0.005,-0.477,0.153,0.643,0.512,0.608,0.566,0.691,0.602,0.5,-0.348,-0.38,0.365,-0.111,0.811,0.567,0.488,0.372,-0.026,-0.186,0.652,0.424,0.782,-0.01,0.812,0.227,0.683,-0.525,0.617,0.683,0.528,-0.152,0.522,0.802,0.597,0.519,0.652,0.56,0.196,0.306,0.568,0.29,0.478,0.21,-0.008,-0.1,0.53,0.474,0.176,0.623
ACGLO,0.025,0.868,0.147,0.106,0.0,0.186,0.647,0.826,0.761,0.53,0.112,0.541,0.916,0.895,-0.155,0.875,0.343,0.865,0.418,-0.122,0.423,0.343,0.21,0.831,0.919,-0.296,-0.419,-0.281,-0.597,0.391,-0.016,-0.475,0.604,0.66,-0.802,0.121,0.539,0.741,0.314,-0.254,-0.068,0.746,0.818,-0.775,0.737,-0.882,0.574,0.796,-0.787,0.498,0.871,0.78,0.714,0.57,0.808,0.908,0.441,0.874,0.091,0.529,0.7,0.902,0.131,-0.594,-0.172,0.753,0.758,0.616,-0.217,0.7,0.366,0.693,0.818,0.864,0.447,-0.581,-0.809,-0.56,-0.495,0.5,0.877,0.285,0.575,0.428,-0.521,-0.294,0.882,0.764,-0.229,-0.557,-0.617,0.622,-0.009,0.039,0.643,0.127,0.355,0.322,0.458,0.615,0.02,0.863,-0.05,0.005,-0.756,0.541,0.863,0.803,0.79,0.841,0.749,0.785,-0.091,0.544,0.266,0.446,0.842,0.137,0.474,0.747,0.571,0.781,0.302,0.579,0.776,0.618,-0.219,-0.726,0.725,0.755,-0.486,-0.023,0.371,0.652,0.135,0.762,0.874,-0.018,0.266,0.737,0.593,-0.156,0.092,0.827,0.635,0.575,0.807,0.889,0.725,0.631,-0.798,-0.094,-0.124,0.739,0.216,0.498,0.428,0.073,0.307,0.326,-0.252,-0.808,0.513,0.532,0.162,0.582,0.857,0.83,0.682,0.013,0.518,0.853,0.488,-0.697,-0.039,-0.576,-0.093,-0.169,0.198,0.617,0.831,0.215,0.736,0.528,0.545,0.21,0.693,0.849,0.278,-0.241,0.74,0.87,0.741,0.896,-0.822,0.384,0.185,0.849,0.618,0.314
ACIW,-0.62,-0.118,-0.546,-0.509,0.186,0.0,-0.433,-0.162,-0.33,-0.636,-0.813,-0.603,0.323,-0.024,0.574,-0.179,0.866,-0.11,-0.427,-0.864,-0.356,-0.615,-0.695,0.434,0.226,-0.635,0.22,-0.169,-0.206,-0.471,-0.833,-0.042,0.167,-0.396,-0.032,0.54,-0.426,-0.336,-0.705,-0.521,0.433,-0.292,-0.076,0.285,-0.125,-0.105,-0.518,0.028,-0.064,-0.646,-0.147,-0.022,-0.232,-0.059,-0.127,0.011,-0.402,-0.093,-0.465,-0.64,-0.473,0.177,-0.728,-0.361,0.387,-0.236,-0.396,-0.521,0.207,-0.422,-0.651,-0.332,-0.225,0.069,0.074,0.382,0.06,0.516,-0.523,0.308,0.332,-0.694,-0.545,-0.675,0.638,0.054,-0.046,0.094,0.578,0.266,-0.264,-0.306,-0.35,-0.765,-0.23,-0.851,-0.758,0.696,0.758,-0.402,-0.585,-0.212,-0.031,-0.662,-0.244,-0.495,-0.063,-0.211,-0.066,-0.204,-0.229,-0.122,-0.839,-0.279,-0.626,-0.483,-0.082,-0.09,-0.438,-0.141,-0.062,-0.222,0.256,0.052,-0.075,-0.315,0.63,-0.09,0.366,-0.152,0.276,0.363,-0.456,-0.323,-0.287,-0.183,-0.058,-0.837,0.591,-0.14,-0.572,-0.141,-0.193,-0.103,-0.261,-0.593,-0.129,0.047,-0.356,-0.539,-0.294,0.914,-0.427,-0.324,-0.599,-0.62,-0.493,-0.758,-0.299,-0.678,-0.207,0.086,-0.516,0.589,-0.707,-0.426,-0.119,-0.204,0.027,0.63,-0.604,-0.016,-0.557,-0.396,-0.692,-0.087,-0.56,0.698,-0.452,-0.435,0.013,0.424,-0.375,-0.427,-0.599,-0.469,-0.236,-0.125,-0.415,-0.312,-0.389,0.008,0.055,-0.004,-0.169,0.404,0.045,-0.225,0.143,-0.63
ADBE,0.535,0.865,0.705,0.556,0.647,-0.433,0.0,0.917,0.85,0.886,0.751,0.898,0.602,0.862,-0.339,0.894,-0.336,0.89,0.847,0.503,0.615,0.871,0.771,0.415,0.663,0.359,-0.38,0.194,-0.236,0.854,0.664,-0.187,0.513,0.942,-0.667,-0.307,0.922,0.89,0.797,0.223,-0.239,0.878,0.744,-0.84,0.784,-0.654,0.93,0.765,-0.577,0.89,0.876,0.746,0.746,0.555,0.909,0.826,0.886,0.867,0.695,0.887,0.929,0.721,0.776,-0.007,-0.218,0.857,0.936,0.929,-0.479,0.948,0.858,0.918,0.899,0.74,0.619,-0.552,-0.68,-0.786,0.13,0.325,0.407,0.838,0.918,0.842,-0.874,0.066,0.847,0.702,-0.544,-0.503,-0.325,0.914,0.298,0.734,0.77,0.746,0.829,-0.059,0.03,0.918,0.679,0.896,0.277,0.639,-0.473,0.804,0.868,0.904,0.875,0.828,0.903,0.837,0.524,0.849,0.819,0.706,0.824,0.39,0.667,0.852,0.513,0.915,0.26,0.616,0.782,0.846,-0.424,-0.388,0.486,0.893,-0.417,0.006,0.714,0.826,0.349,0.803,0.858,0.635,-0.077,0.867,0.932,-0.176,0.475,0.821,0.616,0.947,0.807,0.795,0.943,0.958,-0.341,-0.601,0.35,0.943,0.741,0.9,0.911,0.703,0.757,0.766,-0.169,-0.625,0.836,0.072,0.774,0.842,0.866,0.91,0.442,-0.266,0.944,0.803,0.91,-0.179,0.626,-0.123,0.572,-0.542,0.742,0.894,0.726,0.008,0.871,0.799,0.955,0.764,0.87,0.86,0.607,0.131,0.968,0.768,0.585,0.785,-0.436,0.28,0.314,0.829,0.684,0.851
ADSK,0.276,0.941,0.473,0.524,0.826,-0.162,0.917,0.0,0.911,0.733,0.508,0.761,0.781,0.975,-0.27,0.919,-0.053,0.972,0.647,0.207,0.466,0.702,0.617,0.606,0.825,0.138,-0.266,0.134,-0.399,0.757,0.437,-0.194,0.753,0.926,-0.784,-0.229,0.867,0.943,0.572,0.036,-0.265,0.95,0.918,-0.901,0.92,-0.775,0.839,0.93,-0.688,0.778,0.979,0.924,0.822,0.481,0.958,0.937,0.74,0.981,0.478,0.796,0.89,0.892,0.489,-0.27,-0.114,0.855,0.897,0.855,-0.527,0.922,0.733,0.908,0.973,0.903,0.68,-0.572,-0.856,-0.644,-0.201,0.599,0.652,0.651,0.806,0.705,-0.747,-0.097,0.956,0.887,-0.508,-0.407,-0.475,0.899,0.128,0.521,0.889,0.525,0.638,0.269,0.341,0.907,0.462,0.915,0.176,0.5,-0.637,0.629,0.946,0.97,0.96,0.925,0.968,0.932,0.236,0.88,0.619,0.674,0.965,0.23,0.482,0.948,0.678,0.961,0.26,0.79,0.929,0.894,-0.216,-0.601,0.651,0.974,-0.368,0.045,0.601,0.82,0.179,0.939,0.948,0.384,0.182,0.957,0.831,-0.345,0.267,0.965,0.682,0.856,0.95,0.938,0.939,0.894,-0.601,-0.37,0.158,0.972,0.526,0.772,0.749,0.507,0.675,0.591,-0.358,-0.802,0.719,0.374,0.592,0.82,0.984,0.938,0.518,-0.058,0.831,0.938,0.836,-0.501,0.453,-0.26,0.375,-0.387,0.586,0.873,0.922,0.15,0.845,0.823,0.824,0.563,0.913,0.971,0.42,0.013,0.947,0.905,0.797,0.866,-0.649,0.317,0.454,0.909,0.715,0.663
AEP,0.372,0.847,0.435,0.632,0.761,-0.33,0.85,0.911,0.0,0.769,0.561,0.806,0.616,0.862,-0.474,0.846,-0.204,0.866,0.515,0.296,0.336,0.663,0.666,0.386,0.739,0.266,-0.337,-0.031,-0.482,0.76,0.52,-0.168,0.673,0.929,-0.784,-0.45,0.871,0.96,0.583,0.124,-0.438,0.947,0.914,-0.953,0.915,-0.705,0.856,0.839,-0.68,0.799,0.944,0.85,0.93,0.286,0.876,0.823,0.693,0.921,0.413,0.861,0.893,0.729,0.474,-0.248,-0.314,0.77,0.918,0.861,-0.592,0.95,0.807,0.897,0.958,0.817,0.492,-0.668,-0.845,-0.696,-0.231,0.534,0.593,0.68,0.843,0.769,-0.847,-0.302,0.843,0.769,-0.588,-0.444,-0.471,0.809,0.083,0.554,0.885,0.603,0.715,0.115,0.145,0.914,0.442,0.89,-0.065,0.567,-0.453,0.622,0.849,0.944,0.847,0.98,0.916,0.881,0.279,0.819,0.585,0.779,0.92,0.183,0.475,0.854,0.649,0.923,0.126,0.712,0.913,0.91,-0.342,-0.692,0.43,0.867,-0.567,-0.141,0.727,0.884,0.173,0.9,0.849,0.414,0.151,0.892,0.882,-0.389,0.275,0.912,0.738,0.871,0.939,0.807,0.939,0.913,-0.545,-0.515,-0.006,0.946,0.511,0.822,0.665,0.58,0.542,0.606,-0.268,-0.825,0.668,0.238,0.669,0.837,0.919,0.827,0.587,-0.212,0.851,0.823,0.888,-0.488,0.512,-0.405,0.332,-0.613,0.535,0.929,0.898,-0.141,0.875,0.837,0.842,0.494,0.867,0.941,0.424,0.029,0.926,0.835,0.762,0.773,-0.602,0.09,0.372,0.975,0.477,0.672
AGIO,0.7,0.722,0.687,0.436,0.53,-0.636,0.886,0.733,0.769,0.0,0.842,0.948,0.431,0.689,-0.535,0.821,-0.436,0.744,0.805,0.711,0.73,0.891,0.743,0.265,0.499,0.336,-0.572,0.061,-0.209,0.714,0.717,-0.327,0.219,0.819,-0.54,-0.268,0.788,0.776,0.87,0.323,-0.173,0.748,0.574,-0.734,0.585,-0.561,0.897,0.548,-0.525,0.921,0.732,0.567,0.675,0.565,0.71,0.669,0.757,0.704,0.56,0.934,0.933,0.525,0.813,0.012,-0.5,0.786,0.906,0.902,-0.263,0.866,0.851,0.771,0.756,0.507,0.263,-0.669,-0.547,-0.886,0.279,0.029,0.325,0.864,0.924,0.92,-0.899,-0.127,0.677,0.415,-0.572,-0.67,-0.177,0.764,0.48,0.699,0.571,0.864,0.957,-0.42,-0.339,0.767,0.629,0.837,0.152,0.578,-0.253,0.898,0.715,0.752,0.633,0.738,0.72,0.686,0.748,0.597,0.805,0.773,0.639,0.268,0.813,0.654,0.407,0.786,0.173,0.38,0.564,0.657,-0.618,-0.373,0.276,0.682,-0.599,-0.162,0.694,0.737,0.387,0.649,0.718,0.737,-0.331,0.628,0.936,0.096,0.35,0.645,0.614,0.931,0.646,0.606,0.836,0.92,-0.201,-0.802,0.42,0.791,0.802,0.923,0.814,0.772,0.598,0.858,0.093,-0.532,0.922,-0.198,0.766,0.766,0.698,0.782,0.519,-0.515,0.936,0.621,0.832,-0.117,0.585,-0.307,0.486,-0.681,0.542,0.822,0.542,-0.153,0.86,0.687,0.937,0.621,0.672,0.694,0.7,0.261,0.88,0.619,0.349,0.634,-0.373,0.055,0.032,0.768,0.46,0.854
ALEC,0.739,0.432,0.779,0.624,0.112,-0.813,0.751,0.508,0.561,0.842,0.0,0.828,0.021,0.394,-0.482,0.517,-0.712,0.445,0.745,0.843,0.563,0.899,0.867,-0.106,0.141,0.628,-0.326,0.372,0.079,0.719,0.946,0.041,0.113,0.691,-0.22,-0.479,0.73,0.615,0.868,0.512,-0.29,0.566,0.348,-0.494,0.439,-0.141,0.819,0.341,-0.136,0.858,0.477,0.352,0.473,0.294,0.511,0.35,0.732,0.424,0.724,0.849,0.709,0.187,0.896,0.337,-0.311,0.599,0.688,0.799,-0.331,0.693,0.861,0.585,0.55,0.252,0.26,-0.416,-0.324,-0.709,0.526,-0.024,-0.097,0.91,0.813,0.871,-0.78,0.03,0.378,0.195,-0.542,-0.37,0.092,0.632,0.506,0.918,0.489,0.96,0.913,-0.493,-0.466,0.66,0.78,0.529,0.239,0.803,0.042,0.741,0.43,0.517,0.445,0.47,0.565,0.471,0.884,0.556,0.872,0.668,0.402,0.187,0.573,0.481,0.233,0.547,-0.011,0.278,0.376,0.589,-0.546,-0.055,-0.013,0.521,-0.321,-0.04,0.622,0.581,0.373,0.474,0.42,0.898,-0.421,0.472,0.815,0.023,0.396,0.42,0.429,0.832,0.428,0.311,0.667,0.794,0.154,-0.824,0.584,0.635,0.838,0.892,0.822,0.848,0.615,0.827,0.037,-0.266,0.792,-0.443,0.912,0.675,0.447,0.537,0.16,-0.559,0.865,0.365,0.802,0.232,0.835,0.108,0.754,-0.689,0.624,0.707,0.301,-0.235,0.658,0.664,0.825,0.686,0.556,0.452,0.56,0.399,0.692,0.281,0.169,0.322,-0.029,-0.064,0.105,0.474,0.29,0.885
ALNY,0.664,0.722,0.724,0.533,0.541,-0.603,0.898,0.761,0.806,0.948,0.828,0.0,0.406,0.703,-0.447,0.829,-0.46,0.741,0.801,0.661,0.613,0.883,0.791,0.249,0.527,0.424,-0.539,0.121,-0.203,0.776,0.737,-0.209,0.306,0.864,-0.534,-0.387,0.852,0.819,0.85,0.261,-0.249,0.78,0.628,-0.766,0.65,-0.52,0.927,0.596,-0.474,0.924,0.768,0.596,0.706,0.482,0.757,0.707,0.82,0.722,0.666,0.914,0.914,0.537,0.814,0.029,-0.409,0.798,0.914,0.892,-0.377,0.88,0.874,0.804,0.797,0.567,0.353,-0.666,-0.575,-0.912,0.232,0.114,0.32,0.889,0.938,0.914,-0.912,-0.139,0.674,0.468,-0.436,-0.659,-0.176,0.79,0.42,0.747,0.647,0.831,0.937,-0.348,-0.248,0.807,0.645,0.839,0.16,0.618,-0.269,0.869,0.724,0.775,0.669,0.754,0.772,0.742,0.668,0.661,0.849,0.724,0.676,0.232,0.77,0.696,0.432,0.793,0.16,0.419,0.629,0.742,-0.617,-0.362,0.231,0.729,-0.543,-0.002,0.738,0.798,0.428,0.674,0.722,0.721,-0.274,0.681,0.969,-0.061,0.435,0.678,0.607,0.936,0.684,0.623,0.884,0.938,-0.215,-0.754,0.341,0.832,0.787,0.926,0.841,0.764,0.657,0.861,-0.011,-0.563,0.895,-0.203,0.819,0.781,0.71,0.79,0.463,-0.589,0.945,0.641,0.88,-0.085,0.647,-0.243,0.553,-0.703,0.581,0.866,0.585,-0.163,0.904,0.767,0.944,0.658,0.758,0.739,0.651,0.227,0.913,0.605,0.419,0.638,-0.366,0.137,0.092,0.785,0.455,0.868
ALTR,-0.045,0.833,0.081,-0.024,0.916,0.323,0.602,0.781,0.616,0.431,0.021,0.406,0.0,0.869,0.037,0.792,0.477,0.861,0.422,-0.197,0.452,0.32,0.082,0.885,0.89,-0.396,-0.29,-0.159,-0.489,0.323,-0.139,-0.472,0.602,0.556,-0.734,0.28,0.455,0.619,0.225,-0.28,0.109,0.649,0.731,-0.655,0.639,-0.86,0.445,0.749,-0.742,0.372,0.781,0.746,0.571,0.608,0.742,0.876,0.364,0.824,0.067,0.41,0.618,0.924,0.074,-0.574,-0.05,0.672,0.633,0.521,-0.114,0.593,0.236,0.622,0.709,0.803,0.466,-0.453,-0.707,-0.405,-0.443,0.505,0.858,0.192,0.465,0.296,-0.355,-0.112,0.857,0.768,-0.151,-0.431,-0.581,0.601,0.027,-0.042,0.553,0.039,0.245,0.417,0.539,0.525,0.036,0.776,0.071,-0.06,-0.784,0.426,0.84,0.745,0.774,0.723,0.681,0.725,-0.14,0.504,0.193,0.311,0.769,0.178,0.44,0.724,0.578,0.742,0.384,0.605,0.697,0.499,-0.055,-0.628,0.801,0.723,-0.333,0.041,0.241,0.501,0.087,0.688,0.842,-0.085,0.289,0.694,0.463,-0.072,0.035,0.773,0.536,0.464,0.727,0.869,0.615,0.511,-0.765,0.029,-0.004,0.651,0.148,0.371,0.367,0.013,0.314,0.226,-0.258,-0.7,0.478,0.644,0.038,0.497,0.809,0.786,0.6,0.204,0.438,0.834,0.362,-0.669,-0.098,-0.447,-0.144,0.047,0.192,0.49,0.753,0.379,0.563,0.399,0.455,0.219,0.591,0.765,0.281,-0.206,0.659,0.858,0.663,0.849,-0.774,0.502,0.254,0.724,0.697,0.221
AMBA,0.213,0.951,0.393,0.391,0.895,-0.024,0.862,0.975,0.862,0.689,0.394,0.703,0.869,0.0,-0.202,0.94,0.106,0.976,0.629,0.115,0.5,0.636,0.505,0.72,0.887,-0.012,-0.287,0.072,-0.42,0.662,0.295,-0.271,0.735,0.86,-0.783,-0.064,0.792,0.885,0.5,-0.058,-0.129,0.894,0.899,-0.85,0.872,-0.826,0.773,0.914,-0.73,0.698,0.969,0.915,0.777,0.555,0.934,0.975,0.675,0.976,0.376,0.714,0.852,0.958,0.398,-0.353,-0.129,0.859,0.864,0.798,-0.439,0.863,0.636,0.853,0.938,0.913,0.644,-0.571,-0.832,-0.617,-0.262,0.584,0.756,0.563,0.756,0.634,-0.664,-0.107,0.968,0.889,-0.402,-0.456,-0.487,0.872,0.179,0.377,0.817,0.402,0.563,0.305,0.411,0.827,0.371,0.914,0.168,0.351,-0.678,0.612,0.973,0.94,0.935,0.904,0.929,0.922,0.149,0.798,0.536,0.605,0.948,0.21,0.512,0.917,0.687,0.941,0.368,0.765,0.9,0.814,-0.159,-0.636,0.742,0.948,-0.378,0.087,0.547,0.783,0.163,0.899,0.98,0.264,0.228,0.91,0.771,-0.279,0.215,0.944,0.668,0.779,0.924,0.972,0.889,0.825,-0.658,-0.267,0.143,0.916,0.479,0.69,0.677,0.386,0.619,0.544,-0.308,-0.797,0.696,0.432,0.471,0.753,0.97,0.933,0.582,0.008,0.754,0.947,0.738,-0.584,0.304,-0.344,0.254,-0.268,0.474,0.809,0.913,0.25,0.826,0.739,0.753,0.487,0.858,0.955,0.412,0.005,0.906,0.929,0.778,0.884,-0.699,0.393,0.404,0.894,0.749,0.576
AMCX,-0.397,-0.264,-0.168,-0.298,-0.155,0.574,-0.339,-0.27,-0.474,-0.535,-0.482,-0.447,0.037,-0.202,0.0,-0.245,0.491,-0.244,-0.077,-0.507,-0.249,-0.306,-0.348,0.147,-0.035,-0.239,0.28,0.309,0.438,-0.297,-0.458,0.267,0.007,-0.393,0.432,0.368,-0.325,-0.407,-0.41,-0.317,0.477,-0.384,-0.302,0.489,-0.305,0.287,-0.457,-0.231,0.426,-0.52,-0.295,-0.247,-0.497,-0.019,-0.295,-0.12,-0.229,-0.298,-0.02,-0.612,-0.465,-0.008,-0.282,0.032,0.585,-0.178,-0.468,-0.464,0.15,-0.482,-0.5,-0.385,-0.378,-0.056,0.134,0.304,0.409,0.365,-0.079,0.071,-0.032,-0.372,-0.442,-0.524,0.582,0.38,-0.191,-0.08,0.684,0.218,0.29,-0.215,-0.057,-0.348,-0.289,-0.589,-0.564,0.351,0.387,-0.443,-0.213,-0.364,0.229,-0.45,-0.1,-0.385,-0.162,-0.368,-0.198,-0.446,-0.277,-0.18,-0.498,-0.228,-0.199,-0.676,-0.303,-0.042,-0.251,-0.232,-0.15,-0.368,0.287,-0.083,-0.249,-0.325,0.356,0.369,0.117,-0.181,0.588,0.467,-0.413,-0.328,-0.04,-0.326,-0.196,-0.367,0.15,-0.251,-0.428,-0.073,-0.036,-0.289,-0.418,-0.543,-0.367,-0.124,-0.367,-0.473,0.144,0.574,-0.006,-0.364,-0.28,-0.495,-0.225,-0.482,-0.121,-0.374,-0.188,0.336,-0.363,0.155,-0.402,-0.45,-0.298,-0.233,-0.383,0.447,-0.434,-0.207,-0.445,0.169,-0.253,0.435,-0.16,0.615,-0.156,-0.434,-0.276,0.526,-0.362,-0.3,-0.423,-0.105,-0.215,-0.276,-0.273,-0.089,-0.36,-0.32,-0.181,-0.204,0.224,0.632,-0.055,-0.451,0.145,-0.356
AMKR,0.401,0.917,0.539,0.342,0.875,-0.179,0.894,0.919,0.846,0.821,0.517,0.829,0.792,0.94,-0.245,0.0,-0.02,0.928,0.753,0.287,0.651,0.71,0.579,0.668,0.862,0.067,-0.509,0.004,-0.378,0.664,0.393,-0.343,0.548,0.862,-0.728,-0.041,0.794,0.866,0.663,0.031,-0.066,0.856,0.802,-0.818,0.775,-0.797,0.847,0.799,-0.697,0.774,0.929,0.783,0.754,0.681,0.901,0.945,0.741,0.905,0.462,0.769,0.907,0.876,0.554,-0.277,-0.279,0.909,0.927,0.847,-0.33,0.882,0.686,0.84,0.909,0.833,0.553,-0.652,-0.74,-0.805,-0.084,0.365,0.698,0.671,0.853,0.741,-0.771,-0.117,0.92,0.732,-0.373,-0.664,-0.406,0.859,0.291,0.433,0.721,0.504,0.69,0.044,0.168,0.801,0.429,0.964,0.202,0.321,-0.611,0.807,0.941,0.892,0.872,0.872,0.867,0.887,0.319,0.699,0.657,0.625,0.863,0.274,0.714,0.845,0.543,0.895,0.401,0.59,0.803,0.75,-0.414,-0.526,0.652,0.883,-0.511,0.038,0.618,0.835,0.303,0.811,0.953,0.389,0.039,0.811,0.865,-0.125,0.324,0.848,0.628,0.831,0.824,0.908,0.905,0.877,-0.538,-0.424,0.202,0.887,0.629,0.783,0.771,0.458,0.608,0.673,-0.165,-0.726,0.795,0.209,0.549,0.735,0.896,0.945,0.625,-0.211,0.812,0.876,0.76,-0.423,0.319,-0.395,0.306,-0.414,0.468,0.817,0.802,0.171,0.922,0.724,0.839,0.548,0.847,0.906,0.55,0.005,0.926,0.851,0.632,0.885,-0.628,0.417,0.15,0.888,0.734,0.684
AMRX,-0.557,0.025,-0.536,-0.557,0.343,0.866,-0.336,-0.053,-0.204,-0.436,-0.712,-0.46,0.477,0.106,0.491,-0.02,0.0,0.037,-0.347,-0.765,-0.135,-0.472,-0.664,0.567,0.332,-0.778,0.062,-0.242,-0.27,-0.45,-0.807,-0.271,0.182,-0.315,-0.105,0.616,-0.389,-0.224,-0.577,-0.554,0.471,-0.198,0.048,0.179,-0.049,-0.269,-0.437,0.086,-0.215,-0.5,-0.017,0.099,-0.135,0.133,-0.078,0.151,-0.426,0.039,-0.561,-0.469,-0.302,0.314,-0.681,-0.538,0.219,-0.092,-0.25,-0.362,0.372,-0.309,-0.589,-0.254,-0.123,0.151,-0.03,0.12,-0.066,0.344,-0.564,0.289,0.521,-0.63,-0.413,-0.51,0.551,-0.113,0.08,0.128,0.519,0.092,-0.306,-0.241,-0.204,-0.768,-0.178,-0.734,-0.581,0.587,0.664,-0.363,-0.637,-0.058,-0.168,-0.707,-0.347,-0.333,0.07,-0.098,-0.013,-0.06,-0.15,-0.007,-0.716,-0.293,-0.556,-0.355,0.031,-0.202,-0.246,-0.06,0.099,-0.097,0.226,0.072,-0.019,-0.292,0.488,-0.255,0.452,-0.072,0.128,0.232,-0.455,-0.261,-0.287,-0.048,0.089,-0.775,0.464,-0.092,-0.435,0.014,-0.37,0.027,-0.058,-0.468,-0.009,0.173,-0.251,-0.411,-0.393,0.752,-0.296,-0.231,-0.52,-0.478,-0.45,-0.736,-0.375,-0.56,-0.144,-0.063,-0.298,0.619,-0.7,-0.302,0.016,-0.059,0.222,0.518,-0.461,0.101,-0.508,-0.56,-0.694,-0.335,-0.687,0.629,-0.539,-0.348,0.111,0.441,-0.238,-0.363,-0.49,-0.514,-0.21,-0.023,-0.299,-0.267,-0.256,0.166,0.091,0.12,-0.367,0.387,-0.033,-0.066,0.196,-0.551
ANSS,0.236,0.959,0.388,0.375,0.865,-0.11,0.89,0.972,0.866,0.744,0.445,0.741,0.861,0.976,-0.244,0.928,0.037,0.0,0.657,0.179,0.531,0.67,0.501,0.697,0.845,0.002,-0.314,0.049,-0.411,0.664,0.326,-0.332,0.686,0.858,-0.783,-0.104,0.786,0.896,0.545,-0.044,-0.175,0.908,0.883,-0.88,0.841,-0.823,0.776,0.89,-0.722,0.752,0.955,0.89,0.77,0.547,0.91,0.952,0.668,0.971,0.402,0.769,0.897,0.917,0.451,-0.377,-0.145,0.853,0.878,0.819,-0.405,0.876,0.644,0.872,0.926,0.879,0.569,-0.622,-0.835,-0.652,-0.226,0.528,0.721,0.6,0.773,0.656,-0.7,-0.136,0.965,0.856,-0.473,-0.494,-0.477,0.858,0.164,0.418,0.814,0.485,0.629,0.222,0.307,0.832,0.389,0.923,0.156,0.382,-0.697,0.632,0.945,0.947,0.921,0.901,0.923,0.891,0.236,0.795,0.549,0.611,0.927,0.221,0.568,0.918,0.702,0.942,0.266,0.731,0.872,0.805,-0.251,-0.642,0.676,0.928,-0.402,-0.013,0.529,0.744,0.215,0.896,0.946,0.345,0.103,0.901,0.797,-0.204,0.189,0.94,0.717,0.825,0.909,0.934,0.889,0.853,-0.669,-0.371,0.167,0.922,0.465,0.719,0.676,0.456,0.612,0.583,-0.302,-0.814,0.751,0.428,0.48,0.798,0.97,0.944,0.55,-0.05,0.799,0.936,0.752,-0.529,0.342,-0.336,0.241,-0.304,0.501,0.805,0.879,0.197,0.805,0.745,0.797,0.496,0.842,0.933,0.455,-0.018,0.93,0.915,0.77,0.889,-0.721,0.327,0.39,0.899,0.695,0.584
APPN,0.576,0.646,0.763,0.334,0.418,-0.427,0.847,0.647,0.515,0.805,0.745,0.801,0.422,0.629,-0.077,0.753,-0.347,0.657,0.0,0.583,0.735,0.853,0.68,0.365,0.448,0.341,-0.434,0.332,0.113,0.651,0.625,-0.14,0.179,0.689,-0.303,-0.068,0.7,0.612,0.801,0.195,0.096,0.581,0.385,-0.484,0.417,-0.379,0.781,0.445,-0.259,0.769,0.596,0.41,0.385,0.675,0.656,0.636,0.835,0.565,0.791,0.68,0.735,0.529,0.891,0.154,-0.111,0.785,0.729,0.76,-0.245,0.679,0.689,0.64,0.597,0.495,0.491,-0.434,-0.297,-0.782,0.408,-0.019,0.202,0.818,0.796,0.727,-0.685,0.287,0.617,0.395,-0.263,-0.602,0.02,0.775,0.566,0.689,0.445,0.671,0.768,-0.309,-0.158,0.615,0.689,0.684,0.465,0.462,-0.337,0.816,0.679,0.596,0.611,0.48,0.645,0.586,0.64,0.578,0.845,0.422,0.487,0.385,0.792,0.566,0.243,0.631,0.366,0.301,0.44,0.551,-0.495,-0.055,0.384,0.663,-0.221,0.166,0.542,0.607,0.542,0.482,0.65,0.698,-0.368,0.545,0.79,0.103,0.531,0.486,0.404,0.767,0.439,0.578,0.699,0.759,-0.081,-0.58,0.57,0.671,0.817,0.765,0.9,0.61,0.714,0.809,0.047,-0.32,0.823,-0.195,0.69,0.624,0.565,0.756,0.2,-0.323,0.8,0.539,0.683,0.181,0.55,0.103,0.618,-0.348,0.619,0.64,0.359,0.168,0.718,0.598,0.82,0.749,0.665,0.559,0.638,0.211,0.764,0.439,0.242,0.576,-0.187,0.405,0.02,0.505,0.663,0.792
APTO,0.732,0.189,0.639,0.387,-0.122,-0.864,0.503,0.207,0.296,0.711,0.843,0.661,-0.197,0.115,-0.507,0.287,-0.765,0.179,0.583,0.0,0.564,0.716,0.696,-0.297,-0.127,0.588,-0.271,0.258,0.21,0.488,0.821,-0.044,-0.203,0.423,0.003,-0.294,0.463,0.321,0.78,0.597,-0.164,0.264,0.049,-0.233,0.105,0.017,0.569,0.022,-0.0,0.646,0.18,0.041,0.226,0.271,0.206,0.091,0.511,0.13,0.523,0.643,0.522,-0.063,0.811,0.399,-0.455,0.324,0.445,0.575,-0.126,0.446,0.659,0.341,0.24,-0.074,0.002,-0.318,-0.016,-0.553,0.631,-0.351,-0.265,0.751,0.624,0.711,-0.62,0.056,0.099,-0.068,-0.443,-0.323,0.264,0.419,0.542,0.741,0.167,0.858,0.803,-0.713,-0.712,0.411,0.698,0.289,0.253,0.63,0.26,0.638,0.18,0.244,0.121,0.207,0.25,0.168,0.914,0.269,0.687,0.536,0.109,0.177,0.606,0.171,0.055,0.288,0.009,-0.046,0.063,0.269,-0.538,0.143,-0.219,0.205,-0.312,-0.167,0.514,0.375,0.257,0.166,0.172,0.853,-0.502,0.137,0.603,0.278,0.306,0.11,0.216,0.598,0.123,0.036,0.381,0.555,0.336,-0.825,0.632,0.33,0.748,0.653,0.583,0.793,0.454,0.772,0.34,-0.035,0.627,-0.6,0.714,0.369,0.136,0.255,0.082,-0.599,0.638,0.087,0.554,0.392,0.633,0.077,0.639,-0.585,0.469,0.454,-0.012,-0.285,0.414,0.379,0.646,0.571,0.244,0.158,0.579,0.444,0.433,0.062,-0.129,0.063,0.183,-0.228,-0.066,0.227,0.061,0.697
ARCT,0.449,0.563,0.501,-0.028,0.423,-0.356,0.615,0.466,0.336,0.73,0.563,0.613,0.452,0.5,-0.249,0.651,-0.135,0.531,0.735,0.564,0.0,0.651,0.43,0.455,0.358,-0.055,-0.423,0.078,-0.004,0.325,0.391,-0.458,-0.009,0.418,-0.255,0.349,0.374,0.391,0.719,0.229,0.189,0.366,0.268,-0.32,0.226,-0.442,0.554,0.301,-0.358,0.576,0.439,0.268,0.244,0.856,0.459,0.527,0.452,0.417,0.289,0.553,0.629,0.469,0.597,-0.095,-0.299,0.624,0.575,0.619,0.191,0.483,0.403,0.423,0.419,0.306,0.237,-0.412,-0.263,-0.602,0.326,-0.186,0.292,0.536,0.61,0.596,-0.502,0.095,0.498,0.231,-0.246,-0.56,-0.041,0.523,0.556,0.355,0.202,0.525,0.634,-0.37,-0.244,0.371,0.43,0.6,0.39,0.171,-0.363,0.779,0.54,0.415,0.422,0.365,0.414,0.372,0.646,0.242,0.571,0.389,0.358,0.172,0.816,0.414,0.199,0.454,0.345,0.087,0.23,0.204,-0.491,-0.015,0.45,0.444,-0.312,-0.023,0.273,0.393,0.261,0.361,0.569,0.543,-0.324,0.296,0.57,0.5,0.132,0.346,0.363,0.57,0.291,0.504,0.441,0.561,-0.13,-0.469,0.664,0.433,0.648,0.568,0.63,0.385,0.413,0.664,0.21,-0.273,0.744,-0.113,0.351,0.399,0.43,0.639,0.344,-0.305,0.561,0.496,0.375,0.013,0.178,-0.187,0.281,-0.182,0.28,0.356,0.228,0.269,0.551,0.317,0.599,0.488,0.37,0.387,0.567,0.107,0.554,0.449,0.097,0.527,-0.288,0.277,-0.13,0.385,0.551,0.544
ARWR,0.672,0.63,0.781,0.583,0.343,-0.615,0.871,0.702,0.663,0.891,0.899,0.883,0.32,0.636,-0.306,0.71,-0.472,0.67,0.853,0.716,0.651,0.0,0.849,0.166,0.384,0.484,-0.335,0.442,0.045,0.791,0.82,-0.036,0.303,0.804,-0.343,-0.34,0.834,0.714,0.821,0.346,-0.113,0.688,0.504,-0.593,0.571,-0.348,0.858,0.529,-0.295,0.866,0.661,0.56,0.543,0.459,0.666,0.61,0.814,0.638,0.723,0.86,0.822,0.488,0.874,0.226,-0.26,0.755,0.784,0.854,-0.37,0.785,0.875,0.705,0.686,0.468,0.43,-0.518,-0.433,-0.748,0.411,0.131,0.154,0.92,0.857,0.883,-0.775,0.112,0.602,0.431,-0.461,-0.442,0.023,0.816,0.589,0.847,0.584,0.867,0.895,-0.305,-0.239,0.743,0.768,0.688,0.334,0.731,-0.163,0.769,0.668,0.682,0.621,0.606,0.725,0.67,0.755,0.68,0.896,0.689,0.585,0.227,0.657,0.647,0.419,0.734,0.233,0.489,0.536,0.692,-0.393,-0.184,0.26,0.717,-0.299,0.12,0.645,0.681,0.34,0.618,0.661,0.807,-0.285,0.643,0.872,-0.054,0.391,0.604,0.486,0.869,0.593,0.565,0.791,0.87,-0.015,-0.714,0.608,0.765,0.865,0.883,0.879,0.81,0.746,0.843,0.012,-0.384,0.904,-0.254,0.86,0.719,0.637,0.71,0.287,-0.414,0.928,0.571,0.843,0.018,0.789,0.038,0.695,-0.567,0.654,0.802,0.488,-0.01,0.762,0.73,0.886,0.736,0.675,0.636,0.595,0.428,0.829,0.5,0.302,0.488,-0.173,0.171,0.208,0.61,0.536,0.915
ASND,0.623,0.491,0.775,0.819,0.21,-0.695,0.771,0.617,0.666,0.743,0.867,0.791,0.082,0.505,-0.348,0.579,-0.664,0.501,0.68,0.696,0.43,0.849,0.0,-0.081,0.259,0.693,-0.142,0.462,0.12,0.818,0.928,0.257,0.361,0.786,-0.236,-0.534,0.837,0.692,0.788,0.48,-0.375,0.66,0.505,-0.553,0.609,-0.159,0.828,0.507,-0.139,0.787,0.601,0.487,0.553,0.226,0.605,0.468,0.782,0.524,0.711,0.775,0.711,0.341,0.806,0.339,-0.223,0.623,0.687,0.774,-0.605,0.746,0.9,0.656,0.657,0.447,0.521,-0.406,-0.372,-0.624,0.364,0.197,0.014,0.89,0.796,0.837,-0.794,0.083,0.473,0.433,-0.525,-0.252,0.109,0.755,0.416,0.904,0.639,0.826,0.787,-0.238,-0.236,0.772,0.813,0.552,0.318,0.827,-0.033,0.635,0.551,0.602,0.561,0.562,0.688,0.612,0.669,0.727,0.881,0.657,0.55,0.195,0.455,0.595,0.35,0.619,0.176,0.466,0.566,0.734,-0.371,-0.05,0.108,0.663,-0.221,0.052,0.727,0.772,0.198,0.586,0.548,0.82,-0.12,0.611,0.826,-0.292,0.444,0.535,0.376,0.794,0.557,0.463,0.741,0.825,0.081,-0.691,0.461,0.727,0.838,0.828,0.843,0.828,0.735,0.78,-0.105,-0.351,0.658,-0.335,0.938,0.619,0.544,0.577,0.142,-0.379,0.839,0.484,0.886,0.112,0.845,0.152,0.829,-0.656,0.736,0.787,0.468,-0.096,0.732,0.793,0.835,0.778,0.7,0.609,0.475,0.374,0.733,0.374,0.346,0.356,0.02,0.093,0.29,0.546,0.385,0.883
ASTH,-0.266,0.722,-0.063,-0.206,0.831,0.434,0.415,0.606,0.386,0.265,-0.106,0.249,0.885,0.72,0.147,0.668,0.567,0.697,0.365,-0.297,0.455,0.166,-0.081,0.0,0.741,-0.563,-0.229,-0.131,-0.333,0.057,-0.269,-0.476,0.496,0.323,-0.508,0.475,0.203,0.455,0.104,-0.42,0.177,0.477,0.561,-0.436,0.443,-0.691,0.274,0.624,-0.537,0.26,0.617,0.574,0.311,0.627,0.572,0.753,0.189,0.642,-0.027,0.23,0.43,0.824,-0.025,-0.693,0.17,0.627,0.443,0.354,0.077,0.347,0.004,0.377,0.52,0.697,0.378,-0.352,-0.585,-0.305,-0.466,0.419,0.776,0.048,0.264,0.113,-0.127,-0.114,0.736,0.617,0.024,-0.423,-0.447,0.417,0.013,-0.177,0.399,-0.118,0.09,0.433,0.578,0.27,-0.182,0.602,0.14,-0.265,-0.853,0.324,0.661,0.516,0.609,0.493,0.523,0.531,-0.183,0.312,0.07,0.092,0.592,0.012,0.351,0.562,0.452,0.494,0.259,0.408,0.516,0.325,-0.049,-0.499,0.798,0.574,-0.095,0.172,-0.049,0.267,0.155,0.548,0.682,-0.133,0.147,0.507,0.268,0.075,-0.115,0.6,0.511,0.3,0.519,0.761,0.4,0.334,-0.769,0.174,0.053,0.461,0.002,0.198,0.246,-0.188,0.234,0.16,-0.313,-0.62,0.394,0.637,-0.156,0.359,0.646,0.701,0.377,0.228,0.234,0.716,0.134,-0.57,-0.261,-0.338,-0.194,0.266,0.004,0.246,0.573,0.561,0.428,0.297,0.243,0.028,0.462,0.565,0.061,-0.341,0.475,0.647,0.584,0.718,-0.781,0.505,0.124,0.494,0.627,0.029
ATSG,0.175,0.816,0.266,0.175,0.919,0.226,0.663,0.825,0.739,0.499,0.141,0.527,0.89,0.887,-0.035,0.862,0.332,0.845,0.448,-0.127,0.358,0.384,0.259,0.741,0.0,-0.138,-0.401,-0.132,-0.563,0.478,0.022,-0.32,0.643,0.699,-0.806,0.059,0.626,0.73,0.31,-0.161,0.069,0.745,0.797,-0.728,0.754,-0.839,0.61,0.775,-0.756,0.453,0.846,0.778,0.729,0.502,0.815,0.89,0.524,0.849,0.216,0.483,0.684,0.887,0.168,-0.397,-0.185,0.708,0.737,0.587,-0.314,0.713,0.408,0.713,0.816,0.833,0.539,-0.493,-0.739,-0.542,-0.342,0.53,0.85,0.337,0.602,0.423,-0.513,-0.139,0.849,0.754,-0.189,-0.487,-0.584,0.678,0.034,0.083,0.652,0.123,0.321,0.382,0.463,0.649,0.183,0.847,0.07,0.069,-0.642,0.52,0.87,0.811,0.833,0.814,0.747,0.836,-0.11,0.583,0.326,0.455,0.831,0.232,0.439,0.785,0.515,0.8,0.473,0.648,0.797,0.641,-0.116,-0.61,0.737,0.786,-0.475,0.084,0.473,0.704,0.129,0.733,0.874,-0.042,0.37,0.756,0.604,-0.307,0.225,0.807,0.462,0.548,0.789,0.868,0.759,0.622,-0.652,-0.048,-0.126,0.739,0.315,0.511,0.484,0.13,0.385,0.291,-0.282,-0.675,0.49,0.478,0.254,0.559,0.832,0.787,0.696,0.049,0.532,0.818,0.539,-0.644,0.032,-0.487,0.005,-0.206,0.255,0.658,0.846,0.206,0.72,0.529,0.561,0.3,0.744,0.865,0.368,-0.15,0.727,0.854,0.666,0.871,-0.689,0.545,0.198,0.821,0.733,0.4
AVTX,0.578,-0.033,0.602,0.714,-0.296,-0.635,0.359,0.138,0.266,0.336,0.628,0.424,-0.396,-0.012,-0.239,0.067,-0.778,0.002,0.341,0.588,-0.055,0.484,0.693,-0.563,-0.138,0.0,0.003,0.414,0.235,0.555,0.747,0.504,0.014,0.411,0.042,-0.728,0.518,0.275,0.423,0.428,-0.313,0.255,0.056,-0.178,0.184,0.27,0.447,0.035,0.222,0.392,0.097,0.015,0.214,-0.258,0.157,-0.043,0.543,0.038,0.706,0.367,0.258,-0.189,0.633,0.669,-0.119,0.088,0.252,0.309,-0.577,0.349,0.614,0.295,0.203,-0.02,0.268,-0.064,0.052,-0.312,0.53,-0.085,-0.396,0.647,0.416,0.48,-0.491,0.246,-0.039,0.003,-0.311,-0.009,0.265,0.373,0.201,0.753,0.272,0.599,0.457,-0.331,-0.408,0.416,0.706,0.088,0.278,0.713,0.363,0.228,0.027,0.18,0.138,0.124,0.238,0.156,0.5,0.408,0.563,0.35,0.069,0.249,0.12,0.134,-0.057,0.188,0.066,0.095,0.168,0.43,-0.241,0.285,-0.338,0.19,-0.071,0.031,0.56,0.425,0.186,0.1,0.015,0.59,-0.178,0.227,0.438,-0.413,0.537,0.046,-0.071,0.4,0.1,-0.067,0.337,0.41,0.459,-0.543,0.179,0.291,0.57,0.461,0.507,0.706,0.499,0.426,0.032,0.115,0.226,-0.528,0.77,0.299,0.047,0.049,-0.206,-0.398,0.461,-0.05,0.577,0.486,0.752,0.37,0.725,-0.588,0.582,0.429,0.038,-0.368,0.274,0.444,0.469,0.536,0.365,0.15,0.312,0.325,0.278,-0.114,-0.055,-0.079,0.445,-0.134,0.125,0.12,-0.006,0.6
BCPC,-0.575,-0.308,-0.406,0.169,-0.419,0.22,-0.38,-0.266,-0.337,-0.572,-0.326,-0.539,-0.29,-0.287,0.28,-0.509,0.062,-0.314,-0.434,-0.271,-0.423,-0.335,-0.142,-0.229,-0.401,0.003,0.0,0.433,0.413,-0.231,-0.147,0.517,0.226,-0.353,0.44,-0.014,-0.288,-0.285,-0.459,-0.053,-0.218,-0.267,-0.123,0.357,-0.134,0.495,-0.462,-0.099,0.494,-0.413,-0.301,-0.122,-0.399,-0.534,-0.35,-0.302,-0.369,-0.29,-0.198,-0.417,-0.459,-0.192,-0.397,0.016,0.543,-0.41,-0.554,-0.403,-0.21,-0.422,-0.325,-0.343,-0.329,-0.139,0.16,0.451,0.228,0.747,-0.219,0.321,-0.271,-0.309,-0.501,-0.463,0.515,0.149,-0.291,0.095,0.099,0.788,0.337,-0.179,-0.189,-0.098,-0.014,-0.292,-0.477,0.461,0.348,-0.249,-0.08,-0.548,0.179,0.071,0.092,-0.703,-0.315,-0.286,-0.21,-0.368,-0.165,-0.297,-0.279,0.007,-0.379,-0.409,-0.188,-0.294,-0.622,-0.151,0.242,-0.34,-0.154,0.084,-0.099,-0.133,0.604,0.265,-0.056,-0.163,0.714,0.192,-0.347,-0.353,-0.423,-0.124,-0.293,-0.158,0.315,-0.142,-0.484,-0.306,-0.358,-0.173,-0.178,-0.422,-0.189,-0.203,-0.426,-0.396,0.06,0.376,0.097,-0.283,-0.399,-0.467,-0.374,-0.182,-0.022,-0.324,-0.307,0.141,-0.49,0.322,-0.229,-0.269,-0.247,-0.388,-0.639,0.481,-0.392,-0.156,-0.295,0.096,0.011,0.536,0.006,0.571,-0.018,-0.386,-0.157,0.308,-0.534,-0.085,-0.445,-0.177,-0.227,-0.275,-0.529,0.063,-0.389,-0.27,0.098,-0.427,0.256,-0.157,0.59,-0.441,-0.258,-0.445
BEAM,0.126,-0.008,0.378,0.481,-0.281,-0.169,0.194,0.134,-0.031,0.061,0.372,0.121,-0.159,0.072,0.309,0.004,-0.242,0.049,0.332,0.258,0.078,0.442,0.462,-0.131,-0.132,0.414,0.433,0.0,0.626,0.3,0.458,0.616,0.268,0.166,0.365,-0.162,0.28,0.119,0.147,0.199,0.093,0.106,0.052,0.139,0.125,0.372,0.178,0.15,0.437,0.18,0.051,0.147,-0.14,-0.086,0.047,0.064,0.302,0.013,0.522,0.089,0.064,0.081,0.358,0.406,0.379,0.174,-0.048,0.121,-0.322,0.031,0.291,0.022,0.047,0.066,0.419,0.128,0.133,0.05,0.392,0.233,-0.215,0.411,0.142,0.215,0.046,0.363,0.027,0.167,0.02,0.289,0.543,0.372,0.447,0.503,0.252,0.291,0.167,0.117,0.067,0.131,0.535,-0.109,0.591,0.475,0.142,-0.055,0.083,0.039,0.135,-0.107,0.213,0.173,0.329,0.332,0.421,0.014,0.06,-0.171,-0.061,0.215,0.221,0.064,0.189,0.304,0.116,0.219,0.279,0.354,0.06,0.294,0.576,0.586,0.064,0.089,0.018,0.159,0.102,0.435,-0.031,0.152,0.144,-0.281,0.074,0.102,-0.062,0.139,0.051,0.107,0.112,0.163,0.318,-0.072,0.608,0.146,0.423,0.149,0.369,0.378,0.557,0.328,-0.238,0.122,0.243,-0.17,0.449,0.106,0.06,0.065,-0.465,0.085,0.245,0.106,0.252,0.289,0.577,0.646,0.648,0.13,0.292,0.146,0.054,0.417,0.047,0.376,0.143,0.331,0.241,0.061,0.025,0.467,0.128,-0.122,0.018,-0.183,0.32,0.203,0.377,-0.154,0.25,0.335
BILI,-0.079,-0.409,0.088,0.074,-0.597,-0.206,-0.236,-0.399,-0.482,-0.209,0.079,-0.203,-0.489,-0.42,0.438,-0.378,-0.27,-0.411,0.113,0.21,-0.004,0.045,0.12,-0.333,-0.563,0.235,0.413,0.626,0.0,-0.178,0.178,0.502,-0.272,-0.349,0.824,0.068,-0.25,-0.377,0.003,0.112,0.168,-0.388,-0.467,0.548,-0.449,0.7,-0.257,-0.419,0.775,-0.151,-0.437,-0.427,-0.6,-0.14,-0.478,-0.373,-0.119,-0.489,0.217,-0.283,-0.31,-0.357,0.193,0.371,0.4,-0.164,-0.434,-0.271,0.048,-0.423,-0.129,-0.409,-0.464,-0.38,-0.044,0.2,0.658,0.242,0.436,-0.293,-0.511,0.073,-0.213,-0.155,0.321,0.368,-0.393,-0.309,0.229,0.249,0.87,-0.137,0.379,0.178,-0.296,0.027,-0.091,-0.23,-0.29,-0.362,0.216,-0.514,0.408,0.074,0.285,-0.249,-0.37,-0.463,-0.391,-0.572,-0.307,-0.337,0.254,-0.171,0.137,-0.438,-0.489,-0.18,-0.06,-0.34,-0.167,-0.458,0.031,-0.258,-0.413,-0.287,0.069,0.628,-0.281,-0.269,0.714,0.212,-0.233,-0.336,0.096,-0.38,-0.369,0.337,-0.394,-0.388,-0.222,0.189,-0.07,-0.438,-0.287,-0.262,-0.498,-0.361,-0.385,-0.253,0.498,-0.071,0.488,-0.356,0.13,-0.234,-0.006,0.093,0.074,0.136,0.028,0.43,-0.105,-0.394,0.054,-0.278,-0.445,-0.311,-0.72,0.064,-0.161,-0.376,-0.221,0.637,0.218,0.72,0.326,0.321,0.04,-0.34,-0.521,0.357,-0.296,-0.078,-0.177,0.087,-0.255,-0.456,-0.093,0.348,-0.307,-0.592,-0.394,-0.543,0.56,0.027,-0.006,-0.578,-0.208,-0.059
BJRI,0.615,0.619,0.778,0.705,0.391,-0.471,0.854,0.757,0.76,0.714,0.719,0.776,0.323,0.662,-0.297,0.664,-0.45,0.664,0.651,0.488,0.325,0.791,0.818,0.057,0.478,0.555,-0.231,0.3,-0.178,0.0,0.731,0.082,0.487,0.892,-0.553,-0.525,0.943,0.752,0.705,0.397,-0.31,0.734,0.621,-0.714,0.745,-0.455,0.831,0.628,-0.448,0.729,0.707,0.641,0.702,0.273,0.775,0.603,0.863,0.7,0.696,0.767,0.739,0.498,0.698,0.299,-0.237,0.632,0.776,0.793,-0.613,0.856,0.885,0.845,0.77,0.554,0.624,-0.361,-0.522,-0.622,0.238,0.371,0.173,0.775,0.807,0.775,-0.807,0.128,0.611,0.577,-0.509,-0.237,-0.249,0.802,0.219,0.784,0.695,0.699,0.711,-0.03,-0.006,0.891,0.747,0.683,0.189,0.773,-0.152,0.63,0.692,0.773,0.732,0.708,0.767,0.75,0.429,0.821,0.803,0.699,0.702,0.428,0.406,0.731,0.404,0.8,0.253,0.62,0.691,0.798,-0.238,-0.256,0.257,0.77,-0.359,0.065,0.797,0.799,0.173,0.651,0.674,0.574,0.112,0.774,0.825,-0.395,0.579,0.678,0.371,0.809,0.71,0.581,0.861,0.829,-0.049,-0.515,0.257,0.825,0.719,0.793,0.821,0.719,0.704,0.615,-0.167,-0.41,0.619,-0.091,0.842,0.704,0.683,0.644,0.37,-0.229,0.846,0.588,0.903,-0.087,0.76,0.02,0.655,-0.632,0.786,0.872,0.624,-0.189,0.733,0.702,0.844,0.825,0.744,0.733,0.548,0.273,0.806,0.617,0.447,0.532,-0.153,0.247,0.38,0.694,0.545,0.864
BLUE,0.681,0.32,0.761,0.76,-0.016,-0.833,0.664,0.437,0.52,0.717,0.946,0.737,-0.139,0.295,-0.458,0.393,-0.807,0.326,0.625,0.821,0.391,0.82,0.928,-0.269,0.022,0.747,-0.147,0.458,0.178,0.731,0.0,0.249,0.15,0.657,-0.117,-0.59,0.715,0.565,0.793,0.592,-0.396,0.521,0.307,-0.429,0.438,0.006,0.756,0.316,-0.01,0.781,0.407,0.305,0.43,0.122,0.443,0.24,0.698,0.34,0.709,0.767,0.609,0.089,0.843,0.44,-0.244,0.485,0.58,0.716,-0.482,0.631,0.864,0.533,0.49,0.209,0.322,-0.306,-0.243,-0.578,0.509,0.028,-0.215,0.867,0.723,0.803,-0.736,0.063,0.277,0.197,-0.56,-0.192,0.183,0.595,0.416,0.95,0.495,0.918,0.818,-0.424,-0.438,0.656,0.793,0.397,0.27,0.875,0.157,0.601,0.34,0.444,0.379,0.4,0.522,0.413,0.818,0.587,0.839,0.646,0.358,0.169,0.402,0.423,0.207,0.463,-0.043,0.287,0.363,0.597,-0.44,0.034,-0.112,0.474,-0.201,-0.019,0.639,0.575,0.264,0.431,0.327,0.903,-0.313,0.438,0.738,-0.137,0.41,0.358,0.328,0.751,0.384,0.229,0.604,0.732,0.245,-0.776,0.529,0.583,0.801,0.813,0.77,0.873,0.65,0.773,-0.005,-0.212,0.635,-0.487,0.937,0.578,0.364,0.415,0.025,-0.492,0.787,0.279,0.803,0.286,0.894,0.235,0.86,-0.697,0.689,0.676,0.264,-0.258,0.584,0.675,0.758,0.696,0.529,0.404,0.453,0.426,0.601,0.186,0.165,0.185,0.127,-0.117,0.192,0.39,0.193,0.85
