,AAL,AAON,ACB,ACGL,ACGLO,ACIW,ADBE,ADSK,AEP,AGIO,ALEC,ALNY,ALTR,AMBA,AMCX,AMKR,AMRX,ANSS,APPN,APTO,ARCT,ARWR,ASND,ASTH,ATSG,AVTX,BCPC,BEAM,BILI,BJRI,BLUE,BPOP,BRKL,BWIN,BZUN,CARG,CBRL,CBSH,CBUS,CENTA,CERS,CFFN,CHCO,CHEF,CHRD,CINF,CLLS,CMCO,CMCSA,COLL,COMM,COOP,CPB,CRON,CROX,CRUS,CRWD,CTAS,CYBR,CYTK,DGII,DIOD,DOMO,DPZ,DSGR,DXCM,ERIE,ESTA,EXEL,FAST,FCEL,FCFS,FHB,FITBI,FSV,FTDR,FUTU,GLDD,GLPG,GLPI,GOGO,GOSS,GSAT,GYRE,HALO,HAS,HLIT,HLNE,HSDT,HSIC,HTHT,ICHR,IDYA,IMVT,INDB,INSM,IONS,IOSP,ITRI,JBHT,JBLU,JSM,KLIC,KOD,KURA,LAB,LASR,LIN,LKQ,LNT,MBUU,MCRI,MDGL,MEDP,MGNI,MGPI,MGRC,MKTX,MRNA,MRTN,MSEX,MSFT,MU,NAVI,NBTB,NEO,NEOG,NGNE,NSSC,NTAP,NTES,NTLA,NTRS,NYMTN,OBLG,OCFC,ON,ONC,OPI,OSIS,OSW,PALI,PANW,PCAR,PCRX,PCTY,PEBO,PLAB,PLAY,PLMR,PLSE,PLUS,PRTA,PSEC,PSNL,PTCT,PTON,QNST,QRVO,QTTB,RARE,RBCAA,RGNX,SAIC,SGMO,SINT,SNPS,SPSC,SPTN,SSYS,STNE,TBBK,TCPC,TENB,TGTX,TREE,TRUP,TTWO,TW,TXG,UBSI,UCTT,UFPT,UMBF,UPBD,URBN,VBTX,VCTR,VEON,VNET,VRSK,VSEC,WABC,WTFCM,WVE,WW,WWD,XEL,ZD,ZYME
AAL,0.0,0.656,0.63,0.579,-0.492,0.263,0.546,0.548,0.758,-0.065,0.003,0.52,0.618,0.65,-0.235,0.772,0.762,0.847,0.19,0.068,0.425,0.342,0.219,0.604,0.5,0.534,0.789,-0.38,-0.33,0.645,-0.142,-0.157,0.629,0.06,-0.579,0.008,0.756,0.006,-0.244,0.752,0.621,-0.283,0.762,0.706,0.738,0.347,-0.139,0.731,0.787,0.473,0.089,-0.212,0.611,0.477,0.166,0.453,-0.057,0.771,0.568,-0.532,0.746,0.784,0.323,0.441,0.502,0.467,0.52,-0.243,0.711,0.666,0.619,0.678,0.122,0.592,0.526,0.551,0.19,-0.115,0.024,0.531,0.729,-0.441,0.425,-0.514,0.715,-0.348,0.409,0.428,0.547,0.688,0.005,0.65,0.599,0.598,0.834,-0.674,-0.614,0.766,0.764,0.667,0.736,0.224,0.757,0.17,-0.091,0.328,0.373,0.676,0.704,0.661,0.673,0.731,0.212,0.677,0.225,0.739,0.552,0.498,0.553,-0.376,0.763,0.028,0.507,0.159,0.618,0.264,0.455,-0.048,-0.029,0.701,-0.587,-0.299,-0.094,0.636,0.15,0.746,0.711,0.473,0.822,0.64,0.705,-0.249,0.186,0.683,-0.343,-0.159,-0.27,0.753,0.768,-0.416,-0.322,0.797,0.433,0.837,0.053,-0.647,0.279,0.474,0.813,0.414,-0.097,0.759,-0.128,0.716,-0.533,-0.702,0.357,0.252,0.692,0.664,0.1,0.528,0.593,0.632,0.06,0.462,-0.297,-0.178,0.514,0.349,0.57,0.7,0.422,-0.44,0.399,0.715,0.588,0.749,0.012,-0.064,0.413,0.647,0.751,0.311,-0.157,0.615,0.78,0.713,0.665,0.63
AAON,0.656,0.0,0.765,0.874,-0.524,-0.164,0.2,0.174,0.836,0.049,-0.351,0.654,0.424,0.66,-0.636,0.939,0.672,0.753,-0.103,0.521,0.815,0.317,0.661,0.855,0.37,0.8,0.634,-0.665,-0.273,0.759,0.262,-0.593,0.759,-0.103,-0.77,-0.181,0.851,0.301,-0.665,0.891,0.548,-0.361,0.395,0.874,0.629,0.377,-0.261,0.91,0.62,0.804,-0.377,-0.307,0.6,0.107,0.184,0.616,-0.537,0.872,0.11,-0.889,0.492,0.733,-0.244,0.68,0.883,0.779,0.845,-0.114,0.52,0.883,0.514,0.839,-0.356,0.75,0.148,0.842,0.588,-0.567,-0.355,0.837,0.849,-0.88,0.566,-0.786,0.723,-0.689,-0.109,0.826,0.38,0.851,0.369,0.875,0.908,0.871,0.838,-0.519,-0.768,0.919,0.797,0.833,0.746,-0.154,0.909,0.166,-0.646,0.082,0.194,0.929,0.541,0.882,0.892,0.764,-0.108,0.77,-0.323,0.845,0.867,0.457,0.907,0.004,0.777,-0.457,0.518,-0.053,0.848,0.667,0.883,-0.62,-0.117,0.834,-0.508,-0.422,0.283,0.914,-0.193,0.921,0.539,0.731,0.795,0.923,0.938,-0.753,-0.169,0.937,-0.608,-0.545,-0.251,0.914,0.623,-0.662,-0.629,0.865,0.081,0.86,-0.043,-0.831,0.681,0.777,0.745,0.005,-0.337,0.696,-0.408,0.903,-0.814,-0.704,-0.065,-0.098,0.851,0.364,0.198,0.83,0.881,0.563,0.299,0.635,-0.508,-0.755,0.815,0.762,0.853,0.902,0.841,-0.697,0.779,0.446,0.834,0.888,0.4,0.105,0.226,0.866,0.819,0.261,-0.43,0.394,0.937,0.89,0.511,0.789
ACB,0.63,0.765,0.0,0.865,-0.567,0.085,0.252,0.36,0.83,0.247,0.059,0.844,0.689,0.703,-0.288,0.803,0.564,0.566,0.27,0.354,0.754,0.656,0.565,0.814,0.594,0.839,0.791,-0.341,-0.329,0.879,0.152,-0.592,0.838,0.065,-0.663,0.311,0.909,0.282,-0.497,0.892,0.579,-0.469,0.414,0.9,0.637,0.239,0.167,0.916,0.602,0.617,-0.102,-0.624,0.766,0.563,-0.087,0.558,-0.215,0.847,0.275,-0.736,0.593,0.506,0.063,0.741,0.672,0.872,0.806,0.219,0.585,0.846,0.664,0.921,-0.446,0.712,0.292,0.824,0.505,-0.287,0.087,0.916,0.829,-0.797,0.851,-0.717,0.723,-0.411,0.105,0.644,0.727,0.603,0.35,0.797,0.852,0.806,0.824,-0.543,-0.576,0.832,0.687,0.702,0.894,-0.049,0.768,0.484,-0.376,0.496,0.455,0.806,0.617,0.852,0.856,0.768,0.218,0.868,0.05,0.866,0.836,0.184,0.824,-0.021,0.846,-0.547,0.299,-0.197,0.886,0.464,0.849,-0.482,-0.06,0.882,-0.488,-0.066,0.312,0.677,-0.002,0.83,0.327,0.726,0.869,0.883,0.758,-0.58,0.035,0.843,-0.483,-0.19,-0.18,0.794,0.779,-0.431,-0.438,0.881,0.355,0.839,0.43,-0.779,0.721,0.512,0.684,0.212,0.107,0.791,-0.098,0.876,-0.497,-0.573,-0.137,0.089,0.879,0.636,0.406,0.815,0.69,0.771,0.606,0.85,-0.493,-0.416,0.711,0.711,0.867,0.864,0.64,-0.742,0.848,0.547,0.872,0.874,0.252,0.031,0.439,0.834,0.815,0.377,-0.127,0.701,0.799,0.878,0.448,0.762
ACGL,0.579,0.874,0.865,0.0,-0.609,-0.137,0.115,0.147,0.87,0.063,-0.197,0.831,0.526,0.596,-0.519,0.882,0.541,0.586,0.065,0.503,0.845,0.58,0.736,0.821,0.524,0.889,0.714,-0.595,-0.346,0.916,0.148,-0.694,0.884,-0.073,-0.799,0.081,0.901,0.362,-0.708,0.917,0.453,-0.416,0.381,0.894,0.571,0.36,-0.076,0.895,0.488,0.692,-0.308,-0.575,0.714,0.267,-0.055,0.636,-0.456,0.873,0.104,-0.88,0.482,0.522,-0.185,0.796,0.817,0.941,0.943,0.015,0.568,0.921,0.403,0.947,-0.523,0.649,0.039,0.826,0.585,-0.538,-0.17,0.945,0.864,-0.924,0.798,-0.817,0.732,-0.662,-0.077,0.804,0.528,0.707,0.392,0.824,0.9,0.916,0.818,-0.52,-0.704,0.903,0.68,0.757,0.847,-0.173,0.788,0.222,-0.581,0.226,0.336,0.894,0.527,0.931,0.836,0.773,0.003,0.768,-0.213,0.838,0.968,0.204,0.883,-0.036,0.815,-0.59,0.292,-0.215,0.976,0.434,0.895,-0.65,-0.104,0.861,-0.505,-0.289,0.297,0.788,-0.045,0.926,0.321,0.768,0.83,0.945,0.829,-0.747,-0.156,0.94,-0.692,-0.467,-0.05,0.822,0.686,-0.584,-0.697,0.871,0.149,0.824,0.113,-0.922,0.73,0.65,0.691,0.034,-0.148,0.731,-0.261,0.948,-0.694,-0.704,-0.21,-0.163,0.884,0.382,0.294,0.919,0.807,0.654,0.487,0.772,-0.619,-0.628,0.774,0.748,0.977,0.915,0.82,-0.738,0.803,0.357,0.907,0.877,0.423,0.128,0.291,0.909,0.787,0.394,-0.239,0.56,0.898,0.949,0.394,0.887
ACGLO,-0.492,-0.524,-0.567,-0.609,0.0,0.165,-0.181,-0.146,-0.583,0.311,0.277,-0.734,-0.326,-0.472,0.396,-0.705,-0.359,-0.306,-0.182,-0.26,-0.586,-0.256,-0.353,-0.399,-0.043,-0.704,-0.493,0.566,0.493,-0.651,0.412,0.643,-0.388,0.396,0.812,0.079,-0.654,0.301,0.514,-0.676,-0.124,0.475,-0.654,-0.716,-0.658,0.245,0.211,-0.59,-0.301,-0.279,0.144,0.492,-0.361,-0.276,0.102,-0.538,0.284,-0.545,-0.166,0.674,-0.562,-0.383,-0.132,-0.558,-0.549,-0.493,-0.658,0.157,-0.482,-0.558,-0.155,-0.662,0.452,-0.315,-0.109,-0.506,-0.192,0.397,0.055,-0.549,-0.809,0.552,-0.571,0.618,-0.591,0.608,-0.159,-0.406,-0.434,-0.618,-0.117,-0.436,-0.612,-0.764,-0.669,0.773,0.652,-0.648,-0.31,-0.353,-0.681,0.457,-0.629,0.03,0.098,-0.413,-0.129,-0.543,-0.361,-0.528,-0.517,-0.844,0.029,-0.597,0.109,-0.608,-0.648,0.012,-0.438,0.452,-0.422,0.361,-0.441,0.169,-0.617,0.12,-0.443,0.288,0.429,-0.682,0.698,0.665,0.303,-0.478,0.264,-0.7,-0.408,-0.509,-0.673,-0.704,-0.668,0.411,0.232,-0.623,0.729,0.569,0.351,-0.689,-0.529,0.665,0.586,-0.654,-0.166,-0.702,0.031,0.733,-0.304,-0.297,-0.594,-0.282,0.129,-0.683,0.288,-0.745,0.655,0.791,0.116,0.135,-0.694,-0.367,-0.138,-0.594,-0.568,-0.458,-0.085,-0.321,0.881,0.267,-0.253,-0.394,-0.573,-0.659,-0.579,0.611,-0.39,-0.261,-0.365,-0.569,-0.206,-0.019,0.121,-0.603,-0.685,-0.315,0.279,-0.445,-0.535,-0.643,-0.216,-0.696
ACIW,0.263,-0.164,0.085,-0.137,0.165,0.0,0.823,0.869,0.041,0.516,0.724,-0.09,0.658,0.411,0.697,-0.059,0.389,0.249,0.737,-0.757,-0.469,0.223,-0.577,-0.143,0.335,-0.262,0.454,0.572,-0.47,0.164,-0.322,0.421,0.182,0.664,0.004,0.284,0.171,-0.129,0.334,0.001,0.253,-0.139,0.409,-0.003,-0.052,0.155,0.548,-0.008,0.442,-0.252,0.838,-0.091,0.443,0.691,-0.468,-0.077,0.838,0.215,0.695,0.384,0.548,0.169,0.776,-0.388,-0.508,0.026,-0.363,0.382,0.264,-0.107,0.326,0.074,0.225,0.291,0.754,-0.245,-0.619,0.806,0.648,-0.056,-0.055,0.228,0.114,0.205,0.257,0.605,0.762,-0.51,0.309,-0.236,-0.694,0.163,-0.182,-0.228,0.198,-0.284,0.301,-0.114,0.322,-0.198,0.24,0.553,0.041,0.515,0.594,0.497,0.691,-0.196,0.627,-0.061,0.078,0.104,0.746,0.222,0.802,0.103,-0.211,0.349,-0.136,-0.13,0.307,0.487,-0.151,0.196,-0.089,-0.015,-0.162,0.585,0.608,0.143,-0.37,0.417,-0.057,-0.242,0.334,-0.144,0.323,-0.432,0.108,-0.129,-0.24,0.45,0.894,-0.182,0.561,0.767,-0.1,0.007,0.483,0.596,0.429,0.121,0.762,0.1,0.461,0.207,-0.362,-0.414,0.27,0.643,0.664,0.371,0.665,-0.102,0.477,0.023,0.672,0.861,-0.006,0.668,-0.354,-0.318,-0.44,0.49,-0.017,0.108,0.444,0.659,-0.148,-0.508,-0.153,0.059,-0.584,-0.071,-0.056,0.663,0.048,0.105,-0.709,-0.706,0.816,-0.213,0.224,0.413,0.012,0.303,-0.025,-0.032,0.528,-0.294
ADBE,0.546,0.2,0.252,0.115,-0.181,0.823,0.0,0.946,0.333,0.421,0.494,0.145,0.76,0.683,0.425,0.339,0.663,0.55,0.709,-0.633,-0.19,0.156,-0.421,0.087,0.302,0.038,0.629,0.239,-0.683,0.375,-0.402,0.198,0.332,0.45,-0.38,0.003,0.454,-0.236,0.13,0.307,0.352,-0.305,0.725,0.328,0.222,0.154,0.325,0.288,0.687,-0.051,0.753,-0.13,0.614,0.637,-0.423,0.279,0.632,0.513,0.751,0.054,0.818,0.542,0.759,-0.223,-0.185,0.194,-0.088,0.178,0.503,0.144,0.416,0.327,0.144,0.545,0.835,-0.047,-0.513,0.571,0.483,0.146,0.312,-0.025,0.24,-0.1,0.555,0.24,0.808,-0.251,0.4,0.14,-0.673,0.429,0.112,0.089,0.526,-0.632,-0.028,0.195,0.564,0.028,0.487,0.432,0.424,0.399,0.439,0.524,0.726,0.105,0.826,0.199,0.349,0.49,0.63,0.504,0.662,0.402,0.054,0.526,0.094,-0.315,0.508,0.428,0.173,0.204,0.14,0.123,0.049,0.438,0.498,0.442,-0.707,0.011,-0.184,0.12,0.155,0.213,0.668,-0.202,0.419,0.199,0.163,0.244,0.803,0.123,0.24,0.431,-0.367,0.406,0.661,0.244,0.156,0.424,0.787,0.471,0.289,-0.11,-0.287,-0.168,0.585,0.733,0.472,0.656,0.466,0.242,0.084,-0.379,0.756,0.821,0.296,0.798,-0.423,-0.081,-0.117,0.658,-0.112,0.101,0.108,0.416,0.044,-0.328,0.069,0.375,-0.266,-0.323,0.082,0.834,0.217,0.398,-0.603,-0.713,0.721,0.054,0.562,0.533,-0.209,0.417,0.293,0.273,0.778,-0.007
ADSK,0.548,0.174,0.36,0.147,-0.146,0.869,0.946,0.0,0.394,0.502,0.627,0.251,0.843,0.678,0.512,0.305,0.59,0.527,0.81,-0.633,-0.138,0.325,-0.387,0.158,0.407,0.097,0.718,0.356,-0.638,0.429,-0.348,0.2,0.409,0.529,-0.31,0.2,0.484,-0.133,0.186,0.346,0.404,-0.317,0.672,0.369,0.201,0.128,0.479,0.335,0.703,-0.057,0.778,-0.238,0.667,0.805,-0.437,0.291,0.7,0.537,0.782,0.083,0.811,0.475,0.816,-0.137,-0.211,0.266,-0.059,0.336,0.583,0.195,0.537,0.384,0.145,0.579,0.91,0.02,-0.449,0.626,0.643,0.227,0.321,-0.035,0.362,-0.079,0.591,0.316,0.816,-0.225,0.544,0.087,-0.578,0.425,0.131,0.08,0.535,-0.565,0.052,0.201,0.536,0.046,0.543,0.527,0.384,0.554,0.461,0.664,0.79,0.102,0.839,0.269,0.372,0.467,0.783,0.563,0.787,0.423,0.091,0.468,0.128,-0.253,0.592,0.356,0.097,0.146,0.198,0.168,0.095,0.451,0.438,0.476,-0.628,0.203,-0.054,0.086,0.295,0.21,0.552,-0.126,0.477,0.224,0.142,0.243,0.848,0.14,0.281,0.56,-0.303,0.378,0.696,0.299,0.231,0.451,0.886,0.477,0.506,-0.101,-0.213,-0.204,0.546,0.72,0.605,0.672,0.561,0.258,0.191,-0.295,0.719,0.87,0.308,0.886,-0.239,-0.021,-0.132,0.735,0.1,0.262,0.168,0.462,0.117,-0.26,0.126,0.371,-0.28,-0.325,0.16,0.871,0.285,0.429,-0.579,-0.648,0.813,0.091,0.574,0.545,-0.107,0.545,0.301,0.323,0.772,0.002
AEP,0.758,0.836,0.83,0.87,-0.583,0.041,0.333,0.394,0.0,0.124,-0.06,0.824,0.645,0.713,-0.363,0.88,0.617,0.723,0.24,0.327,0.762,0.56,0.52,0.821,0.515,0.845,0.864,-0.396,-0.409,0.862,0.029,-0.5,0.846,0.038,-0.749,0.082,0.91,0.275,-0.481,0.923,0.548,-0.427,0.58,0.908,0.653,0.315,0.029,0.904,0.685,0.624,-0.098,-0.496,0.774,0.457,0.033,0.739,-0.249,0.914,0.33,-0.758,0.649,0.668,0.094,0.736,0.7,0.817,0.806,0.052,0.735,0.902,0.598,0.904,-0.261,0.732,0.353,0.78,0.422,-0.298,0.038,0.858,0.87,-0.786,0.742,-0.693,0.847,-0.53,0.167,0.711,0.647,0.76,0.26,0.827,0.821,0.807,0.906,-0.606,-0.625,0.884,0.743,0.737,0.865,0.02,0.829,0.296,-0.357,0.416,0.472,0.851,0.695,0.947,0.841,0.82,0.212,0.845,0.039,0.888,0.854,0.338,0.802,-0.155,0.894,-0.386,0.412,-0.109,0.892,0.455,0.772,-0.378,-0.116,0.888,-0.591,-0.207,0.242,0.732,0.079,0.909,0.535,0.709,0.932,0.901,0.836,-0.558,0.027,0.893,-0.548,-0.301,-0.184,0.868,0.764,-0.515,-0.473,0.906,0.356,0.907,0.244,-0.822,0.564,0.571,0.795,0.2,-0.024,0.841,-0.147,0.915,-0.591,-0.699,0.052,0.112,0.862,0.583,0.303,0.824,0.745,0.742,0.437,0.716,-0.492,-0.42,0.788,0.645,0.875,0.888,0.687,-0.691,0.722,0.618,0.845,0.909,0.253,0.057,0.387,0.865,0.868,0.419,-0.239,0.679,0.899,0.964,0.571,0.765
AGIO,-0.065,0.049,0.247,0.063,0.311,0.516,0.421,0.502,0.124,0.0,0.61,0.072,0.506,0.421,0.431,-0.015,0.262,0.14,0.478,-0.285,-0.032,0.401,-0.133,0.193,0.369,0.039,0.296,0.502,-0.139,0.162,0.314,0.143,0.328,0.552,0.104,0.342,0.189,0.344,0.141,0.11,0.355,-0.176,-0.108,0.14,-0.172,0.233,0.688,0.185,0.349,0.107,0.484,-0.172,0.457,0.393,-0.386,0.16,0.442,0.25,0.151,0.157,0.172,0.118,0.261,-0.15,-0.192,0.273,-0.123,0.648,0.188,0.067,0.476,0.173,-0.031,0.44,0.41,-0.009,-0.072,0.487,0.453,0.24,-0.03,-0.104,0.307,0.027,0.188,0.432,0.194,-0.069,0.314,-0.133,-0.113,0.336,0.075,-0.123,0.123,0.113,0.333,-0.055,0.33,0.038,0.22,0.458,0.085,0.696,0.065,0.337,0.614,0.027,0.39,0.142,0.213,-0.016,0.593,0.276,0.435,0.124,0.0,0.15,0.207,0.398,0.312,-0.011,-0.203,-0.066,0.08,0.447,0.235,0.134,0.599,0.219,-0.016,0.63,0.52,-0.031,0.187,-0.056,0.037,-0.017,0.119,0.067,-0.082,0.091,0.604,-0.027,0.478,0.562,0.046,0.089,0.256,0.521,0.363,0.139,0.527,0.084,0.627,0.175,0.09,-0.107,0.104,0.18,0.622,0.189,0.64,0.003,0.397,0.258,0.208,0.532,0.086,0.441,-0.078,-0.045,-0.215,0.453,0.521,0.302,0.416,0.178,0.244,-0.043,0.099,0.172,-0.229,-0.218,0.304,0.436,0.345,0.208,-0.24,-0.291,0.65,-0.017,0.184,0.268,0.044,0.333,0.072,0.112,0.364,-0.209
ALEC,0.003,-0.351,0.059,-0.197,0.277,0.724,0.494,0.627,-0.06,0.61,0.0,0.039,0.567,0.18,0.833,-0.27,0.086,-0.01,0.708,-0.635,-0.362,0.49,-0.434,-0.208,0.342,-0.195,0.272,0.722,-0.239,0.071,-0.086,0.411,0.099,0.562,0.277,0.594,-0.013,0.011,0.46,-0.12,0.118,-0.037,0.123,-0.11,-0.162,0.039,0.756,-0.103,0.19,-0.362,0.78,-0.168,0.326,0.637,-0.559,-0.001,0.804,0.05,0.437,0.513,0.293,-0.06,0.682,-0.334,-0.569,-0.003,-0.36,0.474,0.262,-0.163,0.278,-0.027,0.232,0.124,0.554,-0.328,-0.452,0.774,0.799,-0.075,-0.185,0.307,0.23,0.282,0.032,0.667,0.577,-0.439,0.424,-0.441,-0.418,-0.079,-0.215,-0.352,-0.04,0.004,0.525,-0.295,-0.002,-0.251,0.128,0.677,-0.214,0.504,0.567,0.519,0.662,-0.34,0.327,-0.135,-0.14,-0.119,0.792,0.067,0.873,-0.083,-0.23,-0.008,-0.249,-0.021,0.155,0.332,-0.377,0.021,-0.146,-0.138,-0.242,0.605,0.532,-0.014,-0.038,0.663,0.087,-0.375,0.537,-0.298,-0.043,-0.282,0.025,-0.232,-0.394,0.524,0.766,-0.319,0.593,0.819,0.118,-0.223,0.242,0.652,0.533,-0.036,0.736,-0.087,0.634,0.306,-0.288,-0.524,-0.015,0.468,0.816,0.118,0.813,-0.196,0.684,0.284,0.413,0.666,-0.088,0.555,-0.036,-0.28,-0.54,0.361,0.318,0.123,0.458,0.66,-0.151,-0.439,-0.169,-0.13,-0.58,0.08,-0.136,0.432,-0.015,-0.07,-0.446,-0.38,0.628,-0.293,-0.025,0.383,0.395,0.461,-0.179,-0.105,0.266,-0.311
ALNY,0.52,0.654,0.844,0.831,-0.734,-0.09,0.145,0.251,0.824,0.072,0.039,0.0,0.6,0.567,-0.238,0.746,0.387,0.43,0.33,0.346,0.792,0.677,0.615,0.663,0.44,0.883,0.706,-0.389,-0.413,0.843,-0.015,-0.614,0.721,-0.09,-0.713,0.28,0.79,0.191,-0.495,0.817,0.314,-0.407,0.455,0.844,0.601,0.03,0.119,0.794,0.39,0.442,-0.102,-0.648,0.675,0.487,-0.195,0.771,-0.225,0.777,0.148,-0.677,0.529,0.437,0.077,0.737,0.622,0.822,0.844,0.121,0.699,0.808,0.409,0.855,-0.485,0.546,0.185,0.674,0.437,-0.34,0.171,0.859,0.869,-0.704,0.911,-0.702,0.707,-0.516,0.057,0.649,0.677,0.58,0.342,0.637,0.811,0.811,0.74,-0.574,-0.484,0.75,0.435,0.575,0.845,-0.114,0.668,0.265,-0.238,0.533,0.429,0.688,0.442,0.82,0.673,0.782,0.218,0.751,0.067,0.727,0.863,0.023,0.671,-0.183,0.696,-0.512,0.303,-0.225,0.863,0.178,0.688,-0.421,-0.251,0.828,-0.503,-0.194,0.137,0.558,0.029,0.794,0.225,0.724,0.836,0.837,0.703,-0.54,-0.05,0.777,-0.615,-0.315,-0.092,0.735,0.615,-0.485,-0.548,0.787,0.354,0.771,0.347,-0.81,0.604,0.372,0.611,0.209,0.151,0.729,-0.022,0.868,-0.473,-0.637,-0.133,-0.069,0.812,0.521,0.511,0.819,0.61,0.652,0.615,0.693,-0.67,-0.365,0.615,0.62,0.848,0.772,0.657,-0.626,0.648,0.351,0.696,0.753,0.388,0.133,0.208,0.816,0.731,0.473,-0.022,0.74,0.722,0.876,0.334,0.797
ALTR,0.618,0.424,0.689,0.526,-0.326,0.658,0.76,0.843,0.645,0.506,0.567,0.6,0.0,0.78,0.321,0.542,0.646,0.566,0.743,-0.301,0.24,0.631,0.026,0.47,0.61,0.453,0.872,0.151,-0.621,0.741,-0.153,-0.13,0.703,0.481,-0.501,0.385,0.739,0.075,-0.124,0.628,0.499,-0.436,0.611,0.637,0.386,0.236,0.475,0.608,0.7,0.209,0.548,-0.494,0.863,0.82,-0.463,0.511,0.447,0.771,0.653,-0.23,0.82,0.519,0.606,0.255,0.113,0.635,0.343,0.385,0.689,0.545,0.592,0.702,-0.157,0.679,0.717,0.324,-0.1,0.332,0.569,0.597,0.589,-0.397,0.707,-0.362,0.701,0.078,0.624,0.138,0.708,0.267,-0.258,0.644,0.482,0.411,0.713,-0.627,-0.166,0.479,0.654,0.327,0.8,0.398,0.554,0.611,0.2,0.703,0.845,0.392,0.855,0.572,0.617,0.636,0.708,0.751,0.618,0.653,0.464,0.336,0.443,-0.164,0.787,-0.009,0.109,-0.01,0.572,0.244,0.442,0.106,0.394,0.735,-0.631,0.201,0.134,0.293,0.266,0.486,0.456,0.201,0.7,0.543,0.364,-0.069,0.656,0.467,0.022,0.365,-0.193,0.574,0.833,0.093,-0.038,0.712,0.804,0.669,0.59,-0.439,0.199,0.044,0.686,0.653,0.588,0.806,0.446,0.573,-0.006,-0.442,0.421,0.635,0.626,0.906,0.06,0.357,0.154,0.876,0.417,0.588,-0.107,0.166,0.376,0.096,0.517,0.646,0.066,-0.541,0.481,0.814,0.604,0.686,-0.236,-0.471,0.806,0.414,0.728,0.667,-0.079,0.757,0.554,0.636,0.687,0.339
AMBA,0.65,0.66,0.703,0.596,-0.472,0.411,0.683,0.678,0.713,0.421,0.18,0.567,0.78,0.0,-0.105,0.758,0.756,0.675,0.41,-0.016,0.437,0.414,0.138,0.658,0.439,0.57,0.776,-0.144,-0.463,0.719,-0.057,-0.308,0.672,0.344,-0.622,0.074,0.813,0.061,-0.376,0.754,0.699,-0.453,0.652,0.772,0.611,0.255,0.209,0.755,0.796,0.486,0.23,-0.332,0.71,0.527,-0.136,0.604,0.097,0.814,0.478,-0.503,0.801,0.746,0.348,0.412,0.409,0.647,0.462,0.272,0.563,0.671,0.695,0.732,-0.181,0.722,0.597,0.507,0.112,0.062,0.145,0.667,0.708,-0.561,0.575,-0.525,0.699,-0.135,0.432,0.357,0.586,0.593,-0.054,0.827,0.66,0.589,0.826,-0.671,-0.494,0.678,0.791,0.518,0.775,0.026,0.838,0.585,-0.067,0.505,0.557,0.649,0.815,0.63,0.801,0.787,0.371,0.804,0.239,0.784,0.563,0.477,0.628,-0.08,0.747,-0.093,0.513,0.099,0.622,0.431,0.637,-0.146,0.231,0.845,-0.67,-0.121,0.178,0.54,-0.121,0.662,0.751,0.375,0.745,0.712,0.641,-0.235,0.343,0.628,-0.151,-0.019,-0.342,0.83,0.826,-0.239,-0.146,0.816,0.524,0.81,0.33,-0.532,0.398,0.381,0.874,0.51,0.209,0.855,0.078,0.687,-0.384,-0.589,0.33,0.477,0.78,0.784,-0.004,0.481,0.456,0.782,0.276,0.579,-0.291,-0.13,0.535,0.356,0.581,0.825,0.35,-0.659,0.643,0.801,0.667,0.796,-0.157,-0.299,0.555,0.58,0.845,0.49,-0.418,0.585,0.679,0.698,0.638,0.435
AMCX,-0.235,-0.636,-0.288,-0.519,0.396,0.697,0.425,0.512,-0.363,0.431,0.833,-0.238,0.321,-0.105,0.0,-0.556,-0.183,-0.264,0.701,-0.815,-0.681,0.123,-0.674,-0.554,0.068,-0.519,-0.009,0.84,-0.27,-0.244,-0.3,0.588,-0.252,0.475,0.396,0.407,-0.336,-0.163,0.638,-0.481,-0.238,0.088,0.012,-0.441,-0.456,-0.168,0.673,-0.469,-0.073,-0.652,0.836,-0.018,0.095,0.504,-0.596,-0.175,0.928,-0.273,0.379,0.787,0.093,-0.286,0.695,-0.632,-0.848,-0.33,-0.636,0.388,0.041,-0.524,-0.064,-0.35,0.283,-0.148,0.467,-0.653,-0.715,0.884,0.846,-0.409,-0.433,0.618,-0.065,0.559,-0.159,0.765,0.544,-0.741,0.109,-0.674,-0.626,-0.387,-0.54,-0.632,-0.325,0.108,0.788,-0.617,-0.297,-0.617,-0.16,0.58,-0.498,0.241,0.811,0.422,0.51,-0.662,0.098,-0.437,-0.459,-0.336,0.673,-0.232,0.827,-0.4,-0.54,-0.091,-0.587,-0.091,-0.19,0.504,-0.461,0.067,-0.465,-0.347,-0.583,0.746,0.449,-0.3,0.038,0.629,-0.137,-0.683,0.44,-0.594,-0.214,-0.63,-0.303,-0.549,-0.685,0.693,0.798,-0.628,0.684,0.88,0.134,-0.498,-0.043,0.812,0.602,-0.376,0.587,-0.4,0.491,0.57,-0.602,-0.807,-0.29,0.434,0.821,-0.123,0.84,-0.508,0.881,0.42,0.508,0.646,-0.463,0.312,-0.154,-0.623,-0.835,0.088,0.021,-0.235,0.544,0.844,-0.471,-0.733,-0.494,-0.452,-0.847,0.326,-0.465,0.181,-0.398,-0.402,-0.578,-0.51,0.443,-0.579,-0.292,0.27,0.412,0.094,-0.51,-0.427,0.116,-0.595
AMKR,0.772,0.939,0.803,0.882,-0.705,-0.059,0.339,0.305,0.88,-0.015,-0.27,0.746,0.542,0.758,-0.556,0.0,0.726,0.781,0.047,0.404,0.774,0.365,0.569,0.811,0.386,0.829,0.735,-0.651,-0.396,0.842,0.028,-0.598,0.765,-0.109,-0.863,-0.14,0.919,0.134,-0.657,0.938,0.564,-0.431,0.619,0.928,0.746,0.313,-0.232,0.917,0.682,0.714,-0.238,-0.388,0.653,0.261,0.096,0.678,-0.412,0.912,0.273,-0.877,0.675,0.776,-0.037,0.679,0.827,0.775,0.847,-0.133,0.635,0.887,0.535,0.893,-0.335,0.727,0.257,0.791,0.47,-0.475,-0.229,0.83,0.936,-0.83,0.631,-0.819,0.805,-0.67,0.109,0.752,0.484,0.879,0.258,0.868,0.895,0.904,0.924,-0.706,-0.809,0.952,0.799,0.78,0.848,-0.186,0.952,0.188,-0.467,0.239,0.282,0.919,0.637,0.873,0.885,0.906,-0.022,0.822,-0.175,0.906,0.872,0.434,0.843,-0.189,0.807,-0.369,0.582,-0.034,0.867,0.468,0.816,-0.504,-0.14,0.907,-0.668,-0.507,0.104,0.868,-0.187,0.963,0.652,0.714,0.887,0.942,0.947,-0.642,-0.094,0.933,-0.658,-0.517,-0.303,0.966,0.751,-0.688,-0.628,0.934,0.21,0.944,-0.023,-0.879,0.59,0.688,0.864,0.192,-0.255,0.829,-0.348,0.955,-0.816,-0.843,0.044,-0.01,0.913,0.503,0.153,0.816,0.848,0.659,0.232,0.627,-0.627,-0.582,0.733,0.675,0.849,0.947,0.793,-0.733,0.717,0.547,0.795,0.913,0.281,0.033,0.247,0.883,0.901,0.387,-0.425,0.52,0.937,0.923,0.559,0.831
AMRX,0.762,0.672,0.564,0.541,-0.359,0.389,0.663,0.59,0.617,0.262,0.086,0.387,0.646,0.756,-0.183,0.726,0.0,0.833,0.209,-0.034,0.344,0.307,0.165,0.565,0.54,0.433,0.7,-0.329,-0.372,0.599,0.016,-0.196,0.601,0.222,-0.585,-0.064,0.723,-0.013,-0.318,0.689,0.666,-0.362,0.613,0.651,0.599,0.38,-0.107,0.682,0.763,0.512,0.179,-0.17,0.625,0.338,-0.046,0.381,-0.004,0.781,0.492,-0.477,0.717,0.781,0.269,0.227,0.453,0.485,0.398,-0.132,0.57,0.597,0.538,0.628,-0.042,0.647,0.468,0.445,0.127,-0.022,-0.077,0.524,0.621,-0.476,0.408,-0.553,0.632,-0.299,0.335,0.34,0.419,0.612,-0.106,0.733,0.587,0.545,0.742,-0.613,-0.552,0.666,0.858,0.58,0.661,0.242,0.76,0.271,-0.174,0.226,0.508,0.644,0.722,0.569,0.699,0.674,0.23,0.656,0.171,0.663,0.494,0.547,0.563,-0.253,0.685,0.004,0.379,0.111,0.533,0.412,0.51,-0.099,0.35,0.659,-0.601,-0.266,-0.018,0.681,0.035,0.651,0.729,0.352,0.679,0.591,0.656,-0.221,0.324,0.578,-0.142,-0.099,-0.349,0.738,0.739,-0.282,-0.321,0.757,0.449,0.756,0.04,-0.563,0.27,0.44,0.769,0.403,0.002,0.689,0.002,0.647,-0.485,-0.63,0.357,0.329,0.67,0.622,-0.174,0.413,0.486,0.665,0.034,0.387,-0.197,-0.229,0.462,0.26,0.502,0.718,0.336,-0.556,0.417,0.692,0.606,0.703,-0.035,-0.235,0.519,0.543,0.703,0.431,-0.281,0.529,0.739,0.633,0.757,0.504
ANSS,0.847,0.753,0.566,0.586,-0.306,0.249,0.55,0.527,0.723,0.14,-0.01,0.43,0.566,0.675,-0.264,0.781,0.833,0.0,0.075,0.105,0.417,0.322,0.311,0.633,0.488,0.452,0.692,-0.408,-0.251,0.6,0.113,-0.071,0.662,0.162,-0.54,-0.134,0.702,0.227,-0.314,0.714,0.708,-0.143,0.602,0.646,0.614,0.567,-0.198,0.719,0.816,0.617,0.016,-0.039,0.575,0.285,0.202,0.484,-0.128,0.818,0.479,-0.508,0.654,0.899,0.163,0.311,0.554,0.484,0.498,-0.198,0.706,0.682,0.646,0.629,0.195,0.694,0.497,0.539,0.253,-0.151,-0.106,0.546,0.661,-0.466,0.348,-0.589,0.709,-0.357,0.263,0.524,0.382,0.72,0.026,0.727,0.631,0.581,0.782,-0.472,-0.515,0.752,0.839,0.717,0.65,0.294,0.795,0.248,-0.263,0.084,0.392,0.731,0.675,0.686,0.656,0.64,0.156,0.6,0.124,0.72,0.562,0.715,0.633,-0.185,0.754,0.117,0.541,0.269,0.585,0.491,0.519,-0.132,0.182,0.662,-0.493,-0.263,0.12,0.763,0.133,0.723,0.752,0.5,0.746,0.622,0.723,-0.293,0.233,0.667,-0.264,-0.156,-0.151,0.76,0.687,-0.382,-0.322,0.769,0.408,0.776,-0.075,-0.546,0.293,0.565,0.786,0.187,-0.173,0.657,-0.079,0.686,-0.541,-0.639,0.485,0.249,0.641,0.558,0.04,0.52,0.601,0.56,0.088,0.472,-0.115,-0.342,0.697,0.392,0.573,0.708,0.456,-0.376,0.417,0.679,0.639,0.731,0.054,-0.015,0.485,0.665,0.702,0.345,-0.28,0.512,0.844,0.7,0.792,0.565
APPN,0.19,-0.103,0.27,0.065,-0.182,0.737,0.709,0.81,0.24,0.478,0.708,0.33,0.743,0.41,0.701,0.047,0.209,0.075,0.0,-0.682,-0.184,0.377,-0.407,-0.073,0.284,0.091,0.568,0.532,-0.733,0.352,-0.499,0.071,0.259,0.424,-0.253,0.383,0.315,-0.229,0.27,0.157,-0.008,-0.405,0.472,0.231,-0.066,-0.208,0.683,0.114,0.324,-0.373,0.832,-0.486,0.61,0.847,-0.74,0.26,0.805,0.308,0.619,0.229,0.618,0.025,0.833,-0.144,-0.409,0.233,-0.108,0.489,0.453,0.017,0.228,0.293,-0.135,0.33,0.686,-0.145,-0.545,0.673,0.878,0.165,0.202,0.045,0.5,0.066,0.454,0.352,0.732,-0.38,0.558,-0.209,-0.575,0.155,-0.021,-0.043,0.294,-0.48,0.299,-0.054,0.147,-0.276,0.446,0.403,0.059,0.456,0.609,0.817,0.832,-0.163,0.609,0.141,0.148,0.328,0.841,0.433,0.824,0.212,0.014,0.032,-0.088,-0.282,0.372,0.14,-0.263,-0.139,0.119,-0.108,-0.049,0.475,0.307,0.324,-0.546,0.34,-0.126,-0.231,0.333,0.011,0.118,-0.239,0.295,0.097,-0.112,0.279,0.795,-0.046,0.253,0.628,-0.219,0.116,0.495,0.433,0.238,0.213,0.836,0.237,0.698,-0.03,-0.287,-0.531,0.214,0.692,0.858,0.514,0.708,0.122,0.445,-0.131,0.454,0.756,0.144,0.731,-0.125,-0.113,-0.371,0.664,0.235,0.155,0.045,0.622,-0.119,-0.375,0.053,0.173,-0.405,-0.306,0.054,0.58,0.12,0.202,-0.503,-0.655,0.645,-0.075,0.372,0.595,0.111,0.515,0.015,0.196,0.486,-0.099
APTO,0.068,0.521,0.354,0.503,-0.26,-0.757,-0.633,-0.633,0.327,-0.285,-0.635,0.346,-0.301,-0.016,-0.815,0.404,-0.034,0.105,-0.682,0.0,0.757,0.122,0.807,0.534,-0.011,0.557,-0.077,-0.653,0.443,0.202,0.539,-0.527,0.247,-0.465,-0.18,-0.061,0.24,0.434,-0.557,0.41,0.174,0.038,-0.271,0.365,0.391,0.146,-0.41,0.437,-0.072,0.713,-0.901,-0.037,-0.118,-0.466,0.579,0.239,-0.913,0.184,-0.556,-0.701,-0.318,0.129,-0.786,0.73,0.805,0.378,0.658,-0.178,-0.085,0.513,0.103,0.298,-0.31,0.076,-0.533,0.685,0.866,-0.821,-0.653,0.46,0.358,-0.598,0.173,-0.423,0.01,-0.599,-0.71,0.81,-0.043,0.551,0.861,0.281,0.578,0.583,0.198,0.134,-0.545,0.502,0.128,0.636,0.126,-0.515,0.341,-0.119,-0.79,-0.354,-0.466,0.592,-0.277,0.411,0.352,0.157,-0.623,0.156,-0.785,0.314,0.553,-0.141,0.591,0.36,0.137,-0.605,0.383,-0.096,0.469,0.299,0.593,-0.784,-0.441,0.271,0.237,-0.316,0.378,0.497,-0.375,0.47,-0.054,0.731,0.256,0.491,0.546,-0.679,-0.834,0.574,-0.629,-0.754,0.118,0.366,-0.08,-0.697,-0.457,0.303,-0.59,0.276,-0.248,-0.455,0.749,0.754,0.16,-0.559,-0.656,-0.008,-0.721,0.438,-0.663,-0.18,-0.658,-0.72,0.408,-0.347,0.549,0.673,0.772,-0.189,0.333,0.396,-0.473,-0.839,0.554,0.853,0.535,0.356,0.838,-0.197,0.548,-0.294,0.412,0.345,0.764,0.712,-0.47,0.587,0.149,-0.367,-0.18,-0.014,0.406,0.388,-0.346,0.535
ARCT,0.425,0.815,0.754,0.845,-0.586,-0.469,-0.19,-0.138,0.762,-0.032,-0.362,0.792,0.24,0.437,-0.681,0.774,0.344,0.417,-0.184,0.757,0.0,0.46,0.818,0.831,0.309,0.92,0.476,-0.646,-0.033,0.668,0.331,-0.712,0.665,-0.276,-0.6,0.073,0.702,0.37,-0.651,0.825,0.4,-0.318,0.152,0.817,0.597,0.138,-0.176,0.835,0.326,0.746,-0.557,-0.421,0.419,0.041,0.205,0.679,-0.676,0.672,-0.216,-0.886,0.207,0.437,-0.404,0.884,0.894,0.766,0.915,-0.01,0.423,0.86,0.388,0.768,-0.472,0.517,-0.125,0.845,0.788,-0.683,-0.325,0.854,0.785,-0.865,0.672,-0.737,0.521,-0.698,-0.366,0.914,0.41,0.746,0.697,0.673,0.862,0.856,0.651,-0.329,-0.7,0.821,0.487,0.789,0.643,-0.305,0.703,0.132,-0.682,0.148,0.02,0.835,0.222,0.82,0.738,0.626,-0.17,0.653,-0.411,0.677,0.878,0.023,0.844,0.121,0.602,-0.699,0.417,-0.222,0.848,0.457,0.863,-0.725,-0.384,0.735,-0.232,-0.329,0.373,0.745,-0.197,0.833,0.181,0.888,0.726,0.879,0.856,-0.776,-0.462,0.88,-0.708,-0.642,-0.094,0.763,0.376,-0.699,-0.62,0.734,-0.085,0.721,0.097,-0.807,0.826,0.746,0.531,-0.168,-0.292,0.499,-0.427,0.846,-0.739,-0.525,-0.448,-0.393,0.792,0.179,0.509,0.923,0.874,0.392,0.572,0.659,-0.654,-0.775,0.76,0.889,0.873,0.768,0.923,-0.601,0.782,0.14,0.762,0.754,0.696,0.433,-0.087,0.865,0.63,0.106,-0.223,0.475,0.772,0.835,0.126,0.82
ARWR,0.342,0.317,0.656,0.58,-0.256,0.223,0.156,0.325,0.56,0.401,0.49,0.677,0.631,0.414,0.123,0.365,0.307,0.322,0.377,0.122,0.46,0.0,0.369,0.483,0.679,0.556,0.629,0.005,-0.138,0.667,0.168,-0.221,0.692,0.213,-0.236,0.654,0.556,0.415,-0.177,0.569,0.451,-0.237,0.208,0.507,0.344,0.272,0.457,0.556,0.349,0.314,0.142,-0.553,0.585,0.541,-0.296,0.445,0.075,0.564,0.159,-0.294,0.339,0.261,0.2,0.49,0.251,0.653,0.488,0.322,0.585,0.578,0.456,0.623,-0.147,0.404,0.223,0.395,0.309,0.02,0.357,0.661,0.453,-0.429,0.758,-0.368,0.435,-0.044,0.125,0.392,0.682,0.209,0.276,0.438,0.508,0.431,0.472,-0.167,-0.143,0.444,0.374,0.443,0.639,0.31,0.319,0.483,-0.102,0.456,0.584,0.445,0.373,0.578,0.39,0.378,0.481,0.46,0.373,0.428,0.58,-0.058,0.47,0.007,0.597,-0.275,-0.069,-0.182,0.625,0.096,0.46,-0.123,0.183,0.536,-0.141,0.307,0.361,0.283,0.446,0.436,0.046,0.541,0.617,0.492,0.292,-0.163,0.214,0.439,-0.174,0.123,0.271,0.364,0.557,-0.017,-0.17,0.564,0.527,0.464,0.521,-0.449,0.446,0.197,0.417,0.135,0.384,0.488,0.363,0.534,-0.037,-0.202,-0.071,0.119,0.543,0.544,0.377,0.569,0.267,0.582,0.737,0.737,-0.159,-0.054,0.501,0.353,0.635,0.514,0.265,-0.368,0.453,0.371,0.631,0.512,0.211,0.171,0.471,0.516,0.409,0.392,0.258,0.812,0.501,0.587,0.28,0.504
ASND,0.219,0.661,0.565,0.736,-0.353,-0.577,-0.421,-0.387,0.52,-0.133,-0.434,0.615,0.026,0.138,-0.674,0.569,0.165,0.311,-0.407,0.807,0.818,0.369,0.0,0.635,0.258,0.668,0.186,-0.691,0.181,0.495,0.514,-0.534,0.544,-0.256,-0.401,0.037,0.449,0.518,-0.616,0.575,0.231,0.055,-0.119,0.528,0.405,0.321,-0.374,0.595,0.05,0.675,-0.699,-0.175,0.217,-0.207,0.295,0.445,-0.772,0.482,-0.373,-0.714,-0.08,0.299,-0.638,0.729,0.85,0.655,0.848,-0.146,0.277,0.718,0.15,0.548,-0.413,0.291,-0.412,0.731,0.825,-0.804,-0.485,0.701,0.566,-0.696,0.515,-0.654,0.267,-0.666,-0.605,0.889,0.117,0.572,0.715,0.482,0.73,0.743,0.374,-0.008,-0.538,0.659,0.28,0.717,0.392,-0.316,0.474,-0.039,-0.756,-0.208,-0.137,0.699,-0.074,0.649,0.484,0.335,-0.37,0.322,-0.556,0.46,0.785,0.058,0.709,0.224,0.379,-0.565,0.312,-0.032,0.715,0.334,0.716,-0.801,-0.255,0.463,0.051,-0.255,0.387,0.646,-0.151,0.647,-0.045,0.785,0.464,0.643,0.629,-0.766,-0.564,0.711,-0.657,-0.624,0.201,0.496,0.128,-0.609,-0.671,0.486,-0.288,0.433,-0.153,-0.668,0.8,0.712,0.282,-0.396,-0.413,0.192,-0.442,0.65,-0.645,-0.353,-0.473,-0.635,0.57,-0.122,0.59,0.824,0.762,0.079,0.515,0.562,-0.479,-0.842,0.697,0.838,0.756,0.537,0.849,-0.261,0.607,-0.185,0.605,0.508,0.762,0.555,-0.141,0.775,0.317,0.02,-0.083,0.255,0.638,0.631,-0.04,0.747
ASTH,0.604,0.855,0.814,0.821,-0.399,-0.143,0.087,0.158,0.821,0.193,-0.208,0.663,0.47,0.658,-0.554,0.811,0.565,0.633,-0.073,0.534,0.831,0.483,0.635,0.0,0.537,0.8,0.674,-0.459,-0.033,0.722,0.369,-0.536,0.795,0.068,-0.549,0.092,0.802,0.437,-0.55,0.863,0.724,-0.324,0.266,0.836,0.582,0.394,-0.064,0.896,0.602,0.813,-0.36,-0.353,0.573,0.24,0.259,0.573,-0.463,0.787,0.078,-0.794,0.394,0.613,-0.213,0.791,0.801,0.79,0.794,0.107,0.498,0.893,0.639,0.808,-0.283,0.677,0.145,0.834,0.689,-0.475,-0.222,0.862,0.742,-0.833,0.617,-0.686,0.62,-0.498,-0.121,0.815,0.499,0.73,0.549,0.83,0.825,0.772,0.756,-0.344,-0.663,0.867,0.748,0.825,0.715,-0.094,0.802,0.396,-0.604,0.198,0.197,0.886,0.482,0.869,0.878,0.636,0.024,0.746,-0.205,0.783,0.804,0.311,0.911,0.152,0.784,-0.517,0.451,-0.084,0.842,0.671,0.905,-0.607,-0.113,0.797,-0.279,-0.111,0.481,0.788,-0.053,0.839,0.392,0.782,0.788,0.86,0.836,-0.63,-0.174,0.875,-0.465,-0.358,-0.111,0.81,0.6,-0.53,-0.45,0.847,0.092,0.79,0.223,-0.73,0.788,0.801,0.685,-0.016,-0.184,0.622,-0.299,0.818,-0.631,-0.492,-0.18,-0.069,0.805,0.405,0.345,0.84,0.827,0.584,0.53,0.795,-0.372,-0.642,0.836,0.817,0.84,0.833,0.769,-0.631,0.837,0.426,0.876,0.857,0.399,0.233,0.284,0.83,0.726,0.197,-0.293,0.535,0.851,0.846,0.38,0.719
ATSG,0.5,0.37,0.594,0.524,-0.043,0.335,0.302,0.407,0.515,0.369,0.342,0.44,0.61,0.439,0.068,0.386,0.54,0.488,0.284,-0.011,0.309,0.679,0.258,0.537,0.0,0.397,0.656,-0.05,-0.085,0.566,0.123,-0.123,0.692,0.34,-0.222,0.425,0.553,0.367,-0.163,0.503,0.59,-0.243,0.233,0.446,0.285,0.427,0.257,0.533,0.5,0.321,0.189,-0.439,0.641,0.497,-0.196,0.262,0.1,0.578,0.342,-0.258,0.383,0.35,0.193,0.342,0.241,0.559,0.387,0.133,0.504,0.504,0.442,0.575,-0.033,0.39,0.225,0.339,0.286,0.082,0.186,0.545,0.364,-0.346,0.59,-0.36,0.41,-0.097,0.154,0.304,0.569,0.21,0.172,0.494,0.409,0.328,0.464,-0.203,-0.222,0.466,0.538,0.429,0.556,0.441,0.361,0.355,-0.174,0.295,0.578,0.47,0.455,0.545,0.459,0.331,0.334,0.449,0.328,0.424,0.458,0.108,0.449,-0.066,0.632,-0.196,-0.077,-0.137,0.561,0.28,0.434,-0.162,0.29,0.453,-0.136,0.283,0.25,0.393,0.372,0.455,0.132,0.395,0.557,0.41,0.324,-0.094,0.336,0.415,-0.089,0.205,0.134,0.369,0.602,0.024,-0.219,0.534,0.421,0.454,0.361,-0.433,0.382,0.271,0.427,0.156,0.265,0.447,0.28,0.467,-0.096,-0.26,0.087,0.195,0.43,0.506,0.14,0.438,0.278,0.626,0.452,0.586,0.002,-0.069,0.484,0.297,0.552,0.493,0.195,-0.357,0.374,0.411,0.655,0.489,0.062,0.049,0.596,0.499,0.359,0.353,0.254,0.647,0.54,0.537,0.471,0.496
AVTX,0.534,0.8,0.839,0.889,-0.704,-0.262,0.038,0.097,0.845,0.039,-0.195,0.883,0.453,0.57,-0.519,0.829,0.433,0.452,0.091,0.557,0.92,0.556,0.668,0.8,0.397,0.0,0.661,-0.553,-0.29,0.804,0.106,-0.745,0.739,-0.222,-0.728,0.167,0.838,0.233,-0.616,0.902,0.4,-0.532,0.361,0.923,0.644,0.06,0.015,0.888,0.455,0.636,-0.319,-0.628,0.615,0.283,-0.014,0.68,-0.459,0.774,-0.0,-0.88,0.43,0.442,-0.144,0.851,0.797,0.83,0.897,0.071,0.539,0.859,0.459,0.888,-0.531,0.585,0.064,0.808,0.613,-0.497,-0.089,0.892,0.882,-0.88,0.818,-0.739,0.674,-0.646,-0.105,0.787,0.6,0.734,0.508,0.725,0.886,0.874,0.785,-0.551,-0.696,0.835,0.539,0.713,0.815,-0.223,0.75,0.213,-0.523,0.387,0.24,0.815,0.426,0.862,0.796,0.781,0.028,0.798,-0.189,0.786,0.894,-0.019,0.814,-0.04,0.724,-0.687,0.335,-0.339,0.903,0.371,0.843,-0.585,-0.317,0.853,-0.466,-0.317,0.243,0.707,-0.13,0.875,0.27,0.822,0.843,0.938,0.834,-0.689,-0.264,0.892,-0.708,-0.52,-0.193,0.822,0.586,-0.643,-0.589,0.829,0.154,0.831,0.239,-0.868,0.717,0.593,0.627,0.082,-0.104,0.702,-0.29,0.914,-0.677,-0.646,-0.334,-0.185,0.875,0.396,0.4,0.893,0.803,0.626,0.564,0.692,-0.722,-0.581,0.679,0.781,0.909,0.858,0.828,-0.761,0.791,0.344,0.815,0.843,0.491,0.218,0.079,0.852,0.779,0.286,-0.186,0.636,0.786,0.907,0.265,0.837
BCPC,0.789,0.634,0.791,0.714,-0.493,0.454,0.629,0.718,0.864,0.296,0.272,0.706,0.872,0.776,-0.009,0.735,0.7,0.692,0.568,-0.077,0.476,0.629,0.186,0.674,0.656,0.661,0.0,-0.117,-0.577,0.853,-0.19,-0.311,0.84,0.286,-0.667,0.264,0.887,0.134,-0.271,0.832,0.586,-0.51,0.702,0.819,0.538,0.272,0.282,0.79,0.772,0.395,0.302,-0.571,0.88,0.754,-0.238,0.58,0.166,0.879,0.59,-0.511,0.818,0.6,0.456,0.5,0.374,0.739,0.564,0.216,0.766,0.733,0.632,0.858,-0.172,0.729,0.613,0.558,0.101,0.075,0.349,0.74,0.755,-0.597,0.755,-0.538,0.855,-0.217,0.492,0.371,0.758,0.52,-0.059,0.765,0.623,0.613,0.884,-0.701,-0.447,0.73,0.773,0.542,0.896,0.273,0.71,0.487,-0.036,0.639,0.717,0.636,0.873,0.801,0.77,0.783,0.547,0.857,0.417,0.796,0.665,0.349,0.635,-0.238,0.929,-0.188,0.216,-0.103,0.768,0.338,0.607,-0.061,0.122,0.846,-0.688,0.002,0.14,0.525,0.258,0.737,0.535,0.434,0.878,0.746,0.62,-0.279,0.409,0.705,-0.255,0.076,-0.217,0.746,0.9,-0.187,-0.27,0.861,0.667,0.842,0.468,-0.668,0.331,0.299,0.786,0.501,0.306,0.909,0.18,0.773,-0.304,-0.617,0.268,0.445,0.764,0.833,0.096,0.601,0.447,0.914,0.401,0.683,-0.284,-0.056,0.553,0.321,0.716,0.805,0.335,-0.673,0.594,0.804,0.771,0.847,-0.064,-0.268,0.678,0.651,0.863,0.554,-0.159,0.788,0.766,0.834,0.714,0.589
BEAM,-0.38,-0.665,-0.341,-0.595,0.566,0.572,0.239,0.356,-0.396,0.502,0.722,-0.389,0.151,-0.144,0.84,-0.651,-0.329,-0.408,0.532,-0.653,-0.646,0.005,-0.691,-0.459,-0.05,-0.553,-0.117,0.0,-0.039,-0.388,-0.134,0.535,-0.338,0.521,0.583,0.369,-0.415,-0.091,0.669,-0.539,-0.195,0.075,-0.195,-0.49,-0.56,-0.189,0.698,-0.52,-0.149,-0.584,0.662,0.048,-0.062,0.388,-0.359,-0.296,0.813,-0.415,0.286,0.773,-0.074,-0.441,0.543,-0.516,-0.817,-0.386,-0.711,0.528,-0.207,-0.547,0.009,-0.455,0.269,-0.222,0.382,-0.551,-0.581,0.83,0.734,-0.457,-0.602,0.577,-0.217,0.704,-0.281,0.809,0.445,-0.703,0.065,-0.712,-0.441,-0.422,-0.613,-0.741,-0.444,0.318,0.782,-0.682,-0.359,-0.626,-0.333,0.467,-0.577,0.374,0.666,0.333,0.339,-0.667,0.029,-0.476,-0.43,-0.494,0.597,-0.247,0.672,-0.406,-0.635,-0.153,-0.56,0.139,-0.24,0.37,-0.496,0.001,-0.559,-0.159,-0.517,0.672,0.386,-0.405,0.233,0.801,0.07,-0.726,0.384,-0.678,-0.261,-0.617,-0.428,-0.593,-0.714,0.652,0.613,-0.656,0.763,0.89,0.07,-0.573,-0.145,0.774,0.807,-0.477,0.349,-0.5,0.586,0.69,-0.498,-0.729,-0.399,0.253,0.724,-0.257,0.659,-0.629,0.913,0.632,0.314,0.632,-0.532,0.178,-0.113,-0.641,-0.781,-0.014,0.06,-0.205,0.642,0.782,-0.438,-0.594,-0.572,-0.536,-0.809,0.319,-0.34,0.148,-0.395,-0.449,-0.576,-0.37,0.35,-0.655,-0.374,0.039,0.288,-0.08,-0.612,-0.517,-0.045,-0.753
BILI,-0.33,-0.273,-0.329,-0.346,0.493,-0.47,-0.683,-0.638,-0.409,-0.139,-0.239,-0.413,-0.621,-0.463,-0.27,-0.396,-0.372,-0.251,-0.733,0.443,-0.033,-0.138,0.181,-0.033,-0.085,-0.29,-0.577,-0.039,0.0,-0.546,0.573,0.269,-0.341,-0.132,0.71,0.055,-0.526,0.335,0.141,-0.366,0.114,0.535,-0.645,-0.453,-0.124,0.126,-0.263,-0.296,-0.362,0.164,-0.533,0.509,-0.671,-0.559,0.674,-0.382,-0.414,-0.515,-0.525,0.18,-0.717,-0.227,-0.556,0.013,0.038,-0.386,-0.204,-0.131,-0.443,-0.225,-0.062,-0.489,0.38,-0.452,-0.503,-0.06,0.486,-0.257,-0.472,-0.313,-0.479,0.275,-0.486,0.267,-0.644,0.127,-0.604,0.129,-0.401,-0.135,0.622,-0.37,-0.249,-0.296,-0.515,0.766,0.115,-0.244,-0.31,0.068,-0.592,-0.055,-0.359,-0.125,-0.302,-0.578,-0.633,-0.126,-0.685,-0.345,-0.361,-0.621,-0.465,-0.544,-0.399,-0.446,-0.3,-0.202,-0.12,0.44,-0.451,0.025,0.048,0.19,-0.331,0.02,-0.157,-0.181,-0.137,-0.513,0.89,0.217,0.295,-0.125,-0.043,-0.34,-0.349,0.15,-0.415,-0.388,-0.225,0.104,-0.522,-0.269,0.155,-0.117,0.369,-0.401,-0.579,-0.015,0.208,-0.405,-0.576,-0.457,-0.241,0.391,0.192,0.274,-0.401,-0.608,-0.436,-0.677,-0.283,-0.414,0.058,0.541,-0.365,-0.491,-0.385,-0.559,0.301,-0.113,0.036,-0.656,0.051,-0.091,0.337,-0.222,0.012,0.205,-0.278,-0.434,0.028,0.551,-0.16,-0.522,-0.238,-0.407,0.352,0.724,-0.455,-0.157,-0.607,-0.645,0.195,-0.304,-0.29,-0.42,-0.544,-0.203
BJRI,0.645,0.759,0.879,0.916,-0.651,0.164,0.375,0.429,0.862,0.162,0.071,0.843,0.741,0.719,-0.244,0.842,0.599,0.6,0.352,0.202,0.668,0.667,0.495,0.722,0.566,0.804,0.853,-0.388,-0.546,0.0,-0.061,-0.586,0.877,0.089,-0.817,0.192,0.94,0.204,-0.583,0.89,0.47,-0.486,0.588,0.885,0.585,0.309,0.129,0.853,0.594,0.512,0.003,-0.646,0.823,0.532,-0.264,0.631,-0.142,0.904,0.356,-0.723,0.703,0.544,0.143,0.655,0.601,0.904,0.814,0.128,0.66,0.842,0.47,0.96,-0.458,0.679,0.29,0.688,0.319,-0.267,0.102,0.883,0.855,-0.795,0.852,-0.759,0.792,-0.46,0.243,0.579,0.657,0.585,0.129,0.801,0.813,0.829,0.869,-0.67,-0.597,0.837,0.695,0.612,0.94,-0.042,0.771,0.369,-0.286,0.452,0.544,0.777,0.709,0.869,0.802,0.848,0.258,0.816,0.097,0.848,0.885,0.247,0.76,-0.188,0.867,-0.417,0.258,-0.181,0.919,0.294,0.768,-0.403,0.017,0.897,-0.674,-0.193,0.171,0.65,0.056,0.855,0.422,0.608,0.87,0.885,0.718,-0.535,0.126,0.835,-0.545,-0.225,-0.093,0.793,0.851,-0.413,-0.572,0.895,0.433,0.841,0.26,-0.848,0.555,0.429,0.768,0.297,0.107,0.874,-0.024,0.908,-0.521,-0.722,0.007,0.111,0.886,0.624,0.192,0.799,0.612,0.813,0.45,0.778,-0.553,-0.341,0.642,0.535,0.894,0.906,0.595,-0.756,0.712,0.562,0.844,0.865,0.155,-0.111,0.486,0.798,0.853,0.562,-0.191,0.679,0.835,0.915,0.506,0.793
BLUE,-0.142,0.262,0.152,0.148,0.412,-0.322,-0.402,-0.348,0.029,0.314,-0.086,-0.015,-0.153,-0.057,-0.3,0.028,0.016,0.113,-0.499,0.539,0.331,0.168,0.514,0.369,0.123,0.106,-0.19,-0.134,0.573,-0.061,0.0,0.007,0.161,0.113,0.3,0.098,-0.042,0.64,-0.117,0.068,0.296,0.329,-0.586,0.021,-0.008,0.457,-0.047,0.207,-0.01,0.526,-0.486,0.291,-0.079,-0.369,0.399,-0.0,-0.452,0.062,-0.479,-0.148,-0.432,0.119,-0.631,0.199,0.37,0.187,0.191,0.096,-0.144,0.24,0.262,-0.005,-0.003,0.195,-0.258,0.315,0.614,-0.344,-0.37,0.241,-0.073,-0.24,-0.001,-0.148,-0.188,-0.013,-0.593,0.49,-0.154,0.115,0.58,0.211,0.278,0.096,-0.092,0.562,-0.001,0.121,0.156,0.467,-0.108,0.074,0.1,0.208,-0.614,-0.394,-0.201,0.259,-0.242,0.164,0.166,-0.289,-0.246,-0.046,-0.382,0.016,0.171,0.179,0.396,0.652,0.047,-0.23,0.095,0.124,0.129,0.593,0.386,-0.462,0.189,-0.007,0.543,0.287,0.689,0.287,-0.051,0.054,-0.188,0.374,-0.038,0.099,0.143,-0.353,-0.277,0.175,0.091,-0.106,0.27,0.032,-0.238,-0.037,0.006,0.042,-0.273,-0.043,0.023,0.029,0.54,0.491,-0.103,-0.49,-0.239,-0.271,-0.182,0.036,-0.085,0.359,-0.319,-0.304,0.089,-0.236,0.364,0.256,0.291,-0.218,0.47,0.326,0.296,-0.578,0.489,0.486,0.197,0.051,0.332,0.112,0.363,-0.184,0.288,0.124,0.475,0.409,0.009,0.205,-0.114,-0.282,0.036,-0.023,0.179,0.07,-0.16,0.048
