,AAL,AAON,ACB,ACGL,ACGLO,ACIW,ADBE,ADSK,AEP,AGIO,ALEC,ALNY,ALTR,AMBA,AMCX,AMKR,AMRX,ANSS,APPN,APTO,ARCT,ARWR,ASND,ASTH,ATSG,AVTX,BCPC,BEAM,BILI,BJRI,BLUE,BPOP,BRKL,BWIN,BZUN,CARG,CBRL,CBSH,CBUS,CENTA,CERS,CFFN,CHCO,CHEF,CHRD,CINF,CLLS,CMCO,CMCSA,COLL,COMM,COOP,CPB,CRON,CROX,CRUS,CRWD,CTAS,CYBR,CYTK,DGII,DIOD,DOMO,DPZ,DSGR,DXCM,ERIE,ESTA,EXEL,FAST,FCEL,FCFS,FHB,FITBI,FSV,FTDR,FUTU,GLDD,GLPG,GLPI,GOGO,GOSS,GSAT,GYRE,HALO,HAS,HLIT,HLNE,HSDT,HSIC,HTHT,ICHR,IDYA,IMVT,INDB,INSM,IONS,IOSP,ITRI,JBHT,JBLU,JSM,KLIC,KOD,KURA,LAB,LASR,LIN,LKQ,LNT,MBUU,MCRI,MDGL,MEDP,MGNI,MGPI,MGRC,MKTX,MRNA,MRTN,MSEX,MSFT,MU,NAVI,NBTB,NEO,NEOG,NGNE,NSSC,NTAP,NTES,NTLA,NTRS,NYMTN,OBLG,OCFC,ON,ONC,OPI,OSIS,OSW,PALI,PANW,PCAR,PCRX,PCTY,PEBO,PLAB,PLAY,PLMR,PLSE,PLUS,PRTA,PSEC,PSNL,PTCT,PTON,QNST,QRVO,QTTB,RARE,RBCAA,RGNX,SAIC,SGMO,SINT,SNPS,SPSC,SPTN,SSYS,STNE,TBBK,TCPC,TENB,TGTX,TREE,TRUP,TTWO,TW,TXG,UBSI,UCTT,UFPT,UMBF,UPBD,URBN,VBTX,VCTR,VEON,VNET,VRSK,VSEC,WABC,WTFCM,WVE,WW,WWD,XEL,ZD,ZYME
AAL,0.0,-0.528,0.728,0.686,0.565,0.916,0.612,0.413,-0.157,0.825,0.902,0.851,0.848,0.884,-0.303,0.081,0.817,0.943,-0.293,0.858,0.907,0.947,0.732,0.842,0.903,0.857,0.824,0.883,0.703,0.834,0.812,0.702,0.111,0.636,0.08,0.922,0.726,0.848,0.876,0.167,-0.435,0.258,-0.254,0.736,-0.144,0.463,0.664,0.934,0.23,0.612,-0.41,0.715,-0.408,-0.375,0.925,0.022,0.938,0.881,0.9,-0.206,-0.618,0.507,0.935,0.717,-0.335,0.935,0.586,0.948,0.857,0.912,0.946,0.439,-0.136,0.44,0.675,0.87,0.43,-0.089,0.76,0.681,0.744,-0.218,0.492,0.137,0.197,0.34,-0.121,0.956,0.86,-0.154,0.713,0.605,-0.193,0.871,0.052,0.935,0.636,-0.616,0.176,0.332,0.941,0.327,-0.608,0.32,0.911,0.737,0.828,0.427,0.315,0.563,-0.7,0.895,0.78,0.253,0.405,-0.32,0.752,0.357,0.763,0.084,-0.147,0.894,0.14,0.888,-0.109,0.845,0.643,0.854,0.682,0.835,0.16,0.843,0.733,0.85,0.772,-0.491,0.018,0.907,0.801,-0.388,0.912,0.886,0.867,0.544,0.868,0.928,0.657,0.347,0.884,-0.093,0.876,0.469,0.857,0.672,0.927,0.916,0.928,-0.533,0.855,0.5,0.931,-0.406,0.939,0.832,0.864,0.908,0.472,0.865,0.582,0.896,0.748,0.902,0.627,0.922,0.755,0.914,0.803,0.761,0.759,0.73,-0.416,0.708,-0.482,0.738,-0.46,0.789,0.815,0.873,0.918,0.329,0.86,0.665,0.757,0.614,0.827,0.804,0.856,-0.365,0.957,0.363
AAON,-0.528,0.0,-0.507,-0.292,-0.341,-0.461,-0.331,-0.241,0.262,-0.219,-0.508,-0.317,-0.47,-0.548,0.038,0.127,-0.551,-0.524,0.322,-0.411,-0.474,-0.552,-0.313,-0.393,-0.451,-0.397,-0.337,-0.326,-0.65,-0.273,-0.289,-0.402,-0.042,-0.167,-0.34,-0.451,-0.117,-0.262,-0.541,0.303,0.415,0.053,0.201,-0.354,0.147,0.08,-0.565,-0.393,0.13,-0.336,0.376,-0.526,0.511,0.121,-0.541,-0.144,-0.498,-0.331,-0.52,-0.031,0.341,-0.329,-0.448,-0.121,0.463,-0.446,-0.001,-0.479,-0.418,-0.367,-0.499,-0.443,0.411,-0.007,-0.154,-0.485,-0.439,-0.132,-0.177,-0.255,-0.129,0.382,-0.263,-0.047,-0.138,-0.153,-0.079,-0.477,-0.403,0.505,-0.578,-0.267,0.207,-0.303,-0.127,-0.555,-0.372,0.256,-0.244,0.156,-0.418,0.082,0.527,-0.38,-0.526,-0.365,-0.425,-0.393,-0.14,-0.045,0.491,-0.297,-0.363,0.097,-0.164,0.254,-0.232,-0.224,-0.381,0.125,0.418,-0.471,-0.108,-0.334,0.021,-0.315,-0.111,-0.418,-0.261,-0.237,-0.408,-0.47,-0.162,-0.548,-0.292,0.373,-0.181,-0.48,-0.344,0.209,-0.585,-0.511,-0.39,0.016,-0.51,-0.465,-0.002,-0.205,-0.388,-0.007,-0.373,0.041,-0.302,-0.135,-0.417,-0.416,-0.484,0.388,-0.594,-0.247,-0.477,0.579,-0.491,-0.287,-0.365,-0.615,-0.435,-0.371,-0.196,-0.472,-0.558,-0.399,-0.102,-0.546,-0.296,-0.375,-0.224,-0.484,-0.295,-0.254,0.233,-0.083,0.368,-0.201,0.428,-0.248,-0.354,-0.462,-0.587,-0.389,-0.369,-0.375,-0.202,-0.195,-0.441,-0.288,-0.325,0.239,-0.447,-0.455
ACB,0.728,-0.507,0.0,0.465,0.662,0.626,0.781,0.576,-0.082,0.557,0.817,0.582,0.731,0.885,0.317,0.477,0.709,0.673,-0.17,0.715,0.816,0.747,0.691,0.717,0.541,0.604,0.575,0.633,0.807,0.381,0.488,0.427,0.442,0.739,0.658,0.54,0.208,0.402,0.651,0.098,-0.049,0.245,-0.192,0.596,0.124,0.127,0.82,0.553,0.347,0.757,-0.18,0.727,-0.572,0.259,0.618,0.411,0.605,0.452,0.768,0.244,-0.017,0.611,0.563,0.476,-0.562,0.564,0.25,0.676,0.416,0.568,0.755,0.475,-0.12,-0.134,0.712,0.553,0.756,0.244,0.421,0.77,0.528,0.073,0.841,0.165,0.624,0.232,0.155,0.622,0.37,-0.283,0.821,0.592,0.314,0.423,0.416,0.83,0.796,-0.081,0.475,0.021,0.645,0.088,-0.337,0.724,0.698,0.33,0.464,0.775,0.397,0.37,-0.324,0.63,0.783,0.421,0.746,-0.095,0.537,0.455,0.828,-0.277,-0.076,0.478,0.473,0.636,-0.193,0.69,0.417,0.462,0.811,0.409,0.657,0.878,0.436,0.47,0.332,-0.116,0.497,0.617,0.63,0.148,0.781,0.631,0.483,0.136,0.637,0.538,0.287,0.66,0.395,0.44,0.6,0.335,0.601,0.469,0.641,0.566,0.746,-0.046,0.715,0.08,0.536,-0.399,0.583,0.627,0.714,0.691,0.727,0.415,0.425,0.815,0.91,0.485,0.103,0.679,0.477,0.576,0.714,0.855,0.509,0.809,-0.002,0.706,-0.088,0.244,-0.258,0.326,0.575,0.844,0.606,0.447,0.419,0.277,0.367,0.215,0.317,0.29,0.482,0.039,0.633,0.443
ACGL,0.686,-0.292,0.465,0.0,0.337,0.517,0.576,0.262,0.146,0.663,0.59,0.658,0.535,0.605,-0.218,0.161,0.522,0.594,-0.065,0.546,0.559,0.567,0.541,0.553,0.65,0.492,0.588,0.579,0.365,0.549,0.572,0.696,0.181,0.382,0.001,0.63,0.539,0.651,0.523,0.248,-0.183,0.304,-0.128,0.607,0.089,0.601,0.414,0.588,0.393,0.376,-0.074,0.449,-0.071,-0.192,0.602,0.065,0.589,0.697,0.585,-0.067,-0.323,0.413,0.623,0.615,-0.27,0.611,0.636,0.656,0.672,0.654,0.618,0.09,0.173,0.318,0.559,0.542,0.28,-0.039,0.606,0.642,0.62,0.071,0.355,0.186,0.205,0.479,0.006,0.648,0.491,0.272,0.531,0.386,-0.077,0.615,0.031,0.647,0.49,-0.349,0.08,0.539,0.556,0.347,-0.252,0.056,0.544,0.459,0.468,0.331,0.425,0.571,-0.296,0.662,0.534,0.238,0.302,0.041,0.607,0.219,0.534,0.196,0.048,0.677,0.248,0.74,0.115,0.667,0.483,0.506,0.435,0.705,0.027,0.573,0.78,0.477,0.527,-0.273,0.092,0.522,0.585,-0.157,0.572,0.585,0.602,0.562,0.532,0.616,0.547,0.464,0.603,0.069,0.558,0.517,0.479,0.679,0.644,0.59,0.647,-0.367,0.477,0.239,0.615,-0.09,0.614,0.811,0.582,0.511,0.222,0.543,0.572,0.563,0.455,0.604,0.596,0.593,0.506,0.585,0.62,0.502,0.578,0.523,-0.156,0.679,-0.058,0.67,-0.147,0.613,0.603,0.626,0.5,0.188,0.556,0.417,0.521,0.333,0.485,0.534,0.576,-0.156,0.607,0.127
ACGLO,0.565,-0.341,0.662,0.337,0.0,0.535,0.556,0.12,0.086,0.303,0.756,0.677,0.571,0.623,0.365,0.256,0.541,0.521,-0.343,0.413,0.601,0.629,0.851,0.638,0.353,0.676,0.668,0.548,0.532,0.256,0.232,0.192,0.509,0.504,0.391,0.439,0.108,0.269,0.439,-0.187,-0.254,0.703,-0.149,0.14,0.126,0.391,0.83,0.461,0.61,0.807,-0.303,0.402,-0.769,0.019,0.403,0.064,0.521,0.383,0.676,-0.19,0.007,0.179,0.429,0.621,-0.646,0.508,0.217,0.638,0.196,0.482,0.646,0.095,0.089,-0.223,0.51,0.438,0.65,0.131,0.183,0.722,0.665,0.01,0.725,0.492,0.718,-0.278,-0.136,0.493,0.313,-0.045,0.569,0.272,0.276,0.311,0.541,0.692,0.861,-0.241,0.331,-0.233,0.621,0.071,-0.457,0.715,0.605,0.152,0.211,0.593,-0.114,0.6,-0.497,0.435,0.71,0.027,0.661,-0.383,0.5,0.633,0.66,-0.466,0.243,0.301,-0.075,0.577,-0.083,0.617,0.359,0.349,0.642,0.191,0.408,0.668,0.498,0.448,0.177,-0.257,0.116,0.461,0.752,-0.025,0.576,0.632,0.494,-0.116,0.586,0.41,0.477,0.331,0.265,0.361,0.434,0.238,0.41,0.26,0.455,0.604,0.574,0.086,0.465,0.072,0.392,-0.042,0.463,0.549,0.66,0.54,0.809,0.271,0.285,0.623,0.77,0.523,-0.081,0.626,0.044,0.503,0.611,0.806,0.637,0.707,0.038,0.589,-0.29,0.228,-0.67,0.068,0.418,0.618,0.448,-0.057,0.417,0.083,0.425,0.35,0.296,0.16,0.525,0.158,0.539,0.105
ACIW,0.916,-0.461,0.626,0.517,0.535,0.0,0.526,0.421,-0.252,0.789,0.868,0.774,0.847,0.808,-0.396,-0.029,0.737,0.974,-0.327,0.841,0.925,0.94,0.661,0.88,0.82,0.797,0.782,0.919,0.694,0.811,0.836,0.683,0.121,0.649,0.069,0.913,0.702,0.824,0.843,-0.006,-0.309,0.157,-0.122,0.61,-0.094,0.312,0.627,0.908,0.045,0.529,-0.421,0.702,-0.377,-0.467,0.928,0.005,0.934,0.832,0.864,-0.195,-0.665,0.503,0.926,0.674,-0.227,0.911,0.546,0.873,0.8,0.897,0.938,0.477,-0.244,0.447,0.532,0.82,0.41,-0.071,0.726,0.527,0.686,-0.369,0.417,0.237,0.05,0.238,-0.071,0.953,0.859,-0.259,0.594,0.645,-0.306,0.894,0.074,0.857,0.522,-0.655,0.245,0.298,0.922,0.378,-0.582,0.356,0.901,0.821,0.897,0.404,0.253,0.379,-0.765,0.834,0.655,0.244,0.371,-0.368,0.595,0.533,0.695,0.226,-0.236,0.887,0.05,0.796,-0.037,0.788,0.723,0.862,0.557,0.735,0.138,0.817,0.697,0.834,0.747,-0.507,-0.019,0.946,0.639,-0.472,0.865,0.807,0.881,0.523,0.819,0.956,0.588,0.186,0.878,-0.226,0.803,0.3,0.9,0.459,0.905,0.893,0.855,-0.605,0.873,0.648,0.905,-0.525,0.914,0.659,0.876,0.916,0.501,0.91,0.371,0.853,0.719,0.861,0.549,0.918,0.74,0.868,0.728,0.607,0.675,0.702,-0.414,0.592,-0.623,0.683,-0.464,0.744,0.801,0.82,0.915,0.382,0.829,0.651,0.736,0.612,0.836,0.824,0.771,-0.521,0.943,0.494
ADBE,0.612,-0.331,0.781,0.576,0.556,0.526,0.0,0.545,0.109,0.647,0.728,0.52,0.746,0.814,0.28,0.51,0.66,0.612,0.235,0.565,0.687,0.606,0.639,0.667,0.497,0.473,0.565,0.617,0.681,0.334,0.518,0.506,0.503,0.538,0.552,0.415,0.225,0.365,0.57,0.225,0.055,0.337,-0.082,0.635,0.13,0.245,0.644,0.469,0.424,0.695,-0.101,0.563,-0.394,0.349,0.578,0.424,0.526,0.466,0.699,0.35,0.08,0.67,0.508,0.45,-0.495,0.485,0.335,0.584,0.4,0.556,0.622,0.351,0.096,-0.072,0.662,0.525,0.759,0.261,0.45,0.747,0.593,0.36,0.777,0.23,0.578,0.319,0.241,0.56,0.231,-0.017,0.835,0.382,0.448,0.385,0.473,0.673,0.746,-0.055,0.376,0.231,0.526,0.041,-0.134,0.572,0.624,0.249,0.35,0.782,0.516,0.362,-0.046,0.611,0.762,0.566,0.698,0.103,0.49,0.448,0.763,-0.113,0.124,0.451,0.544,0.557,0.034,0.599,0.411,0.326,0.723,0.458,0.641,0.828,0.565,0.324,0.341,-0.009,0.578,0.5,0.554,0.205,0.666,0.557,0.484,0.296,0.553,0.517,0.355,0.751,0.34,0.577,0.385,0.322,0.485,0.52,0.597,0.492,0.647,-0.021,0.635,-0.037,0.476,-0.131,0.52,0.623,0.659,0.482,0.648,0.318,0.512,0.654,0.756,0.429,0.145,0.604,0.416,0.474,0.713,0.711,0.514,0.623,0.116,0.654,0.03,0.377,-0.128,0.327,0.604,0.795,0.43,0.402,0.345,0.331,0.43,0.174,0.216,0.201,0.399,0.125,0.545,0.347
ADSK,0.413,-0.241,0.576,0.262,0.12,0.421,0.545,0.0,-0.048,0.435,0.331,0.107,0.42,0.514,0.036,0.443,0.209,0.459,0.102,0.512,0.521,0.328,0.108,0.423,0.384,0.058,0.163,0.334,0.465,0.165,0.545,0.464,0.215,0.488,0.475,0.358,0.129,0.367,0.252,0.184,0.341,-0.327,0.215,0.577,0.329,-0.112,0.321,0.344,-0.166,0.171,0.291,0.587,0.056,0.26,0.451,0.638,0.267,0.228,0.317,0.478,0.026,0.822,0.341,0.033,0.021,0.233,0.383,0.218,0.313,0.354,0.467,0.559,-0.062,0.145,0.341,0.235,0.378,0.444,0.382,0.445,0.117,0.081,0.423,-0.309,0.044,0.639,0.437,0.385,0.134,-0.081,0.44,0.668,0.092,0.285,0.139,0.404,0.229,0.195,0.629,0.37,0.26,0.443,0.237,0.244,0.257,0.367,0.473,0.482,0.774,-0.035,0.059,0.333,0.232,0.635,0.529,0.469,0.053,0.361,0.537,0.313,-0.216,0.34,0.735,0.397,0.054,0.336,0.54,0.346,0.292,0.343,0.402,0.558,0.221,0.127,0.324,0.089,0.618,0.384,0.095,0.294,0.41,0.151,0.141,0.398,0.117,0.392,-0.001,0.658,0.285,0.172,0.247,0.246,0.414,0.415,0.384,0.17,0.378,-0.205,0.381,0.257,0.272,-0.384,0.251,0.327,0.327,0.393,0.238,0.365,0.109,0.495,0.393,0.121,0.303,0.29,0.591,0.246,0.356,0.32,-0.004,0.443,0.097,0.485,0.208,0.12,0.349,0.352,0.463,0.465,0.308,0.788,0.077,0.288,0.117,-0.162,0.132,0.217,0.141,-0.113,0.338,0.526
AEP,-0.157,0.262,-0.082,0.146,0.086,-0.252,0.109,-0.048,0.0,-0.214,-0.166,-0.143,-0.225,-0.147,0.298,0.343,-0.235,-0.197,0.088,-0.249,-0.214,-0.224,0.05,-0.27,-0.12,-0.195,0.058,-0.188,-0.131,-0.312,-0.253,-0.013,0.402,0.069,0.042,-0.278,-0.294,-0.136,-0.335,0.15,0.142,0.344,0.281,-0.226,0.345,0.321,-0.115,-0.239,0.239,-0.04,0.244,0.063,0.178,0.287,-0.325,0.113,-0.271,-0.078,-0.21,-0.002,0.377,-0.061,-0.286,-0.123,0.114,-0.247,0.05,-0.225,-0.251,-0.094,-0.219,0.01,0.428,-0.28,0.209,-0.233,0.023,0.14,-0.385,0.203,0.02,0.206,0.078,0.232,0.233,-0.124,-0.046,-0.219,-0.299,0.378,-0.067,-0.108,0.284,-0.2,0.391,-0.153,0.015,0.321,0.119,0.061,-0.205,-0.059,0.3,-0.038,-0.214,-0.375,-0.376,0.195,0.069,0.403,0.342,-0.212,-0.114,-0.113,0.032,0.198,0.182,0.088,-0.06,-0.048,0.387,-0.19,0.142,-0.023,0.348,-0.216,-0.124,-0.297,-0.05,-0.097,0.056,-0.153,0.134,-0.31,-0.251,0.318,0.111,-0.256,0.091,0.366,-0.277,-0.169,-0.211,-0.025,-0.228,-0.261,-0.021,0.297,-0.324,0.287,-0.184,0.343,-0.175,0.157,-0.288,-0.226,-0.233,0.377,-0.217,-0.314,-0.3,0.528,-0.27,0.057,-0.208,-0.275,0.085,-0.276,0.059,-0.176,-0.081,-0.133,-0.042,-0.208,-0.347,-0.261,-0.083,-0.032,-0.099,-0.018,0.386,0.009,0.352,0.019,0.119,-0.25,-0.088,-0.1,-0.269,-0.197,-0.208,-0.004,0.097,-0.189,-0.173,-0.3,-0.104,0.696,-0.245,-0.189
AGIO,0.825,-0.219,0.557,0.663,0.303,0.789,0.647,0.435,-0.214,0.0,0.76,0.746,0.806,0.774,-0.39,0.112,0.704,0.822,0.05,0.767,0.798,0.761,0.543,0.803,0.779,0.675,0.665,0.847,0.515,0.819,0.865,0.65,0.027,0.518,-0.024,0.81,0.806,0.807,0.788,0.334,-0.189,0.117,-0.208,0.768,-0.125,0.422,0.409,0.813,0.222,0.483,-0.23,0.51,-0.114,-0.293,0.863,0.044,0.815,0.815,0.77,-0.002,-0.544,0.531,0.87,0.695,-0.215,0.817,0.67,0.816,0.851,0.83,0.793,0.312,-0.046,0.555,0.622,0.79,0.296,-0.134,0.905,0.596,0.694,0.084,0.398,0.056,0.07,0.505,0.014,0.854,0.729,0.024,0.593,0.519,-0.066,0.833,-0.101,0.755,0.499,-0.542,0.055,0.576,0.797,0.38,-0.356,0.139,0.751,0.707,0.769,0.32,0.433,0.409,-0.424,0.912,0.699,0.551,0.373,-0.087,0.596,0.249,0.652,0.278,-0.04,0.784,0.25,0.74,-0.121,0.804,0.684,0.746,0.608,0.847,0.051,0.773,0.7,0.659,0.786,-0.372,0.073,0.787,0.588,-0.309,0.765,0.738,0.791,0.683,0.721,0.845,0.681,0.333,0.833,-0.052,0.714,0.398,0.812,0.663,0.913,0.787,0.839,-0.505,0.712,0.43,0.853,-0.312,0.835,0.76,0.828,0.679,0.235,0.795,0.557,0.737,0.529,0.752,0.661,0.774,0.825,0.829,0.808,0.541,0.672,0.593,-0.382,0.7,-0.297,0.703,-0.15,0.83,0.793,0.775,0.73,0.36,0.743,0.584,0.692,0.537,0.657,0.76,0.712,-0.435,0.845,0.309
ALEC,0.902,-0.508,0.817,0.59,0.756,0.868,0.728,0.331,-0.166,0.76,0.0,0.879,0.902,0.934,-0.024,0.143,0.872,0.894,-0.272,0.775,0.917,0.942,0.88,0.929,0.726,0.88,0.842,0.884,0.772,0.697,0.663,0.557,0.302,0.665,0.299,0.805,0.552,0.637,0.854,0.025,-0.332,0.45,-0.291,0.593,-0.091,0.398,0.836,0.812,0.417,0.819,-0.459,0.651,-0.641,-0.197,0.849,0.049,0.893,0.74,0.963,-0.125,-0.396,0.457,0.846,0.773,-0.589,0.862,0.446,0.936,0.671,0.828,0.928,0.343,-0.152,0.141,0.684,0.821,0.659,-0.011,0.652,0.752,0.789,-0.087,0.716,0.341,0.484,0.115,-0.066,0.879,0.689,-0.251,0.798,0.506,0.065,0.723,0.288,0.942,0.849,-0.538,0.225,0.096,0.914,0.141,-0.639,0.616,0.921,0.567,0.67,0.601,0.179,0.54,-0.668,0.839,0.888,0.254,0.607,-0.393,0.693,0.537,0.837,-0.169,-0.023,0.732,0.092,0.786,-0.157,0.88,0.561,0.699,0.811,0.606,0.377,0.924,0.696,0.767,0.583,-0.46,0.133,0.849,0.813,-0.295,0.91,0.892,0.842,0.295,0.893,0.817,0.607,0.361,0.709,0.18,0.752,0.273,0.78,0.483,0.877,0.887,0.918,-0.321,0.863,0.311,0.821,-0.382,0.867,0.736,0.942,0.846,0.73,0.691,0.518,0.887,0.903,0.824,0.29,0.94,0.543,0.858,0.863,0.862,0.822,0.814,-0.273,0.715,-0.493,0.576,-0.577,0.554,0.743,0.914,0.822,0.24,0.763,0.485,0.685,0.559,0.654,0.607,0.762,-0.234,0.895,0.36
ALNY,0.851,-0.317,0.582,0.658,0.677,0.774,0.52,0.107,-0.143,0.746,0.879,0.0,0.77,0.73,-0.195,-0.062,0.743,0.787,-0.257,0.677,0.776,0.851,0.873,0.838,0.69,0.921,0.844,0.872,0.488,0.778,0.664,0.468,0.101,0.55,-0.059,0.817,0.706,0.696,0.769,0.099,-0.47,0.571,-0.372,0.54,-0.229,0.652,0.682,0.835,0.575,0.717,-0.479,0.411,-0.539,-0.408,0.759,-0.215,0.863,0.783,0.849,-0.439,-0.533,0.204,0.832,0.931,-0.453,0.877,0.584,0.934,0.687,0.814,0.856,0.014,0.033,0.328,0.591,0.812,0.4,-0.214,0.73,0.664,0.855,-0.107,0.476,0.26,0.364,0.066,-0.228,0.844,0.757,0.017,0.589,0.357,-0.09,0.766,0.054,0.829,0.748,-0.718,-0.021,0.145,0.909,0.234,-0.667,0.347,0.852,0.554,0.619,0.258,-0.025,0.7,-0.723,0.824,0.823,0.11,0.417,-0.492,0.726,0.333,0.735,-0.162,0.118,0.721,-0.171,0.834,-0.207,0.893,0.535,0.745,0.701,0.684,0.002,0.75,0.76,0.785,0.623,-0.58,-0.19,0.77,0.868,-0.501,0.789,0.873,0.85,0.359,0.846,0.781,0.804,0.146,0.76,-0.028,0.821,0.317,0.708,0.546,0.826,0.943,0.861,-0.373,0.678,0.374,0.815,-0.145,0.85,0.778,0.902,0.735,0.503,0.703,0.553,0.772,0.691,0.879,0.42,0.859,0.49,0.882,0.866,0.73,0.888,0.755,-0.392,0.73,-0.545,0.689,-0.636,0.628,0.667,0.732,0.733,-0.055,0.83,0.396,0.698,0.636,0.714,0.695,0.818,-0.283,0.884,0.051
ALTR,0.848,-0.47,0.731,0.535,0.571,0.847,0.746,0.42,-0.225,0.806,0.902,0.77,0.0,0.891,-0.165,0.088,0.855,0.899,-0.019,0.742,0.863,0.867,0.74,0.91,0.723,0.774,0.784,0.895,0.773,0.728,0.725,0.547,0.171,0.56,0.237,0.768,0.609,0.613,0.874,0.109,-0.291,0.288,-0.322,0.676,-0.182,0.318,0.687,0.782,0.261,0.732,-0.501,0.612,-0.483,-0.167,0.871,0.031,0.891,0.768,0.931,-0.005,-0.439,0.484,0.867,0.704,-0.493,0.858,0.387,0.874,0.699,0.837,0.857,0.431,-0.279,0.302,0.661,0.844,0.637,-0.07,0.721,0.647,0.742,-0.042,0.589,0.229,0.295,0.191,-0.039,0.862,0.696,-0.331,0.815,0.439,0.026,0.749,0.152,0.827,0.682,-0.575,0.157,0.219,0.847,0.133,-0.577,0.482,0.902,0.604,0.708,0.547,0.268,0.394,-0.538,0.857,0.823,0.382,0.496,-0.284,0.631,0.475,0.752,-0.007,-0.024,0.763,0.136,0.684,-0.184,0.82,0.489,0.7,0.741,0.649,0.392,0.886,0.622,0.747,0.647,-0.489,0.144,0.846,0.686,-0.343,0.886,0.853,0.849,0.403,0.869,0.843,0.543,0.35,0.736,0.114,0.689,0.149,0.765,0.52,0.89,0.837,0.882,-0.394,0.872,0.316,0.846,-0.435,0.875,0.629,0.899,0.799,0.626,0.723,0.554,0.789,0.82,0.793,0.36,0.916,0.617,0.823,0.825,0.703,0.772,0.672,-0.365,0.607,-0.523,0.602,-0.459,0.628,0.727,0.862,0.817,0.34,0.759,0.596,0.676,0.573,0.673,0.637,0.713,-0.309,0.877,0.419
AMBA,0.884,-0.548,0.885,0.605,0.623,0.808,0.814,0.514,-0.147,0.774,0.934,0.73,0.891,0.0,0.019,0.303,0.875,0.865,-0.145,0.783,0.892,0.872,0.739,0.878,0.755,0.754,0.75,0.801,0.836,0.65,0.659,0.606,0.289,0.666,0.413,0.757,0.509,0.611,0.848,0.176,-0.21,0.266,-0.284,0.73,-0.054,0.287,0.757,0.757,0.304,0.75,-0.38,0.74,-0.499,-0.04,0.856,0.217,0.829,0.707,0.928,0.103,-0.316,0.622,0.813,0.601,-0.564,0.79,0.397,0.855,0.694,0.8,0.875,0.526,-0.217,0.149,0.756,0.788,0.675,0.087,0.652,0.775,0.676,0.025,0.758,0.181,0.449,0.344,0.043,0.834,0.599,-0.286,0.883,0.575,0.14,0.665,0.272,0.905,0.781,-0.378,0.275,0.233,0.816,0.103,-0.51,0.569,0.845,0.533,0.66,0.685,0.438,0.436,-0.48,0.827,0.849,0.392,0.611,-0.173,0.665,0.442,0.841,-0.094,-0.051,0.713,0.358,0.724,-0.173,0.823,0.517,0.626,0.837,0.635,0.51,0.937,0.61,0.683,0.598,-0.338,0.334,0.803,0.734,-0.1,0.908,0.818,0.752,0.365,0.835,0.782,0.45,0.542,0.676,0.302,0.673,0.325,0.74,0.556,0.869,0.755,0.908,-0.315,0.876,0.202,0.783,-0.457,0.823,0.728,0.85,0.809,0.655,0.652,0.586,0.871,0.892,0.733,0.343,0.878,0.63,0.793,0.825,0.845,0.718,0.748,-0.239,0.718,-0.305,0.534,-0.366,0.583,0.742,0.944,0.796,0.438,0.676,0.572,0.611,0.473,0.577,0.565,0.698,-0.169,0.835,0.453
AMCX,-0.303,0.038,0.317,-0.218,0.365,-0.396,0.28,0.036,0.298,-0.39,-0.024,-0.195,-0.165,0.019,0.0,0.528,-0.115,-0.38,0.086,-0.271,-0.135,-0.223,0.148,-0.165,-0.469,-0.18,-0.206,-0.316,0.065,-0.624,-0.483,-0.373,0.61,0.078,0.727,-0.522,-0.726,-0.575,-0.332,-0.125,0.341,0.34,0.107,-0.271,0.378,-0.242,0.335,-0.448,0.438,0.311,0.236,-0.02,-0.436,0.82,-0.451,0.476,-0.436,-0.569,-0.141,0.361,0.85,0.047,-0.512,-0.21,-0.423,-0.474,-0.35,-0.271,-0.64,-0.452,-0.209,-0.109,0.323,-0.865,0.047,-0.402,0.487,0.514,-0.516,0.232,-0.12,0.468,0.576,0.205,0.804,-0.313,0.326,-0.433,-0.663,0.033,0.147,-0.126,0.809,-0.648,0.702,-0.069,0.431,0.667,0.374,-0.549,-0.284,-0.364,0.299,0.635,-0.233,-0.628,-0.571,0.504,-0.051,-0.005,0.436,-0.377,0.129,0.078,0.521,0.119,-0.188,0.189,0.169,-0.673,0.256,-0.6,0.321,-0.225,0.008,-0.189,-0.297,-0.517,0.235,-0.568,0.634,0.065,-0.281,-0.473,-0.633,0.519,0.595,-0.418,0.006,0.715,-0.152,-0.258,-0.479,-0.6,-0.257,-0.528,-0.254,0.462,-0.675,0.832,-0.357,-0.079,-0.363,-0.173,-0.418,-0.362,-0.243,0.729,-0.205,-0.591,-0.542,0.303,-0.463,-0.163,-0.153,-0.292,0.476,-0.677,-0.149,-0.049,0.247,-0.467,-0.746,-0.297,-0.533,-0.417,-0.065,0.327,-0.195,0.153,0.678,0.075,0.51,-0.597,0.031,-0.713,-0.233,-0.011,-0.449,-0.088,-0.558,-0.58,-0.403,-0.499,-0.653,-0.752,-0.415,0.685,-0.41,-0.06
AMKR,0.081,0.127,0.477,0.161,0.256,-0.029,0.51,0.443,0.343,0.112,0.143,-0.062,0.088,0.303,0.528,0.0,0.108,0.014,0.21,0.173,0.147,0.033,0.181,0.056,0.122,-0.053,0.056,-0.024,0.227,-0.121,-0.03,0.101,0.466,0.423,0.51,-0.099,-0.201,-0.024,-0.036,0.275,0.371,0.153,0.152,0.156,0.378,0.044,0.216,-0.057,0.257,0.262,0.378,0.262,-0.02,0.594,-0.052,0.51,-0.095,-0.042,0.088,0.417,0.503,0.44,-0.084,-0.043,-0.146,-0.109,0.063,0.001,-0.109,0.011,0.065,0.282,0.205,-0.339,0.486,-0.095,0.34,0.295,-0.106,0.458,0.085,0.432,0.571,0.041,0.489,0.202,0.135,-0.025,-0.258,0.158,0.303,0.301,0.557,-0.13,0.434,0.194,0.339,0.504,0.41,0.141,-0.025,0.022,0.355,0.321,-0.03,-0.232,-0.15,0.552,0.473,0.202,0.363,0.086,0.245,0.362,0.524,0.401,0.167,0.159,0.27,-0.141,0.183,-0.086,0.639,0.129,0.053,0.089,0.142,-0.189,0.36,0.037,0.471,0.265,0.09,-0.236,-0.043,0.429,0.596,-0.03,0.152,0.636,0.106,-0.026,-0.124,-0.025,-0.055,-0.099,-0.053,0.705,-0.185,0.576,-0.04,0.495,0.077,0.266,0.015,-0.128,0.085,0.505,0.047,-0.34,-0.128,0.092,-0.112,0.275,0.037,0.009,0.284,-0.158,0.122,0.23,0.278,-0.117,-0.081,-0.028,0.052,-0.029,0.201,0.352,-0.033,0.312,0.372,0.444,0.555,-0.104,0.28,-0.1,0.097,0.325,-0.073,0.27,-0.164,-0.011,-0.008,-0.208,-0.276,-0.248,0.028,0.516,-0.038,0.057
AMRX,0.817,-0.551,0.709,0.522,0.541,0.737,0.66,0.209,-0.235,0.704,0.872,0.743,0.855,0.875,-0.115,0.108,0.0,0.801,-0.083,0.689,0.747,0.843,0.72,0.785,0.745,0.813,0.743,0.748,0.776,0.751,0.543,0.462,0.041,0.486,0.185,0.712,0.603,0.518,0.889,0.153,-0.476,0.321,-0.526,0.634,-0.353,0.34,0.656,0.734,0.298,0.747,-0.601,0.509,-0.536,-0.176,0.806,-0.105,0.86,0.736,0.907,-0.107,-0.471,0.324,0.815,0.63,-0.58,0.83,0.209,0.87,0.709,0.765,0.75,0.434,-0.368,0.256,0.666,0.846,0.562,-0.225,0.626,0.583,0.665,-0.063,0.555,0.131,0.351,0.128,-0.204,0.796,0.681,-0.386,0.831,0.273,0.048,0.678,0.064,0.812,0.681,-0.573,-0.034,0.112,0.803,-0.092,-0.708,0.437,0.866,0.441,0.577,0.45,0.15,0.453,-0.57,0.821,0.856,0.151,0.369,-0.402,0.715,0.228,0.626,-0.2,-0.026,0.71,0.041,0.598,-0.295,0.744,0.301,0.579,0.794,0.612,0.375,0.766,0.513,0.773,0.614,-0.535,0.058,0.778,0.735,-0.384,0.892,0.868,0.825,0.241,0.931,0.742,0.433,0.237,0.702,0.164,0.682,0.234,0.661,0.43,0.837,0.792,0.873,-0.291,0.864,0.17,0.82,-0.454,0.863,0.62,0.792,0.744,0.553,0.622,0.633,0.726,0.773,0.797,0.288,0.874,0.508,0.831,0.737,0.727,0.811,0.55,-0.486,0.496,-0.489,0.567,-0.54,0.594,0.581,0.831,0.826,0.184,0.797,0.623,0.621,0.668,0.658,0.601,0.752,-0.198,0.825,0.285
ANSS,0.943,-0.524,0.673,0.594,0.521,0.974,0.612,0.459,-0.197,0.822,0.894,0.787,0.899,0.865,-0.38,0.014,0.801,0.0,-0.251,0.84,0.926,0.946,0.68,0.891,0.865,0.804,0.814,0.927,0.749,0.824,0.837,0.712,0.123,0.64,0.098,0.921,0.714,0.813,0.886,0.051,-0.335,0.179,-0.176,0.679,-0.133,0.347,0.638,0.912,0.082,0.57,-0.442,0.732,-0.377,-0.412,0.959,0.013,0.958,0.871,0.904,-0.148,-0.65,0.545,0.95,0.685,-0.284,0.934,0.534,0.899,0.835,0.93,0.938,0.52,-0.273,0.446,0.612,0.875,0.459,-0.088,0.745,0.581,0.708,-0.31,0.454,0.206,0.087,0.292,-0.074,0.97,0.855,-0.274,0.689,0.612,-0.259,0.899,0.075,0.875,0.555,-0.65,0.222,0.327,0.918,0.32,-0.6,0.356,0.924,0.793,0.881,0.456,0.32,0.418,-0.718,0.874,0.704,0.267,0.376,-0.324,0.656,0.486,0.73,0.2,-0.205,0.918,0.112,0.804,-0.048,0.814,0.665,0.845,0.616,0.768,0.198,0.844,0.714,0.851,0.772,-0.525,0.029,0.947,0.678,-0.45,0.907,0.852,0.901,0.539,0.861,0.966,0.571,0.271,0.887,-0.15,0.81,0.308,0.893,0.511,0.937,0.895,0.9,-0.599,0.912,0.558,0.93,-0.513,0.942,0.695,0.889,0.915,0.521,0.906,0.469,0.86,0.758,0.885,0.561,0.951,0.751,0.885,0.774,0.644,0.72,0.699,-0.435,0.61,-0.595,0.723,-0.455,0.771,0.811,0.858,0.935,0.403,0.852,0.711,0.765,0.617,0.841,0.823,0.793,-0.458,0.959,0.491
APPN,-0.293,0.322,-0.17,-0.065,-0.343,-0.327,0.235,0.102,0.088,0.05,-0.272,-0.257,-0.019,-0.145,0.086,0.21,-0.083,-0.251,0.0,-0.285,-0.299,-0.345,-0.229,-0.177,-0.189,-0.325,-0.184,-0.157,-0.121,-0.103,-0.05,-0.268,-0.214,-0.274,-0.007,-0.366,-0.044,-0.323,-0.146,0.388,0.292,-0.136,-0.178,0.157,-0.138,-0.019,-0.351,-0.288,0.064,-0.021,0.178,-0.34,0.328,0.472,-0.186,0.03,-0.232,-0.141,-0.179,0.377,0.3,0.029,-0.205,-0.163,0.058,-0.238,-0.205,-0.261,-0.162,-0.195,-0.366,-0.096,0.02,0.053,0.011,-0.105,0.026,-0.135,0.016,-0.096,-0.034,0.588,-0.092,-0.325,-0.045,0.153,0.058,-0.287,-0.318,0.156,0.08,-0.38,0.358,-0.227,-0.194,-0.349,-0.161,0.165,-0.248,0.201,-0.322,-0.289,0.354,-0.254,-0.223,-0.36,-0.326,-0.118,0.185,-0.163,0.631,-0.07,0.021,0.337,-0.032,0.452,-0.101,-0.304,-0.183,0.022,0.352,-0.231,0.204,-0.351,-0.173,-0.206,-0.293,-0.34,-0.001,-0.028,0.125,-0.128,-0.21,-0.342,-0.058,0.142,0.206,-0.298,-0.227,0.211,-0.216,-0.19,-0.172,0.009,-0.191,-0.22,-0.18,0.134,-0.212,0.307,-0.317,-0.115,-0.281,0.144,-0.149,-0.246,-0.178,0.321,-0.22,-0.345,-0.209,0.215,-0.211,-0.178,-0.187,-0.447,-0.225,-0.32,0.224,-0.363,-0.237,-0.261,-0.059,-0.253,-0.086,-0.228,-0.061,-0.311,-0.087,-0.333,-0.02,-0.124,0.35,-0.099,0.372,-0.078,-0.25,-0.195,-0.342,-0.023,-0.222,-0.008,-0.21,-0.119,-0.301,-0.261,-0.22,0.258,-0.244,-0.178
APTO,0.858,-0.411,0.715,0.546,0.413,0.841,0.565,0.512,-0.249,0.767,0.775,0.677,0.742,0.783,-0.271,0.173,0.689,0.84,-0.285,0.0,0.882,0.864,0.591,0.725,0.791,0.68,0.612,0.794,0.646,0.718,0.793,0.737,0.171,0.763,0.176,0.824,0.604,0.803,0.746,0.217,-0.205,0.064,-0.09,0.694,-0.032,0.241,0.598,0.825,0.069,0.447,-0.219,0.695,-0.259,-0.246,0.817,0.189,0.783,0.723,0.748,-0.027,-0.511,0.591,0.802,0.558,-0.121,0.782,0.531,0.785,0.754,0.797,0.862,0.452,-0.152,0.362,0.575,0.703,0.387,0.003,0.705,0.536,0.51,-0.264,0.443,0.07,0.113,0.423,0.002,0.848,0.734,-0.189,0.58,0.756,-0.2,0.813,0.062,0.862,0.479,-0.41,0.298,0.362,0.777,0.428,-0.431,0.331,0.798,0.746,0.812,0.418,0.42,0.36,-0.57,0.771,0.624,0.315,0.384,-0.211,0.578,0.313,0.712,0.187,-0.347,0.806,0.296,0.815,-0.03,0.731,0.696,0.814,0.563,0.747,0.189,0.758,0.657,0.727,0.692,-0.257,0.128,0.869,0.581,-0.239,0.819,0.683,0.686,0.538,0.682,0.811,0.474,0.351,0.758,-0.139,0.819,0.517,0.805,0.556,0.81,0.735,0.792,-0.5,0.77,0.509,0.804,-0.444,0.792,0.735,0.757,0.842,0.38,0.811,0.377,0.884,0.659,0.709,0.559,0.751,0.821,0.78,0.708,0.632,0.51,0.755,-0.252,0.672,-0.325,0.607,-0.18,0.75,0.749,0.826,0.82,0.506,0.682,0.514,0.556,0.435,0.659,0.724,0.664,-0.415,0.832,0.453
ARCT,0.907,-0.474,0.816,0.559,0.601,0.925,0.687,0.521,-0.214,0.798,0.917,0.776,0.863,0.892,-0.135,0.147,0.747,0.926,-0.299,0.882,0.0,0.947,0.721,0.885,0.739,0.772,0.723,0.911,0.754,0.686,0.821,0.677,0.328,0.774,0.329,0.836,0.551,0.758,0.822,0.013,-0.163,0.198,-0.068,0.665,0.049,0.218,0.757,0.844,0.179,0.624,-0.292,0.793,-0.48,-0.206,0.875,0.244,0.856,0.711,0.87,0.001,-0.444,0.634,0.844,0.664,-0.32,0.824,0.543,0.859,0.699,0.812,0.963,0.471,-0.105,0.234,0.601,0.755,0.577,0.118,0.708,0.648,0.667,-0.199,0.635,0.269,0.283,0.289,0.127,0.9,0.718,-0.228,0.682,0.726,-0.074,0.781,0.257,0.918,0.677,-0.452,0.407,0.223,0.893,0.365,-0.473,0.56,0.894,0.759,0.834,0.602,0.349,0.36,-0.632,0.819,0.744,0.412,0.573,-0.288,0.567,0.561,0.854,0.085,-0.248,0.785,0.28,0.819,-0.022,0.818,0.733,0.804,0.68,0.667,0.339,0.931,0.69,0.723,0.622,-0.3,0.234,0.889,0.647,-0.223,0.903,0.76,0.764,0.462,0.772,0.87,0.567,0.421,0.747,0.009,0.807,0.352,0.889,0.508,0.869,0.829,0.868,-0.49,0.878,0.502,0.816,-0.476,0.838,0.703,0.915,0.889,0.618,0.786,0.367,0.945,0.845,0.744,0.415,0.867,0.746,0.795,0.807,0.758,0.614,0.849,-0.186,0.728,-0.428,0.549,-0.372,0.637,0.841,0.901,0.835,0.464,0.689,0.471,0.629,0.435,0.662,0.673,0.662,-0.397,0.886,0.566
ARWR,0.947,-0.552,0.747,0.567,0.629,0.94,0.606,0.328,-0.224,0.761,0.942,0.851,0.867,0.872,-0.223,0.033,0.843,0.946,-0.345,0.864,0.947,0.0,0.786,0.863,0.811,0.88,0.809,0.916,0.766,0.784,0.775,0.645,0.206,0.694,0.182,0.869,0.629,0.758,0.885,-0.004,-0.4,0.3,-0.22,0.627,-0.146,0.327,0.757,0.891,0.206,0.656,-0.486,0.721,-0.563,-0.34,0.896,0.032,0.934,0.796,0.913,-0.207,-0.587,0.472,0.895,0.718,-0.367,0.91,0.468,0.936,0.757,0.862,0.953,0.432,-0.197,0.292,0.597,0.846,0.54,-0.059,0.677,0.587,0.71,-0.324,0.534,0.275,0.255,0.159,-0.078,0.938,0.83,-0.294,0.699,0.588,-0.174,0.834,0.175,0.936,0.673,-0.626,0.235,0.139,0.947,0.239,-0.671,0.5,0.966,0.733,0.818,0.49,0.175,0.46,-0.766,0.836,0.787,0.185,0.425,-0.487,0.677,0.459,0.773,-0.005,-0.24,0.854,0.064,0.82,-0.07,0.809,0.614,0.839,0.681,0.703,0.26,0.86,0.694,0.855,0.672,-0.469,0.036,0.933,0.746,-0.428,0.934,0.868,0.864,0.401,0.886,0.905,0.601,0.255,0.815,-0.087,0.87,0.343,0.873,0.487,0.885,0.92,0.888,-0.507,0.918,0.514,0.894,-0.455,0.922,0.712,0.909,0.926,0.613,0.82,0.439,0.917,0.828,0.865,0.435,0.934,0.676,0.872,0.783,0.761,0.732,0.775,-0.354,0.635,-0.589,0.652,-0.565,0.675,0.779,0.883,0.921,0.306,0.823,0.568,0.708,0.595,0.797,0.742,0.774,-0.399,0.941,0.453
ASND,0.732,-0.313,0.691,0.541,0.851,0.661,0.639,0.108,0.05,0.543,0.88,0.873,0.74,0.739,0.148,0.181,0.72,0.68,-0.229,0.591,0.721,0.786,0.0,0.776,0.536,0.833,0.825,0.752,0.574,0.546,0.426,0.335,0.345,0.631,0.219,0.602,0.407,0.449,0.651,0.035,-0.351,0.709,-0.337,0.38,-0.087,0.583,0.808,0.633,0.683,0.867,-0.442,0.418,-0.691,-0.111,0.582,-0.106,0.725,0.621,0.837,-0.294,-0.206,0.181,0.642,0.829,-0.599,0.717,0.349,0.823,0.423,0.681,0.76,0.041,0.037,-0.039,0.67,0.659,0.633,-0.109,0.455,0.745,0.82,0.012,0.699,0.441,0.644,-0.154,-0.233,0.687,0.53,-0.081,0.67,0.282,0.189,0.552,0.362,0.798,0.88,-0.495,0.112,-0.057,0.788,0.02,-0.603,0.6,0.79,0.302,0.376,0.493,-0.07,0.72,-0.578,0.685,0.85,0.069,0.595,-0.462,0.718,0.493,0.741,-0.391,0.228,0.535,-0.1,0.707,-0.179,0.793,0.396,0.508,0.78,0.45,0.304,0.747,0.693,0.623,0.392,-0.417,-0.019,0.647,0.859,-0.255,0.713,0.804,0.722,0.106,0.78,0.592,0.631,0.279,0.485,0.27,0.66,0.328,0.566,0.429,0.661,0.798,0.753,-0.041,0.63,0.119,0.619,-0.08,0.684,0.691,0.817,0.644,0.755,0.467,0.506,0.718,0.822,0.734,0.123,0.79,0.238,0.723,0.812,0.818,0.831,0.787,-0.172,0.675,-0.427,0.502,-0.671,0.344,0.536,0.754,0.607,-0.091,0.66,0.285,0.608,0.522,0.506,0.409,0.7,0.042,0.733,0.047
ASTH,0.842,-0.393,0.717,0.553,0.638,0.88,0.667,0.423,-0.27,0.803,0.929,0.838,0.91,0.878,-0.165,0.056,0.785,0.891,-0.177,0.725,0.885,0.863,0.776,0.0,0.682,0.794,0.8,0.904,0.703,0.735,0.718,0.529,0.166,0.605,0.206,0.836,0.646,0.645,0.842,0.054,-0.21,0.321,-0.289,0.617,-0.107,0.38,0.72,0.793,0.336,0.754,-0.435,0.565,-0.484,-0.28,0.874,-0.012,0.891,0.745,0.936,-0.08,-0.447,0.45,0.881,0.792,-0.521,0.861,0.499,0.882,0.695,0.839,0.908,0.317,-0.214,0.284,0.629,0.818,0.572,-0.045,0.764,0.702,0.767,-0.044,0.634,0.243,0.32,0.205,-0.029,0.872,0.687,-0.234,0.746,0.499,-0.009,0.755,0.134,0.839,0.732,-0.59,0.185,0.233,0.879,0.248,-0.574,0.487,0.847,0.619,0.725,0.485,0.224,0.432,-0.632,0.859,0.802,0.369,0.598,-0.263,0.589,0.569,0.793,-0.01,0.05,0.727,0.068,0.734,-0.225,0.926,0.637,0.684,0.746,0.602,0.282,0.905,0.681,0.726,0.635,-0.529,0.08,0.83,0.698,-0.347,0.848,0.843,0.858,0.379,0.839,0.841,0.594,0.269,0.752,0.107,0.679,0.147,0.768,0.435,0.914,0.86,0.916,-0.402,0.803,0.349,0.821,-0.46,0.854,0.656,0.949,0.788,0.608,0.743,0.474,0.804,0.82,0.796,0.338,0.921,0.597,0.861,0.867,0.706,0.808,0.756,-0.362,0.706,-0.518,0.568,-0.477,0.617,0.73,0.837,0.778,0.297,0.758,0.499,0.664,0.559,0.639,0.672,0.74,-0.36,0.894,0.366
ATSG,0.903,-0.451,0.541,0.65,0.353,0.82,0.497,0.384,-0.12,0.779,0.726,0.69,0.723,0.755,-0.469,0.122,0.745,0.865,-0.189,0.791,0.739,0.811,0.536,0.682,0.0,0.744,0.747,0.76,0.594,0.857,0.758,0.722,-0.04,0.504,-0.122,0.877,0.79,0.851,0.806,0.331,-0.442,0.159,-0.236,0.725,-0.267,0.478,0.406,0.898,0.083,0.412,-0.4,0.615,-0.159,-0.448,0.875,-0.087,0.864,0.9,0.767,-0.252,-0.694,0.465,0.891,0.584,-0.138,0.882,0.521,0.833,0.896,0.904,0.795,0.483,-0.209,0.611,0.636,0.856,0.218,-0.23,0.702,0.512,0.626,-0.254,0.274,-0.013,-0.032,0.43,-0.265,0.888,0.848,-0.092,0.606,0.519,-0.329,0.871,-0.127,0.778,0.384,-0.609,0.024,0.491,0.805,0.303,-0.544,0.049,0.792,0.684,0.782,0.265,0.404,0.531,-0.605,0.825,0.62,0.157,0.164,-0.237,0.745,0.138,0.586,0.248,-0.167,0.905,0.129,0.797,-0.047,0.701,0.545,0.79,0.558,0.896,0.008,0.648,0.674,0.806,0.844,-0.48,-0.093,0.832,0.707,-0.417,0.796,0.799,0.812,0.642,0.784,0.878,0.562,0.268,0.896,-0.215,0.798,0.545,0.793,0.616,0.862,0.798,0.83,-0.548,0.771,0.469,0.904,-0.348,0.892,0.774,0.689,0.811,0.228,0.867,0.616,0.745,0.533,0.873,0.748,0.811,0.769,0.863,0.667,0.571,0.674,0.534,-0.524,0.579,-0.425,0.816,-0.312,0.877,0.726,0.774,0.872,0.325,0.853,0.793,0.762,0.656,0.834,0.847,0.853,-0.356,0.88,0.275
AVTX,0.857,-0.397,0.604,0.492,0.676,0.797,0.473,0.058,-0.195,0.675,0.88,0.921,0.774,0.754,-0.18,-0.053,0.813,0.804,-0.325,0.68,0.772,0.88,0.833,0.794,0.744,0.0,0.854,0.843,0.573,0.791,0.59,0.404,0.082,0.554,-0.05,0.808,0.688,0.664,0.824,0.123,-0.555,0.549,-0.432,0.52,-0.364,0.546,0.667,0.855,0.47,0.73,-0.655,0.466,-0.606,-0.426,0.763,-0.273,0.887,0.786,0.874,-0.487,-0.583,0.15,0.831,0.841,-0.443,0.897,0.401,0.93,0.678,0.827,0.83,0.174,-0.12,0.334,0.636,0.869,0.386,-0.289,0.63,0.581,0.809,-0.203,0.465,0.251,0.348,-0.045,-0.355,0.832,0.799,-0.153,0.603,0.327,-0.117,0.758,0.07,0.813,0.694,-0.736,-0.087,0.045,0.922,0.092,-0.792,0.386,0.893,0.528,0.622,0.288,-0.065,0.664,-0.785,0.812,0.83,0.02,0.309,-0.648,0.773,0.261,0.696,-0.238,0.067,0.717,-0.217,0.768,-0.273,0.817,0.427,0.735,0.758,0.667,0.07,0.713,0.633,0.842,0.625,-0.591,-0.237,0.786,0.896,-0.519,0.819,0.91,0.856,0.295,0.922,0.771,0.728,0.07,0.758,-0.04,0.841,0.296,0.753,0.434,0.82,0.929,0.863,-0.361,0.765,0.339,0.837,-0.21,0.882,0.701,0.858,0.785,0.529,0.713,0.579,0.774,0.718,0.913,0.372,0.88,0.47,0.894,0.806,0.761,0.884,0.703,-0.475,0.605,-0.631,0.657,-0.721,0.61,0.642,0.747,0.81,-0.072,0.872,0.49,0.744,0.736,0.764,0.709,0.853,-0.268,0.896,0.084
BCPC,0.824,-0.337,0.575,0.588,0.668,0.782,0.565,0.163,0.058,0.665,0.842,0.844,0.784,0.75,-0.206,0.056,0.743,0.814,-0.184,0.612,0.723,0.809,0.825,0.8,0.747,0.854,0.0,0.819,0.651,0.738,0.568,0.473,0.151,0.548,-0.0,0.765,0.652,0.64,0.738,0.162,-0.46,0.548,-0.375,0.477,-0.221,0.676,0.6,0.778,0.443,0.718,-0.563,0.536,-0.438,-0.356,0.743,-0.255,0.857,0.839,0.859,-0.383,-0.498,0.218,0.81,0.795,-0.416,0.861,0.427,0.857,0.656,0.874,0.78,0.26,-0.129,0.319,0.724,0.817,0.488,-0.259,0.564,0.678,0.837,-0.13,0.474,0.306,0.31,0.015,-0.372,0.817,0.725,-0.108,0.687,0.316,-0.102,0.762,0.141,0.751,0.648,-0.676,-0.031,0.219,0.839,0.088,-0.676,0.323,0.816,0.463,0.546,0.369,0.087,0.743,-0.648,0.798,0.772,0.043,0.357,-0.412,0.844,0.411,0.677,-0.097,0.206,0.746,-0.135,0.744,-0.162,0.785,0.438,0.642,0.691,0.66,0.167,0.703,0.733,0.747,0.656,-0.597,-0.176,0.775,0.864,-0.423,0.717,0.88,0.869,0.355,0.863,0.764,0.646,0.198,0.72,0.037,0.701,0.324,0.682,0.506,0.807,0.858,0.833,-0.291,0.714,0.265,0.788,-0.208,0.835,0.697,0.807,0.721,0.572,0.703,0.648,0.679,0.702,0.905,0.439,0.879,0.413,0.838,0.802,0.669,0.879,0.635,-0.428,0.615,-0.55,0.744,-0.62,0.597,0.602,0.737,0.756,0.031,0.842,0.631,0.792,0.716,0.766,0.665,0.856,-0.12,0.85,0.166
BEAM,0.883,-0.326,0.633,0.579,0.548,0.919,0.617,0.334,-0.188,0.847,0.884,0.872,0.895,0.801,-0.316,-0.024,0.748,0.927,-0.157,0.794,0.911,0.916,0.752,0.904,0.76,0.843,0.819,0.0,0.636,0.816,0.848,0.606,0.172,0.657,0.042,0.861,0.73,0.784,0.859,0.112,-0.264,0.329,-0.17,0.655,-0.184,0.416,0.625,0.895,0.279,0.615,-0.465,0.602,-0.411,-0.37,0.882,-0.045,0.92,0.83,0.876,-0.21,-0.593,0.447,0.907,0.822,-0.269,0.91,0.573,0.892,0.749,0.9,0.919,0.293,-0.107,0.417,0.597,0.862,0.452,-0.121,0.78,0.562,0.792,-0.198,0.462,0.274,0.17,0.195,-0.067,0.929,0.813,-0.132,0.625,0.545,-0.161,0.875,0.1,0.82,0.599,-0.691,0.155,0.287,0.925,0.3,-0.576,0.377,0.928,0.741,0.818,0.4,0.207,0.464,-0.666,0.871,0.754,0.313,0.396,-0.405,0.663,0.459,0.777,0.123,-0.073,0.839,0.03,0.806,-0.067,0.848,0.662,0.834,0.672,0.752,0.129,0.85,0.768,0.788,0.707,-0.46,-0.033,0.901,0.704,-0.454,0.856,0.828,0.884,0.549,0.841,0.913,0.71,0.22,0.831,-0.107,0.833,0.283,0.877,0.513,0.904,0.925,0.867,-0.53,0.844,0.508,0.882,-0.317,0.909,0.691,0.95,0.82,0.516,0.842,0.475,0.841,0.745,0.862,0.494,0.9,0.701,0.865,0.858,0.625,0.765,0.772,-0.365,0.678,-0.605,0.725,-0.483,0.729,0.794,0.819,0.829,0.234,0.826,0.542,0.758,0.613,0.768,0.784,0.756,-0.427,0.937,0.36
BILI,0.703,-0.65,0.807,0.365,0.532,0.694,0.681,0.465,-0.131,0.515,0.772,0.488,0.773,0.836,0.065,0.227,0.776,0.749,-0.121,0.646,0.754,0.766,0.574,0.703,0.594,0.573,0.651,0.636,0.0,0.463,0.475,0.437,0.28,0.553,0.566,0.562,0.27,0.361,0.712,-0.054,-0.199,0.113,-0.249,0.516,-0.061,0.02,0.706,0.55,0.032,0.639,-0.426,0.769,-0.549,0.062,0.702,0.217,0.692,0.515,0.778,0.149,-0.257,0.514,0.635,0.353,-0.508,0.629,0.074,0.655,0.496,0.612,0.698,0.681,-0.436,-0.006,0.583,0.642,0.786,0.098,0.373,0.514,0.43,-0.186,0.613,0.158,0.333,0.146,0.042,0.664,0.484,-0.556,0.861,0.44,0.06,0.49,0.32,0.727,0.586,-0.281,0.353,-0.023,0.638,-0.054,-0.512,0.628,0.742,0.409,0.535,0.684,0.299,0.203,-0.445,0.598,0.673,0.234,0.476,-0.236,0.523,0.443,0.651,-0.157,-0.209,0.602,0.279,0.482,-0.125,0.563,0.297,0.473,0.648,0.383,0.708,0.781,0.348,0.618,0.436,-0.312,0.337,0.712,0.52,-0.081,0.775,0.668,0.596,0.106,0.723,0.634,0.142,0.422,0.492,0.237,0.532,0.133,0.613,0.314,0.667,0.584,0.715,-0.244,0.838,0.156,0.618,-0.581,0.666,0.406,0.666,0.74,0.704,0.51,0.374,0.715,0.845,0.564,0.136,0.759,0.448,0.578,0.556,0.677,0.507,0.574,-0.231,0.418,-0.365,0.331,-0.396,0.364,0.492,0.783,0.733,0.525,0.528,0.516,0.428,0.383,0.517,0.397,0.501,-0.115,0.659,0.644
BJRI,0.834,-0.273,0.381,0.549,0.256,0.811,0.334,0.165,-0.312,0.819,0.697,0.778,0.728,0.65,-0.624,-0.121,0.751,0.824,-0.103,0.718,0.686,0.784,0.546,0.735,0.857,0.791,0.738,0.816,0.463,0.0,0.75,0.529,-0.307,0.455,-0.342,0.881,0.954,0.809,0.856,0.322,-0.509,0.147,-0.456,0.673,-0.469,0.531,0.314,0.877,0.13,0.423,-0.529,0.381,-0.152,-0.626,0.857,-0.377,0.91,0.907,0.774,-0.396,-0.827,0.199,0.933,0.726,-0.143,0.927,0.496,0.855,0.901,0.875,0.74,0.283,-0.298,0.708,0.554,0.879,0.086,-0.489,0.836,0.388,0.677,-0.234,0.151,-0.028,-0.134,0.297,-0.389,0.872,0.921,-0.162,0.49,0.359,-0.396,0.916,-0.356,0.678,0.333,-0.843,-0.252,0.441,0.845,0.229,-0.675,-0.053,0.787,0.709,0.781,-0.005,0.136,0.482,-0.699,0.889,0.637,0.119,0.068,-0.374,0.72,0.05,0.468,0.193,-0.045,0.874,-0.156,0.682,-0.294,0.771,0.508,0.784,0.548,0.863,-0.187,0.575,0.621,0.849,0.884,-0.673,-0.354,0.839,0.655,-0.668,0.753,0.821,0.909,0.583,0.835,0.875,0.634,-0.067,0.948,-0.355,0.805,0.356,0.768,0.541,0.901,0.871,0.835,-0.57,0.714,0.489,0.929,-0.397,0.921,0.656,0.746,0.734,0.122,0.886,0.595,0.639,0.448,0.914,0.709,0.825,0.734,0.932,0.702,0.424,0.782,0.459,-0.739,0.504,-0.623,0.807,-0.429,0.896,0.614,0.638,0.856,0.097,0.951,0.737,0.753,0.795,0.876,0.932,0.887,-0.5,0.905,0.129
BLUE,0.812,-0.289,0.488,0.572,0.232,0.836,0.518,0.545,-0.253,0.865,0.663,0.664,0.725,0.659,-0.483,-0.03,0.543,0.837,-0.05,0.793,0.821,0.775,0.426,0.718,0.758,0.59,0.568,0.848,0.475,0.75,0.0,0.729,0.056,0.516,-0.026,0.812,0.727,0.874,0.711,0.17,-0.156,-0.028,0.057,0.744,-0.061,0.252,0.397,0.854,-0.01,0.286,-0.143,0.588,-0.097,-0.352,0.861,0.179,0.771,0.743,0.648,-0.028,-0.623,0.651,0.829,0.575,0.041,0.773,0.713,0.727,0.803,0.789,0.83,0.365,0.005,0.607,0.381,0.719,0.245,0.04,0.829,0.412,0.559,-0.186,0.242,-0.008,-0.127,0.528,0.153,0.862,0.766,0.018,0.451,0.655,-0.285,0.851,-0.083,0.713,0.334,-0.526,0.275,0.521,0.776,0.566,-0.276,0.108,0.754,0.852,0.904,0.259,0.455,0.24,-0.478,0.763,0.523,0.478,0.287,-0.103,0.428,0.326,0.656,0.469,-0.302,0.828,0.269,0.775,0.11,0.666,0.79,0.873,0.392,0.832,-0.02,0.726,0.675,0.641,0.738,-0.287,0.091,0.827,0.451,-0.36,0.74,0.61,0.705,0.756,0.582,0.893,0.63,0.303,0.841,-0.293,0.755,0.357,0.828,0.61,0.814,0.766,0.718,-0.691,0.709,0.709,0.818,-0.329,0.792,0.664,0.763,0.716,0.189,0.854,0.338,0.763,0.469,0.683,0.701,0.695,0.907,0.73,0.668,0.421,0.47,0.591,-0.296,0.623,-0.36,0.684,-0.119,0.835,0.836,0.679,0.729,0.496,0.661,0.537,0.606,0.395,0.704,0.78,0.599,-0.604,0.827,0.487
