,AAL,AAON,ACB,ACGL,ACGLO,ACIW,ADBE,ADSK,AEP,AGIO,ALEC,ALNY,ALTR,AMBA,AMCX,AMKR,AMRX,ANSS,APPN,APTO,ARCT,ARWR,ASND,ASTH,ATSG,AVTX,BCPC,BEAM,BILI,BJRI,BLUE,BPOP,BRKL,BWIN,BZUN,CARG,CBRL,CBSH,CBUS,CENTA,CERS,CFFN,CHCO,CHEF,CHRD,CINF,CLLS,CMCO,CMCSA,COLL,COMM,COOP,CPB,CRON,CROX,CRUS,CRWD,CTAS,CYBR,CYTK,DGII,DIOD,DOMO,DPZ,DSGR,DXCM,ERIE,ESTA,EXEL,FAST,FCEL,FCFS,FHB,FITBI,FSV,FTDR,FUTU,GLDD,GLPG,GLPI,GOGO,GOSS,GSAT,GYRE,HALO,HAS,HLIT,HLNE,HSDT,HSIC,HTHT,ICHR,IDYA,IMVT,INDB,INSM,IONS,IOSP,ITRI,JBHT,JBLU,JSM,KLIC,KOD,KURA,LAB,LASR,LIN,LKQ,LNT,MBUU,MCRI,MDGL,MEDP,MGNI,MGPI,MGRC,MKTX,MRNA,MRTN,MSEX,MSFT,MU,NAVI,NBTB,NEO,NEOG,NGNE,NSSC,NTAP,NTES,NTLA,NTRS,NYMTN,OBLG,OCFC,ON,ONC,OPI,OSIS,OSW,PALI,PANW,PCAR,PCRX,PCTY,PEBO,PLAB,PLAY,PLMR,PLSE,PLUS,PRTA,PSEC,PSNL,PTCT,PTON,QNST,QRVO,QTTB,RARE,RBCAA,RGNX,SAIC,SGMO,SINT,SNPS,SPSC,SPTN,SSYS,STNE,TBBK,TCPC,TENB,TGTX,TREE,TRUP,TTWO,TW,TXG,UBSI,UCTT,UFPT,UMBF,UPBD,URBN,VBTX,VCTR,VEON,VNET,VRSK,VSEC,WABC,WTFCM,WVE,WW,WWD,XEL,ZD,ZYME
AAL,0.0,0.118,0.718,-0.467,0.339,0.273,0.04,0.364,-0.161,-0.155,-0.419,-0.535,0.273,-0.621,0.711,0.711,0.468,0.06,0.332,0.539,-0.346,-0.233,0.052,0.061,0.755,-0.419,0.716,0.496,-0.594,0.694,-0.171,0.767,0.661,0.494,-0.634,-0.476,0.524,0.68,0.041,0.633,-0.353,0.61,0.748,0.676,0.611,0.725,0.525,0.338,0.421,-0.402,0.675,0.776,-0.661,0.553,0.4,-0.339,0.477,0.426,0.647,-0.127,0.743,0.748,-0.557,0.719,-0.106,-0.35,0.157,-0.35,0.675,0.764,-0.187,0.657,0.541,0.245,0.52,0.835,-0.507,0.609,0.06,-0.473,0.371,0.565,0.761,0.737,-0.303,0.624,0.468,0.59,0.736,-0.186,-0.557,-0.146,0.558,-0.641,0.729,-0.261,0.498,0.765,0.411,0.054,0.898,0.175,0.017,0.591,0.588,0.276,0.385,0.375,0.565,0.283,0.57,0.629,0.455,0.397,-0.154,0.781,-0.142,-0.383,-0.66,0.534,0.647,-0.056,0.656,-0.21,0.652,-0.166,0.652,0.144,-0.462,0.586,-0.547,0.697,0.68,0.49,0.29,0.814,0.799,-0.573,0.599,0.797,-0.029,0.517,0.802,0.732,0.8,0.542,0.722,0.696,0.705,0.669,-0.523,0.626,0.389,0.638,0.306,0.509,-0.187,0.737,0.026,0.278,-0.673,0.65,-0.044,-0.058,0.713,0.611,0.264,0.364,0.691,0.763,0.644,0.746,0.591,-0.142,-0.107,0.673,0.363,0.188,-0.414,0.307,0.793,-0.241,0.31,0.761,-0.139,0.359,0.771,0.5,0.31,-0.247,0.157,0.655,0.72,-0.408,-0.563,0.574,0.672,-0.249,0.786,0.568
AAON,0.118,0.0,0.046,0.072,0.056,0.399,0.322,0.48,0.218,0.236,0.304,0.383,0.393,0.372,0.113,0.277,-0.035,0.416,0.469,0.175,0.235,0.343,0.218,0.269,0.283,-0.195,0.139,0.593,0.273,0.102,0.103,-0.057,0.184,-0.203,0.316,0.416,-0.058,-0.103,0.155,0.205,0.462,0.343,-0.129,-0.268,-0.098,0.2,0.227,0.578,0.292,0.184,0.119,-0.056,0.174,0.019,0.231,0.605,-0.033,0.491,-0.036,-0.309,0.279,0.391,0.328,-0.119,0.517,0.413,0.015,0.435,-0.013,0.439,0.374,0.231,0.04,-0.006,0.217,0.181,0.156,0.176,-0.123,0.193,0.215,-0.135,-0.172,-0.144,0.086,-0.06,-0.169,0.212,0.023,0.297,0.22,0.672,0.14,0.125,0.146,0.35,0.076,0.226,0.756,0.506,0.074,0.088,0.674,0.212,-0.003,0.262,0.557,0.457,0.454,0.336,0.268,0.11,0.04,0.327,0.433,-0.012,0.153,0.344,0.114,0.179,0.317,0.499,0.345,0.128,-0.108,0.462,0.301,-0.058,0.36,-0.002,0.114,-0.066,0.218,-0.123,-0.022,0.061,0.392,0.406,0.078,0.09,0.62,-0.176,-0.018,0.184,0.014,0.268,0.257,0.408,-0.075,-0.104,0.241,0.05,0.416,-0.147,0.408,-0.117,0.213,-0.117,0.72,0.353,0.188,0.026,-0.02,-0.021,0.304,-0.147,0.259,0.237,0.05,0.054,-0.022,0.088,0.029,0.566,0.322,0.053,0.505,0.186,0.25,0.257,0.149,0.607,0.302,0.178,0.283,-0.141,-0.052,0.271,-0.254,0.271,0.421,-0.027,0.133,0.154,-0.166,0.2,0.406,0.347,0.087,-0.235
ACB,0.718,0.046,0.0,-0.685,0.511,0.289,-0.113,0.465,-0.619,-0.075,-0.582,-0.641,0.184,-0.736,0.795,0.85,0.173,0.018,0.047,0.354,-0.376,-0.27,-0.008,-0.139,0.72,-0.16,0.828,0.55,-0.742,0.849,-0.367,0.782,0.609,0.692,-0.684,-0.338,0.599,0.776,0.434,0.795,-0.253,0.46,0.841,0.803,0.831,0.647,0.195,0.347,0.066,-0.23,0.818,0.701,-0.895,0.846,0.537,-0.5,0.64,0.183,0.773,0.131,0.709,0.612,-0.694,0.741,-0.05,-0.491,0.115,-0.519,0.922,0.649,0.06,0.572,0.587,0.294,0.579,0.781,-0.649,0.585,0.355,-0.662,0.095,0.866,0.897,0.891,-0.514,0.579,0.571,0.628,0.832,-0.358,-0.679,-0.379,0.702,-0.709,0.641,-0.055,0.775,0.797,0.384,-0.192,0.831,0.292,-0.158,0.714,0.729,0.406,0.313,0.158,0.558,-0.191,0.687,0.484,0.751,0.48,-0.091,0.781,-0.109,-0.563,-0.559,0.618,0.581,-0.232,0.624,-0.413,0.839,-0.439,0.688,0.111,-0.498,0.693,-0.624,0.816,0.689,0.684,0.348,0.884,0.679,-0.528,0.596,0.907,-0.202,0.518,0.88,0.674,0.76,0.442,0.761,0.569,0.84,0.918,-0.769,0.802,0.334,0.792,0.275,0.72,-0.246,0.926,-0.201,0.513,-0.783,0.884,-0.1,-0.276,0.79,0.458,0.188,0.235,0.656,0.915,0.863,0.794,0.685,-0.314,-0.247,0.728,0.234,0.158,-0.634,0.376,0.789,-0.51,0.173,0.801,-0.525,0.146,0.845,0.803,0.044,-0.149,-0.111,0.844,0.895,-0.568,-0.498,0.363,0.774,-0.638,0.824,0.802
ACGL,-0.467,0.072,-0.685,0.0,0.176,0.291,0.393,-0.47,0.722,0.354,0.863,0.837,0.351,0.645,-0.847,-0.618,0.115,0.388,0.169,0.01,0.73,0.714,0.471,0.142,-0.562,0.356,-0.726,-0.392,0.859,-0.75,0.791,-0.655,-0.679,-0.389,0.762,0.105,-0.832,-0.829,-0.551,-0.714,0.565,0.036,-0.528,-0.498,-0.767,-0.23,-0.188,0.091,0.188,0.686,-0.825,-0.393,0.84,-0.304,0.011,0.289,-0.863,0.199,-0.722,-0.233,-0.599,-0.202,0.787,-0.429,-0.195,0.749,0.481,0.797,-0.514,-0.569,0.005,-0.477,-0.611,0.163,-0.177,-0.666,0.911,-0.063,-0.485,0.93,0.407,-0.768,-0.699,-0.652,0.84,-0.05,-0.445,-0.705,-0.824,0.705,0.817,0.547,-0.259,0.862,-0.212,0.371,-0.862,-0.649,-0.081,0.217,-0.48,0.155,0.356,-0.582,-0.331,-0.132,0.007,-0.115,-0.338,0.052,-0.456,-0.172,-0.186,-0.747,0.646,-0.611,0.411,0.84,0.383,-0.41,-0.692,0.56,-0.742,0.847,-0.794,0.788,-0.211,-0.13,0.584,-0.893,0.781,-0.812,-0.643,-0.268,-0.419,-0.629,-0.403,0.555,-0.543,-0.631,0.328,-0.098,-0.581,-0.413,-0.636,-0.12,-0.34,-0.498,-0.657,-0.713,0.799,-0.894,0.112,-0.638,0.277,-0.256,0.769,-0.617,0.248,-0.713,0.799,-0.537,0.535,0.642,-0.586,-0.043,0.298,0.364,-0.144,-0.772,-0.455,-0.741,-0.789,0.237,0.404,-0.156,-0.05,0.425,0.901,0.166,-0.558,0.671,0.391,-0.645,0.802,0.385,-0.697,-0.787,0.395,0.074,0.532,-0.398,-0.693,0.869,0.372,-0.249,-0.719,0.59,-0.309,-0.67
ACGLO,0.339,0.056,0.511,0.176,0.0,0.702,0.234,0.067,0.037,0.319,0.152,0.073,0.632,-0.233,0.104,0.419,0.354,0.516,0.202,0.435,0.329,0.416,0.496,-0.102,0.295,0.252,0.278,0.281,-0.06,0.26,0.398,0.283,0.036,0.541,-0.076,-0.321,-0.14,0.086,-0.032,0.194,0.359,0.658,0.511,0.535,0.218,0.603,0.045,0.539,0.287,0.492,0.163,0.468,-0.213,0.75,0.645,-0.307,-0.088,0.503,0.245,-0.074,0.251,0.553,-0.071,0.521,-0.259,0.251,0.674,0.211,0.646,0.193,0.1,0.236,0.103,0.706,0.581,0.298,0.148,0.749,-0.031,0.175,0.61,0.285,0.405,0.44,0.263,0.747,0.253,0.059,0.159,0.367,-0.024,0.102,0.525,0.037,0.561,0.351,0.057,0.314,0.398,-0.041,0.494,0.607,0.177,0.291,0.607,0.4,0.451,0.142,0.385,-0.177,0.352,0.414,0.679,-0.152,0.561,0.346,0.366,0.172,-0.216,0.388,0.023,0.348,-0.006,0.422,0.21,0.268,0.663,-0.053,0.033,-0.058,0.024,0.153,0.2,0.687,0.002,0.436,0.416,-0.115,0.181,0.497,0.023,0.588,0.541,0.443,0.265,0.458,0.592,0.166,0.35,0.393,-0.165,0.08,0.508,0.328,0.685,0.681,0.509,0.515,0.016,-0.141,-0.136,0.529,0.513,0.351,0.304,0.549,0.61,0.72,0.687,0.334,0.603,0.207,0.035,-0.102,0.149,0.792,0.166,0.697,0.155,0.65,0.384,0.066,0.7,0.309,0.134,0.638,0.323,0.128,0.541,-0.231,0.51,0.687,0.39,0.263,-0.135,0.158,0.186,-0.154,0.738,0.348
ACIW,0.273,0.399,0.289,0.291,0.702,0.0,0.523,0.339,0.244,0.451,0.375,0.376,0.841,0.122,0.043,0.346,0.302,0.726,0.603,0.363,0.52,0.566,0.515,0.211,0.361,0.234,0.164,0.451,0.235,0.142,0.505,0.108,0.016,0.234,0.258,-0.018,-0.268,-0.14,0.076,0.154,0.541,0.548,0.234,0.166,-0.021,0.522,0.135,0.763,0.465,0.583,0.036,0.283,0.067,0.464,0.612,0.151,-0.1,0.649,0.134,-0.168,0.109,0.587,0.282,0.237,0.143,0.505,0.487,0.514,0.304,0.243,0.339,0.168,0.038,0.415,0.541,0.23,0.318,0.534,-0.082,0.339,0.583,0.032,0.074,0.094,0.452,0.5,0.097,0.085,0.043,0.624,0.238,0.527,0.332,0.256,0.429,0.555,-0.071,0.187,0.645,0.379,0.311,0.526,0.515,0.239,0.268,0.529,0.69,0.372,0.438,0.086,0.405,0.356,0.466,-0.018,0.76,0.157,0.334,0.437,0.045,0.421,0.047,0.612,0.042,0.537,-0.026,0.514,0.533,-0.041,0.354,-0.145,0.272,-0.027,0.147,0.301,-0.075,0.243,0.374,0.263,0.085,0.324,0.339,0.224,0.333,0.273,0.066,0.548,0.534,0.261,0.21,0.136,0.129,-0.051,0.456,0.069,0.846,0.454,0.628,0.215,0.433,-0.047,0.176,0.3,0.502,0.269,0.268,0.358,0.676,0.772,0.491,0.135,0.31,0.09,-0.087,0.434,0.317,0.692,0.566,0.737,0.374,0.664,0.238,0.49,0.715,0.205,0.425,0.436,0.083,0.037,0.378,-0.005,0.583,0.321,0.157,0.454,-0.064,0.09,0.231,0.176,0.523,-0.063
ADBE,0.04,0.322,-0.113,0.393,0.234,0.523,0.0,0.266,0.338,0.533,0.427,0.446,0.539,0.427,-0.058,0.104,0.353,0.749,0.534,-0.222,0.63,0.471,0.47,0.296,0.158,0.314,-0.13,0.279,0.308,-0.022,0.432,-0.024,-0.005,0.031,0.361,0.432,-0.171,-0.251,0.0,-0.2,0.534,0.13,-0.073,-0.079,-0.124,0.309,0.173,0.421,0.601,0.401,-0.131,-0.018,0.297,0.019,0.373,0.442,-0.203,0.459,-0.006,0.259,-0.013,0.333,0.455,-0.029,0.106,0.342,0.394,0.439,-0.083,-0.06,0.538,0.01,0.092,0.156,0.405,-0.042,0.343,0.269,0.127,0.486,0.353,-0.131,-0.252,-0.285,0.428,0.217,0.09,0.063,-0.101,0.569,0.281,0.623,-0.004,0.361,-0.049,0.356,-0.145,-0.191,0.38,0.605,-0.123,0.13,0.659,0.029,-0.268,0.261,0.311,0.352,0.339,0.41,0.35,0.188,0.062,-0.04,0.595,-0.062,0.492,0.418,0.333,0.265,-0.063,0.748,-0.013,0.471,-0.172,0.41,0.361,0.268,0.536,-0.255,0.384,-0.114,0.134,-0.036,0.048,-0.128,0.135,0.387,0.028,-0.069,0.154,-0.071,-0.086,-0.012,-0.36,0.554,0.061,0.139,0.063,-0.089,0.199,-0.191,0.355,-0.001,0.512,0.193,0.346,-0.12,0.601,-0.037,0.417,-0.002,0.622,-0.023,0.096,0.144,0.757,0.502,0.074,-0.126,-0.095,-0.104,-0.078,0.584,0.408,0.298,0.541,0.66,0.377,0.606,-0.072,0.622,0.242,0.005,0.542,0.135,-0.151,-0.199,0.117,0.129,0.394,-0.101,-0.214,0.423,0.271,-0.034,0.002,0.555,0.057,-0.385
ADSK,0.364,0.48,0.465,-0.47,0.067,0.339,0.266,0.0,-0.311,0.109,-0.215,-0.187,0.31,-0.08,0.587,0.683,0.028,0.353,0.335,-0.033,-0.002,0.049,0.071,0.213,0.629,-0.107,0.527,0.743,-0.319,0.579,-0.357,0.381,0.497,0.192,-0.26,0.262,0.446,0.366,0.546,0.68,0.133,0.161,0.283,0.219,0.453,0.38,0.009,0.557,0.167,-0.1,0.59,0.256,-0.402,0.249,0.358,0.218,0.46,0.247,0.48,0.186,0.441,0.425,-0.226,0.129,0.633,-0.057,-0.065,-0.155,0.34,0.498,0.449,0.312,0.416,-0.059,0.374,0.533,-0.43,0.275,0.362,-0.361,-0.157,0.397,0.311,0.297,-0.338,0.03,0.3,0.599,0.504,-0.11,-0.271,0.255,0.347,-0.38,0.167,0.252,0.63,0.472,0.671,0.411,0.327,0.079,0.357,0.599,0.204,0.478,0.489,0.288,0.543,0.198,0.71,0.331,0.228,0.665,0.024,0.35,-0.01,-0.186,0.021,0.621,0.512,0.148,0.614,-0.299,0.427,-0.151,0.436,0.276,0.015,0.438,-0.313,0.455,0.549,0.131,0.431,0.428,0.449,0.157,0.455,0.451,0.158,-0.176,0.373,0.362,0.287,0.43,0.462,0.583,0.524,0.437,-0.368,0.559,0.146,0.318,0.219,0.346,-0.202,0.374,0.41,0.765,-0.264,0.529,-0.105,-0.509,0.61,0.034,0.291,0.174,0.174,0.498,0.408,0.446,0.479,0.437,0.128,0.349,0.451,0.013,-0.312,0.319,0.383,0.064,0.07,0.553,-0.209,-0.354,0.371,0.673,-0.379,0.124,-0.051,0.254,0.519,-0.288,-0.192,0.076,0.655,-0.037,0.332,0.178
AEP,-0.161,0.218,-0.619,0.722,0.037,0.244,0.338,-0.311,0.0,0.35,0.655,0.609,0.362,0.558,-0.505,-0.453,0.377,0.442,0.396,0.186,0.492,0.434,0.403,0.095,-0.233,0.093,-0.421,-0.197,0.626,-0.548,0.681,-0.368,-0.234,-0.256,0.532,0.046,-0.527,-0.543,-0.597,-0.626,0.343,0.227,-0.375,-0.362,-0.614,0.06,0.188,0.082,0.509,0.319,-0.551,-0.154,0.758,-0.395,-0.181,0.42,-0.564,0.567,-0.431,-0.38,-0.237,0.094,0.583,-0.206,-0.013,0.675,0.279,0.716,-0.478,-0.157,-0.039,-0.001,-0.279,0.17,0.015,-0.249,0.679,0.031,-0.46,0.771,0.595,-0.655,-0.524,-0.539,0.765,0.086,-0.264,-0.283,-0.568,0.715,0.546,0.644,-0.426,0.551,-0.018,0.139,-0.733,-0.347,0.107,0.469,-0.328,0.074,0.378,-0.415,-0.309,0.008,0.275,0.404,-0.004,0.533,-0.404,0.031,-0.439,-0.378,0.389,-0.287,0.417,0.658,0.236,-0.205,-0.202,0.658,-0.364,0.728,-0.593,0.694,-0.067,-0.093,0.538,-0.539,0.517,-0.553,-0.274,-0.183,-0.311,-0.408,-0.088,0.289,-0.211,-0.362,0.374,-0.034,-0.325,-0.119,-0.366,0.149,-0.129,-0.154,-0.499,-0.636,0.637,-0.58,0.207,-0.45,0.382,-0.281,0.496,-0.559,0.46,-0.599,0.583,-0.521,0.468,0.541,-0.391,0.097,0.326,0.41,0.004,-0.545,-0.485,-0.401,-0.425,0.462,0.486,-0.121,0.087,0.388,0.722,0.015,-0.273,0.729,0.444,-0.359,0.785,0.417,-0.456,-0.722,0.477,-0.144,0.757,-0.367,-0.548,0.705,0.279,-0.016,-0.403,0.829,-0.188,-0.61
AGIO,-0.155,0.236,-0.075,0.354,0.319,0.451,0.533,0.109,0.35,0.0,0.429,0.387,0.407,0.534,-0.137,0.017,0.304,0.748,0.265,-0.207,0.715,0.524,0.612,-0.094,0.105,0.562,-0.172,0.27,0.334,-0.149,0.618,-0.102,-0.038,0.242,0.414,0.415,-0.286,-0.261,0.027,-0.245,0.604,0.088,-0.115,0.042,-0.099,0.273,-0.034,0.175,0.389,0.484,-0.162,-0.133,0.29,0.16,0.249,0.284,-0.179,0.449,-0.078,0.305,-0.037,0.183,0.373,-0.057,0.176,0.333,0.234,0.49,-0.011,-0.252,0.708,0.045,0.083,0.303,0.341,-0.104,0.468,0.217,0.253,0.532,0.296,-0.068,-0.238,-0.3,0.543,0.23,0.193,0.136,-0.255,0.677,0.334,0.533,-0.148,0.355,-0.117,0.648,-0.234,-0.284,0.305,0.637,-0.298,0.078,0.457,0.072,-0.199,0.558,0.379,0.38,0.278,0.265,0.165,0.036,-0.002,-0.146,0.532,-0.113,0.66,0.44,0.532,0.332,-0.166,0.752,-0.213,0.531,-0.186,0.284,0.241,0.406,0.665,-0.286,0.515,-0.121,0.039,0.142,-0.117,-0.19,-0.108,0.421,0.094,-0.066,-0.033,-0.085,-0.09,-0.032,-0.461,0.419,0.052,-0.096,0.041,-0.125,0.121,-0.166,0.34,0.025,0.614,0.313,0.412,-0.184,0.483,-0.095,0.499,0.046,0.803,0.109,0.046,0.146,0.49,0.424,0.088,-0.194,-0.111,-0.2,-0.077,0.482,0.764,0.308,0.258,0.719,0.353,0.34,-0.199,0.519,0.224,-0.113,0.413,0.183,-0.246,-0.233,0.133,0.228,0.411,-0.025,-0.258,0.423,0.576,-0.315,-0.02,0.522,-0.019,-0.392
ALEC,-0.419,0.304,-0.582,0.863,0.152,0.375,0.427,-0.215,0.655,0.429,0.0,0.877,0.414,0.743,-0.757,-0.497,-0.008,0.481,0.237,0.014,0.759,0.83,0.537,0.328,-0.463,0.339,-0.705,-0.139,0.882,-0.733,0.766,-0.719,-0.665,-0.493,0.79,0.209,-0.879,-0.869,-0.356,-0.542,0.713,0.034,-0.622,-0.485,-0.777,-0.269,-0.189,0.266,0.123,0.738,-0.77,-0.519,0.789,-0.262,0.042,0.441,-0.78,0.265,-0.75,-0.307,-0.577,-0.176,0.815,-0.566,0.131,0.817,0.378,0.909,-0.456,-0.471,0.194,-0.432,-0.682,0.083,-0.249,-0.539,0.886,-0.093,-0.437,0.844,0.348,-0.794,-0.711,-0.661,0.727,-0.146,-0.583,-0.61,-0.779,0.713,0.865,0.728,-0.096,0.868,-0.284,0.624,-0.743,-0.593,0.188,0.347,-0.42,0.196,0.598,-0.384,-0.342,0.012,0.198,-0.005,-0.213,0.029,-0.294,-0.279,-0.203,-0.574,0.71,-0.672,0.359,0.931,0.448,-0.322,-0.607,0.652,-0.627,0.805,-0.815,0.846,-0.195,-0.205,0.573,-0.853,0.709,-0.82,-0.598,-0.286,-0.445,-0.603,-0.37,0.648,-0.634,-0.602,0.519,-0.238,-0.545,-0.369,-0.661,-0.156,-0.323,-0.406,-0.68,-0.721,0.846,-0.811,0.114,-0.729,0.409,-0.235,0.812,-0.609,0.447,-0.422,0.846,-0.422,0.446,0.615,-0.527,-0.186,0.233,0.356,-0.179,-0.738,-0.46,-0.739,-0.782,0.399,0.54,-0.144,0.178,0.419,0.931,0.123,-0.605,0.769,0.421,-0.641,0.783,0.239,-0.752,-0.579,0.177,0.328,0.532,-0.356,-0.612,0.852,0.39,-0.195,-0.473,0.581,-0.291,-0.753
ALNY,-0.535,0.383,-0.641,0.837,0.073,0.376,0.446,-0.187,0.609,0.387,0.877,0.0,0.395,0.813,-0.757,-0.497,-0.116,0.417,0.299,-0.004,0.733,0.727,0.413,0.363,-0.512,0.235,-0.686,-0.127,0.936,-0.728,0.696,-0.754,-0.634,-0.578,0.905,0.319,-0.835,-0.879,-0.295,-0.538,0.675,-0.01,-0.684,-0.697,-0.817,-0.338,-0.146,0.297,0.149,0.688,-0.775,-0.579,0.864,-0.328,0.048,0.59,-0.731,0.226,-0.752,-0.323,-0.584,-0.187,0.873,-0.609,0.191,0.846,0.222,0.898,-0.561,-0.432,0.224,-0.503,-0.658,0.006,-0.23,-0.642,0.873,-0.163,-0.462,0.822,0.239,-0.786,-0.809,-0.727,0.745,-0.258,-0.606,-0.623,-0.74,0.685,0.904,0.723,-0.303,0.905,-0.316,0.592,-0.726,-0.601,0.203,0.335,-0.532,0.078,0.618,-0.476,-0.426,0.016,0.157,-0.0,-0.255,0.067,-0.304,-0.265,-0.198,-0.497,0.737,-0.725,0.252,0.911,0.494,-0.383,-0.58,0.603,-0.577,0.696,-0.848,0.856,-0.283,-0.174,0.688,-0.804,0.785,-0.832,-0.62,-0.443,-0.474,-0.672,-0.364,0.787,-0.634,-0.646,0.604,-0.357,-0.656,-0.498,-0.675,-0.159,-0.353,-0.336,-0.679,-0.765,0.875,-0.821,0.068,-0.761,0.361,-0.346,0.764,-0.707,0.525,-0.412,0.885,-0.551,0.353,0.5,-0.494,-0.272,0.219,0.265,-0.297,-0.761,-0.527,-0.746,-0.794,0.508,0.418,-0.246,0.233,0.346,0.889,0.123,-0.606,0.832,0.329,-0.623,0.747,0.096,-0.786,-0.606,0.113,0.269,0.454,-0.512,-0.672,0.852,0.295,-0.269,-0.513,0.59,-0.401,-0.769
ALTR,0.273,0.393,0.184,0.351,0.632,0.841,0.539,0.31,0.362,0.407,0.414,0.395,0.0,0.124,-0.008,0.378,0.504,0.753,0.747,0.401,0.628,0.635,0.642,0.146,0.352,0.078,0.173,0.454,0.292,0.112,0.533,0.121,0.019,0.198,0.244,-0.098,-0.249,-0.149,-0.118,0.154,0.48,0.655,0.252,0.158,-0.029,0.539,0.11,0.798,0.556,0.458,-0.003,0.337,0.106,0.312,0.698,0.12,-0.23,0.701,0.114,-0.219,0.129,0.668,0.276,0.227,0.128,0.58,0.638,0.496,0.225,0.193,0.201,0.181,0.029,0.404,0.542,0.242,0.38,0.56,-0.247,0.385,0.598,-0.033,0.08,0.105,0.554,0.516,0.125,0.083,-0.008,0.616,0.3,0.599,0.319,0.189,0.454,0.431,-0.156,0.181,0.637,0.359,0.294,0.537,0.534,0.175,0.306,0.527,0.759,0.282,0.327,0.178,0.38,0.551,0.45,-0.12,0.726,0.173,0.319,0.446,-0.025,0.334,0.034,0.614,0.005,0.554,-0.05,0.578,0.54,0.081,0.282,-0.222,0.349,-0.037,0.11,0.331,-0.032,0.247,0.42,0.326,0.166,0.294,0.333,0.231,0.288,0.316,0.071,0.553,0.528,0.327,0.205,0.12,0.166,-0.11,0.485,0.011,0.777,0.441,0.631,0.196,0.517,-0.083,0.158,0.251,0.523,0.243,0.243,0.537,0.696,0.873,0.528,0.102,0.343,0.038,-0.089,0.439,0.41,0.66,0.558,0.69,0.436,0.713,0.257,0.547,0.771,0.224,0.549,0.497,0.102,-0.061,0.451,-0.105,0.613,0.294,0.141,0.541,-0.144,0.102,0.13,0.26,0.539,-0.085
AMBA,-0.621,0.372,-0.736,0.645,-0.233,0.122,0.427,-0.08,0.558,0.534,0.743,0.813,0.124,0.0,-0.618,-0.518,-0.202,0.44,0.202,-0.379,0.653,0.548,0.285,0.292,-0.458,0.407,-0.713,-0.06,0.803,-0.685,0.545,-0.753,-0.509,-0.554,0.83,0.661,-0.63,-0.792,-0.082,-0.603,0.705,-0.334,-0.833,-0.727,-0.722,-0.421,-0.086,0.045,0.085,0.511,-0.661,-0.73,0.83,-0.547,-0.205,0.786,-0.503,0.114,-0.675,-0.006,-0.519,-0.354,0.799,-0.72,0.395,0.66,-0.058,0.748,-0.693,-0.517,0.511,-0.489,-0.49,-0.174,-0.341,-0.612,0.724,-0.361,-0.081,0.733,0.02,-0.74,-0.883,-0.876,0.545,-0.449,-0.477,-0.373,-0.71,0.629,0.765,0.733,-0.51,0.787,-0.649,0.59,-0.591,-0.71,0.155,0.551,-0.773,-0.151,0.643,-0.368,-0.69,0.045,0.078,0.158,-0.176,0.293,-0.28,-0.445,-0.556,-0.262,0.447,-0.76,0.319,0.754,0.809,-0.26,-0.445,0.632,-0.437,0.508,-0.79,0.562,-0.393,0.06,0.781,-0.633,0.729,-0.732,-0.49,-0.567,-0.292,-0.791,-0.518,0.776,-0.517,-0.743,0.401,-0.629,-0.757,-0.559,-0.839,-0.161,-0.575,-0.373,-0.665,-0.804,0.73,-0.651,-0.074,-0.7,0.191,-0.454,0.448,-0.83,0.651,-0.174,0.926,-0.644,0.344,0.242,-0.523,-0.494,0.091,-0.032,-0.539,-0.798,-0.735,-0.727,-0.587,0.671,0.609,-0.419,0.196,0.21,0.689,-0.1,-0.751,0.788,-0.044,-0.664,0.588,-0.216,-0.847,-0.552,-0.207,0.443,0.262,-0.681,-0.763,0.639,0.661,-0.382,-0.415,0.742,-0.665,-0.876
AMCX,0.711,0.113,0.795,-0.847,0.104,0.043,-0.058,0.587,-0.505,-0.137,-0.757,-0.757,-0.008,-0.618,0.0,0.827,0.227,-0.009,0.139,0.124,-0.539,-0.52,-0.189,-0.111,0.833,-0.286,0.9,0.616,-0.869,0.925,-0.584,0.874,0.876,0.621,-0.77,-0.079,0.885,0.91,0.506,0.715,-0.4,0.266,0.739,0.65,0.88,0.63,0.387,0.181,0.213,-0.576,0.952,0.681,-0.822,0.451,0.279,-0.195,0.86,0.211,0.9,0.273,0.852,0.587,-0.74,0.678,0.142,-0.621,-0.167,-0.664,0.678,0.775,0.146,0.716,0.845,0.081,0.569,0.864,-0.851,0.377,0.539,-0.765,-0.061,0.856,0.798,0.745,-0.641,0.383,0.694,0.902,0.92,-0.433,-0.858,-0.32,0.372,-0.861,0.467,-0.302,0.891,0.817,0.355,0.075,0.65,-0.033,-0.118,0.73,0.433,0.304,0.263,0.43,0.682,0.245,0.705,0.475,0.346,0.822,-0.404,0.852,-0.101,-0.754,-0.42,0.717,0.873,-0.207,0.889,-0.617,0.904,-0.632,0.597,0.273,-0.412,0.925,-0.731,0.937,0.902,0.469,0.574,0.809,0.699,-0.549,0.78,0.843,-0.293,0.285,0.785,0.683,0.735,0.561,0.617,0.708,0.846,0.832,-0.843,0.969,0.23,0.838,0.033,0.492,-0.643,0.76,-0.014,0.685,-0.804,0.68,-0.203,-0.602,0.81,0.304,0.146,0.019,0.411,0.907,0.599,0.922,0.92,-0.041,-0.213,0.471,0.272,-0.069,-0.822,0.173,0.789,-0.459,-0.097,0.878,-0.569,-0.132,0.864,0.778,-0.173,-0.234,-0.197,0.567,0.804,-0.759,-0.39,0.386,0.855,-0.361,0.578,0.68
AMKR,0.711,0.277,0.85,-0.618,0.419,0.346,0.104,0.683,-0.453,0.017,-0.497,-0.497,0.378,-0.518,0.827,0.0,0.31,0.243,0.341,0.268,-0.17,-0.117,0.121,-0.009,0.838,-0.245,0.859,0.798,-0.634,0.885,-0.331,0.777,0.693,0.611,-0.601,-0.108,0.663,0.737,0.443,0.808,-0.107,0.504,0.768,0.677,0.814,0.716,0.232,0.564,0.252,-0.249,0.863,0.714,-0.75,0.624,0.671,-0.187,0.614,0.353,0.799,0.166,0.778,0.763,-0.6,0.679,0.181,-0.275,0.19,-0.437,0.801,0.706,0.188,0.608,0.667,0.276,0.644,0.825,-0.582,0.633,0.341,-0.557,0.095,0.767,0.784,0.778,-0.415,0.532,0.596,0.759,0.789,-0.242,-0.579,-0.06,0.62,-0.697,0.565,-0.025,0.774,0.819,0.607,0.066,0.735,0.242,0.137,0.806,0.669,0.45,0.537,0.301,0.652,0.093,0.836,0.666,0.611,0.625,-0.023,0.758,-0.034,-0.471,-0.376,0.719,0.691,-0.026,0.779,-0.364,0.785,-0.316,0.766,0.269,-0.319,0.68,-0.467,0.805,0.765,0.571,0.477,0.852,0.804,-0.3,0.723,0.852,-0.101,0.361,0.797,0.762,0.696,0.591,0.754,0.743,0.842,0.844,-0.707,0.801,0.378,0.714,0.295,0.655,-0.239,0.834,0.181,0.655,-0.678,0.783,-0.012,-0.393,0.855,0.482,0.347,0.332,0.607,0.872,0.801,0.779,0.73,0.026,-0.004,0.694,0.412,0.16,-0.564,0.495,0.778,-0.227,0.232,0.866,-0.363,0.064,0.804,0.767,-0.037,-0.138,-0.023,0.74,0.855,-0.467,-0.448,0.434,0.816,-0.379,0.775,0.672
AMRX,0.468,-0.035,0.173,0.115,0.354,0.302,0.353,0.028,0.377,0.304,-0.008,-0.116,0.504,-0.202,0.227,0.31,0.0,0.451,0.452,0.277,0.287,0.174,0.542,-0.28,0.506,-0.086,0.328,0.212,-0.109,0.237,0.329,0.512,0.383,0.507,-0.187,-0.312,0.152,0.245,-0.438,0.009,-0.105,0.602,0.51,0.468,0.265,0.724,0.251,0.227,0.778,-0.076,0.174,0.576,-0.089,0.233,0.403,-0.217,-0.022,0.625,0.391,0.007,0.355,0.679,-0.107,0.49,-0.302,0.036,0.466,0.056,0.253,0.235,-0.074,0.552,0.443,0.397,0.659,0.396,0.079,0.453,-0.098,0.195,0.516,0.218,0.314,0.26,0.425,0.741,0.478,0.331,0.124,0.378,-0.124,0.178,0.065,-0.223,0.555,-0.111,-0.099,0.28,0.181,0.311,0.344,0.182,0.055,0.094,0.256,0.298,0.382,0.356,0.384,0.418,0.301,0.691,0.259,-0.045,0.19,0.496,0.402,0.007,-0.285,0.372,0.196,0.386,0.099,0.386,0.272,0.153,0.556,0.367,0.006,0.063,0.062,0.305,0.437,0.45,0.126,0.382,0.49,-0.195,0.542,0.441,-0.24,0.49,0.443,0.477,0.229,0.68,0.511,0.429,0.421,0.284,-0.198,0.126,0.483,0.409,0.429,0.514,0.118,0.313,0.176,-0.273,-0.166,0.287,0.557,0.059,0.325,0.8,0.621,0.719,0.617,0.268,0.314,0.29,0.291,0.131,0.235,0.56,0.138,0.551,0.077,0.404,0.469,0.175,0.467,0.412,0.412,0.626,0.4,-0.148,0.613,-0.395,0.481,0.324,0.176,0.151,-0.128,0.15,0.104,0.31,0.508,0.1
ANSS,0.06,0.416,0.018,0.388,0.516,0.726,0.749,0.353,0.442,0.748,0.481,0.417,0.753,0.44,-0.009,0.243,0.451,0.0,0.561,-0.061,0.739,0.643,0.665,0.061,0.298,0.494,0.006,0.443,0.292,0.045,0.563,0.021,0.039,0.28,0.321,0.376,-0.221,-0.218,0.032,-0.108,0.735,0.334,0.04,0.093,-0.048,0.508,0.112,0.589,0.588,0.559,-0.025,0.098,0.251,0.191,0.479,0.399,-0.188,0.699,0.076,0.19,0.122,0.485,0.387,0.089,0.226,0.526,0.54,0.551,0.106,0.001,0.656,0.156,0.148,0.396,0.562,0.119,0.407,0.446,0.187,0.553,0.499,-0.061,-0.129,-0.159,0.53,0.413,0.226,0.203,-0.124,0.761,0.278,0.727,0.087,0.305,0.092,0.587,-0.131,-0.056,0.609,0.695,-0.052,0.321,0.683,0.179,-0.03,0.557,0.627,0.503,0.501,0.398,0.386,0.277,0.136,-0.002,0.68,0.05,0.686,0.474,0.409,0.484,0.023,0.904,-0.015,0.607,-0.111,0.439,0.531,0.259,0.62,-0.241,0.41,-0.076,0.204,0.248,0.073,0.003,0.214,0.417,0.175,0.109,0.168,0.02,0.107,0.205,-0.285,0.665,0.272,0.155,0.131,-0.016,0.125,-0.092,0.492,0.06,0.757,0.389,0.478,-0.01,0.67,0.013,0.387,0.141,0.774,0.098,0.143,0.283,0.807,0.716,0.268,-0.046,0.076,-0.048,-0.003,0.644,0.671,0.516,0.453,0.801,0.419,0.641,0.023,0.655,0.514,0.081,0.524,0.276,-0.086,-0.12,0.212,0.062,0.633,0.136,-0.069,0.489,0.374,-0.109,0.125,0.567,0.254,-0.297
APPN,0.332,0.469,0.047,0.169,0.202,0.603,0.534,0.335,0.396,0.265,0.237,0.299,0.747,0.202,0.139,0.341,0.452,0.561,0.0,0.345,0.41,0.306,0.374,0.294,0.407,-0.198,0.22,0.478,0.22,0.177,0.393,0.159,0.195,0.014,0.244,0.041,-0.011,-0.045,-0.003,0.126,0.262,0.467,0.126,-0.056,-0.02,0.417,0.4,0.634,0.61,0.061,0.074,0.314,0.146,-0.046,0.49,0.365,0.04,0.618,0.183,-0.224,0.173,0.653,0.262,0.161,0.296,0.447,0.204,0.337,-0.02,0.333,0.18,0.217,0.169,0.129,0.374,0.304,0.212,0.282,-0.157,0.217,0.509,-0.076,-0.01,-0.009,0.43,0.298,0.153,0.262,0.112,0.479,0.186,0.563,0.07,0.067,0.279,0.154,-0.093,0.192,0.545,0.462,0.196,0.294,0.534,0.2,0.04,0.441,0.687,0.484,0.292,0.505,0.327,0.488,0.118,0.127,0.43,0.188,0.041,0.266,0.045,0.298,0.274,0.492,0.266,0.277,-0.024,0.409,0.347,0.06,0.224,0.023,0.32,0.058,0.192,0.022,0.065,0.183,0.432,0.275,0.249,0.22,0.357,0.027,0.161,0.254,0.131,0.538,0.338,0.466,0.185,0.039,0.187,0.004,0.279,-0.023,0.562,0.101,0.328,0.05,0.671,0.035,0.126,0.009,0.307,0.016,0.219,0.371,0.483,0.557,0.275,0.07,0.047,0.137,0.055,0.603,0.35,0.413,0.796,0.447,0.247,0.474,0.268,0.56,0.397,0.271,0.508,0.301,0.111,-0.119,0.274,-0.099,0.39,-0.006,0.026,0.384,-0.141,0.318,0.22,0.386,0.31,-0.152
APTO,0.539,0.175,0.354,0.01,0.435,0.363,-0.222,-0.033,0.186,-0.207,0.014,-0.004,0.401,-0.379,0.124,0.268,0.277,-0.061,0.345,0.0,-0.139,0.069,0.155,0.085,0.254,-0.507,0.332,0.143,-0.036,0.165,0.202,0.247,0.17,0.109,-0.113,-0.684,-0.064,0.156,-0.306,0.318,-0.204,0.717,0.387,0.244,0.042,0.372,0.311,0.392,0.227,-0.063,0.117,0.484,-0.184,0.366,0.302,-0.298,-0.02,0.434,0.111,-0.686,0.28,0.508,-0.139,0.373,-0.156,0.185,0.205,0.118,0.356,0.483,-0.488,0.313,-0.036,0.326,0.204,0.392,0.016,0.424,-0.532,-0.082,0.53,0.059,0.381,0.42,0.155,0.437,-0.032,0.007,0.231,0.059,-0.032,-0.025,0.352,-0.147,0.688,-0.073,-0.056,0.472,0.317,-0.195,0.631,0.405,-0.024,0.177,0.569,0.228,0.389,0.161,0.127,0.001,0.091,0.448,0.439,-0.088,0.143,0.336,-0.219,0.077,-0.607,0.054,0.227,-0.062,0.133,0.11,0.127,0.315,0.282,-0.299,-0.343,0.088,-0.161,0.109,0.085,0.32,-0.16,0.452,0.487,-0.27,0.117,0.444,0.373,0.5,0.435,0.378,0.596,0.119,0.552,0.341,0.167,0.188,0.065,0.072,0.277,0.064,0.391,0.197,0.32,0.348,-0.035,-0.171,-0.298,0.249,-0.094,0.414,0.227,0.479,0.056,0.425,0.563,0.277,0.4,0.257,0.007,-0.176,-0.113,0.416,0.219,0.154,0.104,0.107,0.484,-0.007,0.584,0.339,0.147,0.554,0.339,0.068,0.566,-0.313,0.404,0.405,0.37,0.131,-0.642,0.431,0.216,-0.186,0.598,0.298
ARCT,-0.346,0.235,-0.376,0.73,0.329,0.52,0.63,-0.002,0.492,0.715,0.759,0.733,0.628,0.653,-0.539,-0.17,0.287,0.739,0.41,-0.139,0.0,0.872,0.713,0.113,-0.165,0.485,-0.455,0.101,0.715,-0.436,0.775,-0.426,-0.452,-0.133,0.672,0.314,-0.626,-0.643,-0.213,-0.383,0.742,0.095,-0.327,-0.241,-0.446,0.023,-0.251,0.384,0.308,0.715,-0.515,-0.269,0.592,-0.084,0.381,0.324,-0.616,0.322,-0.405,0.081,-0.43,0.07,0.667,-0.305,0.129,0.723,0.523,0.719,-0.267,-0.491,0.433,-0.338,-0.332,0.215,0.108,-0.395,0.787,0.139,-0.154,0.779,0.325,-0.452,-0.497,-0.492,0.794,0.085,-0.154,-0.328,-0.584,0.771,0.718,0.715,-0.042,0.664,-0.2,0.655,-0.551,-0.497,0.246,0.487,-0.384,0.259,0.581,-0.174,-0.205,0.307,0.362,-0.0,-0.089,0.069,0.006,0.061,0.02,-0.486,0.771,-0.428,0.52,0.749,0.557,0.004,-0.536,0.729,-0.508,0.77,-0.534,0.651,0.087,0.201,0.659,-0.705,0.815,-0.515,-0.359,-0.063,-0.204,-0.404,-0.232,0.712,-0.232,-0.37,0.205,-0.165,-0.361,-0.211,-0.619,0.191,-0.118,-0.242,-0.267,-0.393,0.505,-0.593,0.221,-0.396,0.526,0.118,0.748,-0.364,0.511,-0.315,0.727,-0.198,0.741,0.319,-0.268,0.145,0.528,0.564,-0.01,-0.506,-0.19,-0.562,-0.508,0.487,0.688,0.197,0.261,0.641,0.728,0.467,-0.412,0.728,0.411,-0.382,0.723,0.28,-0.507,-0.49,0.244,0.225,0.457,-0.193,-0.467,0.786,0.471,-0.312,-0.384,0.543,-0.101,-0.561
ARWR,-0.233,0.343,-0.27,0.714,0.416,0.566,0.471,0.049,0.434,0.524,0.83,0.727,0.635,0.548,-0.52,-0.117,0.174,0.643,0.306,0.069,0.872,0.0,0.7,0.23,-0.149,0.339,-0.405,0.148,0.694,-0.442,0.722,-0.444,-0.492,-0.19,0.582,0.142,-0.689,-0.638,-0.218,-0.229,0.741,0.22,-0.296,-0.185,-0.463,0.006,-0.292,0.513,0.176,0.752,-0.482,-0.248,0.508,0.024,0.434,0.245,-0.67,0.344,-0.473,-0.136,-0.366,0.084,0.6,-0.324,0.175,0.775,0.59,0.767,-0.146,-0.356,0.284,-0.314,-0.452,0.264,0.044,-0.301,0.744,0.175,-0.297,0.706,0.335,-0.48,-0.41,-0.371,0.689,0.071,-0.294,-0.405,-0.566,0.671,0.713,0.711,0.217,0.647,-0.077,0.72,-0.484,-0.344,0.372,0.377,-0.184,0.34,0.602,-0.092,-0.033,0.233,0.417,-0.06,-0.067,-0.077,0.03,0.042,0.149,-0.462,0.769,-0.413,0.438,0.792,0.357,-0.002,-0.492,0.651,-0.471,0.749,-0.524,0.742,0.137,0.031,0.515,-0.717,0.654,-0.543,-0.372,-0.005,-0.213,-0.31,-0.134,0.656,-0.33,-0.306,0.39,-0.092,-0.272,-0.097,-0.464,0.082,-0.024,-0.209,-0.325,-0.378,0.537,-0.574,0.298,-0.454,0.523,0.147,0.813,-0.27,0.442,-0.231,0.635,-0.072,0.572,0.455,-0.196,0.111,0.449,0.591,0.081,-0.441,-0.061,-0.525,-0.568,0.372,0.608,0.206,0.21,0.523,0.764,0.392,-0.35,0.67,0.583,-0.347,0.676,0.311,-0.462,-0.316,0.231,0.287,0.523,-0.041,-0.296,0.739,0.259,-0.203,-0.278,0.392,0.029,-0.5
ASND,0.052,0.218,-0.008,0.471,0.496,0.515,0.47,0.071,0.403,0.612,0.537,0.413,0.642,0.285,-0.189,0.121,0.542,0.665,0.374,0.155,0.713,0.7,0.0,-0.097,0.126,0.239,-0.057,0.298,0.369,-0.113,0.676,0.02,-0.095,0.215,0.305,0.005,-0.358,-0.244,-0.315,-0.125,0.477,0.452,0.087,0.164,-0.089,0.375,-0.073,0.4,0.515,0.505,-0.175,0.113,0.246,0.216,0.489,0.058,-0.399,0.543,-0.091,-0.031,0.02,0.422,0.285,0.067,0.005,0.493,0.627,0.529,0.151,-0.101,0.265,0.15,0.002,0.479,0.387,0.013,0.524,0.383,-0.144,0.539,0.442,-0.12,-0.078,-0.089,0.655,0.441,0.112,-0.026,-0.31,0.627,0.396,0.504,0.19,0.311,0.232,0.558,-0.27,-0.055,0.35,0.397,0.047,0.351,0.438,0.105,0.148,0.385,0.411,0.163,0.237,0.089,0.247,0.362,0.279,-0.292,0.667,0.005,0.587,0.497,0.119,0.244,-0.224,0.639,-0.235,0.658,-0.146,0.517,0.409,0.213,0.359,-0.398,0.473,-0.137,0.013,0.334,-0.102,0.055,0.171,0.348,0.082,0.061,0.071,0.216,0.087,0.228,-0.205,0.439,0.262,0.1,0.037,-0.064,0.186,-0.242,0.562,-0.018,0.583,0.485,0.594,0.043,0.39,-0.202,0.318,0.149,0.738,0.31,0.102,0.435,0.611,0.757,0.388,-0.113,0.184,-0.17,-0.183,0.266,0.612,0.411,0.201,0.657,0.488,0.456,0.025,0.487,0.627,0.009,0.639,0.545,-0.082,-0.169,0.378,0.007,0.553,0.231,-0.051,0.537,0.147,-0.063,-0.037,0.378,0.287,-0.265
ASTH,0.061,0.269,-0.139,0.142,-0.102,0.211,0.296,0.213,0.095,-0.094,0.328,0.363,0.146,0.292,-0.111,-0.009,-0.28,0.061,0.294,0.085,0.113,0.23,-0.097,0.0,-0.024,-0.18,-0.19,0.253,0.262,-0.181,0.101,-0.32,-0.153,-0.491,0.215,0.117,-0.218,-0.279,0.173,0.048,0.224,-0.024,-0.342,-0.32,-0.324,-0.238,0.206,0.285,-0.082,0.111,-0.167,-0.207,0.198,-0.219,0.05,0.422,-0.056,0.077,-0.238,-0.229,-0.182,-0.044,0.246,-0.271,0.387,0.317,-0.121,0.29,-0.172,0.054,0.053,-0.228,-0.347,-0.041,-0.312,-0.045,0.137,0.008,-0.189,0.029,0.051,-0.35,-0.246,-0.233,0.004,-0.305,-0.422,-0.17,-0.019,0.068,0.286,0.378,0.113,0.322,-0.226,0.183,-0.059,-0.048,0.3,0.128,-0.015,-0.037,0.488,0.137,-0.152,-0.097,0.203,0.148,-0.072,0.081,0.067,-0.149,-0.167,0.101,0.151,-0.298,-0.217,0.307,0.143,-0.093,0.011,0.094,0.102,0.01,-0.294,0.337,-0.14,-0.257,0.145,-0.116,0.104,-0.252,-0.158,-0.464,-0.035,-0.168,0.022,0.232,-0.399,-0.227,0.6,-0.337,-0.21,-0.116,-0.126,-0.165,-0.184,0.083,-0.258,-0.276,0.369,-0.174,-0.147,-0.374,0.09,-0.298,0.203,-0.202,0.367,0.181,0.264,-0.099,-0.157,0.183,-0.044,-0.308,-0.04,-0.088,-0.199,-0.18,-0.247,-0.143,-0.255,0.328,0.089,-0.115,0.487,-0.111,0.211,-0.027,-0.227,0.344,0.013,-0.164,0.118,-0.192,-0.269,-0.042,-0.11,0.26,-0.001,-0.21,-0.135,0.178,-0.055,0.299,0.093,0.08,-0.12,-0.26
ATSG,0.755,0.283,0.72,-0.562,0.295,0.361,0.158,0.629,-0.233,0.105,-0.463,-0.512,0.352,-0.458,0.833,0.838,0.506,0.298,0.407,0.254,-0.165,-0.149,0.126,-0.024,0.0,-0.228,0.833,0.741,-0.607,0.798,-0.251,0.819,0.818,0.607,-0.558,-0.116,0.659,0.725,0.359,0.639,-0.177,0.493,0.728,0.63,0.748,0.793,0.371,0.418,0.453,-0.35,0.813,0.737,-0.64,0.468,0.5,-0.119,0.641,0.48,0.816,0.15,0.759,0.794,-0.503,0.653,0.201,-0.327,0.09,-0.35,0.609,0.736,0.205,0.741,0.778,0.217,0.702,0.851,-0.546,0.504,0.348,-0.467,0.184,0.696,0.698,0.648,-0.286,0.548,0.664,0.835,0.729,-0.086,-0.607,0.019,0.452,-0.683,0.596,-0.109,0.653,0.772,0.548,0.323,0.669,0.093,0.126,0.709,0.448,0.445,0.546,0.522,0.723,0.306,0.762,0.642,0.422,0.654,-0.096,0.812,0.079,-0.456,-0.357,0.796,0.771,0.099,0.765,-0.259,0.756,-0.297,0.744,0.316,-0.203,0.703,-0.443,0.791,0.866,0.485,0.42,0.775,0.78,-0.345,0.786,0.829,-0.147,0.334,0.778,0.756,0.637,0.724,0.746,0.759,0.789,0.728,-0.652,0.782,0.411,0.734,0.335,0.58,-0.316,0.699,0.214,0.525,-0.604,0.683,0.064,-0.43,0.825,0.516,0.39,0.386,0.568,0.8,0.602,0.814,0.779,0.173,0.016,0.67,0.438,0.233,-0.513,0.378,0.788,-0.132,0.211,0.849,-0.207,0.108,0.782,0.615,0.067,-0.167,0.104,0.565,0.716,-0.456,-0.341,0.387,0.793,-0.141,0.679,0.488
AVTX,-0.419,-0.195,-0.16,0.356,0.252,0.234,0.314,-0.107,0.093,0.562,0.339,0.235,0.078,0.407,-0.286,-0.245,-0.086,0.494,-0.198,-0.507,0.485,0.339,0.239,-0.18,-0.228,0.0,-0.368,-0.149,0.211,-0.223,0.344,-0.287,-0.342,0.166,0.279,0.42,-0.331,-0.342,0.196,-0.399,0.596,-0.344,-0.222,-0.001,-0.149,-0.044,-0.25,-0.092,-0.055,0.619,-0.259,-0.293,0.258,0.073,0.001,0.108,-0.219,-0.037,-0.171,0.55,-0.301,-0.282,0.304,-0.165,-0.086,0.142,0.288,0.268,-0.058,-0.558,0.589,-0.325,-0.105,0.102,0.055,-0.37,0.334,-0.024,0.495,0.421,0.029,-0.094,-0.286,-0.315,0.25,0.014,0.118,-0.137,-0.319,0.438,0.209,0.162,-0.101,0.408,-0.385,0.493,-0.186,-0.492,-0.069,0.261,-0.444,0.086,0.167,-0.128,-0.297,0.198,-0.074,-0.018,0.027,-0.076,-0.005,-0.362,-0.064,-0.259,0.322,-0.278,0.555,0.277,0.631,0.16,-0.397,0.435,-0.432,0.387,-0.224,-0.0,0.009,0.226,0.512,-0.354,0.354,-0.258,-0.199,0.096,-0.036,-0.361,-0.474,0.291,-0.198,-0.282,-0.257,-0.152,-0.212,-0.269,-0.591,0.097,-0.262,-0.503,-0.127,-0.162,0.071,-0.249,0.03,-0.05,0.223,0.187,0.265,-0.194,0.018,-0.129,0.451,-0.055,0.563,0.066,-0.311,-0.167,0.296,0.106,-0.176,-0.321,-0.162,-0.356,-0.206,0.144,0.375,0.124,-0.115,0.444,0.246,0.215,-0.425,0.142,-0.034,-0.37,0.12,-0.032,-0.364,-0.25,-0.051,0.161,0.099,-0.087,-0.338,0.264,0.789,-0.501,-0.266,0.232,-0.217,-0.281
BCPC,0.716,0.139,0.828,-0.726,0.278,0.164,-0.13,0.527,-0.421,-0.172,-0.705,-0.686,0.173,-0.713,0.9,0.859,0.328,0.006,0.22,0.332,-0.455,-0.405,-0.057,-0.19,0.833,-0.368,0.0,0.612,-0.804,0.924,-0.497,0.915,0.855,0.691,-0.761,-0.263,0.821,0.907,0.373,0.761,-0.4,0.509,0.874,0.696,0.881,0.73,0.29,0.301,0.234,-0.48,0.939,0.85,-0.789,0.53,0.423,-0.329,0.743,0.312,0.912,0.109,0.857,0.72,-0.745,0.789,0.073,-0.467,0.031,-0.595,0.748,0.824,-0.036,0.768,0.837,0.254,0.679,0.878,-0.76,0.508,0.34,-0.693,0.085,0.854,0.872,0.842,-0.47,0.501,0.732,0.82,0.871,-0.378,-0.807,-0.316,0.469,-0.85,0.693,-0.326,0.817,0.929,0.372,-0.033,0.753,0.124,-0.193,0.7,0.651,0.323,0.397,0.363,0.651,0.137,0.642,0.629,0.529,0.702,-0.273,0.929,-0.055,-0.708,-0.559,0.719,0.839,-0.224,0.83,-0.5,0.927,-0.495,0.708,0.166,-0.42,0.853,-0.664,0.912,0.868,0.608,0.505,0.919,0.82,-0.517,0.817,0.929,-0.205,0.447,0.872,0.811,0.856,0.605,0.786,0.753,0.839,0.868,-0.808,0.905,0.369,0.838,0.096,0.563,-0.495,0.849,-0.088,0.528,-0.864,0.746,-0.148,-0.473,0.853,0.471,0.232,0.223,0.583,0.943,0.752,0.945,0.868,-0.12,-0.244,0.555,0.209,-0.028,-0.733,0.297,0.934,-0.44,0.158,0.956,-0.496,0.084,0.95,0.738,0.021,-0.405,-0.037,0.692,0.904,-0.631,-0.566,0.446,0.794,-0.431,0.742,0.775
BEAM,0.496,0.593,0.55,-0.392,0.281,0.451,0.279,0.743,-0.197,0.27,-0.139,-0.127,0.454,-0.06,0.616,0.798,0.212,0.443,0.478,0.143,0.101,0.148,0.298,0.253,0.741,-0.149,0.612,0.0,-0.289,0.6,-0.107,0.477,0.574,0.324,-0.253,0.207,0.402,0.426,0.454,0.604,0.209,0.423,0.389,0.341,0.494,0.536,0.292,0.616,0.32,-0.07,0.63,0.407,-0.384,0.354,0.543,0.237,0.463,0.477,0.537,0.087,0.601,0.664,-0.275,0.336,0.506,0.023,0.079,-0.054,0.501,0.617,0.448,0.506,0.501,0.243,0.492,0.655,-0.295,0.48,0.3,-0.295,0.095,0.436,0.391,0.375,-0.187,0.284,0.341,0.673,0.495,0.069,-0.256,0.327,0.437,-0.358,0.339,0.279,0.58,0.615,0.769,0.409,0.449,0.123,0.518,0.756,0.352,0.498,0.633,0.496,0.67,0.247,0.772,0.466,0.34,0.659,0.176,0.46,0.144,-0.145,-0.013,0.703,0.597,0.268,0.692,-0.161,0.47,-0.022,0.62,0.211,0.058,0.472,-0.188,0.522,0.648,0.295,0.363,0.553,0.663,0.069,0.507,0.557,0.177,0.032,0.51,0.607,0.359,0.553,0.549,0.718,0.519,0.465,-0.376,0.57,0.437,0.402,0.387,0.44,-0.07,0.467,0.536,0.675,-0.276,0.548,0.088,-0.323,0.723,0.211,0.36,0.334,0.341,0.558,0.449,0.527,0.51,0.423,0.336,0.491,0.573,0.196,-0.274,0.417,0.504,0.165,0.252,0.625,-0.086,-0.063,0.452,0.61,-0.213,0.07,0.121,0.443,0.584,-0.208,-0.225,0.356,0.777,-0.05,0.481,0.246
BILI,-0.594,0.273,-0.742,0.859,-0.06,0.235,0.308,-0.319,0.626,0.334,0.882,0.936,0.292,0.803,-0.869,-0.634,-0.109,0.292,0.22,-0.036,0.715,0.694,0.369,0.262,-0.607,0.211,-0.804,-0.289,0.0,-0.839,0.705,-0.834,-0.744,-0.666,0.938,0.254,-0.891,-0.939,-0.424,-0.612,0.596,-0.105,-0.761,-0.735,-0.888,-0.464,-0.219,0.149,0.063,0.621,-0.884,-0.664,0.881,-0.432,-0.072,0.499,-0.822,0.095,-0.855,-0.363,-0.721,-0.312,0.907,-0.696,0.118,0.814,0.168,0.868,-0.677,-0.565,0.097,-0.582,-0.761,-0.104,-0.387,-0.732,0.939,-0.298,-0.556,0.847,0.18,-0.877,-0.866,-0.796,0.759,-0.33,-0.684,-0.731,-0.861,0.625,0.973,0.674,-0.357,0.905,-0.386,0.506,-0.857,-0.726,0.029,0.256,-0.603,0.07,0.477,-0.604,-0.468,-0.077,0.077,-0.147,-0.443,-0.004,-0.475,-0.334,-0.302,-0.646,0.637,-0.815,0.144,0.92,0.495,-0.553,-0.709,0.503,-0.705,0.695,-0.935,0.831,-0.438,-0.178,0.601,-0.894,0.854,-0.908,-0.759,-0.51,-0.553,-0.76,-0.494,0.768,-0.68,-0.747,0.511,-0.376,-0.752,-0.605,-0.732,-0.317,-0.447,-0.459,-0.769,-0.841,0.935,-0.912,-0.047,-0.86,0.254,-0.444,0.757,-0.789,0.436,-0.513,0.907,-0.665,0.289,0.55,-0.63,-0.258,0.054,0.184,-0.345,-0.861,-0.599,-0.86,-0.876,0.408,0.404,-0.339,0.1,0.268,0.927,-0.008,-0.713,0.788,0.243,-0.754,0.773,0.104,-0.864,-0.692,0.119,0.352,0.378,-0.601,-0.779,0.868,0.346,-0.336,-0.652,0.573,-0.496,-0.817
BJRI,0.694,0.102,0.849,-0.75,0.26,0.142,-0.022,0.579,-0.548,-0.149,-0.733,-0.728,0.112,-0.685,0.925,0.885,0.237,0.045,0.177,0.165,-0.436,-0.442,-0.113,-0.181,0.798,-0.223,0.924,0.6,-0.839,0.0,-0.543,0.891,0.805,0.681,-0.751,-0.103,0.864,0.899,0.486,0.752,-0.318,0.344,0.838,0.699,0.921,0.684,0.282,0.287,0.184,-0.429,0.958,0.78,-0.843,0.553,0.438,-0.295,0.76,0.182,0.927,0.302,0.829,0.64,-0.724,0.759,0.032,-0.554,0.049,-0.68,0.772,0.731,0.105,0.647,0.827,0.163,0.639,0.819,-0.793,0.516,0.503,-0.701,0.002,0.892,0.851,0.818,-0.586,0.468,0.742,0.831,0.894,-0.417,-0.821,-0.343,0.511,-0.845,0.554,-0.309,0.881,0.831,0.348,-0.035,0.704,0.128,-0.15,0.738,0.594,0.321,0.282,0.283,0.641,0.119,0.722,0.572,0.521,0.7,-0.275,0.88,-0.059,-0.734,-0.433,0.713,0.779,-0.222,0.828,-0.553,0.929,-0.589,0.708,0.236,-0.429,0.843,-0.65,0.929,0.843,0.57,0.595,0.877,0.736,-0.504,0.817,0.88,-0.32,0.408,0.819,0.724,0.768,0.592,0.697,0.66,0.892,0.914,-0.856,0.92,0.287,0.864,0.053,0.57,-0.518,0.866,-0.077,0.628,-0.835,0.741,-0.128,-0.562,0.824,0.39,0.247,0.132,0.507,0.938,0.755,0.909,0.88,-0.136,-0.236,0.584,0.242,0.005,-0.785,0.4,0.849,-0.474,0.004,0.912,-0.554,-0.021,0.914,0.782,-0.107,-0.297,-0.177,0.685,0.871,-0.685,-0.441,0.419,0.784,-0.448,0.694,0.79
BLUE,-0.171,0.103,-0.367,0.791,0.398,0.505,0.432,-0.357,0.681,0.618,0.766,0.696,0.533,0.545,-0.584,-0.331,0.329,0.563,0.393,0.202,0.775,0.722,0.676,0.101,-0.251,0.344,-0.497,-0.107,0.705,-0.543,0.0,-0.411,-0.475,-0.113,0.646,-0.009,-0.728,-0.629,-0.431,-0.541,0.552,0.235,-0.297,-0.192,-0.545,0.046,0.063,0.187,0.376,0.617,-0.617,-0.194,0.613,-0.015,0.226,0.184,-0.623,0.444,-0.48,-0.206,-0.381,0.111,0.612,-0.157,-0.119,0.685,0.461,0.779,-0.222,-0.391,0.17,-0.223,-0.406,0.36,0.033,-0.339,0.854,0.164,-0.338,0.808,0.615,-0.524,-0.436,-0.438,0.88,0.261,-0.241,-0.414,-0.587,0.834,0.693,0.565,-0.108,0.693,-0.047,0.527,-0.732,-0.463,0.11,0.336,-0.247,0.26,0.428,-0.251,-0.165,0.21,0.296,0.165,-0.129,0.119,-0.21,0.035,-0.019,-0.631,0.705,-0.369,0.435,0.766,0.318,-0.141,-0.505,0.671,-0.564,0.842,-0.588,0.714,0.027,-0.033,0.517,-0.686,0.758,-0.55,-0.424,-0.034,-0.409,-0.368,-0.188,0.407,-0.322,-0.33,0.263,0.112,-0.284,-0.16,-0.469,0.124,-0.102,-0.297,-0.365,-0.47,0.592,-0.656,0.309,-0.399,0.634,0.052,0.826,-0.377,0.37,-0.596,0.678,-0.308,0.743,0.653,-0.354,0.246,0.374,0.547,0.108,-0.538,-0.272,-0.525,-0.581,0.284,0.627,0.22,0.239,0.698,0.773,0.253,-0.355,0.656,0.512,-0.428,0.799,0.617,-0.486,-0.659,0.565,0.091,0.605,-0.134,-0.527,0.815,0.36,-0.084,-0.389,0.514,-0.025,-0.526
