,AAL,AAON,ACB,ACGL,ACGLO,ACIW,ADBE,ADSK,AEP,AGIO,ALEC,ALNY,ALTR,AMBA,AMCX,AMKR,AMRX,ANSS,APPN,APTO,ARCT,ARWR,ASND,ASTH,ATSG,AVTX,BCPC,BEAM,BILI,BJRI,BLUE,BPOP,BRKL,BWIN,BZUN,CARG,CBRL,CBSH,CBUS,CENTA,CERS,CFFN,CHCO,CHEF,CHRD,CINF,CLLS,CMCO,CMCSA,COLL,COMM,COOP,CPB,CRON,CROX,CRUS,CRWD,CTAS,CYBR,CYTK,DGII,DIOD,DOMO,DPZ,DSGR,DXCM,ERIE,ESTA,EXEL,FAST,FCEL,FCFS,FHB,FITBI,FSV,FTDR,FUTU,GLDD,GLPG,GLPI,GOGO,GOSS,GSAT,GYRE,HALO,HAS,HLIT,HLNE,HSDT,HSIC,HTHT,ICHR,IDYA,IMVT,INDB,INSM,IONS,IOSP,ITRI,JBHT,JBLU,JSM,KLIC,KOD,KURA,LAB,LASR,LIN,LKQ,LNT,MBUU,MCRI,MDGL,MEDP,MGNI,MGPI,MGRC,MKTX,MRNA,MRTN,MSEX,MSFT,MU,NAVI,NBTB,NEO,NEOG,NGNE,NSSC,NTAP,NTES,NTLA,NTRS,NYMTN,OBLG,OCFC,ON,ONC,OPI,OSIS,OSW,PALI,PANW,PCAR,PCRX,PCTY,PEBO,PLAB,PLAY,PLMR,PLSE,PLUS,PRTA,PSEC,PSNL,PTCT,PTON,QNST,QRVO,QTTB,RARE,RBCAA,RGNX,SAIC,SGMO,SINT,SNPS,SPSC,SPTN,SSYS,STNE,TBBK,TCPC,TENB,TGTX,TREE,TRUP,TTWO,TW,TXG,UBSI,UCTT,UFPT,UMBF,UPBD,URBN,VBTX,VCTR,VEON,VNET,VRSK,VSEC,WABC,WTFCM,WVE,WW,WWD,XEL,ZD,ZYME
AAL,0.0,0.089,-0.148,0.558,0.433,0.172,0.44,0.551,0.289,-0.062,0.301,-0.081,0.42,0.616,0.456,0.598,0.692,0.508,0.128,0.276,0.543,0.295,0.141,0.436,0.296,0.112,0.287,0.211,0.138,0.453,0.089,0.366,0.234,0.402,0.319,0.504,0.233,0.484,0.089,0.577,0.348,0.374,0.338,0.545,0.223,0.432,0.471,0.18,0.579,0.263,0.243,0.468,-0.042,0.135,0.238,0.531,0.349,0.373,0.397,0.382,0.078,0.743,0.473,0.2,-0.194,-0.01,0.071,0.452,-0.016,0.36,0.487,0.561,0.362,0.347,0.574,0.064,0.1,0.163,-0.055,0.406,0.356,-0.004,0.493,0.084,0.462,0.403,0.365,0.433,0.029,0.418,0.405,0.701,0.112,0.308,0.329,0.256,0.303,0.543,0.476,0.276,0.563,0.399,0.628,0.13,0.431,-0.086,0.149,0.274,0.526,0.424,0.467,0.306,0.259,0.368,0.569,0.39,0.493,0.2,0.607,-0.13,-0.431,0.501,0.876,0.842,0.208,0.39,0.467,-0.009,0.402,0.616,0.414,0.365,0.423,0.263,0.236,0.429,0.323,0.182,0.557,0.364,0.66,0.331,0.119,0.265,0.637,0.251,0.184,0.356,0.354,0.304,0.441,0.395,0.506,0.59,0.082,-0.09,0.471,0.512,0.633,-0.201,-0.078,0.15,0.257,0.127,-0.088,0.112,0.303,0.279,0.417,0.725,0.166,0.423,0.38,0.293,-0.044,0.325,0.541,0.377,0.284,0.732,0.364,0.701,0.47,0.391,0.508,0.231,0.402,0.601,0.581,0.238,0.252,0.257,0.38,0.089,-0.17,0.06,0.535,0.339,0.38,0.368
AAON,0.089,0.0,-0.845,0.667,0.502,0.891,0.831,0.795,0.496,-0.531,0.229,0.33,0.829,0.694,-0.296,0.782,0.166,0.757,0.169,-0.422,0.576,-0.017,-0.132,0.578,0.76,0.568,0.746,0.769,0.769,0.814,-0.044,0.821,-0.431,0.731,0.724,0.772,0.078,0.79,-0.197,0.459,0.435,0.459,0.675,0.354,0.826,0.675,-0.361,0.485,0.325,0.206,0.909,0.227,-0.302,-0.666,0.754,0.662,0.883,0.868,0.654,0.481,0.771,0.61,0.562,0.87,0.392,-0.295,0.846,0.658,0.079,0.905,0.745,-0.074,0.798,0.707,0.682,-0.621,0.783,0.678,0.061,0.795,0.794,-0.49,0.706,0.568,0.375,0.255,0.787,0.782,0.647,0.079,0.828,0.569,0.703,0.784,0.691,-0.145,-0.53,0.414,0.589,0.716,0.577,0.839,0.733,0.725,0.697,-0.35,0.859,0.74,0.71,0.671,0.483,0.727,0.629,0.868,0.673,0.423,0.574,0.588,0.411,0.579,-0.509,0.764,0.298,0.287,0.782,-0.027,0.002,-0.424,0.844,0.468,0.678,0.121,0.776,0.634,-0.311,0.79,0.842,0.689,0.164,0.735,0.129,0.436,0.823,0.917,0.147,0.934,0.861,0.853,0.43,0.663,0.308,0.64,0.527,0.646,-0.541,-0.847,-0.456,0.72,0.693,0.544,0.209,0.822,0.838,0.821,-0.06,0.533,0.677,0.92,0.601,0.495,0.765,0.826,0.584,0.721,-0.683,-0.007,0.752,0.503,0.843,-0.028,0.635,0.67,0.684,0.844,0.078,0.447,0.841,0.663,0.312,0.128,0.526,0.401,0.723,0.792,0.651,0.564,0.737,-0.008,0.112,0.78
ACB,-0.148,-0.845,0.0,-0.685,-0.626,-0.792,-0.751,-0.77,-0.601,0.734,-0.063,-0.111,-0.774,-0.657,0.283,-0.726,-0.086,-0.68,0.053,0.636,-0.534,0.166,0.248,-0.484,-0.683,-0.55,-0.737,-0.564,-0.668,-0.744,0.256,-0.801,0.557,-0.629,-0.638,-0.619,0.023,-0.754,0.261,-0.342,-0.197,-0.618,-0.761,-0.149,-0.85,-0.641,0.285,-0.468,-0.375,0.005,-0.8,-0.126,0.367,0.872,-0.536,-0.59,-0.808,-0.868,-0.538,-0.224,-0.651,-0.519,-0.387,-0.834,-0.258,0.472,-0.73,-0.604,0.083,-0.794,-0.703,0.166,-0.815,-0.77,-0.581,0.77,-0.71,-0.668,0.235,-0.739,-0.842,0.721,-0.691,-0.651,-0.418,-0.12,-0.791,-0.767,-0.649,-0.105,-0.777,-0.498,-0.533,-0.71,-0.74,0.32,0.585,-0.277,-0.598,-0.538,-0.579,-0.903,-0.695,-0.697,-0.712,0.423,-0.769,-0.687,-0.592,-0.786,-0.303,-0.506,-0.39,-0.779,-0.563,-0.2,-0.392,-0.608,-0.367,-0.444,0.685,-0.799,-0.276,-0.203,-0.85,0.298,0.144,0.493,-0.816,-0.424,-0.681,0.1,-0.8,-0.748,0.384,-0.815,-0.759,-0.544,-0.219,-0.654,0.006,-0.193,-0.729,-0.872,-0.12,-0.863,-0.894,-0.892,-0.346,-0.556,-0.28,-0.511,-0.403,-0.561,0.719,0.88,0.632,-0.692,-0.679,-0.48,0.035,-0.875,-0.681,-0.745,0.321,-0.484,-0.702,-0.846,-0.502,-0.487,-0.686,-0.857,-0.549,-0.718,0.825,0.213,-0.583,-0.518,-0.744,0.055,-0.696,-0.606,-0.535,-0.828,0.081,-0.242,-0.851,-0.633,-0.324,0.062,-0.49,-0.291,-0.805,-0.816,-0.633,-0.402,-0.68,-0.092,0.192,-0.809
ACGL,0.558,0.667,-0.685,0.0,0.734,0.675,0.832,0.749,0.817,-0.573,0.348,0.146,0.77,0.798,0.052,0.833,0.311,0.803,-0.115,-0.361,0.676,0.128,0.061,0.553,0.666,0.454,0.824,0.512,0.521,0.693,-0.167,0.902,-0.306,0.737,0.672,0.743,0.034,0.881,0.137,0.639,0.407,0.699,0.834,0.348,0.784,0.888,0.069,0.202,0.699,0.256,0.738,0.462,-0.183,-0.53,0.437,0.729,0.77,0.879,0.717,0.472,0.582,0.693,0.425,0.785,0.09,-0.427,0.613,0.794,-0.021,0.802,0.796,0.053,0.876,0.628,0.729,-0.552,0.606,0.686,-0.167,0.858,0.854,-0.415,0.779,0.689,0.672,0.168,0.776,0.885,0.352,0.535,0.738,0.716,0.544,0.694,0.787,0.1,-0.226,0.567,0.72,0.636,0.769,0.853,0.706,0.594,0.739,-0.396,0.517,0.77,0.791,0.875,0.65,0.511,0.522,0.746,0.641,0.437,0.773,0.654,0.475,0.425,-0.683,0.909,0.548,0.586,0.82,-0.018,0.168,-0.459,0.824,0.638,0.775,0.158,0.924,0.518,-0.212,0.882,0.769,0.443,0.615,0.791,0.266,0.452,0.736,0.802,0.291,0.804,0.805,0.838,0.298,0.731,0.39,0.762,0.604,0.722,-0.438,-0.686,-0.231,0.77,0.778,0.216,0.001,0.793,0.666,0.741,-0.34,0.576,0.682,0.762,0.713,0.675,0.672,0.899,0.583,0.757,-0.604,-0.163,0.713,0.664,0.751,0.347,0.82,0.82,0.744,0.856,0.306,0.254,0.881,0.813,0.515,-0.064,0.558,0.353,0.873,0.744,0.404,0.214,0.795,0.457,-0.064,0.784
ACGLO,0.433,0.502,-0.626,0.734,0.0,0.65,0.725,0.632,0.849,-0.798,0.578,0.263,0.736,0.749,0.433,0.687,0.241,0.758,-0.536,-0.488,0.762,0.326,0.401,0.701,0.351,0.614,0.89,0.448,0.462,0.391,-0.453,0.723,-0.282,0.78,0.729,0.484,-0.372,0.542,0.221,0.241,0.324,0.92,0.89,-0.081,0.789,0.453,0.473,0.02,0.889,0.501,0.525,0.407,-0.577,-0.572,0.081,0.667,0.68,0.637,0.812,0.184,0.568,0.478,0.063,0.797,-0.187,-0.722,0.386,0.76,-0.588,0.586,0.816,-0.199,0.782,0.368,0.501,-0.74,0.591,0.783,-0.549,0.808,0.852,-0.647,0.829,0.863,0.93,-0.313,0.82,0.841,0.059,0.168,0.636,0.672,0.469,0.397,0.918,0.144,0.1,0.452,0.879,0.127,0.857,0.798,0.423,0.746,0.817,-0.596,0.326,0.792,0.485,0.895,0.198,0.15,0.474,0.547,0.646,-0.034,0.428,0.889,0.529,-0.037,-0.787,0.672,0.31,0.364,0.805,-0.105,0.178,-0.547,0.789,0.143,0.899,0.189,0.868,0.536,-0.471,0.813,0.67,0.407,0.739,0.702,0.195,0.371,0.652,0.542,0.325,0.64,0.726,0.802,-0.113,0.784,0.287,0.508,0.534,0.342,-0.578,-0.56,-0.351,0.814,0.76,0.118,-0.5,0.741,0.369,0.578,-0.354,0.666,0.883,0.498,0.364,0.751,0.72,0.805,0.067,0.888,-0.799,-0.449,0.59,0.81,0.731,0.515,0.934,0.713,0.413,0.571,-0.066,-0.251,0.777,0.774,0.477,-0.315,0.136,-0.173,0.847,0.669,0.284,-0.283,0.461,0.593,-0.309,0.858
ACIW,0.172,0.891,-0.792,0.675,0.65,0.0,0.889,0.8,0.56,-0.632,0.483,0.55,0.869,0.761,0.0,0.823,0.188,0.831,-0.014,-0.364,0.726,0.279,0.157,0.616,0.753,0.761,0.814,0.844,0.892,0.667,-0.076,0.85,-0.33,0.85,0.883,0.699,-0.27,0.745,-0.183,0.299,0.442,0.545,0.725,0.255,0.92,0.565,-0.132,0.485,0.46,0.433,0.921,0.472,-0.539,-0.574,0.675,0.802,0.925,0.827,0.776,0.432,0.891,0.629,0.382,0.934,0.326,-0.341,0.86,0.81,-0.124,0.876,0.869,-0.087,0.834,0.515,0.737,-0.733,0.905,0.83,-0.121,0.874,0.85,-0.62,0.816,0.666,0.586,0.109,0.858,0.807,0.589,-0.013,0.884,0.663,0.814,0.676,0.816,0.113,-0.293,0.564,0.79,0.5,0.699,0.838,0.667,0.915,0.856,-0.418,0.862,0.869,0.684,0.737,0.33,0.644,0.769,0.859,0.798,0.26,0.585,0.714,0.6,0.296,-0.583,0.737,0.292,0.375,0.812,0.006,-0.048,-0.365,0.897,0.316,0.83,0.302,0.796,0.715,-0.518,0.847,0.913,0.81,0.401,0.853,0.249,0.525,0.793,0.85,0.243,0.919,0.875,0.887,0.277,0.798,0.495,0.675,0.612,0.619,-0.626,-0.818,-0.469,0.848,0.802,0.61,0.084,0.869,0.796,0.872,0.059,0.759,0.85,0.828,0.489,0.627,0.906,0.821,0.399,0.82,-0.767,-0.115,0.785,0.735,0.825,0.179,0.761,0.715,0.642,0.735,-0.081,0.234,0.87,0.711,0.456,0.148,0.267,0.135,0.697,0.726,0.681,0.343,0.674,0.182,0.091,0.866
ADBE,0.44,0.831,-0.751,0.832,0.725,0.889,0.0,0.9,0.661,-0.551,0.546,0.453,0.947,0.919,0.128,0.949,0.366,0.947,0.012,-0.248,0.861,0.332,0.173,0.709,0.773,0.691,0.857,0.812,0.799,0.722,-0.093,0.882,-0.219,0.933,0.859,0.815,-0.137,0.848,-0.058,0.532,0.548,0.644,0.779,0.397,0.882,0.715,0.032,0.506,0.633,0.455,0.902,0.581,-0.464,-0.489,0.69,0.92,0.919,0.882,0.876,0.615,0.85,0.822,0.55,0.892,0.157,-0.323,0.786,0.908,-0.066,0.939,0.94,0.051,0.884,0.566,0.862,-0.624,0.812,0.787,-0.091,0.94,0.867,-0.466,0.903,0.658,0.698,0.229,0.91,0.87,0.513,0.162,0.909,0.851,0.793,0.746,0.851,0.226,-0.142,0.732,0.846,0.598,0.772,0.887,0.777,0.83,0.902,-0.391,0.774,0.916,0.802,0.821,0.498,0.712,0.778,0.909,0.87,0.402,0.768,0.714,0.688,0.259,-0.592,0.861,0.557,0.57,0.818,0.157,0.18,-0.418,0.939,0.531,0.893,0.366,0.89,0.679,-0.369,0.911,0.94,0.714,0.576,0.913,0.44,0.626,0.751,0.858,0.447,0.921,0.858,0.902,0.255,0.848,0.512,0.754,0.717,0.75,-0.489,-0.775,-0.249,0.907,0.898,0.387,0.093,0.828,0.824,0.845,-0.043,0.684,0.858,0.845,0.683,0.813,0.879,0.88,0.5,0.878,-0.68,0.01,0.906,0.801,0.879,0.422,0.825,0.893,0.777,0.825,0.098,0.287,0.936,0.888,0.588,0.144,0.369,0.206,0.783,0.688,0.505,0.307,0.821,0.346,0.168,0.889
ADSK,0.551,0.795,-0.77,0.749,0.632,0.8,0.9,0.0,0.504,-0.504,0.346,0.254,0.913,0.905,0.046,0.942,0.46,0.868,0.184,-0.221,0.779,0.117,-0.062,0.699,0.774,0.545,0.725,0.709,0.736,0.842,-0.043,0.779,-0.286,0.826,0.776,0.89,0.099,0.807,-0.199,0.648,0.52,0.522,0.644,0.578,0.786,0.681,-0.01,0.565,0.525,0.342,0.855,0.435,-0.353,-0.459,0.745,0.845,0.886,0.858,0.745,0.585,0.709,0.878,0.694,0.798,0.143,-0.242,0.718,0.772,0.021,0.9,0.875,0.228,0.782,0.74,0.862,-0.491,0.715,0.653,0.012,0.865,0.81,-0.444,0.842,0.437,0.553,0.421,0.833,0.816,0.547,0.089,0.913,0.851,0.66,0.739,0.705,0.034,-0.248,0.669,0.752,0.645,0.728,0.886,0.89,0.686,0.786,-0.401,0.783,0.746,0.83,0.759,0.536,0.732,0.658,0.925,0.872,0.527,0.666,0.555,0.706,0.243,-0.596,0.823,0.682,0.614,0.672,0.198,0.122,-0.334,0.911,0.635,0.789,0.3,0.782,0.722,-0.189,0.817,0.875,0.649,0.43,0.788,0.48,0.531,0.625,0.84,0.476,0.851,0.754,0.879,0.455,0.702,0.52,0.642,0.636,0.835,-0.431,-0.758,-0.115,0.884,0.877,0.346,0.094,0.722,0.797,0.734,-0.092,0.521,0.741,0.868,0.707,0.783,0.749,0.831,0.621,0.756,-0.599,0.195,0.904,0.645,0.813,0.386,0.66,0.898,0.789,0.797,0.249,0.439,0.861,0.828,0.587,0.258,0.457,0.366,0.716,0.641,0.444,0.448,0.864,0.213,0.265,0.819
AEP,0.289,0.496,-0.601,0.817,0.849,0.56,0.661,0.504,0.0,-0.782,0.36,0.123,0.607,0.606,0.209,0.591,0.123,0.642,-0.542,-0.564,0.569,0.165,0.234,0.5,0.345,0.435,0.859,0.29,0.317,0.365,-0.519,0.74,-0.363,0.683,0.56,0.45,-0.244,0.591,0.335,0.326,0.168,0.863,0.894,-0.113,0.721,0.604,0.236,-0.067,0.783,0.276,0.508,0.29,-0.359,-0.646,0.046,0.554,0.565,0.657,0.678,0.16,0.511,0.349,0.016,0.729,-0.154,-0.766,0.361,0.666,-0.396,0.566,0.678,-0.32,0.802,0.401,0.373,-0.738,0.478,0.722,-0.488,0.749,0.799,-0.579,0.685,0.873,0.789,-0.31,0.751,0.808,0.104,0.385,0.506,0.495,0.382,0.471,0.842,0.052,-0.099,0.364,0.715,0.29,0.735,0.747,0.334,0.583,0.681,-0.599,0.233,0.736,0.448,0.91,0.33,0.145,0.344,0.471,0.408,0.054,0.539,0.777,0.241,0.237,-0.69,0.704,0.196,0.262,0.847,-0.293,0.116,-0.647,0.703,0.253,0.752,-0.043,0.87,0.41,-0.405,0.802,0.599,0.208,0.675,0.648,0.021,0.309,0.673,0.575,0.143,0.635,0.753,0.749,-0.156,0.703,0.154,0.595,0.384,0.332,-0.608,-0.576,-0.444,0.651,0.595,0.043,-0.405,0.754,0.37,0.613,-0.553,0.597,0.719,0.519,0.473,0.548,0.628,0.783,0.181,0.79,-0.752,-0.562,0.44,0.674,0.639,0.275,0.893,0.572,0.462,0.635,-0.011,-0.159,0.772,0.703,0.327,-0.5,0.309,-0.022,0.876,0.723,0.288,-0.205,0.476,0.713,-0.457,0.746
AGIO,-0.062,-0.531,0.734,-0.573,-0.798,-0.632,-0.551,-0.504,-0.782,0.0,-0.192,-0.127,-0.574,-0.514,-0.123,-0.509,0.046,-0.512,0.6,0.732,-0.432,-0.01,-0.085,-0.383,-0.317,-0.53,-0.79,-0.251,-0.43,-0.332,0.653,-0.637,0.525,-0.603,-0.599,-0.313,0.411,-0.435,-0.057,-0.055,0.048,-0.795,-0.822,0.256,-0.748,-0.348,-0.112,-0.061,-0.57,-0.16,-0.527,-0.169,0.63,0.806,-0.046,-0.486,-0.568,-0.571,-0.533,0.163,-0.562,-0.215,0.151,-0.738,0.067,0.82,-0.412,-0.563,0.567,-0.482,-0.648,0.44,-0.74,-0.395,-0.26,0.894,-0.58,-0.777,0.663,-0.67,-0.774,0.894,-0.634,-0.805,-0.65,0.395,-0.741,-0.715,-0.277,-0.002,-0.534,-0.372,-0.351,-0.298,-0.816,0.175,0.29,-0.225,-0.697,-0.102,-0.668,-0.737,-0.272,-0.686,-0.654,0.656,-0.379,-0.683,-0.3,-0.82,0.007,-0.053,-0.258,-0.433,-0.398,0.205,-0.253,-0.753,-0.208,-0.09,0.758,-0.549,-0.006,-0.034,-0.821,0.507,0.231,0.603,-0.689,-0.002,-0.705,0.211,-0.723,-0.572,0.614,-0.732,-0.607,-0.249,-0.479,-0.552,0.15,-0.151,-0.578,-0.552,0.022,-0.609,-0.772,-0.771,0.149,-0.579,-0.136,-0.423,-0.149,-0.217,0.888,0.711,0.712,-0.626,-0.546,-0.232,0.552,-0.794,-0.272,-0.603,0.55,-0.638,-0.77,-0.494,-0.254,-0.426,-0.663,-0.709,-0.057,-0.729,0.925,0.647,-0.318,-0.64,-0.552,-0.067,-0.807,-0.431,-0.311,-0.514,0.32,0.279,-0.699,-0.54,-0.191,0.501,-0.114,0.171,-0.785,-0.718,-0.447,0.166,-0.337,-0.431,0.556,-0.744
ALEC,0.301,0.229,-0.063,0.348,0.578,0.483,0.546,0.346,0.36,-0.192,0.0,0.763,0.503,0.565,0.663,0.484,0.205,0.618,-0.27,0.08,0.757,0.806,0.828,0.543,0.283,0.666,0.51,0.624,0.51,0.026,0.089,0.419,0.253,0.671,0.69,0.261,-0.549,0.233,0.18,0.038,0.6,0.397,0.402,0.063,0.489,0.152,0.59,0.031,0.603,0.862,0.348,0.741,-0.508,0.134,0.166,0.606,0.473,0.264,0.759,0.445,0.584,0.416,0.046,0.495,-0.061,-0.151,0.332,0.705,-0.364,0.372,0.639,0.118,0.392,-0.205,0.502,-0.297,0.562,0.59,-0.137,0.573,0.444,-0.095,0.624,0.468,0.769,-0.204,0.447,0.441,-0.124,-0.067,0.477,0.637,0.681,0.175,0.585,0.778,0.596,0.61,0.695,-0.063,0.594,0.307,0.167,0.654,0.629,-0.19,0.23,0.659,0.382,0.382,0.06,0.161,0.747,0.379,0.655,0.02,0.412,0.615,0.691,-0.327,-0.242,0.245,0.211,0.441,0.336,0.433,0.252,-0.045,0.478,-0.106,0.694,0.777,0.447,0.183,-0.421,0.42,0.54,0.587,0.657,0.633,0.475,0.647,0.354,0.172,0.39,0.333,0.297,0.358,-0.201,0.751,0.442,0.392,0.687,0.226,-0.024,-0.1,0.108,0.637,0.587,0.228,-0.086,0.326,0.355,0.446,0.424,0.621,0.661,0.126,0.091,0.627,0.656,0.352,-0.198,0.6,-0.269,-0.019,0.575,0.735,0.532,0.701,0.564,0.561,0.304,0.141,-0.102,-0.216,0.395,0.494,0.529,0.192,-0.236,-0.322,0.275,0.151,0.207,-0.359,0.219,0.406,0.211,0.534
ALNY,-0.081,0.33,-0.111,0.146,0.263,0.55,0.453,0.254,0.123,-0.127,0.763,0.0,0.389,0.341,0.264,0.35,-0.088,0.447,-0.029,0.034,0.557,0.677,0.604,0.193,0.451,0.722,0.327,0.71,0.69,0.046,0.307,0.358,0.13,0.528,0.672,0.176,-0.563,0.207,-0.089,-0.104,0.453,0.058,0.211,0.099,0.481,0.07,0.151,0.197,0.131,0.676,0.469,0.645,-0.478,0.084,0.35,0.491,0.458,0.237,0.493,0.318,0.657,0.239,0.018,0.465,0.372,0.044,0.56,0.589,-0.105,0.313,0.487,0.11,0.336,-0.177,0.414,-0.301,0.685,0.562,0.07,0.435,0.323,-0.165,0.417,0.281,0.41,-0.11,0.297,0.305,0.209,-0.225,0.49,0.383,0.773,0.181,0.396,0.691,0.219,0.454,0.498,-0.01,0.378,0.223,0.098,0.669,0.506,-0.044,0.452,0.544,0.304,0.171,-0.061,0.232,0.806,0.395,0.51,-0.008,0.327,0.361,0.564,-0.151,-0.084,0.163,-0.092,0.244,0.273,0.236,-0.119,0.174,0.389,-0.167,0.509,0.712,0.255,0.311,-0.484,0.307,0.556,0.704,0.337,0.562,0.316,0.551,0.29,0.212,0.014,0.387,0.313,0.29,-0.035,0.592,0.568,0.406,0.59,0.247,-0.11,-0.179,-0.127,0.485,0.41,0.619,0.237,0.361,0.495,0.557,0.601,0.636,0.509,0.178,-0.024,0.34,0.68,0.251,-0.081,0.39,-0.199,0.058,0.456,0.56,0.364,0.278,0.33,0.324,0.276,0.105,-0.257,-0.014,0.285,0.216,0.486,0.375,-0.24,-0.228,0.06,0.153,0.561,-0.054,0.156,0.055,0.284,0.391
ALTR,0.42,0.829,-0.774,0.77,0.736,0.869,0.947,0.913,0.607,-0.574,0.503,0.389,0.0,0.896,0.102,0.92,0.356,0.945,0.024,-0.316,0.846,0.233,0.128,0.786,0.697,0.634,0.84,0.807,0.768,0.722,-0.128,0.813,-0.254,0.886,0.834,0.797,-0.094,0.77,-0.119,0.48,0.554,0.643,0.753,0.356,0.861,0.663,0.07,0.469,0.62,0.471,0.852,0.485,-0.451,-0.519,0.657,0.846,0.92,0.867,0.866,0.575,0.796,0.799,0.57,0.892,0.093,-0.316,0.738,0.849,-0.152,0.906,0.92,0.055,0.822,0.614,0.838,-0.631,0.787,0.732,-0.104,0.907,0.874,-0.501,0.896,0.653,0.665,0.189,0.89,0.862,0.499,0.081,0.9,0.827,0.736,0.737,0.827,0.112,-0.165,0.622,0.836,0.561,0.777,0.892,0.794,0.806,0.86,-0.39,0.756,0.868,0.762,0.799,0.436,0.692,0.697,0.904,0.879,0.402,0.666,0.752,0.688,0.247,-0.584,0.837,0.54,0.515,0.771,0.174,0.152,-0.429,0.929,0.463,0.876,0.343,0.871,0.689,-0.355,0.859,0.903,0.684,0.47,0.829,0.401,0.582,0.767,0.825,0.474,0.891,0.834,0.899,0.253,0.787,0.447,0.62,0.699,0.688,-0.483,-0.755,-0.236,0.909,0.891,0.369,0.026,0.784,0.775,0.775,-0.04,0.625,0.869,0.844,0.64,0.781,0.848,0.872,0.445,0.894,-0.711,0.021,0.902,0.726,0.906,0.42,0.789,0.88,0.674,0.802,0.09,0.255,0.904,0.863,0.528,0.139,0.396,0.195,0.779,0.699,0.475,0.295,0.767,0.286,0.153,0.894
AMBA,0.616,0.694,-0.657,0.798,0.749,0.761,0.919,0.905,0.606,-0.514,0.565,0.341,0.896,0.0,0.297,0.955,0.458,0.903,-0.004,-0.166,0.874,0.322,0.203,0.719,0.702,0.585,0.788,0.702,0.699,0.694,-0.116,0.795,-0.119,0.901,0.827,0.818,-0.07,0.777,-0.024,0.6,0.601,0.66,0.726,0.459,0.787,0.662,0.226,0.462,0.701,0.495,0.784,0.616,-0.441,-0.367,0.623,0.904,0.847,0.8,0.866,0.608,0.738,0.872,0.575,0.787,-0.013,-0.287,0.644,0.877,-0.109,0.869,0.937,0.189,0.802,0.532,0.871,-0.495,0.712,0.732,-0.124,0.911,0.828,-0.376,0.907,0.558,0.746,0.266,0.854,0.831,0.33,0.14,0.872,0.945,0.697,0.65,0.803,0.271,0.017,0.786,0.851,0.541,0.79,0.838,0.785,0.731,0.847,-0.37,0.66,0.85,0.803,0.796,0.493,0.626,0.696,0.851,0.905,0.427,0.711,0.668,0.768,0.103,-0.588,0.771,0.699,0.666,0.703,0.28,0.239,-0.391,0.897,0.545,0.883,0.424,0.837,0.605,-0.28,0.846,0.878,0.644,0.645,0.872,0.516,0.606,0.607,0.749,0.553,0.79,0.728,0.846,0.262,0.827,0.497,0.676,0.686,0.772,-0.373,-0.688,-0.047,0.916,0.917,0.227,-0.013,0.703,0.727,0.729,-0.055,0.582,0.818,0.736,0.659,0.877,0.794,0.812,0.465,0.822,-0.592,0.121,0.916,0.792,0.843,0.593,0.779,0.948,0.776,0.732,0.178,0.246,0.866,0.892,0.622,0.185,0.35,0.231,0.734,0.575,0.348,0.218,0.817,0.4,0.225,0.848
AMCX,0.456,-0.296,0.283,0.052,0.433,0.0,0.128,0.046,0.209,-0.123,0.663,0.264,0.102,0.297,0.0,0.167,0.433,0.202,-0.492,0.317,0.417,0.711,0.737,0.33,-0.229,0.254,0.168,0.02,-0.028,-0.321,-0.258,-0.026,0.462,0.343,0.233,-0.061,-0.502,-0.142,0.345,-0.117,0.121,0.388,0.164,-0.128,0.02,-0.26,0.837,-0.123,0.601,0.614,-0.148,0.492,-0.496,0.357,-0.274,0.35,-0.044,-0.208,0.388,0.028,0.105,0.215,-0.246,0.003,-0.568,-0.196,-0.258,0.321,-0.558,-0.083,0.306,0.134,0.053,-0.452,0.109,-0.055,0.002,0.239,-0.465,0.171,0.048,-0.033,0.363,0.193,0.633,-0.283,0.195,0.09,-0.462,-0.09,0.032,0.411,0.112,-0.288,0.309,0.638,0.867,0.457,0.472,-0.437,0.392,-0.041,-0.108,0.225,0.302,-0.261,-0.255,0.256,-0.042,0.173,-0.202,-0.194,0.21,-0.131,0.328,-0.285,0.143,0.319,0.425,-0.728,-0.129,-0.123,0.279,0.368,0.012,0.31,0.377,-0.061,0.1,-0.243,0.342,0.411,0.095,-0.055,-0.218,0.14,0.077,0.027,0.706,0.202,0.497,0.289,-0.163,-0.259,0.463,-0.167,-0.083,0.006,-0.496,0.346,0.165,0.05,0.206,-0.091,0.016,0.217,0.343,0.305,0.312,-0.357,-0.533,-0.074,-0.229,-0.09,0.081,0.247,0.357,-0.321,-0.111,0.529,0.183,-0.028,-0.524,0.244,-0.078,-0.064,0.182,0.509,0.059,0.791,0.342,0.264,0.001,-0.25,-0.135,-0.499,0.066,0.328,0.258,-0.125,-0.559,-0.572,0.051,-0.246,-0.383,-0.681,-0.101,0.571,0.064,0.179
AMKR,0.598,0.782,-0.726,0.833,0.687,0.823,0.949,0.942,0.591,-0.509,0.484,0.35,0.92,0.955,0.167,0.0,0.495,0.907,0.078,-0.18,0.828,0.277,0.078,0.673,0.8,0.629,0.783,0.74,0.762,0.794,-0.045,0.864,-0.158,0.881,0.839,0.862,-0.001,0.878,-0.138,0.632,0.521,0.608,0.742,0.532,0.818,0.734,0.07,0.528,0.622,0.408,0.876,0.581,-0.407,-0.413,0.723,0.926,0.887,0.871,0.799,0.591,0.761,0.917,0.616,0.821,0.134,-0.265,0.746,0.876,0.0,0.92,0.935,0.243,0.865,0.645,0.89,-0.527,0.759,0.739,-0.084,0.915,0.84,-0.437,0.895,0.536,0.662,0.36,0.868,0.866,0.503,0.213,0.924,0.918,0.739,0.738,0.798,0.21,-0.135,0.777,0.829,0.645,0.798,0.881,0.876,0.743,0.854,-0.389,0.765,0.843,0.858,0.805,0.549,0.719,0.732,0.897,0.895,0.471,0.78,0.615,0.734,0.235,-0.621,0.851,0.708,0.719,0.759,0.188,0.171,-0.329,0.93,0.634,0.847,0.367,0.853,0.678,-0.256,0.892,0.928,0.694,0.583,0.876,0.528,0.606,0.65,0.843,0.498,0.864,0.808,0.894,0.387,0.794,0.545,0.758,0.718,0.845,-0.443,-0.745,-0.13,0.922,0.944,0.345,0.09,0.771,0.818,0.796,-0.064,0.596,0.797,0.828,0.703,0.861,0.803,0.873,0.582,0.784,-0.612,0.14,0.92,0.755,0.834,0.464,0.768,0.953,0.838,0.838,0.22,0.389,0.919,0.897,0.634,0.246,0.412,0.337,0.765,0.634,0.451,0.356,0.88,0.304,0.265,0.859
AMRX,0.692,0.166,-0.086,0.311,0.241,0.188,0.366,0.46,0.123,0.046,0.205,-0.088,0.356,0.458,0.433,0.495,0.0,0.342,0.129,0.466,0.393,0.267,0.049,0.494,0.148,0.106,0.16,0.178,0.122,0.345,-0.015,0.225,0.304,0.359,0.193,0.481,0.204,0.359,0.0,0.392,0.124,0.281,0.171,0.452,0.124,0.162,0.226,0.356,0.469,0.219,0.235,0.214,-0.104,0.168,0.299,0.483,0.202,0.223,0.296,0.406,0.108,0.667,0.433,0.106,-0.293,0.039,0.038,0.304,0.046,0.345,0.348,0.435,0.223,0.295,0.46,0.061,0.008,0.058,-0.062,0.279,0.13,0.026,0.462,-0.007,0.304,0.461,0.364,0.269,0.118,0.15,0.319,0.539,0.15,0.301,0.218,0.187,0.291,0.534,0.335,0.275,0.333,0.266,0.548,0.133,0.335,-0.273,0.184,0.187,0.318,0.279,0.389,0.504,0.218,0.256,0.463,0.267,0.412,0.089,0.422,-0.109,-0.242,0.309,0.758,0.659,0.13,0.324,0.518,-0.124,0.328,0.492,0.247,0.151,0.247,0.207,0.216,0.363,0.239,0.203,0.371,0.242,0.692,0.299,0.046,0.272,0.667,0.166,0.172,0.268,0.182,0.219,0.219,0.275,0.353,0.417,0.002,-0.121,0.395,0.39,0.493,-0.275,-0.035,0.067,0.238,0.034,-0.044,-0.039,0.222,0.254,0.42,0.646,0.09,0.245,0.209,0.183,-0.075,0.38,0.472,0.256,0.234,0.503,0.253,0.489,0.439,0.283,0.394,0.32,0.35,0.598,0.293,0.193,-0.009,0.129,0.246,0.009,-0.333,0.13,0.423,0.222,0.407,0.287
ANSS,0.508,0.757,-0.68,0.803,0.758,0.831,0.947,0.868,0.642,-0.512,0.618,0.447,0.945,0.903,0.202,0.907,0.342,0.0,0.007,-0.241,0.902,0.396,0.285,0.792,0.674,0.633,0.845,0.825,0.727,0.669,-0.055,0.813,-0.156,0.907,0.831,0.746,-0.136,0.755,-0.027,0.466,0.657,0.653,0.771,0.343,0.831,0.676,0.209,0.414,0.662,0.544,0.797,0.599,-0.432,-0.411,0.592,0.864,0.911,0.838,0.897,0.6,0.76,0.813,0.55,0.858,0.098,-0.275,0.684,0.872,-0.181,0.867,0.931,0.081,0.819,0.503,0.837,-0.573,0.765,0.723,-0.096,0.889,0.866,-0.432,0.891,0.65,0.726,0.131,0.868,0.843,0.404,0.178,0.855,0.843,0.729,0.713,0.834,0.242,-0.026,0.641,0.865,0.513,0.828,0.846,0.759,0.779,0.899,-0.331,0.685,0.878,0.745,0.786,0.443,0.637,0.728,0.87,0.893,0.378,0.712,0.788,0.722,0.212,-0.57,0.83,0.574,0.589,0.75,0.26,0.282,-0.401,0.875,0.453,0.893,0.452,0.88,0.615,-0.356,0.841,0.877,0.662,0.546,0.833,0.478,0.613,0.76,0.747,0.524,0.867,0.78,0.836,0.225,0.805,0.492,0.646,0.782,0.668,-0.383,-0.629,-0.146,0.903,0.922,0.334,0.017,0.739,0.75,0.744,0.032,0.659,0.869,0.771,0.57,0.815,0.834,0.851,0.396,0.895,-0.636,0.014,0.897,0.75,0.886,0.562,0.801,0.901,0.654,0.765,0.084,0.173,0.877,0.852,0.599,0.131,0.416,0.172,0.758,0.641,0.433,0.211,0.729,0.365,0.204,0.887
APPN,0.128,0.169,0.053,-0.115,-0.536,-0.014,0.012,0.184,-0.542,0.6,-0.27,-0.029,0.024,-0.004,-0.492,0.078,0.129,0.007,0.0,0.417,-0.093,-0.221,-0.427,-0.083,0.329,-0.261,-0.341,0.257,0.134,0.425,0.714,-0.099,0.155,-0.173,-0.119,0.314,0.668,0.169,-0.384,0.403,0.359,-0.591,-0.422,0.698,-0.205,0.173,-0.469,0.404,-0.51,-0.14,0.152,-0.071,0.491,0.313,0.62,-0.053,0.109,0.073,-0.206,0.407,-0.11,0.298,0.731,-0.167,0.478,0.749,0.229,-0.163,0.722,0.146,-0.128,0.569,-0.188,0.297,0.247,0.551,-0.036,-0.379,0.815,-0.15,-0.219,0.483,-0.209,-0.597,-0.554,0.774,-0.231,-0.171,0.349,0.038,0.096,0.037,0.036,0.241,-0.438,-0.127,-0.288,0.011,-0.329,0.462,-0.252,-0.1,0.389,-0.271,-0.221,0.519,0.334,-0.284,0.265,-0.385,0.359,0.492,0.105,0.254,0.125,0.613,0.097,-0.479,0.139,0.329,0.395,0.049,0.315,0.235,-0.343,0.491,0.111,0.435,-0.079,0.489,-0.293,0.248,-0.232,0.009,0.504,-0.214,-0.006,0.198,-0.497,-0.107,0.264,0.053,-0.065,0.116,0.104,0.082,-0.189,-0.145,0.723,-0.266,0.178,-0.004,0.141,0.395,0.499,0.074,0.448,-0.111,-0.026,0.228,0.757,-0.24,0.339,-0.058,0.47,-0.352,-0.367,0.241,0.197,-0.121,-0.19,-0.108,0.557,-0.316,0.498,0.826,0.239,-0.417,-0.034,-0.129,-0.493,0.082,0.189,0.129,0.48,0.758,-0.13,-0.148,0.084,0.733,0.416,0.64,-0.324,-0.174,0.091,0.804,0.287,-0.562,0.782,-0.25
APTO,0.276,-0.422,0.636,-0.361,-0.488,-0.364,-0.248,-0.221,-0.564,0.732,0.08,0.034,-0.316,-0.166,0.317,-0.18,0.466,-0.241,0.417,0.0,-0.093,0.367,0.19,-0.181,-0.209,-0.268,-0.55,-0.113,-0.217,-0.26,0.414,-0.421,0.655,-0.211,-0.312,-0.123,0.161,-0.254,0.037,0.018,0.027,-0.475,-0.577,0.356,-0.511,-0.321,0.128,0.149,-0.22,0.135,-0.305,0.157,0.231,0.834,0.047,-0.059,-0.379,-0.425,-0.236,0.226,-0.284,0.119,0.131,-0.545,-0.122,0.653,-0.332,-0.183,0.339,-0.251,-0.299,0.513,-0.483,-0.4,0.029,0.666,-0.38,-0.49,0.371,-0.375,-0.564,0.632,-0.247,-0.623,-0.29,0.434,-0.413,-0.47,-0.155,-0.043,-0.267,-0.017,-0.156,-0.228,-0.496,0.455,0.523,0.204,-0.295,-0.103,-0.35,-0.521,-0.079,-0.382,-0.276,0.376,-0.221,-0.372,-0.146,-0.514,0.065,0.143,-0.031,-0.255,-0.063,0.119,0.006,-0.527,0.126,-0.334,0.489,-0.364,0.325,0.31,-0.594,0.546,0.373,0.473,-0.412,0.107,-0.386,0.299,-0.503,-0.301,0.427,-0.386,-0.339,-0.093,-0.06,-0.249,0.495,0.123,-0.539,-0.391,0.311,-0.445,-0.532,-0.514,0.023,-0.3,0.15,-0.126,-0.007,-0.005,0.589,0.504,0.747,-0.285,-0.183,-0.317,0.33,-0.583,-0.165,-0.403,0.483,-0.365,-0.416,-0.371,-0.13,-0.016,-0.393,-0.523,-0.092,-0.473,0.658,0.627,-0.046,-0.234,-0.425,0.31,-0.459,-0.153,-0.035,-0.401,0.265,0.21,-0.426,-0.154,0.021,0.456,-0.325,-0.037,-0.576,-0.683,-0.501,0.049,-0.155,-0.115,0.645,-0.451
ARCT,0.543,0.576,-0.534,0.676,0.762,0.726,0.861,0.779,0.569,-0.432,0.757,0.557,0.846,0.874,0.417,0.828,0.393,0.902,-0.093,-0.093,0.0,0.578,0.458,0.745,0.586,0.695,0.721,0.791,0.691,0.486,-0.012,0.704,-0.033,0.896,0.8,0.628,-0.293,0.624,0.029,0.376,0.632,0.63,0.658,0.309,0.771,0.499,0.37,0.412,0.703,0.657,0.672,0.674,-0.517,-0.246,0.468,0.845,0.782,0.688,0.884,0.6,0.73,0.752,0.417,0.752,-0.012,-0.249,0.577,0.881,-0.264,0.734,0.879,0.163,0.703,0.335,0.808,-0.517,0.704,0.692,-0.166,0.825,0.77,-0.354,0.894,0.6,0.801,0.086,0.765,0.738,0.274,0.06,0.798,0.868,0.741,0.604,0.786,0.457,0.216,0.689,0.86,0.309,0.786,0.738,0.619,0.777,0.893,-0.327,0.574,0.824,0.666,0.718,0.314,0.511,0.756,0.761,0.863,0.256,0.611,0.706,0.828,-0.053,-0.521,0.689,0.542,0.604,0.629,0.311,0.297,-0.297,0.8,0.335,0.874,0.587,0.772,0.565,-0.378,0.769,0.793,0.678,0.645,0.814,0.578,0.646,0.577,0.592,0.549,0.707,0.641,0.737,0.073,0.807,0.596,0.582,0.806,0.602,-0.293,-0.492,-0.038,0.889,0.864,0.29,-0.046,0.626,0.675,0.662,0.129,0.617,0.846,0.589,0.457,0.854,0.81,0.714,0.255,0.827,-0.543,0.069,0.845,0.801,0.771,0.701,0.767,0.84,0.588,0.57,0.027,0.08,0.762,0.814,0.678,0.166,0.164,-0.049,0.618,0.466,0.344,0.007,0.609,0.434,0.203,0.83
ARWR,0.295,-0.017,0.166,0.128,0.326,0.279,0.332,0.117,0.165,-0.01,0.806,0.677,0.233,0.322,0.711,0.277,0.267,0.396,-0.221,0.367,0.578,0.0,0.816,0.279,0.104,0.513,0.25,0.438,0.313,-0.171,0.122,0.172,0.469,0.488,0.427,-0.006,-0.569,0.072,0.12,-0.137,0.309,0.249,0.211,-0.005,0.218,-0.096,0.579,0.112,0.391,0.703,0.156,0.724,-0.52,0.357,0.048,0.512,0.193,0.01,0.457,0.259,0.395,0.307,-0.118,0.189,-0.086,0.023,0.111,0.506,-0.333,0.122,0.414,0.09,0.217,-0.415,0.278,-0.153,0.299,0.345,-0.203,0.267,0.164,-0.055,0.387,0.24,0.55,-0.204,0.267,0.161,-0.106,-0.03,0.218,0.418,0.436,0.036,0.369,0.824,0.688,0.532,0.533,-0.22,0.407,0.055,0.017,0.429,0.512,-0.022,0.089,0.435,0.082,0.141,-0.155,0.083,0.579,0.11,0.427,-0.198,0.364,0.355,0.493,-0.434,-0.113,0.071,0.166,0.457,0.153,0.298,0.34,0.103,0.198,-0.127,0.419,0.604,0.193,0.074,-0.356,0.243,0.298,0.348,0.58,0.367,0.597,0.479,0.055,-0.051,0.436,0.126,0.1,0.097,-0.327,0.424,0.479,0.296,0.544,0.094,0.001,0.147,0.168,0.382,0.424,0.111,-0.065,0.095,0.175,0.207,0.431,0.445,0.45,-0.079,-0.044,0.521,0.424,0.093,-0.301,0.318,-0.066,0.007,0.319,0.558,0.145,0.657,0.361,0.309,0.159,-0.043,-0.24,-0.258,0.184,0.342,0.43,0.119,-0.369,-0.457,0.034,-0.133,0.01,-0.382,-0.0,0.357,0.302,0.308
ASND,0.141,-0.132,0.248,0.061,0.401,0.157,0.173,-0.062,0.234,-0.085,0.828,0.604,0.128,0.203,0.737,0.078,0.049,0.285,-0.427,0.19,0.458,0.816,0.0,0.267,-0.118,0.389,0.257,0.282,0.157,-0.361,-0.048,0.072,0.386,0.361,0.354,-0.157,-0.661,-0.141,0.327,-0.293,0.321,0.293,0.207,-0.281,0.18,-0.176,0.683,-0.218,0.448,0.731,-0.043,0.568,-0.46,0.284,-0.238,0.26,0.106,-0.104,0.474,0.11,0.275,0.029,-0.304,0.17,-0.229,-0.117,-0.056,0.396,-0.535,-0.036,0.296,-0.086,0.085,-0.556,0.102,-0.165,0.226,0.327,-0.27,0.204,0.137,-0.012,0.309,0.361,0.591,-0.485,0.156,0.123,-0.353,-0.095,0.059,0.248,0.313,-0.169,0.348,0.723,0.747,0.279,0.449,-0.404,0.351,-0.042,-0.217,0.382,0.368,-0.025,-0.147,0.362,-0.054,0.121,-0.226,-0.179,0.395,-0.039,0.292,-0.322,0.114,0.466,0.376,-0.476,-0.075,-0.08,-0.059,0.173,0.105,0.285,0.266,-0.015,0.088,-0.402,0.403,0.56,0.153,-0.086,-0.378,0.122,0.14,0.233,0.527,0.284,0.292,0.386,0.114,-0.205,0.221,-0.014,0.005,0.008,-0.486,0.433,0.23,0.147,0.379,-0.165,0.051,0.218,0.138,0.276,0.252,-0.006,-0.289,0.038,-0.061,0.09,0.362,0.427,0.415,-0.244,-0.267,0.332,0.34,0.017,-0.523,0.345,-0.098,-0.211,0.171,0.502,0.15,0.618,0.356,0.166,-0.075,-0.217,-0.299,-0.536,0.051,0.193,0.286,-0.077,-0.449,-0.585,0.03,-0.11,-0.049,-0.635,-0.203,0.423,0.034,0.238
ASTH,0.436,0.578,-0.484,0.553,0.701,0.616,0.709,0.699,0.5,-0.383,0.543,0.193,0.786,0.719,0.33,0.673,0.494,0.792,-0.083,-0.181,0.745,0.279,0.267,0.0,0.271,0.421,0.695,0.62,0.434,0.498,-0.172,0.517,-0.145,0.737,0.589,0.632,-0.065,0.459,0.151,0.332,0.574,0.63,0.583,0.191,0.581,0.372,0.318,0.22,0.736,0.538,0.497,0.303,-0.359,-0.319,0.368,0.635,0.681,0.563,0.836,0.563,0.513,0.631,0.478,0.658,-0.241,-0.319,0.351,0.58,-0.335,0.65,0.726,-0.027,0.529,0.385,0.611,-0.392,0.446,0.469,-0.126,0.682,0.639,-0.271,0.777,0.55,0.674,0.051,0.758,0.646,0.095,-0.011,0.607,0.699,0.469,0.525,0.664,0.07,0.168,0.434,0.698,0.304,0.669,0.649,0.583,0.592,0.675,-0.43,0.419,0.634,0.49,0.617,0.335,0.494,0.49,0.608,0.756,0.319,0.44,0.729,0.56,0.043,-0.434,0.567,0.5,0.375,0.506,0.38,0.454,-0.526,0.701,0.238,0.721,0.341,0.685,0.375,-0.213,0.631,0.581,0.454,0.434,0.566,0.432,0.424,0.635,0.516,0.625,0.604,0.524,0.639,0.044,0.651,0.18,0.329,0.576,0.356,-0.226,-0.425,0.014,0.715,0.71,0.005,-0.212,0.472,0.442,0.38,-0.028,0.401,0.712,0.552,0.496,0.737,0.591,0.619,0.103,0.793,-0.54,0.001,0.746,0.554,0.804,0.58,0.65,0.724,0.389,0.502,0.136,0.014,0.663,0.774,0.326,-0.019,0.212,-0.024,0.632,0.469,0.042,0.045,0.498,0.34,0.125,0.72
ATSG,0.296,0.76,-0.683,0.666,0.351,0.753,0.773,0.774,0.345,-0.317,0.283,0.451,0.697,0.702,-0.229,0.8,0.148,0.674,0.329,-0.209,0.586,0.104,-0.118,0.271,0.0,0.598,0.543,0.725,0.835,0.771,0.295,0.808,-0.243,0.624,0.73,0.75,0.073,0.845,-0.367,0.581,0.488,0.223,0.501,0.599,0.743,0.731,-0.291,0.596,0.169,0.194,0.887,0.481,-0.197,-0.361,0.812,0.72,0.809,0.811,0.501,0.517,0.707,0.706,0.591,0.718,0.584,-0.013,0.912,0.721,0.35,0.815,0.698,0.298,0.747,0.649,0.772,-0.391,0.804,0.64,0.224,0.74,0.676,-0.33,0.589,0.305,0.317,0.471,0.588,0.674,0.647,0.192,0.837,0.64,0.761,0.681,0.536,0.173,-0.431,0.619,0.55,0.689,0.52,0.727,0.752,0.64,0.627,-0.157,0.854,0.657,0.852,0.554,0.527,0.667,0.739,0.865,0.668,0.509,0.669,0.302,0.6,0.414,-0.424,0.743,0.415,0.573,0.624,0.066,-0.171,-0.021,0.763,0.634,0.605,0.346,0.631,0.66,-0.188,0.688,0.842,0.781,0.292,0.782,0.335,0.488,0.541,0.821,0.127,0.82,0.714,0.737,0.616,0.622,0.636,0.731,0.661,0.89,-0.333,-0.71,-0.256,0.708,0.691,0.71,0.486,0.736,0.909,0.85,0.125,0.571,0.53,0.805,0.579,0.517,0.708,0.731,0.776,0.5,-0.4,0.251,0.75,0.555,0.633,0.074,0.479,0.703,0.798,0.774,0.205,0.608,0.724,0.546,0.61,0.473,0.495,0.532,0.502,0.587,0.77,0.608,0.835,0.015,0.307,0.615
AVTX,0.112,0.568,-0.55,0.454,0.614,0.761,0.691,0.545,0.435,-0.53,0.666,0.722,0.634,0.585,0.254,0.629,0.106,0.633,-0.261,-0.268,0.695,0.513,0.389,0.421,0.598,0.0,0.626,0.703,0.821,0.33,0.037,0.683,-0.226,0.728,0.831,0.395,-0.568,0.534,-0.151,0.065,0.307,0.463,0.572,0.081,0.79,0.304,0.11,0.334,0.45,0.51,0.691,0.586,-0.638,-0.355,0.386,0.724,0.687,0.566,0.652,0.273,0.801,0.445,0.022,0.749,0.328,-0.348,0.711,0.757,-0.242,0.59,0.733,-0.033,0.663,0.202,0.581,-0.665,0.839,0.795,-0.249,0.708,0.652,-0.555,0.708,0.593,0.655,-0.077,0.665,0.605,0.385,-0.099,0.738,0.589,0.829,0.401,0.726,0.422,0.003,0.528,0.731,0.104,0.595,0.625,0.371,0.891,0.773,-0.383,0.659,0.765,0.502,0.592,0.067,0.325,0.798,0.597,0.643,-0.037,0.425,0.588,0.637,-0.067,-0.556,0.497,0.117,0.318,0.644,-0.042,-0.13,-0.102,0.709,0.051,0.768,0.427,0.596,0.598,-0.615,0.684,0.765,0.796,0.556,0.768,0.252,0.473,0.495,0.567,0.117,0.649,0.664,0.679,0.033,0.768,0.597,0.565,0.634,0.417,-0.526,-0.557,-0.434,0.739,0.66,0.656,-0.004,0.733,0.613,0.757,0.18,0.749,0.767,0.467,0.199,0.597,0.835,0.618,0.118,0.655,-0.619,-0.192,0.561,0.809,0.605,0.262,0.689,0.569,0.451,0.45,-0.272,-0.027,0.644,0.525,0.514,0.19,-0.115,-0.17,0.478,0.479,0.67,-0.021,0.44,0.183,0.005,0.721
BCPC,0.287,0.746,-0.737,0.824,0.89,0.814,0.857,0.725,0.859,-0.79,0.51,0.327,0.84,0.788,0.168,0.783,0.16,0.845,-0.341,-0.55,0.721,0.25,0.257,0.695,0.543,0.626,0.0,0.592,0.599,0.564,-0.38,0.842,-0.367,0.853,0.803,0.633,-0.255,0.702,0.118,0.368,0.403,0.839,0.932,0.044,0.866,0.628,0.189,0.154,0.766,0.445,0.736,0.416,-0.516,-0.667,0.345,0.744,0.815,0.793,0.854,0.319,0.735,0.559,0.234,0.915,0.014,-0.657,0.608,0.811,-0.391,0.778,0.882,-0.286,0.896,0.493,0.578,-0.777,0.722,0.843,-0.349,0.9,0.922,-0.634,0.831,0.872,0.82,-0.188,0.909,0.914,0.263,0.208,0.731,0.675,0.608,0.597,0.943,0.072,-0.144,0.514,0.865,0.407,0.833,0.876,0.54,0.797,0.837,-0.534,0.526,0.901,0.616,0.907,0.337,0.385,0.604,0.715,0.688,0.163,0.607,0.9,0.449,0.258,-0.724,0.79,0.278,0.344,0.907,-0.115,0.119,-0.604,0.888,0.277,0.909,0.145,0.942,0.549,-0.478,0.888,0.823,0.489,0.619,0.799,0.153,0.467,0.819,0.735,0.279,0.836,0.875,0.894,0.019,0.839,0.263,0.65,0.562,0.48,-0.629,-0.728,-0.462,0.833,0.784,0.269,-0.249,0.862,0.58,0.761,-0.318,0.743,0.898,0.724,0.565,0.691,0.834,0.902,0.263,0.938,-0.825,-0.401,0.694,0.785,0.845,0.327,0.934,0.764,0.582,0.763,-0.027,-0.041,0.893,0.811,0.425,-0.254,0.35,0.048,0.904,0.806,0.457,0.002,0.617,0.498,-0.217,0.899
BEAM,0.211,0.769,-0.564,0.512,0.448,0.844,0.812,0.709,0.29,-0.251,0.624,0.71,0.807,0.702,0.02,0.74,0.178,0.825,0.257,-0.113,0.791,0.438,0.282,0.62,0.725,0.703,0.592,0.0,0.872,0.586,0.29,0.667,-0.069,0.76,0.803,0.617,-0.194,0.621,-0.213,0.265,0.709,0.298,0.485,0.386,0.743,0.471,-0.051,0.523,0.303,0.559,0.808,0.585,-0.404,-0.251,0.741,0.738,0.859,0.689,0.741,0.647,0.797,0.654,0.555,0.764,0.392,0.03,0.808,0.736,0.016,0.765,0.765,0.155,0.627,0.349,0.783,-0.429,0.822,0.608,0.163,0.719,0.658,-0.28,0.712,0.436,0.456,0.238,0.662,0.609,0.51,-0.075,0.817,0.677,0.844,0.638,0.611,0.317,-0.083,0.535,0.665,0.442,0.574,0.643,0.648,0.789,0.766,-0.1,0.831,0.739,0.644,0.464,0.288,0.681,0.839,0.814,0.832,0.368,0.559,0.562,0.724,0.207,-0.314,0.608,0.341,0.441,0.553,0.365,0.103,-0.104,0.732,0.294,0.711,0.638,0.621,0.578,-0.363,0.637,0.808,0.867,0.263,0.751,0.443,0.588,0.664,0.669,0.348,0.8,0.636,0.661,0.336,0.689,0.592,0.547,0.784,0.601,-0.228,-0.532,-0.155,0.76,0.749,0.631,0.33,0.616,0.82,0.725,0.453,0.59,0.707,0.678,0.383,0.607,0.811,0.637,0.362,0.682,-0.442,0.221,0.829,0.593,0.768,0.35,0.534,0.694,0.532,0.588,-0.026,0.312,0.671,0.59,0.556,0.44,0.251,0.147,0.442,0.469,0.605,0.392,0.591,-0.004,0.432,0.712
BILI,0.138,0.769,-0.668,0.521,0.462,0.892,0.799,0.736,0.317,-0.43,0.51,0.69,0.768,0.699,-0.028,0.762,0.122,0.727,0.134,-0.217,0.691,0.313,0.157,0.434,0.835,0.821,0.599,0.872,0.0,0.587,0.192,0.745,-0.253,0.745,0.885,0.626,-0.315,0.672,-0.335,0.241,0.474,0.294,0.498,0.365,0.84,0.474,-0.185,0.576,0.246,0.451,0.898,0.567,-0.501,-0.368,0.73,0.78,0.866,0.731,0.653,0.488,0.864,0.602,0.387,0.816,0.487,-0.082,0.915,0.773,0.054,0.776,0.78,0.105,0.694,0.421,0.773,-0.566,0.949,0.746,0.03,0.777,0.695,-0.495,0.706,0.45,0.452,0.244,0.691,0.645,0.633,-0.152,0.899,0.645,0.894,0.574,0.64,0.279,-0.255,0.591,0.685,0.412,0.534,0.709,0.623,0.883,0.769,-0.248,0.911,0.761,0.681,0.549,0.269,0.646,0.839,0.83,0.782,0.269,0.53,0.492,0.692,0.161,-0.442,0.613,0.276,0.401,0.625,0.118,-0.225,-0.089,0.792,0.285,0.745,0.469,0.605,0.718,-0.505,0.698,0.88,0.928,0.331,0.832,0.313,0.547,0.585,0.749,0.169,0.811,0.72,0.76,0.363,0.726,0.676,0.634,0.654,0.678,-0.473,-0.729,-0.355,0.791,0.729,0.764,0.307,0.764,0.828,0.862,0.314,0.706,0.727,0.709,0.372,0.56,0.868,0.671,0.431,0.648,-0.577,0.086,0.753,0.695,0.694,0.169,0.569,0.65,0.617,0.594,-0.1,0.323,0.709,0.553,0.563,0.453,0.146,0.146,0.46,0.523,0.781,0.409,0.629,0.013,0.261,0.725
BJRI,0.453,0.814,-0.744,0.693,0.391,0.667,0.722,0.842,0.365,-0.332,0.026,0.046,0.722,0.694,-0.321,0.794,0.345,0.669,0.425,-0.26,0.486,-0.171,-0.361,0.498,0.771,0.33,0.564,0.586,0.587,0.0,0.163,0.727,-0.389,0.56,0.579,0.871,0.458,0.864,-0.227,0.763,0.439,0.323,0.537,0.673,0.621,0.764,-0.296,0.457,0.294,0.033,0.791,0.189,-0.016,-0.496,0.781,0.588,0.787,0.827,0.472,0.479,0.478,0.747,0.777,0.662,0.397,-0.129,0.701,0.522,0.3,0.814,0.654,0.273,0.705,0.883,0.698,-0.293,0.552,0.438,0.25,0.675,0.682,-0.289,0.584,0.276,0.241,0.566,0.642,0.734,0.581,0.304,0.765,0.631,0.467,0.754,0.488,-0.248,-0.535,0.408,0.453,0.802,0.558,0.794,0.899,0.436,0.533,-0.185,0.758,0.49,0.807,0.59,0.668,0.7,0.498,0.815,0.651,0.653,0.572,0.314,0.464,0.559,-0.526,0.799,0.595,0.523,0.587,0.095,0.106,-0.213,0.769,0.777,0.529,0.131,0.678,0.598,0.091,0.689,0.711,0.541,0.151,0.595,0.288,0.288,0.62,0.844,0.24,0.816,0.671,0.765,0.752,0.467,0.37,0.638,0.506,0.82,-0.295,-0.694,-0.138,0.642,0.69,0.394,0.277,0.638,0.777,0.619,-0.143,0.29,0.442,0.873,0.713,0.544,0.51,0.789,0.818,0.503,-0.404,0.266,0.742,0.327,0.68,0.063,0.445,0.762,0.747,0.87,0.469,0.678,0.735,0.629,0.437,0.313,0.698,0.682,0.645,0.658,0.473,0.715,0.872,-0.088,0.307,0.627
BLUE,0.089,-0.044,0.256,-0.167,-0.453,-0.076,-0.093,-0.043,-0.519,0.653,0.089,0.307,-0.128,-0.116,-0.258,-0.045,-0.015,-0.055,0.714,0.414,-0.012,0.122,-0.048,-0.172,0.295,0.037,-0.38,0.29,0.192,0.163,0.0,-0.088,0.168,-0.195,-0.019,0.096,0.307,0.086,-0.236,0.194,0.417,-0.626,-0.442,0.535,-0.171,0.056,-0.199,0.15,-0.416,0.08,0.033,0.133,0.459,0.522,0.343,-0.073,0.039,-0.048,-0.191,0.333,-0.131,0.134,0.364,-0.172,0.642,0.717,0.233,-0.095,0.606,-0.041,-0.163,0.587,-0.23,0.011,0.17,0.546,0.042,-0.279,0.748,-0.179,-0.25,0.528,-0.25,-0.507,-0.353,0.503,-0.354,-0.219,0.086,0.109,0.04,-0.003,0.161,0.073,-0.415,0.266,-0.025,-0.009,-0.265,0.132,-0.215,-0.218,0.136,-0.146,-0.191,0.52,0.203,-0.276,0.229,-0.423,0.241,0.189,0.288,0.094,0.051,0.414,0.034,-0.454,0.278,0.096,0.338,-0.055,0.106,0.252,-0.388,0.474,0.052,0.705,-0.163,0.25,-0.233,0.554,-0.274,-0.101,0.36,-0.28,-0.054,0.365,-0.258,-0.053,0.228,0.044,-0.143,-0.063,-0.067,-0.039,-0.293,-0.252,0.588,-0.127,0.407,0.015,0.368,0.262,0.627,0.297,0.432,-0.1,-0.063,0.442,0.742,-0.247,0.277,-0.036,0.698,-0.149,-0.357,-0.029,-0.071,-0.113,-0.14,-0.17,0.324,-0.369,0.599,0.654,0.12,-0.241,-0.134,-0.005,-0.443,0.02,0.048,-0.052,0.382,0.51,-0.263,-0.303,0.236,0.803,0.163,0.405,-0.446,-0.265,0.241,0.455,0.115,-0.476,0.675,-0.293
