,AAL,AAON,ACB,ACGL,ACGLO,ACIW,ADBE,ADSK,AEP,AGIO,ALEC,ALNY,ALTR,AMBA,AMCX,AMKR,AMRX,ANSS,APPN,APTO,ARCT,ARWR,ASND,ASTH,ATSG,AVTX,BCPC,BEAM,BILI,BJRI,BLUE,BPOP,BRKL,BWIN,BZUN,CARG,CBRL,CBSH,CBUS,CENTA,CERS,CFFN,CHCO,CHEF,CHRD,CINF,CLLS,CMCO,CMCSA,COLL,COMM,COOP,CPB,CRON,CROX,CRUS,CRWD,CTAS,CYBR,CYTK,DGII,DIOD,DOMO,DPZ,DSGR,DXCM,ERIE,ESTA,EXEL,FAST,FCEL,FCFS,FHB,FITBI,FSV,FTDR,FUTU,GLDD,GLPG,GLPI,GOGO,GOSS,GSAT,GYRE,HALO,HAS,HLIT,HLNE,HSDT,HSIC,HTHT,ICHR,IDYA,IMVT,INDB,INSM,IONS,IOSP,ITRI,JBHT,JBLU,JSM,KLIC,KOD,KURA,LAB,LASR,LIN,LKQ,LNT,MBUU,MCRI,MDGL,MEDP,MGNI,MGPI,MGRC,MKTX,MRNA,MRTN,MSEX,MSFT,MU,NAVI,NBTB,NEO,NEOG,NGNE,NSSC,NTAP,NTES,NTLA,NTRS,NYMTN,OBLG,OCFC,ON,ONC,OPI,OSIS,OSW,PALI,PANW,PCAR,PCRX,PCTY,PEBO,PLAB,PLAY,PLMR,PLSE,PLUS,PRTA,PSEC,PSNL,PTCT,PTON,QNST,QRVO,QTTB,RARE,RBCAA,RGNX,SAIC,SGMO,SINT,SNPS,SPSC,SPTN,SSYS,STNE,TBBK,TCPC,TENB,TGTX,TREE,TRUP,TTWO,TW,TXG,UBSI,UCTT,UFPT,UMBF,UPBD,URBN,VBTX,VCTR,VEON,VNET,VRSK,VSEC,WABC,WTFCM,WVE,WW,WWD,XEL,ZD,ZYME
AAL,0.0,0.525,0.375,0.825,0.033,0.156,0.125,0.56,0.458,0.397,0.069,0.622,0.24,0.3,0.055,0.143,0.432,0.54,0.684,0.046,0.755,0.078,0.485,0.213,-0.043,-0.03,0.276,0.707,-0.154,0.813,0.371,0.865,0.403,0.44,-0.103,0.05,0.609,0.811,0.555,0.12,0.383,0.415,0.437,0.831,0.364,0.801,0.378,0.302,0.045,0.304,0.112,0.678,-0.191,0.743,0.912,0.285,0.499,0.531,0.68,0.37,0.737,0.279,0.628,0.124,0.049,0.846,0.42,0.484,0.155,0.102,0.514,0.61,0.655,0.755,0.537,0.403,-0.062,0.603,0.297,0.685,0.047,0.308,-0.351,0.122,0.639,0.491,0.163,0.829,0.393,0.483,0.359,0.238,0.222,0.114,0.319,0.405,0.595,0.157,0.779,0.397,0.882,0.291,0.355,0.127,0.232,0.14,0.146,0.772,0.122,0.47,0.056,0.536,0.084,0.722,0.475,0.716,0.561,0.504,0.439,0.163,0.378,0.225,0.167,0.116,0.326,0.589,-0.018,0.358,-0.028,0.277,0.129,0.716,0.747,0.07,0.053,0.543,0.647,0.212,0.491,0.182,0.666,0.257,0.378,0.401,0.743,0.793,0.185,0.293,-0.107,0.159,0.454,0.157,0.505,0.478,0.69,0.663,0.499,0.119,0.347,0.114,0.286,0.061,0.144,0.568,0.545,0.179,0.164,0.724,0.41,0.176,0.295,0.298,0.115,0.617,0.508,0.759,0.496,0.712,0.117,0.644,0.337,0.333,0.513,0.497,0.413,0.803,0.228,0.867,0.178,0.02,0.464,0.169,0.2,-0.354,0.42,0.593,0.534,0.499,0.387,-0.177
AAON,0.525,0.0,0.735,0.575,0.699,0.778,0.442,0.704,0.329,-0.31,0.628,0.506,0.688,0.762,0.73,0.755,0.76,0.741,0.712,0.545,0.626,0.616,-0.184,0.691,0.562,0.108,0.684,0.711,0.544,0.336,-0.176,0.623,0.685,0.624,0.577,0.47,0.855,0.559,0.211,0.77,0.802,0.833,0.338,0.404,0.671,0.725,0.397,0.792,0.699,0.589,-0.425,0.595,0.53,0.751,0.604,0.751,0.792,0.541,0.312,0.172,0.352,0.792,0.726,0.687,0.688,0.202,-0.326,0.598,0.677,0.589,0.772,0.265,0.653,0.226,0.702,0.653,0.431,0.772,0.684,0.742,0.716,0.318,0.038,0.066,0.573,0.703,0.054,0.671,0.529,0.724,0.841,0.797,-0.1,0.717,0.646,0.708,-0.018,0.793,0.575,0.872,0.728,-0.057,0.754,0.762,0.35,0.456,0.625,0.787,0.624,0.551,0.707,0.908,0.539,0.634,0.852,0.352,0.346,0.281,0.522,0.736,0.622,0.695,0.649,0.733,0.508,0.714,0.635,0.682,-0.602,0.713,0.622,0.353,0.572,0.774,0.48,0.525,0.835,0.669,0.765,0.817,0.332,0.619,0.74,0.828,0.503,0.187,0.686,0.774,0.444,-0.556,-0.203,0.73,0.334,0.807,0.651,0.102,0.819,0.804,0.776,0.701,0.748,0.74,0.733,0.191,0.513,0.675,0.723,0.719,0.547,0.709,0.611,0.664,0.626,0.699,0.718,0.672,0.709,0.545,0.653,0.81,0.686,0.811,0.797,0.776,0.798,0.416,0.796,0.611,0.693,-0.096,0.664,0.792,0.768,0.224,0.06,0.768,0.762,0.362,0.821,0.596
ACB,0.375,0.735,0.0,0.579,0.761,0.853,0.719,0.755,0.556,-0.206,0.684,0.403,0.801,0.681,0.824,0.778,0.681,0.816,0.544,0.793,0.513,0.772,-0.367,0.653,0.735,0.402,0.77,0.712,0.652,0.192,-0.011,0.478,0.299,0.806,0.781,0.744,0.761,0.214,0.314,0.674,0.861,0.584,-0.148,0.121,0.606,0.777,0.807,0.847,0.808,0.704,-0.191,0.38,0.419,0.726,0.429,0.426,0.834,0.543,-0.015,0.319,0.246,0.749,0.673,0.785,0.789,0.212,-0.457,0.758,0.792,0.636,0.776,-0.151,0.255,0.206,0.841,0.724,0.768,0.861,0.878,0.672,0.687,0.572,0.264,0.116,0.607,0.847,-0.381,0.528,0.789,0.917,0.721,0.775,-0.363,0.587,0.204,0.745,-0.108,0.597,0.658,0.783,0.676,0.12,0.707,0.812,0.661,0.638,0.773,0.727,0.752,0.602,0.76,0.849,0.675,0.347,0.867,0.497,0.003,0.611,0.774,0.448,0.805,0.81,0.825,0.628,0.006,0.801,0.769,0.885,-0.49,0.854,0.832,0.276,0.672,0.692,0.796,0.069,0.629,0.816,0.776,0.736,0.042,0.816,0.898,0.689,0.265,0.066,0.428,0.609,0.587,-0.587,-0.261,0.781,-0.078,0.788,0.597,0.081,0.78,0.754,0.759,0.728,0.836,0.604,0.835,0.207,0.676,0.61,0.782,0.447,0.377,0.849,0.265,0.518,0.838,0.787,0.745,0.75,0.749,0.657,0.845,0.801,0.268,0.797,0.765,0.377,0.878,0.201,0.585,0.636,0.836,-0.382,0.767,0.743,0.558,0.375,-0.319,0.877,0.875,0.549,0.795,0.456
ACGL,0.825,0.575,0.579,0.0,0.224,0.308,0.191,0.554,0.442,0.374,0.145,0.502,0.269,0.274,0.196,0.181,0.447,0.51,0.632,0.276,0.814,0.182,0.362,0.219,0.088,0.002,0.295,0.703,-0.037,0.776,0.342,0.835,0.25,0.432,0.088,0.126,0.57,0.623,0.686,0.119,0.44,0.311,0.245,0.666,0.505,0.838,0.542,0.352,0.214,0.637,0.096,0.674,-0.207,0.726,0.74,0.188,0.516,0.358,0.518,0.525,0.654,0.255,0.583,0.182,0.179,0.735,0.247,0.501,0.24,0.064,0.58,0.36,0.471,0.742,0.554,0.361,0.171,0.726,0.458,0.6,0.117,0.449,-0.208,0.206,0.791,0.559,0.003,0.709,0.482,0.574,0.462,0.271,0.245,0.133,0.211,0.472,0.547,0.146,0.787,0.447,0.8,0.277,0.278,0.233,0.345,0.221,0.147,0.73,0.174,0.416,0.18,0.569,0.387,0.456,0.499,0.692,0.447,0.642,0.528,0.211,0.603,0.254,0.247,0.114,0.199,0.589,0.08,0.501,-0.158,0.377,0.294,0.746,0.659,0.194,0.219,0.44,0.529,0.289,0.444,0.329,0.606,0.459,0.455,0.339,0.569,0.641,0.08,0.284,-0.019,0.033,0.264,0.177,0.324,0.506,0.769,0.587,0.655,0.251,0.306,0.164,0.327,0.09,0.253,0.563,0.572,0.221,0.191,0.566,0.163,0.259,0.211,0.207,0.221,0.614,0.646,0.693,0.399,0.843,0.244,0.597,0.265,0.339,0.456,0.379,0.458,0.484,0.323,0.803,0.393,0.13,0.45,0.208,0.116,-0.21,0.246,0.692,0.561,0.475,0.388,-0.023
ACGLO,0.033,0.699,0.761,0.224,0.0,0.891,0.541,0.515,0.174,-0.639,0.723,0.129,0.741,0.816,0.874,0.836,0.701,0.589,0.435,0.701,0.245,0.681,-0.557,0.7,0.77,0.281,0.697,0.496,0.775,-0.078,-0.436,0.213,0.389,0.589,0.814,0.619,0.596,0.03,0.103,0.812,0.765,0.653,-0.096,-0.14,0.586,0.472,0.413,0.785,0.825,0.628,-0.598,0.321,0.734,0.483,0.083,0.648,0.73,0.273,-0.113,-0.059,-0.046,0.786,0.508,0.812,0.838,-0.224,-0.747,0.514,0.718,0.581,0.713,-0.309,0.179,-0.15,0.611,0.504,0.619,0.691,0.717,0.497,0.845,0.241,0.417,-0.047,0.405,0.599,-0.249,0.222,0.556,0.668,0.799,0.854,-0.38,0.787,0.374,0.505,-0.448,0.769,0.298,0.796,0.358,-0.086,0.691,0.835,0.384,0.453,0.738,0.476,0.644,0.309,0.888,0.747,0.584,0.171,0.789,0.159,-0.195,0.209,0.516,0.747,0.701,0.735,0.721,0.757,0.148,0.565,0.853,0.677,-0.723,0.756,0.722,-0.03,0.245,0.828,0.739,0.135,0.515,0.71,0.64,0.876,-0.056,0.814,0.716,0.65,0.052,-0.274,0.438,0.757,0.664,-0.841,-0.54,0.81,-0.091,0.682,0.468,-0.317,0.663,0.861,0.706,0.817,0.757,0.772,0.825,-0.269,0.303,0.811,0.788,0.327,0.295,0.796,0.404,0.408,0.787,0.535,0.483,0.451,0.549,0.363,0.801,0.579,0.434,0.808,0.656,0.407,0.777,-0.009,0.746,0.258,0.791,-0.21,0.526,0.799,0.702,0.565,-0.324,0.702,0.645,0.153,0.725,0.734
ACIW,0.156,0.778,0.853,0.308,0.891,0.0,0.713,0.714,0.357,-0.552,0.767,0.263,0.891,0.836,0.944,0.922,0.717,0.782,0.545,0.814,0.349,0.809,-0.55,0.817,0.839,0.363,0.832,0.57,0.814,-0.075,-0.319,0.32,0.477,0.745,0.862,0.737,0.689,0.138,0.109,0.89,0.886,0.739,-0.076,0.018,0.651,0.598,0.547,0.918,0.89,0.637,-0.508,0.341,0.723,0.59,0.251,0.678,0.873,0.485,-0.05,0.063,0.123,0.893,0.664,0.903,0.92,-0.103,-0.68,0.674,0.844,0.734,0.789,-0.173,0.29,-0.067,0.779,0.748,0.708,0.748,0.867,0.621,0.878,0.33,0.317,0.055,0.462,0.769,-0.3,0.455,0.68,0.817,0.816,0.921,-0.366,0.77,0.409,0.688,-0.363,0.844,0.432,0.884,0.509,-0.11,0.814,0.921,0.513,0.594,0.848,0.641,0.788,0.504,0.909,0.87,0.665,0.378,0.905,0.299,-0.049,0.35,0.605,0.708,0.69,0.886,0.845,0.8,0.182,0.712,0.899,0.817,-0.709,0.891,0.853,0.057,0.472,0.889,0.761,0.138,0.629,0.851,0.8,0.904,-0.033,0.838,0.889,0.799,0.199,-0.127,0.608,0.777,0.683,-0.822,-0.441,0.893,-0.064,0.788,0.478,-0.229,0.744,0.899,0.831,0.861,0.885,0.825,0.906,-0.045,0.479,0.792,0.913,0.455,0.466,0.914,0.449,0.595,0.881,0.754,0.613,0.602,0.733,0.468,0.911,0.772,0.448,0.898,0.807,0.514,0.893,0.132,0.753,0.449,0.881,-0.347,0.705,0.891,0.787,0.508,-0.277,0.816,0.812,0.342,0.894,0.68
ADBE,0.125,0.442,0.719,0.191,0.541,0.713,0.0,0.797,0.805,-0.223,0.76,0.245,0.885,0.538,0.737,0.758,0.524,0.847,0.124,0.867,0.189,0.894,-0.643,0.681,0.875,0.751,0.915,0.456,0.76,-0.23,0.132,0.1,0.116,0.865,0.798,0.949,0.432,-0.036,0.013,0.67,0.784,0.407,-0.494,-0.131,0.323,0.547,0.785,0.841,0.736,0.392,0.012,-0.086,0.485,0.36,0.205,0.219,0.667,0.779,-0.381,0.085,-0.038,0.737,0.561,0.833,0.804,0.059,-0.307,0.861,0.879,0.863,0.445,-0.34,-0.052,-0.079,0.798,0.86,0.775,0.59,0.811,0.565,0.613,0.656,0.415,0.017,0.124,0.859,-0.704,0.409,0.813,0.809,0.36,0.692,-0.602,0.503,-0.154,0.749,-0.376,0.504,0.563,0.625,0.437,0.189,0.76,0.758,0.822,0.868,0.877,0.56,0.904,0.819,0.708,0.682,0.545,0.304,0.698,0.446,-0.129,0.538,0.724,0.143,0.552,0.91,0.9,0.587,-0.342,0.723,0.76,0.842,-0.46,0.886,0.853,-0.176,0.64,0.504,0.827,-0.398,0.426,0.857,0.804,0.531,-0.401,0.681,0.858,0.709,0.152,-0.091,0.482,0.484,0.742,-0.45,-0.255,0.805,-0.456,0.682,0.094,0.007,0.336,0.573,0.791,0.759,0.797,0.541,0.814,0.18,0.653,0.379,0.838,0.131,0.532,0.891,-0.077,0.454,0.907,0.685,0.45,0.671,0.802,0.285,0.883,0.69,-0.143,0.721,0.76,0.061,0.805,0.229,0.201,0.461,0.688,-0.81,0.871,0.662,0.535,0.548,-0.482,0.655,0.82,0.772,0.787,0.178
ADSK,0.56,0.704,0.755,0.554,0.515,0.714,0.797,0.0,0.738,-0.046,0.657,0.523,0.834,0.644,0.634,0.719,0.678,0.938,0.544,0.694,0.642,0.744,-0.212,0.802,0.662,0.435,0.847,0.765,0.548,0.252,0.208,0.559,0.42,0.861,0.564,0.699,0.677,0.445,0.306,0.66,0.874,0.643,-0.056,0.343,0.567,0.805,0.73,0.842,0.622,0.586,-0.086,0.378,0.363,0.711,0.583,0.469,0.824,0.803,0.126,0.324,0.361,0.784,0.892,0.739,0.705,0.411,-0.105,0.904,0.791,0.722,0.739,0.081,0.378,0.31,0.924,0.909,0.517,0.795,0.782,0.771,0.574,0.651,0.085,0.194,0.524,0.935,-0.411,0.784,0.799,0.833,0.577,0.748,-0.263,0.603,0.196,0.836,0.029,0.585,0.82,0.816,0.729,0.233,0.825,0.709,0.721,0.691,0.752,0.854,0.729,0.779,0.65,0.842,0.554,0.657,0.855,0.683,0.257,0.647,0.756,0.392,0.659,0.842,0.776,0.584,0.031,0.896,0.594,0.841,-0.512,0.875,0.729,0.276,0.818,0.514,0.649,0.102,0.723,0.76,0.86,0.65,0.096,0.727,0.869,0.808,0.596,0.334,0.517,0.652,0.497,-0.37,0.024,0.729,0.065,0.84,0.541,0.298,0.64,0.609,0.805,0.711,0.787,0.548,0.749,0.38,0.807,0.495,0.774,0.55,0.579,0.805,0.273,0.539,0.778,0.871,0.675,0.833,0.866,0.559,0.775,0.927,0.206,0.794,0.876,0.399,0.876,0.539,0.415,0.775,0.662,-0.5,0.889,0.654,0.623,0.195,-0.015,0.832,0.909,0.719,0.86,0.197
AEP,0.458,0.329,0.556,0.442,0.174,0.357,0.805,0.738,0.0,0.229,0.476,0.375,0.62,0.275,0.366,0.413,0.4,0.765,0.121,0.585,0.385,0.631,-0.235,0.426,0.523,0.627,0.699,0.512,0.347,0.151,0.514,0.312,-0.005,0.786,0.412,0.726,0.414,0.199,0.189,0.333,0.589,0.209,-0.368,0.177,0.165,0.668,0.8,0.595,0.415,0.277,0.369,0.021,0.073,0.42,0.488,-0.032,0.499,0.825,-0.143,0.28,0.23,0.442,0.515,0.499,0.419,0.509,0.186,0.818,0.631,0.622,0.316,-0.056,0.018,0.288,0.715,0.706,0.507,0.537,0.617,0.582,0.228,0.727,0.163,0.046,0.221,0.793,-0.611,0.537,0.707,0.731,0.11,0.369,-0.39,0.175,-0.288,0.65,0.059,0.167,0.755,0.387,0.595,0.461,0.547,0.441,0.782,0.714,0.596,0.64,0.661,0.912,0.328,0.528,0.334,0.424,0.499,0.639,0.127,0.694,0.737,-0.169,0.466,0.658,0.652,0.264,-0.388,0.672,0.386,0.673,-0.118,0.645,0.546,0.102,0.788,0.131,0.547,-0.319,0.388,0.591,0.679,0.178,-0.154,0.45,0.673,0.531,0.344,0.304,0.276,0.217,0.428,0.006,0.143,0.497,-0.297,0.529,0.156,0.418,0.241,0.198,0.581,0.419,0.554,0.156,0.507,0.582,0.717,0.06,0.516,0.165,0.48,0.6,-0.193,0.307,0.614,0.626,0.458,0.768,0.709,0.425,0.568,0.63,-0.287,0.455,0.621,-0.015,0.611,0.512,-0.093,0.663,0.413,-0.705,0.826,0.326,0.238,0.205,-0.25,0.577,0.729,0.985,0.557,-0.25
AGIO,0.397,-0.31,-0.206,0.374,-0.639,-0.552,-0.223,-0.046,0.229,0.0,-0.506,0.17,-0.46,-0.606,-0.617,-0.598,-0.382,-0.133,-0.083,-0.35,0.379,-0.375,0.679,-0.421,-0.567,-0.19,-0.402,0.069,-0.646,0.531,0.833,0.323,-0.266,-0.195,-0.552,-0.308,-0.171,0.295,0.438,-0.687,-0.353,-0.427,0.069,0.415,-0.151,0.123,0.152,-0.428,-0.519,-0.017,0.793,0.087,-0.824,0.075,0.336,-0.575,-0.318,-0.033,0.28,0.637,0.41,-0.536,-0.079,-0.535,-0.579,0.702,0.79,-0.014,-0.384,-0.417,-0.234,0.278,0.025,0.613,-0.104,-0.195,-0.208,-0.168,-0.22,-0.185,-0.734,0.209,-0.372,0.166,0.159,-0.041,-0.03,0.205,-0.143,-0.178,-0.477,-0.585,0.407,-0.557,-0.348,-0.097,0.787,-0.669,0.335,-0.398,0.127,0.442,-0.383,-0.514,0.095,-0.177,-0.5,0.02,-0.372,0.011,-0.666,-0.318,-0.147,0.073,-0.371,0.331,0.431,0.483,0.097,-0.62,-0.133,-0.416,-0.342,-0.617,-0.175,-0.073,-0.687,-0.218,0.533,-0.343,-0.341,0.475,0.254,-0.689,-0.358,-0.008,-0.125,-0.375,-0.303,-0.555,0.282,-0.39,-0.275,-0.374,0.272,0.602,-0.347,-0.541,-0.526,0.806,0.747,-0.566,0.181,-0.273,0.081,0.683,-0.132,-0.62,-0.402,-0.596,-0.4,-0.671,-0.479,0.677,0.279,-0.688,-0.56,-0.06,-0.273,-0.452,-0.292,-0.158,-0.445,-0.076,0.121,0.056,-0.21,0.241,-0.463,-0.097,-0.374,-0.472,-0.304,-0.229,-0.333,0.239,-0.468,0.29,-0.408,0.142,-0.14,-0.599,-0.581,-0.48,0.357,-0.113,-0.146,0.231,-0.419,-0.652
ALEC,0.069,0.628,0.684,0.145,0.723,0.767,0.76,0.657,0.476,-0.506,0.0,0.286,0.833,0.676,0.854,0.852,0.773,0.711,0.179,0.816,0.171,0.925,-0.738,0.666,0.91,0.666,0.836,0.574,0.91,-0.238,-0.167,0.008,0.325,0.737,0.843,0.841,0.541,-0.053,-0.149,0.81,0.824,0.569,-0.335,-0.223,0.306,0.462,0.547,0.86,0.872,0.448,-0.308,-0.09,0.727,0.285,0.08,0.461,0.589,0.63,-0.407,-0.115,-0.271,0.818,0.59,0.91,0.908,-0.19,-0.504,0.627,0.922,0.87,0.469,-0.381,0.028,-0.293,0.621,0.731,0.641,0.656,0.714,0.597,0.815,0.615,0.497,0.056,0.118,0.675,-0.383,0.282,0.741,0.682,0.586,0.81,-0.695,0.749,0.127,0.808,-0.583,0.661,0.349,0.763,0.364,0.006,0.786,0.877,0.711,0.816,0.859,0.433,0.863,0.623,0.911,0.727,0.635,0.215,0.736,0.199,-0.261,0.199,0.635,0.452,0.652,0.859,0.856,0.871,-0.075,0.73,0.85,0.827,-0.666,0.859,0.812,-0.247,0.442,0.687,0.766,-0.135,0.5,0.85,0.753,0.726,-0.345,0.657,0.727,0.747,0.011,-0.382,0.584,0.698,0.88,-0.641,-0.603,0.892,-0.299,0.728,0.238,-0.026,0.411,0.84,0.841,0.898,0.877,0.819,0.93,-0.169,0.586,0.588,0.859,0.217,0.456,0.866,0.029,0.437,0.876,0.465,0.469,0.494,0.714,0.097,0.875,0.624,0.149,0.792,0.712,0.3,0.814,0.073,0.477,0.276,0.727,-0.625,0.78,0.82,0.686,0.619,-0.519,0.565,0.753,0.454,0.783,0.555
ALNY,0.622,0.506,0.403,0.502,0.129,0.263,0.245,0.523,0.375,0.17,0.286,0.0,0.365,0.394,0.266,0.363,0.52,0.567,0.555,0.108,0.484,0.307,0.202,0.251,0.138,0.054,0.328,0.589,0.069,0.467,0.163,0.585,0.48,0.449,0.084,0.243,0.702,0.662,0.168,0.309,0.405,0.567,0.446,0.451,0.148,0.509,0.36,0.424,0.265,0.105,0.042,0.344,0.059,0.547,0.694,0.339,0.456,0.581,0.411,0.42,0.381,0.42,0.494,0.286,0.22,0.52,0.156,0.358,0.367,0.359,0.284,0.469,0.644,0.368,0.487,0.47,0.103,0.502,0.241,0.586,0.27,0.403,-0.306,0.154,0.413,0.424,0.258,0.633,0.367,0.515,0.362,0.372,-0.138,0.255,0.451,0.513,0.247,0.299,0.569,0.415,0.678,0.048,0.449,0.378,0.198,0.308,0.341,0.544,0.365,0.516,0.203,0.467,0.067,0.638,0.453,0.443,0.389,0.309,0.467,0.17,0.233,0.368,0.333,0.391,0.384,0.535,0.247,0.39,0.005,0.346,0.231,0.494,0.72,0.293,0.153,0.427,0.722,0.383,0.475,0.178,0.306,0.143,0.437,0.468,0.584,0.444,0.489,0.317,0.032,-0.121,0.16,0.339,0.472,0.43,0.418,0.497,0.412,0.311,0.475,0.288,0.444,0.293,0.351,0.372,0.507,0.276,0.353,0.732,0.464,0.312,0.298,0.58,0.255,0.496,0.52,0.56,0.586,0.346,0.283,0.572,0.406,0.446,0.465,0.579,0.393,0.526,0.271,0.608,0.107,-0.184,0.533,0.402,0.402,-0.16,0.081,0.414,0.454,0.443,0.486,0.18
ALTR,0.24,0.688,0.801,0.269,0.741,0.891,0.885,0.834,0.62,-0.46,0.833,0.365,0.0,0.819,0.89,0.935,0.747,0.908,0.435,0.835,0.291,0.891,-0.596,0.835,0.895,0.594,0.963,0.601,0.825,-0.132,-0.148,0.28,0.439,0.912,0.836,0.872,0.665,0.167,0.018,0.889,0.919,0.722,-0.196,0.015,0.496,0.643,0.644,0.963,0.839,0.46,-0.35,0.182,0.696,0.558,0.335,0.596,0.856,0.767,-0.138,-0.017,0.067,0.938,0.709,0.942,0.92,0.017,-0.468,0.84,0.914,0.884,0.655,-0.159,0.236,-0.078,0.877,0.887,0.681,0.733,0.833,0.737,0.839,0.485,0.308,0.001,0.293,0.851,-0.433,0.532,0.793,0.873,0.676,0.919,-0.55,0.743,0.231,0.763,-0.415,0.789,0.552,0.85,0.558,0.029,0.911,0.901,0.654,0.758,0.961,0.686,0.902,0.747,0.874,0.858,0.541,0.498,0.896,0.465,-0.06,0.396,0.681,0.51,0.627,0.975,0.921,0.813,0.007,0.824,0.904,0.879,-0.635,0.95,0.859,-0.056,0.639,0.764,0.818,-0.045,0.664,0.926,0.917,0.765,-0.189,0.798,0.927,0.868,0.293,-0.06,0.634,0.767,0.741,-0.702,-0.347,0.948,-0.184,0.84,0.333,-0.099,0.556,0.809,0.926,0.91,0.912,0.78,0.918,0.026,0.591,0.712,0.975,0.443,0.683,0.961,0.255,0.593,0.951,0.799,0.525,0.74,0.884,0.384,0.947,0.835,0.257,0.925,0.9,0.389,0.929,0.324,0.529,0.519,0.798,-0.643,0.88,0.871,0.803,0.504,-0.337,0.784,0.893,0.602,0.947,0.448
AMBA,0.3,0.762,0.681,0.274,0.816,0.836,0.538,0.644,0.275,-0.606,0.676,0.394,0.819,0.0,0.817,0.892,0.838,0.721,0.614,0.569,0.298,0.616,-0.402,0.754,0.692,0.235,0.785,0.532,0.65,0.012,-0.44,0.394,0.644,0.673,0.657,0.567,0.759,0.329,0.064,0.909,0.782,0.871,0.166,0.106,0.614,0.607,0.339,0.836,0.705,0.43,-0.693,0.46,0.775,0.64,0.359,0.863,0.879,0.528,0.143,-0.179,0.131,0.917,0.654,0.801,0.794,-0.052,-0.579,0.594,0.69,0.648,0.71,0.003,0.472,-0.067,0.707,0.62,0.378,0.714,0.622,0.753,0.895,0.138,0.141,-0.13,0.368,0.617,-0.069,0.461,0.555,0.704,0.844,0.936,-0.332,0.846,0.566,0.505,-0.372,0.899,0.386,0.841,0.543,-0.127,0.84,0.834,0.264,0.431,0.792,0.657,0.651,0.479,0.829,0.834,0.325,0.551,0.89,0.33,-0.042,0.113,0.468,0.808,0.56,0.778,0.692,0.777,0.36,0.667,0.829,0.669,-0.659,0.759,0.606,0.061,0.428,0.837,0.645,0.336,0.74,0.706,0.814,0.828,0.096,0.763,0.756,0.8,0.369,-0.026,0.595,0.886,0.525,-0.836,-0.371,0.855,0.152,0.784,0.492,-0.275,0.643,0.83,0.836,0.854,0.792,0.818,0.773,-0.168,0.3,0.923,0.851,0.614,0.663,0.79,0.548,0.542,0.75,0.703,0.362,0.639,0.698,0.383,0.752,0.74,0.621,0.921,0.832,0.609,0.83,0.357,0.742,0.428,0.713,-0.288,0.619,0.856,0.869,0.372,-0.115,0.746,0.728,0.261,0.868,0.63
AMCX,0.055,0.73,0.824,0.196,0.874,0.944,0.737,0.634,0.366,-0.617,0.854,0.266,0.89,0.817,0.0,0.957,0.76,0.741,0.382,0.856,0.173,0.882,-0.717,0.72,0.919,0.52,0.846,0.505,0.906,-0.216,-0.372,0.147,0.463,0.726,0.93,0.819,0.669,0.003,-0.081,0.919,0.857,0.711,-0.176,-0.143,0.529,0.509,0.524,0.919,0.965,0.5,-0.481,0.144,0.797,0.449,0.148,0.626,0.77,0.534,-0.25,-0.093,-0.104,0.903,0.559,0.946,0.959,-0.242,-0.706,0.609,0.898,0.833,0.637,-0.293,0.186,-0.217,0.689,0.722,0.736,0.711,0.825,0.63,0.942,0.385,0.456,-0.001,0.265,0.701,-0.291,0.333,0.696,0.784,0.779,0.92,-0.58,0.782,0.354,0.724,-0.548,0.831,0.33,0.837,0.435,-0.155,0.816,0.961,0.531,0.68,0.886,0.524,0.878,0.553,0.953,0.832,0.616,0.272,0.847,0.175,-0.203,0.209,0.579,0.637,0.648,0.902,0.902,0.875,0.119,0.682,0.955,0.833,-0.703,0.889,0.871,-0.136,0.412,0.891,0.794,0.012,0.598,0.893,0.801,0.86,-0.194,0.762,0.834,0.812,0.028,-0.319,0.665,0.769,0.823,-0.857,-0.603,0.951,-0.215,0.769,0.325,-0.266,0.627,0.933,0.88,0.926,0.923,0.889,0.953,-0.142,0.429,0.753,0.939,0.361,0.521,0.938,0.287,0.598,0.904,0.622,0.495,0.546,0.713,0.288,0.939,0.682,0.386,0.898,0.767,0.444,0.859,0.066,0.716,0.32,0.825,-0.486,0.728,0.946,0.788,0.642,-0.477,0.712,0.782,0.357,0.879,0.724
AMKR,0.143,0.755,0.778,0.181,0.836,0.922,0.758,0.719,0.413,-0.598,0.852,0.363,0.935,0.892,0.957,0.0,0.799,0.818,0.459,0.786,0.222,0.867,-0.647,0.818,0.896,0.481,0.897,0.551,0.88,-0.179,-0.345,0.22,0.571,0.776,0.872,0.809,0.719,0.154,-0.088,0.967,0.882,0.818,-0.065,-0.057,0.555,0.548,0.497,0.95,0.908,0.444,-0.507,0.205,0.839,0.523,0.248,0.736,0.824,0.64,-0.144,-0.103,-0.048,0.979,0.649,0.955,0.946,-0.166,-0.619,0.678,0.898,0.879,0.651,-0.173,0.314,-0.191,0.754,0.779,0.66,0.699,0.774,0.708,0.95,0.357,0.35,-0.031,0.261,0.742,-0.246,0.439,0.67,0.785,0.785,0.976,-0.557,0.865,0.426,0.721,-0.519,0.897,0.404,0.883,0.478,-0.109,0.924,0.958,0.509,0.673,0.929,0.606,0.885,0.621,0.936,0.864,0.524,0.446,0.9,0.267,-0.1,0.209,0.593,0.683,0.611,0.94,0.907,0.9,0.196,0.739,0.943,0.812,-0.711,0.907,0.837,-0.112,0.49,0.878,0.778,0.095,0.723,0.888,0.868,0.859,-0.17,0.752,0.852,0.896,0.214,-0.215,0.737,0.855,0.769,-0.843,-0.493,0.98,-0.086,0.827,0.341,-0.233,0.601,0.919,0.946,0.962,0.925,0.912,0.945,-0.131,0.468,0.787,0.976,0.482,0.662,0.949,0.374,0.658,0.908,0.677,0.473,0.61,0.793,0.274,0.929,0.765,0.451,0.968,0.855,0.526,0.899,0.219,0.712,0.387,0.778,-0.522,0.77,0.961,0.889,0.563,-0.342,0.723,0.81,0.403,0.935,0.687
AMRX,0.432,0.76,0.681,0.447,0.701,0.717,0.524,0.678,0.4,-0.382,0.773,0.52,0.747,0.838,0.76,0.799,0.0,0.72,0.533,0.617,0.436,0.689,-0.361,0.607,0.676,0.401,0.736,0.74,0.646,0.155,-0.191,0.389,0.59,0.697,0.618,0.592,0.766,0.316,0.125,0.782,0.796,0.757,0.063,0.123,0.493,0.69,0.445,0.802,0.743,0.477,-0.46,0.333,0.597,0.586,0.406,0.677,0.728,0.619,0.028,-0.074,0.032,0.827,0.708,0.79,0.757,0.101,-0.324,0.596,0.755,0.667,0.605,-0.051,0.358,0.036,0.67,0.612,0.365,0.834,0.6,0.829,0.808,0.461,0.223,-0.006,0.404,0.623,-0.045,0.497,0.675,0.703,0.802,0.842,-0.453,0.77,0.429,0.696,-0.303,0.703,0.517,0.831,0.616,0.031,0.788,0.817,0.477,0.568,0.717,0.636,0.654,0.567,0.806,0.817,0.453,0.466,0.83,0.421,-0.084,0.218,0.615,0.639,0.694,0.736,0.708,0.79,0.24,0.814,0.725,0.787,-0.636,0.774,0.627,0.127,0.522,0.697,0.627,0.274,0.728,0.749,0.79,0.754,0.087,0.68,0.685,0.774,0.3,-0.03,0.532,0.834,0.622,-0.651,-0.404,0.807,0.059,0.828,0.555,0.08,0.628,0.806,0.831,0.835,0.829,0.766,0.797,-0.053,0.524,0.754,0.765,0.583,0.576,0.746,0.27,0.441,0.714,0.6,0.45,0.681,0.672,0.387,0.742,0.731,0.462,0.849,0.752,0.532,0.812,0.376,0.636,0.475,0.638,-0.358,0.73,0.805,0.736,0.351,-0.212,0.736,0.772,0.39,0.801,0.531
ANSS,0.54,0.741,0.816,0.51,0.589,0.782,0.847,0.938,0.765,-0.133,0.711,0.567,0.908,0.721,0.741,0.818,0.72,0.0,0.557,0.728,0.545,0.812,-0.32,0.78,0.736,0.497,0.912,0.754,0.626,0.174,0.129,0.534,0.471,0.921,0.67,0.799,0.769,0.432,0.206,0.749,0.899,0.716,-0.036,0.295,0.508,0.81,0.751,0.913,0.721,0.501,-0.102,0.339,0.465,0.725,0.616,0.521,0.871,0.872,0.09,0.254,0.33,0.863,0.814,0.824,0.764,0.369,-0.19,0.912,0.849,0.815,0.694,0.078,0.41,0.232,0.942,0.924,0.627,0.793,0.835,0.824,0.66,0.594,0.125,0.105,0.462,0.939,-0.367,0.757,0.8,0.919,0.617,0.817,-0.385,0.626,0.252,0.828,-0.079,0.665,0.797,0.822,0.779,0.184,0.9,0.795,0.699,0.738,0.853,0.865,0.842,0.855,0.704,0.892,0.509,0.686,0.893,0.63,0.218,0.612,0.801,0.393,0.641,0.92,0.87,0.681,0.078,0.894,0.717,0.87,-0.473,0.903,0.796,0.221,0.857,0.604,0.699,0.089,0.793,0.855,0.937,0.651,0.043,0.714,0.933,0.869,0.538,0.262,0.627,0.678,0.573,-0.46,-0.048,0.83,0.011,0.855,0.467,0.223,0.622,0.67,0.903,0.771,0.87,0.625,0.825,0.336,0.77,0.552,0.865,0.595,0.692,0.879,0.29,0.67,0.84,0.888,0.685,0.893,0.942,0.559,0.841,0.938,0.262,0.874,0.931,0.482,0.918,0.557,0.467,0.761,0.687,-0.592,0.934,0.76,0.712,0.292,-0.141,0.854,0.943,0.767,0.926,0.276
APPN,0.684,0.712,0.544,0.632,0.435,0.545,0.124,0.544,0.121,-0.083,0.179,0.555,0.435,0.614,0.382,0.459,0.533,0.557,0.0,0.159,0.695,0.188,0.288,0.532,0.133,-0.222,0.345,0.687,0.106,0.614,-0.105,0.811,0.634,0.456,0.166,0.092,0.741,0.73,0.489,0.45,0.551,0.699,0.618,0.67,0.6,0.684,0.247,0.488,0.316,0.471,-0.375,0.832,0.205,0.831,0.722,0.682,0.719,0.324,0.701,0.304,0.682,0.536,0.658,0.354,0.316,0.475,-0.126,0.426,0.28,0.176,0.761,0.509,0.754,0.511,0.607,0.426,0.091,0.647,0.435,0.642,0.412,0.032,-0.307,0.109,0.801,0.488,0.322,0.738,0.326,0.556,0.701,0.564,0.227,0.428,0.709,0.359,0.322,0.55,0.569,0.642,0.736,-0.048,0.507,0.399,0.059,0.046,0.333,0.757,0.196,0.242,0.351,0.661,0.234,0.687,0.695,0.521,0.449,0.371,0.395,0.617,0.502,0.382,0.304,0.396,0.611,0.58,0.323,0.408,-0.297,0.416,0.285,0.69,0.553,0.517,0.188,0.724,0.77,0.363,0.536,0.553,0.662,0.492,0.528,0.524,0.658,0.545,0.353,0.571,-0.008,-0.365,0.154,0.388,0.618,0.577,0.799,0.174,0.764,0.479,0.474,0.349,0.447,0.387,0.355,0.247,0.379,0.601,0.417,0.877,0.376,0.383,0.718,0.492,0.296,0.703,0.592,0.626,0.529,0.721,0.351,0.719,0.706,0.587,0.583,0.742,0.556,0.535,0.65,0.699,0.433,0.183,0.398,0.488,0.514,-0.173,0.388,0.7,0.545,0.162,0.573,0.328
APTO,0.046,0.545,0.793,0.276,0.701,0.814,0.867,0.694,0.585,-0.35,0.816,0.108,0.835,0.569,0.856,0.786,0.617,0.728,0.159,0.0,0.213,0.903,-0.712,0.62,0.918,0.708,0.842,0.477,0.857,-0.215,-0.055,0.068,0.155,0.747,0.894,0.885,0.436,-0.165,0.073,0.701,0.811,0.402,-0.504,-0.178,0.457,0.55,0.726,0.837,0.871,0.577,-0.16,-0.02,0.555,0.335,0.075,0.282,0.652,0.571,-0.439,0.013,-0.127,0.735,0.543,0.871,0.895,-0.112,-0.507,0.734,0.887,0.788,0.548,-0.49,-0.121,-0.103,0.705,0.755,0.802,0.702,0.871,0.548,0.737,0.622,0.567,0.079,0.22,0.781,-0.612,0.325,0.839,0.772,0.549,0.74,-0.568,0.577,-0.058,0.771,-0.449,0.556,0.441,0.698,0.381,0.082,0.689,0.829,0.782,0.825,0.803,0.49,0.854,0.626,0.836,0.725,0.752,0.115,0.722,0.331,-0.275,0.449,0.657,0.325,0.709,0.856,0.893,0.649,-0.263,0.706,0.801,0.895,-0.651,0.906,0.914,-0.173,0.455,0.638,0.838,-0.313,0.376,0.871,0.752,0.714,-0.33,0.776,0.809,0.678,-0.047,-0.278,0.426,0.572,0.845,-0.608,-0.498,0.814,-0.497,0.723,0.236,-0.103,0.494,0.743,0.762,0.816,0.833,0.648,0.873,0.02,0.573,0.494,0.825,0.093,0.352,0.896,-0.08,0.359,0.897,0.605,0.471,0.565,0.652,0.327,0.923,0.623,-0.027,0.735,0.692,0.091,0.807,0.015,0.427,0.364,0.819,-0.606,0.778,0.749,0.516,0.619,-0.55,0.698,0.804,0.542,0.769,0.413
ARCT,0.755,0.626,0.513,0.814,0.245,0.349,0.189,0.642,0.385,0.379,0.171,0.484,0.291,0.298,0.173,0.222,0.436,0.545,0.695,0.213,0.0,0.22,0.427,0.426,0.055,-0.174,0.289,0.763,-0.003,0.767,0.393,0.844,0.424,0.421,0.066,0.1,0.589,0.693,0.706,0.191,0.512,0.438,0.368,0.677,0.572,0.772,0.435,0.389,0.215,0.656,0.027,0.728,-0.124,0.806,0.725,0.345,0.529,0.339,0.572,0.622,0.696,0.32,0.723,0.221,0.198,0.709,0.202,0.523,0.291,0.109,0.676,0.394,0.538,0.706,0.618,0.428,0.131,0.645,0.457,0.538,0.112,0.382,-0.322,0.234,0.835,0.599,0.008,0.765,0.373,0.506,0.491,0.335,0.357,0.3,0.342,0.511,0.612,0.252,0.794,0.563,0.689,0.296,0.381,0.267,0.382,0.157,0.143,0.769,0.146,0.359,0.183,0.567,0.489,0.619,0.544,0.651,0.585,0.672,0.561,0.337,0.574,0.304,0.277,0.183,0.331,0.639,0.059,0.451,-0.284,0.419,0.286,0.753,0.626,0.167,0.167,0.536,0.607,0.291,0.422,0.417,0.618,0.426,0.444,0.414,0.726,0.646,0.162,0.408,-0.055,0.004,0.409,0.207,0.503,0.57,0.837,0.554,0.738,0.281,0.344,0.205,0.35,0.143,0.285,0.588,0.655,0.242,0.212,0.621,0.157,0.28,0.417,0.277,0.241,0.612,0.765,0.629,0.421,0.759,0.269,0.697,0.364,0.396,0.494,0.463,0.492,0.536,0.409,0.784,0.377,0.17,0.441,0.229,0.241,-0.261,0.482,0.69,0.573,0.383,0.423,0.049
ARWR,0.078,0.616,0.772,0.182,0.681,0.809,0.894,0.744,0.631,-0.375,0.925,0.307,0.891,0.616,0.882,0.867,0.689,0.812,0.188,0.903,0.22,0.0,-0.731,0.7,0.937,0.718,0.886,0.563,0.907,-0.221,-0.025,0.059,0.302,0.816,0.895,0.947,0.571,-0.051,-0.088,0.799,0.859,0.55,-0.386,-0.181,0.35,0.515,0.694,0.91,0.916,0.441,-0.138,-0.095,0.652,0.358,0.158,0.376,0.637,0.719,-0.424,0.048,-0.165,0.824,0.599,0.938,0.915,-0.098,-0.464,0.734,0.982,0.938,0.487,-0.376,0.012,-0.176,0.731,0.843,0.79,0.665,0.836,0.606,0.775,0.669,0.481,0.082,0.154,0.798,-0.497,0.368,0.8,0.792,0.543,0.798,-0.693,0.682,0.067,0.875,-0.492,0.639,0.469,0.754,0.42,0.05,0.817,0.905,0.804,0.88,0.899,0.514,0.96,0.745,0.866,0.758,0.694,0.272,0.757,0.273,-0.185,0.389,0.725,0.339,0.641,0.938,0.962,0.818,-0.14,0.769,0.859,0.888,-0.607,0.93,0.903,-0.209,0.559,0.666,0.814,-0.231,0.527,0.929,0.809,0.692,-0.386,0.661,0.827,0.791,0.052,-0.293,0.635,0.631,0.88,-0.601,-0.468,0.91,-0.369,0.767,0.199,0.003,0.467,0.797,0.881,0.879,0.922,0.76,0.955,0.044,0.671,0.495,0.896,0.202,0.5,0.94,0.016,0.552,0.937,0.574,0.558,0.581,0.788,0.188,0.946,0.692,0.067,0.807,0.75,0.246,0.845,0.124,0.432,0.381,0.74,-0.726,0.874,0.834,0.668,0.625,-0.537,0.64,0.831,0.613,0.831,0.486
ASND,0.485,-0.184,-0.367,0.362,-0.557,-0.55,-0.643,-0.212,-0.235,0.679,-0.738,0.202,-0.596,-0.402,-0.717,-0.647,-0.361,-0.32,0.288,-0.712,0.427,-0.731,0.0,-0.372,-0.845,-0.715,-0.611,0.02,-0.864,0.738,0.387,0.528,0.011,-0.4,-0.813,-0.751,-0.067,0.577,0.519,-0.623,-0.455,-0.192,0.622,0.662,-0.033,0.044,-0.281,-0.561,-0.711,-0.09,0.272,0.515,-0.735,0.228,0.441,-0.165,-0.242,-0.306,0.778,0.459,0.644,-0.538,-0.063,-0.707,-0.741,0.654,0.652,-0.289,-0.674,-0.721,-0.064,0.671,0.393,0.68,-0.218,-0.413,-0.633,-0.199,-0.467,-0.17,-0.677,-0.287,-0.72,0.12,0.368,-0.308,0.484,0.235,-0.446,-0.345,-0.238,-0.531,0.789,-0.471,0.153,-0.404,0.897,-0.454,0.155,-0.356,0.131,0.157,-0.47,-0.651,-0.454,-0.636,-0.682,0.051,-0.723,-0.345,-0.723,-0.335,-0.359,0.252,-0.351,0.247,0.59,0.142,-0.239,-0.209,-0.266,-0.628,-0.666,-0.61,0.337,-0.239,-0.755,-0.505,0.483,-0.568,-0.654,0.7,0.03,-0.548,-0.644,0.539,-0.014,-0.619,-0.42,-0.456,0.712,-0.409,-0.437,-0.431,0.492,0.765,-0.402,-0.366,-0.861,0.62,0.787,-0.686,0.703,-0.314,0.324,0.473,0.023,-0.585,-0.542,-0.688,-0.584,-0.631,-0.681,0.434,-0.102,-0.367,-0.665,0.28,-0.265,-0.664,0.23,-0.209,-0.69,-0.091,0.027,-0.063,-0.347,0.291,-0.69,-0.133,0.14,-0.474,-0.356,0.098,-0.457,0.324,-0.21,0.239,-0.504,0.653,-0.426,-0.605,-0.432,-0.8,0.778,-0.159,-0.35,-0.202,-0.465,-0.472
ASTH,0.213,0.691,0.653,0.219,0.7,0.817,0.681,0.802,0.426,-0.421,0.666,0.251,0.835,0.754,0.72,0.818,0.607,0.78,0.532,0.62,0.426,0.7,-0.372,0.0,0.698,0.273,0.795,0.6,0.679,-0.018,-0.163,0.351,0.481,0.747,0.653,0.625,0.597,0.306,0.098,0.814,0.843,0.727,0.009,0.151,0.6,0.555,0.426,0.821,0.673,0.544,-0.445,0.357,0.643,0.599,0.322,0.693,0.789,0.553,0.07,0.076,0.179,0.843,0.756,0.786,0.756,0.026,-0.418,0.729,0.74,0.711,0.752,-0.003,0.357,-0.033,0.796,0.761,0.495,0.593,0.694,0.564,0.703,0.304,0.113,0.178,0.424,0.783,-0.332,0.555,0.549,0.682,0.663,0.845,-0.249,0.772,0.364,0.631,-0.243,0.785,0.485,0.853,0.433,0.051,0.827,0.751,0.49,0.49,0.789,0.665,0.664,0.53,0.75,0.774,0.496,0.548,0.844,0.4,0.154,0.367,0.54,0.651,0.586,0.832,0.734,0.701,0.181,0.707,0.727,0.677,-0.647,0.814,0.674,0.071,0.51,0.683,0.624,0.163,0.655,0.694,0.742,0.787,-0.034,0.737,0.792,0.797,0.46,0.057,0.564,0.767,0.519,-0.634,-0.148,0.794,0.111,0.755,0.447,-0.126,0.612,0.714,0.777,0.779,0.738,0.693,0.763,0.054,0.529,0.661,0.826,0.491,0.532,0.805,0.53,0.548,0.783,0.713,0.546,0.562,0.76,0.361,0.774,0.816,0.39,0.835,0.789,0.465,0.845,0.275,0.581,0.461,0.7,-0.358,0.693,0.729,0.775,0.308,0.009,0.705,0.762,0.393,0.821,0.45
ATSG,-0.043,0.562,0.735,0.088,0.77,0.839,0.875,0.662,0.523,-0.567,0.91,0.138,0.895,0.692,0.919,0.896,0.676,0.736,0.133,0.918,0.055,0.937,-0.845,0.698,0.0,0.73,0.908,0.426,0.959,-0.377,-0.237,-0.046,0.246,0.763,0.948,0.92,0.459,-0.17,-0.173,0.843,0.826,0.526,-0.449,-0.295,0.385,0.439,0.602,0.885,0.906,0.435,-0.315,-0.107,0.762,0.27,0.005,0.427,0.657,0.612,-0.475,-0.176,-0.274,0.844,0.513,0.942,0.954,-0.276,-0.593,0.687,0.921,0.897,0.488,-0.455,-0.055,-0.331,0.666,0.756,0.776,0.624,0.79,0.564,0.854,0.527,0.586,-0.014,0.072,0.728,-0.535,0.24,0.757,0.734,0.578,0.837,-0.706,0.709,0.044,0.733,-0.659,0.692,0.327,0.742,0.322,-0.01,0.79,0.897,0.693,0.822,0.912,0.436,0.92,0.638,0.926,0.741,0.604,0.149,0.756,0.195,-0.303,0.237,0.589,0.437,0.613,0.917,0.919,0.8,-0.177,0.671,0.916,0.846,-0.682,0.903,0.907,-0.332,0.404,0.739,0.855,-0.283,0.433,0.891,0.781,0.75,-0.432,0.74,0.807,0.767,-0.053,-0.4,0.568,0.67,0.919,-0.719,-0.62,0.921,-0.469,0.718,0.125,-0.22,0.394,0.818,0.847,0.92,0.872,0.798,0.93,-0.156,0.484,0.604,0.921,0.137,0.5,0.937,0.019,0.443,0.942,0.546,0.368,0.508,0.708,0.154,0.948,0.608,0.078,0.815,0.739,0.18,0.832,0.018,0.46,0.247,0.78,-0.683,0.775,0.839,0.683,0.724,-0.59,0.614,0.763,0.49,0.821,0.521
AVTX,-0.03,0.108,0.402,0.002,0.281,0.363,0.751,0.435,0.627,-0.19,0.666,0.054,0.594,0.235,0.52,0.481,0.401,0.497,-0.222,0.708,-0.174,0.718,-0.715,0.273,0.73,0.0,0.639,0.268,0.651,-0.373,0.121,-0.266,-0.128,0.615,0.615,0.791,0.112,-0.349,-0.217,0.392,0.485,0.056,-0.693,-0.318,-0.073,0.26,0.571,0.534,0.561,0.091,0.159,-0.471,0.348,-0.063,-0.058,-0.101,0.25,0.63,-0.634,-0.216,-0.38,0.436,0.253,0.628,0.589,-0.099,-0.141,0.538,0.667,0.703,0.055,-0.509,-0.384,-0.252,0.405,0.574,0.542,0.371,0.511,0.388,0.423,0.619,0.667,0.017,-0.218,0.489,-0.604,0.1,0.714,0.494,0.065,0.39,-0.797,0.233,-0.405,0.574,-0.543,0.163,0.251,0.296,0.2,0.24,0.458,0.499,0.716,0.802,0.645,0.162,0.706,0.617,0.537,0.362,0.337,-0.057,0.347,0.263,-0.467,0.247,0.476,-0.147,0.357,0.619,0.672,0.438,-0.551,0.499,0.544,0.65,-0.279,0.606,0.613,-0.431,0.378,0.246,0.63,-0.616,0.094,0.639,0.536,0.238,-0.581,0.37,0.49,0.426,-0.257,-0.348,0.245,0.219,0.791,-0.225,-0.442,0.578,-0.719,0.387,-0.188,0.055,-0.053,0.359,0.55,0.556,0.583,0.364,0.593,-0.045,0.439,0.121,0.561,-0.164,0.346,0.615,-0.512,0.16,0.651,0.261,0.083,0.399,0.523,-0.043,0.642,0.309,-0.419,0.405,0.406,-0.225,0.494,0.044,-0.078,0.159,0.406,-0.853,0.674,0.44,0.224,0.578,-0.713,0.298,0.535,0.605,0.45,0.012
BCPC,0.276,0.684,0.77,0.295,0.697,0.832,0.915,0.847,0.699,-0.402,0.836,0.328,0.963,0.785,0.846,0.897,0.736,0.912,0.345,0.842,0.289,0.886,-0.611,0.795,0.908,0.639,0.0,0.569,0.813,-0.135,-0.08,0.269,0.382,0.896,0.831,0.883,0.615,0.168,0.01,0.861,0.896,0.664,-0.245,0.01,0.492,0.673,0.667,0.944,0.799,0.458,-0.284,0.148,0.66,0.528,0.342,0.534,0.829,0.812,-0.173,-0.055,0.039,0.91,0.689,0.915,0.895,0.047,-0.382,0.876,0.9,0.889,0.605,-0.166,0.205,-0.077,0.854,0.878,0.685,0.721,0.819,0.753,0.799,0.528,0.34,-0.049,0.222,0.874,-0.501,0.524,0.796,0.855,0.624,0.876,-0.538,0.715,0.144,0.765,-0.407,0.746,0.581,0.819,0.575,0.087,0.897,0.869,0.691,0.806,0.936,0.7,0.91,0.81,0.846,0.863,0.518,0.486,0.868,0.468,-0.033,0.394,0.674,0.453,0.616,0.963,0.909,0.755,-0.055,0.81,0.856,0.875,-0.634,0.938,0.861,-0.095,0.651,0.703,0.822,-0.104,0.633,0.901,0.931,0.735,-0.204,0.781,0.915,0.873,0.308,-0.043,0.625,0.74,0.752,-0.621,-0.324,0.923,-0.244,0.839,0.276,-0.058,0.495,0.756,0.92,0.899,0.882,0.743,0.889,0.074,0.6,0.636,0.944,0.38,0.709,0.945,0.174,0.545,0.935,0.778,0.473,0.764,0.87,0.374,0.917,0.818,0.183,0.892,0.908,0.336,0.926,0.359,0.458,0.523,0.782,-0.678,0.892,0.82,0.766,0.524,-0.338,0.772,0.897,0.677,0.933,0.359
BEAM,0.707,0.711,0.712,0.703,0.496,0.57,0.456,0.765,0.512,0.069,0.574,0.589,0.601,0.532,0.505,0.551,0.74,0.754,0.687,0.477,0.763,0.563,0.02,0.6,0.426,0.268,0.569,0.0,0.388,0.547,0.248,0.649,0.411,0.736,0.396,0.473,0.754,0.526,0.447,0.467,0.776,0.57,0.121,0.464,0.442,0.821,0.615,0.658,0.542,0.616,-0.049,0.476,0.179,0.748,0.662,0.422,0.653,0.597,0.262,0.392,0.39,0.606,0.82,0.602,0.515,0.549,0.012,0.684,0.614,0.479,0.71,0.162,0.426,0.434,0.748,0.647,0.367,0.832,0.618,0.717,0.425,0.612,0.004,0.27,0.727,0.743,-0.098,0.729,0.678,0.722,0.607,0.61,-0.212,0.498,0.297,0.732,0.171,0.399,0.78,0.749,0.786,0.273,0.648,0.571,0.626,0.476,0.551,0.765,0.484,0.533,0.542,0.756,0.504,0.54,0.765,0.671,0.235,0.627,0.764,0.379,0.777,0.607,0.593,0.559,0.165,0.889,0.443,0.747,-0.373,0.679,0.548,0.533,0.774,0.407,0.485,0.331,0.737,0.617,0.663,0.575,0.292,0.583,0.667,0.625,0.515,0.36,0.349,0.576,0.393,-0.246,0.019,0.572,0.238,0.734,0.775,0.521,0.689,0.555,0.656,0.545,0.696,0.444,0.63,0.306,0.831,0.441,0.546,0.657,0.358,0.596,0.273,0.447,0.568,0.669,0.77,0.762,0.715,0.648,0.588,0.829,0.305,0.661,0.663,0.49,0.766,0.48,0.456,0.753,0.541,-0.247,0.743,0.54,0.459,0.04,0.022,0.781,0.795,0.517,0.638,0.221
BILI,-0.154,0.544,0.652,-0.037,0.775,0.814,0.76,0.548,0.347,-0.646,0.91,0.069,0.825,0.65,0.906,0.88,0.646,0.626,0.106,0.857,-0.003,0.907,-0.864,0.679,0.959,0.651,0.813,0.388,0.0,-0.437,-0.342,-0.143,0.308,0.653,0.942,0.838,0.406,-0.218,-0.25,0.843,0.777,0.535,-0.393,-0.356,0.352,0.311,0.45,0.83,0.913,0.382,-0.394,-0.154,0.814,0.187,-0.099,0.472,0.551,0.496,-0.513,-0.245,-0.378,0.817,0.456,0.924,0.938,-0.419,-0.654,0.549,0.884,0.869,0.442,-0.473,-0.069,-0.435,0.554,0.674,0.735,0.537,0.706,0.474,0.861,0.425,0.614,0.02,0.018,0.609,-0.415,0.154,0.639,0.609,0.598,0.82,-0.699,0.754,0.128,0.691,-0.728,0.714,0.194,0.733,0.193,-0.091,0.756,0.87,0.615,0.734,0.85,0.316,0.86,0.5,0.934,0.672,0.623,0.086,0.693,0.062,-0.342,0.101,0.487,0.498,0.568,0.856,0.87,0.852,-0.086,0.6,0.892,0.762,-0.737,0.841,0.877,-0.41,0.263,0.747,0.78,-0.224,0.404,0.852,0.687,0.774,-0.457,0.65,0.69,0.742,-0.135,-0.536,0.588,0.697,0.935,-0.755,-0.685,0.898,-0.429,0.674,0.1,-0.284,0.367,0.853,0.807,0.912,0.831,0.848,0.911,-0.296,0.415,0.587,0.875,0.117,0.44,0.877,0.048,0.422,0.877,0.401,0.335,0.358,0.611,0.027,0.901,0.527,0.152,0.783,0.645,0.218,0.761,-0.081,0.527,0.112,0.726,-0.597,0.672,0.845,0.704,0.728,-0.562,0.509,0.668,0.315,0.756,0.633
BJRI,0.813,0.336,0.192,0.776,-0.078,-0.075,-0.23,0.252,0.151,0.531,-0.238,0.467,-0.132,0.012,-0.216,-0.179,0.155,0.174,0.614,-0.215,0.767,-0.221,0.738,-0.018,-0.377,-0.373,-0.135,0.547,-0.437,0.0,0.373,0.786,0.237,0.093,-0.375,-0.28,0.424,0.693,0.736,-0.202,0.101,0.149,0.535,0.768,0.247,0.56,0.197,-0.022,-0.18,0.309,0.208,0.709,-0.455,0.618,0.729,0.08,0.198,0.099,0.728,0.537,0.739,-0.08,0.408,-0.195,-0.25,0.813,0.436,0.144,-0.143,-0.285,0.392,0.552,0.516,0.891,0.262,0.05,-0.268,0.427,0.064,0.364,-0.228,0.148,-0.469,0.159,0.731,0.214,0.342,0.599,0.107,0.21,0.181,-0.06,0.496,-0.106,0.278,0.136,0.803,-0.113,0.612,0.141,0.622,0.281,-0.004,-0.16,0.012,-0.193,-0.233,0.527,-0.24,0.088,-0.211,0.222,0.078,0.452,0.18,0.544,0.536,0.478,0.26,0.066,0.305,-0.137,-0.135,-0.147,0.347,0.301,-0.31,0.058,0.124,-0.028,-0.171,0.846,0.445,-0.158,-0.195,0.612,0.408,-0.12,0.098,0.005,0.785,0.068,0.049,0.025,0.615,0.771,-0.145,0.035,-0.397,0.313,0.577,-0.186,0.621,0.195,0.731,0.653,0.459,-0.102,-0.025,-0.21,-0.03,-0.236,-0.14,0.562,0.34,-0.016,-0.21,0.527,-0.061,-0.144,0.279,0.041,-0.186,0.303,0.48,0.433,0.131,0.642,-0.17,0.324,0.278,0.012,0.124,0.336,0.09,0.568,0.134,0.675,-0.029,0.4,0.108,-0.11,-0.123,-0.554,0.538,0.376,0.201,0.195,0.014,-0.191
BLUE,0.371,-0.176,-0.011,0.342,-0.436,-0.319,0.132,0.208,0.514,0.833,-0.167,0.163,-0.148,-0.44,-0.372,-0.345,-0.191,0.129,-0.105,-0.055,0.393,-0.025,0.387,-0.163,-0.237,0.121,-0.08,0.248,-0.342,0.373,0.0,0.255,-0.323,0.133,-0.256,0.056,-0.061,0.208,0.378,-0.444,-0.067,-0.327,-0.196,0.295,-0.14,0.256,0.407,-0.143,-0.264,0.109,0.783,-0.037,-0.619,0.109,0.332,-0.528,-0.147,0.241,0.044,0.626,0.32,-0.297,0.074,-0.214,-0.297,0.689,0.657,0.299,-0.044,-0.097,-0.125,0.081,-0.098,0.492,0.128,0.097,0.061,-0.01,0.044,-0.053,-0.539,0.491,-0.187,0.144,0.144,0.222,-0.342,0.243,0.144,0.073,-0.406,-0.362,0.107,-0.367,-0.475,0.152,0.573,-0.516,0.469,-0.209,0.208,0.549,-0.129,-0.238,0.426,0.187,-0.155,0.15,-0.056,0.291,-0.396,-0.112,0.047,0.121,-0.167,0.422,0.321,0.642,0.42,-0.611,0.084,-0.097,-0.046,-0.393,-0.374,0.166,-0.389,0.063,0.374,-0.045,-0.069,0.338,0.423,-0.527,-0.05,-0.225,-0.062,-0.078,-0.043,-0.396,0.029,-0.148,0.004,-0.167,0.233,0.48,-0.201,-0.397,-0.201,0.669,0.575,-0.274,-0.051,-0.079,0.049,0.712,-0.088,-0.422,-0.143,-0.323,-0.119,-0.478,-0.174,0.641,0.516,-0.561,-0.262,-0.112,-0.109,-0.138,-0.348,-0.011,-0.111,0.092,0.261,0.248,0.07,0.252,-0.158,0.117,-0.496,-0.251,-0.069,-0.273,-0.055,0.264,-0.479,0.379,-0.169,-0.206,0.177,-0.399,-0.384,-0.259,0.132,0.042,0.118,0.499,-0.18,-0.62
BPOP,0.865,0.623,0.478,0.835,0.213,0.32,0.1,0.559,0.312,0.323,0.008,0.585,0.28,0.394,0.147,0.22,0.389,0.534,0.811,0.068,0.844,0.059,0.528,0.351,-0.046,-0.266,0.269,0.649,-0.143,0.786,0.255,0.0,0.493,0.408,-0.015,0.008,0.672,0.878,0.679,0.205,0.423,0.535,0.558,0.803,0.602,0.791,0.337,0.348,0.107,0.495,-0.08,0.89,-0.133,0.868,0.887,0.434,0.619,0.357,0.786,0.536,0.829,0.332,0.602,0.142,0.11,0.766,0.222,0.491,0.15,0.031,0.653,0.611,0.765,0.737,0.607,0.349,0.054,0.585,0.369,0.572,0.117,0.154,-0.443,0.076,0.786,0.531,0.154,0.796,0.277,0.519,0.528,0.331,0.397,0.232,0.493,0.327,0.647,0.311,0.755,0.502,0.804,0.183,0.36,0.216,0.117,0.024,0.155,0.79,0.102,0.348,0.099,0.572,0.193,0.745,0.541,0.679,0.673,0.564,0.432,0.366,0.423,0.249,0.176,0.143,0.484,0.537,0.071,0.335,-0.149,0.31,0.172,0.804,0.665,0.226,0.122,0.676,0.686,0.241,0.458,0.339,0.73,0.386,0.457,0.412,0.8,0.805,0.241,0.38,-0.216,-0.03,0.48,0.185,0.639,0.509,0.795,0.447,0.713,0.222,0.325,0.143,0.276,0.13,0.181,0.537,0.458,0.313,0.215,0.783,0.345,0.224,0.573,0.402,0.165,0.707,0.638,0.705,0.445,0.844,0.164,0.692,0.532,0.407,0.522,0.609,0.445,0.66,0.445,0.828,0.318,0.217,0.365,0.228,0.318,-0.316,0.53,0.688,0.523,0.347,0.433,0.028
