,AAL,AAON,ACB,ACGL,ACGLO,ACIW,ADBE,ADSK,AEP,AGIO,ALEC,ALNY,ALTR,AMBA,AMCX,AMKR,AMRX,ANSS,APPN,APTO,ARCT,ARWR,ASND,ASTH,ATSG,AVTX,BCPC,BEAM,BILI,BJRI,BLUE,BPOP,BRKL,BWIN,BZUN,CARG,CBRL,CBSH,CBUS,CENTA,CERS,CFFN,CHCO,CHEF,CHRD,CINF,CLLS,CMCO,CMCSA,COLL,COMM,COOP,CPB,CRON,CROX,CRUS,CRWD,CTAS,CYBR,CYTK,DGII,DIOD,DOMO,DPZ,DSGR,DXCM,ERIE,ESTA,EXEL,FAST,FCEL,FCFS,FHB,FITBI,FSV,FTDR,FUTU,GLDD,GLPG,GLPI,GOGO,GOSS,GSAT,GYRE,HALO,HAS,HLIT,HLNE,HSDT,HSIC,HTHT,ICHR,IDYA,IMVT,INDB,INSM,IONS,IOSP,ITRI,JBHT,JBLU,JSM,KLIC,KOD,KURA,LAB,LASR,LIN,LKQ,LNT,MBUU,MCRI,MDGL,MEDP,MGNI,MGPI,MGRC,MKTX,MRNA,MRTN,MSEX,MSFT,MU,NAVI,NBTB,NEO,NEOG,NGNE,NSSC,NTAP,NTES,NTLA,NTRS,NYMTN,OBLG,OCFC,ON,ONC,OPI,OSIS,OSW,PALI,PANW,PCAR,PCRX,PCTY,PEBO,PLAB,PLAY,PLMR,PLSE,PLUS,PRTA,PSEC,PSNL,PTCT,PTON,QNST,QRVO,QTTB,RARE,RBCAA,RGNX,SAIC,SGMO,SINT,SNPS,SPSC,SPTN,SSYS,STNE,TBBK,TCPC,TENB,TGTX,TREE,TRUP,TTWO,TW,TXG,UBSI,UCTT,UFPT,UMBF,UPBD,URBN,VBTX,VCTR,VEON,VNET,VRSK,VSEC,WABC,WTFCM,WVE,WW,WWD,XEL,ZD,ZYME
AAL,0.0,-0.064,0.59,-0.325,0.24,0.154,0.257,0.214,-0.217,-0.152,-0.388,-0.477,0.062,-0.511,0.614,0.569,0.34,-0.025,0.115,0.315,-0.316,-0.251,-0.014,0.172,0.66,-0.276,0.588,0.335,-0.562,0.574,-0.193,0.701,0.562,0.419,-0.598,-0.354,0.463,0.614,0.057,0.461,-0.353,0.383,0.678,0.619,0.522,0.598,0.421,0.147,0.309,-0.302,0.575,0.688,-0.555,0.502,0.322,-0.326,0.385,0.187,0.558,0.123,0.637,0.616,-0.485,0.628,-0.23,-0.468,0.132,-0.366,0.596,0.656,-0.129,0.5,0.481,0.186,0.424,0.719,-0.458,0.517,0.162,-0.357,0.22,0.511,0.655,0.622,-0.304,0.462,0.407,0.457,0.652,-0.214,-0.531,-0.224,0.496,-0.516,0.589,-0.256,0.435,0.666,0.192,0.018,0.852,0.018,-0.007,0.474,0.435,0.024,0.086,0.203,0.453,0.172,0.526,0.473,0.401,0.28,-0.158,0.7,-0.058,-0.366,-0.58,0.447,0.506,-0.088,0.541,-0.172,0.582,-0.221,0.567,0.197,-0.375,0.485,-0.518,0.622,0.62,0.374,0.264,0.729,0.705,-0.549,0.459,0.704,-0.151,0.416,0.666,0.594,0.706,0.45,0.588,0.588,0.626,0.572,-0.5,0.51,0.287,0.624,0.119,0.43,-0.245,0.665,-0.1,0.137,-0.567,0.6,0.007,-0.083,0.608,0.493,0.282,0.208,0.563,0.678,0.544,0.666,0.498,-0.229,-0.209,0.563,0.197,0.158,-0.386,0.273,0.704,-0.274,0.09,0.675,-0.149,0.219,0.689,0.391,0.212,-0.138,-0.002,0.567,0.615,-0.424,-0.408,0.464,0.553,-0.232,0.693,0.488
AAON,-0.064,0.0,-0.087,0.154,-0.027,0.349,0.466,0.374,0.146,0.252,0.376,0.484,0.301,0.465,-0.02,0.141,-0.152,0.389,0.376,-0.046,0.3,0.377,0.162,0.369,0.153,-0.095,-0.038,0.525,0.369,-0.034,0.097,-0.218,0.05,-0.311,0.424,0.593,-0.143,-0.244,0.165,0.074,0.518,0.17,-0.308,-0.424,-0.201,0.041,0.123,0.52,0.199,0.256,-0.014,-0.263,0.275,-0.07,0.172,0.666,-0.126,0.338,-0.176,-0.2,0.129,0.255,0.453,-0.269,0.486,0.395,-0.009,0.453,-0.148,0.335,0.448,0.079,-0.055,-0.051,0.124,-0.019,0.213,0.065,-0.076,0.238,0.106,-0.225,-0.366,-0.337,0.085,-0.181,-0.256,0.08,-0.092,0.272,0.311,0.658,0.066,0.297,-0.041,0.361,0.019,0.061,0.722,0.482,-0.112,-0.005,0.591,0.106,-0.192,0.12,0.499,0.356,0.364,0.239,0.207,-0.065,-0.027,0.25,0.474,-0.202,0.164,0.389,0.273,0.082,0.191,0.478,0.24,0.139,-0.23,0.453,0.203,-0.056,0.422,-0.127,0.191,-0.195,0.119,-0.269,-0.052,-0.133,0.272,0.511,-0.086,-0.118,0.61,-0.313,-0.209,0.026,-0.229,0.179,0.09,0.303,-0.211,-0.213,0.321,-0.082,0.338,-0.238,0.319,-0.192,0.208,-0.271,0.652,0.241,0.347,-0.067,0.007,-0.041,0.209,-0.338,0.25,0.132,-0.136,-0.09,-0.175,-0.053,-0.087,0.566,0.301,-0.096,0.376,0.155,0.293,0.233,-0.035,0.602,0.186,0.028,0.269,-0.221,-0.23,0.187,-0.323,0.325,0.292,-0.177,-0.021,0.185,-0.045,0.108,0.303,0.338,-0.113,-0.365
ACB,0.59,-0.087,0.0,-0.707,0.343,0.166,0.024,0.505,-0.784,-0.165,-0.584,-0.644,0.046,-0.745,0.762,0.824,-0.11,-0.069,-0.089,0.05,-0.336,-0.287,-0.222,0.045,0.622,-0.044,0.781,0.507,-0.729,0.838,-0.489,0.714,0.414,0.502,-0.648,-0.135,0.59,0.709,0.555,0.785,-0.22,0.037,0.75,0.708,0.832,0.387,-0.037,0.251,-0.204,-0.276,0.776,0.515,-0.903,0.721,0.451,-0.526,0.644,-0.239,0.726,0.355,0.532,0.377,-0.676,0.499,-0.021,-0.612,-0.054,-0.596,0.875,0.507,0.167,0.261,0.493,0.091,0.379,0.753,-0.685,0.465,0.513,-0.703,-0.169,0.863,0.875,0.862,-0.63,0.202,0.387,0.541,0.817,-0.497,-0.644,-0.501,0.674,-0.676,0.372,-0.147,0.804,0.684,0.186,-0.31,0.766,0.241,-0.273,0.697,0.643,0.304,0.024,-0.141,0.344,-0.446,0.659,0.215,0.725,0.459,-0.094,0.644,-0.255,-0.607,-0.437,0.462,0.412,-0.36,0.581,-0.517,0.815,-0.539,0.549,0.02,-0.469,0.66,-0.461,0.791,0.551,0.53,0.414,0.841,0.479,-0.394,0.379,0.855,-0.273,0.342,0.566,0.392,0.669,0.343,0.601,0.402,0.817,0.921,-0.763,0.778,0.117,0.723,0.174,0.457,-0.309,0.893,-0.376,0.577,-0.758,0.864,-0.24,-0.451,0.782,0.261,0.094,0.012,0.424,0.89,0.698,0.734,0.66,-0.372,-0.305,0.671,0.327,0.01,-0.68,0.414,0.685,-0.614,-0.074,0.682,-0.639,-0.181,0.792,0.812,-0.214,0.147,-0.429,0.723,0.852,-0.599,-0.465,0.318,0.678,-0.732,0.719,0.769
ACGL,-0.325,0.154,-0.707,0.0,0.329,0.369,0.282,-0.571,0.855,0.442,0.814,0.814,0.411,0.691,-0.817,-0.61,0.377,0.422,0.206,0.321,0.644,0.667,0.636,-0.099,-0.473,0.292,-0.686,-0.404,0.807,-0.75,0.849,-0.578,-0.456,-0.155,0.702,-0.085,-0.8,-0.736,-0.646,-0.747,0.485,0.453,-0.406,-0.372,-0.765,0.061,0.046,0.122,0.44,0.728,-0.774,-0.178,0.854,-0.144,0.083,0.322,-0.851,0.579,-0.666,-0.365,-0.406,0.068,0.752,-0.143,-0.263,0.79,0.609,0.818,-0.442,-0.457,-0.083,-0.147,-0.489,0.348,0.038,-0.683,0.912,0.049,-0.587,0.948,0.621,-0.742,-0.687,-0.632,0.899,0.315,-0.21,-0.63,-0.802,0.798,0.739,0.621,-0.244,0.843,0.093,0.467,-0.87,-0.519,0.095,0.326,-0.396,0.13,0.448,-0.585,-0.234,-0.07,0.267,0.176,-0.108,0.337,-0.419,0.108,-0.168,-0.733,0.596,-0.447,0.565,0.836,0.264,-0.221,-0.552,0.653,-0.724,0.893,-0.752,0.807,-0.054,0.024,0.533,-0.852,0.525,-0.777,-0.47,-0.085,-0.492,-0.568,-0.182,0.37,-0.303,-0.542,0.327,0.073,-0.2,-0.102,-0.552,-0.054,-0.121,-0.336,-0.632,-0.729,0.747,-0.871,0.314,-0.521,0.303,0.037,0.76,-0.565,0.402,-0.782,0.78,-0.506,0.651,0.767,-0.619,0.153,0.376,0.543,0.115,-0.739,-0.24,-0.682,-0.757,0.251,0.401,-0.112,-0.288,0.539,0.902,0.05,-0.434,0.733,0.578,-0.5,0.863,0.648,-0.638,-0.799,0.605,-0.259,0.77,-0.238,-0.633,0.838,0.409,-0.269,-0.614,0.686,-0.149,-0.618
ACGLO,0.24,-0.027,0.343,0.329,0.0,0.67,0.339,-0.109,0.111,0.373,0.232,0.186,0.567,-0.067,-0.055,0.255,0.336,0.503,0.057,0.401,0.387,0.447,0.506,-0.14,0.161,0.398,0.125,0.113,0.034,0.095,0.441,0.17,-0.049,0.528,0.018,-0.274,-0.255,-0.027,-0.106,-0.007,0.397,0.635,0.445,0.482,0.077,0.584,0.009,0.434,0.286,0.602,0.021,0.414,-0.049,0.737,0.604,-0.247,-0.219,0.464,0.127,0.033,0.161,0.523,0.045,0.496,-0.361,0.263,0.69,0.272,0.575,0.028,0.127,0.169,0.031,0.712,0.561,0.106,0.257,0.715,-0.035,0.309,0.593,0.183,0.264,0.301,0.329,0.703,0.238,-0.086,0.012,0.414,0.054,0.12,0.435,0.219,0.54,0.413,-0.068,0.2,0.33,-0.02,0.398,0.513,0.198,0.14,0.541,0.307,0.381,0.103,0.343,-0.133,0.27,0.372,0.619,-0.289,0.591,0.258,0.451,0.251,-0.127,0.35,-0.138,0.388,-0.181,0.49,0.092,0.291,0.632,0.021,0.13,-0.205,0.031,0.017,0.13,0.666,-0.085,0.325,0.345,-0.089,0.105,0.412,-0.032,0.553,0.515,0.391,0.12,0.384,0.571,0.051,0.224,0.24,-0.089,-0.08,0.497,0.278,0.61,0.666,0.53,0.415,0.011,-0.28,0.019,0.442,0.57,0.393,0.134,0.512,0.638,0.704,0.677,0.198,0.576,0.069,-0.1,-0.124,0.123,0.723,-0.05,0.714,0.247,0.563,0.286,0.12,0.674,0.213,0.198,0.606,0.198,-0.021,0.535,-0.255,0.485,0.656,0.273,0.321,0.039,0.002,0.051,-0.049,0.726,0.247
ACIW,0.154,0.349,0.166,0.369,0.67,0.0,0.672,0.225,0.201,0.473,0.445,0.468,0.822,0.226,-0.092,0.224,0.227,0.724,0.542,0.276,0.593,0.6,0.47,0.242,0.252,0.377,0.004,0.355,0.325,0.015,0.503,-0.018,-0.108,0.177,0.36,0.095,-0.363,-0.273,0.058,0.011,0.593,0.442,0.127,0.072,-0.126,0.452,0.062,0.722,0.403,0.646,-0.099,0.17,0.172,0.42,0.58,0.197,-0.192,0.535,0.023,-0.06,-0.038,0.543,0.393,0.147,0.087,0.496,0.47,0.538,0.211,0.097,0.403,0.033,-0.043,0.371,0.491,0.06,0.381,0.478,-0.045,0.389,0.528,-0.051,-0.076,-0.065,0.444,0.406,0.042,-0.05,-0.072,0.606,0.322,0.519,0.268,0.429,0.334,0.576,-0.143,0.026,0.615,0.376,0.192,0.459,0.47,0.134,0.152,0.485,0.683,0.29,0.376,0.04,0.355,0.271,0.42,-0.119,0.804,0.022,0.347,0.487,0.189,0.373,-0.127,0.611,-0.091,0.537,-0.137,0.512,0.481,-0.006,0.412,-0.274,0.327,-0.15,0.057,0.229,-0.112,0.108,0.274,0.336,-0.039,0.2,0.308,0.141,0.224,0.153,-0.139,0.494,0.477,0.16,0.107,0.029,0.198,-0.19,0.409,0.0,0.814,0.397,0.647,0.106,0.394,-0.112,0.328,0.218,0.499,0.248,0.142,0.28,0.687,0.741,0.416,0.002,0.223,-0.054,-0.204,0.429,0.306,0.643,0.395,0.726,0.428,0.627,0.102,0.494,0.672,0.08,0.427,0.348,-0.063,-0.059,0.317,0.032,0.477,0.236,0.018,0.503,0.074,-0.034,0.118,0.198,0.458,-0.174
ADBE,0.257,0.466,0.024,0.282,0.339,0.672,0.0,0.348,0.314,0.531,0.388,0.386,0.754,0.333,0.085,0.307,0.466,0.836,0.779,-0.032,0.623,0.482,0.477,0.278,0.409,0.221,0.051,0.468,0.252,0.123,0.425,0.119,0.14,0.117,0.309,0.361,-0.095,-0.157,0.022,-0.053,0.517,0.341,0.071,0.029,-0.022,0.545,0.288,0.635,0.677,0.334,0.003,0.17,0.197,0.108,0.502,0.428,-0.121,0.628,0.126,0.154,0.162,0.677,0.396,0.103,0.184,0.384,0.413,0.422,0.043,0.18,0.526,0.194,0.198,0.222,0.548,0.205,0.286,0.444,0.087,0.376,0.5,-0.056,-0.132,-0.163,0.393,0.327,0.176,0.232,0.02,0.549,0.233,0.672,0.094,0.254,0.153,0.342,-0.072,-0.014,0.642,0.643,0.061,0.236,0.627,0.177,-0.142,0.482,0.666,0.5,0.499,0.448,0.466,0.405,0.143,0.055,0.618,0.117,0.379,0.387,0.252,0.402,0.123,0.757,0.143,0.415,-0.076,0.427,0.549,0.243,0.436,-0.156,0.339,-0.001,0.28,0.09,0.098,0.05,0.388,0.348,0.191,0.146,0.227,0.021,0.082,0.2,-0.23,0.722,0.331,0.358,0.202,0.02,0.146,-0.073,0.454,0.081,0.698,0.277,0.37,0.009,0.684,0.038,0.325,0.108,0.548,-0.016,0.243,0.326,0.789,0.678,0.275,0.016,0.031,0.039,0.029,0.643,0.469,0.504,0.561,0.7,0.333,0.668,0.125,0.625,0.412,0.189,0.526,0.207,-0.012,-0.102,0.175,0.067,0.435,0.027,-0.075,0.408,0.16,0.096,0.181,0.505,0.296,-0.308
ADSK,0.214,0.374,0.505,-0.571,-0.109,0.225,0.348,0.0,-0.552,-0.042,-0.232,-0.231,0.239,-0.206,0.564,0.673,-0.255,0.249,0.297,-0.348,0.021,0.02,-0.203,0.431,0.542,-0.06,0.473,0.742,-0.312,0.589,-0.481,0.307,0.273,-0.029,-0.236,0.435,0.449,0.288,0.646,0.718,0.137,-0.274,0.16,0.101,0.483,0.085,-0.22,0.512,-0.14,-0.233,0.545,0.035,-0.475,0.09,0.263,0.129,0.492,-0.189,0.431,0.321,0.23,0.176,-0.234,-0.139,0.65,-0.177,-0.259,-0.264,0.271,0.382,0.495,-0.027,0.304,-0.263,0.142,0.542,-0.496,0.16,0.479,-0.503,-0.388,0.402,0.304,0.274,-0.495,-0.333,0.079,0.519,0.511,-0.309,-0.235,0.084,0.328,-0.378,-0.145,0.06,0.668,0.319,0.513,0.218,0.238,0.088,0.112,0.605,0.103,0.424,0.305,-0.022,0.299,-0.137,0.656,0.053,0.208,0.655,0.01,0.177,-0.273,-0.263,0.138,0.417,0.356,-0.048,0.604,-0.451,0.407,-0.251,0.271,0.103,-0.036,0.422,-0.105,0.439,0.379,-0.042,0.505,0.356,0.23,0.28,0.209,0.341,0.121,-0.333,-0.0,0.053,0.161,0.343,0.258,0.427,0.507,0.483,-0.353,0.552,-0.085,0.222,0.17,0.04,-0.249,0.328,0.168,0.821,-0.272,0.495,-0.313,-0.666,0.637,-0.16,0.14,-0.033,-0.09,0.467,0.19,0.383,0.463,0.358,0.086,0.304,0.604,-0.158,-0.392,0.38,0.243,-0.107,-0.131,0.403,-0.368,-0.624,0.308,0.697,-0.595,0.419,-0.392,0.093,0.454,-0.316,-0.241,0.109,0.549,-0.238,0.175,0.157
AEP,-0.217,0.146,-0.784,0.855,0.111,0.201,0.314,-0.552,0.0,0.439,0.656,0.671,0.227,0.707,-0.626,-0.638,0.487,0.388,0.199,0.212,0.446,0.403,0.536,-0.094,-0.335,0.184,-0.573,-0.392,0.642,-0.704,0.725,-0.438,-0.16,-0.101,0.549,-0.018,-0.589,-0.565,-0.666,-0.819,0.304,0.428,-0.401,-0.347,-0.716,0.156,0.268,-0.075,0.605,0.496,-0.643,-0.123,0.87,-0.291,-0.181,0.456,-0.661,0.717,-0.512,-0.317,-0.213,0.121,0.643,-0.052,-0.186,0.652,0.41,0.734,-0.532,-0.252,-0.078,0.143,-0.263,0.31,0.105,-0.501,0.747,-0.015,-0.496,0.876,0.632,-0.694,-0.668,-0.674,0.821,0.318,-0.102,-0.374,-0.683,0.769,0.533,0.637,-0.482,0.688,0.072,0.293,-0.801,-0.414,0.074,0.497,-0.447,-0.07,0.439,-0.564,-0.401,-0.139,0.262,0.501,0.081,0.647,-0.45,0.112,-0.461,-0.488,0.353,-0.296,0.624,0.688,0.25,-0.132,-0.235,0.689,-0.514,0.805,-0.655,0.677,-0.061,0.096,0.574,-0.628,0.315,-0.641,-0.227,-0.134,-0.434,-0.541,-0.071,0.176,-0.132,-0.482,0.272,0.024,-0.11,0.001,-0.492,0.065,-0.148,-0.174,-0.605,-0.758,0.635,-0.698,0.302,-0.4,0.217,-0.032,0.468,-0.634,0.481,-0.774,0.7,-0.575,0.624,0.671,-0.572,0.107,0.376,0.425,0.073,-0.658,-0.384,-0.49,-0.528,0.387,0.389,-0.259,-0.326,0.458,0.761,-0.144,-0.348,0.744,0.435,-0.38,0.816,0.585,-0.552,-0.818,0.591,-0.379,0.838,-0.337,-0.649,0.677,0.475,-0.201,-0.462,0.871,-0.254,-0.649
AGIO,-0.152,0.252,-0.165,0.442,0.373,0.473,0.531,-0.042,0.439,0.0,0.452,0.43,0.408,0.601,-0.191,-0.037,0.399,0.742,0.249,-0.179,0.7,0.518,0.664,-0.207,0.119,0.602,-0.219,0.201,0.365,-0.22,0.655,-0.125,0.028,0.314,0.443,0.36,-0.331,-0.277,-0.076,-0.345,0.576,0.25,-0.109,0.056,-0.172,0.391,0.055,0.151,0.49,0.548,-0.202,-0.086,0.374,0.204,0.26,0.318,-0.248,0.593,-0.11,0.296,0.011,0.301,0.413,0.044,0.093,0.373,0.321,0.526,-0.03,-0.274,0.655,0.164,0.097,0.371,0.412,-0.184,0.522,0.232,0.169,0.591,0.383,-0.12,-0.307,-0.372,0.594,0.373,0.262,0.131,-0.308,0.713,0.348,0.572,-0.167,0.423,-0.031,0.686,-0.306,-0.305,0.372,0.667,-0.344,0.026,0.497,0.006,-0.227,0.592,0.52,0.478,0.361,0.365,0.133,0.148,-0.028,-0.204,0.526,-0.083,0.687,0.479,0.544,0.394,-0.159,0.782,-0.27,0.577,-0.229,0.33,0.287,0.455,0.653,-0.334,0.418,-0.171,0.083,0.196,-0.197,-0.231,-0.049,0.357,0.178,-0.071,-0.038,-0.028,0.047,0.082,-0.546,0.414,0.125,-0.049,-0.011,-0.209,0.149,-0.23,0.426,0.037,0.597,0.411,0.43,-0.217,0.547,-0.241,0.565,0.005,0.812,0.237,-0.048,0.209,0.522,0.494,0.171,-0.244,-0.052,-0.238,-0.124,0.47,0.744,0.288,0.039,0.751,0.411,0.25,-0.21,0.564,0.293,-0.096,0.478,0.318,-0.287,-0.307,0.245,0.041,0.512,0.009,-0.3,0.444,0.659,-0.382,-0.005,0.568,0.007,-0.423
ALEC,-0.388,0.376,-0.584,0.814,0.232,0.445,0.388,-0.232,0.656,0.452,0.0,0.874,0.517,0.726,-0.773,-0.499,0.11,0.527,0.315,0.192,0.743,0.833,0.583,0.245,-0.459,0.318,-0.75,-0.121,0.88,-0.742,0.777,-0.725,-0.617,-0.407,0.782,0.131,-0.88,-0.876,-0.405,-0.543,0.704,0.221,-0.612,-0.453,-0.777,-0.157,-0.087,0.333,0.23,0.713,-0.787,-0.476,0.775,-0.203,0.086,0.447,-0.777,0.432,-0.757,-0.423,-0.538,-0.061,0.815,-0.473,0.104,0.854,0.424,0.911,-0.441,-0.464,0.156,-0.326,-0.658,0.147,-0.165,-0.576,0.872,-0.032,-0.493,0.791,0.467,-0.793,-0.724,-0.676,0.721,0.01,-0.503,-0.612,-0.781,0.723,0.857,0.761,-0.084,0.894,-0.176,0.63,-0.738,-0.61,0.328,0.388,-0.405,0.222,0.577,-0.384,-0.306,0.096,0.395,0.12,-0.114,0.148,-0.283,-0.175,-0.188,-0.57,0.709,-0.669,0.374,0.93,0.42,-0.252,-0.601,0.68,-0.634,0.782,-0.82,0.871,-0.125,-0.154,0.55,-0.863,0.633,-0.829,-0.56,-0.213,-0.465,-0.623,-0.304,0.592,-0.577,-0.63,0.55,-0.163,-0.419,-0.27,-0.709,-0.11,-0.257,-0.357,-0.685,-0.719,0.843,-0.824,0.211,-0.709,0.491,-0.124,0.835,-0.61,0.505,-0.407,0.86,-0.418,0.457,0.624,-0.538,-0.101,0.269,0.475,-0.07,-0.758,-0.394,-0.761,-0.786,0.42,0.572,-0.101,0.081,0.466,0.925,0.099,-0.615,0.779,0.575,-0.635,0.789,0.337,-0.773,-0.576,0.271,0.169,0.61,-0.3,-0.623,0.858,0.382,-0.185,-0.443,0.592,-0.236,-0.756
ALNY,-0.477,0.484,-0.644,0.814,0.186,0.468,0.386,-0.231,0.671,0.43,0.874,0.0,0.515,0.808,-0.76,-0.488,0.058,0.474,0.398,0.237,0.709,0.732,0.511,0.237,-0.479,0.18,-0.695,-0.101,0.93,-0.733,0.742,-0.74,-0.538,-0.453,0.889,0.209,-0.833,-0.864,-0.374,-0.539,0.653,0.257,-0.647,-0.651,-0.819,-0.171,0.001,0.384,0.301,0.686,-0.774,-0.492,0.858,-0.24,0.112,0.602,-0.733,0.47,-0.744,-0.471,-0.498,-0.01,0.871,-0.462,0.158,0.903,0.316,0.919,-0.532,-0.366,0.167,-0.336,-0.61,0.117,-0.102,-0.672,0.874,-0.077,-0.544,0.801,0.407,-0.784,-0.823,-0.736,0.771,-0.027,-0.486,-0.598,-0.741,0.734,0.888,0.779,-0.285,0.922,-0.145,0.624,-0.735,-0.568,0.387,0.396,-0.503,0.105,0.608,-0.471,-0.37,0.118,0.404,0.182,-0.119,0.234,-0.281,-0.103,-0.175,-0.494,0.736,-0.682,0.322,0.921,0.446,-0.282,-0.524,0.661,-0.572,0.717,-0.846,0.892,-0.182,-0.11,0.64,-0.803,0.669,-0.833,-0.549,-0.339,-0.505,-0.67,-0.243,0.705,-0.526,-0.64,0.646,-0.257,-0.465,-0.345,-0.678,-0.098,-0.231,-0.24,-0.675,-0.767,0.869,-0.827,0.202,-0.723,0.451,-0.181,0.798,-0.699,0.609,-0.438,0.894,-0.545,0.412,0.564,-0.504,-0.15,0.275,0.419,-0.145,-0.768,-0.421,-0.746,-0.791,0.539,0.455,-0.194,0.096,0.426,0.899,0.086,-0.571,0.862,0.509,-0.57,0.785,0.278,-0.788,-0.612,0.262,0.056,0.602,-0.433,-0.663,0.866,0.283,-0.26,-0.464,0.629,-0.322,-0.76
ALTR,0.062,0.301,0.046,0.411,0.567,0.822,0.754,0.239,0.227,0.408,0.517,0.515,0.0,0.214,-0.19,0.217,0.358,0.765,0.687,0.185,0.753,0.706,0.537,0.257,0.172,0.263,-0.053,0.346,0.411,-0.045,0.507,-0.048,-0.214,0.069,0.371,0.082,-0.365,-0.341,-0.09,0.002,0.583,0.419,0.087,0.016,-0.141,0.369,-0.068,0.75,0.408,0.515,-0.193,0.139,0.211,0.214,0.661,0.157,-0.34,0.469,-0.037,-0.057,-0.118,0.53,0.423,0.036,0.08,0.562,0.581,0.517,0.086,-0.075,0.298,-0.08,-0.099,0.301,0.435,0.012,0.44,0.472,-0.172,0.404,0.479,-0.13,-0.103,-0.077,0.504,0.297,-0.0,-0.122,-0.16,0.558,0.42,0.567,0.232,0.4,0.247,0.425,-0.219,-0.09,0.536,0.315,0.101,0.486,0.446,0.045,0.139,0.437,0.679,0.1,0.185,0.04,0.312,0.368,0.409,-0.239,0.803,-0.055,0.284,0.503,0.165,0.212,-0.244,0.584,-0.17,0.532,-0.191,0.576,0.442,0.068,0.391,-0.402,0.499,-0.189,-0.055,0.201,-0.041,0.045,0.223,0.475,-0.059,0.074,0.287,0.091,0.042,0.07,-0.235,0.493,0.363,0.146,0.082,0.016,0.261,-0.287,0.38,-0.101,0.747,0.304,0.654,0.048,0.41,-0.094,0.344,0.153,0.484,0.154,0.114,0.414,0.708,0.816,0.368,-0.077,0.185,-0.163,-0.243,0.436,0.395,0.593,0.452,0.654,0.485,0.735,0.037,0.524,0.697,0.022,0.514,0.3,-0.091,-0.159,0.317,0.039,0.418,0.143,-0.058,0.611,-0.01,-0.036,-0.075,0.24,0.397,-0.234
AMBA,-0.511,0.465,-0.745,0.691,-0.067,0.226,0.333,-0.206,0.707,0.601,0.726,0.808,0.214,0.0,-0.595,-0.494,0.061,0.488,0.28,-0.158,0.603,0.54,0.459,0.116,-0.357,0.337,-0.681,-0.047,0.777,-0.685,0.637,-0.696,-0.319,-0.348,0.79,0.485,-0.624,-0.727,-0.226,-0.624,0.639,0.059,-0.744,-0.624,-0.725,-0.164,0.128,0.114,0.33,0.568,-0.623,-0.566,0.843,-0.402,-0.115,0.789,-0.523,0.481,-0.632,-0.148,-0.353,-0.114,0.781,-0.466,0.311,0.73,0.122,0.787,-0.632,-0.4,0.407,-0.197,-0.397,0.037,-0.143,-0.615,0.752,-0.25,-0.219,0.773,0.247,-0.728,-0.88,-0.869,0.646,-0.072,-0.279,-0.296,-0.694,0.727,0.719,0.808,-0.472,0.782,-0.412,0.655,-0.626,-0.61,0.358,0.626,-0.723,-0.134,0.688,-0.367,-0.628,0.136,0.378,0.417,0.025,0.506,-0.252,-0.195,-0.519,-0.273,0.438,-0.633,0.455,0.772,0.714,-0.1,-0.299,0.717,-0.419,0.6,-0.764,0.621,-0.251,0.161,0.714,-0.612,0.532,-0.711,-0.346,-0.41,-0.369,-0.758,-0.324,0.621,-0.312,-0.686,0.428,-0.458,-0.433,-0.281,-0.808,-0.089,-0.411,-0.215,-0.646,-0.81,0.705,-0.641,0.124,-0.608,0.25,-0.176,0.484,-0.788,0.77,-0.338,0.916,-0.61,0.472,0.426,-0.536,-0.327,0.18,0.159,-0.322,-0.773,-0.558,-0.678,-0.57,0.679,0.622,-0.368,-0.026,0.339,0.721,-0.161,-0.673,0.849,0.149,-0.546,0.678,0.123,-0.81,-0.579,0.06,0.096,0.525,-0.548,-0.72,0.645,0.67,-0.368,-0.31,0.803,-0.558,-0.836
AMCX,0.614,-0.02,0.762,-0.817,-0.055,-0.092,0.085,0.564,-0.626,-0.191,-0.773,-0.76,-0.19,-0.595,0.0,0.79,0.005,-0.089,-0.015,-0.237,-0.524,-0.556,-0.336,0.024,0.792,-0.17,0.885,0.562,-0.877,0.911,-0.672,0.843,0.777,0.492,-0.754,0.125,0.893,0.888,0.591,0.67,-0.382,-0.093,0.664,0.572,0.875,0.433,0.218,0.048,0.003,-0.573,0.943,0.541,-0.806,0.342,0.188,-0.198,0.862,-0.127,0.884,0.533,0.76,0.394,-0.727,0.501,0.135,-0.747,-0.282,-0.727,0.617,0.707,0.25,0.508,0.809,-0.064,0.424,0.856,-0.871,0.246,0.691,-0.748,-0.302,0.861,0.763,0.696,-0.71,0.105,0.578,0.879,0.906,-0.528,-0.858,-0.428,0.32,-0.843,0.218,-0.356,0.907,0.752,0.17,-0.006,0.56,-0.132,-0.201,0.705,0.295,0.172,-0.022,0.209,0.539,0.035,0.688,0.258,0.297,0.814,-0.428,0.775,-0.167,-0.794,-0.296,0.619,0.812,-0.303,0.872,-0.665,0.897,-0.729,0.483,0.239,-0.362,0.918,-0.633,0.932,0.839,0.33,0.611,0.766,0.557,-0.462,0.65,0.802,-0.39,0.128,0.553,0.476,0.662,0.489,0.456,0.602,0.828,0.817,-0.857,0.964,0.057,0.811,-0.117,0.308,-0.731,0.719,-0.164,0.649,-0.778,0.653,-0.27,-0.694,0.796,0.11,0.088,-0.2,0.186,0.893,0.455,0.906,0.92,-0.093,-0.284,0.374,0.277,-0.181,-0.858,0.181,0.719,-0.542,-0.364,0.819,-0.652,-0.362,0.834,0.768,-0.369,-0.011,-0.436,0.447,0.761,-0.807,-0.315,0.32,0.802,-0.427,0.438,0.642
AMKR,0.569,0.141,0.824,-0.61,0.255,0.224,0.307,0.673,-0.638,-0.037,-0.499,-0.488,0.217,-0.494,0.79,0.0,0.041,0.158,0.201,-0.121,-0.106,-0.131,-0.082,0.181,0.77,-0.097,0.8,0.76,-0.616,0.868,-0.448,0.701,0.524,0.448,-0.546,0.133,0.654,0.667,0.581,0.765,-0.079,0.1,0.669,0.576,0.81,0.48,0.001,0.476,0.008,-0.243,0.825,0.536,-0.736,0.511,0.617,-0.188,0.602,-0.047,0.754,0.458,0.603,0.577,-0.564,0.465,0.186,-0.407,0.053,-0.517,0.745,0.566,0.323,0.318,0.592,0.113,0.474,0.758,-0.604,0.515,0.514,-0.574,-0.186,0.765,0.722,0.708,-0.523,0.205,0.449,0.677,0.781,-0.372,-0.541,-0.167,0.604,-0.643,0.274,-0.079,0.805,0.707,0.43,-0.032,0.633,0.148,0.064,0.784,0.549,0.302,0.307,0.013,0.461,-0.172,0.838,0.453,0.582,0.593,-0.016,0.626,-0.138,-0.512,-0.214,0.599,0.532,-0.137,0.745,-0.45,0.756,-0.428,0.644,0.235,-0.286,0.636,-0.326,0.773,0.662,0.401,0.531,0.785,0.653,-0.169,0.534,0.774,-0.195,0.182,0.507,0.536,0.556,0.494,0.583,0.626,0.819,0.834,-0.712,0.766,0.179,0.666,0.143,0.454,-0.314,0.797,0.037,0.659,-0.621,0.759,-0.109,-0.537,0.833,0.279,0.288,0.108,0.367,0.838,0.648,0.709,0.696,-0.033,-0.074,0.607,0.424,0.039,-0.608,0.527,0.654,-0.318,-0.044,0.762,-0.476,-0.226,0.733,0.767,-0.28,0.128,-0.341,0.614,0.796,-0.511,-0.352,0.367,0.741,-0.479,0.654,0.634
AMRX,0.34,-0.152,-0.11,0.377,0.336,0.227,0.466,-0.255,0.487,0.399,0.11,0.058,0.358,0.061,0.005,0.041,0.0,0.423,0.259,0.147,0.349,0.209,0.602,-0.364,0.353,0.077,0.104,-0.042,0.029,-0.02,0.428,0.362,0.323,0.506,-0.055,-0.262,-0.014,0.101,-0.531,-0.304,-0.062,0.612,0.394,0.375,0.043,0.713,0.239,0.029,0.788,0.149,-0.031,0.514,0.169,0.192,0.325,-0.108,-0.221,0.639,0.219,0.146,0.257,0.643,0.066,0.475,-0.446,0.077,0.535,0.173,0.091,0.028,-0.06,0.543,0.363,0.442,0.642,0.113,0.258,0.344,-0.134,0.429,0.508,0.053,0.074,0.021,0.546,0.742,0.483,0.163,-0.106,0.482,-0.019,0.223,-0.089,0.016,0.522,0.029,-0.289,0.112,0.04,0.35,0.15,0.019,0.137,-0.144,0.07,0.113,0.254,0.359,0.343,0.479,0.164,0.66,0.14,-0.238,0.218,0.396,0.58,0.139,-0.17,0.322,0.036,0.462,-0.142,0.532,0.093,0.211,0.482,0.465,0.159,-0.139,0.04,0.109,0.366,0.393,-0.032,0.182,0.406,-0.179,0.497,0.272,-0.313,0.443,0.435,0.439,0.01,0.57,0.421,0.312,0.22,0.036,-0.079,-0.106,0.486,0.339,0.265,0.543,0.143,0.13,0.186,-0.508,0.064,0.128,0.684,0.226,0.065,0.756,0.66,0.689,0.58,0.052,0.251,0.106,0.104,0.109,0.193,0.382,-0.203,0.595,0.229,0.254,0.33,0.273,0.395,0.292,0.514,0.656,0.217,-0.372,0.65,-0.469,0.53,0.229,-0.037,0.234,0.137,-0.071,-0.086,0.453,0.384,-0.067
ANSS,-0.025,0.389,-0.069,0.422,0.503,0.724,0.836,0.249,0.388,0.742,0.527,0.474,0.765,0.488,-0.089,0.158,0.423,0.0,0.531,-0.189,0.778,0.664,0.617,0.071,0.261,0.589,-0.094,0.383,0.344,-0.043,0.552,-0.045,-0.018,0.256,0.376,0.446,-0.274,-0.298,-0.002,-0.206,0.762,0.289,-0.026,0.05,-0.113,0.502,0.072,0.563,0.543,0.583,-0.106,0.035,0.316,0.166,0.461,0.419,-0.247,0.652,0.013,0.277,0.059,0.495,0.461,0.049,0.182,0.524,0.516,0.562,0.046,-0.104,0.679,0.112,0.114,0.371,0.55,0.021,0.439,0.43,0.189,0.545,0.483,-0.112,-0.225,-0.26,0.51,0.353,0.205,0.142,-0.204,0.715,0.322,0.715,0.03,0.416,0.027,0.581,-0.178,-0.172,0.622,0.68,-0.16,0.276,0.603,0.115,-0.122,0.554,0.697,0.479,0.494,0.362,0.344,0.235,0.099,-0.055,0.698,-0.025,0.627,0.501,0.504,0.462,-0.06,0.876,-0.096,0.589,-0.177,0.445,0.524,0.271,0.657,-0.323,0.431,-0.147,0.17,0.218,0.042,-0.098,0.165,0.45,0.124,0.024,0.138,-0.02,0.06,0.16,-0.47,0.659,0.239,0.097,0.068,-0.086,0.168,-0.173,0.475,0.027,0.754,0.36,0.478,-0.086,0.62,-0.055,0.487,0.094,0.726,0.108,0.07,0.248,0.805,0.722,0.233,-0.132,0.029,-0.129,-0.076,0.64,0.656,0.491,0.305,0.783,0.442,0.603,-0.072,0.64,0.517,0.013,0.512,0.238,-0.177,-0.181,0.194,0.059,0.561,0.088,-0.168,0.51,0.466,-0.189,0.058,0.55,0.209,-0.372
APPN,0.115,0.376,-0.089,0.206,0.057,0.542,0.779,0.297,0.199,0.249,0.315,0.398,0.687,0.28,-0.015,0.201,0.259,0.531,0.0,0.051,0.526,0.342,0.232,0.486,0.247,-0.056,0.001,0.394,0.333,0.045,0.334,-0.016,-0.027,-0.166,0.386,0.264,-0.095,-0.229,0.087,-0.01,0.33,0.154,-0.079,-0.251,-0.116,0.179,0.239,0.566,0.434,0.103,-0.102,0.083,0.235,-0.212,0.432,0.417,-0.036,0.327,0.044,-0.039,-0.109,0.485,0.405,-0.067,0.29,0.402,0.111,0.328,-0.211,0.105,0.289,-0.075,0.047,-0.005,0.218,0.082,0.251,0.127,-0.057,0.208,0.339,-0.17,-0.212,-0.227,0.353,0.044,0.009,0.083,0.005,0.39,0.303,0.522,-0.016,0.257,-0.021,0.129,-0.129,-0.089,0.391,0.412,-0.034,0.211,0.459,0.093,-0.212,0.306,0.569,0.282,0.106,0.308,0.266,0.29,0.039,0.039,0.485,-0.051,-0.013,0.294,0.26,0.152,0.042,0.436,0.146,0.223,-0.161,0.374,0.188,0.044,0.297,-0.117,0.493,-0.079,0.028,-0.195,0.08,-0.05,0.223,0.439,0.01,-0.042,0.317,-0.161,-0.155,-0.02,-0.174,0.458,0.07,0.316,0.064,-0.056,0.279,-0.152,0.12,-0.146,0.476,-0.067,0.316,-0.119,0.573,0.055,0.304,-0.122,0.246,-0.098,0.106,0.19,0.462,0.418,0.013,-0.109,-0.195,-0.047,-0.082,0.61,0.32,0.286,0.717,0.378,0.268,0.493,0.024,0.527,0.208,0.056,0.445,0.074,-0.09,-0.201,0.097,0.089,0.139,-0.24,-0.208,0.426,-0.004,0.233,0.035,0.322,0.078,-0.303
APTO,0.315,-0.046,0.05,0.321,0.401,0.276,-0.032,-0.348,0.212,-0.179,0.192,0.237,0.185,-0.158,-0.237,-0.121,0.147,-0.189,0.051,0.0,-0.042,0.143,0.152,0.209,-0.133,-0.354,-0.053,-0.225,0.174,-0.199,0.304,-0.04,-0.115,-0.044,0.082,-0.665,-0.329,-0.117,-0.404,-0.041,-0.172,0.577,0.166,0.049,-0.254,0.121,0.146,0.148,0.135,0.177,-0.241,0.268,0.095,0.289,0.191,-0.268,-0.301,0.246,-0.204,-0.597,-0.055,0.231,0.094,0.226,-0.383,0.195,0.252,0.24,0.142,0.16,-0.542,0.046,-0.287,0.362,0.039,-0.058,0.226,0.267,-0.601,0.159,0.463,-0.165,0.083,0.136,0.274,0.32,-0.188,-0.425,-0.045,0.119,0.153,-0.058,0.216,0.227,0.545,0.004,-0.292,0.175,0.009,-0.277,0.429,0.273,-0.019,-0.133,0.376,-0.178,0.035,-0.046,-0.117,-0.106,-0.115,0.221,0.371,-0.404,0.234,0.043,-0.041,0.239,-0.521,-0.178,-0.151,-0.056,-0.224,0.275,-0.142,0.398,0.067,-0.29,-0.192,-0.227,-0.077,-0.195,-0.174,0.134,-0.327,0.153,0.241,-0.212,-0.229,0.109,0.335,0.429,0.224,0.124,0.337,-0.131,0.293,0.061,-0.134,-0.089,0.267,-0.288,0.184,-0.109,0.186,0.126,0.402,0.11,-0.177,-0.443,-0.016,0.049,0.048,0.518,-0.098,0.305,0.082,0.299,0.403,-0.029,0.227,-0.05,-0.331,-0.304,-0.252,0.173,-0.073,0.171,0.285,0.001,0.199,0.041,0.466,0.047,0.236,0.529,0.049,-0.214,0.591,-0.287,0.338,0.234,0.074,0.27,-0.439,0.242,-0.127,-0.114,0.388,0.109
ARCT,-0.316,0.3,-0.336,0.644,0.387,0.593,0.623,0.021,0.446,0.7,0.743,0.709,0.753,0.603,-0.524,-0.106,0.349,0.778,0.526,-0.042,0.0,0.873,0.678,0.092,-0.103,0.46,-0.451,0.167,0.702,-0.4,0.748,-0.407,-0.42,-0.083,0.663,0.272,-0.607,-0.639,-0.21,-0.338,0.727,0.214,-0.293,-0.204,-0.414,0.125,-0.195,0.483,0.355,0.662,-0.501,-0.216,0.545,-0.041,0.445,0.319,-0.588,0.416,-0.38,0.02,-0.412,0.213,0.653,-0.244,0.147,0.742,0.523,0.699,-0.23,-0.503,0.416,-0.275,-0.305,0.248,0.172,-0.384,0.747,0.216,-0.184,0.679,0.404,-0.431,-0.482,-0.485,0.733,0.156,-0.107,-0.297,-0.547,0.731,0.711,0.73,-0.001,0.66,-0.125,0.633,-0.515,-0.509,0.377,0.492,-0.363,0.31,0.547,-0.135,-0.157,0.435,0.592,0.074,-0.029,0.11,0.045,0.173,0.053,-0.465,0.775,-0.403,0.438,0.727,0.552,0.063,-0.543,0.723,-0.485,0.701,-0.516,0.65,0.161,0.198,0.586,-0.695,0.776,-0.496,-0.323,-0.001,-0.192,-0.388,-0.166,0.688,-0.175,-0.351,0.24,-0.114,-0.288,-0.126,-0.672,0.25,-0.026,-0.181,-0.232,-0.356,0.489,-0.577,0.275,-0.374,0.618,0.17,0.763,-0.333,0.552,-0.245,0.719,-0.165,0.664,0.306,-0.233,0.244,0.536,0.667,0.086,-0.491,-0.134,-0.562,-0.487,0.508,0.726,0.286,0.233,0.652,0.699,0.467,-0.402,0.716,0.523,-0.357,0.69,0.309,-0.501,-0.452,0.277,0.147,0.462,-0.142,-0.455,0.778,0.441,-0.279,-0.352,0.503,-0.015,-0.545
ARWR,-0.251,0.377,-0.287,0.667,0.447,0.6,0.482,0.02,0.403,0.518,0.833,0.732,0.706,0.54,-0.556,-0.131,0.209,0.664,0.342,0.143,0.873,0.0,0.665,0.194,-0.166,0.351,-0.465,0.151,0.704,-0.465,0.7,-0.476,-0.506,-0.163,0.59,0.129,-0.7,-0.673,-0.239,-0.244,0.74,0.284,-0.312,-0.185,-0.473,0.047,-0.265,0.557,0.205,0.716,-0.518,-0.255,0.504,0.043,0.456,0.251,-0.674,0.39,-0.501,-0.17,-0.388,0.141,0.615,-0.303,0.154,0.779,0.579,0.753,-0.15,-0.422,0.277,-0.306,-0.459,0.271,0.072,-0.356,0.726,0.206,-0.311,0.646,0.379,-0.489,-0.444,-0.409,0.646,0.114,-0.269,-0.439,-0.584,0.643,0.722,0.709,0.215,0.694,-0.049,0.696,-0.481,-0.399,0.461,0.378,-0.202,0.346,0.533,-0.107,-0.021,0.292,0.559,-0.022,-0.039,-0.024,0.032,0.082,0.153,-0.475,0.768,-0.452,0.4,0.783,0.38,0.022,-0.553,0.643,-0.503,0.697,-0.544,0.736,0.172,0.049,0.488,-0.749,0.621,-0.57,-0.378,0.026,-0.222,-0.348,-0.129,0.644,-0.332,-0.354,0.402,-0.077,-0.241,-0.073,-0.556,0.097,0.006,-0.214,-0.342,-0.387,0.543,-0.606,0.329,-0.46,0.567,0.171,0.819,-0.287,0.448,-0.216,0.67,-0.077,0.529,0.428,-0.217,0.151,0.456,0.652,0.127,-0.48,-0.038,-0.577,-0.591,0.379,0.628,0.236,0.138,0.527,0.752,0.369,-0.396,0.654,0.666,-0.375,0.651,0.317,-0.506,-0.323,0.251,0.207,0.51,-0.023,-0.324,0.742,0.27,-0.221,-0.298,0.384,0.06,-0.521
ASND,-0.014,0.162,-0.222,0.636,0.506,0.47,0.477,-0.203,0.536,0.664,0.583,0.511,0.537,0.459,-0.336,-0.082,0.602,0.617,0.232,0.152,0.678,0.665,0.0,-0.224,0.024,0.337,-0.208,0.098,0.436,-0.302,0.724,-0.074,-0.07,0.273,0.366,-0.021,-0.45,-0.314,-0.436,-0.356,0.459,0.574,0.025,0.121,-0.25,0.43,-0.001,0.261,0.589,0.624,-0.303,0.111,0.427,0.224,0.425,0.144,-0.516,0.657,-0.203,0.009,0.012,0.458,0.385,0.14,-0.147,0.506,0.672,0.586,0.049,-0.205,0.219,0.236,-0.024,0.537,0.416,-0.206,0.618,0.316,-0.211,0.678,0.487,-0.232,-0.249,-0.244,0.727,0.547,0.179,-0.13,-0.462,0.693,0.429,0.528,0.066,0.473,0.289,0.619,-0.409,-0.135,0.32,0.442,-0.068,0.193,0.473,-0.083,0.045,0.287,0.413,0.253,0.285,0.259,0.129,0.397,0.176,-0.403,0.629,-0.038,0.705,0.562,0.162,0.262,-0.296,0.679,-0.387,0.736,-0.26,0.549,0.384,0.318,0.445,-0.511,0.353,-0.264,0.009,0.328,-0.244,-0.074,0.17,0.276,0.114,-0.046,0.022,0.225,0.2,0.289,-0.343,0.358,0.256,0.062,-0.112,-0.25,0.253,-0.395,0.601,-0.038,0.459,0.552,0.577,-0.08,0.423,-0.443,0.467,0.033,0.807,0.461,-0.1,0.427,0.627,0.756,0.425,-0.258,0.196,-0.284,-0.306,0.239,0.547,0.274,-0.147,0.681,0.573,0.281,-0.055,0.548,0.632,-0.04,0.701,0.627,-0.201,-0.341,0.473,-0.198,0.644,0.209,-0.177,0.559,0.332,-0.22,-0.114,0.502,0.234,-0.361
ASTH,0.172,0.369,0.045,-0.099,-0.14,0.242,0.278,0.431,-0.094,-0.207,0.245,0.237,0.257,0.116,0.024,0.181,-0.364,0.071,0.486,0.209,0.092,0.194,-0.224,0.0,0.063,-0.263,-0.082,0.433,0.189,-0.01,-0.024,-0.266,-0.173,-0.551,0.163,0.149,-0.117,-0.228,0.291,0.261,0.205,-0.135,-0.325,-0.315,-0.183,-0.285,0.174,0.44,-0.186,-0.074,-0.053,-0.224,0.012,-0.243,0.059,0.354,0.094,-0.06,-0.151,-0.337,-0.167,-0.012,0.14,-0.341,0.524,0.276,-0.22,0.181,-0.103,0.192,0.082,-0.34,-0.325,-0.216,-0.364,0.177,-0.004,0.058,-0.112,-0.183,0.025,-0.263,-0.123,-0.12,-0.162,-0.405,-0.477,-0.081,0.123,-0.063,0.241,0.315,0.209,0.164,-0.287,0.071,0.081,0.004,0.44,0.077,0.107,0.061,0.339,0.324,-0.051,0.054,0.329,0.087,-0.085,-0.033,0.163,-0.185,-0.115,0.223,0.122,-0.296,-0.412,0.207,0.15,-0.088,0.068,0.008,0.275,-0.157,-0.204,0.254,-0.115,-0.358,0.007,0.006,0.157,-0.151,-0.161,-0.456,0.089,-0.058,0.052,0.274,-0.45,-0.165,0.66,-0.386,-0.297,-0.177,-0.022,-0.108,-0.17,0.178,-0.132,-0.12,0.309,-0.034,-0.204,-0.382,0.232,-0.41,0.189,-0.116,0.327,0.405,0.138,-0.066,-0.336,-0.027,0.07,-0.306,-0.107,-0.105,-0.238,-0.083,-0.274,-0.079,-0.143,0.355,0.132,0.007,0.68,-0.172,0.092,0.079,-0.18,0.225,0.034,-0.129,-0.004,-0.316,-0.199,0.127,-0.22,0.41,-0.138,-0.21,-0.035,0.134,-0.212,0.424,0.202,-0.074,-0.066,-0.171
ATSG,0.66,0.153,0.622,-0.473,0.161,0.252,0.409,0.542,-0.335,0.119,-0.459,-0.479,0.172,-0.357,0.792,0.77,0.353,0.261,0.247,-0.133,-0.103,-0.166,0.024,0.063,0.0,-0.046,0.765,0.658,-0.591,0.74,-0.315,0.776,0.753,0.535,-0.509,0.116,0.644,0.679,0.424,0.508,-0.151,0.187,0.651,0.555,0.712,0.669,0.229,0.268,0.318,-0.284,0.77,0.622,-0.568,0.377,0.436,-0.078,0.606,0.199,0.786,0.481,0.656,0.679,-0.441,0.519,0.147,-0.461,0.03,-0.393,0.512,0.618,0.356,0.573,0.775,0.103,0.622,0.77,-0.532,0.37,0.524,-0.394,-0.034,0.685,0.594,0.517,-0.324,0.346,0.615,0.803,0.674,-0.13,-0.595,-0.049,0.385,-0.601,0.376,-0.108,0.639,0.665,0.392,0.313,0.539,-0.069,0.097,0.644,0.256,0.301,0.308,0.347,0.63,0.164,0.773,0.487,0.362,0.607,-0.097,0.74,0.111,-0.474,-0.179,0.769,0.673,0.068,0.703,-0.265,0.725,-0.393,0.676,0.375,-0.121,0.651,-0.378,0.757,0.845,0.353,0.43,0.69,0.665,-0.263,0.701,0.758,-0.283,0.176,0.6,0.594,0.475,0.679,0.612,0.685,0.753,0.669,-0.666,0.726,0.287,0.735,0.169,0.474,-0.402,0.63,0.121,0.432,-0.504,0.638,0.072,-0.506,0.758,0.362,0.41,0.215,0.377,0.742,0.474,0.759,0.762,0.145,-0.042,0.575,0.324,0.185,-0.519,0.369,0.702,-0.173,-0.055,0.793,-0.249,-0.085,0.714,0.554,-0.096,-0.009,-0.11,0.441,0.621,-0.488,-0.162,0.243,0.723,-0.149,0.539,0.399
AVTX,-0.276,-0.095,-0.044,0.292,0.398,0.377,0.221,-0.06,0.184,0.602,0.318,0.18,0.263,0.337,-0.17,-0.097,0.077,0.589,-0.056,-0.354,0.46,0.351,0.337,-0.263,-0.046,0.0,-0.221,-0.032,0.15,-0.106,0.386,-0.161,-0.186,0.311,0.214,0.286,-0.278,-0.241,0.135,-0.293,0.596,-0.079,-0.073,0.151,-0.07,0.2,-0.102,0.049,0.101,0.577,-0.137,-0.106,0.186,0.204,0.11,0.084,-0.16,0.223,-0.047,0.456,-0.113,-0.043,0.232,0.019,-0.059,0.204,0.353,0.282,0.085,-0.438,0.553,-0.111,-0.003,0.21,0.215,-0.212,0.306,0.132,0.424,0.365,0.204,-0.022,-0.145,-0.18,0.283,0.217,0.242,0.019,-0.214,0.475,0.148,0.232,-0.013,0.314,-0.182,0.512,-0.147,-0.356,0.147,0.342,-0.314,0.177,0.251,-0.015,-0.148,0.443,0.229,0.17,0.219,0.06,0.067,-0.147,0.004,-0.178,0.331,-0.103,0.509,0.266,0.542,0.335,-0.237,0.487,-0.334,0.379,-0.132,0.057,0.184,0.257,0.481,-0.265,0.271,-0.157,-0.062,0.263,-0.035,-0.216,-0.308,0.199,0.002,-0.09,-0.213,-0.003,0.03,-0.042,-0.495,0.243,-0.034,-0.369,-0.013,-0.079,0.01,-0.139,0.178,0.046,0.401,0.334,0.305,-0.066,0.151,-0.107,0.361,0.061,0.552,0.145,-0.207,0.011,0.347,0.293,0.043,-0.196,0.012,-0.233,-0.109,0.185,0.437,0.312,-0.075,0.517,0.232,0.235,-0.278,0.184,0.181,-0.22,0.162,0.129,-0.237,-0.184,0.081,0.01,0.263,0.084,-0.204,0.252,0.732,-0.429,-0.088,0.249,-0.002,-0.198
BCPC,0.588,-0.038,0.781,-0.686,0.125,0.004,0.051,0.473,-0.573,-0.219,-0.75,-0.695,-0.053,-0.681,0.885,0.8,0.104,-0.094,0.001,-0.053,-0.451,-0.465,-0.208,-0.082,0.765,-0.221,0.0,0.516,-0.838,0.908,-0.617,0.901,0.771,0.606,-0.77,-0.045,0.851,0.908,0.474,0.683,-0.401,0.15,0.833,0.632,0.891,0.546,0.093,0.119,0.021,-0.459,0.937,0.747,-0.769,0.441,0.34,-0.343,0.745,-0.056,0.912,0.441,0.767,0.527,-0.744,0.649,0.018,-0.641,-0.072,-0.691,0.694,0.725,0.077,0.567,0.837,0.122,0.568,0.819,-0.801,0.373,0.535,-0.672,-0.187,0.891,0.834,0.794,-0.561,0.232,0.664,0.777,0.856,-0.489,-0.842,-0.462,0.413,-0.821,0.473,-0.383,0.855,0.88,0.13,-0.125,0.652,-0.014,-0.275,0.655,0.529,0.124,0.058,0.118,0.512,-0.068,0.629,0.421,0.502,0.685,-0.306,0.876,-0.068,-0.783,-0.439,0.646,0.754,-0.331,0.795,-0.558,0.948,-0.636,0.617,0.173,-0.352,0.847,-0.607,0.919,0.829,0.49,0.557,0.888,0.69,-0.449,0.706,0.893,-0.355,0.301,0.667,0.623,0.787,0.534,0.642,0.638,0.825,0.86,-0.861,0.895,0.208,0.857,-0.12,0.414,-0.625,0.826,-0.272,0.487,-0.843,0.733,-0.189,-0.594,0.833,0.275,0.208,-0.01,0.366,0.938,0.643,0.94,0.88,-0.209,-0.364,0.434,0.152,-0.143,-0.797,0.3,0.894,-0.551,-0.136,0.923,-0.605,-0.169,0.941,0.725,-0.191,-0.207,-0.31,0.593,0.876,-0.711,-0.466,0.343,0.714,-0.5,0.611,0.76
BEAM,0.335,0.525,0.507,-0.404,0.113,0.355,0.468,0.742,-0.392,0.201,-0.121,-0.101,0.346,-0.047,0.562,0.76,-0.042,0.383,0.394,-0.225,0.167,0.151,0.098,0.433,0.658,-0.032,0.516,0.0,-0.247,0.557,-0.215,0.37,0.398,0.141,-0.184,0.465,0.377,0.324,0.56,0.566,0.255,0.03,0.238,0.202,0.47,0.288,0.085,0.555,0.08,-0.091,0.566,0.182,-0.373,0.216,0.466,0.246,0.453,0.103,0.463,0.314,0.417,0.469,-0.222,0.092,0.536,-0.078,-0.061,-0.117,0.406,0.489,0.578,0.216,0.414,0.06,0.313,0.589,-0.315,0.359,0.451,-0.336,-0.146,0.408,0.289,0.252,-0.3,-0.034,0.178,0.599,0.451,-0.063,-0.196,0.233,0.397,-0.274,0.03,0.209,0.597,0.464,0.66,0.319,0.305,0.045,0.364,0.737,0.195,0.408,0.474,0.245,0.496,0.001,0.765,0.222,0.294,0.636,0.19,0.278,0.008,-0.17,0.194,0.579,0.442,0.16,0.655,-0.253,0.414,-0.112,0.491,0.142,0.076,0.415,-0.042,0.465,0.528,0.117,0.418,0.442,0.484,0.223,0.298,0.414,0.127,-0.178,0.198,0.356,0.155,0.465,0.346,0.604,0.466,0.438,-0.348,0.516,0.248,0.316,0.287,0.219,-0.121,0.378,0.383,0.676,-0.189,0.495,-0.032,-0.466,0.694,-0.011,0.291,0.137,0.072,0.48,0.254,0.425,0.464,0.402,0.312,0.401,0.591,0.077,-0.305,0.451,0.339,0.072,0.025,0.488,-0.191,-0.331,0.333,0.605,-0.437,0.316,-0.173,0.283,0.489,-0.222,-0.15,0.295,0.691,-0.155,0.299,0.161
BILI,-0.562,0.369,-0.729,0.807,0.034,0.325,0.252,-0.312,0.642,0.365,0.88,0.93,0.411,0.777,-0.877,-0.616,0.029,0.344,0.333,0.174,0.702,0.704,0.436,0.189,-0.591,0.15,-0.838,-0.247,0.0,-0.835,0.73,-0.836,-0.685,-0.576,0.932,0.156,-0.888,-0.94,-0.459,-0.591,0.579,0.117,-0.746,-0.706,-0.878,-0.346,-0.101,0.244,0.191,0.604,-0.894,-0.613,0.855,-0.365,-0.008,0.507,-0.813,0.301,-0.856,-0.515,-0.686,-0.181,0.905,-0.588,0.113,0.869,0.237,0.88,-0.658,-0.542,0.049,-0.458,-0.734,-0.012,-0.289,-0.779,0.926,-0.229,-0.628,0.791,0.321,-0.873,-0.879,-0.809,0.759,-0.142,-0.595,-0.727,-0.847,0.653,0.969,0.727,-0.325,0.92,-0.256,0.525,-0.843,-0.735,0.18,0.304,-0.588,0.116,0.488,-0.594,-0.426,0.014,0.302,-0.0,-0.346,0.123,-0.45,-0.2,-0.276,-0.636,0.646,-0.804,0.187,0.923,0.452,-0.482,-0.693,0.548,-0.698,0.687,-0.937,0.864,-0.369,-0.136,0.549,-0.895,0.772,-0.911,-0.715,-0.44,-0.564,-0.78,-0.412,0.711,-0.608,-0.773,0.566,-0.29,-0.615,-0.492,-0.764,-0.268,-0.367,-0.387,-0.764,-0.827,0.933,-0.918,0.062,-0.838,0.345,-0.308,0.793,-0.785,0.52,-0.473,0.912,-0.657,0.32,0.576,-0.622,-0.154,0.096,0.319,-0.224,-0.873,-0.525,-0.875,-0.876,0.441,0.446,-0.291,0.039,0.33,0.924,-0.021,-0.716,0.813,0.403,-0.741,0.788,0.24,-0.88,-0.676,0.232,0.178,0.49,-0.548,-0.787,0.879,0.317,-0.305,-0.622,0.585,-0.445,-0.809
BJRI,0.574,-0.034,0.838,-0.75,0.095,0.015,0.123,0.589,-0.704,-0.22,-0.742,-0.733,-0.045,-0.685,0.911,0.868,-0.02,-0.043,0.045,-0.199,-0.4,-0.465,-0.302,-0.01,0.74,-0.106,0.908,0.557,-0.835,0.0,-0.65,0.849,0.658,0.516,-0.719,0.105,0.868,0.857,0.6,0.728,-0.296,-0.053,0.765,0.612,0.925,0.457,0.063,0.181,-0.061,-0.445,0.941,0.635,-0.839,0.433,0.356,-0.315,0.762,-0.2,0.905,0.558,0.69,0.439,-0.706,0.55,0.046,-0.674,-0.099,-0.75,0.721,0.637,0.207,0.386,0.767,-0.007,0.471,0.8,-0.82,0.4,0.656,-0.722,-0.255,0.897,0.826,0.788,-0.681,0.136,0.59,0.776,0.891,-0.543,-0.802,-0.458,0.478,-0.827,0.297,-0.381,0.906,0.752,0.143,-0.14,0.625,0.061,-0.228,0.721,0.488,0.18,0.012,0.014,0.461,-0.137,0.7,0.346,0.49,0.687,-0.284,0.787,-0.184,-0.777,-0.313,0.583,0.67,-0.337,0.81,-0.629,0.919,-0.686,0.585,0.172,-0.389,0.825,-0.506,0.918,0.747,0.417,0.648,0.84,0.583,-0.388,0.649,0.836,-0.408,0.25,0.539,0.498,0.695,0.516,0.541,0.532,0.88,0.914,-0.861,0.911,0.092,0.82,-0.082,0.347,-0.594,0.839,-0.239,0.644,-0.816,0.721,-0.237,-0.686,0.821,0.196,0.171,-0.087,0.273,0.926,0.602,0.882,0.862,-0.192,-0.31,0.506,0.301,-0.123,-0.83,0.434,0.775,-0.567,-0.253,0.833,-0.657,-0.298,0.883,0.786,-0.334,-0.018,-0.46,0.56,0.833,-0.727,-0.387,0.375,0.707,-0.543,0.577,0.768
BLUE,-0.193,0.097,-0.489,0.849,0.441,0.503,0.425,-0.481,0.725,0.655,0.777,0.742,0.507,0.637,-0.672,-0.448,0.428,0.552,0.334,0.304,0.748,0.7,0.724,-0.024,-0.315,0.386,-0.617,-0.215,0.73,-0.65,0.0,-0.464,-0.429,-0.024,0.667,-0.059,-0.767,-0.662,-0.503,-0.671,0.523,0.401,-0.319,-0.192,-0.623,0.137,0.15,0.124,0.474,0.683,-0.695,-0.167,0.7,0.027,0.218,0.236,-0.686,0.588,-0.54,-0.215,-0.377,0.18,0.663,-0.055,-0.207,0.698,0.529,0.798,-0.268,-0.478,0.131,-0.117,-0.395,0.435,0.104,-0.504,0.885,0.161,-0.391,0.848,0.687,-0.574,-0.542,-0.544,0.894,0.4,-0.143,-0.476,-0.665,0.858,0.696,0.594,-0.161,0.795,0.034,0.579,-0.781,-0.537,0.133,0.385,-0.319,0.178,0.449,-0.354,-0.217,0.172,0.375,0.272,-0.056,0.264,-0.251,0.119,-0.062,-0.69,0.678,-0.384,0.541,0.79,0.334,-0.089,-0.554,0.707,-0.659,0.864,-0.645,0.722,0.049,0.07,0.53,-0.752,0.625,-0.62,-0.397,0.006,-0.477,-0.462,-0.168,0.335,-0.268,-0.415,0.235,0.153,-0.147,-0.071,-0.584,0.096,-0.09,-0.303,-0.444,-0.564,0.611,-0.744,0.383,-0.384,0.579,0.176,0.81,-0.442,0.419,-0.665,0.767,-0.364,0.782,0.703,-0.472,0.293,0.414,0.601,0.183,-0.628,-0.224,-0.6,-0.647,0.273,0.596,0.16,-0.038,0.727,0.805,0.141,-0.415,0.691,0.564,-0.456,0.825,0.69,-0.565,-0.733,0.638,-0.106,0.685,-0.117,-0.615,0.815,0.472,-0.18,-0.433,0.585,-0.035,-0.573
