,AAL,AAON,ACB,ACGL,ACGLO,ACIW,ADBE,ADSK,AEP,AGIO,ALEC,ALNY,ALTR,AMBA,AMCX,AMKR,AMRX,ANSS,APPN,APTO,ARCT,ARWR,ASND,ASTH,ATSG,AVTX,BCPC,BEAM,BILI,BJRI,BLUE,BPOP,BRKL,BWIN,BZUN,CARG,CBRL,CBSH,CBUS,CENTA,CERS,CFFN,CHCO,CHEF,CHRD,CINF,CLLS,CMCO,CMCSA,COLL,COMM,COOP,CPB,CRON,CROX,CRUS,CRWD,CTAS,CYBR,CYTK,DGII,DIOD,DOMO,DPZ,DSGR,DXCM,ERIE,ESTA,EXEL,FAST,FCEL,FCFS,FHB,FITBI,FSV,FTDR,FUTU,GLDD,GLPG,GLPI,GOGO,GOSS,GSAT,GYRE,HALO,HAS,HLIT,HLNE,HSDT,HSIC,HTHT,ICHR,IDYA,IMVT,INDB,INSM,IONS,IOSP,ITRI,JBHT,JBLU,JSM,KLIC,KOD,KURA,LAB,LASR,LIN,LKQ,LNT,MBUU,MCRI,MDGL,MEDP,MGNI,MGPI,MGRC,MKTX,MRNA,MRTN,MSEX,MSFT,MU,NAVI,NBTB,NEO,NEOG,NGNE,NSSC,NTAP,NTES,NTLA,NTRS,NYMTN,OBLG,OCFC,ON,ONC,OPI,OSIS,OSW,PALI,PANW,PCAR,PCRX,PCTY,PEBO,PLAB,PLAY,PLMR,PLSE,PLUS,PRTA,PSEC,PSNL,PTCT,PTON,QNST,QRVO,QTTB,RARE,RBCAA,RGNX,SAIC,SGMO,SINT,SNPS,SPSC,SPTN,SSYS,STNE,TBBK,TCPC,TENB,TGTX,TREE,TRUP,TTWO,TW,TXG,UBSI,UCTT,UFPT,UMBF,UPBD,URBN,VBTX,VCTR,VEON,VNET,VRSK,VSEC,WABC,WTFCM,WVE,WW,WWD,XEL,ZD,ZYME
AAL,0.0,0.148,-0.559,0.179,-0.493,0.311,-0.537,-0.376,-0.334,-0.655,-0.667,0.049,-0.544,-0.379,-0.341,0.035,-0.623,-0.576,-0.475,-0.755,-0.608,-0.603,-0.397,-0.522,0.781,-0.518,-0.462,-0.598,-0.712,0.923,-0.602,0.214,-0.325,-0.523,-0.639,-0.598,0.902,0.579,-0.651,0.604,-0.664,-0.279,0.847,0.763,-0.203,0.176,-0.598,-0.099,-0.292,-0.709,-0.389,0.757,0.682,-0.57,0.09,-0.11,-0.157,-0.523,-0.136,-0.722,-0.412,-0.039,-0.581,-0.268,0.644,-0.488,-0.493,0.897,-0.217,-0.46,-0.61,0.472,-0.313,0.156,-0.51,0.536,-0.648,-0.111,-0.631,0.341,0.209,-0.565,-0.481,-0.621,0.598,0.667,0.027,-0.225,-0.506,-0.147,-0.416,-0.34,-0.455,-0.448,0.228,-0.213,0.638,0.593,-0.493,0.026,0.159,-0.532,-0.348,-0.558,-0.457,-0.728,-0.55,0.064,0.834,-0.29,-0.011,-0.341,-0.645,-0.422,-0.391,-0.019,0.845,-0.364,-0.47,0.546,-0.669,-0.516,-0.313,0.345,0.074,-0.621,-0.587,-0.643,-0.371,-0.304,-0.656,-0.602,-0.558,-0.039,-0.694,0.196,-0.045,-0.707,-0.043,-0.279,0.128,-0.477,-0.217,0.727,-0.512,-0.502,-0.083,0.212,0.82,-0.664,-0.259,0.826,-0.405,-0.002,-0.642,-0.337,-0.501,-0.589,-0.167,-0.613,-0.433,0.034,-0.513,-0.445,-0.641,-0.53,-0.61,0.01,0.538,-0.45,-0.58,-0.313,-0.111,0.25,-0.662,-0.566,-0.566,-0.471,-0.634,-0.649,0.455,-0.277,0.764,0.063,0.4,0.19,-0.099,0.418,-0.122,-0.425,-0.499,0.019,0.23,-0.356,-0.704,0.027,-0.038,0.174,-0.122,-0.668
AAON,0.148,0.0,0.461,0.314,0.59,0.644,0.541,0.533,0.052,0.451,0.498,0.705,0.532,0.562,0.613,0.69,0.168,0.497,0.521,0.331,0.412,0.402,0.589,0.569,0.141,0.629,0.535,0.535,0.246,0.153,0.48,0.288,0.681,0.405,0.328,0.308,0.189,0.632,0.439,0.083,0.399,0.76,0.291,-0.174,0.349,0.422,0.511,0.765,0.564,0.418,0.614,0.264,-0.4,0.502,0.562,0.694,0.267,0.516,0.349,0.115,0.56,0.578,0.401,0.678,0.229,0.56,0.297,0.079,0.251,0.499,0.44,-0.367,0.619,0.711,0.595,-0.254,0.227,0.568,0.408,0.746,0.053,0.438,0.53,0.577,0.313,-0.282,0.754,0.592,0.497,0.41,0.336,0.514,0.688,0.526,0.696,0.307,0.187,0.084,0.491,0.325,0.849,0.647,0.64,0.552,0.464,0.364,0.547,0.538,-0.272,0.41,0.569,0.373,0.536,0.642,0.704,-0.284,0.308,0.575,0.382,0.111,0.537,0.394,0.598,0.342,0.495,0.279,0.525,0.499,0.66,0.722,-0.062,0.481,0.38,0.26,0.447,0.764,0.524,0.381,0.779,0.687,0.293,0.663,0.299,0.388,0.244,0.444,0.85,0.522,0.253,0.476,0.626,0.069,0.651,0.659,0.477,0.333,0.49,0.469,0.445,0.511,0.219,0.732,0.607,0.7,0.508,0.313,0.437,0.73,-0.388,0.576,0.444,0.669,0.537,0.055,0.438,0.525,0.509,0.682,0.461,0.48,0.565,0.686,-0.137,0.639,0.11,0.018,0.78,0.632,0.293,0.027,0.432,0.099,0.754,0.406,0.029,0.381,0.748,-0.212,0.633,0.169
ACB,-0.559,0.461,0.0,0.195,0.932,0.401,0.917,0.899,0.288,0.934,0.936,0.438,0.969,0.932,0.896,0.636,0.703,0.91,0.972,0.878,0.929,0.906,0.85,0.93,-0.238,0.933,0.878,0.957,0.895,-0.477,0.951,0.26,0.873,0.807,0.936,0.92,-0.557,0.009,0.951,-0.274,0.916,0.847,-0.367,-0.776,0.66,0.143,0.936,0.787,0.658,0.837,0.881,-0.163,-0.899,0.984,0.562,0.735,0.67,0.786,0.667,0.679,0.942,0.599,0.959,0.679,-0.384,0.895,0.638,-0.726,0.658,0.762,0.963,-0.416,0.73,0.346,0.909,-0.497,0.853,0.57,0.667,0.359,0.079,0.634,0.975,0.799,-0.511,-0.807,0.656,0.863,0.81,0.432,0.912,0.849,0.823,0.941,0.557,0.63,-0.513,-0.107,0.936,0.41,0.653,0.834,0.872,0.963,0.865,0.879,0.957,0.516,-0.839,0.377,0.74,0.767,0.922,0.834,0.888,-0.239,-0.399,0.81,0.897,-0.339,0.907,0.82,0.88,0.147,0.459,0.628,0.864,0.857,0.921,0.821,0.73,0.973,0.843,0.556,0.873,0.555,0.711,0.903,0.741,0.859,0.215,0.917,0.694,-0.342,0.403,0.914,0.653,0.591,-0.193,0.902,0.632,-0.634,0.876,0.566,0.964,0.621,0.951,0.908,0.75,0.956,0.602,0.604,0.916,0.757,0.937,0.791,0.897,0.751,-0.68,0.949,0.934,0.883,0.728,0.251,0.888,0.968,0.941,0.929,0.856,0.956,0.228,0.824,-0.56,0.561,-0.059,0.121,0.775,0.259,0.478,0.72,0.592,0.307,0.202,0.436,0.623,0.669,0.731,-0.415,0.767,0.791
ACGL,0.179,0.314,0.195,0.0,0.254,0.265,0.3,0.335,0.431,0.234,0.158,0.63,0.222,0.282,0.497,0.216,0.426,0.135,0.152,0.009,0.193,0.272,0.294,0.25,0.275,0.202,0.4,0.096,-0.035,0.126,0.189,0.825,0.32,-0.185,-0.017,0.273,0.298,0.654,0.217,0.375,0.012,0.446,0.107,-0.282,0.726,0.847,0.226,0.34,0.623,0.27,0.101,0.197,-0.073,0.187,0.77,0.214,0.528,0.389,0.574,0.151,0.327,0.037,0.123,0.61,-0.22,0.5,0.505,0.037,0.304,-0.035,0.282,0.117,0.669,0.071,0.377,0.276,-0.039,0.588,0.27,0.743,0.55,0.329,0.199,-0.05,0.12,-0.239,0.268,0.343,-0.022,0.706,0.223,0.144,0.12,0.165,0.509,0.613,0.485,0.125,0.304,0.098,0.427,0.364,0.502,0.257,0.398,0.282,0.311,0.717,0.053,0.601,0.411,0.575,0.085,0.49,0.319,0.417,0.519,0.024,0.259,-0.268,0.192,0.048,0.375,0.407,0.484,0.379,0.383,0.033,0.398,0.239,-0.033,0.132,0.503,0.129,0.133,0.579,0.32,0.076,0.616,0.411,0.774,0.195,0.618,0.412,-0.095,0.217,0.526,0.356,0.213,0.187,0.523,0.101,0.371,0.782,0.19,0.475,0.359,0.383,0.264,0.124,0.384,0.661,0.162,0.456,0.204,0.432,0.149,0.344,0.266,0.185,0.206,0.447,0.697,0.526,0.02,0.292,0.273,0.279,0.394,0.262,0.661,0.253,0.312,0.588,0.696,0.787,0.45,0.425,-0.302,0.236,0.353,-0.219,-0.175,0.097,-0.123,0.417,0.568,0.352,0.614,-0.101
ACGLO,-0.493,0.59,0.932,0.254,0.0,0.487,0.936,0.9,0.242,0.884,0.94,0.534,0.954,0.947,0.882,0.736,0.62,0.909,0.926,0.868,0.864,0.855,0.884,0.974,-0.17,0.956,0.858,0.95,0.821,-0.42,0.92,0.281,0.927,0.8,0.87,0.849,-0.467,0.155,0.944,-0.268,0.908,0.919,-0.244,-0.683,0.62,0.236,0.95,0.875,0.671,0.816,0.906,-0.077,-0.905,0.955,0.58,0.822,0.574,0.817,0.574,0.575,0.945,0.713,0.89,0.747,-0.257,0.901,0.567,-0.599,0.649,0.763,0.914,-0.511,0.753,0.532,0.911,-0.568,0.779,0.619,0.682,0.433,-0.049,0.625,0.949,0.854,-0.374,-0.733,0.762,0.886,0.821,0.421,0.87,0.885,0.84,0.949,0.635,0.585,-0.417,-0.076,0.918,0.489,0.742,0.9,0.916,0.95,0.869,0.835,0.943,0.553,-0.784,0.39,0.738,0.745,0.945,0.842,0.924,-0.269,-0.283,0.862,0.851,-0.233,0.907,0.851,0.888,0.242,0.565,0.602,0.83,0.892,0.954,0.914,0.606,0.959,0.828,0.596,0.827,0.665,0.756,0.878,0.814,0.896,0.196,0.945,0.646,-0.178,0.511,0.865,0.746,0.59,-0.122,0.918,0.645,-0.535,0.872,0.604,0.945,0.548,0.904,0.866,0.732,0.958,0.508,0.685,0.948,0.855,0.927,0.688,0.909,0.806,-0.654,0.964,0.925,0.918,0.695,0.109,0.839,0.943,0.921,0.944,0.846,0.932,0.353,0.927,-0.558,0.645,-0.109,0.093,0.85,0.409,0.505,0.512,0.617,0.311,0.286,0.596,0.529,0.606,0.82,-0.441,0.781,0.703
ACIW,0.311,0.644,0.401,0.265,0.487,0.0,0.406,0.563,-0.302,0.171,0.304,0.313,0.43,0.602,0.477,0.879,0.015,0.395,0.468,0.166,0.163,0.153,0.308,0.451,0.623,0.445,0.351,0.369,0.227,0.424,0.236,0.488,0.638,0.45,0.32,0.183,0.272,0.565,0.333,0.007,0.339,0.594,0.589,0.11,0.227,0.138,0.341,0.752,0.154,0.052,0.614,0.684,-0.257,0.425,0.567,0.809,0.234,0.205,0.306,-0.237,0.519,0.817,0.286,0.301,0.462,0.321,-0.134,0.138,0.206,0.36,0.276,-0.046,0.313,0.621,0.376,-0.275,0.149,0.417,-0.13,0.563,-0.124,-0.091,0.472,0.276,-0.051,-0.049,0.773,0.656,0.307,-0.023,0.434,0.678,0.272,0.535,0.854,0.072,-0.11,0.422,0.457,0.759,0.833,0.346,0.523,0.378,0.268,0.089,0.432,0.473,0.034,-0.104,0.812,0.293,0.346,0.293,0.53,-0.505,0.385,0.658,0.345,0.527,0.28,0.45,0.614,0.486,0.66,-0.108,0.165,0.282,0.505,0.625,0.129,0.399,0.279,0.55,0.24,0.826,0.826,0.165,0.643,0.616,0.04,0.483,0.242,0.536,-0.075,0.354,0.544,0.829,0.666,0.242,0.219,0.226,0.318,0.375,0.322,-0.089,0.354,0.188,0.723,0.427,-0.224,0.535,0.416,0.337,0.234,0.074,0.395,0.776,-0.222,0.556,0.437,0.632,0.442,0.173,0.174,0.369,0.297,0.466,0.113,0.3,0.721,0.665,-0.097,0.688,0.216,0.054,0.727,0.779,0.626,0.132,0.007,0.571,0.553,0.271,-0.233,0.369,0.716,-0.479,0.478,0.095
ADBE,-0.537,0.541,0.917,0.3,0.936,0.406,0.0,0.952,0.384,0.914,0.951,0.491,0.965,0.943,0.895,0.7,0.725,0.962,0.924,0.903,0.864,0.91,0.848,0.964,-0.267,0.935,0.915,0.938,0.852,-0.486,0.927,0.376,0.93,0.797,0.881,0.847,-0.516,0.148,0.921,-0.208,0.918,0.889,-0.308,-0.735,0.674,0.29,0.958,0.846,0.693,0.85,0.882,-0.135,-0.851,0.947,0.652,0.799,0.599,0.912,0.646,0.676,0.943,0.666,0.918,0.775,-0.319,0.928,0.641,-0.652,0.679,0.793,0.943,-0.433,0.814,0.442,0.965,-0.524,0.831,0.729,0.743,0.451,-0.037,0.664,0.929,0.813,-0.385,-0.698,0.728,0.879,0.761,0.445,0.868,0.869,0.838,0.916,0.615,0.632,-0.387,-0.041,0.964,0.392,0.67,0.91,0.929,0.956,0.896,0.888,0.952,0.628,-0.76,0.492,0.705,0.792,0.927,0.882,0.951,-0.075,-0.269,0.814,0.803,-0.282,0.912,0.888,0.924,0.211,0.613,0.678,0.873,0.911,0.955,0.904,0.627,0.943,0.883,0.524,0.883,0.624,0.731,0.921,0.784,0.875,0.265,0.905,0.704,-0.213,0.549,0.946,0.737,0.511,-0.213,0.943,0.652,-0.555,0.893,0.665,0.962,0.615,0.924,0.917,0.769,0.948,0.564,0.673,0.946,0.872,0.94,0.738,0.955,0.786,-0.593,0.938,0.968,0.926,0.717,0.184,0.863,0.958,0.948,0.945,0.888,0.954,0.332,0.888,-0.581,0.696,-0.007,0.158,0.836,0.408,0.434,0.56,0.755,0.285,0.272,0.57,0.646,0.616,0.818,-0.294,0.812,0.738
ADSK,-0.376,0.533,0.899,0.335,0.9,0.563,0.952,0.0,0.318,0.828,0.872,0.421,0.938,0.965,0.885,0.805,0.65,0.935,0.917,0.808,0.79,0.839,0.765,0.917,-0.059,0.876,0.884,0.874,0.817,-0.322,0.855,0.492,0.945,0.789,0.857,0.781,-0.401,0.241,0.864,-0.144,0.871,0.863,-0.127,-0.615,0.688,0.257,0.884,0.885,0.597,0.723,0.884,0.091,-0.753,0.92,0.727,0.871,0.628,0.827,0.697,0.561,0.953,0.749,0.881,0.687,-0.182,0.875,0.523,-0.568,0.693,0.77,0.883,-0.236,0.761,0.491,0.921,-0.483,0.78,0.737,0.577,0.527,-0.017,0.504,0.919,0.686,-0.423,-0.602,0.798,0.922,0.712,0.371,0.89,0.917,0.743,0.914,0.744,0.607,-0.397,0.164,0.969,0.505,0.741,0.827,0.926,0.913,0.85,0.781,0.915,0.716,-0.613,0.386,0.823,0.788,0.85,0.813,0.929,-0.114,-0.134,0.833,0.785,-0.122,0.823,0.874,0.967,0.286,0.717,0.526,0.775,0.823,0.935,0.899,0.642,0.9,0.834,0.619,0.805,0.727,0.852,0.833,0.807,0.9,0.28,0.852,0.726,-0.086,0.416,0.929,0.705,0.669,-0.011,0.853,0.607,-0.417,0.844,0.659,0.901,0.524,0.882,0.841,0.889,0.899,0.463,0.682,0.896,0.764,0.851,0.686,0.925,0.869,-0.521,0.93,0.942,0.94,0.75,0.3,0.783,0.91,0.883,0.893,0.77,0.882,0.466,0.887,-0.471,0.755,0.124,0.22,0.874,0.545,0.523,0.601,0.642,0.439,0.294,0.512,0.551,0.67,0.869,-0.315,0.839,0.711
AEP,-0.334,0.052,0.288,0.431,0.242,-0.302,0.384,0.318,0.0,0.465,0.376,0.29,0.324,0.21,0.356,-0.1,0.495,0.364,0.201,0.303,0.433,0.506,0.371,0.288,-0.435,0.242,0.501,0.242,0.26,-0.465,0.403,0.343,0.234,0.035,0.204,0.355,-0.304,0.179,0.317,0.178,0.23,0.275,-0.426,-0.585,0.577,0.531,0.316,0.104,0.508,0.59,0.033,-0.317,-0.187,0.3,0.371,0.028,0.346,0.648,0.368,0.694,0.269,-0.171,0.319,0.448,-0.515,0.501,0.7,-0.376,0.443,0.233,0.405,0.151,0.578,-0.086,0.494,0.035,0.324,0.524,0.676,0.318,0.402,0.59,0.242,0.158,-0.066,-0.352,0.01,0.164,0.192,0.579,0.262,0.033,0.373,0.16,0.092,0.561,0.141,-0.013,0.372,-0.302,-0.02,0.424,0.401,0.367,0.491,0.499,0.317,0.483,-0.324,0.812,-0.013,0.504,0.274,0.518,0.317,0.708,0.002,-0.073,0.171,-0.561,0.388,0.184,0.327,0.006,0.219,0.483,0.535,0.294,0.345,0.195,0.171,0.241,0.469,-0.163,0.362,0.117,-0.009,0.453,0.28,0.264,0.59,0.219,0.485,-0.141,0.429,0.359,0.277,-0.142,-0.485,0.451,0.545,-0.287,0.521,0.548,0.353,0.652,0.373,0.541,0.077,0.212,0.711,0.318,0.318,0.459,0.451,0.602,0.34,0.08,-0.051,0.153,0.269,0.297,0.465,0.223,0.363,0.358,0.383,0.315,0.568,0.366,0.025,0.116,-0.059,0.27,0.303,0.398,0.231,0.009,-0.375,0.315,0.75,-0.249,-0.153,0.225,0.555,0.315,0.268,0.66,0.393,0.394
AGIO,-0.655,0.451,0.934,0.234,0.884,0.171,0.914,0.828,0.465,0.0,0.949,0.531,0.94,0.833,0.871,0.461,0.796,0.895,0.899,0.901,0.961,0.973,0.88,0.9,-0.476,0.909,0.897,0.938,0.852,-0.627,0.981,0.213,0.803,0.72,0.864,0.91,-0.608,-0.016,0.927,-0.226,0.886,0.81,-0.548,-0.878,0.69,0.265,0.93,0.678,0.774,0.945,0.79,-0.392,-0.875,0.928,0.528,0.584,0.66,0.878,0.676,0.82,0.883,0.411,0.938,0.772,-0.531,0.935,0.812,-0.765,0.639,0.757,0.965,-0.501,0.809,0.276,0.937,-0.448,0.828,0.596,0.849,0.362,0.14,0.819,0.912,0.818,-0.385,-0.845,0.543,0.769,0.782,0.593,0.806,0.713,0.889,0.842,0.408,0.712,-0.369,-0.263,0.897,0.205,0.528,0.879,0.845,0.961,0.888,0.956,0.929,0.513,-0.897,0.591,0.559,0.779,0.921,0.913,0.871,-0.037,-0.453,0.684,0.846,-0.518,0.943,0.742,0.807,0.019,0.371,0.795,0.96,0.876,0.893,0.769,0.649,0.928,0.878,0.372,0.904,0.443,0.517,0.929,0.691,0.793,0.323,0.881,0.714,-0.421,0.525,0.903,0.673,0.374,-0.417,0.933,0.726,-0.686,0.927,0.625,0.967,0.763,0.933,0.975,0.586,0.908,0.767,0.605,0.904,0.834,0.977,0.862,0.87,0.624,-0.643,0.863,0.882,0.821,0.7,0.224,0.932,0.96,0.967,0.92,0.958,0.969,0.131,0.73,-0.549,0.489,-0.054,0.162,0.692,0.136,0.26,0.664,0.766,0.084,0.163,0.466,0.729,0.621,0.66,-0.221,0.762,0.77
ALEC,-0.667,0.498,0.936,0.158,0.94,0.304,0.951,0.872,0.376,0.949,0.0,0.457,0.964,0.892,0.83,0.607,0.699,0.961,0.916,0.946,0.906,0.911,0.875,0.955,-0.419,0.941,0.883,0.971,0.896,-0.621,0.958,0.199,0.887,0.838,0.909,0.849,-0.647,0.019,0.956,-0.362,0.953,0.858,-0.423,-0.789,0.562,0.189,0.966,0.771,0.661,0.911,0.868,-0.291,-0.912,0.965,0.482,0.722,0.506,0.886,0.526,0.72,0.897,0.601,0.916,0.723,-0.371,0.898,0.649,-0.75,0.625,0.845,0.936,-0.549,0.748,0.382,0.939,-0.641,0.856,0.594,0.794,0.313,-0.092,0.709,0.93,0.896,-0.43,-0.762,0.654,0.811,0.834,0.407,0.841,0.821,0.875,0.902,0.488,0.55,-0.497,-0.189,0.923,0.349,0.574,0.913,0.858,0.969,0.849,0.905,0.936,0.479,-0.884,0.482,0.587,0.706,0.983,0.852,0.914,-0.158,-0.44,0.815,0.808,-0.332,0.972,0.873,0.845,0.082,0.495,0.674,0.892,0.948,0.906,0.868,0.655,0.967,0.859,0.466,0.908,0.517,0.618,0.961,0.697,0.828,0.15,0.936,0.594,-0.333,0.618,0.895,0.673,0.4,-0.367,0.974,0.658,-0.661,0.88,0.546,0.981,0.585,0.899,0.91,0.655,0.966,0.586,0.579,0.963,0.865,0.978,0.745,0.952,0.686,-0.722,0.926,0.939,0.874,0.62,0.032,0.933,0.951,0.943,0.943,0.91,0.964,0.172,0.847,-0.691,0.572,-0.179,-0.008,0.761,0.265,0.43,0.543,0.742,0.254,0.282,0.582,0.703,0.522,0.708,-0.349,0.696,0.809
ALNY,0.049,0.705,0.438,0.63,0.534,0.313,0.491,0.421,0.29,0.531,0.457,0.0,0.486,0.461,0.662,0.381,0.453,0.36,0.439,0.273,0.483,0.535,0.708,0.518,0.037,0.541,0.569,0.468,0.13,0.006,0.522,0.445,0.527,0.169,0.203,0.481,0.204,0.569,0.468,0.259,0.304,0.709,-0.014,-0.393,0.612,0.731,0.497,0.551,0.817,0.548,0.434,-0.054,-0.393,0.439,0.653,0.387,0.585,0.537,0.545,0.263,0.526,0.229,0.387,0.865,-0.143,0.668,0.656,-0.023,0.359,0.323,0.491,-0.423,0.748,0.447,0.582,0.021,0.144,0.55,0.529,0.754,0.407,0.628,0.486,0.437,0.292,-0.448,0.511,0.543,0.323,0.806,0.342,0.339,0.583,0.428,0.525,0.657,0.411,-0.143,0.442,0.217,0.655,0.635,0.645,0.543,0.549,0.471,0.515,0.555,-0.306,0.639,0.453,0.543,0.451,0.72,0.562,0.035,0.221,0.32,0.543,-0.275,0.515,0.214,0.489,0.315,0.382,0.601,0.644,0.349,0.62,0.522,-0.05,0.433,0.566,0.169,0.352,0.616,0.357,0.333,0.774,0.607,0.626,0.551,0.581,0.283,0.214,0.41,0.783,0.42,0.09,0.45,0.723,-0.047,0.659,0.765,0.46,0.622,0.551,0.585,0.249,0.396,0.553,0.776,0.48,0.713,0.512,0.507,0.331,0.536,-0.121,0.462,0.372,0.595,0.658,0.354,0.397,0.518,0.549,0.587,0.625,0.513,0.565,0.539,0.121,0.562,0.338,0.426,0.608,0.385,-0.124,0.153,0.493,-0.256,0.26,0.261,0.045,0.52,0.655,0.021,0.709,0.033
ALTR,-0.544,0.532,0.969,0.222,0.954,0.43,0.965,0.938,0.324,0.94,0.964,0.486,0.0,0.952,0.902,0.697,0.704,0.959,0.966,0.892,0.906,0.922,0.873,0.961,-0.25,0.952,0.911,0.971,0.878,-0.472,0.953,0.305,0.927,0.832,0.916,0.873,-0.533,0.09,0.949,-0.24,0.939,0.887,-0.33,-0.75,0.655,0.209,0.958,0.832,0.677,0.854,0.908,-0.156,-0.89,0.977,0.612,0.795,0.634,0.857,0.656,0.676,0.963,0.662,0.953,0.739,-0.324,0.923,0.637,-0.681,0.65,0.83,0.956,-0.453,0.774,0.445,0.951,-0.541,0.839,0.667,0.702,0.415,0.008,0.653,0.976,0.834,-0.434,-0.758,0.725,0.897,0.798,0.445,0.898,0.886,0.851,0.945,0.61,0.625,-0.463,-0.07,0.961,0.426,0.681,0.893,0.911,0.98,0.879,0.88,0.967,0.564,-0.808,0.442,0.739,0.775,0.951,0.87,0.941,-0.192,-0.343,0.839,0.861,-0.274,0.94,0.864,0.927,0.164,0.56,0.651,0.886,0.899,0.952,0.892,0.671,0.976,0.87,0.552,0.886,0.618,0.742,0.921,0.778,0.897,0.23,0.932,0.697,-0.261,0.485,0.947,0.712,0.585,-0.197,0.938,0.67,-0.574,0.902,0.612,0.984,0.612,0.94,0.92,0.775,0.961,0.581,0.654,0.951,0.827,0.956,0.771,0.948,0.799,-0.655,0.965,0.959,0.921,0.71,0.225,0.91,0.974,0.959,0.952,0.876,0.968,0.294,0.879,-0.579,0.643,-0.037,0.106,0.83,0.353,0.465,0.639,0.676,0.309,0.282,0.519,0.633,0.647,0.79,-0.378,0.796,0.772
AMBA,-0.379,0.562,0.932,0.282,0.947,0.602,0.943,0.965,0.21,0.833,0.892,0.461,0.952,0.0,0.901,0.826,0.617,0.912,0.941,0.816,0.82,0.835,0.82,0.955,-0.014,0.922,0.867,0.916,0.818,-0.304,0.874,0.412,0.952,0.813,0.879,0.83,-0.39,0.21,0.91,-0.19,0.891,0.895,-0.122,-0.613,0.656,0.227,0.913,0.911,0.597,0.726,0.92,0.086,-0.833,0.95,0.685,0.896,0.645,0.778,0.644,0.513,0.963,0.796,0.892,0.687,-0.168,0.873,0.5,-0.558,0.699,0.744,0.895,-0.343,0.727,0.516,0.903,-0.495,0.772,0.675,0.553,0.488,-0.036,0.504,0.955,0.752,-0.429,-0.659,0.816,0.947,0.742,0.351,0.926,0.95,0.767,0.968,0.749,0.588,-0.429,0.107,0.951,0.578,0.794,0.825,0.93,0.928,0.861,0.778,0.94,0.631,-0.665,0.307,0.852,0.778,0.888,0.804,0.921,-0.265,-0.185,0.879,0.844,-0.12,0.842,0.875,0.955,0.327,0.65,0.515,0.77,0.832,0.952,0.913,0.644,0.944,0.808,0.691,0.795,0.726,0.884,0.837,0.828,0.918,0.211,0.898,0.706,-0.103,0.404,0.913,0.719,0.72,0.033,0.866,0.581,-0.455,0.841,0.629,0.917,0.502,0.909,0.831,0.878,0.936,0.446,0.691,0.914,0.773,0.867,0.658,0.917,0.889,-0.578,0.977,0.954,0.949,0.747,0.255,0.783,0.927,0.893,0.92,0.768,0.9,0.44,0.936,-0.488,0.727,0.015,0.161,0.883,0.515,0.571,0.574,0.556,0.449,0.31,0.522,0.492,0.684,0.871,-0.446,0.82,0.695
AMCX,-0.341,0.613,0.896,0.497,0.882,0.477,0.895,0.885,0.356,0.871,0.83,0.662,0.902,0.901,0.0,0.65,0.752,0.799,0.875,0.711,0.86,0.87,0.846,0.884,-0.055,0.897,0.881,0.852,0.689,-0.27,0.87,0.498,0.869,0.595,0.751,0.876,-0.25,0.308,0.86,-0.009,0.753,0.901,-0.235,-0.729,0.838,0.453,0.856,0.825,0.839,0.79,0.807,-0.045,-0.798,0.877,0.806,0.729,0.799,0.788,0.817,0.6,0.933,0.54,0.864,0.851,-0.376,0.952,0.726,-0.499,0.624,0.61,0.925,-0.326,0.9,0.4,0.911,-0.226,0.659,0.739,0.654,0.641,0.312,0.687,0.91,0.676,-0.258,-0.77,0.677,0.871,0.632,0.667,0.812,0.77,0.804,0.872,0.682,0.786,-0.165,-0.053,0.891,0.379,0.782,0.855,0.947,0.907,0.918,0.846,0.941,0.681,-0.655,0.563,0.821,0.893,0.806,0.92,0.891,-0.117,-0.106,0.685,0.847,-0.382,0.828,0.654,0.906,0.342,0.544,0.699,0.879,0.736,0.95,0.808,0.538,0.865,0.856,0.481,0.784,0.718,0.745,0.756,0.904,0.895,0.5,0.847,0.841,-0.098,0.262,0.873,0.832,0.679,-0.015,0.807,0.746,-0.449,0.91,0.806,0.879,0.744,0.96,0.913,0.748,0.845,0.654,0.829,0.825,0.826,0.866,0.803,0.791,0.8,-0.448,0.88,0.871,0.922,0.871,0.452,0.746,0.934,0.911,0.921,0.862,0.909,0.47,0.811,-0.286,0.682,0.267,0.425,0.865,0.406,0.262,0.654,0.627,0.105,0.191,0.402,0.415,0.75,0.867,-0.228,0.94,0.557
AMKR,0.035,0.69,0.636,0.216,0.736,0.879,0.7,0.805,-0.1,0.461,0.607,0.381,0.697,0.826,0.65,0.0,0.221,0.704,0.719,0.509,0.433,0.457,0.562,0.724,0.346,0.697,0.609,0.662,0.524,0.108,0.54,0.432,0.863,0.738,0.611,0.424,-0.029,0.453,0.595,-0.081,0.659,0.778,0.366,-0.121,0.344,0.156,0.644,0.913,0.3,0.334,0.841,0.49,-0.5,0.686,0.6,0.969,0.328,0.508,0.381,0.045,0.755,0.956,0.572,0.485,0.352,0.559,0.064,-0.141,0.46,0.659,0.539,-0.228,0.467,0.724,0.64,-0.505,0.466,0.58,0.17,0.565,-0.261,0.132,0.719,0.559,-0.167,-0.213,0.932,0.851,0.567,0.057,0.676,0.893,0.526,0.779,0.873,0.232,-0.28,0.378,0.731,0.758,0.877,0.607,0.736,0.652,0.517,0.368,0.661,0.581,-0.254,0.045,0.847,0.445,0.646,0.509,0.773,-0.434,0.161,0.877,0.564,0.393,0.564,0.754,0.817,0.429,0.792,0.122,0.413,0.601,0.741,0.865,0.331,0.678,0.508,0.664,0.5,0.838,0.921,0.501,0.755,0.796,0.023,0.714,0.387,0.325,0.267,0.641,0.651,0.807,0.411,0.571,0.378,-0.0,0.561,0.463,0.615,0.082,0.575,0.454,0.856,0.697,-0.021,0.602,0.711,0.583,0.535,0.248,0.704,0.912,-0.401,0.799,0.713,0.817,0.519,0.13,0.486,0.623,0.577,0.693,0.389,0.575,0.662,0.886,-0.335,0.783,0.054,-0.011,0.855,0.795,0.735,0.232,0.292,0.65,0.587,0.477,0.131,0.505,0.839,-0.515,0.628,0.394
AMRX,-0.623,0.168,0.703,0.426,0.62,0.015,0.725,0.65,0.495,0.796,0.699,0.453,0.704,0.617,0.752,0.221,0.0,0.64,0.642,0.655,0.748,0.819,0.584,0.642,-0.414,0.63,0.752,0.668,0.637,-0.606,0.734,0.378,0.553,0.415,0.622,0.783,-0.495,-0.073,0.738,-0.191,0.626,0.553,-0.649,-0.845,0.757,0.352,0.696,0.376,0.686,0.791,0.527,-0.451,-0.637,0.675,0.585,0.33,0.728,0.703,0.696,0.765,0.674,0.126,0.692,0.664,-0.599,0.801,0.826,-0.735,0.434,0.484,0.78,-0.263,0.744,0.014,0.756,-0.168,0.543,0.534,0.642,0.29,0.29,0.736,0.671,0.512,-0.471,-0.806,0.246,0.547,0.438,0.67,0.591,0.504,0.558,0.585,0.242,0.715,-0.214,-0.384,0.73,0.15,0.299,0.692,0.714,0.748,0.727,0.867,0.776,0.506,-0.665,0.607,0.459,0.724,0.642,0.784,0.597,0.225,-0.392,0.415,0.744,-0.614,0.728,0.476,0.636,-0.086,0.262,0.878,0.836,0.584,0.653,0.456,0.653,0.688,0.838,0.156,0.741,0.282,0.381,0.669,0.516,0.628,0.483,0.586,0.707,-0.373,0.307,0.724,0.465,0.262,-0.445,0.682,0.594,-0.595,0.703,0.593,0.74,0.677,0.774,0.851,0.51,0.656,0.699,0.436,0.568,0.666,0.709,0.83,0.676,0.377,-0.252,0.597,0.706,0.633,0.666,0.415,0.674,0.743,0.748,0.653,0.804,0.798,0.107,0.441,-0.316,0.367,0.306,0.445,0.441,-0.059,-0.012,0.694,0.619,-0.065,-0.19,0.323,0.517,0.455,0.46,0.035,0.651,0.516
ANSS,-0.576,0.497,0.91,0.135,0.909,0.395,0.962,0.935,0.364,0.895,0.961,0.36,0.959,0.912,0.799,0.704,0.64,0.0,0.921,0.924,0.843,0.876,0.799,0.932,-0.334,0.903,0.882,0.941,0.903,-0.533,0.914,0.268,0.919,0.887,0.917,0.771,-0.615,0.06,0.9,-0.318,0.957,0.832,-0.303,-0.689,0.534,0.135,0.933,0.809,0.557,0.825,0.891,-0.139,-0.822,0.946,0.52,0.802,0.466,0.889,0.533,0.672,0.905,0.696,0.91,0.654,-0.239,0.85,0.542,-0.704,0.648,0.89,0.896,-0.415,0.703,0.44,0.93,-0.668,0.869,0.654,0.703,0.344,-0.174,0.593,0.918,0.83,-0.452,-0.637,0.729,0.843,0.816,0.296,0.849,0.879,0.827,0.899,0.574,0.49,-0.527,-0.01,0.952,0.403,0.601,0.868,0.853,0.94,0.809,0.835,0.906,0.559,-0.779,0.412,0.641,0.673,0.944,0.802,0.93,-0.124,-0.348,0.853,0.75,-0.17,0.92,0.934,0.893,0.108,0.613,0.573,0.822,0.936,0.896,0.903,0.661,0.939,0.83,0.505,0.883,0.57,0.696,0.94,0.682,0.836,0.122,0.897,0.575,-0.253,0.613,0.925,0.639,0.462,-0.27,0.944,0.603,-0.554,0.847,0.53,0.955,0.501,0.857,0.862,0.761,0.947,0.482,0.546,0.956,0.808,0.929,0.684,0.977,0.755,-0.685,0.923,0.945,0.886,0.606,0.07,0.911,0.92,0.912,0.909,0.83,0.916,0.244,0.863,-0.686,0.646,-0.129,-0.023,0.789,0.386,0.535,0.539,0.738,0.399,0.359,0.584,0.719,0.543,0.74,-0.339,0.694,0.824
APPN,-0.475,0.521,0.972,0.152,0.926,0.468,0.924,0.917,0.201,0.899,0.916,0.439,0.966,0.941,0.875,0.719,0.642,0.921,0.0,0.864,0.891,0.875,0.836,0.92,-0.186,0.928,0.867,0.96,0.876,-0.389,0.929,0.251,0.895,0.853,0.931,0.869,-0.505,0.032,0.907,-0.231,0.918,0.851,-0.271,-0.676,0.607,0.125,0.932,0.835,0.614,0.766,0.925,-0.086,-0.852,0.963,0.565,0.791,0.635,0.774,0.657,0.597,0.943,0.68,0.956,0.673,-0.247,0.857,0.561,-0.646,0.637,0.822,0.93,-0.454,0.691,0.432,0.89,-0.516,0.849,0.582,0.607,0.393,0.002,0.566,0.971,0.809,-0.437,-0.716,0.74,0.896,0.808,0.373,0.901,0.89,0.81,0.947,0.599,0.579,-0.486,-0.049,0.94,0.443,0.708,0.817,0.861,0.945,0.819,0.825,0.935,0.526,-0.778,0.318,0.768,0.698,0.909,0.804,0.909,-0.274,-0.343,0.868,0.883,-0.219,0.879,0.856,0.891,0.141,0.517,0.582,0.822,0.866,0.92,0.862,0.68,0.961,0.811,0.585,0.861,0.585,0.749,0.877,0.748,0.861,0.156,0.917,0.654,-0.29,0.403,0.927,0.658,0.64,-0.115,0.88,0.614,-0.531,0.856,0.544,0.949,0.556,0.917,0.869,0.786,0.949,0.515,0.594,0.921,0.747,0.905,0.73,0.907,0.813,-0.661,0.961,0.933,0.887,0.681,0.265,0.883,0.948,0.93,0.918,0.802,0.933,0.277,0.857,-0.557,0.602,-0.07,0.072,0.802,0.336,0.559,0.676,0.572,0.378,0.303,0.436,0.6,0.677,0.747,-0.465,0.766,0.753
APTO,-0.755,0.331,0.878,0.009,0.868,0.166,0.903,0.808,0.303,0.901,0.946,0.273,0.892,0.816,0.711,0.509,0.655,0.924,0.864,0.0,0.852,0.874,0.766,0.895,-0.526,0.882,0.794,0.927,0.934,-0.715,0.914,0.051,0.784,0.846,0.924,0.812,-0.768,-0.196,0.9,-0.427,0.953,0.724,-0.51,-0.757,0.444,0.011,0.933,0.665,0.531,0.846,0.82,-0.366,-0.878,0.911,0.316,0.63,0.403,0.815,0.442,0.735,0.82,0.544,0.895,0.587,-0.417,0.797,0.563,-0.814,0.609,0.789,0.891,-0.547,0.605,0.292,0.853,-0.678,0.903,0.468,0.763,0.115,-0.23,0.644,0.859,0.863,-0.496,-0.696,0.548,0.715,0.821,0.257,0.797,0.769,0.805,0.847,0.32,0.458,-0.594,-0.226,0.87,0.278,0.417,0.816,0.74,0.9,0.789,0.886,0.862,0.36,-0.896,0.348,0.47,0.606,0.937,0.744,0.828,-0.142,-0.575,0.781,0.751,-0.349,0.902,0.881,0.741,-0.034,0.381,0.64,0.804,0.939,0.812,0.78,0.722,0.925,0.777,0.464,0.886,0.334,0.515,0.953,0.526,0.704,0.006,0.859,0.493,-0.491,0.65,0.857,0.516,0.254,-0.461,0.939,0.489,-0.738,0.775,0.381,0.938,0.512,0.821,0.84,0.595,0.942,0.526,0.393,0.916,0.76,0.925,0.655,0.915,0.567,-0.732,0.865,0.907,0.749,0.464,-0.075,0.908,0.893,0.894,0.857,0.841,0.914,-0.004,0.757,-0.766,0.421,-0.326,-0.102,0.607,0.133,0.491,0.526,0.681,0.272,0.183,0.562,0.783,0.438,0.561,-0.395,0.567,0.841
ARCT,-0.608,0.412,0.929,0.193,0.864,0.163,0.864,0.79,0.433,0.961,0.906,0.483,0.906,0.82,0.86,0.433,0.748,0.843,0.891,0.852,0.0,0.936,0.856,0.862,-0.408,0.881,0.854,0.91,0.835,-0.58,0.96,0.16,0.754,0.677,0.859,0.929,-0.589,-0.046,0.906,-0.225,0.839,0.77,-0.519,-0.852,0.696,0.215,0.897,0.654,0.728,0.895,0.743,-0.336,-0.865,0.909,0.494,0.562,0.686,0.807,0.648,0.791,0.856,0.395,0.923,0.704,-0.516,0.898,0.772,-0.745,0.67,0.705,0.942,-0.432,0.751,0.248,0.884,-0.382,0.819,0.535,0.79,0.336,0.194,0.778,0.904,0.764,-0.407,-0.862,0.497,0.728,0.747,0.571,0.824,0.684,0.858,0.844,0.4,0.707,-0.372,-0.23,0.857,0.183,0.527,0.816,0.813,0.927,0.877,0.918,0.904,0.486,-0.884,0.515,0.563,0.759,0.878,0.867,0.81,-0.074,-0.443,0.657,0.847,-0.521,0.892,0.694,0.777,0.051,0.312,0.73,0.907,0.827,0.869,0.719,0.665,0.906,0.808,0.397,0.851,0.42,0.513,0.901,0.669,0.764,0.292,0.845,0.699,-0.456,0.456,0.863,0.626,0.407,-0.363,0.893,0.699,-0.676,0.907,0.593,0.929,0.758,0.926,0.943,0.574,0.877,0.766,0.577,0.869,0.768,0.943,0.848,0.818,0.613,-0.634,0.844,0.848,0.779,0.707,0.246,0.888,0.928,0.93,0.878,0.9,0.929,0.086,0.694,-0.486,0.426,-0.065,0.171,0.658,0.093,0.263,0.687,0.663,0.098,0.11,0.416,0.701,0.656,0.621,-0.252,0.741,0.771
ARWR,-0.603,0.402,0.906,0.272,0.855,0.153,0.91,0.839,0.506,0.973,0.911,0.535,0.922,0.835,0.87,0.457,0.819,0.876,0.875,0.874,0.936,0.0,0.854,0.887,-0.434,0.876,0.911,0.908,0.822,-0.604,0.964,0.273,0.787,0.69,0.843,0.901,-0.567,-0.004,0.899,-0.128,0.866,0.774,-0.533,-0.849,0.741,0.288,0.913,0.661,0.75,0.912,0.77,-0.353,-0.82,0.899,0.581,0.579,0.73,0.865,0.721,0.833,0.88,0.404,0.93,0.766,-0.515,0.93,0.819,-0.735,0.719,0.72,0.947,-0.409,0.796,0.282,0.926,-0.375,0.811,0.643,0.823,0.376,0.153,0.793,0.894,0.752,-0.381,-0.801,0.548,0.784,0.718,0.606,0.822,0.715,0.849,0.83,0.432,0.775,-0.315,-0.162,0.905,0.209,0.516,0.842,0.848,0.944,0.917,0.942,0.91,0.57,-0.826,0.579,0.577,0.808,0.882,0.907,0.844,0.047,-0.408,0.65,0.856,-0.51,0.897,0.732,0.817,0.036,0.405,0.793,0.937,0.834,0.882,0.742,0.663,0.906,0.866,0.414,0.854,0.443,0.544,0.908,0.681,0.799,0.38,0.828,0.774,-0.388,0.533,0.926,0.647,0.392,-0.375,0.914,0.679,-0.64,0.921,0.65,0.945,0.786,0.92,0.966,0.623,0.868,0.796,0.592,0.877,0.8,0.944,0.842,0.862,0.646,-0.537,0.845,0.878,0.803,0.714,0.317,0.894,0.934,0.953,0.879,0.929,0.948,0.178,0.72,-0.458,0.506,0.02,0.246,0.663,0.162,0.236,0.669,0.752,0.096,0.118,0.456,0.733,0.673,0.672,-0.167,0.787,0.754
ASND,-0.397,0.589,0.85,0.294,0.884,0.308,0.848,0.765,0.371,0.88,0.875,0.708,0.873,0.82,0.846,0.562,0.584,0.799,0.836,0.766,0.856,0.854,0.0,0.892,-0.235,0.885,0.813,0.877,0.67,-0.376,0.909,0.27,0.812,0.663,0.725,0.843,-0.328,0.23,0.851,-0.069,0.788,0.89,-0.269,-0.687,0.625,0.413,0.875,0.785,0.811,0.839,0.78,-0.198,-0.839,0.858,0.555,0.642,0.631,0.803,0.609,0.581,0.857,0.522,0.844,0.83,-0.357,0.876,0.711,-0.477,0.693,0.698,0.873,-0.579,0.786,0.434,0.858,-0.375,0.71,0.565,0.768,0.5,0.166,0.713,0.875,0.786,-0.134,-0.692,0.661,0.817,0.71,0.589,0.788,0.698,0.874,0.837,0.549,0.705,-0.178,-0.12,0.796,0.314,0.672,0.834,0.83,0.885,0.859,0.789,0.834,0.478,-0.747,0.532,0.59,0.755,0.862,0.844,0.846,-0.164,-0.228,0.665,0.811,-0.379,0.843,0.699,0.771,0.299,0.452,0.648,0.842,0.791,0.895,0.815,0.397,0.862,0.782,0.486,0.711,0.585,0.582,0.815,0.806,0.767,0.32,0.875,0.706,-0.168,0.492,0.8,0.77,0.487,-0.144,0.849,0.701,-0.52,0.876,0.649,0.866,0.718,0.879,0.857,0.527,0.831,0.676,0.757,0.875,0.833,0.91,0.696,0.77,0.702,-0.582,0.853,0.793,0.84,0.695,0.208,0.799,0.885,0.903,0.903,0.887,0.864,0.33,0.819,-0.372,0.612,-0.063,0.178,0.778,0.351,0.237,0.44,0.698,0.077,0.289,0.449,0.547,0.706,0.761,-0.267,0.798,0.582
ASTH,-0.522,0.569,0.93,0.25,0.974,0.451,0.964,0.917,0.288,0.9,0.955,0.518,0.961,0.955,0.884,0.724,0.642,0.932,0.92,0.895,0.862,0.887,0.892,0.0,-0.207,0.964,0.883,0.958,0.832,-0.461,0.931,0.3,0.934,0.821,0.876,0.86,-0.484,0.146,0.954,-0.247,0.93,0.911,-0.267,-0.706,0.623,0.244,0.958,0.866,0.674,0.838,0.91,-0.11,-0.908,0.963,0.589,0.816,0.589,0.844,0.583,0.602,0.948,0.708,0.908,0.76,-0.28,0.912,0.592,-0.617,0.7,0.756,0.927,-0.497,0.76,0.495,0.934,-0.55,0.804,0.647,0.715,0.419,-0.073,0.647,0.95,0.863,-0.373,-0.716,0.759,0.9,0.79,0.409,0.885,0.885,0.854,0.955,0.627,0.599,-0.42,-0.041,0.932,0.485,0.711,0.908,0.917,0.959,0.902,0.854,0.949,0.551,-0.784,0.406,0.723,0.779,0.959,0.852,0.932,-0.23,-0.306,0.846,0.845,-0.258,0.917,0.877,0.895,0.272,0.571,0.627,0.841,0.898,0.955,0.911,0.611,0.97,0.831,0.613,0.842,0.634,0.759,0.907,0.801,0.883,0.197,0.938,0.674,-0.196,0.553,0.903,0.746,0.551,-0.148,0.944,0.614,-0.577,0.879,0.61,0.961,0.568,0.918,0.878,0.74,0.965,0.537,0.686,0.962,0.857,0.944,0.674,0.929,0.803,-0.643,0.971,0.953,0.924,0.688,0.113,0.841,0.954,0.938,0.957,0.867,0.946,0.333,0.93,-0.567,0.655,-0.112,0.093,0.839,0.417,0.482,0.49,0.662,0.312,0.295,0.576,0.582,0.612,0.826,-0.42,0.789,0.73
ATSG,0.781,0.141,-0.238,0.275,-0.17,0.623,-0.267,-0.059,-0.435,-0.476,-0.419,0.037,-0.25,-0.014,-0.055,0.346,-0.414,-0.334,-0.186,-0.526,-0.408,-0.434,-0.235,-0.207,0.0,-0.229,-0.238,-0.334,-0.441,0.847,-0.407,0.392,-0.034,-0.249,-0.337,-0.279,0.746,0.532,-0.3,0.404,-0.376,-0.027,0.819,0.566,0.007,0.129,-0.337,0.161,-0.23,-0.566,-0.086,0.864,0.343,-0.251,0.288,0.222,0.074,-0.422,0.015,-0.692,-0.089,0.302,-0.324,-0.174,0.576,-0.253,-0.47,0.648,-0.085,-0.354,-0.333,0.432,-0.18,0.261,-0.291,0.377,-0.449,0.027,-0.664,0.352,0.14,-0.571,-0.161,-0.436,0.204,0.385,0.222,0.09,-0.361,-0.174,-0.064,0.051,-0.398,-0.073,0.499,-0.123,0.292,0.608,-0.204,0.446,0.381,-0.32,-0.046,-0.306,-0.219,-0.519,-0.217,0.146,0.645,-0.405,0.391,-0.053,-0.389,-0.289,-0.179,-0.28,0.697,-0.035,-0.133,0.565,-0.435,-0.224,0.01,0.573,0.278,-0.534,-0.45,-0.459,-0.104,-0.064,-0.314,-0.277,-0.298,0.305,-0.476,0.412,0.397,-0.499,0.197,0.018,0.074,-0.236,0.003,0.685,-0.553,-0.256,0.033,0.584,0.945,-0.431,-0.247,0.618,-0.275,0.055,-0.367,-0.353,-0.201,-0.404,0.225,-0.288,-0.472,0.183,-0.297,-0.3,-0.44,-0.384,-0.313,0.276,0.406,-0.103,-0.23,0.004,0.116,0.333,-0.527,-0.283,-0.343,-0.232,-0.482,-0.369,0.595,0.042,0.572,0.25,0.403,0.263,0.152,0.527,0.173,-0.189,-0.551,0.318,0.103,-0.256,-0.69,0.153,0.222,-0.155,0.075,-0.481
AVTX,-0.518,0.629,0.933,0.202,0.956,0.445,0.935,0.876,0.242,0.909,0.941,0.541,0.952,0.922,0.897,0.697,0.63,0.903,0.928,0.882,0.881,0.876,0.885,0.964,-0.229,0.0,0.863,0.964,0.818,-0.432,0.93,0.22,0.906,0.81,0.866,0.862,-0.463,0.119,0.929,-0.238,0.909,0.913,-0.282,-0.709,0.601,0.225,0.955,0.852,0.709,0.828,0.913,-0.148,-0.913,0.951,0.549,0.792,0.574,0.805,0.586,0.596,0.933,0.667,0.911,0.76,-0.302,0.898,0.609,-0.6,0.601,0.762,0.928,-0.553,0.757,0.488,0.914,-0.522,0.779,0.614,0.713,0.423,-0.02,0.677,0.953,0.88,-0.298,-0.745,0.729,0.864,0.8,0.442,0.833,0.841,0.893,0.944,0.592,0.59,-0.385,-0.132,0.902,0.423,0.728,0.9,0.894,0.948,0.873,0.86,0.951,0.495,-0.816,0.418,0.714,0.74,0.949,0.857,0.929,-0.29,-0.325,0.839,0.844,-0.295,0.927,0.818,0.872,0.22,0.493,0.631,0.857,0.888,0.948,0.893,0.585,0.961,0.8,0.534,0.862,0.607,0.709,0.879,0.802,0.867,0.177,0.949,0.631,-0.237,0.476,0.884,0.776,0.557,-0.157,0.927,0.64,-0.576,0.892,0.602,0.955,0.607,0.92,0.883,0.707,0.959,0.545,0.683,0.952,0.861,0.944,0.685,0.89,0.785,-0.685,0.958,0.928,0.907,0.68,0.121,0.858,0.959,0.94,0.969,0.863,0.949,0.292,0.892,-0.567,0.605,-0.122,0.058,0.833,0.35,0.489,0.523,0.631,0.245,0.347,0.517,0.552,0.607,0.792,-0.447,0.784,0.693
BCPC,-0.462,0.535,0.878,0.4,0.858,0.351,0.915,0.884,0.501,0.897,0.883,0.569,0.911,0.867,0.881,0.609,0.752,0.882,0.867,0.794,0.854,0.911,0.813,0.883,-0.238,0.863,0.0,0.869,0.786,-0.455,0.895,0.433,0.867,0.692,0.816,0.81,-0.432,0.212,0.869,-0.103,0.817,0.852,-0.319,-0.768,0.751,0.388,0.886,0.76,0.709,0.846,0.798,-0.111,-0.74,0.892,0.705,0.713,0.679,0.879,0.683,0.713,0.881,0.531,0.856,0.779,-0.33,0.928,0.727,-0.618,0.683,0.75,0.89,-0.313,0.834,0.392,0.947,-0.398,0.766,0.757,0.728,0.538,0.117,0.693,0.875,0.73,-0.339,-0.711,0.659,0.845,0.694,0.568,0.831,0.769,0.789,0.836,0.622,0.693,-0.272,-0.033,0.926,0.334,0.649,0.869,0.904,0.925,0.853,0.861,0.905,0.69,-0.702,0.608,0.68,0.782,0.849,0.897,0.889,0.053,-0.172,0.711,0.811,-0.33,0.885,0.758,0.89,0.154,0.601,0.688,0.893,0.802,0.899,0.816,0.609,0.872,0.866,0.408,0.838,0.621,0.667,0.872,0.797,0.895,0.391,0.841,0.74,-0.142,0.482,0.892,0.714,0.524,-0.215,0.893,0.727,-0.481,0.909,0.724,0.905,0.673,0.894,0.91,0.715,0.851,0.657,0.667,0.879,0.839,0.891,0.799,0.871,0.765,-0.488,0.854,0.873,0.893,0.784,0.33,0.832,0.902,0.9,0.888,0.868,0.901,0.366,0.793,-0.414,0.681,0.149,0.249,0.787,0.367,0.304,0.636,0.736,0.222,0.245,0.503,0.637,0.649,0.792,-0.147,0.815,0.751
BEAM,-0.598,0.535,0.957,0.096,0.95,0.369,0.938,0.874,0.242,0.938,0.971,0.468,0.971,0.916,0.852,0.662,0.668,0.941,0.96,0.927,0.91,0.908,0.877,0.958,-0.334,0.964,0.869,0.0,0.888,-0.531,0.962,0.146,0.894,0.878,0.93,0.868,-0.586,-0.022,0.951,-0.329,0.963,0.859,-0.382,-0.731,0.549,0.12,0.967,0.8,0.636,0.852,0.927,-0.231,-0.917,0.968,0.473,0.761,0.556,0.812,0.551,0.654,0.924,0.651,0.946,0.707,-0.293,0.873,0.6,-0.706,0.629,0.839,0.936,-0.575,0.693,0.442,0.908,-0.602,0.847,0.56,0.711,0.32,-0.096,0.667,0.965,0.904,-0.411,-0.761,0.707,0.852,0.842,0.38,0.856,0.867,0.879,0.947,0.511,0.546,-0.501,-0.168,0.923,0.417,0.649,0.876,0.853,0.969,0.844,0.877,0.946,0.452,-0.867,0.372,0.666,0.679,0.98,0.829,0.91,-0.283,-0.452,0.869,0.872,-0.277,0.948,0.868,0.855,0.094,0.464,0.652,0.863,0.926,0.914,0.877,0.662,0.989,0.817,0.533,0.89,0.519,0.674,0.928,0.712,0.848,0.111,0.946,0.592,-0.337,0.552,0.912,0.677,0.509,-0.261,0.945,0.613,-0.615,0.871,0.511,0.981,0.559,0.909,0.889,0.704,0.978,0.544,0.572,0.958,0.823,0.957,0.704,0.932,0.746,-0.71,0.962,0.939,0.871,0.613,0.101,0.929,0.956,0.948,0.943,0.862,0.963,0.186,0.87,-0.644,0.546,-0.197,-0.027,0.761,0.263,0.516,0.567,0.638,0.303,0.322,0.519,0.65,0.585,0.714,-0.466,0.709,0.776
BILI,-0.712,0.246,0.895,-0.035,0.821,0.227,0.852,0.817,0.26,0.852,0.896,0.13,0.878,0.818,0.689,0.524,0.637,0.903,0.876,0.934,0.835,0.822,0.67,0.832,-0.441,0.818,0.786,0.888,0.0,-0.659,0.873,0.078,0.767,0.851,0.979,0.787,-0.783,-0.23,0.867,-0.464,0.926,0.659,-0.468,-0.724,0.434,-0.108,0.88,0.637,0.415,0.767,0.794,-0.255,-0.82,0.907,0.315,0.639,0.408,0.737,0.452,0.7,0.803,0.555,0.884,0.452,-0.379,0.737,0.473,-0.837,0.594,0.794,0.861,-0.381,0.534,0.21,0.807,-0.673,0.938,0.41,0.621,0.063,-0.199,0.521,0.854,0.772,-0.651,-0.673,0.505,0.707,0.796,0.16,0.848,0.785,0.718,0.835,0.343,0.407,-0.72,-0.135,0.878,0.309,0.401,0.728,0.701,0.873,0.724,0.837,0.839,0.358,-0.846,0.246,0.52,0.575,0.882,0.665,0.775,-0.179,-0.565,0.785,0.744,-0.274,0.845,0.869,0.752,-0.08,0.394,0.523,0.733,0.883,0.761,0.726,0.861,0.903,0.738,0.479,0.863,0.333,0.56,0.926,0.478,0.701,-0.056,0.814,0.47,-0.495,0.531,0.846,0.411,0.354,-0.399,0.875,0.444,-0.717,0.722,0.32,0.899,0.433,0.8,0.79,0.679,0.912,0.454,0.314,0.861,0.636,0.865,0.664,0.897,0.572,-0.728,0.847,0.9,0.727,0.478,0.009,0.881,0.853,0.828,0.801,0.746,0.867,-0.011,0.7,-0.738,0.404,-0.244,-0.103,0.589,0.124,0.546,0.697,0.562,0.395,0.147,0.488,0.769,0.46,0.519,-0.418,0.525,0.912
BJRI,0.923,0.153,-0.477,0.126,-0.42,0.424,-0.486,-0.322,-0.465,-0.627,-0.621,0.006,-0.472,-0.304,-0.27,0.108,-0.606,-0.533,-0.389,-0.715,-0.58,-0.604,-0.376,-0.461,0.847,-0.432,-0.455,-0.531,-0.659,0.0,-0.58,0.224,-0.27,-0.437,-0.573,-0.528,0.897,0.527,-0.597,0.559,-0.593,-0.221,0.839,0.737,-0.207,0.11,-0.554,-0.043,-0.267,-0.722,-0.288,0.753,0.572,-0.509,0.103,-0.045,-0.13,-0.545,-0.082,-0.768,-0.331,0.046,-0.494,-0.254,0.601,-0.466,-0.541,0.873,-0.314,-0.437,-0.533,0.379,-0.3,0.149,-0.496,0.517,-0.597,-0.094,-0.694,0.303,0.196,-0.601,-0.396,-0.558,0.539,0.603,0.062,-0.151,-0.473,-0.195,-0.368,-0.246,-0.446,-0.357,0.262,-0.251,0.53,0.518,-0.452,0.126,0.211,-0.51,-0.309,-0.531,-0.433,-0.702,-0.474,-0.011,0.782,-0.369,0.122,-0.283,-0.597,-0.431,-0.327,-0.186,0.784,-0.28,-0.407,0.57,-0.625,-0.458,-0.246,0.434,0.064,-0.613,-0.577,-0.601,-0.318,-0.242,-0.591,-0.53,-0.501,-0.028,-0.621,0.236,0.065,-0.693,-0.008,-0.241,0.042,-0.423,-0.18,0.687,-0.625,-0.441,-0.049,0.338,0.889,-0.639,-0.271,0.791,-0.422,-0.044,-0.581,-0.361,-0.425,-0.568,-0.075,-0.532,-0.517,0.071,-0.488,-0.441,-0.605,-0.52,-0.55,0.053,0.469,-0.362,-0.492,-0.24,-0.095,0.271,-0.625,-0.482,-0.507,-0.412,-0.615,-0.579,0.473,-0.209,0.656,0.089,0.375,0.188,-0.028,0.419,-0.029,-0.351,-0.539,0.031,0.225,-0.369,-0.757,0.023,-0.004,0.018,-0.093,-0.679
BLUE,-0.602,0.48,0.951,0.189,0.92,0.236,0.927,0.855,0.403,0.981,0.958,0.522,0.953,0.874,0.87,0.54,0.734,0.914,0.929,0.914,0.96,0.964,0.909,0.931,-0.407,0.93,0.895,0.962,0.873,-0.58,0.0,0.187,0.839,0.778,0.898,0.914,-0.582,0.008,0.936,-0.222,0.913,0.835,-0.461,-0.815,0.659,0.217,0.949,0.743,0.733,0.913,0.837,-0.299,-0.891,0.952,0.512,0.653,0.652,0.859,0.645,0.765,0.912,0.507,0.955,0.751,-0.443,0.919,0.741,-0.723,0.712,0.789,0.963,-0.497,0.768,0.362,0.93,-0.485,0.863,0.576,0.812,0.363,0.072,0.771,0.944,0.837,-0.38,-0.804,0.614,0.812,0.821,0.525,0.855,0.768,0.906,0.893,0.463,0.695,-0.4,-0.172,0.912,0.279,0.585,0.871,0.855,0.973,0.899,0.924,0.928,0.516,-0.881,0.504,0.597,0.762,0.943,0.886,0.884,-0.119,-0.43,0.744,0.877,-0.441,0.93,0.791,0.826,0.085,0.415,0.722,0.916,0.894,0.916,0.815,0.662,0.955,0.846,0.463,0.871,0.487,0.58,0.939,0.717,0.814,0.251,0.907,0.698,-0.386,0.557,0.913,0.686,0.432,-0.331,0.94,0.68,-0.661,0.926,0.596,0.971,0.719,0.937,0.949,0.629,0.933,0.72,0.605,0.936,0.821,0.979,0.8,0.885,0.684,-0.666,0.907,0.9,0.84,0.689,0.19,0.927,0.96,0.968,0.93,0.926,0.96,0.176,0.792,-0.534,0.511,-0.106,0.125,0.726,0.209,0.348,0.632,0.721,0.169,0.209,0.502,0.724,0.665,0.692,-0.308,0.771,0.798
BPOP,0.214,0.288,0.26,0.825,0.281,0.488,0.376,0.492,0.343,0.213,0.199,0.445,0.305,0.412,0.498,0.432,0.378,0.268,0.251,0.051,0.16,0.273,0.27,0.3,0.392,0.22,0.433,0.146,0.078,0.224,0.187,0.0,0.439,0.029,0.098,0.233,0.281,0.667,0.227,0.352,0.128,0.463,0.264,-0.163,0.633,0.695,0.241,0.456,0.446,0.193,0.243,0.367,-0.049,0.252,0.815,0.401,0.501,0.392,0.613,0.075,0.409,0.279,0.209,0.487,-0.057,0.45,0.323,0.021,0.343,0.131,0.302,0.204,0.602,0.146,0.401,0.135,0.083,0.647,0.12,0.715,0.362,0.131,0.272,-0.064,-0.013,-0.107,0.428,0.484,-0.012,0.452,0.339,0.348,0.082,0.265,0.675,0.493,0.293,0.347,0.414,0.308,0.483,0.314,0.52,0.286,0.379,0.217,0.335,0.729,0.138,0.431,0.578,0.57,0.125,0.409,0.398,0.3,0.536,0.174,0.259,0.01,0.191,0.238,0.52,0.511,0.701,0.218,0.301,0.098,0.423,0.366,0.075,0.196,0.539,0.28,0.169,0.689,0.547,0.117,0.608,0.461,0.6,0.218,0.629,0.511,-0.124,0.345,0.466,0.526,0.367,0.199,0.421,0.187,0.324,0.679,0.229,0.325,0.365,0.337,0.516,0.187,0.199,0.633,0.219,0.375,0.198,0.358,0.285,0.484,0.252,0.286,0.331,0.548,0.658,0.565,0.073,0.319,0.295,0.308,0.305,0.272,0.777,0.351,0.184,0.742,0.71,0.699,0.545,0.611,-0.076,0.302,0.35,0.105,-0.005,0.131,-0.08,0.468,0.65,0.274,0.612,-0.012
