,AAL,AAON,ACB,ACGL,ACGLO,ACIW,ADBE,ADSK,AEP,AGIO,ALEC,ALNY,ALTR,AMBA,AMCX,AMKR,AMRX,ANSS,APPN,APTO,ARCT,ARWR,ASND,ASTH,ATSG,AVTX,BCPC,BEAM,BILI,BJRI,BLUE,BPOP,BRKL,BWIN,BZUN,CARG,CBRL,CBSH,CBUS,CENTA,CERS,CFFN,CHCO,CHEF,CHRD,CINF,CLLS,CMCO,CMCSA,COLL,COMM,COOP,CPB,CRON,CROX,CRUS,CRWD,CTAS,CYBR,CYTK,DGII,DIOD,DOMO,DPZ,DSGR,DXCM,ERIE,ESTA,EXEL,FAST,FCEL,FCFS,FHB,FITBI,FSV,FTDR,FUTU,GLDD,GLPG,GLPI,GOGO,GOSS,GSAT,GYRE,HALO,HAS,HLIT,HLNE,HSDT,HSIC,HTHT,ICHR,IDYA,IMVT,INDB,INSM,IONS,IOSP,ITRI,JBHT,JBLU,JSM,KLIC,KOD,KURA,LAB,LASR,LIN,LKQ,LNT,MBUU,MCRI,MDGL,MEDP,MGNI,MGPI,MGRC,MKTX,MRNA,MRTN,MSEX,MSFT,MU,NAVI,NBTB,NEO,NEOG,NGNE,NSSC,NTAP,NTES,NTLA,NTRS,NYMTN,OBLG,OCFC,ON,ONC,OPI,OSIS,OSW,PALI,PANW,PCAR,PCRX,PCTY,PEBO,PLAB,PLAY,PLMR,PLSE,PLUS,PRTA,PSEC,PSNL,PTCT,PTON,QNST,QRVO,QTTB,RARE,RBCAA,RGNX,SAIC,SGMO,SINT,SNPS,SPSC,SPTN,SSYS,STNE,TBBK,TCPC,TENB,TGTX,TREE,TRUP,TTWO,TW,TXG,UBSI,UCTT,UFPT,UMBF,UPBD,URBN,VBTX,VCTR,VEON,VNET,VRSK,VSEC,WABC,WTFCM,WVE,WW,WWD,XEL,ZD,ZYME
AAL,0.0,0.258,0.123,0.405,0.372,0.612,-0.126,0.67,0.196,0.453,-0.134,-0.536,0.49,0.624,0.381,0.795,0.633,0.18,0.094,0.239,-0.039,-0.031,0.29,0.174,0.538,0.143,0.158,0.247,-0.237,0.653,0.579,0.769,0.759,0.498,0.076,0.339,0.852,0.459,0.009,0.812,0.753,0.733,0.593,0.848,0.776,-0.02,0.08,0.63,0.651,0.382,0.535,0.695,-0.259,0.178,-0.202,0.265,0.048,-0.506,0.438,0.593,0.294,0.78,0.512,0.539,0.512,-0.03,0.224,0.732,0.368,-0.058,-0.148,0.675,0.65,0.618,0.585,0.83,0.349,0.76,0.331,0.721,0.568,0.745,-0.237,-0.017,0.378,0.133,0.665,0.335,0.038,0.561,0.533,0.749,0.744,0.613,0.583,0.546,0.259,0.318,0.654,0.49,0.925,0.541,0.483,0.582,0.436,-0.09,0.404,0.282,0.716,0.044,0.388,0.859,0.704,0.418,0.347,0.445,0.891,-0.142,-0.702,0.517,0.625,0.426,0.739,0.196,0.665,0.677,0.161,0.541,-0.2,0.773,0.123,-0.028,0.703,0.452,-0.158,0.73,0.75,0.053,0.852,0.54,0.722,-0.528,0.433,0.445,0.613,0.493,0.718,0.408,0.614,0.257,-0.227,0.397,0.682,0.726,0.482,0.589,-0.407,0.438,0.635,-0.056,0.259,-0.278,0.563,0.425,0.382,-0.177,0.488,0.442,0.301,0.479,0.508,0.384,0.455,0.323,0.753,0.655,0.301,0.423,0.392,0.641,0.719,0.802,0.603,0.516,0.458,0.417,0.635,0.705,0.439,0.563,-0.074,0.721,0.477,0.468,0.242,0.183,0.687,0.003,0.719,0.355
AAON,0.258,0.0,0.677,0.032,-0.297,-0.174,0.795,-0.116,-0.584,-0.386,-0.118,-0.425,0.483,0.699,0.766,0.359,-0.28,0.466,0.523,0.705,-0.575,0.497,0.773,0.836,-0.357,0.418,0.002,-0.44,0.667,0.488,-0.19,0.115,-0.026,0.863,0.625,0.853,0.461,0.195,0.147,0.177,0.432,0.481,-0.277,0.41,0.24,0.488,0.374,0.712,0.012,-0.333,0.463,0.439,-0.402,0.555,0.667,-0.185,0.081,0.469,-0.362,-0.251,-0.268,0.556,0.489,0.059,0.122,0.291,0.605,0.598,-0.587,0.441,0.543,-0.17,0.234,-0.19,0.68,0.041,0.732,0.084,-0.579,0.107,-0.222,0.107,0.602,0.662,-0.562,0.347,-0.131,0.803,0.476,0.206,0.774,0.524,0.264,0.005,0.486,0.096,-0.331,-0.351,0.056,0.26,0.248,0.438,0.671,0.018,-0.448,0.74,0.724,-0.12,0.365,-0.488,0.574,0.195,-0.239,-0.154,0.232,0.365,0.346,-0.613,0.007,0.086,-0.303,0.543,-0.067,-0.134,-0.109,-0.054,-0.545,0.459,0.087,0.158,0.738,-0.545,0.213,0.142,0.25,-0.253,0.125,0.683,0.123,0.472,0.729,0.281,-0.037,0.441,-0.17,0.832,0.245,-0.221,-0.053,0.671,0.638,0.823,0.236,0.537,-0.083,-0.346,0.417,0.364,0.751,0.648,-0.464,0.608,-0.121,0.362,0.271,0.45,0.288,0.588,-0.416,0.715,0.46,0.793,0.493,-0.475,-0.055,-0.222,0.738,-0.476,0.188,0.388,0.521,0.505,0.458,0.287,0.653,0.839,0.527,0.115,0.787,0.088,0.476,0.055,0.109,0.023,0.388,0.607,0.374,-0.31,0.449,0.575
ACB,0.123,0.677,0.0,-0.433,-0.703,-0.456,0.724,-0.262,-0.856,-0.331,0.353,0.049,0.095,0.45,0.768,-0.038,-0.418,0.108,0.656,0.794,-0.215,0.769,0.803,0.677,-0.575,0.857,-0.582,-0.251,0.787,0.431,-0.133,-0.237,-0.357,0.561,0.771,0.777,0.077,-0.223,0.467,-0.218,0.283,0.233,-0.466,0.052,-0.146,0.244,0.626,0.414,-0.299,-0.52,0.252,0.064,-0.667,0.928,0.749,-0.495,0.085,0.306,-0.555,-0.552,-0.53,0.211,0.488,-0.393,-0.441,0.616,0.132,0.408,-0.608,-0.101,0.907,-0.532,-0.062,-0.562,0.266,-0.225,0.663,-0.144,-0.586,-0.345,-0.162,-0.033,0.862,0.912,-0.71,-0.024,-0.447,0.464,0.691,-0.325,0.721,0.194,-0.061,-0.275,0.09,0.255,0.016,-0.608,-0.344,-0.308,0.189,0.302,0.544,0.215,-0.382,0.774,0.708,-0.59,-0.12,-0.883,0.148,-0.103,-0.37,-0.222,0.481,0.232,0.078,-0.705,0.24,-0.421,-0.597,0.093,-0.381,-0.293,-0.455,0.085,-0.74,0.536,-0.156,-0.218,0.545,-0.358,-0.094,-0.394,0.673,-0.475,-0.243,0.796,-0.17,0.113,0.432,0.671,-0.336,-0.009,-0.432,0.649,-0.065,-0.478,-0.334,0.556,0.818,0.552,0.158,0.196,0.115,-0.434,0.71,0.116,0.423,0.906,-0.33,0.593,0.001,-0.01,0.555,0.863,-0.101,0.336,-0.745,0.614,0.376,0.542,0.2,-0.578,-0.289,-0.198,0.755,-0.604,-0.229,0.16,0.143,0.171,-0.058,-0.138,0.514,0.664,0.142,-0.217,0.657,0.272,-0.002,-0.183,-0.261,-0.15,0.765,0.741,-0.007,-0.635,0.153,0.671
ACGL,0.405,0.032,-0.433,0.0,0.766,0.645,-0.21,0.335,0.609,0.139,-0.618,-0.693,0.286,0.367,0.0,0.709,0.352,0.327,-0.45,-0.29,-0.409,-0.592,-0.364,-0.122,0.657,-0.508,0.818,-0.161,-0.413,0.086,0.072,0.833,0.713,0.222,-0.217,0.021,0.666,0.883,-0.173,0.637,0.094,0.548,0.723,0.669,0.726,0.498,-0.424,0.506,0.567,0.401,0.515,0.72,0.497,-0.474,-0.325,0.612,-0.237,0.01,0.39,0.542,0.692,0.559,-0.208,0.571,0.711,-0.648,0.563,0.286,0.295,0.535,-0.547,0.651,0.844,0.638,0.441,0.511,-0.1,0.619,0.271,0.732,0.098,0.425,-0.491,-0.403,0.426,0.72,0.679,0.394,-0.329,0.823,-0.066,0.591,0.42,0.568,0.755,-0.106,-0.248,0.832,0.837,0.881,0.389,0.284,0.18,-0.205,0.077,-0.332,0.227,0.827,0.754,0.689,0.651,0.514,0.476,0.113,-0.304,0.31,0.503,0.205,-0.615,0.902,0.563,0.463,0.613,0.667,0.801,-0.004,0.415,-0.053,0.286,0.7,0.142,-0.186,0.842,0.737,-0.502,0.652,0.712,-0.446,0.683,0.699,0.455,-0.638,0.378,0.797,0.478,-0.045,0.77,0.578,0.618,0.019,-0.422,0.345,0.15,0.694,-0.173,0.344,-0.676,0.641,0.429,-0.462,-0.145,-0.057,-0.021,0.696,-0.403,-0.569,0.46,0.123,0.645,0.088,0.378,0.35,0.627,0.237,0.468,0.399,-0.186,0.322,0.455,0.17,0.655,0.569,0.722,0.805,0.152,0.137,0.704,0.609,0.18,-0.083,0.463,0.451,0.879,0.242,-0.52,-0.209,0.791,0.741,0.477,-0.222
ACGLO,0.372,-0.297,-0.703,0.766,0.0,0.72,-0.554,0.512,0.804,0.395,-0.466,-0.477,0.289,0.064,-0.328,0.573,0.586,0.139,-0.562,-0.49,-0.055,-0.69,-0.546,-0.327,0.775,-0.652,0.722,0.184,-0.68,-0.092,0.281,0.713,0.742,-0.048,-0.498,-0.32,0.473,0.643,-0.31,0.657,0.155,0.323,0.734,0.525,0.565,0.054,-0.431,0.185,0.627,0.562,0.223,0.489,0.476,-0.636,-0.646,0.557,-0.091,-0.319,0.647,0.736,0.643,0.341,-0.168,0.661,0.752,-0.62,0.178,0.16,0.577,0.289,-0.802,0.796,0.567,0.819,0.281,0.61,-0.3,0.583,0.561,0.752,0.337,0.475,-0.78,-0.658,0.702,0.357,0.747,0.033,-0.562,0.714,-0.287,0.362,0.45,0.631,0.415,0.003,0.006,0.764,0.809,0.674,0.296,0.169,-0.094,0.01,0.389,-0.58,-0.228,0.789,0.618,0.809,0.338,0.552,0.649,0.338,-0.267,0.196,0.467,0.451,-0.601,0.777,0.802,0.24,0.678,0.45,0.79,0.203,0.659,-0.129,0.104,0.617,-0.176,0.148,0.586,0.719,-0.62,0.756,0.629,-0.573,0.634,0.384,0.151,-0.833,0.503,0.47,0.644,-0.222,0.608,0.622,0.611,-0.149,-0.693,-0.04,0.235,0.383,0.069,0.571,-0.789,0.335,0.131,-0.723,0.236,-0.478,0.171,0.436,-0.338,-0.785,0.4,-0.022,0.777,-0.15,0.087,-0.026,0.233,0.553,0.632,0.488,-0.363,0.604,0.474,0.247,0.43,0.396,0.526,0.588,-0.119,-0.162,0.419,0.616,-0.15,0.018,0.208,0.511,0.646,0.343,-0.597,-0.422,0.564,0.691,0.351,-0.331
ACIW,0.612,-0.174,-0.456,0.645,0.72,0.0,-0.565,0.799,0.74,0.641,-0.108,-0.517,0.482,0.208,-0.308,0.58,0.86,0.376,-0.155,-0.416,0.052,-0.52,-0.256,-0.321,0.928,-0.48,0.539,0.456,-0.749,0.355,0.645,0.804,0.807,0.04,-0.399,-0.308,0.608,0.458,-0.432,0.83,0.449,0.342,0.726,0.613,0.668,-0.17,-0.428,0.218,0.625,0.815,0.201,0.637,0.195,-0.466,-0.751,0.754,0.208,-0.434,0.844,0.915,0.8,0.543,0.099,0.8,0.624,-0.173,0.182,0.219,0.804,0.204,-0.676,0.906,0.557,0.836,0.379,0.689,-0.117,0.783,0.712,0.784,0.69,0.644,-0.694,-0.62,0.849,0.102,0.941,0.05,-0.437,0.722,-0.122,0.55,0.736,0.559,0.362,0.201,0.298,0.716,0.846,0.669,0.637,0.06,-0.076,0.43,0.716,-0.655,-0.017,0.804,0.672,0.659,0.156,0.823,0.839,0.682,0.175,0.378,0.664,0.578,-0.8,0.672,0.881,0.484,0.927,0.585,0.804,0.442,0.728,0.197,0.262,0.81,-0.312,0.367,0.641,0.658,-0.564,0.868,0.838,-0.557,0.726,0.393,0.344,-0.846,0.819,0.346,0.918,0.013,0.575,0.87,0.893,-0.156,-0.766,-0.083,0.408,0.517,0.288,0.778,-0.799,0.579,0.207,-0.683,0.335,-0.592,0.59,0.199,0.002,-0.666,0.734,0.282,0.829,-0.113,0.273,-0.094,0.345,0.757,0.819,0.74,-0.184,0.783,0.689,0.482,0.451,0.592,0.569,0.654,0.17,-0.184,0.331,0.86,-0.117,0.397,0.213,0.844,0.569,0.44,-0.252,-0.48,0.589,0.529,0.5,-0.307
ADBE,-0.126,0.795,0.724,-0.21,-0.554,-0.565,0.0,-0.569,-0.834,-0.702,-0.133,-0.116,0.144,0.508,0.735,0.011,-0.687,0.223,0.464,0.715,-0.685,0.593,0.712,0.773,-0.694,0.489,-0.224,-0.655,0.89,0.236,-0.529,-0.25,-0.427,0.64,0.751,0.791,0.073,-0.047,0.176,-0.266,0.01,0.175,-0.571,0.021,-0.154,0.506,0.324,0.493,-0.358,-0.661,0.302,0.147,-0.329,0.587,0.885,-0.337,-0.123,0.684,-0.739,-0.649,-0.461,0.188,0.24,-0.361,-0.194,0.312,0.493,0.319,-0.873,0.367,0.746,-0.59,0.025,-0.591,0.363,-0.416,0.647,-0.22,-0.889,-0.292,-0.561,-0.256,0.788,0.775,-0.849,0.296,-0.528,0.624,0.676,-0.134,0.654,0.124,-0.158,-0.311,0.277,-0.171,-0.528,-0.572,-0.332,-0.018,-0.09,0.239,0.553,-0.318,-0.768,0.859,0.676,-0.414,-0.022,-0.673,0.409,-0.243,-0.639,-0.525,0.046,0.043,-0.073,-0.739,0.247,-0.205,-0.712,0.336,-0.469,-0.266,-0.453,-0.369,-0.839,0.228,0.112,-0.277,0.795,-0.665,-0.117,-0.143,0.418,-0.63,-0.236,0.69,-0.283,0.221,0.437,0.659,-0.368,0.286,-0.599,0.611,-0.036,-0.567,-0.376,0.517,0.864,0.728,-0.182,0.216,-0.327,-0.731,0.584,0.126,0.532,0.814,-0.673,0.838,-0.368,0.139,0.035,0.666,-0.048,0.334,-0.715,0.552,0.364,0.708,0.386,-0.799,-0.508,-0.579,0.626,-0.86,-0.19,-0.054,0.22,0.106,0.107,0.061,0.503,0.715,0.244,-0.344,0.683,-0.162,0.317,-0.36,-0.115,-0.208,0.388,0.596,0.063,-0.442,-0.043,0.435
ADSK,0.67,-0.116,-0.262,0.335,0.512,0.799,-0.569,0.0,0.599,0.795,0.2,-0.353,0.566,0.242,-0.202,0.53,0.913,0.403,0.096,-0.176,0.383,-0.268,-0.078,-0.138,0.808,-0.17,0.276,0.683,-0.622,0.329,0.817,0.628,0.728,0.137,-0.331,-0.18,0.542,0.229,-0.133,0.798,0.727,0.374,0.593,0.564,0.618,-0.278,-0.012,0.122,0.722,0.784,0.071,0.427,-0.176,-0.183,-0.665,0.407,0.502,-0.579,0.885,0.875,0.51,0.568,0.481,0.763,0.464,0.056,-0.016,0.315,0.787,-0.024,-0.466,0.837,0.274,0.824,0.394,0.789,-0.016,0.643,0.817,0.639,0.849,0.726,-0.506,-0.423,0.772,-0.184,0.822,0.025,-0.442,0.45,0.035,0.57,0.771,0.566,0.155,0.547,0.487,0.447,0.661,0.381,0.635,0.241,-0.021,0.743,0.85,-0.441,-0.105,0.549,0.596,0.42,0.083,0.824,0.863,0.893,0.462,0.516,0.721,0.486,-0.577,0.428,0.848,0.346,0.832,0.299,0.643,0.74,0.687,0.478,0.007,0.778,-0.331,0.551,0.487,0.371,-0.357,0.818,0.731,-0.28,0.664,0.271,0.272,-0.76,0.786,0.019,0.857,0.227,0.438,0.656,0.653,0.119,-0.618,-0.097,0.729,0.418,0.585,0.873,-0.538,0.379,0.149,-0.483,0.629,-0.643,0.695,0.124,0.46,-0.477,0.675,0.416,0.67,0.1,0.124,-0.128,0.069,0.861,0.895,0.85,0.023,0.852,0.685,0.69,0.345,0.613,0.416,0.336,0.046,-0.063,0.275,0.835,-0.052,0.573,0.051,0.81,0.259,0.522,0.067,-0.229,0.427,0.217,0.655,0.055
AEP,0.196,-0.584,-0.856,0.609,0.804,0.74,-0.834,0.599,0.0,0.574,-0.184,-0.218,0.087,-0.228,-0.664,0.294,0.682,0.06,-0.541,-0.737,0.311,-0.725,-0.729,-0.658,0.836,-0.694,0.646,0.449,-0.907,-0.2,0.422,0.527,0.62,-0.42,-0.737,-0.679,0.208,0.388,-0.314,0.478,0.018,0.024,0.71,0.234,0.41,-0.199,-0.502,-0.225,0.501,0.724,-0.086,0.177,0.588,-0.796,-0.862,0.642,0.068,-0.434,0.784,0.774,0.73,0.085,-0.29,0.604,0.533,-0.547,-0.025,-0.176,0.824,0.074,-0.9,0.763,0.303,0.757,-0.091,0.498,-0.574,0.424,0.806,0.562,0.436,0.36,-0.878,-0.866,0.884,0.098,0.714,-0.33,-0.746,0.496,-0.602,0.142,0.358,0.511,0.081,0.028,0.25,0.798,0.612,0.459,0.14,-0.115,-0.389,0.083,0.629,-0.834,-0.501,0.766,0.362,0.947,-0.036,0.4,0.672,0.478,-0.231,0.065,0.226,0.782,-0.458,0.584,0.818,0.031,0.652,0.487,0.687,0.199,0.873,-0.279,0.147,0.526,-0.571,0.468,0.394,0.496,-0.635,0.738,0.513,-0.797,0.469,0.13,-0.175,-0.817,0.539,0.132,0.71,-0.509,0.306,0.75,0.581,-0.427,-0.904,-0.433,0.175,0.119,0.114,0.71,-0.808,0.196,-0.237,-0.903,0.467,-0.685,0.253,0.165,-0.293,-0.848,0.333,-0.16,0.9,-0.441,-0.145,-0.453,-0.022,0.772,0.591,0.561,-0.596,0.83,0.426,0.116,0.065,0.143,0.255,0.33,-0.353,-0.561,0.066,0.536,-0.533,0.012,0.092,0.473,0.453,0.272,-0.611,-0.662,0.264,0.774,0.216,-0.515
AGIO,0.453,-0.386,-0.331,0.139,0.395,0.641,-0.702,0.795,0.574,0.0,0.3,0.043,0.189,-0.071,-0.384,0.189,0.861,0.163,0.047,-0.457,0.51,-0.301,-0.208,-0.399,0.69,-0.205,0.048,0.774,-0.727,0.246,0.864,0.385,0.551,-0.187,-0.447,-0.395,0.231,0.082,-0.143,0.554,0.46,0.193,0.498,0.31,0.334,-0.432,-0.105,-0.205,0.589,0.801,-0.141,0.15,-0.182,-0.227,-0.727,0.266,0.424,-0.734,0.771,0.783,0.442,0.222,0.243,0.451,0.158,0.028,-0.224,-0.011,0.862,-0.33,-0.421,0.644,0.063,0.654,0.054,0.609,-0.268,0.469,0.871,0.341,0.739,0.627,-0.527,-0.482,0.782,-0.426,0.657,-0.224,-0.398,0.123,-0.258,0.24,0.507,0.356,-0.026,0.639,0.661,0.427,0.468,0.082,0.488,-0.091,-0.426,0.717,0.917,-0.62,-0.317,0.369,0.229,0.363,-0.155,0.571,0.822,0.788,0.378,0.35,0.424,0.572,-0.375,0.23,0.731,-0.018,0.656,0.389,0.564,0.645,0.718,0.327,-0.105,0.466,-0.518,0.663,0.248,0.046,-0.401,0.723,0.482,-0.476,0.444,-0.013,-0.04,-0.666,0.568,-0.251,0.728,-0.038,0.226,0.439,0.607,-0.14,-0.683,-0.405,0.52,0.096,0.557,0.927,-0.457,0.167,-0.229,-0.489,0.81,-0.622,0.782,-0.019,0.401,-0.497,0.339,0.26,0.618,-0.242,-0.141,-0.353,-0.138,0.83,0.714,0.815,-0.343,0.825,0.429,0.364,0.116,0.25,0.107,0.129,-0.175,-0.319,0.034,0.612,-0.355,0.372,-0.194,0.585,0.089,0.312,0.085,-0.316,0.131,0.131,0.428,-0.02
ALEC,-0.134,-0.118,0.353,-0.618,-0.466,-0.108,-0.133,0.2,-0.184,0.3,0.0,0.491,-0.048,-0.193,-0.219,-0.464,0.133,0.083,0.547,0.056,0.56,0.435,0.203,0.01,-0.119,0.459,-0.481,0.543,0.025,0.125,0.377,-0.424,-0.362,-0.204,0.012,-0.191,-0.396,-0.656,0.171,-0.286,0.173,-0.395,-0.363,-0.384,-0.384,-0.428,0.348,-0.46,-0.254,0.143,-0.492,-0.426,-0.499,0.362,-0.066,-0.211,0.662,-0.075,0.16,-0.07,-0.148,-0.217,0.379,-0.178,-0.554,0.724,-0.44,-0.281,0.206,-0.388,0.323,-0.237,-0.565,-0.268,-0.3,-0.227,0.022,-0.29,0.225,-0.487,0.435,-0.085,0.329,0.197,0.019,-0.69,-0.165,-0.296,-0.001,-0.546,-0.07,-0.186,-0.044,-0.357,-0.62,0.384,0.566,-0.379,-0.378,-0.581,-0.043,-0.222,-0.206,0.577,0.413,0.02,-0.139,-0.324,-0.43,-0.346,-0.605,-0.106,-0.048,0.419,0.593,0.2,-0.18,0.247,0.287,-0.59,-0.18,-0.197,-0.152,-0.225,-0.443,0.283,0.061,0.358,0.006,-0.227,-0.38,0.581,-0.439,-0.562,0.412,-0.202,-0.27,0.143,-0.382,-0.396,-0.271,0.287,0.143,-0.705,0.034,0.071,-0.5,0.006,-0.163,0.036,0.117,-0.367,0.16,-0.338,0.397,0.125,0.327,-0.13,-0.371,0.188,0.382,-0.156,0.395,-0.64,0.705,0.374,0.016,0.14,-0.162,-0.076,-0.244,-0.413,-0.404,0.264,-0.032,0.147,0.225,0.151,0.014,0.126,-0.493,-0.195,-0.443,-0.457,-0.042,-0.229,-0.557,-0.056,-0.249,0.353,-0.155,0.037,-0.628,-0.031,0.623,-0.056,-0.499,-0.302,-0.089,0.109
ALNY,-0.536,-0.425,0.049,-0.693,-0.477,-0.517,-0.116,-0.353,-0.218,0.043,0.491,0.0,-0.556,-0.599,-0.301,-0.767,-0.315,-0.496,0.072,-0.151,0.483,0.386,-0.058,-0.237,-0.434,0.283,-0.54,0.334,0.108,-0.316,-0.038,-0.724,-0.646,-0.593,-0.042,-0.369,-0.786,-0.644,0.206,-0.676,-0.381,-0.617,-0.442,-0.743,-0.791,-0.41,0.163,-0.703,-0.55,-0.294,-0.582,-0.796,-0.097,0.142,0.098,-0.431,0.102,-0.082,-0.287,-0.436,-0.402,-0.778,-0.139,-0.651,-0.61,0.284,-0.491,-0.535,-0.054,-0.59,0.283,-0.582,-0.677,-0.524,-0.709,-0.56,-0.332,-0.547,-0.017,-0.721,-0.142,-0.359,0.198,0.088,-0.181,-0.569,-0.62,-0.646,0.202,-0.826,-0.366,-0.752,-0.496,-0.451,-0.691,0.133,0.397,-0.459,-0.684,-0.833,-0.493,-0.41,-0.511,0.014,0.008,-0.005,-0.476,-0.609,-0.819,-0.265,-0.649,-0.645,-0.365,-0.205,0.109,-0.407,-0.701,0.111,0.609,-0.709,-0.413,-0.707,-0.55,-0.295,-0.61,-0.01,-0.187,-0.314,-0.312,-0.756,-0.305,0.385,-0.74,-0.728,0.423,-0.483,-0.721,-0.018,-0.651,-0.664,-0.728,0.489,-0.451,-0.715,-0.441,-0.408,-0.708,-0.474,-0.484,-0.351,0.157,-0.554,-0.251,-0.788,0.216,-0.179,0.431,-0.602,-0.706,0.18,0.318,-0.01,0.045,-0.591,0.093,0.303,-0.617,-0.317,-0.422,-0.414,-0.541,-0.532,-0.662,-0.097,-0.464,-0.248,-0.31,-0.171,-0.605,-0.396,-0.76,-0.79,-0.847,-0.688,-0.424,-0.468,-0.739,-0.652,-0.503,-0.136,-0.457,-0.615,-0.661,-0.275,0.221,-0.028,-0.816,-0.291,-0.58,0.007
ALTR,0.49,0.483,0.095,0.286,0.289,0.482,0.144,0.566,0.087,0.189,-0.048,-0.556,0.0,0.576,0.173,0.557,0.426,0.71,0.36,0.208,-0.27,0.02,0.396,0.519,0.38,-0.049,0.305,0.16,0.003,0.449,0.32,0.483,0.417,0.664,0.243,0.297,0.586,0.214,-0.263,0.667,0.706,0.415,0.158,0.61,0.458,0.107,0.035,0.503,0.478,0.341,0.259,0.599,-0.332,0.058,-0.103,0.287,0.502,0.085,0.462,0.501,0.244,0.724,0.613,0.696,0.532,0.237,0.442,0.546,0.139,0.528,-0.113,0.517,0.282,0.489,0.81,0.457,0.535,0.442,0.179,0.562,0.445,0.52,-0.035,-0.037,0.206,0.11,0.505,0.531,-0.05,0.494,0.461,0.659,0.756,0.396,0.366,0.228,-0.079,0.032,0.527,0.534,0.488,0.374,0.301,0.371,0.234,0.168,0.249,0.472,0.737,0.113,0.454,0.732,0.379,0.561,0.442,0.563,0.68,0.113,-0.431,0.392,0.427,0.751,0.548,0.112,0.34,0.412,0.219,0.492,0.289,0.585,0.342,0.074,0.349,0.463,-0.169,0.344,0.61,0.201,0.384,0.47,0.588,-0.434,0.704,0.3,0.479,0.687,0.403,0.345,0.489,0.542,-0.095,0.436,0.566,0.56,0.297,0.282,-0.209,0.544,0.541,-0.073,0.083,-0.091,0.334,0.141,0.268,-0.16,0.824,0.748,0.253,0.46,0.372,0.381,0.405,0.363,0.534,0.364,0.452,0.222,0.761,0.762,0.502,0.702,0.553,0.519,0.429,0.436,0.438,0.679,0.448,0.45,0.531,0.579,0.234,0.414,0.114,0.069,0.499,-0.03,0.571,0.237
AMBA,0.624,0.699,0.45,0.367,0.064,0.208,0.508,0.242,-0.228,-0.071,-0.193,-0.599,0.576,0.0,0.658,0.759,0.089,0.476,0.321,0.487,-0.557,0.295,0.61,0.645,0.084,0.319,0.212,-0.191,0.304,0.622,0.069,0.54,0.353,0.847,0.5,0.724,0.774,0.427,0.084,0.504,0.612,0.691,0.172,0.776,0.573,0.427,0.232,0.832,0.363,-0.013,0.63,0.692,-0.338,0.402,0.362,0.191,0.128,0.145,-0.01,0.165,0.181,0.868,0.562,0.305,0.361,0.073,0.651,0.763,-0.206,0.359,0.274,0.241,0.612,0.188,0.758,0.368,0.716,0.463,-0.231,0.43,0.108,0.52,0.302,0.366,-0.152,0.468,0.318,0.739,0.333,0.463,0.728,0.856,0.573,0.378,0.754,0.349,-0.159,0.048,0.457,0.544,0.599,0.598,0.755,0.161,-0.142,0.458,0.765,0.192,0.667,-0.213,0.705,0.566,0.181,0.079,0.331,0.504,0.659,-0.427,-0.423,0.489,0.09,0.685,0.379,0.173,0.322,0.248,-0.282,0.543,0.111,0.542,0.639,-0.366,0.567,0.375,0.072,0.238,0.613,0.34,0.475,0.76,0.879,-0.093,0.244,0.647,0.194,0.765,0.609,0.125,0.362,0.578,0.294,0.835,0.466,0.826,0.129,0.066,-0.072,0.692,0.897,0.415,-0.195,0.341,0.198,0.479,0.246,0.192,0.51,0.678,-0.058,0.784,0.765,0.8,0.74,-0.162,0.336,0.261,0.622,-0.157,0.371,0.524,0.755,0.818,0.689,0.59,0.65,0.8,0.734,0.475,0.783,0.296,0.322,0.375,0.444,0.283,0.339,0.42,0.684,-0.061,0.659,0.503
AMCX,0.381,0.766,0.768,0.0,-0.328,-0.308,0.735,-0.202,-0.664,-0.384,-0.219,-0.301,0.173,0.658,0.0,0.416,-0.351,0.078,0.322,0.858,-0.455,0.527,0.672,0.691,-0.415,0.629,-0.243,-0.461,0.71,0.373,-0.238,0.155,0.046,0.747,0.723,0.95,0.48,0.274,0.481,0.106,0.371,0.618,-0.103,0.426,0.268,0.499,0.568,0.783,0.038,-0.528,0.648,0.411,-0.415,0.753,0.72,-0.388,-0.264,0.218,-0.537,-0.391,-0.418,0.476,0.4,-0.166,-0.011,0.166,0.369,0.728,-0.638,0.095,0.679,-0.244,0.353,-0.235,0.549,0.135,0.65,0.185,-0.598,0.096,-0.304,0.2,0.605,0.807,-0.621,0.414,-0.221,0.695,0.595,0.098,0.866,0.457,0.079,0.144,0.532,0.181,-0.24,-0.303,-0.002,0.101,0.323,0.621,0.784,0.002,-0.512,0.761,0.814,-0.35,0.277,-0.643,0.595,0.1,-0.172,-0.362,0.196,0.206,0.376,-0.878,0.002,0.036,-0.337,0.241,-0.158,-0.165,-0.059,0.094,-0.727,0.465,-0.294,0.086,0.753,-0.631,0.303,0.014,0.387,-0.188,0.05,0.735,0.261,0.46,0.66,0.4,-0.349,0.454,-0.334,0.683,0.377,-0.428,-0.218,0.634,0.716,0.838,0.279,0.508,0.014,-0.345,0.454,0.2,0.742,0.773,-0.425,0.589,-0.155,0.5,0.275,0.571,-0.06,0.282,-0.566,0.793,0.553,0.839,0.445,-0.625,-0.063,-0.126,0.687,-0.557,-0.165,0.22,0.568,0.451,0.327,0.162,0.502,0.888,0.614,-0.047,0.868,0.144,0.034,-0.07,0.179,0.025,0.452,0.848,0.418,-0.439,0.378,0.722
AMKR,0.795,0.359,-0.038,0.709,0.573,0.58,0.011,0.53,0.294,0.189,-0.464,-0.767,0.557,0.759,0.416,0.0,0.448,0.307,-0.166,0.2,-0.348,-0.156,0.131,0.255,0.508,-0.084,0.517,-0.032,-0.176,0.411,0.217,0.867,0.806,0.605,0.085,0.418,0.941,0.721,0.01,0.809,0.634,0.779,0.625,0.942,0.862,0.292,0.061,0.788,0.682,0.268,0.692,0.807,0.015,0.005,-0.12,0.406,-0.072,-0.221,0.357,0.553,0.407,0.876,0.332,0.649,0.756,-0.351,0.488,0.8,0.189,0.304,-0.268,0.701,0.809,0.674,0.739,0.79,0.347,0.757,0.178,0.862,0.27,0.745,-0.263,-0.054,0.3,0.587,0.686,0.555,-0.119,0.814,0.485,0.894,0.72,0.782,0.821,0.268,-0.047,0.491,0.815,0.766,0.665,0.665,0.636,0.182,0.137,0.029,0.462,0.526,0.892,0.271,0.719,0.773,0.6,0.238,0.097,0.427,0.85,-0.17,-0.651,0.795,0.599,0.575,0.708,0.305,0.734,0.413,0.141,0.363,-0.043,0.826,0.335,-0.229,0.815,0.742,-0.305,0.679,0.834,0.005,0.873,0.778,0.785,-0.565,0.409,0.756,0.547,0.443,0.841,0.468,0.574,0.363,-0.192,0.603,0.619,0.853,0.212,0.436,-0.462,0.619,0.802,-0.088,0.004,-0.128,0.225,0.703,0.051,-0.313,0.532,0.379,0.391,0.595,0.663,0.581,0.627,0.187,0.721,0.525,0.306,0.286,0.501,0.602,0.862,0.897,0.842,0.694,0.392,0.553,0.856,0.734,0.562,0.323,0.202,0.619,0.737,0.429,-0.112,0.197,0.878,0.284,0.783,0.291
AMRX,0.633,-0.28,-0.418,0.352,0.586,0.86,-0.687,0.913,0.682,0.861,0.133,-0.315,0.426,0.089,-0.351,0.448,0.0,0.275,-0.016,-0.377,0.356,-0.449,-0.215,-0.343,0.866,-0.35,0.265,0.661,-0.792,0.308,0.812,0.638,0.767,-0.028,-0.462,-0.348,0.489,0.222,-0.319,0.779,0.573,0.3,0.63,0.504,0.599,-0.395,-0.23,0.011,0.718,0.882,0.017,0.414,-0.077,-0.365,-0.819,0.497,0.377,-0.681,0.906,0.945,0.587,0.46,0.275,0.753,0.442,-0.047,-0.098,0.159,0.896,-0.084,-0.607,0.884,0.265,0.852,0.261,0.782,-0.163,0.666,0.857,0.641,0.826,0.678,-0.68,-0.59,0.884,-0.254,0.89,-0.081,-0.509,0.473,-0.113,0.45,0.698,0.522,0.133,0.447,0.466,0.531,0.655,0.396,0.613,0.056,-0.199,0.684,0.919,-0.654,-0.215,0.597,0.527,0.504,-0.035,0.812,0.915,0.85,0.307,0.396,0.671,0.565,-0.661,0.454,0.902,0.293,0.884,0.36,0.731,0.623,0.782,0.37,0.062,0.745,-0.469,0.539,0.454,0.402,-0.557,0.882,0.736,-0.456,0.66,0.175,0.183,-0.855,0.803,-0.003,0.924,0.068,0.428,0.695,0.753,-0.086,-0.778,-0.252,0.569,0.342,0.463,0.934,-0.69,0.299,0.03,-0.642,0.631,-0.731,0.734,0.044,0.306,-0.636,0.61,0.295,0.781,-0.141,0.034,-0.252,0.075,0.887,0.879,0.822,-0.189,0.9,0.666,0.519,0.326,0.515,0.388,0.354,-0.018,-0.235,0.191,0.834,-0.229,0.459,-0.056,0.852,0.282,0.471,-0.027,-0.423,0.373,0.257,0.514,-0.135
ANSS,0.18,0.466,0.108,0.327,0.139,0.376,0.223,0.403,0.06,0.163,0.083,-0.496,0.71,0.476,0.078,0.307,0.275,0.0,0.517,0.082,-0.338,-0.087,0.243,0.427,0.302,-0.159,0.388,-0.015,0.024,0.318,0.235,0.325,0.231,0.555,0.097,0.249,0.41,0.25,-0.235,0.48,0.411,0.327,0.029,0.402,0.381,0.376,-0.087,0.35,0.404,0.429,0.14,0.544,-0.242,-0.057,-0.039,0.267,0.562,0.379,0.367,0.357,0.331,0.615,0.417,0.533,0.26,0.231,0.552,0.146,0.086,0.7,-0.008,0.293,0.184,0.312,0.651,0.18,0.3,0.248,0.105,0.243,0.306,0.226,0.105,-0.004,0.105,0.095,0.408,0.637,-0.122,0.345,0.209,0.558,0.457,0.022,0.319,0.07,-0.258,0.162,0.42,0.518,0.316,0.106,0.077,0.219,0.155,0.107,0.303,0.527,0.547,0.119,0.458,0.489,0.153,0.51,0.288,0.684,0.431,0.237,-0.289,0.331,0.16,0.794,0.374,0.38,0.251,0.014,0.256,0.53,0.588,0.503,0.26,0.074,0.329,0.256,-0.163,0.173,0.501,0.056,0.164,0.453,0.455,-0.275,0.653,0.222,0.351,0.582,0.288,0.274,0.388,0.517,-0.003,0.408,0.204,0.517,-0.093,0.137,-0.145,0.641,0.374,-0.064,-0.11,0.2,0.175,0.169,0.249,-0.106,0.827,0.781,0.305,0.255,0.199,0.361,0.449,0.298,0.286,0.239,0.312,0.121,0.768,0.424,0.397,0.558,0.534,0.522,0.342,0.339,0.376,0.566,0.3,0.084,0.767,0.457,0.191,0.23,0.149,-0.077,0.444,0.105,0.47,0.012
APPN,0.094,0.523,0.656,-0.45,-0.562,-0.155,0.464,0.096,-0.541,0.047,0.547,0.072,0.36,0.321,0.322,-0.166,-0.016,0.517,0.0,0.472,-0.025,0.539,0.738,0.537,-0.274,0.48,-0.407,0.135,0.436,0.495,0.256,-0.234,-0.306,0.448,0.491,0.404,0.024,-0.387,0.014,-0.016,0.421,0.037,-0.461,-0.022,-0.112,-0.032,0.303,0.118,-0.066,-0.005,-0.015,0.059,-0.684,0.538,0.351,-0.239,0.57,0.226,-0.085,-0.15,-0.236,0.226,0.661,-0.091,-0.383,0.762,0.167,0.096,-0.195,0.064,0.609,-0.262,-0.297,-0.282,0.251,-0.162,0.529,-0.111,-0.196,-0.299,0.221,-0.017,0.57,0.453,-0.294,-0.415,-0.157,0.318,0.401,-0.304,0.469,0.151,0.157,-0.323,-0.132,0.359,0.049,-0.532,-0.264,-0.187,0.226,0.001,0.109,0.466,0.071,0.413,0.366,-0.301,-0.058,-0.589,-0.028,0.128,-0.169,0.258,0.641,0.385,0.119,-0.161,0.081,-0.364,-0.319,0.373,-0.082,-0.153,-0.332,0.147,-0.273,0.617,0.159,-0.046,0.259,0.113,-0.193,-0.376,0.319,-0.274,-0.033,0.509,-0.223,0.004,0.249,0.326,0.187,-0.269,-0.081,0.679,-0.191,-0.254,-0.062,0.419,0.431,0.27,0.159,0.115,0.178,-0.12,0.41,0.146,0.181,0.475,0.007,0.329,0.313,-0.311,0.63,0.505,0.335,0.659,-0.364,0.304,0.071,0.215,0.101,-0.045,-0.093,-0.015,0.503,-0.2,0.175,0.296,0.004,0.168,-0.033,-0.083,0.393,0.34,-0.086,0.028,0.273,0.273,0.196,0.104,-0.413,0.044,0.748,0.283,-0.09,-0.559,0.162,0.388
APTO,0.239,0.705,0.794,-0.29,-0.49,-0.416,0.715,-0.176,-0.737,-0.457,0.056,-0.151,0.208,0.487,0.858,0.2,-0.377,0.082,0.472,0.0,-0.208,0.643,0.691,0.726,-0.502,0.72,-0.382,-0.35,0.774,0.241,-0.225,-0.098,-0.144,0.662,0.694,0.844,0.246,-0.05,0.502,-0.045,0.382,0.367,-0.289,0.178,0.07,0.291,0.66,0.56,-0.109,-0.576,0.415,0.179,-0.514,0.791,0.708,-0.499,-0.066,0.27,-0.493,-0.483,-0.584,0.308,0.53,-0.189,-0.128,0.403,0.15,0.592,-0.649,0.036,0.728,-0.354,0.037,-0.331,0.416,-0.002,0.628,0.004,-0.581,-0.084,-0.203,0.013,0.677,0.836,-0.662,0.136,-0.362,0.513,0.522,-0.101,0.838,0.27,0.006,-0.011,0.169,0.115,-0.215,-0.544,-0.232,-0.123,0.168,0.594,0.735,0.096,-0.444,0.814,0.633,-0.518,0.093,-0.739,0.33,-0.01,-0.3,-0.257,0.31,0.114,0.244,-0.799,0.146,-0.259,-0.423,0.193,-0.285,-0.465,-0.33,0.126,-0.736,0.49,-0.285,-0.055,0.607,-0.477,0.034,-0.134,0.556,-0.353,-0.145,0.87,0.051,0.213,0.469,0.519,-0.301,0.141,-0.408,0.685,0.101,-0.466,-0.434,0.659,0.781,0.683,0.262,0.274,0.079,-0.443,0.601,-0.018,0.573,0.764,-0.4,0.481,-0.166,0.2,0.442,0.669,-0.045,0.238,-0.669,0.749,0.361,0.624,0.193,-0.535,-0.154,-0.243,0.778,-0.543,-0.193,0.245,0.281,0.298,0.088,-0.093,0.392,0.76,0.324,-0.175,0.744,0.248,0.0,-0.121,-0.13,0.071,0.557,0.782,0.148,-0.581,0.212,0.682
ARCT,-0.039,-0.575,-0.215,-0.409,-0.055,0.052,-0.685,0.383,0.311,0.51,0.56,0.483,-0.27,-0.557,-0.455,-0.348,0.356,-0.338,-0.025,-0.208,0.0,-0.007,-0.304,-0.463,0.168,0.068,-0.296,0.708,-0.415,-0.24,0.447,-0.256,-0.018,-0.572,-0.459,-0.522,-0.388,-0.444,0.224,-0.125,0.084,-0.346,0.111,-0.353,-0.213,-0.613,0.223,-0.626,0.013,0.259,-0.445,-0.547,-0.078,-0.044,-0.441,-0.199,0.285,-0.585,0.388,0.167,-0.099,-0.409,0.08,-0.052,-0.275,0.159,-0.724,-0.306,0.52,-0.68,-0.187,0.087,-0.489,0.12,-0.526,0.137,-0.459,-0.151,0.606,-0.183,0.47,0.011,-0.26,-0.264,0.402,-0.645,0.0,-0.7,-0.351,-0.406,-0.395,-0.349,-0.082,0.003,-0.667,0.364,0.677,-0.021,-0.216,-0.546,-0.089,-0.184,-0.406,0.5,0.602,-0.405,-0.62,-0.226,-0.398,0.085,-0.657,-0.097,0.262,0.4,0.246,-0.132,-0.179,0.42,0.231,-0.401,0.252,-0.582,0.0,-0.232,-0.107,0.455,0.406,-0.044,-0.424,-0.117,-0.719,0.7,-0.3,-0.384,0.113,0.159,-0.232,-0.147,-0.077,-0.512,-0.582,-0.106,0.011,-0.716,0.173,-0.393,-0.38,0.094,-0.163,-0.302,-0.355,-0.689,0.235,-0.516,0.514,0.423,0.032,-0.475,-0.604,-0.287,0.701,-0.628,0.308,-0.392,0.4,-0.095,-0.242,-0.317,0.138,-0.316,-0.53,-0.719,-0.725,0.538,0.204,0.327,-0.266,0.564,-0.172,0.061,-0.554,-0.345,-0.513,-0.59,-0.484,-0.556,-0.522,-0.081,-0.574,0.285,-0.535,0.026,-0.415,0.104,0.079,-0.186,-0.46,-0.077,-0.077,-0.039
ARWR,-0.031,0.497,0.769,-0.592,-0.69,-0.52,0.593,-0.268,-0.725,-0.301,0.435,0.386,0.02,0.295,0.527,-0.156,-0.449,-0.087,0.539,0.643,-0.007,0.0,0.748,0.56,-0.657,0.804,-0.517,0.028,0.675,0.298,-0.168,-0.444,-0.5,0.299,0.591,0.498,-0.146,-0.463,0.383,-0.364,0.277,-0.093,-0.579,-0.143,-0.374,-0.075,0.672,0.122,-0.452,-0.544,0.053,-0.227,-0.499,0.787,0.67,-0.403,0.187,0.214,-0.507,-0.548,-0.514,-0.047,0.481,-0.426,-0.395,0.595,0.035,0.281,-0.496,-0.24,0.754,-0.578,-0.285,-0.593,0.042,-0.33,0.512,-0.264,-0.511,-0.402,-0.174,-0.051,0.712,0.729,-0.598,-0.172,-0.563,0.107,0.639,-0.44,0.526,-0.033,-0.022,-0.207,-0.157,0.312,0.247,-0.722,-0.484,-0.487,-0.047,0.165,0.432,0.201,-0.324,0.685,0.378,-0.701,-0.328,-0.736,-0.096,-0.271,-0.427,-0.249,0.504,-0.015,-0.171,-0.518,0.408,-0.531,-0.563,-0.059,-0.441,-0.471,-0.619,0.183,-0.711,0.287,-0.278,-0.411,0.358,-0.07,-0.395,-0.405,0.693,-0.553,-0.382,0.682,-0.318,-0.092,0.149,0.704,-0.358,-0.193,-0.42,0.462,-0.332,-0.453,-0.414,0.275,0.71,0.298,0.177,-0.116,0.317,-0.366,0.684,-0.093,0.241,0.836,-0.071,0.374,0.081,-0.244,0.452,0.745,-0.221,0.221,-0.753,0.48,0.215,0.249,-0.101,-0.47,-0.272,-0.3,0.625,-0.513,-0.351,0.172,-0.152,-0.084,-0.257,-0.345,0.363,0.407,-0.16,-0.374,0.364,0.214,-0.14,-0.342,-0.459,-0.101,0.628,0.575,-0.271,-0.542,-0.017,0.597
ASND,0.29,0.773,0.803,-0.364,-0.546,-0.256,0.712,-0.078,-0.729,-0.208,0.203,-0.058,0.396,0.61,0.672,0.131,-0.215,0.243,0.738,0.691,-0.304,0.748,0.0,0.763,-0.443,0.65,-0.385,-0.091,0.666,0.653,0.032,-0.102,-0.222,0.697,0.735,0.71,0.245,-0.237,0.097,0.043,0.52,0.264,-0.443,0.231,-0.021,0.058,0.432,0.462,-0.153,-0.333,0.252,0.187,-0.686,0.746,0.644,-0.265,0.246,0.189,-0.351,-0.276,-0.369,0.377,0.682,-0.14,-0.137,0.629,0.319,0.514,-0.473,0.013,0.687,-0.285,-0.034,-0.33,0.452,-0.071,0.811,-0.005,-0.492,-0.1,-0.014,0.128,0.659,0.669,-0.524,-0.091,-0.253,0.47,0.706,-0.115,0.8,0.314,0.29,-0.126,0.193,0.344,-0.003,-0.646,-0.196,-0.106,0.305,0.258,0.528,0.313,-0.244,0.69,0.607,-0.449,0.084,-0.729,0.202,0.163,-0.219,-0.056,0.557,0.25,0.233,-0.577,0.036,-0.252,-0.356,0.357,-0.108,-0.307,-0.31,0.211,-0.613,0.511,-0.103,-0.049,0.613,-0.26,-0.08,-0.167,0.415,-0.317,-0.002,0.725,-0.06,0.189,0.558,0.412,-0.069,0.073,-0.196,0.821,-0.009,-0.343,-0.054,0.486,0.622,0.574,0.275,0.274,0.256,-0.261,0.495,0.196,0.559,0.751,-0.145,0.437,0.201,-0.059,0.471,0.638,0.173,0.619,-0.601,0.629,0.404,0.538,0.265,-0.39,-0.096,-0.153,0.74,-0.444,-0.004,0.411,0.245,0.312,0.104,0.027,0.683,0.674,0.182,-0.039,0.636,0.353,0.079,0.005,-0.228,0.01,0.699,0.59,0.071,-0.621,0.248,0.637
ASTH,0.174,0.836,0.677,-0.122,-0.327,-0.321,0.773,-0.138,-0.658,-0.399,0.01,-0.237,0.519,0.645,0.691,0.255,-0.343,0.427,0.537,0.726,-0.463,0.56,0.763,0.0,-0.439,0.482,-0.06,-0.346,0.764,0.392,-0.215,-0.037,-0.184,0.839,0.673,0.815,0.301,0.025,0.231,0.077,0.421,0.368,-0.397,0.306,0.042,0.45,0.455,0.609,-0.022,-0.417,0.28,0.244,-0.586,0.638,0.717,-0.403,0.264,0.485,-0.332,-0.324,-0.442,0.458,0.647,-0.045,0.081,0.371,0.449,0.532,-0.636,0.379,0.587,-0.26,0.062,-0.224,0.622,-0.046,0.756,-0.111,-0.54,-0.047,-0.101,0.024,0.695,0.682,-0.634,0.178,-0.267,0.693,0.514,0.005,0.767,0.405,0.19,-0.084,0.316,0.172,-0.35,-0.524,-0.054,0.077,0.159,0.498,0.62,0.069,-0.464,0.843,0.556,-0.232,0.284,-0.574,0.506,0.135,-0.346,-0.116,0.311,0.448,0.267,-0.604,0.16,-0.052,-0.374,0.435,-0.179,-0.314,-0.279,0.064,-0.572,0.467,-0.028,0.022,0.788,-0.414,0.033,-0.037,0.428,-0.346,-0.01,0.769,-0.058,0.346,0.575,0.331,-0.068,0.247,-0.313,0.835,0.117,-0.374,-0.198,0.782,0.73,0.78,0.253,0.367,0.071,-0.418,0.502,0.242,0.63,0.685,-0.335,0.585,-0.167,0.199,0.38,0.571,0.229,0.627,-0.538,0.778,0.318,0.748,0.31,-0.426,-0.133,-0.216,0.773,-0.522,0.126,0.439,0.345,0.4,0.252,0.136,0.555,0.86,0.404,0.003,0.791,0.163,0.395,-0.079,-0.086,-0.025,0.499,0.641,0.215,-0.446,0.32,0.623
ATSG,0.538,-0.357,-0.575,0.657,0.775,0.928,-0.694,0.808,0.836,0.69,-0.119,-0.434,0.38,0.084,-0.415,0.508,0.866,0.302,-0.274,-0.502,0.168,-0.657,-0.443,-0.439,0.0,-0.507,0.518,0.469,-0.824,0.158,0.655,0.768,0.805,-0.082,-0.499,-0.405,0.506,0.468,-0.347,0.773,0.332,0.331,0.801,0.526,0.637,-0.116,-0.454,0.077,0.685,0.832,0.113,0.527,0.259,-0.558,-0.827,0.668,0.168,-0.473,0.865,0.919,0.781,0.448,0.011,0.763,0.586,-0.293,0.101,0.101,0.848,0.147,-0.738,0.904,0.509,0.869,0.256,0.691,-0.277,0.71,0.814,0.708,0.68,0.596,-0.769,-0.692,0.888,0.056,0.913,-0.047,-0.547,0.619,-0.254,0.451,0.611,0.554,0.291,0.182,0.262,0.772,0.792,0.603,0.555,0.072,-0.203,0.376,0.752,-0.719,-0.169,0.811,0.625,0.741,0.143,0.743,0.851,0.687,0.071,0.336,0.6,0.637,-0.756,0.641,0.903,0.336,0.88,0.592,0.831,0.431,0.824,0.127,0.239,0.78,-0.394,0.404,0.628,0.551,-0.571,0.899,0.777,-0.635,0.676,0.325,0.188,-0.887,0.754,0.245,0.861,-0.13,0.565,0.796,0.803,-0.162,-0.83,-0.173,0.383,0.44,0.247,0.808,-0.838,0.455,0.049,-0.773,0.416,-0.61,0.52,0.211,-0.013,-0.732,0.625,0.174,0.877,-0.213,0.126,-0.189,0.253,0.811,0.783,0.77,-0.322,0.826,0.638,0.367,0.368,0.493,0.451,0.567,-0.046,-0.285,0.298,0.806,-0.224,0.316,0.163,0.77,0.546,0.447,-0.308,-0.528,0.522,0.565,0.439,-0.336
AVTX,0.143,0.418,0.857,-0.508,-0.652,-0.48,0.489,-0.17,-0.694,-0.205,0.459,0.283,-0.049,0.319,0.629,-0.084,-0.35,-0.159,0.48,0.72,0.068,0.804,0.65,0.482,-0.507,0.0,-0.645,-0.023,0.652,0.237,-0.026,-0.28,-0.35,0.343,0.646,0.597,-0.05,-0.293,0.647,-0.297,0.276,0.151,-0.345,-0.047,-0.22,0.075,0.699,0.221,-0.309,-0.523,0.162,-0.129,-0.599,0.896,0.624,-0.549,0.082,0.088,-0.476,-0.513,-0.542,0.051,0.48,-0.449,-0.468,0.559,-0.066,0.369,-0.453,-0.368,0.841,-0.512,-0.124,-0.517,0.06,-0.185,0.498,-0.147,-0.387,-0.379,-0.092,0.045,0.734,0.823,-0.586,-0.11,-0.477,0.169,0.605,-0.471,0.58,0.076,-0.081,-0.131,-0.063,0.399,0.249,-0.585,-0.411,-0.487,0.126,0.374,0.464,0.263,-0.237,0.673,0.484,-0.677,-0.231,-0.783,-0.003,-0.173,-0.255,-0.173,0.496,0.095,0.007,-0.618,0.316,-0.493,-0.492,-0.18,-0.396,-0.372,-0.464,0.279,-0.662,0.429,-0.356,-0.288,0.366,-0.179,-0.158,-0.506,0.774,-0.398,-0.333,0.698,-0.171,-0.002,0.218,0.654,-0.406,-0.163,-0.432,0.442,-0.138,-0.48,-0.427,0.443,0.714,0.367,0.279,0.051,0.323,-0.29,0.671,-0.059,0.231,0.826,-0.069,0.415,0.083,-0.092,0.6,0.82,-0.268,0.146,-0.723,0.53,0.273,0.333,-0.005,-0.449,-0.244,-0.084,0.618,-0.468,-0.403,0.128,-0.022,0.036,-0.29,-0.302,0.266,0.476,0.002,-0.297,0.489,0.321,-0.227,-0.286,-0.347,-0.041,0.775,0.722,-0.156,-0.565,0.085,0.715
BCPC,0.158,0.002,-0.582,0.818,0.722,0.539,-0.224,0.276,0.646,0.048,-0.481,-0.54,0.305,0.212,-0.243,0.517,0.265,0.388,-0.407,-0.382,-0.296,-0.517,-0.385,-0.06,0.518,-0.645,0.0,-0.1,-0.394,-0.034,-0.0,0.563,0.486,0.113,-0.372,-0.173,0.437,0.637,-0.325,0.484,0.02,0.226,0.47,0.451,0.532,0.352,-0.453,0.265,0.406,0.408,0.21,0.441,0.554,-0.612,-0.319,0.58,0.006,0.165,0.448,0.487,0.608,0.375,-0.179,0.575,0.727,-0.602,0.511,0.062,0.275,0.624,-0.655,0.562,0.53,0.57,0.302,0.332,-0.154,0.329,0.25,0.588,0.108,0.189,-0.493,-0.506,0.399,0.554,0.533,0.24,-0.482,0.717,-0.223,0.389,0.361,0.406,0.488,-0.202,-0.295,0.661,0.67,0.775,0.103,0.094,0.069,-0.268,0.053,-0.327,-0.066,0.79,0.594,0.764,0.464,0.37,0.273,0.132,-0.382,0.264,0.273,0.382,-0.416,0.772,0.49,0.445,0.487,0.413,0.558,-0.142,0.468,-0.222,0.353,0.541,0.051,-0.034,0.528,0.714,-0.491,0.454,0.532,-0.438,0.417,0.538,0.254,-0.589,0.421,0.595,0.447,-0.118,0.467,0.597,0.479,-0.053,-0.424,0.189,0.02,0.441,-0.201,0.239,-0.598,0.489,0.27,-0.545,-0.078,-0.149,-0.131,0.476,-0.431,-0.609,0.486,0.139,0.653,0.003,0.12,0.144,0.379,0.312,0.361,0.174,-0.213,0.346,0.501,0.181,0.374,0.381,0.592,0.622,0.087,-0.004,0.437,0.47,-0.016,-0.213,0.582,0.343,0.62,0.176,-0.594,-0.379,0.551,0.784,0.328,-0.369
BEAM,0.247,-0.44,-0.251,-0.161,0.184,0.456,-0.655,0.683,0.449,0.774,0.543,0.334,0.16,-0.191,-0.461,-0.032,0.661,-0.015,0.135,-0.35,0.708,0.028,-0.091,-0.346,0.469,-0.023,-0.1,0.0,-0.565,0.16,0.733,0.089,0.228,-0.346,-0.321,-0.517,-0.051,-0.295,-0.095,0.261,0.431,-0.181,0.251,0.003,-0.014,-0.657,0.08,-0.398,0.24,0.566,-0.341,-0.165,-0.178,-0.09,-0.604,0.2,0.56,-0.639,0.678,0.562,0.311,-0.038,0.35,0.256,0.016,0.295,-0.384,-0.072,0.755,-0.459,-0.309,0.416,-0.209,0.406,-0.159,0.327,-0.202,0.235,0.774,0.151,0.738,0.447,-0.376,-0.42,0.68,-0.556,0.381,-0.505,-0.279,-0.105,-0.258,0.009,0.41,0.287,-0.36,0.608,0.8,0.119,0.168,-0.222,0.247,-0.128,-0.382,0.72,0.829,-0.486,-0.438,0.114,-0.032,0.255,-0.441,0.339,0.58,0.701,0.586,0.116,0.151,0.601,-0.143,-0.075,0.547,-0.144,0.43,0.108,0.175,0.722,0.547,0.15,-0.196,0.187,-0.554,0.911,-0.09,-0.081,-0.093,0.453,0.225,-0.333,0.151,-0.223,-0.277,-0.392,0.471,-0.464,0.547,-0.126,-0.124,0.388,0.358,-0.268,-0.542,-0.54,0.502,-0.199,0.785,0.72,-0.269,-0.007,-0.342,-0.373,0.877,-0.688,0.737,-0.392,0.425,-0.265,0.216,0.128,0.358,-0.206,-0.19,-0.562,-0.378,0.775,0.557,0.65,-0.203,0.724,0.214,0.44,-0.262,0.006,-0.172,-0.163,-0.193,-0.451,-0.341,0.344,-0.453,0.529,-0.315,0.375,-0.212,0.343,0.148,-0.302,-0.171,0.044,0.158,-0.006
BILI,-0.237,0.667,0.787,-0.413,-0.68,-0.749,0.89,-0.622,-0.907,-0.727,0.025,0.108,0.003,0.304,0.71,-0.176,-0.792,0.024,0.436,0.774,-0.415,0.675,0.666,0.764,-0.824,0.652,-0.394,-0.565,0.0,0.08,-0.548,-0.451,-0.593,0.522,0.807,0.748,-0.139,-0.197,0.403,-0.452,-0.047,0.056,-0.636,-0.162,-0.355,0.426,0.499,0.348,-0.461,-0.811,0.188,-0.115,-0.427,0.741,0.94,-0.625,-0.081,0.623,-0.789,-0.81,-0.701,-0.029,0.275,-0.538,-0.351,0.384,0.215,0.254,-0.934,0.134,0.85,-0.736,-0.181,-0.712,0.192,-0.502,0.621,-0.425,-0.843,-0.464,-0.542,-0.36,0.893,0.868,-0.944,0.174,-0.736,0.446,0.698,-0.378,0.622,-0.058,-0.336,-0.372,0.049,-0.113,-0.418,-0.71,-0.514,-0.31,-0.219,0.275,0.497,-0.274,-0.786,0.933,0.525,-0.632,-0.218,-0.79,0.264,-0.412,-0.726,-0.567,0.134,-0.019,-0.224,-0.783,0.498,-0.433,-0.808,0.024,-0.673,-0.449,-0.651,-0.258,-0.877,0.156,-0.119,-0.483,0.76,-0.558,-0.292,-0.363,0.666,-0.762,-0.5,0.843,-0.428,0.057,0.231,0.799,-0.564,0.053,-0.782,0.501,-0.218,-0.719,-0.633,0.546,0.957,0.597,-0.146,-0.012,-0.176,-0.81,0.82,-0.084,0.332,0.873,-0.57,0.788,-0.454,0.035,0.161,0.827,-0.283,0.164,-0.879,0.567,0.213,0.581,0.113,-0.813,-0.618,-0.593,0.619,-0.88,-0.397,-0.061,-0.0,-0.085,-0.169,-0.213,0.333,0.666,0.084,-0.537,0.646,-0.059,0.134,-0.551,-0.28,-0.251,0.453,0.745,-0.149,-0.579,-0.141,0.548
BJRI,0.653,0.488,0.431,0.086,-0.092,0.355,0.236,0.329,-0.2,0.246,0.125,-0.316,0.449,0.622,0.373,0.411,0.308,0.318,0.495,0.241,-0.24,0.298,0.653,0.392,0.158,0.237,-0.034,0.16,0.08,0.0,0.421,0.387,0.273,0.539,0.343,0.377,0.562,0.079,-0.21,0.478,0.59,0.44,0.085,0.57,0.379,-0.034,0.034,0.492,0.246,0.222,0.28,0.483,-0.452,0.372,0.117,0.222,0.265,-0.146,0.154,0.275,0.185,0.6,0.561,0.201,0.146,0.379,0.36,0.488,0.089,0.028,0.186,0.269,0.36,0.142,0.47,0.327,0.607,0.413,0.003,0.31,0.424,0.41,0.176,0.194,0.059,-0.054,0.333,0.364,0.396,0.286,0.565,0.549,0.573,0.117,0.433,0.482,0.209,-0.071,0.306,0.282,0.743,0.199,0.38,0.533,0.215,0.114,0.545,0.058,0.386,-0.272,0.187,0.603,0.277,0.263,0.526,0.432,0.546,-0.186,-0.467,0.212,0.174,0.497,0.451,0.13,0.267,0.397,-0.087,0.498,0.048,0.417,0.279,-0.048,0.349,0.188,0.005,0.284,0.494,0.165,0.385,0.389,0.703,-0.145,0.327,0.282,0.358,0.624,0.353,0.242,0.576,0.176,0.055,0.383,0.369,0.529,0.372,0.246,-0.091,0.519,0.558,0.249,0.091,0.048,0.521,0.093,0.404,0.178,0.471,0.65,-0.018,0.43,0.473,0.39,0.466,0.046,0.352,0.333,0.43,0.101,0.317,0.543,0.452,0.578,0.425,0.412,0.786,0.434,0.344,0.457,0.434,0.516,0.092,0.503,0.198,0.16,0.464,0.165,0.389,-0.197,0.491,0.304
BLUE,0.579,-0.19,-0.133,0.072,0.281,0.645,-0.529,0.817,0.422,0.864,0.377,-0.038,0.32,0.069,-0.238,0.217,0.812,0.235,0.256,-0.225,0.447,-0.168,0.032,-0.215,0.655,-0.026,-0.0,0.733,-0.548,0.421,0.0,0.407,0.508,-0.01,-0.265,-0.245,0.317,0.03,-0.196,0.601,0.568,0.224,0.452,0.336,0.38,-0.42,-0.11,-0.062,0.505,0.738,-0.093,0.238,-0.308,-0.076,-0.586,0.242,0.473,-0.611,0.714,0.716,0.393,0.324,0.433,0.457,0.178,0.239,-0.119,0.094,0.757,-0.247,-0.282,0.607,0.105,0.578,0.161,0.576,-0.044,0.5,0.75,0.343,0.826,0.567,-0.38,-0.33,0.668,-0.449,0.616,-0.151,-0.206,0.148,-0.018,0.291,0.574,0.282,-0.01,0.614,0.578,0.256,0.423,0.122,0.607,-0.006,-0.252,0.808,0.887,-0.477,-0.153,0.292,0.301,0.214,-0.15,0.664,0.745,0.787,0.501,0.401,0.527,0.458,-0.484,0.169,0.67,0.145,0.677,0.29,0.482,0.677,0.568,0.424,-0.047,0.524,-0.392,0.579,0.288,0.041,-0.249,0.662,0.5,-0.292,0.457,0.043,0.127,-0.561,0.613,-0.187,0.695,0.147,0.252,0.426,0.592,-0.059,-0.543,-0.253,0.527,0.221,0.58,0.799,-0.404,0.197,-0.066,-0.373,0.69,-0.532,0.811,-0.084,0.521,-0.308,0.47,0.39,0.49,-0.11,-0.038,-0.256,-0.027,0.757,0.667,0.739,-0.109,0.736,0.44,0.452,0.166,0.349,0.129,0.188,0.065,-0.191,0.047,0.586,-0.187,0.541,-0.099,0.66,0.06,0.393,0.296,-0.247,0.187,0.016,0.42,0.023
