,AAL,AAON,ACB,ACGL,ACGLO,ACIW,ADBE,ADSK,AEP,AGIO,ALEC,ALNY,ALTR,AMBA,AMCX,AMKR,AMRX,ANSS,APPN,APTO,ARCT,ARWR,ASND,ASTH,ATSG,AVTX,BCPC,BEAM,BILI,BJRI,BLUE,BPOP,BRKL,BWIN,BZUN,CARG,CBRL,CBSH,CBUS,CENTA,CERS,CFFN,CHCO,CHEF,CHRD,CINF,CLLS,CMCO,CMCSA,COLL,COMM,COOP,CPB,CRON,CROX,CRUS,CRWD,CTAS,CYBR,CYTK,DGII,DIOD,DOMO,DPZ,DSGR,DXCM,ERIE,ESTA,EXEL,FAST,FCEL,FCFS,FHB,FITBI,FSV,FTDR,FUTU,GLDD,GLPG,GLPI,GOGO,GOSS,GSAT,GYRE,HALO,HAS,HLIT,HLNE,HSDT,HSIC,HTHT,ICHR,IDYA,IMVT,INDB,INSM,IONS,IOSP,ITRI,JBHT,JBLU,JSM,KLIC,KOD,KURA,LAB,LASR,LIN,LKQ,LNT,MBUU,MCRI,MDGL,MEDP,MGNI,MGPI,MGRC,MKTX,MRNA,MRTN,MSEX,MSFT,MU,NAVI,NBTB,NEO,NEOG,NGNE,NSSC,NTAP,NTES,NTLA,NTRS,NYMTN,OBLG,OCFC,ON,ONC,OPI,OSIS,OSW,PALI,PANW,PCAR,PCRX,PCTY,PEBO,PLAB,PLAY,PLMR,PLSE,PLUS,PRTA,PSEC,PSNL,PTCT,PTON,QNST,QRVO,QTTB,RARE,RBCAA,RGNX,SAIC,SGMO,SINT,SNPS,SPSC,SPTN,SSYS,STNE,TBBK,TCPC,TENB,TGTX,TREE,TRUP,TTWO,TW,TXG,UBSI,UCTT,UFPT,UMBF,UPBD,URBN,VBTX,VCTR,VEON,VNET,VRSK,VSEC,WABC,WTFCM,WVE,WW,WWD,XEL,ZD,ZYME
AAL,0.0,0.915,0.924,0.884,0.704,0.882,0.644,0.887,-0.862,-0.152,0.91,-0.722,-0.379,0.913,0.064,0.73,0.926,0.535,0.147,0.91,0.926,0.709,0.773,0.901,-0.722,0.89,0.588,0.382,0.968,0.94,0.953,0.923,0.775,0.793,0.959,-0.309,0.782,0.56,0.777,-0.236,-0.298,0.039,0.373,0.838,-0.657,0.434,0.903,0.37,0.571,0.487,0.743,-0.031,-0.271,0.893,0.836,0.15,0.304,0.342,-0.224,0.187,0.509,0.916,0.618,0.83,0.913,0.041,0.899,-0.649,-0.742,-0.427,-0.636,0.92,0.883,0.193,0.717,0.852,0.969,-0.547,0.937,-0.391,-0.837,-0.659,-0.566,-0.815,-0.259,0.761,0.772,0.67,0.698,-0.618,0.929,0.88,0.84,0.375,0.771,0.202,0.261,0.322,0.892,-0.56,0.989,0.697,0.702,0.774,-0.761,0.268,0.697,0.895,0.816,-0.71,0.765,-0.549,-0.562,0.356,0.361,-0.273,-0.584,0.71,0.792,-0.856,-0.896,0.696,0.882,0.954,0.592,0.757,0.593,0.856,-0.146,0.755,0.923,0.935,0.91,0.658,0.742,0.833,0.729,0.854,-0.266,-0.056,0.689,0.812,-0.315,0.957,-0.779,0.712,0.337,0.623,0.44,-0.399,0.868,-0.783,0.903,0.646,0.727,0.811,0.892,0.657,0.597,0.539,0.721,0.818,-0.574,-0.745,0.521,0.77,0.128,0.546,-0.861,0.829,0.848,0.928,-0.176,-0.524,0.919,0.7,0.334,0.724,-0.232,0.836,0.885,0.97,0.923,0.83,0.805,0.647,0.808,0.889,0.844,0.883,0.464,0.28,0.115,-0.36,0.638,0.823,-0.033,-0.705,0.849,0.89
AAON,0.915,0.0,0.897,0.793,0.656,0.882,0.625,0.86,-0.796,-0.175,0.855,-0.749,-0.405,0.932,0.05,0.614,0.923,0.551,0.069,0.833,0.898,0.724,0.821,0.884,-0.735,0.874,0.491,0.309,0.905,0.887,0.916,0.808,0.737,0.763,0.899,-0.366,0.661,0.555,0.813,-0.297,-0.278,-0.011,0.322,0.697,-0.497,0.303,0.917,0.199,0.588,0.437,0.599,-0.1,-0.343,0.875,0.833,-0.058,0.188,0.287,-0.297,0.242,0.535,0.844,0.556,0.855,0.892,0.043,0.89,-0.661,-0.777,-0.341,-0.629,0.817,0.846,0.06,0.717,0.833,0.922,-0.552,0.862,-0.537,-0.81,-0.545,-0.622,-0.857,-0.274,0.636,0.676,0.622,0.557,-0.661,0.779,0.892,0.854,0.424,0.737,0.22,0.243,0.182,0.833,-0.588,0.898,0.678,0.522,0.781,-0.758,0.203,0.722,0.831,0.818,-0.6,0.59,-0.646,-0.567,0.395,0.34,-0.383,-0.552,0.637,0.708,-0.869,-0.851,0.607,0.719,0.91,0.584,0.729,0.656,0.854,-0.181,0.731,0.913,0.916,0.911,0.641,0.591,0.729,0.616,0.815,-0.318,0.021,0.664,0.706,-0.351,0.828,-0.782,0.657,0.267,0.492,0.204,-0.451,0.882,-0.744,0.891,0.602,0.749,0.836,0.883,0.628,0.479,0.541,0.764,0.84,-0.582,-0.722,0.525,0.711,0.074,0.501,-0.844,0.832,0.843,0.825,-0.236,-0.526,0.841,0.689,0.385,0.761,-0.249,0.847,0.817,0.93,0.884,0.774,0.806,0.565,0.657,0.77,0.856,0.845,0.522,0.267,0.075,-0.373,0.53,0.83,-0.169,-0.598,0.757,0.894
ACB,0.924,0.897,0.0,0.772,0.637,0.883,0.663,0.901,-0.772,-0.055,0.83,-0.685,-0.429,0.883,0.067,0.604,0.936,0.534,-0.018,0.798,0.872,0.833,0.899,0.903,-0.742,0.914,0.41,0.189,0.944,0.908,0.909,0.841,0.766,0.831,0.966,-0.45,0.549,0.628,0.928,-0.408,-0.398,0.091,0.435,0.744,-0.404,0.385,0.973,0.265,0.692,0.38,0.499,-0.132,-0.41,0.963,0.892,-0.119,0.194,0.36,-0.266,0.403,0.639,0.885,0.707,0.794,0.816,0.136,0.931,-0.683,-0.845,-0.21,-0.63,0.818,0.819,0.006,0.783,0.924,0.931,-0.442,0.805,-0.47,-0.737,-0.663,-0.679,-0.869,-0.321,0.653,0.72,0.68,0.522,-0.76,0.852,0.959,0.896,0.383,0.754,0.322,0.362,0.136,0.917,-0.592,0.874,0.783,0.608,0.907,-0.829,0.185,0.853,0.887,0.906,-0.582,0.562,-0.535,-0.608,0.435,0.311,-0.314,-0.631,0.518,0.707,-0.83,-0.825,0.622,0.786,0.955,0.662,0.774,0.672,0.853,-0.213,0.879,0.903,0.841,0.965,0.802,0.703,0.731,0.603,0.722,-0.302,0.098,0.737,0.822,-0.407,0.852,-0.735,0.601,0.448,0.465,0.193,-0.63,0.96,-0.687,0.895,0.742,0.819,0.924,0.931,0.674,0.377,0.701,0.835,0.878,-0.498,-0.7,0.512,0.808,0.089,0.498,-0.777,0.907,0.897,0.79,-0.036,-0.512,0.865,0.654,0.408,0.809,-0.136,0.89,0.806,0.961,0.896,0.814,0.916,0.627,0.633,0.864,0.915,0.91,0.695,0.34,0.197,-0.439,0.484,0.892,-0.281,-0.538,0.857,0.872
ACGL,0.884,0.793,0.772,0.0,0.78,0.787,0.756,0.884,-0.601,0.084,0.828,-0.485,-0.089,0.749,0.18,0.68,0.742,0.679,0.342,0.893,0.877,0.714,0.672,0.671,-0.467,0.778,0.657,0.438,0.845,0.772,0.86,0.915,0.78,0.813,0.824,-0.059,0.688,0.681,0.648,-0.082,-0.083,0.164,0.548,0.819,-0.481,0.535,0.78,0.614,0.68,0.26,0.661,-0.185,-0.124,0.776,0.782,0.371,0.441,0.616,-0.068,0.252,0.61,0.932,0.662,0.807,0.796,0.283,0.77,-0.369,-0.492,-0.165,-0.46,0.784,0.862,0.41,0.734,0.697,0.831,-0.421,0.85,-0.065,-0.596,-0.471,-0.356,-0.614,0.003,0.714,0.812,0.819,0.637,-0.487,0.802,0.781,0.764,0.578,0.852,0.249,0.391,0.283,0.761,-0.276,0.869,0.668,0.807,0.655,-0.541,0.264,0.644,0.893,0.791,-0.415,0.818,-0.385,-0.368,0.414,0.503,-0.055,-0.344,0.629,0.759,-0.589,-0.669,0.837,0.75,0.87,0.666,0.763,0.611,0.824,0.049,0.673,0.869,0.839,0.808,0.594,0.62,0.831,0.897,0.776,-0.095,0.23,0.698,0.85,-0.073,0.859,-0.511,0.793,0.485,0.679,0.483,-0.199,0.744,-0.519,0.817,0.753,0.731,0.706,0.814,0.587,0.695,0.563,0.617,0.732,-0.286,-0.466,0.588,0.789,0.389,0.624,-0.656,0.69,0.799,0.935,0.094,-0.263,0.851,0.782,0.476,0.695,0.072,0.779,0.865,0.872,0.791,0.84,0.69,0.755,0.86,0.89,0.648,0.794,0.462,0.499,0.201,-0.024,0.441,0.744,0.132,-0.424,0.774,0.83
ACGLO,0.704,0.656,0.637,0.78,0.0,0.641,0.867,0.861,-0.372,0.189,0.666,-0.395,0.049,0.635,0.408,0.294,0.674,0.779,0.423,0.805,0.86,0.778,0.71,0.524,-0.398,0.764,0.444,0.224,0.699,0.575,0.805,0.741,0.404,0.824,0.65,-0.011,0.4,0.495,0.617,-0.335,0.024,-0.297,0.33,0.688,-0.275,0.163,0.702,0.422,0.706,-0.146,0.386,-0.536,-0.341,0.703,0.826,0.163,0.485,0.665,0.026,0.376,0.516,0.803,0.666,0.684,0.679,0.497,0.629,-0.255,-0.434,-0.018,-0.46,0.517,0.564,0.576,0.85,0.578,0.721,-0.638,0.711,-0.093,-0.483,-0.479,-0.305,-0.533,0.258,0.402,0.565,0.837,0.409,-0.65,0.574,0.644,0.813,0.599,0.618,0.211,0.446,-0.164,0.65,-0.191,0.681,0.689,0.564,0.538,-0.515,0.502,0.685,0.726,0.731,-0.209,0.718,-0.398,-0.222,0.713,0.687,-0.173,-0.118,0.464,0.87,-0.518,-0.559,0.818,0.434,0.676,0.31,0.836,0.533,0.834,-0.207,0.442,0.825,0.736,0.674,0.49,0.421,0.452,0.844,0.659,-0.458,0.155,0.567,0.799,0.069,0.613,-0.451,0.865,0.197,0.396,0.188,-0.133,0.655,-0.475,0.681,0.611,0.83,0.696,0.825,0.528,0.521,0.536,0.686,0.568,-0.217,-0.338,0.524,0.611,0.528,0.457,-0.62,0.462,0.825,0.683,0.096,-0.07,0.616,0.803,0.658,0.809,0.196,0.754,0.516,0.723,0.525,0.647,0.477,0.851,0.569,0.793,0.507,0.731,0.415,0.466,-0.184,0.12,0.194,0.724,-0.089,-0.231,0.464,0.832
ACIW,0.882,0.882,0.883,0.787,0.641,0.0,0.637,0.848,-0.722,-0.106,0.836,-0.632,-0.336,0.906,0.047,0.71,0.867,0.58,0.098,0.801,0.852,0.71,0.775,0.858,-0.65,0.809,0.524,0.361,0.867,0.865,0.863,0.827,0.742,0.795,0.856,-0.308,0.669,0.606,0.812,-0.313,-0.185,0.036,0.415,0.646,-0.492,0.402,0.874,0.284,0.6,0.401,0.58,-0.055,-0.382,0.864,0.811,0.088,0.231,0.366,-0.185,0.252,0.638,0.873,0.613,0.721,0.815,0.14,0.85,-0.563,-0.734,-0.262,-0.547,0.803,0.85,0.055,0.728,0.753,0.865,-0.406,0.798,-0.379,-0.633,-0.486,-0.481,-0.784,-0.14,0.641,0.791,0.69,0.53,-0.584,0.759,0.869,0.815,0.512,0.78,0.297,0.269,0.258,0.837,-0.536,0.868,0.679,0.679,0.723,-0.689,0.245,0.766,0.847,0.801,-0.549,0.584,-0.419,-0.498,0.351,0.424,-0.258,-0.436,0.549,0.707,-0.772,-0.769,0.654,0.733,0.898,0.603,0.739,0.683,0.813,-0.175,0.709,0.873,0.888,0.917,0.644,0.591,0.706,0.681,0.715,-0.192,0.082,0.805,0.701,-0.239,0.817,-0.664,0.678,0.338,0.609,0.228,-0.42,0.832,-0.623,0.922,0.621,0.742,0.783,0.822,0.655,0.573,0.513,0.741,0.793,-0.487,-0.665,0.561,0.739,0.218,0.585,-0.716,0.846,0.844,0.804,-0.097,-0.432,0.77,0.633,0.416,0.78,-0.155,0.799,0.826,0.913,0.83,0.806,0.764,0.537,0.627,0.766,0.795,0.788,0.514,0.455,0.14,-0.337,0.509,0.819,-0.115,-0.533,0.758,0.836
ADBE,0.644,0.625,0.663,0.756,0.867,0.637,0.0,0.892,-0.224,0.474,0.623,-0.172,0.228,0.522,0.539,0.279,0.578,0.899,0.506,0.75,0.812,0.895,0.768,0.461,-0.241,0.738,0.394,0.29,0.694,0.558,0.736,0.727,0.428,0.921,0.663,0.069,0.252,0.567,0.693,-0.291,0.152,-0.13,0.508,0.695,-0.022,0.143,0.716,0.522,0.853,-0.26,0.167,-0.507,-0.314,0.761,0.864,0.156,0.634,0.844,0.197,0.641,0.7,0.837,0.874,0.719,0.513,0.73,0.611,-0.078,-0.358,0.246,-0.278,0.411,0.49,0.586,0.937,0.565,0.682,-0.424,0.616,0.04,-0.309,-0.38,-0.177,-0.503,0.373,0.414,0.661,0.944,0.34,-0.631,0.568,0.685,0.786,0.737,0.674,0.478,0.711,-0.265,0.633,-0.003,0.584,0.663,0.637,0.589,-0.45,0.419,0.809,0.681,0.819,-0.057,0.665,-0.234,-0.111,0.761,0.809,0.099,0.011,0.423,0.776,-0.36,-0.389,0.938,0.418,0.667,0.432,0.937,0.746,0.825,-0.023,0.505,0.775,0.653,0.664,0.601,0.376,0.39,0.861,0.588,-0.356,0.449,0.75,0.83,0.221,0.548,-0.237,0.876,0.378,0.431,0.193,-0.155,0.672,-0.226,0.705,0.761,0.912,0.705,0.809,0.56,0.505,0.728,0.732,0.555,0.026,-0.142,0.662,0.702,0.703,0.652,-0.432,0.548,0.875,0.656,0.35,0.16,0.651,0.853,0.834,0.87,0.48,0.824,0.479,0.703,0.473,0.636,0.512,0.916,0.548,0.781,0.446,0.737,0.602,0.569,-0.009,0.211,-0.038,0.736,-0.096,-0.043,0.454,0.769
ADSK,0.887,0.86,0.901,0.884,0.861,0.848,0.892,0.0,-0.585,0.134,0.841,-0.548,-0.161,0.817,0.294,0.518,0.857,0.757,0.251,0.877,0.946,0.918,0.894,0.763,-0.591,0.907,0.51,0.253,0.903,0.811,0.934,0.873,0.692,0.944,0.896,-0.232,0.507,0.64,0.859,-0.357,-0.17,-0.023,0.493,0.805,-0.316,0.324,0.924,0.436,0.832,0.119,0.462,-0.379,-0.36,0.918,0.955,0.049,0.406,0.652,-0.121,0.478,0.697,0.954,0.796,0.851,0.799,0.425,0.869,-0.471,-0.676,-0.041,-0.571,0.727,0.77,0.342,0.927,0.833,0.892,-0.528,0.816,-0.26,-0.612,-0.552,-0.506,-0.761,-0.017,0.592,0.742,0.883,0.49,-0.754,0.781,0.9,0.937,0.627,0.799,0.336,0.498,-0.001,0.862,-0.374,0.841,0.797,0.677,0.821,-0.727,0.315,0.868,0.882,0.934,-0.371,0.7,-0.499,-0.461,0.638,0.579,-0.181,-0.376,0.545,0.832,-0.691,-0.701,0.847,0.659,0.905,0.607,0.908,0.731,0.941,-0.165,0.757,0.943,0.853,0.906,0.756,0.595,0.675,0.825,0.744,-0.365,0.277,0.769,0.901,-0.153,0.807,-0.59,0.817,0.435,0.525,0.213,-0.419,0.895,-0.563,0.87,0.806,0.921,0.898,0.966,0.632,0.508,0.713,0.821,0.809,-0.331,-0.512,0.604,0.81,0.4,0.578,-0.71,0.771,0.957,0.836,0.101,-0.267,0.832,0.816,0.628,0.902,0.121,0.922,0.744,0.93,0.792,0.82,0.792,0.825,0.676,0.91,0.776,0.887,0.679,0.506,0.068,-0.139,0.323,0.887,-0.197,-0.351,0.741,0.924
AEP,-0.862,-0.796,-0.772,-0.601,-0.372,-0.722,-0.224,-0.585,0.0,0.543,-0.792,0.858,0.665,-0.854,0.224,-0.693,-0.826,-0.126,0.147,-0.71,-0.699,-0.369,-0.531,-0.897,0.831,-0.725,-0.473,-0.258,-0.816,-0.843,-0.779,-0.688,-0.631,-0.449,-0.82,0.52,-0.804,-0.238,-0.587,0.252,0.495,0.022,-0.028,-0.629,0.816,-0.315,-0.723,-0.035,-0.154,-0.779,-0.816,-0.224,0.239,-0.672,-0.569,0.001,0.011,0.131,0.447,0.161,-0.135,-0.632,-0.237,-0.592,-0.861,0.401,-0.771,0.815,0.767,0.741,0.694,-0.91,-0.745,0.113,-0.374,-0.758,-0.823,0.534,-0.811,0.623,0.933,0.62,0.659,0.784,0.549,-0.64,-0.497,-0.249,-0.638,0.467,-0.816,-0.685,-0.626,0.011,-0.474,0.066,0.134,-0.494,-0.766,0.77,-0.887,-0.432,-0.415,-0.608,0.744,-0.082,-0.407,-0.675,-0.54,0.93,-0.539,0.61,0.652,-0.022,0.037,0.465,0.77,-0.635,-0.543,0.911,0.95,-0.29,-0.829,-0.778,-0.372,-0.401,-0.27,-0.62,0.273,-0.607,-0.701,-0.786,-0.74,-0.424,-0.652,-0.743,-0.359,-0.759,0.261,0.425,-0.377,-0.515,0.57,-0.861,0.907,-0.382,-0.093,-0.465,-0.384,0.442,-0.702,0.909,-0.717,-0.284,-0.38,-0.614,-0.66,-0.481,-0.41,-0.213,-0.498,-0.667,0.781,0.921,-0.229,-0.466,0.281,-0.261,0.89,-0.688,-0.571,-0.741,0.546,0.788,-0.752,-0.328,0.08,-0.415,0.65,-0.56,-0.745,-0.795,-0.875,-0.594,-0.684,-0.258,-0.612,-0.615,-0.821,-0.657,-0.2,0.051,0.019,0.637,-0.82,-0.62,0.07,0.925,-0.729,-0.679
AGIO,-0.152,-0.175,-0.055,0.084,0.189,-0.106,0.474,0.134,0.543,0.0,-0.158,0.696,0.794,-0.367,0.545,-0.217,-0.223,0.528,0.558,0.018,0.009,0.327,0.119,-0.334,0.602,-0.058,-0.128,0.255,-0.057,-0.134,-0.128,0.09,-0.118,0.32,-0.094,0.638,-0.352,0.334,0.073,0.168,0.55,0.12,0.471,0.122,0.602,-0.008,-0.045,0.49,0.431,-0.698,-0.51,-0.184,0.102,0.126,0.134,0.229,0.646,0.617,0.756,0.688,0.469,0.113,0.58,0.086,-0.402,0.785,-0.171,0.68,0.425,0.679,0.544,-0.38,-0.182,0.435,0.299,-0.208,-0.07,0.253,-0.129,0.62,0.464,0.057,0.5,0.242,0.687,0.056,0.227,0.43,-0.002,0.042,-0.063,-0.038,-0.041,0.383,0.214,0.677,0.782,-0.469,-0.177,0.737,-0.225,0.106,0.26,-0.052,0.383,0.278,0.271,-0.012,0.175,0.541,0.127,0.53,0.585,0.38,0.618,0.6,0.591,-0.041,0.111,0.492,0.44,0.46,-0.095,-0.071,0.121,0.395,0.461,-0.006,0.444,-0.062,-0.02,-0.122,-0.099,0.103,-0.061,-0.235,0.304,-0.129,0.146,0.599,0.366,0.208,0.725,-0.218,0.634,0.328,0.284,-0.028,0.139,0.282,-0.065,0.57,0.041,0.386,0.328,-0.04,0.014,0.238,0.098,0.493,0.18,-0.144,0.684,0.679,0.448,0.307,0.729,0.48,0.446,0.012,0.169,-0.057,0.765,0.811,0.036,0.425,0.643,0.243,0.904,0.197,-0.107,-0.099,-0.325,0.015,-0.147,0.441,0.097,0.158,-0.367,0.144,0.23,0.278,0.304,0.666,-0.644,-0.015,0.205,0.566,-0.112,-0.022
ALEC,0.91,0.855,0.83,0.828,0.666,0.836,0.623,0.841,-0.792,-0.158,0.0,-0.682,-0.347,0.855,0.109,0.656,0.845,0.499,0.162,0.888,0.886,0.661,0.7,0.868,-0.704,0.811,0.661,0.35,0.881,0.862,0.888,0.833,0.695,0.752,0.872,-0.283,0.74,0.437,0.711,-0.218,-0.243,-0.039,0.271,0.814,-0.617,0.323,0.815,0.272,0.524,0.442,0.722,-0.068,-0.179,0.791,0.779,0.133,0.307,0.351,-0.217,0.155,0.448,0.843,0.535,0.763,0.848,0.117,0.843,-0.587,-0.664,-0.422,-0.644,0.865,0.802,0.238,0.686,0.777,0.883,-0.595,0.868,-0.378,-0.761,-0.485,-0.516,-0.752,-0.185,0.646,0.68,0.639,0.606,-0.56,0.835,0.782,0.802,0.431,0.697,0.145,0.208,0.294,0.829,-0.489,0.908,0.627,0.622,0.688,-0.713,0.316,0.629,0.82,0.76,-0.658,0.71,-0.522,-0.498,0.347,0.353,-0.266,-0.508,0.702,0.783,-0.777,-0.809,0.67,0.772,0.868,0.497,0.709,0.582,0.818,-0.198,0.653,0.845,0.857,0.837,0.569,0.623,0.732,0.672,0.796,-0.32,-0.006,0.624,0.734,-0.28,0.884,-0.718,0.701,0.238,0.597,0.378,-0.365,0.795,-0.736,0.853,0.548,0.655,0.749,0.826,0.63,0.54,0.408,0.662,0.738,-0.586,-0.674,0.547,0.65,0.146,0.524,-0.806,0.717,0.799,0.845,-0.223,-0.49,0.819,0.63,0.335,0.708,-0.213,0.783,0.793,0.877,0.854,0.712,0.707,0.562,0.712,0.803,0.778,0.798,0.417,0.232,-0.0,-0.321,0.584,0.727,-0.057,-0.651,0.752,0.846
ALNY,-0.722,-0.749,-0.685,-0.485,-0.395,-0.632,-0.172,-0.548,0.858,0.696,-0.682,0.0,0.839,-0.863,0.235,-0.445,-0.807,-0.021,0.361,-0.544,-0.628,-0.38,-0.562,-0.814,0.944,-0.669,-0.388,0.123,-0.654,-0.697,-0.741,-0.508,-0.571,-0.376,-0.694,0.728,-0.585,-0.208,-0.562,0.411,0.675,0.086,0.029,-0.444,0.67,-0.188,-0.695,0.183,-0.22,-0.631,-0.676,0.094,0.337,-0.55,-0.557,0.298,0.317,0.136,0.73,0.154,-0.112,-0.52,-0.075,-0.518,-0.875,0.397,-0.761,0.953,0.866,0.583,0.876,-0.791,-0.68,0.24,-0.377,-0.776,-0.677,0.599,-0.631,0.794,0.845,0.522,0.847,0.76,0.678,-0.356,-0.266,-0.204,-0.308,0.623,-0.58,-0.67,-0.687,-0.022,-0.372,0.335,0.328,-0.313,-0.732,0.894,-0.737,-0.474,-0.149,-0.662,0.846,-0.014,-0.388,-0.6,-0.527,0.699,-0.315,0.806,0.834,-0.173,0.184,0.675,0.807,-0.371,-0.456,0.904,0.869,-0.124,-0.528,-0.694,-0.347,-0.282,-0.153,-0.63,0.521,-0.608,-0.649,-0.665,-0.729,-0.489,-0.498,-0.631,-0.216,-0.58,0.422,0.323,-0.198,-0.431,0.774,-0.711,0.952,-0.219,-0.1,-0.275,0.033,0.613,-0.711,0.889,-0.56,-0.249,-0.37,-0.695,-0.665,-0.27,-0.138,-0.106,-0.481,-0.727,0.84,0.931,-0.031,-0.31,0.428,0.045,0.877,-0.539,-0.519,-0.582,0.581,0.906,-0.528,-0.209,0.113,-0.427,0.706,-0.506,-0.599,-0.712,-0.819,-0.565,-0.702,-0.183,-0.35,-0.482,-0.87,-0.513,-0.323,-0.022,0.138,0.716,-0.742,-0.634,0.4,0.701,-0.602,-0.657
ALTR,-0.379,-0.405,-0.429,-0.089,0.049,-0.336,0.228,-0.161,0.665,0.794,-0.347,0.839,0.0,-0.567,0.425,-0.252,-0.514,0.372,0.686,-0.141,-0.214,-0.084,-0.288,-0.593,0.85,-0.367,-0.144,0.432,-0.309,-0.413,-0.375,-0.124,-0.389,-0.015,-0.397,0.904,-0.281,0.003,-0.346,0.449,0.842,-0.033,0.162,-0.081,0.479,-0.106,-0.402,0.464,0.027,-0.643,-0.427,-0.03,0.318,-0.239,-0.217,0.502,0.674,0.409,0.858,0.274,0.076,-0.162,0.219,-0.15,-0.547,0.586,-0.5,0.921,0.749,0.48,0.749,-0.53,-0.394,0.587,-0.027,-0.562,-0.311,0.311,-0.238,0.798,0.59,0.338,0.818,0.512,0.851,-0.057,0.033,0.161,0.025,0.436,-0.285,-0.409,-0.381,0.239,-0.035,0.453,0.521,-0.305,-0.522,0.891,-0.384,-0.25,0.126,-0.491,0.706,0.207,-0.138,-0.295,-0.237,0.553,0.09,0.626,0.788,0.116,0.585,0.671,0.846,-0.008,-0.059,0.671,0.601,0.304,-0.283,-0.402,-0.227,0.118,0.116,-0.275,0.531,-0.493,-0.263,-0.251,-0.467,-0.352,-0.311,-0.393,0.213,-0.206,0.251,0.355,0.091,-0.107,0.946,-0.412,0.779,0.266,-0.097,-0.044,0.257,0.709,-0.465,0.654,-0.227,-0.019,-0.022,-0.459,-0.319,-0.004,0.206,0.127,-0.232,-0.513,0.719,0.82,0.246,-0.019,0.712,0.374,0.59,-0.328,-0.167,-0.211,0.551,0.945,-0.192,0.24,0.423,-0.097,0.794,-0.165,-0.303,-0.382,-0.593,-0.27,-0.555,0.202,0.02,-0.133,-0.713,-0.184,-0.257,0.131,0.035,0.822,-0.623,-0.362,0.567,0.531,-0.401,-0.292
AMBA,0.913,0.932,0.883,0.749,0.635,0.906,0.522,0.817,-0.854,-0.367,0.855,-0.863,-0.567,0.0,-0.023,0.635,0.94,0.425,-0.04,0.798,0.876,0.651,0.767,0.925,-0.846,0.84,0.503,0.197,0.869,0.878,0.921,0.774,0.709,0.703,0.874,-0.497,0.704,0.471,0.764,-0.381,-0.402,-0.071,0.222,0.665,-0.625,0.305,0.884,0.106,0.506,0.504,0.697,-0.121,-0.381,0.824,0.798,-0.066,0.049,0.192,-0.415,0.107,0.442,0.821,0.45,0.753,0.937,-0.059,0.901,-0.794,-0.853,-0.452,-0.753,0.871,0.849,-0.027,0.666,0.845,0.889,-0.598,0.826,-0.605,-0.82,-0.561,-0.696,-0.851,-0.372,0.589,0.627,0.559,0.495,-0.688,0.764,0.869,0.858,0.368,0.67,0.026,0.048,0.273,0.859,-0.737,0.912,0.667,0.509,0.765,-0.837,0.227,0.664,0.823,0.757,-0.669,0.552,-0.649,-0.679,0.349,0.243,-0.482,-0.63,0.56,0.716,-0.928,-0.907,0.509,0.722,0.897,0.508,0.64,0.502,0.835,-0.352,0.716,0.877,0.913,0.916,0.626,0.628,0.737,0.569,0.753,-0.383,-0.097,0.589,0.667,-0.477,0.849,-0.871,0.579,0.224,0.509,0.144,-0.523,0.862,-0.836,0.847,0.512,0.678,0.829,0.865,0.572,0.454,0.391,0.713,0.842,-0.714,-0.838,0.395,0.621,-0.033,0.355,-0.889,0.772,0.802,0.794,-0.338,-0.667,0.746,0.556,0.248,0.725,-0.405,0.772,0.793,0.923,0.9,0.772,0.798,0.483,0.579,0.737,0.899,0.77,0.454,0.268,-0.034,-0.513,0.652,0.829,-0.239,-0.667,0.75,0.864
AMCX,0.064,0.05,0.067,0.18,0.408,0.047,0.539,0.294,0.224,0.545,0.109,0.235,0.425,-0.023,0.0,-0.381,0.008,0.513,0.508,0.163,0.276,0.458,0.331,0.006,0.157,0.199,0.103,0.061,0.106,0.122,0.191,0.281,-0.074,0.473,0.098,0.288,-0.132,0.211,0.105,-0.121,0.2,-0.231,0.32,0.392,0.244,-0.451,0.098,0.308,0.402,-0.576,-0.221,-0.312,0.077,0.243,0.409,0.032,0.619,0.533,0.486,0.624,0.243,0.233,0.569,0.181,-0.025,0.697,0.11,0.248,0.1,0.274,-0.05,-0.076,-0.044,0.495,0.537,0.084,0.136,-0.393,0.003,0.171,0.101,-0.189,0.119,-0.098,0.552,-0.102,0.08,0.496,-0.005,-0.361,0.143,0.061,0.284,0.307,0.289,0.135,0.405,-0.559,0.085,0.43,0.028,0.117,0.106,0.025,-0.034,0.519,0.334,0.066,0.332,0.213,0.377,0.244,0.192,0.658,0.636,0.379,0.333,0.186,0.322,0.169,0.081,0.506,0.022,0.089,0.015,0.536,0.382,0.311,-0.217,-0.058,0.114,0.133,0.088,0.124,0.077,-0.12,0.326,0.062,-0.507,0.321,0.257,0.302,0.454,0.035,0.226,0.469,0.187,-0.014,0.058,0.052,0.111,0.103,0.12,0.221,0.439,0.181,0.259,0.317,0.044,0.261,0.31,0.134,0.207,0.246,0.251,0.191,0.459,0.351,0.034,-0.064,0.404,0.174,0.335,0.468,0.009,0.428,0.672,0.491,0.547,0.378,-0.03,0.08,-0.047,0.157,-0.056,0.565,0.141,0.273,-0.087,0.191,0.142,0.088,-0.139,0.396,-0.443,0.237,-0.13,0.233,-0.16,0.231
AMKR,0.73,0.614,0.604,0.68,0.294,0.71,0.279,0.518,-0.693,-0.217,0.656,-0.445,-0.252,0.635,-0.381,0.0,0.573,0.257,0.097,0.675,0.541,0.234,0.288,0.595,-0.408,0.489,0.497,0.588,0.677,0.622,0.566,0.611,0.638,0.385,0.651,-0.111,0.795,0.339,0.435,0.12,-0.011,0.267,0.196,0.494,-0.643,0.704,0.542,0.336,0.205,0.684,0.761,0.306,-0.093,0.521,0.352,0.48,0.151,0.138,-0.171,-0.232,0.351,0.653,0.246,0.528,0.61,-0.207,0.531,-0.367,-0.397,-0.425,-0.197,0.74,0.699,0.074,0.246,0.452,0.629,-0.012,0.742,-0.074,-0.54,-0.214,-0.181,-0.457,-0.234,0.784,0.753,0.355,0.676,-0.018,0.67,0.577,0.368,0.318,0.51,0.283,0.133,0.73,0.557,-0.422,0.758,0.409,0.745,0.427,-0.356,-0.057,0.295,0.65,0.381,-0.628,0.509,-0.285,-0.309,-0.203,0.143,-0.138,-0.379,0.572,0.448,-0.586,-0.613,0.439,0.759,0.651,0.459,0.346,0.347,0.442,0.289,0.519,0.61,0.671,0.571,0.339,0.483,0.724,0.572,0.654,0.32,-0.06,0.563,0.457,-0.183,0.727,-0.507,0.423,0.18,0.729,0.58,-0.082,0.467,-0.467,0.661,0.4,0.278,0.36,0.441,0.423,0.734,0.288,0.291,0.43,-0.352,-0.516,0.422,0.547,0.133,0.484,-0.513,0.677,0.399,0.697,-0.186,-0.413,0.757,0.364,-0.026,0.252,-0.266,0.389,0.746,0.674,0.679,0.563,0.523,0.225,0.679,0.556,0.52,0.541,0.16,0.325,0.248,-0.269,0.698,0.42,0.386,-0.627,0.769,0.488
AMRX,0.926,0.923,0.936,0.742,0.674,0.867,0.578,0.857,-0.826,-0.223,0.845,-0.807,-0.514,0.94,0.008,0.573,0.0,0.463,-0.041,0.801,0.884,0.73,0.855,0.912,-0.815,0.876,0.444,0.182,0.912,0.907,0.927,0.803,0.716,0.757,0.913,-0.448,0.644,0.531,0.846,-0.379,-0.427,-0.051,0.3,0.711,-0.534,0.324,0.935,0.158,0.583,0.421,0.6,-0.138,-0.392,0.893,0.84,-0.139,0.114,0.225,-0.344,0.244,0.515,0.822,0.546,0.794,0.896,0.001,0.911,-0.763,-0.87,-0.377,-0.722,0.846,0.833,-0.005,0.711,0.888,0.938,-0.583,0.858,-0.589,-0.825,-0.678,-0.711,-0.859,-0.39,0.634,0.64,0.581,0.547,-0.742,0.803,0.905,0.876,0.331,0.687,0.149,0.192,0.168,0.871,-0.674,0.905,0.742,0.496,0.844,-0.852,0.245,0.75,0.847,0.815,-0.628,0.563,-0.658,-0.666,0.433,0.271,-0.488,-0.647,0.573,0.74,-0.918,-0.884,0.537,0.737,0.916,0.547,0.712,0.567,0.829,-0.295,0.784,0.915,0.889,0.933,0.719,0.687,0.728,0.558,0.737,-0.393,-0.073,0.609,0.731,-0.455,0.847,-0.844,0.597,0.262,0.436,0.162,-0.565,0.917,-0.825,0.86,0.609,0.747,0.887,0.915,0.602,0.38,0.536,0.779,0.858,-0.683,-0.779,0.438,0.72,-0.018,0.383,-0.869,0.832,0.84,0.776,-0.228,-0.616,0.804,0.643,0.309,0.763,-0.307,0.842,0.797,0.936,0.88,0.784,0.852,0.546,0.605,0.797,0.913,0.866,0.548,0.215,0.067,-0.465,0.595,0.832,-0.271,-0.623,0.802,0.888
ANSS,0.535,0.551,0.534,0.679,0.779,0.58,0.899,0.757,-0.126,0.528,0.499,-0.021,0.372,0.425,0.513,0.257,0.463,0.0,0.616,0.653,0.714,0.76,0.647,0.359,-0.068,0.599,0.301,0.427,0.585,0.459,0.601,0.666,0.343,0.806,0.524,0.241,0.229,0.582,0.564,-0.159,0.322,-0.13,0.455,0.579,0.033,0.12,0.588,0.522,0.734,-0.297,0.117,-0.396,-0.259,0.661,0.732,0.255,0.686,0.754,0.358,0.603,0.675,0.735,0.809,0.627,0.401,0.696,0.482,0.08,-0.19,0.243,-0.081,0.278,0.441,0.568,0.794,0.384,0.595,-0.336,0.558,0.128,-0.223,-0.266,-0.01,-0.37,0.48,0.4,0.65,0.839,0.376,-0.46,0.456,0.567,0.638,0.718,0.647,0.532,0.715,-0.259,0.465,0.125,0.488,0.552,0.61,0.419,-0.245,0.464,0.689,0.594,0.673,0.001,0.593,-0.1,0.091,0.661,0.847,0.167,0.154,0.429,0.695,-0.259,-0.282,0.877,0.373,0.561,0.358,0.85,0.701,0.695,0.117,0.353,0.673,0.617,0.542,0.427,0.278,0.304,0.814,0.555,-0.24,0.407,0.724,0.683,0.381,0.425,-0.107,0.856,0.26,0.379,0.222,0.037,0.518,-0.117,0.658,0.651,0.835,0.535,0.674,0.605,0.562,0.64,0.653,0.449,0.087,-0.022,0.708,0.68,0.733,0.723,-0.329,0.496,0.762,0.569,0.353,0.293,0.568,0.848,0.828,0.785,0.493,0.722,0.44,0.594,0.328,0.556,0.359,0.834,0.517,0.666,0.283,0.675,0.437,0.516,0.005,0.331,-0.122,0.608,0.084,0.003,0.34,0.686
APPN,0.147,0.069,-0.018,0.342,0.423,0.098,0.506,0.251,0.147,0.558,0.162,0.361,0.686,-0.04,0.508,0.097,-0.041,0.616,0.0,0.341,0.312,0.208,0.059,-0.072,0.39,0.108,0.144,0.647,0.139,0.098,0.176,0.335,-0.095,0.35,0.051,0.695,0.221,0.169,-0.041,0.276,0.701,-0.224,0.18,0.346,-0.039,-0.106,0.013,0.501,0.2,-0.365,0.098,-0.072,0.118,0.145,0.196,0.63,0.815,0.494,0.701,0.245,0.203,0.308,0.426,0.228,0.011,0.503,-0.048,0.513,0.437,0.079,0.343,-0.027,0.056,0.705,0.3,-0.168,0.192,-0.203,0.279,0.488,0.06,0.024,0.554,0.173,0.716,0.227,0.399,0.451,0.344,0.081,0.16,-0.013,0.073,0.464,0.279,0.364,0.553,-0.144,-0.059,0.498,0.159,0.044,0.458,-0.177,0.307,0.572,0.063,0.119,0.127,0.099,0.554,0.251,0.53,0.293,0.777,0.483,0.547,0.397,0.448,0.146,0.047,0.639,0.141,0.083,-0.098,0.48,0.257,0.212,0.348,-0.218,0.192,0.279,-0.034,-0.118,0.026,-0.03,0.598,0.331,-0.096,0.176,0.38,0.289,0.758,0.104,0.276,0.661,-0.091,0.275,0.477,0.631,-0.079,0.151,0.248,0.164,0.323,-0.076,0.134,0.346,0.598,0.195,0.159,-0.132,0.291,0.317,0.532,0.242,0.699,0.562,-0.007,0.038,0.263,0.295,0.233,0.608,0.215,0.61,0.617,0.244,0.483,0.266,0.104,0.097,-0.128,0.114,-0.231,0.563,0.402,0.264,-0.306,0.245,-0.194,0.148,-0.126,0.613,-0.274,0.081,0.562,0.034,-0.087,0.238
APTO,0.91,0.833,0.798,0.893,0.805,0.801,0.75,0.877,-0.71,0.018,0.888,-0.544,-0.141,0.798,0.163,0.675,0.801,0.653,0.341,0.0,0.931,0.691,0.686,0.748,-0.556,0.833,0.623,0.481,0.898,0.802,0.905,0.873,0.619,0.81,0.851,-0.108,0.73,0.453,0.69,-0.203,-0.058,-0.116,0.293,0.829,-0.561,0.358,0.799,0.428,0.561,0.31,0.689,-0.152,-0.23,0.805,0.802,0.286,0.486,0.475,-0.046,0.177,0.472,0.903,0.625,0.794,0.819,0.232,0.768,-0.416,-0.54,-0.339,-0.487,0.803,0.764,0.423,0.743,0.702,0.898,-0.576,0.928,-0.203,-0.722,-0.54,-0.355,-0.673,0.028,0.712,0.758,0.746,0.69,-0.518,0.831,0.753,0.79,0.515,0.686,0.296,0.369,0.219,0.778,-0.362,0.909,0.635,0.735,0.602,-0.594,0.361,0.657,0.829,0.746,-0.586,0.813,-0.455,-0.322,0.392,0.546,-0.202,-0.361,0.726,0.86,-0.71,-0.776,0.805,0.775,0.839,0.43,0.804,0.592,0.834,-0.047,0.576,0.891,0.887,0.786,0.511,0.629,0.708,0.837,0.861,-0.266,0.017,0.652,0.803,-0.072,0.859,-0.641,0.853,0.209,0.661,0.491,-0.171,0.737,-0.667,0.871,0.597,0.734,0.697,0.838,0.662,0.69,0.511,0.665,0.639,-0.412,-0.569,0.604,0.712,0.38,0.603,-0.768,0.692,0.831,0.882,-0.114,-0.3,0.869,0.754,0.44,0.721,-0.053,0.789,0.76,0.872,0.769,0.711,0.622,0.712,0.783,0.847,0.662,0.842,0.348,0.321,-0.042,-0.118,0.498,0.726,0.091,-0.594,0.714,0.872
ARCT,0.926,0.898,0.872,0.877,0.86,0.852,0.812,0.946,-0.699,0.009,0.886,-0.628,-0.214,0.876,0.276,0.541,0.884,0.714,0.312,0.931,0.0,0.824,0.839,0.831,-0.64,0.907,0.547,0.347,0.925,0.858,0.971,0.899,0.637,0.887,0.893,-0.21,0.646,0.55,0.786,-0.331,-0.152,-0.164,0.349,0.839,-0.481,0.24,0.891,0.362,0.679,0.212,0.601,-0.278,-0.329,0.895,0.922,0.103,0.434,0.505,-0.104,0.348,0.545,0.938,0.708,0.838,0.873,0.29,0.861,-0.523,-0.664,-0.274,-0.604,0.789,0.793,0.352,0.856,0.798,0.943,-0.673,0.892,-0.348,-0.747,-0.602,-0.497,-0.777,-0.028,0.627,0.715,0.802,0.601,-0.719,0.823,0.848,0.916,0.541,0.756,0.241,0.375,0.065,0.838,-0.444,0.906,0.736,0.641,0.729,-0.716,0.441,0.769,0.851,0.86,-0.53,0.777,-0.534,-0.425,0.58,0.57,-0.242,-0.395,0.67,0.906,-0.782,-0.81,0.807,0.728,0.901,0.486,0.883,0.649,0.933,-0.213,0.654,0.942,0.937,0.88,0.626,0.62,0.685,0.806,0.84,-0.451,0.064,0.698,0.847,-0.154,0.853,-0.695,0.853,0.267,0.538,0.313,-0.322,0.855,-0.706,0.902,0.661,0.861,0.837,0.946,0.697,0.574,0.578,0.8,0.78,-0.473,-0.613,0.612,0.739,0.317,0.569,-0.83,0.739,0.936,0.871,-0.098,-0.339,0.846,0.819,0.557,0.865,-0.058,0.901,0.762,0.93,0.805,0.792,0.711,0.791,0.731,0.881,0.76,0.897,0.485,0.328,-0.059,-0.172,0.429,0.856,-0.101,-0.535,0.696,0.955
ARWR,0.709,0.724,0.833,0.714,0.778,0.71,0.895,0.918,-0.369,0.327,0.661,-0.38,-0.084,0.651,0.458,0.234,0.73,0.76,0.208,0.691,0.824,0.0,0.937,0.642,-0.477,0.845,0.31,0.049,0.767,0.691,0.802,0.74,0.563,0.935,0.782,-0.252,0.189,0.683,0.877,-0.49,-0.189,-0.032,0.564,0.672,-0.013,0.147,0.87,0.344,0.911,-0.136,0.134,-0.504,-0.442,0.882,0.953,-0.161,0.381,0.698,-0.036,0.749,0.774,0.843,0.887,0.743,0.597,0.585,0.793,-0.368,-0.622,0.225,-0.481,0.499,0.598,0.251,0.955,0.782,0.754,-0.461,0.587,-0.244,-0.427,-0.531,-0.499,-0.676,0.066,0.382,0.624,0.873,0.247,-0.852,0.626,0.852,0.91,0.605,0.729,0.421,0.618,-0.3,0.777,-0.247,0.623,0.778,0.54,0.822,-0.665,0.355,0.931,0.78,0.952,-0.153,0.521,-0.363,-0.354,0.778,0.572,-0.091,-0.298,0.314,0.717,-0.519,-0.527,0.776,0.48,0.801,0.589,0.893,0.761,0.886,-0.225,0.743,0.816,0.667,0.838,0.797,0.475,0.462,0.678,0.563,-0.451,0.416,0.752,0.87,-0.113,0.607,-0.408,0.705,0.528,0.298,-0.005,-0.511,0.874,-0.367,0.775,0.834,0.967,0.908,0.914,0.627,0.27,0.803,0.882,0.764,-0.14,-0.35,0.596,0.76,0.41,0.541,-0.547,0.706,0.946,0.643,0.291,-0.111,0.675,0.773,0.759,0.94,0.299,0.919,0.561,0.807,0.635,0.729,0.757,0.849,0.482,0.825,0.693,0.832,0.813,0.506,0.128,-0.094,0.036,0.878,-0.393,-0.109,0.595,0.836
ASND,0.773,0.821,0.899,0.672,0.71,0.775,0.768,0.894,-0.531,0.119,0.7,-0.562,-0.288,0.767,0.331,0.288,0.855,0.647,0.059,0.686,0.839,0.937,0.0,0.755,-0.622,0.873,0.276,0.047,0.822,0.788,0.856,0.744,0.634,0.865,0.837,-0.385,0.294,0.657,0.921,-0.499,-0.336,-0.044,0.489,0.649,-0.122,0.119,0.934,0.215,0.811,0.052,0.217,-0.386,-0.47,0.916,0.943,-0.306,0.239,0.473,-0.184,0.636,0.705,0.811,0.767,0.754,0.711,0.361,0.865,-0.556,-0.772,0.038,-0.583,0.601,0.687,0.074,0.881,0.862,0.835,-0.517,0.663,-0.474,-0.587,-0.636,-0.652,-0.791,-0.159,0.417,0.595,0.734,0.327,-0.887,0.661,0.905,0.93,0.479,0.729,0.338,0.475,-0.231,0.807,-0.423,0.701,0.782,0.43,0.879,-0.767,0.267,0.926,0.786,0.934,-0.298,0.467,-0.541,-0.514,0.691,0.448,-0.302,-0.464,0.381,0.685,-0.695,-0.655,0.639,0.535,0.842,0.605,0.833,0.704,0.869,-0.312,0.788,0.852,0.747,0.901,0.818,0.522,0.526,0.562,0.61,-0.488,0.267,0.703,0.786,-0.287,0.661,-0.597,0.629,0.43,0.269,-0.06,-0.604,0.925,-0.55,0.812,0.75,0.927,0.95,0.94,0.64,0.218,0.754,0.901,0.845,-0.354,-0.528,0.523,0.77,0.177,0.453,-0.681,0.807,0.931,0.657,0.077,-0.314,0.702,0.74,0.632,0.913,0.059,0.938,0.638,0.856,0.733,0.759,0.837,0.723,0.47,0.783,0.814,0.878,0.775,0.369,0.134,-0.259,0.178,0.901,-0.452,-0.269,0.655,0.882
ASTH,0.901,0.884,0.903,0.671,0.524,0.858,0.461,0.763,-0.897,-0.334,0.868,-0.814,-0.593,0.925,0.006,0.595,0.912,0.359,-0.072,0.748,0.831,0.642,0.755,0.0,-0.852,0.855,0.456,0.189,0.885,0.918,0.88,0.766,0.674,0.678,0.9,-0.535,0.676,0.432,0.781,-0.4,-0.463,-0.054,0.187,0.702,-0.62,0.241,0.865,0.054,0.443,0.551,0.656,0.022,-0.368,0.845,0.775,-0.107,0.082,0.12,-0.359,0.178,0.405,0.775,0.491,0.701,0.867,-0.098,0.897,-0.795,-0.851,-0.505,-0.734,0.867,0.792,-0.086,0.629,0.858,0.894,-0.583,0.798,-0.618,-0.852,-0.589,-0.697,-0.863,-0.41,0.587,0.603,0.49,0.517,-0.689,0.832,0.84,0.82,0.243,0.62,0.106,0.082,0.264,0.883,-0.73,0.89,0.639,0.479,0.764,-0.839,0.275,0.659,0.777,0.751,-0.774,0.538,-0.557,-0.627,0.298,0.169,-0.381,-0.685,0.593,0.69,-0.916,-0.91,0.46,0.794,0.899,0.48,0.627,0.522,0.798,-0.341,0.732,0.814,0.849,0.891,0.613,0.67,0.695,0.462,0.753,-0.406,-0.181,0.595,0.652,-0.508,0.856,-0.85,0.507,0.231,0.46,0.22,-0.576,0.863,-0.831,0.849,0.48,0.636,0.808,0.825,0.628,0.376,0.395,0.734,0.82,-0.709,-0.855,0.441,0.606,-0.114,0.389,-0.879,0.797,0.788,0.756,-0.336,-0.674,0.774,0.496,0.217,0.704,-0.437,0.768,0.759,0.898,0.896,0.715,0.797,0.447,0.585,0.728,0.906,0.793,0.453,0.107,0.016,-0.582,0.634,0.799,-0.258,-0.747,0.746,0.826
ATSG,-0.722,-0.735,-0.742,-0.467,-0.398,-0.65,-0.241,-0.591,0.831,0.602,-0.704,0.944,0.85,-0.846,0.157,-0.408,-0.815,-0.068,0.39,-0.556,-0.64,-0.477,-0.622,-0.852,0.0,-0.732,-0.369,0.213,-0.676,-0.703,-0.754,-0.508,-0.553,-0.453,-0.74,0.804,-0.488,-0.198,-0.649,0.546,0.716,0.08,0.011,-0.47,0.588,-0.144,-0.733,0.201,-0.322,-0.55,-0.594,0.15,0.389,-0.612,-0.62,0.368,0.3,0.053,0.717,0.025,-0.173,-0.556,-0.183,-0.53,-0.82,0.272,-0.797,0.952,0.908,0.492,0.903,-0.765,-0.632,0.262,-0.463,-0.824,-0.68,0.591,-0.592,0.8,0.797,0.541,0.859,0.781,0.645,-0.3,-0.281,-0.258,-0.219,0.701,-0.614,-0.709,-0.749,-0.083,-0.358,0.265,0.226,-0.223,-0.821,0.909,-0.715,-0.55,-0.187,-0.726,0.905,-0.069,-0.483,-0.617,-0.597,0.676,-0.291,0.736,0.814,-0.226,0.161,0.645,0.827,-0.32,-0.488,0.888,0.843,-0.164,-0.541,-0.726,-0.349,-0.346,-0.226,-0.669,0.569,-0.675,-0.654,-0.625,-0.767,-0.578,-0.548,-0.583,-0.217,-0.54,0.48,0.237,-0.25,-0.492,0.796,-0.708,0.92,-0.212,-0.17,-0.275,0.078,0.73,-0.77,0.844,-0.58,-0.31,-0.438,-0.764,-0.708,-0.331,-0.071,-0.171,-0.558,-0.758,0.788,0.917,-0.087,-0.346,0.394,0.04,0.84,-0.566,-0.588,-0.55,0.478,0.882,-0.535,-0.195,0.041,-0.517,0.623,-0.565,-0.545,-0.729,-0.824,-0.552,-0.751,-0.231,-0.287,-0.523,-0.91,-0.55,-0.444,-0.042,0.147,0.739,-0.666,-0.692,0.534,0.647,-0.612,-0.672
AVTX,0.89,0.874,0.914,0.778,0.764,0.809,0.738,0.907,-0.725,-0.058,0.811,-0.669,-0.367,0.84,0.199,0.489,0.876,0.599,0.108,0.833,0.907,0.845,0.873,0.855,-0.732,0.0,0.407,0.138,0.9,0.826,0.934,0.81,0.646,0.84,0.911,-0.428,0.506,0.525,0.856,-0.511,-0.331,-0.125,0.32,0.737,-0.404,0.227,0.919,0.207,0.69,0.243,0.49,-0.313,-0.468,0.891,0.921,-0.083,0.253,0.43,-0.264,0.372,0.526,0.883,0.673,0.774,0.835,0.218,0.876,-0.62,-0.756,-0.208,-0.65,0.753,0.745,0.172,0.843,0.859,0.897,-0.615,0.819,-0.45,-0.756,-0.616,-0.627,-0.803,-0.147,0.51,0.631,0.712,0.46,-0.791,0.787,0.885,0.931,0.432,0.667,0.243,0.371,-0.002,0.903,-0.56,0.849,0.747,0.554,0.796,-0.796,0.294,0.799,0.846,0.884,-0.551,0.613,-0.569,-0.497,0.536,0.388,-0.332,-0.565,0.513,0.769,-0.805,-0.815,0.675,0.677,0.91,0.511,0.805,0.608,0.918,-0.286,0.767,0.909,0.818,0.905,0.698,0.604,0.635,0.679,0.805,-0.447,0.054,0.641,0.846,-0.337,0.8,-0.734,0.686,0.332,0.453,0.164,-0.507,0.902,-0.696,0.852,0.691,0.842,0.895,0.939,0.639,0.439,0.614,0.845,0.802,-0.45,-0.687,0.542,0.71,0.188,0.43,-0.824,0.778,0.918,0.791,-0.097,-0.438,0.813,0.688,0.496,0.84,-0.118,0.882,0.697,0.913,0.83,0.743,0.812,0.722,0.605,0.833,0.854,0.884,0.601,0.313,-0.007,-0.343,0.408,0.893,-0.29,-0.522,0.696,0.913
BCPC,0.588,0.491,0.41,0.657,0.444,0.524,0.394,0.51,-0.473,-0.128,0.661,-0.388,-0.144,0.503,0.103,0.497,0.444,0.301,0.144,0.623,0.547,0.31,0.276,0.456,-0.369,0.407,0.0,0.3,0.515,0.578,0.529,0.611,0.595,0.487,0.513,-0.038,0.681,0.246,0.267,0.111,-0.122,0.158,0.363,0.621,-0.518,0.38,0.388,0.43,0.343,0.351,0.642,0.071,0.222,0.381,0.417,0.378,0.325,0.387,-0.1,-0.072,0.247,0.564,0.306,0.525,0.575,0.164,0.504,-0.282,-0.289,-0.299,-0.462,0.667,0.602,0.281,0.407,0.424,0.502,-0.376,0.546,-0.003,-0.418,-0.217,-0.189,-0.403,-0.039,0.502,0.435,0.486,0.49,-0.171,0.61,0.379,0.416,0.279,0.535,-0.086,-0.053,0.433,0.507,-0.183,0.625,0.284,0.514,0.321,-0.367,0.201,0.305,0.474,0.445,-0.394,0.664,-0.205,-0.372,0.116,0.25,0.065,-0.251,0.629,0.465,-0.358,-0.422,0.53,0.571,0.551,0.449,0.419,0.416,0.478,-0.073,0.356,0.461,0.522,0.477,0.29,0.557,0.634,0.545,0.437,-0.018,0.076,0.33,0.497,-0.072,0.678,-0.362,0.516,0.321,0.662,0.497,-0.076,0.409,-0.387,0.508,0.359,0.268,0.347,0.436,0.237,0.463,0.025,0.191,0.497,-0.354,-0.336,0.222,0.422,0.194,0.391,-0.391,0.283,0.429,0.696,-0.04,-0.262,0.503,0.325,0.11,0.336,-0.029,0.404,0.624,0.507,0.572,0.498,0.372,0.327,0.655,0.548,0.406,0.373,0.181,0.164,0.14,-0.141,0.466,0.291,0.135,-0.398,0.485,0.418
BEAM,0.382,0.309,0.189,0.438,0.224,0.361,0.29,0.253,-0.258,0.255,0.35,0.123,0.432,0.197,0.061,0.588,0.182,0.427,0.647,0.481,0.347,0.049,0.047,0.189,0.213,0.138,0.3,0.0,0.387,0.356,0.254,0.463,0.18,0.265,0.269,0.594,0.621,0.17,0.062,0.473,0.576,0.027,0.142,0.411,-0.357,0.243,0.16,0.506,-0.01,0.262,0.406,0.458,0.213,0.286,0.137,0.688,0.69,0.138,0.547,-0.073,0.176,0.364,0.292,0.32,0.2,0.067,0.091,0.275,0.168,-0.328,0.32,0.315,0.306,0.416,0.122,-0.036,0.404,-0.029,0.536,0.293,-0.222,-0.09,0.405,-0.117,0.345,0.643,0.575,0.271,0.744,0.283,0.41,0.134,0.01,0.249,0.383,0.473,0.341,0.357,0.044,0.252,0.432,0.003,0.571,-0.083,0.199,0.205,0.092,0.248,0.1,-0.342,0.559,0.148,0.312,-0.137,0.568,0.282,0.276,0.682,0.351,-0.143,-0.224,0.507,0.513,0.252,0.08,0.383,0.365,0.154,0.518,-0.068,0.31,0.507,0.125,-0.112,0.203,0.29,0.522,0.528,0.236,-0.072,0.466,0.184,0.547,0.345,-0.004,0.59,-0.158,0.485,0.755,0.514,0.033,-0.13,0.438,0.094,0.177,-0.086,0.126,0.441,0.765,0.21,0.106,-0.012,-0.008,0.015,0.531,0.378,0.452,0.733,-0.155,0.358,0.22,0.466,-0.077,0.266,0.489,0.516,0.269,0.122,0.119,0.246,0.433,0.29,0.157,0.19,-0.047,0.263,0.618,0.292,-0.081,0.346,-0.276,0.04,0.085,0.312,0.172,0.058,0.775,-0.387,0.251,0.248
BILI,0.968,0.905,0.944,0.845,0.699,0.867,0.694,0.903,-0.816,-0.057,0.881,-0.654,-0.309,0.869,0.106,0.677,0.912,0.585,0.139,0.898,0.925,0.767,0.822,0.885,-0.676,0.9,0.515,0.387,0.0,0.926,0.934,0.911,0.731,0.825,0.975,-0.291,0.699,0.547,0.83,-0.264,-0.256,0.026,0.374,0.838,-0.542,0.392,0.92,0.373,0.595,0.422,0.641,-0.058,-0.292,0.937,0.865,0.084,0.366,0.368,-0.157,0.29,0.546,0.908,0.69,0.833,0.854,0.118,0.891,-0.595,-0.744,-0.357,-0.582,0.87,0.82,0.205,0.759,0.863,0.978,-0.511,0.914,-0.38,-0.797,-0.672,-0.555,-0.848,-0.216,0.767,0.758,0.691,0.706,-0.65,0.926,0.886,0.847,0.363,0.751,0.319,0.346,0.24,0.875,-0.517,0.946,0.716,0.676,0.796,-0.756,0.25,0.776,0.871,0.845,-0.675,0.726,-0.526,-0.521,0.399,0.404,-0.238,-0.545,0.701,0.788,-0.83,-0.857,0.716,0.861,0.935,0.576,0.806,0.642,0.862,-0.124,0.76,0.925,0.917,0.903,0.674,0.71,0.776,0.703,0.842,-0.288,-0.015,0.721,0.82,-0.27,0.916,-0.737,0.727,0.333,0.551,0.416,-0.425,0.89,-0.738,0.908,0.666,0.776,0.826,0.908,0.691,0.538,0.651,0.75,0.796,-0.518,-0.685,0.535,0.792,0.182,0.6,-0.82,0.852,0.877,0.88,-0.123,-0.45,0.945,0.719,0.391,0.765,-0.148,0.862,0.836,0.962,0.89,0.791,0.804,0.671,0.783,0.895,0.83,0.915,0.52,0.274,0.102,-0.343,0.558,0.826,-0.066,-0.653,0.841,0.885
BJRI,0.94,0.887,0.908,0.772,0.575,0.865,0.558,0.811,-0.843,-0.134,0.862,-0.697,-0.413,0.878,0.122,0.622,0.907,0.459,0.098,0.802,0.858,0.691,0.788,0.918,-0.703,0.826,0.578,0.356,0.926,0.0,0.887,0.881,0.76,0.765,0.924,-0.317,0.747,0.552,0.776,-0.216,-0.346,0.07,0.416,0.801,-0.591,0.32,0.872,0.286,0.522,0.484,0.648,0.099,-0.234,0.897,0.808,0.035,0.293,0.238,-0.159,0.278,0.526,0.836,0.631,0.784,0.85,0.022,0.891,-0.659,-0.752,-0.437,-0.631,0.886,0.853,0.043,0.683,0.844,0.942,-0.541,0.846,-0.46,-0.808,-0.688,-0.578,-0.843,-0.31,0.724,0.721,0.596,0.661,-0.641,0.908,0.849,0.788,0.263,0.771,0.219,0.209,0.261,0.841,-0.542,0.928,0.63,0.6,0.766,-0.747,0.327,0.716,0.814,0.815,-0.707,0.688,-0.46,-0.575,0.353,0.319,-0.225,-0.576,0.708,0.713,-0.831,-0.864,0.6,0.871,0.928,0.604,0.735,0.644,0.793,-0.197,0.738,0.842,0.892,0.897,0.665,0.765,0.767,0.577,0.762,-0.314,-0.082,0.701,0.741,-0.318,0.905,-0.735,0.629,0.354,0.528,0.393,-0.458,0.864,-0.758,0.895,0.589,0.69,0.791,0.842,0.682,0.464,0.512,0.734,0.835,-0.617,-0.729,0.483,0.753,0.025,0.567,-0.806,0.839,0.827,0.863,-0.186,-0.517,0.845,0.646,0.336,0.719,-0.254,0.841,0.865,0.917,0.893,0.79,0.792,0.56,0.746,0.831,0.829,0.85,0.464,0.156,0.197,-0.433,0.57,0.779,-0.1,-0.698,0.806,0.829
BLUE,0.953,0.916,0.909,0.86,0.805,0.863,0.736,0.934,-0.779,-0.128,0.888,-0.741,-0.375,0.921,0.191,0.566,0.927,0.601,0.176,0.905,0.971,0.802,0.856,0.88,-0.754,0.934,0.529,0.254,0.934,0.887,0.0,0.886,0.69,0.848,0.928,-0.363,0.659,0.536,0.811,-0.394,-0.307,-0.115,0.332,0.807,-0.548,0.254,0.924,0.301,0.657,0.323,0.64,-0.263,-0.368,0.89,0.917,0.012,0.29,0.418,-0.264,0.282,0.506,0.92,0.639,0.819,0.93,0.162,0.908,-0.656,-0.762,-0.329,-0.707,0.846,0.826,0.231,0.824,0.87,0.95,-0.677,0.891,-0.462,-0.807,-0.658,-0.613,-0.822,-0.19,0.606,0.681,0.734,0.567,-0.763,0.837,0.883,0.938,0.465,0.739,0.144,0.28,0.114,0.902,-0.572,0.931,0.738,0.602,0.792,-0.805,0.33,0.762,0.865,0.87,-0.595,0.726,-0.63,-0.561,0.526,0.436,-0.344,-0.533,0.611,0.843,-0.855,-0.871,0.72,0.742,0.932,0.521,0.815,0.583,0.933,-0.294,0.718,0.942,0.924,0.922,0.68,0.659,0.729,0.743,0.837,-0.463,0.02,0.653,0.827,-0.317,0.891,-0.793,0.752,0.301,0.527,0.253,-0.437,0.893,-0.781,0.886,0.643,0.827,0.882,0.955,0.63,0.514,0.546,0.792,0.835,-0.55,-0.731,0.518,0.728,0.172,0.456,-0.888,0.772,0.917,0.88,-0.188,-0.486,0.839,0.743,0.464,0.825,-0.184,0.888,0.786,0.956,0.874,0.814,0.786,0.731,0.696,0.861,0.848,0.881,0.521,0.309,-0.043,-0.306,0.505,0.891,-0.199,-0.594,0.736,0.954
