,AAL,AAON,ACB,ACGL,ACGLO,ACIW,ADBE,ADSK,AEP,AGIO,ALEC,ALNY,ALTR,AMBA,AMCX,AMKR,AMRX,ANSS,APPN,APTO,ARCT,ARWR,ASND,ASTH,ATSG,AVTX,BCPC,BEAM,BILI,BJRI,BLUE,BPOP,BRKL,BWIN,BZUN,CARG,CBRL,CBSH,CBUS,CENTA,CERS,CFFN,CHCO,CHEF,CHRD,CINF,CLLS,CMCO,CMCSA,COLL,COMM,COOP,CPB,CRON,CROX,CRUS,CRWD,CTAS,CYBR,CYTK,DGII,DIOD,DOMO,DPZ,DSGR,DXCM,ERIE,ESTA,EXEL,FAST,FCEL,FCFS,FHB,FITBI,FSV,FTDR,FUTU,GLDD,GLPG,GLPI,GOGO,GOSS,GSAT,GYRE,HALO,HAS,HLIT,HLNE,HSDT,HSIC,HTHT,ICHR,IDYA,IMVT,INDB,INSM,IONS,IOSP,ITRI,JBHT,JBLU,JSM,KLIC,KOD,KURA,LAB,LASR,LIN,LKQ,LNT,MBUU,MCRI,MDGL,MEDP,MGNI,MGPI,MGRC,MKTX,MRNA,MRTN,MSEX,MSFT,MU,NAVI,NBTB,NEO,NEOG,NGNE,NSSC,NTAP,NTES,NTLA,NTRS,NYMTN,OBLG,OCFC,ON,ONC,OPI,OSIS,OSW,PALI,PANW,PCAR,PCRX,PCTY,PEBO,PLAB,PLAY,PLMR,PLSE,PLUS,PRTA,PSEC,PSNL,PTCT,PTON,QNST,QRVO,QTTB,RARE,RBCAA,RGNX,SAIC,SGMO,SINT,SNPS,SPSC,SPTN,SSYS,STNE,TBBK,TCPC,TENB,TGTX,TREE,TRUP,TTWO,TW,TXG,UBSI,UCTT,UFPT,UMBF,UPBD,URBN,VBTX,VCTR,VEON,VNET,VRSK,VSEC,WABC,WTFCM,WVE,WW,WWD,XEL,ZD,ZYME
AAL,0.0,0.834,0.797,0.895,0.644,0.661,0.522,0.791,0.778,0.852,0.464,0.64,0.593,0.863,0.624,0.661,0.757,0.793,0.894,0.663,0.794,0.521,0.305,0.319,0.528,0.58,0.614,0.88,0.224,0.923,0.829,0.944,0.496,0.806,0.521,0.545,0.857,0.852,0.843,0.368,0.756,0.692,-0.146,0.922,0.745,0.94,0.826,0.736,0.649,0.722,0.808,0.821,-0.18,0.789,0.944,0.339,0.824,0.736,0.343,0.743,0.689,0.632,0.841,0.539,0.595,0.927,0.776,0.82,0.632,0.371,0.838,0.696,0.775,0.848,0.704,0.737,0.584,0.879,0.781,0.905,0.55,0.728,0.329,0.393,0.707,0.808,-0.346,0.915,0.815,0.849,0.364,0.715,-0.401,0.198,0.266,0.77,0.787,0.316,0.91,0.743,0.954,0.447,0.67,0.678,0.481,0.686,0.652,0.933,0.56,0.777,0.472,0.879,0.259,0.549,0.866,0.875,0.594,0.795,0.756,-0.34,0.771,0.574,0.532,0.509,0.169,0.843,0.493,0.796,0.549,0.705,0.64,0.841,0.903,0.725,0.67,0.557,0.885,0.712,0.812,0.68,0.579,0.702,0.801,0.739,0.605,0.778,0.508,0.746,0.531,0.538,-0.361,0.62,-0.401,0.849,0.809,0.878,0.784,0.635,0.672,0.514,0.762,0.435,0.568,0.893,0.774,0.706,0.593,0.285,0.637,0.669,0.112,0.718,0.714,0.872,0.748,0.923,0.744,0.92,0.635,0.784,0.266,0.715,0.859,0.751,0.801,0.697,0.657,0.924,0.668,-0.156,0.804,0.715,0.331,0.398,-0.385,0.872,0.845,0.794,0.785,-0.285
AAON,0.834,0.0,0.857,0.824,0.774,0.818,0.573,0.773,0.735,0.69,0.601,0.579,0.645,0.816,0.784,0.764,0.74,0.784,0.814,0.745,0.779,0.677,0.054,0.436,0.656,0.564,0.667,0.842,0.453,0.809,0.752,0.852,0.492,0.77,0.704,0.637,0.857,0.748,0.755,0.591,0.824,0.697,-0.182,0.827,0.762,0.86,0.816,0.809,0.776,0.777,0.78,0.725,0.019,0.726,0.852,0.345,0.8,0.679,0.18,0.786,0.557,0.717,0.743,0.651,0.721,0.745,0.506,0.784,0.747,0.508,0.827,0.562,0.728,0.722,0.691,0.764,0.747,0.852,0.832,0.809,0.718,0.766,0.43,0.345,0.662,0.822,-0.358,0.832,0.779,0.85,0.532,0.794,-0.416,0.322,0.333,0.849,0.638,0.533,0.84,0.867,0.889,0.355,0.696,0.816,0.537,0.748,0.706,0.87,0.703,0.762,0.663,0.918,0.507,0.414,0.876,0.714,0.594,0.752,0.76,-0.155,0.761,0.664,0.659,0.685,0.21,0.79,0.655,0.82,0.304,0.764,0.75,0.761,0.83,0.797,0.706,0.497,0.876,0.783,0.767,0.822,0.421,0.689,0.848,0.814,0.433,0.576,0.698,0.811,0.63,0.298,-0.478,0.731,-0.392,0.851,0.714,0.764,0.855,0.833,0.738,0.634,0.811,0.658,0.727,0.89,0.779,0.629,0.711,0.225,0.552,0.776,0.189,0.819,0.757,0.811,0.879,0.826,0.759,0.851,0.72,0.756,0.331,0.761,0.83,0.781,0.829,0.459,0.777,0.842,0.749,-0.143,0.806,0.834,0.505,0.565,-0.501,0.834,0.838,0.756,0.818,0.091
ACB,0.797,0.857,0.0,0.859,0.867,0.942,0.786,0.889,0.811,0.769,0.739,0.554,0.819,0.861,0.903,0.864,0.795,0.884,0.746,0.899,0.773,0.838,-0.112,0.511,0.819,0.738,0.8,0.892,0.628,0.74,0.846,0.813,0.325,0.899,0.85,0.821,0.83,0.597,0.813,0.6,0.941,0.626,-0.473,0.751,0.79,0.92,0.945,0.924,0.876,0.853,0.85,0.629,-0.005,0.749,0.776,0.084,0.885,0.734,-0.057,0.844,0.477,0.828,0.859,0.823,0.875,0.748,0.412,0.895,0.879,0.621,0.864,0.33,0.517,0.702,0.848,0.868,0.9,0.907,0.928,0.827,0.807,0.891,0.564,0.405,0.704,0.908,-0.539,0.819,0.891,0.944,0.484,0.924,-0.572,0.419,0.024,0.927,0.562,0.418,0.908,0.931,0.88,0.481,0.777,0.901,0.786,0.841,0.849,0.881,0.818,0.789,0.827,0.938,0.672,0.283,0.957,0.822,0.361,0.917,0.898,-0.363,0.861,0.833,0.847,0.716,-0.126,0.912,0.83,0.935,0.184,0.929,0.897,0.687,0.888,0.775,0.885,0.225,0.807,0.914,0.808,0.86,0.247,0.869,0.947,0.821,0.315,0.493,0.561,0.927,0.755,0.141,-0.498,0.86,-0.418,0.894,0.743,0.781,0.85,0.883,0.83,0.81,0.912,0.629,0.891,0.872,0.913,0.676,0.841,0.089,0.482,0.914,-0.07,0.745,0.888,0.881,0.907,0.894,0.812,0.893,0.897,0.838,0.015,0.902,0.867,0.61,0.942,0.367,0.702,0.863,0.876,-0.377,0.89,0.87,0.382,0.679,-0.684,0.936,0.934,0.806,0.888,0.019
ACGL,0.895,0.824,0.859,0.0,0.789,0.761,0.541,0.781,0.688,0.781,0.6,0.609,0.575,0.772,0.692,0.655,0.703,0.728,0.816,0.75,0.822,0.625,0.189,0.275,0.602,0.613,0.594,0.849,0.321,0.841,0.812,0.875,0.293,0.771,0.587,0.556,0.759,0.672,0.84,0.308,0.779,0.537,-0.229,0.823,0.882,0.925,0.827,0.751,0.7,0.801,0.748,0.753,-0.189,0.752,0.852,0.135,0.793,0.636,0.211,0.764,0.629,0.644,0.829,0.557,0.67,0.818,0.645,0.807,0.666,0.349,0.797,0.502,0.611,0.802,0.684,0.716,0.637,0.852,0.797,0.808,0.627,0.748,0.412,0.517,0.753,0.766,-0.299,0.804,0.793,0.829,0.381,0.742,-0.357,0.433,0.118,0.821,0.741,0.268,0.857,0.806,0.88,0.398,0.575,0.722,0.57,0.683,0.638,0.888,0.583,0.681,0.605,0.893,0.455,0.403,0.87,0.809,0.49,0.796,0.735,-0.193,0.77,0.577,0.575,0.582,0.016,0.793,0.551,0.808,0.365,0.737,0.668,0.792,0.825,0.7,0.683,0.404,0.78,0.727,0.747,0.747,0.493,0.743,0.8,0.728,0.484,0.689,0.434,0.801,0.577,0.419,-0.46,0.639,-0.233,0.808,0.788,0.853,0.761,0.736,0.625,0.564,0.763,0.417,0.678,0.849,0.782,0.692,0.618,0.271,0.426,0.701,0.054,0.636,0.717,0.809,0.808,0.837,0.654,0.903,0.672,0.737,0.16,0.727,0.81,0.621,0.79,0.393,0.672,0.826,0.725,-0.13,0.768,0.747,0.136,0.52,-0.485,0.853,0.81,0.699,0.759,-0.079
ACGLO,0.644,0.774,0.867,0.789,0.0,0.875,0.643,0.713,0.687,0.567,0.717,0.361,0.633,0.694,0.841,0.78,0.641,0.689,0.637,0.84,0.658,0.765,-0.168,0.443,0.772,0.671,0.623,0.78,0.638,0.662,0.741,0.701,0.264,0.753,0.809,0.708,0.74,0.461,0.761,0.498,0.821,0.533,-0.487,0.678,0.796,0.782,0.839,0.806,0.849,0.837,0.77,0.552,0.138,0.553,0.599,0.087,0.673,0.534,-0.149,0.763,0.321,0.67,0.675,0.739,0.82,0.545,0.283,0.779,0.797,0.502,0.793,0.23,0.404,0.574,0.638,0.708,0.819,0.821,0.856,0.684,0.771,0.78,0.662,0.473,0.602,0.793,-0.48,0.673,0.797,0.807,0.333,0.826,-0.543,0.548,0.027,0.831,0.448,0.361,0.776,0.83,0.76,0.382,0.639,0.842,0.654,0.741,0.727,0.748,0.692,0.676,0.816,0.825,0.638,0.086,0.824,0.654,0.262,0.791,0.785,-0.201,0.817,0.687,0.725,0.732,-0.127,0.748,0.743,0.828,0.089,0.818,0.801,0.554,0.718,0.758,0.812,0.209,0.667,0.803,0.739,0.871,0.19,0.787,0.798,0.698,0.152,0.33,0.467,0.825,0.764,0.083,-0.62,0.768,-0.371,0.808,0.653,0.649,0.756,0.863,0.66,0.745,0.829,0.598,0.825,0.764,0.762,0.667,0.706,-0.064,0.268,0.811,-0.026,0.657,0.828,0.683,0.814,0.703,0.608,0.771,0.809,0.596,0.014,0.748,0.754,0.548,0.81,0.135,0.733,0.731,0.782,-0.228,0.759,0.817,0.285,0.772,-0.682,0.805,0.795,0.692,0.729,0.19
ACIW,0.661,0.818,0.942,0.761,0.875,0.0,0.815,0.845,0.788,0.642,0.708,0.402,0.832,0.806,0.936,0.893,0.689,0.853,0.665,0.912,0.684,0.858,-0.231,0.629,0.848,0.706,0.807,0.779,0.712,0.616,0.784,0.733,0.353,0.855,0.902,0.838,0.786,0.526,0.739,0.724,0.912,0.635,-0.509,0.696,0.77,0.839,0.889,0.924,0.902,0.833,0.798,0.557,0.15,0.652,0.67,0.155,0.842,0.679,-0.15,0.812,0.405,0.834,0.757,0.867,0.902,0.607,0.279,0.866,0.891,0.672,0.834,0.295,0.462,0.582,0.796,0.863,0.931,0.837,0.936,0.738,0.835,0.806,0.588,0.41,0.611,0.894,-0.598,0.768,0.845,0.906,0.434,0.935,-0.555,0.483,0.051,0.888,0.457,0.582,0.832,0.908,0.803,0.402,0.779,0.919,0.751,0.822,0.846,0.823,0.837,0.774,0.844,0.891,0.703,0.233,0.909,0.73,0.364,0.88,0.846,-0.303,0.82,0.865,0.868,0.719,-0.104,0.84,0.87,0.898,0.035,0.931,0.91,0.561,0.818,0.792,0.871,0.173,0.733,0.91,0.792,0.9,0.151,0.841,0.93,0.827,0.239,0.373,0.612,0.942,0.776,-0.021,-0.521,0.875,-0.448,0.86,0.631,0.606,0.833,0.883,0.824,0.826,0.901,0.68,0.894,0.852,0.835,0.655,0.864,-0.032,0.469,0.924,-0.01,0.771,0.889,0.84,0.859,0.807,0.768,0.82,0.918,0.781,0.019,0.892,0.837,0.595,0.912,0.266,0.72,0.801,0.887,-0.384,0.86,0.879,0.472,0.731,-0.673,0.895,0.9,0.78,0.891,0.104
ADBE,0.522,0.573,0.786,0.541,0.643,0.815,0.0,0.884,0.835,0.532,0.772,0.337,0.964,0.728,0.832,0.876,0.639,0.897,0.37,0.873,0.412,0.906,-0.499,0.673,0.922,0.852,0.969,0.635,0.804,0.35,0.761,0.503,0.172,0.882,0.871,0.961,0.619,0.35,0.511,0.784,0.855,0.5,-0.733,0.502,0.497,0.708,0.839,0.908,0.79,0.603,0.795,0.207,0.293,0.42,0.514,-0.088,0.74,0.853,-0.409,0.576,0.158,0.894,0.711,0.916,0.886,0.51,0.338,0.873,0.911,0.885,0.597,0.115,0.224,0.363,0.816,0.93,0.88,0.699,0.824,0.695,0.771,0.831,0.606,0.258,0.268,0.854,-0.742,0.659,0.811,0.833,0.067,0.886,-0.715,0.39,-0.313,0.834,0.149,0.455,0.763,0.746,0.665,0.491,0.876,0.833,0.873,0.879,0.935,0.703,0.927,0.801,0.817,0.75,0.555,0.224,0.787,0.692,0.17,0.793,0.815,-0.684,0.682,0.971,0.934,0.661,-0.441,0.811,0.901,0.84,0.014,0.932,0.885,0.255,0.78,0.624,0.876,-0.208,0.591,0.895,0.734,0.657,-0.204,0.766,0.881,0.812,0.187,0.233,0.567,0.814,0.805,0.039,-0.446,0.912,-0.476,0.767,0.29,0.532,0.518,0.686,0.901,0.923,0.836,0.605,0.875,0.708,0.815,0.48,0.941,-0.189,0.618,0.932,-0.355,0.637,0.875,0.763,0.62,0.777,0.839,0.598,0.921,0.738,-0.395,0.878,0.808,0.348,0.869,0.36,0.344,0.688,0.764,-0.765,0.877,0.761,0.497,0.715,-0.739,0.748,0.843,0.804,0.877,-0.224
ADSK,0.791,0.773,0.889,0.781,0.713,0.845,0.884,0.0,0.851,0.784,0.687,0.555,0.908,0.888,0.779,0.831,0.729,0.966,0.671,0.835,0.732,0.808,-0.101,0.672,0.8,0.746,0.918,0.837,0.56,0.647,0.882,0.77,0.238,0.939,0.762,0.842,0.75,0.622,0.719,0.633,0.921,0.584,-0.483,0.713,0.703,0.886,0.901,0.907,0.744,0.746,0.836,0.558,-0.008,0.729,0.799,0.064,0.928,0.871,-0.01,0.761,0.511,0.894,0.925,0.794,0.798,0.812,0.588,0.952,0.841,0.698,0.787,0.371,0.501,0.662,0.928,0.934,0.827,0.815,0.864,0.806,0.678,0.866,0.464,0.35,0.592,0.915,-0.606,0.822,0.846,0.916,0.292,0.899,-0.537,0.368,-0.118,0.868,0.531,0.408,0.923,0.886,0.84,0.595,0.857,0.818,0.806,0.834,0.893,0.898,0.828,0.811,0.717,0.899,0.492,0.474,0.934,0.861,0.459,0.909,0.875,-0.491,0.755,0.892,0.836,0.6,-0.242,0.899,0.777,0.878,0.259,0.913,0.833,0.62,0.906,0.664,0.842,0.094,0.793,0.867,0.775,0.715,0.165,0.845,0.961,0.86,0.523,0.619,0.556,0.889,0.678,0.312,-0.334,0.84,-0.381,0.844,0.59,0.762,0.698,0.693,0.863,0.793,0.84,0.502,0.815,0.867,0.91,0.573,0.891,0.142,0.653,0.902,-0.073,0.717,0.849,0.934,0.799,0.926,0.909,0.831,0.855,0.92,-0.139,0.916,0.897,0.517,0.937,0.534,0.474,0.841,0.781,-0.539,0.908,0.765,0.443,0.591,-0.574,0.887,0.911,0.83,0.916,-0.297
AEP,0.778,0.735,0.811,0.688,0.687,0.788,0.835,0.851,0.0,0.692,0.632,0.39,0.838,0.845,0.83,0.902,0.795,0.907,0.654,0.867,0.541,0.753,-0.192,0.609,0.825,0.798,0.856,0.777,0.636,0.68,0.849,0.788,0.544,0.916,0.822,0.854,0.873,0.703,0.715,0.74,0.854,0.801,-0.572,0.822,0.565,0.876,0.928,0.913,0.871,0.757,0.945,0.529,0.27,0.494,0.687,0.297,0.762,0.842,-0.177,0.735,0.289,0.757,0.715,0.845,0.857,0.699,0.587,0.922,0.892,0.732,0.81,0.521,0.571,0.55,0.718,0.876,0.838,0.906,0.91,0.922,0.757,0.858,0.564,0.337,0.43,0.957,-0.777,0.908,0.941,0.929,0.099,0.881,-0.752,0.295,0.057,0.859,0.419,0.529,0.909,0.731,0.891,0.475,0.888,0.872,0.681,0.899,0.871,0.869,0.806,0.986,0.692,0.818,0.42,0.28,0.847,0.846,0.408,0.865,0.882,-0.674,0.89,0.845,0.79,0.631,-0.07,0.916,0.794,0.92,0.262,0.909,0.878,0.516,0.93,0.871,0.897,0.265,0.783,0.892,0.957,0.78,0.155,0.82,0.888,0.818,0.305,0.381,0.622,0.831,0.799,0.189,-0.574,0.846,-0.734,0.942,0.569,0.675,0.755,0.726,0.854,0.817,0.91,0.671,0.756,0.884,0.821,0.786,0.804,-0.229,0.703,0.868,-0.196,0.777,0.943,0.843,0.674,0.899,0.8,0.799,0.896,0.71,-0.044,0.825,0.928,0.708,0.904,0.591,0.625,0.922,0.825,-0.465,0.949,0.825,0.598,0.633,-0.642,0.89,0.943,0.996,0.916,-0.281
AGIO,0.852,0.69,0.769,0.781,0.567,0.642,0.532,0.784,0.692,0.0,0.381,0.61,0.581,0.819,0.552,0.609,0.674,0.77,0.792,0.608,0.81,0.474,0.316,0.379,0.461,0.468,0.58,0.8,0.173,0.789,0.828,0.862,0.411,0.717,0.491,0.534,0.737,0.748,0.788,0.281,0.677,0.599,-0.182,0.751,0.695,0.855,0.773,0.674,0.552,0.737,0.734,0.747,-0.228,0.795,0.811,0.255,0.844,0.622,0.317,0.824,0.66,0.612,0.834,0.498,0.554,0.875,0.637,0.772,0.576,0.325,0.772,0.499,0.665,0.775,0.731,0.665,0.604,0.759,0.718,0.75,0.428,0.675,0.235,0.317,0.714,0.758,-0.419,0.807,0.712,0.769,0.387,0.676,-0.308,0.238,0.159,0.67,0.765,0.223,0.843,0.719,0.808,0.542,0.664,0.637,0.535,0.601,0.595,0.83,0.51,0.662,0.407,0.765,0.319,0.513,0.806,0.825,0.537,0.829,0.772,-0.292,0.7,0.561,0.544,0.335,0.075,0.786,0.436,0.721,0.433,0.676,0.613,0.814,0.824,0.591,0.659,0.443,0.796,0.642,0.684,0.614,0.484,0.711,0.767,0.617,0.617,0.729,0.415,0.692,0.4,0.405,-0.196,0.547,-0.334,0.736,0.775,0.757,0.747,0.54,0.619,0.471,0.68,0.336,0.542,0.784,0.795,0.591,0.551,0.263,0.491,0.632,0.1,0.652,0.644,0.854,0.729,0.838,0.66,0.859,0.598,0.799,0.171,0.721,0.756,0.627,0.766,0.595,0.591,0.821,0.657,-0.166,0.692,0.579,0.291,0.34,-0.288,0.834,0.771,0.687,0.71,-0.222
ALEC,0.464,0.601,0.739,0.6,0.717,0.708,0.772,0.687,0.632,0.381,0.0,0.405,0.734,0.523,0.801,0.751,0.662,0.674,0.272,0.813,0.382,0.932,-0.556,0.341,0.875,0.852,0.763,0.667,0.827,0.309,0.689,0.377,-0.02,0.752,0.814,0.839,0.533,0.18,0.409,0.587,0.782,0.304,-0.677,0.406,0.526,0.623,0.736,0.793,0.775,0.567,0.699,0.077,0.309,0.302,0.438,-0.289,0.485,0.699,-0.503,0.465,-0.003,0.769,0.569,0.814,0.829,0.371,0.282,0.706,0.856,0.774,0.441,-0.039,0.109,0.227,0.574,0.751,0.774,0.631,0.708,0.574,0.781,0.842,0.708,0.39,0.217,0.661,-0.437,0.458,0.718,0.695,0.077,0.759,-0.716,0.531,-0.343,0.867,0.047,0.23,0.6,0.714,0.579,0.385,0.658,0.803,0.857,0.826,0.825,0.55,0.846,0.625,0.903,0.712,0.623,0.039,0.69,0.494,-0.001,0.59,0.713,-0.503,0.625,0.786,0.819,0.867,-0.454,0.71,0.836,0.767,0.039,0.797,0.759,0.198,0.637,0.544,0.757,-0.229,0.505,0.817,0.598,0.606,-0.269,0.582,0.719,0.716,-0.06,0.076,0.517,0.67,0.847,0.155,-0.622,0.854,-0.229,0.662,0.272,0.645,0.4,0.795,0.77,0.877,0.784,0.637,0.911,0.573,0.785,0.381,0.816,-0.099,0.39,0.817,-0.416,0.527,0.764,0.5,0.646,0.604,0.691,0.474,0.79,0.556,-0.364,0.731,0.653,0.287,0.751,0.047,0.348,0.519,0.663,-0.666,0.763,0.758,0.25,0.814,-0.858,0.574,0.71,0.615,0.692,0.075
ALNY,0.64,0.579,0.554,0.609,0.361,0.402,0.337,0.555,0.39,0.61,0.405,0.0,0.434,0.695,0.408,0.455,0.563,0.578,0.597,0.328,0.565,0.433,0.27,0.087,0.292,0.325,0.395,0.612,0.072,0.556,0.506,0.575,0.269,0.526,0.259,0.363,0.544,0.566,0.394,0.274,0.489,0.432,0.177,0.474,0.436,0.557,0.487,0.503,0.369,0.279,0.459,0.437,-0.225,0.655,0.743,0.144,0.589,0.595,0.35,0.566,0.507,0.597,0.582,0.321,0.319,0.675,0.523,0.463,0.426,0.35,0.338,0.451,0.594,0.547,0.542,0.515,0.34,0.476,0.384,0.543,0.412,0.507,0.018,0.275,0.483,0.424,0.097,0.511,0.417,0.553,0.339,0.527,-0.254,0.218,0.272,0.563,0.517,0.231,0.568,0.536,0.585,0.234,0.469,0.482,0.311,0.413,0.481,0.573,0.468,0.422,0.291,0.582,0.082,0.615,0.583,0.498,0.426,0.442,0.499,-0.178,0.316,0.422,0.415,0.52,0.177,0.525,0.404,0.453,0.676,0.411,0.329,0.624,0.623,0.353,0.342,0.322,0.743,0.476,0.393,0.238,0.309,0.258,0.544,0.569,0.589,0.624,0.508,0.502,0.219,0.292,-0.1,0.464,0.063,0.456,0.433,0.717,0.418,0.448,0.545,0.365,0.491,0.279,0.471,0.549,0.572,0.34,0.492,0.637,0.513,0.44,0.197,0.569,0.373,0.549,0.612,0.593,0.639,0.504,0.367,0.635,0.284,0.612,0.506,0.471,0.48,0.434,0.318,0.507,0.231,-0.241,0.522,0.518,0.284,0.202,-0.293,0.467,0.472,0.409,0.55,0.034
ALTR,0.593,0.645,0.819,0.575,0.633,0.832,0.964,0.908,0.838,0.581,0.734,0.434,0.0,0.806,0.835,0.881,0.681,0.935,0.48,0.844,0.493,0.888,-0.389,0.701,0.875,0.814,0.958,0.707,0.74,0.428,0.772,0.575,0.245,0.92,0.845,0.94,0.677,0.439,0.537,0.799,0.89,0.559,-0.631,0.559,0.505,0.746,0.843,0.922,0.783,0.595,0.79,0.295,0.205,0.536,0.617,0.012,0.807,0.884,-0.272,0.625,0.275,0.922,0.767,0.905,0.86,0.601,0.383,0.886,0.9,0.867,0.641,0.214,0.329,0.448,0.879,0.956,0.865,0.726,0.83,0.736,0.758,0.826,0.521,0.266,0.359,0.867,-0.686,0.713,0.814,0.871,0.17,0.907,-0.691,0.338,-0.202,0.843,0.233,0.5,0.8,0.791,0.718,0.505,0.896,0.84,0.84,0.86,0.951,0.75,0.922,0.81,0.79,0.788,0.518,0.344,0.833,0.736,0.239,0.813,0.835,-0.642,0.68,0.971,0.928,0.684,-0.344,0.847,0.905,0.849,0.133,0.927,0.868,0.362,0.828,0.646,0.855,-0.101,0.676,0.909,0.74,0.649,-0.111,0.762,0.913,0.835,0.287,0.334,0.607,0.862,0.76,0.061,-0.39,0.921,-0.459,0.793,0.369,0.586,0.586,0.703,0.923,0.891,0.851,0.609,0.867,0.755,0.845,0.51,0.957,-0.051,0.69,0.934,-0.236,0.701,0.87,0.826,0.691,0.831,0.907,0.654,0.91,0.819,-0.277,0.909,0.832,0.42,0.894,0.448,0.38,0.735,0.756,-0.734,0.901,0.782,0.571,0.661,-0.699,0.783,0.87,0.814,0.902,-0.23
AMBA,0.863,0.816,0.861,0.772,0.694,0.806,0.728,0.888,0.845,0.819,0.523,0.695,0.806,0.0,0.762,0.848,0.754,0.929,0.844,0.734,0.726,0.679,0.112,0.587,0.663,0.62,0.768,0.843,0.409,0.791,0.832,0.885,0.556,0.897,0.677,0.738,0.893,0.815,0.775,0.64,0.845,0.801,-0.231,0.842,0.68,0.89,0.879,0.873,0.75,0.695,0.853,0.709,0.018,0.791,0.887,0.391,0.917,0.83,0.183,0.837,0.593,0.838,0.832,0.73,0.724,0.857,0.61,0.887,0.782,0.609,0.821,0.61,0.744,0.743,0.85,0.867,0.755,0.857,0.845,0.874,0.685,0.765,0.337,0.362,0.632,0.893,-0.486,0.915,0.837,0.928,0.339,0.895,-0.534,0.303,0.255,0.817,0.649,0.548,0.93,0.815,0.914,0.455,0.861,0.818,0.577,0.769,0.832,0.924,0.747,0.845,0.571,0.878,0.32,0.585,0.918,0.863,0.582,0.878,0.846,-0.434,0.759,0.789,0.743,0.626,0.113,0.885,0.722,0.845,0.515,0.833,0.764,0.741,0.95,0.773,0.783,0.41,0.941,0.841,0.843,0.709,0.354,0.738,0.915,0.833,0.604,0.669,0.66,0.89,0.592,0.236,-0.33,0.793,-0.471,0.878,0.681,0.747,0.796,0.702,0.84,0.69,0.855,0.554,0.718,0.918,0.824,0.722,0.8,0.225,0.722,0.825,0.132,0.862,0.828,0.936,0.8,0.933,0.888,0.865,0.797,0.866,0.198,0.906,0.907,0.748,0.879,0.656,0.65,0.913,0.71,-0.375,0.884,0.828,0.596,0.494,-0.491,0.897,0.898,0.852,0.906,-0.17
AMCX,0.624,0.784,0.903,0.692,0.841,0.936,0.832,0.779,0.83,0.552,0.801,0.408,0.835,0.762,0.0,0.954,0.766,0.834,0.566,0.944,0.507,0.917,-0.421,0.518,0.926,0.828,0.82,0.751,0.837,0.542,0.746,0.651,0.428,0.849,0.96,0.907,0.805,0.473,0.626,0.803,0.896,0.677,-0.598,0.674,0.658,0.792,0.893,0.943,0.978,0.756,0.86,0.397,0.348,0.473,0.593,0.13,0.716,0.739,-0.346,0.715,0.183,0.847,0.637,0.935,0.961,0.498,0.279,0.828,0.958,0.807,0.743,0.269,0.428,0.45,0.682,0.865,0.95,0.848,0.927,0.786,0.949,0.858,0.703,0.399,0.423,0.877,-0.62,0.75,0.885,0.894,0.318,0.944,-0.758,0.459,0.048,0.937,0.27,0.582,0.785,0.84,0.798,0.326,0.821,0.97,0.755,0.898,0.887,0.757,0.916,0.84,0.907,0.86,0.651,0.112,0.858,0.663,0.244,0.794,0.845,-0.456,0.829,0.889,0.917,0.84,-0.113,0.844,0.934,0.924,0.066,0.94,0.946,0.421,0.817,0.843,0.892,0.118,0.731,0.952,0.84,0.87,0.017,0.764,0.888,0.853,0.044,0.19,0.708,0.89,0.904,-0.078,-0.681,0.944,-0.545,0.879,0.508,0.606,0.757,0.936,0.892,0.923,0.955,0.821,0.941,0.812,0.815,0.671,0.896,-0.162,0.537,0.945,-0.191,0.805,0.927,0.743,0.766,0.777,0.759,0.719,0.957,0.672,-0.021,0.888,0.831,0.622,0.892,0.248,0.723,0.778,0.845,-0.502,0.898,0.946,0.541,0.821,-0.829,0.833,0.899,0.83,0.901,0.162
AMKR,0.661,0.764,0.864,0.655,0.78,0.893,0.876,0.831,0.902,0.609,0.751,0.455,0.881,0.848,0.954,0.0,0.771,0.898,0.603,0.909,0.478,0.887,-0.368,0.62,0.915,0.824,0.866,0.752,0.798,0.561,0.798,0.694,0.516,0.898,0.931,0.932,0.861,0.584,0.628,0.852,0.886,0.774,-0.571,0.729,0.622,0.805,0.913,0.959,0.951,0.721,0.919,0.415,0.399,0.472,0.637,0.248,0.748,0.82,-0.304,0.741,0.193,0.892,0.65,0.938,0.943,0.555,0.4,0.882,0.961,0.852,0.746,0.378,0.523,0.448,0.717,0.904,0.942,0.853,0.922,0.829,0.914,0.858,0.644,0.377,0.37,0.927,-0.68,0.819,0.902,0.917,0.2,0.969,-0.804,0.464,0.087,0.914,0.284,0.633,0.833,0.809,0.829,0.367,0.922,0.968,0.724,0.92,0.941,0.797,0.929,0.913,0.828,0.847,0.498,0.235,0.868,0.73,0.334,0.822,0.873,-0.557,0.83,0.921,0.914,0.815,-0.073,0.875,0.929,0.926,0.197,0.948,0.939,0.429,0.881,0.873,0.916,0.165,0.808,0.96,0.897,0.831,-0.008,0.753,0.914,0.889,0.179,0.249,0.775,0.899,0.878,-0.013,-0.635,0.957,-0.633,0.906,0.472,0.609,0.73,0.869,0.937,0.927,0.963,0.82,0.901,0.85,0.828,0.7,0.921,-0.161,0.678,0.953,-0.158,0.874,0.957,0.792,0.724,0.821,0.823,0.72,0.96,0.705,-0.012,0.921,0.894,0.689,0.911,0.384,0.69,0.832,0.818,-0.563,0.937,0.943,0.668,0.788,-0.788,0.837,0.923,0.901,0.936,0.033
AMRX,0.757,0.74,0.795,0.703,0.641,0.689,0.639,0.729,0.795,0.674,0.662,0.563,0.681,0.754,0.766,0.771,0.0,0.782,0.648,0.754,0.566,0.698,-0.121,0.357,0.705,0.732,0.69,0.867,0.552,0.704,0.755,0.695,0.407,0.806,0.707,0.735,0.829,0.617,0.665,0.54,0.784,0.661,-0.419,0.714,0.472,0.8,0.832,0.775,0.787,0.693,0.834,0.454,0.041,0.505,0.688,0.108,0.651,0.744,-0.123,0.654,0.237,0.662,0.69,0.756,0.727,0.705,0.584,0.754,0.789,0.598,0.688,0.407,0.501,0.554,0.618,0.72,0.72,0.867,0.77,0.827,0.715,0.879,0.528,0.32,0.523,0.789,-0.491,0.781,0.86,0.84,0.368,0.762,-0.705,0.209,0.095,0.819,0.378,0.232,0.811,0.716,0.829,0.474,0.715,0.786,0.661,0.815,0.751,0.747,0.704,0.786,0.685,0.772,0.411,0.163,0.775,0.763,0.281,0.765,0.824,-0.546,0.805,0.691,0.703,0.668,-0.044,0.886,0.718,0.86,0.347,0.786,0.76,0.601,0.837,0.735,0.773,0.276,0.762,0.803,0.768,0.683,0.182,0.691,0.779,0.688,0.193,0.341,0.514,0.712,0.731,0.208,-0.545,0.742,-0.564,0.804,0.624,0.782,0.692,0.743,0.78,0.723,0.838,0.636,0.739,0.759,0.798,0.638,0.691,0.021,0.529,0.75,-0.272,0.681,0.764,0.701,0.68,0.812,0.751,0.724,0.779,0.639,0.012,0.739,0.753,0.65,0.798,0.435,0.556,0.797,0.667,-0.401,0.861,0.78,0.379,0.527,-0.713,0.784,0.836,0.799,0.761,-0.094
ANSS,0.793,0.784,0.884,0.728,0.689,0.853,0.897,0.966,0.907,0.77,0.674,0.578,0.935,0.929,0.834,0.898,0.782,0.0,0.682,0.84,0.661,0.824,-0.145,0.659,0.816,0.766,0.931,0.828,0.599,0.655,0.871,0.781,0.407,0.951,0.8,0.887,0.828,0.675,0.694,0.75,0.917,0.711,-0.469,0.743,0.625,0.882,0.918,0.942,0.808,0.712,0.885,0.535,0.112,0.692,0.798,0.18,0.908,0.918,-0.053,0.774,0.465,0.916,0.864,0.857,0.829,0.797,0.564,0.944,0.889,0.778,0.781,0.442,0.562,0.638,0.899,0.956,0.856,0.844,0.894,0.862,0.743,0.864,0.473,0.33,0.53,0.94,-0.639,0.865,0.88,0.951,0.275,0.931,-0.637,0.327,0.01,0.888,0.489,0.524,0.93,0.85,0.87,0.528,0.928,0.868,0.772,0.871,0.924,0.903,0.881,0.888,0.716,0.888,0.457,0.49,0.921,0.847,0.466,0.906,0.904,-0.583,0.78,0.931,0.875,0.665,-0.132,0.927,0.833,0.9,0.32,0.932,0.864,0.59,0.945,0.734,0.862,0.165,0.843,0.912,0.841,0.718,0.154,0.804,0.967,0.89,0.471,0.546,0.662,0.892,0.72,0.224,-0.371,0.889,-0.497,0.878,0.57,0.74,0.733,0.728,0.932,0.828,0.898,0.61,0.833,0.891,0.899,0.628,0.916,0.072,0.739,0.922,-0.087,0.811,0.886,0.931,0.789,0.946,0.937,0.812,0.893,0.9,-0.056,0.947,0.927,0.623,0.944,0.612,0.537,0.881,0.785,-0.586,0.949,0.827,0.587,0.604,-0.614,0.896,0.941,0.896,0.962,-0.248
APPN,0.894,0.814,0.746,0.816,0.637,0.665,0.37,0.671,0.654,0.792,0.272,0.597,0.48,0.844,0.566,0.603,0.648,0.682,0.0,0.554,0.823,0.388,0.445,0.38,0.381,0.363,0.439,0.818,0.11,0.924,0.711,0.933,0.595,0.689,0.448,0.404,0.831,0.861,0.85,0.328,0.67,0.716,0.054,0.892,0.738,0.85,0.728,0.642,0.593,0.71,0.687,0.909,-0.22,0.824,0.885,0.531,0.796,0.546,0.469,0.798,0.742,0.529,0.742,0.44,0.498,0.857,0.598,0.708,0.521,0.209,0.848,0.717,0.817,0.852,0.634,0.605,0.523,0.811,0.717,0.799,0.494,0.577,0.187,0.364,0.807,0.729,-0.243,0.865,0.698,0.77,0.487,0.671,-0.25,0.191,0.488,0.637,0.828,0.404,0.823,0.701,0.876,0.326,0.564,0.618,0.306,0.537,0.528,0.865,0.416,0.663,0.361,0.789,0.246,0.516,0.81,0.792,0.625,0.756,0.686,-0.111,0.735,0.451,0.429,0.416,0.369,0.74,0.416,0.697,0.522,0.603,0.553,0.905,0.802,0.724,0.572,0.696,0.87,0.611,0.733,0.692,0.689,0.654,0.721,0.624,0.614,0.76,0.466,0.747,0.386,0.328,-0.289,0.506,-0.375,0.778,0.855,0.714,0.852,0.61,0.545,0.382,0.675,0.385,0.457,0.846,0.665,0.723,0.481,0.345,0.494,0.578,0.353,0.718,0.626,0.819,0.748,0.81,0.627,0.902,0.556,0.718,0.464,0.645,0.745,0.789,0.708,0.596,0.746,0.86,0.614,0.061,0.681,0.666,0.367,0.308,-0.243,0.829,0.749,0.682,0.692,-0.108
APTO,0.663,0.745,0.899,0.75,0.84,0.912,0.873,0.835,0.867,0.608,0.813,0.328,0.844,0.734,0.944,0.909,0.754,0.84,0.554,0.0,0.549,0.905,-0.401,0.52,0.947,0.882,0.857,0.763,0.817,0.562,0.816,0.667,0.303,0.878,0.942,0.907,0.76,0.447,0.709,0.688,0.904,0.587,-0.711,0.697,0.704,0.843,0.931,0.932,0.937,0.809,0.885,0.413,0.26,0.465,0.591,0.015,0.737,0.754,-0.359,0.69,0.204,0.811,0.708,0.912,0.968,0.548,0.365,0.895,0.944,0.754,0.769,0.219,0.346,0.495,0.716,0.886,0.926,0.877,0.942,0.812,0.893,0.896,0.744,0.422,0.433,0.905,-0.7,0.771,0.93,0.9,0.215,0.92,-0.728,0.451,-0.138,0.93,0.299,0.442,0.826,0.821,0.811,0.454,0.798,0.93,0.82,0.934,0.88,0.79,0.878,0.848,0.901,0.868,0.68,0.085,0.868,0.749,0.199,0.841,0.855,-0.533,0.866,0.872,0.89,0.735,-0.272,0.872,0.878,0.953,0.001,0.965,0.955,0.43,0.826,0.818,0.926,0.033,0.674,0.945,0.86,0.872,0.014,0.859,0.898,0.82,0.084,0.244,0.568,0.884,0.914,0.05,-0.69,0.903,-0.547,0.903,0.521,0.638,0.717,0.884,0.85,0.919,0.933,0.706,0.91,0.814,0.844,0.678,0.873,-0.218,0.5,0.944,-0.318,0.702,0.943,0.778,0.724,0.813,0.742,0.764,0.959,0.678,-0.193,0.854,0.863,0.529,0.912,0.257,0.647,0.802,0.884,-0.508,0.911,0.891,0.396,0.809,-0.817,0.864,0.921,0.853,0.891,-0.026
ARCT,0.794,0.779,0.773,0.822,0.658,0.684,0.412,0.732,0.541,0.81,0.382,0.565,0.493,0.726,0.507,0.478,0.566,0.661,0.823,0.549,0.0,0.453,0.404,0.38,0.381,0.305,0.474,0.812,0.109,0.811,0.725,0.821,0.21,0.651,0.428,0.404,0.64,0.638,0.806,0.215,0.698,0.424,-0.051,0.684,0.757,0.808,0.678,0.611,0.493,0.744,0.56,0.821,-0.374,0.905,0.813,0.205,0.823,0.466,0.438,0.801,0.802,0.519,0.852,0.393,0.464,0.854,0.471,0.678,0.5,0.162,0.789,0.434,0.574,0.831,0.736,0.58,0.528,0.695,0.668,0.632,0.363,0.609,0.155,0.342,0.907,0.66,-0.22,0.683,0.587,0.71,0.567,0.611,-0.059,0.225,0.162,0.64,0.852,0.231,0.777,0.782,0.736,0.467,0.468,0.565,0.5,0.475,0.477,0.813,0.4,0.505,0.423,0.777,0.527,0.495,0.8,0.71,0.553,0.771,0.69,0.008,0.642,0.471,0.46,0.332,0.08,0.686,0.39,0.634,0.306,0.598,0.518,0.901,0.696,0.5,0.527,0.443,0.704,0.558,0.536,0.621,0.587,0.698,0.718,0.556,0.62,0.794,0.282,0.705,0.301,0.385,-0.123,0.458,-0.112,0.658,0.855,0.749,0.802,0.552,0.471,0.36,0.584,0.202,0.513,0.764,0.734,0.529,0.478,0.416,0.274,0.568,0.323,0.515,0.549,0.787,0.868,0.757,0.594,0.874,0.515,0.801,0.229,0.624,0.655,0.513,0.708,0.442,0.563,0.721,0.635,0.047,0.592,0.516,0.13,0.287,-0.179,0.795,0.675,0.542,0.621,-0.128
ARWR,0.521,0.677,0.838,0.625,0.765,0.858,0.906,0.808,0.753,0.474,0.932,0.433,0.888,0.679,0.917,0.887,0.698,0.824,0.388,0.905,0.453,0.0,-0.556,0.515,0.95,0.88,0.882,0.705,0.879,0.369,0.751,0.482,0.145,0.851,0.918,0.953,0.638,0.281,0.489,0.765,0.881,0.456,-0.688,0.49,0.578,0.709,0.831,0.919,0.872,0.62,0.786,0.178,0.347,0.418,0.527,-0.146,0.657,0.798,-0.465,0.59,0.113,0.902,0.663,0.933,0.923,0.451,0.265,0.812,0.954,0.888,0.564,0.049,0.211,0.335,0.726,0.89,0.901,0.713,0.832,0.675,0.876,0.87,0.696,0.366,0.298,0.795,-0.565,0.594,0.8,0.82,0.16,0.897,-0.752,0.528,-0.248,0.924,0.124,0.433,0.713,0.808,0.673,0.42,0.814,0.909,0.895,0.891,0.927,0.671,0.96,0.744,0.938,0.804,0.669,0.148,0.804,0.592,0.1,0.728,0.815,-0.542,0.691,0.934,0.958,0.868,-0.388,0.796,0.948,0.855,0.028,0.92,0.884,0.27,0.746,0.651,0.852,-0.177,0.621,0.926,0.704,0.705,-0.222,0.692,0.854,0.839,0.034,0.155,0.641,0.819,0.887,0.027,-0.582,0.958,-0.344,0.767,0.324,0.62,0.543,0.85,0.906,0.957,0.887,0.709,0.981,0.698,0.849,0.469,0.942,-0.104,0.521,0.944,-0.326,0.676,0.868,0.663,0.725,0.725,0.804,0.58,0.919,0.691,-0.301,0.882,0.765,0.381,0.86,0.191,0.449,0.64,0.756,-0.717,0.867,0.859,0.431,0.841,-0.858,0.713,0.824,0.734,0.844,0.063
ASND,0.305,0.054,-0.112,0.189,-0.168,-0.231,-0.499,-0.101,-0.192,0.316,-0.556,0.27,-0.389,0.112,-0.421,-0.368,-0.121,-0.145,0.445,-0.401,0.404,-0.556,0.0,-0.17,-0.598,-0.531,-0.417,0.078,-0.806,0.438,-0.02,0.356,0.186,-0.175,-0.542,-0.547,0.053,0.449,0.268,-0.506,-0.224,0.083,0.728,0.24,0.138,0.091,-0.165,-0.298,-0.381,0.011,-0.193,0.614,-0.659,0.449,0.34,0.437,0.138,-0.238,0.914,0.185,0.652,-0.332,0.128,-0.529,-0.484,0.415,0.319,-0.13,-0.451,-0.66,0.149,0.514,0.469,0.461,-0.032,-0.286,-0.423,-0.031,-0.198,-0.005,-0.491,-0.303,-0.591,0.041,0.49,-0.152,0.4,0.131,-0.203,-0.103,0.258,-0.265,0.589,-0.238,0.513,-0.291,0.704,-0.13,0.057,-0.101,0.09,-0.024,-0.289,-0.34,-0.481,-0.405,-0.399,0.139,-0.532,-0.194,-0.588,-0.053,-0.352,0.48,-0.029,0.146,0.488,-0.001,-0.151,0.434,-0.094,-0.455,-0.514,-0.446,0.564,-0.105,-0.537,-0.239,0.482,-0.348,-0.414,0.577,0.005,-0.121,-0.339,0.669,0.162,-0.357,-0.112,-0.166,0.768,-0.102,-0.152,-0.232,0.65,0.648,-0.252,-0.124,-0.587,0.378,0.451,-0.466,0.234,-0.109,0.453,0.145,0.173,-0.321,-0.381,-0.597,-0.283,-0.473,-0.481,0.061,-0.153,0.106,-0.444,0.572,-0.089,-0.394,0.651,-0.061,-0.319,0.107,0.065,0.045,-0.16,0.235,-0.425,0.093,0.611,-0.215,-0.086,0.217,-0.185,0.335,0.101,0.099,-0.205,0.661,-0.24,-0.29,-0.19,-0.577,0.651,0.037,-0.147,-0.163,-0.195,-0.2
ASTH,0.319,0.436,0.511,0.275,0.443,0.629,0.673,0.672,0.609,0.379,0.341,0.087,0.701,0.587,0.518,0.62,0.357,0.659,0.38,0.52,0.38,0.515,-0.17,0.0,0.544,0.388,0.67,0.464,0.471,0.278,0.531,0.437,0.216,0.639,0.573,0.614,0.469,0.427,0.393,0.669,0.634,0.494,-0.399,0.413,0.349,0.482,0.535,0.614,0.499,0.508,0.49,0.331,0.188,0.402,0.371,0.255,0.617,0.499,-0.11,0.537,0.218,0.592,0.521,0.616,0.543,0.411,0.244,0.645,0.578,0.549,0.57,0.255,0.314,0.241,0.644,0.595,0.629,0.447,0.57,0.386,0.378,0.479,0.216,0.247,0.332,0.675,-0.676,0.523,0.499,0.582,0.119,0.64,-0.369,0.253,-0.042,0.46,0.218,0.524,0.546,0.604,0.444,0.423,0.648,0.551,0.515,0.506,0.661,0.523,0.541,0.564,0.441,0.485,0.317,0.251,0.587,0.527,0.392,0.643,0.58,-0.295,0.518,0.684,0.585,0.333,-0.151,0.566,0.607,0.53,-0.036,0.63,0.568,0.275,0.56,0.477,0.607,0.016,0.451,0.55,0.513,0.528,-0.092,0.609,0.655,0.546,0.334,0.274,0.404,0.629,0.416,-0.047,-0.112,0.582,-0.424,0.529,0.311,0.234,0.493,0.374,0.563,0.541,0.52,0.377,0.503,0.546,0.55,0.397,0.641,-0.142,0.421,0.625,0.141,0.526,0.614,0.611,0.485,0.522,0.621,0.472,0.614,0.624,-0.102,0.609,0.547,0.36,0.652,0.287,0.286,0.516,0.58,-0.382,0.592,0.434,0.59,0.363,-0.263,0.57,0.602,0.582,0.603,-0.254
ATSG,0.528,0.656,0.819,0.602,0.772,0.848,0.922,0.8,0.825,0.461,0.875,0.292,0.875,0.663,0.926,0.915,0.705,0.816,0.381,0.947,0.381,0.95,-0.598,0.544,0.0,0.92,0.901,0.673,0.923,0.387,0.74,0.505,0.213,0.851,0.962,0.957,0.675,0.316,0.533,0.771,0.869,0.52,-0.786,0.558,0.57,0.719,0.87,0.91,0.908,0.683,0.843,0.197,0.409,0.318,0.471,-0.084,0.634,0.775,-0.518,0.563,0.026,0.847,0.618,0.942,0.964,0.408,0.297,0.841,0.952,0.871,0.626,0.1,0.227,0.313,0.679,0.882,0.928,0.775,0.868,0.724,0.901,0.884,0.778,0.346,0.246,0.851,-0.705,0.653,0.865,0.832,0.12,0.894,-0.81,0.461,-0.248,0.904,0.079,0.433,0.736,0.775,0.704,0.425,0.819,0.91,0.851,0.932,0.919,0.677,0.937,0.811,0.94,0.791,0.618,0.025,0.79,0.637,0.102,0.741,0.803,-0.595,0.764,0.917,0.926,0.798,-0.382,0.809,0.93,0.898,-0.041,0.942,0.944,0.241,0.756,0.742,0.91,-0.139,0.595,0.932,0.784,0.788,-0.208,0.764,0.856,0.821,-0.019,0.095,0.616,0.817,0.948,0.011,-0.685,0.94,-0.536,0.821,0.323,0.564,0.565,0.846,0.879,0.979,0.899,0.762,0.933,0.718,0.805,0.549,0.918,-0.275,0.539,0.946,-0.408,0.668,0.92,0.68,0.633,0.725,0.757,0.608,0.953,0.614,-0.322,0.832,0.807,0.423,0.867,0.193,0.502,0.692,0.805,-0.668,0.884,0.864,0.459,0.869,-0.882,0.742,0.855,0.807,0.851,-0.014
AVTX,0.58,0.564,0.738,0.613,0.671,0.706,0.852,0.746,0.798,0.468,0.852,0.325,0.814,0.62,0.828,0.824,0.732,0.766,0.363,0.882,0.305,0.88,-0.531,0.388,0.92,0.0,0.844,0.676,0.816,0.394,0.731,0.478,0.177,0.84,0.841,0.889,0.627,0.308,0.503,0.635,0.798,0.454,-0.756,0.565,0.51,0.712,0.824,0.839,0.822,0.582,0.826,0.153,0.335,0.284,0.5,-0.166,0.561,0.824,-0.482,0.439,0.03,0.781,0.612,0.873,0.874,0.454,0.459,0.81,0.879,0.819,0.538,0.126,0.193,0.322,0.618,0.847,0.785,0.75,0.791,0.757,0.824,0.847,0.794,0.369,0.182,0.775,-0.614,0.643,0.863,0.783,-0.018,0.811,-0.836,0.385,-0.303,0.862,0.071,0.266,0.708,0.666,0.703,0.459,0.769,0.814,0.81,0.902,0.876,0.647,0.861,0.784,0.852,0.746,0.47,0.069,0.731,0.68,0.014,0.677,0.747,-0.71,0.71,0.835,0.843,0.765,-0.425,0.806,0.831,0.859,0.089,0.869,0.835,0.213,0.748,0.667,0.841,-0.16,0.566,0.876,0.766,0.658,-0.194,0.676,0.776,0.776,-0.017,0.137,0.522,0.723,0.921,0.179,-0.659,0.88,-0.473,0.782,0.289,0.62,0.44,0.745,0.841,0.907,0.85,0.657,0.85,0.662,0.766,0.52,0.839,-0.219,0.59,0.861,-0.524,0.592,0.851,0.625,0.518,0.738,0.743,0.569,0.871,0.573,-0.385,0.77,0.765,0.376,0.805,0.289,0.395,0.674,0.703,-0.725,0.871,0.807,0.337,0.8,-0.87,0.692,0.818,0.782,0.791,-0.17
BCPC,0.614,0.667,0.8,0.594,0.623,0.807,0.969,0.918,0.856,0.58,0.763,0.395,0.958,0.768,0.82,0.866,0.69,0.931,0.439,0.857,0.474,0.882,-0.417,0.67,0.901,0.844,0.0,0.686,0.749,0.429,0.782,0.578,0.215,0.904,0.844,0.934,0.67,0.458,0.539,0.79,0.885,0.555,-0.644,0.577,0.526,0.758,0.851,0.91,0.776,0.63,0.815,0.291,0.237,0.491,0.611,-0.039,0.786,0.903,-0.294,0.579,0.252,0.903,0.761,0.889,0.859,0.601,0.457,0.9,0.892,0.864,0.642,0.235,0.336,0.425,0.838,0.95,0.858,0.737,0.833,0.746,0.751,0.845,0.575,0.249,0.316,0.88,-0.697,0.723,0.832,0.862,0.145,0.877,-0.677,0.331,-0.227,0.854,0.236,0.476,0.806,0.79,0.729,0.496,0.884,0.825,0.847,0.891,0.933,0.767,0.921,0.827,0.787,0.805,0.505,0.32,0.823,0.74,0.308,0.8,0.805,-0.646,0.688,0.958,0.9,0.663,-0.351,0.851,0.869,0.853,0.087,0.925,0.876,0.342,0.832,0.644,0.86,-0.106,0.657,0.893,0.755,0.672,-0.109,0.763,0.91,0.859,0.29,0.339,0.621,0.816,0.784,0.177,-0.401,0.901,-0.472,0.791,0.351,0.607,0.554,0.689,0.912,0.889,0.838,0.633,0.85,0.767,0.831,0.491,0.941,-0.092,0.701,0.921,-0.291,0.682,0.862,0.815,0.655,0.831,0.899,0.653,0.898,0.797,-0.297,0.878,0.85,0.433,0.892,0.452,0.367,0.743,0.767,-0.727,0.908,0.773,0.527,0.674,-0.699,0.777,0.874,0.83,0.909,-0.278
BEAM,0.88,0.842,0.892,0.849,0.78,0.779,0.635,0.837,0.777,0.8,0.667,0.612,0.707,0.843,0.751,0.752,0.867,0.828,0.818,0.763,0.812,0.705,0.078,0.464,0.673,0.676,0.686,0.0,0.46,0.833,0.865,0.835,0.315,0.877,0.691,0.702,0.838,0.679,0.815,0.454,0.879,0.604,-0.36,0.794,0.703,0.913,0.882,0.811,0.76,0.795,0.828,0.665,-0.128,0.761,0.84,0.144,0.805,0.723,0.089,0.792,0.515,0.714,0.879,0.718,0.719,0.855,0.611,0.848,0.769,0.5,0.835,0.428,0.571,0.739,0.774,0.774,0.738,0.893,0.828,0.835,0.643,0.867,0.468,0.401,0.75,0.843,-0.434,0.818,0.849,0.883,0.432,0.813,-0.551,0.31,0.08,0.851,0.61,0.221,0.898,0.863,0.896,0.548,0.722,0.796,0.708,0.766,0.775,0.868,0.672,0.749,0.701,0.89,0.477,0.331,0.919,0.849,0.373,0.866,0.882,-0.379,0.849,0.7,0.699,0.664,-0.065,0.922,0.685,0.877,0.398,0.815,0.748,0.788,0.886,0.715,0.794,0.342,0.84,0.816,0.767,0.752,0.332,0.788,0.861,0.733,0.396,0.599,0.481,0.806,0.673,0.364,-0.457,0.753,-0.395,0.859,0.811,0.887,0.808,0.759,0.749,0.684,0.848,0.519,0.757,0.837,0.918,0.652,0.71,0.206,0.495,0.795,-0.018,0.707,0.799,0.826,0.857,0.895,0.798,0.886,0.769,0.823,0.06,0.8,0.814,0.634,0.896,0.478,0.615,0.86,0.745,-0.308,0.858,0.766,0.327,0.555,-0.59,0.888,0.883,0.779,0.782,-0.144
BILI,0.224,0.453,0.628,0.321,0.638,0.712,0.804,0.56,0.636,0.173,0.827,0.072,0.74,0.409,0.837,0.798,0.552,0.599,0.11,0.817,0.109,0.879,-0.806,0.471,0.923,0.816,0.749,0.46,0.0,0.104,0.504,0.211,0.109,0.65,0.915,0.875,0.474,0.049,0.27,0.762,0.7,0.364,-0.825,0.295,0.337,0.453,0.666,0.747,0.815,0.495,0.651,-0.089,0.571,0.047,0.174,-0.177,0.367,0.573,-0.744,0.353,-0.269,0.698,0.347,0.883,0.872,0.091,0.014,0.615,0.848,0.85,0.409,-0.13,-0.014,0.005,0.455,0.691,0.841,0.558,0.691,0.478,0.831,0.723,0.806,0.237,0.011,0.65,-0.655,0.393,0.676,0.616,0.047,0.734,-0.809,0.439,-0.31,0.737,-0.231,0.382,0.47,0.595,0.448,0.295,0.67,0.789,0.77,0.793,0.793,0.396,0.846,0.629,0.911,0.559,0.616,-0.23,0.564,0.37,-0.14,0.518,0.625,-0.539,0.602,0.803,0.845,0.76,-0.44,0.612,0.882,0.72,-0.252,0.79,0.836,-0.049,0.512,0.595,0.78,-0.312,0.351,0.795,0.59,0.66,-0.455,0.569,0.645,0.651,-0.332,-0.244,0.537,0.627,0.912,-0.205,-0.686,0.841,-0.497,0.618,0.093,0.311,0.379,0.758,0.745,0.914,0.749,0.759,0.848,0.463,0.627,0.365,0.797,-0.442,0.366,0.81,-0.49,0.511,0.774,0.403,0.447,0.459,0.564,0.331,0.838,0.378,-0.401,0.658,0.568,0.248,0.681,-0.05,0.369,0.44,0.664,-0.678,0.697,0.726,0.433,0.847,-0.882,0.506,0.654,0.615,0.652,0.154
BJRI,0.923,0.809,0.74,0.841,0.662,0.616,0.35,0.647,0.68,0.789,0.309,0.556,0.428,0.791,0.542,0.561,0.704,0.655,0.924,0.562,0.811,0.369,0.438,0.278,0.387,0.394,0.429,0.833,0.104,0.0,0.713,0.933,0.536,0.678,0.428,0.4,0.846,0.842,0.9,0.254,0.661,0.681,-0.027,0.891,0.69,0.868,0.751,0.626,0.596,0.752,0.728,0.894,-0.257,0.764,0.86,0.415,0.737,0.525,0.418,0.771,0.675,0.443,0.747,0.425,0.494,0.873,0.639,0.699,0.521,0.169,0.853,0.678,0.771,0.892,0.602,0.569,0.504,0.858,0.717,0.823,0.463,0.623,0.241,0.359,0.805,0.735,-0.289,0.858,0.734,0.777,0.447,0.616,-0.285,0.148,0.396,0.64,0.835,0.267,0.851,0.669,0.886,0.397,0.532,0.592,0.339,0.553,0.49,0.86,0.392,0.675,0.378,0.773,0.28,0.427,0.774,0.817,0.574,0.767,0.699,-0.173,0.779,0.414,0.401,0.41,0.303,0.756,0.388,0.708,0.47,0.599,0.545,0.901,0.797,0.708,0.6,0.695,0.826,0.596,0.741,0.692,0.692,0.686,0.691,0.561,0.56,0.717,0.368,0.665,0.411,0.399,-0.325,0.478,-0.43,0.78,0.904,0.783,0.836,0.588,0.509,0.369,0.667,0.358,0.454,0.824,0.654,0.732,0.413,0.236,0.403,0.548,0.206,0.634,0.629,0.774,0.742,0.816,0.589,0.904,0.545,0.644,0.389,0.581,0.743,0.767,0.693,0.613,0.72,0.878,0.635,0.098,0.682,0.635,0.251,0.282,-0.29,0.834,0.749,0.705,0.643,-0.141
BLUE,0.829,0.752,0.846,0.812,0.741,0.784,0.761,0.882,0.849,0.828,0.689,0.506,0.772,0.832,0.746,0.798,0.755,0.871,0.711,0.816,0.725,0.751,-0.02,0.531,0.74,0.731,0.782,0.865,0.504,0.713,0.0,0.814,0.341,0.894,0.728,0.774,0.804,0.671,0.776,0.52,0.857,0.642,-0.474,0.79,0.722,0.909,0.902,0.86,0.763,0.796,0.877,0.594,0.038,0.656,0.773,0.154,0.812,0.792,-0.026,0.803,0.473,0.77,0.833,0.758,0.785,0.806,0.626,0.931,0.82,0.599,0.787,0.423,0.545,0.65,0.765,0.846,0.784,0.848,0.863,0.826,0.638,0.849,0.472,0.417,0.572,0.883,-0.602,0.832,0.87,0.882,0.176,0.84,-0.589,0.452,-0.031,0.85,0.571,0.337,0.9,0.804,0.864,0.56,0.808,0.83,0.743,0.835,0.829,0.874,0.736,0.823,0.664,0.865,0.448,0.405,0.882,0.848,0.44,0.892,0.911,-0.513,0.827,0.775,0.737,0.607,-0.138,0.895,0.703,0.879,0.33,0.859,0.79,0.646,0.898,0.733,0.839,0.236,0.783,0.839,0.838,0.737,0.214,0.806,0.886,0.776,0.436,0.55,0.54,0.817,0.703,0.389,-0.459,0.786,-0.445,0.866,0.65,0.816,0.713,0.716,0.79,0.737,0.86,0.526,0.776,0.845,0.905,0.687,0.768,0.023,0.591,0.832,-0.087,0.743,0.853,0.854,0.774,0.892,0.789,0.839,0.808,0.814,-0.053,0.834,0.881,0.614,0.899,0.5,0.577,0.864,0.787,-0.431,0.879,0.758,0.407,0.597,-0.566,0.871,0.901,0.838,0.849,-0.243
BPOP,0.944,0.852,0.813,0.875,0.701,0.733,0.503,0.77,0.788,0.862,0.377,0.575,0.575,0.885,0.651,0.694,0.695,0.781,0.933,0.667,0.821,0.482,0.356,0.437,0.505,0.478,0.578,0.835,0.211,0.933,0.814,0.0,0.606,0.777,0.553,0.519,0.897,0.912,0.89,0.417,0.747,0.795,-0.11,0.946,0.779,0.932,0.828,0.745,0.684,0.811,0.795,0.907,-0.146,0.798,0.901,0.494,0.852,0.638,0.371,0.864,0.699,0.596,0.789,0.537,0.616,0.889,0.669,0.819,0.63,0.318,0.907,0.75,0.844,0.838,0.69,0.702,0.636,0.885,0.815,0.866,0.548,0.676,0.271,0.413,0.76,0.842,-0.432,0.938,0.802,0.86,0.403,0.743,-0.354,0.266,0.396,0.732,0.843,0.462,0.91,0.76,0.941,0.392,0.66,0.714,0.406,0.652,0.626,0.935,0.525,0.789,0.438,0.85,0.301,0.525,0.862,0.864,0.687,0.842,0.764,-0.233,0.813,0.563,0.511,0.465,0.289,0.817,0.507,0.79,0.485,0.71,0.662,0.876,0.895,0.805,0.694,0.663,0.883,0.702,0.845,0.763,0.624,0.75,0.814,0.707,0.631,0.744,0.531,0.795,0.483,0.366,-0.364,0.598,-0.478,0.863,0.859,0.769,0.888,0.66,0.625,0.487,0.763,0.467,0.55,0.916,0.737,0.804,0.569,0.195,0.566,0.665,0.252,0.775,0.742,0.892,0.796,0.885,0.684,0.952,0.652,0.763,0.392,0.714,0.863,0.838,0.798,0.619,0.787,0.941,0.733,-0.023,0.776,0.72,0.426,0.383,-0.322,0.906,0.846,0.807,0.793,-0.165
