,AAL,AAON,ACB,ACGL,ACGLO,ACIW,ADBE,ADSK,AEP,AGIO,ALEC,ALNY,ALTR,AMBA,AMCX,AMKR,AMRX,ANSS,APPN,APTO,ARCT,ARWR,ASND,ASTH,ATSG,AVTX,BCPC,BEAM,BILI,BJRI,BLUE,BPOP,BRKL,BWIN,BZUN,CARG,CBRL,CBSH,CBUS,CENTA,CERS,CFFN,CHCO,CHEF,CHRD,CINF,CLLS,CMCO,CMCSA,COLL,COMM,COOP,CPB,CRON,CROX,CRUS,CRWD,CTAS,CYBR,CYTK,DGII,DIOD,DOMO,DPZ,DSGR,DXCM,ERIE,ESTA,EXEL,FAST,FCEL,FCFS,FHB,FITBI,FSV,FTDR,FUTU,GLDD,GLPG,GLPI,GOGO,GOSS,GSAT,GYRE,HALO,HAS,HLIT,HLNE,HSDT,HSIC,HTHT,ICHR,IDYA,IMVT,INDB,INSM,IONS,IOSP,ITRI,JBHT,JBLU,JSM,KLIC,KOD,KURA,LAB,LASR,LIN,LKQ,LNT,MBUU,MCRI,MDGL,MEDP,MGNI,MGPI,MGRC,MKTX,MRNA,MRTN,MSEX,MSFT,MU,NAVI,NBTB,NEO,NEOG,NGNE,NSSC,NTAP,NTES,NTLA,NTRS,NYMTN,OBLG,OCFC,ON,ONC,OPI,OSIS,OSW,PALI,PANW,PCAR,PCRX,PCTY,PEBO,PLAB,PLAY,PLMR,PLSE,PLUS,PRTA,PSEC,PSNL,PTCT,PTON,QNST,QRVO,QTTB,RARE,RBCAA,RGNX,SAIC,SGMO,SINT,SNPS,SPSC,SPTN,SSYS,STNE,TBBK,TCPC,TENB,TGTX,TREE,TRUP,TTWO,TW,TXG,UBSI,UCTT,UFPT,UMBF,UPBD,URBN,VBTX,VCTR,VEON,VNET,VRSK,VSEC,WABC,WTFCM,WVE,WW,WWD,XEL,ZD,ZYME
AAL,0.0,0.791,0.889,0.67,0.368,-0.731,0.958,0.871,0.819,0.91,0.85,0.921,0.219,0.782,-0.491,0.839,-0.617,0.766,0.798,0.805,0.694,0.927,0.844,-0.332,0.502,0.673,-0.18,0.247,-0.135,0.831,0.828,0.235,0.463,0.904,-0.525,-0.554,0.899,0.857,0.88,0.704,-0.342,0.851,0.688,-0.673,0.695,-0.298,0.947,0.707,-0.313,0.761,0.833,0.663,0.733,0.549,0.835,0.76,0.896,0.784,0.796,0.869,0.903,0.584,0.835,0.62,-0.506,0.846,0.901,0.913,-0.57,0.911,0.918,0.844,0.854,0.619,0.614,-0.499,-0.463,-0.805,0.658,0.23,0.176,0.917,0.934,0.921,-0.906,0.329,0.775,0.611,-0.57,-0.476,0.009,0.89,-0.379,0.808,0.741,0.837,0.891,-0.352,-0.426,0.872,0.858,0.785,0.19,0.74,0.257,0.884,0.809,0.832,0.819,0.777,0.846,0.828,0.773,0.801,0.908,0.817,0.757,0.606,0.597,0.833,0.415,0.84,0.46,0.566,0.729,0.811,-0.514,-0.01,0.368,0.876,-0.535,-0.027,0.871,0.81,0.115,0.77,0.803,0.692,0.041,0.783,0.946,-0.404,0.671,0.741,0.498,0.929,0.734,0.677,0.915,0.94,0.307,-0.611,0.452,0.899,0.907,0.918,0.927,0.852,0.747,0.838,0.023,-0.254,0.658,-0.4,0.888,0.815,0.805,0.889,0.492,-0.526,0.948,0.75,0.912,0.103,0.766,-0.179,0.744,-0.463,0.743,0.88,0.667,-0.36,0.88,0.801,0.949,0.782,0.853,0.814,0.671,0.504,0.93,0.662,0.444,0.616,0.209,0.238,0.228,0.786,0.683,0.939
AAON,0.791,0.0,0.654,0.489,0.69,-0.471,0.854,0.901,0.849,0.819,0.555,0.796,0.583,0.898,-0.547,0.892,-0.347,0.897,0.562,0.577,0.667,0.699,0.57,-0.028,0.72,0.297,-0.237,-0.173,-0.509,0.716,0.54,-0.047,0.514,0.842,-0.782,-0.334,0.783,0.843,0.72,0.587,-0.334,0.85,0.789,-0.786,0.766,-0.644,0.814,0.788,-0.658,0.601,0.905,0.781,0.829,0.614,0.871,0.864,0.691,0.919,0.465,0.796,0.886,0.781,0.493,0.24,-0.653,0.799,0.913,0.882,-0.422,0.889,0.733,0.863,0.89,0.711,0.477,-0.545,-0.697,-0.705,0.253,0.348,0.515,0.673,0.844,0.78,-0.817,0.117,0.915,0.707,-0.545,-0.499,-0.361,0.768,-0.387,0.476,0.7,0.596,0.745,-0.123,-0.2,0.813,0.568,0.878,-0.118,0.496,-0.099,0.831,0.871,0.897,0.855,0.887,0.826,0.839,0.521,0.671,0.638,0.797,0.857,0.566,0.55,0.878,0.534,0.902,0.396,0.616,0.782,0.713,-0.437,-0.379,0.595,0.846,-0.778,-0.231,0.787,0.742,-0.063,0.821,0.883,0.361,0.242,0.816,0.836,-0.3,0.465,0.861,0.614,0.822,0.844,0.817,0.875,0.836,-0.16,-0.408,0.26,0.868,0.642,0.778,0.699,0.635,0.47,0.657,-0.036,-0.501,0.514,0.024,0.627,0.739,0.909,0.917,0.794,-0.362,0.797,0.861,0.774,-0.325,0.442,-0.561,0.381,-0.349,0.577,0.813,0.795,-0.401,0.829,0.642,0.825,0.654,0.743,0.865,0.609,0.295,0.89,0.894,0.614,0.781,-0.141,0.263,0.221,0.908,0.67,0.699
ACB,0.889,0.654,0.0,0.784,0.184,-0.713,0.865,0.762,0.768,0.733,0.742,0.793,0.023,0.637,-0.348,0.684,-0.661,0.545,0.669,0.762,0.656,0.865,0.864,-0.532,0.342,0.712,0.105,0.326,0.004,0.908,0.871,0.441,0.561,0.872,-0.395,-0.628,0.898,0.787,0.801,0.754,-0.461,0.764,0.659,-0.496,0.66,-0.081,0.888,0.684,-0.121,0.539,0.744,0.549,0.659,0.521,0.761,0.651,0.873,0.666,0.861,0.719,0.733,0.476,0.717,0.785,-0.24,0.736,0.767,0.838,-0.665,0.832,0.886,0.826,0.772,0.53,0.778,-0.303,-0.275,-0.636,0.664,0.349,0.043,0.909,0.864,0.857,-0.809,0.52,0.622,0.654,-0.458,-0.304,0.146,0.882,-0.614,0.8,0.729,0.713,0.742,-0.186,-0.286,0.819,0.827,0.553,0.186,0.76,0.376,0.832,0.793,0.725,0.769,0.701,0.848,0.776,0.718,0.823,0.921,0.808,0.721,0.684,0.373,0.737,0.456,0.727,0.48,0.541,0.721,0.792,-0.413,0.231,0.358,0.815,-0.268,0.075,0.849,0.873,-0.022,0.684,0.729,0.606,0.185,0.772,0.859,-0.595,0.725,0.64,0.328,0.813,0.668,0.525,0.82,0.861,0.474,-0.377,0.472,0.818,0.877,0.796,0.959,0.825,0.7,0.747,-0.167,-0.023,0.381,-0.321,0.914,0.768,0.675,0.762,0.299,-0.435,0.838,0.721,0.869,0.247,0.823,-0.032,0.793,-0.24,0.87,0.767,0.606,-0.335,0.852,0.837,0.842,0.877,0.871,0.736,0.477,0.528,0.817,0.609,0.47,0.461,0.476,0.337,0.368,0.679,0.796,0.878
ACGL,0.67,0.489,0.784,0.0,-0.028,-0.688,0.666,0.663,0.796,0.498,0.601,0.598,-0.21,0.466,-0.423,0.413,-0.731,0.36,0.273,0.626,0.316,0.692,0.824,-0.8,0.159,0.783,0.474,0.349,-0.018,0.874,0.859,0.771,0.796,0.812,-0.294,-0.845,0.848,0.806,0.536,0.732,-0.757,0.792,0.759,-0.451,0.729,0.199,0.758,0.739,0.067,0.357,0.684,0.617,0.684,0.042,0.603,0.471,0.659,0.591,0.732,0.623,0.591,0.294,0.432,0.722,-0.093,0.486,0.585,0.698,-0.874,0.74,0.825,0.735,0.731,0.475,0.744,-0.216,-0.355,-0.335,0.396,0.641,-0.011,0.824,0.719,0.753,-0.675,0.393,0.458,0.747,-0.554,-0.006,0.243,0.8,-0.71,0.756,0.869,0.623,0.58,0.123,-0.161,0.766,0.741,0.317,0.016,0.827,0.529,0.515,0.641,0.659,0.696,0.697,0.862,0.716,0.587,0.86,0.721,0.793,0.718,0.459,-0.028,0.693,0.627,0.643,0.267,0.745,0.821,0.842,-0.218,0.142,0.247,0.742,-0.117,-0.039,0.797,0.847,-0.294,0.763,0.576,0.481,0.365,0.801,0.727,-0.84,0.474,0.662,0.395,0.692,0.731,0.371,0.708,0.769,0.356,-0.275,0.272,0.765,0.646,0.642,0.756,0.827,0.57,0.591,-0.565,-0.088,0.08,-0.133,0.884,0.727,0.624,0.524,0.126,-0.322,0.716,0.715,0.847,0.103,0.838,0.004,0.731,-0.114,0.813,0.686,0.707,-0.4,0.716,0.936,0.694,0.796,0.856,0.704,0.179,0.505,0.681,0.531,0.723,0.206,0.533,0.018,0.657,0.64,0.665,0.673
ACGLO,0.368,0.69,0.184,-0.028,0.0,0.099,0.442,0.625,0.519,0.477,0.094,0.438,0.869,0.777,-0.245,0.777,0.261,0.762,0.269,-0.002,0.356,0.215,0.111,0.53,0.905,-0.195,-0.553,-0.437,-0.674,0.221,-0.025,-0.41,0.233,0.434,-0.739,0.118,0.342,0.462,0.292,0.051,0.122,0.469,0.536,-0.632,0.518,-0.855,0.407,0.528,-0.808,0.324,0.66,0.573,0.568,0.517,0.629,0.778,0.33,0.695,-0.041,0.39,0.542,0.811,0.084,-0.276,-0.716,0.571,0.626,0.421,-0.009,0.514,0.274,0.47,0.601,0.705,0.161,-0.451,-0.648,-0.542,-0.229,0.215,0.812,0.154,0.435,0.328,-0.444,-0.27,0.746,0.424,-0.125,-0.531,-0.59,0.34,-0.012,-0.094,0.311,0.089,0.296,0.027,0.166,0.425,0.076,0.804,-0.189,-0.075,-0.478,0.507,0.601,0.616,0.562,0.636,0.381,0.585,-0.036,0.213,0.164,0.356,0.601,0.258,0.51,0.585,0.265,0.607,0.411,0.305,0.463,0.326,-0.242,-0.623,0.542,0.513,-0.84,-0.06,0.415,0.375,0.055,0.483,0.695,-0.127,0.295,0.429,0.439,-0.015,0.233,0.626,0.376,0.382,0.568,0.795,0.554,0.41,-0.522,-0.09,-0.213,0.493,0.257,0.388,0.241,0.045,0.099,0.186,0.171,-0.641,0.395,0.23,0.113,0.296,0.672,0.639,0.883,-0.152,0.352,0.564,0.306,-0.613,-0.11,-0.756,-0.155,-0.32,0.03,0.502,0.596,-0.136,0.541,0.168,0.388,0.102,0.358,0.641,0.436,-0.046,0.527,0.681,0.394,0.819,-0.567,0.346,-0.152,0.688,0.289,0.297
ACIW,-0.731,-0.471,-0.713,-0.688,0.099,0.0,-0.711,-0.533,-0.621,-0.747,-0.866,-0.748,0.276,-0.343,0.596,-0.44,0.843,-0.388,-0.557,-0.894,-0.572,-0.791,-0.814,0.626,0.048,-0.716,-0.104,-0.313,-0.165,-0.674,-0.885,-0.319,-0.302,-0.664,0.145,0.66,-0.673,-0.669,-0.812,-0.669,0.623,-0.645,-0.479,0.475,-0.451,-0.114,-0.729,-0.389,-0.059,-0.717,-0.514,-0.346,-0.466,-0.234,-0.444,-0.328,-0.601,-0.433,-0.667,-0.79,-0.706,-0.096,-0.751,-0.548,0.319,-0.549,-0.615,-0.748,0.503,-0.667,-0.784,-0.617,-0.564,-0.243,-0.37,0.457,0.258,0.578,-0.65,-0.082,0.204,-0.84,-0.727,-0.803,0.768,-0.197,-0.388,-0.369,0.68,0.258,-0.303,-0.639,0.366,-0.868,-0.623,-0.898,-0.833,0.524,0.726,-0.658,-0.733,-0.387,-0.092,-0.788,-0.36,-0.647,-0.449,-0.528,-0.475,-0.51,-0.64,-0.473,-0.884,-0.651,-0.785,-0.649,-0.467,-0.327,-0.398,-0.55,-0.424,-0.512,-0.025,-0.31,-0.486,-0.654,0.615,-0.185,0.037,-0.567,0.24,0.26,-0.624,-0.593,-0.09,-0.588,-0.42,-0.865,0.267,-0.538,-0.761,0.299,-0.331,-0.471,-0.523,-0.803,-0.477,-0.253,-0.618,-0.781,-0.39,0.792,-0.561,-0.662,-0.716,-0.767,-0.728,-0.841,-0.533,-0.805,0.114,0.173,-0.508,0.489,-0.814,-0.741,-0.493,-0.582,-0.025,0.615,-0.799,-0.474,-0.754,-0.371,-0.82,-0.052,-0.706,0.439,-0.677,-0.626,-0.358,0.423,-0.629,-0.755,-0.776,-0.637,-0.632,-0.484,-0.41,-0.425,-0.692,-0.328,-0.361,-0.236,-0.329,0.223,-0.289,-0.499,-0.356,-0.746
ADBE,0.958,0.854,0.865,0.666,0.442,-0.711,0.0,0.928,0.868,0.921,0.832,0.927,0.315,0.843,-0.543,0.866,-0.603,0.844,0.776,0.783,0.689,0.912,0.831,-0.302,0.545,0.639,-0.156,0.161,-0.232,0.864,0.809,0.172,0.501,0.938,-0.628,-0.561,0.927,0.882,0.881,0.698,-0.392,0.874,0.737,-0.776,0.763,-0.414,0.947,0.759,-0.435,0.769,0.883,0.709,0.784,0.548,0.904,0.809,0.925,0.862,0.767,0.899,0.929,0.643,0.802,0.568,-0.579,0.833,0.94,0.94,-0.591,0.96,0.927,0.917,0.899,0.67,0.637,-0.451,-0.529,-0.791,0.587,0.29,0.223,0.891,0.952,0.914,-0.944,0.328,0.838,0.696,-0.603,-0.441,-0.111,0.898,-0.396,0.791,0.76,0.831,0.893,-0.301,-0.356,0.928,0.839,0.83,0.139,0.751,0.174,0.891,0.852,0.906,0.885,0.844,0.877,0.848,0.729,0.846,0.885,0.832,0.821,0.677,0.593,0.889,0.489,0.915,0.445,0.592,0.775,0.848,-0.502,-0.088,0.415,0.908,-0.614,-0.081,0.921,0.827,0.08,0.801,0.853,0.651,0.1,0.855,0.956,-0.41,0.717,0.811,0.552,0.953,0.801,0.727,0.947,0.959,0.207,-0.592,0.412,0.947,0.875,0.929,0.924,0.838,0.729,0.807,0.016,-0.318,0.629,-0.278,0.875,0.847,0.872,0.922,0.547,-0.497,0.958,0.797,0.93,0.049,0.742,-0.247,0.692,-0.479,0.793,0.915,0.71,-0.444,0.889,0.781,0.97,0.8,0.852,0.86,0.689,0.465,0.97,0.757,0.529,0.684,0.165,0.216,0.299,0.85,0.671,0.924
ADSK,0.871,0.901,0.762,0.663,0.625,-0.533,0.928,0.0,0.943,0.83,0.66,0.84,0.485,0.949,-0.559,0.894,-0.425,0.914,0.561,0.6,0.566,0.797,0.743,-0.206,0.728,0.507,-0.128,0.058,-0.45,0.845,0.687,0.164,0.675,0.956,-0.784,-0.536,0.925,0.928,0.718,0.643,-0.385,0.931,0.885,-0.851,0.904,-0.558,0.907,0.896,-0.6,0.654,0.978,0.89,0.902,0.465,0.956,0.903,0.836,0.976,0.593,0.849,0.912,0.802,0.564,0.425,-0.653,0.796,0.936,0.894,-0.628,0.975,0.883,0.936,0.976,0.801,0.653,-0.458,-0.708,-0.699,0.325,0.519,0.467,0.78,0.904,0.856,-0.889,0.189,0.923,0.83,-0.596,-0.372,-0.275,0.889,-0.433,0.621,0.84,0.681,0.771,-0.029,-0.109,0.946,0.716,0.869,-0.008,0.67,0.117,0.801,0.916,0.981,0.955,0.958,0.911,0.942,0.531,0.851,0.747,0.881,0.954,0.602,0.451,0.976,0.605,0.987,0.487,0.749,0.893,0.88,-0.33,-0.322,0.539,0.965,-0.707,-0.075,0.92,0.857,-0.091,0.912,0.938,0.418,0.356,0.925,0.906,-0.523,0.605,0.951,0.563,0.886,0.941,0.855,0.973,0.922,-0.005,-0.413,0.209,0.971,0.766,0.853,0.811,0.74,0.635,0.662,-0.113,-0.476,0.519,-0.036,0.793,0.807,0.98,0.903,0.723,-0.362,0.886,0.891,0.906,-0.282,0.627,-0.456,0.542,-0.441,0.694,0.943,0.898,-0.432,0.895,0.775,0.887,0.706,0.869,0.97,0.598,0.433,0.951,0.899,0.693,0.749,0.012,0.225,0.376,0.956,0.686,0.828
AEP,0.819,0.849,0.768,0.796,0.519,-0.621,0.868,0.943,0.0,0.773,0.644,0.817,0.32,0.84,-0.6,0.8,-0.537,0.796,0.425,0.613,0.504,0.757,0.773,-0.387,0.618,0.576,0.027,0.025,-0.424,0.877,0.75,0.308,0.763,0.952,-0.718,-0.687,0.929,0.977,0.688,0.68,-0.605,0.973,0.955,-0.835,0.921,-0.383,0.907,0.903,-0.458,0.593,0.965,0.85,0.938,0.332,0.88,0.826,0.759,0.924,0.61,0.844,0.882,0.675,0.481,0.427,-0.534,0.744,0.898,0.885,-0.72,0.961,0.887,0.93,0.973,0.764,0.646,-0.509,-0.721,-0.647,0.25,0.606,0.422,0.819,0.899,0.87,-0.886,0.135,0.839,0.842,-0.629,-0.341,-0.186,0.87,-0.583,0.649,0.932,0.683,0.759,0.024,-0.165,0.927,0.694,0.768,-0.146,0.719,0.16,0.753,0.873,0.946,0.917,0.98,0.958,0.925,0.557,0.864,0.737,0.91,0.953,0.536,0.335,0.949,0.689,0.923,0.366,0.767,0.951,0.918,-0.404,-0.286,0.443,0.929,-0.645,-0.17,0.911,0.913,-0.161,0.952,0.869,0.428,0.366,0.938,0.914,-0.647,0.521,0.944,0.644,0.88,0.955,0.749,0.945,0.931,-0.012,-0.409,0.147,0.963,0.706,0.83,0.791,0.789,0.542,0.664,-0.347,-0.499,0.386,0.004,0.838,0.866,0.945,0.849,0.612,-0.407,0.875,0.911,0.927,-0.232,0.694,-0.453,0.539,-0.374,0.72,0.903,0.925,-0.52,0.91,0.887,0.87,0.733,0.923,0.957,0.462,0.377,0.928,0.854,0.819,0.662,0.078,0.126,0.454,0.967,0.678,0.772
AGIO,0.91,0.819,0.733,0.498,0.477,-0.747,0.921,0.83,0.773,0.0,0.869,0.951,0.329,0.781,-0.611,0.873,-0.538,0.84,0.802,0.815,0.765,0.897,0.749,-0.137,0.485,0.497,-0.343,0.105,-0.186,0.681,0.739,-0.033,0.291,0.81,-0.53,-0.411,0.773,0.803,0.908,0.588,-0.289,0.797,0.631,-0.747,0.626,-0.439,0.879,0.63,-0.434,0.888,0.807,0.624,0.679,0.586,0.764,0.76,0.778,0.776,0.614,0.94,0.959,0.588,0.816,0.355,-0.701,0.863,0.919,0.904,-0.367,0.865,0.845,0.775,0.804,0.567,0.364,-0.635,-0.534,-0.876,0.571,0.077,0.263,0.839,0.901,0.898,-0.906,0.077,0.795,0.49,-0.602,-0.597,-0.048,0.769,-0.208,0.728,0.634,0.887,0.96,-0.543,-0.57,0.789,0.722,0.853,0.117,0.639,0.083,0.891,0.737,0.803,0.717,0.758,0.744,0.741,0.816,0.651,0.826,0.75,0.698,0.446,0.744,0.79,0.452,0.815,0.315,0.426,0.613,0.703,-0.635,-0.187,0.3,0.784,-0.681,-0.163,0.765,0.675,0.192,0.736,0.779,0.745,-0.164,0.679,0.924,-0.151,0.484,0.732,0.669,0.942,0.695,0.692,0.858,0.917,0.104,-0.763,0.492,0.845,0.836,0.93,0.812,0.789,0.636,0.866,0.175,-0.449,0.821,-0.401,0.77,0.804,0.802,0.909,0.549,-0.617,0.94,0.703,0.825,0.009,0.645,-0.346,0.574,-0.566,0.581,0.838,0.588,-0.374,0.846,0.691,0.933,0.612,0.702,0.75,0.737,0.441,0.926,0.648,0.39,0.658,-0.037,0.069,0.086,0.788,0.487,0.867
ALEC,0.85,0.555,0.742,0.601,0.094,-0.866,0.832,0.66,0.644,0.869,0.0,0.859,-0.077,0.528,-0.56,0.611,-0.696,0.56,0.767,0.876,0.606,0.903,0.856,-0.41,0.156,0.709,-0.14,0.407,0.086,0.664,0.882,0.211,0.252,0.724,-0.256,-0.578,0.735,0.701,0.897,0.643,-0.396,0.675,0.476,-0.569,0.536,-0.073,0.831,0.481,-0.094,0.886,0.618,0.467,0.525,0.325,0.62,0.473,0.767,0.548,0.721,0.885,0.782,0.27,0.898,0.543,-0.443,0.729,0.749,0.838,-0.457,0.747,0.86,0.643,0.66,0.393,0.397,-0.439,-0.358,-0.724,0.709,0.077,-0.123,0.86,0.813,0.855,-0.825,0.159,0.52,0.357,-0.587,-0.323,0.165,0.691,-0.163,0.922,0.614,0.961,0.922,-0.57,-0.604,0.731,0.806,0.59,0.199,0.815,0.398,0.744,0.538,0.628,0.574,0.566,0.656,0.578,0.874,0.677,0.865,0.658,0.528,0.348,0.542,0.642,0.344,0.634,0.154,0.367,0.499,0.715,-0.546,0.052,0.045,0.682,-0.382,-0.036,0.694,0.594,0.237,0.627,0.546,0.899,-0.25,0.583,0.838,-0.196,0.5,0.558,0.566,0.881,0.542,0.441,0.736,0.84,0.419,-0.8,0.611,0.754,0.849,0.922,0.818,0.814,0.688,0.849,0.06,-0.254,0.739,-0.599,0.858,0.773,0.605,0.7,0.199,-0.616,0.897,0.496,0.814,0.297,0.834,0.052,0.779,-0.595,0.634,0.773,0.411,-0.385,0.703,0.707,0.85,0.61,0.642,0.581,0.569,0.519,0.795,0.372,0.29,0.387,0.207,-0.071,0.203,0.566,0.357,0.889
ALNY,0.921,0.796,0.793,0.598,0.438,-0.748,0.927,0.84,0.817,0.951,0.859,0.0,0.242,0.761,-0.553,0.857,-0.606,0.791,0.777,0.808,0.675,0.899,0.794,-0.241,0.484,0.6,-0.281,0.137,-0.193,0.758,0.786,0.098,0.38,0.861,-0.521,-0.541,0.843,0.848,0.89,0.586,-0.376,0.825,0.683,-0.757,0.686,-0.353,0.912,0.667,-0.363,0.852,0.832,0.635,0.728,0.502,0.8,0.779,0.843,0.78,0.725,0.92,0.932,0.556,0.807,0.433,-0.615,0.85,0.926,0.901,-0.482,0.884,0.876,0.815,0.838,0.585,0.446,-0.611,-0.536,-0.895,0.558,0.163,0.23,0.883,0.928,0.914,-0.924,0.108,0.752,0.536,-0.483,-0.592,-0.02,0.802,-0.285,0.781,0.705,0.864,0.95,-0.472,-0.507,0.823,0.747,0.824,0.098,0.689,0.142,0.886,0.745,0.815,0.746,0.781,0.802,0.789,0.778,0.71,0.875,0.76,0.73,0.446,0.68,0.813,0.475,0.819,0.313,0.465,0.677,0.777,-0.645,-0.142,0.239,0.817,-0.635,-0.037,0.829,0.741,0.181,0.748,0.769,0.72,-0.09,0.736,0.962,-0.296,0.582,0.747,0.642,0.947,0.728,0.657,0.901,0.939,0.145,-0.701,0.419,0.878,0.837,0.933,0.85,0.813,0.675,0.874,0.04,-0.419,0.751,-0.433,0.834,0.819,0.789,0.891,0.506,-0.711,0.949,0.721,0.878,0.066,0.712,-0.302,0.645,-0.554,0.639,0.873,0.631,-0.444,0.895,0.771,0.945,0.677,0.787,0.784,0.685,0.438,0.95,0.638,0.462,0.623,0.045,0.147,0.148,0.809,0.523,0.884
ALTR,0.219,0.583,0.023,-0.21,0.869,0.276,0.315,0.485,0.32,0.329,-0.077,0.242,0.0,0.676,-0.064,0.612,0.42,0.705,0.222,-0.122,0.317,0.113,-0.095,0.638,0.817,-0.366,-0.489,-0.423,-0.589,0.089,-0.216,-0.497,0.134,0.263,-0.659,0.314,0.184,0.251,0.123,-0.071,0.344,0.275,0.356,-0.461,0.325,-0.857,0.199,0.368,-0.794,0.136,0.482,0.465,0.387,0.515,0.479,0.666,0.185,0.584,-0.159,0.213,0.395,0.782,-0.028,-0.32,-0.607,0.38,0.443,0.256,0.141,0.347,0.084,0.332,0.398,0.524,0.051,-0.296,-0.462,-0.346,-0.242,0.117,0.792,-0.016,0.271,0.149,-0.235,-0.141,0.647,0.352,-0.005,-0.42,-0.588,0.231,0.058,-0.264,0.098,-0.063,0.14,0.089,0.257,0.253,-0.025,0.657,-0.147,-0.217,-0.521,0.34,0.504,0.487,0.446,0.469,0.225,0.427,-0.151,0.075,-0.0,0.202,0.439,0.259,0.464,0.416,0.211,0.515,0.436,0.25,0.291,0.112,-0.047,-0.581,0.576,0.357,-0.698,-0.079,0.25,0.196,0.003,0.3,0.581,-0.273,0.267,0.296,0.243,0.118,0.143,0.474,0.24,0.196,0.412,0.682,0.362,0.213,-0.547,0.048,-0.155,0.31,0.114,0.196,0.085,-0.078,0.008,0.027,0.332,-0.465,0.321,0.382,-0.081,0.131,0.535,0.496,0.802,0.076,0.202,0.434,0.106,-0.619,-0.259,-0.682,-0.315,-0.13,-0.052,0.309,0.428,0.018,0.303,-0.054,0.234,0.02,0.149,0.469,0.429,-0.04,0.368,0.624,0.199,0.707,-0.547,0.395,-0.151,0.517,0.253,0.117
AMBA,0.782,0.898,0.637,0.466,0.777,-0.343,0.843,0.949,0.84,0.781,0.528,0.761,0.676,0.0,-0.448,0.932,-0.183,0.945,0.559,0.457,0.578,0.699,0.605,0.048,0.846,0.305,-0.248,0.0,-0.481,0.695,0.495,0.006,0.577,0.843,-0.781,-0.303,0.803,0.808,0.629,0.494,-0.158,0.819,0.81,-0.785,0.815,-0.689,0.808,0.835,-0.697,0.589,0.936,0.862,0.81,0.55,0.911,0.953,0.745,0.951,0.428,0.738,0.854,0.927,0.475,0.266,-0.727,0.799,0.883,0.801,-0.466,0.878,0.755,0.833,0.903,0.836,0.557,-0.463,-0.672,-0.676,0.228,0.445,0.627,0.64,0.819,0.746,-0.779,0.102,0.941,0.778,-0.449,-0.421,-0.339,0.809,-0.292,0.428,0.7,0.53,0.672,-0.017,0.009,0.832,0.607,0.897,0.013,0.474,0.001,0.757,0.912,0.925,0.886,0.894,0.796,0.9,0.394,0.701,0.627,0.753,0.895,0.541,0.541,0.914,0.567,0.945,0.606,0.673,0.801,0.747,-0.238,-0.408,0.641,0.907,-0.757,0.015,0.828,0.76,-0.052,0.817,0.965,0.278,0.371,0.81,0.812,-0.373,0.534,0.898,0.51,0.771,0.872,0.943,0.895,0.807,-0.122,-0.32,0.176,0.871,0.708,0.749,0.69,0.568,0.57,0.584,0.058,-0.514,0.558,0.025,0.634,0.678,0.945,0.879,0.818,-0.26,0.779,0.844,0.763,-0.412,0.436,-0.549,0.377,-0.401,0.518,0.867,0.844,-0.256,0.831,0.613,0.78,0.563,0.744,0.926,0.625,0.413,0.879,0.895,0.589,0.799,-0.139,0.331,0.255,0.907,0.623,0.73
AMCX,-0.491,-0.547,-0.348,-0.423,-0.245,0.596,-0.543,-0.559,-0.6,-0.611,-0.56,-0.553,-0.064,-0.448,0.0,-0.437,0.558,-0.514,-0.2,-0.544,-0.385,-0.439,-0.438,0.214,-0.157,-0.32,0.069,0.185,0.435,-0.438,-0.534,0.039,-0.277,-0.546,0.553,0.417,-0.479,-0.628,-0.524,-0.416,0.56,-0.626,-0.557,0.674,-0.539,0.314,-0.571,-0.518,0.443,-0.612,-0.543,-0.505,-0.6,-0.144,-0.521,-0.372,-0.362,-0.554,-0.237,-0.727,-0.635,-0.208,-0.322,-0.108,0.536,-0.388,-0.613,-0.596,0.298,-0.613,-0.559,-0.547,-0.602,-0.238,-0.166,0.345,0.688,0.428,-0.193,-0.167,-0.129,-0.491,-0.549,-0.604,0.645,0.175,-0.473,-0.361,0.752,0.244,0.27,-0.424,0.218,-0.469,-0.548,-0.654,-0.631,0.212,0.396,-0.585,-0.358,-0.509,0.131,-0.557,-0.021,-0.46,-0.345,-0.585,-0.512,-0.597,-0.536,-0.402,-0.569,-0.469,-0.363,-0.653,-0.546,-0.146,-0.218,-0.582,-0.365,-0.555,0.157,-0.329,-0.483,-0.515,0.406,0.319,-0.088,-0.479,0.553,0.424,-0.451,-0.404,0.074,-0.637,-0.418,-0.426,0.028,-0.531,-0.55,0.173,-0.085,-0.592,-0.62,-0.7,-0.596,-0.377,-0.542,-0.632,0.2,0.533,-0.159,-0.593,-0.373,-0.6,-0.419,-0.567,-0.287,-0.474,0.161,0.504,-0.399,0.056,-0.485,-0.648,-0.593,-0.539,-0.364,0.463,-0.578,-0.538,-0.56,0.185,-0.377,0.411,-0.304,0.407,-0.34,-0.528,-0.522,0.537,-0.5,-0.51,-0.561,-0.306,-0.463,-0.499,-0.32,-0.098,-0.57,-0.524,-0.492,-0.414,0.187,0.507,-0.274,-0.59,-0.184,-0.437
AMKR,0.839,0.892,0.684,0.413,0.777,-0.44,0.866,0.894,0.8,0.873,0.611,0.857,0.612,0.932,-0.437,0.0,-0.275,0.907,0.709,0.559,0.7,0.737,0.623,0.093,0.807,0.331,-0.415,-0.065,-0.401,0.654,0.535,-0.073,0.414,0.814,-0.695,-0.249,0.764,0.794,0.752,0.48,-0.126,0.788,0.716,-0.754,0.707,-0.646,0.834,0.724,-0.622,0.681,0.897,0.71,0.752,0.683,0.869,0.94,0.772,0.873,0.504,0.773,0.894,0.845,0.606,0.246,-0.746,0.881,0.925,0.825,-0.361,0.861,0.74,0.794,0.864,0.764,0.482,-0.577,-0.597,-0.849,0.345,0.226,0.574,0.699,0.861,0.79,-0.831,0.086,0.916,0.622,-0.4,-0.65,-0.243,0.782,-0.243,0.475,0.62,0.594,0.761,-0.262,-0.226,0.774,0.589,0.945,0.083,0.412,-0.114,0.878,0.86,0.857,0.824,0.836,0.751,0.846,0.517,0.608,0.708,0.706,0.8,0.523,0.711,0.837,0.43,0.867,0.562,0.49,0.707,0.679,-0.506,-0.295,0.556,0.844,-0.79,-0.04,0.797,0.742,0.103,0.739,0.922,0.405,0.144,0.72,0.866,-0.249,0.564,0.796,0.526,0.811,0.76,0.882,0.884,0.839,-0.078,-0.461,0.241,0.839,0.765,0.81,0.755,0.584,0.558,0.696,0.159,-0.491,0.662,-0.178,0.642,0.669,0.869,0.942,0.774,-0.45,0.808,0.795,0.751,-0.232,0.419,-0.545,0.408,-0.458,0.497,0.827,0.726,-0.246,0.891,0.615,0.84,0.576,0.744,0.862,0.698,0.315,0.895,0.795,0.475,0.823,-0.137,0.377,0.015,0.872,0.604,0.768
AMRX,-0.617,-0.347,-0.661,-0.731,0.261,0.843,-0.603,-0.425,-0.537,-0.538,-0.696,-0.606,0.42,-0.183,0.558,-0.275,0.0,-0.219,-0.435,-0.779,-0.342,-0.618,-0.7,0.731,0.169,-0.768,-0.245,-0.204,-0.141,-0.672,-0.831,-0.465,-0.32,-0.605,0.129,0.7,-0.635,-0.603,-0.649,-0.642,0.69,-0.579,-0.399,0.402,-0.393,-0.249,-0.629,-0.345,-0.156,-0.514,-0.403,-0.246,-0.447,-0.066,-0.402,-0.187,-0.59,-0.324,-0.738,-0.631,-0.538,0.078,-0.616,-0.655,0.071,-0.372,-0.494,-0.597,0.617,-0.574,-0.685,-0.567,-0.479,-0.082,-0.426,0.21,0.189,0.426,-0.591,-0.105,0.335,-0.758,-0.62,-0.667,0.672,-0.35,-0.25,-0.345,0.62,0.197,-0.306,-0.578,0.442,-0.821,-0.574,-0.743,-0.663,0.337,0.62,-0.59,-0.655,-0.219,-0.13,-0.78,-0.385,-0.494,-0.313,-0.428,-0.435,-0.419,-0.605,-0.378,-0.75,-0.644,-0.689,-0.59,-0.374,-0.371,-0.144,-0.436,-0.276,-0.41,0.054,-0.319,-0.456,-0.593,0.54,-0.271,0.114,-0.457,0.089,0.297,-0.59,-0.544,0.004,-0.471,-0.259,-0.709,0.162,-0.534,-0.635,0.433,-0.427,-0.356,-0.348,-0.689,-0.397,-0.051,-0.524,-0.67,-0.37,0.593,-0.387,-0.572,-0.561,-0.616,-0.676,-0.812,-0.513,-0.678,0.311,-0.002,-0.213,0.446,-0.755,-0.628,-0.353,-0.441,0.11,0.513,-0.65,-0.403,-0.696,-0.455,-0.739,-0.175,-0.743,0.246,-0.731,-0.505,-0.31,0.485,-0.535,-0.713,-0.683,-0.691,-0.614,-0.381,-0.28,-0.274,-0.561,-0.236,-0.393,-0.083,-0.502,0.212,-0.367,-0.393,-0.365,-0.593
ANSS,0.766,0.897,0.545,0.36,0.762,-0.388,0.844,0.914,0.796,0.84,0.56,0.791,0.705,0.945,-0.514,0.907,-0.219,0.0,0.599,0.487,0.56,0.688,0.522,0.108,0.79,0.261,-0.381,-0.107,-0.507,0.619,0.45,-0.163,0.428,0.792,-0.798,-0.281,0.735,0.777,0.652,0.423,-0.137,0.791,0.733,-0.856,0.74,-0.753,0.753,0.74,-0.749,0.69,0.882,0.801,0.778,0.523,0.85,0.895,0.699,0.928,0.396,0.797,0.896,0.835,0.524,0.151,-0.798,0.759,0.891,0.783,-0.358,0.855,0.708,0.807,0.848,0.735,0.37,-0.556,-0.699,-0.738,0.224,0.287,0.595,0.609,0.794,0.72,-0.797,-0.003,0.924,0.655,-0.518,-0.518,-0.379,0.724,-0.174,0.43,0.626,0.606,0.738,-0.183,-0.174,0.794,0.552,0.928,-0.032,0.45,-0.111,0.738,0.815,0.907,0.817,0.856,0.721,0.814,0.444,0.63,0.579,0.703,0.819,0.492,0.632,0.872,0.523,0.924,0.428,0.573,0.701,0.675,-0.362,-0.503,0.491,0.821,-0.84,-0.161,0.758,0.637,0.046,0.765,0.874,0.351,0.164,0.749,0.802,-0.216,0.465,0.865,0.595,0.801,0.816,0.856,0.864,0.797,-0.223,-0.482,0.159,0.838,0.632,0.762,0.621,0.578,0.512,0.596,0.163,-0.598,0.666,0.003,0.564,0.684,0.917,0.872,0.811,-0.336,0.797,0.764,0.727,-0.38,0.395,-0.58,0.293,-0.493,0.461,0.839,0.757,-0.36,0.761,0.535,0.804,0.489,0.649,0.854,0.713,0.329,0.88,0.849,0.518,0.81,-0.268,0.2,0.159,0.892,0.488,0.69
APPN,0.798,0.562,0.669,0.273,0.269,-0.557,0.776,0.561,0.425,0.802,0.767,0.777,0.222,0.559,-0.2,0.709,-0.435,0.599,0.0,0.699,0.681,0.781,0.612,-0.015,0.331,0.468,-0.412,0.272,0.147,0.495,0.586,-0.023,-0.009,0.573,-0.215,-0.172,0.576,0.486,0.817,0.407,0.075,0.457,0.232,-0.401,0.284,-0.247,0.682,0.288,-0.179,0.742,0.501,0.265,0.325,0.624,0.571,0.558,0.79,0.465,0.706,0.645,0.681,0.414,0.919,0.457,-0.428,0.749,0.68,0.677,-0.215,0.597,0.642,0.527,0.495,0.365,0.344,-0.369,-0.079,-0.801,0.749,-0.22,0.026,0.7,0.719,0.669,-0.682,0.332,0.547,0.226,-0.251,-0.574,0.142,0.618,-0.002,0.648,0.29,0.694,0.777,-0.647,-0.517,0.534,0.687,0.635,0.394,0.457,0.121,0.772,0.544,0.512,0.493,0.393,0.472,0.489,0.684,0.452,0.768,0.401,0.354,0.493,0.798,0.467,0.082,0.547,0.421,0.14,0.293,0.451,-0.544,0.138,0.229,0.562,-0.396,0.091,0.603,0.456,0.427,0.34,0.556,0.7,-0.342,0.392,0.717,0.036,0.666,0.353,0.325,0.701,0.312,0.486,0.623,0.665,0.336,-0.641,0.576,0.576,0.807,0.741,0.757,0.579,0.657,0.777,0.438,-0.075,0.757,-0.598,0.62,0.535,0.465,0.714,0.263,-0.488,0.738,0.373,0.594,0.381,0.516,0.031,0.609,-0.431,0.498,0.609,0.206,-0.119,0.622,0.43,0.755,0.548,0.5,0.455,0.744,0.392,0.695,0.318,-0.008,0.473,0.158,0.321,-0.134,0.437,0.407,0.767
APTO,0.805,0.577,0.762,0.626,-0.002,-0.894,0.783,0.6,0.613,0.815,0.876,0.808,-0.122,0.457,-0.544,0.559,-0.779,0.487,0.699,0.0,0.728,0.866,0.802,-0.492,0.057,0.673,0.052,0.342,0.141,0.69,0.866,0.244,0.281,0.697,-0.19,-0.482,0.701,0.675,0.876,0.731,-0.458,0.645,0.474,-0.446,0.444,0.004,0.775,0.468,-0.013,0.724,0.567,0.392,0.482,0.441,0.537,0.454,0.692,0.488,0.715,0.808,0.762,0.251,0.817,0.558,-0.363,0.652,0.675,0.807,-0.451,0.699,0.788,0.639,0.596,0.254,0.426,-0.421,-0.244,-0.626,0.729,0.044,-0.107,0.873,0.801,0.838,-0.762,0.281,0.478,0.409,-0.578,-0.329,0.286,0.731,-0.349,0.844,0.587,0.903,0.883,-0.536,-0.673,0.672,0.79,0.475,0.27,0.762,0.364,0.759,0.557,0.575,0.533,0.533,0.671,0.538,0.941,0.645,0.838,0.689,0.506,0.385,0.533,0.584,0.426,0.582,0.201,0.328,0.492,0.619,-0.565,0.205,0.111,0.625,-0.273,-0.143,0.667,0.628,0.046,0.592,0.531,0.87,-0.202,0.551,0.797,-0.223,0.416,0.497,0.512,0.825,0.499,0.355,0.655,0.805,0.394,-0.723,0.729,0.684,0.805,0.804,0.801,0.865,0.659,0.897,0.048,-0.136,0.596,-0.496,0.813,0.711,0.531,0.666,0.143,-0.596,0.831,0.564,0.766,0.349,0.763,0.017,0.768,-0.326,0.691,0.649,0.377,-0.295,0.676,0.73,0.831,0.713,0.646,0.526,0.552,0.505,0.745,0.408,0.312,0.299,0.343,-0.058,0.272,0.523,0.486,0.787
ARCT,0.694,0.667,0.656,0.316,0.356,-0.572,0.689,0.566,0.504,0.765,0.606,0.675,0.317,0.578,-0.385,0.7,-0.342,0.56,0.681,0.728,0.0,0.716,0.563,-0.043,0.332,0.21,-0.147,0.078,-0.024,0.514,0.552,-0.056,0.171,0.551,-0.285,-0.023,0.521,0.516,0.77,0.565,-0.117,0.495,0.414,-0.318,0.314,-0.292,0.66,0.439,-0.255,0.511,0.561,0.338,0.39,0.858,0.544,0.616,0.544,0.508,0.425,0.614,0.697,0.534,0.603,0.297,-0.474,0.702,0.647,0.707,-0.123,0.599,0.556,0.547,0.535,0.365,0.387,-0.397,-0.199,-0.608,0.587,-0.066,0.254,0.646,0.71,0.7,-0.617,0.288,0.602,0.395,-0.341,-0.48,0.094,0.628,-0.34,0.439,0.353,0.591,0.695,-0.468,-0.44,0.496,0.568,0.597,0.255,0.349,-0.023,0.842,0.669,0.517,0.529,0.506,0.554,0.511,0.75,0.38,0.663,0.578,0.486,0.437,0.708,0.504,0.332,0.545,0.468,0.197,0.398,0.356,-0.522,0.171,0.516,0.552,-0.402,-0.086,0.524,0.583,0.013,0.483,0.67,0.546,-0.095,0.411,0.664,-0.01,0.341,0.433,0.442,0.646,0.421,0.556,0.538,0.653,0.169,-0.428,0.675,0.547,0.73,0.641,0.7,0.551,0.443,0.727,0.311,-0.104,0.573,-0.255,0.539,0.526,0.534,0.759,0.414,-0.429,0.641,0.632,0.519,0.117,0.373,-0.292,0.422,-0.119,0.472,0.461,0.344,0.025,0.658,0.489,0.668,0.594,0.517,0.506,0.564,0.361,0.647,0.546,0.195,0.531,0.125,0.25,-0.002,0.513,0.623,0.631
ARWR,0.927,0.699,0.865,0.692,0.215,-0.791,0.912,0.797,0.757,0.897,0.903,0.899,0.113,0.699,-0.439,0.737,-0.618,0.688,0.781,0.866,0.716,0.0,0.879,-0.409,0.335,0.676,-0.05,0.423,0.037,0.814,0.873,0.295,0.447,0.848,-0.35,-0.561,0.864,0.788,0.867,0.699,-0.347,0.777,0.619,-0.573,0.632,-0.159,0.896,0.651,-0.173,0.765,0.76,0.629,0.626,0.483,0.729,0.679,0.846,0.71,0.777,0.872,0.857,0.519,0.843,0.639,-0.453,0.813,0.816,0.893,-0.548,0.841,0.915,0.771,0.768,0.521,0.566,-0.466,-0.359,-0.726,0.726,0.239,0.07,0.93,0.896,0.918,-0.84,0.337,0.681,0.576,-0.526,-0.355,0.18,0.862,-0.358,0.861,0.695,0.886,0.911,-0.4,-0.466,0.807,0.86,0.659,0.216,0.802,0.4,0.831,0.76,0.756,0.719,0.698,0.805,0.77,0.848,0.773,0.925,0.783,0.686,0.505,0.552,0.763,0.517,0.786,0.411,0.569,0.656,0.783,-0.432,0.052,0.303,0.826,-0.393,0.053,0.814,0.759,0.071,0.729,0.745,0.779,-0.04,0.728,0.906,-0.369,0.574,0.691,0.524,0.898,0.685,0.599,0.84,0.907,0.409,-0.639,0.634,0.846,0.917,0.902,0.9,0.872,0.754,0.869,0.04,-0.176,0.698,-0.456,0.902,0.802,0.734,0.804,0.359,-0.54,0.946,0.691,0.882,0.155,0.846,-0.068,0.774,-0.419,0.736,0.84,0.579,-0.292,0.822,0.798,0.907,0.764,0.765,0.728,0.599,0.646,0.888,0.579,0.394,0.451,0.306,0.157,0.308,0.694,0.623,0.936
ASND,0.844,0.57,0.864,0.824,0.111,-0.814,0.831,0.743,0.773,0.749,0.856,0.794,-0.095,0.605,-0.438,0.623,-0.7,0.522,0.612,0.802,0.563,0.879,0.0,-0.592,0.249,0.809,0.16,0.507,0.113,0.829,0.932,0.516,0.562,0.832,-0.259,-0.692,0.871,0.776,0.813,0.771,-0.53,0.766,0.659,-0.526,0.686,0.018,0.878,0.672,-0.029,0.661,0.728,0.58,0.619,0.283,0.691,0.573,0.811,0.621,0.748,0.771,0.752,0.42,0.757,0.708,-0.353,0.703,0.716,0.827,-0.728,0.809,0.927,0.749,0.76,0.584,0.706,-0.342,-0.31,-0.577,0.63,0.375,-0.029,0.907,0.829,0.874,-0.83,0.334,0.564,0.65,-0.566,-0.151,0.242,0.848,-0.435,0.885,0.772,0.816,0.783,-0.248,-0.347,0.836,0.896,0.528,0.243,0.859,0.52,0.71,0.7,0.699,0.702,0.677,0.805,0.722,0.74,0.849,0.9,0.753,0.691,0.486,0.368,0.745,0.506,0.698,0.428,0.574,0.716,0.856,-0.356,0.196,0.243,0.821,-0.277,0.084,0.851,0.834,-0.027,0.731,0.688,0.765,0.139,0.725,0.856,-0.542,0.597,0.65,0.409,0.822,0.671,0.563,0.792,0.871,0.508,-0.559,0.516,0.824,0.905,0.832,0.882,0.862,0.773,0.795,-0.171,-0.161,0.468,-0.448,0.953,0.742,0.677,0.685,0.193,-0.447,0.862,0.654,0.9,0.22,0.901,0.061,0.863,-0.445,0.802,0.819,0.595,-0.285,0.797,0.864,0.843,0.776,0.815,0.742,0.437,0.589,0.805,0.497,0.504,0.369,0.462,0.13,0.432,0.644,0.56,0.908
ASTH,-0.332,-0.028,-0.532,-0.8,0.53,0.626,-0.302,-0.206,-0.387,-0.137,-0.41,-0.241,0.638,0.048,0.214,0.093,0.731,0.108,-0.015,-0.492,-0.043,-0.409,-0.592,0.0,0.333,-0.745,-0.687,-0.441,-0.288,-0.603,-0.686,-0.782,-0.51,-0.425,-0.1,0.789,-0.506,-0.406,-0.273,-0.571,0.745,-0.399,-0.356,0.089,-0.322,-0.568,-0.389,-0.307,-0.453,-0.095,-0.202,-0.183,-0.285,0.257,-0.151,0.039,-0.335,-0.111,-0.594,-0.292,-0.192,0.215,-0.27,-0.715,-0.294,-0.053,-0.143,-0.332,0.716,-0.34,-0.511,-0.378,-0.281,-0.022,-0.508,-0.027,-0.025,-0.045,-0.394,-0.411,0.439,-0.564,-0.342,-0.415,0.333,-0.427,0.018,-0.391,0.418,-0.297,-0.449,-0.45,0.597,-0.657,-0.564,-0.448,-0.294,-0.084,0.234,-0.426,-0.559,0.163,-0.048,-0.714,-0.638,-0.139,-0.204,-0.224,-0.264,-0.246,-0.493,-0.265,-0.467,-0.601,-0.481,-0.442,-0.274,-0.27,0.301,-0.278,-0.387,-0.195,0.019,-0.421,-0.434,-0.515,0.077,-0.423,0.144,-0.325,-0.317,0.083,-0.43,-0.499,0.27,-0.367,-0.086,-0.438,-0.175,-0.432,-0.354,0.678,-0.251,-0.217,-0.095,-0.353,-0.301,0.148,-0.282,-0.397,-0.547,0.189,-0.243,-0.364,-0.346,-0.297,-0.464,-0.634,-0.35,-0.341,0.577,-0.246,0.192,0.165,-0.643,-0.453,-0.156,-0.07,0.345,0.183,-0.381,-0.282,-0.528,-0.413,-0.735,-0.39,-0.625,-0.054,-0.657,-0.29,-0.266,0.319,-0.278,-0.651,-0.36,-0.597,-0.509,-0.235,0.082,-0.393,-0.275,-0.085,-0.425,0.224,-0.725,0.185,-0.645,-0.172,-0.361,-0.382
ATSG,0.502,0.72,0.342,0.159,0.905,0.048,0.545,0.728,0.618,0.485,0.156,0.484,0.817,0.846,-0.157,0.807,0.169,0.79,0.331,0.057,0.332,0.335,0.249,0.333,0.0,0.036,-0.416,-0.255,-0.621,0.391,0.104,-0.173,0.424,0.572,-0.773,-0.067,0.512,0.569,0.313,0.165,0.103,0.594,0.636,-0.638,0.629,-0.768,0.528,0.632,-0.732,0.309,0.744,0.669,0.66,0.464,0.723,0.838,0.486,0.768,0.164,0.41,0.594,0.869,0.168,-0.021,-0.618,0.587,0.669,0.492,-0.249,0.617,0.403,0.585,0.697,0.778,0.364,-0.405,-0.603,-0.54,-0.087,0.346,0.801,0.296,0.54,0.412,-0.51,-0.036,0.8,0.578,-0.152,-0.46,-0.506,0.514,-0.157,0.04,0.471,0.135,0.32,0.15,0.227,0.55,0.262,0.804,-0.099,0.075,-0.291,0.535,0.726,0.708,0.7,0.712,0.529,0.717,0.002,0.396,0.304,0.462,0.7,0.398,0.438,0.683,0.333,0.709,0.578,0.483,0.619,0.493,-0.146,-0.501,0.619,0.657,-0.754,0.02,0.572,0.536,-0.004,0.58,0.776,-0.101,0.423,0.578,0.534,-0.263,0.405,0.697,0.276,0.444,0.662,0.825,0.666,0.499,-0.359,-0.053,-0.197,0.605,0.393,0.468,0.389,0.183,0.253,0.238,0.083,-0.498,0.344,0.208,0.285,0.392,0.744,0.685,0.856,-0.11,0.446,0.635,0.456,-0.546,0.057,-0.649,0.02,-0.31,0.2,0.617,0.715,-0.152,0.614,0.324,0.484,0.274,0.546,0.757,0.472,0.094,0.608,0.738,0.467,0.812,-0.344,0.502,-0.012,0.747,0.481,0.423
AVTX,0.673,0.297,0.712,0.783,-0.195,-0.716,0.639,0.507,0.576,0.497,0.709,0.6,-0.366,0.305,-0.32,0.331,-0.768,0.261,0.468,0.673,0.21,0.676,0.809,-0.745,0.036,0.0,0.243,0.497,0.188,0.693,0.81,0.619,0.439,0.664,-0.133,-0.807,0.722,0.606,0.571,0.583,-0.535,0.609,0.448,-0.389,0.495,0.252,0.673,0.442,0.189,0.494,0.467,0.34,0.449,-0.062,0.47,0.288,0.708,0.372,0.823,0.559,0.513,0.084,0.681,0.774,-0.061,0.392,0.491,0.576,-0.763,0.608,0.757,0.58,0.54,0.323,0.617,-0.178,-0.14,-0.41,0.611,0.265,-0.268,0.787,0.62,0.658,-0.659,0.408,0.286,0.451,-0.465,-0.044,0.289,0.681,-0.36,0.86,0.652,0.689,0.591,-0.182,-0.354,0.67,0.796,0.275,0.302,0.817,0.557,0.426,0.407,0.499,0.517,0.447,0.625,0.493,0.595,0.758,0.726,0.549,0.445,0.438,0.133,0.513,0.297,0.476,0.253,0.422,0.554,0.764,-0.287,0.335,-0.04,0.592,-0.063,0.06,0.704,0.646,0.046,0.497,0.373,0.655,0.044,0.601,0.654,-0.607,0.611,0.402,0.174,0.641,0.449,0.232,0.601,0.674,0.575,-0.498,0.304,0.632,0.683,0.636,0.725,0.786,0.705,0.599,-0.266,0.042,0.247,-0.452,0.844,0.632,0.414,0.405,-0.115,-0.417,0.675,0.382,0.767,0.446,0.854,0.297,0.819,-0.386,0.738,0.636,0.394,-0.38,0.549,0.749,0.672,0.649,0.713,0.504,0.311,0.421,0.588,0.221,0.36,0.13,0.58,-0.005,0.417,0.417,0.385,0.722
BCPC,-0.18,-0.237,0.105,0.474,-0.553,-0.104,-0.156,-0.128,0.027,-0.343,-0.14,-0.281,-0.489,-0.248,0.069,-0.415,-0.245,-0.381,-0.412,0.052,-0.147,-0.05,0.16,-0.687,-0.416,0.243,0.0,0.351,0.305,0.23,0.217,0.671,0.464,0.005,0.297,-0.31,0.095,0.001,-0.209,0.318,-0.464,-0.008,0.127,0.318,0.039,0.6,-0.071,0.113,0.5,-0.438,-0.107,0.001,-0.058,-0.36,-0.177,-0.233,-0.102,-0.164,0.092,-0.206,-0.246,-0.207,-0.269,0.372,0.489,-0.329,-0.317,-0.096,-0.452,-0.083,0.04,0.003,-0.088,-0.114,0.387,0.411,0.258,0.573,-0.021,0.476,-0.283,0.083,-0.103,-0.046,0.18,0.377,-0.283,0.337,-0.069,0.648,0.418,0.148,-0.527,0.1,0.222,-0.09,-0.221,0.484,0.248,0.018,0.168,-0.52,0.056,0.286,0.524,-0.276,0.003,-0.091,-0.023,-0.053,0.158,-0.038,0.018,0.234,-0.038,0.104,0.038,0.071,-0.581,-0.058,0.419,-0.109,0.036,0.271,0.183,0.1,0.392,0.419,0.054,-0.005,0.582,0.059,0.065,0.21,-0.556,0.066,-0.099,-0.076,0.434,0.097,-0.138,-0.55,-0.091,-0.049,-0.143,-0.162,0.043,-0.254,-0.162,-0.08,0.303,0.338,0.158,-0.059,-0.058,-0.22,0.005,0.182,0.054,-0.084,-0.524,0.359,-0.591,0.299,0.167,-0.011,-0.137,-0.316,-0.444,0.282,-0.123,0.089,0.045,0.158,0.257,0.351,0.203,0.557,0.318,-0.162,0.065,0.093,-0.13,0.254,-0.147,0.271,0.107,-0.052,-0.437,0.254,-0.175,-0.022,0.314,-0.463,0.623,-0.145,0.706,-0.148,0.213,-0.137
BEAM,0.247,-0.173,0.326,0.349,-0.437,-0.313,0.161,0.058,0.025,0.105,0.407,0.137,-0.423,0.0,0.185,-0.065,-0.204,-0.107,0.272,0.342,0.078,0.423,0.507,-0.441,-0.255,0.497,0.351,0.0,0.646,0.221,0.425,0.549,0.162,0.144,0.43,-0.284,0.242,0.055,0.176,0.29,0.048,0.042,-0.017,0.227,0.047,0.485,0.208,0.06,0.499,0.188,0.004,0.065,-0.131,-0.149,-0.014,-0.049,0.304,-0.077,0.385,0.089,0.042,-0.019,0.424,0.539,0.163,0.132,-0.059,0.132,-0.344,0.06,0.354,0.011,0.008,0.074,0.325,0.134,0.373,0.038,0.524,0.135,-0.35,0.359,0.159,0.25,-0.054,0.291,-0.122,0.132,-0.004,0.369,0.609,0.314,0.001,0.475,0.191,0.32,0.202,-0.121,-0.044,0.151,0.528,-0.174,0.48,0.456,0.832,0.015,0.104,-0.001,0.004,-0.083,0.128,0.114,0.324,0.301,0.381,0.094,0.005,-0.003,0.017,0.059,0.181,0.037,0.299,0.178,0.066,0.263,0.29,0.447,-0.067,0.229,0.453,0.59,0.215,0.188,0.054,0.078,0.075,0.466,-0.007,0.032,0.162,-0.222,0.219,-0.011,-0.111,0.12,-0.001,0.04,0.088,0.152,0.721,-0.161,0.538,0.109,0.489,0.182,0.296,0.338,0.547,0.339,0.093,0.302,0.222,-0.446,0.438,0.079,-0.025,-0.076,-0.399,0.008,0.242,-0.049,0.248,0.387,0.567,0.574,0.602,-0.095,0.244,0.213,-0.036,0.283,0.066,0.29,0.129,0.197,0.162,0.046,0.02,0.65,0.097,-0.194,-0.129,-0.325,0.568,0.018,0.298,-0.129,0.084,0.39
BILI,-0.135,-0.509,0.004,-0.018,-0.674,-0.165,-0.232,-0.45,-0.424,-0.186,0.086,-0.193,-0.589,-0.481,0.435,-0.401,-0.141,-0.507,0.147,0.141,-0.024,0.037,0.113,-0.288,-0.621,0.188,0.305,0.646,0.0,-0.184,0.103,0.336,-0.304,-0.325,0.85,0.068,-0.229,-0.392,-0.011,0.005,0.184,-0.408,-0.502,0.601,-0.495,0.712,-0.221,-0.473,0.771,-0.105,-0.474,-0.499,-0.565,-0.155,-0.507,-0.443,-0.107,-0.562,0.12,-0.273,-0.308,-0.426,0.226,0.277,0.452,-0.158,-0.432,-0.245,0.054,-0.386,-0.098,-0.382,-0.478,-0.395,-0.058,0.174,0.828,0.232,0.4,-0.336,-0.568,0.016,-0.21,-0.138,0.277,0.26,-0.505,-0.338,0.222,0.253,0.84,-0.127,0.178,0.156,-0.317,0.023,-0.087,-0.31,-0.283,-0.334,0.16,-0.538,0.446,0.043,0.472,-0.236,-0.33,-0.487,-0.473,-0.538,-0.316,-0.375,0.17,-0.168,0.089,-0.359,-0.517,-0.184,-0.005,-0.458,-0.181,-0.454,0.047,-0.315,-0.418,-0.252,0.1,0.638,-0.33,-0.303,0.727,0.26,-0.217,-0.221,0.184,-0.441,-0.371,0.352,-0.403,-0.44,-0.206,0.182,-0.069,-0.53,-0.324,-0.253,-0.525,-0.418,-0.382,-0.239,0.642,-0.117,0.47,-0.367,0.116,-0.213,-0.035,0.023,0.113,0.119,0.212,0.505,-0.041,-0.506,0.018,-0.267,-0.52,-0.376,-0.719,0.106,-0.158,-0.453,-0.204,0.658,0.175,0.742,0.269,0.171,-0.011,-0.297,-0.567,0.48,-0.274,-0.101,-0.179,-0.04,-0.265,-0.456,-0.111,0.322,-0.312,-0.606,-0.511,-0.621,0.538,-0.021,-0.027,-0.556,-0.226,-0.037
BJRI,0.831,0.716,0.908,0.874,0.221,-0.674,0.864,0.845,0.877,0.681,0.664,0.758,0.089,0.695,-0.438,0.654,-0.672,0.619,0.495,0.69,0.514,0.814,0.829,-0.603,0.391,0.693,0.23,0.221,-0.184,0.0,0.845,0.496,0.75,0.934,-0.538,-0.732,0.961,0.874,0.704,0.774,-0.616,0.862,0.811,-0.626,0.804,-0.151,0.876,0.809,-0.23,0.477,0.828,0.718,0.793,0.356,0.817,0.69,0.838,0.785,0.786,0.744,0.755,0.528,0.565,0.729,-0.277,0.662,0.78,0.844,-0.797,0.893,0.894,0.905,0.856,0.585,0.794,-0.287,-0.458,-0.541,0.494,0.568,0.131,0.869,0.862,0.849,-0.82,0.476,0.688,0.814,-0.562,-0.203,0.013,0.904,-0.692,0.765,0.857,0.676,0.705,0.024,-0.171,0.896,0.793,0.567,0.01,0.806,0.345,0.738,0.829,0.826,0.862,0.824,0.941,0.854,0.618,0.915,0.842,0.875,0.84,0.68,0.213,0.844,0.605,0.833,0.414,0.749,0.87,0.873,-0.315,0.042,0.407,0.883,-0.342,-0.056,0.905,0.912,-0.211,0.812,0.767,0.488,0.363,0.912,0.857,-0.731,0.664,0.785,0.428,0.826,0.827,0.561,0.872,0.88,0.307,-0.315,0.325,0.895,0.759,0.767,0.888,0.842,0.641,0.668,-0.354,-0.134,0.263,-0.125,0.901,0.816,0.786,0.746,0.391,-0.358,0.842,0.826,0.92,0.041,0.812,-0.148,0.713,-0.202,0.893,0.818,0.776,-0.453,0.838,0.882,0.848,0.913,0.909,0.826,0.416,0.491,0.85,0.742,0.698,0.463,0.411,0.249,0.552,0.789,0.804,0.814
BLUE,0.828,0.54,0.871,0.859,-0.025,-0.885,0.809,0.687,0.75,0.739,0.882,0.786,-0.216,0.495,-0.534,0.535,-0.831,0.45,0.586,0.866,0.552,0.873,0.932,-0.686,0.104,0.81,0.217,0.425,0.103,0.845,0.0,0.525,0.534,0.815,-0.248,-0.744,0.849,0.79,0.817,0.804,-0.634,0.765,0.621,-0.505,0.645,0.111,0.865,0.629,0.033,0.665,0.672,0.528,0.619,0.255,0.643,0.472,0.776,0.573,0.801,0.81,0.733,0.264,0.745,0.732,-0.257,0.651,0.7,0.837,-0.716,0.789,0.909,0.735,0.719,0.414,0.637,-0.298,-0.321,-0.566,0.664,0.341,-0.137,0.925,0.829,0.879,-0.816,0.357,0.496,0.576,-0.624,-0.177,0.268,0.811,-0.518,0.928,0.768,0.873,0.821,-0.28,-0.467,0.801,0.846,0.444,0.171,0.9,0.523,0.708,0.629,0.655,0.666,0.646,0.811,0.661,0.839,0.826,0.891,0.797,0.641,0.465,0.281,0.69,0.491,0.655,0.224,0.544,0.678,0.81,-0.448,0.2,0.145,0.75,-0.217,-0.052,0.792,0.784,-0.043,0.722,0.582,0.797,0.03,0.721,0.84,-0.543,0.538,0.609,0.485,0.85,0.641,0.396,0.756,0.868,0.489,-0.584,0.552,0.799,0.835,0.844,0.882,0.916,0.709,0.81,-0.263,-0.116,0.42,-0.449,0.954,0.788,0.62,0.655,0.118,-0.519,0.865,0.63,0.891,0.291,0.918,0.078,0.875,-0.36,0.832,0.758,0.549,-0.396,0.763,0.886,0.84,0.797,0.798,0.657,0.397,0.545,0.779,0.459,0.509,0.281,0.478,-0.006,0.447,0.61,0.568,0.858
