,AAL,AAON,ACB,ACGL,ACGLO,ACIW,ADBE,ADSK,AEP,AGIO,ALEC,ALNY,ALTR,AMBA,AMCX,AMKR,AMRX,ANSS,APPN,APTO,ARCT,ARWR,ASND,ASTH,ATSG,AVTX,BCPC,BEAM,BILI,BJRI,BLUE,BPOP,BRKL,BWIN,BZUN,CARG,CBRL,CBSH,CBUS,CENTA,CERS,CFFN,CHCO,CHEF,CHRD,CINF,CLLS,CMCO,CMCSA,COLL,COMM,COOP,CPB,CRON,CROX,CRUS,CRWD,CTAS,CYBR,CYTK,DGII,DIOD,DOMO,DPZ,DSGR,DXCM,ERIE,ESTA,EXEL,FAST,FCEL,FCFS,FHB,FITBI,FSV,FTDR,FUTU,GLDD,GLPG,GLPI,GOGO,GOSS,GSAT,GYRE,HALO,HAS,HLIT,HLNE,HSDT,HSIC,HTHT,ICHR,IDYA,IMVT,INDB,INSM,IONS,IOSP,ITRI,JBHT,JBLU,JSM,KLIC,KOD,KURA,LAB,LASR,LIN,LKQ,LNT,MBUU,MCRI,MDGL,MEDP,MGNI,MGPI,MGRC,MKTX,MRNA,MRTN,MSEX,MSFT,MU,NAVI,NBTB,NEO,NEOG,NGNE,NSSC,NTAP,NTES,NTLA,NTRS,NYMTN,OBLG,OCFC,ON,ONC,OPI,OSIS,OSW,PALI,PANW,PCAR,PCRX,PCTY,PEBO,PLAB,PLAY,PLMR,PLSE,PLUS,PRTA,PSEC,PSNL,PTCT,PTON,QNST,QRVO,QTTB,RARE,RBCAA,RGNX,SAIC,SGMO,SINT,SNPS,SPSC,SPTN,SSYS,STNE,TBBK,TCPC,TENB,TGTX,TREE,TRUP,TTWO,TW,TXG,UBSI,UCTT,UFPT,UMBF,UPBD,URBN,VBTX,VCTR,VEON,VNET,VRSK,VSEC,WABC,WTFCM,WVE,WW,WWD,XEL,ZD,ZYME
AAL,0.0,-0.383,-0.111,0.675,0.676,0.741,-0.616,-0.149,0.712,0.242,-0.636,-0.736,-0.297,-0.268,0.752,0.725,0.628,-0.504,-0.48,0.216,-0.524,-0.583,-0.43,-0.474,-0.013,-0.514,-0.376,-0.382,-0.819,0.185,0.125,0.79,0.853,0.121,0.302,0.341,0.878,0.691,-0.307,0.53,-0.102,0.843,0.766,0.691,0.832,0.381,-0.492,0.802,0.811,0.433,0.247,0.766,0.488,-0.254,-0.613,0.323,-0.547,-0.733,-0.097,0.047,0.3,0.174,-0.343,-0.188,0.341,-0.567,0.278,0.572,0.375,-0.422,-0.612,0.849,0.747,0.816,-0.31,0.895,0.339,0.275,-0.194,0.545,0.183,0.806,-0.75,-0.614,0.202,0.446,0.615,-0.014,-0.142,0.798,0.666,0.47,-0.304,0.365,0.762,-0.308,0.019,0.704,0.425,0.503,0.95,0.29,0.638,-0.335,0.023,-0.724,0.264,0.2,0.625,0.304,0.313,0.639,0.612,-0.417,-0.424,-0.131,0.821,-0.6,-0.898,0.437,0.61,-0.235,0.874,0.589,0.826,-0.358,-0.395,-0.377,-0.572,0.834,0.318,-0.565,0.754,0.725,-0.66,0.893,0.609,-0.539,0.868,0.266,0.801,-0.823,-0.069,0.729,0.783,-0.24,0.8,0.706,0.772,-0.536,-0.814,0.282,-0.14,0.793,-0.209,0.496,-0.807,-0.119,0.647,-0.572,-0.381,-0.167,-0.287,0.633,-0.461,-0.555,-0.252,-0.4,0.527,0.187,0.386,0.655,0.659,-0.173,0.361,0.787,-0.348,-0.334,-0.191,-0.314,0.818,0.56,0.767,0.746,0.023,0.314,0.777,0.203,0.592,0.433,-0.56,0.394,0.72,0.328,-0.445,-0.374,0.789,0.489,0.293,-0.348
AAON,-0.383,0.0,0.104,-0.542,-0.464,0.086,0.753,0.81,-0.624,0.488,0.756,0.574,0.881,0.929,-0.772,0.041,0.228,0.935,0.812,0.154,0.486,0.794,0.891,0.803,0.845,0.846,0.901,0.716,0.513,0.673,0.597,-0.745,-0.635,0.74,-0.498,0.421,-0.377,-0.754,0.083,0.468,0.804,-0.465,-0.731,0.217,-0.359,-0.599,0.41,-0.578,-0.277,0.265,0.516,-0.152,-0.806,0.287,0.293,0.348,0.69,0.83,0.776,0.831,0.496,0.778,0.748,0.875,0.35,0.789,0.252,0.201,0.431,0.876,0.5,-0.166,-0.772,-0.362,0.957,-0.4,-0.21,0.645,0.747,0.364,0.417,-0.591,0.702,0.742,0.728,-0.287,0.34,0.694,0.246,-0.387,0.155,0.422,0.948,0.25,-0.629,0.852,0.12,-0.703,0.464,0.243,-0.376,0.251,0.037,0.866,0.6,0.777,0.387,0.451,0.208,0.008,0.289,0.352,0.283,0.879,0.79,0.683,0.052,0.853,0.447,0.334,0.303,0.88,-0.111,-0.341,-0.671,0.868,0.914,0.896,0.897,-0.304,-0.34,0.78,-0.747,-0.41,0.625,-0.648,0.338,0.611,-0.659,0.475,-0.013,0.282,0.666,-0.572,-0.064,0.85,-0.644,0.053,0.073,0.894,0.675,0.494,0.811,-0.533,0.599,0.225,0.254,0.809,0.22,0.489,0.816,-0.12,0.854,-0.404,0.801,0.198,0.894,0.919,0.142,0.269,0.119,-0.615,-0.232,0.601,0.578,-0.665,0.927,0.894,0.748,0.912,-0.645,0.387,-0.346,-0.433,0.783,0.54,-0.595,0.68,0.017,-0.279,0.938,0.549,-0.629,-0.09,0.784,0.674,-0.403,-0.547,0.584,0.752
ACB,-0.111,0.104,0.0,-0.232,-0.368,0.02,0.336,0.377,-0.492,0.478,0.486,0.358,0.198,0.224,-0.071,-0.371,0.153,0.285,0.493,0.31,0.312,0.384,0.372,0.272,0.028,0.226,-0.189,0.473,0.392,0.162,0.399,-0.216,-0.333,0.054,0.331,0.209,-0.378,-0.288,0.121,-0.112,0.314,-0.266,-0.319,-0.208,-0.253,-0.17,0.4,-0.344,-0.213,0.153,-0.155,-0.008,-0.461,0.818,0.18,0.209,0.46,0.223,0.205,0.078,0.124,-0.036,0.461,-0.086,-0.514,0.482,-0.161,-0.048,0.293,-0.092,0.647,-0.326,-0.245,-0.324,0.104,-0.23,0.331,-0.062,0.376,-0.361,0.401,0.009,0.508,0.419,0.02,-0.498,-0.036,0.064,0.48,-0.382,0.025,-0.054,0.122,-0.117,-0.278,0.232,0.615,-0.324,-0.212,-0.332,0.001,-0.236,-0.344,0.299,0.475,0.263,0.13,-0.242,-0.379,-0.751,-0.397,-0.0,0.158,0.362,0.527,0.274,-0.171,0.336,0.232,-0.386,-0.371,0.235,-0.168,0.009,-0.285,0.266,0.056,0.306,0.299,-0.151,-0.003,0.388,-0.164,-0.421,0.348,-0.23,-0.07,0.415,-0.27,-0.303,-0.125,0.431,0.221,-0.438,0.002,0.366,-0.309,-0.217,0.051,0.191,0.294,-0.258,0.076,-0.089,0.417,0.369,0.449,0.19,-0.371,0.609,0.097,-0.032,0.378,-0.504,0.464,0.393,0.232,0.327,-0.37,0.227,0.297,-0.206,-0.044,0.395,-0.037,0.097,0.201,0.048,0.226,0.1,-0.226,-0.101,-0.368,-0.238,0.115,-0.136,-0.323,0.163,-0.106,0.479,0.136,0.015,-0.324,0.22,0.464,0.151,-0.223,-0.455,0.185,0.373
ACGL,0.675,-0.542,-0.232,0.0,0.861,0.568,-0.504,-0.438,0.855,-0.337,-0.854,-0.877,-0.492,-0.455,0.869,0.642,0.154,-0.58,-0.746,-0.138,-0.823,-0.81,-0.709,-0.511,-0.311,-0.732,-0.39,-0.727,-0.644,-0.277,-0.44,0.9,0.841,-0.018,0.374,0.304,0.789,0.91,-0.15,0.229,-0.483,0.846,0.829,0.523,0.849,0.854,-0.611,0.886,0.799,0.104,0.097,0.786,0.786,-0.506,-0.333,0.354,-0.674,-0.589,-0.404,-0.318,0.27,-0.076,-0.579,-0.461,0.27,-0.799,0.304,0.389,-0.218,-0.325,-0.713,0.662,0.889,0.761,-0.505,0.761,0.316,-0.075,-0.565,0.342,-0.304,0.732,-0.75,-0.74,-0.273,0.791,0.395,0.085,-0.355,0.886,0.217,0.358,-0.596,0.228,0.912,-0.704,-0.385,0.891,0.329,0.596,0.644,0.238,0.595,-0.751,-0.526,-0.71,0.218,0.359,0.547,0.488,0.469,0.239,0.227,-0.677,-0.693,-0.222,0.53,-0.716,-0.747,0.473,0.215,-0.356,0.618,0.748,0.889,-0.709,-0.588,-0.683,-0.6,0.833,0.651,-0.817,0.924,0.855,-0.794,0.85,0.416,-0.672,0.874,0.211,0.646,-0.721,-0.315,0.897,0.518,-0.5,0.875,0.625,0.532,-0.657,-0.745,0.323,-0.539,0.923,-0.617,0.109,-0.722,-0.183,0.48,-0.669,-0.737,0.233,-0.705,0.827,-0.79,-0.656,-0.423,-0.592,0.482,0.218,0.368,0.893,0.799,-0.454,-0.085,0.777,-0.652,-0.626,-0.285,-0.629,0.905,0.38,0.848,0.868,-0.311,0.249,0.943,0.003,0.623,0.184,-0.577,-0.037,0.903,0.27,-0.8,-0.535,0.907,0.83,0.159,-0.588
ACGLO,0.676,-0.464,-0.368,0.861,0.0,0.599,-0.501,-0.312,0.836,-0.25,-0.792,-0.824,-0.331,-0.395,0.737,0.686,0.238,-0.525,-0.7,-0.085,-0.739,-0.722,-0.635,-0.384,-0.223,-0.71,-0.312,-0.599,-0.633,-0.292,-0.351,0.826,0.819,0.054,0.318,0.271,0.749,0.817,-0.282,0.336,-0.317,0.783,0.766,0.556,0.792,0.7,-0.508,0.812,0.812,0.159,0.089,0.745,0.707,-0.555,-0.458,0.348,-0.55,-0.566,-0.211,-0.165,0.222,-0.018,-0.444,-0.289,0.463,-0.728,0.292,0.492,-0.09,-0.255,-0.816,0.754,0.803,0.844,-0.378,0.796,0.364,0.006,-0.399,0.443,-0.155,0.742,-0.782,-0.732,-0.105,0.677,0.437,0.075,-0.367,0.879,0.303,0.365,-0.473,0.371,0.822,-0.627,-0.345,0.778,0.375,0.561,0.593,0.376,0.611,-0.653,-0.4,-0.607,0.082,0.321,0.609,0.52,0.506,0.348,0.313,-0.551,-0.596,-0.196,0.58,-0.627,-0.73,0.437,0.384,-0.279,0.651,0.551,0.829,-0.577,-0.479,-0.615,-0.568,0.796,0.637,-0.695,0.8,0.903,-0.753,0.807,0.428,-0.529,0.814,0.185,0.636,-0.79,-0.142,0.805,0.597,-0.376,0.823,0.646,0.513,-0.54,-0.757,0.311,-0.388,0.831,-0.47,0.179,-0.683,-0.16,0.503,-0.726,-0.642,0.024,-0.591,0.735,-0.7,-0.748,-0.31,-0.515,0.536,0.282,0.349,0.791,0.639,-0.267,0.101,0.704,-0.52,-0.532,-0.166,-0.486,0.849,0.414,0.808,0.816,-0.312,0.301,0.861,0.051,0.58,0.245,-0.499,0.057,0.81,0.35,-0.769,-0.498,0.851,0.719,0.187,-0.52
ACIW,0.741,0.086,0.02,0.568,0.599,0.0,-0.175,0.322,0.432,0.433,-0.303,-0.563,0.206,0.168,0.423,0.81,0.795,0.035,-0.111,0.268,-0.432,-0.283,-0.035,0.01,0.395,-0.177,0.062,-0.074,-0.516,0.392,0.331,0.505,0.57,0.59,0.144,0.607,0.704,0.385,-0.3,0.845,0.314,0.649,0.407,0.878,0.743,0.232,-0.361,0.595,0.841,0.63,0.477,0.876,0.076,-0.155,-0.519,0.707,-0.14,-0.257,0.372,0.472,0.655,0.591,0.091,0.244,0.569,-0.154,0.336,0.751,0.526,0.117,-0.414,0.839,0.414,0.758,0.186,0.758,0.368,0.555,0.201,0.748,0.428,0.582,-0.421,-0.306,0.528,0.378,0.906,0.505,-0.062,0.724,0.727,0.804,0.121,0.458,0.502,-0.068,0.006,0.415,0.77,0.763,0.731,0.437,0.642,-0.001,0.294,-0.325,0.562,0.645,0.833,0.303,0.558,0.854,0.796,0.052,-0.012,0.377,0.907,-0.165,-0.721,0.626,0.731,0.298,0.892,0.513,0.543,-0.013,0.082,0.024,-0.093,0.844,0.364,-0.238,0.482,0.659,-0.441,0.608,0.881,-0.21,0.573,0.492,0.849,-0.745,0.379,0.492,0.881,0.246,0.522,0.891,0.889,-0.09,-0.521,0.581,0.169,0.665,-0.029,0.652,-0.68,0.407,0.763,-0.425,-0.104,-0.242,0.042,0.464,-0.128,-0.561,0.305,0.094,0.707,0.433,0.582,0.49,0.658,0.226,0.606,0.599,0.109,0.041,0.334,0.073,0.583,0.873,0.687,0.653,0.312,0.664,0.574,0.675,0.706,0.394,-0.047,0.668,0.474,0.419,-0.168,-0.155,0.718,0.259,0.693,-0.042
ADBE,-0.616,0.753,0.336,-0.504,-0.501,-0.175,0.0,0.608,-0.708,0.183,0.718,0.628,0.73,0.797,-0.713,-0.253,-0.138,0.848,0.745,-0.176,0.306,0.752,0.782,0.857,0.475,0.652,0.658,0.602,0.785,0.346,0.276,-0.72,-0.757,0.536,-0.192,0.321,-0.622,-0.7,0.001,0.085,0.577,-0.594,-0.808,-0.107,-0.546,-0.367,0.421,-0.678,-0.462,0.031,0.11,-0.246,-0.722,0.38,0.573,0.353,0.786,0.889,0.541,0.504,0.368,0.417,0.724,0.531,0.06,0.736,0.248,-0.063,0.068,0.732,0.606,-0.456,-0.714,-0.532,0.723,-0.655,0.033,0.215,0.503,-0.08,0.212,-0.563,0.841,0.68,0.26,-0.37,0.009,0.568,0.397,-0.548,-0.139,0.166,0.688,0.037,-0.594,0.589,0.063,-0.719,0.124,0.007,-0.56,-0.002,-0.223,0.593,0.318,0.85,0.185,0.219,-0.13,-0.23,0.108,0.014,-0.08,0.734,0.713,0.592,-0.343,0.816,0.611,0.025,-0.224,0.79,-0.389,-0.328,-0.724,0.635,0.629,0.69,0.874,-0.45,-0.024,0.7,-0.701,-0.495,0.62,-0.751,0.064,0.592,-0.772,0.102,-0.185,0.511,0.562,-0.651,-0.298,0.753,-0.7,-0.225,-0.082,0.793,0.763,0.264,0.444,-0.499,0.487,0.041,0.484,0.66,-0.13,0.69,0.508,0.151,0.652,-0.567,0.665,0.327,0.742,0.841,-0.172,0.352,0.203,-0.505,-0.189,0.509,0.139,-0.627,0.671,0.55,0.667,0.646,-0.659,0.063,-0.481,-0.444,0.5,0.325,-0.635,0.416,-0.07,-0.189,0.84,0.124,-0.647,-0.05,0.66,0.467,-0.492,-0.51,0.35,0.624
ADSK,-0.149,0.81,0.377,-0.438,-0.312,0.322,0.608,0.0,-0.527,0.703,0.734,0.488,0.894,0.856,-0.591,0.095,0.529,0.859,0.789,0.466,0.544,0.75,0.866,0.79,0.795,0.695,0.657,0.836,0.426,0.565,0.746,-0.579,-0.497,0.744,-0.262,0.461,-0.345,-0.668,0.004,0.596,0.95,-0.386,-0.646,0.272,-0.186,-0.598,0.486,-0.524,-0.052,0.432,0.416,0.051,-0.823,0.5,0.066,0.537,0.759,0.65,0.93,0.871,0.496,0.701,0.909,0.797,0.338,0.798,0.078,0.398,0.689,0.64,0.418,0.028,-0.666,-0.12,0.86,-0.129,0.137,0.582,0.936,0.38,0.712,-0.305,0.574,0.623,0.804,-0.446,0.476,0.583,0.312,-0.285,0.381,0.471,0.865,0.382,-0.568,0.722,0.436,-0.66,0.428,0.196,-0.172,0.263,0.075,0.839,0.829,0.669,0.285,0.334,0.199,-0.211,0.108,0.527,0.527,0.924,0.874,0.692,0.192,0.804,0.297,0.172,0.369,0.877,0.078,-0.369,-0.549,0.857,0.814,0.818,0.787,-0.081,-0.196,0.78,-0.576,-0.275,0.525,-0.457,0.42,0.764,-0.495,0.221,0.09,0.157,0.785,-0.599,0.224,0.925,-0.565,0.179,0.209,0.774,0.45,0.29,0.764,-0.346,0.751,0.61,0.261,0.718,0.161,0.437,0.685,-0.467,0.861,-0.49,0.827,0.051,0.902,0.883,0.149,0.526,0.332,-0.517,-0.182,0.872,0.685,-0.354,0.876,0.786,0.831,0.829,-0.499,0.46,-0.314,-0.378,0.664,0.446,-0.518,0.786,0.06,0.191,0.768,0.634,-0.592,0.271,0.725,0.545,-0.282,-0.648,0.721,0.783
AEP,0.712,-0.624,-0.492,0.855,0.836,0.432,-0.708,-0.527,0.0,-0.372,-0.887,-0.881,-0.553,-0.576,0.813,0.591,0.166,-0.698,-0.81,-0.064,-0.707,-0.851,-0.802,-0.626,-0.331,-0.766,-0.416,-0.76,-0.763,-0.351,-0.427,0.886,0.895,-0.151,0.283,0.073,0.82,0.902,-0.212,0.186,-0.525,0.828,0.881,0.418,0.799,0.734,-0.594,0.857,0.761,0.109,0.006,0.633,0.873,-0.654,-0.519,0.091,-0.731,-0.715,-0.406,-0.332,0.054,-0.173,-0.69,-0.388,0.336,-0.885,0.293,0.251,-0.17,-0.41,-0.863,0.72,0.875,0.816,-0.566,0.777,0.207,-0.11,-0.566,0.349,-0.31,0.713,-0.887,-0.831,-0.243,0.713,0.292,-0.128,-0.519,0.863,0.221,0.214,-0.628,0.261,0.866,-0.693,-0.444,0.883,0.214,0.482,0.628,0.252,0.537,-0.742,-0.51,-0.788,-0.037,0.22,0.519,0.657,0.392,0.221,0.162,-0.727,-0.799,-0.365,0.514,-0.746,-0.77,0.386,0.331,-0.484,0.614,0.568,0.895,-0.717,-0.581,-0.711,-0.713,0.745,0.467,-0.814,0.872,0.843,-0.81,0.873,0.288,-0.667,0.893,0.175,0.56,-0.793,-0.348,0.876,0.482,-0.602,0.879,0.574,0.387,-0.669,-0.844,0.204,-0.48,0.824,-0.611,0.037,-0.751,-0.387,0.444,-0.836,-0.704,0.089,-0.73,0.804,-0.8,-0.686,-0.529,-0.707,0.525,0.048,0.144,0.783,0.633,-0.458,-0.036,0.69,-0.668,-0.621,-0.369,-0.607,0.88,0.277,0.814,0.776,-0.386,0.106,0.898,-0.135,0.47,0.135,-0.655,-0.017,0.885,0.2,-0.824,-0.592,0.8,0.865,-0.01,-0.682
AGIO,0.242,0.488,0.478,-0.337,-0.25,0.433,0.183,0.703,-0.372,0.0,0.522,0.283,0.507,0.509,-0.227,0.149,0.729,0.451,0.604,0.528,0.417,0.497,0.589,0.346,0.566,0.448,0.217,0.657,-0.018,0.718,0.881,-0.261,-0.138,0.47,-0.109,0.354,0.002,-0.399,-0.118,0.547,0.763,-0.087,-0.272,0.332,-0.0,-0.561,0.364,-0.218,0.101,0.608,0.31,0.139,-0.615,0.538,-0.274,0.314,0.452,0.136,0.654,0.681,0.381,0.557,0.603,0.522,0.098,0.571,-0.004,0.37,0.904,0.183,0.348,0.197,-0.328,0.029,0.518,0.131,0.122,0.614,0.706,0.323,0.78,0.052,0.267,0.429,0.779,-0.452,0.511,0.29,0.29,-0.117,0.528,0.4,0.577,0.255,-0.286,0.645,0.663,-0.355,0.334,0.044,0.265,0.11,0.089,0.716,0.909,0.234,0.331,0.081,0.174,-0.348,-0.021,0.604,0.677,0.627,0.648,0.427,0.407,0.417,-0.057,0.065,0.458,0.495,0.325,-0.121,-0.21,0.626,0.461,0.649,0.377,0.083,-0.348,0.542,-0.293,-0.198,0.248,-0.076,0.441,0.37,-0.136,0.188,0.251,-0.01,0.585,-0.344,0.466,0.644,-0.232,0.251,0.406,0.381,0.11,0.136,0.661,-0.141,0.654,0.741,0.033,0.452,0.223,0.347,0.563,-0.47,0.733,-0.318,0.662,0.102,0.556,0.545,0.163,0.227,0.254,-0.341,-0.092,0.622,0.733,0.011,0.631,0.528,0.476,0.567,-0.184,0.454,-0.099,-0.168,0.549,0.318,-0.267,0.597,0.047,0.36,0.325,0.701,-0.32,0.185,0.638,0.314,-0.122,-0.518,0.547,0.527
ALEC,-0.636,0.756,0.486,-0.854,-0.792,-0.303,0.718,0.734,-0.887,0.522,0.0,0.888,0.716,0.716,-0.872,-0.501,0.043,0.838,0.934,0.254,0.806,0.938,0.889,0.741,0.534,0.851,0.57,0.889,0.741,0.42,0.609,-0.913,-0.883,0.326,-0.343,0.018,-0.778,-0.938,0.214,0.001,0.712,-0.808,-0.91,-0.319,-0.723,-0.772,0.668,-0.897,-0.644,0.093,0.084,-0.532,-0.931,0.657,0.373,0.022,0.862,0.806,0.645,0.541,0.089,0.331,0.815,0.604,-0.167,0.953,-0.145,-0.194,0.388,0.552,0.818,-0.585,-0.934,-0.697,0.714,-0.691,-0.18,0.252,0.779,-0.192,0.482,-0.691,0.903,0.881,0.448,-0.745,-0.121,0.272,0.403,-0.805,-0.11,-0.065,0.773,-0.058,-0.909,0.817,0.466,-0.923,-0.081,-0.354,-0.59,-0.102,-0.455,0.88,0.707,0.837,0.032,-0.081,-0.376,-0.494,-0.291,-0.036,0.005,0.889,0.906,0.536,-0.38,0.909,0.734,-0.278,-0.158,0.659,-0.49,-0.613,-0.912,0.851,0.756,0.859,0.846,-0.661,-0.519,0.944,-0.902,-0.804,0.848,-0.86,-0.16,0.821,-0.888,-0.046,-0.47,0.702,0.541,-0.923,-0.336,0.758,-0.901,-0.409,-0.327,0.824,0.839,-0.08,0.659,-0.79,0.729,0.149,0.707,0.499,-0.351,0.769,0.788,-0.194,0.873,-0.829,0.956,0.564,0.705,0.836,-0.327,0.078,-0.114,-0.85,-0.586,0.677,0.255,-0.709,0.824,0.755,0.574,0.761,-0.882,-0.111,-0.781,-0.785,0.496,-0.003,-0.914,0.341,-0.445,-0.105,0.795,0.221,-0.915,-0.085,0.936,0.614,-0.781,-0.83,0.205,0.783
ALNY,-0.736,0.574,0.358,-0.877,-0.824,-0.563,0.628,0.488,-0.881,0.283,0.888,0.0,0.495,0.537,-0.833,-0.629,-0.261,0.637,0.74,0.161,0.821,0.908,0.757,0.604,0.309,0.8,0.461,0.796,0.792,0.244,0.377,-0.921,-0.919,0.029,-0.337,-0.195,-0.865,-0.901,0.356,-0.262,0.495,-0.873,-0.874,-0.51,-0.876,-0.755,0.689,-0.919,-0.839,-0.286,-0.043,-0.747,-0.785,0.63,0.537,-0.225,0.698,0.714,0.362,0.28,-0.18,0.056,0.644,0.384,-0.248,0.822,-0.276,-0.301,0.135,0.36,0.807,-0.763,-0.896,-0.817,0.524,-0.804,-0.327,0.078,0.575,-0.349,0.22,-0.738,0.855,0.84,0.205,-0.695,-0.431,-0.02,0.471,-0.904,-0.306,-0.349,0.62,-0.128,-0.905,0.726,0.48,-0.911,-0.283,-0.564,-0.721,-0.119,-0.52,0.73,0.453,0.812,-0.141,-0.307,-0.593,-0.503,-0.422,-0.333,-0.222,0.673,0.76,0.252,-0.619,0.763,0.852,-0.405,-0.326,0.391,-0.696,-0.699,-0.938,0.757,0.552,0.661,0.663,-0.854,-0.518,0.856,-0.907,-0.862,0.902,-0.905,-0.434,0.723,-0.9,-0.188,-0.691,0.833,0.227,-0.897,-0.602,0.504,-0.916,-0.678,-0.553,0.668,0.877,-0.239,0.532,-0.898,0.702,-0.078,0.794,0.26,-0.523,0.826,0.735,-0.152,0.718,-0.802,0.797,0.662,0.429,0.645,-0.611,-0.06,-0.258,-0.867,-0.736,0.429,0.026,-0.773,0.611,0.62,0.263,0.624,-0.934,-0.408,-0.909,-0.869,0.308,-0.207,-0.94,0.024,-0.58,-0.185,0.642,-0.115,-0.895,-0.218,0.808,0.633,-0.887,-0.763,-0.059,0.737
ALTR,-0.297,0.881,0.198,-0.492,-0.331,0.206,0.73,0.894,-0.553,0.507,0.716,0.495,0.0,0.88,-0.718,0.048,0.362,0.912,0.799,0.211,0.429,0.744,0.866,0.908,0.802,0.7,0.765,0.757,0.536,0.55,0.604,-0.641,-0.569,0.817,-0.242,0.409,-0.383,-0.701,-0.116,0.537,0.882,-0.442,-0.699,0.223,-0.312,-0.559,0.404,-0.54,-0.143,0.366,0.376,-0.028,-0.812,0.34,0.153,0.459,0.805,0.774,0.913,0.859,0.474,0.722,0.863,0.87,0.412,0.794,0.237,0.296,0.493,0.823,0.39,-0.027,-0.71,-0.188,0.931,-0.296,0.123,0.541,0.839,0.361,0.61,-0.403,0.632,0.597,0.723,-0.388,0.395,0.668,0.278,-0.331,0.317,0.451,0.898,0.326,-0.583,0.727,0.18,-0.702,0.436,0.234,-0.289,0.256,-0.011,0.803,0.663,0.77,0.231,0.428,0.265,-0.051,0.241,0.491,0.344,0.916,0.837,0.728,0.116,0.869,0.367,0.21,0.334,0.928,-0.004,-0.38,-0.606,0.837,0.869,0.822,0.865,-0.198,-0.12,0.781,-0.668,-0.292,0.553,-0.561,0.374,0.735,-0.607,0.297,0.064,0.154,0.852,-0.594,0.089,0.94,-0.597,0.132,0.174,0.889,0.529,0.395,0.769,-0.424,0.682,0.362,0.272,0.761,0.176,0.384,0.686,-0.284,0.823,-0.514,0.774,0.09,0.953,0.931,0.152,0.474,0.251,-0.519,-0.178,0.814,0.612,-0.494,0.914,0.78,0.885,0.896,-0.56,0.425,-0.324,-0.351,0.696,0.531,-0.551,0.749,0.118,0.041,0.879,0.573,-0.61,0.146,0.697,0.547,-0.346,-0.609,0.611,0.728
AMBA,-0.268,0.929,0.224,-0.455,-0.395,0.168,0.797,0.856,-0.576,0.509,0.716,0.537,0.88,0.0,-0.674,0.146,0.278,0.906,0.777,0.19,0.411,0.802,0.903,0.815,0.842,0.801,0.845,0.734,0.509,0.656,0.588,-0.659,-0.585,0.796,-0.335,0.558,-0.335,-0.695,0.074,0.517,0.846,-0.391,-0.682,0.306,-0.276,-0.547,0.421,-0.524,-0.202,0.261,0.553,-0.022,-0.783,0.39,0.33,0.533,0.694,0.784,0.781,0.846,0.621,0.803,0.795,0.822,0.373,0.749,0.317,0.343,0.47,0.791,0.504,-0.103,-0.694,-0.286,0.932,-0.322,-0.011,0.654,0.756,0.389,0.448,-0.429,0.683,0.708,0.727,-0.244,0.411,0.693,0.352,-0.345,0.272,0.535,0.936,0.39,-0.533,0.831,0.233,-0.658,0.508,0.293,-0.273,0.327,0.175,0.817,0.6,0.768,0.437,0.434,0.233,-0.045,0.318,0.427,0.373,0.859,0.815,0.688,0.098,0.81,0.365,0.364,0.296,0.915,-0.016,-0.266,-0.604,0.861,0.823,0.852,0.877,-0.215,-0.177,0.748,-0.661,-0.333,0.606,-0.566,0.444,0.614,-0.59,0.454,0.113,0.245,0.692,-0.528,0.018,0.88,-0.577,0.134,0.199,0.855,0.617,0.537,0.783,-0.403,0.652,0.371,0.2,0.851,0.287,0.562,0.743,-0.137,0.87,-0.391,0.769,0.158,0.901,0.928,0.122,0.489,0.372,-0.501,-0.077,0.631,0.61,-0.528,0.881,0.831,0.761,0.871,-0.561,0.465,-0.301,-0.351,0.78,0.602,-0.525,0.738,0.134,-0.119,0.878,0.546,-0.57,0.04,0.755,0.669,-0.307,-0.529,0.683,0.813
AMCX,0.752,-0.772,-0.071,0.869,0.737,0.423,-0.713,-0.591,0.813,-0.227,-0.872,-0.833,-0.718,-0.674,0.0,0.465,0.137,-0.811,-0.797,-0.01,-0.711,-0.844,-0.808,-0.745,-0.539,-0.82,-0.712,-0.711,-0.731,-0.31,-0.399,0.949,0.889,-0.318,0.515,0.105,0.771,0.937,-0.131,0.021,-0.584,0.829,0.911,0.339,0.762,0.748,-0.505,0.879,0.692,0.041,-0.08,0.638,0.825,-0.301,-0.427,0.101,-0.767,-0.847,-0.583,-0.509,0.02,-0.328,-0.682,-0.683,-0.028,-0.839,0.087,0.272,-0.163,-0.686,-0.616,0.575,0.95,0.686,-0.731,0.763,0.336,-0.204,-0.637,0.141,-0.295,0.846,-0.811,-0.767,-0.376,0.622,0.205,-0.258,-0.275,0.781,0.216,0.119,-0.776,0.126,0.904,-0.733,-0.127,0.912,0.057,0.275,0.727,0.064,0.442,-0.789,-0.478,-0.857,0.075,-0.0,0.289,0.227,0.157,0.113,0.196,-0.808,-0.736,-0.456,0.441,-0.868,-0.766,0.201,0.11,-0.629,0.55,0.711,0.926,-0.782,-0.804,-0.781,-0.828,0.723,0.519,-0.842,0.961,0.741,-0.815,0.916,0.214,-0.731,0.938,-0.017,0.51,-0.621,-0.498,0.858,0.473,-0.667,0.902,0.431,0.437,-0.846,-0.837,0.001,-0.616,0.869,-0.56,0.133,-0.622,-0.448,0.287,-0.576,-0.777,0.124,-0.746,0.743,-0.806,-0.496,-0.678,-0.788,0.261,0.061,0.282,0.843,0.645,-0.554,-0.172,0.89,-0.797,-0.768,-0.534,-0.771,0.924,0.157,0.755,0.776,-0.475,-0.018,0.905,-0.24,0.453,0.36,-0.843,-0.15,0.893,0.247,-0.794,-0.573,0.815,0.737,-0.062,-0.648
AMKR,0.725,0.041,-0.371,0.642,0.686,0.81,-0.253,0.095,0.591,0.149,-0.501,-0.629,0.048,0.146,0.465,0.0,0.535,-0.122,-0.364,0.097,-0.541,-0.359,-0.171,-0.162,0.334,-0.196,0.174,-0.273,-0.62,0.294,0.05,0.54,0.641,0.487,0.028,0.596,0.808,0.483,-0.154,0.744,0.125,0.717,0.523,0.947,0.805,0.295,-0.41,0.701,0.807,0.353,0.671,0.784,0.319,-0.4,-0.385,0.65,-0.409,-0.321,0.136,0.352,0.651,0.591,-0.164,0.207,0.714,-0.401,0.416,0.821,0.282,0.103,-0.572,0.844,0.497,0.748,0.118,0.78,0.191,0.579,-0.045,0.856,0.053,0.556,-0.562,-0.371,0.457,0.704,0.817,0.41,-0.231,0.81,0.647,0.819,0.08,0.608,0.618,-0.092,-0.165,0.548,0.812,0.861,0.646,0.6,0.929,-0.156,-0.041,-0.363,0.583,0.668,0.889,0.599,0.749,0.697,0.675,-0.175,-0.239,0.117,0.858,-0.35,-0.722,0.837,0.79,0.134,0.843,0.521,0.621,-0.102,-0.011,-0.13,-0.221,0.791,0.359,-0.405,0.509,0.777,-0.52,0.643,0.869,-0.411,0.646,0.671,0.848,-0.769,0.123,0.683,0.716,0.005,0.621,0.888,0.768,-0.186,-0.537,0.725,0.15,0.653,-0.188,0.442,-0.818,0.343,0.931,-0.478,-0.099,-0.133,-0.107,0.728,-0.349,-0.661,0.115,-0.086,0.739,0.426,0.578,0.56,0.681,-0.11,0.571,0.498,-0.021,0.029,0.112,-0.005,0.624,0.844,0.787,0.682,0.24,0.724,0.686,0.516,0.724,0.096,-0.123,0.539,0.613,0.261,-0.362,-0.055,0.782,0.466,0.604,-0.081
AMRX,0.628,0.228,0.153,0.154,0.238,0.795,-0.138,0.529,0.166,0.729,0.043,-0.261,0.362,0.278,0.137,0.535,0.0,0.183,0.2,0.452,-0.023,0.002,0.227,0.119,0.502,0.059,0.082,0.243,-0.445,0.535,0.615,0.209,0.338,0.556,-0.016,0.41,0.455,0.039,-0.364,0.807,0.561,0.356,0.126,0.644,0.493,-0.204,-0.076,0.236,0.629,0.772,0.337,0.583,-0.234,0.073,-0.647,0.517,0.111,-0.175,0.587,0.661,0.459,0.582,0.318,0.441,0.422,0.135,0.128,0.579,0.817,0.095,-0.216,0.711,0.084,0.575,0.317,0.613,0.3,0.576,0.479,0.64,0.659,0.398,-0.237,-0.1,0.727,-0.086,0.836,0.385,-0.034,0.412,0.761,0.63,0.323,0.411,0.157,0.215,0.27,0.067,0.55,0.472,0.586,0.268,0.385,0.344,0.685,-0.171,0.332,0.399,0.597,0.059,0.183,0.879,0.835,0.331,0.241,0.408,0.806,0.079,-0.517,0.371,0.743,0.402,0.763,0.119,0.264,0.258,0.298,0.324,0.091,0.587,-0.033,0.085,0.163,0.353,-0.255,0.39,0.731,0.096,0.323,0.292,0.639,-0.59,0.551,0.112,0.851,0.456,0.214,0.694,0.729,0.11,-0.392,0.301,0.414,0.341,0.264,0.821,-0.473,0.311,0.547,-0.242,0.18,-0.538,0.356,0.071,0.239,-0.418,0.42,0.27,0.592,0.295,0.373,0.098,0.33,0.5,0.763,0.351,0.364,0.27,0.484,0.319,0.292,0.744,0.396,0.278,0.425,0.446,0.213,0.735,0.38,0.442,0.055,0.841,0.109,0.365,0.184,-0.059,0.347,-0.106,0.643,0.185
ANSS,-0.504,0.935,0.285,-0.58,-0.525,0.035,0.848,0.859,-0.698,0.451,0.838,0.637,0.912,0.906,-0.811,-0.122,0.183,0.0,0.881,0.155,0.525,0.829,0.909,0.891,0.773,0.827,0.832,0.767,0.663,0.532,0.561,-0.79,-0.739,0.706,-0.406,0.36,-0.538,-0.808,0.071,0.371,0.808,-0.584,-0.834,0.065,-0.452,-0.57,0.475,-0.689,-0.331,0.265,0.357,-0.176,-0.869,0.39,0.339,0.377,0.827,0.914,0.823,0.777,0.444,0.665,0.838,0.82,0.232,0.866,0.168,0.087,0.384,0.866,0.579,-0.278,-0.833,-0.416,0.929,-0.502,-0.101,0.474,0.789,0.185,0.47,-0.624,0.802,0.77,0.613,-0.428,0.247,0.682,0.291,-0.492,0.058,0.329,0.901,0.148,-0.715,0.766,0.158,-0.776,0.336,0.137,-0.464,0.137,-0.141,0.847,0.618,0.846,0.288,0.393,0.063,-0.14,0.152,0.265,0.179,0.936,0.859,0.762,-0.09,0.943,0.547,0.151,0.111,0.929,-0.221,-0.39,-0.759,0.847,0.912,0.898,0.964,-0.358,-0.27,0.843,-0.777,-0.48,0.688,-0.735,0.233,0.745,-0.757,0.279,-0.116,0.39,0.73,-0.703,-0.113,0.902,-0.743,-0.03,-0.012,0.933,0.737,0.353,0.71,-0.56,0.615,0.222,0.413,0.788,0.033,0.555,0.736,-0.127,0.843,-0.559,0.858,0.251,0.935,0.964,0.046,0.328,0.139,-0.641,-0.272,0.722,0.457,-0.656,0.917,0.833,0.833,0.87,-0.71,0.279,-0.456,-0.509,0.687,0.422,-0.683,0.669,-0.059,-0.172,0.964,0.458,-0.726,-0.005,0.8,0.601,-0.477,-0.627,0.541,0.754
APPN,-0.48,0.812,0.493,-0.746,-0.7,-0.111,0.745,0.789,-0.81,0.604,0.934,0.74,0.799,0.777,-0.797,-0.364,0.2,0.881,0.0,0.224,0.679,0.873,0.913,0.809,0.607,0.785,0.596,0.864,0.667,0.582,0.701,-0.811,-0.779,0.514,-0.262,0.184,-0.612,-0.858,0.02,0.183,0.782,-0.671,-0.837,-0.147,-0.582,-0.695,0.549,-0.769,-0.475,0.298,0.138,-0.352,-0.923,0.594,0.306,0.149,0.891,0.777,0.754,0.655,0.258,0.479,0.861,0.67,-0.062,0.925,0.063,-0.104,0.486,0.618,0.742,-0.407,-0.846,-0.548,0.768,-0.581,-0.036,0.335,0.795,-0.052,0.612,-0.594,0.852,0.777,0.542,-0.694,0.072,0.427,0.417,-0.66,0.056,0.117,0.804,-0.007,-0.78,0.83,0.367,-0.846,0.067,-0.175,-0.413,-0.081,-0.366,0.89,0.757,0.781,0.122,0.056,-0.182,-0.421,-0.138,0.187,0.108,0.914,0.914,0.652,-0.205,0.915,0.577,-0.132,-0.034,0.779,-0.299,-0.471,-0.798,0.839,0.786,0.886,0.864,-0.483,-0.394,0.918,-0.809,-0.683,0.734,-0.744,0.045,0.769,-0.789,0.079,-0.25,0.516,0.69,-0.819,-0.155,0.858,-0.789,-0.221,-0.088,0.83,0.727,0.087,0.683,-0.637,0.726,0.231,0.55,0.613,-0.178,0.67,0.752,-0.151,0.887,-0.759,0.938,0.48,0.813,0.902,-0.168,0.188,-0.004,-0.749,-0.415,0.746,0.371,-0.601,0.863,0.747,0.693,0.811,-0.759,0.082,-0.608,-0.616,0.62,0.191,-0.797,0.478,-0.256,-0.02,0.813,0.388,-0.816,-0.043,0.928,0.547,-0.626,-0.767,0.355,0.737
APTO,0.216,0.154,0.31,-0.138,-0.085,0.268,-0.176,0.466,-0.064,0.528,0.254,0.161,0.211,0.19,-0.01,0.097,0.452,0.155,0.224,0.0,0.528,0.252,0.26,0.026,0.382,0.268,0.046,0.421,-0.046,0.225,0.518,-0.1,0.014,0.142,-0.026,0.169,-0.01,-0.162,0.343,0.327,0.436,0.039,-0.021,0.164,0.053,-0.318,0.357,-0.125,0.104,0.182,0.283,0.087,-0.261,0.466,-0.297,0.075,0.113,-0.029,0.366,0.322,0.099,0.197,0.291,0.267,0.08,0.263,-0.208,0.337,0.563,-0.082,0.168,0.165,-0.159,0.117,0.231,0.234,-0.037,0.421,0.55,0.298,0.399,0.093,0.047,0.266,0.465,-0.21,0.254,0.013,0.084,-0.033,0.309,0.157,0.279,0.354,-0.193,0.314,0.548,-0.146,0.181,-0.052,0.16,0.257,0.136,0.393,0.556,0.049,0.093,-0.058,0.047,-0.154,-0.106,0.288,0.53,0.311,0.361,0.069,0.249,0.204,-0.036,-0.014,0.383,0.117,0.163,-0.147,-0.076,0.41,0.258,0.285,0.082,0.051,-0.262,0.301,-0.086,-0.1,0.238,0.023,0.137,0.391,0.042,0.057,0.028,0.0,0.12,-0.204,0.218,0.221,-0.086,0.096,0.064,0.167,-0.018,-0.028,0.426,-0.087,0.473,0.499,0.101,0.12,0.046,0.109,0.301,-0.5,0.378,-0.078,0.368,-0.013,0.175,0.158,0.022,0.2,0.145,-0.257,-0.124,0.39,0.462,0.075,0.286,0.326,0.116,0.289,-0.098,0.18,-0.16,-0.165,0.175,0.03,-0.118,0.278,0.007,0.412,0.077,0.326,-0.124,0.28,0.275,0.358,-0.04,-0.269,0.354,0.385
ARCT,-0.524,0.486,0.312,-0.823,-0.739,-0.432,0.306,0.544,-0.707,0.417,0.806,0.821,0.429,0.411,-0.711,-0.541,-0.023,0.525,0.679,0.528,0.0,0.781,0.661,0.423,0.336,0.706,0.354,0.774,0.544,0.224,0.49,-0.799,-0.726,-0.02,-0.418,-0.212,-0.722,-0.814,0.38,-0.14,0.532,-0.744,-0.703,-0.44,-0.669,-0.795,0.712,-0.826,-0.656,-0.121,0.019,-0.678,-0.703,0.598,0.266,-0.294,0.58,0.501,0.43,0.311,-0.252,0.057,0.586,0.413,-0.236,0.736,-0.421,-0.218,0.346,0.201,0.636,-0.556,-0.813,-0.623,0.447,-0.527,-0.347,0.118,0.662,-0.213,0.367,-0.638,0.648,0.708,0.351,-0.731,-0.305,-0.135,0.274,-0.767,-0.188,-0.321,0.558,-0.052,-0.863,0.678,0.561,-0.794,-0.271,-0.552,-0.55,-0.127,-0.414,0.743,0.604,0.604,-0.218,-0.368,-0.523,-0.483,-0.489,-0.21,-0.041,0.651,0.687,0.143,-0.441,0.673,0.716,-0.421,-0.119,0.29,-0.545,-0.739,-0.793,0.731,0.562,0.615,0.516,-0.678,-0.694,0.805,-0.782,-0.77,0.765,-0.718,-0.378,0.771,-0.712,-0.21,-0.644,0.656,0.2,-0.843,-0.414,0.435,-0.803,-0.545,-0.549,0.55,0.637,-0.347,0.556,-0.818,0.695,0.088,0.704,0.119,-0.465,0.595,0.723,-0.428,0.675,-0.712,0.785,0.515,0.359,0.508,-0.456,-0.072,-0.345,-0.872,-0.797,0.521,0.178,-0.638,0.589,0.639,0.215,0.59,-0.824,-0.334,-0.817,-0.866,0.267,-0.296,-0.845,0.034,-0.616,-0.051,0.486,0.049,-0.811,-0.104,0.725,0.589,-0.782,-0.771,0.007,0.655
ARWR,-0.583,0.794,0.384,-0.81,-0.722,-0.283,0.752,0.75,-0.851,0.497,0.938,0.908,0.744,0.802,-0.844,-0.359,0.002,0.829,0.873,0.252,0.781,0.0,0.923,0.78,0.565,0.88,0.653,0.914,0.744,0.467,0.56,-0.908,-0.866,0.374,-0.355,0.12,-0.731,-0.921,0.249,0.065,0.766,-0.769,-0.89,-0.204,-0.703,-0.786,0.72,-0.861,-0.626,-0.004,0.2,-0.511,-0.895,0.653,0.459,0.094,0.819,0.798,0.638,0.586,0.155,0.387,0.829,0.633,-0.02,0.905,-0.065,-0.034,0.382,0.563,0.766,-0.537,-0.913,-0.657,0.766,-0.65,-0.176,0.346,0.77,-0.062,0.417,-0.639,0.868,0.872,0.508,-0.633,-0.089,0.271,0.479,-0.758,-0.054,0.007,0.836,0.126,-0.855,0.884,0.512,-0.914,0.021,-0.287,-0.581,0.039,-0.268,0.88,0.635,0.881,0.069,-0.062,-0.308,-0.403,-0.169,-0.004,0.064,0.864,0.911,0.473,-0.359,0.886,0.733,-0.153,-0.066,0.676,-0.459,-0.619,-0.895,0.917,0.735,0.843,0.827,-0.659,-0.446,0.951,-0.906,-0.729,0.863,-0.842,-0.087,0.805,-0.853,0.045,-0.412,0.667,0.503,-0.865,-0.34,0.763,-0.873,-0.384,-0.278,0.821,0.837,0.031,0.736,-0.785,0.819,0.199,0.645,0.539,-0.236,0.823,0.837,-0.235,0.901,-0.747,0.917,0.501,0.7,0.852,-0.347,0.226,0.005,-0.823,-0.561,0.637,0.348,-0.723,0.818,0.784,0.537,0.822,-0.869,-0.064,-0.745,-0.755,0.544,0.12,-0.875,0.352,-0.351,-0.118,0.803,0.195,-0.869,-0.071,0.894,0.72,-0.735,-0.783,0.289,0.877
ASND,-0.43,0.891,0.372,-0.709,-0.635,-0.035,0.782,0.866,-0.802,0.589,0.889,0.757,0.866,0.903,-0.808,-0.171,0.227,0.909,0.913,0.26,0.661,0.923,0.0,0.842,0.724,0.884,0.728,0.9,0.651,0.646,0.685,-0.829,-0.772,0.608,-0.341,0.28,-0.578,-0.887,0.089,0.319,0.865,-0.637,-0.851,0.024,-0.531,-0.769,0.553,-0.741,-0.436,0.184,0.326,-0.297,-0.946,0.583,0.371,0.299,0.815,0.791,0.775,0.764,0.344,0.605,0.897,0.747,0.141,0.928,0.029,0.145,0.482,0.668,0.679,-0.326,-0.868,-0.489,0.877,-0.499,-0.059,0.49,0.837,0.145,0.546,-0.582,0.811,0.803,0.656,-0.564,0.167,0.462,0.484,-0.602,0.172,0.241,0.927,0.172,-0.771,0.888,0.419,-0.871,0.228,-0.043,-0.418,0.111,-0.151,0.927,0.728,0.842,0.233,0.167,-0.065,-0.331,-0.034,0.258,0.243,0.93,0.932,0.626,-0.113,0.889,0.556,0.034,0.133,0.827,-0.229,-0.51,-0.8,0.934,0.836,0.896,0.872,-0.453,-0.34,0.897,-0.831,-0.584,0.747,-0.737,0.172,0.77,-0.771,0.188,-0.177,0.462,0.651,-0.773,-0.135,0.89,-0.79,-0.151,-0.01,0.855,0.731,0.215,0.786,-0.644,0.792,0.32,0.461,0.693,-0.018,0.694,0.858,-0.271,0.937,-0.665,0.909,0.384,0.853,0.949,-0.161,0.313,0.132,-0.72,-0.38,0.71,0.476,-0.636,0.912,0.86,0.691,0.893,-0.772,0.196,-0.584,-0.611,0.726,0.327,-0.771,0.581,-0.15,-0.038,0.857,0.43,-0.802,-0.014,0.901,0.693,-0.577,-0.776,0.468,0.875
ASTH,-0.474,0.803,0.272,-0.511,-0.384,0.01,0.857,0.79,-0.626,0.346,0.741,0.604,0.908,0.815,-0.745,-0.162,0.119,0.891,0.809,0.026,0.423,0.78,0.842,0.0,0.592,0.632,0.705,0.741,0.724,0.41,0.466,-0.689,-0.693,0.669,-0.193,0.311,-0.556,-0.716,-0.157,0.306,0.778,-0.577,-0.78,-0.006,-0.473,-0.463,0.445,-0.651,-0.311,0.219,0.126,-0.169,-0.784,0.361,0.381,0.378,0.892,0.852,0.797,0.68,0.348,0.506,0.878,0.694,0.283,0.791,0.249,0.076,0.303,0.777,0.451,-0.244,-0.73,-0.332,0.816,-0.484,0.148,0.277,0.723,0.091,0.52,-0.483,0.747,0.575,0.476,-0.477,0.152,0.558,0.371,-0.461,0.074,0.244,0.784,0.164,-0.618,0.647,0.151,-0.759,0.226,0.067,-0.457,0.115,-0.187,0.697,0.525,0.841,0.051,0.265,0.035,-0.174,0.123,0.259,0.083,0.852,0.812,0.677,-0.165,0.895,0.538,0.037,0.027,0.881,-0.209,-0.437,-0.699,0.749,0.739,0.725,0.869,-0.333,-0.019,0.805,-0.699,-0.395,0.61,-0.672,0.166,0.759,-0.716,0.108,-0.114,0.326,0.769,-0.676,-0.082,0.892,-0.685,-0.082,0.014,0.842,0.637,0.268,0.6,-0.476,0.666,0.222,0.434,0.653,-0.057,0.51,0.585,-0.126,0.736,-0.634,0.748,0.192,0.876,0.921,-0.062,0.47,0.167,-0.529,-0.253,0.786,0.369,-0.563,0.79,0.633,0.819,0.79,-0.631,0.187,-0.444,-0.421,0.574,0.396,-0.63,0.555,-0.032,0.005,0.868,0.317,-0.666,0.088,0.679,0.438,-0.459,-0.594,0.466,0.67
ATSG,-0.013,0.845,0.028,-0.311,-0.223,0.395,0.475,0.795,-0.331,0.566,0.534,0.309,0.802,0.842,-0.539,0.334,0.502,0.773,0.607,0.382,0.336,0.565,0.724,0.592,0.0,0.718,0.814,0.561,0.192,0.697,0.676,-0.468,-0.31,0.814,-0.402,0.552,-0.055,-0.522,0.079,0.745,0.776,-0.117,-0.442,0.486,-0.051,-0.478,0.21,-0.288,0.041,0.411,0.697,0.174,-0.638,0.186,-0.023,0.434,0.441,0.579,0.784,0.901,0.603,0.887,0.595,0.898,0.553,0.589,0.33,0.446,0.605,0.759,0.271,0.189,-0.52,-0.018,0.899,-0.057,-0.16,0.854,0.752,0.632,0.508,-0.316,0.39,0.58,0.855,-0.098,0.6,0.715,0.175,-0.111,0.464,0.622,0.889,0.424,-0.381,0.733,0.115,-0.441,0.696,0.471,-0.005,0.452,0.262,0.792,0.642,0.505,0.535,0.588,0.499,0.214,0.441,0.633,0.558,0.756,0.635,0.676,0.413,0.646,0.075,0.504,0.617,0.806,0.245,-0.121,-0.377,0.785,0.848,0.808,0.711,-0.004,-0.268,0.565,-0.487,-0.149,0.454,-0.325,0.569,0.446,-0.341,0.598,0.306,-0.047,0.665,-0.313,0.2,0.75,-0.338,0.351,0.342,0.767,0.385,0.639,0.81,-0.256,0.515,0.395,-0.07,0.795,0.494,0.213,0.691,-0.209,0.784,-0.136,0.652,0.028,0.833,0.771,0.372,0.283,0.278,-0.384,0.035,0.563,0.76,-0.395,0.851,0.847,0.693,0.844,-0.37,0.634,-0.098,-0.157,0.827,0.649,-0.313,0.814,0.263,-0.104,0.772,0.765,-0.374,-0.002,0.633,0.615,-0.106,-0.368,0.692,0.649
AVTX,-0.514,0.846,0.226,-0.732,-0.71,-0.177,0.652,0.695,-0.766,0.448,0.851,0.8,0.7,0.801,-0.82,-0.196,0.059,0.827,0.785,0.268,0.706,0.88,0.884,0.632,0.718,0.0,0.772,0.784,0.592,0.581,0.565,-0.876,-0.792,0.417,-0.531,0.137,-0.566,-0.891,0.383,0.18,0.688,-0.653,-0.818,-0.033,-0.598,-0.782,0.533,-0.737,-0.553,-0.034,0.454,-0.434,-0.85,0.5,0.391,0.106,0.601,0.775,0.577,0.645,0.241,0.544,0.668,0.705,0.09,0.838,-0.085,0.056,0.327,0.647,0.722,-0.443,-0.883,-0.61,0.813,-0.573,-0.412,0.52,0.707,0.131,0.287,-0.717,0.775,0.888,0.579,-0.419,0.035,0.365,0.355,-0.64,-0.017,0.111,0.886,0.125,-0.815,0.881,0.345,-0.813,0.223,-0.079,-0.508,0.193,-0.146,0.891,0.582,0.785,0.311,0.203,-0.13,-0.195,-0.04,0.05,0.156,0.806,0.8,0.532,-0.184,0.801,0.61,0.092,0.121,0.647,-0.363,-0.51,-0.828,0.904,0.849,0.864,0.8,-0.581,-0.549,0.811,-0.86,-0.652,0.814,-0.782,0.037,0.637,-0.782,0.295,-0.325,0.565,0.386,-0.714,-0.329,0.665,-0.799,-0.244,-0.209,0.811,0.814,0.223,0.792,-0.749,0.649,0.104,0.449,0.641,-0.042,0.686,0.924,-0.194,0.864,-0.531,0.844,0.464,0.692,0.807,-0.186,0.044,-0.034,-0.79,-0.467,0.446,0.375,-0.742,0.852,0.902,0.471,0.828,-0.829,0.072,-0.642,-0.698,0.632,0.214,-0.783,0.454,-0.26,-0.303,0.833,0.31,-0.788,-0.23,0.86,0.792,-0.636,-0.66,0.31,0.873
BCPC,-0.376,0.901,-0.189,-0.39,-0.312,0.062,0.658,0.657,-0.416,0.217,0.57,0.461,0.765,0.845,-0.712,0.174,0.082,0.832,0.596,0.046,0.354,0.653,0.728,0.705,0.814,0.772,0.0,0.526,0.438,0.528,0.375,-0.652,-0.545,0.685,-0.569,0.365,-0.274,-0.623,0.158,0.456,0.632,-0.378,-0.621,0.277,-0.259,-0.445,0.269,-0.454,-0.214,0.134,0.603,-0.116,-0.596,0.029,0.334,0.332,0.501,0.799,0.653,0.738,0.494,0.751,0.558,0.839,0.522,0.58,0.331,0.209,0.236,0.909,0.298,-0.107,-0.665,-0.264,0.88,-0.348,-0.334,0.612,0.586,0.446,0.216,-0.603,0.545,0.617,0.627,-0.041,0.299,0.677,0.098,-0.254,0.097,0.425,0.868,0.302,-0.515,0.712,-0.104,-0.553,0.542,0.385,-0.399,0.374,0.181,0.696,0.341,0.695,0.381,0.568,0.307,0.299,0.445,0.271,0.177,0.703,0.581,0.631,0.052,0.725,0.384,0.483,0.344,0.786,-0.095,-0.299,-0.577,0.738,0.866,0.737,0.788,-0.255,-0.247,0.613,-0.65,-0.247,0.546,-0.579,0.333,0.472,-0.567,0.582,0.01,0.191,0.52,-0.399,-0.123,0.662,-0.53,0.125,0.014,0.808,0.623,0.613,0.709,-0.467,0.413,0.048,0.121,0.766,0.332,0.301,0.726,-0.041,0.675,-0.184,0.602,0.073,0.789,0.783,0.241,0.259,0.069,-0.49,-0.158,0.417,0.505,-0.68,0.797,0.847,0.63,0.812,-0.567,0.388,-0.238,-0.34,0.714,0.578,-0.462,0.605,0.063,-0.464,0.893,0.449,-0.499,-0.164,0.576,0.642,-0.284,-0.319,0.515,0.642
BEAM,-0.382,0.716,0.473,-0.727,-0.599,-0.074,0.602,0.836,-0.76,0.657,0.889,0.796,0.757,0.734,-0.711,-0.273,0.243,0.767,0.864,0.421,0.774,0.914,0.9,0.741,0.561,0.784,0.526,0.0,0.625,0.51,0.698,-0.772,-0.73,0.416,-0.211,0.1,-0.612,-0.843,0.147,0.208,0.845,-0.674,-0.794,-0.089,-0.558,-0.793,0.673,-0.744,-0.439,0.138,0.208,-0.353,-0.899,0.734,0.276,0.192,0.814,0.646,0.736,0.644,0.193,0.403,0.899,0.595,0.016,0.908,-0.149,0.124,0.533,0.447,0.677,-0.353,-0.818,-0.47,0.718,-0.434,0.023,0.372,0.869,0.038,0.633,-0.464,0.753,0.762,0.607,-0.677,0.049,0.237,0.493,-0.626,0.166,0.083,0.798,0.212,-0.793,0.828,0.643,-0.85,0.073,-0.255,-0.384,0.078,-0.233,0.878,0.784,0.759,0.07,-0.051,-0.223,-0.468,-0.232,0.171,0.249,0.874,0.953,0.509,-0.176,0.821,0.57,-0.159,0.077,0.659,-0.269,-0.571,-0.775,0.905,0.703,0.783,0.711,-0.483,-0.354,0.932,-0.772,-0.596,0.75,-0.677,0.018,0.826,-0.711,-0.008,-0.314,0.512,0.569,-0.808,-0.128,0.797,-0.782,-0.251,-0.124,0.728,0.671,-0.021,0.744,-0.658,0.89,0.374,0.588,0.531,-0.18,0.695,0.806,-0.427,0.901,-0.731,0.9,0.398,0.71,0.819,-0.294,0.324,0.081,-0.737,-0.509,0.75,0.452,-0.495,0.811,0.754,0.568,0.798,-0.746,0.041,-0.651,-0.674,0.533,0.125,-0.788,0.449,-0.279,0.151,0.693,0.317,-0.815,0.135,0.845,0.646,-0.616,-0.822,0.352,0.871
BILI,-0.819,0.513,0.392,-0.644,-0.633,-0.516,0.785,0.426,-0.763,-0.018,0.741,0.792,0.536,0.509,-0.731,-0.62,-0.445,0.663,0.667,-0.046,0.544,0.744,0.651,0.724,0.192,0.592,0.438,0.625,0.0,0.023,0.144,-0.785,-0.876,0.161,-0.018,-0.04,-0.872,-0.73,0.2,-0.299,0.382,-0.799,-0.815,-0.512,-0.798,-0.399,0.565,-0.814,-0.732,-0.3,-0.136,-0.563,-0.655,0.545,0.686,-0.052,0.76,0.822,0.343,0.169,-0.05,-0.007,0.636,0.277,-0.218,0.718,-0.05,-0.32,-0.171,0.478,0.717,-0.738,-0.761,-0.746,0.486,-0.84,0.003,-0.123,0.459,-0.404,0.116,-0.647,0.887,0.683,-0.034,-0.508,-0.439,0.168,0.449,-0.78,-0.366,-0.276,0.478,-0.115,-0.742,0.463,0.168,-0.786,-0.254,-0.416,-0.766,-0.145,-0.538,0.48,0.186,0.842,-0.168,-0.161,-0.5,-0.402,-0.203,-0.361,-0.353,0.601,0.686,0.339,-0.688,0.762,0.853,-0.37,-0.504,0.469,-0.723,-0.494,-0.844,0.565,0.465,0.489,0.706,-0.738,-0.042,0.732,-0.753,-0.696,0.784,-0.876,-0.414,0.735,-0.871,-0.211,-0.597,0.777,0.292,-0.796,-0.642,0.51,-0.821,-0.603,-0.507,0.675,0.838,-0.134,0.298,-0.695,0.527,-0.226,0.843,0.339,-0.55,0.71,0.44,0.117,0.501,-0.727,0.621,0.571,0.472,0.629,-0.56,0.194,-0.048,-0.624,-0.522,0.438,-0.175,-0.663,0.487,0.397,0.379,0.502,-0.802,-0.388,-0.788,-0.668,0.203,-0.081,-0.788,0.016,-0.322,-0.07,0.677,-0.266,-0.74,-0.075,0.588,0.533,-0.721,-0.599,-0.015,0.588
BJRI,0.185,0.673,0.162,-0.277,-0.292,0.392,0.346,0.565,-0.351,0.718,0.42,0.244,0.55,0.656,-0.31,0.294,0.535,0.532,0.582,0.225,0.224,0.467,0.646,0.41,0.697,0.581,0.528,0.51,0.023,0.0,0.759,-0.317,-0.19,0.632,-0.287,0.404,0.131,-0.416,-0.123,0.615,0.648,-0.03,-0.291,0.497,-0.023,-0.504,0.083,-0.129,0.035,0.465,0.532,0.112,-0.571,0.274,-0.004,0.333,0.319,0.282,0.543,0.727,0.541,0.762,0.475,0.599,0.305,0.491,0.309,0.37,0.614,0.444,0.314,0.179,-0.347,-0.059,0.632,0.005,-0.092,0.739,0.507,0.504,0.534,-0.169,0.306,0.411,0.745,-0.169,0.525,0.466,0.311,-0.056,0.521,0.498,0.693,0.233,-0.22,0.742,0.251,-0.338,0.559,0.329,0.225,0.242,0.239,0.704,0.637,0.277,0.54,0.387,0.376,-0.003,0.245,0.615,0.522,0.539,0.532,0.543,0.436,0.422,-0.083,0.439,0.543,0.579,0.335,-0.019,-0.222,0.628,0.577,0.657,0.445,0.043,-0.287,0.436,-0.345,-0.174,0.264,-0.149,0.569,0.148,-0.19,0.584,0.347,-0.071,0.462,-0.174,0.297,0.607,-0.209,0.289,0.525,0.44,0.231,0.516,0.698,-0.173,0.49,0.405,-0.186,0.649,0.496,0.305,0.69,-0.17,0.695,-0.103,0.533,0.138,0.607,0.63,0.252,0.141,0.176,-0.303,0.06,0.337,0.659,-0.192,0.672,0.652,0.425,0.663,-0.233,0.55,-0.005,-0.08,0.83,0.589,-0.219,0.624,0.209,-0.012,0.482,0.696,-0.25,-0.104,0.617,0.41,-0.074,-0.327,0.547,0.522
BLUE,0.125,0.597,0.399,-0.44,-0.351,0.331,0.276,0.746,-0.427,0.881,0.609,0.377,0.604,0.588,-0.399,0.05,0.615,0.561,0.701,0.518,0.49,0.56,0.685,0.466,0.676,0.565,0.375,0.698,0.144,0.759,0.0,-0.392,-0.279,0.526,-0.178,0.269,-0.106,-0.513,-0.115,0.542,0.774,-0.197,-0.384,0.253,-0.118,-0.607,0.278,-0.327,-0.026,0.558,0.296,0.022,-0.692,0.493,-0.144,0.242,0.533,0.299,0.712,0.723,0.362,0.581,0.676,0.605,0.171,0.655,0.074,0.249,0.804,0.333,0.401,0.106,-0.453,-0.084,0.605,-0.029,0.065,0.596,0.779,0.294,0.788,-0.156,0.378,0.493,0.748,-0.496,0.413,0.3,0.351,-0.232,0.493,0.326,0.673,0.165,-0.409,0.703,0.512,-0.484,0.334,0.056,0.149,0.124,-0.026,0.785,0.91,0.341,0.265,0.121,0.172,-0.263,-0.027,0.576,0.544,0.701,0.692,0.541,0.321,0.545,0.028,0.071,0.452,0.572,0.229,-0.221,-0.345,0.699,0.601,0.699,0.48,-0.03,-0.352,0.603,-0.412,-0.318,0.404,-0.224,0.36,0.447,-0.285,0.241,0.178,0.065,0.598,-0.433,0.306,0.699,-0.35,0.155,0.324,0.5,0.24,0.189,0.696,-0.25,0.658,0.565,0.089,0.518,0.174,0.335,0.649,-0.386,0.779,-0.384,0.726,0.217,0.647,0.659,0.13,0.146,0.139,-0.438,-0.14,0.663,0.643,-0.173,0.72,0.633,0.52,0.66,-0.33,0.388,-0.232,-0.252,0.667,0.301,-0.387,0.569,0.022,0.275,0.489,0.674,-0.426,0.129,0.732,0.37,-0.232,-0.547,0.483,0.558
