,AAL,AAON,ACB,ACGL,ACGLO,ACIW,ADBE,ADSK,AEP,AGIO,ALEC,ALNY,ALTR,AMBA,AMCX,AMKR,AMRX,ANSS,APPN,APTO,ARCT,ARWR,ASND,ASTH,ATSG,AVTX,BCPC,BEAM,BILI,BJRI,BLUE,BPOP,BRKL,BWIN,BZUN,CARG,CBRL,CBSH,CBUS,CENTA,CERS,CFFN,CHCO,CHEF,CHRD,CINF,CLLS,CMCO,CMCSA,COLL,COMM,COOP,CPB,CRON,CROX,CRUS,CRWD,CTAS,CYBR,CYTK,DGII,DIOD,DOMO,DPZ,DSGR,DXCM,ERIE,ESTA,EXEL,FAST,FCEL,FCFS,FHB,FITBI,FSV,FTDR,FUTU,GLDD,GLPG,GLPI,GOGO,GOSS,GSAT,GYRE,HALO,HAS,HLIT,HLNE,HSDT,HSIC,HTHT,ICHR,IDYA,IMVT,INDB,INSM,IONS,IOSP,ITRI,JBHT,JBLU,JSM,KLIC,KOD,KURA,LAB,LASR,LIN,LKQ,LNT,MBUU,MCRI,MDGL,MEDP,MGNI,MGPI,MGRC,MKTX,MRNA,MRTN,MSEX,MSFT,MU,NAVI,NBTB,NEO,NEOG,NGNE,NSSC,NTAP,NTES,NTLA,NTRS,NYMTN,OBLG,OCFC,ON,ONC,OPI,OSIS,OSW,PALI,PANW,PCAR,PCRX,PCTY,PEBO,PLAB,PLAY,PLMR,PLSE,PLUS,PRTA,PSEC,PSNL,PTCT,PTON,QNST,QRVO,QTTB,RARE,RBCAA,RGNX,SAIC,SGMO,SINT,SNPS,SPSC,SPTN,SSYS,STNE,TBBK,TCPC,TENB,TGTX,TREE,TRUP,TTWO,TW,TXG,UBSI,UCTT,UFPT,UMBF,UPBD,URBN,VBTX,VCTR,VEON,VNET,VRSK,VSEC,WABC,WTFCM,WVE,WW,WWD,XEL,ZD,ZYME
AAL,0.0,0.287,0.302,-0.379,-0.646,0.608,0.591,0.245,0.124,0.329,0.635,0.066,-0.295,0.102,0.488,0.31,-0.028,0.128,0.171,0.44,0.562,0.778,-0.314,0.833,-0.256,-0.7,0.406,0.901,-0.461,-0.133,0.628,-0.164,-0.174,0.263,-0.616,0.285,0.925,0.553,-0.531,0.708,0.6,-0.484,0.506,0.303,-0.31,-0.454,-0.516,0.21,0.834,-0.05,0.057,0.596,0.651,0.617,0.825,0.605,0.4,0.728,0.047,-0.18,0.731,0.464,0.469,0.715,-0.578,0.622,0.503,-0.079,0.464,-0.368,0.059,-0.48,0.057,0.7,0.677,0.688,-0.51,-0.696,-0.15,0.88,-0.597,0.666,0.637,0.37,0.686,-0.361,0.858,0.095,-0.37,0.265,0.586,0.336,0.764,0.743,0.085,0.8,0.318,0.115,-0.187,0.886,-0.219,-0.258,0.341,0.745,0.392,-0.436,-0.091,-0.469,0.743,0.101,0.893,0.074,-0.367,0.368,-0.627,0.667,0.605,0.122,0.712,0.685,0.446,0.081,0.874,0.854,0.675,0.173,-0.561,0.624,0.848,0.484,-0.505,0.786,0.468,-0.199,-0.479,0.222,0.629,0.6,0.492,0.807,-0.481,0.47,0.3,-0.411,-0.34,0.316,-0.105,0.048,-0.09,-0.542,0.427,-0.29,0.789,0.725,0.803,0.668,-0.259,0.64,0.755,0.69,0.319,0.513,0.868,0.203,0.726,0.185,0.541,-0.169,0.732,-0.177,0.688,0.762,0.515,0.107,0.846,-0.424,0.6,-0.223,-0.188,-0.253,0.347,0.561,-0.255,0.396,0.491,0.174,-0.405,-0.378,-0.13,-0.654,0.669,-0.613,-0.465,0.738,0.686,-0.218,-0.005,0.164,0.837,0.201
AAON,0.287,0.0,-0.073,0.488,0.182,0.423,0.489,0.256,0.688,0.894,0.797,0.799,0.067,-0.391,0.146,-0.515,0.48,0.426,0.525,-0.084,0.748,0.598,0.555,0.48,-0.433,-0.129,0.823,0.308,-0.053,-0.228,0.574,-0.218,0.163,0.748,0.045,-0.086,0.242,0.599,-0.44,0.35,0.756,-0.468,0.604,0.714,-0.728,0.531,-0.31,-0.076,0.484,0.682,-0.48,-0.288,0.598,0.401,0.491,-0.291,0.739,0.577,0.418,0.077,0.204,-0.508,0.421,0.445,-0.175,0.787,0.852,-0.131,0.656,0.179,0.515,0.3,0.436,0.561,0.558,0.525,0.15,-0.365,0.451,0.309,-0.463,0.069,0.139,0.695,0.29,0.017,0.131,0.558,-0.185,0.368,0.545,-0.587,0.519,0.587,0.495,0.507,-0.166,0.407,-0.128,0.306,-0.115,-0.834,-0.573,0.139,0.822,-0.189,-0.522,-0.645,0.562,0.742,0.404,0.025,0.038,0.787,-0.396,0.595,0.534,-0.319,0.6,0.119,0.875,0.542,0.025,0.553,0.581,0.591,0.226,0.158,0.272,-0.212,-0.192,0.686,0.285,-0.198,-0.427,0.359,-0.324,0.789,0.773,0.552,-0.666,-0.119,0.562,-0.338,0.568,0.734,-0.211,-0.62,-0.11,0.361,-0.495,-0.063,0.638,0.738,0.229,0.733,0.113,0.077,0.149,0.016,0.649,0.768,0.409,0.73,0.69,-0.063,0.238,0.654,0.098,-0.448,-0.103,0.582,0.825,0.323,0.34,-0.39,0.8,-0.296,-0.048,0.565,0.4,-0.273,0.335,0.484,-0.148,-0.171,-0.302,-0.234,-0.453,-0.15,0.746,0.131,-0.475,0.564,0.58,0.224,0.425,0.791,0.547,-0.318
ACB,0.302,-0.073,0.0,0.081,-0.05,0.442,0.436,0.751,0.056,0.06,0.111,-0.036,0.326,0.755,0.783,0.608,0.397,0.596,0.506,0.024,-0.151,-0.08,0.104,0.06,0.669,0.103,0.117,0.096,0.4,0.747,-0.241,0.525,0.335,0.065,0.299,0.625,0.382,0.334,0.224,0.376,0.119,0.308,0.006,0.293,0.404,-0.189,0.463,0.77,0.277,0.285,0.606,0.289,-0.05,0.641,0.296,0.5,0.287,0.304,0.483,0.278,0.388,0.524,0.496,0.298,0.28,0.209,0.056,0.74,0.47,0.265,-0.035,0.244,0.421,-0.074,0.022,-0.154,0.324,0.306,0.179,0.263,0.37,0.198,0.615,-0.273,0.129,0.411,0.198,0.535,-0.148,0.517,0.178,0.471,-0.066,0.26,0.135,0.036,0.656,0.385,0.708,0.344,0.49,0.372,0.578,0.28,0.078,0.243,0.6,0.413,0.392,-0.01,0.09,0.603,0.345,0.328,0.286,-0.043,0.277,0.677,-0.143,0.45,0.094,0.426,0.468,0.294,0.253,0.428,0.284,0.473,0.06,0.709,0.419,0.012,0.556,0.458,0.287,0.149,0.458,0.167,0.359,0.097,0.183,0.119,0.16,0.465,0.158,0.303,0.392,0.545,0.672,0.19,0.322,0.525,0.024,0.198,0.484,0.008,0.444,-0.075,0.575,0.115,-0.25,0.014,0.161,0.327,0.135,-0.067,0.523,0.187,0.288,0.44,0.66,0.204,-0.044,0.32,-0.035,0.338,0.282,0.594,0.512,-0.026,0.43,0.571,0.176,0.393,0.754,0.699,0.304,0.516,0.553,0.281,0.121,0.168,0.339,-0.102,-0.173,0.307,0.452,-0.019,0.191,0.334
ACGL,-0.379,0.488,0.081,0.0,0.642,0.118,0.061,0.312,0.586,0.431,0.074,0.552,0.332,0.002,0.251,-0.271,0.646,0.473,0.485,-0.47,-0.008,-0.246,0.791,-0.283,0.246,0.448,0.377,-0.472,0.545,0.243,-0.225,0.418,0.59,0.496,0.686,0.039,-0.399,0.379,0.218,-0.201,0.061,0.179,0.272,0.557,0.002,0.84,0.361,0.236,-0.117,0.72,-0.114,-0.421,-0.046,0.035,-0.122,-0.411,0.366,-0.032,0.471,0.336,-0.197,-0.486,0.135,-0.147,0.553,0.182,0.324,0.172,0.253,0.612,0.327,0.791,0.757,0.0,-0.026,-0.176,0.646,0.491,0.668,-0.31,0.363,-0.501,-0.183,0.13,-0.243,0.563,-0.456,0.626,0.143,0.496,0.181,-0.496,-0.319,-0.085,0.596,-0.232,-0.109,0.501,0.459,-0.314,0.54,-0.238,-0.401,-0.412,0.289,0.185,-0.09,0.138,0.155,0.586,-0.379,0.364,0.284,0.411,0.313,-0.069,0.154,-0.125,-0.127,-0.181,0.329,0.523,-0.452,-0.061,0.199,0.406,0.764,-0.198,-0.407,-0.159,0.534,-0.143,0.29,0.313,0.143,0.452,-0.46,0.127,0.436,-0.116,0.009,-0.368,0.234,0.424,0.829,0.448,0.227,-0.161,0.346,0.82,-0.668,0.58,-0.195,0.176,-0.353,-0.007,0.47,-0.562,-0.191,-0.638,0.02,0.362,-0.386,0.662,-0.117,-0.284,0.019,0.767,-0.282,-0.066,-0.315,-0.02,0.367,0.284,-0.526,0.159,0.218,0.128,0.324,0.671,0.442,-0.319,0.572,0.456,-0.107,0.094,0.343,0.396,-0.112,0.615,0.053,0.797,0.261,-0.214,-0.149,0.601,0.749,0.55,-0.152,-0.399
ACGLO,-0.646,0.182,-0.05,0.642,0.0,-0.059,-0.012,0.216,0.197,0.208,-0.175,0.375,0.411,-0.01,-0.176,-0.345,0.403,0.392,0.447,-0.3,-0.107,-0.485,0.653,-0.478,0.283,0.607,-0.001,-0.694,0.574,0.204,-0.276,0.197,0.355,0.311,0.674,0.005,-0.645,-0.066,0.519,-0.412,-0.114,0.413,-0.112,0.203,0.124,0.753,0.53,-0.009,-0.555,0.575,-0.022,-0.645,-0.266,-0.085,-0.356,-0.602,0.184,-0.295,0.474,0.593,-0.535,-0.55,0.1,-0.421,0.653,-0.086,-0.012,0.209,0.034,0.738,0.435,0.787,0.384,-0.309,-0.336,-0.521,0.736,0.607,0.408,-0.635,0.537,-0.755,-0.333,-0.219,-0.301,0.717,-0.707,0.456,0.458,0.108,-0.307,-0.402,-0.503,-0.242,0.214,-0.406,-0.233,0.065,0.347,-0.579,0.275,-0.022,-0.447,-0.467,-0.018,0.556,0.153,0.315,-0.241,0.213,-0.575,-0.02,0.527,0.207,0.582,-0.482,-0.288,0.028,-0.357,-0.484,-0.018,0.47,-0.599,-0.457,-0.286,0.429,0.762,-0.424,-0.629,-0.296,0.491,-0.401,-0.206,0.325,0.472,-0.046,-0.572,-0.052,-0.028,-0.454,0.242,-0.238,0.143,0.371,0.662,0.247,0.156,-0.113,0.175,0.803,-0.548,0.461,-0.407,-0.23,-0.395,-0.276,0.585,-0.581,-0.373,-0.579,0.068,-0.096,-0.592,0.351,-0.296,-0.199,-0.135,0.604,-0.635,-0.009,-0.45,-0.434,-0.047,0.406,-0.674,0.402,-0.057,0.362,0.541,0.694,0.057,-0.466,0.605,0.126,-0.207,0.083,0.364,0.503,-0.1,0.686,-0.238,0.63,0.434,-0.481,-0.397,0.617,0.41,0.172,-0.442,-0.09
ACIW,0.608,0.423,0.442,0.118,-0.059,0.0,0.817,0.671,0.357,0.512,0.474,0.439,0.065,0.379,0.616,0.369,0.417,0.639,0.7,0.236,0.457,0.502,0.244,0.646,0.107,-0.394,0.511,0.54,-0.089,0.117,0.381,0.093,0.081,0.582,-0.203,0.516,0.677,0.762,-0.176,0.601,0.663,-0.221,0.499,0.582,-0.079,0.007,-0.067,0.513,0.592,0.344,0.186,0.234,0.567,0.75,0.78,0.441,0.649,0.692,0.508,0.296,0.569,0.34,0.804,0.563,-0.079,0.746,0.598,0.205,0.582,0.294,0.384,0.11,0.536,0.615,0.551,0.412,-0.075,-0.24,0.191,0.621,-0.127,0.168,0.697,0.248,0.718,0.264,0.595,0.571,-0.117,0.673,0.5,0.317,0.469,0.748,0.255,0.652,0.334,0.328,0.273,0.708,0.05,-0.202,0.292,0.613,0.382,-0.066,0.204,-0.147,0.822,0.269,0.618,0.172,-0.098,0.699,-0.251,0.419,0.552,0.364,0.582,0.555,0.494,0.584,0.664,0.716,0.635,0.558,0.01,0.575,0.611,0.626,-0.146,0.563,0.545,0.194,-0.163,0.359,0.557,0.591,0.573,0.66,-0.296,0.449,0.472,-0.114,0.228,0.653,-0.012,0.179,0.152,-0.003,0.119,0.236,0.601,0.713,0.682,0.563,0.172,0.213,0.692,0.392,0.358,0.577,0.545,0.609,0.527,0.307,0.799,0.361,0.439,-0.047,0.518,0.609,0.571,0.567,0.382,-0.132,0.698,0.069,0.331,0.168,0.607,0.577,0.313,0.75,0.627,0.403,-0.181,0.021,-0.062,-0.162,0.651,-0.134,-0.133,0.446,0.502,0.202,0.498,0.32,0.723,0.212
ADBE,0.591,0.489,0.436,0.061,-0.012,0.817,0.0,0.727,0.239,0.575,0.609,0.612,0.37,0.372,0.444,0.157,0.342,0.778,0.735,0.281,0.614,0.564,0.165,0.667,-0.033,-0.362,0.523,0.539,0.05,0.111,0.488,0.044,0.204,0.695,-0.153,0.563,0.642,0.725,-0.055,0.607,0.722,-0.125,0.571,0.496,-0.236,0.038,-0.007,0.377,0.586,0.407,0.188,0.164,0.477,0.764,0.824,0.238,0.837,0.653,0.72,0.272,0.553,0.19,0.814,0.663,-0.133,0.817,0.583,0.218,0.657,0.386,0.55,0.153,0.441,0.535,0.505,0.367,0.021,-0.3,0.301,0.552,-0.194,0.164,0.794,0.244,0.762,0.275,0.517,0.661,0.01,0.547,0.339,0.137,0.515,0.679,0.316,0.69,0.268,0.218,0.191,0.706,-0.099,-0.31,0.131,0.68,0.454,0.097,0.178,-0.207,0.749,0.165,0.606,0.123,0.189,0.783,-0.174,0.363,0.541,0.464,0.599,0.421,0.58,0.77,0.637,0.683,0.499,0.635,0.036,0.654,0.536,0.476,-0.244,0.604,0.41,0.208,-0.076,0.338,0.377,0.743,0.588,0.625,-0.337,0.426,0.774,-0.119,0.264,0.825,0.119,0.004,0.148,0.022,0.023,0.054,0.677,0.707,0.725,0.573,0.346,0.409,0.713,0.447,0.357,0.533,0.583,0.572,0.707,0.161,0.894,0.459,0.311,-0.145,0.542,0.61,0.553,0.764,0.47,0.016,0.801,0.246,0.344,0.253,0.617,0.346,0.329,0.716,0.55,0.45,-0.099,0.066,-0.057,-0.213,0.724,-0.196,-0.159,0.441,0.47,0.272,0.413,0.253,0.772,0.403
ADSK,0.245,0.256,0.751,0.312,0.216,0.671,0.727,0.0,0.247,0.322,0.293,0.406,0.573,0.65,0.708,0.371,0.618,0.902,0.821,-0.053,0.08,0.044,0.41,0.176,0.519,0.118,0.312,0.1,0.458,0.666,-0.067,0.468,0.431,0.39,0.389,0.726,0.379,0.505,0.242,0.48,0.425,0.244,0.245,0.526,0.162,0.068,0.494,0.727,0.317,0.513,0.472,0.101,0.092,0.62,0.422,0.248,0.64,0.396,0.808,0.434,0.369,0.26,0.781,0.396,0.311,0.491,0.294,0.671,0.674,0.587,0.247,0.515,0.593,0.156,0.154,-0.068,0.451,0.255,0.394,0.25,0.323,0.004,0.657,-0.076,0.294,0.588,0.13,0.785,0.015,0.704,0.177,0.252,0.03,0.388,0.29,0.16,0.597,0.492,0.701,0.333,0.408,0.121,0.322,0.326,0.286,0.307,0.529,0.316,0.512,0.161,0.165,0.538,0.51,0.673,0.303,-0.003,0.346,0.721,0.057,0.391,0.326,0.758,0.367,0.391,0.343,0.734,0.477,0.582,0.113,0.621,0.367,0.144,0.528,0.585,0.344,0.27,0.285,0.404,0.536,0.237,-0.008,0.105,0.521,0.368,0.494,0.641,0.415,0.334,0.626,0.402,0.054,0.552,0.169,0.338,0.5,0.214,0.592,-0.044,0.504,0.084,-0.04,0.247,0.221,0.59,0.295,0.013,0.736,0.547,0.11,0.357,0.576,0.328,0.204,0.637,-0.057,0.343,0.559,0.616,0.737,0.286,0.607,0.412,0.563,0.588,0.743,0.659,0.216,0.5,0.385,0.369,0.357,0.234,0.298,0.001,-0.055,0.483,0.596,0.198,0.386,0.296
AEP,0.124,0.688,0.056,0.586,0.197,0.357,0.239,0.247,0.0,0.693,0.541,0.517,-0.133,-0.298,0.299,-0.205,0.584,0.236,0.441,-0.443,0.328,0.386,0.584,0.312,-0.165,-0.094,0.848,0.18,-0.171,-0.137,0.257,-0.077,0.074,0.428,0.11,-0.232,0.106,0.548,-0.52,0.2,0.558,-0.485,0.373,0.809,-0.418,0.421,-0.253,0.048,0.419,0.599,-0.54,-0.324,0.605,0.307,0.23,-0.038,0.474,0.615,0.144,0.049,0.243,-0.269,0.34,0.399,-0.158,0.605,0.787,0.024,0.577,0.079,0.159,0.253,0.44,0.481,0.454,0.518,0.146,-0.155,0.234,0.346,-0.284,0.188,0.069,0.686,0.057,0.036,0.122,0.401,-0.455,0.623,0.72,-0.349,0.355,0.464,0.339,0.295,0.067,0.717,0.183,0.193,0.106,-0.548,-0.302,-0.083,0.73,-0.412,-0.466,-0.399,0.499,0.975,0.266,0.139,-0.195,0.608,-0.403,0.565,0.458,-0.386,0.39,0.236,0.781,0.384,-0.062,0.5,0.644,0.381,0.268,0.106,0.232,-0.05,0.023,0.46,0.566,-0.163,-0.373,0.363,-0.179,0.486,0.667,0.521,-0.655,-0.25,0.226,-0.224,0.616,0.506,-0.266,-0.389,-0.018,0.402,-0.51,0.094,0.39,0.55,0.082,0.633,-0.157,-0.261,-0.011,-0.078,0.472,0.745,0.312,0.819,0.4,-0.161,0.166,0.602,0.314,-0.189,-0.221,0.552,0.679,0.055,0.113,-0.531,0.59,-0.356,-0.009,0.349,0.353,-0.046,0.434,0.371,-0.14,-0.333,-0.402,-0.259,-0.21,0.005,0.615,0.375,-0.402,0.442,0.453,-0.011,0.393,0.969,0.366,-0.66
AGIO,0.329,0.894,0.06,0.431,0.208,0.512,0.575,0.322,0.693,0.0,0.812,0.821,0.036,-0.275,0.173,-0.425,0.533,0.479,0.679,-0.017,0.801,0.628,0.618,0.571,-0.381,-0.194,0.848,0.354,-0.057,-0.248,0.657,-0.28,0.073,0.764,0.007,-0.076,0.245,0.653,-0.367,0.201,0.812,-0.525,0.497,0.774,-0.594,0.542,-0.28,-0.091,0.435,0.75,-0.471,-0.363,0.687,0.623,0.613,-0.218,0.814,0.641,0.503,0.289,0.19,-0.444,0.596,0.455,-0.136,0.839,0.9,-0.053,0.699,0.194,0.641,0.324,0.488,0.588,0.618,0.527,0.148,-0.369,0.401,0.315,-0.426,0.027,0.275,0.683,0.448,0.168,0.181,0.635,-0.217,0.44,0.608,-0.49,0.561,0.694,0.389,0.61,-0.195,0.333,-0.07,0.335,-0.089,-0.793,-0.512,0.269,0.851,-0.082,-0.449,-0.65,0.647,0.713,0.465,-0.072,0.012,0.868,-0.401,0.578,0.404,-0.264,0.669,0.062,0.852,0.637,0.141,0.566,0.558,0.678,0.202,0.212,0.326,-0.126,-0.24,0.733,0.336,-0.16,-0.43,0.293,-0.211,0.839,0.732,0.574,-0.656,0.08,0.531,-0.378,0.585,0.836,-0.318,-0.599,-0.14,0.34,-0.447,-0.084,0.681,0.8,0.365,0.788,0.183,-0.039,0.275,0.128,0.738,0.805,0.413,0.749,0.726,-0.014,0.337,0.738,0.128,-0.533,-0.056,0.57,0.849,0.483,0.367,-0.386,0.862,-0.287,0.046,0.663,0.372,-0.167,0.426,0.578,-0.094,-0.078,-0.359,-0.199,-0.512,-0.176,0.753,0.104,-0.489,0.53,0.626,0.281,0.395,0.773,0.575,-0.235
ALEC,0.635,0.797,0.111,0.074,-0.175,0.474,0.609,0.293,0.541,0.812,0.0,0.577,-0.121,-0.272,0.255,-0.291,0.283,0.313,0.476,0.117,0.853,0.832,0.246,0.754,-0.479,-0.391,0.783,0.666,-0.258,-0.235,0.769,-0.401,-0.088,0.542,-0.224,-0.004,0.556,0.541,-0.596,0.538,0.889,-0.608,0.485,0.598,-0.722,0.098,-0.443,-0.084,0.685,0.497,-0.401,-0.033,0.77,0.599,0.696,0.039,0.699,0.782,0.297,0.019,0.465,-0.211,0.562,0.733,-0.465,0.843,0.849,-0.022,0.812,-0.161,0.42,-0.024,0.167,0.671,0.712,0.69,-0.095,-0.636,0.091,0.601,-0.669,0.448,0.45,0.702,0.504,-0.185,0.445,0.388,-0.38,0.31,0.651,-0.271,0.817,0.81,0.201,0.744,0.079,0.314,-0.219,0.573,-0.305,-0.728,-0.295,0.496,0.883,-0.29,-0.431,-0.719,0.688,0.578,0.731,-0.063,-0.013,0.737,-0.569,0.699,0.547,-0.172,0.752,0.351,0.851,0.393,0.378,0.759,0.625,0.583,-0.129,0.398,0.572,-0.005,-0.381,0.887,0.334,-0.27,-0.508,0.136,-0.018,0.869,0.701,0.749,-0.803,0.138,0.489,-0.533,0.21,0.644,-0.297,-0.475,-0.163,0.016,-0.085,-0.318,0.857,0.799,0.639,0.906,-0.062,0.331,0.39,0.468,0.69,0.703,0.77,0.586,0.927,0.029,0.359,0.364,0.365,-0.398,0.274,0.741,0.76,0.258,0.701,-0.495,0.862,-0.306,-0.097,0.317,0.264,0.008,0.178,0.354,0.064,-0.133,-0.536,-0.4,-0.346,-0.424,0.854,-0.263,-0.65,0.741,0.735,-0.013,0.102,0.652,0.758,-0.112
ALNY,0.066,0.799,-0.036,0.552,0.375,0.439,0.612,0.406,0.517,0.821,0.577,0.0,0.441,-0.114,0.062,-0.465,0.542,0.645,0.664,-0.126,0.65,0.408,0.655,0.365,-0.289,-0.002,0.65,0.131,0.208,-0.142,0.443,-0.042,0.341,0.855,0.195,0.107,0.062,0.631,-0.043,0.156,0.666,-0.207,0.547,0.628,-0.462,0.646,-0.007,-0.018,0.288,0.687,-0.279,-0.391,0.364,0.39,0.477,-0.408,0.841,0.363,0.684,0.25,0.093,-0.505,0.503,0.371,0.019,0.739,0.687,-0.013,0.546,0.51,0.696,0.498,0.558,0.419,0.398,0.287,0.291,-0.147,0.633,0.111,-0.181,-0.209,0.278,0.494,0.415,0.32,-0.004,0.721,0.08,0.439,0.309,-0.55,0.319,0.397,0.55,0.423,-0.185,0.301,0.066,0.183,-0.032,-0.672,-0.532,0.183,0.631,0.137,-0.262,-0.401,0.484,0.509,0.21,0.014,0.234,0.824,-0.109,0.33,0.342,-0.046,0.505,-0.094,0.711,0.779,-0.039,0.362,0.36,0.608,0.393,0.233,0.125,-0.155,-0.119,0.472,0.238,0.067,-0.144,0.46,-0.305,0.677,0.625,0.375,-0.409,-0.015,0.752,-0.14,0.713,0.891,-0.026,-0.535,-0.009,0.454,-0.599,0.034,0.485,0.614,0.169,0.535,0.392,0.014,0.135,-0.027,0.498,0.654,0.181,0.671,0.548,-0.01,0.448,0.836,-0.087,-0.381,-0.121,0.422,0.714,0.66,0.138,-0.061,0.743,-0.026,0.199,0.689,0.524,-0.302,0.566,0.617,-0.072,0.033,-0.045,0.037,-0.37,0.048,0.617,0.268,-0.228,0.291,0.38,0.422,0.499,0.582,0.441,-0.061
ALTR,-0.295,0.067,0.326,0.332,0.411,0.065,0.37,0.573,-0.133,0.036,-0.121,0.441,0.0,0.486,0.14,-0.044,0.278,0.706,0.393,-0.174,-0.12,-0.307,0.286,-0.29,0.347,0.467,-0.05,-0.359,0.692,0.527,-0.307,0.507,0.61,0.316,0.576,0.487,-0.166,0.143,0.601,0.047,-0.015,0.58,0.12,0.064,0.174,0.283,0.649,0.384,-0.131,0.293,0.424,-0.143,-0.458,0.059,-0.024,-0.293,0.402,-0.233,0.721,0.177,-0.063,-0.111,0.219,-0.0,0.431,0.079,-0.128,0.456,0.158,0.724,0.253,0.578,0.381,-0.331,-0.257,-0.429,0.574,0.459,0.597,-0.296,0.499,-0.339,0.245,-0.279,-0.037,0.525,-0.331,0.604,0.36,0.234,-0.361,-0.143,-0.357,-0.265,0.375,-0.244,0.189,0.169,0.521,-0.137,0.304,0.151,-0.023,-0.045,-0.047,0.573,0.446,0.44,-0.089,-0.167,-0.374,0.429,0.739,0.307,0.61,-0.364,0.03,0.598,-0.3,-0.178,0.023,0.637,-0.158,-0.186,-0.201,0.354,0.595,0.246,-0.382,0.108,0.365,-0.283,0.049,0.548,0.519,0.282,-0.201,0.083,0.182,-0.291,0.341,-0.225,0.593,0.548,0.503,0.442,0.58,0.067,0.537,0.483,-0.276,0.402,-0.205,-0.103,-0.087,-0.261,0.715,-0.025,0.02,-0.238,-0.316,-0.13,-0.298,0.184,-0.043,-0.123,0.389,0.516,-0.369,0.336,0.103,-0.109,-0.119,0.555,-0.366,0.655,0.155,0.734,0.524,0.266,0.434,-0.184,0.425,0.319,0.27,0.481,0.58,0.627,0.368,0.497,-0.057,0.417,0.479,-0.41,-0.415,0.494,0.451,-0.134,-0.069,0.399
AMBA,0.102,-0.391,0.755,0.002,-0.01,0.379,0.372,0.65,-0.298,-0.275,-0.272,-0.114,0.486,0.0,0.617,0.769,0.165,0.556,0.356,0.094,-0.351,-0.307,-0.057,-0.092,0.765,0.111,-0.245,-0.066,0.501,0.723,-0.405,0.646,0.397,-0.017,0.278,0.754,0.225,0.216,0.523,0.191,-0.154,0.56,-0.062,-0.031,0.668,-0.22,0.648,0.765,0.051,-0.004,0.84,0.388,-0.348,0.33,0.17,0.53,0.091,-0.046,0.448,0.263,0.308,0.658,0.357,0.077,0.407,-0.034,-0.295,0.697,0.082,0.416,-0.029,0.257,0.361,-0.242,-0.239,-0.405,0.269,0.479,0.152,0.062,0.623,-0.053,0.586,-0.552,0.198,0.532,0.137,0.374,0.15,0.401,-0.149,0.665,-0.303,-0.024,0.07,-0.112,0.573,0.158,0.736,0.199,0.494,0.617,0.749,0.297,-0.312,0.409,0.827,0.695,0.183,-0.41,-0.085,0.504,0.367,0.087,0.514,-0.33,0.096,0.85,-0.284,0.298,-0.287,0.335,0.426,0.024,-0.03,0.182,0.255,0.401,-0.045,0.784,0.442,-0.29,0.363,0.687,0.533,0.189,0.598,-0.14,0.03,-0.122,0.515,0.232,0.137,0.653,0.045,0.151,0.558,0.769,0.649,0.073,0.356,0.568,-0.208,-0.066,0.316,-0.331,0.522,-0.031,0.544,0.069,-0.495,-0.24,-0.095,0.039,-0.175,0.093,0.575,0.046,0.108,0.527,0.648,-0.049,-0.283,0.386,-0.214,0.619,-0.019,0.732,0.551,-0.141,0.436,0.634,0.196,0.373,0.78,0.802,0.537,0.645,0.582,0.372,-0.17,0.179,0.59,-0.348,-0.369,0.318,0.406,-0.412,0.023,0.559
AMCX,0.488,0.146,0.783,0.251,-0.176,0.616,0.444,0.708,0.299,0.173,0.255,0.062,0.14,0.617,0.0,0.592,0.482,0.526,0.474,-0.09,-0.036,0.113,0.21,0.229,0.555,-0.05,0.325,0.277,0.244,0.611,-0.085,0.566,0.408,0.198,0.207,0.61,0.537,0.597,-0.052,0.524,0.293,0.093,0.324,0.544,0.246,-0.134,0.24,0.827,0.56,0.326,0.444,0.448,0.17,0.542,0.434,0.581,0.351,0.451,0.368,0.088,0.607,0.513,0.491,0.452,0.121,0.379,0.298,0.558,0.566,0.142,-0.106,0.209,0.616,0.254,0.267,0.128,0.218,0.146,0.248,0.495,0.191,0.322,0.594,0.02,0.21,0.264,0.38,0.544,-0.306,0.722,0.496,0.384,0.105,0.404,0.348,0.193,0.701,0.658,0.668,0.481,0.57,0.185,0.55,0.297,0.266,-0.113,0.383,0.232,0.642,0.225,0.276,0.756,0.069,0.422,0.051,0.247,0.556,0.499,0.078,0.691,0.264,0.35,0.514,0.554,0.615,0.377,0.201,0.553,0.272,0.733,0.389,0.207,0.801,0.38,0.065,0.457,0.51,0.29,0.618,0.378,-0.046,0.034,0.215,0.383,0.209,0.355,0.366,0.485,0.665,0.168,0.214,0.548,0.193,0.453,0.48,0.228,0.243,0.009,0.582,0.094,-0.194,0.344,0.321,0.519,0.236,0.002,0.532,0.221,0.515,0.419,0.669,0.493,0.28,0.159,0.083,0.088,0.425,0.33,0.371,-0.051,0.658,0.632,0.226,0.573,0.784,0.561,0.179,0.334,0.416,0.195,0.304,0.208,0.183,0.163,0.062,0.238,0.596,0.23,0.392,0.084
AMKR,0.31,-0.515,0.608,-0.271,-0.345,0.369,0.157,0.371,-0.205,-0.425,-0.291,-0.465,-0.044,0.769,0.592,0.0,-0.015,0.135,0.046,0.113,-0.404,-0.129,-0.33,0.083,0.629,-0.211,-0.216,0.207,-0.023,0.456,-0.33,0.418,0.006,-0.321,-0.137,0.497,0.424,0.138,0.096,0.3,-0.202,0.211,-0.117,-0.07,0.616,-0.561,0.26,0.633,0.21,-0.327,0.66,0.594,-0.103,0.23,0.166,0.891,-0.213,0.158,-0.049,0.008,0.488,0.936,0.206,0.127,0.046,-0.112,-0.258,0.414,-0.043,-0.04,-0.374,-0.194,0.087,-0.041,-0.069,-0.083,-0.163,0.194,-0.213,0.356,0.346,0.309,0.497,-0.378,0.176,0.116,0.46,-0.047,-0.17,0.348,0.097,0.916,-0.089,0.092,-0.181,0.009,0.607,0.184,0.509,0.371,0.325,0.616,0.972,0.292,-0.342,-0.06,0.616,0.516,0.241,-0.328,0.164,0.35,-0.157,-0.135,0.096,-0.061,0.166,0.57,-0.154,0.576,-0.305,-0.075,0.602,0.204,0.156,-0.139,-0.168,0.39,0.277,0.907,0.22,-0.148,0.438,0.362,0.25,0.064,0.868,-0.262,-0.081,0.124,0.309,0.285,-0.203,0.35,-0.295,-0.179,0.241,0.863,0.396,-0.301,0.572,0.372,-0.096,-0.056,0.372,-0.197,-0.034,0.056,0.557,0.275,-0.443,-0.172,0.15,-0.085,-0.183,0.152,0.455,-0.312,0.463,0.497,0.63,0.11,-0.277,-0.028,0.022,0.171,-0.129,0.314,0.219,-0.517,0.236,0.917,-0.104,0.141,0.69,0.489,0.154,0.214,0.552,0.037,-0.088,-0.052,0.315,-0.067,-0.14,-0.13,0.125,-0.348,0.118,0.294
AMRX,-0.028,0.48,0.397,0.646,0.403,0.417,0.342,0.618,0.584,0.533,0.283,0.542,0.278,0.165,0.482,-0.015,0.0,0.617,0.673,-0.336,0.116,-0.021,0.769,0.018,0.343,0.285,0.462,-0.103,0.419,0.378,-0.074,0.409,0.469,0.522,0.506,0.373,0.034,0.522,0.106,0.104,0.372,0.059,0.299,0.719,0.085,0.482,0.305,0.406,0.188,0.724,0.039,-0.171,0.135,0.409,0.202,-0.102,0.588,0.265,0.592,0.43,0.033,-0.158,0.468,0.193,0.301,0.444,0.431,0.36,0.548,0.495,0.248,0.654,0.679,0.197,0.143,0.021,0.545,0.302,0.595,0.049,0.255,-0.18,0.227,0.19,0.038,0.528,-0.13,0.734,-0.025,0.673,0.337,-0.242,-0.053,0.278,0.535,0.037,0.236,0.589,0.518,0.028,0.515,-0.145,-0.139,-0.11,0.396,0.182,0.102,0.049,0.457,0.535,-0.013,0.453,0.23,0.647,0.164,0.113,0.284,0.175,0.073,0.162,0.454,0.628,-0.034,0.292,0.439,0.57,0.607,0.215,-0.103,0.182,0.412,0.133,0.51,0.274,0.137,0.423,-0.114,0.339,0.64,0.199,-0.102,-0.149,0.366,0.262,0.717,0.607,0.214,-0.055,0.452,0.641,-0.369,0.492,0.081,0.393,0.09,0.267,0.429,-0.308,0.149,-0.288,0.107,0.466,-0.023,0.683,0.179,-0.077,0.32,0.728,0.049,0.091,0.022,0.285,0.452,0.435,-0.233,0.129,0.512,0.213,0.535,0.518,0.531,0.032,0.624,0.556,0.231,0.318,0.172,0.379,0.072,0.445,0.317,0.556,0.181,0.048,-0.043,0.556,0.656,0.55,0.178,-0.167
ANSS,0.128,0.426,0.596,0.473,0.392,0.639,0.778,0.902,0.236,0.479,0.313,0.645,0.706,0.556,0.526,0.135,0.617,0.0,0.864,-0.007,0.241,0.045,0.517,0.142,0.39,0.197,0.361,-0.016,0.561,0.545,0.012,0.439,0.561,0.635,0.437,0.652,0.231,0.583,0.345,0.337,0.425,0.291,0.373,0.524,0.054,0.37,0.502,0.602,0.226,0.646,0.401,-0.067,0.046,0.588,0.435,-0.0,0.768,0.305,0.938,0.49,0.218,0.019,0.72,0.29,0.41,0.546,0.346,0.529,0.591,0.769,0.487,0.66,0.715,0.116,0.118,-0.123,0.533,0.281,0.623,0.09,0.326,-0.224,0.555,-0.054,0.329,0.678,0.003,0.901,0.205,0.636,0.082,0.0,-0.008,0.33,0.476,0.178,0.315,0.365,0.599,0.253,0.371,-0.073,0.065,0.252,0.303,0.448,0.412,0.217,0.475,0.179,0.071,0.435,0.577,0.749,0.345,-0.024,0.351,0.608,0.1,0.169,0.391,0.921,0.242,0.296,0.274,0.769,0.598,0.416,-0.005,0.428,0.298,0.149,0.399,0.567,0.306,0.373,0.083,0.485,0.572,0.168,0.028,0.073,0.689,0.387,0.639,0.801,0.413,0.14,0.554,0.53,-0.184,0.544,0.191,0.398,0.352,0.182,0.749,-0.05,0.476,-0.056,0.062,0.308,0.077,0.643,0.314,-0.024,0.721,0.728,-0.075,0.124,0.382,0.251,0.311,0.807,-0.107,0.418,0.593,0.602,0.68,0.495,0.669,0.164,0.592,0.708,0.545,0.659,0.345,0.549,0.176,0.378,0.371,0.335,0.303,-0.034,-0.039,0.641,0.726,0.22,0.334,0.327
APPN,0.171,0.525,0.506,0.485,0.447,0.7,0.735,0.821,0.441,0.679,0.476,0.664,0.393,0.356,0.474,0.046,0.673,0.864,0.0,-0.008,0.404,0.184,0.668,0.288,0.268,0.057,0.502,0.072,0.38,0.339,0.215,0.164,0.299,0.639,0.348,0.461,0.21,0.57,0.165,0.249,0.598,0.018,0.277,0.692,-0.049,0.443,0.328,0.399,0.192,0.77,0.141,-0.249,0.334,0.724,0.508,-0.016,0.785,0.468,0.852,0.679,0.164,-0.11,0.87,0.301,0.345,0.634,0.555,0.471,0.724,0.626,0.626,0.646,0.663,0.298,0.298,0.024,0.482,0.149,0.424,0.127,0.179,-0.232,0.494,0.116,0.407,0.704,0.028,0.852,0.08,0.623,0.277,-0.029,0.152,0.568,0.291,0.322,0.208,0.359,0.482,0.222,0.246,-0.233,-0.066,0.295,0.497,0.356,0.253,0.02,0.573,0.389,0.22,0.184,0.436,0.84,0.168,0.076,0.241,0.383,0.279,0.124,0.499,0.865,0.228,0.37,0.353,0.904,0.525,0.322,0.116,0.334,0.227,0.314,0.373,0.402,0.171,0.178,0.057,0.596,0.55,0.284,-0.198,0.238,0.53,0.117,0.668,0.812,0.114,0.008,0.311,0.555,-0.196,0.439,0.306,0.507,0.468,0.403,0.621,-0.235,0.425,0.037,0.383,0.449,0.175,0.751,0.404,0.029,0.605,0.769,-0.063,-0.051,0.293,0.288,0.461,0.791,-0.029,0.15,0.691,0.348,0.688,0.68,0.497,0.173,0.676,0.673,0.441,0.459,0.03,0.361,-0.068,0.316,0.457,0.259,0.094,0.098,0.164,0.623,0.617,0.427,0.394,0.142
APTO,0.44,-0.084,0.024,-0.47,-0.3,0.236,0.281,-0.053,-0.443,-0.017,0.117,-0.126,-0.174,0.094,-0.09,0.113,-0.336,-0.007,-0.008,0.0,0.333,0.299,-0.463,0.385,-0.224,-0.502,-0.221,0.386,-0.228,-0.174,0.371,-0.276,-0.337,0.061,-0.492,0.226,0.451,-0.004,-0.031,0.167,0.08,-0.134,0.036,-0.351,0.015,-0.289,-0.253,-0.043,0.119,-0.309,0.215,0.341,0.209,0.319,0.409,0.229,0.08,0.123,0.025,0.109,0.038,0.247,0.254,0.08,-0.074,0.095,-0.038,-0.196,-0.11,-0.188,0.256,-0.374,-0.209,0.196,0.229,0.112,-0.449,-0.37,-0.182,0.224,-0.261,0.034,0.215,-0.152,0.493,-0.133,0.389,-0.143,0.148,-0.306,-0.096,0.288,0.312,0.334,-0.211,0.449,-0.143,-0.603,-0.441,0.39,-0.383,0.005,0.149,0.529,-0.186,0.098,0.076,-0.174,0.142,-0.401,0.414,-0.371,-0.111,-0.087,-0.187,0.097,0.103,0.144,0.342,0.04,-0.091,-0.075,0.494,0.178,-0.097,0.067,-0.489,0.104,0.393,0.154,-0.438,0.286,-0.26,-0.112,-0.215,-0.223,0.406,0.174,-0.171,0.135,0.109,0.646,0.027,-0.303,-0.498,-0.038,-0.153,0.074,-0.238,-0.539,0.591,-0.231,0.294,0.196,0.448,0.072,-0.007,0.388,0.442,0.438,0.257,-0.088,0.275,-0.278,0.193,0.19,0.197,-0.365,0.053,-0.286,0.398,-0.005,0.028,0.237,0.449,-0.024,0.025,-0.062,-0.135,-0.103,-0.143,0.25,-0.449,0.103,0.248,0.322,-0.086,-0.15,-0.279,-0.447,0.078,-0.693,-0.137,0.171,0.261,0.005,-0.174,-0.405,0.308,0.548
ARCT,0.562,0.748,-0.151,-0.008,-0.107,0.457,0.614,0.08,0.328,0.801,0.853,0.65,-0.12,-0.351,-0.036,-0.404,0.116,0.241,0.404,0.333,0.0,0.841,0.183,0.792,-0.644,-0.495,0.627,0.648,-0.311,-0.501,0.91,-0.536,-0.162,0.671,-0.391,-0.05,0.468,0.51,-0.451,0.354,0.812,-0.607,0.52,0.408,-0.698,0.21,-0.505,-0.312,0.506,0.365,-0.424,-0.072,0.739,0.551,0.754,-0.099,0.676,0.621,0.306,0.095,0.317,-0.3,0.484,0.552,-0.43,0.785,0.767,-0.322,0.535,-0.097,0.662,-0.081,0.114,0.673,0.696,0.649,-0.218,-0.705,0.141,0.466,-0.685,0.208,0.362,0.634,0.683,-0.145,0.444,0.305,-0.138,0.106,0.47,-0.332,0.79,0.744,0.18,0.823,-0.261,-0.023,-0.461,0.524,-0.481,-0.798,-0.416,0.551,0.707,-0.143,-0.46,-0.794,0.616,0.37,0.719,-0.353,-0.119,0.666,-0.576,0.619,0.397,-0.25,0.857,0.141,0.719,0.376,0.364,0.63,0.448,0.474,-0.259,0.285,0.577,-0.125,-0.586,0.876,0.06,-0.344,-0.539,0.12,-0.024,0.83,0.498,0.677,-0.669,0.369,0.525,-0.635,0.106,0.646,-0.388,-0.575,-0.403,-0.102,-0.127,-0.451,0.874,0.781,0.568,0.818,-0.017,0.409,0.387,0.489,0.767,0.663,0.636,0.403,0.873,0.185,0.345,0.33,0.204,-0.634,0.128,0.595,0.774,0.416,0.723,-0.452,0.782,-0.397,-0.186,0.406,0.189,-0.096,0.096,0.407,-0.088,-0.135,-0.494,-0.444,-0.595,-0.545,0.768,-0.384,-0.654,0.699,0.79,0.07,0.059,0.449,0.728,0.064
ARWR,0.778,0.598,-0.08,-0.246,-0.485,0.502,0.564,0.044,0.386,0.628,0.832,0.408,-0.307,-0.307,0.113,-0.129,-0.021,0.045,0.184,0.299,0.841,0.0,-0.093,0.947,-0.687,-0.757,0.69,0.912,-0.627,-0.555,0.881,-0.556,-0.356,0.432,-0.657,-0.114,0.715,0.542,-0.751,0.574,0.812,-0.806,0.52,0.388,-0.692,-0.186,-0.738,-0.211,0.778,0.079,-0.461,0.176,0.869,0.523,0.809,0.26,0.521,0.802,0.01,-0.242,0.621,0.041,0.441,0.777,-0.755,0.805,0.784,-0.334,0.515,-0.405,0.306,-0.449,-0.045,0.821,0.826,0.917,-0.551,-0.913,-0.108,0.81,-0.875,0.619,0.509,0.767,0.72,-0.48,0.771,0.067,-0.477,0.191,0.696,-0.057,0.964,0.791,0.047,0.929,-0.044,0.14,-0.47,0.791,-0.552,-0.71,-0.106,0.68,0.708,-0.533,-0.526,-0.841,0.708,0.385,0.919,-0.26,-0.431,0.533,-0.859,0.857,0.574,-0.27,0.94,0.45,0.743,0.144,0.577,0.844,0.626,0.21,-0.557,0.513,0.865,0.077,-0.73,0.969,0.292,-0.462,-0.719,0.181,0.281,0.762,0.504,0.896,-0.808,0.359,0.393,-0.753,-0.115,0.472,-0.482,-0.446,-0.439,-0.442,0.068,-0.582,0.975,0.818,0.675,0.92,-0.414,0.568,0.462,0.71,0.666,0.718,0.898,0.327,0.897,0.194,0.437,0.075,0.6,-0.502,0.256,0.827,0.745,0.133,0.931,-0.712,0.751,-0.569,-0.425,-0.022,0.193,0.204,-0.105,0.297,0.021,-0.274,-0.716,-0.698,-0.413,-0.796,0.881,-0.548,-0.838,0.895,0.945,-0.349,-0.117,0.475,0.89,-0.072
ASND,-0.314,0.555,0.104,0.791,0.653,0.244,0.165,0.41,0.584,0.618,0.246,0.655,0.286,-0.057,0.21,-0.33,0.769,0.517,0.668,-0.463,0.183,-0.093,0.0,-0.115,0.181,0.421,0.45,-0.317,0.479,0.178,0.012,0.176,0.376,0.531,0.647,0.029,-0.321,0.34,0.145,-0.185,0.327,0.01,0.143,0.673,-0.081,0.752,0.325,0.111,-0.112,0.799,-0.215,-0.522,0.111,0.204,0.031,-0.426,0.494,0.085,0.566,0.508,-0.211,-0.534,0.353,-0.055,0.454,0.331,0.44,0.236,0.459,0.546,0.428,0.793,0.656,0.102,0.091,-0.087,0.679,0.347,0.597,-0.266,0.264,-0.431,-0.047,0.251,-0.082,0.606,-0.411,0.691,0.057,0.49,0.243,-0.498,-0.136,0.174,0.405,-0.085,-0.079,0.484,0.385,-0.277,0.424,-0.345,-0.454,-0.248,0.478,0.259,-0.069,-0.032,0.241,0.578,-0.216,0.23,0.321,0.631,0.249,0.003,0.02,-0.079,0.017,-0.163,0.406,0.586,-0.382,0.011,0.202,0.613,0.719,-0.052,-0.303,-0.142,0.444,0.054,0.248,0.232,0.131,0.259,-0.448,0.315,0.463,-0.02,-0.144,-0.253,0.264,0.206,0.859,0.57,0.011,-0.271,0.253,0.809,-0.609,0.467,-0.02,0.258,-0.139,0.218,0.48,-0.563,-0.162,-0.431,0.239,0.415,-0.247,0.659,0.093,-0.073,0.06,0.851,-0.291,-0.052,-0.281,0.05,0.425,0.395,-0.385,0.08,0.422,0.077,0.454,0.794,0.315,-0.288,0.737,0.407,-0.088,0.052,0.116,0.307,-0.145,0.555,0.167,0.671,0.104,-0.094,-0.036,0.591,0.596,0.588,-0.036,-0.328
ASTH,0.833,0.48,0.06,-0.283,-0.478,0.646,0.667,0.176,0.312,0.571,0.754,0.365,-0.29,-0.092,0.229,0.083,0.018,0.142,0.288,0.385,0.792,0.947,-0.115,0.0,-0.516,-0.812,0.608,0.938,-0.576,-0.459,0.834,-0.455,-0.315,0.439,-0.672,0.074,0.79,0.602,-0.627,0.584,0.798,-0.725,0.515,0.376,-0.485,-0.244,-0.64,-0.088,0.765,0.035,-0.274,0.287,0.851,0.641,0.891,0.422,0.527,0.812,0.101,-0.091,0.668,0.218,0.568,0.773,-0.669,0.812,0.724,-0.226,0.495,-0.333,0.332,-0.417,0.026,0.838,0.822,0.851,-0.556,-0.831,-0.138,0.849,-0.75,0.559,0.636,0.63,0.857,-0.332,0.847,0.127,-0.405,0.281,0.665,0.16,0.912,0.846,0.027,0.949,0.05,0.114,-0.339,0.853,-0.48,-0.547,0.091,0.808,0.588,-0.421,-0.321,-0.692,0.797,0.275,0.963,-0.239,-0.428,0.562,-0.775,0.768,0.553,-0.075,0.939,0.536,0.649,0.19,0.734,0.863,0.639,0.257,-0.561,0.614,0.914,0.297,-0.695,0.931,0.372,-0.332,-0.605,0.208,0.494,0.722,0.464,0.906,-0.683,0.546,0.375,-0.658,-0.149,0.495,-0.41,-0.258,-0.391,-0.479,0.191,-0.486,0.948,0.822,0.799,0.867,-0.318,0.563,0.626,0.781,0.598,0.683,0.895,0.305,0.849,0.299,0.596,0.057,0.637,-0.431,0.421,0.817,0.701,0.255,0.902,-0.599,0.746,-0.449,-0.267,-0.035,0.28,0.418,-0.058,0.423,0.224,-0.094,-0.638,-0.574,-0.35,-0.739,0.839,-0.572,-0.699,0.83,0.896,-0.245,-0.05,0.362,0.931,0.066
ATSG,-0.256,-0.433,0.669,0.246,0.283,0.107,-0.033,0.519,-0.165,-0.381,-0.479,-0.289,0.347,0.765,0.555,0.629,0.343,0.39,0.268,-0.224,-0.644,-0.687,0.181,-0.516,0.0,0.506,-0.351,-0.476,0.635,0.873,-0.705,0.78,0.501,-0.207,0.591,0.578,-0.133,-0.028,0.596,-0.069,-0.414,0.726,-0.238,0.035,0.788,-0.004,0.784,0.717,-0.258,0.13,0.765,0.188,-0.543,0.049,-0.265,0.3,-0.147,-0.268,0.305,0.38,-0.032,0.435,0.093,-0.28,0.659,-0.346,-0.435,0.692,-0.001,0.451,-0.261,0.48,0.389,-0.497,-0.488,-0.655,0.572,0.817,0.195,-0.269,0.848,-0.255,0.126,-0.669,-0.311,0.641,-0.274,0.319,0.186,0.348,-0.262,0.455,-0.654,-0.259,0.107,-0.544,0.561,0.266,0.845,-0.239,0.762,0.747,0.57,-0.234,-0.419,0.437,0.798,0.864,-0.094,-0.229,-0.461,0.621,0.416,-0.079,0.727,-0.545,-0.095,0.671,-0.67,0.166,-0.434,0.192,0.02,-0.263,-0.105,0.144,0.55,0.007,-0.438,0.567,0.794,-0.604,0.291,0.625,0.698,0.068,0.251,-0.381,-0.041,-0.417,0.629,-0.117,-0.139,0.839,0.189,-0.097,0.601,0.786,0.776,0.42,0.192,0.833,-0.593,-0.348,-0.08,-0.564,0.532,-0.418,0.167,-0.383,-0.612,-0.385,-0.445,0.068,-0.498,-0.052,0.137,0.079,-0.102,0.691,0.326,-0.33,-0.447,0.122,-0.632,0.666,-0.272,0.754,0.682,-0.038,0.266,0.388,0.233,0.16,0.576,0.674,0.651,0.797,0.655,0.72,-0.455,0.503,0.823,-0.566,-0.705,0.435,0.462,-0.296,-0.4,0.258
AVTX,-0.7,-0.129,0.103,0.448,0.607,-0.394,-0.362,0.118,-0.094,-0.194,-0.391,-0.002,0.467,0.111,-0.05,-0.211,0.285,0.197,0.057,-0.502,-0.495,-0.757,0.421,-0.812,0.506,0.0,-0.299,-0.825,0.705,0.569,-0.657,0.475,0.483,-0.134,0.805,0.04,-0.664,-0.347,0.59,-0.43,-0.427,0.663,-0.337,-0.036,0.289,0.436,0.694,0.17,-0.566,0.334,0.245,-0.43,-0.688,-0.381,-0.661,-0.501,-0.152,-0.574,0.234,0.257,-0.542,-0.362,-0.292,-0.53,0.66,-0.465,-0.413,0.383,-0.115,0.49,-0.113,0.646,0.213,-0.679,-0.661,-0.75,0.762,0.781,0.345,-0.742,0.686,-0.516,-0.434,-0.447,-0.713,0.482,-0.831,0.251,0.351,-0.037,-0.485,-0.326,-0.743,-0.589,0.165,-0.796,0.082,0.095,0.489,-0.752,0.537,0.323,-0.228,-0.692,-0.238,0.551,0.334,0.558,-0.543,-0.036,-0.818,0.361,0.638,-0.146,0.762,-0.628,-0.403,0.173,-0.779,-0.468,-0.306,0.15,-0.658,-0.653,-0.415,0.116,0.786,-0.438,-0.87,-0.251,0.703,-0.682,-0.191,0.397,0.547,-0.097,-0.592,-0.398,-0.094,-0.716,0.469,-0.595,-0.068,0.641,0.44,-0.096,0.45,0.087,0.518,0.72,-0.326,0.524,-0.7,-0.555,-0.586,-0.579,0.541,-0.513,-0.466,-0.696,-0.411,-0.43,-0.723,0.007,-0.498,-0.291,-0.397,0.294,-0.612,0.37,-0.291,-0.57,-0.462,-0.014,-0.795,0.61,-0.351,0.549,0.461,0.297,-0.052,-0.469,0.336,-0.15,-0.128,0.182,0.611,0.657,0.305,0.809,-0.543,0.676,0.625,-0.685,-0.791,0.445,0.232,-0.088,-0.719,-0.057
BCPC,0.406,0.823,0.117,0.377,-0.001,0.511,0.523,0.312,0.848,0.848,0.783,0.65,-0.05,-0.245,0.325,-0.216,0.462,0.361,0.502,-0.221,0.627,0.69,0.45,0.608,-0.351,-0.299,0.0,0.475,-0.267,-0.234,0.557,-0.208,0.039,0.593,-0.113,-0.157,0.374,0.716,-0.61,0.374,0.778,-0.626,0.56,0.818,-0.628,0.318,-0.413,0.026,0.643,0.608,-0.546,-0.218,0.761,0.524,0.56,0.039,0.682,0.798,0.268,-0.036,0.481,-0.201,0.478,0.62,-0.367,0.844,0.937,-0.056,0.7,0.019,0.298,0.122,0.444,0.634,0.664,0.713,-0.02,-0.447,0.271,0.562,-0.521,0.37,0.35,0.816,0.35,-0.067,0.381,0.473,-0.53,0.596,0.805,-0.334,0.633,0.662,0.359,0.607,0.005,0.634,0.02,0.502,-0.058,-0.734,-0.276,0.225,0.894,-0.443,-0.54,-0.631,0.706,0.83,0.54,0.108,-0.2,0.778,-0.591,0.759,0.609,-0.304,0.646,0.36,0.931,0.517,0.214,0.73,0.746,0.446,0.083,0.333,0.476,0.03,-0.252,0.744,0.586,-0.23,-0.539,0.409,-0.052,0.767,0.797,0.74,-0.81,-0.1,0.465,-0.362,0.522,0.71,-0.34,-0.496,-0.059,0.215,-0.447,-0.091,0.714,0.795,0.339,0.844,-0.136,0.03,0.267,0.183,0.577,0.885,0.57,0.815,0.722,-0.073,0.404,0.622,0.438,-0.373,-0.043,0.779,0.824,0.206,0.443,-0.588,0.824,-0.375,-0.14,0.314,0.447,0.016,0.333,0.495,-0.073,-0.238,-0.487,-0.381,-0.262,-0.295,0.863,0.149,-0.6,0.67,0.702,-0.05,0.37,0.899,0.653,-0.46
BEAM,0.901,0.308,0.096,-0.472,-0.694,0.54,0.539,0.1,0.18,0.354,0.666,0.131,-0.359,-0.066,0.277,0.207,-0.103,-0.016,0.072,0.386,0.648,0.912,-0.317,0.938,-0.476,-0.825,0.475,0.0,-0.653,-0.393,0.747,-0.405,-0.375,0.226,-0.75,0.093,0.878,0.484,-0.691,0.667,0.678,-0.685,0.443,0.238,-0.43,-0.505,-0.663,-0.02,0.821,-0.164,-0.188,0.484,0.76,0.531,0.82,0.559,0.358,0.764,-0.084,-0.303,0.757,0.397,0.414,0.792,-0.778,0.666,0.569,-0.234,0.421,-0.517,0.078,-0.611,-0.127,0.77,0.754,0.853,-0.664,-0.868,-0.238,0.919,-0.77,0.76,0.64,0.562,0.754,-0.524,0.928,-0.053,-0.506,0.194,0.634,0.274,0.906,0.758,-0.053,0.89,0.196,0.117,-0.368,0.897,-0.472,-0.405,0.256,0.786,0.48,-0.554,-0.278,-0.639,0.715,0.145,0.96,-0.134,-0.502,0.366,-0.803,0.782,0.569,-0.034,0.841,0.659,0.524,-0.01,0.79,0.868,0.625,0.067,-0.706,0.651,0.948,0.36,-0.673,0.877,0.369,-0.382,-0.597,0.164,0.591,0.601,0.396,0.888,-0.632,0.47,0.273,-0.64,-0.367,0.291,-0.343,-0.127,-0.312,-0.647,0.365,-0.516,0.897,0.72,0.791,0.786,-0.471,0.678,0.607,0.828,0.43,0.559,0.942,0.147,0.793,0.291,0.519,-0.183,0.755,-0.261,0.511,0.819,0.558,0.042,0.956,-0.617,0.615,-0.443,-0.363,-0.303,0.209,0.502,-0.242,0.259,0.28,-0.093,-0.631,-0.626,-0.169,-0.814,0.759,-0.675,-0.693,0.844,0.83,-0.428,-0.182,0.231,0.891,0.107
BILI,-0.461,-0.053,0.4,0.545,0.574,-0.089,0.05,0.458,-0.171,-0.057,-0.258,0.208,0.692,0.501,0.244,-0.023,0.419,0.561,0.38,-0.228,-0.311,-0.627,0.479,-0.576,0.635,0.705,-0.267,-0.653,0.0,0.707,-0.524,0.657,0.718,0.204,0.88,0.482,-0.435,-0.017,0.783,-0.231,-0.264,0.763,-0.077,0.041,0.442,0.451,0.846,0.425,-0.399,0.438,0.531,-0.16,-0.64,-0.02,-0.249,-0.35,0.171,-0.481,0.637,0.426,-0.317,-0.214,0.056,-0.296,0.792,-0.202,-0.302,0.556,0.086,0.706,0.226,0.787,0.485,-0.521,-0.489,-0.737,0.867,0.793,0.566,-0.589,0.769,-0.599,-0.002,-0.528,-0.296,0.756,-0.629,0.584,0.501,0.153,-0.396,-0.173,-0.667,-0.375,0.376,-0.535,0.16,0.114,0.628,-0.455,0.628,0.327,-0.061,-0.269,-0.191,0.73,0.566,0.615,-0.186,-0.171,-0.627,0.506,0.774,0.131,0.867,-0.606,-0.174,0.519,-0.557,-0.287,-0.241,0.446,-0.35,-0.423,-0.308,0.369,0.774,-0.088,-0.713,0.035,0.765,-0.531,-0.021,0.644,0.663,0.159,-0.317,-0.13,0.074,-0.569,0.588,-0.23,0.225,0.794,0.485,0.223,0.667,0.269,0.659,0.691,-0.213,0.666,-0.52,-0.249,-0.243,-0.496,0.881,-0.366,-0.059,-0.561,-0.426,-0.295,-0.61,0.135,-0.322,-0.149,0.029,0.43,-0.513,0.371,0.073,-0.432,-0.226,0.404,-0.673,0.844,-0.089,0.769,0.648,0.472,0.282,-0.235,0.421,0.232,0.266,0.609,0.799,0.889,0.29,0.827,-0.411,0.609,0.743,-0.638,-0.677,0.77,0.538,-0.201,-0.428,0.317
BJRI,-0.133,-0.228,0.747,0.243,0.204,0.117,0.111,0.666,-0.137,-0.248,-0.235,-0.142,0.527,0.723,0.611,0.456,0.378,0.545,0.339,-0.174,-0.501,-0.555,0.178,-0.459,0.873,0.569,-0.234,-0.393,0.707,0.0,-0.615,0.769,0.572,-0.128,0.657,0.636,0.006,0.006,0.525,0.137,-0.237,0.705,-0.141,0.09,0.543,-0.029,0.79,0.783,-0.09,0.25,0.759,0.169,-0.519,0.13,-0.187,0.193,0.054,-0.175,0.448,0.277,0.011,0.326,0.196,-0.112,0.604,-0.195,-0.333,0.787,0.219,0.467,-0.234,0.507,0.38,-0.468,-0.433,-0.603,0.638,0.709,0.286,-0.196,0.722,-0.123,0.205,-0.573,-0.328,0.54,-0.288,0.463,0.138,0.343,-0.252,0.296,-0.526,-0.18,0.203,-0.485,0.676,0.321,0.82,-0.154,0.715,0.614,0.445,-0.177,-0.225,0.45,0.749,0.753,-0.073,-0.157,-0.385,0.738,0.641,0.062,0.717,-0.437,0.031,0.733,-0.615,0.156,-0.241,0.318,0.048,-0.156,-0.053,0.331,0.614,0.131,-0.422,0.49,0.752,-0.456,0.304,0.69,0.635,0.075,0.117,-0.174,0.177,-0.358,0.5,-0.245,0.069,0.784,0.27,0.058,0.714,0.622,0.885,0.459,0.201,0.763,-0.456,-0.251,0.019,-0.427,0.625,-0.264,0.204,-0.332,-0.536,-0.336,-0.281,0.137,-0.274,-0.156,0.187,0.153,-0.124,0.712,0.463,-0.207,-0.382,0.169,-0.5,0.693,-0.081,0.844,0.692,-0.002,0.318,0.257,0.251,0.175,0.644,0.731,0.648,0.805,0.679,0.693,-0.302,0.422,0.736,-0.476,-0.667,0.445,0.453,-0.208,-0.255,0.305
BLUE,0.628,0.574,-0.241,-0.225,-0.276,0.381,0.488,-0.067,0.257,0.657,0.769,0.443,-0.307,-0.405,-0.085,-0.33,-0.074,0.012,0.215,0.371,0.91,0.881,0.012,0.834,-0.705,-0.657,0.557,0.747,-0.524,-0.615,0.0,-0.644,-0.347,0.473,-0.575,-0.158,0.518,0.404,-0.58,0.332,0.744,-0.72,0.437,0.312,-0.684,-0.006,-0.662,-0.386,0.523,0.145,-0.491,0.046,0.805,0.456,0.723,0.018,0.513,0.605,0.079,-0.04,0.361,-0.181,0.4,0.536,-0.589,0.693,0.688,-0.435,0.422,-0.322,0.451,-0.312,-0.062,0.721,0.734,0.745,-0.432,-0.832,-0.06,0.554,-0.803,0.356,0.343,0.677,0.688,-0.327,0.555,0.068,-0.286,0.044,0.503,-0.218,0.857,0.734,0.01,0.849,-0.264,-0.08,-0.592,0.566,-0.541,-0.718,-0.309,0.59,0.637,-0.346,-0.535,-0.84,0.55,0.29,0.794,-0.426,-0.324,0.506,-0.706,0.684,0.325,-0.325,0.874,0.221,0.615,0.157,0.429,0.637,0.435,0.275,-0.477,0.302,0.684,-0.115,-0.699,0.885,0.064,-0.46,-0.611,0.042,0.084,0.757,0.368,0.696,-0.723,0.393,0.365,-0.741,-0.091,0.455,-0.499,-0.539,-0.511,-0.336,-0.013,-0.576,0.865,0.717,0.561,0.815,-0.254,0.44,0.348,0.581,0.723,0.629,0.694,0.241,0.821,0.199,0.263,0.12,0.327,-0.609,0.127,0.605,0.7,0.214,0.81,-0.607,0.671,-0.534,-0.339,0.196,0.058,-0.015,-0.076,0.259,-0.124,-0.252,-0.644,-0.631,-0.562,-0.708,0.709,-0.541,-0.755,0.777,0.855,-0.164,-0.152,0.371,0.72,0.003
