,AAL,AAON,ACB,ACGL,ACGLO,ACIW,ADBE,ADSK,AEP,AGIO,ALEC,ALNY,ALTR,AMBA,AMCX,AMKR,AMRX,ANSS,APPN,APTO,ARCT,ARWR,ASND,ASTH,ATSG,AVTX,BCPC,BEAM,BILI,BJRI,BLUE,BPOP,BRKL,BWIN,BZUN,CARG,CBRL,CBSH,CBUS,CENTA,CERS,CFFN,CHCO,CHEF,CHRD,CINF,CLLS,CMCO,CMCSA,COLL,COMM,COOP,CPB,CRON,CROX,CRUS,CRWD,CTAS,CYBR,CYTK,DGII,DIOD,DOMO,DPZ,DSGR,DXCM,ERIE,ESTA,EXEL,FAST,FCEL,FCFS,FHB,FITBI,FSV,FTDR,FUTU,GLDD,GLPG,GLPI,GOGO,GOSS,GSAT,GYRE,HALO,HAS,HLIT,HLNE,HSDT,HSIC,HTHT,ICHR,IDYA,IMVT,INDB,INSM,IONS,IOSP,ITRI,JBHT,JBLU,JSM,KLIC,KOD,KURA,LAB,LASR,LIN,LKQ,LNT,MBUU,MCRI,MDGL,MEDP,MGNI,MGPI,MGRC,MKTX,MRNA,MRTN,MSEX,MSFT,MU,NAVI,NBTB,NEO,NEOG,NGNE,NSSC,NTAP,NTES,NTLA,NTRS,NYMTN,OBLG,OCFC,ON,ONC,OPI,OSIS,OSW,PALI,PANW,PCAR,PCRX,PCTY,PEBO,PLAB,PLAY,PLMR,PLSE,PLUS,PRTA,PSEC,PSNL,PTCT,PTON,QNST,QRVO,QTTB,RARE,RBCAA,RGNX,SAIC,SGMO,SINT,SNPS,SPSC,SPTN,SSYS,STNE,TBBK,TCPC,TENB,TGTX,TREE,TRUP,TTWO,TW,TXG,UBSI,UCTT,UFPT,UMBF,UPBD,URBN,VBTX,VCTR,VEON,VNET,VRSK,VSEC,WABC,WTFCM,WVE,WW,WWD,XEL,ZD,ZYME
AAL,0.0,0.737,0.9,0.437,0.652,0.67,0.458,0.846,0.517,0.686,0.919,0.781,0.84,0.935,0.582,0.877,0.636,0.866,0.68,0.819,0.909,0.891,0.468,0.877,0.813,0.438,0.693,0.544,0.772,0.839,0.736,0.792,0.642,0.873,0.708,0.453,0.971,0.934,0.647,0.723,0.905,0.494,0.835,0.84,0.184,0.518,0.723,0.77,0.671,0.772,0.898,0.579,0.529,0.888,0.906,0.73,0.728,0.838,0.85,0.659,0.691,0.925,0.428,0.816,0.159,0.837,0.695,0.893,0.153,0.754,0.947,0.877,0.911,0.488,0.899,0.867,0.514,0.915,-0.501,0.718,0.79,0.775,0.2,0.826,0.805,0.813,0.545,0.864,0.811,0.814,-0.438,0.85,0.811,0.586,0.702,0.85,0.47,0.681,0.695,0.529,0.754,0.411,0.8,0.808,0.189,0.389,0.863,0.651,0.854,0.556,0.558,0.949,0.894,0.741,0.914,0.879,0.674,0.654,0.88,-0.11,0.657,0.581,0.917,0.882,0.812,0.878,0.913,0.634,0.695,0.939,0.71,0.506,0.939,0.633,0.838,0.839,0.935,0.348,0.837,0.647,0.499,0.644,0.516,0.234,0.021,0.548,0.33,0.864,0.852,0.637,0.414,0.915,0.837,0.809,0.824,0.655,0.834,0.785,0.835,0.453,0.702,0.802,0.778,0.639,0.773,0.866,0.881,0.336,0.593,0.741,0.684,0.327,0.602,0.556,0.667,0.787,0.888,-0.447,0.72,0.802,0.861,0.882,0.885,0.917,0.522,0.063,0.822,0.792,0.862,0.342,0.804,0.739,0.746,0.473,0.93,0.793,0.745,0.186,0.698,0.768
AAON,0.737,0.0,0.92,-0.158,0.852,0.606,0.41,0.817,0.404,0.849,0.785,0.325,0.753,0.804,0.24,0.904,0.239,0.811,0.425,0.729,0.883,0.869,0.051,0.942,0.486,0.455,0.981,0.679,0.845,0.614,0.878,0.443,0.243,0.657,0.835,-0.127,0.755,0.673,0.911,0.762,0.884,0.791,0.875,0.8,-0.288,-0.073,0.966,0.844,0.729,0.687,0.843,0.813,0.775,0.637,0.9,0.915,0.45,0.803,0.823,0.175,0.965,0.735,-0.025,0.861,0.454,0.775,0.329,0.896,-0.267,0.904,0.701,0.713,0.786,0.895,0.867,0.739,0.535,0.882,-0.832,0.526,0.559,0.977,0.189,0.948,0.634,0.841,0.893,0.827,0.887,0.506,-0.752,0.731,0.774,0.922,0.426,0.713,0.045,0.933,0.876,0.832,0.193,0.802,0.924,0.556,0.122,-0.09,0.911,0.9,0.622,0.287,0.097,0.693,0.541,0.591,0.739,0.911,0.854,0.515,0.87,-0.312,0.78,0.404,0.868,0.87,0.847,0.869,0.879,0.79,0.872,0.779,0.48,0.165,0.691,0.926,0.709,0.793,0.568,0.559,0.871,0.952,0.333,0.837,0.293,-0.153,-0.167,0.159,0.182,0.669,0.437,0.201,0.72,0.87,0.861,0.717,0.481,0.164,0.611,0.767,0.912,-0.105,0.511,0.914,0.6,0.662,0.884,0.704,0.757,0.128,-0.009,0.311,0.885,-0.1,0.031,0.237,0.904,0.826,0.818,-0.762,0.89,0.799,0.893,0.778,0.621,0.76,0.843,-0.267,0.834,0.317,0.871,0.546,0.666,0.972,0.639,0.855,0.738,0.945,0.586,-0.077,0.9,0.949
ACB,0.9,0.92,0.0,0.159,0.84,0.696,0.493,0.931,0.493,0.789,0.918,0.608,0.858,0.927,0.431,0.956,0.466,0.915,0.635,0.833,0.961,0.946,0.271,0.969,0.648,0.43,0.885,0.641,0.913,0.716,0.828,0.671,0.434,0.813,0.861,0.186,0.907,0.851,0.851,0.78,0.966,0.648,0.869,0.88,-0.038,0.225,0.908,0.849,0.777,0.78,0.916,0.745,0.697,0.838,0.973,0.883,0.678,0.862,0.924,0.448,0.881,0.879,0.244,0.914,0.41,0.898,0.541,0.98,-0.103,0.886,0.893,0.847,0.899,0.737,0.935,0.894,0.627,0.944,-0.683,0.679,0.707,0.945,0.208,0.966,0.769,0.908,0.765,0.926,0.904,0.697,-0.643,0.845,0.824,0.801,0.532,0.841,0.207,0.852,0.814,0.719,0.505,0.652,0.91,0.745,0.088,0.137,0.934,0.839,0.748,0.481,0.311,0.856,0.767,0.712,0.909,0.937,0.768,0.679,0.95,-0.287,0.723,0.567,0.951,0.957,0.869,0.93,0.952,0.765,0.844,0.917,0.686,0.372,0.878,0.849,0.844,0.846,0.793,0.545,0.934,0.847,0.405,0.798,0.513,0.016,-0.003,0.417,0.167,0.817,0.659,0.427,0.637,0.958,0.916,0.867,0.704,0.435,0.747,0.814,0.943,0.199,0.652,0.905,0.729,0.709,0.888,0.897,0.911,0.251,0.292,0.576,0.858,0.135,0.369,0.471,0.821,0.879,0.92,-0.599,0.885,0.862,0.923,0.89,0.797,0.902,0.684,-0.205,0.85,0.618,0.95,0.537,0.827,0.9,0.693,0.728,0.921,0.928,0.721,0.062,0.838,0.936
ACGL,0.437,-0.158,0.159,0.0,0.067,0.297,0.365,0.268,0.192,-0.087,0.315,0.803,0.302,0.359,0.629,0.193,0.787,0.288,0.503,0.321,0.23,0.191,0.636,0.121,0.615,0.143,-0.22,-0.046,0.09,0.394,-0.066,0.646,0.603,0.448,0.054,0.872,0.437,0.521,-0.147,0.271,0.18,-0.344,0.042,0.123,0.791,0.911,-0.188,-0.026,0.213,0.25,0.254,-0.251,-0.101,0.533,0.203,-0.07,0.531,0.274,0.204,0.706,-0.155,0.442,0.738,0.195,-0.226,0.323,0.682,0.189,0.544,0.089,0.504,0.354,0.287,-0.402,0.181,0.464,0.14,0.186,0.393,0.471,0.295,-0.112,0.129,0.009,0.524,0.238,-0.418,0.287,-0.063,0.527,0.312,0.413,0.293,-0.254,0.371,0.39,0.549,-0.204,-0.046,-0.18,0.822,-0.415,0.087,0.542,0.099,0.69,0.106,-0.083,0.535,0.531,0.713,0.398,0.5,0.368,0.369,0.114,-0.199,0.314,0.227,0.387,-0.15,0.418,0.251,0.182,0.084,0.171,0.258,-0.034,-0.009,0.407,0.49,0.606,0.476,-0.285,0.335,0.197,0.594,0.06,0.187,-0.269,0.342,-0.145,0.423,0.617,0.364,0.66,0.183,0.499,0.602,0.628,-0.17,0.291,0.087,0.258,0.631,0.65,0.299,0.142,0.138,0.835,0.459,0.03,0.279,0.13,-0.002,0.392,0.41,0.389,0.836,0.732,-0.091,0.775,0.848,0.666,-0.194,0.234,0.251,0.321,-0.072,0.193,0.076,0.406,0.452,0.418,-0.366,0.344,0.106,0.746,0.115,0.022,0.395,-0.155,0.197,-0.333,0.367,-0.003,0.328,0.478,-0.141,-0.1
ACGLO,0.652,0.852,0.84,0.067,0.0,0.643,0.542,0.806,0.39,0.737,0.728,0.455,0.686,0.74,0.281,0.849,0.378,0.781,0.456,0.707,0.816,0.785,0.102,0.845,0.492,0.403,0.826,0.607,0.817,0.54,0.697,0.51,0.212,0.638,0.83,0.007,0.686,0.626,0.815,0.72,0.779,0.606,0.69,0.704,-0.132,0.067,0.794,0.732,0.812,0.581,0.753,0.67,0.74,0.655,0.803,0.802,0.489,0.742,0.737,0.188,0.833,0.686,0.118,0.814,0.513,0.782,0.41,0.828,-0.222,0.869,0.681,0.679,0.691,0.793,0.737,0.787,0.625,0.731,-0.648,0.562,0.391,0.855,0.153,0.848,0.724,0.863,0.666,0.804,0.674,0.441,-0.596,0.777,0.735,0.767,0.309,0.742,0.051,0.755,0.728,0.789,0.252,0.676,0.838,0.608,0.073,0.033,0.777,0.819,0.593,0.397,0.118,0.585,0.471,0.535,0.685,0.773,0.632,0.548,0.791,-0.226,0.521,0.399,0.791,0.79,0.707,0.762,0.794,0.703,0.811,0.72,0.56,0.23,0.622,0.773,0.65,0.658,0.519,0.761,0.827,0.802,0.385,0.665,0.327,-0.047,0.043,0.251,0.053,0.696,0.373,0.156,0.681,0.817,0.767,0.691,0.493,0.191,0.474,0.604,0.845,0.083,0.568,0.8,0.494,0.673,0.78,0.718,0.777,0.177,0.047,0.369,0.774,0.162,0.125,0.407,0.817,0.853,0.756,-0.55,0.813,0.703,0.751,0.795,0.596,0.722,0.604,-0.328,0.689,0.349,0.735,0.658,0.692,0.819,0.497,0.789,0.666,0.821,0.579,0.092,0.762,0.826
ACIW,0.67,0.606,0.696,0.297,0.643,0.0,0.745,0.803,0.263,0.61,0.738,0.639,0.867,0.772,0.606,0.703,0.497,0.836,0.756,0.795,0.75,0.769,0.511,0.724,0.68,0.615,0.614,0.709,0.619,0.723,0.693,0.44,0.391,0.768,0.635,0.416,0.725,0.62,0.567,0.754,0.776,0.376,0.516,0.51,0.084,0.411,0.605,0.389,0.628,0.668,0.738,0.289,0.321,0.814,0.723,0.604,0.783,0.796,0.767,0.601,0.615,0.782,0.623,0.782,0.288,0.831,0.737,0.695,0.207,0.658,0.747,0.541,0.516,0.4,0.711,0.798,0.317,0.684,-0.217,0.789,0.703,0.6,0.428,0.67,0.807,0.622,0.428,0.814,0.586,0.687,-0.215,0.602,0.771,0.594,0.461,0.79,0.269,0.467,0.745,0.368,0.558,0.187,0.692,0.604,0.2,0.488,0.771,0.668,0.727,0.518,0.613,0.635,0.526,0.825,0.794,0.608,0.498,0.453,0.769,-0.099,0.631,0.672,0.614,0.598,0.47,0.78,0.789,0.709,0.626,0.688,0.576,0.626,0.606,0.431,0.755,0.565,0.692,0.485,0.631,0.484,0.43,0.629,0.605,-0.007,-0.185,0.631,0.096,0.704,0.702,0.597,0.454,0.718,0.625,0.507,0.735,0.3,0.671,0.775,0.688,0.352,0.674,0.554,0.649,0.229,0.72,0.673,0.819,0.667,0.365,0.712,0.722,0.128,0.353,0.696,0.454,0.529,0.758,-0.397,0.543,0.791,0.515,0.644,0.662,0.629,0.468,0.084,0.473,0.662,0.711,0.524,0.746,0.549,0.327,0.497,0.686,0.715,0.323,0.341,0.58,0.528
ADBE,0.458,0.41,0.493,0.365,0.542,0.745,0.0,0.726,0.082,0.529,0.512,0.551,0.708,0.626,0.712,0.567,0.492,0.731,0.756,0.758,0.557,0.623,0.577,0.551,0.566,0.522,0.412,0.69,0.535,0.569,0.523,0.324,0.201,0.671,0.624,0.446,0.539,0.42,0.534,0.686,0.584,0.033,0.249,0.282,0.276,0.345,0.431,0.167,0.49,0.485,0.608,0.111,0.16,0.735,0.544,0.462,0.772,0.713,0.613,0.537,0.483,0.69,0.686,0.697,0.431,0.722,0.66,0.535,0.135,0.566,0.631,0.417,0.306,0.258,0.605,0.691,0.356,0.426,-0.004,0.853,0.514,0.394,0.622,0.407,0.701,0.488,0.181,0.698,0.343,0.539,-0.021,0.506,0.724,0.496,0.224,0.711,0.168,0.316,0.635,0.257,0.525,0.052,0.599,0.546,0.392,0.561,0.556,0.632,0.651,0.437,0.642,0.392,0.251,0.739,0.62,0.389,0.324,0.317,0.601,0.242,0.418,0.807,0.45,0.345,0.208,0.611,0.602,0.65,0.553,0.492,0.684,0.665,0.421,0.238,0.491,0.327,0.544,0.602,0.508,0.267,0.48,0.534,0.696,0.09,-0.042,0.631,0.032,0.556,0.51,0.538,0.524,0.503,0.407,0.466,0.677,0.131,0.424,0.642,0.635,0.404,0.701,0.307,0.503,0.101,0.617,0.569,0.702,0.722,0.208,0.708,0.63,0.184,0.415,0.785,0.305,0.432,0.654,-0.265,0.352,0.655,0.274,0.522,0.496,0.377,0.322,0.204,0.329,0.556,0.514,0.732,0.629,0.358,0.08,0.389,0.488,0.552,0.159,0.404,0.52,0.302
ADSK,0.846,0.817,0.931,0.268,0.806,0.803,0.726,0.0,0.471,0.722,0.887,0.673,0.908,0.922,0.571,0.915,0.52,0.966,0.763,0.875,0.902,0.923,0.43,0.921,0.674,0.427,0.8,0.692,0.906,0.695,0.763,0.629,0.397,0.852,0.868,0.319,0.876,0.787,0.813,0.805,0.941,0.452,0.712,0.79,0.058,0.312,0.817,0.698,0.775,0.744,0.9,0.607,0.586,0.889,0.939,0.828,0.824,0.9,0.938,0.545,0.813,0.906,0.453,0.948,0.515,0.964,0.64,0.944,-0.064,0.861,0.898,0.804,0.786,0.622,0.92,0.941,0.655,0.85,-0.491,0.81,0.709,0.844,0.353,0.875,0.827,0.872,0.638,0.956,0.81,0.728,-0.474,0.806,0.843,0.741,0.439,0.864,0.181,0.749,0.813,0.634,0.605,0.473,0.876,0.764,0.125,0.299,0.881,0.849,0.771,0.573,0.449,0.79,0.685,0.797,0.918,0.837,0.681,0.653,0.922,-0.174,0.652,0.741,0.88,0.862,0.714,0.899,0.928,0.75,0.823,0.872,0.809,0.505,0.83,0.727,0.83,0.734,0.797,0.627,0.882,0.72,0.471,0.771,0.734,0.017,0.04,0.577,0.062,0.807,0.675,0.508,0.631,0.899,0.831,0.861,0.763,0.403,0.729,0.826,0.922,0.305,0.703,0.77,0.712,0.593,0.866,0.918,0.963,0.458,0.312,0.696,0.862,0.191,0.471,0.677,0.697,0.807,0.925,-0.476,0.805,0.867,0.785,0.842,0.769,0.812,0.591,-0.141,0.734,0.706,0.919,0.682,0.9,0.792,0.538,0.654,0.891,0.88,0.635,0.205,0.814,0.814
AEP,0.517,0.404,0.493,0.192,0.39,0.263,0.082,0.471,0.0,0.17,0.441,0.331,0.327,0.433,0.222,0.503,0.21,0.403,0.16,0.282,0.439,0.37,0.141,0.442,0.392,-0.122,0.418,0.022,0.444,0.192,0.22,0.476,0.345,0.27,0.313,0.028,0.467,0.467,0.372,0.292,0.45,0.218,0.425,0.536,-0.116,0.211,0.36,0.472,0.542,0.171,0.434,0.512,0.589,0.335,0.495,0.526,0.247,0.407,0.36,0.154,0.402,0.405,-0.006,0.42,0.243,0.422,0.173,0.485,-0.31,0.466,0.4,0.474,0.588,0.359,0.408,0.437,0.449,0.479,-0.285,0.225,0.229,0.451,-0.189,0.462,0.298,0.475,0.422,0.483,0.467,0.363,-0.478,0.494,0.237,0.252,0.147,0.277,0.03,0.463,0.264,0.432,0.394,0.221,0.411,0.255,-0.257,-0.036,0.37,0.398,0.292,0.747,0.071,0.428,0.43,0.183,0.379,0.488,0.355,0.286,0.441,-0.227,0.166,0.287,0.575,0.59,0.465,0.317,0.432,0.168,0.391,0.549,0.44,-0.076,0.56,0.448,0.352,0.447,0.437,0.122,0.567,0.404,0.175,0.262,0.278,0.131,0.229,0.055,-0.103,0.439,0.28,0.075,0.061,0.48,0.428,0.617,0.271,0.392,0.321,0.199,0.403,0.034,0.095,0.483,0.203,0.575,0.276,0.529,0.46,-0.131,0.217,0.223,0.326,0.309,0.346,0.167,0.296,0.427,0.367,-0.142,0.445,0.26,0.464,0.505,0.49,0.496,0.206,-0.426,0.423,0.384,0.562,0.245,0.462,0.483,0.384,0.251,0.506,0.362,0.624,0.432,0.363,0.542
AGIO,0.686,0.849,0.789,-0.087,0.737,0.61,0.529,0.722,0.17,0.0,0.716,0.335,0.69,0.743,0.395,0.833,0.205,0.729,0.511,0.795,0.842,0.873,0.233,0.825,0.568,0.584,0.84,0.828,0.726,0.735,0.886,0.45,0.246,0.668,0.782,-0.03,0.72,0.634,0.86,0.65,0.807,0.675,0.813,0.704,-0.151,-0.056,0.862,0.726,0.573,0.658,0.798,0.69,0.563,0.671,0.752,0.786,0.494,0.717,0.718,0.26,0.86,0.724,0.138,0.761,0.379,0.652,0.357,0.757,-0.03,0.719,0.679,0.681,0.687,0.785,0.797,0.637,0.441,0.772,-0.662,0.6,0.633,0.853,0.396,0.797,0.595,0.668,0.731,0.726,0.769,0.469,-0.556,0.706,0.871,0.898,0.483,0.784,0.261,0.808,0.831,0.648,0.269,0.673,0.875,0.561,0.502,0.12,0.834,0.785,0.598,0.109,0.281,0.645,0.466,0.587,0.715,0.781,0.83,0.45,0.755,-0.143,0.778,0.418,0.744,0.68,0.735,0.835,0.788,0.91,0.773,0.663,0.49,0.298,0.584,0.764,0.638,0.728,0.577,0.523,0.774,0.815,0.512,0.839,0.28,0.015,-0.151,0.183,0.392,0.643,0.5,0.291,0.71,0.716,0.821,0.616,0.546,0.249,0.597,0.764,0.841,0.053,0.695,0.771,0.757,0.54,0.939,0.577,0.641,0.283,-0.009,0.426,0.859,-0.075,0.071,0.253,0.85,0.688,0.793,-0.715,0.728,0.749,0.779,0.735,0.63,0.625,0.852,0.107,0.797,0.286,0.71,0.575,0.483,0.839,0.597,0.79,0.666,0.838,0.477,-0.09,0.88,0.779
ALEC,0.919,0.785,0.918,0.315,0.728,0.738,0.512,0.887,0.441,0.716,0.0,0.74,0.888,0.931,0.462,0.871,0.599,0.922,0.746,0.818,0.932,0.916,0.382,0.898,0.681,0.465,0.741,0.677,0.852,0.802,0.771,0.677,0.506,0.919,0.815,0.427,0.928,0.874,0.66,0.707,0.951,0.589,0.824,0.864,0.052,0.431,0.795,0.765,0.708,0.867,0.838,0.564,0.503,0.874,0.905,0.748,0.788,0.819,0.937,0.671,0.704,0.912,0.455,0.842,0.243,0.898,0.709,0.926,0.199,0.735,0.93,0.842,0.826,0.537,0.889,0.892,0.551,0.883,-0.563,0.718,0.774,0.831,0.219,0.853,0.853,0.837,0.62,0.849,0.778,0.765,-0.362,0.799,0.819,0.637,0.641,0.881,0.396,0.661,0.732,0.559,0.621,0.45,0.796,0.863,0.161,0.356,0.885,0.662,0.793,0.501,0.462,0.936,0.889,0.799,0.949,0.848,0.688,0.763,0.881,-0.244,0.697,0.575,0.86,0.882,0.812,0.928,0.919,0.692,0.711,0.866,0.699,0.562,0.85,0.682,0.862,0.786,0.86,0.463,0.795,0.7,0.463,0.647,0.603,-0.009,0.073,0.624,0.258,0.82,0.814,0.608,0.444,0.929,0.898,0.757,0.826,0.575,0.859,0.833,0.836,0.446,0.743,0.798,0.838,0.603,0.846,0.856,0.922,0.463,0.49,0.71,0.726,0.183,0.472,0.603,0.744,0.805,0.937,-0.405,0.809,0.864,0.848,0.836,0.792,0.882,0.537,0.023,0.761,0.727,0.863,0.364,0.863,0.741,0.724,0.519,0.928,0.813,0.679,0.131,0.733,0.795
ALNY,0.781,0.325,0.608,0.803,0.455,0.639,0.551,0.673,0.331,0.335,0.74,0.0,0.707,0.727,0.659,0.578,0.851,0.71,0.782,0.665,0.668,0.634,0.641,0.565,0.773,0.35,0.263,0.322,0.523,0.734,0.389,0.75,0.636,0.793,0.484,0.826,0.804,0.79,0.259,0.583,0.641,0.081,0.43,0.514,0.518,0.819,0.325,0.353,0.542,0.66,0.618,0.1,0.203,0.84,0.623,0.318,0.805,0.629,0.658,0.839,0.275,0.775,0.753,0.632,-0.001,0.723,0.872,0.624,0.466,0.479,0.837,0.678,0.598,0.032,0.605,0.8,0.371,0.598,-0.041,0.731,0.606,0.373,0.211,0.479,0.827,0.622,0.039,0.679,0.379,0.754,0.018,0.669,0.631,0.184,0.604,0.765,0.529,0.203,0.382,0.155,0.869,-0.029,0.476,0.837,0.113,0.698,0.545,0.324,0.79,0.657,0.74,0.754,0.796,0.693,0.762,0.505,0.192,0.637,0.65,0.093,0.286,0.59,0.609,0.589,0.456,0.628,0.673,0.39,0.39,0.729,0.691,0.735,0.759,0.155,0.698,0.538,0.841,0.319,0.536,0.194,0.463,0.257,0.623,0.344,0.192,0.804,0.179,0.776,0.849,0.767,0.144,0.699,0.557,0.566,0.881,0.707,0.673,0.556,0.538,0.796,0.716,0.43,0.621,0.361,0.462,0.739,0.783,0.546,0.828,0.855,0.343,0.564,0.796,0.805,0.257,0.549,0.671,-0.036,0.387,0.631,0.488,0.692,0.742,0.74,0.037,0.235,0.433,0.896,0.56,0.244,0.772,0.291,0.482,0.079,0.764,0.445,0.521,0.413,0.306,0.36
ALTR,0.84,0.753,0.858,0.302,0.686,0.867,0.708,0.908,0.327,0.69,0.888,0.707,0.0,0.932,0.622,0.833,0.598,0.966,0.832,0.894,0.898,0.896,0.502,0.889,0.699,0.658,0.728,0.769,0.758,0.799,0.838,0.512,0.421,0.912,0.764,0.454,0.865,0.756,0.683,0.872,0.925,0.445,0.682,0.642,0.123,0.431,0.777,0.569,0.643,0.855,0.87,0.39,0.372,0.919,0.881,0.737,0.86,0.922,0.929,0.678,0.726,0.938,0.588,0.88,0.255,0.937,0.797,0.867,0.192,0.775,0.91,0.687,0.678,0.473,0.914,0.898,0.361,0.846,-0.386,0.866,0.818,0.74,0.47,0.793,0.868,0.734,0.554,0.917,0.758,0.829,-0.321,0.718,0.859,0.694,0.61,0.879,0.328,0.604,0.857,0.445,0.619,0.331,0.803,0.726,0.235,0.455,0.92,0.761,0.866,0.545,0.615,0.812,0.711,0.933,0.927,0.761,0.612,0.551,0.928,-0.086,0.782,0.76,0.782,0.746,0.623,0.935,0.938,0.763,0.736,0.828,0.664,0.698,0.769,0.584,0.818,0.689,0.841,0.464,0.747,0.597,0.345,0.725,0.659,-0.044,-0.206,0.697,0.136,0.808,0.809,0.729,0.58,0.874,0.765,0.671,0.859,0.361,0.781,0.926,0.838,0.388,0.76,0.682,0.764,0.335,0.838,0.83,0.937,0.635,0.429,0.768,0.819,0.067,0.438,0.702,0.597,0.669,0.924,-0.507,0.655,0.953,0.683,0.765,0.766,0.763,0.544,0.062,0.653,0.777,0.872,0.489,0.866,0.682,0.473,0.55,0.835,0.841,0.429,0.252,0.706,0.678
AMBA,0.935,0.804,0.927,0.359,0.74,0.772,0.626,0.922,0.433,0.743,0.931,0.727,0.932,0.0,0.586,0.928,0.61,0.949,0.747,0.891,0.943,0.941,0.477,0.931,0.794,0.588,0.777,0.712,0.831,0.809,0.804,0.698,0.506,0.924,0.812,0.416,0.924,0.876,0.746,0.826,0.948,0.522,0.808,0.802,0.155,0.444,0.792,0.751,0.706,0.821,0.926,0.569,0.503,0.925,0.95,0.816,0.785,0.917,0.916,0.623,0.778,0.969,0.496,0.867,0.254,0.921,0.709,0.929,0.131,0.814,0.955,0.827,0.843,0.564,0.944,0.919,0.53,0.906,-0.498,0.778,0.803,0.816,0.356,0.852,0.857,0.834,0.609,0.917,0.824,0.791,-0.409,0.879,0.892,0.695,0.633,0.888,0.409,0.71,0.822,0.594,0.667,0.446,0.865,0.796,0.214,0.358,0.938,0.763,0.878,0.521,0.537,0.904,0.801,0.836,0.95,0.883,0.723,0.648,0.929,-0.109,0.723,0.691,0.909,0.859,0.775,0.927,0.961,0.728,0.771,0.916,0.735,0.566,0.88,0.689,0.851,0.806,0.902,0.5,0.844,0.685,0.477,0.748,0.6,0.109,-0.044,0.601,0.259,0.89,0.822,0.64,0.565,0.933,0.82,0.801,0.834,0.526,0.795,0.869,0.907,0.405,0.774,0.812,0.781,0.571,0.852,0.869,0.948,0.49,0.449,0.775,0.82,0.258,0.511,0.629,0.709,0.815,0.951,-0.473,0.757,0.888,0.831,0.904,0.853,0.881,0.61,0.017,0.808,0.773,0.889,0.48,0.842,0.785,0.643,0.59,0.895,0.878,0.657,0.145,0.774,0.783
AMCX,0.582,0.24,0.431,0.629,0.281,0.606,0.712,0.571,0.222,0.395,0.462,0.659,0.622,0.586,0.0,0.506,0.542,0.569,0.691,0.724,0.543,0.528,0.807,0.44,0.719,0.504,0.221,0.428,0.314,0.62,0.46,0.555,0.575,0.562,0.329,0.594,0.618,0.579,0.363,0.615,0.495,-0.145,0.307,0.236,0.594,0.591,0.247,0.089,0.321,0.4,0.611,0.04,0.044,0.763,0.471,0.373,0.723,0.648,0.44,0.676,0.331,0.7,0.73,0.548,0.099,0.533,0.703,0.409,0.3,0.404,0.685,0.413,0.433,-0.016,0.545,0.581,0.166,0.502,0.2,0.819,0.652,0.233,0.534,0.314,0.584,0.308,0.07,0.65,0.389,0.693,-0.065,0.534,0.653,0.335,0.509,0.606,0.456,0.206,0.467,-0.012,0.785,-0.176,0.519,0.471,0.512,0.674,0.494,0.396,0.654,0.531,0.87,0.453,0.403,0.651,0.611,0.36,0.213,0.139,0.579,0.345,0.385,0.767,0.488,0.326,0.247,0.523,0.557,0.525,0.401,0.611,0.676,0.649,0.6,0.073,0.468,0.458,0.704,0.119,0.528,0.06,0.41,0.409,0.542,0.483,-0.015,0.6,0.248,0.647,0.689,0.715,0.333,0.471,0.334,0.481,0.755,0.461,0.423,0.561,0.482,0.525,0.616,0.29,0.549,0.078,0.473,0.593,0.581,0.507,0.502,0.815,0.475,0.396,0.702,0.659,0.065,0.294,0.521,-0.236,0.117,0.527,0.249,0.571,0.676,0.453,0.17,0.346,0.377,0.742,0.491,0.483,0.444,0.229,0.176,0.153,0.544,0.425,0.237,0.513,0.28,0.22
AMKR,0.877,0.904,0.956,0.193,0.849,0.703,0.567,0.915,0.503,0.833,0.871,0.578,0.833,0.928,0.506,0.0,0.434,0.889,0.575,0.845,0.948,0.934,0.356,0.953,0.727,0.495,0.889,0.672,0.868,0.714,0.826,0.712,0.474,0.782,0.84,0.146,0.88,0.856,0.877,0.793,0.929,0.628,0.874,0.857,-0.005,0.217,0.864,0.842,0.793,0.705,0.932,0.771,0.724,0.821,0.957,0.93,0.634,0.887,0.856,0.403,0.911,0.894,0.251,0.893,0.413,0.864,0.503,0.944,-0.117,0.901,0.865,0.851,0.895,0.759,0.92,0.874,0.638,0.925,-0.654,0.674,0.674,0.923,0.248,0.924,0.76,0.882,0.753,0.909,0.872,0.66,-0.636,0.92,0.881,0.831,0.539,0.822,0.275,0.877,0.833,0.766,0.508,0.619,0.965,0.704,0.21,0.143,0.927,0.859,0.759,0.454,0.346,0.818,0.683,0.674,0.863,0.946,0.807,0.589,0.917,-0.17,0.685,0.596,0.968,0.913,0.872,0.893,0.943,0.778,0.853,0.917,0.709,0.326,0.863,0.834,0.802,0.867,0.797,0.569,0.953,0.845,0.51,0.798,0.466,0.127,0.032,0.345,0.266,0.873,0.639,0.385,0.65,0.926,0.871,0.846,0.676,0.447,0.708,0.786,0.963,0.172,0.666,0.914,0.713,0.738,0.884,0.838,0.881,0.259,0.238,0.591,0.873,0.237,0.36,0.446,0.818,0.89,0.896,-0.598,0.848,0.81,0.904,0.951,0.803,0.879,0.734,-0.149,0.891,0.574,0.897,0.599,0.75,0.917,0.696,0.749,0.855,0.925,0.755,0.085,0.862,0.909
AMRX,0.636,0.239,0.466,0.787,0.378,0.497,0.492,0.52,0.21,0.205,0.599,0.851,0.598,0.61,0.542,0.434,0.0,0.605,0.681,0.546,0.519,0.471,0.426,0.482,0.609,0.32,0.142,0.294,0.416,0.648,0.296,0.554,0.48,0.703,0.397,0.808,0.655,0.621,0.13,0.618,0.502,0.015,0.324,0.341,0.598,0.797,0.24,0.234,0.444,0.62,0.499,-0.087,0.109,0.714,0.498,0.182,0.684,0.562,0.559,0.739,0.178,0.656,0.664,0.503,-0.158,0.636,0.832,0.522,0.441,0.406,0.707,0.472,0.445,-0.062,0.507,0.71,0.233,0.452,-0.011,0.675,0.513,0.243,0.312,0.334,0.785,0.534,-0.115,0.542,0.226,0.693,0.114,0.515,0.511,0.089,0.446,0.644,0.46,0.083,0.303,0.113,0.716,-0.06,0.362,0.751,0.067,0.683,0.43,0.286,0.797,0.594,0.664,0.608,0.676,0.666,0.581,0.396,0.098,0.524,0.546,0.344,0.256,0.538,0.464,0.438,0.309,0.534,0.555,0.262,0.32,0.588,0.569,0.757,0.588,0.039,0.572,0.376,0.683,0.293,0.391,0.086,0.328,0.123,0.481,0.332,0.094,0.744,0.173,0.583,0.718,0.72,0.126,0.594,0.387,0.412,0.808,0.443,0.495,0.495,0.432,0.731,0.689,0.291,0.434,0.214,0.33,0.59,0.678,0.516,0.764,0.758,0.201,0.44,0.746,0.746,0.182,0.525,0.578,-0.044,0.275,0.586,0.355,0.54,0.498,0.588,-0.067,0.245,0.303,0.787,0.417,0.141,0.703,0.166,0.343,-0.032,0.577,0.348,0.369,0.453,0.178,0.196
ANSS,0.866,0.811,0.915,0.288,0.781,0.836,0.731,0.966,0.403,0.729,0.922,0.71,0.966,0.949,0.569,0.889,0.605,0.0,0.808,0.905,0.924,0.933,0.43,0.931,0.698,0.566,0.785,0.755,0.865,0.784,0.815,0.57,0.399,0.921,0.863,0.404,0.891,0.787,0.759,0.856,0.956,0.494,0.726,0.745,0.071,0.382,0.826,0.663,0.742,0.837,0.892,0.503,0.493,0.921,0.931,0.785,0.847,0.925,0.962,0.626,0.777,0.942,0.515,0.932,0.377,0.982,0.747,0.935,0.079,0.839,0.926,0.768,0.746,0.575,0.94,0.947,0.527,0.857,-0.485,0.853,0.761,0.819,0.399,0.85,0.89,0.846,0.598,0.945,0.783,0.775,-0.379,0.782,0.868,0.721,0.531,0.905,0.271,0.683,0.851,0.574,0.611,0.435,0.85,0.791,0.177,0.396,0.919,0.823,0.85,0.572,0.526,0.833,0.727,0.886,0.933,0.817,0.66,0.644,0.94,-0.132,0.739,0.735,0.843,0.829,0.691,0.946,0.951,0.769,0.798,0.855,0.743,0.623,0.8,0.675,0.835,0.719,0.831,0.595,0.819,0.684,0.443,0.744,0.685,-0.042,-0.087,0.653,0.118,0.809,0.761,0.629,0.603,0.914,0.826,0.769,0.831,0.373,0.78,0.891,0.903,0.381,0.77,0.746,0.743,0.485,0.871,0.88,0.977,0.57,0.381,0.739,0.84,0.129,0.452,0.709,0.699,0.782,0.959,-0.502,0.775,0.941,0.762,0.821,0.776,0.808,0.575,-0.031,0.708,0.74,0.904,0.577,0.916,0.757,0.54,0.613,0.877,0.877,0.545,0.237,0.783,0.761
APPN,0.68,0.425,0.635,0.503,0.456,0.756,0.756,0.763,0.16,0.511,0.746,0.782,0.832,0.747,0.691,0.575,0.681,0.808,0.0,0.818,0.703,0.741,0.576,0.637,0.616,0.489,0.385,0.671,0.622,0.717,0.588,0.449,0.362,0.838,0.648,0.702,0.737,0.622,0.442,0.663,0.744,0.094,0.395,0.446,0.337,0.559,0.513,0.282,0.448,0.751,0.637,0.082,0.066,0.877,0.621,0.401,0.956,0.688,0.8,0.828,0.4,0.805,0.807,0.714,0.237,0.793,0.865,0.66,0.398,0.474,0.833,0.557,0.472,0.125,0.693,0.78,0.318,0.579,-0.015,0.889,0.742,0.455,0.597,0.506,0.811,0.524,0.194,0.748,0.456,0.793,0.007,0.522,0.722,0.416,0.48,0.861,0.334,0.281,0.598,0.109,0.735,0.037,0.535,0.754,0.268,0.652,0.647,0.494,0.731,0.548,0.745,0.657,0.649,0.883,0.831,0.448,0.317,0.582,0.712,0.047,0.544,0.777,0.518,0.501,0.337,0.766,0.712,0.636,0.517,0.609,0.694,0.872,0.604,0.256,0.659,0.434,0.757,0.403,0.524,0.264,0.358,0.521,0.798,0.024,0.004,0.859,0.054,0.634,0.781,0.818,0.385,0.652,0.618,0.556,0.912,0.41,0.664,0.761,0.602,0.645,0.821,0.351,0.752,0.126,0.688,0.724,0.812,0.766,0.549,0.865,0.59,0.124,0.6,0.861,0.319,0.46,0.794,-0.237,0.399,0.808,0.415,0.56,0.651,0.561,0.207,0.262,0.375,0.817,0.652,0.48,0.782,0.338,0.29,0.255,0.737,0.544,0.251,0.365,0.468,0.371
APTO,0.819,0.729,0.833,0.321,0.707,0.795,0.758,0.875,0.282,0.795,0.818,0.665,0.894,0.891,0.724,0.845,0.546,0.905,0.818,0.0,0.892,0.909,0.497,0.85,0.738,0.667,0.704,0.798,0.758,0.809,0.828,0.568,0.424,0.854,0.807,0.406,0.841,0.752,0.765,0.819,0.883,0.386,0.688,0.628,0.183,0.371,0.763,0.555,0.62,0.735,0.869,0.439,0.363,0.932,0.821,0.73,0.824,0.874,0.843,0.623,0.743,0.922,0.555,0.848,0.348,0.861,0.728,0.818,0.156,0.745,0.905,0.702,0.711,0.511,0.89,0.85,0.436,0.806,-0.357,0.887,0.781,0.732,0.537,0.752,0.825,0.707,0.508,0.902,0.732,0.756,-0.345,0.775,0.898,0.727,0.566,0.917,0.331,0.627,0.821,0.457,0.643,0.36,0.834,0.709,0.428,0.479,0.872,0.772,0.812,0.491,0.636,0.749,0.625,0.855,0.89,0.727,0.613,0.503,0.891,-0.001,0.747,0.744,0.774,0.702,0.611,0.906,0.88,0.849,0.769,0.797,0.731,0.647,0.738,0.576,0.757,0.681,0.819,0.539,0.797,0.583,0.461,0.778,0.589,0.127,-0.114,0.587,0.225,0.781,0.749,0.661,0.643,0.815,0.775,0.723,0.842,0.387,0.671,0.855,0.861,0.413,0.855,0.667,0.781,0.385,0.881,0.795,0.87,0.557,0.334,0.795,0.848,0.147,0.471,0.669,0.636,0.693,0.905,-0.548,0.629,0.889,0.67,0.802,0.808,0.715,0.564,0.113,0.687,0.713,0.813,0.645,0.737,0.685,0.48,0.612,0.799,0.816,0.434,0.261,0.729,0.662
ARCT,0.909,0.883,0.961,0.23,0.816,0.75,0.557,0.902,0.439,0.842,0.932,0.668,0.898,0.943,0.543,0.948,0.519,0.924,0.703,0.892,0.0,0.958,0.384,0.959,0.721,0.577,0.85,0.719,0.849,0.81,0.879,0.669,0.488,0.855,0.837,0.272,0.928,0.864,0.813,0.82,0.963,0.62,0.869,0.818,0.044,0.305,0.883,0.783,0.755,0.831,0.91,0.643,0.604,0.885,0.938,0.85,0.726,0.883,0.904,0.532,0.849,0.92,0.352,0.902,0.304,0.886,0.649,0.936,0.061,0.845,0.919,0.817,0.858,0.672,0.934,0.887,0.522,0.938,-0.602,0.751,0.756,0.896,0.31,0.92,0.822,0.851,0.71,0.924,0.863,0.739,-0.553,0.864,0.897,0.811,0.63,0.895,0.346,0.781,0.849,0.629,0.552,0.564,0.915,0.767,0.252,0.273,0.951,0.803,0.806,0.494,0.449,0.866,0.767,0.779,0.922,0.89,0.741,0.633,0.957,-0.203,0.777,0.6,0.918,0.894,0.836,0.957,0.967,0.834,0.82,0.908,0.676,0.488,0.854,0.767,0.835,0.853,0.831,0.501,0.9,0.782,0.439,0.776,0.49,0.057,-0.054,0.48,0.264,0.863,0.75,0.544,0.631,0.947,0.911,0.792,0.792,0.474,0.763,0.854,0.918,0.296,0.759,0.867,0.8,0.62,0.919,0.856,0.904,0.368,0.338,0.658,0.858,0.147,0.383,0.514,0.793,0.831,0.93,-0.61,0.806,0.905,0.87,0.911,0.838,0.882,0.673,-0.043,0.833,0.655,0.915,0.521,0.792,0.85,0.676,0.69,0.902,0.912,0.639,0.138,0.812,0.869
ARWR,0.891,0.869,0.946,0.191,0.785,0.769,0.623,0.923,0.37,0.873,0.916,0.634,0.896,0.941,0.528,0.934,0.471,0.933,0.741,0.909,0.958,0.0,0.381,0.943,0.731,0.568,0.847,0.776,0.867,0.812,0.869,0.635,0.424,0.874,0.866,0.277,0.907,0.835,0.843,0.781,0.967,0.591,0.839,0.83,0.008,0.252,0.881,0.771,0.699,0.804,0.922,0.655,0.575,0.888,0.931,0.832,0.751,0.875,0.925,0.543,0.845,0.92,0.391,0.908,0.391,0.888,0.622,0.934,0.053,0.831,0.914,0.834,0.834,0.683,0.94,0.878,0.554,0.905,-0.586,0.77,0.771,0.892,0.367,0.897,0.816,0.836,0.694,0.915,0.852,0.723,-0.507,0.831,0.92,0.805,0.581,0.92,0.331,0.793,0.86,0.632,0.561,0.561,0.901,0.775,0.281,0.278,0.942,0.821,0.792,0.425,0.456,0.853,0.731,0.793,0.932,0.884,0.777,0.655,0.925,-0.185,0.768,0.623,0.889,0.861,0.798,0.953,0.948,0.846,0.833,0.862,0.689,0.504,0.821,0.764,0.821,0.808,0.824,0.553,0.878,0.784,0.51,0.833,0.56,0.035,-0.054,0.502,0.265,0.822,0.736,0.54,0.638,0.91,0.897,0.804,0.773,0.448,0.777,0.879,0.934,0.299,0.773,0.827,0.822,0.594,0.946,0.837,0.9,0.435,0.313,0.677,0.885,0.115,0.375,0.558,0.793,0.801,0.949,-0.598,0.816,0.894,0.861,0.866,0.816,0.837,0.714,0.016,0.823,0.639,0.895,0.573,0.793,0.849,0.664,0.715,0.893,0.905,0.627,0.068,0.858,0.843
ASND,0.468,0.051,0.271,0.636,0.102,0.511,0.577,0.43,0.141,0.233,0.382,0.641,0.502,0.477,0.807,0.356,0.426,0.43,0.576,0.497,0.384,0.381,0.0,0.262,0.647,0.442,0.051,0.31,0.118,0.517,0.304,0.542,0.579,0.506,0.121,0.635,0.489,0.511,0.123,0.382,0.348,-0.206,0.19,0.155,0.607,0.641,0.056,0.042,0.164,0.376,0.469,-0.055,-0.11,0.621,0.351,0.229,0.613,0.504,0.315,0.649,0.129,0.57,0.766,0.355,-0.089,0.395,0.612,0.264,0.474,0.221,0.554,0.339,0.303,-0.189,0.396,0.438,0.029,0.377,0.294,0.621,0.569,0.059,0.398,0.145,0.406,0.151,-0.028,0.444,0.247,0.567,0.14,0.442,0.522,0.132,0.549,0.44,0.571,0.034,0.285,-0.141,0.721,-0.306,0.336,0.401,0.503,0.67,0.357,0.135,0.539,0.355,0.778,0.423,0.398,0.502,0.528,0.248,0.125,0.124,0.389,0.263,0.212,0.662,0.359,0.189,0.174,0.36,0.408,0.343,0.158,0.484,0.508,0.597,0.531,-0.069,0.38,0.381,0.646,-0.068,0.32,-0.1,0.357,0.187,0.522,0.476,0.029,0.636,0.326,0.598,0.685,0.701,0.154,0.331,0.215,0.33,0.647,0.608,0.445,0.449,0.298,0.561,0.454,0.197,0.537,0.021,0.298,0.442,0.449,0.526,0.565,0.732,0.299,0.456,0.657,0.555,-0.07,0.112,0.393,0.015,-0.019,0.346,0.163,0.45,0.551,0.378,0.081,0.481,0.306,0.697,0.32,0.191,0.332,0.064,0.143,-0.061,0.446,0.259,0.2,0.365,0.145,0.079
ASTH,0.877,0.942,0.969,0.121,0.845,0.724,0.551,0.921,0.442,0.825,0.898,0.565,0.889,0.931,0.44,0.953,0.482,0.931,0.637,0.85,0.959,0.943,0.262,0.0,0.647,0.514,0.914,0.721,0.889,0.747,0.881,0.584,0.393,0.827,0.867,0.162,0.889,0.805,0.861,0.851,0.963,0.658,0.871,0.827,-0.054,0.202,0.929,0.829,0.772,0.8,0.923,0.699,0.678,0.821,0.965,0.886,0.67,0.903,0.926,0.421,0.908,0.889,0.241,0.927,0.374,0.902,0.565,0.97,-0.089,0.913,0.871,0.804,0.847,0.755,0.955,0.883,0.556,0.93,-0.689,0.714,0.706,0.935,0.316,0.949,0.796,0.888,0.765,0.924,0.889,0.705,-0.618,0.826,0.867,0.846,0.536,0.847,0.227,0.857,0.894,0.744,0.454,0.654,0.935,0.721,0.165,0.16,0.958,0.887,0.799,0.453,0.341,0.828,0.702,0.76,0.874,0.924,0.805,0.601,0.956,-0.187,0.792,0.587,0.927,0.905,0.83,0.952,0.971,0.793,0.877,0.889,0.648,0.407,0.821,0.838,0.825,0.827,0.759,0.559,0.901,0.858,0.401,0.806,0.49,-0.028,-0.113,0.413,0.205,0.797,0.651,0.45,0.684,0.95,0.889,0.803,0.702,0.332,0.725,0.857,0.948,0.157,0.68,0.88,0.707,0.639,0.912,0.838,0.902,0.325,0.24,0.563,0.885,0.059,0.295,0.476,0.846,0.869,0.932,-0.671,0.859,0.906,0.894,0.869,0.745,0.852,0.736,-0.138,0.848,0.58,0.934,0.558,0.815,0.91,0.654,0.75,0.859,0.952,0.634,0.075,0.883,0.9
ATSG,0.813,0.486,0.648,0.615,0.492,0.68,0.566,0.674,0.392,0.568,0.681,0.773,0.699,0.794,0.719,0.727,0.609,0.698,0.616,0.738,0.721,0.731,0.647,0.647,0.0,0.582,0.482,0.463,0.514,0.768,0.539,0.794,0.678,0.734,0.516,0.542,0.786,0.814,0.506,0.646,0.67,0.283,0.591,0.579,0.334,0.587,0.422,0.479,0.564,0.535,0.76,0.371,0.386,0.812,0.707,0.534,0.624,0.71,0.6,0.643,0.503,0.818,0.594,0.653,0.079,0.667,0.676,0.636,0.301,0.585,0.803,0.709,0.698,0.288,0.666,0.751,0.37,0.691,-0.174,0.663,0.629,0.501,0.217,0.556,0.759,0.621,0.255,0.715,0.529,0.653,-0.189,0.809,0.794,0.416,0.637,0.757,0.573,0.445,0.574,0.348,0.815,0.146,0.665,0.673,0.289,0.493,0.685,0.499,0.785,0.522,0.719,0.744,0.644,0.614,0.74,0.67,0.477,0.469,0.661,0.067,0.428,0.539,0.716,0.629,0.583,0.642,0.739,0.525,0.54,0.764,0.621,0.497,0.765,0.358,0.664,0.661,0.855,0.348,0.653,0.381,0.669,0.538,0.446,0.419,0.029,0.521,0.393,0.856,0.809,0.628,0.244,0.696,0.549,0.587,0.735,0.667,0.675,0.606,0.667,0.563,0.668,0.591,0.626,0.444,0.575,0.633,0.719,0.44,0.589,0.799,0.549,0.58,0.618,0.596,0.384,0.579,0.676,-0.237,0.459,0.595,0.606,0.815,0.843,0.755,0.41,0.275,0.617,0.745,0.593,0.376,0.583,0.528,0.564,0.34,0.698,0.605,0.601,0.276,0.496,0.49
AVTX,0.438,0.455,0.43,0.143,0.403,0.615,0.522,0.427,-0.122,0.584,0.465,0.35,0.658,0.588,0.504,0.495,0.32,0.566,0.489,0.667,0.577,0.568,0.442,0.514,0.582,0.0,0.45,0.713,0.261,0.636,0.69,0.21,0.268,0.591,0.406,0.285,0.438,0.405,0.439,0.65,0.507,0.361,0.437,0.176,0.158,0.243,0.457,0.218,0.261,0.56,0.54,0.087,0.003,0.596,0.476,0.439,0.439,0.61,0.462,0.402,0.465,0.615,0.47,0.445,-0.08,0.491,0.552,0.399,0.409,0.423,0.541,0.245,0.277,0.274,0.544,0.472,-0.118,0.503,-0.174,0.576,0.576,0.377,0.488,0.386,0.552,0.287,0.3,0.505,0.414,0.431,-0.048,0.478,0.704,0.529,0.563,0.575,0.456,0.278,0.663,0.183,0.286,0.168,0.532,0.338,0.545,0.391,0.659,0.449,0.612,0.093,0.54,0.433,0.288,0.641,0.525,0.41,0.384,0.108,0.559,0.094,0.651,0.439,0.379,0.274,0.316,0.599,0.585,0.64,0.433,0.421,0.195,0.566,0.332,0.264,0.415,0.396,0.515,0.257,0.354,0.279,0.229,0.524,0.156,0.003,-0.486,0.412,0.347,0.558,0.584,0.596,0.489,0.464,0.362,0.161,0.544,0.133,0.426,0.67,0.496,0.273,0.619,0.394,0.53,-0.064,0.574,0.296,0.474,0.579,0.155,0.529,0.595,-0.006,0.106,0.372,0.364,0.296,0.555,-0.454,0.246,0.647,0.317,0.492,0.495,0.379,0.491,0.354,0.396,0.404,0.397,0.238,0.297,0.385,0.2,0.411,0.339,0.559,-0.006,0.081,0.377,0.287
BCPC,0.693,0.981,0.885,-0.22,0.826,0.614,0.412,0.8,0.418,0.84,0.741,0.263,0.728,0.777,0.221,0.889,0.142,0.785,0.385,0.704,0.85,0.847,0.051,0.914,0.482,0.45,0.0,0.677,0.824,0.57,0.851,0.394,0.193,0.606,0.819,-0.198,0.7,0.615,0.921,0.721,0.851,0.786,0.842,0.782,-0.357,-0.141,0.945,0.832,0.716,0.618,0.813,0.834,0.766,0.595,0.873,0.921,0.407,0.779,0.786,0.112,0.962,0.699,-0.049,0.831,0.489,0.75,0.265,0.865,-0.32,0.88,0.648,0.684,0.742,0.92,0.84,0.692,0.541,0.837,-0.81,0.484,0.531,0.958,0.181,0.927,0.582,0.803,0.913,0.804,0.885,0.445,-0.741,0.715,0.752,0.922,0.378,0.668,0.031,0.937,0.877,0.844,0.157,0.793,0.903,0.483,0.1,-0.134,0.888,0.905,0.564,0.27,0.064,0.654,0.468,0.551,0.704,0.879,0.872,0.468,0.827,-0.353,0.776,0.388,0.837,0.833,0.806,0.826,0.843,0.781,0.859,0.732,0.464,0.089,0.637,0.938,0.67,0.758,0.524,0.567,0.839,0.953,0.357,0.856,0.282,-0.185,-0.196,0.103,0.143,0.647,0.402,0.15,0.701,0.818,0.812,0.699,0.41,0.131,0.593,0.728,0.886,-0.164,0.465,0.887,0.556,0.638,0.869,0.659,0.723,0.139,-0.083,0.275,0.904,-0.121,-0.026,0.2,0.891,0.778,0.779,-0.736,0.881,0.754,0.858,0.753,0.619,0.703,0.877,-0.296,0.802,0.273,0.853,0.575,0.624,0.974,0.586,0.892,0.69,0.935,0.564,-0.095,0.918,0.937
BEAM,0.544,0.679,0.641,-0.046,0.607,0.709,0.69,0.692,0.022,0.828,0.677,0.322,0.769,0.712,0.428,0.672,0.294,0.755,0.671,0.798,0.719,0.776,0.31,0.721,0.463,0.713,0.677,0.0,0.64,0.69,0.813,0.207,0.08,0.728,0.751,0.158,0.579,0.442,0.691,0.655,0.746,0.508,0.591,0.505,-0.065,0.06,0.745,0.475,0.453,0.697,0.679,0.37,0.207,0.687,0.636,0.642,0.634,0.716,0.732,0.387,0.684,0.714,0.414,0.66,0.31,0.69,0.498,0.652,0.175,0.564,0.645,0.458,0.424,0.557,0.736,0.608,0.294,0.599,-0.418,0.694,0.697,0.659,0.647,0.607,0.635,0.501,0.553,0.657,0.605,0.493,-0.188,0.54,0.814,0.749,0.398,0.755,0.257,0.553,0.81,0.451,0.274,0.419,0.707,0.519,0.524,0.322,0.771,0.694,0.599,0.134,0.394,0.556,0.381,0.752,0.704,0.572,0.701,0.39,0.676,-0.015,0.797,0.573,0.523,0.467,0.47,0.798,0.709,0.849,0.646,0.496,0.482,0.557,0.398,0.55,0.562,0.486,0.519,0.52,0.552,0.573,0.391,0.728,0.464,-0.164,-0.26,0.44,0.259,0.522,0.548,0.475,0.674,0.593,0.647,0.457,0.611,0.095,0.553,0.834,0.701,0.194,0.766,0.531,0.734,0.188,0.872,0.489,0.656,0.646,-0.002,0.557,0.824,-0.213,0.091,0.458,0.669,0.524,0.799,-0.529,0.569,0.796,0.525,0.549,0.499,0.423,0.691,0.222,0.553,0.382,0.61,0.536,0.526,0.614,0.328,0.653,0.533,0.736,0.185,0.039,0.734,0.535
BILI,0.772,0.845,0.913,0.09,0.817,0.619,0.535,0.906,0.444,0.726,0.852,0.523,0.758,0.831,0.314,0.868,0.416,0.865,0.622,0.758,0.849,0.867,0.118,0.889,0.514,0.261,0.824,0.64,0.0,0.574,0.671,0.562,0.235,0.751,0.959,0.134,0.786,0.71,0.826,0.653,0.897,0.588,0.736,0.874,-0.151,0.106,0.848,0.796,0.776,0.675,0.767,0.732,0.666,0.742,0.883,0.789,0.67,0.73,0.902,0.381,0.797,0.779,0.214,0.861,0.587,0.875,0.442,0.935,-0.204,0.791,0.795,0.822,0.785,0.737,0.833,0.84,0.82,0.771,-0.669,0.608,0.571,0.898,0.206,0.885,0.739,0.907,0.693,0.827,0.775,0.535,-0.501,0.757,0.722,0.724,0.305,0.792,0.056,0.792,0.714,0.746,0.433,0.637,0.812,0.758,-0.02,0.068,0.793,0.805,0.591,0.435,0.187,0.757,0.658,0.629,0.822,0.823,0.718,0.755,0.818,-0.33,0.597,0.505,0.83,0.89,0.764,0.835,0.833,0.67,0.817,0.76,0.781,0.312,0.72,0.821,0.762,0.671,0.651,0.726,0.836,0.817,0.491,0.736,0.618,-0.123,0.176,0.403,0.031,0.671,0.509,0.27,0.575,0.856,0.854,0.845,0.603,0.32,0.675,0.693,0.88,0.204,0.642,0.782,0.633,0.709,0.84,0.837,0.866,0.298,0.157,0.523,0.794,0.114,0.326,0.514,0.82,0.881,0.875,-0.442,0.923,0.772,0.831,0.779,0.658,0.763,0.606,-0.285,0.703,0.502,0.852,0.666,0.829,0.829,0.607,0.705,0.833,0.829,0.697,0.003,0.833,0.865
BJRI,0.839,0.614,0.716,0.394,0.54,0.723,0.569,0.695,0.192,0.735,0.802,0.734,0.799,0.809,0.62,0.714,0.648,0.784,0.717,0.809,0.81,0.812,0.517,0.747,0.768,0.636,0.57,0.69,0.574,0.0,0.763,0.583,0.539,0.84,0.598,0.519,0.874,0.769,0.507,0.714,0.785,0.446,0.727,0.607,0.238,0.515,0.638,0.536,0.536,0.791,0.787,0.311,0.272,0.837,0.724,0.536,0.701,0.776,0.738,0.682,0.565,0.838,0.54,0.732,-0.005,0.727,0.765,0.711,0.41,0.606,0.834,0.684,0.67,0.354,0.799,0.733,0.239,0.769,-0.378,0.767,0.819,0.611,0.401,0.647,0.784,0.622,0.378,0.737,0.647,0.731,-0.194,0.667,0.841,0.551,0.707,0.85,0.545,0.489,0.687,0.356,0.637,0.28,0.699,0.753,0.435,0.6,0.779,0.56,0.867,0.383,0.704,0.827,0.736,0.793,0.809,0.695,0.598,0.533,0.767,0.084,0.735,0.543,0.688,0.626,0.627,0.839,0.8,0.743,0.568,0.757,0.544,0.673,0.713,0.412,0.739,0.712,0.793,0.29,0.631,0.489,0.513,0.573,0.41,0.221,-0.211,0.603,0.455,0.729,0.875,0.729,0.404,0.76,0.721,0.54,0.833,0.501,0.763,0.815,0.694,0.497,0.805,0.626,0.807,0.338,0.766,0.658,0.745,0.575,0.556,0.74,0.614,0.145,0.481,0.573,0.585,0.586,0.804,-0.475,0.54,0.802,0.677,0.709,0.755,0.717,0.521,0.401,0.663,0.683,0.681,0.255,0.666,0.565,0.597,0.403,0.764,0.711,0.434,0.221,0.598,0.539
BLUE,0.736,0.878,0.828,-0.066,0.697,0.693,0.523,0.763,0.22,0.886,0.771,0.389,0.838,0.804,0.46,0.826,0.296,0.815,0.588,0.828,0.879,0.869,0.304,0.881,0.539,0.69,0.851,0.813,0.671,0.763,0.0,0.371,0.323,0.734,0.705,0.07,0.768,0.658,0.803,0.808,0.867,0.648,0.814,0.614,-0.097,0.068,0.898,0.657,0.551,0.79,0.859,0.563,0.481,0.728,0.816,0.82,0.588,0.849,0.804,0.384,0.872,0.794,0.216,0.812,0.249,0.738,0.511,0.794,0.026,0.784,0.744,0.588,0.676,0.685,0.884,0.697,0.23,0.876,-0.611,0.708,0.751,0.839,0.444,0.82,0.645,0.631,0.764,0.814,0.838,0.668,-0.575,0.637,0.859,0.903,0.633,0.774,0.232,0.772,0.914,0.539,0.293,0.583,0.882,0.524,0.459,0.189,0.934,0.812,0.73,0.231,0.387,0.686,0.549,0.76,0.779,0.8,0.777,0.352,0.877,-0.116,0.911,0.569,0.769,0.694,0.711,0.922,0.881,0.893,0.78,0.747,0.427,0.443,0.66,0.72,0.701,0.756,0.662,0.35,0.766,0.767,0.26,0.832,0.32,-0.084,-0.374,0.319,0.317,0.692,0.601,0.494,0.722,0.79,0.812,0.586,0.65,0.184,0.669,0.907,0.843,0.023,0.633,0.775,0.766,0.37,0.919,0.648,0.722,0.341,0.119,0.464,0.876,-0.212,0.109,0.316,0.758,0.625,0.841,-0.82,0.659,0.887,0.751,0.7,0.635,0.668,0.789,0.085,0.783,0.436,0.825,0.446,0.597,0.812,0.528,0.71,0.711,0.886,0.357,0.037,0.814,0.772
BPOP,0.792,0.443,0.671,0.646,0.51,0.44,0.324,0.629,0.476,0.45,0.677,0.75,0.512,0.698,0.555,0.712,0.554,0.57,0.449,0.568,0.669,0.635,0.542,0.584,0.794,0.21,0.394,0.207,0.562,0.583,0.371,0.0,0.781,0.615,0.472,0.469,0.777,0.902,0.427,0.425,0.615,0.284,0.639,0.709,0.374,0.569,0.367,0.614,0.609,0.467,0.673,0.516,0.519,0.697,0.683,0.517,0.535,0.551,0.542,0.557,0.439,0.704,0.399,0.579,0.148,0.571,0.488,0.643,0.187,0.53,0.758,0.805,0.831,0.271,0.575,0.705,0.574,0.693,-0.27,0.476,0.494,0.526,-0.075,0.584,0.613,0.677,0.277,0.611,0.515,0.567,-0.318,0.824,0.625,0.308,0.579,0.629,0.478,0.475,0.327,0.401,0.762,0.212,0.61,0.729,0.145,0.316,0.555,0.345,0.607,0.443,0.469,0.752,0.753,0.381,0.697,0.702,0.401,0.609,0.595,-0.068,0.202,0.398,0.777,0.738,0.738,0.546,0.656,0.37,0.434,0.812,0.669,0.307,0.869,0.403,0.676,0.743,0.808,0.277,0.729,0.41,0.597,0.358,0.421,0.556,0.444,0.424,0.414,0.815,0.67,0.404,0.161,0.707,0.615,0.715,0.634,0.847,0.616,0.42,0.626,0.521,0.51,0.67,0.612,0.732,0.473,0.705,0.654,0.103,0.626,0.666,0.388,0.733,0.7,0.456,0.419,0.683,0.592,-0.107,0.531,0.418,0.706,0.837,0.754,0.858,0.272,0.082,0.7,0.673,0.57,0.27,0.552,0.502,0.727,0.236,0.765,0.499,0.837,0.153,0.405,0.581
