,AAL,AAON,ACB,ACGL,ACGLO,ACIW,ADBE,ADSK,AEP,AGIO,ALEC,ALNY,ALTR,AMBA,AMCX,AMKR,AMRX,ANSS,APPN,APTO,ARCT,ARWR,ASND,ASTH,ATSG,AVTX,BCPC,BEAM,BILI,BJRI,BLUE,BPOP,BRKL,BWIN,BZUN,CARG,CBRL,CBSH,CBUS,CENTA,CERS,CFFN,CHCO,CHEF,CHRD,CINF,CLLS,CMCO,CMCSA,COLL,COMM,COOP,CPB,CRON,CROX,CRUS,CRWD,CTAS,CYBR,CYTK,DGII,DIOD,DOMO,DPZ,DSGR,DXCM,ERIE,ESTA,EXEL,FAST,FCEL,FCFS,FHB,FITBI,FSV,FTDR,FUTU,GLDD,GLPG,GLPI,GOGO,GOSS,GSAT,GYRE,HALO,HAS,HLIT,HLNE,HSDT,HSIC,HTHT,ICHR,IDYA,IMVT,INDB,INSM,IONS,IOSP,ITRI,JBHT,JBLU,JSM,KLIC,KOD,KURA,LAB,LASR,LIN,LKQ,LNT,MBUU,MCRI,MDGL,MEDP,MGNI,MGPI,MGRC,MKTX,MRNA,MRTN,MSEX,MSFT,MU,NAVI,NBTB,NEO,NEOG,NGNE,NSSC,NTAP,NTES,NTLA,NTRS,NYMTN,OBLG,OCFC,ON,ONC,OPI,OSIS,OSW,PALI,PANW,PCAR,PCRX,PCTY,PEBO,PLAB,PLAY,PLMR,PLSE,PLUS,PRTA,PSEC,PSNL,PTCT,PTON,QNST,QRVO,QTTB,RARE,RBCAA,RGNX,SAIC,SGMO,SINT,SNPS,SPSC,SPTN,SSYS,STNE,TBBK,TCPC,TENB,TGTX,TREE,TRUP,TTWO,TW,TXG,UBSI,UCTT,UFPT,UMBF,UPBD,URBN,VBTX,VCTR,VEON,VNET,VRSK,VSEC,WABC,WTFCM,WVE,WW,WWD,XEL,ZD,ZYME
AAL,0.0,0.878,0.835,0.813,0.541,0.842,0.53,0.837,-0.856,-0.125,0.734,-0.543,-0.214,0.847,-0.149,0.943,0.845,0.405,0.207,0.807,0.896,0.573,0.583,0.86,-0.637,0.821,0.662,0.531,0.845,0.918,0.88,0.846,0.705,0.687,0.72,-0.126,0.916,0.075,0.159,0.484,0.056,-0.016,-0.038,0.806,-0.777,0.255,0.765,0.49,0.409,0.833,0.855,0.835,0.356,0.869,0.912,0.502,0.028,0.068,-0.088,-0.502,0.053,0.914,0.306,0.786,0.843,-0.219,0.844,-0.44,-0.664,-0.631,-0.614,0.927,0.78,0.308,0.683,0.804,0.828,-0.538,0.914,-0.308,-0.742,-0.292,-0.32,-0.67,-0.336,0.816,0.701,0.483,0.701,-0.371,0.687,0.782,0.631,0.296,0.476,0.141,-0.043,0.848,0.844,-0.345,0.993,0.506,0.333,0.614,-0.651,0.319,0.412,0.643,0.865,-0.764,0.658,-0.431,-0.528,-0.017,0.316,0.041,-0.48,0.745,0.533,-0.614,-0.724,0.638,0.822,0.93,0.232,0.488,0.475,0.574,0.299,0.497,0.789,0.836,0.875,0.402,0.576,0.826,0.737,0.697,0.112,-0.236,0.477,0.139,-0.234,0.958,-0.719,0.626,-0.049,0.637,0.76,-0.104,0.828,-0.684,0.669,0.388,0.446,0.746,0.898,0.118,0.659,0.177,0.465,0.779,-0.648,-0.709,0.269,0.561,0.131,0.405,-0.79,0.733,0.706,0.809,-0.473,-0.457,0.791,0.629,-0.087,0.372,-0.312,0.651,0.62,0.903,0.619,0.659,0.686,0.467,0.47,0.773,0.759,0.641,-0.002,0.355,-0.15,-0.228,0.87,0.692,0.248,-0.838,0.801,0.744
AAON,0.878,0.0,0.848,0.586,0.6,0.856,0.554,0.848,-0.83,-0.016,0.768,-0.481,-0.146,0.898,-0.242,0.853,0.861,0.475,0.273,0.836,0.892,0.606,0.561,0.898,-0.664,0.845,0.604,0.61,0.857,0.854,0.874,0.76,0.692,0.608,0.758,-0.155,0.845,-0.039,0.259,0.509,0.248,-0.173,-0.24,0.702,-0.648,0.046,0.731,0.431,0.443,0.814,0.829,0.752,0.327,0.861,0.864,0.524,-0.114,-0.104,-0.06,-0.401,0.089,0.812,0.239,0.854,0.862,-0.27,0.822,-0.356,-0.636,-0.651,-0.545,0.804,0.69,0.309,0.64,0.749,0.858,-0.537,0.877,-0.434,-0.77,-0.032,-0.293,-0.572,-0.348,0.79,0.662,0.41,0.687,-0.371,0.718,0.776,0.677,0.411,0.327,0.293,-0.068,0.781,0.771,-0.367,0.883,0.432,0.129,0.585,-0.531,0.377,0.38,0.505,0.699,-0.747,0.617,-0.556,-0.424,-0.001,0.369,-0.085,-0.571,0.735,0.376,-0.704,-0.639,0.53,0.791,0.851,0.071,0.571,0.608,0.689,0.353,0.424,0.866,0.877,0.784,0.349,0.602,0.682,0.677,0.792,0.182,-0.301,0.462,-0.101,-0.234,0.808,-0.735,0.621,-0.268,0.656,0.552,-0.134,0.859,-0.71,0.639,0.318,0.572,0.753,0.899,0.026,0.713,0.165,0.59,0.722,-0.61,-0.691,0.437,0.553,0.197,0.471,-0.782,0.78,0.765,0.594,-0.605,-0.39,0.807,0.621,0.031,0.552,-0.38,0.732,0.438,0.907,0.694,0.464,0.677,0.277,0.25,0.558,0.769,0.755,-0.058,0.449,-0.321,-0.154,0.847,0.689,0.068,-0.8,0.788,0.816
ACB,0.835,0.848,0.0,0.494,0.658,0.817,0.618,0.914,-0.884,0.197,0.849,-0.431,-0.09,0.876,-0.265,0.836,0.896,0.402,0.293,0.846,0.816,0.695,0.363,0.902,-0.717,0.884,0.58,0.675,0.916,0.902,0.917,0.841,0.805,0.618,0.92,-0.277,0.813,-0.152,0.453,0.559,0.288,-0.147,-0.242,0.779,-0.698,-0.107,0.698,0.606,0.555,0.831,0.864,0.851,0.413,0.919,0.861,0.613,-0.216,-0.278,-0.008,-0.248,0.085,0.77,0.304,0.814,0.867,-0.408,0.877,-0.333,-0.696,-0.736,-0.575,0.828,0.564,0.397,0.632,0.871,0.884,-0.442,0.845,-0.381,-0.836,0.125,-0.341,-0.509,-0.522,0.909,0.652,0.387,0.811,-0.512,0.855,0.763,0.818,0.278,0.238,0.467,-0.12,0.834,0.866,-0.557,0.821,0.349,-0.06,0.764,-0.575,0.284,0.403,0.342,0.706,-0.845,0.742,-0.698,-0.484,-0.207,0.357,-0.141,-0.784,0.731,0.119,-0.843,-0.564,0.481,0.905,0.84,0.023,0.731,0.664,0.825,0.299,0.53,0.862,0.872,0.703,0.474,0.809,0.724,0.653,0.804,0.394,-0.464,0.436,-0.187,-0.322,0.834,-0.773,0.527,-0.249,0.775,0.532,-0.381,0.945,-0.799,0.473,0.496,0.75,0.817,0.958,-0.262,0.766,0.356,0.508,0.69,-0.544,-0.692,0.486,0.765,0.242,0.413,-0.762,0.797,0.873,0.449,-0.52,-0.338,0.927,0.507,-0.007,0.71,-0.455,0.838,0.32,0.961,0.867,0.385,0.846,0.244,0.086,0.497,0.848,0.811,-0.1,0.624,-0.461,-0.14,0.896,0.749,-0.148,-0.824,0.918,0.765
ACGL,0.813,0.586,0.494,0.0,0.335,0.625,0.333,0.54,-0.529,-0.205,0.457,-0.426,-0.121,0.535,0.021,0.76,0.569,0.359,0.101,0.526,0.644,0.392,0.468,0.486,-0.265,0.462,0.557,0.33,0.502,0.701,0.558,0.684,0.582,0.637,0.355,0.153,0.737,0.461,0.007,0.336,-0.129,0.336,0.42,0.635,-0.612,0.525,0.622,0.38,0.295,0.501,0.552,0.688,0.266,0.607,0.657,0.347,0.3,0.346,-0.013,-0.319,0.213,0.78,0.346,0.563,0.545,-0.032,0.616,-0.326,-0.354,-0.315,-0.361,0.743,0.842,0.188,0.501,0.503,0.471,-0.286,0.706,0.027,-0.401,-0.459,-0.187,-0.583,-0.084,0.598,0.616,0.537,0.459,-0.086,0.327,0.606,0.351,0.091,0.801,-0.073,0.054,0.656,0.525,-0.092,0.805,0.466,0.533,0.398,-0.431,0.206,0.305,0.731,0.848,-0.416,0.447,-0.063,-0.349,0.103,0.191,0.182,-0.089,0.535,0.601,-0.211,-0.603,0.636,0.523,0.8,0.556,0.193,0.232,0.234,0.238,0.461,0.442,0.569,0.768,0.279,0.292,0.821,0.618,0.326,0.121,0.046,0.455,0.455,-0.014,0.781,-0.357,0.537,0.323,0.407,0.768,0.145,0.498,-0.331,0.639,0.489,0.146,0.487,0.576,0.351,0.387,0.167,0.238,0.685,-0.455,-0.385,0.097,0.417,0.075,0.367,-0.506,0.501,0.388,0.915,-0.058,-0.326,0.509,0.583,-0.102,0.049,-0.057,0.341,0.861,0.613,0.257,0.862,0.458,0.605,0.767,0.841,0.438,0.254,0.068,0.057,0.254,-0.163,0.54,0.456,0.598,-0.504,0.565,0.499
ACGLO,0.541,0.6,0.658,0.335,0.0,0.615,0.727,0.75,-0.557,0.492,0.757,-0.015,0.381,0.578,0.158,0.518,0.603,0.615,0.71,0.849,0.75,0.633,0.104,0.627,-0.278,0.673,0.561,0.869,0.683,0.648,0.729,0.747,0.467,0.682,0.679,0.269,0.687,-0.213,0.4,0.481,0.646,-0.444,-0.275,0.687,-0.507,-0.383,0.38,0.626,0.359,0.389,0.633,0.661,0.307,0.693,0.729,0.79,0.251,-0.235,0.496,0.056,0.097,0.581,0.471,0.556,0.639,-0.145,0.493,0.19,-0.12,-0.636,-0.15,0.502,0.287,0.758,0.641,0.372,0.687,-0.524,0.713,-0.005,-0.59,0.267,0.208,-0.137,0.035,0.68,0.579,0.55,0.747,-0.105,0.699,0.34,0.687,0.319,0.202,0.592,0.035,0.461,0.497,-0.179,0.567,0.071,-0.101,0.18,0.015,0.672,0.285,0.108,0.405,-0.636,0.813,-0.43,0.109,0.216,0.702,-0.057,-0.459,0.704,0.131,-0.603,-0.328,0.62,0.704,0.517,-0.305,0.801,0.65,0.784,0.291,0.007,0.695,0.774,0.27,0.082,0.678,0.34,0.752,0.749,0.271,-0.545,0.438,-0.22,0.264,0.525,-0.413,0.813,-0.5,0.705,0.574,0.169,0.532,-0.578,0.454,0.284,0.797,0.327,0.68,-0.137,0.81,0.247,0.517,0.195,-0.184,-0.337,0.726,0.66,0.602,0.657,-0.507,0.489,0.829,0.302,-0.405,0.171,0.755,0.626,0.52,0.795,-0.236,0.793,0.114,0.7,0.636,0.095,0.281,0.434,0.106,0.315,0.327,0.702,-0.49,0.494,-0.573,0.377,0.52,0.505,0.084,-0.622,0.549,0.78
ACIW,0.842,0.856,0.817,0.625,0.615,0.0,0.584,0.834,-0.743,0.014,0.74,-0.413,-0.107,0.883,-0.182,0.906,0.807,0.513,0.273,0.788,0.844,0.604,0.486,0.847,-0.588,0.744,0.645,0.599,0.79,0.833,0.829,0.782,0.686,0.713,0.704,-0.114,0.839,0.06,0.284,0.462,0.268,-0.116,-0.092,0.661,-0.652,0.107,0.685,0.481,0.484,0.727,0.79,0.767,0.286,0.844,0.854,0.585,-0.066,-0.004,0.023,-0.344,0.229,0.857,0.322,0.719,0.795,-0.165,0.787,-0.299,-0.619,-0.575,-0.511,0.8,0.711,0.284,0.705,0.66,0.783,-0.422,0.797,-0.272,-0.622,-0.006,-0.172,-0.514,-0.221,0.771,0.747,0.552,0.63,-0.321,0.671,0.76,0.677,0.43,0.426,0.3,-0.068,0.802,0.79,-0.363,0.85,0.466,0.229,0.525,-0.501,0.438,0.504,0.535,0.706,-0.667,0.611,-0.396,-0.395,0.037,0.447,0.005,-0.471,0.651,0.393,-0.637,-0.563,0.593,0.763,0.844,0.116,0.573,0.598,0.653,0.284,0.403,0.806,0.847,0.823,0.369,0.582,0.675,0.743,0.679,0.268,-0.24,0.626,-0.048,-0.132,0.806,-0.63,0.643,-0.156,0.715,0.53,-0.113,0.782,-0.615,0.674,0.359,0.575,0.701,0.828,0.044,0.734,0.13,0.543,0.711,-0.543,-0.634,0.424,0.566,0.311,0.503,-0.663,0.753,0.775,0.602,-0.437,-0.315,0.707,0.558,0.066,0.562,-0.308,0.664,0.477,0.882,0.647,0.568,0.633,0.284,0.24,0.569,0.703,0.657,-0.049,0.53,-0.273,-0.131,0.802,0.724,0.089,-0.707,0.753,0.756
ADBE,0.53,0.554,0.618,0.333,0.727,0.584,0.0,0.834,-0.4,0.692,0.655,0.29,0.632,0.441,0.404,0.543,0.395,0.842,0.77,0.785,0.697,0.776,0.18,0.509,-0.096,0.622,0.567,0.893,0.765,0.608,0.656,0.763,0.445,0.778,0.733,0.399,0.593,-0.221,0.142,0.769,0.802,-0.333,-0.186,0.765,-0.309,-0.28,0.193,0.791,0.707,0.253,0.62,0.74,0.568,0.739,0.733,0.883,0.318,0.085,0.709,0.164,0.179,0.679,0.678,0.714,0.462,0.254,0.407,0.44,-0.043,-0.437,-0.116,0.406,0.164,0.786,0.846,0.348,0.773,-0.347,0.616,0.228,-0.493,0.305,0.423,-0.016,0.207,0.789,0.686,0.691,0.768,0.212,0.8,0.315,0.391,0.531,0.125,0.765,0.332,0.449,0.459,0.025,0.528,0.112,0.02,0.169,0.037,0.697,0.378,0.077,0.473,-0.49,0.818,-0.254,0.139,0.459,0.898,0.414,-0.356,0.771,0.152,-0.554,-0.007,0.857,0.776,0.445,-0.265,0.893,0.877,0.717,0.621,-0.04,0.745,0.701,0.234,0.134,0.66,0.303,0.869,0.766,0.383,-0.184,0.64,-0.254,0.46,0.516,-0.205,0.84,-0.353,0.768,0.679,0.246,0.478,-0.423,0.33,0.378,0.826,0.194,0.675,-0.162,0.878,0.396,0.413,0.188,-0.023,-0.061,0.699,0.684,0.84,0.777,-0.281,0.48,0.85,0.261,-0.209,0.436,0.748,0.754,0.665,0.752,0.159,0.825,-0.045,0.639,0.638,0.054,0.261,0.571,0.015,0.361,0.187,0.804,-0.249,0.71,-0.521,0.54,0.408,0.347,0.135,-0.47,0.546,0.532
ADSK,0.837,0.848,0.914,0.54,0.75,0.834,0.834,0.0,-0.78,0.358,0.87,-0.198,0.185,0.81,0.038,0.825,0.782,0.633,0.53,0.916,0.9,0.776,0.389,0.857,-0.54,0.858,0.708,0.827,0.954,0.89,0.922,0.918,0.748,0.772,0.913,0.013,0.86,-0.18,0.246,0.756,0.512,-0.218,-0.224,0.893,-0.635,-0.132,0.539,0.761,0.679,0.707,0.898,0.905,0.577,0.932,0.914,0.791,0.008,-0.074,0.273,-0.186,0.107,0.842,0.471,0.881,0.822,-0.109,0.791,-0.062,-0.499,-0.69,-0.503,0.778,0.523,0.609,0.832,0.747,0.949,-0.52,0.861,-0.165,-0.775,0.162,-0.049,-0.388,-0.247,0.941,0.741,0.582,0.875,-0.207,0.92,0.651,0.677,0.478,0.27,0.551,0.038,0.803,0.783,-0.312,0.835,0.312,0.03,0.552,-0.397,0.529,0.412,0.322,0.71,-0.773,0.851,-0.551,-0.313,0.125,0.641,0.129,-0.644,0.865,0.234,-0.784,-0.396,0.726,0.951,0.786,-0.059,0.845,0.822,0.836,0.471,0.315,0.915,0.914,0.625,0.365,0.812,0.661,0.843,0.878,0.373,-0.332,0.563,-0.233,-0.013,0.83,-0.615,0.751,-0.297,0.847,0.695,-0.112,0.837,-0.733,0.488,0.451,0.803,0.623,0.945,-0.191,0.896,0.308,0.489,0.604,-0.445,-0.512,0.588,0.776,0.501,0.613,-0.642,0.72,0.94,0.492,-0.476,-0.082,0.926,0.696,0.272,0.759,-0.216,0.911,0.255,0.928,0.849,0.336,0.656,0.409,0.118,0.541,0.66,0.896,-0.164,0.71,-0.5,0.135,0.811,0.613,0.01,-0.773,0.852,0.759
AEP,-0.856,-0.83,-0.884,-0.529,-0.557,-0.743,-0.4,-0.78,0.0,0.12,-0.829,0.703,0.336,-0.924,0.274,-0.757,-0.898,-0.189,-0.129,-0.771,-0.789,-0.385,-0.29,-0.91,0.879,-0.874,-0.578,-0.518,-0.835,-0.9,-0.924,-0.773,-0.706,-0.436,-0.833,0.455,-0.863,0.271,-0.287,-0.378,-0.054,0.264,0.373,-0.73,0.888,0.126,-0.647,-0.405,-0.257,-0.932,-0.905,-0.778,-0.365,-0.754,-0.808,-0.444,0.304,0.395,0.253,0.585,0.245,-0.678,0.009,-0.703,-0.947,0.589,-0.88,0.579,0.786,0.884,0.783,-0.904,-0.58,-0.291,-0.518,-0.884,-0.814,0.714,-0.851,0.618,0.936,0.035,0.544,0.684,0.621,-0.757,-0.422,-0.152,-0.756,0.665,-0.749,-0.632,-0.828,-0.057,-0.17,-0.117,0.391,-0.814,-0.858,0.703,-0.867,-0.184,0.113,-0.649,0.737,-0.209,-0.145,-0.311,-0.636,0.96,-0.687,0.77,0.638,0.373,-0.157,0.308,0.769,-0.722,-0.185,0.848,0.784,-0.314,-0.824,-0.806,0.05,-0.565,-0.419,-0.751,0.014,-0.394,-0.753,-0.852,-0.711,-0.251,-0.705,-0.746,-0.507,-0.755,-0.038,0.614,-0.173,0.148,0.499,-0.861,0.94,-0.428,0.324,-0.644,-0.489,0.4,-0.851,0.918,-0.402,-0.186,-0.549,-0.75,-0.908,0.252,-0.642,-0.017,-0.366,-0.686,0.774,0.896,-0.243,-0.566,0.037,-0.155,0.94,-0.598,-0.758,-0.517,0.738,0.58,-0.794,-0.344,0.226,-0.539,0.688,-0.711,-0.365,-0.879,-0.806,-0.378,-0.748,-0.155,-0.119,-0.441,-0.89,-0.659,0.276,-0.437,0.475,0.354,-0.939,-0.7,0.162,0.97,-0.756,-0.716
AGIO,-0.125,-0.016,0.197,-0.205,0.492,0.014,0.692,0.358,0.12,0.0,0.262,0.685,0.849,-0.098,0.452,-0.074,-0.075,0.574,0.741,0.323,0.114,0.525,-0.307,-0.03,0.316,0.132,0.151,0.662,0.262,0.073,0.143,0.31,0.145,0.357,0.379,0.487,0.013,-0.241,0.204,0.557,0.829,-0.243,-0.097,0.3,0.178,-0.54,-0.272,0.644,0.593,-0.277,0.106,0.271,0.417,0.243,0.156,0.669,0.235,-0.088,0.82,0.672,0.239,0.077,0.56,0.269,-0.031,0.274,-0.064,0.774,0.415,-0.076,0.326,-0.195,-0.331,0.655,0.35,-0.102,0.278,0.063,0.041,0.466,-0.084,0.617,0.607,0.51,0.304,0.377,0.278,0.388,0.43,0.421,0.46,-0.142,0.101,0.3,-0.131,0.839,0.366,-0.047,-0.048,0.171,-0.14,-0.237,-0.341,-0.084,0.535,0.472,0.093,-0.412,-0.033,-0.03,0.504,-0.11,0.511,0.374,0.693,0.295,-0.224,0.291,-0.405,-0.257,0.511,0.421,0.337,-0.107,-0.363,0.703,0.681,0.471,0.49,-0.249,0.276,0.208,-0.359,0.013,0.467,-0.157,0.417,0.382,0.553,-0.115,0.31,-0.416,0.575,-0.088,0.246,0.414,-0.293,0.45,0.193,0.199,0.052,-0.047,-0.154,0.342,0.705,-0.2,0.163,-0.417,0.527,0.447,0.151,-0.281,0.477,0.421,0.678,0.541,0.802,0.545,0.223,0.088,0.479,-0.315,0.149,0.779,0.383,0.395,0.778,0.66,0.299,0.544,-0.443,0.137,0.384,-0.363,-0.035,0.288,-0.334,-0.156,-0.247,0.479,-0.277,0.593,-0.482,0.784,-0.114,-0.016,-0.115,0.079,0.166,0.123
ALEC,0.734,0.768,0.849,0.457,0.757,0.74,0.655,0.87,-0.829,0.262,0.0,-0.375,0.051,0.82,-0.034,0.681,0.798,0.426,0.459,0.87,0.814,0.577,0.126,0.851,-0.668,0.805,0.729,0.742,0.826,0.856,0.89,0.823,0.713,0.613,0.86,-0.147,0.841,-0.315,0.361,0.575,0.415,-0.327,-0.349,0.82,-0.749,-0.312,0.485,0.59,0.463,0.724,0.873,0.812,0.514,0.755,0.786,0.705,-0.094,-0.328,0.122,-0.246,-0.07,0.668,0.228,0.756,0.854,-0.346,0.804,-0.206,-0.498,-0.827,-0.576,0.773,0.462,0.563,0.636,0.72,0.814,-0.66,0.809,-0.315,-0.822,0.304,-0.194,-0.379,-0.362,0.805,0.533,0.379,0.815,-0.365,0.828,0.521,0.831,0.238,0.187,0.4,-0.211,0.765,0.758,-0.5,0.75,0.122,-0.182,0.517,-0.438,0.511,0.159,0.174,0.59,-0.854,0.824,-0.694,-0.331,-0.097,0.447,-0.145,-0.72,0.804,0.115,-0.82,-0.502,0.519,0.846,0.714,-0.162,0.777,0.666,0.869,0.145,0.246,0.769,0.863,0.523,0.221,0.794,0.617,0.655,0.805,0.232,-0.565,0.343,-0.298,-0.17,0.767,-0.71,0.631,-0.424,0.801,0.542,-0.223,0.781,-0.818,0.397,0.294,0.739,0.614,0.869,-0.298,0.788,0.089,0.403,0.53,-0.555,-0.612,0.574,0.688,0.318,0.444,-0.746,0.561,0.878,0.394,-0.59,-0.22,0.849,0.484,0.139,0.772,-0.494,0.858,0.221,0.85,0.852,0.218,0.619,0.236,0.05,0.38,0.696,0.755,-0.36,0.58,-0.609,-0.018,0.817,0.586,-0.142,-0.823,0.757,0.764
ALNY,-0.543,-0.481,-0.431,-0.426,-0.015,-0.413,0.29,-0.198,0.703,0.685,-0.375,0.0,0.812,-0.666,0.568,-0.45,-0.665,0.363,0.452,-0.219,-0.329,0.188,-0.187,-0.546,0.803,-0.391,-0.218,0.115,-0.28,-0.521,-0.466,-0.239,-0.377,0.04,-0.271,0.674,-0.511,0.044,-0.182,0.167,0.547,-0.007,0.181,-0.199,0.702,-0.167,-0.577,0.229,0.24,-0.736,-0.462,-0.276,0.038,-0.244,-0.323,0.202,0.458,0.389,0.755,0.754,0.305,-0.27,0.499,-0.227,-0.627,0.73,-0.629,0.937,0.797,0.557,0.707,-0.668,-0.551,0.329,0.063,-0.618,-0.25,0.467,-0.453,0.771,0.564,0.298,0.839,0.763,0.727,-0.219,0.01,0.286,-0.196,0.758,-0.125,-0.462,-0.544,0.35,-0.18,0.475,0.646,-0.516,-0.511,0.73,-0.563,-0.146,0.048,-0.537,0.819,0.261,0.096,-0.337,-0.371,0.584,-0.081,0.537,0.765,0.654,0.454,0.608,0.411,-0.209,-0.18,0.432,0.832,0.222,-0.244,-0.545,-0.198,0.099,0.19,-0.205,0.46,-0.42,-0.219,-0.397,-0.631,-0.165,-0.179,-0.578,0.076,-0.169,0.3,0.403,0.202,-0.166,0.779,-0.526,0.798,0.105,0.058,-0.111,-0.037,0.505,-0.513,0.598,-0.256,0.082,0.081,-0.628,-0.446,0.046,-0.008,0.305,-0.073,-0.609,0.846,0.835,0.271,-0.063,0.629,0.365,0.76,-0.282,-0.137,-0.423,0.571,0.916,-0.234,0.132,0.713,0.043,0.788,-0.105,-0.514,-0.437,-0.292,-0.445,-0.545,0.223,-0.206,-0.237,-0.757,-0.015,0.09,0.129,0.034,0.806,-0.654,-0.443,0.142,0.621,-0.357,-0.341
ALTR,-0.214,-0.146,-0.09,-0.121,0.381,-0.107,0.632,0.185,0.336,0.849,0.051,0.812,0.0,-0.29,0.694,-0.195,-0.295,0.649,0.731,0.165,0.045,0.364,-0.239,-0.249,0.6,-0.073,0.036,0.576,0.08,-0.108,-0.047,0.189,-0.112,0.321,0.107,0.789,-0.077,-0.103,-0.061,0.468,0.808,-0.223,0.038,0.215,0.294,-0.384,-0.403,0.545,0.406,-0.5,-0.075,0.15,0.341,0.088,0.039,0.546,0.541,0.166,0.952,0.647,0.176,0.009,0.582,0.127,-0.23,0.528,-0.299,0.915,0.638,0.102,0.49,-0.329,-0.363,0.672,0.363,-0.353,0.109,0.076,-0.044,0.658,0.138,0.416,0.82,0.511,0.628,0.195,0.207,0.428,0.287,0.687,0.222,-0.323,-0.176,0.288,-0.004,0.649,0.518,-0.244,-0.311,0.467,-0.212,-0.249,-0.121,-0.405,0.697,0.498,0.073,-0.354,-0.132,0.177,0.36,0.19,0.674,0.643,0.77,0.481,0.17,0.233,-0.148,0.028,0.565,0.51,0.13,-0.267,-0.328,0.511,0.481,0.193,0.464,-0.486,0.096,0.085,-0.469,-0.243,0.187,-0.277,0.404,0.191,0.308,0.068,0.32,-0.26,0.864,-0.21,0.478,0.496,-0.235,0.232,0.262,0.55,-0.249,0.17,-0.13,0.153,0.474,-0.493,-0.043,-0.118,0.377,0.386,0.007,-0.439,0.558,0.628,0.518,0.325,0.812,0.561,0.387,-0.105,0.284,-0.23,0.288,0.926,0.156,0.471,0.865,0.408,0.545,0.325,-0.372,-0.081,0.072,-0.318,-0.372,0.445,-0.14,-0.103,-0.552,0.276,-0.301,0.355,-0.293,0.897,-0.357,-0.223,0.233,0.231,-0.098,-0.029
AMBA,0.847,0.898,0.876,0.535,0.578,0.883,0.441,0.81,-0.924,-0.098,0.82,-0.666,-0.29,0.0,-0.285,0.818,0.916,0.295,0.172,0.774,0.822,0.419,0.339,0.923,-0.83,0.808,0.606,0.567,0.82,0.897,0.918,0.763,0.726,0.501,0.801,-0.368,0.885,-0.186,0.287,0.437,0.147,-0.243,-0.324,0.686,-0.824,-0.091,0.664,0.408,0.354,0.89,0.896,0.764,0.364,0.784,0.812,0.491,-0.308,-0.332,-0.195,-0.547,-0.082,0.727,0.028,0.745,0.945,-0.498,0.886,-0.528,-0.778,-0.818,-0.726,0.874,0.646,0.249,0.556,0.817,0.816,-0.638,0.825,-0.581,-0.849,0.052,-0.455,-0.642,-0.541,0.768,0.525,0.254,0.717,-0.564,0.728,0.697,0.809,0.204,0.252,0.157,-0.371,0.839,0.817,-0.651,0.866,0.262,-0.058,0.623,-0.68,0.296,0.224,0.349,0.617,-0.859,0.648,-0.701,-0.606,-0.269,0.265,-0.278,-0.696,0.709,0.212,-0.834,-0.71,0.363,0.8,0.823,-0.014,0.582,0.511,0.751,0.052,0.377,0.793,0.908,0.766,0.292,0.686,0.725,0.568,0.737,0.109,-0.496,0.313,-0.174,-0.408,0.822,-0.882,0.489,-0.333,0.694,0.418,-0.342,0.851,-0.86,0.482,0.201,0.584,0.753,0.904,-0.199,0.695,-0.012,0.425,0.74,-0.768,-0.834,0.314,0.58,0.056,0.247,-0.869,0.66,0.776,0.507,-0.707,-0.525,0.748,0.411,-0.131,0.594,-0.625,0.725,0.396,0.902,0.788,0.439,0.73,0.106,0.093,0.415,0.865,0.665,-0.235,0.503,-0.458,-0.31,0.925,0.722,-0.131,-0.877,0.761,0.744
AMCX,-0.149,-0.242,-0.265,0.021,0.158,-0.182,0.404,0.038,0.274,0.452,-0.034,0.568,0.694,-0.285,0.0,-0.229,-0.383,0.372,0.501,0.021,-0.01,0.015,-0.273,-0.267,0.473,-0.139,0.166,0.328,-0.027,-0.092,-0.077,0.155,-0.173,0.203,-0.031,0.606,0.027,-0.182,-0.48,0.376,0.461,-0.126,0.119,0.266,0.084,-0.23,-0.571,0.423,0.182,-0.408,0.008,0.147,0.436,-0.104,-0.009,0.392,0.497,0.31,0.68,0.201,-0.172,-0.016,0.322,0.004,-0.185,0.537,-0.315,0.635,0.567,0.027,0.181,-0.18,-0.296,0.595,0.378,-0.348,0.007,-0.15,-0.094,0.56,0.119,0.191,0.615,0.28,0.599,0.035,-0.034,0.302,0.193,0.668,0.112,-0.507,-0.301,0.117,0.026,0.134,0.23,-0.116,-0.286,0.417,-0.127,-0.369,-0.028,-0.587,0.417,0.397,-0.212,-0.336,-0.127,0.124,0.298,0.304,0.404,0.519,0.547,0.546,0.3,0.233,0.018,0.125,0.432,0.431,0.073,-0.271,-0.217,0.281,0.23,0.012,0.147,-0.604,-0.081,0.002,-0.414,-0.434,0.084,-0.142,0.302,0.059,-0.013,0.139,0.016,-0.165,0.699,-0.094,0.387,0.36,-0.072,0.153,0.343,0.499,-0.417,0.128,-0.277,-0.135,0.113,-0.647,-0.142,-0.099,0.237,-0.065,-0.328,-0.329,0.299,0.493,0.086,0.09,0.543,0.259,0.323,-0.42,0.09,-0.018,0.187,0.663,-0.047,0.23,0.563,0.122,0.497,0.108,-0.224,-0.214,-0.022,-0.189,-0.513,0.424,0.003,-0.043,-0.541,0.024,-0.388,0.176,-0.166,0.619,-0.306,-0.407,0.291,0.144,-0.287,-0.239
AMKR,0.943,0.853,0.836,0.76,0.518,0.906,0.543,0.825,-0.757,-0.074,0.681,-0.45,-0.195,0.818,-0.229,0.0,0.808,0.444,0.222,0.774,0.863,0.68,0.617,0.84,-0.562,0.767,0.62,0.504,0.792,0.855,0.803,0.774,0.688,0.744,0.667,-0.108,0.837,0.193,0.271,0.451,0.109,0.083,0.036,0.716,-0.638,0.326,0.821,0.448,0.467,0.765,0.761,0.788,0.228,0.9,0.876,0.511,0.04,0.158,-0.055,-0.337,0.293,0.948,0.428,0.765,0.752,-0.125,0.819,-0.386,-0.631,-0.479,-0.472,0.853,0.792,0.228,0.679,0.746,0.766,-0.317,0.846,-0.21,-0.601,-0.206,-0.235,-0.589,-0.265,0.789,0.831,0.6,0.583,-0.348,0.628,0.893,0.615,0.434,0.508,0.241,0.084,0.846,0.833,-0.279,0.929,0.65,0.433,0.658,-0.586,0.352,0.547,0.712,0.854,-0.648,0.567,-0.315,-0.435,0.057,0.34,0.104,-0.409,0.634,0.545,-0.531,-0.648,0.65,0.765,0.929,0.295,0.46,0.5,0.544,0.411,0.607,0.778,0.783,0.902,0.533,0.514,0.766,0.751,0.635,0.253,-0.12,0.662,0.161,-0.19,0.894,-0.597,0.608,0.038,0.65,0.685,-0.103,0.838,-0.537,0.762,0.504,0.452,0.805,0.844,0.203,0.649,0.289,0.565,0.776,-0.522,-0.629,0.356,0.537,0.207,0.511,-0.674,0.835,0.686,0.772,-0.325,-0.403,0.761,0.616,-0.035,0.391,-0.221,0.609,0.619,0.906,0.561,0.689,0.71,0.444,0.459,0.786,0.735,0.615,0.16,0.385,-0.069,-0.217,0.824,0.757,0.256,-0.715,0.835,0.754
AMRX,0.845,0.861,0.896,0.569,0.603,0.807,0.395,0.782,-0.898,-0.075,0.798,-0.665,-0.295,0.916,-0.383,0.808,0.0,0.255,0.133,0.765,0.789,0.464,0.388,0.864,-0.775,0.795,0.538,0.548,0.783,0.891,0.873,0.737,0.728,0.529,0.758,-0.301,0.854,-0.092,0.451,0.367,0.08,-0.152,-0.209,0.669,-0.784,-0.018,0.781,0.38,0.335,0.844,0.798,0.749,0.268,0.81,0.788,0.412,-0.223,-0.339,-0.191,-0.438,0.014,0.693,0.087,0.719,0.893,-0.538,0.867,-0.544,-0.752,-0.763,-0.612,0.857,0.673,0.222,0.497,0.818,0.766,-0.548,0.879,-0.54,-0.817,-0.047,-0.472,-0.646,-0.58,0.776,0.533,0.241,0.711,-0.58,0.658,0.749,0.816,0.111,0.327,0.204,-0.263,0.781,0.787,-0.618,0.852,0.359,-0.036,0.721,-0.663,0.201,0.316,0.404,0.668,-0.817,0.604,-0.711,-0.565,-0.298,0.203,-0.386,-0.658,0.676,0.237,-0.773,-0.748,0.334,0.746,0.841,0.084,0.54,0.452,0.683,0.079,0.496,0.754,0.858,0.766,0.383,0.659,0.745,0.516,0.674,0.17,-0.513,0.29,-0.085,-0.409,0.806,-0.854,0.47,-0.281,0.625,0.45,-0.334,0.869,-0.817,0.532,0.332,0.564,0.826,0.898,-0.141,0.611,0.164,0.478,0.719,-0.739,-0.784,0.343,0.632,0.015,0.243,-0.85,0.736,0.726,0.535,-0.601,-0.534,0.789,0.461,-0.165,0.544,-0.606,0.709,0.494,0.891,0.715,0.479,0.776,0.157,0.214,0.485,0.864,0.627,-0.17,0.37,-0.336,-0.317,0.88,0.697,-0.054,-0.834,0.81,0.777
ANSS,0.405,0.475,0.402,0.359,0.615,0.513,0.842,0.633,-0.189,0.574,0.426,0.363,0.649,0.295,0.372,0.444,0.255,0.0,0.728,0.607,0.59,0.653,0.248,0.336,0.128,0.426,0.399,0.768,0.557,0.424,0.454,0.615,0.298,0.694,0.471,0.554,0.445,0.043,0.067,0.623,0.723,-0.216,-0.032,0.551,-0.129,-0.125,0.177,0.642,0.573,0.077,0.405,0.548,0.373,0.596,0.605,0.724,0.447,0.227,0.719,0.248,0.316,0.596,0.676,0.557,0.303,0.358,0.245,0.498,0.127,-0.212,0.098,0.225,0.215,0.659,0.693,0.124,0.579,-0.204,0.508,0.32,-0.279,0.19,0.516,0.051,0.378,0.598,0.657,0.676,0.578,0.359,0.543,0.268,0.216,0.519,0.273,0.651,0.43,0.269,0.266,0.21,0.405,0.169,0.161,0.0,0.215,0.651,0.393,0.166,0.388,-0.247,0.6,-0.045,0.3,0.579,0.851,0.447,-0.098,0.597,0.237,-0.311,0.051,0.806,0.556,0.36,-0.137,0.671,0.711,0.49,0.646,-0.097,0.579,0.568,0.2,0.033,0.413,0.213,0.79,0.584,0.338,-0.013,0.649,-0.139,0.592,0.359,-0.016,0.803,-0.243,0.551,0.592,0.467,0.278,-0.185,0.415,0.331,0.667,0.056,0.49,0.074,0.718,0.366,0.422,0.16,0.082,0.09,0.639,0.555,0.79,0.786,-0.142,0.431,0.651,0.29,-0.051,0.499,0.557,0.783,0.71,0.568,0.28,0.623,0.067,0.482,0.372,0.148,0.085,0.617,0.147,0.351,0.005,0.615,-0.173,0.502,-0.299,0.584,0.19,0.277,0.356,-0.259,0.346,0.484
APPN,0.207,0.273,0.293,0.101,0.71,0.273,0.77,0.53,-0.129,0.741,0.459,0.452,0.731,0.172,0.501,0.222,0.133,0.728,0.0,0.574,0.515,0.587,-0.068,0.262,0.172,0.365,0.344,0.809,0.415,0.31,0.41,0.515,0.151,0.583,0.424,0.565,0.361,-0.191,0.117,0.574,0.853,-0.397,-0.192,0.496,-0.13,-0.438,-0.032,0.625,0.426,-0.046,0.356,0.416,0.337,0.421,0.437,0.801,0.474,0.032,0.804,0.386,0.181,0.403,0.624,0.393,0.246,0.263,0.116,0.617,0.378,-0.281,0.206,0.086,-0.022,0.789,0.542,-0.012,0.464,-0.298,0.371,0.365,-0.25,0.423,0.655,0.338,0.406,0.44,0.53,0.582,0.525,0.314,0.526,0.055,0.274,0.508,0.055,0.663,0.379,0.154,0.13,0.183,0.221,-0.045,-0.049,-0.15,0.41,0.858,0.086,-0.113,0.157,-0.251,0.664,-0.121,0.499,0.561,0.846,0.346,-0.157,0.51,0.062,-0.314,0.135,0.681,0.471,0.163,-0.393,0.724,0.605,0.561,0.506,-0.267,0.445,0.482,-0.108,-0.026,0.443,-0.008,0.705,0.585,0.239,-0.208,0.485,-0.263,0.633,0.21,0.049,0.761,-0.405,0.541,0.491,0.506,0.15,-0.199,0.243,0.214,0.701,-0.077,0.361,-0.088,0.713,0.265,0.376,-0.131,0.221,0.145,0.771,0.477,0.784,0.711,-0.114,0.25,0.623,0.101,-0.099,0.61,0.518,0.673,0.873,0.641,0.16,0.662,-0.174,0.359,0.396,-0.136,-0.079,0.58,-0.013,0.133,-0.145,0.577,-0.411,0.468,-0.488,0.724,0.098,0.22,0.218,-0.242,0.224,0.484
APTO,0.807,0.836,0.846,0.526,0.849,0.788,0.785,0.916,-0.771,0.323,0.87,-0.219,0.165,0.774,0.021,0.774,0.765,0.607,0.574,0.0,0.916,0.741,0.336,0.836,-0.512,0.855,0.72,0.823,0.896,0.847,0.898,0.873,0.655,0.783,0.835,0.058,0.853,-0.183,0.35,0.58,0.488,-0.317,-0.262,0.839,-0.643,-0.178,0.584,0.652,0.481,0.67,0.832,0.818,0.412,0.877,0.92,0.784,0.142,-0.126,0.294,-0.17,0.089,0.822,0.483,0.786,0.809,-0.149,0.738,-0.047,-0.385,-0.704,-0.393,0.745,0.514,0.642,0.771,0.657,0.887,-0.583,0.877,-0.165,-0.75,0.095,0.0,-0.349,-0.136,0.843,0.727,0.591,0.813,-0.237,0.845,0.595,0.743,0.413,0.259,0.52,0.019,0.705,0.756,-0.268,0.82,0.266,0.061,0.415,-0.298,0.605,0.399,0.333,0.667,-0.791,0.854,-0.501,-0.162,0.13,0.622,0.029,-0.595,0.819,0.291,-0.711,-0.504,0.726,0.884,0.758,-0.131,0.797,0.723,0.82,0.392,0.251,0.873,0.881,0.567,0.276,0.755,0.591,0.845,0.874,0.259,-0.438,0.518,-0.115,0.047,0.791,-0.613,0.832,-0.363,0.818,0.717,0.025,0.77,-0.701,0.6,0.37,0.76,0.588,0.885,-0.078,0.86,0.236,0.591,0.486,-0.386,-0.546,0.632,0.688,0.507,0.658,-0.695,0.687,0.907,0.535,-0.514,-0.079,0.895,0.675,0.312,0.746,-0.272,0.866,0.279,0.892,0.752,0.296,0.536,0.462,0.215,0.535,0.589,0.837,-0.283,0.543,-0.497,0.139,0.762,0.634,0.092,-0.803,0.766,0.853
ARCT,0.896,0.892,0.816,0.644,0.75,0.844,0.697,0.9,-0.789,0.114,0.814,-0.329,0.045,0.822,-0.01,0.863,0.789,0.59,0.515,0.916,0.0,0.709,0.509,0.874,-0.521,0.846,0.707,0.732,0.863,0.859,0.9,0.856,0.604,0.778,0.746,0.051,0.895,-0.067,0.215,0.569,0.381,-0.241,-0.208,0.816,-0.673,0.021,0.663,0.571,0.427,0.727,0.843,0.798,0.362,0.889,0.94,0.661,0.179,0.021,0.173,-0.301,0.088,0.884,0.45,0.794,0.831,-0.091,0.765,-0.18,-0.464,-0.654,-0.449,0.805,0.641,0.527,0.778,0.663,0.868,-0.607,0.922,-0.22,-0.723,-0.053,-0.06,-0.477,-0.136,0.811,0.747,0.59,0.757,-0.255,0.752,0.697,0.677,0.497,0.361,0.35,0.053,0.76,0.75,-0.236,0.904,0.418,0.231,0.437,-0.407,0.59,0.432,0.494,0.73,-0.757,0.744,-0.445,-0.251,0.207,0.572,0.081,-0.468,0.81,0.502,-0.644,-0.592,0.73,0.837,0.828,-0.012,0.658,0.624,0.706,0.395,0.295,0.835,0.904,0.706,0.302,0.615,0.638,0.831,0.817,0.139,-0.314,0.55,-0.044,0.003,0.86,-0.625,0.822,-0.279,0.707,0.754,0.081,0.78,-0.673,0.708,0.326,0.626,0.633,0.891,0.107,0.794,0.197,0.587,0.605,-0.508,-0.593,0.545,0.582,0.384,0.623,-0.733,0.72,0.835,0.682,-0.509,-0.205,0.856,0.734,0.22,0.576,-0.261,0.779,0.429,0.903,0.666,0.445,0.525,0.506,0.358,0.648,0.625,0.764,-0.157,0.437,-0.35,0.03,0.798,0.658,0.235,-0.813,0.74,0.859
ARWR,0.573,0.606,0.695,0.392,0.633,0.604,0.776,0.776,-0.385,0.525,0.577,0.188,0.364,0.419,0.015,0.68,0.464,0.653,0.587,0.741,0.709,0.0,0.453,0.579,-0.111,0.626,0.489,0.673,0.696,0.56,0.573,0.659,0.53,0.794,0.614,0.246,0.485,0.148,0.393,0.578,0.562,0.016,0.048,0.612,-0.176,0.075,0.536,0.623,0.66,0.357,0.489,0.621,0.243,0.82,0.722,0.682,0.289,0.232,0.445,0.324,0.547,0.742,0.806,0.676,0.41,0.22,0.501,0.244,-0.137,-0.201,0.018,0.418,0.393,0.524,0.681,0.434,0.665,-0.016,0.603,0.221,-0.342,0.161,0.25,-0.049,0.086,0.736,0.84,0.764,0.54,-0.002,0.645,0.662,0.445,0.654,0.307,0.756,0.481,0.532,0.543,0.087,0.534,0.509,0.293,0.463,-0.024,0.535,0.655,0.422,0.644,-0.376,0.573,-0.16,0.118,0.393,0.606,0.376,-0.338,0.528,0.289,-0.371,-0.129,0.746,0.673,0.615,0.118,0.642,0.735,0.594,0.752,0.444,0.698,0.576,0.463,0.517,0.52,0.381,0.754,0.639,0.59,-0.02,0.763,-0.05,0.23,0.55,-0.15,0.684,-0.006,0.624,0.628,0.113,0.674,-0.241,0.629,0.702,0.669,0.54,0.646,0.119,0.682,0.636,0.662,0.359,0.069,-0.132,0.735,0.611,0.664,0.841,-0.256,0.752,0.714,0.4,-0.004,0.195,0.797,0.693,0.445,0.587,0.173,0.67,0.214,0.717,0.513,0.29,0.488,0.536,0.259,0.574,0.349,0.726,0.209,0.517,-0.172,0.315,0.47,0.538,0.192,-0.372,0.729,0.667
ASND,0.583,0.561,0.363,0.468,0.104,0.486,0.18,0.389,-0.29,-0.307,0.126,-0.187,-0.239,0.339,-0.273,0.617,0.388,0.248,-0.068,0.336,0.509,0.453,0.0,0.429,-0.178,0.37,0.204,0.072,0.412,0.354,0.322,0.294,0.304,0.378,0.157,0.032,0.35,0.411,-0.043,0.194,-0.114,0.253,0.197,0.255,-0.105,0.616,0.609,0.089,0.217,0.423,0.275,0.267,-0.069,0.523,0.49,0.018,0.116,0.487,-0.156,-0.27,0.339,0.576,0.306,0.401,0.297,0.221,0.352,-0.25,-0.369,0.054,-0.144,0.41,0.611,-0.052,0.392,0.359,0.415,0.005,0.498,-0.108,-0.14,-0.524,-0.133,-0.375,-0.03,0.336,0.538,0.397,0.111,-0.103,0.167,0.656,0.034,0.531,0.415,0.037,0.347,0.381,0.375,0.234,0.549,0.727,0.651,0.372,-0.319,0.054,0.637,0.761,0.549,-0.118,0.02,0.067,-0.254,0.283,0.116,0.265,0.039,0.23,0.708,-0.013,-0.337,0.384,0.277,0.551,0.452,-0.031,0.169,-0.014,0.479,0.5,0.446,0.294,0.682,0.451,0.017,0.384,0.371,0.248,0.094,0.335,0.453,0.246,-0.095,0.474,-0.213,0.317,0.236,0.116,0.401,0.102,0.452,-0.059,0.659,0.3,-0.023,0.528,0.398,0.554,0.176,0.268,0.517,0.525,-0.235,-0.293,0.048,0.082,0.025,0.35,-0.264,0.652,0.176,0.578,-0.099,-0.308,0.309,0.478,-0.101,-0.098,0.192,0.139,0.521,0.442,0.032,0.552,0.351,0.276,0.491,0.634,0.362,0.352,0.531,-0.01,0.361,-0.152,0.364,0.321,0.38,-0.257,0.447,0.437
ASTH,0.86,0.898,0.902,0.486,0.627,0.847,0.509,0.857,-0.91,-0.03,0.851,-0.546,-0.249,0.923,-0.267,0.84,0.864,0.336,0.262,0.836,0.874,0.579,0.429,0.0,-0.801,0.9,0.639,0.574,0.867,0.865,0.917,0.766,0.696,0.563,0.823,-0.352,0.843,-0.189,0.326,0.446,0.201,-0.247,-0.374,0.727,-0.747,-0.069,0.689,0.437,0.377,0.903,0.89,0.742,0.31,0.83,0.862,0.545,-0.224,-0.22,-0.153,-0.444,-0.014,0.778,0.177,0.743,0.91,-0.384,0.872,-0.439,-0.711,-0.752,-0.656,0.847,0.608,0.34,0.616,0.828,0.853,-0.595,0.84,-0.486,-0.82,0.08,-0.361,-0.548,-0.461,0.757,0.602,0.353,0.687,-0.542,0.781,0.739,0.808,0.369,0.191,0.269,-0.212,0.846,0.899,-0.519,0.866,0.375,0.036,0.625,-0.62,0.388,0.325,0.412,0.648,-0.864,0.662,-0.639,-0.494,-0.161,0.294,-0.134,-0.708,0.701,0.283,-0.786,-0.661,0.446,0.834,0.845,-0.042,0.6,0.557,0.779,0.211,0.444,0.839,0.855,0.75,0.374,0.678,0.66,0.633,0.817,0.146,-0.453,0.391,-0.16,-0.381,0.848,-0.82,0.528,-0.309,0.705,0.503,-0.298,0.891,-0.791,0.558,0.262,0.593,0.793,0.907,-0.119,0.723,0.056,0.547,0.701,-0.639,-0.814,0.441,0.546,0.142,0.374,-0.84,0.722,0.802,0.526,-0.667,-0.473,0.823,0.444,-0.051,0.618,-0.533,0.737,0.336,0.932,0.785,0.377,0.722,0.187,0.134,0.486,0.861,0.751,-0.118,0.501,-0.45,-0.252,0.929,0.755,-0.113,-0.884,0.799,0.824
ATSG,-0.637,-0.664,-0.717,-0.265,-0.278,-0.588,-0.096,-0.54,0.879,0.316,-0.668,0.803,0.6,-0.83,0.473,-0.562,-0.775,0.128,0.172,-0.512,-0.521,-0.111,-0.178,-0.801,0.0,-0.694,-0.437,-0.192,-0.617,-0.687,-0.728,-0.479,-0.578,-0.132,-0.668,0.738,-0.641,0.369,-0.246,-0.166,0.164,0.213,0.476,-0.454,0.766,0.143,-0.512,-0.124,-0.119,-0.888,-0.748,-0.511,-0.254,-0.487,-0.531,-0.172,0.608,0.508,0.559,0.676,0.346,-0.403,0.328,-0.5,-0.813,0.687,-0.77,0.747,0.873,0.774,0.862,-0.761,-0.432,0.016,-0.243,-0.812,-0.595,0.597,-0.583,0.806,0.793,-0.028,0.711,0.626,0.789,-0.49,-0.149,0.155,-0.479,0.759,-0.565,-0.514,-0.73,0.036,0.062,0.107,0.607,-0.705,-0.787,0.809,-0.651,-0.113,0.233,-0.645,0.817,0.012,0.022,-0.179,-0.412,0.819,-0.405,0.769,0.768,0.595,0.155,0.477,0.767,-0.468,-0.023,0.764,0.691,0.04,-0.596,-0.634,0.083,-0.324,-0.23,-0.588,0.241,-0.403,-0.557,-0.61,-0.612,-0.269,-0.567,-0.581,-0.172,-0.532,0.06,0.562,0.069,0.224,0.761,-0.662,0.922,-0.062,0.297,-0.47,-0.13,0.661,-0.748,0.827,-0.191,-0.008,-0.319,-0.727,-0.702,0.348,-0.376,0.233,-0.2,-0.647,0.815,0.919,-0.03,-0.328,0.319,0.164,0.82,-0.417,-0.515,-0.274,0.763,0.763,-0.53,0.029,0.478,-0.385,0.8,-0.484,-0.207,-0.677,-0.693,-0.219,-0.717,0.24,0.113,-0.184,-0.907,-0.451,0.161,-0.334,0.445,0.61,-0.867,-0.555,0.462,0.805,-0.6,-0.494
AVTX,0.821,0.845,0.884,0.462,0.673,0.744,0.622,0.858,-0.874,0.132,0.805,-0.391,-0.073,0.808,-0.139,0.767,0.795,0.426,0.365,0.855,0.846,0.626,0.37,0.9,-0.694,0.0,0.57,0.65,0.884,0.833,0.906,0.794,0.66,0.585,0.857,-0.242,0.804,-0.24,0.309,0.491,0.319,-0.316,-0.376,0.753,-0.693,-0.155,0.602,0.514,0.425,0.796,0.851,0.779,0.364,0.833,0.865,0.617,-0.12,-0.231,0.009,-0.345,-0.08,0.75,0.259,0.753,0.855,-0.334,0.771,-0.28,-0.593,-0.746,-0.556,0.788,0.499,0.443,0.677,0.76,0.872,-0.603,0.854,-0.381,-0.841,0.087,-0.24,-0.459,-0.35,0.791,0.585,0.365,0.765,-0.446,0.822,0.648,0.758,0.344,0.117,0.407,-0.072,0.731,0.846,-0.458,0.823,0.291,-0.015,0.531,-0.512,0.407,0.294,0.324,0.623,-0.865,0.733,-0.63,-0.352,-0.084,0.395,-0.075,-0.718,0.762,0.213,-0.79,-0.585,0.512,0.854,0.792,-0.121,0.691,0.609,0.796,0.297,0.376,0.848,0.829,0.628,0.288,0.714,0.607,0.68,0.86,0.211,-0.495,0.37,-0.17,-0.242,0.797,-0.757,0.591,-0.356,0.725,0.584,-0.204,0.829,-0.78,0.488,0.323,0.679,0.683,0.893,-0.165,0.78,0.192,0.541,0.585,-0.517,-0.713,0.501,0.608,0.267,0.411,-0.789,0.69,0.85,0.485,-0.612,-0.299,0.87,0.517,0.068,0.65,-0.443,0.788,0.238,0.886,0.796,0.276,0.682,0.301,0.113,0.46,0.764,0.806,-0.198,0.533,-0.495,-0.091,0.842,0.697,-0.086,-0.871,0.756,0.788
BCPC,0.662,0.604,0.58,0.557,0.561,0.645,0.567,0.708,-0.578,0.151,0.729,-0.218,0.036,0.606,0.166,0.62,0.538,0.399,0.344,0.72,0.707,0.489,0.204,0.639,-0.437,0.57,0.0,0.521,0.642,0.725,0.671,0.717,0.629,0.658,0.609,0.011,0.762,-0.128,0.059,0.55,0.243,-0.068,-0.019,0.756,-0.552,-0.002,0.323,0.572,0.511,0.566,0.731,0.7,0.532,0.582,0.681,0.637,0.108,0.106,0.136,-0.262,0.049,0.686,0.335,0.643,0.651,0.055,0.641,-0.115,-0.324,-0.513,-0.512,0.707,0.521,0.441,0.655,0.547,0.641,-0.524,0.609,-0.039,-0.528,0.081,-0.064,-0.308,-0.13,0.633,0.503,0.536,0.601,-0.053,0.664,0.403,0.486,0.346,0.322,0.164,-0.157,0.716,0.636,-0.156,0.685,0.198,0.13,0.316,-0.34,0.508,0.259,0.291,0.634,-0.563,0.689,-0.282,-0.304,0.115,0.416,0.179,-0.438,0.697,0.265,-0.479,-0.31,0.604,0.715,0.647,0.097,0.547,0.597,0.578,0.208,0.232,0.587,0.636,0.516,0.264,0.616,0.603,0.664,0.578,0.201,-0.154,0.327,-0.054,-0.03,0.736,-0.428,0.608,-0.054,0.709,0.649,-0.064,0.574,-0.509,0.419,0.315,0.421,0.421,0.649,-0.084,0.627,-0.126,0.187,0.577,-0.409,-0.381,0.332,0.494,0.331,0.463,-0.438,0.353,0.636,0.556,-0.308,-0.15,0.607,0.406,0.106,0.471,-0.127,0.603,0.345,0.647,0.599,0.35,0.431,0.297,0.266,0.513,0.487,0.559,-0.118,0.413,-0.278,0.027,0.649,0.3,0.065,-0.572,0.61,0.501
BEAM,0.531,0.61,0.675,0.33,0.869,0.599,0.893,0.827,-0.518,0.662,0.742,0.115,0.576,0.567,0.328,0.504,0.548,0.768,0.809,0.823,0.732,0.673,0.072,0.574,-0.192,0.65,0.521,0.0,0.769,0.684,0.749,0.809,0.499,0.681,0.776,0.351,0.684,-0.269,0.269,0.719,0.797,-0.425,-0.263,0.767,-0.464,-0.46,0.248,0.785,0.577,0.324,0.679,0.758,0.538,0.736,0.733,0.892,0.232,-0.201,0.648,0.119,0.087,0.615,0.526,0.697,0.615,-0.044,0.485,0.325,-0.079,-0.637,-0.147,0.452,0.217,0.821,0.729,0.386,0.783,-0.498,0.691,0.057,-0.635,0.373,0.299,-0.081,0.051,0.803,0.607,0.558,0.865,0.036,0.807,0.306,0.576,0.358,0.181,0.713,0.124,0.474,0.434,-0.17,0.549,-0.009,-0.188,0.197,0.04,0.689,0.228,-0.025,0.395,-0.613,0.885,-0.473,0.11,0.274,0.849,0.115,-0.473,0.796,0.037,-0.69,-0.164,0.721,0.787,0.473,-0.33,0.938,0.807,0.832,0.437,-0.084,0.761,0.834,0.211,0.044,0.749,0.361,0.819,0.829,0.335,-0.439,0.493,-0.315,0.372,0.515,-0.371,0.84,-0.522,0.776,0.6,0.203,0.509,-0.597,0.309,0.302,0.915,0.235,0.735,-0.282,0.915,0.345,0.427,0.2,-0.147,-0.194,0.751,0.771,0.726,0.697,-0.462,0.501,0.899,0.239,-0.382,0.344,0.807,0.757,0.648,0.867,-0.112,0.908,0.016,0.703,0.725,0.066,0.293,0.519,-0.008,0.262,0.263,0.809,-0.511,0.675,-0.648,0.506,0.464,0.437,0.099,-0.583,0.561,0.676
BILI,0.845,0.857,0.916,0.502,0.683,0.79,0.765,0.954,-0.835,0.262,0.826,-0.28,0.08,0.82,-0.027,0.792,0.783,0.557,0.415,0.896,0.863,0.696,0.412,0.867,-0.617,0.884,0.642,0.769,0.0,0.891,0.93,0.898,0.73,0.652,0.943,-0.103,0.838,-0.232,0.22,0.698,0.419,-0.257,-0.294,0.862,-0.67,-0.151,0.546,0.7,0.59,0.768,0.911,0.88,0.558,0.903,0.909,0.724,-0.09,-0.158,0.162,-0.304,-0.007,0.808,0.355,0.849,0.844,-0.207,0.788,-0.152,-0.579,-0.741,-0.58,0.797,0.493,0.557,0.766,0.806,0.982,-0.565,0.85,-0.296,-0.833,0.072,-0.172,-0.454,-0.342,0.925,0.652,0.461,0.876,-0.31,0.937,0.624,0.664,0.38,0.196,0.483,-0.058,0.788,0.815,-0.381,0.842,0.275,-0.009,0.574,-0.472,0.422,0.381,0.306,0.68,-0.83,0.833,-0.611,-0.409,0.008,0.536,0.078,-0.706,0.842,0.198,-0.823,-0.463,0.643,0.957,0.773,-0.093,0.801,0.75,0.827,0.411,0.312,0.952,0.896,0.63,0.324,0.803,0.666,0.778,0.913,0.285,-0.392,0.451,-0.211,-0.129,0.837,-0.707,0.67,-0.326,0.786,0.656,-0.185,0.847,-0.784,0.43,0.357,0.762,0.633,0.952,-0.227,0.85,0.28,0.461,0.61,-0.499,-0.604,0.472,0.718,0.392,0.518,-0.716,0.706,0.908,0.469,-0.586,-0.177,0.911,0.63,0.171,0.714,-0.29,0.876,0.225,0.921,0.855,0.304,0.679,0.36,0.082,0.508,0.708,0.91,-0.183,0.686,-0.527,0.045,0.834,0.624,-0.048,-0.837,0.837,0.728
BJRI,0.918,0.854,0.902,0.701,0.648,0.833,0.608,0.89,-0.9,0.073,0.856,-0.521,-0.108,0.897,-0.092,0.855,0.891,0.424,0.31,0.847,0.859,0.56,0.354,0.865,-0.687,0.833,0.725,0.684,0.891,0.0,0.942,0.903,0.795,0.66,0.854,-0.157,0.951,-0.112,0.259,0.575,0.216,-0.142,-0.121,0.861,-0.833,-0.037,0.649,0.597,0.499,0.815,0.92,0.908,0.49,0.858,0.894,0.641,-0.086,-0.177,0.011,-0.409,0.002,0.838,0.251,0.823,0.922,-0.361,0.875,-0.376,-0.637,-0.789,-0.649,0.916,0.675,0.427,0.689,0.828,0.869,-0.617,0.907,-0.345,-0.858,-0.031,-0.319,-0.602,-0.447,0.9,0.63,0.43,0.843,-0.427,0.805,0.676,0.748,0.174,0.394,0.273,-0.205,0.858,0.824,-0.52,0.923,0.276,0.033,0.641,-0.598,0.383,0.298,0.393,0.796,-0.853,0.802,-0.622,-0.516,-0.145,0.384,-0.089,-0.646,0.819,0.282,-0.793,-0.661,0.575,0.896,0.884,0.087,0.685,0.605,0.771,0.213,0.4,0.824,0.919,0.751,0.332,0.768,0.817,0.726,0.781,0.213,-0.432,0.405,-0.056,-0.236,0.917,-0.784,0.623,-0.209,0.767,0.679,-0.203,0.845,-0.818,0.509,0.397,0.645,0.707,0.95,-0.176,0.779,0.163,0.41,0.732,-0.663,-0.701,0.379,0.724,0.22,0.389,-0.82,0.687,0.836,0.638,-0.565,-0.362,0.863,0.588,0.001,0.603,-0.442,0.806,0.479,0.927,0.799,0.518,0.727,0.387,0.263,0.6,0.775,0.72,-0.232,0.524,-0.379,-0.154,0.879,0.67,0.06,-0.875,0.835,0.745
BLUE,0.88,0.874,0.917,0.558,0.729,0.829,0.656,0.922,-0.924,0.143,0.89,-0.466,-0.047,0.918,-0.077,0.803,0.873,0.454,0.41,0.898,0.9,0.573,0.322,0.917,-0.728,0.906,0.671,0.749,0.93,0.942,0.0,0.902,0.736,0.628,0.911,-0.188,0.926,-0.265,0.239,0.605,0.339,-0.319,-0.34,0.849,-0.827,-0.196,0.58,0.624,0.483,0.832,0.957,0.868,0.513,0.856,0.901,0.678,-0.133,-0.273,0.052,-0.416,-0.115,0.787,0.215,0.816,0.95,-0.383,0.86,-0.302,-0.625,-0.86,-0.667,0.868,0.566,0.509,0.702,0.811,0.93,-0.709,0.908,-0.418,-0.91,0.075,-0.261,-0.517,-0.418,0.879,0.596,0.369,0.88,-0.438,0.878,0.623,0.797,0.274,0.222,0.341,-0.212,0.82,0.838,-0.544,0.889,0.211,-0.075,0.564,-0.546,0.45,0.237,0.283,0.669,-0.913,0.837,-0.709,-0.457,-0.119,0.464,-0.111,-0.73,0.846,0.213,-0.876,-0.608,0.56,0.929,0.821,-0.117,0.764,0.651,0.852,0.212,0.282,0.872,0.953,0.667,0.277,0.813,0.709,0.734,0.878,0.17,-0.522,0.366,-0.205,-0.218,0.875,-0.823,0.655,-0.389,0.799,0.618,-0.199,0.848,-0.89,0.461,0.279,0.736,0.668,0.967,-0.254,0.842,0.113,0.45,0.645,-0.642,-0.735,0.463,0.712,0.268,0.387,-0.851,0.667,0.903,0.522,-0.685,-0.307,0.89,0.583,0.093,0.701,-0.498,0.874,0.307,0.937,0.868,0.359,0.677,0.327,0.111,0.466,0.77,0.817,-0.325,0.602,-0.556,-0.077,0.896,0.681,-0.063,-0.922,0.787,0.793
