,AAL,AAON,ACB,ACGL,ACGLO,ACIW,ADBE,ADSK,AEP,AGIO,ALEC,ALNY,ALTR,AMBA,AMCX,AMKR,AMRX,ANSS,APPN,APTO,ARCT,ARWR,ASND,ASTH,ATSG,AVTX,BCPC,BEAM,BILI,BJRI,BLUE,BPOP,BRKL,BWIN,BZUN,CARG,CBRL,CBSH,CBUS,CENTA,CERS,CFFN,CHCO,CHEF,CHRD,CINF,CLLS,CMCO,CMCSA,COLL,COMM,COOP,CPB,CRON,CROX,CRUS,CRWD,CTAS,CYBR,CYTK,DGII,DIOD,DOMO,DPZ,DSGR,DXCM,ERIE,ESTA,EXEL,FAST,FCEL,FCFS,FHB,FITBI,FSV,FTDR,FUTU,GLDD,GLPG,GLPI,GOGO,GOSS,GSAT,GYRE,HALO,HAS,HLIT,HLNE,HSDT,HSIC,HTHT,ICHR,IDYA,IMVT,INDB,INSM,IONS,IOSP,ITRI,JBHT,JBLU,JSM,KLIC,KOD,KURA,LAB,LASR,LIN,LKQ,LNT,MBUU,MCRI,MDGL,MEDP,MGNI,MGPI,MGRC,MKTX,MRNA,MRTN,MSEX,MSFT,MU,NAVI,NBTB,NEO,NEOG,NGNE,NSSC,NTAP,NTES,NTLA,NTRS,NYMTN,OBLG,OCFC,ON,ONC,OPI,OSIS,OSW,PALI,PANW,PCAR,PCRX,PCTY,PEBO,PLAB,PLAY,PLMR,PLSE,PLUS,PRTA,PSEC,PSNL,PTCT,PTON,QNST,QRVO,QTTB,RARE,RBCAA,RGNX,SAIC,SGMO,SINT,SNPS,SPSC,SPTN,SSYS,STNE,TBBK,TCPC,TENB,TGTX,TREE,TRUP,TTWO,TW,TXG,UBSI,UCTT,UFPT,UMBF,UPBD,URBN,VBTX,VCTR,VEON,VNET,VRSK,VSEC,WABC,WTFCM,WVE,WW,WWD,XEL,ZD,ZYME
AAL,0.0,0.301,0.772,0.63,0.115,0.588,0.221,0.676,0.439,0.574,0.916,0.797,0.796,0.931,0.631,0.8,0.66,0.779,0.627,0.665,0.794,0.81,0.609,0.789,0.898,0.322,0.283,0.364,0.663,0.828,0.411,0.854,0.711,0.859,0.543,0.555,0.968,0.91,0.231,0.338,0.858,0.137,0.567,0.833,0.235,0.644,0.292,0.616,0.453,0.598,0.761,0.507,0.255,0.875,0.796,0.491,0.69,0.684,0.834,0.657,0.271,0.905,0.519,0.569,-0.184,0.78,0.648,0.769,0.328,0.343,0.94,0.886,0.826,0.014,0.772,0.712,0.562,0.737,-0.135,0.619,0.762,0.456,-0.149,0.499,0.761,0.69,0.175,0.574,0.574,0.758,0.059,0.659,0.649,0.07,0.676,0.832,0.652,0.415,0.31,0.351,0.825,-0.129,0.624,0.737,0.122,0.514,0.689,0.317,0.791,0.354,0.615,0.895,0.872,0.685,0.88,0.698,0.564,0.61,0.655,-0.053,0.229,0.442,0.863,0.758,0.588,0.846,0.763,0.181,0.427,0.889,0.734,0.392,0.899,0.206,0.78,0.611,0.933,0.078,0.494,0.352,0.681,0.375,0.519,0.493,0.295,0.531,0.21,0.863,0.838,0.586,-0.289,0.744,0.79,0.721,0.803,0.83,0.814,-0.287,0.634,0.579,0.678,0.43,0.687,0.54,0.597,0.716,0.828,0.386,0.682,0.764,0.297,0.686,0.699,0.522,0.341,0.559,0.821,0.056,0.518,0.694,0.657,0.812,0.892,0.822,0.267,0.273,0.614,0.809,0.796,0.124,0.659,0.416,0.706,-0.115,0.904,0.462,0.858,0.114,0.475,0.445
AAON,0.301,0.0,0.779,-0.326,0.844,0.266,0.245,0.664,0.447,0.629,0.374,-0.076,0.4,0.454,-0.066,0.727,-0.235,0.572,-0.147,0.512,0.717,0.642,-0.19,0.73,0.191,0.217,0.981,0.36,0.619,0.118,0.814,0.329,0.109,0.191,0.648,-0.513,0.367,0.386,0.915,0.674,0.648,0.787,0.817,0.28,-0.295,-0.368,0.969,0.77,0.677,0.393,0.707,0.806,0.882,0.173,0.767,0.885,-0.126,0.638,0.329,-0.437,0.963,0.353,-0.439,0.777,0.569,0.468,-0.172,0.754,-0.557,0.895,0.276,0.267,0.645,0.923,0.71,0.558,0.423,0.768,-0.834,0.091,-0.053,0.955,0.001,0.92,0.244,0.703,0.883,0.745,0.811,0.029,-0.81,0.75,0.612,0.904,0.066,0.278,-0.263,0.916,0.823,0.876,-0.207,0.807,0.824,0.205,-0.018,-0.482,0.81,0.846,0.252,0.243,-0.334,0.038,-0.061,0.084,0.396,0.84,0.685,0.208,0.774,-0.298,0.685,0.065,0.647,0.736,0.8,0.654,0.747,0.739,0.802,0.54,0.104,-0.415,0.444,0.939,0.375,0.731,0.13,0.586,0.86,0.926,0.18,0.757,-0.181,0.041,-0.133,-0.374,0.274,0.385,-0.126,-0.324,0.652,0.742,0.661,0.553,-0.068,-0.091,-0.014,0.545,0.822,-0.379,-0.019,0.923,0.202,0.743,0.729,0.504,0.453,-0.4,-0.388,-0.192,0.856,0.156,-0.226,-0.154,0.872,0.776,0.566,-0.728,0.811,0.601,0.831,0.66,0.343,0.592,0.832,-0.51,0.784,-0.172,0.604,0.538,0.365,0.977,0.474,0.818,0.387,0.923,0.341,-0.088,0.805,0.938
ACB,0.772,0.779,0.0,0.209,0.619,0.538,0.299,0.878,0.533,0.699,0.802,0.48,0.728,0.849,0.348,0.944,0.263,0.847,0.353,0.734,0.938,0.902,0.252,0.935,0.624,0.256,0.753,0.398,0.857,0.515,0.676,0.758,0.469,0.63,0.778,0.041,0.81,0.794,0.723,0.583,0.937,0.51,0.784,0.701,-0.006,0.162,0.775,0.829,0.729,0.577,0.881,0.813,0.707,0.68,0.969,0.844,0.416,0.765,0.766,0.141,0.746,0.762,0.077,0.852,0.308,0.819,0.29,0.964,-0.183,0.752,0.77,0.72,0.907,0.568,0.884,0.832,0.69,0.896,-0.558,0.453,0.393,0.876,-0.117,0.901,0.618,0.899,0.638,0.839,0.839,0.458,-0.476,0.882,0.733,0.586,0.367,0.698,0.181,0.801,0.637,0.743,0.388,0.415,0.877,0.597,-0.037,0.008,0.884,0.724,0.57,0.39,0.127,0.563,0.506,0.447,0.821,0.91,0.677,0.578,0.904,-0.291,0.454,0.351,0.941,0.955,0.83,0.904,0.911,0.563,0.759,0.883,0.567,0.0,0.845,0.716,0.741,0.795,0.641,0.481,0.864,0.767,0.492,0.691,0.3,0.312,0.216,0.136,0.166,0.766,0.409,0.122,0.247,0.916,0.922,0.857,0.468,0.464,0.456,0.157,0.908,0.148,0.421,0.811,0.517,0.82,0.823,0.838,0.835,-0.023,0.163,0.373,0.726,0.557,0.335,0.283,0.717,0.841,0.854,-0.349,0.842,0.794,0.9,0.916,0.756,0.882,0.599,-0.25,0.815,0.421,0.901,0.497,0.676,0.831,0.673,0.442,0.844,0.835,0.758,0.001,0.765,0.876
ACGL,0.63,-0.326,0.209,0.0,-0.186,0.438,0.33,0.313,0.15,0.016,0.554,0.902,0.521,0.547,0.71,0.277,0.892,0.437,0.767,0.405,0.316,0.315,0.713,0.231,0.707,0.187,-0.373,0.055,0.186,0.618,-0.147,0.663,0.649,0.697,0.109,0.922,0.645,0.632,-0.32,0.157,0.34,-0.457,-0.024,0.382,0.717,0.934,-0.361,-0.027,0.145,0.421,0.283,-0.226,-0.247,0.739,0.254,-0.139,0.788,0.329,0.473,0.811,-0.322,0.64,0.827,0.178,-0.395,0.503,0.873,0.253,0.668,-0.086,0.711,0.551,0.326,-0.558,0.255,0.518,0.219,0.2,0.508,0.676,0.571,-0.212,0.042,-0.104,0.712,0.268,-0.534,0.225,-0.124,0.77,0.502,0.28,0.335,-0.447,0.517,0.629,0.667,-0.273,-0.163,-0.244,0.868,-0.584,0.091,0.695,0.131,0.788,0.121,-0.185,0.712,0.414,0.82,0.615,0.709,0.682,0.561,0.092,-0.104,0.43,0.225,0.353,-0.299,0.514,0.34,0.214,0.026,0.359,0.307,-0.196,-0.054,0.508,0.637,0.823,0.564,-0.447,0.475,0.142,0.762,-0.093,0.037,-0.34,0.46,-0.213,0.6,0.604,0.437,0.829,0.078,0.612,0.77,0.805,-0.473,0.324,0.23,0.302,0.887,0.74,0.561,-0.377,0.124,0.883,0.672,-0.127,0.479,0.053,0.04,0.437,0.582,0.59,0.89,0.839,-0.237,0.8,0.885,0.775,-0.291,0.169,0.414,0.504,-0.091,0.364,0.036,0.425,0.562,0.459,-0.42,0.51,0.051,0.878,0.248,-0.08,0.529,-0.268,0.268,-0.505,0.543,-0.115,0.468,0.414,-0.165,-0.215
ACGLO,0.115,0.844,0.619,-0.186,0.0,0.257,0.428,0.631,0.422,0.416,0.236,-0.012,0.311,0.29,-0.095,0.556,-0.165,0.525,-0.096,0.473,0.595,0.481,-0.212,0.528,0.065,0.149,0.81,0.25,0.512,-0.031,0.619,0.277,0.032,0.141,0.588,-0.424,0.216,0.264,0.803,0.69,0.473,0.608,0.604,0.04,-0.107,-0.292,0.799,0.579,0.709,0.363,0.541,0.529,0.796,0.122,0.592,0.689,-0.092,0.554,0.147,-0.501,0.811,0.235,-0.366,0.723,0.668,0.443,-0.078,0.627,-0.52,0.862,0.182,0.103,0.46,0.841,0.545,0.597,0.365,0.572,-0.645,0.16,-0.239,0.787,0.094,0.78,0.284,0.633,0.632,0.73,0.539,-0.012,-0.726,0.72,0.54,0.779,-0.067,0.244,-0.357,0.67,0.685,0.73,-0.263,0.761,0.646,0.254,-0.058,-0.442,0.614,0.722,0.217,0.41,-0.34,-0.181,-0.21,0.06,0.29,0.629,0.374,0.186,0.686,-0.174,0.465,0.107,0.437,0.567,0.61,0.49,0.624,0.709,0.705,0.395,0.092,-0.26,0.298,0.777,0.258,0.559,0.022,0.739,0.796,0.719,0.07,0.535,-0.182,0.067,-0.047,-0.269,0.189,0.305,-0.257,-0.305,0.734,0.662,0.478,0.458,-0.063,-0.196,-0.22,0.642,0.693,-0.254,-0.027,0.792,0.104,0.648,0.552,0.509,0.431,-0.387,-0.38,-0.232,0.73,0.31,-0.174,0.007,0.748,0.746,0.472,-0.583,0.66,0.529,0.621,0.572,0.222,0.487,0.55,-0.576,0.584,-0.193,0.378,0.589,0.439,0.778,0.26,0.833,0.247,0.768,0.158,0.162,0.594,0.766
ACIW,0.588,0.266,0.538,0.438,0.257,0.0,0.608,0.681,0.249,0.489,0.642,0.613,0.84,0.693,0.614,0.609,0.434,0.774,0.674,0.687,0.633,0.674,0.593,0.598,0.727,0.535,0.312,0.587,0.464,0.654,0.446,0.485,0.452,0.686,0.471,0.421,0.652,0.548,0.263,0.495,0.688,0.109,0.273,0.434,0.127,0.473,0.26,0.218,0.478,0.477,0.605,0.216,0.159,0.746,0.593,0.408,0.696,0.675,0.648,0.472,0.302,0.711,0.602,0.629,0.065,0.779,0.664,0.536,0.287,0.364,0.662,0.503,0.4,0.072,0.554,0.681,0.32,0.505,0.081,0.714,0.577,0.33,0.173,0.408,0.746,0.498,0.138,0.619,0.348,0.556,0.092,0.479,0.656,0.221,0.387,0.735,0.381,0.248,0.488,0.237,0.567,-0.162,0.547,0.491,0.135,0.498,0.62,0.421,0.632,0.4,0.592,0.51,0.418,0.788,0.716,0.427,0.361,0.365,0.59,-0.056,0.304,0.56,0.51,0.451,0.269,0.711,0.654,0.42,0.416,0.598,0.527,0.504,0.515,0.108,0.654,0.384,0.625,0.301,0.382,0.236,0.572,0.419,0.535,0.23,0.01,0.545,0.042,0.672,0.612,0.497,-0.083,0.558,0.522,0.391,0.649,0.433,0.552,-0.086,0.511,0.419,0.58,0.283,0.511,0.167,0.569,0.512,0.75,0.593,0.387,0.648,0.454,0.455,0.398,0.644,0.172,0.326,0.65,-0.019,0.353,0.742,0.311,0.582,0.646,0.517,0.278,0.201,0.28,0.596,0.596,0.387,0.618,0.301,0.251,0.088,0.587,0.464,0.388,0.331,0.385,0.26
ADBE,0.221,0.245,0.299,0.33,0.428,0.608,0.0,0.654,0.168,0.372,0.265,0.364,0.586,0.415,0.569,0.422,0.248,0.649,0.586,0.679,0.412,0.473,0.477,0.334,0.432,0.372,0.267,0.564,0.348,0.325,0.377,0.272,0.184,0.473,0.491,0.247,0.336,0.254,0.408,0.594,0.417,-0.095,0.093,0.031,0.318,0.226,0.248,0.028,0.417,0.327,0.475,0.023,0.144,0.516,0.384,0.327,0.557,0.645,0.295,0.155,0.338,0.515,0.437,0.632,0.425,0.585,0.463,0.376,0.038,0.459,0.412,0.204,0.164,0.174,0.484,0.596,0.279,0.259,0.139,0.772,0.233,0.224,0.551,0.225,0.535,0.339,0.018,0.615,0.135,0.344,-0.006,0.439,0.655,0.349,0.042,0.535,0.049,0.191,0.534,0.184,0.307,0.005,0.475,0.408,0.345,0.311,0.401,0.484,0.515,0.453,0.433,0.045,-0.047,0.638,0.448,0.243,0.193,0.151,0.464,0.309,0.231,0.735,0.245,0.163,0.074,0.475,0.471,0.566,0.441,0.322,0.517,0.487,0.252,0.104,0.25,0.209,0.339,0.528,0.41,0.111,0.435,0.4,0.472,0.283,0.031,0.405,0.089,0.402,0.213,0.341,0.282,0.367,0.224,0.343,0.465,0.068,0.11,0.218,0.515,0.3,0.446,0.201,0.356,0.092,0.474,0.431,0.571,0.431,0.06,0.415,0.501,0.426,0.316,0.645,0.146,0.319,0.531,-0.102,0.198,0.59,0.114,0.426,0.371,0.225,0.222,0.133,0.206,0.309,0.289,0.655,0.519,0.233,-0.047,0.283,0.274,0.417,0.055,0.504,0.38,0.143
ADSK,0.676,0.664,0.878,0.313,0.631,0.681,0.654,0.0,0.567,0.599,0.737,0.536,0.815,0.806,0.486,0.872,0.293,0.942,0.546,0.804,0.853,0.862,0.404,0.83,0.627,0.233,0.663,0.477,0.831,0.464,0.599,0.684,0.426,0.677,0.788,0.155,0.756,0.699,0.689,0.655,0.896,0.289,0.59,0.558,0.111,0.238,0.667,0.632,0.743,0.57,0.846,0.619,0.598,0.719,0.904,0.762,0.604,0.845,0.727,0.187,0.674,0.786,0.261,0.937,0.474,0.909,0.417,0.906,-0.151,0.752,0.748,0.644,0.746,0.478,0.875,0.908,0.688,0.769,-0.334,0.666,0.39,0.745,0.12,0.775,0.69,0.834,0.487,0.911,0.692,0.518,-0.352,0.822,0.776,0.546,0.248,0.724,0.118,0.675,0.674,0.632,0.449,0.285,0.825,0.645,0.019,0.127,0.799,0.731,0.623,0.572,0.269,0.434,0.377,0.612,0.824,0.773,0.573,0.535,0.868,-0.14,0.385,0.618,0.802,0.808,0.636,0.853,0.88,0.595,0.746,0.804,0.695,0.201,0.76,0.581,0.684,0.665,0.631,0.578,0.82,0.611,0.538,0.655,0.543,0.308,0.236,0.325,0.08,0.73,0.388,0.239,0.282,0.85,0.791,0.84,0.545,0.399,0.405,0.205,0.877,0.253,0.465,0.668,0.534,0.678,0.787,0.871,0.909,0.175,0.169,0.457,0.74,0.613,0.43,0.54,0.563,0.751,0.871,-0.232,0.732,0.83,0.711,0.842,0.714,0.753,0.493,-0.191,0.665,0.489,0.832,0.662,0.826,0.707,0.475,0.434,0.788,0.78,0.619,0.254,0.733,0.719
AEP,0.439,0.447,0.533,0.15,0.422,0.249,0.168,0.567,0.0,0.14,0.451,0.23,0.388,0.411,0.135,0.508,0.102,0.496,0.127,0.301,0.498,0.402,0.088,0.433,0.298,-0.178,0.448,0.003,0.468,0.091,0.29,0.424,0.331,0.255,0.339,-0.026,0.442,0.436,0.366,0.363,0.543,0.233,0.474,0.343,-0.089,0.144,0.436,0.492,0.569,0.311,0.47,0.466,0.548,0.265,0.546,0.543,0.181,0.516,0.272,0.003,0.415,0.391,-0.069,0.491,0.3,0.461,0.109,0.577,-0.292,0.501,0.351,0.332,0.577,0.341,0.512,0.499,0.407,0.56,-0.277,0.214,0.215,0.506,-0.131,0.49,0.285,0.454,0.419,0.565,0.503,0.42,-0.402,0.47,0.286,0.271,0.117,0.236,-0.038,0.476,0.34,0.411,0.236,0.232,0.42,0.285,-0.243,-0.149,0.45,0.386,0.329,0.791,0.036,0.193,0.269,0.216,0.41,0.544,0.415,0.247,0.518,-0.194,0.257,0.327,0.496,0.598,0.495,0.421,0.517,0.207,0.435,0.541,0.395,-0.142,0.531,0.442,0.305,0.474,0.384,0.11,0.585,0.437,0.125,0.281,0.195,0.162,0.195,0.012,-0.009,0.396,0.139,0.053,0.085,0.568,0.469,0.616,0.223,0.258,0.203,0.124,0.434,0.001,0.013,0.508,0.284,0.556,0.296,0.575,0.518,-0.18,0.139,0.099,0.351,0.378,0.276,0.129,0.316,0.462,0.46,-0.144,0.477,0.357,0.484,0.487,0.445,0.506,0.23,-0.38,0.432,0.274,0.595,0.188,0.591,0.505,0.359,0.279,0.496,0.423,0.481,0.503,0.364,0.558
AGIO,0.574,0.629,0.699,0.016,0.416,0.489,0.372,0.599,0.14,0.0,0.594,0.233,0.561,0.682,0.362,0.804,0.096,0.617,0.288,0.699,0.768,0.826,0.286,0.763,0.594,0.525,0.642,0.79,0.634,0.597,0.772,0.492,0.247,0.531,0.701,-0.058,0.602,0.548,0.668,0.394,0.732,0.483,0.657,0.614,-0.109,-0.038,0.664,0.655,0.441,0.416,0.727,0.714,0.457,0.556,0.679,0.7,0.278,0.605,0.574,0.131,0.661,0.632,0.096,0.6,0.177,0.53,0.121,0.652,-0.011,0.494,0.56,0.61,0.611,0.518,0.708,0.484,0.489,0.634,-0.471,0.423,0.451,0.705,0.136,0.622,0.448,0.585,0.544,0.531,0.648,0.193,-0.265,0.66,0.811,0.631,0.357,0.678,0.338,0.698,0.654,0.62,0.256,0.319,0.818,0.406,0.47,0.095,0.754,0.638,0.453,-0.057,0.197,0.475,0.304,0.359,0.599,0.687,0.796,0.327,0.596,-0.099,0.549,0.235,0.695,0.574,0.609,0.791,0.677,0.693,0.644,0.576,0.439,0.013,0.491,0.543,0.519,0.594,0.467,0.418,0.591,0.685,0.631,0.742,0.152,0.267,0.021,-0.01,0.358,0.601,0.364,0.06,0.18,0.562,0.758,0.547,0.353,0.338,0.419,0.009,0.765,0.067,0.568,0.579,0.613,0.546,0.917,0.393,0.512,0.162,-0.033,0.343,0.705,0.235,0.076,0.103,0.706,0.568,0.712,-0.421,0.625,0.651,0.667,0.712,0.585,0.517,0.787,0.149,0.706,0.175,0.595,0.5,0.218,0.702,0.532,0.397,0.53,0.686,0.539,-0.18,0.814,0.619
ALEC,0.916,0.374,0.802,0.554,0.236,0.642,0.265,0.737,0.451,0.594,0.0,0.772,0.807,0.921,0.506,0.821,0.588,0.833,0.626,0.654,0.838,0.837,0.546,0.8,0.825,0.327,0.363,0.456,0.752,0.754,0.408,0.824,0.631,0.881,0.665,0.5,0.916,0.881,0.278,0.296,0.895,0.269,0.59,0.859,0.125,0.57,0.373,0.659,0.541,0.67,0.692,0.552,0.312,0.834,0.814,0.541,0.686,0.64,0.875,0.601,0.304,0.884,0.498,0.61,-0.072,0.834,0.613,0.812,0.34,0.358,0.907,0.88,0.784,0.11,0.741,0.76,0.645,0.71,-0.233,0.549,0.661,0.544,-0.216,0.558,0.798,0.763,0.275,0.57,0.532,0.611,0.07,0.708,0.667,0.13,0.6,0.837,0.601,0.422,0.335,0.446,0.719,-0.06,0.637,0.812,0.059,0.443,0.703,0.32,0.696,0.349,0.489,0.863,0.842,0.646,0.909,0.694,0.576,0.747,0.648,-0.221,0.215,0.383,0.833,0.802,0.645,0.857,0.769,0.239,0.451,0.829,0.714,0.364,0.834,0.297,0.796,0.604,0.858,0.234,0.504,0.431,0.706,0.36,0.563,0.327,0.408,0.549,0.195,0.851,0.781,0.488,-0.242,0.787,0.875,0.7,0.757,0.819,0.795,-0.226,0.65,0.589,0.688,0.493,0.722,0.609,0.666,0.714,0.869,0.42,0.576,0.716,0.352,0.686,0.597,0.545,0.454,0.628,0.856,0.143,0.654,0.707,0.692,0.834,0.841,0.832,0.304,0.193,0.595,0.725,0.769,0.164,0.709,0.464,0.737,-0.031,0.9,0.496,0.857,0.075,0.522,0.52
ALNY,0.797,-0.076,0.48,0.902,-0.012,0.613,0.364,0.536,0.23,0.233,0.772,0.0,0.715,0.746,0.699,0.506,0.865,0.663,0.818,0.547,0.559,0.565,0.733,0.484,0.826,0.276,-0.106,0.206,0.439,0.762,0.057,0.774,0.669,0.834,0.349,0.851,0.817,0.765,-0.101,0.257,0.594,-0.223,0.165,0.571,0.54,0.869,-0.102,0.199,0.351,0.563,0.492,0.032,-0.048,0.867,0.512,0.096,0.853,0.497,0.7,0.797,-0.096,0.785,0.806,0.408,-0.294,0.723,0.889,0.505,0.58,0.113,0.863,0.709,0.505,-0.336,0.467,0.693,0.42,0.414,0.272,0.716,0.634,0.064,-0.048,0.174,0.841,0.513,-0.282,0.425,0.133,0.762,0.385,0.476,0.502,-0.256,0.592,0.79,0.672,-0.046,0.036,-0.004,0.887,-0.419,0.309,0.803,0.074,0.753,0.368,0.029,0.767,0.428,0.765,0.758,0.807,0.753,0.765,0.323,0.098,0.612,0.443,0.136,-0.139,0.514,0.562,0.466,0.241,0.594,0.533,-0.016,0.145,0.685,0.729,0.742,0.72,-0.203,0.674,0.32,0.854,0.085,0.218,-0.083,0.606,0.006,0.658,0.514,0.411,0.822,0.056,0.785,0.857,0.766,-0.389,0.538,0.492,0.481,0.922,0.812,0.706,-0.316,0.347,0.85,0.727,0.097,0.572,0.249,0.296,0.616,0.776,0.609,0.847,0.866,0.002,0.824,0.847,0.804,-0.045,0.345,0.624,0.407,0.198,0.567,0.284,0.617,0.739,0.647,-0.191,0.409,0.231,0.915,0.494,0.062,0.695,-0.009,0.426,-0.342,0.754,0.136,0.628,0.303,0.094,0.06
ALTR,0.796,0.4,0.728,0.521,0.311,0.84,0.586,0.815,0.388,0.561,0.807,0.715,0.0,0.903,0.69,0.786,0.528,0.924,0.726,0.813,0.817,0.822,0.663,0.778,0.842,0.576,0.415,0.587,0.599,0.725,0.574,0.651,0.568,0.843,0.592,0.472,0.824,0.733,0.381,0.616,0.858,0.137,0.453,0.555,0.218,0.542,0.397,0.423,0.524,0.658,0.782,0.35,0.239,0.872,0.79,0.577,0.754,0.844,0.785,0.515,0.409,0.913,0.586,0.736,0.038,0.885,0.731,0.735,0.271,0.497,0.86,0.658,0.621,0.129,0.804,0.813,0.4,0.7,-0.047,0.779,0.653,0.465,0.167,0.534,0.823,0.638,0.238,0.753,0.532,0.717,0.008,0.686,0.777,0.289,0.548,0.826,0.466,0.392,0.595,0.339,0.68,-0.078,0.689,0.62,0.167,0.476,0.796,0.496,0.798,0.483,0.619,0.651,0.57,0.883,0.884,0.62,0.482,0.461,0.775,-0.017,0.402,0.657,0.727,0.633,0.444,0.88,0.844,0.433,0.533,0.791,0.641,0.529,0.736,0.248,0.71,0.538,0.812,0.289,0.534,0.329,0.572,0.511,0.576,0.331,0.06,0.593,0.112,0.841,0.714,0.624,-0.018,0.758,0.681,0.598,0.776,0.575,0.63,-0.045,0.69,0.499,0.652,0.433,0.624,0.334,0.676,0.715,0.903,0.535,0.467,0.723,0.546,0.593,0.534,0.666,0.3,0.494,0.849,-0.057,0.464,0.9,0.509,0.783,0.828,0.701,0.347,0.179,0.498,0.735,0.765,0.371,0.738,0.45,0.425,0.106,0.762,0.601,0.547,0.282,0.514,0.419
AMBA,0.931,0.454,0.849,0.547,0.29,0.693,0.415,0.806,0.411,0.682,0.921,0.746,0.903,0.0,0.636,0.894,0.59,0.901,0.679,0.808,0.894,0.904,0.598,0.882,0.883,0.467,0.445,0.555,0.737,0.794,0.562,0.804,0.611,0.893,0.686,0.468,0.936,0.874,0.414,0.503,0.933,0.223,0.605,0.778,0.214,0.546,0.456,0.639,0.542,0.672,0.833,0.541,0.327,0.903,0.873,0.638,0.715,0.792,0.884,0.552,0.438,0.962,0.51,0.709,-0.03,0.875,0.651,0.841,0.264,0.483,0.947,0.841,0.81,0.168,0.859,0.814,0.573,0.777,-0.193,0.687,0.69,0.574,0.022,0.604,0.819,0.759,0.299,0.707,0.628,0.703,-0.031,0.785,0.786,0.271,0.601,0.894,0.553,0.511,0.514,0.471,0.726,-0.013,0.759,0.729,0.158,0.448,0.822,0.495,0.81,0.375,0.55,0.812,0.742,0.77,0.935,0.744,0.614,0.609,0.781,-0.06,0.353,0.539,0.89,0.779,0.61,0.938,0.868,0.384,0.571,0.89,0.715,0.419,0.863,0.335,0.788,0.649,0.886,0.283,0.596,0.449,0.66,0.532,0.541,0.416,0.236,0.516,0.197,0.897,0.769,0.542,-0.099,0.819,0.843,0.74,0.8,0.717,0.716,-0.131,0.774,0.52,0.737,0.527,0.687,0.556,0.754,0.755,0.914,0.427,0.516,0.751,0.511,0.658,0.592,0.573,0.455,0.648,0.918,-0.056,0.595,0.857,0.692,0.895,0.885,0.825,0.396,0.185,0.665,0.744,0.838,0.324,0.701,0.537,0.643,0.064,0.878,0.617,0.776,0.113,0.615,0.534
AMCX,0.631,-0.066,0.348,0.71,-0.095,0.614,0.569,0.486,0.135,0.362,0.506,0.699,0.69,0.636,0.0,0.474,0.601,0.568,0.773,0.696,0.492,0.512,0.846,0.413,0.762,0.474,-0.064,0.405,0.26,0.688,0.285,0.577,0.599,0.626,0.24,0.652,0.668,0.584,0.073,0.392,0.497,-0.377,0.108,0.354,0.587,0.657,-0.064,-0.026,0.17,0.301,0.541,-0.004,-0.146,0.825,0.403,0.21,0.814,0.591,0.514,0.684,0.045,0.749,0.767,0.409,-0.174,0.557,0.753,0.317,0.429,0.115,0.744,0.491,0.375,-0.307,0.489,0.502,0.214,0.384,0.43,0.896,0.709,-0.004,0.344,0.077,0.619,0.229,-0.176,0.476,0.226,0.747,0.258,0.373,0.583,-0.009,0.526,0.673,0.576,0.022,0.235,-0.132,0.797,-0.461,0.423,0.459,0.475,0.726,0.396,0.193,0.667,0.344,0.863,0.54,0.492,0.79,0.646,0.222,0.153,0.148,0.464,0.358,0.128,0.756,0.476,0.238,0.082,0.558,0.479,0.245,0.233,0.601,0.715,0.701,0.59,-0.213,0.475,0.294,0.742,-0.066,0.277,-0.15,0.525,0.246,0.597,0.592,0.159,0.649,0.117,0.669,0.731,0.749,-0.204,0.352,0.304,0.43,0.838,0.585,0.505,-0.229,0.358,0.601,0.666,0.024,0.548,-0.006,0.409,0.519,0.594,0.58,0.576,0.828,0.227,0.569,0.745,0.679,-0.167,0.127,0.518,0.092,-0.033,0.561,0.092,0.522,0.69,0.388,0.001,0.474,0.228,0.781,0.494,0.322,0.372,-0.001,0.157,-0.234,0.57,0.198,0.36,0.402,0.141,-0.012
AMKR,0.8,0.727,0.944,0.277,0.556,0.609,0.422,0.872,0.508,0.804,0.821,0.506,0.786,0.894,0.474,0.0,0.323,0.872,0.414,0.791,0.95,0.928,0.379,0.946,0.721,0.378,0.714,0.545,0.823,0.61,0.732,0.765,0.519,0.689,0.78,0.107,0.841,0.822,0.688,0.609,0.948,0.451,0.773,0.726,0.026,0.222,0.72,0.793,0.709,0.584,0.898,0.782,0.643,0.733,0.946,0.862,0.48,0.833,0.77,0.241,0.732,0.845,0.18,0.84,0.244,0.828,0.353,0.931,-0.083,0.719,0.797,0.77,0.88,0.506,0.907,0.816,0.666,0.881,-0.481,0.556,0.494,0.827,-0.005,0.81,0.678,0.847,0.583,0.808,0.782,0.525,-0.376,0.882,0.828,0.587,0.449,0.768,0.306,0.792,0.677,0.726,0.453,0.301,0.941,0.615,0.153,0.121,0.899,0.728,0.668,0.36,0.27,0.611,0.52,0.544,0.818,0.895,0.747,0.509,0.872,-0.137,0.463,0.458,0.948,0.88,0.795,0.946,0.923,0.591,0.762,0.892,0.638,0.094,0.828,0.627,0.726,0.791,0.709,0.447,0.826,0.744,0.597,0.684,0.337,0.375,0.224,0.177,0.244,0.844,0.485,0.2,0.163,0.883,0.92,0.813,0.554,0.505,0.529,0.052,0.926,0.189,0.544,0.755,0.61,0.765,0.87,0.766,0.844,0.117,0.205,0.47,0.713,0.567,0.358,0.326,0.692,0.814,0.892,-0.352,0.775,0.828,0.844,0.954,0.777,0.841,0.631,-0.086,0.827,0.453,0.874,0.513,0.634,0.8,0.684,0.374,0.809,0.807,0.779,0.066,0.797,0.791
AMRX,0.66,-0.235,0.263,0.892,-0.165,0.434,0.248,0.293,0.102,0.096,0.588,0.865,0.528,0.59,0.601,0.323,0.0,0.468,0.703,0.361,0.338,0.333,0.568,0.349,0.701,0.227,-0.291,0.137,0.281,0.689,-0.125,0.577,0.527,0.705,0.21,0.86,0.649,0.58,-0.285,0.208,0.373,-0.327,0.006,0.476,0.577,0.865,-0.27,0.047,0.2,0.433,0.297,-0.152,-0.175,0.725,0.312,-0.099,0.709,0.348,0.57,0.782,-0.259,0.633,0.743,0.197,-0.473,0.565,0.833,0.319,0.602,-0.037,0.705,0.564,0.323,-0.473,0.287,0.519,0.276,0.19,0.339,0.62,0.559,-0.136,-0.006,-0.052,0.763,0.384,-0.477,0.19,-0.09,0.65,0.514,0.266,0.312,-0.414,0.445,0.652,0.675,-0.204,-0.127,-0.078,0.803,-0.513,0.146,0.685,0.03,0.782,0.156,-0.07,0.74,0.326,0.73,0.692,0.741,0.665,0.51,0.148,-0.016,0.496,0.241,0.359,-0.246,0.417,0.395,0.268,0.045,0.405,0.321,-0.219,0.018,0.506,0.606,0.746,0.518,-0.376,0.507,0.106,0.7,0.002,0.01,-0.233,0.512,-0.185,0.536,0.496,0.339,0.767,0.015,0.575,0.769,0.712,-0.498,0.362,0.279,0.296,0.839,0.652,0.585,-0.46,0.171,0.811,0.722,-0.104,0.338,0.08,0.088,0.395,0.604,0.607,0.825,0.808,-0.224,0.669,0.802,0.728,-0.168,0.254,0.443,0.438,0.038,0.424,0.101,0.431,0.511,0.449,-0.321,0.464,0.055,0.822,0.302,-0.072,0.551,-0.185,0.289,-0.512,0.533,-0.048,0.516,0.323,-0.078,-0.163
ANSS,0.779,0.572,0.847,0.437,0.525,0.774,0.649,0.942,0.496,0.617,0.833,0.663,0.924,0.901,0.568,0.872,0.468,0.0,0.646,0.847,0.879,0.892,0.504,0.856,0.77,0.43,0.574,0.571,0.782,0.646,0.593,0.699,0.501,0.823,0.777,0.332,0.829,0.751,0.562,0.659,0.92,0.27,0.568,0.607,0.145,0.409,0.569,0.583,0.703,0.659,0.842,0.514,0.458,0.83,0.895,0.691,0.687,0.876,0.805,0.36,0.562,0.889,0.426,0.874,0.259,0.96,0.613,0.881,0.063,0.664,0.848,0.695,0.722,0.344,0.878,0.922,0.606,0.751,-0.25,0.745,0.505,0.653,0.107,0.689,0.832,0.821,0.366,0.857,0.613,0.603,-0.156,0.813,0.812,0.418,0.398,0.833,0.316,0.554,0.654,0.554,0.58,0.139,0.789,0.705,0.085,0.326,0.832,0.65,0.756,0.551,0.435,0.585,0.507,0.776,0.879,0.739,0.554,0.568,0.848,-0.082,0.398,0.613,0.803,0.774,0.584,0.916,0.899,0.525,0.677,0.82,0.697,0.378,0.764,0.449,0.719,0.623,0.746,0.523,0.702,0.514,0.629,0.581,0.552,0.31,0.176,0.474,0.12,0.808,0.575,0.427,0.13,0.854,0.787,0.745,0.687,0.495,0.547,0.086,0.836,0.425,0.609,0.59,0.575,0.565,0.769,0.815,0.963,0.377,0.329,0.609,0.651,0.653,0.494,0.639,0.514,0.706,0.924,-0.138,0.681,0.91,0.665,0.863,0.8,0.774,0.433,-0.005,0.617,0.617,0.814,0.532,0.839,0.617,0.506,0.287,0.804,0.725,0.63,0.276,0.669,0.603
APPN,0.627,-0.147,0.353,0.767,-0.096,0.674,0.586,0.546,0.127,0.288,0.626,0.818,0.726,0.679,0.773,0.414,0.703,0.646,0.0,0.634,0.461,0.558,0.774,0.385,0.773,0.376,-0.127,0.467,0.416,0.646,0.063,0.549,0.457,0.779,0.414,0.8,0.643,0.551,-0.02,0.221,0.544,-0.366,-0.019,0.454,0.47,0.721,-0.107,0.02,0.202,0.435,0.395,-0.048,-0.221,0.849,0.386,0.066,0.937,0.455,0.666,0.771,-0.111,0.741,0.892,0.378,-0.114,0.679,0.821,0.388,0.558,0.003,0.778,0.576,0.304,-0.359,0.413,0.584,0.378,0.234,0.464,0.815,0.664,-0.024,0.277,0.035,0.746,0.328,-0.291,0.397,0.052,0.659,0.47,0.341,0.519,-0.188,0.398,0.804,0.582,-0.094,0.122,-0.114,0.848,-0.482,0.256,0.663,0.187,0.743,0.31,0.068,0.624,0.383,0.806,0.612,0.607,0.821,0.732,0.139,0.107,0.518,0.347,0.143,-0.063,0.688,0.377,0.26,0.005,0.539,0.426,0.113,0.166,0.478,0.741,0.816,0.506,-0.239,0.508,0.115,0.746,0.146,0.126,-0.179,0.606,0.176,0.821,0.359,0.323,0.862,-0.061,0.628,0.767,0.78,-0.332,0.36,0.382,0.436,0.881,0.667,0.611,-0.323,0.296,0.809,0.785,-0.084,0.596,0.012,0.382,0.509,0.711,0.786,0.658,0.901,0.145,0.61,0.754,0.885,-0.147,0.156,0.618,0.407,0.084,0.573,0.081,0.469,0.673,0.389,-0.121,0.459,0.071,0.852,0.44,0.281,0.589,-0.077,0.169,-0.299,0.619,0.094,0.407,0.331,0.134,-0.067
APTO,0.665,0.512,0.734,0.405,0.473,0.687,0.679,0.804,0.301,0.699,0.654,0.547,0.813,0.808,0.696,0.791,0.361,0.847,0.634,0.0,0.831,0.85,0.511,0.743,0.735,0.597,0.51,0.679,0.623,0.63,0.686,0.631,0.45,0.71,0.7,0.276,0.712,0.666,0.613,0.659,0.799,0.174,0.524,0.434,0.293,0.327,0.537,0.434,0.531,0.511,0.817,0.418,0.306,0.814,0.742,0.638,0.636,0.81,0.635,0.3,0.565,0.838,0.422,0.744,0.249,0.773,0.55,0.708,0.097,0.58,0.79,0.557,0.646,0.319,0.825,0.776,0.453,0.687,-0.138,0.796,0.507,0.557,0.352,0.586,0.711,0.616,0.299,0.815,0.584,0.56,-0.172,0.792,0.861,0.492,0.409,0.808,0.308,0.495,0.664,0.413,0.525,0.125,0.766,0.563,0.395,0.343,0.792,0.633,0.692,0.42,0.484,0.452,0.349,0.743,0.8,0.618,0.484,0.342,0.809,0.078,0.512,0.634,0.693,0.588,0.48,0.861,0.804,0.683,0.656,0.719,0.636,0.423,0.655,0.374,0.61,0.571,0.687,0.476,0.684,0.397,0.555,0.67,0.403,0.465,0.058,0.365,0.241,0.732,0.518,0.452,0.25,0.699,0.662,0.666,0.671,0.41,0.376,0.179,0.789,0.389,0.673,0.514,0.615,0.413,0.811,0.688,0.784,0.334,0.213,0.613,0.721,0.581,0.461,0.554,0.452,0.594,0.843,-0.271,0.481,0.874,0.54,0.804,0.777,0.622,0.451,0.094,0.595,0.544,0.679,0.621,0.552,0.547,0.381,0.349,0.659,0.679,0.435,0.257,0.6,0.498
ARCT,0.794,0.717,0.938,0.316,0.595,0.633,0.412,0.853,0.498,0.768,0.838,0.559,0.817,0.894,0.492,0.95,0.338,0.879,0.461,0.831,0.0,0.927,0.407,0.916,0.735,0.47,0.702,0.55,0.768,0.633,0.754,0.773,0.551,0.714,0.747,0.148,0.842,0.823,0.668,0.649,0.936,0.464,0.778,0.648,0.121,0.27,0.712,0.751,0.712,0.682,0.887,0.69,0.589,0.761,0.928,0.809,0.493,0.83,0.726,0.227,0.698,0.841,0.221,0.822,0.192,0.816,0.438,0.904,0.003,0.702,0.819,0.698,0.854,0.487,0.892,0.836,0.583,0.889,-0.437,0.573,0.492,0.795,0.029,0.824,0.71,0.821,0.556,0.842,0.781,0.537,-0.364,0.916,0.861,0.581,0.498,0.776,0.338,0.701,0.697,0.636,0.457,0.314,0.884,0.644,0.174,0.15,0.923,0.665,0.682,0.425,0.297,0.58,0.516,0.588,0.858,0.858,0.676,0.52,0.907,-0.177,0.538,0.424,0.898,0.866,0.784,0.955,0.944,0.644,0.723,0.884,0.591,0.176,0.822,0.61,0.729,0.805,0.713,0.428,0.816,0.672,0.556,0.663,0.289,0.389,0.156,0.234,0.288,0.852,0.53,0.292,0.223,0.904,0.889,0.769,0.599,0.527,0.491,0.152,0.874,0.273,0.558,0.767,0.646,0.714,0.867,0.779,0.847,0.131,0.228,0.482,0.729,0.614,0.375,0.357,0.667,0.788,0.888,-0.325,0.738,0.877,0.823,0.96,0.826,0.863,0.594,-0.065,0.792,0.491,0.842,0.467,0.636,0.765,0.645,0.412,0.814,0.818,0.689,0.114,0.721,0.779
ARWR,0.81,0.642,0.902,0.315,0.481,0.674,0.473,0.862,0.402,0.826,0.837,0.565,0.822,0.904,0.512,0.928,0.333,0.892,0.558,0.85,0.927,0.0,0.449,0.898,0.788,0.462,0.647,0.643,0.795,0.691,0.702,0.748,0.492,0.77,0.787,0.212,0.845,0.803,0.655,0.539,0.948,0.386,0.708,0.707,0.065,0.264,0.663,0.719,0.607,0.615,0.884,0.698,0.513,0.796,0.903,0.75,0.569,0.791,0.799,0.317,0.639,0.863,0.313,0.811,0.229,0.825,0.437,0.887,0.053,0.627,0.842,0.77,0.821,0.434,0.888,0.802,0.631,0.819,-0.375,0.62,0.553,0.752,0.072,0.75,0.719,0.795,0.494,0.787,0.733,0.526,-0.249,0.839,0.877,0.517,0.469,0.853,0.391,0.691,0.666,0.611,0.527,0.235,0.85,0.671,0.216,0.223,0.883,0.655,0.672,0.316,0.362,0.638,0.538,0.626,0.883,0.822,0.713,0.574,0.825,-0.156,0.478,0.459,0.868,0.811,0.708,0.949,0.891,0.618,0.715,0.824,0.634,0.231,0.788,0.551,0.721,0.72,0.74,0.45,0.741,0.643,0.677,0.717,0.419,0.366,0.185,0.306,0.264,0.82,0.576,0.328,0.136,0.826,0.89,0.78,0.612,0.56,0.57,0.059,0.877,0.324,0.621,0.665,0.696,0.661,0.903,0.736,0.841,0.266,0.262,0.559,0.718,0.567,0.4,0.44,0.633,0.713,0.917,-0.265,0.73,0.849,0.788,0.899,0.825,0.797,0.618,0.061,0.758,0.517,0.821,0.505,0.63,0.722,0.649,0.352,0.828,0.76,0.715,0.016,0.772,0.701
ASND,0.609,-0.19,0.252,0.713,-0.212,0.593,0.477,0.404,0.088,0.286,0.546,0.733,0.663,0.598,0.846,0.379,0.568,0.504,0.774,0.511,0.407,0.449,0.0,0.296,0.724,0.441,-0.178,0.377,0.136,0.687,0.209,0.569,0.623,0.677,0.101,0.731,0.637,0.581,-0.129,0.196,0.446,-0.378,0.062,0.359,0.552,0.727,-0.179,-0.014,0.055,0.464,0.444,-0.072,-0.273,0.758,0.332,0.102,0.803,0.505,0.49,0.749,-0.11,0.696,0.83,0.278,-0.312,0.486,0.756,0.242,0.61,-0.025,0.693,0.498,0.299,-0.433,0.409,0.412,0.102,0.332,0.466,0.766,0.754,-0.106,0.252,-0.038,0.529,0.124,-0.219,0.316,0.131,0.738,0.403,0.278,0.505,-0.151,0.639,0.616,0.674,-0.096,0.11,-0.239,0.787,-0.537,0.289,0.489,0.49,0.755,0.324,-0.039,0.639,0.227,0.851,0.591,0.583,0.747,0.657,0.169,0.145,0.216,0.32,0.257,0.034,0.702,0.391,0.16,0.065,0.5,0.395,0.13,0.045,0.528,0.61,0.75,0.569,-0.309,0.448,0.266,0.758,-0.233,0.112,-0.234,0.487,0.074,0.64,0.515,0.181,0.762,0.185,0.661,0.793,0.826,-0.324,0.289,0.303,0.319,0.835,0.712,0.631,-0.294,0.222,0.661,0.607,-0.031,0.675,-0.051,0.311,0.422,0.54,0.665,0.685,0.81,0.084,0.53,0.714,0.634,-0.229,-0.005,0.486,0.265,-0.103,0.449,0.069,0.429,0.623,0.371,-0.049,0.619,0.198,0.795,0.393,0.045,0.364,-0.117,0.195,-0.364,0.567,0.081,0.352,0.295,0.069,-0.101
ASTH,0.789,0.73,0.935,0.231,0.528,0.598,0.334,0.83,0.433,0.763,0.8,0.484,0.778,0.882,0.413,0.946,0.349,0.856,0.385,0.743,0.916,0.898,0.296,0.0,0.682,0.374,0.719,0.533,0.821,0.617,0.7,0.679,0.44,0.683,0.772,0.087,0.816,0.75,0.667,0.611,0.921,0.458,0.732,0.721,-0.018,0.201,0.725,0.779,0.68,0.546,0.877,0.756,0.633,0.707,0.936,0.816,0.446,0.796,0.815,0.215,0.712,0.805,0.157,0.826,0.183,0.832,0.36,0.919,-0.102,0.714,0.777,0.742,0.831,0.504,0.88,0.786,0.634,0.836,-0.504,0.515,0.436,0.805,-0.032,0.823,0.687,0.868,0.581,0.78,0.777,0.477,-0.359,0.827,0.775,0.559,0.395,0.744,0.293,0.765,0.687,0.751,0.42,0.312,0.895,0.57,0.065,0.131,0.886,0.75,0.651,0.303,0.224,0.63,0.51,0.54,0.775,0.859,0.723,0.496,0.863,-0.161,0.48,0.366,0.934,0.87,0.735,0.925,0.907,0.523,0.755,0.854,0.565,0.079,0.779,0.63,0.719,0.731,0.639,0.458,0.757,0.736,0.554,0.662,0.32,0.275,0.129,0.176,0.166,0.775,0.484,0.173,0.166,0.864,0.877,0.764,0.506,0.436,0.5,0.043,0.885,0.165,0.518,0.71,0.478,0.714,0.85,0.724,0.825,0.135,0.175,0.443,0.702,0.475,0.297,0.318,0.7,0.792,0.859,-0.362,0.776,0.844,0.823,0.892,0.721,0.802,0.626,-0.109,0.774,0.436,0.88,0.506,0.624,0.788,0.626,0.366,0.771,0.809,0.727,-0.016,0.804,0.772
ATSG,0.898,0.191,0.624,0.707,0.065,0.727,0.432,0.627,0.298,0.594,0.825,0.826,0.842,0.883,0.762,0.721,0.701,0.77,0.773,0.735,0.735,0.788,0.724,0.682,0.0,0.539,0.19,0.509,0.524,0.881,0.429,0.784,0.71,0.871,0.49,0.658,0.899,0.838,0.178,0.415,0.776,0.031,0.418,0.673,0.313,0.686,0.169,0.38,0.402,0.605,0.712,0.302,0.123,0.911,0.677,0.365,0.769,0.685,0.762,0.731,0.196,0.908,0.691,0.554,-0.207,0.749,0.777,0.626,0.483,0.269,0.906,0.778,0.65,-0.094,0.671,0.707,0.405,0.623,0.081,0.757,0.777,0.309,0.036,0.339,0.851,0.555,0.002,0.548,0.386,0.78,0.203,0.586,0.749,0.058,0.698,0.904,0.689,0.262,0.361,0.183,0.857,-0.261,0.585,0.721,0.284,0.632,0.654,0.283,0.848,0.356,0.794,0.804,0.757,0.82,0.843,0.557,0.465,0.515,0.575,0.087,0.221,0.532,0.703,0.569,0.42,0.812,0.72,0.254,0.395,0.773,0.697,0.595,0.764,0.033,0.708,0.496,0.918,0.11,0.382,0.201,0.747,0.39,0.553,0.491,0.206,0.631,0.235,0.874,0.868,0.718,-0.318,0.637,0.649,0.539,0.879,0.769,0.793,-0.281,0.568,0.663,0.759,0.288,0.73,0.313,0.58,0.575,0.794,0.577,0.698,0.845,0.287,0.685,0.677,0.646,0.178,0.418,0.776,0.077,0.346,0.734,0.471,0.749,0.861,0.709,0.224,0.468,0.459,0.818,0.651,0.186,0.596,0.285,0.562,-0.138,0.783,0.393,0.679,0.226,0.387,0.256
AVTX,0.322,0.217,0.256,0.187,0.149,0.535,0.372,0.233,-0.178,0.525,0.327,0.276,0.576,0.467,0.474,0.378,0.227,0.43,0.376,0.597,0.47,0.462,0.441,0.374,0.539,0.0,0.223,0.684,0.039,0.566,0.613,0.192,0.287,0.472,0.227,0.236,0.327,0.3,0.22,0.458,0.362,0.185,0.265,0.094,0.178,0.232,0.217,0.053,0.103,0.425,0.415,0.002,-0.104,0.493,0.296,0.274,0.297,0.481,0.271,0.255,0.244,0.512,0.388,0.265,-0.204,0.318,0.475,0.186,0.418,0.192,0.425,0.157,0.153,0.054,0.385,0.308,-0.189,0.344,0.025,0.487,0.412,0.159,0.339,0.164,0.461,0.126,0.092,0.314,0.219,0.288,0.106,0.374,0.619,0.291,0.507,0.506,0.427,0.096,0.488,0.058,0.249,-0.047,0.416,0.181,0.568,0.365,0.554,0.24,0.497,-0.029,0.454,0.284,0.156,0.595,0.402,0.237,0.248,-0.022,0.4,0.151,0.496,0.276,0.255,0.093,0.148,0.534,0.452,0.482,0.254,0.293,0.074,0.477,0.201,0.032,0.245,0.241,0.392,0.119,0.162,0.08,0.28,0.37,0.019,0.167,-0.376,0.28,0.309,0.47,0.443,0.488,0.1,0.294,0.262,-0.004,0.443,0.188,0.27,0.064,0.333,0.275,0.511,0.19,0.416,-0.131,0.488,0.083,0.321,0.441,0.129,0.41,0.402,0.152,0.072,0.263,0.176,0.115,0.433,-0.261,0.043,0.628,0.146,0.404,0.424,0.241,0.345,0.397,0.247,0.283,0.212,0.136,0.04,0.192,0.122,0.124,0.179,0.363,-0.01,0.062,0.211,0.07
BCPC,0.283,0.981,0.753,-0.373,0.81,0.312,0.267,0.663,0.448,0.642,0.363,-0.106,0.415,0.445,-0.064,0.714,-0.291,0.574,-0.127,0.51,0.702,0.647,-0.178,0.719,0.19,0.223,0.0,0.403,0.615,0.118,0.814,0.271,0.068,0.176,0.65,-0.533,0.342,0.339,0.915,0.644,0.646,0.776,0.788,0.279,-0.37,-0.4,0.966,0.752,0.658,0.357,0.684,0.805,0.848,0.164,0.742,0.884,-0.115,0.63,0.33,-0.433,0.955,0.342,-0.421,0.765,0.589,0.468,-0.185,0.734,-0.568,0.863,0.249,0.257,0.599,0.923,0.704,0.52,0.418,0.733,-0.802,0.093,-0.026,0.941,0.027,0.9,0.223,0.66,0.9,0.735,0.817,0.02,-0.781,0.711,0.602,0.907,0.051,0.276,-0.26,0.914,0.843,0.86,-0.212,0.784,0.805,0.157,-0.02,-0.479,0.802,0.854,0.219,0.238,-0.319,0.035,-0.088,0.104,0.393,0.805,0.712,0.183,0.742,-0.337,0.725,0.082,0.614,0.697,0.752,0.648,0.726,0.757,0.795,0.497,0.106,-0.435,0.395,0.938,0.351,0.694,0.113,0.577,0.822,0.929,0.199,0.791,-0.155,-0.025,-0.172,-0.378,0.229,0.371,-0.119,-0.32,0.626,0.699,0.639,0.535,-0.091,-0.112,0.012,0.52,0.8,-0.405,-0.023,0.882,0.206,0.691,0.748,0.473,0.443,-0.342,-0.413,-0.191,0.88,0.082,-0.264,-0.158,0.862,0.717,0.558,-0.716,0.802,0.596,0.793,0.625,0.353,0.534,0.858,-0.501,0.743,-0.181,0.614,0.558,0.357,0.97,0.429,0.827,0.365,0.918,0.31,-0.089,0.838,0.92
BEAM,0.364,0.36,0.398,0.055,0.25,0.587,0.564,0.477,0.003,0.79,0.456,0.206,0.587,0.555,0.405,0.545,0.137,0.571,0.467,0.679,0.55,0.643,0.377,0.533,0.509,0.684,0.403,0.0,0.428,0.563,0.608,0.21,0.076,0.547,0.605,0.101,0.386,0.279,0.449,0.331,0.559,0.276,0.351,0.368,-0.041,0.062,0.447,0.307,0.269,0.386,0.482,0.329,0.074,0.519,0.421,0.458,0.391,0.513,0.474,0.207,0.404,0.565,0.336,0.425,0.127,0.476,0.269,0.396,0.221,0.256,0.449,0.371,0.257,0.287,0.533,0.358,0.276,0.33,-0.16,0.513,0.449,0.392,0.442,0.299,0.45,0.322,0.297,0.375,0.334,0.128,0.081,0.45,0.711,0.438,0.242,0.635,0.346,0.36,0.582,0.376,0.249,0.074,0.563,0.318,0.543,0.302,0.57,0.46,0.397,-0.026,0.317,0.353,0.158,0.523,0.5,0.341,0.597,0.229,0.395,0.06,0.527,0.372,0.359,0.233,0.246,0.636,0.48,0.644,0.431,0.292,0.364,0.323,0.195,0.256,0.323,0.278,0.353,0.396,0.296,0.344,0.561,0.548,0.303,0.111,-0.094,0.231,0.257,0.418,0.385,0.249,0.133,0.328,0.505,0.296,0.398,0.219,0.323,-0.007,0.509,0.229,0.656,0.266,0.559,0.143,0.781,0.189,0.435,0.515,-0.055,0.446,0.61,0.092,0.066,0.307,0.46,0.302,0.637,-0.187,0.366,0.641,0.304,0.472,0.44,0.203,0.6,0.32,0.382,0.209,0.358,0.453,0.173,0.398,0.224,0.267,0.296,0.481,0.208,0.009,0.6,0.261
BILI,0.663,0.619,0.857,0.186,0.512,0.464,0.348,0.831,0.468,0.634,0.752,0.439,0.599,0.737,0.26,0.823,0.281,0.782,0.416,0.623,0.768,0.795,0.136,0.821,0.524,0.039,0.615,0.428,0.0,0.405,0.386,0.634,0.257,0.594,0.933,0.074,0.692,0.638,0.627,0.353,0.845,0.39,0.573,0.755,-0.153,0.106,0.641,0.743,0.693,0.412,0.643,0.774,0.612,0.604,0.818,0.675,0.476,0.555,0.79,0.192,0.574,0.66,0.121,0.76,0.426,0.804,0.221,0.888,-0.202,0.569,0.678,0.754,0.75,0.487,0.717,0.74,0.928,0.621,-0.49,0.393,0.307,0.77,-0.134,0.738,0.619,0.887,0.495,0.658,0.618,0.261,-0.249,0.718,0.576,0.423,0.135,0.691,0.118,0.688,0.447,0.732,0.396,0.308,0.721,0.657,-0.155,0.038,0.638,0.633,0.387,0.333,0.085,0.548,0.472,0.356,0.72,0.724,0.617,0.714,0.662,-0.339,0.217,0.285,0.782,0.852,0.661,0.756,0.711,0.393,0.692,0.677,0.725,-0.015,0.647,0.611,0.643,0.534,0.518,0.644,0.685,0.695,0.628,0.575,0.491,0.12,0.455,0.196,-0.017,0.604,0.329,-0.011,0.089,0.752,0.86,0.824,0.399,0.416,0.469,-0.034,0.793,0.22,0.481,0.596,0.428,0.78,0.747,0.744,0.787,0.12,0.114,0.39,0.58,0.495,0.331,0.385,0.68,0.807,0.8,-0.096,0.875,0.631,0.746,0.763,0.62,0.69,0.463,-0.247,0.589,0.355,0.77,0.611,0.701,0.688,0.586,0.325,0.758,0.644,0.767,-0.042,0.741,0.731
BJRI,0.828,0.118,0.515,0.618,-0.031,0.654,0.325,0.464,0.091,0.597,0.754,0.762,0.725,0.794,0.688,0.61,0.689,0.646,0.646,0.63,0.633,0.691,0.687,0.617,0.881,0.566,0.118,0.563,0.405,0.0,0.391,0.664,0.603,0.816,0.385,0.625,0.834,0.723,0.067,0.301,0.655,0.057,0.406,0.635,0.322,0.66,0.12,0.342,0.292,0.549,0.63,0.231,-0.019,0.829,0.567,0.27,0.655,0.594,0.694,0.687,0.112,0.804,0.66,0.412,-0.368,0.636,0.716,0.511,0.555,0.158,0.815,0.71,0.544,-0.136,0.603,0.534,0.311,0.521,0.028,0.662,0.785,0.22,0.052,0.259,0.732,0.464,-0.028,0.388,0.359,0.611,0.304,0.48,0.674,-0.01,0.665,0.808,0.752,0.178,0.269,0.176,0.754,-0.274,0.49,0.644,0.371,0.719,0.56,0.203,0.79,0.129,0.745,0.823,0.734,0.743,0.735,0.474,0.467,0.469,0.466,0.163,0.277,0.398,0.623,0.445,0.359,0.736,0.588,0.254,0.243,0.678,0.588,0.582,0.65,-0.038,0.659,0.448,0.789,0.025,0.243,0.133,0.732,0.274,0.427,0.508,0.076,0.593,0.312,0.743,0.894,0.679,-0.318,0.51,0.565,0.419,0.798,0.719,0.749,-0.303,0.448,0.629,0.768,0.226,0.668,0.225,0.554,0.438,0.646,0.632,0.652,0.8,0.208,0.526,0.61,0.549,0.211,0.326,0.674,0.097,0.291,0.64,0.423,0.635,0.757,0.584,0.255,0.579,0.43,0.727,0.541,0.039,0.437,0.202,0.524,-0.185,0.685,0.344,0.6,0.095,0.334,0.163
BLUE,0.411,0.814,0.676,-0.147,0.619,0.446,0.377,0.599,0.29,0.772,0.408,0.057,0.574,0.562,0.285,0.732,-0.125,0.593,0.063,0.686,0.754,0.702,0.209,0.7,0.429,0.613,0.814,0.608,0.386,0.391,0.0,0.365,0.287,0.348,0.468,-0.278,0.459,0.456,0.786,0.697,0.651,0.599,0.753,0.243,-0.061,-0.159,0.8,0.592,0.473,0.478,0.801,0.62,0.578,0.375,0.707,0.829,0.063,0.765,0.331,-0.175,0.85,0.527,-0.125,0.682,0.282,0.436,0.056,0.611,-0.216,0.739,0.408,0.275,0.579,0.679,0.764,0.497,0.148,0.793,-0.548,0.362,0.266,0.756,0.233,0.731,0.303,0.474,0.729,0.712,0.774,0.25,-0.585,0.707,0.796,0.844,0.398,0.42,0.059,0.757,0.867,0.595,0.006,0.523,0.847,0.168,0.438,-0.145,0.885,0.737,0.463,0.137,0.048,0.167,0.035,0.346,0.499,0.756,0.702,0.01,0.768,-0.065,0.818,0.299,0.635,0.545,0.663,0.749,0.775,0.826,0.696,0.586,0.133,-0.093,0.487,0.68,0.401,0.724,0.348,0.315,0.736,0.703,0.265,0.788,-0.12,0.254,-0.339,-0.186,0.456,0.549,0.159,0.049,0.525,0.639,0.598,0.45,0.187,0.078,0.153,0.427,0.77,-0.2,0.206,0.771,0.46,0.462,0.805,0.411,0.439,-0.121,-0.202,0.074,0.852,0.158,-0.08,-0.057,0.673,0.531,0.618,-0.733,0.526,0.711,0.679,0.672,0.489,0.527,0.847,-0.082,0.782,0.039,0.582,0.433,0.206,0.813,0.406,0.643,0.389,0.853,0.258,0.001,0.731,0.721
BPOP,0.854,0.329,0.758,0.663,0.277,0.485,0.272,0.684,0.424,0.492,0.824,0.774,0.651,0.804,0.577,0.765,0.577,0.699,0.549,0.631,0.773,0.748,0.569,0.679,0.784,0.192,0.271,0.21,0.634,0.664,0.365,0.0,0.804,0.742,0.511,0.495,0.899,0.96,0.279,0.35,0.782,0.165,0.61,0.682,0.37,0.584,0.292,0.601,0.556,0.62,0.722,0.492,0.384,0.78,0.763,0.47,0.64,0.598,0.693,0.526,0.308,0.806,0.438,0.615,-0.007,0.691,0.566,0.744,0.27,0.395,0.867,0.797,0.862,0.074,0.676,0.768,0.592,0.757,-0.145,0.565,0.566,0.487,-0.174,0.536,0.703,0.695,0.16,0.596,0.501,0.701,-0.083,0.742,0.659,0.139,0.626,0.757,0.488,0.411,0.243,0.326,0.713,-0.016,0.625,0.808,0.145,0.374,0.626,0.264,0.683,0.371,0.501,0.705,0.751,0.517,0.84,0.711,0.406,0.648,0.658,-0.055,0.101,0.417,0.815,0.776,0.703,0.764,0.753,0.269,0.41,0.879,0.698,0.365,0.924,0.246,0.77,0.714,0.856,0.163,0.629,0.35,0.62,0.31,0.462,0.631,0.526,0.473,0.343,0.852,0.675,0.462,-0.125,0.772,0.781,0.731,0.747,0.81,0.646,-0.075,0.649,0.551,0.552,0.537,0.728,0.67,0.544,0.765,0.767,0.183,0.62,0.653,0.285,0.871,0.711,0.491,0.347,0.648,0.75,0.053,0.518,0.585,0.699,0.849,0.778,0.902,0.195,0.188,0.671,0.693,0.676,0.181,0.634,0.409,0.761,-0.011,0.888,0.444,0.824,0.138,0.382,0.503
