,AAL,AAON,ACB,ACGL,ACGLO,ACIW,ADBE,ADSK,AEP,AGIO,ALEC,ALNY,ALTR,AMBA,AMCX,AMKR,AMRX,ANSS,APPN,APTO,ARCT,ARWR,ASND,ASTH,ATSG,AVTX,BCPC,BEAM,BILI,BJRI,BLUE,BPOP,BRKL,BWIN,BZUN,CARG,CBRL,CBSH,CBUS,CENTA,CERS,CFFN,CHCO,CHEF,CHRD,CINF,CLLS,CMCO,CMCSA,COLL,COMM,COOP,CPB,CRON,CROX,CRUS,CRWD,CTAS,CYBR,CYTK,DGII,DIOD,DOMO,DPZ,DSGR,DXCM,ERIE,ESTA,EXEL,FAST,FCEL,FCFS,FHB,FITBI,FSV,FTDR,FUTU,GLDD,GLPG,GLPI,GOGO,GOSS,GSAT,GYRE,HALO,HAS,HLIT,HLNE,HSDT,HSIC,HTHT,ICHR,IDYA,IMVT,INDB,INSM,IONS,IOSP,ITRI,JBHT,JBLU,JSM,KLIC,KOD,KURA,LAB,LASR,LIN,LKQ,LNT,MBUU,MCRI,MDGL,MEDP,MGNI,MGPI,MGRC,MKTX,MRNA,MRTN,MSEX,MSFT,MU,NAVI,NBTB,NEO,NEOG,NGNE,NSSC,NTAP,NTES,NTLA,NTRS,NYMTN,OBLG,OCFC,ON,ONC,OPI,OSIS,OSW,PALI,PANW,PCAR,PCRX,PCTY,PEBO,PLAB,PLAY,PLMR,PLSE,PLUS,PRTA,PSEC,PSNL,PTCT,PTON,QNST,QRVO,QTTB,RARE,RBCAA,RGNX,SAIC,SGMO,SINT,SNPS,SPSC,SPTN,SSYS,STNE,TBBK,TCPC,TENB,TGTX,TREE,TRUP,TTWO,TW,TXG,UBSI,UCTT,UFPT,UMBF,UPBD,URBN,VBTX,VCTR,VEON,VNET,VRSK,VSEC,WABC,WTFCM,WVE,WW,WWD,XEL,ZD,ZYME
AAL,0.0,0.267,-0.533,0.267,-0.486,0.078,-0.547,-0.362,-0.152,-0.745,-0.652,0.308,-0.521,-0.356,-0.344,-0.069,-0.654,-0.558,-0.449,-0.734,-0.671,-0.651,-0.433,-0.501,0.534,-0.549,-0.508,-0.584,-0.712,0.904,-0.64,0.087,-0.293,-0.488,-0.643,-0.633,0.907,0.567,-0.538,0.622,-0.63,-0.26,0.72,0.857,-0.147,0.389,-0.629,-0.111,-0.395,-0.82,-0.34,0.596,0.662,-0.538,0.059,-0.142,-0.104,-0.568,-0.059,-0.713,-0.408,-0.119,-0.605,-0.297,0.584,-0.572,-0.549,0.91,-0.043,-0.457,-0.641,0.581,-0.345,0.246,-0.556,0.514,-0.621,-0.083,-0.623,0.543,0.349,-0.727,-0.467,-0.624,0.61,0.717,-0.012,-0.221,-0.489,-0.008,-0.415,-0.299,-0.539,-0.419,0.073,-0.055,0.618,0.51,-0.494,-0.118,0.152,-0.567,-0.32,-0.575,-0.502,-0.813,-0.553,0.077,0.872,-0.181,-0.08,-0.347,-0.622,-0.542,-0.386,0.081,0.861,-0.329,-0.445,0.21,-0.708,-0.489,-0.284,0.279,-0.017,-0.709,-0.708,-0.658,-0.373,-0.262,-0.674,-0.589,-0.526,-0.093,-0.622,0.088,-0.114,-0.729,0.017,-0.264,0.242,-0.436,-0.187,0.398,-0.498,-0.525,-0.015,0.033,0.658,-0.706,-0.214,0.748,-0.5,0.197,-0.666,-0.159,-0.482,-0.703,-0.193,-0.579,-0.254,0.128,-0.533,-0.478,-0.7,-0.598,-0.595,-0.002,0.526,-0.404,-0.546,-0.284,-0.039,0.326,-0.679,-0.607,-0.606,-0.477,-0.778,-0.707,0.272,-0.246,0.74,-0.001,0.299,0.212,-0.104,0.275,-0.202,-0.42,-0.529,-0.142,0.133,-0.336,-0.694,0.083,-0.044,0.219,-0.089,-0.735
AAON,0.267,0.0,0.37,0.06,0.476,0.706,0.407,0.496,-0.516,0.116,0.387,0.443,0.432,0.536,0.403,0.683,-0.237,0.457,0.456,0.045,0.069,-0.07,0.396,0.466,0.511,0.318,0.377,0.43,0.202,0.346,0.248,0.363,0.618,0.529,0.298,0.029,0.246,0.584,0.383,-0.108,0.391,0.625,0.677,0.276,-0.189,-0.03,0.333,0.691,-0.158,0.057,0.604,0.668,-0.275,0.438,0.452,0.711,-0.171,0.316,-0.107,-0.451,0.425,0.689,0.141,0.46,0.738,0.201,-0.517,0.166,-0.218,0.512,0.202,-0.407,0.295,0.601,0.414,-0.556,0.146,0.353,-0.303,0.556,-0.548,-0.269,0.431,0.459,-0.137,0.187,0.763,0.561,0.472,-0.472,0.215,0.587,0.407,0.459,0.658,-0.481,-0.327,0.379,0.419,0.535,0.786,0.468,0.48,0.39,0.064,0.029,0.403,0.438,0.067,-0.368,0.562,-0.052,0.451,0.253,0.583,-0.573,0.342,0.647,0.286,0.728,0.359,0.527,0.534,0.396,0.573,-0.258,0.162,0.347,0.505,0.639,-0.151,0.378,0.269,0.486,0.372,0.676,0.578,0.224,0.646,0.628,-0.177,0.575,-0.155,0.637,0.138,0.268,0.696,0.558,0.565,0.206,0.464,0.384,0.298,0.239,0.308,-0.584,0.315,0.036,0.551,0.441,-0.624,0.518,0.458,0.535,0.267,-0.137,0.414,0.727,-0.321,0.54,0.38,0.57,0.163,-0.292,0.278,0.3,0.271,0.526,0.02,0.222,0.574,0.637,-0.361,0.643,0.147,-0.217,0.674,0.732,0.676,0.003,-0.026,0.704,0.799,0.377,-0.259,0.121,0.66,-0.539,0.377,0.143
ACB,-0.533,0.37,0.0,0.054,0.925,0.658,0.91,0.923,-0.362,0.873,0.942,0.207,0.97,0.938,0.927,0.756,0.531,0.925,0.972,0.608,0.842,0.655,0.892,0.941,0.244,0.758,0.905,0.96,0.885,-0.35,0.937,0.506,0.887,0.902,0.924,0.893,-0.465,0.088,0.941,-0.395,0.937,0.883,0.002,-0.651,0.378,-0.243,0.879,0.82,0.548,0.771,0.904,0.235,-0.925,0.985,0.623,0.812,0.474,0.752,0.409,0.25,0.945,0.776,0.855,0.772,-0.086,0.844,0.222,-0.697,-0.068,0.762,0.957,-0.601,0.745,0.13,0.912,-0.759,0.822,0.465,0.133,0.096,-0.404,0.311,0.976,0.796,-0.87,-0.618,0.738,0.888,0.828,-0.128,0.837,0.895,0.752,0.944,0.688,-0.047,-0.894,0.123,0.932,0.695,0.69,0.862,0.873,0.96,0.763,0.811,0.963,0.508,-0.665,-0.293,0.789,0.654,0.93,0.789,0.897,-0.627,-0.406,0.881,0.917,0.432,0.881,0.916,0.879,0.358,0.637,0.435,0.85,0.777,0.937,0.839,0.645,0.969,0.879,0.763,0.833,0.662,0.796,0.859,0.751,0.879,-0.026,0.929,0.524,0.228,0.285,0.869,0.662,0.727,0.122,0.764,0.69,-0.336,0.822,0.217,0.942,-0.186,0.958,0.813,0.837,0.961,-0.188,0.606,0.847,0.765,0.916,0.653,0.915,0.78,-0.6,0.954,0.938,0.889,0.528,-0.068,0.849,0.96,0.94,0.952,0.808,0.908,0.466,0.854,-0.753,0.684,0.165,0.106,0.805,0.482,0.773,0.761,0.274,0.819,0.394,0.387,0.366,0.535,0.77,-0.744,0.766,0.842
ACGL,0.267,0.06,0.054,0.0,0.085,0.256,0.13,0.243,0.154,-0.051,-0.016,0.491,0.068,0.179,0.303,0.185,0.274,0.026,0.019,-0.221,-0.077,-0.02,-0.008,0.08,0.425,-0.132,0.237,-0.089,-0.114,0.222,-0.057,0.672,0.186,-0.156,-0.105,0.056,0.314,0.561,0.098,0.296,-0.08,0.224,0.283,-0.053,0.679,0.872,0.001,0.194,0.478,-0.004,0.029,0.405,0.116,0.06,0.603,0.176,0.389,0.211,0.436,-0.099,0.167,0.115,-0.115,0.423,0.013,0.31,0.202,0.08,0.048,-0.133,0.062,0.452,0.527,-0.072,0.186,0.126,-0.151,0.457,-0.157,0.673,0.328,-0.101,0.038,-0.296,-0.14,0.023,0.181,0.222,-0.133,0.542,0.113,0.141,-0.326,0.032,0.359,0.299,0.158,0.32,0.196,0.187,0.272,0.156,0.311,0.062,0.17,0.047,0.137,0.696,0.354,0.307,0.292,0.443,-0.081,0.278,0.119,0.19,0.565,0.03,0.113,0.106,-0.032,0.051,0.242,0.347,0.406,0.095,0.112,-0.18,0.199,0.118,-0.037,-0.03,0.341,0.201,0.01,0.401,0.259,-0.106,0.472,0.29,0.695,0.03,0.489,0.426,-0.205,0.045,0.274,0.264,0.341,-0.063,0.291,0.279,0.082,0.788,-0.011,0.028,0.154,0.126,0.252,-0.014,-0.021,0.486,-0.061,0.231,-0.063,0.265,0.053,0.247,0.424,0.072,0.087,0.265,0.629,0.418,-0.186,0.062,0.02,0.046,0.09,0.022,0.501,0.136,0.241,0.435,0.668,0.73,0.275,0.389,-0.107,0.197,0.074,0.125,-0.191,0.056,-0.296,0.246,0.403,0.196,0.447,-0.152
ACGLO,-0.486,0.476,0.925,0.085,0.0,0.643,0.93,0.916,-0.31,0.819,0.934,0.251,0.945,0.95,0.861,0.746,0.445,0.93,0.915,0.679,0.778,0.639,0.893,0.964,0.245,0.831,0.878,0.938,0.84,-0.322,0.891,0.433,0.891,0.893,0.898,0.804,-0.46,0.131,0.896,-0.46,0.935,0.883,0.073,-0.556,0.348,-0.191,0.92,0.834,0.441,0.741,0.892,0.292,-0.904,0.952,0.56,0.835,0.373,0.784,0.305,0.184,0.946,0.793,0.813,0.772,0.083,0.855,0.1,-0.627,0.063,0.803,0.885,-0.639,0.685,0.383,0.917,-0.812,0.742,0.466,0.16,0.176,-0.562,0.256,0.943,0.836,-0.784,-0.573,0.787,0.891,0.832,-0.234,0.84,0.893,0.751,0.935,0.665,-0.052,-0.834,0.151,0.932,0.654,0.729,0.907,0.851,0.939,0.765,0.758,0.938,0.524,-0.639,-0.267,0.726,0.619,0.939,0.791,0.897,-0.586,-0.331,0.896,0.847,0.445,0.887,0.95,0.842,0.348,0.649,0.354,0.767,0.845,0.935,0.838,0.585,0.952,0.815,0.793,0.776,0.656,0.769,0.846,0.797,0.895,-0.16,0.915,0.467,0.243,0.429,0.837,0.683,0.655,0.16,0.817,0.609,-0.304,0.824,0.271,0.93,-0.239,0.862,0.769,0.787,0.954,-0.227,0.59,0.911,0.833,0.894,0.531,0.941,0.824,-0.621,0.942,0.912,0.858,0.521,-0.182,0.799,0.928,0.888,0.932,0.766,0.894,0.46,0.88,-0.754,0.681,0.036,-0.016,0.806,0.543,0.817,0.55,0.324,0.855,0.391,0.57,0.338,0.444,0.799,-0.728,0.703,0.811
ACIW,0.078,0.706,0.658,0.256,0.643,0.0,0.58,0.765,-0.76,0.269,0.582,0.396,0.68,0.773,0.749,0.961,0.027,0.625,0.692,-0.034,0.23,-0.023,0.522,0.693,0.799,0.277,0.578,0.615,0.365,0.292,0.453,0.767,0.853,0.701,0.428,0.367,0.256,0.667,0.732,-0.103,0.574,0.861,0.65,-0.002,0.055,-0.027,0.393,0.904,0.079,0.213,0.836,0.785,-0.564,0.677,0.814,0.926,0.156,0.389,0.122,-0.472,0.676,0.941,0.284,0.692,0.434,0.374,-0.401,-0.033,-0.51,0.45,0.509,-0.358,0.612,0.308,0.582,-0.631,0.337,0.472,-0.508,0.398,-0.451,-0.27,0.683,0.491,-0.592,-0.038,0.874,0.806,0.546,-0.363,0.377,0.877,0.342,0.734,0.949,-0.506,-0.653,0.431,0.612,0.934,0.92,0.612,0.822,0.591,0.297,0.238,0.669,0.585,0.026,-0.592,0.946,0.317,0.605,0.337,0.737,-0.83,0.214,0.844,0.637,0.915,0.452,0.673,0.853,0.691,0.808,-0.077,0.361,0.323,0.726,0.881,0.047,0.605,0.642,0.732,0.538,0.952,0.95,0.33,0.813,0.83,0.114,0.766,0.197,0.825,-0.063,0.442,0.824,0.946,0.644,0.212,0.764,0.336,0.336,0.191,0.485,-0.719,0.692,0.194,0.915,0.662,-0.779,0.774,0.436,0.579,0.418,0.101,0.592,0.825,-0.229,0.787,0.656,0.875,0.313,-0.17,0.354,0.533,0.523,0.735,0.231,0.393,0.87,0.888,-0.453,0.863,0.537,0.252,0.913,0.853,0.765,0.431,-0.168,0.888,0.715,0.289,-0.317,0.316,0.893,-0.799,0.698,0.27
ADBE,-0.547,0.407,0.91,0.13,0.93,0.58,0.0,0.952,-0.206,0.87,0.946,0.219,0.954,0.932,0.889,0.72,0.579,0.971,0.917,0.723,0.793,0.728,0.861,0.955,0.139,0.815,0.94,0.934,0.889,-0.408,0.912,0.507,0.891,0.88,0.916,0.812,-0.515,0.126,0.873,-0.372,0.945,0.864,-0.007,-0.621,0.421,-0.125,0.936,0.815,0.59,0.794,0.864,0.207,-0.863,0.939,0.629,0.807,0.394,0.888,0.404,0.338,0.94,0.753,0.855,0.846,-0.045,0.911,0.239,-0.676,0.059,0.807,0.936,-0.567,0.803,0.257,0.974,-0.77,0.829,0.621,0.288,0.158,-0.532,0.355,0.921,0.803,-0.767,-0.514,0.751,0.875,0.784,-0.135,0.842,0.869,0.782,0.907,0.645,0.028,-0.791,0.179,0.972,0.592,0.65,0.931,0.87,0.954,0.835,0.843,0.945,0.603,-0.626,-0.127,0.699,0.694,0.925,0.884,0.938,-0.445,-0.325,0.852,0.8,0.384,0.894,0.97,0.859,0.338,0.694,0.499,0.851,0.87,0.951,0.832,0.634,0.941,0.871,0.724,0.832,0.633,0.738,0.907,0.755,0.87,-0.023,0.879,0.536,0.202,0.472,0.93,0.703,0.602,0.043,0.859,0.607,-0.333,0.872,0.373,0.955,-0.116,0.896,0.855,0.792,0.946,-0.144,0.609,0.912,0.86,0.929,0.602,0.975,0.791,-0.549,0.917,0.964,0.864,0.526,-0.118,0.842,0.954,0.946,0.938,0.857,0.932,0.447,0.849,-0.773,0.721,0.119,0.075,0.794,0.537,0.739,0.61,0.499,0.768,0.375,0.551,0.463,0.478,0.789,-0.618,0.77,0.848
ADSK,-0.362,0.496,0.923,0.243,0.916,0.765,0.952,0.0,-0.382,0.763,0.902,0.309,0.957,0.971,0.951,0.86,0.476,0.941,0.935,0.526,0.694,0.574,0.841,0.951,0.391,0.696,0.92,0.904,0.8,-0.192,0.855,0.684,0.961,0.882,0.84,0.764,-0.285,0.338,0.903,-0.255,0.902,0.941,0.215,-0.486,0.416,-0.045,0.837,0.92,0.554,0.663,0.925,0.434,-0.83,0.939,0.789,0.909,0.433,0.801,0.447,0.115,0.963,0.87,0.767,0.885,0.073,0.845,0.096,-0.526,-0.087,0.756,0.899,-0.487,0.843,0.267,0.936,-0.755,0.757,0.646,0.046,0.297,-0.476,0.161,0.937,0.718,-0.786,-0.401,0.863,0.951,0.765,-0.149,0.8,0.948,0.679,0.933,0.818,-0.066,-0.8,0.324,0.957,0.752,0.8,0.889,0.94,0.927,0.77,0.722,0.938,0.702,-0.442,-0.267,0.86,0.699,0.885,0.795,0.959,-0.587,-0.147,0.908,0.841,0.575,0.809,0.952,0.945,0.508,0.813,0.354,0.773,0.745,0.976,0.917,0.52,0.913,0.902,0.819,0.79,0.811,0.884,0.793,0.866,0.94,0.084,0.907,0.57,0.424,0.289,0.876,0.803,0.791,0.272,0.71,0.728,-0.134,0.786,0.401,0.888,-0.273,0.928,0.737,0.916,0.925,-0.322,0.762,0.829,0.819,0.845,0.532,0.932,0.889,-0.451,0.957,0.953,0.954,0.564,-0.05,0.756,0.916,0.908,0.949,0.742,0.842,0.658,0.929,-0.685,0.848,0.328,0.232,0.909,0.71,0.782,0.662,0.329,0.864,0.472,0.476,0.249,0.548,0.912,-0.708,0.876,0.735
AEP,-0.152,-0.516,-0.362,0.154,-0.31,-0.76,-0.206,-0.382,0.0,0.011,-0.258,-0.107,-0.345,-0.427,-0.386,-0.706,0.183,-0.275,-0.428,0.212,0.015,0.293,-0.175,-0.361,-0.673,-0.034,-0.162,-0.365,-0.127,-0.366,-0.178,-0.362,-0.498,-0.492,-0.18,-0.144,-0.338,-0.349,-0.45,0.154,-0.3,-0.492,-0.544,-0.234,0.333,0.424,-0.081,-0.583,0.34,0.124,-0.596,-0.598,0.363,-0.358,-0.417,-0.617,0.031,0.085,0.127,0.66,-0.327,-0.689,-0.043,-0.235,-0.454,0.066,0.616,-0.142,0.665,-0.172,-0.197,0.409,-0.116,-0.2,-0.164,0.402,-0.108,-0.019,0.686,-0.024,0.438,0.427,-0.392,-0.344,0.368,-0.066,-0.576,-0.461,-0.314,0.541,-0.046,-0.584,-0.133,-0.466,-0.625,0.673,0.501,-0.175,-0.219,-0.728,-0.653,-0.227,-0.451,-0.261,0.079,0.04,-0.353,-0.122,-0.108,0.89,-0.681,0.093,-0.329,0.084,-0.376,0.865,-0.037,-0.613,-0.44,-0.784,-0.135,-0.326,-0.495,-0.428,-0.418,0.187,-0.033,-0.066,-0.352,-0.576,0.086,-0.338,-0.254,-0.471,-0.297,-0.606,-0.666,-0.023,-0.379,-0.448,0.156,-0.482,0.146,-0.582,0.282,-0.134,-0.478,-0.73,-0.558,0.116,-0.433,-0.327,0.053,0.307,-0.18,0.798,-0.393,0.151,-0.627,-0.395,0.831,-0.381,-0.108,-0.165,-0.094,0.237,-0.238,-0.492,0.166,-0.497,-0.337,-0.519,0.118,0.241,-0.112,-0.21,-0.231,-0.41,0.126,-0.093,-0.578,-0.578,0.276,-0.446,-0.288,-0.033,-0.543,-0.509,-0.634,-0.225,0.572,-0.643,-0.647,0.02,0.446,-0.04,-0.478,0.839,-0.325,0.021
AGIO,-0.745,0.116,0.873,-0.051,0.819,0.269,0.87,0.763,0.011,0.0,0.901,0.115,0.87,0.754,0.74,0.432,0.7,0.873,0.843,0.839,0.943,0.901,0.848,0.821,-0.209,0.821,0.879,0.89,0.938,-0.663,0.956,0.239,0.674,0.779,0.938,0.876,-0.768,-0.236,0.775,-0.444,0.899,0.656,-0.381,-0.824,0.433,-0.258,0.93,0.544,0.673,0.911,0.69,-0.175,-0.82,0.864,0.353,0.523,0.451,0.816,0.447,0.646,0.82,0.464,0.926,0.655,-0.338,0.895,0.551,-0.885,0.202,0.782,0.925,-0.593,0.652,0.035,0.883,-0.661,0.868,0.406,0.533,-0.076,-0.342,0.615,0.848,0.758,-0.736,-0.711,0.473,0.688,0.759,0.074,0.823,0.655,0.816,0.774,0.346,0.223,-0.739,-0.079,0.878,0.349,0.346,0.805,0.664,0.916,0.813,0.935,0.852,0.371,-0.857,0.05,0.451,0.631,0.87,0.885,0.767,-0.267,-0.623,0.663,0.777,0.061,0.911,0.82,0.656,0.012,0.417,0.653,0.931,0.854,0.79,0.6,0.787,0.895,0.785,0.526,0.798,0.321,0.467,0.941,0.49,0.67,-0.074,0.753,0.527,-0.152,0.507,0.888,0.412,0.359,-0.275,0.904,0.471,-0.582,0.903,0.215,0.952,0.181,0.809,0.955,0.552,0.857,0.212,0.342,0.874,0.7,0.959,0.78,0.874,0.535,-0.63,0.767,0.843,0.651,0.454,-0.029,0.931,0.924,0.931,0.81,0.945,0.956,0.119,0.599,-0.744,0.426,-0.086,-0.035,0.518,0.161,0.548,0.687,0.569,0.536,0.159,0.401,0.707,0.474,0.492,-0.457,0.583,0.941
ALEC,-0.652,0.387,0.942,-0.016,0.934,0.582,0.946,0.902,-0.258,0.901,0.0,0.174,0.966,0.901,0.84,0.721,0.535,0.979,0.924,0.713,0.831,0.691,0.895,0.957,0.076,0.786,0.919,0.972,0.914,-0.511,0.949,0.433,0.887,0.93,0.925,0.812,-0.596,0.058,0.929,-0.5,0.975,0.868,-0.071,-0.677,0.263,-0.256,0.921,0.79,0.494,0.867,0.882,0.116,-0.924,0.968,0.534,0.793,0.281,0.86,0.244,0.347,0.899,0.759,0.828,0.789,-0.075,0.853,0.235,-0.75,-0.053,0.849,0.93,-0.692,0.744,0.185,0.953,-0.868,0.842,0.495,0.304,0.008,-0.584,0.427,0.935,0.886,-0.825,-0.579,0.72,0.834,0.858,-0.197,0.786,0.868,0.835,0.911,0.622,-0.115,-0.894,0.065,0.933,0.643,0.598,0.945,0.85,0.973,0.757,0.852,0.942,0.473,-0.733,-0.166,0.684,0.577,0.984,0.827,0.916,-0.546,-0.466,0.878,0.826,0.413,0.954,0.959,0.845,0.265,0.65,0.477,0.884,0.884,0.913,0.847,0.625,0.967,0.87,0.683,0.865,0.613,0.728,0.935,0.675,0.851,-0.116,0.929,0.393,0.192,0.515,0.865,0.654,0.6,-0.053,0.866,0.674,-0.384,0.851,0.18,0.967,-0.202,0.897,0.827,0.773,0.971,-0.173,0.526,0.911,0.857,0.966,0.609,0.973,0.717,-0.663,0.926,0.944,0.862,0.394,-0.28,0.908,0.942,0.943,0.956,0.874,0.925,0.39,0.853,-0.866,0.666,0.041,-0.051,0.773,0.463,0.748,0.617,0.461,0.781,0.44,0.543,0.49,0.375,0.728,-0.683,0.663,0.909
ALNY,0.308,0.443,0.207,0.491,0.251,0.396,0.219,0.309,-0.107,0.115,0.174,0.0,0.243,0.307,0.32,0.38,0.16,0.203,0.248,-0.102,0.09,0.137,0.306,0.24,0.403,0.072,0.389,0.192,0.026,0.204,0.182,0.452,0.352,0.192,0.095,0.092,0.277,0.49,0.242,0.185,0.155,0.39,0.381,0.095,0.308,0.453,0.18,0.36,0.173,0.115,0.283,0.417,0.008,0.238,0.503,0.367,0.337,0.245,0.192,-0.182,0.275,0.332,0.022,0.504,0.416,0.293,0.089,0.08,0.029,0.24,0.093,-0.01,0.356,0.35,0.297,-0.178,-0.021,0.35,-0.178,0.59,-0.04,-0.015,0.244,0.083,-0.123,0.056,0.44,0.402,0.148,0.318,0.232,0.342,0.07,0.223,0.468,0.084,-0.0,0.338,0.312,0.359,0.484,0.304,0.384,0.28,0.096,0.041,0.227,0.584,0.19,0.023,0.367,0.113,0.181,0.371,0.263,-0.091,0.367,0.312,0.346,0.381,0.196,0.235,0.334,0.223,0.466,0.092,0.231,0.015,0.307,0.316,-0.011,0.188,0.302,0.334,0.073,0.471,0.362,0.071,0.528,0.479,0.394,0.277,0.203,0.504,0.143,0.164,0.377,0.39,0.355,0.098,0.363,0.369,0.317,0.516,0.147,-0.158,0.194,0.15,0.34,0.155,-0.115,0.383,0.191,0.331,0.092,0.157,0.192,0.486,0.16,0.266,0.184,0.349,0.406,0.255,0.13,0.122,0.137,0.215,0.089,0.121,0.52,0.35,0.122,0.468,0.43,0.251,0.367,0.458,0.236,0.131,-0.011,0.402,0.274,0.193,-0.183,0.314,0.443,-0.128,0.39,0.007
ALTR,-0.521,0.432,0.97,0.068,0.945,0.68,0.954,0.957,-0.345,0.87,0.966,0.243,0.0,0.957,0.92,0.794,0.52,0.973,0.97,0.626,0.809,0.665,0.901,0.967,0.243,0.77,0.941,0.971,0.878,-0.342,0.933,0.539,0.929,0.931,0.916,0.832,-0.455,0.15,0.938,-0.377,0.962,0.91,0.042,-0.613,0.356,-0.211,0.899,0.853,0.526,0.779,0.927,0.253,-0.91,0.978,0.66,0.857,0.419,0.817,0.382,0.249,0.96,0.819,0.847,0.834,-0.017,0.865,0.187,-0.663,-0.08,0.828,0.945,-0.619,0.778,0.228,0.956,-0.805,0.812,0.56,0.147,0.132,-0.498,0.302,0.977,0.826,-0.837,-0.553,0.794,0.919,0.825,-0.154,0.824,0.927,0.774,0.952,0.722,-0.072,-0.88,0.174,0.961,0.71,0.711,0.916,0.903,0.975,0.773,0.806,0.97,0.552,-0.628,-0.251,0.795,0.649,0.956,0.824,0.943,-0.603,-0.358,0.91,0.881,0.491,0.91,0.958,0.912,0.366,0.713,0.436,0.861,0.816,0.959,0.884,0.603,0.973,0.894,0.769,0.854,0.705,0.82,0.878,0.778,0.918,-0.026,0.935,0.508,0.281,0.365,0.904,0.715,0.729,0.118,0.801,0.711,-0.274,0.844,0.261,0.96,-0.221,0.943,0.812,0.861,0.967,-0.227,0.639,0.88,0.82,0.93,0.615,0.966,0.823,-0.583,0.968,0.961,0.915,0.494,-0.106,0.871,0.959,0.955,0.967,0.817,0.915,0.508,0.896,-0.779,0.745,0.178,0.077,0.844,0.554,0.781,0.693,0.353,0.84,0.456,0.47,0.379,0.504,0.814,-0.732,0.779,0.841
AMBA,-0.356,0.536,0.938,0.179,0.95,0.773,0.932,0.971,-0.427,0.754,0.901,0.307,0.957,0.0,0.945,0.854,0.433,0.918,0.941,0.535,0.713,0.558,0.877,0.966,0.424,0.74,0.89,0.92,0.785,-0.172,0.852,0.605,0.949,0.892,0.855,0.797,-0.28,0.291,0.914,-0.311,0.905,0.933,0.218,-0.475,0.391,-0.127,0.852,0.914,0.457,0.653,0.936,0.444,-0.876,0.955,0.734,0.916,0.448,0.746,0.388,0.069,0.967,0.88,0.772,0.839,0.123,0.828,0.038,-0.52,-0.056,0.74,0.887,-0.529,0.759,0.327,0.914,-0.749,0.719,0.57,-0.001,0.29,-0.497,0.135,0.959,0.755,-0.794,-0.47,0.864,0.959,0.777,-0.221,0.818,0.959,0.689,0.961,0.799,-0.086,-0.826,0.285,0.944,0.764,0.827,0.875,0.923,0.925,0.761,0.707,0.953,0.619,-0.479,-0.357,0.863,0.675,0.904,0.761,0.93,-0.657,-0.196,0.923,0.875,0.57,0.82,0.942,0.929,0.521,0.751,0.321,0.737,0.743,0.972,0.902,0.52,0.934,0.851,0.857,0.798,0.785,0.888,0.781,0.879,0.952,-0.016,0.922,0.536,0.404,0.273,0.849,0.775,0.798,0.336,0.71,0.696,-0.162,0.772,0.338,0.893,-0.306,0.928,0.713,0.903,0.94,-0.334,0.723,0.84,0.799,0.843,0.491,0.919,0.9,-0.507,0.981,0.94,0.936,0.555,-0.081,0.74,0.913,0.889,0.95,0.697,0.848,0.615,0.94,-0.683,0.799,0.25,0.159,0.899,0.671,0.829,0.619,0.228,0.901,0.467,0.478,0.202,0.533,0.901,-0.772,0.837,0.725
AMCX,-0.344,0.403,0.927,0.303,0.861,0.749,0.889,0.951,-0.386,0.74,0.84,0.32,0.92,0.945,0.0,0.817,0.555,0.857,0.917,0.436,0.721,0.56,0.79,0.897,0.444,0.652,0.894,0.865,0.765,-0.155,0.819,0.703,0.905,0.808,0.817,0.823,-0.238,0.293,0.892,-0.206,0.838,0.895,0.16,-0.534,0.522,-0.006,0.782,0.86,0.608,0.627,0.881,0.419,-0.813,0.913,0.818,0.858,0.567,0.707,0.522,0.117,0.935,0.812,0.75,0.844,-0.021,0.833,0.17,-0.536,-0.12,0.644,0.899,-0.395,0.842,0.118,0.879,-0.63,0.708,0.607,-0.041,0.294,-0.297,0.154,0.928,0.633,-0.821,-0.484,0.775,0.921,0.674,-0.022,0.795,0.911,0.594,0.914,0.796,-0.001,-0.779,0.272,0.925,0.745,0.781,0.818,0.925,0.892,0.773,0.732,0.942,0.669,-0.419,-0.274,0.883,0.749,0.82,0.772,0.879,-0.588,-0.163,0.853,0.878,0.511,0.762,0.86,0.922,0.516,0.75,0.397,0.77,0.64,0.937,0.847,0.571,0.884,0.89,0.789,0.773,0.778,0.877,0.725,0.857,0.916,0.184,0.86,0.633,0.397,0.135,0.845,0.737,0.827,0.3,0.636,0.72,-0.153,0.751,0.416,0.848,-0.214,0.955,0.74,0.916,0.881,-0.275,0.757,0.73,0.744,0.792,0.602,0.862,0.846,-0.369,0.926,0.925,0.927,0.635,0.11,0.698,0.895,0.872,0.903,0.707,0.824,0.635,0.866,-0.588,0.793,0.432,0.355,0.864,0.622,0.718,0.777,0.193,0.817,0.372,0.339,0.177,0.611,0.873,-0.683,0.891,0.671
AMKR,-0.069,0.683,0.756,0.185,0.746,0.961,0.72,0.86,-0.706,0.432,0.721,0.38,0.794,0.854,0.817,0.0,0.133,0.765,0.803,0.138,0.382,0.152,0.653,0.811,0.68,0.407,0.714,0.751,0.53,0.121,0.617,0.747,0.938,0.824,0.578,0.485,0.086,0.597,0.823,-0.135,0.721,0.934,0.55,-0.119,0.092,-0.087,0.548,0.964,0.176,0.364,0.915,0.698,-0.667,0.785,0.818,0.976,0.176,0.542,0.135,-0.31,0.777,0.987,0.434,0.779,0.364,0.503,-0.289,-0.177,-0.451,0.58,0.642,-0.452,0.689,0.313,0.711,-0.731,0.515,0.568,-0.334,0.319,-0.548,-0.12,0.791,0.624,-0.657,-0.09,0.928,0.877,0.665,-0.347,0.5,0.944,0.508,0.839,0.957,-0.448,-0.738,0.451,0.738,0.925,0.911,0.736,0.908,0.727,0.445,0.391,0.768,0.63,-0.124,-0.544,0.953,0.385,0.741,0.475,0.85,-0.806,0.089,0.924,0.726,0.887,0.588,0.802,0.926,0.663,0.878,0.047,0.509,0.483,0.837,0.961,0.181,0.736,0.732,0.775,0.643,0.952,0.973,0.51,0.834,0.892,0.088,0.849,0.244,0.746,0.125,0.591,0.868,0.94,0.509,0.395,0.797,0.24,0.499,0.205,0.633,-0.648,0.79,0.349,0.958,0.78,-0.7,0.781,0.588,0.685,0.582,0.185,0.733,0.87,-0.306,0.88,0.785,0.94,0.307,-0.217,0.52,0.658,0.675,0.833,0.399,0.535,0.851,0.958,-0.57,0.9,0.46,0.218,0.955,0.857,0.828,0.495,-0.015,0.928,0.742,0.376,-0.119,0.393,0.922,-0.83,0.773,0.446
AMRX,-0.654,-0.237,0.531,0.274,0.445,0.027,0.579,0.476,0.183,0.7,0.535,0.16,0.52,0.433,0.555,0.133,0.0,0.494,0.474,0.54,0.638,0.728,0.405,0.455,-0.253,0.458,0.63,0.505,0.605,-0.619,0.59,0.275,0.338,0.35,0.569,0.682,-0.58,-0.293,0.49,-0.32,0.517,0.311,-0.554,-0.79,0.636,0.09,0.591,0.172,0.728,0.69,0.338,-0.346,-0.483,0.499,0.347,0.189,0.602,0.553,0.552,0.643,0.51,0.118,0.584,0.522,-0.498,0.72,0.74,-0.771,0.143,0.392,0.642,-0.234,0.584,-0.23,0.594,-0.248,0.48,0.334,0.394,-0.071,0.015,0.629,0.494,0.346,-0.614,-0.696,0.099,0.365,0.293,0.482,0.515,0.346,0.31,0.411,0.104,0.42,-0.393,-0.301,0.6,0.152,0.047,0.526,0.446,0.592,0.602,0.802,0.602,0.336,-0.558,0.301,0.249,0.593,0.477,0.724,0.384,0.07,-0.498,0.298,0.583,-0.203,0.592,0.428,0.392,-0.137,0.206,0.855,0.748,0.458,0.443,0.232,0.736,0.54,0.658,0.196,0.53,0.093,0.228,0.563,0.252,0.41,0.239,0.362,0.569,-0.218,0.243,0.609,0.135,0.151,-0.36,0.562,0.271,-0.508,0.559,0.329,0.613,0.301,0.557,0.798,0.339,0.493,0.329,0.134,0.406,0.464,0.563,0.761,0.56,0.195,-0.123,0.403,0.563,0.377,0.466,0.278,0.557,0.601,0.602,0.428,0.737,0.705,0.017,0.242,-0.37,0.215,0.222,0.319,0.194,-0.106,0.115,0.629,0.435,0.154,-0.252,0.22,0.448,0.271,0.217,-0.089,0.436,0.522
ANSS,-0.558,0.457,0.925,0.026,0.93,0.625,0.971,0.941,-0.275,0.873,0.979,0.203,0.973,0.918,0.857,0.765,0.494,0.0,0.934,0.692,0.789,0.677,0.883,0.958,0.133,0.782,0.932,0.962,0.896,-0.411,0.931,0.495,0.921,0.939,0.912,0.764,-0.516,0.148,0.9,-0.414,0.972,0.898,0.026,-0.593,0.271,-0.214,0.913,0.84,0.509,0.807,0.903,0.204,-0.879,0.954,0.599,0.835,0.276,0.881,0.301,0.3,0.927,0.797,0.834,0.828,-0.007,0.851,0.175,-0.672,-0.046,0.87,0.923,-0.651,0.777,0.249,0.963,-0.859,0.845,0.587,0.264,0.098,-0.597,0.353,0.935,0.856,-0.775,-0.476,0.787,0.872,0.848,-0.213,0.786,0.891,0.833,0.916,0.68,-0.11,-0.852,0.174,0.951,0.649,0.658,0.942,0.869,0.964,0.763,0.806,0.932,0.552,-0.648,-0.173,0.717,0.592,0.965,0.832,0.96,-0.532,-0.355,0.894,0.796,0.474,0.923,0.984,0.875,0.332,0.724,0.431,0.858,0.881,0.94,0.883,0.581,0.952,0.874,0.705,0.846,0.672,0.76,0.915,0.727,0.872,-0.077,0.921,0.423,0.254,0.5,0.897,0.724,0.635,0.023,0.85,0.678,-0.289,0.851,0.254,0.958,-0.209,0.893,0.81,0.807,0.962,-0.221,0.598,0.919,0.861,0.948,0.568,0.981,0.783,-0.623,0.933,0.954,0.888,0.422,-0.231,0.899,0.944,0.951,0.961,0.848,0.905,0.469,0.88,-0.84,0.74,0.091,-0.009,0.822,0.56,0.776,0.599,0.491,0.799,0.498,0.547,0.464,0.438,0.783,-0.676,0.724,0.876
APPN,-0.449,0.456,0.972,0.019,0.915,0.692,0.917,0.935,-0.428,0.843,0.924,0.248,0.97,0.941,0.917,0.803,0.474,0.934,0.0,0.59,0.812,0.635,0.882,0.931,0.278,0.758,0.905,0.964,0.872,-0.265,0.925,0.508,0.908,0.929,0.919,0.842,-0.405,0.133,0.905,-0.329,0.935,0.899,0.087,-0.542,0.333,-0.277,0.877,0.865,0.501,0.7,0.93,0.297,-0.875,0.963,0.649,0.849,0.437,0.742,0.412,0.198,0.943,0.815,0.856,0.789,0.008,0.809,0.148,-0.613,-0.106,0.794,0.935,-0.612,0.731,0.206,0.903,-0.755,0.829,0.522,0.089,0.13,-0.451,0.244,0.975,0.803,-0.802,-0.512,0.802,0.913,0.834,-0.165,0.816,0.914,0.773,0.954,0.722,-0.075,-0.855,0.205,0.939,0.692,0.744,0.85,0.884,0.952,0.737,0.768,0.948,0.536,-0.602,-0.349,0.811,0.587,0.918,0.78,0.928,-0.634,-0.339,0.914,0.902,0.499,0.854,0.927,0.896,0.366,0.69,0.389,0.823,0.778,0.947,0.868,0.608,0.96,0.847,0.77,0.834,0.697,0.814,0.838,0.769,0.892,-0.032,0.924,0.476,0.263,0.289,0.888,0.713,0.757,0.168,0.75,0.688,-0.224,0.829,0.226,0.93,-0.214,0.941,0.778,0.858,0.954,-0.242,0.624,0.853,0.745,0.892,0.599,0.919,0.834,-0.576,0.962,0.943,0.897,0.472,-0.051,0.853,0.943,0.947,0.948,0.757,0.888,0.514,0.878,-0.741,0.725,0.174,0.09,0.837,0.54,0.827,0.735,0.256,0.843,0.491,0.375,0.35,0.567,0.787,-0.775,0.797,0.806
APTO,-0.734,0.045,0.608,-0.221,0.679,-0.034,0.723,0.526,0.212,0.839,0.713,-0.102,0.626,0.535,0.436,0.138,0.54,0.692,0.59,0.0,0.772,0.859,0.654,0.634,-0.459,0.879,0.629,0.693,0.827,-0.698,0.756,-0.118,0.414,0.6,0.822,0.669,-0.855,-0.446,0.49,-0.532,0.741,0.392,-0.475,-0.676,0.27,-0.338,0.862,0.303,0.479,0.767,0.453,-0.349,-0.653,0.633,-0.021,0.281,0.224,0.672,0.275,0.672,0.615,0.213,0.826,0.379,-0.287,0.741,0.437,-0.798,0.478,0.683,0.712,-0.575,0.346,0.197,0.69,-0.547,0.735,0.207,0.695,-0.178,-0.446,0.572,0.61,0.7,-0.445,-0.612,0.274,0.441,0.608,-0.106,0.72,0.388,0.745,0.567,0.015,0.289,-0.509,-0.203,0.679,0.011,0.123,0.634,0.356,0.703,0.7,0.79,0.621,0.126,-0.864,0.147,0.095,0.453,0.701,0.73,0.566,-0.04,-0.649,0.449,0.483,-0.203,0.77,0.67,0.337,-0.183,0.148,0.532,0.689,0.86,0.563,0.331,0.745,0.71,0.481,0.345,0.587,0.003,0.145,0.829,0.267,0.397,-0.374,0.524,0.341,-0.435,0.617,0.731,0.209,-0.019,-0.413,0.896,0.064,-0.712,0.753,0.112,0.794,0.307,0.499,0.813,0.222,0.685,0.342,0.059,0.831,0.57,0.806,0.538,0.718,0.328,-0.674,0.528,0.642,0.349,0.295,-0.173,0.77,0.754,0.727,0.601,0.802,0.831,-0.198,0.358,-0.672,0.136,-0.471,-0.339,0.24,-0.036,0.453,0.319,0.633,0.319,-0.012,0.466,0.781,0.254,0.232,-0.27,0.274,0.834
ARCT,-0.671,0.069,0.842,-0.077,0.778,0.23,0.793,0.694,0.015,0.943,0.831,0.09,0.809,0.713,0.721,0.382,0.638,0.789,0.812,0.772,0.0,0.856,0.823,0.759,-0.165,0.792,0.804,0.84,0.893,-0.595,0.921,0.178,0.603,0.704,0.903,0.901,-0.721,-0.256,0.727,-0.412,0.822,0.604,-0.359,-0.787,0.464,-0.254,0.881,0.504,0.647,0.834,0.618,-0.143,-0.791,0.816,0.309,0.474,0.503,0.716,0.425,0.617,0.769,0.418,0.902,0.56,-0.353,0.842,0.535,-0.836,0.247,0.698,0.887,-0.498,0.579,-0.007,0.798,-0.556,0.841,0.33,0.486,-0.086,-0.223,0.572,0.82,0.68,-0.698,-0.736,0.408,0.622,0.693,0.114,0.834,0.595,0.779,0.756,0.317,0.271,-0.677,-0.054,0.804,0.297,0.337,0.706,0.615,0.857,0.807,0.877,0.804,0.328,-0.838,-0.008,0.42,0.616,0.799,0.813,0.681,-0.26,-0.591,0.607,0.758,0.014,0.832,0.74,0.6,0.046,0.342,0.57,0.853,0.78,0.751,0.534,0.783,0.85,0.694,0.524,0.713,0.282,0.429,0.889,0.467,0.608,-0.079,0.691,0.526,-0.201,0.417,0.826,0.364,0.354,-0.239,0.85,0.426,-0.571,0.884,0.199,0.887,0.241,0.789,0.915,0.505,0.8,0.26,0.334,0.816,0.609,0.905,0.768,0.791,0.505,-0.603,0.722,0.786,0.591,0.486,0.027,0.86,0.875,0.876,0.748,0.87,0.893,0.07,0.542,-0.643,0.354,-0.109,-0.009,0.467,0.105,0.507,0.688,0.439,0.491,0.098,0.319,0.674,0.542,0.436,-0.449,0.561,0.899
ARWR,-0.651,-0.07,0.655,-0.02,0.639,-0.023,0.728,0.574,0.293,0.901,0.691,0.137,0.665,0.558,0.56,0.152,0.728,0.677,0.635,0.859,0.856,0.0,0.708,0.627,-0.38,0.798,0.746,0.691,0.802,-0.66,0.812,0.071,0.432,0.546,0.802,0.769,-0.752,-0.366,0.513,-0.286,0.717,0.406,-0.502,-0.747,0.558,-0.132,0.839,0.302,0.702,0.792,0.441,-0.329,-0.593,0.64,0.187,0.268,0.556,0.688,0.557,0.782,0.669,0.186,0.879,0.498,-0.405,0.841,0.692,-0.801,0.503,0.629,0.77,-0.375,0.494,0.058,0.721,-0.388,0.745,0.375,0.674,-0.063,-0.171,0.647,0.653,0.552,-0.489,-0.645,0.274,0.508,0.523,0.261,0.788,0.405,0.692,0.577,0.1,0.54,-0.432,-0.051,0.737,0.035,0.136,0.601,0.442,0.746,0.825,0.841,0.657,0.307,-0.767,0.246,0.184,0.64,0.658,0.843,0.56,0.054,-0.573,0.398,0.609,-0.226,0.74,0.625,0.421,-0.128,0.233,0.657,0.799,0.739,0.606,0.32,0.804,0.715,0.578,0.39,0.558,0.066,0.202,0.813,0.332,0.459,-0.022,0.48,0.614,-0.374,0.527,0.826,0.226,0.09,-0.372,0.86,0.16,-0.611,0.858,0.321,0.807,0.489,0.592,0.921,0.298,0.636,0.508,0.19,0.765,0.511,0.807,0.721,0.707,0.383,-0.441,0.535,0.668,0.394,0.466,0.195,0.781,0.774,0.787,0.576,0.856,0.854,-0.066,0.345,-0.486,0.217,-0.199,-0.014,0.258,-0.023,0.325,0.533,0.622,0.28,-0.074,0.33,0.78,0.513,0.287,-0.175,0.474,0.812
ASND,-0.433,0.396,0.892,-0.008,0.893,0.522,0.861,0.841,-0.175,0.848,0.895,0.306,0.901,0.877,0.79,0.653,0.405,0.883,0.882,0.654,0.823,0.708,0.0,0.901,0.15,0.764,0.864,0.896,0.821,-0.352,0.923,0.372,0.814,0.844,0.881,0.809,-0.451,0.108,0.827,-0.309,0.885,0.808,0.032,-0.556,0.343,-0.212,0.869,0.762,0.482,0.77,0.807,0.215,-0.834,0.913,0.506,0.732,0.428,0.772,0.341,0.306,0.882,0.697,0.831,0.722,-0.007,0.818,0.233,-0.593,0.178,0.78,0.859,-0.521,0.634,0.279,0.875,-0.701,0.793,0.437,0.274,0.157,-0.414,0.337,0.913,0.756,-0.693,-0.501,0.707,0.849,0.796,-0.136,0.858,0.799,0.832,0.872,0.599,0.093,-0.763,0.263,0.883,0.561,0.618,0.809,0.772,0.915,0.793,0.728,0.843,0.473,-0.633,-0.192,0.637,0.624,0.892,0.776,0.827,-0.491,-0.342,0.777,0.82,0.348,0.832,0.878,0.781,0.355,0.598,0.327,0.764,0.779,0.881,0.762,0.569,0.904,0.732,0.753,0.715,0.577,0.675,0.863,0.719,0.806,-0.089,0.849,0.497,0.172,0.491,0.826,0.602,0.581,0.122,0.796,0.574,-0.333,0.875,0.258,0.892,-0.056,0.84,0.771,0.694,0.87,-0.024,0.559,0.891,0.702,0.908,0.554,0.858,0.755,-0.605,0.88,0.842,0.778,0.471,-0.093,0.823,0.87,0.878,0.875,0.771,0.836,0.391,0.797,-0.63,0.627,0.022,-0.002,0.734,0.487,0.693,0.562,0.391,0.761,0.391,0.465,0.477,0.596,0.717,-0.615,0.714,0.869
ASTH,-0.501,0.466,0.941,0.08,0.964,0.693,0.955,0.951,-0.361,0.821,0.957,0.24,0.967,0.966,0.897,0.811,0.455,0.958,0.931,0.634,0.759,0.627,0.901,0.0,0.276,0.782,0.913,0.958,0.849,-0.341,0.908,0.523,0.935,0.929,0.891,0.815,-0.425,0.189,0.942,-0.397,0.959,0.917,0.098,-0.559,0.32,-0.199,0.896,0.876,0.447,0.758,0.927,0.311,-0.919,0.974,0.64,0.879,0.365,0.807,0.292,0.185,0.948,0.848,0.8,0.821,0.045,0.847,0.109,-0.616,-0.034,0.766,0.91,-0.613,0.742,0.287,0.942,-0.817,0.786,0.543,0.155,0.134,-0.59,0.277,0.956,0.843,-0.811,-0.501,0.819,0.92,0.823,-0.247,0.82,0.933,0.777,0.961,0.732,-0.109,-0.87,0.227,0.945,0.726,0.733,0.926,0.907,0.957,0.798,0.777,0.956,0.554,-0.598,-0.307,0.789,0.65,0.962,0.794,0.931,-0.619,-0.328,0.917,0.863,0.508,0.885,0.973,0.898,0.437,0.717,0.386,0.795,0.819,0.96,0.895,0.569,0.968,0.85,0.82,0.817,0.712,0.833,0.871,0.793,0.915,-0.073,0.938,0.471,0.317,0.437,0.864,0.734,0.711,0.162,0.807,0.661,-0.281,0.818,0.251,0.939,-0.279,0.918,0.756,0.853,0.972,-0.271,0.647,0.896,0.839,0.912,0.501,0.955,0.835,-0.577,0.974,0.959,0.913,0.465,-0.212,0.803,0.934,0.925,0.967,0.785,0.887,0.524,0.926,-0.773,0.744,0.122,0.052,0.849,0.602,0.816,0.582,0.333,0.876,0.465,0.539,0.347,0.462,0.843,-0.757,0.766,0.823
ATSG,0.534,0.511,0.244,0.425,0.245,0.799,0.139,0.391,-0.673,-0.209,0.076,0.403,0.243,0.424,0.444,0.68,-0.253,0.133,0.278,-0.459,-0.165,-0.38,0.15,0.276,0.0,-0.099,0.166,0.14,-0.127,0.697,-0.009,0.668,0.473,0.223,-0.03,0.058,0.687,0.765,0.325,0.267,0.079,0.501,0.829,0.357,0.109,0.223,-0.059,0.6,-0.117,-0.28,0.433,0.917,-0.146,0.243,0.696,0.617,0.222,-0.071,0.107,-0.757,0.32,0.646,-0.105,0.355,0.526,0.014,-0.552,0.415,-0.432,-0.036,0.086,0.126,0.292,0.271,0.128,-0.114,-0.111,0.302,-0.806,0.527,-0.049,-0.628,0.292,-0.017,-0.24,0.211,0.591,0.499,0.082,-0.206,0.109,0.521,-0.152,0.369,0.77,-0.346,-0.213,0.577,0.19,0.693,0.757,0.143,0.492,0.132,0.023,-0.224,0.256,0.451,0.478,-0.608,0.726,0.205,0.104,-0.06,0.295,-0.616,0.577,0.438,0.325,0.752,-0.057,0.211,0.512,0.774,0.573,-0.391,-0.116,-0.186,0.363,0.497,-0.272,0.161,0.238,0.56,0.056,0.762,0.711,-0.164,0.651,0.501,0.29,0.319,0.181,0.821,-0.429,0.049,0.564,0.791,0.882,-0.241,0.455,0.587,-0.057,0.238,0.013,-0.623,0.333,-0.216,0.623,0.197,-0.712,0.673,-0.021,0.145,-0.075,-0.198,0.113,0.603,0.19,0.397,0.224,0.523,0.307,0.137,-0.166,0.1,0.071,0.283,-0.238,-0.065,0.812,0.544,0.114,0.623,0.629,0.455,0.623,0.741,0.425,0.168,-0.546,0.6,0.437,-0.046,-0.676,0.31,0.66,-0.517,0.525,-0.217
AVTX,-0.549,0.318,0.758,-0.132,0.831,0.277,0.815,0.696,-0.034,0.821,0.786,0.072,0.77,0.74,0.652,0.407,0.458,0.782,0.758,0.879,0.792,0.798,0.764,0.782,-0.099,0.0,0.745,0.816,0.847,-0.433,0.805,0.073,0.626,0.746,0.893,0.738,-0.638,-0.185,0.623,-0.467,0.831,0.62,-0.159,-0.552,0.321,-0.319,0.924,0.56,0.458,0.681,0.657,-0.004,-0.753,0.775,0.218,0.548,0.328,0.644,0.33,0.417,0.79,0.473,0.873,0.489,-0.063,0.802,0.236,-0.669,0.362,0.74,0.784,-0.576,0.442,0.357,0.773,-0.617,0.734,0.356,0.417,0.016,-0.47,0.351,0.791,0.763,-0.521,-0.577,0.532,0.674,0.689,-0.194,0.847,0.606,0.789,0.769,0.31,0.198,-0.608,0.036,0.805,0.241,0.464,0.724,0.56,0.81,0.764,0.741,0.775,0.273,-0.757,-0.097,0.377,0.546,0.797,0.757,0.724,-0.3,-0.465,0.659,0.646,0.058,0.824,0.787,0.555,0.085,0.363,0.348,0.686,0.846,0.749,0.528,0.731,0.842,0.554,0.58,0.634,0.286,0.415,0.82,0.559,0.634,-0.349,0.683,0.398,-0.174,0.463,0.82,0.466,0.294,-0.086,0.898,0.2,-0.518,0.828,0.224,0.866,0.13,0.652,0.788,0.467,0.809,0.108,0.344,0.911,0.643,0.838,0.488,0.811,0.628,-0.681,0.728,0.783,0.57,0.458,-0.082,0.769,0.853,0.799,0.758,0.735,0.883,0.088,0.582,-0.668,0.379,-0.304,-0.26,0.505,0.238,0.696,0.421,0.404,0.582,0.214,0.469,0.546,0.427,0.496,-0.507,0.493,0.808
BCPC,-0.508,0.377,0.905,0.237,0.878,0.578,0.94,0.92,-0.162,0.879,0.919,0.389,0.941,0.89,0.894,0.714,0.63,0.932,0.905,0.629,0.804,0.746,0.864,0.913,0.166,0.745,0.0,0.905,0.855,-0.403,0.912,0.593,0.878,0.835,0.874,0.808,-0.465,0.185,0.871,-0.263,0.904,0.873,-0.009,-0.648,0.504,-0.004,0.896,0.789,0.663,0.812,0.835,0.193,-0.788,0.921,0.7,0.78,0.469,0.871,0.454,0.38,0.909,0.717,0.81,0.887,-0.1,0.923,0.375,-0.678,-0.003,0.771,0.916,-0.483,0.864,0.159,0.968,-0.717,0.799,0.684,0.278,0.208,-0.4,0.409,0.909,0.732,-0.775,-0.507,0.725,0.87,0.744,0.082,0.816,0.843,0.736,0.873,0.686,0.091,-0.739,0.234,0.963,0.604,0.632,0.911,0.893,0.956,0.813,0.84,0.929,0.667,-0.586,-0.04,0.717,0.694,0.891,0.92,0.906,-0.391,-0.272,0.817,0.838,0.381,0.895,0.906,0.876,0.322,0.75,0.523,0.915,0.771,0.93,0.809,0.636,0.914,0.9,0.685,0.807,0.665,0.738,0.875,0.776,0.895,0.165,0.848,0.565,0.261,0.428,0.898,0.708,0.639,0.024,0.838,0.68,-0.249,0.905,0.446,0.929,-0.061,0.898,0.864,0.795,0.895,-0.071,0.646,0.861,0.838,0.907,0.693,0.931,0.784,-0.443,0.888,0.93,0.873,0.572,0.007,0.851,0.918,0.931,0.901,0.864,0.903,0.512,0.815,-0.688,0.76,0.245,0.188,0.786,0.522,0.665,0.704,0.475,0.747,0.38,0.455,0.451,0.555,0.783,-0.553,0.812,0.821
BEAM,-0.584,0.43,0.96,-0.089,0.938,0.615,0.934,0.904,-0.365,0.89,0.972,0.192,0.971,0.92,0.865,0.751,0.505,0.962,0.964,0.693,0.84,0.691,0.896,0.958,0.14,0.816,0.905,0.0,0.911,-0.423,0.956,0.397,0.892,0.961,0.947,0.835,-0.536,0.024,0.924,-0.458,0.985,0.871,-0.033,-0.607,0.247,-0.345,0.922,0.814,0.44,0.793,0.922,0.168,-0.924,0.97,0.531,0.819,0.343,0.78,0.279,0.278,0.926,0.786,0.864,0.757,-0.006,0.82,0.175,-0.707,-0.056,0.839,0.932,-0.724,0.676,0.235,0.92,-0.833,0.841,0.467,0.208,0.014,-0.581,0.366,0.967,0.893,-0.806,-0.572,0.762,0.868,0.864,-0.23,0.803,0.895,0.846,0.951,0.64,-0.114,-0.891,0.096,0.934,0.66,0.666,0.899,0.848,0.973,0.754,0.822,0.953,0.448,-0.713,-0.299,0.728,0.546,0.98,0.795,0.914,-0.618,-0.475,0.914,0.882,0.447,0.928,0.953,0.852,0.276,0.631,0.448,0.852,0.86,0.923,0.855,0.64,0.989,0.833,0.736,0.851,0.614,0.757,0.904,0.692,0.866,-0.153,0.935,0.394,0.186,0.452,0.888,0.665,0.66,0.029,0.837,0.636,-0.338,0.844,0.133,0.968,-0.221,0.91,0.804,0.802,0.981,-0.208,0.527,0.905,0.806,0.944,0.564,0.955,0.772,-0.646,0.954,0.947,0.861,0.387,-0.202,0.906,0.949,0.952,0.956,0.812,0.924,0.403,0.865,-0.825,0.648,0.028,-0.062,0.773,0.464,0.821,0.645,0.335,0.824,0.478,0.472,0.443,0.456,0.732,-0.764,0.687,0.872
BILI,-0.712,0.202,0.885,-0.114,0.84,0.365,0.889,0.8,-0.127,0.938,0.914,0.026,0.878,0.785,0.765,0.53,0.605,0.896,0.872,0.827,0.893,0.802,0.821,0.849,-0.127,0.847,0.855,0.911,0.0,-0.596,0.944,0.271,0.734,0.839,0.971,0.847,-0.722,-0.154,0.793,-0.487,0.919,0.722,-0.257,-0.731,0.312,-0.329,0.928,0.641,0.61,0.843,0.741,-0.06,-0.85,0.883,0.367,0.613,0.313,0.785,0.353,0.52,0.833,0.565,0.906,0.623,-0.287,0.84,0.373,-0.818,0.099,0.781,0.933,-0.617,0.662,0.061,0.873,-0.732,0.937,0.401,0.457,-0.123,-0.447,0.506,0.865,0.813,-0.742,-0.613,0.539,0.707,0.795,-0.102,0.829,0.707,0.845,0.832,0.42,0.077,-0.792,-0.009,0.881,0.408,0.428,0.815,0.707,0.918,0.794,0.901,0.866,0.356,-0.823,-0.082,0.506,0.585,0.891,0.819,0.821,-0.374,-0.58,0.738,0.756,0.163,0.893,0.862,0.696,0.107,0.491,0.521,0.867,0.887,0.823,0.675,0.829,0.918,0.768,0.565,0.796,0.402,0.535,0.945,0.529,0.683,-0.167,0.799,0.424,-0.083,0.48,0.876,0.515,0.431,-0.225,0.897,0.458,-0.546,0.865,0.15,0.94,0.059,0.83,0.884,0.619,0.905,0.046,0.408,0.889,0.713,0.951,0.669,0.895,0.578,-0.68,0.809,0.897,0.71,0.389,-0.163,0.91,0.932,0.93,0.862,0.903,0.934,0.19,0.665,-0.801,0.489,-0.089,-0.073,0.599,0.26,0.654,0.705,0.494,0.603,0.274,0.432,0.662,0.452,0.542,-0.562,0.609,0.937
BJRI,0.904,0.346,-0.35,0.222,-0.322,0.292,-0.408,-0.192,-0.366,-0.663,-0.511,0.204,-0.342,-0.172,-0.155,0.121,-0.619,-0.411,-0.265,-0.698,-0.595,-0.66,-0.352,-0.341,0.697,-0.433,-0.403,-0.423,-0.596,0.0,-0.539,0.214,-0.119,-0.304,-0.504,-0.497,0.911,0.594,-0.368,0.557,-0.472,-0.091,0.782,0.797,-0.144,0.24,-0.532,0.058,-0.386,-0.78,-0.136,0.703,0.468,-0.371,0.199,0.044,-0.051,-0.517,0.011,-0.802,-0.23,0.077,-0.471,-0.196,0.589,-0.495,-0.669,0.847,-0.221,-0.367,-0.471,0.461,-0.235,0.253,-0.436,0.393,-0.519,0.004,-0.788,0.517,0.262,-0.815,-0.28,-0.488,0.419,0.618,0.132,-0.041,-0.366,-0.162,-0.328,-0.097,-0.473,-0.229,0.241,-0.201,0.398,0.501,-0.354,0.084,0.317,-0.443,-0.151,-0.452,-0.433,-0.728,-0.367,0.092,0.808,-0.382,0.15,-0.23,-0.479,-0.508,-0.217,-0.152,0.802,-0.14,-0.286,0.376,-0.588,-0.339,-0.092,0.435,0.092,-0.698,-0.621,-0.573,-0.216,-0.079,-0.594,-0.426,-0.368,0.014,-0.441,0.257,0.101,-0.651,0.15,-0.098,0.175,-0.269,-0.114,0.496,-0.615,-0.39,0.121,0.253,0.789,-0.651,-0.079,0.752,-0.473,0.133,-0.525,-0.318,-0.29,-0.641,0.02,-0.401,-0.459,0.255,-0.452,-0.401,-0.588,-0.548,-0.441,0.145,0.417,-0.211,-0.367,-0.094,0.026,0.31,-0.575,-0.434,-0.457,-0.305,-0.719,-0.572,0.405,-0.064,0.563,0.14,0.387,0.254,0.088,0.389,-0.01,-0.263,-0.599,0.024,0.233,-0.323,-0.768,0.108,0.112,-0.017,0.043,-0.674
BLUE,-0.64,0.248,0.937,-0.057,0.891,0.453,0.912,0.855,-0.178,0.956,0.949,0.182,0.933,0.852,0.819,0.617,0.59,0.931,0.925,0.756,0.921,0.812,0.923,0.908,-0.009,0.805,0.912,0.956,0.944,-0.539,0.0,0.351,0.8,0.885,0.956,0.891,-0.633,-0.068,0.869,-0.402,0.952,0.788,-0.174,-0.71,0.363,-0.286,0.931,0.713,0.589,0.861,0.817,0.034,-0.879,0.935,0.468,0.687,0.433,0.813,0.382,0.466,0.892,0.649,0.914,0.721,-0.197,0.863,0.382,-0.783,0.096,0.809,0.952,-0.62,0.686,0.124,0.911,-0.743,0.903,0.442,0.382,-0.033,-0.443,0.503,0.93,0.811,-0.781,-0.617,0.635,0.798,0.833,-0.055,0.848,0.789,0.862,0.887,0.527,0.092,-0.817,0.088,0.918,0.524,0.52,0.846,0.785,0.964,0.825,0.881,0.903,0.45,-0.776,-0.15,0.608,0.621,0.933,0.84,0.849,-0.448,-0.528,0.795,0.865,0.267,0.902,0.902,0.777,0.2,0.56,0.521,0.891,0.853,0.884,0.752,0.728,0.957,0.821,0.671,0.804,0.499,0.636,0.942,0.612,0.771,-0.082,0.855,0.5,0.038,0.504,0.903,0.566,0.538,-0.106,0.874,0.572,-0.449,0.906,0.184,0.964,0.004,0.891,0.89,0.7,0.928,0.023,0.467,0.899,0.741,0.97,0.676,0.917,0.669,-0.624,0.878,0.909,0.778,0.437,-0.106,0.923,0.945,0.966,0.894,0.897,0.932,0.305,0.754,-0.751,0.565,-0.008,0.012,0.669,0.346,0.685,0.695,0.454,0.697,0.325,0.438,0.611,0.547,0.632,-0.622,0.689,0.941
