,AAL,AAON,ACB,ACGL,ACGLO,ACIW,ADBE,ADSK,AEP,AGIO,ALEC,ALNY,ALTR,AMBA,AMCX,AMKR,AMRX,ANSS,APPN,APTO,ARCT,ARWR,ASND,ASTH,ATSG,AVTX,BCPC,BEAM,BILI,BJRI,BLUE,BPOP,BRKL,BWIN,BZUN,CARG,CBRL,CBSH,CBUS,CENTA,CERS,CFFN,CHCO,CHEF,CHRD,CINF,CLLS,CMCO,CMCSA,COLL,COMM,COOP,CPB,CRON,CROX,CRUS,CRWD,CTAS,CYBR,CYTK,DGII,DIOD,DOMO,DPZ,DSGR,DXCM,ERIE,ESTA,EXEL,FAST,FCEL,FCFS,FHB,FITBI,FSV,FTDR,FUTU,GLDD,GLPG,GLPI,GOGO,GOSS,GSAT,GYRE,HALO,HAS,HLIT,HLNE,HSDT,HSIC,HTHT,ICHR,IDYA,IMVT,INDB,INSM,IONS,IOSP,ITRI,JBHT,JBLU,JSM,KLIC,KOD,KURA,LAB,LASR,LIN,LKQ,LNT,MBUU,MCRI,MDGL,MEDP,MGNI,MGPI,MGRC,MKTX,MRNA,MRTN,MSEX,MSFT,MU,NAVI,NBTB,NEO,NEOG,NGNE,NSSC,NTAP,NTES,NTLA,NTRS,NYMTN,OBLG,OCFC,ON,ONC,OPI,OSIS,OSW,PALI,PANW,PCAR,PCRX,PCTY,PEBO,PLAB,PLAY,PLMR,PLSE,PLUS,PRTA,PSEC,PSNL,PTCT,PTON,QNST,QRVO,QTTB,RARE,RBCAA,RGNX,SAIC,SGMO,SINT,SNPS,SPSC,SPTN,SSYS,STNE,TBBK,TCPC,TENB,TGTX,TREE,TRUP,TTWO,TW,TXG,UBSI,UCTT,UFPT,UMBF,UPBD,URBN,VBTX,VCTR,VEON,VNET,VRSK,VSEC,WABC,WTFCM,WVE,WW,WWD,XEL,ZD,ZYME
AAL,0.0,0.742,0.855,0.956,0.657,0.72,0.933,0.946,0.955,0.133,-0.036,-0.612,0.745,0.967,0.991,0.948,0.804,0.861,0.49,0.932,0.91,0.64,0.145,0.038,0.68,-0.751,0.748,0.061,-0.471,0.935,-0.528,0.823,0.933,0.573,-0.416,0.924,0.97,0.929,0.377,0.896,0.279,0.807,0.857,0.279,0.591,0.962,0.761,0.914,0.972,-0.335,0.786,0.901,0.179,0.467,0.868,0.951,0.116,0.914,0.768,-0.259,0.296,0.954,0.776,-0.686,-0.911,0.539,-0.439,0.855,-0.172,0.926,0.795,0.815,0.942,0.637,0.903,0.962,-0.648,0.717,0.59,0.672,0.916,0.281,0.707,-0.719,0.294,0.927,0.95,0.629,0.68,0.968,0.134,0.962,-0.447,0.637,0.879,0.082,-0.076,0.926,0.808,0.904,0.973,0.923,0.961,0.07,-0.43,0.525,0.802,0.916,0.862,0.971,0.924,0.95,-0.287,0.365,0.785,0.647,0.938,0.851,0.617,0.69,0.653,0.836,0.99,0.95,0.457,0.331,0.946,-0.101,-0.013,0.968,0.668,0.184,0.969,0.923,-0.066,0.946,0.819,-0.103,0.938,0.421,0.873,0.811,0.68,0.856,0.916,0.636,0.88,0.861,0.798,0.544,0.475,0.766,0.605,0.942,0.533,-0.305,0.968,0.82,0.973,-0.431,-0.433,-0.12,-0.111,0.061,0.046,0.521,0.831,0.572,0.875,0.627,0.818,0.887,0.925,0.792,0.29,0.939,0.831,0.104,-0.125,0.677,0.914,0.949,0.184,0.904,0.901,0.733,0.934,0.84,0.78,-0.13,0.71,0.951,0.917,0.844,-0.62,0.752,0.964,0.954,0.758,0.816
AAON,0.742,0.0,0.758,0.831,0.47,0.874,0.874,0.874,0.826,0.364,0.218,-0.2,0.704,0.804,0.758,0.805,0.649,0.848,0.669,0.696,0.776,0.716,0.364,0.139,0.855,-0.452,0.847,0.329,-0.003,0.896,-0.448,0.822,0.763,0.654,0.055,0.842,0.753,0.849,0.128,0.8,0.474,0.505,0.708,0.466,0.524,0.827,0.543,0.835,0.733,-0.026,0.851,0.764,0.129,0.531,0.931,0.835,0.456,0.884,0.805,0.003,0.712,0.762,0.784,-0.256,-0.625,0.647,-0.022,0.887,0.132,0.877,0.746,0.708,0.847,0.541,0.87,0.807,-0.266,0.668,0.703,0.779,0.746,0.317,0.655,-0.419,0.302,0.837,0.828,0.732,0.662,0.794,0.377,0.81,-0.056,0.668,0.767,0.308,-0.059,0.852,0.789,0.846,0.79,0.718,0.774,0.384,-0.161,0.601,0.849,0.838,0.874,0.802,0.816,0.851,0.037,0.617,0.712,0.666,0.825,0.839,0.628,0.79,0.723,0.799,0.764,0.845,0.61,0.492,0.824,0.099,0.358,0.809,0.612,0.424,0.823,0.777,-0.292,0.799,0.814,0.192,0.832,0.682,0.638,0.762,0.781,0.837,0.764,0.825,0.809,0.837,0.749,0.739,0.498,0.791,0.645,0.838,0.516,-0.156,0.717,0.615,0.827,-0.071,-0.087,0.222,0.206,0.512,0.288,0.606,0.872,0.776,0.738,0.511,0.885,0.84,0.824,0.808,0.23,0.724,0.833,0.371,0.132,0.608,0.792,0.852,0.393,0.838,0.734,0.839,0.753,0.709,0.637,0.185,0.698,0.849,0.699,0.819,-0.209,0.895,0.836,0.829,0.804,0.698
ACB,0.855,0.758,0.0,0.885,0.825,0.743,0.821,0.909,0.849,0.565,0.417,-0.186,0.819,0.829,0.828,0.762,0.827,0.956,0.798,0.742,0.928,0.88,0.566,0.444,0.737,-0.491,0.898,0.483,-0.144,0.881,-0.374,0.812,0.824,0.405,-0.043,0.9,0.8,0.894,0.223,0.891,0.639,0.741,0.861,0.644,0.245,0.836,0.9,0.714,0.776,0.112,0.613,0.671,0.478,0.825,0.792,0.778,0.507,0.919,0.923,0.22,0.399,0.75,0.936,-0.322,-0.676,0.814,-0.006,0.875,0.289,0.857,0.889,0.828,0.786,0.796,0.883,0.901,-0.262,0.419,0.73,0.862,0.683,0.627,0.893,-0.368,0.667,0.916,0.777,0.889,0.455,0.822,0.542,0.9,-0.004,0.877,0.867,0.519,0.349,0.757,0.939,0.786,0.822,0.686,0.753,0.337,0.02,0.58,0.652,0.777,0.892,0.856,0.783,0.79,0.072,0.724,0.834,0.827,0.752,0.843,0.868,0.526,0.865,0.958,0.823,0.935,0.757,0.706,0.936,0.242,0.424,0.906,0.399,0.59,0.841,0.695,0.048,0.815,0.61,0.306,0.887,0.502,0.589,0.621,0.808,0.7,0.899,0.844,0.817,0.766,0.626,0.642,0.294,0.582,0.856,0.808,0.655,0.146,0.905,0.701,0.877,-0.273,0.026,0.285,0.341,0.311,0.41,0.497,0.908,0.839,0.667,0.827,0.759,0.936,0.791,0.926,0.393,0.723,0.946,0.405,0.327,0.916,0.891,0.894,0.402,0.924,0.696,0.618,0.74,0.889,0.62,0.228,0.912,0.854,0.8,0.862,-0.277,0.757,0.836,0.866,0.921,0.826
ACGL,0.956,0.831,0.885,0.0,0.619,0.841,0.944,0.962,0.958,0.249,0.08,-0.471,0.741,0.952,0.953,0.949,0.783,0.905,0.603,0.88,0.915,0.705,0.279,0.092,0.808,-0.657,0.838,0.175,-0.319,0.957,-0.458,0.913,0.921,0.656,-0.246,0.929,0.928,0.972,0.259,0.92,0.401,0.737,0.894,0.41,0.576,0.973,0.746,0.907,0.939,-0.199,0.821,0.9,0.229,0.544,0.928,0.948,0.266,0.952,0.824,-0.138,0.443,0.932,0.823,-0.545,-0.854,0.65,-0.261,0.917,-0.035,0.947,0.84,0.862,0.959,0.612,0.942,0.952,-0.498,0.728,0.685,0.761,0.903,0.344,0.737,-0.64,0.349,0.944,0.93,0.718,0.67,0.958,0.28,0.96,-0.311,0.704,0.919,0.219,-0.028,0.939,0.871,0.928,0.956,0.875,0.935,0.202,-0.317,0.563,0.841,0.935,0.941,0.965,0.943,0.951,-0.168,0.507,0.815,0.715,0.937,0.881,0.678,0.741,0.732,0.868,0.952,0.98,0.585,0.424,0.945,-0.018,0.163,0.964,0.677,0.287,0.969,0.89,-0.084,0.946,0.848,0.018,0.96,0.567,0.804,0.808,0.768,0.891,0.889,0.761,0.913,0.916,0.803,0.714,0.477,0.807,0.672,0.964,0.553,-0.218,0.924,0.776,0.971,-0.313,-0.3,0.081,0.019,0.264,0.153,0.575,0.895,0.694,0.852,0.624,0.879,0.945,0.95,0.834,0.306,0.903,0.876,0.206,-0.018,0.712,0.955,0.97,0.296,0.948,0.887,0.789,0.91,0.832,0.754,0.01,0.775,0.966,0.896,0.865,-0.476,0.815,0.974,0.961,0.808,0.81
ACGLO,0.657,0.47,0.825,0.619,0.0,0.441,0.591,0.67,0.6,0.556,0.555,-0.004,0.798,0.599,0.585,0.465,0.704,0.784,0.713,0.577,0.816,0.837,0.632,0.58,0.454,-0.3,0.702,0.63,-0.057,0.61,-0.296,0.605,0.64,-0.012,0.049,0.763,0.544,0.661,0.408,0.677,0.679,0.742,0.735,0.57,-0.082,0.606,0.921,0.392,0.514,0.208,0.367,0.403,0.562,0.808,0.477,0.512,0.512,0.708,0.813,0.358,0.243,0.477,0.829,-0.161,-0.473,0.716,0.062,0.658,0.416,0.635,0.797,0.566,0.478,0.851,0.646,0.736,-0.087,0.056,0.62,0.773,0.387,0.774,0.86,-0.129,0.807,0.741,0.552,0.786,0.278,0.572,0.553,0.684,0.195,0.812,0.701,0.594,0.571,0.448,0.794,0.494,0.586,0.482,0.484,0.405,0.194,0.51,0.398,0.545,0.648,0.613,0.521,0.533,0.205,0.663,0.756,0.65,0.466,0.641,0.882,0.124,0.744,0.856,0.598,0.71,0.722,0.695,0.746,0.27,0.388,0.698,0.001,0.657,0.596,0.452,0.148,0.624,0.274,0.407,0.627,0.263,0.379,0.362,0.715,0.465,0.736,0.675,0.68,0.48,0.369,0.334,0.078,0.178,0.863,0.518,0.582,0.375,0.74,0.68,0.654,-0.232,0.237,0.281,0.47,0.154,0.549,0.467,0.751,0.664,0.402,0.881,0.533,0.728,0.524,0.843,0.463,0.52,0.81,0.518,0.486,0.862,0.665,0.633,0.371,0.745,0.373,0.254,0.531,0.781,0.423,0.272,0.84,0.638,0.63,0.758,-0.175,0.558,0.581,0.608,0.834,0.78
ACIW,0.72,0.874,0.743,0.841,0.441,0.0,0.822,0.83,0.811,0.423,0.301,-0.136,0.641,0.755,0.715,0.759,0.56,0.818,0.734,0.632,0.753,0.728,0.448,0.186,0.801,-0.31,0.849,0.378,0.057,0.857,-0.169,0.823,0.668,0.621,0.134,0.795,0.68,0.833,0.117,0.812,0.555,0.402,0.696,0.553,0.487,0.782,0.566,0.777,0.727,0.091,0.796,0.743,0.343,0.562,0.882,0.78,0.536,0.878,0.818,0.07,0.683,0.713,0.777,-0.143,-0.548,0.707,0.112,0.851,0.237,0.861,0.756,0.79,0.807,0.387,0.877,0.759,-0.13,0.643,0.773,0.809,0.722,0.421,0.621,-0.331,0.346,0.845,0.766,0.761,0.606,0.798,0.443,0.785,-0.013,0.648,0.719,0.417,0.044,0.799,0.833,0.767,0.751,0.656,0.727,0.529,-0.048,0.471,0.865,0.801,0.899,0.777,0.842,0.804,0.173,0.675,0.731,0.616,0.768,0.756,0.65,0.711,0.751,0.773,0.713,0.83,0.62,0.548,0.774,0.201,0.422,0.767,0.592,0.471,0.8,0.731,-0.128,0.73,0.746,0.335,0.852,0.805,0.527,0.693,0.845,0.807,0.684,0.875,0.787,0.866,0.756,0.869,0.514,0.744,0.69,0.848,0.603,-0.038,0.662,0.56,0.772,0.085,0.007,0.359,0.264,0.625,0.422,0.709,0.828,0.771,0.61,0.49,0.82,0.851,0.853,0.765,0.383,0.695,0.769,0.461,0.199,0.611,0.775,0.824,0.51,0.799,0.754,0.748,0.676,0.623,0.675,0.334,0.715,0.817,0.616,0.78,-0.06,0.847,0.82,0.809,0.762,0.656
ADBE,0.933,0.874,0.821,0.944,0.591,0.822,0.0,0.962,0.949,0.164,0.029,-0.485,0.803,0.96,0.935,0.95,0.721,0.893,0.562,0.888,0.905,0.69,0.196,0.024,0.782,-0.666,0.795,0.147,-0.291,0.954,-0.509,0.849,0.906,0.672,-0.242,0.932,0.921,0.931,0.347,0.9,0.352,0.708,0.828,0.294,0.645,0.959,0.687,0.938,0.924,-0.283,0.903,0.933,0.129,0.452,0.961,0.966,0.246,0.948,0.829,-0.22,0.536,0.938,0.8,-0.537,-0.858,0.602,-0.319,0.928,-0.093,0.971,0.825,0.785,0.953,0.583,0.944,0.948,-0.535,0.772,0.673,0.736,0.918,0.286,0.69,-0.651,0.271,0.928,0.965,0.659,0.776,0.952,0.158,0.957,-0.307,0.638,0.86,0.154,-0.127,0.958,0.808,0.933,0.949,0.921,0.95,0.237,-0.392,0.64,0.914,0.97,0.901,0.94,0.94,0.963,-0.133,0.46,0.827,0.621,0.96,0.906,0.617,0.779,0.693,0.856,0.944,0.936,0.476,0.366,0.916,-0.024,0.108,0.938,0.71,0.257,0.96,0.941,-0.207,0.932,0.9,-0.007,0.926,0.551,0.849,0.884,0.792,0.922,0.871,0.74,0.919,0.914,0.826,0.657,0.558,0.828,0.641,0.957,0.565,-0.314,0.896,0.823,0.958,-0.232,-0.334,-0.054,-0.013,0.266,0.158,0.628,0.905,0.638,0.883,0.589,0.926,0.897,0.943,0.835,0.339,0.937,0.854,0.259,-0.067,0.625,0.883,0.95,0.268,0.904,0.888,0.825,0.923,0.794,0.81,-0.016,0.708,0.953,0.863,0.887,-0.478,0.862,0.968,0.939,0.796,0.829
ADSK,0.946,0.874,0.909,0.962,0.67,0.83,0.962,0.0,0.959,0.314,0.155,-0.43,0.831,0.954,0.942,0.921,0.82,0.956,0.67,0.877,0.936,0.782,0.304,0.18,0.776,-0.668,0.871,0.243,-0.292,0.976,-0.488,0.845,0.923,0.611,-0.222,0.962,0.935,0.951,0.281,0.951,0.457,0.765,0.879,0.432,0.505,0.946,0.782,0.905,0.914,-0.166,0.811,0.858,0.226,0.598,0.935,0.933,0.321,0.969,0.888,-0.067,0.489,0.905,0.89,-0.511,-0.844,0.683,-0.242,0.943,0.038,0.977,0.883,0.847,0.933,0.678,0.951,0.958,-0.485,0.669,0.667,0.793,0.872,0.394,0.798,-0.605,0.407,0.963,0.933,0.768,0.688,0.948,0.282,0.971,-0.249,0.755,0.899,0.259,0.036,0.932,0.893,0.936,0.935,0.856,0.916,0.247,-0.253,0.604,0.837,0.936,0.918,0.961,0.915,0.943,-0.077,0.571,0.863,0.714,0.924,0.936,0.716,0.724,0.794,0.917,0.945,0.975,0.596,0.516,0.974,0.053,0.222,0.976,0.614,0.346,0.952,0.887,-0.085,0.924,0.816,0.071,0.948,0.55,0.785,0.818,0.795,0.863,0.941,0.807,0.917,0.89,0.764,0.674,0.431,0.776,0.716,0.938,0.576,-0.161,0.947,0.797,0.963,-0.312,-0.244,0.06,0.116,0.266,0.21,0.565,0.935,0.76,0.847,0.702,0.887,0.95,0.919,0.901,0.302,0.897,0.93,0.287,0.073,0.768,0.938,0.959,0.377,0.945,0.858,0.779,0.89,0.875,0.749,0.013,0.822,0.949,0.893,0.888,-0.464,0.85,0.955,0.966,0.874,0.85
AEP,0.955,0.826,0.849,0.958,0.6,0.811,0.949,0.959,0.0,0.22,0.042,-0.523,0.731,0.954,0.953,0.937,0.747,0.871,0.581,0.861,0.908,0.696,0.213,0.046,0.748,-0.684,0.823,0.132,-0.357,0.947,-0.42,0.819,0.899,0.613,-0.282,0.924,0.938,0.94,0.278,0.914,0.359,0.702,0.827,0.381,0.62,0.958,0.718,0.925,0.938,-0.236,0.818,0.909,0.222,0.496,0.921,0.957,0.207,0.959,0.802,-0.182,0.457,0.924,0.809,-0.577,-0.852,0.602,-0.313,0.907,-0.073,0.962,0.826,0.846,0.955,0.57,0.915,0.952,-0.536,0.745,0.657,0.756,0.914,0.33,0.686,-0.659,0.279,0.941,0.947,0.696,0.715,0.983,0.221,0.951,-0.357,0.659,0.874,0.161,-0.078,0.957,0.849,0.919,0.963,0.907,0.933,0.189,-0.358,0.525,0.866,0.937,0.904,0.989,0.926,0.951,-0.182,0.462,0.76,0.641,0.942,0.855,0.632,0.753,0.749,0.837,0.95,0.944,0.51,0.385,0.943,-0.0,0.081,0.951,0.694,0.263,0.984,0.923,-0.089,0.917,0.855,0.004,0.959,0.589,0.82,0.864,0.721,0.853,0.904,0.736,0.897,0.888,0.791,0.662,0.477,0.8,0.64,0.975,0.585,-0.258,0.912,0.768,0.956,-0.285,-0.339,-0.01,-0.01,0.248,0.148,0.618,0.857,0.659,0.867,0.579,0.877,0.919,0.968,0.815,0.331,0.916,0.86,0.202,-0.038,0.674,0.902,0.955,0.342,0.897,0.899,0.751,0.9,0.817,0.81,-0.037,0.745,0.969,0.864,0.896,-0.491,0.819,0.971,0.993,0.787,0.788
AGIO,0.133,0.364,0.565,0.249,0.556,0.423,0.164,0.314,0.22,0.0,0.908,0.546,0.374,0.102,0.092,0.01,0.391,0.503,0.868,-0.036,0.364,0.728,0.894,0.877,0.316,0.272,0.653,0.849,0.388,0.302,0.226,0.268,0.093,-0.1,0.546,0.315,0.065,0.302,-0.12,0.373,0.872,0.092,0.295,0.927,-0.411,0.123,0.539,0.015,0.056,0.837,-0.01,-0.087,0.755,0.861,0.205,0.051,0.833,0.401,0.616,0.861,0.321,-0.028,0.647,0.476,0.118,0.774,0.747,0.363,0.876,0.252,0.456,0.425,0.079,0.473,0.357,0.269,0.509,-0.252,0.506,0.667,-0.104,0.825,0.59,0.455,0.801,0.406,0.066,0.784,-0.165,0.138,0.878,0.249,0.63,0.662,0.251,0.843,0.819,0.079,0.62,0.081,0.077,-0.109,-0.02,0.594,0.777,0.179,0.091,0.066,0.438,0.184,0.166,0.098,0.63,0.876,0.346,0.518,0.013,0.275,0.72,0.001,0.698,0.545,0.072,0.351,0.774,0.917,0.375,0.586,0.859,0.25,-0.215,0.892,0.157,-0.042,0.289,0.098,-0.099,0.817,0.348,0.521,-0.25,-0.055,0.507,0.061,0.331,0.72,0.208,0.163,0.043,0.509,-0.132,-0.042,0.737,0.158,0.573,0.791,0.225,-0.005,0.176,0.188,0.736,0.789,0.861,0.576,0.796,0.228,0.436,0.783,-0.074,0.619,0.152,0.463,0.176,0.557,0.39,-0.056,0.523,0.644,0.888,0.747,0.289,0.292,0.681,0.369,0.044,0.049,-0.064,0.407,0.041,0.714,0.663,0.2,0.064,0.372,0.474,0.365,0.148,0.253,0.608,0.246
ALEC,-0.036,0.218,0.417,0.08,0.555,0.301,0.029,0.155,0.042,0.908,0.0,0.741,0.375,-0.052,-0.103,-0.176,0.189,0.39,0.798,-0.165,0.29,0.698,0.92,0.873,0.188,0.447,0.508,0.951,0.561,0.115,0.324,0.183,-0.033,-0.279,0.703,0.209,-0.131,0.145,-0.037,0.248,0.906,0.037,0.2,0.82,-0.57,-0.025,0.504,-0.196,-0.143,0.872,-0.128,-0.221,0.765,0.799,0.04,-0.121,0.875,0.265,0.537,0.909,0.325,-0.209,0.546,0.65,0.27,0.705,0.816,0.266,0.968,0.129,0.419,0.256,-0.111,0.392,0.22,0.124,0.698,-0.436,0.449,0.598,-0.262,0.882,0.544,0.622,0.851,0.262,-0.098,0.698,-0.195,-0.027,0.85,0.104,0.828,0.609,0.139,0.93,0.885,-0.114,0.496,-0.075,-0.081,-0.239,-0.201,0.731,0.877,0.206,-0.007,-0.038,0.294,0.004,0.021,-0.077,0.821,0.864,0.35,0.34,-0.161,0.186,0.702,-0.232,0.609,0.462,-0.102,0.198,0.717,0.877,0.208,0.68,0.855,0.089,-0.416,0.915,-0.011,-0.196,0.313,-0.044,-0.259,0.908,0.147,0.401,-0.405,-0.181,0.525,-0.071,0.158,0.638,0.15,0.018,-0.11,0.398,-0.203,-0.275,0.735,-0.024,0.49,0.904,0.072,0.018,0.019,0.364,0.879,0.798,0.973,0.598,0.915,0.277,0.364,0.661,-0.273,0.585,0.075,0.332,0.013,0.493,0.454,-0.164,0.418,0.767,0.966,0.639,0.148,0.103,0.686,0.248,-0.168,-0.139,-0.189,0.267,-0.074,0.8,0.603,0.047,-0.061,0.283,0.61,0.222,-0.023,0.063,0.545,0.245
ALNY,-0.612,-0.2,-0.186,-0.471,-0.004,-0.136,-0.485,-0.43,-0.523,0.546,0.741,0.0,-0.117,-0.583,-0.657,-0.645,-0.386,-0.194,0.292,-0.642,-0.294,0.138,0.625,0.529,-0.145,0.827,-0.075,0.699,0.82,-0.429,0.496,-0.241,-0.552,-0.487,0.901,-0.363,-0.675,-0.4,-0.177,-0.344,0.503,-0.493,-0.359,0.395,-0.663,-0.532,-0.111,-0.649,-0.669,0.805,-0.44,-0.618,0.434,0.302,-0.414,-0.602,0.644,-0.31,-0.032,0.762,0.178,-0.68,-0.066,0.924,0.755,0.222,0.874,-0.247,0.785,-0.426,-0.152,-0.287,-0.591,-0.095,-0.32,-0.452,0.929,-0.661,0.093,0.084,-0.681,0.459,-0.026,0.869,0.435,-0.35,-0.602,0.155,-0.46,-0.572,0.575,-0.465,0.938,0.064,-0.377,0.68,0.603,-0.605,-0.119,-0.554,-0.588,-0.661,-0.684,0.602,0.838,-0.028,-0.388,-0.511,-0.233,-0.566,-0.492,-0.575,0.796,0.429,-0.167,-0.096,-0.627,-0.329,0.187,-0.524,0.044,-0.131,-0.653,-0.396,0.258,0.417,-0.417,0.635,0.667,-0.502,-0.627,0.61,-0.548,-0.639,0.106,-0.545,-0.57,0.759,-0.427,0.099,-0.759,-0.539,0.071,-0.469,-0.46,0.121,-0.359,-0.437,-0.443,0.029,-0.266,-0.577,0.207,-0.536,0.072,0.77,-0.525,-0.412,-0.518,0.649,0.917,0.679,0.765,0.493,0.684,0.006,-0.166,0.142,-0.692,0.018,-0.316,-0.257,-0.494,-0.087,0.23,-0.634,-0.17,0.574,0.741,0.02,-0.415,-0.444,0.33,-0.315,-0.632,-0.435,-0.64,-0.329,-0.438,0.752,0.003,-0.486,-0.574,-0.242,0.87,-0.22,-0.546,-0.519,-0.019,-0.251
ALTR,0.745,0.704,0.819,0.741,0.798,0.641,0.803,0.831,0.731,0.374,0.375,-0.117,0.0,0.761,0.696,0.65,0.665,0.894,0.693,0.74,0.876,0.853,0.43,0.37,0.569,-0.412,0.745,0.511,-0.062,0.782,-0.377,0.703,0.754,0.268,0.03,0.88,0.692,0.76,0.416,0.801,0.591,0.702,0.762,0.381,0.19,0.742,0.82,0.629,0.647,-0.044,0.649,0.64,0.333,0.678,0.727,0.706,0.483,0.821,0.903,0.126,0.471,0.656,0.879,-0.26,-0.612,0.699,-0.076,0.825,0.254,0.823,0.881,0.633,0.667,0.721,0.816,0.811,-0.233,0.32,0.705,0.783,0.598,0.595,0.829,-0.311,0.595,0.821,0.743,0.768,0.588,0.729,0.344,0.82,0.096,0.772,0.774,0.476,0.273,0.652,0.803,0.71,0.726,0.674,0.666,0.496,-0.023,0.694,0.671,0.785,0.725,0.73,0.688,0.727,0.255,0.638,0.888,0.587,0.681,0.852,0.776,0.357,0.783,0.896,0.725,0.792,0.592,0.619,0.817,0.272,0.359,0.796,0.256,0.527,0.743,0.667,-0.071,0.749,0.561,0.281,0.725,0.349,0.588,0.641,0.844,0.673,0.806,0.768,0.835,0.646,0.528,0.455,0.32,0.43,0.804,0.681,0.578,0.098,0.795,0.799,0.78,-0.116,0.061,0.127,0.347,0.252,0.456,0.612,0.905,0.711,0.585,0.821,0.774,0.806,0.684,0.917,0.462,0.722,0.863,0.558,0.308,0.754,0.756,0.755,0.37,0.834,0.558,0.541,0.712,0.798,0.609,0.183,0.815,0.74,0.725,0.803,-0.278,0.744,0.742,0.727,0.911,0.889
AMBA,0.967,0.804,0.829,0.952,0.599,0.755,0.96,0.954,0.954,0.102,-0.052,-0.583,0.761,0.0,0.968,0.967,0.74,0.872,0.499,0.92,0.896,0.636,0.13,-0.027,0.743,-0.76,0.756,0.061,-0.394,0.95,-0.533,0.831,0.937,0.652,-0.343,0.932,0.968,0.927,0.324,0.904,0.285,0.776,0.847,0.243,0.64,0.968,0.715,0.943,0.949,-0.348,0.857,0.933,0.097,0.43,0.925,0.973,0.151,0.917,0.785,-0.278,0.414,0.963,0.773,-0.647,-0.896,0.565,-0.421,0.892,-0.18,0.948,0.813,0.789,0.963,0.593,0.908,0.955,-0.621,0.769,0.628,0.694,0.942,0.25,0.675,-0.73,0.254,0.904,0.968,0.626,0.697,0.965,0.115,0.969,-0.417,0.611,0.884,0.086,-0.144,0.954,0.799,0.94,0.974,0.938,0.965,0.106,-0.454,0.602,0.85,0.958,0.867,0.957,0.92,0.963,-0.253,0.378,0.806,0.643,0.967,0.893,0.578,0.749,0.662,0.822,0.972,0.937,0.444,0.314,0.928,-0.106,0.022,0.96,0.723,0.174,0.97,0.939,-0.157,0.943,0.887,-0.105,0.931,0.468,0.889,0.858,0.704,0.887,0.899,0.665,0.898,0.897,0.809,0.579,0.505,0.817,0.586,0.959,0.523,-0.356,0.939,0.831,0.976,-0.365,-0.421,-0.121,-0.105,0.143,0.046,0.556,0.867,0.585,0.902,0.583,0.882,0.879,0.939,0.804,0.292,0.954,0.832,0.154,-0.135,0.632,0.903,0.957,0.208,0.901,0.895,0.796,0.947,0.817,0.802,-0.126,0.703,0.962,0.903,0.854,-0.583,0.812,0.975,0.948,0.765,0.82
AMCX,0.991,0.758,0.828,0.953,0.585,0.715,0.935,0.942,0.953,0.092,-0.103,-0.657,0.696,0.968,0.0,0.968,0.804,0.837,0.444,0.931,0.875,0.587,0.087,-0.016,0.695,-0.785,0.728,-0.014,-0.502,0.935,-0.562,0.809,0.934,0.64,-0.459,0.898,0.981,0.92,0.338,0.876,0.216,0.786,0.833,0.244,0.648,0.961,0.702,0.941,0.984,-0.375,0.797,0.912,0.112,0.41,0.882,0.961,0.063,0.897,0.726,-0.31,0.292,0.971,0.735,-0.72,-0.929,0.497,-0.476,0.845,-0.235,0.916,0.751,0.807,0.958,0.614,0.893,0.947,-0.694,0.767,0.544,0.627,0.938,0.197,0.664,-0.761,0.226,0.907,0.954,0.583,0.683,0.964,0.083,0.95,-0.505,0.595,0.861,0.008,-0.149,0.95,0.77,0.921,0.97,0.929,0.978,-0.0,-0.481,0.51,0.802,0.913,0.851,0.971,0.925,0.956,-0.349,0.318,0.747,0.64,0.955,0.847,0.559,0.752,0.61,0.801,0.993,0.94,0.413,0.279,0.933,-0.146,-0.045,0.962,0.725,0.12,0.963,0.935,-0.1,0.942,0.851,-0.167,0.933,0.416,0.892,0.827,0.634,0.865,0.904,0.603,0.857,0.867,0.812,0.551,0.487,0.817,0.543,0.948,0.494,-0.375,0.956,0.789,0.969,-0.459,-0.497,-0.159,-0.17,0.044,-0.034,0.472,0.807,0.552,0.907,0.572,0.813,0.867,0.924,0.751,0.228,0.938,0.804,0.034,-0.192,0.634,0.908,0.947,0.149,0.883,0.925,0.773,0.938,0.818,0.776,-0.18,0.66,0.947,0.914,0.815,-0.65,0.747,0.965,0.955,0.715,0.774
AMKR,0.948,0.805,0.762,0.949,0.465,0.759,0.95,0.921,0.937,0.01,-0.176,-0.645,0.65,0.967,0.968,0.0,0.726,0.807,0.395,0.912,0.831,0.526,0.034,-0.137,0.779,-0.774,0.697,-0.067,-0.414,0.927,-0.573,0.845,0.927,0.764,-0.402,0.873,0.956,0.919,0.264,0.848,0.154,0.713,0.811,0.176,0.749,0.972,0.588,0.969,0.964,-0.425,0.891,0.959,-0.007,0.32,0.938,0.986,0.051,0.882,0.693,-0.375,0.418,0.99,0.669,-0.685,-0.912,0.462,-0.473,0.858,-0.292,0.917,0.724,0.771,0.984,0.523,0.885,0.914,-0.671,0.864,0.567,0.614,0.976,0.094,0.59,-0.792,0.116,0.867,0.964,0.525,0.738,0.951,0.05,0.934,-0.499,0.534,0.864,-0.03,-0.279,0.975,0.726,0.953,0.971,0.941,0.991,0.014,-0.554,0.531,0.864,0.949,0.861,0.948,0.93,0.972,-0.373,0.281,0.733,0.633,0.99,0.84,0.485,0.845,0.559,0.75,0.969,0.915,0.382,0.186,0.878,-0.192,-0.049,0.932,0.806,0.055,0.958,0.954,-0.231,0.948,0.942,-0.208,0.913,0.48,0.918,0.878,0.645,0.927,0.843,0.597,0.87,0.928,0.843,0.6,0.552,0.904,0.479,0.965,0.424,-0.478,0.891,0.785,0.965,-0.38,-0.521,-0.157,-0.226,0.138,-0.073,0.504,0.81,0.516,0.941,0.465,0.878,0.843,0.938,0.71,0.175,0.947,0.764,0.035,-0.27,0.524,0.891,0.942,0.118,0.868,0.924,0.856,0.958,0.753,0.786,-0.182,0.596,0.95,0.898,0.803,-0.611,0.788,0.971,0.932,0.665,0.748
AMRX,0.804,0.649,0.827,0.783,0.704,0.56,0.721,0.82,0.747,0.391,0.189,-0.386,0.665,0.74,0.804,0.726,0.0,0.813,0.562,0.772,0.774,0.683,0.315,0.398,0.558,-0.615,0.712,0.247,-0.346,0.775,-0.564,0.669,0.822,0.432,-0.335,0.806,0.778,0.787,0.216,0.749,0.37,0.794,0.798,0.451,0.213,0.754,0.731,0.684,0.76,-0.067,0.538,0.573,0.185,0.618,0.681,0.724,0.218,0.751,0.733,0.106,0.235,0.733,0.769,-0.494,-0.747,0.566,-0.225,0.71,0.084,0.741,0.731,0.666,0.697,0.842,0.725,0.803,-0.465,0.388,0.424,0.64,0.622,0.372,0.816,-0.477,0.484,0.827,0.745,0.645,0.456,0.712,0.335,0.791,-0.214,0.751,0.805,0.195,0.243,0.696,0.777,0.736,0.736,0.633,0.732,0.028,-0.104,0.398,0.504,0.669,0.709,0.788,0.682,0.758,-0.195,0.479,0.707,0.759,0.699,0.728,0.692,0.507,0.663,0.814,0.802,0.836,0.629,0.498,0.859,-0.069,0.219,0.856,0.318,0.282,0.726,0.651,0.043,0.8,0.523,0.004,0.77,0.263,0.631,0.55,0.569,0.666,0.884,0.627,0.725,0.671,0.494,0.416,0.098,0.525,0.617,0.692,0.333,0.009,0.845,0.641,0.807,-0.576,-0.162,0.083,0.143,-0.014,0.103,0.263,0.764,0.694,0.715,0.768,0.595,0.784,0.661,0.776,0.038,0.662,0.817,0.104,0.135,0.782,0.824,0.781,0.274,0.827,0.61,0.572,0.717,0.9,0.428,-0.07,0.736,0.748,0.808,0.705,-0.528,0.678,0.741,0.779,0.756,0.719
ANSS,0.861,0.848,0.956,0.905,0.784,0.818,0.893,0.956,0.871,0.503,0.39,-0.194,0.894,0.872,0.837,0.807,0.813,0.0,0.808,0.784,0.943,0.899,0.514,0.393,0.784,-0.514,0.914,0.481,-0.092,0.927,-0.411,0.847,0.86,0.484,-0.014,0.953,0.824,0.923,0.246,0.93,0.643,0.748,0.886,0.576,0.301,0.871,0.861,0.775,0.794,0.05,0.725,0.73,0.381,0.774,0.871,0.83,0.531,0.95,0.966,0.168,0.536,0.79,0.957,-0.302,-0.702,0.821,-0.027,0.936,0.272,0.929,0.937,0.826,0.828,0.773,0.926,0.916,-0.268,0.486,0.747,0.884,0.732,0.582,0.896,-0.397,0.619,0.943,0.836,0.882,0.576,0.854,0.481,0.931,0.006,0.864,0.892,0.495,0.269,0.811,0.947,0.849,0.845,0.728,0.794,0.408,-0.025,0.647,0.75,0.86,0.914,0.873,0.824,0.847,0.121,0.736,0.914,0.79,0.811,0.93,0.847,0.59,0.875,0.979,0.846,0.95,0.745,0.694,0.949,0.216,0.441,0.929,0.437,0.552,0.868,0.756,-0.05,0.857,0.691,0.286,0.897,0.562,0.639,0.7,0.878,0.786,0.913,0.894,0.892,0.831,0.667,0.681,0.345,0.642,0.853,0.84,0.626,0.077,0.902,0.778,0.905,-0.218,0.012,0.26,0.348,0.376,0.413,0.578,0.977,0.854,0.716,0.827,0.847,0.952,0.825,0.971,0.374,0.79,0.97,0.483,0.311,0.877,0.914,0.912,0.457,0.951,0.72,0.7,0.792,0.891,0.66,0.21,0.918,0.883,0.831,0.887,-0.286,0.844,0.875,0.884,0.959,0.871
APPN,0.49,0.669,0.798,0.603,0.713,0.734,0.562,0.67,0.581,0.868,0.798,0.292,0.693,0.499,0.444,0.395,0.562,0.808,0.0,0.344,0.689,0.915,0.826,0.718,0.591,-0.048,0.889,0.806,0.262,0.652,0.031,0.585,0.453,0.18,0.413,0.674,0.422,0.638,0.074,0.719,0.916,0.383,0.607,0.885,-0.1,0.499,0.749,0.399,0.409,0.59,0.383,0.324,0.698,0.907,0.584,0.442,0.853,0.742,0.888,0.624,0.546,0.356,0.898,0.217,-0.238,0.933,0.519,0.715,0.738,0.646,0.778,0.683,0.458,0.591,0.703,0.616,0.257,0.095,0.725,0.9,0.294,0.837,0.794,0.114,0.795,0.735,0.458,0.952,0.229,0.519,0.797,0.614,0.437,0.817,0.574,0.817,0.632,0.459,0.872,0.467,0.459,0.293,0.366,0.679,0.511,0.434,0.49,0.489,0.742,0.538,0.532,0.482,0.555,0.96,0.696,0.64,0.409,0.644,0.868,0.294,0.915,0.828,0.441,0.678,0.857,0.943,0.685,0.51,0.79,0.597,0.096,0.857,0.53,0.354,0.165,0.465,0.294,0.732,0.665,0.685,0.122,0.323,0.813,0.439,0.62,0.948,0.605,0.538,0.372,0.713,0.103,0.29,0.895,0.534,0.709,0.549,0.549,0.375,0.543,0.122,0.509,0.666,0.756,0.652,0.78,0.525,0.772,0.929,0.277,0.767,0.542,0.769,0.55,0.841,0.498,0.362,0.805,0.731,0.747,0.882,0.614,0.629,0.741,0.689,0.388,0.357,0.334,0.657,0.386,0.612,0.878,0.563,0.41,0.694,0.235,0.69,0.529,0.598,0.867,0.584
APTO,0.932,0.696,0.742,0.88,0.577,0.632,0.888,0.877,0.861,-0.036,-0.165,-0.642,0.74,0.92,0.931,0.912,0.772,0.784,0.344,0.0,0.827,0.532,0.004,-0.078,0.605,-0.78,0.6,-0.021,-0.454,0.872,-0.595,0.778,0.915,0.55,-0.459,0.877,0.917,0.842,0.418,0.786,0.114,0.805,0.8,0.082,0.597,0.905,0.656,0.89,0.91,-0.486,0.812,0.879,-0.006,0.332,0.826,0.92,0.012,0.814,0.682,-0.369,0.297,0.936,0.674,-0.74,-0.888,0.384,-0.556,0.779,-0.287,0.867,0.72,0.654,0.885,0.607,0.823,0.884,-0.702,0.696,0.555,0.563,0.882,0.147,0.638,-0.758,0.177,0.848,0.933,0.485,0.731,0.887,-0.001,0.894,-0.47,0.551,0.844,-0.027,-0.187,0.858,0.672,0.881,0.925,0.918,0.935,0.029,-0.533,0.5,0.763,0.891,0.74,0.888,0.846,0.928,-0.341,0.227,0.756,0.591,0.91,0.807,0.504,0.635,0.535,0.756,0.944,0.865,0.343,0.193,0.857,-0.197,-0.11,0.911,0.616,0.046,0.889,0.897,-0.166,0.93,0.808,-0.212,0.831,0.234,0.918,0.801,0.615,0.861,0.847,0.513,0.861,0.819,0.749,0.383,0.484,0.744,0.482,0.87,0.35,-0.412,0.896,0.817,0.928,-0.474,-0.498,-0.237,-0.221,-0.058,-0.067,0.479,0.786,0.458,0.855,0.556,0.8,0.761,0.849,0.72,0.168,0.909,0.737,0.035,-0.256,0.531,0.84,0.873,0.026,0.843,0.814,0.768,0.948,0.796,0.708,-0.252,0.583,0.88,0.894,0.768,-0.7,0.728,0.909,0.85,0.678,0.833
ARCT,0.91,0.776,0.928,0.915,0.816,0.753,0.905,0.936,0.908,0.364,0.29,-0.294,0.876,0.896,0.875,0.831,0.774,0.943,0.689,0.827,0.0,0.863,0.439,0.283,0.729,-0.548,0.842,0.404,-0.207,0.895,-0.411,0.855,0.898,0.423,-0.112,0.962,0.85,0.929,0.362,0.91,0.56,0.806,0.891,0.458,0.375,0.913,0.895,0.778,0.842,-0.094,0.729,0.801,0.359,0.68,0.838,0.864,0.379,0.949,0.91,0.048,0.466,0.826,0.905,-0.426,-0.779,0.716,-0.184,0.919,0.144,0.928,0.927,0.795,0.847,0.735,0.903,0.953,-0.37,0.521,0.739,0.826,0.791,0.578,0.856,-0.47,0.569,0.939,0.869,0.8,0.646,0.899,0.376,0.943,-0.092,0.834,0.912,0.414,0.199,0.828,0.906,0.845,0.898,0.819,0.833,0.365,-0.159,0.663,0.775,0.895,0.891,0.909,0.849,0.869,0.031,0.611,0.898,0.711,0.839,0.889,0.82,0.538,0.809,0.942,0.886,0.946,0.652,0.559,0.951,0.15,0.246,0.937,0.466,0.475,0.913,0.808,-0.004,0.894,0.71,0.187,0.888,0.493,0.725,0.749,0.852,0.788,0.916,0.802,0.917,0.816,0.679,0.615,0.4,0.606,0.842,0.867,0.64,-0.006,0.932,0.866,0.927,-0.23,-0.094,0.119,0.233,0.255,0.365,0.629,0.935,0.722,0.753,0.794,0.871,0.941,0.864,0.937,0.466,0.864,0.94,0.395,0.187,0.808,0.91,0.907,0.376,0.946,0.746,0.647,0.858,0.881,0.729,0.124,0.875,0.917,0.869,0.919,-0.393,0.766,0.898,0.906,0.911,0.927
ARWR,0.64,0.716,0.88,0.705,0.837,0.728,0.69,0.782,0.696,0.728,0.698,0.138,0.853,0.636,0.587,0.526,0.683,0.899,0.915,0.532,0.863,0.0,0.749,0.655,0.629,-0.199,0.889,0.764,0.145,0.729,-0.147,0.692,0.649,0.203,0.262,0.824,0.564,0.754,0.183,0.8,0.852,0.599,0.754,0.737,-0.011,0.651,0.873,0.501,0.539,0.348,0.491,0.475,0.582,0.898,0.667,0.584,0.716,0.832,0.953,0.5,0.566,0.504,0.953,0.013,-0.44,0.878,0.275,0.814,0.594,0.768,0.904,0.694,0.574,0.732,0.772,0.755,0.066,0.165,0.761,0.911,0.452,0.839,0.899,-0.045,0.813,0.824,0.609,0.936,0.404,0.65,0.68,0.746,0.344,0.926,0.745,0.753,0.571,0.568,0.921,0.612,0.613,0.482,0.515,0.643,0.32,0.58,0.58,0.657,0.783,0.675,0.62,0.618,0.446,0.891,0.835,0.703,0.55,0.768,0.924,0.308,0.927,0.92,0.599,0.79,0.839,0.86,0.812,0.439,0.635,0.738,0.127,0.782,0.666,0.501,0.115,0.638,0.404,0.579,0.725,0.568,0.339,0.487,0.883,0.554,0.781,0.929,0.755,0.616,0.417,0.645,0.162,0.33,0.968,0.626,0.674,0.434,0.71,0.633,0.69,0.007,0.375,0.482,0.667,0.494,0.708,0.599,0.885,0.901,0.439,0.878,0.694,0.854,0.637,0.949,0.507,0.549,0.911,0.692,0.628,0.905,0.745,0.712,0.65,0.819,0.453,0.437,0.54,0.8,0.49,0.456,0.947,0.693,0.611,0.808,0.004,0.719,0.652,0.71,0.958,0.802
ASND,0.145,0.364,0.566,0.279,0.632,0.448,0.196,0.304,0.213,0.894,0.92,0.625,0.43,0.13,0.087,0.034,0.315,0.514,0.826,0.004,0.439,0.749,0.0,0.764,0.415,0.347,0.609,0.911,0.52,0.288,0.19,0.409,0.134,-0.132,0.664,0.356,0.031,0.338,0.015,0.359,0.902,0.13,0.345,0.835,-0.337,0.187,0.583,-0.01,0.046,0.769,0.076,-0.007,0.763,0.841,0.214,0.076,0.884,0.424,0.633,0.799,0.392,-0.011,0.62,0.518,0.113,0.782,0.723,0.427,0.853,0.266,0.497,0.403,0.1,0.484,0.385,0.307,0.565,-0.211,0.622,0.704,-0.05,0.862,0.605,0.456,0.851,0.403,0.077,0.764,-0.084,0.152,0.889,0.261,0.712,0.671,0.308,0.911,0.77,0.07,0.61,0.084,0.124,-0.042,-0.004,0.735,0.708,0.365,0.173,0.133,0.493,0.181,0.211,0.111,0.671,0.882,0.444,0.511,0.034,0.287,0.808,-0.052,0.664,0.571,0.077,0.368,0.781,0.854,0.346,0.661,0.814,0.254,-0.216,0.934,0.178,-0.001,0.192,0.154,-0.04,0.853,0.335,0.522,-0.199,-0.012,0.628,0.138,0.272,0.717,0.293,0.207,0.128,0.54,0.009,-0.053,0.812,0.181,0.574,0.759,0.229,0.168,0.214,0.345,0.765,0.797,0.859,0.635,0.878,0.393,0.488,0.725,-0.094,0.589,0.265,0.483,0.211,0.584,0.504,0.014,0.539,0.737,0.84,0.692,0.314,0.296,0.612,0.416,0.023,0.065,0.004,0.347,0.104,0.804,0.668,0.254,0.103,0.431,0.519,0.361,0.176,0.23,0.631,0.358
ASTH,0.038,0.139,0.444,0.092,0.58,0.186,0.024,0.18,0.046,0.877,0.873,0.529,0.37,-0.027,-0.016,-0.137,0.398,0.393,0.718,-0.078,0.283,0.655,0.764,0.0,0.074,0.275,0.474,0.816,0.299,0.123,0.186,0.108,0.042,-0.253,0.41,0.225,-0.046,0.152,-0.023,0.245,0.783,0.198,0.252,0.748,-0.628,-0.023,0.536,-0.152,-0.053,0.746,-0.206,-0.25,0.663,0.78,0.007,-0.093,0.702,0.224,0.508,0.887,0.109,-0.14,0.547,0.448,0.129,0.643,0.638,0.186,0.841,0.115,0.391,0.216,-0.11,0.516,0.191,0.162,0.471,-0.485,0.296,0.484,-0.264,0.805,0.58,0.507,0.85,0.287,-0.044,0.62,-0.248,-0.021,0.715,0.133,0.622,0.621,0.17,0.749,0.932,-0.094,0.486,-0.051,-0.073,-0.223,-0.136,0.481,0.808,0.114,-0.106,-0.062,0.217,0.035,0.004,-0.044,0.623,0.742,0.35,0.38,-0.135,0.199,0.637,-0.25,0.558,0.465,-0.017,0.222,0.679,0.841,0.276,0.453,0.751,0.156,-0.447,0.752,-0.004,-0.197,0.424,0.006,-0.316,0.711,0.153,0.2,-0.32,-0.235,0.413,-0.082,0.285,0.545,0.115,-0.012,-0.187,0.24,-0.348,-0.299,0.662,-0.047,0.402,0.855,0.162,0.011,0.055,0.045,0.734,0.651,0.842,0.273,0.715,0.063,0.333,0.632,-0.159,0.721,-0.038,0.317,-0.026,0.486,0.303,-0.138,0.419,0.575,0.873,0.699,0.197,0.113,0.552,0.267,-0.144,-0.17,-0.141,0.401,-0.132,0.571,0.587,0.028,0.037,0.213,0.34,0.191,-0.016,0.089,0.523,0.241
ATSG,0.68,0.855,0.737,0.808,0.454,0.801,0.782,0.776,0.748,0.316,0.188,-0.145,0.569,0.743,0.695,0.779,0.558,0.784,0.591,0.605,0.729,0.629,0.415,0.074,0.0,-0.419,0.782,0.288,0.107,0.792,-0.408,0.882,0.747,0.676,0.116,0.757,0.66,0.845,0.009,0.715,0.443,0.5,0.755,0.464,0.527,0.812,0.495,0.728,0.661,0.001,0.781,0.72,0.158,0.536,0.86,0.77,0.453,0.813,0.72,0.022,0.686,0.72,0.666,-0.187,-0.562,0.655,0.028,0.84,0.115,0.784,0.699,0.675,0.813,0.536,0.783,0.748,-0.175,0.648,0.689,0.751,0.723,0.274,0.6,-0.41,0.338,0.74,0.724,0.661,0.509,0.719,0.442,0.751,-0.014,0.634,0.797,0.363,-0.052,0.778,0.748,0.794,0.749,0.649,0.72,0.333,-0.179,0.589,0.744,0.785,0.875,0.741,0.725,0.759,-0.065,0.566,0.681,0.753,0.767,0.769,0.636,0.764,0.632,0.743,0.694,0.805,0.649,0.41,0.732,0.118,0.386,0.757,0.587,0.381,0.762,0.68,-0.359,0.77,0.789,0.191,0.766,0.684,0.58,0.678,0.747,0.801,0.665,0.746,0.772,0.841,0.723,0.75,0.449,0.792,0.615,0.782,0.422,-0.148,0.667,0.614,0.792,-0.045,-0.047,0.331,0.164,0.55,0.245,0.533,0.81,0.689,0.71,0.447,0.86,0.812,0.755,0.717,0.16,0.661,0.784,0.389,0.09,0.563,0.807,0.792,0.26,0.817,0.651,0.783,0.719,0.6,0.565,0.198,0.664,0.814,0.702,0.77,-0.118,0.785,0.788,0.759,0.703,0.628
AVTX,-0.751,-0.452,-0.491,-0.657,-0.3,-0.31,-0.666,-0.668,-0.684,0.272,0.447,0.827,-0.412,-0.76,-0.785,-0.774,-0.615,-0.514,-0.048,-0.78,-0.548,-0.199,0.347,0.275,-0.419,0.0,-0.372,0.383,0.661,-0.628,0.649,-0.458,-0.788,-0.554,0.716,-0.626,-0.811,-0.629,-0.152,-0.583,0.185,-0.742,-0.636,0.113,-0.541,-0.704,-0.398,-0.739,-0.751,0.619,-0.547,-0.677,0.303,-0.062,-0.612,-0.735,0.347,-0.544,-0.348,0.506,-0.042,-0.792,-0.396,0.853,0.848,-0.099,0.73,-0.526,0.502,-0.642,-0.473,-0.461,-0.719,-0.444,-0.52,-0.65,0.831,-0.624,-0.104,-0.22,-0.768,0.188,-0.387,0.86,0.104,-0.567,-0.733,-0.19,-0.526,-0.696,0.256,-0.678,0.727,-0.313,-0.653,0.357,0.363,-0.734,-0.411,-0.765,-0.735,-0.73,-0.79,0.417,0.654,-0.228,-0.462,-0.684,-0.457,-0.733,-0.588,-0.715,0.635,0.073,-0.466,-0.436,-0.751,-0.627,-0.156,-0.608,-0.269,-0.462,-0.798,-0.631,-0.109,0.075,-0.664,0.477,0.341,-0.729,-0.584,0.314,-0.698,-0.712,0.099,-0.732,-0.662,0.54,-0.579,-0.022,-0.798,-0.621,-0.215,-0.6,-0.71,-0.193,-0.601,-0.609,-0.485,-0.129,-0.173,-0.645,-0.102,-0.658,-0.044,0.558,-0.751,-0.587,-0.723,0.752,0.715,0.452,0.451,0.308,0.471,-0.068,-0.487,-0.206,-0.811,-0.316,-0.536,-0.514,-0.603,-0.428,0.216,-0.741,-0.517,0.322,0.458,-0.323,-0.668,-0.633,0.129,-0.589,-0.665,-0.563,-0.787,-0.617,-0.487,0.623,-0.356,-0.673,-0.796,-0.504,0.837,-0.441,-0.7,-0.698,-0.366,-0.52
BCPC,0.748,0.847,0.898,0.838,0.702,0.849,0.795,0.871,0.823,0.653,0.508,-0.075,0.745,0.756,0.728,0.697,0.712,0.914,0.889,0.6,0.842,0.889,0.609,0.474,0.782,-0.372,0.0,0.549,-0.016,0.853,-0.242,0.78,0.732,0.456,0.11,0.851,0.706,0.865,0.089,0.858,0.743,0.585,0.816,0.763,0.217,0.774,0.773,0.688,0.688,0.266,0.614,0.616,0.49,0.802,0.821,0.725,0.617,0.911,0.913,0.318,0.586,0.657,0.938,-0.135,-0.57,0.857,0.198,0.869,0.427,0.849,0.865,0.803,0.757,0.658,0.864,0.827,-0.094,0.413,0.723,0.902,0.61,0.647,0.811,-0.253,0.616,0.893,0.73,0.92,0.446,0.77,0.628,0.814,0.093,0.852,0.791,0.576,0.343,0.759,0.959,0.757,0.731,0.584,0.67,0.454,0.152,0.519,0.694,0.749,0.898,0.803,0.761,0.754,0.206,0.832,0.773,0.753,0.704,0.818,0.822,0.584,0.908,0.907,0.725,0.885,0.834,0.764,0.879,0.255,0.578,0.826,0.389,0.641,0.799,0.631,0.039,0.741,0.591,0.423,0.856,0.705,0.447,0.583,0.837,0.685,0.829,0.94,0.796,0.755,0.586,0.786,0.243,0.581,0.844,0.783,0.663,0.218,0.767,0.566,0.789,-0.119,0.153,0.467,0.467,0.545,0.511,0.559,0.89,0.928,0.61,0.743,0.758,0.93,0.776,0.906,0.368,0.638,0.925,0.508,0.448,0.875,0.845,0.83,0.589,0.882,0.655,0.601,0.639,0.8,0.572,0.323,0.91,0.818,0.688,0.84,-0.088,0.818,0.791,0.848,0.911,0.704
BEAM,0.061,0.329,0.483,0.175,0.63,0.378,0.147,0.243,0.132,0.849,0.951,0.699,0.511,0.061,-0.014,-0.067,0.247,0.481,0.806,-0.021,0.404,0.764,0.911,0.816,0.288,0.383,0.549,0.0,0.588,0.219,0.207,0.314,0.088,-0.264,0.718,0.347,-0.048,0.259,0.054,0.297,0.888,0.133,0.3,0.764,-0.48,0.1,0.56,-0.078,-0.065,0.754,0.039,-0.087,0.696,0.824,0.16,0.014,0.894,0.363,0.626,0.829,0.444,-0.088,0.617,0.57,0.19,0.726,0.729,0.358,0.902,0.24,0.521,0.244,0.003,0.475,0.302,0.239,0.624,-0.362,0.607,0.683,-0.158,0.903,0.603,0.54,0.841,0.352,0.046,0.737,-0.03,0.072,0.853,0.202,0.817,0.673,0.277,0.943,0.812,-0.025,0.558,0.036,0.048,-0.094,-0.091,0.812,0.76,0.334,0.128,0.104,0.367,0.092,0.093,0.059,0.771,0.858,0.454,0.427,-0.039,0.283,0.758,-0.193,0.659,0.548,0.002,0.281,0.766,0.848,0.298,0.647,0.827,0.191,-0.371,0.936,0.102,-0.082,0.168,0.104,-0.125,0.879,0.219,0.395,-0.247,-0.055,0.631,0.074,0.25,0.695,0.289,0.131,-0.008,0.378,-0.091,-0.188,0.799,0.072,0.492,0.814,0.155,0.173,0.146,0.35,0.851,0.767,0.923,0.587,0.925,0.42,0.484,0.682,-0.152,0.649,0.234,0.402,0.112,0.598,0.492,-0.044,0.507,0.828,0.91,0.647,0.238,0.204,0.615,0.371,-0.12,-0.006,-0.027,0.371,0.015,0.772,0.653,0.171,0.059,0.407,0.515,0.363,0.096,0.141,0.651,0.402
BILI,-0.471,-0.003,-0.144,-0.319,-0.057,0.057,-0.291,-0.292,-0.357,0.388,0.561,0.82,-0.062,-0.394,-0.502,-0.414,-0.346,-0.092,0.262,-0.454,-0.207,0.145,0.52,0.299,0.107,0.661,-0.016,0.588,0.0,-0.259,0.361,-0.054,-0.398,-0.256,0.907,-0.21,-0.538,-0.244,-0.254,-0.271,0.398,-0.46,-0.25,0.284,-0.347,-0.343,-0.183,-0.411,-0.522,0.601,-0.142,-0.374,0.254,0.257,-0.18,-0.362,0.645,-0.165,0.045,0.551,0.399,-0.456,-0.052,0.839,0.64,0.255,0.748,-0.092,0.602,-0.243,-0.03,-0.234,-0.369,-0.109,-0.175,-0.317,0.84,-0.374,0.22,0.184,-0.427,0.289,-0.045,0.696,0.282,-0.242,-0.383,0.135,-0.262,-0.403,0.517,-0.321,0.826,0.049,-0.216,0.579,0.329,-0.391,-0.056,-0.352,-0.389,-0.435,-0.467,0.65,0.584,0.065,-0.117,-0.284,-0.083,-0.409,-0.325,-0.356,0.646,0.389,-0.06,0.012,-0.392,-0.192,0.175,-0.272,0.079,-0.071,-0.486,-0.267,0.239,0.315,-0.32,0.566,0.575,-0.366,-0.349,0.506,-0.377,-0.413,-0.227,-0.362,-0.274,0.703,-0.275,0.235,-0.517,-0.311,0.195,-0.219,-0.361,0.19,-0.196,-0.185,-0.198,0.135,-0.057,-0.296,0.187,-0.33,0.015,0.495,-0.439,-0.228,-0.324,0.704,0.764,0.614,0.594,0.6,0.599,0.232,-0.038,0.156,-0.484,-0.051,-0.07,-0.162,-0.304,-0.03,0.112,-0.447,-0.083,0.628,0.539,-0.044,-0.291,-0.282,0.242,-0.195,-0.468,-0.165,-0.417,-0.287,-0.273,0.736,-0.002,-0.286,-0.433,-0.104,0.793,0.027,-0.353,-0.365,0.044,-0.155
BJRI,0.935,0.896,0.881,0.957,0.61,0.857,0.954,0.976,0.947,0.302,0.115,-0.429,0.782,0.95,0.935,0.927,0.775,0.927,0.652,0.872,0.895,0.729,0.288,0.123,0.792,-0.628,0.853,0.219,-0.259,0.0,-0.466,0.853,0.88,0.629,-0.183,0.941,0.927,0.939,0.268,0.925,0.42,0.685,0.822,0.417,0.572,0.939,0.724,0.936,0.918,-0.161,0.855,0.879,0.225,0.562,0.949,0.943,0.335,0.956,0.863,-0.116,0.495,0.914,0.853,-0.499,-0.794,0.674,-0.223,0.922,-0.002,0.958,0.828,0.841,0.948,0.61,0.955,0.945,-0.483,0.72,0.718,0.785,0.875,0.352,0.727,-0.59,0.344,0.943,0.939,0.747,0.675,0.946,0.278,0.956,-0.266,0.682,0.86,0.236,-0.029,0.933,0.864,0.913,0.938,0.864,0.919,0.257,-0.285,0.603,0.866,0.921,0.923,0.939,0.924,0.953,-0.103,0.533,0.814,0.712,0.932,0.9,0.671,0.758,0.76,0.878,0.93,0.956,0.558,0.485,0.948,0.053,0.216,0.949,0.683,0.348,0.949,0.898,-0.161,0.912,0.852,0.077,0.968,0.59,0.799,0.819,0.772,0.881,0.896,0.79,0.885,0.899,0.839,0.682,0.54,0.828,0.675,0.953,0.609,-0.22,0.911,0.745,0.955,-0.262,-0.259,0.065,0.06,0.289,0.2,0.6,0.904,0.726,0.842,0.632,0.886,0.918,0.936,0.857,0.334,0.884,0.88,0.279,0.027,0.716,0.899,0.976,0.33,0.921,0.889,0.838,0.882,0.828,0.78,0.053,0.758,0.944,0.842,0.868,-0.431,0.878,0.962,0.946,0.842,0.8
BLUE,-0.528,-0.448,-0.374,-0.458,-0.296,-0.169,-0.509,-0.488,-0.42,0.226,0.324,0.496,-0.377,-0.533,-0.562,-0.573,-0.564,-0.411,0.031,-0.595,-0.411,-0.147,0.19,0.186,-0.408,0.649,-0.242,0.207,0.361,-0.466,0.0,-0.44,-0.639,-0.432,0.447,-0.486,-0.577,-0.465,-0.2,-0.357,0.177,-0.61,-0.48,0.145,-0.375,-0.55,-0.256,-0.53,-0.492,0.495,-0.482,-0.474,0.411,-0.047,-0.484,-0.551,0.208,-0.379,-0.266,0.377,-0.124,-0.585,-0.263,0.603,0.641,-0.021,0.559,-0.398,0.412,-0.44,-0.339,-0.172,-0.519,-0.571,-0.367,-0.492,0.617,-0.427,-0.063,-0.173,-0.525,0.207,-0.35,0.623,0.057,-0.392,-0.556,-0.123,-0.454,-0.418,0.136,-0.481,0.411,-0.293,-0.543,0.28,0.304,-0.507,-0.246,-0.601,-0.541,-0.549,-0.583,0.345,0.521,-0.383,-0.34,-0.503,-0.342,-0.481,-0.39,-0.543,0.538,0.05,-0.368,-0.449,-0.551,-0.491,-0.18,-0.457,-0.099,-0.393,-0.582,-0.477,-0.16,0.122,-0.467,0.428,0.209,-0.537,-0.352,0.189,-0.468,-0.521,0.391,-0.612,-0.518,0.454,-0.367,0.14,-0.649,-0.479,-0.204,-0.529,-0.52,-0.104,-0.463,-0.445,-0.379,0.002,-0.155,-0.472,-0.103,-0.414,0.122,0.452,-0.548,-0.547,-0.561,0.603,0.494,0.351,0.321,0.278,0.377,-0.056,-0.44,-0.173,-0.656,-0.27,-0.468,-0.364,-0.357,-0.358,0.307,-0.518,-0.424,0.267,0.351,-0.207,-0.481,-0.455,0.242,-0.494,-0.376,-0.517,-0.624,-0.528,-0.252,0.445,-0.23,-0.508,-0.643,-0.401,0.653,-0.395,-0.493,-0.437,-0.317,-0.457
BPOP,0.823,0.822,0.812,0.913,0.605,0.823,0.849,0.845,0.819,0.268,0.183,-0.241,0.703,0.831,0.809,0.845,0.669,0.847,0.585,0.778,0.855,0.692,0.409,0.108,0.882,-0.458,0.78,0.314,-0.054,0.853,-0.44,0.0,0.839,0.589,-0.011,0.86,0.764,0.917,0.258,0.792,0.454,0.642,0.853,0.418,0.512,0.908,0.665,0.775,0.787,-0.099,0.815,0.819,0.237,0.56,0.863,0.849,0.403,0.88,0.787,-0.054,0.557,0.82,0.745,-0.336,-0.694,0.636,-0.104,0.867,0.065,0.851,0.783,0.748,0.863,0.606,0.874,0.854,-0.28,0.648,0.755,0.782,0.793,0.371,0.705,-0.483,0.404,0.856,0.822,0.701,0.626,0.819,0.413,0.85,-0.085,0.699,0.892,0.348,0.003,0.812,0.808,0.829,0.857,0.771,0.813,0.356,-0.221,0.586,0.802,0.863,0.924,0.828,0.859,0.859,-0.063,0.554,0.795,0.732,0.833,0.796,0.72,0.655,0.657,0.828,0.821,0.904,0.663,0.412,0.822,0.052,0.276,0.851,0.563,0.384,0.859,0.78,-0.212,0.89,0.791,0.153,0.847,0.584,0.693,0.714,0.83,0.894,0.746,0.751,0.884,0.878,0.785,0.723,0.503,0.732,0.703,0.856,0.478,-0.135,0.784,0.76,0.889,-0.134,-0.129,0.248,0.119,0.414,0.277,0.629,0.875,0.669,0.717,0.575,0.877,0.884,0.853,0.797,0.29,0.78,0.819,0.337,0.052,0.631,0.894,0.872,0.24,0.915,0.734,0.775,0.836,0.724,0.646,0.183,0.726,0.895,0.816,0.83,-0.276,0.79,0.874,0.817,0.786,0.795
