,AAL,AAON,ACB,ACGL,ACGLO,ACIW,ADBE,ADSK,AEP,AGIO,ALEC,ALNY,ALTR,AMBA,AMCX,AMKR,AMRX,ANSS,APPN,APTO,ARCT,ARWR,ASND,ASTH,ATSG,AVTX,BCPC,BEAM,BILI,BJRI,BLUE,BPOP,BRKL,BWIN,BZUN,CARG,CBRL,CBSH,CBUS,CENTA,CERS,CFFN,CHCO,CHEF,CHRD,CINF,CLLS,CMCO,CMCSA,COLL,COMM,COOP,CPB,CRON,CROX,CRUS,CRWD,CTAS,CYBR,CYTK,DGII,DIOD,DOMO,DPZ,DSGR,DXCM,ERIE,ESTA,EXEL,FAST,FCEL,FCFS,FHB,FITBI,FSV,FTDR,FUTU,GLDD,GLPG,GLPI,GOGO,GOSS,GSAT,GYRE,HALO,HAS,HLIT,HLNE,HSDT,HSIC,HTHT,ICHR,IDYA,IMVT,INDB,INSM,IONS,IOSP,ITRI,JBHT,JBLU,JSM,KLIC,KOD,KURA,LAB,LASR,LIN,LKQ,LNT,MBUU,MCRI,MDGL,MEDP,MGNI,MGPI,MGRC,MKTX,MRNA,MRTN,MSEX,MSFT,MU,NAVI,NBTB,NEO,NEOG,NGNE,NSSC,NTAP,NTES,NTLA,NTRS,NYMTN,OBLG,OCFC,ON,ONC,OPI,OSIS,OSW,PALI,PANW,PCAR,PCRX,PCTY,PEBO,PLAB,PLAY,PLMR,PLSE,PLUS,PRTA,PSEC,PSNL,PTCT,PTON,QNST,QRVO,QTTB,RARE,RBCAA,RGNX,SAIC,SGMO,SINT,SNPS,SPSC,SPTN,SSYS,STNE,TBBK,TCPC,TENB,TGTX,TREE,TRUP,TTWO,TW,TXG,UBSI,UCTT,UFPT,UMBF,UPBD,URBN,VBTX,VCTR,VEON,VNET,VRSK,VSEC,WABC,WTFCM,WVE,WW,WWD,XEL,ZD,ZYME
AAL,0.0,0.567,0.819,0.185,0.47,0.7,0.181,0.492,0.058,0.588,0.333,0.38,0.456,0.364,0.429,0.768,0.449,0.419,0.382,0.738,0.603,0.484,0.333,0.462,0.485,0.28,0.5,0.376,0.24,0.632,0.574,0.083,0.312,0.554,0.406,0.668,0.923,0.577,0.826,0.621,0.517,0.505,0.682,0.604,0.483,0.42,0.638,0.488,0.391,0.524,0.75,0.0,-0.004,0.766,0.839,0.618,0.389,0.326,0.453,0.306,0.771,0.563,0.307,0.431,0.064,0.341,0.717,0.721,0.435,0.518,0.589,0.731,0.28,0.246,0.446,0.764,-0.387,0.752,-0.594,0.61,0.633,0.792,0.332,0.578,0.407,0.859,0.643,0.679,0.826,0.889,-0.266,0.616,0.33,0.678,0.575,0.498,0.459,0.34,0.609,0.232,0.893,0.489,0.798,0.33,0.346,0.369,0.767,0.645,0.716,0.568,0.779,0.648,0.744,0.356,0.537,0.627,0.638,0.16,0.637,0.525,0.565,0.363,0.892,0.934,0.394,0.474,0.42,0.358,0.4,0.862,0.132,0.436,0.666,0.387,0.543,0.452,0.77,-0.216,0.459,0.614,0.333,0.633,0.19,0.16,-0.565,0.353,0.245,0.697,0.815,0.547,0.526,0.711,0.441,0.331,0.623,0.163,0.623,0.575,0.763,0.468,0.382,0.839,0.368,0.138,0.335,0.714,0.406,0.192,0.678,0.699,0.671,-0.197,0.686,0.193,0.535,0.206,0.376,-0.131,0.152,0.515,0.496,0.647,0.795,0.84,0.569,0.471,0.512,0.572,0.829,-0.04,0.313,0.573,0.291,0.15,0.464,0.649,0.05,0.376,0.508,0.678
AAON,0.567,0.0,0.782,-0.585,-0.095,0.849,0.817,0.926,-0.689,0.918,0.929,0.913,0.966,0.93,-0.447,0.744,0.926,0.965,0.936,0.859,0.98,0.966,0.875,0.929,0.936,0.892,0.975,0.928,0.749,0.965,0.98,-0.727,-0.537,0.981,0.119,0.907,0.62,-0.241,0.701,0.985,0.971,0.056,-0.071,0.742,-0.194,-0.383,0.926,-0.329,-0.146,0.901,0.904,-0.53,-0.776,0.814,0.825,0.623,0.886,0.922,0.958,0.933,0.921,0.982,0.851,0.966,0.54,0.927,0.921,0.841,0.882,0.956,0.868,0.506,-0.594,-0.333,0.973,0.155,-0.664,0.946,-0.143,0.936,0.918,0.28,0.895,0.962,0.961,0.497,0.959,0.963,0.792,0.589,0.238,0.675,0.936,0.847,-0.127,0.971,0.229,-0.519,0.952,0.519,0.268,0.649,0.718,0.938,0.875,0.905,0.915,0.939,0.946,0.647,0.915,0.978,0.926,0.95,0.955,0.877,0.839,0.849,0.957,0.816,0.938,0.918,0.67,0.622,-0.451,0.975,0.97,0.943,0.945,0.441,-0.346,0.964,-0.125,-0.258,0.956,-0.419,0.916,0.467,-0.416,0.939,0.112,0.836,0.778,-0.636,-0.678,0.933,-0.559,0.736,0.885,0.982,0.97,0.964,0.946,-0.424,0.944,0.011,0.851,0.98,0.915,0.739,0.935,0.487,0.938,-0.534,0.923,0.796,0.954,0.888,0.907,0.72,0.671,-0.812,0.191,0.764,0.971,-0.57,0.961,0.609,0.798,0.98,-0.362,0.81,0.15,0.321,0.95,0.888,-0.335,0.946,0.859,-0.414,0.94,0.957,-0.496,-0.1,0.95,0.932,-0.644,-0.31,0.877,0.894
ACB,0.819,0.782,0.0,-0.136,0.199,0.838,0.584,0.786,-0.369,0.833,0.702,0.664,0.736,0.649,0.107,0.698,0.784,0.727,0.727,0.881,0.829,0.756,0.644,0.757,0.671,0.542,0.678,0.695,0.628,0.779,0.814,-0.258,-0.115,0.784,0.469,0.838,0.74,0.234,0.797,0.79,0.793,0.2,0.314,0.615,0.225,0.109,0.852,0.072,0.206,0.78,0.798,-0.156,-0.432,0.966,0.889,0.775,0.751,0.653,0.741,0.599,0.912,0.759,0.68,0.667,0.105,0.707,0.813,0.809,0.672,0.721,0.871,0.541,-0.107,-0.048,0.702,0.498,-0.342,0.851,-0.327,0.707,0.876,0.69,0.706,0.815,0.638,0.607,0.841,0.876,0.91,0.736,-0.12,0.712,0.59,0.768,0.245,0.707,0.522,-0.083,0.729,0.244,0.663,0.473,0.716,0.622,0.699,0.67,0.874,0.805,0.783,0.44,0.822,0.84,0.893,0.692,0.832,0.836,0.678,0.539,0.869,0.533,0.657,0.697,0.849,0.89,0.007,0.716,0.684,0.662,0.723,0.774,0.059,0.726,0.392,0.074,0.768,0.062,0.894,0.217,0.061,0.71,0.206,0.89,0.563,-0.291,-0.532,0.695,-0.175,0.762,0.921,0.783,0.777,0.804,0.659,0.12,0.829,0.272,0.846,0.794,0.807,0.761,0.605,0.721,0.66,-0.274,0.683,0.854,0.722,0.555,0.771,0.842,0.827,-0.458,0.605,0.594,0.726,-0.008,0.674,0.129,0.572,0.737,0.16,0.782,0.495,0.649,0.732,0.615,0.118,0.826,0.907,0.024,0.614,0.79,-0.108,0.191,0.76,0.78,-0.247,-0.029,0.753,0.854
ACGL,0.185,-0.585,-0.136,0.0,0.619,-0.212,-0.628,-0.518,0.797,-0.491,-0.705,-0.636,-0.632,-0.645,0.881,-0.069,-0.564,-0.654,-0.704,-0.298,-0.536,-0.608,-0.56,-0.533,-0.551,-0.718,-0.606,-0.654,-0.563,-0.542,-0.601,0.919,0.84,-0.577,0.081,-0.402,0.033,0.797,-0.02,-0.512,-0.585,0.298,0.608,-0.204,0.782,0.844,-0.504,0.76,0.669,-0.576,-0.35,0.771,0.822,-0.226,-0.123,0.07,-0.61,-0.633,-0.653,-0.724,-0.294,-0.568,-0.541,-0.693,-0.473,-0.686,-0.468,-0.257,-0.569,-0.553,-0.471,0.135,0.877,0.687,-0.663,0.575,0.465,-0.389,-0.209,-0.499,-0.458,0.324,-0.675,-0.568,-0.689,0.172,-0.418,-0.441,-0.176,0.129,-0.605,-0.025,-0.697,-0.312,0.623,-0.668,0.29,0.793,-0.502,-0.15,0.409,-0.27,-0.015,-0.741,-0.591,-0.622,-0.344,-0.451,-0.41,-0.299,-0.335,-0.503,-0.352,-0.709,-0.546,-0.328,-0.358,-0.746,-0.457,-0.383,-0.589,-0.622,0.101,0.122,0.839,-0.662,-0.668,-0.732,-0.634,0.379,0.586,-0.689,0.774,0.702,-0.599,0.853,-0.276,-0.579,0.852,-0.524,0.219,-0.404,-0.676,0.851,0.446,-0.682,0.79,-0.055,-0.239,-0.626,-0.601,-0.433,-0.667,0.798,-0.49,0.394,-0.415,-0.578,-0.357,-0.377,-0.693,0.16,-0.71,0.78,-0.71,-0.362,-0.642,-0.742,-0.408,-0.07,-0.129,0.838,0.43,-0.584,-0.629,0.859,-0.722,-0.726,-0.648,-0.656,0.829,-0.169,0.535,0.437,-0.517,-0.515,0.852,-0.479,-0.276,0.459,-0.736,-0.542,0.805,0.377,-0.655,-0.483,0.89,0.602,-0.43,-0.328
ACGLO,0.47,-0.095,0.199,0.619,0.0,0.199,-0.3,-0.12,0.553,-0.113,-0.301,-0.193,-0.118,-0.241,0.604,0.307,-0.229,-0.215,-0.288,0.073,-0.075,-0.146,-0.24,-0.033,-0.167,-0.36,-0.11,-0.186,-0.167,-0.115,-0.123,0.534,0.595,-0.097,0.266,0.011,0.343,0.689,0.229,-0.006,-0.104,0.444,0.638,0.078,0.494,0.661,0.006,0.636,0.639,-0.128,0.041,0.329,0.503,0.108,0.253,0.292,-0.163,-0.22,-0.154,-0.291,0.099,-0.13,-0.132,-0.222,-0.072,-0.277,0.068,0.199,-0.161,-0.091,-0.169,0.456,0.611,0.716,-0.196,0.684,0.085,0.068,-0.384,-0.017,0.009,0.585,-0.323,-0.151,-0.219,0.406,-0.028,-0.001,0.217,0.525,-0.412,0.173,-0.267,0.172,0.695,-0.199,0.305,0.529,-0.022,-0.109,0.43,0.187,0.327,-0.35,-0.28,-0.157,0.084,-0.013,0.099,0.15,0.149,-0.033,0.095,-0.255,-0.092,0.018,-0.024,-0.361,0.026,-0.072,-0.057,-0.225,0.371,0.355,0.627,-0.171,-0.229,-0.332,-0.236,0.516,0.485,-0.192,0.649,0.744,-0.126,0.64,0.117,-0.349,0.634,-0.068,0.059,-0.061,-0.321,0.513,-0.041,-0.238,0.55,0.283,0.158,-0.112,-0.152,0.044,-0.202,0.517,0.01,0.177,0.081,-0.098,0.077,-0.141,-0.269,0.36,-0.285,0.384,-0.311,-0.017,-0.184,-0.344,0.025,0.27,0.203,0.347,0.31,-0.204,-0.113,0.535,-0.269,-0.54,-0.306,-0.14,0.664,0.109,0.623,0.617,-0.145,-0.092,0.672,-0.087,0.172,0.205,-0.283,-0.156,0.565,0.373,-0.277,-0.035,0.467,0.57,-0.091,0.084
ACIW,0.7,0.849,0.838,-0.212,0.199,0.0,0.665,0.842,-0.463,0.814,0.734,0.734,0.81,0.762,-0.101,0.817,0.823,0.808,0.74,0.851,0.837,0.809,0.732,0.812,0.772,0.693,0.819,0.8,0.617,0.843,0.827,-0.441,-0.285,0.846,0.213,0.853,0.68,0.017,0.778,0.883,0.841,0.196,0.139,0.788,0.127,-0.035,0.828,-0.034,0.231,0.753,0.86,-0.303,-0.566,0.846,0.893,0.802,0.73,0.753,0.794,0.71,0.907,0.848,0.768,0.741,0.344,0.772,0.803,0.883,0.745,0.803,0.786,0.534,-0.303,-0.047,0.787,0.501,-0.526,0.85,-0.224,0.811,0.848,0.459,0.736,0.828,0.776,0.637,0.909,0.886,0.828,0.732,0.119,0.745,0.725,0.788,0.086,0.769,0.488,-0.249,0.874,0.576,0.449,0.636,0.801,0.697,0.697,0.751,0.904,0.887,0.87,0.529,0.854,0.855,0.888,0.765,0.848,0.827,0.811,0.611,0.852,0.723,0.784,0.754,0.753,0.705,-0.187,0.793,0.775,0.71,0.758,0.651,-0.096,0.768,0.166,0.081,0.782,-0.12,0.896,0.307,-0.128,0.794,0.174,0.813,0.573,-0.375,-0.571,0.765,-0.328,0.785,0.933,0.816,0.823,0.873,0.736,-0.114,0.824,0.197,0.788,0.873,0.838,0.745,0.748,0.511,0.717,-0.319,0.713,0.698,0.806,0.702,0.791,0.813,0.793,-0.555,0.359,0.622,0.798,-0.203,0.754,0.375,0.612,0.796,-0.054,0.812,0.402,0.484,0.814,0.749,-0.036,0.872,0.837,-0.225,0.733,0.806,-0.259,0.176,0.744,0.832,-0.351,-0.11,0.852,0.834
ADBE,0.181,0.817,0.584,-0.628,-0.3,0.665,0.0,0.923,-0.794,0.776,0.928,0.889,0.89,0.924,-0.624,0.454,0.877,0.921,0.893,0.661,0.813,0.898,0.936,0.909,0.831,0.821,0.81,0.902,0.898,0.717,0.792,-0.793,-0.78,0.844,0.042,0.76,0.15,-0.526,0.389,0.781,0.892,-0.381,-0.5,0.569,-0.328,-0.532,0.748,-0.684,-0.212,0.732,0.636,-0.344,-0.898,0.654,0.589,0.616,0.91,0.952,0.886,0.914,0.705,0.808,0.958,0.866,0.55,0.926,0.634,0.638,0.767,0.831,0.732,0.282,-0.782,-0.396,0.89,-0.16,-0.277,0.661,0.307,0.702,0.774,-0.005,0.915,0.817,0.843,0.079,0.806,0.797,0.555,0.162,0.322,0.581,0.892,0.659,-0.481,0.794,0.236,-0.795,0.728,0.51,-0.05,0.487,0.44,0.882,0.901,0.928,0.605,0.72,0.657,0.313,0.633,0.809,0.698,0.931,0.888,0.758,0.566,0.95,0.809,0.586,0.662,0.955,0.376,0.288,-0.719,0.857,0.872,0.885,0.937,0.199,-0.183,0.875,-0.363,-0.408,0.819,-0.681,0.69,0.843,-0.688,0.636,0.183,0.691,0.905,-0.839,-0.314,0.95,-0.802,0.511,0.64,0.834,0.842,0.687,0.806,-0.435,0.797,0.271,0.717,0.81,0.604,0.767,0.788,0.096,0.891,-0.656,0.922,0.52,0.928,0.958,0.654,0.675,0.621,-0.699,0.08,0.955,0.801,-0.634,0.893,0.719,0.97,0.806,-0.597,0.664,-0.219,-0.028,0.787,0.775,-0.61,0.857,0.583,-0.131,0.916,0.806,-0.74,0.066,0.859,0.716,-0.616,-0.622,0.877,0.754
ADSK,0.492,0.926,0.786,-0.518,-0.12,0.842,0.923,0.0,-0.697,0.884,0.936,0.917,0.951,0.944,-0.419,0.695,0.933,0.968,0.929,0.842,0.926,0.961,0.936,0.952,0.898,0.846,0.906,0.943,0.877,0.863,0.901,-0.7,-0.606,0.947,0.184,0.899,0.47,-0.296,0.671,0.915,0.969,-0.182,-0.216,0.755,-0.125,-0.375,0.884,-0.412,-0.08,0.829,0.843,-0.347,-0.815,0.835,0.822,0.739,0.939,0.947,0.955,0.92,0.885,0.929,0.948,0.926,0.545,0.952,0.805,0.847,0.811,0.913,0.855,0.494,-0.614,-0.295,0.954,0.146,-0.403,0.848,0.061,0.862,0.914,0.247,0.928,0.932,0.906,0.413,0.934,0.941,0.789,0.471,0.254,0.711,0.913,0.814,-0.26,0.891,0.329,-0.579,0.874,0.561,0.261,0.627,0.677,0.909,0.891,0.943,0.814,0.898,0.842,0.502,0.83,0.937,0.878,0.949,0.973,0.873,0.762,0.896,0.926,0.734,0.816,0.972,0.636,0.576,-0.521,0.933,0.925,0.906,0.962,0.447,-0.118,0.931,-0.115,-0.2,0.928,-0.472,0.877,0.646,-0.452,0.802,0.236,0.842,0.879,-0.677,-0.494,0.963,-0.643,0.689,0.845,0.929,0.951,0.867,0.883,-0.276,0.917,0.223,0.837,0.935,0.825,0.822,0.866,0.345,0.919,-0.521,0.931,0.743,0.97,0.917,0.797,0.825,0.77,-0.719,0.317,0.885,0.904,-0.499,0.935,0.639,0.899,0.906,-0.384,0.803,0.06,0.232,0.897,0.84,-0.379,0.968,0.816,-0.144,0.934,0.91,-0.574,0.068,0.928,0.876,-0.535,-0.42,0.948,0.896
AEP,0.058,-0.689,-0.369,0.797,0.553,-0.463,-0.794,-0.697,0.0,-0.68,-0.831,-0.738,-0.723,-0.779,0.75,-0.257,-0.748,-0.764,-0.791,-0.476,-0.659,-0.727,-0.768,-0.664,-0.684,-0.799,-0.668,-0.762,-0.652,-0.632,-0.715,0.843,0.816,-0.684,0.083,-0.577,-0.021,0.68,-0.216,-0.619,-0.711,0.291,0.564,-0.402,0.497,0.739,-0.58,0.712,0.503,-0.649,-0.5,0.538,0.911,-0.441,-0.338,-0.303,-0.717,-0.768,-0.726,-0.799,-0.512,-0.694,-0.743,-0.734,-0.377,-0.815,-0.477,-0.439,-0.71,-0.656,-0.674,0.072,0.852,0.715,-0.743,0.374,0.396,-0.531,-0.273,-0.554,-0.588,0.203,-0.798,-0.707,-0.769,0.096,-0.633,-0.588,-0.33,0.035,-0.462,-0.346,-0.788,-0.427,0.533,-0.721,-0.071,0.797,-0.598,-0.341,0.276,-0.269,-0.247,-0.818,-0.81,-0.728,-0.513,-0.54,-0.493,-0.062,-0.44,-0.619,-0.533,-0.805,-0.711,-0.549,-0.474,-0.8,-0.581,-0.475,-0.58,-0.745,-0.129,-0.07,0.757,-0.738,-0.757,-0.802,-0.763,0.076,0.488,-0.748,0.575,0.654,-0.678,0.761,-0.493,-0.667,0.786,-0.58,-0.004,-0.603,-0.728,0.843,0.306,-0.79,0.774,-0.352,-0.444,-0.688,-0.711,-0.539,-0.719,0.686,-0.591,0.006,-0.55,-0.703,-0.462,-0.621,-0.747,0.027,-0.806,0.706,-0.811,-0.432,-0.76,-0.839,-0.515,-0.31,-0.358,0.734,0.22,-0.71,-0.68,0.675,-0.792,-0.748,-0.765,-0.688,0.717,-0.467,0.433,0.22,-0.634,-0.657,0.725,-0.647,-0.357,0.348,-0.786,-0.665,0.75,0.177,-0.76,-0.589,0.713,0.817,-0.632,-0.527
AGIO,0.588,0.918,0.833,-0.491,-0.113,0.814,0.776,0.884,-0.68,0.0,0.905,0.869,0.863,0.864,-0.301,0.711,0.908,0.887,0.905,0.867,0.952,0.928,0.849,0.842,0.862,0.819,0.857,0.878,0.699,0.931,0.953,-0.605,-0.439,0.9,0.181,0.901,0.632,-0.15,0.705,0.885,0.918,0.044,-0.001,0.736,-0.061,-0.312,0.898,-0.269,-0.06,0.884,0.862,-0.389,-0.708,0.86,0.785,0.646,0.853,0.829,0.877,0.848,0.91,0.915,0.81,0.879,0.339,0.873,0.855,0.788,0.904,0.849,0.922,0.437,-0.489,-0.364,0.884,0.175,-0.546,0.904,-0.089,0.833,0.898,0.364,0.871,0.946,0.889,0.447,0.928,0.91,0.784,0.555,0.127,0.704,0.858,0.804,-0.069,0.92,0.429,-0.424,0.862,0.38,0.365,0.553,0.715,0.892,0.921,0.836,0.883,0.839,0.841,0.473,0.87,0.913,0.916,0.883,0.926,0.843,0.797,0.781,0.885,0.712,0.813,0.851,0.691,0.66,-0.342,0.905,0.877,0.906,0.888,0.495,-0.281,0.901,-0.027,-0.28,0.889,-0.304,0.889,0.4,-0.313,0.878,0.257,0.883,0.728,-0.562,-0.51,0.865,-0.46,0.747,0.883,0.9,0.913,0.888,0.884,-0.305,0.906,0.202,0.837,0.922,0.852,0.85,0.863,0.526,0.912,-0.415,0.905,0.817,0.88,0.805,0.84,0.71,0.714,-0.707,0.271,0.706,0.915,-0.41,0.886,0.521,0.733,0.886,-0.252,0.826,0.181,0.364,0.888,0.852,-0.244,0.88,0.809,-0.269,0.833,0.913,-0.403,-0.061,0.938,0.872,-0.513,-0.308,0.866,0.882
ALEC,0.333,0.929,0.702,-0.705,-0.301,0.734,0.928,0.936,-0.831,0.905,0.0,0.94,0.944,0.95,-0.604,0.542,0.958,0.973,0.977,0.762,0.931,0.959,0.934,0.92,0.905,0.906,0.902,0.951,0.84,0.876,0.935,-0.826,-0.727,0.925,0.074,0.828,0.361,-0.462,0.521,0.884,0.947,-0.205,-0.343,0.626,-0.329,-0.54,0.853,-0.575,-0.246,0.87,0.768,-0.491,-0.912,0.754,0.67,0.582,0.932,0.96,0.945,0.954,0.815,0.917,0.918,0.94,0.48,0.977,0.786,0.704,0.867,0.901,0.875,0.277,-0.757,-0.498,0.953,-0.107,-0.493,0.81,0.128,0.806,0.877,0.094,0.964,0.937,0.933,0.209,0.892,0.894,0.667,0.317,0.308,0.618,0.944,0.723,-0.375,0.924,0.237,-0.717,0.837,0.454,0.085,0.525,0.517,0.966,0.954,0.929,0.773,0.833,0.783,0.444,0.75,0.905,0.816,0.982,0.952,0.833,0.71,0.945,0.885,0.676,0.801,0.96,0.493,0.445,-0.65,0.943,0.954,0.973,0.977,0.265,-0.352,0.956,-0.316,-0.448,0.917,-0.62,0.795,0.669,-0.628,0.807,0.103,0.819,0.875,-0.809,-0.499,0.969,-0.745,0.619,0.762,0.935,0.946,0.822,0.907,-0.494,0.877,0.109,0.799,0.919,0.75,0.799,0.903,0.302,0.968,-0.657,0.987,0.714,0.97,0.96,0.789,0.645,0.621,-0.812,0.097,0.871,0.909,-0.646,0.971,0.716,0.922,0.916,-0.553,0.742,-0.086,0.087,0.883,0.822,-0.562,0.921,0.711,-0.299,0.957,0.923,-0.703,-0.069,0.968,0.831,-0.699,-0.538,0.866,0.83
ALNY,0.38,0.913,0.664,-0.636,-0.193,0.734,0.889,0.917,-0.738,0.869,0.94,0.0,0.921,0.946,-0.551,0.639,0.893,0.936,0.902,0.773,0.916,0.965,0.928,0.907,0.925,0.909,0.917,0.927,0.819,0.864,0.897,-0.781,-0.661,0.902,0.042,0.821,0.404,-0.409,0.579,0.892,0.938,-0.176,-0.292,0.698,-0.306,-0.531,0.847,-0.507,-0.208,0.771,0.8,-0.432,-0.843,0.74,0.687,0.593,0.876,0.931,0.91,0.947,0.808,0.906,0.888,0.937,0.614,0.92,0.775,0.758,0.83,0.893,0.824,0.421,-0.71,-0.362,0.95,-0.039,-0.509,0.837,0.13,0.853,0.823,0.141,0.894,0.928,0.931,0.315,0.885,0.878,0.694,0.361,0.287,0.65,0.951,0.789,-0.304,0.918,0.3,-0.683,0.865,0.51,0.107,0.641,0.611,0.942,0.895,0.937,0.761,0.829,0.803,0.529,0.783,0.897,0.835,0.933,0.932,0.806,0.725,0.899,0.879,0.739,0.84,0.925,0.538,0.459,-0.607,0.949,0.933,0.937,0.934,0.289,-0.284,0.926,-0.274,-0.316,0.932,-0.569,0.803,0.633,-0.555,0.826,0.147,0.761,0.809,-0.717,-0.515,0.924,-0.7,0.645,0.763,0.919,0.931,0.851,0.927,-0.471,0.901,0.162,0.761,0.896,0.773,0.79,0.906,0.27,0.95,-0.548,0.939,0.68,0.931,0.919,0.768,0.668,0.657,-0.764,0.127,0.817,0.921,-0.638,0.938,0.711,0.862,0.907,-0.51,0.768,-0.031,0.127,0.874,0.848,-0.491,0.908,0.723,-0.276,0.933,0.889,-0.619,-0.053,0.928,0.858,-0.646,-0.447,0.874,0.872
ALTR,0.456,0.966,0.736,-0.632,-0.118,0.81,0.89,0.951,-0.723,0.863,0.944,0.921,0.0,0.941,-0.532,0.663,0.913,0.981,0.945,0.805,0.944,0.964,0.9,0.974,0.913,0.874,0.951,0.952,0.851,0.895,0.936,-0.776,-0.641,0.979,0.171,0.869,0.477,-0.343,0.597,0.952,0.974,-0.081,-0.207,0.676,-0.287,-0.426,0.905,-0.445,-0.165,0.873,0.83,-0.535,-0.836,0.785,0.776,0.629,0.937,0.961,0.98,0.943,0.865,0.946,0.918,0.964,0.583,0.957,0.872,0.818,0.844,0.95,0.825,0.471,-0.673,-0.318,0.977,0.058,-0.535,0.869,-0.021,0.891,0.914,0.222,0.925,0.925,0.938,0.384,0.916,0.935,0.751,0.479,0.32,0.64,0.939,0.822,-0.251,0.93,0.21,-0.632,0.908,0.512,0.159,0.634,0.629,0.927,0.865,0.953,0.831,0.911,0.9,0.596,0.855,0.961,0.866,0.975,0.963,0.852,0.762,0.911,0.95,0.734,0.892,0.955,0.581,0.524,-0.558,0.964,0.965,0.93,0.964,0.358,-0.26,0.97,-0.217,-0.258,0.94,-0.527,0.856,0.625,-0.531,0.852,0.081,0.8,0.864,-0.735,-0.636,0.971,-0.663,0.67,0.829,0.979,0.951,0.899,0.924,-0.452,0.933,0.025,0.851,0.954,0.836,0.726,0.906,0.357,0.931,-0.636,0.932,0.732,0.981,0.937,0.835,0.75,0.69,-0.813,0.14,0.868,0.943,-0.601,0.968,0.638,0.889,0.965,-0.452,0.762,0.03,0.218,0.91,0.861,-0.444,0.945,0.818,-0.31,0.964,0.92,-0.602,-0.011,0.925,0.892,-0.682,-0.419,0.878,0.864
AMBA,0.364,0.93,0.649,-0.645,-0.241,0.762,0.924,0.944,-0.779,0.864,0.95,0.946,0.941,0.0,-0.591,0.674,0.922,0.961,0.918,0.801,0.923,0.969,0.954,0.909,0.954,0.941,0.936,0.947,0.809,0.864,0.896,-0.816,-0.706,0.926,0.004,0.868,0.37,-0.457,0.599,0.913,0.951,-0.151,-0.333,0.748,-0.264,-0.546,0.843,-0.543,-0.215,0.78,0.827,-0.434,-0.882,0.733,0.709,0.638,0.868,0.958,0.923,0.977,0.83,0.942,0.909,0.945,0.614,0.941,0.768,0.785,0.852,0.9,0.82,0.398,-0.747,-0.413,0.972,-0.012,-0.514,0.831,0.165,0.869,0.824,0.083,0.924,0.936,0.965,0.321,0.918,0.885,0.665,0.339,0.346,0.691,0.981,0.798,-0.359,0.933,0.268,-0.704,0.889,0.608,0.091,0.659,0.652,0.961,0.901,0.941,0.776,0.836,0.815,0.512,0.783,0.91,0.839,0.963,0.938,0.801,0.766,0.917,0.868,0.79,0.85,0.955,0.514,0.431,-0.641,0.963,0.95,0.956,0.963,0.274,-0.329,0.933,-0.315,-0.36,0.928,-0.605,0.822,0.68,-0.589,0.829,0.225,0.764,0.826,-0.748,-0.505,0.948,-0.723,0.644,0.769,0.921,0.938,0.861,0.93,-0.488,0.888,0.165,0.732,0.92,0.79,0.806,0.924,0.249,0.971,-0.561,0.953,0.647,0.958,0.955,0.77,0.705,0.686,-0.775,0.118,0.832,0.931,-0.66,0.962,0.779,0.88,0.915,-0.556,0.787,-0.071,0.097,0.904,0.866,-0.522,0.932,0.712,-0.326,0.957,0.908,-0.663,-0.043,0.931,0.882,-0.633,-0.507,0.907,0.865
AMCX,0.429,-0.447,0.107,0.881,0.604,-0.101,-0.624,-0.419,0.75,-0.301,-0.604,-0.551,-0.532,-0.591,0.0,0.031,-0.458,-0.56,-0.561,-0.079,-0.38,-0.488,-0.535,-0.469,-0.494,-0.647,-0.519,-0.549,-0.486,-0.354,-0.414,0.895,0.895,-0.443,0.346,-0.225,0.304,0.908,0.181,-0.384,-0.455,0.451,0.802,-0.136,0.781,0.869,-0.282,0.871,0.607,-0.379,-0.181,0.621,0.794,0.017,0.035,0.076,-0.484,-0.613,-0.525,-0.663,-0.129,-0.443,-0.509,-0.58,-0.571,-0.583,-0.242,-0.105,-0.437,-0.471,-0.235,0.214,0.932,0.613,-0.558,0.687,0.354,-0.196,-0.448,-0.354,-0.277,0.595,-0.562,-0.394,-0.589,0.374,-0.298,-0.288,0.059,0.33,-0.577,-0.013,-0.645,-0.151,0.77,-0.507,0.357,0.9,-0.375,-0.298,0.632,-0.205,0.103,-0.637,-0.504,-0.553,-0.134,-0.299,-0.257,-0.188,-0.147,-0.347,-0.155,-0.614,-0.405,-0.219,-0.21,-0.709,-0.307,-0.311,-0.431,-0.564,0.264,0.353,0.918,-0.531,-0.582,-0.614,-0.558,0.494,0.578,-0.546,0.89,0.69,-0.441,0.943,-0.126,-0.687,0.954,-0.345,0.206,-0.152,-0.6,0.838,0.213,-0.59,0.853,0.015,-0.045,-0.468,-0.458,-0.275,-0.535,0.844,-0.318,0.291,-0.199,-0.417,-0.169,-0.218,-0.587,0.369,-0.598,0.716,-0.598,-0.068,-0.564,-0.72,-0.267,0.034,0.049,0.681,0.567,-0.569,-0.471,0.9,-0.618,-0.799,-0.648,-0.496,0.945,-0.115,0.665,0.588,-0.398,-0.421,0.928,-0.373,-0.035,0.481,-0.666,-0.41,0.86,0.308,-0.49,-0.296,0.787,0.694,-0.338,-0.195
AMKR,0.768,0.744,0.698,-0.069,0.307,0.817,0.454,0.695,-0.257,0.711,0.542,0.639,0.663,0.674,0.031,0.0,0.607,0.637,0.54,0.804,0.75,0.711,0.631,0.636,0.748,0.636,0.752,0.628,0.415,0.752,0.697,-0.263,-0.063,0.72,0.129,0.781,0.772,0.193,0.889,0.797,0.715,0.296,0.325,0.904,0.303,-0.032,0.707,0.198,0.218,0.549,0.902,-0.126,-0.333,0.731,0.866,0.745,0.513,0.578,0.636,0.616,0.855,0.796,0.554,0.668,0.483,0.569,0.706,0.9,0.611,0.701,0.648,0.759,-0.12,0.044,0.697,0.608,-0.528,0.852,-0.253,0.829,0.676,0.497,0.512,0.748,0.712,0.83,0.817,0.754,0.775,0.759,0.007,0.797,0.672,0.829,0.225,0.713,0.476,-0.044,0.833,0.597,0.574,0.752,0.97,0.609,0.544,0.614,0.84,0.782,0.84,0.632,0.863,0.767,0.847,0.581,0.704,0.7,0.827,0.421,0.716,0.814,0.79,0.602,0.837,0.749,0.02,0.718,0.666,0.592,0.601,0.673,-0.033,0.621,0.29,0.231,0.733,0.064,0.878,0.079,0.1,0.81,0.384,0.659,0.386,-0.08,-0.492,0.566,-0.103,0.818,0.831,0.685,0.72,0.869,0.713,-0.009,0.752,0.205,0.598,0.763,0.889,0.613,0.705,0.566,0.635,0.054,0.548,0.662,0.641,0.504,0.722,0.752,0.738,-0.39,0.48,0.36,0.741,-0.126,0.637,0.354,0.373,0.693,0.07,0.843,0.476,0.605,0.748,0.733,0.177,0.738,0.792,-0.24,0.589,0.716,-0.013,0.045,0.629,0.823,-0.115,0.052,0.711,0.828
AMRX,0.449,0.926,0.784,-0.564,-0.229,0.823,0.877,0.933,-0.748,0.908,0.958,0.893,0.913,0.922,-0.458,0.607,0.0,0.956,0.948,0.827,0.934,0.933,0.899,0.892,0.885,0.887,0.889,0.925,0.783,0.894,0.932,-0.737,-0.624,0.916,0.094,0.863,0.456,-0.342,0.628,0.901,0.934,-0.094,-0.226,0.676,-0.193,-0.415,0.871,-0.451,-0.128,0.87,0.807,-0.426,-0.842,0.817,0.744,0.664,0.887,0.927,0.918,0.911,0.865,0.917,0.879,0.894,0.403,0.94,0.798,0.755,0.851,0.88,0.899,0.314,-0.648,-0.416,0.922,0.07,-0.53,0.836,0.027,0.82,0.877,0.177,0.943,0.935,0.901,0.321,0.928,0.919,0.71,0.437,0.234,0.659,0.894,0.743,-0.253,0.904,0.295,-0.59,0.858,0.51,0.206,0.546,0.595,0.922,0.918,0.877,0.83,0.878,0.803,0.461,0.761,0.904,0.861,0.941,0.939,0.865,0.755,0.881,0.895,0.72,0.794,0.932,0.57,0.542,-0.533,0.918,0.93,0.936,0.952,0.382,-0.329,0.922,-0.177,-0.338,0.897,-0.489,0.848,0.579,-0.489,0.819,0.124,0.837,0.787,-0.71,-0.51,0.928,-0.652,0.679,0.832,0.915,0.934,0.848,0.873,-0.374,0.875,0.159,0.798,0.922,0.786,0.827,0.879,0.376,0.924,-0.578,0.948,0.722,0.939,0.908,0.813,0.698,0.675,-0.768,0.21,0.804,0.889,-0.526,0.931,0.642,0.862,0.899,-0.42,0.772,0.041,0.179,0.884,0.796,-0.429,0.95,0.759,-0.284,0.914,0.924,-0.597,-0.031,0.943,0.836,-0.607,-0.4,0.894,0.86
ANSS,0.419,0.965,0.727,-0.654,-0.215,0.808,0.921,0.968,-0.764,0.887,0.973,0.936,0.981,0.961,-0.56,0.637,0.956,0.0,0.97,0.801,0.949,0.972,0.93,0.958,0.923,0.909,0.954,0.96,0.845,0.907,0.944,-0.81,-0.69,0.97,0.09,0.868,0.448,-0.401,0.596,0.943,0.975,-0.147,-0.278,0.691,-0.279,-0.479,0.89,-0.5,-0.184,0.884,0.827,-0.513,-0.877,0.772,0.759,0.627,0.939,0.976,0.981,0.965,0.859,0.955,0.926,0.968,0.569,0.977,0.842,0.787,0.857,0.947,0.846,0.405,-0.718,-0.385,0.983,0.021,-0.549,0.854,0.027,0.879,0.905,0.142,0.95,0.942,0.951,0.34,0.928,0.938,0.724,0.434,0.314,0.636,0.954,0.781,-0.318,0.938,0.198,-0.661,0.9,0.543,0.142,0.6,0.604,0.96,0.907,0.945,0.824,0.911,0.865,0.556,0.821,0.946,0.856,0.988,0.964,0.862,0.764,0.937,0.932,0.751,0.87,0.98,0.558,0.5,-0.609,0.966,0.979,0.961,0.984,0.336,-0.311,0.972,-0.254,-0.329,0.94,-0.572,0.851,0.641,-0.567,0.852,0.101,0.812,0.876,-0.763,-0.576,0.985,-0.713,0.657,0.816,0.967,0.967,0.886,0.922,-0.454,0.911,0.063,0.824,0.955,0.824,0.762,0.924,0.327,0.954,-0.629,0.967,0.727,0.992,0.964,0.837,0.713,0.658,-0.827,0.146,0.875,0.939,-0.639,0.982,0.698,0.913,0.956,-0.5,0.761,-0.005,0.152,0.923,0.856,-0.492,0.959,0.786,-0.331,0.982,0.938,-0.655,-0.055,0.956,0.876,-0.684,-0.446,0.905,0.857
APPN,0.382,0.936,0.727,-0.704,-0.288,0.74,0.893,0.929,-0.791,0.905,0.977,0.902,0.945,0.918,-0.561,0.54,0.948,0.97,0.0,0.784,0.937,0.945,0.887,0.914,0.865,0.872,0.903,0.946,0.843,0.897,0.945,-0.814,-0.694,0.942,0.168,0.848,0.436,-0.415,0.549,0.89,0.95,-0.157,-0.278,0.618,-0.32,-0.5,0.887,-0.518,-0.241,0.913,0.772,-0.557,-0.877,0.768,0.687,0.526,0.948,0.931,0.965,0.935,0.819,0.917,0.893,0.944,0.47,0.963,0.838,0.722,0.857,0.891,0.868,0.324,-0.717,-0.46,0.946,-0.05,-0.511,0.818,0.037,0.836,0.905,0.146,0.968,0.925,0.923,0.263,0.884,0.909,0.687,0.394,0.335,0.559,0.917,0.74,-0.33,0.935,0.157,-0.653,0.847,0.416,0.132,0.516,0.518,0.956,0.916,0.907,0.788,0.862,0.809,0.501,0.782,0.915,0.828,0.973,0.947,0.812,0.723,0.937,0.9,0.684,0.83,0.951,0.497,0.476,-0.609,0.942,0.949,0.964,0.962,0.273,-0.327,0.972,-0.285,-0.42,0.912,-0.579,0.796,0.623,-0.572,0.83,0.08,0.815,0.891,-0.789,-0.549,0.967,-0.704,0.587,0.775,0.948,0.948,0.838,0.909,-0.46,0.895,0.004,0.827,0.931,0.779,0.757,0.902,0.329,0.948,-0.662,0.973,0.758,0.961,0.937,0.8,0.658,0.614,-0.859,0.124,0.857,0.925,-0.625,0.967,0.67,0.893,0.941,-0.505,0.699,-0.048,0.109,0.885,0.818,-0.523,0.911,0.76,-0.286,0.953,0.915,-0.661,-0.107,0.966,0.843,-0.715,-0.459,0.87,0.813
APTO,0.738,0.859,0.881,-0.298,0.073,0.851,0.661,0.842,-0.476,0.867,0.762,0.773,0.805,0.801,-0.079,0.804,0.827,0.801,0.784,0.0,0.892,0.862,0.742,0.775,0.798,0.731,0.805,0.812,0.658,0.862,0.861,-0.463,-0.286,0.856,0.346,0.924,0.71,0.019,0.865,0.875,0.87,0.213,0.158,0.765,0.054,-0.141,0.916,-0.09,0.036,0.76,0.89,-0.304,-0.569,0.938,0.848,0.697,0.745,0.727,0.804,0.75,0.913,0.858,0.723,0.78,0.358,0.764,0.846,0.897,0.777,0.767,0.877,0.577,-0.302,-0.128,0.821,0.421,-0.495,0.906,-0.214,0.871,0.83,0.549,0.775,0.898,0.801,0.661,0.9,0.891,0.853,0.691,0.127,0.699,0.757,0.888,0.077,0.848,0.47,-0.244,0.862,0.417,0.504,0.665,0.825,0.764,0.733,0.768,0.895,0.848,0.844,0.57,0.867,0.888,0.949,0.778,0.875,0.783,0.806,0.641,0.873,0.754,0.82,0.765,0.748,0.754,-0.194,0.853,0.777,0.779,0.783,0.567,-0.09,0.818,0.141,-0.018,0.858,-0.132,0.892,0.319,-0.089,0.832,0.245,0.864,0.586,-0.397,-0.585,0.762,-0.308,0.701,0.911,0.846,0.856,0.887,0.822,-0.117,0.906,0.208,0.789,0.876,0.869,0.829,0.773,0.535,0.8,-0.294,0.773,0.797,0.78,0.673,0.761,0.832,0.855,-0.622,0.436,0.595,0.867,-0.236,0.779,0.389,0.596,0.843,-0.076,0.783,0.308,0.468,0.833,0.778,-0.061,0.872,0.888,-0.142,0.732,0.826,-0.236,0.047,0.828,0.915,-0.368,-0.091,0.852,0.899
ARCT,0.603,0.98,0.829,-0.536,-0.075,0.837,0.813,0.926,-0.659,0.952,0.931,0.916,0.944,0.923,-0.38,0.75,0.934,0.949,0.937,0.892,0.0,0.969,0.883,0.92,0.93,0.871,0.951,0.917,0.756,0.956,0.977,-0.678,-0.501,0.96,0.159,0.916,0.631,-0.194,0.725,0.967,0.968,0.05,-0.04,0.741,-0.13,-0.341,0.936,-0.307,-0.078,0.905,0.897,-0.459,-0.752,0.862,0.827,0.656,0.889,0.903,0.94,0.914,0.936,0.966,0.849,0.944,0.482,0.914,0.916,0.837,0.887,0.924,0.897,0.516,-0.552,-0.296,0.955,0.169,-0.608,0.945,-0.096,0.914,0.925,0.332,0.898,0.973,0.938,0.488,0.964,0.968,0.82,0.585,0.171,0.723,0.917,0.866,-0.105,0.962,0.327,-0.486,0.928,0.468,0.329,0.639,0.729,0.928,0.889,0.893,0.906,0.915,0.915,0.628,0.909,0.975,0.941,0.935,0.961,0.876,0.814,0.842,0.958,0.777,0.903,0.916,0.704,0.664,-0.411,0.963,0.949,0.945,0.94,0.481,-0.292,0.953,-0.075,-0.229,0.95,-0.37,0.923,0.463,-0.364,0.918,0.168,0.863,0.767,-0.611,-0.627,0.914,-0.534,0.766,0.903,0.971,0.966,0.951,0.934,-0.357,0.957,0.11,0.846,0.959,0.901,0.793,0.912,0.523,0.939,-0.481,0.932,0.821,0.939,0.864,0.89,0.757,0.72,-0.77,0.261,0.759,0.966,-0.515,0.941,0.576,0.791,0.961,-0.318,0.849,0.202,0.354,0.94,0.864,-0.3,0.949,0.871,-0.332,0.909,0.959,-0.473,-0.054,0.96,0.931,-0.582,-0.281,0.885,0.926
ARWR,0.484,0.966,0.756,-0.608,-0.146,0.809,0.898,0.961,-0.727,0.928,0.959,0.965,0.964,0.969,-0.488,0.711,0.933,0.972,0.945,0.862,0.969,0.0,0.931,0.943,0.94,0.907,0.949,0.962,0.832,0.918,0.951,-0.758,-0.614,0.963,0.13,0.908,0.505,-0.327,0.661,0.948,0.987,-0.083,-0.193,0.75,-0.23,-0.454,0.921,-0.443,-0.156,0.858,0.866,-0.458,-0.829,0.822,0.779,0.652,0.919,0.947,0.96,0.961,0.891,0.957,0.912,0.967,0.575,0.947,0.859,0.828,0.884,0.932,0.875,0.48,-0.655,-0.35,0.981,0.071,-0.536,0.9,0.03,0.905,0.9,0.247,0.927,0.968,0.962,0.408,0.943,0.94,0.768,0.474,0.271,0.688,0.962,0.853,-0.239,0.96,0.316,-0.61,0.917,0.511,0.207,0.663,0.691,0.959,0.918,0.951,0.845,0.89,0.878,0.572,0.866,0.958,0.907,0.97,0.976,0.857,0.792,0.901,0.936,0.778,0.887,0.955,0.615,0.553,-0.536,0.983,0.958,0.962,0.967,0.375,-0.265,0.971,-0.195,-0.289,0.963,-0.5,0.878,0.6,-0.486,0.881,0.194,0.837,0.837,-0.701,-0.562,0.961,-0.637,0.691,0.841,0.965,0.968,0.912,0.951,-0.418,0.952,0.149,0.831,0.959,0.854,0.828,0.926,0.369,0.973,-0.543,0.962,0.758,0.968,0.927,0.834,0.755,0.734,-0.792,0.195,0.838,0.969,-0.585,0.968,0.668,0.865,0.955,-0.435,0.805,0.036,0.227,0.927,0.891,-0.416,0.949,0.811,-0.287,0.953,0.935,-0.57,-0.035,0.962,0.918,-0.627,-0.396,0.919,0.91
ASND,0.333,0.875,0.644,-0.56,-0.24,0.732,0.936,0.936,-0.768,0.849,0.934,0.928,0.9,0.954,-0.535,0.631,0.899,0.93,0.887,0.742,0.883,0.931,0.0,0.898,0.931,0.891,0.879,0.9,0.815,0.816,0.85,-0.732,-0.671,0.875,-0.014,0.801,0.322,-0.412,0.561,0.848,0.91,-0.285,-0.357,0.721,-0.193,-0.504,0.765,-0.521,-0.144,0.738,0.782,-0.269,-0.849,0.72,0.694,0.692,0.857,0.95,0.877,0.929,0.807,0.892,0.926,0.903,0.551,0.928,0.679,0.733,0.794,0.891,0.811,0.406,-0.714,-0.39,0.928,-0.044,-0.39,0.787,0.236,0.794,0.796,0.049,0.894,0.893,0.898,0.269,0.886,0.858,0.651,0.274,0.248,0.75,0.942,0.743,-0.364,0.861,0.353,-0.701,0.811,0.617,0.107,0.572,0.61,0.922,0.928,0.93,0.715,0.792,0.757,0.408,0.739,0.871,0.79,0.919,0.921,0.837,0.707,0.901,0.838,0.719,0.751,0.94,0.549,0.435,-0.609,0.901,0.918,0.911,0.942,0.333,-0.218,0.874,-0.234,-0.332,0.87,-0.566,0.805,0.689,-0.573,0.752,0.285,0.75,0.824,-0.7,-0.391,0.918,-0.703,0.692,0.74,0.866,0.903,0.799,0.873,-0.411,0.838,0.311,0.737,0.866,0.73,0.791,0.866,0.261,0.927,-0.482,0.927,0.622,0.936,0.926,0.748,0.706,0.661,-0.651,0.186,0.844,0.851,-0.594,0.917,0.752,0.897,0.836,-0.512,0.825,-0.049,0.13,0.876,0.852,-0.481,0.909,0.659,-0.212,0.913,0.89,-0.649,0.004,0.908,0.824,-0.517,-0.559,0.89,0.867
ASTH,0.462,0.929,0.757,-0.533,-0.033,0.812,0.909,0.952,-0.664,0.842,0.92,0.907,0.974,0.909,-0.469,0.636,0.892,0.958,0.914,0.775,0.92,0.943,0.898,0.0,0.878,0.801,0.912,0.921,0.878,0.838,0.894,-0.697,-0.596,0.945,0.17,0.843,0.44,-0.277,0.556,0.918,0.96,-0.144,-0.203,0.639,-0.223,-0.33,0.876,-0.436,-0.073,0.847,0.776,-0.412,-0.791,0.781,0.784,0.693,0.952,0.96,0.958,0.907,0.853,0.897,0.942,0.924,0.573,0.931,0.837,0.785,0.809,0.935,0.78,0.504,-0.615,-0.2,0.942,0.08,-0.435,0.834,0.025,0.831,0.918,0.253,0.898,0.881,0.879,0.335,0.897,0.928,0.758,0.481,0.19,0.668,0.895,0.8,-0.225,0.866,0.258,-0.614,0.853,0.491,0.181,0.599,0.602,0.874,0.862,0.947,0.782,0.874,0.857,0.548,0.833,0.938,0.842,0.949,0.951,0.874,0.68,0.902,0.955,0.661,0.813,0.954,0.613,0.542,-0.518,0.917,0.928,0.886,0.953,0.433,-0.142,0.937,-0.137,-0.181,0.902,-0.48,0.849,0.662,-0.488,0.776,0.099,0.775,0.872,-0.708,-0.536,0.957,-0.644,0.686,0.813,0.945,0.917,0.856,0.867,-0.359,0.919,0.156,0.853,0.905,0.787,0.714,0.833,0.369,0.885,-0.605,0.91,0.689,0.968,0.913,0.817,0.8,0.694,-0.722,0.199,0.915,0.893,-0.538,0.923,0.566,0.916,0.914,-0.386,0.776,0.079,0.271,0.87,0.825,-0.392,0.935,0.799,-0.207,0.929,0.892,-0.577,0.083,0.889,0.832,-0.603,-0.402,0.875,0.864
ATSG,0.485,0.936,0.671,-0.551,-0.167,0.772,0.831,0.898,-0.684,0.862,0.905,0.925,0.913,0.954,-0.494,0.748,0.885,0.923,0.865,0.798,0.93,0.94,0.931,0.878,0.0,0.922,0.95,0.879,0.697,0.903,0.9,-0.716,-0.56,0.909,-0.062,0.843,0.501,-0.315,0.666,0.928,0.913,-0.054,-0.181,0.778,-0.166,-0.441,0.81,-0.386,-0.156,0.767,0.89,-0.364,-0.779,0.736,0.763,0.65,0.795,0.924,0.874,0.932,0.866,0.952,0.831,0.936,0.587,0.885,0.794,0.786,0.839,0.928,0.815,0.499,-0.635,-0.353,0.951,0.063,-0.603,0.889,0.051,0.88,0.818,0.122,0.848,0.936,0.945,0.437,0.927,0.901,0.717,0.417,0.232,0.768,0.957,0.799,-0.235,0.925,0.302,-0.581,0.908,0.658,0.235,0.66,0.715,0.933,0.873,0.893,0.829,0.857,0.873,0.604,0.841,0.927,0.85,0.904,0.906,0.853,0.829,0.833,0.871,0.831,0.871,0.899,0.644,0.547,-0.505,0.937,0.948,0.926,0.927,0.393,-0.364,0.885,-0.178,-0.298,0.929,-0.467,0.871,0.518,-0.469,0.87,0.273,0.752,0.736,-0.601,-0.559,0.88,-0.586,0.738,0.817,0.914,0.931,0.908,0.915,-0.443,0.868,0.169,0.719,0.906,0.85,0.753,0.917,0.421,0.935,-0.415,0.902,0.696,0.919,0.883,0.838,0.68,0.647,-0.688,0.197,0.73,0.914,-0.607,0.93,0.729,0.795,0.898,-0.44,0.859,0.105,0.254,0.946,0.878,-0.38,0.926,0.743,-0.406,0.91,0.952,-0.54,-0.09,0.917,0.903,-0.54,-0.399,0.859,0.891
AVTX,0.28,0.892,0.542,-0.718,-0.36,0.693,0.821,0.846,-0.799,0.819,0.906,0.909,0.874,0.941,-0.647,0.636,0.887,0.909,0.872,0.731,0.871,0.907,0.891,0.801,0.922,0.0,0.915,0.894,0.688,0.871,0.872,-0.861,-0.732,0.862,-0.121,0.767,0.369,-0.539,0.566,0.866,0.88,-0.135,-0.366,0.732,-0.373,-0.674,0.772,-0.539,-0.325,0.725,0.81,-0.533,-0.882,0.635,0.602,0.495,0.759,0.89,0.857,0.954,0.753,0.915,0.79,0.915,0.611,0.893,0.705,0.717,0.806,0.849,0.791,0.298,-0.793,-0.533,0.93,-0.099,-0.65,0.795,0.126,0.859,0.72,-0.037,0.864,0.903,0.955,0.309,0.856,0.806,0.564,0.293,0.394,0.583,0.965,0.723,-0.41,0.925,0.168,-0.705,0.88,0.604,0.005,0.653,0.59,0.957,0.85,0.86,0.759,0.821,0.777,0.526,0.716,0.834,0.786,0.905,0.858,0.733,0.785,0.861,0.782,0.829,0.869,0.871,0.423,0.343,-0.677,0.935,0.94,0.941,0.89,0.144,-0.501,0.883,-0.414,-0.436,0.886,-0.645,0.753,0.554,-0.627,0.861,0.09,0.706,0.715,-0.717,-0.527,0.87,-0.734,0.587,0.693,0.869,0.904,0.834,0.933,-0.61,0.807,0.017,0.63,0.888,0.762,0.736,0.965,0.182,0.944,-0.532,0.91,0.614,0.89,0.913,0.736,0.516,0.545,-0.817,-0.007,0.683,0.897,-0.725,0.939,0.838,0.778,0.887,-0.635,0.708,-0.141,-0.013,0.864,0.836,-0.577,0.87,0.629,-0.473,0.926,0.872,-0.675,-0.225,0.9,0.848,-0.69,-0.483,0.81,0.802
BCPC,0.5,0.975,0.678,-0.606,-0.11,0.819,0.81,0.906,-0.668,0.857,0.902,0.917,0.951,0.936,-0.519,0.752,0.889,0.954,0.903,0.805,0.951,0.949,0.879,0.912,0.95,0.915,0.0,0.915,0.727,0.94,0.935,-0.768,-0.585,0.957,0.015,0.855,0.566,-0.32,0.662,0.975,0.943,0.005,-0.152,0.767,-0.227,-0.446,0.873,-0.363,-0.154,0.848,0.889,-0.543,-0.784,0.73,0.784,0.582,0.841,0.925,0.938,0.945,0.871,0.971,0.833,0.967,0.65,0.903,0.879,0.819,0.844,0.95,0.786,0.52,-0.651,-0.302,0.972,0.112,-0.688,0.905,-0.068,0.943,0.865,0.165,0.861,0.929,0.965,0.485,0.929,0.93,0.739,0.535,0.305,0.656,0.956,0.824,-0.21,0.956,0.179,-0.563,0.96,0.61,0.193,0.687,0.702,0.937,0.826,0.898,0.863,0.927,0.931,0.702,0.884,0.948,0.872,0.931,0.915,0.835,0.837,0.853,0.91,0.851,0.951,0.912,0.616,0.532,-0.519,0.966,0.972,0.932,0.924,0.361,-0.364,0.939,-0.211,-0.229,0.94,-0.481,0.87,0.491,-0.472,0.928,0.12,0.754,0.766,-0.639,-0.664,0.913,-0.606,0.708,0.834,0.959,0.955,0.949,0.938,-0.484,0.907,-0.029,0.779,0.953,0.892,0.677,0.949,0.395,0.928,-0.503,0.903,0.723,0.943,0.902,0.875,0.675,0.619,-0.811,0.129,0.743,0.962,-0.654,0.954,0.696,0.789,0.963,-0.444,0.787,0.114,0.233,0.951,0.888,-0.393,0.929,0.808,-0.468,0.95,0.936,-0.552,-0.125,0.915,0.919,-0.648,-0.313,0.861,0.866
BEAM,0.376,0.928,0.695,-0.654,-0.186,0.8,0.902,0.943,-0.762,0.878,0.951,0.927,0.952,0.947,-0.549,0.628,0.925,0.96,0.946,0.812,0.917,0.962,0.9,0.921,0.879,0.894,0.915,0.0,0.86,0.869,0.916,-0.81,-0.696,0.946,0.181,0.861,0.408,-0.424,0.578,0.911,0.961,-0.117,-0.289,0.695,-0.308,-0.5,0.89,-0.513,-0.172,0.842,0.8,-0.531,-0.874,0.779,0.71,0.605,0.917,0.932,0.958,0.946,0.826,0.915,0.93,0.927,0.56,0.954,0.817,0.795,0.865,0.876,0.835,0.368,-0.721,-0.365,0.949,0.03,-0.494,0.819,0.088,0.866,0.876,0.18,0.944,0.918,0.942,0.321,0.894,0.885,0.685,0.42,0.421,0.599,0.939,0.818,-0.326,0.923,0.263,-0.675,0.886,0.489,0.086,0.639,0.604,0.936,0.883,0.935,0.798,0.858,0.824,0.504,0.789,0.907,0.852,0.97,0.956,0.8,0.755,0.91,0.885,0.732,0.854,0.938,0.489,0.438,-0.618,0.959,0.934,0.931,0.936,0.258,-0.259,0.968,-0.298,-0.298,0.914,-0.579,0.798,0.672,-0.57,0.83,0.086,0.797,0.846,-0.774,-0.556,0.963,-0.706,0.606,0.783,0.938,0.941,0.848,0.919,-0.492,0.917,0.063,0.823,0.944,0.782,0.792,0.908,0.239,0.949,-0.636,0.944,0.681,0.956,0.944,0.746,0.726,0.71,-0.831,0.081,0.849,0.934,-0.59,0.954,0.694,0.874,0.938,-0.514,0.717,-0.083,0.099,0.879,0.859,-0.513,0.915,0.743,-0.274,0.945,0.872,-0.656,0.008,0.916,0.877,-0.684,-0.467,0.893,0.838
BILI,0.24,0.749,0.628,-0.563,-0.167,0.617,0.898,0.877,-0.652,0.699,0.84,0.819,0.851,0.809,-0.486,0.415,0.783,0.845,0.843,0.658,0.756,0.832,0.815,0.878,0.697,0.688,0.727,0.86,0.0,0.641,0.724,-0.683,-0.688,0.809,0.374,0.702,0.201,-0.404,0.393,0.722,0.857,-0.391,-0.38,0.51,-0.317,-0.437,0.771,-0.554,-0.147,0.691,0.58,-0.34,-0.799,0.704,0.582,0.563,0.929,0.852,0.865,0.816,0.67,0.724,0.908,0.795,0.52,0.862,0.639,0.664,0.608,0.744,0.694,0.385,-0.642,-0.268,0.822,-0.077,-0.098,0.621,0.247,0.685,0.789,0.196,0.867,0.748,0.738,0.15,0.72,0.77,0.623,0.251,0.327,0.487,0.781,0.696,-0.397,0.726,0.179,-0.683,0.657,0.313,0.034,0.483,0.395,0.779,0.768,0.87,0.557,0.708,0.624,0.374,0.623,0.774,0.697,0.858,0.866,0.695,0.491,0.883,0.811,0.482,0.638,0.888,0.387,0.35,-0.614,0.801,0.785,0.778,0.853,0.223,0.107,0.839,-0.252,-0.221,0.784,-0.584,0.641,0.809,-0.554,0.58,0.045,0.672,0.9,-0.759,-0.335,0.888,-0.722,0.443,0.604,0.798,0.796,0.638,0.759,-0.277,0.814,0.173,0.751,0.759,0.581,0.674,0.71,0.108,0.795,-0.636,0.835,0.59,0.863,0.846,0.571,0.744,0.672,-0.668,0.192,0.92,0.754,-0.474,0.82,0.541,0.905,0.783,-0.472,0.572,-0.173,0.028,0.675,0.664,-0.514,0.808,0.656,0.132,0.836,0.708,-0.653,0.157,0.783,0.7,-0.578,-0.504,0.802,0.738
BJRI,0.632,0.965,0.779,-0.542,-0.115,0.843,0.717,0.863,-0.632,0.931,0.876,0.864,0.895,0.864,-0.354,0.752,0.894,0.907,0.897,0.862,0.956,0.918,0.816,0.838,0.903,0.871,0.94,0.869,0.641,0.0,0.968,-0.668,-0.448,0.937,0.105,0.879,0.725,-0.178,0.743,0.949,0.916,0.125,0.027,0.767,-0.144,-0.341,0.901,-0.223,-0.115,0.884,0.924,-0.53,-0.703,0.811,0.807,0.555,0.807,0.84,0.895,0.874,0.909,0.959,0.751,0.924,0.451,0.864,0.918,0.821,0.864,0.908,0.877,0.511,-0.517,-0.342,0.92,0.203,-0.724,0.945,-0.234,0.93,0.878,0.306,0.843,0.948,0.925,0.571,0.937,0.94,0.787,0.634,0.212,0.639,0.885,0.82,-0.063,0.96,0.247,-0.409,0.948,0.498,0.358,0.632,0.735,0.907,0.838,0.831,0.93,0.929,0.937,0.671,0.919,0.944,0.921,0.883,0.904,0.842,0.887,0.769,0.905,0.839,0.934,0.837,0.688,0.654,-0.365,0.936,0.927,0.912,0.879,0.457,-0.392,0.913,-0.068,-0.257,0.915,-0.324,0.898,0.313,-0.324,0.961,0.148,0.828,0.684,-0.533,-0.694,0.859,-0.461,0.723,0.902,0.942,0.938,0.959,0.921,-0.388,0.904,-0.026,0.816,0.958,0.921,0.733,0.925,0.533,0.9,-0.425,0.875,0.825,0.883,0.811,0.91,0.649,0.637,-0.791,0.22,0.643,0.95,-0.522,0.912,0.566,0.685,0.944,-0.287,0.786,0.235,0.346,0.943,0.88,-0.254,0.901,0.859,-0.447,0.876,0.937,-0.407,-0.167,0.93,0.928,-0.6,-0.203,0.848,0.871
BLUE,0.574,0.98,0.814,-0.601,-0.123,0.827,0.792,0.901,-0.715,0.953,0.935,0.897,0.936,0.896,-0.414,0.697,0.932,0.944,0.945,0.861,0.977,0.951,0.85,0.894,0.9,0.872,0.935,0.916,0.724,0.968,0.0,-0.707,-0.51,0.96,0.168,0.898,0.631,-0.22,0.683,0.957,0.954,0.084,-0.043,0.692,-0.194,-0.375,0.931,-0.318,-0.156,0.934,0.884,-0.542,-0.766,0.838,0.803,0.597,0.883,0.884,0.942,0.905,0.917,0.959,0.826,0.94,0.433,0.917,0.92,0.805,0.908,0.919,0.911,0.436,-0.569,-0.381,0.941,0.138,-0.66,0.94,-0.182,0.896,0.921,0.318,0.894,0.965,0.936,0.457,0.939,0.945,0.787,0.576,0.225,0.641,0.903,0.824,-0.091,0.962,0.267,-0.487,0.922,0.408,0.291,0.59,0.682,0.929,0.9,0.873,0.921,0.907,0.912,0.569,0.894,0.959,0.923,0.935,0.949,0.87,0.809,0.824,0.936,0.754,0.902,0.891,0.659,0.636,-0.417,0.957,0.947,0.942,0.925,0.438,-0.372,0.959,-0.108,-0.304,0.942,-0.387,0.902,0.428,-0.4,0.927,0.11,0.874,0.761,-0.641,-0.671,0.916,-0.526,0.728,0.886,0.971,0.956,0.939,0.926,-0.417,0.931,0.008,0.877,0.973,0.896,0.775,0.911,0.52,0.937,-0.549,0.926,0.826,0.929,0.86,0.901,0.686,0.674,-0.817,0.191,0.742,0.958,-0.526,0.944,0.559,0.773,0.961,-0.328,0.786,0.145,0.329,0.927,0.872,-0.323,0.917,0.85,-0.397,0.905,0.95,-0.473,-0.124,0.958,0.911,-0.651,-0.318,0.85,0.879
