,AAL,AAON,ACB,ACGL,ACGLO,ACIW,ADBE,ADSK,AEP,AGIO,ALEC,ALNY,ALTR,AMBA,AMCX,AMKR,AMRX,ANSS,APPN,APTO,ARCT,ARWR,ASND,ASTH,ATSG,AVTX,BCPC,BEAM,BILI,BJRI,BLUE,BPOP,BRKL,BWIN,BZUN,CARG,CBRL,CBSH,CBUS,CENTA,CERS,CFFN,CHCO,CHEF,CHRD,CINF,CLLS,CMCO,CMCSA,COLL,COMM,COOP,CPB,CRON,CROX,CRUS,CRWD,CTAS,CYBR,CYTK,DGII,DIOD,DOMO,DPZ,DSGR,DXCM,ERIE,ESTA,EXEL,FAST,FCEL,FCFS,FHB,FITBI,FSV,FTDR,FUTU,GLDD,GLPG,GLPI,GOGO,GOSS,GSAT,GYRE,HALO,HAS,HLIT,HLNE,HSDT,HSIC,HTHT,ICHR,IDYA,IMVT,INDB,INSM,IONS,IOSP,ITRI,JBHT,JBLU,JSM,KLIC,KOD,KURA,LAB,LASR,LIN,LKQ,LNT,MBUU,MCRI,MDGL,MEDP,MGNI,MGPI,MGRC,MKTX,MRNA,MRTN,MSEX,MSFT,MU,NAVI,NBTB,NEO,NEOG,NGNE,NSSC,NTAP,NTES,NTLA,NTRS,NYMTN,OBLG,OCFC,ON,ONC,OPI,OSIS,OSW,PALI,PANW,PCAR,PCRX,PCTY,PEBO,PLAB,PLAY,PLMR,PLSE,PLUS,PRTA,PSEC,PSNL,PTCT,PTON,QNST,QRVO,QTTB,RARE,RBCAA,RGNX,SAIC,SGMO,SINT,SNPS,SPSC,SPTN,SSYS,STNE,TBBK,TCPC,TENB,TGTX,TREE,TRUP,TTWO,TW,TXG,UBSI,UCTT,UFPT,UMBF,UPBD,URBN,VBTX,VCTR,VEON,VNET,VRSK,VSEC,WABC,WTFCM,WVE,WW,WWD,XEL,ZD,ZYME
AAL,0.0,0.279,0.793,0.919,0.237,0.575,0.467,0.812,0.485,-0.322,0.33,0.457,0.294,0.893,0.566,0.86,0.667,0.701,0.721,0.813,0.886,0.71,0.756,0.829,0.817,-0.187,0.634,-0.347,0.682,0.467,0.697,0.55,-0.701,0.828,0.174,0.725,0.498,0.771,-0.16,0.041,0.136,-0.012,0.009,0.823,0.374,0.949,0.636,0.389,0.68,0.952,0.426,-0.369,0.185,0.884,0.822,0.57,0.889,0.945,0.632,0.094,0.872,0.899,0.867,0.434,-0.042,0.929,0.826,0.717,0.752,0.923,0.004,0.886,0.768,0.292,0.855,0.695,0.634,-0.722,0.839,0.672,0.917,-0.62,0.835,-0.11,0.923,-0.592,0.779,0.658,0.116,0.771,0.128,0.828,-0.716,0.433,0.476,-0.092,0.876,0.643,0.911,0.637,0.981,0.845,0.839,0.198,0.051,0.651,0.856,0.958,0.822,0.707,-0.26,0.956,0.454,0.844,0.738,0.852,0.657,0.144,0.881,0.24,0.185,0.947,0.397,0.814,-0.543,-0.589,-0.681,-0.762,0.721,0.768,0.68,0.769,0.962,0.831,-0.156,-0.664,0.91,0.608,0.38,0.824,0.749,0.535,0.844,0.824,0.862,0.826,0.097,0.403,0.925,0.857,0.569,0.884,0.845,0.846,-0.521,0.86,0.847,0.605,0.335,-0.024,0.757,0.592,0.762,0.513,0.55,0.76,0.8,0.776,0.69,0.843,0.656,0.865,0.84,0.48,0.733,0.893,0.683,-0.085,0.826,0.446,0.543,0.764,0.184,0.516,-0.427,0.247,0.337,-0.091,0.838,0.495,0.918,-0.131,0.446,0.359,-0.056,0.658,0.897,0.374,0.656,0.466
AAON,0.279,0.0,-0.057,0.134,0.424,0.546,0.519,0.348,-0.097,-0.022,0.262,0.354,0.178,0.428,-0.184,0.248,0.322,0.437,0.237,0.327,0.19,0.515,0.514,0.366,-0.089,0.569,0.49,0.222,0.181,0.448,0.217,0.318,0.037,0.4,-0.055,0.502,0.506,0.28,-0.352,0.524,0.302,0.133,-0.105,0.014,0.276,0.138,0.152,-0.217,0.167,0.417,0.457,-0.004,-0.237,0.095,0.511,0.048,0.099,0.157,-0.024,0.032,0.185,0.281,0.382,0.672,0.466,0.26,0.228,0.176,0.115,0.372,0.212,0.214,0.331,0.173,0.355,0.506,0.301,0.197,0.283,0.269,0.073,-0.02,0.146,-0.079,0.197,0.25,0.477,0.608,-0.146,0.188,0.157,0.509,0.043,0.626,0.285,0.545,0.157,-0.066,0.334,0.541,0.299,0.299,0.307,0.439,0.216,0.443,0.424,0.254,0.489,0.131,0.137,0.357,0.414,0.514,0.255,0.138,0.202,-0.054,0.377,0.286,0.235,0.234,0.293,0.536,0.13,-0.232,0.329,0.034,0.454,0.482,0.23,0.297,0.257,0.33,0.1,-0.035,0.226,0.279,0.205,0.504,0.46,-0.198,0.006,0.32,0.064,0.432,0.149,-0.078,0.319,0.184,0.633,0.126,0.419,0.266,0.082,0.384,0.12,0.628,0.235,0.46,0.421,0.244,0.016,-0.095,0.432,-0.114,0.186,0.507,0.154,0.462,0.23,0.295,0.015,-0.084,0.228,0.359,0.186,-0.044,0.389,0.218,0.18,0.457,-0.118,0.253,0.339,0.501,0.394,0.368,0.469,0.206,0.332,0.199,0.133,0.217,0.493,0.305,0.23,-0.105,0.349,0.25
ACB,0.793,-0.057,0.0,0.722,0.291,0.409,0.454,0.843,0.6,0.092,0.485,0.666,0.575,0.827,0.676,0.748,0.569,0.689,0.853,0.806,0.887,0.676,0.514,0.819,0.911,-0.349,0.497,-0.106,0.755,0.158,0.762,0.478,-0.716,0.709,0.505,0.531,0.159,0.528,0.182,0.022,0.446,-0.27,-0.251,0.873,0.549,0.759,0.438,0.666,0.8,0.787,0.34,-0.441,0.362,0.967,0.666,0.811,0.825,0.88,0.874,0.457,0.892,0.799,0.821,0.262,-0.148,0.879,0.814,0.894,0.871,0.777,0.102,0.652,0.525,0.402,0.772,0.499,0.672,-0.788,0.675,0.583,0.878,-0.246,0.918,0.29,0.904,-0.648,0.669,0.46,0.431,0.761,0.357,0.646,-0.631,0.315,0.203,0.063,0.891,0.685,0.841,0.409,0.728,0.738,0.606,0.238,0.361,0.647,0.731,0.799,0.439,0.618,-0.148,0.674,0.546,0.72,0.851,0.833,0.264,0.197,0.657,-0.156,0.407,0.889,0.473,0.535,-0.806,-0.283,-0.753,-0.535,0.687,0.586,0.759,0.854,0.768,0.786,-0.008,-0.832,0.898,0.762,0.512,0.61,0.631,0.421,0.948,0.519,0.939,0.741,-0.262,0.71,0.753,0.727,0.507,0.794,0.686,0.855,-0.178,0.789,0.921,0.187,0.563,-0.016,0.727,0.378,0.94,0.696,0.693,0.948,0.912,0.737,0.777,0.78,0.733,0.551,0.807,0.83,0.854,0.813,0.87,0.339,0.667,0.698,0.159,0.739,0.596,0.151,-0.37,-0.121,-0.12,-0.51,0.737,0.701,0.812,0.083,0.027,0.545,-0.261,0.623,0.652,0.492,0.687,0.501
ACGL,0.919,0.134,0.722,0.0,0.183,0.429,0.352,0.662,0.588,-0.406,0.206,0.254,0.195,0.774,0.546,0.725,0.621,0.569,0.581,0.723,0.787,0.517,0.604,0.659,0.792,-0.399,0.528,-0.487,0.491,0.425,0.503,0.411,-0.655,0.688,0.075,0.605,0.389,0.806,-0.13,-0.143,-0.041,0.038,0.136,0.763,0.231,0.931,0.612,0.261,0.576,0.835,0.224,-0.379,0.203,0.807,0.654,0.487,0.854,0.9,0.565,0.016,0.829,0.77,0.742,0.237,-0.114,0.853,0.784,0.624,0.749,0.864,-0.08,0.826,0.733,0.241,0.738,0.568,0.411,-0.728,0.742,0.692,0.897,-0.644,0.761,-0.27,0.876,-0.675,0.614,0.501,0.04,0.702,-0.072,0.674,-0.73,0.146,0.481,-0.261,0.773,0.527,0.79,0.436,0.883,0.709,0.706,0.007,-0.059,0.507,0.681,0.896,0.752,0.754,-0.301,0.885,0.381,0.693,0.577,0.725,0.713,0.04,0.791,0.221,0.111,0.869,0.19,0.721,-0.502,-0.705,-0.744,-0.82,0.51,0.656,0.502,0.606,0.9,0.667,-0.156,-0.618,0.798,0.414,0.4,0.748,0.549,0.659,0.782,0.744,0.805,0.679,0.088,0.289,0.892,0.767,0.334,0.896,0.717,0.797,-0.623,0.759,0.743,0.495,0.127,-0.207,0.66,0.514,0.716,0.544,0.414,0.752,0.71,0.63,0.596,0.72,0.526,0.82,0.899,0.402,0.588,0.762,0.525,-0.129,0.65,0.319,0.642,0.566,0.096,0.524,-0.577,0.17,0.347,-0.17,0.711,0.276,0.831,-0.252,0.514,0.214,-0.258,0.557,0.905,0.505,0.504,0.294
ACGLO,0.237,0.424,0.291,0.183,0.0,0.156,0.564,0.434,0.265,0.482,0.498,0.542,0.57,0.467,0.089,0.087,0.526,0.4,0.461,0.499,0.259,0.497,0.128,0.392,0.195,0.406,0.376,0.501,0.187,0.48,0.368,0.324,-0.077,0.432,0.393,0.493,0.282,0.061,0.238,0.108,0.575,-0.287,-0.173,0.284,0.148,0.055,0.249,0.027,0.252,0.311,0.221,-0.1,-0.021,0.268,0.301,0.472,0.275,0.257,0.452,0.597,0.416,0.179,0.496,0.419,0.451,0.31,0.23,0.458,0.505,0.26,0.221,0.157,0.009,0.762,0.342,0.323,0.151,-0.175,0.285,0.575,0.222,0.275,0.326,0.357,0.366,-0.044,0.343,0.52,0.269,0.105,0.4,0.293,0.162,0.243,-0.076,0.631,0.228,-0.036,0.39,0.127,0.182,0.18,0.033,0.524,0.621,0.501,0.286,0.183,0.19,0.172,0.394,0.212,0.68,0.323,0.418,0.141,-0.17,-0.016,0.159,-0.24,0.35,0.339,0.452,0.269,-0.368,-0.107,-0.066,0.257,0.254,0.238,0.224,0.437,0.105,0.386,0.47,-0.351,0.349,0.428,0.562,0.113,0.328,-0.097,0.309,0.171,0.279,0.423,-0.429,0.345,0.432,0.187,0.419,0.188,0.285,0.481,0.418,0.373,0.231,0.13,0.392,0.288,0.52,-0.238,0.43,0.19,0.596,0.245,0.457,0.526,0.145,0.451,0.22,0.044,0.31,0.375,0.387,0.279,0.434,0.535,0.114,0.641,-0.071,0.448,0.348,-0.212,0.172,0.167,-0.026,-0.127,0.305,0.296,0.217,0.299,-0.285,0.579,0.02,0.381,0.121,0.217,0.373,0.208
ACIW,0.575,0.546,0.409,0.429,0.156,0.0,0.495,0.668,-0.159,-0.09,0.56,0.497,0.28,0.619,0.088,0.818,0.34,0.591,0.664,0.625,0.649,0.762,0.652,0.73,0.33,0.1,0.777,0.026,0.651,0.327,0.675,0.73,-0.283,0.761,0.097,0.727,0.597,0.575,-0.144,0.494,0.343,0.046,-0.17,0.462,0.475,0.503,0.296,0.474,0.532,0.664,0.743,0.075,-0.133,0.545,0.89,0.437,0.511,0.442,0.424,0.124,0.477,0.801,0.701,0.411,0.143,0.509,0.708,0.476,0.352,0.582,0.44,0.607,0.723,0.024,0.654,0.557,0.768,-0.16,0.572,0.13,0.462,-0.3,0.622,0.205,0.49,0.055,0.872,0.765,0.013,0.657,0.262,0.737,-0.296,0.787,0.541,0.296,0.618,0.567,0.707,0.827,0.638,0.72,0.774,0.654,0.242,0.724,0.787,0.631,0.705,0.087,0.104,0.614,0.407,0.788,0.659,0.563,0.381,0.213,0.735,0.449,0.119,0.609,0.454,0.78,-0.094,-0.03,-0.021,-0.367,0.79,0.818,0.682,0.683,0.635,0.678,-0.243,-0.308,0.661,0.525,0.026,0.709,0.816,0.175,0.49,0.662,0.497,0.798,0.373,0.411,0.47,0.553,0.807,0.502,0.772,0.584,-0.145,0.707,0.627,0.658,0.601,0.601,0.578,0.627,0.336,0.109,0.619,0.33,0.538,0.745,0.661,0.649,0.746,0.679,0.32,0.36,0.7,0.745,0.599,-0.041,0.749,0.296,0.315,0.822,0.15,0.583,0.092,0.489,0.386,0.23,0.715,0.588,0.677,0.131,0.239,0.102,0.514,0.59,0.572,-0.231,0.792,0.715
ADBE,0.467,0.519,0.454,0.352,0.564,0.495,0.0,0.779,0.308,0.439,0.536,0.751,0.769,0.675,0.375,0.361,0.384,0.749,0.582,0.594,0.424,0.585,0.296,0.519,0.286,0.256,0.68,0.486,0.539,0.572,0.57,0.657,-0.038,0.596,0.661,0.528,0.397,0.218,-0.117,0.569,0.712,-0.058,-0.139,0.524,0.305,0.251,-0.026,0.351,0.721,0.553,0.592,0.044,0.394,0.451,0.564,0.718,0.31,0.469,0.563,0.284,0.482,0.472,0.617,0.745,0.202,0.604,0.452,0.676,0.496,0.462,-0.098,0.385,0.28,0.576,0.639,0.721,0.532,-0.308,0.302,0.631,0.318,0.168,0.522,0.312,0.522,0.114,0.494,0.582,0.53,0.528,0.698,0.417,-0.257,0.48,0.16,0.537,0.398,0.219,0.613,0.365,0.416,0.305,0.215,0.401,0.443,0.539,0.45,0.372,0.421,0.348,0.501,0.37,0.502,0.599,0.739,0.376,-0.115,0.374,0.304,-0.312,0.686,0.602,0.803,0.437,-0.358,-0.124,-0.025,0.046,0.516,0.314,0.57,0.686,0.352,0.476,0.474,-0.371,0.626,0.655,0.658,0.479,0.56,-0.023,0.458,0.433,0.445,0.581,-0.203,0.619,0.518,0.242,0.569,0.315,0.352,0.575,0.311,0.438,0.493,0.142,0.66,0.161,0.496,0.119,0.491,0.474,0.619,0.404,0.675,0.645,0.397,0.56,0.393,0.227,0.4,0.539,0.516,0.509,0.598,0.565,0.561,0.788,-0.01,0.603,0.557,-0.011,0.337,0.219,-0.122,-0.164,0.558,0.607,0.476,0.609,-0.182,0.596,0.207,0.384,0.207,0.311,0.548,0.129
ADSK,0.812,0.348,0.843,0.662,0.434,0.668,0.779,0.0,0.435,0.197,0.642,0.84,0.725,0.92,0.599,0.777,0.56,0.847,0.899,0.868,0.866,0.862,0.626,0.895,0.714,-0.015,0.783,0.121,0.852,0.428,0.864,0.718,-0.529,0.867,0.584,0.742,0.443,0.479,-0.094,0.419,0.634,-0.203,-0.291,0.856,0.573,0.684,0.299,0.633,0.905,0.878,0.68,-0.181,0.379,0.87,0.849,0.81,0.749,0.828,0.842,0.393,0.827,0.844,0.915,0.633,0.093,0.903,0.841,0.913,0.779,0.798,0.077,0.716,0.566,0.528,0.928,0.761,0.829,-0.66,0.691,0.644,0.755,-0.156,0.893,0.306,0.856,-0.307,0.812,0.729,0.496,0.84,0.59,0.729,-0.575,0.625,0.255,0.329,0.837,0.642,0.915,0.646,0.776,0.764,0.639,0.456,0.379,0.803,0.824,0.77,0.62,0.526,0.11,0.717,0.593,0.892,0.968,0.815,0.209,0.352,0.715,-0.089,0.57,0.921,0.73,0.663,-0.655,-0.229,-0.441,-0.401,0.824,0.675,0.845,0.95,0.757,0.858,0.138,-0.717,0.928,0.841,0.537,0.761,0.783,0.242,0.863,0.664,0.859,0.878,-0.157,0.728,0.802,0.623,0.744,0.693,0.728,0.869,-0.041,0.806,0.897,0.355,0.71,0.209,0.751,0.462,0.797,0.641,0.783,0.774,0.937,0.886,0.79,0.829,0.783,0.586,0.712,0.783,0.889,0.873,0.881,0.379,0.846,0.808,0.135,0.871,0.623,0.194,-0.059,0.104,-0.024,-0.264,0.858,0.821,0.854,0.331,-0.013,0.62,0.09,0.6,0.61,0.345,0.836,0.518
AEP,0.485,-0.097,0.6,0.588,0.265,-0.159,0.308,0.435,0.0,0.095,-0.01,0.357,0.438,0.547,0.588,0.157,0.374,0.478,0.37,0.421,0.441,0.186,0.154,0.331,0.686,-0.361,0.085,-0.171,0.269,0.124,0.2,-0.048,-0.474,0.198,0.413,0.107,-0.192,0.277,0.009,-0.198,0.225,-0.192,-0.09,0.531,0.276,0.49,0.279,0.126,0.537,0.454,-0.158,-0.509,0.54,0.555,0.114,0.47,0.45,0.673,0.522,0.288,0.66,0.259,0.39,0.202,-0.145,0.636,0.395,0.609,0.656,0.562,-0.269,0.261,0.097,0.411,0.424,0.279,0.11,-0.608,0.285,0.703,0.607,-0.042,0.487,-0.066,0.655,-0.675,0.097,0.015,0.306,0.451,0.138,0.221,-0.547,-0.213,-0.135,-0.063,0.44,0.143,0.391,-0.079,0.35,0.248,0.041,-0.334,0.203,0.207,0.18,0.427,0.07,0.828,-0.237,0.367,0.387,0.276,0.401,0.434,0.12,-0.004,0.202,-0.451,0.494,0.543,0.166,0.117,-0.669,-0.6,-0.677,-0.379,0.169,0.072,0.283,0.388,0.414,0.308,0.273,-0.63,0.483,0.438,0.691,0.358,0.039,0.339,0.557,0.134,0.586,0.21,-0.554,0.284,0.563,0.303,-0.038,0.594,0.16,0.495,-0.15,0.359,0.487,-0.145,0.083,-0.505,0.424,0.078,0.716,0.734,0.311,0.683,0.6,0.305,0.304,0.47,0.158,0.147,0.69,0.495,0.319,0.366,0.437,0.361,0.219,0.528,0.099,0.181,0.429,-0.196,-0.386,-0.401,-0.285,-0.654,0.396,0.243,0.458,0.076,-0.015,0.479,-0.683,0.248,0.361,0.948,0.135,-0.129
AGIO,-0.322,-0.022,0.092,-0.406,0.482,-0.09,0.439,0.197,0.095,0.0,0.434,0.58,0.735,0.036,0.13,-0.275,-0.048,0.174,0.237,0.038,-0.12,0.135,-0.367,0.009,-0.102,0.283,0.077,0.853,0.153,0.048,0.227,0.174,0.269,-0.028,0.737,-0.051,-0.153,-0.539,0.309,0.392,0.773,-0.387,-0.371,0.037,0.131,-0.488,-0.42,0.348,0.282,-0.22,0.214,0.258,0.355,-0.065,-0.114,0.442,-0.263,-0.193,0.356,0.616,-0.041,-0.201,0.011,0.245,0.199,-0.095,-0.119,0.311,0.084,-0.282,0.058,-0.363,-0.5,0.514,-0.004,0.079,0.136,0.082,-0.289,0.134,-0.27,0.85,0.021,0.724,-0.093,0.378,-0.074,0.036,0.652,-0.03,0.731,-0.247,0.359,0.083,-0.492,0.722,-0.127,-0.104,-0.035,-0.245,-0.384,-0.259,-0.466,0.329,0.641,0.2,-0.186,-0.383,-0.439,-0.248,0.68,-0.434,0.32,-0.097,0.297,-0.121,-0.823,0.217,-0.42,-0.724,0.606,-0.084,0.529,-0.335,-0.26,0.492,0.266,0.691,0.006,-0.325,0.137,0.219,-0.42,-0.046,0.678,-0.083,-0.008,0.383,0.396,-0.284,-0.071,-0.419,0.003,-0.32,-0.05,-0.032,-0.598,0.52,-0.158,-0.359,0.144,-0.328,-0.303,0.005,0.9,-0.14,0.022,-0.568,0.577,0.226,0.001,-0.416,0.154,0.193,0.37,0.052,0.206,0.081,-0.016,-0.039,0.037,-0.553,-0.16,0.474,0.168,-0.138,0.313,0.836,-0.175,0.65,-0.677,0.092,0.722,-0.645,0.62,-0.23,-0.654,-0.381,-0.119,0.406,-0.239,0.752,-0.797,0.551,0.007,-0.035,-0.501,0.109,0.188,-0.051
ALEC,0.33,0.262,0.485,0.206,0.498,0.56,0.536,0.642,-0.01,0.434,0.0,0.667,0.673,0.494,0.286,0.493,0.392,0.504,0.705,0.617,0.545,0.707,0.237,0.588,0.343,0.045,0.709,0.388,0.548,0.259,0.624,0.617,-0.258,0.684,0.401,0.606,0.434,0.119,0.245,0.423,0.666,-0.258,-0.342,0.538,0.406,0.199,0.111,0.533,0.499,0.417,0.606,0.108,0.136,0.487,0.59,0.581,0.464,0.341,0.646,0.601,0.424,0.518,0.62,0.412,0.163,0.432,0.569,0.594,0.499,0.323,0.367,0.418,0.253,0.443,0.54,0.44,0.583,-0.318,0.415,0.278,0.364,0.259,0.558,0.489,0.45,0.021,0.62,0.641,0.431,0.504,0.483,0.421,0.02,0.537,0.187,0.538,0.503,0.48,0.546,0.46,0.343,0.48,0.379,0.729,0.479,0.711,0.541,0.359,0.35,-0.062,0.323,0.3,0.528,0.587,0.664,0.447,-0.071,0.341,0.423,-0.008,0.325,0.508,0.509,0.376,-0.387,0.23,-0.087,0.03,0.563,0.486,0.495,0.672,0.296,0.521,0.101,-0.398,0.516,0.532,0.216,0.335,0.587,-0.082,0.531,0.343,0.508,0.703,-0.151,0.623,0.4,0.297,0.712,0.245,0.516,0.54,0.271,0.549,0.551,0.217,0.638,0.477,0.444,0.181,0.417,0.341,0.716,0.409,0.598,0.702,0.606,0.441,0.669,0.26,0.316,0.6,0.717,0.51,0.647,0.415,0.458,0.604,-0.089,0.658,0.524,-0.004,0.114,0.102,-0.014,-0.073,0.526,0.568,0.435,0.298,-0.301,0.465,0.302,0.367,0.221,-0.083,0.743,0.584
ALNY,0.457,0.354,0.666,0.254,0.542,0.497,0.751,0.84,0.357,0.58,0.667,0.0,0.857,0.735,0.468,0.477,0.388,0.747,0.791,0.68,0.614,0.757,0.398,0.73,0.474,0.215,0.595,0.453,0.733,0.265,0.77,0.563,-0.312,0.614,0.747,0.524,0.229,0.09,0.005,0.558,0.873,-0.373,-0.498,0.622,0.638,0.297,0.044,0.631,0.812,0.603,0.651,-0.085,0.395,0.638,0.608,0.758,0.418,0.534,0.763,0.585,0.601,0.544,0.704,0.666,0.245,0.642,0.572,0.814,0.608,0.51,0.134,0.334,0.183,0.61,0.721,0.604,0.747,-0.418,0.42,0.479,0.437,0.272,0.683,0.586,0.598,-0.062,0.614,0.584,0.62,0.61,0.792,0.49,-0.288,0.624,-0.087,0.643,0.6,0.449,0.681,0.46,0.401,0.517,0.309,0.507,0.603,0.716,0.59,0.411,0.244,0.313,0.279,0.342,0.588,0.665,0.87,0.613,-0.217,0.343,0.379,-0.368,0.729,0.631,0.785,0.357,-0.624,0.079,-0.196,0.017,0.699,0.4,0.734,0.828,0.395,0.654,0.344,-0.623,0.676,0.859,0.57,0.48,0.589,-0.12,0.629,0.315,0.61,0.652,-0.427,0.733,0.513,0.309,0.694,0.361,0.447,0.639,0.39,0.578,0.693,0.067,0.828,0.316,0.613,0.197,0.665,0.524,0.779,0.577,0.783,0.727,0.627,0.651,0.647,0.169,0.406,0.792,0.761,0.629,0.821,0.634,0.585,0.901,-0.283,0.739,0.795,-0.177,0.266,-0.058,-0.328,-0.361,0.645,0.871,0.57,0.621,-0.397,0.742,0.119,0.45,0.21,0.287,0.722,0.418
ALTR,0.294,0.178,0.575,0.195,0.57,0.28,0.769,0.725,0.438,0.735,0.673,0.857,0.0,0.598,0.515,0.239,0.299,0.657,0.699,0.558,0.461,0.571,0.095,0.506,0.407,0.084,0.506,0.566,0.574,0.292,0.611,0.51,-0.191,0.481,0.841,0.373,0.111,-0.041,0.121,0.453,0.901,-0.364,-0.422,0.561,0.378,0.112,-0.123,0.548,0.754,0.406,0.495,-0.001,0.538,0.49,0.396,0.766,0.309,0.425,0.765,0.654,0.49,0.35,0.556,0.541,0.124,0.529,0.464,0.795,0.591,0.333,0.007,0.232,-0.002,0.674,0.58,0.515,0.534,-0.437,0.211,0.532,0.321,0.487,0.577,0.563,0.51,-0.033,0.391,0.384,0.77,0.523,0.774,0.223,-0.146,0.329,-0.161,0.625,0.432,0.266,0.517,0.154,0.21,0.271,0.031,0.395,0.629,0.607,0.325,0.223,0.091,0.225,0.451,0.141,0.583,0.466,0.774,0.408,-0.379,0.348,0.172,-0.583,0.77,0.53,0.721,0.164,-0.626,0.057,-0.172,0.139,0.456,0.17,0.542,0.719,0.186,0.435,0.582,-0.546,0.555,0.718,0.638,0.286,0.362,-0.153,0.544,0.163,0.504,0.5,-0.567,0.743,0.419,0.107,0.479,0.232,0.218,0.543,0.526,0.394,0.572,-0.193,0.705,0.176,0.422,-0.003,0.608,0.599,0.715,0.556,0.736,0.579,0.487,0.47,0.498,-0.024,0.398,0.791,0.637,0.439,0.732,0.798,0.379,0.941,-0.333,0.527,0.867,-0.352,0.28,-0.172,-0.477,-0.52,0.46,0.705,0.386,0.664,-0.545,0.745,-0.083,0.306,0.049,0.398,0.589,0.193
AMBA,0.893,0.428,0.827,0.774,0.467,0.619,0.675,0.92,0.547,0.036,0.494,0.735,0.598,0.0,0.538,0.78,0.655,0.85,0.869,0.887,0.889,0.835,0.697,0.9,0.781,-0.04,0.663,-0.044,0.78,0.466,0.794,0.592,-0.646,0.823,0.45,0.735,0.406,0.626,-0.109,0.216,0.497,-0.224,-0.24,0.796,0.532,0.78,0.512,0.458,0.814,0.932,0.543,-0.362,0.234,0.888,0.849,0.72,0.797,0.903,0.78,0.364,0.906,0.854,0.922,0.568,0.098,0.924,0.834,0.889,0.83,0.902,0.117,0.724,0.605,0.471,0.905,0.736,0.748,-0.669,0.765,0.718,0.839,-0.29,0.893,0.177,0.927,-0.478,0.829,0.708,0.311,0.79,0.394,0.807,-0.599,0.531,0.272,0.287,0.869,0.534,0.949,0.596,0.84,0.803,0.687,0.372,0.379,0.821,0.843,0.853,0.673,0.649,-0.056,0.819,0.676,0.878,0.891,0.842,0.366,0.119,0.788,-0.029,0.452,0.939,0.585,0.748,-0.681,-0.466,-0.567,-0.528,0.82,0.728,0.791,0.901,0.844,0.85,0.089,-0.777,0.934,0.819,0.559,0.807,0.759,0.341,0.854,0.681,0.851,0.86,-0.181,0.539,0.901,0.741,0.71,0.808,0.794,0.887,-0.151,0.886,0.896,0.467,0.581,0.146,0.865,0.465,0.856,0.56,0.79,0.793,0.92,0.884,0.737,0.94,0.744,0.662,0.777,0.682,0.844,0.921,0.863,0.238,0.788,0.734,0.264,0.866,0.468,0.27,-0.148,0.17,0.082,-0.277,0.893,0.708,0.902,0.192,0.121,0.604,-0.079,0.732,0.74,0.422,0.772,0.504
AMCX,0.566,-0.184,0.676,0.546,0.089,0.088,0.375,0.599,0.588,0.13,0.286,0.468,0.515,0.538,0.0,0.409,0.448,0.434,0.47,0.431,0.527,0.278,0.215,0.399,0.663,-0.396,0.404,-0.047,0.479,0.299,0.461,0.388,-0.383,0.459,0.494,0.308,0.254,0.197,-0.057,0.133,0.257,-0.0,0.071,0.788,0.187,0.525,0.089,0.584,0.691,0.505,0.261,-0.034,0.692,0.622,0.316,0.602,0.511,0.683,0.601,0.192,0.54,0.465,0.477,0.405,-0.25,0.686,0.484,0.607,0.564,0.456,-0.39,0.567,0.26,0.432,0.624,0.543,0.381,-0.668,0.429,0.612,0.589,-0.064,0.554,-0.032,0.621,-0.37,0.242,0.215,0.61,0.605,0.351,0.247,-0.53,0.035,0.126,-0.159,0.503,0.598,0.516,0.144,0.504,0.355,0.276,-0.17,-0.016,0.301,0.332,0.456,0.328,0.557,0.027,0.45,0.171,0.382,0.604,0.587,0.193,0.444,0.337,-0.268,0.483,0.631,0.485,0.272,-0.524,-0.283,-0.585,-0.408,0.32,0.192,0.391,0.544,0.484,0.428,0.299,-0.438,0.607,0.46,0.514,0.398,0.208,0.228,0.636,0.454,0.627,0.374,-0.208,0.633,0.607,0.312,0.156,0.457,0.24,0.511,-0.184,0.363,0.63,-0.119,0.33,-0.416,0.224,0.29,0.6,0.708,0.284,0.691,0.624,0.343,0.497,0.375,0.335,0.333,0.611,0.534,0.484,0.418,0.492,0.297,0.518,0.545,0.158,0.321,0.506,0.039,-0.251,-0.146,-0.151,-0.407,0.426,0.403,0.476,0.148,0.026,0.407,-0.265,0.113,0.386,0.584,0.383,-0.035
AMKR,0.86,0.248,0.748,0.725,0.087,0.818,0.361,0.777,0.157,-0.275,0.493,0.477,0.239,0.78,0.409,0.0,0.545,0.636,0.792,0.772,0.897,0.783,0.748,0.877,0.73,-0.197,0.715,-0.273,0.76,0.258,0.766,0.644,-0.644,0.863,0.095,0.745,0.529,0.747,-0.037,0.182,0.199,0.008,-0.11,0.751,0.536,0.842,0.57,0.588,0.638,0.859,0.571,-0.228,0.002,0.853,0.923,0.565,0.834,0.781,0.612,0.169,0.76,0.984,0.85,0.316,-0.086,0.784,0.87,0.651,0.615,0.813,0.326,0.834,0.847,0.061,0.789,0.573,0.792,-0.534,0.805,0.328,0.826,-0.551,0.839,0.083,0.787,-0.414,0.908,0.717,0.053,0.803,0.142,0.87,-0.583,0.643,0.57,-0.011,0.883,0.807,0.874,0.804,0.897,0.912,0.954,0.439,0.131,0.721,0.931,0.909,0.77,0.409,-0.212,0.864,0.422,0.872,0.761,0.837,0.605,0.208,0.905,0.43,0.065,0.853,0.388,0.838,-0.402,-0.255,-0.508,-0.696,0.857,0.893,0.765,0.8,0.905,0.857,-0.37,-0.574,0.878,0.618,0.116,0.793,0.858,0.443,0.8,0.78,0.812,0.884,0.283,0.504,0.719,0.837,0.727,0.804,0.921,0.776,-0.449,0.883,0.866,0.654,0.513,0.29,0.702,0.708,0.644,0.369,0.621,0.672,0.732,0.809,0.813,0.797,0.825,0.879,0.643,0.509,0.84,0.907,0.744,-0.111,0.86,0.341,0.47,0.873,0.185,0.619,-0.329,0.306,0.379,0.015,0.842,0.61,0.885,-0.135,0.398,0.195,0.209,0.685,0.829,0.042,0.803,0.749
AMRX,0.667,0.322,0.569,0.621,0.526,0.34,0.384,0.56,0.374,-0.048,0.392,0.388,0.299,0.655,0.448,0.545,0.0,0.533,0.572,0.567,0.57,0.547,0.42,0.568,0.6,0.001,0.503,0.076,0.299,0.495,0.449,0.382,-0.389,0.685,0.073,0.621,0.499,0.603,0.2,-0.102,0.22,0.177,0.216,0.545,0.13,0.573,0.584,0.187,0.394,0.63,0.095,-0.286,-0.047,0.602,0.558,0.509,0.631,0.665,0.418,0.443,0.705,0.593,0.715,0.411,0.053,0.629,0.519,0.512,0.669,0.609,0.212,0.587,0.593,0.391,0.553,0.436,0.265,-0.343,0.723,0.735,0.659,-0.22,0.552,-0.021,0.671,-0.402,0.545,0.603,0.077,0.358,0.025,0.678,-0.165,0.263,0.53,0.107,0.529,0.371,0.634,0.381,0.627,0.504,0.503,0.333,0.333,0.512,0.569,0.632,0.594,0.525,0.004,0.654,0.691,0.541,0.513,0.419,0.431,0.051,0.553,0.197,0.089,0.643,0.314,0.696,-0.309,-0.516,-0.443,-0.34,0.421,0.63,0.329,0.606,0.606,0.561,0.105,-0.374,0.65,0.456,0.527,0.427,0.574,0.282,0.542,0.551,0.592,0.605,0.043,0.392,0.725,0.634,0.43,0.605,0.645,0.711,-0.175,0.669,0.514,0.478,0.305,0.088,0.642,0.208,0.627,0.333,0.612,0.49,0.586,0.621,0.364,0.709,0.372,0.613,0.63,0.259,0.569,0.562,0.523,0.178,0.418,0.456,0.556,0.631,0.056,0.404,-0.228,0.454,0.421,-0.002,0.589,0.264,0.543,-0.158,0.359,0.384,-0.037,0.632,0.646,0.359,0.474,0.353
ANSS,0.701,0.437,0.689,0.569,0.4,0.591,0.749,0.847,0.478,0.174,0.504,0.747,0.657,0.85,0.434,0.636,0.533,0.0,0.765,0.714,0.716,0.732,0.553,0.759,0.607,0.025,0.657,0.166,0.704,0.404,0.676,0.6,-0.406,0.729,0.521,0.617,0.323,0.513,-0.056,0.333,0.594,-0.1,-0.226,0.653,0.502,0.566,0.312,0.444,0.782,0.782,0.506,-0.251,0.277,0.715,0.742,0.702,0.594,0.726,0.682,0.388,0.754,0.722,0.796,0.619,0.058,0.787,0.677,0.809,0.681,0.729,0.081,0.564,0.511,0.447,0.759,0.648,0.683,-0.479,0.593,0.63,0.64,-0.082,0.732,0.256,0.748,-0.261,0.689,0.618,0.368,0.713,0.492,0.676,-0.458,0.528,0.266,0.343,0.687,0.424,0.803,0.532,0.648,0.615,0.507,0.392,0.438,0.688,0.692,0.669,0.554,0.544,0.093,0.618,0.621,0.762,0.835,0.648,0.163,0.265,0.582,-0.111,0.53,0.795,0.652,0.622,-0.528,-0.315,-0.344,-0.317,0.725,0.579,0.727,0.833,0.653,0.684,0.176,-0.596,0.815,0.776,0.573,0.659,0.695,0.163,0.692,0.559,0.706,0.738,-0.168,0.586,0.693,0.569,0.649,0.662,0.633,0.737,0.04,0.708,0.756,0.333,0.611,0.164,0.707,0.432,0.709,0.546,0.739,0.639,0.826,0.798,0.612,0.801,0.604,0.493,0.606,0.626,0.739,0.762,0.787,0.395,0.708,0.745,0.17,0.783,0.488,0.171,0.015,0.169,-0.011,-0.234,0.774,0.706,0.736,0.335,0.023,0.584,0.003,0.6,0.527,0.407,0.681,0.399
APPN,0.721,0.237,0.853,0.581,0.461,0.664,0.582,0.899,0.37,0.237,0.705,0.791,0.699,0.869,0.47,0.792,0.572,0.765,0.0,0.879,0.911,0.9,0.544,0.924,0.754,-0.096,0.685,0.101,0.821,0.222,0.866,0.633,-0.663,0.841,0.493,0.709,0.316,0.477,0.145,0.256,0.646,-0.347,-0.451,0.764,0.621,0.629,0.391,0.648,0.793,0.797,0.592,-0.31,0.166,0.876,0.842,0.759,0.795,0.762,0.886,0.606,0.836,0.839,0.923,0.391,0.036,0.802,0.88,0.913,0.831,0.762,0.386,0.631,0.521,0.439,0.821,0.533,0.817,-0.635,0.68,0.485,0.774,-0.088,0.938,0.45,0.837,-0.421,0.862,0.673,0.413,0.789,0.455,0.733,-0.423,0.593,0.209,0.397,0.876,0.628,0.884,0.581,0.685,0.819,0.651,0.591,0.528,0.887,0.842,0.742,0.497,0.385,0.013,0.635,0.724,0.853,0.935,0.787,0.179,0.154,0.727,-0.048,0.417,0.859,0.55,0.624,-0.726,-0.14,-0.495,-0.403,0.837,0.743,0.809,0.961,0.704,0.877,0.016,-0.811,0.882,0.823,0.4,0.67,0.758,0.229,0.882,0.525,0.861,0.897,-0.23,0.687,0.719,0.651,0.767,0.694,0.79,0.878,0.021,0.872,0.919,0.346,0.688,0.393,0.796,0.412,0.832,0.563,0.892,0.803,0.919,0.893,0.847,0.839,0.899,0.557,0.689,0.839,0.977,0.896,0.956,0.378,0.711,0.769,0.072,0.901,0.623,0.16,-0.141,0.053,-0.042,-0.366,0.844,0.789,0.836,0.204,-0.107,0.577,0.004,0.729,0.604,0.242,0.857,0.717
APTO,0.813,0.327,0.806,0.723,0.499,0.625,0.594,0.868,0.421,0.038,0.617,0.68,0.558,0.887,0.431,0.772,0.567,0.714,0.879,0.0,0.897,0.847,0.609,0.896,0.739,-0.09,0.689,-0.073,0.768,0.373,0.77,0.62,-0.691,0.83,0.381,0.764,0.406,0.564,0.048,0.189,0.471,-0.323,-0.341,0.799,0.576,0.729,0.484,0.478,0.729,0.855,0.566,-0.358,0.142,0.866,0.835,0.682,0.85,0.809,0.83,0.409,0.851,0.826,0.916,0.407,0.177,0.848,0.883,0.839,0.873,0.842,0.267,0.717,0.572,0.494,0.852,0.606,0.741,-0.688,0.701,0.564,0.815,-0.289,0.917,0.267,0.872,-0.485,0.854,0.712,0.266,0.78,0.363,0.734,-0.538,0.525,0.27,0.304,0.882,0.586,0.904,0.609,0.789,0.829,0.701,0.492,0.37,0.792,0.855,0.819,0.612,0.496,-0.077,0.766,0.615,0.868,0.842,0.824,0.331,0.096,0.782,0.034,0.347,0.892,0.464,0.683,-0.704,-0.267,-0.567,-0.489,0.776,0.742,0.771,0.871,0.776,0.874,-0.051,-0.798,0.868,0.725,0.393,0.751,0.743,0.368,0.894,0.591,0.85,0.905,-0.17,0.549,0.809,0.706,0.711,0.752,0.818,0.896,-0.177,0.875,0.862,0.452,0.533,0.224,0.836,0.456,0.802,0.557,0.766,0.786,0.883,0.892,0.814,0.82,0.829,0.635,0.767,0.744,0.871,0.901,0.831,0.221,0.747,0.656,0.191,0.839,0.485,0.228,-0.275,0.061,0.082,-0.273,0.854,0.663,0.877,0.097,0.016,0.528,-0.014,0.665,0.695,0.28,0.778,0.635
ARCT,0.886,0.19,0.887,0.787,0.259,0.649,0.424,0.866,0.441,-0.12,0.545,0.614,0.461,0.889,0.527,0.897,0.57,0.716,0.911,0.897,0.0,0.85,0.721,0.942,0.856,-0.268,0.658,-0.264,0.82,0.208,0.808,0.553,-0.809,0.85,0.288,0.724,0.355,0.657,-0.01,0.117,0.364,-0.254,-0.325,0.835,0.612,0.866,0.549,0.576,0.753,0.913,0.521,-0.399,0.161,0.957,0.869,0.627,0.932,0.897,0.82,0.356,0.898,0.922,0.921,0.323,-0.04,0.902,0.953,0.851,0.846,0.903,0.27,0.801,0.681,0.299,0.876,0.56,0.794,-0.753,0.812,0.495,0.928,-0.409,0.961,0.163,0.924,-0.62,0.872,0.648,0.234,0.86,0.231,0.804,-0.649,0.526,0.336,0.092,0.972,0.723,0.919,0.662,0.865,0.933,0.824,0.389,0.248,0.814,0.914,0.915,0.657,0.544,-0.275,0.829,0.573,0.902,0.854,0.913,0.489,0.128,0.897,0.156,0.256,0.938,0.379,0.719,-0.708,-0.342,-0.675,-0.699,0.832,0.828,0.799,0.894,0.9,0.908,-0.219,-0.829,0.914,0.715,0.293,0.818,0.754,0.442,0.945,0.66,0.95,0.911,-0.071,0.524,0.832,0.803,0.695,0.856,0.883,0.896,-0.349,0.936,0.964,0.503,0.478,0.196,0.809,0.603,0.83,0.578,0.74,0.854,0.894,0.864,0.893,0.856,0.892,0.758,0.806,0.725,0.93,0.962,0.858,0.077,0.812,0.565,0.294,0.845,0.425,0.351,-0.416,0.03,0.137,-0.284,0.899,0.678,0.959,-0.048,0.17,0.428,-0.076,0.687,0.814,0.29,0.813,0.697
ARWR,0.71,0.515,0.676,0.517,0.497,0.762,0.585,0.862,0.186,0.135,0.707,0.757,0.571,0.835,0.278,0.783,0.547,0.732,0.9,0.847,0.85,0.0,0.71,0.936,0.582,0.174,0.747,0.105,0.785,0.303,0.836,0.621,-0.571,0.866,0.324,0.801,0.47,0.483,-0.034,0.385,0.6,-0.287,-0.425,0.64,0.626,0.606,0.443,0.478,0.669,0.825,0.686,-0.219,0.006,0.76,0.9,0.574,0.731,0.669,0.714,0.497,0.75,0.814,0.9,0.53,0.254,0.738,0.813,0.779,0.686,0.757,0.434,0.626,0.568,0.407,0.813,0.594,0.82,-0.455,0.723,0.431,0.672,-0.14,0.809,0.348,0.746,-0.261,0.922,0.82,0.23,0.707,0.421,0.826,-0.337,0.795,0.249,0.496,0.82,0.572,0.837,0.754,0.71,0.852,0.727,0.699,0.467,0.915,0.898,0.731,0.609,0.297,-0.014,0.68,0.711,0.925,0.837,0.739,0.267,0.135,0.797,0.165,0.333,0.789,0.535,0.703,-0.533,-0.137,-0.297,-0.334,0.884,0.812,0.777,0.887,0.704,0.884,-0.083,-0.661,0.791,0.769,0.276,0.732,0.835,0.17,0.748,0.581,0.764,0.928,-0.071,0.488,0.695,0.659,0.887,0.62,0.853,0.8,-0.015,0.881,0.798,0.589,0.632,0.565,0.825,0.478,0.654,0.383,0.864,0.587,0.801,0.94,0.761,0.833,0.86,0.611,0.559,0.644,0.908,0.874,0.837,0.198,0.757,0.644,0.128,0.923,0.428,0.263,-0.04,0.214,0.158,-0.058,0.852,0.741,0.822,0.191,0.001,0.516,0.263,0.673,0.611,0.056,0.873,0.786
ASND,0.756,0.514,0.514,0.604,0.128,0.652,0.296,0.626,0.154,-0.367,0.237,0.398,0.095,0.697,0.215,0.748,0.42,0.553,0.544,0.609,0.721,0.71,0.0,0.768,0.481,0.078,0.522,-0.299,0.612,0.275,0.6,0.424,-0.489,0.672,-0.022,0.66,0.474,0.661,-0.342,0.23,0.115,0.016,-0.12,0.496,0.483,0.74,0.522,0.264,0.46,0.811,0.491,-0.234,-0.058,0.652,0.782,0.25,0.637,0.651,0.366,-0.029,0.608,0.735,0.698,0.443,0.183,0.671,0.661,0.476,0.449,0.749,0.215,0.657,0.703,0.084,0.702,0.559,0.637,-0.33,0.741,0.322,0.639,-0.558,0.599,-0.088,0.632,-0.321,0.757,0.672,-0.119,0.615,0.075,0.793,-0.527,0.648,0.421,0.054,0.717,0.536,0.705,0.786,0.776,0.789,0.809,0.329,0.047,0.614,0.818,0.764,0.736,0.416,-0.324,0.779,0.372,0.785,0.545,0.705,0.626,0.054,0.849,0.45,0.066,0.669,0.285,0.77,-0.238,-0.38,-0.29,-0.598,0.72,0.781,0.618,0.602,0.798,0.724,-0.299,-0.422,0.641,0.46,0.132,0.803,0.695,0.311,0.557,0.664,0.635,0.715,0.269,0.139,0.66,0.718,0.654,0.666,0.782,0.593,-0.424,0.77,0.638,0.738,0.286,0.269,0.695,0.664,0.45,0.164,0.484,0.424,0.536,0.681,0.569,0.735,0.606,0.747,0.447,0.259,0.606,0.767,0.51,-0.26,0.757,0.236,0.417,0.707,0.002,0.545,-0.212,0.304,0.432,0.186,0.719,0.483,0.775,-0.129,0.435,0.197,0.187,0.519,0.734,0.038,0.657,0.593
ASTH,0.829,0.366,0.819,0.659,0.392,0.73,0.519,0.895,0.331,0.009,0.588,0.73,0.506,0.9,0.399,0.877,0.568,0.759,0.924,0.896,0.942,0.936,0.768,0.0,0.742,-0.007,0.694,-0.061,0.857,0.246,0.858,0.606,-0.682,0.871,0.342,0.799,0.404,0.601,-0.011,0.247,0.496,-0.277,-0.387,0.757,0.67,0.766,0.554,0.561,0.731,0.903,0.611,-0.326,0.065,0.894,0.916,0.646,0.844,0.808,0.786,0.423,0.864,0.901,0.946,0.439,0.133,0.842,0.886,0.832,0.771,0.854,0.371,0.705,0.65,0.371,0.87,0.589,0.854,-0.597,0.803,0.466,0.823,-0.319,0.911,0.296,0.854,-0.444,0.929,0.767,0.206,0.805,0.378,0.864,-0.526,0.71,0.279,0.293,0.92,0.688,0.919,0.776,0.822,0.917,0.809,0.565,0.389,0.882,0.948,0.856,0.647,0.459,-0.145,0.789,0.648,0.928,0.879,0.871,0.377,0.133,0.855,0.165,0.291,0.889,0.509,0.742,-0.629,-0.233,-0.498,-0.52,0.905,0.841,0.861,0.913,0.837,0.948,-0.151,-0.762,0.894,0.807,0.309,0.787,0.842,0.338,0.871,0.652,0.873,0.931,-0.076,0.54,0.782,0.775,0.811,0.786,0.89,0.864,-0.179,0.93,0.908,0.57,0.6,0.382,0.862,0.566,0.78,0.47,0.807,0.734,0.866,0.932,0.816,0.899,0.87,0.704,0.688,0.702,0.937,0.949,0.883,0.163,0.819,0.625,0.214,0.938,0.436,0.312,-0.211,0.135,0.15,-0.157,0.879,0.789,0.91,0.081,0.102,0.504,0.094,0.723,0.742,0.178,0.878,0.779
ATSG,0.817,-0.089,0.911,0.792,0.195,0.33,0.286,0.714,0.686,-0.102,0.343,0.474,0.407,0.781,0.663,0.73,0.6,0.607,0.754,0.739,0.856,0.582,0.481,0.742,0.0,-0.452,0.411,-0.3,0.625,0.145,0.596,0.317,-0.789,0.646,0.297,0.479,0.136,0.605,0.154,-0.149,0.245,-0.181,-0.119,0.829,0.443,0.832,0.59,0.502,0.672,0.758,0.169,-0.527,0.293,0.919,0.593,0.668,0.845,0.914,0.748,0.408,0.902,0.775,0.764,0.182,-0.279,0.858,0.772,0.783,0.818,0.808,0.072,0.668,0.549,0.274,0.7,0.43,0.53,-0.786,0.686,0.596,0.933,-0.363,0.84,0.06,0.914,-0.793,0.605,0.391,0.255,0.725,0.116,0.665,-0.666,0.194,0.239,-0.116,0.848,0.653,0.766,0.371,0.753,0.726,0.626,0.062,0.244,0.564,0.675,0.837,0.447,0.717,-0.342,0.734,0.506,0.656,0.706,0.81,0.432,0.124,0.669,-0.025,0.266,0.854,0.28,0.539,-0.735,-0.492,-0.87,-0.678,0.626,0.576,0.613,0.734,0.802,0.726,-0.096,-0.788,0.848,0.665,0.454,0.595,0.539,0.522,0.895,0.525,0.9,0.67,-0.214,0.532,0.766,0.762,0.369,0.871,0.684,0.785,-0.375,0.768,0.86,0.252,0.368,-0.143,0.673,0.417,0.9,0.678,0.58,0.921,0.831,0.677,0.707,0.756,0.639,0.613,0.856,0.676,0.756,0.768,0.768,0.161,0.61,0.525,0.323,0.65,0.403,0.223,-0.534,-0.117,0.019,-0.478,0.726,0.509,0.8,-0.119,0.21,0.445,-0.368,0.592,0.732,0.576,0.563,0.437
AVTX,-0.187,0.569,-0.349,-0.399,0.406,0.1,0.256,-0.015,-0.361,0.283,0.045,0.215,0.084,-0.04,-0.396,-0.197,0.001,0.025,-0.096,-0.09,-0.268,0.174,0.078,-0.007,-0.452,0.0,0.064,0.527,-0.086,0.285,0.07,0.093,0.373,0.008,0.052,0.119,0.254,-0.257,-0.122,0.344,0.301,-0.023,-0.066,-0.313,-0.027,-0.36,-0.06,-0.227,-0.175,-0.066,0.228,0.218,-0.277,-0.325,0.029,-0.116,-0.325,-0.317,-0.244,0.092,-0.235,-0.19,-0.025,0.421,0.592,-0.233,-0.325,-0.188,-0.292,-0.203,0.116,-0.207,-0.188,0.18,-0.058,0.111,0.004,0.454,-0.1,-0.005,-0.398,0.265,-0.274,0.235,-0.277,0.539,0.043,0.285,-0.066,-0.343,0.328,0.081,0.443,0.45,-0.158,0.574,-0.237,-0.272,-0.089,0.174,-0.147,-0.129,-0.12,0.4,0.265,0.086,-0.009,-0.261,0.002,-0.29,0.362,-0.146,0.147,0.013,-0.052,-0.233,-0.296,-0.005,-0.156,0.005,0.07,-0.233,0.301,0.04,0.296,0.21,0.556,0.538,0.04,-0.067,-0.041,-0.037,-0.267,-0.031,0.244,0.285,-0.18,0.086,0.028,-0.154,0.172,-0.411,-0.34,-0.008,-0.332,-0.022,0.011,-0.146,-0.132,-0.149,0.272,-0.358,-0.06,-0.177,0.474,-0.1,-0.314,0.216,0.175,0.522,0.034,-0.173,-0.279,-0.426,0.095,-0.477,-0.197,0.062,-0.326,-0.001,-0.175,-0.194,-0.393,-0.243,-0.122,-0.142,-0.099,0.088,-0.079,0.109,-0.22,0.117,-0.096,-0.115,0.58,0.388,0.103,0.466,-0.083,0.103,-0.224,0.34,-0.185,0.176,0.549,0.02,-0.29,-0.345,0.007,0.039
BCPC,0.634,0.49,0.497,0.528,0.376,0.777,0.68,0.783,0.085,0.077,0.709,0.595,0.506,0.663,0.404,0.715,0.503,0.657,0.685,0.689,0.658,0.747,0.522,0.694,0.411,0.064,0.0,0.146,0.617,0.539,0.673,0.798,-0.247,0.881,0.275,0.841,0.78,0.426,-0.173,0.547,0.427,0.089,-0.06,0.703,0.417,0.512,0.19,0.511,0.643,0.7,0.758,0.189,0.221,0.587,0.826,0.573,0.614,0.553,0.572,0.197,0.536,0.744,0.772,0.659,0.138,0.663,0.717,0.593,0.496,0.586,0.151,0.757,0.617,0.366,0.77,0.745,0.67,-0.353,0.581,0.46,0.532,-0.161,0.644,0.076,0.585,0.03,0.751,0.846,0.316,0.734,0.415,0.617,-0.338,0.661,0.5,0.283,0.587,0.635,0.731,0.73,0.68,0.632,0.637,0.558,0.138,0.691,0.723,0.599,0.725,0.239,0.274,0.663,0.396,0.794,0.742,0.577,0.312,0.466,0.659,0.262,0.368,0.709,0.614,0.713,-0.225,-0.083,-0.103,-0.321,0.677,0.697,0.593,0.74,0.588,0.704,0.039,-0.325,0.706,0.5,0.265,0.708,0.706,0.166,0.591,0.737,0.612,0.828,0.225,0.582,0.652,0.444,0.764,0.49,0.664,0.672,-0.136,0.648,0.649,0.491,0.549,0.316,0.468,0.548,0.39,0.436,0.591,0.421,0.649,0.774,0.689,0.569,0.663,0.642,0.494,0.457,0.712,0.675,0.59,0.148,0.795,0.497,0.326,0.736,0.3,0.412,-0.018,0.361,0.331,0.156,0.729,0.529,0.668,0.164,0.148,0.29,0.46,0.364,0.544,0.051,0.785,0.478
BEAM,-0.347,0.222,-0.106,-0.487,0.501,0.026,0.486,0.121,-0.171,0.853,0.388,0.453,0.566,-0.044,-0.047,-0.273,0.076,0.166,0.101,-0.073,-0.264,0.105,-0.299,-0.061,-0.3,0.527,0.146,0.0,0.031,0.218,0.14,0.271,0.513,0.021,0.539,0.051,0.077,-0.42,0.293,0.435,0.678,-0.047,-0.103,-0.117,-0.034,-0.56,-0.368,0.181,0.115,-0.244,0.196,0.382,0.12,-0.223,-0.059,0.347,-0.367,-0.315,0.104,0.494,-0.168,-0.205,-0.01,0.362,0.262,-0.203,-0.249,0.111,-0.084,-0.363,0.137,-0.342,-0.323,0.422,-0.085,0.094,0.057,0.367,-0.257,0.106,-0.401,0.753,-0.147,0.603,-0.23,0.61,-0.062,0.164,0.456,-0.185,0.654,-0.158,0.552,0.213,-0.177,0.704,-0.281,-0.178,-0.089,-0.091,-0.369,-0.33,-0.412,0.472,0.639,0.122,-0.179,-0.416,-0.264,-0.353,0.805,-0.401,0.322,-0.122,0.185,-0.311,-0.722,0.258,-0.421,-0.441,0.416,-0.171,0.568,-0.155,0.086,0.473,0.52,0.783,-0.026,-0.227,0.058,0.145,-0.451,-0.105,0.669,0.215,-0.063,0.282,0.332,-0.326,0.045,-0.481,-0.195,-0.208,-0.228,-0.035,-0.277,0.445,-0.224,-0.33,0.194,-0.411,-0.249,-0.076,0.873,-0.187,-0.16,-0.323,0.535,0.36,-0.047,-0.4,-0.042,-0.042,0.317,-0.208,0.046,0.073,-0.206,-0.039,-0.112,-0.444,-0.323,0.177,0.052,-0.212,0.164,0.742,-0.147,0.5,-0.431,0.132,0.403,-0.392,0.755,0.166,-0.313,0.003,-0.17,0.303,-0.342,0.638,-0.559,0.402,0.291,-0.008,-0.483,-0.102,0.133,-0.038
BILI,0.682,0.181,0.755,0.491,0.187,0.651,0.539,0.852,0.269,0.153,0.548,0.733,0.574,0.78,0.479,0.76,0.299,0.704,0.821,0.768,0.82,0.785,0.612,0.857,0.625,-0.086,0.617,0.031,0.0,0.211,0.86,0.665,-0.528,0.724,0.605,0.666,0.308,0.36,-0.093,0.354,0.544,-0.359,-0.423,0.747,0.575,0.6,0.295,0.717,0.797,0.747,0.715,-0.07,0.312,0.781,0.797,0.677,0.676,0.683,0.825,0.297,0.695,0.793,0.768,0.404,0.014,0.728,0.772,0.816,0.627,0.649,0.172,0.623,0.464,0.348,0.82,0.607,0.958,-0.614,0.634,0.328,0.654,-0.211,0.827,0.393,0.704,-0.267,0.774,0.605,0.458,0.8,0.622,0.592,-0.579,0.589,0.135,0.253,0.79,0.679,0.813,0.653,0.687,0.755,0.642,0.464,0.308,0.781,0.775,0.675,0.505,0.291,0.05,0.602,0.404,0.771,0.881,0.853,0.143,0.326,0.673,-0.048,0.375,0.797,0.646,0.526,-0.619,-0.016,-0.401,-0.41,0.804,0.611,0.952,0.851,0.682,0.783,-0.032,-0.665,0.814,0.83,0.216,0.673,0.692,0.316,0.813,0.561,0.756,0.793,-0.13,0.65,0.627,0.58,0.671,0.607,0.649,0.7,-0.043,0.709,0.874,0.277,0.669,0.232,0.653,0.545,0.678,0.463,0.641,0.692,0.822,0.762,0.786,0.704,0.813,0.507,0.517,0.774,0.835,0.823,0.846,0.266,0.803,0.647,-0.009,0.795,0.614,0.144,-0.037,-0.037,-0.106,-0.237,0.715,0.906,0.761,0.299,-0.089,0.537,0.047,0.507,0.534,0.105,0.841,0.62
BJRI,0.467,0.448,0.158,0.425,0.48,0.327,0.572,0.428,0.124,0.048,0.259,0.265,0.292,0.466,0.299,0.258,0.495,0.404,0.222,0.373,0.208,0.303,0.275,0.246,0.145,0.285,0.539,0.218,0.211,0.0,0.32,0.571,0.054,0.513,0.212,0.532,0.709,0.276,-0.239,0.221,0.132,0.162,0.384,0.403,-0.2,0.264,0.172,0.062,0.343,0.409,0.387,0.273,0.176,0.2,0.413,0.364,0.245,0.344,0.228,-0.04,0.297,0.336,0.416,0.579,0.301,0.37,0.216,0.266,0.259,0.298,-0.206,0.508,0.304,0.466,0.482,0.698,0.192,-0.179,0.351,0.644,0.213,-0.175,0.217,-0.103,0.331,0.156,0.345,0.598,0.196,0.243,0.289,0.294,-0.145,0.186,0.355,0.194,0.184,0.091,0.449,0.254,0.477,0.191,0.248,0.227,0.063,0.325,0.264,0.308,0.596,0.212,0.471,0.488,0.239,0.337,0.354,0.22,0.212,0.241,0.301,0.049,0.196,0.42,0.517,0.488,-0.016,-0.322,0.004,-0.083,0.212,0.273,0.207,0.341,0.319,0.284,0.398,0.001,0.419,0.231,0.406,0.321,0.378,0.1,0.223,0.603,0.196,0.403,0.154,0.272,0.562,0.267,0.292,0.213,0.267,0.388,-0.017,0.275,0.226,0.277,0.307,-0.024,0.301,0.146,0.202,0.089,0.248,0.14,0.355,0.372,0.105,0.342,0.109,0.376,0.329,0.075,0.199,0.299,0.21,0.088,0.394,0.353,0.357,0.363,0.051,0.293,0.228,0.543,0.302,0.274,0.318,0.124,0.255,0.221,0.217,0.304,0.195,0.266,0.349,0.117,0.34,-0.045
BLUE,0.697,0.217,0.762,0.503,0.368,0.675,0.57,0.864,0.2,0.227,0.624,0.77,0.611,0.794,0.461,0.766,0.449,0.676,0.866,0.77,0.808,0.836,0.6,0.858,0.596,0.07,0.673,0.14,0.86,0.32,0.0,0.754,-0.492,0.819,0.551,0.719,0.433,0.383,-0.034,0.364,0.574,-0.29,-0.327,0.742,0.495,0.572,0.327,0.744,0.769,0.748,0.728,-0.059,0.253,0.772,0.814,0.704,0.677,0.667,0.796,0.406,0.682,0.793,0.819,0.451,0.133,0.706,0.75,0.797,0.642,0.624,0.212,0.641,0.49,0.422,0.807,0.613,0.861,-0.552,0.685,0.411,0.636,-0.173,0.817,0.461,0.702,-0.198,0.809,0.689,0.476,0.714,0.595,0.65,-0.422,0.649,0.206,0.338,0.78,0.674,0.858,0.607,0.691,0.75,0.658,0.598,0.403,0.814,0.802,0.662,0.549,0.262,0.158,0.606,0.519,0.776,0.9,0.783,0.117,0.3,0.67,-0.026,0.386,0.79,0.708,0.628,-0.572,-0.015,-0.365,-0.328,0.785,0.647,0.823,0.878,0.659,0.834,0.072,-0.618,0.827,0.773,0.305,0.629,0.758,0.228,0.782,0.638,0.747,0.822,-0.061,0.679,0.67,0.614,0.757,0.557,0.7,0.761,0.039,0.747,0.84,0.316,0.738,0.386,0.68,0.469,0.689,0.403,0.726,0.663,0.804,0.756,0.736,0.731,0.794,0.544,0.525,0.736,0.872,0.811,0.852,0.283,0.754,0.696,0.055,0.856,0.576,0.237,0.027,0.182,-0.015,-0.156,0.709,0.823,0.728,0.294,-0.066,0.522,0.173,0.615,0.53,0.081,0.838,0.642
BPOP,0.55,0.318,0.478,0.411,0.324,0.73,0.657,0.718,-0.048,0.174,0.617,0.563,0.51,0.592,0.388,0.644,0.382,0.6,0.633,0.62,0.553,0.621,0.424,0.606,0.317,0.093,0.798,0.271,0.665,0.571,0.754,0.0,-0.13,0.772,0.442,0.734,0.687,0.375,-0.074,0.498,0.434,0.024,-0.002,0.636,0.245,0.386,0.121,0.653,0.637,0.565,0.807,0.316,0.25,0.509,0.754,0.646,0.481,0.436,0.597,0.155,0.424,0.673,0.67,0.504,0.177,0.518,0.592,0.545,0.44,0.411,0.098,0.67,0.52,0.407,0.682,0.7,0.708,-0.338,0.479,0.346,0.395,-0.16,0.601,0.314,0.463,0.151,0.684,0.726,0.411,0.612,0.575,0.461,-0.29,0.559,0.457,0.286,0.511,0.573,0.724,0.587,0.593,0.512,0.55,0.614,0.222,0.617,0.632,0.48,0.655,0.067,0.458,0.507,0.288,0.623,0.745,0.545,0.135,0.415,0.521,0.105,0.288,0.627,0.726,0.643,-0.21,0.089,-0.073,-0.188,0.576,0.551,0.645,0.701,0.49,0.605,0.157,-0.252,0.672,0.52,0.208,0.524,0.653,0.129,0.54,0.714,0.47,0.728,0.212,0.686,0.531,0.387,0.645,0.358,0.548,0.607,0.044,0.508,0.596,0.303,0.666,0.314,0.413,0.475,0.373,0.278,0.508,0.399,0.595,0.616,0.577,0.484,0.59,0.523,0.357,0.492,0.649,0.614,0.584,0.24,0.713,0.526,0.199,0.713,0.386,0.357,0.165,0.415,0.173,0.118,0.553,0.6,0.52,0.301,0.03,0.351,0.385,0.413,0.408,-0.094,0.723,0.435
