,AAL,AAON,ACB,ACGL,ACGLO,ACIW,ADBE,ADSK,AEP,AGIO,ALEC,ALNY,ALTR,AMBA,AMCX,AMKR,AMRX,ANSS,APPN,APTO,ARCT,ARWR,ASND,ASTH,ATSG,AVTX,BCPC,BEAM,BILI,BJRI,BLUE,BPOP,BRKL,BWIN,BZUN,CARG,CBRL,CBSH,CBUS,CENTA,CERS,CFFN,CHCO,CHEF,CHRD,CINF,CLLS,CMCO,CMCSA,COLL,COMM,COOP,CPB,CRON,CROX,CRUS,CRWD,CTAS,CYBR,CYTK,DGII,DIOD,DOMO,DPZ,DSGR,DXCM,ERIE,ESTA,EXEL,FAST,FCEL,FCFS,FHB,FITBI,FSV,FTDR,FUTU,GLDD,GLPG,GLPI,GOGO,GOSS,GSAT,GYRE,HALO,HAS,HLIT,HLNE,HSDT,HSIC,HTHT,ICHR,IDYA,IMVT,INDB,INSM,IONS,IOSP,ITRI,JBHT,JBLU,JSM,KLIC,KOD,KURA,LAB,LASR,LIN,LKQ,LNT,MBUU,MCRI,MDGL,MEDP,MGNI,MGPI,MGRC,MKTX,MRNA,MRTN,MSEX,MSFT,MU,NAVI,NBTB,NEO,NEOG,NGNE,NSSC,NTAP,NTES,NTLA,NTRS,NYMTN,OBLG,OCFC,ON,ONC,OPI,OSIS,OSW,PALI,PANW,PCAR,PCRX,PCTY,PEBO,PLAB,PLAY,PLMR,PLSE,PLUS,PRTA,PSEC,PSNL,PTCT,PTON,QNST,QRVO,QTTB,RARE,RBCAA,RGNX,SAIC,SGMO,SINT,SNPS,SPSC,SPTN,SSYS,STNE,TBBK,TCPC,TENB,TGTX,TREE,TRUP,TTWO,TW,TXG,UBSI,UCTT,UFPT,UMBF,UPBD,URBN,VBTX,VCTR,VEON,VNET,VRSK,VSEC,WABC,WTFCM,WVE,WW,WWD,XEL,ZD,ZYME
AAL,0.0,0.47,0.504,0.174,0.425,-0.099,0.524,0.617,0.374,0.446,-0.108,0.225,0.417,0.301,-0.096,0.335,0.739,0.645,-0.252,0.312,-0.083,0.183,0.235,0.338,0.549,-0.253,0.502,0.297,0.362,0.261,0.633,0.606,0.435,0.557,-0.124,0.217,0.554,0.504,-0.061,0.312,0.712,0.42,-0.097,0.175,0.604,0.674,-0.128,0.436,0.491,0.297,-0.343,0.509,-0.641,-0.038,0.469,0.431,-0.117,0.492,0.551,-0.209,0.348,0.425,-0.105,0.38,0.5,0.184,0.161,0.243,0.309,0.521,0.574,0.033,0.814,0.528,0.628,0.614,0.348,-0.019,-0.342,0.299,0.35,-0.115,-0.292,-0.275,0.534,-0.194,-0.355,0.479,-0.222,0.478,0.381,0.627,0.083,0.295,0.564,0.533,0.158,0.464,0.649,0.706,0.546,0.407,0.574,0.392,0.062,0.123,0.28,0.523,0.345,0.359,0.639,0.33,0.167,0.349,0.452,0.169,0.346,0.742,0.401,0.326,0.234,0.54,0.785,0.713,0.28,0.57,0.549,-0.142,0.403,0.547,0.318,0.514,0.529,0.544,-0.37,0.54,0.696,0.398,0.481,0.351,0.493,0.01,0.194,0.413,0.344,0.135,-0.091,0.56,0.488,-0.202,0.04,0.471,0.005,0.478,0.194,-0.024,0.47,0.512,0.567,-0.089,-0.265,0.039,-0.001,0.206,-0.059,-0.237,0.537,0.461,-0.195,-0.113,0.221,0.299,0.437,0.165,0.54,0.762,0.594,-0.311,0.674,0.569,0.325,0.628,0.287,0.491,0.702,0.488,0.542,0.597,0.203,0.413,0.439,0.634,0.522,0.011,-0.444,-0.073,0.642,0.377,0.473,0.431
AAON,0.47,0.0,0.618,0.579,0.857,-0.615,0.565,0.407,0.823,0.417,-0.683,0.52,0.252,0.792,-0.404,0.909,0.389,0.909,-0.724,0.675,-0.074,-0.424,0.427,-0.305,0.109,-0.513,0.633,0.175,0.838,0.589,0.844,0.181,0.806,0.158,-0.254,-0.234,0.795,0.893,0.407,0.87,0.824,0.635,-0.656,0.376,0.548,0.878,-0.727,0.925,0.81,0.896,-0.818,0.625,-0.579,-0.336,0.886,0.845,-0.554,0.918,0.179,-0.563,0.533,0.901,-0.803,0.827,0.871,0.362,0.691,0.527,0.578,0.937,0.8,-0.064,0.57,0.727,0.111,0.819,0.899,-0.552,-0.843,0.471,0.76,-0.843,-0.368,-0.637,0.861,-0.851,-0.698,0.95,0.393,0.945,0.836,0.899,0.671,0.866,0.292,0.842,-0.272,0.947,0.861,0.882,0.564,0.381,0.926,0.592,-0.337,0.474,0.213,0.966,0.252,0.88,0.912,0.747,-0.132,0.316,0.754,0.788,0.611,0.824,0.936,0.873,0.762,0.554,0.792,0.706,0.545,0.91,0.948,-0.84,-0.081,0.864,0.819,-0.155,0.913,0.958,-0.834,0.879,0.806,0.865,-0.118,0.902,0.928,-0.762,-0.006,0.942,-0.496,-0.368,0.145,0.937,0.415,-0.757,-0.649,0.883,-0.261,0.9,-0.205,-0.307,0.872,0.924,0.859,0.544,-0.75,-0.535,-0.416,0.382,-0.645,-0.391,0.807,0.408,-0.63,-0.311,0.309,0.731,0.87,0.105,0.822,0.37,0.703,-0.877,0.924,0.9,0.527,0.871,0.859,0.325,0.804,0.576,0.8,0.915,0.812,0.678,0.144,0.817,0.244,-0.405,-0.819,-0.508,0.947,0.89,0.852,0.787
ACB,0.504,0.618,0.0,0.454,0.619,-0.275,0.536,0.555,0.47,0.435,-0.081,0.696,0.63,0.552,0.088,0.675,0.333,0.708,-0.272,0.501,-0.026,0.085,0.168,-0.148,0.465,-0.296,0.662,0.48,0.677,0.659,0.789,0.201,0.651,0.076,-0.037,0.365,0.774,0.652,0.355,0.667,0.699,0.352,-0.513,0.368,0.729,0.708,-0.207,0.734,0.643,0.605,-0.478,0.161,-0.576,0.195,0.57,0.681,-0.145,0.687,0.394,-0.31,0.452,0.634,-0.312,0.708,0.555,0.451,0.471,0.681,0.52,0.722,0.775,0.133,0.34,0.481,0.217,0.733,0.717,-0.118,-0.337,0.385,0.663,-0.569,0.102,-0.503,0.679,-0.548,-0.52,0.692,0.379,0.631,0.712,0.739,0.512,0.665,0.081,0.492,-0.065,0.683,0.589,0.763,0.832,0.428,0.622,0.737,0.008,0.652,0.498,0.699,0.239,0.533,0.752,0.646,0.259,0.593,0.732,0.491,0.52,0.588,0.723,0.612,0.552,0.333,0.692,0.519,0.531,0.705,0.768,-0.612,0.105,0.798,0.699,0.324,0.74,0.637,-0.495,0.658,0.576,0.761,0.09,0.659,0.568,-0.388,0.045,0.665,-0.276,0.065,0.18,0.677,0.554,-0.432,-0.233,0.762,0.115,0.691,0.398,-0.315,0.826,0.6,0.672,0.437,-0.307,-0.088,-0.045,0.274,-0.169,0.001,0.651,0.449,-0.437,0.077,0.456,0.618,0.535,0.427,0.778,0.704,0.691,-0.444,0.697,0.797,0.51,0.709,0.526,0.15,0.741,0.513,0.716,0.747,0.527,0.597,0.223,0.676,0.076,-0.12,-0.592,0.022,0.695,0.628,0.602,0.73
ACGL,0.174,0.579,0.454,0.0,0.272,-0.519,-0.053,-0.112,0.606,0.114,-0.446,0.584,0.025,0.287,-0.482,0.414,0.157,0.363,-0.491,0.631,0.445,0.14,0.733,0.11,0.399,0.16,0.326,-0.281,0.312,0.756,0.432,-0.35,0.676,0.09,-0.642,-0.001,0.675,0.695,-0.149,0.641,0.34,0.305,-0.574,0.722,0.205,0.505,-0.359,0.507,0.208,0.48,-0.611,0.016,-0.071,-0.322,0.319,0.394,-0.626,0.557,-0.225,-0.749,0.013,0.321,-0.688,0.543,0.686,0.878,0.873,0.091,0.333,0.68,0.218,0.668,-0.013,0.319,-0.38,0.578,0.458,-0.666,-0.538,0.879,0.681,-0.738,0.285,-0.732,0.379,-0.535,-0.604,0.591,0.101,0.44,0.531,0.482,0.671,0.71,0.447,0.605,-0.315,0.577,0.397,0.509,0.566,-0.114,0.447,0.115,-0.607,0.0,0.057,0.62,-0.073,0.729,0.466,0.725,-0.319,-0.055,0.195,0.467,0.905,0.314,0.596,0.387,0.458,-0.101,0.272,0.179,0.923,0.333,0.615,-0.524,-0.051,0.524,0.353,-0.1,0.527,0.55,-0.239,0.759,0.186,0.587,0.298,0.794,0.566,-0.522,-0.24,0.693,-0.472,-0.485,0.743,0.438,0.274,-0.473,-0.752,0.508,-0.39,0.445,-0.265,-0.859,0.571,0.555,0.359,0.054,-0.425,-0.148,-0.278,0.878,-0.54,-0.625,0.184,-0.209,0.028,-0.46,0.318,0.813,0.629,0.06,0.376,0.451,0.094,-0.688,0.608,0.501,0.93,0.699,0.701,-0.059,0.662,-0.026,0.769,0.493,0.598,0.513,0.078,0.752,0.302,-0.013,-0.219,-0.121,0.594,0.77,0.267,0.815
ACGLO,0.425,0.857,0.619,0.272,0.0,-0.352,0.823,0.683,0.769,0.577,-0.457,0.491,0.503,0.915,-0.015,0.936,0.327,0.933,-0.434,0.371,-0.473,-0.486,0.075,-0.568,0.067,-0.785,0.807,0.554,0.85,0.542,0.753,0.403,0.778,0.271,0.01,-0.104,0.749,0.776,0.662,0.779,0.842,0.572,-0.444,0.06,0.505,0.862,-0.529,0.905,0.921,0.826,-0.562,0.579,-0.566,0.024,0.876,0.884,-0.154,0.903,0.453,-0.164,0.807,0.958,-0.507,0.779,0.592,0.147,0.406,0.784,0.642,0.817,0.92,-0.319,0.648,0.768,0.404,0.643,0.876,-0.186,-0.588,0.184,0.549,-0.693,-0.422,-0.351,0.938,-0.71,-0.398,0.846,0.588,0.889,0.712,0.869,0.412,0.701,0.117,0.65,-0.026,0.875,0.861,0.775,0.576,0.653,0.871,0.806,0.089,0.747,0.473,0.846,0.519,0.756,0.897,0.633,0.259,0.573,0.951,0.794,0.28,0.848,0.839,0.907,0.84,0.765,0.749,0.719,0.258,0.928,0.871,-0.757,-0.015,0.871,0.798,-0.006,0.913,0.791,-0.764,0.635,0.881,0.741,-0.327,0.701,0.712,-0.687,0.296,0.784,-0.354,-0.01,-0.086,0.912,0.569,-0.568,-0.364,0.88,0.053,0.88,0.057,0.081,0.773,0.754,0.923,0.751,-0.507,-0.401,-0.165,-0.031,-0.3,-0.068,0.958,0.747,-0.856,0.007,0.21,0.453,0.611,0.358,0.91,0.282,0.869,-0.56,0.786,0.836,0.201,0.724,0.597,0.359,0.674,0.822,0.651,0.919,0.632,0.445,0.323,0.581,0.187,-0.361,-0.845,-0.434,0.838,0.762,0.959,0.553
ACIW,-0.099,-0.615,-0.275,-0.519,-0.352,0.0,0.128,0.249,-0.537,0.139,0.738,-0.495,0.35,-0.342,0.712,-0.503,0.129,-0.41,0.8,-0.849,-0.461,0.33,-0.628,0.067,0.29,-0.042,-0.019,0.261,-0.544,-0.201,-0.496,0.321,-0.339,0.311,0.293,0.313,-0.289,-0.508,-0.054,-0.535,-0.323,-0.389,0.767,-0.459,-0.331,-0.397,0.66,-0.519,-0.261,-0.543,0.875,-0.323,0.499,0.632,-0.605,-0.504,0.865,-0.377,0.38,0.768,0.097,-0.427,0.837,-0.667,-0.808,-0.195,-0.731,-0.079,-0.16,-0.605,-0.32,0.024,-0.212,-0.207,0.39,-0.636,-0.608,0.84,0.743,-0.406,-0.616,0.655,0.213,0.545,-0.409,0.752,0.783,-0.708,-0.151,-0.626,-0.77,-0.365,-0.515,-0.664,-0.01,-0.705,0.443,-0.583,-0.259,-0.542,-0.108,0.275,-0.485,-0.059,0.578,-0.105,0.344,-0.617,0.459,-0.586,-0.448,-0.417,0.544,0.26,-0.28,-0.42,-0.584,-0.352,-0.554,-0.457,-0.19,0.016,-0.477,-0.266,-0.452,-0.451,-0.582,0.582,0.506,-0.407,-0.595,0.439,-0.496,-0.622,0.685,-0.665,-0.314,-0.725,0.011,-0.712,-0.748,0.573,0.609,-0.674,0.635,0.806,-0.111,-0.525,0.252,0.853,0.622,-0.419,0.694,-0.476,0.386,0.524,-0.575,-0.672,-0.368,-0.154,0.75,0.793,0.69,-0.513,0.749,0.417,-0.259,0.226,0.272,0.701,-0.411,-0.703,-0.801,0.449,-0.454,-0.133,-0.117,0.822,-0.569,-0.64,-0.493,-0.443,-0.863,-0.222,-0.506,0.038,-0.385,-0.468,-0.789,-0.796,0.532,-0.635,0.234,0.494,0.418,0.4,-0.528,-0.604,-0.289,-0.679
ADBE,0.524,0.565,0.536,-0.053,0.823,0.128,0.0,0.936,0.444,0.75,-0.049,0.256,0.77,0.72,0.378,0.685,0.52,0.807,0.001,-0.057,-0.702,-0.267,-0.255,-0.439,0.264,-0.818,0.81,0.771,0.59,0.4,0.604,0.712,0.595,0.454,0.156,0.093,0.605,0.525,0.616,0.468,0.74,0.416,-0.072,-0.208,0.422,0.733,-0.182,0.647,0.831,0.516,-0.116,0.503,-0.484,0.287,0.581,0.701,0.315,0.731,0.729,0.253,0.857,0.769,-0.036,0.442,0.22,0.013,-0.026,0.783,0.612,0.531,0.809,-0.381,0.662,0.69,0.72,0.374,0.582,0.298,-0.213,-0.052,0.246,-0.3,-0.343,-0.089,0.791,-0.347,-0.073,0.524,0.408,0.605,0.346,0.756,0.081,0.346,0.084,0.344,0.314,0.572,0.775,0.586,0.558,0.889,0.666,0.805,0.438,0.706,0.738,0.552,0.764,0.416,0.723,0.383,0.617,0.743,0.861,0.481,-0.003,0.771,0.563,0.667,0.667,0.87,0.652,0.707,-0.003,0.769,0.611,-0.423,0.374,0.706,0.519,0.349,0.689,0.532,-0.462,0.334,0.818,0.401,-0.25,0.317,0.37,-0.307,0.632,0.434,0.08,0.448,-0.252,0.706,0.673,-0.107,0.029,0.665,0.454,0.652,0.348,0.382,0.514,0.445,0.78,0.619,-0.122,-0.035,0.257,-0.323,0.13,0.162,0.902,0.936,-0.757,0.338,-0.019,0.096,0.212,0.578,0.744,0.315,0.917,-0.147,0.568,0.571,-0.059,0.554,0.153,0.36,0.449,0.883,0.472,0.728,0.236,0.102,0.606,0.307,0.293,-0.056,-0.72,-0.2,0.638,0.431,0.868,0.213
ADSK,0.617,0.407,0.555,-0.112,0.683,0.249,0.936,0.0,0.322,0.724,0.167,0.257,0.85,0.524,0.481,0.498,0.541,0.713,0.19,-0.142,-0.629,0.007,-0.269,-0.217,0.412,-0.65,0.773,0.796,0.436,0.353,0.548,0.767,0.474,0.547,0.131,0.307,0.539,0.412,0.439,0.304,0.678,0.297,0.025,-0.195,0.451,0.633,0.042,0.503,0.681,0.299,0.01,0.363,-0.491,0.393,0.419,0.586,0.442,0.598,0.818,0.319,0.758,0.593,0.167,0.321,0.114,0.064,-0.123,0.711,0.545,0.415,0.741,-0.264,0.648,0.626,0.825,0.339,0.416,0.44,-0.015,-0.038,0.186,-0.092,-0.179,-0.016,0.695,-0.187,-0.036,0.392,0.207,0.44,0.232,0.656,-0.068,0.199,0.116,0.232,0.47,0.416,0.643,0.529,0.609,0.883,0.517,0.755,0.536,0.614,0.762,0.412,0.739,0.294,0.625,0.272,0.689,0.777,0.773,0.272,-0.005,0.717,0.397,0.488,0.491,0.774,0.621,0.653,0.002,0.672,0.508,-0.265,0.498,0.611,0.398,0.593,0.572,0.407,-0.277,0.26,0.712,0.29,-0.049,0.193,0.233,-0.089,0.638,0.277,0.277,0.627,-0.264,0.563,0.679,0.057,0.199,0.538,0.548,0.5,0.57,0.367,0.423,0.286,0.643,0.422,0.058,0.139,0.391,-0.31,0.343,0.206,0.795,0.932,-0.603,0.364,-0.015,0.027,0.08,0.641,0.684,0.498,0.872,0.012,0.509,0.501,-0.032,0.473,0.01,0.333,0.435,0.772,0.428,0.626,0.078,0.076,0.684,0.289,0.32,0.152,-0.595,0.007,0.535,0.328,0.73,0.17
AEP,0.374,0.823,0.47,0.606,0.769,-0.537,0.444,0.322,0.0,0.461,-0.631,0.609,0.176,0.784,-0.29,0.77,0.27,0.749,-0.539,0.541,-0.096,-0.319,0.457,-0.315,0.147,-0.432,0.716,0.216,0.652,0.616,0.602,0.091,0.837,0.369,-0.345,-0.137,0.761,0.881,0.318,0.793,0.7,0.588,-0.496,0.419,0.297,0.781,-0.507,0.802,0.699,0.753,-0.668,0.444,-0.33,-0.098,0.751,0.788,-0.444,0.855,0.14,-0.437,0.559,0.767,-0.669,0.808,0.713,0.446,0.689,0.522,0.588,0.871,0.649,0.088,0.523,0.694,0.159,0.68,0.764,-0.467,-0.65,0.597,0.646,-0.758,-0.206,-0.505,0.809,-0.663,-0.486,0.837,0.414,0.805,0.699,0.754,0.497,0.747,0.444,0.81,-0.112,0.859,0.738,0.723,0.555,0.283,0.793,0.468,-0.176,0.443,0.28,0.849,0.304,0.942,0.783,0.755,-0.019,0.341,0.677,0.772,0.607,0.718,0.768,0.774,0.769,0.465,0.613,0.577,0.567,0.733,0.829,-0.659,-0.153,0.798,0.631,-0.061,0.863,0.753,-0.619,0.755,0.68,0.728,0.039,0.827,0.753,-0.741,0.137,0.844,-0.386,-0.304,0.279,0.815,0.412,-0.622,-0.664,0.779,-0.203,0.805,-0.167,-0.261,0.693,0.743,0.772,0.422,-0.511,-0.345,-0.241,0.417,-0.446,-0.315,0.692,0.359,-0.547,-0.25,0.403,0.664,0.709,0.19,0.755,0.303,0.499,-0.686,0.821,0.746,0.536,0.76,0.718,0.291,0.747,0.53,0.718,0.818,0.742,0.512,0.274,0.758,0.377,-0.353,-0.573,-0.446,0.821,0.921,0.74,0.692
AGIO,0.446,0.417,0.435,0.114,0.577,0.139,0.75,0.724,0.461,0.0,0.075,0.313,0.603,0.548,0.396,0.434,0.619,0.576,0.128,-0.09,-0.421,0.032,-0.058,-0.174,0.506,-0.464,0.714,0.639,0.277,0.421,0.475,0.474,0.59,0.605,-0.08,0.18,0.613,0.498,0.288,0.351,0.582,0.185,-0.145,0.165,0.212,0.618,0.148,0.479,0.63,0.321,0.043,0.205,-0.197,0.333,0.288,0.548,0.294,0.637,0.501,0.173,0.624,0.517,0.04,0.304,0.174,0.217,0.009,0.597,0.594,0.439,0.571,0.02,0.524,0.66,0.632,0.259,0.367,0.319,-0.047,0.258,0.209,-0.252,0.001,-0.15,0.617,-0.135,-0.047,0.394,0.284,0.405,0.22,0.63,0.103,0.184,0.334,0.38,0.381,0.405,0.615,0.476,0.642,0.759,0.516,0.546,0.312,0.457,0.791,0.428,0.668,0.418,0.567,0.426,0.607,0.673,0.618,0.363,0.14,0.589,0.382,0.437,0.487,0.53,0.434,0.444,0.112,0.571,0.491,-0.161,0.438,0.609,0.225,0.507,0.604,0.388,-0.242,0.281,0.604,0.274,0.123,0.321,0.27,-0.185,0.7,0.314,0.304,0.371,-0.012,0.549,0.614,0.063,-0.01,0.48,0.451,0.498,0.35,0.227,0.332,0.266,0.575,0.262,0.147,0.165,0.505,-0.047,0.241,0.143,0.631,0.691,-0.422,0.303,0.017,0.078,0.086,0.709,0.597,0.337,0.608,-0.096,0.495,0.403,0.153,0.553,0.086,0.077,0.462,0.712,0.53,0.585,0.166,0.002,0.667,0.333,0.536,0.114,-0.35,-0.025,0.529,0.426,0.643,0.202
ALEC,-0.108,-0.683,-0.081,-0.446,-0.457,0.738,-0.049,0.167,-0.631,0.075,0.0,-0.19,0.39,-0.494,0.731,-0.578,0.027,-0.47,0.795,-0.617,-0.101,0.676,-0.502,0.234,0.324,0.285,-0.156,0.276,-0.546,-0.169,-0.317,0.188,-0.442,0.096,0.307,0.568,-0.322,-0.549,-0.179,-0.573,-0.384,-0.493,0.521,-0.284,-0.094,-0.446,0.855,-0.538,-0.408,-0.655,0.795,-0.512,0.286,0.548,-0.684,-0.454,0.758,-0.477,0.214,0.636,-0.125,-0.534,0.848,-0.585,-0.723,-0.093,-0.631,-0.067,-0.203,-0.592,-0.302,0.124,-0.291,-0.314,0.274,-0.54,-0.598,0.796,0.832,-0.341,-0.503,0.66,0.482,0.449,-0.475,0.708,0.56,-0.65,-0.241,-0.677,-0.613,-0.431,-0.446,-0.622,-0.198,-0.714,0.447,-0.647,-0.467,-0.449,0.012,0.193,-0.589,-0.065,0.539,-0.063,0.319,-0.654,0.139,-0.667,-0.495,-0.451,0.523,0.189,-0.286,-0.613,-0.404,-0.435,-0.594,-0.56,-0.443,-0.214,-0.409,-0.354,-0.345,-0.472,-0.56,0.601,0.503,-0.398,-0.525,0.574,-0.498,-0.631,0.684,-0.612,-0.4,-0.565,0.224,-0.638,-0.731,0.71,0.316,-0.702,0.611,0.711,-0.126,-0.58,0.073,0.756,0.742,-0.436,0.671,-0.529,0.602,0.286,-0.479,-0.696,-0.464,-0.3,0.799,0.715,0.693,-0.347,0.812,0.512,-0.368,0.085,0.423,0.59,-0.224,-0.539,-0.762,0.366,-0.358,0.105,-0.183,0.781,-0.543,-0.519,-0.323,-0.454,-0.753,-0.277,-0.437,-0.142,-0.382,-0.482,-0.694,-0.529,0.252,-0.551,-0.049,0.608,0.515,0.704,-0.558,-0.594,-0.463,-0.499
ALNY,0.225,0.52,0.696,0.584,0.491,-0.495,0.256,0.257,0.609,0.313,-0.19,0.0,0.379,0.528,0.005,0.575,0.018,0.514,-0.233,0.548,0.207,0.126,0.419,-0.204,0.289,-0.073,0.539,0.277,0.527,0.665,0.592,-0.055,0.634,0.03,-0.219,0.322,0.594,0.666,0.272,0.621,0.447,0.394,-0.622,0.467,0.46,0.525,-0.163,0.648,0.422,0.498,-0.499,0.025,-0.374,0.115,0.47,0.725,-0.277,0.616,-0.021,-0.326,0.282,0.526,-0.444,0.716,0.534,0.579,0.673,0.555,0.611,0.701,0.534,0.223,0.152,0.348,0.015,0.577,0.647,-0.309,-0.264,0.588,0.719,-0.595,0.344,-0.498,0.596,-0.54,-0.54,0.678,0.386,0.541,0.688,0.545,0.531,0.684,0.021,0.559,0.044,0.617,0.356,0.606,0.708,0.23,0.517,0.496,-0.023,0.542,0.345,0.59,-0.075,0.65,0.577,0.698,0.218,0.373,0.581,0.417,0.674,0.42,0.603,0.556,0.474,0.15,0.506,0.341,0.64,0.501,0.666,-0.544,-0.165,0.72,0.601,0.155,0.657,0.475,-0.416,0.59,0.344,0.727,0.166,0.689,0.505,-0.481,-0.027,0.639,-0.396,-0.174,0.378,0.583,0.254,-0.456,-0.441,0.616,0.007,0.559,0.228,-0.45,0.701,0.478,0.551,0.346,-0.182,-0.243,0.005,0.445,-0.166,-0.09,0.475,0.165,-0.358,-0.125,0.66,0.706,0.47,0.214,0.708,0.497,0.38,-0.48,0.604,0.669,0.617,0.575,0.587,0.237,0.634,0.271,0.565,0.624,0.687,0.583,0.031,0.672,-0.037,-0.121,-0.345,0.024,0.591,0.732,0.447,0.745
ALTR,0.417,0.252,0.63,0.025,0.503,0.35,0.77,0.85,0.176,0.603,0.39,0.379,0.0,0.395,0.618,0.398,0.378,0.519,0.33,-0.169,-0.469,0.239,-0.289,-0.19,0.538,-0.429,0.706,0.72,0.344,0.51,0.454,0.553,0.435,0.36,0.157,0.505,0.528,0.336,0.403,0.304,0.504,0.128,0.022,-0.1,0.441,0.463,0.203,0.417,0.506,0.234,0.141,0.05,-0.29,0.512,0.207,0.479,0.519,0.494,0.685,0.324,0.63,0.442,0.241,0.247,-0.026,0.268,-0.055,0.689,0.522,0.329,0.603,-0.002,0.303,0.412,0.582,0.208,0.333,0.472,0.184,0.028,0.241,-0.107,0.168,-0.043,0.502,-0.103,0.031,0.263,0.258,0.261,0.166,0.52,0.057,0.206,0.001,0.02,0.422,0.299,0.472,0.389,0.72,0.808,0.329,0.735,0.518,0.619,0.792,0.282,0.624,0.186,0.466,0.314,0.717,0.752,0.634,0.194,0.066,0.44,0.351,0.391,0.463,0.519,0.4,0.419,0.162,0.465,0.398,-0.264,0.529,0.556,0.346,0.62,0.437,0.236,-0.054,0.179,0.444,0.247,-0.003,0.161,0.049,-0.013,0.575,0.195,0.165,0.684,-0.01,0.381,0.697,0.185,0.192,0.506,0.658,0.376,0.673,0.16,0.414,0.147,0.491,0.433,0.231,0.307,0.5,-0.173,0.417,0.234,0.594,0.754,-0.402,0.507,0.062,0.086,-0.053,0.735,0.548,0.516,0.704,0.113,0.347,0.373,0.1,0.408,-0.065,0.121,0.325,0.594,0.428,0.482,0.039,0.027,0.632,0.188,0.186,0.32,-0.419,0.269,0.389,0.282,0.525,0.198
AMBA,0.301,0.792,0.552,0.287,0.915,-0.342,0.72,0.524,0.784,0.548,-0.494,0.528,0.395,0.0,0.004,0.927,0.228,0.815,-0.444,0.366,-0.441,-0.541,0.052,-0.671,0.033,-0.751,0.791,0.497,0.834,0.548,0.654,0.271,0.811,0.186,0.107,-0.124,0.717,0.796,0.744,0.827,0.754,0.591,-0.399,0.107,0.416,0.78,-0.522,0.884,0.918,0.871,-0.517,0.52,-0.421,0.128,0.845,0.872,-0.165,0.87,0.31,-0.137,0.795,0.941,-0.526,0.809,0.532,0.129,0.436,0.795,0.65,0.788,0.844,-0.284,0.525,0.641,0.283,0.542,0.884,-0.209,-0.568,0.208,0.519,-0.721,-0.387,-0.334,0.854,-0.627,-0.274,0.798,0.716,0.851,0.694,0.816,0.489,0.711,0.119,0.654,-0.12,0.868,0.797,0.711,0.531,0.535,0.866,0.775,0.078,0.774,0.428,0.806,0.461,0.746,0.831,0.712,0.242,0.543,0.87,0.833,0.27,0.69,0.824,0.934,0.888,0.689,0.656,0.63,0.261,0.81,0.801,-0.716,-0.141,0.864,0.755,-0.126,0.875,0.707,-0.76,0.572,0.8,0.719,-0.326,0.689,0.664,-0.742,0.321,0.785,-0.422,-0.099,0.044,0.892,0.529,-0.583,-0.437,0.867,0.084,0.884,-0.095,0.1,0.737,0.729,0.922,0.769,-0.474,-0.37,-0.144,-0.015,-0.354,-0.011,0.87,0.622,-0.807,0.111,0.382,0.469,0.578,0.328,0.818,0.12,0.699,-0.531,0.681,0.734,0.179,0.69,0.582,0.35,0.603,0.842,0.582,0.85,0.68,0.386,0.243,0.509,0.187,-0.533,-0.723,-0.488,0.77,0.729,0.882,0.526
AMCX,-0.096,-0.404,0.088,-0.482,-0.015,0.712,0.378,0.481,-0.29,0.396,0.731,0.005,0.618,0.004,0.0,-0.177,0.016,-0.138,0.808,-0.697,-0.558,0.247,-0.624,-0.242,0.228,-0.243,0.252,0.687,-0.264,-0.011,-0.198,0.373,-0.119,0.247,0.335,0.481,-0.106,-0.271,0.272,-0.336,-0.162,-0.245,0.41,-0.474,-0.173,-0.165,0.664,-0.22,0.025,-0.334,0.721,-0.325,0.224,0.833,-0.363,-0.044,0.918,-0.103,0.487,0.85,0.328,-0.111,0.756,-0.302,-0.672,-0.166,-0.583,0.374,0.182,-0.348,0.017,-0.131,-0.101,-0.01,0.533,-0.458,-0.252,0.861,0.758,-0.355,-0.367,0.43,0.282,0.494,-0.047,0.496,0.609,-0.382,0.179,-0.354,-0.425,-0.132,-0.383,-0.451,-0.272,-0.509,0.655,-0.342,-0.155,-0.299,0.182,0.531,-0.268,0.258,0.82,0.383,0.678,-0.4,0.446,-0.357,-0.179,-0.225,0.833,0.541,0.156,-0.25,-0.468,-0.132,-0.329,-0.161,-0.015,0.182,-0.213,-0.102,-0.403,-0.134,-0.299,0.356,0.355,-0.039,-0.272,0.558,-0.154,-0.45,0.404,-0.539,-0.098,-0.403,-0.108,-0.469,-0.585,0.346,0.73,-0.445,0.468,0.832,-0.212,-0.221,0.27,0.634,0.539,-0.141,0.819,-0.223,0.645,0.562,-0.283,-0.531,-0.079,0.14,0.763,0.544,0.804,-0.585,0.856,0.627,0.09,0.494,-0.13,0.791,-0.056,-0.54,-0.706,0.617,-0.018,-0.025,0.156,0.703,-0.344,-0.301,-0.443,-0.288,-0.672,-0.066,-0.329,0.305,-0.285,-0.168,-0.444,-0.584,0.467,-0.465,-0.023,0.392,0.2,0.344,-0.299,-0.34,0.01,-0.459
AMKR,0.335,0.909,0.675,0.414,0.936,-0.503,0.685,0.498,0.77,0.434,-0.578,0.575,0.398,0.927,-0.177,0.0,0.217,0.899,-0.593,0.549,-0.283,-0.531,0.169,-0.589,0.014,-0.678,0.734,0.396,0.944,0.609,0.79,0.218,0.813,0.048,0.022,-0.153,0.767,0.838,0.698,0.902,0.809,0.619,-0.557,0.197,0.566,0.837,-0.68,0.96,0.905,0.941,-0.704,0.56,-0.574,-0.084,0.919,0.907,-0.346,0.905,0.268,-0.344,0.697,0.977,-0.686,0.879,0.702,0.225,0.58,0.762,0.647,0.888,0.893,-0.245,0.501,0.644,0.151,0.708,0.976,-0.377,-0.711,0.264,0.687,-0.83,-0.368,-0.502,0.895,-0.827,-0.517,0.914,0.65,0.942,0.84,0.881,0.61,0.853,0.05,0.708,-0.233,0.946,0.822,0.815,0.574,0.483,0.901,0.787,-0.09,0.753,0.327,0.913,0.331,0.794,0.896,0.748,0.081,0.471,0.89,0.844,0.418,0.746,0.946,0.971,0.867,0.639,0.752,0.681,0.408,0.896,0.912,-0.893,-0.168,0.901,0.907,-0.178,0.917,0.847,-0.846,0.741,0.811,0.866,-0.343,0.814,0.805,-0.783,0.091,0.896,-0.585,-0.216,0.071,0.941,0.476,-0.718,-0.529,0.93,-0.056,0.928,-0.083,-0.112,0.888,0.854,0.926,0.795,-0.656,-0.515,-0.324,0.12,-0.515,-0.141,0.889,0.551,-0.814,-0.071,0.339,0.641,0.746,0.226,0.879,0.244,0.77,-0.705,0.802,0.877,0.328,0.774,0.756,0.332,0.691,0.728,0.691,0.916,0.781,0.599,0.123,0.651,0.064,-0.496,-0.861,-0.476,0.865,0.816,0.902,0.69
AMRX,0.739,0.389,0.333,0.157,0.327,0.129,0.52,0.541,0.27,0.619,0.027,0.018,0.378,0.228,0.016,0.217,0.0,0.512,-0.147,0.123,-0.138,0.189,0.126,0.292,0.593,-0.233,0.417,0.229,0.16,0.185,0.536,0.548,0.387,0.573,-0.227,0.104,0.489,0.405,-0.128,0.233,0.586,0.253,-0.071,0.186,0.364,0.588,-0.005,0.306,0.429,0.258,-0.111,0.426,-0.32,-0.068,0.24,0.271,-0.007,0.46,0.394,-0.116,0.307,0.32,-0.03,0.128,0.338,0.195,-0.024,0.153,0.253,0.366,0.382,0.095,0.622,0.552,0.56,0.362,0.175,0.138,-0.26,0.278,0.175,-0.116,-0.209,-0.245,0.387,-0.063,-0.226,0.309,-0.197,0.341,0.147,0.554,0.103,0.161,0.59,0.375,0.111,0.307,0.64,0.538,0.42,0.47,0.464,0.271,-0.036,0.011,0.435,0.4,0.482,0.261,0.495,0.224,0.213,0.318,0.306,0.109,0.246,0.607,0.31,0.219,0.215,0.468,0.523,0.521,0.162,0.454,0.404,-0.018,0.672,0.422,0.097,0.42,0.426,0.461,-0.212,0.368,0.594,0.217,0.398,0.244,0.359,0.024,0.362,0.261,0.46,0.163,-0.039,0.423,0.451,-0.007,0.033,0.389,0.14,0.41,0.089,0.014,0.252,0.381,0.418,-0.109,-0.117,0.216,0.176,0.185,-0.019,-0.201,0.418,0.401,-0.051,0.01,-0.07,0.123,0.255,0.283,0.358,0.533,0.486,-0.225,0.5,0.336,0.242,0.567,0.117,0.195,0.486,0.434,0.504,0.472,0.085,0.109,0.558,0.438,0.66,0.115,-0.311,0.004,0.505,0.277,0.411,0.245
ANSS,0.645,0.909,0.708,0.363,0.933,-0.41,0.807,0.713,0.749,0.576,-0.47,0.514,0.519,0.815,-0.138,0.899,0.512,0.0,-0.509,0.499,-0.314,-0.339,0.217,-0.323,0.214,-0.662,0.78,0.47,0.844,0.55,0.876,0.476,0.787,0.32,-0.111,-0.041,0.805,0.835,0.48,0.778,0.924,0.626,-0.493,0.182,0.639,0.941,-0.56,0.905,0.901,0.807,-0.655,0.653,-0.712,-0.115,0.879,0.886,-0.267,0.923,0.48,-0.31,0.714,0.928,-0.545,0.792,0.732,0.246,0.464,0.702,0.633,0.888,0.924,-0.216,0.748,0.773,0.438,0.793,0.87,-0.253,-0.664,0.306,0.65,-0.669,-0.395,-0.481,0.949,-0.743,-0.565,0.9,0.374,0.919,0.768,0.939,0.437,0.748,0.247,0.751,-0.028,0.897,0.911,0.908,0.646,0.62,0.914,0.758,-0.017,0.624,0.443,0.911,0.459,0.766,0.954,0.646,0.176,0.541,0.907,0.7,0.444,0.94,0.871,0.864,0.75,0.763,0.898,0.834,0.385,0.969,0.934,-0.738,0.119,0.905,0.813,0.12,0.931,0.896,-0.789,0.771,0.93,0.808,-0.115,0.751,0.811,-0.604,0.2,0.833,-0.267,-0.049,-0.053,0.95,0.556,-0.597,-0.381,0.894,-0.015,0.896,0.083,-0.065,0.842,0.84,0.925,0.582,-0.584,-0.401,-0.203,0.139,-0.362,-0.208,0.953,0.687,-0.75,-0.132,0.253,0.569,0.722,0.283,0.927,0.497,0.898,-0.657,0.913,0.917,0.36,0.842,0.674,0.445,0.797,0.747,0.76,0.962,0.662,0.591,0.34,0.751,0.263,-0.301,-0.892,-0.387,0.937,0.795,0.939,0.668
APPN,-0.252,-0.724,-0.272,-0.491,-0.434,0.8,0.001,0.19,-0.539,0.128,0.795,-0.233,0.33,-0.444,0.808,-0.593,-0.147,-0.509,0.0,-0.841,-0.291,0.479,-0.52,0.111,0.22,0.165,-0.081,0.323,-0.646,-0.204,-0.565,0.158,-0.415,0.226,0.164,0.465,-0.397,-0.577,-0.099,-0.647,-0.503,-0.509,0.605,-0.402,-0.449,-0.524,0.827,-0.602,-0.425,-0.731,0.895,-0.557,0.471,0.676,-0.72,-0.436,0.9,-0.474,0.283,0.802,-0.052,-0.543,0.894,-0.643,-0.845,-0.113,-0.655,-0.047,-0.093,-0.658,-0.398,0.085,-0.354,-0.29,0.314,-0.662,-0.652,0.818,0.938,-0.318,-0.551,0.704,0.505,0.571,-0.404,0.721,0.693,-0.714,-0.2,-0.719,-0.739,-0.491,-0.604,-0.708,-0.227,-0.694,0.71,-0.694,-0.498,-0.634,-0.065,0.21,-0.637,-0.141,0.667,-0.074,0.416,-0.724,0.232,-0.574,-0.546,-0.456,0.63,0.235,-0.284,-0.574,-0.506,-0.438,-0.676,-0.557,-0.365,-0.172,-0.548,-0.408,-0.399,-0.519,-0.624,0.63,0.382,-0.449,-0.624,0.569,-0.543,-0.738,0.782,-0.707,-0.487,-0.712,0.084,-0.711,-0.83,0.616,0.541,-0.751,0.598,0.81,-0.109,-0.606,0.045,0.883,0.609,-0.559,0.693,-0.623,0.611,0.435,-0.611,-0.825,-0.499,-0.243,0.937,0.669,0.819,-0.459,0.939,0.498,-0.335,0.151,0.262,0.58,-0.273,-0.668,-0.899,0.456,-0.407,-0.11,-0.209,0.88,-0.602,-0.633,-0.415,-0.548,-0.863,-0.251,-0.539,-0.137,-0.469,-0.542,-0.718,-0.722,0.369,-0.628,-0.011,0.657,0.526,0.546,-0.61,-0.574,-0.368,-0.647
APTO,0.312,0.675,0.501,0.631,0.371,-0.849,-0.057,-0.142,0.541,-0.09,-0.617,0.548,-0.169,0.366,-0.697,0.549,0.123,0.499,-0.841,0.0,0.523,-0.14,0.633,0.037,-0.017,0.068,0.129,-0.225,0.63,0.335,0.657,-0.229,0.426,-0.26,-0.242,-0.11,0.478,0.602,0.023,0.67,0.469,0.414,-0.739,0.574,0.591,0.504,-0.634,0.603,0.335,0.656,-0.91,0.345,-0.586,-0.574,0.649,0.513,-0.865,0.465,-0.255,-0.86,-0.052,0.469,-0.808,0.749,0.891,0.33,0.76,0.124,0.176,0.717,0.433,0.106,0.253,0.232,-0.331,0.807,0.667,-0.774,-0.779,0.487,0.723,-0.715,-0.163,-0.615,0.419,-0.732,-0.824,0.759,0.127,0.681,0.843,0.489,0.689,0.785,0.16,0.717,-0.556,0.667,0.384,0.703,0.298,-0.225,0.568,0.212,-0.605,0.135,-0.247,0.716,-0.365,0.588,0.563,0.545,-0.512,-0.108,0.319,0.472,0.7,0.403,0.668,0.509,0.263,0.013,0.596,0.373,0.586,0.498,0.677,-0.63,-0.326,0.524,0.662,-0.298,0.569,0.698,-0.684,0.765,0.413,0.828,0.135,0.786,0.817,-0.535,-0.623,0.76,-0.581,-0.731,0.229,0.592,-0.019,-0.879,-0.56,0.572,-0.636,0.595,-0.302,-0.635,0.728,0.777,0.477,0.14,-0.783,-0.606,-0.696,0.635,-0.785,-0.452,0.3,-0.18,-0.17,-0.608,0.539,0.824,0.902,-0.359,0.507,0.392,0.207,-0.843,0.67,0.74,0.635,0.609,0.911,0.199,0.688,0.05,0.557,0.562,0.807,0.913,-0.419,0.767,-0.107,-0.498,-0.472,-0.285,0.629,0.648,0.293,0.811
ARCT,-0.083,-0.074,-0.026,0.445,-0.473,-0.461,-0.702,-0.629,-0.096,-0.421,-0.101,0.207,-0.469,-0.441,-0.558,-0.283,-0.138,-0.314,-0.291,0.523,0.0,0.421,0.565,0.584,0.089,0.815,-0.471,-0.657,-0.17,-0.016,0.0,-0.562,-0.175,-0.368,-0.325,0.056,-0.13,-0.032,-0.548,-0.015,-0.254,-0.132,-0.344,0.612,0.088,-0.247,-0.016,-0.157,-0.478,-0.126,-0.297,-0.249,0.04,-0.497,-0.212,-0.184,-0.608,-0.262,-0.672,-0.641,-0.732,-0.362,-0.311,-0.007,0.301,0.365,0.444,-0.519,-0.223,0.01,-0.358,0.518,-0.349,-0.302,-0.624,0.145,-0.14,-0.52,-0.154,0.456,0.288,-0.086,0.407,-0.364,-0.369,-0.069,-0.478,0.005,-0.387,-0.145,0.164,-0.218,0.321,0.126,0.11,0.121,-0.349,-0.117,-0.338,-0.003,-0.046,-0.623,-0.189,-0.452,-0.63,-0.487,-0.524,-0.042,-0.745,-0.004,-0.211,0.083,-0.582,-0.528,-0.478,-0.292,0.505,-0.327,-0.064,-0.29,-0.421,-0.671,-0.099,-0.305,0.463,-0.294,-0.063,0.039,-0.25,-0.18,-0.07,-0.164,-0.187,-0.03,0.086,0.235,-0.401,0.147,0.516,0.203,0.179,0.099,-0.712,0.046,-0.198,-0.599,0.422,-0.202,-0.465,-0.191,-0.256,-0.201,-0.523,-0.189,-0.197,-0.73,0.047,0.053,-0.337,-0.508,-0.152,-0.139,-0.308,0.714,-0.383,-0.357,-0.526,-0.77,0.602,-0.532,0.261,0.424,0.252,-0.476,-0.248,0.192,-0.496,-0.318,0.013,-0.021,0.554,0.027,0.323,-0.185,0.107,-0.664,0.074,-0.218,0.222,0.439,-0.576,0.273,-0.135,0.063,0.342,0.261,-0.083,0.063,-0.502,0.343
ARWR,0.183,-0.424,0.085,0.14,-0.486,0.33,-0.267,0.007,-0.319,0.032,0.676,0.126,0.239,-0.541,0.247,-0.531,0.189,-0.339,0.479,-0.14,0.421,0.0,0.119,0.68,0.642,0.654,-0.101,-0.072,-0.485,0.121,-0.122,-0.034,-0.171,0.247,-0.173,0.682,-0.032,-0.209,-0.577,-0.307,-0.2,-0.358,0.198,0.27,0.068,-0.236,0.709,-0.368,-0.466,-0.536,0.369,-0.513,0.144,0.2,-0.567,-0.324,0.247,-0.297,-0.007,0.034,-0.368,-0.517,0.469,-0.315,-0.237,0.439,-0.096,-0.242,-0.135,-0.237,-0.302,0.625,-0.192,-0.204,0.059,-0.131,-0.469,0.305,0.506,0.303,-0.085,0.379,0.692,0.035,-0.351,0.483,0.064,-0.35,-0.48,-0.488,-0.303,-0.238,-0.17,-0.288,0.252,-0.283,0.29,-0.406,-0.322,-0.139,0.285,-0.068,-0.397,-0.2,0.081,-0.34,0.161,-0.347,-0.109,-0.287,-0.29,-0.089,0.207,-0.019,-0.346,-0.551,0.226,-0.259,-0.384,-0.507,-0.433,-0.402,-0.192,-0.251,0.26,-0.385,-0.257,0.458,0.494,-0.192,-0.41,0.638,-0.287,-0.349,0.618,-0.132,-0.35,-0.253,0.75,-0.202,-0.378,0.599,-0.009,-0.362,0.511,0.324,0.315,-0.396,0.098,0.49,0.344,-0.284,0.254,-0.378,0.474,-0.319,-0.212,-0.386,-0.362,-0.595,0.555,0.641,0.472,0.331,0.48,0.038,-0.424,-0.215,0.668,0.097,0.011,-0.016,-0.34,0.217,-0.223,0.541,-0.262,0.368,-0.168,-0.249,0.338,-0.049,-0.335,-0.232,0.026,-0.351,0.048,-0.27,-0.357,-0.082,0.211,-0.004,0.199,0.659,0.486,0.75,-0.24,-0.192,-0.465,0.016
ASND,0.235,0.427,0.168,0.733,0.075,-0.628,-0.255,-0.269,0.457,-0.058,-0.502,0.419,-0.289,0.052,-0.624,0.169,0.126,0.217,-0.52,0.633,0.565,0.119,0.0,0.322,0.163,0.284,-0.015,-0.501,0.13,0.363,0.285,-0.254,0.354,0.108,-0.568,-0.066,0.315,0.455,-0.364,0.362,0.212,0.372,-0.544,0.613,0.119,0.307,-0.372,0.305,-0.024,0.256,-0.607,0.193,-0.118,-0.528,0.272,0.206,-0.728,0.302,-0.381,-0.711,-0.275,0.137,-0.638,0.348,0.705,0.595,0.749,-0.26,0.16,0.476,0.024,0.452,0.125,0.293,-0.318,0.527,0.23,-0.747,-0.525,0.779,0.576,-0.448,0.174,-0.56,0.186,-0.322,-0.65,0.475,-0.198,0.328,0.43,0.237,0.502,0.514,0.473,0.581,-0.256,0.376,0.202,0.377,0.249,-0.291,0.324,-0.186,-0.639,-0.299,-0.235,0.421,-0.363,0.547,0.267,0.437,-0.491,-0.305,-0.014,0.276,0.754,0.285,0.325,0.16,0.097,-0.112,0.264,0.185,0.667,0.159,0.407,-0.269,-0.16,0.265,0.196,-0.176,0.322,0.412,-0.225,0.608,0.092,0.417,0.474,0.598,0.526,-0.36,-0.394,0.486,-0.273,-0.607,0.483,0.292,-0.067,-0.444,-0.653,0.234,-0.61,0.267,-0.358,-0.708,0.329,0.445,0.156,-0.203,-0.406,-0.304,-0.384,0.806,-0.533,-0.617,-0.001,-0.382,0.191,-0.613,0.316,0.636,0.595,-0.34,0.211,0.363,-0.056,-0.656,0.49,0.381,0.73,0.443,0.617,0.229,0.561,-0.236,0.46,0.306,0.507,0.5,-0.132,0.682,0.25,-0.069,-0.017,-0.045,0.432,0.554,0.077,0.64
ASTH,0.338,-0.305,-0.148,0.11,-0.568,0.067,-0.439,-0.217,-0.315,-0.174,0.234,-0.204,-0.19,-0.671,-0.242,-0.589,0.292,-0.323,0.111,0.037,0.584,0.68,0.322,0.0,0.447,0.693,-0.374,-0.41,-0.5,-0.203,-0.131,-0.077,-0.33,0.179,-0.349,0.215,-0.188,-0.26,-0.818,-0.411,-0.177,-0.275,0.139,0.316,-0.009,-0.232,0.363,-0.437,-0.535,-0.5,0.114,-0.201,0.04,-0.262,-0.434,-0.441,-0.137,-0.391,-0.1,-0.255,-0.603,-0.565,0.229,-0.399,0.004,0.234,-0.072,-0.638,-0.354,-0.258,-0.418,0.504,-0.033,-0.182,-0.035,-0.02,-0.518,-0.04,0.171,0.265,-0.115,0.398,0.266,-0.052,-0.422,0.367,-0.121,-0.308,-0.796,-0.405,-0.258,-0.262,-0.208,-0.336,0.391,-0.065,0.085,-0.398,-0.251,-0.119,-0.034,-0.365,-0.316,-0.496,-0.298,-0.715,-0.253,-0.276,-0.293,-0.258,-0.26,-0.224,-0.243,-0.343,-0.553,-0.573,0.214,-0.155,-0.388,-0.601,-0.595,-0.439,-0.085,-0.194,0.177,-0.344,-0.265,0.485,0.319,-0.347,-0.449,0.414,-0.361,-0.193,0.435,0.002,-0.296,-0.278,0.767,-0.194,-0.135,0.562,-0.263,-0.304,0.509,-0.022,0.143,-0.381,-0.164,0.287,0.186,-0.407,-0.255,-0.424,0.11,-0.352,-0.283,-0.199,-0.436,-0.819,0.19,0.34,0.059,0.423,0.112,-0.276,-0.506,-0.429,0.72,-0.326,-0.101,-0.031,-0.096,-0.169,-0.388,0.453,-0.329,0.1,-0.076,-0.238,0.304,-0.065,-0.17,-0.125,0.031,-0.522,0.003,-0.33,-0.327,0.044,0.003,0.096,0.284,0.489,0.411,0.414,-0.188,-0.241,-0.511,-0.017
ATSG,0.549,0.109,0.465,0.399,0.067,0.29,0.264,0.412,0.147,0.506,0.324,0.289,0.538,0.033,0.228,0.014,0.593,0.214,0.22,-0.017,0.089,0.642,0.163,0.447,0.0,0.144,0.485,0.201,-0.038,0.509,0.281,0.209,0.42,0.543,-0.286,0.531,0.543,0.329,-0.246,0.182,0.358,-0.042,-0.003,0.428,0.274,0.346,0.378,0.173,0.15,0.011,0.1,-0.173,-0.018,0.301,-0.076,0.118,0.184,0.305,0.313,-0.085,0.143,0.045,0.168,0.088,0.108,0.605,0.135,0.172,0.267,0.267,0.204,0.619,0.196,0.262,0.312,0.219,0.016,0.238,0.13,0.539,0.232,-0.071,0.438,-0.271,0.199,0.132,-0.106,0.104,-0.148,0.032,0.049,0.364,0.127,0.113,0.547,0.156,0.246,0.149,0.333,0.321,0.719,0.304,0.185,0.251,0.053,0.016,0.51,0.201,0.36,0.21,0.307,0.408,0.374,0.355,0.147,-0.029,0.401,0.255,0.177,0.024,0.187,0.033,0.218,0.152,0.508,0.16,0.277,0.059,0.544,0.367,-0.045,0.674,0.267,0.134,0.197,0.307,0.177,0.108,0.619,0.225,0.062,0.181,0.352,0.144,0.392,0.349,0.432,0.165,0.603,0.26,0.043,0.263,0.285,0.159,0.4,-0.279,0.223,0.117,0.206,-0.204,0.271,0.586,0.45,0.386,0.263,-0.112,0.133,0.207,0.208,0.162,0.084,0.225,0.01,0.593,0.235,0.712,0.249,0.026,0.317,0.175,0.535,0.498,-0.037,-0.111,0.474,0.206,0.574,0.291,-0.057,0.036,0.602,0.398,0.606,0.446,0.032,0.402,0.309,0.264,0.133,0.346
AVTX,-0.253,-0.513,-0.296,0.16,-0.785,-0.042,-0.818,-0.65,-0.432,-0.464,0.285,-0.073,-0.429,-0.751,-0.243,-0.678,-0.233,-0.662,0.165,0.068,0.815,0.654,0.284,0.693,0.144,0.0,-0.63,-0.616,-0.571,-0.231,-0.381,-0.561,-0.483,-0.263,-0.24,0.246,-0.406,-0.401,-0.717,-0.415,-0.563,-0.498,0.024,0.409,-0.198,-0.602,0.399,-0.57,-0.775,-0.551,0.174,-0.576,0.339,-0.236,-0.637,-0.569,-0.191,-0.603,-0.557,-0.286,-0.812,-0.743,0.153,-0.423,-0.168,0.235,0.054,-0.655,-0.44,-0.418,-0.653,0.581,-0.561,-0.566,-0.534,-0.256,-0.557,-0.13,0.32,0.239,-0.082,0.325,0.599,-0.04,-0.678,0.352,-0.057,-0.452,-0.572,-0.569,-0.289,-0.563,-0.047,-0.311,0.047,-0.27,-0.083,-0.542,-0.656,-0.397,-0.203,-0.643,-0.593,-0.638,-0.376,-0.65,-0.46,-0.475,-0.659,-0.372,-0.583,-0.248,-0.391,-0.522,-0.75,-0.617,0.19,-0.64,-0.492,-0.648,-0.683,-0.843,-0.475,-0.611,0.209,-0.648,-0.47,0.428,-0.03,-0.525,-0.469,0.075,-0.574,-0.438,0.536,-0.193,-0.713,-0.3,0.538,-0.232,-0.333,0.48,-0.515,-0.404,0.133,-0.226,0.348,-0.611,-0.476,0.248,0.07,-0.568,-0.232,-0.593,-0.001,-0.497,-0.361,-0.419,-0.694,-0.72,0.283,0.204,0.016,0.479,0.048,-0.153,-0.804,-0.788,0.836,-0.308,0.05,0.014,-0.217,-0.299,-0.587,0.06,-0.732,0.162,-0.389,-0.435,0.304,-0.318,-0.154,-0.404,-0.244,-0.819,-0.211,-0.594,-0.23,0.024,-0.402,-0.123,-0.131,0.377,0.664,0.486,-0.488,-0.319,-0.791,-0.064
BCPC,0.502,0.633,0.662,0.326,0.807,-0.019,0.81,0.773,0.716,0.714,-0.156,0.539,0.706,0.791,0.252,0.734,0.417,0.78,-0.081,0.129,-0.471,-0.101,-0.015,-0.374,0.485,-0.63,0.0,0.66,0.618,0.707,0.583,0.426,0.848,0.53,-0.057,0.242,0.83,0.756,0.512,0.687,0.78,0.418,-0.182,0.156,0.409,0.787,-0.153,0.755,0.818,0.61,-0.269,0.283,-0.354,0.393,0.608,0.766,0.137,0.84,0.561,0.007,0.819,0.764,-0.206,0.672,0.354,0.38,0.322,0.829,0.685,0.73,0.789,0.025,0.558,0.652,0.518,0.499,0.677,0.094,-0.269,0.356,0.451,-0.522,-0.065,-0.285,0.842,-0.416,-0.18,0.641,0.506,0.652,0.505,0.807,0.264,0.546,0.316,0.483,0.189,0.733,0.784,0.67,0.792,0.692,0.708,0.786,0.305,0.72,0.708,0.694,0.681,0.695,0.797,0.699,0.523,0.714,0.847,0.613,0.337,0.716,0.689,0.742,0.831,0.657,0.609,0.613,0.409,0.741,0.749,-0.53,0.209,0.856,0.574,0.364,0.822,0.565,-0.414,0.541,0.728,0.557,-0.018,0.579,0.456,-0.476,0.538,0.629,-0.1,0.295,0.184,0.76,0.785,-0.221,-0.246,0.804,0.353,0.745,0.317,0.048,0.655,0.545,0.823,0.571,-0.14,0.068,0.216,0.038,0.032,0.009,0.827,0.756,-0.65,0.255,0.223,0.412,0.357,0.672,0.815,0.475,0.765,-0.271,0.68,0.656,0.327,0.733,0.332,0.231,0.657,0.803,0.707,0.825,0.413,0.244,0.624,0.541,0.418,-0.1,-0.615,-0.146,0.736,0.703,0.82,0.501
BEAM,0.297,0.175,0.48,-0.281,0.554,0.261,0.771,0.796,0.216,0.639,0.276,0.277,0.72,0.497,0.687,0.396,0.229,0.47,0.323,-0.225,-0.657,-0.072,-0.501,-0.41,0.201,-0.616,0.66,0.0,0.326,0.239,0.331,0.515,0.293,0.31,0.274,0.326,0.378,0.195,0.558,0.147,0.41,0.07,0.063,-0.32,0.256,0.411,0.23,0.33,0.566,0.188,0.154,0.076,-0.362,0.629,0.283,0.496,0.575,0.391,0.744,0.493,0.706,0.448,0.33,0.3,-0.121,-0.146,-0.277,0.778,0.411,0.222,0.593,-0.371,0.397,0.345,0.709,0.153,0.337,0.578,0.221,-0.247,-0.043,-0.05,-0.132,0.256,0.546,-0.097,0.192,0.225,0.428,0.271,0.17,0.412,-0.169,0.018,-0.212,0.058,0.479,0.241,0.353,0.274,0.446,0.708,0.285,0.681,0.716,0.746,0.775,0.218,0.615,0.126,0.429,0.143,0.807,0.777,0.706,0.226,-0.21,0.436,0.216,0.351,0.382,0.56,0.386,0.365,-0.231,0.487,0.302,-0.123,0.228,0.463,0.276,0.566,0.417,0.131,-0.186,-0.021,0.527,0.173,-0.237,0.032,0.009,-0.04,0.617,0.115,0.207,0.608,-0.368,0.38,0.549,0.059,0.343,0.374,0.552,0.323,0.633,0.495,0.263,0.057,0.492,0.46,0.227,0.143,0.437,-0.533,0.489,0.495,0.65,0.849,-0.634,0.509,0.1,-0.132,-0.126,0.653,0.567,0.261,0.665,0.232,0.233,0.345,-0.257,0.206,-0.135,0.132,0.207,0.745,0.153,0.423,-0.002,-0.039,0.444,0.019,0.001,0.035,-0.422,-0.067,0.272,0.138,0.552,-0.039
BILI,0.362,0.838,0.677,0.312,0.85,-0.544,0.59,0.436,0.652,0.277,-0.546,0.527,0.344,0.834,-0.264,0.944,0.16,0.844,-0.646,0.63,-0.17,-0.485,0.13,-0.5,-0.038,-0.571,0.618,0.326,0.0,0.489,0.788,0.211,0.671,-0.091,0.2,-0.093,0.661,0.735,0.682,0.875,0.805,0.587,-0.526,0.204,0.714,0.736,-0.695,0.919,0.835,0.917,-0.742,0.571,-0.684,-0.148,0.932,0.837,-0.402,0.775,0.22,-0.402,0.572,0.918,-0.663,0.869,0.708,0.117,0.538,0.698,0.533,0.83,0.889,-0.32,0.495,0.514,0.087,0.733,0.96,-0.397,-0.717,0.154,0.691,-0.753,-0.399,-0.465,0.793,-0.81,-0.566,0.873,0.582,0.919,0.89,0.808,0.592,0.841,-0.027,0.65,-0.346,0.897,0.738,0.811,0.493,0.374,0.85,0.786,-0.115,0.715,0.162,0.867,0.183,0.663,0.839,0.672,-0.016,0.412,0.828,0.752,0.356,0.66,0.91,0.92,0.74,0.567,0.783,0.663,0.362,0.838,0.859,-0.894,-0.233,0.827,0.972,-0.203,0.831,0.809,-0.87,0.711,0.772,0.895,-0.315,0.756,0.805,-0.678,-0.113,0.843,-0.61,-0.254,-0.004,0.884,0.384,-0.761,-0.428,0.893,-0.12,0.891,-0.036,-0.114,0.905,0.868,0.871,0.76,-0.718,-0.561,-0.442,0.088,-0.562,-0.073,0.805,0.474,-0.74,-0.098,0.365,0.649,0.787,0.098,0.827,0.273,0.73,-0.681,0.744,0.88,0.276,0.705,0.767,0.349,0.664,0.643,0.616,0.852,0.758,0.728,-0.051,0.616,-0.069,-0.567,-0.853,-0.385,0.791,0.713,0.791,0.682
BJRI,0.261,0.589,0.659,0.756,0.542,-0.201,0.4,0.353,0.616,0.421,-0.169,0.665,0.51,0.548,-0.011,0.609,0.185,0.55,-0.204,0.335,-0.016,0.121,0.363,-0.203,0.509,-0.231,0.707,0.239,0.489,0.0,0.514,-0.021,0.817,0.261,-0.268,0.236,0.848,0.718,0.266,0.713,0.53,0.35,-0.362,0.479,0.33,0.645,-0.18,0.681,0.508,0.543,-0.392,0.034,-0.144,0.129,0.424,0.588,-0.166,0.728,0.186,-0.332,0.437,0.558,-0.431,0.617,0.481,0.775,0.665,0.522,0.555,0.722,0.517,0.452,0.139,0.462,0.001,0.524,0.589,-0.254,-0.332,0.654,0.591,-0.69,0.295,-0.574,0.585,-0.46,-0.339,0.608,0.429,0.496,0.525,0.646,0.596,0.682,0.277,0.465,-0.072,0.657,0.553,0.549,0.819,0.369,0.56,0.547,-0.117,0.425,0.452,0.642,0.331,0.706,0.613,0.816,0.181,0.388,0.555,0.607,0.683,0.45,0.674,0.572,0.731,0.25,0.384,0.333,0.766,0.497,0.69,-0.591,0.084,0.726,0.496,0.17,0.67,0.509,-0.244,0.647,0.397,0.59,0.122,0.721,0.446,-0.489,0.171,0.671,-0.384,-0.016,0.616,0.572,0.692,-0.295,-0.512,0.701,0.087,0.578,0.094,-0.489,0.67,0.506,0.606,0.436,-0.204,0.071,0.042,0.477,-0.199,-0.256,0.495,0.283,-0.278,0.02,0.253,0.679,0.437,0.481,0.618,0.528,0.453,-0.443,0.616,0.581,0.703,0.744,0.498,0.013,0.683,0.422,0.795,0.672,0.465,0.351,0.373,0.612,0.307,0.071,-0.376,-0.011,0.653,0.764,0.532,0.708
BLUE,0.633,0.844,0.789,0.432,0.753,-0.496,0.604,0.548,0.602,0.475,-0.317,0.592,0.454,0.654,-0.198,0.79,0.536,0.876,-0.565,0.657,0.0,-0.122,0.285,-0.131,0.281,-0.381,0.583,0.331,0.788,0.514,0.0,0.335,0.667,0.115,-0.11,0.03,0.751,0.783,0.354,0.734,0.817,0.55,-0.61,0.346,0.781,0.849,-0.475,0.833,0.751,0.752,-0.681,0.554,-0.751,-0.214,0.762,0.806,-0.393,0.811,0.299,-0.443,0.477,0.796,-0.556,0.749,0.78,0.309,0.513,0.575,0.556,0.838,0.849,-0.082,0.587,0.655,0.263,0.812,0.818,-0.315,-0.641,0.346,0.7,-0.643,-0.246,-0.606,0.782,-0.718,-0.681,0.856,0.265,0.824,0.797,0.875,0.581,0.756,0.18,0.743,-0.138,0.809,0.761,0.933,0.665,0.475,0.831,0.673,-0.195,0.533,0.33,0.849,0.208,0.65,0.872,0.617,0.037,0.432,0.755,0.54,0.558,0.789,0.834,0.744,0.553,0.523,0.883,0.725,0.462,0.881,0.88,-0.693,0.149,0.839,0.779,0.126,0.839,0.885,-0.762,0.79,0.806,0.859,0.062,0.756,0.827,-0.481,-0.02,0.79,-0.274,-0.179,0.002,0.856,0.392,-0.642,-0.327,0.836,-0.054,0.829,0.067,-0.262,0.869,0.823,0.8,0.407,-0.592,-0.388,-0.249,0.32,-0.426,-0.191,0.774,0.463,-0.513,-0.199,0.389,0.658,0.75,0.164,0.839,0.597,0.756,-0.714,0.874,0.899,0.477,0.824,0.734,0.339,0.791,0.582,0.743,0.864,0.685,0.718,0.136,0.773,0.162,-0.246,-0.75,-0.231,0.875,0.723,0.735,0.758
